"No.","Time","Source","Destination","Protocol","Length","Info"
"17","28.041119554","192.168.1.2","192.168.1.55","TCP","74","49712  >  8004 [SYN] Seq=0 Win=64240 Len=0 MSS=1460 SACK_PERM TSval=3045551892 TSecr=0 WS=1024"
"18","28.041164443","192.168.1.55","192.168.1.2","TCP","74","8004  >  49712 [SYN, ACK] Seq=0 Ack=1 Win=65160 Len=0 MSS=1460 SACK_PERM TSval=2916032121 TSecr=3045551892 WS=128"
"19","28.044645041","192.168.1.2","192.168.1.55","TCP","66","49712  >  8004 [ACK] Seq=1 Ack=1 Win=64512 Len=0 TSval=3045551899 TSecr=2916032121"
"20","28.047874398","192.168.1.2","192.168.1.55","HTTP","209","GET /original_benchmark.png HTTP/1.1 "
"21","28.047894675","192.168.1.55","192.168.1.2","TCP","66","8004  >  49712 [ACK] Seq=1 Ack=144 Win=65024 Len=0 TSval=2916032128 TSecr=3045551899"
"22","28.048419361","192.168.1.55","192.168.1.2","TCP","255","8004  >  49712 [PSH, ACK] Seq=1 Ack=144 Win=65024 Len=189 TSval=2916032129 TSecr=3045551899 [TCP segment of a reassembled PDU]"
"23","28.048515269","192.168.1.55","192.168.1.2","TCP","1514","8004  >  49712 [ACK] Seq=190 Ack=144 Win=65024 Len=1448 TSval=2916032129 TSecr=3045551899 [TCP segment of a reassembled PDU]"
"24","28.048519973","192.168.1.55","192.168.1.2","TCP","1514","8004  >  49712 [ACK] Seq=1638 Ack=144 Win=65024 Len=1448 TSval=2916032129 TSecr=3045551899 [TCP segment of a reassembled PDU]"
"25","28.048521658","192.168.1.55","192.168.1.2","TCP","1514","8004  >  49712 [ACK] Seq=3086 Ack=144 Win=65024 Len=1448 TSval=2916032129 TSecr=3045551899 [TCP segment of a reassembled PDU]"
"26","28.048523139","192.168.1.55","192.168.1.2","TCP","1514","8004  >  49712 [ACK] Seq=4534 Ack=144 Win=65024 Len=1448 TSval=2916032129 TSecr=3045551899 [TCP segment of a reassembled PDU]"
"27","28.048525176","192.168.1.55","192.168.1.2","TCP","1514","8004  >  49712 [PSH, ACK] Seq=5982 Ack=144 Win=65024 Len=1448 TSval=2916032129 TSecr=3045551899 [TCP segment of a reassembled PDU]"
"28","28.048543899","192.168.1.55","192.168.1.2","TCP","1514","8004  >  49712 [ACK] Seq=7430 Ack=144 Win=65024 Len=1448 TSval=2916032129 TSecr=3045551899 [TCP segment of a reassembled PDU]"
"29","28.048546417","192.168.1.55","192.168.1.2","TCP","1514","8004  >  49712 [ACK] Seq=8878 Ack=144 Win=65024 Len=1448 TSval=2916032129 TSecr=3045551899 [TCP segment of a reassembled PDU]"
"30","28.048547880","192.168.1.55","192.168.1.2","TCP","1514","8004  >  49712 [ACK] Seq=10326 Ack=144 Win=65024 Len=1448 TSval=2916032129 TSecr=3045551899 [TCP segment of a reassembled PDU]"
"31","28.048549250","192.168.1.55","192.168.1.2","TCP","1514","8004  >  49712 [PSH, ACK] Seq=11774 Ack=144 Win=65024 Len=1448 TSval=2916032129 TSecr=3045551899 [TCP segment of a reassembled PDU]"
"32","28.052076404","192.168.1.2","192.168.1.55","TCP","66","49712  >  8004 [ACK] Seq=144 Ack=190 Win=64512 Len=0 TSval=3045551906 TSecr=2916032129"
"33","28.052127663","192.168.1.55","192.168.1.2","TCP","1514","8004  >  49712 [ACK] Seq=13222 Ack=144 Win=65024 Len=1448 TSval=2916032132 TSecr=3045551906 [TCP segment of a reassembled PDU]"
"34","28.052137423","192.168.1.55","192.168.1.2","TCP","1514","8004  >  49712 [PSH, ACK] Seq=14670 Ack=144 Win=65024 Len=1448 TSval=2916032132 TSecr=3045551906 [TCP segment of a reassembled PDU]"
"35","28.052253978","192.168.1.2","192.168.1.55","TCP","66","49712  >  8004 [ACK] Seq=144 Ack=3086 Win=70656 Len=0 TSval=3045551906 TSecr=2916032129"
"36","28.052285201","192.168.1.2","192.168.1.55","TCP","66","49712  >  8004 [ACK] Seq=144 Ack=7430 Win=79872 Len=0 TSval=3045551907 TSecr=2916032129"
"37","28.052333571","192.168.1.55","192.168.1.2","TCP","1514","8004  >  49712 [ACK] Seq=16118 Ack=144 Win=65024 Len=1448 TSval=2916032132 TSecr=3045551907 [TCP segment of a reassembled PDU]"
"38","28.052336497","192.168.1.55","192.168.1.2","TCP","1514","8004  >  49712 [ACK] Seq=17566 Ack=144 Win=65024 Len=1448 TSval=2916032132 TSecr=3045551907 [TCP segment of a reassembled PDU]"
"39","28.052338182","192.168.1.55","192.168.1.2","TCP","1514","8004  >  49712 [ACK] Seq=19014 Ack=144 Win=65024 Len=1448 TSval=2916032132 TSecr=3045551907 [TCP segment of a reassembled PDU]"
"40","28.052339608","192.168.1.55","192.168.1.2","TCP","1514","8004  >  49712 [ACK] Seq=20462 Ack=144 Win=65024 Len=1448 TSval=2916032132 TSecr=3045551907 [TCP segment of a reassembled PDU]"
"41","28.052340886","192.168.1.55","192.168.1.2","TCP","1514","8004  >  49712 [ACK] Seq=21910 Ack=144 Win=65024 Len=1448 TSval=2916032132 TSecr=3045551907 [TCP segment of a reassembled PDU]"
"42","28.052342201","192.168.1.55","192.168.1.2","TCP","1514","8004  >  49712 [ACK] Seq=23358 Ack=144 Win=65024 Len=1448 TSval=2916032132 TSecr=3045551907 [TCP segment of a reassembled PDU]"
"43","28.052343571","192.168.1.55","192.168.1.2","TCP","1514","8004  >  49712 [ACK] Seq=24806 Ack=144 Win=65024 Len=1448 TSval=2916032132 TSecr=3045551907 [TCP segment of a reassembled PDU]"
"44","28.052344905","192.168.1.55","192.168.1.2","TCP","1514","8004  >  49712 [PSH, ACK] Seq=26254 Ack=144 Win=65024 Len=1448 TSval=2916032132 TSecr=3045551907 [TCP segment of a reassembled PDU]"
"45","28.052354719","192.168.1.2","192.168.1.55","TCP","66","49712  >  8004 [ACK] Seq=144 Ack=13222 Win=81920 Len=0 TSval=3045551907 TSecr=2916032129"
"46","28.052383627","192.168.1.55","192.168.1.2","TCP","1514","8004  >  49712 [ACK] Seq=27702 Ack=144 Win=65024 Len=1448 TSval=2916032133 TSecr=3045551907 [TCP segment of a reassembled PDU]"
"47","28.052385608","192.168.1.55","192.168.1.2","TCP","1514","8004  >  49712 [ACK] Seq=29150 Ack=144 Win=65024 Len=1448 TSval=2916032133 TSecr=3045551907 [TCP segment of a reassembled PDU]"
"48","28.052387071","192.168.1.55","192.168.1.2","TCP","1514","8004  >  49712 [ACK] Seq=30598 Ack=144 Win=65024 Len=1448 TSval=2916032133 TSecr=3045551907 [TCP segment of a reassembled PDU]"
"49","28.052388775","192.168.1.55","192.168.1.2","TCP","1514","8004  >  49712 [ACK] Seq=32046 Ack=144 Win=65024 Len=1448 TSval=2916032133 TSecr=3045551907 [TCP segment of a reassembled PDU]"
"50","28.052390405","192.168.1.55","192.168.1.2","TCP","1514","8004  >  49712 [ACK] Seq=33494 Ack=144 Win=65024 Len=1448 TSval=2916032133 TSecr=3045551907 [TCP segment of a reassembled PDU]"
"51","28.052391756","192.168.1.55","192.168.1.2","TCP","1514","8004  >  49712 [ACK] Seq=34942 Ack=144 Win=65024 Len=1448 TSval=2916032133 TSecr=3045551907 [TCP segment of a reassembled PDU]"
"52","28.052393108","192.168.1.55","192.168.1.2","TCP","1514","8004  >  49712 [ACK] Seq=36390 Ack=144 Win=65024 Len=1448 TSval=2916032133 TSecr=3045551907 [TCP segment of a reassembled PDU]"
"53","28.052394497","192.168.1.55","192.168.1.2","TCP","1514","8004  >  49712 [ACK] Seq=37838 Ack=144 Win=65024 Len=1448 TSval=2916032133 TSecr=3045551907 [TCP segment of a reassembled PDU]"
"54","28.052395849","192.168.1.55","192.168.1.2","TCP","1514","8004  >  49712 [ACK] Seq=39286 Ack=144 Win=65024 Len=1448 TSval=2916032133 TSecr=3045551907 [TCP segment of a reassembled PDU]"
"55","28.052397479","192.168.1.55","192.168.1.2","TCP","1514","8004  >  49712 [PSH, ACK] Seq=40734 Ack=144 Win=65024 Len=1448 TSval=2916032133 TSecr=3045551907 [TCP segment of a reassembled PDU]"
"56","28.057783746","192.168.1.2","192.168.1.55","TCP","66","49712  >  8004 [ACK] Seq=144 Ack=16118 Win=88064 Len=0 TSval=3045551912 TSecr=2916032132"
"57","28.057805450","192.168.1.55","192.168.1.2","TCP","1514","8004  >  49712 [ACK] Seq=42182 Ack=144 Win=65024 Len=1448 TSval=2916032138 TSecr=3045551912 [TCP segment of a reassembled PDU]"
"58","28.057808913","192.168.1.55","192.168.1.2","TCP","1514","8004  >  49712 [PSH, ACK] Seq=43630 Ack=144 Win=65024 Len=1448 TSval=2916032138 TSecr=3045551912 [TCP segment of a reassembled PDU]"
"59","28.057888839","192.168.1.2","192.168.1.55","TCP","66","49712  >  8004 [ACK] Seq=144 Ack=27702 Win=81920 Len=0 TSval=3045551912 TSecr=2916032132"
"60","28.057920876","192.168.1.55","192.168.1.2","TCP","1514","8004  >  49712 [ACK] Seq=45078 Ack=144 Win=65024 Len=1448 TSval=2916032138 TSecr=3045551912 [TCP segment of a reassembled PDU]"
"61","28.057923765","192.168.1.55","192.168.1.2","TCP","1514","8004  >  49712 [ACK] Seq=46526 Ack=144 Win=65024 Len=1448 TSval=2916032138 TSecr=3045551912 [TCP segment of a reassembled PDU]"
"62","28.057925432","192.168.1.55","192.168.1.2","TCP","1514","8004  >  49712 [ACK] Seq=47974 Ack=144 Win=65024 Len=1448 TSval=2916032138 TSecr=3045551912 [TCP segment of a reassembled PDU]"
"63","28.057926802","192.168.1.55","192.168.1.2","TCP","1514","8004  >  49712 [ACK] Seq=49422 Ack=144 Win=65024 Len=1448 TSval=2916032138 TSecr=3045551912 [TCP segment of a reassembled PDU]"
"64","28.057928561","192.168.1.55","192.168.1.2","TCP","1514","8004  >  49712 [ACK] Seq=50870 Ack=144 Win=65024 Len=1448 TSval=2916032138 TSecr=3045551912 [TCP segment of a reassembled PDU]"
"65","28.057929876","192.168.1.55","192.168.1.2","TCP","1514","8004  >  49712 [ACK] Seq=52318 Ack=144 Win=65024 Len=1448 TSval=2916032138 TSecr=3045551912 [TCP segment of a reassembled PDU]"
"66","28.057931265","192.168.1.55","192.168.1.2","TCP","1514","8004  >  49712 [ACK] Seq=53766 Ack=144 Win=65024 Len=1448 TSval=2916032138 TSecr=3045551912 [TCP segment of a reassembled PDU]"
"67","28.057932691","192.168.1.55","192.168.1.2","TCP","1514","8004  >  49712 [ACK] Seq=55214 Ack=144 Win=65024 Len=1448 TSval=2916032138 TSecr=3045551912 [TCP segment of a reassembled PDU]"
"68","28.057934358","192.168.1.55","192.168.1.2","TCP","1514","8004  >  49712 [ACK] Seq=56662 Ack=144 Win=65024 Len=1448 TSval=2916032138 TSecr=3045551912 [TCP segment of a reassembled PDU]"
"69","28.057936061","192.168.1.55","192.168.1.2","TCP","1514","8004  >  49712 [ACK] Seq=58110 Ack=144 Win=65024 Len=1448 TSval=2916032138 TSecr=3045551912 [TCP segment of a reassembled PDU]"
"70","28.057938191","192.168.1.55","192.168.1.2","TCP","1514","8004  >  49712 [ACK] Seq=59558 Ack=144 Win=65024 Len=1448 TSval=2916032138 TSecr=3045551912 [TCP segment of a reassembled PDU]"
"71","28.057939691","192.168.1.55","192.168.1.2","TCP","1514","8004  >  49712 [ACK] Seq=61006 Ack=144 Win=65024 Len=1448 TSval=2916032138 TSecr=3045551912 [TCP segment of a reassembled PDU]"
"72","28.057941284","192.168.1.55","192.168.1.2","TCP","1514","8004  >  49712 [ACK] Seq=62454 Ack=144 Win=65024 Len=1448 TSval=2916032138 TSecr=3045551912 [TCP segment of a reassembled PDU]"
"73","28.057942821","192.168.1.55","192.168.1.2","TCP","1514","8004  >  49712 [ACK] Seq=63902 Ack=144 Win=65024 Len=1448 TSval=2916032138 TSecr=3045551912 [TCP segment of a reassembled PDU]"
"74","28.057944302","192.168.1.55","192.168.1.2","TCP","1514","8004  >  49712 [PSH, ACK] Seq=65350 Ack=144 Win=65024 Len=1448 TSval=2916032138 TSecr=3045551912 [TCP segment of a reassembled PDU]"
"75","28.057950228","192.168.1.2","192.168.1.55","TCP","66","49712  >  8004 [ACK] Seq=144 Ack=42182 Win=68608 Len=0 TSval=3045551912 TSecr=2916032133"
"76","28.057970802","192.168.1.55","192.168.1.2","TCP","1514","8004  >  49712 [ACK] Seq=66798 Ack=144 Win=65024 Len=1448 TSval=2916032138 TSecr=3045551912 [TCP segment of a reassembled PDU]"
"77","28.057973543","192.168.1.55","192.168.1.2","TCP","1514","8004  >  49712 [ACK] Seq=68246 Ack=144 Win=65024 Len=1448 TSval=2916032138 TSecr=3045551912 [TCP segment of a reassembled PDU]"
"78","28.057974969","192.168.1.55","192.168.1.2","TCP","1514","8004  >  49712 [ACK] Seq=69694 Ack=144 Win=65024 Len=1448 TSval=2916032138 TSecr=3045551912 [TCP segment of a reassembled PDU]"
"79","28.057976358","192.168.1.55","192.168.1.2","TCP","1514","8004  >  49712 [ACK] Seq=71142 Ack=144 Win=65024 Len=1448 TSval=2916032138 TSecr=3045551912 [TCP segment of a reassembled PDU]"
"80","28.057977895","192.168.1.55","192.168.1.2","TCP","1514","8004  >  49712 [ACK] Seq=72590 Ack=144 Win=65024 Len=1448 TSval=2916032138 TSecr=3045551912 [TCP segment of a reassembled PDU]"
"81","28.057979339","192.168.1.55","192.168.1.2","TCP","1514","8004  >  49712 [ACK] Seq=74038 Ack=144 Win=65024 Len=1448 TSval=2916032138 TSecr=3045551912 [TCP segment of a reassembled PDU]"
"82","28.057980876","192.168.1.55","192.168.1.2","TCP","1514","8004  >  49712 [PSH, ACK] Seq=75486 Ack=144 Win=65024 Len=1448 TSval=2916032138 TSecr=3045551912 [TCP segment of a reassembled PDU]"
"83","28.058035969","192.168.1.55","192.168.1.2","TCP","1514","8004  >  49712 [ACK] Seq=76934 Ack=144 Win=65024 Len=1448 TSval=2916032138 TSecr=3045551912 [TCP segment of a reassembled PDU]"
"84","28.058038321","192.168.1.55","192.168.1.2","TCP","1514","8004  >  49712 [ACK] Seq=78382 Ack=144 Win=65024 Len=1448 TSval=2916032138 TSecr=3045551912 [TCP segment of a reassembled PDU]"
"85","28.058042136","192.168.1.55","192.168.1.2","TCP","1514","8004  >  49712 [ACK] Seq=79830 Ack=144 Win=65024 Len=1448 TSval=2916032138 TSecr=3045551912 [TCP segment of a reassembled PDU]"
"86","28.058043839","192.168.1.55","192.168.1.2","TCP","1514","8004  >  49712 [ACK] Seq=81278 Ack=144 Win=65024 Len=1448 TSval=2916032138 TSecr=3045551912 [TCP segment of a reassembled PDU]"
"87","28.058045376","192.168.1.55","192.168.1.2","TCP","1514","8004  >  49712 [ACK] Seq=82726 Ack=144 Win=65024 Len=1448 TSval=2916032138 TSecr=3045551912 [TCP segment of a reassembled PDU]"
"88","28.058047173","192.168.1.55","192.168.1.2","TCP","1514","8004  >  49712 [ACK] Seq=84174 Ack=144 Win=65024 Len=1448 TSval=2916032138 TSecr=3045551912 [TCP segment of a reassembled PDU]"
"89","28.058048636","192.168.1.55","192.168.1.2","TCP","1514","8004  >  49712 [ACK] Seq=85622 Ack=144 Win=65024 Len=1448 TSval=2916032138 TSecr=3045551912 [TCP segment of a reassembled PDU]"
"90","28.058050228","192.168.1.55","192.168.1.2","TCP","1514","8004  >  49712 [ACK] Seq=87070 Ack=144 Win=65024 Len=1448 TSval=2916032138 TSecr=3045551912 [TCP segment of a reassembled PDU]"
"91","28.058051728","192.168.1.55","192.168.1.2","TCP","1514","8004  >  49712 [ACK] Seq=88518 Ack=144 Win=65024 Len=1448 TSval=2916032138 TSecr=3045551912 [TCP segment of a reassembled PDU]"
"92","28.058053080","192.168.1.55","192.168.1.2","TCP","1514","8004  >  49712 [ACK] Seq=89966 Ack=144 Win=65024 Len=1448 TSval=2916032138 TSecr=3045551912 [TCP segment of a reassembled PDU]"
"93","28.058054710","192.168.1.55","192.168.1.2","TCP","1514","8004  >  49712 [ACK] Seq=91414 Ack=144 Win=65024 Len=1448 TSval=2916032138 TSecr=3045551912 [TCP segment of a reassembled PDU]"
"94","28.058056043","192.168.1.55","192.168.1.2","TCP","1514","8004  >  49712 [ACK] Seq=92862 Ack=144 Win=65024 Len=1448 TSval=2916032138 TSecr=3045551912 [TCP segment of a reassembled PDU]"
"95","28.058057413","192.168.1.55","192.168.1.2","TCP","1514","8004  >  49712 [ACK] Seq=94310 Ack=144 Win=65024 Len=1448 TSval=2916032138 TSecr=3045551912 [TCP segment of a reassembled PDU]"
"96","28.058058932","192.168.1.55","192.168.1.2","TCP","1514","8004  >  49712 [ACK] Seq=95758 Ack=144 Win=65024 Len=1448 TSval=2916032138 TSecr=3045551912 [TCP segment of a reassembled PDU]"
"97","28.058060580","192.168.1.55","192.168.1.2","TCP","1514","8004  >  49712 [ACK] Seq=97206 Ack=144 Win=65024 Len=1448 TSval=2916032138 TSecr=3045551912 [TCP segment of a reassembled PDU]"
"98","28.058062099","192.168.1.55","192.168.1.2","TCP","1514","8004  >  49712 [PSH, ACK] Seq=98654 Ack=144 Win=65024 Len=1448 TSval=2916032138 TSecr=3045551912 [TCP segment of a reassembled PDU]"
"99","28.062843532","192.168.1.2","192.168.1.55","TCP","66","49712  >  8004 [ACK] Seq=144 Ack=45078 Win=88064 Len=0 TSval=3045551917 TSecr=2916032138"
"100","28.062916588","192.168.1.55","192.168.1.2","TCP","1514","8004  >  49712 [ACK] Seq=100102 Ack=144 Win=65024 Len=1448 TSval=2916032143 TSecr=3045551917 [TCP segment of a reassembled PDU]"
"101","28.062923421","192.168.1.55","192.168.1.2","TCP","1514","8004  >  49712 [ACK] Seq=101550 Ack=144 Win=65024 Len=1448 TSval=2916032143 TSecr=3045551917 [TCP segment of a reassembled PDU]"
"102","28.062924662","192.168.1.55","192.168.1.2","TCP","1514","8004  >  49712 [ACK] Seq=102998 Ack=144 Win=65024 Len=1448 TSval=2916032143 TSecr=3045551917 [TCP segment of a reassembled PDU]"
"103","28.062926032","192.168.1.55","192.168.1.2","TCP","1514","8004  >  49712 [PSH, ACK] Seq=104446 Ack=144 Win=65024 Len=1448 TSval=2916032143 TSecr=3045551917 [TCP segment of a reassembled PDU]"
"104","28.062958273","192.168.1.2","192.168.1.55","TCP","66","49712  >  8004 [ACK] Seq=144 Ack=66798 Win=72704 Len=0 TSval=3045551917 TSecr=2916032138"
"105","28.062986088","192.168.1.55","192.168.1.2","TCP","1514","8004  >  49712 [ACK] Seq=105894 Ack=144 Win=65024 Len=1448 TSval=2916032143 TSecr=3045551917 [TCP segment of a reassembled PDU]"
"106","28.062988828","192.168.1.55","192.168.1.2","TCP","1514","8004  >  49712 [ACK] Seq=107342 Ack=144 Win=65024 Len=1448 TSval=2916032143 TSecr=3045551917 [TCP segment of a reassembled PDU]"
"107","28.062990366","192.168.1.55","192.168.1.2","TCP","1514","8004  >  49712 [ACK] Seq=108790 Ack=144 Win=65024 Len=1448 TSval=2916032143 TSecr=3045551917 [TCP segment of a reassembled PDU]"
"108","28.062991828","192.168.1.55","192.168.1.2","TCP","1514","8004  >  49712 [ACK] Seq=110238 Ack=144 Win=65024 Len=1448 TSval=2916032143 TSecr=3045551917 [TCP segment of a reassembled PDU]"
"109","28.062993273","192.168.1.55","192.168.1.2","TCP","1514","8004  >  49712 [ACK] Seq=111686 Ack=144 Win=65024 Len=1448 TSval=2916032143 TSecr=3045551917 [TCP segment of a reassembled PDU]"
"110","28.062995254","192.168.1.55","192.168.1.2","TCP","1514","8004  >  49712 [ACK] Seq=113134 Ack=144 Win=65024 Len=1448 TSval=2916032143 TSecr=3045551917 [TCP segment of a reassembled PDU]"
"111","28.062996866","192.168.1.55","192.168.1.2","TCP","1514","8004  >  49712 [ACK] Seq=114582 Ack=144 Win=65024 Len=1448 TSval=2916032143 TSecr=3045551917 [TCP segment of a reassembled PDU]"
"112","28.062997995","192.168.1.55","192.168.1.2","TCP","1514","8004  >  49712 [ACK] Seq=116030 Ack=144 Win=65024 Len=1448 TSval=2916032143 TSecr=3045551917 [TCP segment of a reassembled PDU]"
"113","28.062999458","192.168.1.55","192.168.1.2","TCP","1514","8004  >  49712 [ACK] Seq=117478 Ack=144 Win=65024 Len=1448 TSval=2916032143 TSecr=3045551917 [TCP segment of a reassembled PDU]"
"114","28.063001125","192.168.1.55","192.168.1.2","TCP","1514","8004  >  49712 [PSH, ACK] Seq=118926 Ack=144 Win=65024 Len=1448 TSval=2916032143 TSecr=3045551917 [TCP segment of a reassembled PDU]"
"115","28.064962406","192.168.1.2","192.168.1.55","TCP","66","49712  >  8004 [ACK] Seq=144 Ack=76934 Win=63488 Len=0 TSval=3045551917 TSecr=2916032138"
"116","28.065032721","192.168.1.55","192.168.1.2","TCP","1514","8004  >  49712 [ACK] Seq=120374 Ack=144 Win=65024 Len=1448 TSval=2916032145 TSecr=3045551917 [TCP segment of a reassembled PDU]"
"117","28.065037739","192.168.1.55","192.168.1.2","TCP","1514","8004  >  49712 [ACK] Seq=121822 Ack=144 Win=65024 Len=1448 TSval=2916032145 TSecr=3045551917 [TCP segment of a reassembled PDU]"
"118","28.065038906","192.168.1.55","192.168.1.2","TCP","1514","8004  >  49712 [ACK] Seq=123270 Ack=144 Win=65024 Len=1448 TSval=2916032145 TSecr=3045551917 [TCP segment of a reassembled PDU]"
"119","28.065040498","192.168.1.55","192.168.1.2","TCP","1514","8004  >  49712 [ACK] Seq=124718 Ack=144 Win=65024 Len=1448 TSval=2916032145 TSecr=3045551917 [TCP segment of a reassembled PDU]"
"120","28.065041813","192.168.1.55","192.168.1.2","TCP","1514","8004  >  49712 [ACK] Seq=126166 Ack=144 Win=65024 Len=1448 TSval=2916032145 TSecr=3045551917 [TCP segment of a reassembled PDU]"
"121","28.065043609","192.168.1.55","192.168.1.2","TCP","1514","8004  >  49712 [ACK] Seq=127614 Ack=144 Win=65024 Len=1448 TSval=2916032145 TSecr=3045551917 [TCP segment of a reassembled PDU]"
"122","28.065044628","192.168.1.55","192.168.1.2","TCP","1514","8004  >  49712 [ACK] Seq=129062 Ack=144 Win=65024 Len=1448 TSval=2916032145 TSecr=3045551917 [TCP segment of a reassembled PDU]"
"123","28.065045906","192.168.1.55","192.168.1.2","TCP","1514","8004  >  49712 [ACK] Seq=130510 Ack=144 Win=65024 Len=1448 TSval=2916032145 TSecr=3045551917 [TCP segment of a reassembled PDU]"
"124","28.065048443","192.168.1.55","192.168.1.2","TCP","1514","8004  >  49712 [ACK] Seq=131958 Ack=144 Win=65024 Len=1448 TSval=2916032145 TSecr=3045551917 [TCP segment of a reassembled PDU]"
"125","28.065049887","192.168.1.55","192.168.1.2","TCP","1514","8004  >  49712 [ACK] Seq=133406 Ack=144 Win=65024 Len=1448 TSval=2916032145 TSecr=3045551917 [TCP segment of a reassembled PDU]"
"126","28.065051443","192.168.1.55","192.168.1.2","TCP","1514","8004  >  49712 [ACK] Seq=134854 Ack=144 Win=65024 Len=1448 TSval=2916032145 TSecr=3045551917 [TCP segment of a reassembled PDU]"
"127","28.065052795","192.168.1.55","192.168.1.2","TCP","1514","8004  >  49712 [ACK] Seq=136302 Ack=144 Win=65024 Len=1448 TSval=2916032145 TSecr=3045551917 [TCP segment of a reassembled PDU]"
"128","28.065054184","192.168.1.55","192.168.1.2","TCP","1514","8004  >  49712 [ACK] Seq=137750 Ack=144 Win=65024 Len=1448 TSval=2916032145 TSecr=3045551917 [TCP segment of a reassembled PDU]"
"129","28.065055480","192.168.1.55","192.168.1.2","TCP","1290","[TCP Window Full] 8004  >  49712 [PSH, ACK] Seq=139198 Ack=144 Win=65024 Len=1224 TSval=2916032145 TSecr=3045551917 [TCP segment of a reassembled PDU]"
"130","28.065111887","192.168.1.2","192.168.1.55","TCP","66","49712  >  8004 [ACK] Seq=144 Ack=91414 Win=68608 Len=0 TSval=3045551917 TSecr=2916032138"
"131","28.065120498","192.168.1.2","192.168.1.55","TCP","66","49712  >  8004 [ACK] Seq=144 Ack=100102 Win=80896 Len=0 TSval=3045551919 TSecr=2916032138"
"132","28.065160406","192.168.1.55","192.168.1.2","TCP","1514","8004  >  49712 [ACK] Seq=140422 Ack=144 Win=65024 Len=1448 TSval=2916032145 TSecr=3045551919 [TCP segment of a reassembled PDU]"
"133","28.065163276","192.168.1.55","192.168.1.2","TCP","1514","8004  >  49712 [ACK] Seq=141870 Ack=144 Win=65024 Len=1448 TSval=2916032145 TSecr=3045551919 [TCP segment of a reassembled PDU]"
"134","28.065164795","192.168.1.55","192.168.1.2","TCP","1514","8004  >  49712 [ACK] Seq=143318 Ack=144 Win=65024 Len=1448 TSval=2916032145 TSecr=3045551919 [TCP segment of a reassembled PDU]"
"135","28.065166147","192.168.1.55","192.168.1.2","TCP","1514","8004  >  49712 [ACK] Seq=144766 Ack=144 Win=65024 Len=1448 TSval=2916032145 TSecr=3045551919 [TCP segment of a reassembled PDU]"
"136","28.065168887","192.168.1.55","192.168.1.2","TCP","1514","8004  >  49712 [ACK] Seq=146214 Ack=144 Win=65024 Len=1448 TSval=2916032145 TSecr=3045551919 [TCP segment of a reassembled PDU]"
"137","28.065170443","192.168.1.55","192.168.1.2","TCP","1514","8004  >  49712 [ACK] Seq=147662 Ack=144 Win=65024 Len=1448 TSval=2916032145 TSecr=3045551919 [TCP segment of a reassembled PDU]"
"138","28.065172036","192.168.1.55","192.168.1.2","TCP","1514","8004  >  49712 [ACK] Seq=149110 Ack=144 Win=65024 Len=1448 TSval=2916032145 TSecr=3045551919 [TCP segment of a reassembled PDU]"
"139","28.065173591","192.168.1.55","192.168.1.2","TCP","1514","8004  >  49712 [ACK] Seq=150558 Ack=144 Win=65024 Len=1448 TSval=2916032145 TSecr=3045551919 [TCP segment of a reassembled PDU]"
"140","28.065175332","192.168.1.55","192.168.1.2","TCP","1514","8004  >  49712 [ACK] Seq=152006 Ack=144 Win=65024 Len=1448 TSval=2916032145 TSecr=3045551919 [TCP segment of a reassembled PDU]"
"141","28.065176869","192.168.1.55","192.168.1.2","TCP","1514","8004  >  49712 [ACK] Seq=153454 Ack=144 Win=65024 Len=1448 TSval=2916032145 TSecr=3045551919 [TCP segment of a reassembled PDU]"
"142","28.065178424","192.168.1.55","192.168.1.2","TCP","1514","8004  >  49712 [ACK] Seq=154902 Ack=144 Win=65024 Len=1448 TSval=2916032145 TSecr=3045551919 [TCP segment of a reassembled PDU]"
"143","28.065179906","192.168.1.55","192.168.1.2","TCP","1514","8004  >  49712 [ACK] Seq=156350 Ack=144 Win=65024 Len=1448 TSval=2916032145 TSecr=3045551919 [TCP segment of a reassembled PDU]"
"144","28.065182628","192.168.1.55","192.168.1.2","TCP","1514","8004  >  49712 [ACK] Seq=157798 Ack=144 Win=65024 Len=1448 TSval=2916032145 TSecr=3045551919 [TCP segment of a reassembled PDU]"
"145","28.065184017","192.168.1.55","192.168.1.2","TCP","1514","8004  >  49712 [ACK] Seq=159246 Ack=144 Win=65024 Len=1448 TSval=2916032145 TSecr=3045551919 [TCP segment of a reassembled PDU]"
"146","28.065185276","192.168.1.55","192.168.1.2","TCP","1514","8004  >  49712 [ACK] Seq=160694 Ack=144 Win=65024 Len=1448 TSval=2916032145 TSecr=3045551919 [TCP segment of a reassembled PDU]"
"147","28.065186869","192.168.1.55","192.168.1.2","TCP","1514","8004  >  49712 [PSH, ACK] Seq=162142 Ack=144 Win=65024 Len=1448 TSval=2916032145 TSecr=3045551919 [TCP segment of a reassembled PDU]"
"148","28.065194980","192.168.1.55","192.168.1.2","TCP","290","8004  >  49712 [ACK] Seq=163590 Ack=144 Win=65024 Len=224 TSval=2916032145 TSecr=3045551919 [TCP segment of a reassembled PDU]"
"149","28.065221647","192.168.1.55","192.168.1.2","TCP","1514","8004  >  49712 [ACK] Seq=163814 Ack=144 Win=65024 Len=1448 TSval=2916032145 TSecr=3045551919 [TCP segment of a reassembled PDU]"
"150","28.065223276","192.168.1.55","192.168.1.2","TCP","1514","8004  >  49712 [ACK] Seq=165262 Ack=144 Win=65024 Len=1448 TSval=2916032145 TSecr=3045551919 [TCP segment of a reassembled PDU]"
"151","28.065224999","192.168.1.55","192.168.1.2","TCP","1514","8004  >  49712 [ACK] Seq=166710 Ack=144 Win=65024 Len=1448 TSval=2916032145 TSecr=3045551919 [TCP segment of a reassembled PDU]"
"152","28.065227073","192.168.1.55","192.168.1.2","TCP","1514","8004  >  49712 [ACK] Seq=168158 Ack=144 Win=65024 Len=1448 TSval=2916032145 TSecr=3045551919 [TCP segment of a reassembled PDU]"
"153","28.065228165","192.168.1.55","192.168.1.2","TCP","1514","8004  >  49712 [ACK] Seq=169606 Ack=144 Win=65024 Len=1448 TSval=2916032145 TSecr=3045551919 [TCP segment of a reassembled PDU]"
"154","28.065229739","192.168.1.55","192.168.1.2","TCP","1514","8004  >  49712 [ACK] Seq=171054 Ack=144 Win=65024 Len=1448 TSval=2916032145 TSecr=3045551919 [TCP segment of a reassembled PDU]"
"155","28.065231702","192.168.1.55","192.168.1.2","TCP","1514","8004  >  49712 [ACK] Seq=172502 Ack=144 Win=65024 Len=1448 TSval=2916032145 TSecr=3045551919 [TCP segment of a reassembled PDU]"
"156","28.065233258","192.168.1.55","192.168.1.2","TCP","1514","8004  >  49712 [ACK] Seq=173950 Ack=144 Win=65024 Len=1448 TSval=2916032145 TSecr=3045551919 [TCP segment of a reassembled PDU]"
"157","28.065234795","192.168.1.55","192.168.1.2","TCP","1514","8004  >  49712 [ACK] Seq=175398 Ack=144 Win=65024 Len=1448 TSval=2916032145 TSecr=3045551919 [TCP segment of a reassembled PDU]"
"158","28.065236925","192.168.1.55","192.168.1.2","TCP","1514","8004  >  49712 [ACK] Seq=176846 Ack=144 Win=65024 Len=1448 TSval=2916032145 TSecr=3045551919 [TCP segment of a reassembled PDU]"
"159","28.065238628","192.168.1.55","192.168.1.2","TCP","1514","8004  >  49712 [PSH, ACK] Seq=178294 Ack=144 Win=65024 Len=1448 TSval=2916032145 TSecr=3045551919 [TCP segment of a reassembled PDU]"
"160","28.069963062","192.168.1.2","192.168.1.55","TCP","66","49712  >  8004 [ACK] Seq=144 Ack=105894 Win=86016 Len=0 TSval=3045551921 TSecr=2916032143"
"161","28.069985969","192.168.1.55","192.168.1.2","TCP","1514","8004  >  49712 [ACK] Seq=179742 Ack=144 Win=65024 Len=1448 TSval=2916032150 TSecr=3045551921 [TCP segment of a reassembled PDU]"
"162","28.069988784","192.168.1.55","192.168.1.2","TCP","1514","8004  >  49712 [ACK] Seq=181190 Ack=144 Win=65024 Len=1448 TSval=2916032150 TSecr=3045551921 [TCP segment of a reassembled PDU]"
"163","28.069989913","192.168.1.55","192.168.1.2","TCP","1514","8004  >  49712 [ACK] Seq=182638 Ack=144 Win=65024 Len=1448 TSval=2916032150 TSecr=3045551921 [TCP segment of a reassembled PDU]"
"164","28.069990950","192.168.1.55","192.168.1.2","TCP","1514","8004  >  49712 [ACK] Seq=184086 Ack=144 Win=65024 Len=1448 TSval=2916032150 TSecr=3045551921 [TCP segment of a reassembled PDU]"
"165","28.069991987","192.168.1.55","192.168.1.2","TCP","1514","8004  >  49712 [ACK] Seq=185534 Ack=144 Win=65024 Len=1448 TSval=2916032150 TSecr=3045551921 [TCP segment of a reassembled PDU]"
"166","28.069993080","192.168.1.55","192.168.1.2","TCP","1514","8004  >  49712 [ACK] Seq=186982 Ack=144 Win=65024 Len=1448 TSval=2916032150 TSecr=3045551921 [TCP segment of a reassembled PDU]"
"167","28.069994080","192.168.1.55","192.168.1.2","TCP","1514","8004  >  49712 [ACK] Seq=188430 Ack=144 Win=65024 Len=1448 TSval=2916032150 TSecr=3045551921 [TCP segment of a reassembled PDU]"
"168","28.069995191","192.168.1.55","192.168.1.2","TCP","1514","8004  >  49712 [PSH, ACK] Seq=189878 Ack=144 Win=65024 Len=1448 TSval=2916032150 TSecr=3045551921 [TCP segment of a reassembled PDU]"
"169","28.070383099","192.168.1.2","192.168.1.55","TCP","66","49712  >  8004 [ACK] Seq=144 Ack=114582 Win=82944 Len=0 TSval=3045551921 TSecr=2916032143"
"170","28.070389784","192.168.1.2","192.168.1.55","TCP","66","49712  >  8004 [ACK] Seq=144 Ack=116030 Win=90112 Len=0 TSval=3045551922 TSecr=2916032143"
"171","28.070393618","192.168.1.2","192.168.1.55","TCP","66","49712  >  8004 [ACK] Seq=144 Ack=120374 Win=98304 Len=0 TSval=3045551922 TSecr=2916032143"
"172","28.070406025","192.168.1.55","192.168.1.2","TCP","1514","8004  >  49712 [ACK] Seq=191326 Ack=144 Win=65024 Len=1448 TSval=2916032151 TSecr=3045551922 [TCP segment of a reassembled PDU]"
"173","28.070407488","192.168.1.55","192.168.1.2","TCP","1514","8004  >  49712 [ACK] Seq=192774 Ack=144 Win=65024 Len=1448 TSval=2916032151 TSecr=3045551922 [TCP segment of a reassembled PDU]"
"174","28.070408581","192.168.1.55","192.168.1.2","TCP","1514","8004  >  49712 [ACK] Seq=194222 Ack=144 Win=65024 Len=1448 TSval=2916032151 TSecr=3045551922 [TCP segment of a reassembled PDU]"
"175","28.070409618","192.168.1.55","192.168.1.2","TCP","1514","8004  >  49712 [ACK] Seq=195670 Ack=144 Win=65024 Len=1448 TSval=2916032151 TSecr=3045551922 [TCP segment of a reassembled PDU]"
"176","28.070410766","192.168.1.55","192.168.1.2","TCP","1514","8004  >  49712 [ACK] Seq=197118 Ack=144 Win=65024 Len=1448 TSval=2916032151 TSecr=3045551922 [TCP segment of a reassembled PDU]"
"177","28.070412025","192.168.1.55","192.168.1.2","TCP","1514","8004  >  49712 [ACK] Seq=198566 Ack=144 Win=65024 Len=1448 TSval=2916032151 TSecr=3045551922 [TCP segment of a reassembled PDU]"
"178","28.070413044","192.168.1.55","192.168.1.2","TCP","1514","8004  >  49712 [ACK] Seq=200014 Ack=144 Win=65024 Len=1448 TSval=2916032151 TSecr=3045551922 [TCP segment of a reassembled PDU]"
"179","28.070414136","192.168.1.55","192.168.1.2","TCP","1514","8004  >  49712 [ACK] Seq=201462 Ack=144 Win=65024 Len=1448 TSval=2916032151 TSecr=3045551922 [TCP segment of a reassembled PDU]"
"180","28.070415155","192.168.1.55","192.168.1.2","TCP","1514","8004  >  49712 [ACK] Seq=202910 Ack=144 Win=65024 Len=1448 TSval=2916032151 TSecr=3045551922 [TCP segment of a reassembled PDU]"
"181","28.070416377","192.168.1.55","192.168.1.2","TCP","1514","8004  >  49712 [ACK] Seq=204358 Ack=144 Win=65024 Len=1448 TSval=2916032151 TSecr=3045551922 [TCP segment of a reassembled PDU]"
"182","28.070417470","192.168.1.55","192.168.1.2","TCP","1514","8004  >  49712 [PSH, ACK] Seq=205806 Ack=144 Win=65024 Len=1448 TSval=2916032151 TSecr=3045551922 [TCP segment of a reassembled PDU]"
"183","28.072122565","192.168.1.2","192.168.1.55","TCP","66","49712  >  8004 [ACK] Seq=144 Ack=139198 Win=121856 Len=0 TSval=3045551925 TSecr=2916032145"
"184","28.072158546","192.168.1.55","192.168.1.2","TCP","1514","8004  >  49712 [ACK] Seq=207254 Ack=144 Win=65024 Len=1448 TSval=2916032152 TSecr=3045551925 [TCP segment of a reassembled PDU]"
"185","28.072161509","192.168.1.55","192.168.1.2","TCP","1514","8004  >  49712 [ACK] Seq=208702 Ack=144 Win=65024 Len=1448 TSval=2916032152 TSecr=3045551925 [TCP segment of a reassembled PDU]"
"186","28.072162861","192.168.1.55","192.168.1.2","TCP","1514","8004  >  49712 [ACK] Seq=210150 Ack=144 Win=65024 Len=1448 TSval=2916032152 TSecr=3045551925 [TCP segment of a reassembled PDU]"
"187","28.072164472","192.168.1.55","192.168.1.2","TCP","1514","8004  >  49712 [ACK] Seq=211598 Ack=144 Win=65024 Len=1448 TSval=2916032152 TSecr=3045551925 [TCP segment of a reassembled PDU]"
"188","28.072165843","192.168.1.55","192.168.1.2","TCP","1514","8004  >  49712 [ACK] Seq=213046 Ack=144 Win=65024 Len=1448 TSval=2916032152 TSecr=3045551925 [TCP segment of a reassembled PDU]"
"189","28.072167343","192.168.1.55","192.168.1.2","TCP","1514","8004  >  49712 [ACK] Seq=214494 Ack=144 Win=65024 Len=1448 TSval=2916032152 TSecr=3045551925 [TCP segment of a reassembled PDU]"
"190","28.072168750","192.168.1.55","192.168.1.2","TCP","1514","8004  >  49712 [ACK] Seq=215942 Ack=144 Win=65024 Len=1448 TSval=2916032152 TSecr=3045551925 [TCP segment of a reassembled PDU]"
"191","28.072170250","192.168.1.55","192.168.1.2","TCP","1514","8004  >  49712 [ACK] Seq=217390 Ack=144 Win=65024 Len=1448 TSval=2916032152 TSecr=3045551925 [TCP segment of a reassembled PDU]"
"192","28.072171843","192.168.1.55","192.168.1.2","TCP","1514","8004  >  49712 [ACK] Seq=218838 Ack=144 Win=65024 Len=1448 TSval=2916032152 TSecr=3045551925 [TCP segment of a reassembled PDU]"
"193","28.072173158","192.168.1.55","192.168.1.2","TCP","1514","8004  >  49712 [ACK] Seq=220286 Ack=144 Win=65024 Len=1448 TSval=2916032152 TSecr=3045551925 [TCP segment of a reassembled PDU]"
"194","28.072174454","192.168.1.55","192.168.1.2","TCP","1514","8004  >  49712 [ACK] Seq=221734 Ack=144 Win=65024 Len=1448 TSval=2916032152 TSecr=3045551925 [TCP segment of a reassembled PDU]"
"195","28.072175843","192.168.1.55","192.168.1.2","TCP","1514","8004  >  49712 [ACK] Seq=223182 Ack=144 Win=65024 Len=1448 TSval=2916032152 TSecr=3045551925 [TCP segment of a reassembled PDU]"
"196","28.072177250","192.168.1.55","192.168.1.2","TCP","1514","8004  >  49712 [ACK] Seq=224630 Ack=144 Win=65024 Len=1448 TSval=2916032152 TSecr=3045551925 [TCP segment of a reassembled PDU]"
"197","28.072178565","192.168.1.55","192.168.1.2","TCP","1514","8004  >  49712 [ACK] Seq=226078 Ack=144 Win=65024 Len=1448 TSval=2916032152 TSecr=3045551925 [TCP segment of a reassembled PDU]"
"198","28.072180306","192.168.1.55","192.168.1.2","TCP","1514","8004  >  49712 [ACK] Seq=227526 Ack=144 Win=65024 Len=1448 TSval=2916032152 TSecr=3045551925 [TCP segment of a reassembled PDU]"
"199","28.072181639","192.168.1.55","192.168.1.2","TCP","1514","8004  >  49712 [ACK] Seq=228974 Ack=144 Win=65024 Len=1448 TSval=2916032152 TSecr=3045551925 [TCP segment of a reassembled PDU]"
"200","28.072183046","192.168.1.55","192.168.1.2","TCP","1514","8004  >  49712 [ACK] Seq=230422 Ack=144 Win=65024 Len=1448 TSval=2916032152 TSecr=3045551925 [TCP segment of a reassembled PDU]"
"201","28.072184454","192.168.1.55","192.168.1.2","TCP","1514","8004  >  49712 [ACK] Seq=231870 Ack=144 Win=65024 Len=1448 TSval=2916032152 TSecr=3045551925 [TCP segment of a reassembled PDU]"
"202","28.072185843","192.168.1.55","192.168.1.2","TCP","1514","8004  >  49712 [ACK] Seq=233318 Ack=144 Win=65024 Len=1448 TSval=2916032152 TSecr=3045551925 [TCP segment of a reassembled PDU]"
"203","28.072193843","192.168.1.55","192.168.1.2","TCP","1514","8004  >  49712 [ACK] Seq=234766 Ack=144 Win=65024 Len=1448 TSval=2916032152 TSecr=3045551925 [TCP segment of a reassembled PDU]"
"204","28.072195750","192.168.1.55","192.168.1.2","TCP","1514","8004  >  49712 [ACK] Seq=236214 Ack=144 Win=65024 Len=1448 TSval=2916032152 TSecr=3045551925 [TCP segment of a reassembled PDU]"
"205","28.072197176","192.168.1.55","192.168.1.2","TCP","1514","8004  >  49712 [ACK] Seq=237662 Ack=144 Win=65024 Len=1448 TSval=2916032152 TSecr=3045551925 [TCP segment of a reassembled PDU]"
"206","28.072198528","192.168.1.55","192.168.1.2","TCP","1514","8004  >  49712 [ACK] Seq=239110 Ack=144 Win=65024 Len=1448 TSval=2916032152 TSecr=3045551925 [TCP segment of a reassembled PDU]"
"207","28.072199880","192.168.1.55","192.168.1.2","TCP","1514","8004  >  49712 [ACK] Seq=240558 Ack=144 Win=65024 Len=1448 TSval=2916032152 TSecr=3045551925 [TCP segment of a reassembled PDU]"
"208","28.072201232","192.168.1.55","192.168.1.2","TCP","1514","8004  >  49712 [ACK] Seq=242006 Ack=144 Win=65024 Len=1448 TSval=2916032152 TSecr=3045551925 [TCP segment of a reassembled PDU]"
"209","28.072202621","192.168.1.55","192.168.1.2","TCP","1514","8004  >  49712 [ACK] Seq=243454 Ack=144 Win=65024 Len=1448 TSval=2916032152 TSecr=3045551925 [TCP segment of a reassembled PDU]"
"210","28.072204065","192.168.1.55","192.168.1.2","TCP","1514","8004  >  49712 [ACK] Seq=244902 Ack=144 Win=65024 Len=1448 TSval=2916032152 TSecr=3045551925 [TCP segment of a reassembled PDU]"
"211","28.072205361","192.168.1.55","192.168.1.2","TCP","1514","8004  >  49712 [ACK] Seq=246350 Ack=144 Win=65024 Len=1448 TSval=2916032152 TSecr=3045551925 [TCP segment of a reassembled PDU]"
"212","28.072206639","192.168.1.55","192.168.1.2","TCP","1514","8004  >  49712 [ACK] Seq=247798 Ack=144 Win=65024 Len=1448 TSval=2916032152 TSecr=3045551925 [TCP segment of a reassembled PDU]"
"213","28.072208009","192.168.1.55","192.168.1.2","TCP","1514","8004  >  49712 [PSH, ACK] Seq=249246 Ack=144 Win=65024 Len=1448 TSval=2916032152 TSecr=3045551925 [TCP segment of a reassembled PDU]"
"214","28.072278269","192.168.1.2","192.168.1.55","TCP","66","49712  >  8004 [ACK] Seq=144 Ack=140422 Win=124928 Len=0 TSval=3045551925 TSecr=2916032145"
"215","28.072286398","192.168.1.2","192.168.1.55","TCP","66","49712  >  8004 [ACK] Seq=144 Ack=153454 Win=128000 Len=0 TSval=3045551925 TSecr=2916032145"
"216","28.072301380","192.168.1.2","192.168.1.55","TCP","66","49712  >  8004 [ACK] Seq=144 Ack=163590 Win=132096 Len=0 TSval=3045551926 TSecr=2916032145"
"217","28.072350324","192.168.1.55","192.168.1.2","TCP","1514","8004  >  49712 [ACK] Seq=250694 Ack=144 Win=65024 Len=1448 TSval=2916032153 TSecr=3045551926 [TCP segment of a reassembled PDU]"
"218","28.072353565","192.168.1.55","192.168.1.2","TCP","1514","8004  >  49712 [ACK] Seq=252142 Ack=144 Win=65024 Len=1448 TSval=2916032153 TSecr=3045551926 [TCP segment of a reassembled PDU]"
"219","28.072354936","192.168.1.55","192.168.1.2","TCP","1514","8004  >  49712 [ACK] Seq=253590 Ack=144 Win=65024 Len=1448 TSval=2916032153 TSecr=3045551926 [TCP segment of a reassembled PDU]"
"220","28.072356250","192.168.1.55","192.168.1.2","TCP","1514","8004  >  49712 [ACK] Seq=255038 Ack=144 Win=65024 Len=1448 TSval=2916032153 TSecr=3045551926 [TCP segment of a reassembled PDU]"
"221","28.072357825","192.168.1.55","192.168.1.2","TCP","1514","8004  >  49712 [ACK] Seq=256486 Ack=144 Win=65024 Len=1448 TSval=2916032153 TSecr=3045551926 [TCP segment of a reassembled PDU]"
"222","28.072359195","192.168.1.55","192.168.1.2","TCP","1514","8004  >  49712 [ACK] Seq=257934 Ack=144 Win=65024 Len=1448 TSval=2916032153 TSecr=3045551926 [TCP segment of a reassembled PDU]"
"223","28.072360676","192.168.1.55","192.168.1.2","TCP","1514","8004  >  49712 [ACK] Seq=259382 Ack=144 Win=65024 Len=1448 TSval=2916032153 TSecr=3045551926 [TCP segment of a reassembled PDU]"
"224","28.072362084","192.168.1.55","192.168.1.2","TCP","1514","8004  >  49712 [ACK] Seq=260830 Ack=144 Win=65024 Len=1448 TSval=2916032153 TSecr=3045551926 [TCP segment of a reassembled PDU]"
"225","28.072363510","192.168.1.55","192.168.1.2","TCP","1514","8004  >  49712 [ACK] Seq=262278 Ack=144 Win=65024 Len=1448 TSval=2916032153 TSecr=3045551926 [TCP segment of a reassembled PDU]"
"226","28.072365325","192.168.1.55","192.168.1.2","TCP","1514","8004  >  49712 [ACK] Seq=263726 Ack=144 Win=65024 Len=1448 TSval=2916032153 TSecr=3045551926 [TCP segment of a reassembled PDU]"
"227","28.072366713","192.168.1.55","192.168.1.2","TCP","1514","8004  >  49712 [ACK] Seq=265174 Ack=144 Win=65024 Len=1448 TSval=2916032153 TSecr=3045551926 [TCP segment of a reassembled PDU]"
"228","28.072368139","192.168.1.55","192.168.1.2","TCP","1514","8004  >  49712 [ACK] Seq=266622 Ack=144 Win=65024 Len=1448 TSval=2916032153 TSecr=3045551926 [TCP segment of a reassembled PDU]"
"229","28.072369658","192.168.1.55","192.168.1.2","TCP","1514","8004  >  49712 [ACK] Seq=268070 Ack=144 Win=65024 Len=1448 TSval=2916032153 TSecr=3045551926 [TCP segment of a reassembled PDU]"
"230","28.072370973","192.168.1.55","192.168.1.2","TCP","1514","8004  >  49712 [ACK] Seq=269518 Ack=144 Win=65024 Len=1448 TSval=2916032153 TSecr=3045551926 [TCP segment of a reassembled PDU]"
"231","28.072372343","192.168.1.55","192.168.1.2","TCP","1514","8004  >  49712 [ACK] Seq=270966 Ack=144 Win=65024 Len=1448 TSval=2916032153 TSecr=3045551926 [TCP segment of a reassembled PDU]"
"232","28.072373769","192.168.1.55","192.168.1.2","TCP","1514","8004  >  49712 [ACK] Seq=272414 Ack=144 Win=65024 Len=1448 TSval=2916032153 TSecr=3045551926 [TCP segment of a reassembled PDU]"
"233","28.072375176","192.168.1.55","192.168.1.2","TCP","1514","8004  >  49712 [ACK] Seq=273862 Ack=144 Win=65024 Len=1448 TSval=2916032153 TSecr=3045551926 [TCP segment of a reassembled PDU]"
"234","28.072376639","192.168.1.55","192.168.1.2","TCP","1514","8004  >  49712 [ACK] Seq=275310 Ack=144 Win=65024 Len=1448 TSval=2916032153 TSecr=3045551926 [TCP segment of a reassembled PDU]"
"235","28.072378139","192.168.1.55","192.168.1.2","TCP","1514","8004  >  49712 [ACK] Seq=276758 Ack=144 Win=65024 Len=1448 TSval=2916032153 TSecr=3045551926 [TCP segment of a reassembled PDU]"
"236","28.072379880","192.168.1.55","192.168.1.2","TCP","1514","8004  >  49712 [ACK] Seq=278206 Ack=144 Win=65024 Len=1448 TSval=2916032153 TSecr=3045551926 [TCP segment of a reassembled PDU]"
"237","28.072381158","192.168.1.55","192.168.1.2","TCP","1514","8004  >  49712 [ACK] Seq=279654 Ack=144 Win=65024 Len=1448 TSval=2916032153 TSecr=3045551926 [TCP segment of a reassembled PDU]"
"238","28.072382899","192.168.1.55","192.168.1.2","TCP","1514","8004  >  49712 [ACK] Seq=281102 Ack=144 Win=65024 Len=1448 TSval=2916032153 TSecr=3045551926 [TCP segment of a reassembled PDU]"
"239","28.072384510","192.168.1.55","192.168.1.2","TCP","1514","8004  >  49712 [ACK] Seq=282550 Ack=144 Win=65024 Len=1448 TSval=2916032153 TSecr=3045551926 [TCP segment of a reassembled PDU]"
"240","28.072385825","192.168.1.55","192.168.1.2","TCP","1514","8004  >  49712 [ACK] Seq=283998 Ack=144 Win=65024 Len=1448 TSval=2916032153 TSecr=3045551926 [TCP segment of a reassembled PDU]"
"241","28.072387288","192.168.1.55","192.168.1.2","TCP","1514","8004  >  49712 [ACK] Seq=285446 Ack=144 Win=65024 Len=1448 TSval=2916032153 TSecr=3045551926 [TCP segment of a reassembled PDU]"
"242","28.072388658","192.168.1.55","192.168.1.2","TCP","1514","8004  >  49712 [ACK] Seq=286894 Ack=144 Win=65024 Len=1448 TSval=2916032153 TSecr=3045551926 [TCP segment of a reassembled PDU]"
"243","28.072390158","192.168.1.55","192.168.1.2","TCP","1514","8004  >  49712 [ACK] Seq=288342 Ack=144 Win=65024 Len=1448 TSval=2916032153 TSecr=3045551926 [TCP segment of a reassembled PDU]"
"244","28.072391843","192.168.1.55","192.168.1.2","TCP","1514","8004  >  49712 [ACK] Seq=289790 Ack=144 Win=65024 Len=1448 TSval=2916032153 TSecr=3045551926 [TCP segment of a reassembled PDU]"
"245","28.072393288","192.168.1.55","192.168.1.2","TCP","1514","8004  >  49712 [ACK] Seq=291238 Ack=144 Win=65024 Len=1448 TSval=2916032153 TSecr=3045551926 [TCP segment of a reassembled PDU]"
"246","28.072395102","192.168.1.55","192.168.1.2","TCP","1514","8004  >  49712 [PSH, ACK] Seq=292686 Ack=144 Win=65024 Len=1448 TSval=2916032153 TSecr=3045551926 [TCP segment of a reassembled PDU]"
"247","28.072500954","192.168.1.2","192.168.1.55","TCP","66","49712  >  8004 [ACK] Seq=144 Ack=163814 Win=132096 Len=0 TSval=3045551926 TSecr=2916032145"
"248","28.072511028","192.168.1.2","192.168.1.55","TCP","66","49712  >  8004 [ACK] Seq=144 Ack=179742 Win=116736 Len=0 TSval=3045551926 TSecr=2916032145"
"249","28.073739697","192.168.1.55","192.168.1.2","TCP","1514","8004  >  49712 [ACK] Seq=294134 Ack=144 Win=65024 Len=1448 TSval=2916032154 TSecr=3045551926 [TCP segment of a reassembled PDU]"
"250","28.073743456","192.168.1.55","192.168.1.2","TCP","962","[TCP Window Full] 8004  >  49712 [PSH, ACK] Seq=295582 Ack=144 Win=65024 Len=896 TSval=2916032154 TSecr=3045551926 [TCP segment of a reassembled PDU]"
"251","28.074135346","192.168.1.2","192.168.1.55","TCP","66","49712  >  8004 [ACK] Seq=144 Ack=181190 Win=135168 Len=0 TSval=3045551927 TSecr=2916032150"
"252","28.074189605","192.168.1.2","192.168.1.55","TCP","66","49712  >  8004 [ACK] Seq=144 Ack=182638 Win=138240 Len=0 TSval=3045551927 TSecr=2916032150"
"253","28.079063483","192.168.1.2","192.168.1.55","TCP","66","49712  >  8004 [ACK] Seq=144 Ack=191326 Win=131072 Len=0 TSval=3045551929 TSecr=2916032150"
"254","28.079111779","192.168.1.55","192.168.1.2","TCP","1514","8004  >  49712 [ACK] Seq=296478 Ack=144 Win=65024 Len=1448 TSval=2916032159 TSecr=3045551929 [TCP segment of a reassembled PDU]"
"255","28.079116520","192.168.1.55","192.168.1.2","TCP","1514","8004  >  49712 [ACK] Seq=297926 Ack=144 Win=65024 Len=1448 TSval=2916032159 TSecr=3045551929 [TCP segment of a reassembled PDU]"
"256","28.079118039","192.168.1.55","192.168.1.2","TCP","1514","8004  >  49712 [ACK] Seq=299374 Ack=144 Win=65024 Len=1448 TSval=2916032159 TSecr=3045551929 [TCP segment of a reassembled PDU]"
"257","28.079119372","192.168.1.55","192.168.1.2","TCP","1514","8004  >  49712 [ACK] Seq=300822 Ack=144 Win=65024 Len=1448 TSval=2916032159 TSecr=3045551929 [TCP segment of a reassembled PDU]"
"258","28.079120965","192.168.1.55","192.168.1.2","TCP","1514","8004  >  49712 [ACK] Seq=302270 Ack=144 Win=65024 Len=1448 TSval=2916032159 TSecr=3045551929 [TCP segment of a reassembled PDU]"
"259","28.079122594","192.168.1.55","192.168.1.2","TCP","1514","8004  >  49712 [ACK] Seq=303718 Ack=144 Win=65024 Len=1448 TSval=2916032159 TSecr=3045551929 [TCP segment of a reassembled PDU]"
"260","28.079123983","192.168.1.55","192.168.1.2","TCP","1514","8004  >  49712 [ACK] Seq=305166 Ack=144 Win=65024 Len=1448 TSval=2916032159 TSecr=3045551929 [TCP segment of a reassembled PDU]"
"261","28.079125798","192.168.1.55","192.168.1.2","TCP","1514","8004  >  49712 [ACK] Seq=306614 Ack=144 Win=65024 Len=1448 TSval=2916032159 TSecr=3045551929 [TCP segment of a reassembled PDU]"
"262","28.079127261","192.168.1.55","192.168.1.2","TCP","1514","8004  >  49712 [ACK] Seq=308062 Ack=144 Win=65024 Len=1448 TSval=2916032159 TSecr=3045551929 [TCP segment of a reassembled PDU]"
"263","28.079128779","192.168.1.55","192.168.1.2","TCP","1514","8004  >  49712 [ACK] Seq=309510 Ack=144 Win=65024 Len=1448 TSval=2916032159 TSecr=3045551929 [TCP segment of a reassembled PDU]"
"264","28.079130539","192.168.1.55","192.168.1.2","TCP","1514","8004  >  49712 [ACK] Seq=310958 Ack=144 Win=65024 Len=1448 TSval=2916032159 TSecr=3045551929 [TCP segment of a reassembled PDU]"
"265","28.079132279","192.168.1.55","192.168.1.2","TCP","1514","8004  >  49712 [ACK] Seq=312406 Ack=144 Win=65024 Len=1448 TSval=2916032159 TSecr=3045551929 [TCP segment of a reassembled PDU]"
"266","28.079133817","192.168.1.55","192.168.1.2","TCP","1514","8004  >  49712 [ACK] Seq=313854 Ack=144 Win=65024 Len=1448 TSval=2916032159 TSecr=3045551929 [TCP segment of a reassembled PDU]"
"267","28.079135242","192.168.1.55","192.168.1.2","TCP","1514","8004  >  49712 [ACK] Seq=315302 Ack=144 Win=65024 Len=1448 TSval=2916032159 TSecr=3045551929 [TCP segment of a reassembled PDU]"
"268","28.079136983","192.168.1.55","192.168.1.2","TCP","1514","8004  >  49712 [ACK] Seq=316750 Ack=144 Win=65024 Len=1448 TSval=2916032159 TSecr=3045551929 [TCP segment of a reassembled PDU]"
"269","28.079138705","192.168.1.55","192.168.1.2","TCP","1514","8004  >  49712 [ACK] Seq=318198 Ack=144 Win=65024 Len=1448 TSval=2916032159 TSecr=3045551929 [TCP segment of a reassembled PDU]"
"270","28.079140372","192.168.1.55","192.168.1.2","TCP","1514","8004  >  49712 [PSH, ACK] Seq=319646 Ack=144 Win=65024 Len=1448 TSval=2916032159 TSecr=3045551929 [TCP segment of a reassembled PDU]"
"271","28.079178983","192.168.1.2","192.168.1.55","TCP","66","49712  >  8004 [ACK] Seq=144 Ack=207254 Win=116736 Len=0 TSval=3045551929 TSecr=2916032151"
"272","28.082069877","192.168.1.2","192.168.1.55","TCP","66","49712  >  8004 [ACK] Seq=144 Ack=246350 Win=102400 Len=0 TSval=3045551934 TSecr=2916032152"
"273","28.082108451","192.168.1.55","192.168.1.2","TCP","1514","8004  >  49712 [ACK] Seq=321094 Ack=144 Win=65024 Len=1448 TSval=2916032162 TSecr=3045551934 [TCP segment of a reassembled PDU]"
"274","28.082112488","192.168.1.55","192.168.1.2","TCP","1514","8004  >  49712 [ACK] Seq=322542 Ack=144 Win=65024 Len=1448 TSval=2916032162 TSecr=3045551934 [TCP segment of a reassembled PDU]"
"275","28.082113729","192.168.1.55","192.168.1.2","TCP","1514","8004  >  49712 [ACK] Seq=323990 Ack=144 Win=65024 Len=1448 TSval=2916032162 TSecr=3045551934 [TCP segment of a reassembled PDU]"
"276","28.082114895","192.168.1.55","192.168.1.2","TCP","1514","8004  >  49712 [ACK] Seq=325438 Ack=144 Win=65024 Len=1448 TSval=2916032162 TSecr=3045551934 [TCP segment of a reassembled PDU]"
"277","28.082115988","192.168.1.55","192.168.1.2","TCP","1514","8004  >  49712 [ACK] Seq=326886 Ack=144 Win=65024 Len=1448 TSval=2916032162 TSecr=3045551934 [TCP segment of a reassembled PDU]"
"278","28.082117284","192.168.1.55","192.168.1.2","TCP","1514","8004  >  49712 [ACK] Seq=328334 Ack=144 Win=65024 Len=1448 TSval=2916032162 TSecr=3045551934 [TCP segment of a reassembled PDU]"
"279","28.082118303","192.168.1.55","192.168.1.2","TCP","1514","8004  >  49712 [ACK] Seq=329782 Ack=144 Win=65024 Len=1448 TSval=2916032162 TSecr=3045551934 [TCP segment of a reassembled PDU]"
"280","28.082119303","192.168.1.55","192.168.1.2","TCP","1514","8004  >  49712 [ACK] Seq=331230 Ack=144 Win=65024 Len=1448 TSval=2916032162 TSecr=3045551934 [TCP segment of a reassembled PDU]"
"281","28.082120451","192.168.1.55","192.168.1.2","TCP","1514","8004  >  49712 [ACK] Seq=332678 Ack=144 Win=65024 Len=1448 TSval=2916032162 TSecr=3045551934 [TCP segment of a reassembled PDU]"
"282","28.082121451","192.168.1.55","192.168.1.2","TCP","1514","8004  >  49712 [ACK] Seq=334126 Ack=144 Win=65024 Len=1448 TSval=2916032162 TSecr=3045551934 [TCP segment of a reassembled PDU]"
"283","28.082122525","192.168.1.55","192.168.1.2","TCP","1514","8004  >  49712 [PSH, ACK] Seq=335574 Ack=144 Win=65024 Len=1448 TSval=2916032162 TSecr=3045551934 [TCP segment of a reassembled PDU]"
"284","28.082129414","192.168.1.55","192.168.1.2","TCP","618","8004  >  49712 [ACK] Seq=337022 Ack=144 Win=65024 Len=552 TSval=2916032162 TSecr=3045551934 [TCP segment of a reassembled PDU]"
"285","28.082715081","192.168.1.2","192.168.1.55","TCP","66","49712  >  8004 [ACK] Seq=144 Ack=250694 Win=137216 Len=0 TSval=3045551934 TSecr=2916032152"
"286","28.082824693","192.168.1.55","192.168.1.2","TCP","1514","8004  >  49712 [ACK] Seq=337574 Ack=144 Win=65024 Len=1448 TSval=2916032163 TSecr=3045551934 [TCP segment of a reassembled PDU]"
"287","28.082833433","192.168.1.55","192.168.1.2","TCP","1514","8004  >  49712 [ACK] Seq=339022 Ack=144 Win=65024 Len=1448 TSval=2916032163 TSecr=3045551934 [TCP segment of a reassembled PDU]"
"288","28.082835470","192.168.1.55","192.168.1.2","TCP","1514","8004  >  49712 [ACK] Seq=340470 Ack=144 Win=65024 Len=1448 TSval=2916032163 TSecr=3045551934 [TCP segment of a reassembled PDU]"
"289","28.082837119","192.168.1.55","192.168.1.2","TCP","1514","8004  >  49712 [ACK] Seq=341918 Ack=144 Win=65024 Len=1448 TSval=2916032163 TSecr=3045551934 [TCP segment of a reassembled PDU]"
"290","28.082839267","192.168.1.55","192.168.1.2","TCP","1514","8004  >  49712 [ACK] Seq=343366 Ack=144 Win=65024 Len=1448 TSval=2916032163 TSecr=3045551934 [TCP segment of a reassembled PDU]"
"291","28.082841563","192.168.1.55","192.168.1.2","TCP","1514","8004  >  49712 [ACK] Seq=344814 Ack=144 Win=65024 Len=1448 TSval=2916032163 TSecr=3045551934 [TCP segment of a reassembled PDU]"
"292","28.082843711","192.168.1.55","192.168.1.2","TCP","1514","8004  >  49712 [ACK] Seq=346262 Ack=144 Win=65024 Len=1448 TSval=2916032163 TSecr=3045551934 [TCP segment of a reassembled PDU]"
"293","28.082845193","192.168.1.55","192.168.1.2","TCP","1514","8004  >  49712 [ACK] Seq=347710 Ack=144 Win=65024 Len=1448 TSval=2916032163 TSecr=3045551934 [TCP segment of a reassembled PDU]"
"294","28.082847045","192.168.1.55","192.168.1.2","TCP","1514","8004  >  49712 [ACK] Seq=349158 Ack=144 Win=65024 Len=1448 TSval=2916032163 TSecr=3045551934 [TCP segment of a reassembled PDU]"
"295","28.082849878","192.168.1.55","192.168.1.2","TCP","1514","8004  >  49712 [ACK] Seq=350606 Ack=144 Win=65024 Len=1448 TSval=2916032163 TSecr=3045551934 [TCP segment of a reassembled PDU]"
"296","28.082851637","192.168.1.55","192.168.1.2","TCP","1514","8004  >  49712 [ACK] Seq=352054 Ack=144 Win=65024 Len=1448 TSval=2916032163 TSecr=3045551934 [TCP segment of a reassembled PDU]"
"297","28.082853748","192.168.1.55","192.168.1.2","TCP","1514","8004  >  49712 [ACK] Seq=353502 Ack=144 Win=65024 Len=1448 TSval=2916032163 TSecr=3045551934 [TCP segment of a reassembled PDU]"
"298","28.082856507","192.168.1.55","192.168.1.2","TCP","1514","8004  >  49712 [ACK] Seq=354950 Ack=144 Win=65024 Len=1448 TSval=2916032163 TSecr=3045551934 [TCP segment of a reassembled PDU]"
"299","28.082858156","192.168.1.55","192.168.1.2","TCP","1514","8004  >  49712 [ACK] Seq=356398 Ack=144 Win=65024 Len=1448 TSval=2916032163 TSecr=3045551934 [TCP segment of a reassembled PDU]"
"300","28.082860619","192.168.1.55","192.168.1.2","TCP","1514","8004  >  49712 [ACK] Seq=357846 Ack=144 Win=65024 Len=1448 TSval=2916032163 TSecr=3045551934 [TCP segment of a reassembled PDU]"
"301","28.082863100","192.168.1.55","192.168.1.2","TCP","1514","8004  >  49712 [ACK] Seq=359294 Ack=144 Win=65024 Len=1448 TSval=2916032163 TSecr=3045551934 [TCP segment of a reassembled PDU]"
"302","28.082865156","192.168.1.55","192.168.1.2","TCP","1514","8004  >  49712 [ACK] Seq=360742 Ack=144 Win=65024 Len=1448 TSval=2916032163 TSecr=3045551934 [TCP segment of a reassembled PDU]"
"303","28.082868082","192.168.1.55","192.168.1.2","TCP","1514","8004  >  49712 [ACK] Seq=362190 Ack=144 Win=65024 Len=1448 TSval=2916032163 TSecr=3045551934 [TCP segment of a reassembled PDU]"
"304","28.082870489","192.168.1.55","192.168.1.2","TCP","1514","8004  >  49712 [ACK] Seq=363638 Ack=144 Win=65024 Len=1448 TSval=2916032163 TSecr=3045551934 [TCP segment of a reassembled PDU]"
"305","28.082872545","192.168.1.55","192.168.1.2","TCP","1514","8004  >  49712 [ACK] Seq=365086 Ack=144 Win=65024 Len=1448 TSval=2916032163 TSecr=3045551934 [TCP segment of a reassembled PDU]"
"306","28.082875156","192.168.1.55","192.168.1.2","TCP","1514","8004  >  49712 [ACK] Seq=366534 Ack=144 Win=65024 Len=1448 TSval=2916032163 TSecr=3045551934 [TCP segment of a reassembled PDU]"
"307","28.082876915","192.168.1.55","192.168.1.2","TCP","1514","8004  >  49712 [ACK] Seq=367982 Ack=144 Win=65024 Len=1448 TSval=2916032163 TSecr=3045551934 [TCP segment of a reassembled PDU]"
"308","28.082879508","192.168.1.55","192.168.1.2","TCP","1514","8004  >  49712 [ACK] Seq=369430 Ack=144 Win=65024 Len=1448 TSval=2916032163 TSecr=3045551934 [TCP segment of a reassembled PDU]"
"309","28.082881470","192.168.1.55","192.168.1.2","TCP","1514","8004  >  49712 [ACK] Seq=370878 Ack=144 Win=65024 Len=1448 TSval=2916032163 TSecr=3045551934 [TCP segment of a reassembled PDU]"
"310","28.082883526","192.168.1.55","192.168.1.2","TCP","1514","8004  >  49712 [ACK] Seq=372326 Ack=144 Win=65024 Len=1448 TSval=2916032163 TSecr=3045551934 [TCP segment of a reassembled PDU]"
"311","28.082885341","192.168.1.55","192.168.1.2","TCP","1514","8004  >  49712 [ACK] Seq=373774 Ack=144 Win=65024 Len=1448 TSval=2916032163 TSecr=3045551934 [TCP segment of a reassembled PDU]"
"312","28.082887804","192.168.1.55","192.168.1.2","TCP","1514","8004  >  49712 [ACK] Seq=375222 Ack=144 Win=65024 Len=1448 TSval=2916032163 TSecr=3045551934 [TCP segment of a reassembled PDU]"
"313","28.082891971","192.168.1.55","192.168.1.2","TCP","1514","8004  >  49712 [ACK] Seq=376670 Ack=144 Win=65024 Len=1448 TSval=2916032163 TSecr=3045551934 [TCP segment of a reassembled PDU]"
"314","28.082894082","192.168.1.55","192.168.1.2","TCP","1514","8004  >  49712 [ACK] Seq=378118 Ack=144 Win=65024 Len=1448 TSval=2916032163 TSecr=3045551934 [TCP segment of a reassembled PDU]"
"315","28.082895915","192.168.1.55","192.168.1.2","TCP","1514","8004  >  49712 [PSH, ACK] Seq=379566 Ack=144 Win=65024 Len=1448 TSval=2916032163 TSecr=3045551934 [TCP segment of a reassembled PDU]"
"316","28.082907230","192.168.1.2","192.168.1.55","TCP","66","49712  >  8004 [ACK] Seq=144 Ack=286894 Win=107520 Len=0 TSval=3045551934 TSecr=2916032153"
"317","28.082931063","192.168.1.2","192.168.1.55","TCP","66","49712  >  8004 [ACK] Seq=144 Ack=291238 Win=136192 Len=0 TSval=3045551935 TSecr=2916032153"
"318","28.082937730","192.168.1.2","192.168.1.55","TCP","66","49712  >  8004 [ACK] Seq=144 Ack=294134 Win=137216 Len=0 TSval=3045551937 TSecr=2916032153"
"319","28.083016915","192.168.1.2","192.168.1.55","TCP","66","49712  >  8004 [ACK] Seq=144 Ack=296478 Win=135168 Len=0 TSval=3045551937 TSecr=2916032154"
"320","28.083034137","192.168.1.2","192.168.1.55","TCP","66","49712  >  8004 [ACK] Seq=144 Ack=310958 Win=120832 Len=0 TSval=3045551937 TSecr=2916032159"
"321","28.084165398","192.168.1.55","192.168.1.2","TCP","1514","8004  >  49712 [ACK] Seq=381014 Ack=144 Win=65024 Len=1448 TSval=2916032164 TSecr=3045551937 [TCP segment of a reassembled PDU]"
"322","28.084170843","192.168.1.55","192.168.1.2","TCP","1514","8004  >  49712 [ACK] Seq=382462 Ack=144 Win=65024 Len=1448 TSval=2916032164 TSecr=3045551937 [TCP segment of a reassembled PDU]"
"323","28.084171991","192.168.1.55","192.168.1.2","TCP","1514","8004  >  49712 [ACK] Seq=383910 Ack=144 Win=65024 Len=1448 TSval=2916032164 TSecr=3045551937 [TCP segment of a reassembled PDU]"
"324","28.084173139","192.168.1.55","192.168.1.2","TCP","1514","8004  >  49712 [ACK] Seq=385358 Ack=144 Win=65024 Len=1448 TSval=2916032164 TSecr=3045551937 [TCP segment of a reassembled PDU]"
"325","28.084174343","192.168.1.55","192.168.1.2","TCP","1514","8004  >  49712 [ACK] Seq=386806 Ack=144 Win=65024 Len=1448 TSval=2916032164 TSecr=3045551937 [TCP segment of a reassembled PDU]"
"326","28.084175454","192.168.1.55","192.168.1.2","TCP","1514","8004  >  49712 [ACK] Seq=388254 Ack=144 Win=65024 Len=1448 TSval=2916032164 TSecr=3045551937 [TCP segment of a reassembled PDU]"
"327","28.084176584","192.168.1.55","192.168.1.2","TCP","1514","8004  >  49712 [ACK] Seq=389702 Ack=144 Win=65024 Len=1448 TSval=2916032164 TSecr=3045551937 [TCP segment of a reassembled PDU]"
"328","28.084177898","192.168.1.55","192.168.1.2","TCP","1514","8004  >  49712 [ACK] Seq=391150 Ack=144 Win=65024 Len=1448 TSval=2916032164 TSecr=3045551937 [TCP segment of a reassembled PDU]"
"329","28.084179158","192.168.1.55","192.168.1.2","TCP","1514","8004  >  49712 [ACK] Seq=392598 Ack=144 Win=65024 Len=1448 TSval=2916032164 TSecr=3045551937 [TCP segment of a reassembled PDU]"
"330","28.084180473","192.168.1.55","192.168.1.2","TCP","1514","8004  >  49712 [ACK] Seq=394046 Ack=144 Win=65024 Len=1448 TSval=2916032164 TSecr=3045551937 [TCP segment of a reassembled PDU]"
"331","28.084182065","192.168.1.55","192.168.1.2","TCP","1514","8004  >  49712 [ACK] Seq=395494 Ack=144 Win=65024 Len=1448 TSval=2916032164 TSecr=3045551937 [TCP segment of a reassembled PDU]"
"332","28.084183435","192.168.1.55","192.168.1.2","TCP","1514","8004  >  49712 [ACK] Seq=396942 Ack=144 Win=65024 Len=1448 TSval=2916032164 TSecr=3045551937 [TCP segment of a reassembled PDU]"
"333","28.084184787","192.168.1.55","192.168.1.2","TCP","1514","8004  >  49712 [ACK] Seq=398390 Ack=144 Win=65024 Len=1448 TSval=2916032164 TSecr=3045551937 [TCP segment of a reassembled PDU]"
"334","28.084189750","192.168.1.55","192.168.1.2","TCP","1514","8004  >  49712 [ACK] Seq=399838 Ack=144 Win=65024 Len=1448 TSval=2916032164 TSecr=3045551937 [TCP segment of a reassembled PDU]"
"335","28.084190880","192.168.1.55","192.168.1.2","TCP","1514","8004  >  49712 [ACK] Seq=401286 Ack=144 Win=65024 Len=1448 TSval=2916032164 TSecr=3045551937 [TCP segment of a reassembled PDU]"
"336","28.084192343","192.168.1.55","192.168.1.2","TCP","1514","8004  >  49712 [ACK] Seq=402734 Ack=144 Win=65024 Len=1448 TSval=2916032164 TSecr=3045551937 [TCP segment of a reassembled PDU]"
"337","28.084193417","192.168.1.55","192.168.1.2","TCP","1514","8004  >  49712 [ACK] Seq=404182 Ack=144 Win=65024 Len=1448 TSval=2916032164 TSecr=3045551937 [TCP segment of a reassembled PDU]"
"338","28.084194991","192.168.1.55","192.168.1.2","TCP","1514","8004  >  49712 [ACK] Seq=405630 Ack=144 Win=65024 Len=1448 TSval=2916032164 TSecr=3045551937 [TCP segment of a reassembled PDU]"
"339","28.084196361","192.168.1.55","192.168.1.2","TCP","1514","8004  >  49712 [ACK] Seq=407078 Ack=144 Win=65024 Len=1448 TSval=2916032164 TSecr=3045551937 [TCP segment of a reassembled PDU]"
"340","28.084197658","192.168.1.55","192.168.1.2","TCP","1514","8004  >  49712 [ACK] Seq=408526 Ack=144 Win=65024 Len=1448 TSval=2916032164 TSecr=3045551937 [TCP segment of a reassembled PDU]"
"341","28.084199139","192.168.1.55","192.168.1.2","TCP","1514","8004  >  49712 [ACK] Seq=409974 Ack=144 Win=65024 Len=1448 TSval=2916032164 TSecr=3045551937 [TCP segment of a reassembled PDU]"
"342","28.084200380","192.168.1.55","192.168.1.2","TCP","1514","8004  >  49712 [ACK] Seq=411422 Ack=144 Win=65024 Len=1448 TSval=2916032164 TSecr=3045551937 [TCP segment of a reassembled PDU]"
"343","28.084201621","192.168.1.55","192.168.1.2","TCP","1514","8004  >  49712 [ACK] Seq=412870 Ack=144 Win=65024 Len=1448 TSval=2916032164 TSecr=3045551937 [TCP segment of a reassembled PDU]"
"344","28.084202676","192.168.1.55","192.168.1.2","TCP","1514","8004  >  49712 [ACK] Seq=414318 Ack=144 Win=65024 Len=1448 TSval=2916032164 TSecr=3045551937 [TCP segment of a reassembled PDU]"
"345","28.084204047","192.168.1.55","192.168.1.2","TCP","1514","8004  >  49712 [ACK] Seq=415766 Ack=144 Win=65024 Len=1448 TSval=2916032164 TSecr=3045551937 [TCP segment of a reassembled PDU]"
"346","28.084205491","192.168.1.55","192.168.1.2","TCP","1514","8004  >  49712 [ACK] Seq=417214 Ack=144 Win=65024 Len=1448 TSval=2916032164 TSecr=3045551937 [TCP segment of a reassembled PDU]"
"347","28.084206917","192.168.1.55","192.168.1.2","TCP","1514","8004  >  49712 [ACK] Seq=418662 Ack=144 Win=65024 Len=1448 TSval=2916032164 TSecr=3045551937 [TCP segment of a reassembled PDU]"
"348","28.084208232","192.168.1.55","192.168.1.2","TCP","1514","8004  >  49712 [ACK] Seq=420110 Ack=144 Win=65024 Len=1448 TSval=2916032164 TSecr=3045551937 [TCP segment of a reassembled PDU]"
"349","28.084209750","192.168.1.55","192.168.1.2","TCP","1514","8004  >  49712 [ACK] Seq=421558 Ack=144 Win=65024 Len=1448 TSval=2916032164 TSecr=3045551937 [TCP segment of a reassembled PDU]"
"350","28.084210936","192.168.1.55","192.168.1.2","TCP","1514","8004  >  49712 [PSH, ACK] Seq=423006 Ack=144 Win=65024 Len=1448 TSval=2916032164 TSecr=3045551937 [TCP segment of a reassembled PDU]"
"351","28.085485919","192.168.1.2","192.168.1.55","TCP","66","49712  >  8004 [ACK] Seq=144 Ack=315302 Win=135168 Len=0 TSval=3045551939 TSecr=2916032159"
"352","28.085570327","192.168.1.55","192.168.1.2","TCP","1514","8004  >  49712 [ACK] Seq=424454 Ack=144 Win=65024 Len=1448 TSval=2916032166 TSecr=3045551939 [TCP segment of a reassembled PDU]"
"353","28.085576715","192.168.1.55","192.168.1.2","TCP","1514","8004  >  49712 [ACK] Seq=425902 Ack=144 Win=65024 Len=1448 TSval=2916032166 TSecr=3045551939 [TCP segment of a reassembled PDU]"
"354","28.085579271","192.168.1.55","192.168.1.2","TCP","1514","8004  >  49712 [ACK] Seq=427350 Ack=144 Win=65024 Len=1448 TSval=2916032166 TSecr=3045551939 [TCP segment of a reassembled PDU]"
"355","28.085580401","192.168.1.55","192.168.1.2","TCP","1514","8004  >  49712 [ACK] Seq=428798 Ack=144 Win=65024 Len=1448 TSval=2916032166 TSecr=3045551939 [TCP segment of a reassembled PDU]"
"356","28.085581493","192.168.1.55","192.168.1.2","TCP","1514","8004  >  49712 [ACK] Seq=430246 Ack=144 Win=65024 Len=1448 TSval=2916032166 TSecr=3045551939 [TCP segment of a reassembled PDU]"
"357","28.085582956","192.168.1.55","192.168.1.2","TCP","1514","8004  >  49712 [ACK] Seq=431694 Ack=144 Win=65024 Len=1448 TSval=2916032166 TSecr=3045551939 [TCP segment of a reassembled PDU]"
"358","28.085584327","192.168.1.55","192.168.1.2","TCP","1514","8004  >  49712 [ACK] Seq=433142 Ack=144 Win=65024 Len=1448 TSval=2916032166 TSecr=3045551939 [TCP segment of a reassembled PDU]"
"359","28.085585530","192.168.1.55","192.168.1.2","TCP","1514","8004  >  49712 [ACK] Seq=434590 Ack=144 Win=65024 Len=1448 TSval=2916032166 TSecr=3045551939 [TCP segment of a reassembled PDU]"
"360","28.085586845","192.168.1.55","192.168.1.2","TCP","1514","8004  >  49712 [ACK] Seq=436038 Ack=144 Win=65024 Len=1448 TSval=2916032166 TSecr=3045551939 [TCP segment of a reassembled PDU]"
"361","28.085588049","192.168.1.55","192.168.1.2","TCP","1514","8004  >  49712 [ACK] Seq=437486 Ack=144 Win=65024 Len=1448 TSval=2916032166 TSecr=3045551939 [TCP segment of a reassembled PDU]"
"362","28.085589493","192.168.1.55","192.168.1.2","TCP","1514","8004  >  49712 [ACK] Seq=438934 Ack=144 Win=65024 Len=1448 TSval=2916032166 TSecr=3045551939 [TCP segment of a reassembled PDU]"
"363","28.085590956","192.168.1.55","192.168.1.2","TCP","1514","8004  >  49712 [ACK] Seq=440382 Ack=144 Win=65024 Len=1448 TSval=2916032166 TSecr=3045551939 [TCP segment of a reassembled PDU]"
"364","28.085592512","192.168.1.55","192.168.1.2","TCP","1514","8004  >  49712 [ACK] Seq=441830 Ack=144 Win=65024 Len=1448 TSval=2916032166 TSecr=3045551939 [TCP segment of a reassembled PDU]"
"365","28.085594030","192.168.1.55","192.168.1.2","TCP","1514","8004  >  49712 [ACK] Seq=443278 Ack=144 Win=65024 Len=1448 TSval=2916032166 TSecr=3045551939 [TCP segment of a reassembled PDU]"
"366","28.085595586","192.168.1.55","192.168.1.2","TCP","1514","8004  >  49712 [ACK] Seq=444726 Ack=144 Win=65024 Len=1448 TSval=2916032166 TSecr=3045551939 [TCP segment of a reassembled PDU]"
"367","28.085597641","192.168.1.55","192.168.1.2","TCP","1514","8004  >  49712 [ACK] Seq=446174 Ack=144 Win=65024 Len=1448 TSval=2916032166 TSecr=3045551939 [TCP segment of a reassembled PDU]"
"368","28.085598882","192.168.1.55","192.168.1.2","TCP","1514","8004  >  49712 [PSH, ACK] Seq=447622 Ack=144 Win=65024 Len=1448 TSval=2916032166 TSecr=3045551939 [TCP segment of a reassembled PDU]"
"369","28.085669290","192.168.1.2","192.168.1.55","TCP","66","49712  >  8004 [ACK] Seq=144 Ack=321094 Win=130048 Len=0 TSval=3045551939 TSecr=2916032159"
"370","28.085692956","192.168.1.55","192.168.1.2","TCP","1514","8004  >  49712 [ACK] Seq=449070 Ack=144 Win=65024 Len=1448 TSval=2916032166 TSecr=3045551939 [TCP segment of a reassembled PDU]"
"371","28.085698012","192.168.1.2","192.168.1.55","TCP","66","49712  >  8004 [ACK] Seq=144 Ack=322542 Win=138240 Len=0 TSval=3045551940 TSecr=2916032162"
"372","28.088517201","192.168.1.2","192.168.1.55","TCP","66","49712  >  8004 [ACK] Seq=144 Ack=323990 Win=141312 Len=0 TSval=3045551940 TSecr=2916032162"
"373","28.088579053","192.168.1.55","192.168.1.2","TCP","1514","8004  >  49712 [ACK] Seq=450518 Ack=144 Win=65024 Len=1448 TSval=2916032169 TSecr=3045551940 [TCP segment of a reassembled PDU]"
"374","28.088585979","192.168.1.55","192.168.1.2","TCP","1514","8004  >  49712 [ACK] Seq=451966 Ack=144 Win=65024 Len=1448 TSval=2916032169 TSecr=3045551940 [TCP segment of a reassembled PDU]"
"375","28.088587109","192.168.1.55","192.168.1.2","TCP","1514","8004  >  49712 [ACK] Seq=453414 Ack=144 Win=65024 Len=1448 TSval=2916032169 TSecr=3045551940 [TCP segment of a reassembled PDU]"
"376","28.088588257","192.168.1.55","192.168.1.2","TCP","1514","8004  >  49712 [ACK] Seq=454862 Ack=144 Win=65024 Len=1448 TSval=2916032169 TSecr=3045551940 [TCP segment of a reassembled PDU]"
"377","28.088590202","192.168.1.55","192.168.1.2","TCP","1514","8004  >  49712 [ACK] Seq=456310 Ack=144 Win=65024 Len=1448 TSval=2916032169 TSecr=3045551940 [TCP segment of a reassembled PDU]"
"378","28.088591590","192.168.1.55","192.168.1.2","TCP","1514","8004  >  49712 [ACK] Seq=457758 Ack=144 Win=65024 Len=1448 TSval=2916032169 TSecr=3045551940 [TCP segment of a reassembled PDU]"
"379","28.088593035","192.168.1.55","192.168.1.2","TCP","1514","8004  >  49712 [ACK] Seq=459206 Ack=144 Win=65024 Len=1448 TSval=2916032169 TSecr=3045551940 [TCP segment of a reassembled PDU]"
"380","28.088594905","192.168.1.55","192.168.1.2","TCP","1514","8004  >  49712 [ACK] Seq=460654 Ack=144 Win=65024 Len=1448 TSval=2916032169 TSecr=3045551940 [TCP segment of a reassembled PDU]"
"381","28.088596479","192.168.1.55","192.168.1.2","TCP","1514","8004  >  49712 [ACK] Seq=462102 Ack=144 Win=65024 Len=1448 TSval=2916032169 TSecr=3045551940 [TCP segment of a reassembled PDU]"
"382","28.088598072","192.168.1.55","192.168.1.2","TCP","1514","8004  >  49712 [PSH, ACK] Seq=463550 Ack=144 Win=65024 Len=1448 TSval=2916032169 TSecr=3045551940 [TCP segment of a reassembled PDU]"
"383","28.092838171","192.168.1.2","192.168.1.55","TCP","66","49712  >  8004 [ACK] Seq=144 Ack=337022 Win=166912 Len=0 TSval=3045551947 TSecr=2916032162"
"384","28.092897690","192.168.1.55","192.168.1.2","TCP","1514","8004  >  49712 [ACK] Seq=464998 Ack=144 Win=65024 Len=1448 TSval=2916032173 TSecr=3045551947 [TCP segment of a reassembled PDU]"
"385","28.092902134","192.168.1.55","192.168.1.2","TCP","1514","8004  >  49712 [PSH, ACK] Seq=466446 Ack=144 Win=65024 Len=1448 TSval=2916032173 TSecr=3045551947 [TCP segment of a reassembled PDU]"
"386","28.092957208","192.168.1.55","192.168.1.2","TCP","1514","8004  >  49712 [ACK] Seq=467894 Ack=144 Win=65024 Len=1448 TSval=2916032173 TSecr=3045551947 [TCP segment of a reassembled PDU]"
"387","28.092961523","192.168.1.55","192.168.1.2","TCP","1514","8004  >  49712 [ACK] Seq=469342 Ack=144 Win=65024 Len=1448 TSval=2916032173 TSecr=3045551947 [TCP segment of a reassembled PDU]"
"388","28.092963597","192.168.1.55","192.168.1.2","TCP","1514","8004  >  49712 [ACK] Seq=470790 Ack=144 Win=65024 Len=1448 TSval=2916032173 TSecr=3045551947 [TCP segment of a reassembled PDU]"
"389","28.092964819","192.168.1.55","192.168.1.2","TCP","1514","8004  >  49712 [ACK] Seq=472238 Ack=144 Win=65024 Len=1448 TSval=2916032173 TSecr=3045551947 [TCP segment of a reassembled PDU]"
"390","28.092966171","192.168.1.55","192.168.1.2","TCP","1514","8004  >  49712 [ACK] Seq=473686 Ack=144 Win=65024 Len=1448 TSval=2916032173 TSecr=3045551947 [TCP segment of a reassembled PDU]"
"391","28.092967431","192.168.1.55","192.168.1.2","TCP","1514","8004  >  49712 [ACK] Seq=475134 Ack=144 Win=65024 Len=1448 TSval=2916032173 TSecr=3045551947 [TCP segment of a reassembled PDU]"
"392","28.092968968","192.168.1.55","192.168.1.2","TCP","1514","8004  >  49712 [ACK] Seq=476582 Ack=144 Win=65024 Len=1448 TSval=2916032173 TSecr=3045551947 [TCP segment of a reassembled PDU]"
"393","28.092971153","192.168.1.55","192.168.1.2","TCP","1514","8004  >  49712 [ACK] Seq=478030 Ack=144 Win=65024 Len=1448 TSval=2916032173 TSecr=3045551947 [TCP segment of a reassembled PDU]"
"394","28.092972616","192.168.1.55","192.168.1.2","TCP","1514","8004  >  49712 [ACK] Seq=479478 Ack=144 Win=65024 Len=1448 TSval=2916032173 TSecr=3045551947 [TCP segment of a reassembled PDU]"
"395","28.092974245","192.168.1.55","192.168.1.2","TCP","1514","8004  >  49712 [ACK] Seq=480926 Ack=144 Win=65024 Len=1448 TSval=2916032173 TSecr=3045551947 [TCP segment of a reassembled PDU]"
"396","28.092975820","192.168.1.55","192.168.1.2","TCP","1514","8004  >  49712 [ACK] Seq=482374 Ack=144 Win=65024 Len=1448 TSval=2916032173 TSecr=3045551947 [TCP segment of a reassembled PDU]"
"397","28.092977042","192.168.1.55","192.168.1.2","TCP","1514","8004  >  49712 [ACK] Seq=483822 Ack=144 Win=65024 Len=1448 TSval=2916032173 TSecr=3045551947 [TCP segment of a reassembled PDU]"
"398","28.092978838","192.168.1.55","192.168.1.2","TCP","1514","8004  >  49712 [ACK] Seq=485270 Ack=144 Win=65024 Len=1448 TSval=2916032173 TSecr=3045551947 [TCP segment of a reassembled PDU]"
"399","28.092980412","192.168.1.55","192.168.1.2","TCP","1514","8004  >  49712 [ACK] Seq=486718 Ack=144 Win=65024 Len=1448 TSval=2916032173 TSecr=3045551947 [TCP segment of a reassembled PDU]"
"400","28.092981727","192.168.1.55","192.168.1.2","TCP","1514","8004  >  49712 [ACK] Seq=488166 Ack=144 Win=65024 Len=1448 TSval=2916032173 TSecr=3045551947 [TCP segment of a reassembled PDU]"
"401","28.092983005","192.168.1.55","192.168.1.2","TCP","1514","8004  >  49712 [ACK] Seq=489614 Ack=144 Win=65024 Len=1448 TSval=2916032173 TSecr=3045551947 [TCP segment of a reassembled PDU]"
"402","28.092984542","192.168.1.55","192.168.1.2","TCP","1514","8004  >  49712 [ACK] Seq=491062 Ack=144 Win=65024 Len=1448 TSval=2916032173 TSecr=3045551947 [TCP segment of a reassembled PDU]"
"403","28.092986301","192.168.1.55","192.168.1.2","TCP","1514","8004  >  49712 [ACK] Seq=492510 Ack=144 Win=65024 Len=1448 TSval=2916032173 TSecr=3045551947 [TCP segment of a reassembled PDU]"
"404","28.092987394","192.168.1.55","192.168.1.2","TCP","1514","8004  >  49712 [ACK] Seq=493958 Ack=144 Win=65024 Len=1448 TSval=2916032173 TSecr=3045551947 [TCP segment of a reassembled PDU]"
"405","28.092989060","192.168.1.55","192.168.1.2","TCP","1514","8004  >  49712 [ACK] Seq=495406 Ack=144 Win=65024 Len=1448 TSval=2916032173 TSecr=3045551947 [TCP segment of a reassembled PDU]"
"406","28.092990431","192.168.1.55","192.168.1.2","TCP","1514","8004  >  49712 [PSH, ACK] Seq=496854 Ack=144 Win=65024 Len=1448 TSval=2916032173 TSecr=3045551947 [TCP segment of a reassembled PDU]"
"407","28.093002134","192.168.1.55","192.168.1.2","HTTP","222","HTTP/1.0 200 OK  (PNG)"
"408","28.093090060","192.168.1.2","192.168.1.55","TCP","66","49712  >  8004 [ACK] Seq=144 Ack=337574 Win=169984 Len=0 TSval=3045551947 TSecr=2916032162"
"409","28.093102857","192.168.1.2","192.168.1.55","TCP","66","49712  >  8004 [ACK] Seq=144 Ack=354950 Win=184320 Len=0 TSval=3045551947 TSecr=2916032163"
"410","28.093109579","192.168.1.2","192.168.1.55","TCP","66","49712  >  8004 [ACK] Seq=144 Ack=369430 Win=187392 Len=0 TSval=3045551947 TSecr=2916032163"
"411","28.093164764","192.168.1.2","192.168.1.55","TCP","66","49712  >  8004 [ACK] Seq=144 Ack=381014 Win=206848 Len=0 TSval=3045551947 TSecr=2916032163"
"412","28.093170820","192.168.1.2","192.168.1.55","TCP","66","49712  >  8004 [ACK] Seq=144 Ack=450518 Win=141312 Len=0 TSval=3045551948 TSecr=2916032164"
"413","28.093208190","192.168.1.2","192.168.1.55","TCP","66","49712  >  8004 [ACK] Seq=144 Ack=464998 Win=200704 Len=0 TSval=3045551949 TSecr=2916032169"
"414","28.096701714","192.168.1.2","192.168.1.55","TCP","66","49712  >  8004 [ACK] Seq=144 Ack=467894 Win=211968 Len=0 TSval=3045551952 TSecr=2916032173"
"415","28.096796288","192.168.1.2","192.168.1.55","TCP","66","49712  >  8004 [ACK] Seq=144 Ack=498302 Win=216064 Len=0 TSval=3045551952 TSecr=2916032173"
"416","28.098253439","192.168.1.2","192.168.1.55","TCP","66","49712  >  8004 [FIN, ACK] Seq=144 Ack=498459 Win=218112 Len=0 TSval=3045551953 TSecr=2916032173"
"417","28.098276568","192.168.1.55","192.168.1.2","TCP","66","8004  >  49712 [ACK] Seq=498459 Ack=145 Win=65024 Len=0 TSval=2916032178 TSecr=3045551953"
"418","28.098333032","192.168.1.2","192.168.1.55","TCP","74","49726  >  8004 [SYN] Seq=0 Win=64240 Len=0 MSS=1460 SACK_PERM TSval=3045551953 TSecr=0 WS=1024"
"419","28.098376624","192.168.1.55","192.168.1.2","TCP","74","8004  >  49726 [SYN, ACK] Seq=0 Ack=1 Win=65160 Len=0 MSS=1460 SACK_PERM TSval=2916032179 TSecr=3045551953 WS=128"
"420","28.101569240","192.168.1.2","192.168.1.55","TCP","66","49726  >  8004 [ACK] Seq=1 Ack=1 Win=64512 Len=0 TSval=3045551956 TSecr=2916032179"
"421","28.102099760","192.168.1.2","192.168.1.55","HTTP","206","GET /stego_benchmark.png HTTP/1.1 "
"422","28.102118463","192.168.1.55","192.168.1.2","TCP","66","8004  >  49726 [ACK] Seq=1 Ack=141 Win=65024 Len=0 TSval=2916032182 TSecr=3045551956"
"423","28.103021131","192.168.1.55","192.168.1.2","TCP","255","8004  >  49726 [PSH, ACK] Seq=1 Ack=141 Win=65024 Len=189 TSval=2916032183 TSecr=3045551956 [TCP segment of a reassembled PDU]"
"424","28.103148558","192.168.1.55","192.168.1.2","TCP","1514","8004  >  49726 [ACK] Seq=190 Ack=141 Win=65024 Len=1448 TSval=2916032183 TSecr=3045551956 [TCP segment of a reassembled PDU]"
"425","28.103154706","192.168.1.55","192.168.1.2","TCP","1514","8004  >  49726 [ACK] Seq=1638 Ack=141 Win=65024 Len=1448 TSval=2916032183 TSecr=3045551956 [TCP segment of a reassembled PDU]"
"426","28.103156483","192.168.1.55","192.168.1.2","TCP","1514","8004  >  49726 [ACK] Seq=3086 Ack=141 Win=65024 Len=1448 TSval=2916032183 TSecr=3045551956 [TCP segment of a reassembled PDU]"
"427","28.103157965","192.168.1.55","192.168.1.2","TCP","1514","8004  >  49726 [ACK] Seq=4534 Ack=141 Win=65024 Len=1448 TSval=2916032183 TSecr=3045551956 [TCP segment of a reassembled PDU]"
"428","28.103159502","192.168.1.55","192.168.1.2","TCP","1514","8004  >  49726 [PSH, ACK] Seq=5982 Ack=141 Win=65024 Len=1448 TSval=2916032183 TSecr=3045551956 [TCP segment of a reassembled PDU]"
"429","28.103184835","192.168.1.55","192.168.1.2","TCP","1514","8004  >  49726 [ACK] Seq=7430 Ack=141 Win=65024 Len=1448 TSval=2916032183 TSecr=3045551956 [TCP segment of a reassembled PDU]"
"430","28.103186743","192.168.1.55","192.168.1.2","TCP","1514","8004  >  49726 [ACK] Seq=8878 Ack=141 Win=65024 Len=1448 TSval=2916032183 TSecr=3045551956 [TCP segment of a reassembled PDU]"
"431","28.103188854","192.168.1.55","192.168.1.2","TCP","1514","8004  >  49726 [ACK] Seq=10326 Ack=141 Win=65024 Len=1448 TSval=2916032183 TSecr=3045551956 [TCP segment of a reassembled PDU]"
"432","28.103190946","192.168.1.55","192.168.1.2","TCP","1514","8004  >  49726 [PSH, ACK] Seq=11774 Ack=141 Win=65024 Len=1448 TSval=2916032183 TSecr=3045551956 [TCP segment of a reassembled PDU]"
"433","28.108310899","192.168.1.2","192.168.1.55","TCP","66","49726  >  8004 [ACK] Seq=141 Ack=190 Win=64512 Len=0 TSval=3045551961 TSecr=2916032183"
"434","28.108346343","192.168.1.55","192.168.1.2","TCP","1514","8004  >  49726 [ACK] Seq=13222 Ack=141 Win=65024 Len=1448 TSval=2916032189 TSecr=3045551961 [TCP segment of a reassembled PDU]"
"435","28.108351066","192.168.1.55","192.168.1.2","TCP","1514","8004  >  49726 [PSH, ACK] Seq=14670 Ack=141 Win=65024 Len=1448 TSval=2916032189 TSecr=3045551961 [TCP segment of a reassembled PDU]"
"436","28.108418769","192.168.1.2","192.168.1.55","TCP","66","49726  >  8004 [ACK] Seq=141 Ack=7430 Win=79872 Len=0 TSval=3045551962 TSecr=2916032183"
"437","28.108443455","192.168.1.55","192.168.1.2","TCP","1514","8004  >  49726 [ACK] Seq=16118 Ack=141 Win=65024 Len=1448 TSval=2916032189 TSecr=3045551962 [TCP segment of a reassembled PDU]"
"438","28.108445918","192.168.1.55","192.168.1.2","TCP","1514","8004  >  49726 [ACK] Seq=17566 Ack=141 Win=65024 Len=1448 TSval=2916032189 TSecr=3045551962 [TCP segment of a reassembled PDU]"
"439","28.108447362","192.168.1.55","192.168.1.2","TCP","1514","8004  >  49726 [ACK] Seq=19014 Ack=141 Win=65024 Len=1448 TSval=2916032189 TSecr=3045551962 [TCP segment of a reassembled PDU]"
"440","28.108448658","192.168.1.55","192.168.1.2","TCP","1514","8004  >  49726 [ACK] Seq=20462 Ack=141 Win=65024 Len=1448 TSval=2916032189 TSecr=3045551962 [TCP segment of a reassembled PDU]"
"441","28.108449955","192.168.1.55","192.168.1.2","TCP","1514","8004  >  49726 [ACK] Seq=21910 Ack=141 Win=65024 Len=1448 TSval=2916032189 TSecr=3045551962 [TCP segment of a reassembled PDU]"
"442","28.108451307","192.168.1.55","192.168.1.2","TCP","1514","8004  >  49726 [ACK] Seq=23358 Ack=141 Win=65024 Len=1448 TSval=2916032189 TSecr=3045551962 [TCP segment of a reassembled PDU]"
"443","28.108452751","192.168.1.55","192.168.1.2","TCP","1514","8004  >  49726 [ACK] Seq=24806 Ack=141 Win=65024 Len=1448 TSval=2916032189 TSecr=3045551962 [TCP segment of a reassembled PDU]"
"444","28.108454307","192.168.1.55","192.168.1.2","TCP","1514","8004  >  49726 [PSH, ACK] Seq=26254 Ack=141 Win=65024 Len=1448 TSval=2916032189 TSecr=3045551962 [TCP segment of a reassembled PDU]"
"445","28.108459529","192.168.1.2","192.168.1.55","TCP","66","49726  >  8004 [ACK] Seq=141 Ack=13222 Win=81920 Len=0 TSval=3045551962 TSecr=2916032183"
"446","28.108484399","192.168.1.55","192.168.1.2","TCP","1514","8004  >  49726 [ACK] Seq=27702 Ack=141 Win=65024 Len=1448 TSval=2916032189 TSecr=3045551962 [TCP segment of a reassembled PDU]"
"447","28.108489677","192.168.1.55","192.168.1.2","TCP","1514","8004  >  49726 [ACK] Seq=29150 Ack=141 Win=65024 Len=1448 TSval=2916032189 TSecr=3045551962 [TCP segment of a reassembled PDU]"
"448","28.108491418","192.168.1.55","192.168.1.2","TCP","1514","8004  >  49726 [ACK] Seq=30598 Ack=141 Win=65024 Len=1448 TSval=2916032189 TSecr=3045551962 [TCP segment of a reassembled PDU]"
"449","28.108493158","192.168.1.55","192.168.1.2","TCP","1514","8004  >  49726 [ACK] Seq=32046 Ack=141 Win=65024 Len=1448 TSval=2916032189 TSecr=3045551962 [TCP segment of a reassembled PDU]"
"450","28.108495214","192.168.1.55","192.168.1.2","TCP","1514","8004  >  49726 [ACK] Seq=33494 Ack=141 Win=65024 Len=1448 TSval=2916032189 TSecr=3045551962 [TCP segment of a reassembled PDU]"
"451","28.108497140","192.168.1.55","192.168.1.2","TCP","1514","8004  >  49726 [ACK] Seq=34942 Ack=141 Win=65024 Len=1448 TSval=2916032189 TSecr=3045551962 [TCP segment of a reassembled PDU]"
"452","28.108499103","192.168.1.55","192.168.1.2","TCP","1514","8004  >  49726 [ACK] Seq=36390 Ack=141 Win=65024 Len=1448 TSval=2916032189 TSecr=3045551962 [TCP segment of a reassembled PDU]"
"453","28.108501529","192.168.1.55","192.168.1.2","TCP","1514","8004  >  49726 [ACK] Seq=37838 Ack=141 Win=65024 Len=1448 TSval=2916032189 TSecr=3045551962 [TCP segment of a reassembled PDU]"
"454","28.108503455","192.168.1.55","192.168.1.2","TCP","1514","8004  >  49726 [ACK] Seq=39286 Ack=141 Win=65024 Len=1448 TSval=2916032189 TSecr=3045551962 [TCP segment of a reassembled PDU]"
"455","28.108505529","192.168.1.55","192.168.1.2","TCP","1514","8004  >  49726 [PSH, ACK] Seq=40734 Ack=141 Win=65024 Len=1448 TSval=2916032189 TSecr=3045551962 [TCP segment of a reassembled PDU]"
"456","28.113442296","192.168.1.2","192.168.1.55","TCP","66","49726  >  8004 [ACK] Seq=141 Ack=16118 Win=88064 Len=0 TSval=3045551967 TSecr=2916032189"
"457","28.113466222","192.168.1.55","192.168.1.2","TCP","1514","8004  >  49726 [ACK] Seq=42182 Ack=141 Win=65024 Len=1448 TSval=2916032194 TSecr=3045551967 [TCP segment of a reassembled PDU]"
"458","28.113469703","192.168.1.55","192.168.1.2","TCP","1514","8004  >  49726 [PSH, ACK] Seq=43630 Ack=141 Win=65024 Len=1448 TSval=2916032194 TSecr=3045551967 [TCP segment of a reassembled PDU]"
"459","28.113697778","192.168.1.2","192.168.1.55","TCP","66","49726  >  8004 [ACK] Seq=141 Ack=21910 Win=88064 Len=0 TSval=3045551967 TSecr=2916032189"
"460","28.113719389","192.168.1.55","192.168.1.2","TCP","1514","8004  >  49726 [ACK] Seq=45078 Ack=141 Win=65024 Len=1448 TSval=2916032194 TSecr=3045551967 [TCP segment of a reassembled PDU]"
"461","28.113721352","192.168.1.55","192.168.1.2","TCP","1514","8004  >  49726 [ACK] Seq=46526 Ack=141 Win=65024 Len=1448 TSval=2916032194 TSecr=3045551967 [TCP segment of a reassembled PDU]"
"462","28.113722407","192.168.1.55","192.168.1.2","TCP","1514","8004  >  49726 [ACK] Seq=47974 Ack=141 Win=65024 Len=1448 TSval=2916032194 TSecr=3045551967 [TCP segment of a reassembled PDU]"
"463","28.113723518","192.168.1.55","192.168.1.2","TCP","1514","8004  >  49726 [ACK] Seq=49422 Ack=141 Win=65024 Len=1448 TSval=2916032194 TSecr=3045551967 [TCP segment of a reassembled PDU]"
"464","28.113724907","192.168.1.55","192.168.1.2","TCP","1514","8004  >  49726 [ACK] Seq=50870 Ack=141 Win=65024 Len=1448 TSval=2916032194 TSecr=3045551967 [TCP segment of a reassembled PDU]"
"465","28.113725963","192.168.1.55","192.168.1.2","TCP","1514","8004  >  49726 [ACK] Seq=52318 Ack=141 Win=65024 Len=1448 TSval=2916032194 TSecr=3045551967 [TCP segment of a reassembled PDU]"
"466","28.113727093","192.168.1.55","192.168.1.2","TCP","1514","8004  >  49726 [ACK] Seq=53766 Ack=141 Win=65024 Len=1448 TSval=2916032194 TSecr=3045551967 [TCP segment of a reassembled PDU]"
"467","28.113728222","192.168.1.55","192.168.1.2","TCP","1514","8004  >  49726 [ACK] Seq=55214 Ack=141 Win=65024 Len=1448 TSval=2916032194 TSecr=3045551967 [TCP segment of a reassembled PDU]"
"468","28.113729315","192.168.1.55","192.168.1.2","TCP","1514","8004  >  49726 [ACK] Seq=56662 Ack=141 Win=65024 Len=1448 TSval=2916032194 TSecr=3045551967 [TCP segment of a reassembled PDU]"
"469","28.113730685","192.168.1.55","192.168.1.2","TCP","1514","8004  >  49726 [PSH, ACK] Seq=58110 Ack=141 Win=65024 Len=1448 TSval=2916032194 TSecr=3045551967 [TCP segment of a reassembled PDU]"
"470","28.113734704","192.168.1.2","192.168.1.55","TCP","66","49726  >  8004 [ACK] Seq=141 Ack=27702 Win=91136 Len=0 TSval=3045551968 TSecr=2916032189"
"471","28.113740481","192.168.1.2","192.168.1.55","TCP","66","49726  >  8004 [ACK] Seq=141 Ack=36390 Win=88064 Len=0 TSval=3045551968 TSecr=2916032189"
"472","28.113928445","192.168.1.55","192.168.1.2","TCP","1514","8004  >  49726 [ACK] Seq=59558 Ack=141 Win=65024 Len=1448 TSval=2916032194 TSecr=3045551968 [TCP segment of a reassembled PDU]"
"473","28.113930945","192.168.1.55","192.168.1.2","TCP","1514","8004  >  49726 [ACK] Seq=61006 Ack=141 Win=65024 Len=1448 TSval=2916032194 TSecr=3045551968 [TCP segment of a reassembled PDU]"
"474","28.113932019","192.168.1.55","192.168.1.2","TCP","1514","8004  >  49726 [ACK] Seq=62454 Ack=141 Win=65024 Len=1448 TSval=2916032194 TSecr=3045551968 [TCP segment of a reassembled PDU]"
"475","28.113933130","192.168.1.55","192.168.1.2","TCP","1514","8004  >  49726 [ACK] Seq=63902 Ack=141 Win=65024 Len=1448 TSval=2916032194 TSecr=3045551968 [TCP segment of a reassembled PDU]"
"476","28.113934278","192.168.1.55","192.168.1.2","TCP","1514","8004  >  49726 [ACK] Seq=65350 Ack=141 Win=65024 Len=1448 TSval=2916032194 TSecr=3045551968 [TCP segment of a reassembled PDU]"
"477","28.113935352","192.168.1.55","192.168.1.2","TCP","1514","8004  >  49726 [ACK] Seq=66798 Ack=141 Win=65024 Len=1448 TSval=2916032194 TSecr=3045551968 [TCP segment of a reassembled PDU]"
"478","28.113936593","192.168.1.55","192.168.1.2","TCP","1514","8004  >  49726 [ACK] Seq=68246 Ack=141 Win=65024 Len=1448 TSval=2916032194 TSecr=3045551968 [TCP segment of a reassembled PDU]"
"479","28.113938185","192.168.1.55","192.168.1.2","TCP","1514","8004  >  49726 [ACK] Seq=69694 Ack=141 Win=65024 Len=1448 TSval=2916032194 TSecr=3045551968 [TCP segment of a reassembled PDU]"
"480","28.113939259","192.168.1.55","192.168.1.2","TCP","1514","8004  >  49726 [ACK] Seq=71142 Ack=141 Win=65024 Len=1448 TSval=2916032194 TSecr=3045551968 [TCP segment of a reassembled PDU]"
"481","28.113940426","192.168.1.55","192.168.1.2","TCP","1514","8004  >  49726 [ACK] Seq=72590 Ack=141 Win=65024 Len=1448 TSval=2916032194 TSecr=3045551968 [TCP segment of a reassembled PDU]"
"482","28.113941519","192.168.1.55","192.168.1.2","TCP","1514","8004  >  49726 [ACK] Seq=74038 Ack=141 Win=65024 Len=1448 TSval=2916032194 TSecr=3045551968 [TCP segment of a reassembled PDU]"
"483","28.113942574","192.168.1.55","192.168.1.2","TCP","1514","8004  >  49726 [PSH, ACK] Seq=75486 Ack=141 Win=65024 Len=1448 TSval=2916032194 TSecr=3045551968 [TCP segment of a reassembled PDU]"
"484","28.113997574","192.168.1.2","192.168.1.55","TCP","66","49726  >  8004 [ACK] Seq=141 Ack=39286 Win=94208 Len=0 TSval=3045551968 TSecr=2916032189"
"485","28.114004519","192.168.1.2","192.168.1.55","TCP","66","49726  >  8004 [ACK] Seq=141 Ack=42182 Win=94208 Len=0 TSval=3045551968 TSecr=2916032189"
"486","28.114058334","192.168.1.55","192.168.1.2","TCP","1514","8004  >  49726 [ACK] Seq=76934 Ack=141 Win=65024 Len=1448 TSval=2916032194 TSecr=3045551968 [TCP segment of a reassembled PDU]"
"487","28.114064760","192.168.1.55","192.168.1.2","TCP","1514","8004  >  49726 [ACK] Seq=78382 Ack=141 Win=65024 Len=1448 TSval=2916032194 TSecr=3045551968 [TCP segment of a reassembled PDU]"
"488","28.114065945","192.168.1.55","192.168.1.2","TCP","1514","8004  >  49726 [ACK] Seq=79830 Ack=141 Win=65024 Len=1448 TSval=2916032194 TSecr=3045551968 [TCP segment of a reassembled PDU]"
"489","28.114067000","192.168.1.55","192.168.1.2","TCP","1514","8004  >  49726 [ACK] Seq=81278 Ack=141 Win=65024 Len=1448 TSval=2916032194 TSecr=3045551968 [TCP segment of a reassembled PDU]"
"490","28.114068186","192.168.1.55","192.168.1.2","TCP","1514","8004  >  49726 [ACK] Seq=82726 Ack=141 Win=65024 Len=1448 TSval=2916032194 TSecr=3045551968 [TCP segment of a reassembled PDU]"
"491","28.114069426","192.168.1.55","192.168.1.2","TCP","1514","8004  >  49726 [ACK] Seq=84174 Ack=141 Win=65024 Len=1448 TSval=2916032194 TSecr=3045551968 [TCP segment of a reassembled PDU]"
"492","28.114070556","192.168.1.55","192.168.1.2","TCP","1514","8004  >  49726 [ACK] Seq=85622 Ack=141 Win=65024 Len=1448 TSval=2916032194 TSecr=3045551968 [TCP segment of a reassembled PDU]"
"493","28.114071723","192.168.1.55","192.168.1.2","TCP","1514","8004  >  49726 [ACK] Seq=87070 Ack=141 Win=65024 Len=1448 TSval=2916032194 TSecr=3045551968 [TCP segment of a reassembled PDU]"
"494","28.114072834","192.168.1.55","192.168.1.2","TCP","1514","8004  >  49726 [ACK] Seq=88518 Ack=141 Win=65024 Len=1448 TSval=2916032194 TSecr=3045551968 [TCP segment of a reassembled PDU]"
"495","28.114073963","192.168.1.55","192.168.1.2","TCP","1514","8004  >  49726 [ACK] Seq=89966 Ack=141 Win=65024 Len=1448 TSval=2916032194 TSecr=3045551968 [TCP segment of a reassembled PDU]"
"496","28.114075093","192.168.1.55","192.168.1.2","TCP","1514","8004  >  49726 [ACK] Seq=91414 Ack=141 Win=65024 Len=1448 TSval=2916032194 TSecr=3045551968 [TCP segment of a reassembled PDU]"
"497","28.114076352","192.168.1.55","192.168.1.2","TCP","1514","8004  >  49726 [ACK] Seq=92862 Ack=141 Win=65024 Len=1448 TSval=2916032194 TSecr=3045551968 [TCP segment of a reassembled PDU]"
"498","28.114077556","192.168.1.55","192.168.1.2","TCP","1514","8004  >  49726 [ACK] Seq=94310 Ack=141 Win=65024 Len=1448 TSval=2916032194 TSecr=3045551968 [TCP segment of a reassembled PDU]"
"499","28.114078704","192.168.1.55","192.168.1.2","TCP","1514","8004  >  49726 [ACK] Seq=95758 Ack=141 Win=65024 Len=1448 TSval=2916032194 TSecr=3045551968 [TCP segment of a reassembled PDU]"
"500","28.114079908","192.168.1.55","192.168.1.2","TCP","1514","8004  >  49726 [ACK] Seq=97206 Ack=141 Win=65024 Len=1448 TSval=2916032194 TSecr=3045551968 [TCP segment of a reassembled PDU]"
"501","28.114081167","192.168.1.55","192.168.1.2","TCP","1514","8004  >  49726 [PSH, ACK] Seq=98654 Ack=141 Win=65024 Len=1448 TSval=2916032194 TSecr=3045551968 [TCP segment of a reassembled PDU]"
"502","28.119532768","192.168.1.2","192.168.1.55","TCP","66","49726  >  8004 [ACK] Seq=141 Ack=45078 Win=92160 Len=0 TSval=3045551973 TSecr=2916032194"
"503","28.119548027","192.168.1.55","192.168.1.2","TCP","1514","8004  >  49726 [ACK] Seq=100102 Ack=141 Win=65024 Len=1448 TSval=2916032200 TSecr=3045551973 [TCP segment of a reassembled PDU]"
"504","28.119550416","192.168.1.55","192.168.1.2","TCP","1514","8004  >  49726 [ACK] Seq=101550 Ack=141 Win=65024 Len=1448 TSval=2916032200 TSecr=3045551973 [TCP segment of a reassembled PDU]"
"505","28.119551620","192.168.1.55","192.168.1.2","TCP","1514","8004  >  49726 [ACK] Seq=102998 Ack=141 Win=65024 Len=1448 TSval=2916032200 TSecr=3045551973 [TCP segment of a reassembled PDU]"
"506","28.119552879","192.168.1.55","192.168.1.2","TCP","1514","8004  >  49726 [PSH, ACK] Seq=104446 Ack=141 Win=65024 Len=1448 TSval=2916032200 TSecr=3045551973 [TCP segment of a reassembled PDU]"
"507","28.119818713","192.168.1.2","192.168.1.55","TCP","66","49726  >  8004 [ACK] Seq=141 Ack=59558 Win=82944 Len=0 TSval=3045551973 TSecr=2916032194"
"508","28.119835232","192.168.1.55","192.168.1.2","TCP","1514","8004  >  49726 [ACK] Seq=105894 Ack=141 Win=65024 Len=1448 TSval=2916032200 TSecr=3045551973 [TCP segment of a reassembled PDU]"
"509","28.119837398","192.168.1.55","192.168.1.2","TCP","1514","8004  >  49726 [ACK] Seq=107342 Ack=141 Win=65024 Len=1448 TSval=2916032200 TSecr=3045551973 [TCP segment of a reassembled PDU]"
"510","28.119838565","192.168.1.55","192.168.1.2","TCP","1514","8004  >  49726 [ACK] Seq=108790 Ack=141 Win=65024 Len=1448 TSval=2916032200 TSecr=3045551973 [TCP segment of a reassembled PDU]"
"511","28.119839639","192.168.1.55","192.168.1.2","TCP","1514","8004  >  49726 [ACK] Seq=110238 Ack=141 Win=65024 Len=1448 TSval=2916032200 TSecr=3045551973 [TCP segment of a reassembled PDU]"
"512","28.119840843","192.168.1.55","192.168.1.2","TCP","1514","8004  >  49726 [ACK] Seq=111686 Ack=141 Win=65024 Len=1448 TSval=2916032200 TSecr=3045551973 [TCP segment of a reassembled PDU]"
"513","28.119841972","192.168.1.55","192.168.1.2","TCP","1514","8004  >  49726 [ACK] Seq=113134 Ack=141 Win=65024 Len=1448 TSval=2916032200 TSecr=3045551973 [TCP segment of a reassembled PDU]"
"514","28.119843046","192.168.1.55","192.168.1.2","TCP","1514","8004  >  49726 [ACK] Seq=114582 Ack=141 Win=65024 Len=1448 TSval=2916032200 TSecr=3045551973 [TCP segment of a reassembled PDU]"
"515","28.119844232","192.168.1.55","192.168.1.2","TCP","1514","8004  >  49726 [ACK] Seq=116030 Ack=141 Win=65024 Len=1448 TSval=2916032200 TSecr=3045551973 [TCP segment of a reassembled PDU]"
"516","28.119845306","192.168.1.55","192.168.1.2","TCP","1514","8004  >  49726 [ACK] Seq=117478 Ack=141 Win=65024 Len=1448 TSval=2916032200 TSecr=3045551973 [TCP segment of a reassembled PDU]"
"517","28.119846621","192.168.1.55","192.168.1.2","TCP","1514","8004  >  49726 [PSH, ACK] Seq=118926 Ack=141 Win=65024 Len=1448 TSval=2916032200 TSecr=3045551973 [TCP segment of a reassembled PDU]"
"518","28.119851232","192.168.1.2","192.168.1.55","TCP","66","49726  >  8004 [ACK] Seq=141 Ack=76934 Win=66560 Len=0 TSval=3045551973 TSecr=2916032194"
"519","28.119879676","192.168.1.55","192.168.1.2","TCP","1514","8004  >  49726 [ACK] Seq=120374 Ack=141 Win=65024 Len=1448 TSval=2916032200 TSecr=3045551973 [TCP segment of a reassembled PDU]"
"520","28.119881139","192.168.1.55","192.168.1.2","TCP","1514","8004  >  49726 [ACK] Seq=121822 Ack=141 Win=65024 Len=1448 TSval=2916032200 TSecr=3045551973 [TCP segment of a reassembled PDU]"
"521","28.119882472","192.168.1.55","192.168.1.2","TCP","1514","8004  >  49726 [ACK] Seq=123270 Ack=141 Win=65024 Len=1448 TSval=2916032200 TSecr=3045551973 [TCP segment of a reassembled PDU]"
"522","28.119883676","192.168.1.55","192.168.1.2","TCP","1514","8004  >  49726 [ACK] Seq=124718 Ack=141 Win=65024 Len=1448 TSval=2916032200 TSecr=3045551973 [TCP segment of a reassembled PDU]"
"523","28.119884824","192.168.1.55","192.168.1.2","TCP","1514","8004  >  49726 [ACK] Seq=126166 Ack=141 Win=65024 Len=1448 TSval=2916032200 TSecr=3045551973 [TCP segment of a reassembled PDU]"
"524","28.119886028","192.168.1.55","192.168.1.2","TCP","1514","8004  >  49726 [ACK] Seq=127614 Ack=141 Win=65024 Len=1448 TSval=2916032200 TSecr=3045551973 [TCP segment of a reassembled PDU]"
"525","28.119887232","192.168.1.55","192.168.1.2","TCP","1514","8004  >  49726 [ACK] Seq=129062 Ack=141 Win=65024 Len=1448 TSval=2916032200 TSecr=3045551973 [TCP segment of a reassembled PDU]"
"526","28.119888509","192.168.1.55","192.168.1.2","TCP","1514","8004  >  49726 [ACK] Seq=130510 Ack=141 Win=65024 Len=1448 TSval=2916032200 TSecr=3045551973 [TCP segment of a reassembled PDU]"
"527","28.119889602","192.168.1.55","192.168.1.2","TCP","1514","8004  >  49726 [ACK] Seq=131958 Ack=141 Win=65024 Len=1448 TSval=2916032200 TSecr=3045551973 [TCP segment of a reassembled PDU]"
"528","28.119890787","192.168.1.55","192.168.1.2","TCP","1514","8004  >  49726 [ACK] Seq=133406 Ack=141 Win=65024 Len=1448 TSval=2916032200 TSecr=3045551973 [TCP segment of a reassembled PDU]"
"529","28.119892028","192.168.1.55","192.168.1.2","TCP","1514","8004  >  49726 [ACK] Seq=134854 Ack=141 Win=65024 Len=1448 TSval=2916032200 TSecr=3045551973 [TCP segment of a reassembled PDU]"
"530","28.119893528","192.168.1.55","192.168.1.2","TCP","1514","8004  >  49726 [ACK] Seq=136302 Ack=141 Win=65024 Len=1448 TSval=2916032200 TSecr=3045551973 [TCP segment of a reassembled PDU]"
"531","28.119894602","192.168.1.55","192.168.1.2","TCP","1514","8004  >  49726 [ACK] Seq=137750 Ack=141 Win=65024 Len=1448 TSval=2916032200 TSecr=3045551973 [TCP segment of a reassembled PDU]"
"532","28.119895880","192.168.1.55","192.168.1.2","TCP","1514","8004  >  49726 [ACK] Seq=139198 Ack=141 Win=65024 Len=1448 TSval=2916032200 TSecr=3045551973 [TCP segment of a reassembled PDU]"
"533","28.119897028","192.168.1.55","192.168.1.2","TCP","1514","8004  >  49726 [ACK] Seq=140646 Ack=141 Win=65024 Len=1448 TSval=2916032200 TSecr=3045551973 [TCP segment of a reassembled PDU]"
"534","28.119898306","192.168.1.55","192.168.1.2","TCP","1466","[TCP Window Full] 8004  >  49726 [PSH, ACK] Seq=142094 Ack=141 Win=65024 Len=1400 TSval=2916032200 TSecr=3045551973 [TCP segment of a reassembled PDU]"
"535","28.119903361","192.168.1.2","192.168.1.55","TCP","66","49726  >  8004 [ACK] Seq=141 Ack=92862 Win=80896 Len=0 TSval=3045551973 TSecr=2916032194"
"536","28.119928769","192.168.1.55","192.168.1.2","TCP","1514","8004  >  49726 [ACK] Seq=143494 Ack=141 Win=65024 Len=1448 TSval=2916032200 TSecr=3045551973 [TCP segment of a reassembled PDU]"
"537","28.119930380","192.168.1.55","192.168.1.2","TCP","1514","8004  >  49726 [ACK] Seq=144942 Ack=141 Win=65024 Len=1448 TSval=2916032200 TSecr=3045551973 [TCP segment of a reassembled PDU]"
"538","28.119931547","192.168.1.55","192.168.1.2","TCP","1514","8004  >  49726 [ACK] Seq=146390 Ack=141 Win=65024 Len=1448 TSval=2916032200 TSecr=3045551973 [TCP segment of a reassembled PDU]"
"539","28.119932750","192.168.1.55","192.168.1.2","TCP","1514","8004  >  49726 [ACK] Seq=147838 Ack=141 Win=65024 Len=1448 TSval=2916032200 TSecr=3045551973 [TCP segment of a reassembled PDU]"
"540","28.119933973","192.168.1.55","192.168.1.2","TCP","1514","8004  >  49726 [ACK] Seq=149286 Ack=141 Win=65024 Len=1448 TSval=2916032200 TSecr=3045551973 [TCP segment of a reassembled PDU]"
"541","28.119935084","192.168.1.55","192.168.1.2","TCP","1514","8004  >  49726 [ACK] Seq=150734 Ack=141 Win=65024 Len=1448 TSval=2916032200 TSecr=3045551973 [TCP segment of a reassembled PDU]"
"542","28.119936250","192.168.1.55","192.168.1.2","TCP","1514","8004  >  49726 [ACK] Seq=152182 Ack=141 Win=65024 Len=1448 TSval=2916032200 TSecr=3045551973 [TCP segment of a reassembled PDU]"
"543","28.119937917","192.168.1.55","192.168.1.2","TCP","1514","8004  >  49726 [ACK] Seq=153630 Ack=141 Win=65024 Len=1448 TSval=2916032200 TSecr=3045551973 [TCP segment of a reassembled PDU]"
"544","28.119939047","192.168.1.55","192.168.1.2","TCP","1514","8004  >  49726 [ACK] Seq=155078 Ack=141 Win=65024 Len=1448 TSval=2916032200 TSecr=3045551973 [TCP segment of a reassembled PDU]"
"545","28.119940269","192.168.1.55","192.168.1.2","TCP","1514","8004  >  49726 [ACK] Seq=156526 Ack=141 Win=65024 Len=1448 TSval=2916032200 TSecr=3045551973 [TCP segment of a reassembled PDU]"
"546","28.119941361","192.168.1.55","192.168.1.2","TCP","1514","8004  >  49726 [ACK] Seq=157974 Ack=141 Win=65024 Len=1448 TSval=2916032200 TSecr=3045551973 [TCP segment of a reassembled PDU]"
"547","28.119942435","192.168.1.55","192.168.1.2","TCP","1514","8004  >  49726 [ACK] Seq=159422 Ack=141 Win=65024 Len=1448 TSval=2916032200 TSecr=3045551973 [TCP segment of a reassembled PDU]"
"548","28.119943584","192.168.1.55","192.168.1.2","TCP","1514","8004  >  49726 [ACK] Seq=160870 Ack=141 Win=65024 Len=1448 TSval=2916032200 TSecr=3045551973 [TCP segment of a reassembled PDU]"
"549","28.119944898","192.168.1.55","192.168.1.2","TCP","1514","8004  >  49726 [PSH, ACK] Seq=162318 Ack=141 Win=65024 Len=1448 TSval=2916032200 TSecr=3045551973 [TCP segment of a reassembled PDU]"
"550","28.119948843","192.168.1.2","192.168.1.55","TCP","66","49726  >  8004 [ACK] Seq=141 Ack=100102 Win=87040 Len=0 TSval=3045551974 TSecr=2916032194"
"551","28.121138863","192.168.1.55","192.168.1.2","TCP","114","8004  >  49726 [ACK] Seq=163766 Ack=141 Win=65024 Len=48 TSval=2916032201 TSecr=3045551974 [TCP segment of a reassembled PDU]"
"552","28.121156623","192.168.1.55","192.168.1.2","TCP","1514","8004  >  49726 [ACK] Seq=163814 Ack=141 Win=65024 Len=1448 TSval=2916032201 TSecr=3045551974 [TCP segment of a reassembled PDU]"
"553","28.121157752","192.168.1.55","192.168.1.2","TCP","1514","8004  >  49726 [ACK] Seq=165262 Ack=141 Win=65024 Len=1448 TSval=2916032201 TSecr=3045551974 [TCP segment of a reassembled PDU]"
"554","28.121158808","192.168.1.55","192.168.1.2","TCP","1514","8004  >  49726 [ACK] Seq=166710 Ack=141 Win=65024 Len=1448 TSval=2916032201 TSecr=3045551974 [TCP segment of a reassembled PDU]"
"555","28.121159974","192.168.1.55","192.168.1.2","TCP","1514","8004  >  49726 [ACK] Seq=168158 Ack=141 Win=65024 Len=1448 TSval=2916032201 TSecr=3045551974 [TCP segment of a reassembled PDU]"
"556","28.121161030","192.168.1.55","192.168.1.2","TCP","1514","8004  >  49726 [ACK] Seq=169606 Ack=141 Win=65024 Len=1448 TSval=2916032201 TSecr=3045551974 [TCP segment of a reassembled PDU]"
"557","28.121162289","192.168.1.55","192.168.1.2","TCP","1514","8004  >  49726 [ACK] Seq=171054 Ack=141 Win=65024 Len=1448 TSval=2916032201 TSecr=3045551974 [TCP segment of a reassembled PDU]"
"558","28.121163345","192.168.1.55","192.168.1.2","TCP","1514","8004  >  49726 [ACK] Seq=172502 Ack=141 Win=65024 Len=1448 TSval=2916032201 TSecr=3045551974 [TCP segment of a reassembled PDU]"
"559","28.121164456","192.168.1.55","192.168.1.2","TCP","1514","8004  >  49726 [ACK] Seq=173950 Ack=141 Win=65024 Len=1448 TSval=2916032201 TSecr=3045551974 [TCP segment of a reassembled PDU]"
"560","28.121165623","192.168.1.55","192.168.1.2","TCP","1514","8004  >  49726 [ACK] Seq=175398 Ack=141 Win=65024 Len=1448 TSval=2916032201 TSecr=3045551974 [TCP segment of a reassembled PDU]"
"561","28.121166678","192.168.1.55","192.168.1.2","TCP","1514","8004  >  49726 [ACK] Seq=176846 Ack=141 Win=65024 Len=1448 TSval=2916032201 TSecr=3045551974 [TCP segment of a reassembled PDU]"
"562","28.121167771","192.168.1.55","192.168.1.2","TCP","1514","8004  >  49726 [ACK] Seq=178294 Ack=141 Win=65024 Len=1448 TSval=2916032201 TSecr=3045551974 [TCP segment of a reassembled PDU]"
"563","28.121168900","192.168.1.55","192.168.1.2","TCP","1514","8004  >  49726 [ACK] Seq=179742 Ack=141 Win=65024 Len=1448 TSval=2916032201 TSecr=3045551974 [TCP segment of a reassembled PDU]"
"564","28.121169974","192.168.1.55","192.168.1.2","TCP","1514","8004  >  49726 [ACK] Seq=181190 Ack=141 Win=65024 Len=1448 TSval=2916032201 TSecr=3045551974 [TCP segment of a reassembled PDU]"
"565","28.121171160","192.168.1.55","192.168.1.2","TCP","1514","8004  >  49726 [ACK] Seq=182638 Ack=141 Win=65024 Len=1448 TSval=2916032201 TSecr=3045551974 [TCP segment of a reassembled PDU]"
"566","28.121172252","192.168.1.55","192.168.1.2","TCP","1514","8004  >  49726 [ACK] Seq=184086 Ack=141 Win=65024 Len=1448 TSval=2916032201 TSecr=3045551974 [TCP segment of a reassembled PDU]"
"567","28.121173345","192.168.1.55","192.168.1.2","TCP","1514","8004  >  49726 [PSH, ACK] Seq=185534 Ack=141 Win=65024 Len=1448 TSval=2916032201 TSecr=3045551974 [TCP segment of a reassembled PDU]"
"568","28.126134519","192.168.1.2","192.168.1.55","TCP","66","49726  >  8004 [ACK] Seq=141 Ack=105894 Win=87040 Len=0 TSval=3045551977 TSecr=2916032200"
"569","28.126160760","192.168.1.55","192.168.1.2","TCP","1514","8004  >  49726 [ACK] Seq=186982 Ack=141 Win=65024 Len=1448 TSval=2916032206 TSecr=3045551977 [TCP segment of a reassembled PDU]"
"570","28.126165556","192.168.1.55","192.168.1.2","TCP","1514","8004  >  49726 [ACK] Seq=188430 Ack=141 Win=65024 Len=1448 TSval=2916032206 TSecr=3045551977 [TCP segment of a reassembled PDU]"
"571","28.126167223","192.168.1.55","192.168.1.2","TCP","1514","8004  >  49726 [ACK] Seq=189878 Ack=141 Win=65024 Len=1448 TSval=2916032206 TSecr=3045551977 [TCP segment of a reassembled PDU]"
"572","28.126168593","192.168.1.55","192.168.1.2","TCP","1514","8004  >  49726 [PSH, ACK] Seq=191326 Ack=141 Win=65024 Len=1448 TSval=2916032206 TSecr=3045551977 [TCP segment of a reassembled PDU]"
"573","28.126454946","192.168.1.2","192.168.1.55","TCP","66","49726  >  8004 [ACK] Seq=141 Ack=120374 Win=79872 Len=0 TSval=3045551980 TSecr=2916032200"
"574","28.126463909","192.168.1.2","192.168.1.55","TCP","66","49726  >  8004 [ACK] Seq=141 Ack=143494 Win=61440 Len=0 TSval=3045551981 TSecr=2916032200"
"575","28.126471186","192.168.1.2","192.168.1.55","TCP","66","49726  >  8004 [ACK] Seq=141 Ack=163766 Win=57344 Len=0 TSval=3045551981 TSecr=2916032200"
"576","28.126489723","192.168.1.55","192.168.1.2","TCP","1514","8004  >  49726 [ACK] Seq=192774 Ack=141 Win=65024 Len=1448 TSval=2916032207 TSecr=3045551981 [TCP segment of a reassembled PDU]"
"577","28.126492020","192.168.1.55","192.168.1.2","TCP","1514","8004  >  49726 [ACK] Seq=194222 Ack=141 Win=65024 Len=1448 TSval=2916032207 TSecr=3045551981 [TCP segment of a reassembled PDU]"
"578","28.126493409","192.168.1.55","192.168.1.2","TCP","1514","8004  >  49726 [ACK] Seq=195670 Ack=141 Win=65024 Len=1448 TSval=2916032207 TSecr=3045551981 [TCP segment of a reassembled PDU]"
"579","28.126494798","192.168.1.55","192.168.1.2","TCP","1514","8004  >  49726 [ACK] Seq=197118 Ack=141 Win=65024 Len=1448 TSval=2916032207 TSecr=3045551981 [TCP segment of a reassembled PDU]"
"580","28.126496298","192.168.1.55","192.168.1.2","TCP","1514","8004  >  49726 [ACK] Seq=198566 Ack=141 Win=65024 Len=1448 TSval=2916032207 TSecr=3045551981 [TCP segment of a reassembled PDU]"
"581","28.126497594","192.168.1.55","192.168.1.2","TCP","1514","8004  >  49726 [ACK] Seq=200014 Ack=141 Win=65024 Len=1448 TSval=2916032207 TSecr=3045551981 [TCP segment of a reassembled PDU]"
"582","28.126506872","192.168.1.55","192.168.1.2","TCP","1514","8004  >  49726 [ACK] Seq=201462 Ack=141 Win=65024 Len=1448 TSval=2916032207 TSecr=3045551981 [TCP segment of a reassembled PDU]"
"583","28.126508501","192.168.1.55","192.168.1.2","TCP","1514","8004  >  49726 [ACK] Seq=202910 Ack=141 Win=65024 Len=1448 TSval=2916032207 TSecr=3045551981 [TCP segment of a reassembled PDU]"
"584","28.126509890","192.168.1.55","192.168.1.2","TCP","1514","8004  >  49726 [ACK] Seq=204358 Ack=141 Win=65024 Len=1448 TSval=2916032207 TSecr=3045551981 [TCP segment of a reassembled PDU]"
"585","28.126511168","192.168.1.55","192.168.1.2","TCP","1514","8004  >  49726 [ACK] Seq=205806 Ack=141 Win=65024 Len=1448 TSval=2916032207 TSecr=3045551981 [TCP segment of a reassembled PDU]"
"586","28.126512612","192.168.1.55","192.168.1.2","TCP","1514","8004  >  49726 [PSH, ACK] Seq=207254 Ack=141 Win=65024 Len=1448 TSval=2916032207 TSecr=3045551981 [TCP segment of a reassembled PDU]"
"587","28.126517390","192.168.1.2","192.168.1.55","TCP","66","49726  >  8004 [ACK] Seq=141 Ack=182638 Win=81920 Len=0 TSval=3045551981 TSecr=2916032201"
"588","28.126582446","192.168.1.55","192.168.1.2","TCP","1514","8004  >  49726 [ACK] Seq=208702 Ack=141 Win=65024 Len=1448 TSval=2916032207 TSecr=3045551981 [TCP segment of a reassembled PDU]"
"589","28.126586538","192.168.1.55","192.168.1.2","TCP","1514","8004  >  49726 [ACK] Seq=210150 Ack=141 Win=65024 Len=1448 TSval=2916032207 TSecr=3045551981 [TCP segment of a reassembled PDU]"
"590","28.126589057","192.168.1.55","192.168.1.2","TCP","1514","8004  >  49726 [ACK] Seq=211598 Ack=141 Win=65024 Len=1448 TSval=2916032207 TSecr=3045551981 [TCP segment of a reassembled PDU]"
"591","28.126591483","192.168.1.55","192.168.1.2","TCP","1514","8004  >  49726 [ACK] Seq=213046 Ack=141 Win=65024 Len=1448 TSval=2916032207 TSecr=3045551981 [TCP segment of a reassembled PDU]"
"592","28.126593112","192.168.1.55","192.168.1.2","TCP","1514","8004  >  49726 [ACK] Seq=214494 Ack=141 Win=65024 Len=1448 TSval=2916032207 TSecr=3045551981 [TCP segment of a reassembled PDU]"
"593","28.126594761","192.168.1.55","192.168.1.2","TCP","1514","8004  >  49726 [ACK] Seq=215942 Ack=141 Win=65024 Len=1448 TSval=2916032207 TSecr=3045551981 [TCP segment of a reassembled PDU]"
"594","28.126596168","192.168.1.55","192.168.1.2","TCP","1514","8004  >  49726 [ACK] Seq=217390 Ack=141 Win=65024 Len=1448 TSval=2916032207 TSecr=3045551981 [TCP segment of a reassembled PDU]"
"595","28.126598483","192.168.1.55","192.168.1.2","TCP","1514","8004  >  49726 [ACK] Seq=218838 Ack=141 Win=65024 Len=1448 TSval=2916032207 TSecr=3045551981 [TCP segment of a reassembled PDU]"
"596","28.126600242","192.168.1.55","192.168.1.2","TCP","1514","8004  >  49726 [ACK] Seq=220286 Ack=141 Win=65024 Len=1448 TSval=2916032207 TSecr=3045551981 [TCP segment of a reassembled PDU]"
"597","28.126601927","192.168.1.55","192.168.1.2","TCP","1514","8004  >  49726 [ACK] Seq=221734 Ack=141 Win=65024 Len=1448 TSval=2916032207 TSecr=3045551981 [TCP segment of a reassembled PDU]"
"598","28.126603409","192.168.1.55","192.168.1.2","TCP","1514","8004  >  49726 [ACK] Seq=223182 Ack=141 Win=65024 Len=1448 TSval=2916032207 TSecr=3045551981 [TCP segment of a reassembled PDU]"
"599","28.126605853","192.168.1.55","192.168.1.2","TCP","1514","8004  >  49726 [ACK] Seq=224630 Ack=141 Win=65024 Len=1448 TSval=2916032207 TSecr=3045551981 [TCP segment of a reassembled PDU]"
"600","28.126607872","192.168.1.55","192.168.1.2","TCP","1514","8004  >  49726 [ACK] Seq=226078 Ack=141 Win=65024 Len=1448 TSval=2916032207 TSecr=3045551981 [TCP segment of a reassembled PDU]"
"601","28.126609668","192.168.1.55","192.168.1.2","TCP","1514","8004  >  49726 [ACK] Seq=227526 Ack=141 Win=65024 Len=1448 TSval=2916032207 TSecr=3045551981 [TCP segment of a reassembled PDU]"
"602","28.126611205","192.168.1.55","192.168.1.2","TCP","1514","8004  >  49726 [ACK] Seq=228974 Ack=141 Win=65024 Len=1448 TSval=2916032207 TSecr=3045551981 [TCP segment of a reassembled PDU]"
"603","28.126613742","192.168.1.55","192.168.1.2","TCP","1514","8004  >  49726 [ACK] Seq=230422 Ack=141 Win=65024 Len=1448 TSval=2916032207 TSecr=3045551981 [TCP segment of a reassembled PDU]"
"604","28.126615483","192.168.1.55","192.168.1.2","TCP","1514","8004  >  49726 [ACK] Seq=231870 Ack=141 Win=65024 Len=1448 TSval=2916032207 TSecr=3045551981 [TCP segment of a reassembled PDU]"
"605","28.126617168","192.168.1.55","192.168.1.2","TCP","1514","8004  >  49726 [ACK] Seq=233318 Ack=141 Win=65024 Len=1448 TSval=2916032207 TSecr=3045551981 [TCP segment of a reassembled PDU]"
"606","28.126619316","192.168.1.55","192.168.1.2","TCP","1514","8004  >  49726 [ACK] Seq=234766 Ack=141 Win=65024 Len=1448 TSval=2916032207 TSecr=3045551981 [TCP segment of a reassembled PDU]"
"607","28.126621205","192.168.1.55","192.168.1.2","TCP","1514","8004  >  49726 [ACK] Seq=236214 Ack=141 Win=65024 Len=1448 TSval=2916032207 TSecr=3045551981 [TCP segment of a reassembled PDU]"
"608","28.126623094","192.168.1.55","192.168.1.2","TCP","1514","8004  >  49726 [ACK] Seq=237662 Ack=141 Win=65024 Len=1448 TSval=2916032207 TSecr=3045551981 [TCP segment of a reassembled PDU]"
"609","28.126624705","192.168.1.55","192.168.1.2","TCP","1514","8004  >  49726 [ACK] Seq=239110 Ack=141 Win=65024 Len=1448 TSval=2916032207 TSecr=3045551981 [TCP segment of a reassembled PDU]"
"610","28.126626353","192.168.1.55","192.168.1.2","TCP","1514","8004  >  49726 [ACK] Seq=240558 Ack=141 Win=65024 Len=1448 TSval=2916032207 TSecr=3045551981 [TCP segment of a reassembled PDU]"
"611","28.126627927","192.168.1.55","192.168.1.2","TCP","1514","8004  >  49726 [ACK] Seq=242006 Ack=141 Win=65024 Len=1448 TSval=2916032207 TSecr=3045551981 [TCP segment of a reassembled PDU]"
"612","28.126629409","192.168.1.55","192.168.1.2","TCP","1514","8004  >  49726 [ACK] Seq=243454 Ack=141 Win=65024 Len=1448 TSval=2916032207 TSecr=3045551981 [TCP segment of a reassembled PDU]"
"613","28.126631390","192.168.1.55","192.168.1.2","TCP","1514","8004  >  49726 [ACK] Seq=244902 Ack=141 Win=65024 Len=1448 TSval=2916032207 TSecr=3045551981 [TCP segment of a reassembled PDU]"
"614","28.126633335","192.168.1.55","192.168.1.2","TCP","1514","8004  >  49726 [ACK] Seq=246350 Ack=141 Win=65024 Len=1448 TSval=2916032207 TSecr=3045551981 [TCP segment of a reassembled PDU]"
"615","28.126635094","192.168.1.55","192.168.1.2","TCP","1514","8004  >  49726 [ACK] Seq=247798 Ack=141 Win=65024 Len=1448 TSval=2916032207 TSecr=3045551981 [TCP segment of a reassembled PDU]"
"616","28.126636835","192.168.1.55","192.168.1.2","TCP","1514","8004  >  49726 [ACK] Seq=249246 Ack=141 Win=65024 Len=1448 TSval=2916032207 TSecr=3045551981 [TCP segment of a reassembled PDU]"
"617","28.126638168","192.168.1.55","192.168.1.2","TCP","1514","8004  >  49726 [ACK] Seq=250694 Ack=141 Win=65024 Len=1448 TSval=2916032207 TSecr=3045551981 [TCP segment of a reassembled PDU]"
"618","28.126640094","192.168.1.55","192.168.1.2","TCP","1514","8004  >  49726 [PSH, ACK] Seq=252142 Ack=141 Win=65024 Len=1448 TSval=2916032207 TSecr=3045551981 [TCP segment of a reassembled PDU]"
"619","28.130648545","192.168.1.2","192.168.1.55","TCP","66","49726  >  8004 [ACK] Seq=141 Ack=186982 Win=94208 Len=0 TSval=3045551982 TSecr=2916032201"
"620","28.130701526","192.168.1.55","192.168.1.2","TCP","1514","8004  >  49726 [ACK] Seq=253590 Ack=141 Win=65024 Len=1448 TSval=2916032211 TSecr=3045551982 [TCP segment of a reassembled PDU]"
"621","28.130705971","192.168.1.55","192.168.1.2","TCP","1514","8004  >  49726 [ACK] Seq=255038 Ack=141 Win=65024 Len=1448 TSval=2916032211 TSecr=3045551982 [TCP segment of a reassembled PDU]"
"622","28.130707508","192.168.1.55","192.168.1.2","TCP","1514","8004  >  49726 [ACK] Seq=256486 Ack=141 Win=65024 Len=1448 TSval=2916032211 TSecr=3045551982 [TCP segment of a reassembled PDU]"
"623","28.130709193","192.168.1.55","192.168.1.2","TCP","1514","8004  >  49726 [ACK] Seq=257934 Ack=141 Win=65024 Len=1448 TSval=2916032211 TSecr=3045551982 [TCP segment of a reassembled PDU]"
"624","28.130711582","192.168.1.55","192.168.1.2","TCP","1514","8004  >  49726 [ACK] Seq=259382 Ack=141 Win=65024 Len=1448 TSval=2916032211 TSecr=3045551982 [TCP segment of a reassembled PDU]"
"625","28.130713211","192.168.1.55","192.168.1.2","TCP","1514","8004  >  49726 [ACK] Seq=260830 Ack=141 Win=65024 Len=1448 TSval=2916032211 TSecr=3045551982 [TCP segment of a reassembled PDU]"
"626","28.130714619","192.168.1.55","192.168.1.2","TCP","1514","8004  >  49726 [ACK] Seq=262278 Ack=141 Win=65024 Len=1448 TSval=2916032211 TSecr=3045551982 [TCP segment of a reassembled PDU]"
"627","28.130717637","192.168.1.55","192.168.1.2","TCP","1514","8004  >  49726 [ACK] Seq=263726 Ack=141 Win=65024 Len=1448 TSval=2916032211 TSecr=3045551982 [TCP segment of a reassembled PDU]"
"628","28.130719341","192.168.1.55","192.168.1.2","TCP","1514","8004  >  49726 [ACK] Seq=265174 Ack=141 Win=65024 Len=1448 TSval=2916032211 TSecr=3045551982 [TCP segment of a reassembled PDU]"
"629","28.130720823","192.168.1.55","192.168.1.2","TCP","1514","8004  >  49726 [ACK] Seq=266622 Ack=141 Win=65024 Len=1448 TSval=2916032211 TSecr=3045551982 [TCP segment of a reassembled PDU]"
"630","28.130722878","192.168.1.55","192.168.1.2","TCP","1514","8004  >  49726 [ACK] Seq=268070 Ack=141 Win=65024 Len=1448 TSval=2916032211 TSecr=3045551982 [TCP segment of a reassembled PDU]"
"631","28.130724897","192.168.1.55","192.168.1.2","TCP","1514","8004  >  49726 [ACK] Seq=269518 Ack=141 Win=65024 Len=1448 TSval=2916032211 TSecr=3045551982 [TCP segment of a reassembled PDU]"
"632","28.130726267","192.168.1.55","192.168.1.2","TCP","1514","8004  >  49726 [ACK] Seq=270966 Ack=141 Win=65024 Len=1448 TSval=2916032211 TSecr=3045551982 [TCP segment of a reassembled PDU]"
"633","28.130727693","192.168.1.55","192.168.1.2","TCP","1514","8004  >  49726 [ACK] Seq=272414 Ack=141 Win=65024 Len=1448 TSval=2916032211 TSecr=3045551982 [TCP segment of a reassembled PDU]"
"634","28.130730360","192.168.1.55","192.168.1.2","TCP","1514","8004  >  49726 [ACK] Seq=273862 Ack=141 Win=65024 Len=1448 TSval=2916032211 TSecr=3045551982 [TCP segment of a reassembled PDU]"
"635","28.130732230","192.168.1.55","192.168.1.2","TCP","1514","8004  >  49726 [ACK] Seq=275310 Ack=141 Win=65024 Len=1448 TSval=2916032211 TSecr=3045551982 [TCP segment of a reassembled PDU]"
"636","28.130733656","192.168.1.55","192.168.1.2","TCP","1514","8004  >  49726 [ACK] Seq=276758 Ack=141 Win=65024 Len=1448 TSval=2916032211 TSecr=3045551982 [TCP segment of a reassembled PDU]"
"637","28.130735304","192.168.1.55","192.168.1.2","TCP","1514","8004  >  49726 [ACK] Seq=278206 Ack=141 Win=65024 Len=1448 TSval=2916032211 TSecr=3045551982 [TCP segment of a reassembled PDU]"
"638","28.130736971","192.168.1.55","192.168.1.2","TCP","1514","8004  >  49726 [ACK] Seq=279654 Ack=141 Win=65024 Len=1448 TSval=2916032211 TSecr=3045551982 [TCP segment of a reassembled PDU]"
"639","28.130738471","192.168.1.55","192.168.1.2","TCP","154","[TCP Window Full] 8004  >  49726 [PSH, ACK] Seq=281102 Ack=141 Win=65024 Len=88 TSval=2916032211 TSecr=3045551982 [TCP segment of a reassembled PDU]"
"640","28.133297290","192.168.1.2","192.168.1.55","TCP","66","49726  >  8004 [ACK] Seq=141 Ack=208702 Win=94208 Len=0 TSval=3045551986 TSecr=2916032206"
"641","28.133324827","192.168.1.55","192.168.1.2","TCP","1514","8004  >  49726 [ACK] Seq=281190 Ack=141 Win=65024 Len=1448 TSval=2916032214 TSecr=3045551986 [TCP segment of a reassembled PDU]"
"642","28.133327734","192.168.1.55","192.168.1.2","TCP","1514","8004  >  49726 [ACK] Seq=282638 Ack=141 Win=65024 Len=1448 TSval=2916032214 TSecr=3045551986 [TCP segment of a reassembled PDU]"
"643","28.133329123","192.168.1.55","192.168.1.2","TCP","1514","8004  >  49726 [ACK] Seq=284086 Ack=141 Win=65024 Len=1448 TSval=2916032214 TSecr=3045551986 [TCP segment of a reassembled PDU]"
"644","28.133330919","192.168.1.55","192.168.1.2","TCP","1514","8004  >  49726 [ACK] Seq=285534 Ack=141 Win=65024 Len=1448 TSval=2916032214 TSecr=3045551986 [TCP segment of a reassembled PDU]"
"645","28.133332216","192.168.1.55","192.168.1.2","TCP","1514","8004  >  49726 [ACK] Seq=286982 Ack=141 Win=65024 Len=1448 TSval=2916032214 TSecr=3045551986 [TCP segment of a reassembled PDU]"
"646","28.133333697","192.168.1.55","192.168.1.2","TCP","1514","8004  >  49726 [ACK] Seq=288430 Ack=141 Win=65024 Len=1448 TSval=2916032214 TSecr=3045551986 [TCP segment of a reassembled PDU]"
"647","28.133335049","192.168.1.55","192.168.1.2","TCP","1514","8004  >  49726 [ACK] Seq=289878 Ack=141 Win=65024 Len=1448 TSval=2916032214 TSecr=3045551986 [TCP segment of a reassembled PDU]"
"648","28.133336345","192.168.1.55","192.168.1.2","TCP","1514","8004  >  49726 [ACK] Seq=291326 Ack=141 Win=65024 Len=1448 TSval=2916032214 TSecr=3045551986 [TCP segment of a reassembled PDU]"
"649","28.133337716","192.168.1.55","192.168.1.2","TCP","1514","8004  >  49726 [ACK] Seq=292774 Ack=141 Win=65024 Len=1448 TSval=2916032214 TSecr=3045551986 [TCP segment of a reassembled PDU]"
"650","28.133338993","192.168.1.55","192.168.1.2","TCP","1514","8004  >  49726 [ACK] Seq=294222 Ack=141 Win=65024 Len=1448 TSval=2916032214 TSecr=3045551986 [TCP segment of a reassembled PDU]"
"651","28.133340364","192.168.1.55","192.168.1.2","TCP","1514","8004  >  49726 [PSH, ACK] Seq=295670 Ack=141 Win=65024 Len=1448 TSval=2916032214 TSecr=3045551986 [TCP segment of a reassembled PDU]"
"652","28.133347475","192.168.1.55","192.168.1.2","TCP","1426","8004  >  49726 [ACK] Seq=297118 Ack=141 Win=65024 Len=1360 TSval=2916032214 TSecr=3045551986 [TCP segment of a reassembled PDU]"
"653","28.133897253","192.168.1.2","192.168.1.55","TCP","66","49726  >  8004 [ACK] Seq=141 Ack=249246 Win=58368 Len=0 TSval=3045551987 TSecr=2916032207"
"654","28.133905235","192.168.1.2","192.168.1.55","TCP","66","49726  >  8004 [ACK] Seq=141 Ack=250694 Win=97280 Len=0 TSval=3045551987 TSecr=2916032207"
"655","28.133940383","192.168.1.55","192.168.1.2","TCP","1514","8004  >  49726 [ACK] Seq=298478 Ack=141 Win=65024 Len=1448 TSval=2916032214 TSecr=3045551987 [TCP segment of a reassembled PDU]"
"656","28.133942939","192.168.1.55","192.168.1.2","TCP","1514","8004  >  49726 [ACK] Seq=299926 Ack=141 Win=65024 Len=1448 TSval=2916032214 TSecr=3045551987 [TCP segment of a reassembled PDU]"
"657","28.133944550","192.168.1.55","192.168.1.2","TCP","1514","8004  >  49726 [ACK] Seq=301374 Ack=141 Win=65024 Len=1448 TSval=2916032214 TSecr=3045551987 [TCP segment of a reassembled PDU]"
"658","28.133946031","192.168.1.55","192.168.1.2","TCP","1514","8004  >  49726 [ACK] Seq=302822 Ack=141 Win=65024 Len=1448 TSval=2916032214 TSecr=3045551987 [TCP segment of a reassembled PDU]"
"659","28.133947309","192.168.1.55","192.168.1.2","TCP","1514","8004  >  49726 [ACK] Seq=304270 Ack=141 Win=65024 Len=1448 TSval=2916032214 TSecr=3045551987 [TCP segment of a reassembled PDU]"
"660","28.133948568","192.168.1.55","192.168.1.2","TCP","1514","8004  >  49726 [ACK] Seq=305718 Ack=141 Win=65024 Len=1448 TSval=2916032214 TSecr=3045551987 [TCP segment of a reassembled PDU]"
"661","28.133949939","192.168.1.55","192.168.1.2","TCP","1514","8004  >  49726 [ACK] Seq=307166 Ack=141 Win=65024 Len=1448 TSval=2916032214 TSecr=3045551987 [TCP segment of a reassembled PDU]"
"662","28.133951272","192.168.1.55","192.168.1.2","TCP","1514","8004  >  49726 [ACK] Seq=308614 Ack=141 Win=65024 Len=1448 TSval=2916032214 TSecr=3045551987 [TCP segment of a reassembled PDU]"
"663","28.133952939","192.168.1.55","192.168.1.2","TCP","1514","8004  >  49726 [ACK] Seq=310062 Ack=141 Win=65024 Len=1448 TSval=2916032214 TSecr=3045551987 [TCP segment of a reassembled PDU]"
"664","28.133954272","192.168.1.55","192.168.1.2","TCP","1514","8004  >  49726 [ACK] Seq=311510 Ack=141 Win=65024 Len=1448 TSval=2916032214 TSecr=3045551987 [TCP segment of a reassembled PDU]"
"665","28.133955568","192.168.1.55","192.168.1.2","TCP","1514","8004  >  49726 [ACK] Seq=312958 Ack=141 Win=65024 Len=1448 TSval=2916032214 TSecr=3045551987 [TCP segment of a reassembled PDU]"
"666","28.133956976","192.168.1.55","192.168.1.2","TCP","1514","8004  >  49726 [ACK] Seq=314406 Ack=141 Win=65024 Len=1448 TSval=2916032214 TSecr=3045551987 [TCP segment of a reassembled PDU]"
"667","28.133958291","192.168.1.55","192.168.1.2","TCP","1514","8004  >  49726 [ACK] Seq=315854 Ack=141 Win=65024 Len=1448 TSval=2916032214 TSecr=3045551987 [TCP segment of a reassembled PDU]"
"668","28.133959772","192.168.1.55","192.168.1.2","TCP","1514","8004  >  49726 [ACK] Seq=317302 Ack=141 Win=65024 Len=1448 TSval=2916032214 TSecr=3045551987 [TCP segment of a reassembled PDU]"
"669","28.133961142","192.168.1.55","192.168.1.2","TCP","1514","8004  >  49726 [ACK] Seq=318750 Ack=141 Win=65024 Len=1448 TSval=2916032214 TSecr=3045551987 [TCP segment of a reassembled PDU]"
"670","28.133962494","192.168.1.55","192.168.1.2","TCP","1514","8004  >  49726 [ACK] Seq=320198 Ack=141 Win=65024 Len=1448 TSval=2916032214 TSecr=3045551987 [TCP segment of a reassembled PDU]"
"671","28.133963865","192.168.1.55","192.168.1.2","TCP","1514","8004  >  49726 [ACK] Seq=321646 Ack=141 Win=65024 Len=1448 TSval=2916032214 TSecr=3045551987 [TCP segment of a reassembled PDU]"
"672","28.133965235","192.168.1.55","192.168.1.2","TCP","1514","8004  >  49726 [ACK] Seq=323094 Ack=141 Win=65024 Len=1448 TSval=2916032214 TSecr=3045551987 [TCP segment of a reassembled PDU]"
"673","28.133966494","192.168.1.55","192.168.1.2","TCP","1514","8004  >  49726 [ACK] Seq=324542 Ack=141 Win=65024 Len=1448 TSval=2916032214 TSecr=3045551987 [TCP segment of a reassembled PDU]"
"674","28.133968105","192.168.1.55","192.168.1.2","TCP","1514","8004  >  49726 [ACK] Seq=325990 Ack=141 Win=65024 Len=1448 TSval=2916032214 TSecr=3045551987 [TCP segment of a reassembled PDU]"
"675","28.133969383","192.168.1.55","192.168.1.2","TCP","1514","8004  >  49726 [ACK] Seq=327438 Ack=141 Win=65024 Len=1448 TSval=2916032214 TSecr=3045551987 [TCP segment of a reassembled PDU]"
"676","28.133970754","192.168.1.55","192.168.1.2","TCP","1514","8004  >  49726 [ACK] Seq=328886 Ack=141 Win=65024 Len=1448 TSval=2916032214 TSecr=3045551987 [TCP segment of a reassembled PDU]"
"677","28.133972198","192.168.1.55","192.168.1.2","TCP","1514","8004  >  49726 [ACK] Seq=330334 Ack=141 Win=65024 Len=1448 TSval=2916032214 TSecr=3045551987 [TCP segment of a reassembled PDU]"
"678","28.133973680","192.168.1.55","192.168.1.2","TCP","1514","8004  >  49726 [ACK] Seq=331782 Ack=141 Win=65024 Len=1448 TSval=2916032214 TSecr=3045551987 [TCP segment of a reassembled PDU]"
"679","28.133975309","192.168.1.55","192.168.1.2","TCP","1514","8004  >  49726 [ACK] Seq=333230 Ack=141 Win=65024 Len=1448 TSval=2916032214 TSecr=3045551987 [TCP segment of a reassembled PDU]"
"680","28.133976828","192.168.1.55","192.168.1.2","TCP","1514","8004  >  49726 [ACK] Seq=334678 Ack=141 Win=65024 Len=1448 TSval=2916032214 TSecr=3045551987 [TCP segment of a reassembled PDU]"
"681","28.133978105","192.168.1.55","192.168.1.2","TCP","1514","8004  >  49726 [ACK] Seq=336126 Ack=141 Win=65024 Len=1448 TSval=2916032214 TSecr=3045551987 [TCP segment of a reassembled PDU]"
"682","28.133979439","192.168.1.55","192.168.1.2","TCP","1514","8004  >  49726 [ACK] Seq=337574 Ack=141 Win=65024 Len=1448 TSval=2916032214 TSecr=3045551987 [TCP segment of a reassembled PDU]"
"683","28.133980754","192.168.1.55","192.168.1.2","TCP","1514","8004  >  49726 [ACK] Seq=339022 Ack=141 Win=65024 Len=1448 TSval=2916032214 TSecr=3045551987 [TCP segment of a reassembled PDU]"
"684","28.133982587","192.168.1.55","192.168.1.2","TCP","1514","8004  >  49726 [ACK] Seq=340470 Ack=141 Win=65024 Len=1448 TSval=2916032214 TSecr=3045551987 [TCP segment of a reassembled PDU]"
"685","28.133983846","192.168.1.55","192.168.1.2","TCP","1514","8004  >  49726 [ACK] Seq=341918 Ack=141 Win=65024 Len=1448 TSval=2916032214 TSecr=3045551987 [TCP segment of a reassembled PDU]"
"686","28.133985143","192.168.1.55","192.168.1.2","TCP","1514","8004  >  49726 [PSH, ACK] Seq=343366 Ack=141 Win=65024 Len=1448 TSval=2916032214 TSecr=3045551987 [TCP segment of a reassembled PDU]"
"687","28.133990476","192.168.1.2","192.168.1.55","TCP","66","49726  >  8004 [ACK] Seq=141 Ack=253590 Win=102400 Len=0 TSval=3045551987 TSecr=2916032207"
"688","28.134006661","192.168.1.55","192.168.1.2","TCP","1514","8004  >  49726 [ACK] Seq=344814 Ack=141 Win=65024 Len=1448 TSval=2916032214 TSecr=3045551987 [TCP segment of a reassembled PDU]"
"689","28.134008402","192.168.1.55","192.168.1.2","TCP","1514","8004  >  49726 [ACK] Seq=346262 Ack=141 Win=65024 Len=1448 TSval=2916032214 TSecr=3045551987 [TCP segment of a reassembled PDU]"
"690","28.134009865","192.168.1.55","192.168.1.2","TCP","1514","8004  >  49726 [ACK] Seq=347710 Ack=141 Win=65024 Len=1448 TSval=2916032214 TSecr=3045551987 [TCP segment of a reassembled PDU]"
"691","28.134011143","192.168.1.55","192.168.1.2","TCP","1514","8004  >  49726 [ACK] Seq=349158 Ack=141 Win=65024 Len=1448 TSval=2916032214 TSecr=3045551987 [TCP segment of a reassembled PDU]"
"692","28.134012402","192.168.1.55","192.168.1.2","TCP","1514","8004  >  49726 [ACK] Seq=350606 Ack=141 Win=65024 Len=1448 TSval=2916032214 TSecr=3045551987 [TCP segment of a reassembled PDU]"
"693","28.134013791","192.168.1.55","192.168.1.2","TCP","1514","8004  >  49726 [ACK] Seq=352054 Ack=141 Win=65024 Len=1448 TSval=2916032214 TSecr=3045551987 [TCP segment of a reassembled PDU]"
"694","28.134015068","192.168.1.55","192.168.1.2","TCP","1514","8004  >  49726 [PSH, ACK] Seq=353502 Ack=141 Win=65024 Len=1448 TSval=2916032214 TSecr=3045551987 [TCP segment of a reassembled PDU]"
"695","28.138321668","192.168.1.2","192.168.1.55","TCP","66","49726  >  8004 [ACK] Seq=141 Ack=279654 Win=96256 Len=0 TSval=3045551989 TSecr=2916032211"
"696","28.138346964","192.168.1.55","192.168.1.2","TCP","1514","8004  >  49726 [ACK] Seq=354950 Ack=141 Win=65024 Len=1448 TSval=2916032219 TSecr=3045551989 [TCP segment of a reassembled PDU]"
"697","28.138349668","192.168.1.55","192.168.1.2","TCP","1514","8004  >  49726 [ACK] Seq=356398 Ack=141 Win=65024 Len=1448 TSval=2916032219 TSecr=3045551989 [TCP segment of a reassembled PDU]"
"698","28.138351001","192.168.1.55","192.168.1.2","TCP","1514","8004  >  49726 [ACK] Seq=357846 Ack=141 Win=65024 Len=1448 TSval=2916032219 TSecr=3045551989 [TCP segment of a reassembled PDU]"
"699","28.138352409","192.168.1.55","192.168.1.2","TCP","1514","8004  >  49726 [ACK] Seq=359294 Ack=141 Win=65024 Len=1448 TSval=2916032219 TSecr=3045551989 [TCP segment of a reassembled PDU]"
"700","28.138353723","192.168.1.55","192.168.1.2","TCP","1514","8004  >  49726 [ACK] Seq=360742 Ack=141 Win=65024 Len=1448 TSval=2916032219 TSecr=3045551989 [TCP segment of a reassembled PDU]"
"701","28.138355186","192.168.1.55","192.168.1.2","TCP","1514","8004  >  49726 [ACK] Seq=362190 Ack=141 Win=65024 Len=1448 TSval=2916032219 TSecr=3045551989 [TCP segment of a reassembled PDU]"
"702","28.138356483","192.168.1.55","192.168.1.2","TCP","1514","8004  >  49726 [ACK] Seq=363638 Ack=141 Win=65024 Len=1448 TSval=2916032219 TSecr=3045551989 [TCP segment of a reassembled PDU]"
"703","28.138357946","192.168.1.55","192.168.1.2","TCP","1514","8004  >  49726 [ACK] Seq=365086 Ack=141 Win=65024 Len=1448 TSval=2916032219 TSecr=3045551989 [TCP segment of a reassembled PDU]"
"704","28.138359316","192.168.1.55","192.168.1.2","TCP","1514","8004  >  49726 [ACK] Seq=366534 Ack=141 Win=65024 Len=1448 TSval=2916032219 TSecr=3045551989 [TCP segment of a reassembled PDU]"
"705","28.138360594","192.168.1.55","192.168.1.2","TCP","1514","8004  >  49726 [ACK] Seq=367982 Ack=141 Win=65024 Len=1448 TSval=2916032219 TSecr=3045551989 [TCP segment of a reassembled PDU]"
"706","28.138362075","192.168.1.55","192.168.1.2","TCP","1514","8004  >  49726 [ACK] Seq=369430 Ack=141 Win=65024 Len=1448 TSval=2916032219 TSecr=3045551989 [TCP segment of a reassembled PDU]"
"707","28.138363483","192.168.1.55","192.168.1.2","TCP","1514","8004  >  49726 [ACK] Seq=370878 Ack=141 Win=65024 Len=1448 TSval=2916032219 TSecr=3045551989 [TCP segment of a reassembled PDU]"
"708","28.138365075","192.168.1.55","192.168.1.2","TCP","1514","8004  >  49726 [ACK] Seq=372326 Ack=141 Win=65024 Len=1448 TSval=2916032219 TSecr=3045551989 [TCP segment of a reassembled PDU]"
"709","28.138366575","192.168.1.55","192.168.1.2","TCP","1514","8004  >  49726 [PSH, ACK] Seq=373774 Ack=141 Win=65024 Len=1448 TSval=2916032219 TSecr=3045551989 [TCP segment of a reassembled PDU]"
"710","28.138424446","192.168.1.2","192.168.1.55","TCP","66","49726  >  8004 [ACK] Seq=141 Ack=281190 Win=105472 Len=0 TSval=3045551990 TSecr=2916032211"
"711","28.141403876","192.168.1.2","192.168.1.55","TCP","66","49726  >  8004 [ACK] Seq=141 Ack=297118 Win=108544 Len=0 TSval=3045551994 TSecr=2916032214"
"712","28.141423099","192.168.1.55","192.168.1.2","TCP","1514","8004  >  49726 [ACK] Seq=375222 Ack=141 Win=65024 Len=1448 TSval=2916032222 TSecr=3045551994 [TCP segment of a reassembled PDU]"
"713","28.141425821","192.168.1.55","192.168.1.2","TCP","1514","8004  >  49726 [ACK] Seq=376670 Ack=141 Win=65024 Len=1448 TSval=2916032222 TSecr=3045551994 [TCP segment of a reassembled PDU]"
"714","28.141427210","192.168.1.55","192.168.1.2","TCP","1514","8004  >  49726 [ACK] Seq=378118 Ack=141 Win=65024 Len=1448 TSval=2916032222 TSecr=3045551994 [TCP segment of a reassembled PDU]"
"715","28.141428617","192.168.1.55","192.168.1.2","TCP","1514","8004  >  49726 [ACK] Seq=379566 Ack=141 Win=65024 Len=1448 TSval=2916032222 TSecr=3045551994 [TCP segment of a reassembled PDU]"
"716","28.141430061","192.168.1.55","192.168.1.2","TCP","1514","8004  >  49726 [ACK] Seq=381014 Ack=141 Win=65024 Len=1448 TSval=2916032222 TSecr=3045551994 [TCP segment of a reassembled PDU]"
"717","28.141431432","192.168.1.55","192.168.1.2","TCP","1514","8004  >  49726 [ACK] Seq=382462 Ack=141 Win=65024 Len=1448 TSval=2916032222 TSecr=3045551994 [TCP segment of a reassembled PDU]"
"718","28.141432710","192.168.1.55","192.168.1.2","TCP","1514","8004  >  49726 [ACK] Seq=383910 Ack=141 Win=65024 Len=1448 TSval=2916032222 TSecr=3045551994 [TCP segment of a reassembled PDU]"
"719","28.141434432","192.168.1.55","192.168.1.2","TCP","1514","8004  >  49726 [ACK] Seq=385358 Ack=141 Win=65024 Len=1448 TSval=2916032222 TSecr=3045551994 [TCP segment of a reassembled PDU]"
"720","28.141435913","192.168.1.55","192.168.1.2","TCP","1514","8004  >  49726 [ACK] Seq=386806 Ack=141 Win=65024 Len=1448 TSval=2916032222 TSecr=3045551994 [TCP segment of a reassembled PDU]"
"721","28.141437339","192.168.1.55","192.168.1.2","TCP","1514","8004  >  49726 [ACK] Seq=388254 Ack=141 Win=65024 Len=1448 TSval=2916032222 TSecr=3045551994 [TCP segment of a reassembled PDU]"
"722","28.141438599","192.168.1.55","192.168.1.2","TCP","1514","8004  >  49726 [PSH, ACK] Seq=389702 Ack=141 Win=65024 Len=1448 TSval=2916032222 TSecr=3045551994 [TCP segment of a reassembled PDU]"
"723","28.141960507","192.168.1.2","192.168.1.55","TCP","66","49726  >  8004 [ACK] Seq=141 Ack=298478 Win=111616 Len=0 TSval=3045551994 TSecr=2916032214"
"724","28.141967822","192.168.1.2","192.168.1.55","TCP","66","49726  >  8004 [ACK] Seq=141 Ack=344814 Win=131072 Len=0 TSval=3045551994 TSecr=2916032214"
"725","28.142003303","192.168.1.55","192.168.1.2","TCP","1514","8004  >  49726 [ACK] Seq=391150 Ack=141 Win=65024 Len=1448 TSval=2916032222 TSecr=3045551994 [TCP segment of a reassembled PDU]"
"726","28.142005655","192.168.1.55","192.168.1.2","TCP","1514","8004  >  49726 [ACK] Seq=392598 Ack=141 Win=65024 Len=1448 TSval=2916032222 TSecr=3045551994 [TCP segment of a reassembled PDU]"
"727","28.142007025","192.168.1.55","192.168.1.2","TCP","1514","8004  >  49726 [ACK] Seq=394046 Ack=141 Win=65024 Len=1448 TSval=2916032222 TSecr=3045551994 [TCP segment of a reassembled PDU]"
"728","28.142008488","192.168.1.55","192.168.1.2","TCP","1514","8004  >  49726 [ACK] Seq=395494 Ack=141 Win=65024 Len=1448 TSval=2916032222 TSecr=3045551994 [TCP segment of a reassembled PDU]"
"729","28.142009933","192.168.1.55","192.168.1.2","TCP","1514","8004  >  49726 [ACK] Seq=396942 Ack=141 Win=65024 Len=1448 TSval=2916032222 TSecr=3045551994 [TCP segment of a reassembled PDU]"
"730","28.142011377","192.168.1.55","192.168.1.2","TCP","1514","8004  >  49726 [ACK] Seq=398390 Ack=141 Win=65024 Len=1448 TSval=2916032222 TSecr=3045551994 [TCP segment of a reassembled PDU]"
"731","28.142012766","192.168.1.55","192.168.1.2","TCP","1514","8004  >  49726 [ACK] Seq=399838 Ack=141 Win=65024 Len=1448 TSval=2916032222 TSecr=3045551994 [TCP segment of a reassembled PDU]"
"732","28.142014044","192.168.1.55","192.168.1.2","TCP","1514","8004  >  49726 [ACK] Seq=401286 Ack=141 Win=65024 Len=1448 TSval=2916032222 TSecr=3045551994 [TCP segment of a reassembled PDU]"
"733","28.142015729","192.168.1.55","192.168.1.2","TCP","1514","8004  >  49726 [ACK] Seq=402734 Ack=141 Win=65024 Len=1448 TSval=2916032222 TSecr=3045551994 [TCP segment of a reassembled PDU]"
"734","28.142017136","192.168.1.55","192.168.1.2","TCP","1514","8004  >  49726 [ACK] Seq=404182 Ack=141 Win=65024 Len=1448 TSval=2916032222 TSecr=3045551994 [TCP segment of a reassembled PDU]"
"735","28.142018507","192.168.1.55","192.168.1.2","TCP","1514","8004  >  49726 [ACK] Seq=405630 Ack=141 Win=65024 Len=1448 TSval=2916032222 TSecr=3045551994 [TCP segment of a reassembled PDU]"
"736","28.142020007","192.168.1.55","192.168.1.2","TCP","1514","8004  >  49726 [ACK] Seq=407078 Ack=141 Win=65024 Len=1448 TSval=2916032222 TSecr=3045551994 [TCP segment of a reassembled PDU]"
"737","28.142021396","192.168.1.55","192.168.1.2","TCP","1514","8004  >  49726 [ACK] Seq=408526 Ack=141 Win=65024 Len=1448 TSval=2916032222 TSecr=3045551994 [TCP segment of a reassembled PDU]"
"738","28.142022785","192.168.1.55","192.168.1.2","TCP","1514","8004  >  49726 [ACK] Seq=409974 Ack=141 Win=65024 Len=1448 TSval=2916032222 TSecr=3045551994 [TCP segment of a reassembled PDU]"
"739","28.142024525","192.168.1.55","192.168.1.2","TCP","1514","8004  >  49726 [ACK] Seq=411422 Ack=141 Win=65024 Len=1448 TSval=2916032222 TSecr=3045551994 [TCP segment of a reassembled PDU]"
"740","28.142026044","192.168.1.55","192.168.1.2","TCP","1514","8004  >  49726 [ACK] Seq=412870 Ack=141 Win=65024 Len=1448 TSval=2916032222 TSecr=3045551994 [TCP segment of a reassembled PDU]"
"741","28.142027433","192.168.1.55","192.168.1.2","TCP","1514","8004  >  49726 [ACK] Seq=414318 Ack=141 Win=65024 Len=1448 TSval=2916032222 TSecr=3045551994 [TCP segment of a reassembled PDU]"
"742","28.142028748","192.168.1.55","192.168.1.2","TCP","1514","8004  >  49726 [ACK] Seq=415766 Ack=141 Win=65024 Len=1448 TSval=2916032222 TSecr=3045551994 [TCP segment of a reassembled PDU]"
"743","28.142030211","192.168.1.55","192.168.1.2","TCP","1514","8004  >  49726 [ACK] Seq=417214 Ack=141 Win=65024 Len=1448 TSval=2916032222 TSecr=3045551994 [TCP segment of a reassembled PDU]"
"744","28.142031822","192.168.1.55","192.168.1.2","TCP","1514","8004  >  49726 [ACK] Seq=418662 Ack=141 Win=65024 Len=1448 TSval=2916032222 TSecr=3045551994 [TCP segment of a reassembled PDU]"
"745","28.142033266","192.168.1.55","192.168.1.2","TCP","1514","8004  >  49726 [ACK] Seq=420110 Ack=141 Win=65024 Len=1448 TSval=2916032222 TSecr=3045551994 [TCP segment of a reassembled PDU]"
"746","28.142034766","192.168.1.55","192.168.1.2","TCP","1514","8004  >  49726 [ACK] Seq=421558 Ack=141 Win=65024 Len=1448 TSval=2916032222 TSecr=3045551994 [TCP segment of a reassembled PDU]"
"747","28.142036136","192.168.1.55","192.168.1.2","TCP","1514","8004  >  49726 [ACK] Seq=423006 Ack=141 Win=65024 Len=1448 TSval=2916032222 TSecr=3045551994 [TCP segment of a reassembled PDU]"
"748","28.142037618","192.168.1.55","192.168.1.2","TCP","1514","8004  >  49726 [ACK] Seq=424454 Ack=141 Win=65024 Len=1448 TSval=2916032222 TSecr=3045551994 [TCP segment of a reassembled PDU]"
"749","28.142038933","192.168.1.55","192.168.1.2","TCP","1514","8004  >  49726 [ACK] Seq=425902 Ack=141 Win=65024 Len=1448 TSval=2916032222 TSecr=3045551994 [TCP segment of a reassembled PDU]"
"750","28.142040303","192.168.1.55","192.168.1.2","TCP","1514","8004  >  49726 [ACK] Seq=427350 Ack=141 Win=65024 Len=1448 TSval=2916032222 TSecr=3045551994 [TCP segment of a reassembled PDU]"
"751","28.142042137","192.168.1.55","192.168.1.2","TCP","1514","8004  >  49726 [ACK] Seq=428798 Ack=141 Win=65024 Len=1448 TSval=2916032222 TSecr=3045551994 [TCP segment of a reassembled PDU]"
"752","28.142043562","192.168.1.55","192.168.1.2","TCP","1514","8004  >  49726 [ACK] Seq=430246 Ack=141 Win=65024 Len=1448 TSval=2916032222 TSecr=3045551994 [TCP segment of a reassembled PDU]"
"753","28.142044896","192.168.1.55","192.168.1.2","TCP","1514","8004  >  49726 [ACK] Seq=431694 Ack=141 Win=65024 Len=1448 TSval=2916032222 TSecr=3045551994 [TCP segment of a reassembled PDU]"
"754","28.142046544","192.168.1.55","192.168.1.2","TCP","1514","8004  >  49726 [ACK] Seq=433142 Ack=141 Win=65024 Len=1448 TSval=2916032222 TSecr=3045551994 [TCP segment of a reassembled PDU]"
"755","28.142047877","192.168.1.55","192.168.1.2","TCP","1514","8004  >  49726 [ACK] Seq=434590 Ack=141 Win=65024 Len=1448 TSval=2916032222 TSecr=3045551994 [TCP segment of a reassembled PDU]"
"756","28.142052692","192.168.1.55","192.168.1.2","TCP","1514","8004  >  49726 [PSH, ACK] Seq=436038 Ack=141 Win=65024 Len=1448 TSval=2916032222 TSecr=3045551994 [TCP segment of a reassembled PDU]"
"757","28.142057896","192.168.1.2","192.168.1.55","TCP","66","49726  >  8004 [ACK] Seq=141 Ack=353502 Win=122880 Len=0 TSval=3045551994 TSecr=2916032214"
"758","28.142118433","192.168.1.2","192.168.1.55","TCP","66","49726  >  8004 [ACK] Seq=141 Ack=354950 Win=134144 Len=0 TSval=3045551995 TSecr=2916032214"
"759","28.142170989","192.168.1.55","192.168.1.2","TCP","1514","8004  >  49726 [ACK] Seq=437486 Ack=141 Win=65024 Len=1448 TSval=2916032222 TSecr=3045551995 [TCP segment of a reassembled PDU]"
"760","28.142173822","192.168.1.55","192.168.1.2","TCP","1514","8004  >  49726 [ACK] Seq=438934 Ack=141 Win=65024 Len=1448 TSval=2916032222 TSecr=3045551995 [TCP segment of a reassembled PDU]"
"761","28.142175340","192.168.1.55","192.168.1.2","TCP","1514","8004  >  49726 [ACK] Seq=440382 Ack=141 Win=65024 Len=1448 TSval=2916032222 TSecr=3045551995 [TCP segment of a reassembled PDU]"
"762","28.142176803","192.168.1.55","192.168.1.2","TCP","1514","8004  >  49726 [ACK] Seq=441830 Ack=141 Win=65024 Len=1448 TSval=2916032222 TSecr=3045551995 [TCP segment of a reassembled PDU]"
"763","28.142178155","192.168.1.55","192.168.1.2","TCP","1514","8004  >  49726 [ACK] Seq=443278 Ack=141 Win=65024 Len=1448 TSval=2916032222 TSecr=3045551995 [TCP segment of a reassembled PDU]"
"764","28.142179674","192.168.1.55","192.168.1.2","TCP","1514","8004  >  49726 [ACK] Seq=444726 Ack=141 Win=65024 Len=1448 TSval=2916032222 TSecr=3045551995 [TCP segment of a reassembled PDU]"
"765","28.142181026","192.168.1.55","192.168.1.2","TCP","1514","8004  >  49726 [ACK] Seq=446174 Ack=141 Win=65024 Len=1448 TSval=2916032222 TSecr=3045551995 [TCP segment of a reassembled PDU]"
"766","28.142182414","192.168.1.55","192.168.1.2","TCP","1514","8004  >  49726 [ACK] Seq=447622 Ack=141 Win=65024 Len=1448 TSval=2916032222 TSecr=3045551995 [TCP segment of a reassembled PDU]"
"767","28.142183877","192.168.1.55","192.168.1.2","TCP","1514","8004  >  49726 [ACK] Seq=449070 Ack=141 Win=65024 Len=1448 TSval=2916032222 TSecr=3045551995 [TCP segment of a reassembled PDU]"
"768","28.142185377","192.168.1.55","192.168.1.2","TCP","1514","8004  >  49726 [ACK] Seq=450518 Ack=141 Win=65024 Len=1448 TSval=2916032222 TSecr=3045551995 [TCP segment of a reassembled PDU]"
"769","28.142186748","192.168.1.55","192.168.1.2","TCP","1514","8004  >  49726 [ACK] Seq=451966 Ack=141 Win=65024 Len=1448 TSval=2916032222 TSecr=3045551995 [TCP segment of a reassembled PDU]"
"770","28.142188433","192.168.1.55","192.168.1.2","TCP","1514","8004  >  49726 [ACK] Seq=453414 Ack=141 Win=65024 Len=1448 TSval=2916032222 TSecr=3045551995 [TCP segment of a reassembled PDU]"
"771","28.142190248","192.168.1.55","192.168.1.2","TCP","1514","8004  >  49726 [ACK] Seq=454862 Ack=141 Win=65024 Len=1448 TSval=2916032222 TSecr=3045551995 [TCP segment of a reassembled PDU]"
"772","28.142191563","192.168.1.55","192.168.1.2","TCP","1514","8004  >  49726 [ACK] Seq=456310 Ack=141 Win=65024 Len=1448 TSval=2916032222 TSecr=3045551995 [TCP segment of a reassembled PDU]"
"773","28.142192859","192.168.1.55","192.168.1.2","TCP","1514","8004  >  49726 [ACK] Seq=457758 Ack=141 Win=65024 Len=1448 TSval=2916032222 TSecr=3045551995 [TCP segment of a reassembled PDU]"
"774","28.142194303","192.168.1.55","192.168.1.2","TCP","1514","8004  >  49726 [ACK] Seq=459206 Ack=141 Win=65024 Len=1448 TSval=2916032222 TSecr=3045551995 [TCP segment of a reassembled PDU]"
"775","28.142195729","192.168.1.55","192.168.1.2","TCP","1514","8004  >  49726 [ACK] Seq=460654 Ack=141 Win=65024 Len=1448 TSval=2916032222 TSecr=3045551995 [TCP segment of a reassembled PDU]"
"776","28.142197137","192.168.1.55","192.168.1.2","TCP","1514","8004  >  49726 [ACK] Seq=462102 Ack=141 Win=65024 Len=1448 TSval=2916032222 TSecr=3045551995 [TCP segment of a reassembled PDU]"
"777","28.142198433","192.168.1.55","192.168.1.2","TCP","1514","8004  >  49726 [ACK] Seq=463550 Ack=141 Win=65024 Len=1448 TSval=2916032222 TSecr=3045551995 [TCP segment of a reassembled PDU]"
"778","28.142199952","192.168.1.55","192.168.1.2","TCP","1514","8004  >  49726 [ACK] Seq=464998 Ack=141 Win=65024 Len=1448 TSval=2916032222 TSecr=3045551995 [TCP segment of a reassembled PDU]"
"779","28.142201415","192.168.1.55","192.168.1.2","TCP","1514","8004  >  49726 [ACK] Seq=466446 Ack=141 Win=65024 Len=1448 TSval=2916032222 TSecr=3045551995 [TCP segment of a reassembled PDU]"
"780","28.142202970","192.168.1.55","192.168.1.2","TCP","1514","8004  >  49726 [ACK] Seq=467894 Ack=141 Win=65024 Len=1448 TSval=2916032222 TSecr=3045551995 [TCP segment of a reassembled PDU]"
"781","28.142204989","192.168.1.55","192.168.1.2","TCP","1514","8004  >  49726 [ACK] Seq=469342 Ack=141 Win=65024 Len=1448 TSval=2916032222 TSecr=3045551995 [TCP segment of a reassembled PDU]"
"782","28.142206507","192.168.1.55","192.168.1.2","TCP","1514","8004  >  49726 [ACK] Seq=470790 Ack=141 Win=65024 Len=1448 TSval=2916032222 TSecr=3045551995 [TCP segment of a reassembled PDU]"
"783","28.142207952","192.168.1.55","192.168.1.2","TCP","1514","8004  >  49726 [ACK] Seq=472238 Ack=141 Win=65024 Len=1448 TSval=2916032222 TSecr=3045551995 [TCP segment of a reassembled PDU]"
"784","28.142209211","192.168.1.55","192.168.1.2","TCP","1514","8004  >  49726 [ACK] Seq=473686 Ack=141 Win=65024 Len=1448 TSval=2916032222 TSecr=3045551995 [TCP segment of a reassembled PDU]"
"785","28.142210859","192.168.1.55","192.168.1.2","TCP","1514","8004  >  49726 [ACK] Seq=475134 Ack=141 Win=65024 Len=1448 TSval=2916032222 TSecr=3045551995 [TCP segment of a reassembled PDU]"
"786","28.142212340","192.168.1.55","192.168.1.2","TCP","1514","8004  >  49726 [ACK] Seq=476582 Ack=141 Win=65024 Len=1448 TSval=2916032222 TSecr=3045551995 [TCP segment of a reassembled PDU]"
"787","28.142213803","192.168.1.55","192.168.1.2","TCP","1514","8004  >  49726 [ACK] Seq=478030 Ack=141 Win=65024 Len=1448 TSval=2916032222 TSecr=3045551995 [TCP segment of a reassembled PDU]"
"788","28.142215211","192.168.1.55","192.168.1.2","TCP","1514","8004  >  49726 [ACK] Seq=479478 Ack=141 Win=65024 Len=1448 TSval=2916032222 TSecr=3045551995 [TCP segment of a reassembled PDU]"
"789","28.142216785","192.168.1.55","192.168.1.2","TCP","1514","8004  >  49726 [ACK] Seq=480926 Ack=141 Win=65024 Len=1448 TSval=2916032222 TSecr=3045551995 [TCP segment of a reassembled PDU]"
"790","28.142218100","192.168.1.55","192.168.1.2","TCP","1514","8004  >  49726 [PSH, ACK] Seq=482374 Ack=141 Win=65024 Len=1448 TSval=2916032222 TSecr=3045551995 [TCP segment of a reassembled PDU]"
"791","28.142224785","192.168.1.2","192.168.1.55","TCP","66","49726  >  8004 [ACK] Seq=141 Ack=369430 Win=160768 Len=0 TSval=3045551997 TSecr=2916032219"
"792","28.143315287","192.168.1.55","192.168.1.2","TCP","1514","8004  >  49726 [ACK] Seq=483822 Ack=141 Win=65024 Len=1448 TSval=2916032224 TSecr=3045551997 [TCP segment of a reassembled PDU]"
"793","28.143317620","192.168.1.55","192.168.1.2","TCP","1514","8004  >  49726 [ACK] Seq=485270 Ack=141 Win=65024 Len=1448 TSval=2916032224 TSecr=3045551997 [TCP segment of a reassembled PDU]"
"794","28.143319231","192.168.1.55","192.168.1.2","TCP","1514","8004  >  49726 [ACK] Seq=486718 Ack=141 Win=65024 Len=1448 TSval=2916032224 TSecr=3045551997 [TCP segment of a reassembled PDU]"
"795","28.143320657","192.168.1.55","192.168.1.2","TCP","1514","8004  >  49726 [ACK] Seq=488166 Ack=141 Win=65024 Len=1448 TSval=2916032224 TSecr=3045551997 [TCP segment of a reassembled PDU]"
"796","28.143321916","192.168.1.55","192.168.1.2","TCP","1514","8004  >  49726 [ACK] Seq=489614 Ack=141 Win=65024 Len=1448 TSval=2916032224 TSecr=3045551997 [TCP segment of a reassembled PDU]"
"797","28.143323213","192.168.1.55","192.168.1.2","TCP","1514","8004  >  49726 [ACK] Seq=491062 Ack=141 Win=65024 Len=1448 TSval=2916032224 TSecr=3045551997 [TCP segment of a reassembled PDU]"
"798","28.143324638","192.168.1.55","192.168.1.2","TCP","1514","8004  >  49726 [ACK] Seq=492510 Ack=141 Win=65024 Len=1448 TSval=2916032224 TSecr=3045551997 [TCP segment of a reassembled PDU]"
"799","28.143326176","192.168.1.55","192.168.1.2","TCP","1514","8004  >  49726 [ACK] Seq=493958 Ack=141 Win=65024 Len=1448 TSval=2916032224 TSecr=3045551997 [TCP segment of a reassembled PDU]"
"800","28.143327435","192.168.1.55","192.168.1.2","TCP","1514","8004  >  49726 [ACK] Seq=495406 Ack=141 Win=65024 Len=1448 TSval=2916032224 TSecr=3045551997 [TCP segment of a reassembled PDU]"
"801","28.143328750","192.168.1.55","192.168.1.2","TCP","1514","8004  >  49726 [ACK] Seq=496854 Ack=141 Win=65024 Len=1448 TSval=2916032224 TSecr=3045551997 [TCP segment of a reassembled PDU]"
"802","28.143330083","192.168.1.55","192.168.1.2","HTTP","1472","HTTP/1.0 200 OK  (PNG)"
"803","28.146980311","192.168.1.2","192.168.1.55","TCP","66","49726  >  8004 [ACK] Seq=141 Ack=375222 Win=168960 Len=0 TSval=3045551998 TSecr=2916032219"
"804","28.147108367","192.168.1.2","192.168.1.55","TCP","66","49726  >  8004 [ACK] Seq=141 Ack=388254 Win=163840 Len=0 TSval=3045551999 TSecr=2916032222"
"805","28.147115089","192.168.1.2","192.168.1.55","TCP","66","49726  >  8004 [ACK] Seq=141 Ack=391150 Win=175104 Len=0 TSval=3045552000 TSecr=2916032222"
"806","28.150620335","192.168.1.2","192.168.1.55","TCP","66","49726  >  8004 [ACK] Seq=141 Ack=424454 Win=143360 Len=0 TSval=3045552005 TSecr=2916032222"
"807","28.150783706","192.168.1.2","192.168.1.55","TCP","66","49726  >  8004 [ACK] Seq=141 Ack=437486 Win=165888 Len=0 TSval=3045552006 TSecr=2916032222"
"808","28.150790539","192.168.1.2","192.168.1.55","TCP","66","49726  >  8004 [ACK] Seq=141 Ack=483822 Win=133120 Len=0 TSval=3045552006 TSecr=2916032222"
"809","28.150796483","192.168.1.2","192.168.1.55","TCP","66","49726  >  8004 [ACK] Seq=141 Ack=498302 Win=118784 Len=0 TSval=3045552006 TSecr=2916032224"
"810","28.152086541","192.168.1.2","192.168.1.55","TCP","66","49726  >  8004 [FIN, ACK] Seq=141 Ack=499709 Win=175104 Len=0 TSval=3045552006 TSecr=2916032224"
"811","28.152101726","192.168.1.55","192.168.1.2","TCP","66","8004  >  49726 [ACK] Seq=499709 Ack=142 Win=65024 Len=0 TSval=2916032232 TSecr=3045552006"
"812","28.152215097","192.168.1.2","192.168.1.55","TCP","74","49740  >  8004 [SYN] Seq=0 Win=64240 Len=0 MSS=1460 SACK_PERM TSval=3045552006 TSecr=0 WS=1024"
"813","28.152240152","192.168.1.55","192.168.1.2","TCP","74","8004  >  49740 [SYN, ACK] Seq=0 Ack=1 Win=65160 Len=0 MSS=1460 SACK_PERM TSval=2916032232 TSecr=3045552006 WS=128"
"814","28.156167177","192.168.1.2","192.168.1.55","TCP","66","49740  >  8004 [ACK] Seq=1 Ack=1 Win=64512 Len=0 TSval=3045552010 TSecr=2916032232"
"815","28.157641346","192.168.1.2","192.168.1.55","HTTP","209","GET /original_benchmark.png HTTP/1.1 "
"816","28.157652364","192.168.1.55","192.168.1.2","TCP","66","8004  >  49740 [ACK] Seq=1 Ack=144 Win=65024 Len=0 TSval=2916032238 TSecr=3045552010"
"817","28.158130476","192.168.1.55","192.168.1.2","TCP","255","8004  >  49740 [PSH, ACK] Seq=1 Ack=144 Win=65024 Len=189 TSval=2916032238 TSecr=3045552010 [TCP segment of a reassembled PDU]"
"818","28.158221902","192.168.1.55","192.168.1.2","TCP","1514","8004  >  49740 [ACK] Seq=190 Ack=144 Win=65024 Len=1448 TSval=2916032238 TSecr=3045552010 [TCP segment of a reassembled PDU]"
"819","28.158226365","192.168.1.55","192.168.1.2","TCP","1514","8004  >  49740 [ACK] Seq=1638 Ack=144 Win=65024 Len=1448 TSval=2916032238 TSecr=3045552010 [TCP segment of a reassembled PDU]"
"820","28.158227847","192.168.1.55","192.168.1.2","TCP","1514","8004  >  49740 [ACK] Seq=3086 Ack=144 Win=65024 Len=1448 TSval=2916032238 TSecr=3045552010 [TCP segment of a reassembled PDU]"
"821","28.158229162","192.168.1.55","192.168.1.2","TCP","1514","8004  >  49740 [ACK] Seq=4534 Ack=144 Win=65024 Len=1448 TSval=2916032238 TSecr=3045552010 [TCP segment of a reassembled PDU]"
"822","28.158230476","192.168.1.55","192.168.1.2","TCP","1514","8004  >  49740 [PSH, ACK] Seq=5982 Ack=144 Win=65024 Len=1448 TSval=2916032238 TSecr=3045552010 [TCP segment of a reassembled PDU]"
"823","28.158245514","192.168.1.55","192.168.1.2","TCP","1514","8004  >  49740 [ACK] Seq=7430 Ack=144 Win=65024 Len=1448 TSval=2916032238 TSecr=3045552010 [TCP segment of a reassembled PDU]"
"824","28.158247254","192.168.1.55","192.168.1.2","TCP","1514","8004  >  49740 [ACK] Seq=8878 Ack=144 Win=65024 Len=1448 TSval=2916032238 TSecr=3045552010 [TCP segment of a reassembled PDU]"
"825","28.158248662","192.168.1.55","192.168.1.2","TCP","1514","8004  >  49740 [ACK] Seq=10326 Ack=144 Win=65024 Len=1448 TSval=2916032238 TSecr=3045552010 [TCP segment of a reassembled PDU]"
"826","28.158250032","192.168.1.55","192.168.1.2","TCP","1514","8004  >  49740 [PSH, ACK] Seq=11774 Ack=144 Win=65024 Len=1448 TSval=2916032238 TSecr=3045552010 [TCP segment of a reassembled PDU]"
"827","28.162218149","192.168.1.2","192.168.1.55","TCP","66","49740  >  8004 [ACK] Seq=144 Ack=190 Win=64512 Len=0 TSval=3045552016 TSecr=2916032238"
"828","28.162389594","192.168.1.55","192.168.1.2","TCP","1514","8004  >  49740 [ACK] Seq=13222 Ack=144 Win=65024 Len=1448 TSval=2916032243 TSecr=3045552016 [TCP segment of a reassembled PDU]"
"829","28.162406483","192.168.1.55","192.168.1.2","TCP","1514","8004  >  49740 [PSH, ACK] Seq=14670 Ack=144 Win=65024 Len=1448 TSval=2916032243 TSecr=3045552016 [TCP segment of a reassembled PDU]"
"830","28.162546557","192.168.1.2","192.168.1.55","TCP","66","49740  >  8004 [ACK] Seq=144 Ack=3086 Win=70656 Len=0 TSval=3045552016 TSecr=2916032238"
"831","28.162581854","192.168.1.2","192.168.1.55","TCP","66","49740  >  8004 [ACK] Seq=144 Ack=5982 Win=76800 Len=0 TSval=3045552016 TSecr=2916032238"
"832","28.162642909","192.168.1.55","192.168.1.2","TCP","1514","8004  >  49740 [ACK] Seq=16118 Ack=144 Win=65024 Len=1448 TSval=2916032243 TSecr=3045552016 [TCP segment of a reassembled PDU]"
"833","28.162647835","192.168.1.55","192.168.1.2","TCP","1514","8004  >  49740 [ACK] Seq=17566 Ack=144 Win=65024 Len=1448 TSval=2916032243 TSecr=3045552016 [TCP segment of a reassembled PDU]"
"834","28.162649706","192.168.1.55","192.168.1.2","TCP","1514","8004  >  49740 [ACK] Seq=19014 Ack=144 Win=65024 Len=1448 TSval=2916032243 TSecr=3045552016 [TCP segment of a reassembled PDU]"
"835","28.162651817","192.168.1.55","192.168.1.2","TCP","1514","8004  >  49740 [ACK] Seq=20462 Ack=144 Win=65024 Len=1448 TSval=2916032243 TSecr=3045552016 [TCP segment of a reassembled PDU]"
"836","28.162654539","192.168.1.55","192.168.1.2","TCP","1514","8004  >  49740 [ACK] Seq=21910 Ack=144 Win=65024 Len=1448 TSval=2916032243 TSecr=3045552016 [TCP segment of a reassembled PDU]"
"837","28.162657002","192.168.1.55","192.168.1.2","TCP","1514","8004  >  49740 [ACK] Seq=23358 Ack=144 Win=65024 Len=1448 TSval=2916032243 TSecr=3045552016 [TCP segment of a reassembled PDU]"
"838","28.162658946","192.168.1.55","192.168.1.2","TCP","1514","8004  >  49740 [PSH, ACK] Seq=24806 Ack=144 Win=65024 Len=1448 TSval=2916032243 TSecr=3045552016 [TCP segment of a reassembled PDU]"
"839","28.164040597","192.168.1.2","192.168.1.55","TCP","66","49740  >  8004 [ACK] Seq=144 Ack=7430 Win=79872 Len=0 TSval=3045552018 TSecr=2916032238"
"840","28.164060411","192.168.1.55","192.168.1.2","TCP","1514","8004  >  49740 [ACK] Seq=26254 Ack=144 Win=65024 Len=1448 TSval=2916032244 TSecr=3045552018 [TCP segment of a reassembled PDU]"
"841","28.164064374","192.168.1.55","192.168.1.2","TCP","1514","8004  >  49740 [ACK] Seq=27702 Ack=144 Win=65024 Len=1448 TSval=2916032244 TSecr=3045552018 [TCP segment of a reassembled PDU]"
"842","28.164065671","192.168.1.55","192.168.1.2","TCP","1514","8004  >  49740 [PSH, ACK] Seq=29150 Ack=144 Win=65024 Len=1448 TSval=2916032244 TSecr=3045552018 [TCP segment of a reassembled PDU]"
"843","28.165684155","192.168.1.2","192.168.1.55","TCP","66","49740  >  8004 [ACK] Seq=144 Ack=13222 Win=84992 Len=0 TSval=3045552018 TSecr=2916032238"
"844","28.165759933","192.168.1.55","192.168.1.2","TCP","1514","8004  >  49740 [ACK] Seq=30598 Ack=144 Win=65024 Len=1448 TSval=2916032246 TSecr=3045552018 [TCP segment of a reassembled PDU]"
"845","28.165764322","192.168.1.55","192.168.1.2","TCP","1514","8004  >  49740 [ACK] Seq=32046 Ack=144 Win=65024 Len=1448 TSval=2916032246 TSecr=3045552018 [TCP segment of a reassembled PDU]"
"846","28.165766044","192.168.1.55","192.168.1.2","TCP","1514","8004  >  49740 [ACK] Seq=33494 Ack=144 Win=65024 Len=1448 TSval=2916032246 TSecr=3045552018 [TCP segment of a reassembled PDU]"
"847","28.165767655","192.168.1.55","192.168.1.2","TCP","1514","8004  >  49740 [ACK] Seq=34942 Ack=144 Win=65024 Len=1448 TSval=2916032246 TSecr=3045552018 [TCP segment of a reassembled PDU]"
"848","28.165769433","192.168.1.55","192.168.1.2","TCP","1514","8004  >  49740 [ACK] Seq=36390 Ack=144 Win=65024 Len=1448 TSval=2916032246 TSecr=3045552018 [TCP segment of a reassembled PDU]"
"849","28.165770951","192.168.1.55","192.168.1.2","TCP","1514","8004  >  49740 [ACK] Seq=37838 Ack=144 Win=65024 Len=1448 TSval=2916032246 TSecr=3045552018 [TCP segment of a reassembled PDU]"
"850","28.165772562","192.168.1.55","192.168.1.2","TCP","1514","8004  >  49740 [ACK] Seq=39286 Ack=144 Win=65024 Len=1448 TSval=2916032246 TSecr=3045552018 [TCP segment of a reassembled PDU]"
"851","28.165773970","192.168.1.55","192.168.1.2","TCP","1514","8004  >  49740 [PSH, ACK] Seq=40734 Ack=144 Win=65024 Len=1448 TSval=2916032246 TSecr=3045552018 [TCP segment of a reassembled PDU]"
"852","28.167378046","192.168.1.2","192.168.1.55","TCP","66","49740  >  8004 [ACK] Seq=144 Ack=16118 Win=90112 Len=0 TSval=3045552021 TSecr=2916032243"
"853","28.167415769","192.168.1.55","192.168.1.2","TCP","1514","8004  >  49740 [ACK] Seq=42182 Ack=144 Win=65024 Len=1448 TSval=2916032248 TSecr=3045552021 [TCP segment of a reassembled PDU]"
"854","28.167421935","192.168.1.55","192.168.1.2","TCP","1514","8004  >  49740 [PSH, ACK] Seq=43630 Ack=144 Win=65024 Len=1448 TSval=2916032248 TSecr=3045552021 [TCP segment of a reassembled PDU]"
"855","28.167656454","192.168.1.2","192.168.1.55","TCP","66","49740  >  8004 [ACK] Seq=144 Ack=26254 Win=81920 Len=0 TSval=3045552021 TSecr=2916032243"
"856","28.167692084","192.168.1.55","192.168.1.2","TCP","1514","8004  >  49740 [ACK] Seq=45078 Ack=144 Win=65024 Len=1448 TSval=2916032248 TSecr=3045552021 [TCP segment of a reassembled PDU]"
"857","28.167694732","192.168.1.55","192.168.1.2","TCP","1514","8004  >  49740 [ACK] Seq=46526 Ack=144 Win=65024 Len=1448 TSval=2916032248 TSecr=3045552021 [TCP segment of a reassembled PDU]"
"858","28.167695806","192.168.1.55","192.168.1.2","TCP","1514","8004  >  49740 [ACK] Seq=47974 Ack=144 Win=65024 Len=1448 TSval=2916032248 TSecr=3045552021 [TCP segment of a reassembled PDU]"
"859","28.167696936","192.168.1.55","192.168.1.2","TCP","1514","8004  >  49740 [ACK] Seq=49422 Ack=144 Win=65024 Len=1448 TSval=2916032248 TSecr=3045552021 [TCP segment of a reassembled PDU]"
"860","28.167698139","192.168.1.55","192.168.1.2","TCP","1514","8004  >  49740 [ACK] Seq=50870 Ack=144 Win=65024 Len=1448 TSval=2916032248 TSecr=3045552021 [TCP segment of a reassembled PDU]"
"861","28.167699250","192.168.1.55","192.168.1.2","TCP","1514","8004  >  49740 [ACK] Seq=52318 Ack=144 Win=65024 Len=1448 TSval=2916032248 TSecr=3045552021 [TCP segment of a reassembled PDU]"
"862","28.167701269","192.168.1.55","192.168.1.2","TCP","1514","8004  >  49740 [ACK] Seq=53766 Ack=144 Win=65024 Len=1448 TSval=2916032248 TSecr=3045552021 [TCP segment of a reassembled PDU]"
"863","28.167702843","192.168.1.55","192.168.1.2","TCP","1514","8004  >  49740 [ACK] Seq=55214 Ack=144 Win=65024 Len=1448 TSval=2916032248 TSecr=3045552021 [TCP segment of a reassembled PDU]"
"864","28.167704584","192.168.1.55","192.168.1.2","TCP","1514","8004  >  49740 [ACK] Seq=56662 Ack=144 Win=65024 Len=1448 TSval=2916032248 TSecr=3045552021 [TCP segment of a reassembled PDU]"
"865","28.167706047","192.168.1.55","192.168.1.2","TCP","1514","8004  >  49740 [ACK] Seq=58110 Ack=144 Win=65024 Len=1448 TSval=2916032248 TSecr=3045552021 [TCP segment of a reassembled PDU]"
"866","28.167707287","192.168.1.55","192.168.1.2","TCP","1514","8004  >  49740 [ACK] Seq=59558 Ack=144 Win=65024 Len=1448 TSval=2916032248 TSecr=3045552021 [TCP segment of a reassembled PDU]"
"867","28.167708417","192.168.1.55","192.168.1.2","TCP","1514","8004  >  49740 [ACK] Seq=61006 Ack=144 Win=65024 Len=1448 TSval=2916032248 TSecr=3045552021 [TCP segment of a reassembled PDU]"
"868","28.167709639","192.168.1.55","192.168.1.2","TCP","1514","8004  >  49740 [ACK] Seq=62454 Ack=144 Win=65024 Len=1448 TSval=2916032248 TSecr=3045552021 [TCP segment of a reassembled PDU]"
"869","28.167711621","192.168.1.55","192.168.1.2","TCP","1514","8004  >  49740 [PSH, ACK] Seq=63902 Ack=144 Win=65024 Len=1448 TSval=2916032248 TSecr=3045552021 [TCP segment of a reassembled PDU]"
"870","28.167716121","192.168.1.2","192.168.1.55","TCP","66","49740  >  8004 [ACK] Seq=144 Ack=29150 Win=90112 Len=0 TSval=3045552022 TSecr=2916032244"
"871","28.167720047","192.168.1.2","192.168.1.55","TCP","66","49740  >  8004 [ACK] Seq=144 Ack=30598 Win=90112 Len=0 TSval=3045552023 TSecr=2916032244"
"872","28.167808306","192.168.1.55","192.168.1.2","TCP","1514","8004  >  49740 [ACK] Seq=65350 Ack=144 Win=65024 Len=1448 TSval=2916032248 TSecr=3045552023 [TCP segment of a reassembled PDU]"
"873","28.167816214","192.168.1.55","192.168.1.2","TCP","1514","8004  >  49740 [ACK] Seq=66798 Ack=144 Win=65024 Len=1448 TSval=2916032248 TSecr=3045552023 [TCP segment of a reassembled PDU]"
"874","28.167817936","192.168.1.55","192.168.1.2","TCP","1514","8004  >  49740 [ACK] Seq=68246 Ack=144 Win=65024 Len=1448 TSval=2916032248 TSecr=3045552023 [TCP segment of a reassembled PDU]"
"875","28.167819158","192.168.1.55","192.168.1.2","TCP","1514","8004  >  49740 [ACK] Seq=69694 Ack=144 Win=65024 Len=1448 TSval=2916032248 TSecr=3045552023 [TCP segment of a reassembled PDU]"
"876","28.167820436","192.168.1.55","192.168.1.2","TCP","1514","8004  >  49740 [ACK] Seq=71142 Ack=144 Win=65024 Len=1448 TSval=2916032248 TSecr=3045552023 [TCP segment of a reassembled PDU]"
"877","28.167821677","192.168.1.55","192.168.1.2","TCP","1514","8004  >  49740 [ACK] Seq=72590 Ack=144 Win=65024 Len=1448 TSval=2916032248 TSecr=3045552023 [TCP segment of a reassembled PDU]"
"878","28.167822954","192.168.1.55","192.168.1.2","TCP","1514","8004  >  49740 [ACK] Seq=74038 Ack=144 Win=65024 Len=1448 TSval=2916032248 TSecr=3045552023 [TCP segment of a reassembled PDU]"
"879","28.167824751","192.168.1.55","192.168.1.2","TCP","1514","8004  >  49740 [PSH, ACK] Seq=75486 Ack=144 Win=65024 Len=1448 TSval=2916032248 TSecr=3045552023 [TCP segment of a reassembled PDU]"
"880","28.172546332","192.168.1.2","192.168.1.55","TCP","78","[TCP Dup ACK 871#1] 49740  >  8004 [ACK] Seq=144 Ack=30598 Win=90112 Len=0 TSval=3045552027 TSecr=2916032244 SLE=45078 SRE=46526"
"881","28.172583647","192.168.1.55","192.168.1.2","TCP","1514","[TCP Retransmission] 8004  >  49740 [ACK] Seq=30598 Ack=144 Win=65024 Len=1448 TSval=2916032253 TSecr=3045552027 [TCP segment of a reassembled PDU]"
"882","28.172789795","192.168.1.2","192.168.1.55","TCP","78","49740  >  8004 [ACK] Seq=144 Ack=42182 Win=78848 Len=0 TSval=3045552027 TSecr=2916032246 SLE=45078 SRE=46526"
"883","28.172846703","192.168.1.55","192.168.1.2","TCP","1514","8004  >  49740 [ACK] Seq=76934 Ack=144 Win=65024 Len=1448 TSval=2916032253 TSecr=3045552027 [TCP segment of a reassembled PDU]"
"884","28.172849333","192.168.1.55","192.168.1.2","TCP","1514","8004  >  49740 [ACK] Seq=78382 Ack=144 Win=65024 Len=1448 TSval=2916032253 TSecr=3045552027 [TCP segment of a reassembled PDU]"
"885","28.172850758","192.168.1.55","192.168.1.2","TCP","1514","8004  >  49740 [ACK] Seq=79830 Ack=144 Win=65024 Len=1448 TSval=2916032253 TSecr=3045552027 [TCP segment of a reassembled PDU]"
"886","28.172852351","192.168.1.55","192.168.1.2","TCP","1514","8004  >  49740 [ACK] Seq=81278 Ack=144 Win=65024 Len=1448 TSval=2916032253 TSecr=3045552027 [TCP segment of a reassembled PDU]"
"887","28.172854314","192.168.1.55","192.168.1.2","TCP","1514","8004  >  49740 [ACK] Seq=82726 Ack=144 Win=65024 Len=1448 TSval=2916032253 TSecr=3045552027 [TCP segment of a reassembled PDU]"
"888","28.172855944","192.168.1.55","192.168.1.2","TCP","1514","8004  >  49740 [ACK] Seq=84174 Ack=144 Win=65024 Len=1448 TSval=2916032253 TSecr=3045552027 [TCP segment of a reassembled PDU]"
"889","28.172857962","192.168.1.55","192.168.1.2","TCP","1514","8004  >  49740 [ACK] Seq=85622 Ack=144 Win=65024 Len=1448 TSval=2916032253 TSecr=3045552027 [TCP segment of a reassembled PDU]"
"890","28.172859870","192.168.1.55","192.168.1.2","TCP","1514","8004  >  49740 [ACK] Seq=87070 Ack=144 Win=65024 Len=1448 TSval=2916032253 TSecr=3045552027 [TCP segment of a reassembled PDU]"
"891","28.172861333","192.168.1.55","192.168.1.2","TCP","1514","8004  >  49740 [ACK] Seq=88518 Ack=144 Win=65024 Len=1448 TSval=2916032253 TSecr=3045552027 [TCP segment of a reassembled PDU]"
"892","28.172862907","192.168.1.55","192.168.1.2","TCP","1514","8004  >  49740 [ACK] Seq=89966 Ack=144 Win=65024 Len=1448 TSval=2916032253 TSecr=3045552027 [TCP segment of a reassembled PDU]"
"893","28.172864073","192.168.1.55","192.168.1.2","TCP","1514","8004  >  49740 [ACK] Seq=91414 Ack=144 Win=65024 Len=1448 TSval=2916032253 TSecr=3045552027 [TCP segment of a reassembled PDU]"
"894","28.172865610","192.168.1.55","192.168.1.2","TCP","1514","8004  >  49740 [ACK] Seq=92862 Ack=144 Win=65024 Len=1448 TSval=2916032253 TSecr=3045552027 [TCP segment of a reassembled PDU]"
"895","28.172866925","192.168.1.55","192.168.1.2","TCP","1514","8004  >  49740 [ACK] Seq=94310 Ack=144 Win=65024 Len=1448 TSval=2916032253 TSecr=3045552027 [TCP segment of a reassembled PDU]"
"896","28.172868536","192.168.1.55","192.168.1.2","TCP","1514","8004  >  49740 [ACK] Seq=95758 Ack=144 Win=65024 Len=1448 TSval=2916032253 TSecr=3045552027 [TCP segment of a reassembled PDU]"
"897","28.172870018","192.168.1.55","192.168.1.2","TCP","1514","8004  >  49740 [ACK] Seq=97206 Ack=144 Win=65024 Len=1448 TSval=2916032253 TSecr=3045552027 [TCP segment of a reassembled PDU]"
"898","28.172871870","192.168.1.55","192.168.1.2","TCP","1514","8004  >  49740 [ACK] Seq=98654 Ack=144 Win=65024 Len=1448 TSval=2916032253 TSecr=3045552027 [TCP segment of a reassembled PDU]"
"899","28.172873833","192.168.1.55","192.168.1.2","TCP","1514","8004  >  49740 [PSH, ACK] Seq=100102 Ack=144 Win=65024 Len=1448 TSval=2916032253 TSecr=3045552027 [TCP segment of a reassembled PDU]"
"900","28.172877851","192.168.1.2","192.168.1.55","TCP","78","[TCP Dup ACK 882#1] 49740  >  8004 [ACK] Seq=144 Ack=42182 Win=78848 Len=0 TSval=3045552027 TSecr=2916032246 SLE=45078 SRE=65350"
"901","28.172888684","192.168.1.2","192.168.1.55","TCP","78","[TCP Dup ACK 882#2] 49740  >  8004 [ACK] Seq=144 Ack=42182 Win=78848 Len=0 TSval=3045552027 TSecr=2916032246 SLE=45078 SRE=68246"
"902","28.172894573","192.168.1.2","192.168.1.55","TCP","66","49740  >  8004 [ACK] Seq=144 Ack=68246 Win=54272 Len=0 TSval=3045552027 TSecr=2916032248"
"903","28.172951592","192.168.1.55","192.168.1.2","TCP","1514","8004  >  49740 [ACK] Seq=101550 Ack=144 Win=65024 Len=1448 TSval=2916032253 TSecr=3045552027 [TCP segment of a reassembled PDU]"
"904","28.172955703","192.168.1.55","192.168.1.2","TCP","1514","8004  >  49740 [ACK] Seq=102998 Ack=144 Win=65024 Len=1448 TSval=2916032253 TSecr=3045552027 [TCP segment of a reassembled PDU]"
"905","28.172958610","192.168.1.55","192.168.1.2","TCP","1514","8004  >  49740 [ACK] Seq=104446 Ack=144 Win=65024 Len=1448 TSval=2916032253 TSecr=3045552027 [TCP segment of a reassembled PDU]"
"906","28.172960740","192.168.1.55","192.168.1.2","TCP","1514","8004  >  49740 [ACK] Seq=105894 Ack=144 Win=65024 Len=1448 TSval=2916032253 TSecr=3045552027 [TCP segment of a reassembled PDU]"
"907","28.172963203","192.168.1.55","192.168.1.2","TCP","1514","8004  >  49740 [ACK] Seq=107342 Ack=144 Win=65024 Len=1448 TSval=2916032253 TSecr=3045552027 [TCP segment of a reassembled PDU]"
"908","28.172965018","192.168.1.55","192.168.1.2","TCP","1514","8004  >  49740 [ACK] Seq=108790 Ack=144 Win=65024 Len=1448 TSval=2916032253 TSecr=3045552027 [TCP segment of a reassembled PDU]"
"909","28.172966462","192.168.1.55","192.168.1.2","TCP","1514","8004  >  49740 [ACK] Seq=110238 Ack=144 Win=65024 Len=1448 TSval=2916032253 TSecr=3045552027 [TCP segment of a reassembled PDU]"
"910","28.172968110","192.168.1.55","192.168.1.2","TCP","1514","8004  >  49740 [ACK] Seq=111686 Ack=144 Win=65024 Len=1448 TSval=2916032253 TSecr=3045552027 [TCP segment of a reassembled PDU]"
"911","28.172969518","192.168.1.55","192.168.1.2","TCP","1514","8004  >  49740 [ACK] Seq=113134 Ack=144 Win=65024 Len=1448 TSval=2916032253 TSecr=3045552027 [TCP segment of a reassembled PDU]"
"912","28.172971073","192.168.1.55","192.168.1.2","TCP","1514","8004  >  49740 [ACK] Seq=114582 Ack=144 Win=65024 Len=1448 TSval=2916032253 TSecr=3045552027 [TCP segment of a reassembled PDU]"
"913","28.172973259","192.168.1.55","192.168.1.2","TCP","1514","8004  >  49740 [ACK] Seq=116030 Ack=144 Win=65024 Len=1448 TSval=2916032253 TSecr=3045552027 [TCP segment of a reassembled PDU]"
"914","28.172975722","192.168.1.55","192.168.1.2","TCP","1514","8004  >  49740 [ACK] Seq=117478 Ack=144 Win=65024 Len=1448 TSval=2916032253 TSecr=3045552027 [TCP segment of a reassembled PDU]"
"915","28.172977573","192.168.1.55","192.168.1.2","TCP","1514","8004  >  49740 [ACK] Seq=118926 Ack=144 Win=65024 Len=1448 TSval=2916032253 TSecr=3045552027 [TCP segment of a reassembled PDU]"
"916","28.172980536","192.168.1.55","192.168.1.2","TCP","1514","8004  >  49740 [PSH, ACK] Seq=120374 Ack=144 Win=65024 Len=1448 TSval=2916032253 TSecr=3045552027 [TCP segment of a reassembled PDU]"
"917","28.172998351","192.168.1.2","192.168.1.55","TCP","66","49740  >  8004 [ACK] Seq=144 Ack=76934 Win=46080 Len=0 TSval=3045552027 TSecr=2916032248"
"918","28.173005444","192.168.1.2","192.168.1.55","TCP","66","[TCP Window Update] 49740  >  8004 [ACK] Seq=144 Ack=76934 Win=93184 Len=0 TSval=3045552027 TSecr=2916032248"
"919","28.173099388","192.168.1.55","192.168.1.2","TCP","1514","8004  >  49740 [ACK] Seq=121822 Ack=144 Win=65024 Len=1448 TSval=2916032253 TSecr=3045552027 [TCP segment of a reassembled PDU]"
"920","28.173102777","192.168.1.55","192.168.1.2","TCP","1514","8004  >  49740 [ACK] Seq=123270 Ack=144 Win=65024 Len=1448 TSval=2916032253 TSecr=3045552027 [TCP segment of a reassembled PDU]"
"921","28.173104685","192.168.1.55","192.168.1.2","TCP","1514","8004  >  49740 [ACK] Seq=124718 Ack=144 Win=65024 Len=1448 TSval=2916032253 TSecr=3045552027 [TCP segment of a reassembled PDU]"
"922","28.173106259","192.168.1.55","192.168.1.2","TCP","1514","8004  >  49740 [ACK] Seq=126166 Ack=144 Win=65024 Len=1448 TSval=2916032253 TSecr=3045552027 [TCP segment of a reassembled PDU]"
"923","28.173107851","192.168.1.55","192.168.1.2","TCP","1514","8004  >  49740 [ACK] Seq=127614 Ack=144 Win=65024 Len=1448 TSval=2916032253 TSecr=3045552027 [TCP segment of a reassembled PDU]"
"924","28.173110351","192.168.1.55","192.168.1.2","TCP","1514","8004  >  49740 [ACK] Seq=129062 Ack=144 Win=65024 Len=1448 TSval=2916032253 TSecr=3045552027 [TCP segment of a reassembled PDU]"
"925","28.173112111","192.168.1.55","192.168.1.2","TCP","1514","8004  >  49740 [ACK] Seq=130510 Ack=144 Win=65024 Len=1448 TSval=2916032253 TSecr=3045552027 [TCP segment of a reassembled PDU]"
"926","28.173113481","192.168.1.55","192.168.1.2","TCP","1514","8004  >  49740 [ACK] Seq=131958 Ack=144 Win=65024 Len=1448 TSval=2916032253 TSecr=3045552027 [TCP segment of a reassembled PDU]"
"927","28.173115222","192.168.1.55","192.168.1.2","TCP","1514","8004  >  49740 [ACK] Seq=133406 Ack=144 Win=65024 Len=1448 TSval=2916032253 TSecr=3045552027 [TCP segment of a reassembled PDU]"
"928","28.173116685","192.168.1.55","192.168.1.2","TCP","1514","8004  >  49740 [ACK] Seq=134854 Ack=144 Win=65024 Len=1448 TSval=2916032253 TSecr=3045552027 [TCP segment of a reassembled PDU]"
"929","28.173118777","192.168.1.55","192.168.1.2","TCP","1514","8004  >  49740 [ACK] Seq=136302 Ack=144 Win=65024 Len=1448 TSval=2916032253 TSecr=3045552027 [TCP segment of a reassembled PDU]"
"930","28.173120314","192.168.1.55","192.168.1.2","TCP","1514","8004  >  49740 [ACK] Seq=137750 Ack=144 Win=65024 Len=1448 TSval=2916032253 TSecr=3045552027 [TCP segment of a reassembled PDU]"
"931","28.173122203","192.168.1.55","192.168.1.2","TCP","1514","8004  >  49740 [ACK] Seq=139198 Ack=144 Win=65024 Len=1448 TSval=2916032253 TSecr=3045552027 [TCP segment of a reassembled PDU]"
"932","28.173124592","192.168.1.55","192.168.1.2","TCP","1514","8004  >  49740 [ACK] Seq=140646 Ack=144 Win=65024 Len=1448 TSval=2916032253 TSecr=3045552027 [TCP segment of a reassembled PDU]"
"933","28.173126166","192.168.1.55","192.168.1.2","TCP","1514","8004  >  49740 [ACK] Seq=142094 Ack=144 Win=65024 Len=1448 TSval=2916032253 TSecr=3045552027 [TCP segment of a reassembled PDU]"
"934","28.173127889","192.168.1.55","192.168.1.2","TCP","1514","8004  >  49740 [ACK] Seq=143542 Ack=144 Win=65024 Len=1448 TSval=2916032253 TSecr=3045552027 [TCP segment of a reassembled PDU]"
"935","28.173129777","192.168.1.55","192.168.1.2","TCP","1514","8004  >  49740 [ACK] Seq=144990 Ack=144 Win=65024 Len=1448 TSval=2916032253 TSecr=3045552027 [TCP segment of a reassembled PDU]"
"936","28.173131055","192.168.1.55","192.168.1.2","TCP","1514","8004  >  49740 [ACK] Seq=146438 Ack=144 Win=65024 Len=1448 TSval=2916032253 TSecr=3045552027 [TCP segment of a reassembled PDU]"
"937","28.173132611","192.168.1.55","192.168.1.2","TCP","1514","8004  >  49740 [ACK] Seq=147886 Ack=144 Win=65024 Len=1448 TSval=2916032253 TSecr=3045552027 [TCP segment of a reassembled PDU]"
"938","28.173134389","192.168.1.55","192.168.1.2","TCP","1514","8004  >  49740 [ACK] Seq=149334 Ack=144 Win=65024 Len=1448 TSval=2916032253 TSecr=3045552027 [TCP segment of a reassembled PDU]"
"939","28.173135666","192.168.1.55","192.168.1.2","TCP","1514","8004  >  49740 [ACK] Seq=150782 Ack=144 Win=65024 Len=1448 TSval=2916032253 TSecr=3045552027 [TCP segment of a reassembled PDU]"
"940","28.173137018","192.168.1.55","192.168.1.2","TCP","1514","8004  >  49740 [ACK] Seq=152230 Ack=144 Win=65024 Len=1448 TSval=2916032253 TSecr=3045552027 [TCP segment of a reassembled PDU]"
"941","28.173139092","192.168.1.55","192.168.1.2","TCP","1514","8004  >  49740 [ACK] Seq=153678 Ack=144 Win=65024 Len=1448 TSval=2916032253 TSecr=3045552027 [TCP segment of a reassembled PDU]"
"942","28.173140981","192.168.1.55","192.168.1.2","TCP","1514","8004  >  49740 [ACK] Seq=155126 Ack=144 Win=65024 Len=1448 TSval=2916032253 TSecr=3045552027 [TCP segment of a reassembled PDU]"
"943","28.173142759","192.168.1.55","192.168.1.2","TCP","1514","8004  >  49740 [ACK] Seq=156574 Ack=144 Win=65024 Len=1448 TSval=2916032253 TSecr=3045552027 [TCP segment of a reassembled PDU]"
"944","28.173144592","192.168.1.55","192.168.1.2","TCP","1514","8004  >  49740 [ACK] Seq=158022 Ack=144 Win=65024 Len=1448 TSval=2916032253 TSecr=3045552027 [TCP segment of a reassembled PDU]"
"945","28.173146426","192.168.1.55","192.168.1.2","TCP","1514","8004  >  49740 [ACK] Seq=159470 Ack=144 Win=65024 Len=1448 TSval=2916032253 TSecr=3045552027 [TCP segment of a reassembled PDU]"
"946","28.173148148","192.168.1.55","192.168.1.2","TCP","1514","8004  >  49740 [ACK] Seq=160918 Ack=144 Win=65024 Len=1448 TSval=2916032253 TSecr=3045552027 [TCP segment of a reassembled PDU]"
"947","28.173149481","192.168.1.55","192.168.1.2","TCP","1514","8004  >  49740 [ACK] Seq=162366 Ack=144 Win=65024 Len=1448 TSval=2916032253 TSecr=3045552027 [TCP segment of a reassembled PDU]"
"948","28.173150870","192.168.1.55","192.168.1.2","TCP","1514","8004  >  49740 [ACK] Seq=163814 Ack=144 Win=65024 Len=1448 TSval=2916032253 TSecr=3045552027 [TCP segment of a reassembled PDU]"
"949","28.173152352","192.168.1.55","192.168.1.2","TCP","1514","8004  >  49740 [PSH, ACK] Seq=165262 Ack=144 Win=65024 Len=1448 TSval=2916032253 TSecr=3045552027 [TCP segment of a reassembled PDU]"
"950","28.174421835","192.168.1.55","192.168.1.2","TCP","1514","8004  >  49740 [ACK] Seq=166710 Ack=144 Win=65024 Len=1448 TSval=2916032255 TSecr=3045552027 [TCP segment of a reassembled PDU]"
"951","28.179379695","192.168.1.2","192.168.1.55","TCP","78","[TCP Dup ACK 917#1] 49740  >  8004 [ACK] Seq=144 Ack=76934 Win=93184 Len=0 TSval=3045552030 TSecr=2916032248 SLE=30598 SRE=32046"
"952","28.180932160","192.168.1.2","192.168.1.55","TCP","66","49740  >  8004 [ACK] Seq=144 Ack=81278 Win=89088 Len=0 TSval=3045552035 TSecr=2916032253"
"953","28.180955419","192.168.1.55","192.168.1.2","TCP","1514","8004  >  49740 [ACK] Seq=168158 Ack=144 Win=65024 Len=1448 TSval=2916032261 TSecr=3045552035 [TCP segment of a reassembled PDU]"
"954","28.180958715","192.168.1.55","192.168.1.2","TCP","826","[TCP Window Full] 8004  >  49740 [PSH, ACK] Seq=169606 Ack=144 Win=65024 Len=760 TSval=2916032261 TSecr=3045552035 [TCP segment of a reassembled PDU]"
"955","28.181130457","192.168.1.2","192.168.1.55","TCP","66","49740  >  8004 [ACK] Seq=144 Ack=101550 Win=69632 Len=0 TSval=3045552035 TSecr=2916032253"
"956","28.181140179","192.168.1.2","192.168.1.55","TCP","66","49740  >  8004 [ACK] Seq=144 Ack=121822 Win=50176 Len=0 TSval=3045552035 TSecr=2916032253"
"957","28.184165295","192.168.1.2","192.168.1.55","TCP","66","49740  >  8004 [ACK] Seq=144 Ack=170366 Win=14336 Len=0 TSval=3045552039 TSecr=2916032253"
"958","28.184205461","192.168.1.55","192.168.1.2","TCP","1514","8004  >  49740 [ACK] Seq=170366 Ack=144 Win=65024 Len=1448 TSval=2916032264 TSecr=3045552039 [TCP segment of a reassembled PDU]"
"959","28.184208906","192.168.1.55","192.168.1.2","TCP","1514","8004  >  49740 [ACK] Seq=171814 Ack=144 Win=65024 Len=1448 TSval=2916032264 TSecr=3045552039 [TCP segment of a reassembled PDU]"
"960","28.184210258","192.168.1.55","192.168.1.2","TCP","1514","8004  >  49740 [ACK] Seq=173262 Ack=144 Win=65024 Len=1448 TSval=2916032264 TSecr=3045552039 [TCP segment of a reassembled PDU]"
"961","28.184211480","192.168.1.55","192.168.1.2","TCP","1514","8004  >  49740 [ACK] Seq=174710 Ack=144 Win=65024 Len=1448 TSval=2916032264 TSecr=3045552039 [TCP segment of a reassembled PDU]"
"962","28.184212998","192.168.1.55","192.168.1.2","TCP","1514","8004  >  49740 [ACK] Seq=176158 Ack=144 Win=65024 Len=1448 TSval=2916032264 TSecr=3045552039 [TCP segment of a reassembled PDU]"
"963","28.184214221","192.168.1.55","192.168.1.2","TCP","1514","8004  >  49740 [ACK] Seq=177606 Ack=144 Win=65024 Len=1448 TSval=2916032264 TSecr=3045552039 [TCP segment of a reassembled PDU]"
"964","28.184215498","192.168.1.55","192.168.1.2","TCP","1514","8004  >  49740 [ACK] Seq=179054 Ack=144 Win=65024 Len=1448 TSval=2916032264 TSecr=3045552039 [TCP segment of a reassembled PDU]"
"965","28.184216646","192.168.1.55","192.168.1.2","TCP","1514","8004  >  49740 [ACK] Seq=180502 Ack=144 Win=65024 Len=1448 TSval=2916032264 TSecr=3045552039 [TCP segment of a reassembled PDU]"
"966","28.184217813","192.168.1.55","192.168.1.2","TCP","1514","8004  >  49740 [ACK] Seq=181950 Ack=144 Win=65024 Len=1448 TSval=2916032264 TSecr=3045552039 [TCP segment of a reassembled PDU]"
"967","28.184219072","192.168.1.55","192.168.1.2","TCP","1370","[TCP Window Full] 8004  >  49740 [PSH, ACK] Seq=183398 Ack=144 Win=65024 Len=1304 TSval=2916032264 TSecr=3045552039 [TCP segment of a reassembled PDU]"
"968","28.184282924","192.168.1.2","192.168.1.55","TCP","66","[TCP Window Update] 49740  >  8004 [ACK] Seq=144 Ack=170366 Win=29696 Len=0 TSval=3045552039 TSecr=2916032253"
"969","28.184307573","192.168.1.55","192.168.1.2","TCP","1514","8004  >  49740 [ACK] Seq=184702 Ack=144 Win=65024 Len=1448 TSval=2916032264 TSecr=3045552039 [TCP segment of a reassembled PDU]"
"970","28.184309628","192.168.1.55","192.168.1.2","TCP","1514","8004  >  49740 [ACK] Seq=186150 Ack=144 Win=65024 Len=1448 TSval=2916032264 TSecr=3045552039 [TCP segment of a reassembled PDU]"
"971","28.184310832","192.168.1.55","192.168.1.2","TCP","1514","8004  >  49740 [ACK] Seq=187598 Ack=144 Win=65024 Len=1448 TSval=2916032264 TSecr=3045552039 [TCP segment of a reassembled PDU]"
"972","28.184311998","192.168.1.55","192.168.1.2","TCP","1514","8004  >  49740 [ACK] Seq=189046 Ack=144 Win=65024 Len=1448 TSval=2916032264 TSecr=3045552039 [TCP segment of a reassembled PDU]"
"973","28.184313239","192.168.1.55","192.168.1.2","TCP","1514","8004  >  49740 [ACK] Seq=190494 Ack=144 Win=65024 Len=1448 TSval=2916032264 TSecr=3045552039 [TCP segment of a reassembled PDU]"
"974","28.184314573","192.168.1.55","192.168.1.2","TCP","1514","8004  >  49740 [ACK] Seq=191942 Ack=144 Win=65024 Len=1448 TSval=2916032264 TSecr=3045552039 [TCP segment of a reassembled PDU]"
"975","28.184315739","192.168.1.55","192.168.1.2","TCP","1514","8004  >  49740 [ACK] Seq=193390 Ack=144 Win=65024 Len=1448 TSval=2916032264 TSecr=3045552039 [TCP segment of a reassembled PDU]"
"976","28.184317036","192.168.1.55","192.168.1.2","TCP","1514","8004  >  49740 [ACK] Seq=194838 Ack=144 Win=65024 Len=1448 TSval=2916032264 TSecr=3045552039 [TCP segment of a reassembled PDU]"
"977","28.184318165","192.168.1.55","192.168.1.2","TCP","1514","8004  >  49740 [ACK] Seq=196286 Ack=144 Win=65024 Len=1448 TSval=2916032264 TSecr=3045552039 [TCP segment of a reassembled PDU]"
"978","28.184319443","192.168.1.55","192.168.1.2","TCP","1514","8004  >  49740 [PSH, ACK] Seq=197734 Ack=144 Win=65024 Len=1448 TSval=2916032264 TSecr=3045552039 [TCP segment of a reassembled PDU]"
"979","28.184327554","192.168.1.2","192.168.1.55","TCP","66","[TCP Window Update] 49740  >  8004 [ACK] Seq=144 Ack=170366 Win=61440 Len=0 TSval=3045552039 TSecr=2916032253"
"980","28.184343962","192.168.1.55","192.168.1.2","TCP","1514","8004  >  49740 [ACK] Seq=199182 Ack=144 Win=65024 Len=1448 TSval=2916032265 TSecr=3045552039 [TCP segment of a reassembled PDU]"
"981","28.184345943","192.168.1.55","192.168.1.2","TCP","1514","8004  >  49740 [ACK] Seq=200630 Ack=144 Win=65024 Len=1448 TSval=2916032265 TSecr=3045552039 [TCP segment of a reassembled PDU]"
"982","28.184347221","192.168.1.55","192.168.1.2","TCP","1514","8004  >  49740 [ACK] Seq=202078 Ack=144 Win=65024 Len=1448 TSval=2916032265 TSecr=3045552039 [TCP segment of a reassembled PDU]"
"983","28.184348573","192.168.1.55","192.168.1.2","TCP","1514","8004  >  49740 [ACK] Seq=203526 Ack=144 Win=65024 Len=1448 TSval=2916032265 TSecr=3045552039 [TCP segment of a reassembled PDU]"
"984","28.184349832","192.168.1.55","192.168.1.2","TCP","1514","8004  >  49740 [ACK] Seq=204974 Ack=144 Win=65024 Len=1448 TSval=2916032265 TSecr=3045552039 [TCP segment of a reassembled PDU]"
"985","28.184351073","192.168.1.55","192.168.1.2","TCP","1514","8004  >  49740 [ACK] Seq=206422 Ack=144 Win=65024 Len=1448 TSval=2916032265 TSecr=3045552039 [TCP segment of a reassembled PDU]"
"986","28.184352295","192.168.1.55","192.168.1.2","TCP","1514","8004  >  49740 [ACK] Seq=207870 Ack=144 Win=65024 Len=1448 TSval=2916032265 TSecr=3045552039 [TCP segment of a reassembled PDU]"
"987","28.184353832","192.168.1.55","192.168.1.2","TCP","1514","8004  >  49740 [PSH, ACK] Seq=209318 Ack=144 Win=65024 Len=1448 TSval=2916032265 TSecr=3045552039 [TCP segment of a reassembled PDU]"
"988","28.184358665","192.168.1.55","192.168.1.2","TCP","898","8004  >  49740 [ACK] Seq=210766 Ack=144 Win=65024 Len=832 TSval=2916032265 TSecr=3045552039 [TCP segment of a reassembled PDU]"
"989","28.184378999","192.168.1.55","192.168.1.2","TCP","1514","8004  >  49740 [ACK] Seq=211598 Ack=144 Win=65024 Len=1448 TSval=2916032265 TSecr=3045552039 [TCP segment of a reassembled PDU]"
"990","28.184380406","192.168.1.55","192.168.1.2","TCP","1514","8004  >  49740 [ACK] Seq=213046 Ack=144 Win=65024 Len=1448 TSval=2916032265 TSecr=3045552039 [TCP segment of a reassembled PDU]"
"991","28.184381536","192.168.1.55","192.168.1.2","TCP","1514","8004  >  49740 [ACK] Seq=214494 Ack=144 Win=65024 Len=1448 TSval=2916032265 TSecr=3045552039 [TCP segment of a reassembled PDU]"
"992","28.184382702","192.168.1.55","192.168.1.2","TCP","1514","8004  >  49740 [ACK] Seq=215942 Ack=144 Win=65024 Len=1448 TSval=2916032265 TSecr=3045552039 [TCP segment of a reassembled PDU]"
"993","28.184383925","192.168.1.55","192.168.1.2","TCP","1514","8004  >  49740 [ACK] Seq=217390 Ack=144 Win=65024 Len=1448 TSval=2916032265 TSecr=3045552039 [TCP segment of a reassembled PDU]"
"994","28.184385073","192.168.1.55","192.168.1.2","TCP","1514","8004  >  49740 [ACK] Seq=218838 Ack=144 Win=65024 Len=1448 TSval=2916032265 TSecr=3045552039 [TCP segment of a reassembled PDU]"
"995","28.184386258","192.168.1.55","192.168.1.2","TCP","1514","8004  >  49740 [ACK] Seq=220286 Ack=144 Win=65024 Len=1448 TSval=2916032265 TSecr=3045552039 [TCP segment of a reassembled PDU]"
"996","28.184387406","192.168.1.55","192.168.1.2","TCP","1514","8004  >  49740 [ACK] Seq=221734 Ack=144 Win=65024 Len=1448 TSval=2916032265 TSecr=3045552039 [TCP segment of a reassembled PDU]"
"997","28.184388536","192.168.1.55","192.168.1.2","TCP","1514","8004  >  49740 [ACK] Seq=223182 Ack=144 Win=65024 Len=1448 TSval=2916032265 TSecr=3045552039 [TCP segment of a reassembled PDU]"
"998","28.184389850","192.168.1.55","192.168.1.2","TCP","1514","8004  >  49740 [ACK] Seq=224630 Ack=144 Win=65024 Len=1448 TSval=2916032265 TSecr=3045552039 [TCP segment of a reassembled PDU]"
"999","28.184390980","192.168.1.55","192.168.1.2","TCP","1514","8004  >  49740 [ACK] Seq=226078 Ack=144 Win=65024 Len=1448 TSval=2916032265 TSecr=3045552039 [TCP segment of a reassembled PDU]"
"1000","28.184392239","192.168.1.55","192.168.1.2","TCP","1514","8004  >  49740 [ACK] Seq=227526 Ack=144 Win=65024 Len=1448 TSval=2916032265 TSecr=3045552039 [TCP segment of a reassembled PDU]"
"1001","28.184393350","192.168.1.55","192.168.1.2","TCP","1514","8004  >  49740 [PSH, ACK] Seq=228974 Ack=144 Win=65024 Len=1448 TSval=2916032265 TSecr=3045552039 [TCP segment of a reassembled PDU]"
"1002","28.191475028","192.168.1.2","192.168.1.55","TCP","66","49740  >  8004 [ACK] Seq=144 Ack=184702 Win=77824 Len=0 TSval=3045552045 TSecr=2916032264"
"1003","28.191532880","192.168.1.55","192.168.1.2","TCP","1514","8004  >  49740 [ACK] Seq=230422 Ack=144 Win=65024 Len=1448 TSval=2916032272 TSecr=3045552045 [TCP segment of a reassembled PDU]"
"1004","28.191537806","192.168.1.55","192.168.1.2","TCP","1514","8004  >  49740 [ACK] Seq=231870 Ack=144 Win=65024 Len=1448 TSval=2916032272 TSecr=3045552045 [TCP segment of a reassembled PDU]"
"1005","28.191538825","192.168.1.55","192.168.1.2","TCP","1514","8004  >  49740 [ACK] Seq=233318 Ack=144 Win=65024 Len=1448 TSval=2916032272 TSecr=3045552045 [TCP segment of a reassembled PDU]"
"1006","28.191539806","192.168.1.55","192.168.1.2","TCP","1514","8004  >  49740 [ACK] Seq=234766 Ack=144 Win=65024 Len=1448 TSval=2916032272 TSecr=3045552045 [TCP segment of a reassembled PDU]"
"1007","28.191540917","192.168.1.55","192.168.1.2","TCP","1514","8004  >  49740 [ACK] Seq=236214 Ack=144 Win=65024 Len=1448 TSval=2916032272 TSecr=3045552045 [TCP segment of a reassembled PDU]"
"1008","28.191541843","192.168.1.55","192.168.1.2","TCP","1514","8004  >  49740 [ACK] Seq=237662 Ack=144 Win=65024 Len=1448 TSval=2916032272 TSecr=3045552045 [TCP segment of a reassembled PDU]"
"1009","28.191542880","192.168.1.55","192.168.1.2","TCP","1514","8004  >  49740 [ACK] Seq=239110 Ack=144 Win=65024 Len=1448 TSval=2916032272 TSecr=3045552045 [TCP segment of a reassembled PDU]"
"1010","28.191543806","192.168.1.55","192.168.1.2","TCP","1514","8004  >  49740 [ACK] Seq=240558 Ack=144 Win=65024 Len=1448 TSval=2916032272 TSecr=3045552045 [TCP segment of a reassembled PDU]"
"1011","28.191544899","192.168.1.55","192.168.1.2","TCP","1514","8004  >  49740 [ACK] Seq=242006 Ack=144 Win=65024 Len=1448 TSval=2916032272 TSecr=3045552045 [TCP segment of a reassembled PDU]"
"1012","28.191545917","192.168.1.55","192.168.1.2","TCP","1514","8004  >  49740 [ACK] Seq=243454 Ack=144 Win=65024 Len=1448 TSval=2916032272 TSecr=3045552045 [TCP segment of a reassembled PDU]"
"1013","28.191546899","192.168.1.55","192.168.1.2","TCP","1514","8004  >  49740 [ACK] Seq=244902 Ack=144 Win=65024 Len=1448 TSval=2916032272 TSecr=3045552045 [TCP segment of a reassembled PDU]"
"1014","28.191548028","192.168.1.55","192.168.1.2","TCP","1514","8004  >  49740 [ACK] Seq=246350 Ack=144 Win=65024 Len=1448 TSval=2916032272 TSecr=3045552045 [TCP segment of a reassembled PDU]"
"1015","28.191549028","192.168.1.55","192.168.1.2","TCP","1514","8004  >  49740 [ACK] Seq=247798 Ack=144 Win=65024 Len=1448 TSval=2916032272 TSecr=3045552045 [TCP segment of a reassembled PDU]"
"1016","28.191550047","192.168.1.55","192.168.1.2","TCP","1514","8004  >  49740 [ACK] Seq=249246 Ack=144 Win=65024 Len=1448 TSval=2916032272 TSecr=3045552045 [TCP segment of a reassembled PDU]"
"1017","28.191550973","192.168.1.55","192.168.1.2","TCP","1514","8004  >  49740 [ACK] Seq=250694 Ack=144 Win=65024 Len=1448 TSval=2916032272 TSecr=3045552045 [TCP segment of a reassembled PDU]"
"1018","28.191551936","192.168.1.55","192.168.1.2","TCP","1514","8004  >  49740 [ACK] Seq=252142 Ack=144 Win=65024 Len=1448 TSval=2916032272 TSecr=3045552045 [TCP segment of a reassembled PDU]"
"1019","28.191553065","192.168.1.55","192.168.1.2","TCP","1514","8004  >  49740 [ACK] Seq=253590 Ack=144 Win=65024 Len=1448 TSval=2916032272 TSecr=3045552045 [TCP segment of a reassembled PDU]"
"1020","28.191554158","192.168.1.55","192.168.1.2","TCP","1514","8004  >  49740 [PSH, ACK] Seq=255038 Ack=144 Win=65024 Len=1448 TSval=2916032272 TSecr=3045552045 [TCP segment of a reassembled PDU]"
"1021","28.191629528","192.168.1.2","192.168.1.55","TCP","66","49740  >  8004 [ACK] Seq=144 Ack=227526 Win=35840 Len=0 TSval=3045552045 TSecr=2916032264"
"1022","28.191643362","192.168.1.2","192.168.1.55","TCP","66","[TCP Window Update] 49740  >  8004 [ACK] Seq=144 Ack=227526 Win=75776 Len=0 TSval=3045552045 TSecr=2916032264"
"1023","28.191680658","192.168.1.55","192.168.1.2","TCP","1514","8004  >  49740 [ACK] Seq=256486 Ack=144 Win=65024 Len=1448 TSval=2916032272 TSecr=3045552045 [TCP segment of a reassembled PDU]"
"1024","28.191683510","192.168.1.55","192.168.1.2","TCP","1514","8004  >  49740 [ACK] Seq=257934 Ack=144 Win=65024 Len=1448 TSval=2916032272 TSecr=3045552045 [TCP segment of a reassembled PDU]"
"1025","28.191684547","192.168.1.55","192.168.1.2","TCP","1514","8004  >  49740 [ACK] Seq=259382 Ack=144 Win=65024 Len=1448 TSval=2916032272 TSecr=3045552045 [TCP segment of a reassembled PDU]"
"1026","28.191686269","192.168.1.55","192.168.1.2","TCP","1514","8004  >  49740 [ACK] Seq=260830 Ack=144 Win=65024 Len=1448 TSval=2916032272 TSecr=3045552045 [TCP segment of a reassembled PDU]"
"1027","28.191687362","192.168.1.55","192.168.1.2","TCP","1514","8004  >  49740 [ACK] Seq=262278 Ack=144 Win=65024 Len=1448 TSval=2916032272 TSecr=3045552045 [TCP segment of a reassembled PDU]"
"1028","28.191688695","192.168.1.55","192.168.1.2","TCP","1514","8004  >  49740 [ACK] Seq=263726 Ack=144 Win=65024 Len=1448 TSval=2916032272 TSecr=3045552045 [TCP segment of a reassembled PDU]"
"1029","28.191689954","192.168.1.55","192.168.1.2","TCP","1514","8004  >  49740 [ACK] Seq=265174 Ack=144 Win=65024 Len=1448 TSval=2916032272 TSecr=3045552045 [TCP segment of a reassembled PDU]"
"1030","28.191690973","192.168.1.55","192.168.1.2","TCP","1514","8004  >  49740 [ACK] Seq=266622 Ack=144 Win=65024 Len=1448 TSval=2916032272 TSecr=3045552045 [TCP segment of a reassembled PDU]"
"1031","28.191692140","192.168.1.55","192.168.1.2","TCP","1514","8004  >  49740 [ACK] Seq=268070 Ack=144 Win=65024 Len=1448 TSval=2916032272 TSecr=3045552045 [TCP segment of a reassembled PDU]"
"1032","28.191693158","192.168.1.55","192.168.1.2","TCP","1514","8004  >  49740 [ACK] Seq=269518 Ack=144 Win=65024 Len=1448 TSval=2916032272 TSecr=3045552045 [TCP segment of a reassembled PDU]"
"1033","28.191694177","192.168.1.55","192.168.1.2","TCP","1514","8004  >  49740 [ACK] Seq=270966 Ack=144 Win=65024 Len=1448 TSval=2916032272 TSecr=3045552045 [TCP segment of a reassembled PDU]"
"1034","28.191695677","192.168.1.55","192.168.1.2","TCP","1514","8004  >  49740 [ACK] Seq=272414 Ack=144 Win=65024 Len=1448 TSval=2916032272 TSecr=3045552045 [TCP segment of a reassembled PDU]"
"1035","28.191696640","192.168.1.55","192.168.1.2","TCP","1514","8004  >  49740 [ACK] Seq=273862 Ack=144 Win=65024 Len=1448 TSval=2916032272 TSecr=3045552045 [TCP segment of a reassembled PDU]"
"1036","28.191697788","192.168.1.55","192.168.1.2","TCP","1514","8004  >  49740 [ACK] Seq=275310 Ack=144 Win=65024 Len=1448 TSval=2916032272 TSecr=3045552045 [TCP segment of a reassembled PDU]"
"1037","28.191699195","192.168.1.55","192.168.1.2","TCP","1514","8004  >  49740 [ACK] Seq=276758 Ack=144 Win=65024 Len=1448 TSval=2916032272 TSecr=3045552045 [TCP segment of a reassembled PDU]"
"1038","28.191700232","192.168.1.55","192.168.1.2","TCP","1514","8004  >  49740 [ACK] Seq=278206 Ack=144 Win=65024 Len=1448 TSval=2916032272 TSecr=3045552045 [TCP segment of a reassembled PDU]"
"1039","28.191701584","192.168.1.55","192.168.1.2","TCP","1514","8004  >  49740 [ACK] Seq=279654 Ack=144 Win=65024 Len=1448 TSval=2916032272 TSecr=3045552045 [TCP segment of a reassembled PDU]"
"1040","28.191702917","192.168.1.55","192.168.1.2","TCP","1514","8004  >  49740 [ACK] Seq=281102 Ack=144 Win=65024 Len=1448 TSval=2916032272 TSecr=3045552045 [TCP segment of a reassembled PDU]"
"1041","28.191704251","192.168.1.55","192.168.1.2","TCP","1514","8004  >  49740 [ACK] Seq=282550 Ack=144 Win=65024 Len=1448 TSval=2916032272 TSecr=3045552045 [TCP segment of a reassembled PDU]"
"1042","28.191705399","192.168.1.55","192.168.1.2","TCP","1514","8004  >  49740 [ACK] Seq=283998 Ack=144 Win=65024 Len=1448 TSval=2916032272 TSecr=3045552045 [TCP segment of a reassembled PDU]"
"1043","28.191706417","192.168.1.55","192.168.1.2","TCP","1514","8004  >  49740 [ACK] Seq=285446 Ack=144 Win=65024 Len=1448 TSval=2916032272 TSecr=3045552045 [TCP segment of a reassembled PDU]"
"1044","28.191707566","192.168.1.55","192.168.1.2","TCP","1514","8004  >  49740 [ACK] Seq=286894 Ack=144 Win=65024 Len=1448 TSval=2916032272 TSecr=3045552045 [TCP segment of a reassembled PDU]"
"1045","28.191708714","192.168.1.55","192.168.1.2","TCP","1514","8004  >  49740 [ACK] Seq=288342 Ack=144 Win=65024 Len=1448 TSval=2916032272 TSecr=3045552045 [TCP segment of a reassembled PDU]"
"1046","28.191709788","192.168.1.55","192.168.1.2","TCP","1514","8004  >  49740 [ACK] Seq=289790 Ack=144 Win=65024 Len=1448 TSval=2916032272 TSecr=3045552045 [TCP segment of a reassembled PDU]"
"1047","28.191710954","192.168.1.55","192.168.1.2","TCP","1514","8004  >  49740 [ACK] Seq=291238 Ack=144 Win=65024 Len=1448 TSval=2916032272 TSecr=3045552045 [TCP segment of a reassembled PDU]"
"1048","28.191711991","192.168.1.55","192.168.1.2","TCP","1514","8004  >  49740 [ACK] Seq=292686 Ack=144 Win=65024 Len=1448 TSval=2916032272 TSecr=3045552045 [TCP segment of a reassembled PDU]"
"1049","28.191713177","192.168.1.55","192.168.1.2","TCP","1514","8004  >  49740 [ACK] Seq=294134 Ack=144 Win=65024 Len=1448 TSval=2916032272 TSecr=3045552045 [TCP segment of a reassembled PDU]"
"1050","28.191714325","192.168.1.55","192.168.1.2","TCP","1514","8004  >  49740 [ACK] Seq=295582 Ack=144 Win=65024 Len=1448 TSval=2916032272 TSecr=3045552045 [TCP segment of a reassembled PDU]"
"1051","28.191715825","192.168.1.55","192.168.1.2","TCP","1514","8004  >  49740 [ACK] Seq=297030 Ack=144 Win=65024 Len=1448 TSval=2916032272 TSecr=3045552045 [TCP segment of a reassembled PDU]"
"1052","28.191716806","192.168.1.55","192.168.1.2","TCP","1514","8004  >  49740 [ACK] Seq=298478 Ack=144 Win=65024 Len=1448 TSval=2916032272 TSecr=3045552045 [TCP segment of a reassembled PDU]"
"1053","28.191717936","192.168.1.55","192.168.1.2","TCP","1514","8004  >  49740 [ACK] Seq=299926 Ack=144 Win=65024 Len=1448 TSval=2916032272 TSecr=3045552045 [TCP segment of a reassembled PDU]"
"1054","28.191719288","192.168.1.55","192.168.1.2","TCP","1514","8004  >  49740 [PSH, ACK] Seq=301374 Ack=144 Win=65024 Len=1448 TSval=2916032272 TSecr=3045552045 [TCP segment of a reassembled PDU]"
"1055","28.191724269","192.168.1.2","192.168.1.55","TCP","66","49740  >  8004 [ACK] Seq=144 Ack=230422 Win=89088 Len=0 TSval=3045552046 TSecr=2916032265"
"1056","28.192922901","192.168.1.55","192.168.1.2","TCP","1514","8004  >  49740 [ACK] Seq=302822 Ack=144 Win=65024 Len=1448 TSval=2916032273 TSecr=3045552046 [TCP segment of a reassembled PDU]"
"1057","28.192926197","192.168.1.55","192.168.1.2","TCP","1514","8004  >  49740 [ACK] Seq=304270 Ack=144 Win=65024 Len=1448 TSval=2916032273 TSecr=3045552046 [TCP segment of a reassembled PDU]"
"1058","28.192927253","192.168.1.55","192.168.1.2","TCP","1514","8004  >  49740 [ACK] Seq=305718 Ack=144 Win=65024 Len=1448 TSval=2916032273 TSecr=3045552046 [TCP segment of a reassembled PDU]"
"1059","28.192928216","192.168.1.55","192.168.1.2","TCP","1514","8004  >  49740 [ACK] Seq=307166 Ack=144 Win=65024 Len=1448 TSval=2916032273 TSecr=3045552046 [TCP segment of a reassembled PDU]"
"1060","28.192929234","192.168.1.55","192.168.1.2","TCP","1514","8004  >  49740 [ACK] Seq=308614 Ack=144 Win=65024 Len=1448 TSval=2916032273 TSecr=3045552046 [TCP segment of a reassembled PDU]"
"1061","28.192930642","192.168.1.55","192.168.1.2","TCP","1514","8004  >  49740 [ACK] Seq=310062 Ack=144 Win=65024 Len=1448 TSval=2916032273 TSecr=3045552046 [TCP segment of a reassembled PDU]"
"1062","28.192931549","192.168.1.55","192.168.1.2","TCP","1514","8004  >  49740 [ACK] Seq=311510 Ack=144 Win=65024 Len=1448 TSval=2916032273 TSecr=3045552046 [TCP segment of a reassembled PDU]"
"1063","28.192932586","192.168.1.55","192.168.1.2","TCP","1514","8004  >  49740 [ACK] Seq=312958 Ack=144 Win=65024 Len=1448 TSval=2916032273 TSecr=3045552046 [TCP segment of a reassembled PDU]"
"1064","28.192933679","192.168.1.55","192.168.1.2","TCP","1514","8004  >  49740 [ACK] Seq=314406 Ack=144 Win=65024 Len=1448 TSval=2916032273 TSecr=3045552046 [TCP segment of a reassembled PDU]"
"1065","28.192934697","192.168.1.55","192.168.1.2","TCP","1514","8004  >  49740 [ACK] Seq=315854 Ack=144 Win=65024 Len=1448 TSval=2916032273 TSecr=3045552046 [TCP segment of a reassembled PDU]"
"1066","28.192935623","192.168.1.55","192.168.1.2","TCP","1514","8004  >  49740 [ACK] Seq=317302 Ack=144 Win=65024 Len=1448 TSval=2916032273 TSecr=3045552046 [TCP segment of a reassembled PDU]"
"1067","28.192936586","192.168.1.55","192.168.1.2","TCP","826","[TCP Window Full] 8004  >  49740 [PSH, ACK] Seq=318750 Ack=144 Win=65024 Len=760 TSval=2916032273 TSecr=3045552046 [TCP segment of a reassembled PDU]"
"1068","28.204152011","192.168.1.2","192.168.1.55","TCP","66","49740  >  8004 [ACK] Seq=144 Ack=260830 Win=62464 Len=0 TSval=3045552056 TSecr=2916032272"
"1069","28.204225437","192.168.1.55","192.168.1.2","TCP","1514","8004  >  49740 [ACK] Seq=319510 Ack=144 Win=65024 Len=1448 TSval=2916032284 TSecr=3045552056 [TCP segment of a reassembled PDU]"
"1070","28.204233196","192.168.1.55","192.168.1.2","TCP","1514","8004  >  49740 [PSH, ACK] Seq=320958 Ack=144 Win=65024 Len=1448 TSval=2916032284 TSecr=3045552056 [TCP segment of a reassembled PDU]"
"1071","28.204301993","192.168.1.2","192.168.1.55","TCP","66","49740  >  8004 [ACK] Seq=144 Ack=263726 Win=90112 Len=0 TSval=3045552058 TSecr=2916032272"
"1072","28.204345567","192.168.1.55","192.168.1.2","TCP","1514","8004  >  49740 [ACK] Seq=322406 Ack=144 Win=65024 Len=1448 TSval=2916032285 TSecr=3045552058 [TCP segment of a reassembled PDU]"
"1073","28.204347733","192.168.1.55","192.168.1.2","TCP","1514","8004  >  49740 [ACK] Seq=323854 Ack=144 Win=65024 Len=1448 TSval=2916032285 TSecr=3045552058 [TCP segment of a reassembled PDU]"
"1074","28.204348659","192.168.1.55","192.168.1.2","TCP","1514","8004  >  49740 [ACK] Seq=325302 Ack=144 Win=65024 Len=1448 TSval=2916032285 TSecr=3045552058 [TCP segment of a reassembled PDU]"
"1075","28.204349622","192.168.1.55","192.168.1.2","TCP","1514","8004  >  49740 [ACK] Seq=326750 Ack=144 Win=65024 Len=1448 TSval=2916032285 TSecr=3045552058 [TCP segment of a reassembled PDU]"
"1076","28.204351048","192.168.1.55","192.168.1.2","TCP","1514","8004  >  49740 [ACK] Seq=328198 Ack=144 Win=65024 Len=1448 TSval=2916032285 TSecr=3045552058 [TCP segment of a reassembled PDU]"
"1077","28.204353344","192.168.1.55","192.168.1.2","TCP","1514","8004  >  49740 [ACK] Seq=329646 Ack=144 Win=65024 Len=1448 TSval=2916032285 TSecr=3045552058 [TCP segment of a reassembled PDU]"
"1078","28.204354844","192.168.1.55","192.168.1.2","TCP","1514","8004  >  49740 [ACK] Seq=331094 Ack=144 Win=65024 Len=1448 TSval=2916032285 TSecr=3045552058 [TCP segment of a reassembled PDU]"
"1079","28.204356067","192.168.1.55","192.168.1.2","TCP","1514","8004  >  49740 [ACK] Seq=332542 Ack=144 Win=65024 Len=1448 TSval=2916032285 TSecr=3045552058 [TCP segment of a reassembled PDU]"
"1080","28.204357011","192.168.1.55","192.168.1.2","TCP","1514","8004  >  49740 [ACK] Seq=333990 Ack=144 Win=65024 Len=1448 TSval=2916032285 TSecr=3045552058 [TCP segment of a reassembled PDU]"
"1081","28.204358141","192.168.1.55","192.168.1.2","TCP","1514","8004  >  49740 [ACK] Seq=335438 Ack=144 Win=65024 Len=1448 TSval=2916032285 TSecr=3045552058 [TCP segment of a reassembled PDU]"
"1082","28.204359067","192.168.1.55","192.168.1.2","TCP","1514","8004  >  49740 [ACK] Seq=336886 Ack=144 Win=65024 Len=1448 TSval=2916032285 TSecr=3045552058 [TCP segment of a reassembled PDU]"
"1083","28.204360344","192.168.1.55","192.168.1.2","TCP","1514","8004  >  49740 [ACK] Seq=338334 Ack=144 Win=65024 Len=1448 TSval=2916032285 TSecr=3045552058 [TCP segment of a reassembled PDU]"
"1084","28.204362159","192.168.1.55","192.168.1.2","TCP","1514","8004  >  49740 [ACK] Seq=339782 Ack=144 Win=65024 Len=1448 TSval=2916032285 TSecr=3045552058 [TCP segment of a reassembled PDU]"
"1085","28.204364159","192.168.1.55","192.168.1.2","TCP","1514","8004  >  49740 [ACK] Seq=341230 Ack=144 Win=65024 Len=1448 TSval=2916032285 TSecr=3045552058 [TCP segment of a reassembled PDU]"
"1086","28.204365344","192.168.1.55","192.168.1.2","TCP","1514","8004  >  49740 [ACK] Seq=342678 Ack=144 Win=65024 Len=1448 TSval=2916032285 TSecr=3045552058 [TCP segment of a reassembled PDU]"
"1087","28.204366344","192.168.1.55","192.168.1.2","TCP","1514","8004  >  49740 [ACK] Seq=344126 Ack=144 Win=65024 Len=1448 TSval=2916032285 TSecr=3045552058 [TCP segment of a reassembled PDU]"
"1088","28.204367807","192.168.1.55","192.168.1.2","TCP","1514","8004  >  49740 [ACK] Seq=345574 Ack=144 Win=65024 Len=1448 TSval=2916032285 TSecr=3045552058 [TCP segment of a reassembled PDU]"
"1089","28.204369159","192.168.1.55","192.168.1.2","TCP","1514","8004  >  49740 [PSH, ACK] Seq=347022 Ack=144 Win=65024 Len=1448 TSval=2916032285 TSecr=3045552058 [TCP segment of a reassembled PDU]"
"1090","28.204377307","192.168.1.55","192.168.1.2","TCP","754","8004  >  49740 [ACK] Seq=348470 Ack=144 Win=65024 Len=688 TSval=2916032285 TSecr=3045552058 [TCP segment of a reassembled PDU]"
"1091","28.204382344","192.168.1.2","192.168.1.55","TCP","66","49740  >  8004 [ACK] Seq=144 Ack=281102 Win=76800 Len=0 TSval=3045552059 TSecr=2916032272"
"1092","28.204389345","192.168.1.2","192.168.1.55","TCP","66","49740  >  8004 [ACK] Seq=144 Ack=319510 Win=38912 Len=0 TSval=3045552059 TSecr=2916032272"
"1093","28.204410085","192.168.1.55","192.168.1.2","TCP","1514","8004  >  49740 [ACK] Seq=349158 Ack=144 Win=65024 Len=1448 TSval=2916032285 TSecr=3045552059 [TCP segment of a reassembled PDU]"
"1094","28.204412233","192.168.1.55","192.168.1.2","TCP","1514","8004  >  49740 [ACK] Seq=350606 Ack=144 Win=65024 Len=1448 TSval=2916032285 TSecr=3045552059 [TCP segment of a reassembled PDU]"
"1095","28.204413233","192.168.1.55","192.168.1.2","TCP","1514","8004  >  49740 [ACK] Seq=352054 Ack=144 Win=65024 Len=1448 TSval=2916032285 TSecr=3045552059 [TCP segment of a reassembled PDU]"
"1096","28.204414641","192.168.1.55","192.168.1.2","TCP","1514","8004  >  49740 [ACK] Seq=353502 Ack=144 Win=65024 Len=1448 TSval=2916032285 TSecr=3045552059 [TCP segment of a reassembled PDU]"
"1097","28.204417011","192.168.1.55","192.168.1.2","TCP","1514","8004  >  49740 [ACK] Seq=354950 Ack=144 Win=65024 Len=1448 TSval=2916032285 TSecr=3045552059 [TCP segment of a reassembled PDU]"
"1098","28.204418363","192.168.1.55","192.168.1.2","TCP","1514","8004  >  49740 [PSH, ACK] Seq=356398 Ack=144 Win=65024 Len=1448 TSval=2916032285 TSecr=3045552059 [TCP segment of a reassembled PDU]"
"1099","28.204421456","192.168.1.2","192.168.1.55","TCP","66","[TCP Window Update] 49740  >  8004 [ACK] Seq=144 Ack=319510 Win=93184 Len=0 TSval=3045552059 TSecr=2916032272"
"1100","28.204481030","192.168.1.55","192.168.1.2","TCP","1514","8004  >  49740 [ACK] Seq=357846 Ack=144 Win=65024 Len=1448 TSval=2916032285 TSecr=3045552059 [TCP segment of a reassembled PDU]"
"1101","28.204483826","192.168.1.55","192.168.1.2","TCP","1514","8004  >  49740 [ACK] Seq=359294 Ack=144 Win=65024 Len=1448 TSval=2916032285 TSecr=3045552059 [TCP segment of a reassembled PDU]"
"1102","28.204485548","192.168.1.55","192.168.1.2","TCP","1514","8004  >  49740 [ACK] Seq=360742 Ack=144 Win=65024 Len=1448 TSval=2916032285 TSecr=3045552059 [TCP segment of a reassembled PDU]"
"1103","28.204486511","192.168.1.55","192.168.1.2","TCP","1514","8004  >  49740 [ACK] Seq=362190 Ack=144 Win=65024 Len=1448 TSval=2916032285 TSecr=3045552059 [TCP segment of a reassembled PDU]"
"1104","28.204488252","192.168.1.55","192.168.1.2","TCP","1514","8004  >  49740 [ACK] Seq=363638 Ack=144 Win=65024 Len=1448 TSval=2916032285 TSecr=3045552059 [TCP segment of a reassembled PDU]"
"1105","28.204490271","192.168.1.55","192.168.1.2","TCP","1514","8004  >  49740 [ACK] Seq=365086 Ack=144 Win=65024 Len=1448 TSval=2916032285 TSecr=3045552059 [TCP segment of a reassembled PDU]"
"1106","28.204491752","192.168.1.55","192.168.1.2","TCP","1514","8004  >  49740 [ACK] Seq=366534 Ack=144 Win=65024 Len=1448 TSval=2916032285 TSecr=3045552059 [TCP segment of a reassembled PDU]"
"1107","28.204493011","192.168.1.55","192.168.1.2","TCP","1514","8004  >  49740 [ACK] Seq=367982 Ack=144 Win=65024 Len=1448 TSval=2916032285 TSecr=3045552059 [TCP segment of a reassembled PDU]"
"1108","28.204494271","192.168.1.55","192.168.1.2","TCP","1514","8004  >  49740 [ACK] Seq=369430 Ack=144 Win=65024 Len=1448 TSval=2916032285 TSecr=3045552059 [TCP segment of a reassembled PDU]"
"1109","28.204497048","192.168.1.55","192.168.1.2","TCP","1514","8004  >  49740 [ACK] Seq=370878 Ack=144 Win=65024 Len=1448 TSval=2916032285 TSecr=3045552059 [TCP segment of a reassembled PDU]"
"1110","28.204498493","192.168.1.55","192.168.1.2","TCP","1514","8004  >  49740 [ACK] Seq=372326 Ack=144 Win=65024 Len=1448 TSval=2916032285 TSecr=3045552059 [TCP segment of a reassembled PDU]"
"1111","28.204499678","192.168.1.55","192.168.1.2","TCP","1514","8004  >  49740 [ACK] Seq=373774 Ack=144 Win=65024 Len=1448 TSval=2916032285 TSecr=3045552059 [TCP segment of a reassembled PDU]"
"1112","28.204501382","192.168.1.55","192.168.1.2","TCP","1514","8004  >  49740 [ACK] Seq=375222 Ack=144 Win=65024 Len=1448 TSval=2916032285 TSecr=3045552059 [TCP segment of a reassembled PDU]"
"1113","28.204503141","192.168.1.55","192.168.1.2","TCP","1514","8004  >  49740 [ACK] Seq=376670 Ack=144 Win=65024 Len=1448 TSval=2916032285 TSecr=3045552059 [TCP segment of a reassembled PDU]"
"1114","28.204504585","192.168.1.55","192.168.1.2","TCP","1514","8004  >  49740 [ACK] Seq=378118 Ack=144 Win=65024 Len=1448 TSval=2916032285 TSecr=3045552059 [TCP segment of a reassembled PDU]"
"1115","28.204505734","192.168.1.55","192.168.1.2","TCP","1514","8004  >  49740 [ACK] Seq=379566 Ack=144 Win=65024 Len=1448 TSval=2916032285 TSecr=3045552059 [TCP segment of a reassembled PDU]"
"1116","28.204506919","192.168.1.55","192.168.1.2","TCP","1514","8004  >  49740 [ACK] Seq=381014 Ack=144 Win=65024 Len=1448 TSval=2916032285 TSecr=3045552059 [TCP segment of a reassembled PDU]"
"1117","28.204509030","192.168.1.55","192.168.1.2","TCP","1514","8004  >  49740 [ACK] Seq=382462 Ack=144 Win=65024 Len=1448 TSval=2916032285 TSecr=3045552059 [TCP segment of a reassembled PDU]"
"1118","28.204510604","192.168.1.55","192.168.1.2","TCP","1514","8004  >  49740 [ACK] Seq=383910 Ack=144 Win=65024 Len=1448 TSval=2916032285 TSecr=3045552059 [TCP segment of a reassembled PDU]"
"1119","28.204511993","192.168.1.55","192.168.1.2","TCP","1514","8004  >  49740 [ACK] Seq=385358 Ack=144 Win=65024 Len=1448 TSval=2916032285 TSecr=3045552059 [TCP segment of a reassembled PDU]"
"1120","28.204513141","192.168.1.55","192.168.1.2","TCP","1514","8004  >  49740 [ACK] Seq=386806 Ack=144 Win=65024 Len=1448 TSval=2916032285 TSecr=3045552059 [TCP segment of a reassembled PDU]"
"1121","28.204514363","192.168.1.55","192.168.1.2","TCP","1514","8004  >  49740 [ACK] Seq=388254 Ack=144 Win=65024 Len=1448 TSval=2916032285 TSecr=3045552059 [TCP segment of a reassembled PDU]"
"1122","28.204516067","192.168.1.55","192.168.1.2","TCP","1514","8004  >  49740 [ACK] Seq=389702 Ack=144 Win=65024 Len=1448 TSval=2916032285 TSecr=3045552059 [TCP segment of a reassembled PDU]"
"1123","28.204517937","192.168.1.55","192.168.1.2","TCP","1514","8004  >  49740 [ACK] Seq=391150 Ack=144 Win=65024 Len=1448 TSval=2916032285 TSecr=3045552059 [TCP segment of a reassembled PDU]"
"1124","28.204519752","192.168.1.55","192.168.1.2","TCP","1514","8004  >  49740 [ACK] Seq=392598 Ack=144 Win=65024 Len=1448 TSval=2916032285 TSecr=3045552059 [TCP segment of a reassembled PDU]"
"1125","28.204520789","192.168.1.55","192.168.1.2","TCP","1514","8004  >  49740 [PSH, ACK] Seq=394046 Ack=144 Win=65024 Len=1448 TSval=2916032285 TSecr=3045552059 [TCP segment of a reassembled PDU]"
"1126","28.205715606","192.168.1.55","192.168.1.2","TCP","1514","8004  >  49740 [ACK] Seq=395494 Ack=144 Win=65024 Len=1448 TSval=2916032286 TSecr=3045552059 [TCP segment of a reassembled PDU]"
"1127","28.205718884","192.168.1.55","192.168.1.2","TCP","1514","8004  >  49740 [ACK] Seq=396942 Ack=144 Win=65024 Len=1448 TSval=2916032286 TSecr=3045552059 [TCP segment of a reassembled PDU]"
"1128","28.205719902","192.168.1.55","192.168.1.2","TCP","1514","8004  >  49740 [ACK] Seq=398390 Ack=144 Win=65024 Len=1448 TSval=2916032286 TSecr=3045552059 [TCP segment of a reassembled PDU]"
"1129","28.205720810","192.168.1.55","192.168.1.2","TCP","1514","8004  >  49740 [ACK] Seq=399838 Ack=144 Win=65024 Len=1448 TSval=2916032286 TSecr=3045552059 [TCP segment of a reassembled PDU]"
"1130","28.205729050","192.168.1.55","192.168.1.2","TCP","1514","8004  >  49740 [ACK] Seq=401286 Ack=144 Win=65024 Len=1448 TSval=2916032286 TSecr=3045552059 [TCP segment of a reassembled PDU]"
"1131","28.205730661","192.168.1.55","192.168.1.2","TCP","1514","8004  >  49740 [ACK] Seq=402734 Ack=144 Win=65024 Len=1448 TSval=2916032286 TSecr=3045552059 [TCP segment of a reassembled PDU]"
"1132","28.205732106","192.168.1.55","192.168.1.2","TCP","1514","8004  >  49740 [ACK] Seq=404182 Ack=144 Win=65024 Len=1448 TSval=2916032286 TSecr=3045552059 [TCP segment of a reassembled PDU]"
"1133","28.205733421","192.168.1.55","192.168.1.2","TCP","1514","8004  >  49740 [ACK] Seq=405630 Ack=144 Win=65024 Len=1448 TSval=2916032286 TSecr=3045552059 [TCP segment of a reassembled PDU]"
"1134","28.205734476","192.168.1.55","192.168.1.2","TCP","1514","8004  >  49740 [ACK] Seq=407078 Ack=144 Win=65024 Len=1448 TSval=2916032286 TSecr=3045552059 [TCP segment of a reassembled PDU]"
"1135","28.205735995","192.168.1.55","192.168.1.2","TCP","1514","8004  >  49740 [ACK] Seq=408526 Ack=144 Win=65024 Len=1448 TSval=2916032286 TSecr=3045552059 [TCP segment of a reassembled PDU]"
"1136","28.205737217","192.168.1.55","192.168.1.2","TCP","1514","8004  >  49740 [PSH, ACK] Seq=409974 Ack=144 Win=65024 Len=1448 TSval=2916032286 TSecr=3045552059 [TCP segment of a reassembled PDU]"
"1137","28.210964892","192.168.1.2","192.168.1.55","TCP","66","49740  >  8004 [ACK] Seq=144 Ack=395494 Win=17408 Len=0 TSval=3045552065 TSecr=2916032284"
"1138","28.211005447","192.168.1.55","192.168.1.2","TCP","1514","8004  >  49740 [ACK] Seq=411422 Ack=144 Win=65024 Len=1448 TSval=2916032291 TSecr=3045552065 [TCP segment of a reassembled PDU]"
"1139","28.211008558","192.168.1.55","192.168.1.2","TCP","98","[TCP Window Full] 8004  >  49740 [PSH, ACK] Seq=412870 Ack=144 Win=65024 Len=32 TSval=2916032291 TSecr=3045552065 [TCP segment of a reassembled PDU]"
"1140","28.211141874","192.168.1.2","192.168.1.55","TCP","66","[TCP Window Update] 49740  >  8004 [ACK] Seq=144 Ack=395494 Win=48128 Len=0 TSval=3045552065 TSecr=2916032284"
"1141","28.211165874","192.168.1.55","192.168.1.2","TCP","1514","8004  >  49740 [ACK] Seq=412902 Ack=144 Win=65024 Len=1448 TSval=2916032291 TSecr=3045552065 [TCP segment of a reassembled PDU]"
"1142","28.211167929","192.168.1.55","192.168.1.2","TCP","1514","8004  >  49740 [ACK] Seq=414350 Ack=144 Win=65024 Len=1448 TSval=2916032291 TSecr=3045552065 [TCP segment of a reassembled PDU]"
"1143","28.211169077","192.168.1.55","192.168.1.2","TCP","1514","8004  >  49740 [ACK] Seq=415798 Ack=144 Win=65024 Len=1448 TSval=2916032291 TSecr=3045552065 [TCP segment of a reassembled PDU]"
"1144","28.211170188","192.168.1.55","192.168.1.2","TCP","1514","8004  >  49740 [ACK] Seq=417246 Ack=144 Win=65024 Len=1448 TSval=2916032291 TSecr=3045552065 [TCP segment of a reassembled PDU]"
"1145","28.211171337","192.168.1.55","192.168.1.2","TCP","1514","8004  >  49740 [ACK] Seq=418694 Ack=144 Win=65024 Len=1448 TSval=2916032291 TSecr=3045552065 [TCP segment of a reassembled PDU]"
"1146","28.211172411","192.168.1.55","192.168.1.2","TCP","1514","8004  >  49740 [ACK] Seq=420142 Ack=144 Win=65024 Len=1448 TSval=2916032291 TSecr=3045552065 [TCP segment of a reassembled PDU]"
"1147","28.211173559","192.168.1.55","192.168.1.2","TCP","1514","8004  >  49740 [ACK] Seq=421590 Ack=144 Win=65024 Len=1448 TSval=2916032291 TSecr=3045552065 [TCP segment of a reassembled PDU]"
"1148","28.211174707","192.168.1.55","192.168.1.2","TCP","1514","8004  >  49740 [ACK] Seq=423038 Ack=144 Win=65024 Len=1448 TSval=2916032291 TSecr=3045552065 [TCP segment of a reassembled PDU]"
"1149","28.211175855","192.168.1.55","192.168.1.2","TCP","1514","8004  >  49740 [ACK] Seq=424486 Ack=144 Win=65024 Len=1448 TSval=2916032291 TSecr=3045552065 [TCP segment of a reassembled PDU]"
"1150","28.211177059","192.168.1.55","192.168.1.2","TCP","1514","8004  >  49740 [ACK] Seq=425934 Ack=144 Win=65024 Len=1448 TSval=2916032291 TSecr=3045552065 [TCP segment of a reassembled PDU]"
"1151","28.211178281","192.168.1.55","192.168.1.2","TCP","1514","8004  >  49740 [ACK] Seq=427382 Ack=144 Win=65024 Len=1448 TSval=2916032291 TSecr=3045552065 [TCP segment of a reassembled PDU]"
"1152","28.211179355","192.168.1.55","192.168.1.2","TCP","1514","8004  >  49740 [ACK] Seq=428830 Ack=144 Win=65024 Len=1448 TSval=2916032291 TSecr=3045552065 [TCP segment of a reassembled PDU]"
"1153","28.211180522","192.168.1.55","192.168.1.2","TCP","1514","8004  >  49740 [ACK] Seq=430278 Ack=144 Win=65024 Len=1448 TSval=2916032291 TSecr=3045552065 [TCP segment of a reassembled PDU]"
"1154","28.211181837","192.168.1.55","192.168.1.2","TCP","1514","8004  >  49740 [ACK] Seq=431726 Ack=144 Win=65024 Len=1448 TSval=2916032291 TSecr=3045552065 [TCP segment of a reassembled PDU]"
"1155","28.211183114","192.168.1.55","192.168.1.2","TCP","1514","8004  >  49740 [ACK] Seq=433174 Ack=144 Win=65024 Len=1448 TSval=2916032291 TSecr=3045552065 [TCP segment of a reassembled PDU]"
"1156","28.211184559","192.168.1.55","192.168.1.2","TCP","1514","8004  >  49740 [ACK] Seq=434622 Ack=144 Win=65024 Len=1448 TSval=2916032291 TSecr=3045552065 [TCP segment of a reassembled PDU]"
"1157","28.211185725","192.168.1.55","192.168.1.2","TCP","1514","8004  >  49740 [ACK] Seq=436070 Ack=144 Win=65024 Len=1448 TSval=2916032291 TSecr=3045552065 [TCP segment of a reassembled PDU]"
"1158","28.211186929","192.168.1.55","192.168.1.2","TCP","1514","8004  >  49740 [ACK] Seq=437518 Ack=144 Win=65024 Len=1448 TSval=2916032291 TSecr=3045552065 [TCP segment of a reassembled PDU]"
"1159","28.211187985","192.168.1.55","192.168.1.2","TCP","1514","8004  >  49740 [PSH, ACK] Seq=438966 Ack=144 Win=65024 Len=1448 TSval=2916032291 TSecr=3045552065 [TCP segment of a reassembled PDU]"
"1160","28.211193337","192.168.1.55","192.168.1.2","TCP","1482","8004  >  49740 [PSH, ACK] Seq=440414 Ack=144 Win=65024 Len=1416 TSval=2916032291 TSecr=3045552065 [TCP segment of a reassembled PDU]"
"1161","28.211979597","192.168.1.2","192.168.1.55","TCP","66","49740  >  8004 [ACK] Seq=144 Ack=411422 Win=72704 Len=0 TSval=3045552067 TSecr=2916032286"
"1162","28.212015116","192.168.1.55","192.168.1.2","TCP","1514","8004  >  49740 [ACK] Seq=441830 Ack=144 Win=65024 Len=1448 TSval=2916032292 TSecr=3045552067 [TCP segment of a reassembled PDU]"
"1163","28.212016782","192.168.1.55","192.168.1.2","TCP","1514","8004  >  49740 [ACK] Seq=443278 Ack=144 Win=65024 Len=1448 TSval=2916032292 TSecr=3045552067 [TCP segment of a reassembled PDU]"
"1164","28.212017967","192.168.1.55","192.168.1.2","TCP","1514","8004  >  49740 [ACK] Seq=444726 Ack=144 Win=65024 Len=1448 TSval=2916032292 TSecr=3045552067 [TCP segment of a reassembled PDU]"
"1165","28.212019042","192.168.1.55","192.168.1.2","TCP","1514","8004  >  49740 [ACK] Seq=446174 Ack=144 Win=65024 Len=1448 TSval=2916032292 TSecr=3045552067 [TCP segment of a reassembled PDU]"
"1166","28.212020208","192.168.1.55","192.168.1.2","TCP","1514","8004  >  49740 [ACK] Seq=447622 Ack=144 Win=65024 Len=1448 TSval=2916032292 TSecr=3045552067 [TCP segment of a reassembled PDU]"
"1167","28.212021338","192.168.1.55","192.168.1.2","TCP","1514","8004  >  49740 [ACK] Seq=449070 Ack=144 Win=65024 Len=1448 TSval=2916032292 TSecr=3045552067 [TCP segment of a reassembled PDU]"
"1168","28.212022486","192.168.1.55","192.168.1.2","TCP","1514","8004  >  49740 [ACK] Seq=450518 Ack=144 Win=65024 Len=1448 TSval=2916032292 TSecr=3045552067 [TCP segment of a reassembled PDU]"
"1169","28.212023727","192.168.1.55","192.168.1.2","TCP","1514","8004  >  49740 [ACK] Seq=451966 Ack=144 Win=65024 Len=1448 TSval=2916032292 TSecr=3045552067 [TCP segment of a reassembled PDU]"
"1170","28.212024949","192.168.1.55","192.168.1.2","TCP","1514","8004  >  49740 [ACK] Seq=453414 Ack=144 Win=65024 Len=1448 TSval=2916032292 TSecr=3045552067 [TCP segment of a reassembled PDU]"
"1171","28.212026134","192.168.1.55","192.168.1.2","TCP","1514","8004  >  49740 [ACK] Seq=454862 Ack=144 Win=65024 Len=1448 TSval=2916032292 TSecr=3045552067 [TCP segment of a reassembled PDU]"
"1172","28.212027227","192.168.1.55","192.168.1.2","TCP","1514","8004  >  49740 [ACK] Seq=456310 Ack=144 Win=65024 Len=1448 TSval=2916032292 TSecr=3045552067 [TCP segment of a reassembled PDU]"
"1173","28.212028375","192.168.1.55","192.168.1.2","TCP","1514","8004  >  49740 [ACK] Seq=457758 Ack=144 Win=65024 Len=1448 TSval=2916032292 TSecr=3045552067 [TCP segment of a reassembled PDU]"
"1174","28.212029671","192.168.1.55","192.168.1.2","TCP","1514","8004  >  49740 [ACK] Seq=459206 Ack=144 Win=65024 Len=1448 TSval=2916032292 TSecr=3045552067 [TCP segment of a reassembled PDU]"
"1175","28.212030875","192.168.1.55","192.168.1.2","TCP","1514","8004  >  49740 [ACK] Seq=460654 Ack=144 Win=65024 Len=1448 TSval=2916032292 TSecr=3045552067 [TCP segment of a reassembled PDU]"
"1176","28.212032023","192.168.1.55","192.168.1.2","TCP","1514","8004  >  49740 [ACK] Seq=462102 Ack=144 Win=65024 Len=1448 TSval=2916032292 TSecr=3045552067 [TCP segment of a reassembled PDU]"
"1177","28.212033116","192.168.1.55","192.168.1.2","TCP","1514","8004  >  49740 [ACK] Seq=463550 Ack=144 Win=65024 Len=1448 TSval=2916032292 TSecr=3045552067 [TCP segment of a reassembled PDU]"
"1178","28.212034171","192.168.1.55","192.168.1.2","TCP","1514","8004  >  49740 [ACK] Seq=464998 Ack=144 Win=65024 Len=1448 TSval=2916032292 TSecr=3045552067 [TCP segment of a reassembled PDU]"
"1179","28.212035338","192.168.1.55","192.168.1.2","TCP","1514","8004  >  49740 [ACK] Seq=466446 Ack=144 Win=65024 Len=1448 TSval=2916032292 TSecr=3045552067 [TCP segment of a reassembled PDU]"
"1180","28.212036430","192.168.1.55","192.168.1.2","TCP","1514","8004  >  49740 [ACK] Seq=467894 Ack=144 Win=65024 Len=1448 TSval=2916032292 TSecr=3045552067 [TCP segment of a reassembled PDU]"
"1181","28.212037523","192.168.1.55","192.168.1.2","TCP","1514","8004  >  49740 [ACK] Seq=469342 Ack=144 Win=65024 Len=1448 TSval=2916032292 TSecr=3045552067 [TCP segment of a reassembled PDU]"
"1182","28.212038727","192.168.1.55","192.168.1.2","TCP","1514","8004  >  49740 [ACK] Seq=470790 Ack=144 Win=65024 Len=1448 TSval=2916032292 TSecr=3045552067 [TCP segment of a reassembled PDU]"
"1183","28.212039819","192.168.1.55","192.168.1.2","TCP","1514","8004  >  49740 [ACK] Seq=472238 Ack=144 Win=65024 Len=1448 TSval=2916032292 TSecr=3045552067 [TCP segment of a reassembled PDU]"
"1184","28.212041005","192.168.1.55","192.168.1.2","TCP","1514","8004  >  49740 [ACK] Seq=473686 Ack=144 Win=65024 Len=1448 TSval=2916032292 TSecr=3045552067 [TCP segment of a reassembled PDU]"
"1185","28.212042153","192.168.1.55","192.168.1.2","TCP","1514","8004  >  49740 [ACK] Seq=475134 Ack=144 Win=65024 Len=1448 TSval=2916032292 TSecr=3045552067 [TCP segment of a reassembled PDU]"
"1186","28.212043227","192.168.1.55","192.168.1.2","TCP","1514","8004  >  49740 [ACK] Seq=476582 Ack=144 Win=65024 Len=1448 TSval=2916032292 TSecr=3045552067 [TCP segment of a reassembled PDU]"
"1187","28.212044356","192.168.1.55","192.168.1.2","TCP","1514","8004  >  49740 [ACK] Seq=478030 Ack=144 Win=65024 Len=1448 TSval=2916032292 TSecr=3045552067 [TCP segment of a reassembled PDU]"
"1188","28.212045579","192.168.1.55","192.168.1.2","TCP","1514","8004  >  49740 [ACK] Seq=479478 Ack=144 Win=65024 Len=1448 TSval=2916032292 TSecr=3045552067 [TCP segment of a reassembled PDU]"
"1189","28.212046930","192.168.1.55","192.168.1.2","TCP","1514","8004  >  49740 [ACK] Seq=480926 Ack=144 Win=65024 Len=1448 TSval=2916032292 TSecr=3045552067 [TCP segment of a reassembled PDU]"
"1190","28.212048375","192.168.1.55","192.168.1.2","TCP","1514","8004  >  49740 [PSH, ACK] Seq=482374 Ack=144 Win=65024 Len=1448 TSval=2916032292 TSecr=3045552067 [TCP segment of a reassembled PDU]"
"1191","28.216425122","192.168.1.2","192.168.1.55","TCP","66","49740  >  8004 [ACK] Seq=144 Ack=412902 Win=91136 Len=0 TSval=3045552072 TSecr=2916032291"
"1192","28.216434178","192.168.1.55","192.168.1.2","TCP","1514","8004  >  49740 [ACK] Seq=483822 Ack=144 Win=65024 Len=1448 TSval=2916032297 TSecr=3045552072 [TCP segment of a reassembled PDU]"
"1193","28.216436826","192.168.1.55","192.168.1.2","TCP","1514","8004  >  49740 [ACK] Seq=485270 Ack=144 Win=65024 Len=1448 TSval=2916032297 TSecr=3045552072 [TCP segment of a reassembled PDU]"
"1194","28.216437993","192.168.1.55","192.168.1.2","TCP","1514","8004  >  49740 [PSH, ACK] Seq=486718 Ack=144 Win=65024 Len=1448 TSval=2916032297 TSecr=3045552072 [TCP segment of a reassembled PDU]"
"1195","28.216448511","192.168.1.55","192.168.1.2","TCP","1514","8004  >  49740 [ACK] Seq=488166 Ack=144 Win=65024 Len=1448 TSval=2916032297 TSecr=3045552072 [TCP segment of a reassembled PDU]"
"1196","28.216449789","192.168.1.55","192.168.1.2","TCP","1514","8004  >  49740 [ACK] Seq=489614 Ack=144 Win=65024 Len=1448 TSval=2916032297 TSecr=3045552072 [TCP segment of a reassembled PDU]"
"1197","28.216450845","192.168.1.55","192.168.1.2","TCP","1514","8004  >  49740 [ACK] Seq=491062 Ack=144 Win=65024 Len=1448 TSval=2916032297 TSecr=3045552072 [TCP segment of a reassembled PDU]"
"1198","28.216451974","192.168.1.55","192.168.1.2","TCP","1514","8004  >  49740 [ACK] Seq=492510 Ack=144 Win=65024 Len=1448 TSval=2916032297 TSecr=3045552072 [TCP segment of a reassembled PDU]"
"1199","28.216453400","192.168.1.55","192.168.1.2","TCP","1514","8004  >  49740 [ACK] Seq=493958 Ack=144 Win=65024 Len=1448 TSval=2916032297 TSecr=3045552072 [TCP segment of a reassembled PDU]"
"1200","28.216454474","192.168.1.55","192.168.1.2","TCP","1514","8004  >  49740 [ACK] Seq=495406 Ack=144 Win=65024 Len=1448 TSval=2916032297 TSecr=3045552072 [TCP segment of a reassembled PDU]"
"1201","28.216455567","192.168.1.55","192.168.1.2","TCP","1514","8004  >  49740 [PSH, ACK] Seq=496854 Ack=144 Win=65024 Len=1448 TSval=2916032297 TSecr=3045552072 [TCP segment of a reassembled PDU]"
"1202","28.216459085","192.168.1.55","192.168.1.2","HTTP","222","HTTP/1.0 200 OK  (PNG)"
"1203","28.216928105","192.168.1.2","192.168.1.55","TCP","66","49740  >  8004 [ACK] Seq=144 Ack=440414 Win=148480 Len=0 TSval=3045552072 TSecr=2916032291"
"1204","28.216935679","192.168.1.2","192.168.1.55","TCP","66","49740  >  8004 [ACK] Seq=144 Ack=441830 Win=151552 Len=0 TSval=3045552072 TSecr=2916032291"
"1205","28.216939827","192.168.1.2","192.168.1.55","TCP","66","49740  >  8004 [ACK] Seq=144 Ack=483822 Win=116736 Len=0 TSval=3045552072 TSecr=2916032292"
"1206","28.218880237","192.168.1.2","192.168.1.55","TCP","66","49740  >  8004 [ACK] Seq=144 Ack=488166 Win=159744 Len=0 TSval=3045552074 TSecr=2916032297"
"1207","28.218988886","192.168.1.2","192.168.1.55","TCP","66","49740  >  8004 [ACK] Seq=144 Ack=498302 Win=167936 Len=0 TSval=3045552074 TSecr=2916032297"
"1208","28.220869185","192.168.1.2","192.168.1.55","TCP","66","49740  >  8004 [FIN, ACK] Seq=144 Ack=498459 Win=171008 Len=0 TSval=3045552075 TSecr=2916032297"
"1209","28.220882981","192.168.1.55","192.168.1.2","TCP","66","8004  >  49740 [ACK] Seq=498459 Ack=145 Win=65024 Len=0 TSval=2916032301 TSecr=3045552075"
"1210","28.220997389","192.168.1.2","192.168.1.55","TCP","74","49756  >  8004 [SYN] Seq=0 Win=64240 Len=0 MSS=1460 SACK_PERM TSval=3045552076 TSecr=0 WS=1024"
"1211","28.221022019","192.168.1.55","192.168.1.2","TCP","74","8004  >  49756 [SYN, ACK] Seq=0 Ack=1 Win=65160 Len=0 MSS=1460 SACK_PERM TSval=2916032301 TSecr=3045552076 WS=128"
"1212","28.224170616","192.168.1.2","192.168.1.55","TCP","66","49756  >  8004 [ACK] Seq=1 Ack=1 Win=64512 Len=0 TSval=3045552079 TSecr=2916032301"
"1213","28.227399380","192.168.1.2","192.168.1.55","HTTP","206","GET /stego_benchmark.png HTTP/1.1 "
"1214","28.227410380","192.168.1.55","192.168.1.2","TCP","66","8004  >  49756 [ACK] Seq=1 Ack=141 Win=65024 Len=0 TSval=2916032308 TSecr=3045552079"
"1215","28.227901122","192.168.1.55","192.168.1.2","TCP","255","8004  >  49756 [PSH, ACK] Seq=1 Ack=141 Win=65024 Len=189 TSval=2916032308 TSecr=3045552079 [TCP segment of a reassembled PDU]"
"1216","28.227980992","192.168.1.55","192.168.1.2","TCP","1514","8004  >  49756 [ACK] Seq=190 Ack=141 Win=65024 Len=1448 TSval=2916032308 TSecr=3045552079 [TCP segment of a reassembled PDU]"
"1217","28.227986492","192.168.1.55","192.168.1.2","TCP","1514","8004  >  49756 [ACK] Seq=1638 Ack=141 Win=65024 Len=1448 TSval=2916032308 TSecr=3045552079 [TCP segment of a reassembled PDU]"
"1218","28.227988122","192.168.1.55","192.168.1.2","TCP","1514","8004  >  49756 [ACK] Seq=3086 Ack=141 Win=65024 Len=1448 TSval=2916032308 TSecr=3045552079 [TCP segment of a reassembled PDU]"
"1219","28.227989418","192.168.1.55","192.168.1.2","TCP","1514","8004  >  49756 [ACK] Seq=4534 Ack=141 Win=65024 Len=1448 TSval=2916032308 TSecr=3045552079 [TCP segment of a reassembled PDU]"
"1220","28.227991233","192.168.1.55","192.168.1.2","TCP","1514","8004  >  49756 [PSH, ACK] Seq=5982 Ack=141 Win=65024 Len=1448 TSval=2916032308 TSecr=3045552079 [TCP segment of a reassembled PDU]"
"1221","28.228010437","192.168.1.55","192.168.1.2","TCP","1514","8004  >  49756 [ACK] Seq=7430 Ack=141 Win=65024 Len=1448 TSval=2916032308 TSecr=3045552079 [TCP segment of a reassembled PDU]"
"1222","28.228012678","192.168.1.55","192.168.1.2","TCP","1514","8004  >  49756 [ACK] Seq=8878 Ack=141 Win=65024 Len=1448 TSval=2916032308 TSecr=3045552079 [TCP segment of a reassembled PDU]"
"1223","28.228014048","192.168.1.55","192.168.1.2","TCP","1514","8004  >  49756 [ACK] Seq=10326 Ack=141 Win=65024 Len=1448 TSval=2916032308 TSecr=3045552079 [TCP segment of a reassembled PDU]"
"1224","28.228015344","192.168.1.55","192.168.1.2","TCP","1514","8004  >  49756 [PSH, ACK] Seq=11774 Ack=141 Win=65024 Len=1448 TSval=2916032308 TSecr=3045552079 [TCP segment of a reassembled PDU]"
"1225","28.231471794","192.168.1.2","192.168.1.55","TCP","66","49756  >  8004 [ACK] Seq=141 Ack=190 Win=64512 Len=0 TSval=3045552086 TSecr=2916032308"
"1226","28.231494942","192.168.1.55","192.168.1.2","TCP","1514","8004  >  49756 [ACK] Seq=13222 Ack=141 Win=65024 Len=1448 TSval=2916032312 TSecr=3045552086 [TCP segment of a reassembled PDU]"
"1227","28.231498201","192.168.1.55","192.168.1.2","TCP","1514","8004  >  49756 [PSH, ACK] Seq=14670 Ack=141 Win=65024 Len=1448 TSval=2916032312 TSecr=3045552086 [TCP segment of a reassembled PDU]"
"1228","28.231719572","192.168.1.2","192.168.1.55","TCP","66","49756  >  8004 [ACK] Seq=141 Ack=3086 Win=70656 Len=0 TSval=3045552086 TSecr=2916032308"
"1229","28.231727813","192.168.1.2","192.168.1.55","TCP","66","49756  >  8004 [ACK] Seq=141 Ack=5982 Win=76800 Len=0 TSval=3045552086 TSecr=2916032308"
"1230","28.231739406","192.168.1.55","192.168.1.2","TCP","1514","8004  >  49756 [ACK] Seq=16118 Ack=141 Win=65024 Len=1448 TSval=2916032312 TSecr=3045552086 [TCP segment of a reassembled PDU]"
"1231","28.231742183","192.168.1.55","192.168.1.2","TCP","1514","8004  >  49756 [ACK] Seq=17566 Ack=141 Win=65024 Len=1448 TSval=2916032312 TSecr=3045552086 [TCP segment of a reassembled PDU]"
"1232","28.231743628","192.168.1.55","192.168.1.2","TCP","1514","8004  >  49756 [ACK] Seq=19014 Ack=141 Win=65024 Len=1448 TSval=2916032312 TSecr=3045552086 [TCP segment of a reassembled PDU]"
"1233","28.231745054","192.168.1.55","192.168.1.2","TCP","1514","8004  >  49756 [ACK] Seq=20462 Ack=141 Win=65024 Len=1448 TSval=2916032312 TSecr=3045552086 [TCP segment of a reassembled PDU]"
"1234","28.231746980","192.168.1.55","192.168.1.2","TCP","1514","8004  >  49756 [ACK] Seq=21910 Ack=141 Win=65024 Len=1448 TSval=2916032312 TSecr=3045552086 [TCP segment of a reassembled PDU]"
"1235","28.231748424","192.168.1.55","192.168.1.2","TCP","1514","8004  >  49756 [ACK] Seq=23358 Ack=141 Win=65024 Len=1448 TSval=2916032312 TSecr=3045552086 [TCP segment of a reassembled PDU]"
"1236","28.231749813","192.168.1.55","192.168.1.2","TCP","1514","8004  >  49756 [PSH, ACK] Seq=24806 Ack=141 Win=65024 Len=1448 TSval=2916032312 TSecr=3045552086 [TCP segment of a reassembled PDU]"
"1237","28.231754369","192.168.1.2","192.168.1.55","TCP","66","49756  >  8004 [ACK] Seq=141 Ack=7430 Win=79872 Len=0 TSval=3045552087 TSecr=2916032308"
"1238","28.231759832","192.168.1.2","192.168.1.55","TCP","66","49756  >  8004 [ACK] Seq=141 Ack=13222 Win=84992 Len=0 TSval=3045552087 TSecr=2916032308"
"1239","28.231779683","192.168.1.55","192.168.1.2","TCP","1514","8004  >  49756 [ACK] Seq=26254 Ack=141 Win=65024 Len=1448 TSval=2916032312 TSecr=3045552087 [TCP segment of a reassembled PDU]"
"1240","28.231781850","192.168.1.55","192.168.1.2","TCP","1514","8004  >  49756 [ACK] Seq=27702 Ack=141 Win=65024 Len=1448 TSval=2916032312 TSecr=3045552087 [TCP segment of a reassembled PDU]"
"1241","28.231783165","192.168.1.55","192.168.1.2","TCP","1514","8004  >  49756 [ACK] Seq=29150 Ack=141 Win=65024 Len=1448 TSval=2916032312 TSecr=3045552087 [TCP segment of a reassembled PDU]"
"1242","28.231784665","192.168.1.55","192.168.1.2","TCP","1514","8004  >  49756 [ACK] Seq=30598 Ack=141 Win=65024 Len=1448 TSval=2916032312 TSecr=3045552087 [TCP segment of a reassembled PDU]"
"1243","28.231786332","192.168.1.55","192.168.1.2","TCP","1514","8004  >  49756 [ACK] Seq=32046 Ack=141 Win=65024 Len=1448 TSval=2916032312 TSecr=3045552087 [TCP segment of a reassembled PDU]"
"1244","28.231787739","192.168.1.55","192.168.1.2","TCP","1514","8004  >  49756 [ACK] Seq=33494 Ack=141 Win=65024 Len=1448 TSval=2916032312 TSecr=3045552087 [TCP segment of a reassembled PDU]"
"1245","28.231789054","192.168.1.55","192.168.1.2","TCP","1514","8004  >  49756 [ACK] Seq=34942 Ack=141 Win=65024 Len=1448 TSval=2916032312 TSecr=3045552087 [TCP segment of a reassembled PDU]"
"1246","28.231790776","192.168.1.55","192.168.1.2","TCP","1514","8004  >  49756 [ACK] Seq=36390 Ack=141 Win=65024 Len=1448 TSval=2916032312 TSecr=3045552087 [TCP segment of a reassembled PDU]"
"1247","28.231792035","192.168.1.55","192.168.1.2","TCP","1514","8004  >  49756 [ACK] Seq=37838 Ack=141 Win=65024 Len=1448 TSval=2916032312 TSecr=3045552087 [TCP segment of a reassembled PDU]"
"1248","28.231793628","192.168.1.55","192.168.1.2","TCP","1514","8004  >  49756 [PSH, ACK] Seq=39286 Ack=141 Win=65024 Len=1448 TSval=2916032312 TSecr=3045552087 [TCP segment of a reassembled PDU]"
"1249","28.232456425","192.168.1.55","192.168.1.2","TCP","1514","8004  >  49756 [ACK] Seq=40734 Ack=141 Win=65024 Len=1448 TSval=2916032313 TSecr=3045552087 [TCP segment of a reassembled PDU]"
"1250","28.236025097","192.168.1.2","192.168.1.55","TCP","66","49756  >  8004 [ACK] Seq=141 Ack=16118 Win=90112 Len=0 TSval=3045552090 TSecr=2916032312"
"1251","28.236067801","192.168.1.55","192.168.1.2","TCP","1514","8004  >  49756 [ACK] Seq=42182 Ack=141 Win=65024 Len=1448 TSval=2916032316 TSecr=3045552090 [TCP segment of a reassembled PDU]"
"1252","28.236072431","192.168.1.55","192.168.1.2","TCP","1514","8004  >  49756 [PSH, ACK] Seq=43630 Ack=141 Win=65024 Len=1448 TSval=2916032316 TSecr=3045552090 [TCP segment of a reassembled PDU]"
"1253","28.236322876","192.168.1.2","192.168.1.55","TCP","66","49756  >  8004 [ACK] Seq=141 Ack=26254 Win=80896 Len=0 TSval=3045552090 TSecr=2916032312"
"1254","28.236374209","192.168.1.55","192.168.1.2","TCP","1514","8004  >  49756 [ACK] Seq=45078 Ack=141 Win=65024 Len=1448 TSval=2916032317 TSecr=3045552090 [TCP segment of a reassembled PDU]"
"1255","28.236377487","192.168.1.55","192.168.1.2","TCP","1514","8004  >  49756 [ACK] Seq=46526 Ack=141 Win=65024 Len=1448 TSval=2916032317 TSecr=3045552090 [TCP segment of a reassembled PDU]"
"1256","28.236378894","192.168.1.55","192.168.1.2","TCP","1514","8004  >  49756 [ACK] Seq=47974 Ack=141 Win=65024 Len=1448 TSval=2916032317 TSecr=3045552090 [TCP segment of a reassembled PDU]"
"1257","28.236380265","192.168.1.55","192.168.1.2","TCP","1514","8004  >  49756 [ACK] Seq=49422 Ack=141 Win=65024 Len=1448 TSval=2916032317 TSecr=3045552090 [TCP segment of a reassembled PDU]"
"1258","28.236381672","192.168.1.55","192.168.1.2","TCP","1514","8004  >  49756 [ACK] Seq=50870 Ack=141 Win=65024 Len=1448 TSval=2916032317 TSecr=3045552090 [TCP segment of a reassembled PDU]"
"1259","28.236383154","192.168.1.55","192.168.1.2","TCP","1514","8004  >  49756 [ACK] Seq=52318 Ack=141 Win=65024 Len=1448 TSval=2916032317 TSecr=3045552090 [TCP segment of a reassembled PDU]"
"1260","28.236384579","192.168.1.55","192.168.1.2","TCP","1514","8004  >  49756 [ACK] Seq=53766 Ack=141 Win=65024 Len=1448 TSval=2916032317 TSecr=3045552090 [TCP segment of a reassembled PDU]"
"1261","28.236386024","192.168.1.55","192.168.1.2","TCP","1514","8004  >  49756 [ACK] Seq=55214 Ack=141 Win=65024 Len=1448 TSval=2916032317 TSecr=3045552090 [TCP segment of a reassembled PDU]"
"1262","28.236387524","192.168.1.55","192.168.1.2","TCP","1514","8004  >  49756 [ACK] Seq=56662 Ack=141 Win=65024 Len=1448 TSval=2916032317 TSecr=3045552090 [TCP segment of a reassembled PDU]"
"1263","28.236389079","192.168.1.55","192.168.1.2","TCP","1514","8004  >  49756 [ACK] Seq=58110 Ack=141 Win=65024 Len=1448 TSval=2916032317 TSecr=3045552090 [TCP segment of a reassembled PDU]"
"1264","28.236390431","192.168.1.55","192.168.1.2","TCP","1514","8004  >  49756 [ACK] Seq=59558 Ack=141 Win=65024 Len=1448 TSval=2916032317 TSecr=3045552090 [TCP segment of a reassembled PDU]"
"1265","28.236391931","192.168.1.55","192.168.1.2","TCP","1514","8004  >  49756 [ACK] Seq=61006 Ack=141 Win=65024 Len=1448 TSval=2916032317 TSecr=3045552090 [TCP segment of a reassembled PDU]"
"1266","28.236393228","192.168.1.55","192.168.1.2","TCP","1514","8004  >  49756 [ACK] Seq=62454 Ack=141 Win=65024 Len=1448 TSval=2916032317 TSecr=3045552090 [TCP segment of a reassembled PDU]"
"1267","28.236394524","192.168.1.55","192.168.1.2","TCP","1514","8004  >  49756 [PSH, ACK] Seq=63902 Ack=141 Win=65024 Len=1448 TSval=2916032317 TSecr=3045552090 [TCP segment of a reassembled PDU]"
"1268","28.236402654","192.168.1.2","192.168.1.55","TCP","66","49756  >  8004 [ACK] Seq=141 Ack=33494 Win=73728 Len=0 TSval=3045552090 TSecr=2916032312"
"1269","28.236433265","192.168.1.55","192.168.1.2","TCP","1514","8004  >  49756 [ACK] Seq=65350 Ack=141 Win=65024 Len=1448 TSval=2916032317 TSecr=3045552090 [TCP segment of a reassembled PDU]"
"1270","28.236435913","192.168.1.55","192.168.1.2","TCP","1514","8004  >  49756 [ACK] Seq=66798 Ack=141 Win=65024 Len=1448 TSval=2916032317 TSecr=3045552090 [TCP segment of a reassembled PDU]"
"1271","28.236437635","192.168.1.55","192.168.1.2","TCP","1514","8004  >  49756 [ACK] Seq=68246 Ack=141 Win=65024 Len=1448 TSval=2916032317 TSecr=3045552090 [TCP segment of a reassembled PDU]"
"1272","28.236439265","192.168.1.55","192.168.1.2","TCP","1514","8004  >  49756 [ACK] Seq=69694 Ack=141 Win=65024 Len=1448 TSval=2916032317 TSecr=3045552090 [TCP segment of a reassembled PDU]"
"1273","28.236440783","192.168.1.55","192.168.1.2","TCP","1514","8004  >  49756 [ACK] Seq=71142 Ack=141 Win=65024 Len=1448 TSval=2916032317 TSecr=3045552090 [TCP segment of a reassembled PDU]"
"1274","28.236442968","192.168.1.55","192.168.1.2","TCP","1514","8004  >  49756 [ACK] Seq=72590 Ack=141 Win=65024 Len=1448 TSval=2916032317 TSecr=3045552090 [TCP segment of a reassembled PDU]"
"1275","28.236444783","192.168.1.55","192.168.1.2","TCP","1514","8004  >  49756 [ACK] Seq=74038 Ack=141 Win=65024 Len=1448 TSval=2916032317 TSecr=3045552090 [TCP segment of a reassembled PDU]"
"1276","28.236446524","192.168.1.55","192.168.1.2","TCP","1514","8004  >  49756 [PSH, ACK] Seq=75486 Ack=141 Win=65024 Len=1448 TSval=2916032317 TSecr=3045552090 [TCP segment of a reassembled PDU]"
"1277","28.236455154","192.168.1.2","192.168.1.55","TCP","66","49756  >  8004 [ACK] Seq=141 Ack=40734 Win=86016 Len=0 TSval=3045552091 TSecr=2916032312"
"1278","28.236495246","192.168.1.55","192.168.1.2","TCP","1514","8004  >  49756 [ACK] Seq=76934 Ack=141 Win=65024 Len=1448 TSval=2916032317 TSecr=3045552091 [TCP segment of a reassembled PDU]"
"1279","28.236498302","192.168.1.55","192.168.1.2","TCP","1514","8004  >  49756 [ACK] Seq=78382 Ack=141 Win=65024 Len=1448 TSval=2916032317 TSecr=3045552091 [TCP segment of a reassembled PDU]"
"1280","28.236500024","192.168.1.55","192.168.1.2","TCP","1514","8004  >  49756 [ACK] Seq=79830 Ack=141 Win=65024 Len=1448 TSval=2916032317 TSecr=3045552091 [TCP segment of a reassembled PDU]"
"1281","28.236501654","192.168.1.55","192.168.1.2","TCP","1514","8004  >  49756 [ACK] Seq=81278 Ack=141 Win=65024 Len=1448 TSval=2916032317 TSecr=3045552091 [TCP segment of a reassembled PDU]"
"1282","28.236503450","192.168.1.55","192.168.1.2","TCP","1514","8004  >  49756 [ACK] Seq=82726 Ack=141 Win=65024 Len=1448 TSval=2916032317 TSecr=3045552091 [TCP segment of a reassembled PDU]"
"1283","28.236505006","192.168.1.55","192.168.1.2","TCP","1514","8004  >  49756 [ACK] Seq=84174 Ack=141 Win=65024 Len=1448 TSval=2916032317 TSecr=3045552091 [TCP segment of a reassembled PDU]"
"1284","28.236506691","192.168.1.55","192.168.1.2","TCP","1514","8004  >  49756 [ACK] Seq=85622 Ack=141 Win=65024 Len=1448 TSval=2916032317 TSecr=3045552091 [TCP segment of a reassembled PDU]"
"1285","28.236508635","192.168.1.55","192.168.1.2","TCP","1514","8004  >  49756 [ACK] Seq=87070 Ack=141 Win=65024 Len=1448 TSval=2916032317 TSecr=3045552091 [TCP segment of a reassembled PDU]"
"1286","28.236510598","192.168.1.55","192.168.1.2","TCP","1514","8004  >  49756 [ACK] Seq=88518 Ack=141 Win=65024 Len=1448 TSval=2916032317 TSecr=3045552091 [TCP segment of a reassembled PDU]"
"1287","28.236512135","192.168.1.55","192.168.1.2","TCP","1514","8004  >  49756 [ACK] Seq=89966 Ack=141 Win=65024 Len=1448 TSval=2916032317 TSecr=3045552091 [TCP segment of a reassembled PDU]"
"1288","28.236513783","192.168.1.55","192.168.1.2","TCP","1514","8004  >  49756 [ACK] Seq=91414 Ack=141 Win=65024 Len=1448 TSval=2916032317 TSecr=3045552091 [TCP segment of a reassembled PDU]"
"1289","28.236515469","192.168.1.55","192.168.1.2","TCP","1514","8004  >  49756 [ACK] Seq=92862 Ack=141 Win=65024 Len=1448 TSval=2916032317 TSecr=3045552091 [TCP segment of a reassembled PDU]"
"1290","28.236517135","192.168.1.55","192.168.1.2","TCP","1514","8004  >  49756 [ACK] Seq=94310 Ack=141 Win=65024 Len=1448 TSval=2916032317 TSecr=3045552091 [TCP segment of a reassembled PDU]"
"1291","28.236518820","192.168.1.55","192.168.1.2","TCP","1514","8004  >  49756 [PSH, ACK] Seq=95758 Ack=141 Win=65024 Len=1448 TSval=2916032317 TSecr=3045552091 [TCP segment of a reassembled PDU]"
"1292","28.236524154","192.168.1.2","192.168.1.55","TCP","66","49756  >  8004 [ACK] Seq=141 Ack=42182 Win=84992 Len=0 TSval=3045552091 TSecr=2916032313"
"1293","28.237791971","192.168.1.55","192.168.1.2","TCP","1514","8004  >  49756 [ACK] Seq=97206 Ack=141 Win=65024 Len=1448 TSval=2916032318 TSecr=3045552091 [TCP segment of a reassembled PDU]"
"1294","28.237796359","192.168.1.55","192.168.1.2","TCP","1514","8004  >  49756 [PSH, ACK] Seq=98654 Ack=141 Win=65024 Len=1448 TSval=2916032318 TSecr=3045552091 [TCP segment of a reassembled PDU]"
"1295","28.248009838","192.168.1.2","192.168.1.55","TCP","66","49756  >  8004 [ACK] Seq=141 Ack=43630 Win=90112 Len=0 TSval=3045552093 TSecr=2916032316"
"1296","28.248023449","192.168.1.55","192.168.1.2","TCP","1514","8004  >  49756 [ACK] Seq=100102 Ack=141 Win=65024 Len=1448 TSval=2916032328 TSecr=3045552093 [TCP segment of a reassembled PDU]"
"1297","28.248025968","192.168.1.55","192.168.1.2","TCP","1514","8004  >  49756 [PSH, ACK] Seq=101550 Ack=141 Win=65024 Len=1448 TSval=2916032328 TSecr=3045552093 [TCP segment of a reassembled PDU]"
"1298","28.248216098","192.168.1.2","192.168.1.55","TCP","66","49756  >  8004 [ACK] Seq=141 Ack=45078 Win=90112 Len=0 TSval=3045552093 TSecr=2916032316"
"1299","28.248223672","192.168.1.2","192.168.1.55","TCP","66","49756  >  8004 [ACK] Seq=141 Ack=46526 Win=90112 Len=0 TSval=3045552096 TSecr=2916032317"
"1300","28.248227468","192.168.1.2","192.168.1.55","TCP","66","49756  >  8004 [ACK] Seq=141 Ack=65350 Win=71680 Len=0 TSval=3045552096 TSecr=2916032317"
"1301","28.248241061","192.168.1.55","192.168.1.2","TCP","1514","8004  >  49756 [ACK] Seq=102998 Ack=141 Win=65024 Len=1448 TSval=2916032328 TSecr=3045552096 [TCP segment of a reassembled PDU]"
"1302","28.248242820","192.168.1.55","192.168.1.2","TCP","1514","8004  >  49756 [ACK] Seq=104446 Ack=141 Win=65024 Len=1448 TSval=2916032328 TSecr=3045552096 [TCP segment of a reassembled PDU]"
"1303","28.248243894","192.168.1.55","192.168.1.2","TCP","1514","8004  >  49756 [ACK] Seq=105894 Ack=141 Win=65024 Len=1448 TSval=2916032328 TSecr=3045552096 [TCP segment of a reassembled PDU]"
"1304","28.248244968","192.168.1.55","192.168.1.2","TCP","1514","8004  >  49756 [ACK] Seq=107342 Ack=141 Win=65024 Len=1448 TSval=2916032328 TSecr=3045552096 [TCP segment of a reassembled PDU]"
"1305","28.248246505","192.168.1.55","192.168.1.2","TCP","1514","8004  >  49756 [ACK] Seq=108790 Ack=141 Win=65024 Len=1448 TSval=2916032328 TSecr=3045552096 [TCP segment of a reassembled PDU]"
"1306","28.248247579","192.168.1.55","192.168.1.2","TCP","1514","8004  >  49756 [ACK] Seq=110238 Ack=141 Win=65024 Len=1448 TSval=2916032328 TSecr=3045552096 [TCP segment of a reassembled PDU]"
"1307","28.248248746","192.168.1.55","192.168.1.2","TCP","1514","8004  >  49756 [ACK] Seq=111686 Ack=141 Win=65024 Len=1448 TSval=2916032328 TSecr=3045552096 [TCP segment of a reassembled PDU]"
"1308","28.248249987","192.168.1.55","192.168.1.2","TCP","1514","8004  >  49756 [ACK] Seq=113134 Ack=141 Win=65024 Len=1448 TSval=2916032328 TSecr=3045552096 [TCP segment of a reassembled PDU]"
"1309","28.248251116","192.168.1.55","192.168.1.2","TCP","1514","8004  >  49756 [ACK] Seq=114582 Ack=141 Win=65024 Len=1448 TSval=2916032328 TSecr=3045552096 [TCP segment of a reassembled PDU]"
"1310","28.248252320","192.168.1.55","192.168.1.2","TCP","1514","8004  >  49756 [ACK] Seq=116030 Ack=141 Win=65024 Len=1448 TSval=2916032328 TSecr=3045552096 [TCP segment of a reassembled PDU]"
"1311","28.248253542","192.168.1.55","192.168.1.2","TCP","1514","8004  >  49756 [PSH, ACK] Seq=117478 Ack=141 Win=65024 Len=1448 TSval=2916032328 TSecr=3045552096 [TCP segment of a reassembled PDU]"
"1312","28.248258913","192.168.1.2","192.168.1.55","TCP","66","49756  >  8004 [ACK] Seq=141 Ack=76934 Win=60416 Len=0 TSval=3045552096 TSecr=2916032317"
"1313","28.248316765","192.168.1.2","192.168.1.55","TCP","66","49756  >  8004 [ACK] Seq=141 Ack=95758 Win=41984 Len=0 TSval=3045552096 TSecr=2916032317"
"1314","28.248340320","192.168.1.55","192.168.1.2","TCP","1514","8004  >  49756 [ACK] Seq=118926 Ack=141 Win=65024 Len=1448 TSval=2916032329 TSecr=3045552096 [TCP segment of a reassembled PDU]"
"1315","28.248342339","192.168.1.55","192.168.1.2","TCP","1514","8004  >  49756 [ACK] Seq=120374 Ack=141 Win=65024 Len=1448 TSval=2916032329 TSecr=3045552096 [TCP segment of a reassembled PDU]"
"1316","28.248343487","192.168.1.55","192.168.1.2","TCP","1514","8004  >  49756 [ACK] Seq=121822 Ack=141 Win=65024 Len=1448 TSval=2916032329 TSecr=3045552096 [TCP segment of a reassembled PDU]"
"1317","28.248344654","192.168.1.55","192.168.1.2","TCP","1514","8004  >  49756 [ACK] Seq=123270 Ack=141 Win=65024 Len=1448 TSval=2916032329 TSecr=3045552096 [TCP segment of a reassembled PDU]"
"1318","28.248345728","192.168.1.55","192.168.1.2","TCP","1514","8004  >  49756 [ACK] Seq=124718 Ack=141 Win=65024 Len=1448 TSval=2916032329 TSecr=3045552096 [TCP segment of a reassembled PDU]"
"1319","28.248346894","192.168.1.55","192.168.1.2","TCP","1514","8004  >  49756 [ACK] Seq=126166 Ack=141 Win=65024 Len=1448 TSval=2916032329 TSecr=3045552096 [TCP segment of a reassembled PDU]"
"1320","28.248348265","192.168.1.55","192.168.1.2","TCP","1514","8004  >  49756 [ACK] Seq=127614 Ack=141 Win=65024 Len=1448 TSval=2916032329 TSecr=3045552096 [TCP segment of a reassembled PDU]"
"1321","28.248349542","192.168.1.55","192.168.1.2","TCP","1514","8004  >  49756 [ACK] Seq=129062 Ack=141 Win=65024 Len=1448 TSval=2916032329 TSecr=3045552096 [TCP segment of a reassembled PDU]"
"1322","28.248350709","192.168.1.55","192.168.1.2","TCP","1514","8004  >  49756 [ACK] Seq=130510 Ack=141 Win=65024 Len=1448 TSval=2916032329 TSecr=3045552096 [TCP segment of a reassembled PDU]"
"1323","28.248352024","192.168.1.55","192.168.1.2","TCP","1514","8004  >  49756 [ACK] Seq=131958 Ack=141 Win=65024 Len=1448 TSval=2916032329 TSecr=3045552096 [TCP segment of a reassembled PDU]"
"1324","28.248353228","192.168.1.55","192.168.1.2","TCP","1514","8004  >  49756 [ACK] Seq=133406 Ack=141 Win=65024 Len=1448 TSval=2916032329 TSecr=3045552096 [TCP segment of a reassembled PDU]"
"1325","28.248360542","192.168.1.55","192.168.1.2","TCP","1514","8004  >  49756 [ACK] Seq=134854 Ack=141 Win=65024 Len=1448 TSval=2916032329 TSecr=3045552096 [TCP segment of a reassembled PDU]"
"1326","28.248361894","192.168.1.55","192.168.1.2","TCP","1506","[TCP Window Full] 8004  >  49756 [PSH, ACK] Seq=136302 Ack=141 Win=65024 Len=1440 TSval=2916032329 TSecr=3045552096 [TCP segment of a reassembled PDU]"
"1327","28.248365876","192.168.1.2","192.168.1.55","TCP","66","[TCP Window Update] 49756  >  8004 [ACK] Seq=141 Ack=95758 Win=90112 Len=0 TSval=3045552097 TSecr=2916032317"
"1328","28.249296414","192.168.1.55","192.168.1.2","TCP","1514","8004  >  49756 [ACK] Seq=137742 Ack=141 Win=65024 Len=1448 TSval=2916032329 TSecr=3045552097 [TCP segment of a reassembled PDU]"
"1329","28.249301322","192.168.1.55","192.168.1.2","TCP","1514","8004  >  49756 [ACK] Seq=139190 Ack=141 Win=65024 Len=1448 TSval=2916032329 TSecr=3045552097 [TCP segment of a reassembled PDU]"
"1330","28.249302433","192.168.1.55","192.168.1.2","TCP","1514","8004  >  49756 [ACK] Seq=140638 Ack=141 Win=65024 Len=1448 TSval=2916032329 TSecr=3045552097 [TCP segment of a reassembled PDU]"
"1331","28.249303581","192.168.1.55","192.168.1.2","TCP","1514","8004  >  49756 [ACK] Seq=142086 Ack=141 Win=65024 Len=1448 TSval=2916032329 TSecr=3045552097 [TCP segment of a reassembled PDU]"
"1332","28.249304729","192.168.1.55","192.168.1.2","TCP","1514","8004  >  49756 [ACK] Seq=143534 Ack=141 Win=65024 Len=1448 TSval=2916032329 TSecr=3045552097 [TCP segment of a reassembled PDU]"
"1333","28.249306637","192.168.1.55","192.168.1.2","TCP","1514","8004  >  49756 [ACK] Seq=144982 Ack=141 Win=65024 Len=1448 TSval=2916032329 TSecr=3045552097 [TCP segment of a reassembled PDU]"
"1334","28.249307914","192.168.1.55","192.168.1.2","TCP","1514","8004  >  49756 [ACK] Seq=146430 Ack=141 Win=65024 Len=1448 TSval=2916032329 TSecr=3045552097 [TCP segment of a reassembled PDU]"
"1335","28.249309803","192.168.1.55","192.168.1.2","TCP","1514","8004  >  49756 [ACK] Seq=147878 Ack=141 Win=65024 Len=1448 TSval=2916032329 TSecr=3045552097 [TCP segment of a reassembled PDU]"
"1336","28.249310896","192.168.1.55","192.168.1.2","TCP","1514","8004  >  49756 [ACK] Seq=149326 Ack=141 Win=65024 Len=1448 TSval=2916032329 TSecr=3045552097 [TCP segment of a reassembled PDU]"
"1337","28.249312100","192.168.1.55","192.168.1.2","TCP","1514","8004  >  49756 [ACK] Seq=150774 Ack=141 Win=65024 Len=1448 TSval=2916032329 TSecr=3045552097 [TCP segment of a reassembled PDU]"
"1338","28.249313340","192.168.1.55","192.168.1.2","TCP","1514","8004  >  49756 [ACK] Seq=152222 Ack=141 Win=65024 Len=1448 TSval=2916032329 TSecr=3045552097 [TCP segment of a reassembled PDU]"
"1339","28.249314600","192.168.1.55","192.168.1.2","TCP","1514","8004  >  49756 [ACK] Seq=153670 Ack=141 Win=65024 Len=1448 TSval=2916032329 TSecr=3045552097 [TCP segment of a reassembled PDU]"
"1340","28.249316044","192.168.1.55","192.168.1.2","TCP","1514","8004  >  49756 [ACK] Seq=155118 Ack=141 Win=65024 Len=1448 TSval=2916032329 TSecr=3045552097 [TCP segment of a reassembled PDU]"
"1341","28.249317211","192.168.1.55","192.168.1.2","TCP","1514","8004  >  49756 [ACK] Seq=156566 Ack=141 Win=65024 Len=1448 TSval=2916032329 TSecr=3045552097 [TCP segment of a reassembled PDU]"
"1342","28.249318285","192.168.1.55","192.168.1.2","TCP","1514","8004  >  49756 [ACK] Seq=158014 Ack=141 Win=65024 Len=1448 TSval=2916032329 TSecr=3045552097 [TCP segment of a reassembled PDU]"
"1343","28.249319451","192.168.1.55","192.168.1.2","TCP","1514","8004  >  49756 [PSH, ACK] Seq=159462 Ack=141 Win=65024 Len=1448 TSval=2916032329 TSecr=3045552097 [TCP segment of a reassembled PDU]"
"1344","28.249324711","192.168.1.55","192.168.1.2","TCP","74","8004  >  49756 [ACK] Seq=160910 Ack=141 Win=65024 Len=8 TSval=2916032329 TSecr=3045552097 [TCP segment of a reassembled PDU]"
"1345","28.252835012","192.168.1.2","192.168.1.55","TCP","66","49756  >  8004 [ACK] Seq=141 Ack=100102 Win=90112 Len=0 TSval=3045552105 TSecr=2916032317"
"1346","28.252876105","192.168.1.55","192.168.1.2","TCP","1514","8004  >  49756 [ACK] Seq=160918 Ack=141 Win=65024 Len=1448 TSval=2916032333 TSecr=3045552105 [TCP segment of a reassembled PDU]"
"1347","28.252879124","192.168.1.55","192.168.1.2","TCP","1514","8004  >  49756 [ACK] Seq=162366 Ack=141 Win=65024 Len=1448 TSval=2916032333 TSecr=3045552105 [TCP segment of a reassembled PDU]"
"1348","28.252880661","192.168.1.55","192.168.1.2","TCP","1514","8004  >  49756 [ACK] Seq=163814 Ack=141 Win=65024 Len=1448 TSval=2916032333 TSecr=3045552105 [TCP segment of a reassembled PDU]"
"1349","28.252882068","192.168.1.55","192.168.1.2","TCP","1514","8004  >  49756 [ACK] Seq=165262 Ack=141 Win=65024 Len=1448 TSval=2916032333 TSecr=3045552105 [TCP segment of a reassembled PDU]"
"1350","28.252883568","192.168.1.55","192.168.1.2","TCP","1514","8004  >  49756 [ACK] Seq=166710 Ack=141 Win=65024 Len=1448 TSval=2916032333 TSecr=3045552105 [TCP segment of a reassembled PDU]"
"1351","28.252885012","192.168.1.55","192.168.1.2","TCP","1514","8004  >  49756 [ACK] Seq=168158 Ack=141 Win=65024 Len=1448 TSval=2916032333 TSecr=3045552105 [TCP segment of a reassembled PDU]"
"1352","28.252886716","192.168.1.55","192.168.1.2","TCP","1514","8004  >  49756 [ACK] Seq=169606 Ack=141 Win=65024 Len=1448 TSval=2916032333 TSecr=3045552105 [TCP segment of a reassembled PDU]"
"1353","28.252888142","192.168.1.55","192.168.1.2","TCP","1514","8004  >  49756 [ACK] Seq=171054 Ack=141 Win=65024 Len=1448 TSval=2916032333 TSecr=3045552105 [TCP segment of a reassembled PDU]"
"1354","28.252889494","192.168.1.55","192.168.1.2","TCP","1514","8004  >  49756 [ACK] Seq=172502 Ack=141 Win=65024 Len=1448 TSval=2916032333 TSecr=3045552105 [TCP segment of a reassembled PDU]"
"1355","28.252890994","192.168.1.55","192.168.1.2","TCP","1514","8004  >  49756 [ACK] Seq=173950 Ack=141 Win=65024 Len=1448 TSval=2916032333 TSecr=3045552105 [TCP segment of a reassembled PDU]"
"1356","28.252892364","192.168.1.55","192.168.1.2","TCP","1514","8004  >  49756 [ACK] Seq=175398 Ack=141 Win=65024 Len=1448 TSval=2916032333 TSecr=3045552105 [TCP segment of a reassembled PDU]"
"1357","28.252893772","192.168.1.55","192.168.1.2","TCP","1514","8004  >  49756 [ACK] Seq=176846 Ack=141 Win=65024 Len=1448 TSval=2916032333 TSecr=3045552105 [TCP segment of a reassembled PDU]"
"1358","28.252895235","192.168.1.55","192.168.1.2","TCP","1514","8004  >  49756 [ACK] Seq=178294 Ack=141 Win=65024 Len=1448 TSval=2916032333 TSecr=3045552105 [TCP segment of a reassembled PDU]"
"1359","28.252896624","192.168.1.55","192.168.1.2","TCP","1514","8004  >  49756 [ACK] Seq=179742 Ack=141 Win=65024 Len=1448 TSval=2916032333 TSecr=3045552105 [TCP segment of a reassembled PDU]"
"1360","28.252898142","192.168.1.55","192.168.1.2","TCP","1514","8004  >  49756 [ACK] Seq=181190 Ack=141 Win=65024 Len=1448 TSval=2916032333 TSecr=3045552105 [TCP segment of a reassembled PDU]"
"1361","28.252899605","192.168.1.55","192.168.1.2","TCP","1514","8004  >  49756 [ACK] Seq=182638 Ack=141 Win=65024 Len=1448 TSval=2916032333 TSecr=3045552105 [TCP segment of a reassembled PDU]"
"1362","28.252901364","192.168.1.55","192.168.1.2","TCP","1514","8004  >  49756 [ACK] Seq=184086 Ack=141 Win=65024 Len=1448 TSval=2916032333 TSecr=3045552105 [TCP segment of a reassembled PDU]"
"1363","28.252902920","192.168.1.55","192.168.1.2","TCP","1514","8004  >  49756 [ACK] Seq=185534 Ack=141 Win=65024 Len=1448 TSval=2916032333 TSecr=3045552105 [TCP segment of a reassembled PDU]"
"1364","28.252904309","192.168.1.55","192.168.1.2","TCP","1514","8004  >  49756 [ACK] Seq=186982 Ack=141 Win=65024 Len=1448 TSval=2916032333 TSecr=3045552105 [TCP segment of a reassembled PDU]"
"1365","28.252905753","192.168.1.55","192.168.1.2","TCP","1514","8004  >  49756 [PSH, ACK] Seq=188430 Ack=141 Win=65024 Len=1448 TSval=2916032333 TSecr=3045552105 [TCP segment of a reassembled PDU]"
"1366","28.255463461","192.168.1.2","192.168.1.55","TCP","66","49756  >  8004 [ACK] Seq=141 Ack=102998 Win=90112 Len=0 TSval=3045552105 TSecr=2916032328"
"1367","28.255476350","192.168.1.55","192.168.1.2","TCP","1514","8004  >  49756 [ACK] Seq=189878 Ack=141 Win=65024 Len=1448 TSval=2916032336 TSecr=3045552105 [TCP segment of a reassembled PDU]"
"1368","28.255479017","192.168.1.55","192.168.1.2","TCP","1514","8004  >  49756 [PSH, ACK] Seq=191326 Ack=141 Win=65024 Len=1448 TSval=2916032336 TSecr=3045552105 [TCP segment of a reassembled PDU]"
"1369","28.255691850","192.168.1.2","192.168.1.55","TCP","66","49756  >  8004 [ACK] Seq=141 Ack=159462 Win=39936 Len=0 TSval=3045552109 TSecr=2916032328"
"1370","28.255702146","192.168.1.2","192.168.1.55","TCP","66","[TCP Window Update] 49756  >  8004 [ACK] Seq=141 Ack=159462 Win=90112 Len=0 TSval=3045552109 TSecr=2916032328"
"1371","28.255716572","192.168.1.55","192.168.1.2","TCP","1514","8004  >  49756 [ACK] Seq=192774 Ack=141 Win=65024 Len=1448 TSval=2916032336 TSecr=3045552109 [TCP segment of a reassembled PDU]"
"1372","28.255719091","192.168.1.55","192.168.1.2","TCP","1514","8004  >  49756 [ACK] Seq=194222 Ack=141 Win=65024 Len=1448 TSval=2916032336 TSecr=3045552109 [TCP segment of a reassembled PDU]"
"1373","28.255720554","192.168.1.55","192.168.1.2","TCP","1514","8004  >  49756 [ACK] Seq=195670 Ack=141 Win=65024 Len=1448 TSval=2916032336 TSecr=3045552109 [TCP segment of a reassembled PDU]"
"1374","28.255722387","192.168.1.55","192.168.1.2","TCP","1514","8004  >  49756 [ACK] Seq=197118 Ack=141 Win=65024 Len=1448 TSval=2916032336 TSecr=3045552109 [TCP segment of a reassembled PDU]"
"1375","28.255723739","192.168.1.55","192.168.1.2","TCP","1514","8004  >  49756 [ACK] Seq=198566 Ack=141 Win=65024 Len=1448 TSval=2916032336 TSecr=3045552109 [TCP segment of a reassembled PDU]"
"1376","28.255725165","192.168.1.55","192.168.1.2","TCP","1514","8004  >  49756 [ACK] Seq=200014 Ack=141 Win=65024 Len=1448 TSval=2916032336 TSecr=3045552109 [TCP segment of a reassembled PDU]"
"1377","28.255726498","192.168.1.55","192.168.1.2","TCP","1514","8004  >  49756 [ACK] Seq=201462 Ack=141 Win=65024 Len=1448 TSval=2916032336 TSecr=3045552109 [TCP segment of a reassembled PDU]"
"1378","28.255727832","192.168.1.55","192.168.1.2","TCP","1514","8004  >  49756 [ACK] Seq=202910 Ack=141 Win=65024 Len=1448 TSval=2916032336 TSecr=3045552109 [TCP segment of a reassembled PDU]"
"1379","28.255729517","192.168.1.55","192.168.1.2","TCP","1514","8004  >  49756 [PSH, ACK] Seq=204358 Ack=141 Win=65024 Len=1448 TSval=2916032336 TSecr=3045552109 [TCP segment of a reassembled PDU]"
"1380","28.255764906","192.168.1.55","192.168.1.2","TCP","1514","8004  >  49756 [ACK] Seq=205806 Ack=141 Win=65024 Len=1448 TSval=2916032336 TSecr=3045552109 [TCP segment of a reassembled PDU]"
"1381","28.255766758","192.168.1.55","192.168.1.2","TCP","1514","8004  >  49756 [ACK] Seq=207254 Ack=141 Win=65024 Len=1448 TSval=2916032336 TSecr=3045552109 [TCP segment of a reassembled PDU]"
"1382","28.255768128","192.168.1.55","192.168.1.2","TCP","1514","8004  >  49756 [ACK] Seq=208702 Ack=141 Win=65024 Len=1448 TSval=2916032336 TSecr=3045552109 [TCP segment of a reassembled PDU]"
"1383","28.255769498","192.168.1.55","192.168.1.2","TCP","1514","8004  >  49756 [ACK] Seq=210150 Ack=141 Win=65024 Len=1448 TSval=2916032336 TSecr=3045552109 [TCP segment of a reassembled PDU]"
"1384","28.255770980","192.168.1.55","192.168.1.2","TCP","1514","8004  >  49756 [ACK] Seq=211598 Ack=141 Win=65024 Len=1448 TSval=2916032336 TSecr=3045552109 [TCP segment of a reassembled PDU]"
"1385","28.255772369","192.168.1.55","192.168.1.2","TCP","1514","8004  >  49756 [ACK] Seq=213046 Ack=141 Win=65024 Len=1448 TSval=2916032336 TSecr=3045552109 [TCP segment of a reassembled PDU]"
"1386","28.255773887","192.168.1.55","192.168.1.2","TCP","1514","8004  >  49756 [ACK] Seq=214494 Ack=141 Win=65024 Len=1448 TSval=2916032336 TSecr=3045552109 [TCP segment of a reassembled PDU]"
"1387","28.255775776","192.168.1.55","192.168.1.2","TCP","1514","8004  >  49756 [ACK] Seq=215942 Ack=141 Win=65024 Len=1448 TSval=2916032336 TSecr=3045552109 [TCP segment of a reassembled PDU]"
"1388","28.255777165","192.168.1.55","192.168.1.2","TCP","1514","8004  >  49756 [ACK] Seq=217390 Ack=141 Win=65024 Len=1448 TSval=2916032336 TSecr=3045552109 [TCP segment of a reassembled PDU]"
"1389","28.255778647","192.168.1.55","192.168.1.2","TCP","1514","8004  >  49756 [ACK] Seq=218838 Ack=141 Win=65024 Len=1448 TSval=2916032336 TSecr=3045552109 [TCP segment of a reassembled PDU]"
"1390","28.255780147","192.168.1.55","192.168.1.2","TCP","1514","8004  >  49756 [ACK] Seq=220286 Ack=141 Win=65024 Len=1448 TSval=2916032336 TSecr=3045552109 [TCP segment of a reassembled PDU]"
"1391","28.255781832","192.168.1.55","192.168.1.2","TCP","1514","8004  >  49756 [ACK] Seq=221734 Ack=141 Win=65024 Len=1448 TSval=2916032336 TSecr=3045552109 [TCP segment of a reassembled PDU]"
"1392","28.255783369","192.168.1.55","192.168.1.2","TCP","1514","8004  >  49756 [ACK] Seq=223182 Ack=141 Win=65024 Len=1448 TSval=2916032336 TSecr=3045552109 [TCP segment of a reassembled PDU]"
"1393","28.255784739","192.168.1.55","192.168.1.2","TCP","1514","8004  >  49756 [ACK] Seq=224630 Ack=141 Win=65024 Len=1448 TSval=2916032336 TSecr=3045552109 [TCP segment of a reassembled PDU]"
"1394","28.255786258","192.168.1.55","192.168.1.2","TCP","1514","8004  >  49756 [ACK] Seq=226078 Ack=141 Win=65024 Len=1448 TSval=2916032336 TSecr=3045552109 [TCP segment of a reassembled PDU]"
"1395","28.255787647","192.168.1.55","192.168.1.2","TCP","1514","8004  >  49756 [ACK] Seq=227526 Ack=141 Win=65024 Len=1448 TSval=2916032336 TSecr=3045552109 [TCP segment of a reassembled PDU]"
"1396","28.255789202","192.168.1.55","192.168.1.2","TCP","1514","8004  >  49756 [ACK] Seq=228974 Ack=141 Win=65024 Len=1448 TSval=2916032336 TSecr=3045552109 [TCP segment of a reassembled PDU]"
"1397","28.255790573","192.168.1.55","192.168.1.2","TCP","1514","8004  >  49756 [ACK] Seq=230422 Ack=141 Win=65024 Len=1448 TSval=2916032336 TSecr=3045552109 [TCP segment of a reassembled PDU]"
"1398","28.255791980","192.168.1.55","192.168.1.2","TCP","1514","8004  >  49756 [ACK] Seq=231870 Ack=141 Win=65024 Len=1448 TSval=2916032336 TSecr=3045552109 [TCP segment of a reassembled PDU]"
"1399","28.255793498","192.168.1.55","192.168.1.2","TCP","1514","8004  >  49756 [ACK] Seq=233318 Ack=141 Win=65024 Len=1448 TSval=2916032336 TSecr=3045552109 [TCP segment of a reassembled PDU]"
"1400","28.255795073","192.168.1.55","192.168.1.2","TCP","1514","8004  >  49756 [ACK] Seq=234766 Ack=141 Win=65024 Len=1448 TSval=2916032336 TSecr=3045552109 [TCP segment of a reassembled PDU]"
"1401","28.255796591","192.168.1.55","192.168.1.2","TCP","1514","8004  >  49756 [ACK] Seq=236214 Ack=141 Win=65024 Len=1448 TSval=2916032336 TSecr=3045552109 [TCP segment of a reassembled PDU]"
"1402","28.255798091","192.168.1.55","192.168.1.2","TCP","1514","8004  >  49756 [ACK] Seq=237662 Ack=141 Win=65024 Len=1448 TSval=2916032336 TSecr=3045552109 [TCP segment of a reassembled PDU]"
"1403","28.255799461","192.168.1.55","192.168.1.2","TCP","1514","8004  >  49756 [ACK] Seq=239110 Ack=141 Win=65024 Len=1448 TSval=2916032336 TSecr=3045552109 [TCP segment of a reassembled PDU]"
"1404","28.255800961","192.168.1.55","192.168.1.2","TCP","1514","8004  >  49756 [ACK] Seq=240558 Ack=141 Win=65024 Len=1448 TSval=2916032336 TSecr=3045552109 [TCP segment of a reassembled PDU]"
"1405","28.255802350","192.168.1.55","192.168.1.2","TCP","1514","8004  >  49756 [ACK] Seq=242006 Ack=141 Win=65024 Len=1448 TSval=2916032336 TSecr=3045552109 [TCP segment of a reassembled PDU]"
"1406","28.255803739","192.168.1.55","192.168.1.2","TCP","1514","8004  >  49756 [ACK] Seq=243454 Ack=141 Win=65024 Len=1448 TSval=2916032336 TSecr=3045552109 [TCP segment of a reassembled PDU]"
"1407","28.255805221","192.168.1.55","192.168.1.2","TCP","1514","8004  >  49756 [ACK] Seq=244902 Ack=141 Win=65024 Len=1448 TSval=2916032336 TSecr=3045552109 [TCP segment of a reassembled PDU]"
"1408","28.255806628","192.168.1.55","192.168.1.2","TCP","1514","8004  >  49756 [ACK] Seq=246350 Ack=141 Win=65024 Len=1448 TSval=2916032336 TSecr=3045552109 [TCP segment of a reassembled PDU]"
"1409","28.255808387","192.168.1.55","192.168.1.2","TCP","1514","8004  >  49756 [PSH, ACK] Seq=247798 Ack=141 Win=65024 Len=1448 TSval=2916032336 TSecr=3045552109 [TCP segment of a reassembled PDU]"
"1410","28.261187137","192.168.1.2","192.168.1.55","TCP","66","49756  >  8004 [ACK] Seq=141 Ack=160910 Win=93184 Len=0 TSval=3045552111 TSecr=2916032329"
"1411","28.261208748","192.168.1.55","192.168.1.2","TCP","1514","8004  >  49756 [PSH, ACK] Seq=249246 Ack=141 Win=65024 Len=1448 TSval=2916032341 TSecr=3045552111 [TCP segment of a reassembled PDU]"
"1412","28.261402100","192.168.1.2","192.168.1.55","TCP","66","49756  >  8004 [ACK] Seq=141 Ack=184086 Win=73728 Len=0 TSval=3045552111 TSecr=2916032329"
"1413","28.261412637","192.168.1.2","192.168.1.55","TCP","66","49756  >  8004 [ACK] Seq=141 Ack=189878 Win=87040 Len=0 TSval=3045552112 TSecr=2916032333"
"1414","28.261418174","192.168.1.2","192.168.1.55","TCP","66","49756  >  8004 [ACK] Seq=141 Ack=192774 Win=92160 Len=0 TSval=3045552115 TSecr=2916032336"
"1415","28.261449267","192.168.1.55","192.168.1.2","TCP","1514","8004  >  49756 [ACK] Seq=250694 Ack=141 Win=65024 Len=1448 TSval=2916032342 TSecr=3045552115 [TCP segment of a reassembled PDU]"
"1416","28.261452007","192.168.1.55","192.168.1.2","TCP","1514","8004  >  49756 [ACK] Seq=252142 Ack=141 Win=65024 Len=1448 TSval=2916032342 TSecr=3045552115 [TCP segment of a reassembled PDU]"
"1417","28.261453415","192.168.1.55","192.168.1.2","TCP","1514","8004  >  49756 [ACK] Seq=253590 Ack=141 Win=65024 Len=1448 TSval=2916032342 TSecr=3045552115 [TCP segment of a reassembled PDU]"
"1418","28.261454915","192.168.1.55","192.168.1.2","TCP","1514","8004  >  49756 [ACK] Seq=255038 Ack=141 Win=65024 Len=1448 TSval=2916032342 TSecr=3045552115 [TCP segment of a reassembled PDU]"
"1419","28.261456285","192.168.1.55","192.168.1.2","TCP","1514","8004  >  49756 [ACK] Seq=256486 Ack=141 Win=65024 Len=1448 TSval=2916032342 TSecr=3045552115 [TCP segment of a reassembled PDU]"
"1420","28.261457692","192.168.1.55","192.168.1.2","TCP","1514","8004  >  49756 [ACK] Seq=257934 Ack=141 Win=65024 Len=1448 TSval=2916032342 TSecr=3045552115 [TCP segment of a reassembled PDU]"
"1421","28.261459118","192.168.1.55","192.168.1.2","TCP","1514","8004  >  49756 [ACK] Seq=259382 Ack=141 Win=65024 Len=1448 TSval=2916032342 TSecr=3045552115 [TCP segment of a reassembled PDU]"
"1422","28.261460581","192.168.1.55","192.168.1.2","TCP","1514","8004  >  49756 [ACK] Seq=260830 Ack=141 Win=65024 Len=1448 TSval=2916032342 TSecr=3045552115 [TCP segment of a reassembled PDU]"
"1423","28.261462063","192.168.1.55","192.168.1.2","TCP","1514","8004  >  49756 [ACK] Seq=262278 Ack=141 Win=65024 Len=1448 TSval=2916032342 TSecr=3045552115 [TCP segment of a reassembled PDU]"
"1424","28.261463433","192.168.1.55","192.168.1.2","TCP","1514","8004  >  49756 [ACK] Seq=263726 Ack=141 Win=65024 Len=1448 TSval=2916032342 TSecr=3045552115 [TCP segment of a reassembled PDU]"
"1425","28.261464822","192.168.1.55","192.168.1.2","TCP","1514","8004  >  49756 [ACK] Seq=265174 Ack=141 Win=65024 Len=1448 TSval=2916032342 TSecr=3045552115 [TCP segment of a reassembled PDU]"
"1426","28.261466341","192.168.1.55","192.168.1.2","TCP","1514","8004  >  49756 [ACK] Seq=266622 Ack=141 Win=65024 Len=1448 TSval=2916032342 TSecr=3045552115 [TCP segment of a reassembled PDU]"
"1427","28.261467693","192.168.1.55","192.168.1.2","TCP","1514","8004  >  49756 [ACK] Seq=268070 Ack=141 Win=65024 Len=1448 TSval=2916032342 TSecr=3045552115 [TCP segment of a reassembled PDU]"
"1428","28.261469452","192.168.1.55","192.168.1.2","TCP","1514","8004  >  49756 [ACK] Seq=269518 Ack=141 Win=65024 Len=1448 TSval=2916032342 TSecr=3045552115 [TCP segment of a reassembled PDU]"
"1429","28.261470878","192.168.1.55","192.168.1.2","TCP","1514","8004  >  49756 [ACK] Seq=270966 Ack=141 Win=65024 Len=1448 TSval=2916032342 TSecr=3045552115 [TCP segment of a reassembled PDU]"
"1430","28.261472359","192.168.1.55","192.168.1.2","TCP","1514","8004  >  49756 [ACK] Seq=272414 Ack=141 Win=65024 Len=1448 TSval=2916032342 TSecr=3045552115 [TCP segment of a reassembled PDU]"
"1431","28.261473915","192.168.1.55","192.168.1.2","TCP","1514","8004  >  49756 [ACK] Seq=273862 Ack=141 Win=65024 Len=1448 TSval=2916032342 TSecr=3045552115 [TCP segment of a reassembled PDU]"
"1432","28.261475285","192.168.1.55","192.168.1.2","TCP","1514","8004  >  49756 [ACK] Seq=275310 Ack=141 Win=65024 Len=1448 TSval=2916032342 TSecr=3045552115 [TCP segment of a reassembled PDU]"
"1433","28.261476989","192.168.1.55","192.168.1.2","TCP","1514","8004  >  49756 [ACK] Seq=276758 Ack=141 Win=65024 Len=1448 TSval=2916032342 TSecr=3045552115 [TCP segment of a reassembled PDU]"
"1434","28.261478359","192.168.1.55","192.168.1.2","TCP","1514","8004  >  49756 [ACK] Seq=278206 Ack=141 Win=65024 Len=1448 TSval=2916032342 TSecr=3045552115 [TCP segment of a reassembled PDU]"
"1435","28.261479730","192.168.1.55","192.168.1.2","TCP","1514","8004  >  49756 [ACK] Seq=279654 Ack=141 Win=65024 Len=1448 TSval=2916032342 TSecr=3045552115 [TCP segment of a reassembled PDU]"
"1436","28.261481230","192.168.1.55","192.168.1.2","TCP","1514","8004  >  49756 [ACK] Seq=281102 Ack=141 Win=65024 Len=1448 TSval=2916032342 TSecr=3045552115 [TCP segment of a reassembled PDU]"
"1437","28.261482822","192.168.1.55","192.168.1.2","TCP","1514","8004  >  49756 [ACK] Seq=282550 Ack=141 Win=65024 Len=1448 TSval=2916032342 TSecr=3045552115 [TCP segment of a reassembled PDU]"
"1438","28.261484285","192.168.1.55","192.168.1.2","TCP","1002","[TCP Window Full] 8004  >  49756 [PSH, ACK] Seq=283998 Ack=141 Win=65024 Len=936 TSval=2916032342 TSecr=3045552115 [TCP segment of a reassembled PDU]"
"1439","28.261489230","192.168.1.2","192.168.1.55","TCP","66","49756  >  8004 [ACK] Seq=141 Ack=226078 Win=60416 Len=0 TSval=3045552116 TSecr=2916032336"
"1440","28.265019198","192.168.1.2","192.168.1.55","TCP","66","49756  >  8004 [ACK] Seq=141 Ack=249246 Win=71680 Len=0 TSval=3045552117 TSecr=2916032336"
"1441","28.265033198","192.168.1.55","192.168.1.2","TCP","1514","8004  >  49756 [ACK] Seq=284934 Ack=141 Win=65024 Len=1448 TSval=2916032345 TSecr=3045552117 [TCP segment of a reassembled PDU]"
"1442","28.265035809","192.168.1.55","192.168.1.2","TCP","1514","8004  >  49756 [ACK] Seq=286382 Ack=141 Win=65024 Len=1448 TSval=2916032345 TSecr=3045552117 [TCP segment of a reassembled PDU]"
"1443","28.265037180","192.168.1.55","192.168.1.2","TCP","1514","8004  >  49756 [ACK] Seq=287830 Ack=141 Win=65024 Len=1448 TSval=2916032345 TSecr=3045552117 [TCP segment of a reassembled PDU]"
"1444","28.265038476","192.168.1.55","192.168.1.2","TCP","1514","8004  >  49756 [ACK] Seq=289278 Ack=141 Win=65024 Len=1448 TSval=2916032345 TSecr=3045552117 [TCP segment of a reassembled PDU]"
"1445","28.265039754","192.168.1.55","192.168.1.2","TCP","1514","8004  >  49756 [ACK] Seq=290726 Ack=141 Win=65024 Len=1448 TSval=2916032345 TSecr=3045552117 [TCP segment of a reassembled PDU]"
"1446","28.265041050","192.168.1.55","192.168.1.2","TCP","1514","8004  >  49756 [ACK] Seq=292174 Ack=141 Win=65024 Len=1448 TSval=2916032345 TSecr=3045552117 [TCP segment of a reassembled PDU]"
"1447","28.265042309","192.168.1.55","192.168.1.2","TCP","1514","8004  >  49756 [PSH, ACK] Seq=293622 Ack=141 Win=65024 Len=1448 TSval=2916032345 TSecr=3045552117 [TCP segment of a reassembled PDU]"
"1448","28.265046661","192.168.1.55","192.168.1.2","TCP","578","8004  >  49756 [ACK] Seq=295070 Ack=141 Win=65024 Len=512 TSval=2916032345 TSecr=3045552117 [TCP segment of a reassembled PDU]"
"1449","28.265064531","192.168.1.55","192.168.1.2","TCP","1514","8004  >  49756 [ACK] Seq=295582 Ack=141 Win=65024 Len=1448 TSval=2916032345 TSecr=3045552117 [TCP segment of a reassembled PDU]"
"1450","28.265065883","192.168.1.55","192.168.1.2","TCP","1514","8004  >  49756 [ACK] Seq=297030 Ack=141 Win=65024 Len=1448 TSval=2916032345 TSecr=3045552117 [TCP segment of a reassembled PDU]"
"1451","28.265067272","192.168.1.55","192.168.1.2","TCP","1514","8004  >  49756 [ACK] Seq=298478 Ack=141 Win=65024 Len=1448 TSval=2916032345 TSecr=3045552117 [TCP segment of a reassembled PDU]"
"1452","28.265068587","192.168.1.55","192.168.1.2","TCP","1514","8004  >  49756 [ACK] Seq=299926 Ack=141 Win=65024 Len=1448 TSval=2916032345 TSecr=3045552117 [TCP segment of a reassembled PDU]"
"1453","28.265069865","192.168.1.55","192.168.1.2","TCP","1514","8004  >  49756 [ACK] Seq=301374 Ack=141 Win=65024 Len=1448 TSval=2916032345 TSecr=3045552117 [TCP segment of a reassembled PDU]"
"1454","28.265071346","192.168.1.55","192.168.1.2","TCP","1514","8004  >  49756 [ACK] Seq=302822 Ack=141 Win=65024 Len=1448 TSval=2916032345 TSecr=3045552117 [TCP segment of a reassembled PDU]"
"1455","28.265072643","192.168.1.55","192.168.1.2","TCP","1514","8004  >  49756 [ACK] Seq=304270 Ack=141 Win=65024 Len=1448 TSval=2916032345 TSecr=3045552117 [TCP segment of a reassembled PDU]"
"1456","28.265073994","192.168.1.55","192.168.1.2","TCP","1514","8004  >  49756 [ACK] Seq=305718 Ack=141 Win=65024 Len=1448 TSval=2916032345 TSecr=3045552117 [TCP segment of a reassembled PDU]"
"1457","28.265075402","192.168.1.55","192.168.1.2","TCP","1514","8004  >  49756 [ACK] Seq=307166 Ack=141 Win=65024 Len=1448 TSval=2916032345 TSecr=3045552117 [TCP segment of a reassembled PDU]"
"1458","28.265076717","192.168.1.55","192.168.1.2","TCP","1514","8004  >  49756 [ACK] Seq=308614 Ack=141 Win=65024 Len=1448 TSval=2916032345 TSecr=3045552117 [TCP segment of a reassembled PDU]"
"1459","28.265078180","192.168.1.55","192.168.1.2","TCP","1514","8004  >  49756 [ACK] Seq=310062 Ack=141 Win=65024 Len=1448 TSval=2916032345 TSecr=3045552117 [TCP segment of a reassembled PDU]"
"1460","28.265079568","192.168.1.55","192.168.1.2","TCP","1514","8004  >  49756 [ACK] Seq=311510 Ack=141 Win=65024 Len=1448 TSval=2916032345 TSecr=3045552117 [TCP segment of a reassembled PDU]"
"1461","28.265081124","192.168.1.55","192.168.1.2","TCP","1514","8004  >  49756 [ACK] Seq=312958 Ack=141 Win=65024 Len=1448 TSval=2916032345 TSecr=3045552117 [TCP segment of a reassembled PDU]"
"1462","28.265082402","192.168.1.55","192.168.1.2","TCP","1514","8004  >  49756 [ACK] Seq=314406 Ack=141 Win=65024 Len=1448 TSval=2916032345 TSecr=3045552117 [TCP segment of a reassembled PDU]"
"1463","28.265083754","192.168.1.55","192.168.1.2","TCP","1514","8004  >  49756 [ACK] Seq=315854 Ack=141 Win=65024 Len=1448 TSval=2916032345 TSecr=3045552117 [TCP segment of a reassembled PDU]"
"1464","28.265085198","192.168.1.55","192.168.1.2","TCP","1514","8004  >  49756 [ACK] Seq=317302 Ack=141 Win=65024 Len=1448 TSval=2916032345 TSecr=3045552117 [TCP segment of a reassembled PDU]"
"1465","28.265086494","192.168.1.55","192.168.1.2","TCP","1514","8004  >  49756 [PSH, ACK] Seq=318750 Ack=141 Win=65024 Len=1448 TSval=2916032345 TSecr=3045552117 [TCP segment of a reassembled PDU]"
"1466","28.268130555","192.168.1.2","192.168.1.55","TCP","66","49756  >  8004 [ACK] Seq=141 Ack=279654 Win=69632 Len=0 TSval=3045552121 TSecr=2916032341"
"1467","28.268152721","192.168.1.55","192.168.1.2","TCP","1514","8004  >  49756 [ACK] Seq=320198 Ack=141 Win=65024 Len=1448 TSval=2916032348 TSecr=3045552121 [TCP segment of a reassembled PDU]"
"1468","28.268155110","192.168.1.55","192.168.1.2","TCP","1514","8004  >  49756 [ACK] Seq=321646 Ack=141 Win=65024 Len=1448 TSval=2916032348 TSecr=3045552121 [TCP segment of a reassembled PDU]"
"1469","28.268156518","192.168.1.55","192.168.1.2","TCP","1514","8004  >  49756 [ACK] Seq=323094 Ack=141 Win=65024 Len=1448 TSval=2916032348 TSecr=3045552121 [TCP segment of a reassembled PDU]"
"1470","28.268157925","192.168.1.55","192.168.1.2","TCP","1514","8004  >  49756 [ACK] Seq=324542 Ack=141 Win=65024 Len=1448 TSval=2916032348 TSecr=3045552121 [TCP segment of a reassembled PDU]"
"1471","28.268159203","192.168.1.55","192.168.1.2","TCP","1514","8004  >  49756 [ACK] Seq=325990 Ack=141 Win=65024 Len=1448 TSval=2916032348 TSecr=3045552121 [TCP segment of a reassembled PDU]"
"1472","28.268160481","192.168.1.55","192.168.1.2","TCP","1514","8004  >  49756 [ACK] Seq=327438 Ack=141 Win=65024 Len=1448 TSval=2916032348 TSecr=3045552121 [TCP segment of a reassembled PDU]"
"1473","28.268161944","192.168.1.55","192.168.1.2","TCP","1514","8004  >  49756 [ACK] Seq=328886 Ack=141 Win=65024 Len=1448 TSval=2916032348 TSecr=3045552121 [TCP segment of a reassembled PDU]"
"1474","28.268163203","192.168.1.55","192.168.1.2","TCP","1514","8004  >  49756 [ACK] Seq=330334 Ack=141 Win=65024 Len=1448 TSval=2916032348 TSecr=3045552121 [TCP segment of a reassembled PDU]"
"1475","28.268164610","192.168.1.55","192.168.1.2","TCP","1514","8004  >  49756 [ACK] Seq=331782 Ack=141 Win=65024 Len=1448 TSval=2916032348 TSecr=3045552121 [TCP segment of a reassembled PDU]"
"1476","28.268165851","192.168.1.55","192.168.1.2","TCP","1514","8004  >  49756 [ACK] Seq=333230 Ack=141 Win=65024 Len=1448 TSval=2916032348 TSecr=3045552121 [TCP segment of a reassembled PDU]"
"1477","28.268167147","192.168.1.55","192.168.1.2","TCP","1514","8004  >  49756 [ACK] Seq=334678 Ack=141 Win=65024 Len=1448 TSval=2916032348 TSecr=3045552121 [TCP segment of a reassembled PDU]"
"1478","28.268168499","192.168.1.55","192.168.1.2","TCP","1514","8004  >  49756 [ACK] Seq=336126 Ack=141 Win=65024 Len=1448 TSval=2916032348 TSecr=3045552121 [TCP segment of a reassembled PDU]"
"1479","28.268169777","192.168.1.55","192.168.1.2","TCP","1514","8004  >  49756 [ACK] Seq=337574 Ack=141 Win=65024 Len=1448 TSval=2916032348 TSecr=3045552121 [TCP segment of a reassembled PDU]"
"1480","28.268171073","192.168.1.55","192.168.1.2","TCP","1514","8004  >  49756 [PSH, ACK] Seq=339022 Ack=141 Win=65024 Len=1448 TSval=2916032348 TSecr=3045552121 [TCP segment of a reassembled PDU]"
"1481","28.268203296","192.168.1.2","192.168.1.55","TCP","66","49756  >  8004 [ACK] Seq=141 Ack=284934 Win=87040 Len=0 TSval=3045552121 TSecr=2916032342"
"1482","28.268231740","192.168.1.55","192.168.1.2","TCP","1514","8004  >  49756 [ACK] Seq=340470 Ack=141 Win=65024 Len=1448 TSval=2916032348 TSecr=3045552121 [TCP segment of a reassembled PDU]"
"1483","28.268233462","192.168.1.55","192.168.1.2","TCP","1514","8004  >  49756 [ACK] Seq=341918 Ack=141 Win=65024 Len=1448 TSval=2916032348 TSecr=3045552121 [TCP segment of a reassembled PDU]"
"1484","28.268234888","192.168.1.55","192.168.1.2","TCP","1514","8004  >  49756 [ACK] Seq=343366 Ack=141 Win=65024 Len=1448 TSval=2916032348 TSecr=3045552121 [TCP segment of a reassembled PDU]"
"1485","28.268236296","192.168.1.55","192.168.1.2","TCP","1514","8004  >  49756 [ACK] Seq=344814 Ack=141 Win=65024 Len=1448 TSval=2916032348 TSecr=3045552121 [TCP segment of a reassembled PDU]"
"1486","28.268237870","192.168.1.55","192.168.1.2","TCP","1514","8004  >  49756 [ACK] Seq=346262 Ack=141 Win=65024 Len=1448 TSval=2916032348 TSecr=3045552121 [TCP segment of a reassembled PDU]"
"1487","28.268239277","192.168.1.55","192.168.1.2","TCP","1514","8004  >  49756 [ACK] Seq=347710 Ack=141 Win=65024 Len=1448 TSval=2916032348 TSecr=3045552121 [TCP segment of a reassembled PDU]"
"1488","28.268240796","192.168.1.55","192.168.1.2","TCP","1514","8004  >  49756 [ACK] Seq=349158 Ack=141 Win=65024 Len=1448 TSval=2916032348 TSecr=3045552121 [TCP segment of a reassembled PDU]"
"1489","28.268242166","192.168.1.55","192.168.1.2","TCP","1514","8004  >  49756 [ACK] Seq=350606 Ack=141 Win=65024 Len=1448 TSval=2916032348 TSecr=3045552121 [TCP segment of a reassembled PDU]"
"1490","28.268243555","192.168.1.55","192.168.1.2","TCP","1514","8004  >  49756 [ACK] Seq=352054 Ack=141 Win=65024 Len=1448 TSval=2916032348 TSecr=3045552121 [TCP segment of a reassembled PDU]"
"1491","28.268244925","192.168.1.55","192.168.1.2","TCP","1514","8004  >  49756 [ACK] Seq=353502 Ack=141 Win=65024 Len=1448 TSval=2916032348 TSecr=3045552121 [TCP segment of a reassembled PDU]"
"1492","28.268246240","192.168.1.55","192.168.1.2","TCP","1514","8004  >  49756 [ACK] Seq=354950 Ack=141 Win=65024 Len=1448 TSval=2916032348 TSecr=3045552121 [TCP segment of a reassembled PDU]"
"1493","28.268247536","192.168.1.55","192.168.1.2","TCP","1514","8004  >  49756 [ACK] Seq=356398 Ack=141 Win=65024 Len=1448 TSval=2916032348 TSecr=3045552121 [TCP segment of a reassembled PDU]"
"1494","28.268248925","192.168.1.55","192.168.1.2","TCP","1514","8004  >  49756 [ACK] Seq=357846 Ack=141 Win=65024 Len=1448 TSval=2916032348 TSecr=3045552121 [TCP segment of a reassembled PDU]"
"1495","28.268250370","192.168.1.55","192.168.1.2","TCP","1514","8004  >  49756 [ACK] Seq=359294 Ack=141 Win=65024 Len=1448 TSval=2916032348 TSecr=3045552121 [TCP segment of a reassembled PDU]"
"1496","28.268251851","192.168.1.55","192.168.1.2","TCP","1514","8004  >  49756 [ACK] Seq=360742 Ack=141 Win=65024 Len=1448 TSval=2916032348 TSecr=3045552121 [TCP segment of a reassembled PDU]"
"1497","28.268253481","192.168.1.55","192.168.1.2","TCP","1514","8004  >  49756 [ACK] Seq=362190 Ack=141 Win=65024 Len=1448 TSval=2916032348 TSecr=3045552121 [TCP segment of a reassembled PDU]"
"1498","28.268254796","192.168.1.55","192.168.1.2","TCP","1514","8004  >  49756 [ACK] Seq=363638 Ack=141 Win=65024 Len=1448 TSval=2916032348 TSecr=3045552121 [TCP segment of a reassembled PDU]"
"1499","28.268256259","192.168.1.55","192.168.1.2","TCP","1514","8004  >  49756 [ACK] Seq=365086 Ack=141 Win=65024 Len=1448 TSval=2916032348 TSecr=3045552121 [TCP segment of a reassembled PDU]"
"1500","28.268257573","192.168.1.55","192.168.1.2","TCP","1514","8004  >  49756 [ACK] Seq=366534 Ack=141 Win=65024 Len=1448 TSval=2916032348 TSecr=3045552121 [TCP segment of a reassembled PDU]"
"1501","28.268258870","192.168.1.55","192.168.1.2","TCP","1514","8004  >  49756 [ACK] Seq=367982 Ack=141 Win=65024 Len=1448 TSval=2916032348 TSecr=3045552121 [TCP segment of a reassembled PDU]"
"1502","28.268264222","192.168.1.55","192.168.1.2","TCP","1514","8004  >  49756 [PSH, ACK] Seq=369430 Ack=141 Win=65024 Len=1448 TSval=2916032348 TSecr=3045552121 [TCP segment of a reassembled PDU]"
"1503","28.272128209","192.168.1.2","192.168.1.55","TCP","66","49756  >  8004 [ACK] Seq=141 Ack=310062 Win=70656 Len=0 TSval=3045552124 TSecr=2916032345"
"1504","28.272176080","192.168.1.55","192.168.1.2","TCP","1514","8004  >  49756 [ACK] Seq=370878 Ack=141 Win=65024 Len=1448 TSval=2916032352 TSecr=3045552124 [TCP segment of a reassembled PDU]"
"1505","28.272178857","192.168.1.55","192.168.1.2","TCP","1514","8004  >  49756 [ACK] Seq=372326 Ack=141 Win=65024 Len=1448 TSval=2916032352 TSecr=3045552124 [TCP segment of a reassembled PDU]"
"1506","28.272180246","192.168.1.55","192.168.1.2","TCP","1514","8004  >  49756 [ACK] Seq=373774 Ack=141 Win=65024 Len=1448 TSval=2916032352 TSecr=3045552124 [TCP segment of a reassembled PDU]"
"1507","28.272181635","192.168.1.55","192.168.1.2","TCP","1514","8004  >  49756 [ACK] Seq=375222 Ack=141 Win=65024 Len=1448 TSval=2916032352 TSecr=3045552124 [TCP segment of a reassembled PDU]"
"1508","28.272182950","192.168.1.55","192.168.1.2","TCP","1514","8004  >  49756 [ACK] Seq=376670 Ack=141 Win=65024 Len=1448 TSval=2916032352 TSecr=3045552124 [TCP segment of a reassembled PDU]"
"1509","28.272184228","192.168.1.55","192.168.1.2","TCP","1514","8004  >  49756 [ACK] Seq=378118 Ack=141 Win=65024 Len=1448 TSval=2916032352 TSecr=3045552124 [TCP segment of a reassembled PDU]"
"1510","28.272185598","192.168.1.55","192.168.1.2","TCP","1218","[TCP Window Full] 8004  >  49756 [PSH, ACK] Seq=379566 Ack=141 Win=65024 Len=1152 TSval=2916032352 TSecr=3045552124 [TCP segment of a reassembled PDU]"
"1511","28.272565802","192.168.1.2","192.168.1.55","TCP","66","49756  >  8004 [ACK] Seq=141 Ack=320198 Win=84992 Len=0 TSval=3045552128 TSecr=2916032345"
"1512","28.272576228","192.168.1.55","192.168.1.2","TCP","1514","8004  >  49756 [ACK] Seq=380718 Ack=141 Win=65024 Len=1448 TSval=2916032353 TSecr=3045552128 [TCP segment of a reassembled PDU]"
"1513","28.272578599","192.168.1.55","192.168.1.2","TCP","1514","8004  >  49756 [ACK] Seq=382166 Ack=141 Win=65024 Len=1448 TSval=2916032353 TSecr=3045552128 [TCP segment of a reassembled PDU]"
"1514","28.272579969","192.168.1.55","192.168.1.2","TCP","1514","8004  >  49756 [PSH, ACK] Seq=383614 Ack=141 Win=65024 Len=1448 TSval=2916032353 TSecr=3045552128 [TCP segment of a reassembled PDU]"
"1515","28.272584376","192.168.1.55","192.168.1.2","TCP","362","8004  >  49756 [ACK] Seq=385062 Ack=141 Win=65024 Len=296 TSval=2916032353 TSecr=3045552128 [TCP segment of a reassembled PDU]"
"1516","28.274520268","192.168.1.2","192.168.1.55","TCP","66","49756  >  8004 [ACK] Seq=141 Ack=370878 Win=34816 Len=0 TSval=3045552128 TSecr=2916032348"
"1517","28.274542750","192.168.1.55","192.168.1.2","TCP","1514","8004  >  49756 [ACK] Seq=385358 Ack=141 Win=65024 Len=1448 TSval=2916032355 TSecr=3045552128 [TCP segment of a reassembled PDU]"
"1518","28.274545157","192.168.1.55","192.168.1.2","TCP","1514","8004  >  49756 [ACK] Seq=386806 Ack=141 Win=65024 Len=1448 TSval=2916032355 TSecr=3045552128 [TCP segment of a reassembled PDU]"
"1519","28.274546528","192.168.1.55","192.168.1.2","TCP","1514","8004  >  49756 [ACK] Seq=388254 Ack=141 Win=65024 Len=1448 TSval=2916032355 TSecr=3045552128 [TCP segment of a reassembled PDU]"
"1520","28.274547935","192.168.1.55","192.168.1.2","TCP","1514","8004  >  49756 [ACK] Seq=389702 Ack=141 Win=65024 Len=1448 TSval=2916032355 TSecr=3045552128 [TCP segment of a reassembled PDU]"
"1521","28.274549342","192.168.1.55","192.168.1.2","TCP","1514","8004  >  49756 [ACK] Seq=391150 Ack=141 Win=65024 Len=1448 TSval=2916032355 TSecr=3045552128 [TCP segment of a reassembled PDU]"
"1522","28.274550954","192.168.1.55","192.168.1.2","TCP","1514","8004  >  49756 [ACK] Seq=392598 Ack=141 Win=65024 Len=1448 TSval=2916032355 TSecr=3045552128 [TCP segment of a reassembled PDU]"
"1523","28.274552509","192.168.1.55","192.168.1.2","TCP","1514","8004  >  49756 [ACK] Seq=394046 Ack=141 Win=65024 Len=1448 TSval=2916032355 TSecr=3045552128 [TCP segment of a reassembled PDU]"
"1524","28.274553842","192.168.1.55","192.168.1.2","TCP","1514","8004  >  49756 [ACK] Seq=395494 Ack=141 Win=65024 Len=1448 TSval=2916032355 TSecr=3045552128 [TCP segment of a reassembled PDU]"
"1525","28.274555176","192.168.1.55","192.168.1.2","TCP","1514","8004  >  49756 [ACK] Seq=396942 Ack=141 Win=65024 Len=1448 TSval=2916032355 TSecr=3045552128 [TCP segment of a reassembled PDU]"
"1526","28.274556713","192.168.1.55","192.168.1.2","TCP","1514","8004  >  49756 [ACK] Seq=398390 Ack=141 Win=65024 Len=1448 TSval=2916032355 TSecr=3045552128 [TCP segment of a reassembled PDU]"
"1527","28.274558083","192.168.1.55","192.168.1.2","TCP","1514","8004  >  49756 [ACK] Seq=399838 Ack=141 Win=65024 Len=1448 TSval=2916032355 TSecr=3045552128 [TCP segment of a reassembled PDU]"
"1528","28.274559639","192.168.1.55","192.168.1.2","TCP","1514","8004  >  49756 [ACK] Seq=401286 Ack=141 Win=65024 Len=1448 TSval=2916032355 TSecr=3045552128 [TCP segment of a reassembled PDU]"
"1529","28.274560954","192.168.1.55","192.168.1.2","TCP","1514","8004  >  49756 [ACK] Seq=402734 Ack=141 Win=65024 Len=1448 TSval=2916032355 TSecr=3045552128 [TCP segment of a reassembled PDU]"
"1530","28.274562324","192.168.1.55","192.168.1.2","TCP","1514","8004  >  49756 [PSH, ACK] Seq=404182 Ack=141 Win=65024 Len=1448 TSval=2916032355 TSecr=3045552128 [TCP segment of a reassembled PDU]"
"1531","28.274592972","192.168.1.2","192.168.1.55","TCP","66","[TCP Window Update] 49756  >  8004 [ACK] Seq=141 Ack=370878 Win=93184 Len=0 TSval=3045552129 TSecr=2916032348"
"1532","28.274616694","192.168.1.55","192.168.1.2","TCP","1514","8004  >  49756 [ACK] Seq=405630 Ack=141 Win=65024 Len=1448 TSval=2916032355 TSecr=3045552129 [TCP segment of a reassembled PDU]"
"1533","28.274618602","192.168.1.55","192.168.1.2","TCP","1514","8004  >  49756 [ACK] Seq=407078 Ack=141 Win=65024 Len=1448 TSval=2916032355 TSecr=3045552129 [TCP segment of a reassembled PDU]"
"1534","28.274620102","192.168.1.55","192.168.1.2","TCP","1514","8004  >  49756 [ACK] Seq=408526 Ack=141 Win=65024 Len=1448 TSval=2916032355 TSecr=3045552129 [TCP segment of a reassembled PDU]"
"1535","28.274621602","192.168.1.55","192.168.1.2","TCP","1514","8004  >  49756 [ACK] Seq=409974 Ack=141 Win=65024 Len=1448 TSval=2916032355 TSecr=3045552129 [TCP segment of a reassembled PDU]"
"1536","28.274623065","192.168.1.55","192.168.1.2","TCP","1514","8004  >  49756 [ACK] Seq=411422 Ack=141 Win=65024 Len=1448 TSval=2916032355 TSecr=3045552129 [TCP segment of a reassembled PDU]"
"1537","28.274624491","192.168.1.55","192.168.1.2","TCP","1514","8004  >  49756 [ACK] Seq=412870 Ack=141 Win=65024 Len=1448 TSval=2916032355 TSecr=3045552129 [TCP segment of a reassembled PDU]"
"1538","28.274625806","192.168.1.55","192.168.1.2","TCP","1514","8004  >  49756 [ACK] Seq=414318 Ack=141 Win=65024 Len=1448 TSval=2916032355 TSecr=3045552129 [TCP segment of a reassembled PDU]"
"1539","28.274627213","192.168.1.55","192.168.1.2","TCP","1514","8004  >  49756 [ACK] Seq=415766 Ack=141 Win=65024 Len=1448 TSval=2916032355 TSecr=3045552129 [TCP segment of a reassembled PDU]"
"1540","28.274628565","192.168.1.55","192.168.1.2","TCP","1514","8004  >  49756 [ACK] Seq=417214 Ack=141 Win=65024 Len=1448 TSval=2916032355 TSecr=3045552129 [TCP segment of a reassembled PDU]"
"1541","28.274629880","192.168.1.55","192.168.1.2","TCP","1514","8004  >  49756 [ACK] Seq=418662 Ack=141 Win=65024 Len=1448 TSval=2916032355 TSecr=3045552129 [TCP segment of a reassembled PDU]"
"1542","28.274631361","192.168.1.55","192.168.1.2","TCP","1514","8004  >  49756 [ACK] Seq=420110 Ack=141 Win=65024 Len=1448 TSval=2916032355 TSecr=3045552129 [TCP segment of a reassembled PDU]"
"1543","28.274632713","192.168.1.55","192.168.1.2","TCP","1514","8004  >  49756 [ACK] Seq=421558 Ack=141 Win=65024 Len=1448 TSval=2916032355 TSecr=3045552129 [TCP segment of a reassembled PDU]"
"1544","28.274634139","192.168.1.55","192.168.1.2","TCP","1514","8004  >  49756 [ACK] Seq=423006 Ack=141 Win=65024 Len=1448 TSval=2916032355 TSecr=3045552129 [TCP segment of a reassembled PDU]"
"1545","28.274635509","192.168.1.55","192.168.1.2","TCP","1514","8004  >  49756 [ACK] Seq=424454 Ack=141 Win=65024 Len=1448 TSval=2916032355 TSecr=3045552129 [TCP segment of a reassembled PDU]"
"1546","28.274636935","192.168.1.55","192.168.1.2","TCP","1514","8004  >  49756 [ACK] Seq=425902 Ack=141 Win=65024 Len=1448 TSval=2916032355 TSecr=3045552129 [TCP segment of a reassembled PDU]"
"1547","28.274638417","192.168.1.55","192.168.1.2","TCP","1514","8004  >  49756 [ACK] Seq=427350 Ack=141 Win=65024 Len=1448 TSval=2916032355 TSecr=3045552129 [TCP segment of a reassembled PDU]"
"1548","28.274639824","192.168.1.55","192.168.1.2","TCP","1514","8004  >  49756 [PSH, ACK] Seq=428798 Ack=141 Win=65024 Len=1448 TSval=2916032355 TSecr=3045552129 [TCP segment of a reassembled PDU]"
"1549","28.274671509","192.168.1.55","192.168.1.2","TCP","1514","8004  >  49756 [ACK] Seq=430246 Ack=141 Win=65024 Len=1448 TSval=2916032355 TSecr=3045552129 [TCP segment of a reassembled PDU]"
"1550","28.274673343","192.168.1.55","192.168.1.2","TCP","1514","8004  >  49756 [ACK] Seq=431694 Ack=141 Win=65024 Len=1448 TSval=2916032355 TSecr=3045552129 [TCP segment of a reassembled PDU]"
"1551","28.274674732","192.168.1.55","192.168.1.2","TCP","1514","8004  >  49756 [ACK] Seq=433142 Ack=141 Win=65024 Len=1448 TSval=2916032355 TSecr=3045552129 [TCP segment of a reassembled PDU]"
"1552","28.274676361","192.168.1.55","192.168.1.2","TCP","1514","8004  >  49756 [ACK] Seq=434590 Ack=141 Win=65024 Len=1448 TSval=2916032355 TSecr=3045552129 [TCP segment of a reassembled PDU]"
"1553","28.274677657","192.168.1.55","192.168.1.2","TCP","1514","8004  >  49756 [ACK] Seq=436038 Ack=141 Win=65024 Len=1448 TSval=2916032355 TSecr=3045552129 [TCP segment of a reassembled PDU]"
"1554","28.274679195","192.168.1.55","192.168.1.2","TCP","1514","8004  >  49756 [ACK] Seq=437486 Ack=141 Win=65024 Len=1448 TSval=2916032355 TSecr=3045552129 [TCP segment of a reassembled PDU]"
"1555","28.274680528","192.168.1.55","192.168.1.2","TCP","1514","8004  >  49756 [ACK] Seq=438934 Ack=141 Win=65024 Len=1448 TSval=2916032355 TSecr=3045552129 [TCP segment of a reassembled PDU]"
"1556","28.274681972","192.168.1.55","192.168.1.2","TCP","1514","8004  >  49756 [ACK] Seq=440382 Ack=141 Win=65024 Len=1448 TSval=2916032355 TSecr=3045552129 [TCP segment of a reassembled PDU]"
"1557","28.274683361","192.168.1.55","192.168.1.2","TCP","1514","8004  >  49756 [ACK] Seq=441830 Ack=141 Win=65024 Len=1448 TSval=2916032355 TSecr=3045552129 [TCP segment of a reassembled PDU]"
"1558","28.274684657","192.168.1.55","192.168.1.2","TCP","1514","8004  >  49756 [ACK] Seq=443278 Ack=141 Win=65024 Len=1448 TSval=2916032355 TSecr=3045552129 [TCP segment of a reassembled PDU]"
"1559","28.274686083","192.168.1.55","192.168.1.2","TCP","1514","8004  >  49756 [ACK] Seq=444726 Ack=141 Win=65024 Len=1448 TSval=2916032355 TSecr=3045552129 [TCP segment of a reassembled PDU]"
"1560","28.274687417","192.168.1.55","192.168.1.2","TCP","1514","8004  >  49756 [ACK] Seq=446174 Ack=141 Win=65024 Len=1448 TSval=2916032355 TSecr=3045552129 [TCP segment of a reassembled PDU]"
"1561","28.274688732","192.168.1.55","192.168.1.2","TCP","1514","8004  >  49756 [ACK] Seq=447622 Ack=141 Win=65024 Len=1448 TSval=2916032355 TSecr=3045552129 [TCP segment of a reassembled PDU]"
"1562","28.274690120","192.168.1.55","192.168.1.2","TCP","1514","8004  >  49756 [ACK] Seq=449070 Ack=141 Win=65024 Len=1448 TSval=2916032355 TSecr=3045552129 [TCP segment of a reassembled PDU]"
"1563","28.274691472","192.168.1.55","192.168.1.2","TCP","1514","8004  >  49756 [ACK] Seq=450518 Ack=141 Win=65024 Len=1448 TSval=2916032355 TSecr=3045552129 [TCP segment of a reassembled PDU]"
"1564","28.274692769","192.168.1.55","192.168.1.2","TCP","1514","8004  >  49756 [ACK] Seq=451966 Ack=141 Win=65024 Len=1448 TSval=2916032355 TSecr=3045552129 [TCP segment of a reassembled PDU]"
"1565","28.274694158","192.168.1.55","192.168.1.2","TCP","1514","8004  >  49756 [ACK] Seq=453414 Ack=141 Win=65024 Len=1448 TSval=2916032355 TSecr=3045552129 [TCP segment of a reassembled PDU]"
"1566","28.274695454","192.168.1.55","192.168.1.2","TCP","1514","8004  >  49756 [ACK] Seq=454862 Ack=141 Win=65024 Len=1448 TSval=2916032355 TSecr=3045552129 [TCP segment of a reassembled PDU]"
"1567","28.274696991","192.168.1.55","192.168.1.2","TCP","1514","8004  >  49756 [ACK] Seq=456310 Ack=141 Win=65024 Len=1448 TSval=2916032355 TSecr=3045552129 [TCP segment of a reassembled PDU]"
"1568","28.274698343","192.168.1.55","192.168.1.2","TCP","1514","8004  >  49756 [ACK] Seq=457758 Ack=141 Win=65024 Len=1448 TSval=2916032355 TSecr=3045552129 [TCP segment of a reassembled PDU]"
"1569","28.274699880","192.168.1.55","192.168.1.2","TCP","1514","8004  >  49756 [ACK] Seq=459206 Ack=141 Win=65024 Len=1448 TSval=2916032355 TSecr=3045552129 [TCP segment of a reassembled PDU]"
"1570","28.274701250","192.168.1.55","192.168.1.2","TCP","1514","8004  >  49756 [ACK] Seq=460654 Ack=141 Win=65024 Len=1448 TSval=2916032355 TSecr=3045552129 [TCP segment of a reassembled PDU]"
"1571","28.274702620","192.168.1.55","192.168.1.2","TCP","1514","8004  >  49756 [PSH, ACK] Seq=462102 Ack=141 Win=65024 Len=1448 TSval=2916032355 TSecr=3045552129 [TCP segment of a reassembled PDU]"
"1572","28.279693276","192.168.1.2","192.168.1.55","TCP","66","49756  >  8004 [ACK] Seq=141 Ack=385358 Win=93184 Len=0 TSval=3045552131 TSecr=2916032352"
"1573","28.279710554","192.168.1.55","192.168.1.2","TCP","1514","8004  >  49756 [ACK] Seq=463550 Ack=141 Win=65024 Len=1448 TSval=2916032360 TSecr=3045552131 [TCP segment of a reassembled PDU]"
"1574","28.279713073","192.168.1.55","192.168.1.2","TCP","1514","8004  >  49756 [ACK] Seq=464998 Ack=141 Win=65024 Len=1448 TSval=2916032360 TSecr=3045552131 [TCP segment of a reassembled PDU]"
"1575","28.279714369","192.168.1.55","192.168.1.2","TCP","1514","8004  >  49756 [ACK] Seq=466446 Ack=141 Win=65024 Len=1448 TSval=2916032360 TSecr=3045552131 [TCP segment of a reassembled PDU]"
"1576","28.279716128","192.168.1.55","192.168.1.2","TCP","1514","8004  >  49756 [ACK] Seq=467894 Ack=141 Win=65024 Len=1448 TSval=2916032360 TSecr=3045552131 [TCP segment of a reassembled PDU]"
"1577","28.279717425","192.168.1.55","192.168.1.2","TCP","1514","8004  >  49756 [ACK] Seq=469342 Ack=141 Win=65024 Len=1448 TSval=2916032360 TSecr=3045552131 [TCP segment of a reassembled PDU]"
"1578","28.279718721","192.168.1.55","192.168.1.2","TCP","1514","8004  >  49756 [ACK] Seq=470790 Ack=141 Win=65024 Len=1448 TSval=2916032360 TSecr=3045552131 [TCP segment of a reassembled PDU]"
"1579","28.279720017","192.168.1.55","192.168.1.2","TCP","1514","8004  >  49756 [ACK] Seq=472238 Ack=141 Win=65024 Len=1448 TSval=2916032360 TSecr=3045552131 [TCP segment of a reassembled PDU]"
"1580","28.279721313","192.168.1.55","192.168.1.2","TCP","1514","8004  >  49756 [PSH, ACK] Seq=473686 Ack=141 Win=65024 Len=1448 TSval=2916032360 TSecr=3045552131 [TCP segment of a reassembled PDU]"
"1581","28.280503130","192.168.1.2","192.168.1.55","TCP","66","49756  >  8004 [ACK] Seq=141 Ack=405630 Win=134144 Len=0 TSval=3045552135 TSecr=2916032355"
"1582","28.280526204","192.168.1.55","192.168.1.2","TCP","1514","8004  >  49756 [ACK] Seq=475134 Ack=141 Win=65024 Len=1448 TSval=2916032361 TSecr=3045552135 [TCP segment of a reassembled PDU]"
"1583","28.280528778","192.168.1.55","192.168.1.2","TCP","1514","8004  >  49756 [ACK] Seq=476582 Ack=141 Win=65024 Len=1448 TSval=2916032361 TSecr=3045552135 [TCP segment of a reassembled PDU]"
"1584","28.280530222","192.168.1.55","192.168.1.2","TCP","1514","8004  >  49756 [ACK] Seq=478030 Ack=141 Win=65024 Len=1448 TSval=2916032361 TSecr=3045552135 [TCP segment of a reassembled PDU]"
"1585","28.280531537","192.168.1.55","192.168.1.2","TCP","1514","8004  >  49756 [ACK] Seq=479478 Ack=141 Win=65024 Len=1448 TSval=2916032361 TSecr=3045552135 [TCP segment of a reassembled PDU]"
"1586","28.280532889","192.168.1.55","192.168.1.2","TCP","1514","8004  >  49756 [ACK] Seq=480926 Ack=141 Win=65024 Len=1448 TSval=2916032361 TSecr=3045552135 [TCP segment of a reassembled PDU]"
"1587","28.280534444","192.168.1.55","192.168.1.2","TCP","1514","8004  >  49756 [ACK] Seq=482374 Ack=141 Win=65024 Len=1448 TSval=2916032361 TSecr=3045552135 [TCP segment of a reassembled PDU]"
"1588","28.280535833","192.168.1.55","192.168.1.2","TCP","1514","8004  >  49756 [ACK] Seq=483822 Ack=141 Win=65024 Len=1448 TSval=2916032361 TSecr=3045552135 [TCP segment of a reassembled PDU]"
"1589","28.280537333","192.168.1.55","192.168.1.2","TCP","1514","8004  >  49756 [ACK] Seq=485270 Ack=141 Win=65024 Len=1448 TSval=2916032361 TSecr=3045552135 [TCP segment of a reassembled PDU]"
"1590","28.280538741","192.168.1.55","192.168.1.2","TCP","1514","8004  >  49756 [ACK] Seq=486718 Ack=141 Win=65024 Len=1448 TSval=2916032361 TSecr=3045552135 [TCP segment of a reassembled PDU]"
"1591","28.280540074","192.168.1.55","192.168.1.2","TCP","1514","8004  >  49756 [ACK] Seq=488166 Ack=141 Win=65024 Len=1448 TSval=2916032361 TSecr=3045552135 [TCP segment of a reassembled PDU]"
"1592","28.280541741","192.168.1.55","192.168.1.2","TCP","1514","8004  >  49756 [ACK] Seq=489614 Ack=141 Win=65024 Len=1448 TSval=2916032361 TSecr=3045552135 [TCP segment of a reassembled PDU]"
"1593","28.280543093","192.168.1.55","192.168.1.2","TCP","1514","8004  >  49756 [ACK] Seq=491062 Ack=141 Win=65024 Len=1448 TSval=2916032361 TSecr=3045552135 [TCP segment of a reassembled PDU]"
"1594","28.280544500","192.168.1.55","192.168.1.2","TCP","1514","8004  >  49756 [ACK] Seq=492510 Ack=141 Win=65024 Len=1448 TSval=2916032361 TSecr=3045552135 [TCP segment of a reassembled PDU]"
"1595","28.280546000","192.168.1.55","192.168.1.2","TCP","1514","8004  >  49756 [ACK] Seq=493958 Ack=141 Win=65024 Len=1448 TSval=2916032361 TSecr=3045552135 [TCP segment of a reassembled PDU]"
"1596","28.280547426","192.168.1.55","192.168.1.2","TCP","1514","8004  >  49756 [ACK] Seq=495406 Ack=141 Win=65024 Len=1448 TSval=2916032361 TSecr=3045552135 [TCP segment of a reassembled PDU]"
"1597","28.280548870","192.168.1.55","192.168.1.2","TCP","1514","8004  >  49756 [ACK] Seq=496854 Ack=141 Win=65024 Len=1448 TSval=2916032361 TSecr=3045552135 [TCP segment of a reassembled PDU]"
"1598","28.280550241","192.168.1.55","192.168.1.2","HTTP","1472","HTTP/1.0 200 OK  (PNG)"
"1599","28.280612648","192.168.1.2","192.168.1.55","TCP","66","49756  >  8004 [ACK] Seq=141 Ack=457758 Win=92160 Len=0 TSval=3045552136 TSecr=2916032355"
"1600","28.283648690","192.168.1.2","192.168.1.55","TCP","66","49756  >  8004 [ACK] Seq=141 Ack=463550 Win=145408 Len=0 TSval=3045552136 TSecr=2916032355"
"1601","28.284926247","192.168.1.2","192.168.1.55","TCP","66","49756  >  8004 [ACK] Seq=141 Ack=475134 Win=151552 Len=0 TSval=3045552140 TSecr=2916032360"
"1602","28.284986359","192.168.1.2","192.168.1.55","TCP","66","49756  >  8004 [ACK] Seq=141 Ack=498302 Win=129024 Len=0 TSval=3045552140 TSecr=2916032361"
"1603","28.285773156","192.168.1.2","192.168.1.55","TCP","66","49756  >  8004 [FIN, ACK] Seq=141 Ack=499709 Win=154624 Len=0 TSval=3045552140 TSecr=2916032361"
"1604","28.285785008","192.168.1.55","192.168.1.2","TCP","66","8004  >  49756 [ACK] Seq=499709 Ack=142 Win=65024 Len=0 TSval=2916032366 TSecr=3045552140"
"1605","28.285895249","192.168.1.2","192.168.1.55","TCP","74","49766  >  8004 [SYN] Seq=0 Win=64240 Len=0 MSS=1460 SACK_PERM TSval=3045552141 TSecr=0 WS=1024"
"1606","28.285920656","192.168.1.55","192.168.1.2","TCP","74","8004  >  49766 [SYN, ACK] Seq=0 Ack=1 Win=65160 Len=0 MSS=1460 SACK_PERM TSval=2916032366 TSecr=3045552141 WS=128"
"1607","28.289052309","192.168.1.2","192.168.1.55","TCP","66","49766  >  8004 [ACK] Seq=1 Ack=1 Win=64512 Len=0 TSval=3045552144 TSecr=2916032366"
"1608","28.292263481","192.168.1.2","192.168.1.55","HTTP","209","GET /original_benchmark.png HTTP/1.1 "
"1609","28.292282352","192.168.1.55","192.168.1.2","TCP","66","8004  >  49766 [ACK] Seq=1 Ack=144 Win=65024 Len=0 TSval=2916032372 TSecr=3045552144"
"1610","28.292762741","192.168.1.55","192.168.1.2","TCP","255","8004  >  49766 [PSH, ACK] Seq=1 Ack=144 Win=65024 Len=189 TSval=2916032373 TSecr=3045552144 [TCP segment of a reassembled PDU]"
"1611","28.292853982","192.168.1.55","192.168.1.2","TCP","1514","8004  >  49766 [ACK] Seq=190 Ack=144 Win=65024 Len=1448 TSval=2916032373 TSecr=3045552144 [TCP segment of a reassembled PDU]"
"1612","28.292859001","192.168.1.55","192.168.1.2","TCP","1514","8004  >  49766 [ACK] Seq=1638 Ack=144 Win=65024 Len=1448 TSval=2916032373 TSecr=3045552144 [TCP segment of a reassembled PDU]"
"1613","28.292860538","192.168.1.55","192.168.1.2","TCP","1514","8004  >  49766 [ACK] Seq=3086 Ack=144 Win=65024 Len=1448 TSval=2916032373 TSecr=3045552144 [TCP segment of a reassembled PDU]"
"1614","28.292861815","192.168.1.55","192.168.1.2","TCP","1514","8004  >  49766 [ACK] Seq=4534 Ack=144 Win=65024 Len=1448 TSval=2916032373 TSecr=3045552144 [TCP segment of a reassembled PDU]"
"1615","28.292863556","192.168.1.55","192.168.1.2","TCP","1514","8004  >  49766 [PSH, ACK] Seq=5982 Ack=144 Win=65024 Len=1448 TSval=2916032373 TSecr=3045552144 [TCP segment of a reassembled PDU]"
"1616","28.292880482","192.168.1.55","192.168.1.2","TCP","1514","8004  >  49766 [ACK] Seq=7430 Ack=144 Win=65024 Len=1448 TSval=2916032373 TSecr=3045552144 [TCP segment of a reassembled PDU]"
"1617","28.292882204","192.168.1.55","192.168.1.2","TCP","1514","8004  >  49766 [ACK] Seq=8878 Ack=144 Win=65024 Len=1448 TSval=2916032373 TSecr=3045552144 [TCP segment of a reassembled PDU]"
"1618","28.292883649","192.168.1.55","192.168.1.2","TCP","1514","8004  >  49766 [ACK] Seq=10326 Ack=144 Win=65024 Len=1448 TSval=2916032373 TSecr=3045552144 [TCP segment of a reassembled PDU]"
"1619","28.292885019","192.168.1.55","192.168.1.2","TCP","1514","8004  >  49766 [PSH, ACK] Seq=11774 Ack=144 Win=65024 Len=1448 TSval=2916032373 TSecr=3045552144 [TCP segment of a reassembled PDU]"
"1620","28.296920099","192.168.1.2","192.168.1.55","TCP","66","49766  >  8004 [ACK] Seq=144 Ack=190 Win=64512 Len=0 TSval=3045552151 TSecr=2916032373"
"1621","28.296974563","192.168.1.55","192.168.1.2","TCP","1514","8004  >  49766 [ACK] Seq=13222 Ack=144 Win=65024 Len=1448 TSval=2916032377 TSecr=3045552151 [TCP segment of a reassembled PDU]"
"1622","28.296980618","192.168.1.55","192.168.1.2","TCP","1514","8004  >  49766 [PSH, ACK] Seq=14670 Ack=144 Win=65024 Len=1448 TSval=2916032377 TSecr=3045552151 [TCP segment of a reassembled PDU]"
"1623","28.297109155","192.168.1.2","192.168.1.55","TCP","66","49766  >  8004 [ACK] Seq=144 Ack=4534 Win=64512 Len=0 TSval=3045552151 TSecr=2916032373"
"1624","28.297159933","192.168.1.55","192.168.1.2","TCP","1514","8004  >  49766 [ACK] Seq=16118 Ack=144 Win=65024 Len=1448 TSval=2916032377 TSecr=3045552151 [TCP segment of a reassembled PDU]"
"1625","28.297164878","192.168.1.55","192.168.1.2","TCP","1514","8004  >  49766 [ACK] Seq=17566 Ack=144 Win=65024 Len=1448 TSval=2916032377 TSecr=3045552151 [TCP segment of a reassembled PDU]"
"1626","28.297166322","192.168.1.55","192.168.1.2","TCP","1514","8004  >  49766 [ACK] Seq=19014 Ack=144 Win=65024 Len=1448 TSval=2916032377 TSecr=3045552151 [TCP segment of a reassembled PDU]"
"1627","28.297168304","192.168.1.55","192.168.1.2","TCP","1514","8004  >  49766 [ACK] Seq=20462 Ack=144 Win=65024 Len=1448 TSval=2916032377 TSecr=3045552151 [TCP segment of a reassembled PDU]"
"1628","28.297169711","192.168.1.55","192.168.1.2","TCP","1514","8004  >  49766 [ACK] Seq=21910 Ack=144 Win=65024 Len=1448 TSval=2916032377 TSecr=3045552151 [TCP segment of a reassembled PDU]"
"1629","28.297170970","192.168.1.55","192.168.1.2","TCP","1514","8004  >  49766 [PSH, ACK] Seq=23358 Ack=144 Win=65024 Len=1448 TSval=2916032377 TSecr=3045552151 [TCP segment of a reassembled PDU]"
"1630","28.297177729","192.168.1.2","192.168.1.55","TCP","66","49766  >  8004 [ACK] Seq=144 Ack=7430 Win=67584 Len=0 TSval=3045552152 TSecr=2916032373"
"1631","28.297186452","192.168.1.2","192.168.1.55","TCP","66","49766  >  8004 [ACK] Seq=144 Ack=13222 Win=63488 Len=0 TSval=3045552152 TSecr=2916032373"
"1632","28.297212581","192.168.1.55","192.168.1.2","TCP","1514","8004  >  49766 [ACK] Seq=24806 Ack=144 Win=65024 Len=1448 TSval=2916032377 TSecr=3045552152 [TCP segment of a reassembled PDU]"
"1633","28.297214674","192.168.1.55","192.168.1.2","TCP","1514","8004  >  49766 [ACK] Seq=26254 Ack=144 Win=65024 Len=1448 TSval=2916032377 TSecr=3045552152 [TCP segment of a reassembled PDU]"
"1634","28.297216118","192.168.1.55","192.168.1.2","TCP","1514","8004  >  49766 [ACK] Seq=27702 Ack=144 Win=65024 Len=1448 TSval=2916032377 TSecr=3045552152 [TCP segment of a reassembled PDU]"
"1635","28.297217581","192.168.1.55","192.168.1.2","TCP","1514","8004  >  49766 [ACK] Seq=29150 Ack=144 Win=65024 Len=1448 TSval=2916032377 TSecr=3045552152 [TCP segment of a reassembled PDU]"
"1636","28.297218878","192.168.1.55","192.168.1.2","TCP","1514","8004  >  49766 [ACK] Seq=30598 Ack=144 Win=65024 Len=1448 TSval=2916032377 TSecr=3045552152 [TCP segment of a reassembled PDU]"
"1637","28.297220711","192.168.1.55","192.168.1.2","TCP","1514","8004  >  49766 [ACK] Seq=32046 Ack=144 Win=65024 Len=1448 TSval=2916032377 TSecr=3045552152 [TCP segment of a reassembled PDU]"
"1638","28.297223155","192.168.1.55","192.168.1.2","TCP","1514","8004  >  49766 [ACK] Seq=33494 Ack=144 Win=65024 Len=1448 TSval=2916032377 TSecr=3045552152 [TCP segment of a reassembled PDU]"
"1639","28.297225285","192.168.1.55","192.168.1.2","TCP","1514","8004  >  49766 [ACK] Seq=34942 Ack=144 Win=65024 Len=1448 TSval=2916032377 TSecr=3045552152 [TCP segment of a reassembled PDU]"
"1640","28.297228248","192.168.1.55","192.168.1.2","TCP","1514","8004  >  49766 [ACK] Seq=36390 Ack=144 Win=65024 Len=1448 TSval=2916032377 TSecr=3045552152 [TCP segment of a reassembled PDU]"
"1641","28.297230118","192.168.1.55","192.168.1.2","TCP","1514","8004  >  49766 [PSH, ACK] Seq=37838 Ack=144 Win=65024 Len=1448 TSval=2916032377 TSecr=3045552152 [TCP segment of a reassembled PDU]"
"1642","28.298081823","192.168.1.55","192.168.1.2","TCP","1514","8004  >  49766 [ACK] Seq=39286 Ack=144 Win=65024 Len=1448 TSval=2916032378 TSecr=3045552152 [TCP segment of a reassembled PDU]"
"1643","28.298089249","192.168.1.55","192.168.1.2","TCP","1514","8004  >  49766 [PSH, ACK] Seq=40734 Ack=144 Win=65024 Len=1448 TSval=2916032378 TSecr=3045552152 [TCP segment of a reassembled PDU]"
"1644","28.301635051","192.168.1.2","192.168.1.55","TCP","66","49766  >  8004 [ACK] Seq=144 Ack=16118 Win=67584 Len=0 TSval=3045552156 TSecr=2916032377"
"1645","28.301682662","192.168.1.55","192.168.1.2","TCP","1514","8004  >  49766 [ACK] Seq=42182 Ack=144 Win=65024 Len=1448 TSval=2916032382 TSecr=3045552156 [TCP segment of a reassembled PDU]"
"1646","28.301687033","192.168.1.55","192.168.1.2","TCP","1514","8004  >  49766 [PSH, ACK] Seq=43630 Ack=144 Win=65024 Len=1448 TSval=2916032382 TSecr=3045552156 [TCP segment of a reassembled PDU]"
"1647","28.301903107","192.168.1.2","192.168.1.55","TCP","66","49766  >  8004 [ACK] Seq=144 Ack=24806 Win=63488 Len=0 TSval=3045552156 TSecr=2916032377"
"1648","28.301942404","192.168.1.55","192.168.1.2","TCP","1514","8004  >  49766 [ACK] Seq=45078 Ack=144 Win=65024 Len=1448 TSval=2916032382 TSecr=3045552156 [TCP segment of a reassembled PDU]"
"1649","28.301945570","192.168.1.55","192.168.1.2","TCP","1514","8004  >  49766 [ACK] Seq=46526 Ack=144 Win=65024 Len=1448 TSval=2916032382 TSecr=3045552156 [TCP segment of a reassembled PDU]"
"1650","28.301947941","192.168.1.55","192.168.1.2","TCP","1514","8004  >  49766 [ACK] Seq=47974 Ack=144 Win=65024 Len=1448 TSval=2916032382 TSecr=3045552156 [TCP segment of a reassembled PDU]"
"1651","28.301949552","192.168.1.55","192.168.1.2","TCP","1514","8004  >  49766 [ACK] Seq=49422 Ack=144 Win=65024 Len=1448 TSval=2916032382 TSecr=3045552156 [TCP segment of a reassembled PDU]"
"1652","28.301951163","192.168.1.55","192.168.1.2","TCP","1514","8004  >  49766 [ACK] Seq=50870 Ack=144 Win=65024 Len=1448 TSval=2916032382 TSecr=3045552156 [TCP segment of a reassembled PDU]"
"1653","28.301952515","192.168.1.55","192.168.1.2","TCP","1514","8004  >  49766 [ACK] Seq=52318 Ack=144 Win=65024 Len=1448 TSval=2916032382 TSecr=3045552156 [TCP segment of a reassembled PDU]"
"1654","28.301953811","192.168.1.55","192.168.1.2","TCP","1514","8004  >  49766 [ACK] Seq=53766 Ack=144 Win=65024 Len=1448 TSval=2916032382 TSecr=3045552156 [TCP segment of a reassembled PDU]"
"1655","28.301955459","192.168.1.55","192.168.1.2","TCP","1514","8004  >  49766 [ACK] Seq=55214 Ack=144 Win=65024 Len=1448 TSval=2916032382 TSecr=3045552156 [TCP segment of a reassembled PDU]"
"1656","28.301956848","192.168.1.55","192.168.1.2","TCP","1514","8004  >  49766 [ACK] Seq=56662 Ack=144 Win=65024 Len=1448 TSval=2916032382 TSecr=3045552156 [TCP segment of a reassembled PDU]"
"1657","28.301958478","192.168.1.55","192.168.1.2","TCP","1514","8004  >  49766 [ACK] Seq=58110 Ack=144 Win=65024 Len=1448 TSval=2916032382 TSecr=3045552156 [TCP segment of a reassembled PDU]"
"1658","28.301959959","192.168.1.55","192.168.1.2","TCP","1514","8004  >  49766 [ACK] Seq=59558 Ack=144 Win=65024 Len=1448 TSval=2916032382 TSecr=3045552156 [TCP segment of a reassembled PDU]"
"1659","28.301961237","192.168.1.55","192.168.1.2","TCP","1514","8004  >  49766 [ACK] Seq=61006 Ack=144 Win=65024 Len=1448 TSval=2916032382 TSecr=3045552156 [TCP segment of a reassembled PDU]"
"1660","28.301962496","192.168.1.55","192.168.1.2","TCP","1514","8004  >  49766 [ACK] Seq=62454 Ack=144 Win=65024 Len=1448 TSval=2916032382 TSecr=3045552156 [TCP segment of a reassembled PDU]"
"1661","28.301963867","192.168.1.55","192.168.1.2","TCP","1514","8004  >  49766 [PSH, ACK] Seq=63902 Ack=144 Win=65024 Len=1448 TSval=2916032382 TSecr=3045552156 [TCP segment of a reassembled PDU]"
"1662","28.301969681","192.168.1.2","192.168.1.55","TCP","66","49766  >  8004 [ACK] Seq=144 Ack=36390 Win=55296 Len=0 TSval=3045552156 TSecr=2916032377"
"1663","28.302004570","192.168.1.55","192.168.1.2","TCP","1514","8004  >  49766 [ACK] Seq=65350 Ack=144 Win=65024 Len=1448 TSval=2916032382 TSecr=3045552156 [TCP segment of a reassembled PDU]"
"1664","28.302006681","192.168.1.55","192.168.1.2","TCP","1514","8004  >  49766 [ACK] Seq=66798 Ack=144 Win=65024 Len=1448 TSval=2916032382 TSecr=3045552156 [TCP segment of a reassembled PDU]"
"1665","28.302008144","192.168.1.55","192.168.1.2","TCP","1514","8004  >  49766 [ACK] Seq=68246 Ack=144 Win=65024 Len=1448 TSval=2916032382 TSecr=3045552156 [TCP segment of a reassembled PDU]"
"1666","28.302010218","192.168.1.55","192.168.1.2","TCP","1514","8004  >  49766 [ACK] Seq=69694 Ack=144 Win=65024 Len=1448 TSval=2916032382 TSecr=3045552156 [TCP segment of a reassembled PDU]"
"1667","28.302012922","192.168.1.55","192.168.1.2","TCP","1514","8004  >  49766 [ACK] Seq=71142 Ack=144 Win=65024 Len=1448 TSval=2916032382 TSecr=3045552156 [TCP segment of a reassembled PDU]"
"1668","28.302014311","192.168.1.55","192.168.1.2","TCP","1514","8004  >  49766 [ACK] Seq=72590 Ack=144 Win=65024 Len=1448 TSval=2916032382 TSecr=3045552156 [TCP segment of a reassembled PDU]"
"1669","28.302015552","192.168.1.55","192.168.1.2","TCP","1514","8004  >  49766 [ACK] Seq=74038 Ack=144 Win=65024 Len=1448 TSval=2916032382 TSecr=3045552156 [TCP segment of a reassembled PDU]"
"1670","28.302017089","192.168.1.55","192.168.1.2","TCP","1514","8004  >  49766 [PSH, ACK] Seq=75486 Ack=144 Win=65024 Len=1448 TSval=2916032382 TSecr=3045552156 [TCP segment of a reassembled PDU]"
"1671","28.302024904","192.168.1.2","192.168.1.55","TCP","66","49766  >  8004 [ACK] Seq=144 Ack=39286 Win=67584 Len=0 TSval=3045552157 TSecr=2916032377"
"1672","28.302034163","192.168.1.2","192.168.1.55","TCP","66","49766  >  8004 [ACK] Seq=144 Ack=42182 Win=67584 Len=0 TSval=3045552157 TSecr=2916032378"
"1673","28.302084645","192.168.1.55","192.168.1.2","TCP","1514","8004  >  49766 [ACK] Seq=76934 Ack=144 Win=65024 Len=1448 TSval=2916032382 TSecr=3045552157 [TCP segment of a reassembled PDU]"
"1674","28.302087496","192.168.1.55","192.168.1.2","TCP","1514","8004  >  49766 [ACK] Seq=78382 Ack=144 Win=65024 Len=1448 TSval=2916032382 TSecr=3045552157 [TCP segment of a reassembled PDU]"
"1675","28.302089385","192.168.1.55","192.168.1.2","TCP","1514","8004  >  49766 [ACK] Seq=79830 Ack=144 Win=65024 Len=1448 TSval=2916032382 TSecr=3045552157 [TCP segment of a reassembled PDU]"
"1676","28.302091496","192.168.1.55","192.168.1.2","TCP","1514","8004  >  49766 [ACK] Seq=81278 Ack=144 Win=65024 Len=1448 TSval=2916032382 TSecr=3045552157 [TCP segment of a reassembled PDU]"
"1677","28.302093367","192.168.1.55","192.168.1.2","TCP","1514","8004  >  49766 [ACK] Seq=82726 Ack=144 Win=65024 Len=1448 TSval=2916032382 TSecr=3045552157 [TCP segment of a reassembled PDU]"
"1678","28.302094682","192.168.1.55","192.168.1.2","TCP","1514","8004  >  49766 [ACK] Seq=84174 Ack=144 Win=65024 Len=1448 TSval=2916032382 TSecr=3045552157 [TCP segment of a reassembled PDU]"
"1679","28.302096533","192.168.1.55","192.168.1.2","TCP","1514","8004  >  49766 [ACK] Seq=85622 Ack=144 Win=65024 Len=1448 TSval=2916032382 TSecr=3045552157 [TCP segment of a reassembled PDU]"
"1680","28.302098422","192.168.1.55","192.168.1.2","TCP","1514","8004  >  49766 [ACK] Seq=87070 Ack=144 Win=65024 Len=1448 TSval=2916032382 TSecr=3045552157 [TCP segment of a reassembled PDU]"
"1681","28.302100645","192.168.1.55","192.168.1.2","TCP","1514","8004  >  49766 [ACK] Seq=88518 Ack=144 Win=65024 Len=1448 TSval=2916032382 TSecr=3045552157 [TCP segment of a reassembled PDU]"
"1682","28.302102182","192.168.1.55","192.168.1.2","TCP","1514","8004  >  49766 [ACK] Seq=89966 Ack=144 Win=65024 Len=1448 TSval=2916032382 TSecr=3045552157 [TCP segment of a reassembled PDU]"
"1683","28.302104070","192.168.1.55","192.168.1.2","TCP","1514","8004  >  49766 [ACK] Seq=91414 Ack=144 Win=65024 Len=1448 TSval=2916032382 TSecr=3045552157 [TCP segment of a reassembled PDU]"
"1684","28.302105719","192.168.1.55","192.168.1.2","TCP","1514","8004  >  49766 [ACK] Seq=92862 Ack=144 Win=65024 Len=1448 TSval=2916032382 TSecr=3045552157 [TCP segment of a reassembled PDU]"
"1685","28.302107330","192.168.1.55","192.168.1.2","TCP","1514","8004  >  49766 [ACK] Seq=94310 Ack=144 Win=65024 Len=1448 TSval=2916032382 TSecr=3045552157 [TCP segment of a reassembled PDU]"
"1686","28.302109145","192.168.1.55","192.168.1.2","TCP","1514","8004  >  49766 [ACK] Seq=95758 Ack=144 Win=65024 Len=1448 TSval=2916032382 TSecr=3045552157 [TCP segment of a reassembled PDU]"
"1687","28.302110515","192.168.1.55","192.168.1.2","TCP","1514","8004  >  49766 [ACK] Seq=97206 Ack=144 Win=65024 Len=1448 TSval=2916032382 TSecr=3045552157 [TCP segment of a reassembled PDU]"
"1688","28.302112570","192.168.1.55","192.168.1.2","TCP","1514","8004  >  49766 [PSH, ACK] Seq=98654 Ack=144 Win=65024 Len=1448 TSval=2916032382 TSecr=3045552157 [TCP segment of a reassembled PDU]"
"1689","28.307535672","192.168.1.2","192.168.1.55","TCP","66","49766  >  8004 [ACK] Seq=144 Ack=43630 Win=66560 Len=0 TSval=3045552159 TSecr=2916032382"
"1690","28.307565505","192.168.1.55","192.168.1.2","TCP","1514","8004  >  49766 [ACK] Seq=100102 Ack=144 Win=65024 Len=1448 TSval=2916032388 TSecr=3045552159 [TCP segment of a reassembled PDU]"
"1691","28.307581190","192.168.1.55","192.168.1.2","TCP","1514","8004  >  49766 [PSH, ACK] Seq=101550 Ack=144 Win=65024 Len=1448 TSval=2916032388 TSecr=3045552159 [TCP segment of a reassembled PDU]"
"1692","28.307805783","192.168.1.2","192.168.1.55","TCP","66","49766  >  8004 [ACK] Seq=144 Ack=45078 Win=66560 Len=0 TSval=3045552161 TSecr=2916032382"
"1693","28.307815228","192.168.1.2","192.168.1.55","TCP","66","49766  >  8004 [ACK] Seq=144 Ack=65350 Win=55296 Len=0 TSval=3045552161 TSecr=2916032382"
"1694","28.307831561","192.168.1.55","192.168.1.2","TCP","1514","8004  >  49766 [ACK] Seq=102998 Ack=144 Win=65024 Len=1448 TSval=2916032388 TSecr=3045552161 [TCP segment of a reassembled PDU]"
"1695","28.307834728","192.168.1.55","192.168.1.2","TCP","1514","8004  >  49766 [ACK] Seq=104446 Ack=144 Win=65024 Len=1448 TSval=2916032388 TSecr=3045552161 [TCP segment of a reassembled PDU]"
"1696","28.307836413","192.168.1.55","192.168.1.2","TCP","1514","8004  >  49766 [ACK] Seq=105894 Ack=144 Win=65024 Len=1448 TSval=2916032388 TSecr=3045552161 [TCP segment of a reassembled PDU]"
"1697","28.307838376","192.168.1.55","192.168.1.2","TCP","1514","8004  >  49766 [ACK] Seq=107342 Ack=144 Win=65024 Len=1448 TSval=2916032388 TSecr=3045552161 [TCP segment of a reassembled PDU]"
"1698","28.307840653","192.168.1.55","192.168.1.2","TCP","1514","8004  >  49766 [PSH, ACK] Seq=108790 Ack=144 Win=65024 Len=1448 TSval=2916032388 TSecr=3045552161 [TCP segment of a reassembled PDU]"
"1699","28.307847320","192.168.1.2","192.168.1.55","TCP","66","49766  >  8004 [ACK] Seq=144 Ack=74038 Win=49152 Len=0 TSval=3045552161 TSecr=2916032382"
"1700","28.307945172","192.168.1.2","192.168.1.55","TCP","66","49766  >  8004 [ACK] Seq=144 Ack=79830 Win=59392 Len=0 TSval=3045552161 TSecr=2916032382"
"1701","28.307960006","192.168.1.2","192.168.1.55","TCP","66","49766  >  8004 [ACK] Seq=144 Ack=94310 Win=59392 Len=0 TSval=3045552162 TSecr=2916032382"
"1702","28.308095339","192.168.1.55","192.168.1.2","TCP","1514","8004  >  49766 [ACK] Seq=110238 Ack=144 Win=65024 Len=1448 TSval=2916032388 TSecr=3045552161 [TCP segment of a reassembled PDU]"
"1703","28.308107135","192.168.1.55","192.168.1.2","TCP","1514","8004  >  49766 [ACK] Seq=111686 Ack=144 Win=65024 Len=1448 TSval=2916032388 TSecr=3045552161 [TCP segment of a reassembled PDU]"
"1704","28.308108895","192.168.1.55","192.168.1.2","TCP","1514","8004  >  49766 [ACK] Seq=113134 Ack=144 Win=65024 Len=1448 TSval=2916032388 TSecr=3045552161 [TCP segment of a reassembled PDU]"
"1705","28.308110691","192.168.1.55","192.168.1.2","TCP","1514","8004  >  49766 [ACK] Seq=114582 Ack=144 Win=65024 Len=1448 TSval=2916032388 TSecr=3045552161 [TCP segment of a reassembled PDU]"
"1706","28.308112895","192.168.1.55","192.168.1.2","TCP","1514","8004  >  49766 [ACK] Seq=116030 Ack=144 Win=65024 Len=1448 TSval=2916032388 TSecr=3045552161 [TCP segment of a reassembled PDU]"
"1707","28.308114858","192.168.1.55","192.168.1.2","TCP","1514","8004  >  49766 [ACK] Seq=117478 Ack=144 Win=65024 Len=1448 TSval=2916032388 TSecr=3045552161 [TCP segment of a reassembled PDU]"
"1708","28.308117172","192.168.1.55","192.168.1.2","TCP","1514","8004  >  49766 [ACK] Seq=118926 Ack=144 Win=65024 Len=1448 TSval=2916032388 TSecr=3045552161 [TCP segment of a reassembled PDU]"
"1709","28.308118802","192.168.1.55","192.168.1.2","TCP","1514","8004  >  49766 [ACK] Seq=120374 Ack=144 Win=65024 Len=1448 TSval=2916032388 TSecr=3045552161 [TCP segment of a reassembled PDU]"
"1710","28.308120821","192.168.1.55","192.168.1.2","TCP","1514","8004  >  49766 [ACK] Seq=121822 Ack=144 Win=65024 Len=1448 TSval=2916032388 TSecr=3045552161 [TCP segment of a reassembled PDU]"
"1711","28.308122580","192.168.1.55","192.168.1.2","TCP","1514","8004  >  49766 [ACK] Seq=123270 Ack=144 Win=65024 Len=1448 TSval=2916032388 TSecr=3045552161 [TCP segment of a reassembled PDU]"
"1712","28.308124024","192.168.1.55","192.168.1.2","TCP","1514","8004  >  49766 [ACK] Seq=124718 Ack=144 Win=65024 Len=1448 TSval=2916032388 TSecr=3045552161 [TCP segment of a reassembled PDU]"
"1713","28.308128395","192.168.1.55","192.168.1.2","TCP","1514","8004  >  49766 [ACK] Seq=126166 Ack=144 Win=65024 Len=1448 TSval=2916032388 TSecr=3045552161 [TCP segment of a reassembled PDU]"
"1714","28.308129839","192.168.1.55","192.168.1.2","TCP","1514","8004  >  49766 [ACK] Seq=127614 Ack=144 Win=65024 Len=1448 TSval=2916032388 TSecr=3045552161 [TCP segment of a reassembled PDU]"
"1715","28.308132413","192.168.1.55","192.168.1.2","TCP","1514","8004  >  49766 [ACK] Seq=129062 Ack=144 Win=65024 Len=1448 TSval=2916032388 TSecr=3045552161 [TCP segment of a reassembled PDU]"
"1716","28.308134617","192.168.1.55","192.168.1.2","TCP","1514","8004  >  49766 [ACK] Seq=130510 Ack=144 Win=65024 Len=1448 TSval=2916032388 TSecr=3045552161 [TCP segment of a reassembled PDU]"
"1717","28.308136784","192.168.1.55","192.168.1.2","TCP","1514","8004  >  49766 [ACK] Seq=131958 Ack=144 Win=65024 Len=1448 TSval=2916032388 TSecr=3045552161 [TCP segment of a reassembled PDU]"
"1718","28.308138598","192.168.1.55","192.168.1.2","TCP","1514","8004  >  49766 [ACK] Seq=133406 Ack=144 Win=65024 Len=1448 TSval=2916032388 TSecr=3045552161 [TCP segment of a reassembled PDU]"
"1719","28.308140821","192.168.1.55","192.168.1.2","TCP","1514","8004  >  49766 [ACK] Seq=134854 Ack=144 Win=65024 Len=1448 TSval=2916032388 TSecr=3045552161 [TCP segment of a reassembled PDU]"
"1720","28.308142987","192.168.1.55","192.168.1.2","TCP","1514","8004  >  49766 [ACK] Seq=136302 Ack=144 Win=65024 Len=1448 TSval=2916032388 TSecr=3045552161 [TCP segment of a reassembled PDU]"
"1721","28.308144635","192.168.1.55","192.168.1.2","TCP","1514","8004  >  49766 [ACK] Seq=137750 Ack=144 Win=65024 Len=1448 TSval=2916032388 TSecr=3045552161 [TCP segment of a reassembled PDU]"
"1722","28.308146487","192.168.1.55","192.168.1.2","TCP","90","8004  >  49766 [PSH, ACK] Seq=139198 Ack=144 Win=65024 Len=24 TSval=2916032388 TSecr=3045552161 [TCP segment of a reassembled PDU]"
"1723","28.308166024","192.168.1.55","192.168.1.2","TCP","1514","8004  >  49766 [ACK] Seq=139222 Ack=144 Win=65024 Len=1448 TSval=2916032388 TSecr=3045552162 [TCP segment of a reassembled PDU]"
"1724","28.308170098","192.168.1.55","192.168.1.2","TCP","1514","8004  >  49766 [PSH, ACK] Seq=140670 Ack=144 Win=65024 Len=1448 TSval=2916032388 TSecr=3045552162 [TCP segment of a reassembled PDU]"
"1725","28.308181784","192.168.1.55","192.168.1.2","TCP","1490","8004  >  49766 [ACK] Seq=142118 Ack=144 Win=65024 Len=1424 TSval=2916032388 TSecr=3045552162 [TCP segment of a reassembled PDU]"
"1726","28.309173711","192.168.1.55","192.168.1.2","TCP","1514","8004  >  49766 [ACK] Seq=143542 Ack=144 Win=65024 Len=1448 TSval=2916032389 TSecr=3045552162 [TCP segment of a reassembled PDU]"
"1727","28.309177156","192.168.1.55","192.168.1.2","TCP","1514","8004  >  49766 [ACK] Seq=144990 Ack=144 Win=65024 Len=1448 TSval=2916032389 TSecr=3045552162 [TCP segment of a reassembled PDU]"
"1728","28.309178748","192.168.1.55","192.168.1.2","TCP","1514","8004  >  49766 [ACK] Seq=146438 Ack=144 Win=65024 Len=1448 TSval=2916032389 TSecr=3045552162 [TCP segment of a reassembled PDU]"
"1729","28.309180341","192.168.1.55","192.168.1.2","TCP","1514","8004  >  49766 [ACK] Seq=147886 Ack=144 Win=65024 Len=1448 TSval=2916032389 TSecr=3045552162 [TCP segment of a reassembled PDU]"
"1730","28.309181433","192.168.1.55","192.168.1.2","TCP","1514","8004  >  49766 [ACK] Seq=149334 Ack=144 Win=65024 Len=1448 TSval=2916032389 TSecr=3045552162 [TCP segment of a reassembled PDU]"
"1731","28.309183137","192.168.1.55","192.168.1.2","TCP","1514","8004  >  49766 [ACK] Seq=150782 Ack=144 Win=65024 Len=1448 TSval=2916032389 TSecr=3045552162 [TCP segment of a reassembled PDU]"
"1732","28.309184415","192.168.1.55","192.168.1.2","TCP","1514","8004  >  49766 [PSH, ACK] Seq=152230 Ack=144 Win=65024 Len=1448 TSval=2916032389 TSecr=3045552162 [TCP segment of a reassembled PDU]"
"1733","28.309542138","192.168.1.2","192.168.1.55","TCP","66","49766  >  8004 [ACK] Seq=144 Ack=100102 Win=62464 Len=0 TSval=3045552163 TSecr=2916032382"
"1734","28.309573545","192.168.1.55","192.168.1.2","TCP","1514","8004  >  49766 [ACK] Seq=153678 Ack=144 Win=65024 Len=1448 TSval=2916032390 TSecr=3045552163 [TCP segment of a reassembled PDU]"
"1735","28.309577008","192.168.1.55","192.168.1.2","TCP","1514","8004  >  49766 [ACK] Seq=155126 Ack=144 Win=65024 Len=1448 TSval=2916032390 TSecr=3045552163 [TCP segment of a reassembled PDU]"
"1736","28.309578119","192.168.1.55","192.168.1.2","TCP","1514","8004  >  49766 [ACK] Seq=156574 Ack=144 Win=65024 Len=1448 TSval=2916032390 TSecr=3045552163 [TCP segment of a reassembled PDU]"
"1737","28.309579323","192.168.1.55","192.168.1.2","TCP","1514","8004  >  49766 [ACK] Seq=158022 Ack=144 Win=65024 Len=1448 TSval=2916032390 TSecr=3045552163 [TCP segment of a reassembled PDU]"
"1738","28.309580527","192.168.1.55","192.168.1.2","TCP","1514","8004  >  49766 [ACK] Seq=159470 Ack=144 Win=65024 Len=1448 TSval=2916032390 TSecr=3045552163 [TCP segment of a reassembled PDU]"
"1739","28.309581638","192.168.1.55","192.168.1.2","TCP","1514","8004  >  49766 [PSH, ACK] Seq=160918 Ack=144 Win=65024 Len=1448 TSval=2916032390 TSecr=3045552163 [TCP segment of a reassembled PDU]"
"1740","28.313816385","192.168.1.2","192.168.1.55","TCP","66","49766  >  8004 [ACK] Seq=144 Ack=102998 Win=65536 Len=0 TSval=3045552165 TSecr=2916032388"
"1741","28.313836867","192.168.1.55","192.168.1.2","TCP","1514","8004  >  49766 [ACK] Seq=162366 Ack=144 Win=65024 Len=1448 TSval=2916032394 TSecr=3045552165 [TCP segment of a reassembled PDU]"
"1742","28.313839811","192.168.1.55","192.168.1.2","TCP","1514","8004  >  49766 [ACK] Seq=163814 Ack=144 Win=65024 Len=1448 TSval=2916032394 TSecr=3045552165 [TCP segment of a reassembled PDU]"
"1743","28.313840904","192.168.1.55","192.168.1.2","TCP","1514","8004  >  49766 [ACK] Seq=165262 Ack=144 Win=65024 Len=1448 TSval=2916032394 TSecr=3045552165 [TCP segment of a reassembled PDU]"
"1744","28.313842367","192.168.1.55","192.168.1.2","TCP","1514","8004  >  49766 [PSH, ACK] Seq=166710 Ack=144 Win=65024 Len=1448 TSval=2916032394 TSecr=3045552165 [TCP segment of a reassembled PDU]"
"1745","28.314107385","192.168.1.2","192.168.1.55","TCP","66","49766  >  8004 [ACK] Seq=144 Ack=110238 Win=81920 Len=0 TSval=3045552165 TSecr=2916032388"
"1746","28.314118867","192.168.1.55","192.168.1.2","TCP","1514","8004  >  49766 [ACK] Seq=168158 Ack=144 Win=65024 Len=1448 TSval=2916032394 TSecr=3045552165 [TCP segment of a reassembled PDU]"
"1747","28.314120515","192.168.1.55","192.168.1.2","TCP","1514","8004  >  49766 [ACK] Seq=169606 Ack=144 Win=65024 Len=1448 TSval=2916032394 TSecr=3045552165 [TCP segment of a reassembled PDU]"
"1748","28.314121626","192.168.1.55","192.168.1.2","TCP","1514","8004  >  49766 [ACK] Seq=171054 Ack=144 Win=65024 Len=1448 TSval=2916032394 TSecr=3045552165 [TCP segment of a reassembled PDU]"
"1749","28.314122793","192.168.1.55","192.168.1.2","TCP","1514","8004  >  49766 [ACK] Seq=172502 Ack=144 Win=65024 Len=1448 TSval=2916032394 TSecr=3045552165 [TCP segment of a reassembled PDU]"
"1750","28.314123978","192.168.1.55","192.168.1.2","TCP","1514","8004  >  49766 [ACK] Seq=173950 Ack=144 Win=65024 Len=1448 TSval=2916032394 TSecr=3045552165 [TCP segment of a reassembled PDU]"
"1751","28.314125034","192.168.1.55","192.168.1.2","TCP","1514","8004  >  49766 [PSH, ACK] Seq=175398 Ack=144 Win=65024 Len=1448 TSval=2916032394 TSecr=3045552165 [TCP segment of a reassembled PDU]"
"1752","28.314129108","192.168.1.2","192.168.1.55","TCP","66","49766  >  8004 [ACK] Seq=144 Ack=111686 Win=84992 Len=0 TSval=3045552168 TSecr=2916032388"
"1753","28.315632017","192.168.1.2","192.168.1.55","TCP","66","49766  >  8004 [ACK] Seq=144 Ack=139222 Win=96256 Len=0 TSval=3045552168 TSecr=2916032388"
"1754","28.315666110","192.168.1.55","192.168.1.2","TCP","1514","8004  >  49766 [ACK] Seq=176846 Ack=144 Win=65024 Len=1448 TSval=2916032396 TSecr=3045552168 [TCP segment of a reassembled PDU]"
"1755","28.315668703","192.168.1.55","192.168.1.2","TCP","1514","8004  >  49766 [ACK] Seq=178294 Ack=144 Win=65024 Len=1448 TSval=2916032396 TSecr=3045552168 [TCP segment of a reassembled PDU]"
"1756","28.315669906","192.168.1.55","192.168.1.2","TCP","1514","8004  >  49766 [ACK] Seq=179742 Ack=144 Win=65024 Len=1448 TSval=2916032396 TSecr=3045552168 [TCP segment of a reassembled PDU]"
"1757","28.315671073","192.168.1.55","192.168.1.2","TCP","1514","8004  >  49766 [ACK] Seq=181190 Ack=144 Win=65024 Len=1448 TSval=2916032396 TSecr=3045552168 [TCP segment of a reassembled PDU]"
"1758","28.315672240","192.168.1.55","192.168.1.2","TCP","1514","8004  >  49766 [ACK] Seq=182638 Ack=144 Win=65024 Len=1448 TSval=2916032396 TSecr=3045552168 [TCP segment of a reassembled PDU]"
"1759","28.315673406","192.168.1.55","192.168.1.2","TCP","1514","8004  >  49766 [ACK] Seq=184086 Ack=144 Win=65024 Len=1448 TSval=2916032396 TSecr=3045552168 [TCP segment of a reassembled PDU]"
"1760","28.315674518","192.168.1.55","192.168.1.2","TCP","1514","8004  >  49766 [ACK] Seq=185534 Ack=144 Win=65024 Len=1448 TSval=2916032396 TSecr=3045552168 [TCP segment of a reassembled PDU]"
"1761","28.315675610","192.168.1.55","192.168.1.2","TCP","1514","8004  >  49766 [ACK] Seq=186982 Ack=144 Win=65024 Len=1448 TSval=2916032396 TSecr=3045552168 [TCP segment of a reassembled PDU]"
"1762","28.315676869","192.168.1.55","192.168.1.2","TCP","1514","8004  >  49766 [ACK] Seq=188430 Ack=144 Win=65024 Len=1448 TSval=2916032396 TSecr=3045552168 [TCP segment of a reassembled PDU]"
"1763","28.315678092","192.168.1.55","192.168.1.2","TCP","1514","8004  >  49766 [ACK] Seq=189878 Ack=144 Win=65024 Len=1448 TSval=2916032396 TSecr=3045552168 [TCP segment of a reassembled PDU]"
"1764","28.315679536","192.168.1.55","192.168.1.2","TCP","1514","8004  >  49766 [ACK] Seq=191326 Ack=144 Win=65024 Len=1448 TSval=2916032396 TSecr=3045552168 [TCP segment of a reassembled PDU]"
"1765","28.315680610","192.168.1.55","192.168.1.2","TCP","1514","8004  >  49766 [ACK] Seq=192774 Ack=144 Win=65024 Len=1448 TSval=2916032396 TSecr=3045552168 [TCP segment of a reassembled PDU]"
"1766","28.315681869","192.168.1.55","192.168.1.2","TCP","1514","8004  >  49766 [ACK] Seq=194222 Ack=144 Win=65024 Len=1448 TSval=2916032396 TSecr=3045552168 [TCP segment of a reassembled PDU]"
"1767","28.315683092","192.168.1.55","192.168.1.2","TCP","1514","8004  >  49766 [ACK] Seq=195670 Ack=144 Win=65024 Len=1448 TSval=2916032396 TSecr=3045552168 [TCP segment of a reassembled PDU]"
"1768","28.315684166","192.168.1.55","192.168.1.2","TCP","1514","8004  >  49766 [ACK] Seq=197118 Ack=144 Win=65024 Len=1448 TSval=2916032396 TSecr=3045552168 [TCP segment of a reassembled PDU]"
"1769","28.315685369","192.168.1.55","192.168.1.2","TCP","1514","8004  >  49766 [ACK] Seq=198566 Ack=144 Win=65024 Len=1448 TSval=2916032396 TSecr=3045552168 [TCP segment of a reassembled PDU]"
"1770","28.315686610","192.168.1.55","192.168.1.2","TCP","1514","8004  >  49766 [ACK] Seq=200014 Ack=144 Win=65024 Len=1448 TSval=2916032396 TSecr=3045552168 [TCP segment of a reassembled PDU]"
"1771","28.315687832","192.168.1.55","192.168.1.2","TCP","1514","8004  >  49766 [ACK] Seq=201462 Ack=144 Win=65024 Len=1448 TSval=2916032396 TSecr=3045552168 [TCP segment of a reassembled PDU]"
"1772","28.315689092","192.168.1.55","192.168.1.2","TCP","1514","8004  >  49766 [ACK] Seq=202910 Ack=144 Win=65024 Len=1448 TSval=2916032396 TSecr=3045552168 [TCP segment of a reassembled PDU]"
"1773","28.315690203","192.168.1.55","192.168.1.2","TCP","1514","8004  >  49766 [ACK] Seq=204358 Ack=144 Win=65024 Len=1448 TSval=2916032396 TSecr=3045552168 [TCP segment of a reassembled PDU]"
"1774","28.315691295","192.168.1.55","192.168.1.2","TCP","1514","8004  >  49766 [ACK] Seq=205806 Ack=144 Win=65024 Len=1448 TSval=2916032396 TSecr=3045552168 [TCP segment of a reassembled PDU]"
"1775","28.315692406","192.168.1.55","192.168.1.2","TCP","1514","8004  >  49766 [ACK] Seq=207254 Ack=144 Win=65024 Len=1448 TSval=2916032396 TSecr=3045552168 [TCP segment of a reassembled PDU]"
"1776","28.315693499","192.168.1.55","192.168.1.2","TCP","1514","8004  >  49766 [PSH, ACK] Seq=208702 Ack=144 Win=65024 Len=1448 TSval=2916032396 TSecr=3045552168 [TCP segment of a reassembled PDU]"
"1777","28.315758295","192.168.1.2","192.168.1.55","TCP","66","49766  >  8004 [ACK] Seq=144 Ack=153678 Win=84992 Len=0 TSval=3045552168 TSecr=2916032388"
"1778","28.315795833","192.168.1.55","192.168.1.2","TCP","1514","8004  >  49766 [ACK] Seq=210150 Ack=144 Win=65024 Len=1448 TSval=2916032396 TSecr=3045552168 [TCP segment of a reassembled PDU]"
"1779","28.315798110","192.168.1.55","192.168.1.2","TCP","1514","8004  >  49766 [ACK] Seq=211598 Ack=144 Win=65024 Len=1448 TSval=2916032396 TSecr=3045552168 [TCP segment of a reassembled PDU]"
"1780","28.315799203","192.168.1.55","192.168.1.2","TCP","1514","8004  >  49766 [ACK] Seq=213046 Ack=144 Win=65024 Len=1448 TSval=2916032396 TSecr=3045552168 [TCP segment of a reassembled PDU]"
"1781","28.315800629","192.168.1.55","192.168.1.2","TCP","1514","8004  >  49766 [ACK] Seq=214494 Ack=144 Win=65024 Len=1448 TSval=2916032396 TSecr=3045552168 [TCP segment of a reassembled PDU]"
"1782","28.315801851","192.168.1.55","192.168.1.2","TCP","1514","8004  >  49766 [ACK] Seq=215942 Ack=144 Win=65024 Len=1448 TSval=2916032396 TSecr=3045552168 [TCP segment of a reassembled PDU]"
"1783","28.315803240","192.168.1.55","192.168.1.2","TCP","1514","8004  >  49766 [ACK] Seq=217390 Ack=144 Win=65024 Len=1448 TSval=2916032396 TSecr=3045552168 [TCP segment of a reassembled PDU]"
"1784","28.315804518","192.168.1.55","192.168.1.2","TCP","1514","8004  >  49766 [ACK] Seq=218838 Ack=144 Win=65024 Len=1448 TSval=2916032396 TSecr=3045552168 [TCP segment of a reassembled PDU]"
"1785","28.315805870","192.168.1.55","192.168.1.2","TCP","1514","8004  >  49766 [ACK] Seq=220286 Ack=144 Win=65024 Len=1448 TSval=2916032396 TSecr=3045552168 [TCP segment of a reassembled PDU]"
"1786","28.315807240","192.168.1.55","192.168.1.2","TCP","1514","8004  >  49766 [ACK] Seq=221734 Ack=144 Win=65024 Len=1448 TSval=2916032396 TSecr=3045552168 [TCP segment of a reassembled PDU]"
"1787","28.315808536","192.168.1.55","192.168.1.2","TCP","1514","8004  >  49766 [ACK] Seq=223182 Ack=144 Win=65024 Len=1448 TSval=2916032396 TSecr=3045552168 [TCP segment of a reassembled PDU]"
"1788","28.315809758","192.168.1.55","192.168.1.2","TCP","1514","8004  >  49766 [ACK] Seq=224630 Ack=144 Win=65024 Len=1448 TSval=2916032396 TSecr=3045552168 [TCP segment of a reassembled PDU]"
"1789","28.315810944","192.168.1.55","192.168.1.2","TCP","1514","8004  >  49766 [ACK] Seq=226078 Ack=144 Win=65024 Len=1448 TSval=2916032396 TSecr=3045552168 [TCP segment of a reassembled PDU]"
"1790","28.315812073","192.168.1.55","192.168.1.2","TCP","1514","8004  >  49766 [ACK] Seq=227526 Ack=144 Win=65024 Len=1448 TSval=2916032396 TSecr=3045552168 [TCP segment of a reassembled PDU]"
"1791","28.315813296","192.168.1.55","192.168.1.2","TCP","1514","8004  >  49766 [ACK] Seq=228974 Ack=144 Win=65024 Len=1448 TSval=2916032396 TSecr=3045552168 [TCP segment of a reassembled PDU]"
"1792","28.315814388","192.168.1.55","192.168.1.2","TCP","1514","8004  >  49766 [ACK] Seq=230422 Ack=144 Win=65024 Len=1448 TSval=2916032396 TSecr=3045552168 [TCP segment of a reassembled PDU]"
"1793","28.315815573","192.168.1.55","192.168.1.2","TCP","1514","8004  >  49766 [ACK] Seq=231870 Ack=144 Win=65024 Len=1448 TSval=2916032396 TSecr=3045552168 [TCP segment of a reassembled PDU]"
"1794","28.315816777","192.168.1.55","192.168.1.2","TCP","1514","8004  >  49766 [ACK] Seq=233318 Ack=144 Win=65024 Len=1448 TSval=2916032396 TSecr=3045552168 [TCP segment of a reassembled PDU]"
"1795","28.315817925","192.168.1.55","192.168.1.2","TCP","1514","8004  >  49766 [ACK] Seq=234766 Ack=144 Win=65024 Len=1448 TSval=2916032396 TSecr=3045552168 [TCP segment of a reassembled PDU]"
"1796","28.315819129","192.168.1.55","192.168.1.2","TCP","1514","8004  >  49766 [ACK] Seq=236214 Ack=144 Win=65024 Len=1448 TSval=2916032396 TSecr=3045552168 [TCP segment of a reassembled PDU]"
"1797","28.315820388","192.168.1.55","192.168.1.2","TCP","1074","[TCP Window Full] 8004  >  49766 [PSH, ACK] Seq=237662 Ack=144 Win=65024 Len=1008 TSval=2916032396 TSecr=3045552168 [TCP segment of a reassembled PDU]"
"1798","28.315824518","192.168.1.2","192.168.1.55","TCP","66","49766  >  8004 [ACK] Seq=144 Ack=162366 Win=107520 Len=0 TSval=3045552169 TSecr=2916032390"
"1799","28.315836833","192.168.1.55","192.168.1.2","TCP","1514","8004  >  49766 [ACK] Seq=238670 Ack=144 Win=65024 Len=1448 TSval=2916032396 TSecr=3045552169 [TCP segment of a reassembled PDU]"
"1800","28.315838370","192.168.1.55","192.168.1.2","TCP","1514","8004  >  49766 [ACK] Seq=240118 Ack=144 Win=65024 Len=1448 TSval=2916032396 TSecr=3045552169 [TCP segment of a reassembled PDU]"
"1801","28.315839462","192.168.1.55","192.168.1.2","TCP","1514","8004  >  49766 [PSH, ACK] Seq=241566 Ack=144 Win=65024 Len=1448 TSval=2916032396 TSecr=3045552169 [TCP segment of a reassembled PDU]"
"1802","28.315845092","192.168.1.55","192.168.1.2","TCP","506","8004  >  49766 [ACK] Seq=243014 Ack=144 Win=65024 Len=440 TSval=2916032396 TSecr=3045552169 [TCP segment of a reassembled PDU]"
"1803","28.315869703","192.168.1.55","192.168.1.2","TCP","1514","8004  >  49766 [ACK] Seq=243454 Ack=144 Win=65024 Len=1448 TSval=2916032396 TSecr=3045552169 [TCP segment of a reassembled PDU]"
"1804","28.315871018","192.168.1.55","192.168.1.2","TCP","1514","8004  >  49766 [ACK] Seq=244902 Ack=144 Win=65024 Len=1448 TSval=2916032396 TSecr=3045552169 [TCP segment of a reassembled PDU]"
"1805","28.315872073","192.168.1.55","192.168.1.2","TCP","1514","8004  >  49766 [ACK] Seq=246350 Ack=144 Win=65024 Len=1448 TSval=2916032396 TSecr=3045552169 [TCP segment of a reassembled PDU]"
"1806","28.315873259","192.168.1.55","192.168.1.2","TCP","1514","8004  >  49766 [ACK] Seq=247798 Ack=144 Win=65024 Len=1448 TSval=2916032396 TSecr=3045552169 [TCP segment of a reassembled PDU]"
"1807","28.315874314","192.168.1.55","192.168.1.2","TCP","1514","8004  >  49766 [ACK] Seq=249246 Ack=144 Win=65024 Len=1448 TSval=2916032396 TSecr=3045552169 [TCP segment of a reassembled PDU]"
"1808","28.315875722","192.168.1.55","192.168.1.2","TCP","1514","8004  >  49766 [ACK] Seq=250694 Ack=144 Win=65024 Len=1448 TSval=2916032396 TSecr=3045552169 [TCP segment of a reassembled PDU]"
"1809","28.315876888","192.168.1.55","192.168.1.2","TCP","1514","8004  >  49766 [ACK] Seq=252142 Ack=144 Win=65024 Len=1448 TSval=2916032396 TSecr=3045552169 [TCP segment of a reassembled PDU]"
"1810","28.315878092","192.168.1.55","192.168.1.2","TCP","1514","8004  >  49766 [ACK] Seq=253590 Ack=144 Win=65024 Len=1448 TSval=2916032396 TSecr=3045552169 [TCP segment of a reassembled PDU]"
"1811","28.315879203","192.168.1.55","192.168.1.2","TCP","1514","8004  >  49766 [ACK] Seq=255038 Ack=144 Win=65024 Len=1448 TSval=2916032396 TSecr=3045552169 [TCP segment of a reassembled PDU]"
"1812","28.315880314","192.168.1.55","192.168.1.2","TCP","1514","8004  >  49766 [ACK] Seq=256486 Ack=144 Win=65024 Len=1448 TSval=2916032396 TSecr=3045552169 [TCP segment of a reassembled PDU]"
"1813","28.315881481","192.168.1.55","192.168.1.2","TCP","1514","8004  >  49766 [ACK] Seq=257934 Ack=144 Win=65024 Len=1448 TSval=2916032396 TSecr=3045552169 [TCP segment of a reassembled PDU]"
"1814","28.315882629","192.168.1.55","192.168.1.2","TCP","1514","8004  >  49766 [ACK] Seq=259382 Ack=144 Win=65024 Len=1448 TSval=2916032396 TSecr=3045552169 [TCP segment of a reassembled PDU]"
"1815","28.315883740","192.168.1.55","192.168.1.2","TCP","1514","8004  >  49766 [ACK] Seq=260830 Ack=144 Win=65024 Len=1448 TSval=2916032396 TSecr=3045552169 [TCP segment of a reassembled PDU]"
"1816","28.315885055","192.168.1.55","192.168.1.2","TCP","1514","8004  >  49766 [ACK] Seq=262278 Ack=144 Win=65024 Len=1448 TSval=2916032396 TSecr=3045552169 [TCP segment of a reassembled PDU]"
"1817","28.315886147","192.168.1.55","192.168.1.2","TCP","1514","8004  >  49766 [ACK] Seq=263726 Ack=144 Win=65024 Len=1448 TSval=2916032396 TSecr=3045552169 [TCP segment of a reassembled PDU]"
"1818","28.315887481","192.168.1.55","192.168.1.2","TCP","1514","8004  >  49766 [ACK] Seq=265174 Ack=144 Win=65024 Len=1448 TSval=2916032396 TSecr=3045552169 [TCP segment of a reassembled PDU]"
"1819","28.315888536","192.168.1.55","192.168.1.2","TCP","1514","8004  >  49766 [ACK] Seq=266622 Ack=144 Win=65024 Len=1448 TSval=2916032396 TSecr=3045552169 [TCP segment of a reassembled PDU]"
"1820","28.315889647","192.168.1.55","192.168.1.2","TCP","1514","8004  >  49766 [PSH, ACK] Seq=268070 Ack=144 Win=65024 Len=1448 TSval=2916032396 TSecr=3045552169 [TCP segment of a reassembled PDU]"
"1821","28.321615379","192.168.1.2","192.168.1.55","TCP","66","49766  >  8004 [ACK] Seq=144 Ack=168158 Win=110592 Len=0 TSval=3045552171 TSecr=2916032394"
"1822","28.321651453","192.168.1.55","192.168.1.2","TCP","1514","8004  >  49766 [ACK] Seq=269518 Ack=144 Win=65024 Len=1448 TSval=2916032402 TSecr=3045552171 [TCP segment of a reassembled PDU]"
"1823","28.321655193","192.168.1.55","192.168.1.2","TCP","1514","8004  >  49766 [ACK] Seq=270966 Ack=144 Win=65024 Len=1448 TSval=2916032402 TSecr=3045552171 [TCP segment of a reassembled PDU]"
"1824","28.321656656","192.168.1.55","192.168.1.2","TCP","1514","8004  >  49766 [ACK] Seq=272414 Ack=144 Win=65024 Len=1448 TSval=2916032402 TSecr=3045552171 [TCP segment of a reassembled PDU]"
"1825","28.321657693","192.168.1.55","192.168.1.2","TCP","1514","8004  >  49766 [ACK] Seq=273862 Ack=144 Win=65024 Len=1448 TSval=2916032402 TSecr=3045552171 [TCP segment of a reassembled PDU]"
"1826","28.321658786","192.168.1.55","192.168.1.2","TCP","1514","8004  >  49766 [PSH, ACK] Seq=275310 Ack=144 Win=65024 Len=1448 TSval=2916032402 TSecr=3045552171 [TCP segment of a reassembled PDU]"
"1827","28.321709582","192.168.1.2","192.168.1.55","TCP","66","49766  >  8004 [ACK] Seq=144 Ack=176846 Win=109568 Len=0 TSval=3045552172 TSecr=2916032394"
"1828","28.323934845","192.168.1.2","192.168.1.55","TCP","66","49766  >  8004 [ACK] Seq=144 Ack=207254 Win=93184 Len=0 TSval=3045552177 TSecr=2916032396"
"1829","28.323959919","192.168.1.55","192.168.1.2","TCP","1514","8004  >  49766 [ACK] Seq=276758 Ack=144 Win=65024 Len=1448 TSval=2916032404 TSecr=3045552177 [TCP segment of a reassembled PDU]"
"1830","28.323961808","192.168.1.55","192.168.1.2","TCP","1514","8004  >  49766 [ACK] Seq=278206 Ack=144 Win=65024 Len=1448 TSval=2916032404 TSecr=3045552177 [TCP segment of a reassembled PDU]"
"1831","28.323962827","192.168.1.55","192.168.1.2","TCP","1514","8004  >  49766 [ACK] Seq=279654 Ack=144 Win=65024 Len=1448 TSval=2916032404 TSecr=3045552177 [TCP segment of a reassembled PDU]"
"1832","28.323963956","192.168.1.55","192.168.1.2","TCP","1514","8004  >  49766 [ACK] Seq=281102 Ack=144 Win=65024 Len=1448 TSval=2916032404 TSecr=3045552177 [TCP segment of a reassembled PDU]"
"1833","28.323964919","192.168.1.55","192.168.1.2","TCP","1514","8004  >  49766 [ACK] Seq=282550 Ack=144 Win=65024 Len=1448 TSval=2916032404 TSecr=3045552177 [TCP segment of a reassembled PDU]"
"1834","28.323965919","192.168.1.55","192.168.1.2","TCP","1514","8004  >  49766 [ACK] Seq=283998 Ack=144 Win=65024 Len=1448 TSval=2916032404 TSecr=3045552177 [TCP segment of a reassembled PDU]"
"1835","28.323966975","192.168.1.55","192.168.1.2","TCP","1514","8004  >  49766 [ACK] Seq=285446 Ack=144 Win=65024 Len=1448 TSval=2916032404 TSecr=3045552177 [TCP segment of a reassembled PDU]"
"1836","28.323968012","192.168.1.55","192.168.1.2","TCP","1514","8004  >  49766 [ACK] Seq=286894 Ack=144 Win=65024 Len=1448 TSval=2916032404 TSecr=3045552177 [TCP segment of a reassembled PDU]"
"1837","28.323969049","192.168.1.55","192.168.1.2","TCP","1514","8004  >  49766 [ACK] Seq=288342 Ack=144 Win=65024 Len=1448 TSval=2916032404 TSecr=3045552177 [TCP segment of a reassembled PDU]"
"1838","28.323970067","192.168.1.55","192.168.1.2","TCP","1514","8004  >  49766 [ACK] Seq=289790 Ack=144 Win=65024 Len=1448 TSval=2916032404 TSecr=3045552177 [TCP segment of a reassembled PDU]"
"1839","28.323971364","192.168.1.55","192.168.1.2","TCP","1514","8004  >  49766 [ACK] Seq=291238 Ack=144 Win=65024 Len=1448 TSval=2916032404 TSecr=3045552177 [TCP segment of a reassembled PDU]"
"1840","28.323972290","192.168.1.55","192.168.1.2","TCP","1514","8004  >  49766 [ACK] Seq=292686 Ack=144 Win=65024 Len=1448 TSval=2916032404 TSecr=3045552177 [TCP segment of a reassembled PDU]"
"1841","28.323973253","192.168.1.55","192.168.1.2","TCP","1514","8004  >  49766 [ACK] Seq=294134 Ack=144 Win=65024 Len=1448 TSval=2916032404 TSecr=3045552177 [TCP segment of a reassembled PDU]"
"1842","28.323974271","192.168.1.55","192.168.1.2","TCP","1514","8004  >  49766 [ACK] Seq=295582 Ack=144 Win=65024 Len=1448 TSval=2916032404 TSecr=3045552177 [TCP segment of a reassembled PDU]"
"1843","28.323975290","192.168.1.55","192.168.1.2","TCP","1514","8004  >  49766 [ACK] Seq=297030 Ack=144 Win=65024 Len=1448 TSval=2916032404 TSecr=3045552177 [TCP segment of a reassembled PDU]"
"1844","28.323976308","192.168.1.55","192.168.1.2","TCP","1514","8004  >  49766 [PSH, ACK] Seq=298478 Ack=144 Win=65024 Len=1448 TSval=2916032404 TSecr=3045552177 [TCP segment of a reassembled PDU]"
"1845","28.324650087","192.168.1.2","192.168.1.55","TCP","66","49766  >  8004 [ACK] Seq=144 Ack=210150 Win=114688 Len=0 TSval=3045552177 TSecr=2916032396"
"1846","28.324664735","192.168.1.55","192.168.1.2","TCP","1514","8004  >  49766 [ACK] Seq=299926 Ack=144 Win=65024 Len=1448 TSval=2916032405 TSecr=3045552177 [TCP segment of a reassembled PDU]"
"1847","28.324666254","192.168.1.55","192.168.1.2","TCP","1514","8004  >  49766 [ACK] Seq=301374 Ack=144 Win=65024 Len=1448 TSval=2916032405 TSecr=3045552177 [TCP segment of a reassembled PDU]"
"1848","28.324667180","192.168.1.55","192.168.1.2","TCP","1514","8004  >  49766 [ACK] Seq=302822 Ack=144 Win=65024 Len=1448 TSval=2916032405 TSecr=3045552177 [TCP segment of a reassembled PDU]"
"1849","28.324668106","192.168.1.55","192.168.1.2","TCP","1514","8004  >  49766 [ACK] Seq=304270 Ack=144 Win=65024 Len=1448 TSval=2916032405 TSecr=3045552177 [TCP segment of a reassembled PDU]"
"1850","28.324669217","192.168.1.55","192.168.1.2","TCP","1514","8004  >  49766 [ACK] Seq=305718 Ack=144 Win=65024 Len=1448 TSval=2916032405 TSecr=3045552177 [TCP segment of a reassembled PDU]"
"1851","28.324670161","192.168.1.55","192.168.1.2","TCP","1514","8004  >  49766 [ACK] Seq=307166 Ack=144 Win=65024 Len=1448 TSval=2916032405 TSecr=3045552177 [TCP segment of a reassembled PDU]"
"1852","28.324671161","192.168.1.55","192.168.1.2","TCP","1514","8004  >  49766 [PSH, ACK] Seq=308614 Ack=144 Win=65024 Len=1448 TSval=2916032405 TSecr=3045552177 [TCP segment of a reassembled PDU]"
"1853","28.324674402","192.168.1.2","192.168.1.55","TCP","66","49766  >  8004 [ACK] Seq=144 Ack=238670 Win=96256 Len=0 TSval=3045552177 TSecr=2916032396"
"1854","28.324680309","192.168.1.2","192.168.1.55","TCP","66","49766  >  8004 [ACK] Seq=144 Ack=259382 Win=80896 Len=0 TSval=3045552177 TSecr=2916032396"
"1855","28.324711272","192.168.1.55","192.168.1.2","TCP","1514","8004  >  49766 [ACK] Seq=310062 Ack=144 Win=65024 Len=1448 TSval=2916032405 TSecr=3045552177 [TCP segment of a reassembled PDU]"
"1856","28.324712457","192.168.1.55","192.168.1.2","TCP","1514","8004  >  49766 [ACK] Seq=311510 Ack=144 Win=65024 Len=1448 TSval=2916032405 TSecr=3045552177 [TCP segment of a reassembled PDU]"
"1857","28.324713476","192.168.1.55","192.168.1.2","TCP","1514","8004  >  49766 [ACK] Seq=312958 Ack=144 Win=65024 Len=1448 TSval=2916032405 TSecr=3045552177 [TCP segment of a reassembled PDU]"
"1858","28.324714402","192.168.1.55","192.168.1.2","TCP","1514","8004  >  49766 [ACK] Seq=314406 Ack=144 Win=65024 Len=1448 TSval=2916032405 TSecr=3045552177 [TCP segment of a reassembled PDU]"
"1859","28.324715420","192.168.1.55","192.168.1.2","TCP","1514","8004  >  49766 [ACK] Seq=315854 Ack=144 Win=65024 Len=1448 TSval=2916032405 TSecr=3045552177 [TCP segment of a reassembled PDU]"
"1860","28.324716457","192.168.1.55","192.168.1.2","TCP","1514","8004  >  49766 [ACK] Seq=317302 Ack=144 Win=65024 Len=1448 TSval=2916032405 TSecr=3045552177 [TCP segment of a reassembled PDU]"
"1861","28.324717476","192.168.1.55","192.168.1.2","TCP","1514","8004  >  49766 [ACK] Seq=318750 Ack=144 Win=65024 Len=1448 TSval=2916032405 TSecr=3045552177 [TCP segment of a reassembled PDU]"
"1862","28.324718643","192.168.1.55","192.168.1.2","TCP","1514","8004  >  49766 [ACK] Seq=320198 Ack=144 Win=65024 Len=1448 TSval=2916032405 TSecr=3045552177 [TCP segment of a reassembled PDU]"
"1863","28.324719550","192.168.1.55","192.168.1.2","TCP","1514","8004  >  49766 [ACK] Seq=321646 Ack=144 Win=65024 Len=1448 TSval=2916032405 TSecr=3045552177 [TCP segment of a reassembled PDU]"
"1864","28.324720569","192.168.1.55","192.168.1.2","TCP","1514","8004  >  49766 [ACK] Seq=323094 Ack=144 Win=65024 Len=1448 TSval=2916032405 TSecr=3045552177 [TCP segment of a reassembled PDU]"
"1865","28.324721569","192.168.1.55","192.168.1.2","TCP","1514","8004  >  49766 [ACK] Seq=324542 Ack=144 Win=65024 Len=1448 TSval=2916032405 TSecr=3045552177 [TCP segment of a reassembled PDU]"
"1866","28.324722476","192.168.1.55","192.168.1.2","TCP","1514","8004  >  49766 [ACK] Seq=325990 Ack=144 Win=65024 Len=1448 TSval=2916032405 TSecr=3045552177 [TCP segment of a reassembled PDU]"
"1867","28.324723569","192.168.1.55","192.168.1.2","TCP","1514","8004  >  49766 [ACK] Seq=327438 Ack=144 Win=65024 Len=1448 TSval=2916032405 TSecr=3045552177 [TCP segment of a reassembled PDU]"
"1868","28.324724624","192.168.1.55","192.168.1.2","TCP","1514","8004  >  49766 [ACK] Seq=328886 Ack=144 Win=65024 Len=1448 TSval=2916032405 TSecr=3045552177 [TCP segment of a reassembled PDU]"
"1869","28.324725587","192.168.1.55","192.168.1.2","TCP","1514","8004  >  49766 [ACK] Seq=330334 Ack=144 Win=65024 Len=1448 TSval=2916032405 TSecr=3045552177 [TCP segment of a reassembled PDU]"
"1870","28.324726809","192.168.1.55","192.168.1.2","TCP","1514","8004  >  49766 [ACK] Seq=331782 Ack=144 Win=65024 Len=1448 TSval=2916032405 TSecr=3045552177 [TCP segment of a reassembled PDU]"
"1871","28.324727735","192.168.1.55","192.168.1.2","TCP","1514","8004  >  49766 [ACK] Seq=333230 Ack=144 Win=65024 Len=1448 TSval=2916032405 TSecr=3045552177 [TCP segment of a reassembled PDU]"
"1872","28.324735124","192.168.1.55","192.168.1.2","TCP","1514","8004  >  49766 [ACK] Seq=334678 Ack=144 Win=65024 Len=1448 TSval=2916032405 TSecr=3045552177 [TCP segment of a reassembled PDU]"
"1873","28.324737383","192.168.1.55","192.168.1.2","TCP","1514","8004  >  49766 [ACK] Seq=336126 Ack=144 Win=65024 Len=1448 TSval=2916032405 TSecr=3045552177 [TCP segment of a reassembled PDU]"
"1874","28.324739106","192.168.1.55","192.168.1.2","TCP","1514","8004  >  49766 [ACK] Seq=337574 Ack=144 Win=65024 Len=1448 TSval=2916032405 TSecr=3045552177 [TCP segment of a reassembled PDU]"
"1875","28.324740069","192.168.1.55","192.168.1.2","TCP","1322","[TCP Window Full] 8004  >  49766 [PSH, ACK] Seq=339022 Ack=144 Win=65024 Len=1256 TSval=2916032405 TSecr=3045552177 [TCP segment of a reassembled PDU]"
"1876","28.324743606","192.168.1.2","192.168.1.55","TCP","66","49766  >  8004 [ACK] Seq=144 Ack=269518 Win=107520 Len=0 TSval=3045552179 TSecr=2916032396"
"1877","28.324754439","192.168.1.55","192.168.1.2","TCP","1514","8004  >  49766 [ACK] Seq=340278 Ack=144 Win=65024 Len=1448 TSval=2916032405 TSecr=3045552179 [TCP segment of a reassembled PDU]"
"1878","28.324756717","192.168.1.55","192.168.1.2","TCP","1514","8004  >  49766 [PSH, ACK] Seq=341726 Ack=144 Win=65024 Len=1448 TSval=2916032405 TSecr=3045552179 [TCP segment of a reassembled PDU]"
"1879","28.324761309","192.168.1.55","192.168.1.2","TCP","258","8004  >  49766 [ACK] Seq=343174 Ack=144 Win=65024 Len=192 TSval=2916032405 TSecr=3045552179 [TCP segment of a reassembled PDU]"
"1880","28.324808384","192.168.1.55","192.168.1.2","TCP","1514","8004  >  49766 [ACK] Seq=343366 Ack=144 Win=65024 Len=1448 TSval=2916032405 TSecr=3045552179 [TCP segment of a reassembled PDU]"
"1881","28.324810402","192.168.1.55","192.168.1.2","TCP","1514","8004  >  49766 [ACK] Seq=344814 Ack=144 Win=65024 Len=1448 TSval=2916032405 TSecr=3045552179 [TCP segment of a reassembled PDU]"
"1882","28.324811458","192.168.1.55","192.168.1.2","TCP","1514","8004  >  49766 [ACK] Seq=346262 Ack=144 Win=65024 Len=1448 TSval=2916032405 TSecr=3045552179 [TCP segment of a reassembled PDU]"
"1883","28.324812809","192.168.1.55","192.168.1.2","TCP","1514","8004  >  49766 [ACK] Seq=347710 Ack=144 Win=65024 Len=1448 TSval=2916032405 TSecr=3045552179 [TCP segment of a reassembled PDU]"
"1884","28.324814717","192.168.1.55","192.168.1.2","TCP","1514","8004  >  49766 [ACK] Seq=349158 Ack=144 Win=65024 Len=1448 TSval=2916032405 TSecr=3045552179 [TCP segment of a reassembled PDU]"
"1885","28.324817569","192.168.1.55","192.168.1.2","TCP","1514","8004  >  49766 [ACK] Seq=350606 Ack=144 Win=65024 Len=1448 TSval=2916032405 TSecr=3045552179 [TCP segment of a reassembled PDU]"
"1886","28.324818958","192.168.1.55","192.168.1.2","TCP","1514","8004  >  49766 [ACK] Seq=352054 Ack=144 Win=65024 Len=1448 TSval=2916032405 TSecr=3045552179 [TCP segment of a reassembled PDU]"
"1887","28.324820198","192.168.1.55","192.168.1.2","TCP","1514","8004  >  49766 [ACK] Seq=353502 Ack=144 Win=65024 Len=1448 TSval=2916032405 TSecr=3045552179 [TCP segment of a reassembled PDU]"
"1888","28.324821328","192.168.1.55","192.168.1.2","TCP","1514","8004  >  49766 [ACK] Seq=354950 Ack=144 Win=65024 Len=1448 TSval=2916032405 TSecr=3045552179 [TCP segment of a reassembled PDU]"
"1889","28.324822643","192.168.1.55","192.168.1.2","TCP","1514","8004  >  49766 [ACK] Seq=356398 Ack=144 Win=65024 Len=1448 TSval=2916032405 TSecr=3045552179 [TCP segment of a reassembled PDU]"
"1890","28.324823921","192.168.1.55","192.168.1.2","TCP","1514","8004  >  49766 [ACK] Seq=357846 Ack=144 Win=65024 Len=1448 TSval=2916032405 TSecr=3045552179 [TCP segment of a reassembled PDU]"
"1891","28.324825347","192.168.1.55","192.168.1.2","TCP","1514","8004  >  49766 [ACK] Seq=359294 Ack=144 Win=65024 Len=1448 TSval=2916032405 TSecr=3045552179 [TCP segment of a reassembled PDU]"
"1892","28.324827180","192.168.1.55","192.168.1.2","TCP","1514","8004  >  49766 [ACK] Seq=360742 Ack=144 Win=65024 Len=1448 TSval=2916032405 TSecr=3045552179 [TCP segment of a reassembled PDU]"
"1893","28.324828421","192.168.1.55","192.168.1.2","TCP","1514","8004  >  49766 [ACK] Seq=362190 Ack=144 Win=65024 Len=1448 TSval=2916032405 TSecr=3045552179 [TCP segment of a reassembled PDU]"
"1894","28.324830106","192.168.1.55","192.168.1.2","TCP","1514","8004  >  49766 [ACK] Seq=363638 Ack=144 Win=65024 Len=1448 TSval=2916032405 TSecr=3045552179 [TCP segment of a reassembled PDU]"
"1895","28.324831384","192.168.1.55","192.168.1.2","TCP","1514","8004  >  49766 [ACK] Seq=365086 Ack=144 Win=65024 Len=1448 TSval=2916032405 TSecr=3045552179 [TCP segment of a reassembled PDU]"
"1896","28.324833180","192.168.1.55","192.168.1.2","TCP","1514","8004  >  49766 [ACK] Seq=366534 Ack=144 Win=65024 Len=1448 TSval=2916032405 TSecr=3045552179 [TCP segment of a reassembled PDU]"
"1897","28.324834735","192.168.1.55","192.168.1.2","TCP","1514","8004  >  49766 [ACK] Seq=367982 Ack=144 Win=65024 Len=1448 TSval=2916032405 TSecr=3045552179 [TCP segment of a reassembled PDU]"
"1898","28.324835865","192.168.1.55","192.168.1.2","TCP","1514","8004  >  49766 [ACK] Seq=369430 Ack=144 Win=65024 Len=1448 TSval=2916032405 TSecr=3045552179 [TCP segment of a reassembled PDU]"
"1899","28.324837310","192.168.1.55","192.168.1.2","TCP","1514","8004  >  49766 [ACK] Seq=370878 Ack=144 Win=65024 Len=1448 TSval=2916032405 TSecr=3045552179 [TCP segment of a reassembled PDU]"
"1900","28.324839032","192.168.1.55","192.168.1.2","TCP","1514","8004  >  49766 [ACK] Seq=372326 Ack=144 Win=65024 Len=1448 TSval=2916032405 TSecr=3045552179 [TCP segment of a reassembled PDU]"
"1901","28.324841532","192.168.1.55","192.168.1.2","TCP","1514","8004  >  49766 [ACK] Seq=373774 Ack=144 Win=65024 Len=1448 TSval=2916032405 TSecr=3045552179 [TCP segment of a reassembled PDU]"
"1902","28.324842810","192.168.1.55","192.168.1.2","TCP","1514","8004  >  49766 [PSH, ACK] Seq=375222 Ack=144 Win=65024 Len=1448 TSval=2916032405 TSecr=3045552179 [TCP segment of a reassembled PDU]"
"1903","28.331338746","192.168.1.2","192.168.1.55","TCP","66","49766  >  8004 [ACK] Seq=144 Ack=276758 Win=109568 Len=0 TSval=3045552180 TSecr=2916032402"
"1904","28.331387597","192.168.1.55","192.168.1.2","TCP","1514","8004  >  49766 [ACK] Seq=376670 Ack=144 Win=65024 Len=1448 TSval=2916032412 TSecr=3045552180 [TCP segment of a reassembled PDU]"
"1905","28.331392968","192.168.1.55","192.168.1.2","TCP","1514","8004  >  49766 [ACK] Seq=378118 Ack=144 Win=65024 Len=1448 TSval=2916032412 TSecr=3045552180 [TCP segment of a reassembled PDU]"
"1906","28.331394079","192.168.1.55","192.168.1.2","TCP","1514","8004  >  49766 [ACK] Seq=379566 Ack=144 Win=65024 Len=1448 TSval=2916032412 TSecr=3045552180 [TCP segment of a reassembled PDU]"
"1907","28.331395264","192.168.1.55","192.168.1.2","TCP","1514","8004  >  49766 [ACK] Seq=381014 Ack=144 Win=65024 Len=1448 TSval=2916032412 TSecr=3045552180 [TCP segment of a reassembled PDU]"
"1908","28.331396227","192.168.1.55","192.168.1.2","TCP","1514","8004  >  49766 [ACK] Seq=382462 Ack=144 Win=65024 Len=1448 TSval=2916032412 TSecr=3045552180 [TCP segment of a reassembled PDU]"
"1909","28.331397320","192.168.1.55","192.168.1.2","TCP","1514","8004  >  49766 [PSH, ACK] Seq=383910 Ack=144 Win=65024 Len=1448 TSval=2916032412 TSecr=3045552180 [TCP segment of a reassembled PDU]"
"1910","28.331482561","192.168.1.2","192.168.1.55","TCP","66","49766  >  8004 [ACK] Seq=144 Ack=286894 Win=114688 Len=0 TSval=3045552182 TSecr=2916032404"
"1911","28.331490783","192.168.1.2","192.168.1.55","TCP","66","49766  >  8004 [ACK] Seq=144 Ack=289790 Win=119808 Len=0 TSval=3045552182 TSecr=2916032404"
"1912","28.331494190","192.168.1.2","192.168.1.55","TCP","66","49766  >  8004 [ACK] Seq=144 Ack=299926 Win=140288 Len=0 TSval=3045552186 TSecr=2916032404"
"1913","28.331518116","192.168.1.55","192.168.1.2","TCP","1514","8004  >  49766 [ACK] Seq=385358 Ack=144 Win=65024 Len=1448 TSval=2916032412 TSecr=3045552186 [TCP segment of a reassembled PDU]"
"1914","28.331519913","192.168.1.55","192.168.1.2","TCP","1514","8004  >  49766 [ACK] Seq=386806 Ack=144 Win=65024 Len=1448 TSval=2916032412 TSecr=3045552186 [TCP segment of a reassembled PDU]"
"1915","28.331520913","192.168.1.55","192.168.1.2","TCP","1514","8004  >  49766 [ACK] Seq=388254 Ack=144 Win=65024 Len=1448 TSval=2916032412 TSecr=3045552186 [TCP segment of a reassembled PDU]"
"1916","28.331522005","192.168.1.55","192.168.1.2","TCP","1514","8004  >  49766 [ACK] Seq=389702 Ack=144 Win=65024 Len=1448 TSval=2916032412 TSecr=3045552186 [TCP segment of a reassembled PDU]"
"1917","28.331523301","192.168.1.55","192.168.1.2","TCP","1514","8004  >  49766 [ACK] Seq=391150 Ack=144 Win=65024 Len=1448 TSval=2916032412 TSecr=3045552186 [TCP segment of a reassembled PDU]"
"1918","28.331524301","192.168.1.55","192.168.1.2","TCP","1514","8004  >  49766 [ACK] Seq=392598 Ack=144 Win=65024 Len=1448 TSval=2916032412 TSecr=3045552186 [TCP segment of a reassembled PDU]"
"1919","28.331525209","192.168.1.55","192.168.1.2","TCP","1514","8004  >  49766 [ACK] Seq=394046 Ack=144 Win=65024 Len=1448 TSval=2916032412 TSecr=3045552186 [TCP segment of a reassembled PDU]"
"1920","28.331526172","192.168.1.55","192.168.1.2","TCP","1514","8004  >  49766 [ACK] Seq=395494 Ack=144 Win=65024 Len=1448 TSval=2916032412 TSecr=3045552186 [TCP segment of a reassembled PDU]"
"1921","28.331527079","192.168.1.55","192.168.1.2","TCP","1514","8004  >  49766 [ACK] Seq=396942 Ack=144 Win=65024 Len=1448 TSval=2916032412 TSecr=3045552186 [TCP segment of a reassembled PDU]"
"1922","28.331527968","192.168.1.55","192.168.1.2","TCP","1514","8004  >  49766 [ACK] Seq=398390 Ack=144 Win=65024 Len=1448 TSval=2916032412 TSecr=3045552186 [TCP segment of a reassembled PDU]"
"1923","28.331529024","192.168.1.55","192.168.1.2","TCP","1514","8004  >  49766 [ACK] Seq=399838 Ack=144 Win=65024 Len=1448 TSval=2916032412 TSecr=3045552186 [TCP segment of a reassembled PDU]"
"1924","28.331529894","192.168.1.55","192.168.1.2","TCP","1514","8004  >  49766 [ACK] Seq=401286 Ack=144 Win=65024 Len=1448 TSval=2916032412 TSecr=3045552186 [TCP segment of a reassembled PDU]"
"1925","28.331530783","192.168.1.55","192.168.1.2","TCP","1514","8004  >  49766 [ACK] Seq=402734 Ack=144 Win=65024 Len=1448 TSval=2916032412 TSecr=3045552186 [TCP segment of a reassembled PDU]"
"1926","28.331531709","192.168.1.55","192.168.1.2","TCP","1514","8004  >  49766 [ACK] Seq=404182 Ack=144 Win=65024 Len=1448 TSval=2916032412 TSecr=3045552186 [TCP segment of a reassembled PDU]"
"1927","28.331532598","192.168.1.55","192.168.1.2","TCP","1514","8004  >  49766 [ACK] Seq=405630 Ack=144 Win=65024 Len=1448 TSval=2916032412 TSecr=3045552186 [TCP segment of a reassembled PDU]"
"1928","28.331533579","192.168.1.55","192.168.1.2","TCP","1514","8004  >  49766 [ACK] Seq=407078 Ack=144 Win=65024 Len=1448 TSval=2916032412 TSecr=3045552186 [TCP segment of a reassembled PDU]"
"1929","28.331534542","192.168.1.55","192.168.1.2","TCP","1514","8004  >  49766 [PSH, ACK] Seq=408526 Ack=144 Win=65024 Len=1448 TSval=2916032412 TSecr=3045552186 [TCP segment of a reassembled PDU]"
"1930","28.331538264","192.168.1.2","192.168.1.55","TCP","66","49766  >  8004 [ACK] Seq=144 Ack=308614 Win=157696 Len=0 TSval=3045552186 TSecr=2916032405"
"1931","28.331566357","192.168.1.55","192.168.1.2","TCP","1514","8004  >  49766 [ACK] Seq=409974 Ack=144 Win=65024 Len=1448 TSval=2916032412 TSecr=3045552186 [TCP segment of a reassembled PDU]"
"1932","28.331568413","192.168.1.55","192.168.1.2","TCP","1514","8004  >  49766 [ACK] Seq=411422 Ack=144 Win=65024 Len=1448 TSval=2916032412 TSecr=3045552186 [TCP segment of a reassembled PDU]"
"1933","28.331569339","192.168.1.55","192.168.1.2","TCP","1514","8004  >  49766 [ACK] Seq=412870 Ack=144 Win=65024 Len=1448 TSval=2916032412 TSecr=3045552186 [TCP segment of a reassembled PDU]"
"1934","28.331570376","192.168.1.55","192.168.1.2","TCP","1514","8004  >  49766 [ACK] Seq=414318 Ack=144 Win=65024 Len=1448 TSval=2916032412 TSecr=3045552186 [TCP segment of a reassembled PDU]"
"1935","28.331571524","192.168.1.55","192.168.1.2","TCP","1514","8004  >  49766 [ACK] Seq=415766 Ack=144 Win=65024 Len=1448 TSval=2916032412 TSecr=3045552186 [TCP segment of a reassembled PDU]"
"1936","28.331572616","192.168.1.55","192.168.1.2","TCP","1514","8004  >  49766 [ACK] Seq=417214 Ack=144 Win=65024 Len=1448 TSval=2916032412 TSecr=3045552186 [TCP segment of a reassembled PDU]"
"1937","28.331573616","192.168.1.55","192.168.1.2","TCP","1514","8004  >  49766 [ACK] Seq=418662 Ack=144 Win=65024 Len=1448 TSval=2916032412 TSecr=3045552186 [TCP segment of a reassembled PDU]"
"1938","28.331574672","192.168.1.55","192.168.1.2","TCP","1514","8004  >  49766 [ACK] Seq=420110 Ack=144 Win=65024 Len=1448 TSval=2916032412 TSecr=3045552186 [TCP segment of a reassembled PDU]"
"1939","28.331575783","192.168.1.55","192.168.1.2","TCP","1514","8004  >  49766 [ACK] Seq=421558 Ack=144 Win=65024 Len=1448 TSval=2916032412 TSecr=3045552186 [TCP segment of a reassembled PDU]"
"1940","28.331576801","192.168.1.55","192.168.1.2","TCP","1514","8004  >  49766 [ACK] Seq=423006 Ack=144 Win=65024 Len=1448 TSval=2916032412 TSecr=3045552186 [TCP segment of a reassembled PDU]"
"1941","28.331577746","192.168.1.55","192.168.1.2","TCP","1514","8004  >  49766 [ACK] Seq=424454 Ack=144 Win=65024 Len=1448 TSval=2916032412 TSecr=3045552186 [TCP segment of a reassembled PDU]"
"1942","28.331579209","192.168.1.55","192.168.1.2","TCP","1514","8004  >  49766 [ACK] Seq=425902 Ack=144 Win=65024 Len=1448 TSval=2916032412 TSecr=3045552186 [TCP segment of a reassembled PDU]"
"1943","28.331580376","192.168.1.55","192.168.1.2","TCP","1514","8004  >  49766 [ACK] Seq=427350 Ack=144 Win=65024 Len=1448 TSval=2916032412 TSecr=3045552186 [TCP segment of a reassembled PDU]"
"1944","28.331581561","192.168.1.55","192.168.1.2","TCP","1514","8004  >  49766 [ACK] Seq=428798 Ack=144 Win=65024 Len=1448 TSval=2916032412 TSecr=3045552186 [TCP segment of a reassembled PDU]"
"1945","28.331582876","192.168.1.55","192.168.1.2","TCP","1514","8004  >  49766 [ACK] Seq=430246 Ack=144 Win=65024 Len=1448 TSval=2916032412 TSecr=3045552186 [TCP segment of a reassembled PDU]"
"1946","28.331583802","192.168.1.55","192.168.1.2","TCP","1514","8004  >  49766 [ACK] Seq=431694 Ack=144 Win=65024 Len=1448 TSval=2916032412 TSecr=3045552186 [TCP segment of a reassembled PDU]"
"1947","28.331584764","192.168.1.55","192.168.1.2","TCP","1514","8004  >  49766 [ACK] Seq=433142 Ack=144 Win=65024 Len=1448 TSval=2916032412 TSecr=3045552186 [TCP segment of a reassembled PDU]"
"1948","28.331585802","192.168.1.55","192.168.1.2","TCP","1514","8004  >  49766 [ACK] Seq=434590 Ack=144 Win=65024 Len=1448 TSval=2916032412 TSecr=3045552186 [TCP segment of a reassembled PDU]"
"1949","28.331586857","192.168.1.55","192.168.1.2","TCP","1514","8004  >  49766 [ACK] Seq=436038 Ack=144 Win=65024 Len=1448 TSval=2916032412 TSecr=3045552186 [TCP segment of a reassembled PDU]"
"1950","28.331587783","192.168.1.55","192.168.1.2","TCP","1514","8004  >  49766 [ACK] Seq=437486 Ack=144 Win=65024 Len=1448 TSval=2916032412 TSecr=3045552186 [TCP segment of a reassembled PDU]"
"1951","28.331588727","192.168.1.55","192.168.1.2","TCP","1514","8004  >  49766 [ACK] Seq=438934 Ack=144 Win=65024 Len=1448 TSval=2916032412 TSecr=3045552186 [TCP segment of a reassembled PDU]"
"1952","28.331589839","192.168.1.55","192.168.1.2","TCP","1514","8004  >  49766 [ACK] Seq=440382 Ack=144 Win=65024 Len=1448 TSval=2916032412 TSecr=3045552186 [TCP segment of a reassembled PDU]"
"1953","28.331590894","192.168.1.55","192.168.1.2","TCP","1514","8004  >  49766 [PSH, ACK] Seq=441830 Ack=144 Win=65024 Len=1448 TSval=2916032412 TSecr=3045552186 [TCP segment of a reassembled PDU]"
"1954","28.331670505","192.168.1.2","192.168.1.55","TCP","66","49766  >  8004 [ACK] Seq=144 Ack=310062 Win=160768 Len=0 TSval=3045552186 TSecr=2916032405"
"1955","28.331676487","192.168.1.2","192.168.1.55","TCP","66","49766  >  8004 [ACK] Seq=144 Ack=323094 Win=163840 Len=0 TSval=3045552186 TSecr=2916032405"
"1956","28.331708598","192.168.1.55","192.168.1.2","TCP","1514","8004  >  49766 [ACK] Seq=443278 Ack=144 Win=65024 Len=1448 TSval=2916032412 TSecr=3045552186 [TCP segment of a reassembled PDU]"
"1957","28.331710728","192.168.1.55","192.168.1.2","TCP","1514","8004  >  49766 [ACK] Seq=444726 Ack=144 Win=65024 Len=1448 TSval=2916032412 TSecr=3045552186 [TCP segment of a reassembled PDU]"
"1958","28.331712005","192.168.1.55","192.168.1.2","TCP","1514","8004  >  49766 [ACK] Seq=446174 Ack=144 Win=65024 Len=1448 TSval=2916032412 TSecr=3045552186 [TCP segment of a reassembled PDU]"
"1959","28.331713135","192.168.1.55","192.168.1.2","TCP","1514","8004  >  49766 [ACK] Seq=447622 Ack=144 Win=65024 Len=1448 TSval=2916032412 TSecr=3045552186 [TCP segment of a reassembled PDU]"
"1960","28.331714079","192.168.1.55","192.168.1.2","TCP","1514","8004  >  49766 [ACK] Seq=449070 Ack=144 Win=65024 Len=1448 TSval=2916032412 TSecr=3045552186 [TCP segment of a reassembled PDU]"
"1961","28.331715061","192.168.1.55","192.168.1.2","TCP","1514","8004  >  49766 [ACK] Seq=450518 Ack=144 Win=65024 Len=1448 TSval=2916032412 TSecr=3045552186 [TCP segment of a reassembled PDU]"
"1962","28.331716320","192.168.1.55","192.168.1.2","TCP","1514","8004  >  49766 [ACK] Seq=451966 Ack=144 Win=65024 Len=1448 TSval=2916032412 TSecr=3045552186 [TCP segment of a reassembled PDU]"
"1963","28.331717265","192.168.1.55","192.168.1.2","TCP","1514","8004  >  49766 [ACK] Seq=453414 Ack=144 Win=65024 Len=1448 TSval=2916032412 TSecr=3045552186 [TCP segment of a reassembled PDU]"
"1964","28.331718339","192.168.1.55","192.168.1.2","TCP","1514","8004  >  49766 [ACK] Seq=454862 Ack=144 Win=65024 Len=1448 TSval=2916032412 TSecr=3045552186 [TCP segment of a reassembled PDU]"
"1965","28.331719265","192.168.1.55","192.168.1.2","TCP","1514","8004  >  49766 [ACK] Seq=456310 Ack=144 Win=65024 Len=1448 TSval=2916032412 TSecr=3045552186 [TCP segment of a reassembled PDU]"
"1966","28.331720394","192.168.1.55","192.168.1.2","TCP","1514","8004  >  49766 [ACK] Seq=457758 Ack=144 Win=65024 Len=1448 TSval=2916032412 TSecr=3045552186 [TCP segment of a reassembled PDU]"
"1967","28.331721376","192.168.1.55","192.168.1.2","TCP","1514","8004  >  49766 [ACK] Seq=459206 Ack=144 Win=65024 Len=1448 TSval=2916032412 TSecr=3045552186 [TCP segment of a reassembled PDU]"
"1968","28.331722598","192.168.1.55","192.168.1.2","TCP","1514","8004  >  49766 [ACK] Seq=460654 Ack=144 Win=65024 Len=1448 TSval=2916032412 TSecr=3045552186 [TCP segment of a reassembled PDU]"
"1969","28.331723746","192.168.1.55","192.168.1.2","TCP","1514","8004  >  49766 [ACK] Seq=462102 Ack=144 Win=65024 Len=1448 TSval=2916032412 TSecr=3045552186 [TCP segment of a reassembled PDU]"
"1970","28.331724654","192.168.1.55","192.168.1.2","TCP","1514","8004  >  49766 [ACK] Seq=463550 Ack=144 Win=65024 Len=1448 TSval=2916032412 TSecr=3045552186 [TCP segment of a reassembled PDU]"
"1971","28.331725691","192.168.1.55","192.168.1.2","TCP","1514","8004  >  49766 [ACK] Seq=464998 Ack=144 Win=65024 Len=1448 TSval=2916032412 TSecr=3045552186 [TCP segment of a reassembled PDU]"
"1972","28.331726746","192.168.1.55","192.168.1.2","TCP","1514","8004  >  49766 [ACK] Seq=466446 Ack=144 Win=65024 Len=1448 TSval=2916032412 TSecr=3045552186 [TCP segment of a reassembled PDU]"
"1973","28.331728117","192.168.1.55","192.168.1.2","TCP","1514","8004  >  49766 [ACK] Seq=467894 Ack=144 Win=65024 Len=1448 TSval=2916032412 TSecr=3045552186 [TCP segment of a reassembled PDU]"
"1974","28.331729635","192.168.1.55","192.168.1.2","TCP","1514","8004  >  49766 [ACK] Seq=469342 Ack=144 Win=65024 Len=1448 TSval=2916032412 TSecr=3045552186 [TCP segment of a reassembled PDU]"
"1975","28.331731580","192.168.1.55","192.168.1.2","TCP","1514","8004  >  49766 [ACK] Seq=470790 Ack=144 Win=65024 Len=1448 TSval=2916032412 TSecr=3045552186 [TCP segment of a reassembled PDU]"
"1976","28.331732654","192.168.1.55","192.168.1.2","TCP","1514","8004  >  49766 [ACK] Seq=472238 Ack=144 Win=65024 Len=1448 TSval=2916032412 TSecr=3045552186 [TCP segment of a reassembled PDU]"
"1977","28.331733783","192.168.1.55","192.168.1.2","TCP","1514","8004  >  49766 [ACK] Seq=473686 Ack=144 Win=65024 Len=1448 TSval=2916032412 TSecr=3045552186 [TCP segment of a reassembled PDU]"
"1978","28.331735135","192.168.1.55","192.168.1.2","TCP","1514","8004  >  49766 [PSH, ACK] Seq=475134 Ack=144 Win=65024 Len=1448 TSval=2916032412 TSecr=3045552186 [TCP segment of a reassembled PDU]"
"1979","28.331738950","192.168.1.2","192.168.1.55","TCP","66","49766  >  8004 [ACK] Seq=144 Ack=340278 Win=171008 Len=0 TSval=3045552187 TSecr=2916032405"
"1980","28.331746894","192.168.1.2","192.168.1.55","TCP","66","49766  >  8004 [ACK] Seq=144 Ack=370878 Win=161792 Len=0 TSval=3045552187 TSecr=2916032405"
"1981","28.331775802","192.168.1.55","192.168.1.2","TCP","1514","8004  >  49766 [ACK] Seq=476582 Ack=144 Win=65024 Len=1448 TSval=2916032412 TSecr=3045552187 [TCP segment of a reassembled PDU]"
"1982","28.331777431","192.168.1.55","192.168.1.2","TCP","1514","8004  >  49766 [ACK] Seq=478030 Ack=144 Win=65024 Len=1448 TSval=2916032412 TSecr=3045552187 [TCP segment of a reassembled PDU]"
"1983","28.331778487","192.168.1.55","192.168.1.2","TCP","1514","8004  >  49766 [ACK] Seq=479478 Ack=144 Win=65024 Len=1448 TSval=2916032412 TSecr=3045552187 [TCP segment of a reassembled PDU]"
"1984","28.331779524","192.168.1.55","192.168.1.2","TCP","1514","8004  >  49766 [ACK] Seq=480926 Ack=144 Win=65024 Len=1448 TSval=2916032412 TSecr=3045552187 [TCP segment of a reassembled PDU]"
"1985","28.331780450","192.168.1.55","192.168.1.2","TCP","1514","8004  >  49766 [ACK] Seq=482374 Ack=144 Win=65024 Len=1448 TSval=2916032412 TSecr=3045552187 [TCP segment of a reassembled PDU]"
"1986","28.331781487","192.168.1.55","192.168.1.2","TCP","1514","8004  >  49766 [ACK] Seq=483822 Ack=144 Win=65024 Len=1448 TSval=2916032412 TSecr=3045552187 [TCP segment of a reassembled PDU]"
"1987","28.331782468","192.168.1.55","192.168.1.2","TCP","1514","8004  >  49766 [ACK] Seq=485270 Ack=144 Win=65024 Len=1448 TSval=2916032412 TSecr=3045552187 [TCP segment of a reassembled PDU]"
"1988","28.331783357","192.168.1.55","192.168.1.2","TCP","1514","8004  >  49766 [ACK] Seq=486718 Ack=144 Win=65024 Len=1448 TSval=2916032412 TSecr=3045552187 [TCP segment of a reassembled PDU]"
"1989","28.331784487","192.168.1.55","192.168.1.2","TCP","1514","8004  >  49766 [ACK] Seq=488166 Ack=144 Win=65024 Len=1448 TSval=2916032412 TSecr=3045552187 [TCP segment of a reassembled PDU]"
"1990","28.331785524","192.168.1.55","192.168.1.2","TCP","1514","8004  >  49766 [ACK] Seq=489614 Ack=144 Win=65024 Len=1448 TSval=2916032412 TSecr=3045552187 [TCP segment of a reassembled PDU]"
"1991","28.331786524","192.168.1.55","192.168.1.2","TCP","1514","8004  >  49766 [ACK] Seq=491062 Ack=144 Win=65024 Len=1448 TSval=2916032412 TSecr=3045552187 [TCP segment of a reassembled PDU]"
"1992","28.331787580","192.168.1.55","192.168.1.2","TCP","1514","8004  >  49766 [ACK] Seq=492510 Ack=144 Win=65024 Len=1448 TSval=2916032412 TSecr=3045552187 [TCP segment of a reassembled PDU]"
"1993","28.331788654","192.168.1.55","192.168.1.2","TCP","1514","8004  >  49766 [ACK] Seq=493958 Ack=144 Win=65024 Len=1448 TSval=2916032412 TSecr=3045552187 [TCP segment of a reassembled PDU]"
"1994","28.331790431","192.168.1.55","192.168.1.2","TCP","1514","8004  >  49766 [ACK] Seq=495406 Ack=144 Win=65024 Len=1448 TSval=2916032412 TSecr=3045552187 [TCP segment of a reassembled PDU]"
"1995","28.331791431","192.168.1.55","192.168.1.2","TCP","1514","8004  >  49766 [PSH, ACK] Seq=496854 Ack=144 Win=65024 Len=1448 TSval=2916032412 TSecr=3045552187 [TCP segment of a reassembled PDU]"
"1996","28.333108156","192.168.1.55","192.168.1.2","HTTP","222","HTTP/1.0 200 OK  (PNG)"
"1997","28.337084329","192.168.1.2","192.168.1.55","TCP","66","49766  >  8004 [ACK] Seq=144 Ack=376670 Win=176128 Len=0 TSval=3045552188 TSecr=2916032405"
"1998","28.340016074","192.168.1.2","192.168.1.55","TCP","66","49766  >  8004 [ACK] Seq=144 Ack=385358 Win=186368 Len=0 TSval=3045552191 TSecr=2916032412"
"1999","28.340196222","192.168.1.2","192.168.1.55","TCP","66","49766  >  8004 [ACK] Seq=144 Ack=409974 Win=177152 Len=0 TSval=3045552192 TSecr=2916032412"
"2000","28.340202630","192.168.1.2","192.168.1.55","TCP","66","49766  >  8004 [ACK] Seq=144 Ack=425902 Win=164864 Len=0 TSval=3045552192 TSecr=2916032412"
"2001","28.340208611","192.168.1.2","192.168.1.55","TCP","66","49766  >  8004 [ACK] Seq=144 Ack=443278 Win=180224 Len=0 TSval=3045552194 TSecr=2916032412"
"2002","28.340214963","192.168.1.2","192.168.1.55","TCP","66","49766  >  8004 [ACK] Seq=144 Ack=462102 Win=166912 Len=0 TSval=3045552194 TSecr=2916032412"
"2003","28.340328611","192.168.1.2","192.168.1.55","TCP","66","49766  >  8004 [ACK] Seq=144 Ack=476582 Win=184320 Len=0 TSval=3045552194 TSecr=2916032412"
"2004","28.340334685","192.168.1.2","192.168.1.55","TCP","66","49766  >  8004 [ACK] Seq=144 Ack=480926 Win=180224 Len=0 TSval=3045552194 TSecr=2916032412"
"2005","28.341248650","192.168.1.2","192.168.1.55","TCP","66","49766  >  8004 [ACK] Seq=144 Ack=495406 Win=181248 Len=0 TSval=3045552196 TSecr=2916032412"
"2006","28.341376817","192.168.1.2","192.168.1.55","TCP","66","49766  >  8004 [ACK] Seq=144 Ack=496854 Win=189440 Len=0 TSval=3045552197 TSecr=2916032412"
"2007","28.341382446","192.168.1.2","192.168.1.55","TCP","66","49766  >  8004 [ACK] Seq=144 Ack=498302 Win=191488 Len=0 TSval=3045552197 TSecr=2916032412"
"2008","28.343111690","192.168.1.2","192.168.1.55","TCP","66","49766  >  8004 [FIN, ACK] Seq=144 Ack=498459 Win=193536 Len=0 TSval=3045552198 TSecr=2916032413"
"2009","28.343193320","192.168.1.55","192.168.1.2","TCP","66","8004  >  49766 [ACK] Seq=498459 Ack=145 Win=65024 Len=0 TSval=2916032423 TSecr=3045552198"
"2010","28.343243412","192.168.1.2","192.168.1.55","TCP","74","49768  >  8004 [SYN] Seq=0 Win=64240 Len=0 MSS=1460 SACK_PERM TSval=3045552198 TSecr=0 WS=1024"
"2011","28.343285338","192.168.1.55","192.168.1.2","TCP","74","8004  >  49768 [SYN, ACK] Seq=0 Ack=1 Win=65160 Len=0 MSS=1460 SACK_PERM TSval=2916032423 TSecr=3045552198 WS=128"
"2012","28.346497714","192.168.1.2","192.168.1.55","TCP","66","49768  >  8004 [ACK] Seq=1 Ack=1 Win=64512 Len=0 TSval=3045552201 TSecr=2916032423"
"2013","28.349695330","192.168.1.2","192.168.1.55","HTTP","206","GET /stego_benchmark.png HTTP/1.1 "
"2014","28.349707978","192.168.1.55","192.168.1.2","TCP","66","8004  >  49768 [ACK] Seq=1 Ack=141 Win=65024 Len=0 TSval=2916032430 TSecr=3045552201"
"2015","28.350187219","192.168.1.55","192.168.1.2","TCP","255","8004  >  49768 [PSH, ACK] Seq=1 Ack=141 Win=65024 Len=189 TSval=2916032430 TSecr=3045552201 [TCP segment of a reassembled PDU]"
"2016","28.350269182","192.168.1.55","192.168.1.2","TCP","1514","8004  >  49768 [ACK] Seq=190 Ack=141 Win=65024 Len=1448 TSval=2916032430 TSecr=3045552201 [TCP segment of a reassembled PDU]"
"2017","28.350273812","192.168.1.55","192.168.1.2","TCP","1514","8004  >  49768 [ACK] Seq=1638 Ack=141 Win=65024 Len=1448 TSval=2916032430 TSecr=3045552201 [TCP segment of a reassembled PDU]"
"2018","28.350275442","192.168.1.55","192.168.1.2","TCP","1514","8004  >  49768 [ACK] Seq=3086 Ack=141 Win=65024 Len=1448 TSval=2916032430 TSecr=3045552201 [TCP segment of a reassembled PDU]"
"2019","28.350276775","192.168.1.55","192.168.1.2","TCP","1514","8004  >  49768 [ACK] Seq=4534 Ack=141 Win=65024 Len=1448 TSval=2916032430 TSecr=3045552201 [TCP segment of a reassembled PDU]"
"2020","28.350278571","192.168.1.55","192.168.1.2","TCP","1514","8004  >  49768 [PSH, ACK] Seq=5982 Ack=141 Win=65024 Len=1448 TSval=2916032430 TSecr=3045552201 [TCP segment of a reassembled PDU]"
"2021","28.350306275","192.168.1.55","192.168.1.2","TCP","1514","8004  >  49768 [ACK] Seq=7430 Ack=141 Win=65024 Len=1448 TSval=2916032430 TSecr=3045552201 [TCP segment of a reassembled PDU]"
"2022","28.350308294","192.168.1.55","192.168.1.2","TCP","1514","8004  >  49768 [ACK] Seq=8878 Ack=141 Win=65024 Len=1448 TSval=2916032430 TSecr=3045552201 [TCP segment of a reassembled PDU]"
"2023","28.350309627","192.168.1.55","192.168.1.2","TCP","1514","8004  >  49768 [ACK] Seq=10326 Ack=141 Win=65024 Len=1448 TSval=2916032430 TSecr=3045552201 [TCP segment of a reassembled PDU]"
"2024","28.350310997","192.168.1.55","192.168.1.2","TCP","1514","8004  >  49768 [PSH, ACK] Seq=11774 Ack=141 Win=65024 Len=1448 TSval=2916032430 TSecr=3045552201 [TCP segment of a reassembled PDU]"
"2025","28.353826503","192.168.1.2","192.168.1.55","TCP","66","49768  >  8004 [ACK] Seq=141 Ack=190 Win=64512 Len=0 TSval=3045552208 TSecr=2916032430"
"2026","28.353887170","192.168.1.55","192.168.1.2","TCP","1514","8004  >  49768 [ACK] Seq=13222 Ack=141 Win=65024 Len=1448 TSval=2916032434 TSecr=3045552208 [TCP segment of a reassembled PDU]"
"2027","28.353892725","192.168.1.55","192.168.1.2","TCP","1514","8004  >  49768 [PSH, ACK] Seq=14670 Ack=141 Win=65024 Len=1448 TSval=2916032434 TSecr=3045552208 [TCP segment of a reassembled PDU]"
"2028","28.353963336","192.168.1.2","192.168.1.55","TCP","66","49768  >  8004 [ACK] Seq=141 Ack=5982 Win=76800 Len=0 TSval=3045552208 TSecr=2916032430"
"2029","28.353994188","192.168.1.55","192.168.1.2","TCP","1514","8004  >  49768 [ACK] Seq=16118 Ack=141 Win=65024 Len=1448 TSval=2916032434 TSecr=3045552208 [TCP segment of a reassembled PDU]"
"2030","28.353996355","192.168.1.55","192.168.1.2","TCP","1514","8004  >  49768 [ACK] Seq=17566 Ack=141 Win=65024 Len=1448 TSval=2916032434 TSecr=3045552208 [TCP segment of a reassembled PDU]"
"2031","28.353998151","192.168.1.55","192.168.1.2","TCP","1514","8004  >  49768 [ACK] Seq=19014 Ack=141 Win=65024 Len=1448 TSval=2916032434 TSecr=3045552208 [TCP segment of a reassembled PDU]"
"2032","28.353999447","192.168.1.55","192.168.1.2","TCP","1514","8004  >  49768 [ACK] Seq=20462 Ack=141 Win=65024 Len=1448 TSval=2916032434 TSecr=3045552208 [TCP segment of a reassembled PDU]"
"2033","28.354000818","192.168.1.55","192.168.1.2","TCP","1514","8004  >  49768 [ACK] Seq=21910 Ack=141 Win=65024 Len=1448 TSval=2916032434 TSecr=3045552208 [TCP segment of a reassembled PDU]"
"2034","28.354002170","192.168.1.55","192.168.1.2","TCP","1514","8004  >  49768 [ACK] Seq=23358 Ack=141 Win=65024 Len=1448 TSval=2916032434 TSecr=3045552208 [TCP segment of a reassembled PDU]"
"2035","28.354003503","192.168.1.55","192.168.1.2","TCP","1514","8004  >  49768 [PSH, ACK] Seq=24806 Ack=141 Win=65024 Len=1448 TSval=2916032434 TSecr=3045552208 [TCP segment of a reassembled PDU]"
"2036","28.354009059","192.168.1.2","192.168.1.55","TCP","66","49768  >  8004 [ACK] Seq=141 Ack=7430 Win=79872 Len=0 TSval=3045552209 TSecr=2916032430"
"2037","28.354016947","192.168.1.2","192.168.1.55","TCP","66","49768  >  8004 [ACK] Seq=141 Ack=13222 Win=80896 Len=0 TSval=3045552209 TSecr=2916032430"
"2038","28.354043170","192.168.1.55","192.168.1.2","TCP","1514","8004  >  49768 [ACK] Seq=26254 Ack=141 Win=65024 Len=1448 TSval=2916032434 TSecr=3045552209 [TCP segment of a reassembled PDU]"
"2039","28.354046003","192.168.1.55","192.168.1.2","TCP","1514","8004  >  49768 [ACK] Seq=27702 Ack=141 Win=65024 Len=1448 TSval=2916032434 TSecr=3045552209 [TCP segment of a reassembled PDU]"
"2040","28.354047373","192.168.1.55","192.168.1.2","TCP","1514","8004  >  49768 [ACK] Seq=29150 Ack=141 Win=65024 Len=1448 TSval=2916032434 TSecr=3045552209 [TCP segment of a reassembled PDU]"
"2041","28.354048762","192.168.1.55","192.168.1.2","TCP","1514","8004  >  49768 [ACK] Seq=30598 Ack=141 Win=65024 Len=1448 TSval=2916032434 TSecr=3045552209 [TCP segment of a reassembled PDU]"
"2042","28.354050151","192.168.1.55","192.168.1.2","TCP","1514","8004  >  49768 [ACK] Seq=32046 Ack=141 Win=65024 Len=1448 TSval=2916032434 TSecr=3045552209 [TCP segment of a reassembled PDU]"
"2043","28.354051596","192.168.1.55","192.168.1.2","TCP","1514","8004  >  49768 [ACK] Seq=33494 Ack=141 Win=65024 Len=1448 TSval=2916032434 TSecr=3045552209 [TCP segment of a reassembled PDU]"
"2044","28.354052892","192.168.1.55","192.168.1.2","TCP","1514","8004  >  49768 [ACK] Seq=34942 Ack=141 Win=65024 Len=1448 TSval=2916032434 TSecr=3045552209 [TCP segment of a reassembled PDU]"
"2045","28.354054207","192.168.1.55","192.168.1.2","TCP","1514","8004  >  49768 [ACK] Seq=36390 Ack=141 Win=65024 Len=1448 TSval=2916032434 TSecr=3045552209 [TCP segment of a reassembled PDU]"
"2046","28.354055744","192.168.1.55","192.168.1.2","TCP","1514","8004  >  49768 [ACK] Seq=37838 Ack=141 Win=65024 Len=1448 TSval=2916032434 TSecr=3045552209 [TCP segment of a reassembled PDU]"
"2047","28.354057244","192.168.1.55","192.168.1.2","TCP","1514","8004  >  49768 [PSH, ACK] Seq=39286 Ack=141 Win=65024 Len=1448 TSval=2916032434 TSecr=3045552209 [TCP segment of a reassembled PDU]"
"2048","28.354886856","192.168.1.55","192.168.1.2","TCP","1514","8004  >  49768 [ACK] Seq=40734 Ack=141 Win=65024 Len=1448 TSval=2916032435 TSecr=3045552209 [TCP segment of a reassembled PDU]"
"2049","28.360312679","192.168.1.2","192.168.1.55","TCP","66","49768  >  8004 [ACK] Seq=141 Ack=16118 Win=87040 Len=0 TSval=3045552215 TSecr=2916032434"
"2050","28.360384717","192.168.1.55","192.168.1.2","TCP","1514","8004  >  49768 [ACK] Seq=42182 Ack=141 Win=65024 Len=1448 TSval=2916032441 TSecr=3045552215 [TCP segment of a reassembled PDU]"
"2051","28.360389513","192.168.1.55","192.168.1.2","TCP","1514","8004  >  49768 [PSH, ACK] Seq=43630 Ack=141 Win=65024 Len=1448 TSval=2916032441 TSecr=3045552215 [TCP segment of a reassembled PDU]"
"2052","28.360451291","192.168.1.2","192.168.1.55","TCP","66","49768  >  8004 [ACK] Seq=141 Ack=26254 Win=82944 Len=0 TSval=3045552215 TSecr=2916032434"
"2053","28.360484106","192.168.1.55","192.168.1.2","TCP","1514","8004  >  49768 [ACK] Seq=45078 Ack=141 Win=65024 Len=1448 TSval=2916032441 TSecr=3045552215 [TCP segment of a reassembled PDU]"
"2054","28.360487735","192.168.1.55","192.168.1.2","TCP","1514","8004  >  49768 [ACK] Seq=46526 Ack=141 Win=65024 Len=1448 TSval=2916032441 TSecr=3045552215 [TCP segment of a reassembled PDU]"
"2055","28.360489458","192.168.1.55","192.168.1.2","TCP","1514","8004  >  49768 [ACK] Seq=47974 Ack=141 Win=65024 Len=1448 TSval=2916032441 TSecr=3045552215 [TCP segment of a reassembled PDU]"
"2056","28.360490643","192.168.1.55","192.168.1.2","TCP","1514","8004  >  49768 [ACK] Seq=49422 Ack=141 Win=65024 Len=1448 TSval=2916032441 TSecr=3045552215 [TCP segment of a reassembled PDU]"
"2057","28.360491828","192.168.1.55","192.168.1.2","TCP","1514","8004  >  49768 [ACK] Seq=50870 Ack=141 Win=65024 Len=1448 TSval=2916032441 TSecr=3045552215 [TCP segment of a reassembled PDU]"
"2058","28.360493124","192.168.1.55","192.168.1.2","TCP","1514","8004  >  49768 [ACK] Seq=52318 Ack=141 Win=65024 Len=1448 TSval=2916032441 TSecr=3045552215 [TCP segment of a reassembled PDU]"
"2059","28.360494402","192.168.1.55","192.168.1.2","TCP","1514","8004  >  49768 [ACK] Seq=53766 Ack=141 Win=65024 Len=1448 TSval=2916032441 TSecr=3045552215 [TCP segment of a reassembled PDU]"
"2060","28.360495717","192.168.1.55","192.168.1.2","TCP","1514","8004  >  49768 [ACK] Seq=55214 Ack=141 Win=65024 Len=1448 TSval=2916032441 TSecr=3045552215 [TCP segment of a reassembled PDU]"
"2061","28.360497346","192.168.1.55","192.168.1.2","TCP","1514","8004  >  49768 [ACK] Seq=56662 Ack=141 Win=65024 Len=1448 TSval=2916032441 TSecr=3045552215 [TCP segment of a reassembled PDU]"
"2062","28.360499143","192.168.1.55","192.168.1.2","TCP","1514","8004  >  49768 [ACK] Seq=58110 Ack=141 Win=65024 Len=1448 TSval=2916032441 TSecr=3045552215 [TCP segment of a reassembled PDU]"
"2063","28.360501513","192.168.1.55","192.168.1.2","TCP","1514","8004  >  49768 [ACK] Seq=59558 Ack=141 Win=65024 Len=1448 TSval=2916032441 TSecr=3045552215 [TCP segment of a reassembled PDU]"
"2064","28.360502606","192.168.1.55","192.168.1.2","TCP","1514","8004  >  49768 [ACK] Seq=61006 Ack=141 Win=65024 Len=1448 TSval=2916032441 TSecr=3045552215 [TCP segment of a reassembled PDU]"
"2065","28.360503735","192.168.1.55","192.168.1.2","TCP","1514","8004  >  49768 [ACK] Seq=62454 Ack=141 Win=65024 Len=1448 TSval=2916032441 TSecr=3045552215 [TCP segment of a reassembled PDU]"
"2066","28.360505069","192.168.1.55","192.168.1.2","TCP","1514","8004  >  49768 [PSH, ACK] Seq=63902 Ack=141 Win=65024 Len=1448 TSval=2916032441 TSecr=3045552215 [TCP segment of a reassembled PDU]"
"2067","28.360509309","192.168.1.2","192.168.1.55","TCP","66","49768  >  8004 [ACK] Seq=141 Ack=40734 Win=68608 Len=0 TSval=3045552215 TSecr=2916032434"
"2068","28.360537087","192.168.1.55","192.168.1.2","TCP","1514","8004  >  49768 [ACK] Seq=65350 Ack=141 Win=65024 Len=1448 TSval=2916032441 TSecr=3045552215 [TCP segment of a reassembled PDU]"
"2069","28.360547198","192.168.1.55","192.168.1.2","TCP","1514","8004  >  49768 [ACK] Seq=66798 Ack=141 Win=65024 Len=1448 TSval=2916032441 TSecr=3045552215 [TCP segment of a reassembled PDU]"
"2070","28.360549402","192.168.1.55","192.168.1.2","TCP","1514","8004  >  49768 [ACK] Seq=68246 Ack=141 Win=65024 Len=1448 TSval=2916032441 TSecr=3045552215 [TCP segment of a reassembled PDU]"
"2071","28.360550717","192.168.1.55","192.168.1.2","TCP","1514","8004  >  49768 [ACK] Seq=69694 Ack=141 Win=65024 Len=1448 TSval=2916032441 TSecr=3045552215 [TCP segment of a reassembled PDU]"
"2072","28.360551958","192.168.1.55","192.168.1.2","TCP","1514","8004  >  49768 [ACK] Seq=71142 Ack=141 Win=65024 Len=1448 TSval=2916032441 TSecr=3045552215 [TCP segment of a reassembled PDU]"
"2073","28.360553254","192.168.1.55","192.168.1.2","TCP","1514","8004  >  49768 [ACK] Seq=72590 Ack=141 Win=65024 Len=1448 TSval=2916032441 TSecr=3045552215 [TCP segment of a reassembled PDU]"
"2074","28.360554587","192.168.1.55","192.168.1.2","TCP","1514","8004  >  49768 [ACK] Seq=74038 Ack=141 Win=65024 Len=1448 TSval=2916032441 TSecr=3045552215 [TCP segment of a reassembled PDU]"
"2075","28.360555735","192.168.1.55","192.168.1.2","TCP","1514","8004  >  49768 [PSH, ACK] Seq=75486 Ack=141 Win=65024 Len=1448 TSval=2916032441 TSecr=3045552215 [TCP segment of a reassembled PDU]"
"2076","28.360563939","192.168.1.2","192.168.1.55","TCP","66","49768  >  8004 [ACK] Seq=141 Ack=42182 Win=79872 Len=0 TSval=3045552215 TSecr=2916032435"
"2077","28.361539867","192.168.1.55","192.168.1.2","TCP","1514","8004  >  49768 [ACK] Seq=76934 Ack=141 Win=65024 Len=1448 TSval=2916032442 TSecr=3045552215 [TCP segment of a reassembled PDU]"
"2078","28.361548941","192.168.1.55","192.168.1.2","TCP","1514","8004  >  49768 [ACK] Seq=78382 Ack=141 Win=65024 Len=1448 TSval=2916032442 TSecr=3045552215 [TCP segment of a reassembled PDU]"
"2079","28.361550663","192.168.1.55","192.168.1.2","TCP","1514","8004  >  49768 [ACK] Seq=79830 Ack=141 Win=65024 Len=1448 TSval=2916032442 TSecr=3045552215 [TCP segment of a reassembled PDU]"
"2080","28.361551867","192.168.1.55","192.168.1.2","TCP","1514","8004  >  49768 [ACK] Seq=81278 Ack=141 Win=65024 Len=1448 TSval=2916032442 TSecr=3045552215 [TCP segment of a reassembled PDU]"
"2081","28.361554144","192.168.1.55","192.168.1.2","TCP","1514","8004  >  49768 [ACK] Seq=82726 Ack=141 Win=65024 Len=1448 TSval=2916032442 TSecr=3045552215 [TCP segment of a reassembled PDU]"
"2082","28.361557737","192.168.1.55","192.168.1.2","TCP","1514","8004  >  49768 [ACK] Seq=84174 Ack=141 Win=65024 Len=1448 TSval=2916032442 TSecr=3045552215 [TCP segment of a reassembled PDU]"
"2083","28.361559848","192.168.1.55","192.168.1.2","TCP","1514","8004  >  49768 [ACK] Seq=85622 Ack=141 Win=65024 Len=1448 TSval=2916032442 TSecr=3045552215 [TCP segment of a reassembled PDU]"
"2084","28.361561293","192.168.1.55","192.168.1.2","TCP","1514","8004  >  49768 [ACK] Seq=87070 Ack=141 Win=65024 Len=1448 TSval=2916032442 TSecr=3045552215 [TCP segment of a reassembled PDU]"
"2085","28.361563515","192.168.1.55","192.168.1.2","TCP","1514","8004  >  49768 [ACK] Seq=88518 Ack=141 Win=65024 Len=1448 TSval=2916032442 TSecr=3045552215 [TCP segment of a reassembled PDU]"
"2086","28.361565256","192.168.1.55","192.168.1.2","TCP","1514","8004  >  49768 [ACK] Seq=89966 Ack=141 Win=65024 Len=1448 TSval=2916032442 TSecr=3045552215 [TCP segment of a reassembled PDU]"
"2087","28.361566959","192.168.1.55","192.168.1.2","TCP","1514","8004  >  49768 [ACK] Seq=91414 Ack=141 Win=65024 Len=1448 TSval=2916032442 TSecr=3045552215 [TCP segment of a reassembled PDU]"
"2088","28.361568533","192.168.1.55","192.168.1.2","TCP","1514","8004  >  49768 [ACK] Seq=92862 Ack=141 Win=65024 Len=1448 TSval=2916032442 TSecr=3045552215 [TCP segment of a reassembled PDU]"
"2089","28.361570570","192.168.1.55","192.168.1.2","TCP","1514","8004  >  49768 [ACK] Seq=94310 Ack=141 Win=65024 Len=1448 TSval=2916032442 TSecr=3045552215 [TCP segment of a reassembled PDU]"
"2090","28.361572848","192.168.1.55","192.168.1.2","TCP","1514","8004  >  49768 [PSH, ACK] Seq=95758 Ack=141 Win=65024 Len=1448 TSval=2916032442 TSecr=3045552215 [TCP segment of a reassembled PDU]"
"2091","28.361586774","192.168.1.55","192.168.1.2","TCP","1514","8004  >  49768 [ACK] Seq=97206 Ack=141 Win=65024 Len=1448 TSval=2916032442 TSecr=3045552215 [TCP segment of a reassembled PDU]"
"2092","28.361588700","192.168.1.55","192.168.1.2","TCP","1514","8004  >  49768 [PSH, ACK] Seq=98654 Ack=141 Win=65024 Len=1448 TSval=2916032442 TSecr=3045552215 [TCP segment of a reassembled PDU]"
"2093","28.366818616","192.168.1.2","192.168.1.55","TCP","66","49768  >  8004 [ACK] Seq=141 Ack=45078 Win=91136 Len=0 TSval=3045552221 TSecr=2916032441"
"2094","28.366848708","192.168.1.55","192.168.1.2","TCP","1514","8004  >  49768 [ACK] Seq=100102 Ack=141 Win=65024 Len=1448 TSval=2916032447 TSecr=3045552221 [TCP segment of a reassembled PDU]"
"2095","28.366851912","192.168.1.55","192.168.1.2","TCP","1514","8004  >  49768 [ACK] Seq=101550 Ack=141 Win=65024 Len=1448 TSval=2916032447 TSecr=3045552221 [TCP segment of a reassembled PDU]"
"2096","28.366853171","192.168.1.55","192.168.1.2","TCP","1514","8004  >  49768 [ACK] Seq=102998 Ack=141 Win=65024 Len=1448 TSval=2916032447 TSecr=3045552221 [TCP segment of a reassembled PDU]"
"2097","28.366854356","192.168.1.55","192.168.1.2","TCP","1514","8004  >  49768 [PSH, ACK] Seq=104446 Ack=141 Win=65024 Len=1448 TSval=2916032447 TSecr=3045552221 [TCP segment of a reassembled PDU]"
"2098","28.367117672","192.168.1.2","192.168.1.55","TCP","66","49768  >  8004 [ACK] Seq=141 Ack=61006 Win=75776 Len=0 TSval=3045552221 TSecr=2916032441"
"2099","28.367131486","192.168.1.55","192.168.1.2","TCP","1514","8004  >  49768 [ACK] Seq=105894 Ack=141 Win=65024 Len=1448 TSval=2916032447 TSecr=3045552221 [TCP segment of a reassembled PDU]"
"2100","28.367133431","192.168.1.55","192.168.1.2","TCP","1514","8004  >  49768 [ACK] Seq=107342 Ack=141 Win=65024 Len=1448 TSval=2916032447 TSecr=3045552221 [TCP segment of a reassembled PDU]"
"2101","28.367134709","192.168.1.55","192.168.1.2","TCP","1514","8004  >  49768 [ACK] Seq=108790 Ack=141 Win=65024 Len=1448 TSval=2916032447 TSecr=3045552221 [TCP segment of a reassembled PDU]"
"2102","28.367135894","192.168.1.55","192.168.1.2","TCP","1514","8004  >  49768 [ACK] Seq=110238 Ack=141 Win=65024 Len=1448 TSval=2916032447 TSecr=3045552221 [TCP segment of a reassembled PDU]"
"2103","28.367136986","192.168.1.55","192.168.1.2","TCP","1514","8004  >  49768 [ACK] Seq=111686 Ack=141 Win=65024 Len=1448 TSval=2916032447 TSecr=3045552221 [TCP segment of a reassembled PDU]"
"2104","28.367138672","192.168.1.55","192.168.1.2","TCP","1514","8004  >  49768 [ACK] Seq=113134 Ack=141 Win=65024 Len=1448 TSval=2916032447 TSecr=3045552221 [TCP segment of a reassembled PDU]"
"2105","28.367139764","192.168.1.55","192.168.1.2","TCP","1514","8004  >  49768 [PSH, ACK] Seq=114582 Ack=141 Win=65024 Len=1448 TSval=2916032447 TSecr=3045552221 [TCP segment of a reassembled PDU]"
"2106","28.367143912","192.168.1.2","192.168.1.55","TCP","66","49768  >  8004 [ACK] Seq=141 Ack=65350 Win=91136 Len=0 TSval=3045552221 TSecr=2916032441"
"2107","28.367170949","192.168.1.55","192.168.1.2","TCP","1514","8004  >  49768 [ACK] Seq=116030 Ack=141 Win=65024 Len=1448 TSval=2916032447 TSecr=3045552221 [TCP segment of a reassembled PDU]"
"2108","28.367172746","192.168.1.55","192.168.1.2","TCP","1514","8004  >  49768 [ACK] Seq=117478 Ack=141 Win=65024 Len=1448 TSval=2916032447 TSecr=3045552221 [TCP segment of a reassembled PDU]"
"2109","28.367173986","192.168.1.55","192.168.1.2","TCP","1514","8004  >  49768 [ACK] Seq=118926 Ack=141 Win=65024 Len=1448 TSval=2916032447 TSecr=3045552221 [TCP segment of a reassembled PDU]"
"2110","28.367175190","192.168.1.55","192.168.1.2","TCP","1514","8004  >  49768 [ACK] Seq=120374 Ack=141 Win=65024 Len=1448 TSval=2916032447 TSecr=3045552221 [TCP segment of a reassembled PDU]"
"2111","28.367176301","192.168.1.55","192.168.1.2","TCP","1514","8004  >  49768 [ACK] Seq=121822 Ack=141 Win=65024 Len=1448 TSval=2916032447 TSecr=3045552221 [TCP segment of a reassembled PDU]"
"2112","28.367177635","192.168.1.55","192.168.1.2","TCP","1514","8004  >  49768 [ACK] Seq=123270 Ack=141 Win=65024 Len=1448 TSval=2916032447 TSecr=3045552221 [TCP segment of a reassembled PDU]"
"2113","28.367178931","192.168.1.55","192.168.1.2","TCP","1514","8004  >  49768 [ACK] Seq=124718 Ack=141 Win=65024 Len=1448 TSval=2916032447 TSecr=3045552221 [TCP segment of a reassembled PDU]"
"2114","28.367180042","192.168.1.55","192.168.1.2","TCP","1514","8004  >  49768 [ACK] Seq=126166 Ack=141 Win=65024 Len=1448 TSval=2916032447 TSecr=3045552221 [TCP segment of a reassembled PDU]"
"2115","28.367181246","192.168.1.55","192.168.1.2","TCP","1514","8004  >  49768 [ACK] Seq=127614 Ack=141 Win=65024 Len=1448 TSval=2916032447 TSecr=3045552221 [TCP segment of a reassembled PDU]"
"2116","28.367183024","192.168.1.55","192.168.1.2","TCP","1514","8004  >  49768 [ACK] Seq=129062 Ack=141 Win=65024 Len=1448 TSval=2916032447 TSecr=3045552221 [TCP segment of a reassembled PDU]"
"2117","28.367184116","192.168.1.55","192.168.1.2","TCP","1514","8004  >  49768 [ACK] Seq=130510 Ack=141 Win=65024 Len=1448 TSval=2916032447 TSecr=3045552221 [TCP segment of a reassembled PDU]"
"2118","28.367185375","192.168.1.55","192.168.1.2","TCP","1514","8004  >  49768 [ACK] Seq=131958 Ack=141 Win=65024 Len=1448 TSval=2916032447 TSecr=3045552221 [TCP segment of a reassembled PDU]"
"2119","28.367186635","192.168.1.55","192.168.1.2","TCP","1514","8004  >  49768 [ACK] Seq=133406 Ack=141 Win=65024 Len=1448 TSval=2916032447 TSecr=3045552221 [TCP segment of a reassembled PDU]"
"2120","28.367187838","192.168.1.55","192.168.1.2","TCP","1514","8004  >  49768 [ACK] Seq=134854 Ack=141 Win=65024 Len=1448 TSval=2916032447 TSecr=3045552221 [TCP segment of a reassembled PDU]"
"2121","28.367189061","192.168.1.55","192.168.1.2","TCP","1514","8004  >  49768 [ACK] Seq=136302 Ack=141 Win=65024 Len=1448 TSval=2916032447 TSecr=3045552221 [TCP segment of a reassembled PDU]"
"2122","28.367190357","192.168.1.55","192.168.1.2","TCP","1514","8004  >  49768 [ACK] Seq=137750 Ack=141 Win=65024 Len=1448 TSval=2916032447 TSecr=3045552221 [TCP segment of a reassembled PDU]"
"2123","28.367191635","192.168.1.55","192.168.1.2","TCP","1514","8004  >  49768 [ACK] Seq=139198 Ack=141 Win=65024 Len=1448 TSval=2916032447 TSecr=3045552221 [TCP segment of a reassembled PDU]"
"2124","28.367192746","192.168.1.55","192.168.1.2","TCP","1514","8004  >  49768 [ACK] Seq=140646 Ack=141 Win=65024 Len=1448 TSval=2916032447 TSecr=3045552221 [TCP segment of a reassembled PDU]"
"2125","28.367193894","192.168.1.55","192.168.1.2","TCP","1514","8004  >  49768 [ACK] Seq=142094 Ack=141 Win=65024 Len=1448 TSval=2916032447 TSecr=3045552221 [TCP segment of a reassembled PDU]"
"2126","28.367195116","192.168.1.55","192.168.1.2","TCP","1514","8004  >  49768 [ACK] Seq=143542 Ack=141 Win=65024 Len=1448 TSval=2916032447 TSecr=3045552221 [TCP segment of a reassembled PDU]"
"2127","28.367196264","192.168.1.55","192.168.1.2","TCP","1514","8004  >  49768 [PSH, ACK] Seq=144990 Ack=141 Win=65024 Len=1448 TSval=2916032447 TSecr=3045552221 [TCP segment of a reassembled PDU]"
"2128","28.367200746","192.168.1.2","192.168.1.55","TCP","66","49768  >  8004 [ACK] Seq=141 Ack=76934 Win=83968 Len=0 TSval=3045552221 TSecr=2916032441"
"2129","28.367215375","192.168.1.55","192.168.1.2","TCP","1514","8004  >  49768 [ACK] Seq=146438 Ack=141 Win=65024 Len=1448 TSval=2916032447 TSecr=3045552221 [TCP segment of a reassembled PDU]"
"2130","28.367216894","192.168.1.55","192.168.1.2","TCP","1514","8004  >  49768 [ACK] Seq=147886 Ack=141 Win=65024 Len=1448 TSval=2916032447 TSecr=3045552221 [TCP segment of a reassembled PDU]"
"2131","28.367218024","192.168.1.55","192.168.1.2","TCP","1514","8004  >  49768 [ACK] Seq=149334 Ack=141 Win=65024 Len=1448 TSval=2916032447 TSecr=3045552221 [TCP segment of a reassembled PDU]"
"2132","28.367219301","192.168.1.55","192.168.1.2","TCP","1514","8004  >  49768 [ACK] Seq=150782 Ack=141 Win=65024 Len=1448 TSval=2916032447 TSecr=3045552221 [TCP segment of a reassembled PDU]"
"2133","28.367220783","192.168.1.55","192.168.1.2","TCP","1514","8004  >  49768 [ACK] Seq=152230 Ack=141 Win=65024 Len=1448 TSval=2916032447 TSecr=3045552221 [TCP segment of a reassembled PDU]"
"2134","28.367222079","192.168.1.55","192.168.1.2","TCP","1514","8004  >  49768 [PSH, ACK] Seq=153678 Ack=141 Win=65024 Len=1448 TSval=2916032447 TSecr=3045552221 [TCP segment of a reassembled PDU]"
"2135","28.367277579","192.168.1.2","192.168.1.55","TCP","66","49768  >  8004 [ACK] Seq=141 Ack=97206 Win=64512 Len=0 TSval=3045552221 TSecr=2916032442"
"2136","28.367286246","192.168.1.2","192.168.1.55","TCP","66","49768  >  8004 [ACK] Seq=141 Ack=100102 Win=62464 Len=0 TSval=3045552221 TSecr=2916032442"
"2137","28.367307209","192.168.1.55","192.168.1.2","TCP","1514","8004  >  49768 [ACK] Seq=155126 Ack=141 Win=65024 Len=1448 TSval=2916032447 TSecr=3045552221 [TCP segment of a reassembled PDU]"
"2138","28.367308839","192.168.1.55","192.168.1.2","TCP","1514","8004  >  49768 [ACK] Seq=156574 Ack=141 Win=65024 Len=1448 TSval=2916032447 TSecr=3045552221 [TCP segment of a reassembled PDU]"
"2139","28.367309931","192.168.1.55","192.168.1.2","TCP","1514","8004  >  49768 [ACK] Seq=158022 Ack=141 Win=65024 Len=1448 TSval=2916032447 TSecr=3045552221 [TCP segment of a reassembled PDU]"
"2140","28.367311005","192.168.1.55","192.168.1.2","TCP","1514","8004  >  49768 [ACK] Seq=159470 Ack=141 Win=65024 Len=1448 TSval=2916032447 TSecr=3045552221 [TCP segment of a reassembled PDU]"
"2141","28.367312190","192.168.1.55","192.168.1.2","TCP","1514","8004  >  49768 [ACK] Seq=160918 Ack=141 Win=65024 Len=1448 TSval=2916032447 TSecr=3045552221 [TCP segment of a reassembled PDU]"
"2142","28.367313339","192.168.1.55","192.168.1.2","TCP","266","[TCP Window Full] 8004  >  49768 [PSH, ACK] Seq=162366 Ack=141 Win=65024 Len=200 TSval=2916032447 TSecr=3045552221 [TCP segment of a reassembled PDU]"
"2143","28.372632865","192.168.1.2","192.168.1.55","TCP","66","49768  >  8004 [ACK] Seq=141 Ack=101550 Win=92160 Len=0 TSval=3045552224 TSecr=2916032447"
"2144","28.372674032","192.168.1.55","192.168.1.2","TCP","1514","8004  >  49768 [ACK] Seq=162566 Ack=141 Win=65024 Len=1448 TSval=2916032453 TSecr=3045552224 [TCP segment of a reassembled PDU]"
"2145","28.372677365","192.168.1.55","192.168.1.2","TCP","1514","8004  >  49768 [ACK] Seq=164014 Ack=141 Win=65024 Len=1448 TSval=2916032453 TSecr=3045552224 [TCP segment of a reassembled PDU]"
"2146","28.372678773","192.168.1.55","192.168.1.2","TCP","1514","8004  >  49768 [ACK] Seq=165462 Ack=141 Win=65024 Len=1448 TSval=2916032453 TSecr=3045552224 [TCP segment of a reassembled PDU]"
"2147","28.372680143","192.168.1.55","192.168.1.2","TCP","1514","8004  >  49768 [ACK] Seq=166910 Ack=141 Win=65024 Len=1448 TSval=2916032453 TSecr=3045552224 [TCP segment of a reassembled PDU]"
"2148","28.372681458","192.168.1.55","192.168.1.2","TCP","1514","8004  >  49768 [ACK] Seq=168358 Ack=141 Win=65024 Len=1448 TSval=2916032453 TSecr=3045552224 [TCP segment of a reassembled PDU]"
"2149","28.372682810","192.168.1.55","192.168.1.2","TCP","1514","8004  >  49768 [ACK] Seq=169806 Ack=141 Win=65024 Len=1448 TSval=2916032453 TSecr=3045552224 [TCP segment of a reassembled PDU]"
"2150","28.372684051","192.168.1.55","192.168.1.2","TCP","1514","8004  >  49768 [ACK] Seq=171254 Ack=141 Win=65024 Len=1448 TSval=2916032453 TSecr=3045552224 [TCP segment of a reassembled PDU]"
"2151","28.372685365","192.168.1.55","192.168.1.2","TCP","1514","8004  >  49768 [ACK] Seq=172702 Ack=141 Win=65024 Len=1448 TSval=2916032453 TSecr=3045552224 [TCP segment of a reassembled PDU]"
"2152","28.372686643","192.168.1.55","192.168.1.2","TCP","1514","8004  >  49768 [ACK] Seq=174150 Ack=141 Win=65024 Len=1448 TSval=2916032453 TSecr=3045552224 [TCP segment of a reassembled PDU]"
"2153","28.372687958","192.168.1.55","192.168.1.2","TCP","1514","8004  >  49768 [ACK] Seq=175598 Ack=141 Win=65024 Len=1448 TSval=2916032453 TSecr=3045552224 [TCP segment of a reassembled PDU]"
"2154","28.372689199","192.168.1.55","192.168.1.2","TCP","1514","8004  >  49768 [ACK] Seq=177046 Ack=141 Win=65024 Len=1448 TSval=2916032453 TSecr=3045552224 [TCP segment of a reassembled PDU]"
"2155","28.372690532","192.168.1.55","192.168.1.2","TCP","1514","8004  >  49768 [ACK] Seq=178494 Ack=141 Win=65024 Len=1448 TSval=2916032453 TSecr=3045552224 [TCP segment of a reassembled PDU]"
"2156","28.372691977","192.168.1.55","192.168.1.2","TCP","1514","8004  >  49768 [ACK] Seq=179942 Ack=141 Win=65024 Len=1448 TSval=2916032453 TSecr=3045552224 [TCP segment of a reassembled PDU]"
"2157","28.372693199","192.168.1.55","192.168.1.2","TCP","1514","8004  >  49768 [ACK] Seq=181390 Ack=141 Win=65024 Len=1448 TSval=2916032453 TSecr=3045552224 [TCP segment of a reassembled PDU]"
"2158","28.372694588","192.168.1.55","192.168.1.2","TCP","1514","8004  >  49768 [ACK] Seq=182838 Ack=141 Win=65024 Len=1448 TSval=2916032453 TSecr=3045552224 [TCP segment of a reassembled PDU]"
"2159","28.372695884","192.168.1.55","192.168.1.2","TCP","1514","8004  >  49768 [ACK] Seq=184286 Ack=141 Win=65024 Len=1448 TSval=2916032453 TSecr=3045552224 [TCP segment of a reassembled PDU]"
"2160","28.372697273","192.168.1.55","192.168.1.2","TCP","1514","8004  >  49768 [ACK] Seq=185734 Ack=141 Win=65024 Len=1448 TSval=2916032453 TSecr=3045552224 [TCP segment of a reassembled PDU]"
"2161","28.372698606","192.168.1.55","192.168.1.2","TCP","1514","8004  >  49768 [ACK] Seq=187182 Ack=141 Win=65024 Len=1448 TSval=2916032453 TSecr=3045552224 [TCP segment of a reassembled PDU]"
"2162","28.372699958","192.168.1.55","192.168.1.2","TCP","1514","8004  >  49768 [ACK] Seq=188630 Ack=141 Win=65024 Len=1448 TSval=2916032453 TSecr=3045552224 [TCP segment of a reassembled PDU]"
"2163","28.372701569","192.168.1.55","192.168.1.2","TCP","1514","8004  >  49768 [ACK] Seq=190078 Ack=141 Win=65024 Len=1448 TSval=2916032453 TSecr=3045552224 [TCP segment of a reassembled PDU]"
"2164","28.372702865","192.168.1.55","192.168.1.2","TCP","1514","8004  >  49768 [PSH, ACK] Seq=191526 Ack=141 Win=65024 Len=1448 TSval=2916032453 TSecr=3045552224 [TCP segment of a reassembled PDU]"
"2165","28.373567089","192.168.1.2","192.168.1.55","TCP","66","49768  >  8004 [ACK] Seq=141 Ack=104446 Win=90112 Len=0 TSval=3045552224 TSecr=2916032447"
"2166","28.373578608","192.168.1.2","192.168.1.55","TCP","66","49768  >  8004 [ACK] Seq=141 Ack=105894 Win=95232 Len=0 TSval=3045552227 TSecr=2916032447"
"2167","28.373589663","192.168.1.55","192.168.1.2","TCP","1514","8004  >  49768 [ACK] Seq=192974 Ack=141 Win=65024 Len=1448 TSval=2916032454 TSecr=3045552227 [TCP segment of a reassembled PDU]"
"2168","28.373591922","192.168.1.55","192.168.1.2","TCP","1514","8004  >  49768 [ACK] Seq=194422 Ack=141 Win=65024 Len=1448 TSval=2916032454 TSecr=3045552227 [TCP segment of a reassembled PDU]"
"2169","28.373593126","192.168.1.55","192.168.1.2","TCP","1514","8004  >  49768 [PSH, ACK] Seq=195870 Ack=141 Win=65024 Len=1448 TSval=2916032454 TSecr=3045552227 [TCP segment of a reassembled PDU]"
"2170","28.373598867","192.168.1.55","192.168.1.2","TCP","1314","8004  >  49768 [ACK] Seq=197318 Ack=141 Win=65024 Len=1248 TSval=2916032454 TSecr=3045552227 [TCP segment of a reassembled PDU]"
"2171","28.373602367","192.168.1.2","192.168.1.55","TCP","66","49768  >  8004 [ACK] Seq=141 Ack=116030 Win=95232 Len=0 TSval=3045552227 TSecr=2916032447"
"2172","28.373608256","192.168.1.2","192.168.1.55","TCP","66","49768  >  8004 [ACK] Seq=141 Ack=131958 Win=93184 Len=0 TSval=3045552227 TSecr=2916032447"
"2173","28.373663682","192.168.1.2","192.168.1.55","TCP","66","49768  >  8004 [ACK] Seq=141 Ack=146438 Win=94208 Len=0 TSval=3045552227 TSecr=2916032447"
"2174","28.373699441","192.168.1.55","192.168.1.2","TCP","1514","8004  >  49768 [ACK] Seq=198566 Ack=141 Win=65024 Len=1448 TSval=2916032454 TSecr=3045552227 [TCP segment of a reassembled PDU]"
"2175","28.373701200","192.168.1.55","192.168.1.2","TCP","1514","8004  >  49768 [ACK] Seq=200014 Ack=141 Win=65024 Len=1448 TSval=2916032454 TSecr=3045552227 [TCP segment of a reassembled PDU]"
"2176","28.373702589","192.168.1.55","192.168.1.2","TCP","1514","8004  >  49768 [ACK] Seq=201462 Ack=141 Win=65024 Len=1448 TSval=2916032454 TSecr=3045552227 [TCP segment of a reassembled PDU]"
"2177","28.373703885","192.168.1.55","192.168.1.2","TCP","1514","8004  >  49768 [ACK] Seq=202910 Ack=141 Win=65024 Len=1448 TSval=2916032454 TSecr=3045552227 [TCP segment of a reassembled PDU]"
"2178","28.373705256","192.168.1.55","192.168.1.2","TCP","1514","8004  >  49768 [ACK] Seq=204358 Ack=141 Win=65024 Len=1448 TSval=2916032454 TSecr=3045552227 [TCP segment of a reassembled PDU]"
"2179","28.373706497","192.168.1.55","192.168.1.2","TCP","1514","8004  >  49768 [ACK] Seq=205806 Ack=141 Win=65024 Len=1448 TSval=2916032454 TSecr=3045552227 [TCP segment of a reassembled PDU]"
"2180","28.373707756","192.168.1.55","192.168.1.2","TCP","1514","8004  >  49768 [ACK] Seq=207254 Ack=141 Win=65024 Len=1448 TSval=2916032454 TSecr=3045552227 [TCP segment of a reassembled PDU]"
"2181","28.373709108","192.168.1.55","192.168.1.2","TCP","1514","8004  >  49768 [ACK] Seq=208702 Ack=141 Win=65024 Len=1448 TSval=2916032454 TSecr=3045552227 [TCP segment of a reassembled PDU]"
"2182","28.373710348","192.168.1.55","192.168.1.2","TCP","1514","8004  >  49768 [ACK] Seq=210150 Ack=141 Win=65024 Len=1448 TSval=2916032454 TSecr=3045552227 [TCP segment of a reassembled PDU]"
"2183","28.373711589","192.168.1.55","192.168.1.2","TCP","1514","8004  >  49768 [ACK] Seq=211598 Ack=141 Win=65024 Len=1448 TSval=2916032454 TSecr=3045552227 [TCP segment of a reassembled PDU]"
"2184","28.373712960","192.168.1.55","192.168.1.2","TCP","1514","8004  >  49768 [ACK] Seq=213046 Ack=141 Win=65024 Len=1448 TSval=2916032454 TSecr=3045552227 [TCP segment of a reassembled PDU]"
"2185","28.373714182","192.168.1.55","192.168.1.2","TCP","1514","8004  >  49768 [ACK] Seq=214494 Ack=141 Win=65024 Len=1448 TSval=2916032454 TSecr=3045552227 [TCP segment of a reassembled PDU]"
"2186","28.373715571","192.168.1.55","192.168.1.2","TCP","1514","8004  >  49768 [ACK] Seq=215942 Ack=141 Win=65024 Len=1448 TSval=2916032454 TSecr=3045552227 [TCP segment of a reassembled PDU]"
"2187","28.373716923","192.168.1.55","192.168.1.2","TCP","1514","8004  >  49768 [ACK] Seq=217390 Ack=141 Win=65024 Len=1448 TSval=2916032454 TSecr=3045552227 [TCP segment of a reassembled PDU]"
"2188","28.373718182","192.168.1.55","192.168.1.2","TCP","1514","8004  >  49768 [ACK] Seq=218838 Ack=141 Win=65024 Len=1448 TSval=2916032454 TSecr=3045552227 [TCP segment of a reassembled PDU]"
"2189","28.373719423","192.168.1.55","192.168.1.2","TCP","1514","8004  >  49768 [ACK] Seq=220286 Ack=141 Win=65024 Len=1448 TSval=2916032454 TSecr=3045552227 [TCP segment of a reassembled PDU]"
"2190","28.373720756","192.168.1.55","192.168.1.2","TCP","1514","8004  >  49768 [ACK] Seq=221734 Ack=141 Win=65024 Len=1448 TSval=2916032454 TSecr=3045552227 [TCP segment of a reassembled PDU]"
"2191","28.373722348","192.168.1.55","192.168.1.2","TCP","1514","8004  >  49768 [ACK] Seq=223182 Ack=141 Win=65024 Len=1448 TSval=2916032454 TSecr=3045552227 [TCP segment of a reassembled PDU]"
"2192","28.373723571","192.168.1.55","192.168.1.2","TCP","1514","8004  >  49768 [ACK] Seq=224630 Ack=141 Win=65024 Len=1448 TSval=2916032454 TSecr=3045552227 [TCP segment of a reassembled PDU]"
"2193","28.373724978","192.168.1.55","192.168.1.2","TCP","1514","8004  >  49768 [ACK] Seq=226078 Ack=141 Win=65024 Len=1448 TSval=2916032454 TSecr=3045552227 [TCP segment of a reassembled PDU]"
"2194","28.373726386","192.168.1.55","192.168.1.2","TCP","1514","8004  >  49768 [ACK] Seq=227526 Ack=141 Win=65024 Len=1448 TSval=2916032454 TSecr=3045552227 [TCP segment of a reassembled PDU]"
"2195","28.373727571","192.168.1.55","192.168.1.2","TCP","1514","8004  >  49768 [ACK] Seq=228974 Ack=141 Win=65024 Len=1448 TSval=2916032454 TSecr=3045552227 [TCP segment of a reassembled PDU]"
"2196","28.373728960","192.168.1.55","192.168.1.2","TCP","1514","8004  >  49768 [ACK] Seq=230422 Ack=141 Win=65024 Len=1448 TSval=2916032454 TSecr=3045552227 [TCP segment of a reassembled PDU]"
"2197","28.373730182","192.168.1.55","192.168.1.2","TCP","1514","8004  >  49768 [ACK] Seq=231870 Ack=141 Win=65024 Len=1448 TSval=2916032454 TSecr=3045552227 [TCP segment of a reassembled PDU]"
"2198","28.373731404","192.168.1.55","192.168.1.2","TCP","1514","8004  >  49768 [ACK] Seq=233318 Ack=141 Win=65024 Len=1448 TSval=2916032454 TSecr=3045552227 [TCP segment of a reassembled PDU]"
"2199","28.373732867","192.168.1.55","192.168.1.2","TCP","1514","8004  >  49768 [ACK] Seq=234766 Ack=141 Win=65024 Len=1448 TSval=2916032454 TSecr=3045552227 [TCP segment of a reassembled PDU]"
"2200","28.373734089","192.168.1.55","192.168.1.2","TCP","1514","8004  >  49768 [ACK] Seq=236214 Ack=141 Win=65024 Len=1448 TSval=2916032454 TSecr=3045552227 [TCP segment of a reassembled PDU]"
"2201","28.373735404","192.168.1.55","192.168.1.2","TCP","1514","8004  >  49768 [ACK] Seq=237662 Ack=141 Win=65024 Len=1448 TSval=2916032454 TSecr=3045552227 [TCP segment of a reassembled PDU]"
"2202","28.373736719","192.168.1.55","192.168.1.2","TCP","1514","8004  >  49768 [PSH, ACK] Seq=239110 Ack=141 Win=65024 Len=1448 TSval=2916032454 TSecr=3045552227 [TCP segment of a reassembled PDU]"
"2203","28.373741256","192.168.1.2","192.168.1.55","TCP","66","49768  >  8004 [ACK] Seq=141 Ack=160918 Win=94208 Len=0 TSval=3045552227 TSecr=2916032447"
"2204","28.373750737","192.168.1.55","192.168.1.2","TCP","1514","8004  >  49768 [PSH, ACK] Seq=240558 Ack=141 Win=65024 Len=1448 TSval=2916032454 TSecr=3045552227 [TCP segment of a reassembled PDU]"
"2205","28.376377797","192.168.1.2","192.168.1.55","TCP","66","49768  >  8004 [ACK] Seq=141 Ack=162566 Win=98304 Len=0 TSval=3045552228 TSecr=2916032447"
"2206","28.376396445","192.168.1.55","192.168.1.2","TCP","1514","8004  >  49768 [ACK] Seq=242006 Ack=141 Win=65024 Len=1448 TSval=2916032457 TSecr=3045552228 [TCP segment of a reassembled PDU]"
"2207","28.376399130","192.168.1.55","192.168.1.2","TCP","1514","8004  >  49768 [ACK] Seq=243454 Ack=141 Win=65024 Len=1448 TSval=2916032457 TSecr=3045552228 [TCP segment of a reassembled PDU]"
"2208","28.376400482","192.168.1.55","192.168.1.2","TCP","1514","8004  >  49768 [ACK] Seq=244902 Ack=141 Win=65024 Len=1448 TSval=2916032457 TSecr=3045552228 [TCP segment of a reassembled PDU]"
"2209","28.376401705","192.168.1.55","192.168.1.2","TCP","1514","8004  >  49768 [ACK] Seq=246350 Ack=141 Win=65024 Len=1448 TSval=2916032457 TSecr=3045552228 [TCP segment of a reassembled PDU]"
"2210","28.376402964","192.168.1.55","192.168.1.2","TCP","1514","8004  >  49768 [ACK] Seq=247798 Ack=141 Win=65024 Len=1448 TSval=2916032457 TSecr=3045552228 [TCP segment of a reassembled PDU]"
"2211","28.376404279","192.168.1.55","192.168.1.2","TCP","1514","8004  >  49768 [ACK] Seq=249246 Ack=141 Win=65024 Len=1448 TSval=2916032457 TSecr=3045552228 [TCP segment of a reassembled PDU]"
"2212","28.376405575","192.168.1.55","192.168.1.2","TCP","1514","8004  >  49768 [ACK] Seq=250694 Ack=141 Win=65024 Len=1448 TSval=2916032457 TSecr=3045552228 [TCP segment of a reassembled PDU]"
"2213","28.376406797","192.168.1.55","192.168.1.2","TCP","1514","8004  >  49768 [ACK] Seq=252142 Ack=141 Win=65024 Len=1448 TSval=2916032457 TSecr=3045552228 [TCP segment of a reassembled PDU]"
"2214","28.376408056","192.168.1.55","192.168.1.2","TCP","1514","8004  >  49768 [ACK] Seq=253590 Ack=141 Win=65024 Len=1448 TSval=2916032457 TSecr=3045552228 [TCP segment of a reassembled PDU]"
"2215","28.376409371","192.168.1.55","192.168.1.2","TCP","1514","8004  >  49768 [ACK] Seq=255038 Ack=141 Win=65024 Len=1448 TSval=2916032457 TSecr=3045552228 [TCP segment of a reassembled PDU]"
"2216","28.376410667","192.168.1.55","192.168.1.2","TCP","1514","8004  >  49768 [ACK] Seq=256486 Ack=141 Win=65024 Len=1448 TSval=2916032457 TSecr=3045552228 [TCP segment of a reassembled PDU]"
"2217","28.376411871","192.168.1.55","192.168.1.2","TCP","1514","8004  >  49768 [ACK] Seq=257934 Ack=141 Win=65024 Len=1448 TSval=2916032457 TSecr=3045552228 [TCP segment of a reassembled PDU]"
"2218","28.376413093","192.168.1.55","192.168.1.2","TCP","1514","8004  >  49768 [PSH, ACK] Seq=259382 Ack=141 Win=65024 Len=1448 TSval=2916032457 TSecr=3045552228 [TCP segment of a reassembled PDU]"
"2219","28.378202781","192.168.1.2","192.168.1.55","TCP","66","49768  >  8004 [ACK] Seq=141 Ack=190078 Win=79872 Len=0 TSval=3045552231 TSecr=2916032453"
"2220","28.378216300","192.168.1.55","192.168.1.2","TCP","1514","8004  >  49768 [ACK] Seq=260830 Ack=141 Win=65024 Len=1448 TSval=2916032458 TSecr=3045552231 [TCP segment of a reassembled PDU]"
"2221","28.378218485","192.168.1.55","192.168.1.2","TCP","1514","8004  >  49768 [ACK] Seq=262278 Ack=141 Win=65024 Len=1448 TSval=2916032458 TSecr=3045552231 [TCP segment of a reassembled PDU]"
"2222","28.378220244","192.168.1.55","192.168.1.2","TCP","1514","8004  >  49768 [ACK] Seq=263726 Ack=141 Win=65024 Len=1448 TSval=2916032458 TSecr=3045552231 [TCP segment of a reassembled PDU]"
"2223","28.378221485","192.168.1.55","192.168.1.2","TCP","1514","8004  >  49768 [ACK] Seq=265174 Ack=141 Win=65024 Len=1448 TSval=2916032458 TSecr=3045552231 [TCP segment of a reassembled PDU]"
"2224","28.378222726","192.168.1.55","192.168.1.2","TCP","1514","8004  >  49768 [ACK] Seq=266622 Ack=141 Win=65024 Len=1448 TSval=2916032458 TSecr=3045552231 [TCP segment of a reassembled PDU]"
"2225","28.378224004","192.168.1.55","192.168.1.2","TCP","1514","8004  >  49768 [PSH, ACK] Seq=268070 Ack=141 Win=65024 Len=1448 TSval=2916032458 TSecr=3045552231 [TCP segment of a reassembled PDU]"
"2226","28.380655933","192.168.1.2","192.168.1.55","TCP","66","49768  >  8004 [ACK] Seq=141 Ack=192974 Win=103424 Len=0 TSval=3045552234 TSecr=2916032453"
"2227","28.380671933","192.168.1.55","192.168.1.2","TCP","1514","8004  >  49768 [ACK] Seq=269518 Ack=141 Win=65024 Len=1448 TSval=2916032461 TSecr=3045552234 [TCP segment of a reassembled PDU]"
"2228","28.380674359","192.168.1.55","192.168.1.2","TCP","1514","8004  >  49768 [ACK] Seq=270966 Ack=141 Win=65024 Len=1448 TSval=2916032461 TSecr=3045552234 [TCP segment of a reassembled PDU]"
"2229","28.380675730","192.168.1.55","192.168.1.2","TCP","1514","8004  >  49768 [ACK] Seq=272414 Ack=141 Win=65024 Len=1448 TSval=2916032461 TSecr=3045552234 [TCP segment of a reassembled PDU]"
"2230","28.380677026","192.168.1.55","192.168.1.2","TCP","1514","8004  >  49768 [ACK] Seq=273862 Ack=141 Win=65024 Len=1448 TSval=2916032461 TSecr=3045552234 [TCP segment of a reassembled PDU]"
"2231","28.380678378","192.168.1.55","192.168.1.2","TCP","1514","8004  >  49768 [ACK] Seq=275310 Ack=141 Win=65024 Len=1448 TSval=2916032461 TSecr=3045552234 [TCP segment of a reassembled PDU]"
"2232","28.380679804","192.168.1.55","192.168.1.2","TCP","1514","8004  >  49768 [ACK] Seq=276758 Ack=141 Win=65024 Len=1448 TSval=2916032461 TSecr=3045552234 [TCP segment of a reassembled PDU]"
"2233","28.380681174","192.168.1.55","192.168.1.2","TCP","1514","8004  >  49768 [ACK] Seq=278206 Ack=141 Win=65024 Len=1448 TSval=2916032461 TSecr=3045552234 [TCP segment of a reassembled PDU]"
"2234","28.380682452","192.168.1.55","192.168.1.2","TCP","1514","8004  >  49768 [ACK] Seq=279654 Ack=141 Win=65024 Len=1448 TSval=2916032461 TSecr=3045552234 [TCP segment of a reassembled PDU]"
"2235","28.380683748","192.168.1.55","192.168.1.2","TCP","1514","8004  >  49768 [ACK] Seq=281102 Ack=141 Win=65024 Len=1448 TSval=2916032461 TSecr=3045552234 [TCP segment of a reassembled PDU]"
"2236","28.380685119","192.168.1.55","192.168.1.2","TCP","1514","8004  >  49768 [ACK] Seq=282550 Ack=141 Win=65024 Len=1448 TSval=2916032461 TSecr=3045552234 [TCP segment of a reassembled PDU]"
"2237","28.380686415","192.168.1.55","192.168.1.2","TCP","1514","8004  >  49768 [PSH, ACK] Seq=283998 Ack=141 Win=65024 Len=1448 TSval=2916032461 TSecr=3045552234 [TCP segment of a reassembled PDU]"
"2238","28.381207527","192.168.1.2","192.168.1.55","TCP","66","49768  >  8004 [ACK] Seq=141 Ack=208702 Win=93184 Len=0 TSval=3045552234 TSecr=2916032454"
"2239","28.381217416","192.168.1.2","192.168.1.55","TCP","66","49768  >  8004 [ACK] Seq=141 Ack=226078 Win=92160 Len=0 TSval=3045552234 TSecr=2916032454"
"2240","28.381243305","192.168.1.55","192.168.1.2","TCP","1514","8004  >  49768 [ACK] Seq=285446 Ack=141 Win=65024 Len=1448 TSval=2916032461 TSecr=3045552234 [TCP segment of a reassembled PDU]"
"2241","28.381245119","192.168.1.55","192.168.1.2","TCP","1514","8004  >  49768 [ACK] Seq=286894 Ack=141 Win=65024 Len=1448 TSval=2916032461 TSecr=3045552234 [TCP segment of a reassembled PDU]"
"2242","28.381246416","192.168.1.55","192.168.1.2","TCP","1514","8004  >  49768 [ACK] Seq=288342 Ack=141 Win=65024 Len=1448 TSval=2916032461 TSecr=3045552234 [TCP segment of a reassembled PDU]"
"2243","28.381247786","192.168.1.55","192.168.1.2","TCP","1514","8004  >  49768 [ACK] Seq=289790 Ack=141 Win=65024 Len=1448 TSval=2916032461 TSecr=3045552234 [TCP segment of a reassembled PDU]"
"2244","28.381249082","192.168.1.55","192.168.1.2","TCP","1514","8004  >  49768 [ACK] Seq=291238 Ack=141 Win=65024 Len=1448 TSval=2916032461 TSecr=3045552234 [TCP segment of a reassembled PDU]"
"2245","28.381250527","192.168.1.55","192.168.1.2","TCP","1514","8004  >  49768 [ACK] Seq=292686 Ack=141 Win=65024 Len=1448 TSval=2916032461 TSecr=3045552234 [TCP segment of a reassembled PDU]"
"2246","28.381251879","192.168.1.55","192.168.1.2","TCP","1514","8004  >  49768 [ACK] Seq=294134 Ack=141 Win=65024 Len=1448 TSval=2916032461 TSecr=3045552234 [TCP segment of a reassembled PDU]"
"2247","28.381253231","192.168.1.55","192.168.1.2","TCP","1514","8004  >  49768 [ACK] Seq=295582 Ack=141 Win=65024 Len=1448 TSval=2916032461 TSecr=3045552234 [TCP segment of a reassembled PDU]"
"2248","28.381254582","192.168.1.55","192.168.1.2","TCP","1514","8004  >  49768 [ACK] Seq=297030 Ack=141 Win=65024 Len=1448 TSval=2916032461 TSecr=3045552234 [TCP segment of a reassembled PDU]"
"2249","28.381256027","192.168.1.55","192.168.1.2","TCP","1514","8004  >  49768 [ACK] Seq=298478 Ack=141 Win=65024 Len=1448 TSval=2916032461 TSecr=3045552234 [TCP segment of a reassembled PDU]"
"2250","28.381261990","192.168.1.55","192.168.1.2","TCP","1514","8004  >  49768 [ACK] Seq=299926 Ack=141 Win=65024 Len=1448 TSval=2916032461 TSecr=3045552234 [TCP segment of a reassembled PDU]"
"2251","28.381263508","192.168.1.55","192.168.1.2","TCP","1514","8004  >  49768 [ACK] Seq=301374 Ack=141 Win=65024 Len=1448 TSval=2916032461 TSecr=3045552234 [TCP segment of a reassembled PDU]"
"2252","28.381264879","192.168.1.55","192.168.1.2","TCP","1514","8004  >  49768 [ACK] Seq=302822 Ack=141 Win=65024 Len=1448 TSval=2916032461 TSecr=3045552234 [TCP segment of a reassembled PDU]"
"2253","28.381266157","192.168.1.55","192.168.1.2","TCP","1514","8004  >  49768 [ACK] Seq=304270 Ack=141 Win=65024 Len=1448 TSval=2916032461 TSecr=3045552234 [TCP segment of a reassembled PDU]"
"2254","28.381267453","192.168.1.55","192.168.1.2","TCP","1514","8004  >  49768 [ACK] Seq=305718 Ack=141 Win=65024 Len=1448 TSval=2916032461 TSecr=3045552234 [TCP segment of a reassembled PDU]"
"2255","28.381268731","192.168.1.55","192.168.1.2","TCP","1514","8004  >  49768 [ACK] Seq=307166 Ack=141 Win=65024 Len=1448 TSval=2916032461 TSecr=3045552234 [TCP segment of a reassembled PDU]"
"2256","28.381270231","192.168.1.55","192.168.1.2","TCP","1514","8004  >  49768 [ACK] Seq=308614 Ack=141 Win=65024 Len=1448 TSval=2916032461 TSecr=3045552234 [TCP segment of a reassembled PDU]"
"2257","28.381272045","192.168.1.55","192.168.1.2","TCP","1514","8004  >  49768 [ACK] Seq=310062 Ack=141 Win=65024 Len=1448 TSval=2916032461 TSecr=3045552234 [TCP segment of a reassembled PDU]"
"2258","28.381273490","192.168.1.55","192.168.1.2","TCP","1514","8004  >  49768 [ACK] Seq=311510 Ack=141 Win=65024 Len=1448 TSval=2916032461 TSecr=3045552234 [TCP segment of a reassembled PDU]"
"2259","28.381274823","192.168.1.55","192.168.1.2","TCP","1514","8004  >  49768 [ACK] Seq=312958 Ack=141 Win=65024 Len=1448 TSval=2916032461 TSecr=3045552234 [TCP segment of a reassembled PDU]"
"2260","28.381276157","192.168.1.55","192.168.1.2","TCP","1514","8004  >  49768 [ACK] Seq=314406 Ack=141 Win=65024 Len=1448 TSval=2916032461 TSecr=3045552234 [TCP segment of a reassembled PDU]"
"2261","28.381277490","192.168.1.55","192.168.1.2","TCP","1514","8004  >  49768 [ACK] Seq=315854 Ack=141 Win=65024 Len=1448 TSval=2916032461 TSecr=3045552234 [TCP segment of a reassembled PDU]"
"2262","28.381278879","192.168.1.55","192.168.1.2","TCP","1002","[TCP Window Full] 8004  >  49768 [PSH, ACK] Seq=317302 Ack=141 Win=65024 Len=936 TSval=2916032461 TSecr=3045552234 [TCP segment of a reassembled PDU]"
"2263","28.381283620","192.168.1.2","192.168.1.55","TCP","66","49768  >  8004 [ACK] Seq=141 Ack=236214 Win=97280 Len=0 TSval=3045552234 TSecr=2916032454"
"2264","28.381307471","192.168.1.55","192.168.1.2","TCP","1514","8004  >  49768 [ACK] Seq=318238 Ack=141 Win=65024 Len=1448 TSval=2916032461 TSecr=3045552234 [TCP segment of a reassembled PDU]"
"2265","28.381309323","192.168.1.55","192.168.1.2","TCP","1514","8004  >  49768 [ACK] Seq=319686 Ack=141 Win=65024 Len=1448 TSval=2916032461 TSecr=3045552234 [TCP segment of a reassembled PDU]"
"2266","28.381310731","192.168.1.55","192.168.1.2","TCP","1514","8004  >  49768 [ACK] Seq=321134 Ack=141 Win=65024 Len=1448 TSval=2916032461 TSecr=3045552234 [TCP segment of a reassembled PDU]"
"2267","28.381312138","192.168.1.55","192.168.1.2","TCP","1514","8004  >  49768 [ACK] Seq=322582 Ack=141 Win=65024 Len=1448 TSval=2916032461 TSecr=3045552234 [TCP segment of a reassembled PDU]"
"2268","28.381313508","192.168.1.55","192.168.1.2","TCP","1514","8004  >  49768 [ACK] Seq=324030 Ack=141 Win=65024 Len=1448 TSval=2916032461 TSecr=3045552234 [TCP segment of a reassembled PDU]"
"2269","28.381315008","192.168.1.55","192.168.1.2","TCP","1514","8004  >  49768 [ACK] Seq=325478 Ack=141 Win=65024 Len=1448 TSval=2916032461 TSecr=3045552234 [TCP segment of a reassembled PDU]"
"2270","28.381316434","192.168.1.55","192.168.1.2","TCP","1514","8004  >  49768 [PSH, ACK] Seq=326926 Ack=141 Win=65024 Len=1448 TSval=2916032461 TSecr=3045552234 [TCP segment of a reassembled PDU]"
"2271","28.381320879","192.168.1.55","192.168.1.2","TCP","578","8004  >  49768 [ACK] Seq=328374 Ack=141 Win=65024 Len=512 TSval=2916032461 TSecr=3045552234 [TCP segment of a reassembled PDU]"
"2272","28.384755014","192.168.1.2","192.168.1.55","TCP","66","49768  >  8004 [ACK] Seq=141 Ack=240558 Win=102400 Len=0 TSval=3045552237 TSecr=2916032454"
"2273","28.384773551","192.168.1.55","192.168.1.2","TCP","1514","8004  >  49768 [ACK] Seq=328886 Ack=141 Win=65024 Len=1448 TSval=2916032465 TSecr=3045552237 [TCP segment of a reassembled PDU]"
"2274","28.384776125","192.168.1.55","192.168.1.2","TCP","1514","8004  >  49768 [ACK] Seq=330334 Ack=141 Win=65024 Len=1448 TSval=2916032465 TSecr=3045552237 [TCP segment of a reassembled PDU]"
"2275","28.384777736","192.168.1.55","192.168.1.2","TCP","1514","8004  >  49768 [ACK] Seq=331782 Ack=141 Win=65024 Len=1448 TSval=2916032465 TSecr=3045552237 [TCP segment of a reassembled PDU]"
"2276","28.384779032","192.168.1.55","192.168.1.2","TCP","1514","8004  >  49768 [ACK] Seq=333230 Ack=141 Win=65024 Len=1448 TSval=2916032465 TSecr=3045552237 [TCP segment of a reassembled PDU]"
"2277","28.384780310","192.168.1.55","192.168.1.2","TCP","1514","8004  >  49768 [ACK] Seq=334678 Ack=141 Win=65024 Len=1448 TSval=2916032465 TSecr=3045552237 [TCP segment of a reassembled PDU]"
"2278","28.384781680","192.168.1.55","192.168.1.2","TCP","1514","8004  >  49768 [ACK] Seq=336126 Ack=141 Win=65024 Len=1448 TSval=2916032465 TSecr=3045552237 [TCP segment of a reassembled PDU]"
"2279","28.384782958","192.168.1.55","192.168.1.2","TCP","1514","8004  >  49768 [ACK] Seq=337574 Ack=141 Win=65024 Len=1448 TSval=2916032465 TSecr=3045552237 [TCP segment of a reassembled PDU]"
"2280","28.384784384","192.168.1.55","192.168.1.2","TCP","1514","8004  >  49768 [ACK] Seq=339022 Ack=141 Win=65024 Len=1448 TSval=2916032465 TSecr=3045552237 [TCP segment of a reassembled PDU]"
"2281","28.384785643","192.168.1.55","192.168.1.2","TCP","1514","8004  >  49768 [PSH, ACK] Seq=340470 Ack=141 Win=65024 Len=1448 TSval=2916032465 TSecr=3045552237 [TCP segment of a reassembled PDU]"
"2282","28.385246515","192.168.1.2","192.168.1.55","TCP","66","49768  >  8004 [ACK] Seq=141 Ack=260830 Win=82944 Len=0 TSval=3045552237 TSecr=2916032454"
"2283","28.385255311","192.168.1.2","192.168.1.55","TCP","66","49768  >  8004 [ACK] Seq=141 Ack=269518 Win=74752 Len=0 TSval=3045552237 TSecr=2916032458"
"2284","28.385261644","192.168.1.2","192.168.1.55","TCP","66","49768  >  8004 [ACK] Seq=141 Ack=285446 Win=91136 Len=0 TSval=3045552240 TSecr=2916032461"
"2285","28.385285533","192.168.1.55","192.168.1.2","TCP","1514","8004  >  49768 [ACK] Seq=341918 Ack=141 Win=65024 Len=1448 TSval=2916032465 TSecr=3045552240 [TCP segment of a reassembled PDU]"
"2286","28.385288107","192.168.1.55","192.168.1.2","TCP","1514","8004  >  49768 [ACK] Seq=343366 Ack=141 Win=65024 Len=1448 TSval=2916032465 TSecr=3045552240 [TCP segment of a reassembled PDU]"
"2287","28.385289404","192.168.1.55","192.168.1.2","TCP","1514","8004  >  49768 [ACK] Seq=344814 Ack=141 Win=65024 Len=1448 TSval=2916032465 TSecr=3045552240 [TCP segment of a reassembled PDU]"
"2288","28.385290774","192.168.1.55","192.168.1.2","TCP","1514","8004  >  49768 [ACK] Seq=346262 Ack=141 Win=65024 Len=1448 TSval=2916032465 TSecr=3045552240 [TCP segment of a reassembled PDU]"
"2289","28.385297681","192.168.1.55","192.168.1.2","TCP","1514","8004  >  49768 [ACK] Seq=347710 Ack=141 Win=65024 Len=1448 TSval=2916032465 TSecr=3045552240 [TCP segment of a reassembled PDU]"
"2290","28.385298978","192.168.1.55","192.168.1.2","TCP","1514","8004  >  49768 [ACK] Seq=349158 Ack=141 Win=65024 Len=1448 TSval=2916032465 TSecr=3045552240 [TCP segment of a reassembled PDU]"
"2291","28.385300478","192.168.1.55","192.168.1.2","TCP","1514","8004  >  49768 [ACK] Seq=350606 Ack=141 Win=65024 Len=1448 TSval=2916032465 TSecr=3045552240 [TCP segment of a reassembled PDU]"
"2292","28.385301774","192.168.1.55","192.168.1.2","TCP","1514","8004  >  49768 [ACK] Seq=352054 Ack=141 Win=65024 Len=1448 TSval=2916032465 TSecr=3045552240 [TCP segment of a reassembled PDU]"
"2293","28.385303237","192.168.1.55","192.168.1.2","TCP","1514","8004  >  49768 [ACK] Seq=353502 Ack=141 Win=65024 Len=1448 TSval=2916032465 TSecr=3045552240 [TCP segment of a reassembled PDU]"
"2294","28.385304607","192.168.1.55","192.168.1.2","TCP","1514","8004  >  49768 [ACK] Seq=354950 Ack=141 Win=65024 Len=1448 TSval=2916032465 TSecr=3045552240 [TCP segment of a reassembled PDU]"
"2295","28.385306033","192.168.1.55","192.168.1.2","TCP","1514","8004  >  49768 [ACK] Seq=356398 Ack=141 Win=65024 Len=1448 TSval=2916032465 TSecr=3045552240 [TCP segment of a reassembled PDU]"
"2296","28.385307496","192.168.1.55","192.168.1.2","TCP","1514","8004  >  49768 [ACK] Seq=357846 Ack=141 Win=65024 Len=1448 TSval=2916032465 TSecr=3045552240 [TCP segment of a reassembled PDU]"
"2297","28.385309033","192.168.1.55","192.168.1.2","TCP","1514","8004  >  49768 [ACK] Seq=359294 Ack=141 Win=65024 Len=1448 TSval=2916032465 TSecr=3045552240 [TCP segment of a reassembled PDU]"
"2298","28.385310404","192.168.1.55","192.168.1.2","TCP","1514","8004  >  49768 [ACK] Seq=360742 Ack=141 Win=65024 Len=1448 TSval=2916032465 TSecr=3045552240 [TCP segment of a reassembled PDU]"
"2299","28.385311996","192.168.1.55","192.168.1.2","TCP","1514","8004  >  49768 [ACK] Seq=362190 Ack=141 Win=65024 Len=1448 TSval=2916032465 TSecr=3045552240 [TCP segment of a reassembled PDU]"
"2300","28.385313292","192.168.1.55","192.168.1.2","TCP","1514","8004  >  49768 [ACK] Seq=363638 Ack=141 Win=65024 Len=1448 TSval=2916032465 TSecr=3045552240 [TCP segment of a reassembled PDU]"
"2301","28.385314681","192.168.1.55","192.168.1.2","TCP","1514","8004  >  49768 [ACK] Seq=365086 Ack=141 Win=65024 Len=1448 TSval=2916032465 TSecr=3045552240 [TCP segment of a reassembled PDU]"
"2302","28.385316385","192.168.1.55","192.168.1.2","TCP","1514","8004  >  49768 [ACK] Seq=366534 Ack=141 Win=65024 Len=1448 TSval=2916032465 TSecr=3045552240 [TCP segment of a reassembled PDU]"
"2303","28.385317774","192.168.1.55","192.168.1.2","TCP","1514","8004  >  49768 [ACK] Seq=367982 Ack=141 Win=65024 Len=1448 TSval=2916032465 TSecr=3045552240 [TCP segment of a reassembled PDU]"
"2304","28.385319478","192.168.1.55","192.168.1.2","TCP","1514","8004  >  49768 [ACK] Seq=369430 Ack=141 Win=65024 Len=1448 TSval=2916032465 TSecr=3045552240 [TCP segment of a reassembled PDU]"
"2305","28.385320737","192.168.1.55","192.168.1.2","TCP","1514","8004  >  49768 [ACK] Seq=370878 Ack=141 Win=65024 Len=1448 TSval=2916032465 TSecr=3045552240 [TCP segment of a reassembled PDU]"
"2306","28.385322163","192.168.1.55","192.168.1.2","TCP","1514","8004  >  49768 [PSH, ACK] Seq=372326 Ack=141 Win=65024 Len=1448 TSval=2916032465 TSecr=3045552240 [TCP segment of a reassembled PDU]"
"2307","28.385329052","192.168.1.2","192.168.1.55","TCP","66","49768  >  8004 [ACK] Seq=141 Ack=288342 Win=89088 Len=0 TSval=3045552240 TSecr=2916032461"
"2308","28.385362589","192.168.1.2","192.168.1.55","TCP","66","49768  >  8004 [ACK] Seq=141 Ack=322582 Win=74752 Len=0 TSval=3045552240 TSecr=2916032461"
"2309","28.389191984","192.168.1.2","192.168.1.55","TCP","66","49768  >  8004 [ACK] Seq=141 Ack=324030 Win=105472 Len=0 TSval=3045552244 TSecr=2916032461"
"2310","28.389224706","192.168.1.55","192.168.1.2","TCP","1514","8004  >  49768 [ACK] Seq=373774 Ack=141 Win=65024 Len=1448 TSval=2916032469 TSecr=3045552244 [TCP segment of a reassembled PDU]"
"2311","28.389227391","192.168.1.55","192.168.1.2","TCP","1514","8004  >  49768 [ACK] Seq=375222 Ack=141 Win=65024 Len=1448 TSval=2916032469 TSecr=3045552244 [TCP segment of a reassembled PDU]"
"2312","28.389228780","192.168.1.55","192.168.1.2","TCP","1514","8004  >  49768 [ACK] Seq=376670 Ack=141 Win=65024 Len=1448 TSval=2916032469 TSecr=3045552244 [TCP segment of a reassembled PDU]"
"2313","28.389230169","192.168.1.55","192.168.1.2","TCP","1514","8004  >  49768 [ACK] Seq=378118 Ack=141 Win=65024 Len=1448 TSval=2916032469 TSecr=3045552244 [TCP segment of a reassembled PDU]"
"2314","28.389231650","192.168.1.55","192.168.1.2","TCP","1514","8004  >  49768 [ACK] Seq=379566 Ack=141 Win=65024 Len=1448 TSval=2916032469 TSecr=3045552244 [TCP segment of a reassembled PDU]"
"2315","28.389233002","192.168.1.55","192.168.1.2","TCP","1514","8004  >  49768 [ACK] Seq=381014 Ack=141 Win=65024 Len=1448 TSval=2916032469 TSecr=3045552244 [TCP segment of a reassembled PDU]"
"2316","28.389234447","192.168.1.55","192.168.1.2","TCP","1514","8004  >  49768 [ACK] Seq=382462 Ack=141 Win=65024 Len=1448 TSval=2916032469 TSecr=3045552244 [TCP segment of a reassembled PDU]"
"2317","28.389235836","192.168.1.55","192.168.1.2","TCP","1514","8004  >  49768 [ACK] Seq=383910 Ack=141 Win=65024 Len=1448 TSval=2916032469 TSecr=3045552244 [TCP segment of a reassembled PDU]"
"2318","28.389237595","192.168.1.55","192.168.1.2","TCP","1514","8004  >  49768 [ACK] Seq=385358 Ack=141 Win=65024 Len=1448 TSval=2916032469 TSecr=3045552244 [TCP segment of a reassembled PDU]"
"2319","28.389239058","192.168.1.55","192.168.1.2","TCP","1514","8004  >  49768 [ACK] Seq=386806 Ack=141 Win=65024 Len=1448 TSval=2916032469 TSecr=3045552244 [TCP segment of a reassembled PDU]"
"2320","28.389240410","192.168.1.55","192.168.1.2","TCP","1514","8004  >  49768 [ACK] Seq=388254 Ack=141 Win=65024 Len=1448 TSval=2916032469 TSecr=3045552244 [TCP segment of a reassembled PDU]"
"2321","28.389242262","192.168.1.55","192.168.1.2","TCP","1514","8004  >  49768 [ACK] Seq=389702 Ack=141 Win=65024 Len=1448 TSval=2916032469 TSecr=3045552244 [TCP segment of a reassembled PDU]"
"2322","28.389243558","192.168.1.55","192.168.1.2","TCP","1514","8004  >  49768 [ACK] Seq=391150 Ack=141 Win=65024 Len=1448 TSval=2916032469 TSecr=3045552244 [TCP segment of a reassembled PDU]"
"2323","28.389245039","192.168.1.55","192.168.1.2","TCP","1514","8004  >  49768 [ACK] Seq=392598 Ack=141 Win=65024 Len=1448 TSval=2916032469 TSecr=3045552244 [TCP segment of a reassembled PDU]"
"2324","28.389246447","192.168.1.55","192.168.1.2","TCP","1514","8004  >  49768 [ACK] Seq=394046 Ack=141 Win=65024 Len=1448 TSval=2916032469 TSecr=3045552244 [TCP segment of a reassembled PDU]"
"2325","28.389247891","192.168.1.55","192.168.1.2","TCP","1514","8004  >  49768 [ACK] Seq=395494 Ack=141 Win=65024 Len=1448 TSval=2916032469 TSecr=3045552244 [TCP segment of a reassembled PDU]"
"2326","28.389249169","192.168.1.55","192.168.1.2","TCP","1514","8004  >  49768 [ACK] Seq=396942 Ack=141 Win=65024 Len=1448 TSval=2916032469 TSecr=3045552244 [TCP segment of a reassembled PDU]"
"2327","28.389250706","192.168.1.55","192.168.1.2","TCP","1514","8004  >  49768 [ACK] Seq=398390 Ack=141 Win=65024 Len=1448 TSval=2916032469 TSecr=3045552244 [TCP segment of a reassembled PDU]"
"2328","28.389252095","192.168.1.55","192.168.1.2","TCP","1514","8004  >  49768 [ACK] Seq=399838 Ack=141 Win=65024 Len=1448 TSval=2916032469 TSecr=3045552244 [TCP segment of a reassembled PDU]"
"2329","28.389253576","192.168.1.55","192.168.1.2","TCP","1514","8004  >  49768 [ACK] Seq=401286 Ack=141 Win=65024 Len=1448 TSval=2916032469 TSecr=3045552244 [TCP segment of a reassembled PDU]"
"2330","28.389254928","192.168.1.55","192.168.1.2","TCP","1514","8004  >  49768 [ACK] Seq=402734 Ack=141 Win=65024 Len=1448 TSval=2916032469 TSecr=3045552244 [TCP segment of a reassembled PDU]"
"2331","28.389256280","192.168.1.55","192.168.1.2","TCP","1514","8004  >  49768 [ACK] Seq=404182 Ack=141 Win=65024 Len=1448 TSval=2916032469 TSecr=3045552244 [TCP segment of a reassembled PDU]"
"2332","28.389257650","192.168.1.55","192.168.1.2","TCP","1514","8004  >  49768 [ACK] Seq=405630 Ack=141 Win=65024 Len=1448 TSval=2916032469 TSecr=3045552244 [TCP segment of a reassembled PDU]"
"2333","28.389258984","192.168.1.55","192.168.1.2","TCP","1514","8004  >  49768 [ACK] Seq=407078 Ack=141 Win=65024 Len=1448 TSval=2916032469 TSecr=3045552244 [TCP segment of a reassembled PDU]"
"2334","28.389260373","192.168.1.55","192.168.1.2","TCP","1514","8004  >  49768 [ACK] Seq=408526 Ack=141 Win=65024 Len=1448 TSval=2916032469 TSecr=3045552244 [TCP segment of a reassembled PDU]"
"2335","28.389261780","192.168.1.55","192.168.1.2","TCP","1514","8004  >  49768 [ACK] Seq=409974 Ack=141 Win=65024 Len=1448 TSval=2916032469 TSecr=3045552244 [TCP segment of a reassembled PDU]"
"2336","28.389263095","192.168.1.55","192.168.1.2","TCP","1514","8004  >  49768 [ACK] Seq=411422 Ack=141 Win=65024 Len=1448 TSval=2916032469 TSecr=3045552244 [TCP segment of a reassembled PDU]"
"2337","28.389264502","192.168.1.55","192.168.1.2","TCP","1514","8004  >  49768 [ACK] Seq=412870 Ack=141 Win=65024 Len=1448 TSval=2916032469 TSecr=3045552244 [TCP segment of a reassembled PDU]"
"2338","28.389265947","192.168.1.55","192.168.1.2","TCP","1514","8004  >  49768 [ACK] Seq=414318 Ack=141 Win=65024 Len=1448 TSval=2916032469 TSecr=3045552244 [TCP segment of a reassembled PDU]"
"2339","28.389267391","192.168.1.55","192.168.1.2","TCP","1514","8004  >  49768 [ACK] Seq=415766 Ack=141 Win=65024 Len=1448 TSval=2916032469 TSecr=3045552244 [TCP segment of a reassembled PDU]"
"2340","28.389268873","192.168.1.55","192.168.1.2","TCP","1514","8004  >  49768 [PSH, ACK] Seq=417214 Ack=141 Win=65024 Len=1448 TSval=2916032469 TSecr=3045552244 [TCP segment of a reassembled PDU]"
"2341","28.390457856","192.168.1.2","192.168.1.55","TCP","66","49768  >  8004 [ACK] Seq=141 Ack=328374 Win=113664 Len=0 TSval=3045552245 TSecr=2916032461"
"2342","28.390483245","192.168.1.55","192.168.1.2","TCP","1514","8004  >  49768 [ACK] Seq=418662 Ack=141 Win=65024 Len=1448 TSval=2916032471 TSecr=3045552245 [TCP segment of a reassembled PDU]"
"2343","28.390485263","192.168.1.55","192.168.1.2","TCP","1514","8004  >  49768 [ACK] Seq=420110 Ack=141 Win=65024 Len=1448 TSval=2916032471 TSecr=3045552245 [TCP segment of a reassembled PDU]"
"2344","28.390487041","192.168.1.55","192.168.1.2","TCP","1514","8004  >  49768 [ACK] Seq=421558 Ack=141 Win=65024 Len=1448 TSval=2916032471 TSecr=3045552245 [TCP segment of a reassembled PDU]"
"2345","28.390488449","192.168.1.55","192.168.1.2","TCP","1514","8004  >  49768 [ACK] Seq=423006 Ack=141 Win=65024 Len=1448 TSval=2916032471 TSecr=3045552245 [TCP segment of a reassembled PDU]"
"2346","28.390489930","192.168.1.55","192.168.1.2","TCP","1514","8004  >  49768 [ACK] Seq=424454 Ack=141 Win=65024 Len=1448 TSval=2916032471 TSecr=3045552245 [TCP segment of a reassembled PDU]"
"2347","28.390491319","192.168.1.55","192.168.1.2","TCP","1514","8004  >  49768 [ACK] Seq=425902 Ack=141 Win=65024 Len=1448 TSval=2916032471 TSecr=3045552245 [TCP segment of a reassembled PDU]"
"2348","28.390492800","192.168.1.55","192.168.1.2","TCP","1514","8004  >  49768 [ACK] Seq=427350 Ack=141 Win=65024 Len=1448 TSval=2916032471 TSecr=3045552245 [TCP segment of a reassembled PDU]"
"2349","28.390494171","192.168.1.55","192.168.1.2","TCP","1514","8004  >  49768 [ACK] Seq=428798 Ack=141 Win=65024 Len=1448 TSval=2916032471 TSecr=3045552245 [TCP segment of a reassembled PDU]"
"2350","28.390495449","192.168.1.55","192.168.1.2","TCP","1514","8004  >  49768 [ACK] Seq=430246 Ack=141 Win=65024 Len=1448 TSval=2916032471 TSecr=3045552245 [TCP segment of a reassembled PDU]"
"2351","28.390496745","192.168.1.55","192.168.1.2","TCP","1514","8004  >  49768 [ACK] Seq=431694 Ack=141 Win=65024 Len=1448 TSval=2916032471 TSecr=3045552245 [TCP segment of a reassembled PDU]"
"2352","28.390498115","192.168.1.55","192.168.1.2","TCP","1514","8004  >  49768 [ACK] Seq=433142 Ack=141 Win=65024 Len=1448 TSval=2916032471 TSecr=3045552245 [TCP segment of a reassembled PDU]"
"2353","28.390499523","192.168.1.55","192.168.1.2","TCP","1514","8004  >  49768 [ACK] Seq=434590 Ack=141 Win=65024 Len=1448 TSval=2916032471 TSecr=3045552245 [TCP segment of a reassembled PDU]"
"2354","28.390500819","192.168.1.55","192.168.1.2","TCP","1514","8004  >  49768 [ACK] Seq=436038 Ack=141 Win=65024 Len=1448 TSval=2916032471 TSecr=3045552245 [TCP segment of a reassembled PDU]"
"2355","28.390502097","192.168.1.55","192.168.1.2","TCP","1514","8004  >  49768 [ACK] Seq=437486 Ack=141 Win=65024 Len=1448 TSval=2916032471 TSecr=3045552245 [TCP segment of a reassembled PDU]"
"2356","28.390503486","192.168.1.55","192.168.1.2","TCP","1514","8004  >  49768 [ACK] Seq=438934 Ack=141 Win=65024 Len=1448 TSval=2916032471 TSecr=3045552245 [TCP segment of a reassembled PDU]"
"2357","28.390504763","192.168.1.55","192.168.1.2","TCP","1514","8004  >  49768 [PSH, ACK] Seq=440382 Ack=141 Win=65024 Len=1448 TSval=2916032471 TSecr=3045552245 [TCP segment of a reassembled PDU]"
"2358","28.390560486","192.168.1.2","192.168.1.55","TCP","66","49768  >  8004 [ACK] Seq=141 Ack=328886 Win=116736 Len=0 TSval=3045552245 TSecr=2916032461"
"2359","28.390566949","192.168.1.2","192.168.1.55","TCP","66","49768  >  8004 [ACK] Seq=141 Ack=341918 Win=142336 Len=0 TSval=3045552245 TSecr=2916032465"
"2360","28.390586708","192.168.1.55","192.168.1.2","TCP","1514","8004  >  49768 [ACK] Seq=441830 Ack=141 Win=65024 Len=1448 TSval=2916032471 TSecr=3045552245 [TCP segment of a reassembled PDU]"
"2361","28.390588986","192.168.1.55","192.168.1.2","TCP","1514","8004  >  49768 [ACK] Seq=443278 Ack=141 Win=65024 Len=1448 TSval=2916032471 TSecr=3045552245 [TCP segment of a reassembled PDU]"
"2362","28.390590708","192.168.1.55","192.168.1.2","TCP","1514","8004  >  49768 [ACK] Seq=444726 Ack=141 Win=65024 Len=1448 TSval=2916032471 TSecr=3045552245 [TCP segment of a reassembled PDU]"
"2363","28.390592171","192.168.1.55","192.168.1.2","TCP","1514","8004  >  49768 [ACK] Seq=446174 Ack=141 Win=65024 Len=1448 TSval=2916032471 TSecr=3045552245 [TCP segment of a reassembled PDU]"
"2364","28.390593523","192.168.1.55","192.168.1.2","TCP","1514","8004  >  49768 [ACK] Seq=447622 Ack=141 Win=65024 Len=1448 TSval=2916032471 TSecr=3045552245 [TCP segment of a reassembled PDU]"
"2365","28.390594912","192.168.1.55","192.168.1.2","TCP","1514","8004  >  49768 [ACK] Seq=449070 Ack=141 Win=65024 Len=1448 TSval=2916032471 TSecr=3045552245 [TCP segment of a reassembled PDU]"
"2366","28.390596634","192.168.1.55","192.168.1.2","TCP","1514","8004  >  49768 [ACK] Seq=450518 Ack=141 Win=65024 Len=1448 TSval=2916032471 TSecr=3045552245 [TCP segment of a reassembled PDU]"
"2367","28.390597967","192.168.1.55","192.168.1.2","TCP","1514","8004  >  49768 [ACK] Seq=451966 Ack=141 Win=65024 Len=1448 TSval=2916032471 TSecr=3045552245 [TCP segment of a reassembled PDU]"
"2368","28.390599615","192.168.1.55","192.168.1.2","TCP","1514","8004  >  49768 [ACK] Seq=453414 Ack=141 Win=65024 Len=1448 TSval=2916032471 TSecr=3045552245 [TCP segment of a reassembled PDU]"
"2369","28.390600986","192.168.1.55","192.168.1.2","TCP","1514","8004  >  49768 [ACK] Seq=454862 Ack=141 Win=65024 Len=1448 TSval=2916032471 TSecr=3045552245 [TCP segment of a reassembled PDU]"
"2370","28.390602467","192.168.1.55","192.168.1.2","TCP","1514","8004  >  49768 [ACK] Seq=456310 Ack=141 Win=65024 Len=1448 TSval=2916032471 TSecr=3045552245 [TCP segment of a reassembled PDU]"
"2371","28.390603782","192.168.1.55","192.168.1.2","TCP","1514","8004  >  49768 [ACK] Seq=457758 Ack=141 Win=65024 Len=1448 TSval=2916032471 TSecr=3045552245 [TCP segment of a reassembled PDU]"
"2372","28.390605338","192.168.1.55","192.168.1.2","TCP","1514","8004  >  49768 [ACK] Seq=459206 Ack=141 Win=65024 Len=1448 TSval=2916032471 TSecr=3045552245 [TCP segment of a reassembled PDU]"
"2373","28.390606764","192.168.1.55","192.168.1.2","TCP","1514","8004  >  49768 [ACK] Seq=460654 Ack=141 Win=65024 Len=1448 TSval=2916032471 TSecr=3045552245 [TCP segment of a reassembled PDU]"
"2374","28.390608190","192.168.1.55","192.168.1.2","TCP","1514","8004  >  49768 [PSH, ACK] Seq=462102 Ack=141 Win=65024 Len=1448 TSval=2916032471 TSecr=3045552245 [TCP segment of a reassembled PDU]"
"2375","28.396075902","192.168.1.2","192.168.1.55","TCP","66","49768  >  8004 [ACK] Seq=141 Ack=373774 Win=137216 Len=0 TSval=3045552245 TSecr=2916032465"
"2376","28.396105606","192.168.1.55","192.168.1.2","TCP","1514","8004  >  49768 [ACK] Seq=463550 Ack=141 Win=65024 Len=1448 TSval=2916032476 TSecr=3045552245 [TCP segment of a reassembled PDU]"
"2377","28.396108254","192.168.1.55","192.168.1.2","TCP","1514","8004  >  49768 [ACK] Seq=464998 Ack=141 Win=65024 Len=1448 TSval=2916032476 TSecr=3045552245 [TCP segment of a reassembled PDU]"
"2378","28.396109531","192.168.1.55","192.168.1.2","TCP","1514","8004  >  49768 [ACK] Seq=466446 Ack=141 Win=65024 Len=1448 TSval=2916032476 TSecr=3045552245 [TCP segment of a reassembled PDU]"
"2379","28.396110920","192.168.1.55","192.168.1.2","TCP","1514","8004  >  49768 [ACK] Seq=467894 Ack=141 Win=65024 Len=1448 TSval=2916032476 TSecr=3045552245 [TCP segment of a reassembled PDU]"
"2380","28.396112235","192.168.1.55","192.168.1.2","TCP","1514","8004  >  49768 [ACK] Seq=469342 Ack=141 Win=65024 Len=1448 TSval=2916032476 TSecr=3045552245 [TCP segment of a reassembled PDU]"
"2381","28.396113531","192.168.1.55","192.168.1.2","TCP","1514","8004  >  49768 [ACK] Seq=470790 Ack=141 Win=65024 Len=1448 TSval=2916032476 TSecr=3045552245 [TCP segment of a reassembled PDU]"
"2382","28.396114902","192.168.1.55","192.168.1.2","TCP","1514","8004  >  49768 [ACK] Seq=472238 Ack=141 Win=65024 Len=1448 TSval=2916032476 TSecr=3045552245 [TCP segment of a reassembled PDU]"
"2383","28.396116420","192.168.1.55","192.168.1.2","TCP","1514","8004  >  49768 [ACK] Seq=473686 Ack=141 Win=65024 Len=1448 TSval=2916032476 TSecr=3045552245 [TCP segment of a reassembled PDU]"
"2384","28.396117791","192.168.1.55","192.168.1.2","TCP","1514","8004  >  49768 [ACK] Seq=475134 Ack=141 Win=65024 Len=1448 TSval=2916032476 TSecr=3045552245 [TCP segment of a reassembled PDU]"
"2385","28.396119198","192.168.1.55","192.168.1.2","TCP","1514","8004  >  49768 [ACK] Seq=476582 Ack=141 Win=65024 Len=1448 TSval=2916032476 TSecr=3045552245 [TCP segment of a reassembled PDU]"
"2386","28.396120457","192.168.1.55","192.168.1.2","TCP","1514","8004  >  49768 [ACK] Seq=478030 Ack=141 Win=65024 Len=1448 TSval=2916032476 TSecr=3045552245 [TCP segment of a reassembled PDU]"
"2387","28.396121791","192.168.1.55","192.168.1.2","TCP","1514","8004  >  49768 [ACK] Seq=479478 Ack=141 Win=65024 Len=1448 TSval=2916032476 TSecr=3045552245 [TCP segment of a reassembled PDU]"
"2388","28.396123087","192.168.1.55","192.168.1.2","TCP","1514","8004  >  49768 [ACK] Seq=480926 Ack=141 Win=65024 Len=1448 TSval=2916032476 TSecr=3045552245 [TCP segment of a reassembled PDU]"
"2389","28.396124476","192.168.1.55","192.168.1.2","TCP","1514","8004  >  49768 [ACK] Seq=482374 Ack=141 Win=65024 Len=1448 TSval=2916032476 TSecr=3045552245 [TCP segment of a reassembled PDU]"
"2390","28.396125846","192.168.1.55","192.168.1.2","TCP","1514","8004  >  49768 [ACK] Seq=483822 Ack=141 Win=65024 Len=1448 TSval=2916032476 TSecr=3045552245 [TCP segment of a reassembled PDU]"
"2391","28.396127106","192.168.1.55","192.168.1.2","TCP","1514","8004  >  49768 [ACK] Seq=485270 Ack=141 Win=65024 Len=1448 TSval=2916032476 TSecr=3045552245 [TCP segment of a reassembled PDU]"
"2392","28.396128457","192.168.1.55","192.168.1.2","TCP","1514","8004  >  49768 [ACK] Seq=486718 Ack=141 Win=65024 Len=1448 TSval=2916032476 TSecr=3045552245 [TCP segment of a reassembled PDU]"
"2393","28.396129791","192.168.1.55","192.168.1.2","TCP","1514","8004  >  49768 [ACK] Seq=488166 Ack=141 Win=65024 Len=1448 TSval=2916032476 TSecr=3045552245 [TCP segment of a reassembled PDU]"
"2394","28.396131680","192.168.1.55","192.168.1.2","TCP","1514","8004  >  49768 [ACK] Seq=489614 Ack=141 Win=65024 Len=1448 TSval=2916032476 TSecr=3045552245 [TCP segment of a reassembled PDU]"
"2395","28.396133050","192.168.1.55","192.168.1.2","TCP","1514","8004  >  49768 [ACK] Seq=491062 Ack=141 Win=65024 Len=1448 TSval=2916032476 TSecr=3045552245 [TCP segment of a reassembled PDU]"
"2396","28.396134569","192.168.1.55","192.168.1.2","TCP","1514","8004  >  49768 [ACK] Seq=492510 Ack=141 Win=65024 Len=1448 TSval=2916032476 TSecr=3045552245 [TCP segment of a reassembled PDU]"
"2397","28.396136087","192.168.1.55","192.168.1.2","TCP","1514","8004  >  49768 [ACK] Seq=493958 Ack=141 Win=65024 Len=1448 TSval=2916032476 TSecr=3045552245 [TCP segment of a reassembled PDU]"
"2398","28.396137476","192.168.1.55","192.168.1.2","TCP","1514","8004  >  49768 [ACK] Seq=495406 Ack=141 Win=65024 Len=1448 TSval=2916032476 TSecr=3045552245 [TCP segment of a reassembled PDU]"
"2399","28.396138865","192.168.1.55","192.168.1.2","TCP","1514","8004  >  49768 [ACK] Seq=496854 Ack=141 Win=65024 Len=1448 TSval=2916032476 TSecr=3045552245 [TCP segment of a reassembled PDU]"
"2400","28.396140291","192.168.1.55","192.168.1.2","HTTP","1472","HTTP/1.0 200 OK  (PNG)"
"2401","28.396202791","192.168.1.2","192.168.1.55","TCP","66","49768  >  8004 [ACK] Seq=141 Ack=375222 Win=145408 Len=0 TSval=3045552247 TSecr=2916032469"
"2402","28.396208698","192.168.1.2","192.168.1.55","TCP","66","49768  >  8004 [ACK] Seq=141 Ack=376670 Win=148480 Len=0 TSval=3045552247 TSecr=2916032469"
"2403","28.396213661","192.168.1.2","192.168.1.55","TCP","66","49768  >  8004 [ACK] Seq=141 Ack=381014 Win=156672 Len=0 TSval=3045552251 TSecr=2916032469"
"2404","28.398214331","192.168.1.2","192.168.1.55","TCP","66","49768  >  8004 [ACK] Seq=141 Ack=418662 Win=135168 Len=0 TSval=3045552252 TSecr=2916032469"
"2405","28.398276461","192.168.1.2","192.168.1.55","TCP","66","49768  >  8004 [ACK] Seq=141 Ack=457758 Win=96256 Len=0 TSval=3045552252 TSecr=2916032471"
"2406","28.400514946","192.168.1.2","192.168.1.55","TCP","66","49768  >  8004 [ACK] Seq=141 Ack=463550 Win=161792 Len=0 TSval=3045552253 TSecr=2916032471"
"2407","28.401321706","192.168.1.2","192.168.1.55","TCP","66","49768  >  8004 [ACK] Seq=141 Ack=473686 Win=159744 Len=0 TSval=3045552256 TSecr=2916032476"
"2408","28.401431040","192.168.1.2","192.168.1.55","TCP","66","49768  >  8004 [ACK] Seq=141 Ack=489614 Win=154624 Len=0 TSval=3045552256 TSecr=2916032476"
"2409","28.402482912","192.168.1.2","192.168.1.55","TCP","66","49768  >  8004 [ACK] Seq=141 Ack=498302 Win=159744 Len=0 TSval=3045552257 TSecr=2916032476"
"2410","28.403934229","192.168.1.2","192.168.1.55","TCP","66","49768  >  8004 [FIN, ACK] Seq=141 Ack=499709 Win=164864 Len=0 TSval=3045552258 TSecr=2916032476"
"2411","28.403949729","192.168.1.55","192.168.1.2","TCP","66","8004  >  49768 [ACK] Seq=499709 Ack=142 Win=65024 Len=0 TSval=2916032484 TSecr=3045552258"
"2412","28.404059970","192.168.1.2","192.168.1.55","TCP","74","49780  >  8004 [SYN] Seq=0 Win=64240 Len=0 MSS=1460 SACK_PERM TSval=3045552259 TSecr=0 WS=1024"
"2413","28.404083451","192.168.1.55","192.168.1.2","TCP","74","8004  >  49780 [SYN, ACK] Seq=0 Ack=1 Win=65160 Len=0 MSS=1460 SACK_PERM TSval=2916032484 TSecr=3045552259 WS=128"
"2414","28.407210938","192.168.1.2","192.168.1.55","TCP","66","49780  >  8004 [ACK] Seq=1 Ack=1 Win=64512 Len=0 TSval=3045552262 TSecr=2916032484"
"2415","28.410434480","192.168.1.2","192.168.1.55","HTTP","209","GET /original_benchmark.png HTTP/1.1 "
"2416","28.410446109","192.168.1.55","192.168.1.2","TCP","66","8004  >  49780 [ACK] Seq=1 Ack=144 Win=65024 Len=0 TSval=2916032491 TSecr=3045552262"
"2417","28.410907110","192.168.1.55","192.168.1.2","TCP","255","8004  >  49780 [PSH, ACK] Seq=1 Ack=144 Win=65024 Len=189 TSval=2916032491 TSecr=3045552262 [TCP segment of a reassembled PDU]"
"2418","28.410997369","192.168.1.55","192.168.1.2","TCP","1514","8004  >  49780 [ACK] Seq=190 Ack=144 Win=65024 Len=1448 TSval=2916032491 TSecr=3045552262 [TCP segment of a reassembled PDU]"
"2419","28.411003129","192.168.1.55","192.168.1.2","TCP","1514","8004  >  49780 [ACK] Seq=1638 Ack=144 Win=65024 Len=1448 TSval=2916032491 TSecr=3045552262 [TCP segment of a reassembled PDU]"
"2420","28.411004721","192.168.1.55","192.168.1.2","TCP","1514","8004  >  49780 [ACK] Seq=3086 Ack=144 Win=65024 Len=1448 TSval=2916032491 TSecr=3045552262 [TCP segment of a reassembled PDU]"
"2421","28.411006018","192.168.1.55","192.168.1.2","TCP","1514","8004  >  49780 [ACK] Seq=4534 Ack=144 Win=65024 Len=1448 TSval=2916032491 TSecr=3045552262 [TCP segment of a reassembled PDU]"
"2422","28.411007351","192.168.1.55","192.168.1.2","TCP","1514","8004  >  49780 [PSH, ACK] Seq=5982 Ack=144 Win=65024 Len=1448 TSval=2916032491 TSecr=3045552262 [TCP segment of a reassembled PDU]"
"2423","28.411023869","192.168.1.55","192.168.1.2","TCP","1514","8004  >  49780 [ACK] Seq=7430 Ack=144 Win=65024 Len=1448 TSval=2916032491 TSecr=3045552262 [TCP segment of a reassembled PDU]"
"2424","28.411025666","192.168.1.55","192.168.1.2","TCP","1514","8004  >  49780 [ACK] Seq=8878 Ack=144 Win=65024 Len=1448 TSval=2916032491 TSecr=3045552262 [TCP segment of a reassembled PDU]"
"2425","28.411027388","192.168.1.55","192.168.1.2","TCP","1514","8004  >  49780 [ACK] Seq=10326 Ack=144 Win=65024 Len=1448 TSval=2916032491 TSecr=3045552262 [TCP segment of a reassembled PDU]"
"2426","28.411028629","192.168.1.55","192.168.1.2","TCP","1514","8004  >  49780 [PSH, ACK] Seq=11774 Ack=144 Win=65024 Len=1448 TSval=2916032491 TSecr=3045552262 [TCP segment of a reassembled PDU]"
"2427","28.414414245","192.168.1.2","192.168.1.55","TCP","66","49780  >  8004 [ACK] Seq=144 Ack=190 Win=64512 Len=0 TSval=3045552269 TSecr=2916032491"
"2428","28.414463690","192.168.1.55","192.168.1.2","TCP","1514","8004  >  49780 [ACK] Seq=13222 Ack=144 Win=65024 Len=1448 TSval=2916032495 TSecr=3045552269 [TCP segment of a reassembled PDU]"
"2429","28.414469856","192.168.1.55","192.168.1.2","TCP","1514","8004  >  49780 [PSH, ACK] Seq=14670 Ack=144 Win=65024 Len=1448 TSval=2916032495 TSecr=3045552269 [TCP segment of a reassembled PDU]"
"2430","28.414598171","192.168.1.2","192.168.1.55","TCP","66","49780  >  8004 [ACK] Seq=144 Ack=5982 Win=76800 Len=0 TSval=3045552269 TSecr=2916032491"
"2431","28.414653264","192.168.1.55","192.168.1.2","TCP","1514","8004  >  49780 [ACK] Seq=16118 Ack=144 Win=65024 Len=1448 TSval=2916032495 TSecr=3045552269 [TCP segment of a reassembled PDU]"
"2432","28.414657171","192.168.1.55","192.168.1.2","TCP","1514","8004  >  49780 [ACK] Seq=17566 Ack=144 Win=65024 Len=1448 TSval=2916032495 TSecr=3045552269 [TCP segment of a reassembled PDU]"
"2433","28.414658634","192.168.1.55","192.168.1.2","TCP","1514","8004  >  49780 [ACK] Seq=19014 Ack=144 Win=65024 Len=1448 TSval=2916032495 TSecr=3045552269 [TCP segment of a reassembled PDU]"
"2434","28.414661245","192.168.1.55","192.168.1.2","TCP","1514","8004  >  49780 [ACK] Seq=20462 Ack=144 Win=65024 Len=1448 TSval=2916032495 TSecr=3045552269 [TCP segment of a reassembled PDU]"
"2435","28.414662838","192.168.1.55","192.168.1.2","TCP","1514","8004  >  49780 [ACK] Seq=21910 Ack=144 Win=65024 Len=1448 TSval=2916032495 TSecr=3045552269 [TCP segment of a reassembled PDU]"
"2436","28.414664597","192.168.1.55","192.168.1.2","TCP","1514","8004  >  49780 [ACK] Seq=23358 Ack=144 Win=65024 Len=1448 TSval=2916032495 TSecr=3045552269 [TCP segment of a reassembled PDU]"
"2437","28.414666079","192.168.1.55","192.168.1.2","TCP","1514","8004  >  49780 [PSH, ACK] Seq=24806 Ack=144 Win=65024 Len=1448 TSval=2916032495 TSecr=3045552269 [TCP segment of a reassembled PDU]"
"2438","28.414674653","192.168.1.2","192.168.1.55","TCP","66","49780  >  8004 [ACK] Seq=144 Ack=7430 Win=79872 Len=0 TSval=3045552270 TSecr=2916032491"
"2439","28.414681727","192.168.1.2","192.168.1.55","TCP","66","49780  >  8004 [ACK] Seq=144 Ack=13222 Win=80896 Len=0 TSval=3045552270 TSecr=2916032491"
"2440","28.414708079","192.168.1.55","192.168.1.2","TCP","1514","8004  >  49780 [ACK] Seq=26254 Ack=144 Win=65024 Len=1448 TSval=2916032495 TSecr=3045552270 [TCP segment of a reassembled PDU]"
"2441","28.414711634","192.168.1.55","192.168.1.2","TCP","1514","8004  >  49780 [ACK] Seq=27702 Ack=144 Win=65024 Len=1448 TSval=2916032495 TSecr=3045552270 [TCP segment of a reassembled PDU]"
"2442","28.414713023","192.168.1.55","192.168.1.2","TCP","1514","8004  >  49780 [ACK] Seq=29150 Ack=144 Win=65024 Len=1448 TSval=2916032495 TSecr=3045552270 [TCP segment of a reassembled PDU]"
"2443","28.414714431","192.168.1.55","192.168.1.2","TCP","1514","8004  >  49780 [ACK] Seq=30598 Ack=144 Win=65024 Len=1448 TSval=2916032495 TSecr=3045552270 [TCP segment of a reassembled PDU]"
"2444","28.414723320","192.168.1.55","192.168.1.2","TCP","1514","8004  >  49780 [ACK] Seq=32046 Ack=144 Win=65024 Len=1448 TSval=2916032495 TSecr=3045552270 [TCP segment of a reassembled PDU]"
"2445","28.414725746","192.168.1.55","192.168.1.2","TCP","1514","8004  >  49780 [ACK] Seq=33494 Ack=144 Win=65024 Len=1448 TSval=2916032495 TSecr=3045552270 [TCP segment of a reassembled PDU]"
"2446","28.414727227","192.168.1.55","192.168.1.2","TCP","1514","8004  >  49780 [ACK] Seq=34942 Ack=144 Win=65024 Len=1448 TSval=2916032495 TSecr=3045552270 [TCP segment of a reassembled PDU]"
"2447","28.414728634","192.168.1.55","192.168.1.2","TCP","1514","8004  >  49780 [ACK] Seq=36390 Ack=144 Win=65024 Len=1448 TSval=2916032495 TSecr=3045552270 [TCP segment of a reassembled PDU]"
"2448","28.414729949","192.168.1.55","192.168.1.2","TCP","1514","8004  >  49780 [ACK] Seq=37838 Ack=144 Win=65024 Len=1448 TSval=2916032495 TSecr=3045552270 [TCP segment of a reassembled PDU]"
"2449","28.414731523","192.168.1.55","192.168.1.2","TCP","1514","8004  >  49780 [PSH, ACK] Seq=39286 Ack=144 Win=65024 Len=1448 TSval=2916032495 TSecr=3045552270 [TCP segment of a reassembled PDU]"
"2450","28.415800599","192.168.1.55","192.168.1.2","TCP","1514","8004  >  49780 [ACK] Seq=40734 Ack=144 Win=65024 Len=1448 TSval=2916032496 TSecr=3045552270 [TCP segment of a reassembled PDU]"
"2451","28.419681568","192.168.1.2","192.168.1.55","TCP","66","49780  >  8004 [ACK] Seq=144 Ack=16118 Win=87040 Len=0 TSval=3045552274 TSecr=2916032495"
"2452","28.419784050","192.168.1.55","192.168.1.2","TCP","1514","8004  >  49780 [ACK] Seq=42182 Ack=144 Win=65024 Len=1448 TSval=2916032500 TSecr=3045552274 [TCP segment of a reassembled PDU]"
"2453","28.419794976","192.168.1.55","192.168.1.2","TCP","1514","8004  >  49780 [PSH, ACK] Seq=43630 Ack=144 Win=65024 Len=1448 TSval=2916032500 TSecr=3045552274 [TCP segment of a reassembled PDU]"
"2454","28.419883865","192.168.1.2","192.168.1.55","TCP","66","49780  >  8004 [ACK] Seq=144 Ack=26254 Win=86016 Len=0 TSval=3045552274 TSecr=2916032495"
"2455","28.419937606","192.168.1.55","192.168.1.2","TCP","1514","8004  >  49780 [ACK] Seq=45078 Ack=144 Win=65024 Len=1448 TSval=2916032500 TSecr=3045552274 [TCP segment of a reassembled PDU]"
"2456","28.419942013","192.168.1.55","192.168.1.2","TCP","1514","8004  >  49780 [ACK] Seq=46526 Ack=144 Win=65024 Len=1448 TSval=2916032500 TSecr=3045552274 [TCP segment of a reassembled PDU]"
"2457","28.419943346","192.168.1.55","192.168.1.2","TCP","1514","8004  >  49780 [ACK] Seq=47974 Ack=144 Win=65024 Len=1448 TSval=2916032500 TSecr=3045552274 [TCP segment of a reassembled PDU]"
"2458","28.419944865","192.168.1.55","192.168.1.2","TCP","1514","8004  >  49780 [ACK] Seq=49422 Ack=144 Win=65024 Len=1448 TSval=2916032500 TSecr=3045552274 [TCP segment of a reassembled PDU]"
"2459","28.419946328","192.168.1.55","192.168.1.2","TCP","1514","8004  >  49780 [ACK] Seq=50870 Ack=144 Win=65024 Len=1448 TSval=2916032500 TSecr=3045552274 [TCP segment of a reassembled PDU]"
"2460","28.419947643","192.168.1.55","192.168.1.2","TCP","1514","8004  >  49780 [ACK] Seq=52318 Ack=144 Win=65024 Len=1448 TSval=2916032500 TSecr=3045552274 [TCP segment of a reassembled PDU]"
"2461","28.419949920","192.168.1.55","192.168.1.2","TCP","1514","8004  >  49780 [ACK] Seq=53766 Ack=144 Win=65024 Len=1448 TSval=2916032500 TSecr=3045552274 [TCP segment of a reassembled PDU]"
"2462","28.419951828","192.168.1.55","192.168.1.2","TCP","1514","8004  >  49780 [ACK] Seq=55214 Ack=144 Win=65024 Len=1448 TSval=2916032500 TSecr=3045552274 [TCP segment of a reassembled PDU]"
"2463","28.419954106","192.168.1.55","192.168.1.2","TCP","1514","8004  >  49780 [ACK] Seq=56662 Ack=144 Win=65024 Len=1448 TSval=2916032500 TSecr=3045552274 [TCP segment of a reassembled PDU]"
"2464","28.419955550","192.168.1.55","192.168.1.2","TCP","1514","8004  >  49780 [ACK] Seq=58110 Ack=144 Win=65024 Len=1448 TSval=2916032500 TSecr=3045552274 [TCP segment of a reassembled PDU]"
"2465","28.419957087","192.168.1.55","192.168.1.2","TCP","1514","8004  >  49780 [ACK] Seq=59558 Ack=144 Win=65024 Len=1448 TSval=2916032500 TSecr=3045552274 [TCP segment of a reassembled PDU]"
"2466","28.419959717","192.168.1.55","192.168.1.2","TCP","1514","8004  >  49780 [ACK] Seq=61006 Ack=144 Win=65024 Len=1448 TSval=2916032500 TSecr=3045552274 [TCP segment of a reassembled PDU]"
"2467","28.419961254","192.168.1.55","192.168.1.2","TCP","1514","8004  >  49780 [ACK] Seq=62454 Ack=144 Win=65024 Len=1448 TSval=2916032500 TSecr=3045552274 [TCP segment of a reassembled PDU]"
"2468","28.419963031","192.168.1.55","192.168.1.2","TCP","1514","8004  >  49780 [PSH, ACK] Seq=63902 Ack=144 Win=65024 Len=1448 TSval=2916032500 TSecr=3045552274 [TCP segment of a reassembled PDU]"
"2469","28.419971457","192.168.1.2","192.168.1.55","TCP","66","49780  >  8004 [ACK] Seq=144 Ack=40734 Win=71680 Len=0 TSval=3045552274 TSecr=2916032495"
"2470","28.420021458","192.168.1.55","192.168.1.2","TCP","1514","8004  >  49780 [ACK] Seq=65350 Ack=144 Win=65024 Len=1448 TSval=2916032500 TSecr=3045552274 [TCP segment of a reassembled PDU]"
"2471","28.420025958","192.168.1.55","192.168.1.2","TCP","1514","8004  >  49780 [ACK] Seq=66798 Ack=144 Win=65024 Len=1448 TSval=2916032500 TSecr=3045552274 [TCP segment of a reassembled PDU]"
"2472","28.420028013","192.168.1.55","192.168.1.2","TCP","1514","8004  >  49780 [ACK] Seq=68246 Ack=144 Win=65024 Len=1448 TSval=2916032500 TSecr=3045552274 [TCP segment of a reassembled PDU]"
"2473","28.420029606","192.168.1.55","192.168.1.2","TCP","1514","8004  >  49780 [ACK] Seq=69694 Ack=144 Win=65024 Len=1448 TSval=2916032500 TSecr=3045552274 [TCP segment of a reassembled PDU]"
"2474","28.420031995","192.168.1.55","192.168.1.2","TCP","1514","8004  >  49780 [ACK] Seq=71142 Ack=144 Win=65024 Len=1448 TSval=2916032500 TSecr=3045552274 [TCP segment of a reassembled PDU]"
"2475","28.420034235","192.168.1.55","192.168.1.2","TCP","1514","8004  >  49780 [ACK] Seq=72590 Ack=144 Win=65024 Len=1448 TSval=2916032500 TSecr=3045552274 [TCP segment of a reassembled PDU]"
"2476","28.420036087","192.168.1.55","192.168.1.2","TCP","1514","8004  >  49780 [ACK] Seq=74038 Ack=144 Win=65024 Len=1448 TSval=2916032500 TSecr=3045552274 [TCP segment of a reassembled PDU]"
"2477","28.420038809","192.168.1.55","192.168.1.2","TCP","1514","8004  >  49780 [PSH, ACK] Seq=75486 Ack=144 Win=65024 Len=1448 TSval=2916032500 TSecr=3045552274 [TCP segment of a reassembled PDU]"
"2478","28.420073346","192.168.1.55","192.168.1.2","TCP","1514","8004  >  49780 [ACK] Seq=76934 Ack=144 Win=65024 Len=1448 TSval=2916032500 TSecr=3045552274 [TCP segment of a reassembled PDU]"
"2479","28.420075458","192.168.1.55","192.168.1.2","TCP","1514","8004  >  49780 [ACK] Seq=78382 Ack=144 Win=65024 Len=1448 TSval=2916032500 TSecr=3045552274 [TCP segment of a reassembled PDU]"
"2480","28.420076976","192.168.1.55","192.168.1.2","TCP","1514","8004  >  49780 [ACK] Seq=79830 Ack=144 Win=65024 Len=1448 TSval=2916032500 TSecr=3045552274 [TCP segment of a reassembled PDU]"
"2481","28.420079013","192.168.1.55","192.168.1.2","TCP","1514","8004  >  49780 [ACK] Seq=81278 Ack=144 Win=65024 Len=1448 TSval=2916032500 TSecr=3045552274 [TCP segment of a reassembled PDU]"
"2482","28.420080698","192.168.1.55","192.168.1.2","TCP","1514","8004  >  49780 [ACK] Seq=82726 Ack=144 Win=65024 Len=1448 TSval=2916032500 TSecr=3045552274 [TCP segment of a reassembled PDU]"
"2483","28.420082421","192.168.1.55","192.168.1.2","TCP","1514","8004  >  49780 [ACK] Seq=84174 Ack=144 Win=65024 Len=1448 TSval=2916032500 TSecr=3045552274 [TCP segment of a reassembled PDU]"
"2484","28.420083772","192.168.1.55","192.168.1.2","TCP","1514","8004  >  49780 [ACK] Seq=85622 Ack=144 Win=65024 Len=1448 TSval=2916032500 TSecr=3045552274 [TCP segment of a reassembled PDU]"
"2485","28.420085254","192.168.1.55","192.168.1.2","TCP","1514","8004  >  49780 [ACK] Seq=87070 Ack=144 Win=65024 Len=1448 TSval=2916032500 TSecr=3045552274 [TCP segment of a reassembled PDU]"
"2486","28.420087013","192.168.1.55","192.168.1.2","TCP","1514","8004  >  49780 [ACK] Seq=88518 Ack=144 Win=65024 Len=1448 TSval=2916032500 TSecr=3045552274 [TCP segment of a reassembled PDU]"
"2487","28.420088902","192.168.1.55","192.168.1.2","TCP","1514","8004  >  49780 [ACK] Seq=89966 Ack=144 Win=65024 Len=1448 TSval=2916032500 TSecr=3045552274 [TCP segment of a reassembled PDU]"
"2488","28.420090254","192.168.1.55","192.168.1.2","TCP","1514","8004  >  49780 [ACK] Seq=91414 Ack=144 Win=65024 Len=1448 TSval=2916032500 TSecr=3045552274 [TCP segment of a reassembled PDU]"
"2489","28.420092698","192.168.1.55","192.168.1.2","TCP","1514","8004  >  49780 [ACK] Seq=92862 Ack=144 Win=65024 Len=1448 TSval=2916032500 TSecr=3045552274 [TCP segment of a reassembled PDU]"
"2490","28.420094828","192.168.1.55","192.168.1.2","TCP","1514","8004  >  49780 [ACK] Seq=94310 Ack=144 Win=65024 Len=1448 TSval=2916032500 TSecr=3045552274 [TCP segment of a reassembled PDU]"
"2491","28.420096606","192.168.1.55","192.168.1.2","TCP","1514","8004  >  49780 [PSH, ACK] Seq=95758 Ack=144 Win=65024 Len=1448 TSval=2916032500 TSecr=3045552274 [TCP segment of a reassembled PDU]"
"2492","28.420102309","192.168.1.2","192.168.1.55","TCP","66","49780  >  8004 [ACK] Seq=144 Ack=42182 Win=70656 Len=0 TSval=3045552274 TSecr=2916032496"
"2493","28.421398700","192.168.1.55","192.168.1.2","TCP","1514","8004  >  49780 [ACK] Seq=97206 Ack=144 Win=65024 Len=1448 TSval=2916032502 TSecr=3045552274 [TCP segment of a reassembled PDU]"
"2494","28.421405756","192.168.1.55","192.168.1.2","TCP","1514","8004  >  49780 [PSH, ACK] Seq=98654 Ack=144 Win=65024 Len=1448 TSval=2916032502 TSecr=3045552274 [TCP segment of a reassembled PDU]"
"2495","28.425494225","192.168.1.2","192.168.1.55","TCP","66","49780  >  8004 [ACK] Seq=144 Ack=45078 Win=91136 Len=0 TSval=3045552280 TSecr=2916032500"
"2496","28.425551670","192.168.1.55","192.168.1.2","TCP","1514","8004  >  49780 [ACK] Seq=100102 Ack=144 Win=65024 Len=1448 TSval=2916032506 TSecr=3045552280 [TCP segment of a reassembled PDU]"
"2497","28.425557985","192.168.1.55","192.168.1.2","TCP","1514","8004  >  49780 [ACK] Seq=101550 Ack=144 Win=65024 Len=1448 TSval=2916032506 TSecr=3045552280 [TCP segment of a reassembled PDU]"
"2498","28.425558966","192.168.1.55","192.168.1.2","TCP","1514","8004  >  49780 [ACK] Seq=102998 Ack=144 Win=65024 Len=1448 TSval=2916032506 TSecr=3045552280 [TCP segment of a reassembled PDU]"
"2499","28.425560559","192.168.1.55","192.168.1.2","TCP","1514","8004  >  49780 [PSH, ACK] Seq=104446 Ack=144 Win=65024 Len=1448 TSval=2916032506 TSecr=3045552280 [TCP segment of a reassembled PDU]"
"2500","28.425656318","192.168.1.2","192.168.1.55","TCP","66","49780  >  8004 [ACK] Seq=144 Ack=65350 Win=75776 Len=0 TSval=3045552280 TSecr=2916032500"
"2501","28.425684114","192.168.1.55","192.168.1.2","TCP","1514","8004  >  49780 [ACK] Seq=105894 Ack=144 Win=65024 Len=1448 TSval=2916032506 TSecr=3045552280 [TCP segment of a reassembled PDU]"
"2502","28.425686114","192.168.1.55","192.168.1.2","TCP","1514","8004  >  49780 [ACK] Seq=107342 Ack=144 Win=65024 Len=1448 TSval=2916032506 TSecr=3045552280 [TCP segment of a reassembled PDU]"
"2503","28.425687466","192.168.1.55","192.168.1.2","TCP","1514","8004  >  49780 [ACK] Seq=108790 Ack=144 Win=65024 Len=1448 TSval=2916032506 TSecr=3045552280 [TCP segment of a reassembled PDU]"
"2504","28.425689207","192.168.1.55","192.168.1.2","TCP","1514","8004  >  49780 [ACK] Seq=110238 Ack=144 Win=65024 Len=1448 TSval=2916032506 TSecr=3045552280 [TCP segment of a reassembled PDU]"
"2505","28.425690226","192.168.1.55","192.168.1.2","TCP","1514","8004  >  49780 [ACK] Seq=111686 Ack=144 Win=65024 Len=1448 TSval=2916032506 TSecr=3045552280 [TCP segment of a reassembled PDU]"
"2506","28.425691503","192.168.1.55","192.168.1.2","TCP","1514","8004  >  49780 [ACK] Seq=113134 Ack=144 Win=65024 Len=1448 TSval=2916032506 TSecr=3045552280 [TCP segment of a reassembled PDU]"
"2507","28.425693652","192.168.1.55","192.168.1.2","TCP","1514","8004  >  49780 [PSH, ACK] Seq=114582 Ack=144 Win=65024 Len=1448 TSval=2916032506 TSecr=3045552280 [TCP segment of a reassembled PDU]"
"2508","28.425703726","192.168.1.2","192.168.1.55","TCP","66","49780  >  8004 [ACK] Seq=144 Ack=76934 Win=64512 Len=0 TSval=3045552280 TSecr=2916032500"
"2509","28.425746300","192.168.1.55","192.168.1.2","TCP","1514","8004  >  49780 [ACK] Seq=116030 Ack=144 Win=65024 Len=1448 TSval=2916032506 TSecr=3045552280 [TCP segment of a reassembled PDU]"
"2510","28.425748929","192.168.1.55","192.168.1.2","TCP","1514","8004  >  49780 [ACK] Seq=117478 Ack=144 Win=65024 Len=1448 TSval=2916032506 TSecr=3045552280 [TCP segment of a reassembled PDU]"
"2511","28.425750652","192.168.1.55","192.168.1.2","TCP","1514","8004  >  49780 [ACK] Seq=118926 Ack=144 Win=65024 Len=1448 TSval=2916032506 TSecr=3045552280 [TCP segment of a reassembled PDU]"
"2512","28.425752189","192.168.1.55","192.168.1.2","TCP","1514","8004  >  49780 [ACK] Seq=120374 Ack=144 Win=65024 Len=1448 TSval=2916032506 TSecr=3045552280 [TCP segment of a reassembled PDU]"
"2513","28.425753929","192.168.1.55","192.168.1.2","TCP","1514","8004  >  49780 [ACK] Seq=121822 Ack=144 Win=65024 Len=1448 TSval=2916032506 TSecr=3045552280 [TCP segment of a reassembled PDU]"
"2514","28.425755355","192.168.1.55","192.168.1.2","TCP","1514","8004  >  49780 [ACK] Seq=123270 Ack=144 Win=65024 Len=1448 TSval=2916032506 TSecr=3045552280 [TCP segment of a reassembled PDU]"
"2515","28.425756429","192.168.1.55","192.168.1.2","TCP","1514","8004  >  49780 [ACK] Seq=124718 Ack=144 Win=65024 Len=1448 TSval=2916032506 TSecr=3045552280 [TCP segment of a reassembled PDU]"
"2516","28.425757948","192.168.1.55","192.168.1.2","TCP","1514","8004  >  49780 [ACK] Seq=126166 Ack=144 Win=65024 Len=1448 TSval=2916032506 TSecr=3045552280 [TCP segment of a reassembled PDU]"
"2517","28.425758966","192.168.1.55","192.168.1.2","TCP","1514","8004  >  49780 [ACK] Seq=127614 Ack=144 Win=65024 Len=1448 TSval=2916032506 TSecr=3045552280 [TCP segment of a reassembled PDU]"
"2518","28.425760911","192.168.1.55","192.168.1.2","TCP","1514","8004  >  49780 [ACK] Seq=129062 Ack=144 Win=65024 Len=1448 TSval=2916032506 TSecr=3045552280 [TCP segment of a reassembled PDU]"
"2519","28.425762744","192.168.1.55","192.168.1.2","TCP","1514","8004  >  49780 [ACK] Seq=130510 Ack=144 Win=65024 Len=1448 TSval=2916032506 TSecr=3045552280 [TCP segment of a reassembled PDU]"
"2520","28.425764337","192.168.1.55","192.168.1.2","TCP","1514","8004  >  49780 [ACK] Seq=131958 Ack=144 Win=65024 Len=1448 TSval=2916032506 TSecr=3045552280 [TCP segment of a reassembled PDU]"
"2521","28.425765781","192.168.1.55","192.168.1.2","TCP","1514","8004  >  49780 [ACK] Seq=133406 Ack=144 Win=65024 Len=1448 TSval=2916032506 TSecr=3045552280 [TCP segment of a reassembled PDU]"
"2522","28.425767300","192.168.1.55","192.168.1.2","TCP","1514","8004  >  49780 [ACK] Seq=134854 Ack=144 Win=65024 Len=1448 TSval=2916032506 TSecr=3045552280 [TCP segment of a reassembled PDU]"
"2523","28.425768781","192.168.1.55","192.168.1.2","TCP","1514","8004  >  49780 [ACK] Seq=136302 Ack=144 Win=65024 Len=1448 TSval=2916032506 TSecr=3045552280 [TCP segment of a reassembled PDU]"
"2524","28.425770059","192.168.1.55","192.168.1.2","TCP","1514","8004  >  49780 [ACK] Seq=137750 Ack=144 Win=65024 Len=1448 TSval=2916032506 TSecr=3045552280 [TCP segment of a reassembled PDU]"
"2525","28.425771559","192.168.1.55","192.168.1.2","TCP","1514","8004  >  49780 [ACK] Seq=139198 Ack=144 Win=65024 Len=1448 TSval=2916032506 TSecr=3045552280 [TCP segment of a reassembled PDU]"
"2526","28.425772763","192.168.1.55","192.168.1.2","TCP","866","[TCP Window Full] 8004  >  49780 [PSH, ACK] Seq=140646 Ack=144 Win=65024 Len=800 TSval=2916032506 TSecr=3045552280 [TCP segment of a reassembled PDU]"
"2527","28.425776689","192.168.1.2","192.168.1.55","TCP","66","49780  >  8004 [ACK] Seq=144 Ack=89966 Win=71680 Len=0 TSval=3045552280 TSecr=2916032500"
"2528","28.425824948","192.168.1.2","192.168.1.55","TCP","66","49780  >  8004 [ACK] Seq=144 Ack=97206 Win=89088 Len=0 TSval=3045552281 TSecr=2916032500"
"2529","28.425828318","192.168.1.2","192.168.1.55","TCP","66","49780  >  8004 [ACK] Seq=144 Ack=100102 Win=87040 Len=0 TSval=3045552281 TSecr=2916032502"
"2530","28.425850392","192.168.1.55","192.168.1.2","TCP","1514","8004  >  49780 [ACK] Seq=141446 Ack=144 Win=65024 Len=1448 TSval=2916032506 TSecr=3045552280 [TCP segment of a reassembled PDU]"
"2531","28.425856022","192.168.1.55","192.168.1.2","TCP","1514","8004  >  49780 [ACK] Seq=142894 Ack=144 Win=65024 Len=1448 TSval=2916032506 TSecr=3045552280 [TCP segment of a reassembled PDU]"
"2532","28.425858189","192.168.1.55","192.168.1.2","TCP","1514","8004  >  49780 [ACK] Seq=144342 Ack=144 Win=65024 Len=1448 TSval=2916032506 TSecr=3045552280 [TCP segment of a reassembled PDU]"
"2533","28.425859707","192.168.1.55","192.168.1.2","TCP","1514","8004  >  49780 [ACK] Seq=145790 Ack=144 Win=65024 Len=1448 TSval=2916032506 TSecr=3045552280 [TCP segment of a reassembled PDU]"
"2534","28.425862263","192.168.1.55","192.168.1.2","TCP","1514","8004  >  49780 [ACK] Seq=147238 Ack=144 Win=65024 Len=1448 TSval=2916032506 TSecr=3045552280 [TCP segment of a reassembled PDU]"
"2535","28.425864541","192.168.1.55","192.168.1.2","TCP","1514","8004  >  49780 [ACK] Seq=148686 Ack=144 Win=65024 Len=1448 TSval=2916032506 TSecr=3045552280 [TCP segment of a reassembled PDU]"
"2536","28.425865837","192.168.1.55","192.168.1.2","TCP","1514","8004  >  49780 [ACK] Seq=150134 Ack=144 Win=65024 Len=1448 TSval=2916032506 TSecr=3045552280 [TCP segment of a reassembled PDU]"
"2537","28.425868652","192.168.1.55","192.168.1.2","TCP","1514","8004  >  49780 [ACK] Seq=151582 Ack=144 Win=65024 Len=1448 TSval=2916032506 TSecr=3045552280 [TCP segment of a reassembled PDU]"
"2538","28.425869763","192.168.1.55","192.168.1.2","TCP","1514","8004  >  49780 [PSH, ACK] Seq=153030 Ack=144 Win=65024 Len=1448 TSval=2916032506 TSecr=3045552280 [TCP segment of a reassembled PDU]"
"2539","28.425883133","192.168.1.55","192.168.1.2","TCP","714","8004  >  49780 [ACK] Seq=154478 Ack=144 Win=65024 Len=648 TSval=2916032506 TSecr=3045552280 [TCP segment of a reassembled PDU]"
"2540","28.425940356","192.168.1.55","192.168.1.2","TCP","1514","8004  >  49780 [ACK] Seq=155126 Ack=144 Win=65024 Len=1448 TSval=2916032506 TSecr=3045552281 [TCP segment of a reassembled PDU]"
"2541","28.425942356","192.168.1.55","192.168.1.2","TCP","1514","8004  >  49780 [ACK] Seq=156574 Ack=144 Win=65024 Len=1448 TSval=2916032506 TSecr=3045552281 [TCP segment of a reassembled PDU]"
"2542","28.425943837","192.168.1.55","192.168.1.2","TCP","1514","8004  >  49780 [ACK] Seq=158022 Ack=144 Win=65024 Len=1448 TSval=2916032506 TSecr=3045552281 [TCP segment of a reassembled PDU]"
"2543","28.425945133","192.168.1.55","192.168.1.2","TCP","1514","8004  >  49780 [ACK] Seq=159470 Ack=144 Win=65024 Len=1448 TSval=2916032506 TSecr=3045552281 [TCP segment of a reassembled PDU]"
"2544","28.425946207","192.168.1.55","192.168.1.2","TCP","1514","8004  >  49780 [ACK] Seq=160918 Ack=144 Win=65024 Len=1448 TSval=2916032506 TSecr=3045552281 [TCP segment of a reassembled PDU]"
"2545","28.425947504","192.168.1.55","192.168.1.2","TCP","1514","8004  >  49780 [ACK] Seq=162366 Ack=144 Win=65024 Len=1448 TSval=2916032506 TSecr=3045552281 [TCP segment of a reassembled PDU]"
"2546","28.425948559","192.168.1.55","192.168.1.2","TCP","1514","8004  >  49780 [ACK] Seq=163814 Ack=144 Win=65024 Len=1448 TSval=2916032506 TSecr=3045552281 [TCP segment of a reassembled PDU]"
"2547","28.425950004","192.168.1.55","192.168.1.2","TCP","1514","8004  >  49780 [ACK] Seq=165262 Ack=144 Win=65024 Len=1448 TSval=2916032506 TSecr=3045552281 [TCP segment of a reassembled PDU]"
"2548","28.425951411","192.168.1.55","192.168.1.2","TCP","1514","8004  >  49780 [ACK] Seq=166710 Ack=144 Win=65024 Len=1448 TSval=2916032506 TSecr=3045552281 [TCP segment of a reassembled PDU]"
"2549","28.425953430","192.168.1.55","192.168.1.2","TCP","1514","8004  >  49780 [ACK] Seq=168158 Ack=144 Win=65024 Len=1448 TSval=2916032506 TSecr=3045552281 [TCP segment of a reassembled PDU]"
"2550","28.425955004","192.168.1.55","192.168.1.2","TCP","1514","8004  >  49780 [ACK] Seq=169606 Ack=144 Win=65024 Len=1448 TSval=2916032506 TSecr=3045552281 [TCP segment of a reassembled PDU]"
"2551","28.425956263","192.168.1.55","192.168.1.2","TCP","1514","8004  >  49780 [ACK] Seq=171054 Ack=144 Win=65024 Len=1448 TSval=2916032506 TSecr=3045552281 [TCP segment of a reassembled PDU]"
"2552","28.425957745","192.168.1.55","192.168.1.2","TCP","1514","8004  >  49780 [ACK] Seq=172502 Ack=144 Win=65024 Len=1448 TSval=2916032506 TSecr=3045552281 [TCP segment of a reassembled PDU]"
"2553","28.425958948","192.168.1.55","192.168.1.2","TCP","1514","8004  >  49780 [ACK] Seq=173950 Ack=144 Win=65024 Len=1448 TSval=2916032506 TSecr=3045552281 [TCP segment of a reassembled PDU]"
"2554","28.425960189","192.168.1.55","192.168.1.2","TCP","1514","8004  >  49780 [ACK] Seq=175398 Ack=144 Win=65024 Len=1448 TSval=2916032506 TSecr=3045552281 [TCP segment of a reassembled PDU]"
"2555","28.425961745","192.168.1.55","192.168.1.2","TCP","1514","8004  >  49780 [ACK] Seq=176846 Ack=144 Win=65024 Len=1448 TSval=2916032506 TSecr=3045552281 [TCP segment of a reassembled PDU]"
"2556","28.425963133","192.168.1.55","192.168.1.2","TCP","1514","8004  >  49780 [ACK] Seq=178294 Ack=144 Win=65024 Len=1448 TSval=2916032506 TSecr=3045552281 [TCP segment of a reassembled PDU]"
"2557","28.425964615","192.168.1.55","192.168.1.2","TCP","1514","8004  >  49780 [ACK] Seq=179742 Ack=144 Win=65024 Len=1448 TSval=2916032506 TSecr=3045552281 [TCP segment of a reassembled PDU]"
"2558","28.425966319","192.168.1.55","192.168.1.2","TCP","1514","8004  >  49780 [ACK] Seq=181190 Ack=144 Win=65024 Len=1448 TSval=2916032506 TSecr=3045552281 [TCP segment of a reassembled PDU]"
"2559","28.425967411","192.168.1.55","192.168.1.2","TCP","1514","8004  >  49780 [ACK] Seq=182638 Ack=144 Win=65024 Len=1448 TSval=2916032506 TSecr=3045552281 [TCP segment of a reassembled PDU]"
"2560","28.425968578","192.168.1.55","192.168.1.2","TCP","1514","8004  >  49780 [PSH, ACK] Seq=184086 Ack=144 Win=65024 Len=1448 TSval=2916032506 TSecr=3045552281 [TCP segment of a reassembled PDU]"
"2561","28.426930783","192.168.1.55","192.168.1.2","TCP","1514","8004  >  49780 [ACK] Seq=185534 Ack=144 Win=65024 Len=1448 TSval=2916032507 TSecr=3045552281 [TCP segment of a reassembled PDU]"
"2562","28.432694625","192.168.1.2","192.168.1.55","TCP","66","49780  >  8004 [ACK] Seq=144 Ack=105894 Win=88064 Len=0 TSval=3045552287 TSecr=2916032506"
"2563","28.432726218","192.168.1.55","192.168.1.2","TCP","1514","8004  >  49780 [ACK] Seq=186982 Ack=144 Win=65024 Len=1448 TSval=2916032513 TSecr=3045552287 [TCP segment of a reassembled PDU]"
"2564","28.432729070","192.168.1.55","192.168.1.2","TCP","1514","8004  >  49780 [ACK] Seq=188430 Ack=144 Win=65024 Len=1448 TSval=2916032513 TSecr=3045552287 [TCP segment of a reassembled PDU]"
"2565","28.432730014","192.168.1.55","192.168.1.2","TCP","1514","8004  >  49780 [ACK] Seq=189878 Ack=144 Win=65024 Len=1448 TSval=2916032513 TSecr=3045552287 [TCP segment of a reassembled PDU]"
"2566","28.432730959","192.168.1.55","192.168.1.2","TCP","1514","8004  >  49780 [PSH, ACK] Seq=191326 Ack=144 Win=65024 Len=1448 TSval=2916032513 TSecr=3045552287 [TCP segment of a reassembled PDU]"
"2567","28.432991996","192.168.1.2","192.168.1.55","TCP","66","49780  >  8004 [ACK] Seq=144 Ack=116030 Win=78848 Len=0 TSval=3045552287 TSecr=2916032506"
"2568","28.433001737","192.168.1.2","192.168.1.55","TCP","66","49780  >  8004 [ACK] Seq=144 Ack=118926 Win=96256 Len=0 TSval=3045552287 TSecr=2916032506"
"2569","28.433012885","192.168.1.55","192.168.1.2","TCP","1514","8004  >  49780 [ACK] Seq=192774 Ack=144 Win=65024 Len=1448 TSval=2916032513 TSecr=3045552287 [TCP segment of a reassembled PDU]"
"2570","28.433014570","192.168.1.55","192.168.1.2","TCP","1514","8004  >  49780 [ACK] Seq=194222 Ack=144 Win=65024 Len=1448 TSval=2916032513 TSecr=3045552287 [TCP segment of a reassembled PDU]"
"2571","28.433015626","192.168.1.55","192.168.1.2","TCP","1514","8004  >  49780 [ACK] Seq=195670 Ack=144 Win=65024 Len=1448 TSval=2916032513 TSecr=3045552287 [TCP segment of a reassembled PDU]"
"2572","28.433016552","192.168.1.55","192.168.1.2","TCP","1514","8004  >  49780 [PSH, ACK] Seq=197118 Ack=144 Win=65024 Len=1448 TSval=2916032513 TSecr=3045552287 [TCP segment of a reassembled PDU]"
"2573","28.433019830","192.168.1.2","192.168.1.55","TCP","66","49780  >  8004 [ACK] Seq=144 Ack=141446 Win=87040 Len=0 TSval=3045552287 TSecr=2916032506"
"2574","28.433045496","192.168.1.55","192.168.1.2","TCP","1514","8004  >  49780 [ACK] Seq=198566 Ack=144 Win=65024 Len=1448 TSval=2916032513 TSecr=3045552287 [TCP segment of a reassembled PDU]"
"2575","28.433046904","192.168.1.55","192.168.1.2","TCP","1514","8004  >  49780 [ACK] Seq=200014 Ack=144 Win=65024 Len=1448 TSval=2916032513 TSecr=3045552287 [TCP segment of a reassembled PDU]"
"2576","28.433047922","192.168.1.55","192.168.1.2","TCP","1514","8004  >  49780 [ACK] Seq=201462 Ack=144 Win=65024 Len=1448 TSval=2916032513 TSecr=3045552287 [TCP segment of a reassembled PDU]"
"2577","28.433049126","192.168.1.55","192.168.1.2","TCP","1514","8004  >  49780 [ACK] Seq=202910 Ack=144 Win=65024 Len=1448 TSval=2916032513 TSecr=3045552287 [TCP segment of a reassembled PDU]"
"2578","28.433050052","192.168.1.55","192.168.1.2","TCP","1514","8004  >  49780 [ACK] Seq=204358 Ack=144 Win=65024 Len=1448 TSval=2916032513 TSecr=3045552287 [TCP segment of a reassembled PDU]"
"2579","28.433051015","192.168.1.55","192.168.1.2","TCP","1514","8004  >  49780 [ACK] Seq=205806 Ack=144 Win=65024 Len=1448 TSval=2916032513 TSecr=3045552287 [TCP segment of a reassembled PDU]"
"2580","28.433052163","192.168.1.55","192.168.1.2","TCP","1514","8004  >  49780 [ACK] Seq=207254 Ack=144 Win=65024 Len=1448 TSval=2916032513 TSecr=3045552287 [TCP segment of a reassembled PDU]"
"2581","28.433053256","192.168.1.55","192.168.1.2","TCP","1514","8004  >  49780 [ACK] Seq=208702 Ack=144 Win=65024 Len=1448 TSval=2916032513 TSecr=3045552287 [TCP segment of a reassembled PDU]"
"2582","28.433054311","192.168.1.55","192.168.1.2","TCP","1514","8004  >  49780 [ACK] Seq=210150 Ack=144 Win=65024 Len=1448 TSval=2916032513 TSecr=3045552287 [TCP segment of a reassembled PDU]"
"2583","28.433055348","192.168.1.55","192.168.1.2","TCP","1514","8004  >  49780 [ACK] Seq=211598 Ack=144 Win=65024 Len=1448 TSval=2916032513 TSecr=3045552287 [TCP segment of a reassembled PDU]"
"2584","28.433056404","192.168.1.55","192.168.1.2","TCP","1514","8004  >  49780 [ACK] Seq=213046 Ack=144 Win=65024 Len=1448 TSval=2916032513 TSecr=3045552287 [TCP segment of a reassembled PDU]"
"2585","28.433057719","192.168.1.55","192.168.1.2","TCP","1514","8004  >  49780 [ACK] Seq=214494 Ack=144 Win=65024 Len=1448 TSval=2916032513 TSecr=3045552287 [TCP segment of a reassembled PDU]"
"2586","28.433058848","192.168.1.55","192.168.1.2","TCP","1514","8004  >  49780 [ACK] Seq=215942 Ack=144 Win=65024 Len=1448 TSval=2916032513 TSecr=3045552287 [TCP segment of a reassembled PDU]"
"2587","28.433059996","192.168.1.55","192.168.1.2","TCP","1514","8004  >  49780 [ACK] Seq=217390 Ack=144 Win=65024 Len=1448 TSval=2916032513 TSecr=3045552287 [TCP segment of a reassembled PDU]"
"2588","28.433060996","192.168.1.55","192.168.1.2","TCP","1514","8004  >  49780 [ACK] Seq=218838 Ack=144 Win=65024 Len=1448 TSval=2916032513 TSecr=3045552287 [TCP segment of a reassembled PDU]"
"2589","28.433061941","192.168.1.55","192.168.1.2","TCP","1514","8004  >  49780 [ACK] Seq=220286 Ack=144 Win=65024 Len=1448 TSval=2916032513 TSecr=3045552287 [TCP segment of a reassembled PDU]"
"2590","28.433062941","192.168.1.55","192.168.1.2","TCP","1514","8004  >  49780 [ACK] Seq=221734 Ack=144 Win=65024 Len=1448 TSval=2916032513 TSecr=3045552287 [TCP segment of a reassembled PDU]"
"2591","28.433064385","192.168.1.55","192.168.1.2","TCP","1514","8004  >  49780 [ACK] Seq=223182 Ack=144 Win=65024 Len=1448 TSval=2916032513 TSecr=3045552287 [TCP segment of a reassembled PDU]"
"2592","28.433065348","192.168.1.55","192.168.1.2","TCP","1514","8004  >  49780 [ACK] Seq=224630 Ack=144 Win=65024 Len=1448 TSval=2916032513 TSecr=3045552287 [TCP segment of a reassembled PDU]"
"2593","28.433066293","192.168.1.55","192.168.1.2","TCP","1514","8004  >  49780 [PSH, ACK] Seq=226078 Ack=144 Win=65024 Len=1448 TSval=2916032513 TSecr=3045552287 [TCP segment of a reassembled PDU]"
"2594","28.433069626","192.168.1.2","192.168.1.55","TCP","66","49780  >  8004 [ACK] Seq=144 Ack=154478 Win=74752 Len=0 TSval=3045552287 TSecr=2916032506"
"2595","28.433119145","192.168.1.2","192.168.1.55","TCP","66","49780  >  8004 [ACK] Seq=144 Ack=181190 Win=48128 Len=0 TSval=3045552287 TSecr=2916032506"
"2596","28.433126570","192.168.1.2","192.168.1.55","TCP","66","[TCP Window Update] 49780  >  8004 [ACK] Seq=144 Ack=181190 Win=96256 Len=0 TSval=3045552287 TSecr=2916032506"
"2597","28.433143237","192.168.1.55","192.168.1.2","TCP","1514","8004  >  49780 [ACK] Seq=227526 Ack=144 Win=65024 Len=1448 TSval=2916032513 TSecr=3045552287 [TCP segment of a reassembled PDU]"
"2598","28.433144682","192.168.1.55","192.168.1.2","TCP","1514","8004  >  49780 [ACK] Seq=228974 Ack=144 Win=65024 Len=1448 TSval=2916032513 TSecr=3045552287 [TCP segment of a reassembled PDU]"
"2599","28.433145737","192.168.1.55","192.168.1.2","TCP","1514","8004  >  49780 [ACK] Seq=230422 Ack=144 Win=65024 Len=1448 TSval=2916032513 TSecr=3045552287 [TCP segment of a reassembled PDU]"
"2600","28.433146682","192.168.1.55","192.168.1.2","TCP","1514","8004  >  49780 [ACK] Seq=231870 Ack=144 Win=65024 Len=1448 TSval=2916032513 TSecr=3045552287 [TCP segment of a reassembled PDU]"
"2601","28.433147626","192.168.1.55","192.168.1.2","TCP","1514","8004  >  49780 [ACK] Seq=233318 Ack=144 Win=65024 Len=1448 TSval=2916032513 TSecr=3045552287 [TCP segment of a reassembled PDU]"
"2602","28.433148663","192.168.1.55","192.168.1.2","TCP","1514","8004  >  49780 [ACK] Seq=234766 Ack=144 Win=65024 Len=1448 TSval=2916032513 TSecr=3045552287 [TCP segment of a reassembled PDU]"
"2603","28.433149756","192.168.1.55","192.168.1.2","TCP","1514","8004  >  49780 [ACK] Seq=236214 Ack=144 Win=65024 Len=1448 TSval=2916032513 TSecr=3045552287 [TCP segment of a reassembled PDU]"
"2604","28.433150793","192.168.1.55","192.168.1.2","TCP","1514","8004  >  49780 [ACK] Seq=237662 Ack=144 Win=65024 Len=1448 TSval=2916032513 TSecr=3045552287 [TCP segment of a reassembled PDU]"
"2605","28.433151756","192.168.1.55","192.168.1.2","TCP","1514","8004  >  49780 [ACK] Seq=239110 Ack=144 Win=65024 Len=1448 TSval=2916032513 TSecr=3045552287 [TCP segment of a reassembled PDU]"
"2606","28.433153219","192.168.1.55","192.168.1.2","TCP","1514","8004  >  49780 [PSH, ACK] Seq=240558 Ack=144 Win=65024 Len=1448 TSval=2916032513 TSecr=3045552287 [TCP segment of a reassembled PDU]"
"2607","28.433186256","192.168.1.55","192.168.1.2","TCP","1514","8004  >  49780 [ACK] Seq=242006 Ack=144 Win=65024 Len=1448 TSval=2916032513 TSecr=3045552287 [TCP segment of a reassembled PDU]"
"2608","28.433187830","192.168.1.55","192.168.1.2","TCP","1514","8004  >  49780 [ACK] Seq=243454 Ack=144 Win=65024 Len=1448 TSval=2916032513 TSecr=3045552287 [TCP segment of a reassembled PDU]"
"2609","28.433188774","192.168.1.55","192.168.1.2","TCP","1514","8004  >  49780 [ACK] Seq=244902 Ack=144 Win=65024 Len=1448 TSval=2916032513 TSecr=3045552287 [TCP segment of a reassembled PDU]"
"2610","28.433189700","192.168.1.55","192.168.1.2","TCP","1514","8004  >  49780 [ACK] Seq=246350 Ack=144 Win=65024 Len=1448 TSval=2916032513 TSecr=3045552287 [TCP segment of a reassembled PDU]"
"2611","28.433190737","192.168.1.55","192.168.1.2","TCP","1514","8004  >  49780 [ACK] Seq=247798 Ack=144 Win=65024 Len=1448 TSval=2916032513 TSecr=3045552287 [TCP segment of a reassembled PDU]"
"2612","28.433191719","192.168.1.55","192.168.1.2","TCP","1514","8004  >  49780 [ACK] Seq=249246 Ack=144 Win=65024 Len=1448 TSval=2916032513 TSecr=3045552287 [TCP segment of a reassembled PDU]"
"2613","28.433192756","192.168.1.55","192.168.1.2","TCP","1514","8004  >  49780 [ACK] Seq=250694 Ack=144 Win=65024 Len=1448 TSval=2916032513 TSecr=3045552287 [TCP segment of a reassembled PDU]"
"2614","28.433193682","192.168.1.55","192.168.1.2","TCP","1514","8004  >  49780 [ACK] Seq=252142 Ack=144 Win=65024 Len=1448 TSval=2916032513 TSecr=3045552287 [TCP segment of a reassembled PDU]"
"2615","28.433194682","192.168.1.55","192.168.1.2","TCP","1514","8004  >  49780 [ACK] Seq=253590 Ack=144 Win=65024 Len=1448 TSval=2916032513 TSecr=3045552287 [TCP segment of a reassembled PDU]"
"2616","28.433195737","192.168.1.55","192.168.1.2","TCP","1514","8004  >  49780 [ACK] Seq=255038 Ack=144 Win=65024 Len=1448 TSval=2916032513 TSecr=3045552287 [TCP segment of a reassembled PDU]"
"2617","28.433196848","192.168.1.55","192.168.1.2","TCP","1514","8004  >  49780 [ACK] Seq=256486 Ack=144 Win=65024 Len=1448 TSval=2916032513 TSecr=3045552287 [TCP segment of a reassembled PDU]"
"2618","28.433197904","192.168.1.55","192.168.1.2","TCP","1514","8004  >  49780 [ACK] Seq=257934 Ack=144 Win=65024 Len=1448 TSval=2916032513 TSecr=3045552287 [TCP segment of a reassembled PDU]"
"2619","28.433198830","192.168.1.55","192.168.1.2","TCP","1514","8004  >  49780 [ACK] Seq=259382 Ack=144 Win=65024 Len=1448 TSval=2916032513 TSecr=3045552287 [TCP segment of a reassembled PDU]"
"2620","28.433199811","192.168.1.55","192.168.1.2","TCP","1514","8004  >  49780 [ACK] Seq=260830 Ack=144 Win=65024 Len=1448 TSval=2916032513 TSecr=3045552287 [TCP segment of a reassembled PDU]"
"2621","28.433201163","192.168.1.55","192.168.1.2","TCP","1514","8004  >  49780 [ACK] Seq=262278 Ack=144 Win=65024 Len=1448 TSval=2916032513 TSecr=3045552287 [TCP segment of a reassembled PDU]"
"2622","28.433202182","192.168.1.55","192.168.1.2","TCP","1514","8004  >  49780 [ACK] Seq=263726 Ack=144 Win=65024 Len=1448 TSval=2916032513 TSecr=3045552287 [TCP segment of a reassembled PDU]"
"2623","28.433203126","192.168.1.55","192.168.1.2","TCP","1514","8004  >  49780 [ACK] Seq=265174 Ack=144 Win=65024 Len=1448 TSval=2916032513 TSecr=3045552287 [TCP segment of a reassembled PDU]"
"2624","28.433209830","192.168.1.55","192.168.1.2","TCP","1514","8004  >  49780 [ACK] Seq=266622 Ack=144 Win=65024 Len=1448 TSval=2916032513 TSecr=3045552287 [TCP segment of a reassembled PDU]"
"2625","28.433211108","192.168.1.55","192.168.1.2","TCP","1514","8004  >  49780 [ACK] Seq=268070 Ack=144 Win=65024 Len=1448 TSval=2916032513 TSecr=3045552287 [TCP segment of a reassembled PDU]"
"2626","28.433212830","192.168.1.55","192.168.1.2","TCP","1514","8004  >  49780 [ACK] Seq=269518 Ack=144 Win=65024 Len=1448 TSval=2916032513 TSecr=3045552287 [TCP segment of a reassembled PDU]"
"2627","28.433213774","192.168.1.55","192.168.1.2","TCP","1514","8004  >  49780 [ACK] Seq=270966 Ack=144 Win=65024 Len=1448 TSval=2916032513 TSecr=3045552287 [TCP segment of a reassembled PDU]"
"2628","28.433214756","192.168.1.55","192.168.1.2","TCP","1514","8004  >  49780 [ACK] Seq=272414 Ack=144 Win=65024 Len=1448 TSval=2916032513 TSecr=3045552287 [TCP segment of a reassembled PDU]"
"2629","28.433216052","192.168.1.55","192.168.1.2","TCP","1514","8004  >  49780 [ACK] Seq=273862 Ack=144 Win=65024 Len=1448 TSval=2916032513 TSecr=3045552287 [TCP segment of a reassembled PDU]"
"2630","28.433217441","192.168.1.55","192.168.1.2","TCP","1514","8004  >  49780 [ACK] Seq=275310 Ack=144 Win=65024 Len=1448 TSval=2916032513 TSecr=3045552287 [TCP segment of a reassembled PDU]"
"2631","28.433218700","192.168.1.55","192.168.1.2","TCP","754","[TCP Window Full] 8004  >  49780 [PSH, ACK] Seq=276758 Ack=144 Win=65024 Len=688 TSval=2916032513 TSecr=3045552287 [TCP segment of a reassembled PDU]"
"2632","28.438164319","192.168.1.2","192.168.1.55","TCP","66","49780  >  8004 [ACK] Seq=144 Ack=185534 Win=102400 Len=0 TSval=3045552288 TSecr=2916032506"
"2633","28.438195393","192.168.1.55","192.168.1.2","TCP","1514","8004  >  49780 [ACK] Seq=277446 Ack=144 Win=65024 Len=1448 TSval=2916032518 TSecr=3045552288 [TCP segment of a reassembled PDU]"
"2634","28.438199264","192.168.1.55","192.168.1.2","TCP","1514","8004  >  49780 [ACK] Seq=278894 Ack=144 Win=65024 Len=1448 TSval=2916032518 TSecr=3045552288 [TCP segment of a reassembled PDU]"
"2635","28.438200412","192.168.1.55","192.168.1.2","TCP","1514","8004  >  49780 [ACK] Seq=280342 Ack=144 Win=65024 Len=1448 TSval=2916032518 TSecr=3045552288 [TCP segment of a reassembled PDU]"
"2636","28.438201338","192.168.1.55","192.168.1.2","TCP","1514","8004  >  49780 [ACK] Seq=281790 Ack=144 Win=65024 Len=1448 TSval=2916032518 TSecr=3045552288 [TCP segment of a reassembled PDU]"
"2637","28.438202282","192.168.1.55","192.168.1.2","TCP","1514","8004  >  49780 [PSH, ACK] Seq=283238 Ack=144 Win=65024 Len=1448 TSval=2916032518 TSecr=3045552288 [TCP segment of a reassembled PDU]"
"2638","28.438208930","192.168.1.55","192.168.1.2","TCP","826","8004  >  49780 [ACK] Seq=284686 Ack=144 Win=65024 Len=760 TSval=2916032518 TSecr=3045552288 [TCP segment of a reassembled PDU]"
"2639","28.439999766","192.168.1.2","192.168.1.55","TCP","66","49780  >  8004 [ACK] Seq=144 Ack=198566 Win=102400 Len=0 TSval=3045552294 TSecr=2916032507"
"2640","28.440024803","192.168.1.55","192.168.1.2","TCP","1514","8004  >  49780 [ACK] Seq=285446 Ack=144 Win=65024 Len=1448 TSval=2916032520 TSecr=3045552294 [TCP segment of a reassembled PDU]"
"2641","28.440027526","192.168.1.55","192.168.1.2","TCP","1514","8004  >  49780 [ACK] Seq=286894 Ack=144 Win=65024 Len=1448 TSval=2916032520 TSecr=3045552294 [TCP segment of a reassembled PDU]"
"2642","28.440028544","192.168.1.55","192.168.1.2","TCP","1514","8004  >  49780 [ACK] Seq=288342 Ack=144 Win=65024 Len=1448 TSval=2916032520 TSecr=3045552294 [TCP segment of a reassembled PDU]"
"2643","28.440029452","192.168.1.55","192.168.1.2","TCP","1514","8004  >  49780 [ACK] Seq=289790 Ack=144 Win=65024 Len=1448 TSval=2916032520 TSecr=3045552294 [TCP segment of a reassembled PDU]"
"2644","28.440030396","192.168.1.55","192.168.1.2","TCP","1514","8004  >  49780 [ACK] Seq=291238 Ack=144 Win=65024 Len=1448 TSval=2916032520 TSecr=3045552294 [TCP segment of a reassembled PDU]"
"2645","28.440031322","192.168.1.55","192.168.1.2","TCP","1514","8004  >  49780 [ACK] Seq=292686 Ack=144 Win=65024 Len=1448 TSval=2916032520 TSecr=3045552294 [TCP segment of a reassembled PDU]"
"2646","28.440032248","192.168.1.55","192.168.1.2","TCP","1514","8004  >  49780 [ACK] Seq=294134 Ack=144 Win=65024 Len=1448 TSval=2916032520 TSecr=3045552294 [TCP segment of a reassembled PDU]"
"2647","28.440033229","192.168.1.55","192.168.1.2","TCP","1514","8004  >  49780 [ACK] Seq=295582 Ack=144 Win=65024 Len=1448 TSval=2916032520 TSecr=3045552294 [TCP segment of a reassembled PDU]"
"2648","28.440034137","192.168.1.55","192.168.1.2","TCP","1514","8004  >  49780 [ACK] Seq=297030 Ack=144 Win=65024 Len=1448 TSval=2916032520 TSecr=3045552294 [TCP segment of a reassembled PDU]"
"2649","28.440035100","192.168.1.55","192.168.1.2","TCP","1514","8004  >  49780 [PSH, ACK] Seq=298478 Ack=144 Win=65024 Len=1448 TSval=2916032520 TSecr=3045552294 [TCP segment of a reassembled PDU]"
"2650","28.440496508","192.168.1.2","192.168.1.55","TCP","66","49780  >  8004 [ACK] Seq=144 Ack=215942 Win=113664 Len=0 TSval=3045552294 TSecr=2916032513"
"2651","28.440518804","192.168.1.55","192.168.1.2","TCP","1514","8004  >  49780 [ACK] Seq=299926 Ack=144 Win=65024 Len=1448 TSval=2916032521 TSecr=3045552294 [TCP segment of a reassembled PDU]"
"2652","28.440520786","192.168.1.55","192.168.1.2","TCP","1514","8004  >  49780 [ACK] Seq=301374 Ack=144 Win=65024 Len=1448 TSval=2916032521 TSecr=3045552294 [TCP segment of a reassembled PDU]"
"2653","28.440521804","192.168.1.55","192.168.1.2","TCP","1514","8004  >  49780 [ACK] Seq=302822 Ack=144 Win=65024 Len=1448 TSval=2916032521 TSecr=3045552294 [TCP segment of a reassembled PDU]"
"2654","28.440522693","192.168.1.55","192.168.1.2","TCP","1514","8004  >  49780 [ACK] Seq=304270 Ack=144 Win=65024 Len=1448 TSval=2916032521 TSecr=3045552294 [TCP segment of a reassembled PDU]"
"2655","28.440523730","192.168.1.55","192.168.1.2","TCP","1514","8004  >  49780 [ACK] Seq=305718 Ack=144 Win=65024 Len=1448 TSval=2916032521 TSecr=3045552294 [TCP segment of a reassembled PDU]"
"2656","28.440524693","192.168.1.55","192.168.1.2","TCP","1514","8004  >  49780 [ACK] Seq=307166 Ack=144 Win=65024 Len=1448 TSval=2916032521 TSecr=3045552294 [TCP segment of a reassembled PDU]"
"2657","28.440525600","192.168.1.55","192.168.1.2","TCP","1514","8004  >  49780 [ACK] Seq=308614 Ack=144 Win=65024 Len=1448 TSval=2916032521 TSecr=3045552294 [TCP segment of a reassembled PDU]"
"2658","28.440526619","192.168.1.55","192.168.1.2","TCP","1514","8004  >  49780 [ACK] Seq=310062 Ack=144 Win=65024 Len=1448 TSval=2916032521 TSecr=3045552294 [TCP segment of a reassembled PDU]"
"2659","28.440527600","192.168.1.55","192.168.1.2","TCP","1514","8004  >  49780 [ACK] Seq=311510 Ack=144 Win=65024 Len=1448 TSval=2916032521 TSecr=3045552294 [TCP segment of a reassembled PDU]"
"2660","28.440528600","192.168.1.55","192.168.1.2","TCP","1514","8004  >  49780 [ACK] Seq=312958 Ack=144 Win=65024 Len=1448 TSval=2916032521 TSecr=3045552294 [TCP segment of a reassembled PDU]"
"2661","28.440529563","192.168.1.55","192.168.1.2","TCP","1514","8004  >  49780 [ACK] Seq=314406 Ack=144 Win=65024 Len=1448 TSval=2916032521 TSecr=3045552294 [TCP segment of a reassembled PDU]"
"2662","28.440530989","192.168.1.55","192.168.1.2","TCP","1514","8004  >  49780 [ACK] Seq=315854 Ack=144 Win=65024 Len=1448 TSval=2916032521 TSecr=3045552294 [TCP segment of a reassembled PDU]"
"2663","28.440532045","192.168.1.55","192.168.1.2","TCP","1514","8004  >  49780 [ACK] Seq=317302 Ack=144 Win=65024 Len=1448 TSval=2916032521 TSecr=3045552294 [TCP segment of a reassembled PDU]"
"2664","28.440533063","192.168.1.55","192.168.1.2","TCP","1514","8004  >  49780 [ACK] Seq=318750 Ack=144 Win=65024 Len=1448 TSval=2916032521 TSecr=3045552294 [TCP segment of a reassembled PDU]"
"2665","28.440534323","192.168.1.55","192.168.1.2","TCP","1514","8004  >  49780 [ACK] Seq=320198 Ack=144 Win=65024 Len=1448 TSval=2916032521 TSecr=3045552294 [TCP segment of a reassembled PDU]"
"2666","28.440535360","192.168.1.55","192.168.1.2","TCP","1514","8004  >  49780 [ACK] Seq=321646 Ack=144 Win=65024 Len=1448 TSval=2916032521 TSecr=3045552294 [TCP segment of a reassembled PDU]"
"2667","28.440536267","192.168.1.55","192.168.1.2","TCP","1514","8004  >  49780 [ACK] Seq=323094 Ack=144 Win=65024 Len=1448 TSval=2916032521 TSecr=3045552294 [TCP segment of a reassembled PDU]"
"2668","28.440537378","192.168.1.55","192.168.1.2","TCP","1514","8004  >  49780 [ACK] Seq=324542 Ack=144 Win=65024 Len=1448 TSval=2916032521 TSecr=3045552294 [TCP segment of a reassembled PDU]"
"2669","28.440538378","192.168.1.55","192.168.1.2","TCP","1514","8004  >  49780 [ACK] Seq=325990 Ack=144 Win=65024 Len=1448 TSval=2916032521 TSecr=3045552294 [TCP segment of a reassembled PDU]"
"2670","28.440539360","192.168.1.55","192.168.1.2","TCP","1514","8004  >  49780 [PSH, ACK] Seq=327438 Ack=144 Win=65024 Len=1448 TSval=2916032521 TSecr=3045552294 [TCP segment of a reassembled PDU]"
"2671","28.440542878","192.168.1.2","192.168.1.55","TCP","66","49780  >  8004 [ACK] Seq=144 Ack=227526 Win=134144 Len=0 TSval=3045552294 TSecr=2916032513"
"2672","28.440548489","192.168.1.2","192.168.1.55","TCP","66","49780  >  8004 [ACK] Seq=144 Ack=239110 Win=134144 Len=0 TSval=3045552294 TSecr=2916032513"
"2673","28.440552397","192.168.1.2","192.168.1.55","TCP","66","49780  >  8004 [ACK] Seq=144 Ack=242006 Win=140288 Len=0 TSval=3045552294 TSecr=2916032513"
"2674","28.440588156","192.168.1.55","192.168.1.2","TCP","1514","8004  >  49780 [ACK] Seq=328886 Ack=144 Win=65024 Len=1448 TSval=2916032521 TSecr=3045552294 [TCP segment of a reassembled PDU]"
"2675","28.440590601","192.168.1.55","192.168.1.2","TCP","1514","8004  >  49780 [ACK] Seq=330334 Ack=144 Win=65024 Len=1448 TSval=2916032521 TSecr=3045552294 [TCP segment of a reassembled PDU]"
"2676","28.440591712","192.168.1.55","192.168.1.2","TCP","1514","8004  >  49780 [ACK] Seq=331782 Ack=144 Win=65024 Len=1448 TSval=2916032521 TSecr=3045552294 [TCP segment of a reassembled PDU]"
"2677","28.440592730","192.168.1.55","192.168.1.2","TCP","1514","8004  >  49780 [ACK] Seq=333230 Ack=144 Win=65024 Len=1448 TSval=2916032521 TSecr=3045552294 [TCP segment of a reassembled PDU]"
"2678","28.440593841","192.168.1.55","192.168.1.2","TCP","1514","8004  >  49780 [ACK] Seq=334678 Ack=144 Win=65024 Len=1448 TSval=2916032521 TSecr=3045552294 [TCP segment of a reassembled PDU]"
"2679","28.440594952","192.168.1.55","192.168.1.2","TCP","1514","8004  >  49780 [ACK] Seq=336126 Ack=144 Win=65024 Len=1448 TSval=2916032521 TSecr=3045552294 [TCP segment of a reassembled PDU]"
"2680","28.440595878","192.168.1.55","192.168.1.2","TCP","1514","8004  >  49780 [ACK] Seq=337574 Ack=144 Win=65024 Len=1448 TSval=2916032521 TSecr=3045552294 [TCP segment of a reassembled PDU]"
"2681","28.440596989","192.168.1.55","192.168.1.2","TCP","1514","8004  >  49780 [ACK] Seq=339022 Ack=144 Win=65024 Len=1448 TSval=2916032521 TSecr=3045552294 [TCP segment of a reassembled PDU]"
"2682","28.440598027","192.168.1.55","192.168.1.2","TCP","1514","8004  >  49780 [ACK] Seq=340470 Ack=144 Win=65024 Len=1448 TSval=2916032521 TSecr=3045552294 [TCP segment of a reassembled PDU]"
"2683","28.440599156","192.168.1.55","192.168.1.2","TCP","1514","8004  >  49780 [ACK] Seq=341918 Ack=144 Win=65024 Len=1448 TSval=2916032521 TSecr=3045552294 [TCP segment of a reassembled PDU]"
"2684","28.440600508","192.168.1.55","192.168.1.2","TCP","1514","8004  >  49780 [ACK] Seq=343366 Ack=144 Win=65024 Len=1448 TSval=2916032521 TSecr=3045552294 [TCP segment of a reassembled PDU]"
"2685","28.440601434","192.168.1.55","192.168.1.2","TCP","1514","8004  >  49780 [ACK] Seq=344814 Ack=144 Win=65024 Len=1448 TSval=2916032521 TSecr=3045552294 [TCP segment of a reassembled PDU]"
"2686","28.440602489","192.168.1.55","192.168.1.2","TCP","1514","8004  >  49780 [ACK] Seq=346262 Ack=144 Win=65024 Len=1448 TSval=2916032521 TSecr=3045552294 [TCP segment of a reassembled PDU]"
"2687","28.440603508","192.168.1.55","192.168.1.2","TCP","1514","8004  >  49780 [ACK] Seq=347710 Ack=144 Win=65024 Len=1448 TSval=2916032521 TSecr=3045552294 [TCP segment of a reassembled PDU]"
"2688","28.440604434","192.168.1.55","192.168.1.2","TCP","1514","8004  >  49780 [ACK] Seq=349158 Ack=144 Win=65024 Len=1448 TSval=2916032521 TSecr=3045552294 [TCP segment of a reassembled PDU]"
"2689","28.440605693","192.168.1.55","192.168.1.2","TCP","1514","8004  >  49780 [ACK] Seq=350606 Ack=144 Win=65024 Len=1448 TSval=2916032521 TSecr=3045552294 [TCP segment of a reassembled PDU]"
"2690","28.440606638","192.168.1.55","192.168.1.2","TCP","1514","8004  >  49780 [ACK] Seq=352054 Ack=144 Win=65024 Len=1448 TSval=2916032521 TSecr=3045552294 [TCP segment of a reassembled PDU]"
"2691","28.440607712","192.168.1.55","192.168.1.2","TCP","1514","8004  >  49780 [ACK] Seq=353502 Ack=144 Win=65024 Len=1448 TSval=2916032521 TSecr=3045552294 [TCP segment of a reassembled PDU]"
"2692","28.440608730","192.168.1.55","192.168.1.2","TCP","1514","8004  >  49780 [ACK] Seq=354950 Ack=144 Win=65024 Len=1448 TSval=2916032521 TSecr=3045552294 [TCP segment of a reassembled PDU]"
"2693","28.440609675","192.168.1.55","192.168.1.2","TCP","1514","8004  >  49780 [ACK] Seq=356398 Ack=144 Win=65024 Len=1448 TSval=2916032521 TSecr=3045552294 [TCP segment of a reassembled PDU]"
"2694","28.440610804","192.168.1.55","192.168.1.2","TCP","1514","8004  >  49780 [ACK] Seq=357846 Ack=144 Win=65024 Len=1448 TSval=2916032521 TSecr=3045552294 [TCP segment of a reassembled PDU]"
"2695","28.440611878","192.168.1.55","192.168.1.2","TCP","1514","8004  >  49780 [ACK] Seq=359294 Ack=144 Win=65024 Len=1448 TSval=2916032521 TSecr=3045552294 [TCP segment of a reassembled PDU]"
"2696","28.440613138","192.168.1.55","192.168.1.2","TCP","1514","8004  >  49780 [ACK] Seq=360742 Ack=144 Win=65024 Len=1448 TSval=2916032521 TSecr=3045552294 [TCP segment of a reassembled PDU]"
"2697","28.440614230","192.168.1.55","192.168.1.2","TCP","1514","8004  >  49780 [ACK] Seq=362190 Ack=144 Win=65024 Len=1448 TSval=2916032521 TSecr=3045552294 [TCP segment of a reassembled PDU]"
"2698","28.440615267","192.168.1.55","192.168.1.2","TCP","1514","8004  >  49780 [ACK] Seq=363638 Ack=144 Win=65024 Len=1448 TSval=2916032521 TSecr=3045552294 [TCP segment of a reassembled PDU]"
"2699","28.440616490","192.168.1.55","192.168.1.2","TCP","1514","8004  >  49780 [ACK] Seq=365086 Ack=144 Win=65024 Len=1448 TSval=2916032521 TSecr=3045552294 [TCP segment of a reassembled PDU]"
"2700","28.440617434","192.168.1.55","192.168.1.2","TCP","1514","8004  >  49780 [ACK] Seq=366534 Ack=144 Win=65024 Len=1448 TSval=2916032521 TSecr=3045552294 [TCP segment of a reassembled PDU]"
"2701","28.440618545","192.168.1.55","192.168.1.2","TCP","1514","8004  >  49780 [ACK] Seq=367982 Ack=144 Win=65024 Len=1448 TSval=2916032521 TSecr=3045552294 [TCP segment of a reassembled PDU]"
"2702","28.440619952","192.168.1.55","192.168.1.2","TCP","1514","8004  >  49780 [ACK] Seq=369430 Ack=144 Win=65024 Len=1448 TSval=2916032521 TSecr=3045552294 [TCP segment of a reassembled PDU]"
"2703","28.440620878","192.168.1.55","192.168.1.2","TCP","1514","8004  >  49780 [ACK] Seq=370878 Ack=144 Win=65024 Len=1448 TSval=2916032521 TSecr=3045552294 [TCP segment of a reassembled PDU]"
"2704","28.440621860","192.168.1.55","192.168.1.2","TCP","1514","8004  >  49780 [PSH, ACK] Seq=372326 Ack=144 Win=65024 Len=1448 TSval=2916032521 TSecr=3045552294 [TCP segment of a reassembled PDU]"
"2705","28.440671175","192.168.1.2","192.168.1.55","TCP","66","49780  >  8004 [ACK] Seq=144 Ack=276758 Win=111616 Len=0 TSval=3045552294 TSecr=2916032513"
"2706","28.440677916","192.168.1.2","192.168.1.55","TCP","66","49780  >  8004 [ACK] Seq=144 Ack=277446 Win=141312 Len=0 TSval=3045552295 TSecr=2916032513"
"2707","28.440716971","192.168.1.55","192.168.1.2","TCP","1514","8004  >  49780 [ACK] Seq=373774 Ack=144 Win=65024 Len=1448 TSval=2916032521 TSecr=3045552295 [TCP segment of a reassembled PDU]"
"2708","28.440718823","192.168.1.55","192.168.1.2","TCP","1514","8004  >  49780 [ACK] Seq=375222 Ack=144 Win=65024 Len=1448 TSval=2916032521 TSecr=3045552295 [TCP segment of a reassembled PDU]"
"2709","28.440719730","192.168.1.55","192.168.1.2","TCP","1514","8004  >  49780 [ACK] Seq=376670 Ack=144 Win=65024 Len=1448 TSval=2916032521 TSecr=3045552295 [TCP segment of a reassembled PDU]"
"2710","28.440720786","192.168.1.55","192.168.1.2","TCP","1514","8004  >  49780 [ACK] Seq=378118 Ack=144 Win=65024 Len=1448 TSval=2916032521 TSecr=3045552295 [TCP segment of a reassembled PDU]"
"2711","28.440721842","192.168.1.55","192.168.1.2","TCP","1514","8004  >  49780 [ACK] Seq=379566 Ack=144 Win=65024 Len=1448 TSval=2916032521 TSecr=3045552295 [TCP segment of a reassembled PDU]"
"2712","28.440723064","192.168.1.55","192.168.1.2","TCP","1514","8004  >  49780 [ACK] Seq=381014 Ack=144 Win=65024 Len=1448 TSval=2916032521 TSecr=3045552295 [TCP segment of a reassembled PDU]"
"2713","28.440724360","192.168.1.55","192.168.1.2","TCP","1514","8004  >  49780 [ACK] Seq=382462 Ack=144 Win=65024 Len=1448 TSval=2916032521 TSecr=3045552295 [TCP segment of a reassembled PDU]"
"2714","28.440725527","192.168.1.55","192.168.1.2","TCP","1514","8004  >  49780 [ACK] Seq=383910 Ack=144 Win=65024 Len=1448 TSval=2916032521 TSecr=3045552295 [TCP segment of a reassembled PDU]"
"2715","28.440726434","192.168.1.55","192.168.1.2","TCP","1514","8004  >  49780 [ACK] Seq=385358 Ack=144 Win=65024 Len=1448 TSval=2916032521 TSecr=3045552295 [TCP segment of a reassembled PDU]"
"2716","28.440727416","192.168.1.55","192.168.1.2","TCP","1514","8004  >  49780 [ACK] Seq=386806 Ack=144 Win=65024 Len=1448 TSval=2916032521 TSecr=3045552295 [TCP segment of a reassembled PDU]"
"2717","28.440728490","192.168.1.55","192.168.1.2","TCP","1514","8004  >  49780 [ACK] Seq=388254 Ack=144 Win=65024 Len=1448 TSval=2916032521 TSecr=3045552295 [TCP segment of a reassembled PDU]"
"2718","28.440729434","192.168.1.55","192.168.1.2","TCP","1514","8004  >  49780 [ACK] Seq=389702 Ack=144 Win=65024 Len=1448 TSval=2916032521 TSecr=3045552295 [TCP segment of a reassembled PDU]"
"2719","28.440730564","192.168.1.55","192.168.1.2","TCP","1514","8004  >  49780 [ACK] Seq=391150 Ack=144 Win=65024 Len=1448 TSval=2916032521 TSecr=3045552295 [TCP segment of a reassembled PDU]"
"2720","28.440731582","192.168.1.55","192.168.1.2","TCP","1514","8004  >  49780 [ACK] Seq=392598 Ack=144 Win=65024 Len=1448 TSval=2916032521 TSecr=3045552295 [TCP segment of a reassembled PDU]"
"2721","28.440732601","192.168.1.55","192.168.1.2","TCP","1514","8004  >  49780 [ACK] Seq=394046 Ack=144 Win=65024 Len=1448 TSval=2916032521 TSecr=3045552295 [TCP segment of a reassembled PDU]"
"2722","28.440733601","192.168.1.55","192.168.1.2","TCP","1514","8004  >  49780 [ACK] Seq=395494 Ack=144 Win=65024 Len=1448 TSval=2916032521 TSecr=3045552295 [TCP segment of a reassembled PDU]"
"2723","28.440734619","192.168.1.55","192.168.1.2","TCP","1514","8004  >  49780 [ACK] Seq=396942 Ack=144 Win=65024 Len=1448 TSval=2916032521 TSecr=3045552295 [TCP segment of a reassembled PDU]"
"2724","28.440735638","192.168.1.55","192.168.1.2","TCP","1514","8004  >  49780 [ACK] Seq=398390 Ack=144 Win=65024 Len=1448 TSval=2916032521 TSecr=3045552295 [TCP segment of a reassembled PDU]"
"2725","28.440736601","192.168.1.55","192.168.1.2","TCP","1514","8004  >  49780 [ACK] Seq=399838 Ack=144 Win=65024 Len=1448 TSval=2916032521 TSecr=3045552295 [TCP segment of a reassembled PDU]"
"2726","28.440737767","192.168.1.55","192.168.1.2","TCP","1514","8004  >  49780 [ACK] Seq=401286 Ack=144 Win=65024 Len=1448 TSval=2916032521 TSecr=3045552295 [TCP segment of a reassembled PDU]"
"2727","28.440738675","192.168.1.55","192.168.1.2","TCP","1514","8004  >  49780 [ACK] Seq=402734 Ack=144 Win=65024 Len=1448 TSval=2916032521 TSecr=3045552295 [TCP segment of a reassembled PDU]"
"2728","28.440740119","192.168.1.55","192.168.1.2","TCP","1514","8004  >  49780 [ACK] Seq=404182 Ack=144 Win=65024 Len=1448 TSval=2916032521 TSecr=3045552295 [TCP segment of a reassembled PDU]"
"2729","28.440741360","192.168.1.55","192.168.1.2","TCP","1514","8004  >  49780 [ACK] Seq=405630 Ack=144 Win=65024 Len=1448 TSval=2916032521 TSecr=3045552295 [TCP segment of a reassembled PDU]"
"2730","28.440742360","192.168.1.55","192.168.1.2","TCP","1514","8004  >  49780 [ACK] Seq=407078 Ack=144 Win=65024 Len=1448 TSval=2916032521 TSecr=3045552295 [TCP segment of a reassembled PDU]"
"2731","28.440743323","192.168.1.55","192.168.1.2","TCP","1514","8004  >  49780 [ACK] Seq=408526 Ack=144 Win=65024 Len=1448 TSval=2916032521 TSecr=3045552295 [TCP segment of a reassembled PDU]"
"2732","28.440744434","192.168.1.55","192.168.1.2","TCP","1514","8004  >  49780 [ACK] Seq=409974 Ack=144 Win=65024 Len=1448 TSval=2916032521 TSecr=3045552295 [TCP segment of a reassembled PDU]"
"2733","28.440745379","192.168.1.55","192.168.1.2","TCP","1514","8004  >  49780 [ACK] Seq=411422 Ack=144 Win=65024 Len=1448 TSval=2916032521 TSecr=3045552295 [TCP segment of a reassembled PDU]"
"2734","28.440746471","192.168.1.55","192.168.1.2","TCP","1514","8004  >  49780 [ACK] Seq=412870 Ack=144 Win=65024 Len=1448 TSval=2916032521 TSecr=3045552295 [TCP segment of a reassembled PDU]"
"2735","28.440747397","192.168.1.55","192.168.1.2","TCP","1514","8004  >  49780 [ACK] Seq=414318 Ack=144 Win=65024 Len=1448 TSval=2916032521 TSecr=3045552295 [TCP segment of a reassembled PDU]"
"2736","28.440748342","192.168.1.55","192.168.1.2","TCP","1514","8004  >  49780 [ACK] Seq=415766 Ack=144 Win=65024 Len=1448 TSval=2916032521 TSecr=3045552295 [TCP segment of a reassembled PDU]"
"2737","28.440749249","192.168.1.55","192.168.1.2","TCP","1514","8004  >  49780 [PSH, ACK] Seq=417214 Ack=144 Win=65024 Len=1448 TSval=2916032521 TSecr=3045552295 [TCP segment of a reassembled PDU]"
"2738","28.445215571","192.168.1.2","192.168.1.55","TCP","66","49780  >  8004 [ACK] Seq=144 Ack=285446 Win=141312 Len=0 TSval=3045552297 TSecr=2916032518"
"2739","28.445306515","192.168.1.55","192.168.1.2","TCP","1514","8004  >  49780 [ACK] Seq=418662 Ack=144 Win=65024 Len=1448 TSval=2916032525 TSecr=3045552297 [TCP segment of a reassembled PDU]"
"2740","28.445316460","192.168.1.55","192.168.1.2","TCP","1514","8004  >  49780 [ACK] Seq=420110 Ack=144 Win=65024 Len=1448 TSval=2916032525 TSecr=3045552297 [TCP segment of a reassembled PDU]"
"2741","28.445317645","192.168.1.55","192.168.1.2","TCP","1514","8004  >  49780 [ACK] Seq=421558 Ack=144 Win=65024 Len=1448 TSval=2916032525 TSecr=3045552297 [TCP segment of a reassembled PDU]"
"2742","28.445318608","192.168.1.55","192.168.1.2","TCP","1514","8004  >  49780 [ACK] Seq=423006 Ack=144 Win=65024 Len=1448 TSval=2916032525 TSecr=3045552297 [TCP segment of a reassembled PDU]"
"2743","28.445319775","192.168.1.55","192.168.1.2","TCP","1514","8004  >  49780 [ACK] Seq=424454 Ack=144 Win=65024 Len=1448 TSval=2916032525 TSecr=3045552297 [TCP segment of a reassembled PDU]"
"2744","28.445320978","192.168.1.55","192.168.1.2","TCP","922","[TCP Window Full] 8004  >  49780 [PSH, ACK] Seq=425902 Ack=144 Win=65024 Len=856 TSval=2916032525 TSecr=3045552297 [TCP segment of a reassembled PDU]"
"2745","28.449464448","192.168.1.2","192.168.1.55","TCP","66","49780  >  8004 [ACK] Seq=144 Ack=291238 Win=139264 Len=0 TSval=3045552298 TSecr=2916032520"
"2746","28.449481763","192.168.1.55","192.168.1.2","TCP","1514","8004  >  49780 [ACK] Seq=426758 Ack=144 Win=65024 Len=1448 TSval=2916032530 TSecr=3045552298 [TCP segment of a reassembled PDU]"
"2747","28.449484170","192.168.1.55","192.168.1.2","TCP","1514","8004  >  49780 [PSH, ACK] Seq=428206 Ack=144 Win=65024 Len=1448 TSval=2916032530 TSecr=3045552298 [TCP segment of a reassembled PDU]"
"2748","28.449643929","192.168.1.2","192.168.1.55","TCP","66","49780  >  8004 [ACK] Seq=144 Ack=312958 Win=141312 Len=0 TSval=3045552305 TSecr=2916032520"
"2749","28.451188728","192.168.1.2","192.168.1.55","TCP","66","49780  >  8004 [ACK] Seq=144 Ack=328886 Win=161792 Len=0 TSval=3045552305 TSecr=2916032521"
"2750","28.451217432","192.168.1.55","192.168.1.2","TCP","1514","8004  >  49780 [ACK] Seq=429654 Ack=144 Win=65024 Len=1448 TSval=2916032531 TSecr=3045552305 [TCP segment of a reassembled PDU]"
"2751","28.451219247","192.168.1.55","192.168.1.2","TCP","1514","8004  >  49780 [ACK] Seq=431102 Ack=144 Win=65024 Len=1448 TSval=2916032531 TSecr=3045552305 [TCP segment of a reassembled PDU]"
"2752","28.451220265","192.168.1.55","192.168.1.2","TCP","1514","8004  >  49780 [ACK] Seq=432550 Ack=144 Win=65024 Len=1448 TSval=2916032531 TSecr=3045552305 [TCP segment of a reassembled PDU]"
"2753","28.451221302","192.168.1.55","192.168.1.2","TCP","1514","8004  >  49780 [ACK] Seq=433998 Ack=144 Win=65024 Len=1448 TSval=2916032531 TSecr=3045552305 [TCP segment of a reassembled PDU]"
"2754","28.451222321","192.168.1.55","192.168.1.2","TCP","1514","8004  >  49780 [ACK] Seq=435446 Ack=144 Win=65024 Len=1448 TSval=2916032531 TSecr=3045552305 [TCP segment of a reassembled PDU]"
"2755","28.451223284","192.168.1.55","192.168.1.2","TCP","1514","8004  >  49780 [ACK] Seq=436894 Ack=144 Win=65024 Len=1448 TSval=2916032531 TSecr=3045552305 [TCP segment of a reassembled PDU]"
"2756","28.451224302","192.168.1.55","192.168.1.2","TCP","1514","8004  >  49780 [ACK] Seq=438342 Ack=144 Win=65024 Len=1448 TSval=2916032531 TSecr=3045552305 [TCP segment of a reassembled PDU]"
"2757","28.451225321","192.168.1.55","192.168.1.2","TCP","1514","8004  >  49780 [ACK] Seq=439790 Ack=144 Win=65024 Len=1448 TSval=2916032531 TSecr=3045552305 [TCP segment of a reassembled PDU]"
"2758","28.451226432","192.168.1.55","192.168.1.2","TCP","1514","8004  >  49780 [ACK] Seq=441238 Ack=144 Win=65024 Len=1448 TSval=2916032531 TSecr=3045552305 [TCP segment of a reassembled PDU]"
"2759","28.451227339","192.168.1.55","192.168.1.2","TCP","1514","8004  >  49780 [ACK] Seq=442686 Ack=144 Win=65024 Len=1448 TSval=2916032531 TSecr=3045552305 [TCP segment of a reassembled PDU]"
"2760","28.451228413","192.168.1.55","192.168.1.2","TCP","1514","8004  >  49780 [ACK] Seq=444134 Ack=144 Win=65024 Len=1448 TSval=2916032531 TSecr=3045552305 [TCP segment of a reassembled PDU]"
"2761","28.451229395","192.168.1.55","192.168.1.2","TCP","1514","8004  >  49780 [ACK] Seq=445582 Ack=144 Win=65024 Len=1448 TSval=2916032531 TSecr=3045552305 [TCP segment of a reassembled PDU]"
"2762","28.451230339","192.168.1.55","192.168.1.2","TCP","1514","8004  >  49780 [ACK] Seq=447030 Ack=144 Win=65024 Len=1448 TSval=2916032531 TSecr=3045552305 [TCP segment of a reassembled PDU]"
"2763","28.451231302","192.168.1.55","192.168.1.2","TCP","1514","8004  >  49780 [ACK] Seq=448478 Ack=144 Win=65024 Len=1448 TSval=2916032531 TSecr=3045552305 [TCP segment of a reassembled PDU]"
"2764","28.451232247","192.168.1.55","192.168.1.2","TCP","1514","8004  >  49780 [ACK] Seq=449926 Ack=144 Win=65024 Len=1448 TSval=2916032531 TSecr=3045552305 [TCP segment of a reassembled PDU]"
"2765","28.451233191","192.168.1.55","192.168.1.2","TCP","1514","8004  >  49780 [ACK] Seq=451374 Ack=144 Win=65024 Len=1448 TSval=2916032531 TSecr=3045552305 [TCP segment of a reassembled PDU]"
"2766","28.451234173","192.168.1.55","192.168.1.2","TCP","1514","8004  >  49780 [ACK] Seq=452822 Ack=144 Win=65024 Len=1448 TSval=2916032531 TSecr=3045552305 [TCP segment of a reassembled PDU]"
"2767","28.451235117","192.168.1.55","192.168.1.2","TCP","1514","8004  >  49780 [ACK] Seq=454270 Ack=144 Win=65024 Len=1448 TSval=2916032531 TSecr=3045552305 [TCP segment of a reassembled PDU]"
"2768","28.451236247","192.168.1.55","192.168.1.2","TCP","1514","8004  >  49780 [ACK] Seq=455718 Ack=144 Win=65024 Len=1448 TSval=2916032531 TSecr=3045552305 [TCP segment of a reassembled PDU]"
"2769","28.451237154","192.168.1.55","192.168.1.2","TCP","1514","8004  >  49780 [ACK] Seq=457166 Ack=144 Win=65024 Len=1448 TSval=2916032531 TSecr=3045552305 [TCP segment of a reassembled PDU]"
"2770","28.451238043","192.168.1.55","192.168.1.2","TCP","1514","8004  >  49780 [ACK] Seq=458614 Ack=144 Win=65024 Len=1448 TSval=2916032531 TSecr=3045552305 [TCP segment of a reassembled PDU]"
"2771","28.451239228","192.168.1.55","192.168.1.2","TCP","1514","8004  >  49780 [ACK] Seq=460062 Ack=144 Win=65024 Len=1448 TSval=2916032531 TSecr=3045552305 [TCP segment of a reassembled PDU]"
"2772","28.451240321","192.168.1.55","192.168.1.2","TCP","1514","8004  >  49780 [PSH, ACK] Seq=461510 Ack=144 Win=65024 Len=1448 TSval=2916032531 TSecr=3045552305 [TCP segment of a reassembled PDU]"
"2773","28.451244988","192.168.1.55","192.168.1.2","TCP","658","8004  >  49780 [ACK] Seq=462958 Ack=144 Win=65024 Len=592 TSval=2916032531 TSecr=3045552305 [TCP segment of a reassembled PDU]"
"2774","28.452155730","192.168.1.2","192.168.1.55","TCP","66","49780  >  8004 [ACK] Seq=144 Ack=373774 Win=117760 Len=0 TSval=3045552305 TSecr=2916032521"
"2775","28.452166100","192.168.1.2","192.168.1.55","TCP","66","49780  >  8004 [ACK] Seq=144 Ack=426758 Win=78848 Len=0 TSval=3045552305 TSecr=2916032521"
"2776","28.452195174","192.168.1.55","192.168.1.2","TCP","1514","8004  >  49780 [ACK] Seq=463550 Ack=144 Win=65024 Len=1448 TSval=2916032532 TSecr=3045552305 [TCP segment of a reassembled PDU]"
"2777","28.452197563","192.168.1.55","192.168.1.2","TCP","1514","8004  >  49780 [ACK] Seq=464998 Ack=144 Win=65024 Len=1448 TSval=2916032532 TSecr=3045552305 [TCP segment of a reassembled PDU]"
"2778","28.452198508","192.168.1.55","192.168.1.2","TCP","1514","8004  >  49780 [ACK] Seq=466446 Ack=144 Win=65024 Len=1448 TSval=2916032532 TSecr=3045552305 [TCP segment of a reassembled PDU]"
"2779","28.452199452","192.168.1.55","192.168.1.2","TCP","1514","8004  >  49780 [ACK] Seq=467894 Ack=144 Win=65024 Len=1448 TSval=2916032532 TSecr=3045552305 [TCP segment of a reassembled PDU]"
"2780","28.452200396","192.168.1.55","192.168.1.2","TCP","1514","8004  >  49780 [ACK] Seq=469342 Ack=144 Win=65024 Len=1448 TSval=2916032532 TSecr=3045552305 [TCP segment of a reassembled PDU]"
"2781","28.452201656","192.168.1.55","192.168.1.2","TCP","1514","8004  >  49780 [ACK] Seq=470790 Ack=144 Win=65024 Len=1448 TSval=2916032532 TSecr=3045552305 [TCP segment of a reassembled PDU]"
"2782","28.452202619","192.168.1.55","192.168.1.2","TCP","1514","8004  >  49780 [ACK] Seq=472238 Ack=144 Win=65024 Len=1448 TSval=2916032532 TSecr=3045552305 [TCP segment of a reassembled PDU]"
"2783","28.452203693","192.168.1.55","192.168.1.2","TCP","1514","8004  >  49780 [ACK] Seq=473686 Ack=144 Win=65024 Len=1448 TSval=2916032532 TSecr=3045552305 [TCP segment of a reassembled PDU]"
"2784","28.452205470","192.168.1.55","192.168.1.2","TCP","1514","8004  >  49780 [ACK] Seq=475134 Ack=144 Win=65024 Len=1448 TSval=2916032532 TSecr=3045552305 [TCP segment of a reassembled PDU]"
"2785","28.452206841","192.168.1.55","192.168.1.2","TCP","1514","8004  >  49780 [ACK] Seq=476582 Ack=144 Win=65024 Len=1448 TSval=2916032532 TSecr=3045552305 [TCP segment of a reassembled PDU]"
"2786","28.452208359","192.168.1.55","192.168.1.2","TCP","1514","8004  >  49780 [ACK] Seq=478030 Ack=144 Win=65024 Len=1448 TSval=2916032532 TSecr=3045552305 [TCP segment of a reassembled PDU]"
"2787","28.452209711","192.168.1.55","192.168.1.2","TCP","1514","8004  >  49780 [ACK] Seq=479478 Ack=144 Win=65024 Len=1448 TSval=2916032532 TSecr=3045552305 [TCP segment of a reassembled PDU]"
"2788","28.452211063","192.168.1.55","192.168.1.2","TCP","1514","8004  >  49780 [ACK] Seq=480926 Ack=144 Win=65024 Len=1448 TSval=2916032532 TSecr=3045552305 [TCP segment of a reassembled PDU]"
"2789","28.452212730","192.168.1.55","192.168.1.2","TCP","1514","8004  >  49780 [ACK] Seq=482374 Ack=144 Win=65024 Len=1448 TSval=2916032532 TSecr=3045552305 [TCP segment of a reassembled PDU]"
"2790","28.452214119","192.168.1.55","192.168.1.2","TCP","1514","8004  >  49780 [ACK] Seq=483822 Ack=144 Win=65024 Len=1448 TSval=2916032532 TSecr=3045552305 [TCP segment of a reassembled PDU]"
"2791","28.452215896","192.168.1.55","192.168.1.2","TCP","1514","8004  >  49780 [ACK] Seq=485270 Ack=144 Win=65024 Len=1448 TSval=2916032532 TSecr=3045552305 [TCP segment of a reassembled PDU]"
"2792","28.452217082","192.168.1.55","192.168.1.2","TCP","1514","8004  >  49780 [ACK] Seq=486718 Ack=144 Win=65024 Len=1448 TSval=2916032532 TSecr=3045552305 [TCP segment of a reassembled PDU]"
"2793","28.452218415","192.168.1.55","192.168.1.2","TCP","1514","8004  >  49780 [ACK] Seq=488166 Ack=144 Win=65024 Len=1448 TSval=2916032532 TSecr=3045552305 [TCP segment of a reassembled PDU]"
"2794","28.452220785","192.168.1.55","192.168.1.2","TCP","1514","8004  >  49780 [ACK] Seq=489614 Ack=144 Win=65024 Len=1448 TSval=2916032532 TSecr=3045552305 [TCP segment of a reassembled PDU]"
"2795","28.452221971","192.168.1.55","192.168.1.2","TCP","1514","8004  >  49780 [ACK] Seq=491062 Ack=144 Win=65024 Len=1448 TSval=2916032532 TSecr=3045552305 [TCP segment of a reassembled PDU]"
"2796","28.452223193","192.168.1.55","192.168.1.2","TCP","1514","8004  >  49780 [ACK] Seq=492510 Ack=144 Win=65024 Len=1448 TSval=2916032532 TSecr=3045552305 [TCP segment of a reassembled PDU]"
"2797","28.452224304","192.168.1.55","192.168.1.2","TCP","1514","8004  >  49780 [ACK] Seq=493958 Ack=144 Win=65024 Len=1448 TSval=2916032532 TSecr=3045552305 [TCP segment of a reassembled PDU]"
"2798","28.452225526","192.168.1.55","192.168.1.2","TCP","1514","8004  >  49780 [ACK] Seq=495406 Ack=144 Win=65024 Len=1448 TSval=2916032532 TSecr=3045552305 [TCP segment of a reassembled PDU]"
"2799","28.452227156","192.168.1.55","192.168.1.2","TCP","1514","8004  >  49780 [PSH, ACK] Seq=496854 Ack=144 Win=65024 Len=1448 TSval=2916032532 TSecr=3045552305 [TCP segment of a reassembled PDU]"
"2800","28.452233341","192.168.1.55","192.168.1.2","HTTP","222","HTTP/1.0 200 OK  (PNG)"
"2801","28.452237841","192.168.1.2","192.168.1.55","TCP","66","[TCP Window Update] 49780  >  8004 [ACK] Seq=144 Ack=426758 Win=161792 Len=0 TSval=3045552305 TSecr=2916032521"
"2802","28.452301823","192.168.1.2","192.168.1.55","TCP","66","49780  >  8004 [ACK] Seq=144 Ack=428206 Win=163840 Len=0 TSval=3045552307 TSecr=2916032530"
"2803","28.452311267","192.168.1.2","192.168.1.55","TCP","66","49780  >  8004 [ACK] Seq=144 Ack=429654 Win=166912 Len=0 TSval=3045552307 TSecr=2916032530"
"2804","28.456594885","192.168.1.2","192.168.1.55","TCP","66","49780  >  8004 [ACK] Seq=144 Ack=462958 Win=166912 Len=0 TSval=3045552311 TSecr=2916032531"
"2805","28.456718885","192.168.1.2","192.168.1.55","TCP","66","49780  >  8004 [ACK] Seq=144 Ack=469342 Win=174080 Len=0 TSval=3045552311 TSecr=2916032531"
"2806","28.456727089","192.168.1.2","192.168.1.55","TCP","66","49780  >  8004 [ACK] Seq=144 Ack=491062 Win=199680 Len=0 TSval=3045552311 TSecr=2916032532"
"2807","28.457474571","192.168.1.2","192.168.1.55","TCP","66","49780  >  8004 [ACK] Seq=144 Ack=498302 Win=212992 Len=0 TSval=3045552312 TSecr=2916032532"
"2808","28.458998166","192.168.1.2","192.168.1.55","TCP","66","49780  >  8004 [FIN, ACK] Seq=144 Ack=498459 Win=216064 Len=0 TSval=3045552313 TSecr=2916032532"
"2809","28.459023722","192.168.1.55","192.168.1.2","TCP","66","8004  >  49780 [ACK] Seq=498459 Ack=145 Win=65024 Len=0 TSval=2916032539 TSecr=3045552313"
"2810","28.459106666","192.168.1.2","192.168.1.55","TCP","74","49782  >  8004 [SYN] Seq=0 Win=64240 Len=0 MSS=1460 SACK_PERM TSval=3045552314 TSecr=0 WS=1024"
"2811","28.459150778","192.168.1.55","192.168.1.2","TCP","74","8004  >  49782 [SYN, ACK] Seq=0 Ack=1 Win=65160 Len=0 MSS=1460 SACK_PERM TSval=2916032539 TSecr=3045552314 WS=128"
"2812","28.462484820","192.168.1.2","192.168.1.55","TCP","66","49782  >  8004 [ACK] Seq=1 Ack=1 Win=64512 Len=0 TSval=3045552317 TSecr=2916032539"
"2813","28.465316769","192.168.1.2","192.168.1.55","HTTP","206","GET /stego_benchmark.png HTTP/1.1 "
"2814","28.465332898","192.168.1.55","192.168.1.2","TCP","66","8004  >  49782 [ACK] Seq=1 Ack=141 Win=65024 Len=0 TSval=2916032546 TSecr=3045552317"
"2815","28.465813862","192.168.1.55","192.168.1.2","TCP","255","8004  >  49782 [PSH, ACK] Seq=1 Ack=141 Win=65024 Len=189 TSval=2916032546 TSecr=3045552317 [TCP segment of a reassembled PDU]"
"2816","28.465899381","192.168.1.55","192.168.1.2","TCP","1514","8004  >  49782 [ACK] Seq=190 Ack=141 Win=65024 Len=1448 TSval=2916032546 TSecr=3045552317 [TCP segment of a reassembled PDU]"
"2817","28.465904270","192.168.1.55","192.168.1.2","TCP","1514","8004  >  49782 [ACK] Seq=1638 Ack=141 Win=65024 Len=1448 TSval=2916032546 TSecr=3045552317 [TCP segment of a reassembled PDU]"
"2818","28.465905770","192.168.1.55","192.168.1.2","TCP","1514","8004  >  49782 [ACK] Seq=3086 Ack=141 Win=65024 Len=1448 TSval=2916032546 TSecr=3045552317 [TCP segment of a reassembled PDU]"
"2819","28.465907084","192.168.1.55","192.168.1.2","TCP","1514","8004  >  49782 [ACK] Seq=4534 Ack=141 Win=65024 Len=1448 TSval=2916032546 TSecr=3045552317 [TCP segment of a reassembled PDU]"
"2820","28.465908918","192.168.1.55","192.168.1.2","TCP","1514","8004  >  49782 [PSH, ACK] Seq=5982 Ack=141 Win=65024 Len=1448 TSval=2916032546 TSecr=3045552317 [TCP segment of a reassembled PDU]"
"2821","28.465927270","192.168.1.55","192.168.1.2","TCP","1514","8004  >  49782 [ACK] Seq=7430 Ack=141 Win=65024 Len=1448 TSval=2916032546 TSecr=3045552317 [TCP segment of a reassembled PDU]"
"2822","28.465929251","192.168.1.55","192.168.1.2","TCP","1514","8004  >  49782 [ACK] Seq=8878 Ack=141 Win=65024 Len=1448 TSval=2916032546 TSecr=3045552317 [TCP segment of a reassembled PDU]"
"2823","28.465930621","192.168.1.55","192.168.1.2","TCP","1514","8004  >  49782 [ACK] Seq=10326 Ack=141 Win=65024 Len=1448 TSval=2916032546 TSecr=3045552317 [TCP segment of a reassembled PDU]"
"2824","28.465931936","192.168.1.55","192.168.1.2","TCP","1514","8004  >  49782 [PSH, ACK] Seq=11774 Ack=141 Win=65024 Len=1448 TSval=2916032546 TSecr=3045552317 [TCP segment of a reassembled PDU]"
"2825","28.469982739","192.168.1.2","192.168.1.55","TCP","66","49782  >  8004 [ACK] Seq=141 Ack=190 Win=64512 Len=0 TSval=3045552323 TSecr=2916032546"
"2826","28.470158350","192.168.1.55","192.168.1.2","TCP","1514","8004  >  49782 [ACK] Seq=13222 Ack=141 Win=65024 Len=1448 TSval=2916032550 TSecr=3045552323 [TCP segment of a reassembled PDU]"
"2827","28.470175869","192.168.1.55","192.168.1.2","TCP","1514","8004  >  49782 [PSH, ACK] Seq=14670 Ack=141 Win=65024 Len=1448 TSval=2916032550 TSecr=3045552323 [TCP segment of a reassembled PDU]"
"2828","28.470331073","192.168.1.2","192.168.1.55","TCP","66","49782  >  8004 [ACK] Seq=141 Ack=3086 Win=70656 Len=0 TSval=3045552324 TSecr=2916032546"
"2829","28.470371999","192.168.1.2","192.168.1.55","TCP","66","49782  >  8004 [ACK] Seq=141 Ack=5982 Win=76800 Len=0 TSval=3045552324 TSecr=2916032546"
"2830","28.470447573","192.168.1.55","192.168.1.2","TCP","1514","8004  >  49782 [ACK] Seq=16118 Ack=141 Win=65024 Len=1448 TSval=2916032551 TSecr=3045552324 [TCP segment of a reassembled PDU]"
"2831","28.470457980","192.168.1.55","192.168.1.2","TCP","1514","8004  >  49782 [ACK] Seq=17566 Ack=141 Win=65024 Len=1448 TSval=2916032551 TSecr=3045552324 [TCP segment of a reassembled PDU]"
"2832","28.470460703","192.168.1.55","192.168.1.2","TCP","1514","8004  >  49782 [ACK] Seq=19014 Ack=141 Win=65024 Len=1448 TSval=2916032551 TSecr=3045552324 [TCP segment of a reassembled PDU]"
"2833","28.470463277","192.168.1.55","192.168.1.2","TCP","1514","8004  >  49782 [ACK] Seq=20462 Ack=141 Win=65024 Len=1448 TSval=2916032551 TSecr=3045552324 [TCP segment of a reassembled PDU]"
"2834","28.470466221","192.168.1.55","192.168.1.2","TCP","1514","8004  >  49782 [ACK] Seq=21910 Ack=141 Win=65024 Len=1448 TSval=2916032551 TSecr=3045552324 [TCP segment of a reassembled PDU]"
"2835","28.470469406","192.168.1.55","192.168.1.2","TCP","1514","8004  >  49782 [ACK] Seq=23358 Ack=141 Win=65024 Len=1448 TSval=2916032551 TSecr=3045552324 [TCP segment of a reassembled PDU]"
"2836","28.470473443","192.168.1.55","192.168.1.2","TCP","1514","8004  >  49782 [PSH, ACK] Seq=24806 Ack=141 Win=65024 Len=1448 TSval=2916032551 TSecr=3045552324 [TCP segment of a reassembled PDU]"
"2837","28.471010426","192.168.1.2","192.168.1.55","TCP","66","49782  >  8004 [ACK] Seq=141 Ack=7430 Win=79872 Len=0 TSval=3045552325 TSecr=2916032546"
"2838","28.471085278","192.168.1.2","192.168.1.55","TCP","66","49782  >  8004 [ACK] Seq=141 Ack=8878 Win=81920 Len=0 TSval=3045552325 TSecr=2916032546"
"2839","28.471094389","192.168.1.2","192.168.1.55","TCP","66","49782  >  8004 [ACK] Seq=141 Ack=13222 Win=87040 Len=0 TSval=3045552325 TSecr=2916032546"
"2840","28.471130778","192.168.1.55","192.168.1.2","TCP","1514","8004  >  49782 [ACK] Seq=26254 Ack=141 Win=65024 Len=1448 TSval=2916032551 TSecr=3045552325 [TCP segment of a reassembled PDU]"
"2841","28.471133778","192.168.1.55","192.168.1.2","TCP","1514","8004  >  49782 [ACK] Seq=27702 Ack=141 Win=65024 Len=1448 TSval=2916032551 TSecr=3045552325 [TCP segment of a reassembled PDU]"
"2842","28.471135778","192.168.1.55","192.168.1.2","TCP","1514","8004  >  49782 [ACK] Seq=29150 Ack=141 Win=65024 Len=1448 TSval=2916032551 TSecr=3045552325 [TCP segment of a reassembled PDU]"
"2843","28.471137241","192.168.1.55","192.168.1.2","TCP","1514","8004  >  49782 [ACK] Seq=30598 Ack=141 Win=65024 Len=1448 TSval=2916032551 TSecr=3045552325 [TCP segment of a reassembled PDU]"
"2844","28.471139111","192.168.1.55","192.168.1.2","TCP","1514","8004  >  49782 [ACK] Seq=32046 Ack=141 Win=65024 Len=1448 TSval=2916032551 TSecr=3045552325 [TCP segment of a reassembled PDU]"
"2845","28.471140889","192.168.1.55","192.168.1.2","TCP","1514","8004  >  49782 [ACK] Seq=33494 Ack=141 Win=65024 Len=1448 TSval=2916032551 TSecr=3045552325 [TCP segment of a reassembled PDU]"
"2846","28.471142593","192.168.1.55","192.168.1.2","TCP","1514","8004  >  49782 [ACK] Seq=34942 Ack=141 Win=65024 Len=1448 TSval=2916032551 TSecr=3045552325 [TCP segment of a reassembled PDU]"
"2847","28.471144204","192.168.1.55","192.168.1.2","TCP","1514","8004  >  49782 [ACK] Seq=36390 Ack=141 Win=65024 Len=1448 TSval=2916032551 TSecr=3045552325 [TCP segment of a reassembled PDU]"
"2848","28.471146074","192.168.1.55","192.168.1.2","TCP","1514","8004  >  49782 [ACK] Seq=37838 Ack=141 Win=65024 Len=1448 TSval=2916032551 TSecr=3045552325 [TCP segment of a reassembled PDU]"
"2849","28.471148185","192.168.1.55","192.168.1.2","TCP","1514","8004  >  49782 [PSH, ACK] Seq=39286 Ack=141 Win=65024 Len=1448 TSval=2916032551 TSecr=3045552325 [TCP segment of a reassembled PDU]"
"2850","28.471164685","192.168.1.55","192.168.1.2","TCP","1514","8004  >  49782 [ACK] Seq=40734 Ack=141 Win=65024 Len=1448 TSval=2916032551 TSecr=3045552325 [TCP segment of a reassembled PDU]"
"2851","28.475187414","192.168.1.2","192.168.1.55","TCP","66","49782  >  8004 [ACK] Seq=141 Ack=16118 Win=90112 Len=0 TSval=3045552329 TSecr=2916032550"
"2852","28.475234747","192.168.1.55","192.168.1.2","TCP","1514","8004  >  49782 [ACK] Seq=42182 Ack=141 Win=65024 Len=1448 TSval=2916032555 TSecr=3045552329 [TCP segment of a reassembled PDU]"
"2853","28.475241025","192.168.1.55","192.168.1.2","TCP","1514","8004  >  49782 [PSH, ACK] Seq=43630 Ack=141 Win=65024 Len=1448 TSval=2916032555 TSecr=3045552329 [TCP segment of a reassembled PDU]"
"2854","28.475460636","192.168.1.2","192.168.1.55","TCP","66","49782  >  8004 [ACK] Seq=141 Ack=26254 Win=83968 Len=0 TSval=3045552329 TSecr=2916032551"
"2855","28.475489451","192.168.1.55","192.168.1.2","TCP","1514","8004  >  49782 [ACK] Seq=45078 Ack=141 Win=65024 Len=1448 TSval=2916032556 TSecr=3045552329 [TCP segment of a reassembled PDU]"
"2856","28.475491655","192.168.1.55","192.168.1.2","TCP","1514","8004  >  49782 [ACK] Seq=46526 Ack=141 Win=65024 Len=1448 TSval=2916032556 TSecr=3045552329 [TCP segment of a reassembled PDU]"
"2857","28.475492822","192.168.1.55","192.168.1.2","TCP","1514","8004  >  49782 [ACK] Seq=47974 Ack=141 Win=65024 Len=1448 TSval=2916032556 TSecr=3045552329 [TCP segment of a reassembled PDU]"
"2858","28.475494322","192.168.1.55","192.168.1.2","TCP","1514","8004  >  49782 [ACK] Seq=49422 Ack=141 Win=65024 Len=1448 TSval=2916032556 TSecr=3045552329 [TCP segment of a reassembled PDU]"
"2859","28.475495933","192.168.1.55","192.168.1.2","TCP","1514","8004  >  49782 [ACK] Seq=50870 Ack=141 Win=65024 Len=1448 TSval=2916032556 TSecr=3045552329 [TCP segment of a reassembled PDU]"
"2860","28.475497414","192.168.1.55","192.168.1.2","TCP","1514","8004  >  49782 [ACK] Seq=52318 Ack=141 Win=65024 Len=1448 TSval=2916032556 TSecr=3045552329 [TCP segment of a reassembled PDU]"
"2861","28.475499359","192.168.1.55","192.168.1.2","TCP","1514","8004  >  49782 [ACK] Seq=53766 Ack=141 Win=65024 Len=1448 TSval=2916032556 TSecr=3045552329 [TCP segment of a reassembled PDU]"
"2862","28.475500951","192.168.1.55","192.168.1.2","TCP","1514","8004  >  49782 [ACK] Seq=55214 Ack=141 Win=65024 Len=1448 TSval=2916032556 TSecr=3045552329 [TCP segment of a reassembled PDU]"
"2863","28.475502322","192.168.1.55","192.168.1.2","TCP","1514","8004  >  49782 [ACK] Seq=56662 Ack=141 Win=65024 Len=1448 TSval=2916032556 TSecr=3045552329 [TCP segment of a reassembled PDU]"
"2864","28.475503618","192.168.1.55","192.168.1.2","TCP","1514","8004  >  49782 [ACK] Seq=58110 Ack=141 Win=65024 Len=1448 TSval=2916032556 TSecr=3045552329 [TCP segment of a reassembled PDU]"
"2865","28.475504859","192.168.1.55","192.168.1.2","TCP","1514","8004  >  49782 [ACK] Seq=59558 Ack=141 Win=65024 Len=1448 TSval=2916032556 TSecr=3045552329 [TCP segment of a reassembled PDU]"
"2866","28.475506081","192.168.1.55","192.168.1.2","TCP","1514","8004  >  49782 [ACK] Seq=61006 Ack=141 Win=65024 Len=1448 TSval=2916032556 TSecr=3045552329 [TCP segment of a reassembled PDU]"
"2867","28.475507303","192.168.1.55","192.168.1.2","TCP","1514","8004  >  49782 [ACK] Seq=62454 Ack=141 Win=65024 Len=1448 TSval=2916032556 TSecr=3045552329 [TCP segment of a reassembled PDU]"
"2868","28.475509266","192.168.1.55","192.168.1.2","TCP","1514","8004  >  49782 [PSH, ACK] Seq=63902 Ack=141 Win=65024 Len=1448 TSval=2916032556 TSecr=3045552329 [TCP segment of a reassembled PDU]"
"2869","28.475513747","192.168.1.2","192.168.1.55","TCP","66","49782  >  8004 [ACK] Seq=141 Ack=34942 Win=75776 Len=0 TSval=3045552329 TSecr=2916032551"
"2870","28.475541970","192.168.1.55","192.168.1.2","TCP","1514","8004  >  49782 [ACK] Seq=65350 Ack=141 Win=65024 Len=1448 TSval=2916032556 TSecr=3045552329 [TCP segment of a reassembled PDU]"
"2871","28.475544673","192.168.1.55","192.168.1.2","TCP","1514","8004  >  49782 [ACK] Seq=66798 Ack=141 Win=65024 Len=1448 TSval=2916032556 TSecr=3045552329 [TCP segment of a reassembled PDU]"
"2872","28.475546155","192.168.1.55","192.168.1.2","TCP","1514","8004  >  49782 [ACK] Seq=68246 Ack=141 Win=65024 Len=1448 TSval=2916032556 TSecr=3045552329 [TCP segment of a reassembled PDU]"
"2873","28.475547636","192.168.1.55","192.168.1.2","TCP","1514","8004  >  49782 [ACK] Seq=69694 Ack=141 Win=65024 Len=1448 TSval=2916032556 TSecr=3045552329 [TCP segment of a reassembled PDU]"
"2874","28.475548766","192.168.1.55","192.168.1.2","TCP","1514","8004  >  49782 [ACK] Seq=71142 Ack=141 Win=65024 Len=1448 TSval=2916032556 TSecr=3045552329 [TCP segment of a reassembled PDU]"
"2875","28.475550007","192.168.1.55","192.168.1.2","TCP","1514","8004  >  49782 [ACK] Seq=72590 Ack=141 Win=65024 Len=1448 TSval=2916032556 TSecr=3045552329 [TCP segment of a reassembled PDU]"
"2876","28.475551118","192.168.1.55","192.168.1.2","TCP","1514","8004  >  49782 [ACK] Seq=74038 Ack=141 Win=65024 Len=1448 TSval=2916032556 TSecr=3045552329 [TCP segment of a reassembled PDU]"
"2877","28.475552470","192.168.1.55","192.168.1.2","TCP","1514","8004  >  49782 [PSH, ACK] Seq=75486 Ack=141 Win=65024 Len=1448 TSval=2916032556 TSecr=3045552329 [TCP segment of a reassembled PDU]"
"2878","28.475558785","192.168.1.2","192.168.1.55","TCP","66","49782  >  8004 [ACK] Seq=141 Ack=40734 Win=88064 Len=0 TSval=3045552330 TSecr=2916032551"
"2879","28.475594211","192.168.1.55","192.168.1.2","TCP","1514","8004  >  49782 [ACK] Seq=76934 Ack=141 Win=65024 Len=1448 TSval=2916032556 TSecr=3045552330 [TCP segment of a reassembled PDU]"
"2880","28.475596859","192.168.1.55","192.168.1.2","TCP","1514","8004  >  49782 [ACK] Seq=78382 Ack=141 Win=65024 Len=1448 TSval=2916032556 TSecr=3045552330 [TCP segment of a reassembled PDU]"
"2881","28.475598248","192.168.1.55","192.168.1.2","TCP","1514","8004  >  49782 [ACK] Seq=79830 Ack=141 Win=65024 Len=1448 TSval=2916032556 TSecr=3045552330 [TCP segment of a reassembled PDU]"
"2882","28.475599507","192.168.1.55","192.168.1.2","TCP","1514","8004  >  49782 [ACK] Seq=81278 Ack=141 Win=65024 Len=1448 TSval=2916032556 TSecr=3045552330 [TCP segment of a reassembled PDU]"
"2883","28.475600636","192.168.1.55","192.168.1.2","TCP","1514","8004  >  49782 [ACK] Seq=82726 Ack=141 Win=65024 Len=1448 TSval=2916032556 TSecr=3045552330 [TCP segment of a reassembled PDU]"
"2884","28.475601933","192.168.1.55","192.168.1.2","TCP","1514","8004  >  49782 [ACK] Seq=84174 Ack=141 Win=65024 Len=1448 TSval=2916032556 TSecr=3045552330 [TCP segment of a reassembled PDU]"
"2885","28.475603303","192.168.1.55","192.168.1.2","TCP","1514","8004  >  49782 [ACK] Seq=85622 Ack=141 Win=65024 Len=1448 TSval=2916032556 TSecr=3045552330 [TCP segment of a reassembled PDU]"
"2886","28.475605451","192.168.1.55","192.168.1.2","TCP","1514","8004  >  49782 [ACK] Seq=87070 Ack=141 Win=65024 Len=1448 TSval=2916032556 TSecr=3045552330 [TCP segment of a reassembled PDU]"
"2887","28.475606840","192.168.1.55","192.168.1.2","TCP","1514","8004  >  49782 [ACK] Seq=88518 Ack=141 Win=65024 Len=1448 TSval=2916032556 TSecr=3045552330 [TCP segment of a reassembled PDU]"
"2888","28.475607988","192.168.1.55","192.168.1.2","TCP","1514","8004  >  49782 [ACK] Seq=89966 Ack=141 Win=65024 Len=1448 TSval=2916032556 TSecr=3045552330 [TCP segment of a reassembled PDU]"
"2889","28.475609192","192.168.1.55","192.168.1.2","TCP","1514","8004  >  49782 [ACK] Seq=91414 Ack=141 Win=65024 Len=1448 TSval=2916032556 TSecr=3045552330 [TCP segment of a reassembled PDU]"
"2890","28.475610470","192.168.1.55","192.168.1.2","TCP","1514","8004  >  49782 [ACK] Seq=92862 Ack=141 Win=65024 Len=1448 TSval=2916032556 TSecr=3045552330 [TCP segment of a reassembled PDU]"
"2891","28.475611840","192.168.1.55","192.168.1.2","TCP","1514","8004  >  49782 [ACK] Seq=94310 Ack=141 Win=65024 Len=1448 TSval=2916032556 TSecr=3045552330 [TCP segment of a reassembled PDU]"
"2892","28.475613322","192.168.1.55","192.168.1.2","TCP","1514","8004  >  49782 [PSH, ACK] Seq=95758 Ack=141 Win=65024 Len=1448 TSval=2916032556 TSecr=3045552330 [TCP segment of a reassembled PDU]"
"2893","28.475617970","192.168.1.2","192.168.1.55","TCP","66","49782  >  8004 [ACK] Seq=141 Ack=42182 Win=90112 Len=0 TSval=3045552330 TSecr=2916032551"
"2894","28.476823805","192.168.1.55","192.168.1.2","TCP","1514","8004  >  49782 [ACK] Seq=97206 Ack=141 Win=65024 Len=1448 TSval=2916032557 TSecr=3045552330 [TCP segment of a reassembled PDU]"
"2895","28.476827101","192.168.1.55","192.168.1.2","TCP","1514","8004  >  49782 [PSH, ACK] Seq=98654 Ack=141 Win=65024 Len=1448 TSval=2916032557 TSecr=3045552330 [TCP segment of a reassembled PDU]"
"2896","28.481469997","192.168.1.2","192.168.1.55","TCP","66","49782  >  8004 [ACK] Seq=141 Ack=45078 Win=88064 Len=0 TSval=3045552335 TSecr=2916032555"
"2897","28.481481442","192.168.1.55","192.168.1.2","TCP","1514","8004  >  49782 [ACK] Seq=100102 Ack=141 Win=65024 Len=1448 TSval=2916032562 TSecr=3045552335 [TCP segment of a reassembled PDU]"
"2898","28.481483701","192.168.1.55","192.168.1.2","TCP","1514","8004  >  49782 [ACK] Seq=101550 Ack=141 Win=65024 Len=1448 TSval=2916032562 TSecr=3045552335 [TCP segment of a reassembled PDU]"
"2899","28.481484775","192.168.1.55","192.168.1.2","TCP","1514","8004  >  49782 [ACK] Seq=102998 Ack=141 Win=65024 Len=1448 TSval=2916032562 TSecr=3045552335 [TCP segment of a reassembled PDU]"
"2900","28.481485868","192.168.1.55","192.168.1.2","TCP","1514","8004  >  49782 [PSH, ACK] Seq=104446 Ack=141 Win=65024 Len=1448 TSval=2916032562 TSecr=3045552335 [TCP segment of a reassembled PDU]"
"2901","28.481787146","192.168.1.2","192.168.1.55","TCP","66","49782  >  8004 [ACK] Seq=141 Ack=65350 Win=73728 Len=0 TSval=3045552335 TSecr=2916032556"
"2902","28.481800831","192.168.1.55","192.168.1.2","TCP","1514","8004  >  49782 [ACK] Seq=105894 Ack=141 Win=65024 Len=1448 TSval=2916032562 TSecr=3045552335 [TCP segment of a reassembled PDU]"
"2903","28.481802405","192.168.1.55","192.168.1.2","TCP","1514","8004  >  49782 [ACK] Seq=107342 Ack=141 Win=65024 Len=1448 TSval=2916032562 TSecr=3045552335 [TCP segment of a reassembled PDU]"
"2904","28.481803646","192.168.1.55","192.168.1.2","TCP","1514","8004  >  49782 [ACK] Seq=108790 Ack=141 Win=65024 Len=1448 TSval=2916032562 TSecr=3045552335 [TCP segment of a reassembled PDU]"
"2905","28.481805313","192.168.1.55","192.168.1.2","TCP","1514","8004  >  49782 [ACK] Seq=110238 Ack=141 Win=65024 Len=1448 TSval=2916032562 TSecr=3045552335 [TCP segment of a reassembled PDU]"
"2906","28.481806442","192.168.1.55","192.168.1.2","TCP","1514","8004  >  49782 [ACK] Seq=111686 Ack=141 Win=65024 Len=1448 TSval=2916032562 TSecr=3045552335 [TCP segment of a reassembled PDU]"
"2907","28.481807665","192.168.1.55","192.168.1.2","TCP","1514","8004  >  49782 [ACK] Seq=113134 Ack=141 Win=65024 Len=1448 TSval=2916032562 TSecr=3045552335 [TCP segment of a reassembled PDU]"
"2908","28.481808794","192.168.1.55","192.168.1.2","TCP","1514","8004  >  49782 [ACK] Seq=114582 Ack=141 Win=65024 Len=1448 TSval=2916032562 TSecr=3045552335 [TCP segment of a reassembled PDU]"
"2909","28.481810054","192.168.1.55","192.168.1.2","TCP","1514","8004  >  49782 [ACK] Seq=116030 Ack=141 Win=65024 Len=1448 TSval=2916032562 TSecr=3045552335 [TCP segment of a reassembled PDU]"
"2910","28.481811405","192.168.1.55","192.168.1.2","TCP","1514","8004  >  49782 [ACK] Seq=117478 Ack=141 Win=65024 Len=1448 TSval=2916032562 TSecr=3045552335 [TCP segment of a reassembled PDU]"
"2911","28.481812535","192.168.1.55","192.168.1.2","TCP","1514","8004  >  49782 [PSH, ACK] Seq=118926 Ack=141 Win=65024 Len=1448 TSval=2916032562 TSecr=3045552335 [TCP segment of a reassembled PDU]"
"2912","28.481817461","192.168.1.2","192.168.1.55","TCP","66","49782  >  8004 [ACK] Seq=141 Ack=69694 Win=69632 Len=0 TSval=3045552335 TSecr=2916032556"
"2913","28.481824591","192.168.1.2","192.168.1.55","TCP","66","49782  >  8004 [ACK] Seq=141 Ack=76934 Win=62464 Len=0 TSval=3045552335 TSecr=2916032556"
"2914","28.481827350","192.168.1.2","192.168.1.55","TCP","66","49782  >  8004 [ACK] Seq=141 Ack=95758 Win=44032 Len=0 TSval=3045552335 TSecr=2916032556"
"2915","28.481871646","192.168.1.55","192.168.1.2","TCP","1514","8004  >  49782 [ACK] Seq=120374 Ack=141 Win=65024 Len=1448 TSval=2916032562 TSecr=3045552335 [TCP segment of a reassembled PDU]"
"2916","28.481876794","192.168.1.55","192.168.1.2","TCP","1514","8004  >  49782 [ACK] Seq=121822 Ack=141 Win=65024 Len=1448 TSval=2916032562 TSecr=3045552335 [TCP segment of a reassembled PDU]"
"2917","28.481878072","192.168.1.55","192.168.1.2","TCP","1514","8004  >  49782 [ACK] Seq=123270 Ack=141 Win=65024 Len=1448 TSval=2916032562 TSecr=3045552335 [TCP segment of a reassembled PDU]"
"2918","28.481879461","192.168.1.55","192.168.1.2","TCP","1514","8004  >  49782 [ACK] Seq=124718 Ack=141 Win=65024 Len=1448 TSval=2916032562 TSecr=3045552335 [TCP segment of a reassembled PDU]"
"2919","28.481880591","192.168.1.55","192.168.1.2","TCP","1514","8004  >  49782 [ACK] Seq=126166 Ack=141 Win=65024 Len=1448 TSval=2916032562 TSecr=3045552335 [TCP segment of a reassembled PDU]"
"2920","28.481881813","192.168.1.55","192.168.1.2","TCP","1514","8004  >  49782 [ACK] Seq=127614 Ack=141 Win=65024 Len=1448 TSval=2916032562 TSecr=3045552335 [TCP segment of a reassembled PDU]"
"2921","28.481880906","192.168.1.2","192.168.1.55","TCP","66","[TCP Window Update] 49782  >  8004 [ACK] Seq=141 Ack=95758 Win=90112 Len=0 TSval=3045552335 TSecr=2916032556"
"2922","28.481883017","192.168.1.55","192.168.1.2","TCP","1514","8004  >  49782 [ACK] Seq=129062 Ack=141 Win=65024 Len=1448 TSval=2916032562 TSecr=3045552335 [TCP segment of a reassembled PDU]"
"2923","28.481884498","192.168.1.55","192.168.1.2","TCP","1514","8004  >  49782 [ACK] Seq=130510 Ack=141 Win=65024 Len=1448 TSval=2916032562 TSecr=3045552335 [TCP segment of a reassembled PDU]"
"2924","28.481885757","192.168.1.55","192.168.1.2","TCP","1514","8004  >  49782 [ACK] Seq=131958 Ack=141 Win=65024 Len=1448 TSval=2916032562 TSecr=3045552335 [TCP segment of a reassembled PDU]"
"2925","28.481885017","192.168.1.2","192.168.1.55","TCP","66","49782  >  8004 [ACK] Seq=141 Ack=97206 Win=90112 Len=0 TSval=3045552336 TSecr=2916032556"
"2926","28.481886998","192.168.1.55","192.168.1.2","TCP","1514","8004  >  49782 [ACK] Seq=133406 Ack=141 Win=65024 Len=1448 TSval=2916032562 TSecr=3045552335 [TCP segment of a reassembled PDU]"
"2927","28.481888424","192.168.1.55","192.168.1.2","TCP","1514","8004  >  49782 [ACK] Seq=134854 Ack=141 Win=65024 Len=1448 TSval=2916032562 TSecr=3045552335 [TCP segment of a reassembled PDU]"
"2928","28.481887794","192.168.1.2","192.168.1.55","TCP","66","49782  >  8004 [ACK] Seq=141 Ack=100102 Win=90112 Len=0 TSval=3045552337 TSecr=2916032557"
"2929","28.481889554","192.168.1.55","192.168.1.2","TCP","1514","8004  >  49782 [ACK] Seq=136302 Ack=141 Win=65024 Len=1448 TSval=2916032562 TSecr=3045552335 [TCP segment of a reassembled PDU]"
"2930","28.481890868","192.168.1.55","192.168.1.2","TCP","1514","8004  >  49782 [ACK] Seq=137750 Ack=141 Win=65024 Len=1448 TSval=2916032562 TSecr=3045552335 [TCP segment of a reassembled PDU]"
"2931","28.481891998","192.168.1.55","192.168.1.2","TCP","658","8004  >  49782 [PSH, ACK] Seq=139198 Ack=141 Win=65024 Len=592 TSval=2916032562 TSecr=3045552335 [TCP segment of a reassembled PDU]"
"2932","28.481915646","192.168.1.55","192.168.1.2","TCP","1514","8004  >  49782 [ACK] Seq=139790 Ack=141 Win=65024 Len=1448 TSval=2916032562 TSecr=3045552335 [TCP segment of a reassembled PDU]"
"2933","28.481917924","192.168.1.55","192.168.1.2","TCP","1514","8004  >  49782 [ACK] Seq=141238 Ack=141 Win=65024 Len=1448 TSval=2916032562 TSecr=3045552335 [TCP segment of a reassembled PDU]"
"2934","28.481919128","192.168.1.55","192.168.1.2","TCP","1514","8004  >  49782 [ACK] Seq=142686 Ack=141 Win=65024 Len=1448 TSval=2916032562 TSecr=3045552335 [TCP segment of a reassembled PDU]"
"2935","28.481920443","192.168.1.55","192.168.1.2","TCP","1514","8004  >  49782 [ACK] Seq=144134 Ack=141 Win=65024 Len=1448 TSval=2916032562 TSecr=3045552335 [TCP segment of a reassembled PDU]"
"2936","28.481921850","192.168.1.55","192.168.1.2","TCP","1514","8004  >  49782 [ACK] Seq=145582 Ack=141 Win=65024 Len=1448 TSval=2916032562 TSecr=3045552335 [TCP segment of a reassembled PDU]"
"2937","28.481923961","192.168.1.55","192.168.1.2","TCP","1514","8004  >  49782 [ACK] Seq=147030 Ack=141 Win=65024 Len=1448 TSval=2916032562 TSecr=3045552335 [TCP segment of a reassembled PDU]"
"2938","28.481925146","192.168.1.55","192.168.1.2","TCP","1514","8004  >  49782 [ACK] Seq=148478 Ack=141 Win=65024 Len=1448 TSval=2916032562 TSecr=3045552335 [TCP segment of a reassembled PDU]"
"2939","28.481926239","192.168.1.55","192.168.1.2","TCP","1514","8004  >  49782 [ACK] Seq=149926 Ack=141 Win=65024 Len=1448 TSval=2916032562 TSecr=3045552335 [TCP segment of a reassembled PDU]"
"2940","28.481927387","192.168.1.55","192.168.1.2","TCP","1514","8004  >  49782 [ACK] Seq=151374 Ack=141 Win=65024 Len=1448 TSval=2916032562 TSecr=3045552335 [TCP segment of a reassembled PDU]"
"2941","28.481928591","192.168.1.55","192.168.1.2","TCP","1514","8004  >  49782 [ACK] Seq=152822 Ack=141 Win=65024 Len=1448 TSval=2916032562 TSecr=3045552335 [TCP segment of a reassembled PDU]"
"2942","28.481929702","192.168.1.55","192.168.1.2","TCP","1514","8004  >  49782 [ACK] Seq=154270 Ack=141 Win=65024 Len=1448 TSval=2916032562 TSecr=3045552335 [TCP segment of a reassembled PDU]"
"2943","28.481930813","192.168.1.55","192.168.1.2","TCP","1514","8004  >  49782 [ACK] Seq=155718 Ack=141 Win=65024 Len=1448 TSval=2916032562 TSecr=3045552335 [TCP segment of a reassembled PDU]"
"2944","28.481931924","192.168.1.55","192.168.1.2","TCP","1514","8004  >  49782 [ACK] Seq=157166 Ack=141 Win=65024 Len=1448 TSval=2916032562 TSecr=3045552335 [TCP segment of a reassembled PDU]"
"2945","28.481933017","192.168.1.55","192.168.1.2","TCP","1514","8004  >  49782 [ACK] Seq=158614 Ack=141 Win=65024 Len=1448 TSval=2916032562 TSecr=3045552335 [TCP segment of a reassembled PDU]"
"2946","28.481934202","192.168.1.55","192.168.1.2","TCP","1514","8004  >  49782 [ACK] Seq=160062 Ack=141 Win=65024 Len=1448 TSval=2916032562 TSecr=3045552335 [TCP segment of a reassembled PDU]"
"2947","28.481935406","192.168.1.55","192.168.1.2","TCP","1514","8004  >  49782 [PSH, ACK] Seq=161510 Ack=141 Win=65024 Len=1448 TSval=2916032562 TSecr=3045552335 [TCP segment of a reassembled PDU]"
"2948","28.482761296","192.168.1.55","192.168.1.2","TCP","922","8004  >  49782 [ACK] Seq=162958 Ack=141 Win=65024 Len=856 TSval=2916032563 TSecr=3045552337 [TCP segment of a reassembled PDU]"
"2949","28.482781648","192.168.1.55","192.168.1.2","TCP","1514","8004  >  49782 [ACK] Seq=163814 Ack=141 Win=65024 Len=1448 TSval=2916032563 TSecr=3045552337 [TCP segment of a reassembled PDU]"
"2950","28.482783388","192.168.1.55","192.168.1.2","TCP","1514","8004  >  49782 [ACK] Seq=165262 Ack=141 Win=65024 Len=1448 TSval=2916032563 TSecr=3045552337 [TCP segment of a reassembled PDU]"
"2951","28.482784481","192.168.1.55","192.168.1.2","TCP","1514","8004  >  49782 [ACK] Seq=166710 Ack=141 Win=65024 Len=1448 TSval=2916032563 TSecr=3045552337 [TCP segment of a reassembled PDU]"
"2952","28.482785722","192.168.1.55","192.168.1.2","TCP","1514","8004  >  49782 [ACK] Seq=168158 Ack=141 Win=65024 Len=1448 TSval=2916032563 TSecr=3045552337 [TCP segment of a reassembled PDU]"
"2953","28.482786851","192.168.1.55","192.168.1.2","TCP","1514","8004  >  49782 [ACK] Seq=169606 Ack=141 Win=65024 Len=1448 TSval=2916032563 TSecr=3045552337 [TCP segment of a reassembled PDU]"
"2954","28.482788129","192.168.1.55","192.168.1.2","TCP","1514","8004  >  49782 [ACK] Seq=171054 Ack=141 Win=65024 Len=1448 TSval=2916032563 TSecr=3045552337 [TCP segment of a reassembled PDU]"
"2955","28.482789222","192.168.1.55","192.168.1.2","TCP","1514","8004  >  49782 [ACK] Seq=172502 Ack=141 Win=65024 Len=1448 TSval=2916032563 TSecr=3045552337 [TCP segment of a reassembled PDU]"
"2956","28.482790388","192.168.1.55","192.168.1.2","TCP","1514","8004  >  49782 [ACK] Seq=173950 Ack=141 Win=65024 Len=1448 TSval=2916032563 TSecr=3045552337 [TCP segment of a reassembled PDU]"
"2957","28.482791592","192.168.1.55","192.168.1.2","TCP","1514","8004  >  49782 [ACK] Seq=175398 Ack=141 Win=65024 Len=1448 TSval=2916032563 TSecr=3045552337 [TCP segment of a reassembled PDU]"
"2958","28.482792685","192.168.1.55","192.168.1.2","TCP","1514","8004  >  49782 [ACK] Seq=176846 Ack=141 Win=65024 Len=1448 TSval=2916032563 TSecr=3045552337 [TCP segment of a reassembled PDU]"
"2959","28.482793888","192.168.1.55","192.168.1.2","TCP","1514","8004  >  49782 [ACK] Seq=178294 Ack=141 Win=65024 Len=1448 TSval=2916032563 TSecr=3045552337 [TCP segment of a reassembled PDU]"
"2960","28.482795111","192.168.1.55","192.168.1.2","TCP","1514","8004  >  49782 [ACK] Seq=179742 Ack=141 Win=65024 Len=1448 TSval=2916032563 TSecr=3045552337 [TCP segment of a reassembled PDU]"
"2961","28.482796185","192.168.1.55","192.168.1.2","TCP","1514","8004  >  49782 [ACK] Seq=181190 Ack=141 Win=65024 Len=1448 TSval=2916032563 TSecr=3045552337 [TCP segment of a reassembled PDU]"
"2962","28.482797777","192.168.1.55","192.168.1.2","TCP","1514","8004  >  49782 [ACK] Seq=182638 Ack=141 Win=65024 Len=1448 TSval=2916032563 TSecr=3045552337 [TCP segment of a reassembled PDU]"
"2963","28.482798851","192.168.1.55","192.168.1.2","TCP","1514","8004  >  49782 [ACK] Seq=184086 Ack=141 Win=65024 Len=1448 TSval=2916032563 TSecr=3045552337 [TCP segment of a reassembled PDU]"
"2964","28.482799963","192.168.1.55","192.168.1.2","TCP","1514","8004  >  49782 [ACK] Seq=185534 Ack=141 Win=65024 Len=1448 TSval=2916032563 TSecr=3045552337 [TCP segment of a reassembled PDU]"
"2965","28.482801092","192.168.1.55","192.168.1.2","TCP","1514","8004  >  49782 [ACK] Seq=186982 Ack=141 Win=65024 Len=1448 TSval=2916032563 TSecr=3045552337 [TCP segment of a reassembled PDU]"
"2966","28.482802222","192.168.1.55","192.168.1.2","TCP","1514","8004  >  49782 [PSH, ACK] Seq=188430 Ack=141 Win=65024 Len=1448 TSval=2916032563 TSecr=3045552337 [TCP segment of a reassembled PDU]"
"2967","28.488632638","192.168.1.2","192.168.1.55","TCP","66","49782  >  8004 [ACK] Seq=141 Ack=113134 Win=90112 Len=0 TSval=3045552342 TSecr=2916032562"
"2968","28.488668990","192.168.1.55","192.168.1.2","TCP","1514","8004  >  49782 [ACK] Seq=189878 Ack=141 Win=65024 Len=1448 TSval=2916032569 TSecr=3045552342 [TCP segment of a reassembled PDU]"
"2969","28.488672657","192.168.1.55","192.168.1.2","TCP","1514","8004  >  49782 [ACK] Seq=191326 Ack=141 Win=65024 Len=1448 TSval=2916032569 TSecr=3045552342 [TCP segment of a reassembled PDU]"
"2970","28.488674027","192.168.1.55","192.168.1.2","TCP","1514","8004  >  49782 [ACK] Seq=192774 Ack=141 Win=65024 Len=1448 TSval=2916032569 TSecr=3045552342 [TCP segment of a reassembled PDU]"
"2971","28.488675323","192.168.1.55","192.168.1.2","TCP","1514","8004  >  49782 [ACK] Seq=194222 Ack=141 Win=65024 Len=1448 TSval=2916032569 TSecr=3045552342 [TCP segment of a reassembled PDU]"
"2972","28.488676657","192.168.1.55","192.168.1.2","TCP","1514","8004  >  49782 [ACK] Seq=195670 Ack=141 Win=65024 Len=1448 TSval=2916032569 TSecr=3045552342 [TCP segment of a reassembled PDU]"
"2973","28.488678046","192.168.1.55","192.168.1.2","TCP","1514","8004  >  49782 [ACK] Seq=197118 Ack=141 Win=65024 Len=1448 TSval=2916032569 TSecr=3045552342 [TCP segment of a reassembled PDU]"
"2974","28.488679546","192.168.1.55","192.168.1.2","TCP","1514","8004  >  49782 [ACK] Seq=198566 Ack=141 Win=65024 Len=1448 TSval=2916032569 TSecr=3045552342 [TCP segment of a reassembled PDU]"
"2975","28.488680842","192.168.1.55","192.168.1.2","TCP","1514","8004  >  49782 [ACK] Seq=200014 Ack=141 Win=65024 Len=1448 TSval=2916032569 TSecr=3045552342 [TCP segment of a reassembled PDU]"
"2976","28.488682120","192.168.1.55","192.168.1.2","TCP","1514","8004  >  49782 [PSH, ACK] Seq=201462 Ack=141 Win=65024 Len=1448 TSval=2916032569 TSecr=3045552342 [TCP segment of a reassembled PDU]"
"2977","28.489141139","192.168.1.2","192.168.1.55","TCP","66","49782  >  8004 [ACK] Seq=141 Ack=120374 Win=104448 Len=0 TSval=3045552343 TSecr=2916032562"
"2978","28.489153621","192.168.1.55","192.168.1.2","TCP","1514","8004  >  49782 [ACK] Seq=202910 Ack=141 Win=65024 Len=1448 TSval=2916032569 TSecr=3045552343 [TCP segment of a reassembled PDU]"
"2979","28.489155787","192.168.1.55","192.168.1.2","TCP","1514","8004  >  49782 [ACK] Seq=204358 Ack=141 Win=65024 Len=1448 TSval=2916032569 TSecr=3045552343 [TCP segment of a reassembled PDU]"
"2980","28.489157065","192.168.1.55","192.168.1.2","TCP","1514","8004  >  49782 [ACK] Seq=205806 Ack=141 Win=65024 Len=1448 TSval=2916032569 TSecr=3045552343 [TCP segment of a reassembled PDU]"
"2981","28.489158343","192.168.1.55","192.168.1.2","TCP","1514","8004  >  49782 [PSH, ACK] Seq=207254 Ack=141 Win=65024 Len=1448 TSval=2916032569 TSecr=3045552343 [TCP segment of a reassembled PDU]"
"2982","28.489162898","192.168.1.2","192.168.1.55","TCP","66","49782  >  8004 [ACK] Seq=141 Ack=162958 Win=71680 Len=0 TSval=3045552343 TSecr=2916032562"
"2983","28.489190324","192.168.1.55","192.168.1.2","TCP","1514","8004  >  49782 [ACK] Seq=208702 Ack=141 Win=65024 Len=1448 TSval=2916032569 TSecr=3045552343 [TCP segment of a reassembled PDU]"
"2984","28.489192065","192.168.1.55","192.168.1.2","TCP","1514","8004  >  49782 [ACK] Seq=210150 Ack=141 Win=65024 Len=1448 TSval=2916032569 TSecr=3045552343 [TCP segment of a reassembled PDU]"
"2985","28.489193491","192.168.1.55","192.168.1.2","TCP","1514","8004  >  49782 [ACK] Seq=211598 Ack=141 Win=65024 Len=1448 TSval=2916032569 TSecr=3045552343 [TCP segment of a reassembled PDU]"
"2986","28.489194935","192.168.1.55","192.168.1.2","TCP","1514","8004  >  49782 [ACK] Seq=213046 Ack=141 Win=65024 Len=1448 TSval=2916032569 TSecr=3045552343 [TCP segment of a reassembled PDU]"
"2987","28.489196324","192.168.1.55","192.168.1.2","TCP","1514","8004  >  49782 [ACK] Seq=214494 Ack=141 Win=65024 Len=1448 TSval=2916032569 TSecr=3045552343 [TCP segment of a reassembled PDU]"
"2988","28.489198232","192.168.1.55","192.168.1.2","TCP","1514","8004  >  49782 [ACK] Seq=215942 Ack=141 Win=65024 Len=1448 TSval=2916032569 TSecr=3045552343 [TCP segment of a reassembled PDU]"
"2989","28.489199547","192.168.1.55","192.168.1.2","TCP","1514","8004  >  49782 [ACK] Seq=217390 Ack=141 Win=65024 Len=1448 TSval=2916032569 TSecr=3045552343 [TCP segment of a reassembled PDU]"
"2990","28.489200972","192.168.1.55","192.168.1.2","TCP","1514","8004  >  49782 [ACK] Seq=218838 Ack=141 Win=65024 Len=1448 TSval=2916032569 TSecr=3045552343 [TCP segment of a reassembled PDU]"
"2991","28.489202269","192.168.1.55","192.168.1.2","TCP","1514","8004  >  49782 [ACK] Seq=220286 Ack=141 Win=65024 Len=1448 TSval=2916032569 TSecr=3045552343 [TCP segment of a reassembled PDU]"
"2992","28.489203621","192.168.1.55","192.168.1.2","TCP","1514","8004  >  49782 [ACK] Seq=221734 Ack=141 Win=65024 Len=1448 TSval=2916032569 TSecr=3045552343 [TCP segment of a reassembled PDU]"
"2993","28.489204991","192.168.1.55","192.168.1.2","TCP","1514","8004  >  49782 [ACK] Seq=223182 Ack=141 Win=65024 Len=1448 TSval=2916032569 TSecr=3045552343 [TCP segment of a reassembled PDU]"
"2994","28.489206435","192.168.1.55","192.168.1.2","TCP","1514","8004  >  49782 [ACK] Seq=224630 Ack=141 Win=65024 Len=1448 TSval=2916032569 TSecr=3045552343 [TCP segment of a reassembled PDU]"
"2995","28.489207824","192.168.1.55","192.168.1.2","TCP","1514","8004  >  49782 [ACK] Seq=226078 Ack=141 Win=65024 Len=1448 TSval=2916032569 TSecr=3045552343 [TCP segment of a reassembled PDU]"
"2996","28.489209250","192.168.1.55","192.168.1.2","TCP","1514","8004  >  49782 [ACK] Seq=227526 Ack=141 Win=65024 Len=1448 TSval=2916032569 TSecr=3045552343 [TCP segment of a reassembled PDU]"
"2997","28.489210732","192.168.1.55","192.168.1.2","TCP","1514","8004  >  49782 [ACK] Seq=228974 Ack=141 Win=65024 Len=1448 TSval=2916032569 TSecr=3045552343 [TCP segment of a reassembled PDU]"
"2998","28.489212102","192.168.1.55","192.168.1.2","TCP","1514","8004  >  49782 [ACK] Seq=230422 Ack=141 Win=65024 Len=1448 TSval=2916032569 TSecr=3045552343 [TCP segment of a reassembled PDU]"
"2999","28.489213454","192.168.1.55","192.168.1.2","TCP","1514","8004  >  49782 [PSH, ACK] Seq=231870 Ack=141 Win=65024 Len=1448 TSval=2916032569 TSecr=3045552343 [TCP segment of a reassembled PDU]"
"3000","28.489217880","192.168.1.2","192.168.1.55","TCP","66","49782  >  8004 [ACK] Seq=141 Ack=185534 Win=50176 Len=0 TSval=3045552343 TSecr=2916032563"
"3001","28.489231639","192.168.1.2","192.168.1.55","TCP","66","[TCP Window Update] 49782  >  8004 [ACK] Seq=141 Ack=185534 Win=104448 Len=0 TSval=3045552343 TSecr=2916032563"
"3002","28.489253621","192.168.1.55","192.168.1.2","TCP","1514","8004  >  49782 [ACK] Seq=233318 Ack=141 Win=65024 Len=1448 TSval=2916032569 TSecr=3045552343 [TCP segment of a reassembled PDU]"
"3003","28.489255584","192.168.1.55","192.168.1.2","TCP","1514","8004  >  49782 [ACK] Seq=234766 Ack=141 Win=65024 Len=1448 TSval=2916032569 TSecr=3045552343 [TCP segment of a reassembled PDU]"
"3004","28.489257269","192.168.1.55","192.168.1.2","TCP","1514","8004  >  49782 [ACK] Seq=236214 Ack=141 Win=65024 Len=1448 TSval=2916032569 TSecr=3045552343 [TCP segment of a reassembled PDU]"
"3005","28.489258676","192.168.1.55","192.168.1.2","TCP","1514","8004  >  49782 [ACK] Seq=237662 Ack=141 Win=65024 Len=1448 TSval=2916032569 TSecr=3045552343 [TCP segment of a reassembled PDU]"
"3006","28.489260010","192.168.1.55","192.168.1.2","TCP","1514","8004  >  49782 [ACK] Seq=239110 Ack=141 Win=65024 Len=1448 TSval=2916032569 TSecr=3045552343 [TCP segment of a reassembled PDU]"
"3007","28.489261417","192.168.1.55","192.168.1.2","TCP","1514","8004  >  49782 [ACK] Seq=240558 Ack=141 Win=65024 Len=1448 TSval=2916032569 TSecr=3045552343 [TCP segment of a reassembled PDU]"
"3008","28.489262676","192.168.1.55","192.168.1.2","TCP","1514","8004  >  49782 [ACK] Seq=242006 Ack=141 Win=65024 Len=1448 TSval=2916032569 TSecr=3045552343 [TCP segment of a reassembled PDU]"
"3009","28.489264084","192.168.1.55","192.168.1.2","TCP","1514","8004  >  49782 [ACK] Seq=243454 Ack=141 Win=65024 Len=1448 TSval=2916032569 TSecr=3045552343 [TCP segment of a reassembled PDU]"
"3010","28.489265565","192.168.1.55","192.168.1.2","TCP","1514","8004  >  49782 [ACK] Seq=244902 Ack=141 Win=65024 Len=1448 TSval=2916032569 TSecr=3045552343 [TCP segment of a reassembled PDU]"
"3011","28.489266898","192.168.1.55","192.168.1.2","TCP","1514","8004  >  49782 [ACK] Seq=246350 Ack=141 Win=65024 Len=1448 TSval=2916032569 TSecr=3045552343 [TCP segment of a reassembled PDU]"
"3012","28.489268213","192.168.1.55","192.168.1.2","TCP","1514","8004  >  49782 [ACK] Seq=247798 Ack=141 Win=65024 Len=1448 TSval=2916032569 TSecr=3045552343 [TCP segment of a reassembled PDU]"
"3013","28.489269639","192.168.1.55","192.168.1.2","TCP","1514","8004  >  49782 [ACK] Seq=249246 Ack=141 Win=65024 Len=1448 TSval=2916032569 TSecr=3045552343 [TCP segment of a reassembled PDU]"
"3014","28.489271195","192.168.1.55","192.168.1.2","TCP","1514","8004  >  49782 [ACK] Seq=250694 Ack=141 Win=65024 Len=1448 TSval=2916032569 TSecr=3045552343 [TCP segment of a reassembled PDU]"
"3015","28.489272769","192.168.1.55","192.168.1.2","TCP","1514","8004  >  49782 [PSH, ACK] Seq=252142 Ack=141 Win=65024 Len=1448 TSval=2916032569 TSecr=3045552343 [TCP segment of a reassembled PDU]"
"3016","28.489314991","192.168.1.55","192.168.1.2","TCP","1514","8004  >  49782 [ACK] Seq=253590 Ack=141 Win=65024 Len=1448 TSval=2916032569 TSecr=3045552343 [TCP segment of a reassembled PDU]"
"3017","28.489317065","192.168.1.55","192.168.1.2","TCP","1514","8004  >  49782 [ACK] Seq=255038 Ack=141 Win=65024 Len=1448 TSval=2916032569 TSecr=3045552343 [TCP segment of a reassembled PDU]"
"3018","28.489318658","192.168.1.55","192.168.1.2","TCP","1514","8004  >  49782 [ACK] Seq=256486 Ack=141 Win=65024 Len=1448 TSval=2916032569 TSecr=3045552343 [TCP segment of a reassembled PDU]"
"3019","28.489319954","192.168.1.55","192.168.1.2","TCP","1514","8004  >  49782 [ACK] Seq=257934 Ack=141 Win=65024 Len=1448 TSval=2916032569 TSecr=3045552343 [TCP segment of a reassembled PDU]"
"3020","28.489321399","192.168.1.55","192.168.1.2","TCP","1514","8004  >  49782 [ACK] Seq=259382 Ack=141 Win=65024 Len=1448 TSval=2916032569 TSecr=3045552343 [TCP segment of a reassembled PDU]"
"3021","28.489322750","192.168.1.55","192.168.1.2","TCP","1514","8004  >  49782 [ACK] Seq=260830 Ack=141 Win=65024 Len=1448 TSval=2916032569 TSecr=3045552343 [TCP segment of a reassembled PDU]"
"3022","28.489324139","192.168.1.55","192.168.1.2","TCP","1514","8004  >  49782 [ACK] Seq=262278 Ack=141 Win=65024 Len=1448 TSval=2916032569 TSecr=3045552343 [TCP segment of a reassembled PDU]"
"3023","28.489325547","192.168.1.55","192.168.1.2","TCP","1514","8004  >  49782 [ACK] Seq=263726 Ack=141 Win=65024 Len=1448 TSval=2916032569 TSecr=3045552343 [TCP segment of a reassembled PDU]"
"3024","28.489326880","192.168.1.55","192.168.1.2","TCP","1514","8004  >  49782 [ACK] Seq=265174 Ack=141 Win=65024 Len=1448 TSval=2916032569 TSecr=3045552343 [TCP segment of a reassembled PDU]"
"3025","28.489328250","192.168.1.55","192.168.1.2","TCP","1514","8004  >  49782 [ACK] Seq=266622 Ack=141 Win=65024 Len=1448 TSval=2916032569 TSecr=3045552343 [TCP segment of a reassembled PDU]"
"3026","28.489329565","192.168.1.55","192.168.1.2","TCP","1514","8004  >  49782 [ACK] Seq=268070 Ack=141 Win=65024 Len=1448 TSval=2916032569 TSecr=3045552343 [TCP segment of a reassembled PDU]"
"3027","28.489331269","192.168.1.55","192.168.1.2","TCP","1514","8004  >  49782 [ACK] Seq=269518 Ack=141 Win=65024 Len=1448 TSval=2916032569 TSecr=3045552343 [TCP segment of a reassembled PDU]"
"3028","28.489332695","192.168.1.55","192.168.1.2","TCP","1514","8004  >  49782 [ACK] Seq=270966 Ack=141 Win=65024 Len=1448 TSval=2916032569 TSecr=3045552343 [TCP segment of a reassembled PDU]"
"3029","28.489334250","192.168.1.55","192.168.1.2","TCP","1514","8004  >  49782 [ACK] Seq=272414 Ack=141 Win=65024 Len=1448 TSval=2916032569 TSecr=3045552343 [TCP segment of a reassembled PDU]"
"3030","28.489335695","192.168.1.55","192.168.1.2","TCP","1514","8004  >  49782 [ACK] Seq=273862 Ack=141 Win=65024 Len=1448 TSval=2916032569 TSecr=3045552343 [TCP segment of a reassembled PDU]"
"3031","28.489337250","192.168.1.55","192.168.1.2","TCP","1514","8004  >  49782 [ACK] Seq=275310 Ack=141 Win=65024 Len=1448 TSval=2916032569 TSecr=3045552343 [TCP segment of a reassembled PDU]"
"3032","28.489338602","192.168.1.55","192.168.1.2","TCP","1514","8004  >  49782 [ACK] Seq=276758 Ack=141 Win=65024 Len=1448 TSval=2916032569 TSecr=3045552343 [TCP segment of a reassembled PDU]"
"3033","28.489340047","192.168.1.55","192.168.1.2","TCP","1514","8004  >  49782 [ACK] Seq=278206 Ack=141 Win=65024 Len=1448 TSval=2916032569 TSecr=3045552343 [TCP segment of a reassembled PDU]"
"3034","28.489341417","192.168.1.55","192.168.1.2","TCP","1514","8004  >  49782 [ACK] Seq=279654 Ack=141 Win=65024 Len=1448 TSval=2916032569 TSecr=3045552343 [TCP segment of a reassembled PDU]"
"3035","28.489342787","192.168.1.55","192.168.1.2","TCP","1514","8004  >  49782 [ACK] Seq=281102 Ack=141 Win=65024 Len=1448 TSval=2916032569 TSecr=3045552343 [TCP segment of a reassembled PDU]"
"3036","28.489344102","192.168.1.55","192.168.1.2","TCP","1514","8004  >  49782 [ACK] Seq=282550 Ack=141 Win=65024 Len=1448 TSval=2916032569 TSecr=3045552343 [TCP segment of a reassembled PDU]"
"3037","28.489345417","192.168.1.55","192.168.1.2","TCP","1514","8004  >  49782 [ACK] Seq=283998 Ack=141 Win=65024 Len=1448 TSval=2916032569 TSecr=3045552343 [TCP segment of a reassembled PDU]"
"3038","28.489346917","192.168.1.55","192.168.1.2","TCP","1514","8004  >  49782 [ACK] Seq=285446 Ack=141 Win=65024 Len=1448 TSval=2916032569 TSecr=3045552343 [TCP segment of a reassembled PDU]"
"3039","28.489348195","192.168.1.55","192.168.1.2","TCP","1514","8004  >  49782 [ACK] Seq=286894 Ack=141 Win=65024 Len=1448 TSval=2916032569 TSecr=3045552343 [TCP segment of a reassembled PDU]"
"3040","28.489349547","192.168.1.55","192.168.1.2","TCP","1514","8004  >  49782 [ACK] Seq=288342 Ack=141 Win=65024 Len=1448 TSval=2916032569 TSecr=3045552343 [TCP segment of a reassembled PDU]"
"3041","28.489350862","192.168.1.55","192.168.1.2","TCP","258","[TCP Window Full] 8004  >  49782 [PSH, ACK] Seq=289790 Ack=141 Win=65024 Len=192 TSval=2916032569 TSecr=3045552343 [TCP segment of a reassembled PDU]"
"3042","28.490542678","192.168.1.2","192.168.1.55","TCP","66","49782  >  8004 [ACK] Seq=141 Ack=186982 Win=107520 Len=0 TSval=3045552344 TSecr=2916032563"
"3043","28.490560604","192.168.1.55","192.168.1.2","TCP","1514","8004  >  49782 [ACK] Seq=289982 Ack=141 Win=65024 Len=1448 TSval=2916032571 TSecr=3045552344 [TCP segment of a reassembled PDU]"
"3044","28.490562567","192.168.1.55","192.168.1.2","TCP","1514","8004  >  49782 [ACK] Seq=291430 Ack=141 Win=65024 Len=1448 TSval=2916032571 TSecr=3045552344 [TCP segment of a reassembled PDU]"
"3045","28.490563919","192.168.1.55","192.168.1.2","TCP","1514","8004  >  49782 [PSH, ACK] Seq=292878 Ack=141 Win=65024 Len=1448 TSval=2916032571 TSecr=3045552344 [TCP segment of a reassembled PDU]"
"3046","28.490593271","192.168.1.2","192.168.1.55","TCP","66","49782  >  8004 [ACK] Seq=141 Ack=189878 Win=109568 Len=0 TSval=3045552344 TSecr=2916032563"
"3047","28.490604623","192.168.1.55","192.168.1.2","TCP","1514","8004  >  49782 [ACK] Seq=294326 Ack=141 Win=65024 Len=1448 TSval=2916032571 TSecr=3045552344 [TCP segment of a reassembled PDU]"
"3048","28.490606419","192.168.1.55","192.168.1.2","TCP","1514","8004  >  49782 [PSH, ACK] Seq=295774 Ack=141 Win=65024 Len=1448 TSval=2916032571 TSecr=3045552344 [TCP segment of a reassembled PDU]"
"3049","28.490612271","192.168.1.55","192.168.1.2","TCP","1322","8004  >  49782 [ACK] Seq=297222 Ack=141 Win=65024 Len=1256 TSval=2916032571 TSecr=3045552344 [TCP segment of a reassembled PDU]"
"3050","28.496723114","192.168.1.2","192.168.1.55","TCP","66","49782  >  8004 [ACK] Seq=141 Ack=192774 Win=109568 Len=0 TSval=3045552346 TSecr=2916032569"
"3051","28.496733929","192.168.1.55","192.168.1.2","TCP","1514","8004  >  49782 [ACK] Seq=298478 Ack=141 Win=65024 Len=1448 TSval=2916032577 TSecr=3045552346 [TCP segment of a reassembled PDU]"
"3052","28.496736503","192.168.1.55","192.168.1.2","TCP","1514","8004  >  49782 [PSH, ACK] Seq=299926 Ack=141 Win=65024 Len=1448 TSval=2916032577 TSecr=3045552346 [TCP segment of a reassembled PDU]"
"3053","28.498534561","192.168.1.2","192.168.1.55","TCP","66","49782  >  8004 [ACK] Seq=141 Ack=200014 Win=109568 Len=0 TSval=3045552352 TSecr=2916032569"
"3054","28.498546894","192.168.1.55","192.168.1.2","TCP","1514","8004  >  49782 [ACK] Seq=301374 Ack=141 Win=65024 Len=1448 TSval=2916032579 TSecr=3045552352 [TCP segment of a reassembled PDU]"
"3055","28.498549246","192.168.1.55","192.168.1.2","TCP","1514","8004  >  49782 [ACK] Seq=302822 Ack=141 Win=65024 Len=1448 TSval=2916032579 TSecr=3045552352 [TCP segment of a reassembled PDU]"
"3056","28.498550617","192.168.1.55","192.168.1.2","TCP","1514","8004  >  49782 [ACK] Seq=304270 Ack=141 Win=65024 Len=1448 TSval=2916032579 TSecr=3045552352 [TCP segment of a reassembled PDU]"
"3057","28.498551950","192.168.1.55","192.168.1.2","TCP","1514","8004  >  49782 [ACK] Seq=305718 Ack=141 Win=65024 Len=1448 TSval=2916032579 TSecr=3045552352 [TCP segment of a reassembled PDU]"
"3058","28.498553339","192.168.1.55","192.168.1.2","TCP","1514","8004  >  49782 [PSH, ACK] Seq=307166 Ack=141 Win=65024 Len=1448 TSval=2916032579 TSecr=3045552352 [TCP segment of a reassembled PDU]"
"3059","28.498873673","192.168.1.2","192.168.1.55","TCP","66","49782  >  8004 [ACK] Seq=141 Ack=202910 Win=115712 Len=0 TSval=3045552352 TSecr=2916032569"
"3060","28.498881265","192.168.1.2","192.168.1.55","TCP","66","49782  >  8004 [ACK] Seq=141 Ack=233318 Win=126976 Len=0 TSval=3045552353 TSecr=2916032569"
"3061","28.498909154","192.168.1.55","192.168.1.2","TCP","1514","8004  >  49782 [ACK] Seq=308614 Ack=141 Win=65024 Len=1448 TSval=2916032579 TSecr=3045552353 [TCP segment of a reassembled PDU]"
"3062","28.498911673","192.168.1.55","192.168.1.2","TCP","1514","8004  >  49782 [ACK] Seq=310062 Ack=141 Win=65024 Len=1448 TSval=2916032579 TSecr=3045552353 [TCP segment of a reassembled PDU]"
"3063","28.498913099","192.168.1.55","192.168.1.2","TCP","1514","8004  >  49782 [ACK] Seq=311510 Ack=141 Win=65024 Len=1448 TSval=2916032579 TSecr=3045552353 [TCP segment of a reassembled PDU]"
"3064","28.498914543","192.168.1.55","192.168.1.2","TCP","1514","8004  >  49782 [ACK] Seq=312958 Ack=141 Win=65024 Len=1448 TSval=2916032579 TSecr=3045552353 [TCP segment of a reassembled PDU]"
"3065","28.498915969","192.168.1.55","192.168.1.2","TCP","1514","8004  >  49782 [ACK] Seq=314406 Ack=141 Win=65024 Len=1448 TSval=2916032579 TSecr=3045552353 [TCP segment of a reassembled PDU]"
"3066","28.498917302","192.168.1.55","192.168.1.2","TCP","1514","8004  >  49782 [ACK] Seq=315854 Ack=141 Win=65024 Len=1448 TSval=2916032579 TSecr=3045552353 [TCP segment of a reassembled PDU]"
"3067","28.498918728","192.168.1.55","192.168.1.2","TCP","1514","8004  >  49782 [ACK] Seq=317302 Ack=141 Win=65024 Len=1448 TSval=2916032579 TSecr=3045552353 [TCP segment of a reassembled PDU]"
"3068","28.498920080","192.168.1.55","192.168.1.2","TCP","1514","8004  >  49782 [ACK] Seq=318750 Ack=141 Win=65024 Len=1448 TSval=2916032579 TSecr=3045552353 [TCP segment of a reassembled PDU]"
"3069","28.498921525","192.168.1.55","192.168.1.2","TCP","1514","8004  >  49782 [ACK] Seq=320198 Ack=141 Win=65024 Len=1448 TSval=2916032579 TSecr=3045552353 [TCP segment of a reassembled PDU]"
"3070","28.498923302","192.168.1.55","192.168.1.2","TCP","1514","8004  >  49782 [ACK] Seq=321646 Ack=141 Win=65024 Len=1448 TSval=2916032579 TSecr=3045552353 [TCP segment of a reassembled PDU]"
"3071","28.498924691","192.168.1.55","192.168.1.2","TCP","1514","8004  >  49782 [ACK] Seq=323094 Ack=141 Win=65024 Len=1448 TSval=2916032579 TSecr=3045552353 [TCP segment of a reassembled PDU]"
"3072","28.498926080","192.168.1.55","192.168.1.2","TCP","1514","8004  >  49782 [ACK] Seq=324542 Ack=141 Win=65024 Len=1448 TSval=2916032579 TSecr=3045552353 [TCP segment of a reassembled PDU]"
"3073","28.498927525","192.168.1.55","192.168.1.2","TCP","1514","8004  >  49782 [ACK] Seq=325990 Ack=141 Win=65024 Len=1448 TSval=2916032579 TSecr=3045552353 [TCP segment of a reassembled PDU]"
"3074","28.498929006","192.168.1.55","192.168.1.2","TCP","1514","8004  >  49782 [ACK] Seq=327438 Ack=141 Win=65024 Len=1448 TSval=2916032579 TSecr=3045552353 [TCP segment of a reassembled PDU]"
"3075","28.498930414","192.168.1.55","192.168.1.2","TCP","1514","8004  >  49782 [ACK] Seq=328886 Ack=141 Win=65024 Len=1448 TSval=2916032579 TSecr=3045552353 [TCP segment of a reassembled PDU]"
"3076","28.498931821","192.168.1.55","192.168.1.2","TCP","1514","8004  >  49782 [ACK] Seq=330334 Ack=141 Win=65024 Len=1448 TSval=2916032579 TSecr=3045552353 [TCP segment of a reassembled PDU]"
"3077","28.498933228","192.168.1.55","192.168.1.2","TCP","1514","8004  >  49782 [ACK] Seq=331782 Ack=141 Win=65024 Len=1448 TSval=2916032579 TSecr=3045552353 [TCP segment of a reassembled PDU]"
"3078","28.498934636","192.168.1.55","192.168.1.2","TCP","1514","8004  >  49782 [ACK] Seq=333230 Ack=141 Win=65024 Len=1448 TSval=2916032579 TSecr=3045552353 [TCP segment of a reassembled PDU]"
"3079","28.498936006","192.168.1.55","192.168.1.2","TCP","1514","8004  >  49782 [ACK] Seq=334678 Ack=141 Win=65024 Len=1448 TSval=2916032579 TSecr=3045552353 [TCP segment of a reassembled PDU]"
"3080","28.498937451","192.168.1.55","192.168.1.2","TCP","1514","8004  >  49782 [ACK] Seq=336126 Ack=141 Win=65024 Len=1448 TSval=2916032579 TSecr=3045552353 [TCP segment of a reassembled PDU]"
"3081","28.498939043","192.168.1.55","192.168.1.2","TCP","1514","8004  >  49782 [ACK] Seq=337574 Ack=141 Win=65024 Len=1448 TSval=2916032579 TSecr=3045552353 [TCP segment of a reassembled PDU]"
"3082","28.498940339","192.168.1.55","192.168.1.2","TCP","1514","8004  >  49782 [ACK] Seq=339022 Ack=141 Win=65024 Len=1448 TSval=2916032579 TSecr=3045552353 [TCP segment of a reassembled PDU]"
"3083","28.498941895","192.168.1.55","192.168.1.2","TCP","1514","8004  >  49782 [ACK] Seq=340470 Ack=141 Win=65024 Len=1448 TSval=2916032579 TSecr=3045552353 [TCP segment of a reassembled PDU]"
"3084","28.498943302","192.168.1.55","192.168.1.2","TCP","1514","8004  >  49782 [PSH, ACK] Seq=341918 Ack=141 Win=65024 Len=1448 TSval=2916032579 TSecr=3045552353 [TCP segment of a reassembled PDU]"
"3085","28.498948136","192.168.1.2","192.168.1.55","TCP","66","49782  >  8004 [ACK] Seq=141 Ack=253590 Win=126976 Len=0 TSval=3045552353 TSecr=2916032569"
"3086","28.498954710","192.168.1.2","192.168.1.55","TCP","66","49782  >  8004 [ACK] Seq=141 Ack=294326 Win=92160 Len=0 TSval=3045552353 TSecr=2916032569"
"3087","28.498989969","192.168.1.55","192.168.1.2","TCP","1514","8004  >  49782 [ACK] Seq=343366 Ack=141 Win=65024 Len=1448 TSval=2916032579 TSecr=3045552353 [TCP segment of a reassembled PDU]"
"3088","28.498991784","192.168.1.55","192.168.1.2","TCP","1514","8004  >  49782 [ACK] Seq=344814 Ack=141 Win=65024 Len=1448 TSval=2916032579 TSecr=3045552353 [TCP segment of a reassembled PDU]"
"3089","28.498993099","192.168.1.55","192.168.1.2","TCP","1514","8004  >  49782 [ACK] Seq=346262 Ack=141 Win=65024 Len=1448 TSval=2916032579 TSecr=3045552353 [TCP segment of a reassembled PDU]"
"3090","28.498994469","192.168.1.55","192.168.1.2","TCP","1514","8004  >  49782 [ACK] Seq=347710 Ack=141 Win=65024 Len=1448 TSval=2916032579 TSecr=3045552353 [TCP segment of a reassembled PDU]"
"3091","28.498995747","192.168.1.55","192.168.1.2","TCP","1514","8004  >  49782 [ACK] Seq=349158 Ack=141 Win=65024 Len=1448 TSval=2916032579 TSecr=3045552353 [TCP segment of a reassembled PDU]"
"3092","28.498997210","192.168.1.55","192.168.1.2","TCP","1514","8004  >  49782 [ACK] Seq=350606 Ack=141 Win=65024 Len=1448 TSval=2916032579 TSecr=3045552353 [TCP segment of a reassembled PDU]"
"3093","28.498998488","192.168.1.55","192.168.1.2","TCP","1514","8004  >  49782 [ACK] Seq=352054 Ack=141 Win=65024 Len=1448 TSval=2916032579 TSecr=3045552353 [TCP segment of a reassembled PDU]"
"3094","28.498999821","192.168.1.55","192.168.1.2","TCP","1514","8004  >  49782 [ACK] Seq=353502 Ack=141 Win=65024 Len=1448 TSval=2916032579 TSecr=3045552353 [TCP segment of a reassembled PDU]"
"3095","28.499001395","192.168.1.55","192.168.1.2","TCP","1514","8004  >  49782 [ACK] Seq=354950 Ack=141 Win=65024 Len=1448 TSval=2916032579 TSecr=3045552353 [TCP segment of a reassembled PDU]"
"3096","28.499002691","192.168.1.55","192.168.1.2","TCP","1514","8004  >  49782 [ACK] Seq=356398 Ack=141 Win=65024 Len=1448 TSval=2916032579 TSecr=3045552353 [TCP segment of a reassembled PDU]"
"3097","28.499004117","192.168.1.55","192.168.1.2","TCP","1514","8004  >  49782 [ACK] Seq=357846 Ack=141 Win=65024 Len=1448 TSval=2916032579 TSecr=3045552353 [TCP segment of a reassembled PDU]"
"3098","28.499005506","192.168.1.55","192.168.1.2","TCP","1514","8004  >  49782 [ACK] Seq=359294 Ack=141 Win=65024 Len=1448 TSval=2916032579 TSecr=3045552353 [TCP segment of a reassembled PDU]"
"3099","28.499006969","192.168.1.55","192.168.1.2","TCP","1514","8004  >  49782 [ACK] Seq=360742 Ack=141 Win=65024 Len=1448 TSval=2916032579 TSecr=3045552353 [TCP segment of a reassembled PDU]"
"3100","28.499008340","192.168.1.55","192.168.1.2","TCP","1514","8004  >  49782 [ACK] Seq=362190 Ack=141 Win=65024 Len=1448 TSval=2916032579 TSecr=3045552353 [TCP segment of a reassembled PDU]"
"3101","28.499009840","192.168.1.55","192.168.1.2","TCP","1514","8004  >  49782 [ACK] Seq=363638 Ack=141 Win=65024 Len=1448 TSval=2916032579 TSecr=3045552353 [TCP segment of a reassembled PDU]"
"3102","28.499011228","192.168.1.55","192.168.1.2","TCP","1514","8004  >  49782 [ACK] Seq=365086 Ack=141 Win=65024 Len=1448 TSval=2916032579 TSecr=3045552353 [TCP segment of a reassembled PDU]"
"3103","28.499012543","192.168.1.55","192.168.1.2","TCP","1514","8004  >  49782 [ACK] Seq=366534 Ack=141 Win=65024 Len=1448 TSval=2916032579 TSecr=3045552353 [TCP segment of a reassembled PDU]"
"3104","28.499013951","192.168.1.55","192.168.1.2","TCP","1514","8004  >  49782 [ACK] Seq=367982 Ack=141 Win=65024 Len=1448 TSval=2916032579 TSecr=3045552353 [TCP segment of a reassembled PDU]"
"3105","28.499015395","192.168.1.55","192.168.1.2","TCP","1514","8004  >  49782 [ACK] Seq=369430 Ack=141 Win=65024 Len=1448 TSval=2916032579 TSecr=3045552353 [TCP segment of a reassembled PDU]"
"3106","28.499016654","192.168.1.55","192.168.1.2","TCP","1514","8004  >  49782 [ACK] Seq=370878 Ack=141 Win=65024 Len=1448 TSval=2916032579 TSecr=3045552353 [TCP segment of a reassembled PDU]"
"3107","28.499018025","192.168.1.55","192.168.1.2","TCP","1514","8004  >  49782 [ACK] Seq=372326 Ack=141 Win=65024 Len=1448 TSval=2916032579 TSecr=3045552353 [TCP segment of a reassembled PDU]"
"3108","28.499019358","192.168.1.55","192.168.1.2","TCP","1514","8004  >  49782 [ACK] Seq=373774 Ack=141 Win=65024 Len=1448 TSval=2916032579 TSecr=3045552353 [TCP segment of a reassembled PDU]"
"3109","28.499020821","192.168.1.55","192.168.1.2","TCP","1514","8004  >  49782 [ACK] Seq=375222 Ack=141 Win=65024 Len=1448 TSval=2916032579 TSecr=3045552353 [TCP segment of a reassembled PDU]"
"3110","28.499022247","192.168.1.55","192.168.1.2","TCP","1514","8004  >  49782 [ACK] Seq=376670 Ack=141 Win=65024 Len=1448 TSval=2916032579 TSecr=3045552353 [TCP segment of a reassembled PDU]"
"3111","28.499023506","192.168.1.55","192.168.1.2","TCP","1514","8004  >  49782 [ACK] Seq=378118 Ack=141 Win=65024 Len=1448 TSval=2916032579 TSecr=3045552353 [TCP segment of a reassembled PDU]"
"3112","28.499025080","192.168.1.55","192.168.1.2","TCP","1514","8004  >  49782 [ACK] Seq=379566 Ack=141 Win=65024 Len=1448 TSval=2916032579 TSecr=3045552353 [TCP segment of a reassembled PDU]"
"3113","28.499026506","192.168.1.55","192.168.1.2","TCP","1514","8004  >  49782 [ACK] Seq=381014 Ack=141 Win=65024 Len=1448 TSval=2916032579 TSecr=3045552353 [TCP segment of a reassembled PDU]"
"3114","28.499027821","192.168.1.55","192.168.1.2","TCP","1514","8004  >  49782 [ACK] Seq=382462 Ack=141 Win=65024 Len=1448 TSval=2916032579 TSecr=3045552353 [TCP segment of a reassembled PDU]"
"3115","28.499029247","192.168.1.55","192.168.1.2","TCP","1514","8004  >  49782 [PSH, ACK] Seq=383910 Ack=141 Win=65024 Len=1448 TSval=2916032579 TSecr=3045552353 [TCP segment of a reassembled PDU]"
"3116","28.499061099","192.168.1.2","192.168.1.55","TCP","66","49782  >  8004 [ACK] Seq=141 Ack=297222 Win=133120 Len=0 TSval=3045552354 TSecr=2916032571"
"3117","28.499149877","192.168.1.2","192.168.1.55","TCP","66","49782  >  8004 [ACK] Seq=141 Ack=298478 Win=136192 Len=0 TSval=3045552354 TSecr=2916032571"
"3118","28.499155951","192.168.1.2","192.168.1.55","TCP","66","49782  >  8004 [ACK] Seq=141 Ack=301374 Win=141312 Len=0 TSval=3045552354 TSecr=2916032577"
"3119","28.499165599","192.168.1.55","192.168.1.2","TCP","1514","8004  >  49782 [ACK] Seq=385358 Ack=141 Win=65024 Len=1448 TSval=2916032579 TSecr=3045552354 [TCP segment of a reassembled PDU]"
"3120","28.499167395","192.168.1.55","192.168.1.2","TCP","1514","8004  >  49782 [PSH, ACK] Seq=386806 Ack=141 Win=65024 Len=1448 TSval=2916032579 TSecr=3045552354 [TCP segment of a reassembled PDU]"
"3121","28.499207266","192.168.1.55","192.168.1.2","TCP","1514","8004  >  49782 [ACK] Seq=388254 Ack=141 Win=65024 Len=1448 TSval=2916032579 TSecr=3045552354 [TCP segment of a reassembled PDU]"
"3122","28.499209099","192.168.1.55","192.168.1.2","TCP","1514","8004  >  49782 [ACK] Seq=389702 Ack=141 Win=65024 Len=1448 TSval=2916032579 TSecr=3045552354 [TCP segment of a reassembled PDU]"
"3123","28.499210544","192.168.1.55","192.168.1.2","TCP","1514","8004  >  49782 [ACK] Seq=391150 Ack=141 Win=65024 Len=1448 TSval=2916032579 TSecr=3045552354 [TCP segment of a reassembled PDU]"
"3124","28.499211821","192.168.1.55","192.168.1.2","TCP","1514","8004  >  49782 [ACK] Seq=392598 Ack=141 Win=65024 Len=1448 TSval=2916032579 TSecr=3045552354 [TCP segment of a reassembled PDU]"
"3125","28.499213099","192.168.1.55","192.168.1.2","TCP","1514","8004  >  49782 [ACK] Seq=394046 Ack=141 Win=65024 Len=1448 TSval=2916032579 TSecr=3045552354 [TCP segment of a reassembled PDU]"
"3126","28.499214470","192.168.1.55","192.168.1.2","TCP","1514","8004  >  49782 [ACK] Seq=395494 Ack=141 Win=65024 Len=1448 TSval=2916032579 TSecr=3045552354 [TCP segment of a reassembled PDU]"
"3127","28.499215747","192.168.1.55","192.168.1.2","TCP","1514","8004  >  49782 [ACK] Seq=396942 Ack=141 Win=65024 Len=1448 TSval=2916032579 TSecr=3045552354 [TCP segment of a reassembled PDU]"
"3128","28.499217118","192.168.1.55","192.168.1.2","TCP","1514","8004  >  49782 [ACK] Seq=398390 Ack=141 Win=65024 Len=1448 TSval=2916032579 TSecr=3045552354 [TCP segment of a reassembled PDU]"
"3129","28.499218729","192.168.1.55","192.168.1.2","TCP","1514","8004  >  49782 [ACK] Seq=399838 Ack=141 Win=65024 Len=1448 TSval=2916032579 TSecr=3045552354 [TCP segment of a reassembled PDU]"
"3130","28.499220081","192.168.1.55","192.168.1.2","TCP","1514","8004  >  49782 [ACK] Seq=401286 Ack=141 Win=65024 Len=1448 TSval=2916032579 TSecr=3045552354 [TCP segment of a reassembled PDU]"
"3131","28.499221821","192.168.1.55","192.168.1.2","TCP","1514","8004  >  49782 [ACK] Seq=402734 Ack=141 Win=65024 Len=1448 TSval=2916032579 TSecr=3045552354 [TCP segment of a reassembled PDU]"
"3132","28.499223099","192.168.1.55","192.168.1.2","TCP","1514","8004  >  49782 [ACK] Seq=404182 Ack=141 Win=65024 Len=1448 TSval=2916032579 TSecr=3045552354 [TCP segment of a reassembled PDU]"
"3133","28.499224544","192.168.1.55","192.168.1.2","TCP","1514","8004  >  49782 [ACK] Seq=405630 Ack=141 Win=65024 Len=1448 TSval=2916032579 TSecr=3045552354 [TCP segment of a reassembled PDU]"
"3134","28.499225821","192.168.1.55","192.168.1.2","TCP","1514","8004  >  49782 [ACK] Seq=407078 Ack=141 Win=65024 Len=1448 TSval=2916032579 TSecr=3045552354 [TCP segment of a reassembled PDU]"
"3135","28.499227118","192.168.1.55","192.168.1.2","TCP","1514","8004  >  49782 [ACK] Seq=408526 Ack=141 Win=65024 Len=1448 TSval=2916032579 TSecr=3045552354 [TCP segment of a reassembled PDU]"
"3136","28.499228488","192.168.1.55","192.168.1.2","TCP","1514","8004  >  49782 [ACK] Seq=409974 Ack=141 Win=65024 Len=1448 TSval=2916032579 TSecr=3045552354 [TCP segment of a reassembled PDU]"
"3137","28.499229766","192.168.1.55","192.168.1.2","TCP","1514","8004  >  49782 [ACK] Seq=411422 Ack=141 Win=65024 Len=1448 TSval=2916032579 TSecr=3045552354 [TCP segment of a reassembled PDU]"
"3138","28.499231044","192.168.1.55","192.168.1.2","TCP","1514","8004  >  49782 [ACK] Seq=412870 Ack=141 Win=65024 Len=1448 TSval=2916032579 TSecr=3045552354 [TCP segment of a reassembled PDU]"
"3139","28.499232340","192.168.1.55","192.168.1.2","TCP","1514","8004  >  49782 [ACK] Seq=414318 Ack=141 Win=65024 Len=1448 TSval=2916032579 TSecr=3045552354 [TCP segment of a reassembled PDU]"
"3140","28.499233599","192.168.1.55","192.168.1.2","TCP","1514","8004  >  49782 [ACK] Seq=415766 Ack=141 Win=65024 Len=1448 TSval=2916032579 TSecr=3045552354 [TCP segment of a reassembled PDU]"
"3141","28.499235007","192.168.1.55","192.168.1.2","TCP","1514","8004  >  49782 [ACK] Seq=417214 Ack=141 Win=65024 Len=1448 TSval=2916032579 TSecr=3045552354 [TCP segment of a reassembled PDU]"
"3142","28.499236451","192.168.1.55","192.168.1.2","TCP","1514","8004  >  49782 [ACK] Seq=418662 Ack=141 Win=65024 Len=1448 TSval=2916032579 TSecr=3045552354 [TCP segment of a reassembled PDU]"
"3143","28.499237840","192.168.1.55","192.168.1.2","TCP","1514","8004  >  49782 [ACK] Seq=420110 Ack=141 Win=65024 Len=1448 TSval=2916032579 TSecr=3045552354 [TCP segment of a reassembled PDU]"
"3144","28.499239229","192.168.1.55","192.168.1.2","TCP","1514","8004  >  49782 [ACK] Seq=421558 Ack=141 Win=65024 Len=1448 TSval=2916032579 TSecr=3045552354 [TCP segment of a reassembled PDU]"
"3145","28.499240507","192.168.1.55","192.168.1.2","TCP","1514","8004  >  49782 [ACK] Seq=423006 Ack=141 Win=65024 Len=1448 TSval=2916032579 TSecr=3045552354 [TCP segment of a reassembled PDU]"
"3146","28.499241858","192.168.1.55","192.168.1.2","TCP","1514","8004  >  49782 [ACK] Seq=424454 Ack=141 Win=65024 Len=1448 TSval=2916032579 TSecr=3045552354 [TCP segment of a reassembled PDU]"
"3147","28.499243340","192.168.1.55","192.168.1.2","TCP","1514","8004  >  49782 [ACK] Seq=425902 Ack=141 Win=65024 Len=1448 TSval=2916032579 TSecr=3045552354 [TCP segment of a reassembled PDU]"
"3148","28.499244692","192.168.1.55","192.168.1.2","TCP","1514","8004  >  49782 [ACK] Seq=427350 Ack=141 Win=65024 Len=1448 TSval=2916032579 TSecr=3045552354 [TCP segment of a reassembled PDU]"
"3149","28.499246229","192.168.1.55","192.168.1.2","TCP","1514","8004  >  49782 [ACK] Seq=428798 Ack=141 Win=65024 Len=1448 TSval=2916032579 TSecr=3045552354 [TCP segment of a reassembled PDU]"
"3150","28.499247599","192.168.1.55","192.168.1.2","TCP","1514","8004  >  49782 [ACK] Seq=430246 Ack=141 Win=65024 Len=1448 TSval=2916032579 TSecr=3045552354 [TCP segment of a reassembled PDU]"
"3151","28.499248988","192.168.1.55","192.168.1.2","TCP","1514","8004  >  49782 [PSH, ACK] Seq=431694 Ack=141 Win=65024 Len=1448 TSval=2916032579 TSecr=3045552354 [TCP segment of a reassembled PDU]"
"3152","28.500440620","192.168.1.55","192.168.1.2","TCP","1514","8004  >  49782 [ACK] Seq=433142 Ack=141 Win=65024 Len=1448 TSval=2916032581 TSecr=3045552354 [TCP segment of a reassembled PDU]"
"3153","28.500443545","192.168.1.55","192.168.1.2","TCP","1514","8004  >  49782 [ACK] Seq=434590 Ack=141 Win=65024 Len=1448 TSval=2916032581 TSecr=3045552354 [TCP segment of a reassembled PDU]"
"3154","28.500447453","192.168.1.55","192.168.1.2","TCP","1514","8004  >  49782 [ACK] Seq=436038 Ack=141 Win=65024 Len=1448 TSval=2916032581 TSecr=3045552354 [TCP segment of a reassembled PDU]"
"3155","28.500448749","192.168.1.55","192.168.1.2","TCP","1514","8004  >  49782 [ACK] Seq=437486 Ack=141 Win=65024 Len=1448 TSval=2916032581 TSecr=3045552354 [TCP segment of a reassembled PDU]"
"3156","28.500450120","192.168.1.55","192.168.1.2","TCP","1514","8004  >  49782 [ACK] Seq=438934 Ack=141 Win=65024 Len=1448 TSval=2916032581 TSecr=3045552354 [TCP segment of a reassembled PDU]"
"3157","28.500451749","192.168.1.55","192.168.1.2","TCP","1514","8004  >  49782 [ACK] Seq=440382 Ack=141 Win=65024 Len=1448 TSval=2916032581 TSecr=3045552354 [TCP segment of a reassembled PDU]"
"3158","28.500453027","192.168.1.55","192.168.1.2","TCP","922","[TCP Window Full] 8004  >  49782 [PSH, ACK] Seq=441830 Ack=141 Win=65024 Len=856 TSval=2916032581 TSecr=3045552354 [TCP segment of a reassembled PDU]"
"3159","28.509384893","192.168.1.2","192.168.1.55","TCP","66","49782  >  8004 [ACK] Seq=141 Ack=308614 Win=156672 Len=0 TSval=3045552360 TSecr=2916032579"
"3160","28.509422967","192.168.1.55","192.168.1.2","TCP","1514","8004  >  49782 [ACK] Seq=442686 Ack=141 Win=65024 Len=1448 TSval=2916032590 TSecr=3045552360 [TCP segment of a reassembled PDU]"
"3161","28.509426652","192.168.1.55","192.168.1.2","TCP","1514","8004  >  49782 [ACK] Seq=444134 Ack=141 Win=65024 Len=1448 TSval=2916032590 TSecr=3045552360 [TCP segment of a reassembled PDU]"
"3162","28.509428115","192.168.1.55","192.168.1.2","TCP","1514","8004  >  49782 [ACK] Seq=445582 Ack=141 Win=65024 Len=1448 TSval=2916032590 TSecr=3045552360 [TCP segment of a reassembled PDU]"
"3163","28.509429837","192.168.1.55","192.168.1.2","TCP","1514","8004  >  49782 [ACK] Seq=447030 Ack=141 Win=65024 Len=1448 TSval=2916032590 TSecr=3045552360 [TCP segment of a reassembled PDU]"
"3164","28.509431245","192.168.1.55","192.168.1.2","TCP","1514","8004  >  49782 [ACK] Seq=448478 Ack=141 Win=65024 Len=1448 TSval=2916032590 TSecr=3045552360 [TCP segment of a reassembled PDU]"
"3165","28.509432726","192.168.1.55","192.168.1.2","TCP","1514","8004  >  49782 [ACK] Seq=449926 Ack=141 Win=65024 Len=1448 TSval=2916032590 TSecr=3045552360 [TCP segment of a reassembled PDU]"
"3166","28.509434078","192.168.1.55","192.168.1.2","TCP","1514","8004  >  49782 [ACK] Seq=451374 Ack=141 Win=65024 Len=1448 TSval=2916032590 TSecr=3045552360 [TCP segment of a reassembled PDU]"
"3167","28.509435430","192.168.1.55","192.168.1.2","TCP","1514","8004  >  49782 [ACK] Seq=452822 Ack=141 Win=65024 Len=1448 TSval=2916032590 TSecr=3045552360 [TCP segment of a reassembled PDU]"
"3168","28.509437208","192.168.1.55","192.168.1.2","TCP","1514","8004  >  49782 [ACK] Seq=454270 Ack=141 Win=65024 Len=1448 TSval=2916032590 TSecr=3045552360 [TCP segment of a reassembled PDU]"
"3169","28.509438559","192.168.1.55","192.168.1.2","TCP","1514","8004  >  49782 [ACK] Seq=455718 Ack=141 Win=65024 Len=1448 TSval=2916032590 TSecr=3045552360 [TCP segment of a reassembled PDU]"
"3170","28.509439874","192.168.1.55","192.168.1.2","TCP","1514","8004  >  49782 [ACK] Seq=457166 Ack=141 Win=65024 Len=1448 TSval=2916032590 TSecr=3045552360 [TCP segment of a reassembled PDU]"
"3171","28.509441319","192.168.1.55","192.168.1.2","TCP","1514","8004  >  49782 [ACK] Seq=458614 Ack=141 Win=65024 Len=1448 TSval=2916032590 TSecr=3045552360 [TCP segment of a reassembled PDU]"
"3172","28.509442782","192.168.1.55","192.168.1.2","TCP","1514","8004  >  49782 [ACK] Seq=460062 Ack=141 Win=65024 Len=1448 TSval=2916032590 TSecr=3045552360 [TCP segment of a reassembled PDU]"
"3173","28.509444263","192.168.1.55","192.168.1.2","TCP","1514","8004  >  49782 [ACK] Seq=461510 Ack=141 Win=65024 Len=1448 TSval=2916032590 TSecr=3045552360 [TCP segment of a reassembled PDU]"
"3174","28.509445559","192.168.1.55","192.168.1.2","TCP","1514","8004  >  49782 [PSH, ACK] Seq=462958 Ack=141 Win=65024 Len=1448 TSval=2916032590 TSecr=3045552360 [TCP segment of a reassembled PDU]"
"3175","28.510110005","192.168.1.2","192.168.1.55","TCP","66","49782  >  8004 [ACK] Seq=141 Ack=314406 Win=167936 Len=0 TSval=3045552360 TSecr=2916032579"
"3176","28.510125931","192.168.1.55","192.168.1.2","TCP","1514","8004  >  49782 [ACK] Seq=464406 Ack=141 Win=65024 Len=1448 TSval=2916032590 TSecr=3045552360 [TCP segment of a reassembled PDU]"
"3177","28.510127727","192.168.1.55","192.168.1.2","TCP","1514","8004  >  49782 [ACK] Seq=465854 Ack=141 Win=65024 Len=1448 TSval=2916032590 TSecr=3045552360 [TCP segment of a reassembled PDU]"
"3178","28.510129227","192.168.1.55","192.168.1.2","TCP","1514","8004  >  49782 [ACK] Seq=467302 Ack=141 Win=65024 Len=1448 TSval=2916032590 TSecr=3045552360 [TCP segment of a reassembled PDU]"
"3179","28.510134986","192.168.1.55","192.168.1.2","TCP","1514","8004  >  49782 [ACK] Seq=468750 Ack=141 Win=65024 Len=1448 TSval=2916032590 TSecr=3045552360 [TCP segment of a reassembled PDU]"
"3180","28.510136653","192.168.1.55","192.168.1.2","TCP","1514","8004  >  49782 [ACK] Seq=470198 Ack=141 Win=65024 Len=1448 TSval=2916032590 TSecr=3045552360 [TCP segment of a reassembled PDU]"
"3181","28.510138061","192.168.1.55","192.168.1.2","TCP","1514","8004  >  49782 [ACK] Seq=471646 Ack=141 Win=65024 Len=1448 TSval=2916032590 TSecr=3045552360 [TCP segment of a reassembled PDU]"
"3182","28.510139320","192.168.1.55","192.168.1.2","TCP","1514","8004  >  49782 [ACK] Seq=473094 Ack=141 Win=65024 Len=1448 TSval=2916032590 TSecr=3045552360 [TCP segment of a reassembled PDU]"
"3183","28.510140616","192.168.1.55","192.168.1.2","TCP","1514","8004  >  49782 [ACK] Seq=474542 Ack=141 Win=65024 Len=1448 TSval=2916032590 TSecr=3045552360 [TCP segment of a reassembled PDU]"
"3184","28.510141894","192.168.1.55","192.168.1.2","TCP","1514","8004  >  49782 [PSH, ACK] Seq=475990 Ack=141 Win=65024 Len=1448 TSval=2916032590 TSecr=3045552360 [TCP segment of a reassembled PDU]"
"3185","28.510147338","192.168.1.55","192.168.1.2","TCP","658","8004  >  49782 [ACK] Seq=477438 Ack=141 Win=65024 Len=592 TSval=2916032590 TSecr=3045552360 [TCP segment of a reassembled PDU]"
"3186","28.510151246","192.168.1.2","192.168.1.55","TCP","66","49782  >  8004 [ACK] Seq=141 Ack=343366 Win=176128 Len=0 TSval=3045552360 TSecr=2916032579"
"3187","28.510171857","192.168.1.55","192.168.1.2","TCP","1514","8004  >  49782 [ACK] Seq=478030 Ack=141 Win=65024 Len=1448 TSval=2916032590 TSecr=3045552360 [TCP segment of a reassembled PDU]"
"3188","28.510173561","192.168.1.55","192.168.1.2","TCP","1514","8004  >  49782 [ACK] Seq=479478 Ack=141 Win=65024 Len=1448 TSval=2916032590 TSecr=3045552360 [TCP segment of a reassembled PDU]"
"3189","28.510175005","192.168.1.55","192.168.1.2","TCP","1514","8004  >  49782 [ACK] Seq=480926 Ack=141 Win=65024 Len=1448 TSval=2916032590 TSecr=3045552360 [TCP segment of a reassembled PDU]"
"3190","28.510176412","192.168.1.55","192.168.1.2","TCP","1514","8004  >  49782 [ACK] Seq=482374 Ack=141 Win=65024 Len=1448 TSval=2916032590 TSecr=3045552360 [TCP segment of a reassembled PDU]"
"3191","28.510177764","192.168.1.55","192.168.1.2","TCP","1514","8004  >  49782 [ACK] Seq=483822 Ack=141 Win=65024 Len=1448 TSval=2916032590 TSecr=3045552360 [TCP segment of a reassembled PDU]"
"3192","28.510179172","192.168.1.55","192.168.1.2","TCP","1514","8004  >  49782 [ACK] Seq=485270 Ack=141 Win=65024 Len=1448 TSval=2916032590 TSecr=3045552360 [TCP segment of a reassembled PDU]"
"3193","28.510180542","192.168.1.55","192.168.1.2","TCP","1514","8004  >  49782 [ACK] Seq=486718 Ack=141 Win=65024 Len=1448 TSval=2916032590 TSecr=3045552360 [TCP segment of a reassembled PDU]"
"3194","28.510182061","192.168.1.55","192.168.1.2","TCP","1514","8004  >  49782 [ACK] Seq=488166 Ack=141 Win=65024 Len=1448 TSval=2916032590 TSecr=3045552360 [TCP segment of a reassembled PDU]"
"3195","28.510183431","192.168.1.55","192.168.1.2","TCP","1514","8004  >  49782 [ACK] Seq=489614 Ack=141 Win=65024 Len=1448 TSval=2916032590 TSecr=3045552360 [TCP segment of a reassembled PDU]"
"3196","28.510184857","192.168.1.55","192.168.1.2","TCP","1514","8004  >  49782 [ACK] Seq=491062 Ack=141 Win=65024 Len=1448 TSval=2916032590 TSecr=3045552360 [TCP segment of a reassembled PDU]"
"3197","28.510186153","192.168.1.55","192.168.1.2","TCP","1514","8004  >  49782 [ACK] Seq=492510 Ack=141 Win=65024 Len=1448 TSval=2916032590 TSecr=3045552360 [TCP segment of a reassembled PDU]"
"3198","28.510187653","192.168.1.55","192.168.1.2","TCP","1514","8004  >  49782 [ACK] Seq=493958 Ack=141 Win=65024 Len=1448 TSval=2916032590 TSecr=3045552360 [TCP segment of a reassembled PDU]"
"3199","28.510188931","192.168.1.55","192.168.1.2","TCP","1514","8004  >  49782 [ACK] Seq=495406 Ack=141 Win=65024 Len=1448 TSval=2916032590 TSecr=3045552360 [TCP segment of a reassembled PDU]"
"3200","28.510191098","192.168.1.55","192.168.1.2","TCP","1514","8004  >  49782 [PSH, ACK] Seq=496854 Ack=141 Win=65024 Len=1448 TSval=2916032590 TSecr=3045552360 [TCP segment of a reassembled PDU]"
"3201","28.510195672","192.168.1.55","192.168.1.2","HTTP","1472","HTTP/1.0 200 OK  (PNG)"
"3202","28.510199468","192.168.1.2","192.168.1.55","TCP","66","49782  >  8004 [ACK] Seq=141 Ack=385358 Win=163840 Len=0 TSval=3045552360 TSecr=2916032579"
"3203","28.510207394","192.168.1.2","192.168.1.55","TCP","66","49782  >  8004 [ACK] Seq=141 Ack=391150 Win=158720 Len=0 TSval=3045552360 TSecr=2916032579"
"3204","28.511384414","192.168.1.2","192.168.1.55","TCP","66","49782  >  8004 [ACK] Seq=141 Ack=424454 Win=169984 Len=0 TSval=3045552364 TSecr=2916032579"
"3205","28.511554229","192.168.1.2","192.168.1.55","TCP","66","49782  >  8004 [ACK] Seq=141 Ack=433142 Win=193536 Len=0 TSval=3045552365 TSecr=2916032579"
"3206","28.511561655","192.168.1.2","192.168.1.55","TCP","66","49782  >  8004 [ACK] Seq=141 Ack=436038 Win=192512 Len=0 TSval=3045552365 TSecr=2916032581"
"3207","28.511566544","192.168.1.2","192.168.1.55","TCP","66","49782  >  8004 [ACK] Seq=141 Ack=442686 Win=195584 Len=0 TSval=3045552366 TSecr=2916032581"
"3208","28.511785433","192.168.1.2","192.168.1.55","TCP","66","49782  >  8004 [ACK] Seq=141 Ack=457166 Win=224256 Len=0 TSval=3045552367 TSecr=2916032590"
"3209","28.514859086","192.168.1.2","192.168.1.55","TCP","66","49782  >  8004 [ACK] Seq=141 Ack=464406 Win=238592 Len=0 TSval=3045552370 TSecr=2916032590"
"3210","28.514988624","192.168.1.2","192.168.1.55","TCP","66","49782  >  8004 [ACK] Seq=141 Ack=477438 Win=257024 Len=0 TSval=3045552370 TSecr=2916032590"
"3211","28.514995383","192.168.1.2","192.168.1.55","TCP","66","49782  >  8004 [ACK] Seq=141 Ack=489614 Win=257024 Len=0 TSval=3045552370 TSecr=2916032590"
"3212","28.515598680","192.168.1.2","192.168.1.55","TCP","66","49782  >  8004 [ACK] Seq=141 Ack=498302 Win=266240 Len=0 TSval=3045552370 TSecr=2916032590"
"3213","28.517077127","192.168.1.2","192.168.1.55","TCP","66","49782  >  8004 [FIN, ACK] Seq=141 Ack=499709 Win=269312 Len=0 TSval=3045552371 TSecr=2916032590"
"3214","28.517089238","192.168.1.55","192.168.1.2","TCP","66","8004  >  49782 [ACK] Seq=499709 Ack=142 Win=65024 Len=0 TSval=2916032597 TSecr=3045552371"
"3215","28.517204997","192.168.1.2","192.168.1.55","TCP","74","49796  >  8004 [SYN] Seq=0 Win=64240 Len=0 MSS=1460 SACK_PERM TSval=3045552372 TSecr=0 WS=1024"
"3216","28.517230849","192.168.1.55","192.168.1.2","TCP","74","8004  >  49796 [SYN, ACK] Seq=0 Ack=1 Win=65160 Len=0 MSS=1460 SACK_PERM TSval=2916032597 TSecr=3045552372 WS=128"
"3217","28.520322928","192.168.1.2","192.168.1.55","TCP","66","49796  >  8004 [ACK] Seq=1 Ack=1 Win=64512 Len=0 TSval=3045552375 TSecr=2916032597"
"3218","28.523525970","192.168.1.2","192.168.1.55","HTTP","209","GET /original_benchmark.png HTTP/1.1 "
"3219","28.523536915","192.168.1.55","192.168.1.2","TCP","66","8004  >  49796 [ACK] Seq=1 Ack=144 Win=65024 Len=0 TSval=2916032604 TSecr=3045552375"
"3220","28.524006397","192.168.1.55","192.168.1.2","TCP","255","8004  >  49796 [PSH, ACK] Seq=1 Ack=144 Win=65024 Len=189 TSval=2916032604 TSecr=3045552375 [TCP segment of a reassembled PDU]"
"3221","28.524093138","192.168.1.55","192.168.1.2","TCP","1514","8004  >  49796 [ACK] Seq=190 Ack=144 Win=65024 Len=1448 TSval=2916032604 TSecr=3045552375 [TCP segment of a reassembled PDU]"
"3222","28.524098897","192.168.1.55","192.168.1.2","TCP","1514","8004  >  49796 [ACK] Seq=1638 Ack=144 Win=65024 Len=1448 TSval=2916032604 TSecr=3045552375 [TCP segment of a reassembled PDU]"
"3223","28.524100304","192.168.1.55","192.168.1.2","TCP","1514","8004  >  49796 [ACK] Seq=3086 Ack=144 Win=65024 Len=1448 TSval=2916032604 TSecr=3045552375 [TCP segment of a reassembled PDU]"
"3224","28.524101897","192.168.1.55","192.168.1.2","TCP","1514","8004  >  49796 [ACK] Seq=4534 Ack=144 Win=65024 Len=1448 TSval=2916032604 TSecr=3045552375 [TCP segment of a reassembled PDU]"
"3225","28.524103823","192.168.1.55","192.168.1.2","TCP","1514","8004  >  49796 [PSH, ACK] Seq=5982 Ack=144 Win=65024 Len=1448 TSval=2916032604 TSecr=3045552375 [TCP segment of a reassembled PDU]"
"3226","28.524119638","192.168.1.55","192.168.1.2","TCP","1514","8004  >  49796 [ACK] Seq=7430 Ack=144 Win=65024 Len=1448 TSval=2916032604 TSecr=3045552375 [TCP segment of a reassembled PDU]"
"3227","28.524121193","192.168.1.55","192.168.1.2","TCP","1514","8004  >  49796 [ACK] Seq=8878 Ack=144 Win=65024 Len=1448 TSval=2916032604 TSecr=3045552375 [TCP segment of a reassembled PDU]"
"3228","28.524122490","192.168.1.55","192.168.1.2","TCP","1514","8004  >  49796 [ACK] Seq=10326 Ack=144 Win=65024 Len=1448 TSval=2916032604 TSecr=3045552375 [TCP segment of a reassembled PDU]"
"3229","28.524123730","192.168.1.55","192.168.1.2","TCP","1514","8004  >  49796 [PSH, ACK] Seq=11774 Ack=144 Win=65024 Len=1448 TSval=2916032604 TSecr=3045552375 [TCP segment of a reassembled PDU]"
"3230","28.527455143","192.168.1.2","192.168.1.55","TCP","66","49796  >  8004 [ACK] Seq=144 Ack=190 Win=64512 Len=0 TSval=3045552382 TSecr=2916032604"
"3231","28.527477328","192.168.1.55","192.168.1.2","TCP","1514","8004  >  49796 [ACK] Seq=13222 Ack=144 Win=65024 Len=1448 TSval=2916032608 TSecr=3045552382 [TCP segment of a reassembled PDU]"
"3232","28.527480884","192.168.1.55","192.168.1.2","TCP","1514","8004  >  49796 [PSH, ACK] Seq=14670 Ack=144 Win=65024 Len=1448 TSval=2916032608 TSecr=3045552382 [TCP segment of a reassembled PDU]"
"3233","28.527704180","192.168.1.2","192.168.1.55","TCP","66","49796  >  8004 [ACK] Seq=144 Ack=3086 Win=70656 Len=0 TSval=3045552382 TSecr=2916032604"
"3234","28.527711829","192.168.1.2","192.168.1.55","TCP","66","49796  >  8004 [ACK] Seq=144 Ack=5982 Win=76800 Len=0 TSval=3045552382 TSecr=2916032604"
"3235","28.527725884","192.168.1.55","192.168.1.2","TCP","1514","8004  >  49796 [ACK] Seq=16118 Ack=144 Win=65024 Len=1448 TSval=2916032608 TSecr=3045552382 [TCP segment of a reassembled PDU]"
"3236","28.527727588","192.168.1.55","192.168.1.2","TCP","1514","8004  >  49796 [ACK] Seq=17566 Ack=144 Win=65024 Len=1448 TSval=2916032608 TSecr=3045552382 [TCP segment of a reassembled PDU]"
"3237","28.527728866","192.168.1.55","192.168.1.2","TCP","1514","8004  >  49796 [ACK] Seq=19014 Ack=144 Win=65024 Len=1448 TSval=2916032608 TSecr=3045552382 [TCP segment of a reassembled PDU]"
"3238","28.527730199","192.168.1.55","192.168.1.2","TCP","1514","8004  >  49796 [ACK] Seq=20462 Ack=144 Win=65024 Len=1448 TSval=2916032608 TSecr=3045552382 [TCP segment of a reassembled PDU]"
"3239","28.527731588","192.168.1.55","192.168.1.2","TCP","1514","8004  >  49796 [ACK] Seq=21910 Ack=144 Win=65024 Len=1448 TSval=2916032608 TSecr=3045552382 [TCP segment of a reassembled PDU]"
"3240","28.527732903","192.168.1.55","192.168.1.2","TCP","1514","8004  >  49796 [ACK] Seq=23358 Ack=144 Win=65024 Len=1448 TSval=2916032608 TSecr=3045552382 [TCP segment of a reassembled PDU]"
"3241","28.527734292","192.168.1.55","192.168.1.2","TCP","1514","8004  >  49796 [PSH, ACK] Seq=24806 Ack=144 Win=65024 Len=1448 TSval=2916032608 TSecr=3045552382 [TCP segment of a reassembled PDU]"
"3242","28.527738606","192.168.1.2","192.168.1.55","TCP","66","49796  >  8004 [ACK] Seq=144 Ack=7430 Win=79872 Len=0 TSval=3045552383 TSecr=2916032604"
"3243","28.527744310","192.168.1.2","192.168.1.55","TCP","66","49796  >  8004 [ACK] Seq=144 Ack=13222 Win=84992 Len=0 TSval=3045552383 TSecr=2916032604"
"3244","28.527762069","192.168.1.55","192.168.1.2","TCP","1514","8004  >  49796 [ACK] Seq=26254 Ack=144 Win=65024 Len=1448 TSval=2916032608 TSecr=3045552383 [TCP segment of a reassembled PDU]"
"3245","28.527763921","192.168.1.55","192.168.1.2","TCP","1514","8004  >  49796 [ACK] Seq=27702 Ack=144 Win=65024 Len=1448 TSval=2916032608 TSecr=3045552383 [TCP segment of a reassembled PDU]"
"3246","28.527765384","192.168.1.55","192.168.1.2","TCP","1514","8004  >  49796 [ACK] Seq=29150 Ack=144 Win=65024 Len=1448 TSval=2916032608 TSecr=3045552383 [TCP segment of a reassembled PDU]"
"3247","28.527766773","192.168.1.55","192.168.1.2","TCP","1514","8004  >  49796 [ACK] Seq=30598 Ack=144 Win=65024 Len=1448 TSval=2916032608 TSecr=3045552383 [TCP segment of a reassembled PDU]"
"3248","28.527768255","192.168.1.55","192.168.1.2","TCP","1514","8004  >  49796 [ACK] Seq=32046 Ack=144 Win=65024 Len=1448 TSval=2916032608 TSecr=3045552383 [TCP segment of a reassembled PDU]"
"3249","28.527769532","192.168.1.55","192.168.1.2","TCP","1514","8004  >  49796 [ACK] Seq=33494 Ack=144 Win=65024 Len=1448 TSval=2916032608 TSecr=3045552383 [TCP segment of a reassembled PDU]"
"3250","28.527770921","192.168.1.55","192.168.1.2","TCP","1514","8004  >  49796 [ACK] Seq=34942 Ack=144 Win=65024 Len=1448 TSval=2916032608 TSecr=3045552383 [TCP segment of a reassembled PDU]"
"3251","28.527772366","192.168.1.55","192.168.1.2","TCP","1514","8004  >  49796 [ACK] Seq=36390 Ack=144 Win=65024 Len=1448 TSval=2916032608 TSecr=3045552383 [TCP segment of a reassembled PDU]"
"3252","28.527773792","192.168.1.55","192.168.1.2","TCP","1514","8004  >  49796 [ACK] Seq=37838 Ack=144 Win=65024 Len=1448 TSval=2916032608 TSecr=3045552383 [TCP segment of a reassembled PDU]"
"3253","28.527775181","192.168.1.55","192.168.1.2","TCP","1514","8004  >  49796 [PSH, ACK] Seq=39286 Ack=144 Win=65024 Len=1448 TSval=2916032608 TSecr=3045552383 [TCP segment of a reassembled PDU]"
"3254","28.528445256","192.168.1.55","192.168.1.2","TCP","1514","8004  >  49796 [ACK] Seq=40734 Ack=144 Win=65024 Len=1448 TSval=2916032609 TSecr=3045552383 [TCP segment of a reassembled PDU]"
"3255","28.531840650","192.168.1.2","192.168.1.55","TCP","66","49796  >  8004 [ACK] Seq=144 Ack=16118 Win=90112 Len=0 TSval=3045552386 TSecr=2916032608"
"3256","28.531874594","192.168.1.55","192.168.1.2","TCP","1514","8004  >  49796 [ACK] Seq=42182 Ack=144 Win=65024 Len=1448 TSval=2916032612 TSecr=3045552386 [TCP segment of a reassembled PDU]"
"3257","28.531879094","192.168.1.55","192.168.1.2","TCP","1514","8004  >  49796 [PSH, ACK] Seq=43630 Ack=144 Win=65024 Len=1448 TSval=2916032612 TSecr=3045552386 [TCP segment of a reassembled PDU]"
"3258","28.532095576","192.168.1.2","192.168.1.55","TCP","66","49796  >  8004 [ACK] Seq=144 Ack=26254 Win=83968 Len=0 TSval=3045552386 TSecr=2916032608"
"3259","28.532121447","192.168.1.55","192.168.1.2","TCP","1514","8004  >  49796 [ACK] Seq=45078 Ack=144 Win=65024 Len=1448 TSval=2916032612 TSecr=3045552386 [TCP segment of a reassembled PDU]"
"3260","28.532123669","192.168.1.55","192.168.1.2","TCP","1514","8004  >  49796 [ACK] Seq=46526 Ack=144 Win=65024 Len=1448 TSval=2916032612 TSecr=3045552386 [TCP segment of a reassembled PDU]"
"3261","28.532125058","192.168.1.55","192.168.1.2","TCP","1514","8004  >  49796 [ACK] Seq=47974 Ack=144 Win=65024 Len=1448 TSval=2916032612 TSecr=3045552386 [TCP segment of a reassembled PDU]"
"3262","28.532126502","192.168.1.55","192.168.1.2","TCP","1514","8004  >  49796 [ACK] Seq=49422 Ack=144 Win=65024 Len=1448 TSval=2916032612 TSecr=3045552386 [TCP segment of a reassembled PDU]"
"3263","28.532127780","192.168.1.55","192.168.1.2","TCP","1514","8004  >  49796 [ACK] Seq=50870 Ack=144 Win=65024 Len=1448 TSval=2916032612 TSecr=3045552386 [TCP segment of a reassembled PDU]"
"3264","28.532129447","192.168.1.55","192.168.1.2","TCP","1514","8004  >  49796 [ACK] Seq=52318 Ack=144 Win=65024 Len=1448 TSval=2916032612 TSecr=3045552386 [TCP segment of a reassembled PDU]"
"3265","28.532130835","192.168.1.55","192.168.1.2","TCP","1514","8004  >  49796 [ACK] Seq=53766 Ack=144 Win=65024 Len=1448 TSval=2916032612 TSecr=3045552386 [TCP segment of a reassembled PDU]"
"3266","28.532132428","192.168.1.55","192.168.1.2","TCP","1514","8004  >  49796 [ACK] Seq=55214 Ack=144 Win=65024 Len=1448 TSval=2916032612 TSecr=3045552386 [TCP segment of a reassembled PDU]"
"3267","28.532133817","192.168.1.55","192.168.1.2","TCP","1514","8004  >  49796 [ACK] Seq=56662 Ack=144 Win=65024 Len=1448 TSval=2916032612 TSecr=3045552386 [TCP segment of a reassembled PDU]"
"3268","28.532135224","192.168.1.55","192.168.1.2","TCP","1514","8004  >  49796 [ACK] Seq=58110 Ack=144 Win=65024 Len=1448 TSval=2916032612 TSecr=3045552386 [TCP segment of a reassembled PDU]"
"3269","28.532136595","192.168.1.55","192.168.1.2","TCP","1514","8004  >  49796 [ACK] Seq=59558 Ack=144 Win=65024 Len=1448 TSval=2916032612 TSecr=3045552386 [TCP segment of a reassembled PDU]"
"3270","28.532138021","192.168.1.55","192.168.1.2","TCP","1514","8004  >  49796 [ACK] Seq=61006 Ack=144 Win=65024 Len=1448 TSval=2916032612 TSecr=3045552386 [TCP segment of a reassembled PDU]"
"3271","28.532139354","192.168.1.55","192.168.1.2","TCP","1514","8004  >  49796 [ACK] Seq=62454 Ack=144 Win=65024 Len=1448 TSval=2916032612 TSecr=3045552386 [TCP segment of a reassembled PDU]"
"3272","28.532140817","192.168.1.55","192.168.1.2","TCP","1514","8004  >  49796 [PSH, ACK] Seq=63902 Ack=144 Win=65024 Len=1448 TSval=2916032612 TSecr=3045552386 [TCP segment of a reassembled PDU]"
"3273","28.532146150","192.168.1.2","192.168.1.55","TCP","66","49796  >  8004 [ACK] Seq=144 Ack=32046 Win=78848 Len=0 TSval=3045552386 TSecr=2916032608"
"3274","28.532163799","192.168.1.55","192.168.1.2","TCP","1514","8004  >  49796 [ACK] Seq=65350 Ack=144 Win=65024 Len=1448 TSval=2916032612 TSecr=3045552386 [TCP segment of a reassembled PDU]"
"3275","28.532165484","192.168.1.55","192.168.1.2","TCP","1514","8004  >  49796 [ACK] Seq=66798 Ack=144 Win=65024 Len=1448 TSval=2916032612 TSecr=3045552386 [TCP segment of a reassembled PDU]"
"3276","28.532166873","192.168.1.55","192.168.1.2","TCP","1514","8004  >  49796 [ACK] Seq=68246 Ack=144 Win=65024 Len=1448 TSval=2916032612 TSecr=3045552386 [TCP segment of a reassembled PDU]"
"3277","28.532168187","192.168.1.55","192.168.1.2","TCP","1514","8004  >  49796 [ACK] Seq=69694 Ack=144 Win=65024 Len=1448 TSval=2916032612 TSecr=3045552386 [TCP segment of a reassembled PDU]"
"3278","28.532169539","192.168.1.55","192.168.1.2","TCP","1514","8004  >  49796 [ACK] Seq=71142 Ack=144 Win=65024 Len=1448 TSval=2916032612 TSecr=3045552386 [TCP segment of a reassembled PDU]"
"3279","28.532170799","192.168.1.55","192.168.1.2","TCP","1514","8004  >  49796 [ACK] Seq=72590 Ack=144 Win=65024 Len=1448 TSval=2916032612 TSecr=3045552386 [TCP segment of a reassembled PDU]"
"3280","28.532172132","192.168.1.55","192.168.1.2","TCP","1514","8004  >  49796 [ACK] Seq=74038 Ack=144 Win=65024 Len=1448 TSval=2916032612 TSecr=3045552386 [TCP segment of a reassembled PDU]"
"3281","28.532173558","192.168.1.55","192.168.1.2","TCP","1514","8004  >  49796 [PSH, ACK] Seq=75486 Ack=144 Win=65024 Len=1448 TSval=2916032612 TSecr=3045552386 [TCP segment of a reassembled PDU]"
"3282","28.532180243","192.168.1.2","192.168.1.55","TCP","66","49796  >  8004 [ACK] Seq=144 Ack=40734 Win=84992 Len=0 TSval=3045552387 TSecr=2916032608"
"3283","28.532217280","192.168.1.55","192.168.1.2","TCP","1514","8004  >  49796 [ACK] Seq=76934 Ack=144 Win=65024 Len=1448 TSval=2916032612 TSecr=3045552387 [TCP segment of a reassembled PDU]"
"3284","28.532220336","192.168.1.55","192.168.1.2","TCP","1514","8004  >  49796 [ACK] Seq=78382 Ack=144 Win=65024 Len=1448 TSval=2916032612 TSecr=3045552387 [TCP segment of a reassembled PDU]"
"3285","28.532222225","192.168.1.55","192.168.1.2","TCP","1514","8004  >  49796 [ACK] Seq=79830 Ack=144 Win=65024 Len=1448 TSval=2916032612 TSecr=3045552387 [TCP segment of a reassembled PDU]"
"3286","28.532223910","192.168.1.55","192.168.1.2","TCP","1514","8004  >  49796 [ACK] Seq=81278 Ack=144 Win=65024 Len=1448 TSval=2916032612 TSecr=3045552387 [TCP segment of a reassembled PDU]"
"3287","28.532225613","192.168.1.55","192.168.1.2","TCP","1514","8004  >  49796 [ACK] Seq=82726 Ack=144 Win=65024 Len=1448 TSval=2916032612 TSecr=3045552387 [TCP segment of a reassembled PDU]"
"3288","28.532227428","192.168.1.55","192.168.1.2","TCP","1514","8004  >  49796 [ACK] Seq=84174 Ack=144 Win=65024 Len=1448 TSval=2916032612 TSecr=3045552387 [TCP segment of a reassembled PDU]"
"3289","28.532229243","192.168.1.55","192.168.1.2","TCP","1514","8004  >  49796 [ACK] Seq=85622 Ack=144 Win=65024 Len=1448 TSval=2916032612 TSecr=3045552387 [TCP segment of a reassembled PDU]"
"3290","28.532230799","192.168.1.55","192.168.1.2","TCP","1514","8004  >  49796 [ACK] Seq=87070 Ack=144 Win=65024 Len=1448 TSval=2916032612 TSecr=3045552387 [TCP segment of a reassembled PDU]"
"3291","28.532232410","192.168.1.55","192.168.1.2","TCP","1514","8004  >  49796 [ACK] Seq=88518 Ack=144 Win=65024 Len=1448 TSval=2916032612 TSecr=3045552387 [TCP segment of a reassembled PDU]"
"3292","28.532234095","192.168.1.55","192.168.1.2","TCP","1514","8004  >  49796 [ACK] Seq=89966 Ack=144 Win=65024 Len=1448 TSval=2916032612 TSecr=3045552387 [TCP segment of a reassembled PDU]"
"3293","28.532235650","192.168.1.55","192.168.1.2","TCP","1514","8004  >  49796 [ACK] Seq=91414 Ack=144 Win=65024 Len=1448 TSval=2916032612 TSecr=3045552387 [TCP segment of a reassembled PDU]"
"3294","28.532237576","192.168.1.55","192.168.1.2","TCP","1514","8004  >  49796 [ACK] Seq=92862 Ack=144 Win=65024 Len=1448 TSval=2916032612 TSecr=3045552387 [TCP segment of a reassembled PDU]"
"3295","28.532239447","192.168.1.55","192.168.1.2","TCP","1514","8004  >  49796 [ACK] Seq=94310 Ack=144 Win=65024 Len=1448 TSval=2916032612 TSecr=3045552387 [TCP segment of a reassembled PDU]"
"3296","28.532241688","192.168.1.55","192.168.1.2","TCP","1514","8004  >  49796 [PSH, ACK] Seq=95758 Ack=144 Win=65024 Len=1448 TSval=2916032612 TSecr=3045552387 [TCP segment of a reassembled PDU]"
"3297","28.532247058","192.168.1.2","192.168.1.55","TCP","66","49796  >  8004 [ACK] Seq=144 Ack=42182 Win=83968 Len=0 TSval=3045552387 TSecr=2916032609"
"3298","28.533507393","192.168.1.55","192.168.1.2","TCP","1514","8004  >  49796 [ACK] Seq=97206 Ack=144 Win=65024 Len=1448 TSval=2916032614 TSecr=3045552387 [TCP segment of a reassembled PDU]"
"3299","28.533511801","192.168.1.55","192.168.1.2","TCP","1514","8004  >  49796 [PSH, ACK] Seq=98654 Ack=144 Win=65024 Len=1448 TSval=2916032614 TSecr=3045552387 [TCP segment of a reassembled PDU]"
"3300","28.537462992","192.168.1.2","192.168.1.55","TCP","66","49796  >  8004 [ACK] Seq=144 Ack=45078 Win=88064 Len=0 TSval=3045552391 TSecr=2916032612"
"3301","28.537486048","192.168.1.55","192.168.1.2","TCP","1514","8004  >  49796 [ACK] Seq=100102 Ack=144 Win=65024 Len=1448 TSval=2916032618 TSecr=3045552391 [TCP segment of a reassembled PDU]"
"3302","28.537489270","192.168.1.55","192.168.1.2","TCP","1514","8004  >  49796 [ACK] Seq=101550 Ack=144 Win=65024 Len=1448 TSval=2916032618 TSecr=3045552391 [TCP segment of a reassembled PDU]"
"3303","28.537490473","192.168.1.55","192.168.1.2","TCP","1514","8004  >  49796 [ACK] Seq=102998 Ack=144 Win=65024 Len=1448 TSval=2916032618 TSecr=3045552391 [TCP segment of a reassembled PDU]"
"3304","28.537491770","192.168.1.55","192.168.1.2","TCP","1514","8004  >  49796 [PSH, ACK] Seq=104446 Ack=144 Win=65024 Len=1448 TSval=2916032618 TSecr=3045552391 [TCP segment of a reassembled PDU]"
"3305","28.537763233","192.168.1.2","192.168.1.55","TCP","66","49796  >  8004 [ACK] Seq=144 Ack=65350 Win=69632 Len=0 TSval=3045552391 TSecr=2916032612"
"3306","28.537782048","192.168.1.55","192.168.1.2","TCP","1514","8004  >  49796 [ACK] Seq=105894 Ack=144 Win=65024 Len=1448 TSval=2916032618 TSecr=3045552391 [TCP segment of a reassembled PDU]"
"3307","28.537785678","192.168.1.55","192.168.1.2","TCP","1514","8004  >  49796 [ACK] Seq=107342 Ack=144 Win=65024 Len=1448 TSval=2916032618 TSecr=3045552391 [TCP segment of a reassembled PDU]"
"3308","28.537787141","192.168.1.55","192.168.1.2","TCP","1514","8004  >  49796 [ACK] Seq=108790 Ack=144 Win=65024 Len=1448 TSval=2916032618 TSecr=3045552391 [TCP segment of a reassembled PDU]"
"3309","28.537788252","192.168.1.55","192.168.1.2","TCP","1514","8004  >  49796 [ACK] Seq=110238 Ack=144 Win=65024 Len=1448 TSval=2916032618 TSecr=3045552391 [TCP segment of a reassembled PDU]"
"3310","28.537789511","192.168.1.55","192.168.1.2","TCP","1514","8004  >  49796 [ACK] Seq=111686 Ack=144 Win=65024 Len=1448 TSval=2916032618 TSecr=3045552391 [TCP segment of a reassembled PDU]"
"3311","28.537791067","192.168.1.55","192.168.1.2","TCP","1514","8004  >  49796 [ACK] Seq=113134 Ack=144 Win=65024 Len=1448 TSval=2916032618 TSecr=3045552391 [TCP segment of a reassembled PDU]"
"3312","28.537792715","192.168.1.55","192.168.1.2","TCP","1514","8004  >  49796 [ACK] Seq=114582 Ack=144 Win=65024 Len=1448 TSval=2916032618 TSecr=3045552391 [TCP segment of a reassembled PDU]"
"3313","28.537793992","192.168.1.55","192.168.1.2","TCP","1514","8004  >  49796 [ACK] Seq=116030 Ack=144 Win=65024 Len=1448 TSval=2916032618 TSecr=3045552391 [TCP segment of a reassembled PDU]"
"3314","28.537795826","192.168.1.55","192.168.1.2","TCP","1514","8004  >  49796 [PSH, ACK] Seq=117478 Ack=144 Win=65024 Len=1448 TSval=2916032618 TSecr=3045552391 [TCP segment of a reassembled PDU]"
"3315","28.537801863","192.168.1.2","192.168.1.55","TCP","66","49796  >  8004 [ACK] Seq=144 Ack=66798 Win=68608 Len=0 TSval=3045552391 TSecr=2916032612"
"3316","28.537809104","192.168.1.2","192.168.1.55","TCP","66","49796  >  8004 [ACK] Seq=144 Ack=76934 Win=59392 Len=0 TSval=3045552392 TSecr=2916032612"
"3317","28.537866307","192.168.1.2","192.168.1.55","TCP","66","49796  >  8004 [ACK] Seq=144 Ack=91414 Win=45056 Len=0 TSval=3045552392 TSecr=2916032612"
"3318","28.537904715","192.168.1.55","192.168.1.2","TCP","1514","8004  >  49796 [ACK] Seq=118926 Ack=144 Win=65024 Len=1448 TSval=2916032618 TSecr=3045552392 [TCP segment of a reassembled PDU]"
"3319","28.537907844","192.168.1.55","192.168.1.2","TCP","1514","8004  >  49796 [ACK] Seq=120374 Ack=144 Win=65024 Len=1448 TSval=2916032618 TSecr=3045552392 [TCP segment of a reassembled PDU]"
"3320","28.537909956","192.168.1.55","192.168.1.2","TCP","1514","8004  >  49796 [ACK] Seq=121822 Ack=144 Win=65024 Len=1448 TSval=2916032618 TSecr=3045552392 [TCP segment of a reassembled PDU]"
"3321","28.537911752","192.168.1.55","192.168.1.2","TCP","1514","8004  >  49796 [ACK] Seq=123270 Ack=144 Win=65024 Len=1448 TSval=2916032618 TSecr=3045552392 [TCP segment of a reassembled PDU]"
"3322","28.537913141","192.168.1.55","192.168.1.2","TCP","1514","8004  >  49796 [ACK] Seq=124718 Ack=144 Win=65024 Len=1448 TSval=2916032618 TSecr=3045552392 [TCP segment of a reassembled PDU]"
"3323","28.537914659","192.168.1.55","192.168.1.2","TCP","1514","8004  >  49796 [ACK] Seq=126166 Ack=144 Win=65024 Len=1448 TSval=2916032618 TSecr=3045552392 [TCP segment of a reassembled PDU]"
"3324","28.537917474","192.168.1.55","192.168.1.2","TCP","1514","8004  >  49796 [ACK] Seq=127614 Ack=144 Win=65024 Len=1448 TSval=2916032618 TSecr=3045552392 [TCP segment of a reassembled PDU]"
"3325","28.537920011","192.168.1.55","192.168.1.2","TCP","1514","8004  >  49796 [ACK] Seq=129062 Ack=144 Win=65024 Len=1448 TSval=2916032618 TSecr=3045552392 [TCP segment of a reassembled PDU]"
"3326","28.537921789","192.168.1.55","192.168.1.2","TCP","1514","8004  >  49796 [ACK] Seq=130510 Ack=144 Win=65024 Len=1448 TSval=2916032618 TSecr=3045552392 [TCP segment of a reassembled PDU]"
"3327","28.537922937","192.168.1.55","192.168.1.2","TCP","1514","8004  >  49796 [ACK] Seq=131958 Ack=144 Win=65024 Len=1448 TSval=2916032618 TSecr=3045552392 [TCP segment of a reassembled PDU]"
"3328","28.537924400","192.168.1.55","192.168.1.2","TCP","1514","8004  >  49796 [ACK] Seq=133406 Ack=144 Win=65024 Len=1448 TSval=2916032618 TSecr=3045552392 [TCP segment of a reassembled PDU]"
"3329","28.537926752","192.168.1.55","192.168.1.2","TCP","1514","8004  >  49796 [ACK] Seq=134854 Ack=144 Win=65024 Len=1448 TSval=2916032618 TSecr=3045552392 [TCP segment of a reassembled PDU]"
"3330","28.537928567","192.168.1.55","192.168.1.2","TCP","234","[TCP Window Full] 8004  >  49796 [PSH, ACK] Seq=136302 Ack=144 Win=65024 Len=168 TSval=2916032618 TSecr=3045552392 [TCP segment of a reassembled PDU]"
"3331","28.537934493","192.168.1.2","192.168.1.55","TCP","66","[TCP Window Update] 49796  >  8004 [ACK] Seq=144 Ack=91414 Win=90112 Len=0 TSval=3045552392 TSecr=2916032612"
"3332","28.538036271","192.168.1.55","192.168.1.2","TCP","1514","8004  >  49796 [ACK] Seq=136470 Ack=144 Win=65024 Len=1448 TSval=2916032618 TSecr=3045552392 [TCP segment of a reassembled PDU]"
"3333","28.538045271","192.168.1.55","192.168.1.2","TCP","1514","8004  >  49796 [ACK] Seq=137918 Ack=144 Win=65024 Len=1448 TSval=2916032618 TSecr=3045552392 [TCP segment of a reassembled PDU]"
"3334","28.538046456","192.168.1.55","192.168.1.2","TCP","1514","8004  >  49796 [ACK] Seq=139366 Ack=144 Win=65024 Len=1448 TSval=2916032618 TSecr=3045552392 [TCP segment of a reassembled PDU]"
"3335","28.538047863","192.168.1.55","192.168.1.2","TCP","1514","8004  >  49796 [ACK] Seq=140814 Ack=144 Win=65024 Len=1448 TSval=2916032618 TSecr=3045552392 [TCP segment of a reassembled PDU]"
"3336","28.538049215","192.168.1.55","192.168.1.2","TCP","1514","8004  >  49796 [ACK] Seq=142262 Ack=144 Win=65024 Len=1448 TSval=2916032618 TSecr=3045552392 [TCP segment of a reassembled PDU]"
"3337","28.538050660","192.168.1.55","192.168.1.2","TCP","1514","8004  >  49796 [ACK] Seq=143710 Ack=144 Win=65024 Len=1448 TSval=2916032618 TSecr=3045552392 [TCP segment of a reassembled PDU]"
"3338","28.538051845","192.168.1.55","192.168.1.2","TCP","1514","8004  >  49796 [ACK] Seq=145158 Ack=144 Win=65024 Len=1448 TSval=2916032618 TSecr=3045552392 [TCP segment of a reassembled PDU]"
"3339","28.538053678","192.168.1.55","192.168.1.2","TCP","1514","8004  >  49796 [ACK] Seq=146606 Ack=144 Win=65024 Len=1448 TSval=2916032618 TSecr=3045552392 [TCP segment of a reassembled PDU]"
"3340","28.538054919","192.168.1.55","192.168.1.2","TCP","1514","8004  >  49796 [ACK] Seq=148054 Ack=144 Win=65024 Len=1448 TSval=2916032618 TSecr=3045552392 [TCP segment of a reassembled PDU]"
"3341","28.538056382","192.168.1.55","192.168.1.2","TCP","1514","8004  >  49796 [ACK] Seq=149502 Ack=144 Win=65024 Len=1448 TSval=2916032618 TSecr=3045552392 [TCP segment of a reassembled PDU]"
"3342","28.538058234","192.168.1.55","192.168.1.2","TCP","1514","8004  >  49796 [ACK] Seq=150950 Ack=144 Win=65024 Len=1448 TSval=2916032618 TSecr=3045552392 [TCP segment of a reassembled PDU]"
"3343","28.538059641","192.168.1.55","192.168.1.2","TCP","1514","8004  >  49796 [ACK] Seq=152398 Ack=144 Win=65024 Len=1448 TSval=2916032618 TSecr=3045552392 [TCP segment of a reassembled PDU]"
"3344","28.538061456","192.168.1.55","192.168.1.2","TCP","1514","8004  >  49796 [ACK] Seq=153846 Ack=144 Win=65024 Len=1448 TSval=2916032618 TSecr=3045552392 [TCP segment of a reassembled PDU]"
"3345","28.538063011","192.168.1.55","192.168.1.2","TCP","1514","8004  >  49796 [ACK] Seq=155294 Ack=144 Win=65024 Len=1448 TSval=2916032618 TSecr=3045552392 [TCP segment of a reassembled PDU]"
"3346","28.538064215","192.168.1.55","192.168.1.2","TCP","1514","8004  >  49796 [ACK] Seq=156742 Ack=144 Win=65024 Len=1448 TSval=2916032618 TSecr=3045552392 [TCP segment of a reassembled PDU]"
"3347","28.538065400","192.168.1.55","192.168.1.2","TCP","1514","8004  >  49796 [PSH, ACK] Seq=158190 Ack=144 Win=65024 Len=1448 TSval=2916032618 TSecr=3045552392 [TCP segment of a reassembled PDU]"
"3348","28.538077382","192.168.1.55","192.168.1.2","TCP","1346","8004  >  49796 [ACK] Seq=159638 Ack=144 Win=65024 Len=1280 TSval=2916032618 TSecr=3045552392 [TCP segment of a reassembled PDU]"
"3349","28.540429311","192.168.1.2","192.168.1.55","TCP","66","49796  >  8004 [ACK] Seq=144 Ack=100102 Win=84992 Len=0 TSval=3045552393 TSecr=2916032612"
"3350","28.540473404","192.168.1.55","192.168.1.2","TCP","1514","8004  >  49796 [ACK] Seq=160918 Ack=144 Win=65024 Len=1448 TSval=2916032621 TSecr=3045552393 [TCP segment of a reassembled PDU]"
"3351","28.540477441","192.168.1.55","192.168.1.2","TCP","1514","8004  >  49796 [ACK] Seq=162366 Ack=144 Win=65024 Len=1448 TSval=2916032621 TSecr=3045552393 [TCP segment of a reassembled PDU]"
"3352","28.540478626","192.168.1.55","192.168.1.2","TCP","1514","8004  >  49796 [ACK] Seq=163814 Ack=144 Win=65024 Len=1448 TSval=2916032621 TSecr=3045552393 [TCP segment of a reassembled PDU]"
"3353","28.540479774","192.168.1.55","192.168.1.2","TCP","1514","8004  >  49796 [ACK] Seq=165262 Ack=144 Win=65024 Len=1448 TSval=2916032621 TSecr=3045552393 [TCP segment of a reassembled PDU]"
"3354","28.540480978","192.168.1.55","192.168.1.2","TCP","1514","8004  >  49796 [ACK] Seq=166710 Ack=144 Win=65024 Len=1448 TSval=2916032621 TSecr=3045552393 [TCP segment of a reassembled PDU]"
"3355","28.540482126","192.168.1.55","192.168.1.2","TCP","1514","8004  >  49796 [ACK] Seq=168158 Ack=144 Win=65024 Len=1448 TSval=2916032621 TSecr=3045552393 [TCP segment of a reassembled PDU]"
"3356","28.540483219","192.168.1.55","192.168.1.2","TCP","1514","8004  >  49796 [ACK] Seq=169606 Ack=144 Win=65024 Len=1448 TSval=2916032621 TSecr=3045552393 [TCP segment of a reassembled PDU]"
"3357","28.540484534","192.168.1.55","192.168.1.2","TCP","1514","8004  >  49796 [ACK] Seq=171054 Ack=144 Win=65024 Len=1448 TSval=2916032621 TSecr=3045552393 [TCP segment of a reassembled PDU]"
"3358","28.540485645","192.168.1.55","192.168.1.2","TCP","1514","8004  >  49796 [ACK] Seq=172502 Ack=144 Win=65024 Len=1448 TSval=2916032621 TSecr=3045552393 [TCP segment of a reassembled PDU]"
"3359","28.540486997","192.168.1.55","192.168.1.2","TCP","1514","8004  >  49796 [ACK] Seq=173950 Ack=144 Win=65024 Len=1448 TSval=2916032621 TSecr=3045552393 [TCP segment of a reassembled PDU]"
"3360","28.540488219","192.168.1.55","192.168.1.2","TCP","1514","8004  >  49796 [ACK] Seq=175398 Ack=144 Win=65024 Len=1448 TSval=2916032621 TSecr=3045552393 [TCP segment of a reassembled PDU]"
"3361","28.540489330","192.168.1.55","192.168.1.2","TCP","1514","8004  >  49796 [ACK] Seq=176846 Ack=144 Win=65024 Len=1448 TSval=2916032621 TSecr=3045552393 [TCP segment of a reassembled PDU]"
"3362","28.540490589","192.168.1.55","192.168.1.2","TCP","1514","8004  >  49796 [ACK] Seq=178294 Ack=144 Win=65024 Len=1448 TSval=2916032621 TSecr=3045552393 [TCP segment of a reassembled PDU]"
"3363","28.540492034","192.168.1.55","192.168.1.2","TCP","1514","8004  >  49796 [ACK] Seq=179742 Ack=144 Win=65024 Len=1448 TSval=2916032621 TSecr=3045552393 [TCP segment of a reassembled PDU]"
"3364","28.540493237","192.168.1.55","192.168.1.2","TCP","1514","8004  >  49796 [ACK] Seq=181190 Ack=144 Win=65024 Len=1448 TSval=2916032621 TSecr=3045552393 [TCP segment of a reassembled PDU]"
"3365","28.540494348","192.168.1.55","192.168.1.2","TCP","1514","8004  >  49796 [PSH, ACK] Seq=182638 Ack=144 Win=65024 Len=1448 TSval=2916032621 TSecr=3045552393 [TCP segment of a reassembled PDU]"
"3366","28.543788465","192.168.1.2","192.168.1.55","TCP","66","49796  >  8004 [ACK] Seq=144 Ack=104446 Win=96256 Len=0 TSval=3045552395 TSecr=2916032618"
"3367","28.543807650","192.168.1.55","192.168.1.2","TCP","1514","8004  >  49796 [ACK] Seq=184086 Ack=144 Win=65024 Len=1448 TSval=2916032624 TSecr=3045552395 [TCP segment of a reassembled PDU]"
"3368","28.543810261","192.168.1.55","192.168.1.2","TCP","1514","8004  >  49796 [ACK] Seq=185534 Ack=144 Win=65024 Len=1448 TSval=2916032624 TSecr=3045552395 [TCP segment of a reassembled PDU]"
"3369","28.543811483","192.168.1.55","192.168.1.2","TCP","1514","8004  >  49796 [ACK] Seq=186982 Ack=144 Win=65024 Len=1448 TSval=2916032624 TSecr=3045552395 [TCP segment of a reassembled PDU]"
"3370","28.543812872","192.168.1.55","192.168.1.2","TCP","1514","8004  >  49796 [ACK] Seq=188430 Ack=144 Win=65024 Len=1448 TSval=2916032624 TSecr=3045552395 [TCP segment of a reassembled PDU]"
"3371","28.543814150","192.168.1.55","192.168.1.2","TCP","1514","8004  >  49796 [ACK] Seq=189878 Ack=144 Win=65024 Len=1448 TSval=2916032624 TSecr=3045552395 [TCP segment of a reassembled PDU]"
"3372","28.543815391","192.168.1.55","192.168.1.2","TCP","1514","8004  >  49796 [ACK] Seq=191326 Ack=144 Win=65024 Len=1448 TSval=2916032624 TSecr=3045552395 [TCP segment of a reassembled PDU]"
"3373","28.543816687","192.168.1.55","192.168.1.2","TCP","1514","8004  >  49796 [ACK] Seq=192774 Ack=144 Win=65024 Len=1448 TSval=2916032624 TSecr=3045552395 [TCP segment of a reassembled PDU]"
"3374","28.543817891","192.168.1.55","192.168.1.2","TCP","1514","8004  >  49796 [ACK] Seq=194222 Ack=144 Win=65024 Len=1448 TSval=2916032624 TSecr=3045552395 [TCP segment of a reassembled PDU]"
"3375","28.543819206","192.168.1.55","192.168.1.2","TCP","1514","8004  >  49796 [ACK] Seq=195670 Ack=144 Win=65024 Len=1448 TSval=2916032624 TSecr=3045552395 [TCP segment of a reassembled PDU]"
"3376","28.543820483","192.168.1.55","192.168.1.2","TCP","1514","8004  >  49796 [ACK] Seq=197118 Ack=144 Win=65024 Len=1448 TSval=2916032624 TSecr=3045552395 [TCP segment of a reassembled PDU]"
"3377","28.543821687","192.168.1.55","192.168.1.2","TCP","1514","8004  >  49796 [PSH, ACK] Seq=198566 Ack=144 Win=65024 Len=1448 TSval=2916032624 TSecr=3045552395 [TCP segment of a reassembled PDU]"
"3378","28.544354354","192.168.1.2","192.168.1.55","TCP","66","49796  >  8004 [ACK] Seq=144 Ack=105894 Win=99328 Len=0 TSval=3045552398 TSecr=2916032618"
"3379","28.544364169","192.168.1.2","192.168.1.55","TCP","66","49796  >  8004 [ACK] Seq=144 Ack=120374 Win=86016 Len=0 TSval=3045552398 TSecr=2916032618"
"3380","28.544375299","192.168.1.55","192.168.1.2","TCP","1514","8004  >  49796 [ACK] Seq=200014 Ack=144 Win=65024 Len=1448 TSval=2916032625 TSecr=3045552398 [TCP segment of a reassembled PDU]"
"3381","28.544377336","192.168.1.55","192.168.1.2","TCP","1514","8004  >  49796 [ACK] Seq=201462 Ack=144 Win=65024 Len=1448 TSval=2916032625 TSecr=3045552398 [TCP segment of a reassembled PDU]"
"3382","28.544378947","192.168.1.55","192.168.1.2","TCP","1514","8004  >  49796 [ACK] Seq=202910 Ack=144 Win=65024 Len=1448 TSval=2916032625 TSecr=3045552398 [TCP segment of a reassembled PDU]"
"3383","28.544380188","192.168.1.55","192.168.1.2","TCP","1514","8004  >  49796 [PSH, ACK] Seq=204358 Ack=144 Win=65024 Len=1448 TSval=2916032625 TSecr=3045552398 [TCP segment of a reassembled PDU]"
"3384","28.544384392","192.168.1.2","192.168.1.55","TCP","66","49796  >  8004 [ACK] Seq=144 Ack=134854 Win=71680 Len=0 TSval=3045552398 TSecr=2916032618"
"3385","28.545230319","192.168.1.2","192.168.1.55","TCP","66","49796  >  8004 [ACK] Seq=144 Ack=136470 Win=100352 Len=0 TSval=3045552398 TSecr=2916032618"
"3386","28.545340004","192.168.1.2","192.168.1.55","TCP","66","49796  >  8004 [ACK] Seq=144 Ack=153846 Win=84992 Len=0 TSval=3045552399 TSecr=2916032618"
"3387","28.545370449","192.168.1.55","192.168.1.2","TCP","1514","8004  >  49796 [ACK] Seq=205806 Ack=144 Win=65024 Len=1448 TSval=2916032626 TSecr=3045552399 [TCP segment of a reassembled PDU]"
"3388","28.545373412","192.168.1.55","192.168.1.2","TCP","1514","8004  >  49796 [ACK] Seq=207254 Ack=144 Win=65024 Len=1448 TSval=2916032626 TSecr=3045552399 [TCP segment of a reassembled PDU]"
"3389","28.545374671","192.168.1.55","192.168.1.2","TCP","1514","8004  >  49796 [ACK] Seq=208702 Ack=144 Win=65024 Len=1448 TSval=2916032626 TSecr=3045552399 [TCP segment of a reassembled PDU]"
"3390","28.545375875","192.168.1.55","192.168.1.2","TCP","1514","8004  >  49796 [ACK] Seq=210150 Ack=144 Win=65024 Len=1448 TSval=2916032626 TSecr=3045552399 [TCP segment of a reassembled PDU]"
"3391","28.545377060","192.168.1.55","192.168.1.2","TCP","1514","8004  >  49796 [ACK] Seq=211598 Ack=144 Win=65024 Len=1448 TSval=2916032626 TSecr=3045552399 [TCP segment of a reassembled PDU]"
"3392","28.545378375","192.168.1.55","192.168.1.2","TCP","1514","8004  >  49796 [ACK] Seq=213046 Ack=144 Win=65024 Len=1448 TSval=2916032626 TSecr=3045552399 [TCP segment of a reassembled PDU]"
"3393","28.545379708","192.168.1.55","192.168.1.2","TCP","1514","8004  >  49796 [ACK] Seq=214494 Ack=144 Win=65024 Len=1448 TSval=2916032626 TSecr=3045552399 [TCP segment of a reassembled PDU]"
"3394","28.545380930","192.168.1.55","192.168.1.2","TCP","1514","8004  >  49796 [ACK] Seq=215942 Ack=144 Win=65024 Len=1448 TSval=2916032626 TSecr=3045552399 [TCP segment of a reassembled PDU]"
"3395","28.545382152","192.168.1.55","192.168.1.2","TCP","1514","8004  >  49796 [ACK] Seq=217390 Ack=144 Win=65024 Len=1448 TSval=2916032626 TSecr=3045552399 [TCP segment of a reassembled PDU]"
"3396","28.545383375","192.168.1.55","192.168.1.2","TCP","1514","8004  >  49796 [ACK] Seq=218838 Ack=144 Win=65024 Len=1448 TSval=2916032626 TSecr=3045552399 [TCP segment of a reassembled PDU]"
"3397","28.545384726","192.168.1.55","192.168.1.2","TCP","1514","8004  >  49796 [ACK] Seq=220286 Ack=144 Win=65024 Len=1448 TSval=2916032626 TSecr=3045552399 [TCP segment of a reassembled PDU]"
"3398","28.545386023","192.168.1.55","192.168.1.2","TCP","1514","8004  >  49796 [ACK] Seq=221734 Ack=144 Win=65024 Len=1448 TSval=2916032626 TSecr=3045552399 [TCP segment of a reassembled PDU]"
"3399","28.545387282","192.168.1.55","192.168.1.2","TCP","1514","8004  >  49796 [ACK] Seq=223182 Ack=144 Win=65024 Len=1448 TSval=2916032626 TSecr=3045552399 [TCP segment of a reassembled PDU]"
"3400","28.545388578","192.168.1.55","192.168.1.2","TCP","1514","8004  >  49796 [ACK] Seq=224630 Ack=144 Win=65024 Len=1448 TSval=2916032626 TSecr=3045552399 [TCP segment of a reassembled PDU]"
"3401","28.545389801","192.168.1.55","192.168.1.2","TCP","1514","8004  >  49796 [ACK] Seq=226078 Ack=144 Win=65024 Len=1448 TSval=2916032626 TSecr=3045552399 [TCP segment of a reassembled PDU]"
"3402","28.545391578","192.168.1.55","192.168.1.2","TCP","1514","8004  >  49796 [ACK] Seq=227526 Ack=144 Win=65024 Len=1448 TSval=2916032626 TSecr=3045552399 [TCP segment of a reassembled PDU]"
"3403","28.545392819","192.168.1.55","192.168.1.2","TCP","1514","8004  >  49796 [ACK] Seq=228974 Ack=144 Win=65024 Len=1448 TSval=2916032626 TSecr=3045552399 [TCP segment of a reassembled PDU]"
"3404","28.545394134","192.168.1.55","192.168.1.2","TCP","1514","8004  >  49796 [ACK] Seq=230422 Ack=144 Win=65024 Len=1448 TSval=2916032626 TSecr=3045552399 [TCP segment of a reassembled PDU]"
"3405","28.545395430","192.168.1.55","192.168.1.2","TCP","1514","8004  >  49796 [ACK] Seq=231870 Ack=144 Win=65024 Len=1448 TSval=2916032626 TSecr=3045552399 [TCP segment of a reassembled PDU]"
"3406","28.545396726","192.168.1.55","192.168.1.2","TCP","1514","8004  >  49796 [ACK] Seq=233318 Ack=144 Win=65024 Len=1448 TSval=2916032626 TSecr=3045552399 [TCP segment of a reassembled PDU]"
"3407","28.545397930","192.168.1.55","192.168.1.2","TCP","1514","8004  >  49796 [ACK] Seq=234766 Ack=144 Win=65024 Len=1448 TSval=2916032626 TSecr=3045552399 [TCP segment of a reassembled PDU]"
"3408","28.545399375","192.168.1.55","192.168.1.2","TCP","1514","8004  >  49796 [PSH, ACK] Seq=236214 Ack=144 Win=65024 Len=1448 TSval=2916032626 TSecr=3045552399 [TCP segment of a reassembled PDU]"
"3409","28.549146862","192.168.1.2","192.168.1.55","TCP","66","49796  >  8004 [ACK] Seq=144 Ack=159638 Win=95232 Len=0 TSval=3045552401 TSecr=2916032618"
"3410","28.549175195","192.168.1.55","192.168.1.2","TCP","1514","8004  >  49796 [ACK] Seq=237662 Ack=144 Win=65024 Len=1448 TSval=2916032629 TSecr=3045552401 [TCP segment of a reassembled PDU]"
"3411","28.549178640","192.168.1.55","192.168.1.2","TCP","1514","8004  >  49796 [ACK] Seq=239110 Ack=144 Win=65024 Len=1448 TSval=2916032629 TSecr=3045552401 [TCP segment of a reassembled PDU]"
"3412","28.549179862","192.168.1.55","192.168.1.2","TCP","1514","8004  >  49796 [ACK] Seq=240558 Ack=144 Win=65024 Len=1448 TSval=2916032629 TSecr=3045552401 [TCP segment of a reassembled PDU]"
"3413","28.549181066","192.168.1.55","192.168.1.2","TCP","1514","8004  >  49796 [ACK] Seq=242006 Ack=144 Win=65024 Len=1448 TSval=2916032629 TSecr=3045552401 [TCP segment of a reassembled PDU]"
"3414","28.549182251","192.168.1.55","192.168.1.2","TCP","1514","8004  >  49796 [ACK] Seq=243454 Ack=144 Win=65024 Len=1448 TSval=2916032629 TSecr=3045552401 [TCP segment of a reassembled PDU]"
"3415","28.549183455","192.168.1.55","192.168.1.2","TCP","1514","8004  >  49796 [ACK] Seq=244902 Ack=144 Win=65024 Len=1448 TSval=2916032629 TSecr=3045552401 [TCP segment of a reassembled PDU]"
"3416","28.549184769","192.168.1.55","192.168.1.2","TCP","1514","8004  >  49796 [ACK] Seq=246350 Ack=144 Win=65024 Len=1448 TSval=2916032629 TSecr=3045552401 [TCP segment of a reassembled PDU]"
"3417","28.549185973","192.168.1.55","192.168.1.2","TCP","1514","8004  >  49796 [ACK] Seq=247798 Ack=144 Win=65024 Len=1448 TSval=2916032629 TSecr=3045552401 [TCP segment of a reassembled PDU]"
"3418","28.549187177","192.168.1.55","192.168.1.2","TCP","1514","8004  >  49796 [PSH, ACK] Seq=249246 Ack=144 Win=65024 Len=1448 TSval=2916032629 TSecr=3045552401 [TCP segment of a reassembled PDU]"
"3419","28.549217047","192.168.1.2","192.168.1.55","TCP","66","49796  >  8004 [ACK] Seq=144 Ack=184086 Win=71680 Len=0 TSval=3045552401 TSecr=2916032618"
"3420","28.550369697","192.168.1.2","192.168.1.55","TCP","66","49796  >  8004 [ACK] Seq=144 Ack=200014 Win=89088 Len=0 TSval=3045552404 TSecr=2916032624"
"3421","28.550406623","192.168.1.55","192.168.1.2","TCP","1514","8004  >  49796 [ACK] Seq=250694 Ack=144 Win=65024 Len=1448 TSval=2916032631 TSecr=3045552404 [TCP segment of a reassembled PDU]"
"3422","28.550409049","192.168.1.55","192.168.1.2","TCP","1514","8004  >  49796 [ACK] Seq=252142 Ack=144 Win=65024 Len=1448 TSval=2916032631 TSecr=3045552404 [TCP segment of a reassembled PDU]"
"3423","28.550410401","192.168.1.55","192.168.1.2","TCP","1514","8004  >  49796 [ACK] Seq=253590 Ack=144 Win=65024 Len=1448 TSval=2916032631 TSecr=3045552404 [TCP segment of a reassembled PDU]"
"3424","28.550411605","192.168.1.55","192.168.1.2","TCP","1514","8004  >  49796 [ACK] Seq=255038 Ack=144 Win=65024 Len=1448 TSval=2916032631 TSecr=3045552404 [TCP segment of a reassembled PDU]"
"3425","28.550413012","192.168.1.55","192.168.1.2","TCP","1514","8004  >  49796 [ACK] Seq=256486 Ack=144 Win=65024 Len=1448 TSval=2916032631 TSecr=3045552404 [TCP segment of a reassembled PDU]"
"3426","28.550414327","192.168.1.55","192.168.1.2","TCP","1514","8004  >  49796 [ACK] Seq=257934 Ack=144 Win=65024 Len=1448 TSval=2916032631 TSecr=3045552404 [TCP segment of a reassembled PDU]"
"3427","28.550415512","192.168.1.55","192.168.1.2","TCP","1514","8004  >  49796 [ACK] Seq=259382 Ack=144 Win=65024 Len=1448 TSval=2916032631 TSecr=3045552404 [TCP segment of a reassembled PDU]"
"3428","28.550417068","192.168.1.55","192.168.1.2","TCP","1514","8004  >  49796 [ACK] Seq=260830 Ack=144 Win=65024 Len=1448 TSval=2916032631 TSecr=3045552404 [TCP segment of a reassembled PDU]"
"3429","28.550418345","192.168.1.55","192.168.1.2","TCP","1514","8004  >  49796 [ACK] Seq=262278 Ack=144 Win=65024 Len=1448 TSval=2916032631 TSecr=3045552404 [TCP segment of a reassembled PDU]"
"3430","28.550419549","192.168.1.55","192.168.1.2","TCP","1514","8004  >  49796 [ACK] Seq=263726 Ack=144 Win=65024 Len=1448 TSval=2916032631 TSecr=3045552404 [TCP segment of a reassembled PDU]"
"3431","28.550420790","192.168.1.55","192.168.1.2","TCP","1514","8004  >  49796 [ACK] Seq=265174 Ack=144 Win=65024 Len=1448 TSval=2916032631 TSecr=3045552404 [TCP segment of a reassembled PDU]"
"3432","28.550422012","192.168.1.55","192.168.1.2","TCP","1514","8004  >  49796 [ACK] Seq=266622 Ack=144 Win=65024 Len=1448 TSval=2916032631 TSecr=3045552404 [TCP segment of a reassembled PDU]"
"3433","28.550423327","192.168.1.55","192.168.1.2","TCP","1514","8004  >  49796 [ACK] Seq=268070 Ack=144 Win=65024 Len=1448 TSval=2916032631 TSecr=3045552404 [TCP segment of a reassembled PDU]"
"3434","28.550424549","192.168.1.55","192.168.1.2","TCP","1514","8004  >  49796 [ACK] Seq=269518 Ack=144 Win=65024 Len=1448 TSval=2916032631 TSecr=3045552404 [TCP segment of a reassembled PDU]"
"3435","28.550425771","192.168.1.55","192.168.1.2","TCP","1514","8004  >  49796 [ACK] Seq=270966 Ack=144 Win=65024 Len=1448 TSval=2916032631 TSecr=3045552404 [TCP segment of a reassembled PDU]"
"3436","28.550427068","192.168.1.55","192.168.1.2","TCP","1514","8004  >  49796 [ACK] Seq=272414 Ack=144 Win=65024 Len=1448 TSval=2916032631 TSecr=3045552404 [TCP segment of a reassembled PDU]"
"3437","28.550428253","192.168.1.55","192.168.1.2","TCP","1514","8004  >  49796 [ACK] Seq=273862 Ack=144 Win=65024 Len=1448 TSval=2916032631 TSecr=3045552404 [TCP segment of a reassembled PDU]"
"3438","28.550429623","192.168.1.55","192.168.1.2","TCP","1514","8004  >  49796 [ACK] Seq=275310 Ack=144 Win=65024 Len=1448 TSval=2916032631 TSecr=3045552404 [TCP segment of a reassembled PDU]"
"3439","28.550430901","192.168.1.55","192.168.1.2","TCP","1514","8004  >  49796 [ACK] Seq=276758 Ack=144 Win=65024 Len=1448 TSval=2916032631 TSecr=3045552404 [TCP segment of a reassembled PDU]"
"3440","28.550432105","192.168.1.55","192.168.1.2","TCP","1514","8004  >  49796 [ACK] Seq=278206 Ack=144 Win=65024 Len=1448 TSval=2916032631 TSecr=3045552404 [TCP segment of a reassembled PDU]"
"3441","28.550433438","192.168.1.55","192.168.1.2","TCP","1514","8004  >  49796 [ACK] Seq=279654 Ack=144 Win=65024 Len=1448 TSval=2916032631 TSecr=3045552404 [TCP segment of a reassembled PDU]"
"3442","28.550434697","192.168.1.55","192.168.1.2","TCP","1514","8004  >  49796 [ACK] Seq=281102 Ack=144 Win=65024 Len=1448 TSval=2916032631 TSecr=3045552404 [TCP segment of a reassembled PDU]"
"3443","28.550435882","192.168.1.55","192.168.1.2","TCP","1514","8004  >  49796 [ACK] Seq=282550 Ack=144 Win=65024 Len=1448 TSval=2916032631 TSecr=3045552404 [TCP segment of a reassembled PDU]"
"3444","28.550437105","192.168.1.55","192.168.1.2","TCP","1514","8004  >  49796 [ACK] Seq=283998 Ack=144 Win=65024 Len=1448 TSval=2916032631 TSecr=3045552404 [TCP segment of a reassembled PDU]"
"3445","28.550438327","192.168.1.55","192.168.1.2","TCP","1514","8004  >  49796 [ACK] Seq=285446 Ack=144 Win=65024 Len=1448 TSval=2916032631 TSecr=3045552404 [TCP segment of a reassembled PDU]"
"3446","28.550439679","192.168.1.55","192.168.1.2","TCP","1514","8004  >  49796 [ACK] Seq=286894 Ack=144 Win=65024 Len=1448 TSval=2916032631 TSecr=3045552404 [TCP segment of a reassembled PDU]"
"3447","28.550440938","192.168.1.55","192.168.1.2","TCP","826","[TCP Window Full] 8004  >  49796 [PSH, ACK] Seq=288342 Ack=144 Win=65024 Len=760 TSval=2916032631 TSecr=3045552404 [TCP segment of a reassembled PDU]"
"3448","28.550470660","192.168.1.2","192.168.1.55","TCP","66","49796  >  8004 [ACK] Seq=144 Ack=233318 Win=56320 Len=0 TSval=3045552404 TSecr=2916032625"
"3449","28.553476146","192.168.1.2","192.168.1.55","TCP","66","49796  >  8004 [ACK] Seq=144 Ack=237662 Win=100352 Len=0 TSval=3045552406 TSecr=2916032626"
"3450","28.553513943","192.168.1.55","192.168.1.2","TCP","1514","8004  >  49796 [ACK] Seq=289102 Ack=144 Win=65024 Len=1448 TSval=2916032634 TSecr=3045552406 [TCP segment of a reassembled PDU]"
"3451","28.553517850","192.168.1.55","192.168.1.2","TCP","1514","8004  >  49796 [ACK] Seq=290550 Ack=144 Win=65024 Len=1448 TSval=2916032634 TSecr=3045552406 [TCP segment of a reassembled PDU]"
"3452","28.553519184","192.168.1.55","192.168.1.2","TCP","1514","8004  >  49796 [ACK] Seq=291998 Ack=144 Win=65024 Len=1448 TSval=2916032634 TSecr=3045552406 [TCP segment of a reassembled PDU]"
"3453","28.553520480","192.168.1.55","192.168.1.2","TCP","1514","8004  >  49796 [PSH, ACK] Seq=293446 Ack=144 Win=65024 Len=1448 TSval=2916032634 TSecr=3045552406 [TCP segment of a reassembled PDU]"
"3454","28.553527276","192.168.1.55","192.168.1.2","TCP","754","8004  >  49796 [ACK] Seq=294894 Ack=144 Win=65024 Len=688 TSval=2916032634 TSecr=3045552406 [TCP segment of a reassembled PDU]"
"3455","28.553563535","192.168.1.55","192.168.1.2","TCP","1514","8004  >  49796 [ACK] Seq=295582 Ack=144 Win=65024 Len=1448 TSval=2916032634 TSecr=3045552406 [TCP segment of a reassembled PDU]"
"3456","28.553565202","192.168.1.55","192.168.1.2","TCP","1514","8004  >  49796 [ACK] Seq=297030 Ack=144 Win=65024 Len=1448 TSval=2916032634 TSecr=3045552406 [TCP segment of a reassembled PDU]"
"3457","28.553566628","192.168.1.55","192.168.1.2","TCP","1514","8004  >  49796 [ACK] Seq=298478 Ack=144 Win=65024 Len=1448 TSval=2916032634 TSecr=3045552406 [TCP segment of a reassembled PDU]"
"3458","28.553567887","192.168.1.55","192.168.1.2","TCP","1514","8004  >  49796 [ACK] Seq=299926 Ack=144 Win=65024 Len=1448 TSval=2916032634 TSecr=3045552406 [TCP segment of a reassembled PDU]"
"3459","28.553569202","192.168.1.55","192.168.1.2","TCP","1514","8004  >  49796 [ACK] Seq=301374 Ack=144 Win=65024 Len=1448 TSval=2916032634 TSecr=3045552406 [TCP segment of a reassembled PDU]"
"3460","28.553570461","192.168.1.55","192.168.1.2","TCP","1514","8004  >  49796 [ACK] Seq=302822 Ack=144 Win=65024 Len=1448 TSval=2916032634 TSecr=3045552406 [TCP segment of a reassembled PDU]"
"3461","28.553571647","192.168.1.55","192.168.1.2","TCP","1514","8004  >  49796 [ACK] Seq=304270 Ack=144 Win=65024 Len=1448 TSval=2916032634 TSecr=3045552406 [TCP segment of a reassembled PDU]"
"3462","28.553572850","192.168.1.55","192.168.1.2","TCP","1514","8004  >  49796 [ACK] Seq=305718 Ack=144 Win=65024 Len=1448 TSval=2916032634 TSecr=3045552406 [TCP segment of a reassembled PDU]"
"3463","28.553574147","192.168.1.55","192.168.1.2","TCP","1514","8004  >  49796 [ACK] Seq=307166 Ack=144 Win=65024 Len=1448 TSval=2916032634 TSecr=3045552406 [TCP segment of a reassembled PDU]"
"3464","28.553575424","192.168.1.55","192.168.1.2","TCP","1514","8004  >  49796 [ACK] Seq=308614 Ack=144 Win=65024 Len=1448 TSval=2916032634 TSecr=3045552406 [TCP segment of a reassembled PDU]"
"3465","28.553576702","192.168.1.55","192.168.1.2","TCP","1514","8004  >  49796 [ACK] Seq=310062 Ack=144 Win=65024 Len=1448 TSval=2916032634 TSecr=3045552406 [TCP segment of a reassembled PDU]"
"3466","28.553577906","192.168.1.55","192.168.1.2","TCP","1514","8004  >  49796 [ACK] Seq=311510 Ack=144 Win=65024 Len=1448 TSval=2916032634 TSecr=3045552406 [TCP segment of a reassembled PDU]"
"3467","28.553579165","192.168.1.55","192.168.1.2","TCP","1514","8004  >  49796 [ACK] Seq=312958 Ack=144 Win=65024 Len=1448 TSval=2916032634 TSecr=3045552406 [TCP segment of a reassembled PDU]"
"3468","28.553580350","192.168.1.55","192.168.1.2","TCP","1514","8004  >  49796 [ACK] Seq=314406 Ack=144 Win=65024 Len=1448 TSval=2916032634 TSecr=3045552406 [TCP segment of a reassembled PDU]"
"3469","28.553581776","192.168.1.55","192.168.1.2","TCP","1514","8004  >  49796 [ACK] Seq=315854 Ack=144 Win=65024 Len=1448 TSval=2916032634 TSecr=3045552406 [TCP segment of a reassembled PDU]"
"3470","28.553583628","192.168.1.55","192.168.1.2","TCP","1514","8004  >  49796 [ACK] Seq=317302 Ack=144 Win=65024 Len=1448 TSval=2916032634 TSecr=3045552406 [TCP segment of a reassembled PDU]"
"3471","28.553584813","192.168.1.55","192.168.1.2","TCP","1514","8004  >  49796 [ACK] Seq=318750 Ack=144 Win=65024 Len=1448 TSval=2916032634 TSecr=3045552406 [TCP segment of a reassembled PDU]"
"3472","28.553586184","192.168.1.55","192.168.1.2","TCP","1514","8004  >  49796 [ACK] Seq=320198 Ack=144 Win=65024 Len=1448 TSval=2916032634 TSecr=3045552406 [TCP segment of a reassembled PDU]"
"3473","28.553587406","192.168.1.55","192.168.1.2","TCP","1514","8004  >  49796 [ACK] Seq=321646 Ack=144 Win=65024 Len=1448 TSval=2916032634 TSecr=3045552406 [TCP segment of a reassembled PDU]"
"3474","28.553588739","192.168.1.55","192.168.1.2","TCP","1514","8004  >  49796 [ACK] Seq=323094 Ack=144 Win=65024 Len=1448 TSval=2916032634 TSecr=3045552406 [TCP segment of a reassembled PDU]"
"3475","28.553589943","192.168.1.55","192.168.1.2","TCP","1514","8004  >  49796 [ACK] Seq=324542 Ack=144 Win=65024 Len=1448 TSval=2916032634 TSecr=3045552406 [TCP segment of a reassembled PDU]"
"3476","28.553591258","192.168.1.55","192.168.1.2","TCP","1514","8004  >  49796 [ACK] Seq=325990 Ack=144 Win=65024 Len=1448 TSval=2916032634 TSecr=3045552406 [TCP segment of a reassembled PDU]"
"3477","28.553592573","192.168.1.55","192.168.1.2","TCP","1514","8004  >  49796 [ACK] Seq=327438 Ack=144 Win=65024 Len=1448 TSval=2916032634 TSecr=3045552406 [TCP segment of a reassembled PDU]"
"3478","28.553593832","192.168.1.55","192.168.1.2","TCP","1514","8004  >  49796 [ACK] Seq=328886 Ack=144 Win=65024 Len=1448 TSval=2916032634 TSecr=3045552406 [TCP segment of a reassembled PDU]"
"3479","28.553595054","192.168.1.55","192.168.1.2","TCP","1514","8004  >  49796 [ACK] Seq=330334 Ack=144 Win=65024 Len=1448 TSval=2916032634 TSecr=3045552406 [TCP segment of a reassembled PDU]"
"3480","28.553596406","192.168.1.55","192.168.1.2","TCP","1514","8004  >  49796 [ACK] Seq=331782 Ack=144 Win=65024 Len=1448 TSval=2916032634 TSecr=3045552406 [TCP segment of a reassembled PDU]"
"3481","28.553598128","192.168.1.55","192.168.1.2","TCP","1514","8004  >  49796 [ACK] Seq=333230 Ack=144 Win=65024 Len=1448 TSval=2916032634 TSecr=3045552406 [TCP segment of a reassembled PDU]"
"3482","28.553599443","192.168.1.55","192.168.1.2","TCP","1514","8004  >  49796 [ACK] Seq=334678 Ack=144 Win=65024 Len=1448 TSval=2916032634 TSecr=3045552406 [TCP segment of a reassembled PDU]"
"3483","28.553600647","192.168.1.55","192.168.1.2","TCP","1514","8004  >  49796 [PSH, ACK] Seq=336126 Ack=144 Win=65024 Len=1448 TSval=2916032634 TSecr=3045552406 [TCP segment of a reassembled PDU]"
"3484","28.553633869","192.168.1.2","192.168.1.55","TCP","66","49796  >  8004 [ACK] Seq=144 Ack=250694 Win=88064 Len=0 TSval=3045552409 TSecr=2916032629"
"3485","28.554828112","192.168.1.2","192.168.1.55","TCP","66","49796  >  8004 [ACK] Seq=144 Ack=266622 Win=72704 Len=0 TSval=3045552409 TSecr=2916032631"
"3486","28.554839352","192.168.1.55","192.168.1.2","TCP","1514","8004  >  49796 [ACK] Seq=337574 Ack=144 Win=65024 Len=1448 TSval=2916032635 TSecr=3045552409 [TCP segment of a reassembled PDU]"
"3487","28.554865389","192.168.1.2","192.168.1.55","TCP","66","49796  >  8004 [ACK] Seq=144 Ack=285446 Win=68608 Len=0 TSval=3045552409 TSecr=2916032631"
"3488","28.554871889","192.168.1.55","192.168.1.2","TCP","1514","8004  >  49796 [PSH, ACK] Seq=339022 Ack=144 Win=65024 Len=1448 TSval=2916032635 TSecr=3045552409 [TCP segment of a reassembled PDU]"
"3489","28.557286115","192.168.1.2","192.168.1.55","TCP","66","49796  >  8004 [ACK] Seq=144 Ack=289102 Win=97280 Len=0 TSval=3045552413 TSecr=2916032631"
"3490","28.557336227","192.168.1.55","192.168.1.2","TCP","1514","8004  >  49796 [ACK] Seq=340470 Ack=144 Win=65024 Len=1448 TSval=2916032638 TSecr=3045552413 [TCP segment of a reassembled PDU]"
"3491","28.557338912","192.168.1.55","192.168.1.2","TCP","1514","8004  >  49796 [ACK] Seq=341918 Ack=144 Win=65024 Len=1448 TSval=2916032638 TSecr=3045552413 [TCP segment of a reassembled PDU]"
"3492","28.557340004","192.168.1.55","192.168.1.2","TCP","1514","8004  >  49796 [ACK] Seq=343366 Ack=144 Win=65024 Len=1448 TSval=2916032638 TSecr=3045552413 [TCP segment of a reassembled PDU]"
"3493","28.557341134","192.168.1.55","192.168.1.2","TCP","1514","8004  >  49796 [ACK] Seq=344814 Ack=144 Win=65024 Len=1448 TSval=2916032638 TSecr=3045552413 [TCP segment of a reassembled PDU]"
"3494","28.557342208","192.168.1.55","192.168.1.2","TCP","1514","8004  >  49796 [ACK] Seq=346262 Ack=144 Win=65024 Len=1448 TSval=2916032638 TSecr=3045552413 [TCP segment of a reassembled PDU]"
"3495","28.557343282","192.168.1.55","192.168.1.2","TCP","1514","8004  >  49796 [ACK] Seq=347710 Ack=144 Win=65024 Len=1448 TSval=2916032638 TSecr=3045552413 [TCP segment of a reassembled PDU]"
"3496","28.557344449","192.168.1.55","192.168.1.2","TCP","1514","8004  >  49796 [ACK] Seq=349158 Ack=144 Win=65024 Len=1448 TSval=2916032638 TSecr=3045552413 [TCP segment of a reassembled PDU]"
"3497","28.557345486","192.168.1.55","192.168.1.2","TCP","1514","8004  >  49796 [ACK] Seq=350606 Ack=144 Win=65024 Len=1448 TSval=2916032638 TSecr=3045552413 [TCP segment of a reassembled PDU]"
"3498","28.557346578","192.168.1.55","192.168.1.2","TCP","1514","8004  >  49796 [ACK] Seq=352054 Ack=144 Win=65024 Len=1448 TSval=2916032638 TSecr=3045552413 [TCP segment of a reassembled PDU]"
"3499","28.557347615","192.168.1.55","192.168.1.2","TCP","1514","8004  >  49796 [ACK] Seq=353502 Ack=144 Win=65024 Len=1448 TSval=2916032638 TSecr=3045552413 [TCP segment of a reassembled PDU]"
"3500","28.557348652","192.168.1.55","192.168.1.2","TCP","1514","8004  >  49796 [ACK] Seq=354950 Ack=144 Win=65024 Len=1448 TSval=2916032638 TSecr=3045552413 [TCP segment of a reassembled PDU]"
"3501","28.557350023","192.168.1.55","192.168.1.2","TCP","1514","8004  >  49796 [ACK] Seq=356398 Ack=144 Win=65024 Len=1448 TSval=2916032638 TSecr=3045552413 [TCP segment of a reassembled PDU]"
"3502","28.557351060","192.168.1.55","192.168.1.2","TCP","1514","8004  >  49796 [ACK] Seq=357846 Ack=144 Win=65024 Len=1448 TSval=2916032638 TSecr=3045552413 [TCP segment of a reassembled PDU]"
"3503","28.557352097","192.168.1.55","192.168.1.2","TCP","1514","8004  >  49796 [ACK] Seq=359294 Ack=144 Win=65024 Len=1448 TSval=2916032638 TSecr=3045552413 [TCP segment of a reassembled PDU]"
"3504","28.557353134","192.168.1.55","192.168.1.2","TCP","1514","8004  >  49796 [ACK] Seq=360742 Ack=144 Win=65024 Len=1448 TSval=2916032638 TSecr=3045552413 [TCP segment of a reassembled PDU]"
"3505","28.557354190","192.168.1.55","192.168.1.2","TCP","1514","8004  >  49796 [ACK] Seq=362190 Ack=144 Win=65024 Len=1448 TSval=2916032638 TSecr=3045552413 [TCP segment of a reassembled PDU]"
"3506","28.557355467","192.168.1.55","192.168.1.2","TCP","1514","8004  >  49796 [ACK] Seq=363638 Ack=144 Win=65024 Len=1448 TSval=2916032638 TSecr=3045552413 [TCP segment of a reassembled PDU]"
"3507","28.557356578","192.168.1.55","192.168.1.2","TCP","1514","8004  >  49796 [ACK] Seq=365086 Ack=144 Win=65024 Len=1448 TSval=2916032638 TSecr=3045552413 [TCP segment of a reassembled PDU]"
"3508","28.557357856","192.168.1.55","192.168.1.2","TCP","1514","8004  >  49796 [ACK] Seq=366534 Ack=144 Win=65024 Len=1448 TSval=2916032638 TSecr=3045552413 [TCP segment of a reassembled PDU]"
"3509","28.557358930","192.168.1.55","192.168.1.2","TCP","1514","8004  >  49796 [ACK] Seq=367982 Ack=144 Win=65024 Len=1448 TSval=2916032638 TSecr=3045552413 [TCP segment of a reassembled PDU]"
"3510","28.557360023","192.168.1.55","192.168.1.2","TCP","1514","8004  >  49796 [ACK] Seq=369430 Ack=144 Win=65024 Len=1448 TSval=2916032638 TSecr=3045552413 [TCP segment of a reassembled PDU]"
"3511","28.557361115","192.168.1.55","192.168.1.2","TCP","1514","8004  >  49796 [ACK] Seq=370878 Ack=144 Win=65024 Len=1448 TSval=2916032638 TSecr=3045552413 [TCP segment of a reassembled PDU]"
"3512","28.557362319","192.168.1.55","192.168.1.2","TCP","1514","8004  >  49796 [ACK] Seq=372326 Ack=144 Win=65024 Len=1448 TSval=2916032638 TSecr=3045552413 [TCP segment of a reassembled PDU]"
"3513","28.557363412","192.168.1.55","192.168.1.2","TCP","1514","8004  >  49796 [ACK] Seq=373774 Ack=144 Win=65024 Len=1448 TSval=2916032638 TSecr=3045552413 [TCP segment of a reassembled PDU]"
"3514","28.557364597","192.168.1.55","192.168.1.2","TCP","1514","8004  >  49796 [ACK] Seq=375222 Ack=144 Win=65024 Len=1448 TSval=2916032638 TSecr=3045552413 [TCP segment of a reassembled PDU]"
"3515","28.557365838","192.168.1.55","192.168.1.2","TCP","1514","8004  >  49796 [ACK] Seq=376670 Ack=144 Win=65024 Len=1448 TSval=2916032638 TSecr=3045552413 [TCP segment of a reassembled PDU]"
"3516","28.557366986","192.168.1.55","192.168.1.2","TCP","1514","8004  >  49796 [ACK] Seq=378118 Ack=144 Win=65024 Len=1448 TSval=2916032638 TSecr=3045552413 [TCP segment of a reassembled PDU]"
"3517","28.557368041","192.168.1.55","192.168.1.2","TCP","1514","8004  >  49796 [ACK] Seq=379566 Ack=144 Win=65024 Len=1448 TSval=2916032638 TSecr=3045552413 [TCP segment of a reassembled PDU]"
"3518","28.557369264","192.168.1.55","192.168.1.2","TCP","1514","8004  >  49796 [ACK] Seq=381014 Ack=144 Win=65024 Len=1448 TSval=2916032638 TSecr=3045552413 [TCP segment of a reassembled PDU]"
"3519","28.557370375","192.168.1.55","192.168.1.2","TCP","1514","8004  >  49796 [ACK] Seq=382462 Ack=144 Win=65024 Len=1448 TSval=2916032638 TSecr=3045552413 [TCP segment of a reassembled PDU]"
"3520","28.557371504","192.168.1.55","192.168.1.2","TCP","1514","8004  >  49796 [PSH, ACK] Seq=383910 Ack=144 Win=65024 Len=1448 TSval=2916032638 TSecr=3045552413 [TCP segment of a reassembled PDU]"
"3521","28.557403967","192.168.1.2","192.168.1.55","TCP","66","49796  >  8004 [ACK] Seq=144 Ack=295582 Win=100352 Len=0 TSval=3045552413 TSecr=2916032634"
"3522","28.558570432","192.168.1.2","192.168.1.55","TCP","66","49796  >  8004 [ACK] Seq=144 Ack=302822 Win=100352 Len=0 TSval=3045552413 TSecr=2916032634"
"3523","28.558589173","192.168.1.55","192.168.1.2","TCP","1514","8004  >  49796 [ACK] Seq=385358 Ack=144 Win=65024 Len=1448 TSval=2916032639 TSecr=3045552413 [TCP segment of a reassembled PDU]"
"3524","28.558591358","192.168.1.55","192.168.1.2","TCP","1514","8004  >  49796 [ACK] Seq=386806 Ack=144 Win=65024 Len=1448 TSval=2916032639 TSecr=3045552413 [TCP segment of a reassembled PDU]"
"3525","28.558592432","192.168.1.55","192.168.1.2","TCP","1514","8004  >  49796 [ACK] Seq=388254 Ack=144 Win=65024 Len=1448 TSval=2916032639 TSecr=3045552413 [TCP segment of a reassembled PDU]"
"3526","28.558593525","192.168.1.55","192.168.1.2","TCP","1514","8004  >  49796 [ACK] Seq=389702 Ack=144 Win=65024 Len=1448 TSval=2916032639 TSecr=3045552413 [TCP segment of a reassembled PDU]"
"3527","28.558594654","192.168.1.55","192.168.1.2","TCP","1514","8004  >  49796 [ACK] Seq=391150 Ack=144 Win=65024 Len=1448 TSval=2916032639 TSecr=3045552413 [TCP segment of a reassembled PDU]"
"3528","28.558595654","192.168.1.55","192.168.1.2","TCP","1514","8004  >  49796 [ACK] Seq=392598 Ack=144 Win=65024 Len=1448 TSval=2916032639 TSecr=3045552413 [TCP segment of a reassembled PDU]"
"3529","28.558596691","192.168.1.55","192.168.1.2","TCP","1514","8004  >  49796 [ACK] Seq=394046 Ack=144 Win=65024 Len=1448 TSval=2916032639 TSecr=3045552413 [TCP segment of a reassembled PDU]"
"3530","28.558597784","192.168.1.55","192.168.1.2","TCP","1514","8004  >  49796 [ACK] Seq=395494 Ack=144 Win=65024 Len=1448 TSval=2916032639 TSecr=3045552413 [TCP segment of a reassembled PDU]"
"3531","28.558598914","192.168.1.55","192.168.1.2","TCP","1514","8004  >  49796 [ACK] Seq=396942 Ack=144 Win=65024 Len=1448 TSval=2916032639 TSecr=3045552413 [TCP segment of a reassembled PDU]"
"3532","28.558599951","192.168.1.55","192.168.1.2","TCP","1514","8004  >  49796 [ACK] Seq=398390 Ack=144 Win=65024 Len=1448 TSval=2916032639 TSecr=3045552413 [TCP segment of a reassembled PDU]"
"3533","28.558600969","192.168.1.55","192.168.1.2","TCP","1514","8004  >  49796 [ACK] Seq=399838 Ack=144 Win=65024 Len=1448 TSval=2916032639 TSecr=3045552413 [TCP segment of a reassembled PDU]"
"3534","28.558602062","192.168.1.55","192.168.1.2","TCP","1514","8004  >  49796 [ACK] Seq=401286 Ack=144 Win=65024 Len=1448 TSval=2916032639 TSecr=3045552413 [TCP segment of a reassembled PDU]"
"3535","28.558603080","192.168.1.55","192.168.1.2","TCP","506","[TCP Window Full] 8004  >  49796 [PSH, ACK] Seq=402734 Ack=144 Win=65024 Len=440 TSval=2916032639 TSecr=3045552413 [TCP segment of a reassembled PDU]"
"3536","28.558627562","192.168.1.2","192.168.1.55","TCP","66","49796  >  8004 [ACK] Seq=144 Ack=334678 Win=72704 Len=0 TSval=3045552413 TSecr=2916032634"
"3537","28.563065365","192.168.1.2","192.168.1.55","TCP","66","49796  >  8004 [ACK] Seq=144 Ack=337574 Win=98304 Len=0 TSval=3045552417 TSecr=2916032634"
"3538","28.563089902","192.168.1.55","192.168.1.2","TCP","1514","8004  >  49796 [ACK] Seq=403174 Ack=144 Win=65024 Len=1448 TSval=2916032643 TSecr=3045552417 [TCP segment of a reassembled PDU]"
"3539","28.563092421","192.168.1.55","192.168.1.2","TCP","1514","8004  >  49796 [ACK] Seq=404622 Ack=144 Win=65024 Len=1448 TSval=2916032643 TSecr=3045552417 [TCP segment of a reassembled PDU]"
"3540","28.563093476","192.168.1.55","192.168.1.2","TCP","1514","8004  >  49796 [ACK] Seq=406070 Ack=144 Win=65024 Len=1448 TSval=2916032643 TSecr=3045552417 [TCP segment of a reassembled PDU]"
"3541","28.563094587","192.168.1.55","192.168.1.2","TCP","1514","8004  >  49796 [ACK] Seq=407518 Ack=144 Win=65024 Len=1448 TSval=2916032643 TSecr=3045552417 [TCP segment of a reassembled PDU]"
"3542","28.563095735","192.168.1.55","192.168.1.2","TCP","1514","8004  >  49796 [ACK] Seq=408966 Ack=144 Win=65024 Len=1448 TSval=2916032643 TSecr=3045552417 [TCP segment of a reassembled PDU]"
"3543","28.563097050","192.168.1.55","192.168.1.2","TCP","1514","8004  >  49796 [ACK] Seq=410414 Ack=144 Win=65024 Len=1448 TSval=2916032643 TSecr=3045552417 [TCP segment of a reassembled PDU]"
"3544","28.563098180","192.168.1.55","192.168.1.2","TCP","1514","8004  >  49796 [ACK] Seq=411862 Ack=144 Win=65024 Len=1448 TSval=2916032643 TSecr=3045552417 [TCP segment of a reassembled PDU]"
"3545","28.563099347","192.168.1.55","192.168.1.2","TCP","1514","8004  >  49796 [ACK] Seq=413310 Ack=144 Win=65024 Len=1448 TSval=2916032643 TSecr=3045552417 [TCP segment of a reassembled PDU]"
"3546","28.563100495","192.168.1.55","192.168.1.2","TCP","1514","8004  >  49796 [ACK] Seq=414758 Ack=144 Win=65024 Len=1448 TSval=2916032643 TSecr=3045552417 [TCP segment of a reassembled PDU]"
"3547","28.563101550","192.168.1.55","192.168.1.2","TCP","1514","8004  >  49796 [ACK] Seq=416206 Ack=144 Win=65024 Len=1448 TSval=2916032643 TSecr=3045552417 [TCP segment of a reassembled PDU]"
"3548","28.563102661","192.168.1.55","192.168.1.2","TCP","1514","8004  >  49796 [ACK] Seq=417654 Ack=144 Win=65024 Len=1448 TSval=2916032643 TSecr=3045552417 [TCP segment of a reassembled PDU]"
"3549","28.563104069","192.168.1.55","192.168.1.2","TCP","1514","8004  >  49796 [ACK] Seq=419102 Ack=144 Win=65024 Len=1448 TSval=2916032643 TSecr=3045552417 [TCP segment of a reassembled PDU]"
"3550","28.563105180","192.168.1.55","192.168.1.2","TCP","1514","8004  >  49796 [ACK] Seq=420550 Ack=144 Win=65024 Len=1448 TSval=2916032643 TSecr=3045552417 [TCP segment of a reassembled PDU]"
"3551","28.563106402","192.168.1.55","192.168.1.2","TCP","1514","8004  >  49796 [ACK] Seq=421998 Ack=144 Win=65024 Len=1448 TSval=2916032643 TSecr=3045552417 [TCP segment of a reassembled PDU]"
"3552","28.563107439","192.168.1.55","192.168.1.2","TCP","1514","8004  >  49796 [ACK] Seq=423446 Ack=144 Win=65024 Len=1448 TSval=2916032643 TSecr=3045552417 [TCP segment of a reassembled PDU]"
"3553","28.563108717","192.168.1.55","192.168.1.2","TCP","1514","8004  >  49796 [ACK] Seq=424894 Ack=144 Win=65024 Len=1448 TSval=2916032643 TSecr=3045552417 [TCP segment of a reassembled PDU]"
"3554","28.563109884","192.168.1.55","192.168.1.2","TCP","1514","8004  >  49796 [ACK] Seq=426342 Ack=144 Win=65024 Len=1448 TSval=2916032643 TSecr=3045552417 [TCP segment of a reassembled PDU]"
"3555","28.563110976","192.168.1.55","192.168.1.2","TCP","1514","8004  >  49796 [PSH, ACK] Seq=427790 Ack=144 Win=65024 Len=1448 TSval=2916032643 TSecr=3045552417 [TCP segment of a reassembled PDU]"
"3556","28.563115810","192.168.1.55","192.168.1.2","TCP","1074","8004  >  49796 [ACK] Seq=429238 Ack=144 Win=65024 Len=1008 TSval=2916032643 TSecr=3045552417 [TCP segment of a reassembled PDU]"
"3557","28.563880977","192.168.1.2","192.168.1.55","TCP","66","49796  >  8004 [ACK] Seq=144 Ack=350606 Win=126976 Len=0 TSval=3045552417 TSecr=2916032635"
"3558","28.563916181","192.168.1.55","192.168.1.2","TCP","1514","8004  >  49796 [ACK] Seq=430246 Ack=144 Win=65024 Len=1448 TSval=2916032644 TSecr=3045552417 [TCP segment of a reassembled PDU]"
"3559","28.563918052","192.168.1.55","192.168.1.2","TCP","1514","8004  >  49796 [ACK] Seq=431694 Ack=144 Win=65024 Len=1448 TSval=2916032644 TSecr=3045552417 [TCP segment of a reassembled PDU]"
"3560","28.563925144","192.168.1.55","192.168.1.2","TCP","1514","8004  >  49796 [ACK] Seq=433142 Ack=144 Win=65024 Len=1448 TSval=2916032644 TSecr=3045552417 [TCP segment of a reassembled PDU]"
"3561","28.563926589","192.168.1.55","192.168.1.2","TCP","1514","8004  >  49796 [ACK] Seq=434590 Ack=144 Win=65024 Len=1448 TSval=2916032644 TSecr=3045552417 [TCP segment of a reassembled PDU]"
"3562","28.563927737","192.168.1.55","192.168.1.2","TCP","1514","8004  >  49796 [ACK] Seq=436038 Ack=144 Win=65024 Len=1448 TSval=2916032644 TSecr=3045552417 [TCP segment of a reassembled PDU]"
"3563","28.563928792","192.168.1.55","192.168.1.2","TCP","1514","8004  >  49796 [ACK] Seq=437486 Ack=144 Win=65024 Len=1448 TSval=2916032644 TSecr=3045552417 [TCP segment of a reassembled PDU]"
"3564","28.563930033","192.168.1.55","192.168.1.2","TCP","1514","8004  >  49796 [ACK] Seq=438934 Ack=144 Win=65024 Len=1448 TSval=2916032644 TSecr=3045552417 [TCP segment of a reassembled PDU]"
"3565","28.563931052","192.168.1.55","192.168.1.2","TCP","1514","8004  >  49796 [ACK] Seq=440382 Ack=144 Win=65024 Len=1448 TSval=2916032644 TSecr=3045552417 [TCP segment of a reassembled PDU]"
"3566","28.563932126","192.168.1.55","192.168.1.2","TCP","1514","8004  >  49796 [ACK] Seq=441830 Ack=144 Win=65024 Len=1448 TSval=2916032644 TSecr=3045552417 [TCP segment of a reassembled PDU]"
"3567","28.563933274","192.168.1.55","192.168.1.2","TCP","1514","8004  >  49796 [ACK] Seq=443278 Ack=144 Win=65024 Len=1448 TSval=2916032644 TSecr=3045552417 [TCP segment of a reassembled PDU]"
"3568","28.563934496","192.168.1.55","192.168.1.2","TCP","1514","8004  >  49796 [ACK] Seq=444726 Ack=144 Win=65024 Len=1448 TSval=2916032644 TSecr=3045552417 [TCP segment of a reassembled PDU]"
"3569","28.563935496","192.168.1.55","192.168.1.2","TCP","1514","8004  >  49796 [ACK] Seq=446174 Ack=144 Win=65024 Len=1448 TSval=2916032644 TSecr=3045552417 [TCP segment of a reassembled PDU]"
"3570","28.563936774","192.168.1.55","192.168.1.2","TCP","1514","8004  >  49796 [ACK] Seq=447622 Ack=144 Win=65024 Len=1448 TSval=2916032644 TSecr=3045552417 [TCP segment of a reassembled PDU]"
"3571","28.563938070","192.168.1.55","192.168.1.2","TCP","1514","8004  >  49796 [ACK] Seq=449070 Ack=144 Win=65024 Len=1448 TSval=2916032644 TSecr=3045552417 [TCP segment of a reassembled PDU]"
"3572","28.563939218","192.168.1.55","192.168.1.2","TCP","1514","8004  >  49796 [ACK] Seq=450518 Ack=144 Win=65024 Len=1448 TSval=2916032644 TSecr=3045552417 [TCP segment of a reassembled PDU]"
"3573","28.563940237","192.168.1.55","192.168.1.2","TCP","1514","8004  >  49796 [ACK] Seq=451966 Ack=144 Win=65024 Len=1448 TSval=2916032644 TSecr=3045552417 [TCP segment of a reassembled PDU]"
"3574","28.563941255","192.168.1.55","192.168.1.2","TCP","1514","8004  >  49796 [ACK] Seq=453414 Ack=144 Win=65024 Len=1448 TSval=2916032644 TSecr=3045552417 [TCP segment of a reassembled PDU]"
"3575","28.563942329","192.168.1.55","192.168.1.2","TCP","1514","8004  >  49796 [ACK] Seq=454862 Ack=144 Win=65024 Len=1448 TSval=2916032644 TSecr=3045552417 [TCP segment of a reassembled PDU]"
"3576","28.563943441","192.168.1.55","192.168.1.2","TCP","1514","8004  >  49796 [ACK] Seq=456310 Ack=144 Win=65024 Len=1448 TSval=2916032644 TSecr=3045552417 [TCP segment of a reassembled PDU]"
"3577","28.563944552","192.168.1.55","192.168.1.2","TCP","1514","8004  >  49796 [ACK] Seq=457758 Ack=144 Win=65024 Len=1448 TSval=2916032644 TSecr=3045552417 [TCP segment of a reassembled PDU]"
"3578","28.563946144","192.168.1.55","192.168.1.2","TCP","1514","8004  >  49796 [ACK] Seq=459206 Ack=144 Win=65024 Len=1448 TSval=2916032644 TSecr=3045552417 [TCP segment of a reassembled PDU]"
"3579","28.563947163","192.168.1.55","192.168.1.2","TCP","1514","8004  >  49796 [ACK] Seq=460654 Ack=144 Win=65024 Len=1448 TSval=2916032644 TSecr=3045552417 [TCP segment of a reassembled PDU]"
"3580","28.563948348","192.168.1.55","192.168.1.2","TCP","1514","8004  >  49796 [ACK] Seq=462102 Ack=144 Win=65024 Len=1448 TSval=2916032644 TSecr=3045552417 [TCP segment of a reassembled PDU]"
"3581","28.563949385","192.168.1.55","192.168.1.2","TCP","1514","8004  >  49796 [ACK] Seq=463550 Ack=144 Win=65024 Len=1448 TSval=2916032644 TSecr=3045552417 [TCP segment of a reassembled PDU]"
"3582","28.563950403","192.168.1.55","192.168.1.2","TCP","1514","8004  >  49796 [ACK] Seq=464998 Ack=144 Win=65024 Len=1448 TSval=2916032644 TSecr=3045552417 [TCP segment of a reassembled PDU]"
"3583","28.563951496","192.168.1.55","192.168.1.2","TCP","1514","8004  >  49796 [ACK] Seq=466446 Ack=144 Win=65024 Len=1448 TSval=2916032644 TSecr=3045552417 [TCP segment of a reassembled PDU]"
"3584","28.563952570","192.168.1.55","192.168.1.2","TCP","1514","8004  >  49796 [ACK] Seq=467894 Ack=144 Win=65024 Len=1448 TSval=2916032644 TSecr=3045552417 [TCP segment of a reassembled PDU]"
"3585","28.563953774","192.168.1.55","192.168.1.2","TCP","1514","8004  >  49796 [ACK] Seq=469342 Ack=144 Win=65024 Len=1448 TSval=2916032644 TSecr=3045552417 [TCP segment of a reassembled PDU]"
"3586","28.563954941","192.168.1.55","192.168.1.2","TCP","1514","8004  >  49796 [ACK] Seq=470790 Ack=144 Win=65024 Len=1448 TSval=2916032644 TSecr=3045552417 [TCP segment of a reassembled PDU]"
"3587","28.563956107","192.168.1.55","192.168.1.2","TCP","1514","8004  >  49796 [ACK] Seq=472238 Ack=144 Win=65024 Len=1448 TSval=2916032644 TSecr=3045552417 [TCP segment of a reassembled PDU]"
"3588","28.563957218","192.168.1.55","192.168.1.2","TCP","1514","8004  >  49796 [PSH, ACK] Seq=473686 Ack=144 Win=65024 Len=1448 TSval=2916032644 TSecr=3045552417 [TCP segment of a reassembled PDU]"
"3589","28.563961644","192.168.1.2","192.168.1.55","TCP","66","49796  >  8004 [ACK] Seq=144 Ack=370878 Win=157696 Len=0 TSval=3045552417 TSecr=2916032638"
"3590","28.563987589","192.168.1.55","192.168.1.2","TCP","1514","8004  >  49796 [ACK] Seq=475134 Ack=144 Win=65024 Len=1448 TSval=2916032644 TSecr=3045552417 [TCP segment of a reassembled PDU]"
"3591","28.563989181","192.168.1.55","192.168.1.2","TCP","1514","8004  >  49796 [ACK] Seq=476582 Ack=144 Win=65024 Len=1448 TSval=2916032644 TSecr=3045552417 [TCP segment of a reassembled PDU]"
"3592","28.563990404","192.168.1.55","192.168.1.2","TCP","1514","8004  >  49796 [ACK] Seq=478030 Ack=144 Win=65024 Len=1448 TSval=2916032644 TSecr=3045552417 [TCP segment of a reassembled PDU]"
"3593","28.563991478","192.168.1.55","192.168.1.2","TCP","1514","8004  >  49796 [ACK] Seq=479478 Ack=144 Win=65024 Len=1448 TSval=2916032644 TSecr=3045552417 [TCP segment of a reassembled PDU]"
"3594","28.563992700","192.168.1.55","192.168.1.2","TCP","1514","8004  >  49796 [ACK] Seq=480926 Ack=144 Win=65024 Len=1448 TSval=2916032644 TSecr=3045552417 [TCP segment of a reassembled PDU]"
"3595","28.563993792","192.168.1.55","192.168.1.2","TCP","1514","8004  >  49796 [ACK] Seq=482374 Ack=144 Win=65024 Len=1448 TSval=2916032644 TSecr=3045552417 [TCP segment of a reassembled PDU]"
"3596","28.563995052","192.168.1.55","192.168.1.2","TCP","1514","8004  >  49796 [ACK] Seq=483822 Ack=144 Win=65024 Len=1448 TSval=2916032644 TSecr=3045552417 [TCP segment of a reassembled PDU]"
"3597","28.563996292","192.168.1.55","192.168.1.2","TCP","1514","8004  >  49796 [ACK] Seq=485270 Ack=144 Win=65024 Len=1448 TSval=2916032644 TSecr=3045552417 [TCP segment of a reassembled PDU]"
"3598","28.563997348","192.168.1.55","192.168.1.2","TCP","1514","8004  >  49796 [ACK] Seq=486718 Ack=144 Win=65024 Len=1448 TSval=2916032644 TSecr=3045552417 [TCP segment of a reassembled PDU]"
"3599","28.563998348","192.168.1.55","192.168.1.2","TCP","1514","8004  >  49796 [ACK] Seq=488166 Ack=144 Win=65024 Len=1448 TSval=2916032644 TSecr=3045552417 [TCP segment of a reassembled PDU]"
"3600","28.563999422","192.168.1.55","192.168.1.2","TCP","1514","8004  >  49796 [ACK] Seq=489614 Ack=144 Win=65024 Len=1448 TSval=2916032644 TSecr=3045552417 [TCP segment of a reassembled PDU]"
"3601","28.564000515","192.168.1.55","192.168.1.2","TCP","1514","8004  >  49796 [ACK] Seq=491062 Ack=144 Win=65024 Len=1448 TSval=2916032644 TSecr=3045552417 [TCP segment of a reassembled PDU]"
"3602","28.564001904","192.168.1.55","192.168.1.2","TCP","1514","8004  >  49796 [ACK] Seq=492510 Ack=144 Win=65024 Len=1448 TSval=2916032644 TSecr=3045552417 [TCP segment of a reassembled PDU]"
"3603","28.564002941","192.168.1.55","192.168.1.2","TCP","1514","8004  >  49796 [ACK] Seq=493958 Ack=144 Win=65024 Len=1448 TSval=2916032644 TSecr=3045552417 [TCP segment of a reassembled PDU]"
"3604","28.564004367","192.168.1.55","192.168.1.2","TCP","1514","8004  >  49796 [ACK] Seq=495406 Ack=144 Win=65024 Len=1448 TSval=2916032644 TSecr=3045552417 [TCP segment of a reassembled PDU]"
"3605","28.564005607","192.168.1.55","192.168.1.2","TCP","1514","8004  >  49796 [PSH, ACK] Seq=496854 Ack=144 Win=65024 Len=1448 TSval=2916032644 TSecr=3045552417 [TCP segment of a reassembled PDU]"
"3606","28.564011348","192.168.1.55","192.168.1.2","HTTP","222","HTTP/1.0 200 OK  (PNG)"
"3607","28.564015070","192.168.1.2","192.168.1.55","TCP","66","49796  >  8004 [ACK] Seq=144 Ack=385358 Win=180224 Len=0 TSval=3045552417 TSecr=2916032638"
"3608","28.564069644","192.168.1.2","192.168.1.55","TCP","66","49796  >  8004 [ACK] Seq=144 Ack=398390 Win=180224 Len=0 TSval=3045552418 TSecr=2916032639"
"3609","28.564077274","192.168.1.2","192.168.1.55","TCP","66","49796  >  8004 [ACK] Seq=144 Ack=399838 Win=183296 Len=0 TSval=3045552418 TSecr=2916032639"
"3610","28.564104163","192.168.1.2","192.168.1.55","TCP","66","49796  >  8004 [ACK] Seq=144 Ack=403174 Win=189440 Len=0 TSval=3045552419 TSecr=2916032639"
"3611","28.570023654","192.168.1.2","192.168.1.55","TCP","66","49796  >  8004 [ACK] Seq=144 Ack=429238 Win=166912 Len=0 TSval=3045552424 TSecr=2916032643"
"3612","28.570176339","192.168.1.2","192.168.1.55","TCP","66","49796  >  8004 [ACK] Seq=144 Ack=444726 Win=152576 Len=0 TSval=3045552425 TSecr=2916032643"
"3613","28.570182024","192.168.1.2","192.168.1.55","TCP","66","49796  >  8004 [ACK] Seq=144 Ack=475134 Win=143360 Len=0 TSval=3045552425 TSecr=2916032644"
"3614","28.570186191","192.168.1.2","192.168.1.55","TCP","66","49796  >  8004 [ACK] Seq=144 Ack=482374 Win=157696 Len=0 TSval=3045552425 TSecr=2916032644"
"3615","28.571436489","192.168.1.2","192.168.1.55","TCP","66","49796  >  8004 [ACK] Seq=144 Ack=498302 Win=177152 Len=0 TSval=3045552426 TSecr=2916032644"
"3616","28.573049232","192.168.1.2","192.168.1.55","TCP","66","49796  >  8004 [FIN, ACK] Seq=144 Ack=498459 Win=192512 Len=0 TSval=3045552427 TSecr=2916032644"
"3617","28.573158177","192.168.1.55","192.168.1.2","TCP","66","8004  >  49796 [ACK] Seq=498459 Ack=145 Win=65024 Len=0 TSval=2916032653 TSecr=3045552427"
"3618","28.573249214","192.168.1.2","192.168.1.55","TCP","74","49812  >  8004 [SYN] Seq=0 Win=64240 Len=0 MSS=1460 SACK_PERM TSval=3045552428 TSecr=0 WS=1024"
"3619","28.573298399","192.168.1.55","192.168.1.2","TCP","74","8004  >  49812 [SYN, ACK] Seq=0 Ack=1 Win=65160 Len=0 MSS=1460 SACK_PERM TSval=2916032653 TSecr=3045552428 WS=128"
"3620","28.576683905","192.168.1.2","192.168.1.55","TCP","66","49812  >  8004 [ACK] Seq=1 Ack=1 Win=64512 Len=0 TSval=3045552431 TSecr=2916032653"
"3621","28.579837262","192.168.1.2","192.168.1.55","HTTP","206","GET /stego_benchmark.png HTTP/1.1 "
"3622","28.579875391","192.168.1.55","192.168.1.2","TCP","66","8004  >  49812 [ACK] Seq=1 Ack=141 Win=65024 Len=0 TSval=2916032660 TSecr=3045552431"
"3623","28.580542855","192.168.1.55","192.168.1.2","TCP","255","8004  >  49812 [PSH, ACK] Seq=1 Ack=141 Win=65024 Len=189 TSval=2916032661 TSecr=3045552431 [TCP segment of a reassembled PDU]"
"3624","28.580660522","192.168.1.55","192.168.1.2","TCP","1514","8004  >  49812 [ACK] Seq=190 Ack=141 Win=65024 Len=1448 TSval=2916032661 TSecr=3045552431 [TCP segment of a reassembled PDU]"
"3625","28.580664300","192.168.1.55","192.168.1.2","TCP","1514","8004  >  49812 [ACK] Seq=1638 Ack=141 Win=65024 Len=1448 TSval=2916032661 TSecr=3045552431 [TCP segment of a reassembled PDU]"
"3626","28.580665374","192.168.1.55","192.168.1.2","TCP","1514","8004  >  49812 [ACK] Seq=3086 Ack=141 Win=65024 Len=1448 TSval=2916032661 TSecr=3045552431 [TCP segment of a reassembled PDU]"
"3627","28.580666929","192.168.1.55","192.168.1.2","TCP","1514","8004  >  49812 [ACK] Seq=4534 Ack=141 Win=65024 Len=1448 TSval=2916032661 TSecr=3045552431 [TCP segment of a reassembled PDU]"
"3628","28.580668763","192.168.1.55","192.168.1.2","TCP","1514","8004  >  49812 [PSH, ACK] Seq=5982 Ack=141 Win=65024 Len=1448 TSval=2916032661 TSecr=3045552431 [TCP segment of a reassembled PDU]"
"3629","28.580694096","192.168.1.55","192.168.1.2","TCP","1514","8004  >  49812 [ACK] Seq=7430 Ack=141 Win=65024 Len=1448 TSval=2916032661 TSecr=3045552431 [TCP segment of a reassembled PDU]"
"3630","28.580695392","192.168.1.55","192.168.1.2","TCP","1514","8004  >  49812 [ACK] Seq=8878 Ack=141 Win=65024 Len=1448 TSval=2916032661 TSecr=3045552431 [TCP segment of a reassembled PDU]"
"3631","28.580696615","192.168.1.55","192.168.1.2","TCP","1514","8004  >  49812 [ACK] Seq=10326 Ack=141 Win=65024 Len=1448 TSval=2916032661 TSecr=3045552431 [TCP segment of a reassembled PDU]"
"3632","28.580697633","192.168.1.55","192.168.1.2","TCP","1514","8004  >  49812 [PSH, ACK] Seq=11774 Ack=141 Win=65024 Len=1448 TSval=2916032661 TSecr=3045552431 [TCP segment of a reassembled PDU]"
"3633","28.584106324","192.168.1.2","192.168.1.55","TCP","66","49812  >  8004 [ACK] Seq=141 Ack=190 Win=64512 Len=0 TSval=3045552438 TSecr=2916032661"
"3634","28.584176861","192.168.1.55","192.168.1.2","TCP","1514","8004  >  49812 [ACK] Seq=13222 Ack=141 Win=65024 Len=1448 TSval=2916032664 TSecr=3045552438 [TCP segment of a reassembled PDU]"
"3635","28.584184602","192.168.1.55","192.168.1.2","TCP","1514","8004  >  49812 [PSH, ACK] Seq=14670 Ack=141 Win=65024 Len=1448 TSval=2916032664 TSecr=3045552438 [TCP segment of a reassembled PDU]"
"3636","28.584254157","192.168.1.2","192.168.1.55","TCP","66","49812  >  8004 [ACK] Seq=141 Ack=4534 Win=64512 Len=0 TSval=3045552438 TSecr=2916032661"
"3637","28.584283398","192.168.1.55","192.168.1.2","TCP","1514","8004  >  49812 [ACK] Seq=16118 Ack=141 Win=65024 Len=1448 TSval=2916032664 TSecr=3045552438 [TCP segment of a reassembled PDU]"
"3638","28.584285268","192.168.1.55","192.168.1.2","TCP","1514","8004  >  49812 [ACK] Seq=17566 Ack=141 Win=65024 Len=1448 TSval=2916032664 TSecr=3045552438 [TCP segment of a reassembled PDU]"
"3639","28.584287398","192.168.1.55","192.168.1.2","TCP","1514","8004  >  49812 [ACK] Seq=19014 Ack=141 Win=65024 Len=1448 TSval=2916032664 TSecr=3045552438 [TCP segment of a reassembled PDU]"
"3640","28.584288805","192.168.1.55","192.168.1.2","TCP","1514","8004  >  49812 [ACK] Seq=20462 Ack=141 Win=65024 Len=1448 TSval=2916032664 TSecr=3045552438 [TCP segment of a reassembled PDU]"
"3641","28.584290268","192.168.1.55","192.168.1.2","TCP","1514","8004  >  49812 [ACK] Seq=21910 Ack=141 Win=65024 Len=1448 TSval=2916032664 TSecr=3045552438 [TCP segment of a reassembled PDU]"
"3642","28.584302268","192.168.1.55","192.168.1.2","TCP","1514","8004  >  49812 [PSH, ACK] Seq=23358 Ack=141 Win=65024 Len=1448 TSval=2916032664 TSecr=3045552438 [TCP segment of a reassembled PDU]"
"3643","28.584314602","192.168.1.2","192.168.1.55","TCP","66","49812  >  8004 [ACK] Seq=141 Ack=7430 Win=67584 Len=0 TSval=3045552439 TSecr=2916032661"
"3644","28.584325602","192.168.1.2","192.168.1.55","TCP","66","49812  >  8004 [ACK] Seq=141 Ack=13222 Win=63488 Len=0 TSval=3045552439 TSecr=2916032661"
"3645","28.584363380","192.168.1.55","192.168.1.2","TCP","1514","8004  >  49812 [ACK] Seq=24806 Ack=141 Win=65024 Len=1448 TSval=2916032665 TSecr=3045552439 [TCP segment of a reassembled PDU]"
"3646","28.584366639","192.168.1.55","192.168.1.2","TCP","1514","8004  >  49812 [ACK] Seq=26254 Ack=141 Win=65024 Len=1448 TSval=2916032665 TSecr=3045552439 [TCP segment of a reassembled PDU]"
"3647","28.584367787","192.168.1.55","192.168.1.2","TCP","1514","8004  >  49812 [ACK] Seq=27702 Ack=141 Win=65024 Len=1448 TSval=2916032665 TSecr=3045552439 [TCP segment of a reassembled PDU]"
"3648","28.584369287","192.168.1.55","192.168.1.2","TCP","1514","8004  >  49812 [ACK] Seq=29150 Ack=141 Win=65024 Len=1448 TSval=2916032665 TSecr=3045552439 [TCP segment of a reassembled PDU]"
"3649","28.584370676","192.168.1.55","192.168.1.2","TCP","1514","8004  >  49812 [ACK] Seq=30598 Ack=141 Win=65024 Len=1448 TSval=2916032665 TSecr=3045552439 [TCP segment of a reassembled PDU]"
"3650","28.584372398","192.168.1.55","192.168.1.2","TCP","1514","8004  >  49812 [ACK] Seq=32046 Ack=141 Win=65024 Len=1448 TSval=2916032665 TSecr=3045552439 [TCP segment of a reassembled PDU]"
"3651","28.584373824","192.168.1.55","192.168.1.2","TCP","1514","8004  >  49812 [ACK] Seq=33494 Ack=141 Win=65024 Len=1448 TSval=2916032665 TSecr=3045552439 [TCP segment of a reassembled PDU]"
"3652","28.584375028","192.168.1.55","192.168.1.2","TCP","1514","8004  >  49812 [ACK] Seq=34942 Ack=141 Win=65024 Len=1448 TSval=2916032665 TSecr=3045552439 [TCP segment of a reassembled PDU]"
"3653","28.584376509","192.168.1.55","192.168.1.2","TCP","1514","8004  >  49812 [ACK] Seq=36390 Ack=141 Win=65024 Len=1448 TSval=2916032665 TSecr=3045552439 [TCP segment of a reassembled PDU]"
"3654","28.584377898","192.168.1.55","192.168.1.2","TCP","1514","8004  >  49812 [PSH, ACK] Seq=37838 Ack=141 Win=65024 Len=1448 TSval=2916032665 TSecr=3045552439 [TCP segment of a reassembled PDU]"
"3655","28.585131325","192.168.1.55","192.168.1.2","TCP","1514","8004  >  49812 [ACK] Seq=39286 Ack=141 Win=65024 Len=1448 TSval=2916032665 TSecr=3045552439 [TCP segment of a reassembled PDU]"
"3656","28.585147696","192.168.1.55","192.168.1.2","TCP","1514","8004  >  49812 [PSH, ACK] Seq=40734 Ack=141 Win=65024 Len=1448 TSval=2916032665 TSecr=3045552439 [TCP segment of a reassembled PDU]"
"3657","28.589012702","192.168.1.2","192.168.1.55","TCP","66","49812  >  8004 [ACK] Seq=141 Ack=16118 Win=67584 Len=0 TSval=3045552443 TSecr=2916032664"
"3658","28.589084535","192.168.1.55","192.168.1.2","TCP","1514","8004  >  49812 [ACK] Seq=42182 Ack=141 Win=65024 Len=1448 TSval=2916032669 TSecr=3045552443 [TCP segment of a reassembled PDU]"
"3659","28.589091276","192.168.1.55","192.168.1.2","TCP","1514","8004  >  49812 [PSH, ACK] Seq=43630 Ack=141 Win=65024 Len=1448 TSval=2916032669 TSecr=3045552443 [TCP segment of a reassembled PDU]"
"3660","28.589174850","192.168.1.2","192.168.1.55","TCP","66","49812  >  8004 [ACK] Seq=141 Ack=24806 Win=63488 Len=0 TSval=3045552443 TSecr=2916032664"
"3661","28.589217109","192.168.1.55","192.168.1.2","TCP","1514","8004  >  49812 [ACK] Seq=45078 Ack=141 Win=65024 Len=1448 TSval=2916032669 TSecr=3045552443 [TCP segment of a reassembled PDU]"
"3662","28.589219980","192.168.1.55","192.168.1.2","TCP","1514","8004  >  49812 [ACK] Seq=46526 Ack=141 Win=65024 Len=1448 TSval=2916032669 TSecr=3045552443 [TCP segment of a reassembled PDU]"
"3663","28.589221313","192.168.1.55","192.168.1.2","TCP","1514","8004  >  49812 [ACK] Seq=47974 Ack=141 Win=65024 Len=1448 TSval=2916032669 TSecr=3045552443 [TCP segment of a reassembled PDU]"
"3664","28.589223776","192.168.1.55","192.168.1.2","TCP","1514","8004  >  49812 [ACK] Seq=49422 Ack=141 Win=65024 Len=1448 TSval=2916032669 TSecr=3045552443 [TCP segment of a reassembled PDU]"
"3665","28.589225332","192.168.1.55","192.168.1.2","TCP","1514","8004  >  49812 [ACK] Seq=50870 Ack=141 Win=65024 Len=1448 TSval=2916032669 TSecr=3045552443 [TCP segment of a reassembled PDU]"
"3666","28.589226554","192.168.1.55","192.168.1.2","TCP","1514","8004  >  49812 [ACK] Seq=52318 Ack=141 Win=65024 Len=1448 TSval=2916032669 TSecr=3045552443 [TCP segment of a reassembled PDU]"
"3667","28.589227739","192.168.1.55","192.168.1.2","TCP","1514","8004  >  49812 [ACK] Seq=53766 Ack=141 Win=65024 Len=1448 TSval=2916032669 TSecr=3045552443 [TCP segment of a reassembled PDU]"
"3668","28.589228850","192.168.1.55","192.168.1.2","TCP","1514","8004  >  49812 [ACK] Seq=55214 Ack=141 Win=65024 Len=1448 TSval=2916032669 TSecr=3045552443 [TCP segment of a reassembled PDU]"
"3669","28.589230202","192.168.1.55","192.168.1.2","TCP","1514","8004  >  49812 [ACK] Seq=56662 Ack=141 Win=65024 Len=1448 TSval=2916032669 TSecr=3045552443 [TCP segment of a reassembled PDU]"
"3670","28.589231313","192.168.1.55","192.168.1.2","TCP","1514","8004  >  49812 [ACK] Seq=58110 Ack=141 Win=65024 Len=1448 TSval=2916032669 TSecr=3045552443 [TCP segment of a reassembled PDU]"
"3671","28.589232795","192.168.1.55","192.168.1.2","TCP","1514","8004  >  49812 [ACK] Seq=59558 Ack=141 Win=65024 Len=1448 TSval=2916032669 TSecr=3045552443 [TCP segment of a reassembled PDU]"
"3672","28.589234924","192.168.1.55","192.168.1.2","TCP","1514","8004  >  49812 [ACK] Seq=61006 Ack=141 Win=65024 Len=1448 TSval=2916032669 TSecr=3045552443 [TCP segment of a reassembled PDU]"
"3673","28.589236535","192.168.1.55","192.168.1.2","TCP","1514","8004  >  49812 [ACK] Seq=62454 Ack=141 Win=65024 Len=1448 TSval=2916032669 TSecr=3045552443 [TCP segment of a reassembled PDU]"
"3674","28.589237702","192.168.1.55","192.168.1.2","TCP","1514","8004  >  49812 [PSH, ACK] Seq=63902 Ack=141 Win=65024 Len=1448 TSval=2916032669 TSecr=3045552443 [TCP segment of a reassembled PDU]"
"3675","28.589242517","192.168.1.2","192.168.1.55","TCP","66","49812  >  8004 [ACK] Seq=141 Ack=36390 Win=55296 Len=0 TSval=3045552443 TSecr=2916032665"
"3676","28.589264591","192.168.1.55","192.168.1.2","TCP","1514","8004  >  49812 [ACK] Seq=65350 Ack=141 Win=65024 Len=1448 TSval=2916032669 TSecr=3045552443 [TCP segment of a reassembled PDU]"
"3677","28.589266387","192.168.1.55","192.168.1.2","TCP","1514","8004  >  49812 [ACK] Seq=66798 Ack=141 Win=65024 Len=1448 TSval=2916032669 TSecr=3045552443 [TCP segment of a reassembled PDU]"
"3678","28.589268424","192.168.1.55","192.168.1.2","TCP","1514","8004  >  49812 [ACK] Seq=68246 Ack=141 Win=65024 Len=1448 TSval=2916032669 TSecr=3045552443 [TCP segment of a reassembled PDU]"
"3679","28.589269943","192.168.1.55","192.168.1.2","TCP","1514","8004  >  49812 [ACK] Seq=69694 Ack=141 Win=65024 Len=1448 TSval=2916032669 TSecr=3045552443 [TCP segment of a reassembled PDU]"
"3680","28.589271332","192.168.1.55","192.168.1.2","TCP","1514","8004  >  49812 [ACK] Seq=71142 Ack=141 Win=65024 Len=1448 TSval=2916032669 TSecr=3045552443 [TCP segment of a reassembled PDU]"
"3681","28.589272461","192.168.1.55","192.168.1.2","TCP","1514","8004  >  49812 [ACK] Seq=72590 Ack=141 Win=65024 Len=1448 TSval=2916032669 TSecr=3045552443 [TCP segment of a reassembled PDU]"
"3682","28.589273702","192.168.1.55","192.168.1.2","TCP","1514","8004  >  49812 [ACK] Seq=74038 Ack=141 Win=65024 Len=1448 TSval=2916032669 TSecr=3045552443 [TCP segment of a reassembled PDU]"
"3683","28.589274832","192.168.1.55","192.168.1.2","TCP","1514","8004  >  49812 [PSH, ACK] Seq=75486 Ack=141 Win=65024 Len=1448 TSval=2916032669 TSecr=3045552443 [TCP segment of a reassembled PDU]"
"3684","28.589282461","192.168.1.2","192.168.1.55","TCP","66","49812  >  8004 [ACK] Seq=141 Ack=39286 Win=67584 Len=0 TSval=3045552444 TSecr=2916032665"
"3685","28.589289072","192.168.1.2","192.168.1.55","TCP","66","49812  >  8004 [ACK] Seq=141 Ack=42182 Win=67584 Len=0 TSval=3045552444 TSecr=2916032665"
"3686","28.589386665","192.168.1.55","192.168.1.2","TCP","1514","8004  >  49812 [ACK] Seq=76934 Ack=141 Win=65024 Len=1448 TSval=2916032670 TSecr=3045552444 [TCP segment of a reassembled PDU]"
"3687","28.589392813","192.168.1.55","192.168.1.2","TCP","1514","8004  >  49812 [ACK] Seq=78382 Ack=141 Win=65024 Len=1448 TSval=2916032670 TSecr=3045552444 [TCP segment of a reassembled PDU]"
"3688","28.589394591","192.168.1.55","192.168.1.2","TCP","1514","8004  >  49812 [ACK] Seq=79830 Ack=141 Win=65024 Len=1448 TSval=2916032670 TSecr=3045552444 [TCP segment of a reassembled PDU]"
"3689","28.589396221","192.168.1.55","192.168.1.2","TCP","1514","8004  >  49812 [ACK] Seq=81278 Ack=141 Win=65024 Len=1448 TSval=2916032670 TSecr=3045552444 [TCP segment of a reassembled PDU]"
"3690","28.589397721","192.168.1.55","192.168.1.2","TCP","1514","8004  >  49812 [ACK] Seq=82726 Ack=141 Win=65024 Len=1448 TSval=2916032670 TSecr=3045552444 [TCP segment of a reassembled PDU]"
"3691","28.589399517","192.168.1.55","192.168.1.2","TCP","1514","8004  >  49812 [ACK] Seq=84174 Ack=141 Win=65024 Len=1448 TSval=2916032670 TSecr=3045552444 [TCP segment of a reassembled PDU]"
"3692","28.589400869","192.168.1.55","192.168.1.2","TCP","1514","8004  >  49812 [ACK] Seq=85622 Ack=141 Win=65024 Len=1448 TSval=2916032670 TSecr=3045552444 [TCP segment of a reassembled PDU]"
"3693","28.589402536","192.168.1.55","192.168.1.2","TCP","1514","8004  >  49812 [ACK] Seq=87070 Ack=141 Win=65024 Len=1448 TSval=2916032670 TSecr=3045552444 [TCP segment of a reassembled PDU]"
"3694","28.589403776","192.168.1.55","192.168.1.2","TCP","1514","8004  >  49812 [ACK] Seq=88518 Ack=141 Win=65024 Len=1448 TSval=2916032670 TSecr=3045552444 [TCP segment of a reassembled PDU]"
"3695","28.589405499","192.168.1.55","192.168.1.2","TCP","1514","8004  >  49812 [ACK] Seq=89966 Ack=141 Win=65024 Len=1448 TSval=2916032670 TSecr=3045552444 [TCP segment of a reassembled PDU]"
"3696","28.589406610","192.168.1.55","192.168.1.2","TCP","1514","8004  >  49812 [ACK] Seq=91414 Ack=141 Win=65024 Len=1448 TSval=2916032670 TSecr=3045552444 [TCP segment of a reassembled PDU]"
"3697","28.589407813","192.168.1.55","192.168.1.2","TCP","1514","8004  >  49812 [ACK] Seq=92862 Ack=141 Win=65024 Len=1448 TSval=2916032670 TSecr=3045552444 [TCP segment of a reassembled PDU]"
"3698","28.589409480","192.168.1.55","192.168.1.2","TCP","1514","8004  >  49812 [ACK] Seq=94310 Ack=141 Win=65024 Len=1448 TSval=2916032670 TSecr=3045552444 [TCP segment of a reassembled PDU]"
"3699","28.589410999","192.168.1.55","192.168.1.2","TCP","1514","8004  >  49812 [ACK] Seq=95758 Ack=141 Win=65024 Len=1448 TSval=2916032670 TSecr=3045552444 [TCP segment of a reassembled PDU]"
"3700","28.589412832","192.168.1.55","192.168.1.2","TCP","1514","8004  >  49812 [ACK] Seq=97206 Ack=141 Win=65024 Len=1448 TSval=2916032670 TSecr=3045552444 [TCP segment of a reassembled PDU]"
"3701","28.589413980","192.168.1.55","192.168.1.2","TCP","1514","8004  >  49812 [PSH, ACK] Seq=98654 Ack=141 Win=65024 Len=1448 TSval=2916032670 TSecr=3045552444 [TCP segment of a reassembled PDU]"
"3702","28.594609062","192.168.1.2","192.168.1.55","TCP","66","49812  >  8004 [ACK] Seq=141 Ack=45078 Win=65536 Len=0 TSval=3045552449 TSecr=2916032669"
"3703","28.594644173","192.168.1.55","192.168.1.2","TCP","1514","8004  >  49812 [ACK] Seq=100102 Ack=141 Win=65024 Len=1448 TSval=2916032675 TSecr=3045552449 [TCP segment of a reassembled PDU]"
"3704","28.594647562","192.168.1.55","192.168.1.2","TCP","1514","8004  >  49812 [ACK] Seq=101550 Ack=141 Win=65024 Len=1448 TSval=2916032675 TSecr=3045552449 [TCP segment of a reassembled PDU]"
"3705","28.594649173","192.168.1.55","192.168.1.2","TCP","1514","8004  >  49812 [ACK] Seq=102998 Ack=141 Win=65024 Len=1448 TSval=2916032675 TSecr=3045552449 [TCP segment of a reassembled PDU]"
"3706","28.594651062","192.168.1.55","192.168.1.2","TCP","1514","8004  >  49812 [PSH, ACK] Seq=104446 Ack=141 Win=65024 Len=1448 TSval=2916032675 TSecr=3045552449 [TCP segment of a reassembled PDU]"
"3707","28.594932470","192.168.1.2","192.168.1.55","TCP","66","49812  >  8004 [ACK] Seq=141 Ack=65350 Win=52224 Len=0 TSval=3045552449 TSecr=2916032669"
"3708","28.594943378","192.168.1.55","192.168.1.2","TCP","1514","8004  >  49812 [ACK] Seq=105894 Ack=141 Win=65024 Len=1448 TSval=2916032675 TSecr=3045552449 [TCP segment of a reassembled PDU]"
"3709","28.594945618","192.168.1.55","192.168.1.2","TCP","1514","8004  >  49812 [ACK] Seq=107342 Ack=141 Win=65024 Len=1448 TSval=2916032675 TSecr=3045552449 [TCP segment of a reassembled PDU]"
"3710","28.594947748","192.168.1.55","192.168.1.2","TCP","1514","8004  >  49812 [PSH, ACK] Seq=108790 Ack=141 Win=65024 Len=1448 TSval=2916032675 TSecr=3045552449 [TCP segment of a reassembled PDU]"
"3711","28.594954507","192.168.1.2","192.168.1.55","TCP","66","49812  >  8004 [ACK] Seq=141 Ack=72590 Win=46080 Len=0 TSval=3045552449 TSecr=2916032669"
"3712","28.594958304","192.168.1.2","192.168.1.55","TCP","66","49812  >  8004 [ACK] Seq=141 Ack=76934 Win=66560 Len=0 TSval=3045552449 TSecr=2916032669"
"3713","28.594963100","192.168.1.2","192.168.1.55","TCP","66","49812  >  8004 [ACK] Seq=141 Ack=100102 Win=49152 Len=0 TSval=3045552449 TSecr=2916032670"
"3714","28.595037063","192.168.1.55","192.168.1.2","TCP","1514","8004  >  49812 [ACK] Seq=110238 Ack=141 Win=65024 Len=1448 TSval=2916032675 TSecr=3045552449 [TCP segment of a reassembled PDU]"
"3715","28.595042767","192.168.1.55","192.168.1.2","TCP","1514","8004  >  49812 [ACK] Seq=111686 Ack=141 Win=65024 Len=1448 TSval=2916032675 TSecr=3045552449 [TCP segment of a reassembled PDU]"
"3716","28.595044489","192.168.1.55","192.168.1.2","TCP","1514","8004  >  49812 [ACK] Seq=113134 Ack=141 Win=65024 Len=1448 TSval=2916032675 TSecr=3045552449 [TCP segment of a reassembled PDU]"
"3717","28.595047100","192.168.1.55","192.168.1.2","TCP","1514","8004  >  49812 [ACK] Seq=114582 Ack=141 Win=65024 Len=1448 TSval=2916032675 TSecr=3045552449 [TCP segment of a reassembled PDU]"
"3718","28.595048711","192.168.1.55","192.168.1.2","TCP","1514","8004  >  49812 [ACK] Seq=116030 Ack=141 Win=65024 Len=1448 TSval=2916032675 TSecr=3045552449 [TCP segment of a reassembled PDU]"
"3719","28.595051230","192.168.1.55","192.168.1.2","TCP","1514","8004  >  49812 [ACK] Seq=117478 Ack=141 Win=65024 Len=1448 TSval=2916032675 TSecr=3045552449 [TCP segment of a reassembled PDU]"
"3720","28.595052804","192.168.1.55","192.168.1.2","TCP","1514","8004  >  49812 [ACK] Seq=118926 Ack=141 Win=65024 Len=1448 TSval=2916032675 TSecr=3045552449 [TCP segment of a reassembled PDU]"
"3721","28.595054711","192.168.1.55","192.168.1.2","TCP","1514","8004  >  49812 [ACK] Seq=120374 Ack=141 Win=65024 Len=1448 TSval=2916032675 TSecr=3045552449 [TCP segment of a reassembled PDU]"
"3722","28.595056044","192.168.1.55","192.168.1.2","TCP","1514","8004  >  49812 [ACK] Seq=121822 Ack=141 Win=65024 Len=1448 TSval=2916032675 TSecr=3045552449 [TCP segment of a reassembled PDU]"
"3723","28.595057433","192.168.1.55","192.168.1.2","TCP","1514","8004  >  49812 [ACK] Seq=123270 Ack=141 Win=65024 Len=1448 TSval=2916032675 TSecr=3045552449 [TCP segment of a reassembled PDU]"
"3724","28.595059063","192.168.1.55","192.168.1.2","TCP","1514","8004  >  49812 [ACK] Seq=124718 Ack=141 Win=65024 Len=1448 TSval=2916032675 TSecr=3045552449 [TCP segment of a reassembled PDU]"
"3725","28.595060804","192.168.1.55","192.168.1.2","TCP","1514","8004  >  49812 [ACK] Seq=126166 Ack=141 Win=65024 Len=1448 TSval=2916032675 TSecr=3045552449 [TCP segment of a reassembled PDU]"
"3726","28.595062452","192.168.1.55","192.168.1.2","TCP","1514","8004  >  49812 [ACK] Seq=127614 Ack=141 Win=65024 Len=1448 TSval=2916032675 TSecr=3045552449 [TCP segment of a reassembled PDU]"
"3727","28.595064433","192.168.1.55","192.168.1.2","TCP","1514","8004  >  49812 [ACK] Seq=129062 Ack=141 Win=65024 Len=1448 TSval=2916032675 TSecr=3045552449 [TCP segment of a reassembled PDU]"
"3728","28.595066248","192.168.1.55","192.168.1.2","TCP","1514","8004  >  49812 [ACK] Seq=130510 Ack=141 Win=65024 Len=1448 TSval=2916032675 TSecr=3045552449 [TCP segment of a reassembled PDU]"
"3729","28.595068433","192.168.1.55","192.168.1.2","TCP","1514","8004  >  49812 [ACK] Seq=131958 Ack=141 Win=65024 Len=1448 TSval=2916032675 TSecr=3045552449 [TCP segment of a reassembled PDU]"
"3730","28.595069933","192.168.1.55","192.168.1.2","TCP","1514","8004  >  49812 [ACK] Seq=133406 Ack=141 Win=65024 Len=1448 TSval=2916032675 TSecr=3045552449 [TCP segment of a reassembled PDU]"
"3731","28.595071211","192.168.1.55","192.168.1.2","TCP","1514","8004  >  49812 [ACK] Seq=134854 Ack=141 Win=65024 Len=1448 TSval=2916032675 TSecr=3045552449 [TCP segment of a reassembled PDU]"
"3732","28.595074137","192.168.1.55","192.168.1.2","TCP","1514","8004  >  49812 [ACK] Seq=136302 Ack=141 Win=65024 Len=1448 TSval=2916032675 TSecr=3045552449 [TCP segment of a reassembled PDU]"
"3733","28.595075674","192.168.1.55","192.168.1.2","TCP","1514","8004  >  49812 [ACK] Seq=137750 Ack=141 Win=65024 Len=1448 TSval=2916032675 TSecr=3045552449 [TCP segment of a reassembled PDU]"
"3734","28.595077137","192.168.1.55","192.168.1.2","TCP","1514","8004  >  49812 [ACK] Seq=139198 Ack=141 Win=65024 Len=1448 TSval=2916032675 TSecr=3045552449 [TCP segment of a reassembled PDU]"
"3735","28.595079378","192.168.1.55","192.168.1.2","TCP","1514","8004  >  49812 [ACK] Seq=140646 Ack=141 Win=65024 Len=1448 TSval=2916032675 TSecr=3045552449 [TCP segment of a reassembled PDU]"
"3736","28.595081248","192.168.1.55","192.168.1.2","TCP","1466","8004  >  49812 [PSH, ACK] Seq=142094 Ack=141 Win=65024 Len=1400 TSval=2916032675 TSecr=3045552449 [TCP segment of a reassembled PDU]"
"3737","28.595093896","192.168.1.55","192.168.1.2","TCP","114","8004  >  49812 [ACK] Seq=143494 Ack=141 Win=65024 Len=48 TSval=2916032675 TSecr=3045552449 [TCP segment of a reassembled PDU]"
"3738","28.595104026","192.168.1.55","192.168.1.2","TCP","1514","8004  >  49812 [ACK] Seq=143542 Ack=141 Win=65024 Len=1448 TSval=2916032675 TSecr=3045552449 [TCP segment of a reassembled PDU]"
"3739","28.595106007","192.168.1.55","192.168.1.2","TCP","1514","8004  >  49812 [ACK] Seq=144990 Ack=141 Win=65024 Len=1448 TSval=2916032675 TSecr=3045552449 [TCP segment of a reassembled PDU]"
"3740","28.595107600","192.168.1.55","192.168.1.2","TCP","1514","8004  >  49812 [PSH, ACK] Seq=146438 Ack=141 Win=65024 Len=1448 TSval=2916032675 TSecr=3045552449 [TCP segment of a reassembled PDU]"
"3741","28.599966830","192.168.1.2","192.168.1.55","TCP","66","49812  >  8004 [ACK] Seq=141 Ack=101550 Win=66560 Len=0 TSval=3045552454 TSecr=2916032675"
"3742","28.599988626","192.168.1.55","192.168.1.2","TCP","1514","8004  >  49812 [ACK] Seq=147886 Ack=141 Win=65024 Len=1448 TSval=2916032680 TSecr=3045552454 [TCP segment of a reassembled PDU]"
"3743","28.599990867","192.168.1.55","192.168.1.2","TCP","1514","8004  >  49812 [ACK] Seq=149334 Ack=141 Win=65024 Len=1448 TSval=2916032680 TSecr=3045552454 [TCP segment of a reassembled PDU]"
"3744","28.599992126","192.168.1.55","192.168.1.2","TCP","1514","8004  >  49812 [ACK] Seq=150782 Ack=141 Win=65024 Len=1448 TSval=2916032680 TSecr=3045552454 [TCP segment of a reassembled PDU]"
"3745","28.599993293","192.168.1.55","192.168.1.2","TCP","1514","8004  >  49812 [ACK] Seq=152230 Ack=141 Win=65024 Len=1448 TSval=2916032680 TSecr=3045552454 [TCP segment of a reassembled PDU]"
"3746","28.599994441","192.168.1.55","192.168.1.2","TCP","1514","8004  >  49812 [ACK] Seq=153678 Ack=141 Win=65024 Len=1448 TSval=2916032680 TSecr=3045552454 [TCP segment of a reassembled PDU]"
"3747","28.599995682","192.168.1.55","192.168.1.2","TCP","1514","8004  >  49812 [ACK] Seq=155126 Ack=141 Win=65024 Len=1448 TSval=2916032680 TSecr=3045552454 [TCP segment of a reassembled PDU]"
"3748","28.599996830","192.168.1.55","192.168.1.2","TCP","1514","8004  >  49812 [ACK] Seq=156574 Ack=141 Win=65024 Len=1448 TSval=2916032680 TSecr=3045552454 [TCP segment of a reassembled PDU]"
"3749","28.599998108","192.168.1.55","192.168.1.2","TCP","1514","8004  >  49812 [ACK] Seq=158022 Ack=141 Win=65024 Len=1448 TSval=2916032680 TSecr=3045552454 [TCP segment of a reassembled PDU]"
"3750","28.599999330","192.168.1.55","192.168.1.2","TCP","1514","8004  >  49812 [ACK] Seq=159470 Ack=141 Win=65024 Len=1448 TSval=2916032680 TSecr=3045552454 [TCP segment of a reassembled PDU]"
"3751","28.600000589","192.168.1.55","192.168.1.2","TCP","1514","8004  >  49812 [ACK] Seq=160918 Ack=141 Win=65024 Len=1448 TSval=2916032680 TSecr=3045552454 [TCP segment of a reassembled PDU]"
"3752","28.600001848","192.168.1.55","192.168.1.2","TCP","1514","8004  >  49812 [ACK] Seq=162366 Ack=141 Win=65024 Len=1448 TSval=2916032680 TSecr=3045552454 [TCP segment of a reassembled PDU]"
"3753","28.600003015","192.168.1.55","192.168.1.2","TCP","1514","8004  >  49812 [ACK] Seq=163814 Ack=141 Win=65024 Len=1448 TSval=2916032680 TSecr=3045552454 [TCP segment of a reassembled PDU]"
"3754","28.600004219","192.168.1.55","192.168.1.2","TCP","1514","8004  >  49812 [PSH, ACK] Seq=165262 Ack=141 Win=65024 Len=1448 TSval=2916032680 TSecr=3045552454 [TCP segment of a reassembled PDU]"
"3755","28.600595238","192.168.1.2","192.168.1.55","TCP","66","49812  >  8004 [ACK] Seq=141 Ack=105894 Win=75776 Len=0 TSval=3045552454 TSecr=2916032675"
"3756","28.600609072","192.168.1.55","192.168.1.2","TCP","1514","8004  >  49812 [ACK] Seq=166710 Ack=141 Win=65024 Len=1448 TSval=2916032681 TSecr=3045552454 [TCP segment of a reassembled PDU]"
"3757","28.600610812","192.168.1.55","192.168.1.2","TCP","1514","8004  >  49812 [ACK] Seq=168158 Ack=141 Win=65024 Len=1448 TSval=2916032681 TSecr=3045552454 [TCP segment of a reassembled PDU]"
"3758","28.600612072","192.168.1.55","192.168.1.2","TCP","1514","8004  >  49812 [ACK] Seq=169606 Ack=141 Win=65024 Len=1448 TSval=2916032681 TSecr=3045552454 [TCP segment of a reassembled PDU]"
"3759","28.600613220","192.168.1.55","192.168.1.2","TCP","1514","8004  >  49812 [ACK] Seq=171054 Ack=141 Win=65024 Len=1448 TSval=2916032681 TSecr=3045552454 [TCP segment of a reassembled PDU]"
"3760","28.600614757","192.168.1.55","192.168.1.2","TCP","1514","8004  >  49812 [ACK] Seq=172502 Ack=141 Win=65024 Len=1448 TSval=2916032681 TSecr=3045552454 [TCP segment of a reassembled PDU]"
"3761","28.600615998","192.168.1.55","192.168.1.2","TCP","1514","8004  >  49812 [ACK] Seq=173950 Ack=141 Win=65024 Len=1448 TSval=2916032681 TSecr=3045552454 [TCP segment of a reassembled PDU]"
"3762","28.600617331","192.168.1.55","192.168.1.2","TCP","1514","8004  >  49812 [PSH, ACK] Seq=175398 Ack=141 Win=65024 Len=1448 TSval=2916032681 TSecr=3045552454 [TCP segment of a reassembled PDU]"
"3763","28.600621738","192.168.1.2","192.168.1.55","TCP","66","49812  >  8004 [ACK] Seq=141 Ack=110238 Win=84992 Len=0 TSval=3045552454 TSecr=2916032675"
"3764","28.600627294","192.168.1.2","192.168.1.55","TCP","66","49812  >  8004 [ACK] Seq=141 Ack=147886 Win=75776 Len=0 TSval=3045552454 TSecr=2916032675"
"3765","28.600659090","192.168.1.55","192.168.1.2","TCP","1514","8004  >  49812 [ACK] Seq=176846 Ack=141 Win=65024 Len=1448 TSval=2916032681 TSecr=3045552454 [TCP segment of a reassembled PDU]"
"3766","28.600660664","192.168.1.55","192.168.1.2","TCP","1514","8004  >  49812 [ACK] Seq=178294 Ack=141 Win=65024 Len=1448 TSval=2916032681 TSecr=3045552454 [TCP segment of a reassembled PDU]"
"3767","28.600662201","192.168.1.55","192.168.1.2","TCP","1514","8004  >  49812 [ACK] Seq=179742 Ack=141 Win=65024 Len=1448 TSval=2916032681 TSecr=3045552454 [TCP segment of a reassembled PDU]"
"3768","28.600663535","192.168.1.55","192.168.1.2","TCP","1514","8004  >  49812 [ACK] Seq=181190 Ack=141 Win=65024 Len=1448 TSval=2916032681 TSecr=3045552454 [TCP segment of a reassembled PDU]"
"3769","28.600664905","192.168.1.55","192.168.1.2","TCP","1514","8004  >  49812 [ACK] Seq=182638 Ack=141 Win=65024 Len=1448 TSval=2916032681 TSecr=3045552454 [TCP segment of a reassembled PDU]"
"3770","28.600666146","192.168.1.55","192.168.1.2","TCP","1514","8004  >  49812 [ACK] Seq=184086 Ack=141 Win=65024 Len=1448 TSval=2916032681 TSecr=3045552454 [TCP segment of a reassembled PDU]"
"3771","28.600667275","192.168.1.55","192.168.1.2","TCP","1514","8004  >  49812 [ACK] Seq=185534 Ack=141 Win=65024 Len=1448 TSval=2916032681 TSecr=3045552454 [TCP segment of a reassembled PDU]"
"3772","28.600668683","192.168.1.55","192.168.1.2","TCP","1514","8004  >  49812 [ACK] Seq=186982 Ack=141 Win=65024 Len=1448 TSval=2916032681 TSecr=3045552454 [TCP segment of a reassembled PDU]"
"3773","28.600669998","192.168.1.55","192.168.1.2","TCP","1514","8004  >  49812 [ACK] Seq=188430 Ack=141 Win=65024 Len=1448 TSval=2916032681 TSecr=3045552454 [TCP segment of a reassembled PDU]"
"3774","28.600671183","192.168.1.55","192.168.1.2","TCP","1514","8004  >  49812 [ACK] Seq=189878 Ack=141 Win=65024 Len=1448 TSval=2916032681 TSecr=3045552454 [TCP segment of a reassembled PDU]"
"3775","28.600672479","192.168.1.55","192.168.1.2","TCP","1514","8004  >  49812 [ACK] Seq=191326 Ack=141 Win=65024 Len=1448 TSval=2916032681 TSecr=3045552454 [TCP segment of a reassembled PDU]"
"3776","28.600673775","192.168.1.55","192.168.1.2","TCP","1514","8004  >  49812 [ACK] Seq=192774 Ack=141 Win=65024 Len=1448 TSval=2916032681 TSecr=3045552454 [TCP segment of a reassembled PDU]"
"3777","28.600675146","192.168.1.55","192.168.1.2","TCP","1514","8004  >  49812 [ACK] Seq=194222 Ack=141 Win=65024 Len=1448 TSval=2916032681 TSecr=3045552454 [TCP segment of a reassembled PDU]"
"3778","28.600676405","192.168.1.55","192.168.1.2","TCP","1514","8004  >  49812 [ACK] Seq=195670 Ack=141 Win=65024 Len=1448 TSval=2916032681 TSecr=3045552454 [TCP segment of a reassembled PDU]"
"3779","28.600677701","192.168.1.55","192.168.1.2","TCP","1514","8004  >  49812 [ACK] Seq=197118 Ack=141 Win=65024 Len=1448 TSval=2916032681 TSecr=3045552454 [TCP segment of a reassembled PDU]"
"3780","28.600678979","192.168.1.55","192.168.1.2","TCP","1514","8004  >  49812 [ACK] Seq=198566 Ack=141 Win=65024 Len=1448 TSval=2916032681 TSecr=3045552454 [TCP segment of a reassembled PDU]"
"3781","28.600680220","192.168.1.55","192.168.1.2","TCP","1514","8004  >  49812 [ACK] Seq=200014 Ack=141 Win=65024 Len=1448 TSval=2916032681 TSecr=3045552454 [TCP segment of a reassembled PDU]"
"3782","28.600681498","192.168.1.55","192.168.1.2","TCP","1514","8004  >  49812 [ACK] Seq=201462 Ack=141 Win=65024 Len=1448 TSval=2916032681 TSecr=3045552454 [TCP segment of a reassembled PDU]"
"3783","28.600682887","192.168.1.55","192.168.1.2","TCP","1514","8004  >  49812 [ACK] Seq=202910 Ack=141 Win=65024 Len=1448 TSval=2916032681 TSecr=3045552454 [TCP segment of a reassembled PDU]"
"3784","28.600684127","192.168.1.55","192.168.1.2","TCP","1514","8004  >  49812 [ACK] Seq=204358 Ack=141 Win=65024 Len=1448 TSval=2916032681 TSecr=3045552454 [TCP segment of a reassembled PDU]"
"3785","28.600685424","192.168.1.55","192.168.1.2","TCP","1514","8004  >  49812 [ACK] Seq=205806 Ack=141 Win=65024 Len=1448 TSval=2916032681 TSecr=3045552454 [TCP segment of a reassembled PDU]"
"3786","28.600686905","192.168.1.55","192.168.1.2","TCP","1514","8004  >  49812 [ACK] Seq=207254 Ack=141 Win=65024 Len=1448 TSval=2916032681 TSecr=3045552454 [TCP segment of a reassembled PDU]"
"3787","28.600688109","192.168.1.55","192.168.1.2","TCP","1514","8004  >  49812 [PSH, ACK] Seq=208702 Ack=141 Win=65024 Len=1448 TSval=2916032681 TSecr=3045552454 [TCP segment of a reassembled PDU]"
"3788","28.600703664","192.168.1.55","192.168.1.2","TCP","1514","8004  >  49812 [ACK] Seq=210150 Ack=141 Win=65024 Len=1448 TSval=2916032681 TSecr=3045552454 [TCP segment of a reassembled PDU]"
"3789","28.600705127","192.168.1.55","192.168.1.2","TCP","1514","8004  >  49812 [ACK] Seq=211598 Ack=141 Win=65024 Len=1448 TSval=2916032681 TSecr=3045552454 [TCP segment of a reassembled PDU]"
"3790","28.600706368","192.168.1.55","192.168.1.2","TCP","1514","8004  >  49812 [ACK] Seq=213046 Ack=141 Win=65024 Len=1448 TSval=2916032681 TSecr=3045552454 [TCP segment of a reassembled PDU]"
"3791","28.600707683","192.168.1.55","192.168.1.2","TCP","1514","8004  >  49812 [ACK] Seq=214494 Ack=141 Win=65024 Len=1448 TSval=2916032681 TSecr=3045552454 [TCP segment of a reassembled PDU]"
"3792","28.600709387","192.168.1.55","192.168.1.2","TCP","1514","8004  >  49812 [ACK] Seq=215942 Ack=141 Win=65024 Len=1448 TSval=2916032681 TSecr=3045552454 [TCP segment of a reassembled PDU]"
"3793","28.600710683","192.168.1.55","192.168.1.2","TCP","1514","8004  >  49812 [ACK] Seq=217390 Ack=141 Win=65024 Len=1448 TSval=2916032681 TSecr=3045552454 [TCP segment of a reassembled PDU]"
"3794","28.600711924","192.168.1.55","192.168.1.2","TCP","1514","8004  >  49812 [ACK] Seq=218838 Ack=141 Win=65024 Len=1448 TSval=2916032681 TSecr=3045552454 [TCP segment of a reassembled PDU]"
"3795","28.600713127","192.168.1.55","192.168.1.2","TCP","1514","8004  >  49812 [ACK] Seq=220286 Ack=141 Win=65024 Len=1448 TSval=2916032681 TSecr=3045552454 [TCP segment of a reassembled PDU]"
"3796","28.600714257","192.168.1.55","192.168.1.2","TCP","1514","8004  >  49812 [ACK] Seq=221734 Ack=141 Win=65024 Len=1448 TSval=2916032681 TSecr=3045552454 [TCP segment of a reassembled PDU]"
"3797","28.600715590","192.168.1.55","192.168.1.2","TCP","546","[TCP Window Full] 8004  >  49812 [PSH, ACK] Seq=223182 Ack=141 Win=65024 Len=480 TSval=2916032681 TSecr=3045552454 [TCP segment of a reassembled PDU]"
"3798","28.605990450","192.168.1.2","192.168.1.55","TCP","66","49812  >  8004 [ACK] Seq=141 Ack=159470 Win=92160 Len=0 TSval=3045552457 TSecr=2916032680"
"3799","28.606022024","192.168.1.55","192.168.1.2","TCP","1514","8004  >  49812 [ACK] Seq=223662 Ack=141 Win=65024 Len=1448 TSval=2916032686 TSecr=3045552457 [TCP segment of a reassembled PDU]"
"3800","28.606024802","192.168.1.55","192.168.1.2","TCP","1514","8004  >  49812 [ACK] Seq=225110 Ack=141 Win=65024 Len=1448 TSval=2916032686 TSecr=3045552457 [TCP segment of a reassembled PDU]"
"3801","28.606026265","192.168.1.55","192.168.1.2","TCP","1514","8004  >  49812 [ACK] Seq=226558 Ack=141 Win=65024 Len=1448 TSval=2916032686 TSecr=3045552457 [TCP segment of a reassembled PDU]"
"3802","28.606027895","192.168.1.55","192.168.1.2","TCP","1514","8004  >  49812 [ACK] Seq=228006 Ack=141 Win=65024 Len=1448 TSval=2916032686 TSecr=3045552457 [TCP segment of a reassembled PDU]"
"3803","28.606029228","192.168.1.55","192.168.1.2","TCP","1514","8004  >  49812 [ACK] Seq=229454 Ack=141 Win=65024 Len=1448 TSval=2916032686 TSecr=3045552457 [TCP segment of a reassembled PDU]"
"3804","28.606030413","192.168.1.55","192.168.1.2","TCP","1514","8004  >  49812 [ACK] Seq=230902 Ack=141 Win=65024 Len=1448 TSval=2916032686 TSecr=3045552457 [TCP segment of a reassembled PDU]"
"3805","28.606031839","192.168.1.55","192.168.1.2","TCP","1514","8004  >  49812 [ACK] Seq=232350 Ack=141 Win=65024 Len=1448 TSval=2916032686 TSecr=3045552457 [TCP segment of a reassembled PDU]"
"3806","28.606033450","192.168.1.55","192.168.1.2","TCP","1514","8004  >  49812 [ACK] Seq=233798 Ack=141 Win=65024 Len=1448 TSval=2916032686 TSecr=3045552457 [TCP segment of a reassembled PDU]"
"3807","28.606034710","192.168.1.55","192.168.1.2","TCP","1514","8004  >  49812 [ACK] Seq=235246 Ack=141 Win=65024 Len=1448 TSval=2916032686 TSecr=3045552457 [TCP segment of a reassembled PDU]"
"3808","28.606035950","192.168.1.55","192.168.1.2","TCP","1514","8004  >  49812 [ACK] Seq=236694 Ack=141 Win=65024 Len=1448 TSval=2916032686 TSecr=3045552457 [TCP segment of a reassembled PDU]"
"3809","28.606037265","192.168.1.55","192.168.1.2","TCP","1514","8004  >  49812 [ACK] Seq=238142 Ack=141 Win=65024 Len=1448 TSval=2916032686 TSecr=3045552457 [TCP segment of a reassembled PDU]"
"3810","28.606038543","192.168.1.55","192.168.1.2","TCP","1514","8004  >  49812 [ACK] Seq=239590 Ack=141 Win=65024 Len=1448 TSval=2916032686 TSecr=3045552457 [TCP segment of a reassembled PDU]"
"3811","28.606039710","192.168.1.55","192.168.1.2","TCP","1514","8004  >  49812 [PSH, ACK] Seq=241038 Ack=141 Win=65024 Len=1448 TSval=2916032686 TSecr=3045552457 [TCP segment of a reassembled PDU]"
"3812","28.606046821","192.168.1.55","192.168.1.2","TCP","1034","8004  >  49812 [ACK] Seq=242486 Ack=141 Win=65024 Len=968 TSval=2916032686 TSecr=3045552457 [TCP segment of a reassembled PDU]"
"3813","28.607988194","192.168.1.2","192.168.1.55","TCP","66","49812  >  8004 [ACK] Seq=141 Ack=166710 Win=96256 Len=0 TSval=3045552461 TSecr=2916032680"
"3814","28.608016472","192.168.1.55","192.168.1.2","TCP","1514","8004  >  49812 [ACK] Seq=243454 Ack=141 Win=65024 Len=1448 TSval=2916032688 TSecr=3045552461 [TCP segment of a reassembled PDU]"
"3815","28.608019676","192.168.1.55","192.168.1.2","TCP","1514","8004  >  49812 [ACK] Seq=244902 Ack=141 Win=65024 Len=1448 TSval=2916032688 TSecr=3045552461 [TCP segment of a reassembled PDU]"
"3816","28.608021157","192.168.1.55","192.168.1.2","TCP","1514","8004  >  49812 [ACK] Seq=246350 Ack=141 Win=65024 Len=1448 TSval=2916032688 TSecr=3045552461 [TCP segment of a reassembled PDU]"
"3817","28.608022528","192.168.1.55","192.168.1.2","TCP","1514","8004  >  49812 [ACK] Seq=247798 Ack=141 Win=65024 Len=1448 TSval=2916032688 TSecr=3045552461 [TCP segment of a reassembled PDU]"
"3818","28.608023991","192.168.1.55","192.168.1.2","TCP","1514","8004  >  49812 [ACK] Seq=249246 Ack=141 Win=65024 Len=1448 TSval=2916032688 TSecr=3045552461 [TCP segment of a reassembled PDU]"
"3819","28.608025398","192.168.1.55","192.168.1.2","TCP","1514","8004  >  49812 [ACK] Seq=250694 Ack=141 Win=65024 Len=1448 TSval=2916032688 TSecr=3045552461 [TCP segment of a reassembled PDU]"
"3820","28.608026713","192.168.1.55","192.168.1.2","TCP","1514","8004  >  49812 [ACK] Seq=252142 Ack=141 Win=65024 Len=1448 TSval=2916032688 TSecr=3045552461 [TCP segment of a reassembled PDU]"
"3821","28.608028157","192.168.1.55","192.168.1.2","TCP","1514","8004  >  49812 [ACK] Seq=253590 Ack=141 Win=65024 Len=1448 TSval=2916032688 TSecr=3045552461 [TCP segment of a reassembled PDU]"
"3822","28.608029453","192.168.1.55","192.168.1.2","TCP","1514","8004  >  49812 [ACK] Seq=255038 Ack=141 Win=65024 Len=1448 TSval=2916032688 TSecr=3045552461 [TCP segment of a reassembled PDU]"
"3823","28.608030805","192.168.1.55","192.168.1.2","TCP","1514","8004  >  49812 [ACK] Seq=256486 Ack=141 Win=65024 Len=1448 TSval=2916032688 TSecr=3045552461 [TCP segment of a reassembled PDU]"
"3824","28.608032213","192.168.1.55","192.168.1.2","TCP","1514","8004  >  49812 [ACK] Seq=257934 Ack=141 Win=65024 Len=1448 TSval=2916032688 TSecr=3045552461 [TCP segment of a reassembled PDU]"
"3825","28.608033639","192.168.1.55","192.168.1.2","TCP","1514","8004  >  49812 [ACK] Seq=259382 Ack=141 Win=65024 Len=1448 TSval=2916032688 TSecr=3045552461 [TCP segment of a reassembled PDU]"
"3826","28.608035379","192.168.1.55","192.168.1.2","TCP","1514","8004  >  49812 [PSH, ACK] Seq=260830 Ack=141 Win=65024 Len=1448 TSval=2916032688 TSecr=3045552461 [TCP segment of a reassembled PDU]"
"3827","28.608625103","192.168.1.2","192.168.1.55","TCP","66","49812  >  8004 [ACK] Seq=141 Ack=169606 Win=96256 Len=0 TSval=3045552461 TSecr=2916032681"
"3828","28.608633269","192.168.1.2","192.168.1.55","TCP","66","49812  >  8004 [ACK] Seq=141 Ack=176846 Win=97280 Len=0 TSval=3045552461 TSecr=2916032681"
"3829","28.608638732","192.168.1.2","192.168.1.55","TCP","66","49812  >  8004 [ACK] Seq=141 Ack=223662 Win=69632 Len=0 TSval=3045552461 TSecr=2916032681"
"3830","28.608654510","192.168.1.55","192.168.1.2","TCP","1514","8004  >  49812 [ACK] Seq=262278 Ack=141 Win=65024 Len=1448 TSval=2916032689 TSecr=3045552461 [TCP segment of a reassembled PDU]"
"3831","28.608656732","192.168.1.55","192.168.1.2","TCP","1514","8004  >  49812 [ACK] Seq=263726 Ack=141 Win=65024 Len=1448 TSval=2916032689 TSecr=3045552461 [TCP segment of a reassembled PDU]"
"3832","28.608658214","192.168.1.55","192.168.1.2","TCP","1514","8004  >  49812 [ACK] Seq=265174 Ack=141 Win=65024 Len=1448 TSval=2916032689 TSecr=3045552461 [TCP segment of a reassembled PDU]"
"3833","28.608659603","192.168.1.55","192.168.1.2","TCP","1514","8004  >  49812 [ACK] Seq=266622 Ack=141 Win=65024 Len=1448 TSval=2916032689 TSecr=3045552461 [TCP segment of a reassembled PDU]"
"3834","28.608660992","192.168.1.55","192.168.1.2","TCP","1514","8004  >  49812 [ACK] Seq=268070 Ack=141 Win=65024 Len=1448 TSval=2916032689 TSecr=3045552461 [TCP segment of a reassembled PDU]"
"3835","28.608662306","192.168.1.55","192.168.1.2","TCP","1514","8004  >  49812 [ACK] Seq=269518 Ack=141 Win=65024 Len=1448 TSval=2916032689 TSecr=3045552461 [TCP segment of a reassembled PDU]"
"3836","28.608663584","192.168.1.55","192.168.1.2","TCP","1514","8004  >  49812 [ACK] Seq=270966 Ack=141 Win=65024 Len=1448 TSval=2916032689 TSecr=3045552461 [TCP segment of a reassembled PDU]"
"3837","28.608665103","192.168.1.55","192.168.1.2","TCP","1514","8004  >  49812 [ACK] Seq=272414 Ack=141 Win=65024 Len=1448 TSval=2916032689 TSecr=3045552461 [TCP segment of a reassembled PDU]"
"3838","28.608666399","192.168.1.55","192.168.1.2","TCP","1514","8004  >  49812 [ACK] Seq=273862 Ack=141 Win=65024 Len=1448 TSval=2916032689 TSecr=3045552461 [TCP segment of a reassembled PDU]"
"3839","28.608667788","192.168.1.55","192.168.1.2","TCP","1514","8004  >  49812 [PSH, ACK] Seq=275310 Ack=141 Win=65024 Len=1448 TSval=2916032689 TSecr=3045552461 [TCP segment of a reassembled PDU]"
"3840","28.608682621","192.168.1.55","192.168.1.2","TCP","1514","8004  >  49812 [ACK] Seq=276758 Ack=141 Win=65024 Len=1448 TSval=2916032689 TSecr=3045552461 [TCP segment of a reassembled PDU]"
"3841","28.608684121","192.168.1.55","192.168.1.2","TCP","1514","8004  >  49812 [ACK] Seq=278206 Ack=141 Win=65024 Len=1448 TSval=2916032689 TSecr=3045552461 [TCP segment of a reassembled PDU]"
"3842","28.608685492","192.168.1.55","192.168.1.2","TCP","1514","8004  >  49812 [ACK] Seq=279654 Ack=141 Win=65024 Len=1448 TSval=2916032689 TSecr=3045552461 [TCP segment of a reassembled PDU]"
"3843","28.608686769","192.168.1.55","192.168.1.2","TCP","1514","8004  >  49812 [ACK] Seq=281102 Ack=141 Win=65024 Len=1448 TSval=2916032689 TSecr=3045552461 [TCP segment of a reassembled PDU]"
"3844","28.608688177","192.168.1.55","192.168.1.2","TCP","1514","8004  >  49812 [ACK] Seq=282550 Ack=141 Win=65024 Len=1448 TSval=2916032689 TSecr=3045552461 [TCP segment of a reassembled PDU]"
"3845","28.608689788","192.168.1.55","192.168.1.2","TCP","1514","8004  >  49812 [ACK] Seq=283998 Ack=141 Win=65024 Len=1448 TSval=2916032689 TSecr=3045552461 [TCP segment of a reassembled PDU]"
"3846","28.608691066","192.168.1.55","192.168.1.2","TCP","1514","8004  >  49812 [ACK] Seq=285446 Ack=141 Win=65024 Len=1448 TSval=2916032689 TSecr=3045552461 [TCP segment of a reassembled PDU]"
"3847","28.608692436","192.168.1.55","192.168.1.2","TCP","1514","8004  >  49812 [ACK] Seq=286894 Ack=141 Win=65024 Len=1448 TSval=2916032689 TSecr=3045552461 [TCP segment of a reassembled PDU]"
"3848","28.608693806","192.168.1.55","192.168.1.2","TCP","1514","8004  >  49812 [ACK] Seq=288342 Ack=141 Win=65024 Len=1448 TSval=2916032689 TSecr=3045552461 [TCP segment of a reassembled PDU]"
"3849","28.608695177","192.168.1.55","192.168.1.2","TCP","1514","8004  >  49812 [ACK] Seq=289790 Ack=141 Win=65024 Len=1448 TSval=2916032689 TSecr=3045552461 [TCP segment of a reassembled PDU]"
"3850","28.608696455","192.168.1.55","192.168.1.2","TCP","1514","8004  >  49812 [PSH, ACK] Seq=291238 Ack=141 Win=65024 Len=1448 TSval=2916032689 TSecr=3045552461 [TCP segment of a reassembled PDU]"
"3851","28.611261699","192.168.1.2","192.168.1.55","TCP","66","49812  >  8004 [ACK] Seq=141 Ack=235246 Win=92160 Len=0 TSval=3045552464 TSecr=2916032686"
"3852","28.611278255","192.168.1.55","192.168.1.2","TCP","1514","8004  >  49812 [ACK] Seq=292686 Ack=141 Win=65024 Len=1448 TSval=2916032691 TSecr=3045552464 [TCP segment of a reassembled PDU]"
"3853","28.611280977","192.168.1.55","192.168.1.2","TCP","1514","8004  >  49812 [ACK] Seq=294134 Ack=141 Win=65024 Len=1448 TSval=2916032691 TSecr=3045552464 [TCP segment of a reassembled PDU]"
"3854","28.611282310","192.168.1.55","192.168.1.2","TCP","1514","8004  >  49812 [ACK] Seq=295582 Ack=141 Win=65024 Len=1448 TSval=2916032691 TSecr=3045552464 [TCP segment of a reassembled PDU]"
"3855","28.611283644","192.168.1.55","192.168.1.2","TCP","1514","8004  >  49812 [ACK] Seq=297030 Ack=141 Win=65024 Len=1448 TSval=2916032691 TSecr=3045552464 [TCP segment of a reassembled PDU]"
"3856","28.611285070","192.168.1.55","192.168.1.2","TCP","1514","8004  >  49812 [ACK] Seq=298478 Ack=141 Win=65024 Len=1448 TSval=2916032691 TSecr=3045552464 [TCP segment of a reassembled PDU]"
"3857","28.611286366","192.168.1.55","192.168.1.2","TCP","1514","8004  >  49812 [ACK] Seq=299926 Ack=141 Win=65024 Len=1448 TSval=2916032691 TSecr=3045552464 [TCP segment of a reassembled PDU]"
"3858","28.611287866","192.168.1.55","192.168.1.2","TCP","1514","8004  >  49812 [ACK] Seq=301374 Ack=141 Win=65024 Len=1448 TSval=2916032691 TSecr=3045552464 [TCP segment of a reassembled PDU]"
"3859","28.611289181","192.168.1.55","192.168.1.2","TCP","1514","8004  >  49812 [ACK] Seq=302822 Ack=141 Win=65024 Len=1448 TSval=2916032691 TSecr=3045552464 [TCP segment of a reassembled PDU]"
"3860","28.611290477","192.168.1.55","192.168.1.2","TCP","1514","8004  >  49812 [ACK] Seq=304270 Ack=141 Win=65024 Len=1448 TSval=2916032691 TSecr=3045552464 [TCP segment of a reassembled PDU]"
"3861","28.611297810","192.168.1.55","192.168.1.2","TCP","1514","8004  >  49812 [ACK] Seq=305718 Ack=141 Win=65024 Len=1448 TSval=2916032691 TSecr=3045552464 [TCP segment of a reassembled PDU]"
"3862","28.611299310","192.168.1.55","192.168.1.2","TCP","1514","8004  >  49812 [ACK] Seq=307166 Ack=141 Win=65024 Len=1448 TSval=2916032691 TSecr=3045552464 [TCP segment of a reassembled PDU]"
"3863","28.611300699","192.168.1.55","192.168.1.2","TCP","1514","8004  >  49812 [PSH, ACK] Seq=308614 Ack=141 Win=65024 Len=1448 TSval=2916032691 TSecr=3045552464 [TCP segment of a reassembled PDU]"
"3864","28.611858459","192.168.1.2","192.168.1.55","TCP","66","49812  >  8004 [ACK] Seq=141 Ack=236694 Win=100352 Len=0 TSval=3045552465 TSecr=2916032686"
"3865","28.611864904","192.168.1.2","192.168.1.55","TCP","66","49812  >  8004 [ACK] Seq=141 Ack=242486 Win=111616 Len=0 TSval=3045552465 TSecr=2916032686"
"3866","28.611888237","192.168.1.55","192.168.1.2","TCP","1514","8004  >  49812 [ACK] Seq=310062 Ack=141 Win=65024 Len=1448 TSval=2916032692 TSecr=3045552465 [TCP segment of a reassembled PDU]"
"3867","28.611890108","192.168.1.55","192.168.1.2","TCP","1514","8004  >  49812 [ACK] Seq=311510 Ack=141 Win=65024 Len=1448 TSval=2916032692 TSecr=3045552465 [TCP segment of a reassembled PDU]"
"3868","28.611891534","192.168.1.55","192.168.1.2","TCP","1514","8004  >  49812 [ACK] Seq=312958 Ack=141 Win=65024 Len=1448 TSval=2916032692 TSecr=3045552465 [TCP segment of a reassembled PDU]"
"3869","28.611892811","192.168.1.55","192.168.1.2","TCP","1514","8004  >  49812 [ACK] Seq=314406 Ack=141 Win=65024 Len=1448 TSval=2916032692 TSecr=3045552465 [TCP segment of a reassembled PDU]"
"3870","28.611894663","192.168.1.55","192.168.1.2","TCP","1514","8004  >  49812 [ACK] Seq=315854 Ack=141 Win=65024 Len=1448 TSval=2916032692 TSecr=3045552465 [TCP segment of a reassembled PDU]"
"3871","28.611896052","192.168.1.55","192.168.1.2","TCP","1514","8004  >  49812 [ACK] Seq=317302 Ack=141 Win=65024 Len=1448 TSval=2916032692 TSecr=3045552465 [TCP segment of a reassembled PDU]"
"3872","28.611897441","192.168.1.55","192.168.1.2","TCP","1514","8004  >  49812 [ACK] Seq=318750 Ack=141 Win=65024 Len=1448 TSval=2916032692 TSecr=3045552465 [TCP segment of a reassembled PDU]"
"3873","28.611899182","192.168.1.55","192.168.1.2","TCP","1514","8004  >  49812 [ACK] Seq=320198 Ack=141 Win=65024 Len=1448 TSval=2916032692 TSecr=3045552465 [TCP segment of a reassembled PDU]"
"3874","28.611900515","192.168.1.55","192.168.1.2","TCP","1514","8004  >  49812 [ACK] Seq=321646 Ack=141 Win=65024 Len=1448 TSval=2916032692 TSecr=3045552465 [TCP segment of a reassembled PDU]"
"3875","28.611901922","192.168.1.55","192.168.1.2","TCP","1514","8004  >  49812 [ACK] Seq=323094 Ack=141 Win=65024 Len=1448 TSval=2916032692 TSecr=3045552465 [TCP segment of a reassembled PDU]"
"3876","28.611903311","192.168.1.55","192.168.1.2","TCP","1514","8004  >  49812 [ACK] Seq=324542 Ack=141 Win=65024 Len=1448 TSval=2916032692 TSecr=3045552465 [TCP segment of a reassembled PDU]"
"3877","28.611904626","192.168.1.55","192.168.1.2","TCP","1514","8004  >  49812 [ACK] Seq=325990 Ack=141 Win=65024 Len=1448 TSval=2916032692 TSecr=3045552465 [TCP segment of a reassembled PDU]"
"3878","28.611906182","192.168.1.55","192.168.1.2","TCP","1514","8004  >  49812 [ACK] Seq=327438 Ack=141 Win=65024 Len=1448 TSval=2916032692 TSecr=3045552465 [TCP segment of a reassembled PDU]"
"3879","28.611907663","192.168.1.55","192.168.1.2","TCP","1514","8004  >  49812 [ACK] Seq=328886 Ack=141 Win=65024 Len=1448 TSval=2916032692 TSecr=3045552465 [TCP segment of a reassembled PDU]"
"3880","28.611909367","192.168.1.55","192.168.1.2","TCP","1514","8004  >  49812 [ACK] Seq=330334 Ack=141 Win=65024 Len=1448 TSval=2916032692 TSecr=3045552465 [TCP segment of a reassembled PDU]"
"3881","28.611910682","192.168.1.55","192.168.1.2","TCP","1514","8004  >  49812 [ACK] Seq=331782 Ack=141 Win=65024 Len=1448 TSval=2916032692 TSecr=3045552465 [TCP segment of a reassembled PDU]"
"3882","28.611911997","192.168.1.55","192.168.1.2","TCP","1514","8004  >  49812 [ACK] Seq=333230 Ack=141 Win=65024 Len=1448 TSval=2916032692 TSecr=3045552465 [TCP segment of a reassembled PDU]"
"3883","28.611913404","192.168.1.55","192.168.1.2","TCP","1514","8004  >  49812 [ACK] Seq=334678 Ack=141 Win=65024 Len=1448 TSval=2916032692 TSecr=3045552465 [TCP segment of a reassembled PDU]"
"3884","28.611914867","192.168.1.55","192.168.1.2","TCP","1514","8004  >  49812 [ACK] Seq=336126 Ack=141 Win=65024 Len=1448 TSval=2916032692 TSecr=3045552465 [TCP segment of a reassembled PDU]"
"3885","28.611916293","192.168.1.55","192.168.1.2","TCP","1514","8004  >  49812 [ACK] Seq=337574 Ack=141 Win=65024 Len=1448 TSval=2916032692 TSecr=3045552465 [TCP segment of a reassembled PDU]"
"3886","28.611917793","192.168.1.55","192.168.1.2","TCP","1514","8004  >  49812 [ACK] Seq=339022 Ack=141 Win=65024 Len=1448 TSval=2916032692 TSecr=3045552465 [TCP segment of a reassembled PDU]"
"3887","28.611919145","192.168.1.55","192.168.1.2","TCP","1514","8004  >  49812 [ACK] Seq=340470 Ack=141 Win=65024 Len=1448 TSval=2916032692 TSecr=3045552465 [TCP segment of a reassembled PDU]"
"3888","28.611920626","192.168.1.55","192.168.1.2","TCP","1514","8004  >  49812 [PSH, ACK] Seq=341918 Ack=141 Win=65024 Len=1448 TSval=2916032692 TSecr=3045552465 [TCP segment of a reassembled PDU]"
"3889","28.611925108","192.168.1.2","192.168.1.55","TCP","66","49812  >  8004 [ACK] Seq=141 Ack=243454 Win=114688 Len=0 TSval=3045552465 TSecr=2916032686"
"3890","28.616134911","192.168.1.2","192.168.1.55","TCP","66","49812  >  8004 [ACK] Seq=141 Ack=262278 Win=130048 Len=0 TSval=3045552468 TSecr=2916032688"
"3891","28.616160577","192.168.1.55","192.168.1.2","TCP","1514","8004  >  49812 [ACK] Seq=343366 Ack=141 Win=65024 Len=1448 TSval=2916032696 TSecr=3045552468 [TCP segment of a reassembled PDU]"
"3892","28.616163059","192.168.1.55","192.168.1.2","TCP","1514","8004  >  49812 [ACK] Seq=344814 Ack=141 Win=65024 Len=1448 TSval=2916032696 TSecr=3045552468 [TCP segment of a reassembled PDU]"
"3893","28.616164374","192.168.1.55","192.168.1.2","TCP","1514","8004  >  49812 [ACK] Seq=346262 Ack=141 Win=65024 Len=1448 TSval=2916032696 TSecr=3045552468 [TCP segment of a reassembled PDU]"
"3894","28.616165744","192.168.1.55","192.168.1.2","TCP","1514","8004  >  49812 [ACK] Seq=347710 Ack=141 Win=65024 Len=1448 TSval=2916032696 TSecr=3045552468 [TCP segment of a reassembled PDU]"
"3895","28.616167096","192.168.1.55","192.168.1.2","TCP","1514","8004  >  49812 [ACK] Seq=349158 Ack=141 Win=65024 Len=1448 TSval=2916032696 TSecr=3045552468 [TCP segment of a reassembled PDU]"
"3896","28.616168374","192.168.1.55","192.168.1.2","TCP","1514","8004  >  49812 [ACK] Seq=350606 Ack=141 Win=65024 Len=1448 TSval=2916032696 TSecr=3045552468 [TCP segment of a reassembled PDU]"
"3897","28.616169651","192.168.1.55","192.168.1.2","TCP","1514","8004  >  49812 [ACK] Seq=352054 Ack=141 Win=65024 Len=1448 TSval=2916032696 TSecr=3045552468 [TCP segment of a reassembled PDU]"
"3898","28.616170966","192.168.1.55","192.168.1.2","TCP","1514","8004  >  49812 [ACK] Seq=353502 Ack=141 Win=65024 Len=1448 TSval=2916032696 TSecr=3045552468 [TCP segment of a reassembled PDU]"
"3899","28.616172355","192.168.1.55","192.168.1.2","TCP","1514","8004  >  49812 [ACK] Seq=354950 Ack=141 Win=65024 Len=1448 TSval=2916032696 TSecr=3045552468 [TCP segment of a reassembled PDU]"
"3900","28.616173725","192.168.1.55","192.168.1.2","TCP","1514","8004  >  49812 [ACK] Seq=356398 Ack=141 Win=65024 Len=1448 TSval=2916032696 TSecr=3045552468 [TCP segment of a reassembled PDU]"
"3901","28.616175077","192.168.1.55","192.168.1.2","TCP","1514","8004  >  49812 [ACK] Seq=357846 Ack=141 Win=65024 Len=1448 TSval=2916032696 TSecr=3045552468 [TCP segment of a reassembled PDU]"
"3902","28.616176503","192.168.1.55","192.168.1.2","TCP","1514","8004  >  49812 [ACK] Seq=359294 Ack=141 Win=65024 Len=1448 TSval=2916032696 TSecr=3045552468 [TCP segment of a reassembled PDU]"
"3903","28.616178207","192.168.1.55","192.168.1.2","TCP","1514","8004  >  49812 [ACK] Seq=360742 Ack=141 Win=65024 Len=1448 TSval=2916032696 TSecr=3045552468 [TCP segment of a reassembled PDU]"
"3904","28.616179466","192.168.1.55","192.168.1.2","TCP","1514","8004  >  49812 [ACK] Seq=362190 Ack=141 Win=65024 Len=1448 TSval=2916032696 TSecr=3045552468 [TCP segment of a reassembled PDU]"
"3905","28.616180874","192.168.1.55","192.168.1.2","TCP","1514","8004  >  49812 [ACK] Seq=363638 Ack=141 Win=65024 Len=1448 TSval=2916032696 TSecr=3045552468 [TCP segment of a reassembled PDU]"
"3906","28.616182133","192.168.1.55","192.168.1.2","TCP","1514","8004  >  49812 [ACK] Seq=365086 Ack=141 Win=65024 Len=1448 TSval=2916032696 TSecr=3045552468 [TCP segment of a reassembled PDU]"
"3907","28.616183448","192.168.1.55","192.168.1.2","TCP","1514","8004  >  49812 [ACK] Seq=366534 Ack=141 Win=65024 Len=1448 TSval=2916032696 TSecr=3045552468 [TCP segment of a reassembled PDU]"
"3908","28.616184837","192.168.1.55","192.168.1.2","TCP","1514","8004  >  49812 [ACK] Seq=367982 Ack=141 Win=65024 Len=1448 TSval=2916032696 TSecr=3045552468 [TCP segment of a reassembled PDU]"
"3909","28.616186096","192.168.1.55","192.168.1.2","TCP","1514","8004  >  49812 [ACK] Seq=369430 Ack=141 Win=65024 Len=1448 TSval=2916032696 TSecr=3045552468 [TCP segment of a reassembled PDU]"
"3910","28.616187355","192.168.1.55","192.168.1.2","TCP","1514","8004  >  49812 [ACK] Seq=370878 Ack=141 Win=65024 Len=1448 TSval=2916032696 TSecr=3045552468 [TCP segment of a reassembled PDU]"
"3911","28.616188725","192.168.1.55","192.168.1.2","TCP","1514","8004  >  49812 [ACK] Seq=372326 Ack=141 Win=65024 Len=1448 TSval=2916032696 TSecr=3045552468 [TCP segment of a reassembled PDU]"
"3912","28.616190040","192.168.1.55","192.168.1.2","TCP","1514","8004  >  49812 [ACK] Seq=373774 Ack=141 Win=65024 Len=1448 TSval=2916032696 TSecr=3045552468 [TCP segment of a reassembled PDU]"
"3913","28.616191392","192.168.1.55","192.168.1.2","TCP","1514","8004  >  49812 [PSH, ACK] Seq=375222 Ack=141 Win=65024 Len=1448 TSval=2916032696 TSecr=3045552468 [TCP segment of a reassembled PDU]"
"3914","28.617126727","192.168.1.2","192.168.1.55","TCP","66","49812  >  8004 [ACK] Seq=141 Ack=276758 Win=119808 Len=0 TSval=3045552468 TSecr=2916032689"
"3915","28.617134523","192.168.1.2","192.168.1.55","TCP","66","49812  >  8004 [ACK] Seq=141 Ack=292686 Win=133120 Len=0 TSval=3045552468 TSecr=2916032689"
"3916","28.617158023","192.168.1.55","192.168.1.2","TCP","1514","8004  >  49812 [ACK] Seq=376670 Ack=141 Win=65024 Len=1448 TSval=2916032697 TSecr=3045552468 [TCP segment of a reassembled PDU]"
"3917","28.617159857","192.168.1.55","192.168.1.2","TCP","1514","8004  >  49812 [ACK] Seq=378118 Ack=141 Win=65024 Len=1448 TSval=2916032697 TSecr=3045552468 [TCP segment of a reassembled PDU]"
"3918","28.617161153","192.168.1.55","192.168.1.2","TCP","1514","8004  >  49812 [ACK] Seq=379566 Ack=141 Win=65024 Len=1448 TSval=2916032697 TSecr=3045552468 [TCP segment of a reassembled PDU]"
"3919","28.617162505","192.168.1.55","192.168.1.2","TCP","1514","8004  >  49812 [ACK] Seq=381014 Ack=141 Win=65024 Len=1448 TSval=2916032697 TSecr=3045552468 [TCP segment of a reassembled PDU]"
"3920","28.617163894","192.168.1.55","192.168.1.2","TCP","1514","8004  >  49812 [ACK] Seq=382462 Ack=141 Win=65024 Len=1448 TSval=2916032697 TSecr=3045552468 [TCP segment of a reassembled PDU]"
"3921","28.617165190","192.168.1.55","192.168.1.2","TCP","1514","8004  >  49812 [ACK] Seq=383910 Ack=141 Win=65024 Len=1448 TSval=2916032697 TSecr=3045552468 [TCP segment of a reassembled PDU]"
"3922","28.617166449","192.168.1.55","192.168.1.2","TCP","1514","8004  >  49812 [ACK] Seq=385358 Ack=141 Win=65024 Len=1448 TSval=2916032697 TSecr=3045552468 [TCP segment of a reassembled PDU]"
"3923","28.617167931","192.168.1.55","192.168.1.2","TCP","1514","8004  >  49812 [ACK] Seq=386806 Ack=141 Win=65024 Len=1448 TSval=2916032697 TSecr=3045552468 [TCP segment of a reassembled PDU]"
"3924","28.617169208","192.168.1.55","192.168.1.2","TCP","1514","8004  >  49812 [ACK] Seq=388254 Ack=141 Win=65024 Len=1448 TSval=2916032697 TSecr=3045552468 [TCP segment of a reassembled PDU]"
"3925","28.617170616","192.168.1.55","192.168.1.2","TCP","1514","8004  >  49812 [ACK] Seq=389702 Ack=141 Win=65024 Len=1448 TSval=2916032697 TSecr=3045552468 [TCP segment of a reassembled PDU]"
"3926","28.617171894","192.168.1.55","192.168.1.2","TCP","1514","8004  >  49812 [ACK] Seq=391150 Ack=141 Win=65024 Len=1448 TSval=2916032697 TSecr=3045552468 [TCP segment of a reassembled PDU]"
"3927","28.617173190","192.168.1.55","192.168.1.2","TCP","1514","8004  >  49812 [ACK] Seq=392598 Ack=141 Win=65024 Len=1448 TSval=2916032697 TSecr=3045552468 [TCP segment of a reassembled PDU]"
"3928","28.617174597","192.168.1.55","192.168.1.2","TCP","1514","8004  >  49812 [ACK] Seq=394046 Ack=141 Win=65024 Len=1448 TSval=2916032697 TSecr=3045552468 [TCP segment of a reassembled PDU]"
"3929","28.617175875","192.168.1.55","192.168.1.2","TCP","1514","8004  >  49812 [ACK] Seq=395494 Ack=141 Win=65024 Len=1448 TSval=2916032697 TSecr=3045552468 [TCP segment of a reassembled PDU]"
"3930","28.617177338","192.168.1.55","192.168.1.2","TCP","1514","8004  >  49812 [ACK] Seq=396942 Ack=141 Win=65024 Len=1448 TSval=2916032697 TSecr=3045552468 [TCP segment of a reassembled PDU]"
"3931","28.617178634","192.168.1.55","192.168.1.2","TCP","1514","8004  >  49812 [ACK] Seq=398390 Ack=141 Win=65024 Len=1448 TSval=2916032697 TSecr=3045552468 [TCP segment of a reassembled PDU]"
"3932","28.617179912","192.168.1.55","192.168.1.2","TCP","1514","8004  >  49812 [ACK] Seq=399838 Ack=141 Win=65024 Len=1448 TSval=2916032697 TSecr=3045552468 [TCP segment of a reassembled PDU]"
"3933","28.617185357","192.168.1.55","192.168.1.2","TCP","1514","8004  >  49812 [ACK] Seq=401286 Ack=141 Win=65024 Len=1448 TSval=2916032697 TSecr=3045552468 [TCP segment of a reassembled PDU]"
"3934","28.617186894","192.168.1.55","192.168.1.2","TCP","1514","8004  >  49812 [ACK] Seq=402734 Ack=141 Win=65024 Len=1448 TSval=2916032697 TSecr=3045552468 [TCP segment of a reassembled PDU]"
"3935","28.617188283","192.168.1.55","192.168.1.2","TCP","1514","8004  >  49812 [ACK] Seq=404182 Ack=141 Win=65024 Len=1448 TSval=2916032697 TSecr=3045552468 [TCP segment of a reassembled PDU]"
"3936","28.617189671","192.168.1.55","192.168.1.2","TCP","1514","8004  >  49812 [ACK] Seq=405630 Ack=141 Win=65024 Len=1448 TSval=2916032697 TSecr=3045552468 [TCP segment of a reassembled PDU]"
"3937","28.617191079","192.168.1.55","192.168.1.2","TCP","1514","8004  >  49812 [ACK] Seq=407078 Ack=141 Win=65024 Len=1448 TSval=2916032697 TSecr=3045552468 [TCP segment of a reassembled PDU]"
"3938","28.617192486","192.168.1.55","192.168.1.2","TCP","1514","8004  >  49812 [PSH, ACK] Seq=408526 Ack=141 Win=65024 Len=1448 TSval=2916032697 TSecr=3045552468 [TCP segment of a reassembled PDU]"
"3939","28.617196727","192.168.1.2","192.168.1.55","TCP","66","49812  >  8004 [ACK] Seq=141 Ack=310062 Win=131072 Len=0 TSval=3045552471 TSecr=2916032691"
"3940","28.617203875","192.168.1.2","192.168.1.55","TCP","66","49812  >  8004 [ACK] Seq=141 Ack=323094 Win=121856 Len=0 TSval=3045552471 TSecr=2916032692"
"3941","28.617233190","192.168.1.55","192.168.1.2","TCP","1514","8004  >  49812 [ACK] Seq=409974 Ack=141 Win=65024 Len=1448 TSval=2916032697 TSecr=3045552471 [TCP segment of a reassembled PDU]"
"3942","28.617235190","192.168.1.55","192.168.1.2","TCP","1514","8004  >  49812 [ACK] Seq=411422 Ack=141 Win=65024 Len=1448 TSval=2916032697 TSecr=3045552471 [TCP segment of a reassembled PDU]"
"3943","28.617236560","192.168.1.55","192.168.1.2","TCP","1514","8004  >  49812 [ACK] Seq=412870 Ack=141 Win=65024 Len=1448 TSval=2916032697 TSecr=3045552471 [TCP segment of a reassembled PDU]"
"3944","28.617237875","192.168.1.55","192.168.1.2","TCP","1514","8004  >  49812 [ACK] Seq=414318 Ack=141 Win=65024 Len=1448 TSval=2916032697 TSecr=3045552471 [TCP segment of a reassembled PDU]"
"3945","28.617239320","192.168.1.55","192.168.1.2","TCP","1514","8004  >  49812 [ACK] Seq=415766 Ack=141 Win=65024 Len=1448 TSval=2916032697 TSecr=3045552471 [TCP segment of a reassembled PDU]"
"3946","28.617240653","192.168.1.55","192.168.1.2","TCP","1514","8004  >  49812 [ACK] Seq=417214 Ack=141 Win=65024 Len=1448 TSval=2916032697 TSecr=3045552471 [TCP segment of a reassembled PDU]"
"3947","28.617242023","192.168.1.55","192.168.1.2","TCP","1514","8004  >  49812 [ACK] Seq=418662 Ack=141 Win=65024 Len=1448 TSval=2916032697 TSecr=3045552471 [TCP segment of a reassembled PDU]"
"3948","28.617243375","192.168.1.55","192.168.1.2","TCP","1514","8004  >  49812 [ACK] Seq=420110 Ack=141 Win=65024 Len=1448 TSval=2916032697 TSecr=3045552471 [TCP segment of a reassembled PDU]"
"3949","28.617244820","192.168.1.55","192.168.1.2","TCP","1514","8004  >  49812 [ACK] Seq=421558 Ack=141 Win=65024 Len=1448 TSval=2916032697 TSecr=3045552471 [TCP segment of a reassembled PDU]"
"3950","28.617246153","192.168.1.55","192.168.1.2","TCP","1514","8004  >  49812 [ACK] Seq=423006 Ack=141 Win=65024 Len=1448 TSval=2916032697 TSecr=3045552471 [TCP segment of a reassembled PDU]"
"3951","28.617247560","192.168.1.55","192.168.1.2","TCP","1514","8004  >  49812 [ACK] Seq=424454 Ack=141 Win=65024 Len=1448 TSval=2916032697 TSecr=3045552471 [TCP segment of a reassembled PDU]"
"3952","28.617249042","192.168.1.55","192.168.1.2","TCP","1514","8004  >  49812 [ACK] Seq=425902 Ack=141 Win=65024 Len=1448 TSval=2916032697 TSecr=3045552471 [TCP segment of a reassembled PDU]"
"3953","28.617250394","192.168.1.55","192.168.1.2","TCP","1514","8004  >  49812 [ACK] Seq=427350 Ack=141 Win=65024 Len=1448 TSval=2916032697 TSecr=3045552471 [TCP segment of a reassembled PDU]"
"3954","28.617251709","192.168.1.55","192.168.1.2","TCP","1514","8004  >  49812 [ACK] Seq=428798 Ack=141 Win=65024 Len=1448 TSval=2916032697 TSecr=3045552471 [TCP segment of a reassembled PDU]"
"3955","28.617253134","192.168.1.55","192.168.1.2","TCP","1514","8004  >  49812 [ACK] Seq=430246 Ack=141 Win=65024 Len=1448 TSval=2916032697 TSecr=3045552471 [TCP segment of a reassembled PDU]"
"3956","28.617254597","192.168.1.55","192.168.1.2","TCP","1514","8004  >  49812 [ACK] Seq=431694 Ack=141 Win=65024 Len=1448 TSval=2916032697 TSecr=3045552471 [TCP segment of a reassembled PDU]"
"3957","28.617256023","192.168.1.55","192.168.1.2","TCP","1514","8004  >  49812 [ACK] Seq=433142 Ack=141 Win=65024 Len=1448 TSval=2916032697 TSecr=3045552471 [TCP segment of a reassembled PDU]"
"3958","28.617257560","192.168.1.55","192.168.1.2","TCP","1514","8004  >  49812 [ACK] Seq=434590 Ack=141 Win=65024 Len=1448 TSval=2916032697 TSecr=3045552471 [TCP segment of a reassembled PDU]"
"3959","28.617258968","192.168.1.55","192.168.1.2","TCP","1514","8004  >  49812 [ACK] Seq=436038 Ack=141 Win=65024 Len=1448 TSval=2916032697 TSecr=3045552471 [TCP segment of a reassembled PDU]"
"3960","28.617260486","192.168.1.55","192.168.1.2","TCP","1514","8004  >  49812 [ACK] Seq=437486 Ack=141 Win=65024 Len=1448 TSval=2916032697 TSecr=3045552471 [TCP segment of a reassembled PDU]"
"3961","28.617261820","192.168.1.55","192.168.1.2","TCP","1514","8004  >  49812 [ACK] Seq=438934 Ack=141 Win=65024 Len=1448 TSval=2916032697 TSecr=3045552471 [TCP segment of a reassembled PDU]"
"3962","28.617263227","192.168.1.55","192.168.1.2","TCP","1514","8004  >  49812 [ACK] Seq=440382 Ack=141 Win=65024 Len=1448 TSval=2916032697 TSecr=3045552471 [TCP segment of a reassembled PDU]"
"3963","28.617264505","192.168.1.55","192.168.1.2","TCP","1514","8004  >  49812 [PSH, ACK] Seq=441830 Ack=141 Win=65024 Len=1448 TSval=2916032697 TSecr=3045552471 [TCP segment of a reassembled PDU]"
"3964","28.617296079","192.168.1.2","192.168.1.55","TCP","66","49812  >  8004 [ACK] Seq=141 Ack=341918 Win=131072 Len=0 TSval=3045552472 TSecr=2916032692"
"3965","28.623635996","192.168.1.2","192.168.1.55","TCP","66","49812  >  8004 [ACK] Seq=141 Ack=343366 Win=136192 Len=0 TSval=3045552473 TSecr=2916032692"
"3966","28.623664441","192.168.1.55","192.168.1.2","TCP","1514","8004  >  49812 [ACK] Seq=443278 Ack=141 Win=65024 Len=1448 TSval=2916032704 TSecr=3045552473 [TCP segment of a reassembled PDU]"
"3967","28.623667015","192.168.1.55","192.168.1.2","TCP","1514","8004  >  49812 [ACK] Seq=444726 Ack=141 Win=65024 Len=1448 TSval=2916032704 TSecr=3045552473 [TCP segment of a reassembled PDU]"
"3968","28.623668441","192.168.1.55","192.168.1.2","TCP","1514","8004  >  49812 [ACK] Seq=446174 Ack=141 Win=65024 Len=1448 TSval=2916032704 TSecr=3045552473 [TCP segment of a reassembled PDU]"
"3969","28.623669848","192.168.1.55","192.168.1.2","TCP","1514","8004  >  49812 [ACK] Seq=447622 Ack=141 Win=65024 Len=1448 TSval=2916032704 TSecr=3045552473 [TCP segment of a reassembled PDU]"
"3970","28.623671219","192.168.1.55","192.168.1.2","TCP","1514","8004  >  49812 [ACK] Seq=449070 Ack=141 Win=65024 Len=1448 TSval=2916032704 TSecr=3045552473 [TCP segment of a reassembled PDU]"
"3971","28.623672626","192.168.1.55","192.168.1.2","TCP","1514","8004  >  49812 [ACK] Seq=450518 Ack=141 Win=65024 Len=1448 TSval=2916032704 TSecr=3045552473 [TCP segment of a reassembled PDU]"
"3972","28.623674015","192.168.1.55","192.168.1.2","TCP","1514","8004  >  49812 [ACK] Seq=451966 Ack=141 Win=65024 Len=1448 TSval=2916032704 TSecr=3045552473 [TCP segment of a reassembled PDU]"
"3973","28.623675441","192.168.1.55","192.168.1.2","TCP","1514","8004  >  49812 [ACK] Seq=453414 Ack=141 Win=65024 Len=1448 TSval=2916032704 TSecr=3045552473 [TCP segment of a reassembled PDU]"
"3974","28.623676867","192.168.1.55","192.168.1.2","TCP","1514","8004  >  49812 [ACK] Seq=454862 Ack=141 Win=65024 Len=1448 TSval=2916032704 TSecr=3045552473 [TCP segment of a reassembled PDU]"
"3975","28.623678274","192.168.1.55","192.168.1.2","TCP","1514","8004  >  49812 [ACK] Seq=456310 Ack=141 Win=65024 Len=1448 TSval=2916032704 TSecr=3045552473 [TCP segment of a reassembled PDU]"
"3976","28.623679626","192.168.1.55","192.168.1.2","TCP","1514","8004  >  49812 [ACK] Seq=457758 Ack=141 Win=65024 Len=1448 TSval=2916032704 TSecr=3045552473 [TCP segment of a reassembled PDU]"
"3977","28.623681107","192.168.1.55","192.168.1.2","TCP","1514","8004  >  49812 [ACK] Seq=459206 Ack=141 Win=65024 Len=1448 TSval=2916032704 TSecr=3045552473 [TCP segment of a reassembled PDU]"
"3978","28.623682478","192.168.1.55","192.168.1.2","TCP","1514","8004  >  49812 [ACK] Seq=460654 Ack=141 Win=65024 Len=1448 TSval=2916032704 TSecr=3045552473 [TCP segment of a reassembled PDU]"
"3979","28.623683867","192.168.1.55","192.168.1.2","TCP","1514","8004  >  49812 [ACK] Seq=462102 Ack=141 Win=65024 Len=1448 TSval=2916032704 TSecr=3045552473 [TCP segment of a reassembled PDU]"
"3980","28.623685237","192.168.1.55","192.168.1.2","TCP","1514","8004  >  49812 [ACK] Seq=463550 Ack=141 Win=65024 Len=1448 TSval=2916032704 TSecr=3045552473 [TCP segment of a reassembled PDU]"
"3981","28.623686515","192.168.1.55","192.168.1.2","TCP","1514","8004  >  49812 [ACK] Seq=464998 Ack=141 Win=65024 Len=1448 TSval=2916032704 TSecr=3045552473 [TCP segment of a reassembled PDU]"
"3982","28.623687922","192.168.1.55","192.168.1.2","TCP","1514","8004  >  49812 [ACK] Seq=466446 Ack=141 Win=65024 Len=1448 TSval=2916032704 TSecr=3045552473 [TCP segment of a reassembled PDU]"
"3983","28.623689293","192.168.1.55","192.168.1.2","TCP","1514","8004  >  49812 [ACK] Seq=467894 Ack=141 Win=65024 Len=1448 TSval=2916032704 TSecr=3045552473 [TCP segment of a reassembled PDU]"
"3984","28.623690589","192.168.1.55","192.168.1.2","TCP","1514","8004  >  49812 [ACK] Seq=469342 Ack=141 Win=65024 Len=1448 TSval=2916032704 TSecr=3045552473 [TCP segment of a reassembled PDU]"
"3985","28.623692367","192.168.1.55","192.168.1.2","TCP","1514","8004  >  49812 [ACK] Seq=470790 Ack=141 Win=65024 Len=1448 TSval=2916032704 TSecr=3045552473 [TCP segment of a reassembled PDU]"
"3986","28.623693830","192.168.1.55","192.168.1.2","TCP","1514","8004  >  49812 [ACK] Seq=472238 Ack=141 Win=65024 Len=1448 TSval=2916032704 TSecr=3045552473 [TCP segment of a reassembled PDU]"
"3987","28.623695274","192.168.1.55","192.168.1.2","TCP","1514","8004  >  49812 [ACK] Seq=473686 Ack=141 Win=65024 Len=1448 TSval=2916032704 TSecr=3045552473 [TCP segment of a reassembled PDU]"
"3988","28.623696663","192.168.1.55","192.168.1.2","TCP","1514","8004  >  49812 [PSH, ACK] Seq=475134 Ack=141 Win=65024 Len=1448 TSval=2916032704 TSecr=3045552473 [TCP segment of a reassembled PDU]"
"3989","28.624632979","192.168.1.2","192.168.1.55","TCP","66","49812  >  8004 [ACK] Seq=141 Ack=353502 Win=136192 Len=0 TSval=3045552478 TSecr=2916032696"
"3990","28.624640516","192.168.1.2","192.168.1.55","TCP","66","49812  >  8004 [ACK] Seq=141 Ack=438934 Win=83968 Len=0 TSval=3045552478 TSecr=2916032696"
"3991","28.624714887","192.168.1.55","192.168.1.2","TCP","1514","8004  >  49812 [ACK] Seq=476582 Ack=141 Win=65024 Len=1448 TSval=2916032705 TSecr=3045552478 [TCP segment of a reassembled PDU]"
"3992","28.624716776","192.168.1.55","192.168.1.2","TCP","1514","8004  >  49812 [ACK] Seq=478030 Ack=141 Win=65024 Len=1448 TSval=2916032705 TSecr=3045552478 [TCP segment of a reassembled PDU]"
"3993","28.624718054","192.168.1.55","192.168.1.2","TCP","1514","8004  >  49812 [ACK] Seq=479478 Ack=141 Win=65024 Len=1448 TSval=2916032705 TSecr=3045552478 [TCP segment of a reassembled PDU]"
"3994","28.624719479","192.168.1.55","192.168.1.2","TCP","1514","8004  >  49812 [ACK] Seq=480926 Ack=141 Win=65024 Len=1448 TSval=2916032705 TSecr=3045552478 [TCP segment of a reassembled PDU]"
"3995","28.624720757","192.168.1.55","192.168.1.2","TCP","1514","8004  >  49812 [ACK] Seq=482374 Ack=141 Win=65024 Len=1448 TSval=2916032705 TSecr=3045552478 [TCP segment of a reassembled PDU]"
"3996","28.624721998","192.168.1.55","192.168.1.2","TCP","1514","8004  >  49812 [ACK] Seq=483822 Ack=141 Win=65024 Len=1448 TSval=2916032705 TSecr=3045552478 [TCP segment of a reassembled PDU]"
"3997","28.624723331","192.168.1.55","192.168.1.2","TCP","1514","8004  >  49812 [ACK] Seq=485270 Ack=141 Win=65024 Len=1448 TSval=2916032705 TSecr=3045552478 [TCP segment of a reassembled PDU]"
"3998","28.624724702","192.168.1.55","192.168.1.2","TCP","1514","8004  >  49812 [ACK] Seq=486718 Ack=141 Win=65024 Len=1448 TSval=2916032705 TSecr=3045552478 [TCP segment of a reassembled PDU]"
"3999","28.624726146","192.168.1.55","192.168.1.2","TCP","1514","8004  >  49812 [ACK] Seq=488166 Ack=141 Win=65024 Len=1448 TSval=2916032705 TSecr=3045552478 [TCP segment of a reassembled PDU]"
"4000","28.624727702","192.168.1.55","192.168.1.2","TCP","1514","8004  >  49812 [ACK] Seq=489614 Ack=141 Win=65024 Len=1448 TSval=2916032705 TSecr=3045552478 [TCP segment of a reassembled PDU]"
"4001","28.624729072","192.168.1.55","192.168.1.2","TCP","1514","8004  >  49812 [ACK] Seq=491062 Ack=141 Win=65024 Len=1448 TSval=2916032705 TSecr=3045552478 [TCP segment of a reassembled PDU]"
"4002","28.624730516","192.168.1.55","192.168.1.2","TCP","1514","8004  >  49812 [ACK] Seq=492510 Ack=141 Win=65024 Len=1448 TSval=2916032705 TSecr=3045552478 [TCP segment of a reassembled PDU]"
"4003","28.624731776","192.168.1.55","192.168.1.2","TCP","1514","8004  >  49812 [ACK] Seq=493958 Ack=141 Win=65024 Len=1448 TSval=2916032705 TSecr=3045552478 [TCP segment of a reassembled PDU]"
"4004","28.624733128","192.168.1.55","192.168.1.2","TCP","1514","8004  >  49812 [ACK] Seq=495406 Ack=141 Win=65024 Len=1448 TSval=2916032705 TSecr=3045552478 [TCP segment of a reassembled PDU]"
"4005","28.624734554","192.168.1.55","192.168.1.2","TCP","1514","8004  >  49812 [ACK] Seq=496854 Ack=141 Win=65024 Len=1448 TSval=2916032705 TSecr=3045552478 [TCP segment of a reassembled PDU]"
"4006","28.624735850","192.168.1.55","192.168.1.2","HTTP","1472","HTTP/1.0 200 OK  (PNG)"
"4007","28.624740368","192.168.1.2","192.168.1.55","TCP","66","49812  >  8004 [ACK] Seq=141 Ack=440382 Win=139264 Len=0 TSval=3045552479 TSecr=2916032697"
"4008","28.624745387","192.168.1.2","192.168.1.55","TCP","66","49812  >  8004 [ACK] Seq=141 Ack=443278 Win=143360 Len=0 TSval=3045552479 TSecr=2916032697"
"4009","28.628971875","192.168.1.2","192.168.1.55","TCP","66","49812  >  8004 [ACK] Seq=141 Ack=467894 Win=126976 Len=0 TSval=3045552482 TSecr=2916032704"
"4010","28.629101505","192.168.1.2","192.168.1.55","TCP","66","49812  >  8004 [ACK] Seq=141 Ack=476582 Win=137216 Len=0 TSval=3045552484 TSecr=2916032704"
"4011","28.629107894","192.168.1.2","192.168.1.55","TCP","66","49812  >  8004 [ACK] Seq=141 Ack=498302 Win=186368 Len=0 TSval=3045552484 TSecr=2916032705"
"4012","28.630887711","192.168.1.2","192.168.1.55","TCP","66","49812  >  8004 [FIN, ACK] Seq=141 Ack=499709 Win=189440 Len=0 TSval=3045552485 TSecr=2916032705"
"4013","28.630900156","192.168.1.55","192.168.1.2","TCP","66","8004  >  49812 [ACK] Seq=499709 Ack=142 Win=65024 Len=0 TSval=2916032711 TSecr=3045552485"
"4014","28.631011656","192.168.1.2","192.168.1.55","TCP","74","49822  >  8004 [SYN] Seq=0 Win=64240 Len=0 MSS=1460 SACK_PERM TSval=3045552486 TSecr=0 WS=1024"
"4015","28.631036841","192.168.1.55","192.168.1.2","TCP","74","8004  >  49822 [SYN, ACK] Seq=0 Ack=1 Win=65160 Len=0 MSS=1460 SACK_PERM TSval=2916032711 TSecr=3045552486 WS=128"
"4016","28.634122105","192.168.1.2","192.168.1.55","TCP","66","49822  >  8004 [ACK] Seq=1 Ack=1 Win=64512 Len=0 TSval=3045552489 TSecr=2916032711"
"4017","28.637333610","192.168.1.2","192.168.1.55","HTTP","209","GET /original_benchmark.png HTTP/1.1 "
"4018","28.637344481","192.168.1.55","192.168.1.2","TCP","66","8004  >  49822 [ACK] Seq=1 Ack=144 Win=65024 Len=0 TSval=2916032718 TSecr=3045552489"
"4019","28.637817389","192.168.1.55","192.168.1.2","TCP","255","8004  >  49822 [PSH, ACK] Seq=1 Ack=144 Win=65024 Len=189 TSval=2916032718 TSecr=3045552489 [TCP segment of a reassembled PDU]"
"4020","28.637905167","192.168.1.55","192.168.1.2","TCP","1514","8004  >  49822 [ACK] Seq=190 Ack=144 Win=65024 Len=1448 TSval=2916032718 TSecr=3045552489 [TCP segment of a reassembled PDU]"
"4021","28.637909463","192.168.1.55","192.168.1.2","TCP","1514","8004  >  49822 [ACK] Seq=1638 Ack=144 Win=65024 Len=1448 TSval=2916032718 TSecr=3045552489 [TCP segment of a reassembled PDU]"
"4022","28.637910796","192.168.1.55","192.168.1.2","TCP","1514","8004  >  49822 [ACK] Seq=3086 Ack=144 Win=65024 Len=1448 TSval=2916032718 TSecr=3045552489 [TCP segment of a reassembled PDU]"
"4023","28.637912222","192.168.1.55","192.168.1.2","TCP","1514","8004  >  49822 [ACK] Seq=4534 Ack=144 Win=65024 Len=1448 TSval=2916032718 TSecr=3045552489 [TCP segment of a reassembled PDU]"
"4024","28.637913593","192.168.1.55","192.168.1.2","TCP","1514","8004  >  49822 [PSH, ACK] Seq=5982 Ack=144 Win=65024 Len=1448 TSval=2916032718 TSecr=3045552489 [TCP segment of a reassembled PDU]"
"4025","28.637930482","192.168.1.55","192.168.1.2","TCP","1514","8004  >  49822 [ACK] Seq=7430 Ack=144 Win=65024 Len=1448 TSval=2916032718 TSecr=3045552489 [TCP segment of a reassembled PDU]"
"4026","28.637932222","192.168.1.55","192.168.1.2","TCP","1514","8004  >  49822 [ACK] Seq=8878 Ack=144 Win=65024 Len=1448 TSval=2916032718 TSecr=3045552489 [TCP segment of a reassembled PDU]"
"4027","28.637933500","192.168.1.55","192.168.1.2","TCP","1514","8004  >  49822 [ACK] Seq=10326 Ack=144 Win=65024 Len=1448 TSval=2916032718 TSecr=3045552489 [TCP segment of a reassembled PDU]"
"4028","28.637934741","192.168.1.55","192.168.1.2","TCP","1514","8004  >  49822 [PSH, ACK] Seq=11774 Ack=144 Win=65024 Len=1448 TSval=2916032718 TSecr=3045552489 [TCP segment of a reassembled PDU]"
"4029","28.641444080","192.168.1.2","192.168.1.55","TCP","66","49822  >  8004 [ACK] Seq=144 Ack=190 Win=64512 Len=0 TSval=3045552496 TSecr=2916032718"
"4030","28.641476061","192.168.1.55","192.168.1.2","TCP","1514","8004  >  49822 [ACK] Seq=13222 Ack=144 Win=65024 Len=1448 TSval=2916032722 TSecr=3045552496 [TCP segment of a reassembled PDU]"
"4031","28.641479061","192.168.1.55","192.168.1.2","TCP","1514","8004  >  49822 [PSH, ACK] Seq=14670 Ack=144 Win=65024 Len=1448 TSval=2916032722 TSecr=3045552496 [TCP segment of a reassembled PDU]"
"4032","28.641548432","192.168.1.2","192.168.1.55","TCP","66","49822  >  8004 [ACK] Seq=144 Ack=5982 Win=76800 Len=0 TSval=3045552496 TSecr=2916032718"
"4033","28.641569950","192.168.1.55","192.168.1.2","TCP","1514","8004  >  49822 [ACK] Seq=16118 Ack=144 Win=65024 Len=1448 TSval=2916032722 TSecr=3045552496 [TCP segment of a reassembled PDU]"
"4034","28.641571617","192.168.1.55","192.168.1.2","TCP","1514","8004  >  49822 [ACK] Seq=17566 Ack=144 Win=65024 Len=1448 TSval=2916032722 TSecr=3045552496 [TCP segment of a reassembled PDU]"
"4035","28.641572913","192.168.1.55","192.168.1.2","TCP","1514","8004  >  49822 [ACK] Seq=19014 Ack=144 Win=65024 Len=1448 TSval=2916032722 TSecr=3045552496 [TCP segment of a reassembled PDU]"
"4036","28.641574302","192.168.1.55","192.168.1.2","TCP","1514","8004  >  49822 [ACK] Seq=20462 Ack=144 Win=65024 Len=1448 TSval=2916032722 TSecr=3045552496 [TCP segment of a reassembled PDU]"
"4037","28.641575561","192.168.1.55","192.168.1.2","TCP","1514","8004  >  49822 [ACK] Seq=21910 Ack=144 Win=65024 Len=1448 TSval=2916032722 TSecr=3045552496 [TCP segment of a reassembled PDU]"
"4038","28.641576950","192.168.1.55","192.168.1.2","TCP","1514","8004  >  49822 [ACK] Seq=23358 Ack=144 Win=65024 Len=1448 TSval=2916032722 TSecr=3045552496 [TCP segment of a reassembled PDU]"
"4039","28.641578284","192.168.1.55","192.168.1.2","TCP","1514","8004  >  49822 [PSH, ACK] Seq=24806 Ack=144 Win=65024 Len=1448 TSval=2916032722 TSecr=3045552496 [TCP segment of a reassembled PDU]"
"4040","28.641583080","192.168.1.2","192.168.1.55","TCP","66","49822  >  8004 [ACK] Seq=144 Ack=7430 Win=79872 Len=0 TSval=3045552496 TSecr=2916032718"
"4041","28.641589172","192.168.1.2","192.168.1.55","TCP","66","49822  >  8004 [ACK] Seq=144 Ack=13222 Win=87040 Len=0 TSval=3045552496 TSecr=2916032718"
"4042","28.641631747","192.168.1.55","192.168.1.2","TCP","1514","8004  >  49822 [ACK] Seq=26254 Ack=144 Win=65024 Len=1448 TSval=2916032722 TSecr=3045552496 [TCP segment of a reassembled PDU]"
"4043","28.641635654","192.168.1.55","192.168.1.2","TCP","1514","8004  >  49822 [ACK] Seq=27702 Ack=144 Win=65024 Len=1448 TSval=2916032722 TSecr=3045552496 [TCP segment of a reassembled PDU]"
"4044","28.641637173","192.168.1.55","192.168.1.2","TCP","1514","8004  >  49822 [ACK] Seq=29150 Ack=144 Win=65024 Len=1448 TSval=2916032722 TSecr=3045552496 [TCP segment of a reassembled PDU]"
"4045","28.641639691","192.168.1.55","192.168.1.2","TCP","1514","8004  >  49822 [ACK] Seq=30598 Ack=144 Win=65024 Len=1448 TSval=2916032722 TSecr=3045552496 [TCP segment of a reassembled PDU]"
"4046","28.641641635","192.168.1.55","192.168.1.2","TCP","1514","8004  >  49822 [ACK] Seq=32046 Ack=144 Win=65024 Len=1448 TSval=2916032722 TSecr=3045552496 [TCP segment of a reassembled PDU]"
"4047","28.641643635","192.168.1.55","192.168.1.2","TCP","1514","8004  >  49822 [ACK] Seq=33494 Ack=144 Win=65024 Len=1448 TSval=2916032722 TSecr=3045552496 [TCP segment of a reassembled PDU]"
"4048","28.641646358","192.168.1.55","192.168.1.2","TCP","1514","8004  >  49822 [ACK] Seq=34942 Ack=144 Win=65024 Len=1448 TSval=2916032722 TSecr=3045552496 [TCP segment of a reassembled PDU]"
"4049","28.641648098","192.168.1.55","192.168.1.2","TCP","1514","8004  >  49822 [ACK] Seq=36390 Ack=144 Win=65024 Len=1448 TSval=2916032722 TSecr=3045552496 [TCP segment of a reassembled PDU]"
"4050","28.641652598","192.168.1.55","192.168.1.2","TCP","1514","8004  >  49822 [ACK] Seq=37838 Ack=144 Win=65024 Len=1448 TSval=2916032722 TSecr=3045552496 [TCP segment of a reassembled PDU]"
"4051","28.641654302","192.168.1.55","192.168.1.2","TCP","1514","8004  >  49822 [PSH, ACK] Seq=39286 Ack=144 Win=65024 Len=1448 TSval=2916032722 TSecr=3045552496 [TCP segment of a reassembled PDU]"
"4052","28.642590118","192.168.1.55","192.168.1.2","TCP","1514","8004  >  49822 [ACK] Seq=40734 Ack=144 Win=65024 Len=1448 TSval=2916032723 TSecr=3045552496 [TCP segment of a reassembled PDU]"
"4053","28.646686773","192.168.1.2","192.168.1.55","TCP","66","49822  >  8004 [ACK] Seq=144 Ack=16118 Win=93184 Len=0 TSval=3045552501 TSecr=2916032722"
"4054","28.646740403","192.168.1.55","192.168.1.2","TCP","1514","8004  >  49822 [ACK] Seq=42182 Ack=144 Win=65024 Len=1448 TSval=2916032727 TSecr=3045552501 [TCP segment of a reassembled PDU]"
"4055","28.646745143","192.168.1.55","192.168.1.2","TCP","1514","8004  >  49822 [PSH, ACK] Seq=43630 Ack=144 Win=65024 Len=1448 TSval=2916032727 TSecr=3045552501 [TCP segment of a reassembled PDU]"
"4056","28.646816551","192.168.1.2","192.168.1.55","TCP","66","49822  >  8004 [ACK] Seq=144 Ack=26254 Win=83968 Len=0 TSval=3045552501 TSecr=2916032722"
"4057","28.646851366","192.168.1.55","192.168.1.2","TCP","1514","8004  >  49822 [ACK] Seq=45078 Ack=144 Win=65024 Len=1448 TSval=2916032727 TSecr=3045552501 [TCP segment of a reassembled PDU]"
"4058","28.646854384","192.168.1.55","192.168.1.2","TCP","1514","8004  >  49822 [ACK] Seq=46526 Ack=144 Win=65024 Len=1448 TSval=2916032727 TSecr=3045552501 [TCP segment of a reassembled PDU]"
"4059","28.646856403","192.168.1.55","192.168.1.2","TCP","1514","8004  >  49822 [ACK] Seq=47974 Ack=144 Win=65024 Len=1448 TSval=2916032727 TSecr=3045552501 [TCP segment of a reassembled PDU]"
"4060","28.646858181","192.168.1.55","192.168.1.2","TCP","1514","8004  >  49822 [ACK] Seq=49422 Ack=144 Win=65024 Len=1448 TSval=2916032727 TSecr=3045552501 [TCP segment of a reassembled PDU]"
"4061","28.646859366","192.168.1.55","192.168.1.2","TCP","1514","8004  >  49822 [ACK] Seq=50870 Ack=144 Win=65024 Len=1448 TSval=2916032727 TSecr=3045552501 [TCP segment of a reassembled PDU]"
"4062","28.646860699","192.168.1.55","192.168.1.2","TCP","1514","8004  >  49822 [ACK] Seq=52318 Ack=144 Win=65024 Len=1448 TSval=2916032727 TSecr=3045552501 [TCP segment of a reassembled PDU]"
"4063","28.646862107","192.168.1.55","192.168.1.2","TCP","1514","8004  >  49822 [ACK] Seq=53766 Ack=144 Win=65024 Len=1448 TSval=2916032727 TSecr=3045552501 [TCP segment of a reassembled PDU]"
"4064","28.646863477","192.168.1.55","192.168.1.2","TCP","1514","8004  >  49822 [ACK] Seq=55214 Ack=144 Win=65024 Len=1448 TSval=2916032727 TSecr=3045552501 [TCP segment of a reassembled PDU]"
"4065","28.646865495","192.168.1.55","192.168.1.2","TCP","1514","8004  >  49822 [ACK] Seq=56662 Ack=144 Win=65024 Len=1448 TSval=2916032727 TSecr=3045552501 [TCP segment of a reassembled PDU]"
"4066","28.646866681","192.168.1.55","192.168.1.2","TCP","1514","8004  >  49822 [ACK] Seq=58110 Ack=144 Win=65024 Len=1448 TSval=2916032727 TSecr=3045552501 [TCP segment of a reassembled PDU]"
"4067","28.646867921","192.168.1.55","192.168.1.2","TCP","1514","8004  >  49822 [ACK] Seq=59558 Ack=144 Win=65024 Len=1448 TSval=2916032727 TSecr=3045552501 [TCP segment of a reassembled PDU]"
"4068","28.646869199","192.168.1.55","192.168.1.2","TCP","1514","8004  >  49822 [ACK] Seq=61006 Ack=144 Win=65024 Len=1448 TSval=2916032727 TSecr=3045552501 [TCP segment of a reassembled PDU]"
"4069","28.646871514","192.168.1.55","192.168.1.2","TCP","1514","8004  >  49822 [ACK] Seq=62454 Ack=144 Win=65024 Len=1448 TSval=2916032727 TSecr=3045552501 [TCP segment of a reassembled PDU]"
"4070","28.646873829","192.168.1.55","192.168.1.2","TCP","1514","8004  >  49822 [PSH, ACK] Seq=63902 Ack=144 Win=65024 Len=1448 TSval=2916032727 TSecr=3045552501 [TCP segment of a reassembled PDU]"
"4071","28.646878551","192.168.1.2","192.168.1.55","TCP","66","49822  >  8004 [ACK] Seq=144 Ack=36390 Win=74752 Len=0 TSval=3045552501 TSecr=2916032722"
"4072","28.646914736","192.168.1.55","192.168.1.2","TCP","1514","8004  >  49822 [ACK] Seq=65350 Ack=144 Win=65024 Len=1448 TSval=2916032727 TSecr=3045552501 [TCP segment of a reassembled PDU]"
"4073","28.646918662","192.168.1.55","192.168.1.2","TCP","1514","8004  >  49822 [ACK] Seq=66798 Ack=144 Win=65024 Len=1448 TSval=2916032727 TSecr=3045552501 [TCP segment of a reassembled PDU]"
"4074","28.646920236","192.168.1.55","192.168.1.2","TCP","1514","8004  >  49822 [ACK] Seq=68246 Ack=144 Win=65024 Len=1448 TSval=2916032727 TSecr=3045552501 [TCP segment of a reassembled PDU]"
"4075","28.646921570","192.168.1.55","192.168.1.2","TCP","1514","8004  >  49822 [ACK] Seq=69694 Ack=144 Win=65024 Len=1448 TSval=2916032727 TSecr=3045552501 [TCP segment of a reassembled PDU]"
"4076","28.646922977","192.168.1.55","192.168.1.2","TCP","1514","8004  >  49822 [ACK] Seq=71142 Ack=144 Win=65024 Len=1448 TSval=2916032727 TSecr=3045552501 [TCP segment of a reassembled PDU]"
"4077","28.646924440","192.168.1.55","192.168.1.2","TCP","1514","8004  >  49822 [ACK] Seq=72590 Ack=144 Win=65024 Len=1448 TSval=2916032727 TSecr=3045552501 [TCP segment of a reassembled PDU]"
"4078","28.646926366","192.168.1.55","192.168.1.2","TCP","1514","8004  >  49822 [ACK] Seq=74038 Ack=144 Win=65024 Len=1448 TSval=2916032727 TSecr=3045552501 [TCP segment of a reassembled PDU]"
"4079","28.646928125","192.168.1.55","192.168.1.2","TCP","1514","8004  >  49822 [PSH, ACK] Seq=75486 Ack=144 Win=65024 Len=1448 TSval=2916032727 TSecr=3045552501 [TCP segment of a reassembled PDU]"
"4080","28.646936051","192.168.1.2","192.168.1.55","TCP","66","49822  >  8004 [ACK] Seq=144 Ack=39286 Win=93184 Len=0 TSval=3045552501 TSecr=2916032722"
"4081","28.646995996","192.168.1.2","192.168.1.55","TCP","66","49822  >  8004 [ACK] Seq=144 Ack=40734 Win=94208 Len=0 TSval=3045552501 TSecr=2916032722"
"4082","28.647003088","192.168.1.2","192.168.1.55","TCP","66","49822  >  8004 [ACK] Seq=144 Ack=42182 Win=93184 Len=0 TSval=3045552501 TSecr=2916032723"
"4083","28.647054107","192.168.1.55","192.168.1.2","TCP","1514","8004  >  49822 [ACK] Seq=76934 Ack=144 Win=65024 Len=1448 TSval=2916032727 TSecr=3045552501 [TCP segment of a reassembled PDU]"
"4084","28.647058292","192.168.1.55","192.168.1.2","TCP","1514","8004  >  49822 [ACK] Seq=78382 Ack=144 Win=65024 Len=1448 TSval=2916032727 TSecr=3045552501 [TCP segment of a reassembled PDU]"
"4085","28.647060237","192.168.1.55","192.168.1.2","TCP","1514","8004  >  49822 [ACK] Seq=79830 Ack=144 Win=65024 Len=1448 TSval=2916032727 TSecr=3045552501 [TCP segment of a reassembled PDU]"
"4086","28.647062088","192.168.1.55","192.168.1.2","TCP","1514","8004  >  49822 [ACK] Seq=81278 Ack=144 Win=65024 Len=1448 TSval=2916032727 TSecr=3045552501 [TCP segment of a reassembled PDU]"
"4087","28.647065088","192.168.1.55","192.168.1.2","TCP","1514","8004  >  49822 [ACK] Seq=82726 Ack=144 Win=65024 Len=1448 TSval=2916032727 TSecr=3045552501 [TCP segment of a reassembled PDU]"
"4088","28.647066755","192.168.1.55","192.168.1.2","TCP","1514","8004  >  49822 [ACK] Seq=84174 Ack=144 Win=65024 Len=1448 TSval=2916032727 TSecr=3045552501 [TCP segment of a reassembled PDU]"
"4089","28.647071125","192.168.1.55","192.168.1.2","TCP","1514","8004  >  49822 [ACK] Seq=85622 Ack=144 Win=65024 Len=1448 TSval=2916032727 TSecr=3045552501 [TCP segment of a reassembled PDU]"
"4090","28.647073588","192.168.1.55","192.168.1.2","TCP","1514","8004  >  49822 [ACK] Seq=87070 Ack=144 Win=65024 Len=1448 TSval=2916032727 TSecr=3045552501 [TCP segment of a reassembled PDU]"
"4091","28.647075570","192.168.1.55","192.168.1.2","TCP","1514","8004  >  49822 [ACK] Seq=88518 Ack=144 Win=65024 Len=1448 TSval=2916032727 TSecr=3045552501 [TCP segment of a reassembled PDU]"
"4092","28.647078440","192.168.1.55","192.168.1.2","TCP","1514","8004  >  49822 [ACK] Seq=89966 Ack=144 Win=65024 Len=1448 TSval=2916032727 TSecr=3045552501 [TCP segment of a reassembled PDU]"
"4093","28.647080125","192.168.1.55","192.168.1.2","TCP","1514","8004  >  49822 [ACK] Seq=91414 Ack=144 Win=65024 Len=1448 TSval=2916032727 TSecr=3045552501 [TCP segment of a reassembled PDU]"
"4094","28.647081996","192.168.1.55","192.168.1.2","TCP","1514","8004  >  49822 [ACK] Seq=92862 Ack=144 Win=65024 Len=1448 TSval=2916032727 TSecr=3045552501 [TCP segment of a reassembled PDU]"
"4095","28.647084144","192.168.1.55","192.168.1.2","TCP","1514","8004  >  49822 [ACK] Seq=94310 Ack=144 Win=65024 Len=1448 TSval=2916032727 TSecr=3045552501 [TCP segment of a reassembled PDU]"
"4096","28.647085533","192.168.1.55","192.168.1.2","TCP","1514","8004  >  49822 [PSH, ACK] Seq=95758 Ack=144 Win=65024 Len=1448 TSval=2916032727 TSecr=3045552501 [TCP segment of a reassembled PDU]"
"4097","28.648348164","192.168.1.55","192.168.1.2","TCP","1514","8004  >  49822 [ACK] Seq=97206 Ack=144 Win=65024 Len=1448 TSval=2916032729 TSecr=3045552501 [TCP segment of a reassembled PDU]"
"4098","28.648356146","192.168.1.55","192.168.1.2","TCP","1514","8004  >  49822 [PSH, ACK] Seq=98654 Ack=144 Win=65024 Len=1448 TSval=2916032729 TSecr=3045552501 [TCP segment of a reassembled PDU]"
"4099","28.652786394","192.168.1.2","192.168.1.55","TCP","66","49822  >  8004 [ACK] Seq=144 Ack=45078 Win=91136 Len=0 TSval=3045552507 TSecr=2916032727"
"4100","28.652834653","192.168.1.55","192.168.1.2","TCP","1514","8004  >  49822 [ACK] Seq=100102 Ack=144 Win=65024 Len=1448 TSval=2916032733 TSecr=3045552507 [TCP segment of a reassembled PDU]"
"4101","28.652841634","192.168.1.55","192.168.1.2","TCP","1514","8004  >  49822 [ACK] Seq=101550 Ack=144 Win=65024 Len=1448 TSval=2916032733 TSecr=3045552507 [TCP segment of a reassembled PDU]"
"4102","28.652843560","192.168.1.55","192.168.1.2","TCP","1514","8004  >  49822 [ACK] Seq=102998 Ack=144 Win=65024 Len=1448 TSval=2916032733 TSecr=3045552507 [TCP segment of a reassembled PDU]"
"4103","28.652845042","192.168.1.55","192.168.1.2","TCP","1514","8004  >  49822 [PSH, ACK] Seq=104446 Ack=144 Win=65024 Len=1448 TSval=2916032733 TSecr=3045552507 [TCP segment of a reassembled PDU]"
"4104","28.652943542","192.168.1.2","192.168.1.55","TCP","66","49822  >  8004 [ACK] Seq=144 Ack=65350 Win=75776 Len=0 TSval=3045552507 TSecr=2916032727"
"4105","28.652975468","192.168.1.55","192.168.1.2","TCP","1514","8004  >  49822 [ACK] Seq=105894 Ack=144 Win=65024 Len=1448 TSval=2916032733 TSecr=3045552507 [TCP segment of a reassembled PDU]"
"4106","28.652978209","192.168.1.55","192.168.1.2","TCP","1514","8004  >  49822 [ACK] Seq=107342 Ack=144 Win=65024 Len=1448 TSval=2916032733 TSecr=3045552507 [TCP segment of a reassembled PDU]"
"4107","28.652979820","192.168.1.55","192.168.1.2","TCP","1514","8004  >  49822 [ACK] Seq=108790 Ack=144 Win=65024 Len=1448 TSval=2916032733 TSecr=3045552507 [TCP segment of a reassembled PDU]"
"4108","28.652981709","192.168.1.55","192.168.1.2","TCP","1514","8004  >  49822 [ACK] Seq=110238 Ack=144 Win=65024 Len=1448 TSval=2916032733 TSecr=3045552507 [TCP segment of a reassembled PDU]"
"4109","28.652983727","192.168.1.55","192.168.1.2","TCP","1514","8004  >  49822 [ACK] Seq=111686 Ack=144 Win=65024 Len=1448 TSval=2916032733 TSecr=3045552507 [TCP segment of a reassembled PDU]"
"4110","28.652985783","192.168.1.55","192.168.1.2","TCP","1514","8004  >  49822 [ACK] Seq=113134 Ack=144 Win=65024 Len=1448 TSval=2916032733 TSecr=3045552507 [TCP segment of a reassembled PDU]"
"4111","28.652988449","192.168.1.55","192.168.1.2","TCP","1514","8004  >  49822 [ACK] Seq=114582 Ack=144 Win=65024 Len=1448 TSval=2916032733 TSecr=3045552507 [TCP segment of a reassembled PDU]"
"4112","28.652990172","192.168.1.55","192.168.1.2","TCP","1514","8004  >  49822 [ACK] Seq=116030 Ack=144 Win=65024 Len=1448 TSval=2916032733 TSecr=3045552507 [TCP segment of a reassembled PDU]"
"4113","28.652991524","192.168.1.55","192.168.1.2","TCP","1514","8004  >  49822 [ACK] Seq=117478 Ack=144 Win=65024 Len=1448 TSval=2916032733 TSecr=3045552507 [TCP segment of a reassembled PDU]"
"4114","28.652993616","192.168.1.55","192.168.1.2","TCP","1514","8004  >  49822 [PSH, ACK] Seq=118926 Ack=144 Win=65024 Len=1448 TSval=2916032733 TSecr=3045552507 [TCP segment of a reassembled PDU]"
"4115","28.653002357","192.168.1.2","192.168.1.55","TCP","66","49822  >  8004 [ACK] Seq=144 Ack=69694 Win=71680 Len=0 TSval=3045552507 TSecr=2916032727"
"4116","28.653013116","192.168.1.2","192.168.1.55","TCP","66","49822  >  8004 [ACK] Seq=144 Ack=100102 Win=64512 Len=0 TSval=3045552507 TSecr=2916032727"
"4117","28.653175191","192.168.1.55","192.168.1.2","TCP","1514","8004  >  49822 [ACK] Seq=120374 Ack=144 Win=65024 Len=1448 TSval=2916032733 TSecr=3045552507 [TCP segment of a reassembled PDU]"
"4118","28.653183357","192.168.1.55","192.168.1.2","TCP","1514","8004  >  49822 [ACK] Seq=121822 Ack=144 Win=65024 Len=1448 TSval=2916032733 TSecr=3045552507 [TCP segment of a reassembled PDU]"
"4119","28.653185079","192.168.1.55","192.168.1.2","TCP","1514","8004  >  49822 [ACK] Seq=123270 Ack=144 Win=65024 Len=1448 TSval=2916032733 TSecr=3045552507 [TCP segment of a reassembled PDU]"
"4120","28.653187172","192.168.1.55","192.168.1.2","TCP","1514","8004  >  49822 [ACK] Seq=124718 Ack=144 Win=65024 Len=1448 TSval=2916032733 TSecr=3045552507 [TCP segment of a reassembled PDU]"
"4121","28.653188598","192.168.1.55","192.168.1.2","TCP","1514","8004  >  49822 [ACK] Seq=126166 Ack=144 Win=65024 Len=1448 TSval=2916032733 TSecr=3045552507 [TCP segment of a reassembled PDU]"
"4122","28.653190968","192.168.1.55","192.168.1.2","TCP","1514","8004  >  49822 [ACK] Seq=127614 Ack=144 Win=65024 Len=1448 TSval=2916032733 TSecr=3045552507 [TCP segment of a reassembled PDU]"
"4123","28.653193024","192.168.1.55","192.168.1.2","TCP","1514","8004  >  49822 [ACK] Seq=129062 Ack=144 Win=65024 Len=1448 TSval=2916032733 TSecr=3045552507 [TCP segment of a reassembled PDU]"
"4124","28.653194246","192.168.1.55","192.168.1.2","TCP","1514","8004  >  49822 [ACK] Seq=130510 Ack=144 Win=65024 Len=1448 TSval=2916032733 TSecr=3045552507 [TCP segment of a reassembled PDU]"
"4125","28.653195691","192.168.1.55","192.168.1.2","TCP","1514","8004  >  49822 [ACK] Seq=131958 Ack=144 Win=65024 Len=1448 TSval=2916032733 TSecr=3045552507 [TCP segment of a reassembled PDU]"
"4126","28.653207820","192.168.1.55","192.168.1.2","TCP","1514","8004  >  49822 [ACK] Seq=133406 Ack=144 Win=65024 Len=1448 TSval=2916032733 TSecr=3045552507 [TCP segment of a reassembled PDU]"
"4127","28.653209561","192.168.1.55","192.168.1.2","TCP","1514","8004  >  49822 [ACK] Seq=134854 Ack=144 Win=65024 Len=1448 TSval=2916032733 TSecr=3045552507 [TCP segment of a reassembled PDU]"
"4128","28.653212191","192.168.1.55","192.168.1.2","TCP","1514","8004  >  49822 [ACK] Seq=136302 Ack=144 Win=65024 Len=1448 TSval=2916032733 TSecr=3045552507 [TCP segment of a reassembled PDU]"
"4129","28.653213728","192.168.1.55","192.168.1.2","TCP","1514","8004  >  49822 [ACK] Seq=137750 Ack=144 Win=65024 Len=1448 TSval=2916032733 TSecr=3045552507 [TCP segment of a reassembled PDU]"
"4130","28.653215339","192.168.1.55","192.168.1.2","TCP","1514","8004  >  49822 [ACK] Seq=139198 Ack=144 Win=65024 Len=1448 TSval=2916032733 TSecr=3045552507 [TCP segment of a reassembled PDU]"
"4131","28.653216857","192.168.1.55","192.168.1.2","TCP","1514","8004  >  49822 [ACK] Seq=140646 Ack=144 Win=65024 Len=1448 TSval=2916032733 TSecr=3045552507 [TCP segment of a reassembled PDU]"
"4132","28.653218746","192.168.1.55","192.168.1.2","TCP","1514","8004  >  49822 [ACK] Seq=142094 Ack=144 Win=65024 Len=1448 TSval=2916032733 TSecr=3045552507 [TCP segment of a reassembled PDU]"
"4133","28.653220913","192.168.1.55","192.168.1.2","TCP","1514","8004  >  49822 [ACK] Seq=143542 Ack=144 Win=65024 Len=1448 TSval=2916032733 TSecr=3045552507 [TCP segment of a reassembled PDU]"
"4134","28.653222968","192.168.1.55","192.168.1.2","TCP","1514","8004  >  49822 [ACK] Seq=144990 Ack=144 Win=65024 Len=1448 TSval=2916032733 TSecr=3045552507 [TCP segment of a reassembled PDU]"
"4135","28.653225579","192.168.1.55","192.168.1.2","TCP","1514","8004  >  49822 [ACK] Seq=146438 Ack=144 Win=65024 Len=1448 TSval=2916032733 TSecr=3045552507 [TCP segment of a reassembled PDU]"
"4136","28.653228080","192.168.1.55","192.168.1.2","TCP","1514","8004  >  49822 [ACK] Seq=147886 Ack=144 Win=65024 Len=1448 TSval=2916032733 TSecr=3045552507 [TCP segment of a reassembled PDU]"
"4137","28.653229987","192.168.1.55","192.168.1.2","TCP","1514","8004  >  49822 [ACK] Seq=149334 Ack=144 Win=65024 Len=1448 TSval=2916032733 TSecr=3045552507 [TCP segment of a reassembled PDU]"
"4138","28.653232024","192.168.1.55","192.168.1.2","TCP","1514","8004  >  49822 [ACK] Seq=150782 Ack=144 Win=65024 Len=1448 TSval=2916032733 TSecr=3045552507 [TCP segment of a reassembled PDU]"
"4139","28.653233468","192.168.1.55","192.168.1.2","TCP","1514","8004  >  49822 [ACK] Seq=152230 Ack=144 Win=65024 Len=1448 TSval=2916032733 TSecr=3045552507 [TCP segment of a reassembled PDU]"
"4140","28.653235820","192.168.1.55","192.168.1.2","TCP","1514","8004  >  49822 [ACK] Seq=153678 Ack=144 Win=65024 Len=1448 TSval=2916032733 TSecr=3045552507 [TCP segment of a reassembled PDU]"
"4141","28.653237950","192.168.1.55","192.168.1.2","TCP","1514","8004  >  49822 [ACK] Seq=155126 Ack=144 Win=65024 Len=1448 TSval=2916032733 TSecr=3045552507 [TCP segment of a reassembled PDU]"
"4142","28.653239654","192.168.1.55","192.168.1.2","TCP","1514","8004  >  49822 [ACK] Seq=156574 Ack=144 Win=65024 Len=1448 TSval=2916032733 TSecr=3045552507 [TCP segment of a reassembled PDU]"
"4143","28.653242228","192.168.1.55","192.168.1.2","TCP","1514","8004  >  49822 [ACK] Seq=158022 Ack=144 Win=65024 Len=1448 TSval=2916032733 TSecr=3045552507 [TCP segment of a reassembled PDU]"
"4144","28.653244228","192.168.1.55","192.168.1.2","TCP","1514","8004  >  49822 [ACK] Seq=159470 Ack=144 Win=65024 Len=1448 TSval=2916032733 TSecr=3045552507 [TCP segment of a reassembled PDU]"
"4145","28.653246209","192.168.1.55","192.168.1.2","TCP","1514","8004  >  49822 [ACK] Seq=160918 Ack=144 Win=65024 Len=1448 TSval=2916032733 TSecr=3045552507 [TCP segment of a reassembled PDU]"
"4146","28.653248450","192.168.1.55","192.168.1.2","TCP","1514","8004  >  49822 [PSH, ACK] Seq=162366 Ack=144 Win=65024 Len=1448 TSval=2916032733 TSecr=3045552507 [TCP segment of a reassembled PDU]"
"4147","28.658744218","192.168.1.2","192.168.1.55","TCP","66","49822  >  8004 [ACK] Seq=144 Ack=105894 Win=88064 Len=0 TSval=3045552513 TSecr=2916032733"
"4148","28.658798422","192.168.1.55","192.168.1.2","TCP","1514","8004  >  49822 [ACK] Seq=163814 Ack=144 Win=65024 Len=1448 TSval=2916032739 TSecr=3045552513 [TCP segment of a reassembled PDU]"
"4149","28.658802829","192.168.1.55","192.168.1.2","TCP","1514","8004  >  49822 [ACK] Seq=165262 Ack=144 Win=65024 Len=1448 TSval=2916032739 TSecr=3045552513 [TCP segment of a reassembled PDU]"
"4150","28.658804070","192.168.1.55","192.168.1.2","TCP","1514","8004  >  49822 [ACK] Seq=166710 Ack=144 Win=65024 Len=1448 TSval=2916032739 TSecr=3045552513 [TCP segment of a reassembled PDU]"
"4151","28.658805385","192.168.1.55","192.168.1.2","TCP","1514","8004  >  49822 [ACK] Seq=168158 Ack=144 Win=65024 Len=1448 TSval=2916032739 TSecr=3045552513 [TCP segment of a reassembled PDU]"
"4152","28.658806755","192.168.1.55","192.168.1.2","TCP","1514","8004  >  49822 [ACK] Seq=169606 Ack=144 Win=65024 Len=1448 TSval=2916032739 TSecr=3045552513 [TCP segment of a reassembled PDU]"
"4153","28.658808144","192.168.1.55","192.168.1.2","TCP","1514","8004  >  49822 [ACK] Seq=171054 Ack=144 Win=65024 Len=1448 TSval=2916032739 TSecr=3045552513 [TCP segment of a reassembled PDU]"
"4154","28.658809385","192.168.1.55","192.168.1.2","TCP","1514","8004  >  49822 [ACK] Seq=172502 Ack=144 Win=65024 Len=1448 TSval=2916032739 TSecr=3045552513 [TCP segment of a reassembled PDU]"
"4155","28.658810644","192.168.1.55","192.168.1.2","TCP","1514","8004  >  49822 [ACK] Seq=173950 Ack=144 Win=65024 Len=1448 TSval=2916032739 TSecr=3045552513 [TCP segment of a reassembled PDU]"
"4156","28.658811903","192.168.1.55","192.168.1.2","TCP","1514","8004  >  49822 [ACK] Seq=175398 Ack=144 Win=65024 Len=1448 TSval=2916032739 TSecr=3045552513 [TCP segment of a reassembled PDU]"
"4157","28.658813310","192.168.1.55","192.168.1.2","TCP","1514","8004  >  49822 [ACK] Seq=176846 Ack=144 Win=65024 Len=1448 TSval=2916032739 TSecr=3045552513 [TCP segment of a reassembled PDU]"
"4158","28.658814551","192.168.1.55","192.168.1.2","TCP","1514","8004  >  49822 [ACK] Seq=178294 Ack=144 Win=65024 Len=1448 TSval=2916032739 TSecr=3045552513 [TCP segment of a reassembled PDU]"
"4159","28.658815903","192.168.1.55","192.168.1.2","TCP","1514","8004  >  49822 [ACK] Seq=179742 Ack=144 Win=65024 Len=1448 TSval=2916032739 TSecr=3045552513 [TCP segment of a reassembled PDU]"
"4160","28.658817144","192.168.1.55","192.168.1.2","TCP","1514","8004  >  49822 [ACK] Seq=181190 Ack=144 Win=65024 Len=1448 TSval=2916032739 TSecr=3045552513 [TCP segment of a reassembled PDU]"
"4161","28.658818459","192.168.1.55","192.168.1.2","TCP","1514","8004  >  49822 [ACK] Seq=182638 Ack=144 Win=65024 Len=1448 TSval=2916032739 TSecr=3045552513 [TCP segment of a reassembled PDU]"
"4162","28.658819755","192.168.1.55","192.168.1.2","TCP","1514","8004  >  49822 [ACK] Seq=184086 Ack=144 Win=65024 Len=1448 TSval=2916032739 TSecr=3045552513 [TCP segment of a reassembled PDU]"
"4163","28.658820977","192.168.1.55","192.168.1.2","TCP","1514","8004  >  49822 [ACK] Seq=185534 Ack=144 Win=65024 Len=1448 TSval=2916032739 TSecr=3045552513 [TCP segment of a reassembled PDU]"
"4164","28.658822255","192.168.1.55","192.168.1.2","TCP","1514","8004  >  49822 [ACK] Seq=186982 Ack=144 Win=65024 Len=1448 TSval=2916032739 TSecr=3045552513 [TCP segment of a reassembled PDU]"
"4165","28.658823459","192.168.1.55","192.168.1.2","TCP","1514","8004  >  49822 [ACK] Seq=188430 Ack=144 Win=65024 Len=1448 TSval=2916032739 TSecr=3045552513 [TCP segment of a reassembled PDU]"
"4166","28.658824829","192.168.1.55","192.168.1.2","TCP","1514","8004  >  49822 [ACK] Seq=189878 Ack=144 Win=65024 Len=1448 TSval=2916032739 TSecr=3045552513 [TCP segment of a reassembled PDU]"
"4167","28.658826199","192.168.1.55","192.168.1.2","TCP","1514","8004  >  49822 [ACK] Seq=191326 Ack=144 Win=65024 Len=1448 TSval=2916032739 TSecr=3045552513 [TCP segment of a reassembled PDU]"
"4168","28.658828236","192.168.1.55","192.168.1.2","TCP","1250","[TCP Window Full] 8004  >  49822 [PSH, ACK] Seq=192774 Ack=144 Win=65024 Len=1184 TSval=2916032739 TSecr=3045552513 [TCP segment of a reassembled PDU]"
"4169","28.658903274","192.168.1.2","192.168.1.55","TCP","66","49822  >  8004 [ACK] Seq=144 Ack=107342 Win=97280 Len=0 TSval=3045552513 TSecr=2916032733"
"4170","28.658911162","192.168.1.2","192.168.1.55","TCP","66","49822  >  8004 [ACK] Seq=144 Ack=120374 Win=109568 Len=0 TSval=3045552513 TSecr=2916032733"
"4171","28.658932607","192.168.1.55","192.168.1.2","TCP","1514","8004  >  49822 [ACK] Seq=193958 Ack=144 Win=65024 Len=1448 TSval=2916032739 TSecr=3045552513 [TCP segment of a reassembled PDU]"
"4172","28.658935125","192.168.1.55","192.168.1.2","TCP","1514","8004  >  49822 [ACK] Seq=195406 Ack=144 Win=65024 Len=1448 TSval=2916032739 TSecr=3045552513 [TCP segment of a reassembled PDU]"
"4173","28.658936607","192.168.1.55","192.168.1.2","TCP","1514","8004  >  49822 [ACK] Seq=196854 Ack=144 Win=65024 Len=1448 TSval=2916032739 TSecr=3045552513 [TCP segment of a reassembled PDU]"
"4174","28.658938033","192.168.1.55","192.168.1.2","TCP","1514","8004  >  49822 [ACK] Seq=198302 Ack=144 Win=65024 Len=1448 TSval=2916032739 TSecr=3045552513 [TCP segment of a reassembled PDU]"
"4175","28.658939237","192.168.1.55","192.168.1.2","TCP","1514","8004  >  49822 [ACK] Seq=199750 Ack=144 Win=65024 Len=1448 TSval=2916032739 TSecr=3045552513 [TCP segment of a reassembled PDU]"
"4176","28.658940440","192.168.1.55","192.168.1.2","TCP","1514","8004  >  49822 [ACK] Seq=201198 Ack=144 Win=65024 Len=1448 TSval=2916032739 TSecr=3045552513 [TCP segment of a reassembled PDU]"
"4177","28.658941700","192.168.1.55","192.168.1.2","TCP","1514","8004  >  49822 [ACK] Seq=202646 Ack=144 Win=65024 Len=1448 TSval=2916032739 TSecr=3045552513 [TCP segment of a reassembled PDU]"
"4178","28.658942977","192.168.1.55","192.168.1.2","TCP","1514","8004  >  49822 [ACK] Seq=204094 Ack=144 Win=65024 Len=1448 TSval=2916032739 TSecr=3045552513 [TCP segment of a reassembled PDU]"
"4179","28.658944144","192.168.1.55","192.168.1.2","TCP","1514","8004  >  49822 [ACK] Seq=205542 Ack=144 Win=65024 Len=1448 TSval=2916032739 TSecr=3045552513 [TCP segment of a reassembled PDU]"
"4180","28.658945533","192.168.1.55","192.168.1.2","TCP","1514","8004  >  49822 [ACK] Seq=206990 Ack=144 Win=65024 Len=1448 TSval=2916032739 TSecr=3045552513 [TCP segment of a reassembled PDU]"
"4181","28.658947051","192.168.1.55","192.168.1.2","TCP","1514","8004  >  49822 [PSH, ACK] Seq=208438 Ack=144 Win=65024 Len=1448 TSval=2916032739 TSecr=3045552513 [TCP segment of a reassembled PDU]"
"4182","28.658953514","192.168.1.55","192.168.1.2","TCP","330","8004  >  49822 [PSH, ACK] Seq=209886 Ack=144 Win=65024 Len=264 TSval=2916032739 TSecr=3045552513 [TCP segment of a reassembled PDU]"
"4183","28.658957218","192.168.1.2","192.168.1.55","TCP","66","49822  >  8004 [ACK] Seq=144 Ack=158022 Win=83968 Len=0 TSval=3045552513 TSecr=2916032733"
"4184","28.658993829","192.168.1.55","192.168.1.2","TCP","1514","8004  >  49822 [ACK] Seq=210150 Ack=144 Win=65024 Len=1448 TSval=2916032739 TSecr=3045552513 [TCP segment of a reassembled PDU]"
"4185","28.658995940","192.168.1.55","192.168.1.2","TCP","1514","8004  >  49822 [ACK] Seq=211598 Ack=144 Win=65024 Len=1448 TSval=2916032739 TSecr=3045552513 [TCP segment of a reassembled PDU]"
"4186","28.658997274","192.168.1.55","192.168.1.2","TCP","1514","8004  >  49822 [ACK] Seq=213046 Ack=144 Win=65024 Len=1448 TSval=2916032739 TSecr=3045552513 [TCP segment of a reassembled PDU]"
"4187","28.658998755","192.168.1.55","192.168.1.2","TCP","1514","8004  >  49822 [ACK] Seq=214494 Ack=144 Win=65024 Len=1448 TSval=2916032739 TSecr=3045552513 [TCP segment of a reassembled PDU]"
"4188","28.659000274","192.168.1.55","192.168.1.2","TCP","1514","8004  >  49822 [ACK] Seq=215942 Ack=144 Win=65024 Len=1448 TSval=2916032739 TSecr=3045552513 [TCP segment of a reassembled PDU]"
"4189","28.659001792","192.168.1.55","192.168.1.2","TCP","1514","8004  >  49822 [ACK] Seq=217390 Ack=144 Win=65024 Len=1448 TSval=2916032739 TSecr=3045552513 [TCP segment of a reassembled PDU]"
"4190","28.659003014","192.168.1.55","192.168.1.2","TCP","1514","8004  >  49822 [ACK] Seq=218838 Ack=144 Win=65024 Len=1448 TSval=2916032739 TSecr=3045552513 [TCP segment of a reassembled PDU]"
"4191","28.659004459","192.168.1.55","192.168.1.2","TCP","1514","8004  >  49822 [ACK] Seq=220286 Ack=144 Win=65024 Len=1448 TSval=2916032739 TSecr=3045552513 [TCP segment of a reassembled PDU]"
"4192","28.659005922","192.168.1.55","192.168.1.2","TCP","1514","8004  >  49822 [ACK] Seq=221734 Ack=144 Win=65024 Len=1448 TSval=2916032739 TSecr=3045552513 [TCP segment of a reassembled PDU]"
"4193","28.659007144","192.168.1.55","192.168.1.2","TCP","1514","8004  >  49822 [ACK] Seq=223182 Ack=144 Win=65024 Len=1448 TSval=2916032739 TSecr=3045552513 [TCP segment of a reassembled PDU]"
"4194","28.659008459","192.168.1.55","192.168.1.2","TCP","1514","8004  >  49822 [ACK] Seq=224630 Ack=144 Win=65024 Len=1448 TSval=2916032739 TSecr=3045552513 [TCP segment of a reassembled PDU]"
"4195","28.659009737","192.168.1.55","192.168.1.2","TCP","1514","8004  >  49822 [ACK] Seq=226078 Ack=144 Win=65024 Len=1448 TSval=2916032739 TSecr=3045552513 [TCP segment of a reassembled PDU]"
"4196","28.659010885","192.168.1.55","192.168.1.2","TCP","1514","8004  >  49822 [ACK] Seq=227526 Ack=144 Win=65024 Len=1448 TSval=2916032739 TSecr=3045552513 [TCP segment of a reassembled PDU]"
"4197","28.659012144","192.168.1.55","192.168.1.2","TCP","1514","8004  >  49822 [ACK] Seq=228974 Ack=144 Win=65024 Len=1448 TSval=2916032739 TSecr=3045552513 [TCP segment of a reassembled PDU]"
"4198","28.659013329","192.168.1.55","192.168.1.2","TCP","1514","8004  >  49822 [ACK] Seq=230422 Ack=144 Win=65024 Len=1448 TSval=2916032739 TSecr=3045552513 [TCP segment of a reassembled PDU]"
"4199","28.659014663","192.168.1.55","192.168.1.2","TCP","1514","8004  >  49822 [ACK] Seq=231870 Ack=144 Win=65024 Len=1448 TSval=2916032739 TSecr=3045552513 [TCP segment of a reassembled PDU]"
"4200","28.659015903","192.168.1.55","192.168.1.2","TCP","1514","8004  >  49822 [ACK] Seq=233318 Ack=144 Win=65024 Len=1448 TSval=2916032739 TSecr=3045552513 [TCP segment of a reassembled PDU]"
"4201","28.659017070","192.168.1.55","192.168.1.2","TCP","1514","8004  >  49822 [ACK] Seq=234766 Ack=144 Win=65024 Len=1448 TSval=2916032739 TSecr=3045552513 [TCP segment of a reassembled PDU]"
"4202","28.659018514","192.168.1.55","192.168.1.2","TCP","1514","8004  >  49822 [ACK] Seq=236214 Ack=144 Win=65024 Len=1448 TSval=2916032739 TSecr=3045552513 [TCP segment of a reassembled PDU]"
"4203","28.659019737","192.168.1.55","192.168.1.2","TCP","1514","8004  >  49822 [ACK] Seq=237662 Ack=144 Win=65024 Len=1448 TSval=2916032739 TSecr=3045552513 [TCP segment of a reassembled PDU]"
"4204","28.659021181","192.168.1.55","192.168.1.2","TCP","1514","8004  >  49822 [PSH, ACK] Seq=239110 Ack=144 Win=65024 Len=1448 TSval=2916032739 TSecr=3045552513 [TCP segment of a reassembled PDU]"
"4205","28.663606151","192.168.1.2","192.168.1.55","TCP","66","49822  >  8004 [ACK] Seq=144 Ack=163814 Win=112640 Len=0 TSval=3045552514 TSecr=2916032733"
"4206","28.663637151","192.168.1.55","192.168.1.2","TCP","1514","8004  >  49822 [ACK] Seq=240558 Ack=144 Win=65024 Len=1448 TSval=2916032744 TSecr=3045552514 [TCP segment of a reassembled PDU]"
"4207","28.663641170","192.168.1.55","192.168.1.2","TCP","1514","8004  >  49822 [ACK] Seq=242006 Ack=144 Win=65024 Len=1448 TSval=2916032744 TSecr=3045552514 [TCP segment of a reassembled PDU]"
"4208","28.663642688","192.168.1.55","192.168.1.2","TCP","1514","8004  >  49822 [ACK] Seq=243454 Ack=144 Win=65024 Len=1448 TSval=2916032744 TSecr=3045552514 [TCP segment of a reassembled PDU]"
"4209","28.663643837","192.168.1.55","192.168.1.2","TCP","1514","8004  >  49822 [ACK] Seq=244902 Ack=144 Win=65024 Len=1448 TSval=2916032744 TSecr=3045552514 [TCP segment of a reassembled PDU]"
"4210","28.663645114","192.168.1.55","192.168.1.2","TCP","1514","8004  >  49822 [ACK] Seq=246350 Ack=144 Win=65024 Len=1448 TSval=2916032744 TSecr=3045552514 [TCP segment of a reassembled PDU]"
"4211","28.663646466","192.168.1.55","192.168.1.2","TCP","1514","8004  >  49822 [ACK] Seq=247798 Ack=144 Win=65024 Len=1448 TSval=2916032744 TSecr=3045552514 [TCP segment of a reassembled PDU]"
"4212","28.663647874","192.168.1.55","192.168.1.2","TCP","1514","8004  >  49822 [ACK] Seq=249246 Ack=144 Win=65024 Len=1448 TSval=2916032744 TSecr=3045552514 [TCP segment of a reassembled PDU]"
"4213","28.663649207","192.168.1.55","192.168.1.2","TCP","1514","8004  >  49822 [ACK] Seq=250694 Ack=144 Win=65024 Len=1448 TSval=2916032744 TSecr=3045552514 [TCP segment of a reassembled PDU]"
"4214","28.663650337","192.168.1.55","192.168.1.2","TCP","1514","8004  >  49822 [ACK] Seq=252142 Ack=144 Win=65024 Len=1448 TSval=2916032744 TSecr=3045552514 [TCP segment of a reassembled PDU]"
"4215","28.663651837","192.168.1.55","192.168.1.2","TCP","1514","8004  >  49822 [ACK] Seq=253590 Ack=144 Win=65024 Len=1448 TSval=2916032744 TSecr=3045552514 [TCP segment of a reassembled PDU]"
"4216","28.663653059","192.168.1.55","192.168.1.2","TCP","1514","8004  >  49822 [PSH, ACK] Seq=255038 Ack=144 Win=65024 Len=1448 TSval=2916032744 TSecr=3045552514 [TCP segment of a reassembled PDU]"
"4217","28.666905379","192.168.1.2","192.168.1.55","TCP","66","49822  >  8004 [ACK] Seq=144 Ack=193958 Win=90112 Len=0 TSval=3045552519 TSecr=2916032739"
"4218","28.666930953","192.168.1.55","192.168.1.2","TCP","1514","8004  >  49822 [ACK] Seq=256486 Ack=144 Win=65024 Len=1448 TSval=2916032747 TSecr=3045552519 [TCP segment of a reassembled PDU]"
"4219","28.666933582","192.168.1.55","192.168.1.2","TCP","1514","8004  >  49822 [ACK] Seq=257934 Ack=144 Win=65024 Len=1448 TSval=2916032747 TSecr=3045552519 [TCP segment of a reassembled PDU]"
"4220","28.666934656","192.168.1.55","192.168.1.2","TCP","1514","8004  >  49822 [ACK] Seq=259382 Ack=144 Win=65024 Len=1448 TSval=2916032747 TSecr=3045552519 [TCP segment of a reassembled PDU]"
"4221","28.666935675","192.168.1.55","192.168.1.2","TCP","1514","8004  >  49822 [ACK] Seq=260830 Ack=144 Win=65024 Len=1448 TSval=2916032747 TSecr=3045552519 [TCP segment of a reassembled PDU]"
"4222","28.666936731","192.168.1.55","192.168.1.2","TCP","1514","8004  >  49822 [ACK] Seq=262278 Ack=144 Win=65024 Len=1448 TSval=2916032747 TSecr=3045552519 [TCP segment of a reassembled PDU]"
"4223","28.666937786","192.168.1.55","192.168.1.2","TCP","1514","8004  >  49822 [ACK] Seq=263726 Ack=144 Win=65024 Len=1448 TSval=2916032747 TSecr=3045552519 [TCP segment of a reassembled PDU]"
"4224","28.666938842","192.168.1.55","192.168.1.2","TCP","1514","8004  >  49822 [ACK] Seq=265174 Ack=144 Win=65024 Len=1448 TSval=2916032747 TSecr=3045552519 [TCP segment of a reassembled PDU]"
"4225","28.666939786","192.168.1.55","192.168.1.2","TCP","1514","8004  >  49822 [ACK] Seq=266622 Ack=144 Win=65024 Len=1448 TSval=2916032747 TSecr=3045552519 [TCP segment of a reassembled PDU]"
"4226","28.666940860","192.168.1.55","192.168.1.2","TCP","1514","8004  >  49822 [ACK] Seq=268070 Ack=144 Win=65024 Len=1448 TSval=2916032747 TSecr=3045552519 [TCP segment of a reassembled PDU]"
"4227","28.666941805","192.168.1.55","192.168.1.2","TCP","1514","8004  >  49822 [ACK] Seq=269518 Ack=144 Win=65024 Len=1448 TSval=2916032747 TSecr=3045552519 [TCP segment of a reassembled PDU]"
"4228","28.666942786","192.168.1.55","192.168.1.2","TCP","1514","8004  >  49822 [ACK] Seq=270966 Ack=144 Win=65024 Len=1448 TSval=2916032747 TSecr=3045552519 [TCP segment of a reassembled PDU]"
"4229","28.666943823","192.168.1.55","192.168.1.2","TCP","1514","8004  >  49822 [ACK] Seq=272414 Ack=144 Win=65024 Len=1448 TSval=2916032747 TSecr=3045552519 [TCP segment of a reassembled PDU]"
"4230","28.666944768","192.168.1.55","192.168.1.2","TCP","1514","8004  >  49822 [ACK] Seq=273862 Ack=144 Win=65024 Len=1448 TSval=2916032747 TSecr=3045552519 [TCP segment of a reassembled PDU]"
"4231","28.666946323","192.168.1.55","192.168.1.2","TCP","1514","8004  >  49822 [ACK] Seq=275310 Ack=144 Win=65024 Len=1448 TSval=2916032747 TSecr=3045552519 [TCP segment of a reassembled PDU]"
"4232","28.666947286","192.168.1.55","192.168.1.2","TCP","1514","8004  >  49822 [ACK] Seq=276758 Ack=144 Win=65024 Len=1448 TSval=2916032747 TSecr=3045552519 [TCP segment of a reassembled PDU]"
"4233","28.666948231","192.168.1.55","192.168.1.2","TCP","1514","8004  >  49822 [ACK] Seq=278206 Ack=144 Win=65024 Len=1448 TSval=2916032747 TSecr=3045552519 [TCP segment of a reassembled PDU]"
"4234","28.666949249","192.168.1.55","192.168.1.2","TCP","1514","8004  >  49822 [ACK] Seq=279654 Ack=144 Win=65024 Len=1448 TSval=2916032747 TSecr=3045552519 [TCP segment of a reassembled PDU]"
"4235","28.666950212","192.168.1.55","192.168.1.2","TCP","1514","8004  >  49822 [ACK] Seq=281102 Ack=144 Win=65024 Len=1448 TSval=2916032747 TSecr=3045552519 [TCP segment of a reassembled PDU]"
"4236","28.666951194","192.168.1.55","192.168.1.2","TCP","1514","8004  >  49822 [PSH, ACK] Seq=282550 Ack=144 Win=65024 Len=1448 TSval=2916032747 TSecr=3045552519 [TCP segment of a reassembled PDU]"
"4237","28.667725713","192.168.1.2","192.168.1.55","TCP","66","49822  >  8004 [ACK] Seq=144 Ack=209886 Win=74752 Len=0 TSval=3045552519 TSecr=2916032739"
"4238","28.667734713","192.168.1.2","192.168.1.55","TCP","66","49822  >  8004 [ACK] Seq=144 Ack=233318 Win=52224 Len=0 TSval=3045552519 TSecr=2916032739"
"4239","28.667738806","192.168.1.2","192.168.1.55","TCP","66","[TCP Window Update] 49822  >  8004 [ACK] Seq=144 Ack=233318 Win=112640 Len=0 TSval=3045552519 TSecr=2916032739"
"4240","28.667752491","192.168.1.55","192.168.1.2","TCP","1514","8004  >  49822 [ACK] Seq=283998 Ack=144 Win=65024 Len=1448 TSval=2916032748 TSecr=3045552519 [TCP segment of a reassembled PDU]"
"4241","28.667754195","192.168.1.55","192.168.1.2","TCP","1514","8004  >  49822 [ACK] Seq=285446 Ack=144 Win=65024 Len=1448 TSval=2916032748 TSecr=3045552519 [TCP segment of a reassembled PDU]"
"4242","28.667755232","192.168.1.55","192.168.1.2","TCP","1514","8004  >  49822 [ACK] Seq=286894 Ack=144 Win=65024 Len=1448 TSval=2916032748 TSecr=3045552519 [TCP segment of a reassembled PDU]"
"4243","28.667756232","192.168.1.55","192.168.1.2","TCP","1514","8004  >  49822 [ACK] Seq=288342 Ack=144 Win=65024 Len=1448 TSval=2916032748 TSecr=3045552519 [TCP segment of a reassembled PDU]"
"4244","28.667757176","192.168.1.55","192.168.1.2","TCP","1514","8004  >  49822 [ACK] Seq=289790 Ack=144 Win=65024 Len=1448 TSval=2916032748 TSecr=3045552519 [TCP segment of a reassembled PDU]"
"4245","28.667758102","192.168.1.55","192.168.1.2","TCP","1514","8004  >  49822 [ACK] Seq=291238 Ack=144 Win=65024 Len=1448 TSval=2916032748 TSecr=3045552519 [TCP segment of a reassembled PDU]"
"4246","28.667759139","192.168.1.55","192.168.1.2","TCP","1514","8004  >  49822 [ACK] Seq=292686 Ack=144 Win=65024 Len=1448 TSval=2916032748 TSecr=3045552519 [TCP segment of a reassembled PDU]"
"4247","28.667760139","192.168.1.55","192.168.1.2","TCP","1514","8004  >  49822 [ACK] Seq=294134 Ack=144 Win=65024 Len=1448 TSval=2916032748 TSecr=3045552519 [TCP segment of a reassembled PDU]"
"4248","28.667761287","192.168.1.55","192.168.1.2","TCP","1514","8004  >  49822 [ACK] Seq=295582 Ack=144 Win=65024 Len=1448 TSval=2916032748 TSecr=3045552519 [TCP segment of a reassembled PDU]"
"4249","28.667762213","192.168.1.55","192.168.1.2","TCP","1514","8004  >  49822 [ACK] Seq=297030 Ack=144 Win=65024 Len=1448 TSval=2916032748 TSecr=3045552519 [TCP segment of a reassembled PDU]"
"4250","28.667763139","192.168.1.55","192.168.1.2","TCP","1514","8004  >  49822 [ACK] Seq=298478 Ack=144 Win=65024 Len=1448 TSval=2916032748 TSecr=3045552519 [TCP segment of a reassembled PDU]"
"4251","28.667764158","192.168.1.55","192.168.1.2","TCP","1514","8004  >  49822 [ACK] Seq=299926 Ack=144 Win=65024 Len=1448 TSval=2916032748 TSecr=3045552519 [TCP segment of a reassembled PDU]"
"4252","28.667765473","192.168.1.55","192.168.1.2","TCP","1514","8004  >  49822 [PSH, ACK] Seq=301374 Ack=144 Win=65024 Len=1448 TSval=2916032748 TSecr=3045552519 [TCP segment of a reassembled PDU]"
"4253","28.667795343","192.168.1.55","192.168.1.2","TCP","1514","8004  >  49822 [ACK] Seq=302822 Ack=144 Win=65024 Len=1448 TSval=2916032748 TSecr=3045552519 [TCP segment of a reassembled PDU]"
"4254","28.667797158","192.168.1.55","192.168.1.2","TCP","1514","8004  >  49822 [ACK] Seq=304270 Ack=144 Win=65024 Len=1448 TSval=2916032748 TSecr=3045552519 [TCP segment of a reassembled PDU]"
"4255","28.667798232","192.168.1.55","192.168.1.2","TCP","1514","8004  >  49822 [ACK] Seq=305718 Ack=144 Win=65024 Len=1448 TSval=2916032748 TSecr=3045552519 [TCP segment of a reassembled PDU]"
"4256","28.667799287","192.168.1.55","192.168.1.2","TCP","1514","8004  >  49822 [ACK] Seq=307166 Ack=144 Win=65024 Len=1448 TSval=2916032748 TSecr=3045552519 [TCP segment of a reassembled PDU]"
"4257","28.667800547","192.168.1.55","192.168.1.2","TCP","1514","8004  >  49822 [ACK] Seq=308614 Ack=144 Win=65024 Len=1448 TSval=2916032748 TSecr=3045552519 [TCP segment of a reassembled PDU]"
"4258","28.667802010","192.168.1.55","192.168.1.2","TCP","1514","8004  >  49822 [ACK] Seq=310062 Ack=144 Win=65024 Len=1448 TSval=2916032748 TSecr=3045552519 [TCP segment of a reassembled PDU]"
"4259","28.667803121","192.168.1.55","192.168.1.2","TCP","1514","8004  >  49822 [ACK] Seq=311510 Ack=144 Win=65024 Len=1448 TSval=2916032748 TSecr=3045552519 [TCP segment of a reassembled PDU]"
"4260","28.667804250","192.168.1.55","192.168.1.2","TCP","1514","8004  >  49822 [ACK] Seq=312958 Ack=144 Win=65024 Len=1448 TSval=2916032748 TSecr=3045552519 [TCP segment of a reassembled PDU]"
"4261","28.667805195","192.168.1.55","192.168.1.2","TCP","1514","8004  >  49822 [ACK] Seq=314406 Ack=144 Win=65024 Len=1448 TSval=2916032748 TSecr=3045552519 [TCP segment of a reassembled PDU]"
"4262","28.667806324","192.168.1.55","192.168.1.2","TCP","1514","8004  >  49822 [ACK] Seq=315854 Ack=144 Win=65024 Len=1448 TSval=2916032748 TSecr=3045552519 [TCP segment of a reassembled PDU]"
"4263","28.667807343","192.168.1.55","192.168.1.2","TCP","1514","8004  >  49822 [ACK] Seq=317302 Ack=144 Win=65024 Len=1448 TSval=2916032748 TSecr=3045552519 [TCP segment of a reassembled PDU]"
"4264","28.667808287","192.168.1.55","192.168.1.2","TCP","1514","8004  >  49822 [ACK] Seq=318750 Ack=144 Win=65024 Len=1448 TSval=2916032748 TSecr=3045552519 [TCP segment of a reassembled PDU]"
"4265","28.667809362","192.168.1.55","192.168.1.2","TCP","1514","8004  >  49822 [ACK] Seq=320198 Ack=144 Win=65024 Len=1448 TSval=2916032748 TSecr=3045552519 [TCP segment of a reassembled PDU]"
"4266","28.667810399","192.168.1.55","192.168.1.2","TCP","1514","8004  >  49822 [ACK] Seq=321646 Ack=144 Win=65024 Len=1448 TSval=2916032748 TSecr=3045552519 [TCP segment of a reassembled PDU]"
"4267","28.667811324","192.168.1.55","192.168.1.2","TCP","1514","8004  >  49822 [ACK] Seq=323094 Ack=144 Win=65024 Len=1448 TSval=2916032748 TSecr=3045552519 [TCP segment of a reassembled PDU]"
"4268","28.667812362","192.168.1.55","192.168.1.2","TCP","1514","8004  >  49822 [ACK] Seq=324542 Ack=144 Win=65024 Len=1448 TSval=2916032748 TSecr=3045552519 [TCP segment of a reassembled PDU]"
"4269","28.667813287","192.168.1.55","192.168.1.2","TCP","1514","8004  >  49822 [ACK] Seq=325990 Ack=144 Win=65024 Len=1448 TSval=2916032748 TSecr=3045552519 [TCP segment of a reassembled PDU]"
"4270","28.667814491","192.168.1.55","192.168.1.2","TCP","1514","8004  >  49822 [ACK] Seq=327438 Ack=144 Win=65024 Len=1448 TSval=2916032748 TSecr=3045552519 [TCP segment of a reassembled PDU]"
"4271","28.667815824","192.168.1.55","192.168.1.2","TCP","1514","8004  >  49822 [ACK] Seq=328886 Ack=144 Win=65024 Len=1448 TSval=2916032748 TSecr=3045552519 [TCP segment of a reassembled PDU]"
"4272","28.667817158","192.168.1.55","192.168.1.2","TCP","1514","8004  >  49822 [ACK] Seq=330334 Ack=144 Win=65024 Len=1448 TSval=2916032748 TSecr=3045552519 [TCP segment of a reassembled PDU]"
"4273","28.667818250","192.168.1.55","192.168.1.2","TCP","1514","8004  >  49822 [ACK] Seq=331782 Ack=144 Win=65024 Len=1448 TSval=2916032748 TSecr=3045552519 [TCP segment of a reassembled PDU]"
"4274","28.667819417","192.168.1.55","192.168.1.2","TCP","1514","8004  >  49822 [ACK] Seq=333230 Ack=144 Win=65024 Len=1448 TSval=2916032748 TSecr=3045552519 [TCP segment of a reassembled PDU]"
"4275","28.667820621","192.168.1.55","192.168.1.2","TCP","1514","8004  >  49822 [ACK] Seq=334678 Ack=144 Win=65024 Len=1448 TSval=2916032748 TSecr=3045552519 [TCP segment of a reassembled PDU]"
"4276","28.667821658","192.168.1.55","192.168.1.2","TCP","1514","8004  >  49822 [ACK] Seq=336126 Ack=144 Win=65024 Len=1448 TSval=2916032748 TSecr=3045552519 [TCP segment of a reassembled PDU]"
"4277","28.667822639","192.168.1.55","192.168.1.2","TCP","1514","8004  >  49822 [ACK] Seq=337574 Ack=144 Win=65024 Len=1448 TSval=2916032748 TSecr=3045552519 [TCP segment of a reassembled PDU]"
"4278","28.667823658","192.168.1.55","192.168.1.2","TCP","1514","8004  >  49822 [ACK] Seq=339022 Ack=144 Win=65024 Len=1448 TSval=2916032748 TSecr=3045552519 [TCP segment of a reassembled PDU]"
"4279","28.667824676","192.168.1.55","192.168.1.2","TCP","1514","8004  >  49822 [ACK] Seq=340470 Ack=144 Win=65024 Len=1448 TSval=2916032748 TSecr=3045552519 [TCP segment of a reassembled PDU]"
"4280","28.667825862","192.168.1.55","192.168.1.2","TCP","1514","8004  >  49822 [ACK] Seq=341918 Ack=144 Win=65024 Len=1448 TSval=2916032748 TSecr=3045552519 [TCP segment of a reassembled PDU]"
"4281","28.667826806","192.168.1.55","192.168.1.2","TCP","1514","8004  >  49822 [ACK] Seq=343366 Ack=144 Win=65024 Len=1448 TSval=2916032748 TSecr=3045552519 [TCP segment of a reassembled PDU]"
"4282","28.667827787","192.168.1.55","192.168.1.2","TCP","1210","[TCP Window Full] 8004  >  49822 [PSH, ACK] Seq=344814 Ack=144 Win=65024 Len=1144 TSval=2916032748 TSecr=3045552519 [TCP segment of a reassembled PDU]"
"4283","28.672498554","192.168.1.2","192.168.1.55","TCP","66","49822  >  8004 [ACK] Seq=144 Ack=240558 Win=112640 Len=0 TSval=3045552520 TSecr=2916032739"
"4284","28.672528684","192.168.1.55","192.168.1.2","TCP","1514","8004  >  49822 [ACK] Seq=345958 Ack=144 Win=65024 Len=1448 TSval=2916032753 TSecr=3045552520 [TCP segment of a reassembled PDU]"
"4285","28.672532369","192.168.1.55","192.168.1.2","TCP","1514","8004  >  49822 [PSH, ACK] Seq=347406 Ack=144 Win=65024 Len=1448 TSval=2916032753 TSecr=3045552520 [TCP segment of a reassembled PDU]"
"4286","28.672538295","192.168.1.55","192.168.1.2","TCP","370","8004  >  49822 [PSH, ACK] Seq=348854 Ack=144 Win=65024 Len=304 TSval=2916032753 TSecr=3045552520 [TCP segment of a reassembled PDU]"
"4287","28.672611721","192.168.1.2","192.168.1.55","TCP","66","49822  >  8004 [ACK] Seq=144 Ack=242006 Win=115712 Len=0 TSval=3045552522 TSecr=2916032744"
"4288","28.672618610","192.168.1.2","192.168.1.55","TCP","66","49822  >  8004 [ACK] Seq=144 Ack=256486 Win=107520 Len=0 TSval=3045552523 TSecr=2916032744"
"4289","28.675170317","192.168.1.2","192.168.1.55","TCP","66","49822  >  8004 [ACK] Seq=144 Ack=283998 Win=115712 Len=0 TSval=3045552528 TSecr=2916032747"
"4290","28.675214392","192.168.1.55","192.168.1.2","TCP","1514","8004  >  49822 [ACK] Seq=349158 Ack=144 Win=65024 Len=1448 TSval=2916032755 TSecr=3045552528 [TCP segment of a reassembled PDU]"
"4291","28.675217021","192.168.1.55","192.168.1.2","TCP","1514","8004  >  49822 [ACK] Seq=350606 Ack=144 Win=65024 Len=1448 TSval=2916032755 TSecr=3045552528 [TCP segment of a reassembled PDU]"
"4292","28.675218003","192.168.1.55","192.168.1.2","TCP","1514","8004  >  49822 [ACK] Seq=352054 Ack=144 Win=65024 Len=1448 TSval=2916032755 TSecr=3045552528 [TCP segment of a reassembled PDU]"
"4293","28.675219003","192.168.1.55","192.168.1.2","TCP","1514","8004  >  49822 [ACK] Seq=353502 Ack=144 Win=65024 Len=1448 TSval=2916032755 TSecr=3045552528 [TCP segment of a reassembled PDU]"
"4294","28.675219966","192.168.1.55","192.168.1.2","TCP","1514","8004  >  49822 [ACK] Seq=354950 Ack=144 Win=65024 Len=1448 TSval=2916032755 TSecr=3045552528 [TCP segment of a reassembled PDU]"
"4295","28.675221151","192.168.1.55","192.168.1.2","TCP","1514","8004  >  49822 [ACK] Seq=356398 Ack=144 Win=65024 Len=1448 TSval=2916032755 TSecr=3045552528 [TCP segment of a reassembled PDU]"
"4296","28.675222114","192.168.1.55","192.168.1.2","TCP","1514","8004  >  49822 [ACK] Seq=357846 Ack=144 Win=65024 Len=1448 TSval=2916032755 TSecr=3045552528 [TCP segment of a reassembled PDU]"
"4297","28.675223021","192.168.1.55","192.168.1.2","TCP","1514","8004  >  49822 [ACK] Seq=359294 Ack=144 Win=65024 Len=1448 TSval=2916032755 TSecr=3045552528 [TCP segment of a reassembled PDU]"
"4298","28.675223966","192.168.1.55","192.168.1.2","TCP","1514","8004  >  49822 [ACK] Seq=360742 Ack=144 Win=65024 Len=1448 TSval=2916032755 TSecr=3045552528 [TCP segment of a reassembled PDU]"
"4299","28.675225114","192.168.1.55","192.168.1.2","TCP","1514","8004  >  49822 [ACK] Seq=362190 Ack=144 Win=65024 Len=1448 TSval=2916032755 TSecr=3045552528 [TCP segment of a reassembled PDU]"
"4300","28.675226151","192.168.1.55","192.168.1.2","TCP","1514","8004  >  49822 [ACK] Seq=363638 Ack=144 Win=65024 Len=1448 TSval=2916032755 TSecr=3045552528 [TCP segment of a reassembled PDU]"
"4301","28.675227725","192.168.1.55","192.168.1.2","TCP","1514","8004  >  49822 [ACK] Seq=365086 Ack=144 Win=65024 Len=1448 TSval=2916032755 TSecr=3045552528 [TCP segment of a reassembled PDU]"
"4302","28.675229058","192.168.1.55","192.168.1.2","TCP","1514","8004  >  49822 [ACK] Seq=366534 Ack=144 Win=65024 Len=1448 TSval=2916032755 TSecr=3045552528 [TCP segment of a reassembled PDU]"
"4303","28.675236040","192.168.1.55","192.168.1.2","TCP","1514","8004  >  49822 [ACK] Seq=367982 Ack=144 Win=65024 Len=1448 TSval=2916032755 TSecr=3045552528 [TCP segment of a reassembled PDU]"
"4304","28.675237281","192.168.1.55","192.168.1.2","TCP","1514","8004  >  49822 [ACK] Seq=369430 Ack=144 Win=65024 Len=1448 TSval=2916032755 TSecr=3045552528 [TCP segment of a reassembled PDU]"
"4305","28.675238392","192.168.1.55","192.168.1.2","TCP","1514","8004  >  49822 [ACK] Seq=370878 Ack=144 Win=65024 Len=1448 TSval=2916032755 TSecr=3045552528 [TCP segment of a reassembled PDU]"
"4306","28.675239355","192.168.1.55","192.168.1.2","TCP","1514","8004  >  49822 [ACK] Seq=372326 Ack=144 Win=65024 Len=1448 TSval=2916032755 TSecr=3045552528 [TCP segment of a reassembled PDU]"
"4307","28.675240336","192.168.1.55","192.168.1.2","TCP","1514","8004  >  49822 [ACK] Seq=373774 Ack=144 Win=65024 Len=1448 TSval=2916032755 TSecr=3045552528 [TCP segment of a reassembled PDU]"
"4308","28.675241410","192.168.1.55","192.168.1.2","TCP","1514","8004  >  49822 [ACK] Seq=375222 Ack=144 Win=65024 Len=1448 TSval=2916032755 TSecr=3045552528 [TCP segment of a reassembled PDU]"
"4309","28.675242540","192.168.1.55","192.168.1.2","TCP","1514","8004  >  49822 [ACK] Seq=376670 Ack=144 Win=65024 Len=1448 TSval=2916032755 TSecr=3045552528 [TCP segment of a reassembled PDU]"
"4310","28.675243540","192.168.1.55","192.168.1.2","TCP","1514","8004  >  49822 [ACK] Seq=378118 Ack=144 Win=65024 Len=1448 TSval=2916032755 TSecr=3045552528 [TCP segment of a reassembled PDU]"
"4311","28.675244614","192.168.1.55","192.168.1.2","TCP","1514","8004  >  49822 [ACK] Seq=379566 Ack=144 Win=65024 Len=1448 TSval=2916032755 TSecr=3045552528 [TCP segment of a reassembled PDU]"
"4312","28.675245577","192.168.1.55","192.168.1.2","TCP","1514","8004  >  49822 [ACK] Seq=381014 Ack=144 Win=65024 Len=1448 TSval=2916032755 TSecr=3045552528 [TCP segment of a reassembled PDU]"
"4313","28.675246558","192.168.1.55","192.168.1.2","TCP","1514","8004  >  49822 [ACK] Seq=382462 Ack=144 Win=65024 Len=1448 TSval=2916032755 TSecr=3045552528 [TCP segment of a reassembled PDU]"
"4314","28.675247484","192.168.1.55","192.168.1.2","TCP","1514","8004  >  49822 [ACK] Seq=383910 Ack=144 Win=65024 Len=1448 TSval=2916032755 TSecr=3045552528 [TCP segment of a reassembled PDU]"
"4315","28.675248781","192.168.1.55","192.168.1.2","TCP","1514","8004  >  49822 [ACK] Seq=385358 Ack=144 Win=65024 Len=1448 TSval=2916032755 TSecr=3045552528 [TCP segment of a reassembled PDU]"
"4316","28.675250095","192.168.1.55","192.168.1.2","TCP","1514","8004  >  49822 [ACK] Seq=386806 Ack=144 Win=65024 Len=1448 TSval=2916032755 TSecr=3045552528 [TCP segment of a reassembled PDU]"
"4317","28.675251336","192.168.1.55","192.168.1.2","TCP","1514","8004  >  49822 [ACK] Seq=388254 Ack=144 Win=65024 Len=1448 TSval=2916032755 TSecr=3045552528 [TCP segment of a reassembled PDU]"
"4318","28.675252373","192.168.1.55","192.168.1.2","TCP","1514","8004  >  49822 [ACK] Seq=389702 Ack=144 Win=65024 Len=1448 TSval=2916032755 TSecr=3045552528 [TCP segment of a reassembled PDU]"
"4319","28.675253521","192.168.1.55","192.168.1.2","TCP","1514","8004  >  49822 [ACK] Seq=391150 Ack=144 Win=65024 Len=1448 TSval=2916032755 TSecr=3045552528 [TCP segment of a reassembled PDU]"
"4320","28.675254540","192.168.1.55","192.168.1.2","TCP","1514","8004  >  49822 [ACK] Seq=392598 Ack=144 Win=65024 Len=1448 TSval=2916032755 TSecr=3045552528 [TCP segment of a reassembled PDU]"
"4321","28.675255669","192.168.1.55","192.168.1.2","TCP","1514","8004  >  49822 [PSH, ACK] Seq=394046 Ack=144 Win=65024 Len=1448 TSval=2916032755 TSecr=3045552528 [TCP segment of a reassembled PDU]"
"4322","28.675311929","192.168.1.2","192.168.1.55","TCP","66","49822  >  8004 [ACK] Seq=144 Ack=302822 Win=107520 Len=0 TSval=3045552528 TSecr=2916032748"
"4323","28.675326373","192.168.1.2","192.168.1.55","TCP","66","49822  >  8004 [ACK] Seq=144 Ack=328886 Win=109568 Len=0 TSval=3045552528 TSecr=2916032748"
"4324","28.675376855","192.168.1.55","192.168.1.2","TCP","1514","8004  >  49822 [ACK] Seq=395494 Ack=144 Win=65024 Len=1448 TSval=2916032756 TSecr=3045552528 [TCP segment of a reassembled PDU]"
"4325","28.675379540","192.168.1.55","192.168.1.2","TCP","1514","8004  >  49822 [ACK] Seq=396942 Ack=144 Win=65024 Len=1448 TSval=2916032756 TSecr=3045552528 [TCP segment of a reassembled PDU]"
"4326","28.675381040","192.168.1.55","192.168.1.2","TCP","1514","8004  >  49822 [ACK] Seq=398390 Ack=144 Win=65024 Len=1448 TSval=2916032756 TSecr=3045552528 [TCP segment of a reassembled PDU]"
"4327","28.675382318","192.168.1.55","192.168.1.2","TCP","1514","8004  >  49822 [ACK] Seq=399838 Ack=144 Win=65024 Len=1448 TSval=2916032756 TSecr=3045552528 [TCP segment of a reassembled PDU]"
"4328","28.675383355","192.168.1.55","192.168.1.2","TCP","1514","8004  >  49822 [ACK] Seq=401286 Ack=144 Win=65024 Len=1448 TSval=2916032756 TSecr=3045552528 [TCP segment of a reassembled PDU]"
"4329","28.675384318","192.168.1.55","192.168.1.2","TCP","1514","8004  >  49822 [ACK] Seq=402734 Ack=144 Win=65024 Len=1448 TSval=2916032756 TSecr=3045552528 [TCP segment of a reassembled PDU]"
"4330","28.675385429","192.168.1.55","192.168.1.2","TCP","1514","8004  >  49822 [ACK] Seq=404182 Ack=144 Win=65024 Len=1448 TSval=2916032756 TSecr=3045552528 [TCP segment of a reassembled PDU]"
"4331","28.675386596","192.168.1.55","192.168.1.2","TCP","1514","8004  >  49822 [ACK] Seq=405630 Ack=144 Win=65024 Len=1448 TSval=2916032756 TSecr=3045552528 [TCP segment of a reassembled PDU]"
"4332","28.675387892","192.168.1.55","192.168.1.2","TCP","1514","8004  >  49822 [ACK] Seq=407078 Ack=144 Win=65024 Len=1448 TSval=2916032756 TSecr=3045552528 [TCP segment of a reassembled PDU]"
"4333","28.675389077","192.168.1.55","192.168.1.2","TCP","1514","8004  >  49822 [ACK] Seq=408526 Ack=144 Win=65024 Len=1448 TSval=2916032756 TSecr=3045552528 [TCP segment of a reassembled PDU]"
"4334","28.675390096","192.168.1.55","192.168.1.2","TCP","1514","8004  >  49822 [ACK] Seq=409974 Ack=144 Win=65024 Len=1448 TSval=2916032756 TSecr=3045552528 [TCP segment of a reassembled PDU]"
"4335","28.675391762","192.168.1.55","192.168.1.2","TCP","1514","8004  >  49822 [ACK] Seq=411422 Ack=144 Win=65024 Len=1448 TSval=2916032756 TSecr=3045552528 [TCP segment of a reassembled PDU]"
"4336","28.675392836","192.168.1.55","192.168.1.2","TCP","1514","8004  >  49822 [ACK] Seq=412870 Ack=144 Win=65024 Len=1448 TSval=2916032756 TSecr=3045552528 [TCP segment of a reassembled PDU]"
"4337","28.675393836","192.168.1.55","192.168.1.2","TCP","1514","8004  >  49822 [ACK] Seq=414318 Ack=144 Win=65024 Len=1448 TSval=2916032756 TSecr=3045552528 [TCP segment of a reassembled PDU]"
"4338","28.675394818","192.168.1.55","192.168.1.2","TCP","1514","8004  >  49822 [ACK] Seq=415766 Ack=144 Win=65024 Len=1448 TSval=2916032756 TSecr=3045552528 [TCP segment of a reassembled PDU]"
"4339","28.675395799","192.168.1.55","192.168.1.2","TCP","1514","8004  >  49822 [ACK] Seq=417214 Ack=144 Win=65024 Len=1448 TSval=2916032756 TSecr=3045552528 [TCP segment of a reassembled PDU]"
"4340","28.675396984","192.168.1.55","192.168.1.2","TCP","1514","8004  >  49822 [ACK] Seq=418662 Ack=144 Win=65024 Len=1448 TSval=2916032756 TSecr=3045552528 [TCP segment of a reassembled PDU]"
"4341","28.675398522","192.168.1.55","192.168.1.2","TCP","1514","8004  >  49822 [ACK] Seq=420110 Ack=144 Win=65024 Len=1448 TSval=2916032756 TSecr=3045552528 [TCP segment of a reassembled PDU]"
"4342","28.675399670","192.168.1.55","192.168.1.2","TCP","1514","8004  >  49822 [ACK] Seq=421558 Ack=144 Win=65024 Len=1448 TSval=2916032756 TSecr=3045552528 [TCP segment of a reassembled PDU]"
"4343","28.675400707","192.168.1.55","192.168.1.2","TCP","1514","8004  >  49822 [ACK] Seq=423006 Ack=144 Win=65024 Len=1448 TSval=2916032756 TSecr=3045552528 [TCP segment of a reassembled PDU]"
"4344","28.675401966","192.168.1.55","192.168.1.2","TCP","1514","8004  >  49822 [ACK] Seq=424454 Ack=144 Win=65024 Len=1448 TSval=2916032756 TSecr=3045552528 [TCP segment of a reassembled PDU]"
"4345","28.675403151","192.168.1.55","192.168.1.2","TCP","1514","8004  >  49822 [ACK] Seq=425902 Ack=144 Win=65024 Len=1448 TSval=2916032756 TSecr=3045552528 [TCP segment of a reassembled PDU]"
"4346","28.675404133","192.168.1.55","192.168.1.2","TCP","1514","8004  >  49822 [ACK] Seq=427350 Ack=144 Win=65024 Len=1448 TSval=2916032756 TSecr=3045552528 [TCP segment of a reassembled PDU]"
"4347","28.675405873","192.168.1.55","192.168.1.2","TCP","1514","8004  >  49822 [ACK] Seq=428798 Ack=144 Win=65024 Len=1448 TSval=2916032756 TSecr=3045552528 [TCP segment of a reassembled PDU]"
"4348","28.675407466","192.168.1.55","192.168.1.2","TCP","1514","8004  >  49822 [ACK] Seq=430246 Ack=144 Win=65024 Len=1448 TSval=2916032756 TSecr=3045552528 [TCP segment of a reassembled PDU]"
"4349","28.675408614","192.168.1.55","192.168.1.2","TCP","1514","8004  >  49822 [ACK] Seq=431694 Ack=144 Win=65024 Len=1448 TSval=2916032756 TSecr=3045552528 [TCP segment of a reassembled PDU]"
"4350","28.675409670","192.168.1.55","192.168.1.2","TCP","1514","8004  >  49822 [ACK] Seq=433142 Ack=144 Win=65024 Len=1448 TSval=2916032756 TSecr=3045552528 [TCP segment of a reassembled PDU]"
"4351","28.675410855","192.168.1.55","192.168.1.2","TCP","1514","8004  >  49822 [ACK] Seq=434590 Ack=144 Win=65024 Len=1448 TSval=2916032756 TSecr=3045552528 [TCP segment of a reassembled PDU]"
"4352","28.675411855","192.168.1.55","192.168.1.2","TCP","1514","8004  >  49822 [PSH, ACK] Seq=436038 Ack=144 Win=65024 Len=1448 TSval=2916032756 TSecr=3045552528 [TCP segment of a reassembled PDU]"
"4353","28.676622098","192.168.1.2","192.168.1.55","TCP","66","49822  >  8004 [ACK] Seq=144 Ack=345958 Win=136192 Len=0 TSval=3045552531 TSecr=2916032748"
"4354","28.676642672","192.168.1.55","192.168.1.2","TCP","1514","8004  >  49822 [ACK] Seq=437486 Ack=144 Win=65024 Len=1448 TSval=2916032757 TSecr=3045552531 [TCP segment of a reassembled PDU]"
"4355","28.676645227","192.168.1.55","192.168.1.2","TCP","1514","8004  >  49822 [ACK] Seq=438934 Ack=144 Win=65024 Len=1448 TSval=2916032757 TSecr=3045552531 [TCP segment of a reassembled PDU]"
"4356","28.676646449","192.168.1.55","192.168.1.2","TCP","1514","8004  >  49822 [PSH, ACK] Seq=440382 Ack=144 Win=65024 Len=1448 TSval=2916032757 TSecr=3045552531 [TCP segment of a reassembled PDU]"
"4357","28.676670838","192.168.1.2","192.168.1.55","TCP","66","49822  >  8004 [ACK] Seq=144 Ack=349158 Win=133120 Len=0 TSval=3045552531 TSecr=2916032753"
"4358","28.676700153","192.168.1.55","192.168.1.2","TCP","1514","8004  >  49822 [ACK] Seq=441830 Ack=144 Win=65024 Len=1448 TSval=2916032757 TSecr=3045552531 [TCP segment of a reassembled PDU]"
"4359","28.676701727","192.168.1.55","192.168.1.2","TCP","1514","8004  >  49822 [ACK] Seq=443278 Ack=144 Win=65024 Len=1448 TSval=2916032757 TSecr=3045552531 [TCP segment of a reassembled PDU]"
"4360","28.676702783","192.168.1.55","192.168.1.2","TCP","1514","8004  >  49822 [ACK] Seq=444726 Ack=144 Win=65024 Len=1448 TSval=2916032757 TSecr=3045552531 [TCP segment of a reassembled PDU]"
"4361","28.676703801","192.168.1.55","192.168.1.2","TCP","1514","8004  >  49822 [ACK] Seq=446174 Ack=144 Win=65024 Len=1448 TSval=2916032757 TSecr=3045552531 [TCP segment of a reassembled PDU]"
"4362","28.676704783","192.168.1.55","192.168.1.2","TCP","1514","8004  >  49822 [ACK] Seq=447622 Ack=144 Win=65024 Len=1448 TSval=2916032757 TSecr=3045552531 [TCP segment of a reassembled PDU]"
"4363","28.676705672","192.168.1.55","192.168.1.2","TCP","1514","8004  >  49822 [ACK] Seq=449070 Ack=144 Win=65024 Len=1448 TSval=2916032757 TSecr=3045552531 [TCP segment of a reassembled PDU]"
"4364","28.676706598","192.168.1.55","192.168.1.2","TCP","1514","8004  >  49822 [ACK] Seq=450518 Ack=144 Win=65024 Len=1448 TSval=2916032757 TSecr=3045552531 [TCP segment of a reassembled PDU]"
"4365","28.676707801","192.168.1.55","192.168.1.2","TCP","1514","8004  >  49822 [ACK] Seq=451966 Ack=144 Win=65024 Len=1448 TSval=2916032757 TSecr=3045552531 [TCP segment of a reassembled PDU]"
"4366","28.676709412","192.168.1.55","192.168.1.2","TCP","1514","8004  >  49822 [ACK] Seq=453414 Ack=144 Win=65024 Len=1448 TSval=2916032757 TSecr=3045552531 [TCP segment of a reassembled PDU]"
"4367","28.676710394","192.168.1.55","192.168.1.2","TCP","1514","8004  >  49822 [ACK] Seq=454862 Ack=144 Win=65024 Len=1448 TSval=2916032757 TSecr=3045552531 [TCP segment of a reassembled PDU]"
"4368","28.676711449","192.168.1.55","192.168.1.2","TCP","1514","8004  >  49822 [ACK] Seq=456310 Ack=144 Win=65024 Len=1448 TSval=2916032757 TSecr=3045552531 [TCP segment of a reassembled PDU]"
"4369","28.676712375","192.168.1.55","192.168.1.2","TCP","1514","8004  >  49822 [ACK] Seq=457758 Ack=144 Win=65024 Len=1448 TSval=2916032757 TSecr=3045552531 [TCP segment of a reassembled PDU]"
"4370","28.676713431","192.168.1.55","192.168.1.2","TCP","1514","8004  >  49822 [ACK] Seq=459206 Ack=144 Win=65024 Len=1448 TSval=2916032757 TSecr=3045552531 [TCP segment of a reassembled PDU]"
"4371","28.676714431","192.168.1.55","192.168.1.2","TCP","1514","8004  >  49822 [ACK] Seq=460654 Ack=144 Win=65024 Len=1448 TSval=2916032757 TSecr=3045552531 [TCP segment of a reassembled PDU]"
"4372","28.676715579","192.168.1.55","192.168.1.2","TCP","1514","8004  >  49822 [ACK] Seq=462102 Ack=144 Win=65024 Len=1448 TSval=2916032757 TSecr=3045552531 [TCP segment of a reassembled PDU]"
"4373","28.676716598","192.168.1.55","192.168.1.2","TCP","1514","8004  >  49822 [ACK] Seq=463550 Ack=144 Win=65024 Len=1448 TSval=2916032757 TSecr=3045552531 [TCP segment of a reassembled PDU]"
"4374","28.676717598","192.168.1.55","192.168.1.2","TCP","1514","8004  >  49822 [ACK] Seq=464998 Ack=144 Win=65024 Len=1448 TSval=2916032757 TSecr=3045552531 [TCP segment of a reassembled PDU]"
"4375","28.676718598","192.168.1.55","192.168.1.2","TCP","1514","8004  >  49822 [ACK] Seq=466446 Ack=144 Win=65024 Len=1448 TSval=2916032757 TSecr=3045552531 [TCP segment of a reassembled PDU]"
"4376","28.676719598","192.168.1.55","192.168.1.2","TCP","1514","8004  >  49822 [ACK] Seq=467894 Ack=144 Win=65024 Len=1448 TSval=2916032757 TSecr=3045552531 [TCP segment of a reassembled PDU]"
"4377","28.676720653","192.168.1.55","192.168.1.2","TCP","1514","8004  >  49822 [ACK] Seq=469342 Ack=144 Win=65024 Len=1448 TSval=2916032757 TSecr=3045552531 [TCP segment of a reassembled PDU]"
"4378","28.676721672","192.168.1.55","192.168.1.2","TCP","1514","8004  >  49822 [ACK] Seq=470790 Ack=144 Win=65024 Len=1448 TSval=2916032757 TSecr=3045552531 [TCP segment of a reassembled PDU]"
"4379","28.676722561","192.168.1.55","192.168.1.2","TCP","1514","8004  >  49822 [ACK] Seq=472238 Ack=144 Win=65024 Len=1448 TSval=2916032757 TSecr=3045552531 [TCP segment of a reassembled PDU]"
"4380","28.676724042","192.168.1.55","192.168.1.2","TCP","1514","8004  >  49822 [ACK] Seq=473686 Ack=144 Win=65024 Len=1448 TSval=2916032757 TSecr=3045552531 [TCP segment of a reassembled PDU]"
"4381","28.676725005","192.168.1.55","192.168.1.2","TCP","1514","8004  >  49822 [ACK] Seq=475134 Ack=144 Win=65024 Len=1448 TSval=2916032757 TSecr=3045552531 [TCP segment of a reassembled PDU]"
"4382","28.676725931","192.168.1.55","192.168.1.2","TCP","1514","8004  >  49822 [ACK] Seq=476582 Ack=144 Win=65024 Len=1448 TSval=2916032757 TSecr=3045552531 [TCP segment of a reassembled PDU]"
"4383","28.676727042","192.168.1.55","192.168.1.2","TCP","1514","8004  >  49822 [ACK] Seq=478030 Ack=144 Win=65024 Len=1448 TSval=2916032757 TSecr=3045552531 [TCP segment of a reassembled PDU]"
"4384","28.676727950","192.168.1.55","192.168.1.2","TCP","1514","8004  >  49822 [ACK] Seq=479478 Ack=144 Win=65024 Len=1448 TSval=2916032757 TSecr=3045552531 [TCP segment of a reassembled PDU]"
"4385","28.676729005","192.168.1.55","192.168.1.2","TCP","1418","[TCP Window Full] 8004  >  49822 [PSH, ACK] Seq=480926 Ack=144 Win=65024 Len=1352 TSval=2916032757 TSecr=3045552531 [TCP segment of a reassembled PDU]"
"4386","28.684257017","192.168.1.2","192.168.1.55","TCP","66","49822  >  8004 [ACK] Seq=144 Ack=385358 Win=117760 Len=0 TSval=3045552537 TSecr=2916032755"
"4387","28.684308647","192.168.1.55","192.168.1.2","TCP","1514","8004  >  49822 [ACK] Seq=482278 Ack=144 Win=65024 Len=1448 TSval=2916032764 TSecr=3045552537 [TCP segment of a reassembled PDU]"
"4388","28.684312887","192.168.1.55","192.168.1.2","TCP","1514","8004  >  49822 [ACK] Seq=483726 Ack=144 Win=65024 Len=1448 TSval=2916032764 TSecr=3045552537 [TCP segment of a reassembled PDU]"
"4389","28.684314035","192.168.1.55","192.168.1.2","TCP","1514","8004  >  49822 [ACK] Seq=485174 Ack=144 Win=65024 Len=1448 TSval=2916032764 TSecr=3045552537 [TCP segment of a reassembled PDU]"
"4390","28.684315017","192.168.1.55","192.168.1.2","TCP","1514","8004  >  49822 [PSH, ACK] Seq=486622 Ack=144 Win=65024 Len=1448 TSval=2916032764 TSecr=3045552537 [TCP segment of a reassembled PDU]"
"4391","28.684321535","192.168.1.55","192.168.1.2","TCP","162","8004  >  49822 [ACK] Seq=488070 Ack=144 Win=65024 Len=96 TSval=2916032764 TSecr=3045552537 [TCP segment of a reassembled PDU]"
"4392","28.684333054","192.168.1.55","192.168.1.2","TCP","1514","8004  >  49822 [ACK] Seq=488166 Ack=144 Win=65024 Len=1448 TSval=2916032764 TSecr=3045552537 [TCP segment of a reassembled PDU]"
"4393","28.684334276","192.168.1.55","192.168.1.2","TCP","1514","8004  >  49822 [ACK] Seq=489614 Ack=144 Win=65024 Len=1448 TSval=2916032764 TSecr=3045552537 [TCP segment of a reassembled PDU]"
"4394","28.684335276","192.168.1.55","192.168.1.2","TCP","1514","8004  >  49822 [ACK] Seq=491062 Ack=144 Win=65024 Len=1448 TSval=2916032764 TSecr=3045552537 [TCP segment of a reassembled PDU]"
"4395","28.684336369","192.168.1.55","192.168.1.2","TCP","1514","8004  >  49822 [ACK] Seq=492510 Ack=144 Win=65024 Len=1448 TSval=2916032764 TSecr=3045552537 [TCP segment of a reassembled PDU]"
"4396","28.684337313","192.168.1.55","192.168.1.2","TCP","1514","8004  >  49822 [ACK] Seq=493958 Ack=144 Win=65024 Len=1448 TSval=2916032764 TSecr=3045552537 [TCP segment of a reassembled PDU]"
"4397","28.684338776","192.168.1.55","192.168.1.2","TCP","1514","8004  >  49822 [ACK] Seq=495406 Ack=144 Win=65024 Len=1448 TSval=2916032764 TSecr=3045552537 [TCP segment of a reassembled PDU]"
"4398","28.684339739","192.168.1.55","192.168.1.2","TCP","1514","8004  >  49822 [PSH, ACK] Seq=496854 Ack=144 Win=65024 Len=1448 TSval=2916032764 TSecr=3045552537 [TCP segment of a reassembled PDU]"
"4399","28.684342535","192.168.1.55","192.168.1.2","HTTP","222","HTTP/1.0 200 OK  (PNG)"
"4400","28.684433665","192.168.1.2","192.168.1.55","TCP","66","49822  >  8004 [ACK] Seq=144 Ack=395494 Win=145408 Len=0 TSval=3045552537 TSecr=2916032755"
"4401","28.684449647","192.168.1.2","192.168.1.55","TCP","66","49822  >  8004 [ACK] Seq=144 Ack=437486 Win=103424 Len=0 TSval=3045552537 TSecr=2916032756"
"4402","28.684455536","192.168.1.2","192.168.1.55","TCP","66","49822  >  8004 [ACK] Seq=144 Ack=447622 Win=102400 Len=0 TSval=3045552537 TSecr=2916032757"
"4403","28.684460647","192.168.1.2","192.168.1.55","TCP","66","49822  >  8004 [ACK] Seq=144 Ack=480926 Win=120832 Len=0 TSval=3045552539 TSecr=2916032757"
"4404","28.684947870","192.168.1.2","192.168.1.55","TCP","66","49822  >  8004 [ACK] Seq=144 Ack=482278 Win=148480 Len=0 TSval=3045552540 TSecr=2916032757"
"4405","28.687487559","192.168.1.2","192.168.1.55","TCP","66","49822  >  8004 [ACK] Seq=144 Ack=495406 Win=148480 Len=0 TSval=3045552542 TSecr=2916032764"
"4406","28.687577429","192.168.1.2","192.168.1.55","TCP","66","49822  >  8004 [ACK] Seq=144 Ack=498302 Win=153600 Len=0 TSval=3045552543 TSecr=2916032764"
"4407","28.689480803","192.168.1.2","192.168.1.55","TCP","66","49822  >  8004 [FIN, ACK] Seq=144 Ack=498459 Win=156672 Len=0 TSval=3045552544 TSecr=2916032764"
"4408","28.689500766","192.168.1.55","192.168.1.2","TCP","66","8004  >  49822 [ACK] Seq=498459 Ack=145 Win=65024 Len=0 TSval=2916032770 TSecr=3045552544"
"4409","28.689599951","192.168.1.2","192.168.1.55","TCP","74","49830  >  8004 [SYN] Seq=0 Win=64240 Len=0 MSS=1460 SACK_PERM TSval=3045552544 TSecr=0 WS=1024"
"4410","28.689630377","192.168.1.55","192.168.1.2","TCP","74","8004  >  49830 [SYN, ACK] Seq=0 Ack=1 Win=65160 Len=0 MSS=1460 SACK_PERM TSval=2916032770 TSecr=3045552544 WS=128"
"4411","28.694867848","192.168.1.2","192.168.1.55","TCP","66","49830  >  8004 [ACK] Seq=1 Ack=1 Win=64512 Len=0 TSval=3045552547 TSecr=2916032770"
"4412","28.695205182","192.168.1.2","192.168.1.55","HTTP","206","GET /stego_benchmark.png HTTP/1.1 "
"4413","28.695218904","192.168.1.55","192.168.1.2","TCP","66","8004  >  49830 [ACK] Seq=1 Ack=141 Win=65024 Len=0 TSval=2916032775 TSecr=3045552547"
"4414","28.695670701","192.168.1.55","192.168.1.2","TCP","255","8004  >  49830 [PSH, ACK] Seq=1 Ack=141 Win=65024 Len=189 TSval=2916032776 TSecr=3045552547 [TCP segment of a reassembled PDU]"
"4415","28.695738127","192.168.1.55","192.168.1.2","TCP","1514","8004  >  49830 [ACK] Seq=190 Ack=141 Win=65024 Len=1448 TSval=2916032776 TSecr=3045552547 [TCP segment of a reassembled PDU]"
"4416","28.695741572","192.168.1.55","192.168.1.2","TCP","1514","8004  >  49830 [ACK] Seq=1638 Ack=141 Win=65024 Len=1448 TSval=2916032776 TSecr=3045552547 [TCP segment of a reassembled PDU]"
"4417","28.695742757","192.168.1.55","192.168.1.2","TCP","1514","8004  >  49830 [ACK] Seq=3086 Ack=141 Win=65024 Len=1448 TSval=2916032776 TSecr=3045552547 [TCP segment of a reassembled PDU]"
"4418","28.695743794","192.168.1.55","192.168.1.2","TCP","1514","8004  >  49830 [ACK] Seq=4534 Ack=141 Win=65024 Len=1448 TSval=2916032776 TSecr=3045552547 [TCP segment of a reassembled PDU]"
"4419","28.695745276","192.168.1.55","192.168.1.2","TCP","1514","8004  >  49830 [PSH, ACK] Seq=5982 Ack=141 Win=65024 Len=1448 TSval=2916032776 TSecr=3045552547 [TCP segment of a reassembled PDU]"
"4420","28.695979887","192.168.1.55","192.168.1.2","TCP","1514","8004  >  49830 [ACK] Seq=7430 Ack=141 Win=65024 Len=1448 TSval=2916032776 TSecr=3045552547 [TCP segment of a reassembled PDU]"
"4421","28.695982387","192.168.1.55","192.168.1.2","TCP","1514","8004  >  49830 [ACK] Seq=8878 Ack=141 Win=65024 Len=1448 TSval=2916032776 TSecr=3045552547 [TCP segment of a reassembled PDU]"
"4422","28.695983757","192.168.1.55","192.168.1.2","TCP","1514","8004  >  49830 [ACK] Seq=10326 Ack=141 Win=65024 Len=1448 TSval=2916032776 TSecr=3045552547 [TCP segment of a reassembled PDU]"
"4423","28.695985017","192.168.1.55","192.168.1.2","TCP","1514","8004  >  49830 [PSH, ACK] Seq=11774 Ack=141 Win=65024 Len=1448 TSval=2916032776 TSecr=3045552547 [TCP segment of a reassembled PDU]"
"4424","28.700445246","192.168.1.2","192.168.1.55","TCP","66","49830  >  8004 [ACK] Seq=141 Ack=190 Win=64512 Len=0 TSval=3045552553 TSecr=2916032776"
"4425","28.700508672","192.168.1.55","192.168.1.2","TCP","1514","8004  >  49830 [ACK] Seq=13222 Ack=141 Win=65024 Len=1448 TSval=2916032781 TSecr=3045552553 [TCP segment of a reassembled PDU]"
"4426","28.700517024","192.168.1.55","192.168.1.2","TCP","1514","8004  >  49830 [PSH, ACK] Seq=14670 Ack=141 Win=65024 Len=1448 TSval=2916032781 TSecr=3045552553 [TCP segment of a reassembled PDU]"
"4427","28.700615987","192.168.1.2","192.168.1.55","TCP","66","49830  >  8004 [ACK] Seq=141 Ack=3086 Win=70656 Len=0 TSval=3045552553 TSecr=2916032776"
"4428","28.700627783","192.168.1.2","192.168.1.55","TCP","66","49830  >  8004 [ACK] Seq=141 Ack=5982 Win=76800 Len=0 TSval=3045552554 TSecr=2916032776"
"4429","28.700661635","192.168.1.55","192.168.1.2","TCP","1514","8004  >  49830 [ACK] Seq=16118 Ack=141 Win=65024 Len=1448 TSval=2916032781 TSecr=3045552554 [TCP segment of a reassembled PDU]"
"4430","28.700664339","192.168.1.55","192.168.1.2","TCP","1514","8004  >  49830 [ACK] Seq=17566 Ack=141 Win=65024 Len=1448 TSval=2916032781 TSecr=3045552554 [TCP segment of a reassembled PDU]"
"4431","28.700666542","192.168.1.55","192.168.1.2","TCP","1514","8004  >  49830 [ACK] Seq=19014 Ack=141 Win=65024 Len=1448 TSval=2916032781 TSecr=3045552554 [TCP segment of a reassembled PDU]"
"4432","28.700667987","192.168.1.55","192.168.1.2","TCP","1514","8004  >  49830 [ACK] Seq=20462 Ack=141 Win=65024 Len=1448 TSval=2916032781 TSecr=3045552554 [TCP segment of a reassembled PDU]"
"4433","28.700669709","192.168.1.55","192.168.1.2","TCP","1514","8004  >  49830 [ACK] Seq=21910 Ack=141 Win=65024 Len=1448 TSval=2916032781 TSecr=3045552554 [TCP segment of a reassembled PDU]"
"4434","28.700671172","192.168.1.55","192.168.1.2","TCP","1514","8004  >  49830 [ACK] Seq=23358 Ack=141 Win=65024 Len=1448 TSval=2916032781 TSecr=3045552554 [TCP segment of a reassembled PDU]"
"4435","28.700673154","192.168.1.55","192.168.1.2","TCP","1514","8004  >  49830 [PSH, ACK] Seq=24806 Ack=141 Win=65024 Len=1448 TSval=2916032781 TSecr=3045552554 [TCP segment of a reassembled PDU]"
"4436","28.700678635","192.168.1.2","192.168.1.55","TCP","66","49830  >  8004 [ACK] Seq=141 Ack=7430 Win=79872 Len=0 TSval=3045552555 TSecr=2916032776"
"4437","28.700685394","192.168.1.2","192.168.1.55","TCP","66","49830  >  8004 [ACK] Seq=141 Ack=13222 Win=84992 Len=0 TSval=3045552555 TSecr=2916032776"
"4438","28.700715894","192.168.1.55","192.168.1.2","TCP","1514","8004  >  49830 [ACK] Seq=26254 Ack=141 Win=65024 Len=1448 TSval=2916032781 TSecr=3045552555 [TCP segment of a reassembled PDU]"
"4439","28.700719543","192.168.1.55","192.168.1.2","TCP","1514","8004  >  49830 [ACK] Seq=27702 Ack=141 Win=65024 Len=1448 TSval=2916032781 TSecr=3045552555 [TCP segment of a reassembled PDU]"
"4440","28.700720931","192.168.1.55","192.168.1.2","TCP","1514","8004  >  49830 [ACK] Seq=29150 Ack=141 Win=65024 Len=1448 TSval=2916032781 TSecr=3045552555 [TCP segment of a reassembled PDU]"
"4441","28.700722839","192.168.1.55","192.168.1.2","TCP","1514","8004  >  49830 [ACK] Seq=30598 Ack=141 Win=65024 Len=1448 TSval=2916032781 TSecr=3045552555 [TCP segment of a reassembled PDU]"
"4442","28.700725043","192.168.1.55","192.168.1.2","TCP","1514","8004  >  49830 [ACK] Seq=32046 Ack=141 Win=65024 Len=1448 TSval=2916032781 TSecr=3045552555 [TCP segment of a reassembled PDU]"
"4443","28.700726913","192.168.1.55","192.168.1.2","TCP","1514","8004  >  49830 [ACK] Seq=33494 Ack=141 Win=65024 Len=1448 TSval=2916032781 TSecr=3045552555 [TCP segment of a reassembled PDU]"
"4444","28.700728783","192.168.1.55","192.168.1.2","TCP","1514","8004  >  49830 [ACK] Seq=34942 Ack=141 Win=65024 Len=1448 TSval=2916032781 TSecr=3045552555 [TCP segment of a reassembled PDU]"
"4445","28.700730524","192.168.1.55","192.168.1.2","TCP","1514","8004  >  49830 [ACK] Seq=36390 Ack=141 Win=65024 Len=1448 TSval=2916032781 TSecr=3045552555 [TCP segment of a reassembled PDU]"
"4446","28.700732950","192.168.1.55","192.168.1.2","TCP","1514","8004  >  49830 [ACK] Seq=37838 Ack=141 Win=65024 Len=1448 TSval=2916032781 TSecr=3045552555 [TCP segment of a reassembled PDU]"
"4447","28.700734931","192.168.1.55","192.168.1.2","TCP","1514","8004  >  49830 [PSH, ACK] Seq=39286 Ack=141 Win=65024 Len=1448 TSval=2916032781 TSecr=3045552555 [TCP segment of a reassembled PDU]"
"4448","28.701550451","192.168.1.55","192.168.1.2","TCP","1514","8004  >  49830 [ACK] Seq=40734 Ack=141 Win=65024 Len=1448 TSval=2916032782 TSecr=3045552555 [TCP segment of a reassembled PDU]"
"4449","28.705245661","192.168.1.2","192.168.1.55","TCP","66","49830  >  8004 [ACK] Seq=141 Ack=16118 Win=90112 Len=0 TSval=3045552559 TSecr=2916032781"
"4450","28.705285827","192.168.1.55","192.168.1.2","TCP","1514","8004  >  49830 [ACK] Seq=42182 Ack=141 Win=65024 Len=1448 TSval=2916032785 TSecr=3045552559 [TCP segment of a reassembled PDU]"
"4451","28.705289957","192.168.1.55","192.168.1.2","TCP","1514","8004  >  49830 [PSH, ACK] Seq=43630 Ack=141 Win=65024 Len=1448 TSval=2916032785 TSecr=3045552559 [TCP segment of a reassembled PDU]"
"4452","28.705384216","192.168.1.2","192.168.1.55","TCP","66","49830  >  8004 [ACK] Seq=141 Ack=26254 Win=83968 Len=0 TSval=3045552559 TSecr=2916032781"
"4453","28.705415661","192.168.1.55","192.168.1.2","TCP","1514","8004  >  49830 [ACK] Seq=45078 Ack=141 Win=65024 Len=1448 TSval=2916032786 TSecr=3045552559 [TCP segment of a reassembled PDU]"
"4454","28.705418365","192.168.1.55","192.168.1.2","TCP","1514","8004  >  49830 [ACK] Seq=46526 Ack=141 Win=65024 Len=1448 TSval=2916032786 TSecr=3045552559 [TCP segment of a reassembled PDU]"
"4455","28.705419624","192.168.1.55","192.168.1.2","TCP","1514","8004  >  49830 [ACK] Seq=47974 Ack=141 Win=65024 Len=1448 TSval=2916032786 TSecr=3045552559 [TCP segment of a reassembled PDU]"
"4456","28.705421050","192.168.1.55","192.168.1.2","TCP","1514","8004  >  49830 [ACK] Seq=49422 Ack=141 Win=65024 Len=1448 TSval=2916032786 TSecr=3045552559 [TCP segment of a reassembled PDU]"
"4457","28.705422642","192.168.1.55","192.168.1.2","TCP","1514","8004  >  49830 [ACK] Seq=50870 Ack=141 Win=65024 Len=1448 TSval=2916032786 TSecr=3045552559 [TCP segment of a reassembled PDU]"
"4458","28.705424939","192.168.1.55","192.168.1.2","TCP","1514","8004  >  49830 [ACK] Seq=52318 Ack=141 Win=65024 Len=1448 TSval=2916032786 TSecr=3045552559 [TCP segment of a reassembled PDU]"
"4459","28.705426494","192.168.1.55","192.168.1.2","TCP","1514","8004  >  49830 [ACK] Seq=53766 Ack=141 Win=65024 Len=1448 TSval=2916032786 TSecr=3045552559 [TCP segment of a reassembled PDU]"
"4460","28.705428087","192.168.1.55","192.168.1.2","TCP","1514","8004  >  49830 [ACK] Seq=55214 Ack=141 Win=65024 Len=1448 TSval=2916032786 TSecr=3045552559 [TCP segment of a reassembled PDU]"
"4461","28.705429494","192.168.1.55","192.168.1.2","TCP","1514","8004  >  49830 [ACK] Seq=56662 Ack=141 Win=65024 Len=1448 TSval=2916032786 TSecr=3045552559 [TCP segment of a reassembled PDU]"
"4462","28.705430772","192.168.1.55","192.168.1.2","TCP","1514","8004  >  49830 [ACK] Seq=58110 Ack=141 Win=65024 Len=1448 TSval=2916032786 TSecr=3045552559 [TCP segment of a reassembled PDU]"
"4463","28.705432254","192.168.1.55","192.168.1.2","TCP","1514","8004  >  49830 [ACK] Seq=59558 Ack=141 Win=65024 Len=1448 TSval=2916032786 TSecr=3045552559 [TCP segment of a reassembled PDU]"
"4464","28.705433680","192.168.1.55","192.168.1.2","TCP","1514","8004  >  49830 [ACK] Seq=61006 Ack=141 Win=65024 Len=1448 TSval=2916032786 TSecr=3045552559 [TCP segment of a reassembled PDU]"
"4465","28.705435568","192.168.1.55","192.168.1.2","TCP","1514","8004  >  49830 [ACK] Seq=62454 Ack=141 Win=65024 Len=1448 TSval=2916032786 TSecr=3045552559 [TCP segment of a reassembled PDU]"
"4466","28.705437957","192.168.1.55","192.168.1.2","TCP","1514","8004  >  49830 [PSH, ACK] Seq=63902 Ack=141 Win=65024 Len=1448 TSval=2916032786 TSecr=3045552559 [TCP segment of a reassembled PDU]"
"4467","28.705442994","192.168.1.2","192.168.1.55","TCP","66","49830  >  8004 [ACK] Seq=141 Ack=36390 Win=74752 Len=0 TSval=3045552559 TSecr=2916032781"
"4468","28.705472920","192.168.1.55","192.168.1.2","TCP","1514","8004  >  49830 [ACK] Seq=65350 Ack=141 Win=65024 Len=1448 TSval=2916032786 TSecr=3045552559 [TCP segment of a reassembled PDU]"
"4469","28.705475365","192.168.1.55","192.168.1.2","TCP","1514","8004  >  49830 [ACK] Seq=66798 Ack=141 Win=65024 Len=1448 TSval=2916032786 TSecr=3045552559 [TCP segment of a reassembled PDU]"
"4470","28.705476735","192.168.1.55","192.168.1.2","TCP","1514","8004  >  49830 [ACK] Seq=68246 Ack=141 Win=65024 Len=1448 TSval=2916032786 TSecr=3045552559 [TCP segment of a reassembled PDU]"
"4471","28.705479106","192.168.1.55","192.168.1.2","TCP","1514","8004  >  49830 [ACK] Seq=69694 Ack=141 Win=65024 Len=1448 TSval=2916032786 TSecr=3045552559 [TCP segment of a reassembled PDU]"
"4472","28.705480568","192.168.1.55","192.168.1.2","TCP","1514","8004  >  49830 [ACK] Seq=71142 Ack=141 Win=65024 Len=1448 TSval=2916032786 TSecr=3045552559 [TCP segment of a reassembled PDU]"
"4473","28.705482198","192.168.1.55","192.168.1.2","TCP","1514","8004  >  49830 [ACK] Seq=72590 Ack=141 Win=65024 Len=1448 TSval=2916032786 TSecr=3045552559 [TCP segment of a reassembled PDU]"
"4474","28.705483587","192.168.1.55","192.168.1.2","TCP","1514","8004  >  49830 [ACK] Seq=74038 Ack=141 Win=65024 Len=1448 TSval=2916032786 TSecr=3045552559 [TCP segment of a reassembled PDU]"
"4475","28.705485920","192.168.1.55","192.168.1.2","TCP","1514","8004  >  49830 [PSH, ACK] Seq=75486 Ack=141 Win=65024 Len=1448 TSval=2916032786 TSecr=3045552559 [TCP segment of a reassembled PDU]"
"4476","28.705495124","192.168.1.2","192.168.1.55","TCP","66","49830  >  8004 [ACK] Seq=141 Ack=39286 Win=72704 Len=0 TSval=3045552559 TSecr=2916032781"
"4477","28.705564161","192.168.1.2","192.168.1.55","TCP","66","49830  >  8004 [ACK] Seq=141 Ack=40734 Win=91136 Len=0 TSval=3045552560 TSecr=2916032781"
"4478","28.705569143","192.168.1.2","192.168.1.55","TCP","66","49830  >  8004 [ACK] Seq=141 Ack=42182 Win=91136 Len=0 TSval=3045552560 TSecr=2916032782"
"4479","28.706494848","192.168.1.55","192.168.1.2","TCP","1514","8004  >  49830 [ACK] Seq=76934 Ack=141 Win=65024 Len=1448 TSval=2916032787 TSecr=3045552560 [TCP segment of a reassembled PDU]"
"4480","28.706498866","192.168.1.55","192.168.1.2","TCP","1514","8004  >  49830 [ACK] Seq=78382 Ack=141 Win=65024 Len=1448 TSval=2916032787 TSecr=3045552560 [TCP segment of a reassembled PDU]"
"4481","28.706500218","192.168.1.55","192.168.1.2","TCP","1514","8004  >  49830 [ACK] Seq=79830 Ack=141 Win=65024 Len=1448 TSval=2916032787 TSecr=3045552560 [TCP segment of a reassembled PDU]"
"4482","28.706502144","192.168.1.55","192.168.1.2","TCP","1514","8004  >  49830 [ACK] Seq=81278 Ack=141 Win=65024 Len=1448 TSval=2916032787 TSecr=3045552560 [TCP segment of a reassembled PDU]"
"4483","28.706503515","192.168.1.55","192.168.1.2","TCP","1514","8004  >  49830 [ACK] Seq=82726 Ack=141 Win=65024 Len=1448 TSval=2916032787 TSecr=3045552560 [TCP segment of a reassembled PDU]"
"4484","28.706505496","192.168.1.55","192.168.1.2","TCP","1514","8004  >  49830 [ACK] Seq=84174 Ack=141 Win=65024 Len=1448 TSval=2916032787 TSecr=3045552560 [TCP segment of a reassembled PDU]"
"4485","28.706507255","192.168.1.55","192.168.1.2","TCP","1514","8004  >  49830 [ACK] Seq=85622 Ack=141 Win=65024 Len=1448 TSval=2916032787 TSecr=3045552560 [TCP segment of a reassembled PDU]"
"4486","28.706508866","192.168.1.55","192.168.1.2","TCP","1514","8004  >  49830 [ACK] Seq=87070 Ack=141 Win=65024 Len=1448 TSval=2916032787 TSecr=3045552560 [TCP segment of a reassembled PDU]"
"4487","28.706510181","192.168.1.55","192.168.1.2","TCP","1514","8004  >  49830 [ACK] Seq=88518 Ack=141 Win=65024 Len=1448 TSval=2916032787 TSecr=3045552560 [TCP segment of a reassembled PDU]"
"4488","28.706511440","192.168.1.55","192.168.1.2","TCP","1514","8004  >  49830 [ACK] Seq=89966 Ack=141 Win=65024 Len=1448 TSval=2916032787 TSecr=3045552560 [TCP segment of a reassembled PDU]"
"4489","28.706512644","192.168.1.55","192.168.1.2","TCP","1514","8004  >  49830 [ACK] Seq=91414 Ack=141 Win=65024 Len=1448 TSval=2916032787 TSecr=3045552560 [TCP segment of a reassembled PDU]"
"4490","28.706514163","192.168.1.55","192.168.1.2","TCP","1514","8004  >  49830 [ACK] Seq=92862 Ack=141 Win=65024 Len=1448 TSval=2916032787 TSecr=3045552560 [TCP segment of a reassembled PDU]"
"4491","28.706515848","192.168.1.55","192.168.1.2","TCP","1514","8004  >  49830 [ACK] Seq=94310 Ack=141 Win=65024 Len=1448 TSval=2916032787 TSecr=3045552560 [TCP segment of a reassembled PDU]"
"4492","28.706518070","192.168.1.55","192.168.1.2","TCP","1514","8004  >  49830 [PSH, ACK] Seq=95758 Ack=141 Win=65024 Len=1448 TSval=2916032787 TSecr=3045552560 [TCP segment of a reassembled PDU]"
"4493","28.706524366","192.168.1.55","192.168.1.2","TCP","1514","8004  >  49830 [ACK] Seq=97206 Ack=141 Win=65024 Len=1448 TSval=2916032787 TSecr=3045552560 [TCP segment of a reassembled PDU]"
"4494","28.706525774","192.168.1.55","192.168.1.2","TCP","1514","8004  >  49830 [PSH, ACK] Seq=98654 Ack=141 Win=65024 Len=1448 TSval=2916032787 TSecr=3045552560 [TCP segment of a reassembled PDU]"
"4495","28.711252263","192.168.1.2","192.168.1.55","TCP","66","49830  >  8004 [ACK] Seq=141 Ack=45078 Win=89088 Len=0 TSval=3045552565 TSecr=2916032785"
"4496","28.711269374","192.168.1.55","192.168.1.2","TCP","1514","8004  >  49830 [ACK] Seq=100102 Ack=141 Win=65024 Len=1448 TSval=2916032791 TSecr=3045552565 [TCP segment of a reassembled PDU]"
"4497","28.711275948","192.168.1.55","192.168.1.2","TCP","1514","8004  >  49830 [ACK] Seq=101550 Ack=141 Win=65024 Len=1448 TSval=2916032791 TSecr=3045552565 [TCP segment of a reassembled PDU]"
"4498","28.711277411","192.168.1.55","192.168.1.2","TCP","1514","8004  >  49830 [ACK] Seq=102998 Ack=141 Win=65024 Len=1448 TSval=2916032791 TSecr=3045552565 [TCP segment of a reassembled PDU]"
"4499","28.711278578","192.168.1.55","192.168.1.2","TCP","1514","8004  >  49830 [PSH, ACK] Seq=104446 Ack=141 Win=65024 Len=1448 TSval=2916032791 TSecr=3045552565 [TCP segment of a reassembled PDU]"
"4500","28.711552059","192.168.1.2","192.168.1.55","TCP","66","49830  >  8004 [ACK] Seq=141 Ack=49422 Win=89088 Len=0 TSval=3045552565 TSecr=2916032786"
"4501","28.711558689","192.168.1.2","192.168.1.55","TCP","66","49830  >  8004 [ACK] Seq=141 Ack=65350 Win=77824 Len=0 TSval=3045552565 TSecr=2916032786"
"4502","28.711572337","192.168.1.55","192.168.1.2","TCP","1514","8004  >  49830 [ACK] Seq=105894 Ack=141 Win=65024 Len=1448 TSval=2916032792 TSecr=3045552565 [TCP segment of a reassembled PDU]"
"4503","28.711574393","192.168.1.55","192.168.1.2","TCP","1514","8004  >  49830 [ACK] Seq=107342 Ack=141 Win=65024 Len=1448 TSval=2916032792 TSecr=3045552565 [TCP segment of a reassembled PDU]"
"4504","28.711575559","192.168.1.55","192.168.1.2","TCP","1514","8004  >  49830 [ACK] Seq=108790 Ack=141 Win=65024 Len=1448 TSval=2916032792 TSecr=3045552565 [TCP segment of a reassembled PDU]"
"4505","28.711576708","192.168.1.55","192.168.1.2","TCP","1514","8004  >  49830 [ACK] Seq=110238 Ack=141 Win=65024 Len=1448 TSval=2916032792 TSecr=3045552565 [TCP segment of a reassembled PDU]"
"4506","28.711578041","192.168.1.55","192.168.1.2","TCP","1514","8004  >  49830 [ACK] Seq=111686 Ack=141 Win=65024 Len=1448 TSval=2916032792 TSecr=3045552565 [TCP segment of a reassembled PDU]"
"4507","28.711579282","192.168.1.55","192.168.1.2","TCP","1514","8004  >  49830 [ACK] Seq=113134 Ack=141 Win=65024 Len=1448 TSval=2916032792 TSecr=3045552565 [TCP segment of a reassembled PDU]"
"4508","28.711580467","192.168.1.55","192.168.1.2","TCP","1514","8004  >  49830 [ACK] Seq=114582 Ack=141 Win=65024 Len=1448 TSval=2916032792 TSecr=3045552565 [TCP segment of a reassembled PDU]"
"4509","28.711581652","192.168.1.55","192.168.1.2","TCP","1514","8004  >  49830 [ACK] Seq=116030 Ack=141 Win=65024 Len=1448 TSval=2916032792 TSecr=3045552565 [TCP segment of a reassembled PDU]"
"4510","28.711582819","192.168.1.55","192.168.1.2","TCP","1514","8004  >  49830 [PSH, ACK] Seq=117478 Ack=141 Win=65024 Len=1448 TSval=2916032792 TSecr=3045552565 [TCP segment of a reassembled PDU]"
"4511","28.711586948","192.168.1.2","192.168.1.55","TCP","66","49830  >  8004 [ACK] Seq=141 Ack=76934 Win=81920 Len=0 TSval=3045552565 TSecr=2916032786"
"4512","28.711628800","192.168.1.55","192.168.1.2","TCP","1514","8004  >  49830 [ACK] Seq=118926 Ack=141 Win=65024 Len=1448 TSval=2916032792 TSecr=3045552565 [TCP segment of a reassembled PDU]"
"4513","28.711630560","192.168.1.55","192.168.1.2","TCP","1514","8004  >  49830 [ACK] Seq=120374 Ack=141 Win=65024 Len=1448 TSval=2916032792 TSecr=3045552565 [TCP segment of a reassembled PDU]"
"4514","28.711631671","192.168.1.55","192.168.1.2","TCP","1514","8004  >  49830 [ACK] Seq=121822 Ack=141 Win=65024 Len=1448 TSval=2916032792 TSecr=3045552565 [TCP segment of a reassembled PDU]"
"4515","28.711632856","192.168.1.55","192.168.1.2","TCP","1514","8004  >  49830 [ACK] Seq=123270 Ack=141 Win=65024 Len=1448 TSval=2916032792 TSecr=3045552565 [TCP segment of a reassembled PDU]"
"4516","28.711634097","192.168.1.55","192.168.1.2","TCP","1514","8004  >  49830 [ACK] Seq=124718 Ack=141 Win=65024 Len=1448 TSval=2916032792 TSecr=3045552565 [TCP segment of a reassembled PDU]"
"4517","28.711635689","192.168.1.55","192.168.1.2","TCP","1514","8004  >  49830 [ACK] Seq=126166 Ack=141 Win=65024 Len=1448 TSval=2916032792 TSecr=3045552565 [TCP segment of a reassembled PDU]"
"4518","28.711636763","192.168.1.55","192.168.1.2","TCP","1514","8004  >  49830 [ACK] Seq=127614 Ack=141 Win=65024 Len=1448 TSval=2916032792 TSecr=3045552565 [TCP segment of a reassembled PDU]"
"4519","28.711637930","192.168.1.55","192.168.1.2","TCP","1514","8004  >  49830 [ACK] Seq=129062 Ack=141 Win=65024 Len=1448 TSval=2916032792 TSecr=3045552565 [TCP segment of a reassembled PDU]"
"4520","28.711639486","192.168.1.55","192.168.1.2","TCP","1514","8004  >  49830 [ACK] Seq=130510 Ack=141 Win=65024 Len=1448 TSval=2916032792 TSecr=3045552565 [TCP segment of a reassembled PDU]"
"4521","28.711640689","192.168.1.55","192.168.1.2","TCP","1514","8004  >  49830 [ACK] Seq=131958 Ack=141 Win=65024 Len=1448 TSval=2916032792 TSecr=3045552565 [TCP segment of a reassembled PDU]"
"4522","28.711641930","192.168.1.55","192.168.1.2","TCP","1514","8004  >  49830 [ACK] Seq=133406 Ack=141 Win=65024 Len=1448 TSval=2916032792 TSecr=3045552565 [TCP segment of a reassembled PDU]"
"4523","28.711643041","192.168.1.55","192.168.1.2","TCP","1514","8004  >  49830 [ACK] Seq=134854 Ack=141 Win=65024 Len=1448 TSval=2916032792 TSecr=3045552565 [TCP segment of a reassembled PDU]"
"4524","28.711644171","192.168.1.55","192.168.1.2","TCP","1514","8004  >  49830 [ACK] Seq=136302 Ack=141 Win=65024 Len=1448 TSval=2916032792 TSecr=3045552565 [TCP segment of a reassembled PDU]"
"4525","28.711645300","192.168.1.55","192.168.1.2","TCP","1514","8004  >  49830 [ACK] Seq=137750 Ack=141 Win=65024 Len=1448 TSval=2916032792 TSecr=3045552565 [TCP segment of a reassembled PDU]"
"4526","28.711646393","192.168.1.55","192.168.1.2","TCP","1514","8004  >  49830 [ACK] Seq=139198 Ack=141 Win=65024 Len=1448 TSval=2916032792 TSecr=3045552565 [TCP segment of a reassembled PDU]"
"4527","28.711647615","192.168.1.55","192.168.1.2","TCP","1514","8004  >  49830 [ACK] Seq=140646 Ack=141 Win=65024 Len=1448 TSval=2916032792 TSecr=3045552565 [TCP segment of a reassembled PDU]"
"4528","28.711648708","192.168.1.55","192.168.1.2","TCP","1514","8004  >  49830 [ACK] Seq=142094 Ack=141 Win=65024 Len=1448 TSval=2916032792 TSecr=3045552565 [TCP segment of a reassembled PDU]"
"4529","28.711649819","192.168.1.55","192.168.1.2","TCP","1514","8004  >  49830 [ACK] Seq=143542 Ack=141 Win=65024 Len=1448 TSval=2916032792 TSecr=3045552565 [TCP segment of a reassembled PDU]"
"4530","28.711651134","192.168.1.55","192.168.1.2","TCP","1514","8004  >  49830 [ACK] Seq=144990 Ack=141 Win=65024 Len=1448 TSval=2916032792 TSecr=3045552565 [TCP segment of a reassembled PDU]"
"4531","28.711652263","192.168.1.55","192.168.1.2","TCP","1514","8004  >  49830 [ACK] Seq=146438 Ack=141 Win=65024 Len=1448 TSval=2916032792 TSecr=3045552565 [TCP segment of a reassembled PDU]"
"4532","28.711653486","192.168.1.55","192.168.1.2","TCP","1514","8004  >  49830 [ACK] Seq=147886 Ack=141 Win=65024 Len=1448 TSval=2916032792 TSecr=3045552565 [TCP segment of a reassembled PDU]"
"4533","28.711654578","192.168.1.55","192.168.1.2","TCP","1514","8004  >  49830 [ACK] Seq=149334 Ack=141 Win=65024 Len=1448 TSval=2916032792 TSecr=3045552565 [TCP segment of a reassembled PDU]"
"4534","28.711655763","192.168.1.55","192.168.1.2","TCP","1514","8004  >  49830 [ACK] Seq=150782 Ack=141 Win=65024 Len=1448 TSval=2916032792 TSecr=3045552565 [TCP segment of a reassembled PDU]"
"4535","28.711657430","192.168.1.55","192.168.1.2","TCP","1514","8004  >  49830 [ACK] Seq=152230 Ack=141 Win=65024 Len=1448 TSval=2916032792 TSecr=3045552565 [TCP segment of a reassembled PDU]"
"4536","28.711658726","192.168.1.55","192.168.1.2","TCP","1514","8004  >  49830 [ACK] Seq=153678 Ack=141 Win=65024 Len=1448 TSval=2916032792 TSecr=3045552565 [TCP segment of a reassembled PDU]"
"4537","28.711660060","192.168.1.55","192.168.1.2","TCP","1514","8004  >  49830 [ACK] Seq=155126 Ack=141 Win=65024 Len=1448 TSval=2916032792 TSecr=3045552565 [TCP segment of a reassembled PDU]"
"4538","28.711661171","192.168.1.55","192.168.1.2","TCP","1514","8004  >  49830 [ACK] Seq=156574 Ack=141 Win=65024 Len=1448 TSval=2916032792 TSecr=3045552565 [TCP segment of a reassembled PDU]"
"4539","28.711662467","192.168.1.55","192.168.1.2","TCP","898","[TCP Window Full] 8004  >  49830 [PSH, ACK] Seq=158022 Ack=141 Win=65024 Len=832 TSval=2916032792 TSecr=3045552565 [TCP segment of a reassembled PDU]"
"4540","28.711717578","192.168.1.2","192.168.1.55","TCP","66","49830  >  8004 [ACK] Seq=141 Ack=97206 Win=73728 Len=0 TSval=3045552565 TSecr=2916032787"
"4541","28.711734560","192.168.1.55","192.168.1.2","TCP","1514","8004  >  49830 [ACK] Seq=158854 Ack=141 Win=65024 Len=1448 TSval=2916032792 TSecr=3045552565 [TCP segment of a reassembled PDU]"
"4542","28.711739449","192.168.1.55","192.168.1.2","TCP","682","8004  >  49830 [ACK] Seq=160302 Ack=141 Win=65024 Len=616 TSval=2916032792 TSecr=3045552565 [TCP segment of a reassembled PDU]"
"4543","28.711742930","192.168.1.2","192.168.1.55","TCP","66","49830  >  8004 [ACK] Seq=141 Ack=100102 Win=71680 Len=0 TSval=3045552565 TSecr=2916032787"
"4544","28.711785726","192.168.1.55","192.168.1.2","TCP","1514","8004  >  49830 [ACK] Seq=160918 Ack=141 Win=65024 Len=1448 TSval=2916032792 TSecr=3045552565 [TCP segment of a reassembled PDU]"
"4545","28.711790745","192.168.1.55","192.168.1.2","TCP","1514","8004  >  49830 [ACK] Seq=162366 Ack=141 Win=65024 Len=1448 TSval=2916032792 TSecr=3045552565 [TCP segment of a reassembled PDU]"
"4546","28.711792023","192.168.1.55","192.168.1.2","TCP","1514","8004  >  49830 [ACK] Seq=163814 Ack=141 Win=65024 Len=1448 TSval=2916032792 TSecr=3045552565 [TCP segment of a reassembled PDU]"
"4547","28.711793301","192.168.1.55","192.168.1.2","TCP","1514","8004  >  49830 [ACK] Seq=165262 Ack=141 Win=65024 Len=1448 TSval=2916032792 TSecr=3045552565 [TCP segment of a reassembled PDU]"
"4548","28.711795930","192.168.1.55","192.168.1.2","TCP","1514","8004  >  49830 [ACK] Seq=166710 Ack=141 Win=65024 Len=1448 TSval=2916032792 TSecr=3045552565 [TCP segment of a reassembled PDU]"
"4549","28.711797023","192.168.1.55","192.168.1.2","TCP","1514","8004  >  49830 [ACK] Seq=168158 Ack=141 Win=65024 Len=1448 TSval=2916032792 TSecr=3045552565 [TCP segment of a reassembled PDU]"
"4550","28.711798208","192.168.1.55","192.168.1.2","TCP","1514","8004  >  49830 [PSH, ACK] Seq=169606 Ack=141 Win=65024 Len=1448 TSval=2916032792 TSecr=3045552565 [TCP segment of a reassembled PDU]"
"4551","28.717526754","192.168.1.2","192.168.1.55","TCP","66","49830  >  8004 [ACK] Seq=141 Ack=105894 Win=86016 Len=0 TSval=3045552571 TSecr=2916032791"
"4552","28.717550810","192.168.1.55","192.168.1.2","TCP","1514","8004  >  49830 [ACK] Seq=171054 Ack=141 Win=65024 Len=1448 TSval=2916032798 TSecr=3045552571 [TCP segment of a reassembled PDU]"
"4553","28.717553606","192.168.1.55","192.168.1.2","TCP","1514","8004  >  49830 [ACK] Seq=172502 Ack=141 Win=65024 Len=1448 TSval=2916032798 TSecr=3045552571 [TCP segment of a reassembled PDU]"
"4554","28.717555032","192.168.1.55","192.168.1.2","TCP","1514","8004  >  49830 [ACK] Seq=173950 Ack=141 Win=65024 Len=1448 TSval=2916032798 TSecr=3045552571 [TCP segment of a reassembled PDU]"
"4555","28.717556347","192.168.1.55","192.168.1.2","TCP","1514","8004  >  49830 [ACK] Seq=175398 Ack=141 Win=65024 Len=1448 TSval=2916032798 TSecr=3045552571 [TCP segment of a reassembled PDU]"
"4556","28.717557643","192.168.1.55","192.168.1.2","TCP","1514","8004  >  49830 [ACK] Seq=176846 Ack=141 Win=65024 Len=1448 TSval=2916032798 TSecr=3045552571 [TCP segment of a reassembled PDU]"
"4557","28.717559161","192.168.1.55","192.168.1.2","TCP","1514","8004  >  49830 [ACK] Seq=178294 Ack=141 Win=65024 Len=1448 TSval=2916032798 TSecr=3045552571 [TCP segment of a reassembled PDU]"
"4558","28.717560458","192.168.1.55","192.168.1.2","TCP","1514","8004  >  49830 [ACK] Seq=179742 Ack=141 Win=65024 Len=1448 TSval=2916032798 TSecr=3045552571 [TCP segment of a reassembled PDU]"
"4559","28.717561902","192.168.1.55","192.168.1.2","TCP","1514","8004  >  49830 [ACK] Seq=181190 Ack=141 Win=65024 Len=1448 TSval=2916032798 TSecr=3045552571 [TCP segment of a reassembled PDU]"
"4560","28.717563310","192.168.1.55","192.168.1.2","TCP","1514","8004  >  49830 [ACK] Seq=182638 Ack=141 Win=65024 Len=1448 TSval=2916032798 TSecr=3045552571 [TCP segment of a reassembled PDU]"
"4561","28.717564606","192.168.1.55","192.168.1.2","TCP","1514","8004  >  49830 [ACK] Seq=184086 Ack=141 Win=65024 Len=1448 TSval=2916032798 TSecr=3045552571 [TCP segment of a reassembled PDU]"
"4562","28.717565921","192.168.1.55","192.168.1.2","TCP","1514","8004  >  49830 [ACK] Seq=185534 Ack=141 Win=65024 Len=1448 TSval=2916032798 TSecr=3045552571 [TCP segment of a reassembled PDU]"
"4563","28.717567310","192.168.1.55","192.168.1.2","TCP","1514","8004  >  49830 [ACK] Seq=186982 Ack=141 Win=65024 Len=1448 TSval=2916032798 TSecr=3045552571 [TCP segment of a reassembled PDU]"
"4564","28.717568976","192.168.1.55","192.168.1.2","TCP","1514","8004  >  49830 [ACK] Seq=188430 Ack=141 Win=65024 Len=1448 TSval=2916032798 TSecr=3045552571 [TCP segment of a reassembled PDU]"
"4565","28.717570402","192.168.1.55","192.168.1.2","TCP","1514","8004  >  49830 [PSH, ACK] Seq=189878 Ack=141 Win=65024 Len=1448 TSval=2916032798 TSecr=3045552571 [TCP segment of a reassembled PDU]"
"4566","28.717656143","192.168.1.2","192.168.1.55","TCP","66","49830  >  8004 [ACK] Seq=141 Ack=118926 Win=97280 Len=0 TSval=3045552572 TSecr=2916032792"
"4567","28.717676384","192.168.1.55","192.168.1.2","TCP","1514","8004  >  49830 [ACK] Seq=191326 Ack=141 Win=65024 Len=1448 TSval=2916032798 TSecr=3045552572 [TCP segment of a reassembled PDU]"
"4568","28.717678180","192.168.1.55","192.168.1.2","TCP","1514","8004  >  49830 [ACK] Seq=192774 Ack=141 Win=65024 Len=1448 TSval=2916032798 TSecr=3045552572 [TCP segment of a reassembled PDU]"
"4569","28.717679513","192.168.1.55","192.168.1.2","TCP","1514","8004  >  49830 [ACK] Seq=194222 Ack=141 Win=65024 Len=1448 TSval=2916032798 TSecr=3045552572 [TCP segment of a reassembled PDU]"
"4570","28.717680810","192.168.1.55","192.168.1.2","TCP","1514","8004  >  49830 [ACK] Seq=195670 Ack=141 Win=65024 Len=1448 TSval=2916032798 TSecr=3045552572 [TCP segment of a reassembled PDU]"
"4571","28.717682125","192.168.1.55","192.168.1.2","TCP","1514","8004  >  49830 [ACK] Seq=197118 Ack=141 Win=65024 Len=1448 TSval=2916032798 TSecr=3045552572 [TCP segment of a reassembled PDU]"
"4572","28.717683402","192.168.1.55","192.168.1.2","TCP","1514","8004  >  49830 [ACK] Seq=198566 Ack=141 Win=65024 Len=1448 TSval=2916032798 TSecr=3045552572 [TCP segment of a reassembled PDU]"
"4573","28.717684754","192.168.1.55","192.168.1.2","TCP","1514","8004  >  49830 [ACK] Seq=200014 Ack=141 Win=65024 Len=1448 TSval=2916032798 TSecr=3045552572 [TCP segment of a reassembled PDU]"
"4574","28.717686106","192.168.1.55","192.168.1.2","TCP","1514","8004  >  49830 [ACK] Seq=201462 Ack=141 Win=65024 Len=1448 TSval=2916032798 TSecr=3045552572 [TCP segment of a reassembled PDU]"
"4575","28.717687476","192.168.1.55","192.168.1.2","TCP","1514","8004  >  49830 [ACK] Seq=202910 Ack=141 Win=65024 Len=1448 TSval=2916032798 TSecr=3045552572 [TCP segment of a reassembled PDU]"
"4576","28.717688717","192.168.1.55","192.168.1.2","TCP","1514","8004  >  49830 [PSH, ACK] Seq=204358 Ack=141 Win=65024 Len=1448 TSval=2916032798 TSecr=3045552572 [TCP segment of a reassembled PDU]"
"4577","28.717693162","192.168.1.2","192.168.1.55","TCP","66","49830  >  8004 [ACK] Seq=141 Ack=133406 Win=96256 Len=0 TSval=3045552572 TSecr=2916032792"
"4578","28.720661129","192.168.1.2","192.168.1.55","TCP","66","49830  >  8004 [ACK] Seq=141 Ack=158854 Win=98304 Len=0 TSval=3045552572 TSecr=2916032792"
"4579","28.720699444","192.168.1.55","192.168.1.2","TCP","1514","8004  >  49830 [ACK] Seq=205806 Ack=141 Win=65024 Len=1448 TSval=2916032801 TSecr=3045552572 [TCP segment of a reassembled PDU]"
"4580","28.720702185","192.168.1.55","192.168.1.2","TCP","1514","8004  >  49830 [ACK] Seq=207254 Ack=141 Win=65024 Len=1448 TSval=2916032801 TSecr=3045552572 [TCP segment of a reassembled PDU]"
"4581","28.720703574","192.168.1.55","192.168.1.2","TCP","1514","8004  >  49830 [ACK] Seq=208702 Ack=141 Win=65024 Len=1448 TSval=2916032801 TSecr=3045552572 [TCP segment of a reassembled PDU]"
"4582","28.720704981","192.168.1.55","192.168.1.2","TCP","1514","8004  >  49830 [ACK] Seq=210150 Ack=141 Win=65024 Len=1448 TSval=2916032801 TSecr=3045552572 [TCP segment of a reassembled PDU]"
"4583","28.720706259","192.168.1.55","192.168.1.2","TCP","1514","8004  >  49830 [ACK] Seq=211598 Ack=141 Win=65024 Len=1448 TSval=2916032801 TSecr=3045552572 [TCP segment of a reassembled PDU]"
"4584","28.720707574","192.168.1.55","192.168.1.2","TCP","1514","8004  >  49830 [ACK] Seq=213046 Ack=141 Win=65024 Len=1448 TSval=2916032801 TSecr=3045552572 [TCP segment of a reassembled PDU]"
"4585","28.720709389","192.168.1.55","192.168.1.2","TCP","1514","8004  >  49830 [ACK] Seq=214494 Ack=141 Win=65024 Len=1448 TSval=2916032801 TSecr=3045552572 [TCP segment of a reassembled PDU]"
"4586","28.720710666","192.168.1.55","192.168.1.2","TCP","1514","8004  >  49830 [ACK] Seq=215942 Ack=141 Win=65024 Len=1448 TSval=2916032801 TSecr=3045552572 [TCP segment of a reassembled PDU]"
"4587","28.720712518","192.168.1.55","192.168.1.2","TCP","1514","8004  >  49830 [ACK] Seq=217390 Ack=141 Win=65024 Len=1448 TSval=2916032801 TSecr=3045552572 [TCP segment of a reassembled PDU]"
"4588","28.720713814","192.168.1.55","192.168.1.2","TCP","1514","8004  >  49830 [ACK] Seq=218838 Ack=141 Win=65024 Len=1448 TSval=2916032801 TSecr=3045552572 [TCP segment of a reassembled PDU]"
"4589","28.720715185","192.168.1.55","192.168.1.2","TCP","1514","8004  >  49830 [ACK] Seq=220286 Ack=141 Win=65024 Len=1448 TSval=2916032801 TSecr=3045552572 [TCP segment of a reassembled PDU]"
"4590","28.720716611","192.168.1.55","192.168.1.2","TCP","1514","8004  >  49830 [ACK] Seq=221734 Ack=141 Win=65024 Len=1448 TSval=2916032801 TSecr=3045552572 [TCP segment of a reassembled PDU]"
"4591","28.720717981","192.168.1.55","192.168.1.2","TCP","1514","8004  >  49830 [ACK] Seq=223182 Ack=141 Win=65024 Len=1448 TSval=2916032801 TSecr=3045552572 [TCP segment of a reassembled PDU]"
"4592","28.720719389","192.168.1.55","192.168.1.2","TCP","1514","8004  >  49830 [ACK] Seq=224630 Ack=141 Win=65024 Len=1448 TSval=2916032801 TSecr=3045552572 [TCP segment of a reassembled PDU]"
"4593","28.720720759","192.168.1.55","192.168.1.2","TCP","1514","8004  >  49830 [ACK] Seq=226078 Ack=141 Win=65024 Len=1448 TSval=2916032801 TSecr=3045552572 [TCP segment of a reassembled PDU]"
"4594","28.720722277","192.168.1.55","192.168.1.2","TCP","1514","8004  >  49830 [ACK] Seq=227526 Ack=141 Win=65024 Len=1448 TSval=2916032801 TSecr=3045552572 [TCP segment of a reassembled PDU]"
"4595","28.720723740","192.168.1.55","192.168.1.2","TCP","1514","8004  >  49830 [ACK] Seq=228974 Ack=141 Win=65024 Len=1448 TSval=2916032801 TSecr=3045552572 [TCP segment of a reassembled PDU]"
"4596","28.720725092","192.168.1.55","192.168.1.2","TCP","1514","8004  >  49830 [ACK] Seq=230422 Ack=141 Win=65024 Len=1448 TSval=2916032801 TSecr=3045552572 [TCP segment of a reassembled PDU]"
"4597","28.720726407","192.168.1.55","192.168.1.2","TCP","1514","8004  >  49830 [ACK] Seq=231870 Ack=141 Win=65024 Len=1448 TSval=2916032801 TSecr=3045552572 [TCP segment of a reassembled PDU]"
"4598","28.720727815","192.168.1.55","192.168.1.2","TCP","1514","8004  >  49830 [ACK] Seq=233318 Ack=141 Win=65024 Len=1448 TSval=2916032801 TSecr=3045552572 [TCP segment of a reassembled PDU]"
"4599","28.720729111","192.168.1.55","192.168.1.2","TCP","1514","8004  >  49830 [ACK] Seq=234766 Ack=141 Win=65024 Len=1448 TSval=2916032801 TSecr=3045552572 [TCP segment of a reassembled PDU]"
"4600","28.720730500","192.168.1.55","192.168.1.2","TCP","1514","8004  >  49830 [ACK] Seq=236214 Ack=141 Win=65024 Len=1448 TSval=2916032801 TSecr=3045552572 [TCP segment of a reassembled PDU]"
"4601","28.720731870","192.168.1.55","192.168.1.2","TCP","1514","8004  >  49830 [ACK] Seq=237662 Ack=141 Win=65024 Len=1448 TSval=2916032801 TSecr=3045552572 [TCP segment of a reassembled PDU]"
"4602","28.720733129","192.168.1.55","192.168.1.2","TCP","1514","8004  >  49830 [ACK] Seq=239110 Ack=141 Win=65024 Len=1448 TSval=2916032801 TSecr=3045552572 [TCP segment of a reassembled PDU]"
"4603","28.720734592","192.168.1.55","192.168.1.2","TCP","1514","8004  >  49830 [ACK] Seq=240558 Ack=141 Win=65024 Len=1448 TSval=2916032801 TSecr=3045552572 [TCP segment of a reassembled PDU]"
"4604","28.720736074","192.168.1.55","192.168.1.2","TCP","1514","8004  >  49830 [ACK] Seq=242006 Ack=141 Win=65024 Len=1448 TSval=2916032801 TSecr=3045552572 [TCP segment of a reassembled PDU]"
"4605","28.720737463","192.168.1.55","192.168.1.2","TCP","1514","8004  >  49830 [ACK] Seq=243454 Ack=141 Win=65024 Len=1448 TSval=2916032801 TSecr=3045552572 [TCP segment of a reassembled PDU]"
"4606","28.720739166","192.168.1.55","192.168.1.2","TCP","1514","8004  >  49830 [ACK] Seq=244902 Ack=141 Win=65024 Len=1448 TSval=2916032801 TSecr=3045552572 [TCP segment of a reassembled PDU]"
"4607","28.720740518","192.168.1.55","192.168.1.2","TCP","1514","8004  >  49830 [ACK] Seq=246350 Ack=141 Win=65024 Len=1448 TSval=2916032801 TSecr=3045552572 [TCP segment of a reassembled PDU]"
"4608","28.720742000","192.168.1.55","192.168.1.2","TCP","1514","8004  >  49830 [ACK] Seq=247798 Ack=141 Win=65024 Len=1448 TSval=2916032801 TSecr=3045552572 [TCP segment of a reassembled PDU]"
"4609","28.720743333","192.168.1.55","192.168.1.2","TCP","1514","8004  >  49830 [PSH, ACK] Seq=249246 Ack=141 Win=65024 Len=1448 TSval=2916032801 TSecr=3045552572 [TCP segment of a reassembled PDU]"
"4610","28.720801259","192.168.1.2","192.168.1.55","TCP","66","49830  >  8004 [ACK] Seq=141 Ack=165262 Win=92160 Len=0 TSval=3045552572 TSecr=2916032792"
"4611","28.720810852","192.168.1.2","192.168.1.55","TCP","66","49830  >  8004 [ACK] Seq=141 Ack=171054 Win=109568 Len=0 TSval=3045552573 TSecr=2916032792"
"4612","28.720839870","192.168.1.55","192.168.1.2","TCP","1514","8004  >  49830 [ACK] Seq=250694 Ack=141 Win=65024 Len=1448 TSval=2916032801 TSecr=3045552573 [TCP segment of a reassembled PDU]"
"4613","28.720841944","192.168.1.55","192.168.1.2","TCP","1514","8004  >  49830 [ACK] Seq=252142 Ack=141 Win=65024 Len=1448 TSval=2916032801 TSecr=3045552573 [TCP segment of a reassembled PDU]"
"4614","28.720843389","192.168.1.55","192.168.1.2","TCP","1514","8004  >  49830 [ACK] Seq=253590 Ack=141 Win=65024 Len=1448 TSval=2916032801 TSecr=3045552573 [TCP segment of a reassembled PDU]"
"4615","28.720844796","192.168.1.55","192.168.1.2","TCP","1514","8004  >  49830 [ACK] Seq=255038 Ack=141 Win=65024 Len=1448 TSval=2916032801 TSecr=3045552573 [TCP segment of a reassembled PDU]"
"4616","28.720846296","192.168.1.55","192.168.1.2","TCP","1514","8004  >  49830 [ACK] Seq=256486 Ack=141 Win=65024 Len=1448 TSval=2916032801 TSecr=3045552573 [TCP segment of a reassembled PDU]"
"4617","28.720847704","192.168.1.55","192.168.1.2","TCP","1514","8004  >  49830 [ACK] Seq=257934 Ack=141 Win=65024 Len=1448 TSval=2916032801 TSecr=3045552573 [TCP segment of a reassembled PDU]"
"4618","28.720849092","192.168.1.55","192.168.1.2","TCP","1514","8004  >  49830 [ACK] Seq=259382 Ack=141 Win=65024 Len=1448 TSval=2916032801 TSecr=3045552573 [TCP segment of a reassembled PDU]"
"4619","28.720850481","192.168.1.55","192.168.1.2","TCP","1514","8004  >  49830 [ACK] Seq=260830 Ack=141 Win=65024 Len=1448 TSval=2916032801 TSecr=3045552573 [TCP segment of a reassembled PDU]"
"4620","28.720851944","192.168.1.55","192.168.1.2","TCP","1514","8004  >  49830 [ACK] Seq=262278 Ack=141 Win=65024 Len=1448 TSval=2916032801 TSecr=3045552573 [TCP segment of a reassembled PDU]"
"4621","28.720853259","192.168.1.55","192.168.1.2","TCP","1514","8004  >  49830 [ACK] Seq=263726 Ack=141 Win=65024 Len=1448 TSval=2916032801 TSecr=3045552573 [TCP segment of a reassembled PDU]"
"4622","28.720854704","192.168.1.55","192.168.1.2","TCP","1514","8004  >  49830 [ACK] Seq=265174 Ack=141 Win=65024 Len=1448 TSval=2916032801 TSecr=3045552573 [TCP segment of a reassembled PDU]"
"4623","28.720856000","192.168.1.55","192.168.1.2","TCP","1514","8004  >  49830 [ACK] Seq=266622 Ack=141 Win=65024 Len=1448 TSval=2916032801 TSecr=3045552573 [TCP segment of a reassembled PDU]"
"4624","28.720857815","192.168.1.55","192.168.1.2","TCP","1514","8004  >  49830 [ACK] Seq=268070 Ack=141 Win=65024 Len=1448 TSval=2916032801 TSecr=3045552573 [TCP segment of a reassembled PDU]"
"4625","28.720859296","192.168.1.55","192.168.1.2","TCP","1514","8004  >  49830 [ACK] Seq=269518 Ack=141 Win=65024 Len=1448 TSval=2916032801 TSecr=3045552573 [TCP segment of a reassembled PDU]"
"4626","28.720860778","192.168.1.55","192.168.1.2","TCP","1514","8004  >  49830 [ACK] Seq=270966 Ack=141 Win=65024 Len=1448 TSval=2916032801 TSecr=3045552573 [TCP segment of a reassembled PDU]"
"4627","28.720862093","192.168.1.55","192.168.1.2","TCP","1514","8004  >  49830 [ACK] Seq=272414 Ack=141 Win=65024 Len=1448 TSval=2916032801 TSecr=3045552573 [TCP segment of a reassembled PDU]"
"4628","28.720863574","192.168.1.55","192.168.1.2","TCP","1514","8004  >  49830 [ACK] Seq=273862 Ack=141 Win=65024 Len=1448 TSval=2916032801 TSecr=3045552573 [TCP segment of a reassembled PDU]"
"4629","28.720864889","192.168.1.55","192.168.1.2","TCP","1514","8004  >  49830 [ACK] Seq=275310 Ack=141 Win=65024 Len=1448 TSval=2916032801 TSecr=3045552573 [TCP segment of a reassembled PDU]"
"4630","28.720866370","192.168.1.55","192.168.1.2","TCP","1514","8004  >  49830 [ACK] Seq=276758 Ack=141 Win=65024 Len=1448 TSval=2916032801 TSecr=3045552573 [TCP segment of a reassembled PDU]"
"4631","28.720867648","192.168.1.55","192.168.1.2","TCP","1514","8004  >  49830 [ACK] Seq=278206 Ack=141 Win=65024 Len=1448 TSval=2916032801 TSecr=3045552573 [TCP segment of a reassembled PDU]"
"4632","28.720869333","192.168.1.55","192.168.1.2","TCP","1034","[TCP Window Full] 8004  >  49830 [PSH, ACK] Seq=279654 Ack=141 Win=65024 Len=968 TSval=2916032801 TSecr=3045552573 [TCP segment of a reassembled PDU]"
"4633","28.725410377","192.168.1.2","192.168.1.55","TCP","66","49830  >  8004 [ACK] Seq=141 Ack=205806 Win=86016 Len=0 TSval=3045552576 TSecr=2916032798"
"4634","28.725439414","192.168.1.55","192.168.1.2","TCP","1514","8004  >  49830 [ACK] Seq=280622 Ack=141 Win=65024 Len=1448 TSval=2916032806 TSecr=3045552576 [TCP segment of a reassembled PDU]"
"4635","28.725441970","192.168.1.55","192.168.1.2","TCP","1514","8004  >  49830 [ACK] Seq=282070 Ack=141 Win=65024 Len=1448 TSval=2916032806 TSecr=3045552576 [TCP segment of a reassembled PDU]"
"4636","28.725443285","192.168.1.55","192.168.1.2","TCP","1514","8004  >  49830 [ACK] Seq=283518 Ack=141 Win=65024 Len=1448 TSval=2916032806 TSecr=3045552576 [TCP segment of a reassembled PDU]"
"4637","28.725444711","192.168.1.55","192.168.1.2","TCP","1514","8004  >  49830 [ACK] Seq=284966 Ack=141 Win=65024 Len=1448 TSval=2916032806 TSecr=3045552576 [TCP segment of a reassembled PDU]"
"4638","28.725446026","192.168.1.55","192.168.1.2","TCP","1514","8004  >  49830 [ACK] Seq=286414 Ack=141 Win=65024 Len=1448 TSval=2916032806 TSecr=3045552576 [TCP segment of a reassembled PDU]"
"4639","28.725447711","192.168.1.55","192.168.1.2","TCP","1514","8004  >  49830 [ACK] Seq=287862 Ack=141 Win=65024 Len=1448 TSval=2916032806 TSecr=3045552576 [TCP segment of a reassembled PDU]"
"4640","28.725449007","192.168.1.55","192.168.1.2","TCP","1514","8004  >  49830 [PSH, ACK] Seq=289310 Ack=141 Win=65024 Len=1448 TSval=2916032806 TSecr=3045552576 [TCP segment of a reassembled PDU]"
"4641","28.727554955","192.168.1.2","192.168.1.55","TCP","66","49830  >  8004 [ACK] Seq=141 Ack=250694 Win=77824 Len=0 TSval=3045552581 TSecr=2916032801"
"4642","28.727566936","192.168.1.55","192.168.1.2","TCP","1514","8004  >  49830 [ACK] Seq=290758 Ack=141 Win=65024 Len=1448 TSval=2916032808 TSecr=3045552581 [TCP segment of a reassembled PDU]"
"4643","28.727569640","192.168.1.55","192.168.1.2","TCP","1514","8004  >  49830 [ACK] Seq=292206 Ack=141 Win=65024 Len=1448 TSval=2916032808 TSecr=3045552581 [TCP segment of a reassembled PDU]"
"4644","28.727571010","192.168.1.55","192.168.1.2","TCP","1514","8004  >  49830 [PSH, ACK] Seq=293654 Ack=141 Win=65024 Len=1448 TSval=2916032808 TSecr=3045552581 [TCP segment of a reassembled PDU]"
"4645","28.727575899","192.168.1.55","192.168.1.2","TCP","546","8004  >  49830 [ACK] Seq=295102 Ack=141 Win=65024 Len=480 TSval=2916032808 TSecr=3045552581 [TCP segment of a reassembled PDU]"
"4646","28.727599455","192.168.1.55","192.168.1.2","TCP","1514","8004  >  49830 [ACK] Seq=295582 Ack=141 Win=65024 Len=1448 TSval=2916032808 TSecr=3045552581 [TCP segment of a reassembled PDU]"
"4647","28.727600955","192.168.1.55","192.168.1.2","TCP","1514","8004  >  49830 [ACK] Seq=297030 Ack=141 Win=65024 Len=1448 TSval=2916032808 TSecr=3045552581 [TCP segment of a reassembled PDU]"
"4648","28.727602455","192.168.1.55","192.168.1.2","TCP","1514","8004  >  49830 [ACK] Seq=298478 Ack=141 Win=65024 Len=1448 TSval=2916032808 TSecr=3045552581 [TCP segment of a reassembled PDU]"
"4649","28.727604066","192.168.1.55","192.168.1.2","TCP","1514","8004  >  49830 [ACK] Seq=299926 Ack=141 Win=65024 Len=1448 TSval=2916032808 TSecr=3045552581 [TCP segment of a reassembled PDU]"
"4650","28.727605566","192.168.1.55","192.168.1.2","TCP","1514","8004  >  49830 [ACK] Seq=301374 Ack=141 Win=65024 Len=1448 TSval=2916032808 TSecr=3045552581 [TCP segment of a reassembled PDU]"
"4651","28.727607399","192.168.1.55","192.168.1.2","TCP","1514","8004  >  49830 [ACK] Seq=302822 Ack=141 Win=65024 Len=1448 TSval=2916032808 TSecr=3045552581 [TCP segment of a reassembled PDU]"
"4652","28.727608788","192.168.1.55","192.168.1.2","TCP","1514","8004  >  49830 [ACK] Seq=304270 Ack=141 Win=65024 Len=1448 TSval=2916032808 TSecr=3045552581 [TCP segment of a reassembled PDU]"
"4653","28.727610307","192.168.1.55","192.168.1.2","TCP","1514","8004  >  49830 [ACK] Seq=305718 Ack=141 Win=65024 Len=1448 TSval=2916032808 TSecr=3045552581 [TCP segment of a reassembled PDU]"
"4654","28.727611844","192.168.1.55","192.168.1.2","TCP","1514","8004  >  49830 [ACK] Seq=307166 Ack=141 Win=65024 Len=1448 TSval=2916032808 TSecr=3045552581 [TCP segment of a reassembled PDU]"
"4655","28.727613381","192.168.1.55","192.168.1.2","TCP","1514","8004  >  49830 [ACK] Seq=308614 Ack=141 Win=65024 Len=1448 TSval=2916032808 TSecr=3045552581 [TCP segment of a reassembled PDU]"
"4656","28.727614881","192.168.1.55","192.168.1.2","TCP","1514","8004  >  49830 [ACK] Seq=310062 Ack=141 Win=65024 Len=1448 TSval=2916032808 TSecr=3045552581 [TCP segment of a reassembled PDU]"
"4657","28.727616399","192.168.1.55","192.168.1.2","TCP","1514","8004  >  49830 [ACK] Seq=311510 Ack=141 Win=65024 Len=1448 TSval=2916032808 TSecr=3045552581 [TCP segment of a reassembled PDU]"
"4658","28.727617936","192.168.1.55","192.168.1.2","TCP","1514","8004  >  49830 [ACK] Seq=312958 Ack=141 Win=65024 Len=1448 TSval=2916032808 TSecr=3045552581 [TCP segment of a reassembled PDU]"
"4659","28.727619473","192.168.1.55","192.168.1.2","TCP","1514","8004  >  49830 [ACK] Seq=314406 Ack=141 Win=65024 Len=1448 TSval=2916032808 TSecr=3045552581 [TCP segment of a reassembled PDU]"
"4660","28.727621066","192.168.1.55","192.168.1.2","TCP","1514","8004  >  49830 [ACK] Seq=315854 Ack=141 Win=65024 Len=1448 TSval=2916032808 TSecr=3045552581 [TCP segment of a reassembled PDU]"
"4661","28.727622566","192.168.1.55","192.168.1.2","TCP","1514","8004  >  49830 [ACK] Seq=317302 Ack=141 Win=65024 Len=1448 TSval=2916032808 TSecr=3045552581 [TCP segment of a reassembled PDU]"
"4662","28.727623992","192.168.1.55","192.168.1.2","TCP","1514","8004  >  49830 [ACK] Seq=318750 Ack=141 Win=65024 Len=1448 TSval=2916032808 TSecr=3045552581 [TCP segment of a reassembled PDU]"
"4663","28.727625622","192.168.1.55","192.168.1.2","TCP","1514","8004  >  49830 [ACK] Seq=320198 Ack=141 Win=65024 Len=1448 TSval=2916032808 TSecr=3045552581 [TCP segment of a reassembled PDU]"
"4664","28.727627159","192.168.1.55","192.168.1.2","TCP","1514","8004  >  49830 [ACK] Seq=321646 Ack=141 Win=65024 Len=1448 TSval=2916032808 TSecr=3045552581 [TCP segment of a reassembled PDU]"
"4665","28.727628585","192.168.1.55","192.168.1.2","TCP","1514","8004  >  49830 [ACK] Seq=323094 Ack=141 Win=65024 Len=1448 TSval=2916032808 TSecr=3045552581 [TCP segment of a reassembled PDU]"
"4666","28.727630307","192.168.1.55","192.168.1.2","TCP","1514","8004  >  49830 [ACK] Seq=324542 Ack=141 Win=65024 Len=1448 TSval=2916032808 TSecr=3045552581 [TCP segment of a reassembled PDU]"
"4667","28.727631825","192.168.1.55","192.168.1.2","TCP","1514","8004  >  49830 [PSH, ACK] Seq=325990 Ack=141 Win=65024 Len=1448 TSval=2916032808 TSecr=3045552581 [TCP segment of a reassembled PDU]"
"4668","28.727668603","192.168.1.2","192.168.1.55","TCP","66","49830  >  8004 [ACK] Seq=141 Ack=275310 Win=53248 Len=0 TSval=3045552581 TSecr=2916032801"
"4669","28.732779833","192.168.1.2","192.168.1.55","TCP","66","[TCP Window Update] 49830  >  8004 [ACK] Seq=141 Ack=275310 Win=109568 Len=0 TSval=3045552581 TSecr=2916032801"
"4670","28.732795167","192.168.1.55","192.168.1.2","TCP","1514","8004  >  49830 [ACK] Seq=327438 Ack=141 Win=65024 Len=1448 TSval=2916032813 TSecr=3045552581 [TCP segment of a reassembled PDU]"
"4671","28.732797889","192.168.1.55","192.168.1.2","TCP","1514","8004  >  49830 [ACK] Seq=328886 Ack=141 Win=65024 Len=1448 TSval=2916032813 TSecr=3045552581 [TCP segment of a reassembled PDU]"
"4672","28.732799444","192.168.1.55","192.168.1.2","TCP","1514","8004  >  49830 [ACK] Seq=330334 Ack=141 Win=65024 Len=1448 TSval=2916032813 TSecr=3045552581 [TCP segment of a reassembled PDU]"
"4673","28.732800907","192.168.1.55","192.168.1.2","TCP","1514","8004  >  49830 [ACK] Seq=331782 Ack=141 Win=65024 Len=1448 TSval=2916032813 TSecr=3045552581 [TCP segment of a reassembled PDU]"
"4674","28.732802278","192.168.1.55","192.168.1.2","TCP","1514","8004  >  49830 [ACK] Seq=333230 Ack=141 Win=65024 Len=1448 TSval=2916032813 TSecr=3045552581 [TCP segment of a reassembled PDU]"
"4675","28.732803648","192.168.1.55","192.168.1.2","TCP","1514","8004  >  49830 [ACK] Seq=334678 Ack=141 Win=65024 Len=1448 TSval=2916032813 TSecr=3045552581 [TCP segment of a reassembled PDU]"
"4676","28.732809148","192.168.1.55","192.168.1.2","TCP","1514","8004  >  49830 [ACK] Seq=336126 Ack=141 Win=65024 Len=1448 TSval=2916032813 TSecr=3045552581 [TCP segment of a reassembled PDU]"
"4677","28.732810778","192.168.1.55","192.168.1.2","TCP","1514","8004  >  49830 [ACK] Seq=337574 Ack=141 Win=65024 Len=1448 TSval=2916032813 TSecr=3045552581 [TCP segment of a reassembled PDU]"
"4678","28.732812648","192.168.1.55","192.168.1.2","TCP","1514","8004  >  49830 [PSH, ACK] Seq=339022 Ack=141 Win=65024 Len=1448 TSval=2916032813 TSecr=3045552581 [TCP segment of a reassembled PDU]"
"4679","28.732846389","192.168.1.55","192.168.1.2","TCP","1514","8004  >  49830 [ACK] Seq=340470 Ack=141 Win=65024 Len=1448 TSval=2916032813 TSecr=3045552581 [TCP segment of a reassembled PDU]"
"4680","28.732848056","192.168.1.55","192.168.1.2","TCP","1514","8004  >  49830 [ACK] Seq=341918 Ack=141 Win=65024 Len=1448 TSval=2916032813 TSecr=3045552581 [TCP segment of a reassembled PDU]"
"4681","28.732849704","192.168.1.55","192.168.1.2","TCP","1514","8004  >  49830 [ACK] Seq=343366 Ack=141 Win=65024 Len=1448 TSval=2916032813 TSecr=3045552581 [TCP segment of a reassembled PDU]"
"4682","28.732851408","192.168.1.55","192.168.1.2","TCP","1514","8004  >  49830 [ACK] Seq=344814 Ack=141 Win=65024 Len=1448 TSval=2916032813 TSecr=3045552581 [TCP segment of a reassembled PDU]"
"4683","28.732852963","192.168.1.55","192.168.1.2","TCP","1514","8004  >  49830 [ACK] Seq=346262 Ack=141 Win=65024 Len=1448 TSval=2916032813 TSecr=3045552581 [TCP segment of a reassembled PDU]"
"4684","28.732854352","192.168.1.55","192.168.1.2","TCP","1514","8004  >  49830 [ACK] Seq=347710 Ack=141 Win=65024 Len=1448 TSval=2916032813 TSecr=3045552581 [TCP segment of a reassembled PDU]"
"4685","28.732855741","192.168.1.55","192.168.1.2","TCP","1514","8004  >  49830 [ACK] Seq=349158 Ack=141 Win=65024 Len=1448 TSval=2916032813 TSecr=3045552581 [TCP segment of a reassembled PDU]"
"4686","28.732857111","192.168.1.55","192.168.1.2","TCP","1514","8004  >  49830 [ACK] Seq=350606 Ack=141 Win=65024 Len=1448 TSval=2916032813 TSecr=3045552581 [TCP segment of a reassembled PDU]"
"4687","28.732858426","192.168.1.55","192.168.1.2","TCP","1514","8004  >  49830 [ACK] Seq=352054 Ack=141 Win=65024 Len=1448 TSval=2916032813 TSecr=3045552581 [TCP segment of a reassembled PDU]"
"4688","28.732859945","192.168.1.55","192.168.1.2","TCP","1514","8004  >  49830 [ACK] Seq=353502 Ack=141 Win=65024 Len=1448 TSval=2916032813 TSecr=3045552581 [TCP segment of a reassembled PDU]"
"4689","28.732861500","192.168.1.55","192.168.1.2","TCP","1514","8004  >  49830 [ACK] Seq=354950 Ack=141 Win=65024 Len=1448 TSval=2916032813 TSecr=3045552581 [TCP segment of a reassembled PDU]"
"4690","28.732862926","192.168.1.55","192.168.1.2","TCP","1514","8004  >  49830 [ACK] Seq=356398 Ack=141 Win=65024 Len=1448 TSval=2916032813 TSecr=3045552581 [TCP segment of a reassembled PDU]"
"4691","28.732864556","192.168.1.55","192.168.1.2","TCP","1514","8004  >  49830 [ACK] Seq=357846 Ack=141 Win=65024 Len=1448 TSval=2916032813 TSecr=3045552581 [TCP segment of a reassembled PDU]"
"4692","28.732865982","192.168.1.55","192.168.1.2","TCP","1514","8004  >  49830 [ACK] Seq=359294 Ack=141 Win=65024 Len=1448 TSval=2916032813 TSecr=3045552581 [TCP segment of a reassembled PDU]"
"4693","28.732867945","192.168.1.55","192.168.1.2","TCP","1514","8004  >  49830 [ACK] Seq=360742 Ack=141 Win=65024 Len=1448 TSval=2916032813 TSecr=3045552581 [TCP segment of a reassembled PDU]"
"4694","28.732869315","192.168.1.55","192.168.1.2","TCP","1514","8004  >  49830 [ACK] Seq=362190 Ack=141 Win=65024 Len=1448 TSval=2916032813 TSecr=3045552581 [TCP segment of a reassembled PDU]"
"4695","28.732870722","192.168.1.55","192.168.1.2","TCP","1514","8004  >  49830 [ACK] Seq=363638 Ack=141 Win=65024 Len=1448 TSval=2916032813 TSecr=3045552581 [TCP segment of a reassembled PDU]"
"4696","28.732872463","192.168.1.55","192.168.1.2","TCP","1514","8004  >  49830 [ACK] Seq=365086 Ack=141 Win=65024 Len=1448 TSval=2916032813 TSecr=3045552581 [TCP segment of a reassembled PDU]"
"4697","28.732873908","192.168.1.55","192.168.1.2","TCP","1514","8004  >  49830 [ACK] Seq=366534 Ack=141 Win=65024 Len=1448 TSval=2916032813 TSecr=3045552581 [TCP segment of a reassembled PDU]"
"4698","28.732875315","192.168.1.55","192.168.1.2","TCP","1514","8004  >  49830 [ACK] Seq=367982 Ack=141 Win=65024 Len=1448 TSval=2916032813 TSecr=3045552581 [TCP segment of a reassembled PDU]"
"4699","28.732876704","192.168.1.55","192.168.1.2","TCP","1514","8004  >  49830 [ACK] Seq=369430 Ack=141 Win=65024 Len=1448 TSval=2916032813 TSecr=3045552581 [TCP segment of a reassembled PDU]"
"4700","28.732878056","192.168.1.55","192.168.1.2","TCP","1514","8004  >  49830 [ACK] Seq=370878 Ack=141 Win=65024 Len=1448 TSval=2916032813 TSecr=3045552581 [TCP segment of a reassembled PDU]"
"4701","28.732879574","192.168.1.55","192.168.1.2","TCP","1514","8004  >  49830 [ACK] Seq=372326 Ack=141 Win=65024 Len=1448 TSval=2916032813 TSecr=3045552581 [TCP segment of a reassembled PDU]"
"4702","28.732881074","192.168.1.55","192.168.1.2","TCP","1514","8004  >  49830 [ACK] Seq=373774 Ack=141 Win=65024 Len=1448 TSval=2916032813 TSecr=3045552581 [TCP segment of a reassembled PDU]"
"4703","28.732882445","192.168.1.55","192.168.1.2","TCP","1514","8004  >  49830 [ACK] Seq=375222 Ack=141 Win=65024 Len=1448 TSval=2916032813 TSecr=3045552581 [TCP segment of a reassembled PDU]"
"4704","28.732883852","192.168.1.55","192.168.1.2","TCP","1514","8004  >  49830 [ACK] Seq=376670 Ack=141 Win=65024 Len=1448 TSval=2916032813 TSecr=3045552581 [TCP segment of a reassembled PDU]"
"4705","28.732885204","192.168.1.55","192.168.1.2","TCP","1514","8004  >  49830 [ACK] Seq=378118 Ack=141 Win=65024 Len=1448 TSval=2916032813 TSecr=3045552581 [TCP segment of a reassembled PDU]"
"4706","28.732886759","192.168.1.55","192.168.1.2","TCP","1514","8004  >  49830 [ACK] Seq=379566 Ack=141 Win=65024 Len=1448 TSval=2916032813 TSecr=3045552581 [TCP segment of a reassembled PDU]"
"4707","28.732888111","192.168.1.55","192.168.1.2","TCP","1514","8004  >  49830 [ACK] Seq=381014 Ack=141 Win=65024 Len=1448 TSval=2916032813 TSecr=3045552581 [TCP segment of a reassembled PDU]"
"4708","28.732889519","192.168.1.55","192.168.1.2","TCP","1514","8004  >  49830 [PSH, ACK] Seq=382462 Ack=141 Win=65024 Len=1448 TSval=2916032813 TSecr=3045552581 [TCP segment of a reassembled PDU]"
"4709","28.732971111","192.168.1.2","192.168.1.55","TCP","66","49830  >  8004 [ACK] Seq=141 Ack=276758 Win=112640 Len=0 TSval=3045552582 TSecr=2916032801"
"4710","28.732981648","192.168.1.55","192.168.1.2","TCP","1514","8004  >  49830 [PSH, ACK] Seq=383910 Ack=141 Win=65024 Len=1448 TSval=2916032813 TSecr=3045552582 [TCP segment of a reassembled PDU]"
"4711","28.732987093","192.168.1.2","192.168.1.55","TCP","66","49830  >  8004 [ACK] Seq=141 Ack=280622 Win=116736 Len=0 TSval=3045552582 TSecr=2916032801"
"4712","28.732994186","192.168.1.2","192.168.1.55","TCP","66","49830  >  8004 [ACK] Seq=141 Ack=282070 Win=118784 Len=0 TSval=3045552583 TSecr=2916032806"
"4713","28.732998593","192.168.1.2","192.168.1.55","TCP","66","49830  >  8004 [ACK] Seq=141 Ack=284966 Win=118784 Len=0 TSval=3045552584 TSecr=2916032806"
"4714","28.734251039","192.168.1.2","192.168.1.55","TCP","66","49830  >  8004 [ACK] Seq=141 Ack=290758 Win=116736 Len=0 TSval=3045552585 TSecr=2916032806"
"4715","28.734277502","192.168.1.55","192.168.1.2","TCP","1514","8004  >  49830 [ACK] Seq=385358 Ack=141 Win=65024 Len=1448 TSval=2916032814 TSecr=3045552585 [TCP segment of a reassembled PDU]"
"4716","28.734279521","192.168.1.55","192.168.1.2","TCP","1514","8004  >  49830 [ACK] Seq=386806 Ack=141 Win=65024 Len=1448 TSval=2916032814 TSecr=3045552585 [TCP segment of a reassembled PDU]"
"4717","28.734281039","192.168.1.55","192.168.1.2","TCP","1514","8004  >  49830 [ACK] Seq=388254 Ack=141 Win=65024 Len=1448 TSval=2916032814 TSecr=3045552585 [TCP segment of a reassembled PDU]"
"4718","28.734282558","192.168.1.55","192.168.1.2","TCP","1514","8004  >  49830 [ACK] Seq=389702 Ack=141 Win=65024 Len=1448 TSval=2916032814 TSecr=3045552585 [TCP segment of a reassembled PDU]"
"4719","28.734284021","192.168.1.55","192.168.1.2","TCP","1514","8004  >  49830 [ACK] Seq=391150 Ack=141 Win=65024 Len=1448 TSval=2916032814 TSecr=3045552585 [TCP segment of a reassembled PDU]"
"4720","28.734285391","192.168.1.55","192.168.1.2","TCP","1514","8004  >  49830 [ACK] Seq=392598 Ack=141 Win=65024 Len=1448 TSval=2916032814 TSecr=3045552585 [TCP segment of a reassembled PDU]"
"4721","28.734286854","192.168.1.55","192.168.1.2","TCP","1514","8004  >  49830 [ACK] Seq=394046 Ack=141 Win=65024 Len=1448 TSval=2916032814 TSecr=3045552585 [TCP segment of a reassembled PDU]"
"4722","28.734288521","192.168.1.55","192.168.1.2","TCP","1514","8004  >  49830 [ACK] Seq=395494 Ack=141 Win=65024 Len=1448 TSval=2916032814 TSecr=3045552585 [TCP segment of a reassembled PDU]"
"4723","28.734289910","192.168.1.55","192.168.1.2","TCP","1514","8004  >  49830 [ACK] Seq=396942 Ack=141 Win=65024 Len=1448 TSval=2916032814 TSecr=3045552585 [TCP segment of a reassembled PDU]"
"4724","28.734298965","192.168.1.55","192.168.1.2","TCP","1514","8004  >  49830 [ACK] Seq=398390 Ack=141 Win=65024 Len=1448 TSval=2916032814 TSecr=3045552585 [TCP segment of a reassembled PDU]"
"4725","28.734300521","192.168.1.55","192.168.1.2","TCP","1514","8004  >  49830 [ACK] Seq=399838 Ack=141 Win=65024 Len=1448 TSval=2916032814 TSecr=3045552585 [TCP segment of a reassembled PDU]"
"4726","28.734302039","192.168.1.55","192.168.1.2","TCP","1514","8004  >  49830 [ACK] Seq=401286 Ack=141 Win=65024 Len=1448 TSval=2916032814 TSecr=3045552585 [TCP segment of a reassembled PDU]"
"4727","28.734303428","192.168.1.55","192.168.1.2","TCP","1514","8004  >  49830 [ACK] Seq=402734 Ack=141 Win=65024 Len=1448 TSval=2916032814 TSecr=3045552585 [TCP segment of a reassembled PDU]"
"4728","28.734304780","192.168.1.55","192.168.1.2","TCP","1514","8004  >  49830 [ACK] Seq=404182 Ack=141 Win=65024 Len=1448 TSval=2916032814 TSecr=3045552585 [TCP segment of a reassembled PDU]"
"4729","28.734306132","192.168.1.55","192.168.1.2","TCP","1514","8004  >  49830 [PSH, ACK] Seq=405630 Ack=141 Win=65024 Len=1448 TSval=2916032814 TSecr=3045552585 [TCP segment of a reassembled PDU]"
"4730","28.734316169","192.168.1.2","192.168.1.55","TCP","66","49830  >  8004 [ACK] Seq=141 Ack=295582 Win=118784 Len=0 TSval=3045552587 TSecr=2916032808"
"4731","28.734326873","192.168.1.2","192.168.1.55","TCP","66","49830  >  8004 [ACK] Seq=141 Ack=327438 Win=133120 Len=0 TSval=3045552587 TSecr=2916032808"
"4732","28.734351539","192.168.1.55","192.168.1.2","TCP","1514","8004  >  49830 [ACK] Seq=407078 Ack=141 Win=65024 Len=1448 TSval=2916032815 TSecr=3045552587 [TCP segment of a reassembled PDU]"
"4733","28.734353336","192.168.1.55","192.168.1.2","TCP","1514","8004  >  49830 [ACK] Seq=408526 Ack=141 Win=65024 Len=1448 TSval=2916032815 TSecr=3045552587 [TCP segment of a reassembled PDU]"
"4734","28.734354854","192.168.1.55","192.168.1.2","TCP","1514","8004  >  49830 [ACK] Seq=409974 Ack=141 Win=65024 Len=1448 TSval=2916032815 TSecr=3045552587 [TCP segment of a reassembled PDU]"
"4735","28.734356317","192.168.1.55","192.168.1.2","TCP","1514","8004  >  49830 [ACK] Seq=411422 Ack=141 Win=65024 Len=1448 TSval=2916032815 TSecr=3045552587 [TCP segment of a reassembled PDU]"
"4736","28.734357688","192.168.1.55","192.168.1.2","TCP","1514","8004  >  49830 [ACK] Seq=412870 Ack=141 Win=65024 Len=1448 TSval=2916032815 TSecr=3045552587 [TCP segment of a reassembled PDU]"
"4737","28.734359077","192.168.1.55","192.168.1.2","TCP","1514","8004  >  49830 [ACK] Seq=414318 Ack=141 Win=65024 Len=1448 TSval=2916032815 TSecr=3045552587 [TCP segment of a reassembled PDU]"
"4738","28.734360558","192.168.1.55","192.168.1.2","TCP","1514","8004  >  49830 [ACK] Seq=415766 Ack=141 Win=65024 Len=1448 TSval=2916032815 TSecr=3045552587 [TCP segment of a reassembled PDU]"
"4739","28.734362077","192.168.1.55","192.168.1.2","TCP","1514","8004  >  49830 [ACK] Seq=417214 Ack=141 Win=65024 Len=1448 TSval=2916032815 TSecr=3045552587 [TCP segment of a reassembled PDU]"
"4740","28.734363614","192.168.1.55","192.168.1.2","TCP","1514","8004  >  49830 [ACK] Seq=418662 Ack=141 Win=65024 Len=1448 TSval=2916032815 TSecr=3045552587 [TCP segment of a reassembled PDU]"
"4741","28.734364984","192.168.1.55","192.168.1.2","TCP","1514","8004  >  49830 [ACK] Seq=420110 Ack=141 Win=65024 Len=1448 TSval=2916032815 TSecr=3045552587 [TCP segment of a reassembled PDU]"
"4742","28.734366484","192.168.1.55","192.168.1.2","TCP","1514","8004  >  49830 [ACK] Seq=421558 Ack=141 Win=65024 Len=1448 TSval=2916032815 TSecr=3045552587 [TCP segment of a reassembled PDU]"
"4743","28.734368040","192.168.1.55","192.168.1.2","TCP","1514","8004  >  49830 [ACK] Seq=423006 Ack=141 Win=65024 Len=1448 TSval=2916032815 TSecr=3045552587 [TCP segment of a reassembled PDU]"
"4744","28.734369428","192.168.1.55","192.168.1.2","TCP","1514","8004  >  49830 [ACK] Seq=424454 Ack=141 Win=65024 Len=1448 TSval=2916032815 TSecr=3045552587 [TCP segment of a reassembled PDU]"
"4745","28.734370817","192.168.1.55","192.168.1.2","TCP","1514","8004  >  49830 [ACK] Seq=425902 Ack=141 Win=65024 Len=1448 TSval=2916032815 TSecr=3045552587 [TCP segment of a reassembled PDU]"
"4746","28.734372317","192.168.1.55","192.168.1.2","TCP","1514","8004  >  49830 [ACK] Seq=427350 Ack=141 Win=65024 Len=1448 TSval=2916032815 TSecr=3045552587 [TCP segment of a reassembled PDU]"
"4747","28.734373836","192.168.1.55","192.168.1.2","TCP","1514","8004  >  49830 [PSH, ACK] Seq=428798 Ack=141 Win=65024 Len=1448 TSval=2916032815 TSecr=3045552587 [TCP segment of a reassembled PDU]"
"4748","28.734398891","192.168.1.55","192.168.1.2","TCP","1514","8004  >  49830 [ACK] Seq=430246 Ack=141 Win=65024 Len=1448 TSval=2916032815 TSecr=3045552587 [TCP segment of a reassembled PDU]"
"4749","28.734400854","192.168.1.55","192.168.1.2","TCP","1514","8004  >  49830 [ACK] Seq=431694 Ack=141 Win=65024 Len=1448 TSval=2916032815 TSecr=3045552587 [TCP segment of a reassembled PDU]"
"4750","28.734402225","192.168.1.55","192.168.1.2","TCP","1514","8004  >  49830 [ACK] Seq=433142 Ack=141 Win=65024 Len=1448 TSval=2916032815 TSecr=3045552587 [TCP segment of a reassembled PDU]"
"4751","28.734403762","192.168.1.55","192.168.1.2","TCP","1514","8004  >  49830 [ACK] Seq=434590 Ack=141 Win=65024 Len=1448 TSval=2916032815 TSecr=3045552587 [TCP segment of a reassembled PDU]"
"4752","28.734405280","192.168.1.55","192.168.1.2","TCP","1514","8004  >  49830 [ACK] Seq=436038 Ack=141 Win=65024 Len=1448 TSval=2916032815 TSecr=3045552587 [TCP segment of a reassembled PDU]"
"4753","28.734406799","192.168.1.55","192.168.1.2","TCP","1514","8004  >  49830 [ACK] Seq=437486 Ack=141 Win=65024 Len=1448 TSval=2916032815 TSecr=3045552587 [TCP segment of a reassembled PDU]"
"4754","28.734408299","192.168.1.55","192.168.1.2","TCP","1514","8004  >  49830 [ACK] Seq=438934 Ack=141 Win=65024 Len=1448 TSval=2916032815 TSecr=3045552587 [TCP segment of a reassembled PDU]"
"4755","28.734409706","192.168.1.55","192.168.1.2","TCP","1514","8004  >  49830 [ACK] Seq=440382 Ack=141 Win=65024 Len=1448 TSval=2916032815 TSecr=3045552587 [TCP segment of a reassembled PDU]"
"4756","28.734411169","192.168.1.55","192.168.1.2","TCP","1514","8004  >  49830 [ACK] Seq=441830 Ack=141 Win=65024 Len=1448 TSval=2916032815 TSecr=3045552587 [TCP segment of a reassembled PDU]"
"4757","28.734412669","192.168.1.55","192.168.1.2","TCP","1514","8004  >  49830 [ACK] Seq=443278 Ack=141 Win=65024 Len=1448 TSval=2916032815 TSecr=3045552587 [TCP segment of a reassembled PDU]"
"4758","28.734414151","192.168.1.55","192.168.1.2","TCP","1514","8004  >  49830 [ACK] Seq=444726 Ack=141 Win=65024 Len=1448 TSval=2916032815 TSecr=3045552587 [TCP segment of a reassembled PDU]"
"4759","28.734415521","192.168.1.55","192.168.1.2","TCP","1514","8004  >  49830 [ACK] Seq=446174 Ack=141 Win=65024 Len=1448 TSval=2916032815 TSecr=3045552587 [TCP segment of a reassembled PDU]"
"4760","28.734417058","192.168.1.55","192.168.1.2","TCP","1514","8004  >  49830 [ACK] Seq=447622 Ack=141 Win=65024 Len=1448 TSval=2916032815 TSecr=3045552587 [TCP segment of a reassembled PDU]"
"4761","28.734418521","192.168.1.55","192.168.1.2","TCP","1514","8004  >  49830 [ACK] Seq=449070 Ack=141 Win=65024 Len=1448 TSval=2916032815 TSecr=3045552587 [TCP segment of a reassembled PDU]"
"4762","28.734419873","192.168.1.55","192.168.1.2","TCP","1514","8004  >  49830 [ACK] Seq=450518 Ack=141 Win=65024 Len=1448 TSval=2916032815 TSecr=3045552587 [TCP segment of a reassembled PDU]"
"4763","28.734421262","192.168.1.55","192.168.1.2","TCP","1514","8004  >  49830 [ACK] Seq=451966 Ack=141 Win=65024 Len=1448 TSval=2916032815 TSecr=3045552587 [TCP segment of a reassembled PDU]"
"4764","28.734422762","192.168.1.55","192.168.1.2","TCP","1514","8004  >  49830 [ACK] Seq=453414 Ack=141 Win=65024 Len=1448 TSval=2916032815 TSecr=3045552587 [TCP segment of a reassembled PDU]"
"4765","28.734424188","192.168.1.55","192.168.1.2","TCP","1514","8004  >  49830 [ACK] Seq=454862 Ack=141 Win=65024 Len=1448 TSval=2916032815 TSecr=3045552587 [TCP segment of a reassembled PDU]"
"4766","28.734425632","192.168.1.55","192.168.1.2","TCP","1514","8004  >  49830 [ACK] Seq=456310 Ack=141 Win=65024 Len=1448 TSval=2916032815 TSecr=3045552587 [TCP segment of a reassembled PDU]"
"4767","28.734427021","192.168.1.55","192.168.1.2","TCP","1514","8004  >  49830 [ACK] Seq=457758 Ack=141 Win=65024 Len=1448 TSval=2916032815 TSecr=3045552587 [TCP segment of a reassembled PDU]"
"4768","28.734428466","192.168.1.55","192.168.1.2","TCP","1418","[TCP Window Full] 8004  >  49830 [PSH, ACK] Seq=459206 Ack=141 Win=65024 Len=1352 TSval=2916032815 TSecr=3045552587 [TCP segment of a reassembled PDU]"
"4769","28.741074735","192.168.1.2","192.168.1.55","TCP","66","49830  >  8004 [ACK] Seq=141 Ack=340470 Win=149504 Len=0 TSval=3045552593 TSecr=2916032813"
"4770","28.741094569","192.168.1.55","192.168.1.2","TCP","1514","8004  >  49830 [ACK] Seq=460558 Ack=141 Win=65024 Len=1448 TSval=2916032821 TSecr=3045552593 [TCP segment of a reassembled PDU]"
"4771","28.741097291","192.168.1.55","192.168.1.2","TCP","1514","8004  >  49830 [ACK] Seq=462006 Ack=141 Win=65024 Len=1448 TSval=2916032821 TSecr=3045552593 [TCP segment of a reassembled PDU]"
"4772","28.741098661","192.168.1.55","192.168.1.2","TCP","1514","8004  >  49830 [ACK] Seq=463454 Ack=141 Win=65024 Len=1448 TSval=2916032821 TSecr=3045552593 [TCP segment of a reassembled PDU]"
"4773","28.741099976","192.168.1.55","192.168.1.2","TCP","1514","8004  >  49830 [ACK] Seq=464902 Ack=141 Win=65024 Len=1448 TSval=2916032821 TSecr=3045552593 [TCP segment of a reassembled PDU]"
"4774","28.741101254","192.168.1.55","192.168.1.2","TCP","1514","8004  >  49830 [ACK] Seq=466350 Ack=141 Win=65024 Len=1448 TSval=2916032821 TSecr=3045552593 [TCP segment of a reassembled PDU]"
"4775","28.741102717","192.168.1.55","192.168.1.2","TCP","1514","8004  >  49830 [ACK] Seq=467798 Ack=141 Win=65024 Len=1448 TSval=2916032821 TSecr=3045552593 [TCP segment of a reassembled PDU]"
"4776","28.741104032","192.168.1.55","192.168.1.2","TCP","1514","8004  >  49830 [ACK] Seq=469246 Ack=141 Win=65024 Len=1448 TSval=2916032821 TSecr=3045552593 [TCP segment of a reassembled PDU]"
"4777","28.741105402","192.168.1.55","192.168.1.2","TCP","1514","8004  >  49830 [ACK] Seq=470694 Ack=141 Win=65024 Len=1448 TSval=2916032821 TSecr=3045552593 [TCP segment of a reassembled PDU]"
"4778","28.741106680","192.168.1.55","192.168.1.2","TCP","1514","8004  >  49830 [ACK] Seq=472142 Ack=141 Win=65024 Len=1448 TSval=2916032821 TSecr=3045552593 [TCP segment of a reassembled PDU]"
"4779","28.741107994","192.168.1.55","192.168.1.2","TCP","1514","8004  >  49830 [PSH, ACK] Seq=473590 Ack=141 Win=65024 Len=1448 TSval=2916032821 TSecr=3045552593 [TCP segment of a reassembled PDU]"
"4780","28.741113087","192.168.1.55","192.168.1.2","TCP","162","8004  >  49830 [ACK] Seq=475038 Ack=141 Win=65024 Len=96 TSval=2916032821 TSecr=3045552593 [TCP segment of a reassembled PDU]"
"4781","28.741598014","192.168.1.2","192.168.1.55","TCP","66","49830  >  8004 [ACK] Seq=141 Ack=369430 Win=136192 Len=0 TSval=3045552593 TSecr=2916032813"
"4782","28.741620106","192.168.1.55","192.168.1.2","TCP","1514","8004  >  49830 [ACK] Seq=475134 Ack=141 Win=65024 Len=1448 TSval=2916032822 TSecr=3045552593 [TCP segment of a reassembled PDU]"
"4783","28.741621755","192.168.1.55","192.168.1.2","TCP","1514","8004  >  49830 [ACK] Seq=476582 Ack=141 Win=65024 Len=1448 TSval=2916032822 TSecr=3045552593 [TCP segment of a reassembled PDU]"
"4784","28.741623106","192.168.1.55","192.168.1.2","TCP","1514","8004  >  49830 [ACK] Seq=478030 Ack=141 Win=65024 Len=1448 TSval=2916032822 TSecr=3045552593 [TCP segment of a reassembled PDU]"
"4785","28.741624421","192.168.1.55","192.168.1.2","TCP","1514","8004  >  49830 [ACK] Seq=479478 Ack=141 Win=65024 Len=1448 TSval=2916032822 TSecr=3045552593 [TCP segment of a reassembled PDU]"
"4786","28.741625718","192.168.1.55","192.168.1.2","TCP","1514","8004  >  49830 [ACK] Seq=480926 Ack=141 Win=65024 Len=1448 TSval=2916032822 TSecr=3045552593 [TCP segment of a reassembled PDU]"
"4787","28.741627088","192.168.1.55","192.168.1.2","TCP","1514","8004  >  49830 [ACK] Seq=482374 Ack=141 Win=65024 Len=1448 TSval=2916032822 TSecr=3045552593 [TCP segment of a reassembled PDU]"
"4788","28.741628366","192.168.1.55","192.168.1.2","TCP","1514","8004  >  49830 [ACK] Seq=483822 Ack=141 Win=65024 Len=1448 TSval=2916032822 TSecr=3045552593 [TCP segment of a reassembled PDU]"
"4789","28.741630032","192.168.1.55","192.168.1.2","TCP","1514","8004  >  49830 [ACK] Seq=485270 Ack=141 Win=65024 Len=1448 TSval=2916032822 TSecr=3045552593 [TCP segment of a reassembled PDU]"
"4790","28.741631421","192.168.1.55","192.168.1.2","TCP","1514","8004  >  49830 [ACK] Seq=486718 Ack=141 Win=65024 Len=1448 TSval=2916032822 TSecr=3045552593 [TCP segment of a reassembled PDU]"
"4791","28.741632773","192.168.1.55","192.168.1.2","TCP","1514","8004  >  49830 [ACK] Seq=488166 Ack=141 Win=65024 Len=1448 TSval=2916032822 TSecr=3045552593 [TCP segment of a reassembled PDU]"
"4792","28.741634143","192.168.1.55","192.168.1.2","TCP","1514","8004  >  49830 [ACK] Seq=489614 Ack=141 Win=65024 Len=1448 TSval=2916032822 TSecr=3045552593 [TCP segment of a reassembled PDU]"
"4793","28.741635421","192.168.1.55","192.168.1.2","TCP","1514","8004  >  49830 [ACK] Seq=491062 Ack=141 Win=65024 Len=1448 TSval=2916032822 TSecr=3045552593 [TCP segment of a reassembled PDU]"
"4794","28.741636718","192.168.1.55","192.168.1.2","TCP","1514","8004  >  49830 [ACK] Seq=492510 Ack=141 Win=65024 Len=1448 TSval=2916032822 TSecr=3045552593 [TCP segment of a reassembled PDU]"
"4795","28.741638180","192.168.1.55","192.168.1.2","TCP","1514","8004  >  49830 [ACK] Seq=493958 Ack=141 Win=65024 Len=1448 TSval=2916032822 TSecr=3045552593 [TCP segment of a reassembled PDU]"
"4796","28.741639551","192.168.1.55","192.168.1.2","TCP","1514","8004  >  49830 [ACK] Seq=495406 Ack=141 Win=65024 Len=1448 TSval=2916032822 TSecr=3045552593 [TCP segment of a reassembled PDU]"
"4797","28.741640977","192.168.1.55","192.168.1.2","TCP","1514","8004  >  49830 [PSH, ACK] Seq=496854 Ack=141 Win=65024 Len=1448 TSval=2916032822 TSecr=3045552593 [TCP segment of a reassembled PDU]"
"4798","28.741645032","192.168.1.55","192.168.1.2","HTTP","1472","HTTP/1.0 200 OK  (PNG)"
"4799","28.741649162","192.168.1.2","192.168.1.55","TCP","66","49830  >  8004 [ACK] Seq=141 Ack=383910 Win=121856 Len=0 TSval=3045552593 TSecr=2916032813"
"4800","28.741656162","192.168.1.2","192.168.1.55","TCP","66","49830  >  8004 [ACK] Seq=141 Ack=396942 Win=136192 Len=0 TSval=3045552593 TSecr=2916032813"
"4801","28.743253850","192.168.1.2","192.168.1.55","TCP","66","49830  >  8004 [ACK] Seq=141 Ack=407078 Win=151552 Len=0 TSval=3045552597 TSecr=2916032814"
"4802","28.743383720","192.168.1.2","192.168.1.55","TCP","66","49830  >  8004 [ACK] Seq=141 Ack=430246 Win=130048 Len=0 TSval=3045552597 TSecr=2916032815"
"4803","28.743391572","192.168.1.2","192.168.1.55","TCP","66","49830  >  8004 [ACK] Seq=141 Ack=454862 Win=116736 Len=0 TSval=3045552597 TSecr=2916032815"
"4804","28.744999667","192.168.1.2","192.168.1.55","TCP","66","49830  >  8004 [ACK] Seq=141 Ack=460558 Win=154624 Len=0 TSval=3045552598 TSecr=2916032815"
"4805","28.746092724","192.168.1.2","192.168.1.55","TCP","66","49830  >  8004 [ACK] Seq=141 Ack=475038 Win=154624 Len=0 TSval=3045552601 TSecr=2916032821"
"4806","28.746250484","192.168.1.2","192.168.1.55","TCP","66","49830  >  8004 [ACK] Seq=141 Ack=475134 Win=154624 Len=0 TSval=3045552601 TSecr=2916032821"
"4807","28.746256262","192.168.1.2","192.168.1.55","TCP","66","49830  >  8004 [ACK] Seq=141 Ack=496854 Win=197632 Len=0 TSval=3045552601 TSecr=2916032822"
"4808","28.746262021","192.168.1.2","192.168.1.55","TCP","66","49830  >  8004 [ACK] Seq=141 Ack=498302 Win=200704 Len=0 TSval=3045552602 TSecr=2916032822"
"4809","28.748141617","192.168.1.2","192.168.1.55","TCP","66","49830  >  8004 [FIN, ACK] Seq=141 Ack=499709 Win=203776 Len=0 TSval=3045552603 TSecr=2916032822"
"4810","28.748153376","192.168.1.55","192.168.1.2","TCP","66","8004  >  49830 [ACK] Seq=499709 Ack=142 Win=65024 Len=0 TSval=2916032828 TSecr=3045552603"
"4811","28.748274043","192.168.1.2","192.168.1.55","TCP","74","49834  >  8004 [SYN] Seq=0 Win=64240 Len=0 MSS=1460 SACK_PERM TSval=3045552603 TSecr=0 WS=1024"
"4812","28.748304191","192.168.1.55","192.168.1.2","TCP","74","8004  >  49834 [SYN, ACK] Seq=0 Ack=1 Win=65160 Len=0 MSS=1460 SACK_PERM TSval=2916032829 TSecr=3045552603 WS=128"
"4813","28.751450177","192.168.1.2","192.168.1.55","TCP","66","49834  >  8004 [ACK] Seq=1 Ack=1 Win=64512 Len=0 TSval=3045552606 TSecr=2916032829"
"4814","28.754674164","192.168.1.2","192.168.1.55","HTTP","209","GET /original_benchmark.png HTTP/1.1 "
"4815","28.754686756","192.168.1.55","192.168.1.2","TCP","66","8004  >  49834 [ACK] Seq=1 Ack=144 Win=65024 Len=0 TSval=2916032835 TSecr=3045552606"
"4816","28.755174424","192.168.1.55","192.168.1.2","TCP","255","8004  >  49834 [PSH, ACK] Seq=1 Ack=144 Win=65024 Len=189 TSval=2916032835 TSecr=3045552606 [TCP segment of a reassembled PDU]"
"4817","28.755264961","192.168.1.55","192.168.1.2","TCP","1514","8004  >  49834 [ACK] Seq=190 Ack=144 Win=65024 Len=1448 TSval=2916032835 TSecr=3045552606 [TCP segment of a reassembled PDU]"
"4818","28.755270572","192.168.1.55","192.168.1.2","TCP","1514","8004  >  49834 [ACK] Seq=1638 Ack=144 Win=65024 Len=1448 TSval=2916032835 TSecr=3045552606 [TCP segment of a reassembled PDU]"
"4819","28.755272091","192.168.1.55","192.168.1.2","TCP","1514","8004  >  49834 [ACK] Seq=3086 Ack=144 Win=65024 Len=1448 TSval=2916032835 TSecr=3045552606 [TCP segment of a reassembled PDU]"
"4820","28.755273480","192.168.1.55","192.168.1.2","TCP","1514","8004  >  49834 [ACK] Seq=4534 Ack=144 Win=65024 Len=1448 TSval=2916032835 TSecr=3045552606 [TCP segment of a reassembled PDU]"
"4821","28.755275443","192.168.1.55","192.168.1.2","TCP","1514","8004  >  49834 [PSH, ACK] Seq=5982 Ack=144 Win=65024 Len=1448 TSval=2916032835 TSecr=3045552606 [TCP segment of a reassembled PDU]"
"4822","28.755303313","192.168.1.55","192.168.1.2","TCP","1514","8004  >  49834 [ACK] Seq=7430 Ack=144 Win=65024 Len=1448 TSval=2916032835 TSecr=3045552606 [TCP segment of a reassembled PDU]"
"4823","28.755305924","192.168.1.55","192.168.1.2","TCP","1514","8004  >  49834 [ACK] Seq=8878 Ack=144 Win=65024 Len=1448 TSval=2916032835 TSecr=3045552606 [TCP segment of a reassembled PDU]"
"4824","28.755307294","192.168.1.55","192.168.1.2","TCP","1514","8004  >  49834 [ACK] Seq=10326 Ack=144 Win=65024 Len=1448 TSval=2916032835 TSecr=3045552606 [TCP segment of a reassembled PDU]"
"4825","28.755308665","192.168.1.55","192.168.1.2","TCP","1514","8004  >  49834 [PSH, ACK] Seq=11774 Ack=144 Win=65024 Len=1448 TSval=2916032835 TSecr=3045552606 [TCP segment of a reassembled PDU]"
"4826","28.758982782","192.168.1.2","192.168.1.55","TCP","66","49834  >  8004 [ACK] Seq=144 Ack=190 Win=64512 Len=0 TSval=3045552613 TSecr=2916032835"
"4827","28.759024819","192.168.1.55","192.168.1.2","TCP","1514","8004  >  49834 [ACK] Seq=13222 Ack=144 Win=65024 Len=1448 TSval=2916032839 TSecr=3045552613 [TCP segment of a reassembled PDU]"
"4828","28.759030763","192.168.1.55","192.168.1.2","TCP","1514","8004  >  49834 [PSH, ACK] Seq=14670 Ack=144 Win=65024 Len=1448 TSval=2916032839 TSecr=3045552613 [TCP segment of a reassembled PDU]"
"4829","28.759100726","192.168.1.2","192.168.1.55","TCP","66","49834  >  8004 [ACK] Seq=144 Ack=5982 Win=76800 Len=0 TSval=3045552613 TSecr=2916032835"
"4830","28.759125115","192.168.1.55","192.168.1.2","TCP","1514","8004  >  49834 [ACK] Seq=16118 Ack=144 Win=65024 Len=1448 TSval=2916032839 TSecr=3045552613 [TCP segment of a reassembled PDU]"
"4831","28.759127671","192.168.1.55","192.168.1.2","TCP","1514","8004  >  49834 [ACK] Seq=17566 Ack=144 Win=65024 Len=1448 TSval=2916032839 TSecr=3045552613 [TCP segment of a reassembled PDU]"
"4832","28.759128874","192.168.1.55","192.168.1.2","TCP","1514","8004  >  49834 [ACK] Seq=19014 Ack=144 Win=65024 Len=1448 TSval=2916032839 TSecr=3045552613 [TCP segment of a reassembled PDU]"
"4833","28.759130189","192.168.1.55","192.168.1.2","TCP","1514","8004  >  49834 [ACK] Seq=20462 Ack=144 Win=65024 Len=1448 TSval=2916032839 TSecr=3045552613 [TCP segment of a reassembled PDU]"
"4834","28.759131523","192.168.1.55","192.168.1.2","TCP","1514","8004  >  49834 [ACK] Seq=21910 Ack=144 Win=65024 Len=1448 TSval=2916032839 TSecr=3045552613 [TCP segment of a reassembled PDU]"
"4835","28.759132874","192.168.1.55","192.168.1.2","TCP","1514","8004  >  49834 [ACK] Seq=23358 Ack=144 Win=65024 Len=1448 TSval=2916032839 TSecr=3045552613 [TCP segment of a reassembled PDU]"
"4836","28.759134134","192.168.1.55","192.168.1.2","TCP","1514","8004  >  49834 [PSH, ACK] Seq=24806 Ack=144 Win=65024 Len=1448 TSval=2916032839 TSecr=3045552613 [TCP segment of a reassembled PDU]"
"4837","28.759138949","192.168.1.2","192.168.1.55","TCP","66","49834  >  8004 [ACK] Seq=144 Ack=7430 Win=79872 Len=0 TSval=3045552614 TSecr=2916032835"
"4838","28.759145171","192.168.1.2","192.168.1.55","TCP","66","49834  >  8004 [ACK] Seq=144 Ack=13222 Win=87040 Len=0 TSval=3045552614 TSecr=2916032835"
"4839","28.759184356","192.168.1.55","192.168.1.2","TCP","1514","8004  >  49834 [ACK] Seq=26254 Ack=144 Win=65024 Len=1448 TSval=2916032839 TSecr=3045552614 [TCP segment of a reassembled PDU]"
"4840","28.759190041","192.168.1.55","192.168.1.2","TCP","1514","8004  >  49834 [ACK] Seq=27702 Ack=144 Win=65024 Len=1448 TSval=2916032839 TSecr=3045552614 [TCP segment of a reassembled PDU]"
"4841","28.759193078","192.168.1.55","192.168.1.2","TCP","1514","8004  >  49834 [ACK] Seq=29150 Ack=144 Win=65024 Len=1448 TSval=2916032839 TSecr=3045552614 [TCP segment of a reassembled PDU]"
"4842","28.759195967","192.168.1.55","192.168.1.2","TCP","1514","8004  >  49834 [ACK] Seq=30598 Ack=144 Win=65024 Len=1448 TSval=2916032839 TSecr=3045552614 [TCP segment of a reassembled PDU]"
"4843","28.759197615","192.168.1.55","192.168.1.2","TCP","1514","8004  >  49834 [ACK] Seq=32046 Ack=144 Win=65024 Len=1448 TSval=2916032839 TSecr=3045552614 [TCP segment of a reassembled PDU]"
"4844","28.759199152","192.168.1.55","192.168.1.2","TCP","1514","8004  >  49834 [ACK] Seq=33494 Ack=144 Win=65024 Len=1448 TSval=2916032839 TSecr=3045552614 [TCP segment of a reassembled PDU]"
"4845","28.759201449","192.168.1.55","192.168.1.2","TCP","1514","8004  >  49834 [ACK] Seq=34942 Ack=144 Win=65024 Len=1448 TSval=2916032839 TSecr=3045552614 [TCP segment of a reassembled PDU]"
"4846","28.759203523","192.168.1.55","192.168.1.2","TCP","1514","8004  >  49834 [ACK] Seq=36390 Ack=144 Win=65024 Len=1448 TSval=2916032839 TSecr=3045552614 [TCP segment of a reassembled PDU]"
"4847","28.759205430","192.168.1.55","192.168.1.2","TCP","1514","8004  >  49834 [ACK] Seq=37838 Ack=144 Win=65024 Len=1448 TSval=2916032839 TSecr=3045552614 [TCP segment of a reassembled PDU]"
"4848","28.759207745","192.168.1.55","192.168.1.2","TCP","1514","8004  >  49834 [PSH, ACK] Seq=39286 Ack=144 Win=65024 Len=1448 TSval=2916032839 TSecr=3045552614 [TCP segment of a reassembled PDU]"
"4849","28.760172061","192.168.1.55","192.168.1.2","TCP","1514","8004  >  49834 [ACK] Seq=40734 Ack=144 Win=65024 Len=1448 TSval=2916032840 TSecr=3045552614 [TCP segment of a reassembled PDU]"
"4850","28.763518215","192.168.1.2","192.168.1.55","TCP","66","49834  >  8004 [ACK] Seq=144 Ack=16118 Win=93184 Len=0 TSval=3045552618 TSecr=2916032839"
"4851","28.763562067","192.168.1.55","192.168.1.2","TCP","1514","8004  >  49834 [ACK] Seq=42182 Ack=144 Win=65024 Len=1448 TSval=2916032844 TSecr=3045552618 [TCP segment of a reassembled PDU]"
"4852","28.763567604","192.168.1.55","192.168.1.2","TCP","1514","8004  >  49834 [PSH, ACK] Seq=43630 Ack=144 Win=65024 Len=1448 TSval=2916032844 TSecr=3045552618 [TCP segment of a reassembled PDU]"
"4853","28.763652252","192.168.1.2","192.168.1.55","TCP","66","49834  >  8004 [ACK] Seq=144 Ack=26254 Win=83968 Len=0 TSval=3045552618 TSecr=2916032839"
"4854","28.763687715","192.168.1.55","192.168.1.2","TCP","1514","8004  >  49834 [ACK] Seq=45078 Ack=144 Win=65024 Len=1448 TSval=2916032844 TSecr=3045552618 [TCP segment of a reassembled PDU]"
"4855","28.763689622","192.168.1.55","192.168.1.2","TCP","1514","8004  >  49834 [ACK] Seq=46526 Ack=144 Win=65024 Len=1448 TSval=2916032844 TSecr=3045552618 [TCP segment of a reassembled PDU]"
"4856","28.763691030","192.168.1.55","192.168.1.2","TCP","1514","8004  >  49834 [ACK] Seq=47974 Ack=144 Win=65024 Len=1448 TSval=2916032844 TSecr=3045552618 [TCP segment of a reassembled PDU]"
"4857","28.763692845","192.168.1.55","192.168.1.2","TCP","1514","8004  >  49834 [ACK] Seq=49422 Ack=144 Win=65024 Len=1448 TSval=2916032844 TSecr=3045552618 [TCP segment of a reassembled PDU]"
"4858","28.763694622","192.168.1.55","192.168.1.2","TCP","1514","8004  >  49834 [ACK] Seq=50870 Ack=144 Win=65024 Len=1448 TSval=2916032844 TSecr=3045552618 [TCP segment of a reassembled PDU]"
"4859","28.763695993","192.168.1.55","192.168.1.2","TCP","1514","8004  >  49834 [ACK] Seq=52318 Ack=144 Win=65024 Len=1448 TSval=2916032844 TSecr=3045552618 [TCP segment of a reassembled PDU]"
"4860","28.763697345","192.168.1.55","192.168.1.2","TCP","1514","8004  >  49834 [ACK] Seq=53766 Ack=144 Win=65024 Len=1448 TSval=2916032844 TSecr=3045552618 [TCP segment of a reassembled PDU]"
"4861","28.763698585","192.168.1.55","192.168.1.2","TCP","1514","8004  >  49834 [ACK] Seq=55214 Ack=144 Win=65024 Len=1448 TSval=2916032844 TSecr=3045552618 [TCP segment of a reassembled PDU]"
"4862","28.763699937","192.168.1.55","192.168.1.2","TCP","1514","8004  >  49834 [ACK] Seq=56662 Ack=144 Win=65024 Len=1448 TSval=2916032844 TSecr=3045552618 [TCP segment of a reassembled PDU]"
"4863","28.763701141","192.168.1.55","192.168.1.2","TCP","1514","8004  >  49834 [ACK] Seq=58110 Ack=144 Win=65024 Len=1448 TSval=2916032844 TSecr=3045552618 [TCP segment of a reassembled PDU]"
"4864","28.763702789","192.168.1.55","192.168.1.2","TCP","1514","8004  >  49834 [ACK] Seq=59558 Ack=144 Win=65024 Len=1448 TSval=2916032844 TSecr=3045552618 [TCP segment of a reassembled PDU]"
"4865","28.763704493","192.168.1.55","192.168.1.2","TCP","1514","8004  >  49834 [ACK] Seq=61006 Ack=144 Win=65024 Len=1448 TSval=2916032844 TSecr=3045552618 [TCP segment of a reassembled PDU]"
"4866","28.763706400","192.168.1.55","192.168.1.2","TCP","1514","8004  >  49834 [ACK] Seq=62454 Ack=144 Win=65024 Len=1448 TSval=2916032844 TSecr=3045552618 [TCP segment of a reassembled PDU]"
"4867","28.763708141","192.168.1.55","192.168.1.2","TCP","1514","8004  >  49834 [PSH, ACK] Seq=63902 Ack=144 Win=65024 Len=1448 TSval=2916032844 TSecr=3045552618 [TCP segment of a reassembled PDU]"
"4868","28.763712771","192.168.1.2","192.168.1.55","TCP","66","49834  >  8004 [ACK] Seq=144 Ack=36390 Win=74752 Len=0 TSval=3045552618 TSecr=2916032839"
"4869","28.763740826","192.168.1.55","192.168.1.2","TCP","1514","8004  >  49834 [ACK] Seq=65350 Ack=144 Win=65024 Len=1448 TSval=2916032844 TSecr=3045552618 [TCP segment of a reassembled PDU]"
"4870","28.763744271","192.168.1.55","192.168.1.2","TCP","1514","8004  >  49834 [ACK] Seq=66798 Ack=144 Win=65024 Len=1448 TSval=2916032844 TSecr=3045552618 [TCP segment of a reassembled PDU]"
"4871","28.763752345","192.168.1.55","192.168.1.2","TCP","1514","8004  >  49834 [ACK] Seq=68246 Ack=144 Win=65024 Len=1448 TSval=2916032844 TSecr=3045552618 [TCP segment of a reassembled PDU]"
"4872","28.763754252","192.168.1.55","192.168.1.2","TCP","1514","8004  >  49834 [ACK] Seq=69694 Ack=144 Win=65024 Len=1448 TSval=2916032844 TSecr=3045552618 [TCP segment of a reassembled PDU]"
"4873","28.763756808","192.168.1.55","192.168.1.2","TCP","1514","8004  >  49834 [ACK] Seq=71142 Ack=144 Win=65024 Len=1448 TSval=2916032844 TSecr=3045552618 [TCP segment of a reassembled PDU]"
"4874","28.763758789","192.168.1.55","192.168.1.2","TCP","1514","8004  >  49834 [ACK] Seq=72590 Ack=144 Win=65024 Len=1448 TSval=2916032844 TSecr=3045552618 [TCP segment of a reassembled PDU]"
"4875","28.763760548","192.168.1.55","192.168.1.2","TCP","1514","8004  >  49834 [ACK] Seq=74038 Ack=144 Win=65024 Len=1448 TSval=2916032844 TSecr=3045552618 [TCP segment of a reassembled PDU]"
"4876","28.763761974","192.168.1.55","192.168.1.2","TCP","1514","8004  >  49834 [PSH, ACK] Seq=75486 Ack=144 Win=65024 Len=1448 TSval=2916032844 TSecr=3045552618 [TCP segment of a reassembled PDU]"
"4877","28.763767326","192.168.1.2","192.168.1.55","TCP","66","49834  >  8004 [ACK] Seq=144 Ack=39286 Win=93184 Len=0 TSval=3045552619 TSecr=2916032839"
"4878","28.764812180","192.168.1.55","192.168.1.2","TCP","1514","8004  >  49834 [ACK] Seq=76934 Ack=144 Win=65024 Len=1448 TSval=2916032845 TSecr=3045552619 [TCP segment of a reassembled PDU]"
"4879","28.764828106","192.168.1.55","192.168.1.2","TCP","1514","8004  >  49834 [ACK] Seq=78382 Ack=144 Win=65024 Len=1448 TSval=2916032845 TSecr=3045552619 [TCP segment of a reassembled PDU]"
"4880","28.764830717","192.168.1.55","192.168.1.2","TCP","1514","8004  >  49834 [ACK] Seq=79830 Ack=144 Win=65024 Len=1448 TSval=2916032845 TSecr=3045552619 [TCP segment of a reassembled PDU]"
"4881","28.764832365","192.168.1.55","192.168.1.2","TCP","1514","8004  >  49834 [ACK] Seq=81278 Ack=144 Win=65024 Len=1448 TSval=2916032845 TSecr=3045552619 [TCP segment of a reassembled PDU]"
"4882","28.764835106","192.168.1.55","192.168.1.2","TCP","1514","8004  >  49834 [ACK] Seq=82726 Ack=144 Win=65024 Len=1448 TSval=2916032845 TSecr=3045552619 [TCP segment of a reassembled PDU]"
"4883","28.764839346","192.168.1.55","192.168.1.2","TCP","1514","8004  >  49834 [ACK] Seq=84174 Ack=144 Win=65024 Len=1448 TSval=2916032845 TSecr=3045552619 [TCP segment of a reassembled PDU]"
"4884","28.764841050","192.168.1.55","192.168.1.2","TCP","1514","8004  >  49834 [ACK] Seq=85622 Ack=144 Win=65024 Len=1448 TSval=2916032845 TSecr=3045552619 [TCP segment of a reassembled PDU]"
"4885","28.764843143","192.168.1.55","192.168.1.2","TCP","1514","8004  >  49834 [ACK] Seq=87070 Ack=144 Win=65024 Len=1448 TSval=2916032845 TSecr=3045552619 [TCP segment of a reassembled PDU]"
"4886","28.764844754","192.168.1.55","192.168.1.2","TCP","1514","8004  >  49834 [ACK] Seq=88518 Ack=144 Win=65024 Len=1448 TSval=2916032845 TSecr=3045552619 [TCP segment of a reassembled PDU]"
"4887","28.764846606","192.168.1.55","192.168.1.2","TCP","1514","8004  >  49834 [ACK] Seq=89966 Ack=144 Win=65024 Len=1448 TSval=2916032845 TSecr=3045552619 [TCP segment of a reassembled PDU]"
"4888","28.764849106","192.168.1.55","192.168.1.2","TCP","1514","8004  >  49834 [ACK] Seq=91414 Ack=144 Win=65024 Len=1448 TSval=2916032845 TSecr=3045552619 [TCP segment of a reassembled PDU]"
"4889","28.764851291","192.168.1.55","192.168.1.2","TCP","1514","8004  >  49834 [PSH, ACK] Seq=92862 Ack=144 Win=65024 Len=1448 TSval=2916032845 TSecr=3045552619 [TCP segment of a reassembled PDU]"
"4890","28.766496738","192.168.1.2","192.168.1.55","TCP","66","49834  >  8004 [ACK] Seq=144 Ack=40734 Win=94208 Len=0 TSval=3045552619 TSecr=2916032839"
"4891","28.766558368","192.168.1.55","192.168.1.2","TCP","1514","8004  >  49834 [ACK] Seq=94310 Ack=144 Win=65024 Len=1448 TSval=2916032847 TSecr=3045552619 [TCP segment of a reassembled PDU]"
"4892","28.766563108","192.168.1.55","192.168.1.2","TCP","1514","8004  >  49834 [PSH, ACK] Seq=95758 Ack=144 Win=65024 Len=1448 TSval=2916032847 TSecr=3045552619 [TCP segment of a reassembled PDU]"
"4893","28.768769575","192.168.1.2","192.168.1.55","TCP","66","49834  >  8004 [ACK] Seq=144 Ack=42182 Win=93184 Len=0 TSval=3045552619 TSecr=2916032840"
"4894","28.768798241","192.168.1.55","192.168.1.2","TCP","1514","8004  >  49834 [ACK] Seq=97206 Ack=144 Win=65024 Len=1448 TSval=2916032849 TSecr=3045552619 [TCP segment of a reassembled PDU]"
"4895","28.768801890","192.168.1.55","192.168.1.2","TCP","1514","8004  >  49834 [PSH, ACK] Seq=98654 Ack=144 Win=65024 Len=1448 TSval=2916032849 TSecr=3045552619 [TCP segment of a reassembled PDU]"
"4896","28.770358059","192.168.1.2","192.168.1.55","TCP","66","49834  >  8004 [ACK] Seq=144 Ack=45078 Win=91136 Len=0 TSval=3045552624 TSecr=2916032844"
"4897","28.770411207","192.168.1.55","192.168.1.2","TCP","1514","8004  >  49834 [ACK] Seq=100102 Ack=144 Win=65024 Len=1448 TSval=2916032851 TSecr=3045552624 [TCP segment of a reassembled PDU]"
"4898","28.770417837","192.168.1.55","192.168.1.2","TCP","1514","8004  >  49834 [ACK] Seq=101550 Ack=144 Win=65024 Len=1448 TSval=2916032851 TSecr=3045552624 [TCP segment of a reassembled PDU]"
"4899","28.770419855","192.168.1.55","192.168.1.2","TCP","1514","8004  >  49834 [ACK] Seq=102998 Ack=144 Win=65024 Len=1448 TSval=2916032851 TSecr=3045552624 [TCP segment of a reassembled PDU]"
"4900","28.770421262","192.168.1.55","192.168.1.2","TCP","1514","8004  >  49834 [PSH, ACK] Seq=104446 Ack=144 Win=65024 Len=1448 TSval=2916032851 TSecr=3045552624 [TCP segment of a reassembled PDU]"
"4901","28.770454577","192.168.1.2","192.168.1.55","TCP","66","49834  >  8004 [ACK] Seq=144 Ack=49422 Win=91136 Len=0 TSval=3045552624 TSecr=2916032844"
"4902","28.772546340","192.168.1.2","192.168.1.55","TCP","66","49834  >  8004 [ACK] Seq=144 Ack=65350 Win=79872 Len=0 TSval=3045552624 TSecr=2916032844"
"4903","28.772564155","192.168.1.55","192.168.1.2","TCP","1514","8004  >  49834 [ACK] Seq=105894 Ack=144 Win=65024 Len=1448 TSval=2916032853 TSecr=3045552624 [TCP segment of a reassembled PDU]"
"4904","28.772566451","192.168.1.55","192.168.1.2","TCP","1514","8004  >  49834 [ACK] Seq=107342 Ack=144 Win=65024 Len=1448 TSval=2916032853 TSecr=3045552624 [TCP segment of a reassembled PDU]"
"4905","28.772567507","192.168.1.55","192.168.1.2","TCP","1514","8004  >  49834 [ACK] Seq=108790 Ack=144 Win=65024 Len=1448 TSval=2916032853 TSecr=3045552624 [TCP segment of a reassembled PDU]"
"4906","28.772568618","192.168.1.55","192.168.1.2","TCP","1514","8004  >  49834 [ACK] Seq=110238 Ack=144 Win=65024 Len=1448 TSval=2916032853 TSecr=3045552624 [TCP segment of a reassembled PDU]"
"4907","28.772569655","192.168.1.55","192.168.1.2","TCP","1514","8004  >  49834 [ACK] Seq=111686 Ack=144 Win=65024 Len=1448 TSval=2916032853 TSecr=3045552624 [TCP segment of a reassembled PDU]"
"4908","28.772570729","192.168.1.55","192.168.1.2","TCP","1514","8004  >  49834 [ACK] Seq=113134 Ack=144 Win=65024 Len=1448 TSval=2916032853 TSecr=3045552624 [TCP segment of a reassembled PDU]"
"4909","28.772571877","192.168.1.55","192.168.1.2","TCP","1514","8004  >  49834 [ACK] Seq=114582 Ack=144 Win=65024 Len=1448 TSval=2916032853 TSecr=3045552624 [TCP segment of a reassembled PDU]"
"4910","28.772572988","192.168.1.55","192.168.1.2","TCP","1514","8004  >  49834 [ACK] Seq=116030 Ack=144 Win=65024 Len=1448 TSval=2916032853 TSecr=3045552624 [TCP segment of a reassembled PDU]"
"4911","28.772574229","192.168.1.55","192.168.1.2","TCP","1514","8004  >  49834 [ACK] Seq=117478 Ack=144 Win=65024 Len=1448 TSval=2916032853 TSecr=3045552624 [TCP segment of a reassembled PDU]"
"4912","28.772575358","192.168.1.55","192.168.1.2","TCP","1514","8004  >  49834 [PSH, ACK] Seq=118926 Ack=144 Win=65024 Len=1448 TSval=2916032853 TSecr=3045552624 [TCP segment of a reassembled PDU]"
"4913","28.773054563","192.168.1.2","192.168.1.55","TCP","66","49834  >  8004 [ACK] Seq=144 Ack=76934 Win=68608 Len=0 TSval=3045552624 TSecr=2916032844"
"4914","28.773087248","192.168.1.55","192.168.1.2","TCP","1514","8004  >  49834 [ACK] Seq=120374 Ack=144 Win=65024 Len=1448 TSval=2916032853 TSecr=3045552624 [TCP segment of a reassembled PDU]"
"4915","28.773089359","192.168.1.55","192.168.1.2","TCP","1514","8004  >  49834 [ACK] Seq=121822 Ack=144 Win=65024 Len=1448 TSval=2916032853 TSecr=3045552624 [TCP segment of a reassembled PDU]"
"4916","28.773090674","192.168.1.55","192.168.1.2","TCP","1514","8004  >  49834 [ACK] Seq=123270 Ack=144 Win=65024 Len=1448 TSval=2916032853 TSecr=3045552624 [TCP segment of a reassembled PDU]"
"4917","28.773091822","192.168.1.55","192.168.1.2","TCP","1514","8004  >  49834 [ACK] Seq=124718 Ack=144 Win=65024 Len=1448 TSval=2916032853 TSecr=3045552624 [TCP segment of a reassembled PDU]"
"4918","28.773093063","192.168.1.55","192.168.1.2","TCP","1514","8004  >  49834 [ACK] Seq=126166 Ack=144 Win=65024 Len=1448 TSval=2916032853 TSecr=3045552624 [TCP segment of a reassembled PDU]"
"4919","28.773094618","192.168.1.55","192.168.1.2","TCP","1514","8004  >  49834 [ACK] Seq=127614 Ack=144 Win=65024 Len=1448 TSval=2916032853 TSecr=3045552624 [TCP segment of a reassembled PDU]"
"4920","28.773095822","192.168.1.55","192.168.1.2","TCP","1514","8004  >  49834 [ACK] Seq=129062 Ack=144 Win=65024 Len=1448 TSval=2916032853 TSecr=3045552624 [TCP segment of a reassembled PDU]"
"4921","28.773097063","192.168.1.55","192.168.1.2","TCP","1514","8004  >  49834 [ACK] Seq=130510 Ack=144 Win=65024 Len=1448 TSval=2916032853 TSecr=3045552624 [TCP segment of a reassembled PDU]"
"4922","28.773098193","192.168.1.55","192.168.1.2","TCP","1514","8004  >  49834 [ACK] Seq=131958 Ack=144 Win=65024 Len=1448 TSval=2916032853 TSecr=3045552624 [TCP segment of a reassembled PDU]"
"4923","28.773099341","192.168.1.55","192.168.1.2","TCP","1514","8004  >  49834 [ACK] Seq=133406 Ack=144 Win=65024 Len=1448 TSval=2916032853 TSecr=3045552624 [TCP segment of a reassembled PDU]"
"4924","28.773100637","192.168.1.55","192.168.1.2","TCP","1514","8004  >  49834 [ACK] Seq=134854 Ack=144 Win=65024 Len=1448 TSval=2916032853 TSecr=3045552624 [TCP segment of a reassembled PDU]"
"4925","28.773101859","192.168.1.55","192.168.1.2","TCP","1514","8004  >  49834 [ACK] Seq=136302 Ack=144 Win=65024 Len=1448 TSval=2916032853 TSecr=3045552624 [TCP segment of a reassembled PDU]"
"4926","28.773103044","192.168.1.55","192.168.1.2","TCP","1514","8004  >  49834 [ACK] Seq=137750 Ack=144 Win=65024 Len=1448 TSval=2916032853 TSecr=3045552624 [TCP segment of a reassembled PDU]"
"4927","28.773104156","192.168.1.55","192.168.1.2","TCP","1514","8004  >  49834 [ACK] Seq=139198 Ack=144 Win=65024 Len=1448 TSval=2916032853 TSecr=3045552624 [TCP segment of a reassembled PDU]"
"4928","28.773105304","192.168.1.55","192.168.1.2","TCP","1514","8004  >  49834 [ACK] Seq=140646 Ack=144 Win=65024 Len=1448 TSval=2916032853 TSecr=3045552624 [TCP segment of a reassembled PDU]"
"4929","28.773106563","192.168.1.55","192.168.1.2","TCP","1514","8004  >  49834 [ACK] Seq=142094 Ack=144 Win=65024 Len=1448 TSval=2916032853 TSecr=3045552624 [TCP segment of a reassembled PDU]"
"4930","28.773107656","192.168.1.55","192.168.1.2","TCP","1514","8004  >  49834 [ACK] Seq=143542 Ack=144 Win=65024 Len=1448 TSval=2916032853 TSecr=3045552624 [TCP segment of a reassembled PDU]"
"4931","28.773109711","192.168.1.55","192.168.1.2","TCP","618","[TCP Window Full] 8004  >  49834 [PSH, ACK] Seq=144990 Ack=144 Win=65024 Len=552 TSval=2916032853 TSecr=3045552624 [TCP segment of a reassembled PDU]"
"4932","28.773113952","192.168.1.2","192.168.1.55","TCP","66","49834  >  8004 [ACK] Seq=144 Ack=94310 Win=65536 Len=0 TSval=3045552624 TSecr=2916032845"
"4933","28.773121748","192.168.1.2","192.168.1.55","TCP","66","49834  >  8004 [ACK] Seq=144 Ack=95758 Win=92160 Len=0 TSval=3045552626 TSecr=2916032847"
"4934","28.773157378","192.168.1.55","192.168.1.2","TCP","1514","8004  >  49834 [ACK] Seq=145542 Ack=144 Win=65024 Len=1448 TSval=2916032853 TSecr=3045552626 [TCP segment of a reassembled PDU]"
"4935","28.773160415","192.168.1.55","192.168.1.2","TCP","1514","8004  >  49834 [ACK] Seq=146990 Ack=144 Win=65024 Len=1448 TSval=2916032853 TSecr=3045552626 [TCP segment of a reassembled PDU]"
"4936","28.773161582","192.168.1.55","192.168.1.2","TCP","1514","8004  >  49834 [ACK] Seq=148438 Ack=144 Win=65024 Len=1448 TSval=2916032853 TSecr=3045552626 [TCP segment of a reassembled PDU]"
"4937","28.773162896","192.168.1.55","192.168.1.2","TCP","1514","8004  >  49834 [ACK] Seq=149886 Ack=144 Win=65024 Len=1448 TSval=2916032853 TSecr=3045552626 [TCP segment of a reassembled PDU]"
"4938","28.773164100","192.168.1.55","192.168.1.2","TCP","1514","8004  >  49834 [ACK] Seq=151334 Ack=144 Win=65024 Len=1448 TSval=2916032853 TSecr=3045552626 [TCP segment of a reassembled PDU]"
"4939","28.773165545","192.168.1.55","192.168.1.2","TCP","1514","8004  >  49834 [ACK] Seq=152782 Ack=144 Win=65024 Len=1448 TSval=2916032853 TSecr=3045552626 [TCP segment of a reassembled PDU]"
"4940","28.773166896","192.168.1.55","192.168.1.2","TCP","1514","8004  >  49834 [ACK] Seq=154230 Ack=144 Win=65024 Len=1448 TSval=2916032853 TSecr=3045552626 [TCP segment of a reassembled PDU]"
"4941","28.773168711","192.168.1.55","192.168.1.2","TCP","1514","8004  >  49834 [ACK] Seq=155678 Ack=144 Win=65024 Len=1448 TSval=2916032853 TSecr=3045552626 [TCP segment of a reassembled PDU]"
"4942","28.773170100","192.168.1.55","192.168.1.2","TCP","1514","8004  >  49834 [ACK] Seq=157126 Ack=144 Win=65024 Len=1448 TSval=2916032853 TSecr=3045552626 [TCP segment of a reassembled PDU]"
"4943","28.773171674","192.168.1.55","192.168.1.2","TCP","1514","8004  >  49834 [ACK] Seq=158574 Ack=144 Win=65024 Len=1448 TSval=2916032853 TSecr=3045552626 [TCP segment of a reassembled PDU]"
"4944","28.773173119","192.168.1.55","192.168.1.2","TCP","1514","8004  >  49834 [ACK] Seq=160022 Ack=144 Win=65024 Len=1448 TSval=2916032853 TSecr=3045552626 [TCP segment of a reassembled PDU]"
"4945","28.773174267","192.168.1.55","192.168.1.2","TCP","1514","8004  >  49834 [PSH, ACK] Seq=161470 Ack=144 Win=65024 Len=1448 TSval=2916032853 TSecr=3045552626 [TCP segment of a reassembled PDU]"
"4946","28.773180378","192.168.1.55","192.168.1.2","TCP","962","8004  >  49834 [ACK] Seq=162918 Ack=144 Win=65024 Len=896 TSval=2916032853 TSecr=3045552626 [TCP segment of a reassembled PDU]"
"4947","28.773184545","192.168.1.2","192.168.1.55","TCP","66","49834  >  8004 [ACK] Seq=144 Ack=97206 Win=92160 Len=0 TSval=3045552626 TSecr=2916032847"
"4948","28.776956384","192.168.1.2","192.168.1.55","TCP","66","49834  >  8004 [ACK] Seq=144 Ack=100102 Win=90112 Len=0 TSval=3045552628 TSecr=2916032849"
"4949","28.776995532","192.168.1.55","192.168.1.2","TCP","1514","8004  >  49834 [ACK] Seq=163814 Ack=144 Win=65024 Len=1448 TSval=2916032857 TSecr=3045552628 [TCP segment of a reassembled PDU]"
"4950","28.776998958","192.168.1.55","192.168.1.2","TCP","1514","8004  >  49834 [ACK] Seq=165262 Ack=144 Win=65024 Len=1448 TSval=2916032857 TSecr=3045552628 [TCP segment of a reassembled PDU]"
"4951","28.777000106","192.168.1.55","192.168.1.2","TCP","1514","8004  >  49834 [ACK] Seq=166710 Ack=144 Win=65024 Len=1448 TSval=2916032857 TSecr=3045552628 [TCP segment of a reassembled PDU]"
"4952","28.777001291","192.168.1.55","192.168.1.2","TCP","1514","8004  >  49834 [ACK] Seq=168158 Ack=144 Win=65024 Len=1448 TSval=2916032857 TSecr=3045552628 [TCP segment of a reassembled PDU]"
"4953","28.777002439","192.168.1.55","192.168.1.2","TCP","1514","8004  >  49834 [ACK] Seq=169606 Ack=144 Win=65024 Len=1448 TSval=2916032857 TSecr=3045552628 [TCP segment of a reassembled PDU]"
"4954","28.777003588","192.168.1.55","192.168.1.2","TCP","1514","8004  >  49834 [ACK] Seq=171054 Ack=144 Win=65024 Len=1448 TSval=2916032857 TSecr=3045552628 [TCP segment of a reassembled PDU]"
"4955","28.777004736","192.168.1.55","192.168.1.2","TCP","1514","8004  >  49834 [ACK] Seq=172502 Ack=144 Win=65024 Len=1448 TSval=2916032857 TSecr=3045552628 [TCP segment of a reassembled PDU]"
"4956","28.777005865","192.168.1.55","192.168.1.2","TCP","1514","8004  >  49834 [ACK] Seq=173950 Ack=144 Win=65024 Len=1448 TSval=2916032857 TSecr=3045552628 [TCP segment of a reassembled PDU]"
"4957","28.777006939","192.168.1.55","192.168.1.2","TCP","1514","8004  >  49834 [ACK] Seq=175398 Ack=144 Win=65024 Len=1448 TSval=2916032857 TSecr=3045552628 [TCP segment of a reassembled PDU]"
"4958","28.777008125","192.168.1.55","192.168.1.2","TCP","1514","8004  >  49834 [ACK] Seq=176846 Ack=144 Win=65024 Len=1448 TSval=2916032857 TSecr=3045552628 [TCP segment of a reassembled PDU]"
"4959","28.777009402","192.168.1.55","192.168.1.2","TCP","1514","8004  >  49834 [ACK] Seq=178294 Ack=144 Win=65024 Len=1448 TSval=2916032857 TSecr=3045552628 [TCP segment of a reassembled PDU]"
"4960","28.777010532","192.168.1.55","192.168.1.2","TCP","1514","8004  >  49834 [ACK] Seq=179742 Ack=144 Win=65024 Len=1448 TSval=2916032857 TSecr=3045552628 [TCP segment of a reassembled PDU]"
"4961","28.777011606","192.168.1.55","192.168.1.2","TCP","1514","8004  >  49834 [ACK] Seq=181190 Ack=144 Win=65024 Len=1448 TSval=2916032857 TSecr=3045552628 [TCP segment of a reassembled PDU]"
"4962","28.777013032","192.168.1.55","192.168.1.2","TCP","1514","8004  >  49834 [ACK] Seq=182638 Ack=144 Win=65024 Len=1448 TSval=2916032857 TSecr=3045552628 [TCP segment of a reassembled PDU]"
"4963","28.777014328","192.168.1.55","192.168.1.2","TCP","1514","8004  >  49834 [ACK] Seq=184086 Ack=144 Win=65024 Len=1448 TSval=2916032857 TSecr=3045552628 [TCP segment of a reassembled PDU]"
"4964","28.777015476","192.168.1.55","192.168.1.2","TCP","1514","8004  >  49834 [ACK] Seq=185534 Ack=144 Win=65024 Len=1448 TSval=2916032857 TSecr=3045552628 [TCP segment of a reassembled PDU]"
"4965","28.777016662","192.168.1.55","192.168.1.2","TCP","1514","8004  >  49834 [ACK] Seq=186982 Ack=144 Win=65024 Len=1448 TSval=2916032857 TSecr=3045552628 [TCP segment of a reassembled PDU]"
"4966","28.777017939","192.168.1.55","192.168.1.2","TCP","1514","8004  >  49834 [PSH, ACK] Seq=188430 Ack=144 Win=65024 Len=1448 TSval=2916032857 TSecr=3045552628 [TCP segment of a reassembled PDU]"
"4967","28.777046458","192.168.1.2","192.168.1.55","TCP","66","49834  >  8004 [ACK] Seq=144 Ack=105894 Win=84992 Len=0 TSval=3045552628 TSecr=2916032851"
"4968","28.780056166","192.168.1.2","192.168.1.55","TCP","66","49834  >  8004 [ACK] Seq=144 Ack=120374 Win=105472 Len=0 TSval=3045552633 TSecr=2916032853"
"4969","28.780078963","192.168.1.55","192.168.1.2","TCP","1514","8004  >  49834 [ACK] Seq=189878 Ack=144 Win=65024 Len=1448 TSval=2916032860 TSecr=3045552633 [TCP segment of a reassembled PDU]"
"4970","28.780081407","192.168.1.55","192.168.1.2","TCP","1514","8004  >  49834 [ACK] Seq=191326 Ack=144 Win=65024 Len=1448 TSval=2916032860 TSecr=3045552633 [TCP segment of a reassembled PDU]"
"4971","28.780082333","192.168.1.55","192.168.1.2","TCP","1514","8004  >  49834 [ACK] Seq=192774 Ack=144 Win=65024 Len=1448 TSval=2916032860 TSecr=3045552633 [TCP segment of a reassembled PDU]"
"4972","28.780083352","192.168.1.55","192.168.1.2","TCP","1514","8004  >  49834 [ACK] Seq=194222 Ack=144 Win=65024 Len=1448 TSval=2916032860 TSecr=3045552633 [TCP segment of a reassembled PDU]"
"4973","28.780084296","192.168.1.55","192.168.1.2","TCP","1514","8004  >  49834 [ACK] Seq=195670 Ack=144 Win=65024 Len=1448 TSval=2916032860 TSecr=3045552633 [TCP segment of a reassembled PDU]"
"4974","28.780085259","192.168.1.55","192.168.1.2","TCP","1514","8004  >  49834 [ACK] Seq=197118 Ack=144 Win=65024 Len=1448 TSval=2916032860 TSecr=3045552633 [TCP segment of a reassembled PDU]"
"4975","28.780086222","192.168.1.55","192.168.1.2","TCP","1514","8004  >  49834 [ACK] Seq=198566 Ack=144 Win=65024 Len=1448 TSval=2916032860 TSecr=3045552633 [TCP segment of a reassembled PDU]"
"4976","28.780087278","192.168.1.55","192.168.1.2","TCP","1514","8004  >  49834 [ACK] Seq=200014 Ack=144 Win=65024 Len=1448 TSval=2916032860 TSecr=3045552633 [TCP segment of a reassembled PDU]"
"4977","28.780088185","192.168.1.55","192.168.1.2","TCP","1514","8004  >  49834 [ACK] Seq=201462 Ack=144 Win=65024 Len=1448 TSval=2916032860 TSecr=3045552633 [TCP segment of a reassembled PDU]"
"4978","28.780089370","192.168.1.55","192.168.1.2","TCP","1514","8004  >  49834 [ACK] Seq=202910 Ack=144 Win=65024 Len=1448 TSval=2916032860 TSecr=3045552633 [TCP segment of a reassembled PDU]"
"4979","28.780090407","192.168.1.55","192.168.1.2","TCP","1514","8004  >  49834 [ACK] Seq=204358 Ack=144 Win=65024 Len=1448 TSval=2916032860 TSecr=3045552633 [TCP segment of a reassembled PDU]"
"4980","28.780091444","192.168.1.55","192.168.1.2","TCP","1514","8004  >  49834 [ACK] Seq=205806 Ack=144 Win=65024 Len=1448 TSval=2916032860 TSecr=3045552633 [TCP segment of a reassembled PDU]"
"4981","28.780092389","192.168.1.55","192.168.1.2","TCP","1514","8004  >  49834 [ACK] Seq=207254 Ack=144 Win=65024 Len=1448 TSval=2916032860 TSecr=3045552633 [TCP segment of a reassembled PDU]"
"4982","28.780093278","192.168.1.55","192.168.1.2","TCP","1514","8004  >  49834 [PSH, ACK] Seq=208702 Ack=144 Win=65024 Len=1448 TSval=2916032860 TSecr=3045552633 [TCP segment of a reassembled PDU]"
"4983","28.780694093","192.168.1.2","192.168.1.55","TCP","66","49834  >  8004 [ACK] Seq=144 Ack=136302 Win=105472 Len=0 TSval=3045552633 TSecr=2916032853"
"4984","28.780703501","192.168.1.2","192.168.1.55","TCP","66","49834  >  8004 [ACK] Seq=144 Ack=145542 Win=112640 Len=0 TSval=3045552633 TSecr=2916032853"
"4985","28.780734686","192.168.1.55","192.168.1.2","TCP","1514","8004  >  49834 [ACK] Seq=210150 Ack=144 Win=65024 Len=1448 TSval=2916032861 TSecr=3045552633 [TCP segment of a reassembled PDU]"
"4986","28.780736501","192.168.1.55","192.168.1.2","TCP","1514","8004  >  49834 [ACK] Seq=211598 Ack=144 Win=65024 Len=1448 TSval=2916032861 TSecr=3045552633 [TCP segment of a reassembled PDU]"
"4987","28.780737630","192.168.1.55","192.168.1.2","TCP","1514","8004  >  49834 [ACK] Seq=213046 Ack=144 Win=65024 Len=1448 TSval=2916032861 TSecr=3045552633 [TCP segment of a reassembled PDU]"
"4988","28.780739038","192.168.1.55","192.168.1.2","TCP","1514","8004  >  49834 [ACK] Seq=214494 Ack=144 Win=65024 Len=1448 TSval=2916032861 TSecr=3045552633 [TCP segment of a reassembled PDU]"
"4989","28.780739964","192.168.1.55","192.168.1.2","TCP","1514","8004  >  49834 [ACK] Seq=215942 Ack=144 Win=65024 Len=1448 TSval=2916032861 TSecr=3045552633 [TCP segment of a reassembled PDU]"
"4990","28.780740964","192.168.1.55","192.168.1.2","TCP","1514","8004  >  49834 [ACK] Seq=217390 Ack=144 Win=65024 Len=1448 TSval=2916032861 TSecr=3045552633 [TCP segment of a reassembled PDU]"
"4991","28.780742019","192.168.1.55","192.168.1.2","TCP","1514","8004  >  49834 [ACK] Seq=218838 Ack=144 Win=65024 Len=1448 TSval=2916032861 TSecr=3045552633 [TCP segment of a reassembled PDU]"
"4992","28.780743019","192.168.1.55","192.168.1.2","TCP","1514","8004  >  49834 [ACK] Seq=220286 Ack=144 Win=65024 Len=1448 TSval=2916032861 TSecr=3045552633 [TCP segment of a reassembled PDU]"
"4993","28.780744038","192.168.1.55","192.168.1.2","TCP","1514","8004  >  49834 [ACK] Seq=221734 Ack=144 Win=65024 Len=1448 TSval=2916032861 TSecr=3045552633 [TCP segment of a reassembled PDU]"
"4994","28.780745038","192.168.1.55","192.168.1.2","TCP","1514","8004  >  49834 [ACK] Seq=223182 Ack=144 Win=65024 Len=1448 TSval=2916032861 TSecr=3045552633 [TCP segment of a reassembled PDU]"
"4995","28.780746038","192.168.1.55","192.168.1.2","TCP","1514","8004  >  49834 [ACK] Seq=224630 Ack=144 Win=65024 Len=1448 TSval=2916032861 TSecr=3045552633 [TCP segment of a reassembled PDU]"
"4996","28.780747149","192.168.1.55","192.168.1.2","TCP","1514","8004  >  49834 [ACK] Seq=226078 Ack=144 Win=65024 Len=1448 TSval=2916032861 TSecr=3045552633 [TCP segment of a reassembled PDU]"
"4997","28.780748149","192.168.1.55","192.168.1.2","TCP","1514","8004  >  49834 [ACK] Seq=227526 Ack=144 Win=65024 Len=1448 TSval=2916032861 TSecr=3045552633 [TCP segment of a reassembled PDU]"
"4998","28.780749297","192.168.1.55","192.168.1.2","TCP","1514","8004  >  49834 [ACK] Seq=228974 Ack=144 Win=65024 Len=1448 TSval=2916032861 TSecr=3045552633 [TCP segment of a reassembled PDU]"
"4999","28.780750223","192.168.1.55","192.168.1.2","TCP","1514","8004  >  49834 [ACK] Seq=230422 Ack=144 Win=65024 Len=1448 TSval=2916032861 TSecr=3045552633 [TCP segment of a reassembled PDU]"
"5000","28.780751316","192.168.1.55","192.168.1.2","TCP","1514","8004  >  49834 [ACK] Seq=231870 Ack=144 Win=65024 Len=1448 TSval=2916032861 TSecr=3045552633 [TCP segment of a reassembled PDU]"
"5001","28.780752334","192.168.1.55","192.168.1.2","TCP","1514","8004  >  49834 [ACK] Seq=233318 Ack=144 Win=65024 Len=1448 TSval=2916032861 TSecr=3045552633 [TCP segment of a reassembled PDU]"
"5002","28.780753779","192.168.1.55","192.168.1.2","TCP","1514","8004  >  49834 [ACK] Seq=234766 Ack=144 Win=65024 Len=1448 TSval=2916032861 TSecr=3045552633 [TCP segment of a reassembled PDU]"
"5003","28.780754964","192.168.1.55","192.168.1.2","TCP","1514","8004  >  49834 [ACK] Seq=236214 Ack=144 Win=65024 Len=1448 TSval=2916032861 TSecr=3045552633 [TCP segment of a reassembled PDU]"
"5004","28.780755964","192.168.1.55","192.168.1.2","TCP","1514","8004  >  49834 [ACK] Seq=237662 Ack=144 Win=65024 Len=1448 TSval=2916032861 TSecr=3045552633 [TCP segment of a reassembled PDU]"
"5005","28.780757112","192.168.1.55","192.168.1.2","TCP","1514","8004  >  49834 [ACK] Seq=239110 Ack=144 Win=65024 Len=1448 TSval=2916032861 TSecr=3045552633 [TCP segment of a reassembled PDU]"
"5006","28.780758093","192.168.1.55","192.168.1.2","TCP","1514","8004  >  49834 [ACK] Seq=240558 Ack=144 Win=65024 Len=1448 TSval=2916032861 TSecr=3045552633 [TCP segment of a reassembled PDU]"
"5007","28.780759093","192.168.1.55","192.168.1.2","TCP","1514","8004  >  49834 [ACK] Seq=242006 Ack=144 Win=65024 Len=1448 TSval=2916032861 TSecr=3045552633 [TCP segment of a reassembled PDU]"
"5008","28.780760093","192.168.1.55","192.168.1.2","TCP","1514","8004  >  49834 [ACK] Seq=243454 Ack=144 Win=65024 Len=1448 TSval=2916032861 TSecr=3045552633 [TCP segment of a reassembled PDU]"
"5009","28.780761093","192.168.1.55","192.168.1.2","TCP","1514","8004  >  49834 [ACK] Seq=244902 Ack=144 Win=65024 Len=1448 TSval=2916032861 TSecr=3045552633 [TCP segment of a reassembled PDU]"
"5010","28.780762149","192.168.1.55","192.168.1.2","TCP","1514","8004  >  49834 [ACK] Seq=246350 Ack=144 Win=65024 Len=1448 TSval=2916032861 TSecr=3045552633 [TCP segment of a reassembled PDU]"
"5011","28.780763464","192.168.1.55","192.168.1.2","TCP","1514","8004  >  49834 [ACK] Seq=247798 Ack=144 Win=65024 Len=1448 TSval=2916032861 TSecr=3045552633 [TCP segment of a reassembled PDU]"
"5012","28.780764797","192.168.1.55","192.168.1.2","TCP","1514","8004  >  49834 [ACK] Seq=249246 Ack=144 Win=65024 Len=1448 TSval=2916032861 TSecr=3045552633 [TCP segment of a reassembled PDU]"
"5013","28.780765816","192.168.1.55","192.168.1.2","TCP","1514","8004  >  49834 [ACK] Seq=250694 Ack=144 Win=65024 Len=1448 TSval=2916032861 TSecr=3045552633 [TCP segment of a reassembled PDU]"
"5014","28.780766945","192.168.1.55","192.168.1.2","TCP","1514","8004  >  49834 [ACK] Seq=252142 Ack=144 Win=65024 Len=1448 TSval=2916032861 TSecr=3045552633 [TCP segment of a reassembled PDU]"
"5015","28.780768519","192.168.1.55","192.168.1.2","TCP","1514","8004  >  49834 [ACK] Seq=253590 Ack=144 Win=65024 Len=1448 TSval=2916032861 TSecr=3045552633 [TCP segment of a reassembled PDU]"
"5016","28.780769538","192.168.1.55","192.168.1.2","TCP","1514","8004  >  49834 [PSH, ACK] Seq=255038 Ack=144 Win=65024 Len=1448 TSval=2916032861 TSecr=3045552633 [TCP segment of a reassembled PDU]"
"5017","28.780773630","192.168.1.2","192.168.1.55","TCP","66","49834  >  8004 [ACK] Seq=144 Ack=155678 Win=103424 Len=0 TSval=3045552633 TSecr=2916032853"
"5018","28.784890618","192.168.1.2","192.168.1.55","TCP","66","49834  >  8004 [ACK] Seq=144 Ack=162918 Win=112640 Len=0 TSval=3045552636 TSecr=2916032853"
"5019","28.784937230","192.168.1.55","192.168.1.2","TCP","1514","8004  >  49834 [ACK] Seq=256486 Ack=144 Win=65024 Len=1448 TSval=2916032865 TSecr=3045552636 [TCP segment of a reassembled PDU]"
"5020","28.784942841","192.168.1.55","192.168.1.2","TCP","1514","8004  >  49834 [ACK] Seq=257934 Ack=144 Win=65024 Len=1448 TSval=2916032865 TSecr=3045552636 [TCP segment of a reassembled PDU]"
"5021","28.784943970","192.168.1.55","192.168.1.2","TCP","1514","8004  >  49834 [ACK] Seq=259382 Ack=144 Win=65024 Len=1448 TSval=2916032865 TSecr=3045552636 [TCP segment of a reassembled PDU]"
"5022","28.784945063","192.168.1.55","192.168.1.2","TCP","1514","8004  >  49834 [ACK] Seq=260830 Ack=144 Win=65024 Len=1448 TSval=2916032865 TSecr=3045552636 [TCP segment of a reassembled PDU]"
"5023","28.784946267","192.168.1.55","192.168.1.2","TCP","1514","8004  >  49834 [ACK] Seq=262278 Ack=144 Win=65024 Len=1448 TSval=2916032865 TSecr=3045552636 [TCP segment of a reassembled PDU]"
"5024","28.784947248","192.168.1.55","192.168.1.2","TCP","1514","8004  >  49834 [ACK] Seq=263726 Ack=144 Win=65024 Len=1448 TSval=2916032865 TSecr=3045552636 [TCP segment of a reassembled PDU]"
"5025","28.784948304","192.168.1.55","192.168.1.2","TCP","1514","8004  >  49834 [ACK] Seq=265174 Ack=144 Win=65024 Len=1448 TSval=2916032865 TSecr=3045552636 [TCP segment of a reassembled PDU]"
"5026","28.784949248","192.168.1.55","192.168.1.2","TCP","1514","8004  >  49834 [ACK] Seq=266622 Ack=144 Win=65024 Len=1448 TSval=2916032865 TSecr=3045552636 [TCP segment of a reassembled PDU]"
"5027","28.784950137","192.168.1.55","192.168.1.2","TCP","1514","8004  >  49834 [ACK] Seq=268070 Ack=144 Win=65024 Len=1448 TSval=2916032865 TSecr=3045552636 [TCP segment of a reassembled PDU]"
"5028","28.784951137","192.168.1.55","192.168.1.2","TCP","1514","8004  >  49834 [ACK] Seq=269518 Ack=144 Win=65024 Len=1448 TSval=2916032865 TSecr=3045552636 [TCP segment of a reassembled PDU]"
"5029","28.784952137","192.168.1.55","192.168.1.2","TCP","1514","8004  >  49834 [ACK] Seq=270966 Ack=144 Win=65024 Len=1448 TSval=2916032865 TSecr=3045552636 [TCP segment of a reassembled PDU]"
"5030","28.784953230","192.168.1.55","192.168.1.2","TCP","1514","8004  >  49834 [ACK] Seq=272414 Ack=144 Win=65024 Len=1448 TSval=2916032865 TSecr=3045552636 [TCP segment of a reassembled PDU]"
"5031","28.784954248","192.168.1.55","192.168.1.2","TCP","1514","8004  >  49834 [PSH, ACK] Seq=273862 Ack=144 Win=65024 Len=1448 TSval=2916032865 TSecr=3045552636 [TCP segment of a reassembled PDU]"
"5032","28.785003378","192.168.1.2","192.168.1.55","TCP","66","49834  >  8004 [ACK] Seq=144 Ack=179742 Win=96256 Len=0 TSval=3045552636 TSecr=2916032853"
"5033","28.785013804","192.168.1.2","192.168.1.55","TCP","66","49834  >  8004 [ACK] Seq=144 Ack=186982 Win=89088 Len=0 TSval=3045552636 TSecr=2916032857"
"5034","28.787079344","192.168.1.2","192.168.1.55","TCP","66","49834  >  8004 [ACK] Seq=144 Ack=189878 Win=115712 Len=0 TSval=3045552641 TSecr=2916032857"
"5035","28.787105696","192.168.1.55","192.168.1.2","TCP","1514","8004  >  49834 [ACK] Seq=275310 Ack=144 Win=65024 Len=1448 TSval=2916032867 TSecr=3045552641 [TCP segment of a reassembled PDU]"
"5036","28.787108066","192.168.1.55","192.168.1.2","TCP","1514","8004  >  49834 [ACK] Seq=276758 Ack=144 Win=65024 Len=1448 TSval=2916032867 TSecr=3045552641 [TCP segment of a reassembled PDU]"
"5037","28.787109733","192.168.1.55","192.168.1.2","TCP","1514","8004  >  49834 [ACK] Seq=278206 Ack=144 Win=65024 Len=1448 TSval=2916032867 TSecr=3045552641 [TCP segment of a reassembled PDU]"
"5038","28.787110714","192.168.1.55","192.168.1.2","TCP","1514","8004  >  49834 [ACK] Seq=279654 Ack=144 Win=65024 Len=1448 TSval=2916032867 TSecr=3045552641 [TCP segment of a reassembled PDU]"
"5039","28.787111622","192.168.1.55","192.168.1.2","TCP","1514","8004  >  49834 [ACK] Seq=281102 Ack=144 Win=65024 Len=1448 TSval=2916032867 TSecr=3045552641 [TCP segment of a reassembled PDU]"
"5040","28.787112640","192.168.1.55","192.168.1.2","TCP","1514","8004  >  49834 [ACK] Seq=282550 Ack=144 Win=65024 Len=1448 TSval=2916032867 TSecr=3045552641 [TCP segment of a reassembled PDU]"
"5041","28.787113640","192.168.1.55","192.168.1.2","TCP","1514","8004  >  49834 [ACK] Seq=283998 Ack=144 Win=65024 Len=1448 TSval=2916032867 TSecr=3045552641 [TCP segment of a reassembled PDU]"
"5042","28.787114566","192.168.1.55","192.168.1.2","TCP","1514","8004  >  49834 [ACK] Seq=285446 Ack=144 Win=65024 Len=1448 TSval=2916032867 TSecr=3045552641 [TCP segment of a reassembled PDU]"
"5043","28.787115566","192.168.1.55","192.168.1.2","TCP","1514","8004  >  49834 [ACK] Seq=286894 Ack=144 Win=65024 Len=1448 TSval=2916032867 TSecr=3045552641 [TCP segment of a reassembled PDU]"
"5044","28.787116474","192.168.1.55","192.168.1.2","TCP","1514","8004  >  49834 [ACK] Seq=288342 Ack=144 Win=65024 Len=1448 TSval=2916032867 TSecr=3045552641 [TCP segment of a reassembled PDU]"
"5045","28.787117566","192.168.1.55","192.168.1.2","TCP","1514","8004  >  49834 [ACK] Seq=289790 Ack=144 Win=65024 Len=1448 TSval=2916032867 TSecr=3045552641 [TCP segment of a reassembled PDU]"
"5046","28.787118474","192.168.1.55","192.168.1.2","TCP","1514","8004  >  49834 [ACK] Seq=291238 Ack=144 Win=65024 Len=1448 TSval=2916032867 TSecr=3045552641 [TCP segment of a reassembled PDU]"
"5047","28.787119492","192.168.1.55","192.168.1.2","TCP","1514","8004  >  49834 [ACK] Seq=292686 Ack=144 Win=65024 Len=1448 TSval=2916032867 TSecr=3045552641 [TCP segment of a reassembled PDU]"
"5048","28.787120844","192.168.1.55","192.168.1.2","TCP","1514","8004  >  49834 [ACK] Seq=294134 Ack=144 Win=65024 Len=1448 TSval=2916032867 TSecr=3045552641 [TCP segment of a reassembled PDU]"
"5049","28.787121714","192.168.1.55","192.168.1.2","TCP","1514","8004  >  49834 [ACK] Seq=295582 Ack=144 Win=65024 Len=1448 TSval=2916032867 TSecr=3045552641 [TCP segment of a reassembled PDU]"
"5050","28.787122714","192.168.1.55","192.168.1.2","TCP","1514","8004  >  49834 [ACK] Seq=297030 Ack=144 Win=65024 Len=1448 TSval=2916032867 TSecr=3045552641 [TCP segment of a reassembled PDU]"
"5051","28.787124048","192.168.1.55","192.168.1.2","TCP","1514","8004  >  49834 [ACK] Seq=298478 Ack=144 Win=65024 Len=1448 TSval=2916032867 TSecr=3045552641 [TCP segment of a reassembled PDU]"
"5052","28.787124992","192.168.1.55","192.168.1.2","TCP","1514","8004  >  49834 [ACK] Seq=299926 Ack=144 Win=65024 Len=1448 TSval=2916032867 TSecr=3045552641 [TCP segment of a reassembled PDU]"
"5053","28.787133529","192.168.1.55","192.168.1.2","TCP","1514","8004  >  49834 [PSH, ACK] Seq=301374 Ack=144 Win=65024 Len=1448 TSval=2916032867 TSecr=3045552641 [TCP segment of a reassembled PDU]"
"5054","28.788043438","192.168.1.2","192.168.1.55","TCP","66","49834  >  8004 [ACK] Seq=144 Ack=210150 Win=115712 Len=0 TSval=3045552641 TSecr=2916032860"
"5055","28.788060031","192.168.1.2","192.168.1.55","TCP","78","[TCP Dup ACK 5054#1] 49834  >  8004 [ACK] Seq=144 Ack=210150 Win=115712 Len=0 TSval=3045552641 TSecr=2916032860 SLE=189878 SRE=191326"
"5056","28.788065623","192.168.1.2","192.168.1.55","TCP","66","49834  >  8004 [ACK] Seq=144 Ack=231870 Win=114688 Len=0 TSval=3045552641 TSecr=2916032861"
"5057","28.788105660","192.168.1.55","192.168.1.2","TCP","1514","8004  >  49834 [ACK] Seq=302822 Ack=144 Win=65024 Len=1448 TSval=2916032868 TSecr=3045552641 [TCP segment of a reassembled PDU]"
"5058","28.788109160","192.168.1.55","192.168.1.2","TCP","1514","8004  >  49834 [ACK] Seq=304270 Ack=144 Win=65024 Len=1448 TSval=2916032868 TSecr=3045552641 [TCP segment of a reassembled PDU]"
"5059","28.788110105","192.168.1.55","192.168.1.2","TCP","1514","8004  >  49834 [ACK] Seq=305718 Ack=144 Win=65024 Len=1448 TSval=2916032868 TSecr=3045552641 [TCP segment of a reassembled PDU]"
"5060","28.788111179","192.168.1.55","192.168.1.2","TCP","1514","8004  >  49834 [ACK] Seq=307166 Ack=144 Win=65024 Len=1448 TSval=2916032868 TSecr=3045552641 [TCP segment of a reassembled PDU]"
"5061","28.788112309","192.168.1.55","192.168.1.2","TCP","1514","8004  >  49834 [ACK] Seq=308614 Ack=144 Win=65024 Len=1448 TSval=2916032868 TSecr=3045552641 [TCP segment of a reassembled PDU]"
"5062","28.788114123","192.168.1.55","192.168.1.2","TCP","1514","8004  >  49834 [ACK] Seq=310062 Ack=144 Win=65024 Len=1448 TSval=2916032868 TSecr=3045552641 [TCP segment of a reassembled PDU]"
"5063","28.788115494","192.168.1.55","192.168.1.2","TCP","1514","8004  >  49834 [ACK] Seq=311510 Ack=144 Win=65024 Len=1448 TSval=2916032868 TSecr=3045552641 [TCP segment of a reassembled PDU]"
"5064","28.788116938","192.168.1.55","192.168.1.2","TCP","1514","8004  >  49834 [ACK] Seq=312958 Ack=144 Win=65024 Len=1448 TSval=2916032868 TSecr=3045552641 [TCP segment of a reassembled PDU]"
"5065","28.788117920","192.168.1.55","192.168.1.2","TCP","1514","8004  >  49834 [ACK] Seq=314406 Ack=144 Win=65024 Len=1448 TSval=2916032868 TSecr=3045552641 [TCP segment of a reassembled PDU]"
"5066","28.788119031","192.168.1.55","192.168.1.2","TCP","1514","8004  >  49834 [ACK] Seq=315854 Ack=144 Win=65024 Len=1448 TSval=2916032868 TSecr=3045552641 [TCP segment of a reassembled PDU]"
"5067","28.788119994","192.168.1.55","192.168.1.2","TCP","1514","8004  >  49834 [ACK] Seq=317302 Ack=144 Win=65024 Len=1448 TSval=2916032868 TSecr=3045552641 [TCP segment of a reassembled PDU]"
"5068","28.788121105","192.168.1.55","192.168.1.2","TCP","1514","8004  >  49834 [ACK] Seq=318750 Ack=144 Win=65024 Len=1448 TSval=2916032868 TSecr=3045552641 [TCP segment of a reassembled PDU]"
"5069","28.788122123","192.168.1.55","192.168.1.2","TCP","1514","8004  >  49834 [ACK] Seq=320198 Ack=144 Win=65024 Len=1448 TSval=2916032868 TSecr=3045552641 [TCP segment of a reassembled PDU]"
"5070","28.788123142","192.168.1.55","192.168.1.2","TCP","1514","8004  >  49834 [ACK] Seq=321646 Ack=144 Win=65024 Len=1448 TSval=2916032868 TSecr=3045552641 [TCP segment of a reassembled PDU]"
"5071","28.788124290","192.168.1.55","192.168.1.2","TCP","1514","8004  >  49834 [ACK] Seq=323094 Ack=144 Win=65024 Len=1448 TSval=2916032868 TSecr=3045552641 [TCP segment of a reassembled PDU]"
"5072","28.788125383","192.168.1.55","192.168.1.2","TCP","1514","8004  >  49834 [ACK] Seq=324542 Ack=144 Win=65024 Len=1448 TSval=2916032868 TSecr=3045552641 [TCP segment of a reassembled PDU]"
"5073","28.788126383","192.168.1.55","192.168.1.2","TCP","1514","8004  >  49834 [ACK] Seq=325990 Ack=144 Win=65024 Len=1448 TSval=2916032868 TSecr=3045552641 [TCP segment of a reassembled PDU]"
"5074","28.788127401","192.168.1.55","192.168.1.2","TCP","1514","8004  >  49834 [ACK] Seq=327438 Ack=144 Win=65024 Len=1448 TSval=2916032868 TSecr=3045552641 [TCP segment of a reassembled PDU]"
"5075","28.788128494","192.168.1.55","192.168.1.2","TCP","1514","8004  >  49834 [ACK] Seq=328886 Ack=144 Win=65024 Len=1448 TSval=2916032868 TSecr=3045552641 [TCP segment of a reassembled PDU]"
"5076","28.788130031","192.168.1.55","192.168.1.2","TCP","1514","8004  >  49834 [ACK] Seq=330334 Ack=144 Win=65024 Len=1448 TSval=2916032868 TSecr=3045552641 [TCP segment of a reassembled PDU]"
"5077","28.788131512","192.168.1.55","192.168.1.2","TCP","1514","8004  >  49834 [ACK] Seq=331782 Ack=144 Win=65024 Len=1448 TSval=2916032868 TSecr=3045552641 [TCP segment of a reassembled PDU]"
"5078","28.788132549","192.168.1.55","192.168.1.2","TCP","1514","8004  >  49834 [ACK] Seq=333230 Ack=144 Win=65024 Len=1448 TSval=2916032868 TSecr=3045552641 [TCP segment of a reassembled PDU]"
"5079","28.788133494","192.168.1.55","192.168.1.2","TCP","1514","8004  >  49834 [ACK] Seq=334678 Ack=144 Win=65024 Len=1448 TSval=2916032868 TSecr=3045552641 [TCP segment of a reassembled PDU]"
"5080","28.788134457","192.168.1.55","192.168.1.2","TCP","1514","8004  >  49834 [ACK] Seq=336126 Ack=144 Win=65024 Len=1448 TSval=2916032868 TSecr=3045552641 [TCP segment of a reassembled PDU]"
"5081","28.788135605","192.168.1.55","192.168.1.2","TCP","1514","8004  >  49834 [ACK] Seq=337574 Ack=144 Win=65024 Len=1448 TSval=2916032868 TSecr=3045552641 [TCP segment of a reassembled PDU]"
"5082","28.788136549","192.168.1.55","192.168.1.2","TCP","1514","8004  >  49834 [ACK] Seq=339022 Ack=144 Win=65024 Len=1448 TSval=2916032868 TSecr=3045552641 [TCP segment of a reassembled PDU]"
"5083","28.788137605","192.168.1.55","192.168.1.2","TCP","1514","8004  >  49834 [ACK] Seq=340470 Ack=144 Win=65024 Len=1448 TSval=2916032868 TSecr=3045552641 [TCP segment of a reassembled PDU]"
"5084","28.788138679","192.168.1.55","192.168.1.2","TCP","1514","8004  >  49834 [ACK] Seq=341918 Ack=144 Win=65024 Len=1448 TSval=2916032868 TSecr=3045552641 [TCP segment of a reassembled PDU]"
"5085","28.788139642","192.168.1.55","192.168.1.2","TCP","1514","8004  >  49834 [ACK] Seq=343366 Ack=144 Win=65024 Len=1448 TSval=2916032868 TSecr=3045552641 [TCP segment of a reassembled PDU]"
"5086","28.788140661","192.168.1.55","192.168.1.2","TCP","1514","8004  >  49834 [ACK] Seq=344814 Ack=144 Win=65024 Len=1448 TSval=2916032868 TSecr=3045552641 [TCP segment of a reassembled PDU]"
"5087","28.788141623","192.168.1.55","192.168.1.2","TCP","362","[TCP Window Full] 8004  >  49834 [PSH, ACK] Seq=346262 Ack=144 Win=65024 Len=296 TSval=2916032868 TSecr=3045552641 [TCP segment of a reassembled PDU]"
"5088","28.788146272","192.168.1.2","192.168.1.55","TCP","66","49834  >  8004 [ACK] Seq=144 Ack=256486 Win=90112 Len=0 TSval=3045552641 TSecr=2916032861"
"5089","28.788990847","192.168.1.2","192.168.1.55","TCP","66","49834  >  8004 [ACK] Seq=144 Ack=275310 Win=141312 Len=0 TSval=3045552643 TSecr=2916032865"
"5090","28.789020754","192.168.1.55","192.168.1.2","TCP","1514","8004  >  49834 [ACK] Seq=346558 Ack=144 Win=65024 Len=1448 TSval=2916032869 TSecr=3045552643 [TCP segment of a reassembled PDU]"
"5091","28.789023014","192.168.1.55","192.168.1.2","TCP","1218","8004  >  49834 [PSH, ACK] Seq=348006 Ack=144 Win=65024 Len=1152 TSval=2916032869 TSecr=3045552643 [TCP segment of a reassembled PDU]"
"5092","28.789060903","192.168.1.55","192.168.1.2","TCP","1514","8004  >  49834 [ACK] Seq=349158 Ack=144 Win=65024 Len=1448 TSval=2916032869 TSecr=3045552643 [TCP segment of a reassembled PDU]"
"5093","28.789062069","192.168.1.55","192.168.1.2","TCP","1514","8004  >  49834 [ACK] Seq=350606 Ack=144 Win=65024 Len=1448 TSval=2916032869 TSecr=3045552643 [TCP segment of a reassembled PDU]"
"5094","28.789063106","192.168.1.55","192.168.1.2","TCP","1514","8004  >  49834 [ACK] Seq=352054 Ack=144 Win=65024 Len=1448 TSval=2916032869 TSecr=3045552643 [TCP segment of a reassembled PDU]"
"5095","28.789064162","192.168.1.55","192.168.1.2","TCP","1514","8004  >  49834 [ACK] Seq=353502 Ack=144 Win=65024 Len=1448 TSval=2916032869 TSecr=3045552643 [TCP segment of a reassembled PDU]"
"5096","28.789065162","192.168.1.55","192.168.1.2","TCP","1514","8004  >  49834 [ACK] Seq=354950 Ack=144 Win=65024 Len=1448 TSval=2916032869 TSecr=3045552643 [TCP segment of a reassembled PDU]"
"5097","28.789066236","192.168.1.55","192.168.1.2","TCP","1514","8004  >  49834 [ACK] Seq=356398 Ack=144 Win=65024 Len=1448 TSval=2916032869 TSecr=3045552643 [TCP segment of a reassembled PDU]"
"5098","28.789067680","192.168.1.55","192.168.1.2","TCP","1514","8004  >  49834 [ACK] Seq=357846 Ack=144 Win=65024 Len=1448 TSval=2916032869 TSecr=3045552643 [TCP segment of a reassembled PDU]"
"5099","28.789070014","192.168.1.55","192.168.1.2","TCP","1514","8004  >  49834 [ACK] Seq=359294 Ack=144 Win=65024 Len=1448 TSval=2916032869 TSecr=3045552643 [TCP segment of a reassembled PDU]"
"5100","28.789071125","192.168.1.55","192.168.1.2","TCP","1514","8004  >  49834 [ACK] Seq=360742 Ack=144 Win=65024 Len=1448 TSval=2916032869 TSecr=3045552643 [TCP segment of a reassembled PDU]"
"5101","28.789072403","192.168.1.55","192.168.1.2","TCP","1514","8004  >  49834 [ACK] Seq=362190 Ack=144 Win=65024 Len=1448 TSval=2916032869 TSecr=3045552643 [TCP segment of a reassembled PDU]"
"5102","28.789073421","192.168.1.55","192.168.1.2","TCP","1514","8004  >  49834 [ACK] Seq=363638 Ack=144 Win=65024 Len=1448 TSval=2916032869 TSecr=3045552643 [TCP segment of a reassembled PDU]"
"5103","28.789074421","192.168.1.55","192.168.1.2","TCP","1514","8004  >  49834 [ACK] Seq=365086 Ack=144 Win=65024 Len=1448 TSval=2916032869 TSecr=3045552643 [TCP segment of a reassembled PDU]"
"5104","28.789075514","192.168.1.55","192.168.1.2","TCP","1514","8004  >  49834 [ACK] Seq=366534 Ack=144 Win=65024 Len=1448 TSval=2916032869 TSecr=3045552643 [TCP segment of a reassembled PDU]"
"5105","28.789076755","192.168.1.55","192.168.1.2","TCP","1514","8004  >  49834 [ACK] Seq=367982 Ack=144 Win=65024 Len=1448 TSval=2916032869 TSecr=3045552643 [TCP segment of a reassembled PDU]"
"5106","28.789077958","192.168.1.55","192.168.1.2","TCP","1514","8004  >  49834 [ACK] Seq=369430 Ack=144 Win=65024 Len=1448 TSval=2916032869 TSecr=3045552643 [TCP segment of a reassembled PDU]"
"5107","28.789079014","192.168.1.55","192.168.1.2","TCP","1514","8004  >  49834 [ACK] Seq=370878 Ack=144 Win=65024 Len=1448 TSval=2916032869 TSecr=3045552643 [TCP segment of a reassembled PDU]"
"5108","28.789080458","192.168.1.55","192.168.1.2","TCP","1514","8004  >  49834 [ACK] Seq=372326 Ack=144 Win=65024 Len=1448 TSval=2916032869 TSecr=3045552643 [TCP segment of a reassembled PDU]"
"5109","28.789081458","192.168.1.55","192.168.1.2","TCP","1514","8004  >  49834 [ACK] Seq=373774 Ack=144 Win=65024 Len=1448 TSval=2916032869 TSecr=3045552643 [TCP segment of a reassembled PDU]"
"5110","28.789082551","192.168.1.55","192.168.1.2","TCP","1514","8004  >  49834 [ACK] Seq=375222 Ack=144 Win=65024 Len=1448 TSval=2916032869 TSecr=3045552643 [TCP segment of a reassembled PDU]"
"5111","28.789083588","192.168.1.55","192.168.1.2","TCP","1514","8004  >  49834 [ACK] Seq=376670 Ack=144 Win=65024 Len=1448 TSval=2916032869 TSecr=3045552643 [TCP segment of a reassembled PDU]"
"5112","28.789084569","192.168.1.55","192.168.1.2","TCP","1514","8004  >  49834 [ACK] Seq=378118 Ack=144 Win=65024 Len=1448 TSval=2916032869 TSecr=3045552643 [TCP segment of a reassembled PDU]"
"5113","28.789085903","192.168.1.55","192.168.1.2","TCP","1514","8004  >  49834 [ACK] Seq=379566 Ack=144 Win=65024 Len=1448 TSval=2916032869 TSecr=3045552643 [TCP segment of a reassembled PDU]"
"5114","28.789086995","192.168.1.55","192.168.1.2","TCP","1514","8004  >  49834 [ACK] Seq=381014 Ack=144 Win=65024 Len=1448 TSval=2916032869 TSecr=3045552643 [TCP segment of a reassembled PDU]"
"5115","28.789087958","192.168.1.55","192.168.1.2","TCP","1514","8004  >  49834 [ACK] Seq=382462 Ack=144 Win=65024 Len=1448 TSval=2916032869 TSecr=3045552643 [TCP segment of a reassembled PDU]"
"5116","28.789089236","192.168.1.55","192.168.1.2","TCP","1514","8004  >  49834 [ACK] Seq=383910 Ack=144 Win=65024 Len=1448 TSval=2916032869 TSecr=3045552643 [TCP segment of a reassembled PDU]"
"5117","28.789090403","192.168.1.55","192.168.1.2","TCP","1514","8004  >  49834 [ACK] Seq=385358 Ack=144 Win=65024 Len=1448 TSval=2916032869 TSecr=3045552643 [TCP segment of a reassembled PDU]"
"5118","28.789091403","192.168.1.55","192.168.1.2","TCP","1514","8004  >  49834 [ACK] Seq=386806 Ack=144 Win=65024 Len=1448 TSval=2916032869 TSecr=3045552643 [TCP segment of a reassembled PDU]"
"5119","28.789092569","192.168.1.55","192.168.1.2","TCP","1514","8004  >  49834 [ACK] Seq=388254 Ack=144 Win=65024 Len=1448 TSval=2916032869 TSecr=3045552643 [TCP segment of a reassembled PDU]"
"5120","28.789093699","192.168.1.55","192.168.1.2","TCP","1514","8004  >  49834 [ACK] Seq=389702 Ack=144 Win=65024 Len=1448 TSval=2916032869 TSecr=3045552643 [TCP segment of a reassembled PDU]"
"5121","28.789094699","192.168.1.55","192.168.1.2","TCP","1514","8004  >  49834 [ACK] Seq=391150 Ack=144 Win=65024 Len=1448 TSval=2916032869 TSecr=3045552643 [TCP segment of a reassembled PDU]"
"5122","28.789095681","192.168.1.55","192.168.1.2","TCP","1514","8004  >  49834 [ACK] Seq=392598 Ack=144 Win=65024 Len=1448 TSval=2916032869 TSecr=3045552643 [TCP segment of a reassembled PDU]"
"5123","28.789096736","192.168.1.55","192.168.1.2","TCP","1514","8004  >  49834 [PSH, ACK] Seq=394046 Ack=144 Win=65024 Len=1448 TSval=2916032869 TSecr=3045552643 [TCP segment of a reassembled PDU]"
"5124","28.789112532","192.168.1.55","192.168.1.2","TCP","1514","8004  >  49834 [ACK] Seq=395494 Ack=144 Win=65024 Len=1448 TSval=2916032869 TSecr=3045552643 [TCP segment of a reassembled PDU]"
"5125","28.789113681","192.168.1.55","192.168.1.2","TCP","1514","8004  >  49834 [ACK] Seq=396942 Ack=144 Win=65024 Len=1448 TSval=2916032869 TSecr=3045552643 [TCP segment of a reassembled PDU]"
"5126","28.789114569","192.168.1.55","192.168.1.2","TCP","1514","8004  >  49834 [ACK] Seq=398390 Ack=144 Win=65024 Len=1448 TSval=2916032869 TSecr=3045552643 [TCP segment of a reassembled PDU]"
"5127","28.789115588","192.168.1.55","192.168.1.2","TCP","1514","8004  >  49834 [ACK] Seq=399838 Ack=144 Win=65024 Len=1448 TSval=2916032869 TSecr=3045552643 [TCP segment of a reassembled PDU]"
"5128","28.789116514","192.168.1.55","192.168.1.2","TCP","1514","8004  >  49834 [ACK] Seq=401286 Ack=144 Win=65024 Len=1448 TSval=2916032869 TSecr=3045552643 [TCP segment of a reassembled PDU]"
"5129","28.789117495","192.168.1.55","192.168.1.2","TCP","1514","8004  >  49834 [ACK] Seq=402734 Ack=144 Win=65024 Len=1448 TSval=2916032869 TSecr=3045552643 [TCP segment of a reassembled PDU]"
"5130","28.789118440","192.168.1.55","192.168.1.2","TCP","1514","8004  >  49834 [ACK] Seq=404182 Ack=144 Win=65024 Len=1448 TSval=2916032869 TSecr=3045552643 [TCP segment of a reassembled PDU]"
"5131","28.789119699","192.168.1.55","192.168.1.2","TCP","1514","8004  >  49834 [ACK] Seq=405630 Ack=144 Win=65024 Len=1448 TSval=2916032869 TSecr=3045552643 [TCP segment of a reassembled PDU]"
"5132","28.789120699","192.168.1.55","192.168.1.2","TCP","1514","8004  >  49834 [ACK] Seq=407078 Ack=144 Win=65024 Len=1448 TSval=2916032869 TSecr=3045552643 [TCP segment of a reassembled PDU]"
"5133","28.789121736","192.168.1.55","192.168.1.2","TCP","1514","8004  >  49834 [ACK] Seq=408526 Ack=144 Win=65024 Len=1448 TSval=2916032869 TSecr=3045552643 [TCP segment of a reassembled PDU]"
"5134","28.789122644","192.168.1.55","192.168.1.2","TCP","1514","8004  >  49834 [ACK] Seq=409974 Ack=144 Win=65024 Len=1448 TSval=2916032869 TSecr=3045552643 [TCP segment of a reassembled PDU]"
"5135","28.789124144","192.168.1.55","192.168.1.2","TCP","1514","8004  >  49834 [ACK] Seq=411422 Ack=144 Win=65024 Len=1448 TSval=2916032869 TSecr=3045552643 [TCP segment of a reassembled PDU]"
"5136","28.789125181","192.168.1.55","192.168.1.2","TCP","1514","8004  >  49834 [ACK] Seq=412870 Ack=144 Win=65024 Len=1448 TSval=2916032869 TSecr=3045552643 [TCP segment of a reassembled PDU]"
"5137","28.789126310","192.168.1.55","192.168.1.2","TCP","1514","8004  >  49834 [PSH, ACK] Seq=414318 Ack=144 Win=65024 Len=1448 TSval=2916032869 TSecr=3045552643 [TCP segment of a reassembled PDU]"
"5138","28.796166877","192.168.1.2","192.168.1.55","TCP","66","49834  >  8004 [ACK] Seq=144 Ack=285446 Win=149504 Len=0 TSval=3045552650 TSecr=2916032867"
"5139","28.796258155","192.168.1.55","192.168.1.2","TCP","1514","8004  >  49834 [ACK] Seq=415766 Ack=144 Win=65024 Len=1448 TSval=2916032876 TSecr=3045552650 [TCP segment of a reassembled PDU]"
"5140","28.796266414","192.168.1.55","192.168.1.2","TCP","1514","8004  >  49834 [ACK] Seq=417214 Ack=144 Win=65024 Len=1448 TSval=2916032876 TSecr=3045552650 [TCP segment of a reassembled PDU]"
"5141","28.796267544","192.168.1.55","192.168.1.2","TCP","1514","8004  >  49834 [ACK] Seq=418662 Ack=144 Win=65024 Len=1448 TSval=2916032876 TSecr=3045552650 [TCP segment of a reassembled PDU]"
"5142","28.796268729","192.168.1.55","192.168.1.2","TCP","1514","8004  >  49834 [ACK] Seq=420110 Ack=144 Win=65024 Len=1448 TSval=2916032876 TSecr=3045552650 [TCP segment of a reassembled PDU]"
"5143","28.796270358","192.168.1.55","192.168.1.2","TCP","1514","8004  >  49834 [ACK] Seq=421558 Ack=144 Win=65024 Len=1448 TSval=2916032876 TSecr=3045552650 [TCP segment of a reassembled PDU]"
"5144","28.796271599","192.168.1.55","192.168.1.2","TCP","1514","8004  >  49834 [ACK] Seq=423006 Ack=144 Win=65024 Len=1448 TSval=2916032876 TSecr=3045552650 [TCP segment of a reassembled PDU]"
"5145","28.796273099","192.168.1.55","192.168.1.2","TCP","1514","8004  >  49834 [ACK] Seq=424454 Ack=144 Win=65024 Len=1448 TSval=2916032876 TSecr=3045552650 [TCP segment of a reassembled PDU]"
"5146","28.796274395","192.168.1.55","192.168.1.2","TCP","1514","8004  >  49834 [ACK] Seq=425902 Ack=144 Win=65024 Len=1448 TSval=2916032876 TSecr=3045552650 [TCP segment of a reassembled PDU]"
"5147","28.796275321","192.168.1.55","192.168.1.2","TCP","1514","8004  >  49834 [ACK] Seq=427350 Ack=144 Win=65024 Len=1448 TSval=2916032876 TSecr=3045552650 [TCP segment of a reassembled PDU]"
"5148","28.796276303","192.168.1.55","192.168.1.2","TCP","1514","8004  >  49834 [ACK] Seq=428798 Ack=144 Win=65024 Len=1448 TSval=2916032876 TSecr=3045552650 [TCP segment of a reassembled PDU]"
"5149","28.796278284","192.168.1.55","192.168.1.2","TCP","1514","8004  >  49834 [ACK] Seq=430246 Ack=144 Win=65024 Len=1448 TSval=2916032876 TSecr=3045552650 [TCP segment of a reassembled PDU]"
"5150","28.796280692","192.168.1.55","192.168.1.2","TCP","1514","8004  >  49834 [ACK] Seq=431694 Ack=144 Win=65024 Len=1448 TSval=2916032876 TSecr=3045552650 [TCP segment of a reassembled PDU]"
"5151","28.796281747","192.168.1.55","192.168.1.2","TCP","1514","8004  >  49834 [PSH, ACK] Seq=433142 Ack=144 Win=65024 Len=1448 TSval=2916032876 TSecr=3045552650 [TCP segment of a reassembled PDU]"
"5152","28.796343099","192.168.1.2","192.168.1.55","TCP","66","49834  >  8004 [ACK] Seq=144 Ack=302822 Win=150528 Len=0 TSval=3045552651 TSecr=2916032867"
"5153","28.796366210","192.168.1.55","192.168.1.2","TCP","1514","8004  >  49834 [ACK] Seq=434590 Ack=144 Win=65024 Len=1448 TSval=2916032877 TSecr=3045552651 [TCP segment of a reassembled PDU]"
"5154","28.796368044","192.168.1.55","192.168.1.2","TCP","1514","8004  >  49834 [ACK] Seq=436038 Ack=144 Win=65024 Len=1448 TSval=2916032877 TSecr=3045552651 [TCP segment of a reassembled PDU]"
"5155","28.796369081","192.168.1.55","192.168.1.2","TCP","1514","8004  >  49834 [ACK] Seq=437486 Ack=144 Win=65024 Len=1448 TSval=2916032877 TSecr=3045552651 [TCP segment of a reassembled PDU]"
"5156","28.796370007","192.168.1.55","192.168.1.2","TCP","1514","8004  >  49834 [ACK] Seq=438934 Ack=144 Win=65024 Len=1448 TSval=2916032877 TSecr=3045552651 [TCP segment of a reassembled PDU]"
"5157","28.796371284","192.168.1.55","192.168.1.2","TCP","1514","8004  >  49834 [PSH, ACK] Seq=440382 Ack=144 Win=65024 Len=1448 TSval=2916032877 TSecr=3045552651 [TCP segment of a reassembled PDU]"
"5158","28.796376803","192.168.1.2","192.168.1.55","TCP","66","49834  >  8004 [ACK] Seq=144 Ack=346558 Win=107520 Len=0 TSval=3045552651 TSecr=2916032868"
"5159","28.796384155","192.168.1.2","192.168.1.55","TCP","66","49834  >  8004 [ACK] Seq=144 Ack=407078 Win=64512 Len=0 TSval=3045552651 TSecr=2916032869"
"5160","28.796439340","192.168.1.55","192.168.1.2","TCP","1514","8004  >  49834 [ACK] Seq=441830 Ack=144 Win=65024 Len=1448 TSval=2916032877 TSecr=3045552651 [TCP segment of a reassembled PDU]"
"5161","28.796443192","192.168.1.55","192.168.1.2","TCP","1514","8004  >  49834 [ACK] Seq=443278 Ack=144 Win=65024 Len=1448 TSval=2916032877 TSecr=3045552651 [TCP segment of a reassembled PDU]"
"5162","28.796444544","192.168.1.55","192.168.1.2","TCP","1514","8004  >  49834 [ACK] Seq=444726 Ack=144 Win=65024 Len=1448 TSval=2916032877 TSecr=3045552651 [TCP segment of a reassembled PDU]"
"5163","28.796445877","192.168.1.55","192.168.1.2","TCP","1514","8004  >  49834 [ACK] Seq=446174 Ack=144 Win=65024 Len=1448 TSval=2916032877 TSecr=3045552651 [TCP segment of a reassembled PDU]"
"5164","28.796447340","192.168.1.55","192.168.1.2","TCP","1514","8004  >  49834 [ACK] Seq=447622 Ack=144 Win=65024 Len=1448 TSval=2916032877 TSecr=3045552651 [TCP segment of a reassembled PDU]"
"5165","28.796448951","192.168.1.55","192.168.1.2","TCP","1514","8004  >  49834 [ACK] Seq=449070 Ack=144 Win=65024 Len=1448 TSval=2916032877 TSecr=3045552651 [TCP segment of a reassembled PDU]"
"5166","28.796450211","192.168.1.55","192.168.1.2","TCP","1514","8004  >  49834 [ACK] Seq=450518 Ack=144 Win=65024 Len=1448 TSval=2916032877 TSecr=3045552651 [TCP segment of a reassembled PDU]"
"5167","28.796451507","192.168.1.55","192.168.1.2","TCP","1514","8004  >  49834 [ACK] Seq=451966 Ack=144 Win=65024 Len=1448 TSval=2916032877 TSecr=3045552651 [TCP segment of a reassembled PDU]"
"5168","28.796452451","192.168.1.55","192.168.1.2","TCP","1514","8004  >  49834 [ACK] Seq=453414 Ack=144 Win=65024 Len=1448 TSval=2916032877 TSecr=3045552651 [TCP segment of a reassembled PDU]"
"5169","28.796453896","192.168.1.55","192.168.1.2","TCP","1514","8004  >  49834 [ACK] Seq=454862 Ack=144 Win=65024 Len=1448 TSval=2916032877 TSecr=3045552651 [TCP segment of a reassembled PDU]"
"5170","28.796455636","192.168.1.55","192.168.1.2","TCP","1514","8004  >  49834 [ACK] Seq=456310 Ack=144 Win=65024 Len=1448 TSval=2916032877 TSecr=3045552651 [TCP segment of a reassembled PDU]"
"5171","28.796457785","192.168.1.55","192.168.1.2","TCP","1514","8004  >  49834 [ACK] Seq=457758 Ack=144 Win=65024 Len=1448 TSval=2916032877 TSecr=3045552651 [TCP segment of a reassembled PDU]"
"5172","28.796458859","192.168.1.55","192.168.1.2","TCP","1514","8004  >  49834 [ACK] Seq=459206 Ack=144 Win=65024 Len=1448 TSval=2916032877 TSecr=3045552651 [TCP segment of a reassembled PDU]"
"5173","28.796459729","192.168.1.55","192.168.1.2","TCP","1514","8004  >  49834 [ACK] Seq=460654 Ack=144 Win=65024 Len=1448 TSval=2916032877 TSecr=3045552651 [TCP segment of a reassembled PDU]"
"5174","28.796461007","192.168.1.55","192.168.1.2","TCP","1514","8004  >  49834 [ACK] Seq=462102 Ack=144 Win=65024 Len=1448 TSval=2916032877 TSecr=3045552651 [TCP segment of a reassembled PDU]"
"5175","28.796462544","192.168.1.55","192.168.1.2","TCP","1514","8004  >  49834 [ACK] Seq=463550 Ack=144 Win=65024 Len=1448 TSval=2916032877 TSecr=3045552651 [TCP segment of a reassembled PDU]"
"5176","28.796463840","192.168.1.55","192.168.1.2","TCP","1514","8004  >  49834 [ACK] Seq=464998 Ack=144 Win=65024 Len=1448 TSval=2916032877 TSecr=3045552651 [TCP segment of a reassembled PDU]"
"5177","28.796465155","192.168.1.55","192.168.1.2","TCP","1514","8004  >  49834 [ACK] Seq=466446 Ack=144 Win=65024 Len=1448 TSval=2916032877 TSecr=3045552651 [TCP segment of a reassembled PDU]"
"5178","28.796466044","192.168.1.55","192.168.1.2","TCP","1514","8004  >  49834 [ACK] Seq=467894 Ack=144 Win=65024 Len=1448 TSval=2916032877 TSecr=3045552651 [TCP segment of a reassembled PDU]"
"5179","28.796467359","192.168.1.55","192.168.1.2","TCP","1514","8004  >  49834 [ACK] Seq=469342 Ack=144 Win=65024 Len=1448 TSval=2916032877 TSecr=3045552651 [TCP segment of a reassembled PDU]"
"5180","28.796469174","192.168.1.55","192.168.1.2","TCP","866","[TCP Window Full] 8004  >  49834 [PSH, ACK] Seq=470790 Ack=144 Win=65024 Len=800 TSval=2916032877 TSecr=3045552651 [TCP segment of a reassembled PDU]"
"5181","28.796472562","192.168.1.2","192.168.1.55","TCP","66","[TCP Window Update] 49834  >  8004 [ACK] Seq=144 Ack=407078 Win=150528 Len=0 TSval=3045552651 TSecr=2916032869"
"5182","28.796497174","192.168.1.55","192.168.1.2","TCP","1514","8004  >  49834 [ACK] Seq=471590 Ack=144 Win=65024 Len=1448 TSval=2916032877 TSecr=3045552651 [TCP segment of a reassembled PDU]"
"5183","28.796499451","192.168.1.55","192.168.1.2","TCP","1514","8004  >  49834 [ACK] Seq=473038 Ack=144 Win=65024 Len=1448 TSval=2916032877 TSecr=3045552651 [TCP segment of a reassembled PDU]"
"5184","28.796501007","192.168.1.55","192.168.1.2","TCP","1514","8004  >  49834 [ACK] Seq=474486 Ack=144 Win=65024 Len=1448 TSval=2916032877 TSecr=3045552651 [TCP segment of a reassembled PDU]"
"5185","28.796502322","192.168.1.55","192.168.1.2","TCP","1514","8004  >  49834 [ACK] Seq=475934 Ack=144 Win=65024 Len=1448 TSval=2916032877 TSecr=3045552651 [TCP segment of a reassembled PDU]"
"5186","28.796503322","192.168.1.55","192.168.1.2","TCP","1514","8004  >  49834 [ACK] Seq=477382 Ack=144 Win=65024 Len=1448 TSval=2916032877 TSecr=3045552651 [TCP segment of a reassembled PDU]"
"5187","28.796504229","192.168.1.55","192.168.1.2","TCP","1514","8004  >  49834 [ACK] Seq=478830 Ack=144 Win=65024 Len=1448 TSval=2916032877 TSecr=3045552651 [TCP segment of a reassembled PDU]"
"5188","28.796505248","192.168.1.55","192.168.1.2","TCP","1514","8004  >  49834 [ACK] Seq=480278 Ack=144 Win=65024 Len=1448 TSval=2916032877 TSecr=3045552651 [TCP segment of a reassembled PDU]"
"5189","28.796506229","192.168.1.55","192.168.1.2","TCP","1514","8004  >  49834 [ACK] Seq=481726 Ack=144 Win=65024 Len=1448 TSval=2916032877 TSecr=3045552651 [TCP segment of a reassembled PDU]"
"5190","28.796508581","192.168.1.55","192.168.1.2","TCP","1514","8004  >  49834 [ACK] Seq=483174 Ack=144 Win=65024 Len=1448 TSval=2916032877 TSecr=3045552651 [TCP segment of a reassembled PDU]"
"5191","28.796510248","192.168.1.55","192.168.1.2","TCP","1514","8004  >  49834 [ACK] Seq=484622 Ack=144 Win=65024 Len=1448 TSval=2916032877 TSecr=3045552651 [TCP segment of a reassembled PDU]"
"5192","28.796511637","192.168.1.55","192.168.1.2","TCP","1514","8004  >  49834 [ACK] Seq=486070 Ack=144 Win=65024 Len=1448 TSval=2916032877 TSecr=3045552651 [TCP segment of a reassembled PDU]"
"5193","28.796512655","192.168.1.55","192.168.1.2","TCP","714","8004  >  49834 [PSH, ACK] Seq=487518 Ack=144 Win=65024 Len=648 TSval=2916032877 TSecr=3045552651 [TCP segment of a reassembled PDU]"
"5194","28.796529303","192.168.1.55","192.168.1.2","TCP","1514","8004  >  49834 [ACK] Seq=488166 Ack=144 Win=65024 Len=1448 TSval=2916032877 TSecr=3045552651 [TCP segment of a reassembled PDU]"
"5195","28.796531711","192.168.1.55","192.168.1.2","TCP","1514","8004  >  49834 [ACK] Seq=489614 Ack=144 Win=65024 Len=1448 TSval=2916032877 TSecr=3045552651 [TCP segment of a reassembled PDU]"
"5196","28.796532674","192.168.1.55","192.168.1.2","TCP","1514","8004  >  49834 [ACK] Seq=491062 Ack=144 Win=65024 Len=1448 TSval=2916032877 TSecr=3045552651 [TCP segment of a reassembled PDU]"
"5197","28.796533600","192.168.1.55","192.168.1.2","TCP","1514","8004  >  49834 [ACK] Seq=492510 Ack=144 Win=65024 Len=1448 TSval=2916032877 TSecr=3045552651 [TCP segment of a reassembled PDU]"
"5198","28.796534488","192.168.1.55","192.168.1.2","TCP","1514","8004  >  49834 [ACK] Seq=493958 Ack=144 Win=65024 Len=1448 TSval=2916032877 TSecr=3045552651 [TCP segment of a reassembled PDU]"
"5199","28.796535488","192.168.1.55","192.168.1.2","TCP","1514","8004  >  49834 [ACK] Seq=495406 Ack=144 Win=65024 Len=1448 TSval=2916032877 TSecr=3045552651 [TCP segment of a reassembled PDU]"
"5200","28.796536877","192.168.1.55","192.168.1.2","TCP","1514","8004  >  49834 [PSH, ACK] Seq=496854 Ack=144 Win=65024 Len=1448 TSval=2916032877 TSecr=3045552651 [TCP segment of a reassembled PDU]"
"5201","28.796542822","192.168.1.55","192.168.1.2","HTTP","222","HTTP/1.0 200 OK  (PNG)"
"5202","28.797792898","192.168.1.2","192.168.1.55","TCP","66","49834  >  8004 [ACK] Seq=144 Ack=414318 Win=157696 Len=0 TSval=3045552652 TSecr=2916032869"
"5203","28.797822731","192.168.1.2","192.168.1.55","TCP","66","49834  >  8004 [ACK] Seq=144 Ack=415766 Win=160768 Len=0 TSval=3045552653 TSecr=2916032869"
"5204","28.802661017","192.168.1.2","192.168.1.55","TCP","66","49834  >  8004 [ACK] Seq=144 Ack=454862 Win=160768 Len=0 TSval=3045552658 TSecr=2916032876"
"5205","28.803400351","192.168.1.2","192.168.1.55","TCP","66","49834  >  8004 [ACK] Seq=144 Ack=471590 Win=189440 Len=0 TSval=3045552659 TSecr=2916032877"
"5206","28.803533222","192.168.1.2","192.168.1.55","TCP","66","49834  >  8004 [ACK] Seq=144 Ack=488166 Win=173056 Len=0 TSval=3045552659 TSecr=2916032877"
"5207","28.803538999","192.168.1.2","192.168.1.55","TCP","66","49834  >  8004 [ACK] Seq=144 Ack=498302 Win=163840 Len=0 TSval=3045552659 TSecr=2916032877"
"5208","28.805288206","192.168.1.2","192.168.1.55","TCP","66","49834  >  8004 [FIN, ACK] Seq=144 Ack=498459 Win=191488 Len=0 TSval=3045552660 TSecr=2916032877"
"5209","28.805308835","192.168.1.55","192.168.1.2","TCP","66","8004  >  49834 [ACK] Seq=498459 Ack=145 Win=65024 Len=0 TSval=2916032885 TSecr=3045552660"
"5210","28.805413521","192.168.1.2","192.168.1.55","TCP","74","49848  >  8004 [SYN] Seq=0 Win=64240 Len=0 MSS=1460 SACK_PERM TSval=3045552660 TSecr=0 WS=1024"
"5211","28.805443613","192.168.1.55","192.168.1.2","TCP","74","8004  >  49848 [SYN, ACK] Seq=0 Ack=1 Win=65160 Len=0 MSS=1460 SACK_PERM TSval=2916032886 TSecr=3045552660 WS=128"
"5212","28.808525396","192.168.1.2","192.168.1.55","TCP","66","49848  >  8004 [ACK] Seq=1 Ack=1 Win=64512 Len=0 TSval=3045552663 TSecr=2916032886"
"5213","28.809191934","192.168.1.2","192.168.1.55","HTTP","206","GET /stego_benchmark.png HTTP/1.1 "
"5214","28.809225490","192.168.1.55","192.168.1.2","TCP","66","8004  >  49848 [ACK] Seq=1 Ack=141 Win=65024 Len=0 TSval=2916032889 TSecr=3045552663"
"5215","28.809973046","192.168.1.55","192.168.1.2","TCP","255","8004  >  49848 [PSH, ACK] Seq=1 Ack=141 Win=65024 Len=189 TSval=2916032890 TSecr=3045552663 [TCP segment of a reassembled PDU]"
"5216","28.810041991","192.168.1.55","192.168.1.2","TCP","1514","8004  >  49848 [ACK] Seq=190 Ack=141 Win=65024 Len=1448 TSval=2916032890 TSecr=3045552663 [TCP segment of a reassembled PDU]"
"5217","28.810045398","192.168.1.55","192.168.1.2","TCP","1514","8004  >  49848 [ACK] Seq=1638 Ack=141 Win=65024 Len=1448 TSval=2916032890 TSecr=3045552663 [TCP segment of a reassembled PDU]"
"5218","28.810046639","192.168.1.55","192.168.1.2","TCP","1514","8004  >  49848 [ACK] Seq=3086 Ack=141 Win=65024 Len=1448 TSval=2916032890 TSecr=3045552663 [TCP segment of a reassembled PDU]"
"5219","28.810047769","192.168.1.55","192.168.1.2","TCP","1514","8004  >  49848 [ACK] Seq=4534 Ack=141 Win=65024 Len=1448 TSval=2916032890 TSecr=3045552663 [TCP segment of a reassembled PDU]"
"5220","28.810049361","192.168.1.55","192.168.1.2","TCP","1514","8004  >  49848 [PSH, ACK] Seq=5982 Ack=141 Win=65024 Len=1448 TSval=2916032890 TSecr=3045552663 [TCP segment of a reassembled PDU]"
"5221","28.810064398","192.168.1.55","192.168.1.2","TCP","1514","8004  >  49848 [ACK] Seq=7430 Ack=141 Win=65024 Len=1448 TSval=2916032890 TSecr=3045552663 [TCP segment of a reassembled PDU]"
"5222","28.810066102","192.168.1.55","192.168.1.2","TCP","1514","8004  >  49848 [ACK] Seq=8878 Ack=141 Win=65024 Len=1448 TSval=2916032890 TSecr=3045552663 [TCP segment of a reassembled PDU]"
"5223","28.810067213","192.168.1.55","192.168.1.2","TCP","1514","8004  >  49848 [ACK] Seq=10326 Ack=141 Win=65024 Len=1448 TSval=2916032890 TSecr=3045552663 [TCP segment of a reassembled PDU]"
"5224","28.810068676","192.168.1.55","192.168.1.2","TCP","1514","8004  >  49848 [PSH, ACK] Seq=11774 Ack=141 Win=65024 Len=1448 TSval=2916032890 TSecr=3045552663 [TCP segment of a reassembled PDU]"
"5225","28.813376737","192.168.1.2","192.168.1.55","TCP","66","49848  >  8004 [ACK] Seq=141 Ack=190 Win=64512 Len=0 TSval=3045552667 TSecr=2916032890"
"5226","28.813413663","192.168.1.55","192.168.1.2","TCP","1514","8004  >  49848 [ACK] Seq=13222 Ack=141 Win=65024 Len=1448 TSval=2916032894 TSecr=3045552667 [TCP segment of a reassembled PDU]"
"5227","28.813417737","192.168.1.55","192.168.1.2","TCP","1514","8004  >  49848 [PSH, ACK] Seq=14670 Ack=141 Win=65024 Len=1448 TSval=2916032894 TSecr=3045552667 [TCP segment of a reassembled PDU]"
"5228","28.813450237","192.168.1.2","192.168.1.55","TCP","66","49848  >  8004 [ACK] Seq=141 Ack=1638 Win=67584 Len=0 TSval=3045552667 TSecr=2916032890"
"5229","28.814267886","192.168.1.2","192.168.1.55","TCP","66","49848  >  8004 [ACK] Seq=141 Ack=7430 Win=79872 Len=0 TSval=3045552668 TSecr=2916032890"
"5230","28.814372627","192.168.1.55","192.168.1.2","TCP","1514","8004  >  49848 [ACK] Seq=16118 Ack=141 Win=65024 Len=1448 TSval=2916032895 TSecr=3045552668 [TCP segment of a reassembled PDU]"
"5231","28.814380942","192.168.1.55","192.168.1.2","TCP","1514","8004  >  49848 [ACK] Seq=17566 Ack=141 Win=65024 Len=1448 TSval=2916032895 TSecr=3045552668 [TCP segment of a reassembled PDU]"
"5232","28.814385627","192.168.1.55","192.168.1.2","TCP","1514","8004  >  49848 [ACK] Seq=19014 Ack=141 Win=65024 Len=1448 TSval=2916032895 TSecr=3045552668 [TCP segment of a reassembled PDU]"
"5233","28.814388127","192.168.1.55","192.168.1.2","TCP","1514","8004  >  49848 [ACK] Seq=20462 Ack=141 Win=65024 Len=1448 TSval=2916032895 TSecr=3045552668 [TCP segment of a reassembled PDU]"
"5234","28.814390387","192.168.1.55","192.168.1.2","TCP","1514","8004  >  49848 [ACK] Seq=21910 Ack=141 Win=65024 Len=1448 TSval=2916032895 TSecr=3045552668 [TCP segment of a reassembled PDU]"
"5235","28.814393683","192.168.1.55","192.168.1.2","TCP","1514","8004  >  49848 [ACK] Seq=23358 Ack=141 Win=65024 Len=1448 TSval=2916032895 TSecr=3045552668 [TCP segment of a reassembled PDU]"
"5236","28.814396016","192.168.1.55","192.168.1.2","TCP","1514","8004  >  49848 [ACK] Seq=24806 Ack=141 Win=65024 Len=1448 TSval=2916032895 TSecr=3045552668 [TCP segment of a reassembled PDU]"
"5237","28.814397942","192.168.1.55","192.168.1.2","TCP","1514","8004  >  49848 [PSH, ACK] Seq=26254 Ack=141 Win=65024 Len=1448 TSval=2916032895 TSecr=3045552668 [TCP segment of a reassembled PDU]"
"5238","28.814488813","192.168.1.2","192.168.1.55","TCP","66","49848  >  8004 [ACK] Seq=141 Ack=13222 Win=79872 Len=0 TSval=3045552668 TSecr=2916032890"
"5239","28.814576443","192.168.1.55","192.168.1.2","TCP","1514","8004  >  49848 [ACK] Seq=27702 Ack=141 Win=65024 Len=1448 TSval=2916032895 TSecr=3045552668 [TCP segment of a reassembled PDU]"
"5240","28.814583072","192.168.1.55","192.168.1.2","TCP","1514","8004  >  49848 [ACK] Seq=29150 Ack=141 Win=65024 Len=1448 TSval=2916032895 TSecr=3045552668 [TCP segment of a reassembled PDU]"
"5241","28.814586165","192.168.1.55","192.168.1.2","TCP","1514","8004  >  49848 [ACK] Seq=30598 Ack=141 Win=65024 Len=1448 TSval=2916032895 TSecr=3045552668 [TCP segment of a reassembled PDU]"
"5242","28.814589165","192.168.1.55","192.168.1.2","TCP","1514","8004  >  49848 [ACK] Seq=32046 Ack=141 Win=65024 Len=1448 TSval=2916032895 TSecr=3045552668 [TCP segment of a reassembled PDU]"
"5243","28.814591813","192.168.1.55","192.168.1.2","TCP","1514","8004  >  49848 [ACK] Seq=33494 Ack=141 Win=65024 Len=1448 TSval=2916032895 TSecr=3045552668 [TCP segment of a reassembled PDU]"
"5244","28.814617128","192.168.1.55","192.168.1.2","TCP","1514","8004  >  49848 [ACK] Seq=34942 Ack=141 Win=65024 Len=1448 TSval=2916032895 TSecr=3045552668 [TCP segment of a reassembled PDU]"
"5245","28.814621683","192.168.1.55","192.168.1.2","TCP","1514","8004  >  49848 [ACK] Seq=36390 Ack=141 Win=65024 Len=1448 TSval=2916032895 TSecr=3045552668 [TCP segment of a reassembled PDU]"
"5246","28.814624406","192.168.1.55","192.168.1.2","TCP","1514","8004  >  49848 [ACK] Seq=37838 Ack=141 Win=65024 Len=1448 TSval=2916032895 TSecr=3045552668 [TCP segment of a reassembled PDU]"
"5247","28.814626443","192.168.1.55","192.168.1.2","TCP","1514","8004  >  49848 [ACK] Seq=39286 Ack=141 Win=65024 Len=1448 TSval=2916032895 TSecr=3045552668 [TCP segment of a reassembled PDU]"
"5248","28.814629831","192.168.1.55","192.168.1.2","TCP","1514","8004  >  49848 [PSH, ACK] Seq=40734 Ack=141 Win=65024 Len=1448 TSval=2916032895 TSecr=3045552668 [TCP segment of a reassembled PDU]"
"5249","28.818999209","192.168.1.2","192.168.1.55","TCP","66","49848  >  8004 [ACK] Seq=141 Ack=16118 Win=84992 Len=0 TSval=3045552673 TSecr=2916032894"
"5250","28.819043653","192.168.1.55","192.168.1.2","TCP","1514","8004  >  49848 [ACK] Seq=42182 Ack=141 Win=65024 Len=1448 TSval=2916032899 TSecr=3045552673 [TCP segment of a reassembled PDU]"
"5251","28.819049098","192.168.1.55","192.168.1.2","TCP","1514","8004  >  49848 [PSH, ACK] Seq=43630 Ack=141 Win=65024 Len=1448 TSval=2916032899 TSecr=3045552673 [TCP segment of a reassembled PDU]"
"5252","28.819129209","192.168.1.2","192.168.1.55","TCP","66","49848  >  8004 [ACK] Seq=141 Ack=19014 Win=84992 Len=0 TSval=3045552673 TSecr=2916032895"
"5253","28.819140190","192.168.1.2","192.168.1.55","TCP","66","49848  >  8004 [ACK] Seq=141 Ack=27702 Win=79872 Len=0 TSval=3045552673 TSecr=2916032895"
"5254","28.819181079","192.168.1.55","192.168.1.2","TCP","1514","8004  >  49848 [ACK] Seq=45078 Ack=141 Win=65024 Len=1448 TSval=2916032899 TSecr=3045552673 [TCP segment of a reassembled PDU]"
"5255","28.819187320","192.168.1.55","192.168.1.2","TCP","1514","8004  >  49848 [ACK] Seq=46526 Ack=141 Win=65024 Len=1448 TSval=2916032899 TSecr=3045552673 [TCP segment of a reassembled PDU]"
"5256","28.819189431","192.168.1.55","192.168.1.2","TCP","1514","8004  >  49848 [ACK] Seq=47974 Ack=141 Win=65024 Len=1448 TSval=2916032899 TSecr=3045552673 [TCP segment of a reassembled PDU]"
"5257","28.819191857","192.168.1.55","192.168.1.2","TCP","1514","8004  >  49848 [ACK] Seq=49422 Ack=141 Win=65024 Len=1448 TSval=2916032899 TSecr=3045552673 [TCP segment of a reassembled PDU]"
"5258","28.819195024","192.168.1.55","192.168.1.2","TCP","1514","8004  >  49848 [ACK] Seq=50870 Ack=141 Win=65024 Len=1448 TSval=2916032899 TSecr=3045552673 [TCP segment of a reassembled PDU]"
"5259","28.819197153","192.168.1.55","192.168.1.2","TCP","1514","8004  >  49848 [ACK] Seq=52318 Ack=141 Win=65024 Len=1448 TSval=2916032899 TSecr=3045552673 [TCP segment of a reassembled PDU]"
"5260","28.819199579","192.168.1.55","192.168.1.2","TCP","1514","8004  >  49848 [ACK] Seq=53766 Ack=141 Win=65024 Len=1448 TSval=2916032899 TSecr=3045552673 [TCP segment of a reassembled PDU]"
"5261","28.819202357","192.168.1.55","192.168.1.2","TCP","1514","8004  >  49848 [ACK] Seq=55214 Ack=141 Win=65024 Len=1448 TSval=2916032899 TSecr=3045552673 [TCP segment of a reassembled PDU]"
"5262","28.819204579","192.168.1.55","192.168.1.2","TCP","1514","8004  >  49848 [ACK] Seq=56662 Ack=141 Win=65024 Len=1448 TSval=2916032899 TSecr=3045552673 [TCP segment of a reassembled PDU]"
"5263","28.819206246","192.168.1.55","192.168.1.2","TCP","1514","8004  >  49848 [ACK] Seq=58110 Ack=141 Win=65024 Len=1448 TSval=2916032899 TSecr=3045552673 [TCP segment of a reassembled PDU]"
"5264","28.819210876","192.168.1.55","192.168.1.2","TCP","1514","8004  >  49848 [ACK] Seq=59558 Ack=141 Win=65024 Len=1448 TSval=2916032899 TSecr=3045552673 [TCP segment of a reassembled PDU]"
"5265","28.819214024","192.168.1.55","192.168.1.2","TCP","1514","8004  >  49848 [ACK] Seq=61006 Ack=141 Win=65024 Len=1448 TSval=2916032899 TSecr=3045552673 [TCP segment of a reassembled PDU]"
"5266","28.819215728","192.168.1.55","192.168.1.2","TCP","1514","8004  >  49848 [ACK] Seq=62454 Ack=141 Win=65024 Len=1448 TSval=2916032899 TSecr=3045552673 [TCP segment of a reassembled PDU]"
"5267","28.819218894","192.168.1.55","192.168.1.2","TCP","1514","8004  >  49848 [ACK] Seq=63902 Ack=141 Win=65024 Len=1448 TSval=2916032899 TSecr=3045552673 [TCP segment of a reassembled PDU]"
"5268","28.819220876","192.168.1.55","192.168.1.2","TCP","1514","8004  >  49848 [PSH, ACK] Seq=65350 Ack=141 Win=65024 Len=1448 TSval=2916032899 TSecr=3045552673 [TCP segment of a reassembled PDU]"
"5269","28.819230894","192.168.1.2","192.168.1.55","TCP","66","49848  >  8004 [ACK] Seq=141 Ack=39286 Win=69632 Len=0 TSval=3045552673 TSecr=2916032895"
"5270","28.819274098","192.168.1.55","192.168.1.2","TCP","1514","8004  >  49848 [ACK] Seq=66798 Ack=141 Win=65024 Len=1448 TSval=2916032899 TSecr=3045552673 [TCP segment of a reassembled PDU]"
"5271","28.819278468","192.168.1.55","192.168.1.2","TCP","1514","8004  >  49848 [ACK] Seq=68246 Ack=141 Win=65024 Len=1448 TSval=2916032899 TSecr=3045552673 [TCP segment of a reassembled PDU]"
"5272","28.819280246","192.168.1.55","192.168.1.2","TCP","1514","8004  >  49848 [ACK] Seq=69694 Ack=141 Win=65024 Len=1448 TSval=2916032899 TSecr=3045552673 [TCP segment of a reassembled PDU]"
"5273","28.819281820","192.168.1.55","192.168.1.2","TCP","1514","8004  >  49848 [ACK] Seq=71142 Ack=141 Win=65024 Len=1448 TSval=2916032899 TSecr=3045552673 [TCP segment of a reassembled PDU]"
"5274","28.819283654","192.168.1.55","192.168.1.2","TCP","1514","8004  >  49848 [ACK] Seq=72590 Ack=141 Win=65024 Len=1448 TSval=2916032899 TSecr=3045552673 [TCP segment of a reassembled PDU]"
"5275","28.819285413","192.168.1.55","192.168.1.2","TCP","1514","8004  >  49848 [ACK] Seq=74038 Ack=141 Win=65024 Len=1448 TSval=2916032899 TSecr=3045552673 [TCP segment of a reassembled PDU]"
"5276","28.819287802","192.168.1.55","192.168.1.2","TCP","1514","8004  >  49848 [PSH, ACK] Seq=75486 Ack=141 Win=65024 Len=1448 TSval=2916032899 TSecr=3045552673 [TCP segment of a reassembled PDU]"
"5277","28.820532656","192.168.1.55","192.168.1.2","TCP","1514","8004  >  49848 [ACK] Seq=76934 Ack=141 Win=65024 Len=1448 TSval=2916032901 TSecr=3045552673 [TCP segment of a reassembled PDU]"
"5278","28.820542081","192.168.1.55","192.168.1.2","TCP","1514","8004  >  49848 [ACK] Seq=78382 Ack=141 Win=65024 Len=1448 TSval=2916032901 TSecr=3045552673 [TCP segment of a reassembled PDU]"
"5279","28.820543581","192.168.1.55","192.168.1.2","TCP","1514","8004  >  49848 [ACK] Seq=79830 Ack=141 Win=65024 Len=1448 TSval=2916032901 TSecr=3045552673 [TCP segment of a reassembled PDU]"
"5280","28.820545100","192.168.1.55","192.168.1.2","TCP","1514","8004  >  49848 [ACK] Seq=81278 Ack=141 Win=65024 Len=1448 TSval=2916032901 TSecr=3045552673 [TCP segment of a reassembled PDU]"
"5281","28.820547933","192.168.1.55","192.168.1.2","TCP","1514","8004  >  49848 [ACK] Seq=82726 Ack=141 Win=65024 Len=1448 TSval=2916032901 TSecr=3045552673 [TCP segment of a reassembled PDU]"
"5282","28.820551378","192.168.1.55","192.168.1.2","TCP","1514","8004  >  49848 [ACK] Seq=84174 Ack=141 Win=65024 Len=1448 TSval=2916032901 TSecr=3045552673 [TCP segment of a reassembled PDU]"
"5283","28.820552859","192.168.1.55","192.168.1.2","TCP","1514","8004  >  49848 [ACK] Seq=85622 Ack=141 Win=65024 Len=1448 TSval=2916032901 TSecr=3045552673 [TCP segment of a reassembled PDU]"
"5284","28.820554359","192.168.1.55","192.168.1.2","TCP","1514","8004  >  49848 [ACK] Seq=87070 Ack=141 Win=65024 Len=1448 TSval=2916032901 TSecr=3045552673 [TCP segment of a reassembled PDU]"
"5285","28.820556137","192.168.1.55","192.168.1.2","TCP","1514","8004  >  49848 [ACK] Seq=88518 Ack=141 Win=65024 Len=1448 TSval=2916032901 TSecr=3045552673 [TCP segment of a reassembled PDU]"
"5286","28.820557674","192.168.1.55","192.168.1.2","TCP","1514","8004  >  49848 [ACK] Seq=89966 Ack=141 Win=65024 Len=1448 TSval=2916032901 TSecr=3045552673 [TCP segment of a reassembled PDU]"
"5287","28.820559267","192.168.1.55","192.168.1.2","TCP","1514","8004  >  49848 [ACK] Seq=91414 Ack=141 Win=65024 Len=1448 TSval=2916032901 TSecr=3045552673 [TCP segment of a reassembled PDU]"
"5288","28.820562026","192.168.1.55","192.168.1.2","TCP","1514","8004  >  49848 [PSH, ACK] Seq=92862 Ack=141 Win=65024 Len=1448 TSval=2916032901 TSecr=3045552673 [TCP segment of a reassembled PDU]"
"5289","28.823043419","192.168.1.2","192.168.1.55","TCP","66","49848  >  8004 [ACK] Seq=141 Ack=42182 Win=84992 Len=0 TSval=3045552675 TSecr=2916032895"
"5290","28.823088160","192.168.1.55","192.168.1.2","TCP","1514","8004  >  49848 [ACK] Seq=94310 Ack=141 Win=65024 Len=1448 TSval=2916032903 TSecr=3045552675 [TCP segment of a reassembled PDU]"
"5291","28.823091456","192.168.1.55","192.168.1.2","TCP","1514","8004  >  49848 [ACK] Seq=95758 Ack=141 Win=65024 Len=1448 TSval=2916032903 TSecr=3045552675 [TCP segment of a reassembled PDU]"
"5292","28.823093474","192.168.1.55","192.168.1.2","TCP","1514","8004  >  49848 [ACK] Seq=97206 Ack=141 Win=65024 Len=1448 TSval=2916032903 TSecr=3045552675 [TCP segment of a reassembled PDU]"
"5293","28.823095234","192.168.1.55","192.168.1.2","TCP","1514","8004  >  49848 [PSH, ACK] Seq=98654 Ack=141 Win=65024 Len=1448 TSval=2916032903 TSecr=3045552675 [TCP segment of a reassembled PDU]"
"5294","28.825276644","192.168.1.2","192.168.1.55","TCP","66","49848  >  8004 [ACK] Seq=141 Ack=43630 Win=83968 Len=0 TSval=3045552678 TSecr=2916032899"
"5295","28.825288848","192.168.1.55","192.168.1.2","TCP","1514","8004  >  49848 [ACK] Seq=100102 Ack=141 Win=65024 Len=1448 TSval=2916032905 TSecr=3045552678 [TCP segment of a reassembled PDU]"
"5296","28.825290941","192.168.1.55","192.168.1.2","TCP","1514","8004  >  49848 [PSH, ACK] Seq=101550 Ack=141 Win=65024 Len=1448 TSval=2916032905 TSecr=3045552678 [TCP segment of a reassembled PDU]"
"5297","28.825509737","192.168.1.2","192.168.1.55","TCP","66","49848  >  8004 [ACK] Seq=141 Ack=45078 Win=86016 Len=0 TSval=3045552679 TSecr=2916032899"
"5298","28.825534608","192.168.1.2","192.168.1.55","TCP","66","49848  >  8004 [ACK] Seq=141 Ack=66798 Win=68608 Len=0 TSval=3045552679 TSecr=2916032899"
"5299","28.825574497","192.168.1.55","192.168.1.2","TCP","1514","8004  >  49848 [ACK] Seq=102998 Ack=141 Win=65024 Len=1448 TSval=2916032906 TSecr=3045552679 [TCP segment of a reassembled PDU]"
"5300","28.825578126","192.168.1.55","192.168.1.2","TCP","1514","8004  >  49848 [ACK] Seq=104446 Ack=141 Win=65024 Len=1448 TSval=2916032906 TSecr=3045552679 [TCP segment of a reassembled PDU]"
"5301","28.825579793","192.168.1.55","192.168.1.2","TCP","1514","8004  >  49848 [ACK] Seq=105894 Ack=141 Win=65024 Len=1448 TSval=2916032906 TSecr=3045552679 [TCP segment of a reassembled PDU]"
"5302","28.825581608","192.168.1.55","192.168.1.2","TCP","1514","8004  >  49848 [ACK] Seq=107342 Ack=141 Win=65024 Len=1448 TSval=2916032906 TSecr=3045552679 [TCP segment of a reassembled PDU]"
"5303","28.825583682","192.168.1.55","192.168.1.2","TCP","1514","8004  >  49848 [ACK] Seq=108790 Ack=141 Win=65024 Len=1448 TSval=2916032906 TSecr=3045552679 [TCP segment of a reassembled PDU]"
"5304","28.825585515","192.168.1.55","192.168.1.2","TCP","1514","8004  >  49848 [ACK] Seq=110238 Ack=141 Win=65024 Len=1448 TSval=2916032906 TSecr=3045552679 [TCP segment of a reassembled PDU]"
"5305","28.825587052","192.168.1.55","192.168.1.2","TCP","1514","8004  >  49848 [ACK] Seq=111686 Ack=141 Win=65024 Len=1448 TSval=2916032906 TSecr=3045552679 [TCP segment of a reassembled PDU]"
"5306","28.825588349","192.168.1.55","192.168.1.2","TCP","1514","8004  >  49848 [ACK] Seq=113134 Ack=141 Win=65024 Len=1448 TSval=2916032906 TSecr=3045552679 [TCP segment of a reassembled PDU]"
"5307","28.825589849","192.168.1.55","192.168.1.2","TCP","1514","8004  >  49848 [ACK] Seq=114582 Ack=141 Win=65024 Len=1448 TSval=2916032906 TSecr=3045552679 [TCP segment of a reassembled PDU]"
"5308","28.825591478","192.168.1.55","192.168.1.2","TCP","1514","8004  >  49848 [ACK] Seq=116030 Ack=141 Win=65024 Len=1448 TSval=2916032906 TSecr=3045552679 [TCP segment of a reassembled PDU]"
"5309","28.825592904","192.168.1.55","192.168.1.2","TCP","1514","8004  >  49848 [PSH, ACK] Seq=117478 Ack=141 Win=65024 Len=1448 TSval=2916032906 TSecr=3045552679 [TCP segment of a reassembled PDU]"
"5310","28.825598497","192.168.1.2","192.168.1.55","TCP","66","49848  >  8004 [ACK] Seq=141 Ack=76934 Win=59392 Len=0 TSval=3045552679 TSecr=2916032899"
"5311","28.825602015","192.168.1.2","192.168.1.55","TCP","66","49848  >  8004 [ACK] Seq=141 Ack=88518 Win=48128 Len=0 TSval=3045552679 TSecr=2916032901"
"5312","28.825666626","192.168.1.55","192.168.1.2","TCP","1514","8004  >  49848 [ACK] Seq=118926 Ack=141 Win=65024 Len=1448 TSval=2916032906 TSecr=3045552679 [TCP segment of a reassembled PDU]"
"5313","28.825670071","192.168.1.55","192.168.1.2","TCP","1514","8004  >  49848 [ACK] Seq=120374 Ack=141 Win=65024 Len=1448 TSval=2916032906 TSecr=3045552679 [TCP segment of a reassembled PDU]"
"5314","28.825673089","192.168.1.55","192.168.1.2","TCP","1514","8004  >  49848 [ACK] Seq=121822 Ack=141 Win=65024 Len=1448 TSval=2916032906 TSecr=3045552679 [TCP segment of a reassembled PDU]"
"5315","28.825674182","192.168.1.55","192.168.1.2","TCP","1514","8004  >  49848 [ACK] Seq=123270 Ack=141 Win=65024 Len=1448 TSval=2916032906 TSecr=3045552679 [TCP segment of a reassembled PDU]"
"5316","28.825675552","192.168.1.55","192.168.1.2","TCP","1514","8004  >  49848 [ACK] Seq=124718 Ack=141 Win=65024 Len=1448 TSval=2916032906 TSecr=3045552679 [TCP segment of a reassembled PDU]"
"5317","28.825676941","192.168.1.55","192.168.1.2","TCP","1514","8004  >  49848 [ACK] Seq=126166 Ack=141 Win=65024 Len=1448 TSval=2916032906 TSecr=3045552679 [TCP segment of a reassembled PDU]"
"5318","28.825678904","192.168.1.55","192.168.1.2","TCP","1514","8004  >  49848 [ACK] Seq=127614 Ack=141 Win=65024 Len=1448 TSval=2916032906 TSecr=3045552679 [TCP segment of a reassembled PDU]"
"5319","28.825680182","192.168.1.55","192.168.1.2","TCP","1514","8004  >  49848 [ACK] Seq=129062 Ack=141 Win=65024 Len=1448 TSval=2916032906 TSecr=3045552679 [TCP segment of a reassembled PDU]"
"5320","28.825681571","192.168.1.55","192.168.1.2","TCP","1514","8004  >  49848 [ACK] Seq=130510 Ack=141 Win=65024 Len=1448 TSval=2916032906 TSecr=3045552679 [TCP segment of a reassembled PDU]"
"5321","28.825683052","192.168.1.55","192.168.1.2","TCP","1514","8004  >  49848 [ACK] Seq=131958 Ack=141 Win=65024 Len=1448 TSval=2916032906 TSecr=3045552679 [TCP segment of a reassembled PDU]"
"5322","28.825684664","192.168.1.55","192.168.1.2","TCP","1514","8004  >  49848 [ACK] Seq=133406 Ack=141 Win=65024 Len=1448 TSval=2916032906 TSecr=3045552679 [TCP segment of a reassembled PDU]"
"5323","28.825686256","192.168.1.55","192.168.1.2","TCP","1514","8004  >  49848 [ACK] Seq=134854 Ack=141 Win=65024 Len=1448 TSval=2916032906 TSecr=3045552679 [TCP segment of a reassembled PDU]"
"5324","28.825687515","192.168.1.55","192.168.1.2","TCP","410","[TCP Window Full] 8004  >  49848 [PSH, ACK] Seq=136302 Ack=141 Win=65024 Len=344 TSval=2916032906 TSecr=3045552679 [TCP segment of a reassembled PDU]"
"5325","28.826588572","192.168.1.2","192.168.1.55","TCP","66","49848  >  8004 [ACK] Seq=141 Ack=94310 Win=78848 Len=0 TSval=3045552680 TSecr=2916032901"
"5326","28.826626165","192.168.1.55","192.168.1.2","TCP","1514","8004  >  49848 [ACK] Seq=136646 Ack=141 Win=65024 Len=1448 TSval=2916032907 TSecr=3045552680 [TCP segment of a reassembled PDU]"
"5327","28.826628443","192.168.1.55","192.168.1.2","TCP","1514","8004  >  49848 [ACK] Seq=138094 Ack=141 Win=65024 Len=1448 TSval=2916032907 TSecr=3045552680 [TCP segment of a reassembled PDU]"
"5328","28.826629702","192.168.1.55","192.168.1.2","TCP","1514","8004  >  49848 [ACK] Seq=139542 Ack=141 Win=65024 Len=1448 TSval=2916032907 TSecr=3045552680 [TCP segment of a reassembled PDU]"
"5329","28.826631054","192.168.1.55","192.168.1.2","TCP","1514","8004  >  49848 [ACK] Seq=140990 Ack=141 Win=65024 Len=1448 TSval=2916032907 TSecr=3045552680 [TCP segment of a reassembled PDU]"
"5330","28.826632424","192.168.1.55","192.168.1.2","TCP","1514","8004  >  49848 [ACK] Seq=142438 Ack=141 Win=65024 Len=1448 TSval=2916032907 TSecr=3045552680 [TCP segment of a reassembled PDU]"
"5331","28.826634221","192.168.1.55","192.168.1.2","TCP","1514","8004  >  49848 [ACK] Seq=143886 Ack=141 Win=65024 Len=1448 TSval=2916032907 TSecr=3045552680 [TCP segment of a reassembled PDU]"
"5332","28.826636147","192.168.1.55","192.168.1.2","TCP","1514","8004  >  49848 [ACK] Seq=145334 Ack=141 Win=65024 Len=1448 TSval=2916032907 TSecr=3045552680 [TCP segment of a reassembled PDU]"
"5333","28.826637702","192.168.1.55","192.168.1.2","TCP","1514","8004  >  49848 [ACK] Seq=146782 Ack=141 Win=65024 Len=1448 TSval=2916032907 TSecr=3045552680 [TCP segment of a reassembled PDU]"
"5334","28.826639202","192.168.1.55","192.168.1.2","TCP","1514","8004  >  49848 [ACK] Seq=148230 Ack=141 Win=65024 Len=1448 TSval=2916032907 TSecr=3045552680 [TCP segment of a reassembled PDU]"
"5335","28.826640721","192.168.1.55","192.168.1.2","TCP","1514","8004  >  49848 [ACK] Seq=149678 Ack=141 Win=65024 Len=1448 TSval=2916032907 TSecr=3045552680 [TCP segment of a reassembled PDU]"
"5336","28.826642202","192.168.1.55","192.168.1.2","TCP","1514","8004  >  49848 [ACK] Seq=151126 Ack=141 Win=65024 Len=1448 TSval=2916032907 TSecr=3045552680 [TCP segment of a reassembled PDU]"
"5337","28.826643498","192.168.1.55","192.168.1.2","TCP","1514","8004  >  49848 [ACK] Seq=152574 Ack=141 Win=65024 Len=1448 TSval=2916032907 TSecr=3045552680 [TCP segment of a reassembled PDU]"
"5338","28.826646406","192.168.1.55","192.168.1.2","TCP","1514","8004  >  49848 [ACK] Seq=154022 Ack=141 Win=65024 Len=1448 TSval=2916032907 TSecr=3045552680 [TCP segment of a reassembled PDU]"
"5339","28.826647961","192.168.1.55","192.168.1.2","TCP","1514","8004  >  49848 [ACK] Seq=155470 Ack=141 Win=65024 Len=1448 TSval=2916032907 TSecr=3045552680 [TCP segment of a reassembled PDU]"
"5340","28.826649128","192.168.1.55","192.168.1.2","TCP","1514","8004  >  49848 [ACK] Seq=156918 Ack=141 Win=65024 Len=1448 TSval=2916032907 TSecr=3045552680 [TCP segment of a reassembled PDU]"
"5341","28.826650647","192.168.1.55","192.168.1.2","TCP","1514","8004  >  49848 [PSH, ACK] Seq=158366 Ack=141 Win=65024 Len=1448 TSval=2916032907 TSecr=3045552680 [TCP segment of a reassembled PDU]"
"5342","28.826660628","192.168.1.55","192.168.1.2","TCP","1170","8004  >  49848 [ACK] Seq=159814 Ack=141 Win=65024 Len=1104 TSval=2916032907 TSecr=3045552680 [TCP segment of a reassembled PDU]"
"5343","28.829959911","192.168.1.2","192.168.1.55","TCP","66","49848  >  8004 [ACK] Seq=141 Ack=95758 Win=83968 Len=0 TSval=3045552682 TSecr=2916032903"
"5344","28.829977967","192.168.1.55","192.168.1.2","TCP","1514","8004  >  49848 [ACK] Seq=160918 Ack=141 Win=65024 Len=1448 TSval=2916032910 TSecr=3045552682 [TCP segment of a reassembled PDU]"
"5345","28.829980763","192.168.1.55","192.168.1.2","TCP","1514","8004  >  49848 [ACK] Seq=162366 Ack=141 Win=65024 Len=1448 TSval=2916032910 TSecr=3045552682 [TCP segment of a reassembled PDU]"
"5346","28.829981985","192.168.1.55","192.168.1.2","TCP","1514","8004  >  49848 [ACK] Seq=163814 Ack=141 Win=65024 Len=1448 TSval=2916032910 TSecr=3045552682 [TCP segment of a reassembled PDU]"
"5347","28.829983485","192.168.1.55","192.168.1.2","TCP","1514","8004  >  49848 [ACK] Seq=165262 Ack=141 Win=65024 Len=1448 TSval=2916032910 TSecr=3045552682 [TCP segment of a reassembled PDU]"
"5348","28.829984633","192.168.1.55","192.168.1.2","TCP","1514","8004  >  49848 [ACK] Seq=166710 Ack=141 Win=65024 Len=1448 TSval=2916032910 TSecr=3045552682 [TCP segment of a reassembled PDU]"
"5349","28.829985781","192.168.1.55","192.168.1.2","TCP","1514","8004  >  49848 [ACK] Seq=168158 Ack=141 Win=65024 Len=1448 TSval=2916032910 TSecr=3045552682 [TCP segment of a reassembled PDU]"
"5350","28.829986892","192.168.1.55","192.168.1.2","TCP","1514","8004  >  49848 [ACK] Seq=169606 Ack=141 Win=65024 Len=1448 TSval=2916032910 TSecr=3045552682 [TCP segment of a reassembled PDU]"
"5351","28.829987948","192.168.1.55","192.168.1.2","TCP","1514","8004  >  49848 [ACK] Seq=171054 Ack=141 Win=65024 Len=1448 TSval=2916032910 TSecr=3045552682 [TCP segment of a reassembled PDU]"
"5352","28.829989041","192.168.1.55","192.168.1.2","TCP","1514","8004  >  49848 [ACK] Seq=172502 Ack=141 Win=65024 Len=1448 TSval=2916032910 TSecr=3045552682 [TCP segment of a reassembled PDU]"
"5353","28.829990189","192.168.1.55","192.168.1.2","TCP","1514","8004  >  49848 [ACK] Seq=173950 Ack=141 Win=65024 Len=1448 TSval=2916032910 TSecr=3045552682 [TCP segment of a reassembled PDU]"
"5354","28.829991300","192.168.1.55","192.168.1.2","TCP","1514","8004  >  49848 [ACK] Seq=175398 Ack=141 Win=65024 Len=1448 TSval=2916032910 TSecr=3045552682 [TCP segment of a reassembled PDU]"
"5355","28.829992448","192.168.1.55","192.168.1.2","TCP","1514","8004  >  49848 [PSH, ACK] Seq=176846 Ack=141 Win=65024 Len=1448 TSval=2916032910 TSecr=3045552682 [TCP segment of a reassembled PDU]"
"5356","28.830041541","192.168.1.2","192.168.1.55","TCP","66","49848  >  8004 [ACK] Seq=141 Ack=100102 Win=81920 Len=0 TSval=3045552682 TSecr=2916032903"
"5357","28.832856971","192.168.1.2","192.168.1.55","TCP","66","49848  >  8004 [ACK] Seq=141 Ack=102998 Win=82944 Len=0 TSval=3045552686 TSecr=2916032905"
"5358","28.832868767","192.168.1.55","192.168.1.2","TCP","1514","8004  >  49848 [ACK] Seq=178294 Ack=141 Win=65024 Len=1448 TSval=2916032913 TSecr=3045552686 [TCP segment of a reassembled PDU]"
"5359","28.832871416","192.168.1.55","192.168.1.2","TCP","1514","8004  >  49848 [ACK] Seq=179742 Ack=141 Win=65024 Len=1448 TSval=2916032913 TSecr=3045552686 [TCP segment of a reassembled PDU]"
"5360","28.832872693","192.168.1.55","192.168.1.2","TCP","1514","8004  >  49848 [ACK] Seq=181190 Ack=141 Win=65024 Len=1448 TSval=2916032913 TSecr=3045552686 [TCP segment of a reassembled PDU]"
"5361","28.832874101","192.168.1.55","192.168.1.2","TCP","1514","8004  >  49848 [ACK] Seq=182638 Ack=141 Win=65024 Len=1448 TSval=2916032913 TSecr=3045552686 [TCP segment of a reassembled PDU]"
"5362","28.832875434","192.168.1.55","192.168.1.2","TCP","1514","8004  >  49848 [PSH, ACK] Seq=184086 Ack=141 Win=65024 Len=1448 TSval=2916032913 TSecr=3045552686 [TCP segment of a reassembled PDU]"
"5363","28.833188638","192.168.1.2","192.168.1.55","TCP","66","49848  >  8004 [ACK] Seq=141 Ack=118926 Win=91136 Len=0 TSval=3045552686 TSecr=2916032906"
"5364","28.833207175","192.168.1.55","192.168.1.2","TCP","1514","8004  >  49848 [ACK] Seq=185534 Ack=141 Win=65024 Len=1448 TSval=2916032913 TSecr=3045552686 [TCP segment of a reassembled PDU]"
"5365","28.833209749","192.168.1.55","192.168.1.2","TCP","1514","8004  >  49848 [ACK] Seq=186982 Ack=141 Win=65024 Len=1448 TSval=2916032913 TSecr=3045552686 [TCP segment of a reassembled PDU]"
"5366","28.833211083","192.168.1.55","192.168.1.2","TCP","1514","8004  >  49848 [ACK] Seq=188430 Ack=141 Win=65024 Len=1448 TSval=2916032913 TSecr=3045552686 [TCP segment of a reassembled PDU]"
"5367","28.833212360","192.168.1.55","192.168.1.2","TCP","1514","8004  >  49848 [ACK] Seq=189878 Ack=141 Win=65024 Len=1448 TSval=2916032913 TSecr=3045552686 [TCP segment of a reassembled PDU]"
"5368","28.833213712","192.168.1.55","192.168.1.2","TCP","1514","8004  >  49848 [ACK] Seq=191326 Ack=141 Win=65024 Len=1448 TSval=2916032913 TSecr=3045552686 [TCP segment of a reassembled PDU]"
"5369","28.833214990","192.168.1.55","192.168.1.2","TCP","1514","8004  >  49848 [ACK] Seq=192774 Ack=141 Win=65024 Len=1448 TSval=2916032913 TSecr=3045552686 [TCP segment of a reassembled PDU]"
"5370","28.833216268","192.168.1.55","192.168.1.2","TCP","1514","8004  >  49848 [ACK] Seq=194222 Ack=141 Win=65024 Len=1448 TSval=2916032913 TSecr=3045552686 [TCP segment of a reassembled PDU]"
"5371","28.833217601","192.168.1.55","192.168.1.2","TCP","1514","8004  >  49848 [ACK] Seq=195670 Ack=141 Win=65024 Len=1448 TSval=2916032913 TSecr=3045552686 [TCP segment of a reassembled PDU]"
"5372","28.833218879","192.168.1.55","192.168.1.2","TCP","1514","8004  >  49848 [ACK] Seq=197118 Ack=141 Win=65024 Len=1448 TSval=2916032913 TSecr=3045552686 [TCP segment of a reassembled PDU]"
"5373","28.833220305","192.168.1.55","192.168.1.2","TCP","1514","8004  >  49848 [ACK] Seq=198566 Ack=141 Win=65024 Len=1448 TSval=2916032913 TSecr=3045552686 [TCP segment of a reassembled PDU]"
"5374","28.833221601","192.168.1.55","192.168.1.2","TCP","1514","8004  >  49848 [ACK] Seq=200014 Ack=141 Win=65024 Len=1448 TSval=2916032913 TSecr=3045552686 [TCP segment of a reassembled PDU]"
"5375","28.833222879","192.168.1.55","192.168.1.2","TCP","1514","8004  >  49848 [PSH, ACK] Seq=201462 Ack=141 Win=65024 Len=1448 TSval=2916032913 TSecr=3045552686 [TCP segment of a reassembled PDU]"
"5376","28.833227657","192.168.1.2","192.168.1.55","TCP","66","49848  >  8004 [ACK] Seq=141 Ack=136646 Win=91136 Len=0 TSval=3045552686 TSecr=2916032906"
"5377","28.833235101","192.168.1.2","192.168.1.55","TCP","66","49848  >  8004 [ACK] Seq=141 Ack=159814 Win=98304 Len=0 TSval=3045552686 TSecr=2916032907"
"5378","28.833277842","192.168.1.55","192.168.1.2","TCP","1514","8004  >  49848 [ACK] Seq=202910 Ack=141 Win=65024 Len=1448 TSval=2916032913 TSecr=3045552686 [TCP segment of a reassembled PDU]"
"5379","28.833280157","192.168.1.55","192.168.1.2","TCP","1514","8004  >  49848 [ACK] Seq=204358 Ack=141 Win=65024 Len=1448 TSval=2916032913 TSecr=3045552686 [TCP segment of a reassembled PDU]"
"5380","28.833281583","192.168.1.55","192.168.1.2","TCP","1514","8004  >  49848 [ACK] Seq=205806 Ack=141 Win=65024 Len=1448 TSval=2916032913 TSecr=3045552686 [TCP segment of a reassembled PDU]"
"5381","28.833282879","192.168.1.55","192.168.1.2","TCP","1514","8004  >  49848 [ACK] Seq=207254 Ack=141 Win=65024 Len=1448 TSval=2916032913 TSecr=3045552686 [TCP segment of a reassembled PDU]"
"5382","28.833284231","192.168.1.55","192.168.1.2","TCP","1514","8004  >  49848 [ACK] Seq=208702 Ack=141 Win=65024 Len=1448 TSval=2916032913 TSecr=3045552686 [TCP segment of a reassembled PDU]"
"5383","28.833286009","192.168.1.55","192.168.1.2","TCP","1514","8004  >  49848 [ACK] Seq=210150 Ack=141 Win=65024 Len=1448 TSval=2916032913 TSecr=3045552686 [TCP segment of a reassembled PDU]"
"5384","28.833287546","192.168.1.55","192.168.1.2","TCP","1514","8004  >  49848 [ACK] Seq=211598 Ack=141 Win=65024 Len=1448 TSval=2916032913 TSecr=3045552686 [TCP segment of a reassembled PDU]"
"5385","28.833288935","192.168.1.55","192.168.1.2","TCP","1514","8004  >  49848 [ACK] Seq=213046 Ack=141 Win=65024 Len=1448 TSval=2916032913 TSecr=3045552686 [TCP segment of a reassembled PDU]"
"5386","28.833290212","192.168.1.55","192.168.1.2","TCP","1514","8004  >  49848 [ACK] Seq=214494 Ack=141 Win=65024 Len=1448 TSval=2916032913 TSecr=3045552686 [TCP segment of a reassembled PDU]"
"5387","28.833295953","192.168.1.55","192.168.1.2","TCP","1514","8004  >  49848 [ACK] Seq=215942 Ack=141 Win=65024 Len=1448 TSval=2916032913 TSecr=3045552686 [TCP segment of a reassembled PDU]"
"5388","28.833297416","192.168.1.55","192.168.1.2","TCP","1514","8004  >  49848 [ACK] Seq=217390 Ack=141 Win=65024 Len=1448 TSval=2916032913 TSecr=3045552686 [TCP segment of a reassembled PDU]"
"5389","28.833298805","192.168.1.55","192.168.1.2","TCP","1514","8004  >  49848 [ACK] Seq=218838 Ack=141 Win=65024 Len=1448 TSval=2916032913 TSecr=3045552686 [TCP segment of a reassembled PDU]"
"5390","28.833300212","192.168.1.55","192.168.1.2","TCP","1514","8004  >  49848 [ACK] Seq=220286 Ack=141 Win=65024 Len=1448 TSval=2916032913 TSecr=3045552686 [TCP segment of a reassembled PDU]"
"5391","28.833302064","192.168.1.55","192.168.1.2","TCP","1514","8004  >  49848 [ACK] Seq=221734 Ack=141 Win=65024 Len=1448 TSval=2916032913 TSecr=3045552686 [TCP segment of a reassembled PDU]"
"5392","28.833303416","192.168.1.55","192.168.1.2","TCP","1514","8004  >  49848 [ACK] Seq=223182 Ack=141 Win=65024 Len=1448 TSval=2916032913 TSecr=3045552686 [TCP segment of a reassembled PDU]"
"5393","28.833305027","192.168.1.55","192.168.1.2","TCP","1514","8004  >  49848 [ACK] Seq=224630 Ack=141 Win=65024 Len=1448 TSval=2916032913 TSecr=3045552686 [TCP segment of a reassembled PDU]"
"5394","28.833306435","192.168.1.55","192.168.1.2","TCP","1514","8004  >  49848 [ACK] Seq=226078 Ack=141 Win=65024 Len=1448 TSval=2916032913 TSecr=3045552686 [TCP segment of a reassembled PDU]"
"5395","28.833307879","192.168.1.55","192.168.1.2","TCP","1514","8004  >  49848 [ACK] Seq=227526 Ack=141 Win=65024 Len=1448 TSval=2916032913 TSecr=3045552686 [TCP segment of a reassembled PDU]"
"5396","28.833309213","192.168.1.55","192.168.1.2","TCP","1514","8004  >  49848 [ACK] Seq=228974 Ack=141 Win=65024 Len=1448 TSval=2916032913 TSecr=3045552686 [TCP segment of a reassembled PDU]"
"5397","28.833310546","192.168.1.55","192.168.1.2","TCP","1514","8004  >  49848 [ACK] Seq=230422 Ack=141 Win=65024 Len=1448 TSval=2916032913 TSecr=3045552686 [TCP segment of a reassembled PDU]"
"5398","28.833311935","192.168.1.55","192.168.1.2","TCP","1514","8004  >  49848 [ACK] Seq=231870 Ack=141 Win=65024 Len=1448 TSval=2916032913 TSecr=3045552686 [TCP segment of a reassembled PDU]"
"5399","28.833313287","192.168.1.55","192.168.1.2","TCP","1514","8004  >  49848 [ACK] Seq=233318 Ack=141 Win=65024 Len=1448 TSval=2916032913 TSecr=3045552686 [TCP segment of a reassembled PDU]"
"5400","28.833314657","192.168.1.55","192.168.1.2","TCP","1514","8004  >  49848 [ACK] Seq=234766 Ack=141 Win=65024 Len=1448 TSval=2916032913 TSecr=3045552686 [TCP segment of a reassembled PDU]"
"5401","28.833316009","192.168.1.55","192.168.1.2","TCP","1514","8004  >  49848 [ACK] Seq=236214 Ack=141 Win=65024 Len=1448 TSval=2916032913 TSecr=3045552686 [TCP segment of a reassembled PDU]"
"5402","28.833317435","192.168.1.55","192.168.1.2","TCP","1514","8004  >  49848 [ACK] Seq=237662 Ack=141 Win=65024 Len=1448 TSval=2916032913 TSecr=3045552686 [TCP segment of a reassembled PDU]"
"5403","28.833319213","192.168.1.55","192.168.1.2","TCP","1514","8004  >  49848 [ACK] Seq=239110 Ack=141 Win=65024 Len=1448 TSval=2916032913 TSecr=3045552686 [TCP segment of a reassembled PDU]"
"5404","28.833320490","192.168.1.55","192.168.1.2","TCP","1514","8004  >  49848 [ACK] Seq=240558 Ack=141 Win=65024 Len=1448 TSval=2916032913 TSecr=3045552686 [TCP segment of a reassembled PDU]"
"5405","28.833321842","192.168.1.55","192.168.1.2","TCP","1514","8004  >  49848 [ACK] Seq=242006 Ack=141 Win=65024 Len=1448 TSval=2916032913 TSecr=3045552686 [TCP segment of a reassembled PDU]"
"5406","28.833323268","192.168.1.55","192.168.1.2","TCP","1514","8004  >  49848 [PSH, ACK] Seq=243454 Ack=141 Win=65024 Len=1448 TSval=2916032913 TSecr=3045552686 [TCP segment of a reassembled PDU]"
"5407","28.833329194","192.168.1.2","192.168.1.55","TCP","66","49848  >  8004 [ACK] Seq=141 Ack=160918 Win=101376 Len=0 TSval=3045552688 TSecr=2916032907"
"5408","28.836091680","192.168.1.2","192.168.1.55","TCP","66","49848  >  8004 [ACK] Seq=141 Ack=178294 Win=103424 Len=0 TSval=3045552689 TSecr=2916032910"
"5409","28.836133143","192.168.1.55","192.168.1.2","TCP","1514","8004  >  49848 [ACK] Seq=244902 Ack=141 Win=65024 Len=1448 TSval=2916032916 TSecr=3045552689 [TCP segment of a reassembled PDU]"
"5410","28.836135958","192.168.1.55","192.168.1.2","TCP","1514","8004  >  49848 [ACK] Seq=246350 Ack=141 Win=65024 Len=1448 TSval=2916032916 TSecr=3045552689 [TCP segment of a reassembled PDU]"
"5411","28.836137513","192.168.1.55","192.168.1.2","TCP","1514","8004  >  49848 [ACK] Seq=247798 Ack=141 Win=65024 Len=1448 TSval=2916032916 TSecr=3045552689 [TCP segment of a reassembled PDU]"
"5412","28.836138847","192.168.1.55","192.168.1.2","TCP","1514","8004  >  49848 [ACK] Seq=249246 Ack=141 Win=65024 Len=1448 TSval=2916032916 TSecr=3045552689 [TCP segment of a reassembled PDU]"
"5413","28.836140347","192.168.1.55","192.168.1.2","TCP","1514","8004  >  49848 [ACK] Seq=250694 Ack=141 Win=65024 Len=1448 TSval=2916032916 TSecr=3045552689 [TCP segment of a reassembled PDU]"
"5414","28.836141828","192.168.1.55","192.168.1.2","TCP","1514","8004  >  49848 [ACK] Seq=252142 Ack=141 Win=65024 Len=1448 TSval=2916032916 TSecr=3045552689 [TCP segment of a reassembled PDU]"
"5415","28.836143272","192.168.1.55","192.168.1.2","TCP","1514","8004  >  49848 [ACK] Seq=253590 Ack=141 Win=65024 Len=1448 TSval=2916032916 TSecr=3045552689 [TCP segment of a reassembled PDU]"
"5416","28.836144680","192.168.1.55","192.168.1.2","TCP","1514","8004  >  49848 [ACK] Seq=255038 Ack=141 Win=65024 Len=1448 TSval=2916032916 TSecr=3045552689 [TCP segment of a reassembled PDU]"
"5417","28.836145976","192.168.1.55","192.168.1.2","TCP","1514","8004  >  49848 [ACK] Seq=256486 Ack=141 Win=65024 Len=1448 TSval=2916032916 TSecr=3045552689 [TCP segment of a reassembled PDU]"
"5418","28.836147347","192.168.1.55","192.168.1.2","TCP","1514","8004  >  49848 [ACK] Seq=257934 Ack=141 Win=65024 Len=1448 TSval=2916032916 TSecr=3045552689 [TCP segment of a reassembled PDU]"
"5419","28.836148735","192.168.1.55","192.168.1.2","TCP","1514","8004  >  49848 [ACK] Seq=259382 Ack=141 Win=65024 Len=1448 TSval=2916032916 TSecr=3045552689 [TCP segment of a reassembled PDU]"
"5420","28.836150180","192.168.1.55","192.168.1.2","TCP","1514","8004  >  49848 [ACK] Seq=260830 Ack=141 Win=65024 Len=1448 TSval=2916032916 TSecr=3045552689 [TCP segment of a reassembled PDU]"
"5421","28.836151550","192.168.1.55","192.168.1.2","TCP","1514","8004  >  49848 [ACK] Seq=262278 Ack=141 Win=65024 Len=1448 TSval=2916032916 TSecr=3045552689 [TCP segment of a reassembled PDU]"
"5422","28.836152865","192.168.1.55","192.168.1.2","TCP","1514","8004  >  49848 [ACK] Seq=263726 Ack=141 Win=65024 Len=1448 TSval=2916032916 TSecr=3045552689 [TCP segment of a reassembled PDU]"
"5423","28.836154476","192.168.1.55","192.168.1.2","TCP","1514","8004  >  49848 [ACK] Seq=265174 Ack=141 Win=65024 Len=1448 TSval=2916032916 TSecr=3045552689 [TCP segment of a reassembled PDU]"
"5424","28.836155791","192.168.1.55","192.168.1.2","TCP","1514","8004  >  49848 [ACK] Seq=266622 Ack=141 Win=65024 Len=1448 TSval=2916032916 TSecr=3045552689 [TCP segment of a reassembled PDU]"
"5425","28.836162050","192.168.1.55","192.168.1.2","TCP","1514","8004  >  49848 [ACK] Seq=268070 Ack=141 Win=65024 Len=1448 TSval=2916032916 TSecr=3045552689 [TCP segment of a reassembled PDU]"
"5426","28.836163587","192.168.1.55","192.168.1.2","TCP","1514","8004  >  49848 [ACK] Seq=269518 Ack=141 Win=65024 Len=1448 TSval=2916032916 TSecr=3045552689 [TCP segment of a reassembled PDU]"
"5427","28.836165124","192.168.1.55","192.168.1.2","TCP","1514","8004  >  49848 [ACK] Seq=270966 Ack=141 Win=65024 Len=1448 TSval=2916032916 TSecr=3045552689 [TCP segment of a reassembled PDU]"
"5428","28.836166476","192.168.1.55","192.168.1.2","TCP","1514","8004  >  49848 [ACK] Seq=272414 Ack=141 Win=65024 Len=1448 TSval=2916032916 TSecr=3045552689 [TCP segment of a reassembled PDU]"
"5429","28.836167995","192.168.1.55","192.168.1.2","TCP","1514","8004  >  49848 [ACK] Seq=273862 Ack=141 Win=65024 Len=1448 TSval=2916032916 TSecr=3045552689 [TCP segment of a reassembled PDU]"
"5430","28.836169273","192.168.1.55","192.168.1.2","TCP","1514","8004  >  49848 [ACK] Seq=275310 Ack=141 Win=65024 Len=1448 TSval=2916032916 TSecr=3045552689 [TCP segment of a reassembled PDU]"
"5431","28.836170717","192.168.1.55","192.168.1.2","TCP","1514","8004  >  49848 [ACK] Seq=276758 Ack=141 Win=65024 Len=1448 TSval=2916032916 TSecr=3045552689 [TCP segment of a reassembled PDU]"
"5432","28.836172069","192.168.1.55","192.168.1.2","TCP","1514","8004  >  49848 [ACK] Seq=278206 Ack=141 Win=65024 Len=1448 TSval=2916032916 TSecr=3045552689 [TCP segment of a reassembled PDU]"
"5433","28.836173384","192.168.1.55","192.168.1.2","TCP","1514","8004  >  49848 [ACK] Seq=279654 Ack=141 Win=65024 Len=1448 TSval=2916032916 TSecr=3045552689 [TCP segment of a reassembled PDU]"
"5434","28.836174773","192.168.1.55","192.168.1.2","TCP","682","[TCP Window Full] 8004  >  49848 [PSH, ACK] Seq=281102 Ack=141 Win=65024 Len=616 TSval=2916032916 TSecr=3045552689 [TCP segment of a reassembled PDU]"
"5435","28.838568424","192.168.1.2","192.168.1.55","TCP","66","49848  >  8004 [ACK] Seq=141 Ack=185534 Win=110592 Len=0 TSval=3045552690 TSecr=2916032913"
"5436","28.838584165","192.168.1.55","192.168.1.2","TCP","1514","8004  >  49848 [ACK] Seq=281718 Ack=141 Win=65024 Len=1448 TSval=2916032919 TSecr=3045552690 [TCP segment of a reassembled PDU]"
"5437","28.838586832","192.168.1.55","192.168.1.2","TCP","1514","8004  >  49848 [ACK] Seq=283166 Ack=141 Win=65024 Len=1448 TSval=2916032919 TSecr=3045552690 [TCP segment of a reassembled PDU]"
"5438","28.838588128","192.168.1.55","192.168.1.2","TCP","1514","8004  >  49848 [PSH, ACK] Seq=284614 Ack=141 Win=65024 Len=1448 TSval=2916032919 TSecr=3045552690 [TCP segment of a reassembled PDU]"
"5439","28.838593202","192.168.1.55","192.168.1.2","TCP","898","8004  >  49848 [ACK] Seq=286062 Ack=141 Win=65024 Len=832 TSval=2916032919 TSecr=3045552690 [TCP segment of a reassembled PDU]"
"5440","28.841042928","192.168.1.2","192.168.1.55","TCP","66","49848  >  8004 [ACK] Seq=141 Ack=198566 Win=135168 Len=0 TSval=3045552694 TSecr=2916032913"
"5441","28.841077114","192.168.1.55","192.168.1.2","TCP","1514","8004  >  49848 [ACK] Seq=286894 Ack=141 Win=65024 Len=1448 TSval=2916032921 TSecr=3045552694 [TCP segment of a reassembled PDU]"
"5442","28.841079688","192.168.1.55","192.168.1.2","TCP","1514","8004  >  49848 [ACK] Seq=288342 Ack=141 Win=65024 Len=1448 TSval=2916032921 TSecr=3045552694 [TCP segment of a reassembled PDU]"
"5443","28.841081002","192.168.1.55","192.168.1.2","TCP","1514","8004  >  49848 [ACK] Seq=289790 Ack=141 Win=65024 Len=1448 TSval=2916032921 TSecr=3045552694 [TCP segment of a reassembled PDU]"
"5444","28.841082299","192.168.1.55","192.168.1.2","TCP","1514","8004  >  49848 [ACK] Seq=291238 Ack=141 Win=65024 Len=1448 TSval=2916032921 TSecr=3045552694 [TCP segment of a reassembled PDU]"
"5445","28.841083688","192.168.1.55","192.168.1.2","TCP","1514","8004  >  49848 [ACK] Seq=292686 Ack=141 Win=65024 Len=1448 TSval=2916032921 TSecr=3045552694 [TCP segment of a reassembled PDU]"
"5446","28.841085132","192.168.1.55","192.168.1.2","TCP","1514","8004  >  49848 [ACK] Seq=294134 Ack=141 Win=65024 Len=1448 TSval=2916032921 TSecr=3045552694 [TCP segment of a reassembled PDU]"
"5447","28.841086428","192.168.1.55","192.168.1.2","TCP","1514","8004  >  49848 [ACK] Seq=295582 Ack=141 Win=65024 Len=1448 TSval=2916032921 TSecr=3045552694 [TCP segment of a reassembled PDU]"
"5448","28.841087780","192.168.1.55","192.168.1.2","TCP","1514","8004  >  49848 [ACK] Seq=297030 Ack=141 Win=65024 Len=1448 TSval=2916032921 TSecr=3045552694 [TCP segment of a reassembled PDU]"
"5449","28.841089114","192.168.1.55","192.168.1.2","TCP","1514","8004  >  49848 [ACK] Seq=298478 Ack=141 Win=65024 Len=1448 TSval=2916032921 TSecr=3045552694 [TCP segment of a reassembled PDU]"
"5450","28.841090484","192.168.1.55","192.168.1.2","TCP","1514","8004  >  49848 [ACK] Seq=299926 Ack=141 Win=65024 Len=1448 TSval=2916032921 TSecr=3045552694 [TCP segment of a reassembled PDU]"
"5451","28.841091799","192.168.1.55","192.168.1.2","TCP","1514","8004  >  49848 [ACK] Seq=301374 Ack=141 Win=65024 Len=1448 TSval=2916032921 TSecr=3045552694 [TCP segment of a reassembled PDU]"
"5452","28.841093262","192.168.1.55","192.168.1.2","TCP","1514","8004  >  49848 [ACK] Seq=302822 Ack=141 Win=65024 Len=1448 TSval=2916032921 TSecr=3045552694 [TCP segment of a reassembled PDU]"
"5453","28.841095095","192.168.1.55","192.168.1.2","TCP","1514","8004  >  49848 [ACK] Seq=304270 Ack=141 Win=65024 Len=1448 TSval=2916032921 TSecr=3045552694 [TCP segment of a reassembled PDU]"
"5454","28.841096484","192.168.1.55","192.168.1.2","TCP","1514","8004  >  49848 [ACK] Seq=305718 Ack=141 Win=65024 Len=1448 TSval=2916032921 TSecr=3045552694 [TCP segment of a reassembled PDU]"
"5455","28.841097854","192.168.1.55","192.168.1.2","TCP","1514","8004  >  49848 [ACK] Seq=307166 Ack=141 Win=65024 Len=1448 TSval=2916032921 TSecr=3045552694 [TCP segment of a reassembled PDU]"
"5456","28.841099151","192.168.1.55","192.168.1.2","TCP","1514","8004  >  49848 [ACK] Seq=308614 Ack=141 Win=65024 Len=1448 TSval=2916032921 TSecr=3045552694 [TCP segment of a reassembled PDU]"
"5457","28.841100410","192.168.1.55","192.168.1.2","TCP","1514","8004  >  49848 [ACK] Seq=310062 Ack=141 Win=65024 Len=1448 TSval=2916032921 TSecr=3045552694 [TCP segment of a reassembled PDU]"
"5458","28.841101891","192.168.1.55","192.168.1.2","TCP","1514","8004  >  49848 [ACK] Seq=311510 Ack=141 Win=65024 Len=1448 TSval=2916032921 TSecr=3045552694 [TCP segment of a reassembled PDU]"
"5459","28.841103188","192.168.1.55","192.168.1.2","TCP","1514","8004  >  49848 [ACK] Seq=312958 Ack=141 Win=65024 Len=1448 TSval=2916032921 TSecr=3045552694 [TCP segment of a reassembled PDU]"
"5460","28.841104595","192.168.1.55","192.168.1.2","TCP","1514","8004  >  49848 [ACK] Seq=314406 Ack=141 Win=65024 Len=1448 TSval=2916032921 TSecr=3045552694 [TCP segment of a reassembled PDU]"
"5461","28.841105947","192.168.1.55","192.168.1.2","TCP","1514","8004  >  49848 [ACK] Seq=315854 Ack=141 Win=65024 Len=1448 TSval=2916032921 TSecr=3045552694 [TCP segment of a reassembled PDU]"
"5462","28.841107243","192.168.1.55","192.168.1.2","TCP","1514","8004  >  49848 [ACK] Seq=317302 Ack=141 Win=65024 Len=1448 TSval=2916032921 TSecr=3045552694 [TCP segment of a reassembled PDU]"
"5463","28.841108614","192.168.1.55","192.168.1.2","TCP","1514","8004  >  49848 [ACK] Seq=318750 Ack=141 Win=65024 Len=1448 TSval=2916032921 TSecr=3045552694 [TCP segment of a reassembled PDU]"
"5464","28.841109854","192.168.1.55","192.168.1.2","TCP","1514","8004  >  49848 [ACK] Seq=320198 Ack=141 Win=65024 Len=1448 TSval=2916032921 TSecr=3045552694 [TCP segment of a reassembled PDU]"
"5465","28.841111243","192.168.1.55","192.168.1.2","TCP","1514","8004  >  49848 [ACK] Seq=321646 Ack=141 Win=65024 Len=1448 TSval=2916032921 TSecr=3045552694 [TCP segment of a reassembled PDU]"
"5466","28.841112669","192.168.1.55","192.168.1.2","TCP","1514","8004  >  49848 [ACK] Seq=323094 Ack=141 Win=65024 Len=1448 TSval=2916032921 TSecr=3045552694 [TCP segment of a reassembled PDU]"
"5467","28.841113947","192.168.1.55","192.168.1.2","TCP","1514","8004  >  49848 [ACK] Seq=324542 Ack=141 Win=65024 Len=1448 TSval=2916032921 TSecr=3045552694 [TCP segment of a reassembled PDU]"
"5468","28.841115577","192.168.1.55","192.168.1.2","TCP","1514","8004  >  49848 [ACK] Seq=325990 Ack=141 Win=65024 Len=1448 TSval=2916032921 TSecr=3045552694 [TCP segment of a reassembled PDU]"
"5469","28.841116891","192.168.1.55","192.168.1.2","TCP","1514","8004  >  49848 [PSH, ACK] Seq=327438 Ack=141 Win=65024 Len=1448 TSval=2916032921 TSecr=3045552694 [TCP segment of a reassembled PDU]"
"5470","28.841207391","192.168.1.2","192.168.1.55","TCP","66","49848  >  8004 [ACK] Seq=141 Ack=202910 Win=144384 Len=0 TSval=3045552694 TSecr=2916032913"
"5471","28.841215132","192.168.1.2","192.168.1.55","TCP","66","49848  >  8004 [ACK] Seq=141 Ack=218838 Win=131072 Len=0 TSval=3045552694 TSecr=2916032913"
"5472","28.841220151","192.168.1.2","192.168.1.55","TCP","66","49848  >  8004 [ACK] Seq=141 Ack=244902 Win=108544 Len=0 TSval=3045552694 TSecr=2916032913"
"5473","28.842414004","192.168.1.2","192.168.1.55","TCP","66","49848  >  8004 [ACK] Seq=141 Ack=281718 Win=114688 Len=0 TSval=3045552697 TSecr=2916032916"
"5474","28.842447782","192.168.1.55","192.168.1.2","TCP","1514","8004  >  49848 [ACK] Seq=328886 Ack=141 Win=65024 Len=1448 TSval=2916032923 TSecr=3045552697 [TCP segment of a reassembled PDU]"
"5475","28.842450227","192.168.1.55","192.168.1.2","TCP","1514","8004  >  49848 [ACK] Seq=330334 Ack=141 Win=65024 Len=1448 TSval=2916032923 TSecr=3045552697 [TCP segment of a reassembled PDU]"
"5476","28.842451671","192.168.1.55","192.168.1.2","TCP","1514","8004  >  49848 [ACK] Seq=331782 Ack=141 Win=65024 Len=1448 TSval=2916032923 TSecr=3045552697 [TCP segment of a reassembled PDU]"
"5477","28.842453097","192.168.1.55","192.168.1.2","TCP","1514","8004  >  49848 [ACK] Seq=333230 Ack=141 Win=65024 Len=1448 TSval=2916032923 TSecr=3045552697 [TCP segment of a reassembled PDU]"
"5478","28.842454468","192.168.1.55","192.168.1.2","TCP","1514","8004  >  49848 [ACK] Seq=334678 Ack=141 Win=65024 Len=1448 TSval=2916032923 TSecr=3045552697 [TCP segment of a reassembled PDU]"
"5479","28.842455875","192.168.1.55","192.168.1.2","TCP","1514","8004  >  49848 [ACK] Seq=336126 Ack=141 Win=65024 Len=1448 TSval=2916032923 TSecr=3045552697 [TCP segment of a reassembled PDU]"
"5480","28.842457653","192.168.1.55","192.168.1.2","TCP","1514","8004  >  49848 [ACK] Seq=337574 Ack=141 Win=65024 Len=1448 TSval=2916032923 TSecr=3045552697 [TCP segment of a reassembled PDU]"
"5481","28.842458968","192.168.1.55","192.168.1.2","TCP","1514","8004  >  49848 [ACK] Seq=339022 Ack=141 Win=65024 Len=1448 TSval=2916032923 TSecr=3045552697 [TCP segment of a reassembled PDU]"
"5482","28.842460356","192.168.1.55","192.168.1.2","TCP","1514","8004  >  49848 [ACK] Seq=340470 Ack=141 Win=65024 Len=1448 TSval=2916032923 TSecr=3045552697 [TCP segment of a reassembled PDU]"
"5483","28.842461727","192.168.1.55","192.168.1.2","TCP","1514","8004  >  49848 [ACK] Seq=341918 Ack=141 Win=65024 Len=1448 TSval=2916032923 TSecr=3045552697 [TCP segment of a reassembled PDU]"
"5484","28.842463023","192.168.1.55","192.168.1.2","TCP","1514","8004  >  49848 [ACK] Seq=343366 Ack=141 Win=65024 Len=1448 TSval=2916032923 TSecr=3045552697 [TCP segment of a reassembled PDU]"
"5485","28.842464393","192.168.1.55","192.168.1.2","TCP","1514","8004  >  49848 [ACK] Seq=344814 Ack=141 Win=65024 Len=1448 TSval=2916032923 TSecr=3045552697 [TCP segment of a reassembled PDU]"
"5486","28.842465690","192.168.1.55","192.168.1.2","TCP","1514","8004  >  49848 [ACK] Seq=346262 Ack=141 Win=65024 Len=1448 TSval=2916032923 TSecr=3045552697 [TCP segment of a reassembled PDU]"
"5487","28.842467079","192.168.1.55","192.168.1.2","TCP","1514","8004  >  49848 [ACK] Seq=347710 Ack=141 Win=65024 Len=1448 TSval=2916032923 TSecr=3045552697 [TCP segment of a reassembled PDU]"
"5488","28.842468542","192.168.1.55","192.168.1.2","TCP","1514","8004  >  49848 [ACK] Seq=349158 Ack=141 Win=65024 Len=1448 TSval=2916032923 TSecr=3045552697 [TCP segment of a reassembled PDU]"
"5489","28.842469912","192.168.1.55","192.168.1.2","TCP","1514","8004  >  49848 [ACK] Seq=350606 Ack=141 Win=65024 Len=1448 TSval=2916032923 TSecr=3045552697 [TCP segment of a reassembled PDU]"
"5490","28.842471282","192.168.1.55","192.168.1.2","TCP","1514","8004  >  49848 [ACK] Seq=352054 Ack=141 Win=65024 Len=1448 TSval=2916032923 TSecr=3045552697 [TCP segment of a reassembled PDU]"
"5491","28.842472671","192.168.1.55","192.168.1.2","TCP","1514","8004  >  49848 [ACK] Seq=353502 Ack=141 Win=65024 Len=1448 TSval=2916032923 TSecr=3045552697 [TCP segment of a reassembled PDU]"
"5492","28.842474468","192.168.1.55","192.168.1.2","TCP","1514","8004  >  49848 [ACK] Seq=354950 Ack=141 Win=65024 Len=1448 TSval=2916032923 TSecr=3045552697 [TCP segment of a reassembled PDU]"
"5493","28.842475745","192.168.1.55","192.168.1.2","TCP","1514","8004  >  49848 [ACK] Seq=356398 Ack=141 Win=65024 Len=1448 TSval=2916032923 TSecr=3045552697 [TCP segment of a reassembled PDU]"
"5494","28.842477282","192.168.1.55","192.168.1.2","TCP","1514","8004  >  49848 [ACK] Seq=357846 Ack=141 Win=65024 Len=1448 TSval=2916032923 TSecr=3045552697 [TCP segment of a reassembled PDU]"
"5495","28.842478782","192.168.1.55","192.168.1.2","TCP","1514","8004  >  49848 [ACK] Seq=359294 Ack=141 Win=65024 Len=1448 TSval=2916032923 TSecr=3045552697 [TCP segment of a reassembled PDU]"
"5496","28.842480171","192.168.1.55","192.168.1.2","TCP","1514","8004  >  49848 [ACK] Seq=360742 Ack=141 Win=65024 Len=1448 TSval=2916032923 TSecr=3045552697 [TCP segment of a reassembled PDU]"
"5497","28.842481764","192.168.1.55","192.168.1.2","TCP","1514","8004  >  49848 [ACK] Seq=362190 Ack=141 Win=65024 Len=1448 TSval=2916032923 TSecr=3045552697 [TCP segment of a reassembled PDU]"
"5498","28.842483042","192.168.1.55","192.168.1.2","TCP","1514","8004  >  49848 [ACK] Seq=363638 Ack=141 Win=65024 Len=1448 TSval=2916032923 TSecr=3045552697 [TCP segment of a reassembled PDU]"
"5499","28.842484375","192.168.1.55","192.168.1.2","TCP","1514","8004  >  49848 [ACK] Seq=365086 Ack=141 Win=65024 Len=1448 TSval=2916032923 TSecr=3045552697 [TCP segment of a reassembled PDU]"
"5500","28.842485856","192.168.1.55","192.168.1.2","TCP","1514","8004  >  49848 [ACK] Seq=366534 Ack=141 Win=65024 Len=1448 TSval=2916032923 TSecr=3045552697 [TCP segment of a reassembled PDU]"
"5501","28.842487634","192.168.1.55","192.168.1.2","TCP","1514","8004  >  49848 [ACK] Seq=367982 Ack=141 Win=65024 Len=1448 TSval=2916032923 TSecr=3045552697 [TCP segment of a reassembled PDU]"
"5502","28.842489023","192.168.1.55","192.168.1.2","TCP","1514","8004  >  49848 [PSH, ACK] Seq=369430 Ack=141 Win=65024 Len=1448 TSval=2916032923 TSecr=3045552697 [TCP segment of a reassembled PDU]"
"5503","28.842520171","192.168.1.2","192.168.1.55","TCP","66","49848  >  8004 [ACK] Seq=141 Ack=284614 Win=112640 Len=0 TSval=3045552697 TSecr=2916032919"
"5504","28.847516124","192.168.1.2","192.168.1.55","TCP","66","49848  >  8004 [ACK] Seq=141 Ack=286062 Win=145408 Len=0 TSval=3045552698 TSecr=2916032919"
"5505","28.847549605","192.168.1.55","192.168.1.2","TCP","1514","8004  >  49848 [ACK] Seq=370878 Ack=141 Win=65024 Len=1448 TSval=2916032928 TSecr=3045552698 [TCP segment of a reassembled PDU]"
"5506","28.847552087","192.168.1.55","192.168.1.2","TCP","1514","8004  >  49848 [ACK] Seq=372326 Ack=141 Win=65024 Len=1448 TSval=2916032928 TSecr=3045552698 [TCP segment of a reassembled PDU]"
"5507","28.847553624","192.168.1.55","192.168.1.2","TCP","1514","8004  >  49848 [ACK] Seq=373774 Ack=141 Win=65024 Len=1448 TSval=2916032928 TSecr=3045552698 [TCP segment of a reassembled PDU]"
"5508","28.847555013","192.168.1.55","192.168.1.2","TCP","1514","8004  >  49848 [ACK] Seq=375222 Ack=141 Win=65024 Len=1448 TSval=2916032928 TSecr=3045552698 [TCP segment of a reassembled PDU]"
"5509","28.847556457","192.168.1.55","192.168.1.2","TCP","1514","8004  >  49848 [ACK] Seq=376670 Ack=141 Win=65024 Len=1448 TSval=2916032928 TSecr=3045552698 [TCP segment of a reassembled PDU]"
"5510","28.847557864","192.168.1.55","192.168.1.2","TCP","1514","8004  >  49848 [ACK] Seq=378118 Ack=141 Win=65024 Len=1448 TSval=2916032928 TSecr=3045552698 [TCP segment of a reassembled PDU]"
"5511","28.847559179","192.168.1.55","192.168.1.2","TCP","1514","8004  >  49848 [ACK] Seq=379566 Ack=141 Win=65024 Len=1448 TSval=2916032928 TSecr=3045552698 [TCP segment of a reassembled PDU]"
"5512","28.847560624","192.168.1.55","192.168.1.2","TCP","1514","8004  >  49848 [ACK] Seq=381014 Ack=141 Win=65024 Len=1448 TSval=2916032928 TSecr=3045552698 [TCP segment of a reassembled PDU]"
"5513","28.847561957","192.168.1.55","192.168.1.2","TCP","1514","8004  >  49848 [ACK] Seq=382462 Ack=141 Win=65024 Len=1448 TSval=2916032928 TSecr=3045552698 [TCP segment of a reassembled PDU]"
"5514","28.847563401","192.168.1.55","192.168.1.2","TCP","1514","8004  >  49848 [ACK] Seq=383910 Ack=141 Win=65024 Len=1448 TSval=2916032928 TSecr=3045552698 [TCP segment of a reassembled PDU]"
"5515","28.847564698","192.168.1.55","192.168.1.2","TCP","1514","8004  >  49848 [ACK] Seq=385358 Ack=141 Win=65024 Len=1448 TSval=2916032928 TSecr=3045552698 [TCP segment of a reassembled PDU]"
"5516","28.847566142","192.168.1.55","192.168.1.2","TCP","1514","8004  >  49848 [ACK] Seq=386806 Ack=141 Win=65024 Len=1448 TSval=2916032928 TSecr=3045552698 [TCP segment of a reassembled PDU]"
"5517","28.847567605","192.168.1.55","192.168.1.2","TCP","1514","8004  >  49848 [ACK] Seq=388254 Ack=141 Win=65024 Len=1448 TSval=2916032928 TSecr=3045552698 [TCP segment of a reassembled PDU]"
"5518","28.847569124","192.168.1.55","192.168.1.2","TCP","1514","8004  >  49848 [ACK] Seq=389702 Ack=141 Win=65024 Len=1448 TSval=2916032928 TSecr=3045552698 [TCP segment of a reassembled PDU]"
"5519","28.847570809","192.168.1.55","192.168.1.2","TCP","1514","8004  >  49848 [ACK] Seq=391150 Ack=141 Win=65024 Len=1448 TSval=2916032928 TSecr=3045552698 [TCP segment of a reassembled PDU]"
"5520","28.847572105","192.168.1.55","192.168.1.2","TCP","1514","8004  >  49848 [ACK] Seq=392598 Ack=141 Win=65024 Len=1448 TSval=2916032928 TSecr=3045552698 [TCP segment of a reassembled PDU]"
"5521","28.847573420","192.168.1.55","192.168.1.2","TCP","1514","8004  >  49848 [ACK] Seq=394046 Ack=141 Win=65024 Len=1448 TSval=2916032928 TSecr=3045552698 [TCP segment of a reassembled PDU]"
"5522","28.847574846","192.168.1.55","192.168.1.2","TCP","1514","8004  >  49848 [ACK] Seq=395494 Ack=141 Win=65024 Len=1448 TSval=2916032928 TSecr=3045552698 [TCP segment of a reassembled PDU]"
"5523","28.847576105","192.168.1.55","192.168.1.2","TCP","1514","8004  >  49848 [ACK] Seq=396942 Ack=141 Win=65024 Len=1448 TSval=2916032928 TSecr=3045552698 [TCP segment of a reassembled PDU]"
"5524","28.847577420","192.168.1.55","192.168.1.2","TCP","1514","8004  >  49848 [ACK] Seq=398390 Ack=141 Win=65024 Len=1448 TSval=2916032928 TSecr=3045552698 [TCP segment of a reassembled PDU]"
"5525","28.847578716","192.168.1.55","192.168.1.2","TCP","1514","8004  >  49848 [ACK] Seq=399838 Ack=141 Win=65024 Len=1448 TSval=2916032928 TSecr=3045552698 [TCP segment of a reassembled PDU]"
"5526","28.847580105","192.168.1.55","192.168.1.2","TCP","1514","8004  >  49848 [ACK] Seq=401286 Ack=141 Win=65024 Len=1448 TSval=2916032928 TSecr=3045552698 [TCP segment of a reassembled PDU]"
"5527","28.847581494","192.168.1.55","192.168.1.2","TCP","1514","8004  >  49848 [ACK] Seq=402734 Ack=141 Win=65024 Len=1448 TSval=2916032928 TSecr=3045552698 [TCP segment of a reassembled PDU]"
"5528","28.847582753","192.168.1.55","192.168.1.2","TCP","1514","8004  >  49848 [ACK] Seq=404182 Ack=141 Win=65024 Len=1448 TSval=2916032928 TSecr=3045552698 [TCP segment of a reassembled PDU]"
"5529","28.847584235","192.168.1.55","192.168.1.2","TCP","1514","8004  >  49848 [ACK] Seq=405630 Ack=141 Win=65024 Len=1448 TSval=2916032928 TSecr=3045552698 [TCP segment of a reassembled PDU]"
"5530","28.847585938","192.168.1.55","192.168.1.2","TCP","1514","8004  >  49848 [ACK] Seq=407078 Ack=141 Win=65024 Len=1448 TSval=2916032928 TSecr=3045552698 [TCP segment of a reassembled PDU]"
"5531","28.847587327","192.168.1.55","192.168.1.2","TCP","1514","8004  >  49848 [ACK] Seq=408526 Ack=141 Win=65024 Len=1448 TSval=2916032928 TSecr=3045552698 [TCP segment of a reassembled PDU]"
"5532","28.847588735","192.168.1.55","192.168.1.2","TCP","1514","8004  >  49848 [ACK] Seq=409974 Ack=141 Win=65024 Len=1448 TSval=2916032928 TSecr=3045552698 [TCP segment of a reassembled PDU]"
"5533","28.847590068","192.168.1.55","192.168.1.2","TCP","1514","8004  >  49848 [PSH, ACK] Seq=411422 Ack=141 Win=65024 Len=1448 TSval=2916032928 TSecr=3045552698 [TCP segment of a reassembled PDU]"
"5534","28.848732663","192.168.1.2","192.168.1.55","TCP","66","49848  >  8004 [ACK] Seq=141 Ack=286894 Win=145408 Len=0 TSval=3045552698 TSecr=2916032919"
"5535","28.848754014","192.168.1.55","192.168.1.2","TCP","1514","8004  >  49848 [ACK] Seq=412870 Ack=141 Win=65024 Len=1448 TSval=2916032929 TSecr=3045552698 [TCP segment of a reassembled PDU]"
"5536","28.848756292","192.168.1.55","192.168.1.2","TCP","1514","8004  >  49848 [ACK] Seq=414318 Ack=141 Win=65024 Len=1448 TSval=2916032929 TSecr=3045552698 [TCP segment of a reassembled PDU]"
"5537","28.848757700","192.168.1.55","192.168.1.2","TCP","1514","8004  >  49848 [ACK] Seq=415766 Ack=141 Win=65024 Len=1448 TSval=2916032929 TSecr=3045552698 [TCP segment of a reassembled PDU]"
"5538","28.848759200","192.168.1.55","192.168.1.2","TCP","1514","8004  >  49848 [ACK] Seq=417214 Ack=141 Win=65024 Len=1448 TSval=2916032929 TSecr=3045552698 [TCP segment of a reassembled PDU]"
"5539","28.848760496","192.168.1.55","192.168.1.2","TCP","1514","8004  >  49848 [ACK] Seq=418662 Ack=141 Win=65024 Len=1448 TSval=2916032929 TSecr=3045552698 [TCP segment of a reassembled PDU]"
"5540","28.848761774","192.168.1.55","192.168.1.2","TCP","1514","8004  >  49848 [ACK] Seq=420110 Ack=141 Win=65024 Len=1448 TSval=2916032929 TSecr=3045552698 [TCP segment of a reassembled PDU]"
"5541","28.848763348","192.168.1.55","192.168.1.2","TCP","1514","8004  >  49848 [ACK] Seq=421558 Ack=141 Win=65024 Len=1448 TSval=2916032929 TSecr=3045552698 [TCP segment of a reassembled PDU]"
"5542","28.848764626","192.168.1.55","192.168.1.2","TCP","1514","8004  >  49848 [ACK] Seq=423006 Ack=141 Win=65024 Len=1448 TSval=2916032929 TSecr=3045552698 [TCP segment of a reassembled PDU]"
"5543","28.848765922","192.168.1.55","192.168.1.2","TCP","1514","8004  >  49848 [ACK] Seq=424454 Ack=141 Win=65024 Len=1448 TSval=2916032929 TSecr=3045552698 [TCP segment of a reassembled PDU]"
"5544","28.848767200","192.168.1.55","192.168.1.2","TCP","1514","8004  >  49848 [ACK] Seq=425902 Ack=141 Win=65024 Len=1448 TSval=2916032929 TSecr=3045552698 [TCP segment of a reassembled PDU]"
"5545","28.848768922","192.168.1.55","192.168.1.2","TCP","1514","8004  >  49848 [ACK] Seq=427350 Ack=141 Win=65024 Len=1448 TSval=2916032929 TSecr=3045552698 [TCP segment of a reassembled PDU]"
"5546","28.848770292","192.168.1.55","192.168.1.2","TCP","1514","8004  >  49848 [ACK] Seq=428798 Ack=141 Win=65024 Len=1448 TSval=2916032929 TSecr=3045552698 [TCP segment of a reassembled PDU]"
"5547","28.848771588","192.168.1.55","192.168.1.2","TCP","1514","8004  >  49848 [ACK] Seq=430246 Ack=141 Win=65024 Len=1448 TSval=2916032929 TSecr=3045552698 [TCP segment of a reassembled PDU]"
"5548","28.848773014","192.168.1.55","192.168.1.2","TCP","674","[TCP Window Full] 8004  >  49848 [PSH, ACK] Seq=431694 Ack=141 Win=65024 Len=608 TSval=2916032929 TSecr=3045552698 [TCP segment of a reassembled PDU]"
"5549","28.848777440","192.168.1.2","192.168.1.55","TCP","66","49848  >  8004 [ACK] Seq=141 Ack=317302 Win=119808 Len=0 TSval=3045552703 TSecr=2916032921"
"5550","28.848784274","192.168.1.2","192.168.1.55","TCP","66","49848  >  8004 [ACK] Seq=141 Ack=328886 Win=139264 Len=0 TSval=3045552703 TSecr=2916032921"
"5551","28.848882366","192.168.1.55","192.168.1.2","TCP","1514","8004  >  49848 [ACK] Seq=432302 Ack=141 Win=65024 Len=1448 TSval=2916032929 TSecr=3045552703 [TCP segment of a reassembled PDU]"
"5552","28.848884292","192.168.1.55","192.168.1.2","TCP","1514","8004  >  49848 [ACK] Seq=433750 Ack=141 Win=65024 Len=1448 TSval=2916032929 TSecr=3045552703 [TCP segment of a reassembled PDU]"
"5553","28.848885663","192.168.1.55","192.168.1.2","TCP","1514","8004  >  49848 [ACK] Seq=435198 Ack=141 Win=65024 Len=1448 TSval=2916032929 TSecr=3045552703 [TCP segment of a reassembled PDU]"
"5554","28.848887459","192.168.1.55","192.168.1.2","TCP","1514","8004  >  49848 [ACK] Seq=436646 Ack=141 Win=65024 Len=1448 TSval=2916032929 TSecr=3045552703 [TCP segment of a reassembled PDU]"
"5555","28.848888959","192.168.1.55","192.168.1.2","TCP","1514","8004  >  49848 [ACK] Seq=438094 Ack=141 Win=65024 Len=1448 TSval=2916032929 TSecr=3045552703 [TCP segment of a reassembled PDU]"
"5556","28.848890441","192.168.1.55","192.168.1.2","TCP","1514","8004  >  49848 [ACK] Seq=439542 Ack=141 Win=65024 Len=1448 TSval=2916032929 TSecr=3045552703 [TCP segment of a reassembled PDU]"
"5557","28.848891885","192.168.1.55","192.168.1.2","TCP","1514","8004  >  49848 [ACK] Seq=440990 Ack=141 Win=65024 Len=1448 TSval=2916032929 TSecr=3045552703 [TCP segment of a reassembled PDU]"
"5558","28.848893311","192.168.1.55","192.168.1.2","TCP","1514","8004  >  49848 [ACK] Seq=442438 Ack=141 Win=65024 Len=1448 TSval=2916032929 TSecr=3045552703 [TCP segment of a reassembled PDU]"
"5559","28.848894737","192.168.1.55","192.168.1.2","TCP","1514","8004  >  49848 [ACK] Seq=443886 Ack=141 Win=65024 Len=1448 TSval=2916032929 TSecr=3045552703 [TCP segment of a reassembled PDU]"
"5560","28.848896107","192.168.1.55","192.168.1.2","TCP","1514","8004  >  49848 [ACK] Seq=445334 Ack=141 Win=65024 Len=1448 TSval=2916032929 TSecr=3045552703 [TCP segment of a reassembled PDU]"
"5561","28.848897515","192.168.1.55","192.168.1.2","TCP","1514","8004  >  49848 [ACK] Seq=446782 Ack=141 Win=65024 Len=1448 TSval=2916032929 TSecr=3045552703 [TCP segment of a reassembled PDU]"
"5562","28.848898811","192.168.1.55","192.168.1.2","TCP","1514","8004  >  49848 [ACK] Seq=448230 Ack=141 Win=65024 Len=1448 TSval=2916032929 TSecr=3045552703 [TCP segment of a reassembled PDU]"
"5563","28.848900181","192.168.1.55","192.168.1.2","TCP","1514","8004  >  49848 [ACK] Seq=449678 Ack=141 Win=65024 Len=1448 TSval=2916032929 TSecr=3045552703 [TCP segment of a reassembled PDU]"
"5564","28.848901552","192.168.1.55","192.168.1.2","TCP","1514","8004  >  49848 [ACK] Seq=451126 Ack=141 Win=65024 Len=1448 TSval=2916032929 TSecr=3045552703 [TCP segment of a reassembled PDU]"
"5565","28.848902922","192.168.1.55","192.168.1.2","TCP","1514","8004  >  49848 [PSH, ACK] Seq=452574 Ack=141 Win=65024 Len=1448 TSval=2916032929 TSecr=3045552703 [TCP segment of a reassembled PDU]"
"5566","28.848907811","192.168.1.55","192.168.1.2","TCP","906","8004  >  49848 [PSH, ACK] Seq=454022 Ack=141 Win=65024 Len=840 TSval=2916032929 TSecr=3045552703 [TCP segment of a reassembled PDU]"
"5567","28.848912218","192.168.1.2","192.168.1.55","TCP","66","49848  >  8004 [ACK] Seq=141 Ack=331782 Win=137216 Len=0 TSval=3045552703 TSecr=2916032923"
"5568","28.848943996","192.168.1.2","192.168.1.55","TCP","66","49848  >  8004 [ACK] Seq=141 Ack=370878 Win=112640 Len=0 TSval=3045552703 TSecr=2916032923"
"5569","28.848979144","192.168.1.55","192.168.1.2","TCP","1514","8004  >  49848 [ACK] Seq=454862 Ack=141 Win=65024 Len=1448 TSval=2916032929 TSecr=3045552703 [TCP segment of a reassembled PDU]"
"5570","28.848981367","192.168.1.55","192.168.1.2","TCP","1514","8004  >  49848 [ACK] Seq=456310 Ack=141 Win=65024 Len=1448 TSval=2916032929 TSecr=3045552703 [TCP segment of a reassembled PDU]"
"5571","28.848982755","192.168.1.55","192.168.1.2","TCP","1514","8004  >  49848 [ACK] Seq=457758 Ack=141 Win=65024 Len=1448 TSval=2916032929 TSecr=3045552703 [TCP segment of a reassembled PDU]"
"5572","28.848984293","192.168.1.55","192.168.1.2","TCP","1514","8004  >  49848 [ACK] Seq=459206 Ack=141 Win=65024 Len=1448 TSval=2916032929 TSecr=3045552703 [TCP segment of a reassembled PDU]"
"5573","28.848985589","192.168.1.55","192.168.1.2","TCP","1514","8004  >  49848 [ACK] Seq=460654 Ack=141 Win=65024 Len=1448 TSval=2916032929 TSecr=3045552703 [TCP segment of a reassembled PDU]"
"5574","28.848987033","192.168.1.55","192.168.1.2","TCP","1514","8004  >  49848 [ACK] Seq=462102 Ack=141 Win=65024 Len=1448 TSval=2916032929 TSecr=3045552703 [TCP segment of a reassembled PDU]"
"5575","28.848988367","192.168.1.55","192.168.1.2","TCP","1514","8004  >  49848 [ACK] Seq=463550 Ack=141 Win=65024 Len=1448 TSval=2916032929 TSecr=3045552703 [TCP segment of a reassembled PDU]"
"5576","28.848989755","192.168.1.55","192.168.1.2","TCP","1514","8004  >  49848 [ACK] Seq=464998 Ack=141 Win=65024 Len=1448 TSval=2916032929 TSecr=3045552703 [TCP segment of a reassembled PDU]"
"5577","28.848991311","192.168.1.55","192.168.1.2","TCP","1514","8004  >  49848 [ACK] Seq=466446 Ack=141 Win=65024 Len=1448 TSval=2916032929 TSecr=3045552703 [TCP segment of a reassembled PDU]"
"5578","28.848992737","192.168.1.55","192.168.1.2","TCP","1514","8004  >  49848 [ACK] Seq=467894 Ack=141 Win=65024 Len=1448 TSval=2916032929 TSecr=3045552703 [TCP segment of a reassembled PDU]"
"5579","28.848994181","192.168.1.55","192.168.1.2","TCP","1514","8004  >  49848 [ACK] Seq=469342 Ack=141 Win=65024 Len=1448 TSval=2916032929 TSecr=3045552703 [TCP segment of a reassembled PDU]"
"5580","28.848995515","192.168.1.55","192.168.1.2","TCP","1514","8004  >  49848 [ACK] Seq=470790 Ack=141 Win=65024 Len=1448 TSval=2916032929 TSecr=3045552703 [TCP segment of a reassembled PDU]"
"5581","28.848996996","192.168.1.55","192.168.1.2","TCP","1514","8004  >  49848 [ACK] Seq=472238 Ack=141 Win=65024 Len=1448 TSval=2916032929 TSecr=3045552703 [TCP segment of a reassembled PDU]"
"5582","28.848998385","192.168.1.55","192.168.1.2","TCP","1514","8004  >  49848 [ACK] Seq=473686 Ack=141 Win=65024 Len=1448 TSval=2916032929 TSecr=3045552703 [TCP segment of a reassembled PDU]"
"5583","28.848999756","192.168.1.55","192.168.1.2","TCP","1514","8004  >  49848 [ACK] Seq=475134 Ack=141 Win=65024 Len=1448 TSval=2916032929 TSecr=3045552703 [TCP segment of a reassembled PDU]"
"5584","28.849001126","192.168.1.55","192.168.1.2","TCP","1514","8004  >  49848 [ACK] Seq=476582 Ack=141 Win=65024 Len=1448 TSval=2916032929 TSecr=3045552703 [TCP segment of a reassembled PDU]"
"5585","28.849002441","192.168.1.55","192.168.1.2","TCP","1514","8004  >  49848 [ACK] Seq=478030 Ack=141 Win=65024 Len=1448 TSval=2916032929 TSecr=3045552703 [TCP segment of a reassembled PDU]"
"5586","28.849003774","192.168.1.55","192.168.1.2","TCP","1514","8004  >  49848 [ACK] Seq=479478 Ack=141 Win=65024 Len=1448 TSval=2916032929 TSecr=3045552703 [TCP segment of a reassembled PDU]"
"5587","28.849005163","192.168.1.55","192.168.1.2","TCP","1514","8004  >  49848 [PSH, ACK] Seq=480926 Ack=141 Win=65024 Len=1448 TSval=2916032929 TSecr=3045552703 [TCP segment of a reassembled PDU]"
"5588","28.854958154","192.168.1.2","192.168.1.55","TCP","66","49848  >  8004 [ACK] Seq=141 Ack=378118 Win=140288 Len=0 TSval=3045552709 TSecr=2916032928"
"5589","28.854975376","192.168.1.55","192.168.1.2","TCP","1514","8004  >  49848 [ACK] Seq=482374 Ack=141 Win=65024 Len=1448 TSval=2916032935 TSecr=3045552709 [TCP segment of a reassembled PDU]"
"5590","28.854977820","192.168.1.55","192.168.1.2","TCP","1514","8004  >  49848 [ACK] Seq=483822 Ack=141 Win=65024 Len=1448 TSval=2916032935 TSecr=3045552709 [TCP segment of a reassembled PDU]"
"5591","28.854979117","192.168.1.55","192.168.1.2","TCP","1514","8004  >  49848 [ACK] Seq=485270 Ack=141 Win=65024 Len=1448 TSval=2916032935 TSecr=3045552709 [TCP segment of a reassembled PDU]"
"5592","28.854980413","192.168.1.55","192.168.1.2","TCP","1514","8004  >  49848 [ACK] Seq=486718 Ack=141 Win=65024 Len=1448 TSval=2916032935 TSecr=3045552709 [TCP segment of a reassembled PDU]"
"5593","28.854981783","192.168.1.55","192.168.1.2","TCP","1514","8004  >  49848 [ACK] Seq=488166 Ack=141 Win=65024 Len=1448 TSval=2916032935 TSecr=3045552709 [TCP segment of a reassembled PDU]"
"5594","28.854983191","192.168.1.55","192.168.1.2","TCP","1514","8004  >  49848 [ACK] Seq=489614 Ack=141 Win=65024 Len=1448 TSval=2916032935 TSecr=3045552709 [TCP segment of a reassembled PDU]"
"5595","28.854984543","192.168.1.55","192.168.1.2","TCP","1514","8004  >  49848 [ACK] Seq=491062 Ack=141 Win=65024 Len=1448 TSval=2916032935 TSecr=3045552709 [TCP segment of a reassembled PDU]"
"5596","28.854985820","192.168.1.55","192.168.1.2","TCP","1514","8004  >  49848 [ACK] Seq=492510 Ack=141 Win=65024 Len=1448 TSval=2916032935 TSecr=3045552709 [TCP segment of a reassembled PDU]"
"5597","28.854987098","192.168.1.55","192.168.1.2","TCP","1514","8004  >  49848 [ACK] Seq=493958 Ack=141 Win=65024 Len=1448 TSval=2916032935 TSecr=3045552709 [TCP segment of a reassembled PDU]"
"5598","28.854988394","192.168.1.55","192.168.1.2","TCP","1514","8004  >  49848 [PSH, ACK] Seq=495406 Ack=141 Win=65024 Len=1448 TSval=2916032935 TSecr=3045552709 [TCP segment of a reassembled PDU]"
"5599","28.854993783","192.168.1.55","192.168.1.2","TCP","1514","8004  >  49848 [ACK] Seq=496854 Ack=141 Win=65024 Len=1448 TSval=2916032935 TSecr=3045552709 [TCP segment of a reassembled PDU]"
"5600","28.854997376","192.168.1.55","192.168.1.2","HTTP","1472","HTTP/1.0 200 OK  (PNG)"
"5601","28.855551303","192.168.1.2","192.168.1.55","TCP","66","49848  >  8004 [ACK] Seq=141 Ack=412870 Win=149504 Len=0 TSval=3045552710 TSecr=2916032928"
"5602","28.855560173","192.168.1.2","192.168.1.55","TCP","66","49848  >  8004 [ACK] Seq=141 Ack=432302 Win=132096 Len=0 TSval=3045552710 TSecr=2916032929"
"5603","28.855565932","192.168.1.2","192.168.1.55","TCP","66","49848  >  8004 [ACK] Seq=141 Ack=476582 Win=93184 Len=0 TSval=3045552710 TSecr=2916032929"
"5604","28.857340491","192.168.1.2","192.168.1.55","TCP","66","49848  >  8004 [ACK] Seq=141 Ack=478030 Win=152576 Len=0 TSval=3045552711 TSecr=2916032929"
"5605","28.857462584","192.168.1.2","192.168.1.55","TCP","66","49848  >  8004 [ACK] Seq=141 Ack=482374 Win=160768 Len=0 TSval=3045552712 TSecr=2916032929"
"5606","28.857468491","192.168.1.2","192.168.1.55","TCP","78","[TCP Dup ACK 5605#1] 49848  >  8004 [ACK] Seq=141 Ack=482374 Win=160768 Len=0 TSval=3045552712 TSecr=2916032929 SLE=476582 SRE=478030"
"5607","28.859061568","192.168.1.2","192.168.1.55","TCP","66","49848  >  8004 [ACK] Seq=141 Ack=492510 Win=169984 Len=0 TSval=3045552714 TSecr=2916032935"
"5608","28.859479253","192.168.1.2","192.168.1.55","TCP","66","49848  >  8004 [ACK] Seq=141 Ack=496854 Win=178176 Len=0 TSval=3045552715 TSecr=2916032935"
"5609","28.861092997","192.168.1.2","192.168.1.55","TCP","66","49848  >  8004 [ACK] Seq=141 Ack=498302 Win=181248 Len=0 TSval=3045552717 TSecr=2916032935"
"5610","28.863014370","192.168.1.2","192.168.1.55","TCP","66","49848  >  8004 [FIN, ACK] Seq=141 Ack=499709 Win=184320 Len=0 TSval=3045552718 TSecr=2916032935"
"5611","28.863026092","192.168.1.55","192.168.1.2","TCP","66","8004  >  49848 [ACK] Seq=499709 Ack=142 Win=65024 Len=0 TSval=2916032943 TSecr=3045552718"
"5612","28.863139315","192.168.1.2","192.168.1.55","TCP","74","49862  >  8004 [SYN] Seq=0 Win=64240 Len=0 MSS=1460 SACK_PERM TSval=3045552718 TSecr=0 WS=1024"
"5613","28.863164518","192.168.1.55","192.168.1.2","TCP","74","8004  >  49862 [SYN, ACK] Seq=0 Ack=1 Win=65160 Len=0 MSS=1460 SACK_PERM TSval=2916032943 TSecr=3045552718 WS=128"
"5614","28.866302542","192.168.1.2","192.168.1.55","TCP","66","49862  >  8004 [ACK] Seq=1 Ack=1 Win=64512 Len=0 TSval=3045552721 TSecr=2916032943"
"5615","28.869513028","192.168.1.2","192.168.1.55","HTTP","209","GET /original_benchmark.png HTTP/1.1 "
"5616","28.869542806","192.168.1.55","192.168.1.2","TCP","66","8004  >  49862 [ACK] Seq=1 Ack=144 Win=65024 Len=0 TSval=2916032950 TSecr=3045552721"
"5617","28.870134103","192.168.1.55","192.168.1.2","TCP","255","8004  >  49862 [PSH, ACK] Seq=1 Ack=144 Win=65024 Len=189 TSval=2916032950 TSecr=3045552721 [TCP segment of a reassembled PDU]"
"5618","28.870260733","192.168.1.55","192.168.1.2","TCP","1514","8004  >  49862 [ACK] Seq=190 Ack=144 Win=65024 Len=1448 TSval=2916032950 TSecr=3045552721 [TCP segment of a reassembled PDU]"
"5619","28.870267529","192.168.1.55","192.168.1.2","TCP","1514","8004  >  49862 [ACK] Seq=1638 Ack=144 Win=65024 Len=1448 TSval=2916032950 TSecr=3045552721 [TCP segment of a reassembled PDU]"
"5620","28.870269141","192.168.1.55","192.168.1.2","TCP","1514","8004  >  49862 [ACK] Seq=3086 Ack=144 Win=65024 Len=1448 TSval=2916032950 TSecr=3045552721 [TCP segment of a reassembled PDU]"
"5621","28.870270696","192.168.1.55","192.168.1.2","TCP","1514","8004  >  49862 [ACK] Seq=4534 Ack=144 Win=65024 Len=1448 TSval=2916032950 TSecr=3045552721 [TCP segment of a reassembled PDU]"
"5622","28.870272104","192.168.1.55","192.168.1.2","TCP","1514","8004  >  49862 [PSH, ACK] Seq=5982 Ack=144 Win=65024 Len=1448 TSval=2916032950 TSecr=3045552721 [TCP segment of a reassembled PDU]"
"5623","28.870306270","192.168.1.55","192.168.1.2","TCP","1514","8004  >  49862 [ACK] Seq=7430 Ack=144 Win=65024 Len=1448 TSval=2916032950 TSecr=3045552721 [TCP segment of a reassembled PDU]"
"5624","28.870309363","192.168.1.55","192.168.1.2","TCP","1514","8004  >  49862 [ACK] Seq=8878 Ack=144 Win=65024 Len=1448 TSval=2916032950 TSecr=3045552721 [TCP segment of a reassembled PDU]"
"5625","28.870311141","192.168.1.55","192.168.1.2","TCP","1514","8004  >  49862 [ACK] Seq=10326 Ack=144 Win=65024 Len=1448 TSval=2916032950 TSecr=3045552721 [TCP segment of a reassembled PDU]"
"5626","28.870312604","192.168.1.55","192.168.1.2","TCP","1514","8004  >  49862 [PSH, ACK] Seq=11774 Ack=144 Win=65024 Len=1448 TSval=2916032950 TSecr=3045552721 [TCP segment of a reassembled PDU]"
"5627","28.874372666","192.168.1.2","192.168.1.55","TCP","66","49862  >  8004 [ACK] Seq=144 Ack=190 Win=64512 Len=0 TSval=3045552728 TSecr=2916032950"
"5628","28.874420147","192.168.1.55","192.168.1.2","TCP","1514","8004  >  49862 [ACK] Seq=13222 Ack=144 Win=65024 Len=1448 TSval=2916032955 TSecr=3045552728 [TCP segment of a reassembled PDU]"
"5629","28.874424832","192.168.1.55","192.168.1.2","TCP","1514","8004  >  49862 [PSH, ACK] Seq=14670 Ack=144 Win=65024 Len=1448 TSval=2916032955 TSecr=3045552728 [TCP segment of a reassembled PDU]"
"5630","28.874501666","192.168.1.2","192.168.1.55","TCP","66","49862  >  8004 [ACK] Seq=144 Ack=3086 Win=70656 Len=0 TSval=3045552728 TSecr=2916032950"
"5631","28.874512314","192.168.1.2","192.168.1.55","TCP","66","49862  >  8004 [ACK] Seq=144 Ack=4534 Win=73728 Len=0 TSval=3045552728 TSecr=2916032950"
"5632","28.874532147","192.168.1.55","192.168.1.2","TCP","1514","8004  >  49862 [ACK] Seq=16118 Ack=144 Win=65024 Len=1448 TSval=2916032955 TSecr=3045552728 [TCP segment of a reassembled PDU]"
"5633","28.874534518","192.168.1.55","192.168.1.2","TCP","1514","8004  >  49862 [ACK] Seq=17566 Ack=144 Win=65024 Len=1448 TSval=2916032955 TSecr=3045552728 [TCP segment of a reassembled PDU]"
"5634","28.874536166","192.168.1.55","192.168.1.2","TCP","1514","8004  >  49862 [ACK] Seq=19014 Ack=144 Win=65024 Len=1448 TSval=2916032955 TSecr=3045552728 [TCP segment of a reassembled PDU]"
"5635","28.874537592","192.168.1.55","192.168.1.2","TCP","1514","8004  >  49862 [ACK] Seq=20462 Ack=144 Win=65024 Len=1448 TSval=2916032955 TSecr=3045552728 [TCP segment of a reassembled PDU]"
"5636","28.874539388","192.168.1.55","192.168.1.2","TCP","1514","8004  >  49862 [ACK] Seq=21910 Ack=144 Win=65024 Len=1448 TSval=2916032955 TSecr=3045552728 [TCP segment of a reassembled PDU]"
"5637","28.874541314","192.168.1.55","192.168.1.2","TCP","1514","8004  >  49862 [PSH, ACK] Seq=23358 Ack=144 Win=65024 Len=1448 TSval=2916032955 TSecr=3045552728 [TCP segment of a reassembled PDU]"
"5638","28.874547573","192.168.1.2","192.168.1.55","TCP","66","49862  >  8004 [ACK] Seq=144 Ack=7430 Win=79872 Len=0 TSval=3045552729 TSecr=2916032950"
"5639","28.876242354","192.168.1.2","192.168.1.55","TCP","66","49862  >  8004 [ACK] Seq=144 Ack=13222 Win=81920 Len=0 TSval=3045552729 TSecr=2916032950"
"5640","28.876310724","192.168.1.55","192.168.1.2","TCP","1514","8004  >  49862 [ACK] Seq=24806 Ack=144 Win=65024 Len=1448 TSval=2916032956 TSecr=3045552729 [TCP segment of a reassembled PDU]"
"5641","28.876319335","192.168.1.55","192.168.1.2","TCP","1514","8004  >  49862 [ACK] Seq=26254 Ack=144 Win=65024 Len=1448 TSval=2916032956 TSecr=3045552729 [TCP segment of a reassembled PDU]"
"5642","28.876321020","192.168.1.55","192.168.1.2","TCP","1514","8004  >  49862 [ACK] Seq=27702 Ack=144 Win=65024 Len=1448 TSval=2916032956 TSecr=3045552729 [TCP segment of a reassembled PDU]"
"5643","28.876322206","192.168.1.55","192.168.1.2","TCP","1514","8004  >  49862 [ACK] Seq=29150 Ack=144 Win=65024 Len=1448 TSval=2916032956 TSecr=3045552729 [TCP segment of a reassembled PDU]"
"5644","28.876324391","192.168.1.55","192.168.1.2","TCP","1514","8004  >  49862 [ACK] Seq=30598 Ack=144 Win=65024 Len=1448 TSval=2916032956 TSecr=3045552729 [TCP segment of a reassembled PDU]"
"5645","28.876326446","192.168.1.55","192.168.1.2","TCP","1514","8004  >  49862 [ACK] Seq=32046 Ack=144 Win=65024 Len=1448 TSval=2916032956 TSecr=3045552729 [TCP segment of a reassembled PDU]"
"5646","28.876328706","192.168.1.55","192.168.1.2","TCP","1514","8004  >  49862 [ACK] Seq=33494 Ack=144 Win=65024 Len=1448 TSval=2916032956 TSecr=3045552729 [TCP segment of a reassembled PDU]"
"5647","28.876330817","192.168.1.55","192.168.1.2","TCP","1514","8004  >  49862 [ACK] Seq=34942 Ack=144 Win=65024 Len=1448 TSval=2916032956 TSecr=3045552729 [TCP segment of a reassembled PDU]"
"5648","28.876332872","192.168.1.55","192.168.1.2","TCP","1514","8004  >  49862 [ACK] Seq=36390 Ack=144 Win=65024 Len=1448 TSval=2916032956 TSecr=3045552729 [TCP segment of a reassembled PDU]"
"5649","28.876334280","192.168.1.55","192.168.1.2","TCP","1514","8004  >  49862 [PSH, ACK] Seq=37838 Ack=144 Win=65024 Len=1448 TSval=2916032956 TSecr=3045552729 [TCP segment of a reassembled PDU]"
"5650","28.876359854","192.168.1.55","192.168.1.2","TCP","1514","8004  >  49862 [ACK] Seq=39286 Ack=144 Win=65024 Len=1448 TSval=2916032956 TSecr=3045552729 [TCP segment of a reassembled PDU]"
"5651","28.876362687","192.168.1.55","192.168.1.2","TCP","1514","8004  >  49862 [PSH, ACK] Seq=40734 Ack=144 Win=65024 Len=1448 TSval=2916032956 TSecr=3045552729 [TCP segment of a reassembled PDU]"
"5652","28.878580579","192.168.1.2","192.168.1.55","TCP","66","49862  >  8004 [ACK] Seq=144 Ack=16118 Win=88064 Len=0 TSval=3045552732 TSecr=2916032955"
"5653","28.878669931","192.168.1.55","192.168.1.2","TCP","1514","8004  >  49862 [ACK] Seq=42182 Ack=144 Win=65024 Len=1448 TSval=2916032959 TSecr=3045552732 [TCP segment of a reassembled PDU]"
"5654","28.878682802","192.168.1.55","192.168.1.2","TCP","1514","8004  >  49862 [PSH, ACK] Seq=43630 Ack=144 Win=65024 Len=1448 TSval=2916032959 TSecr=3045552732 [TCP segment of a reassembled PDU]"
"5655","28.880656990","192.168.1.2","192.168.1.55","TCP","66","49862  >  8004 [ACK] Seq=144 Ack=21910 Win=88064 Len=0 TSval=3045552732 TSecr=2916032955"
"5656","28.880709379","192.168.1.55","192.168.1.2","TCP","1514","8004  >  49862 [ACK] Seq=45078 Ack=144 Win=65024 Len=1448 TSval=2916032961 TSecr=3045552732 [TCP segment of a reassembled PDU]"
"5657","28.880712305","192.168.1.55","192.168.1.2","TCP","1514","8004  >  49862 [ACK] Seq=46526 Ack=144 Win=65024 Len=1448 TSval=2916032961 TSecr=3045552732 [TCP segment of a reassembled PDU]"
"5658","28.880713453","192.168.1.55","192.168.1.2","TCP","1514","8004  >  49862 [ACK] Seq=47974 Ack=144 Win=65024 Len=1448 TSval=2916032961 TSecr=3045552732 [TCP segment of a reassembled PDU]"
"5659","28.880714675","192.168.1.55","192.168.1.2","TCP","1514","8004  >  49862 [ACK] Seq=49422 Ack=144 Win=65024 Len=1448 TSval=2916032961 TSecr=3045552732 [TCP segment of a reassembled PDU]"
"5660","28.880715787","192.168.1.55","192.168.1.2","TCP","1514","8004  >  49862 [ACK] Seq=50870 Ack=144 Win=65024 Len=1448 TSval=2916032961 TSecr=3045552732 [TCP segment of a reassembled PDU]"
"5661","28.880717268","192.168.1.55","192.168.1.2","TCP","1514","8004  >  49862 [ACK] Seq=52318 Ack=144 Win=65024 Len=1448 TSval=2916032961 TSecr=3045552732 [TCP segment of a reassembled PDU]"
"5662","28.880719175","192.168.1.55","192.168.1.2","TCP","1514","8004  >  49862 [ACK] Seq=53766 Ack=144 Win=65024 Len=1448 TSval=2916032961 TSecr=3045552732 [TCP segment of a reassembled PDU]"
"5663","28.880721120","192.168.1.55","192.168.1.2","TCP","1514","8004  >  49862 [ACK] Seq=55214 Ack=144 Win=65024 Len=1448 TSval=2916032961 TSecr=3045552732 [TCP segment of a reassembled PDU]"
"5664","28.880722564","192.168.1.55","192.168.1.2","TCP","1514","8004  >  49862 [ACK] Seq=56662 Ack=144 Win=65024 Len=1448 TSval=2916032961 TSecr=3045552732 [TCP segment of a reassembled PDU]"
"5665","28.880724287","192.168.1.55","192.168.1.2","TCP","1514","8004  >  49862 [PSH, ACK] Seq=58110 Ack=144 Win=65024 Len=1448 TSval=2916032961 TSecr=3045552732 [TCP segment of a reassembled PDU]"
"5666","28.880755713","192.168.1.2","192.168.1.55","TCP","66","49862  >  8004 [ACK] Seq=144 Ack=24806 Win=90112 Len=0 TSval=3045552733 TSecr=2916032955"
"5667","28.882045807","192.168.1.2","192.168.1.55","TCP","66","49862  >  8004 [ACK] Seq=144 Ack=39286 Win=76800 Len=0 TSval=3045552736 TSecr=2916032956"
"5668","28.882077159","192.168.1.55","192.168.1.2","TCP","1514","8004  >  49862 [ACK] Seq=59558 Ack=144 Win=65024 Len=1448 TSval=2916032962 TSecr=3045552736 [TCP segment of a reassembled PDU]"
"5669","28.882080437","192.168.1.55","192.168.1.2","TCP","1514","8004  >  49862 [ACK] Seq=61006 Ack=144 Win=65024 Len=1448 TSval=2916032962 TSecr=3045552736 [TCP segment of a reassembled PDU]"
"5670","28.882082011","192.168.1.55","192.168.1.2","TCP","1514","8004  >  49862 [ACK] Seq=62454 Ack=144 Win=65024 Len=1448 TSval=2916032962 TSecr=3045552736 [TCP segment of a reassembled PDU]"
"5671","28.882083492","192.168.1.55","192.168.1.2","TCP","1514","8004  >  49862 [ACK] Seq=63902 Ack=144 Win=65024 Len=1448 TSval=2916032962 TSecr=3045552736 [TCP segment of a reassembled PDU]"
"5672","28.882084733","192.168.1.55","192.168.1.2","TCP","1514","8004  >  49862 [ACK] Seq=65350 Ack=144 Win=65024 Len=1448 TSval=2916032962 TSecr=3045552736 [TCP segment of a reassembled PDU]"
"5673","28.882085937","192.168.1.55","192.168.1.2","TCP","1514","8004  >  49862 [ACK] Seq=66798 Ack=144 Win=65024 Len=1448 TSval=2916032962 TSecr=3045552736 [TCP segment of a reassembled PDU]"
"5674","28.882087770","192.168.1.55","192.168.1.2","TCP","1514","8004  >  49862 [ACK] Seq=68246 Ack=144 Win=65024 Len=1448 TSval=2916032962 TSecr=3045552736 [TCP segment of a reassembled PDU]"
"5675","28.882088881","192.168.1.55","192.168.1.2","TCP","1514","8004  >  49862 [ACK] Seq=69694 Ack=144 Win=65024 Len=1448 TSval=2916032962 TSecr=3045552736 [TCP segment of a reassembled PDU]"
"5676","28.882090307","192.168.1.55","192.168.1.2","TCP","1514","8004  >  49862 [ACK] Seq=71142 Ack=144 Win=65024 Len=1448 TSval=2916032962 TSecr=3045552736 [TCP segment of a reassembled PDU]"
"5677","28.882092733","192.168.1.55","192.168.1.2","TCP","1514","8004  >  49862 [ACK] Seq=72590 Ack=144 Win=65024 Len=1448 TSval=2916032962 TSecr=3045552736 [TCP segment of a reassembled PDU]"
"5678","28.882093955","192.168.1.55","192.168.1.2","TCP","1514","8004  >  49862 [ACK] Seq=74038 Ack=144 Win=65024 Len=1448 TSval=2916032962 TSecr=3045552736 [TCP segment of a reassembled PDU]"
"5679","28.882095029","192.168.1.55","192.168.1.2","TCP","1514","8004  >  49862 [PSH, ACK] Seq=75486 Ack=144 Win=65024 Len=1448 TSval=2916032962 TSecr=3045552736 [TCP segment of a reassembled PDU]"
"5680","28.885300886","192.168.1.2","192.168.1.55","TCP","66","49862  >  8004 [ACK] Seq=144 Ack=42182 Win=90112 Len=0 TSval=3045552737 TSecr=2916032956"
"5681","28.885373405","192.168.1.55","192.168.1.2","TCP","1514","8004  >  49862 [ACK] Seq=76934 Ack=144 Win=65024 Len=1448 TSval=2916032966 TSecr=3045552737 [TCP segment of a reassembled PDU]"
"5682","28.885381775","192.168.1.55","192.168.1.2","TCP","1514","8004  >  49862 [ACK] Seq=78382 Ack=144 Win=65024 Len=1448 TSval=2916032966 TSecr=3045552737 [TCP segment of a reassembled PDU]"
"5683","28.885383090","192.168.1.55","192.168.1.2","TCP","1514","8004  >  49862 [ACK] Seq=79830 Ack=144 Win=65024 Len=1448 TSval=2916032966 TSecr=3045552737 [TCP segment of a reassembled PDU]"
"5684","28.885384294","192.168.1.55","192.168.1.2","TCP","1514","8004  >  49862 [ACK] Seq=81278 Ack=144 Win=65024 Len=1448 TSval=2916032966 TSecr=3045552737 [TCP segment of a reassembled PDU]"
"5685","28.885386516","192.168.1.55","192.168.1.2","TCP","1514","8004  >  49862 [ACK] Seq=82726 Ack=144 Win=65024 Len=1448 TSval=2916032966 TSecr=3045552737 [TCP segment of a reassembled PDU]"
"5686","28.885388238","192.168.1.55","192.168.1.2","TCP","1514","8004  >  49862 [ACK] Seq=84174 Ack=144 Win=65024 Len=1448 TSval=2916032966 TSecr=3045552737 [TCP segment of a reassembled PDU]"
"5687","28.885389331","192.168.1.55","192.168.1.2","TCP","1514","8004  >  49862 [ACK] Seq=85622 Ack=144 Win=65024 Len=1448 TSval=2916032966 TSecr=3045552737 [TCP segment of a reassembled PDU]"
"5688","28.885391220","192.168.1.55","192.168.1.2","TCP","1514","8004  >  49862 [ACK] Seq=87070 Ack=144 Win=65024 Len=1448 TSval=2916032966 TSecr=3045552737 [TCP segment of a reassembled PDU]"
"5689","28.885392720","192.168.1.55","192.168.1.2","TCP","1514","8004  >  49862 [ACK] Seq=88518 Ack=144 Win=65024 Len=1448 TSval=2916032966 TSecr=3045552737 [TCP segment of a reassembled PDU]"
"5690","28.885393923","192.168.1.55","192.168.1.2","TCP","1514","8004  >  49862 [ACK] Seq=89966 Ack=144 Win=65024 Len=1448 TSval=2916032966 TSecr=3045552737 [TCP segment of a reassembled PDU]"
"5691","28.885395479","192.168.1.55","192.168.1.2","TCP","1514","8004  >  49862 [ACK] Seq=91414 Ack=144 Win=65024 Len=1448 TSval=2916032966 TSecr=3045552737 [TCP segment of a reassembled PDU]"
"5692","28.885396609","192.168.1.55","192.168.1.2","TCP","1514","8004  >  49862 [ACK] Seq=92862 Ack=144 Win=65024 Len=1448 TSval=2916032966 TSecr=3045552737 [TCP segment of a reassembled PDU]"
"5693","28.885398590","192.168.1.55","192.168.1.2","TCP","1514","8004  >  49862 [ACK] Seq=94310 Ack=144 Win=65024 Len=1448 TSval=2916032966 TSecr=3045552737 [TCP segment of a reassembled PDU]"
"5694","28.885400183","192.168.1.55","192.168.1.2","TCP","1514","8004  >  49862 [ACK] Seq=95758 Ack=144 Win=65024 Len=1448 TSval=2916032966 TSecr=3045552737 [TCP segment of a reassembled PDU]"
"5695","28.885401701","192.168.1.55","192.168.1.2","TCP","1514","8004  >  49862 [ACK] Seq=97206 Ack=144 Win=65024 Len=1448 TSval=2916032966 TSecr=3045552737 [TCP segment of a reassembled PDU]"
"5696","28.885403183","192.168.1.55","192.168.1.2","TCP","1514","8004  >  49862 [PSH, ACK] Seq=98654 Ack=144 Win=65024 Len=1448 TSval=2916032966 TSecr=3045552737 [TCP segment of a reassembled PDU]"
"5697","28.886440962","192.168.1.2","192.168.1.55","TCP","66","49862  >  8004 [ACK] Seq=144 Ack=45078 Win=90112 Len=0 TSval=3045552740 TSecr=2916032959"
"5698","28.886455221","192.168.1.55","192.168.1.2","TCP","1514","8004  >  49862 [ACK] Seq=100102 Ack=144 Win=65024 Len=1448 TSval=2916032967 TSecr=3045552740 [TCP segment of a reassembled PDU]"
"5699","28.886458092","192.168.1.55","192.168.1.2","TCP","1514","8004  >  49862 [ACK] Seq=101550 Ack=144 Win=65024 Len=1448 TSval=2916032967 TSecr=3045552740 [TCP segment of a reassembled PDU]"
"5700","28.886459129","192.168.1.55","192.168.1.2","TCP","1514","8004  >  49862 [ACK] Seq=102998 Ack=144 Win=65024 Len=1448 TSval=2916032967 TSecr=3045552740 [TCP segment of a reassembled PDU]"
"5701","28.886460036","192.168.1.55","192.168.1.2","TCP","1514","8004  >  49862 [PSH, ACK] Seq=104446 Ack=144 Win=65024 Len=1448 TSval=2916032967 TSecr=3045552740 [TCP segment of a reassembled PDU]"
"5702","28.886705240","192.168.1.2","192.168.1.55","TCP","66","49862  >  8004 [ACK] Seq=144 Ack=59558 Win=79872 Len=0 TSval=3045552740 TSecr=2916032961"
"5703","28.886717259","192.168.1.55","192.168.1.2","TCP","1514","8004  >  49862 [ACK] Seq=105894 Ack=144 Win=65024 Len=1448 TSval=2916032967 TSecr=3045552740 [TCP segment of a reassembled PDU]"
"5704","28.886718426","192.168.1.55","192.168.1.2","TCP","1514","8004  >  49862 [ACK] Seq=107342 Ack=144 Win=65024 Len=1448 TSval=2916032967 TSecr=3045552740 [TCP segment of a reassembled PDU]"
"5705","28.886719333","192.168.1.55","192.168.1.2","TCP","1514","8004  >  49862 [ACK] Seq=108790 Ack=144 Win=65024 Len=1448 TSval=2916032967 TSecr=3045552740 [TCP segment of a reassembled PDU]"
"5706","28.886720240","192.168.1.55","192.168.1.2","TCP","1514","8004  >  49862 [ACK] Seq=110238 Ack=144 Win=65024 Len=1448 TSval=2916032967 TSecr=3045552740 [TCP segment of a reassembled PDU]"
"5707","28.886721166","192.168.1.55","192.168.1.2","TCP","1514","8004  >  49862 [ACK] Seq=111686 Ack=144 Win=65024 Len=1448 TSval=2916032967 TSecr=3045552740 [TCP segment of a reassembled PDU]"
"5708","28.886722111","192.168.1.55","192.168.1.2","TCP","1514","8004  >  49862 [ACK] Seq=113134 Ack=144 Win=65024 Len=1448 TSval=2916032967 TSecr=3045552740 [TCP segment of a reassembled PDU]"
"5709","28.886723000","192.168.1.55","192.168.1.2","TCP","1514","8004  >  49862 [ACK] Seq=114582 Ack=144 Win=65024 Len=1448 TSval=2916032967 TSecr=3045552740 [TCP segment of a reassembled PDU]"
"5710","28.886724314","192.168.1.55","192.168.1.2","TCP","1514","8004  >  49862 [PSH, ACK] Seq=116030 Ack=144 Win=65024 Len=1448 TSval=2916032967 TSecr=3045552740 [TCP segment of a reassembled PDU]"
"5711","28.886727555","192.168.1.2","192.168.1.55","TCP","66","49862  >  8004 [ACK] Seq=144 Ack=68246 Win=71680 Len=0 TSval=3045552740 TSecr=2916032962"
"5712","28.886743722","192.168.1.2","192.168.1.55","TCP","66","49862  >  8004 [ACK] Seq=144 Ack=74038 Win=88064 Len=0 TSval=3045552741 TSecr=2916032962"
"5713","28.886776926","192.168.1.55","192.168.1.2","TCP","1514","8004  >  49862 [ACK] Seq=117478 Ack=144 Win=65024 Len=1448 TSval=2916032967 TSecr=3045552741 [TCP segment of a reassembled PDU]"
"5714","28.886778796","192.168.1.55","192.168.1.2","TCP","1514","8004  >  49862 [ACK] Seq=118926 Ack=144 Win=65024 Len=1448 TSval=2916032967 TSecr=3045552741 [TCP segment of a reassembled PDU]"
"5715","28.886779870","192.168.1.55","192.168.1.2","TCP","1514","8004  >  49862 [ACK] Seq=120374 Ack=144 Win=65024 Len=1448 TSval=2916032967 TSecr=3045552741 [TCP segment of a reassembled PDU]"
"5716","28.886780796","192.168.1.55","192.168.1.2","TCP","1514","8004  >  49862 [ACK] Seq=121822 Ack=144 Win=65024 Len=1448 TSval=2916032967 TSecr=3045552741 [TCP segment of a reassembled PDU]"
"5717","28.886781870","192.168.1.55","192.168.1.2","TCP","1514","8004  >  49862 [ACK] Seq=123270 Ack=144 Win=65024 Len=1448 TSval=2916032967 TSecr=3045552741 [TCP segment of a reassembled PDU]"
"5718","28.886782777","192.168.1.55","192.168.1.2","TCP","1514","8004  >  49862 [ACK] Seq=124718 Ack=144 Win=65024 Len=1448 TSval=2916032967 TSecr=3045552741 [TCP segment of a reassembled PDU]"
"5719","28.886783944","192.168.1.55","192.168.1.2","TCP","1514","8004  >  49862 [ACK] Seq=126166 Ack=144 Win=65024 Len=1448 TSval=2916032967 TSecr=3045552741 [TCP segment of a reassembled PDU]"
"5720","28.886785000","192.168.1.55","192.168.1.2","TCP","1514","8004  >  49862 [ACK] Seq=127614 Ack=144 Win=65024 Len=1448 TSval=2916032967 TSecr=3045552741 [TCP segment of a reassembled PDU]"
"5721","28.886785926","192.168.1.55","192.168.1.2","TCP","1514","8004  >  49862 [ACK] Seq=129062 Ack=144 Win=65024 Len=1448 TSval=2916032967 TSecr=3045552741 [TCP segment of a reassembled PDU]"
"5722","28.886786796","192.168.1.55","192.168.1.2","TCP","1514","8004  >  49862 [ACK] Seq=130510 Ack=144 Win=65024 Len=1448 TSval=2916032967 TSecr=3045552741 [TCP segment of a reassembled PDU]"
"5723","28.886787722","192.168.1.55","192.168.1.2","TCP","1514","8004  >  49862 [ACK] Seq=131958 Ack=144 Win=65024 Len=1448 TSval=2916032967 TSecr=3045552741 [TCP segment of a reassembled PDU]"
"5724","28.886788666","192.168.1.55","192.168.1.2","TCP","1514","8004  >  49862 [ACK] Seq=133406 Ack=144 Win=65024 Len=1448 TSval=2916032967 TSecr=3045552741 [TCP segment of a reassembled PDU]"
"5725","28.886789740","192.168.1.55","192.168.1.2","TCP","1514","8004  >  49862 [ACK] Seq=134854 Ack=144 Win=65024 Len=1448 TSval=2916032967 TSecr=3045552741 [TCP segment of a reassembled PDU]"
"5726","28.886790740","192.168.1.55","192.168.1.2","TCP","1514","8004  >  49862 [ACK] Seq=136302 Ack=144 Win=65024 Len=1448 TSval=2916032967 TSecr=3045552741 [TCP segment of a reassembled PDU]"
"5727","28.886791648","192.168.1.55","192.168.1.2","TCP","1514","8004  >  49862 [ACK] Seq=137750 Ack=144 Win=65024 Len=1448 TSval=2916032967 TSecr=3045552741 [TCP segment of a reassembled PDU]"
"5728","28.886792852","192.168.1.55","192.168.1.2","TCP","1514","8004  >  49862 [ACK] Seq=139198 Ack=144 Win=65024 Len=1448 TSval=2916032967 TSecr=3045552741 [TCP segment of a reassembled PDU]"
"5729","28.886793926","192.168.1.55","192.168.1.2","TCP","1514","8004  >  49862 [ACK] Seq=140646 Ack=144 Win=65024 Len=1448 TSval=2916032967 TSecr=3045552741 [TCP segment of a reassembled PDU]"
"5730","28.886795203","192.168.1.55","192.168.1.2","TCP","1514","8004  >  49862 [ACK] Seq=142094 Ack=144 Win=65024 Len=1448 TSval=2916032967 TSecr=3045552741 [TCP segment of a reassembled PDU]"
"5731","28.886796129","192.168.1.55","192.168.1.2","TCP","1514","8004  >  49862 [ACK] Seq=143542 Ack=144 Win=65024 Len=1448 TSval=2916032967 TSecr=3045552741 [TCP segment of a reassembled PDU]"
"5732","28.886797055","192.168.1.55","192.168.1.2","TCP","1514","8004  >  49862 [ACK] Seq=144990 Ack=144 Win=65024 Len=1448 TSval=2916032967 TSecr=3045552741 [TCP segment of a reassembled PDU]"
"5733","28.886799018","192.168.1.55","192.168.1.2","TCP","1514","8004  >  49862 [ACK] Seq=146438 Ack=144 Win=65024 Len=1448 TSval=2916032967 TSecr=3045552741 [TCP segment of a reassembled PDU]"
"5734","28.886799944","192.168.1.55","192.168.1.2","TCP","1514","8004  >  49862 [ACK] Seq=147886 Ack=144 Win=65024 Len=1448 TSval=2916032967 TSecr=3045552741 [TCP segment of a reassembled PDU]"
"5735","28.886800852","192.168.1.55","192.168.1.2","TCP","1514","8004  >  49862 [ACK] Seq=149334 Ack=144 Win=65024 Len=1448 TSval=2916032967 TSecr=3045552741 [TCP segment of a reassembled PDU]"
"5736","28.886801777","192.168.1.55","192.168.1.2","TCP","1514","8004  >  49862 [ACK] Seq=150782 Ack=144 Win=65024 Len=1448 TSval=2916032967 TSecr=3045552741 [TCP segment of a reassembled PDU]"
"5737","28.886802722","192.168.1.55","192.168.1.2","TCP","1514","8004  >  49862 [ACK] Seq=152230 Ack=144 Win=65024 Len=1448 TSval=2916032967 TSecr=3045552741 [TCP segment of a reassembled PDU]"
"5738","28.886803889","192.168.1.55","192.168.1.2","TCP","1514","8004  >  49862 [ACK] Seq=153678 Ack=144 Win=65024 Len=1448 TSval=2916032967 TSecr=3045552741 [TCP segment of a reassembled PDU]"
"5739","28.886804926","192.168.1.55","192.168.1.2","TCP","1514","8004  >  49862 [ACK] Seq=155126 Ack=144 Win=65024 Len=1448 TSval=2916032967 TSecr=3045552741 [TCP segment of a reassembled PDU]"
"5740","28.886806037","192.168.1.55","192.168.1.2","TCP","1514","8004  >  49862 [PSH, ACK] Seq=156574 Ack=144 Win=65024 Len=1448 TSval=2916032967 TSecr=3045552741 [TCP segment of a reassembled PDU]"
"5741","28.887993724","192.168.1.55","192.168.1.2","TCP","1514","8004  >  49862 [ACK] Seq=158022 Ack=144 Win=65024 Len=1448 TSval=2916032968 TSecr=3045552741 [TCP segment of a reassembled PDU]"
"5742","28.887997261","192.168.1.55","192.168.1.2","TCP","1514","8004  >  49862 [ACK] Seq=159470 Ack=144 Win=65024 Len=1448 TSval=2916032968 TSecr=3045552741 [TCP segment of a reassembled PDU]"
"5743","28.887998483","192.168.1.55","192.168.1.2","TCP","1250","[TCP Window Full] 8004  >  49862 [PSH, ACK] Seq=160918 Ack=144 Win=65024 Len=1184 TSval=2916032968 TSecr=3045552741 [TCP segment of a reassembled PDU]"
"5744","28.891499303","192.168.1.2","192.168.1.55","TCP","66","49862  >  8004 [ACK] Seq=144 Ack=75486 Win=90112 Len=0 TSval=3045552742 TSecr=2916032962"
"5745","28.891520044","192.168.1.55","192.168.1.2","TCP","1514","8004  >  49862 [ACK] Seq=162102 Ack=144 Win=65024 Len=1448 TSval=2916032972 TSecr=3045552742 [TCP segment of a reassembled PDU]"
"5746","28.891522544","192.168.1.55","192.168.1.2","TCP","1514","8004  >  49862 [PSH, ACK] Seq=163550 Ack=144 Win=65024 Len=1448 TSval=2916032972 TSecr=3045552742 [TCP segment of a reassembled PDU]"
"5747","28.891681581","192.168.1.2","192.168.1.55","TCP","66","49862  >  8004 [ACK] Seq=144 Ack=76934 Win=90112 Len=0 TSval=3045552742 TSecr=2916032962"
"5748","28.893104584","192.168.1.2","192.168.1.55","TCP","66","49862  >  8004 [ACK] Seq=144 Ack=100102 Win=69632 Len=0 TSval=3045552747 TSecr=2916032966"
"5749","28.893121028","192.168.1.55","192.168.1.2","TCP","1514","8004  >  49862 [ACK] Seq=164998 Ack=144 Win=65024 Len=1448 TSval=2916032973 TSecr=3045552747 [TCP segment of a reassembled PDU]"
"5750","28.893123158","192.168.1.55","192.168.1.2","TCP","1514","8004  >  49862 [ACK] Seq=166446 Ack=144 Win=65024 Len=1448 TSval=2916032973 TSecr=3045552747 [TCP segment of a reassembled PDU]"
"5751","28.893124436","192.168.1.55","192.168.1.2","TCP","1514","8004  >  49862 [PSH, ACK] Seq=167894 Ack=144 Win=65024 Len=1448 TSval=2916032973 TSecr=3045552747 [TCP segment of a reassembled PDU]"
"5752","28.893373769","192.168.1.2","192.168.1.55","TCP","66","49862  >  8004 [ACK] Seq=144 Ack=105894 Win=64512 Len=0 TSval=3045552747 TSecr=2916032967"
"5753","28.893380862","192.168.1.2","192.168.1.55","TCP","66","49862  >  8004 [ACK] Seq=144 Ack=107342 Win=63488 Len=0 TSval=3045552747 TSecr=2916032967"
"5754","28.893383788","192.168.1.2","192.168.1.55","TCP","66","49862  >  8004 [ACK] Seq=144 Ack=117478 Win=54272 Len=0 TSval=3045552747 TSecr=2916032967"
"5755","28.893386991","192.168.1.2","192.168.1.55","TCP","66","49862  >  8004 [ACK] Seq=144 Ack=144990 Win=27648 Len=0 TSval=3045552747 TSecr=2916032967"
"5756","28.893432732","192.168.1.2","192.168.1.55","TCP","66","49862  >  8004 [ACK] Seq=144 Ack=160918 Win=32768 Len=0 TSval=3045552747 TSecr=2916032967"
"5757","28.893453621","192.168.1.55","192.168.1.2","TCP","1514","8004  >  49862 [ACK] Seq=169342 Ack=144 Win=65024 Len=1448 TSval=2916032974 TSecr=3045552747 [TCP segment of a reassembled PDU]"
"5758","28.893455103","192.168.1.55","192.168.1.2","TCP","1514","8004  >  49862 [ACK] Seq=170790 Ack=144 Win=65024 Len=1448 TSval=2916032974 TSecr=3045552747 [TCP segment of a reassembled PDU]"
"5759","28.893455992","192.168.1.55","192.168.1.2","TCP","1514","8004  >  49862 [ACK] Seq=172238 Ack=144 Win=65024 Len=1448 TSval=2916032974 TSecr=3045552747 [TCP segment of a reassembled PDU]"
"5760","28.893456918","192.168.1.55","192.168.1.2","TCP","1514","8004  >  49862 [ACK] Seq=173686 Ack=144 Win=65024 Len=1448 TSval=2916032974 TSecr=3045552747 [TCP segment of a reassembled PDU]"
"5761","28.893457918","192.168.1.55","192.168.1.2","TCP","1514","8004  >  49862 [ACK] Seq=175134 Ack=144 Win=65024 Len=1448 TSval=2916032974 TSecr=3045552747 [TCP segment of a reassembled PDU]"
"5762","28.893458825","192.168.1.55","192.168.1.2","TCP","1514","8004  >  49862 [ACK] Seq=176582 Ack=144 Win=65024 Len=1448 TSval=2916032974 TSecr=3045552747 [TCP segment of a reassembled PDU]"
"5763","28.893459806","192.168.1.55","192.168.1.2","TCP","1514","8004  >  49862 [ACK] Seq=178030 Ack=144 Win=65024 Len=1448 TSval=2916032974 TSecr=3045552747 [TCP segment of a reassembled PDU]"
"5764","28.893460677","192.168.1.55","192.168.1.2","TCP","1514","8004  >  49862 [ACK] Seq=179478 Ack=144 Win=65024 Len=1448 TSval=2916032974 TSecr=3045552747 [TCP segment of a reassembled PDU]"
"5765","28.893461695","192.168.1.55","192.168.1.2","TCP","1514","8004  >  49862 [ACK] Seq=180926 Ack=144 Win=65024 Len=1448 TSval=2916032974 TSecr=3045552747 [TCP segment of a reassembled PDU]"
"5766","28.893462788","192.168.1.55","192.168.1.2","TCP","1514","8004  >  49862 [ACK] Seq=182374 Ack=144 Win=65024 Len=1448 TSval=2916032974 TSecr=3045552747 [TCP segment of a reassembled PDU]"
"5767","28.893463695","192.168.1.55","192.168.1.2","TCP","1514","8004  >  49862 [ACK] Seq=183822 Ack=144 Win=65024 Len=1448 TSval=2916032974 TSecr=3045552747 [TCP segment of a reassembled PDU]"
"5768","28.893465029","192.168.1.55","192.168.1.2","TCP","1514","8004  >  49862 [ACK] Seq=185270 Ack=144 Win=65024 Len=1448 TSval=2916032974 TSecr=3045552747 [TCP segment of a reassembled PDU]"
"5769","28.893466047","192.168.1.55","192.168.1.2","TCP","1514","8004  >  49862 [ACK] Seq=186718 Ack=144 Win=65024 Len=1448 TSval=2916032974 TSecr=3045552747 [TCP segment of a reassembled PDU]"
"5770","28.893467010","192.168.1.55","192.168.1.2","TCP","1514","8004  >  49862 [ACK] Seq=188166 Ack=144 Win=65024 Len=1448 TSval=2916032974 TSecr=3045552747 [TCP segment of a reassembled PDU]"
"5771","28.893467973","192.168.1.55","192.168.1.2","TCP","1514","8004  >  49862 [ACK] Seq=189614 Ack=144 Win=65024 Len=1448 TSval=2916032974 TSecr=3045552747 [TCP segment of a reassembled PDU]"
"5772","28.893468862","192.168.1.55","192.168.1.2","TCP","1514","8004  >  49862 [PSH, ACK] Seq=191062 Ack=144 Win=65024 Len=1448 TSval=2916032974 TSecr=3045552747 [TCP segment of a reassembled PDU]"
"5773","28.893471936","192.168.1.2","192.168.1.55","TCP","66","[TCP Window Update] 49862  >  8004 [ACK] Seq=144 Ack=160918 Win=76800 Len=0 TSval=3045552747 TSecr=2916032967"
"5774","28.893484973","192.168.1.55","192.168.1.2","TCP","1514","8004  >  49862 [ACK] Seq=192510 Ack=144 Win=65024 Len=1448 TSval=2916032974 TSecr=3045552747 [TCP segment of a reassembled PDU]"
"5775","28.893486343","192.168.1.55","192.168.1.2","TCP","1514","8004  >  49862 [ACK] Seq=193958 Ack=144 Win=65024 Len=1448 TSval=2916032974 TSecr=3045552747 [TCP segment of a reassembled PDU]"
"5776","28.893487232","192.168.1.55","192.168.1.2","TCP","1514","8004  >  49862 [ACK] Seq=195406 Ack=144 Win=65024 Len=1448 TSval=2916032974 TSecr=3045552747 [TCP segment of a reassembled PDU]"
"5777","28.893488455","192.168.1.55","192.168.1.2","TCP","1514","8004  >  49862 [ACK] Seq=196854 Ack=144 Win=65024 Len=1448 TSval=2916032974 TSecr=3045552747 [TCP segment of a reassembled PDU]"
"5778","28.893489381","192.168.1.55","192.168.1.2","TCP","1514","8004  >  49862 [ACK] Seq=198302 Ack=144 Win=65024 Len=1448 TSval=2916032974 TSecr=3045552747 [TCP segment of a reassembled PDU]"
"5779","28.893490288","192.168.1.55","192.168.1.2","TCP","1514","8004  >  49862 [ACK] Seq=199750 Ack=144 Win=65024 Len=1448 TSval=2916032974 TSecr=3045552747 [TCP segment of a reassembled PDU]"
"5780","28.893491232","192.168.1.55","192.168.1.2","TCP","1514","8004  >  49862 [PSH, ACK] Seq=201198 Ack=144 Win=65024 Len=1448 TSval=2916032974 TSecr=3045552747 [TCP segment of a reassembled PDU]"
"5781","28.893496714","192.168.1.55","192.168.1.2","TCP","330","8004  >  49862 [PSH, ACK] Seq=202646 Ack=144 Win=65024 Len=264 TSval=2916032974 TSecr=3045552747 [TCP segment of a reassembled PDU]"
"5782","28.893520288","192.168.1.55","192.168.1.2","TCP","1514","8004  >  49862 [ACK] Seq=202910 Ack=144 Win=65024 Len=1448 TSval=2916032974 TSecr=3045552747 [TCP segment of a reassembled PDU]"
"5783","28.893521732","192.168.1.55","192.168.1.2","TCP","1514","8004  >  49862 [ACK] Seq=204358 Ack=144 Win=65024 Len=1448 TSval=2916032974 TSecr=3045552747 [TCP segment of a reassembled PDU]"
"5784","28.893522603","192.168.1.55","192.168.1.2","TCP","1514","8004  >  49862 [ACK] Seq=205806 Ack=144 Win=65024 Len=1448 TSval=2916032974 TSecr=3045552747 [TCP segment of a reassembled PDU]"
"5785","28.893523807","192.168.1.55","192.168.1.2","TCP","1514","8004  >  49862 [ACK] Seq=207254 Ack=144 Win=65024 Len=1448 TSval=2916032974 TSecr=3045552747 [TCP segment of a reassembled PDU]"
"5786","28.893524825","192.168.1.55","192.168.1.2","TCP","1514","8004  >  49862 [ACK] Seq=208702 Ack=144 Win=65024 Len=1448 TSval=2916032974 TSecr=3045552747 [TCP segment of a reassembled PDU]"
"5787","28.893525769","192.168.1.55","192.168.1.2","TCP","1514","8004  >  49862 [ACK] Seq=210150 Ack=144 Win=65024 Len=1448 TSval=2916032974 TSecr=3045552747 [TCP segment of a reassembled PDU]"
"5788","28.893526732","192.168.1.55","192.168.1.2","TCP","1514","8004  >  49862 [ACK] Seq=211598 Ack=144 Win=65024 Len=1448 TSval=2916032974 TSecr=3045552747 [TCP segment of a reassembled PDU]"
"5789","28.893527825","192.168.1.55","192.168.1.2","TCP","1514","8004  >  49862 [ACK] Seq=213046 Ack=144 Win=65024 Len=1448 TSval=2916032974 TSecr=3045552747 [TCP segment of a reassembled PDU]"
"5790","28.893528807","192.168.1.55","192.168.1.2","TCP","1514","8004  >  49862 [ACK] Seq=214494 Ack=144 Win=65024 Len=1448 TSval=2916032974 TSecr=3045552747 [TCP segment of a reassembled PDU]"
"5791","28.893529732","192.168.1.55","192.168.1.2","TCP","1514","8004  >  49862 [ACK] Seq=215942 Ack=144 Win=65024 Len=1448 TSval=2916032974 TSecr=3045552747 [TCP segment of a reassembled PDU]"
"5792","28.893530640","192.168.1.55","192.168.1.2","TCP","1514","8004  >  49862 [ACK] Seq=217390 Ack=144 Win=65024 Len=1448 TSval=2916032974 TSecr=3045552747 [TCP segment of a reassembled PDU]"
"5793","28.893531788","192.168.1.55","192.168.1.2","TCP","1514","8004  >  49862 [ACK] Seq=218838 Ack=144 Win=65024 Len=1448 TSval=2916032974 TSecr=3045552747 [TCP segment of a reassembled PDU]"
"5794","28.893532714","192.168.1.55","192.168.1.2","TCP","1514","8004  >  49862 [ACK] Seq=220286 Ack=144 Win=65024 Len=1448 TSval=2916032974 TSecr=3045552747 [TCP segment of a reassembled PDU]"
"5795","28.893533603","192.168.1.55","192.168.1.2","TCP","1514","8004  >  49862 [ACK] Seq=221734 Ack=144 Win=65024 Len=1448 TSval=2916032974 TSecr=3045552747 [TCP segment of a reassembled PDU]"
"5796","28.893534547","192.168.1.55","192.168.1.2","TCP","1514","8004  >  49862 [ACK] Seq=223182 Ack=144 Win=65024 Len=1448 TSval=2916032974 TSecr=3045552747 [TCP segment of a reassembled PDU]"
"5797","28.893535658","192.168.1.55","192.168.1.2","TCP","1514","8004  >  49862 [ACK] Seq=224630 Ack=144 Win=65024 Len=1448 TSval=2916032974 TSecr=3045552747 [TCP segment of a reassembled PDU]"
"5798","28.893536844","192.168.1.55","192.168.1.2","TCP","1514","8004  >  49862 [ACK] Seq=226078 Ack=144 Win=65024 Len=1448 TSval=2916032974 TSecr=3045552747 [TCP segment of a reassembled PDU]"
"5799","28.893537881","192.168.1.55","192.168.1.2","TCP","1514","8004  >  49862 [ACK] Seq=227526 Ack=144 Win=65024 Len=1448 TSval=2916032974 TSecr=3045552747 [TCP segment of a reassembled PDU]"
"5800","28.893539158","192.168.1.55","192.168.1.2","TCP","1514","8004  >  49862 [ACK] Seq=228974 Ack=144 Win=65024 Len=1448 TSval=2916032974 TSecr=3045552747 [TCP segment of a reassembled PDU]"
"5801","28.893540269","192.168.1.55","192.168.1.2","TCP","1514","8004  >  49862 [ACK] Seq=230422 Ack=144 Win=65024 Len=1448 TSval=2916032974 TSecr=3045552747 [TCP segment of a reassembled PDU]"
"5802","28.893541455","192.168.1.55","192.168.1.2","TCP","1514","8004  >  49862 [ACK] Seq=231870 Ack=144 Win=65024 Len=1448 TSval=2916032974 TSecr=3045552747 [TCP segment of a reassembled PDU]"
"5803","28.893548621","192.168.1.55","192.168.1.2","TCP","1514","8004  >  49862 [ACK] Seq=233318 Ack=144 Win=65024 Len=1448 TSval=2916032974 TSecr=3045552747 [TCP segment of a reassembled PDU]"
"5804","28.893549807","192.168.1.55","192.168.1.2","TCP","1514","8004  >  49862 [ACK] Seq=234766 Ack=144 Win=65024 Len=1448 TSval=2916032974 TSecr=3045552747 [TCP segment of a reassembled PDU]"
"5805","28.893550770","192.168.1.55","192.168.1.2","TCP","1514","8004  >  49862 [PSH, ACK] Seq=236214 Ack=144 Win=65024 Len=1448 TSval=2916032974 TSecr=3045552747 [TCP segment of a reassembled PDU]"
"5806","28.894747623","192.168.1.2","192.168.1.55","TCP","66","49862  >  8004 [ACK] Seq=144 Ack=162102 Win=90112 Len=0 TSval=3045552748 TSecr=2916032968"
"5807","28.894773753","192.168.1.55","192.168.1.2","TCP","1514","8004  >  49862 [ACK] Seq=237662 Ack=144 Win=65024 Len=1448 TSval=2916032975 TSecr=3045552748 [TCP segment of a reassembled PDU]"
"5808","28.894775827","192.168.1.55","192.168.1.2","TCP","1514","8004  >  49862 [ACK] Seq=239110 Ack=144 Win=65024 Len=1448 TSval=2916032975 TSecr=3045552748 [TCP segment of a reassembled PDU]"
"5809","28.894777049","192.168.1.55","192.168.1.2","TCP","1514","8004  >  49862 [ACK] Seq=240558 Ack=144 Win=65024 Len=1448 TSval=2916032975 TSecr=3045552748 [TCP segment of a reassembled PDU]"
"5810","28.894778086","192.168.1.55","192.168.1.2","TCP","1514","8004  >  49862 [ACK] Seq=242006 Ack=144 Win=65024 Len=1448 TSval=2916032975 TSecr=3045552748 [TCP segment of a reassembled PDU]"
"5811","28.894779068","192.168.1.55","192.168.1.2","TCP","1514","8004  >  49862 [ACK] Seq=243454 Ack=144 Win=65024 Len=1448 TSval=2916032975 TSecr=3045552748 [TCP segment of a reassembled PDU]"
"5812","28.894780216","192.168.1.55","192.168.1.2","TCP","1514","8004  >  49862 [ACK] Seq=244902 Ack=144 Win=65024 Len=1448 TSval=2916032975 TSecr=3045552748 [TCP segment of a reassembled PDU]"
"5813","28.894781327","192.168.1.55","192.168.1.2","TCP","1514","8004  >  49862 [PSH, ACK] Seq=246350 Ack=144 Win=65024 Len=1448 TSval=2916032975 TSecr=3045552748 [TCP segment of a reassembled PDU]"
"5814","28.894788660","192.168.1.55","192.168.1.2","TCP","1514","8004  >  49862 [ACK] Seq=247798 Ack=144 Win=65024 Len=1448 TSval=2916032975 TSecr=3045552748 [TCP segment of a reassembled PDU]"
"5815","28.894789827","192.168.1.55","192.168.1.2","TCP","1514","8004  >  49862 [ACK] Seq=249246 Ack=144 Win=65024 Len=1448 TSval=2916032975 TSecr=3045552748 [TCP segment of a reassembled PDU]"
"5816","28.894790790","192.168.1.55","192.168.1.2","TCP","1514","8004  >  49862 [PSH, ACK] Seq=250694 Ack=144 Win=65024 Len=1448 TSval=2916032975 TSecr=3045552748 [TCP segment of a reassembled PDU]"
"5817","28.899304038","192.168.1.2","192.168.1.55","TCP","66","49862  >  8004 [ACK] Seq=144 Ack=164998 Win=90112 Len=0 TSval=3045552750 TSecr=2916032972"
"5818","28.899409908","192.168.1.55","192.168.1.2","TCP","1514","8004  >  49862 [ACK] Seq=252142 Ack=144 Win=65024 Len=1448 TSval=2916032980 TSecr=3045552750 [TCP segment of a reassembled PDU]"
"5819","28.899417834","192.168.1.55","192.168.1.2","TCP","1514","8004  >  49862 [PSH, ACK] Seq=253590 Ack=144 Win=65024 Len=1448 TSval=2916032980 TSecr=3045552750 [TCP segment of a reassembled PDU]"
"5820","28.899449205","192.168.1.2","192.168.1.55","TCP","66","49862  >  8004 [ACK] Seq=144 Ack=169342 Win=96256 Len=0 TSval=3045552751 TSecr=2916032973"
"5821","28.902615969","192.168.1.2","192.168.1.55","TCP","66","49862  >  8004 [ACK] Seq=144 Ack=192510 Win=142336 Len=0 TSval=3045552755 TSecr=2916032974"
"5822","28.902687691","192.168.1.55","192.168.1.2","TCP","1514","8004  >  49862 [ACK] Seq=255038 Ack=144 Win=65024 Len=1448 TSval=2916032983 TSecr=3045552755 [TCP segment of a reassembled PDU]"
"5823","28.902691710","192.168.1.55","192.168.1.2","TCP","1514","8004  >  49862 [ACK] Seq=256486 Ack=144 Win=65024 Len=1448 TSval=2916032983 TSecr=3045552755 [TCP segment of a reassembled PDU]"
"5824","28.902694284","192.168.1.55","192.168.1.2","TCP","1514","8004  >  49862 [ACK] Seq=257934 Ack=144 Win=65024 Len=1448 TSval=2916032983 TSecr=3045552755 [TCP segment of a reassembled PDU]"
"5825","28.902695895","192.168.1.55","192.168.1.2","TCP","1514","8004  >  49862 [ACK] Seq=259382 Ack=144 Win=65024 Len=1448 TSval=2916032983 TSecr=3045552755 [TCP segment of a reassembled PDU]"
"5826","28.902697117","192.168.1.55","192.168.1.2","TCP","1514","8004  >  49862 [ACK] Seq=260830 Ack=144 Win=65024 Len=1448 TSval=2916032983 TSecr=3045552755 [TCP segment of a reassembled PDU]"
"5827","28.902698228","192.168.1.55","192.168.1.2","TCP","1514","8004  >  49862 [ACK] Seq=262278 Ack=144 Win=65024 Len=1448 TSval=2916032983 TSecr=3045552755 [TCP segment of a reassembled PDU]"
"5828","28.902699469","192.168.1.55","192.168.1.2","TCP","1514","8004  >  49862 [ACK] Seq=263726 Ack=144 Win=65024 Len=1448 TSval=2916032983 TSecr=3045552755 [TCP segment of a reassembled PDU]"
"5829","28.902702358","192.168.1.55","192.168.1.2","TCP","1514","8004  >  49862 [ACK] Seq=265174 Ack=144 Win=65024 Len=1448 TSval=2916032983 TSecr=3045552755 [TCP segment of a reassembled PDU]"
"5830","28.902703858","192.168.1.55","192.168.1.2","TCP","1514","8004  >  49862 [ACK] Seq=266622 Ack=144 Win=65024 Len=1448 TSval=2916032983 TSecr=3045552755 [TCP segment of a reassembled PDU]"
"5831","28.902704839","192.168.1.55","192.168.1.2","TCP","1514","8004  >  49862 [ACK] Seq=268070 Ack=144 Win=65024 Len=1448 TSval=2916032983 TSecr=3045552755 [TCP segment of a reassembled PDU]"
"5832","28.902705802","192.168.1.55","192.168.1.2","TCP","1514","8004  >  49862 [ACK] Seq=269518 Ack=144 Win=65024 Len=1448 TSval=2916032983 TSecr=3045552755 [TCP segment of a reassembled PDU]"
"5833","28.902707191","192.168.1.55","192.168.1.2","TCP","1514","8004  >  49862 [ACK] Seq=270966 Ack=144 Win=65024 Len=1448 TSval=2916032983 TSecr=3045552755 [TCP segment of a reassembled PDU]"
"5834","28.902709265","192.168.1.55","192.168.1.2","TCP","1514","8004  >  49862 [ACK] Seq=272414 Ack=144 Win=65024 Len=1448 TSval=2916032983 TSecr=3045552755 [TCP segment of a reassembled PDU]"
"5835","28.902710858","192.168.1.55","192.168.1.2","TCP","1514","8004  >  49862 [ACK] Seq=273862 Ack=144 Win=65024 Len=1448 TSval=2916032983 TSecr=3045552755 [TCP segment of a reassembled PDU]"
"5836","28.902711802","192.168.1.55","192.168.1.2","TCP","1514","8004  >  49862 [ACK] Seq=275310 Ack=144 Win=65024 Len=1448 TSval=2916032983 TSecr=3045552755 [TCP segment of a reassembled PDU]"
"5837","28.902712821","192.168.1.55","192.168.1.2","TCP","1514","8004  >  49862 [ACK] Seq=276758 Ack=144 Win=65024 Len=1448 TSval=2916032983 TSecr=3045552755 [TCP segment of a reassembled PDU]"
"5838","28.902714043","192.168.1.55","192.168.1.2","TCP","1514","8004  >  49862 [ACK] Seq=278206 Ack=144 Win=65024 Len=1448 TSval=2916032983 TSecr=3045552755 [TCP segment of a reassembled PDU]"
"5839","28.902716210","192.168.1.55","192.168.1.2","TCP","1514","8004  >  49862 [ACK] Seq=279654 Ack=144 Win=65024 Len=1448 TSval=2916032983 TSecr=3045552755 [TCP segment of a reassembled PDU]"
"5840","28.902717784","192.168.1.55","192.168.1.2","TCP","1514","8004  >  49862 [ACK] Seq=281102 Ack=144 Win=65024 Len=1448 TSval=2916032983 TSecr=3045552755 [TCP segment of a reassembled PDU]"
"5841","28.902718747","192.168.1.55","192.168.1.2","TCP","1514","8004  >  49862 [ACK] Seq=282550 Ack=144 Win=65024 Len=1448 TSval=2916032983 TSecr=3045552755 [TCP segment of a reassembled PDU]"
"5842","28.902719821","192.168.1.55","192.168.1.2","TCP","1514","8004  >  49862 [ACK] Seq=283998 Ack=144 Win=65024 Len=1448 TSval=2916032983 TSecr=3045552755 [TCP segment of a reassembled PDU]"
"5843","28.902721099","192.168.1.55","192.168.1.2","TCP","1514","8004  >  49862 [ACK] Seq=285446 Ack=144 Win=65024 Len=1448 TSval=2916032983 TSecr=3045552755 [TCP segment of a reassembled PDU]"
"5844","28.902722951","192.168.1.55","192.168.1.2","TCP","1514","8004  >  49862 [ACK] Seq=286894 Ack=144 Win=65024 Len=1448 TSval=2916032983 TSecr=3045552755 [TCP segment of a reassembled PDU]"
"5845","28.902724932","192.168.1.55","192.168.1.2","TCP","1514","8004  >  49862 [ACK] Seq=288342 Ack=144 Win=65024 Len=1448 TSval=2916032983 TSecr=3045552755 [TCP segment of a reassembled PDU]"
"5846","28.902726376","192.168.1.55","192.168.1.2","TCP","1514","8004  >  49862 [ACK] Seq=289790 Ack=144 Win=65024 Len=1448 TSval=2916032983 TSecr=3045552755 [TCP segment of a reassembled PDU]"
"5847","28.902727358","192.168.1.55","192.168.1.2","TCP","1514","8004  >  49862 [PSH, ACK] Seq=291238 Ack=144 Win=65024 Len=1448 TSval=2916032983 TSecr=3045552755 [TCP segment of a reassembled PDU]"
"5848","28.902792636","192.168.1.2","192.168.1.55","TCP","66","49862  >  8004 [ACK] Seq=144 Ack=199750 Win=138240 Len=0 TSval=3045552755 TSecr=2916032974"
"5849","28.902871654","192.168.1.55","192.168.1.2","TCP","1514","8004  >  49862 [ACK] Seq=292686 Ack=144 Win=65024 Len=1448 TSval=2916032983 TSecr=3045552755 [TCP segment of a reassembled PDU]"
"5850","28.902873451","192.168.1.55","192.168.1.2","TCP","1514","8004  >  49862 [ACK] Seq=294134 Ack=144 Win=65024 Len=1448 TSval=2916032983 TSecr=3045552755 [TCP segment of a reassembled PDU]"
"5851","28.902874617","192.168.1.55","192.168.1.2","TCP","1514","8004  >  49862 [ACK] Seq=295582 Ack=144 Win=65024 Len=1448 TSval=2916032983 TSecr=3045552755 [TCP segment of a reassembled PDU]"
"5852","28.902876247","192.168.1.55","192.168.1.2","TCP","1514","8004  >  49862 [ACK] Seq=297030 Ack=144 Win=65024 Len=1448 TSval=2916032983 TSecr=3045552755 [TCP segment of a reassembled PDU]"
"5853","28.902877914","192.168.1.55","192.168.1.2","TCP","1514","8004  >  49862 [ACK] Seq=298478 Ack=144 Win=65024 Len=1448 TSval=2916032983 TSecr=3045552755 [TCP segment of a reassembled PDU]"
"5854","28.902879321","192.168.1.55","192.168.1.2","TCP","1514","8004  >  49862 [ACK] Seq=299926 Ack=144 Win=65024 Len=1448 TSval=2916032983 TSecr=3045552755 [TCP segment of a reassembled PDU]"
"5855","28.902880543","192.168.1.55","192.168.1.2","TCP","1514","8004  >  49862 [ACK] Seq=301374 Ack=144 Win=65024 Len=1448 TSval=2916032983 TSecr=3045552755 [TCP segment of a reassembled PDU]"
"5856","28.902881580","192.168.1.55","192.168.1.2","TCP","1514","8004  >  49862 [ACK] Seq=302822 Ack=144 Win=65024 Len=1448 TSval=2916032983 TSecr=3045552755 [TCP segment of a reassembled PDU]"
"5857","28.902882747","192.168.1.55","192.168.1.2","TCP","1514","8004  >  49862 [ACK] Seq=304270 Ack=144 Win=65024 Len=1448 TSval=2916032983 TSecr=3045552755 [TCP segment of a reassembled PDU]"
"5858","28.902883840","192.168.1.55","192.168.1.2","TCP","1514","8004  >  49862 [ACK] Seq=305718 Ack=144 Win=65024 Len=1448 TSval=2916032983 TSecr=3045552755 [TCP segment of a reassembled PDU]"
"5859","28.902885284","192.168.1.55","192.168.1.2","TCP","1514","8004  >  49862 [ACK] Seq=307166 Ack=144 Win=65024 Len=1448 TSval=2916032983 TSecr=3045552755 [TCP segment of a reassembled PDU]"
"5860","28.902886617","192.168.1.55","192.168.1.2","TCP","1514","8004  >  49862 [ACK] Seq=308614 Ack=144 Win=65024 Len=1448 TSval=2916032983 TSecr=3045552755 [TCP segment of a reassembled PDU]"
"5861","28.902888080","192.168.1.55","192.168.1.2","TCP","1514","8004  >  49862 [ACK] Seq=310062 Ack=144 Win=65024 Len=1448 TSval=2916032983 TSecr=3045552755 [TCP segment of a reassembled PDU]"
"5862","28.902889636","192.168.1.55","192.168.1.2","TCP","1514","8004  >  49862 [ACK] Seq=311510 Ack=144 Win=65024 Len=1448 TSval=2916032983 TSecr=3045552755 [TCP segment of a reassembled PDU]"
"5863","28.902890729","192.168.1.55","192.168.1.2","TCP","1514","8004  >  49862 [ACK] Seq=312958 Ack=144 Win=65024 Len=1448 TSval=2916032983 TSecr=3045552755 [TCP segment of a reassembled PDU]"
"5864","28.902891710","192.168.1.55","192.168.1.2","TCP","1514","8004  >  49862 [ACK] Seq=314406 Ack=144 Win=65024 Len=1448 TSval=2916032983 TSecr=3045552755 [TCP segment of a reassembled PDU]"
"5865","28.902892692","192.168.1.55","192.168.1.2","TCP","1514","8004  >  49862 [ACK] Seq=315854 Ack=144 Win=65024 Len=1448 TSval=2916032983 TSecr=3045552755 [TCP segment of a reassembled PDU]"
"5866","28.902893803","192.168.1.55","192.168.1.2","TCP","1514","8004  >  49862 [ACK] Seq=317302 Ack=144 Win=65024 Len=1448 TSval=2916032983 TSecr=3045552755 [TCP segment of a reassembled PDU]"
"5867","28.902895062","192.168.1.55","192.168.1.2","TCP","1514","8004  >  49862 [ACK] Seq=318750 Ack=144 Win=65024 Len=1448 TSval=2916032983 TSecr=3045552755 [TCP segment of a reassembled PDU]"
"5868","28.902897358","192.168.1.55","192.168.1.2","TCP","1514","8004  >  49862 [ACK] Seq=320198 Ack=144 Win=65024 Len=1448 TSval=2916032983 TSecr=3045552755 [TCP segment of a reassembled PDU]"
"5869","28.902898969","192.168.1.55","192.168.1.2","TCP","1514","8004  >  49862 [ACK] Seq=321646 Ack=144 Win=65024 Len=1448 TSval=2916032983 TSecr=3045552755 [TCP segment of a reassembled PDU]"
"5870","28.902899969","192.168.1.55","192.168.1.2","TCP","1514","8004  >  49862 [ACK] Seq=323094 Ack=144 Win=65024 Len=1448 TSval=2916032983 TSecr=3045552755 [TCP segment of a reassembled PDU]"
"5871","28.902900951","192.168.1.55","192.168.1.2","TCP","1514","8004  >  49862 [ACK] Seq=324542 Ack=144 Win=65024 Len=1448 TSval=2916032983 TSecr=3045552755 [TCP segment of a reassembled PDU]"
"5872","28.902902173","192.168.1.55","192.168.1.2","TCP","1514","8004  >  49862 [ACK] Seq=325990 Ack=144 Win=65024 Len=1448 TSval=2916032983 TSecr=3045552755 [TCP segment of a reassembled PDU]"
"5873","28.902903154","192.168.1.55","192.168.1.2","TCP","1514","8004  >  49862 [ACK] Seq=327438 Ack=144 Win=65024 Len=1448 TSval=2916032983 TSecr=3045552755 [TCP segment of a reassembled PDU]"
"5874","28.902904340","192.168.1.55","192.168.1.2","TCP","1514","8004  >  49862 [ACK] Seq=328886 Ack=144 Win=65024 Len=1448 TSval=2916032983 TSecr=3045552755 [TCP segment of a reassembled PDU]"
"5875","28.902906043","192.168.1.55","192.168.1.2","TCP","1514","8004  >  49862 [ACK] Seq=330334 Ack=144 Win=65024 Len=1448 TSval=2916032983 TSecr=3045552755 [TCP segment of a reassembled PDU]"
"5876","28.902907784","192.168.1.55","192.168.1.2","TCP","1514","8004  >  49862 [ACK] Seq=331782 Ack=144 Win=65024 Len=1448 TSval=2916032983 TSecr=3045552755 [TCP segment of a reassembled PDU]"
"5877","28.902909358","192.168.1.55","192.168.1.2","TCP","1514","8004  >  49862 [ACK] Seq=333230 Ack=144 Win=65024 Len=1448 TSval=2916032983 TSecr=3045552755 [TCP segment of a reassembled PDU]"
"5878","28.902910395","192.168.1.55","192.168.1.2","TCP","1514","8004  >  49862 [ACK] Seq=334678 Ack=144 Win=65024 Len=1448 TSval=2916032983 TSecr=3045552755 [TCP segment of a reassembled PDU]"
"5879","28.902911451","192.168.1.55","192.168.1.2","TCP","1514","8004  >  49862 [PSH, ACK] Seq=336126 Ack=144 Win=65024 Len=1448 TSval=2916032983 TSecr=3045552755 [TCP segment of a reassembled PDU]"
"5880","28.902916969","192.168.1.2","192.168.1.55","TCP","66","49862  >  8004 [ACK] Seq=144 Ack=202646 Win=148480 Len=0 TSval=3045552755 TSecr=2916032974"
"5881","28.902923210","192.168.1.2","192.168.1.55","TCP","66","49862  >  8004 [ACK] Seq=144 Ack=202910 Win=151552 Len=0 TSval=3045552755 TSecr=2916032974"
"5882","28.902928562","192.168.1.2","192.168.1.55","TCP","66","49862  >  8004 [ACK] Seq=144 Ack=236214 Win=136192 Len=0 TSval=3045552755 TSecr=2916032974"
"5883","28.902976432","192.168.1.2","192.168.1.55","TCP","66","49862  >  8004 [ACK] Seq=144 Ack=237662 Win=153600 Len=0 TSval=3045552756 TSecr=2916032974"
"5884","28.902983303","192.168.1.2","192.168.1.55","TCP","66","49862  >  8004 [ACK] Seq=144 Ack=240558 Win=159744 Len=0 TSval=3045552756 TSecr=2916032975"
"5885","28.904202490","192.168.1.55","192.168.1.2","TCP","1514","8004  >  49862 [ACK] Seq=337574 Ack=144 Win=65024 Len=1448 TSval=2916032984 TSecr=3045552756 [TCP segment of a reassembled PDU]"
"5886","28.904205731","192.168.1.55","192.168.1.2","TCP","1514","8004  >  49862 [ACK] Seq=339022 Ack=144 Win=65024 Len=1448 TSval=2916032984 TSecr=3045552756 [TCP segment of a reassembled PDU]"
"5887","28.904203138","192.168.1.2","192.168.1.55","TCP","66","49862  >  8004 [ACK] Seq=144 Ack=247798 Win=160768 Len=0 TSval=3045552758 TSecr=2916032975"
"5888","28.904207157","192.168.1.55","192.168.1.2","TCP","1514","8004  >  49862 [ACK] Seq=340470 Ack=144 Win=65024 Len=1448 TSval=2916032984 TSecr=3045552756 [TCP segment of a reassembled PDU]"
"5889","28.904208694","192.168.1.55","192.168.1.2","TCP","1514","8004  >  49862 [ACK] Seq=341918 Ack=144 Win=65024 Len=1448 TSval=2916032984 TSecr=3045552756 [TCP segment of a reassembled PDU]"
"5890","28.904209842","192.168.1.55","192.168.1.2","TCP","1514","8004  >  49862 [ACK] Seq=343366 Ack=144 Win=65024 Len=1448 TSval=2916032984 TSecr=3045552756 [TCP segment of a reassembled PDU]"
"5891","28.904211508","192.168.1.55","192.168.1.2","TCP","1514","8004  >  49862 [ACK] Seq=344814 Ack=144 Win=65024 Len=1448 TSval=2916032984 TSecr=3045552756 [TCP segment of a reassembled PDU]"
"5892","28.904213194","192.168.1.55","192.168.1.2","TCP","1514","8004  >  49862 [ACK] Seq=346262 Ack=144 Win=65024 Len=1448 TSval=2916032984 TSecr=3045552756 [TCP segment of a reassembled PDU]"
"5893","28.904214545","192.168.1.55","192.168.1.2","TCP","1514","8004  >  49862 [ACK] Seq=347710 Ack=144 Win=65024 Len=1448 TSval=2916032984 TSecr=3045552756 [TCP segment of a reassembled PDU]"
"5894","28.904215768","192.168.1.55","192.168.1.2","TCP","1514","8004  >  49862 [ACK] Seq=349158 Ack=144 Win=65024 Len=1448 TSval=2916032984 TSecr=3045552756 [TCP segment of a reassembled PDU]"
"5895","28.904217768","192.168.1.55","192.168.1.2","TCP","1514","8004  >  49862 [ACK] Seq=350606 Ack=144 Win=65024 Len=1448 TSval=2916032984 TSecr=3045552756 [TCP segment of a reassembled PDU]"
"5896","28.904219268","192.168.1.55","192.168.1.2","TCP","1514","8004  >  49862 [ACK] Seq=352054 Ack=144 Win=65024 Len=1448 TSval=2916032984 TSecr=3045552756 [TCP segment of a reassembled PDU]"
"5897","28.904221082","192.168.1.55","192.168.1.2","TCP","1514","8004  >  49862 [ACK] Seq=353502 Ack=144 Win=65024 Len=1448 TSval=2916032984 TSecr=3045552756 [TCP segment of a reassembled PDU]"
"5898","28.904222471","192.168.1.55","192.168.1.2","TCP","1514","8004  >  49862 [ACK] Seq=354950 Ack=144 Win=65024 Len=1448 TSval=2916032984 TSecr=3045552756 [TCP segment of a reassembled PDU]"
"5899","28.904224508","192.168.1.55","192.168.1.2","TCP","1514","8004  >  49862 [ACK] Seq=356398 Ack=144 Win=65024 Len=1448 TSval=2916032984 TSecr=3045552756 [TCP segment of a reassembled PDU]"
"5900","28.904225879","192.168.1.55","192.168.1.2","TCP","1514","8004  >  49862 [ACK] Seq=357846 Ack=144 Win=65024 Len=1448 TSval=2916032984 TSecr=3045552756 [TCP segment of a reassembled PDU]"
"5901","28.904227249","192.168.1.55","192.168.1.2","TCP","1514","8004  >  49862 [ACK] Seq=359294 Ack=144 Win=65024 Len=1448 TSval=2916032984 TSecr=3045552756 [TCP segment of a reassembled PDU]"
"5902","28.904229416","192.168.1.55","192.168.1.2","TCP","1514","8004  >  49862 [ACK] Seq=360742 Ack=144 Win=65024 Len=1448 TSval=2916032984 TSecr=3045552756 [TCP segment of a reassembled PDU]"
"5903","28.904230805","192.168.1.55","192.168.1.2","TCP","1514","8004  >  49862 [ACK] Seq=362190 Ack=144 Win=65024 Len=1448 TSval=2916032984 TSecr=3045552756 [TCP segment of a reassembled PDU]"
"5904","28.904231694","192.168.1.55","192.168.1.2","TCP","1514","8004  >  49862 [ACK] Seq=363638 Ack=144 Win=65024 Len=1448 TSval=2916032984 TSecr=3045552756 [TCP segment of a reassembled PDU]"
"5905","28.904232971","192.168.1.55","192.168.1.2","TCP","1514","8004  >  49862 [ACK] Seq=365086 Ack=144 Win=65024 Len=1448 TSval=2916032984 TSecr=3045552756 [TCP segment of a reassembled PDU]"
"5906","28.904235101","192.168.1.55","192.168.1.2","TCP","1514","8004  >  49862 [ACK] Seq=366534 Ack=144 Win=65024 Len=1448 TSval=2916032984 TSecr=3045552756 [TCP segment of a reassembled PDU]"
"5907","28.904236601","192.168.1.55","192.168.1.2","TCP","1514","8004  >  49862 [ACK] Seq=367982 Ack=144 Win=65024 Len=1448 TSval=2916032984 TSecr=3045552756 [TCP segment of a reassembled PDU]"
"5908","28.904238027","192.168.1.55","192.168.1.2","TCP","1514","8004  >  49862 [ACK] Seq=369430 Ack=144 Win=65024 Len=1448 TSval=2916032984 TSecr=3045552756 [TCP segment of a reassembled PDU]"
"5909","28.904239508","192.168.1.55","192.168.1.2","TCP","1514","8004  >  49862 [ACK] Seq=370878 Ack=144 Win=65024 Len=1448 TSval=2916032984 TSecr=3045552756 [TCP segment of a reassembled PDU]"
"5910","28.904242064","192.168.1.55","192.168.1.2","TCP","1514","8004  >  49862 [ACK] Seq=372326 Ack=144 Win=65024 Len=1448 TSval=2916032984 TSecr=3045552756 [TCP segment of a reassembled PDU]"
"5911","28.904243490","192.168.1.55","192.168.1.2","TCP","1514","8004  >  49862 [ACK] Seq=373774 Ack=144 Win=65024 Len=1448 TSval=2916032984 TSecr=3045552756 [TCP segment of a reassembled PDU]"
"5912","28.904244675","192.168.1.55","192.168.1.2","TCP","1514","8004  >  49862 [ACK] Seq=375222 Ack=144 Win=65024 Len=1448 TSval=2916032984 TSecr=3045552756 [TCP segment of a reassembled PDU]"
"5913","28.904246749","192.168.1.55","192.168.1.2","TCP","1514","8004  >  49862 [ACK] Seq=376670 Ack=144 Win=65024 Len=1448 TSval=2916032984 TSecr=3045552756 [TCP segment of a reassembled PDU]"
"5914","28.904248397","192.168.1.55","192.168.1.2","TCP","1514","8004  >  49862 [ACK] Seq=378118 Ack=144 Win=65024 Len=1448 TSval=2916032984 TSecr=3045552756 [TCP segment of a reassembled PDU]"
"5915","28.904249471","192.168.1.55","192.168.1.2","TCP","1514","8004  >  49862 [ACK] Seq=379566 Ack=144 Win=65024 Len=1448 TSval=2916032984 TSecr=3045552756 [TCP segment of a reassembled PDU]"
"5916","28.904251101","192.168.1.55","192.168.1.2","TCP","1514","8004  >  49862 [PSH, ACK] Seq=381014 Ack=144 Win=65024 Len=1448 TSval=2916032984 TSecr=3045552756 [TCP segment of a reassembled PDU]"
"5917","28.904298342","192.168.1.2","192.168.1.55","TCP","66","49862  >  8004 [ACK] Seq=144 Ack=255038 Win=153600 Len=0 TSval=3045552758 TSecr=2916032975"
"5918","28.904935158","192.168.1.55","192.168.1.2","TCP","1514","8004  >  49862 [ACK] Seq=382462 Ack=144 Win=65024 Len=1448 TSval=2916032985 TSecr=3045552758 [TCP segment of a reassembled PDU]"
"5919","28.904941491","192.168.1.55","192.168.1.2","TCP","1514","8004  >  49862 [ACK] Seq=383910 Ack=144 Win=65024 Len=1448 TSval=2916032985 TSecr=3045552758 [TCP segment of a reassembled PDU]"
"5920","28.904942658","192.168.1.55","192.168.1.2","TCP","1514","8004  >  49862 [ACK] Seq=385358 Ack=144 Win=65024 Len=1448 TSval=2916032985 TSecr=3045552758 [TCP segment of a reassembled PDU]"
"5921","28.904944084","192.168.1.55","192.168.1.2","TCP","1514","8004  >  49862 [ACK] Seq=386806 Ack=144 Win=65024 Len=1448 TSval=2916032985 TSecr=3045552758 [TCP segment of a reassembled PDU]"
"5922","28.904945843","192.168.1.55","192.168.1.2","TCP","1514","8004  >  49862 [ACK] Seq=388254 Ack=144 Win=65024 Len=1448 TSval=2916032985 TSecr=3045552758 [TCP segment of a reassembled PDU]"
"5923","28.904947991","192.168.1.55","192.168.1.2","TCP","1514","8004  >  49862 [ACK] Seq=389702 Ack=144 Win=65024 Len=1448 TSval=2916032985 TSecr=3045552758 [TCP segment of a reassembled PDU]"
"5924","28.904949602","192.168.1.55","192.168.1.2","TCP","1514","8004  >  49862 [ACK] Seq=391150 Ack=144 Win=65024 Len=1448 TSval=2916032985 TSecr=3045552758 [TCP segment of a reassembled PDU]"
"5925","28.904951510","192.168.1.55","192.168.1.2","TCP","1514","8004  >  49862 [ACK] Seq=392598 Ack=144 Win=65024 Len=1448 TSval=2916032985 TSecr=3045552758 [TCP segment of a reassembled PDU]"
"5926","28.904954158","192.168.1.55","192.168.1.2","TCP","1514","8004  >  49862 [ACK] Seq=394046 Ack=144 Win=65024 Len=1448 TSval=2916032985 TSecr=3045552758 [TCP segment of a reassembled PDU]"
"5927","28.904955695","192.168.1.55","192.168.1.2","TCP","1514","8004  >  49862 [ACK] Seq=395494 Ack=144 Win=65024 Len=1448 TSval=2916032985 TSecr=3045552758 [TCP segment of a reassembled PDU]"
"5928","28.904959306","192.168.1.55","192.168.1.2","TCP","1514","8004  >  49862 [ACK] Seq=396942 Ack=144 Win=65024 Len=1448 TSval=2916032985 TSecr=3045552758 [TCP segment of a reassembled PDU]"
"5929","28.904961435","192.168.1.55","192.168.1.2","TCP","1514","8004  >  49862 [ACK] Seq=398390 Ack=144 Win=65024 Len=1448 TSval=2916032985 TSecr=3045552758 [TCP segment of a reassembled PDU]"
"5930","28.904963250","192.168.1.55","192.168.1.2","TCP","1514","8004  >  49862 [ACK] Seq=399838 Ack=144 Win=65024 Len=1448 TSval=2916032985 TSecr=3045552758 [TCP segment of a reassembled PDU]"
"5931","28.904965324","192.168.1.55","192.168.1.2","TCP","1514","8004  >  49862 [ACK] Seq=401286 Ack=144 Win=65024 Len=1448 TSval=2916032985 TSecr=3045552758 [TCP segment of a reassembled PDU]"
"5932","28.904967213","192.168.1.55","192.168.1.2","TCP","1514","8004  >  49862 [ACK] Seq=402734 Ack=144 Win=65024 Len=1448 TSval=2916032985 TSecr=3045552758 [TCP segment of a reassembled PDU]"
"5933","28.904969176","192.168.1.55","192.168.1.2","TCP","1514","8004  >  49862 [ACK] Seq=404182 Ack=144 Win=65024 Len=1448 TSval=2916032985 TSecr=3045552758 [TCP segment of a reassembled PDU]"
"5934","28.904971417","192.168.1.55","192.168.1.2","TCP","1514","8004  >  49862 [ACK] Seq=405630 Ack=144 Win=65024 Len=1448 TSval=2916032985 TSecr=3045552758 [TCP segment of a reassembled PDU]"
"5935","28.904972954","192.168.1.55","192.168.1.2","TCP","1514","8004  >  49862 [ACK] Seq=407078 Ack=144 Win=65024 Len=1448 TSval=2916032985 TSecr=3045552758 [TCP segment of a reassembled PDU]"
"5936","28.904975417","192.168.1.55","192.168.1.2","TCP","178","[TCP Window Full] 8004  >  49862 [PSH, ACK] Seq=408526 Ack=144 Win=65024 Len=112 TSval=2916032985 TSecr=3045552758 [TCP segment of a reassembled PDU]"
"5937","28.909938721","192.168.1.2","192.168.1.55","TCP","66","49862  >  8004 [ACK] Seq=144 Ack=288342 Win=135168 Len=0 TSval=3045552765 TSecr=2916032983"
"5938","28.909961943","192.168.1.55","192.168.1.2","TCP","1514","8004  >  49862 [ACK] Seq=408638 Ack=144 Win=65024 Len=1448 TSval=2916032990 TSecr=3045552765 [TCP segment of a reassembled PDU]"
"5939","28.909964610","192.168.1.55","192.168.1.2","TCP","1514","8004  >  49862 [ACK] Seq=410086 Ack=144 Win=65024 Len=1448 TSval=2916032990 TSecr=3045552765 [TCP segment of a reassembled PDU]"
"5940","28.909965832","192.168.1.55","192.168.1.2","TCP","1514","8004  >  49862 [ACK] Seq=411534 Ack=144 Win=65024 Len=1448 TSval=2916032990 TSecr=3045552765 [TCP segment of a reassembled PDU]"
"5941","28.909966869","192.168.1.55","192.168.1.2","TCP","1514","8004  >  49862 [ACK] Seq=412982 Ack=144 Win=65024 Len=1448 TSval=2916032990 TSecr=3045552765 [TCP segment of a reassembled PDU]"
"5942","28.909968017","192.168.1.55","192.168.1.2","TCP","1514","8004  >  49862 [ACK] Seq=414430 Ack=144 Win=65024 Len=1448 TSval=2916032990 TSecr=3045552765 [TCP segment of a reassembled PDU]"
"5943","28.909969091","192.168.1.55","192.168.1.2","TCP","1514","8004  >  49862 [ACK] Seq=415878 Ack=144 Win=65024 Len=1448 TSval=2916032990 TSecr=3045552765 [TCP segment of a reassembled PDU]"
"5944","28.909970110","192.168.1.55","192.168.1.2","TCP","1514","8004  >  49862 [ACK] Seq=417326 Ack=144 Win=65024 Len=1448 TSval=2916032990 TSecr=3045552765 [TCP segment of a reassembled PDU]"
"5945","28.909971128","192.168.1.55","192.168.1.2","TCP","1514","8004  >  49862 [ACK] Seq=418774 Ack=144 Win=65024 Len=1448 TSval=2916032990 TSecr=3045552765 [TCP segment of a reassembled PDU]"
"5946","28.909972240","192.168.1.55","192.168.1.2","TCP","1514","8004  >  49862 [ACK] Seq=420222 Ack=144 Win=65024 Len=1448 TSval=2916032990 TSecr=3045552765 [TCP segment of a reassembled PDU]"
"5947","28.909973240","192.168.1.55","192.168.1.2","TCP","1514","8004  >  49862 [PSH, ACK] Seq=421670 Ack=144 Win=65024 Len=1448 TSval=2916032990 TSecr=3045552765 [TCP segment of a reassembled PDU]"
"5948","28.910437611","192.168.1.2","192.168.1.55","TCP","66","49862  >  8004 [ACK] Seq=144 Ack=292686 Win=164864 Len=0 TSval=3045552765 TSecr=2916032983"
"5949","28.910447111","192.168.1.55","192.168.1.2","TCP","1514","8004  >  49862 [ACK] Seq=423118 Ack=144 Win=65024 Len=1448 TSval=2916032991 TSecr=3045552765 [TCP segment of a reassembled PDU]"
"5950","28.910448463","192.168.1.55","192.168.1.2","TCP","1514","8004  >  49862 [PSH, ACK] Seq=424566 Ack=144 Win=65024 Len=1448 TSval=2916032991 TSecr=3045552765 [TCP segment of a reassembled PDU]"
"5951","28.910453240","192.168.1.55","192.168.1.2","TCP","1402","8004  >  49862 [ACK] Seq=426014 Ack=144 Win=65024 Len=1336 TSval=2916032991 TSecr=3045552765 [TCP segment of a reassembled PDU]"
"5952","28.910456351","192.168.1.2","192.168.1.55","TCP","66","49862  >  8004 [ACK] Seq=144 Ack=302822 Win=155648 Len=0 TSval=3045552765 TSecr=2916032983"
"5953","28.910461277","192.168.1.2","192.168.1.55","TCP","66","49862  >  8004 [ACK] Seq=144 Ack=337574 Win=136192 Len=0 TSval=3045552765 TSecr=2916032983"
"5954","28.910488537","192.168.1.55","192.168.1.2","TCP","1514","8004  >  49862 [ACK] Seq=427350 Ack=144 Win=65024 Len=1448 TSval=2916032991 TSecr=3045552765 [TCP segment of a reassembled PDU]"
"5955","28.910489852","192.168.1.55","192.168.1.2","TCP","1514","8004  >  49862 [ACK] Seq=428798 Ack=144 Win=65024 Len=1448 TSval=2916032991 TSecr=3045552765 [TCP segment of a reassembled PDU]"
"5956","28.910490963","192.168.1.55","192.168.1.2","TCP","1514","8004  >  49862 [ACK] Seq=430246 Ack=144 Win=65024 Len=1448 TSval=2916032991 TSecr=3045552765 [TCP segment of a reassembled PDU]"
"5957","28.910492129","192.168.1.55","192.168.1.2","TCP","1514","8004  >  49862 [ACK] Seq=431694 Ack=144 Win=65024 Len=1448 TSval=2916032991 TSecr=3045552765 [TCP segment of a reassembled PDU]"
"5958","28.910493148","192.168.1.55","192.168.1.2","TCP","1514","8004  >  49862 [ACK] Seq=433142 Ack=144 Win=65024 Len=1448 TSval=2916032991 TSecr=3045552765 [TCP segment of a reassembled PDU]"
"5959","28.910494203","192.168.1.55","192.168.1.2","TCP","1514","8004  >  49862 [ACK] Seq=434590 Ack=144 Win=65024 Len=1448 TSval=2916032991 TSecr=3045552765 [TCP segment of a reassembled PDU]"
"5960","28.910495222","192.168.1.55","192.168.1.2","TCP","1514","8004  >  49862 [ACK] Seq=436038 Ack=144 Win=65024 Len=1448 TSval=2916032991 TSecr=3045552765 [TCP segment of a reassembled PDU]"
"5961","28.910496444","192.168.1.55","192.168.1.2","TCP","1514","8004  >  49862 [ACK] Seq=437486 Ack=144 Win=65024 Len=1448 TSval=2916032991 TSecr=3045552765 [TCP segment of a reassembled PDU]"
"5962","28.910497592","192.168.1.55","192.168.1.2","TCP","1514","8004  >  49862 [ACK] Seq=438934 Ack=144 Win=65024 Len=1448 TSval=2916032991 TSecr=3045552765 [TCP segment of a reassembled PDU]"
"5963","28.910498722","192.168.1.55","192.168.1.2","TCP","1514","8004  >  49862 [ACK] Seq=440382 Ack=144 Win=65024 Len=1448 TSval=2916032991 TSecr=3045552765 [TCP segment of a reassembled PDU]"
"5964","28.910499889","192.168.1.55","192.168.1.2","TCP","1514","8004  >  49862 [ACK] Seq=441830 Ack=144 Win=65024 Len=1448 TSval=2916032991 TSecr=3045552765 [TCP segment of a reassembled PDU]"
"5965","28.910501055","192.168.1.55","192.168.1.2","TCP","1514","8004  >  49862 [ACK] Seq=443278 Ack=144 Win=65024 Len=1448 TSval=2916032991 TSecr=3045552765 [TCP segment of a reassembled PDU]"
"5966","28.910502277","192.168.1.55","192.168.1.2","TCP","1514","8004  >  49862 [ACK] Seq=444726 Ack=144 Win=65024 Len=1448 TSval=2916032991 TSecr=3045552765 [TCP segment of a reassembled PDU]"
"5967","28.910503407","192.168.1.55","192.168.1.2","TCP","1514","8004  >  49862 [ACK] Seq=446174 Ack=144 Win=65024 Len=1448 TSval=2916032991 TSecr=3045552765 [TCP segment of a reassembled PDU]"
"5968","28.910504518","192.168.1.55","192.168.1.2","TCP","1514","8004  >  49862 [ACK] Seq=447622 Ack=144 Win=65024 Len=1448 TSval=2916032991 TSecr=3045552765 [TCP segment of a reassembled PDU]"
"5969","28.910505648","192.168.1.55","192.168.1.2","TCP","1514","8004  >  49862 [ACK] Seq=449070 Ack=144 Win=65024 Len=1448 TSval=2916032991 TSecr=3045552765 [TCP segment of a reassembled PDU]"
"5970","28.910506685","192.168.1.55","192.168.1.2","TCP","1514","8004  >  49862 [ACK] Seq=450518 Ack=144 Win=65024 Len=1448 TSval=2916032991 TSecr=3045552765 [TCP segment of a reassembled PDU]"
"5971","28.910507796","192.168.1.55","192.168.1.2","TCP","1514","8004  >  49862 [ACK] Seq=451966 Ack=144 Win=65024 Len=1448 TSval=2916032991 TSecr=3045552765 [TCP segment of a reassembled PDU]"
"5972","28.910508907","192.168.1.55","192.168.1.2","TCP","1514","8004  >  49862 [ACK] Seq=453414 Ack=144 Win=65024 Len=1448 TSval=2916032991 TSecr=3045552765 [TCP segment of a reassembled PDU]"
"5973","28.910510074","192.168.1.55","192.168.1.2","TCP","1514","8004  >  49862 [ACK] Seq=454862 Ack=144 Win=65024 Len=1448 TSval=2916032991 TSecr=3045552765 [TCP segment of a reassembled PDU]"
"5974","28.910511222","192.168.1.55","192.168.1.2","TCP","1514","8004  >  49862 [ACK] Seq=456310 Ack=144 Win=65024 Len=1448 TSval=2916032991 TSecr=3045552765 [TCP segment of a reassembled PDU]"
"5975","28.910512389","192.168.1.55","192.168.1.2","TCP","1514","8004  >  49862 [ACK] Seq=457758 Ack=144 Win=65024 Len=1448 TSval=2916032991 TSecr=3045552765 [TCP segment of a reassembled PDU]"
"5976","28.910513426","192.168.1.55","192.168.1.2","TCP","1514","8004  >  49862 [ACK] Seq=459206 Ack=144 Win=65024 Len=1448 TSval=2916032991 TSecr=3045552765 [TCP segment of a reassembled PDU]"
"5977","28.910514666","192.168.1.55","192.168.1.2","TCP","1514","8004  >  49862 [ACK] Seq=460654 Ack=144 Win=65024 Len=1448 TSval=2916032991 TSecr=3045552765 [TCP segment of a reassembled PDU]"
"5978","28.910515703","192.168.1.55","192.168.1.2","TCP","1514","8004  >  49862 [ACK] Seq=462102 Ack=144 Win=65024 Len=1448 TSval=2916032991 TSecr=3045552765 [TCP segment of a reassembled PDU]"
"5979","28.910517092","192.168.1.55","192.168.1.2","TCP","1514","8004  >  49862 [ACK] Seq=463550 Ack=144 Win=65024 Len=1448 TSval=2916032991 TSecr=3045552765 [TCP segment of a reassembled PDU]"
"5980","28.910518185","192.168.1.55","192.168.1.2","TCP","1514","8004  >  49862 [ACK] Seq=464998 Ack=144 Win=65024 Len=1448 TSval=2916032991 TSecr=3045552765 [TCP segment of a reassembled PDU]"
"5981","28.910519315","192.168.1.55","192.168.1.2","TCP","1514","8004  >  49862 [ACK] Seq=466446 Ack=144 Win=65024 Len=1448 TSval=2916032991 TSecr=3045552765 [TCP segment of a reassembled PDU]"
"5982","28.910524833","192.168.1.55","192.168.1.2","TCP","1514","8004  >  49862 [ACK] Seq=467894 Ack=144 Win=65024 Len=1448 TSval=2916032991 TSecr=3045552765 [TCP segment of a reassembled PDU]"
"5983","28.910526148","192.168.1.55","192.168.1.2","TCP","1514","8004  >  49862 [ACK] Seq=469342 Ack=144 Win=65024 Len=1448 TSval=2916032991 TSecr=3045552765 [TCP segment of a reassembled PDU]"
"5984","28.910527444","192.168.1.55","192.168.1.2","TCP","1514","8004  >  49862 [PSH, ACK] Seq=470790 Ack=144 Win=65024 Len=1448 TSval=2916032991 TSecr=3045552765 [TCP segment of a reassembled PDU]"
"5985","28.910531055","192.168.1.2","192.168.1.55","TCP","66","49862  >  8004 [ACK] Seq=144 Ack=362190 Win=111616 Len=0 TSval=3045552765 TSecr=2916032984"
"5986","28.915800026","192.168.1.2","192.168.1.55","TCP","66","49862  >  8004 [ACK] Seq=144 Ack=382462 Win=147456 Len=0 TSval=3045552771 TSecr=2916032984"
"5987","28.915827082","192.168.1.55","192.168.1.2","TCP","1514","8004  >  49862 [ACK] Seq=472238 Ack=144 Win=65024 Len=1448 TSval=2916032996 TSecr=3045552771 [TCP segment of a reassembled PDU]"
"5988","28.915829712","192.168.1.55","192.168.1.2","TCP","1514","8004  >  49862 [ACK] Seq=473686 Ack=144 Win=65024 Len=1448 TSval=2916032996 TSecr=3045552771 [TCP segment of a reassembled PDU]"
"5989","28.915831119","192.168.1.55","192.168.1.2","TCP","1514","8004  >  49862 [ACK] Seq=475134 Ack=144 Win=65024 Len=1448 TSval=2916032996 TSecr=3045552771 [TCP segment of a reassembled PDU]"
"5990","28.915832527","192.168.1.55","192.168.1.2","TCP","1514","8004  >  49862 [ACK] Seq=476582 Ack=144 Win=65024 Len=1448 TSval=2916032996 TSecr=3045552771 [TCP segment of a reassembled PDU]"
"5991","28.915833878","192.168.1.55","192.168.1.2","TCP","1514","8004  >  49862 [ACK] Seq=478030 Ack=144 Win=65024 Len=1448 TSval=2916032996 TSecr=3045552771 [TCP segment of a reassembled PDU]"
"5992","28.915835638","192.168.1.55","192.168.1.2","TCP","1514","8004  >  49862 [ACK] Seq=479478 Ack=144 Win=65024 Len=1448 TSval=2916032996 TSecr=3045552771 [TCP segment of a reassembled PDU]"
"5993","28.915836971","192.168.1.55","192.168.1.2","TCP","1514","8004  >  49862 [ACK] Seq=480926 Ack=144 Win=65024 Len=1448 TSval=2916032996 TSecr=3045552771 [TCP segment of a reassembled PDU]"
"5994","28.915838249","192.168.1.55","192.168.1.2","TCP","1514","8004  >  49862 [ACK] Seq=482374 Ack=144 Win=65024 Len=1448 TSval=2916032996 TSecr=3045552771 [TCP segment of a reassembled PDU]"
"5995","28.915839564","192.168.1.55","192.168.1.2","TCP","1514","8004  >  49862 [ACK] Seq=483822 Ack=144 Win=65024 Len=1448 TSval=2916032996 TSecr=3045552771 [TCP segment of a reassembled PDU]"
"5996","28.915840952","192.168.1.55","192.168.1.2","TCP","1514","8004  >  49862 [ACK] Seq=485270 Ack=144 Win=65024 Len=1448 TSval=2916032996 TSecr=3045552771 [TCP segment of a reassembled PDU]"
"5997","28.915842230","192.168.1.55","192.168.1.2","TCP","1514","8004  >  49862 [ACK] Seq=486718 Ack=144 Win=65024 Len=1448 TSval=2916032996 TSecr=3045552771 [TCP segment of a reassembled PDU]"
"5998","28.915843527","192.168.1.55","192.168.1.2","TCP","1514","8004  >  49862 [ACK] Seq=488166 Ack=144 Win=65024 Len=1448 TSval=2916032996 TSecr=3045552771 [TCP segment of a reassembled PDU]"
"5999","28.915844804","192.168.1.55","192.168.1.2","TCP","1514","8004  >  49862 [ACK] Seq=489614 Ack=144 Win=65024 Len=1448 TSval=2916032996 TSecr=3045552771 [TCP segment of a reassembled PDU]"
"6000","28.915846082","192.168.1.55","192.168.1.2","TCP","1514","8004  >  49862 [ACK] Seq=491062 Ack=144 Win=65024 Len=1448 TSval=2916032996 TSecr=3045552771 [TCP segment of a reassembled PDU]"
"6001","28.915847545","192.168.1.55","192.168.1.2","TCP","1514","8004  >  49862 [ACK] Seq=492510 Ack=144 Win=65024 Len=1448 TSval=2916032996 TSecr=3045552771 [TCP segment of a reassembled PDU]"
"6002","28.915848971","192.168.1.55","192.168.1.2","TCP","1514","8004  >  49862 [ACK] Seq=493958 Ack=144 Win=65024 Len=1448 TSval=2916032996 TSecr=3045552771 [TCP segment of a reassembled PDU]"
"6003","28.915850582","192.168.1.55","192.168.1.2","TCP","1514","8004  >  49862 [ACK] Seq=495406 Ack=144 Win=65024 Len=1448 TSval=2916032996 TSecr=3045552771 [TCP segment of a reassembled PDU]"
"6004","28.915851878","192.168.1.55","192.168.1.2","TCP","1514","8004  >  49862 [PSH, ACK] Seq=496854 Ack=144 Win=65024 Len=1448 TSval=2916032996 TSecr=3045552771 [TCP segment of a reassembled PDU]"
"6005","28.915857619","192.168.1.55","192.168.1.2","HTTP","222","HTTP/1.0 200 OK  (PNG)"
"6006","28.915926323","192.168.1.2","192.168.1.55","TCP","66","49862  >  8004 [ACK] Seq=144 Ack=426014 Win=104448 Len=0 TSval=3045552771 TSecr=2916032985"
"6007","28.915941971","192.168.1.2","192.168.1.55","TCP","66","49862  >  8004 [ACK] Seq=144 Ack=464998 Win=107520 Len=0 TSval=3045552771 TSecr=2916032991"
"6008","28.916678065","192.168.1.2","192.168.1.55","TCP","66","49862  >  8004 [ACK] Seq=144 Ack=472238 Win=177152 Len=0 TSval=3045552771 TSecr=2916032991"
"6009","28.918863828","192.168.1.2","192.168.1.55","TCP","66","49862  >  8004 [ACK] Seq=144 Ack=498302 Win=157696 Len=0 TSval=3045552774 TSecr=2916032996"
"6010","28.921286220","192.168.1.2","192.168.1.55","TCP","66","49862  >  8004 [FIN, ACK] Seq=144 Ack=498459 Win=180224 Len=0 TSval=3045552776 TSecr=2916032996"
"6011","28.921307683","192.168.1.55","192.168.1.2","TCP","66","8004  >  49862 [ACK] Seq=498459 Ack=145 Win=65024 Len=0 TSval=2916033001 TSecr=3045552776"
"6012","28.921357331","192.168.1.2","192.168.1.55","TCP","74","49872  >  8004 [SYN] Seq=0 Win=64240 Len=0 MSS=1460 SACK_PERM TSval=3045552776 TSecr=0 WS=1024"
"6013","28.921391220","192.168.1.55","192.168.1.2","TCP","74","8004  >  49872 [SYN, ACK] Seq=0 Ack=1 Win=65160 Len=0 MSS=1460 SACK_PERM TSval=2916033002 TSecr=3045552776 WS=128"
"6014","28.925180967","192.168.1.2","192.168.1.55","TCP","66","49872  >  8004 [ACK] Seq=1 Ack=1 Win=64512 Len=0 TSval=3045552779 TSecr=2916033002"
"6015","28.928391824","192.168.1.2","192.168.1.55","HTTP","206","GET /stego_benchmark.png HTTP/1.1 "
"6016","28.928404157","192.168.1.55","192.168.1.2","TCP","66","8004  >  49872 [ACK] Seq=1 Ack=141 Win=65024 Len=0 TSval=2916033009 TSecr=3045552779"
"6017","28.928879047","192.168.1.55","192.168.1.2","TCP","255","8004  >  49872 [PSH, ACK] Seq=1 Ack=141 Win=65024 Len=189 TSval=2916033009 TSecr=3045552779 [TCP segment of a reassembled PDU]"
"6018","28.928961436","192.168.1.55","192.168.1.2","TCP","1514","8004  >  49872 [ACK] Seq=190 Ack=141 Win=65024 Len=1448 TSval=2916033009 TSecr=3045552779 [TCP segment of a reassembled PDU]"
"6019","28.928966695","192.168.1.55","192.168.1.2","TCP","1514","8004  >  49872 [ACK] Seq=1638 Ack=141 Win=65024 Len=1448 TSval=2916033009 TSecr=3045552779 [TCP segment of a reassembled PDU]"
"6020","28.928968158","192.168.1.55","192.168.1.2","TCP","1514","8004  >  49872 [ACK] Seq=3086 Ack=141 Win=65024 Len=1448 TSval=2916033009 TSecr=3045552779 [TCP segment of a reassembled PDU]"
"6021","28.928969473","192.168.1.55","192.168.1.2","TCP","1514","8004  >  49872 [ACK] Seq=4534 Ack=141 Win=65024 Len=1448 TSval=2916033009 TSecr=3045552779 [TCP segment of a reassembled PDU]"
"6022","28.928971325","192.168.1.55","192.168.1.2","TCP","1514","8004  >  49872 [PSH, ACK] Seq=5982 Ack=141 Win=65024 Len=1448 TSval=2916033009 TSecr=3045552779 [TCP segment of a reassembled PDU]"
"6023","28.928989714","192.168.1.55","192.168.1.2","TCP","1514","8004  >  49872 [ACK] Seq=7430 Ack=141 Win=65024 Len=1448 TSval=2916033009 TSecr=3045552779 [TCP segment of a reassembled PDU]"
"6024","28.928992177","192.168.1.55","192.168.1.2","TCP","1514","8004  >  49872 [ACK] Seq=8878 Ack=141 Win=65024 Len=1448 TSval=2916033009 TSecr=3045552779 [TCP segment of a reassembled PDU]"
"6025","28.928993566","192.168.1.55","192.168.1.2","TCP","1514","8004  >  49872 [ACK] Seq=10326 Ack=141 Win=65024 Len=1448 TSval=2916033009 TSecr=3045552779 [TCP segment of a reassembled PDU]"
"6026","28.928994936","192.168.1.55","192.168.1.2","TCP","1514","8004  >  49872 [PSH, ACK] Seq=11774 Ack=141 Win=65024 Len=1448 TSval=2916033009 TSecr=3045552779 [TCP segment of a reassembled PDU]"
"6027","28.933229683","192.168.1.2","192.168.1.55","TCP","66","49872  >  8004 [ACK] Seq=141 Ack=190 Win=64512 Len=0 TSval=3045552787 TSecr=2916033009"
"6028","28.933343980","192.168.1.55","192.168.1.2","TCP","1514","8004  >  49872 [ACK] Seq=13222 Ack=141 Win=65024 Len=1448 TSval=2916033013 TSecr=3045552787 [TCP segment of a reassembled PDU]"
"6029","28.933359980","192.168.1.55","192.168.1.2","TCP","1514","8004  >  49872 [PSH, ACK] Seq=14670 Ack=141 Win=65024 Len=1448 TSval=2916033013 TSecr=3045552787 [TCP segment of a reassembled PDU]"
"6030","28.933504517","192.168.1.2","192.168.1.55","TCP","66","49872  >  8004 [ACK] Seq=141 Ack=5982 Win=76800 Len=0 TSval=3045552787 TSecr=2916033009"
"6031","28.933545110","192.168.1.55","192.168.1.2","TCP","1514","8004  >  49872 [ACK] Seq=16118 Ack=141 Win=65024 Len=1448 TSval=2916033014 TSecr=3045552787 [TCP segment of a reassembled PDU]"
"6032","28.933550091","192.168.1.55","192.168.1.2","TCP","1514","8004  >  49872 [ACK] Seq=17566 Ack=141 Win=65024 Len=1448 TSval=2916033014 TSecr=3045552787 [TCP segment of a reassembled PDU]"
"6033","28.933551943","192.168.1.55","192.168.1.2","TCP","1514","8004  >  49872 [ACK] Seq=19014 Ack=141 Win=65024 Len=1448 TSval=2916033014 TSecr=3045552787 [TCP segment of a reassembled PDU]"
"6034","28.933553462","192.168.1.55","192.168.1.2","TCP","1514","8004  >  49872 [ACK] Seq=20462 Ack=141 Win=65024 Len=1448 TSval=2916033014 TSecr=3045552787 [TCP segment of a reassembled PDU]"
"6035","28.933555684","192.168.1.55","192.168.1.2","TCP","1514","8004  >  49872 [ACK] Seq=21910 Ack=141 Win=65024 Len=1448 TSval=2916033014 TSecr=3045552787 [TCP segment of a reassembled PDU]"
"6036","28.933558221","192.168.1.55","192.168.1.2","TCP","1514","8004  >  49872 [ACK] Seq=23358 Ack=141 Win=65024 Len=1448 TSval=2916033014 TSecr=3045552787 [TCP segment of a reassembled PDU]"
"6037","28.933560480","192.168.1.55","192.168.1.2","TCP","1514","8004  >  49872 [PSH, ACK] Seq=24806 Ack=141 Win=65024 Len=1448 TSval=2916033014 TSecr=3045552787 [TCP segment of a reassembled PDU]"
"6038","28.933567906","192.168.1.2","192.168.1.55","TCP","66","49872  >  8004 [ACK] Seq=141 Ack=7430 Win=79872 Len=0 TSval=3045552788 TSecr=2916033009"
"6039","28.933575888","192.168.1.2","192.168.1.55","TCP","66","49872  >  8004 [ACK] Seq=141 Ack=13222 Win=80896 Len=0 TSval=3045552788 TSecr=2916033009"
"6040","28.933608665","192.168.1.55","192.168.1.2","TCP","1514","8004  >  49872 [ACK] Seq=26254 Ack=141 Win=65024 Len=1448 TSval=2916033014 TSecr=3045552788 [TCP segment of a reassembled PDU]"
"6041","28.933611851","192.168.1.55","192.168.1.2","TCP","1514","8004  >  49872 [ACK] Seq=27702 Ack=141 Win=65024 Len=1448 TSval=2916033014 TSecr=3045552788 [TCP segment of a reassembled PDU]"
"6042","28.933614369","192.168.1.55","192.168.1.2","TCP","1514","8004  >  49872 [ACK] Seq=29150 Ack=141 Win=65024 Len=1448 TSval=2916033014 TSecr=3045552788 [TCP segment of a reassembled PDU]"
"6043","28.933616388","192.168.1.55","192.168.1.2","TCP","1514","8004  >  49872 [ACK] Seq=30598 Ack=141 Win=65024 Len=1448 TSval=2916033014 TSecr=3045552788 [TCP segment of a reassembled PDU]"
"6044","28.933618943","192.168.1.55","192.168.1.2","TCP","1514","8004  >  49872 [ACK] Seq=32046 Ack=141 Win=65024 Len=1448 TSval=2916033014 TSecr=3045552788 [TCP segment of a reassembled PDU]"
"6045","28.933620536","192.168.1.55","192.168.1.2","TCP","1514","8004  >  49872 [ACK] Seq=33494 Ack=141 Win=65024 Len=1448 TSval=2916033014 TSecr=3045552788 [TCP segment of a reassembled PDU]"
"6046","28.933622128","192.168.1.55","192.168.1.2","TCP","1514","8004  >  49872 [ACK] Seq=34942 Ack=141 Win=65024 Len=1448 TSval=2916033014 TSecr=3045552788 [TCP segment of a reassembled PDU]"
"6047","28.933623814","192.168.1.55","192.168.1.2","TCP","1514","8004  >  49872 [ACK] Seq=36390 Ack=141 Win=65024 Len=1448 TSval=2916033014 TSecr=3045552788 [TCP segment of a reassembled PDU]"
"6048","28.933625425","192.168.1.55","192.168.1.2","TCP","1514","8004  >  49872 [ACK] Seq=37838 Ack=141 Win=65024 Len=1448 TSval=2916033014 TSecr=3045552788 [TCP segment of a reassembled PDU]"
"6049","28.933626962","192.168.1.55","192.168.1.2","TCP","1514","8004  >  49872 [PSH, ACK] Seq=39286 Ack=141 Win=65024 Len=1448 TSval=2916033014 TSecr=3045552788 [TCP segment of a reassembled PDU]"
"6050","28.934403556","192.168.1.55","192.168.1.2","TCP","1514","8004  >  49872 [ACK] Seq=40734 Ack=141 Win=65024 Len=1448 TSval=2916033015 TSecr=3045552788 [TCP segment of a reassembled PDU]"
"6051","28.937991191","192.168.1.2","192.168.1.55","TCP","66","49872  >  8004 [ACK] Seq=141 Ack=16118 Win=87040 Len=0 TSval=3045552792 TSecr=2916033013"
"6052","28.938019820","192.168.1.55","192.168.1.2","TCP","1514","8004  >  49872 [ACK] Seq=42182 Ack=141 Win=65024 Len=1448 TSval=2916033018 TSecr=3045552792 [TCP segment of a reassembled PDU]"
"6053","28.938023432","192.168.1.55","192.168.1.2","TCP","1514","8004  >  49872 [PSH, ACK] Seq=43630 Ack=141 Win=65024 Len=1448 TSval=2916033018 TSecr=3045552792 [TCP segment of a reassembled PDU]"
"6054","28.938115784","192.168.1.2","192.168.1.55","TCP","66","49872  >  8004 [ACK] Seq=141 Ack=26254 Win=82944 Len=0 TSval=3045552792 TSecr=2916033014"
"6055","28.938140080","192.168.1.55","192.168.1.2","TCP","1514","8004  >  49872 [ACK] Seq=45078 Ack=141 Win=65024 Len=1448 TSval=2916033018 TSecr=3045552792 [TCP segment of a reassembled PDU]"
"6056","28.938142098","192.168.1.55","192.168.1.2","TCP","1514","8004  >  49872 [ACK] Seq=46526 Ack=141 Win=65024 Len=1448 TSval=2916033018 TSecr=3045552792 [TCP segment of a reassembled PDU]"
"6057","28.938143284","192.168.1.55","192.168.1.2","TCP","1514","8004  >  49872 [ACK] Seq=47974 Ack=141 Win=65024 Len=1448 TSval=2916033018 TSecr=3045552792 [TCP segment of a reassembled PDU]"
"6058","28.938144487","192.168.1.55","192.168.1.2","TCP","1514","8004  >  49872 [ACK] Seq=49422 Ack=141 Win=65024 Len=1448 TSval=2916033018 TSecr=3045552792 [TCP segment of a reassembled PDU]"
"6059","28.938145802","192.168.1.55","192.168.1.2","TCP","1514","8004  >  49872 [ACK] Seq=50870 Ack=141 Win=65024 Len=1448 TSval=2916033018 TSecr=3045552792 [TCP segment of a reassembled PDU]"
"6060","28.938147358","192.168.1.55","192.168.1.2","TCP","1514","8004  >  49872 [ACK] Seq=52318 Ack=141 Win=65024 Len=1448 TSval=2916033018 TSecr=3045552792 [TCP segment of a reassembled PDU]"
"6061","28.938149432","192.168.1.55","192.168.1.2","TCP","1514","8004  >  49872 [ACK] Seq=53766 Ack=141 Win=65024 Len=1448 TSval=2916033018 TSecr=3045552792 [TCP segment of a reassembled PDU]"
"6062","28.938151265","192.168.1.55","192.168.1.2","TCP","1514","8004  >  49872 [ACK] Seq=55214 Ack=141 Win=65024 Len=1448 TSval=2916033018 TSecr=3045552792 [TCP segment of a reassembled PDU]"
"6063","28.938152413","192.168.1.55","192.168.1.2","TCP","1514","8004  >  49872 [ACK] Seq=56662 Ack=141 Win=65024 Len=1448 TSval=2916033018 TSecr=3045552792 [TCP segment of a reassembled PDU]"
"6064","28.938153654","192.168.1.55","192.168.1.2","TCP","1514","8004  >  49872 [ACK] Seq=58110 Ack=141 Win=65024 Len=1448 TSval=2916033018 TSecr=3045552792 [TCP segment of a reassembled PDU]"
"6065","28.938154895","192.168.1.55","192.168.1.2","TCP","1514","8004  >  49872 [ACK] Seq=59558 Ack=141 Win=65024 Len=1448 TSval=2916033018 TSecr=3045552792 [TCP segment of a reassembled PDU]"
"6066","28.938156080","192.168.1.55","192.168.1.2","TCP","1514","8004  >  49872 [ACK] Seq=61006 Ack=141 Win=65024 Len=1448 TSval=2916033018 TSecr=3045552792 [TCP segment of a reassembled PDU]"
"6067","28.938157228","192.168.1.55","192.168.1.2","TCP","1514","8004  >  49872 [ACK] Seq=62454 Ack=141 Win=65024 Len=1448 TSval=2916033018 TSecr=3045552792 [TCP segment of a reassembled PDU]"
"6068","28.938158506","192.168.1.55","192.168.1.2","TCP","1514","8004  >  49872 [PSH, ACK] Seq=63902 Ack=141 Win=65024 Len=1448 TSval=2916033018 TSecr=3045552792 [TCP segment of a reassembled PDU]"
"6069","28.938162765","192.168.1.2","192.168.1.55","TCP","66","49872  >  8004 [ACK] Seq=141 Ack=36390 Win=73728 Len=0 TSval=3045552792 TSecr=2916033014"
"6070","28.938187561","192.168.1.55","192.168.1.2","TCP","1514","8004  >  49872 [ACK] Seq=65350 Ack=141 Win=65024 Len=1448 TSval=2916033018 TSecr=3045552792 [TCP segment of a reassembled PDU]"
"6071","28.938189117","192.168.1.55","192.168.1.2","TCP","1514","8004  >  49872 [ACK] Seq=66798 Ack=141 Win=65024 Len=1448 TSval=2916033018 TSecr=3045552792 [TCP segment of a reassembled PDU]"
"6072","28.938190654","192.168.1.55","192.168.1.2","TCP","1514","8004  >  49872 [ACK] Seq=68246 Ack=141 Win=65024 Len=1448 TSval=2916033018 TSecr=3045552792 [TCP segment of a reassembled PDU]"
"6073","28.938192043","192.168.1.55","192.168.1.2","TCP","1514","8004  >  49872 [ACK] Seq=69694 Ack=141 Win=65024 Len=1448 TSval=2916033018 TSecr=3045552792 [TCP segment of a reassembled PDU]"
"6074","28.938194247","192.168.1.55","192.168.1.2","TCP","1514","8004  >  49872 [ACK] Seq=71142 Ack=141 Win=65024 Len=1448 TSval=2916033018 TSecr=3045552792 [TCP segment of a reassembled PDU]"
"6075","28.938196173","192.168.1.55","192.168.1.2","TCP","1514","8004  >  49872 [ACK] Seq=72590 Ack=141 Win=65024 Len=1448 TSval=2916033018 TSecr=3045552792 [TCP segment of a reassembled PDU]"
"6076","28.938197506","192.168.1.55","192.168.1.2","TCP","1514","8004  >  49872 [ACK] Seq=74038 Ack=141 Win=65024 Len=1448 TSval=2916033018 TSecr=3045552792 [TCP segment of a reassembled PDU]"
"6077","28.938198802","192.168.1.55","192.168.1.2","TCP","1514","8004  >  49872 [PSH, ACK] Seq=75486 Ack=141 Win=65024 Len=1448 TSval=2916033018 TSecr=3045552792 [TCP segment of a reassembled PDU]"
"6078","28.938205784","192.168.1.2","192.168.1.55","TCP","66","49872  >  8004 [ACK] Seq=141 Ack=39286 Win=92160 Len=0 TSval=3045552793 TSecr=2916033014"
"6079","28.938267302","192.168.1.2","192.168.1.55","TCP","66","49872  >  8004 [ACK] Seq=141 Ack=40734 Win=94208 Len=0 TSval=3045552793 TSecr=2916033014"
"6080","28.938277173","192.168.1.2","192.168.1.55","TCP","66","49872  >  8004 [ACK] Seq=141 Ack=42182 Win=94208 Len=0 TSval=3045552793 TSecr=2916033015"
"6081","28.938326228","192.168.1.55","192.168.1.2","TCP","1514","8004  >  49872 [ACK] Seq=76934 Ack=141 Win=65024 Len=1448 TSval=2916033018 TSecr=3045552793 [TCP segment of a reassembled PDU]"
"6082","28.938329580","192.168.1.55","192.168.1.2","TCP","1514","8004  >  49872 [ACK] Seq=78382 Ack=141 Win=65024 Len=1448 TSval=2916033018 TSecr=3045552793 [TCP segment of a reassembled PDU]"
"6083","28.938331932","192.168.1.55","192.168.1.2","TCP","1514","8004  >  49872 [ACK] Seq=79830 Ack=141 Win=65024 Len=1448 TSval=2916033018 TSecr=3045552793 [TCP segment of a reassembled PDU]"
"6084","28.938333673","192.168.1.55","192.168.1.2","TCP","1514","8004  >  49872 [ACK] Seq=81278 Ack=141 Win=65024 Len=1448 TSval=2916033018 TSecr=3045552793 [TCP segment of a reassembled PDU]"
"6085","28.938335136","192.168.1.55","192.168.1.2","TCP","1514","8004  >  49872 [ACK] Seq=82726 Ack=141 Win=65024 Len=1448 TSval=2916033018 TSecr=3045552793 [TCP segment of a reassembled PDU]"
"6086","28.938337895","192.168.1.55","192.168.1.2","TCP","1514","8004  >  49872 [ACK] Seq=84174 Ack=141 Win=65024 Len=1448 TSval=2916033018 TSecr=3045552793 [TCP segment of a reassembled PDU]"
"6087","28.938339932","192.168.1.55","192.168.1.2","TCP","1514","8004  >  49872 [ACK] Seq=85622 Ack=141 Win=65024 Len=1448 TSval=2916033018 TSecr=3045552793 [TCP segment of a reassembled PDU]"
"6088","28.938341654","192.168.1.55","192.168.1.2","TCP","1514","8004  >  49872 [ACK] Seq=87070 Ack=141 Win=65024 Len=1448 TSval=2916033018 TSecr=3045552793 [TCP segment of a reassembled PDU]"
"6089","28.938343432","192.168.1.55","192.168.1.2","TCP","1514","8004  >  49872 [ACK] Seq=88518 Ack=141 Win=65024 Len=1448 TSval=2916033018 TSecr=3045552793 [TCP segment of a reassembled PDU]"
"6090","28.938345191","192.168.1.55","192.168.1.2","TCP","1514","8004  >  49872 [ACK] Seq=89966 Ack=141 Win=65024 Len=1448 TSval=2916033018 TSecr=3045552793 [TCP segment of a reassembled PDU]"
"6091","28.938346636","192.168.1.55","192.168.1.2","TCP","1514","8004  >  49872 [ACK] Seq=91414 Ack=141 Win=65024 Len=1448 TSval=2916033018 TSecr=3045552793 [TCP segment of a reassembled PDU]"
"6092","28.938347969","192.168.1.55","192.168.1.2","TCP","1514","8004  >  49872 [ACK] Seq=92862 Ack=141 Win=65024 Len=1448 TSval=2916033018 TSecr=3045552793 [TCP segment of a reassembled PDU]"
"6093","28.938349765","192.168.1.55","192.168.1.2","TCP","1514","8004  >  49872 [ACK] Seq=94310 Ack=141 Win=65024 Len=1448 TSval=2916033018 TSecr=3045552793 [TCP segment of a reassembled PDU]"
"6094","28.938351432","192.168.1.55","192.168.1.2","TCP","1514","8004  >  49872 [PSH, ACK] Seq=95758 Ack=141 Win=65024 Len=1448 TSval=2916033018 TSecr=3045552793 [TCP segment of a reassembled PDU]"
"6095","28.939580656","192.168.1.55","192.168.1.2","TCP","1514","8004  >  49872 [ACK] Seq=97206 Ack=141 Win=65024 Len=1448 TSval=2916033020 TSecr=3045552793 [TCP segment of a reassembled PDU]"
"6096","28.939586693","192.168.1.55","192.168.1.2","TCP","1514","8004  >  49872 [PSH, ACK] Seq=98654 Ack=141 Win=65024 Len=1448 TSval=2916033020 TSecr=3045552793 [TCP segment of a reassembled PDU]"
"6097","28.943866181","192.168.1.2","192.168.1.55","TCP","66","49872  >  8004 [ACK] Seq=141 Ack=43630 Win=93184 Len=0 TSval=3045552798 TSecr=2916033018"
"6098","28.943910459","192.168.1.55","192.168.1.2","TCP","1514","8004  >  49872 [ACK] Seq=100102 Ack=141 Win=65024 Len=1448 TSval=2916033024 TSecr=3045552798 [TCP segment of a reassembled PDU]"
"6099","28.943916811","192.168.1.55","192.168.1.2","TCP","1514","8004  >  49872 [PSH, ACK] Seq=101550 Ack=141 Win=65024 Len=1448 TSval=2916033024 TSecr=3045552798 [TCP segment of a reassembled PDU]"
"6100","28.944158700","192.168.1.2","192.168.1.55","TCP","66","49872  >  8004 [ACK] Seq=141 Ack=45078 Win=94208 Len=0 TSval=3045552798 TSecr=2916033018"
"6101","28.944166497","192.168.1.2","192.168.1.55","TCP","66","49872  >  8004 [ACK] Seq=141 Ack=65350 Win=75776 Len=0 TSval=3045552798 TSecr=2916033018"
"6102","28.944191645","192.168.1.55","192.168.1.2","TCP","1514","8004  >  49872 [ACK] Seq=102998 Ack=141 Win=65024 Len=1448 TSval=2916033024 TSecr=3045552798 [TCP segment of a reassembled PDU]"
"6103","28.944193793","192.168.1.55","192.168.1.2","TCP","1514","8004  >  49872 [ACK] Seq=104446 Ack=141 Win=65024 Len=1448 TSval=2916033024 TSecr=3045552798 [TCP segment of a reassembled PDU]"
"6104","28.944195219","192.168.1.55","192.168.1.2","TCP","1514","8004  >  49872 [ACK] Seq=105894 Ack=141 Win=65024 Len=1448 TSval=2916033024 TSecr=3045552798 [TCP segment of a reassembled PDU]"
"6105","28.944197275","192.168.1.55","192.168.1.2","TCP","1514","8004  >  49872 [ACK] Seq=107342 Ack=141 Win=65024 Len=1448 TSval=2916033024 TSecr=3045552798 [TCP segment of a reassembled PDU]"
"6106","28.944198663","192.168.1.55","192.168.1.2","TCP","1514","8004  >  49872 [ACK] Seq=108790 Ack=141 Win=65024 Len=1448 TSval=2916033024 TSecr=3045552798 [TCP segment of a reassembled PDU]"
"6107","28.944200719","192.168.1.55","192.168.1.2","TCP","1514","8004  >  49872 [ACK] Seq=110238 Ack=141 Win=65024 Len=1448 TSval=2916033024 TSecr=3045552798 [TCP segment of a reassembled PDU]"
"6108","28.944202460","192.168.1.55","192.168.1.2","TCP","1514","8004  >  49872 [ACK] Seq=111686 Ack=141 Win=65024 Len=1448 TSval=2916033024 TSecr=3045552798 [TCP segment of a reassembled PDU]"
"6109","28.944203849","192.168.1.55","192.168.1.2","TCP","1514","8004  >  49872 [ACK] Seq=113134 Ack=141 Win=65024 Len=1448 TSval=2916033024 TSecr=3045552798 [TCP segment of a reassembled PDU]"
"6110","28.944205108","192.168.1.55","192.168.1.2","TCP","1514","8004  >  49872 [PSH, ACK] Seq=114582 Ack=141 Win=65024 Len=1448 TSval=2916033024 TSecr=3045552798 [TCP segment of a reassembled PDU]"
"6111","28.944210793","192.168.1.2","192.168.1.55","TCP","66","49872  >  8004 [ACK] Seq=141 Ack=76934 Win=64512 Len=0 TSval=3045552798 TSecr=2916033018"
"6112","28.944261515","192.168.1.55","192.168.1.2","TCP","1514","8004  >  49872 [ACK] Seq=116030 Ack=141 Win=65024 Len=1448 TSval=2916033024 TSecr=3045552798 [TCP segment of a reassembled PDU]"
"6113","28.944264682","192.168.1.55","192.168.1.2","TCP","1514","8004  >  49872 [ACK] Seq=117478 Ack=141 Win=65024 Len=1448 TSval=2916033024 TSecr=3045552798 [TCP segment of a reassembled PDU]"
"6114","28.944266349","192.168.1.55","192.168.1.2","TCP","1514","8004  >  49872 [ACK] Seq=118926 Ack=141 Win=65024 Len=1448 TSval=2916033024 TSecr=3045552798 [TCP segment of a reassembled PDU]"
"6115","28.944267849","192.168.1.55","192.168.1.2","TCP","1514","8004  >  49872 [ACK] Seq=120374 Ack=141 Win=65024 Len=1448 TSval=2916033024 TSecr=3045552798 [TCP segment of a reassembled PDU]"
"6116","28.944270052","192.168.1.55","192.168.1.2","TCP","1514","8004  >  49872 [ACK] Seq=121822 Ack=141 Win=65024 Len=1448 TSval=2916033024 TSecr=3045552798 [TCP segment of a reassembled PDU]"
"6117","28.944271923","192.168.1.55","192.168.1.2","TCP","1514","8004  >  49872 [ACK] Seq=123270 Ack=141 Win=65024 Len=1448 TSval=2916033024 TSecr=3045552798 [TCP segment of a reassembled PDU]"
"6118","28.944273219","192.168.1.55","192.168.1.2","TCP","1514","8004  >  49872 [ACK] Seq=124718 Ack=141 Win=65024 Len=1448 TSval=2916033024 TSecr=3045552798 [TCP segment of a reassembled PDU]"
"6119","28.944274478","192.168.1.55","192.168.1.2","TCP","1514","8004  >  49872 [ACK] Seq=126166 Ack=141 Win=65024 Len=1448 TSval=2916033024 TSecr=3045552798 [TCP segment of a reassembled PDU]"
"6120","28.944276293","192.168.1.55","192.168.1.2","TCP","1514","8004  >  49872 [ACK] Seq=127614 Ack=141 Win=65024 Len=1448 TSval=2916033024 TSecr=3045552798 [TCP segment of a reassembled PDU]"
"6121","28.944278108","192.168.1.55","192.168.1.2","TCP","1514","8004  >  49872 [ACK] Seq=129062 Ack=141 Win=65024 Len=1448 TSval=2916033024 TSecr=3045552798 [TCP segment of a reassembled PDU]"
"6122","28.944279589","192.168.1.55","192.168.1.2","TCP","1514","8004  >  49872 [ACK] Seq=130510 Ack=141 Win=65024 Len=1448 TSval=2916033024 TSecr=3045552798 [TCP segment of a reassembled PDU]"
"6123","28.944281052","192.168.1.55","192.168.1.2","TCP","1514","8004  >  49872 [ACK] Seq=131958 Ack=141 Win=65024 Len=1448 TSval=2916033024 TSecr=3045552798 [TCP segment of a reassembled PDU]"
"6124","28.944283608","192.168.1.55","192.168.1.2","TCP","1514","8004  >  49872 [ACK] Seq=133406 Ack=141 Win=65024 Len=1448 TSval=2916033024 TSecr=3045552798 [TCP segment of a reassembled PDU]"
"6125","28.944284978","192.168.1.55","192.168.1.2","TCP","1514","8004  >  49872 [ACK] Seq=134854 Ack=141 Win=65024 Len=1448 TSval=2916033024 TSecr=3045552798 [TCP segment of a reassembled PDU]"
"6126","28.944286423","192.168.1.55","192.168.1.2","TCP","1514","8004  >  49872 [ACK] Seq=136302 Ack=141 Win=65024 Len=1448 TSval=2916033024 TSecr=3045552798 [TCP segment of a reassembled PDU]"
"6127","28.944288515","192.168.1.55","192.168.1.2","TCP","1514","8004  >  49872 [ACK] Seq=137750 Ack=141 Win=65024 Len=1448 TSval=2916033024 TSecr=3045552798 [TCP segment of a reassembled PDU]"
"6128","28.944290201","192.168.1.55","192.168.1.2","TCP","1514","8004  >  49872 [ACK] Seq=139198 Ack=141 Win=65024 Len=1448 TSval=2916033024 TSecr=3045552798 [TCP segment of a reassembled PDU]"
"6129","28.944297552","192.168.1.55","192.168.1.2","TCP","866","[TCP Window Full] 8004  >  49872 [PSH, ACK] Seq=140646 Ack=141 Win=65024 Len=800 TSval=2916033024 TSecr=3045552798 [TCP segment of a reassembled PDU]"
"6130","28.944305182","192.168.1.2","192.168.1.55","TCP","66","49872  >  8004 [ACK] Seq=141 Ack=78382 Win=63488 Len=0 TSval=3045552798 TSecr=2916033018"
"6131","28.944363349","192.168.1.2","192.168.1.55","TCP","66","49872  >  8004 [ACK] Seq=141 Ack=97206 Win=77824 Len=0 TSval=3045552799 TSecr=2916033018"
"6132","28.944391460","192.168.1.55","192.168.1.2","TCP","1514","8004  >  49872 [ACK] Seq=141446 Ack=141 Win=65024 Len=1448 TSval=2916033025 TSecr=3045552799 [TCP segment of a reassembled PDU]"
"6133","28.944396367","192.168.1.55","192.168.1.2","TCP","1514","8004  >  49872 [ACK] Seq=142894 Ack=141 Win=65024 Len=1448 TSval=2916033025 TSecr=3045552799 [TCP segment of a reassembled PDU]"
"6134","28.944397645","192.168.1.55","192.168.1.2","TCP","1514","8004  >  49872 [ACK] Seq=144342 Ack=141 Win=65024 Len=1448 TSval=2916033025 TSecr=3045552799 [TCP segment of a reassembled PDU]"
"6135","28.944399701","192.168.1.55","192.168.1.2","TCP","1514","8004  >  49872 [ACK] Seq=145790 Ack=141 Win=65024 Len=1448 TSval=2916033025 TSecr=3045552799 [TCP segment of a reassembled PDU]"
"6136","28.944401664","192.168.1.55","192.168.1.2","TCP","1514","8004  >  49872 [ACK] Seq=147238 Ack=141 Win=65024 Len=1448 TSval=2916033025 TSecr=3045552799 [TCP segment of a reassembled PDU]"
"6137","28.944403534","192.168.1.55","192.168.1.2","TCP","1514","8004  >  49872 [ACK] Seq=148686 Ack=141 Win=65024 Len=1448 TSval=2916033025 TSecr=3045552799 [TCP segment of a reassembled PDU]"
"6138","28.944404756","192.168.1.55","192.168.1.2","TCP","1514","8004  >  49872 [ACK] Seq=150134 Ack=141 Win=65024 Len=1448 TSval=2916033025 TSecr=3045552799 [TCP segment of a reassembled PDU]"
"6139","28.944406330","192.168.1.55","192.168.1.2","TCP","1514","8004  >  49872 [ACK] Seq=151582 Ack=141 Win=65024 Len=1448 TSval=2916033025 TSecr=3045552799 [TCP segment of a reassembled PDU]"
"6140","28.944408497","192.168.1.55","192.168.1.2","TCP","1514","8004  >  49872 [PSH, ACK] Seq=153030 Ack=141 Win=65024 Len=1448 TSval=2916033025 TSecr=3045552799 [TCP segment of a reassembled PDU]"
"6141","28.944415904","192.168.1.55","192.168.1.2","TCP","714","8004  >  49872 [ACK] Seq=154478 Ack=141 Win=65024 Len=648 TSval=2916033025 TSecr=3045552799 [TCP segment of a reassembled PDU]"
"6142","28.944420071","192.168.1.2","192.168.1.55","TCP","66","49872  >  8004 [ACK] Seq=141 Ack=100102 Win=75776 Len=0 TSval=3045552799 TSecr=2916033020"
"6143","28.944498349","192.168.1.55","192.168.1.2","TCP","1514","8004  >  49872 [ACK] Seq=155126 Ack=141 Win=65024 Len=1448 TSval=2916033025 TSecr=3045552799 [TCP segment of a reassembled PDU]"
"6144","28.944505386","192.168.1.55","192.168.1.2","TCP","1514","8004  >  49872 [ACK] Seq=156574 Ack=141 Win=65024 Len=1448 TSval=2916033025 TSecr=3045552799 [TCP segment of a reassembled PDU]"
"6145","28.944507275","192.168.1.55","192.168.1.2","TCP","1514","8004  >  49872 [ACK] Seq=158022 Ack=141 Win=65024 Len=1448 TSval=2916033025 TSecr=3045552799 [TCP segment of a reassembled PDU]"
"6146","28.944509053","192.168.1.55","192.168.1.2","TCP","1514","8004  >  49872 [ACK] Seq=159470 Ack=141 Win=65024 Len=1448 TSval=2916033025 TSecr=3045552799 [TCP segment of a reassembled PDU]"
"6147","28.944510312","192.168.1.55","192.168.1.2","TCP","1514","8004  >  49872 [ACK] Seq=160918 Ack=141 Win=65024 Len=1448 TSval=2916033025 TSecr=3045552799 [TCP segment of a reassembled PDU]"
"6148","28.944511553","192.168.1.55","192.168.1.2","TCP","1514","8004  >  49872 [ACK] Seq=162366 Ack=141 Win=65024 Len=1448 TSval=2916033025 TSecr=3045552799 [TCP segment of a reassembled PDU]"
"6149","28.944513608","192.168.1.55","192.168.1.2","TCP","1514","8004  >  49872 [ACK] Seq=163814 Ack=141 Win=65024 Len=1448 TSval=2916033025 TSecr=3045552799 [TCP segment of a reassembled PDU]"
"6150","28.944514997","192.168.1.55","192.168.1.2","TCP","1514","8004  >  49872 [ACK] Seq=165262 Ack=141 Win=65024 Len=1448 TSval=2916033025 TSecr=3045552799 [TCP segment of a reassembled PDU]"
"6151","28.944516442","192.168.1.55","192.168.1.2","TCP","1514","8004  >  49872 [ACK] Seq=166710 Ack=141 Win=65024 Len=1448 TSval=2916033025 TSecr=3045552799 [TCP segment of a reassembled PDU]"
"6152","28.944518256","192.168.1.55","192.168.1.2","TCP","1514","8004  >  49872 [ACK] Seq=168158 Ack=141 Win=65024 Len=1448 TSval=2916033025 TSecr=3045552799 [TCP segment of a reassembled PDU]"
"6153","28.944520164","192.168.1.55","192.168.1.2","TCP","1514","8004  >  49872 [ACK] Seq=169606 Ack=141 Win=65024 Len=1448 TSval=2916033025 TSecr=3045552799 [TCP segment of a reassembled PDU]"
"6154","28.944521831","192.168.1.55","192.168.1.2","TCP","1514","8004  >  49872 [ACK] Seq=171054 Ack=141 Win=65024 Len=1448 TSval=2916033025 TSecr=3045552799 [TCP segment of a reassembled PDU]"
"6155","28.944522997","192.168.1.55","192.168.1.2","TCP","1514","8004  >  49872 [ACK] Seq=172502 Ack=141 Win=65024 Len=1448 TSval=2916033025 TSecr=3045552799 [TCP segment of a reassembled PDU]"
"6156","28.944524368","192.168.1.55","192.168.1.2","TCP","1514","8004  >  49872 [PSH, ACK] Seq=173950 Ack=141 Win=65024 Len=1448 TSval=2916033025 TSecr=3045552799 [TCP segment of a reassembled PDU]"
"6157","28.950923600","192.168.1.2","192.168.1.55","TCP","66","49872  >  8004 [ACK] Seq=141 Ack=102998 Win=89088 Len=0 TSval=3045552805 TSecr=2916033024"
"6158","28.950948489","192.168.1.55","192.168.1.2","TCP","1514","8004  >  49872 [ACK] Seq=175398 Ack=141 Win=65024 Len=1448 TSval=2916033031 TSecr=3045552805 [TCP segment of a reassembled PDU]"
"6159","28.950951211","192.168.1.55","192.168.1.2","TCP","1514","8004  >  49872 [ACK] Seq=176846 Ack=141 Win=65024 Len=1448 TSval=2916033031 TSecr=3045552805 [TCP segment of a reassembled PDU]"
"6160","28.950952563","192.168.1.55","192.168.1.2","TCP","1514","8004  >  49872 [ACK] Seq=178294 Ack=141 Win=65024 Len=1448 TSval=2916033031 TSecr=3045552805 [TCP segment of a reassembled PDU]"
"6161","28.950953748","192.168.1.55","192.168.1.2","TCP","1514","8004  >  49872 [ACK] Seq=179742 Ack=141 Win=65024 Len=1448 TSval=2916033031 TSecr=3045552805 [TCP segment of a reassembled PDU]"
"6162","28.950955081","192.168.1.55","192.168.1.2","TCP","1514","8004  >  49872 [ACK] Seq=181190 Ack=141 Win=65024 Len=1448 TSval=2916033031 TSecr=3045552805 [TCP segment of a reassembled PDU]"
"6163","28.950956378","192.168.1.55","192.168.1.2","TCP","1514","8004  >  49872 [ACK] Seq=182638 Ack=141 Win=65024 Len=1448 TSval=2916033031 TSecr=3045552805 [TCP segment of a reassembled PDU]"
"6164","28.950957618","192.168.1.55","192.168.1.2","TCP","1514","8004  >  49872 [ACK] Seq=184086 Ack=141 Win=65024 Len=1448 TSval=2916033031 TSecr=3045552805 [TCP segment of a reassembled PDU]"
"6165","28.950958841","192.168.1.55","192.168.1.2","TCP","1514","8004  >  49872 [ACK] Seq=185534 Ack=141 Win=65024 Len=1448 TSval=2916033031 TSecr=3045552805 [TCP segment of a reassembled PDU]"
"6166","28.950960081","192.168.1.55","192.168.1.2","TCP","1514","8004  >  49872 [ACK] Seq=186982 Ack=141 Win=65024 Len=1448 TSval=2916033031 TSecr=3045552805 [TCP segment of a reassembled PDU]"
"6167","28.950961785","192.168.1.55","192.168.1.2","TCP","1514","8004  >  49872 [ACK] Seq=188430 Ack=141 Win=65024 Len=1448 TSval=2916033031 TSecr=3045552805 [TCP segment of a reassembled PDU]"
"6168","28.950963100","192.168.1.55","192.168.1.2","TCP","1514","8004  >  49872 [PSH, ACK] Seq=189878 Ack=141 Win=65024 Len=1448 TSval=2916033031 TSecr=3045552805 [TCP segment of a reassembled PDU]"
"6169","28.951481527","192.168.1.2","192.168.1.55","TCP","66","49872  >  8004 [ACK] Seq=141 Ack=116030 Win=106496 Len=0 TSval=3045552805 TSecr=2916033024"
"6170","28.951495804","192.168.1.55","192.168.1.2","TCP","1514","8004  >  49872 [ACK] Seq=191326 Ack=141 Win=65024 Len=1448 TSval=2916033032 TSecr=3045552805 [TCP segment of a reassembled PDU]"
"6171","28.951497508","192.168.1.55","192.168.1.2","TCP","1514","8004  >  49872 [ACK] Seq=192774 Ack=141 Win=65024 Len=1448 TSval=2916033032 TSecr=3045552805 [TCP segment of a reassembled PDU]"
"6172","28.951498730","192.168.1.55","192.168.1.2","TCP","1514","8004  >  49872 [ACK] Seq=194222 Ack=141 Win=65024 Len=1448 TSval=2916033032 TSecr=3045552805 [TCP segment of a reassembled PDU]"
"6173","28.951499934","192.168.1.55","192.168.1.2","TCP","1514","8004  >  49872 [ACK] Seq=195670 Ack=141 Win=65024 Len=1448 TSval=2916033032 TSecr=3045552805 [TCP segment of a reassembled PDU]"
"6174","28.951501212","192.168.1.55","192.168.1.2","TCP","1514","8004  >  49872 [ACK] Seq=197118 Ack=141 Win=65024 Len=1448 TSval=2916033032 TSecr=3045552805 [TCP segment of a reassembled PDU]"
"6175","28.951502527","192.168.1.55","192.168.1.2","TCP","1514","8004  >  49872 [ACK] Seq=198566 Ack=141 Win=65024 Len=1448 TSval=2916033032 TSecr=3045552805 [TCP segment of a reassembled PDU]"
"6176","28.951503730","192.168.1.55","192.168.1.2","TCP","1514","8004  >  49872 [PSH, ACK] Seq=200014 Ack=141 Win=65024 Len=1448 TSval=2916033032 TSecr=3045552805 [TCP segment of a reassembled PDU]"
"6177","28.951512008","192.168.1.2","192.168.1.55","TCP","66","49872  >  8004 [ACK] Seq=141 Ack=141446 Win=94208 Len=0 TSval=3045552805 TSecr=2916033024"
"6178","28.951540008","192.168.1.55","192.168.1.2","TCP","1514","8004  >  49872 [ACK] Seq=201462 Ack=141 Win=65024 Len=1448 TSval=2916033032 TSecr=3045552805 [TCP segment of a reassembled PDU]"
"6179","28.951541749","192.168.1.55","192.168.1.2","TCP","1514","8004  >  49872 [ACK] Seq=202910 Ack=141 Win=65024 Len=1448 TSval=2916033032 TSecr=3045552805 [TCP segment of a reassembled PDU]"
"6180","28.951543119","192.168.1.55","192.168.1.2","TCP","1514","8004  >  49872 [ACK] Seq=204358 Ack=141 Win=65024 Len=1448 TSval=2916033032 TSecr=3045552805 [TCP segment of a reassembled PDU]"
"6181","28.951544453","192.168.1.55","192.168.1.2","TCP","1514","8004  >  49872 [ACK] Seq=205806 Ack=141 Win=65024 Len=1448 TSval=2916033032 TSecr=3045552805 [TCP segment of a reassembled PDU]"
"6182","28.951545823","192.168.1.55","192.168.1.2","TCP","1514","8004  >  49872 [ACK] Seq=207254 Ack=141 Win=65024 Len=1448 TSval=2916033032 TSecr=3045552805 [TCP segment of a reassembled PDU]"
"6183","28.951547305","192.168.1.55","192.168.1.2","TCP","1514","8004  >  49872 [ACK] Seq=208702 Ack=141 Win=65024 Len=1448 TSval=2916033032 TSecr=3045552805 [TCP segment of a reassembled PDU]"
"6184","28.951548619","192.168.1.55","192.168.1.2","TCP","1514","8004  >  49872 [ACK] Seq=210150 Ack=141 Win=65024 Len=1448 TSval=2916033032 TSecr=3045552805 [TCP segment of a reassembled PDU]"
"6185","28.951549934","192.168.1.55","192.168.1.2","TCP","1514","8004  >  49872 [ACK] Seq=211598 Ack=141 Win=65024 Len=1448 TSval=2916033032 TSecr=3045552805 [TCP segment of a reassembled PDU]"
"6186","28.951551249","192.168.1.55","192.168.1.2","TCP","1514","8004  >  49872 [ACK] Seq=213046 Ack=141 Win=65024 Len=1448 TSval=2916033032 TSecr=3045552805 [TCP segment of a reassembled PDU]"
"6187","28.951552582","192.168.1.55","192.168.1.2","TCP","1514","8004  >  49872 [ACK] Seq=214494 Ack=141 Win=65024 Len=1448 TSval=2916033032 TSecr=3045552805 [TCP segment of a reassembled PDU]"
"6188","28.951553879","192.168.1.55","192.168.1.2","TCP","1514","8004  >  49872 [ACK] Seq=215942 Ack=141 Win=65024 Len=1448 TSval=2916033032 TSecr=3045552805 [TCP segment of a reassembled PDU]"
"6189","28.951555249","192.168.1.55","192.168.1.2","TCP","1514","8004  >  49872 [ACK] Seq=217390 Ack=141 Win=65024 Len=1448 TSval=2916033032 TSecr=3045552805 [TCP segment of a reassembled PDU]"
"6190","28.951556638","192.168.1.55","192.168.1.2","TCP","1514","8004  >  49872 [ACK] Seq=218838 Ack=141 Win=65024 Len=1448 TSval=2916033032 TSecr=3045552805 [TCP segment of a reassembled PDU]"
"6191","28.951558138","192.168.1.55","192.168.1.2","TCP","1514","8004  >  49872 [ACK] Seq=220286 Ack=141 Win=65024 Len=1448 TSval=2916033032 TSecr=3045552805 [TCP segment of a reassembled PDU]"
"6192","28.951559416","192.168.1.55","192.168.1.2","TCP","1514","8004  >  49872 [ACK] Seq=221734 Ack=141 Win=65024 Len=1448 TSval=2916033032 TSecr=3045552805 [TCP segment of a reassembled PDU]"
"6193","28.951560805","192.168.1.55","192.168.1.2","TCP","1514","8004  >  49872 [ACK] Seq=223182 Ack=141 Win=65024 Len=1448 TSval=2916033032 TSecr=3045552805 [TCP segment of a reassembled PDU]"
"6194","28.951562101","192.168.1.55","192.168.1.2","TCP","1514","8004  >  49872 [ACK] Seq=224630 Ack=141 Win=65024 Len=1448 TSval=2916033032 TSecr=3045552805 [TCP segment of a reassembled PDU]"
"6195","28.951563675","192.168.1.55","192.168.1.2","TCP","1514","8004  >  49872 [ACK] Seq=226078 Ack=141 Win=65024 Len=1448 TSval=2916033032 TSecr=3045552805 [TCP segment of a reassembled PDU]"
"6196","28.951564953","192.168.1.55","192.168.1.2","TCP","1514","8004  >  49872 [ACK] Seq=227526 Ack=141 Win=65024 Len=1448 TSval=2916033032 TSecr=3045552805 [TCP segment of a reassembled PDU]"
"6197","28.951566212","192.168.1.55","192.168.1.2","TCP","1514","8004  >  49872 [ACK] Seq=228974 Ack=141 Win=65024 Len=1448 TSval=2916033032 TSecr=3045552805 [TCP segment of a reassembled PDU]"
"6198","28.951567638","192.168.1.55","192.168.1.2","TCP","1514","8004  >  49872 [ACK] Seq=230422 Ack=141 Win=65024 Len=1448 TSval=2916033032 TSecr=3045552805 [TCP segment of a reassembled PDU]"
"6199","28.951569008","192.168.1.55","192.168.1.2","TCP","1514","8004  >  49872 [ACK] Seq=231870 Ack=141 Win=65024 Len=1448 TSval=2916033032 TSecr=3045552805 [TCP segment of a reassembled PDU]"
"6200","28.951570582","192.168.1.55","192.168.1.2","TCP","1514","8004  >  49872 [PSH, ACK] Seq=233318 Ack=141 Win=65024 Len=1448 TSval=2916033032 TSecr=3045552805 [TCP segment of a reassembled PDU]"
"6201","28.951574805","192.168.1.2","192.168.1.55","TCP","66","49872  >  8004 [ACK] Seq=141 Ack=154478 Win=81920 Len=0 TSval=3045552805 TSecr=2916033025"
"6202","28.951582601","192.168.1.2","192.168.1.55","TCP","66","49872  >  8004 [ACK] Seq=141 Ack=175398 Win=96256 Len=0 TSval=3045552805 TSecr=2916033025"
"6203","28.951600934","192.168.1.55","192.168.1.2","TCP","1514","8004  >  49872 [ACK] Seq=234766 Ack=141 Win=65024 Len=1448 TSval=2916033032 TSecr=3045552805 [TCP segment of a reassembled PDU]"
"6204","28.951602638","192.168.1.55","192.168.1.2","TCP","1514","8004  >  49872 [ACK] Seq=236214 Ack=141 Win=65024 Len=1448 TSval=2916033032 TSecr=3045552805 [TCP segment of a reassembled PDU]"
"6205","28.951603934","192.168.1.55","192.168.1.2","TCP","1514","8004  >  49872 [ACK] Seq=237662 Ack=141 Win=65024 Len=1448 TSval=2916033032 TSecr=3045552805 [TCP segment of a reassembled PDU]"
"6206","28.951605175","192.168.1.55","192.168.1.2","TCP","1514","8004  >  49872 [ACK] Seq=239110 Ack=141 Win=65024 Len=1448 TSval=2916033032 TSecr=3045552805 [TCP segment of a reassembled PDU]"
"6207","28.951606564","192.168.1.55","192.168.1.2","TCP","1514","8004  >  49872 [ACK] Seq=240558 Ack=141 Win=65024 Len=1448 TSval=2916033032 TSecr=3045552805 [TCP segment of a reassembled PDU]"
"6208","28.951607786","192.168.1.55","192.168.1.2","TCP","1514","8004  >  49872 [ACK] Seq=242006 Ack=141 Win=65024 Len=1448 TSval=2916033032 TSecr=3045552805 [TCP segment of a reassembled PDU]"
"6209","28.951608971","192.168.1.55","192.168.1.2","TCP","1514","8004  >  49872 [ACK] Seq=243454 Ack=141 Win=65024 Len=1448 TSval=2916033032 TSecr=3045552805 [TCP segment of a reassembled PDU]"
"6210","28.951610508","192.168.1.55","192.168.1.2","TCP","1514","8004  >  49872 [ACK] Seq=244902 Ack=141 Win=65024 Len=1448 TSval=2916033032 TSecr=3045552805 [TCP segment of a reassembled PDU]"
"6211","28.951611768","192.168.1.55","192.168.1.2","TCP","1514","8004  >  49872 [PSH, ACK] Seq=246350 Ack=141 Win=65024 Len=1448 TSval=2916033032 TSecr=3045552805 [TCP segment of a reassembled PDU]"
"6212","28.951634212","192.168.1.55","192.168.1.2","TCP","1514","8004  >  49872 [ACK] Seq=247798 Ack=141 Win=65024 Len=1448 TSval=2916033032 TSecr=3045552805 [TCP segment of a reassembled PDU]"
"6213","28.951635897","192.168.1.55","192.168.1.2","TCP","1514","8004  >  49872 [ACK] Seq=249246 Ack=141 Win=65024 Len=1448 TSval=2916033032 TSecr=3045552805 [TCP segment of a reassembled PDU]"
"6214","28.951637305","192.168.1.55","192.168.1.2","TCP","1514","8004  >  49872 [ACK] Seq=250694 Ack=141 Win=65024 Len=1448 TSval=2916033032 TSecr=3045552805 [TCP segment of a reassembled PDU]"
"6215","28.951638619","192.168.1.55","192.168.1.2","TCP","1514","8004  >  49872 [ACK] Seq=252142 Ack=141 Win=65024 Len=1448 TSval=2916033032 TSecr=3045552805 [TCP segment of a reassembled PDU]"
"6216","28.951639860","192.168.1.55","192.168.1.2","TCP","1514","8004  >  49872 [ACK] Seq=253590 Ack=141 Win=65024 Len=1448 TSval=2916033032 TSecr=3045552805 [TCP segment of a reassembled PDU]"
"6217","28.951641323","192.168.1.55","192.168.1.2","TCP","1514","8004  >  49872 [ACK] Seq=255038 Ack=141 Win=65024 Len=1448 TSval=2916033032 TSecr=3045552805 [TCP segment of a reassembled PDU]"
"6218","28.951642582","192.168.1.55","192.168.1.2","TCP","1514","8004  >  49872 [ACK] Seq=256486 Ack=141 Win=65024 Len=1448 TSval=2916033032 TSecr=3045552805 [TCP segment of a reassembled PDU]"
"6219","28.951643897","192.168.1.55","192.168.1.2","TCP","1514","8004  >  49872 [ACK] Seq=257934 Ack=141 Win=65024 Len=1448 TSval=2916033032 TSecr=3045552805 [TCP segment of a reassembled PDU]"
"6220","28.951645323","192.168.1.55","192.168.1.2","TCP","1514","8004  >  49872 [ACK] Seq=259382 Ack=141 Win=65024 Len=1448 TSval=2916033032 TSecr=3045552805 [TCP segment of a reassembled PDU]"
"6221","28.951646564","192.168.1.55","192.168.1.2","TCP","1514","8004  >  49872 [ACK] Seq=260830 Ack=141 Win=65024 Len=1448 TSval=2916033032 TSecr=3045552805 [TCP segment of a reassembled PDU]"
"6222","28.951647768","192.168.1.55","192.168.1.2","TCP","1514","8004  >  49872 [ACK] Seq=262278 Ack=141 Win=65024 Len=1448 TSval=2916033032 TSecr=3045552805 [TCP segment of a reassembled PDU]"
"6223","28.951648971","192.168.1.55","192.168.1.2","TCP","1514","8004  >  49872 [ACK] Seq=263726 Ack=141 Win=65024 Len=1448 TSval=2916033032 TSecr=3045552805 [TCP segment of a reassembled PDU]"
"6224","28.951650175","192.168.1.55","192.168.1.2","TCP","1514","8004  >  49872 [ACK] Seq=265174 Ack=141 Win=65024 Len=1448 TSval=2916033032 TSecr=3045552805 [TCP segment of a reassembled PDU]"
"6225","28.951651490","192.168.1.55","192.168.1.2","TCP","1514","8004  >  49872 [ACK] Seq=266622 Ack=141 Win=65024 Len=1448 TSval=2916033032 TSecr=3045552805 [TCP segment of a reassembled PDU]"
"6226","28.951652842","192.168.1.55","192.168.1.2","TCP","1514","8004  >  49872 [ACK] Seq=268070 Ack=141 Win=65024 Len=1448 TSval=2916033032 TSecr=3045552805 [TCP segment of a reassembled PDU]"
"6227","28.951654212","192.168.1.55","192.168.1.2","TCP","1514","8004  >  49872 [ACK] Seq=269518 Ack=141 Win=65024 Len=1448 TSval=2916033032 TSecr=3045552805 [TCP segment of a reassembled PDU]"
"6228","28.951655619","192.168.1.55","192.168.1.2","TCP","754","[TCP Window Full] 8004  >  49872 [PSH, ACK] Seq=270966 Ack=141 Win=65024 Len=688 TSval=2916033032 TSecr=3045552805 [TCP segment of a reassembled PDU]"
"6229","28.959099576","192.168.1.2","192.168.1.55","TCP","66","49872  >  8004 [ACK] Seq=141 Ack=191326 Win=100352 Len=0 TSval=3045552813 TSecr=2916033031"
"6230","28.959130205","192.168.1.55","192.168.1.2","TCP","1514","8004  >  49872 [ACK] Seq=271654 Ack=141 Win=65024 Len=1448 TSval=2916033039 TSecr=3045552813 [TCP segment of a reassembled PDU]"
"6231","28.959133835","192.168.1.55","192.168.1.2","TCP","1514","8004  >  49872 [ACK] Seq=273102 Ack=141 Win=65024 Len=1448 TSval=2916033039 TSecr=3045552813 [TCP segment of a reassembled PDU]"
"6232","28.959135168","192.168.1.55","192.168.1.2","TCP","1514","8004  >  49872 [ACK] Seq=274550 Ack=141 Win=65024 Len=1448 TSval=2916033039 TSecr=3045552813 [TCP segment of a reassembled PDU]"
"6233","28.959136446","192.168.1.55","192.168.1.2","TCP","1514","8004  >  49872 [ACK] Seq=275998 Ack=141 Win=65024 Len=1448 TSval=2916033039 TSecr=3045552813 [TCP segment of a reassembled PDU]"
"6234","28.959137816","192.168.1.55","192.168.1.2","TCP","1514","8004  >  49872 [ACK] Seq=277446 Ack=141 Win=65024 Len=1448 TSval=2916033039 TSecr=3045552813 [TCP segment of a reassembled PDU]"
"6235","28.959139631","192.168.1.55","192.168.1.2","TCP","1514","8004  >  49872 [ACK] Seq=278894 Ack=141 Win=65024 Len=1448 TSval=2916033039 TSecr=3045552813 [TCP segment of a reassembled PDU]"
"6236","28.959140853","192.168.1.55","192.168.1.2","TCP","1514","8004  >  49872 [ACK] Seq=280342 Ack=141 Win=65024 Len=1448 TSval=2916033039 TSecr=3045552813 [TCP segment of a reassembled PDU]"
"6237","28.959142298","192.168.1.55","192.168.1.2","TCP","1514","8004  >  49872 [ACK] Seq=281790 Ack=141 Win=65024 Len=1448 TSval=2916033039 TSecr=3045552813 [TCP segment of a reassembled PDU]"
"6238","28.959143631","192.168.1.55","192.168.1.2","TCP","1514","8004  >  49872 [ACK] Seq=283238 Ack=141 Win=65024 Len=1448 TSval=2916033039 TSecr=3045552813 [TCP segment of a reassembled PDU]"
"6239","28.959145002","192.168.1.55","192.168.1.2","TCP","1514","8004  >  49872 [ACK] Seq=284686 Ack=141 Win=65024 Len=1448 TSval=2916033039 TSecr=3045552813 [TCP segment of a reassembled PDU]"
"6240","28.959146224","192.168.1.55","192.168.1.2","TCP","1514","8004  >  49872 [ACK] Seq=286134 Ack=141 Win=65024 Len=1448 TSval=2916033039 TSecr=3045552813 [TCP segment of a reassembled PDU]"
"6241","28.959147465","192.168.1.55","192.168.1.2","TCP","1514","8004  >  49872 [ACK] Seq=287582 Ack=141 Win=65024 Len=1448 TSval=2916033039 TSecr=3045552813 [TCP segment of a reassembled PDU]"
"6242","28.959148835","192.168.1.55","192.168.1.2","TCP","1514","8004  >  49872 [PSH, ACK] Seq=289030 Ack=141 Win=65024 Len=1448 TSval=2916033039 TSecr=3045552813 [TCP segment of a reassembled PDU]"
"6243","28.959743947","192.168.1.2","192.168.1.55","TCP","66","49872  >  8004 [ACK] Seq=141 Ack=192774 Win=109568 Len=0 TSval=3045552813 TSecr=2916033032"
"6244","28.959754021","192.168.1.55","192.168.1.2","TCP","1514","8004  >  49872 [ACK] Seq=290478 Ack=141 Win=65024 Len=1448 TSval=2916033040 TSecr=3045552813 [TCP segment of a reassembled PDU]"
"6245","28.959755984","192.168.1.55","192.168.1.2","TCP","1514","8004  >  49872 [PSH, ACK] Seq=291926 Ack=141 Win=65024 Len=1448 TSval=2916033040 TSecr=3045552813 [TCP segment of a reassembled PDU]"
"6246","28.959761299","192.168.1.55","192.168.1.2","TCP","826","8004  >  49872 [ACK] Seq=293374 Ack=141 Win=65024 Len=760 TSval=2916033040 TSecr=3045552813 [TCP segment of a reassembled PDU]"
"6247","28.959765280","192.168.1.2","192.168.1.55","TCP","66","49872  >  8004 [ACK] Seq=141 Ack=201462 Win=126976 Len=0 TSval=3045552813 TSecr=2916033032"
"6248","28.959773391","192.168.1.2","192.168.1.55","TCP","66","49872  >  8004 [ACK] Seq=141 Ack=210150 Win=120832 Len=0 TSval=3045552813 TSecr=2916033032"
"6249","28.959778743","192.168.1.2","192.168.1.55","TCP","66","49872  >  8004 [ACK] Seq=141 Ack=218838 Win=112640 Len=0 TSval=3045552813 TSecr=2916033032"
"6250","28.959836040","192.168.1.2","192.168.1.55","TCP","66","49872  >  8004 [ACK] Seq=141 Ack=234766 Win=121856 Len=0 TSval=3045552813 TSecr=2916033032"
"6251","28.959873484","192.168.1.55","192.168.1.2","TCP","1514","8004  >  49872 [ACK] Seq=294134 Ack=141 Win=65024 Len=1448 TSval=2916033040 TSecr=3045552813 [TCP segment of a reassembled PDU]"
"6252","28.959875521","192.168.1.55","192.168.1.2","TCP","1514","8004  >  49872 [ACK] Seq=295582 Ack=141 Win=65024 Len=1448 TSval=2916033040 TSecr=3045552813 [TCP segment of a reassembled PDU]"
"6253","28.959876929","192.168.1.55","192.168.1.2","TCP","1514","8004  >  49872 [ACK] Seq=297030 Ack=141 Win=65024 Len=1448 TSval=2916033040 TSecr=3045552813 [TCP segment of a reassembled PDU]"
"6254","28.959878243","192.168.1.55","192.168.1.2","TCP","1514","8004  >  49872 [ACK] Seq=298478 Ack=141 Win=65024 Len=1448 TSval=2916033040 TSecr=3045552813 [TCP segment of a reassembled PDU]"
"6255","28.959879540","192.168.1.55","192.168.1.2","TCP","1514","8004  >  49872 [ACK] Seq=299926 Ack=141 Win=65024 Len=1448 TSval=2916033040 TSecr=3045552813 [TCP segment of a reassembled PDU]"
"6256","28.959880873","192.168.1.55","192.168.1.2","TCP","1514","8004  >  49872 [ACK] Seq=301374 Ack=141 Win=65024 Len=1448 TSval=2916033040 TSecr=3045552813 [TCP segment of a reassembled PDU]"
"6257","28.959882280","192.168.1.55","192.168.1.2","TCP","1514","8004  >  49872 [ACK] Seq=302822 Ack=141 Win=65024 Len=1448 TSval=2916033040 TSecr=3045552813 [TCP segment of a reassembled PDU]"
"6258","28.959883595","192.168.1.55","192.168.1.2","TCP","1514","8004  >  49872 [ACK] Seq=304270 Ack=141 Win=65024 Len=1448 TSval=2916033040 TSecr=3045552813 [TCP segment of a reassembled PDU]"
"6259","28.959884892","192.168.1.55","192.168.1.2","TCP","1514","8004  >  49872 [ACK] Seq=305718 Ack=141 Win=65024 Len=1448 TSval=2916033040 TSecr=3045552813 [TCP segment of a reassembled PDU]"
"6260","28.959886540","192.168.1.55","192.168.1.2","TCP","1514","8004  >  49872 [ACK] Seq=307166 Ack=141 Win=65024 Len=1448 TSval=2916033040 TSecr=3045552813 [TCP segment of a reassembled PDU]"
"6261","28.959887836","192.168.1.55","192.168.1.2","TCP","1514","8004  >  49872 [ACK] Seq=308614 Ack=141 Win=65024 Len=1448 TSval=2916033040 TSecr=3045552813 [TCP segment of a reassembled PDU]"
"6262","28.959889243","192.168.1.55","192.168.1.2","TCP","1514","8004  >  49872 [ACK] Seq=310062 Ack=141 Win=65024 Len=1448 TSval=2916033040 TSecr=3045552813 [TCP segment of a reassembled PDU]"
"6263","28.959890540","192.168.1.55","192.168.1.2","TCP","1514","8004  >  49872 [ACK] Seq=311510 Ack=141 Win=65024 Len=1448 TSval=2916033040 TSecr=3045552813 [TCP segment of a reassembled PDU]"
"6264","28.959891873","192.168.1.55","192.168.1.2","TCP","1514","8004  >  49872 [ACK] Seq=312958 Ack=141 Win=65024 Len=1448 TSval=2916033040 TSecr=3045552813 [TCP segment of a reassembled PDU]"
"6265","28.959893447","192.168.1.55","192.168.1.2","TCP","1514","8004  >  49872 [ACK] Seq=314406 Ack=141 Win=65024 Len=1448 TSval=2916033040 TSecr=3045552813 [TCP segment of a reassembled PDU]"
"6266","28.959895169","192.168.1.55","192.168.1.2","TCP","1514","8004  >  49872 [ACK] Seq=315854 Ack=141 Win=65024 Len=1448 TSval=2916033040 TSecr=3045552813 [TCP segment of a reassembled PDU]"
"6267","28.959896614","192.168.1.55","192.168.1.2","TCP","1514","8004  >  49872 [ACK] Seq=317302 Ack=141 Win=65024 Len=1448 TSval=2916033040 TSecr=3045552813 [TCP segment of a reassembled PDU]"
"6268","28.959897929","192.168.1.55","192.168.1.2","TCP","1514","8004  >  49872 [ACK] Seq=318750 Ack=141 Win=65024 Len=1448 TSval=2916033040 TSecr=3045552813 [TCP segment of a reassembled PDU]"
"6269","28.959899243","192.168.1.55","192.168.1.2","TCP","1514","8004  >  49872 [ACK] Seq=320198 Ack=141 Win=65024 Len=1448 TSval=2916033040 TSecr=3045552813 [TCP segment of a reassembled PDU]"
"6270","28.959900669","192.168.1.55","192.168.1.2","TCP","1514","8004  >  49872 [ACK] Seq=321646 Ack=141 Win=65024 Len=1448 TSval=2916033040 TSecr=3045552813 [TCP segment of a reassembled PDU]"
"6271","28.959902040","192.168.1.55","192.168.1.2","TCP","1514","8004  >  49872 [ACK] Seq=323094 Ack=141 Win=65024 Len=1448 TSval=2916033040 TSecr=3045552813 [TCP segment of a reassembled PDU]"
"6272","28.959903336","192.168.1.55","192.168.1.2","TCP","1514","8004  >  49872 [ACK] Seq=324542 Ack=141 Win=65024 Len=1448 TSval=2916033040 TSecr=3045552813 [TCP segment of a reassembled PDU]"
"6273","28.959904762","192.168.1.55","192.168.1.2","TCP","1514","8004  >  49872 [ACK] Seq=325990 Ack=141 Win=65024 Len=1448 TSval=2916033040 TSecr=3045552813 [TCP segment of a reassembled PDU]"
"6274","28.959906206","192.168.1.55","192.168.1.2","TCP","1514","8004  >  49872 [ACK] Seq=327438 Ack=141 Win=65024 Len=1448 TSval=2916033040 TSecr=3045552813 [TCP segment of a reassembled PDU]"
"6275","28.959907614","192.168.1.55","192.168.1.2","TCP","1514","8004  >  49872 [ACK] Seq=328886 Ack=141 Win=65024 Len=1448 TSval=2916033040 TSecr=3045552813 [TCP segment of a reassembled PDU]"
"6276","28.959908910","192.168.1.55","192.168.1.2","TCP","1514","8004  >  49872 [ACK] Seq=330334 Ack=141 Win=65024 Len=1448 TSval=2916033040 TSecr=3045552813 [TCP segment of a reassembled PDU]"
"6277","28.959910243","192.168.1.55","192.168.1.2","TCP","1514","8004  >  49872 [ACK] Seq=331782 Ack=141 Win=65024 Len=1448 TSval=2916033040 TSecr=3045552813 [TCP segment of a reassembled PDU]"
"6278","28.959911743","192.168.1.55","192.168.1.2","TCP","1514","8004  >  49872 [ACK] Seq=333230 Ack=141 Win=65024 Len=1448 TSval=2916033040 TSecr=3045552813 [TCP segment of a reassembled PDU]"
"6279","28.959913188","192.168.1.55","192.168.1.2","TCP","1514","8004  >  49872 [ACK] Seq=334678 Ack=141 Win=65024 Len=1448 TSval=2916033040 TSecr=3045552813 [TCP segment of a reassembled PDU]"
"6280","28.959914595","192.168.1.55","192.168.1.2","TCP","1514","8004  >  49872 [ACK] Seq=336126 Ack=141 Win=65024 Len=1448 TSval=2916033040 TSecr=3045552813 [TCP segment of a reassembled PDU]"
"6281","28.959916095","192.168.1.55","192.168.1.2","TCP","1514","8004  >  49872 [ACK] Seq=337574 Ack=141 Win=65024 Len=1448 TSval=2916033040 TSecr=3045552813 [TCP segment of a reassembled PDU]"
"6282","28.959917577","192.168.1.55","192.168.1.2","TCP","1514","8004  >  49872 [PSH, ACK] Seq=339022 Ack=141 Win=65024 Len=1448 TSval=2916033040 TSecr=3045552813 [TCP segment of a reassembled PDU]"
"6283","28.959922262","192.168.1.2","192.168.1.55","TCP","66","49872  >  8004 [ACK] Seq=141 Ack=271654 Win=84992 Len=0 TSval=3045552814 TSecr=2916033032"
"6284","28.959944947","192.168.1.55","192.168.1.2","TCP","1514","8004  >  49872 [ACK] Seq=340470 Ack=141 Win=65024 Len=1448 TSval=2916033040 TSecr=3045552814 [TCP segment of a reassembled PDU]"
"6285","28.959946669","192.168.1.55","192.168.1.2","TCP","1514","8004  >  49872 [ACK] Seq=341918 Ack=141 Win=65024 Len=1448 TSval=2916033040 TSecr=3045552814 [TCP segment of a reassembled PDU]"
"6286","28.959948040","192.168.1.55","192.168.1.2","TCP","1514","8004  >  49872 [ACK] Seq=343366 Ack=141 Win=65024 Len=1448 TSval=2916033040 TSecr=3045552814 [TCP segment of a reassembled PDU]"
"6287","28.959949336","192.168.1.55","192.168.1.2","TCP","1514","8004  >  49872 [ACK] Seq=344814 Ack=141 Win=65024 Len=1448 TSval=2916033040 TSecr=3045552814 [TCP segment of a reassembled PDU]"
"6288","28.959950707","192.168.1.55","192.168.1.2","TCP","1514","8004  >  49872 [ACK] Seq=346262 Ack=141 Win=65024 Len=1448 TSval=2916033040 TSecr=3045552814 [TCP segment of a reassembled PDU]"
"6289","28.959952169","192.168.1.55","192.168.1.2","TCP","1514","8004  >  49872 [ACK] Seq=347710 Ack=141 Win=65024 Len=1448 TSval=2916033040 TSecr=3045552814 [TCP segment of a reassembled PDU]"
"6290","28.959953447","192.168.1.55","192.168.1.2","TCP","1514","8004  >  49872 [ACK] Seq=349158 Ack=141 Win=65024 Len=1448 TSval=2916033040 TSecr=3045552814 [TCP segment of a reassembled PDU]"
"6291","28.959954929","192.168.1.55","192.168.1.2","TCP","1514","8004  >  49872 [ACK] Seq=350606 Ack=141 Win=65024 Len=1448 TSval=2916033040 TSecr=3045552814 [TCP segment of a reassembled PDU]"
"6292","28.959956688","192.168.1.55","192.168.1.2","TCP","1514","8004  >  49872 [ACK] Seq=352054 Ack=141 Win=65024 Len=1448 TSval=2916033040 TSecr=3045552814 [TCP segment of a reassembled PDU]"
"6293","28.959957966","192.168.1.55","192.168.1.2","TCP","1514","8004  >  49872 [ACK] Seq=353502 Ack=141 Win=65024 Len=1448 TSval=2916033040 TSecr=3045552814 [TCP segment of a reassembled PDU]"
"6294","28.959959373","192.168.1.55","192.168.1.2","TCP","1514","8004  >  49872 [PSH, ACK] Seq=354950 Ack=141 Win=65024 Len=1448 TSval=2916033040 TSecr=3045552814 [TCP segment of a reassembled PDU]"
"6295","28.961741450","192.168.1.2","192.168.1.55","TCP","66","49872  >  8004 [ACK] Seq=141 Ack=278894 Win=128000 Len=0 TSval=3045552817 TSecr=2916033039"
"6296","28.961766339","192.168.1.55","192.168.1.2","TCP","1514","8004  >  49872 [ACK] Seq=356398 Ack=141 Win=65024 Len=1448 TSval=2916033042 TSecr=3045552817 [TCP segment of a reassembled PDU]"
"6297","28.961768135","192.168.1.55","192.168.1.2","TCP","1514","8004  >  49872 [ACK] Seq=357846 Ack=141 Win=65024 Len=1448 TSval=2916033042 TSecr=3045552817 [TCP segment of a reassembled PDU]"
"6298","28.961769450","192.168.1.55","192.168.1.2","TCP","1514","8004  >  49872 [ACK] Seq=359294 Ack=141 Win=65024 Len=1448 TSval=2916033042 TSecr=3045552817 [TCP segment of a reassembled PDU]"
"6299","28.961770895","192.168.1.55","192.168.1.2","TCP","1514","8004  >  49872 [ACK] Seq=360742 Ack=141 Win=65024 Len=1448 TSval=2916033042 TSecr=3045552817 [TCP segment of a reassembled PDU]"
"6300","28.961772339","192.168.1.55","192.168.1.2","TCP","1514","8004  >  49872 [ACK] Seq=362190 Ack=141 Win=65024 Len=1448 TSval=2916033042 TSecr=3045552817 [TCP segment of a reassembled PDU]"
"6301","28.961773820","192.168.1.55","192.168.1.2","TCP","1514","8004  >  49872 [ACK] Seq=363638 Ack=141 Win=65024 Len=1448 TSval=2916033042 TSecr=3045552817 [TCP segment of a reassembled PDU]"
"6302","28.961775265","192.168.1.55","192.168.1.2","TCP","1514","8004  >  49872 [ACK] Seq=365086 Ack=141 Win=65024 Len=1448 TSval=2916033042 TSecr=3045552817 [TCP segment of a reassembled PDU]"
"6303","28.961776635","192.168.1.55","192.168.1.2","TCP","1514","8004  >  49872 [ACK] Seq=366534 Ack=141 Win=65024 Len=1448 TSval=2916033042 TSecr=3045552817 [TCP segment of a reassembled PDU]"
"6304","28.961777987","192.168.1.55","192.168.1.2","TCP","1514","8004  >  49872 [ACK] Seq=367982 Ack=141 Win=65024 Len=1448 TSval=2916033042 TSecr=3045552817 [TCP segment of a reassembled PDU]"
"6305","28.961779395","192.168.1.55","192.168.1.2","TCP","1514","8004  >  49872 [ACK] Seq=369430 Ack=141 Win=65024 Len=1448 TSval=2916033042 TSecr=3045552817 [TCP segment of a reassembled PDU]"
"6306","28.961780858","192.168.1.55","192.168.1.2","TCP","1514","8004  >  49872 [ACK] Seq=370878 Ack=141 Win=65024 Len=1448 TSval=2916033042 TSecr=3045552817 [TCP segment of a reassembled PDU]"
"6307","28.961782265","192.168.1.55","192.168.1.2","TCP","1514","8004  >  49872 [ACK] Seq=372326 Ack=141 Win=65024 Len=1448 TSval=2916033042 TSecr=3045552817 [TCP segment of a reassembled PDU]"
"6308","28.961783598","192.168.1.55","192.168.1.2","TCP","1514","8004  >  49872 [ACK] Seq=373774 Ack=141 Win=65024 Len=1448 TSval=2916033042 TSecr=3045552817 [TCP segment of a reassembled PDU]"
"6309","28.961784932","192.168.1.55","192.168.1.2","TCP","1514","8004  >  49872 [ACK] Seq=375222 Ack=141 Win=65024 Len=1448 TSval=2916033042 TSecr=3045552817 [TCP segment of a reassembled PDU]"
"6310","28.961786543","192.168.1.55","192.168.1.2","TCP","1514","8004  >  49872 [ACK] Seq=376670 Ack=141 Win=65024 Len=1448 TSval=2916033042 TSecr=3045552817 [TCP segment of a reassembled PDU]"
"6311","28.961788043","192.168.1.55","192.168.1.2","TCP","1514","8004  >  49872 [ACK] Seq=378118 Ack=141 Win=65024 Len=1448 TSval=2916033042 TSecr=3045552817 [TCP segment of a reassembled PDU]"
"6312","28.961789524","192.168.1.55","192.168.1.2","TCP","1514","8004  >  49872 [ACK] Seq=379566 Ack=141 Win=65024 Len=1448 TSval=2916033042 TSecr=3045552817 [TCP segment of a reassembled PDU]"
"6313","28.961791395","192.168.1.55","192.168.1.2","TCP","1514","8004  >  49872 [ACK] Seq=381014 Ack=141 Win=65024 Len=1448 TSval=2916033042 TSecr=3045552817 [TCP segment of a reassembled PDU]"
"6314","28.961792746","192.168.1.55","192.168.1.2","TCP","1514","8004  >  49872 [ACK] Seq=382462 Ack=141 Win=65024 Len=1448 TSval=2916033042 TSecr=3045552817 [TCP segment of a reassembled PDU]"
"6315","28.961794450","192.168.1.55","192.168.1.2","TCP","1514","8004  >  49872 [ACK] Seq=383910 Ack=141 Win=65024 Len=1448 TSval=2916033042 TSecr=3045552817 [TCP segment of a reassembled PDU]"
"6316","28.961795895","192.168.1.55","192.168.1.2","TCP","1514","8004  >  49872 [PSH, ACK] Seq=385358 Ack=141 Win=65024 Len=1448 TSval=2916033042 TSecr=3045552817 [TCP segment of a reassembled PDU]"
"6317","28.961812635","192.168.1.55","192.168.1.2","TCP","1514","8004  >  49872 [ACK] Seq=386806 Ack=141 Win=65024 Len=1448 TSval=2916033042 TSecr=3045552817 [TCP segment of a reassembled PDU]"
"6318","28.961814154","192.168.1.55","192.168.1.2","TCP","1514","8004  >  49872 [ACK] Seq=388254 Ack=141 Win=65024 Len=1448 TSval=2916033042 TSecr=3045552817 [TCP segment of a reassembled PDU]"
"6319","28.961815524","192.168.1.55","192.168.1.2","TCP","1514","8004  >  49872 [ACK] Seq=389702 Ack=141 Win=65024 Len=1448 TSval=2916033042 TSecr=3045552817 [TCP segment of a reassembled PDU]"
"6320","28.961816969","192.168.1.55","192.168.1.2","TCP","1514","8004  >  49872 [ACK] Seq=391150 Ack=141 Win=65024 Len=1448 TSval=2916033042 TSecr=3045552817 [TCP segment of a reassembled PDU]"
"6321","28.961818265","192.168.1.55","192.168.1.2","TCP","1514","8004  >  49872 [ACK] Seq=392598 Ack=141 Win=65024 Len=1448 TSval=2916033042 TSecr=3045552817 [TCP segment of a reassembled PDU]"
"6322","28.961819598","192.168.1.55","192.168.1.2","TCP","1514","8004  >  49872 [ACK] Seq=394046 Ack=141 Win=65024 Len=1448 TSval=2916033042 TSecr=3045552817 [TCP segment of a reassembled PDU]"
"6323","28.961821080","192.168.1.55","192.168.1.2","TCP","1514","8004  >  49872 [ACK] Seq=395494 Ack=141 Win=65024 Len=1448 TSval=2916033042 TSecr=3045552817 [TCP segment of a reassembled PDU]"
"6324","28.961822413","192.168.1.55","192.168.1.2","TCP","1514","8004  >  49872 [ACK] Seq=396942 Ack=141 Win=65024 Len=1448 TSval=2916033042 TSecr=3045552817 [TCP segment of a reassembled PDU]"
"6325","28.961823691","192.168.1.55","192.168.1.2","TCP","1514","8004  >  49872 [ACK] Seq=398390 Ack=141 Win=65024 Len=1448 TSval=2916033042 TSecr=3045552817 [TCP segment of a reassembled PDU]"
"6326","28.961825395","192.168.1.55","192.168.1.2","TCP","1514","8004  >  49872 [ACK] Seq=399838 Ack=141 Win=65024 Len=1448 TSval=2916033042 TSecr=3045552817 [TCP segment of a reassembled PDU]"
"6327","28.961826672","192.168.1.55","192.168.1.2","TCP","1514","8004  >  49872 [ACK] Seq=401286 Ack=141 Win=65024 Len=1448 TSval=2916033042 TSecr=3045552817 [TCP segment of a reassembled PDU]"
"6328","28.961828061","192.168.1.55","192.168.1.2","TCP","1514","8004  >  49872 [ACK] Seq=402734 Ack=141 Win=65024 Len=1448 TSval=2916033042 TSecr=3045552817 [TCP segment of a reassembled PDU]"
"6329","28.961829450","192.168.1.55","192.168.1.2","TCP","1514","8004  >  49872 [PSH, ACK] Seq=404182 Ack=141 Win=65024 Len=1448 TSval=2916033042 TSecr=3045552817 [TCP segment of a reassembled PDU]"
"6330","28.961858802","192.168.1.2","192.168.1.55","TCP","66","49872  >  8004 [ACK] Seq=141 Ack=287582 Win=129024 Len=0 TSval=3045552817 TSecr=2916033039"
"6331","28.961874302","192.168.1.55","192.168.1.2","TCP","1514","8004  >  49872 [ACK] Seq=405630 Ack=141 Win=65024 Len=1448 TSval=2916033042 TSecr=3045552817 [TCP segment of a reassembled PDU]"
"6332","28.961876024","192.168.1.55","192.168.1.2","TCP","1514","8004  >  49872 [ACK] Seq=407078 Ack=141 Win=65024 Len=1448 TSval=2916033042 TSecr=3045552817 [TCP segment of a reassembled PDU]"
"6333","28.961877376","192.168.1.55","192.168.1.2","TCP","1514","8004  >  49872 [ACK] Seq=408526 Ack=141 Win=65024 Len=1448 TSval=2916033042 TSecr=3045552817 [TCP segment of a reassembled PDU]"
"6334","28.961878802","192.168.1.55","192.168.1.2","TCP","1514","8004  >  49872 [ACK] Seq=409974 Ack=141 Win=65024 Len=1448 TSval=2916033042 TSecr=3045552817 [TCP segment of a reassembled PDU]"
"6335","28.961880284","192.168.1.55","192.168.1.2","TCP","1514","8004  >  49872 [ACK] Seq=411422 Ack=141 Win=65024 Len=1448 TSval=2916033042 TSecr=3045552817 [TCP segment of a reassembled PDU]"
"6336","28.961881654","192.168.1.55","192.168.1.2","TCP","1514","8004  >  49872 [ACK] Seq=412870 Ack=141 Win=65024 Len=1448 TSval=2916033042 TSecr=3045552817 [TCP segment of a reassembled PDU]"
"6337","28.961883117","192.168.1.55","192.168.1.2","TCP","1514","8004  >  49872 [PSH, ACK] Seq=414318 Ack=141 Win=65024 Len=1448 TSval=2916033042 TSecr=3045552817 [TCP segment of a reassembled PDU]"
"6338","28.967940312","192.168.1.2","192.168.1.55","TCP","66","49872  >  8004 [ACK] Seq=141 Ack=290478 Win=132096 Len=0 TSval=3045552823 TSecr=2916033039"
"6339","28.967950923","192.168.1.55","192.168.1.2","TCP","1514","8004  >  49872 [ACK] Seq=415766 Ack=141 Win=65024 Len=1448 TSval=2916033048 TSecr=3045552823 [TCP segment of a reassembled PDU]"
"6340","28.967953367","192.168.1.55","192.168.1.2","TCP","1514","8004  >  49872 [ACK] Seq=417214 Ack=141 Win=65024 Len=1448 TSval=2916033048 TSecr=3045552823 [TCP segment of a reassembled PDU]"
"6341","28.967954645","192.168.1.55","192.168.1.2","TCP","1514","8004  >  49872 [ACK] Seq=418662 Ack=141 Win=65024 Len=1448 TSval=2916033048 TSecr=3045552823 [TCP segment of a reassembled PDU]"
"6342","28.967955923","192.168.1.55","192.168.1.2","TCP","1514","8004  >  49872 [PSH, ACK] Seq=420110 Ack=141 Win=65024 Len=1448 TSval=2916033048 TSecr=3045552823 [TCP segment of a reassembled PDU]"
"6343","28.968232053","192.168.1.2","192.168.1.55","TCP","66","49872  >  8004 [ACK] Seq=141 Ack=314406 Win=171008 Len=0 TSval=3045552823 TSecr=2916033040"
"6344","28.968249386","192.168.1.55","192.168.1.2","TCP","1514","8004  >  49872 [ACK] Seq=421558 Ack=141 Win=65024 Len=1448 TSval=2916033048 TSecr=3045552823 [TCP segment of a reassembled PDU]"
"6345","28.968251682","192.168.1.55","192.168.1.2","TCP","1514","8004  >  49872 [ACK] Seq=423006 Ack=141 Win=65024 Len=1448 TSval=2916033048 TSecr=3045552823 [TCP segment of a reassembled PDU]"
"6346","28.968253053","192.168.1.55","192.168.1.2","TCP","1514","8004  >  49872 [ACK] Seq=424454 Ack=141 Win=65024 Len=1448 TSval=2916033048 TSecr=3045552823 [TCP segment of a reassembled PDU]"
"6347","28.968254349","192.168.1.55","192.168.1.2","TCP","1514","8004  >  49872 [ACK] Seq=425902 Ack=141 Win=65024 Len=1448 TSval=2916033048 TSecr=3045552823 [TCP segment of a reassembled PDU]"
"6348","28.968255627","192.168.1.55","192.168.1.2","TCP","1514","8004  >  49872 [ACK] Seq=427350 Ack=141 Win=65024 Len=1448 TSval=2916033048 TSecr=3045552823 [TCP segment of a reassembled PDU]"
"6349","28.968256905","192.168.1.55","192.168.1.2","TCP","1514","8004  >  49872 [ACK] Seq=428798 Ack=141 Win=65024 Len=1448 TSval=2916033048 TSecr=3045552823 [TCP segment of a reassembled PDU]"
"6350","28.968258182","192.168.1.55","192.168.1.2","TCP","1514","8004  >  49872 [ACK] Seq=430246 Ack=141 Win=65024 Len=1448 TSval=2916033048 TSecr=3045552823 [TCP segment of a reassembled PDU]"
"6351","28.968259571","192.168.1.55","192.168.1.2","TCP","1514","8004  >  49872 [PSH, ACK] Seq=431694 Ack=141 Win=65024 Len=1448 TSval=2916033048 TSecr=3045552823 [TCP segment of a reassembled PDU]"
"6352","28.968289479","192.168.1.55","192.168.1.2","TCP","1514","8004  >  49872 [ACK] Seq=433142 Ack=141 Win=65024 Len=1448 TSval=2916033048 TSecr=3045552823 [TCP segment of a reassembled PDU]"
"6353","28.968291053","192.168.1.55","192.168.1.2","TCP","1514","8004  >  49872 [ACK] Seq=434590 Ack=141 Win=65024 Len=1448 TSval=2916033048 TSecr=3045552823 [TCP segment of a reassembled PDU]"
"6354","28.968302294","192.168.1.55","192.168.1.2","TCP","1514","8004  >  49872 [ACK] Seq=436038 Ack=141 Win=65024 Len=1448 TSval=2916033048 TSecr=3045552823 [TCP segment of a reassembled PDU]"
"6355","28.968303979","192.168.1.55","192.168.1.2","TCP","1514","8004  >  49872 [ACK] Seq=437486 Ack=141 Win=65024 Len=1448 TSval=2916033048 TSecr=3045552823 [TCP segment of a reassembled PDU]"
"6356","28.968305386","192.168.1.55","192.168.1.2","TCP","1514","8004  >  49872 [ACK] Seq=438934 Ack=141 Win=65024 Len=1448 TSval=2916033048 TSecr=3045552823 [TCP segment of a reassembled PDU]"
"6357","28.968306701","192.168.1.55","192.168.1.2","TCP","1514","8004  >  49872 [ACK] Seq=440382 Ack=141 Win=65024 Len=1448 TSval=2916033048 TSecr=3045552823 [TCP segment of a reassembled PDU]"
"6358","28.968308164","192.168.1.55","192.168.1.2","TCP","1514","8004  >  49872 [ACK] Seq=441830 Ack=141 Win=65024 Len=1448 TSval=2916033048 TSecr=3045552823 [TCP segment of a reassembled PDU]"
"6359","28.968309460","192.168.1.55","192.168.1.2","TCP","1514","8004  >  49872 [ACK] Seq=443278 Ack=141 Win=65024 Len=1448 TSval=2916033048 TSecr=3045552823 [TCP segment of a reassembled PDU]"
"6360","28.968311145","192.168.1.55","192.168.1.2","TCP","1514","8004  >  49872 [ACK] Seq=444726 Ack=141 Win=65024 Len=1448 TSval=2916033048 TSecr=3045552823 [TCP segment of a reassembled PDU]"
"6361","28.968312608","192.168.1.55","192.168.1.2","TCP","1514","8004  >  49872 [ACK] Seq=446174 Ack=141 Win=65024 Len=1448 TSval=2916033048 TSecr=3045552823 [TCP segment of a reassembled PDU]"
"6362","28.968313979","192.168.1.55","192.168.1.2","TCP","1514","8004  >  49872 [ACK] Seq=447622 Ack=141 Win=65024 Len=1448 TSval=2916033048 TSecr=3045552823 [TCP segment of a reassembled PDU]"
"6363","28.968315331","192.168.1.55","192.168.1.2","TCP","1514","8004  >  49872 [ACK] Seq=449070 Ack=141 Win=65024 Len=1448 TSval=2916033048 TSecr=3045552823 [TCP segment of a reassembled PDU]"
"6364","28.968316646","192.168.1.55","192.168.1.2","TCP","1514","8004  >  49872 [ACK] Seq=450518 Ack=141 Win=65024 Len=1448 TSval=2916033048 TSecr=3045552823 [TCP segment of a reassembled PDU]"
"6365","28.968317942","192.168.1.55","192.168.1.2","TCP","1514","8004  >  49872 [ACK] Seq=451966 Ack=141 Win=65024 Len=1448 TSval=2916033048 TSecr=3045552823 [TCP segment of a reassembled PDU]"
"6366","28.968319312","192.168.1.55","192.168.1.2","TCP","1514","8004  >  49872 [ACK] Seq=453414 Ack=141 Win=65024 Len=1448 TSval=2916033048 TSecr=3045552823 [TCP segment of a reassembled PDU]"
"6367","28.968320608","192.168.1.55","192.168.1.2","TCP","1514","8004  >  49872 [ACK] Seq=454862 Ack=141 Win=65024 Len=1448 TSval=2916033048 TSecr=3045552823 [TCP segment of a reassembled PDU]"
"6368","28.968321923","192.168.1.55","192.168.1.2","TCP","1514","8004  >  49872 [ACK] Seq=456310 Ack=141 Win=65024 Len=1448 TSval=2916033048 TSecr=3045552823 [TCP segment of a reassembled PDU]"
"6369","28.968323220","192.168.1.55","192.168.1.2","TCP","1514","8004  >  49872 [ACK] Seq=457758 Ack=141 Win=65024 Len=1448 TSval=2916033048 TSecr=3045552823 [TCP segment of a reassembled PDU]"
"6370","28.968324683","192.168.1.55","192.168.1.2","TCP","1514","8004  >  49872 [ACK] Seq=459206 Ack=141 Win=65024 Len=1448 TSval=2916033048 TSecr=3045552823 [TCP segment of a reassembled PDU]"
"6371","28.968326201","192.168.1.55","192.168.1.2","TCP","1514","8004  >  49872 [ACK] Seq=460654 Ack=141 Win=65024 Len=1448 TSval=2916033048 TSecr=3045552823 [TCP segment of a reassembled PDU]"
"6372","28.968327479","192.168.1.55","192.168.1.2","TCP","1514","8004  >  49872 [ACK] Seq=462102 Ack=141 Win=65024 Len=1448 TSval=2916033048 TSecr=3045552823 [TCP segment of a reassembled PDU]"
"6373","28.968328868","192.168.1.55","192.168.1.2","TCP","1514","8004  >  49872 [ACK] Seq=463550 Ack=141 Win=65024 Len=1448 TSval=2916033048 TSecr=3045552823 [TCP segment of a reassembled PDU]"
"6374","28.968330257","192.168.1.55","192.168.1.2","TCP","1514","8004  >  49872 [ACK] Seq=464998 Ack=141 Win=65024 Len=1448 TSval=2916033048 TSecr=3045552823 [TCP segment of a reassembled PDU]"
"6375","28.968331534","192.168.1.55","192.168.1.2","TCP","1514","8004  >  49872 [ACK] Seq=466446 Ack=141 Win=65024 Len=1448 TSval=2916033048 TSecr=3045552823 [TCP segment of a reassembled PDU]"
"6376","28.968332923","192.168.1.55","192.168.1.2","TCP","1514","8004  >  49872 [ACK] Seq=467894 Ack=141 Win=65024 Len=1448 TSval=2916033048 TSecr=3045552823 [TCP segment of a reassembled PDU]"
"6377","28.968334238","192.168.1.55","192.168.1.2","TCP","1514","8004  >  49872 [ACK] Seq=469342 Ack=141 Win=65024 Len=1448 TSval=2916033048 TSecr=3045552823 [TCP segment of a reassembled PDU]"
"6378","28.968335553","192.168.1.55","192.168.1.2","TCP","1514","8004  >  49872 [ACK] Seq=470790 Ack=141 Win=65024 Len=1448 TSval=2916033048 TSecr=3045552823 [TCP segment of a reassembled PDU]"
"6379","28.968336960","192.168.1.55","192.168.1.2","TCP","1514","8004  >  49872 [ACK] Seq=472238 Ack=141 Win=65024 Len=1448 TSval=2916033048 TSecr=3045552823 [TCP segment of a reassembled PDU]"
"6380","28.968338257","192.168.1.55","192.168.1.2","TCP","1514","8004  >  49872 [ACK] Seq=473686 Ack=141 Win=65024 Len=1448 TSval=2916033048 TSecr=3045552823 [TCP segment of a reassembled PDU]"
"6381","28.968339701","192.168.1.55","192.168.1.2","TCP","1514","8004  >  49872 [ACK] Seq=475134 Ack=141 Win=65024 Len=1448 TSval=2916033048 TSecr=3045552823 [TCP segment of a reassembled PDU]"
"6382","28.968340979","192.168.1.55","192.168.1.2","TCP","1514","8004  >  49872 [ACK] Seq=476582 Ack=141 Win=65024 Len=1448 TSval=2916033048 TSecr=3045552823 [TCP segment of a reassembled PDU]"
"6383","28.968342294","192.168.1.55","192.168.1.2","TCP","1514","8004  >  49872 [PSH, ACK] Seq=478030 Ack=141 Win=65024 Len=1448 TSval=2916033048 TSecr=3045552823 [TCP segment of a reassembled PDU]"
"6384","28.968351646","192.168.1.2","192.168.1.55","TCP","66","49872  >  8004 [ACK] Seq=141 Ack=331782 Win=201728 Len=0 TSval=3045552823 TSecr=2916033040"
"6385","28.968374090","192.168.1.55","192.168.1.2","TCP","1514","8004  >  49872 [ACK] Seq=479478 Ack=141 Win=65024 Len=1448 TSval=2916033049 TSecr=3045552823 [TCP segment of a reassembled PDU]"
"6386","28.968375794","192.168.1.55","192.168.1.2","TCP","1514","8004  >  49872 [ACK] Seq=480926 Ack=141 Win=65024 Len=1448 TSval=2916033049 TSecr=3045552823 [TCP segment of a reassembled PDU]"
"6387","28.968377127","192.168.1.55","192.168.1.2","TCP","1514","8004  >  49872 [ACK] Seq=482374 Ack=141 Win=65024 Len=1448 TSval=2916033049 TSecr=3045552823 [TCP segment of a reassembled PDU]"
"6388","28.968378460","192.168.1.55","192.168.1.2","TCP","1514","8004  >  49872 [ACK] Seq=483822 Ack=141 Win=65024 Len=1448 TSval=2916033049 TSecr=3045552823 [TCP segment of a reassembled PDU]"
"6389","28.968379738","192.168.1.55","192.168.1.2","TCP","1514","8004  >  49872 [ACK] Seq=485270 Ack=141 Win=65024 Len=1448 TSval=2916033049 TSecr=3045552823 [TCP segment of a reassembled PDU]"
"6390","28.968381109","192.168.1.55","192.168.1.2","TCP","1514","8004  >  49872 [ACK] Seq=486718 Ack=141 Win=65024 Len=1448 TSval=2916033049 TSecr=3045552823 [TCP segment of a reassembled PDU]"
"6391","28.968382405","192.168.1.55","192.168.1.2","TCP","1514","8004  >  49872 [ACK] Seq=488166 Ack=141 Win=65024 Len=1448 TSval=2916033049 TSecr=3045552823 [TCP segment of a reassembled PDU]"
"6392","28.968383849","192.168.1.55","192.168.1.2","TCP","1514","8004  >  49872 [ACK] Seq=489614 Ack=141 Win=65024 Len=1448 TSval=2916033049 TSecr=3045552823 [TCP segment of a reassembled PDU]"
"6393","28.968385220","192.168.1.55","192.168.1.2","TCP","1514","8004  >  49872 [ACK] Seq=491062 Ack=141 Win=65024 Len=1448 TSval=2916033049 TSecr=3045552823 [TCP segment of a reassembled PDU]"
"6394","28.968386609","192.168.1.55","192.168.1.2","TCP","1514","8004  >  49872 [ACK] Seq=492510 Ack=141 Win=65024 Len=1448 TSval=2916033049 TSecr=3045552823 [TCP segment of a reassembled PDU]"
"6395","28.968387979","192.168.1.55","192.168.1.2","TCP","1514","8004  >  49872 [ACK] Seq=493958 Ack=141 Win=65024 Len=1448 TSval=2916033049 TSecr=3045552823 [TCP segment of a reassembled PDU]"
"6396","28.968389294","192.168.1.55","192.168.1.2","TCP","1514","8004  >  49872 [ACK] Seq=495406 Ack=141 Win=65024 Len=1448 TSval=2916033049 TSecr=3045552823 [TCP segment of a reassembled PDU]"
"6397","28.968390701","192.168.1.55","192.168.1.2","TCP","1514","8004  >  49872 [ACK] Seq=496854 Ack=141 Win=65024 Len=1448 TSval=2916033049 TSecr=3045552823 [TCP segment of a reassembled PDU]"
"6398","28.968392238","192.168.1.55","192.168.1.2","HTTP","1472","HTTP/1.0 200 OK  (PNG)"
"6399","28.969621703","192.168.1.2","192.168.1.55","TCP","66","49872  >  8004 [ACK] Seq=141 Ack=340470 Win=209920 Len=0 TSval=3045552824 TSecr=2916033040"
"6400","28.969686425","192.168.1.2","192.168.1.55","TCP","66","49872  >  8004 [ACK] Seq=141 Ack=386806 Win=164864 Len=0 TSval=3045552824 TSecr=2916033040"
"6401","28.969696407","192.168.1.2","192.168.1.55","TCP","66","49872  >  8004 [ACK] Seq=141 Ack=405630 Win=146432 Len=0 TSval=3045552824 TSecr=2916033042"
"6402","28.969703092","192.168.1.2","192.168.1.55","TCP","66","49872  >  8004 [ACK] Seq=141 Ack=409974 Win=166912 Len=0 TSval=3045552824 TSecr=2916033042"
"6403","28.973966210","192.168.1.2","192.168.1.55","TCP","66","49872  >  8004 [ACK] Seq=141 Ack=415766 Win=210944 Len=0 TSval=3045552829 TSecr=2916033042"
"6404","28.974116969","192.168.1.2","192.168.1.55","TCP","66","49872  >  8004 [ACK] Seq=141 Ack=421558 Win=222208 Len=0 TSval=3045552829 TSecr=2916033048"
"6405","28.974123636","192.168.1.2","192.168.1.55","TCP","66","49872  >  8004 [ACK] Seq=141 Ack=433142 Win=234496 Len=0 TSval=3045552829 TSecr=2916033048"
"6406","28.974130581","192.168.1.2","192.168.1.55","TCP","66","49872  >  8004 [ACK] Seq=141 Ack=479478 Win=205824 Len=0 TSval=3045552829 TSecr=2916033048"
"6407","28.974237803","192.168.1.2","192.168.1.55","TCP","66","49872  >  8004 [ACK] Seq=141 Ack=496854 Win=189440 Len=0 TSval=3045552829 TSecr=2916033049"
"6408","28.974245433","192.168.1.2","192.168.1.55","TCP","66","49872  >  8004 [ACK] Seq=141 Ack=498302 Win=237568 Len=0 TSval=3045552829 TSecr=2916033049"
"6409","28.976640436","192.168.1.2","192.168.1.55","TCP","66","49872  >  8004 [FIN, ACK] Seq=141 Ack=499709 Win=239616 Len=0 TSval=3045552831 TSecr=2916033049"
"6410","28.976659436","192.168.1.55","192.168.1.2","TCP","66","8004  >  49872 [ACK] Seq=499709 Ack=142 Win=65024 Len=0 TSval=2916033057 TSecr=3045552831"
"6411","28.976703066","192.168.1.2","192.168.1.55","TCP","74","49886  >  8004 [SYN] Seq=0 Win=64240 Len=0 MSS=1460 SACK_PERM TSval=3045552831 TSecr=0 WS=1024"
"6412","28.976728733","192.168.1.55","192.168.1.2","TCP","74","8004  >  49886 [SYN, ACK] Seq=0 Ack=1 Win=65160 Len=0 MSS=1460 SACK_PERM TSval=2916033057 TSecr=3045552831 WS=128"
"6413","28.980414442","192.168.1.2","192.168.1.55","TCP","66","49886  >  8004 [ACK] Seq=1 Ack=1 Win=64512 Len=0 TSval=3045552835 TSecr=2916033057"
"6414","28.983641058","192.168.1.2","192.168.1.55","HTTP","209","GET /original_benchmark.png HTTP/1.1 "
"6415","28.983675651","192.168.1.55","192.168.1.2","TCP","66","8004  >  49886 [ACK] Seq=1 Ack=144 Win=65024 Len=0 TSval=2916033064 TSecr=3045552835"
"6416","28.984117337","192.168.1.55","192.168.1.2","TCP","255","8004  >  49886 [PSH, ACK] Seq=1 Ack=144 Win=65024 Len=189 TSval=2916033064 TSecr=3045552835 [TCP segment of a reassembled PDU]"
"6417","28.984227152","192.168.1.55","192.168.1.2","TCP","1514","8004  >  49886 [ACK] Seq=190 Ack=144 Win=65024 Len=1448 TSval=2916033064 TSecr=3045552835 [TCP segment of a reassembled PDU]"
"6418","28.984232004","192.168.1.55","192.168.1.2","TCP","1514","8004  >  49886 [ACK] Seq=1638 Ack=144 Win=65024 Len=1448 TSval=2916033064 TSecr=3045552835 [TCP segment of a reassembled PDU]"
"6419","28.984233189","192.168.1.55","192.168.1.2","TCP","1514","8004  >  49886 [ACK] Seq=3086 Ack=144 Win=65024 Len=1448 TSval=2916033064 TSecr=3045552835 [TCP segment of a reassembled PDU]"
"6420","28.984234356","192.168.1.55","192.168.1.2","TCP","1514","8004  >  49886 [ACK] Seq=4534 Ack=144 Win=65024 Len=1448 TSval=2916033064 TSecr=3045552835 [TCP segment of a reassembled PDU]"
"6421","28.984235781","192.168.1.55","192.168.1.2","TCP","1514","8004  >  49886 [PSH, ACK] Seq=5982 Ack=144 Win=65024 Len=1448 TSval=2916033064 TSecr=3045552835 [TCP segment of a reassembled PDU]"
"6422","28.984259652","192.168.1.55","192.168.1.2","TCP","1514","8004  >  49886 [ACK] Seq=7430 Ack=144 Win=65024 Len=1448 TSval=2916033064 TSecr=3045552835 [TCP segment of a reassembled PDU]"
"6423","28.984261707","192.168.1.55","192.168.1.2","TCP","1514","8004  >  49886 [ACK] Seq=8878 Ack=144 Win=65024 Len=1448 TSval=2916033064 TSecr=3045552835 [TCP segment of a reassembled PDU]"
"6424","28.984262948","192.168.1.55","192.168.1.2","TCP","1514","8004  >  49886 [ACK] Seq=10326 Ack=144 Win=65024 Len=1448 TSval=2916033064 TSecr=3045552835 [TCP segment of a reassembled PDU]"
"6425","28.984263967","192.168.1.55","192.168.1.2","TCP","1514","8004  >  49886 [PSH, ACK] Seq=11774 Ack=144 Win=65024 Len=1448 TSval=2916033064 TSecr=3045552835 [TCP segment of a reassembled PDU]"
"6426","28.988758770","192.168.1.2","192.168.1.55","TCP","66","49886  >  8004 [ACK] Seq=144 Ack=190 Win=64512 Len=0 TSval=3045552842 TSecr=2916033064"
"6427","28.988902955","192.168.1.55","192.168.1.2","TCP","1514","8004  >  49886 [ACK] Seq=13222 Ack=144 Win=65024 Len=1448 TSval=2916033069 TSecr=3045552842 [TCP segment of a reassembled PDU]"
"6428","28.988912918","192.168.1.55","192.168.1.2","TCP","1514","8004  >  49886 [PSH, ACK] Seq=14670 Ack=144 Win=65024 Len=1448 TSval=2916033069 TSecr=3045552842 [TCP segment of a reassembled PDU]"
"6429","28.989098271","192.168.1.2","192.168.1.55","TCP","66","49886  >  8004 [ACK] Seq=144 Ack=4534 Win=64512 Len=0 TSval=3045552842 TSecr=2916033064"
"6430","28.989163511","192.168.1.55","192.168.1.2","TCP","1514","8004  >  49886 [ACK] Seq=16118 Ack=144 Win=65024 Len=1448 TSval=2916033069 TSecr=3045552842 [TCP segment of a reassembled PDU]"
"6431","28.989170493","192.168.1.55","192.168.1.2","TCP","1514","8004  >  49886 [ACK] Seq=17566 Ack=144 Win=65024 Len=1448 TSval=2916033069 TSecr=3045552842 [TCP segment of a reassembled PDU]"
"6432","28.989172215","192.168.1.55","192.168.1.2","TCP","1514","8004  >  49886 [ACK] Seq=19014 Ack=144 Win=65024 Len=1448 TSval=2916033069 TSecr=3045552842 [TCP segment of a reassembled PDU]"
"6433","28.989173511","192.168.1.55","192.168.1.2","TCP","1514","8004  >  49886 [ACK] Seq=20462 Ack=144 Win=65024 Len=1448 TSval=2916033069 TSecr=3045552842 [TCP segment of a reassembled PDU]"
"6434","28.989174956","192.168.1.55","192.168.1.2","TCP","1514","8004  >  49886 [ACK] Seq=21910 Ack=144 Win=65024 Len=1448 TSval=2916033069 TSecr=3045552842 [TCP segment of a reassembled PDU]"
"6435","28.989177067","192.168.1.55","192.168.1.2","TCP","1514","8004  >  49886 [PSH, ACK] Seq=23358 Ack=144 Win=65024 Len=1448 TSval=2916033069 TSecr=3045552842 [TCP segment of a reassembled PDU]"
"6436","28.989185011","192.168.1.2","192.168.1.55","TCP","66","49886  >  8004 [ACK] Seq=144 Ack=7430 Win=67584 Len=0 TSval=3045552843 TSecr=2916033064"
"6437","28.989200437","192.168.1.2","192.168.1.55","TCP","66","49886  >  8004 [ACK] Seq=144 Ack=10326 Win=67584 Len=0 TSval=3045552843 TSecr=2916033064"
"6438","28.989228604","192.168.1.55","192.168.1.2","TCP","1514","8004  >  49886 [ACK] Seq=24806 Ack=144 Win=65024 Len=1448 TSval=2916033069 TSecr=3045552843 [TCP segment of a reassembled PDU]"
"6439","28.989232345","192.168.1.55","192.168.1.2","TCP","1514","8004  >  49886 [ACK] Seq=26254 Ack=144 Win=65024 Len=1448 TSval=2916033069 TSecr=3045552843 [TCP segment of a reassembled PDU]"
"6440","28.989234104","192.168.1.55","192.168.1.2","TCP","1514","8004  >  49886 [ACK] Seq=27702 Ack=144 Win=65024 Len=1448 TSval=2916033069 TSecr=3045552843 [TCP segment of a reassembled PDU]"
"6441","28.989236308","192.168.1.55","192.168.1.2","TCP","1514","8004  >  49886 [ACK] Seq=29150 Ack=144 Win=65024 Len=1448 TSval=2916033069 TSecr=3045552843 [TCP segment of a reassembled PDU]"
"6442","28.989237511","192.168.1.55","192.168.1.2","TCP","1514","8004  >  49886 [ACK] Seq=30598 Ack=144 Win=65024 Len=1448 TSval=2916033069 TSecr=3045552843 [TCP segment of a reassembled PDU]"
"6443","28.989238993","192.168.1.55","192.168.1.2","TCP","1514","8004  >  49886 [ACK] Seq=32046 Ack=144 Win=65024 Len=1448 TSval=2916033069 TSecr=3045552843 [TCP segment of a reassembled PDU]"
"6444","28.989241363","192.168.1.55","192.168.1.2","TCP","1514","8004  >  49886 [ACK] Seq=33494 Ack=144 Win=65024 Len=1448 TSval=2916033069 TSecr=3045552843 [TCP segment of a reassembled PDU]"
"6445","28.989243808","192.168.1.55","192.168.1.2","TCP","1514","8004  >  49886 [PSH, ACK] Seq=34942 Ack=144 Win=65024 Len=1448 TSval=2916033069 TSecr=3045552843 [TCP segment of a reassembled PDU]"
"6446","28.989249141","192.168.1.2","192.168.1.55","TCP","66","49886  >  8004 [ACK] Seq=144 Ack=13222 Win=67584 Len=0 TSval=3045552843 TSecr=2916033064"
"6447","28.989980790","192.168.1.55","192.168.1.2","TCP","1514","8004  >  49886 [ACK] Seq=36390 Ack=144 Win=65024 Len=1448 TSval=2916033070 TSecr=3045552843 [TCP segment of a reassembled PDU]"
"6448","28.989985846","192.168.1.55","192.168.1.2","TCP","1514","8004  >  49886 [ACK] Seq=37838 Ack=144 Win=65024 Len=1448 TSval=2916033070 TSecr=3045552843 [TCP segment of a reassembled PDU]"
"6449","28.989987013","192.168.1.55","192.168.1.2","TCP","1514","8004  >  49886 [ACK] Seq=39286 Ack=144 Win=65024 Len=1448 TSval=2916033070 TSecr=3045552843 [TCP segment of a reassembled PDU]"
"6450","28.989987994","192.168.1.55","192.168.1.2","TCP","1514","8004  >  49886 [PSH, ACK] Seq=40734 Ack=144 Win=65024 Len=1448 TSval=2916033070 TSecr=3045552843 [TCP segment of a reassembled PDU]"
"6451","28.993691111","192.168.1.2","192.168.1.55","TCP","66","49886  >  8004 [ACK] Seq=144 Ack=16118 Win=67584 Len=0 TSval=3045552848 TSecr=2916033069"
"6452","28.993742444","192.168.1.55","192.168.1.2","TCP","1514","8004  >  49886 [ACK] Seq=42182 Ack=144 Win=65024 Len=1448 TSval=2916033074 TSecr=3045552848 [TCP segment of a reassembled PDU]"
"6453","28.993750185","192.168.1.55","192.168.1.2","TCP","1514","8004  >  49886 [PSH, ACK] Seq=43630 Ack=144 Win=65024 Len=1448 TSval=2916033074 TSecr=3045552848 [TCP segment of a reassembled PDU]"
"6454","28.993960260","192.168.1.2","192.168.1.55","TCP","66","49886  >  8004 [ACK] Seq=144 Ack=24806 Win=63488 Len=0 TSval=3045552848 TSecr=2916033069"
"6455","28.993999704","192.168.1.55","192.168.1.2","TCP","1514","8004  >  49886 [ACK] Seq=45078 Ack=144 Win=65024 Len=1448 TSval=2916033074 TSecr=3045552848 [TCP segment of a reassembled PDU]"
"6456","28.994006926","192.168.1.55","192.168.1.2","TCP","1514","8004  >  49886 [ACK] Seq=46526 Ack=144 Win=65024 Len=1448 TSval=2916033074 TSecr=3045552848 [TCP segment of a reassembled PDU]"
"6457","28.994008445","192.168.1.55","192.168.1.2","TCP","1514","8004  >  49886 [ACK] Seq=47974 Ack=144 Win=65024 Len=1448 TSval=2916033074 TSecr=3045552848 [TCP segment of a reassembled PDU]"
"6458","28.994009908","192.168.1.55","192.168.1.2","TCP","1514","8004  >  49886 [ACK] Seq=49422 Ack=144 Win=65024 Len=1448 TSval=2916033074 TSecr=3045552848 [TCP segment of a reassembled PDU]"
"6459","28.994011686","192.168.1.55","192.168.1.2","TCP","1514","8004  >  49886 [ACK] Seq=50870 Ack=144 Win=65024 Len=1448 TSval=2916033074 TSecr=3045552848 [TCP segment of a reassembled PDU]"
"6460","28.994013482","192.168.1.55","192.168.1.2","TCP","1514","8004  >  49886 [ACK] Seq=52318 Ack=144 Win=65024 Len=1448 TSval=2916033074 TSecr=3045552848 [TCP segment of a reassembled PDU]"
"6461","28.994014630","192.168.1.55","192.168.1.2","TCP","1514","8004  >  49886 [ACK] Seq=53766 Ack=144 Win=65024 Len=1448 TSval=2916033074 TSecr=3045552848 [TCP segment of a reassembled PDU]"
"6462","28.994016260","192.168.1.55","192.168.1.2","TCP","1514","8004  >  49886 [ACK] Seq=55214 Ack=144 Win=65024 Len=1448 TSval=2916033074 TSecr=3045552848 [TCP segment of a reassembled PDU]"
"6463","28.994018167","192.168.1.55","192.168.1.2","TCP","1514","8004  >  49886 [ACK] Seq=56662 Ack=144 Win=65024 Len=1448 TSval=2916033074 TSecr=3045552848 [TCP segment of a reassembled PDU]"
"6464","28.994019963","192.168.1.55","192.168.1.2","TCP","1514","8004  >  49886 [ACK] Seq=58110 Ack=144 Win=65024 Len=1448 TSval=2916033074 TSecr=3045552848 [TCP segment of a reassembled PDU]"
"6465","28.994021797","192.168.1.55","192.168.1.2","TCP","1514","8004  >  49886 [ACK] Seq=59558 Ack=144 Win=65024 Len=1448 TSval=2916033074 TSecr=3045552848 [TCP segment of a reassembled PDU]"
"6466","28.994023686","192.168.1.55","192.168.1.2","TCP","1514","8004  >  49886 [ACK] Seq=61006 Ack=144 Win=65024 Len=1448 TSval=2916033074 TSecr=3045552848 [TCP segment of a reassembled PDU]"
"6467","28.994024852","192.168.1.55","192.168.1.2","TCP","1514","8004  >  49886 [ACK] Seq=62454 Ack=144 Win=65024 Len=1448 TSval=2916033074 TSecr=3045552848 [TCP segment of a reassembled PDU]"
"6468","28.994026019","192.168.1.55","192.168.1.2","TCP","1514","8004  >  49886 [PSH, ACK] Seq=63902 Ack=144 Win=65024 Len=1448 TSval=2916033074 TSecr=3045552848 [TCP segment of a reassembled PDU]"
"6469","28.994032889","192.168.1.2","192.168.1.55","TCP","66","49886  >  8004 [ACK] Seq=144 Ack=36390 Win=55296 Len=0 TSval=3045552848 TSecr=2916033069"
"6470","28.994076075","192.168.1.55","192.168.1.2","TCP","1514","8004  >  49886 [ACK] Seq=65350 Ack=144 Win=65024 Len=1448 TSval=2916033074 TSecr=3045552848 [TCP segment of a reassembled PDU]"
"6471","28.994078945","192.168.1.55","192.168.1.2","TCP","1514","8004  >  49886 [ACK] Seq=66798 Ack=144 Win=65024 Len=1448 TSval=2916033074 TSecr=3045552848 [TCP segment of a reassembled PDU]"
"6472","28.994080519","192.168.1.55","192.168.1.2","TCP","1514","8004  >  49886 [ACK] Seq=68246 Ack=144 Win=65024 Len=1448 TSval=2916033074 TSecr=3045552848 [TCP segment of a reassembled PDU]"
"6473","28.994082186","192.168.1.55","192.168.1.2","TCP","1514","8004  >  49886 [ACK] Seq=69694 Ack=144 Win=65024 Len=1448 TSval=2916033074 TSecr=3045552848 [TCP segment of a reassembled PDU]"
"6474","28.994083389","192.168.1.55","192.168.1.2","TCP","1514","8004  >  49886 [ACK] Seq=71142 Ack=144 Win=65024 Len=1448 TSval=2916033074 TSecr=3045552848 [TCP segment of a reassembled PDU]"
"6475","28.994084852","192.168.1.55","192.168.1.2","TCP","1514","8004  >  49886 [ACK] Seq=72590 Ack=144 Win=65024 Len=1448 TSval=2916033074 TSecr=3045552848 [TCP segment of a reassembled PDU]"
"6476","28.994085964","192.168.1.55","192.168.1.2","TCP","1514","8004  >  49886 [ACK] Seq=74038 Ack=144 Win=65024 Len=1448 TSval=2916033074 TSecr=3045552848 [TCP segment of a reassembled PDU]"
"6477","28.994087612","192.168.1.55","192.168.1.2","TCP","1514","8004  >  49886 [PSH, ACK] Seq=75486 Ack=144 Win=65024 Len=1448 TSval=2916033074 TSecr=3045552848 [TCP segment of a reassembled PDU]"
"6478","28.994096575","192.168.1.2","192.168.1.55","TCP","66","49886  >  8004 [ACK] Seq=144 Ack=39286 Win=67584 Len=0 TSval=3045552849 TSecr=2916033070"
"6479","28.994103908","192.168.1.2","192.168.1.55","TCP","66","49886  >  8004 [ACK] Seq=144 Ack=42182 Win=67584 Len=0 TSval=3045552849 TSecr=2916033070"
"6480","28.994147741","192.168.1.55","192.168.1.2","TCP","1514","8004  >  49886 [ACK] Seq=76934 Ack=144 Win=65024 Len=1448 TSval=2916033074 TSecr=3045552849 [TCP segment of a reassembled PDU]"
"6481","28.994151204","192.168.1.55","192.168.1.2","TCP","1514","8004  >  49886 [ACK] Seq=78382 Ack=144 Win=65024 Len=1448 TSval=2916033074 TSecr=3045552849 [TCP segment of a reassembled PDU]"
"6482","28.994152853","192.168.1.55","192.168.1.2","TCP","1514","8004  >  49886 [ACK] Seq=79830 Ack=144 Win=65024 Len=1448 TSval=2916033074 TSecr=3045552849 [TCP segment of a reassembled PDU]"
"6483","28.994154297","192.168.1.55","192.168.1.2","TCP","1514","8004  >  49886 [ACK] Seq=81278 Ack=144 Win=65024 Len=1448 TSval=2916033074 TSecr=3045552849 [TCP segment of a reassembled PDU]"
"6484","28.994155482","192.168.1.55","192.168.1.2","TCP","1514","8004  >  49886 [ACK] Seq=82726 Ack=144 Win=65024 Len=1448 TSval=2916033074 TSecr=3045552849 [TCP segment of a reassembled PDU]"
"6485","28.994156612","192.168.1.55","192.168.1.2","TCP","1514","8004  >  49886 [ACK] Seq=84174 Ack=144 Win=65024 Len=1448 TSval=2916033074 TSecr=3045552849 [TCP segment of a reassembled PDU]"
"6486","28.994157649","192.168.1.55","192.168.1.2","TCP","1514","8004  >  49886 [ACK] Seq=85622 Ack=144 Win=65024 Len=1448 TSval=2916033074 TSecr=3045552849 [TCP segment of a reassembled PDU]"
"6487","28.994158815","192.168.1.55","192.168.1.2","TCP","1514","8004  >  49886 [ACK] Seq=87070 Ack=144 Win=65024 Len=1448 TSval=2916033074 TSecr=3045552849 [TCP segment of a reassembled PDU]"
"6488","28.994160056","192.168.1.55","192.168.1.2","TCP","1514","8004  >  49886 [ACK] Seq=88518 Ack=144 Win=65024 Len=1448 TSval=2916033074 TSecr=3045552849 [TCP segment of a reassembled PDU]"
"6489","28.994162612","192.168.1.55","192.168.1.2","TCP","1514","8004  >  49886 [ACK] Seq=89966 Ack=144 Win=65024 Len=1448 TSval=2916033074 TSecr=3045552849 [TCP segment of a reassembled PDU]"
"6490","28.994164223","192.168.1.55","192.168.1.2","TCP","1514","8004  >  49886 [ACK] Seq=91414 Ack=144 Win=65024 Len=1448 TSval=2916033074 TSecr=3045552849 [TCP segment of a reassembled PDU]"
"6491","28.994165260","192.168.1.55","192.168.1.2","TCP","1514","8004  >  49886 [ACK] Seq=92862 Ack=144 Win=65024 Len=1448 TSval=2916033074 TSecr=3045552849 [TCP segment of a reassembled PDU]"
"6492","28.994166482","192.168.1.55","192.168.1.2","TCP","1514","8004  >  49886 [ACK] Seq=94310 Ack=144 Win=65024 Len=1448 TSval=2916033074 TSecr=3045552849 [TCP segment of a reassembled PDU]"
"6493","28.994167890","192.168.1.55","192.168.1.2","TCP","1514","8004  >  49886 [ACK] Seq=95758 Ack=144 Win=65024 Len=1448 TSval=2916033074 TSecr=3045552849 [TCP segment of a reassembled PDU]"
"6494","28.994169149","192.168.1.55","192.168.1.2","TCP","1514","8004  >  49886 [ACK] Seq=97206 Ack=144 Win=65024 Len=1448 TSval=2916033074 TSecr=3045552849 [TCP segment of a reassembled PDU]"
"6495","28.994170464","192.168.1.55","192.168.1.2","TCP","1514","8004  >  49886 [PSH, ACK] Seq=98654 Ack=144 Win=65024 Len=1448 TSval=2916033074 TSecr=3045552849 [TCP segment of a reassembled PDU]"
"6496","28.999719009","192.168.1.2","192.168.1.55","TCP","66","49886  >  8004 [ACK] Seq=144 Ack=45078 Win=65536 Len=0 TSval=3045552853 TSecr=2916033074"
"6497","28.999769972","192.168.1.55","192.168.1.2","TCP","1514","8004  >  49886 [ACK] Seq=100102 Ack=144 Win=65024 Len=1448 TSval=2916033080 TSecr=3045552853 [TCP segment of a reassembled PDU]"
"6498","28.999774732","192.168.1.55","192.168.1.2","TCP","1514","8004  >  49886 [ACK] Seq=101550 Ack=144 Win=65024 Len=1448 TSval=2916033080 TSecr=3045552853 [TCP segment of a reassembled PDU]"
"6499","28.999775769","192.168.1.55","192.168.1.2","TCP","1514","8004  >  49886 [ACK] Seq=102998 Ack=144 Win=65024 Len=1448 TSval=2916033080 TSecr=3045552853 [TCP segment of a reassembled PDU]"
"6500","28.999776695","192.168.1.55","192.168.1.2","TCP","1514","8004  >  49886 [PSH, ACK] Seq=104446 Ack=144 Win=65024 Len=1448 TSval=2916033080 TSecr=3045552853 [TCP segment of a reassembled PDU]"
"6501","29.000186306","192.168.1.2","192.168.1.55","TCP","66","49886  >  8004 [ACK] Seq=144 Ack=65350 Win=55296 Len=0 TSval=3045552853 TSecr=2916033074"
"6502","29.000255418","192.168.1.55","192.168.1.2","TCP","1514","8004  >  49886 [ACK] Seq=105894 Ack=144 Win=65024 Len=1448 TSval=2916033080 TSecr=3045552853 [TCP segment of a reassembled PDU]"
"6503","29.000266029","192.168.1.55","192.168.1.2","TCP","1514","8004  >  49886 [ACK] Seq=107342 Ack=144 Win=65024 Len=1448 TSval=2916033080 TSecr=3045552853 [TCP segment of a reassembled PDU]"
"6504","29.000267844","192.168.1.55","192.168.1.2","TCP","1514","8004  >  49886 [PSH, ACK] Seq=108790 Ack=144 Win=65024 Len=1448 TSval=2916033080 TSecr=3045552853 [TCP segment of a reassembled PDU]"
"6505","29.000286103","192.168.1.2","192.168.1.55","TCP","66","49886  >  8004 [ACK] Seq=144 Ack=76934 Win=47104 Len=0 TSval=3045552853 TSecr=2916033074"
"6506","29.000334418","192.168.1.2","192.168.1.55","TCP","66","49886  >  8004 [ACK] Seq=144 Ack=91414 Win=50176 Len=0 TSval=3045552853 TSecr=2916033074"
"6507","29.000341621","192.168.1.2","192.168.1.55","TCP","66","49886  >  8004 [ACK] Seq=144 Ack=100102 Win=60416 Len=0 TSval=3045552854 TSecr=2916033074"
"6508","29.000515344","192.168.1.55","192.168.1.2","TCP","1514","8004  >  49886 [ACK] Seq=110238 Ack=144 Win=65024 Len=1448 TSval=2916033081 TSecr=3045552853 [TCP segment of a reassembled PDU]"
"6509","29.000528492","192.168.1.55","192.168.1.2","TCP","1514","8004  >  49886 [ACK] Seq=111686 Ack=144 Win=65024 Len=1448 TSval=2916033081 TSecr=3045552853 [TCP segment of a reassembled PDU]"
"6510","29.000530659","192.168.1.55","192.168.1.2","TCP","1514","8004  >  49886 [ACK] Seq=113134 Ack=144 Win=65024 Len=1448 TSval=2916033081 TSecr=3045552853 [TCP segment of a reassembled PDU]"
"6511","29.000532788","192.168.1.55","192.168.1.2","TCP","1514","8004  >  49886 [ACK] Seq=114582 Ack=144 Win=65024 Len=1448 TSval=2916033081 TSecr=3045552853 [TCP segment of a reassembled PDU]"
"6512","29.000534992","192.168.1.55","192.168.1.2","TCP","1514","8004  >  49886 [ACK] Seq=116030 Ack=144 Win=65024 Len=1448 TSval=2916033081 TSecr=3045552853 [TCP segment of a reassembled PDU]"
"6513","29.000536714","192.168.1.55","192.168.1.2","TCP","1514","8004  >  49886 [ACK] Seq=117478 Ack=144 Win=65024 Len=1448 TSval=2916033081 TSecr=3045552853 [TCP segment of a reassembled PDU]"
"6514","29.000538622","192.168.1.55","192.168.1.2","TCP","1514","8004  >  49886 [ACK] Seq=118926 Ack=144 Win=65024 Len=1448 TSval=2916033081 TSecr=3045552853 [TCP segment of a reassembled PDU]"
"6515","29.000552862","192.168.1.55","192.168.1.2","TCP","1514","8004  >  49886 [ACK] Seq=120374 Ack=144 Win=65024 Len=1448 TSval=2916033081 TSecr=3045552853 [TCP segment of a reassembled PDU]"
"6516","29.000554733","192.168.1.55","192.168.1.2","TCP","1514","8004  >  49886 [ACK] Seq=121822 Ack=144 Win=65024 Len=1448 TSval=2916033081 TSecr=3045552853 [TCP segment of a reassembled PDU]"
"6517","29.000557103","192.168.1.55","192.168.1.2","TCP","1514","8004  >  49886 [ACK] Seq=123270 Ack=144 Win=65024 Len=1448 TSval=2916033081 TSecr=3045552853 [TCP segment of a reassembled PDU]"
"6518","29.000559437","192.168.1.55","192.168.1.2","TCP","1514","8004  >  49886 [ACK] Seq=124718 Ack=144 Win=65024 Len=1448 TSval=2916033081 TSecr=3045552853 [TCP segment of a reassembled PDU]"
"6519","29.000562251","192.168.1.55","192.168.1.2","TCP","1514","8004  >  49886 [ACK] Seq=126166 Ack=144 Win=65024 Len=1448 TSval=2916033081 TSecr=3045552853 [TCP segment of a reassembled PDU]"
"6520","29.000564677","192.168.1.55","192.168.1.2","TCP","1514","8004  >  49886 [ACK] Seq=127614 Ack=144 Win=65024 Len=1448 TSval=2916033081 TSecr=3045552853 [TCP segment of a reassembled PDU]"
"6521","29.000566270","192.168.1.55","192.168.1.2","TCP","1514","8004  >  49886 [ACK] Seq=129062 Ack=144 Win=65024 Len=1448 TSval=2916033081 TSecr=3045552853 [TCP segment of a reassembled PDU]"
"6522","29.000568196","192.168.1.55","192.168.1.2","TCP","1514","8004  >  49886 [ACK] Seq=130510 Ack=144 Win=65024 Len=1448 TSval=2916033081 TSecr=3045552853 [TCP segment of a reassembled PDU]"
"6523","29.000569863","192.168.1.55","192.168.1.2","TCP","1514","8004  >  49886 [ACK] Seq=131958 Ack=144 Win=65024 Len=1448 TSval=2916033081 TSecr=3045552853 [TCP segment of a reassembled PDU]"
"6524","29.000572048","192.168.1.55","192.168.1.2","TCP","1514","8004  >  49886 [ACK] Seq=133406 Ack=144 Win=65024 Len=1448 TSval=2916033081 TSecr=3045552853 [TCP segment of a reassembled PDU]"
"6525","29.000574159","192.168.1.55","192.168.1.2","TCP","1514","8004  >  49886 [ACK] Seq=134854 Ack=144 Win=65024 Len=1448 TSval=2916033081 TSecr=3045552853 [TCP segment of a reassembled PDU]"
"6526","29.000578603","192.168.1.55","192.168.1.2","TCP","1514","8004  >  49886 [ACK] Seq=136302 Ack=144 Win=65024 Len=1448 TSval=2916033081 TSecr=3045552853 [TCP segment of a reassembled PDU]"
"6527","29.000580807","192.168.1.55","192.168.1.2","TCP","1514","8004  >  49886 [ACK] Seq=137750 Ack=144 Win=65024 Len=1448 TSval=2916033081 TSecr=3045552853 [TCP segment of a reassembled PDU]"
"6528","29.000583029","192.168.1.55","192.168.1.2","TCP","1514","8004  >  49886 [ACK] Seq=139198 Ack=144 Win=65024 Len=1448 TSval=2916033081 TSecr=3045552853 [TCP segment of a reassembled PDU]"
"6529","29.000584826","192.168.1.55","192.168.1.2","TCP","1010","8004  >  49886 [PSH, ACK] Seq=140646 Ack=144 Win=65024 Len=944 TSval=2916033081 TSecr=3045552853 [TCP segment of a reassembled PDU]"
"6530","29.000657529","192.168.1.55","192.168.1.2","TCP","1514","8004  >  49886 [ACK] Seq=141590 Ack=144 Win=65024 Len=1448 TSval=2916033081 TSecr=3045552854 [TCP segment of a reassembled PDU]"
"6531","29.000667992","192.168.1.55","192.168.1.2","TCP","570","8004  >  49886 [ACK] Seq=143038 Ack=144 Win=65024 Len=504 TSval=2916033081 TSecr=3045552854 [TCP segment of a reassembled PDU]"
"6532","29.000719437","192.168.1.55","192.168.1.2","TCP","1514","8004  >  49886 [ACK] Seq=143542 Ack=144 Win=65024 Len=1448 TSval=2916033081 TSecr=3045552854 [TCP segment of a reassembled PDU]"
"6533","29.000722659","192.168.1.55","192.168.1.2","TCP","1514","8004  >  49886 [ACK] Seq=144990 Ack=144 Win=65024 Len=1448 TSval=2916033081 TSecr=3045552854 [TCP segment of a reassembled PDU]"
"6534","29.000724604","192.168.1.55","192.168.1.2","TCP","1514","8004  >  49886 [ACK] Seq=146438 Ack=144 Win=65024 Len=1448 TSval=2916033081 TSecr=3045552854 [TCP segment of a reassembled PDU]"
"6535","29.000726307","192.168.1.55","192.168.1.2","TCP","1514","8004  >  49886 [ACK] Seq=147886 Ack=144 Win=65024 Len=1448 TSval=2916033081 TSecr=3045552854 [TCP segment of a reassembled PDU]"
"6536","29.000728289","192.168.1.55","192.168.1.2","TCP","1514","8004  >  49886 [ACK] Seq=149334 Ack=144 Win=65024 Len=1448 TSval=2916033081 TSecr=3045552854 [TCP segment of a reassembled PDU]"
"6537","29.000729844","192.168.1.55","192.168.1.2","TCP","1514","8004  >  49886 [ACK] Seq=150782 Ack=144 Win=65024 Len=1448 TSval=2916033081 TSecr=3045552854 [TCP segment of a reassembled PDU]"
"6538","29.000731548","192.168.1.55","192.168.1.2","TCP","1514","8004  >  49886 [ACK] Seq=152230 Ack=144 Win=65024 Len=1448 TSval=2916033081 TSecr=3045552854 [TCP segment of a reassembled PDU]"
"6539","29.000733270","192.168.1.55","192.168.1.2","TCP","1514","8004  >  49886 [ACK] Seq=153678 Ack=144 Win=65024 Len=1448 TSval=2916033081 TSecr=3045552854 [TCP segment of a reassembled PDU]"
"6540","29.000735641","192.168.1.55","192.168.1.2","TCP","1514","8004  >  49886 [ACK] Seq=155126 Ack=144 Win=65024 Len=1448 TSval=2916033081 TSecr=3045552854 [TCP segment of a reassembled PDU]"
"6541","29.000737511","192.168.1.55","192.168.1.2","TCP","1514","8004  >  49886 [ACK] Seq=156574 Ack=144 Win=65024 Len=1448 TSval=2916033081 TSecr=3045552854 [TCP segment of a reassembled PDU]"
"6542","29.000739789","192.168.1.55","192.168.1.2","TCP","1514","8004  >  49886 [PSH, ACK] Seq=158022 Ack=144 Win=65024 Len=1448 TSval=2916033081 TSecr=3045552854 [TCP segment of a reassembled PDU]"
"6543","29.006761650","192.168.1.2","192.168.1.55","TCP","66","49886  >  8004 [ACK] Seq=144 Ack=105894 Win=63488 Len=0 TSval=3045552860 TSecr=2916033080"
"6544","29.006843261","192.168.1.55","192.168.1.2","TCP","1514","8004  >  49886 [ACK] Seq=159470 Ack=144 Win=65024 Len=1448 TSval=2916033087 TSecr=3045552860 [TCP segment of a reassembled PDU]"
"6545","29.006850206","192.168.1.55","192.168.1.2","TCP","1514","8004  >  49886 [ACK] Seq=160918 Ack=144 Win=65024 Len=1448 TSval=2916033087 TSecr=3045552860 [TCP segment of a reassembled PDU]"
"6546","29.006851539","192.168.1.55","192.168.1.2","TCP","1514","8004  >  49886 [ACK] Seq=162366 Ack=144 Win=65024 Len=1448 TSval=2916033087 TSecr=3045552860 [TCP segment of a reassembled PDU]"
"6547","29.006853280","192.168.1.55","192.168.1.2","TCP","1514","8004  >  49886 [ACK] Seq=163814 Ack=144 Win=65024 Len=1448 TSval=2916033087 TSecr=3045552860 [TCP segment of a reassembled PDU]"
"6548","29.006854687","192.168.1.55","192.168.1.2","TCP","1514","8004  >  49886 [ACK] Seq=165262 Ack=144 Win=65024 Len=1448 TSval=2916033087 TSecr=3045552860 [TCP segment of a reassembled PDU]"
"6549","29.006855687","192.168.1.55","192.168.1.2","TCP","1514","8004  >  49886 [PSH, ACK] Seq=166710 Ack=144 Win=65024 Len=1448 TSval=2916033087 TSecr=3045552860 [TCP segment of a reassembled PDU]"
"6550","29.006936669","192.168.1.2","192.168.1.55","TCP","66","49886  >  8004 [ACK] Seq=144 Ack=141590 Win=75776 Len=0 TSval=3045552860 TSecr=2916033080"
"6551","29.006966521","192.168.1.55","192.168.1.2","TCP","1514","8004  >  49886 [ACK] Seq=168158 Ack=144 Win=65024 Len=1448 TSval=2916033087 TSecr=3045552860 [TCP segment of a reassembled PDU]"
"6552","29.006968650","192.168.1.55","192.168.1.2","TCP","1514","8004  >  49886 [ACK] Seq=169606 Ack=144 Win=65024 Len=1448 TSval=2916033087 TSecr=3045552860 [TCP segment of a reassembled PDU]"
"6553","29.006970298","192.168.1.55","192.168.1.2","TCP","1514","8004  >  49886 [ACK] Seq=171054 Ack=144 Win=65024 Len=1448 TSval=2916033087 TSecr=3045552860 [TCP segment of a reassembled PDU]"
"6554","29.006971669","192.168.1.55","192.168.1.2","TCP","1514","8004  >  49886 [ACK] Seq=172502 Ack=144 Win=65024 Len=1448 TSval=2916033087 TSecr=3045552860 [TCP segment of a reassembled PDU]"
"6555","29.006973243","192.168.1.55","192.168.1.2","TCP","1514","8004  >  49886 [ACK] Seq=173950 Ack=144 Win=65024 Len=1448 TSval=2916033087 TSecr=3045552860 [TCP segment of a reassembled PDU]"
"6556","29.006974632","192.168.1.55","192.168.1.2","TCP","1514","8004  >  49886 [PSH, ACK] Seq=175398 Ack=144 Win=65024 Len=1448 TSval=2916033087 TSecr=3045552860 [TCP segment of a reassembled PDU]"
"6557","29.007014373","192.168.1.55","192.168.1.2","TCP","1514","8004  >  49886 [ACK] Seq=176846 Ack=144 Win=65024 Len=1448 TSval=2916033087 TSecr=3045552860 [TCP segment of a reassembled PDU]"
"6558","29.007016965","192.168.1.55","192.168.1.2","TCP","1514","8004  >  49886 [ACK] Seq=178294 Ack=144 Win=65024 Len=1448 TSval=2916033087 TSecr=3045552860 [TCP segment of a reassembled PDU]"
"6559","29.007018299","192.168.1.55","192.168.1.2","TCP","1514","8004  >  49886 [ACK] Seq=179742 Ack=144 Win=65024 Len=1448 TSval=2916033087 TSecr=3045552860 [TCP segment of a reassembled PDU]"
"6560","29.007019799","192.168.1.55","192.168.1.2","TCP","1514","8004  >  49886 [ACK] Seq=181190 Ack=144 Win=65024 Len=1448 TSval=2916033087 TSecr=3045552860 [TCP segment of a reassembled PDU]"
"6561","29.007021113","192.168.1.55","192.168.1.2","TCP","1514","8004  >  49886 [ACK] Seq=182638 Ack=144 Win=65024 Len=1448 TSval=2916033087 TSecr=3045552860 [TCP segment of a reassembled PDU]"
"6562","29.007022224","192.168.1.55","192.168.1.2","TCP","1514","8004  >  49886 [ACK] Seq=184086 Ack=144 Win=65024 Len=1448 TSval=2916033087 TSecr=3045552860 [TCP segment of a reassembled PDU]"
"6563","29.007023428","192.168.1.55","192.168.1.2","TCP","1514","8004  >  49886 [ACK] Seq=185534 Ack=144 Win=65024 Len=1448 TSval=2916033087 TSecr=3045552860 [TCP segment of a reassembled PDU]"
"6564","29.007024576","192.168.1.55","192.168.1.2","TCP","1514","8004  >  49886 [ACK] Seq=186982 Ack=144 Win=65024 Len=1448 TSval=2916033087 TSecr=3045552860 [TCP segment of a reassembled PDU]"
"6565","29.007025928","192.168.1.55","192.168.1.2","TCP","1514","8004  >  49886 [ACK] Seq=188430 Ack=144 Win=65024 Len=1448 TSval=2916033087 TSecr=3045552860 [TCP segment of a reassembled PDU]"
"6566","29.007028336","192.168.1.55","192.168.1.2","TCP","1514","8004  >  49886 [ACK] Seq=189878 Ack=144 Win=65024 Len=1448 TSval=2916033087 TSecr=3045552860 [TCP segment of a reassembled PDU]"
"6567","29.007029965","192.168.1.55","192.168.1.2","TCP","1514","8004  >  49886 [ACK] Seq=191326 Ack=144 Win=65024 Len=1448 TSval=2916033087 TSecr=3045552860 [TCP segment of a reassembled PDU]"
"6568","29.007031150","192.168.1.55","192.168.1.2","TCP","1514","8004  >  49886 [ACK] Seq=192774 Ack=144 Win=65024 Len=1448 TSval=2916033087 TSecr=3045552860 [TCP segment of a reassembled PDU]"
"6569","29.007032336","192.168.1.55","192.168.1.2","TCP","1514","8004  >  49886 [ACK] Seq=194222 Ack=144 Win=65024 Len=1448 TSval=2916033087 TSecr=3045552860 [TCP segment of a reassembled PDU]"
"6570","29.007033687","192.168.1.55","192.168.1.2","TCP","1514","8004  >  49886 [ACK] Seq=195670 Ack=144 Win=65024 Len=1448 TSval=2916033087 TSecr=3045552860 [TCP segment of a reassembled PDU]"
"6571","29.007034854","192.168.1.55","192.168.1.2","TCP","1514","8004  >  49886 [ACK] Seq=197118 Ack=144 Win=65024 Len=1448 TSval=2916033087 TSecr=3045552860 [TCP segment of a reassembled PDU]"
"6572","29.007036132","192.168.1.55","192.168.1.2","TCP","1514","8004  >  49886 [ACK] Seq=198566 Ack=144 Win=65024 Len=1448 TSval=2916033087 TSecr=3045552860 [TCP segment of a reassembled PDU]"
"6573","29.007037391","192.168.1.55","192.168.1.2","TCP","1514","8004  >  49886 [ACK] Seq=200014 Ack=144 Win=65024 Len=1448 TSval=2916033087 TSecr=3045552860 [TCP segment of a reassembled PDU]"
"6574","29.007038965","192.168.1.55","192.168.1.2","TCP","1514","8004  >  49886 [ACK] Seq=201462 Ack=144 Win=65024 Len=1448 TSval=2916033087 TSecr=3045552860 [TCP segment of a reassembled PDU]"
"6575","29.007040206","192.168.1.55","192.168.1.2","TCP","1514","8004  >  49886 [ACK] Seq=202910 Ack=144 Win=65024 Len=1448 TSval=2916033087 TSecr=3045552860 [TCP segment of a reassembled PDU]"
"6576","29.007041687","192.168.1.55","192.168.1.2","TCP","1514","8004  >  49886 [ACK] Seq=204358 Ack=144 Win=65024 Len=1448 TSval=2916033087 TSecr=3045552860 [TCP segment of a reassembled PDU]"
"6577","29.007042873","192.168.1.55","192.168.1.2","TCP","1514","8004  >  49886 [ACK] Seq=205806 Ack=144 Win=65024 Len=1448 TSval=2916033087 TSecr=3045552860 [TCP segment of a reassembled PDU]"
"6578","29.007043891","192.168.1.55","192.168.1.2","TCP","1514","8004  >  49886 [ACK] Seq=207254 Ack=144 Win=65024 Len=1448 TSval=2916033087 TSecr=3045552860 [TCP segment of a reassembled PDU]"
"6579","29.007045132","192.168.1.55","192.168.1.2","TCP","1514","8004  >  49886 [PSH, ACK] Seq=208702 Ack=144 Win=65024 Len=1448 TSval=2916033087 TSecr=3045552860 [TCP segment of a reassembled PDU]"
"6580","29.007050687","192.168.1.2","192.168.1.55","TCP","66","49886  >  8004 [ACK] Seq=144 Ack=143542 Win=79872 Len=0 TSval=3045552860 TSecr=2916033081"
"6581","29.007059002","192.168.1.2","192.168.1.55","TCP","66","49886  >  8004 [ACK] Seq=144 Ack=156574 Win=86016 Len=0 TSval=3045552860 TSecr=2916033081"
"6582","29.007111891","192.168.1.55","192.168.1.2","TCP","1514","8004  >  49886 [ACK] Seq=210150 Ack=144 Win=65024 Len=1448 TSval=2916033087 TSecr=3045552860 [TCP segment of a reassembled PDU]"
"6583","29.007113632","192.168.1.55","192.168.1.2","TCP","1514","8004  >  49886 [ACK] Seq=211598 Ack=144 Win=65024 Len=1448 TSval=2916033087 TSecr=3045552860 [TCP segment of a reassembled PDU]"
"6584","29.007114947","192.168.1.55","192.168.1.2","TCP","1514","8004  >  49886 [ACK] Seq=213046 Ack=144 Win=65024 Len=1448 TSval=2916033087 TSecr=3045552860 [TCP segment of a reassembled PDU]"
"6585","29.007116743","192.168.1.55","192.168.1.2","TCP","1514","8004  >  49886 [ACK] Seq=214494 Ack=144 Win=65024 Len=1448 TSval=2916033087 TSecr=3045552860 [TCP segment of a reassembled PDU]"
"6586","29.007118039","192.168.1.55","192.168.1.2","TCP","1514","8004  >  49886 [ACK] Seq=215942 Ack=144 Win=65024 Len=1448 TSval=2916033087 TSecr=3045552860 [TCP segment of a reassembled PDU]"
"6587","29.007119669","192.168.1.55","192.168.1.2","TCP","1514","8004  >  49886 [ACK] Seq=217390 Ack=144 Win=65024 Len=1448 TSval=2916033087 TSecr=3045552860 [TCP segment of a reassembled PDU]"
"6588","29.007120965","192.168.1.55","192.168.1.2","TCP","1514","8004  >  49886 [ACK] Seq=218838 Ack=144 Win=65024 Len=1448 TSval=2916033087 TSecr=3045552860 [TCP segment of a reassembled PDU]"
"6589","29.007121891","192.168.1.55","192.168.1.2","TCP","1514","8004  >  49886 [ACK] Seq=220286 Ack=144 Win=65024 Len=1448 TSval=2916033087 TSecr=3045552860 [TCP segment of a reassembled PDU]"
"6590","29.007122873","192.168.1.55","192.168.1.2","TCP","1514","8004  >  49886 [ACK] Seq=221734 Ack=144 Win=65024 Len=1448 TSval=2916033087 TSecr=3045552860 [TCP segment of a reassembled PDU]"
"6591","29.007124151","192.168.1.55","192.168.1.2","TCP","1514","8004  >  49886 [ACK] Seq=223182 Ack=144 Win=65024 Len=1448 TSval=2916033087 TSecr=3045552860 [TCP segment of a reassembled PDU]"
"6592","29.007125651","192.168.1.55","192.168.1.2","TCP","1514","8004  >  49886 [ACK] Seq=224630 Ack=144 Win=65024 Len=1448 TSval=2916033087 TSecr=3045552860 [TCP segment of a reassembled PDU]"
"6593","29.007127743","192.168.1.55","192.168.1.2","TCP","1514","8004  >  49886 [ACK] Seq=226078 Ack=144 Win=65024 Len=1448 TSval=2916033087 TSecr=3045552860 [TCP segment of a reassembled PDU]"
"6594","29.007129262","192.168.1.55","192.168.1.2","TCP","1514","8004  >  49886 [ACK] Seq=227526 Ack=144 Win=65024 Len=1448 TSval=2916033087 TSecr=3045552860 [TCP segment of a reassembled PDU]"
"6595","29.007130762","192.168.1.55","192.168.1.2","TCP","1514","8004  >  49886 [ACK] Seq=228974 Ack=144 Win=65024 Len=1448 TSval=2916033087 TSecr=3045552860 [TCP segment of a reassembled PDU]"
"6596","29.007131910","192.168.1.55","192.168.1.2","TCP","1514","8004  >  49886 [ACK] Seq=230422 Ack=144 Win=65024 Len=1448 TSval=2916033087 TSecr=3045552860 [TCP segment of a reassembled PDU]"
"6597","29.007133021","192.168.1.55","192.168.1.2","TCP","1514","8004  >  49886 [ACK] Seq=231870 Ack=144 Win=65024 Len=1448 TSval=2916033087 TSecr=3045552860 [TCP segment of a reassembled PDU]"
"6598","29.007134632","192.168.1.55","192.168.1.2","TCP","1514","8004  >  49886 [ACK] Seq=233318 Ack=144 Win=65024 Len=1448 TSval=2916033087 TSecr=3045552860 [TCP segment of a reassembled PDU]"
"6599","29.007136169","192.168.1.55","192.168.1.2","TCP","1514","8004  >  49886 [ACK] Seq=234766 Ack=144 Win=65024 Len=1448 TSval=2916033087 TSecr=3045552860 [TCP segment of a reassembled PDU]"
"6600","29.007138039","192.168.1.55","192.168.1.2","TCP","1514","8004  >  49886 [ACK] Seq=236214 Ack=144 Win=65024 Len=1448 TSval=2916033087 TSecr=3045552860 [TCP segment of a reassembled PDU]"
"6601","29.007140521","192.168.1.55","192.168.1.2","TCP","1514","8004  >  49886 [ACK] Seq=237662 Ack=144 Win=65024 Len=1448 TSval=2916033087 TSecr=3045552860 [TCP segment of a reassembled PDU]"
"6602","29.007141484","192.168.1.55","192.168.1.2","TCP","1514","8004  >  49886 [ACK] Seq=239110 Ack=144 Win=65024 Len=1448 TSval=2916033087 TSecr=3045552860 [TCP segment of a reassembled PDU]"
"6603","29.007143058","192.168.1.55","192.168.1.2","TCP","1514","8004  >  49886 [ACK] Seq=240558 Ack=144 Win=65024 Len=1448 TSval=2916033087 TSecr=3045552860 [TCP segment of a reassembled PDU]"
"6604","29.007144910","192.168.1.55","192.168.1.2","TCP","650","[TCP Window Full] 8004  >  49886 [PSH, ACK] Seq=242006 Ack=144 Win=65024 Len=584 TSval=2916033087 TSecr=3045552860 [TCP segment of a reassembled PDU]"
"6605","29.007149965","192.168.1.2","192.168.1.55","TCP","66","49886  >  8004 [ACK] Seq=144 Ack=159470 Win=92160 Len=0 TSval=3045552861 TSecr=2916033081"
"6606","29.008365801","192.168.1.55","192.168.1.2","TCP","930","8004  >  49886 [ACK] Seq=242590 Ack=144 Win=65024 Len=864 TSval=2916033089 TSecr=3045552861 [TCP segment of a reassembled PDU]"
"6607","29.008387930","192.168.1.55","192.168.1.2","TCP","1514","8004  >  49886 [ACK] Seq=243454 Ack=144 Win=65024 Len=1448 TSval=2916033089 TSecr=3045552861 [TCP segment of a reassembled PDU]"
"6608","29.008389004","192.168.1.55","192.168.1.2","TCP","1514","8004  >  49886 [ACK] Seq=244902 Ack=144 Win=65024 Len=1448 TSval=2916033089 TSecr=3045552861 [TCP segment of a reassembled PDU]"
"6609","29.008389912","192.168.1.55","192.168.1.2","TCP","1514","8004  >  49886 [ACK] Seq=246350 Ack=144 Win=65024 Len=1448 TSval=2916033089 TSecr=3045552861 [TCP segment of a reassembled PDU]"
"6610","29.008390856","192.168.1.55","192.168.1.2","TCP","1514","8004  >  49886 [ACK] Seq=247798 Ack=144 Win=65024 Len=1448 TSval=2916033089 TSecr=3045552861 [TCP segment of a reassembled PDU]"
"6611","29.008391764","192.168.1.55","192.168.1.2","TCP","1514","8004  >  49886 [PSH, ACK] Seq=249246 Ack=144 Win=65024 Len=1448 TSval=2916033089 TSecr=3045552861 [TCP segment of a reassembled PDU]"
"6613","29.014218513","192.168.1.2","192.168.1.55","TCP","66","49886  >  8004 [ACK] Seq=144 Ack=168158 Win=109568 Len=0 TSval=3045552868 TSecr=2916033087"
"6614","29.014246606","192.168.1.55","192.168.1.2","TCP","1514","8004  >  49886 [ACK] Seq=250694 Ack=144 Win=65024 Len=1448 TSval=2916033094 TSecr=3045552868 [TCP segment of a reassembled PDU]"
"6615","29.014249032","192.168.1.55","192.168.1.2","TCP","1514","8004  >  49886 [ACK] Seq=252142 Ack=144 Win=65024 Len=1448 TSval=2916033094 TSecr=3045552868 [TCP segment of a reassembled PDU]"
"6616","29.014250680","192.168.1.55","192.168.1.2","TCP","1514","8004  >  49886 [ACK] Seq=253590 Ack=144 Win=65024 Len=1448 TSval=2916033094 TSecr=3045552868 [TCP segment of a reassembled PDU]"
"6617","29.014251921","192.168.1.55","192.168.1.2","TCP","1514","8004  >  49886 [ACK] Seq=255038 Ack=144 Win=65024 Len=1448 TSval=2916033094 TSecr=3045552868 [TCP segment of a reassembled PDU]"
"6618","29.014253106","192.168.1.55","192.168.1.2","TCP","1514","8004  >  49886 [ACK] Seq=256486 Ack=144 Win=65024 Len=1448 TSval=2916033094 TSecr=3045552868 [TCP segment of a reassembled PDU]"
"6619","29.014254347","192.168.1.55","192.168.1.2","TCP","1514","8004  >  49886 [ACK] Seq=257934 Ack=144 Win=65024 Len=1448 TSval=2916033094 TSecr=3045552868 [TCP segment of a reassembled PDU]"
"6620","29.014255532","192.168.1.55","192.168.1.2","TCP","1514","8004  >  49886 [ACK] Seq=259382 Ack=144 Win=65024 Len=1448 TSval=2916033094 TSecr=3045552868 [TCP segment of a reassembled PDU]"
"6621","29.014256884","192.168.1.55","192.168.1.2","TCP","1514","8004  >  49886 [ACK] Seq=260830 Ack=144 Win=65024 Len=1448 TSval=2916033094 TSecr=3045552868 [TCP segment of a reassembled PDU]"
"6622","29.014258162","192.168.1.55","192.168.1.2","TCP","1514","8004  >  49886 [ACK] Seq=262278 Ack=144 Win=65024 Len=1448 TSval=2916033094 TSecr=3045552868 [TCP segment of a reassembled PDU]"
"6623","29.014259236","192.168.1.55","192.168.1.2","TCP","1514","8004  >  49886 [ACK] Seq=263726 Ack=144 Win=65024 Len=1448 TSval=2916033094 TSecr=3045552868 [TCP segment of a reassembled PDU]"
"6624","29.014260439","192.168.1.55","192.168.1.2","TCP","1514","8004  >  49886 [ACK] Seq=265174 Ack=144 Win=65024 Len=1448 TSval=2916033094 TSecr=3045552868 [TCP segment of a reassembled PDU]"
"6625","29.014261662","192.168.1.55","192.168.1.2","TCP","1514","8004  >  49886 [ACK] Seq=266622 Ack=144 Win=65024 Len=1448 TSval=2916033094 TSecr=3045552868 [TCP segment of a reassembled PDU]"
"6626","29.014262791","192.168.1.55","192.168.1.2","TCP","1514","8004  >  49886 [ACK] Seq=268070 Ack=144 Win=65024 Len=1448 TSval=2916033094 TSecr=3045552868 [TCP segment of a reassembled PDU]"
"6627","29.014263939","192.168.1.55","192.168.1.2","TCP","1514","8004  >  49886 [ACK] Seq=269518 Ack=144 Win=65024 Len=1448 TSval=2916033094 TSecr=3045552868 [TCP segment of a reassembled PDU]"
"6628","29.014265402","192.168.1.55","192.168.1.2","TCP","1514","8004  >  49886 [ACK] Seq=270966 Ack=144 Win=65024 Len=1448 TSval=2916033094 TSecr=3045552868 [TCP segment of a reassembled PDU]"
"6629","29.014266606","192.168.1.55","192.168.1.2","TCP","1514","8004  >  49886 [ACK] Seq=272414 Ack=144 Win=65024 Len=1448 TSval=2916033094 TSecr=3045552868 [TCP segment of a reassembled PDU]"
"6630","29.014267773","192.168.1.55","192.168.1.2","TCP","1514","8004  >  49886 [ACK] Seq=273862 Ack=144 Win=65024 Len=1448 TSval=2916033094 TSecr=3045552868 [TCP segment of a reassembled PDU]"
"6631","29.014268847","192.168.1.55","192.168.1.2","TCP","1514","8004  >  49886 [PSH, ACK] Seq=275310 Ack=144 Win=65024 Len=1448 TSval=2916033094 TSecr=3045552868 [TCP segment of a reassembled PDU]"
"6632","29.015022867","192.168.1.2","192.168.1.55","TCP","66","49886  >  8004 [ACK] Seq=144 Ack=176846 Win=108544 Len=0 TSval=3045552868 TSecr=2916033087"
"6633","29.015030052","192.168.1.2","192.168.1.55","TCP","66","49886  >  8004 [ACK] Seq=144 Ack=210150 Win=98304 Len=0 TSval=3045552868 TSecr=2916033087"
"6634","29.015034996","192.168.1.2","192.168.1.55","TCP","66","49886  >  8004 [ACK] Seq=144 Ack=233318 Win=81920 Len=0 TSval=3045552868 TSecr=2916033087"
"6635","29.015057311","192.168.1.55","192.168.1.2","TCP","1514","8004  >  49886 [ACK] Seq=276758 Ack=144 Win=65024 Len=1448 TSval=2916033095 TSecr=3045552868 [TCP segment of a reassembled PDU]"
"6636","29.015058959","192.168.1.55","192.168.1.2","TCP","1514","8004  >  49886 [ACK] Seq=278206 Ack=144 Win=65024 Len=1448 TSval=2916033095 TSecr=3045552868 [TCP segment of a reassembled PDU]"
"6637","29.015060107","192.168.1.55","192.168.1.2","TCP","1514","8004  >  49886 [ACK] Seq=279654 Ack=144 Win=65024 Len=1448 TSval=2916033095 TSecr=3045552868 [TCP segment of a reassembled PDU]"
"6638","29.015061256","192.168.1.55","192.168.1.2","TCP","1514","8004  >  49886 [ACK] Seq=281102 Ack=144 Win=65024 Len=1448 TSval=2916033095 TSecr=3045552868 [TCP segment of a reassembled PDU]"
"6639","29.015062385","192.168.1.55","192.168.1.2","TCP","1514","8004  >  49886 [ACK] Seq=282550 Ack=144 Win=65024 Len=1448 TSval=2916033095 TSecr=3045552868 [TCP segment of a reassembled PDU]"
"6640","29.015063663","192.168.1.55","192.168.1.2","TCP","1514","8004  >  49886 [ACK] Seq=283998 Ack=144 Win=65024 Len=1448 TSval=2916033095 TSecr=3045552868 [TCP segment of a reassembled PDU]"
"6641","29.015064737","192.168.1.55","192.168.1.2","TCP","1514","8004  >  49886 [ACK] Seq=285446 Ack=144 Win=65024 Len=1448 TSval=2916033095 TSecr=3045552868 [TCP segment of a reassembled PDU]"
"6642","29.015065793","192.168.1.55","192.168.1.2","TCP","1514","8004  >  49886 [ACK] Seq=286894 Ack=144 Win=65024 Len=1448 TSval=2916033095 TSecr=3045552868 [TCP segment of a reassembled PDU]"
"6643","29.015066959","192.168.1.55","192.168.1.2","TCP","1514","8004  >  49886 [ACK] Seq=288342 Ack=144 Win=65024 Len=1448 TSval=2916033095 TSecr=3045552868 [TCP segment of a reassembled PDU]"
"6644","29.015068033","192.168.1.55","192.168.1.2","TCP","1514","8004  >  49886 [ACK] Seq=289790 Ack=144 Win=65024 Len=1448 TSval=2916033095 TSecr=3045552868 [TCP segment of a reassembled PDU]"
"6645","29.015069089","192.168.1.55","192.168.1.2","TCP","1514","8004  >  49886 [ACK] Seq=291238 Ack=144 Win=65024 Len=1448 TSval=2916033095 TSecr=3045552868 [TCP segment of a reassembled PDU]"
"6646","29.015070163","192.168.1.55","192.168.1.2","TCP","1514","8004  >  49886 [ACK] Seq=292686 Ack=144 Win=65024 Len=1448 TSval=2916033095 TSecr=3045552868 [TCP segment of a reassembled PDU]"
"6647","29.015071274","192.168.1.55","192.168.1.2","TCP","1514","8004  >  49886 [ACK] Seq=294134 Ack=144 Win=65024 Len=1448 TSval=2916033095 TSecr=3045552868 [TCP segment of a reassembled PDU]"
"6648","29.015072422","192.168.1.55","192.168.1.2","TCP","1514","8004  >  49886 [ACK] Seq=295582 Ack=144 Win=65024 Len=1448 TSval=2916033095 TSecr=3045552868 [TCP segment of a reassembled PDU]"
"6649","29.015073533","192.168.1.55","192.168.1.2","TCP","1514","8004  >  49886 [ACK] Seq=297030 Ack=144 Win=65024 Len=1448 TSval=2916033095 TSecr=3045552868 [TCP segment of a reassembled PDU]"
"6650","29.015074681","192.168.1.55","192.168.1.2","TCP","1514","8004  >  49886 [ACK] Seq=298478 Ack=144 Win=65024 Len=1448 TSval=2916033095 TSecr=3045552868 [TCP segment of a reassembled PDU]"
"6651","29.015075830","192.168.1.55","192.168.1.2","TCP","1514","8004  >  49886 [ACK] Seq=299926 Ack=144 Win=65024 Len=1448 TSval=2916033095 TSecr=3045552868 [TCP segment of a reassembled PDU]"
"6652","29.015076978","192.168.1.55","192.168.1.2","TCP","1514","8004  >  49886 [ACK] Seq=301374 Ack=144 Win=65024 Len=1448 TSval=2916033095 TSecr=3045552868 [TCP segment of a reassembled PDU]"
"6653","29.015078144","192.168.1.55","192.168.1.2","TCP","1514","8004  >  49886 [ACK] Seq=302822 Ack=144 Win=65024 Len=1448 TSval=2916033095 TSecr=3045552868 [TCP segment of a reassembled PDU]"
"6654","29.015079293","192.168.1.55","192.168.1.2","TCP","1514","8004  >  49886 [ACK] Seq=304270 Ack=144 Win=65024 Len=1448 TSval=2916033095 TSecr=3045552868 [TCP segment of a reassembled PDU]"
"6655","29.015080459","192.168.1.55","192.168.1.2","TCP","1514","8004  >  49886 [ACK] Seq=305718 Ack=144 Win=65024 Len=1448 TSval=2916033095 TSecr=3045552868 [TCP segment of a reassembled PDU]"
"6656","29.015081793","192.168.1.55","192.168.1.2","TCP","1514","8004  >  49886 [ACK] Seq=307166 Ack=144 Win=65024 Len=1448 TSval=2916033095 TSecr=3045552868 [TCP segment of a reassembled PDU]"
"6657","29.015082848","192.168.1.55","192.168.1.2","TCP","1514","8004  >  49886 [PSH, ACK] Seq=308614 Ack=144 Win=65024 Len=1448 TSval=2916033095 TSecr=3045552868 [TCP segment of a reassembled PDU]"
"6658","29.015086774","192.168.1.2","192.168.1.55","TCP","66","49886  >  8004 [ACK] Seq=144 Ack=237662 Win=117760 Len=0 TSval=3045552869 TSecr=2916033087"
"6659","29.015117922","192.168.1.55","192.168.1.2","TCP","1514","8004  >  49886 [ACK] Seq=310062 Ack=144 Win=65024 Len=1448 TSval=2916033095 TSecr=3045552869 [TCP segment of a reassembled PDU]"
"6660","29.015119719","192.168.1.55","192.168.1.2","TCP","1514","8004  >  49886 [ACK] Seq=311510 Ack=144 Win=65024 Len=1448 TSval=2916033095 TSecr=3045552869 [TCP segment of a reassembled PDU]"
"6661","29.015120830","192.168.1.55","192.168.1.2","TCP","1514","8004  >  49886 [ACK] Seq=312958 Ack=144 Win=65024 Len=1448 TSval=2916033095 TSecr=3045552869 [TCP segment of a reassembled PDU]"
"6662","29.015122163","192.168.1.55","192.168.1.2","TCP","1514","8004  >  49886 [ACK] Seq=314406 Ack=144 Win=65024 Len=1448 TSval=2916033095 TSecr=3045552869 [TCP segment of a reassembled PDU]"
"6663","29.015123330","192.168.1.55","192.168.1.2","TCP","1514","8004  >  49886 [ACK] Seq=315854 Ack=144 Win=65024 Len=1448 TSval=2916033095 TSecr=3045552869 [TCP segment of a reassembled PDU]"
"6664","29.015124996","192.168.1.55","192.168.1.2","TCP","1514","8004  >  49886 [ACK] Seq=317302 Ack=144 Win=65024 Len=1448 TSval=2916033095 TSecr=3045552869 [TCP segment of a reassembled PDU]"
"6665","29.015126182","192.168.1.55","192.168.1.2","TCP","1514","8004  >  49886 [ACK] Seq=318750 Ack=144 Win=65024 Len=1448 TSval=2916033095 TSecr=3045552869 [TCP segment of a reassembled PDU]"
"6666","29.015127293","192.168.1.55","192.168.1.2","TCP","1514","8004  >  49886 [ACK] Seq=320198 Ack=144 Win=65024 Len=1448 TSval=2916033095 TSecr=3045552869 [TCP segment of a reassembled PDU]"
"6667","29.015128570","192.168.1.55","192.168.1.2","TCP","1514","8004  >  49886 [ACK] Seq=321646 Ack=144 Win=65024 Len=1448 TSval=2916033095 TSecr=3045552869 [TCP segment of a reassembled PDU]"
"6668","29.015129737","192.168.1.55","192.168.1.2","TCP","1514","8004  >  49886 [ACK] Seq=323094 Ack=144 Win=65024 Len=1448 TSval=2916033095 TSecr=3045552869 [TCP segment of a reassembled PDU]"
"6669","29.015130941","192.168.1.55","192.168.1.2","TCP","1514","8004  >  49886 [ACK] Seq=324542 Ack=144 Win=65024 Len=1448 TSval=2916033095 TSecr=3045552869 [TCP segment of a reassembled PDU]"
"6670","29.015132070","192.168.1.55","192.168.1.2","TCP","1514","8004  >  49886 [ACK] Seq=325990 Ack=144 Win=65024 Len=1448 TSval=2916033095 TSecr=3045552869 [TCP segment of a reassembled PDU]"
"6671","29.015133293","192.168.1.55","192.168.1.2","TCP","1514","8004  >  49886 [ACK] Seq=327438 Ack=144 Win=65024 Len=1448 TSval=2916033095 TSecr=3045552869 [TCP segment of a reassembled PDU]"
"6672","29.015134478","192.168.1.55","192.168.1.2","TCP","1514","8004  >  49886 [ACK] Seq=328886 Ack=144 Win=65024 Len=1448 TSval=2916033095 TSecr=3045552869 [TCP segment of a reassembled PDU]"
"6673","29.015135645","192.168.1.55","192.168.1.2","TCP","1514","8004  >  49886 [ACK] Seq=330334 Ack=144 Win=65024 Len=1448 TSval=2916033095 TSecr=3045552869 [TCP segment of a reassembled PDU]"
"6674","29.015136719","192.168.1.55","192.168.1.2","TCP","1514","8004  >  49886 [ACK] Seq=331782 Ack=144 Win=65024 Len=1448 TSval=2916033095 TSecr=3045552869 [TCP segment of a reassembled PDU]"
"6675","29.015137848","192.168.1.55","192.168.1.2","TCP","1514","8004  >  49886 [ACK] Seq=333230 Ack=144 Win=65024 Len=1448 TSval=2916033095 TSecr=3045552869 [TCP segment of a reassembled PDU]"
"6676","29.015139533","192.168.1.55","192.168.1.2","TCP","1514","8004  >  49886 [ACK] Seq=334678 Ack=144 Win=65024 Len=1448 TSval=2916033095 TSecr=3045552869 [TCP segment of a reassembled PDU]"
"6677","29.015140811","192.168.1.55","192.168.1.2","TCP","1514","8004  >  49886 [ACK] Seq=336126 Ack=144 Win=65024 Len=1448 TSval=2916033095 TSecr=3045552869 [TCP segment of a reassembled PDU]"
"6678","29.015141978","192.168.1.55","192.168.1.2","TCP","1514","8004  >  49886 [ACK] Seq=337574 Ack=144 Win=65024 Len=1448 TSval=2916033095 TSecr=3045552869 [TCP segment of a reassembled PDU]"
"6679","29.015143163","192.168.1.55","192.168.1.2","TCP","1514","8004  >  49886 [ACK] Seq=339022 Ack=144 Win=65024 Len=1448 TSval=2916033095 TSecr=3045552869 [TCP segment of a reassembled PDU]"
"6680","29.015144293","192.168.1.55","192.168.1.2","TCP","1514","8004  >  49886 [ACK] Seq=340470 Ack=144 Win=65024 Len=1448 TSval=2916033095 TSecr=3045552869 [TCP segment of a reassembled PDU]"
"6681","29.015145385","192.168.1.55","192.168.1.2","TCP","1514","8004  >  49886 [PSH, ACK] Seq=341918 Ack=144 Win=65024 Len=1448 TSval=2916033095 TSecr=3045552869 [TCP segment of a reassembled PDU]"
"6682","29.015194311","192.168.1.2","192.168.1.55","TCP","66","49886  >  8004 [ACK] Seq=144 Ack=242590 Win=118784 Len=0 TSval=3045552869 TSecr=2916033087"
"6683","29.015201404","192.168.1.2","192.168.1.55","TCP","66","49886  >  8004 [ACK] Seq=144 Ack=250694 Win=111616 Len=0 TSval=3045552869 TSecr=2916033089"
"6684","29.015221052","192.168.1.55","192.168.1.2","TCP","1514","8004  >  49886 [ACK] Seq=343366 Ack=144 Win=65024 Len=1448 TSval=2916033095 TSecr=3045552869 [TCP segment of a reassembled PDU]"
"6685","29.015222737","192.168.1.55","192.168.1.2","TCP","1514","8004  >  49886 [ACK] Seq=344814 Ack=144 Win=65024 Len=1448 TSval=2916033095 TSecr=3045552869 [TCP segment of a reassembled PDU]"
"6686","29.015223904","192.168.1.55","192.168.1.2","TCP","1514","8004  >  49886 [ACK] Seq=346262 Ack=144 Win=65024 Len=1448 TSval=2916033095 TSecr=3045552869 [TCP segment of a reassembled PDU]"
"6687","29.015225182","192.168.1.55","192.168.1.2","TCP","1514","8004  >  49886 [ACK] Seq=347710 Ack=144 Win=65024 Len=1448 TSval=2916033095 TSecr=3045552869 [TCP segment of a reassembled PDU]"
"6688","29.015226237","192.168.1.55","192.168.1.2","TCP","1514","8004  >  49886 [ACK] Seq=349158 Ack=144 Win=65024 Len=1448 TSval=2916033095 TSecr=3045552869 [TCP segment of a reassembled PDU]"
"6689","29.015227422","192.168.1.55","192.168.1.2","TCP","1514","8004  >  49886 [ACK] Seq=350606 Ack=144 Win=65024 Len=1448 TSval=2916033095 TSecr=3045552869 [TCP segment of a reassembled PDU]"
"6690","29.015228441","192.168.1.55","192.168.1.2","TCP","1514","8004  >  49886 [ACK] Seq=352054 Ack=144 Win=65024 Len=1448 TSval=2916033095 TSecr=3045552869 [TCP segment of a reassembled PDU]"
"6691","29.015229515","192.168.1.55","192.168.1.2","TCP","1514","8004  >  49886 [ACK] Seq=353502 Ack=144 Win=65024 Len=1448 TSval=2916033095 TSecr=3045552869 [TCP segment of a reassembled PDU]"
"6692","29.015230663","192.168.1.55","192.168.1.2","TCP","1514","8004  >  49886 [ACK] Seq=354950 Ack=144 Win=65024 Len=1448 TSval=2916033095 TSecr=3045552869 [TCP segment of a reassembled PDU]"
"6693","29.015231719","192.168.1.55","192.168.1.2","TCP","1514","8004  >  49886 [ACK] Seq=356398 Ack=144 Win=65024 Len=1448 TSval=2916033095 TSecr=3045552869 [TCP segment of a reassembled PDU]"
"6694","29.015232885","192.168.1.55","192.168.1.2","TCP","1514","8004  >  49886 [ACK] Seq=357846 Ack=144 Win=65024 Len=1448 TSval=2916033095 TSecr=3045552869 [TCP segment of a reassembled PDU]"
"6695","29.015233959","192.168.1.55","192.168.1.2","TCP","1514","8004  >  49886 [ACK] Seq=359294 Ack=144 Win=65024 Len=1448 TSval=2916033095 TSecr=3045552869 [TCP segment of a reassembled PDU]"
"6696","29.015235089","192.168.1.55","192.168.1.2","TCP","1514","8004  >  49886 [ACK] Seq=360742 Ack=144 Win=65024 Len=1448 TSval=2916033095 TSecr=3045552869 [TCP segment of a reassembled PDU]"
"6697","29.015236237","192.168.1.55","192.168.1.2","TCP","186","[TCP Window Full] 8004  >  49886 [PSH, ACK] Seq=362190 Ack=144 Win=65024 Len=120 TSval=2916033095 TSecr=3045552869 [TCP segment of a reassembled PDU]"
"6698","29.025037401","192.168.1.2","192.168.1.55","TCP","66","49886  >  8004 [ACK] Seq=144 Ack=263726 Win=111616 Len=0 TSval=3045552872 TSecr=2916033094"
"6699","29.025069790","192.168.1.55","192.168.1.2","TCP","1514","8004  >  49886 [ACK] Seq=362310 Ack=144 Win=65024 Len=1448 TSval=2916033105 TSecr=3045552872 [TCP segment of a reassembled PDU]"
"6700","29.025073660","192.168.1.55","192.168.1.2","TCP","1514","8004  >  49886 [ACK] Seq=363758 Ack=144 Win=65024 Len=1448 TSval=2916033105 TSecr=3045552872 [TCP segment of a reassembled PDU]"
"6701","29.025074864","192.168.1.55","192.168.1.2","TCP","1514","8004  >  49886 [ACK] Seq=365206 Ack=144 Win=65024 Len=1448 TSval=2916033105 TSecr=3045552872 [TCP segment of a reassembled PDU]"
"6702","29.025076308","192.168.1.55","192.168.1.2","TCP","1514","8004  >  49886 [ACK] Seq=366654 Ack=144 Win=65024 Len=1448 TSval=2916033105 TSecr=3045552872 [TCP segment of a reassembled PDU]"
"6703","29.025078197","192.168.1.55","192.168.1.2","TCP","1514","8004  >  49886 [ACK] Seq=368102 Ack=144 Win=65024 Len=1448 TSval=2916033105 TSecr=3045552872 [TCP segment of a reassembled PDU]"
"6704","29.025080549","192.168.1.55","192.168.1.2","TCP","1514","8004  >  49886 [ACK] Seq=369550 Ack=144 Win=65024 Len=1448 TSval=2916033105 TSecr=3045552872 [TCP segment of a reassembled PDU]"
"6705","29.025081697","192.168.1.55","192.168.1.2","TCP","1514","8004  >  49886 [ACK] Seq=370998 Ack=144 Win=65024 Len=1448 TSval=2916033105 TSecr=3045552872 [TCP segment of a reassembled PDU]"
"6706","29.025083142","192.168.1.55","192.168.1.2","TCP","1514","8004  >  49886 [ACK] Seq=372446 Ack=144 Win=65024 Len=1448 TSval=2916033105 TSecr=3045552872 [TCP segment of a reassembled PDU]"
"6707","29.025085142","192.168.1.55","192.168.1.2","TCP","1514","[TCP Window Full] 8004  >  49886 [PSH, ACK] Seq=373894 Ack=144 Win=65024 Len=1448 TSval=2916033105 TSecr=3045552872 [TCP segment of a reassembled PDU]"
"6708","29.025178975","192.168.1.2","192.168.1.55","TCP","66","49886  >  8004 [ACK] Seq=144 Ack=276758 Win=144384 Len=0 TSval=3045552878 TSecr=2916033094"
"6709","29.025191327","192.168.1.55","192.168.1.2","TCP","1394","8004  >  49886 [PSH, ACK] Seq=375342 Ack=144 Win=65024 Len=1328 TSval=2916033105 TSecr=3045552878 [TCP segment of a reassembled PDU]"
"6710","29.025229753","192.168.1.55","192.168.1.2","TCP","1514","8004  >  49886 [ACK] Seq=376670 Ack=144 Win=65024 Len=1448 TSval=2916033105 TSecr=3045552878 [TCP segment of a reassembled PDU]"
"6711","29.025231623","192.168.1.55","192.168.1.2","TCP","1514","8004  >  49886 [ACK] Seq=378118 Ack=144 Win=65024 Len=1448 TSval=2916033105 TSecr=3045552878 [TCP segment of a reassembled PDU]"
"6712","29.025233068","192.168.1.55","192.168.1.2","TCP","1514","8004  >  49886 [ACK] Seq=379566 Ack=144 Win=65024 Len=1448 TSval=2916033105 TSecr=3045552878 [TCP segment of a reassembled PDU]"
"6713","29.025235345","192.168.1.55","192.168.1.2","TCP","1514","8004  >  49886 [ACK] Seq=381014 Ack=144 Win=65024 Len=1448 TSval=2916033105 TSecr=3045552878 [TCP segment of a reassembled PDU]"
"6714","29.025236901","192.168.1.55","192.168.1.2","TCP","1514","8004  >  49886 [ACK] Seq=382462 Ack=144 Win=65024 Len=1448 TSval=2916033105 TSecr=3045552878 [TCP segment of a reassembled PDU]"
"6715","29.025238364","192.168.1.55","192.168.1.2","TCP","1514","8004  >  49886 [ACK] Seq=383910 Ack=144 Win=65024 Len=1448 TSval=2916033105 TSecr=3045552878 [TCP segment of a reassembled PDU]"
"6716","29.025239827","192.168.1.55","192.168.1.2","TCP","1514","8004  >  49886 [ACK] Seq=385358 Ack=144 Win=65024 Len=1448 TSval=2916033105 TSecr=3045552878 [TCP segment of a reassembled PDU]"
"6717","29.025241771","192.168.1.55","192.168.1.2","TCP","1514","8004  >  49886 [ACK] Seq=386806 Ack=144 Win=65024 Len=1448 TSval=2916033105 TSecr=3045552878 [TCP segment of a reassembled PDU]"
"6718","29.025243475","192.168.1.55","192.168.1.2","TCP","1514","8004  >  49886 [ACK] Seq=388254 Ack=144 Win=65024 Len=1448 TSval=2916033105 TSecr=3045552878 [TCP segment of a reassembled PDU]"
"6719","29.025244642","192.168.1.55","192.168.1.2","TCP","1514","8004  >  49886 [ACK] Seq=389702 Ack=144 Win=65024 Len=1448 TSval=2916033105 TSecr=3045552878 [TCP segment of a reassembled PDU]"
"6720","29.025246068","192.168.1.55","192.168.1.2","TCP","1514","8004  >  49886 [ACK] Seq=391150 Ack=144 Win=65024 Len=1448 TSval=2916033105 TSecr=3045552878 [TCP segment of a reassembled PDU]"
"6721","29.025247883","192.168.1.55","192.168.1.2","TCP","1514","8004  >  49886 [ACK] Seq=392598 Ack=144 Win=65024 Len=1448 TSval=2916033105 TSecr=3045552878 [TCP segment of a reassembled PDU]"
"6722","29.025249475","192.168.1.55","192.168.1.2","TCP","1514","8004  >  49886 [ACK] Seq=394046 Ack=144 Win=65024 Len=1448 TSval=2916033105 TSecr=3045552878 [TCP segment of a reassembled PDU]"
"6723","29.025250827","192.168.1.55","192.168.1.2","TCP","1514","8004  >  49886 [ACK] Seq=395494 Ack=144 Win=65024 Len=1448 TSval=2916033105 TSecr=3045552878 [TCP segment of a reassembled PDU]"
"6724","29.025252179","192.168.1.55","192.168.1.2","TCP","1514","8004  >  49886 [ACK] Seq=396942 Ack=144 Win=65024 Len=1448 TSval=2916033105 TSecr=3045552878 [TCP segment of a reassembled PDU]"
"6725","29.025254494","192.168.1.55","192.168.1.2","TCP","1514","8004  >  49886 [ACK] Seq=398390 Ack=144 Win=65024 Len=1448 TSval=2916033105 TSecr=3045552878 [TCP segment of a reassembled PDU]"
"6726","29.025256123","192.168.1.55","192.168.1.2","TCP","1514","8004  >  49886 [ACK] Seq=399838 Ack=144 Win=65024 Len=1448 TSval=2916033105 TSecr=3045552878 [TCP segment of a reassembled PDU]"
"6727","29.025257494","192.168.1.55","192.168.1.2","TCP","1514","8004  >  49886 [ACK] Seq=401286 Ack=144 Win=65024 Len=1448 TSval=2916033105 TSecr=3045552878 [TCP segment of a reassembled PDU]"
"6728","29.025268308","192.168.1.55","192.168.1.2","TCP","1514","8004  >  49886 [ACK] Seq=402734 Ack=144 Win=65024 Len=1448 TSval=2916033105 TSecr=3045552878 [TCP segment of a reassembled PDU]"
"6729","29.025270197","192.168.1.55","192.168.1.2","TCP","1514","8004  >  49886 [ACK] Seq=404182 Ack=144 Win=65024 Len=1448 TSval=2916033105 TSecr=3045552878 [TCP segment of a reassembled PDU]"
"6730","29.025273920","192.168.1.55","192.168.1.2","TCP","1514","8004  >  49886 [ACK] Seq=405630 Ack=144 Win=65024 Len=1448 TSval=2916033105 TSecr=3045552878 [TCP segment of a reassembled PDU]"
"6731","29.025275512","192.168.1.55","192.168.1.2","TCP","1514","8004  >  49886 [ACK] Seq=407078 Ack=144 Win=65024 Len=1448 TSval=2916033105 TSecr=3045552878 [TCP segment of a reassembled PDU]"
"6732","29.025276809","192.168.1.55","192.168.1.2","TCP","1514","8004  >  49886 [PSH, ACK] Seq=408526 Ack=144 Win=65024 Len=1448 TSval=2916033105 TSecr=3045552878 [TCP segment of a reassembled PDU]"
"6733","29.025282438","192.168.1.2","192.168.1.55","TCP","66","49886  >  8004 [ACK] Seq=144 Ack=294134 Win=144384 Len=0 TSval=3045552879 TSecr=2916033095"
"6734","29.025301290","192.168.1.2","192.168.1.55","TCP","66","49886  >  8004 [ACK] Seq=144 Ack=310062 Win=151552 Len=0 TSval=3045552879 TSecr=2916033095"
"6735","29.025350290","192.168.1.55","192.168.1.2","TCP","1514","8004  >  49886 [ACK] Seq=409974 Ack=144 Win=65024 Len=1448 TSval=2916033106 TSecr=3045552879 [TCP segment of a reassembled PDU]"
"6736","29.025353883","192.168.1.55","192.168.1.2","TCP","1514","8004  >  49886 [ACK] Seq=411422 Ack=144 Win=65024 Len=1448 TSval=2916033106 TSecr=3045552879 [TCP segment of a reassembled PDU]"
"6737","29.025356068","192.168.1.55","192.168.1.2","TCP","1514","8004  >  49886 [ACK] Seq=412870 Ack=144 Win=65024 Len=1448 TSval=2916033106 TSecr=3045552879 [TCP segment of a reassembled PDU]"
"6738","29.025357846","192.168.1.55","192.168.1.2","TCP","1514","8004  >  49886 [ACK] Seq=414318 Ack=144 Win=65024 Len=1448 TSval=2916033106 TSecr=3045552879 [TCP segment of a reassembled PDU]"
"6739","29.025359383","192.168.1.55","192.168.1.2","TCP","1514","8004  >  49886 [ACK] Seq=415766 Ack=144 Win=65024 Len=1448 TSval=2916033106 TSecr=3045552879 [TCP segment of a reassembled PDU]"
"6740","29.025362142","192.168.1.55","192.168.1.2","TCP","1514","8004  >  49886 [ACK] Seq=417214 Ack=144 Win=65024 Len=1448 TSval=2916033106 TSecr=3045552879 [TCP segment of a reassembled PDU]"
"6741","29.025364142","192.168.1.55","192.168.1.2","TCP","1514","8004  >  49886 [ACK] Seq=418662 Ack=144 Win=65024 Len=1448 TSval=2916033106 TSecr=3045552879 [TCP segment of a reassembled PDU]"
"6742","29.025365790","192.168.1.55","192.168.1.2","TCP","1514","8004  >  49886 [ACK] Seq=420110 Ack=144 Win=65024 Len=1448 TSval=2916033106 TSecr=3045552879 [TCP segment of a reassembled PDU]"
"6743","29.025367623","192.168.1.55","192.168.1.2","TCP","1514","8004  >  49886 [ACK] Seq=421558 Ack=144 Win=65024 Len=1448 TSval=2916033106 TSecr=3045552879 [TCP segment of a reassembled PDU]"
"6744","29.025369605","192.168.1.55","192.168.1.2","TCP","1514","8004  >  49886 [ACK] Seq=423006 Ack=144 Win=65024 Len=1448 TSval=2916033106 TSecr=3045552879 [TCP segment of a reassembled PDU]"
"6745","29.025371661","192.168.1.55","192.168.1.2","TCP","1514","8004  >  49886 [ACK] Seq=424454 Ack=144 Win=65024 Len=1448 TSval=2916033106 TSecr=3045552879 [TCP segment of a reassembled PDU]"
"6746","29.025373457","192.168.1.55","192.168.1.2","TCP","1514","8004  >  49886 [ACK] Seq=425902 Ack=144 Win=65024 Len=1448 TSval=2916033106 TSecr=3045552879 [TCP segment of a reassembled PDU]"
"6747","29.025375623","192.168.1.55","192.168.1.2","TCP","1514","8004  >  49886 [ACK] Seq=427350 Ack=144 Win=65024 Len=1448 TSval=2916033106 TSecr=3045552879 [TCP segment of a reassembled PDU]"
"6748","29.025377086","192.168.1.55","192.168.1.2","TCP","1514","8004  >  49886 [ACK] Seq=428798 Ack=144 Win=65024 Len=1448 TSval=2916033106 TSecr=3045552879 [TCP segment of a reassembled PDU]"
"6749","29.025378494","192.168.1.55","192.168.1.2","TCP","1514","8004  >  49886 [ACK] Seq=430246 Ack=144 Win=65024 Len=1448 TSval=2916033106 TSecr=3045552879 [TCP segment of a reassembled PDU]"
"6750","29.025380309","192.168.1.55","192.168.1.2","TCP","1514","8004  >  49886 [ACK] Seq=431694 Ack=144 Win=65024 Len=1448 TSval=2916033106 TSecr=3045552879 [TCP segment of a reassembled PDU]"
"6751","29.025381716","192.168.1.55","192.168.1.2","TCP","1514","8004  >  49886 [ACK] Seq=433142 Ack=144 Win=65024 Len=1448 TSval=2916033106 TSecr=3045552879 [TCP segment of a reassembled PDU]"
"6752","29.025383494","192.168.1.55","192.168.1.2","TCP","1514","8004  >  49886 [ACK] Seq=434590 Ack=144 Win=65024 Len=1448 TSval=2916033106 TSecr=3045552879 [TCP segment of a reassembled PDU]"
"6753","29.025384864","192.168.1.55","192.168.1.2","TCP","1514","8004  >  49886 [ACK] Seq=436038 Ack=144 Win=65024 Len=1448 TSval=2916033106 TSecr=3045552879 [TCP segment of a reassembled PDU]"
"6754","29.025386438","192.168.1.55","192.168.1.2","TCP","1514","8004  >  49886 [ACK] Seq=437486 Ack=144 Win=65024 Len=1448 TSval=2916033106 TSecr=3045552879 [TCP segment of a reassembled PDU]"
"6755","29.025388957","192.168.1.55","192.168.1.2","TCP","1514","8004  >  49886 [ACK] Seq=438934 Ack=144 Win=65024 Len=1448 TSval=2916033106 TSecr=3045552879 [TCP segment of a reassembled PDU]"
"6756","29.025390512","192.168.1.55","192.168.1.2","TCP","1514","8004  >  49886 [ACK] Seq=440382 Ack=144 Win=65024 Len=1448 TSval=2916033106 TSecr=3045552879 [TCP segment of a reassembled PDU]"
"6757","29.025392531","192.168.1.55","192.168.1.2","TCP","1514","8004  >  49886 [PSH, ACK] Seq=441830 Ack=144 Win=65024 Len=1448 TSval=2916033106 TSecr=3045552879 [TCP segment of a reassembled PDU]"
"6758","29.025459161","192.168.1.2","192.168.1.55","TCP","66","49886  >  8004 [ACK] Seq=144 Ack=343366 Win=139264 Len=0 TSval=3045552880 TSecr=2916033095"
"6759","29.025525698","192.168.1.55","192.168.1.2","TCP","1514","8004  >  49886 [ACK] Seq=443278 Ack=144 Win=65024 Len=1448 TSval=2916033106 TSecr=3045552880 [TCP segment of a reassembled PDU]"
"6760","29.025529476","192.168.1.55","192.168.1.2","TCP","1514","8004  >  49886 [ACK] Seq=444726 Ack=144 Win=65024 Len=1448 TSval=2916033106 TSecr=3045552880 [TCP segment of a reassembled PDU]"
"6761","29.025531309","192.168.1.55","192.168.1.2","TCP","1514","8004  >  49886 [ACK] Seq=446174 Ack=144 Win=65024 Len=1448 TSval=2916033106 TSecr=3045552880 [TCP segment of a reassembled PDU]"
"6762","29.025532920","192.168.1.55","192.168.1.2","TCP","1514","8004  >  49886 [ACK] Seq=447622 Ack=144 Win=65024 Len=1448 TSval=2916033106 TSecr=3045552880 [TCP segment of a reassembled PDU]"
"6763","29.025534864","192.168.1.55","192.168.1.2","TCP","1514","8004  >  49886 [ACK] Seq=449070 Ack=144 Win=65024 Len=1448 TSval=2916033106 TSecr=3045552880 [TCP segment of a reassembled PDU]"
"6764","29.025536642","192.168.1.55","192.168.1.2","TCP","1514","8004  >  49886 [ACK] Seq=450518 Ack=144 Win=65024 Len=1448 TSval=2916033106 TSecr=3045552880 [TCP segment of a reassembled PDU]"
"6765","29.025538013","192.168.1.55","192.168.1.2","TCP","1514","8004  >  49886 [ACK] Seq=451966 Ack=144 Win=65024 Len=1448 TSval=2916033106 TSecr=3045552880 [TCP segment of a reassembled PDU]"
"6766","29.025539809","192.168.1.55","192.168.1.2","TCP","1514","8004  >  49886 [ACK] Seq=453414 Ack=144 Win=65024 Len=1448 TSval=2916033106 TSecr=3045552880 [TCP segment of a reassembled PDU]"
"6767","29.025542327","192.168.1.55","192.168.1.2","TCP","1514","8004  >  49886 [ACK] Seq=454862 Ack=144 Win=65024 Len=1448 TSval=2916033106 TSecr=3045552880 [TCP segment of a reassembled PDU]"
"6768","29.025544031","192.168.1.55","192.168.1.2","TCP","1514","8004  >  49886 [ACK] Seq=456310 Ack=144 Win=65024 Len=1448 TSval=2916033106 TSecr=3045552880 [TCP segment of a reassembled PDU]"
"6769","29.025545587","192.168.1.55","192.168.1.2","TCP","1514","8004  >  49886 [ACK] Seq=457758 Ack=144 Win=65024 Len=1448 TSval=2916033106 TSecr=3045552880 [TCP segment of a reassembled PDU]"
"6770","29.025547161","192.168.1.55","192.168.1.2","TCP","1514","8004  >  49886 [ACK] Seq=459206 Ack=144 Win=65024 Len=1448 TSval=2916033106 TSecr=3045552880 [TCP segment of a reassembled PDU]"
"6771","29.025549568","192.168.1.55","192.168.1.2","TCP","1514","8004  >  49886 [ACK] Seq=460654 Ack=144 Win=65024 Len=1448 TSval=2916033106 TSecr=3045552880 [TCP segment of a reassembled PDU]"
"6772","29.025551568","192.168.1.55","192.168.1.2","TCP","1514","8004  >  49886 [ACK] Seq=462102 Ack=144 Win=65024 Len=1448 TSval=2916033106 TSecr=3045552880 [TCP segment of a reassembled PDU]"
"6773","29.025553272","192.168.1.55","192.168.1.2","TCP","1514","8004  >  49886 [ACK] Seq=463550 Ack=144 Win=65024 Len=1448 TSval=2916033106 TSecr=3045552880 [TCP segment of a reassembled PDU]"
"6774","29.025555216","192.168.1.55","192.168.1.2","TCP","1514","8004  >  49886 [ACK] Seq=464998 Ack=144 Win=65024 Len=1448 TSval=2916033106 TSecr=3045552880 [TCP segment of a reassembled PDU]"
"6775","29.025557476","192.168.1.55","192.168.1.2","TCP","1514","8004  >  49886 [ACK] Seq=466446 Ack=144 Win=65024 Len=1448 TSval=2916033106 TSecr=3045552880 [TCP segment of a reassembled PDU]"
"6776","29.025559457","192.168.1.55","192.168.1.2","TCP","1514","8004  >  49886 [ACK] Seq=467894 Ack=144 Win=65024 Len=1448 TSval=2916033106 TSecr=3045552880 [TCP segment of a reassembled PDU]"
"6777","29.025560790","192.168.1.55","192.168.1.2","TCP","1514","8004  >  49886 [ACK] Seq=469342 Ack=144 Win=65024 Len=1448 TSval=2916033106 TSecr=3045552880 [TCP segment of a reassembled PDU]"
"6778","29.025562253","192.168.1.55","192.168.1.2","TCP","1514","8004  >  49886 [ACK] Seq=470790 Ack=144 Win=65024 Len=1448 TSval=2916033106 TSecr=3045552880 [TCP segment of a reassembled PDU]"
"6779","29.025564976","192.168.1.55","192.168.1.2","TCP","1514","8004  >  49886 [ACK] Seq=472238 Ack=144 Win=65024 Len=1448 TSval=2916033106 TSecr=3045552880 [TCP segment of a reassembled PDU]"
"6780","29.025566920","192.168.1.55","192.168.1.2","TCP","1514","8004  >  49886 [ACK] Seq=473686 Ack=144 Win=65024 Len=1448 TSval=2916033106 TSecr=3045552880 [TCP segment of a reassembled PDU]"
"6781","29.025568383","192.168.1.55","192.168.1.2","TCP","1514","8004  >  49886 [PSH, ACK] Seq=475134 Ack=144 Win=65024 Len=1448 TSval=2916033106 TSecr=3045552880 [TCP segment of a reassembled PDU]"
"6782","29.025577161","192.168.1.2","192.168.1.55","TCP","66","49886  >  8004 [ACK] Seq=144 Ack=360742 Win=126976 Len=0 TSval=3045552880 TSecr=2916033095"
"6783","29.026823070","192.168.1.2","192.168.1.55","TCP","66","49886  >  8004 [ACK] Seq=144 Ack=362310 Win=154624 Len=0 TSval=3045552880 TSecr=2916033095"
"6784","29.026853663","192.168.1.55","192.168.1.2","TCP","1514","8004  >  49886 [ACK] Seq=476582 Ack=144 Win=65024 Len=1448 TSval=2916033107 TSecr=3045552880 [TCP segment of a reassembled PDU]"
"6785","29.026855885","192.168.1.55","192.168.1.2","TCP","1514","8004  >  49886 [ACK] Seq=478030 Ack=144 Win=65024 Len=1448 TSval=2916033107 TSecr=3045552880 [TCP segment of a reassembled PDU]"
"6786","29.026857274","192.168.1.55","192.168.1.2","TCP","1514","8004  >  49886 [ACK] Seq=479478 Ack=144 Win=65024 Len=1448 TSval=2916033107 TSecr=3045552880 [TCP segment of a reassembled PDU]"
"6787","29.026858552","192.168.1.55","192.168.1.2","TCP","1514","8004  >  49886 [ACK] Seq=480926 Ack=144 Win=65024 Len=1448 TSval=2916033107 TSecr=3045552880 [TCP segment of a reassembled PDU]"
"6788","29.026860033","192.168.1.55","192.168.1.2","TCP","1514","8004  >  49886 [ACK] Seq=482374 Ack=144 Win=65024 Len=1448 TSval=2916033107 TSecr=3045552880 [TCP segment of a reassembled PDU]"
"6789","29.026861348","192.168.1.55","192.168.1.2","TCP","1514","8004  >  49886 [ACK] Seq=483822 Ack=144 Win=65024 Len=1448 TSval=2916033107 TSecr=3045552880 [TCP segment of a reassembled PDU]"
"6790","29.026862626","192.168.1.55","192.168.1.2","TCP","1514","8004  >  49886 [ACK] Seq=485270 Ack=144 Win=65024 Len=1448 TSval=2916033107 TSecr=3045552880 [TCP segment of a reassembled PDU]"
"6791","29.026864404","192.168.1.55","192.168.1.2","TCP","1514","8004  >  49886 [ACK] Seq=486718 Ack=144 Win=65024 Len=1448 TSval=2916033107 TSecr=3045552880 [TCP segment of a reassembled PDU]"
"6792","29.026865885","192.168.1.55","192.168.1.2","TCP","1514","8004  >  49886 [ACK] Seq=488166 Ack=144 Win=65024 Len=1448 TSval=2916033107 TSecr=3045552880 [TCP segment of a reassembled PDU]"
"6793","29.026867404","192.168.1.55","192.168.1.2","TCP","1514","8004  >  49886 [ACK] Seq=489614 Ack=144 Win=65024 Len=1448 TSval=2916033107 TSecr=3045552880 [TCP segment of a reassembled PDU]"
"6794","29.026868718","192.168.1.55","192.168.1.2","TCP","1514","8004  >  49886 [ACK] Seq=491062 Ack=144 Win=65024 Len=1448 TSval=2916033107 TSecr=3045552880 [TCP segment of a reassembled PDU]"
"6795","29.026870163","192.168.1.55","192.168.1.2","TCP","1514","8004  >  49886 [ACK] Seq=492510 Ack=144 Win=65024 Len=1448 TSval=2916033107 TSecr=3045552880 [TCP segment of a reassembled PDU]"
"6796","29.026871774","192.168.1.55","192.168.1.2","TCP","1514","8004  >  49886 [ACK] Seq=493958 Ack=144 Win=65024 Len=1448 TSval=2916033107 TSecr=3045552880 [TCP segment of a reassembled PDU]"
"6797","29.026873052","192.168.1.55","192.168.1.2","TCP","1514","8004  >  49886 [ACK] Seq=495406 Ack=144 Win=65024 Len=1448 TSval=2916033107 TSecr=3045552880 [TCP segment of a reassembled PDU]"
"6798","29.026874367","192.168.1.55","192.168.1.2","TCP","1514","8004  >  49886 [PSH, ACK] Seq=496854 Ack=144 Win=65024 Len=1448 TSval=2916033107 TSecr=3045552880 [TCP segment of a reassembled PDU]"
"6799","29.027215274","192.168.1.55","192.168.1.2","HTTP","222","HTTP/1.0 200 OK  (PNG)"
"6800","29.033955618","192.168.1.2","192.168.1.55","TCP","66","49886  >  8004 [ACK] Seq=144 Ack=375342 Win=154624 Len=0 TSval=3045552886 TSecr=2916033105"
"6801","29.034117119","192.168.1.2","192.168.1.55","TCP","66","49886  >  8004 [ACK] Seq=144 Ack=376670 Win=157696 Len=0 TSval=3045552886 TSecr=2916033105"
"6802","29.034123137","192.168.1.2","192.168.1.55","TCP","66","49886  >  8004 [ACK] Seq=144 Ack=409974 Win=157696 Len=0 TSval=3045552886 TSecr=2916033105"
"6803","29.034128859","192.168.1.2","192.168.1.55","TCP","66","49886  >  8004 [ACK] Seq=144 Ack=436038 Win=141312 Len=0 TSval=3045552886 TSecr=2916033106"
"6804","29.034788268","192.168.1.2","192.168.1.55","TCP","66","49886  >  8004 [ACK] Seq=144 Ack=443278 Win=172032 Len=0 TSval=3045552889 TSecr=2916033106"
"6805","29.034916861","192.168.1.2","192.168.1.55","TCP","66","49886  >  8004 [ACK] Seq=144 Ack=476582 Win=159744 Len=0 TSval=3045552890 TSecr=2916033106"
"6806","29.034935916","192.168.1.2","192.168.1.55","TCP","66","49886  >  8004 [ACK] Seq=144 Ack=498302 Win=144384 Len=0 TSval=3045552890 TSecr=2916033107"
"6807","29.036230085","192.168.1.2","192.168.1.55","TCP","66","49886  >  8004 [FIN, ACK] Seq=144 Ack=498459 Win=175104 Len=0 TSval=3045552891 TSecr=2916033107"
"6808","29.036242029","192.168.1.55","192.168.1.2","TCP","66","8004  >  49886 [ACK] Seq=498459 Ack=145 Win=65024 Len=0 TSval=2916033116 TSecr=3045552891"
"6809","29.036356733","192.168.1.2","192.168.1.55","TCP","74","49892  >  8004 [SYN] Seq=0 Win=64240 Len=0 MSS=1460 SACK_PERM TSval=3045552891 TSecr=0 WS=1024"
"6810","29.036381604","192.168.1.55","192.168.1.2","TCP","74","8004  >  49892 [SYN, ACK] Seq=0 Ack=1 Win=65160 Len=0 MSS=1460 SACK_PERM TSval=2916033117 TSecr=3045552891 WS=128"
"6811","29.039580998","192.168.1.2","192.168.1.55","TCP","66","49892  >  8004 [ACK] Seq=1 Ack=1 Win=64512 Len=0 TSval=3045552894 TSecr=2916033117"
"6812","29.042802243","192.168.1.2","192.168.1.55","HTTP","206","GET /stego_benchmark.png HTTP/1.1 "
"6813","29.042812651","192.168.1.55","192.168.1.2","TCP","66","8004  >  49892 [ACK] Seq=1 Ack=141 Win=65024 Len=0 TSval=2916033123 TSecr=3045552894"
"6814","29.043310577","192.168.1.55","192.168.1.2","TCP","255","8004  >  49892 [PSH, ACK] Seq=1 Ack=141 Win=65024 Len=189 TSval=2916033123 TSecr=3045552894 [TCP segment of a reassembled PDU]"
"6815","29.043397929","192.168.1.55","192.168.1.2","TCP","1514","8004  >  49892 [ACK] Seq=190 Ack=141 Win=65024 Len=1448 TSval=2916033124 TSecr=3045552894 [TCP segment of a reassembled PDU]"
"6816","29.043402281","192.168.1.55","192.168.1.2","TCP","1514","8004  >  49892 [ACK] Seq=1638 Ack=141 Win=65024 Len=1448 TSval=2916033124 TSecr=3045552894 [TCP segment of a reassembled PDU]"
"6817","29.043403781","192.168.1.55","192.168.1.2","TCP","1514","8004  >  49892 [ACK] Seq=3086 Ack=141 Win=65024 Len=1448 TSval=2916033124 TSecr=3045552894 [TCP segment of a reassembled PDU]"
"6818","29.043405522","192.168.1.55","192.168.1.2","TCP","1514","8004  >  49892 [ACK] Seq=4534 Ack=141 Win=65024 Len=1448 TSval=2916033124 TSecr=3045552894 [TCP segment of a reassembled PDU]"
"6819","29.043407578","192.168.1.55","192.168.1.2","TCP","1514","8004  >  49892 [PSH, ACK] Seq=5982 Ack=141 Win=65024 Len=1448 TSval=2916033124 TSecr=3045552894 [TCP segment of a reassembled PDU]"
"6820","29.043428078","192.168.1.55","192.168.1.2","TCP","1514","8004  >  49892 [ACK] Seq=7430 Ack=141 Win=65024 Len=1448 TSval=2916033124 TSecr=3045552894 [TCP segment of a reassembled PDU]"
"6821","29.043430078","192.168.1.55","192.168.1.2","TCP","1514","8004  >  49892 [ACK] Seq=8878 Ack=141 Win=65024 Len=1448 TSval=2916033124 TSecr=3045552894 [TCP segment of a reassembled PDU]"
"6822","29.043431355","192.168.1.55","192.168.1.2","TCP","1514","8004  >  49892 [ACK] Seq=10326 Ack=141 Win=65024 Len=1448 TSval=2916033124 TSecr=3045552894 [TCP segment of a reassembled PDU]"
"6823","29.043432707","192.168.1.55","192.168.1.2","TCP","1514","8004  >  49892 [PSH, ACK] Seq=11774 Ack=141 Win=65024 Len=1448 TSval=2916033124 TSecr=3045552894 [TCP segment of a reassembled PDU]"
"6824","29.046843083","192.168.1.2","192.168.1.55","TCP","66","49892  >  8004 [ACK] Seq=141 Ack=190 Win=64512 Len=0 TSval=3045552901 TSecr=2916033123"
"6825","29.046931990","192.168.1.55","192.168.1.2","TCP","1514","8004  >  49892 [ACK] Seq=13222 Ack=141 Win=65024 Len=1448 TSval=2916033127 TSecr=3045552901 [TCP segment of a reassembled PDU]"
"6826","29.046942842","192.168.1.55","192.168.1.2","TCP","1514","8004  >  49892 [PSH, ACK] Seq=14670 Ack=141 Win=65024 Len=1448 TSval=2916033127 TSecr=3045552901 [TCP segment of a reassembled PDU]"
"6827","29.047066935","192.168.1.2","192.168.1.55","TCP","66","49892  >  8004 [ACK] Seq=141 Ack=5982 Win=76800 Len=0 TSval=3045552901 TSecr=2916033124"
"6828","29.047141361","192.168.1.55","192.168.1.2","TCP","1514","8004  >  49892 [ACK] Seq=16118 Ack=141 Win=65024 Len=1448 TSval=2916033127 TSecr=3045552901 [TCP segment of a reassembled PDU]"
"6829","29.047151213","192.168.1.55","192.168.1.2","TCP","1514","8004  >  49892 [ACK] Seq=17566 Ack=141 Win=65024 Len=1448 TSval=2916033127 TSecr=3045552901 [TCP segment of a reassembled PDU]"
"6830","29.047154398","192.168.1.55","192.168.1.2","TCP","1514","8004  >  49892 [ACK] Seq=19014 Ack=141 Win=65024 Len=1448 TSval=2916033127 TSecr=3045552901 [TCP segment of a reassembled PDU]"
"6831","29.047156528","192.168.1.55","192.168.1.2","TCP","1514","8004  >  49892 [ACK] Seq=20462 Ack=141 Win=65024 Len=1448 TSval=2916033127 TSecr=3045552901 [TCP segment of a reassembled PDU]"
"6832","29.047158583","192.168.1.55","192.168.1.2","TCP","1514","8004  >  49892 [ACK] Seq=21910 Ack=141 Win=65024 Len=1448 TSval=2916033127 TSecr=3045552901 [TCP segment of a reassembled PDU]"
"6833","29.047161657","192.168.1.55","192.168.1.2","TCP","1514","8004  >  49892 [ACK] Seq=23358 Ack=141 Win=65024 Len=1448 TSval=2916033127 TSecr=3045552901 [TCP segment of a reassembled PDU]"
"6834","29.047164454","192.168.1.55","192.168.1.2","TCP","1514","8004  >  49892 [PSH, ACK] Seq=24806 Ack=141 Win=65024 Len=1448 TSval=2916033127 TSecr=3045552901 [TCP segment of a reassembled PDU]"
"6835","29.047177139","192.168.1.2","192.168.1.55","TCP","66","49892  >  8004 [ACK] Seq=141 Ack=7430 Win=79872 Len=0 TSval=3045552902 TSecr=2916033124"
"6836","29.047195880","192.168.1.2","192.168.1.55","TCP","66","49892  >  8004 [ACK] Seq=141 Ack=13222 Win=80896 Len=0 TSval=3045552902 TSecr=2916033124"
"6837","29.047255028","192.168.1.55","192.168.1.2","TCP","1514","8004  >  49892 [ACK] Seq=26254 Ack=141 Win=65024 Len=1448 TSval=2916033127 TSecr=3045552902 [TCP segment of a reassembled PDU]"
"6838","29.047261528","192.168.1.55","192.168.1.2","TCP","1514","8004  >  49892 [ACK] Seq=27702 Ack=141 Win=65024 Len=1448 TSval=2916033127 TSecr=3045552902 [TCP segment of a reassembled PDU]"
"6839","29.047265565","192.168.1.55","192.168.1.2","TCP","1514","8004  >  49892 [ACK] Seq=29150 Ack=141 Win=65024 Len=1448 TSval=2916033127 TSecr=3045552902 [TCP segment of a reassembled PDU]"
"6840","29.047268547","192.168.1.55","192.168.1.2","TCP","1514","8004  >  49892 [ACK] Seq=30598 Ack=141 Win=65024 Len=1448 TSval=2916033127 TSecr=3045552902 [TCP segment of a reassembled PDU]"
"6841","29.047270732","192.168.1.55","192.168.1.2","TCP","1514","8004  >  49892 [ACK] Seq=32046 Ack=141 Win=65024 Len=1448 TSval=2916033127 TSecr=3045552902 [TCP segment of a reassembled PDU]"
"6842","29.047273695","192.168.1.55","192.168.1.2","TCP","1514","8004  >  49892 [ACK] Seq=33494 Ack=141 Win=65024 Len=1448 TSval=2916033127 TSecr=3045552902 [TCP segment of a reassembled PDU]"
"6843","29.047277047","192.168.1.55","192.168.1.2","TCP","1514","8004  >  49892 [ACK] Seq=34942 Ack=141 Win=65024 Len=1448 TSval=2916033127 TSecr=3045552902 [TCP segment of a reassembled PDU]"
"6844","29.047280232","192.168.1.55","192.168.1.2","TCP","1514","8004  >  49892 [ACK] Seq=36390 Ack=141 Win=65024 Len=1448 TSval=2916033127 TSecr=3045552902 [TCP segment of a reassembled PDU]"
"6845","29.047282954","192.168.1.55","192.168.1.2","TCP","1514","8004  >  49892 [ACK] Seq=37838 Ack=141 Win=65024 Len=1448 TSval=2916033127 TSecr=3045552902 [TCP segment of a reassembled PDU]"
"6846","29.047284935","192.168.1.55","192.168.1.2","TCP","1514","8004  >  49892 [PSH, ACK] Seq=39286 Ack=141 Win=65024 Len=1448 TSval=2916033127 TSecr=3045552902 [TCP segment of a reassembled PDU]"
"6847","29.048187381","192.168.1.55","192.168.1.2","TCP","1514","8004  >  49892 [ACK] Seq=40734 Ack=141 Win=65024 Len=1448 TSval=2916033128 TSecr=3045552902 [TCP segment of a reassembled PDU]"
"6848","29.052287591","192.168.1.2","192.168.1.55","TCP","66","49892  >  8004 [ACK] Seq=141 Ack=16118 Win=87040 Len=0 TSval=3045552906 TSecr=2916033127"
"6849","29.052325980","192.168.1.55","192.168.1.2","TCP","1514","8004  >  49892 [ACK] Seq=42182 Ack=141 Win=65024 Len=1448 TSval=2916033133 TSecr=3045552906 [TCP segment of a reassembled PDU]"
"6850","29.052329462","192.168.1.55","192.168.1.2","TCP","1514","8004  >  49892 [PSH, ACK] Seq=43630 Ack=141 Win=65024 Len=1448 TSval=2916033133 TSecr=3045552906 [TCP segment of a reassembled PDU]"
"6851","29.052545221","192.168.1.2","192.168.1.55","TCP","66","49892  >  8004 [ACK] Seq=141 Ack=26254 Win=86016 Len=0 TSval=3045552906 TSecr=2916033127"
"6852","29.052573444","192.168.1.55","192.168.1.2","TCP","1514","8004  >  49892 [ACK] Seq=45078 Ack=141 Win=65024 Len=1448 TSval=2916033133 TSecr=3045552906 [TCP segment of a reassembled PDU]"
"6853","29.052576203","192.168.1.55","192.168.1.2","TCP","1514","8004  >  49892 [ACK] Seq=46526 Ack=141 Win=65024 Len=1448 TSval=2916033133 TSecr=3045552906 [TCP segment of a reassembled PDU]"
"6854","29.052577759","192.168.1.55","192.168.1.2","TCP","1514","8004  >  49892 [ACK] Seq=47974 Ack=141 Win=65024 Len=1448 TSval=2916033133 TSecr=3045552906 [TCP segment of a reassembled PDU]"
"6855","29.052578999","192.168.1.55","192.168.1.2","TCP","1514","8004  >  49892 [ACK] Seq=49422 Ack=141 Win=65024 Len=1448 TSval=2916033133 TSecr=3045552906 [TCP segment of a reassembled PDU]"
"6856","29.052580277","192.168.1.55","192.168.1.2","TCP","1514","8004  >  49892 [ACK] Seq=50870 Ack=141 Win=65024 Len=1448 TSval=2916033133 TSecr=3045552906 [TCP segment of a reassembled PDU]"
"6857","29.052581499","192.168.1.55","192.168.1.2","TCP","1514","8004  >  49892 [ACK] Seq=52318 Ack=141 Win=65024 Len=1448 TSval=2916033133 TSecr=3045552906 [TCP segment of a reassembled PDU]"
"6858","29.052582759","192.168.1.55","192.168.1.2","TCP","1514","8004  >  49892 [ACK] Seq=53766 Ack=141 Win=65024 Len=1448 TSval=2916033133 TSecr=3045552906 [TCP segment of a reassembled PDU]"
"6859","29.052584036","192.168.1.55","192.168.1.2","TCP","1514","8004  >  49892 [ACK] Seq=55214 Ack=141 Win=65024 Len=1448 TSval=2916033133 TSecr=3045552906 [TCP segment of a reassembled PDU]"
"6860","29.052585388","192.168.1.55","192.168.1.2","TCP","1514","8004  >  49892 [ACK] Seq=56662 Ack=141 Win=65024 Len=1448 TSval=2916033133 TSecr=3045552906 [TCP segment of a reassembled PDU]"
"6861","29.052586684","192.168.1.55","192.168.1.2","TCP","1514","8004  >  49892 [ACK] Seq=58110 Ack=141 Win=65024 Len=1448 TSval=2916033133 TSecr=3045552906 [TCP segment of a reassembled PDU]"
"6862","29.052588110","192.168.1.55","192.168.1.2","TCP","1514","8004  >  49892 [ACK] Seq=59558 Ack=141 Win=65024 Len=1448 TSval=2916033133 TSecr=3045552906 [TCP segment of a reassembled PDU]"
"6863","29.052589314","192.168.1.55","192.168.1.2","TCP","1514","8004  >  49892 [ACK] Seq=61006 Ack=141 Win=65024 Len=1448 TSval=2916033133 TSecr=3045552906 [TCP segment of a reassembled PDU]"
"6864","29.052590777","192.168.1.55","192.168.1.2","TCP","1514","8004  >  49892 [ACK] Seq=62454 Ack=141 Win=65024 Len=1448 TSval=2916033133 TSecr=3045552906 [TCP segment of a reassembled PDU]"
"6865","29.052592073","192.168.1.55","192.168.1.2","TCP","1514","8004  >  49892 [PSH, ACK] Seq=63902 Ack=141 Win=65024 Len=1448 TSval=2916033133 TSecr=3045552906 [TCP segment of a reassembled PDU]"
"6866","29.052598055","192.168.1.2","192.168.1.55","TCP","66","49892  >  8004 [ACK] Seq=141 Ack=36390 Win=76800 Len=0 TSval=3045552906 TSecr=2916033127"
"6867","29.052622018","192.168.1.55","192.168.1.2","TCP","1514","8004  >  49892 [ACK] Seq=65350 Ack=141 Win=65024 Len=1448 TSval=2916033133 TSecr=3045552906 [TCP segment of a reassembled PDU]"
"6868","29.052623499","192.168.1.55","192.168.1.2","TCP","1514","8004  >  49892 [ACK] Seq=66798 Ack=141 Win=65024 Len=1448 TSval=2916033133 TSecr=3045552906 [TCP segment of a reassembled PDU]"
"6869","29.052624870","192.168.1.55","192.168.1.2","TCP","1514","8004  >  49892 [ACK] Seq=68246 Ack=141 Win=65024 Len=1448 TSval=2916033133 TSecr=3045552906 [TCP segment of a reassembled PDU]"
"6870","29.052626444","192.168.1.55","192.168.1.2","TCP","1514","8004  >  49892 [ACK] Seq=69694 Ack=141 Win=65024 Len=1448 TSval=2916033133 TSecr=3045552906 [TCP segment of a reassembled PDU]"
"6871","29.052627703","192.168.1.55","192.168.1.2","TCP","1514","8004  >  49892 [ACK] Seq=71142 Ack=141 Win=65024 Len=1448 TSval=2916033133 TSecr=3045552906 [TCP segment of a reassembled PDU]"
"6872","29.052628925","192.168.1.55","192.168.1.2","TCP","1514","8004  >  49892 [ACK] Seq=72590 Ack=141 Win=65024 Len=1448 TSval=2916033133 TSecr=3045552906 [TCP segment of a reassembled PDU]"
"6873","29.052630333","192.168.1.55","192.168.1.2","TCP","1514","8004  >  49892 [ACK] Seq=74038 Ack=141 Win=65024 Len=1448 TSval=2916033133 TSecr=3045552906 [TCP segment of a reassembled PDU]"
"6874","29.052631573","192.168.1.55","192.168.1.2","TCP","1514","8004  >  49892 [PSH, ACK] Seq=75486 Ack=141 Win=65024 Len=1448 TSval=2916033133 TSecr=3045552906 [TCP segment of a reassembled PDU]"
"6875","29.052637777","192.168.1.2","192.168.1.55","TCP","66","49892  >  8004 [ACK] Seq=141 Ack=39286 Win=74752 Len=0 TSval=3045552906 TSecr=2916033127"
"6876","29.052696777","192.168.1.2","192.168.1.55","TCP","66","49892  >  8004 [ACK] Seq=141 Ack=40734 Win=90112 Len=0 TSval=3045552907 TSecr=2916033127"
"6877","29.052746629","192.168.1.55","192.168.1.2","TCP","1514","8004  >  49892 [ACK] Seq=76934 Ack=141 Win=65024 Len=1448 TSval=2916033133 TSecr=3045552907 [TCP segment of a reassembled PDU]"
"6878","29.052749444","192.168.1.55","192.168.1.2","TCP","1514","8004  >  49892 [ACK] Seq=78382 Ack=141 Win=65024 Len=1448 TSval=2916033133 TSecr=3045552907 [TCP segment of a reassembled PDU]"
"6879","29.052751055","192.168.1.55","192.168.1.2","TCP","1514","8004  >  49892 [ACK] Seq=79830 Ack=141 Win=65024 Len=1448 TSval=2916033133 TSecr=3045552907 [TCP segment of a reassembled PDU]"
"6880","29.052752463","192.168.1.55","192.168.1.2","TCP","1514","8004  >  49892 [ACK] Seq=81278 Ack=141 Win=65024 Len=1448 TSval=2916033133 TSecr=3045552907 [TCP segment of a reassembled PDU]"
"6881","29.052753851","192.168.1.55","192.168.1.2","TCP","1514","8004  >  49892 [ACK] Seq=82726 Ack=141 Win=65024 Len=1448 TSval=2916033133 TSecr=3045552907 [TCP segment of a reassembled PDU]"
"6882","29.052755296","192.168.1.55","192.168.1.2","TCP","1514","8004  >  49892 [ACK] Seq=84174 Ack=141 Win=65024 Len=1448 TSval=2916033133 TSecr=3045552907 [TCP segment of a reassembled PDU]"
"6883","29.052756574","192.168.1.55","192.168.1.2","TCP","1514","8004  >  49892 [ACK] Seq=85622 Ack=141 Win=65024 Len=1448 TSval=2916033133 TSecr=3045552907 [TCP segment of a reassembled PDU]"
"6884","29.052757888","192.168.1.55","192.168.1.2","TCP","1514","8004  >  49892 [ACK] Seq=87070 Ack=141 Win=65024 Len=1448 TSval=2916033133 TSecr=3045552907 [TCP segment of a reassembled PDU]"
"6885","29.052759370","192.168.1.55","192.168.1.2","TCP","1514","8004  >  49892 [ACK] Seq=88518 Ack=141 Win=65024 Len=1448 TSval=2916033133 TSecr=3045552907 [TCP segment of a reassembled PDU]"
"6886","29.052760666","192.168.1.55","192.168.1.2","TCP","1514","8004  >  49892 [ACK] Seq=89966 Ack=141 Win=65024 Len=1448 TSval=2916033133 TSecr=3045552907 [TCP segment of a reassembled PDU]"
"6887","29.052762092","192.168.1.55","192.168.1.2","TCP","1514","8004  >  49892 [ACK] Seq=91414 Ack=141 Win=65024 Len=1448 TSval=2916033133 TSecr=3045552907 [TCP segment of a reassembled PDU]"
"6888","29.052763333","192.168.1.55","192.168.1.2","TCP","1514","8004  >  49892 [ACK] Seq=92862 Ack=141 Win=65024 Len=1448 TSval=2916033133 TSecr=3045552907 [TCP segment of a reassembled PDU]"
"6889","29.052764574","192.168.1.55","192.168.1.2","TCP","1514","8004  >  49892 [ACK] Seq=94310 Ack=141 Win=65024 Len=1448 TSval=2916033133 TSecr=3045552907 [TCP segment of a reassembled PDU]"
"6890","29.052765925","192.168.1.55","192.168.1.2","TCP","1514","8004  >  49892 [PSH, ACK] Seq=95758 Ack=141 Win=65024 Len=1448 TSval=2916033133 TSecr=3045552907 [TCP segment of a reassembled PDU]"
"6891","29.052771314","192.168.1.2","192.168.1.55","TCP","66","49892  >  8004 [ACK] Seq=141 Ack=42182 Win=92160 Len=0 TSval=3045552907 TSecr=2916033128"
"6892","29.054020724","192.168.1.55","192.168.1.2","TCP","1514","8004  >  49892 [ACK] Seq=97206 Ack=141 Win=65024 Len=1448 TSval=2916033134 TSecr=3045552907 [TCP segment of a reassembled PDU]"
"6893","29.054030650","192.168.1.55","192.168.1.2","TCP","1514","8004  >  49892 [PSH, ACK] Seq=98654 Ack=141 Win=65024 Len=1448 TSval=2916033134 TSecr=3045552907 [TCP segment of a reassembled PDU]"
"6894","29.058671194","192.168.1.2","192.168.1.55","TCP","66","49892  >  8004 [ACK] Seq=141 Ack=43630 Win=92160 Len=0 TSval=3045552912 TSecr=2916033133"
"6895","29.058695046","192.168.1.55","192.168.1.2","TCP","1514","8004  >  49892 [ACK] Seq=100102 Ack=141 Win=65024 Len=1448 TSval=2916033139 TSecr=3045552912 [TCP segment of a reassembled PDU]"
"6896","29.058698231","192.168.1.55","192.168.1.2","TCP","1514","8004  >  49892 [PSH, ACK] Seq=101550 Ack=141 Win=65024 Len=1448 TSval=2916033139 TSecr=3045552912 [TCP segment of a reassembled PDU]"
"6897","29.058912120","192.168.1.2","192.168.1.55","TCP","66","49892  >  8004 [ACK] Seq=141 Ack=45078 Win=94208 Len=0 TSval=3045552912 TSecr=2916033133"
"6898","29.058920083","192.168.1.2","192.168.1.55","TCP","66","49892  >  8004 [ACK] Seq=141 Ack=61006 Win=79872 Len=0 TSval=3045552913 TSecr=2916033133"
"6899","29.058935787","192.168.1.55","192.168.1.2","TCP","1514","8004  >  49892 [ACK] Seq=102998 Ack=141 Win=65024 Len=1448 TSval=2916033139 TSecr=3045552913 [TCP segment of a reassembled PDU]"
"6900","29.058937898","192.168.1.55","192.168.1.2","TCP","1514","8004  >  49892 [ACK] Seq=104446 Ack=141 Win=65024 Len=1448 TSval=2916033139 TSecr=3045552913 [TCP segment of a reassembled PDU]"
"6901","29.058940213","192.168.1.55","192.168.1.2","TCP","1514","8004  >  49892 [ACK] Seq=105894 Ack=141 Win=65024 Len=1448 TSval=2916033139 TSecr=3045552913 [TCP segment of a reassembled PDU]"
"6902","29.058941954","192.168.1.55","192.168.1.2","TCP","1514","8004  >  49892 [ACK] Seq=107342 Ack=141 Win=65024 Len=1448 TSval=2916033139 TSecr=3045552913 [TCP segment of a reassembled PDU]"
"6903","29.058943120","192.168.1.55","192.168.1.2","TCP","1514","8004  >  49892 [ACK] Seq=108790 Ack=141 Win=65024 Len=1448 TSval=2916033139 TSecr=3045552913 [TCP segment of a reassembled PDU]"
"6904","29.058944472","192.168.1.55","192.168.1.2","TCP","1514","8004  >  49892 [ACK] Seq=110238 Ack=141 Win=65024 Len=1448 TSval=2916033139 TSecr=3045552913 [TCP segment of a reassembled PDU]"
"6905","29.058946417","192.168.1.55","192.168.1.2","TCP","1514","8004  >  49892 [ACK] Seq=111686 Ack=141 Win=65024 Len=1448 TSval=2916033139 TSecr=3045552913 [TCP segment of a reassembled PDU]"
"6906","29.058948565","192.168.1.55","192.168.1.2","TCP","1514","8004  >  49892 [ACK] Seq=113134 Ack=141 Win=65024 Len=1448 TSval=2916033139 TSecr=3045552913 [TCP segment of a reassembled PDU]"
"6907","29.058950268","192.168.1.55","192.168.1.2","TCP","1514","8004  >  49892 [PSH, ACK] Seq=114582 Ack=141 Win=65024 Len=1448 TSval=2916033139 TSecr=3045552913 [TCP segment of a reassembled PDU]"
"6908","29.058955731","192.168.1.2","192.168.1.55","TCP","66","49892  >  8004 [ACK] Seq=141 Ack=65350 Win=91136 Len=0 TSval=3045552913 TSecr=2916033133"
"6909","29.058997583","192.168.1.55","192.168.1.2","TCP","1514","8004  >  49892 [ACK] Seq=116030 Ack=141 Win=65024 Len=1448 TSval=2916033139 TSecr=3045552913 [TCP segment of a reassembled PDU]"
"6910","29.059001213","192.168.1.55","192.168.1.2","TCP","1514","8004  >  49892 [ACK] Seq=117478 Ack=141 Win=65024 Len=1448 TSval=2916033139 TSecr=3045552913 [TCP segment of a reassembled PDU]"
"6911","29.059003194","192.168.1.55","192.168.1.2","TCP","1514","8004  >  49892 [ACK] Seq=118926 Ack=141 Win=65024 Len=1448 TSval=2916033139 TSecr=3045552913 [TCP segment of a reassembled PDU]"
"6912","29.059004639","192.168.1.55","192.168.1.2","TCP","1514","8004  >  49892 [ACK] Seq=120374 Ack=141 Win=65024 Len=1448 TSval=2916033139 TSecr=3045552913 [TCP segment of a reassembled PDU]"
"6913","29.059006954","192.168.1.55","192.168.1.2","TCP","1514","8004  >  49892 [ACK] Seq=121822 Ack=141 Win=65024 Len=1448 TSval=2916033139 TSecr=3045552913 [TCP segment of a reassembled PDU]"
"6914","29.059008713","192.168.1.55","192.168.1.2","TCP","1514","8004  >  49892 [ACK] Seq=123270 Ack=141 Win=65024 Len=1448 TSval=2916033139 TSecr=3045552913 [TCP segment of a reassembled PDU]"
"6915","29.059010343","192.168.1.55","192.168.1.2","TCP","1514","8004  >  49892 [ACK] Seq=124718 Ack=141 Win=65024 Len=1448 TSval=2916033139 TSecr=3045552913 [TCP segment of a reassembled PDU]"
"6916","29.059011695","192.168.1.55","192.168.1.2","TCP","1514","8004  >  49892 [ACK] Seq=126166 Ack=141 Win=65024 Len=1448 TSval=2916033139 TSecr=3045552913 [TCP segment of a reassembled PDU]"
"6917","29.059013472","192.168.1.55","192.168.1.2","TCP","1514","8004  >  49892 [ACK] Seq=127614 Ack=141 Win=65024 Len=1448 TSval=2916033139 TSecr=3045552913 [TCP segment of a reassembled PDU]"
"6918","29.059015176","192.168.1.55","192.168.1.2","TCP","1514","8004  >  49892 [ACK] Seq=129062 Ack=141 Win=65024 Len=1448 TSval=2916033139 TSecr=3045552913 [TCP segment of a reassembled PDU]"
"6919","29.059016732","192.168.1.55","192.168.1.2","TCP","1514","8004  >  49892 [ACK] Seq=130510 Ack=141 Win=65024 Len=1448 TSval=2916033139 TSecr=3045552913 [TCP segment of a reassembled PDU]"
"6920","29.059018213","192.168.1.55","192.168.1.2","TCP","1514","8004  >  49892 [ACK] Seq=131958 Ack=141 Win=65024 Len=1448 TSval=2916033139 TSecr=3045552913 [TCP segment of a reassembled PDU]"
"6921","29.059019676","192.168.1.55","192.168.1.2","TCP","1514","8004  >  49892 [ACK] Seq=133406 Ack=141 Win=65024 Len=1448 TSval=2916033139 TSecr=3045552913 [TCP segment of a reassembled PDU]"
"6922","29.059021954","192.168.1.55","192.168.1.2","TCP","1514","8004  >  49892 [ACK] Seq=134854 Ack=141 Win=65024 Len=1448 TSval=2916033139 TSecr=3045552913 [TCP segment of a reassembled PDU]"
"6923","29.059030676","192.168.1.55","192.168.1.2","TCP","1514","8004  >  49892 [ACK] Seq=136302 Ack=141 Win=65024 Len=1448 TSval=2916033139 TSecr=3045552913 [TCP segment of a reassembled PDU]"
"6924","29.059033195","192.168.1.55","192.168.1.2","TCP","1514","8004  >  49892 [ACK] Seq=137750 Ack=141 Win=65024 Len=1448 TSval=2916033139 TSecr=3045552913 [TCP segment of a reassembled PDU]"
"6925","29.059036306","192.168.1.55","192.168.1.2","TCP","1514","8004  >  49892 [ACK] Seq=139198 Ack=141 Win=65024 Len=1448 TSval=2916033139 TSecr=3045552913 [TCP segment of a reassembled PDU]"
"6926","29.059037565","192.168.1.55","192.168.1.2","TCP","1514","8004  >  49892 [ACK] Seq=140646 Ack=141 Win=65024 Len=1448 TSval=2916033139 TSecr=3045552913 [TCP segment of a reassembled PDU]"
"6927","29.059038898","192.168.1.55","192.168.1.2","TCP","1514","8004  >  49892 [ACK] Seq=142094 Ack=141 Win=65024 Len=1448 TSval=2916033139 TSecr=3045552913 [TCP segment of a reassembled PDU]"
"6928","29.059041176","192.168.1.55","192.168.1.2","TCP","1514","8004  >  49892 [ACK] Seq=143542 Ack=141 Win=65024 Len=1448 TSval=2916033139 TSecr=3045552913 [TCP segment of a reassembled PDU]"
"6929","29.059042898","192.168.1.55","192.168.1.2","TCP","1514","8004  >  49892 [PSH, ACK] Seq=144990 Ack=141 Win=65024 Len=1448 TSval=2916033139 TSecr=3045552913 [TCP segment of a reassembled PDU]"
"6930","29.059107602","192.168.1.2","192.168.1.55","TCP","66","49892  >  8004 [ACK] Seq=141 Ack=76934 Win=83968 Len=0 TSval=3045552913 TSecr=2916033133"
"6931","29.059135861","192.168.1.55","192.168.1.2","TCP","1514","8004  >  49892 [ACK] Seq=146438 Ack=141 Win=65024 Len=1448 TSval=2916033139 TSecr=3045552913 [TCP segment of a reassembled PDU]"
"6932","29.059138417","192.168.1.55","192.168.1.2","TCP","1514","8004  >  49892 [ACK] Seq=147886 Ack=141 Win=65024 Len=1448 TSval=2916033139 TSecr=3045552913 [TCP segment of a reassembled PDU]"
"6933","29.059140158","192.168.1.55","192.168.1.2","TCP","1514","8004  >  49892 [ACK] Seq=149334 Ack=141 Win=65024 Len=1448 TSval=2916033139 TSecr=3045552913 [TCP segment of a reassembled PDU]"
"6934","29.059142343","192.168.1.55","192.168.1.2","TCP","1514","8004  >  49892 [ACK] Seq=150782 Ack=141 Win=65024 Len=1448 TSval=2916033139 TSecr=3045552913 [TCP segment of a reassembled PDU]"
"6935","29.059144232","192.168.1.55","192.168.1.2","TCP","1514","8004  >  49892 [ACK] Seq=152230 Ack=141 Win=65024 Len=1448 TSval=2916033139 TSecr=3045552913 [TCP segment of a reassembled PDU]"
"6936","29.059146472","192.168.1.55","192.168.1.2","TCP","1514","8004  >  49892 [PSH, ACK] Seq=153678 Ack=141 Win=65024 Len=1448 TSval=2916033139 TSecr=3045552913 [TCP segment of a reassembled PDU]"
"6937","29.059154250","192.168.1.2","192.168.1.55","TCP","66","49892  >  8004 [ACK] Seq=141 Ack=95758 Win=66560 Len=0 TSval=3045552913 TSecr=2916033133"
"6938","29.060392160","192.168.1.55","192.168.1.2","TCP","1514","8004  >  49892 [ACK] Seq=155126 Ack=141 Win=65024 Len=1448 TSval=2916033141 TSecr=3045552913 [TCP segment of a reassembled PDU]"
"6939","29.060398141","192.168.1.55","192.168.1.2","TCP","1514","8004  >  49892 [ACK] Seq=156574 Ack=141 Win=65024 Len=1448 TSval=2916033141 TSecr=3045552913 [TCP segment of a reassembled PDU]"
"6940","29.060399419","192.168.1.55","192.168.1.2","TCP","1514","8004  >  49892 [ACK] Seq=158022 Ack=141 Win=65024 Len=1448 TSval=2916033141 TSecr=3045552913 [TCP segment of a reassembled PDU]"
"6941","29.060401586","192.168.1.55","192.168.1.2","TCP","1514","8004  >  49892 [ACK] Seq=159470 Ack=141 Win=65024 Len=1448 TSval=2916033141 TSecr=3045552913 [TCP segment of a reassembled PDU]"
"6942","29.060403400","192.168.1.55","192.168.1.2","TCP","1466","[TCP Window Full] 8004  >  49892 [PSH, ACK] Seq=160918 Ack=141 Win=65024 Len=1400 TSval=2916033141 TSecr=3045552913 [TCP segment of a reassembled PDU]"
"6943","29.060755790","192.168.1.2","192.168.1.55","TCP","66","49892  >  8004 [ACK] Seq=141 Ack=97206 Win=94208 Len=0 TSval=3045552914 TSecr=2916033133"
"6944","29.060796568","192.168.1.2","192.168.1.55","TCP","66","49892  >  8004 [ACK] Seq=141 Ack=100102 Win=93184 Len=0 TSval=3045552914 TSecr=2916033134"
"6945","29.060833383","192.168.1.55","192.168.1.2","TCP","1514","8004  >  49892 [ACK] Seq=162318 Ack=141 Win=65024 Len=1448 TSval=2916033141 TSecr=3045552914 [TCP segment of a reassembled PDU]"
"6946","29.060835549","192.168.1.55","192.168.1.2","TCP","1514","8004  >  49892 [ACK] Seq=163766 Ack=141 Win=65024 Len=1448 TSval=2916033141 TSecr=3045552914 [TCP segment of a reassembled PDU]"
"6947","29.060837475","192.168.1.55","192.168.1.2","TCP","1514","8004  >  49892 [ACK] Seq=165214 Ack=141 Win=65024 Len=1448 TSval=2916033141 TSecr=3045552914 [TCP segment of a reassembled PDU]"
"6948","29.060838827","192.168.1.55","192.168.1.2","TCP","1514","8004  >  49892 [ACK] Seq=166662 Ack=141 Win=65024 Len=1448 TSval=2916033141 TSecr=3045552914 [TCP segment of a reassembled PDU]"
"6949","29.060841160","192.168.1.55","192.168.1.2","TCP","1514","8004  >  49892 [ACK] Seq=168110 Ack=141 Win=65024 Len=1448 TSval=2916033141 TSecr=3045552914 [TCP segment of a reassembled PDU]"
"6950","29.060843920","192.168.1.55","192.168.1.2","TCP","1514","8004  >  49892 [ACK] Seq=169558 Ack=141 Win=65024 Len=1448 TSval=2916033141 TSecr=3045552914 [TCP segment of a reassembled PDU]"
"6951","29.060845068","192.168.1.55","192.168.1.2","TCP","1514","8004  >  49892 [ACK] Seq=171006 Ack=141 Win=65024 Len=1448 TSval=2916033141 TSecr=3045552914 [TCP segment of a reassembled PDU]"
"6952","29.060846864","192.168.1.55","192.168.1.2","TCP","1514","8004  >  49892 [ACK] Seq=172454 Ack=141 Win=65024 Len=1448 TSval=2916033141 TSecr=3045552914 [TCP segment of a reassembled PDU]"
"6953","29.060848457","192.168.1.55","192.168.1.2","TCP","1514","8004  >  49892 [ACK] Seq=173902 Ack=141 Win=65024 Len=1448 TSval=2916033141 TSecr=3045552914 [TCP segment of a reassembled PDU]"
"6954","29.060850827","192.168.1.55","192.168.1.2","TCP","1514","8004  >  49892 [ACK] Seq=175350 Ack=141 Win=65024 Len=1448 TSval=2916033141 TSecr=3045552914 [TCP segment of a reassembled PDU]"
"6955","29.060852586","192.168.1.55","192.168.1.2","TCP","1514","8004  >  49892 [ACK] Seq=176798 Ack=141 Win=65024 Len=1448 TSval=2916033141 TSecr=3045552914 [TCP segment of a reassembled PDU]"
"6956","29.060854253","192.168.1.55","192.168.1.2","TCP","1514","8004  >  49892 [ACK] Seq=178246 Ack=141 Win=65024 Len=1448 TSval=2916033141 TSecr=3045552914 [TCP segment of a reassembled PDU]"
"6957","29.060856086","192.168.1.55","192.168.1.2","TCP","1514","8004  >  49892 [ACK] Seq=179694 Ack=141 Win=65024 Len=1448 TSval=2916033141 TSecr=3045552914 [TCP segment of a reassembled PDU]"
"6958","29.060857253","192.168.1.55","192.168.1.2","TCP","1514","8004  >  49892 [ACK] Seq=181142 Ack=141 Win=65024 Len=1448 TSval=2916033141 TSecr=3045552914 [TCP segment of a reassembled PDU]"
"6959","29.060859160","192.168.1.55","192.168.1.2","TCP","1514","8004  >  49892 [ACK] Seq=182590 Ack=141 Win=65024 Len=1448 TSval=2916033141 TSecr=3045552914 [TCP segment of a reassembled PDU]"
"6960","29.060861846","192.168.1.55","192.168.1.2","TCP","1514","8004  >  49892 [ACK] Seq=184038 Ack=141 Win=65024 Len=1448 TSval=2916033141 TSecr=3045552914 [TCP segment of a reassembled PDU]"
"6961","29.060863864","192.168.1.55","192.168.1.2","TCP","1514","8004  >  49892 [ACK] Seq=185486 Ack=141 Win=65024 Len=1448 TSval=2916033141 TSecr=3045552914 [TCP segment of a reassembled PDU]"
"6962","29.060865809","192.168.1.55","192.168.1.2","TCP","1514","8004  >  49892 [ACK] Seq=186934 Ack=141 Win=65024 Len=1448 TSval=2916033141 TSecr=3045552914 [TCP segment of a reassembled PDU]"
"6963","29.060867809","192.168.1.55","192.168.1.2","TCP","1514","8004  >  49892 [ACK] Seq=188382 Ack=141 Win=65024 Len=1448 TSval=2916033141 TSecr=3045552914 [TCP segment of a reassembled PDU]"
"6964","29.060869679","192.168.1.55","192.168.1.2","TCP","1514","8004  >  49892 [ACK] Seq=189830 Ack=141 Win=65024 Len=1448 TSval=2916033141 TSecr=3045552914 [TCP segment of a reassembled PDU]"
"6965","29.060871790","192.168.1.55","192.168.1.2","TCP","1514","8004  >  49892 [PSH, ACK] Seq=191278 Ack=141 Win=65024 Len=1448 TSval=2916033141 TSecr=3045552914 [TCP segment of a reassembled PDU]"
"6966","29.064889315","192.168.1.2","192.168.1.55","TCP","66","49892  >  8004 [ACK] Seq=141 Ack=102998 Win=94208 Len=0 TSval=3045552916 TSecr=2916033139"
"6967","29.064903259","192.168.1.55","192.168.1.2","TCP","1514","8004  >  49892 [ACK] Seq=192726 Ack=141 Win=65024 Len=1448 TSval=2916033145 TSecr=3045552916 [TCP segment of a reassembled PDU]"
"6968","29.064905574","192.168.1.55","192.168.1.2","TCP","1514","8004  >  49892 [ACK] Seq=194174 Ack=141 Win=65024 Len=1448 TSval=2916033145 TSecr=3045552916 [TCP segment of a reassembled PDU]"
"6969","29.064906852","192.168.1.55","192.168.1.2","TCP","1514","8004  >  49892 [PSH, ACK] Seq=195622 Ack=141 Win=65024 Len=1448 TSval=2916033145 TSecr=3045552916 [TCP segment of a reassembled PDU]"
"6970","29.066592614","192.168.1.2","192.168.1.55","TCP","66","49892  >  8004 [ACK] Seq=141 Ack=116030 Win=94208 Len=0 TSval=3045552921 TSecr=2916033139"
"6971","29.066601466","192.168.1.55","192.168.1.2","TCP","1514","8004  >  49892 [ACK] Seq=197070 Ack=141 Win=65024 Len=1448 TSval=2916033147 TSecr=3045552921 [TCP segment of a reassembled PDU]"
"6972","29.066603503","192.168.1.55","192.168.1.2","TCP","1514","8004  >  49892 [PSH, ACK] Seq=198518 Ack=141 Win=65024 Len=1448 TSval=2916033147 TSecr=3045552921 [TCP segment of a reassembled PDU]"
"6973","29.066608225","192.168.1.55","192.168.1.2","TCP","114","8004  >  49892 [ACK] Seq=199966 Ack=141 Win=65024 Len=48 TSval=2916033147 TSecr=3045552921 [TCP segment of a reassembled PDU]"
"6974","29.066810447","192.168.1.2","192.168.1.55","TCP","66","49892  >  8004 [ACK] Seq=141 Ack=162318 Win=51200 Len=0 TSval=3045552921 TSecr=2916033139"
"6975","29.066820170","192.168.1.2","192.168.1.55","TCP","66","49892  >  8004 [ACK] Seq=141 Ack=188382 Win=40960 Len=0 TSval=3045552921 TSecr=2916033141"
"6976","29.066840799","192.168.1.55","192.168.1.2","TCP","1514","8004  >  49892 [ACK] Seq=200014 Ack=141 Win=65024 Len=1448 TSval=2916033147 TSecr=3045552921 [TCP segment of a reassembled PDU]"
"6977","29.066843188","192.168.1.55","192.168.1.2","TCP","1514","8004  >  49892 [ACK] Seq=201462 Ack=141 Win=65024 Len=1448 TSval=2916033147 TSecr=3045552921 [TCP segment of a reassembled PDU]"
"6978","29.066844373","192.168.1.55","192.168.1.2","TCP","1514","8004  >  49892 [ACK] Seq=202910 Ack=141 Win=65024 Len=1448 TSval=2916033147 TSecr=3045552921 [TCP segment of a reassembled PDU]"
"6979","29.066845614","192.168.1.55","192.168.1.2","TCP","1514","8004  >  49892 [ACK] Seq=204358 Ack=141 Win=65024 Len=1448 TSval=2916033147 TSecr=3045552921 [TCP segment of a reassembled PDU]"
"6980","29.066846855","192.168.1.55","192.168.1.2","TCP","1514","8004  >  49892 [ACK] Seq=205806 Ack=141 Win=65024 Len=1448 TSval=2916033147 TSecr=3045552921 [TCP segment of a reassembled PDU]"
"6981","29.066848170","192.168.1.55","192.168.1.2","TCP","1514","8004  >  49892 [ACK] Seq=207254 Ack=141 Win=65024 Len=1448 TSval=2916033147 TSecr=3045552921 [TCP segment of a reassembled PDU]"
"6982","29.066849447","192.168.1.55","192.168.1.2","TCP","1514","8004  >  49892 [ACK] Seq=208702 Ack=141 Win=65024 Len=1448 TSval=2916033147 TSecr=3045552921 [TCP segment of a reassembled PDU]"
"6983","29.066850614","192.168.1.55","192.168.1.2","TCP","1514","8004  >  49892 [ACK] Seq=210150 Ack=141 Win=65024 Len=1448 TSval=2916033147 TSecr=3045552921 [TCP segment of a reassembled PDU]"
"6984","29.066851947","192.168.1.55","192.168.1.2","TCP","1514","8004  >  49892 [ACK] Seq=211598 Ack=141 Win=65024 Len=1448 TSval=2916033147 TSecr=3045552921 [TCP segment of a reassembled PDU]"
"6985","29.066853188","192.168.1.55","192.168.1.2","TCP","1514","8004  >  49892 [ACK] Seq=213046 Ack=141 Win=65024 Len=1448 TSval=2916033147 TSecr=3045552921 [TCP segment of a reassembled PDU]"
"6986","29.066854466","192.168.1.55","192.168.1.2","TCP","1514","8004  >  49892 [ACK] Seq=214494 Ack=141 Win=65024 Len=1448 TSval=2916033147 TSecr=3045552921 [TCP segment of a reassembled PDU]"
"6987","29.066855725","192.168.1.55","192.168.1.2","TCP","1514","8004  >  49892 [ACK] Seq=215942 Ack=141 Win=65024 Len=1448 TSval=2916033147 TSecr=3045552921 [TCP segment of a reassembled PDU]"
"6988","29.066856966","192.168.1.55","192.168.1.2","TCP","1514","8004  >  49892 [ACK] Seq=217390 Ack=141 Win=65024 Len=1448 TSval=2916033147 TSecr=3045552921 [TCP segment of a reassembled PDU]"
"6989","29.066858318","192.168.1.55","192.168.1.2","TCP","1514","8004  >  49892 [ACK] Seq=218838 Ack=141 Win=65024 Len=1448 TSval=2916033147 TSecr=3045552921 [TCP segment of a reassembled PDU]"
"6990","29.066859540","192.168.1.55","192.168.1.2","TCP","1514","8004  >  49892 [ACK] Seq=220286 Ack=141 Win=65024 Len=1448 TSval=2916033147 TSecr=3045552921 [TCP segment of a reassembled PDU]"
"6991","29.066860855","192.168.1.55","192.168.1.2","TCP","1514","8004  >  49892 [ACK] Seq=221734 Ack=141 Win=65024 Len=1448 TSval=2916033147 TSecr=3045552921 [TCP segment of a reassembled PDU]"
"6992","29.066862503","192.168.1.55","192.168.1.2","TCP","1514","8004  >  49892 [ACK] Seq=223182 Ack=141 Win=65024 Len=1448 TSval=2916033147 TSecr=3045552921 [TCP segment of a reassembled PDU]"
"6993","29.066863688","192.168.1.55","192.168.1.2","TCP","1514","8004  >  49892 [ACK] Seq=224630 Ack=141 Win=65024 Len=1448 TSval=2916033147 TSecr=3045552921 [TCP segment of a reassembled PDU]"
"6994","29.066864966","192.168.1.55","192.168.1.2","TCP","1514","8004  >  49892 [ACK] Seq=226078 Ack=141 Win=65024 Len=1448 TSval=2916033147 TSecr=3045552921 [TCP segment of a reassembled PDU]"
"6995","29.066866170","192.168.1.55","192.168.1.2","TCP","1514","8004  >  49892 [PSH, ACK] Seq=227526 Ack=141 Win=65024 Len=1448 TSval=2916033147 TSecr=3045552921 [TCP segment of a reassembled PDU]"
"6996","29.066870188","192.168.1.2","192.168.1.55","TCP","66","[TCP Window Update] 49892  >  8004 [ACK] Seq=141 Ack=188382 Win=87040 Len=0 TSval=3045552921 TSecr=2916033141"
"6997","29.066887559","192.168.1.55","192.168.1.2","TCP","1514","8004  >  49892 [ACK] Seq=228974 Ack=141 Win=65024 Len=1448 TSval=2916033147 TSecr=3045552921 [TCP segment of a reassembled PDU]"
"6998","29.066889040","192.168.1.55","192.168.1.2","TCP","1514","8004  >  49892 [ACK] Seq=230422 Ack=141 Win=65024 Len=1448 TSval=2916033147 TSecr=3045552921 [TCP segment of a reassembled PDU]"
"6999","29.066890188","192.168.1.55","192.168.1.2","TCP","1514","8004  >  49892 [ACK] Seq=231870 Ack=141 Win=65024 Len=1448 TSval=2916033147 TSecr=3045552921 [TCP segment of a reassembled PDU]"
"7000","29.066891392","192.168.1.55","192.168.1.2","TCP","1514","8004  >  49892 [ACK] Seq=233318 Ack=141 Win=65024 Len=1448 TSval=2916033147 TSecr=3045552921 [TCP segment of a reassembled PDU]"
"7001","29.066892577","192.168.1.55","192.168.1.2","TCP","1514","8004  >  49892 [ACK] Seq=234766 Ack=141 Win=65024 Len=1448 TSval=2916033147 TSecr=3045552921 [TCP segment of a reassembled PDU]"
"7002","29.066893836","192.168.1.55","192.168.1.2","TCP","1514","8004  >  49892 [ACK] Seq=236214 Ack=141 Win=65024 Len=1448 TSval=2916033147 TSecr=3045552921 [TCP segment of a reassembled PDU]"
"7003","29.066895077","192.168.1.55","192.168.1.2","TCP","1514","8004  >  49892 [ACK] Seq=237662 Ack=141 Win=65024 Len=1448 TSval=2916033147 TSecr=3045552921 [TCP segment of a reassembled PDU]"
"7004","29.066896225","192.168.1.55","192.168.1.2","TCP","1514","8004  >  49892 [ACK] Seq=239110 Ack=141 Win=65024 Len=1448 TSval=2916033147 TSecr=3045552921 [TCP segment of a reassembled PDU]"
"7005","29.066897373","192.168.1.55","192.168.1.2","TCP","1514","8004  >  49892 [ACK] Seq=240558 Ack=141 Win=65024 Len=1448 TSval=2916033147 TSecr=3045552921 [TCP segment of a reassembled PDU]"
"7006","29.066898522","192.168.1.55","192.168.1.2","TCP","1514","8004  >  49892 [ACK] Seq=242006 Ack=141 Win=65024 Len=1448 TSval=2916033147 TSecr=3045552921 [TCP segment of a reassembled PDU]"
"7007","29.066899744","192.168.1.55","192.168.1.2","TCP","1514","8004  >  49892 [PSH, ACK] Seq=243454 Ack=141 Win=65024 Len=1448 TSval=2916033147 TSecr=3045552921 [TCP segment of a reassembled PDU]"
"7008","29.066926651","192.168.1.55","192.168.1.2","TCP","1514","8004  >  49892 [ACK] Seq=244902 Ack=141 Win=65024 Len=1448 TSval=2916033147 TSecr=3045552921 [TCP segment of a reassembled PDU]"
"7009","29.066928318","192.168.1.55","192.168.1.2","TCP","1514","8004  >  49892 [ACK] Seq=246350 Ack=141 Win=65024 Len=1448 TSval=2916033147 TSecr=3045552921 [TCP segment of a reassembled PDU]"
"7010","29.066929466","192.168.1.55","192.168.1.2","TCP","1514","8004  >  49892 [ACK] Seq=247798 Ack=141 Win=65024 Len=1448 TSval=2916033147 TSecr=3045552921 [TCP segment of a reassembled PDU]"
"7011","29.066930762","192.168.1.55","192.168.1.2","TCP","1514","8004  >  49892 [ACK] Seq=249246 Ack=141 Win=65024 Len=1448 TSval=2916033147 TSecr=3045552921 [TCP segment of a reassembled PDU]"
"7012","29.066932429","192.168.1.55","192.168.1.2","TCP","1514","8004  >  49892 [ACK] Seq=250694 Ack=141 Win=65024 Len=1448 TSval=2916033147 TSecr=3045552921 [TCP segment of a reassembled PDU]"
"7013","29.066933837","192.168.1.55","192.168.1.2","TCP","1514","8004  >  49892 [ACK] Seq=252142 Ack=141 Win=65024 Len=1448 TSval=2916033147 TSecr=3045552921 [TCP segment of a reassembled PDU]"
"7014","29.066935003","192.168.1.55","192.168.1.2","TCP","1514","8004  >  49892 [ACK] Seq=253590 Ack=141 Win=65024 Len=1448 TSval=2916033147 TSecr=3045552921 [TCP segment of a reassembled PDU]"
"7015","29.066936448","192.168.1.55","192.168.1.2","TCP","1514","8004  >  49892 [ACK] Seq=255038 Ack=141 Win=65024 Len=1448 TSval=2916033147 TSecr=3045552921 [TCP segment of a reassembled PDU]"
"7016","29.066937781","192.168.1.55","192.168.1.2","TCP","1514","8004  >  49892 [ACK] Seq=256486 Ack=141 Win=65024 Len=1448 TSval=2916033147 TSecr=3045552921 [TCP segment of a reassembled PDU]"
"7017","29.066939003","192.168.1.55","192.168.1.2","TCP","1514","8004  >  49892 [ACK] Seq=257934 Ack=141 Win=65024 Len=1448 TSval=2916033147 TSecr=3045552921 [TCP segment of a reassembled PDU]"
"7018","29.066940170","192.168.1.55","192.168.1.2","TCP","1514","8004  >  49892 [ACK] Seq=259382 Ack=141 Win=65024 Len=1448 TSval=2916033147 TSecr=3045552921 [TCP segment of a reassembled PDU]"
"7019","29.066941429","192.168.1.55","192.168.1.2","TCP","1514","8004  >  49892 [ACK] Seq=260830 Ack=141 Win=65024 Len=1448 TSval=2916033147 TSecr=3045552921 [TCP segment of a reassembled PDU]"
"7020","29.066942633","192.168.1.55","192.168.1.2","TCP","1514","8004  >  49892 [ACK] Seq=262278 Ack=141 Win=65024 Len=1448 TSval=2916033147 TSecr=3045552921 [TCP segment of a reassembled PDU]"
"7021","29.066943911","192.168.1.55","192.168.1.2","TCP","1514","8004  >  49892 [ACK] Seq=263726 Ack=141 Win=65024 Len=1448 TSval=2916033147 TSecr=3045552921 [TCP segment of a reassembled PDU]"
"7022","29.066945188","192.168.1.55","192.168.1.2","TCP","1514","8004  >  49892 [ACK] Seq=265174 Ack=141 Win=65024 Len=1448 TSval=2916033147 TSecr=3045552921 [TCP segment of a reassembled PDU]"
"7023","29.066946374","192.168.1.55","192.168.1.2","TCP","1514","8004  >  49892 [ACK] Seq=266622 Ack=141 Win=65024 Len=1448 TSval=2916033147 TSecr=3045552921 [TCP segment of a reassembled PDU]"
"7024","29.066947559","192.168.1.55","192.168.1.2","TCP","1514","8004  >  49892 [ACK] Seq=268070 Ack=141 Win=65024 Len=1448 TSval=2916033147 TSecr=3045552921 [TCP segment of a reassembled PDU]"
"7025","29.066948762","192.168.1.55","192.168.1.2","TCP","1514","8004  >  49892 [ACK] Seq=269518 Ack=141 Win=65024 Len=1448 TSval=2916033147 TSecr=3045552921 [TCP segment of a reassembled PDU]"
"7026","29.066950003","192.168.1.55","192.168.1.2","TCP","1514","8004  >  49892 [ACK] Seq=270966 Ack=141 Win=65024 Len=1448 TSval=2916033147 TSecr=3045552921 [TCP segment of a reassembled PDU]"
"7027","29.066951188","192.168.1.55","192.168.1.2","TCP","1514","8004  >  49892 [ACK] Seq=272414 Ack=141 Win=65024 Len=1448 TSval=2916033147 TSecr=3045552921 [TCP segment of a reassembled PDU]"
"7028","29.066952355","192.168.1.55","192.168.1.2","TCP","1514","8004  >  49892 [PSH, ACK] Seq=273862 Ack=141 Win=65024 Len=1448 TSval=2916033147 TSecr=3045552921 [TCP segment of a reassembled PDU]"
"7029","29.066955966","192.168.1.2","192.168.1.55","TCP","66","49892  >  8004 [ACK] Seq=141 Ack=189830 Win=97280 Len=0 TSval=3045552922 TSecr=2916033141"
"7030","29.068166301","192.168.1.2","192.168.1.55","TCP","66","49892  >  8004 [ACK] Seq=141 Ack=192726 Win=102400 Len=0 TSval=3045552922 TSecr=2916033141"
"7031","29.068185357","192.168.1.55","192.168.1.2","TCP","1514","8004  >  49892 [ACK] Seq=275310 Ack=141 Win=65024 Len=1448 TSval=2916033148 TSecr=3045552922 [TCP segment of a reassembled PDU]"
"7032","29.068187413","192.168.1.55","192.168.1.2","TCP","1514","8004  >  49892 [ACK] Seq=276758 Ack=141 Win=65024 Len=1448 TSval=2916033148 TSecr=3045552922 [TCP segment of a reassembled PDU]"
"7033","29.068188931","192.168.1.55","192.168.1.2","TCP","1514","8004  >  49892 [ACK] Seq=278206 Ack=141 Win=65024 Len=1448 TSval=2916033148 TSecr=3045552922 [TCP segment of a reassembled PDU]"
"7034","29.068190209","192.168.1.55","192.168.1.2","TCP","1514","8004  >  49892 [ACK] Seq=279654 Ack=141 Win=65024 Len=1448 TSval=2916033148 TSecr=3045552922 [TCP segment of a reassembled PDU]"
"7035","29.068191450","192.168.1.55","192.168.1.2","TCP","1514","8004  >  49892 [ACK] Seq=281102 Ack=141 Win=65024 Len=1448 TSval=2916033148 TSecr=3045552922 [TCP segment of a reassembled PDU]"
"7036","29.068192746","192.168.1.55","192.168.1.2","TCP","1514","8004  >  49892 [ACK] Seq=282550 Ack=141 Win=65024 Len=1448 TSval=2916033148 TSecr=3045552922 [TCP segment of a reassembled PDU]"
"7037","29.068193894","192.168.1.55","192.168.1.2","TCP","1514","8004  >  49892 [ACK] Seq=283998 Ack=141 Win=65024 Len=1448 TSval=2916033148 TSecr=3045552922 [TCP segment of a reassembled PDU]"
"7038","29.068195116","192.168.1.55","192.168.1.2","TCP","1514","8004  >  49892 [ACK] Seq=285446 Ack=141 Win=65024 Len=1448 TSval=2916033148 TSecr=3045552922 [TCP segment of a reassembled PDU]"
"7039","29.068196376","192.168.1.55","192.168.1.2","TCP","1514","8004  >  49892 [ACK] Seq=286894 Ack=141 Win=65024 Len=1448 TSval=2916033148 TSecr=3045552922 [TCP segment of a reassembled PDU]"
"7040","29.068197616","192.168.1.55","192.168.1.2","TCP","1514","8004  >  49892 [PSH, ACK] Seq=288342 Ack=141 Win=65024 Len=1448 TSval=2916033148 TSecr=3045552922 [TCP segment of a reassembled PDU]"
"7041","29.072365826","192.168.1.2","192.168.1.55","TCP","66","49892  >  8004 [ACK] Seq=141 Ack=194174 Win=105472 Len=0 TSval=3045552923 TSecr=2916033145"
"7042","29.072378401","192.168.1.55","192.168.1.2","TCP","1514","8004  >  49892 [ACK] Seq=289790 Ack=141 Win=65024 Len=1448 TSval=2916033153 TSecr=3045552923 [TCP segment of a reassembled PDU]"
"7043","29.072380826","192.168.1.55","192.168.1.2","TCP","1514","8004  >  49892 [ACK] Seq=291238 Ack=141 Win=65024 Len=1448 TSval=2916033153 TSecr=3045552923 [TCP segment of a reassembled PDU]"
"7044","29.072382215","192.168.1.55","192.168.1.2","TCP","1514","8004  >  49892 [ACK] Seq=292686 Ack=141 Win=65024 Len=1448 TSval=2916033153 TSecr=3045552923 [TCP segment of a reassembled PDU]"
"7045","29.072383493","192.168.1.55","192.168.1.2","TCP","1514","8004  >  49892 [ACK] Seq=294134 Ack=141 Win=65024 Len=1448 TSval=2916033153 TSecr=3045552923 [TCP segment of a reassembled PDU]"
"7046","29.072384845","192.168.1.55","192.168.1.2","TCP","1514","8004  >  49892 [ACK] Seq=295582 Ack=141 Win=65024 Len=1448 TSval=2916033153 TSecr=3045552923 [TCP segment of a reassembled PDU]"
"7047","29.072386178","192.168.1.55","192.168.1.2","TCP","1514","8004  >  49892 [PSH, ACK] Seq=297030 Ack=141 Win=65024 Len=1448 TSval=2916033153 TSecr=3045552923 [TCP segment of a reassembled PDU]"
"7048","29.072706327","192.168.1.2","192.168.1.55","TCP","66","49892  >  8004 [ACK] Seq=141 Ack=195622 Win=108544 Len=0 TSval=3045552923 TSecr=2916033145"
"7049","29.074595589","192.168.1.2","192.168.1.55","TCP","66","49892  >  8004 [ACK] Seq=141 Ack=199966 Win=108544 Len=0 TSval=3045552928 TSecr=2916033145"
"7050","29.074608367","192.168.1.55","192.168.1.2","TCP","1514","8004  >  49892 [ACK] Seq=298478 Ack=141 Win=65024 Len=1448 TSval=2916033155 TSecr=3045552928 [TCP segment of a reassembled PDU]"
"7051","29.074610774","192.168.1.55","192.168.1.2","TCP","1514","8004  >  49892 [ACK] Seq=299926 Ack=141 Win=65024 Len=1448 TSval=2916033155 TSecr=3045552928 [TCP segment of a reassembled PDU]"
"7052","29.074612089","192.168.1.55","192.168.1.2","TCP","1514","8004  >  49892 [ACK] Seq=301374 Ack=141 Win=65024 Len=1448 TSval=2916033155 TSecr=3045552928 [TCP segment of a reassembled PDU]"
"7053","29.074613367","192.168.1.55","192.168.1.2","TCP","1514","8004  >  49892 [ACK] Seq=302822 Ack=141 Win=65024 Len=1448 TSval=2916033155 TSecr=3045552928 [TCP segment of a reassembled PDU]"
"7054","29.074614830","192.168.1.55","192.168.1.2","TCP","1514","8004  >  49892 [ACK] Seq=304270 Ack=141 Win=65024 Len=1448 TSval=2916033155 TSecr=3045552928 [TCP segment of a reassembled PDU]"
"7055","29.074616108","192.168.1.55","192.168.1.2","TCP","1514","8004  >  49892 [PSH, ACK] Seq=305718 Ack=141 Win=65024 Len=1448 TSval=2916033155 TSecr=3045552928 [TCP segment of a reassembled PDU]"
"7056","29.074966293","192.168.1.2","192.168.1.55","TCP","66","49892  >  8004 [ACK] Seq=141 Ack=228974 Win=111616 Len=0 TSval=3045552928 TSecr=2916033147"
"7057","29.074988145","192.168.1.55","192.168.1.2","TCP","1514","8004  >  49892 [ACK] Seq=307166 Ack=141 Win=65024 Len=1448 TSval=2916033155 TSecr=3045552928 [TCP segment of a reassembled PDU]"
"7058","29.074990553","192.168.1.55","192.168.1.2","TCP","1514","8004  >  49892 [ACK] Seq=308614 Ack=141 Win=65024 Len=1448 TSval=2916033155 TSecr=3045552928 [TCP segment of a reassembled PDU]"
"7059","29.074991942","192.168.1.55","192.168.1.2","TCP","1514","8004  >  49892 [ACK] Seq=310062 Ack=141 Win=65024 Len=1448 TSval=2916033155 TSecr=3045552928 [TCP segment of a reassembled PDU]"
"7060","29.074993331","192.168.1.55","192.168.1.2","TCP","1514","8004  >  49892 [ACK] Seq=311510 Ack=141 Win=65024 Len=1448 TSval=2916033155 TSecr=3045552928 [TCP segment of a reassembled PDU]"
"7061","29.074994627","192.168.1.55","192.168.1.2","TCP","1514","8004  >  49892 [ACK] Seq=312958 Ack=141 Win=65024 Len=1448 TSval=2916033155 TSecr=3045552928 [TCP segment of a reassembled PDU]"
"7062","29.074996016","192.168.1.55","192.168.1.2","TCP","1514","8004  >  49892 [ACK] Seq=314406 Ack=141 Win=65024 Len=1448 TSval=2916033155 TSecr=3045552928 [TCP segment of a reassembled PDU]"
"7063","29.074997719","192.168.1.55","192.168.1.2","TCP","1514","8004  >  49892 [ACK] Seq=315854 Ack=141 Win=65024 Len=1448 TSval=2916033155 TSecr=3045552928 [TCP segment of a reassembled PDU]"
"7064","29.074999016","192.168.1.55","192.168.1.2","TCP","1514","8004  >  49892 [ACK] Seq=317302 Ack=141 Win=65024 Len=1448 TSval=2916033155 TSecr=3045552928 [TCP segment of a reassembled PDU]"
"7065","29.075000423","192.168.1.55","192.168.1.2","TCP","1514","8004  >  49892 [ACK] Seq=318750 Ack=141 Win=65024 Len=1448 TSval=2916033155 TSecr=3045552928 [TCP segment of a reassembled PDU]"
"7066","29.075001775","192.168.1.55","192.168.1.2","TCP","1514","8004  >  49892 [ACK] Seq=320198 Ack=141 Win=65024 Len=1448 TSval=2916033155 TSecr=3045552928 [TCP segment of a reassembled PDU]"
"7067","29.075003071","192.168.1.55","192.168.1.2","TCP","1514","8004  >  49892 [ACK] Seq=321646 Ack=141 Win=65024 Len=1448 TSval=2916033155 TSecr=3045552928 [TCP segment of a reassembled PDU]"
"7068","29.075004349","192.168.1.55","192.168.1.2","TCP","1514","8004  >  49892 [ACK] Seq=323094 Ack=141 Win=65024 Len=1448 TSval=2916033155 TSecr=3045552928 [TCP segment of a reassembled PDU]"
"7069","29.075005719","192.168.1.55","192.168.1.2","TCP","1514","8004  >  49892 [ACK] Seq=324542 Ack=141 Win=65024 Len=1448 TSval=2916033155 TSecr=3045552928 [TCP segment of a reassembled PDU]"
"7070","29.075007201","192.168.1.55","192.168.1.2","TCP","1514","8004  >  49892 [ACK] Seq=325990 Ack=141 Win=65024 Len=1448 TSval=2916033155 TSecr=3045552928 [TCP segment of a reassembled PDU]"
"7071","29.075008497","192.168.1.55","192.168.1.2","TCP","1514","8004  >  49892 [ACK] Seq=327438 Ack=141 Win=65024 Len=1448 TSval=2916033155 TSecr=3045552928 [TCP segment of a reassembled PDU]"
"7072","29.075009923","192.168.1.55","192.168.1.2","TCP","1514","8004  >  49892 [ACK] Seq=328886 Ack=141 Win=65024 Len=1448 TSval=2916033155 TSecr=3045552928 [TCP segment of a reassembled PDU]"
"7073","29.075011182","192.168.1.55","192.168.1.2","TCP","1514","8004  >  49892 [ACK] Seq=330334 Ack=141 Win=65024 Len=1448 TSval=2916033155 TSecr=3045552928 [TCP segment of a reassembled PDU]"
"7074","29.075012497","192.168.1.55","192.168.1.2","TCP","1514","8004  >  49892 [ACK] Seq=331782 Ack=141 Win=65024 Len=1448 TSval=2916033155 TSecr=3045552928 [TCP segment of a reassembled PDU]"
"7075","29.075013886","192.168.1.55","192.168.1.2","TCP","1514","8004  >  49892 [PSH, ACK] Seq=333230 Ack=141 Win=65024 Len=1448 TSval=2916033155 TSecr=3045552928 [TCP segment of a reassembled PDU]"
"7076","29.075018608","192.168.1.2","192.168.1.55","TCP","66","49892  >  8004 [ACK] Seq=141 Ack=244902 Win=125952 Len=0 TSval=3045552928 TSecr=2916033147"
"7077","29.075026312","192.168.1.2","192.168.1.55","TCP","66","49892  >  8004 [ACK] Seq=141 Ack=275310 Win=103424 Len=0 TSval=3045552928 TSecr=2916033147"
"7078","29.075061720","192.168.1.55","192.168.1.2","TCP","1514","8004  >  49892 [ACK] Seq=334678 Ack=141 Win=65024 Len=1448 TSval=2916033155 TSecr=3045552928 [TCP segment of a reassembled PDU]"
"7079","29.075063497","192.168.1.55","192.168.1.2","TCP","1514","8004  >  49892 [ACK] Seq=336126 Ack=141 Win=65024 Len=1448 TSval=2916033155 TSecr=3045552928 [TCP segment of a reassembled PDU]"
"7080","29.075064886","192.168.1.55","192.168.1.2","TCP","1514","8004  >  49892 [ACK] Seq=337574 Ack=141 Win=65024 Len=1448 TSval=2916033155 TSecr=3045552928 [TCP segment of a reassembled PDU]"
"7081","29.075066312","192.168.1.55","192.168.1.2","TCP","1514","8004  >  49892 [ACK] Seq=339022 Ack=141 Win=65024 Len=1448 TSval=2916033155 TSecr=3045552928 [TCP segment of a reassembled PDU]"
"7082","29.075068071","192.168.1.55","192.168.1.2","TCP","1514","8004  >  49892 [ACK] Seq=340470 Ack=141 Win=65024 Len=1448 TSval=2916033155 TSecr=3045552928 [TCP segment of a reassembled PDU]"
"7083","29.075069423","192.168.1.55","192.168.1.2","TCP","1514","8004  >  49892 [ACK] Seq=341918 Ack=141 Win=65024 Len=1448 TSval=2916033155 TSecr=3045552928 [TCP segment of a reassembled PDU]"
"7084","29.075070886","192.168.1.55","192.168.1.2","TCP","1514","8004  >  49892 [ACK] Seq=343366 Ack=141 Win=65024 Len=1448 TSval=2916033155 TSecr=3045552928 [TCP segment of a reassembled PDU]"
"7085","29.075072275","192.168.1.55","192.168.1.2","TCP","1514","8004  >  49892 [ACK] Seq=344814 Ack=141 Win=65024 Len=1448 TSval=2916033155 TSecr=3045552928 [TCP segment of a reassembled PDU]"
"7086","29.075073590","192.168.1.55","192.168.1.2","TCP","1514","8004  >  49892 [ACK] Seq=346262 Ack=141 Win=65024 Len=1448 TSval=2916033155 TSecr=3045552928 [TCP segment of a reassembled PDU]"
"7087","29.075075331","192.168.1.55","192.168.1.2","TCP","1514","8004  >  49892 [ACK] Seq=347710 Ack=141 Win=65024 Len=1448 TSval=2916033155 TSecr=3045552928 [TCP segment of a reassembled PDU]"
"7088","29.075076627","192.168.1.55","192.168.1.2","TCP","1514","8004  >  49892 [ACK] Seq=349158 Ack=141 Win=65024 Len=1448 TSval=2916033155 TSecr=3045552928 [TCP segment of a reassembled PDU]"
"7089","29.075077942","192.168.1.55","192.168.1.2","TCP","1514","8004  >  49892 [ACK] Seq=350606 Ack=141 Win=65024 Len=1448 TSval=2916033155 TSecr=3045552928 [TCP segment of a reassembled PDU]"
"7090","29.075079331","192.168.1.55","192.168.1.2","TCP","1514","8004  >  49892 [ACK] Seq=352054 Ack=141 Win=65024 Len=1448 TSval=2916033155 TSecr=3045552928 [TCP segment of a reassembled PDU]"
"7091","29.075080646","192.168.1.55","192.168.1.2","TCP","1514","8004  >  49892 [ACK] Seq=353502 Ack=141 Win=65024 Len=1448 TSval=2916033155 TSecr=3045552928 [TCP segment of a reassembled PDU]"
"7092","29.075082034","192.168.1.55","192.168.1.2","TCP","1514","8004  >  49892 [ACK] Seq=354950 Ack=141 Win=65024 Len=1448 TSval=2916033155 TSecr=3045552928 [TCP segment of a reassembled PDU]"
"7093","29.075083664","192.168.1.55","192.168.1.2","TCP","1514","8004  >  49892 [ACK] Seq=356398 Ack=141 Win=65024 Len=1448 TSval=2916033155 TSecr=3045552928 [TCP segment of a reassembled PDU]"
"7094","29.075084960","192.168.1.55","192.168.1.2","TCP","1514","8004  >  49892 [ACK] Seq=357846 Ack=141 Win=65024 Len=1448 TSval=2916033155 TSecr=3045552928 [TCP segment of a reassembled PDU]"
"7095","29.075086405","192.168.1.55","192.168.1.2","TCP","1514","8004  >  49892 [ACK] Seq=359294 Ack=141 Win=65024 Len=1448 TSval=2916033155 TSecr=3045552928 [TCP segment of a reassembled PDU]"
"7096","29.075087775","192.168.1.55","192.168.1.2","TCP","1514","8004  >  49892 [ACK] Seq=360742 Ack=141 Win=65024 Len=1448 TSval=2916033155 TSecr=3045552928 [TCP segment of a reassembled PDU]"
"7097","29.075089201","192.168.1.55","192.168.1.2","TCP","1514","8004  >  49892 [ACK] Seq=362190 Ack=141 Win=65024 Len=1448 TSval=2916033155 TSecr=3045552928 [TCP segment of a reassembled PDU]"
"7098","29.075090571","192.168.1.55","192.168.1.2","TCP","1514","8004  >  49892 [ACK] Seq=363638 Ack=141 Win=65024 Len=1448 TSval=2916033155 TSecr=3045552928 [TCP segment of a reassembled PDU]"
"7099","29.075091868","192.168.1.55","192.168.1.2","TCP","1514","8004  >  49892 [ACK] Seq=365086 Ack=141 Win=65024 Len=1448 TSval=2916033155 TSecr=3045552928 [TCP segment of a reassembled PDU]"
"7100","29.075093238","192.168.1.55","192.168.1.2","TCP","1514","8004  >  49892 [ACK] Seq=366534 Ack=141 Win=65024 Len=1448 TSval=2916033155 TSecr=3045552928 [TCP segment of a reassembled PDU]"
"7101","29.075094627","192.168.1.55","192.168.1.2","TCP","1514","8004  >  49892 [ACK] Seq=367982 Ack=141 Win=65024 Len=1448 TSval=2916033155 TSecr=3045552928 [TCP segment of a reassembled PDU]"
"7102","29.075096109","192.168.1.55","192.168.1.2","TCP","1514","8004  >  49892 [ACK] Seq=369430 Ack=141 Win=65024 Len=1448 TSval=2916033155 TSecr=3045552928 [TCP segment of a reassembled PDU]"
"7103","29.075101757","192.168.1.55","192.168.1.2","TCP","1514","8004  >  49892 [ACK] Seq=370878 Ack=141 Win=65024 Len=1448 TSval=2916033155 TSecr=3045552928 [TCP segment of a reassembled PDU]"
"7104","29.075103349","192.168.1.55","192.168.1.2","TCP","1514","8004  >  49892 [ACK] Seq=372326 Ack=141 Win=65024 Len=1448 TSval=2916033155 TSecr=3045552928 [TCP segment of a reassembled PDU]"
"7105","29.075104757","192.168.1.55","192.168.1.2","TCP","1514","8004  >  49892 [ACK] Seq=373774 Ack=141 Win=65024 Len=1448 TSval=2916033155 TSecr=3045552928 [TCP segment of a reassembled PDU]"
"7106","29.075106090","192.168.1.55","192.168.1.2","TCP","1514","8004  >  49892 [ACK] Seq=375222 Ack=141 Win=65024 Len=1448 TSval=2916033155 TSecr=3045552928 [TCP segment of a reassembled PDU]"
"7107","29.075107571","192.168.1.55","192.168.1.2","TCP","1514","8004  >  49892 [ACK] Seq=376670 Ack=141 Win=65024 Len=1448 TSval=2916033155 TSecr=3045552928 [TCP segment of a reassembled PDU]"
"7108","29.075108979","192.168.1.55","192.168.1.2","TCP","682","[TCP Window Full] 8004  >  49892 [PSH, ACK] Seq=378118 Ack=141 Win=65024 Len=616 TSval=2916033155 TSecr=3045552928 [TCP segment of a reassembled PDU]"
"7109","29.075113868","192.168.1.2","192.168.1.55","TCP","66","49892  >  8004 [ACK] Seq=141 Ack=281102 Win=125952 Len=0 TSval=3045552928 TSecr=2916033148"
"7110","29.075178127","192.168.1.2","192.168.1.55","TCP","66","49892  >  8004 [ACK] Seq=141 Ack=289790 Win=143360 Len=0 TSval=3045552930 TSecr=2916033148"
"7111","29.075185535","192.168.1.2","192.168.1.55","TCP","66","49892  >  8004 [ACK] Seq=141 Ack=291238 Win=145408 Len=0 TSval=3045552930 TSecr=2916033153"
"7112","29.075190238","192.168.1.2","192.168.1.55","TCP","66","49892  >  8004 [ACK] Seq=141 Ack=292686 Win=148480 Len=0 TSval=3045552930 TSecr=2916033153"
"7113","29.076383185","192.168.1.55","192.168.1.2","TCP","1514","8004  >  49892 [ACK] Seq=378734 Ack=141 Win=65024 Len=1448 TSval=2916033157 TSecr=3045552930 [TCP segment of a reassembled PDU]"
"7114","29.076389314","192.168.1.55","192.168.1.2","TCP","898","8004  >  49892 [PSH, ACK] Seq=380182 Ack=141 Win=65024 Len=832 TSval=2916033157 TSecr=3045552930 [TCP segment of a reassembled PDU]"
"7115","29.076424074","192.168.1.55","192.168.1.2","TCP","1514","8004  >  49892 [ACK] Seq=381014 Ack=141 Win=65024 Len=1448 TSval=2916033157 TSecr=3045552930 [TCP segment of a reassembled PDU]"
"7116","29.076425629","192.168.1.55","192.168.1.2","TCP","1514","8004  >  49892 [ACK] Seq=382462 Ack=141 Win=65024 Len=1448 TSval=2916033157 TSecr=3045552930 [TCP segment of a reassembled PDU]"
"7117","29.076427018","192.168.1.55","192.168.1.2","TCP","1514","8004  >  49892 [ACK] Seq=383910 Ack=141 Win=65024 Len=1448 TSval=2916033157 TSecr=3045552930 [TCP segment of a reassembled PDU]"
"7118","29.076428759","192.168.1.55","192.168.1.2","TCP","1514","8004  >  49892 [ACK] Seq=385358 Ack=141 Win=65024 Len=1448 TSval=2916033157 TSecr=3045552930 [TCP segment of a reassembled PDU]"
"7119","29.076430129","192.168.1.55","192.168.1.2","TCP","1514","8004  >  49892 [ACK] Seq=386806 Ack=141 Win=65024 Len=1448 TSval=2916033157 TSecr=3045552930 [TCP segment of a reassembled PDU]"
"7120","29.076431518","192.168.1.55","192.168.1.2","TCP","1514","8004  >  49892 [ACK] Seq=388254 Ack=141 Win=65024 Len=1448 TSval=2916033157 TSecr=3045552930 [TCP segment of a reassembled PDU]"
"7121","29.076433111","192.168.1.55","192.168.1.2","TCP","1514","8004  >  49892 [ACK] Seq=389702 Ack=141 Win=65024 Len=1448 TSval=2916033157 TSecr=3045552930 [TCP segment of a reassembled PDU]"
"7122","29.076434703","192.168.1.55","192.168.1.2","TCP","1514","8004  >  49892 [ACK] Seq=391150 Ack=141 Win=65024 Len=1448 TSval=2916033157 TSecr=3045552930 [TCP segment of a reassembled PDU]"
"7123","29.076435981","192.168.1.55","192.168.1.2","TCP","1514","8004  >  49892 [ACK] Seq=392598 Ack=141 Win=65024 Len=1448 TSval=2916033157 TSecr=3045552930 [TCP segment of a reassembled PDU]"
"7124","29.076437888","192.168.1.55","192.168.1.2","TCP","1514","8004  >  49892 [ACK] Seq=394046 Ack=141 Win=65024 Len=1448 TSval=2916033157 TSecr=3045552930 [TCP segment of a reassembled PDU]"
"7125","29.076439314","192.168.1.55","192.168.1.2","TCP","1514","8004  >  49892 [ACK] Seq=395494 Ack=141 Win=65024 Len=1448 TSval=2916033157 TSecr=3045552930 [TCP segment of a reassembled PDU]"
"7126","29.076440611","192.168.1.55","192.168.1.2","TCP","1514","8004  >  49892 [ACK] Seq=396942 Ack=141 Win=65024 Len=1448 TSval=2916033157 TSecr=3045552930 [TCP segment of a reassembled PDU]"
"7127","29.076442222","192.168.1.55","192.168.1.2","TCP","1514","8004  >  49892 [ACK] Seq=398390 Ack=141 Win=65024 Len=1448 TSval=2916033157 TSecr=3045552930 [TCP segment of a reassembled PDU]"
"7128","29.076443648","192.168.1.55","192.168.1.2","TCP","1514","8004  >  49892 [ACK] Seq=399838 Ack=141 Win=65024 Len=1448 TSval=2916033157 TSecr=3045552930 [TCP segment of a reassembled PDU]"
"7129","29.076445018","192.168.1.55","192.168.1.2","TCP","1514","8004  >  49892 [ACK] Seq=401286 Ack=141 Win=65024 Len=1448 TSval=2916033157 TSecr=3045552930 [TCP segment of a reassembled PDU]"
"7130","29.076446388","192.168.1.55","192.168.1.2","TCP","1514","8004  >  49892 [ACK] Seq=402734 Ack=141 Win=65024 Len=1448 TSval=2916033157 TSecr=3045552930 [TCP segment of a reassembled PDU]"
"7131","29.076447833","192.168.1.55","192.168.1.2","TCP","1514","8004  >  49892 [ACK] Seq=404182 Ack=141 Win=65024 Len=1448 TSval=2916033157 TSecr=3045552930 [TCP segment of a reassembled PDU]"
"7132","29.076449259","192.168.1.55","192.168.1.2","TCP","1514","8004  >  49892 [ACK] Seq=405630 Ack=141 Win=65024 Len=1448 TSval=2916033157 TSecr=3045552930 [TCP segment of a reassembled PDU]"
"7133","29.076450685","192.168.1.55","192.168.1.2","TCP","1514","8004  >  49892 [ACK] Seq=407078 Ack=141 Win=65024 Len=1448 TSval=2916033157 TSecr=3045552930 [TCP segment of a reassembled PDU]"
"7134","29.076452203","192.168.1.55","192.168.1.2","TCP","1514","8004  >  49892 [ACK] Seq=408526 Ack=141 Win=65024 Len=1448 TSval=2916033157 TSecr=3045552930 [TCP segment of a reassembled PDU]"
"7135","29.076453574","192.168.1.55","192.168.1.2","TCP","1514","8004  >  49892 [ACK] Seq=409974 Ack=141 Win=65024 Len=1448 TSval=2916033157 TSecr=3045552930 [TCP segment of a reassembled PDU]"
"7136","29.076455000","192.168.1.55","192.168.1.2","TCP","1514","8004  >  49892 [ACK] Seq=411422 Ack=141 Win=65024 Len=1448 TSval=2916033157 TSecr=3045552930 [TCP segment of a reassembled PDU]"
"7137","29.076456666","192.168.1.55","192.168.1.2","TCP","1514","8004  >  49892 [ACK] Seq=412870 Ack=141 Win=65024 Len=1448 TSval=2916033157 TSecr=3045552930 [TCP segment of a reassembled PDU]"
"7138","29.076458333","192.168.1.55","192.168.1.2","TCP","1514","8004  >  49892 [ACK] Seq=414318 Ack=141 Win=65024 Len=1448 TSval=2916033157 TSecr=3045552930 [TCP segment of a reassembled PDU]"
"7139","29.076459722","192.168.1.55","192.168.1.2","TCP","1514","8004  >  49892 [ACK] Seq=415766 Ack=141 Win=65024 Len=1448 TSval=2916033157 TSecr=3045552930 [TCP segment of a reassembled PDU]"
"7140","29.076461203","192.168.1.55","192.168.1.2","TCP","1514","8004  >  49892 [ACK] Seq=417214 Ack=141 Win=65024 Len=1448 TSval=2916033157 TSecr=3045552930 [TCP segment of a reassembled PDU]"
"7141","29.076462685","192.168.1.55","192.168.1.2","TCP","1514","8004  >  49892 [ACK] Seq=418662 Ack=141 Win=65024 Len=1448 TSval=2916033157 TSecr=3045552930 [TCP segment of a reassembled PDU]"
"7142","29.076464037","192.168.1.55","192.168.1.2","TCP","1514","8004  >  49892 [ACK] Seq=420110 Ack=141 Win=65024 Len=1448 TSval=2916033157 TSecr=3045552930 [TCP segment of a reassembled PDU]"
"7143","29.076465666","192.168.1.55","192.168.1.2","TCP","1514","8004  >  49892 [ACK] Seq=421558 Ack=141 Win=65024 Len=1448 TSval=2916033157 TSecr=3045552930 [TCP segment of a reassembled PDU]"
"7144","29.076467129","192.168.1.55","192.168.1.2","TCP","1514","8004  >  49892 [ACK] Seq=423006 Ack=141 Win=65024 Len=1448 TSval=2916033157 TSecr=3045552930 [TCP segment of a reassembled PDU]"
"7145","29.076468648","192.168.1.55","192.168.1.2","TCP","1514","8004  >  49892 [ACK] Seq=424454 Ack=141 Win=65024 Len=1448 TSval=2916033157 TSecr=3045552930 [TCP segment of a reassembled PDU]"
"7146","29.076469944","192.168.1.55","192.168.1.2","TCP","1514","8004  >  49892 [PSH, ACK] Seq=425902 Ack=141 Win=65024 Len=1448 TSval=2916033157 TSecr=3045552930 [TCP segment of a reassembled PDU]"
"7147","29.083446992","192.168.1.2","192.168.1.55","TCP","66","49892  >  8004 [ACK] Seq=141 Ack=298478 Win=159744 Len=0 TSval=3045552931 TSecr=2916033153"
"7148","29.083496733","192.168.1.55","192.168.1.2","TCP","1514","8004  >  49892 [ACK] Seq=427350 Ack=141 Win=65024 Len=1448 TSval=2916033164 TSecr=3045552931 [TCP segment of a reassembled PDU]"
"7149","29.083500714","192.168.1.55","192.168.1.2","TCP","1514","8004  >  49892 [ACK] Seq=428798 Ack=141 Win=65024 Len=1448 TSval=2916033164 TSecr=3045552931 [TCP segment of a reassembled PDU]"
"7150","29.083501881","192.168.1.55","192.168.1.2","TCP","1514","8004  >  49892 [ACK] Seq=430246 Ack=141 Win=65024 Len=1448 TSval=2916033164 TSecr=3045552931 [TCP segment of a reassembled PDU]"
"7151","29.083503214","192.168.1.55","192.168.1.2","TCP","1514","8004  >  49892 [ACK] Seq=431694 Ack=141 Win=65024 Len=1448 TSval=2916033164 TSecr=3045552931 [TCP segment of a reassembled PDU]"
"7152","29.083504362","192.168.1.55","192.168.1.2","TCP","1514","8004  >  49892 [ACK] Seq=433142 Ack=141 Win=65024 Len=1448 TSval=2916033164 TSecr=3045552931 [TCP segment of a reassembled PDU]"
"7153","29.083505566","192.168.1.55","192.168.1.2","TCP","1514","8004  >  49892 [ACK] Seq=434590 Ack=141 Win=65024 Len=1448 TSval=2916033164 TSecr=3045552931 [TCP segment of a reassembled PDU]"
"7154","29.083506918","192.168.1.55","192.168.1.2","TCP","1514","8004  >  49892 [ACK] Seq=436038 Ack=141 Win=65024 Len=1448 TSval=2916033164 TSecr=3045552931 [TCP segment of a reassembled PDU]"
"7155","29.083508122","192.168.1.55","192.168.1.2","TCP","1514","8004  >  49892 [ACK] Seq=437486 Ack=141 Win=65024 Len=1448 TSval=2916033164 TSecr=3045552931 [TCP segment of a reassembled PDU]"
"7156","29.083509362","192.168.1.55","192.168.1.2","TCP","1514","8004  >  49892 [ACK] Seq=438934 Ack=141 Win=65024 Len=1448 TSval=2916033164 TSecr=3045552931 [TCP segment of a reassembled PDU]"
"7157","29.083510585","192.168.1.55","192.168.1.2","TCP","1514","8004  >  49892 [ACK] Seq=440382 Ack=141 Win=65024 Len=1448 TSval=2916033164 TSecr=3045552931 [TCP segment of a reassembled PDU]"
"7158","29.083511807","192.168.1.55","192.168.1.2","TCP","1514","8004  >  49892 [ACK] Seq=441830 Ack=141 Win=65024 Len=1448 TSval=2916033164 TSecr=3045552931 [TCP segment of a reassembled PDU]"
"7159","29.083513140","192.168.1.55","192.168.1.2","TCP","1514","8004  >  49892 [ACK] Seq=443278 Ack=141 Win=65024 Len=1448 TSval=2916033164 TSecr=3045552931 [TCP segment of a reassembled PDU]"
"7160","29.083514270","192.168.1.55","192.168.1.2","TCP","1514","8004  >  49892 [ACK] Seq=444726 Ack=141 Win=65024 Len=1448 TSval=2916033164 TSecr=3045552931 [TCP segment of a reassembled PDU]"
"7161","29.083515399","192.168.1.55","192.168.1.2","TCP","1514","8004  >  49892 [ACK] Seq=446174 Ack=141 Win=65024 Len=1448 TSval=2916033164 TSecr=3045552931 [TCP segment of a reassembled PDU]"
"7162","29.083516548","192.168.1.55","192.168.1.2","TCP","1514","8004  >  49892 [ACK] Seq=447622 Ack=141 Win=65024 Len=1448 TSval=2916033164 TSecr=3045552931 [TCP segment of a reassembled PDU]"
"7163","29.083517714","192.168.1.55","192.168.1.2","TCP","1514","8004  >  49892 [ACK] Seq=449070 Ack=141 Win=65024 Len=1448 TSval=2916033164 TSecr=3045552931 [TCP segment of a reassembled PDU]"
"7164","29.083518936","192.168.1.55","192.168.1.2","TCP","1514","8004  >  49892 [ACK] Seq=450518 Ack=141 Win=65024 Len=1448 TSval=2916033164 TSecr=3045552931 [TCP segment of a reassembled PDU]"
"7165","29.083520085","192.168.1.55","192.168.1.2","TCP","1514","8004  >  49892 [ACK] Seq=451966 Ack=141 Win=65024 Len=1448 TSval=2916033164 TSecr=3045552931 [TCP segment of a reassembled PDU]"
"7166","29.083521862","192.168.1.55","192.168.1.2","TCP","1514","8004  >  49892 [ACK] Seq=453414 Ack=141 Win=65024 Len=1448 TSval=2916033164 TSecr=3045552931 [TCP segment of a reassembled PDU]"
"7167","29.083523066","192.168.1.55","192.168.1.2","TCP","1514","8004  >  49892 [ACK] Seq=454862 Ack=141 Win=65024 Len=1448 TSval=2916033164 TSecr=3045552931 [TCP segment of a reassembled PDU]"
"7168","29.083524214","192.168.1.55","192.168.1.2","TCP","1514","8004  >  49892 [PSH, ACK] Seq=456310 Ack=141 Win=65024 Len=1448 TSval=2916033164 TSecr=3045552931 [TCP segment of a reassembled PDU]"
"7169","29.084398475","192.168.1.2","192.168.1.55","TCP","66","49892  >  8004 [ACK] Seq=141 Ack=307166 Win=165888 Len=0 TSval=3045552934 TSecr=2916033155"
"7170","29.084407549","192.168.1.2","192.168.1.55","TCP","66","49892  >  8004 [ACK] Seq=141 Ack=314406 Win=165888 Len=0 TSval=3045552934 TSecr=2916033155"
"7171","29.084422864","192.168.1.55","192.168.1.2","TCP","1514","8004  >  49892 [ACK] Seq=457758 Ack=141 Win=65024 Len=1448 TSval=2916033165 TSecr=3045552934 [TCP segment of a reassembled PDU]"
"7172","29.084424938","192.168.1.55","192.168.1.2","TCP","1514","8004  >  49892 [ACK] Seq=459206 Ack=141 Win=65024 Len=1448 TSval=2916033165 TSecr=3045552934 [TCP segment of a reassembled PDU]"
"7173","29.084426105","192.168.1.55","192.168.1.2","TCP","1514","8004  >  49892 [ACK] Seq=460654 Ack=141 Win=65024 Len=1448 TSval=2916033165 TSecr=3045552934 [TCP segment of a reassembled PDU]"
"7174","29.084427327","192.168.1.55","192.168.1.2","TCP","1514","8004  >  49892 [ACK] Seq=462102 Ack=141 Win=65024 Len=1448 TSval=2916033165 TSecr=3045552934 [TCP segment of a reassembled PDU]"
"7175","29.084428623","192.168.1.55","192.168.1.2","TCP","1514","8004  >  49892 [ACK] Seq=463550 Ack=141 Win=65024 Len=1448 TSval=2916033165 TSecr=3045552934 [TCP segment of a reassembled PDU]"
"7176","29.084429864","192.168.1.55","192.168.1.2","TCP","1514","8004  >  49892 [ACK] Seq=464998 Ack=141 Win=65024 Len=1448 TSval=2916033165 TSecr=3045552934 [TCP segment of a reassembled PDU]"
"7177","29.084431160","192.168.1.55","192.168.1.2","TCP","1514","8004  >  49892 [ACK] Seq=466446 Ack=141 Win=65024 Len=1448 TSval=2916033165 TSecr=3045552934 [TCP segment of a reassembled PDU]"
"7178","29.084432308","192.168.1.55","192.168.1.2","TCP","1514","8004  >  49892 [ACK] Seq=467894 Ack=141 Win=65024 Len=1448 TSval=2916033165 TSecr=3045552934 [TCP segment of a reassembled PDU]"
"7179","29.084433605","192.168.1.55","192.168.1.2","TCP","1514","8004  >  49892 [ACK] Seq=469342 Ack=141 Win=65024 Len=1448 TSval=2916033165 TSecr=3045552934 [TCP segment of a reassembled PDU]"
"7180","29.084434975","192.168.1.55","192.168.1.2","TCP","1514","8004  >  49892 [ACK] Seq=470790 Ack=141 Win=65024 Len=1448 TSval=2916033165 TSecr=3045552934 [TCP segment of a reassembled PDU]"
"7181","29.084436253","192.168.1.55","192.168.1.2","TCP","1514","8004  >  49892 [PSH, ACK] Seq=472238 Ack=141 Win=65024 Len=1448 TSval=2916033165 TSecr=3045552934 [TCP segment of a reassembled PDU]"
"7182","29.084440345","192.168.1.2","192.168.1.55","TCP","66","49892  >  8004 [ACK] Seq=141 Ack=334678 Win=174080 Len=0 TSval=3045552936 TSecr=2916033155"
"7183","29.084464734","192.168.1.55","192.168.1.2","TCP","1514","8004  >  49892 [ACK] Seq=473686 Ack=141 Win=65024 Len=1448 TSval=2916033165 TSecr=3045552936 [TCP segment of a reassembled PDU]"
"7184","29.084466679","192.168.1.55","192.168.1.2","TCP","1514","8004  >  49892 [ACK] Seq=475134 Ack=141 Win=65024 Len=1448 TSval=2916033165 TSecr=3045552936 [TCP segment of a reassembled PDU]"
"7185","29.084467975","192.168.1.55","192.168.1.2","TCP","1514","8004  >  49892 [ACK] Seq=476582 Ack=141 Win=65024 Len=1448 TSval=2916033165 TSecr=3045552936 [TCP segment of a reassembled PDU]"
"7186","29.084469216","192.168.1.55","192.168.1.2","TCP","1514","8004  >  49892 [ACK] Seq=478030 Ack=141 Win=65024 Len=1448 TSval=2916033165 TSecr=3045552936 [TCP segment of a reassembled PDU]"
"7187","29.084470456","192.168.1.55","192.168.1.2","TCP","1514","8004  >  49892 [ACK] Seq=479478 Ack=141 Win=65024 Len=1448 TSval=2916033165 TSecr=3045552936 [TCP segment of a reassembled PDU]"
"7188","29.084471790","192.168.1.55","192.168.1.2","TCP","1514","8004  >  49892 [ACK] Seq=480926 Ack=141 Win=65024 Len=1448 TSval=2916033165 TSecr=3045552936 [TCP segment of a reassembled PDU]"
"7189","29.084473031","192.168.1.55","192.168.1.2","TCP","1514","8004  >  49892 [ACK] Seq=482374 Ack=141 Win=65024 Len=1448 TSval=2916033165 TSecr=3045552936 [TCP segment of a reassembled PDU]"
"7190","29.084474697","192.168.1.55","192.168.1.2","TCP","1514","8004  >  49892 [ACK] Seq=483822 Ack=141 Win=65024 Len=1448 TSval=2916033165 TSecr=3045552936 [TCP segment of a reassembled PDU]"
"7191","29.084475956","192.168.1.55","192.168.1.2","TCP","1514","8004  >  49892 [ACK] Seq=485270 Ack=141 Win=65024 Len=1448 TSval=2916033165 TSecr=3045552936 [TCP segment of a reassembled PDU]"
"7192","29.084477197","192.168.1.55","192.168.1.2","TCP","1514","8004  >  49892 [ACK] Seq=486718 Ack=141 Win=65024 Len=1448 TSval=2916033165 TSecr=3045552936 [TCP segment of a reassembled PDU]"
"7193","29.084478549","192.168.1.55","192.168.1.2","TCP","1514","8004  >  49892 [ACK] Seq=488166 Ack=141 Win=65024 Len=1448 TSval=2916033165 TSecr=3045552936 [TCP segment of a reassembled PDU]"
"7194","29.084479716","192.168.1.55","192.168.1.2","TCP","1514","8004  >  49892 [ACK] Seq=489614 Ack=141 Win=65024 Len=1448 TSval=2916033165 TSecr=3045552936 [TCP segment of a reassembled PDU]"
"7195","29.084481123","192.168.1.55","192.168.1.2","TCP","1514","8004  >  49892 [ACK] Seq=491062 Ack=141 Win=65024 Len=1448 TSval=2916033165 TSecr=3045552936 [TCP segment of a reassembled PDU]"
"7196","29.084482494","192.168.1.55","192.168.1.2","TCP","1514","8004  >  49892 [ACK] Seq=492510 Ack=141 Win=65024 Len=1448 TSval=2916033165 TSecr=3045552936 [TCP segment of a reassembled PDU]"
"7197","29.084483882","192.168.1.55","192.168.1.2","TCP","1514","8004  >  49892 [ACK] Seq=493958 Ack=141 Win=65024 Len=1448 TSval=2916033165 TSecr=3045552936 [TCP segment of a reassembled PDU]"
"7198","29.084485123","192.168.1.55","192.168.1.2","TCP","1514","8004  >  49892 [ACK] Seq=495406 Ack=141 Win=65024 Len=1448 TSval=2916033165 TSecr=3045552936 [TCP segment of a reassembled PDU]"
"7199","29.084486308","192.168.1.55","192.168.1.2","TCP","1514","8004  >  49892 [PSH, ACK] Seq=496854 Ack=141 Win=65024 Len=1448 TSval=2916033165 TSecr=3045552936 [TCP segment of a reassembled PDU]"
"7200","29.084491438","192.168.1.55","192.168.1.2","HTTP","1472","HTTP/1.0 200 OK  (PNG)"
"7201","29.084495105","192.168.1.2","192.168.1.55","TCP","66","49892  >  8004 [ACK] Seq=141 Ack=353502 Win=173056 Len=0 TSval=3045552936 TSecr=2916033155"
"7202","29.089280797","192.168.1.2","192.168.1.55","TCP","66","49892  >  8004 [ACK] Seq=141 Ack=378734 Win=165888 Len=0 TSval=3045552942 TSecr=2916033155"
"7203","29.089393483","192.168.1.2","192.168.1.55","TCP","66","49892  >  8004 [ACK] Seq=141 Ack=381014 Win=178176 Len=0 TSval=3045552942 TSecr=2916033157"
"7204","29.089400464","192.168.1.2","192.168.1.55","TCP","66","49892  >  8004 [ACK] Seq=141 Ack=427350 Win=148480 Len=0 TSval=3045552942 TSecr=2916033157"
"7205","29.090434947","192.168.1.2","192.168.1.55","TCP","66","49892  >  8004 [ACK] Seq=141 Ack=457758 Win=161792 Len=0 TSval=3045552945 TSecr=2916033164"
"7206","29.090554910","192.168.1.2","192.168.1.55","TCP","66","49892  >  8004 [ACK] Seq=141 Ack=473686 Win=146432 Len=0 TSval=3045552945 TSecr=2916033165"
"7207","29.090561318","192.168.1.2","192.168.1.55","TCP","66","49892  >  8004 [ACK] Seq=141 Ack=498302 Win=168960 Len=0 TSval=3045552946 TSecr=2916033165"
"7208","29.091116226","192.168.1.2","192.168.1.55","TCP","66","49892  >  8004 [FIN, ACK] Seq=141 Ack=499709 Win=181248 Len=0 TSval=3045552946 TSecr=2916033165"
"7209","29.091131004","192.168.1.55","192.168.1.2","TCP","66","8004  >  49892 [ACK] Seq=499709 Ack=142 Win=65024 Len=0 TSval=2916033171 TSecr=3045552946"
"7210","29.091239893","192.168.1.2","192.168.1.55","TCP","74","49894  >  8004 [SYN] Seq=0 Win=64240 Len=0 MSS=1460 SACK_PERM TSval=3045552946 TSecr=0 WS=1024"
"7211","29.091278282","192.168.1.55","192.168.1.2","TCP","74","8004  >  49894 [SYN, ACK] Seq=0 Ack=1 Win=65160 Len=0 MSS=1460 SACK_PERM TSval=2916033171 TSecr=3045552946 WS=128"
"7212","29.094368694","192.168.1.2","192.168.1.55","TCP","66","49894  >  8004 [ACK] Seq=1 Ack=1 Win=64512 Len=0 TSval=3045552949 TSecr=2916033171"
"7213","29.097599625","192.168.1.2","192.168.1.55","HTTP","209","GET /original_benchmark.png HTTP/1.1 "
"7214","29.097619699","192.168.1.55","192.168.1.2","TCP","66","8004  >  49894 [ACK] Seq=1 Ack=144 Win=65024 Len=0 TSval=2916033178 TSecr=3045552949"
"7215","29.098059589","192.168.1.55","192.168.1.2","TCP","255","8004  >  49894 [PSH, ACK] Seq=1 Ack=144 Win=65024 Len=189 TSval=2916033178 TSecr=3045552949 [TCP segment of a reassembled PDU]"
"7216","29.098162070","192.168.1.55","192.168.1.2","TCP","1514","8004  >  49894 [ACK] Seq=190 Ack=144 Win=65024 Len=1448 TSval=2916033178 TSecr=3045552949 [TCP segment of a reassembled PDU]"
"7217","29.098166441","192.168.1.55","192.168.1.2","TCP","1514","8004  >  49894 [ACK] Seq=1638 Ack=144 Win=65024 Len=1448 TSval=2916033178 TSecr=3045552949 [TCP segment of a reassembled PDU]"
"7218","29.098167404","192.168.1.55","192.168.1.2","TCP","1514","8004  >  49894 [ACK] Seq=3086 Ack=144 Win=65024 Len=1448 TSval=2916033178 TSecr=3045552949 [TCP segment of a reassembled PDU]"
"7219","29.098168515","192.168.1.55","192.168.1.2","TCP","1514","8004  >  49894 [ACK] Seq=4534 Ack=144 Win=65024 Len=1448 TSval=2916033178 TSecr=3045552949 [TCP segment of a reassembled PDU]"
"7220","29.098170126","192.168.1.55","192.168.1.2","TCP","1514","8004  >  49894 [PSH, ACK] Seq=5982 Ack=144 Win=65024 Len=1448 TSval=2916033178 TSecr=3045552949 [TCP segment of a reassembled PDU]"
"7221","29.098187311","192.168.1.55","192.168.1.2","TCP","1514","8004  >  49894 [ACK] Seq=7430 Ack=144 Win=65024 Len=1448 TSval=2916033178 TSecr=3045552949 [TCP segment of a reassembled PDU]"
"7222","29.098188663","192.168.1.55","192.168.1.2","TCP","1514","8004  >  49894 [ACK] Seq=8878 Ack=144 Win=65024 Len=1448 TSval=2916033178 TSecr=3045552949 [TCP segment of a reassembled PDU]"
"7223","29.098190015","192.168.1.55","192.168.1.2","TCP","1514","8004  >  49894 [ACK] Seq=10326 Ack=144 Win=65024 Len=1448 TSval=2916033178 TSecr=3045552949 [TCP segment of a reassembled PDU]"
"7224","29.098191533","192.168.1.55","192.168.1.2","TCP","1514","8004  >  49894 [PSH, ACK] Seq=11774 Ack=144 Win=65024 Len=1448 TSval=2916033178 TSecr=3045552949 [TCP segment of a reassembled PDU]"
"7225","29.101672076","192.168.1.2","192.168.1.55","TCP","66","49894  >  8004 [ACK] Seq=144 Ack=190 Win=64512 Len=0 TSval=3045552956 TSecr=2916033178"
"7226","29.101731020","192.168.1.55","192.168.1.2","TCP","1514","8004  >  49894 [ACK] Seq=13222 Ack=144 Win=65024 Len=1448 TSval=2916033182 TSecr=3045552956 [TCP segment of a reassembled PDU]"
"7227","29.101736002","192.168.1.55","192.168.1.2","TCP","1514","8004  >  49894 [PSH, ACK] Seq=14670 Ack=144 Win=65024 Len=1448 TSval=2916033182 TSecr=3045552956 [TCP segment of a reassembled PDU]"
"7228","29.101839206","192.168.1.2","192.168.1.55","TCP","66","49894  >  8004 [ACK] Seq=144 Ack=3086 Win=70656 Len=0 TSval=3045552956 TSecr=2916033178"
"7229","29.101849854","192.168.1.2","192.168.1.55","TCP","66","49894  >  8004 [ACK] Seq=144 Ack=5982 Win=76800 Len=0 TSval=3045552956 TSecr=2916033178"
"7230","29.101869780","192.168.1.55","192.168.1.2","TCP","1514","8004  >  49894 [ACK] Seq=16118 Ack=144 Win=65024 Len=1448 TSval=2916033182 TSecr=3045552956 [TCP segment of a reassembled PDU]"
"7231","29.101872928","192.168.1.55","192.168.1.2","TCP","1514","8004  >  49894 [ACK] Seq=17566 Ack=144 Win=65024 Len=1448 TSval=2916033182 TSecr=3045552956 [TCP segment of a reassembled PDU]"
"7232","29.101873984","192.168.1.55","192.168.1.2","TCP","1514","8004  >  49894 [ACK] Seq=19014 Ack=144 Win=65024 Len=1448 TSval=2916033182 TSecr=3045552956 [TCP segment of a reassembled PDU]"
"7233","29.101875150","192.168.1.55","192.168.1.2","TCP","1514","8004  >  49894 [ACK] Seq=20462 Ack=144 Win=65024 Len=1448 TSval=2916033182 TSecr=3045552956 [TCP segment of a reassembled PDU]"
"7234","29.101876243","192.168.1.55","192.168.1.2","TCP","1514","8004  >  49894 [ACK] Seq=21910 Ack=144 Win=65024 Len=1448 TSval=2916033182 TSecr=3045552956 [TCP segment of a reassembled PDU]"
"7235","29.101877558","192.168.1.55","192.168.1.2","TCP","1514","8004  >  49894 [ACK] Seq=23358 Ack=144 Win=65024 Len=1448 TSval=2916033182 TSecr=3045552956 [TCP segment of a reassembled PDU]"
"7236","29.101878965","192.168.1.55","192.168.1.2","TCP","1514","8004  >  49894 [PSH, ACK] Seq=24806 Ack=144 Win=65024 Len=1448 TSval=2916033182 TSecr=3045552956 [TCP segment of a reassembled PDU]"
"7237","29.101883650","192.168.1.2","192.168.1.55","TCP","66","49894  >  8004 [ACK] Seq=144 Ack=7430 Win=79872 Len=0 TSval=3045552957 TSecr=2916033178"
"7238","29.101889132","192.168.1.2","192.168.1.55","TCP","66","49894  >  8004 [ACK] Seq=144 Ack=13222 Win=79872 Len=0 TSval=3045552957 TSecr=2916033178"
"7239","29.101906354","192.168.1.55","192.168.1.2","TCP","1514","8004  >  49894 [ACK] Seq=26254 Ack=144 Win=65024 Len=1448 TSval=2916033182 TSecr=3045552957 [TCP segment of a reassembled PDU]"
"7240","29.101908058","192.168.1.55","192.168.1.2","TCP","1514","8004  >  49894 [ACK] Seq=27702 Ack=144 Win=65024 Len=1448 TSval=2916033182 TSecr=3045552957 [TCP segment of a reassembled PDU]"
"7241","29.101909113","192.168.1.55","192.168.1.2","TCP","1514","8004  >  49894 [ACK] Seq=29150 Ack=144 Win=65024 Len=1448 TSval=2916033182 TSecr=3045552957 [TCP segment of a reassembled PDU]"
"7242","29.101910021","192.168.1.55","192.168.1.2","TCP","1514","8004  >  49894 [ACK] Seq=30598 Ack=144 Win=65024 Len=1448 TSval=2916033182 TSecr=3045552957 [TCP segment of a reassembled PDU]"
"7243","29.101911280","192.168.1.55","192.168.1.2","TCP","1514","8004  >  49894 [ACK] Seq=32046 Ack=144 Win=65024 Len=1448 TSval=2916033182 TSecr=3045552957 [TCP segment of a reassembled PDU]"
"7244","29.101912224","192.168.1.55","192.168.1.2","TCP","1514","8004  >  49894 [ACK] Seq=33494 Ack=144 Win=65024 Len=1448 TSval=2916033182 TSecr=3045552957 [TCP segment of a reassembled PDU]"
"7245","29.101913132","192.168.1.55","192.168.1.2","TCP","1514","8004  >  49894 [ACK] Seq=34942 Ack=144 Win=65024 Len=1448 TSval=2916033182 TSecr=3045552957 [TCP segment of a reassembled PDU]"
"7246","29.101914224","192.168.1.55","192.168.1.2","TCP","1514","8004  >  49894 [ACK] Seq=36390 Ack=144 Win=65024 Len=1448 TSval=2916033182 TSecr=3045552957 [TCP segment of a reassembled PDU]"
"7247","29.101915280","192.168.1.55","192.168.1.2","TCP","1514","8004  >  49894 [ACK] Seq=37838 Ack=144 Win=65024 Len=1448 TSval=2916033182 TSecr=3045552957 [TCP segment of a reassembled PDU]"
"7248","29.101916539","192.168.1.55","192.168.1.2","TCP","1514","8004  >  49894 [PSH, ACK] Seq=39286 Ack=144 Win=65024 Len=1448 TSval=2916033182 TSecr=3045552957 [TCP segment of a reassembled PDU]"
"7249","29.102859393","192.168.1.55","192.168.1.2","TCP","1514","8004  >  49894 [ACK] Seq=40734 Ack=144 Win=65024 Len=1448 TSval=2916033183 TSecr=3045552957 [TCP segment of a reassembled PDU]"
"7250","29.106467065","192.168.1.2","192.168.1.55","TCP","66","49894  >  8004 [ACK] Seq=144 Ack=16118 Win=84992 Len=0 TSval=3045552961 TSecr=2916033182"
"7251","29.106564824","192.168.1.55","192.168.1.2","TCP","1514","8004  >  49894 [ACK] Seq=42182 Ack=144 Win=65024 Len=1448 TSval=2916033187 TSecr=3045552961 [TCP segment of a reassembled PDU]"
"7252","29.106573676","192.168.1.55","192.168.1.2","TCP","1514","8004  >  49894 [PSH, ACK] Seq=43630 Ack=144 Win=65024 Len=1448 TSval=2916033187 TSecr=3045552961 [TCP segment of a reassembled PDU]"
"7253","29.106654861","192.168.1.2","192.168.1.55","TCP","66","49894  >  8004 [ACK] Seq=144 Ack=26254 Win=80896 Len=0 TSval=3045552961 TSecr=2916033182"
"7254","29.106703454","192.168.1.55","192.168.1.2","TCP","1514","8004  >  49894 [ACK] Seq=45078 Ack=144 Win=65024 Len=1448 TSval=2916033187 TSecr=3045552961 [TCP segment of a reassembled PDU]"
"7255","29.106706806","192.168.1.55","192.168.1.2","TCP","1514","8004  >  49894 [ACK] Seq=46526 Ack=144 Win=65024 Len=1448 TSval=2916033187 TSecr=3045552961 [TCP segment of a reassembled PDU]"
"7256","29.106708621","192.168.1.55","192.168.1.2","TCP","1514","8004  >  49894 [ACK] Seq=47974 Ack=144 Win=65024 Len=1448 TSval=2916033187 TSecr=3045552961 [TCP segment of a reassembled PDU]"
"7257","29.106710491","192.168.1.55","192.168.1.2","TCP","1514","8004  >  49894 [ACK] Seq=49422 Ack=144 Win=65024 Len=1448 TSval=2916033187 TSecr=3045552961 [TCP segment of a reassembled PDU]"
"7258","29.106712232","192.168.1.55","192.168.1.2","TCP","1514","8004  >  49894 [ACK] Seq=50870 Ack=144 Win=65024 Len=1448 TSval=2916033187 TSecr=3045552961 [TCP segment of a reassembled PDU]"
"7259","29.106714139","192.168.1.55","192.168.1.2","TCP","1514","8004  >  49894 [ACK] Seq=52318 Ack=144 Win=65024 Len=1448 TSval=2916033187 TSecr=3045552961 [TCP segment of a reassembled PDU]"
"7260","29.106715584","192.168.1.55","192.168.1.2","TCP","1514","8004  >  49894 [ACK] Seq=53766 Ack=144 Win=65024 Len=1448 TSval=2916033187 TSecr=3045552961 [TCP segment of a reassembled PDU]"
"7261","29.106717028","192.168.1.55","192.168.1.2","TCP","1514","8004  >  49894 [ACK] Seq=55214 Ack=144 Win=65024 Len=1448 TSval=2916033187 TSecr=3045552961 [TCP segment of a reassembled PDU]"
"7262","29.106720880","192.168.1.55","192.168.1.2","TCP","1514","8004  >  49894 [ACK] Seq=56662 Ack=144 Win=65024 Len=1448 TSval=2916033187 TSecr=3045552961 [TCP segment of a reassembled PDU]"
"7263","29.106722713","192.168.1.55","192.168.1.2","TCP","1514","8004  >  49894 [ACK] Seq=58110 Ack=144 Win=65024 Len=1448 TSval=2916033187 TSecr=3045552961 [TCP segment of a reassembled PDU]"
"7264","29.106724176","192.168.1.55","192.168.1.2","TCP","1514","8004  >  49894 [ACK] Seq=59558 Ack=144 Win=65024 Len=1448 TSval=2916033187 TSecr=3045552961 [TCP segment of a reassembled PDU]"
"7265","29.106725325","192.168.1.55","192.168.1.2","TCP","1514","8004  >  49894 [ACK] Seq=61006 Ack=144 Win=65024 Len=1448 TSval=2916033187 TSecr=3045552961 [TCP segment of a reassembled PDU]"
"7266","29.106726954","192.168.1.55","192.168.1.2","TCP","1514","8004  >  49894 [ACK] Seq=62454 Ack=144 Win=65024 Len=1448 TSval=2916033187 TSecr=3045552961 [TCP segment of a reassembled PDU]"
"7267","29.106727973","192.168.1.55","192.168.1.2","TCP","1514","8004  >  49894 [PSH, ACK] Seq=63902 Ack=144 Win=65024 Len=1448 TSval=2916033187 TSecr=3045552961 [TCP segment of a reassembled PDU]"
"7268","29.106735028","192.168.1.2","192.168.1.55","TCP","66","49894  >  8004 [ACK] Seq=144 Ack=39286 Win=68608 Len=0 TSval=3045552961 TSecr=2916033182"
"7269","29.106765751","192.168.1.55","192.168.1.2","TCP","1514","8004  >  49894 [ACK] Seq=65350 Ack=144 Win=65024 Len=1448 TSval=2916033187 TSecr=3045552961 [TCP segment of a reassembled PDU]"
"7270","29.106767825","192.168.1.55","192.168.1.2","TCP","1514","8004  >  49894 [ACK] Seq=66798 Ack=144 Win=65024 Len=1448 TSval=2916033187 TSecr=3045552961 [TCP segment of a reassembled PDU]"
"7271","29.106770251","192.168.1.55","192.168.1.2","TCP","1514","8004  >  49894 [ACK] Seq=68246 Ack=144 Win=65024 Len=1448 TSval=2916033187 TSecr=3045552961 [TCP segment of a reassembled PDU]"
"7272","29.106772084","192.168.1.55","192.168.1.2","TCP","1514","8004  >  49894 [ACK] Seq=69694 Ack=144 Win=65024 Len=1448 TSval=2916033187 TSecr=3045552961 [TCP segment of a reassembled PDU]"
"7273","29.106773047","192.168.1.55","192.168.1.2","TCP","1514","8004  >  49894 [ACK] Seq=71142 Ack=144 Win=65024 Len=1448 TSval=2916033187 TSecr=3045552961 [TCP segment of a reassembled PDU]"
"7274","29.106774436","192.168.1.55","192.168.1.2","TCP","1514","8004  >  49894 [ACK] Seq=72590 Ack=144 Win=65024 Len=1448 TSval=2916033187 TSecr=3045552961 [TCP segment of a reassembled PDU]"
"7275","29.106775491","192.168.1.55","192.168.1.2","TCP","1514","8004  >  49894 [ACK] Seq=74038 Ack=144 Win=65024 Len=1448 TSval=2916033187 TSecr=3045552961 [TCP segment of a reassembled PDU]"
"7276","29.106776732","192.168.1.55","192.168.1.2","TCP","1514","8004  >  49894 [PSH, ACK] Seq=75486 Ack=144 Win=65024 Len=1448 TSval=2916033187 TSecr=3045552961 [TCP segment of a reassembled PDU]"
"7277","29.106784917","192.168.1.2","192.168.1.55","TCP","66","49894  >  8004 [ACK] Seq=144 Ack=40734 Win=67584 Len=0 TSval=3045552961 TSecr=2916033182"
"7278","29.106827380","192.168.1.55","192.168.1.2","TCP","1514","8004  >  49894 [ACK] Seq=76934 Ack=144 Win=65024 Len=1448 TSval=2916033187 TSecr=3045552961 [TCP segment of a reassembled PDU]"
"7279","29.106829917","192.168.1.55","192.168.1.2","TCP","1514","8004  >  49894 [ACK] Seq=78382 Ack=144 Win=65024 Len=1448 TSval=2916033187 TSecr=3045552961 [TCP segment of a reassembled PDU]"
"7280","29.106831177","192.168.1.55","192.168.1.2","TCP","1514","8004  >  49894 [ACK] Seq=79830 Ack=144 Win=65024 Len=1448 TSval=2916033187 TSecr=3045552961 [TCP segment of a reassembled PDU]"
"7281","29.106833436","192.168.1.55","192.168.1.2","TCP","1514","8004  >  49894 [ACK] Seq=81278 Ack=144 Win=65024 Len=1448 TSval=2916033187 TSecr=3045552961 [TCP segment of a reassembled PDU]"
"7282","29.106835084","192.168.1.55","192.168.1.2","TCP","1514","8004  >  49894 [ACK] Seq=82726 Ack=144 Win=65024 Len=1448 TSval=2916033187 TSecr=3045552961 [TCP segment of a reassembled PDU]"
"7283","29.106836547","192.168.1.55","192.168.1.2","TCP","1514","8004  >  49894 [ACK] Seq=84174 Ack=144 Win=65024 Len=1448 TSval=2916033187 TSecr=3045552961 [TCP segment of a reassembled PDU]"
"7284","29.106837936","192.168.1.55","192.168.1.2","TCP","1514","8004  >  49894 [ACK] Seq=85622 Ack=144 Win=65024 Len=1448 TSval=2916033187 TSecr=3045552961 [TCP segment of a reassembled PDU]"
"7285","29.106840565","192.168.1.55","192.168.1.2","TCP","1514","8004  >  49894 [ACK] Seq=87070 Ack=144 Win=65024 Len=1448 TSval=2916033187 TSecr=3045552961 [TCP segment of a reassembled PDU]"
"7286","29.106841621","192.168.1.55","192.168.1.2","TCP","1514","8004  >  49894 [ACK] Seq=88518 Ack=144 Win=65024 Len=1448 TSval=2916033187 TSecr=3045552961 [TCP segment of a reassembled PDU]"
"7287","29.106843325","192.168.1.55","192.168.1.2","TCP","1514","8004  >  49894 [ACK] Seq=89966 Ack=144 Win=65024 Len=1448 TSval=2916033187 TSecr=3045552961 [TCP segment of a reassembled PDU]"
"7288","29.106844973","192.168.1.55","192.168.1.2","TCP","1514","8004  >  49894 [ACK] Seq=91414 Ack=144 Win=65024 Len=1448 TSval=2916033187 TSecr=3045552961 [TCP segment of a reassembled PDU]"
"7289","29.106846491","192.168.1.55","192.168.1.2","TCP","1514","8004  >  49894 [ACK] Seq=92862 Ack=144 Win=65024 Len=1448 TSval=2916033187 TSecr=3045552961 [TCP segment of a reassembled PDU]"
"7290","29.106848140","192.168.1.55","192.168.1.2","TCP","1514","8004  >  49894 [ACK] Seq=94310 Ack=144 Win=65024 Len=1448 TSval=2916033187 TSecr=3045552961 [TCP segment of a reassembled PDU]"
"7291","29.106849769","192.168.1.55","192.168.1.2","TCP","1514","8004  >  49894 [PSH, ACK] Seq=95758 Ack=144 Win=65024 Len=1448 TSval=2916033187 TSecr=3045552961 [TCP segment of a reassembled PDU]"
"7292","29.106853899","192.168.1.2","192.168.1.55","TCP","66","49894  >  8004 [ACK] Seq=144 Ack=42182 Win=66560 Len=0 TSval=3045552961 TSecr=2916033183"
"7293","29.108126179","192.168.1.55","192.168.1.2","TCP","1514","8004  >  49894 [ACK] Seq=97206 Ack=144 Win=65024 Len=1448 TSval=2916033188 TSecr=3045552961 [TCP segment of a reassembled PDU]"
"7294","29.108133827","192.168.1.55","192.168.1.2","TCP","1514","8004  >  49894 [PSH, ACK] Seq=98654 Ack=144 Win=65024 Len=1448 TSval=2916033188 TSecr=3045552961 [TCP segment of a reassembled PDU]"
"7295","29.113070205","192.168.1.2","192.168.1.55","TCP","66","49894  >  8004 [ACK] Seq=144 Ack=43630 Win=88064 Len=0 TSval=3045552967 TSecr=2916033187"
"7296","29.113158742","192.168.1.55","192.168.1.2","TCP","1514","8004  >  49894 [ACK] Seq=100102 Ack=144 Win=65024 Len=1448 TSval=2916033193 TSecr=3045552967 [TCP segment of a reassembled PDU]"
"7297","29.113166464","192.168.1.55","192.168.1.2","TCP","1514","8004  >  49894 [PSH, ACK] Seq=101550 Ack=144 Win=65024 Len=1448 TSval=2916033193 TSecr=3045552967 [TCP segment of a reassembled PDU]"
"7298","29.113253761","192.168.1.2","192.168.1.55","TCP","66","49894  >  8004 [ACK] Seq=144 Ack=45078 Win=91136 Len=0 TSval=3045552967 TSecr=2916033187"
"7299","29.113269131","192.168.1.2","192.168.1.55","TCP","66","49894  >  8004 [ACK] Seq=144 Ack=65350 Win=72704 Len=0 TSval=3045552967 TSecr=2916033187"
"7300","29.113305168","192.168.1.55","192.168.1.2","TCP","1514","8004  >  49894 [ACK] Seq=102998 Ack=144 Win=65024 Len=1448 TSval=2916033193 TSecr=3045552967 [TCP segment of a reassembled PDU]"
"7301","29.113307279","192.168.1.55","192.168.1.2","TCP","1514","8004  >  49894 [ACK] Seq=104446 Ack=144 Win=65024 Len=1448 TSval=2916033193 TSecr=3045552967 [TCP segment of a reassembled PDU]"
"7302","29.113309057","192.168.1.55","192.168.1.2","TCP","1514","8004  >  49894 [ACK] Seq=105894 Ack=144 Win=65024 Len=1448 TSval=2916033193 TSecr=3045552967 [TCP segment of a reassembled PDU]"
"7303","29.113310372","192.168.1.55","192.168.1.2","TCP","1514","8004  >  49894 [ACK] Seq=107342 Ack=144 Win=65024 Len=1448 TSval=2916033193 TSecr=3045552967 [TCP segment of a reassembled PDU]"
"7304","29.113312353","192.168.1.55","192.168.1.2","TCP","1514","8004  >  49894 [ACK] Seq=108790 Ack=144 Win=65024 Len=1448 TSval=2916033193 TSecr=3045552967 [TCP segment of a reassembled PDU]"
"7305","29.113313353","192.168.1.55","192.168.1.2","TCP","1514","8004  >  49894 [ACK] Seq=110238 Ack=144 Win=65024 Len=1448 TSval=2916033193 TSecr=3045552967 [TCP segment of a reassembled PDU]"
"7306","29.113315853","192.168.1.55","192.168.1.2","TCP","1514","8004  >  49894 [ACK] Seq=111686 Ack=144 Win=65024 Len=1448 TSval=2916033193 TSecr=3045552967 [TCP segment of a reassembled PDU]"
"7307","29.113317798","192.168.1.55","192.168.1.2","TCP","1514","8004  >  49894 [ACK] Seq=113134 Ack=144 Win=65024 Len=1448 TSval=2916033193 TSecr=3045552967 [TCP segment of a reassembled PDU]"
"7308","29.113319002","192.168.1.55","192.168.1.2","TCP","1514","8004  >  49894 [PSH, ACK] Seq=114582 Ack=144 Win=65024 Len=1448 TSval=2916033193 TSecr=3045552967 [TCP segment of a reassembled PDU]"
"7309","29.113331742","192.168.1.2","192.168.1.55","TCP","66","49894  >  8004 [ACK] Seq=144 Ack=75486 Win=63488 Len=0 TSval=3045552967 TSecr=2916033187"
"7310","29.113385668","192.168.1.55","192.168.1.2","TCP","1514","8004  >  49894 [ACK] Seq=116030 Ack=144 Win=65024 Len=1448 TSval=2916033194 TSecr=3045552967 [TCP segment of a reassembled PDU]"
"7311","29.113389094","192.168.1.55","192.168.1.2","TCP","1514","8004  >  49894 [ACK] Seq=117478 Ack=144 Win=65024 Len=1448 TSval=2916033194 TSecr=3045552967 [TCP segment of a reassembled PDU]"
"7312","29.113390372","192.168.1.55","192.168.1.2","TCP","1514","8004  >  49894 [ACK] Seq=118926 Ack=144 Win=65024 Len=1448 TSval=2916033194 TSecr=3045552967 [TCP segment of a reassembled PDU]"
"7313","29.113392335","192.168.1.55","192.168.1.2","TCP","1514","8004  >  49894 [ACK] Seq=120374 Ack=144 Win=65024 Len=1448 TSval=2916033194 TSecr=3045552967 [TCP segment of a reassembled PDU]"
"7314","29.113394316","192.168.1.55","192.168.1.2","TCP","1514","8004  >  49894 [ACK] Seq=121822 Ack=144 Win=65024 Len=1448 TSval=2916033194 TSecr=3045552967 [TCP segment of a reassembled PDU]"
"7315","29.113395724","192.168.1.55","192.168.1.2","TCP","1514","8004  >  49894 [ACK] Seq=123270 Ack=144 Win=65024 Len=1448 TSval=2916033194 TSecr=3045552967 [TCP segment of a reassembled PDU]"
"7316","29.113397113","192.168.1.55","192.168.1.2","TCP","1514","8004  >  49894 [ACK] Seq=124718 Ack=144 Win=65024 Len=1448 TSval=2916033194 TSecr=3045552967 [TCP segment of a reassembled PDU]"
"7317","29.113398279","192.168.1.55","192.168.1.2","TCP","1514","8004  >  49894 [ACK] Seq=126166 Ack=144 Win=65024 Len=1448 TSval=2916033194 TSecr=3045552967 [TCP segment of a reassembled PDU]"
"7318","29.113399465","192.168.1.55","192.168.1.2","TCP","1514","8004  >  49894 [ACK] Seq=127614 Ack=144 Win=65024 Len=1448 TSval=2916033194 TSecr=3045552967 [TCP segment of a reassembled PDU]"
"7319","29.113401057","192.168.1.55","192.168.1.2","TCP","1514","8004  >  49894 [ACK] Seq=129062 Ack=144 Win=65024 Len=1448 TSval=2916033194 TSecr=3045552967 [TCP segment of a reassembled PDU]"
"7320","29.113402168","192.168.1.55","192.168.1.2","TCP","1514","8004  >  49894 [ACK] Seq=130510 Ack=144 Win=65024 Len=1448 TSval=2916033194 TSecr=3045552967 [TCP segment of a reassembled PDU]"
"7321","29.113404742","192.168.1.55","192.168.1.2","TCP","1514","8004  >  49894 [ACK] Seq=131958 Ack=144 Win=65024 Len=1448 TSval=2916033194 TSecr=3045552967 [TCP segment of a reassembled PDU]"
"7322","29.113406483","192.168.1.55","192.168.1.2","TCP","1514","8004  >  49894 [ACK] Seq=133406 Ack=144 Win=65024 Len=1448 TSval=2916033194 TSecr=3045552967 [TCP segment of a reassembled PDU]"
"7323","29.113407891","192.168.1.55","192.168.1.2","TCP","1514","8004  >  49894 [ACK] Seq=134854 Ack=144 Win=65024 Len=1448 TSval=2916033194 TSecr=3045552967 [TCP segment of a reassembled PDU]"
"7324","29.113409557","192.168.1.55","192.168.1.2","TCP","1514","8004  >  49894 [ACK] Seq=136302 Ack=144 Win=65024 Len=1448 TSval=2916033194 TSecr=3045552967 [TCP segment of a reassembled PDU]"
"7325","29.113410946","192.168.1.55","192.168.1.2","TCP","1290","[TCP Window Full] 8004  >  49894 [PSH, ACK] Seq=137750 Ack=144 Win=65024 Len=1224 TSval=2916033194 TSecr=3045552967 [TCP segment of a reassembled PDU]"
"7326","29.113416891","192.168.1.2","192.168.1.55","TCP","66","49894  >  8004 [ACK] Seq=144 Ack=76934 Win=91136 Len=0 TSval=3045552967 TSecr=2916033187"
"7327","29.113488335","192.168.1.2","192.168.1.55","TCP","66","49894  >  8004 [ACK] Seq=144 Ack=97206 Win=71680 Len=0 TSval=3045552967 TSecr=2916033187"
"7328","29.113492798","192.168.1.2","192.168.1.55","TCP","66","49894  >  8004 [ACK] Seq=144 Ack=100102 Win=69632 Len=0 TSval=3045552967 TSecr=2916033188"
"7329","29.113537391","192.168.1.55","192.168.1.2","TCP","1514","8004  >  49894 [ACK] Seq=138974 Ack=144 Win=65024 Len=1448 TSval=2916033194 TSecr=3045552967 [TCP segment of a reassembled PDU]"
"7330","29.113546650","192.168.1.55","192.168.1.2","TCP","1514","8004  >  49894 [ACK] Seq=140422 Ack=144 Win=65024 Len=1448 TSval=2916033194 TSecr=3045552967 [TCP segment of a reassembled PDU]"
"7331","29.113548650","192.168.1.55","192.168.1.2","TCP","1514","8004  >  49894 [ACK] Seq=141870 Ack=144 Win=65024 Len=1448 TSval=2916033194 TSecr=3045552967 [TCP segment of a reassembled PDU]"
"7332","29.113549854","192.168.1.55","192.168.1.2","TCP","1514","8004  >  49894 [ACK] Seq=143318 Ack=144 Win=65024 Len=1448 TSval=2916033194 TSecr=3045552967 [TCP segment of a reassembled PDU]"
"7333","29.113551113","192.168.1.55","192.168.1.2","TCP","1514","8004  >  49894 [ACK] Seq=144766 Ack=144 Win=65024 Len=1448 TSval=2916033194 TSecr=3045552967 [TCP segment of a reassembled PDU]"
"7334","29.113552965","192.168.1.55","192.168.1.2","TCP","1514","8004  >  49894 [ACK] Seq=146214 Ack=144 Win=65024 Len=1448 TSval=2916033194 TSecr=3045552967 [TCP segment of a reassembled PDU]"
"7335","29.113554835","192.168.1.55","192.168.1.2","TCP","1514","8004  >  49894 [ACK] Seq=147662 Ack=144 Win=65024 Len=1448 TSval=2916033194 TSecr=3045552967 [TCP segment of a reassembled PDU]"
"7336","29.113556909","192.168.1.55","192.168.1.2","TCP","1514","8004  >  49894 [ACK] Seq=149110 Ack=144 Win=65024 Len=1448 TSval=2916033194 TSecr=3045552967 [TCP segment of a reassembled PDU]"
"7337","29.113558632","192.168.1.55","192.168.1.2","TCP","1514","8004  >  49894 [ACK] Seq=150558 Ack=144 Win=65024 Len=1448 TSval=2916033194 TSecr=3045552967 [TCP segment of a reassembled PDU]"
"7338","29.113559946","192.168.1.55","192.168.1.2","TCP","1514","8004  >  49894 [ACK] Seq=152006 Ack=144 Win=65024 Len=1448 TSval=2916033194 TSecr=3045552967 [TCP segment of a reassembled PDU]"
"7339","29.113563409","192.168.1.55","192.168.1.2","TCP","1514","8004  >  49894 [PSH, ACK] Seq=153454 Ack=144 Win=65024 Len=1448 TSval=2916033194 TSecr=3045552967 [TCP segment of a reassembled PDU]"
"7340","29.113587206","192.168.1.55","192.168.1.2","TCP","290","8004  >  49894 [ACK] Seq=154902 Ack=144 Win=65024 Len=224 TSval=2916033194 TSecr=3045552967 [TCP segment of a reassembled PDU]"
"7341","29.113616539","192.168.1.55","192.168.1.2","TCP","1514","8004  >  49894 [ACK] Seq=155126 Ack=144 Win=65024 Len=1448 TSval=2916033194 TSecr=3045552967 [TCP segment of a reassembled PDU]"
"7342","29.113617965","192.168.1.55","192.168.1.2","TCP","1514","8004  >  49894 [ACK] Seq=156574 Ack=144 Win=65024 Len=1448 TSval=2916033194 TSecr=3045552967 [TCP segment of a reassembled PDU]"
"7343","29.113619446","192.168.1.55","192.168.1.2","TCP","1514","8004  >  49894 [ACK] Seq=158022 Ack=144 Win=65024 Len=1448 TSval=2916033194 TSecr=3045552967 [TCP segment of a reassembled PDU]"
"7344","29.113620817","192.168.1.55","192.168.1.2","TCP","1514","8004  >  49894 [ACK] Seq=159470 Ack=144 Win=65024 Len=1448 TSval=2916033194 TSecr=3045552967 [TCP segment of a reassembled PDU]"
"7345","29.113622650","192.168.1.55","192.168.1.2","TCP","1514","8004  >  49894 [ACK] Seq=160918 Ack=144 Win=65024 Len=1448 TSval=2916033194 TSecr=3045552967 [TCP segment of a reassembled PDU]"
"7346","29.113624317","192.168.1.55","192.168.1.2","TCP","1514","8004  >  49894 [ACK] Seq=162366 Ack=144 Win=65024 Len=1448 TSval=2916033194 TSecr=3045552967 [TCP segment of a reassembled PDU]"
"7347","29.113626761","192.168.1.55","192.168.1.2","TCP","1514","8004  >  49894 [ACK] Seq=163814 Ack=144 Win=65024 Len=1448 TSval=2916033194 TSecr=3045552967 [TCP segment of a reassembled PDU]"
"7348","29.113628372","192.168.1.55","192.168.1.2","TCP","1514","8004  >  49894 [ACK] Seq=165262 Ack=144 Win=65024 Len=1448 TSval=2916033194 TSecr=3045552967 [TCP segment of a reassembled PDU]"
"7349","29.113629743","192.168.1.55","192.168.1.2","TCP","1514","8004  >  49894 [ACK] Seq=166710 Ack=144 Win=65024 Len=1448 TSval=2916033194 TSecr=3045552967 [TCP segment of a reassembled PDU]"
"7350","29.113631317","192.168.1.55","192.168.1.2","TCP","1514","8004  >  49894 [PSH, ACK] Seq=168158 Ack=144 Win=65024 Len=1448 TSval=2916033194 TSecr=3045552967 [TCP segment of a reassembled PDU]"
"7351","29.119823864","192.168.1.2","192.168.1.55","TCP","66","49894  >  8004 [ACK] Seq=144 Ack=102998 Win=88064 Len=0 TSval=3045552974 TSecr=2916033193"
"7352","29.119889993","192.168.1.55","192.168.1.2","TCP","1514","8004  >  49894 [ACK] Seq=169606 Ack=144 Win=65024 Len=1448 TSval=2916033200 TSecr=3045552974 [TCP segment of a reassembled PDU]"
"7353","29.119896975","192.168.1.55","192.168.1.2","TCP","1514","8004  >  49894 [ACK] Seq=171054 Ack=144 Win=65024 Len=1448 TSval=2916033200 TSecr=3045552974 [TCP segment of a reassembled PDU]"
"7354","29.119897919","192.168.1.55","192.168.1.2","TCP","1514","8004  >  49894 [ACK] Seq=172502 Ack=144 Win=65024 Len=1448 TSval=2916033200 TSecr=3045552974 [TCP segment of a reassembled PDU]"
"7355","29.119898864","192.168.1.55","192.168.1.2","TCP","1514","8004  >  49894 [ACK] Seq=173950 Ack=144 Win=65024 Len=1448 TSval=2916033200 TSecr=3045552974 [TCP segment of a reassembled PDU]"
"7356","29.119899808","192.168.1.55","192.168.1.2","TCP","1514","8004  >  49894 [ACK] Seq=175398 Ack=144 Win=65024 Len=1448 TSval=2916033200 TSecr=3045552974 [TCP segment of a reassembled PDU]"
"7357","29.119901049","192.168.1.55","192.168.1.2","TCP","1514","8004  >  49894 [ACK] Seq=176846 Ack=144 Win=65024 Len=1448 TSval=2916033200 TSecr=3045552974 [TCP segment of a reassembled PDU]"
"7358","29.119903308","192.168.1.55","192.168.1.2","TCP","1514","8004  >  49894 [ACK] Seq=178294 Ack=144 Win=65024 Len=1448 TSval=2916033200 TSecr=3045552974 [TCP segment of a reassembled PDU]"
"7359","29.119904697","192.168.1.55","192.168.1.2","TCP","1514","8004  >  49894 [ACK] Seq=179742 Ack=144 Win=65024 Len=1448 TSval=2916033200 TSecr=3045552974 [TCP segment of a reassembled PDU]"
"7360","29.119905678","192.168.1.55","192.168.1.2","TCP","1514","8004  >  49894 [ACK] Seq=181190 Ack=144 Win=65024 Len=1448 TSval=2916033200 TSecr=3045552974 [TCP segment of a reassembled PDU]"
"7361","29.119906660","192.168.1.55","192.168.1.2","TCP","1514","8004  >  49894 [ACK] Seq=182638 Ack=144 Win=65024 Len=1448 TSval=2916033200 TSecr=3045552974 [TCP segment of a reassembled PDU]"
"7362","29.119907660","192.168.1.55","192.168.1.2","TCP","1514","8004  >  49894 [ACK] Seq=184086 Ack=144 Win=65024 Len=1448 TSval=2916033200 TSecr=3045552974 [TCP segment of a reassembled PDU]"
"7363","29.119908604","192.168.1.55","192.168.1.2","TCP","1514","8004  >  49894 [ACK] Seq=185534 Ack=144 Win=65024 Len=1448 TSval=2916033200 TSecr=3045552974 [TCP segment of a reassembled PDU]"
"7364","29.119910290","192.168.1.55","192.168.1.2","TCP","1514","8004  >  49894 [ACK] Seq=186982 Ack=144 Win=65024 Len=1448 TSval=2916033200 TSecr=3045552974 [TCP segment of a reassembled PDU]"
"7365","29.119911549","192.168.1.55","192.168.1.2","TCP","1514","8004  >  49894 [PSH, ACK] Seq=188430 Ack=144 Win=65024 Len=1448 TSval=2916033200 TSecr=3045552974 [TCP segment of a reassembled PDU]"
"7366","29.119998216","192.168.1.2","192.168.1.55","TCP","66","49894  >  8004 [ACK] Seq=144 Ack=116030 Win=94208 Len=0 TSval=3045552974 TSecr=2916033193"
"7367","29.120021216","192.168.1.55","192.168.1.2","TCP","1514","8004  >  49894 [ACK] Seq=189878 Ack=144 Win=65024 Len=1448 TSval=2916033200 TSecr=3045552974 [TCP segment of a reassembled PDU]"
"7368","29.120024753","192.168.1.55","192.168.1.2","TCP","1514","8004  >  49894 [ACK] Seq=191326 Ack=144 Win=65024 Len=1448 TSval=2916033200 TSecr=3045552974 [TCP segment of a reassembled PDU]"
"7369","29.120026123","192.168.1.55","192.168.1.2","TCP","1514","8004  >  49894 [ACK] Seq=192774 Ack=144 Win=65024 Len=1448 TSval=2916033200 TSecr=3045552974 [TCP segment of a reassembled PDU]"
"7370","29.120027049","192.168.1.55","192.168.1.2","TCP","1514","8004  >  49894 [ACK] Seq=194222 Ack=144 Win=65024 Len=1448 TSval=2916033200 TSecr=3045552974 [TCP segment of a reassembled PDU]"
"7371","29.120028549","192.168.1.55","192.168.1.2","TCP","1514","8004  >  49894 [PSH, ACK] Seq=195670 Ack=144 Win=65024 Len=1448 TSval=2916033200 TSecr=3045552974 [TCP segment of a reassembled PDU]"
"7372","29.120033808","192.168.1.2","192.168.1.55","TCP","66","49894  >  8004 [ACK] Seq=144 Ack=138974 Win=84992 Len=0 TSval=3045552974 TSecr=2916033194"
"7373","29.120041549","192.168.1.2","192.168.1.55","TCP","66","49894  >  8004 [ACK] Seq=144 Ack=154902 Win=104448 Len=0 TSval=3045552974 TSecr=2916033194"
"7374","29.120094142","192.168.1.55","192.168.1.2","TCP","1514","8004  >  49894 [ACK] Seq=197118 Ack=144 Win=65024 Len=1448 TSval=2916033200 TSecr=3045552974 [TCP segment of a reassembled PDU]"
"7375","29.120096031","192.168.1.55","192.168.1.2","TCP","1514","8004  >  49894 [ACK] Seq=198566 Ack=144 Win=65024 Len=1448 TSval=2916033200 TSecr=3045552974 [TCP segment of a reassembled PDU]"
"7376","29.120097790","192.168.1.55","192.168.1.2","TCP","1514","8004  >  49894 [ACK] Seq=200014 Ack=144 Win=65024 Len=1448 TSval=2916033200 TSecr=3045552974 [TCP segment of a reassembled PDU]"
"7377","29.120100234","192.168.1.55","192.168.1.2","TCP","1514","8004  >  49894 [ACK] Seq=201462 Ack=144 Win=65024 Len=1448 TSval=2916033200 TSecr=3045552974 [TCP segment of a reassembled PDU]"
"7378","29.120101438","192.168.1.55","192.168.1.2","TCP","1514","8004  >  49894 [ACK] Seq=202910 Ack=144 Win=65024 Len=1448 TSval=2916033200 TSecr=3045552974 [TCP segment of a reassembled PDU]"
"7379","29.120103012","192.168.1.55","192.168.1.2","TCP","1514","8004  >  49894 [ACK] Seq=204358 Ack=144 Win=65024 Len=1448 TSval=2916033200 TSecr=3045552974 [TCP segment of a reassembled PDU]"
"7380","29.120104716","192.168.1.55","192.168.1.2","TCP","1514","8004  >  49894 [ACK] Seq=205806 Ack=144 Win=65024 Len=1448 TSval=2916033200 TSecr=3045552974 [TCP segment of a reassembled PDU]"
"7381","29.120105808","192.168.1.55","192.168.1.2","TCP","1514","8004  >  49894 [ACK] Seq=207254 Ack=144 Win=65024 Len=1448 TSval=2916033200 TSecr=3045552974 [TCP segment of a reassembled PDU]"
"7382","29.120107327","192.168.1.55","192.168.1.2","TCP","1514","8004  >  49894 [ACK] Seq=208702 Ack=144 Win=65024 Len=1448 TSval=2916033200 TSecr=3045552974 [TCP segment of a reassembled PDU]"
"7383","29.120108753","192.168.1.55","192.168.1.2","TCP","1514","8004  >  49894 [ACK] Seq=210150 Ack=144 Win=65024 Len=1448 TSval=2916033200 TSecr=3045552974 [TCP segment of a reassembled PDU]"
"7384","29.120110586","192.168.1.55","192.168.1.2","TCP","1514","8004  >  49894 [ACK] Seq=211598 Ack=144 Win=65024 Len=1448 TSval=2916033200 TSecr=3045552974 [TCP segment of a reassembled PDU]"
"7385","29.120112790","192.168.1.55","192.168.1.2","TCP","1514","8004  >  49894 [ACK] Seq=213046 Ack=144 Win=65024 Len=1448 TSval=2916033200 TSecr=3045552974 [TCP segment of a reassembled PDU]"
"7386","29.120114234","192.168.1.55","192.168.1.2","TCP","1514","8004  >  49894 [ACK] Seq=214494 Ack=144 Win=65024 Len=1448 TSval=2916033200 TSecr=3045552974 [TCP segment of a reassembled PDU]"
"7387","29.120115864","192.168.1.55","192.168.1.2","TCP","1514","8004  >  49894 [ACK] Seq=215942 Ack=144 Win=65024 Len=1448 TSval=2916033200 TSecr=3045552974 [TCP segment of a reassembled PDU]"
"7388","29.120118142","192.168.1.55","192.168.1.2","TCP","1514","8004  >  49894 [ACK] Seq=217390 Ack=144 Win=65024 Len=1448 TSval=2916033200 TSecr=3045552974 [TCP segment of a reassembled PDU]"
"7389","29.120119716","192.168.1.55","192.168.1.2","TCP","1514","8004  >  49894 [ACK] Seq=218838 Ack=144 Win=65024 Len=1448 TSval=2916033200 TSecr=3045552974 [TCP segment of a reassembled PDU]"
"7390","29.120120734","192.168.1.55","192.168.1.2","TCP","1514","8004  >  49894 [ACK] Seq=220286 Ack=144 Win=65024 Len=1448 TSval=2916033200 TSecr=3045552974 [TCP segment of a reassembled PDU]"
"7391","29.120121994","192.168.1.55","192.168.1.2","TCP","1514","8004  >  49894 [ACK] Seq=221734 Ack=144 Win=65024 Len=1448 TSval=2916033200 TSecr=3045552974 [TCP segment of a reassembled PDU]"
"7392","29.120124716","192.168.1.55","192.168.1.2","TCP","1514","8004  >  49894 [ACK] Seq=223182 Ack=144 Win=65024 Len=1448 TSval=2916033200 TSecr=3045552974 [TCP segment of a reassembled PDU]"
"7393","29.120126271","192.168.1.55","192.168.1.2","TCP","1514","8004  >  49894 [ACK] Seq=224630 Ack=144 Win=65024 Len=1448 TSval=2916033200 TSecr=3045552974 [TCP segment of a reassembled PDU]"
"7394","29.120127457","192.168.1.55","192.168.1.2","TCP","1514","8004  >  49894 [ACK] Seq=226078 Ack=144 Win=65024 Len=1448 TSval=2916033200 TSecr=3045552974 [TCP segment of a reassembled PDU]"
"7395","29.120128975","192.168.1.55","192.168.1.2","TCP","1514","8004  >  49894 [ACK] Seq=227526 Ack=144 Win=65024 Len=1448 TSval=2916033200 TSecr=3045552974 [TCP segment of a reassembled PDU]"
"7396","29.120130420","192.168.1.55","192.168.1.2","TCP","1514","8004  >  49894 [ACK] Seq=228974 Ack=144 Win=65024 Len=1448 TSval=2916033200 TSecr=3045552974 [TCP segment of a reassembled PDU]"
"7397","29.120132586","192.168.1.55","192.168.1.2","TCP","1514","8004  >  49894 [ACK] Seq=230422 Ack=144 Win=65024 Len=1448 TSval=2916033200 TSecr=3045552974 [TCP segment of a reassembled PDU]"
"7398","29.120133549","192.168.1.55","192.168.1.2","TCP","1514","8004  >  49894 [ACK] Seq=231870 Ack=144 Win=65024 Len=1448 TSval=2916033200 TSecr=3045552974 [TCP segment of a reassembled PDU]"
"7399","29.120134753","192.168.1.55","192.168.1.2","TCP","1514","8004  >  49894 [ACK] Seq=233318 Ack=144 Win=65024 Len=1448 TSval=2916033200 TSecr=3045552974 [TCP segment of a reassembled PDU]"
"7400","29.120135901","192.168.1.55","192.168.1.2","TCP","1514","8004  >  49894 [ACK] Seq=234766 Ack=144 Win=65024 Len=1448 TSval=2916033200 TSecr=3045552974 [TCP segment of a reassembled PDU]"
"7401","29.120136975","192.168.1.55","192.168.1.2","TCP","1514","8004  >  49894 [ACK] Seq=236214 Ack=144 Win=65024 Len=1448 TSval=2916033200 TSecr=3045552974 [TCP segment of a reassembled PDU]"
"7402","29.120138605","192.168.1.55","192.168.1.2","TCP","1514","8004  >  49894 [PSH, ACK] Seq=237662 Ack=144 Win=65024 Len=1448 TSval=2916033200 TSecr=3045552974 [TCP segment of a reassembled PDU]"
"7403","29.120144179","192.168.1.2","192.168.1.55","TCP","66","49894  >  8004 [ACK] Seq=144 Ack=155126 Win=107520 Len=0 TSval=3045552974 TSecr=2916033194"
"7404","29.120203401","192.168.1.2","192.168.1.55","TCP","66","49894  >  8004 [ACK] Seq=144 Ack=168158 Win=106496 Len=0 TSval=3045552974 TSecr=2916033194"
"7405","29.120266753","192.168.1.55","192.168.1.2","TCP","1514","8004  >  49894 [ACK] Seq=239110 Ack=144 Win=65024 Len=1448 TSval=2916033200 TSecr=3045552974 [TCP segment of a reassembled PDU]"
"7406","29.120269031","192.168.1.55","192.168.1.2","TCP","1514","8004  >  49894 [ACK] Seq=240558 Ack=144 Win=65024 Len=1448 TSval=2916033200 TSecr=3045552974 [TCP segment of a reassembled PDU]"
"7407","29.120270809","192.168.1.55","192.168.1.2","TCP","1514","8004  >  49894 [ACK] Seq=242006 Ack=144 Win=65024 Len=1448 TSval=2916033200 TSecr=3045552974 [TCP segment of a reassembled PDU]"
"7408","29.120272123","192.168.1.55","192.168.1.2","TCP","1514","8004  >  49894 [ACK] Seq=243454 Ack=144 Win=65024 Len=1448 TSval=2916033200 TSecr=3045552974 [TCP segment of a reassembled PDU]"
"7409","29.120273698","192.168.1.55","192.168.1.2","TCP","1514","8004  >  49894 [ACK] Seq=244902 Ack=144 Win=65024 Len=1448 TSval=2916033200 TSecr=3045552974 [TCP segment of a reassembled PDU]"
"7410","29.120274679","192.168.1.55","192.168.1.2","TCP","1514","8004  >  49894 [ACK] Seq=246350 Ack=144 Win=65024 Len=1448 TSval=2916033200 TSecr=3045552974 [TCP segment of a reassembled PDU]"
"7411","29.120275586","192.168.1.55","192.168.1.2","TCP","1514","8004  >  49894 [ACK] Seq=247798 Ack=144 Win=65024 Len=1448 TSval=2916033200 TSecr=3045552974 [TCP segment of a reassembled PDU]"
"7412","29.120276753","192.168.1.55","192.168.1.2","TCP","1514","8004  >  49894 [ACK] Seq=249246 Ack=144 Win=65024 Len=1448 TSval=2916033200 TSecr=3045552974 [TCP segment of a reassembled PDU]"
"7413","29.120277846","192.168.1.55","192.168.1.2","TCP","1514","8004  >  49894 [ACK] Seq=250694 Ack=144 Win=65024 Len=1448 TSval=2916033200 TSecr=3045552974 [TCP segment of a reassembled PDU]"
"7414","29.120279401","192.168.1.55","192.168.1.2","TCP","1514","8004  >  49894 [ACK] Seq=252142 Ack=144 Win=65024 Len=1448 TSval=2916033200 TSecr=3045552974 [TCP segment of a reassembled PDU]"
"7415","29.120280790","192.168.1.55","192.168.1.2","TCP","1514","8004  >  49894 [ACK] Seq=253590 Ack=144 Win=65024 Len=1448 TSval=2916033200 TSecr=3045552974 [TCP segment of a reassembled PDU]"
"7416","29.120282253","192.168.1.55","192.168.1.2","TCP","1514","8004  >  49894 [ACK] Seq=255038 Ack=144 Win=65024 Len=1448 TSval=2916033200 TSecr=3045552974 [TCP segment of a reassembled PDU]"
"7417","29.120283938","192.168.1.55","192.168.1.2","TCP","1514","8004  >  49894 [ACK] Seq=256486 Ack=144 Win=65024 Len=1448 TSval=2916033200 TSecr=3045552974 [TCP segment of a reassembled PDU]"
"7418","29.120284938","192.168.1.55","192.168.1.2","TCP","1514","8004  >  49894 [ACK] Seq=257934 Ack=144 Win=65024 Len=1448 TSval=2916033200 TSecr=3045552974 [TCP segment of a reassembled PDU]"
"7419","29.120286031","192.168.1.55","192.168.1.2","TCP","1514","8004  >  49894 [ACK] Seq=259382 Ack=144 Win=65024 Len=1448 TSval=2916033200 TSecr=3045552974 [TCP segment of a reassembled PDU]"
"7420","29.120287457","192.168.1.55","192.168.1.2","TCP","1514","8004  >  49894 [ACK] Seq=260830 Ack=144 Win=65024 Len=1448 TSval=2916033200 TSecr=3045552974 [TCP segment of a reassembled PDU]"
"7421","29.120289568","192.168.1.55","192.168.1.2","TCP","1514","8004  >  49894 [ACK] Seq=262278 Ack=144 Win=65024 Len=1448 TSval=2916033200 TSecr=3045552974 [TCP segment of a reassembled PDU]"
"7422","29.120290920","192.168.1.55","192.168.1.2","TCP","1514","8004  >  49894 [ACK] Seq=263726 Ack=144 Win=65024 Len=1448 TSval=2916033200 TSecr=3045552974 [TCP segment of a reassembled PDU]"
"7423","29.120297605","192.168.1.55","192.168.1.2","TCP","1514","8004  >  49894 [ACK] Seq=265174 Ack=144 Win=65024 Len=1448 TSval=2916033200 TSecr=3045552974 [TCP segment of a reassembled PDU]"
"7424","29.120299068","192.168.1.55","192.168.1.2","TCP","1514","8004  >  49894 [ACK] Seq=266622 Ack=144 Win=65024 Len=1448 TSval=2916033200 TSecr=3045552974 [TCP segment of a reassembled PDU]"
"7425","29.120300290","192.168.1.55","192.168.1.2","TCP","1514","8004  >  49894 [ACK] Seq=268070 Ack=144 Win=65024 Len=1448 TSval=2916033200 TSecr=3045552974 [TCP segment of a reassembled PDU]"
"7426","29.120301586","192.168.1.55","192.168.1.2","TCP","1514","8004  >  49894 [ACK] Seq=269518 Ack=144 Win=65024 Len=1448 TSval=2916033200 TSecr=3045552974 [TCP segment of a reassembled PDU]"
"7427","29.120303124","192.168.1.55","192.168.1.2","TCP","1514","8004  >  49894 [ACK] Seq=270966 Ack=144 Win=65024 Len=1448 TSval=2916033200 TSecr=3045552974 [TCP segment of a reassembled PDU]"
"7428","29.120304068","192.168.1.55","192.168.1.2","TCP","1514","8004  >  49894 [ACK] Seq=272414 Ack=144 Win=65024 Len=1448 TSval=2916033200 TSecr=3045552974 [TCP segment of a reassembled PDU]"
"7429","29.120305105","192.168.1.55","192.168.1.2","TCP","858","[TCP Window Full] 8004  >  49894 [PSH, ACK] Seq=273862 Ack=144 Win=65024 Len=792 TSval=2916033200 TSecr=3045552974 [TCP segment of a reassembled PDU]"
"7430","29.120312383","192.168.1.2","192.168.1.55","TCP","66","49894  >  8004 [ACK] Seq=144 Ack=169606 Win=109568 Len=0 TSval=3045552974 TSecr=2916033194"
"7431","29.121527977","192.168.1.55","192.168.1.2","TCP","1514","8004  >  49894 [ACK] Seq=274654 Ack=144 Win=65024 Len=1448 TSval=2916033202 TSecr=3045552974 [TCP segment of a reassembled PDU]"
"7432","29.121531181","192.168.1.55","192.168.1.2","TCP","1514","8004  >  49894 [ACK] Seq=276102 Ack=144 Win=65024 Len=1448 TSval=2916033202 TSecr=3045552974 [TCP segment of a reassembled PDU]"
"7433","29.121532885","192.168.1.55","192.168.1.2","TCP","1514","8004  >  49894 [PSH, ACK] Seq=277550 Ack=144 Win=65024 Len=1448 TSval=2916033202 TSecr=3045552974 [TCP segment of a reassembled PDU]"
"7434","29.127904080","192.168.1.2","192.168.1.55","TCP","66","49894  >  8004 [ACK] Seq=144 Ack=189878 Win=98304 Len=0 TSval=3045552981 TSecr=2916033200"
"7435","29.127928284","192.168.1.55","192.168.1.2","TCP","1514","8004  >  49894 [ACK] Seq=278998 Ack=144 Win=65024 Len=1448 TSval=2916033208 TSecr=3045552981 [TCP segment of a reassembled PDU]"
"7436","29.127935191","192.168.1.55","192.168.1.2","TCP","722","8004  >  49894 [ACK] Seq=280446 Ack=144 Win=65024 Len=656 TSval=2916033208 TSecr=3045552981 [TCP segment of a reassembled PDU]"
"7437","29.128105321","192.168.1.2","192.168.1.55","TCP","66","49894  >  8004 [ACK] Seq=144 Ack=239110 Win=79872 Len=0 TSval=3045552981 TSecr=2916033200"
"7438","29.128144877","192.168.1.55","192.168.1.2","TCP","1514","8004  >  49894 [ACK] Seq=281102 Ack=144 Win=65024 Len=1448 TSval=2916033208 TSecr=3045552981 [TCP segment of a reassembled PDU]"
"7439","29.128147339","192.168.1.55","192.168.1.2","TCP","1514","8004  >  49894 [ACK] Seq=282550 Ack=144 Win=65024 Len=1448 TSval=2916033208 TSecr=3045552981 [TCP segment of a reassembled PDU]"
"7440","29.128148636","192.168.1.55","192.168.1.2","TCP","1514","8004  >  49894 [ACK] Seq=283998 Ack=144 Win=65024 Len=1448 TSval=2916033208 TSecr=3045552981 [TCP segment of a reassembled PDU]"
"7441","29.128149895","192.168.1.55","192.168.1.2","TCP","1514","8004  >  49894 [ACK] Seq=285446 Ack=144 Win=65024 Len=1448 TSval=2916033208 TSecr=3045552981 [TCP segment of a reassembled PDU]"
"7442","29.128151117","192.168.1.55","192.168.1.2","TCP","1514","8004  >  49894 [ACK] Seq=286894 Ack=144 Win=65024 Len=1448 TSval=2916033208 TSecr=3045552981 [TCP segment of a reassembled PDU]"
"7443","29.128152414","192.168.1.55","192.168.1.2","TCP","1514","8004  >  49894 [ACK] Seq=288342 Ack=144 Win=65024 Len=1448 TSval=2916033208 TSecr=3045552981 [TCP segment of a reassembled PDU]"
"7444","29.128153673","192.168.1.55","192.168.1.2","TCP","1514","8004  >  49894 [ACK] Seq=289790 Ack=144 Win=65024 Len=1448 TSval=2916033208 TSecr=3045552981 [TCP segment of a reassembled PDU]"
"7445","29.128154932","192.168.1.55","192.168.1.2","TCP","1514","8004  >  49894 [ACK] Seq=291238 Ack=144 Win=65024 Len=1448 TSval=2916033208 TSecr=3045552981 [TCP segment of a reassembled PDU]"
"7446","29.128156321","192.168.1.55","192.168.1.2","TCP","1514","8004  >  49894 [ACK] Seq=292686 Ack=144 Win=65024 Len=1448 TSval=2916033208 TSecr=3045552981 [TCP segment of a reassembled PDU]"
"7447","29.128157488","192.168.1.55","192.168.1.2","TCP","1514","8004  >  49894 [ACK] Seq=294134 Ack=144 Win=65024 Len=1448 TSval=2916033208 TSecr=3045552981 [TCP segment of a reassembled PDU]"
"7448","29.128158728","192.168.1.55","192.168.1.2","TCP","1514","8004  >  49894 [ACK] Seq=295582 Ack=144 Win=65024 Len=1448 TSval=2916033208 TSecr=3045552981 [TCP segment of a reassembled PDU]"
"7449","29.128159988","192.168.1.55","192.168.1.2","TCP","1514","8004  >  49894 [ACK] Seq=297030 Ack=144 Win=65024 Len=1448 TSval=2916033208 TSecr=3045552981 [TCP segment of a reassembled PDU]"
"7450","29.128161210","192.168.1.55","192.168.1.2","TCP","1514","8004  >  49894 [ACK] Seq=298478 Ack=144 Win=65024 Len=1448 TSval=2916033208 TSecr=3045552981 [TCP segment of a reassembled PDU]"
"7451","29.128162451","192.168.1.55","192.168.1.2","TCP","1514","8004  >  49894 [ACK] Seq=299926 Ack=144 Win=65024 Len=1448 TSval=2916033208 TSecr=3045552981 [TCP segment of a reassembled PDU]"
"7452","29.128163728","192.168.1.55","192.168.1.2","TCP","1514","8004  >  49894 [ACK] Seq=301374 Ack=144 Win=65024 Len=1448 TSval=2916033208 TSecr=3045552981 [TCP segment of a reassembled PDU]"
"7453","29.128165099","192.168.1.55","192.168.1.2","TCP","1514","8004  >  49894 [ACK] Seq=302822 Ack=144 Win=65024 Len=1448 TSval=2916033208 TSecr=3045552981 [TCP segment of a reassembled PDU]"
"7454","29.128166228","192.168.1.55","192.168.1.2","TCP","1514","8004  >  49894 [ACK] Seq=304270 Ack=144 Win=65024 Len=1448 TSval=2916033208 TSecr=3045552981 [TCP segment of a reassembled PDU]"
"7455","29.128167691","192.168.1.55","192.168.1.2","TCP","1514","8004  >  49894 [ACK] Seq=305718 Ack=144 Win=65024 Len=1448 TSval=2916033208 TSecr=3045552981 [TCP segment of a reassembled PDU]"
"7456","29.128169099","192.168.1.55","192.168.1.2","TCP","1514","8004  >  49894 [ACK] Seq=307166 Ack=144 Win=65024 Len=1448 TSval=2916033208 TSecr=3045552981 [TCP segment of a reassembled PDU]"
"7457","29.128170432","192.168.1.55","192.168.1.2","TCP","1514","8004  >  49894 [ACK] Seq=308614 Ack=144 Win=65024 Len=1448 TSval=2916033208 TSecr=3045552981 [TCP segment of a reassembled PDU]"
"7458","29.128171599","192.168.1.55","192.168.1.2","TCP","1514","8004  >  49894 [ACK] Seq=310062 Ack=144 Win=65024 Len=1448 TSval=2916033208 TSecr=3045552981 [TCP segment of a reassembled PDU]"
"7459","29.128172895","192.168.1.55","192.168.1.2","TCP","1514","8004  >  49894 [ACK] Seq=311510 Ack=144 Win=65024 Len=1448 TSval=2916033208 TSecr=3045552981 [TCP segment of a reassembled PDU]"
"7460","29.128174173","192.168.1.55","192.168.1.2","TCP","1514","8004  >  49894 [ACK] Seq=312958 Ack=144 Win=65024 Len=1448 TSval=2916033208 TSecr=3045552981 [TCP segment of a reassembled PDU]"
"7461","29.128175451","192.168.1.55","192.168.1.2","TCP","1514","8004  >  49894 [ACK] Seq=314406 Ack=144 Win=65024 Len=1448 TSval=2916033208 TSecr=3045552981 [TCP segment of a reassembled PDU]"
"7462","29.128176840","192.168.1.55","192.168.1.2","TCP","1514","8004  >  49894 [ACK] Seq=315854 Ack=144 Win=65024 Len=1448 TSval=2916033208 TSecr=3045552981 [TCP segment of a reassembled PDU]"
"7463","29.128178099","192.168.1.55","192.168.1.2","TCP","1514","8004  >  49894 [PSH, ACK] Seq=317302 Ack=144 Win=65024 Len=1448 TSval=2916033208 TSecr=3045552981 [TCP segment of a reassembled PDU]"
"7464","29.128182562","192.168.1.2","192.168.1.55","TCP","66","49894  >  8004 [ACK] Seq=144 Ack=242006 Win=77824 Len=0 TSval=3045552981 TSecr=2916033200"
"7465","29.130396102","192.168.1.2","192.168.1.55","TCP","66","49894  >  8004 [ACK] Seq=144 Ack=273862 Win=84992 Len=0 TSval=3045552983 TSecr=2916033200"
"7466","29.130407602","192.168.1.55","192.168.1.2","TCP","1514","8004  >  49894 [ACK] Seq=318750 Ack=144 Win=65024 Len=1448 TSval=2916033211 TSecr=3045552983 [TCP segment of a reassembled PDU]"
"7467","29.130409602","192.168.1.55","192.168.1.2","TCP","1514","8004  >  49894 [ACK] Seq=320198 Ack=144 Win=65024 Len=1448 TSval=2916033211 TSecr=3045552983 [TCP segment of a reassembled PDU]"
"7468","29.130410843","192.168.1.55","192.168.1.2","TCP","1514","8004  >  49894 [PSH, ACK] Seq=321646 Ack=144 Win=65024 Len=1448 TSval=2916033211 TSecr=3045552983 [TCP segment of a reassembled PDU]"
"7469","29.130435732","192.168.1.55","192.168.1.2","TCP","1514","8004  >  49894 [ACK] Seq=323094 Ack=144 Win=65024 Len=1448 TSval=2916033211 TSecr=3045552983 [TCP segment of a reassembled PDU]"
"7470","29.130437010","192.168.1.55","192.168.1.2","TCP","1514","8004  >  49894 [ACK] Seq=324542 Ack=144 Win=65024 Len=1448 TSval=2916033211 TSecr=3045552983 [TCP segment of a reassembled PDU]"
"7471","29.130438287","192.168.1.55","192.168.1.2","TCP","1514","8004  >  49894 [ACK] Seq=325990 Ack=144 Win=65024 Len=1448 TSval=2916033211 TSecr=3045552983 [TCP segment of a reassembled PDU]"
"7472","29.130439436","192.168.1.55","192.168.1.2","TCP","1514","8004  >  49894 [ACK] Seq=327438 Ack=144 Win=65024 Len=1448 TSval=2916033211 TSecr=3045552983 [TCP segment of a reassembled PDU]"
"7473","29.130440713","192.168.1.55","192.168.1.2","TCP","1514","8004  >  49894 [ACK] Seq=328886 Ack=144 Win=65024 Len=1448 TSval=2916033211 TSecr=3045552983 [TCP segment of a reassembled PDU]"
"7474","29.130441862","192.168.1.55","192.168.1.2","TCP","1514","8004  >  49894 [ACK] Seq=330334 Ack=144 Win=65024 Len=1448 TSval=2916033211 TSecr=3045552983 [TCP segment of a reassembled PDU]"
"7475","29.130443491","192.168.1.55","192.168.1.2","TCP","1514","8004  >  49894 [ACK] Seq=331782 Ack=144 Win=65024 Len=1448 TSval=2916033211 TSecr=3045552983 [TCP segment of a reassembled PDU]"
"7476","29.130444713","192.168.1.55","192.168.1.2","TCP","1514","8004  >  49894 [ACK] Seq=333230 Ack=144 Win=65024 Len=1448 TSval=2916033211 TSecr=3045552983 [TCP segment of a reassembled PDU]"
"7477","29.130445880","192.168.1.55","192.168.1.2","TCP","1514","8004  >  49894 [ACK] Seq=334678 Ack=144 Win=65024 Len=1448 TSval=2916033211 TSecr=3045552983 [TCP segment of a reassembled PDU]"
"7478","29.130447084","192.168.1.55","192.168.1.2","TCP","1514","8004  >  49894 [ACK] Seq=336126 Ack=144 Win=65024 Len=1448 TSval=2916033211 TSecr=3045552983 [TCP segment of a reassembled PDU]"
"7479","29.130452713","192.168.1.55","192.168.1.2","TCP","1514","8004  >  49894 [ACK] Seq=337574 Ack=144 Win=65024 Len=1448 TSval=2916033211 TSecr=3045552983 [TCP segment of a reassembled PDU]"
"7480","29.130454102","192.168.1.55","192.168.1.2","TCP","1514","8004  >  49894 [ACK] Seq=339022 Ack=144 Win=65024 Len=1448 TSval=2916033211 TSecr=3045552983 [TCP segment of a reassembled PDU]"
"7481","29.130455343","192.168.1.55","192.168.1.2","TCP","1514","8004  >  49894 [ACK] Seq=340470 Ack=144 Win=65024 Len=1448 TSval=2916033211 TSecr=3045552983 [TCP segment of a reassembled PDU]"
"7482","29.130456528","192.168.1.55","192.168.1.2","TCP","1514","8004  >  49894 [ACK] Seq=341918 Ack=144 Win=65024 Len=1448 TSval=2916033211 TSecr=3045552983 [TCP segment of a reassembled PDU]"
"7483","29.130458102","192.168.1.55","192.168.1.2","TCP","1514","8004  >  49894 [ACK] Seq=343366 Ack=144 Win=65024 Len=1448 TSval=2916033211 TSecr=3045552983 [TCP segment of a reassembled PDU]"
"7484","29.130459380","192.168.1.55","192.168.1.2","TCP","1514","8004  >  49894 [ACK] Seq=344814 Ack=144 Win=65024 Len=1448 TSval=2916033211 TSecr=3045552983 [TCP segment of a reassembled PDU]"
"7485","29.130460602","192.168.1.55","192.168.1.2","TCP","1514","8004  >  49894 [ACK] Seq=346262 Ack=144 Win=65024 Len=1448 TSval=2916033211 TSecr=3045552983 [TCP segment of a reassembled PDU]"
"7486","29.130461862","192.168.1.55","192.168.1.2","TCP","1514","8004  >  49894 [ACK] Seq=347710 Ack=144 Win=65024 Len=1448 TSval=2916033211 TSecr=3045552983 [TCP segment of a reassembled PDU]"
"7487","29.130463047","192.168.1.55","192.168.1.2","TCP","1514","8004  >  49894 [ACK] Seq=349158 Ack=144 Win=65024 Len=1448 TSval=2916033211 TSecr=3045552983 [TCP segment of a reassembled PDU]"
"7488","29.130464176","192.168.1.55","192.168.1.2","TCP","1514","8004  >  49894 [ACK] Seq=350606 Ack=144 Win=65024 Len=1448 TSval=2916033211 TSecr=3045552983 [TCP segment of a reassembled PDU]"
"7489","29.130465325","192.168.1.55","192.168.1.2","TCP","1514","8004  >  49894 [ACK] Seq=352054 Ack=144 Win=65024 Len=1448 TSval=2916033211 TSecr=3045552983 [TCP segment of a reassembled PDU]"
"7490","29.130466454","192.168.1.55","192.168.1.2","TCP","1514","8004  >  49894 [ACK] Seq=353502 Ack=144 Win=65024 Len=1448 TSval=2916033211 TSecr=3045552983 [TCP segment of a reassembled PDU]"
"7491","29.130467713","192.168.1.55","192.168.1.2","TCP","1514","8004  >  49894 [ACK] Seq=354950 Ack=144 Win=65024 Len=1448 TSval=2916033211 TSecr=3045552983 [TCP segment of a reassembled PDU]"
"7492","29.130468991","192.168.1.55","192.168.1.2","TCP","1514","8004  >  49894 [PSH, ACK] Seq=356398 Ack=144 Win=65024 Len=1448 TSval=2916033211 TSecr=3045552983 [TCP segment of a reassembled PDU]"
"7493","29.130544010","192.168.1.2","192.168.1.55","TCP","66","49894  >  8004 [ACK] Seq=144 Ack=274654 Win=112640 Len=0 TSval=3045552983 TSecr=2916033200"
"7494","29.130560417","192.168.1.55","192.168.1.2","TCP","1514","8004  >  49894 [ACK] Seq=357846 Ack=144 Win=65024 Len=1448 TSval=2916033211 TSecr=3045552983 [TCP segment of a reassembled PDU]"
"7495","29.130562362","192.168.1.55","192.168.1.2","TCP","1514","8004  >  49894 [ACK] Seq=359294 Ack=144 Win=65024 Len=1448 TSval=2916033211 TSecr=3045552983 [TCP segment of a reassembled PDU]"
"7496","29.130563528","192.168.1.55","192.168.1.2","TCP","1514","8004  >  49894 [ACK] Seq=360742 Ack=144 Win=65024 Len=1448 TSval=2916033211 TSecr=3045552983 [TCP segment of a reassembled PDU]"
"7497","29.130564899","192.168.1.55","192.168.1.2","TCP","1514","8004  >  49894 [ACK] Seq=362190 Ack=144 Win=65024 Len=1448 TSval=2916033211 TSecr=3045552983 [TCP segment of a reassembled PDU]"
"7498","29.130566177","192.168.1.55","192.168.1.2","TCP","1514","8004  >  49894 [ACK] Seq=363638 Ack=144 Win=65024 Len=1448 TSval=2916033211 TSecr=3045552983 [TCP segment of a reassembled PDU]"
"7499","29.130567325","192.168.1.55","192.168.1.2","TCP","1514","8004  >  49894 [ACK] Seq=365086 Ack=144 Win=65024 Len=1448 TSval=2916033211 TSecr=3045552983 [TCP segment of a reassembled PDU]"
"7500","29.130568603","192.168.1.55","192.168.1.2","TCP","1514","8004  >  49894 [PSH, ACK] Seq=366534 Ack=144 Win=65024 Len=1448 TSval=2916033211 TSecr=3045552983 [TCP segment of a reassembled PDU]"
"7501","29.130572880","192.168.1.2","192.168.1.55","TCP","66","49894  >  8004 [ACK] Seq=144 Ack=278998 Win=112640 Len=0 TSval=3045552984 TSecr=2916033202"
"7502","29.130595751","192.168.1.55","192.168.1.2","TCP","1514","8004  >  49894 [ACK] Seq=367982 Ack=144 Win=65024 Len=1448 TSval=2916033211 TSecr=3045552984 [TCP segment of a reassembled PDU]"
"7503","29.130597880","192.168.1.55","192.168.1.2","TCP","1514","8004  >  49894 [ACK] Seq=369430 Ack=144 Win=65024 Len=1448 TSval=2916033211 TSecr=3045552984 [TCP segment of a reassembled PDU]"
"7504","29.130599084","192.168.1.55","192.168.1.2","TCP","1514","8004  >  49894 [ACK] Seq=370878 Ack=144 Win=65024 Len=1448 TSval=2916033211 TSecr=3045552984 [TCP segment of a reassembled PDU]"
"7505","29.130600288","192.168.1.55","192.168.1.2","TCP","1514","8004  >  49894 [ACK] Seq=372326 Ack=144 Win=65024 Len=1448 TSval=2916033211 TSecr=3045552984 [TCP segment of a reassembled PDU]"
"7506","29.130601528","192.168.1.55","192.168.1.2","TCP","1514","8004  >  49894 [ACK] Seq=373774 Ack=144 Win=65024 Len=1448 TSval=2916033211 TSecr=3045552984 [TCP segment of a reassembled PDU]"
"7507","29.130602732","192.168.1.55","192.168.1.2","TCP","1514","8004  >  49894 [ACK] Seq=375222 Ack=144 Win=65024 Len=1448 TSval=2916033211 TSecr=3045552984 [TCP segment of a reassembled PDU]"
"7508","29.130603973","192.168.1.55","192.168.1.2","TCP","1514","8004  >  49894 [ACK] Seq=376670 Ack=144 Win=65024 Len=1448 TSval=2916033211 TSecr=3045552984 [TCP segment of a reassembled PDU]"
"7509","29.130605103","192.168.1.55","192.168.1.2","TCP","1514","8004  >  49894 [ACK] Seq=378118 Ack=144 Win=65024 Len=1448 TSval=2916033211 TSecr=3045552984 [TCP segment of a reassembled PDU]"
"7510","29.130606380","192.168.1.55","192.168.1.2","TCP","1514","8004  >  49894 [ACK] Seq=379566 Ack=144 Win=65024 Len=1448 TSval=2916033211 TSecr=3045552984 [TCP segment of a reassembled PDU]"
"7511","29.130607714","192.168.1.55","192.168.1.2","TCP","1514","8004  >  49894 [ACK] Seq=381014 Ack=144 Win=65024 Len=1448 TSval=2916033211 TSecr=3045552984 [TCP segment of a reassembled PDU]"
"7512","29.130608862","192.168.1.55","192.168.1.2","TCP","1514","8004  >  49894 [ACK] Seq=382462 Ack=144 Win=65024 Len=1448 TSval=2916033211 TSecr=3045552984 [TCP segment of a reassembled PDU]"
"7513","29.130610010","192.168.1.55","192.168.1.2","TCP","1514","8004  >  49894 [ACK] Seq=383910 Ack=144 Win=65024 Len=1448 TSval=2916033211 TSecr=3045552984 [TCP segment of a reassembled PDU]"
"7514","29.130611232","192.168.1.55","192.168.1.2","TCP","1514","8004  >  49894 [ACK] Seq=385358 Ack=144 Win=65024 Len=1448 TSval=2916033211 TSecr=3045552984 [TCP segment of a reassembled PDU]"
"7515","29.130612677","192.168.1.55","192.168.1.2","TCP","1514","8004  >  49894 [ACK] Seq=386806 Ack=144 Win=65024 Len=1448 TSval=2916033211 TSecr=3045552984 [TCP segment of a reassembled PDU]"
"7516","29.130613917","192.168.1.55","192.168.1.2","TCP","1514","8004  >  49894 [ACK] Seq=388254 Ack=144 Win=65024 Len=1448 TSval=2916033211 TSecr=3045552984 [TCP segment of a reassembled PDU]"
"7517","29.130615103","192.168.1.55","192.168.1.2","TCP","1514","8004  >  49894 [PSH, ACK] Seq=389702 Ack=144 Win=65024 Len=1448 TSval=2916033211 TSecr=3045552984 [TCP segment of a reassembled PDU]"
"7518","29.130619047","192.168.1.2","192.168.1.55","TCP","66","49894  >  8004 [ACK] Seq=144 Ack=281102 Win=116736 Len=0 TSval=3045552985 TSecr=2916033208"
"7519","29.130633751","192.168.1.55","192.168.1.2","TCP","1514","8004  >  49894 [ACK] Seq=391150 Ack=144 Win=65024 Len=1448 TSval=2916033211 TSecr=3045552985 [TCP segment of a reassembled PDU]"
"7520","29.130635214","192.168.1.55","192.168.1.2","TCP","1514","8004  >  49894 [ACK] Seq=392598 Ack=144 Win=65024 Len=1448 TSval=2916033211 TSecr=3045552985 [TCP segment of a reassembled PDU]"
"7521","29.130636380","192.168.1.55","192.168.1.2","TCP","1514","8004  >  49894 [ACK] Seq=394046 Ack=144 Win=65024 Len=1448 TSval=2916033211 TSecr=3045552985 [TCP segment of a reassembled PDU]"
"7522","29.130637732","192.168.1.55","192.168.1.2","TCP","1514","8004  >  49894 [ACK] Seq=395494 Ack=144 Win=65024 Len=1448 TSval=2916033211 TSecr=3045552985 [TCP segment of a reassembled PDU]"
"7523","29.130638862","192.168.1.55","192.168.1.2","TCP","962","[TCP Window Full] 8004  >  49894 [PSH, ACK] Seq=396942 Ack=144 Win=65024 Len=896 TSval=2916033211 TSecr=3045552985 [TCP segment of a reassembled PDU]"
"7524","29.136310741","192.168.1.2","192.168.1.55","TCP","66","49894  >  8004 [ACK] Seq=144 Ack=311510 Win=116736 Len=0 TSval=3045552987 TSecr=2916033208"
"7525","29.136356075","192.168.1.55","192.168.1.2","TCP","1514","8004  >  49894 [ACK] Seq=397838 Ack=144 Win=65024 Len=1448 TSval=2916033217 TSecr=3045552987 [TCP segment of a reassembled PDU]"
"7526","29.136360593","192.168.1.55","192.168.1.2","TCP","1514","8004  >  49894 [ACK] Seq=399286 Ack=144 Win=65024 Len=1448 TSval=2916033217 TSecr=3045552987 [TCP segment of a reassembled PDU]"
"7527","29.136362315","192.168.1.55","192.168.1.2","TCP","1514","8004  >  49894 [ACK] Seq=400734 Ack=144 Win=65024 Len=1448 TSval=2916033217 TSecr=3045552987 [TCP segment of a reassembled PDU]"
"7528","29.136364889","192.168.1.55","192.168.1.2","TCP","1514","8004  >  49894 [ACK] Seq=402182 Ack=144 Win=65024 Len=1448 TSval=2916033217 TSecr=3045552987 [TCP segment of a reassembled PDU]"
"7529","29.136366630","192.168.1.55","192.168.1.2","TCP","1514","8004  >  49894 [ACK] Seq=403630 Ack=144 Win=65024 Len=1448 TSval=2916033217 TSecr=3045552987 [TCP segment of a reassembled PDU]"
"7530","29.136368241","192.168.1.55","192.168.1.2","TCP","1514","8004  >  49894 [ACK] Seq=405078 Ack=144 Win=65024 Len=1448 TSval=2916033217 TSecr=3045552987 [TCP segment of a reassembled PDU]"
"7531","29.136369741","192.168.1.55","192.168.1.2","TCP","1514","8004  >  49894 [ACK] Seq=406526 Ack=144 Win=65024 Len=1448 TSval=2916033217 TSecr=3045552987 [TCP segment of a reassembled PDU]"
"7532","29.136371500","192.168.1.55","192.168.1.2","TCP","1514","8004  >  49894 [ACK] Seq=407974 Ack=144 Win=65024 Len=1448 TSval=2916033217 TSecr=3045552987 [TCP segment of a reassembled PDU]"
"7533","29.136373482","192.168.1.55","192.168.1.2","TCP","1514","8004  >  49894 [ACK] Seq=409422 Ack=144 Win=65024 Len=1448 TSval=2916033217 TSecr=3045552987 [TCP segment of a reassembled PDU]"
"7534","29.136374908","192.168.1.55","192.168.1.2","TCP","1514","8004  >  49894 [PSH, ACK] Seq=410870 Ack=144 Win=65024 Len=1448 TSval=2916033217 TSecr=3045552987 [TCP segment of a reassembled PDU]"
"7535","29.136385130","192.168.1.55","192.168.1.2","TCP","618","8004  >  49894 [ACK] Seq=412318 Ack=144 Win=65024 Len=552 TSval=2916033217 TSecr=3045552987 [TCP segment of a reassembled PDU]"
"7536","29.138055207","192.168.1.2","192.168.1.55","TCP","66","49894  >  8004 [ACK] Seq=144 Ack=318750 Win=131072 Len=0 TSval=3045552992 TSecr=2916033208"
"7537","29.138096911","192.168.1.55","192.168.1.2","TCP","1514","8004  >  49894 [ACK] Seq=412870 Ack=144 Win=65024 Len=1448 TSval=2916033218 TSecr=3045552992 [TCP segment of a reassembled PDU]"
"7538","29.138099836","192.168.1.55","192.168.1.2","TCP","1514","8004  >  49894 [ACK] Seq=414318 Ack=144 Win=65024 Len=1448 TSval=2916033218 TSecr=3045552992 [TCP segment of a reassembled PDU]"
"7539","29.138101281","192.168.1.55","192.168.1.2","TCP","1514","8004  >  49894 [ACK] Seq=415766 Ack=144 Win=65024 Len=1448 TSval=2916033218 TSecr=3045552992 [TCP segment of a reassembled PDU]"
"7540","29.138103040","192.168.1.55","192.168.1.2","TCP","1514","8004  >  49894 [ACK] Seq=417214 Ack=144 Win=65024 Len=1448 TSval=2916033218 TSecr=3045552992 [TCP segment of a reassembled PDU]"
"7541","29.138104559","192.168.1.55","192.168.1.2","TCP","1514","8004  >  49894 [ACK] Seq=418662 Ack=144 Win=65024 Len=1448 TSval=2916033218 TSecr=3045552992 [TCP segment of a reassembled PDU]"
"7542","29.138106337","192.168.1.55","192.168.1.2","TCP","1514","8004  >  49894 [ACK] Seq=420110 Ack=144 Win=65024 Len=1448 TSval=2916033218 TSecr=3045552992 [TCP segment of a reassembled PDU]"
"7543","29.138108151","192.168.1.55","192.168.1.2","TCP","1514","8004  >  49894 [ACK] Seq=421558 Ack=144 Win=65024 Len=1448 TSval=2916033218 TSecr=3045552992 [TCP segment of a reassembled PDU]"
"7544","29.138109522","192.168.1.55","192.168.1.2","TCP","1514","8004  >  49894 [ACK] Seq=423006 Ack=144 Win=65024 Len=1448 TSval=2916033218 TSecr=3045552992 [TCP segment of a reassembled PDU]"
"7545","29.138111059","192.168.1.55","192.168.1.2","TCP","1514","8004  >  49894 [ACK] Seq=424454 Ack=144 Win=65024 Len=1448 TSval=2916033218 TSecr=3045552992 [TCP segment of a reassembled PDU]"
"7546","29.138112411","192.168.1.55","192.168.1.2","TCP","1514","8004  >  49894 [ACK] Seq=425902 Ack=144 Win=65024 Len=1448 TSval=2916033218 TSecr=3045552992 [TCP segment of a reassembled PDU]"
"7547","29.138113781","192.168.1.55","192.168.1.2","TCP","1514","8004  >  49894 [ACK] Seq=427350 Ack=144 Win=65024 Len=1448 TSval=2916033218 TSecr=3045552992 [TCP segment of a reassembled PDU]"
"7548","29.138115225","192.168.1.55","192.168.1.2","TCP","1514","8004  >  49894 [ACK] Seq=428798 Ack=144 Win=65024 Len=1448 TSval=2916033218 TSecr=3045552992 [TCP segment of a reassembled PDU]"
"7549","29.138116651","192.168.1.55","192.168.1.2","TCP","1514","8004  >  49894 [ACK] Seq=430246 Ack=144 Win=65024 Len=1448 TSval=2916033218 TSecr=3045552992 [TCP segment of a reassembled PDU]"
"7550","29.138118799","192.168.1.55","192.168.1.2","TCP","1514","8004  >  49894 [ACK] Seq=431694 Ack=144 Win=65024 Len=1448 TSval=2916033218 TSecr=3045552992 [TCP segment of a reassembled PDU]"
"7551","29.138120762","192.168.1.55","192.168.1.2","TCP","1514","8004  >  49894 [ACK] Seq=433142 Ack=144 Win=65024 Len=1448 TSval=2916033218 TSecr=3045552992 [TCP segment of a reassembled PDU]"
"7552","29.138122133","192.168.1.55","192.168.1.2","TCP","1514","8004  >  49894 [ACK] Seq=434590 Ack=144 Win=65024 Len=1448 TSval=2916033218 TSecr=3045552992 [TCP segment of a reassembled PDU]"
"7553","29.138123651","192.168.1.55","192.168.1.2","TCP","1514","8004  >  49894 [ACK] Seq=436038 Ack=144 Win=65024 Len=1448 TSval=2916033218 TSecr=3045552992 [TCP segment of a reassembled PDU]"
"7554","29.138125096","192.168.1.55","192.168.1.2","TCP","1514","8004  >  49894 [ACK] Seq=437486 Ack=144 Win=65024 Len=1448 TSval=2916033218 TSecr=3045552992 [TCP segment of a reassembled PDU]"
"7555","29.138126448","192.168.1.55","192.168.1.2","TCP","1514","8004  >  49894 [ACK] Seq=438934 Ack=144 Win=65024 Len=1448 TSval=2916033218 TSecr=3045552992 [TCP segment of a reassembled PDU]"
"7556","29.138127837","192.168.1.55","192.168.1.2","TCP","1514","8004  >  49894 [ACK] Seq=440382 Ack=144 Win=65024 Len=1448 TSval=2916033218 TSecr=3045552992 [TCP segment of a reassembled PDU]"
"7557","29.138129318","192.168.1.55","192.168.1.2","TCP","1514","8004  >  49894 [ACK] Seq=441830 Ack=144 Win=65024 Len=1448 TSval=2916033218 TSecr=3045552992 [TCP segment of a reassembled PDU]"
"7558","29.138131022","192.168.1.55","192.168.1.2","TCP","1514","8004  >  49894 [ACK] Seq=443278 Ack=144 Win=65024 Len=1448 TSval=2916033218 TSecr=3045552992 [TCP segment of a reassembled PDU]"
"7559","29.138133485","192.168.1.55","192.168.1.2","TCP","1514","8004  >  49894 [ACK] Seq=444726 Ack=144 Win=65024 Len=1448 TSval=2916033218 TSecr=3045552992 [TCP segment of a reassembled PDU]"
"7560","29.138135170","192.168.1.55","192.168.1.2","TCP","1514","8004  >  49894 [ACK] Seq=446174 Ack=144 Win=65024 Len=1448 TSval=2916033218 TSecr=3045552992 [TCP segment of a reassembled PDU]"
"7561","29.138136670","192.168.1.55","192.168.1.2","TCP","1514","8004  >  49894 [PSH, ACK] Seq=447622 Ack=144 Win=65024 Len=1448 TSval=2916033218 TSecr=3045552992 [TCP segment of a reassembled PDU]"
"7562","29.138215133","192.168.1.2","192.168.1.55","TCP","66","49894  >  8004 [ACK] Seq=144 Ack=323094 Win=140288 Len=0 TSval=3045552992 TSecr=2916033211"
"7563","29.138232337","192.168.1.55","192.168.1.2","TCP","1514","8004  >  49894 [ACK] Seq=449070 Ack=144 Win=65024 Len=1448 TSval=2916033218 TSecr=3045552992 [TCP segment of a reassembled PDU]"
"7564","29.138234411","192.168.1.55","192.168.1.2","TCP","1514","8004  >  49894 [ACK] Seq=450518 Ack=144 Win=65024 Len=1448 TSval=2916033218 TSecr=3045552992 [TCP segment of a reassembled PDU]"
"7565","29.138237059","192.168.1.55","192.168.1.2","TCP","1514","8004  >  49894 [ACK] Seq=451966 Ack=144 Win=65024 Len=1448 TSval=2916033218 TSecr=3045552992 [TCP segment of a reassembled PDU]"
"7566","29.138239114","192.168.1.55","192.168.1.2","TCP","1514","8004  >  49894 [ACK] Seq=453414 Ack=144 Win=65024 Len=1448 TSval=2916033218 TSecr=3045552992 [TCP segment of a reassembled PDU]"
"7567","29.138240633","192.168.1.55","192.168.1.2","TCP","1514","8004  >  49894 [ACK] Seq=454862 Ack=144 Win=65024 Len=1448 TSval=2916033218 TSecr=3045552992 [TCP segment of a reassembled PDU]"
"7568","29.138241966","192.168.1.55","192.168.1.2","TCP","1514","8004  >  49894 [PSH, ACK] Seq=456310 Ack=144 Win=65024 Len=1448 TSval=2916033218 TSecr=3045552992 [TCP segment of a reassembled PDU]"
"7569","29.138248411","192.168.1.2","192.168.1.55","TCP","66","49894  >  8004 [ACK] Seq=144 Ack=357846 Win=140288 Len=0 TSval=3045552992 TSecr=2916033211"
"7570","29.138256596","192.168.1.2","192.168.1.55","TCP","66","49894  >  8004 [ACK] Seq=144 Ack=367982 Win=160768 Len=0 TSval=3045552992 TSecr=2916033211"
"7571","29.138437652","192.168.1.55","192.168.1.2","TCP","1514","8004  >  49894 [ACK] Seq=457758 Ack=144 Win=65024 Len=1448 TSval=2916033219 TSecr=3045552992 [TCP segment of a reassembled PDU]"
"7572","29.138441115","192.168.1.55","192.168.1.2","TCP","1514","8004  >  49894 [ACK] Seq=459206 Ack=144 Win=65024 Len=1448 TSval=2916033219 TSecr=3045552992 [TCP segment of a reassembled PDU]"
"7573","29.138442689","192.168.1.55","192.168.1.2","TCP","1514","8004  >  49894 [ACK] Seq=460654 Ack=144 Win=65024 Len=1448 TSval=2916033219 TSecr=3045552992 [TCP segment of a reassembled PDU]"
"7574","29.138444189","192.168.1.55","192.168.1.2","TCP","1514","8004  >  49894 [ACK] Seq=462102 Ack=144 Win=65024 Len=1448 TSval=2916033219 TSecr=3045552992 [TCP segment of a reassembled PDU]"
"7575","29.138445633","192.168.1.55","192.168.1.2","TCP","1514","8004  >  49894 [ACK] Seq=463550 Ack=144 Win=65024 Len=1448 TSval=2916033219 TSecr=3045552992 [TCP segment of a reassembled PDU]"
"7576","29.138447207","192.168.1.55","192.168.1.2","TCP","1514","8004  >  49894 [ACK] Seq=464998 Ack=144 Win=65024 Len=1448 TSval=2916033219 TSecr=3045552992 [TCP segment of a reassembled PDU]"
"7577","29.138448615","192.168.1.55","192.168.1.2","TCP","1514","8004  >  49894 [ACK] Seq=466446 Ack=144 Win=65024 Len=1448 TSval=2916033219 TSecr=3045552992 [TCP segment of a reassembled PDU]"
"7578","29.138450152","192.168.1.55","192.168.1.2","TCP","1514","8004  >  49894 [ACK] Seq=467894 Ack=144 Win=65024 Len=1448 TSval=2916033219 TSecr=3045552992 [TCP segment of a reassembled PDU]"
"7579","29.138452596","192.168.1.55","192.168.1.2","TCP","1514","8004  >  49894 [ACK] Seq=469342 Ack=144 Win=65024 Len=1448 TSval=2916033219 TSecr=3045552992 [TCP segment of a reassembled PDU]"
"7580","29.138454689","192.168.1.55","192.168.1.2","TCP","1514","8004  >  49894 [ACK] Seq=470790 Ack=144 Win=65024 Len=1448 TSval=2916033219 TSecr=3045552992 [TCP segment of a reassembled PDU]"
"7581","29.138456226","192.168.1.55","192.168.1.2","TCP","1514","8004  >  49894 [ACK] Seq=472238 Ack=144 Win=65024 Len=1448 TSval=2916033219 TSecr=3045552992 [TCP segment of a reassembled PDU]"
"7582","29.138457763","192.168.1.55","192.168.1.2","TCP","1514","8004  >  49894 [ACK] Seq=473686 Ack=144 Win=65024 Len=1448 TSval=2916033219 TSecr=3045552992 [TCP segment of a reassembled PDU]"
"7583","29.138459189","192.168.1.55","192.168.1.2","TCP","1514","8004  >  49894 [ACK] Seq=475134 Ack=144 Win=65024 Len=1448 TSval=2916033219 TSecr=3045552992 [TCP segment of a reassembled PDU]"
"7584","29.138460707","192.168.1.55","192.168.1.2","TCP","1514","8004  >  49894 [ACK] Seq=476582 Ack=144 Win=65024 Len=1448 TSval=2916033219 TSecr=3045552992 [TCP segment of a reassembled PDU]"
"7585","29.138463078","192.168.1.55","192.168.1.2","TCP","1514","8004  >  49894 [ACK] Seq=478030 Ack=144 Win=65024 Len=1448 TSval=2916033219 TSecr=3045552992 [TCP segment of a reassembled PDU]"
"7586","29.138465059","192.168.1.55","192.168.1.2","TCP","1514","8004  >  49894 [ACK] Seq=479478 Ack=144 Win=65024 Len=1448 TSval=2916033219 TSecr=3045552992 [TCP segment of a reassembled PDU]"
"7587","29.138466633","192.168.1.55","192.168.1.2","TCP","1514","8004  >  49894 [ACK] Seq=480926 Ack=144 Win=65024 Len=1448 TSval=2916033219 TSecr=3045552992 [TCP segment of a reassembled PDU]"
"7588","29.138468078","192.168.1.55","192.168.1.2","TCP","1514","8004  >  49894 [ACK] Seq=482374 Ack=144 Win=65024 Len=1448 TSval=2916033219 TSecr=3045552992 [TCP segment of a reassembled PDU]"
"7589","29.138469652","192.168.1.55","192.168.1.2","TCP","1514","8004  >  49894 [ACK] Seq=483822 Ack=144 Win=65024 Len=1448 TSval=2916033219 TSecr=3045552992 [TCP segment of a reassembled PDU]"
"7590","29.138471170","192.168.1.55","192.168.1.2","TCP","1514","8004  >  49894 [ACK] Seq=485270 Ack=144 Win=65024 Len=1448 TSval=2916033219 TSecr=3045552992 [TCP segment of a reassembled PDU]"
"7591","29.138473467","192.168.1.55","192.168.1.2","TCP","1514","8004  >  49894 [ACK] Seq=486718 Ack=144 Win=65024 Len=1448 TSval=2916033219 TSecr=3045552992 [TCP segment of a reassembled PDU]"
"7592","29.138474930","192.168.1.55","192.168.1.2","TCP","1514","8004  >  49894 [ACK] Seq=488166 Ack=144 Win=65024 Len=1448 TSval=2916033219 TSecr=3045552992 [TCP segment of a reassembled PDU]"
"7593","29.138477393","192.168.1.55","192.168.1.2","TCP","1514","8004  >  49894 [ACK] Seq=489614 Ack=144 Win=65024 Len=1448 TSval=2916033219 TSecr=3045552992 [TCP segment of a reassembled PDU]"
"7594","29.138479004","192.168.1.55","192.168.1.2","TCP","1514","8004  >  49894 [ACK] Seq=491062 Ack=144 Win=65024 Len=1448 TSval=2916033219 TSecr=3045552992 [TCP segment of a reassembled PDU]"
"7595","29.138480541","192.168.1.55","192.168.1.2","TCP","1514","8004  >  49894 [ACK] Seq=492510 Ack=144 Win=65024 Len=1448 TSval=2916033219 TSecr=3045552992 [TCP segment of a reassembled PDU]"
"7596","29.138481985","192.168.1.55","192.168.1.2","TCP","1514","8004  >  49894 [ACK] Seq=493958 Ack=144 Win=65024 Len=1448 TSval=2916033219 TSecr=3045552992 [TCP segment of a reassembled PDU]"
"7597","29.138483356","192.168.1.55","192.168.1.2","TCP","1514","8004  >  49894 [ACK] Seq=495406 Ack=144 Win=65024 Len=1448 TSval=2916033219 TSecr=3045552992 [TCP segment of a reassembled PDU]"
"7598","29.138485059","192.168.1.55","192.168.1.2","TCP","1514","8004  >  49894 [PSH, ACK] Seq=496854 Ack=144 Win=65024 Len=1448 TSval=2916033219 TSecr=3045552992 [TCP segment of a reassembled PDU]"
"7599","29.138492041","192.168.1.55","192.168.1.2","HTTP","222","HTTP/1.0 200 OK  (PNG)"
"7600","29.138555096","192.168.1.2","192.168.1.55","TCP","66","49894  >  8004 [ACK] Seq=144 Ack=391150 Win=148480 Len=0 TSval=3045552992 TSecr=2916033211"
"7601","29.138566004","192.168.1.2","192.168.1.55","TCP","66","49894  >  8004 [ACK] Seq=144 Ack=397838 Win=149504 Len=0 TSval=3045552992 TSecr=2916033211"
"7602","29.143935105","192.168.1.2","192.168.1.55","TCP","66","49894  >  8004 [ACK] Seq=144 Ack=412318 Win=163840 Len=0 TSval=3045552995 TSecr=2916033217"
"7603","29.144065309","192.168.1.2","192.168.1.55","TCP","66","49894  >  8004 [ACK] Seq=144 Ack=412870 Win=163840 Len=0 TSval=3045552995 TSecr=2916033217"
"7604","29.144072661","192.168.1.2","192.168.1.55","TCP","66","49894  >  8004 [ACK] Seq=144 Ack=449070 Win=143360 Len=0 TSval=3045552999 TSecr=2916033218"
"7605","29.144933514","192.168.1.2","192.168.1.55","TCP","66","49894  >  8004 [ACK] Seq=144 Ack=457758 Win=171008 Len=0 TSval=3045552999 TSecr=2916033218"
"7606","29.145042514","192.168.1.2","192.168.1.55","TCP","66","49894  >  8004 [ACK] Seq=144 Ack=496854 Win=141312 Len=0 TSval=3045553000 TSecr=2916033219"
"7607","29.145429866","192.168.1.2","192.168.1.55","TCP","66","49894  >  8004 [ACK] Seq=144 Ack=498302 Win=174080 Len=0 TSval=3045553001 TSecr=2916033219"
"7608","29.147385870","192.168.1.2","192.168.1.55","TCP","66","49894  >  8004 [FIN, ACK] Seq=144 Ack=498459 Win=177152 Len=0 TSval=3045553002 TSecr=2916033219"
"7609","29.147398536","192.168.1.55","192.168.1.2","TCP","66","8004  >  49894 [ACK] Seq=498459 Ack=145 Win=65024 Len=0 TSval=2916033228 TSecr=3045553002"
"7610","29.147504962","192.168.1.2","192.168.1.55","TCP","74","49896  >  8004 [SYN] Seq=0 Win=64240 Len=0 MSS=1460 SACK_PERM TSval=3045553002 TSecr=0 WS=1024"
"7611","29.147530277","192.168.1.55","192.168.1.2","TCP","74","8004  >  49896 [SYN, ACK] Seq=0 Ack=1 Win=65160 Len=0 MSS=1460 SACK_PERM TSval=2916033228 TSecr=3045553002 WS=128"
"7612","29.150659208","192.168.1.2","192.168.1.55","TCP","66","49896  >  8004 [ACK] Seq=1 Ack=1 Win=64512 Len=0 TSval=3045553005 TSecr=2916033228"
"7613","29.153888157","192.168.1.2","192.168.1.55","HTTP","206","GET /stego_benchmark.png HTTP/1.1 "
"7614","29.153907491","192.168.1.55","192.168.1.2","TCP","66","8004  >  49896 [ACK] Seq=1 Ack=141 Win=65024 Len=0 TSval=2916033234 TSecr=3045553005"
"7615","29.154423010","192.168.1.55","192.168.1.2","TCP","255","8004  >  49896 [PSH, ACK] Seq=1 Ack=141 Win=65024 Len=189 TSval=2916033235 TSecr=3045553005 [TCP segment of a reassembled PDU]"
"7616","29.154508140","192.168.1.55","192.168.1.2","TCP","1514","8004  >  49896 [ACK] Seq=190 Ack=141 Win=65024 Len=1448 TSval=2916033235 TSecr=3045553005 [TCP segment of a reassembled PDU]"
"7617","29.154512788","192.168.1.55","192.168.1.2","TCP","1514","8004  >  49896 [ACK] Seq=1638 Ack=141 Win=65024 Len=1448 TSval=2916033235 TSecr=3045553005 [TCP segment of a reassembled PDU]"
"7618","29.154514399","192.168.1.55","192.168.1.2","TCP","1514","8004  >  49896 [ACK] Seq=3086 Ack=141 Win=65024 Len=1448 TSval=2916033235 TSecr=3045553005 [TCP segment of a reassembled PDU]"
"7619","29.154515936","192.168.1.55","192.168.1.2","TCP","1514","8004  >  49896 [ACK] Seq=4534 Ack=141 Win=65024 Len=1448 TSval=2916033235 TSecr=3045553005 [TCP segment of a reassembled PDU]"
"7620","29.154518288","192.168.1.55","192.168.1.2","TCP","1514","8004  >  49896 [PSH, ACK] Seq=5982 Ack=141 Win=65024 Len=1448 TSval=2916033235 TSecr=3045553005 [TCP segment of a reassembled PDU]"
"7621","29.154535714","192.168.1.55","192.168.1.2","TCP","1514","8004  >  49896 [ACK] Seq=7430 Ack=141 Win=65024 Len=1448 TSval=2916033235 TSecr=3045553005 [TCP segment of a reassembled PDU]"
"7622","29.154538233","192.168.1.55","192.168.1.2","TCP","1514","8004  >  49896 [ACK] Seq=8878 Ack=141 Win=65024 Len=1448 TSval=2916033235 TSecr=3045553005 [TCP segment of a reassembled PDU]"
"7623","29.154539825","192.168.1.55","192.168.1.2","TCP","1514","8004  >  49896 [ACK] Seq=10326 Ack=141 Win=65024 Len=1448 TSval=2916033235 TSecr=3045553005 [TCP segment of a reassembled PDU]"
"7624","29.154541177","192.168.1.55","192.168.1.2","TCP","1514","8004  >  49896 [PSH, ACK] Seq=11774 Ack=141 Win=65024 Len=1448 TSval=2916033235 TSecr=3045553005 [TCP segment of a reassembled PDU]"
"7625","29.157834201","192.168.1.2","192.168.1.55","TCP","66","49896  >  8004 [ACK] Seq=141 Ack=190 Win=64512 Len=0 TSval=3045553012 TSecr=2916033235"
"7626","29.157863997","192.168.1.55","192.168.1.2","TCP","1514","8004  >  49896 [ACK] Seq=13222 Ack=141 Win=65024 Len=1448 TSval=2916033238 TSecr=3045553012 [TCP segment of a reassembled PDU]"
"7627","29.157868460","192.168.1.55","192.168.1.2","TCP","1514","8004  >  49896 [PSH, ACK] Seq=14670 Ack=141 Win=65024 Len=1448 TSval=2916033238 TSecr=3045553012 [TCP segment of a reassembled PDU]"
"7628","29.158952369","192.168.1.2","192.168.1.55","TCP","66","49896  >  8004 [ACK] Seq=141 Ack=5982 Win=76800 Len=0 TSval=3045553012 TSecr=2916033235"
"7629","29.159045036","192.168.1.55","192.168.1.2","TCP","1514","8004  >  49896 [ACK] Seq=16118 Ack=141 Win=65024 Len=1448 TSval=2916033239 TSecr=3045553012 [TCP segment of a reassembled PDU]"
"7630","29.159055203","192.168.1.55","192.168.1.2","TCP","1514","8004  >  49896 [ACK] Seq=17566 Ack=141 Win=65024 Len=1448 TSval=2916033239 TSecr=3045553012 [TCP segment of a reassembled PDU]"
"7631","29.159056888","192.168.1.55","192.168.1.2","TCP","1514","8004  >  49896 [ACK] Seq=19014 Ack=141 Win=65024 Len=1448 TSval=2916033239 TSecr=3045553012 [TCP segment of a reassembled PDU]"
"7632","29.159058832","192.168.1.55","192.168.1.2","TCP","1514","8004  >  49896 [ACK] Seq=20462 Ack=141 Win=65024 Len=1448 TSval=2916033239 TSecr=3045553012 [TCP segment of a reassembled PDU]"
"7633","29.159061203","192.168.1.55","192.168.1.2","TCP","1514","8004  >  49896 [ACK] Seq=21910 Ack=141 Win=65024 Len=1448 TSval=2916033239 TSecr=3045553012 [TCP segment of a reassembled PDU]"
"7634","29.159063610","192.168.1.55","192.168.1.2","TCP","1514","8004  >  49896 [ACK] Seq=23358 Ack=141 Win=65024 Len=1448 TSval=2916033239 TSecr=3045553012 [TCP segment of a reassembled PDU]"
"7635","29.159066203","192.168.1.55","192.168.1.2","TCP","1514","8004  >  49896 [PSH, ACK] Seq=24806 Ack=141 Win=65024 Len=1448 TSval=2916033239 TSecr=3045553012 [TCP segment of a reassembled PDU]"
"7636","29.159081499","192.168.1.2","192.168.1.55","TCP","66","49896  >  8004 [ACK] Seq=141 Ack=7430 Win=79872 Len=0 TSval=3045553013 TSecr=2916033235"
"7637","29.159106869","192.168.1.2","192.168.1.55","TCP","66","49896  >  8004 [ACK] Seq=141 Ack=13222 Win=87040 Len=0 TSval=3045553013 TSecr=2916033235"
"7638","29.159174888","192.168.1.55","192.168.1.2","TCP","1514","8004  >  49896 [ACK] Seq=26254 Ack=141 Win=65024 Len=1448 TSval=2916033239 TSecr=3045553013 [TCP segment of a reassembled PDU]"
"7639","29.159182795","192.168.1.55","192.168.1.2","TCP","1514","8004  >  49896 [ACK] Seq=27702 Ack=141 Win=65024 Len=1448 TSval=2916033239 TSecr=3045553013 [TCP segment of a reassembled PDU]"
"7640","29.159185295","192.168.1.55","192.168.1.2","TCP","1514","8004  >  49896 [ACK] Seq=29150 Ack=141 Win=65024 Len=1448 TSval=2916033239 TSecr=3045553013 [TCP segment of a reassembled PDU]"
"7641","29.159187684","192.168.1.55","192.168.1.2","TCP","1514","8004  >  49896 [ACK] Seq=30598 Ack=141 Win=65024 Len=1448 TSval=2916033239 TSecr=3045553013 [TCP segment of a reassembled PDU]"
"7642","29.159189592","192.168.1.55","192.168.1.2","TCP","1514","8004  >  49896 [ACK] Seq=32046 Ack=141 Win=65024 Len=1448 TSval=2916033239 TSecr=3045553013 [TCP segment of a reassembled PDU]"
"7643","29.159191666","192.168.1.55","192.168.1.2","TCP","1514","8004  >  49896 [ACK] Seq=33494 Ack=141 Win=65024 Len=1448 TSval=2916033239 TSecr=3045553013 [TCP segment of a reassembled PDU]"
"7644","29.159194129","192.168.1.55","192.168.1.2","TCP","1514","8004  >  49896 [ACK] Seq=34942 Ack=141 Win=65024 Len=1448 TSval=2916033239 TSecr=3045553013 [TCP segment of a reassembled PDU]"
"7645","29.159196258","192.168.1.55","192.168.1.2","TCP","1514","8004  >  49896 [ACK] Seq=36390 Ack=141 Win=65024 Len=1448 TSval=2916033239 TSecr=3045553013 [TCP segment of a reassembled PDU]"
"7646","29.159200110","192.168.1.55","192.168.1.2","TCP","1514","8004  >  49896 [ACK] Seq=37838 Ack=141 Win=65024 Len=1448 TSval=2916033239 TSecr=3045553013 [TCP segment of a reassembled PDU]"
"7647","29.159202258","192.168.1.55","192.168.1.2","TCP","1514","8004  >  49896 [PSH, ACK] Seq=39286 Ack=141 Win=65024 Len=1448 TSval=2916033239 TSecr=3045553013 [TCP segment of a reassembled PDU]"
"7648","29.160134482","192.168.1.55","192.168.1.2","TCP","1514","8004  >  49896 [ACK] Seq=40734 Ack=141 Win=65024 Len=1448 TSval=2916033240 TSecr=3045553013 [TCP segment of a reassembled PDU]"
"7649","29.162210596","192.168.1.2","192.168.1.55","TCP","66","49896  >  8004 [ACK] Seq=141 Ack=16118 Win=93184 Len=0 TSval=3045553016 TSecr=2916033238"
"7650","29.162251282","192.168.1.55","192.168.1.2","TCP","1514","8004  >  49896 [ACK] Seq=42182 Ack=141 Win=65024 Len=1448 TSval=2916033242 TSecr=3045553016 [TCP segment of a reassembled PDU]"
"7651","29.162256411","192.168.1.55","192.168.1.2","TCP","1514","8004  >  49896 [PSH, ACK] Seq=43630 Ack=141 Win=65024 Len=1448 TSval=2916033242 TSecr=3045553016 [TCP segment of a reassembled PDU]"
"7652","29.163814543","192.168.1.2","192.168.1.55","TCP","66","49896  >  8004 [ACK] Seq=141 Ack=26254 Win=86016 Len=0 TSval=3045553018 TSecr=2916033239"
"7653","29.163838562","192.168.1.55","192.168.1.2","TCP","1514","8004  >  49896 [ACK] Seq=45078 Ack=141 Win=65024 Len=1448 TSval=2916033244 TSecr=3045553018 [TCP segment of a reassembled PDU]"
"7654","29.163840692","192.168.1.55","192.168.1.2","TCP","1514","8004  >  49896 [ACK] Seq=46526 Ack=141 Win=65024 Len=1448 TSval=2916033244 TSecr=3045553018 [TCP segment of a reassembled PDU]"
"7655","29.163841803","192.168.1.55","192.168.1.2","TCP","1514","8004  >  49896 [ACK] Seq=47974 Ack=141 Win=65024 Len=1448 TSval=2916033244 TSecr=3045553018 [TCP segment of a reassembled PDU]"
"7656","29.163842969","192.168.1.55","192.168.1.2","TCP","1514","8004  >  49896 [ACK] Seq=49422 Ack=141 Win=65024 Len=1448 TSval=2916033244 TSecr=3045553018 [TCP segment of a reassembled PDU]"
"7657","29.163844080","192.168.1.55","192.168.1.2","TCP","1514","8004  >  49896 [ACK] Seq=50870 Ack=141 Win=65024 Len=1448 TSval=2916033244 TSecr=3045553018 [TCP segment of a reassembled PDU]"
"7658","29.163845247","192.168.1.55","192.168.1.2","TCP","1514","8004  >  49896 [ACK] Seq=52318 Ack=141 Win=65024 Len=1448 TSval=2916033244 TSecr=3045553018 [TCP segment of a reassembled PDU]"
"7659","29.163846358","192.168.1.55","192.168.1.2","TCP","1514","8004  >  49896 [ACK] Seq=53766 Ack=141 Win=65024 Len=1448 TSval=2916033244 TSecr=3045553018 [TCP segment of a reassembled PDU]"
"7660","29.163847525","192.168.1.55","192.168.1.2","TCP","1514","8004  >  49896 [ACK] Seq=55214 Ack=141 Win=65024 Len=1448 TSval=2916033244 TSecr=3045553018 [TCP segment of a reassembled PDU]"
"7661","29.163848710","192.168.1.55","192.168.1.2","TCP","1514","8004  >  49896 [ACK] Seq=56662 Ack=141 Win=65024 Len=1448 TSval=2916033244 TSecr=3045553018 [TCP segment of a reassembled PDU]"
"7662","29.163849821","192.168.1.55","192.168.1.2","TCP","1514","8004  >  49896 [ACK] Seq=58110 Ack=141 Win=65024 Len=1448 TSval=2916033244 TSecr=3045553018 [TCP segment of a reassembled PDU]"
"7663","29.163851080","192.168.1.55","192.168.1.2","TCP","1514","8004  >  49896 [ACK] Seq=59558 Ack=141 Win=65024 Len=1448 TSval=2916033244 TSecr=3045553018 [TCP segment of a reassembled PDU]"
"7664","29.163852154","192.168.1.55","192.168.1.2","TCP","1514","8004  >  49896 [ACK] Seq=61006 Ack=141 Win=65024 Len=1448 TSval=2916033244 TSecr=3045553018 [TCP segment of a reassembled PDU]"
"7665","29.163853321","192.168.1.55","192.168.1.2","TCP","1514","8004  >  49896 [ACK] Seq=62454 Ack=141 Win=65024 Len=1448 TSval=2916033244 TSecr=3045553018 [TCP segment of a reassembled PDU]"
"7666","29.163854525","192.168.1.55","192.168.1.2","TCP","1514","8004  >  49896 [PSH, ACK] Seq=63902 Ack=141 Win=65024 Len=1448 TSval=2916033244 TSecr=3045553018 [TCP segment of a reassembled PDU]"
"7667","29.164434878","192.168.1.2","192.168.1.55","TCP","66","49896  >  8004 [ACK] Seq=141 Ack=39286 Win=73728 Len=0 TSval=3045553018 TSecr=2916033239"
"7668","29.164451859","192.168.1.55","192.168.1.2","TCP","1514","8004  >  49896 [ACK] Seq=65350 Ack=141 Win=65024 Len=1448 TSval=2916033245 TSecr=3045553018 [TCP segment of a reassembled PDU]"
"7669","29.164453804","192.168.1.55","192.168.1.2","TCP","1514","8004  >  49896 [ACK] Seq=66798 Ack=141 Win=65024 Len=1448 TSval=2916033245 TSecr=3045553018 [TCP segment of a reassembled PDU]"
"7670","29.164455100","192.168.1.55","192.168.1.2","TCP","1514","8004  >  49896 [ACK] Seq=68246 Ack=141 Win=65024 Len=1448 TSval=2916033245 TSecr=3045553018 [TCP segment of a reassembled PDU]"
"7671","29.164456211","192.168.1.55","192.168.1.2","TCP","1514","8004  >  49896 [ACK] Seq=69694 Ack=141 Win=65024 Len=1448 TSval=2916033245 TSecr=3045553018 [TCP segment of a reassembled PDU]"
"7672","29.164461637","192.168.1.55","192.168.1.2","TCP","1514","8004  >  49896 [ACK] Seq=71142 Ack=141 Win=65024 Len=1448 TSval=2916033245 TSecr=3045553018 [TCP segment of a reassembled PDU]"
"7673","29.164463267","192.168.1.55","192.168.1.2","TCP","1514","8004  >  49896 [ACK] Seq=72590 Ack=141 Win=65024 Len=1448 TSval=2916033245 TSecr=3045553018 [TCP segment of a reassembled PDU]"
"7674","29.164464433","192.168.1.55","192.168.1.2","TCP","1514","8004  >  49896 [ACK] Seq=74038 Ack=141 Win=65024 Len=1448 TSval=2916033245 TSecr=3045553018 [TCP segment of a reassembled PDU]"
"7675","29.164465600","192.168.1.55","192.168.1.2","TCP","1514","8004  >  49896 [PSH, ACK] Seq=75486 Ack=141 Win=65024 Len=1448 TSval=2916033245 TSecr=3045553018 [TCP segment of a reassembled PDU]"
"7676","29.166818474","192.168.1.2","192.168.1.55","TCP","66","49896  >  8004 [ACK] Seq=141 Ack=40734 Win=94208 Len=0 TSval=3045553019 TSecr=2916033239"
"7677","29.166842807","192.168.1.55","192.168.1.2","TCP","1514","8004  >  49896 [ACK] Seq=76934 Ack=141 Win=65024 Len=1448 TSval=2916033247 TSecr=3045553019 [TCP segment of a reassembled PDU]"
"7678","29.166845215","192.168.1.55","192.168.1.2","TCP","1514","8004  >  49896 [ACK] Seq=78382 Ack=141 Win=65024 Len=1448 TSval=2916033247 TSecr=3045553019 [TCP segment of a reassembled PDU]"
"7679","29.166846363","192.168.1.55","192.168.1.2","TCP","1514","8004  >  49896 [ACK] Seq=79830 Ack=141 Win=65024 Len=1448 TSval=2916033247 TSecr=3045553019 [TCP segment of a reassembled PDU]"
"7680","29.166847548","192.168.1.55","192.168.1.2","TCP","1514","8004  >  49896 [ACK] Seq=81278 Ack=141 Win=65024 Len=1448 TSval=2916033247 TSecr=3045553019 [TCP segment of a reassembled PDU]"
"7681","29.166848678","192.168.1.55","192.168.1.2","TCP","1514","8004  >  49896 [ACK] Seq=82726 Ack=141 Win=65024 Len=1448 TSval=2916033247 TSecr=3045553019 [TCP segment of a reassembled PDU]"
"7682","29.166850178","192.168.1.55","192.168.1.2","TCP","1514","8004  >  49896 [ACK] Seq=84174 Ack=141 Win=65024 Len=1448 TSval=2916033247 TSecr=3045553019 [TCP segment of a reassembled PDU]"
"7683","29.166851418","192.168.1.55","192.168.1.2","TCP","1514","8004  >  49896 [ACK] Seq=85622 Ack=141 Win=65024 Len=1448 TSval=2916033247 TSecr=3045553019 [TCP segment of a reassembled PDU]"
"7684","29.166852844","192.168.1.55","192.168.1.2","TCP","1514","8004  >  49896 [ACK] Seq=87070 Ack=141 Win=65024 Len=1448 TSval=2916033247 TSecr=3045553019 [TCP segment of a reassembled PDU]"
"7685","29.166854048","192.168.1.55","192.168.1.2","TCP","1514","8004  >  49896 [ACK] Seq=88518 Ack=141 Win=65024 Len=1448 TSval=2916033247 TSecr=3045553019 [TCP segment of a reassembled PDU]"
"7686","29.166855141","192.168.1.55","192.168.1.2","TCP","1514","8004  >  49896 [ACK] Seq=89966 Ack=141 Win=65024 Len=1448 TSval=2916033247 TSecr=3045553019 [TCP segment of a reassembled PDU]"
"7687","29.166856270","192.168.1.55","192.168.1.2","TCP","1514","8004  >  49896 [ACK] Seq=91414 Ack=141 Win=65024 Len=1448 TSval=2916033247 TSecr=3045553019 [TCP segment of a reassembled PDU]"
"7688","29.166857381","192.168.1.55","192.168.1.2","TCP","1514","8004  >  49896 [ACK] Seq=92862 Ack=141 Win=65024 Len=1448 TSval=2916033247 TSecr=3045553019 [TCP segment of a reassembled PDU]"
"7689","29.166858752","192.168.1.55","192.168.1.2","TCP","1514","8004  >  49896 [ACK] Seq=94310 Ack=141 Win=65024 Len=1448 TSval=2916033247 TSecr=3045553019 [TCP segment of a reassembled PDU]"
"7690","29.166859937","192.168.1.55","192.168.1.2","TCP","1514","8004  >  49896 [PSH, ACK] Seq=95758 Ack=141 Win=65024 Len=1448 TSval=2916033247 TSecr=3045553019 [TCP segment of a reassembled PDU]"
"7691","29.166937659","192.168.1.2","192.168.1.55","TCP","66","49896  >  8004 [ACK] Seq=141 Ack=42182 Win=94208 Len=0 TSval=3045553019 TSecr=2916033240"
"7692","29.166944326","192.168.1.2","192.168.1.55","TCP","66","49896  >  8004 [ACK] Seq=141 Ack=45078 Win=93184 Len=0 TSval=3045553019 TSecr=2916033242"
"7693","29.169254570","192.168.1.2","192.168.1.55","TCP","66","49896  >  8004 [ACK] Seq=141 Ack=65350 Win=73728 Len=0 TSval=3045553022 TSecr=2916033244"
"7694","29.169279867","192.168.1.55","192.168.1.2","TCP","1514","8004  >  49896 [ACK] Seq=97206 Ack=141 Win=65024 Len=1448 TSval=2916033249 TSecr=3045553022 [TCP segment of a reassembled PDU]"
"7695","29.169282200","192.168.1.55","192.168.1.2","TCP","1514","8004  >  49896 [ACK] Seq=98654 Ack=141 Win=65024 Len=1448 TSval=2916033249 TSecr=3045553022 [TCP segment of a reassembled PDU]"
"7696","29.169283367","192.168.1.55","192.168.1.2","TCP","1514","8004  >  49896 [ACK] Seq=100102 Ack=141 Win=65024 Len=1448 TSval=2916033249 TSecr=3045553022 [TCP segment of a reassembled PDU]"
"7697","29.169284478","192.168.1.55","192.168.1.2","TCP","1514","8004  >  49896 [ACK] Seq=101550 Ack=141 Win=65024 Len=1448 TSval=2916033249 TSecr=3045553022 [TCP segment of a reassembled PDU]"
"7698","29.169285681","192.168.1.55","192.168.1.2","TCP","1514","8004  >  49896 [ACK] Seq=102998 Ack=141 Win=65024 Len=1448 TSval=2916033249 TSecr=3045553022 [TCP segment of a reassembled PDU]"
"7699","29.169286793","192.168.1.55","192.168.1.2","TCP","1514","8004  >  49896 [ACK] Seq=104446 Ack=141 Win=65024 Len=1448 TSval=2916033249 TSecr=3045553022 [TCP segment of a reassembled PDU]"
"7700","29.169288015","192.168.1.55","192.168.1.2","TCP","1514","8004  >  49896 [ACK] Seq=105894 Ack=141 Win=65024 Len=1448 TSval=2916033249 TSecr=3045553022 [TCP segment of a reassembled PDU]"
"7701","29.169289144","192.168.1.55","192.168.1.2","TCP","1514","8004  >  49896 [ACK] Seq=107342 Ack=141 Win=65024 Len=1448 TSval=2916033249 TSecr=3045553022 [TCP segment of a reassembled PDU]"
"7702","29.169290256","192.168.1.55","192.168.1.2","TCP","1514","8004  >  49896 [ACK] Seq=108790 Ack=141 Win=65024 Len=1448 TSval=2916033249 TSecr=3045553022 [TCP segment of a reassembled PDU]"
"7703","29.169295682","192.168.1.55","192.168.1.2","TCP","1514","8004  >  49896 [ACK] Seq=110238 Ack=141 Win=65024 Len=1448 TSval=2916033249 TSecr=3045553022 [TCP segment of a reassembled PDU]"
"7704","29.169297052","192.168.1.55","192.168.1.2","TCP","1514","8004  >  49896 [ACK] Seq=111686 Ack=141 Win=65024 Len=1448 TSval=2916033249 TSecr=3045553022 [TCP segment of a reassembled PDU]"
"7705","29.169298330","192.168.1.55","192.168.1.2","TCP","1514","8004  >  49896 [ACK] Seq=113134 Ack=141 Win=65024 Len=1448 TSval=2916033249 TSecr=3045553022 [TCP segment of a reassembled PDU]"
"7706","29.169299904","192.168.1.55","192.168.1.2","TCP","1514","8004  >  49896 [ACK] Seq=114582 Ack=141 Win=65024 Len=1448 TSval=2916033249 TSecr=3045553022 [TCP segment of a reassembled PDU]"
"7707","29.169300996","192.168.1.55","192.168.1.2","TCP","1514","8004  >  49896 [ACK] Seq=116030 Ack=141 Win=65024 Len=1448 TSval=2916033249 TSecr=3045553022 [TCP segment of a reassembled PDU]"
"7708","29.169302885","192.168.1.55","192.168.1.2","TCP","1514","8004  >  49896 [ACK] Seq=117478 Ack=141 Win=65024 Len=1448 TSval=2916033249 TSecr=3045553022 [TCP segment of a reassembled PDU]"
"7709","29.169304200","192.168.1.55","192.168.1.2","TCP","1514","8004  >  49896 [PSH, ACK] Seq=118926 Ack=141 Win=65024 Len=1448 TSval=2916033249 TSecr=3045553022 [TCP segment of a reassembled PDU]"
"7710","29.169331774","192.168.1.2","192.168.1.55","TCP","66","49896  >  8004 [ACK] Seq=141 Ack=71142 Win=68608 Len=0 TSval=3045553022 TSecr=2916033245"
"7711","29.170356183","192.168.1.55","192.168.1.2","TCP","1514","8004  >  49896 [ACK] Seq=120374 Ack=141 Win=65024 Len=1448 TSval=2916033251 TSecr=3045553022 [TCP segment of a reassembled PDU]"
"7712","29.170365276","192.168.1.55","192.168.1.2","TCP","1514","8004  >  49896 [ACK] Seq=121822 Ack=141 Win=65024 Len=1448 TSval=2916033251 TSecr=3045553022 [TCP segment of a reassembled PDU]"
"7713","29.170366961","192.168.1.55","192.168.1.2","TCP","1514","8004  >  49896 [ACK] Seq=123270 Ack=141 Win=65024 Len=1448 TSval=2916033251 TSecr=3045553022 [TCP segment of a reassembled PDU]"
"7714","29.170368609","192.168.1.55","192.168.1.2","TCP","1514","8004  >  49896 [ACK] Seq=124718 Ack=141 Win=65024 Len=1448 TSval=2916033251 TSecr=3045553022 [TCP segment of a reassembled PDU]"
"7715","29.170370072","192.168.1.55","192.168.1.2","TCP","1514","8004  >  49896 [ACK] Seq=126166 Ack=141 Win=65024 Len=1448 TSval=2916033251 TSecr=3045553022 [TCP segment of a reassembled PDU]"
"7716","29.170371702","192.168.1.55","192.168.1.2","TCP","1514","8004  >  49896 [ACK] Seq=127614 Ack=141 Win=65024 Len=1448 TSval=2916033251 TSecr=3045553022 [TCP segment of a reassembled PDU]"
"7717","29.170373905","192.168.1.55","192.168.1.2","TCP","1514","8004  >  49896 [ACK] Seq=129062 Ack=141 Win=65024 Len=1448 TSval=2916033251 TSecr=3045553022 [TCP segment of a reassembled PDU]"
"7718","29.170375591","192.168.1.55","192.168.1.2","TCP","1514","8004  >  49896 [ACK] Seq=130510 Ack=141 Win=65024 Len=1448 TSval=2916033251 TSecr=3045553022 [TCP segment of a reassembled PDU]"
"7719","29.170377239","192.168.1.55","192.168.1.2","TCP","1514","8004  >  49896 [ACK] Seq=131958 Ack=141 Win=65024 Len=1448 TSval=2916033251 TSecr=3045553022 [TCP segment of a reassembled PDU]"
"7720","29.170378739","192.168.1.55","192.168.1.2","TCP","1514","8004  >  49896 [ACK] Seq=133406 Ack=141 Win=65024 Len=1448 TSval=2916033251 TSecr=3045553022 [TCP segment of a reassembled PDU]"
"7721","29.170380720","192.168.1.55","192.168.1.2","TCP","1514","8004  >  49896 [ACK] Seq=134854 Ack=141 Win=65024 Len=1448 TSval=2916033251 TSecr=3045553022 [TCP segment of a reassembled PDU]"
"7722","29.170382128","192.168.1.55","192.168.1.2","TCP","1514","8004  >  49896 [ACK] Seq=136302 Ack=141 Win=65024 Len=1448 TSval=2916033251 TSecr=3045553022 [TCP segment of a reassembled PDU]"
"7723","29.170383220","192.168.1.55","192.168.1.2","TCP","1514","8004  >  49896 [ACK] Seq=137750 Ack=141 Win=65024 Len=1448 TSval=2916033251 TSecr=3045553022 [TCP segment of a reassembled PDU]"
"7724","29.170384442","192.168.1.55","192.168.1.2","TCP","618","[TCP Window Full] 8004  >  49896 [PSH, ACK] Seq=139198 Ack=141 Win=65024 Len=552 TSval=2916033251 TSecr=3045553022 [TCP segment of a reassembled PDU]"
"7725","29.171823167","192.168.1.2","192.168.1.55","TCP","66","49896  >  8004 [ACK] Seq=141 Ack=76934 Win=86016 Len=0 TSval=3045553023 TSecr=2916033245"
"7726","29.171871704","192.168.1.55","192.168.1.2","TCP","1514","8004  >  49896 [ACK] Seq=139750 Ack=141 Win=65024 Len=1448 TSval=2916033252 TSecr=3045553023 [TCP segment of a reassembled PDU]"
"7727","29.171875667","192.168.1.55","192.168.1.2","TCP","1514","8004  >  49896 [ACK] Seq=141198 Ack=141 Win=65024 Len=1448 TSval=2916033252 TSecr=3045553023 [TCP segment of a reassembled PDU]"
"7728","29.171876797","192.168.1.55","192.168.1.2","TCP","1514","8004  >  49896 [ACK] Seq=142646 Ack=141 Win=65024 Len=1448 TSval=2916033252 TSecr=3045553023 [TCP segment of a reassembled PDU]"
"7729","29.171877963","192.168.1.55","192.168.1.2","TCP","1514","8004  >  49896 [ACK] Seq=144094 Ack=141 Win=65024 Len=1448 TSval=2916033252 TSecr=3045553023 [TCP segment of a reassembled PDU]"
"7730","29.171879111","192.168.1.55","192.168.1.2","TCP","1514","8004  >  49896 [ACK] Seq=145542 Ack=141 Win=65024 Len=1448 TSval=2916033252 TSecr=3045553023 [TCP segment of a reassembled PDU]"
"7731","29.171880630","192.168.1.55","192.168.1.2","TCP","1514","8004  >  49896 [ACK] Seq=146990 Ack=141 Win=65024 Len=1448 TSval=2916033252 TSecr=3045553023 [TCP segment of a reassembled PDU]"
"7732","29.171882130","192.168.1.55","192.168.1.2","TCP","1514","8004  >  49896 [ACK] Seq=148438 Ack=141 Win=65024 Len=1448 TSval=2916033252 TSecr=3045553023 [TCP segment of a reassembled PDU]"
"7733","29.171883389","192.168.1.55","192.168.1.2","TCP","1514","8004  >  49896 [ACK] Seq=149886 Ack=141 Win=65024 Len=1448 TSval=2916033252 TSecr=3045553023 [TCP segment of a reassembled PDU]"
"7734","29.171885056","192.168.1.55","192.168.1.2","TCP","1514","8004  >  49896 [ACK] Seq=151334 Ack=141 Win=65024 Len=1448 TSval=2916033252 TSecr=3045553023 [TCP segment of a reassembled PDU]"
"7735","29.171886204","192.168.1.55","192.168.1.2","TCP","1514","8004  >  49896 [ACK] Seq=152782 Ack=141 Win=65024 Len=1448 TSval=2916033252 TSecr=3045553023 [TCP segment of a reassembled PDU]"
"7736","29.171887408","192.168.1.55","192.168.1.2","TCP","1514","8004  >  49896 [ACK] Seq=154230 Ack=141 Win=65024 Len=1448 TSval=2916033252 TSecr=3045553023 [TCP segment of a reassembled PDU]"
"7737","29.171888556","192.168.1.55","192.168.1.2","TCP","1514","8004  >  49896 [ACK] Seq=155678 Ack=141 Win=65024 Len=1448 TSval=2916033252 TSecr=3045553023 [TCP segment of a reassembled PDU]"
"7738","29.171889704","192.168.1.55","192.168.1.2","TCP","1514","8004  >  49896 [ACK] Seq=157126 Ack=141 Win=65024 Len=1448 TSval=2916033252 TSecr=3045553023 [TCP segment of a reassembled PDU]"
"7739","29.171891315","192.168.1.55","192.168.1.2","TCP","1514","8004  >  49896 [ACK] Seq=158574 Ack=141 Win=65024 Len=1448 TSval=2916033252 TSecr=3045553023 [TCP segment of a reassembled PDU]"
"7740","29.171892611","192.168.1.55","192.168.1.2","TCP","1514","8004  >  49896 [ACK] Seq=160022 Ack=141 Win=65024 Len=1448 TSval=2916033252 TSecr=3045553023 [TCP segment of a reassembled PDU]"
"7741","29.171894334","192.168.1.55","192.168.1.2","TCP","1514","8004  >  49896 [PSH, ACK] Seq=161470 Ack=141 Win=65024 Len=1448 TSval=2916033252 TSecr=3045553023 [TCP segment of a reassembled PDU]"
"7742","29.171922778","192.168.1.2","192.168.1.55","TCP","66","49896  >  8004 [ACK] Seq=141 Ack=91414 Win=77824 Len=0 TSval=3045553025 TSecr=2916033247"
"7743","29.171932463","192.168.1.55","192.168.1.2","TCP","962","8004  >  49896 [ACK] Seq=162918 Ack=141 Win=65024 Len=896 TSval=2916033252 TSecr=3045553025 [TCP segment of a reassembled PDU]"
"7744","29.175699321","192.168.1.2","192.168.1.55","TCP","66","49896  >  8004 [ACK] Seq=141 Ack=97206 Win=86016 Len=0 TSval=3045553026 TSecr=2916033247"
"7745","29.175733006","192.168.1.55","192.168.1.2","TCP","1514","8004  >  49896 [ACK] Seq=163814 Ack=141 Win=65024 Len=1448 TSval=2916033256 TSecr=3045553026 [TCP segment of a reassembled PDU]"
"7746","29.175736229","192.168.1.55","192.168.1.2","TCP","1514","8004  >  49896 [ACK] Seq=165262 Ack=141 Win=65024 Len=1448 TSval=2916033256 TSecr=3045553026 [TCP segment of a reassembled PDU]"
"7747","29.175737692","192.168.1.55","192.168.1.2","TCP","1514","8004  >  49896 [ACK] Seq=166710 Ack=141 Win=65024 Len=1448 TSval=2916033256 TSecr=3045553026 [TCP segment of a reassembled PDU]"
"7748","29.175740136","192.168.1.55","192.168.1.2","TCP","1514","8004  >  49896 [ACK] Seq=168158 Ack=141 Win=65024 Len=1448 TSval=2916033256 TSecr=3045553026 [TCP segment of a reassembled PDU]"
"7749","29.175741784","192.168.1.55","192.168.1.2","TCP","1514","8004  >  49896 [ACK] Seq=169606 Ack=141 Win=65024 Len=1448 TSval=2916033256 TSecr=3045553026 [TCP segment of a reassembled PDU]"
"7750","29.175743173","192.168.1.55","192.168.1.2","TCP","1514","8004  >  49896 [ACK] Seq=171054 Ack=141 Win=65024 Len=1448 TSval=2916033256 TSecr=3045553026 [TCP segment of a reassembled PDU]"
"7751","29.175745747","192.168.1.55","192.168.1.2","TCP","1514","8004  >  49896 [ACK] Seq=172502 Ack=141 Win=65024 Len=1448 TSval=2916033256 TSecr=3045553026 [TCP segment of a reassembled PDU]"
"7752","29.175747618","192.168.1.55","192.168.1.2","TCP","1514","8004  >  49896 [ACK] Seq=173950 Ack=141 Win=65024 Len=1448 TSval=2916033256 TSecr=3045553026 [TCP segment of a reassembled PDU]"
"7753","29.175749118","192.168.1.55","192.168.1.2","TCP","1514","8004  >  49896 [ACK] Seq=175398 Ack=141 Win=65024 Len=1448 TSval=2916033256 TSecr=3045553026 [TCP segment of a reassembled PDU]"
"7754","29.175750655","192.168.1.55","192.168.1.2","TCP","1514","8004  >  49896 [ACK] Seq=176846 Ack=141 Win=65024 Len=1448 TSval=2916033256 TSecr=3045553026 [TCP segment of a reassembled PDU]"
"7755","29.175752840","192.168.1.55","192.168.1.2","TCP","1514","8004  >  49896 [ACK] Seq=178294 Ack=141 Win=65024 Len=1448 TSval=2916033256 TSecr=3045553026 [TCP segment of a reassembled PDU]"
"7756","29.175754506","192.168.1.55","192.168.1.2","TCP","1514","8004  >  49896 [ACK] Seq=179742 Ack=141 Win=65024 Len=1448 TSval=2916033256 TSecr=3045553026 [TCP segment of a reassembled PDU]"
"7757","29.175755655","192.168.1.55","192.168.1.2","TCP","1514","8004  >  49896 [PSH, ACK] Seq=181190 Ack=141 Win=65024 Len=1448 TSval=2916033256 TSecr=3045553026 [TCP segment of a reassembled PDU]"
"7758","29.178105806","192.168.1.2","192.168.1.55","TCP","66","49896  >  8004 [ACK] Seq=141 Ack=120374 Win=70656 Len=0 TSval=3045553030 TSecr=2916033249"
"7759","29.178119399","192.168.1.55","192.168.1.2","TCP","1514","8004  >  49896 [ACK] Seq=182638 Ack=141 Win=65024 Len=1448 TSval=2916033258 TSecr=3045553030 [TCP segment of a reassembled PDU]"
"7760","29.178121695","192.168.1.55","192.168.1.2","TCP","1514","8004  >  49896 [ACK] Seq=184086 Ack=141 Win=65024 Len=1448 TSval=2916033258 TSecr=3045553030 [TCP segment of a reassembled PDU]"
"7761","29.178123103","192.168.1.55","192.168.1.2","TCP","1514","8004  >  49896 [ACK] Seq=185534 Ack=141 Win=65024 Len=1448 TSval=2916033258 TSecr=3045553030 [TCP segment of a reassembled PDU]"
"7762","29.178124455","192.168.1.55","192.168.1.2","TCP","1514","8004  >  49896 [ACK] Seq=186982 Ack=141 Win=65024 Len=1448 TSval=2916033258 TSecr=3045553030 [TCP segment of a reassembled PDU]"
"7763","29.178125584","192.168.1.55","192.168.1.2","TCP","1514","8004  >  49896 [PSH, ACK] Seq=188430 Ack=141 Win=65024 Len=1448 TSval=2916033258 TSecr=3045553030 [TCP segment of a reassembled PDU]"
"7764","29.178424733","192.168.1.2","192.168.1.55","TCP","66","49896  >  8004 [ACK] Seq=141 Ack=134854 Win=56320 Len=0 TSval=3045553030 TSecr=2916033251"
"7765","29.178432862","192.168.1.2","192.168.1.55","TCP","66","49896  >  8004 [ACK] Seq=141 Ack=139750 Win=88064 Len=0 TSval=3045553032 TSecr=2916033251"
"7766","29.178448955","192.168.1.55","192.168.1.2","TCP","1514","8004  >  49896 [ACK] Seq=189878 Ack=141 Win=65024 Len=1448 TSval=2916033259 TSecr=3045553032 [TCP segment of a reassembled PDU]"
"7767","29.178451122","192.168.1.55","192.168.1.2","TCP","1514","8004  >  49896 [ACK] Seq=191326 Ack=141 Win=65024 Len=1448 TSval=2916033259 TSecr=3045553032 [TCP segment of a reassembled PDU]"
"7768","29.178452381","192.168.1.55","192.168.1.2","TCP","1514","8004  >  49896 [ACK] Seq=192774 Ack=141 Win=65024 Len=1448 TSval=2916033259 TSecr=3045553032 [TCP segment of a reassembled PDU]"
"7769","29.178453640","192.168.1.55","192.168.1.2","TCP","1514","8004  >  49896 [ACK] Seq=194222 Ack=141 Win=65024 Len=1448 TSval=2916033259 TSecr=3045553032 [TCP segment of a reassembled PDU]"
"7770","29.178454900","192.168.1.55","192.168.1.2","TCP","1514","8004  >  49896 [ACK] Seq=195670 Ack=141 Win=65024 Len=1448 TSval=2916033259 TSecr=3045553032 [TCP segment of a reassembled PDU]"
"7771","29.178456233","192.168.1.55","192.168.1.2","TCP","1514","8004  >  49896 [ACK] Seq=197118 Ack=141 Win=65024 Len=1448 TSval=2916033259 TSecr=3045553032 [TCP segment of a reassembled PDU]"
"7772","29.178457437","192.168.1.55","192.168.1.2","TCP","1514","8004  >  49896 [ACK] Seq=198566 Ack=141 Win=65024 Len=1448 TSval=2916033259 TSecr=3045553032 [TCP segment of a reassembled PDU]"
"7773","29.178458603","192.168.1.55","192.168.1.2","TCP","1514","8004  >  49896 [ACK] Seq=200014 Ack=141 Win=65024 Len=1448 TSval=2916033259 TSecr=3045553032 [TCP segment of a reassembled PDU]"
"7774","29.178459900","192.168.1.55","192.168.1.2","TCP","1514","8004  >  49896 [ACK] Seq=201462 Ack=141 Win=65024 Len=1448 TSval=2916033259 TSecr=3045553032 [TCP segment of a reassembled PDU]"
"7775","29.178461048","192.168.1.55","192.168.1.2","TCP","1514","8004  >  49896 [ACK] Seq=202910 Ack=141 Win=65024 Len=1448 TSval=2916033259 TSecr=3045553032 [TCP segment of a reassembled PDU]"
"7776","29.178462196","192.168.1.55","192.168.1.2","TCP","1514","8004  >  49896 [ACK] Seq=204358 Ack=141 Win=65024 Len=1448 TSval=2916033259 TSecr=3045553032 [TCP segment of a reassembled PDU]"
"7777","29.178463677","192.168.1.55","192.168.1.2","TCP","1514","8004  >  49896 [ACK] Seq=205806 Ack=141 Win=65024 Len=1448 TSval=2916033259 TSecr=3045553032 [TCP segment of a reassembled PDU]"
"7778","29.178464937","192.168.1.55","192.168.1.2","TCP","1514","8004  >  49896 [ACK] Seq=207254 Ack=141 Win=65024 Len=1448 TSval=2916033259 TSecr=3045553032 [TCP segment of a reassembled PDU]"
"7779","29.178466085","192.168.1.55","192.168.1.2","TCP","1514","8004  >  49896 [PSH, ACK] Seq=208702 Ack=141 Win=65024 Len=1448 TSval=2916033259 TSecr=3045553032 [TCP segment of a reassembled PDU]"
"7780","29.178469974","192.168.1.2","192.168.1.55","TCP","66","49896  >  8004 [ACK] Seq=141 Ack=162918 Win=65536 Len=0 TSval=3045553032 TSecr=2916033252"
"7781","29.182308850","192.168.1.2","192.168.1.55","TCP","66","49896  >  8004 [ACK] Seq=141 Ack=163814 Win=92160 Len=0 TSval=3045553033 TSecr=2916033252"
"7782","29.182344591","192.168.1.55","192.168.1.2","TCP","1514","8004  >  49896 [ACK] Seq=210150 Ack=141 Win=65024 Len=1448 TSval=2916033263 TSecr=3045553033 [TCP segment of a reassembled PDU]"
"7783","29.182346869","192.168.1.55","192.168.1.2","TCP","1514","8004  >  49896 [ACK] Seq=211598 Ack=141 Win=65024 Len=1448 TSval=2916033263 TSecr=3045553033 [TCP segment of a reassembled PDU]"
"7784","29.182348146","192.168.1.55","192.168.1.2","TCP","1514","8004  >  49896 [ACK] Seq=213046 Ack=141 Win=65024 Len=1448 TSval=2916033263 TSecr=3045553033 [TCP segment of a reassembled PDU]"
"7785","29.182349294","192.168.1.55","192.168.1.2","TCP","1514","8004  >  49896 [ACK] Seq=214494 Ack=141 Win=65024 Len=1448 TSval=2916033263 TSecr=3045553033 [TCP segment of a reassembled PDU]"
"7786","29.182350498","192.168.1.55","192.168.1.2","TCP","1514","8004  >  49896 [ACK] Seq=215942 Ack=141 Win=65024 Len=1448 TSval=2916033263 TSecr=3045553033 [TCP segment of a reassembled PDU]"
"7787","29.182351832","192.168.1.55","192.168.1.2","TCP","1514","8004  >  49896 [ACK] Seq=217390 Ack=141 Win=65024 Len=1448 TSval=2916033263 TSecr=3045553033 [TCP segment of a reassembled PDU]"
"7788","29.182352980","192.168.1.55","192.168.1.2","TCP","1514","8004  >  49896 [ACK] Seq=218838 Ack=141 Win=65024 Len=1448 TSval=2916033263 TSecr=3045553033 [TCP segment of a reassembled PDU]"
"7789","29.182354720","192.168.1.55","192.168.1.2","TCP","1514","8004  >  49896 [ACK] Seq=220286 Ack=141 Win=65024 Len=1448 TSval=2916033263 TSecr=3045553033 [TCP segment of a reassembled PDU]"
"7790","29.182355850","192.168.1.55","192.168.1.2","TCP","1514","8004  >  49896 [ACK] Seq=221734 Ack=141 Win=65024 Len=1448 TSval=2916033263 TSecr=3045553033 [TCP segment of a reassembled PDU]"
"7791","29.182357017","192.168.1.55","192.168.1.2","TCP","1514","8004  >  49896 [ACK] Seq=223182 Ack=141 Win=65024 Len=1448 TSval=2916033263 TSecr=3045553033 [TCP segment of a reassembled PDU]"
"7792","29.182358202","192.168.1.55","192.168.1.2","TCP","1514","8004  >  49896 [ACK] Seq=224630 Ack=141 Win=65024 Len=1448 TSval=2916033263 TSecr=3045553033 [TCP segment of a reassembled PDU]"
"7793","29.182359350","192.168.1.55","192.168.1.2","TCP","1514","8004  >  49896 [ACK] Seq=226078 Ack=141 Win=65024 Len=1448 TSval=2916033263 TSecr=3045553033 [TCP segment of a reassembled PDU]"
"7794","29.182360646","192.168.1.55","192.168.1.2","TCP","1514","8004  >  49896 [ACK] Seq=227526 Ack=141 Win=65024 Len=1448 TSval=2916033263 TSecr=3045553033 [TCP segment of a reassembled PDU]"
"7795","29.182361869","192.168.1.55","192.168.1.2","TCP","1514","8004  >  49896 [ACK] Seq=228974 Ack=141 Win=65024 Len=1448 TSval=2916033263 TSecr=3045553033 [TCP segment of a reassembled PDU]"
"7796","29.182362998","192.168.1.55","192.168.1.2","TCP","1514","8004  >  49896 [ACK] Seq=230422 Ack=141 Win=65024 Len=1448 TSval=2916033263 TSecr=3045553033 [TCP segment of a reassembled PDU]"
"7797","29.182364239","192.168.1.55","192.168.1.2","TCP","1514","8004  >  49896 [ACK] Seq=231870 Ack=141 Win=65024 Len=1448 TSval=2916033263 TSecr=3045553033 [TCP segment of a reassembled PDU]"
"7798","29.182365461","192.168.1.55","192.168.1.2","TCP","1514","8004  >  49896 [ACK] Seq=233318 Ack=141 Win=65024 Len=1448 TSval=2916033263 TSecr=3045553033 [TCP segment of a reassembled PDU]"
"7799","29.182366739","192.168.1.55","192.168.1.2","TCP","1514","8004  >  49896 [ACK] Seq=234766 Ack=141 Win=65024 Len=1448 TSval=2916033263 TSecr=3045553033 [TCP segment of a reassembled PDU]"
"7800","29.182367887","192.168.1.55","192.168.1.2","TCP","1514","8004  >  49896 [ACK] Seq=236214 Ack=141 Win=65024 Len=1448 TSval=2916033263 TSecr=3045553033 [TCP segment of a reassembled PDU]"
"7801","29.182369443","192.168.1.55","192.168.1.2","TCP","1514","8004  >  49896 [ACK] Seq=237662 Ack=141 Win=65024 Len=1448 TSval=2916033263 TSecr=3045553033 [TCP segment of a reassembled PDU]"
"7802","29.182370776","192.168.1.55","192.168.1.2","TCP","1514","8004  >  49896 [ACK] Seq=239110 Ack=141 Win=65024 Len=1448 TSval=2916033263 TSecr=3045553033 [TCP segment of a reassembled PDU]"
"7803","29.182371906","192.168.1.55","192.168.1.2","TCP","1514","8004  >  49896 [ACK] Seq=240558 Ack=141 Win=65024 Len=1448 TSval=2916033263 TSecr=3045553033 [TCP segment of a reassembled PDU]"
"7804","29.182373165","192.168.1.55","192.168.1.2","TCP","1514","8004  >  49896 [ACK] Seq=242006 Ack=141 Win=65024 Len=1448 TSval=2916033263 TSecr=3045553033 [TCP segment of a reassembled PDU]"
"7805","29.182374313","192.168.1.55","192.168.1.2","TCP","1514","8004  >  49896 [ACK] Seq=243454 Ack=141 Win=65024 Len=1448 TSval=2916033263 TSecr=3045553033 [TCP segment of a reassembled PDU]"
"7806","29.182375461","192.168.1.55","192.168.1.2","TCP","1514","8004  >  49896 [ACK] Seq=244902 Ack=141 Win=65024 Len=1448 TSval=2916033263 TSecr=3045553033 [TCP segment of a reassembled PDU]"
"7807","29.182376720","192.168.1.55","192.168.1.2","TCP","1514","8004  >  49896 [ACK] Seq=246350 Ack=141 Win=65024 Len=1448 TSval=2916033263 TSecr=3045553033 [TCP segment of a reassembled PDU]"
"7808","29.182378072","192.168.1.55","192.168.1.2","TCP","1514","8004  >  49896 [ACK] Seq=247798 Ack=141 Win=65024 Len=1448 TSval=2916033263 TSecr=3045553033 [TCP segment of a reassembled PDU]"
"7809","29.182379295","192.168.1.55","192.168.1.2","TCP","1514","8004  >  49896 [ACK] Seq=249246 Ack=141 Win=65024 Len=1448 TSval=2916033263 TSecr=3045553033 [TCP segment of a reassembled PDU]"
"7810","29.182380461","192.168.1.55","192.168.1.2","TCP","1514","8004  >  49896 [ACK] Seq=250694 Ack=141 Win=65024 Len=1448 TSval=2916033263 TSecr=3045553033 [TCP segment of a reassembled PDU]"
"7811","29.182381628","192.168.1.55","192.168.1.2","TCP","1514","8004  >  49896 [ACK] Seq=252142 Ack=141 Win=65024 Len=1448 TSval=2916033263 TSecr=3045553033 [TCP segment of a reassembled PDU]"
"7812","29.182382998","192.168.1.55","192.168.1.2","TCP","1514","8004  >  49896 [ACK] Seq=253590 Ack=141 Win=65024 Len=1448 TSval=2916033263 TSecr=3045553033 [TCP segment of a reassembled PDU]"
"7813","29.182384239","192.168.1.55","192.168.1.2","TCP","1002","[TCP Window Full] 8004  >  49896 [PSH, ACK] Seq=255038 Ack=141 Win=65024 Len=936 TSval=2916033263 TSecr=3045553033 [TCP segment of a reassembled PDU]"
"7814","29.182434183","192.168.1.2","192.168.1.55","TCP","66","49896  >  8004 [ACK] Seq=141 Ack=176846 Win=81920 Len=0 TSval=3045553033 TSecr=2916033256"
"7815","29.182442776","192.168.1.55","192.168.1.2","TCP","578","8004  >  49896 [PSH, ACK] Seq=255974 Ack=141 Win=65024 Len=512 TSval=2916033263 TSecr=3045553033 [TCP segment of a reassembled PDU]"
"7816","29.182447146","192.168.1.2","192.168.1.55","TCP","66","49896  >  8004 [ACK] Seq=141 Ack=182638 Win=86016 Len=0 TSval=3045553035 TSecr=2916033256"
"7817","29.185357133","192.168.1.2","192.168.1.55","TCP","66","49896  >  8004 [ACK] Seq=141 Ack=189878 Win=108544 Len=0 TSval=3045553037 TSecr=2916033258"
"7818","29.185404484","192.168.1.55","192.168.1.2","TCP","1514","8004  >  49896 [ACK] Seq=256486 Ack=141 Win=65024 Len=1448 TSval=2916033266 TSecr=3045553037 [TCP segment of a reassembled PDU]"
"7819","29.185408781","192.168.1.55","192.168.1.2","TCP","1514","8004  >  49896 [ACK] Seq=257934 Ack=141 Win=65024 Len=1448 TSval=2916033266 TSecr=3045553037 [TCP segment of a reassembled PDU]"
"7820","29.185410244","192.168.1.55","192.168.1.2","TCP","1514","8004  >  49896 [ACK] Seq=259382 Ack=141 Win=65024 Len=1448 TSval=2916033266 TSecr=3045553037 [TCP segment of a reassembled PDU]"
"7821","29.185411744","192.168.1.55","192.168.1.2","TCP","1514","8004  >  49896 [ACK] Seq=260830 Ack=141 Win=65024 Len=1448 TSval=2916033266 TSecr=3045553037 [TCP segment of a reassembled PDU]"
"7822","29.185413133","192.168.1.55","192.168.1.2","TCP","1514","8004  >  49896 [ACK] Seq=262278 Ack=141 Win=65024 Len=1448 TSval=2916033266 TSecr=3045553037 [TCP segment of a reassembled PDU]"
"7823","29.185414614","192.168.1.55","192.168.1.2","TCP","1514","8004  >  49896 [ACK] Seq=263726 Ack=141 Win=65024 Len=1448 TSval=2916033266 TSecr=3045553037 [TCP segment of a reassembled PDU]"
"7824","29.185416096","192.168.1.55","192.168.1.2","TCP","1514","8004  >  49896 [ACK] Seq=265174 Ack=141 Win=65024 Len=1448 TSval=2916033266 TSecr=3045553037 [TCP segment of a reassembled PDU]"
"7825","29.185417503","192.168.1.55","192.168.1.2","TCP","1514","8004  >  49896 [ACK] Seq=266622 Ack=141 Win=65024 Len=1448 TSval=2916033266 TSecr=3045553037 [TCP segment of a reassembled PDU]"
"7826","29.185418984","192.168.1.55","192.168.1.2","TCP","1514","8004  >  49896 [ACK] Seq=268070 Ack=141 Win=65024 Len=1448 TSval=2916033266 TSecr=3045553037 [TCP segment of a reassembled PDU]"
"7827","29.185420373","192.168.1.55","192.168.1.2","TCP","1514","8004  >  49896 [ACK] Seq=269518 Ack=141 Win=65024 Len=1448 TSval=2916033266 TSecr=3045553037 [TCP segment of a reassembled PDU]"
"7828","29.185421744","192.168.1.55","192.168.1.2","TCP","1514","8004  >  49896 [ACK] Seq=270966 Ack=141 Win=65024 Len=1448 TSval=2916033266 TSecr=3045553037 [TCP segment of a reassembled PDU]"
"7829","29.185423151","192.168.1.55","192.168.1.2","TCP","1514","8004  >  49896 [ACK] Seq=272414 Ack=141 Win=65024 Len=1448 TSval=2916033266 TSecr=3045553037 [TCP segment of a reassembled PDU]"
"7830","29.185424596","192.168.1.55","192.168.1.2","TCP","1514","8004  >  49896 [ACK] Seq=273862 Ack=141 Win=65024 Len=1448 TSval=2916033266 TSecr=3045553037 [TCP segment of a reassembled PDU]"
"7831","29.185426170","192.168.1.55","192.168.1.2","TCP","1514","8004  >  49896 [ACK] Seq=275310 Ack=141 Win=65024 Len=1448 TSval=2916033266 TSecr=3045553037 [TCP segment of a reassembled PDU]"
"7832","29.185427559","192.168.1.55","192.168.1.2","TCP","1514","8004  >  49896 [ACK] Seq=276758 Ack=141 Win=65024 Len=1448 TSval=2916033266 TSecr=3045553037 [TCP segment of a reassembled PDU]"
"7833","29.185428910","192.168.1.55","192.168.1.2","TCP","1514","8004  >  49896 [ACK] Seq=278206 Ack=141 Win=65024 Len=1448 TSval=2916033266 TSecr=3045553037 [TCP segment of a reassembled PDU]"
"7834","29.185430318","192.168.1.55","192.168.1.2","TCP","1514","8004  >  49896 [ACK] Seq=279654 Ack=141 Win=65024 Len=1448 TSval=2916033266 TSecr=3045553037 [TCP segment of a reassembled PDU]"
"7835","29.185431688","192.168.1.55","192.168.1.2","TCP","1514","8004  >  49896 [ACK] Seq=281102 Ack=141 Win=65024 Len=1448 TSval=2916033266 TSecr=3045553037 [TCP segment of a reassembled PDU]"
"7836","29.185433207","192.168.1.55","192.168.1.2","TCP","1514","8004  >  49896 [ACK] Seq=282550 Ack=141 Win=65024 Len=1448 TSval=2916033266 TSecr=3045553037 [TCP segment of a reassembled PDU]"
"7837","29.185434855","192.168.1.55","192.168.1.2","TCP","1514","8004  >  49896 [ACK] Seq=283998 Ack=141 Win=65024 Len=1448 TSval=2916033266 TSecr=3045553037 [TCP segment of a reassembled PDU]"
"7838","29.185436281","192.168.1.55","192.168.1.2","TCP","1514","8004  >  49896 [ACK] Seq=285446 Ack=141 Win=65024 Len=1448 TSval=2916033266 TSecr=3045553037 [TCP segment of a reassembled PDU]"
"7839","29.185437781","192.168.1.55","192.168.1.2","TCP","1514","8004  >  49896 [ACK] Seq=286894 Ack=141 Win=65024 Len=1448 TSval=2916033266 TSecr=3045553037 [TCP segment of a reassembled PDU]"
"7840","29.185439336","192.168.1.55","192.168.1.2","TCP","1514","8004  >  49896 [ACK] Seq=288342 Ack=141 Win=65024 Len=1448 TSval=2916033266 TSecr=3045553037 [TCP segment of a reassembled PDU]"
"7841","29.185440836","192.168.1.55","192.168.1.2","TCP","1514","8004  >  49896 [ACK] Seq=289790 Ack=141 Win=65024 Len=1448 TSval=2916033266 TSecr=3045553037 [TCP segment of a reassembled PDU]"
"7842","29.185442262","192.168.1.55","192.168.1.2","TCP","1514","8004  >  49896 [ACK] Seq=291238 Ack=141 Win=65024 Len=1448 TSval=2916033266 TSecr=3045553037 [TCP segment of a reassembled PDU]"
"7843","29.185443633","192.168.1.55","192.168.1.2","TCP","1514","8004  >  49896 [ACK] Seq=292686 Ack=141 Win=65024 Len=1448 TSval=2916033266 TSecr=3045553037 [TCP segment of a reassembled PDU]"
"7844","29.185445003","192.168.1.55","192.168.1.2","TCP","1514","8004  >  49896 [ACK] Seq=294134 Ack=141 Win=65024 Len=1448 TSval=2916033266 TSecr=3045553037 [TCP segment of a reassembled PDU]"
"7845","29.185446410","192.168.1.55","192.168.1.2","TCP","1514","8004  >  49896 [PSH, ACK] Seq=295582 Ack=141 Win=65024 Len=1448 TSval=2916033266 TSecr=3045553037 [TCP segment of a reassembled PDU]"
"7846","29.185508744","192.168.1.2","192.168.1.55","TCP","66","49896  >  8004 [ACK] Seq=141 Ack=204358 Win=124928 Len=0 TSval=3045553037 TSecr=2916033259"
"7847","29.185525374","192.168.1.55","192.168.1.2","TCP","1514","8004  >  49896 [ACK] Seq=297030 Ack=141 Win=65024 Len=1448 TSval=2916033266 TSecr=3045553037 [TCP segment of a reassembled PDU]"
"7848","29.185527188","192.168.1.55","192.168.1.2","TCP","1514","8004  >  49896 [ACK] Seq=298478 Ack=141 Win=65024 Len=1448 TSval=2916033266 TSecr=3045553037 [TCP segment of a reassembled PDU]"
"7849","29.185528614","192.168.1.55","192.168.1.2","TCP","1514","8004  >  49896 [ACK] Seq=299926 Ack=141 Win=65024 Len=1448 TSval=2916033266 TSecr=3045553037 [TCP segment of a reassembled PDU]"
"7850","29.185530281","192.168.1.55","192.168.1.2","TCP","1514","8004  >  49896 [PSH, ACK] Seq=301374 Ack=141 Win=65024 Len=1448 TSval=2916033266 TSecr=3045553037 [TCP segment of a reassembled PDU]"
"7851","29.185535040","192.168.1.2","192.168.1.55","TCP","66","49896  >  8004 [ACK] Seq=141 Ack=210150 Win=136192 Len=0 TSval=3045553038 TSecr=2916033259"
"7852","29.185578818","192.168.1.55","192.168.1.2","TCP","1514","8004  >  49896 [ACK] Seq=302822 Ack=141 Win=65024 Len=1448 TSval=2916033266 TSecr=3045553038 [TCP segment of a reassembled PDU]"
"7853","29.185586077","192.168.1.55","192.168.1.2","TCP","1514","8004  >  49896 [ACK] Seq=304270 Ack=141 Win=65024 Len=1448 TSval=2916033266 TSecr=3045553038 [TCP segment of a reassembled PDU]"
"7854","29.185587911","192.168.1.55","192.168.1.2","TCP","1514","8004  >  49896 [ACK] Seq=305718 Ack=141 Win=65024 Len=1448 TSval=2916033266 TSecr=3045553038 [TCP segment of a reassembled PDU]"
"7855","29.185589448","192.168.1.55","192.168.1.2","TCP","1514","8004  >  49896 [ACK] Seq=307166 Ack=141 Win=65024 Len=1448 TSval=2916033266 TSecr=3045553038 [TCP segment of a reassembled PDU]"
"7856","29.185590985","192.168.1.55","192.168.1.2","TCP","1514","8004  >  49896 [ACK] Seq=308614 Ack=141 Win=65024 Len=1448 TSval=2916033266 TSecr=3045553038 [TCP segment of a reassembled PDU]"
"7857","29.185592392","192.168.1.55","192.168.1.2","TCP","1514","8004  >  49896 [ACK] Seq=310062 Ack=141 Win=65024 Len=1448 TSval=2916033266 TSecr=3045553038 [TCP segment of a reassembled PDU]"
"7858","29.185593818","192.168.1.55","192.168.1.2","TCP","1514","8004  >  49896 [ACK] Seq=311510 Ack=141 Win=65024 Len=1448 TSval=2916033266 TSecr=3045553038 [TCP segment of a reassembled PDU]"
"7859","29.185595244","192.168.1.55","192.168.1.2","TCP","1514","8004  >  49896 [ACK] Seq=312958 Ack=141 Win=65024 Len=1448 TSval=2916033266 TSecr=3045553038 [TCP segment of a reassembled PDU]"
"7860","29.185596725","192.168.1.55","192.168.1.2","TCP","1514","8004  >  49896 [ACK] Seq=314406 Ack=141 Win=65024 Len=1448 TSval=2916033266 TSecr=3045553038 [TCP segment of a reassembled PDU]"
"7861","29.185598096","192.168.1.55","192.168.1.2","TCP","1514","8004  >  49896 [ACK] Seq=315854 Ack=141 Win=65024 Len=1448 TSval=2916033266 TSecr=3045553038 [TCP segment of a reassembled PDU]"
"7862","29.185599429","192.168.1.55","192.168.1.2","TCP","1514","8004  >  49896 [ACK] Seq=317302 Ack=141 Win=65024 Len=1448 TSval=2916033266 TSecr=3045553038 [TCP segment of a reassembled PDU]"
"7863","29.185601003","192.168.1.55","192.168.1.2","TCP","1514","8004  >  49896 [ACK] Seq=318750 Ack=141 Win=65024 Len=1448 TSval=2916033266 TSecr=3045553038 [TCP segment of a reassembled PDU]"
"7864","29.185602485","192.168.1.55","192.168.1.2","TCP","1514","8004  >  49896 [ACK] Seq=320198 Ack=141 Win=65024 Len=1448 TSval=2916033266 TSecr=3045553038 [TCP segment of a reassembled PDU]"
"7865","29.185603948","192.168.1.55","192.168.1.2","TCP","1514","8004  >  49896 [ACK] Seq=321646 Ack=141 Win=65024 Len=1448 TSval=2916033266 TSecr=3045553038 [TCP segment of a reassembled PDU]"
"7866","29.185605281","192.168.1.55","192.168.1.2","TCP","1514","8004  >  49896 [ACK] Seq=323094 Ack=141 Win=65024 Len=1448 TSval=2916033266 TSecr=3045553038 [TCP segment of a reassembled PDU]"
"7867","29.185606855","192.168.1.55","192.168.1.2","TCP","1514","8004  >  49896 [ACK] Seq=324542 Ack=141 Win=65024 Len=1448 TSval=2916033266 TSecr=3045553038 [TCP segment of a reassembled PDU]"
"7868","29.185608448","192.168.1.55","192.168.1.2","TCP","1514","8004  >  49896 [ACK] Seq=325990 Ack=141 Win=65024 Len=1448 TSval=2916033266 TSecr=3045553038 [TCP segment of a reassembled PDU]"
"7869","29.185609911","192.168.1.55","192.168.1.2","TCP","1514","8004  >  49896 [ACK] Seq=327438 Ack=141 Win=65024 Len=1448 TSval=2916033266 TSecr=3045553038 [TCP segment of a reassembled PDU]"
"7870","29.185611392","192.168.1.55","192.168.1.2","TCP","1514","8004  >  49896 [ACK] Seq=328886 Ack=141 Win=65024 Len=1448 TSval=2916033266 TSecr=3045553038 [TCP segment of a reassembled PDU]"
"7871","29.185612763","192.168.1.55","192.168.1.2","TCP","1514","8004  >  49896 [ACK] Seq=330334 Ack=141 Win=65024 Len=1448 TSval=2916033266 TSecr=3045553038 [TCP segment of a reassembled PDU]"
"7872","29.185614188","192.168.1.55","192.168.1.2","TCP","1514","8004  >  49896 [ACK] Seq=331782 Ack=141 Win=65024 Len=1448 TSval=2916033266 TSecr=3045553038 [TCP segment of a reassembled PDU]"
"7873","29.185615725","192.168.1.55","192.168.1.2","TCP","1514","8004  >  49896 [ACK] Seq=333230 Ack=141 Win=65024 Len=1448 TSval=2916033266 TSecr=3045553038 [TCP segment of a reassembled PDU]"
"7874","29.185617207","192.168.1.55","192.168.1.2","TCP","1514","8004  >  49896 [ACK] Seq=334678 Ack=141 Win=65024 Len=1448 TSval=2916033266 TSecr=3045553038 [TCP segment of a reassembled PDU]"
"7875","29.185618688","192.168.1.55","192.168.1.2","TCP","1514","8004  >  49896 [ACK] Seq=336126 Ack=141 Win=65024 Len=1448 TSval=2916033266 TSecr=3045553038 [TCP segment of a reassembled PDU]"
"7876","29.185620133","192.168.1.55","192.168.1.2","TCP","1514","8004  >  49896 [ACK] Seq=337574 Ack=141 Win=65024 Len=1448 TSval=2916033266 TSecr=3045553038 [TCP segment of a reassembled PDU]"
"7877","29.185621577","192.168.1.55","192.168.1.2","TCP","1514","8004  >  49896 [ACK] Seq=339022 Ack=141 Win=65024 Len=1448 TSval=2916033266 TSecr=3045553038 [TCP segment of a reassembled PDU]"
"7878","29.185623022","192.168.1.55","192.168.1.2","TCP","1514","8004  >  49896 [ACK] Seq=340470 Ack=141 Win=65024 Len=1448 TSval=2916033266 TSecr=3045553038 [TCP segment of a reassembled PDU]"
"7879","29.185624744","192.168.1.55","192.168.1.2","TCP","1514","8004  >  49896 [ACK] Seq=341918 Ack=141 Win=65024 Len=1448 TSval=2916033266 TSecr=3045553038 [TCP segment of a reassembled PDU]"
"7880","29.185626281","192.168.1.55","192.168.1.2","TCP","1514","8004  >  49896 [ACK] Seq=343366 Ack=141 Win=65024 Len=1448 TSval=2916033266 TSecr=3045553038 [TCP segment of a reassembled PDU]"
"7881","29.185627688","192.168.1.55","192.168.1.2","TCP","1514","8004  >  49896 [PSH, ACK] Seq=344814 Ack=141 Win=65024 Len=1448 TSval=2916033266 TSecr=3045553038 [TCP segment of a reassembled PDU]"
"7882","29.195305574","192.168.1.2","192.168.1.55","TCP","66","49896  >  8004 [ACK] Seq=141 Ack=256486 Win=114688 Len=0 TSval=3045553044 TSecr=2916033263"
"7883","29.195347593","192.168.1.55","192.168.1.2","TCP","1514","8004  >  49896 [ACK] Seq=346262 Ack=141 Win=65024 Len=1448 TSval=2916033276 TSecr=3045553044 [TCP segment of a reassembled PDU]"
"7884","29.195351222","192.168.1.55","192.168.1.2","TCP","1514","8004  >  49896 [PSH, ACK] Seq=347710 Ack=141 Win=65024 Len=1448 TSval=2916033276 TSecr=3045553044 [TCP segment of a reassembled PDU]"
"7885","29.195380593","192.168.1.2","192.168.1.55","TCP","66","49896  >  8004 [ACK] Seq=141 Ack=286894 Win=130048 Len=0 TSval=3045553047 TSecr=2916033266"
"7886","29.195419537","192.168.1.55","192.168.1.2","TCP","1514","8004  >  49896 [ACK] Seq=349158 Ack=141 Win=65024 Len=1448 TSval=2916033276 TSecr=3045553047 [TCP segment of a reassembled PDU]"
"7887","29.195422167","192.168.1.55","192.168.1.2","TCP","1514","8004  >  49896 [ACK] Seq=350606 Ack=141 Win=65024 Len=1448 TSval=2916033276 TSecr=3045553047 [TCP segment of a reassembled PDU]"
"7888","29.195423296","192.168.1.55","192.168.1.2","TCP","1514","8004  >  49896 [ACK] Seq=352054 Ack=141 Win=65024 Len=1448 TSval=2916033276 TSecr=3045553047 [TCP segment of a reassembled PDU]"
"7889","29.195424445","192.168.1.55","192.168.1.2","TCP","1514","8004  >  49896 [ACK] Seq=353502 Ack=141 Win=65024 Len=1448 TSval=2916033276 TSecr=3045553047 [TCP segment of a reassembled PDU]"
"7890","29.195425556","192.168.1.55","192.168.1.2","TCP","1514","8004  >  49896 [ACK] Seq=354950 Ack=141 Win=65024 Len=1448 TSval=2916033276 TSecr=3045553047 [TCP segment of a reassembled PDU]"
"7891","29.195426630","192.168.1.55","192.168.1.2","TCP","1514","8004  >  49896 [ACK] Seq=356398 Ack=141 Win=65024 Len=1448 TSval=2916033276 TSecr=3045553047 [TCP segment of a reassembled PDU]"
"7892","29.195427648","192.168.1.55","192.168.1.2","TCP","1514","8004  >  49896 [ACK] Seq=357846 Ack=141 Win=65024 Len=1448 TSval=2916033276 TSecr=3045553047 [TCP segment of a reassembled PDU]"
"7893","29.195428759","192.168.1.55","192.168.1.2","TCP","1514","8004  >  49896 [ACK] Seq=359294 Ack=141 Win=65024 Len=1448 TSval=2916033276 TSecr=3045553047 [TCP segment of a reassembled PDU]"
"7894","29.195429759","192.168.1.55","192.168.1.2","TCP","1514","8004  >  49896 [ACK] Seq=360742 Ack=141 Win=65024 Len=1448 TSval=2916033276 TSecr=3045553047 [TCP segment of a reassembled PDU]"
"7895","29.195430982","192.168.1.55","192.168.1.2","TCP","1514","8004  >  49896 [ACK] Seq=362190 Ack=141 Win=65024 Len=1448 TSval=2916033276 TSecr=3045553047 [TCP segment of a reassembled PDU]"
"7896","29.195432019","192.168.1.55","192.168.1.2","TCP","1514","8004  >  49896 [ACK] Seq=363638 Ack=141 Win=65024 Len=1448 TSval=2916033276 TSecr=3045553047 [TCP segment of a reassembled PDU]"
"7897","29.195433037","192.168.1.55","192.168.1.2","TCP","1514","8004  >  49896 [ACK] Seq=365086 Ack=141 Win=65024 Len=1448 TSval=2916033276 TSecr=3045553047 [TCP segment of a reassembled PDU]"
"7898","29.195434222","192.168.1.55","192.168.1.2","TCP","1514","8004  >  49896 [ACK] Seq=366534 Ack=141 Win=65024 Len=1448 TSval=2916033276 TSecr=3045553047 [TCP segment of a reassembled PDU]"
"7899","29.195435278","192.168.1.55","192.168.1.2","TCP","1514","8004  >  49896 [ACK] Seq=367982 Ack=141 Win=65024 Len=1448 TSval=2916033276 TSecr=3045553047 [TCP segment of a reassembled PDU]"
"7900","29.195436445","192.168.1.55","192.168.1.2","TCP","1514","8004  >  49896 [ACK] Seq=369430 Ack=141 Win=65024 Len=1448 TSval=2916033276 TSecr=3045553047 [TCP segment of a reassembled PDU]"
"7901","29.195437445","192.168.1.55","192.168.1.2","TCP","1514","8004  >  49896 [ACK] Seq=370878 Ack=141 Win=65024 Len=1448 TSval=2916033276 TSecr=3045553047 [TCP segment of a reassembled PDU]"
"7902","29.195438500","192.168.1.55","192.168.1.2","TCP","1514","8004  >  49896 [ACK] Seq=372326 Ack=141 Win=65024 Len=1448 TSval=2916033276 TSecr=3045553047 [TCP segment of a reassembled PDU]"
"7903","29.195439685","192.168.1.55","192.168.1.2","TCP","1514","8004  >  49896 [ACK] Seq=373774 Ack=141 Win=65024 Len=1448 TSval=2916033276 TSecr=3045553047 [TCP segment of a reassembled PDU]"
"7904","29.195440685","192.168.1.55","192.168.1.2","TCP","1514","8004  >  49896 [ACK] Seq=375222 Ack=141 Win=65024 Len=1448 TSval=2916033276 TSecr=3045553047 [TCP segment of a reassembled PDU]"
"7905","29.195441833","192.168.1.55","192.168.1.2","TCP","1514","8004  >  49896 [ACK] Seq=376670 Ack=141 Win=65024 Len=1448 TSval=2916033276 TSecr=3045553047 [TCP segment of a reassembled PDU]"
"7906","29.195442870","192.168.1.55","192.168.1.2","TCP","1514","8004  >  49896 [ACK] Seq=378118 Ack=141 Win=65024 Len=1448 TSval=2916033276 TSecr=3045553047 [TCP segment of a reassembled PDU]"
"7907","29.195443963","192.168.1.55","192.168.1.2","TCP","1514","8004  >  49896 [ACK] Seq=379566 Ack=141 Win=65024 Len=1448 TSval=2916033276 TSecr=3045553047 [TCP segment of a reassembled PDU]"
"7908","29.195445130","192.168.1.55","192.168.1.2","TCP","1514","8004  >  49896 [ACK] Seq=381014 Ack=141 Win=65024 Len=1448 TSval=2916033276 TSecr=3045553047 [TCP segment of a reassembled PDU]"
"7909","29.195446352","192.168.1.55","192.168.1.2","TCP","1514","8004  >  49896 [ACK] Seq=382462 Ack=141 Win=65024 Len=1448 TSval=2916033276 TSecr=3045553047 [TCP segment of a reassembled PDU]"
"7910","29.195447648","192.168.1.55","192.168.1.2","TCP","1514","8004  >  49896 [ACK] Seq=383910 Ack=141 Win=65024 Len=1448 TSval=2916033276 TSecr=3045553047 [TCP segment of a reassembled PDU]"
"7911","29.195448870","192.168.1.55","192.168.1.2","TCP","1514","8004  >  49896 [ACK] Seq=385358 Ack=141 Win=65024 Len=1448 TSval=2916033276 TSecr=3045553047 [TCP segment of a reassembled PDU]"
"7912","29.195449963","192.168.1.55","192.168.1.2","TCP","1514","8004  >  49896 [ACK] Seq=386806 Ack=141 Win=65024 Len=1448 TSval=2916033276 TSecr=3045553047 [TCP segment of a reassembled PDU]"
"7913","29.195451019","192.168.1.55","192.168.1.2","TCP","1514","8004  >  49896 [ACK] Seq=388254 Ack=141 Win=65024 Len=1448 TSval=2916033276 TSecr=3045553047 [TCP segment of a reassembled PDU]"
"7914","29.195452130","192.168.1.55","192.168.1.2","TCP","1514","8004  >  49896 [ACK] Seq=389702 Ack=141 Win=65024 Len=1448 TSval=2916033276 TSecr=3045553047 [TCP segment of a reassembled PDU]"
"7915","29.195453204","192.168.1.55","192.168.1.2","TCP","1514","8004  >  49896 [ACK] Seq=391150 Ack=141 Win=65024 Len=1448 TSval=2916033276 TSecr=3045553047 [TCP segment of a reassembled PDU]"
"7916","29.195454222","192.168.1.55","192.168.1.2","TCP","1514","8004  >  49896 [ACK] Seq=392598 Ack=141 Win=65024 Len=1448 TSval=2916033276 TSecr=3045553047 [TCP segment of a reassembled PDU]"
"7917","29.195455241","192.168.1.55","192.168.1.2","TCP","1514","8004  >  49896 [PSH, ACK] Seq=394046 Ack=141 Win=65024 Len=1448 TSval=2916033276 TSecr=3045553047 [TCP segment of a reassembled PDU]"
"7918","29.197717967","192.168.1.2","192.168.1.55","TCP","66","49896  >  8004 [ACK] Seq=141 Ack=297030 Win=152576 Len=0 TSval=3045553050 TSecr=2916033266"
"7919","29.197759170","192.168.1.55","192.168.1.2","TCP","1514","8004  >  49896 [ACK] Seq=395494 Ack=141 Win=65024 Len=1448 TSval=2916033278 TSecr=3045553050 [TCP segment of a reassembled PDU]"
"7920","29.197761504","192.168.1.55","192.168.1.2","TCP","1514","8004  >  49896 [ACK] Seq=396942 Ack=141 Win=65024 Len=1448 TSval=2916033278 TSecr=3045553050 [TCP segment of a reassembled PDU]"
"7921","29.197762541","192.168.1.55","192.168.1.2","TCP","1514","8004  >  49896 [ACK] Seq=398390 Ack=141 Win=65024 Len=1448 TSval=2916033278 TSecr=3045553050 [TCP segment of a reassembled PDU]"
"7922","29.197763541","192.168.1.55","192.168.1.2","TCP","1514","8004  >  49896 [ACK] Seq=399838 Ack=141 Win=65024 Len=1448 TSval=2916033278 TSecr=3045553050 [TCP segment of a reassembled PDU]"
"7923","29.197764596","192.168.1.55","192.168.1.2","TCP","1514","8004  >  49896 [ACK] Seq=401286 Ack=141 Win=65024 Len=1448 TSval=2916033278 TSecr=3045553050 [TCP segment of a reassembled PDU]"
"7924","29.197765707","192.168.1.55","192.168.1.2","TCP","1514","8004  >  49896 [ACK] Seq=402734 Ack=141 Win=65024 Len=1448 TSval=2916033278 TSecr=3045553050 [TCP segment of a reassembled PDU]"
"7925","29.197766726","192.168.1.55","192.168.1.2","TCP","1514","8004  >  49896 [ACK] Seq=404182 Ack=141 Win=65024 Len=1448 TSval=2916033278 TSecr=3045553050 [TCP segment of a reassembled PDU]"
"7926","29.197767782","192.168.1.55","192.168.1.2","TCP","1514","8004  >  49896 [ACK] Seq=405630 Ack=141 Win=65024 Len=1448 TSval=2916033278 TSecr=3045553050 [TCP segment of a reassembled PDU]"
"7927","29.197768911","192.168.1.55","192.168.1.2","TCP","1514","8004  >  49896 [ACK] Seq=407078 Ack=141 Win=65024 Len=1448 TSval=2916033278 TSecr=3045553050 [TCP segment of a reassembled PDU]"
"7928","29.197769930","192.168.1.55","192.168.1.2","TCP","1514","8004  >  49896 [ACK] Seq=408526 Ack=141 Win=65024 Len=1448 TSval=2916033278 TSecr=3045553050 [TCP segment of a reassembled PDU]"
"7929","29.197771356","192.168.1.55","192.168.1.2","TCP","1514","8004  >  49896 [ACK] Seq=409974 Ack=141 Win=65024 Len=1448 TSval=2916033278 TSecr=3045553050 [TCP segment of a reassembled PDU]"
"7930","29.197772356","192.168.1.55","192.168.1.2","TCP","1514","8004  >  49896 [ACK] Seq=411422 Ack=141 Win=65024 Len=1448 TSval=2916033278 TSecr=3045553050 [TCP segment of a reassembled PDU]"
"7931","29.197773448","192.168.1.55","192.168.1.2","TCP","1514","8004  >  49896 [ACK] Seq=412870 Ack=141 Win=65024 Len=1448 TSval=2916033278 TSecr=3045553050 [TCP segment of a reassembled PDU]"
"7932","29.197774615","192.168.1.55","192.168.1.2","TCP","1514","8004  >  49896 [ACK] Seq=414318 Ack=141 Win=65024 Len=1448 TSval=2916033278 TSecr=3045553050 [TCP segment of a reassembled PDU]"
"7933","29.197775633","192.168.1.55","192.168.1.2","TCP","1514","8004  >  49896 [ACK] Seq=415766 Ack=141 Win=65024 Len=1448 TSval=2916033278 TSecr=3045553050 [TCP segment of a reassembled PDU]"
"7934","29.197776800","192.168.1.55","192.168.1.2","TCP","1514","8004  >  49896 [ACK] Seq=417214 Ack=141 Win=65024 Len=1448 TSval=2916033278 TSecr=3045553050 [TCP segment of a reassembled PDU]"
"7935","29.197777893","192.168.1.55","192.168.1.2","TCP","1514","8004  >  49896 [ACK] Seq=418662 Ack=141 Win=65024 Len=1448 TSval=2916033278 TSecr=3045553050 [TCP segment of a reassembled PDU]"
"7936","29.197778930","192.168.1.55","192.168.1.2","TCP","1514","8004  >  49896 [ACK] Seq=420110 Ack=141 Win=65024 Len=1448 TSval=2916033278 TSecr=3045553050 [TCP segment of a reassembled PDU]"
"7937","29.197780133","192.168.1.55","192.168.1.2","TCP","1514","8004  >  49896 [ACK] Seq=421558 Ack=141 Win=65024 Len=1448 TSval=2916033278 TSecr=3045553050 [TCP segment of a reassembled PDU]"
"7938","29.197781170","192.168.1.55","192.168.1.2","TCP","1514","8004  >  49896 [ACK] Seq=423006 Ack=141 Win=65024 Len=1448 TSval=2916033278 TSecr=3045553050 [TCP segment of a reassembled PDU]"
"7939","29.197782189","192.168.1.55","192.168.1.2","TCP","1514","8004  >  49896 [ACK] Seq=424454 Ack=141 Win=65024 Len=1448 TSval=2916033278 TSecr=3045553050 [TCP segment of a reassembled PDU]"
"7940","29.197783226","192.168.1.55","192.168.1.2","TCP","1514","8004  >  49896 [ACK] Seq=425902 Ack=141 Win=65024 Len=1448 TSval=2916033278 TSecr=3045553050 [TCP segment of a reassembled PDU]"
"7941","29.197784356","192.168.1.55","192.168.1.2","TCP","1514","8004  >  49896 [ACK] Seq=427350 Ack=141 Win=65024 Len=1448 TSval=2916033278 TSecr=3045553050 [TCP segment of a reassembled PDU]"
"7942","29.197785467","192.168.1.55","192.168.1.2","TCP","1514","8004  >  49896 [ACK] Seq=428798 Ack=141 Win=65024 Len=1448 TSval=2916033278 TSecr=3045553050 [TCP segment of a reassembled PDU]"
"7943","29.197786559","192.168.1.55","192.168.1.2","TCP","1514","8004  >  49896 [ACK] Seq=430246 Ack=141 Win=65024 Len=1448 TSval=2916033278 TSecr=3045553050 [TCP segment of a reassembled PDU]"
"7944","29.197787559","192.168.1.55","192.168.1.2","TCP","1514","8004  >  49896 [ACK] Seq=431694 Ack=141 Win=65024 Len=1448 TSval=2916033278 TSecr=3045553050 [TCP segment of a reassembled PDU]"
"7945","29.197788559","192.168.1.55","192.168.1.2","TCP","1514","8004  >  49896 [ACK] Seq=433142 Ack=141 Win=65024 Len=1448 TSval=2916033278 TSecr=3045553050 [TCP segment of a reassembled PDU]"
"7946","29.197789800","192.168.1.55","192.168.1.2","TCP","1514","8004  >  49896 [ACK] Seq=434590 Ack=141 Win=65024 Len=1448 TSval=2916033278 TSecr=3045553050 [TCP segment of a reassembled PDU]"
"7947","29.197790874","192.168.1.55","192.168.1.2","TCP","1514","8004  >  49896 [ACK] Seq=436038 Ack=141 Win=65024 Len=1448 TSval=2916033278 TSecr=3045553050 [TCP segment of a reassembled PDU]"
"7948","29.197791874","192.168.1.55","192.168.1.2","TCP","1514","8004  >  49896 [ACK] Seq=437486 Ack=141 Win=65024 Len=1448 TSval=2916033278 TSecr=3045553050 [TCP segment of a reassembled PDU]"
"7949","29.197792893","192.168.1.55","192.168.1.2","TCP","1514","8004  >  49896 [ACK] Seq=438934 Ack=141 Win=65024 Len=1448 TSval=2916033278 TSecr=3045553050 [TCP segment of a reassembled PDU]"
"7950","29.197794059","192.168.1.55","192.168.1.2","TCP","1514","8004  >  49896 [PSH, ACK] Seq=440382 Ack=141 Win=65024 Len=1448 TSval=2916033278 TSecr=3045553050 [TCP segment of a reassembled PDU]"
"7951","29.197880282","192.168.1.2","192.168.1.55","TCP","66","49896  >  8004 [ACK] Seq=141 Ack=302822 Win=147456 Len=0 TSval=3045553050 TSecr=2916033266"
"7952","29.197888948","192.168.1.2","192.168.1.55","TCP","66","49896  >  8004 [ACK] Seq=141 Ack=340470 Win=123904 Len=0 TSval=3045553050 TSecr=2916033266"
"7953","29.197894134","192.168.1.2","192.168.1.55","TCP","66","49896  >  8004 [ACK] Seq=141 Ack=341918 Win=154624 Len=0 TSval=3045553051 TSecr=2916033266"
"7954","29.197935856","192.168.1.55","192.168.1.2","TCP","1514","8004  >  49896 [ACK] Seq=441830 Ack=141 Win=65024 Len=1448 TSval=2916033278 TSecr=3045553051 [TCP segment of a reassembled PDU]"
"7955","29.197937652","192.168.1.55","192.168.1.2","TCP","1514","8004  >  49896 [ACK] Seq=443278 Ack=141 Win=65024 Len=1448 TSval=2916033278 TSecr=3045553051 [TCP segment of a reassembled PDU]"
"7956","29.197938652","192.168.1.55","192.168.1.2","TCP","1514","8004  >  49896 [ACK] Seq=444726 Ack=141 Win=65024 Len=1448 TSval=2916033278 TSecr=3045553051 [TCP segment of a reassembled PDU]"
"7957","29.197939652","192.168.1.55","192.168.1.2","TCP","1514","8004  >  49896 [ACK] Seq=446174 Ack=141 Win=65024 Len=1448 TSval=2916033278 TSecr=3045553051 [TCP segment of a reassembled PDU]"
"7958","29.197940800","192.168.1.55","192.168.1.2","TCP","1514","8004  >  49896 [ACK] Seq=447622 Ack=141 Win=65024 Len=1448 TSval=2916033278 TSecr=3045553051 [TCP segment of a reassembled PDU]"
"7959","29.197941856","192.168.1.55","192.168.1.2","TCP","1514","8004  >  49896 [ACK] Seq=449070 Ack=141 Win=65024 Len=1448 TSval=2916033278 TSecr=3045553051 [TCP segment of a reassembled PDU]"
"7960","29.197943134","192.168.1.55","192.168.1.2","TCP","1514","8004  >  49896 [ACK] Seq=450518 Ack=141 Win=65024 Len=1448 TSval=2916033278 TSecr=3045553051 [TCP segment of a reassembled PDU]"
"7961","29.197944245","192.168.1.55","192.168.1.2","TCP","1514","8004  >  49896 [ACK] Seq=451966 Ack=141 Win=65024 Len=1448 TSval=2916033278 TSecr=3045553051 [TCP segment of a reassembled PDU]"
"7962","29.197945485","192.168.1.55","192.168.1.2","TCP","1514","8004  >  49896 [ACK] Seq=453414 Ack=141 Win=65024 Len=1448 TSval=2916033278 TSecr=3045553051 [TCP segment of a reassembled PDU]"
"7963","29.197946615","192.168.1.55","192.168.1.2","TCP","1514","8004  >  49896 [ACK] Seq=454862 Ack=141 Win=65024 Len=1448 TSval=2916033278 TSecr=3045553051 [TCP segment of a reassembled PDU]"
"7964","29.197947652","192.168.1.55","192.168.1.2","TCP","1514","8004  >  49896 [ACK] Seq=456310 Ack=141 Win=65024 Len=1448 TSval=2916033278 TSecr=3045553051 [TCP segment of a reassembled PDU]"
"7965","29.197948800","192.168.1.55","192.168.1.2","TCP","1514","8004  >  49896 [ACK] Seq=457758 Ack=141 Win=65024 Len=1448 TSval=2916033278 TSecr=3045553051 [TCP segment of a reassembled PDU]"
"7966","29.197949800","192.168.1.55","192.168.1.2","TCP","1514","8004  >  49896 [ACK] Seq=459206 Ack=141 Win=65024 Len=1448 TSval=2916033278 TSecr=3045553051 [TCP segment of a reassembled PDU]"
"7967","29.197950856","192.168.1.55","192.168.1.2","TCP","1514","8004  >  49896 [ACK] Seq=460654 Ack=141 Win=65024 Len=1448 TSval=2916033278 TSecr=3045553051 [TCP segment of a reassembled PDU]"
"7968","29.197952245","192.168.1.55","192.168.1.2","TCP","1514","8004  >  49896 [ACK] Seq=462102 Ack=141 Win=65024 Len=1448 TSval=2916033278 TSecr=3045553051 [TCP segment of a reassembled PDU]"
"7969","29.197953430","192.168.1.55","192.168.1.2","TCP","1514","8004  >  49896 [ACK] Seq=463550 Ack=141 Win=65024 Len=1448 TSval=2916033278 TSecr=3045553051 [TCP segment of a reassembled PDU]"
"7970","29.197954597","192.168.1.55","192.168.1.2","TCP","1514","8004  >  49896 [ACK] Seq=464998 Ack=141 Win=65024 Len=1448 TSval=2916033278 TSecr=3045553051 [TCP segment of a reassembled PDU]"
"7971","29.197955615","192.168.1.55","192.168.1.2","TCP","1514","8004  >  49896 [ACK] Seq=466446 Ack=141 Win=65024 Len=1448 TSval=2916033278 TSecr=3045553051 [TCP segment of a reassembled PDU]"
"7972","29.197956745","192.168.1.55","192.168.1.2","TCP","1514","8004  >  49896 [ACK] Seq=467894 Ack=141 Win=65024 Len=1448 TSval=2916033278 TSecr=3045553051 [TCP segment of a reassembled PDU]"
"7973","29.197958023","192.168.1.55","192.168.1.2","TCP","1514","8004  >  49896 [ACK] Seq=469342 Ack=141 Win=65024 Len=1448 TSval=2916033278 TSecr=3045553051 [TCP segment of a reassembled PDU]"
"7974","29.197959078","192.168.1.55","192.168.1.2","TCP","1514","8004  >  49896 [ACK] Seq=470790 Ack=141 Win=65024 Len=1448 TSval=2916033278 TSecr=3045553051 [TCP segment of a reassembled PDU]"
"7975","29.197960282","192.168.1.55","192.168.1.2","TCP","1514","8004  >  49896 [ACK] Seq=472238 Ack=141 Win=65024 Len=1448 TSval=2916033278 TSecr=3045553051 [TCP segment of a reassembled PDU]"
"7976","29.197961282","192.168.1.55","192.168.1.2","TCP","1514","8004  >  49896 [ACK] Seq=473686 Ack=141 Win=65024 Len=1448 TSval=2916033278 TSecr=3045553051 [TCP segment of a reassembled PDU]"
"7977","29.197962300","192.168.1.55","192.168.1.2","TCP","1514","8004  >  49896 [ACK] Seq=475134 Ack=141 Win=65024 Len=1448 TSval=2916033278 TSecr=3045553051 [TCP segment of a reassembled PDU]"
"7978","29.197963411","192.168.1.55","192.168.1.2","TCP","1514","8004  >  49896 [ACK] Seq=476582 Ack=141 Win=65024 Len=1448 TSval=2916033278 TSecr=3045553051 [TCP segment of a reassembled PDU]"
"7979","29.197964430","192.168.1.55","192.168.1.2","TCP","1514","8004  >  49896 [ACK] Seq=478030 Ack=141 Win=65024 Len=1448 TSval=2916033278 TSecr=3045553051 [TCP segment of a reassembled PDU]"
"7980","29.197965448","192.168.1.55","192.168.1.2","TCP","1514","8004  >  49896 [ACK] Seq=479478 Ack=141 Win=65024 Len=1448 TSval=2916033278 TSecr=3045553051 [TCP segment of a reassembled PDU]"
"7981","29.197966615","192.168.1.55","192.168.1.2","TCP","1514","8004  >  49896 [ACK] Seq=480926 Ack=141 Win=65024 Len=1448 TSval=2916033278 TSecr=3045553051 [TCP segment of a reassembled PDU]"
"7982","29.197967634","192.168.1.55","192.168.1.2","TCP","1514","8004  >  49896 [ACK] Seq=482374 Ack=141 Win=65024 Len=1448 TSval=2916033278 TSecr=3045553051 [TCP segment of a reassembled PDU]"
"7983","29.197969208","192.168.1.55","192.168.1.2","TCP","1514","8004  >  49896 [ACK] Seq=483822 Ack=141 Win=65024 Len=1448 TSval=2916033278 TSecr=3045553051 [TCP segment of a reassembled PDU]"
"7984","29.197970208","192.168.1.55","192.168.1.2","TCP","1514","8004  >  49896 [ACK] Seq=485270 Ack=141 Win=65024 Len=1448 TSval=2916033278 TSecr=3045553051 [TCP segment of a reassembled PDU]"
"7985","29.197971523","192.168.1.55","192.168.1.2","TCP","1514","8004  >  49896 [PSH, ACK] Seq=486718 Ack=141 Win=65024 Len=1448 TSval=2916033278 TSecr=3045553051 [TCP segment of a reassembled PDU]"
"7986","29.207149963","192.168.1.2","192.168.1.55","TCP","66","49896  >  8004 [ACK] Seq=141 Ack=346262 Win=156672 Len=0 TSval=3045553051 TSecr=2916033266"
"7987","29.207182444","192.168.1.55","192.168.1.2","TCP","1514","8004  >  49896 [ACK] Seq=488166 Ack=141 Win=65024 Len=1448 TSval=2916033287 TSecr=3045553051 [TCP segment of a reassembled PDU]"
"7988","29.207185648","192.168.1.55","192.168.1.2","TCP","1514","8004  >  49896 [ACK] Seq=489614 Ack=141 Win=65024 Len=1448 TSval=2916033287 TSecr=3045553051 [TCP segment of a reassembled PDU]"
"7989","29.207187093","192.168.1.55","192.168.1.2","TCP","1514","8004  >  49896 [ACK] Seq=491062 Ack=141 Win=65024 Len=1448 TSval=2916033287 TSecr=3045553051 [TCP segment of a reassembled PDU]"
"7990","29.207187981","192.168.1.55","192.168.1.2","TCP","1514","8004  >  49896 [ACK] Seq=492510 Ack=141 Win=65024 Len=1448 TSval=2916033287 TSecr=3045553051 [TCP segment of a reassembled PDU]"
"7991","29.207188963","192.168.1.55","192.168.1.2","TCP","1514","8004  >  49896 [ACK] Seq=493958 Ack=141 Win=65024 Len=1448 TSval=2916033287 TSecr=3045553051 [TCP segment of a reassembled PDU]"
"7992","29.207189944","192.168.1.55","192.168.1.2","TCP","1514","8004  >  49896 [ACK] Seq=495406 Ack=141 Win=65024 Len=1448 TSval=2916033287 TSecr=3045553051 [TCP segment of a reassembled PDU]"
"7993","29.207190833","192.168.1.55","192.168.1.2","TCP","1514","8004  >  49896 [ACK] Seq=496854 Ack=141 Win=65024 Len=1448 TSval=2916033287 TSecr=3045553051 [TCP segment of a reassembled PDU]"
"7994","29.207191944","192.168.1.55","192.168.1.2","HTTP","1472","HTTP/1.0 200 OK  (PNG)"
"7995","29.207606538","192.168.1.2","192.168.1.55","TCP","66","49896  >  8004 [ACK] Seq=141 Ack=349158 Win=156672 Len=0 TSval=3045553055 TSecr=2916033276"
"7996","29.207612982","192.168.1.2","192.168.1.55","TCP","66","49896  >  8004 [ACK] Seq=141 Ack=373774 Win=138240 Len=0 TSval=3045553055 TSecr=2916033276"
"7997","29.207620093","192.168.1.2","192.168.1.55","TCP","66","49896  >  8004 [ACK] Seq=141 Ack=394046 Win=118784 Len=0 TSval=3045553055 TSecr=2916033276"
"7998","29.207623889","192.168.1.2","192.168.1.55","TCP","66","49896  >  8004 [ACK] Seq=141 Ack=395494 Win=158720 Len=0 TSval=3045553060 TSecr=2916033276"
"7999","29.207672501","192.168.1.2","192.168.1.55","TCP","66","49896  >  8004 [ACK] Seq=141 Ack=404182 Win=176128 Len=0 TSval=3045553060 TSecr=2916033278"
"8000","29.207676853","192.168.1.2","192.168.1.55","TCP","66","49896  >  8004 [ACK] Seq=141 Ack=441830 Win=179200 Len=0 TSval=3045553060 TSecr=2916033278"
"8001","29.207681556","192.168.1.2","192.168.1.55","TCP","66","49896  >  8004 [ACK] Seq=141 Ack=447622 Win=174080 Len=0 TSval=3045553060 TSecr=2916033278"
"8002","29.209550041","192.168.1.2","192.168.1.55","TCP","66","49896  >  8004 [ACK] Seq=141 Ack=488166 Win=176128 Len=0 TSval=3045553064 TSecr=2916033278"
"8003","29.209655707","192.168.1.2","192.168.1.55","TCP","66","49896  >  8004 [ACK] Seq=141 Ack=493958 Win=171008 Len=0 TSval=3045553065 TSecr=2916033287"
"8004","29.211392155","192.168.1.2","192.168.1.55","TCP","66","49896  >  8004 [ACK] Seq=141 Ack=495406 Win=181248 Len=0 TSval=3045553067 TSecr=2916033287"
"8005","29.211496951","192.168.1.2","192.168.1.55","TCP","66","49896  >  8004 [ACK] Seq=141 Ack=498302 Win=187392 Len=0 TSval=3045553067 TSecr=2916033287"
"8006","29.213250176","192.168.1.2","192.168.1.55","TCP","66","49896  >  8004 [FIN, ACK] Seq=141 Ack=499709 Win=190464 Len=0 TSval=3045553068 TSecr=2916033287"
"8007","29.213337324","192.168.1.55","192.168.1.2","TCP","66","8004  >  49896 [ACK] Seq=499709 Ack=142 Win=65024 Len=0 TSval=2916033293 TSecr=3045553068"
"8008","29.214627049","192.168.1.2","192.168.1.55","TCP","74","49900  >  8004 [SYN] Seq=0 Win=64240 Len=0 MSS=1460 SACK_PERM TSval=3045553069 TSecr=0 WS=1024"
"8009","29.214686456","192.168.1.55","192.168.1.2","TCP","74","8004  >  49900 [SYN, ACK] Seq=0 Ack=1 Win=65160 Len=0 MSS=1460 SACK_PERM TSval=2916033295 TSecr=3045553069 WS=128"
"8010","29.218542073","192.168.1.2","192.168.1.55","TCP","66","49900  >  8004 [ACK] Seq=1 Ack=1 Win=64512 Len=0 TSval=3045553073 TSecr=2916033295"
"8011","29.219477927","192.168.1.2","192.168.1.55","HTTP","209","GET /original_benchmark.png HTTP/1.1 "
"8012","29.219523334","192.168.1.55","192.168.1.2","TCP","66","8004  >  49900 [ACK] Seq=1 Ack=144 Win=65024 Len=0 TSval=2916033300 TSecr=3045553074"
"8013","29.220230983","192.168.1.55","192.168.1.2","TCP","255","8004  >  49900 [PSH, ACK] Seq=1 Ack=144 Win=65024 Len=189 TSval=2916033300 TSecr=3045553074 [TCP segment of a reassembled PDU]"
"8014","29.220389669","192.168.1.55","192.168.1.2","TCP","1514","8004  >  49900 [ACK] Seq=190 Ack=144 Win=65024 Len=1448 TSval=2916033301 TSecr=3045553074 [TCP segment of a reassembled PDU]"
"8015","29.220395132","192.168.1.55","192.168.1.2","TCP","1514","8004  >  49900 [ACK] Seq=1638 Ack=144 Win=65024 Len=1448 TSval=2916033301 TSecr=3045553074 [TCP segment of a reassembled PDU]"
"8016","29.220396613","192.168.1.55","192.168.1.2","TCP","1514","8004  >  49900 [ACK] Seq=3086 Ack=144 Win=65024 Len=1448 TSval=2916033301 TSecr=3045553074 [TCP segment of a reassembled PDU]"
"8017","29.220398058","192.168.1.55","192.168.1.2","TCP","1514","8004  >  49900 [ACK] Seq=4534 Ack=144 Win=65024 Len=1448 TSval=2916033301 TSecr=3045553074 [TCP segment of a reassembled PDU]"
"8018","29.220399372","192.168.1.55","192.168.1.2","TCP","1514","8004  >  49900 [PSH, ACK] Seq=5982 Ack=144 Win=65024 Len=1448 TSval=2916033301 TSecr=3045553074 [TCP segment of a reassembled PDU]"
"8019","29.220425613","192.168.1.55","192.168.1.2","TCP","1514","8004  >  49900 [ACK] Seq=7430 Ack=144 Win=65024 Len=1448 TSval=2916033301 TSecr=3045553074 [TCP segment of a reassembled PDU]"
"8020","29.220427206","192.168.1.55","192.168.1.2","TCP","1514","8004  >  49900 [ACK] Seq=8878 Ack=144 Win=65024 Len=1448 TSval=2916033301 TSecr=3045553074 [TCP segment of a reassembled PDU]"
"8021","29.220428928","192.168.1.55","192.168.1.2","TCP","1514","8004  >  49900 [ACK] Seq=10326 Ack=144 Win=65024 Len=1448 TSval=2916033301 TSecr=3045553074 [TCP segment of a reassembled PDU]"
"8022","29.220430076","192.168.1.55","192.168.1.2","TCP","1514","8004  >  49900 [PSH, ACK] Seq=11774 Ack=144 Win=65024 Len=1448 TSval=2916033301 TSecr=3045553074 [TCP segment of a reassembled PDU]"
"8023","29.223491174","192.168.1.2","192.168.1.55","TCP","66","49900  >  8004 [ACK] Seq=144 Ack=190 Win=64512 Len=0 TSval=3045553077 TSecr=2916033300"
"8024","29.223578451","192.168.1.55","192.168.1.2","TCP","1514","8004  >  49900 [ACK] Seq=13222 Ack=144 Win=65024 Len=1448 TSval=2916033304 TSecr=3045553077 [TCP segment of a reassembled PDU]"
"8025","29.223584822","192.168.1.55","192.168.1.2","TCP","1514","8004  >  49900 [PSH, ACK] Seq=14670 Ack=144 Win=65024 Len=1448 TSval=2916033304 TSecr=3045553077 [TCP segment of a reassembled PDU]"
"8026","29.223641452","192.168.1.2","192.168.1.55","TCP","66","49900  >  8004 [ACK] Seq=144 Ack=3086 Win=70656 Len=0 TSval=3045553078 TSecr=2916033301"
"8027","29.223707952","192.168.1.2","192.168.1.55","TCP","66","49900  >  8004 [ACK] Seq=144 Ack=5982 Win=76800 Len=0 TSval=3045553079 TSecr=2916033301"
"8028","29.223756304","192.168.1.55","192.168.1.2","TCP","1514","8004  >  49900 [ACK] Seq=16118 Ack=144 Win=65024 Len=1448 TSval=2916033304 TSecr=3045553079 [TCP segment of a reassembled PDU]"
"8029","29.223761229","192.168.1.55","192.168.1.2","TCP","1514","8004  >  49900 [ACK] Seq=17566 Ack=144 Win=65024 Len=1448 TSval=2916033304 TSecr=3045553079 [TCP segment of a reassembled PDU]"
"8030","29.223762433","192.168.1.55","192.168.1.2","TCP","1514","8004  >  49900 [ACK] Seq=19014 Ack=144 Win=65024 Len=1448 TSval=2916033304 TSecr=3045553079 [TCP segment of a reassembled PDU]"
"8031","29.223764118","192.168.1.55","192.168.1.2","TCP","1514","8004  >  49900 [ACK] Seq=20462 Ack=144 Win=65024 Len=1448 TSval=2916033304 TSecr=3045553079 [TCP segment of a reassembled PDU]"
"8032","29.223765581","192.168.1.55","192.168.1.2","TCP","1514","8004  >  49900 [ACK] Seq=21910 Ack=144 Win=65024 Len=1448 TSval=2916033304 TSecr=3045553079 [TCP segment of a reassembled PDU]"
"8033","29.223767396","192.168.1.55","192.168.1.2","TCP","1514","8004  >  49900 [ACK] Seq=23358 Ack=144 Win=65024 Len=1448 TSval=2916033304 TSecr=3045553079 [TCP segment of a reassembled PDU]"
"8034","29.223768600","192.168.1.55","192.168.1.2","TCP","1514","8004  >  49900 [PSH, ACK] Seq=24806 Ack=144 Win=65024 Len=1448 TSval=2916033304 TSecr=3045553079 [TCP segment of a reassembled PDU]"
"8035","29.224781972","192.168.1.2","192.168.1.55","TCP","66","49900  >  8004 [ACK] Seq=144 Ack=7430 Win=79872 Len=0 TSval=3045553079 TSecr=2916033301"
"8036","29.224891009","192.168.1.55","192.168.1.2","TCP","1514","8004  >  49900 [ACK] Seq=26254 Ack=144 Win=65024 Len=1448 TSval=2916033305 TSecr=3045553079 [TCP segment of a reassembled PDU]"
"8037","29.224903768","192.168.1.55","192.168.1.2","TCP","1514","8004  >  49900 [ACK] Seq=27702 Ack=144 Win=65024 Len=1448 TSval=2916033305 TSecr=3045553079 [TCP segment of a reassembled PDU]"
"8038","29.224904954","192.168.1.55","192.168.1.2","TCP","1514","8004  >  49900 [PSH, ACK] Seq=29150 Ack=144 Win=65024 Len=1448 TSval=2916033305 TSecr=3045553079 [TCP segment of a reassembled PDU]"
"8039","29.226595789","192.168.1.2","192.168.1.55","TCP","66","49900  >  8004 [ACK] Seq=144 Ack=13222 Win=88064 Len=0 TSval=3045553080 TSecr=2916033301"
"8040","29.226641382","192.168.1.55","192.168.1.2","TCP","1514","8004  >  49900 [ACK] Seq=30598 Ack=144 Win=65024 Len=1448 TSval=2916033307 TSecr=3045553080 [TCP segment of a reassembled PDU]"
"8041","29.226644641","192.168.1.55","192.168.1.2","TCP","1514","8004  >  49900 [ACK] Seq=32046 Ack=144 Win=65024 Len=1448 TSval=2916033307 TSecr=3045553080 [TCP segment of a reassembled PDU]"
"8042","29.226645827","192.168.1.55","192.168.1.2","TCP","1514","8004  >  49900 [ACK] Seq=33494 Ack=144 Win=65024 Len=1448 TSval=2916033307 TSecr=3045553080 [TCP segment of a reassembled PDU]"
"8043","29.226647049","192.168.1.55","192.168.1.2","TCP","1514","8004  >  49900 [ACK] Seq=34942 Ack=144 Win=65024 Len=1448 TSval=2916033307 TSecr=3045553080 [TCP segment of a reassembled PDU]"
"8044","29.226654715","192.168.1.55","192.168.1.2","TCP","1514","8004  >  49900 [ACK] Seq=36390 Ack=144 Win=65024 Len=1448 TSval=2916033307 TSecr=3045553080 [TCP segment of a reassembled PDU]"
"8045","29.226656271","192.168.1.55","192.168.1.2","TCP","1514","8004  >  49900 [ACK] Seq=37838 Ack=144 Win=65024 Len=1448 TSval=2916033307 TSecr=3045553080 [TCP segment of a reassembled PDU]"
"8046","29.226657438","192.168.1.55","192.168.1.2","TCP","1514","8004  >  49900 [ACK] Seq=39286 Ack=144 Win=65024 Len=1448 TSval=2916033307 TSecr=3045553080 [TCP segment of a reassembled PDU]"
"8047","29.226658493","192.168.1.55","192.168.1.2","TCP","1514","8004  >  49900 [PSH, ACK] Seq=40734 Ack=144 Win=65024 Len=1448 TSval=2916033307 TSecr=3045553080 [TCP segment of a reassembled PDU]"
"8048","29.228779015","192.168.1.2","192.168.1.55","TCP","66","49900  >  8004 [ACK] Seq=144 Ack=16118 Win=90112 Len=0 TSval=3045553083 TSecr=2916033304"
"8049","29.228808793","192.168.1.55","192.168.1.2","TCP","1514","8004  >  49900 [ACK] Seq=42182 Ack=144 Win=65024 Len=1448 TSval=2916033309 TSecr=3045553083 [TCP segment of a reassembled PDU]"
"8050","29.228812163","192.168.1.55","192.168.1.2","TCP","1514","8004  >  49900 [PSH, ACK] Seq=43630 Ack=144 Win=65024 Len=1448 TSval=2916033309 TSecr=3045553083 [TCP segment of a reassembled PDU]"
"8051","29.229045404","192.168.1.2","192.168.1.55","TCP","66","49900  >  8004 [ACK] Seq=144 Ack=26254 Win=81920 Len=0 TSval=3045553083 TSecr=2916033304"
"8052","29.229053479","192.168.1.2","192.168.1.55","TCP","66","49900  >  8004 [ACK] Seq=144 Ack=29150 Win=90112 Len=0 TSval=3045553083 TSecr=2916033305"
"8053","29.229057164","192.168.1.2","192.168.1.55","TCP","66","49900  >  8004 [ACK] Seq=144 Ack=30598 Win=90112 Len=0 TSval=3045553083 TSecr=2916033305"
"8054","29.229112016","192.168.1.55","192.168.1.2","TCP","1514","8004  >  49900 [ACK] Seq=45078 Ack=144 Win=65024 Len=1448 TSval=2916033309 TSecr=3045553083 [TCP segment of a reassembled PDU]"
"8055","29.229119682","192.168.1.55","192.168.1.2","TCP","1514","8004  >  49900 [ACK] Seq=46526 Ack=144 Win=65024 Len=1448 TSval=2916033309 TSecr=3045553083 [TCP segment of a reassembled PDU]"
"8056","29.229120886","192.168.1.55","192.168.1.2","TCP","1514","8004  >  49900 [ACK] Seq=47974 Ack=144 Win=65024 Len=1448 TSval=2916033309 TSecr=3045553083 [TCP segment of a reassembled PDU]"
"8057","29.229122553","192.168.1.55","192.168.1.2","TCP","1514","8004  >  49900 [ACK] Seq=49422 Ack=144 Win=65024 Len=1448 TSval=2916033309 TSecr=3045553083 [TCP segment of a reassembled PDU]"
"8058","29.229124368","192.168.1.55","192.168.1.2","TCP","1514","8004  >  49900 [ACK] Seq=50870 Ack=144 Win=65024 Len=1448 TSval=2916033309 TSecr=3045553083 [TCP segment of a reassembled PDU]"
"8059","29.229127423","192.168.1.55","192.168.1.2","TCP","1514","8004  >  49900 [ACK] Seq=52318 Ack=144 Win=65024 Len=1448 TSval=2916033309 TSecr=3045553083 [TCP segment of a reassembled PDU]"
"8060","29.229128997","192.168.1.55","192.168.1.2","TCP","1514","8004  >  49900 [ACK] Seq=53766 Ack=144 Win=65024 Len=1448 TSval=2916033309 TSecr=3045553083 [TCP segment of a reassembled PDU]"
"8061","29.229130293","192.168.1.55","192.168.1.2","TCP","1514","8004  >  49900 [ACK] Seq=55214 Ack=144 Win=65024 Len=1448 TSval=2916033309 TSecr=3045553083 [TCP segment of a reassembled PDU]"
"8062","29.229131645","192.168.1.55","192.168.1.2","TCP","1514","8004  >  49900 [ACK] Seq=56662 Ack=144 Win=65024 Len=1448 TSval=2916033309 TSecr=3045553083 [TCP segment of a reassembled PDU]"
"8063","29.229133256","192.168.1.55","192.168.1.2","TCP","1514","8004  >  49900 [ACK] Seq=58110 Ack=144 Win=65024 Len=1448 TSval=2916033309 TSecr=3045553083 [TCP segment of a reassembled PDU]"
"8064","29.229134516","192.168.1.55","192.168.1.2","TCP","1514","8004  >  49900 [ACK] Seq=59558 Ack=144 Win=65024 Len=1448 TSval=2916033309 TSecr=3045553083 [TCP segment of a reassembled PDU]"
"8065","29.229138516","192.168.1.55","192.168.1.2","TCP","1514","8004  >  49900 [ACK] Seq=61006 Ack=144 Win=65024 Len=1448 TSval=2916033309 TSecr=3045553083 [TCP segment of a reassembled PDU]"
"8066","29.229140182","192.168.1.55","192.168.1.2","TCP","1514","8004  >  49900 [ACK] Seq=62454 Ack=144 Win=65024 Len=1448 TSval=2916033309 TSecr=3045553083 [TCP segment of a reassembled PDU]"
"8067","29.229141442","192.168.1.55","192.168.1.2","TCP","1514","8004  >  49900 [PSH, ACK] Seq=63902 Ack=144 Win=65024 Len=1448 TSval=2916033309 TSecr=3045553083 [TCP segment of a reassembled PDU]"
"8068","29.229170219","192.168.1.55","192.168.1.2","TCP","1514","8004  >  49900 [ACK] Seq=65350 Ack=144 Win=65024 Len=1448 TSval=2916033309 TSecr=3045553083 [TCP segment of a reassembled PDU]"
"8069","29.229172812","192.168.1.55","192.168.1.2","TCP","1514","8004  >  49900 [ACK] Seq=66798 Ack=144 Win=65024 Len=1448 TSval=2916033309 TSecr=3045553083 [TCP segment of a reassembled PDU]"
"8070","29.229174812","192.168.1.55","192.168.1.2","TCP","1514","8004  >  49900 [ACK] Seq=68246 Ack=144 Win=65024 Len=1448 TSval=2916033309 TSecr=3045553083 [TCP segment of a reassembled PDU]"
"8071","29.229176016","192.168.1.55","192.168.1.2","TCP","1514","8004  >  49900 [ACK] Seq=69694 Ack=144 Win=65024 Len=1448 TSval=2916033309 TSecr=3045553083 [TCP segment of a reassembled PDU]"
"8072","29.229177164","192.168.1.55","192.168.1.2","TCP","1514","8004  >  49900 [ACK] Seq=71142 Ack=144 Win=65024 Len=1448 TSval=2916033309 TSecr=3045553083 [TCP segment of a reassembled PDU]"
"8073","29.229178294","192.168.1.55","192.168.1.2","TCP","1514","8004  >  49900 [ACK] Seq=72590 Ack=144 Win=65024 Len=1448 TSval=2916033309 TSecr=3045553083 [TCP segment of a reassembled PDU]"
"8074","29.229179405","192.168.1.55","192.168.1.2","TCP","1514","8004  >  49900 [ACK] Seq=74038 Ack=144 Win=65024 Len=1448 TSval=2916033309 TSecr=3045553083 [TCP segment of a reassembled PDU]"
"8075","29.229180682","192.168.1.55","192.168.1.2","TCP","1514","8004  >  49900 [PSH, ACK] Seq=75486 Ack=144 Win=65024 Len=1448 TSval=2916033309 TSecr=3045553083 [TCP segment of a reassembled PDU]"
"8076","29.233823782","192.168.1.2","192.168.1.55","TCP","66","49900  >  8004 [ACK] Seq=144 Ack=42182 Win=81920 Len=0 TSval=3045553088 TSecr=2916033307"
"8077","29.233870708","192.168.1.55","192.168.1.2","TCP","1514","8004  >  49900 [ACK] Seq=76934 Ack=144 Win=65024 Len=1448 TSval=2916033314 TSecr=3045553088 [TCP segment of a reassembled PDU]"
"8078","29.233873745","192.168.1.55","192.168.1.2","TCP","1514","8004  >  49900 [ACK] Seq=78382 Ack=144 Win=65024 Len=1448 TSval=2916033314 TSecr=3045553088 [TCP segment of a reassembled PDU]"
"8079","29.233875264","192.168.1.55","192.168.1.2","TCP","1514","8004  >  49900 [ACK] Seq=79830 Ack=144 Win=65024 Len=1448 TSval=2916033314 TSecr=3045553088 [TCP segment of a reassembled PDU]"
"8080","29.233877079","192.168.1.55","192.168.1.2","TCP","1514","8004  >  49900 [ACK] Seq=81278 Ack=144 Win=65024 Len=1448 TSval=2916033314 TSecr=3045553088 [TCP segment of a reassembled PDU]"
"8081","29.233878912","192.168.1.55","192.168.1.2","TCP","1514","8004  >  49900 [ACK] Seq=82726 Ack=144 Win=65024 Len=1448 TSval=2916033314 TSecr=3045553088 [TCP segment of a reassembled PDU]"
"8082","29.233880856","192.168.1.55","192.168.1.2","TCP","1514","8004  >  49900 [ACK] Seq=84174 Ack=144 Win=65024 Len=1448 TSval=2916033314 TSecr=3045553088 [TCP segment of a reassembled PDU]"
"8083","29.233882968","192.168.1.55","192.168.1.2","TCP","1514","8004  >  49900 [ACK] Seq=85622 Ack=144 Win=65024 Len=1448 TSval=2916033314 TSecr=3045553088 [TCP segment of a reassembled PDU]"
"8084","29.233884949","192.168.1.55","192.168.1.2","TCP","1514","8004  >  49900 [ACK] Seq=87070 Ack=144 Win=65024 Len=1448 TSval=2916033314 TSecr=3045553088 [TCP segment of a reassembled PDU]"
"8085","29.233886579","192.168.1.55","192.168.1.2","TCP","1514","8004  >  49900 [ACK] Seq=88518 Ack=144 Win=65024 Len=1448 TSval=2916033314 TSecr=3045553088 [TCP segment of a reassembled PDU]"
"8086","29.233888727","192.168.1.55","192.168.1.2","TCP","1514","8004  >  49900 [ACK] Seq=89966 Ack=144 Win=65024 Len=1448 TSval=2916033314 TSecr=3045553088 [TCP segment of a reassembled PDU]"
"8087","29.233890412","192.168.1.55","192.168.1.2","TCP","1514","8004  >  49900 [ACK] Seq=91414 Ack=144 Win=65024 Len=1448 TSval=2916033314 TSecr=3045553088 [TCP segment of a reassembled PDU]"
"8088","29.233891616","192.168.1.55","192.168.1.2","TCP","1514","8004  >  49900 [ACK] Seq=92862 Ack=144 Win=65024 Len=1448 TSval=2916033314 TSecr=3045553088 [TCP segment of a reassembled PDU]"
"8089","29.233893523","192.168.1.55","192.168.1.2","TCP","1514","8004  >  49900 [ACK] Seq=94310 Ack=144 Win=65024 Len=1448 TSval=2916033314 TSecr=3045553088 [TCP segment of a reassembled PDU]"
"8090","29.233896079","192.168.1.55","192.168.1.2","TCP","1514","8004  >  49900 [ACK] Seq=95758 Ack=144 Win=65024 Len=1448 TSval=2916033314 TSecr=3045553088 [TCP segment of a reassembled PDU]"
"8091","29.233897190","192.168.1.55","192.168.1.2","TCP","1514","8004  >  49900 [ACK] Seq=97206 Ack=144 Win=65024 Len=1448 TSval=2916033314 TSecr=3045553088 [TCP segment of a reassembled PDU]"
"8092","29.233899523","192.168.1.55","192.168.1.2","TCP","1514","8004  >  49900 [PSH, ACK] Seq=98654 Ack=144 Win=65024 Len=1448 TSval=2916033314 TSecr=3045553088 [TCP segment of a reassembled PDU]"
"8093","29.233953727","192.168.1.2","192.168.1.55","TCP","66","49900  >  8004 [ACK] Seq=144 Ack=65350 Win=71680 Len=0 TSval=3045553088 TSecr=2916033309"
"8094","29.233989542","192.168.1.55","192.168.1.2","TCP","1514","8004  >  49900 [ACK] Seq=100102 Ack=144 Win=65024 Len=1448 TSval=2916033314 TSecr=3045553088 [TCP segment of a reassembled PDU]"
"8095","29.233992505","192.168.1.55","192.168.1.2","TCP","1514","8004  >  49900 [ACK] Seq=101550 Ack=144 Win=65024 Len=1448 TSval=2916033314 TSecr=3045553088 [TCP segment of a reassembled PDU]"
"8096","29.233993875","192.168.1.55","192.168.1.2","TCP","1514","8004  >  49900 [ACK] Seq=102998 Ack=144 Win=65024 Len=1448 TSval=2916033314 TSecr=3045553088 [TCP segment of a reassembled PDU]"
"8097","29.233995301","192.168.1.55","192.168.1.2","TCP","1514","8004  >  49900 [ACK] Seq=104446 Ack=144 Win=65024 Len=1448 TSval=2916033314 TSecr=3045553088 [TCP segment of a reassembled PDU]"
"8098","29.233997412","192.168.1.55","192.168.1.2","TCP","1514","8004  >  49900 [ACK] Seq=105894 Ack=144 Win=65024 Len=1448 TSval=2916033314 TSecr=3045553088 [TCP segment of a reassembled PDU]"
"8099","29.233999338","192.168.1.55","192.168.1.2","TCP","1514","8004  >  49900 [ACK] Seq=107342 Ack=144 Win=65024 Len=1448 TSval=2916033314 TSecr=3045553088 [TCP segment of a reassembled PDU]"
"8100","29.234001764","192.168.1.55","192.168.1.2","TCP","1514","8004  >  49900 [ACK] Seq=108790 Ack=144 Win=65024 Len=1448 TSval=2916033314 TSecr=3045553088 [TCP segment of a reassembled PDU]"
"8101","29.234003653","192.168.1.55","192.168.1.2","TCP","1514","8004  >  49900 [ACK] Seq=110238 Ack=144 Win=65024 Len=1448 TSval=2916033314 TSecr=3045553088 [TCP segment of a reassembled PDU]"
"8102","29.234005171","192.168.1.55","192.168.1.2","TCP","1514","8004  >  49900 [ACK] Seq=111686 Ack=144 Win=65024 Len=1448 TSval=2916033314 TSecr=3045553088 [TCP segment of a reassembled PDU]"
"8103","29.234006523","192.168.1.55","192.168.1.2","TCP","1514","8004  >  49900 [ACK] Seq=113134 Ack=144 Win=65024 Len=1448 TSval=2916033314 TSecr=3045553088 [TCP segment of a reassembled PDU]"
"8104","29.234008134","192.168.1.55","192.168.1.2","TCP","1514","8004  >  49900 [ACK] Seq=114582 Ack=144 Win=65024 Len=1448 TSval=2916033314 TSecr=3045553088 [TCP segment of a reassembled PDU]"
"8105","29.234009968","192.168.1.55","192.168.1.2","TCP","1514","8004  >  49900 [ACK] Seq=116030 Ack=144 Win=65024 Len=1448 TSval=2916033314 TSecr=3045553088 [TCP segment of a reassembled PDU]"
"8106","29.234011431","192.168.1.55","192.168.1.2","TCP","1514","8004  >  49900 [ACK] Seq=117478 Ack=144 Win=65024 Len=1448 TSval=2916033314 TSecr=3045553088 [TCP segment of a reassembled PDU]"
"8107","29.234012820","192.168.1.55","192.168.1.2","TCP","1514","8004  >  49900 [ACK] Seq=118926 Ack=144 Win=65024 Len=1448 TSval=2916033314 TSecr=3045553088 [TCP segment of a reassembled PDU]"
"8108","29.234015079","192.168.1.55","192.168.1.2","TCP","1514","8004  >  49900 [PSH, ACK] Seq=120374 Ack=144 Win=65024 Len=1448 TSval=2916033314 TSecr=3045553088 [TCP segment of a reassembled PDU]"
"8109","29.234020783","192.168.1.2","192.168.1.55","TCP","66","49900  >  8004 [ACK] Seq=144 Ack=72590 Win=64512 Len=0 TSval=3045553088 TSecr=2916033309"
"8110","29.235237377","192.168.1.55","192.168.1.2","TCP","1514","8004  >  49900 [ACK] Seq=121822 Ack=144 Win=65024 Len=1448 TSval=2916033315 TSecr=3045553088 [TCP segment of a reassembled PDU]"
"8111","29.235243729","192.168.1.55","192.168.1.2","TCP","1514","8004  >  49900 [ACK] Seq=123270 Ack=144 Win=65024 Len=1448 TSval=2916033315 TSecr=3045553088 [TCP segment of a reassembled PDU]"
"8112","29.235245081","192.168.1.55","192.168.1.2","TCP","1514","8004  >  49900 [ACK] Seq=124718 Ack=144 Win=65024 Len=1448 TSval=2916033315 TSecr=3045553088 [TCP segment of a reassembled PDU]"
"8113","29.235246229","192.168.1.55","192.168.1.2","TCP","1514","8004  >  49900 [ACK] Seq=126166 Ack=144 Win=65024 Len=1448 TSval=2916033315 TSecr=3045553088 [TCP segment of a reassembled PDU]"
"8114","29.235247970","192.168.1.55","192.168.1.2","TCP","1514","8004  >  49900 [ACK] Seq=127614 Ack=144 Win=65024 Len=1448 TSval=2916033315 TSecr=3045553088 [TCP segment of a reassembled PDU]"
"8115","29.235249747","192.168.1.55","192.168.1.2","TCP","1514","8004  >  49900 [ACK] Seq=129062 Ack=144 Win=65024 Len=1448 TSval=2916033315 TSecr=3045553088 [TCP segment of a reassembled PDU]"
"8116","29.235251507","192.168.1.55","192.168.1.2","TCP","1514","8004  >  49900 [ACK] Seq=130510 Ack=144 Win=65024 Len=1448 TSval=2916033315 TSecr=3045553088 [TCP segment of a reassembled PDU]"
"8117","29.235252655","192.168.1.55","192.168.1.2","TCP","1514","8004  >  49900 [ACK] Seq=131958 Ack=144 Win=65024 Len=1448 TSval=2916033315 TSecr=3045553088 [TCP segment of a reassembled PDU]"
"8118","29.235253747","192.168.1.55","192.168.1.2","TCP","1514","8004  >  49900 [ACK] Seq=133406 Ack=144 Win=65024 Len=1448 TSval=2916033315 TSecr=3045553088 [TCP segment of a reassembled PDU]"
"8119","29.235255303","192.168.1.55","192.168.1.2","TCP","1514","8004  >  49900 [ACK] Seq=134854 Ack=144 Win=65024 Len=1448 TSval=2916033315 TSecr=3045553088 [TCP segment of a reassembled PDU]"
"8120","29.235256599","192.168.1.55","192.168.1.2","TCP","866","[TCP Window Full] 8004  >  49900 [PSH, ACK] Seq=136302 Ack=144 Win=65024 Len=800 TSval=2916033315 TSecr=3045553088 [TCP segment of a reassembled PDU]"
"8121","29.238411326","192.168.1.2","192.168.1.55","TCP","66","49900  >  8004 [ACK] Seq=144 Ack=74038 Win=90112 Len=0 TSval=3045553089 TSecr=2916033309"
"8122","29.238455289","192.168.1.55","192.168.1.2","TCP","1514","8004  >  49900 [ACK] Seq=137102 Ack=144 Win=65024 Len=1448 TSval=2916033319 TSecr=3045553089 [TCP segment of a reassembled PDU]"
"8123","29.238458789","192.168.1.55","192.168.1.2","TCP","1514","8004  >  49900 [ACK] Seq=138550 Ack=144 Win=65024 Len=1448 TSval=2916033319 TSecr=3045553089 [TCP segment of a reassembled PDU]"
"8124","29.238460049","192.168.1.55","192.168.1.2","TCP","1514","8004  >  49900 [ACK] Seq=139998 Ack=144 Win=65024 Len=1448 TSval=2916033319 TSecr=3045553089 [TCP segment of a reassembled PDU]"
"8125","29.238461345","192.168.1.55","192.168.1.2","TCP","1514","8004  >  49900 [ACK] Seq=141446 Ack=144 Win=65024 Len=1448 TSval=2916033319 TSecr=3045553089 [TCP segment of a reassembled PDU]"
"8126","29.238462530","192.168.1.55","192.168.1.2","TCP","1514","8004  >  49900 [ACK] Seq=142894 Ack=144 Win=65024 Len=1448 TSval=2916033319 TSecr=3045553089 [TCP segment of a reassembled PDU]"
"8127","29.238463734","192.168.1.55","192.168.1.2","TCP","1514","8004  >  49900 [ACK] Seq=144342 Ack=144 Win=65024 Len=1448 TSval=2916033319 TSecr=3045553089 [TCP segment of a reassembled PDU]"
"8128","29.238464975","192.168.1.55","192.168.1.2","TCP","1514","8004  >  49900 [ACK] Seq=145790 Ack=144 Win=65024 Len=1448 TSval=2916033319 TSecr=3045553089 [TCP segment of a reassembled PDU]"
"8129","29.238466234","192.168.1.55","192.168.1.2","TCP","1514","8004  >  49900 [ACK] Seq=147238 Ack=144 Win=65024 Len=1448 TSval=2916033319 TSecr=3045553089 [TCP segment of a reassembled PDU]"
"8130","29.238467530","192.168.1.55","192.168.1.2","TCP","1514","8004  >  49900 [ACK] Seq=148686 Ack=144 Win=65024 Len=1448 TSval=2916033319 TSecr=3045553089 [TCP segment of a reassembled PDU]"
"8131","29.238468901","192.168.1.55","192.168.1.2","TCP","1514","8004  >  49900 [ACK] Seq=150134 Ack=144 Win=65024 Len=1448 TSval=2916033319 TSecr=3045553089 [TCP segment of a reassembled PDU]"
"8132","29.238470067","192.168.1.55","192.168.1.2","TCP","1514","8004  >  49900 [ACK] Seq=151582 Ack=144 Win=65024 Len=1448 TSval=2916033319 TSecr=3045553089 [TCP segment of a reassembled PDU]"
"8133","29.238471401","192.168.1.55","192.168.1.2","TCP","1514","8004  >  49900 [ACK] Seq=153030 Ack=144 Win=65024 Len=1448 TSval=2916033319 TSecr=3045553089 [TCP segment of a reassembled PDU]"
"8134","29.238472549","192.168.1.55","192.168.1.2","TCP","1514","8004  >  49900 [ACK] Seq=154478 Ack=144 Win=65024 Len=1448 TSval=2916033319 TSecr=3045553089 [TCP segment of a reassembled PDU]"
"8135","29.238473715","192.168.1.55","192.168.1.2","TCP","1514","8004  >  49900 [ACK] Seq=155926 Ack=144 Win=65024 Len=1448 TSval=2916033319 TSecr=3045553089 [TCP segment of a reassembled PDU]"
"8136","29.238474975","192.168.1.55","192.168.1.2","TCP","1514","8004  >  49900 [ACK] Seq=157374 Ack=144 Win=65024 Len=1448 TSval=2916033319 TSecr=3045553089 [TCP segment of a reassembled PDU]"
"8137","29.238476512","192.168.1.55","192.168.1.2","TCP","1514","8004  >  49900 [ACK] Seq=158822 Ack=144 Win=65024 Len=1448 TSval=2916033319 TSecr=3045553089 [TCP segment of a reassembled PDU]"
"8138","29.238477808","192.168.1.55","192.168.1.2","TCP","1514","8004  >  49900 [ACK] Seq=160270 Ack=144 Win=65024 Len=1448 TSval=2916033319 TSecr=3045553089 [TCP segment of a reassembled PDU]"
"8139","29.238478975","192.168.1.55","192.168.1.2","TCP","1514","8004  >  49900 [PSH, ACK] Seq=161718 Ack=144 Win=65024 Len=1448 TSval=2916033319 TSecr=3045553089 [TCP segment of a reassembled PDU]"
"8140","29.238517975","192.168.1.2","192.168.1.55","TCP","66","49900  >  8004 [ACK] Seq=144 Ack=76934 Win=90112 Len=0 TSval=3045553089 TSecr=2916033309"
"8141","29.238529530","192.168.1.55","192.168.1.2","TCP","1514","8004  >  49900 [ACK] Seq=163166 Ack=144 Win=65024 Len=1448 TSval=2916033319 TSecr=3045553089 [TCP segment of a reassembled PDU]"
"8142","29.238531123","192.168.1.55","192.168.1.2","TCP","1514","8004  >  49900 [PSH, ACK] Seq=164614 Ack=144 Win=65024 Len=1448 TSval=2916033319 TSecr=3045553089 [TCP segment of a reassembled PDU]"
"8143","29.238536178","192.168.1.55","192.168.1.2","TCP","714","8004  >  49900 [ACK] Seq=166062 Ack=144 Win=65024 Len=648 TSval=2916033319 TSecr=3045553089 [TCP segment of a reassembled PDU]"
"8144","29.240149311","192.168.1.2","192.168.1.55","TCP","66","49900  >  8004 [ACK] Seq=144 Ack=100102 Win=69632 Len=0 TSval=3045553094 TSecr=2916033314"
"8145","29.240160125","192.168.1.55","192.168.1.2","TCP","1514","8004  >  49900 [ACK] Seq=166710 Ack=144 Win=65024 Len=1448 TSval=2916033320 TSecr=3045553094 [TCP segment of a reassembled PDU]"
"8146","29.240162348","192.168.1.55","192.168.1.2","TCP","1514","8004  >  49900 [PSH, ACK] Seq=168158 Ack=144 Win=65024 Len=1448 TSval=2916033320 TSecr=3045553094 [TCP segment of a reassembled PDU]"
"8147","29.240336292","192.168.1.2","192.168.1.55","TCP","66","49900  >  8004 [ACK] Seq=144 Ack=121822 Win=49152 Len=0 TSval=3045553094 TSecr=2916033314"
"8148","29.242297407","192.168.1.2","192.168.1.55","TCP","66","49900  >  8004 [ACK] Seq=144 Ack=137102 Win=34816 Len=0 TSval=3045553097 TSecr=2916033315"
"8149","29.242305833","192.168.1.55","192.168.1.2","TCP","1514","8004  >  49900 [ACK] Seq=169606 Ack=144 Win=65024 Len=1448 TSval=2916033323 TSecr=3045553097 [TCP segment of a reassembled PDU]"
"8150","29.242440111","192.168.1.2","192.168.1.55","TCP","66","[TCP Window Update] 49900  >  8004 [ACK] Seq=144 Ack=137102 Win=76800 Len=0 TSval=3045553097 TSecr=2916033315"
"8151","29.242468999","192.168.1.55","192.168.1.2","TCP","1514","8004  >  49900 [ACK] Seq=171054 Ack=144 Win=65024 Len=1448 TSval=2916033323 TSecr=3045553097 [TCP segment of a reassembled PDU]"
"8152","29.242471333","192.168.1.55","192.168.1.2","TCP","1514","8004  >  49900 [ACK] Seq=172502 Ack=144 Win=65024 Len=1448 TSval=2916033323 TSecr=3045553097 [TCP segment of a reassembled PDU]"
"8153","29.242473074","192.168.1.55","192.168.1.2","TCP","1514","8004  >  49900 [ACK] Seq=173950 Ack=144 Win=65024 Len=1448 TSval=2916033323 TSecr=3045553097 [TCP segment of a reassembled PDU]"
"8154","29.242474203","192.168.1.55","192.168.1.2","TCP","1514","8004  >  49900 [ACK] Seq=175398 Ack=144 Win=65024 Len=1448 TSval=2916033323 TSecr=3045553097 [TCP segment of a reassembled PDU]"
"8155","29.242475518","192.168.1.55","192.168.1.2","TCP","1514","8004  >  49900 [ACK] Seq=176846 Ack=144 Win=65024 Len=1448 TSval=2916033323 TSecr=3045553097 [TCP segment of a reassembled PDU]"
"8156","29.242476740","192.168.1.55","192.168.1.2","TCP","1514","8004  >  49900 [ACK] Seq=178294 Ack=144 Win=65024 Len=1448 TSval=2916033323 TSecr=3045553097 [TCP segment of a reassembled PDU]"
"8157","29.242477888","192.168.1.55","192.168.1.2","TCP","1514","8004  >  49900 [ACK] Seq=179742 Ack=144 Win=65024 Len=1448 TSval=2916033323 TSecr=3045553097 [TCP segment of a reassembled PDU]"
"8158","29.242479074","192.168.1.55","192.168.1.2","TCP","1514","8004  >  49900 [ACK] Seq=181190 Ack=144 Win=65024 Len=1448 TSval=2916033323 TSecr=3045553097 [TCP segment of a reassembled PDU]"
"8159","29.242480518","192.168.1.55","192.168.1.2","TCP","1514","8004  >  49900 [ACK] Seq=182638 Ack=144 Win=65024 Len=1448 TSval=2916033323 TSecr=3045553097 [TCP segment of a reassembled PDU]"
"8160","29.242481648","192.168.1.55","192.168.1.2","TCP","1514","8004  >  49900 [ACK] Seq=184086 Ack=144 Win=65024 Len=1448 TSval=2916033323 TSecr=3045553097 [TCP segment of a reassembled PDU]"
"8161","29.242482999","192.168.1.55","192.168.1.2","TCP","1514","8004  >  49900 [ACK] Seq=185534 Ack=144 Win=65024 Len=1448 TSval=2916033323 TSecr=3045553097 [TCP segment of a reassembled PDU]"
"8162","29.242484129","192.168.1.55","192.168.1.2","TCP","1514","8004  >  49900 [ACK] Seq=186982 Ack=144 Win=65024 Len=1448 TSval=2916033323 TSecr=3045553097 [TCP segment of a reassembled PDU]"
"8163","29.242485351","192.168.1.55","192.168.1.2","TCP","1514","8004  >  49900 [ACK] Seq=188430 Ack=144 Win=65024 Len=1448 TSval=2916033323 TSecr=3045553097 [TCP segment of a reassembled PDU]"
"8164","29.242486574","192.168.1.55","192.168.1.2","TCP","1514","8004  >  49900 [ACK] Seq=189878 Ack=144 Win=65024 Len=1448 TSval=2916033323 TSecr=3045553097 [TCP segment of a reassembled PDU]"
"8165","29.242488092","192.168.1.55","192.168.1.2","TCP","1514","8004  >  49900 [ACK] Seq=191326 Ack=144 Win=65024 Len=1448 TSval=2916033323 TSecr=3045553097 [TCP segment of a reassembled PDU]"
"8166","29.242489407","192.168.1.55","192.168.1.2","TCP","1514","8004  >  49900 [ACK] Seq=192774 Ack=144 Win=65024 Len=1448 TSval=2916033323 TSecr=3045553097 [TCP segment of a reassembled PDU]"
"8167","29.242490740","192.168.1.55","192.168.1.2","TCP","1514","8004  >  49900 [ACK] Seq=194222 Ack=144 Win=65024 Len=1448 TSval=2916033323 TSecr=3045553097 [TCP segment of a reassembled PDU]"
"8168","29.242491888","192.168.1.55","192.168.1.2","TCP","1514","8004  >  49900 [ACK] Seq=195670 Ack=144 Win=65024 Len=1448 TSval=2916033323 TSecr=3045553097 [TCP segment of a reassembled PDU]"
"8169","29.242493148","192.168.1.55","192.168.1.2","TCP","1514","8004  >  49900 [ACK] Seq=197118 Ack=144 Win=65024 Len=1448 TSval=2916033323 TSecr=3045553097 [TCP segment of a reassembled PDU]"
"8170","29.242494314","192.168.1.55","192.168.1.2","TCP","1514","8004  >  49900 [ACK] Seq=198566 Ack=144 Win=65024 Len=1448 TSval=2916033323 TSecr=3045553097 [TCP segment of a reassembled PDU]"
"8171","29.242495592","192.168.1.55","192.168.1.2","TCP","1514","8004  >  49900 [ACK] Seq=200014 Ack=144 Win=65024 Len=1448 TSval=2916033323 TSecr=3045553097 [TCP segment of a reassembled PDU]"
"8172","29.242496740","192.168.1.55","192.168.1.2","TCP","1514","8004  >  49900 [ACK] Seq=201462 Ack=144 Win=65024 Len=1448 TSval=2916033323 TSecr=3045553097 [TCP segment of a reassembled PDU]"
"8173","29.242497888","192.168.1.55","192.168.1.2","TCP","1514","8004  >  49900 [ACK] Seq=202910 Ack=144 Win=65024 Len=1448 TSval=2916033323 TSecr=3045553097 [TCP segment of a reassembled PDU]"
"8174","29.242499222","192.168.1.55","192.168.1.2","TCP","1514","8004  >  49900 [ACK] Seq=204358 Ack=144 Win=65024 Len=1448 TSval=2916033323 TSecr=3045553097 [TCP segment of a reassembled PDU]"
"8175","29.242500425","192.168.1.55","192.168.1.2","TCP","1514","8004  >  49900 [ACK] Seq=205806 Ack=144 Win=65024 Len=1448 TSval=2916033323 TSecr=3045553097 [TCP segment of a reassembled PDU]"
"8176","29.242501648","192.168.1.55","192.168.1.2","TCP","1514","8004  >  49900 [ACK] Seq=207254 Ack=144 Win=65024 Len=1448 TSval=2916033323 TSecr=3045553097 [TCP segment of a reassembled PDU]"
"8177","29.242502944","192.168.1.55","192.168.1.2","TCP","1514","8004  >  49900 [ACK] Seq=208702 Ack=144 Win=65024 Len=1448 TSval=2916033323 TSecr=3045553097 [TCP segment of a reassembled PDU]"
"8178","29.242504148","192.168.1.55","192.168.1.2","TCP","1514","8004  >  49900 [PSH, ACK] Seq=210150 Ack=144 Win=65024 Len=1448 TSval=2916033323 TSecr=3045553097 [TCP segment of a reassembled PDU]"
"8179","29.247146710","192.168.1.2","192.168.1.55","TCP","66","49900  >  8004 [ACK] Seq=144 Ack=163166 Win=66560 Len=0 TSval=3045553098 TSecr=2916033319"
"8180","29.247165896","192.168.1.55","192.168.1.2","TCP","1514","8004  >  49900 [ACK] Seq=211598 Ack=144 Win=65024 Len=1448 TSval=2916033327 TSecr=3045553098 [TCP segment of a reassembled PDU]"
"8181","29.247168451","192.168.1.55","192.168.1.2","TCP","1514","8004  >  49900 [ACK] Seq=213046 Ack=144 Win=65024 Len=1448 TSval=2916033327 TSecr=3045553098 [TCP segment of a reassembled PDU]"
"8182","29.247169896","192.168.1.55","192.168.1.2","TCP","1514","8004  >  49900 [ACK] Seq=214494 Ack=144 Win=65024 Len=1448 TSval=2916033327 TSecr=3045553098 [TCP segment of a reassembled PDU]"
"8183","29.247171173","192.168.1.55","192.168.1.2","TCP","1514","8004  >  49900 [ACK] Seq=215942 Ack=144 Win=65024 Len=1448 TSval=2916033327 TSecr=3045553098 [TCP segment of a reassembled PDU]"
"8184","29.247172525","192.168.1.55","192.168.1.2","TCP","1514","8004  >  49900 [ACK] Seq=217390 Ack=144 Win=65024 Len=1448 TSval=2916033327 TSecr=3045553098 [TCP segment of a reassembled PDU]"
"8185","29.247173970","192.168.1.55","192.168.1.2","TCP","1514","8004  >  49900 [ACK] Seq=218838 Ack=144 Win=65024 Len=1448 TSval=2916033327 TSecr=3045553098 [TCP segment of a reassembled PDU]"
"8186","29.247175285","192.168.1.55","192.168.1.2","TCP","1514","8004  >  49900 [ACK] Seq=220286 Ack=144 Win=65024 Len=1448 TSval=2916033327 TSecr=3045553098 [TCP segment of a reassembled PDU]"
"8187","29.247176618","192.168.1.55","192.168.1.2","TCP","1514","8004  >  49900 [ACK] Seq=221734 Ack=144 Win=65024 Len=1448 TSval=2916033327 TSecr=3045553098 [TCP segment of a reassembled PDU]"
"8188","29.247178136","192.168.1.55","192.168.1.2","TCP","1514","8004  >  49900 [ACK] Seq=223182 Ack=144 Win=65024 Len=1448 TSval=2916033327 TSecr=3045553098 [TCP segment of a reassembled PDU]"
"8189","29.247179451","192.168.1.55","192.168.1.2","TCP","1514","8004  >  49900 [ACK] Seq=224630 Ack=144 Win=65024 Len=1448 TSval=2916033327 TSecr=3045553098 [TCP segment of a reassembled PDU]"
"8190","29.247180822","192.168.1.55","192.168.1.2","TCP","1514","8004  >  49900 [ACK] Seq=226078 Ack=144 Win=65024 Len=1448 TSval=2916033327 TSecr=3045553098 [TCP segment of a reassembled PDU]"
"8191","29.247182229","192.168.1.55","192.168.1.2","TCP","1514","8004  >  49900 [PSH, ACK] Seq=227526 Ack=144 Win=65024 Len=1448 TSval=2916033327 TSecr=3045553098 [TCP segment of a reassembled PDU]"
"8192","29.247734434","192.168.1.2","192.168.1.55","TCP","66","49900  >  8004 [ACK] Seq=144 Ack=169606 Win=60416 Len=0 TSval=3045553099 TSecr=2916033319"
"8193","29.247744545","192.168.1.2","192.168.1.55","TCP","66","49900  >  8004 [ACK] Seq=144 Ack=202910 Win=86016 Len=0 TSval=3045553101 TSecr=2916033323"
"8194","29.247768415","192.168.1.55","192.168.1.2","TCP","1514","8004  >  49900 [ACK] Seq=228974 Ack=144 Win=65024 Len=1448 TSval=2916033328 TSecr=3045553101 [TCP segment of a reassembled PDU]"
"8195","29.247770267","192.168.1.55","192.168.1.2","TCP","1514","8004  >  49900 [ACK] Seq=230422 Ack=144 Win=65024 Len=1448 TSval=2916033328 TSecr=3045553101 [TCP segment of a reassembled PDU]"
"8196","29.247771637","192.168.1.55","192.168.1.2","TCP","1514","8004  >  49900 [ACK] Seq=231870 Ack=144 Win=65024 Len=1448 TSval=2916033328 TSecr=3045553101 [TCP segment of a reassembled PDU]"
"8197","29.247773008","192.168.1.55","192.168.1.2","TCP","1514","8004  >  49900 [ACK] Seq=233318 Ack=144 Win=65024 Len=1448 TSval=2916033328 TSecr=3045553101 [TCP segment of a reassembled PDU]"
"8198","29.247774415","192.168.1.55","192.168.1.2","TCP","1514","8004  >  49900 [ACK] Seq=234766 Ack=144 Win=65024 Len=1448 TSval=2916033328 TSecr=3045553101 [TCP segment of a reassembled PDU]"
"8199","29.247775711","192.168.1.55","192.168.1.2","TCP","1514","8004  >  49900 [ACK] Seq=236214 Ack=144 Win=65024 Len=1448 TSval=2916033328 TSecr=3045553101 [TCP segment of a reassembled PDU]"
"8200","29.247777193","192.168.1.55","192.168.1.2","TCP","1514","8004  >  49900 [ACK] Seq=237662 Ack=144 Win=65024 Len=1448 TSval=2916033328 TSecr=3045553101 [TCP segment of a reassembled PDU]"
"8201","29.247778563","192.168.1.55","192.168.1.2","TCP","1514","8004  >  49900 [ACK] Seq=239110 Ack=144 Win=65024 Len=1448 TSval=2916033328 TSecr=3045553101 [TCP segment of a reassembled PDU]"
"8202","29.247780100","192.168.1.55","192.168.1.2","TCP","1514","8004  >  49900 [ACK] Seq=240558 Ack=144 Win=65024 Len=1448 TSval=2916033328 TSecr=3045553101 [TCP segment of a reassembled PDU]"
"8203","29.247781693","192.168.1.55","192.168.1.2","TCP","1514","8004  >  49900 [ACK] Seq=242006 Ack=144 Win=65024 Len=1448 TSval=2916033328 TSecr=3045553101 [TCP segment of a reassembled PDU]"
"8204","29.247782989","192.168.1.55","192.168.1.2","TCP","1514","8004  >  49900 [ACK] Seq=243454 Ack=144 Win=65024 Len=1448 TSval=2916033328 TSecr=3045553101 [TCP segment of a reassembled PDU]"
"8205","29.247784378","192.168.1.55","192.168.1.2","TCP","1514","8004  >  49900 [ACK] Seq=244902 Ack=144 Win=65024 Len=1448 TSval=2916033328 TSecr=3045553101 [TCP segment of a reassembled PDU]"
"8206","29.247785860","192.168.1.55","192.168.1.2","TCP","1514","8004  >  49900 [ACK] Seq=246350 Ack=144 Win=65024 Len=1448 TSval=2916033328 TSecr=3045553101 [TCP segment of a reassembled PDU]"
"8207","29.247787323","192.168.1.55","192.168.1.2","TCP","1514","8004  >  49900 [ACK] Seq=247798 Ack=144 Win=65024 Len=1448 TSval=2916033328 TSecr=3045553101 [TCP segment of a reassembled PDU]"
"8208","29.247788619","192.168.1.55","192.168.1.2","TCP","1514","8004  >  49900 [ACK] Seq=249246 Ack=144 Win=65024 Len=1448 TSval=2916033328 TSecr=3045553101 [TCP segment of a reassembled PDU]"
"8209","29.247789897","192.168.1.55","192.168.1.2","TCP","1514","8004  >  49900 [ACK] Seq=250694 Ack=144 Win=65024 Len=1448 TSval=2916033328 TSecr=3045553101 [TCP segment of a reassembled PDU]"
"8210","29.247791767","192.168.1.55","192.168.1.2","TCP","1514","8004  >  49900 [ACK] Seq=252142 Ack=144 Win=65024 Len=1448 TSval=2916033328 TSecr=3045553101 [TCP segment of a reassembled PDU]"
"8211","29.247793156","192.168.1.55","192.168.1.2","TCP","1514","8004  >  49900 [ACK] Seq=253590 Ack=144 Win=65024 Len=1448 TSval=2916033328 TSecr=3045553101 [TCP segment of a reassembled PDU]"
"8212","29.247794674","192.168.1.55","192.168.1.2","TCP","1514","8004  >  49900 [PSH, ACK] Seq=255038 Ack=144 Win=65024 Len=1448 TSval=2916033328 TSecr=3045553101 [TCP segment of a reassembled PDU]"
"8213","29.247828230","192.168.1.55","192.168.1.2","TCP","1514","8004  >  49900 [ACK] Seq=256486 Ack=144 Win=65024 Len=1448 TSval=2916033328 TSecr=3045553101 [TCP segment of a reassembled PDU]"
"8214","29.247829915","192.168.1.55","192.168.1.2","TCP","1514","8004  >  49900 [ACK] Seq=257934 Ack=144 Win=65024 Len=1448 TSval=2916033328 TSecr=3045553101 [TCP segment of a reassembled PDU]"
"8215","29.247831434","192.168.1.55","192.168.1.2","TCP","1514","8004  >  49900 [ACK] Seq=259382 Ack=144 Win=65024 Len=1448 TSval=2916033328 TSecr=3045553101 [TCP segment of a reassembled PDU]"
"8216","29.247832841","192.168.1.55","192.168.1.2","TCP","1514","8004  >  49900 [ACK] Seq=260830 Ack=144 Win=65024 Len=1448 TSval=2916033328 TSecr=3045553101 [TCP segment of a reassembled PDU]"
"8217","29.247834378","192.168.1.55","192.168.1.2","TCP","1514","8004  >  49900 [ACK] Seq=262278 Ack=144 Win=65024 Len=1448 TSval=2916033328 TSecr=3045553101 [TCP segment of a reassembled PDU]"
"8218","29.247836174","192.168.1.55","192.168.1.2","TCP","1514","8004  >  49900 [ACK] Seq=263726 Ack=144 Win=65024 Len=1448 TSval=2916033328 TSecr=3045553101 [TCP segment of a reassembled PDU]"
"8219","29.247837545","192.168.1.55","192.168.1.2","TCP","1514","8004  >  49900 [ACK] Seq=265174 Ack=144 Win=65024 Len=1448 TSval=2916033328 TSecr=3045553101 [TCP segment of a reassembled PDU]"
"8220","29.247838989","192.168.1.55","192.168.1.2","TCP","1514","8004  >  49900 [ACK] Seq=266622 Ack=144 Win=65024 Len=1448 TSval=2916033328 TSecr=3045553101 [TCP segment of a reassembled PDU]"
"8221","29.247840415","192.168.1.55","192.168.1.2","TCP","1514","8004  >  49900 [ACK] Seq=268070 Ack=144 Win=65024 Len=1448 TSval=2916033328 TSecr=3045553101 [TCP segment of a reassembled PDU]"
"8222","29.247841749","192.168.1.55","192.168.1.2","TCP","1514","8004  >  49900 [ACK] Seq=269518 Ack=144 Win=65024 Len=1448 TSval=2916033328 TSecr=3045553101 [TCP segment of a reassembled PDU]"
"8223","29.247848026","192.168.1.55","192.168.1.2","TCP","1514","8004  >  49900 [ACK] Seq=270966 Ack=144 Win=65024 Len=1448 TSval=2916033328 TSecr=3045553101 [TCP segment of a reassembled PDU]"
"8224","29.247849545","192.168.1.55","192.168.1.2","TCP","1514","8004  >  49900 [ACK] Seq=272414 Ack=144 Win=65024 Len=1448 TSval=2916033328 TSecr=3045553101 [TCP segment of a reassembled PDU]"
"8225","29.247851323","192.168.1.55","192.168.1.2","TCP","1514","8004  >  49900 [ACK] Seq=273862 Ack=144 Win=65024 Len=1448 TSval=2916033328 TSecr=3045553101 [TCP segment of a reassembled PDU]"
"8226","29.247852619","192.168.1.55","192.168.1.2","TCP","1514","8004  >  49900 [ACK] Seq=275310 Ack=144 Win=65024 Len=1448 TSval=2916033328 TSecr=3045553101 [TCP segment of a reassembled PDU]"
"8227","29.247853952","192.168.1.55","192.168.1.2","TCP","1514","8004  >  49900 [ACK] Seq=276758 Ack=144 Win=65024 Len=1448 TSval=2916033328 TSecr=3045553101 [TCP segment of a reassembled PDU]"
"8228","29.247855267","192.168.1.55","192.168.1.2","TCP","1514","8004  >  49900 [ACK] Seq=278206 Ack=144 Win=65024 Len=1448 TSval=2916033328 TSecr=3045553101 [TCP segment of a reassembled PDU]"
"8229","29.247856637","192.168.1.55","192.168.1.2","TCP","1514","8004  >  49900 [ACK] Seq=279654 Ack=144 Win=65024 Len=1448 TSval=2916033328 TSecr=3045553101 [TCP segment of a reassembled PDU]"
"8230","29.247858100","192.168.1.55","192.168.1.2","TCP","1514","8004  >  49900 [ACK] Seq=281102 Ack=144 Win=65024 Len=1448 TSval=2916033328 TSecr=3045553101 [TCP segment of a reassembled PDU]"
"8231","29.247859471","192.168.1.55","192.168.1.2","TCP","1514","8004  >  49900 [ACK] Seq=282550 Ack=144 Win=65024 Len=1448 TSval=2916033328 TSecr=3045553101 [TCP segment of a reassembled PDU]"
"8232","29.247860860","192.168.1.55","192.168.1.2","TCP","1514","8004  >  49900 [ACK] Seq=283998 Ack=144 Win=65024 Len=1448 TSval=2916033328 TSecr=3045553101 [TCP segment of a reassembled PDU]"
"8233","29.247862637","192.168.1.55","192.168.1.2","TCP","1514","8004  >  49900 [ACK] Seq=285446 Ack=144 Win=65024 Len=1448 TSval=2916033328 TSecr=3045553101 [TCP segment of a reassembled PDU]"
"8234","29.247864100","192.168.1.55","192.168.1.2","TCP","1514","8004  >  49900 [ACK] Seq=286894 Ack=144 Win=65024 Len=1448 TSval=2916033328 TSecr=3045553101 [TCP segment of a reassembled PDU]"
"8235","29.247865786","192.168.1.55","192.168.1.2","TCP","650","[TCP Window Full] 8004  >  49900 [PSH, ACK] Seq=288342 Ack=144 Win=65024 Len=584 TSval=2916033328 TSecr=3045553101 [TCP segment of a reassembled PDU]"
"8236","29.247870100","192.168.1.2","192.168.1.55","TCP","66","49900  >  8004 [ACK] Seq=144 Ack=211598 Win=107520 Len=0 TSval=3045553102 TSecr=2916033323"
"8237","29.247889026","192.168.1.55","192.168.1.2","TCP","1514","8004  >  49900 [ACK] Seq=288926 Ack=144 Win=65024 Len=1448 TSval=2916033328 TSecr=3045553102 [TCP segment of a reassembled PDU]"
"8238","29.247890878","192.168.1.55","192.168.1.2","TCP","1514","8004  >  49900 [ACK] Seq=290374 Ack=144 Win=65024 Len=1448 TSval=2916033328 TSecr=3045553102 [TCP segment of a reassembled PDU]"
"8239","29.247892508","192.168.1.55","192.168.1.2","TCP","1514","8004  >  49900 [ACK] Seq=291822 Ack=144 Win=65024 Len=1448 TSval=2916033328 TSecr=3045553102 [TCP segment of a reassembled PDU]"
"8240","29.247893878","192.168.1.55","192.168.1.2","TCP","1514","8004  >  49900 [ACK] Seq=293270 Ack=144 Win=65024 Len=1448 TSval=2916033328 TSecr=3045553102 [TCP segment of a reassembled PDU]"
"8241","29.247895693","192.168.1.55","192.168.1.2","TCP","1514","8004  >  49900 [ACK] Seq=294718 Ack=144 Win=65024 Len=1448 TSval=2916033328 TSecr=3045553102 [TCP segment of a reassembled PDU]"
"8242","29.247897101","192.168.1.55","192.168.1.2","TCP","1514","8004  >  49900 [ACK] Seq=296166 Ack=144 Win=65024 Len=1448 TSval=2916033328 TSecr=3045553102 [TCP segment of a reassembled PDU]"
"8243","29.247898489","192.168.1.55","192.168.1.2","TCP","1514","8004  >  49900 [ACK] Seq=297614 Ack=144 Win=65024 Len=1448 TSval=2916033328 TSecr=3045553102 [TCP segment of a reassembled PDU]"
"8244","29.247899915","192.168.1.55","192.168.1.2","TCP","1514","8004  >  49900 [PSH, ACK] Seq=299062 Ack=144 Win=65024 Len=1448 TSval=2916033328 TSecr=3045553102 [TCP segment of a reassembled PDU]"
"8245","29.247904101","192.168.1.55","192.168.1.2","TCP","930","8004  >  49900 [ACK] Seq=300510 Ack=144 Win=65024 Len=864 TSval=2916033328 TSecr=3045553102 [TCP segment of a reassembled PDU]"
"8246","29.248958898","192.168.1.55","192.168.1.2","TCP","1514","8004  >  49900 [ACK] Seq=301374 Ack=144 Win=65024 Len=1448 TSval=2916033329 TSecr=3045553102 [TCP segment of a reassembled PDU]"
"8247","29.248963158","192.168.1.55","192.168.1.2","TCP","1514","8004  >  49900 [ACK] Seq=302822 Ack=144 Win=65024 Len=1448 TSval=2916033329 TSecr=3045553102 [TCP segment of a reassembled PDU]"
"8248","29.248964658","192.168.1.55","192.168.1.2","TCP","1514","8004  >  49900 [ACK] Seq=304270 Ack=144 Win=65024 Len=1448 TSval=2916033329 TSecr=3045553102 [TCP segment of a reassembled PDU]"
"8249","29.248966250","192.168.1.55","192.168.1.2","TCP","1514","8004  >  49900 [ACK] Seq=305718 Ack=144 Win=65024 Len=1448 TSval=2916033329 TSecr=3045553102 [TCP segment of a reassembled PDU]"
"8250","29.248967861","192.168.1.55","192.168.1.2","TCP","1514","8004  >  49900 [ACK] Seq=307166 Ack=144 Win=65024 Len=1448 TSval=2916033329 TSecr=3045553102 [TCP segment of a reassembled PDU]"
"8251","29.248969676","192.168.1.55","192.168.1.2","TCP","1514","8004  >  49900 [ACK] Seq=308614 Ack=144 Win=65024 Len=1448 TSval=2916033329 TSecr=3045553102 [TCP segment of a reassembled PDU]"
"8252","29.248971269","192.168.1.55","192.168.1.2","TCP","1514","8004  >  49900 [ACK] Seq=310062 Ack=144 Win=65024 Len=1448 TSval=2916033329 TSecr=3045553102 [TCP segment of a reassembled PDU]"
"8253","29.248973380","192.168.1.55","192.168.1.2","TCP","1514","8004  >  49900 [ACK] Seq=311510 Ack=144 Win=65024 Len=1448 TSval=2916033329 TSecr=3045553102 [TCP segment of a reassembled PDU]"
"8254","29.248975121","192.168.1.55","192.168.1.2","TCP","1514","8004  >  49900 [ACK] Seq=312958 Ack=144 Win=65024 Len=1448 TSval=2916033329 TSecr=3045553102 [TCP segment of a reassembled PDU]"
"8255","29.248977417","192.168.1.55","192.168.1.2","TCP","1514","8004  >  49900 [ACK] Seq=314406 Ack=144 Win=65024 Len=1448 TSval=2916033329 TSecr=3045553102 [TCP segment of a reassembled PDU]"
"8256","29.248979195","192.168.1.55","192.168.1.2","TCP","1514","8004  >  49900 [ACK] Seq=315854 Ack=144 Win=65024 Len=1448 TSval=2916033329 TSecr=3045553102 [TCP segment of a reassembled PDU]"
"8257","29.248980899","192.168.1.55","192.168.1.2","TCP","1514","8004  >  49900 [PSH, ACK] Seq=317302 Ack=144 Win=65024 Len=1448 TSval=2916033329 TSecr=3045553102 [TCP segment of a reassembled PDU]"
"8258","29.257436449","192.168.1.2","192.168.1.55","TCP","66","49900  >  8004 [ACK] Seq=144 Ack=252142 Win=77824 Len=0 TSval=3045553108 TSecr=2916033327"
"8259","29.257513967","192.168.1.55","192.168.1.2","TCP","1514","8004  >  49900 [ACK] Seq=318750 Ack=144 Win=65024 Len=1448 TSval=2916033338 TSecr=3045553108 [TCP segment of a reassembled PDU]"
"8260","29.257519060","192.168.1.55","192.168.1.2","TCP","1514","8004  >  49900 [ACK] Seq=320198 Ack=144 Win=65024 Len=1448 TSval=2916033338 TSecr=3045553108 [TCP segment of a reassembled PDU]"
"8261","29.257520504","192.168.1.55","192.168.1.2","TCP","1514","8004  >  49900 [ACK] Seq=321646 Ack=144 Win=65024 Len=1448 TSval=2916033338 TSecr=3045553108 [TCP segment of a reassembled PDU]"
"8262","29.257521893","192.168.1.55","192.168.1.2","TCP","1514","8004  >  49900 [ACK] Seq=323094 Ack=144 Win=65024 Len=1448 TSval=2916033338 TSecr=3045553108 [TCP segment of a reassembled PDU]"
"8263","29.257523708","192.168.1.55","192.168.1.2","TCP","1514","8004  >  49900 [ACK] Seq=324542 Ack=144 Win=65024 Len=1448 TSval=2916033338 TSecr=3045553108 [TCP segment of a reassembled PDU]"
"8264","29.257525727","192.168.1.55","192.168.1.2","TCP","1514","8004  >  49900 [ACK] Seq=325990 Ack=144 Win=65024 Len=1448 TSval=2916033338 TSecr=3045553108 [TCP segment of a reassembled PDU]"
"8265","29.257527356","192.168.1.55","192.168.1.2","TCP","1514","8004  >  49900 [PSH, ACK] Seq=327438 Ack=144 Win=65024 Len=1448 TSval=2916033338 TSecr=3045553108 [TCP segment of a reassembled PDU]"
"8266","29.257610264","192.168.1.2","192.168.1.55","TCP","66","49900  >  8004 [ACK] Seq=144 Ack=256486 Win=113664 Len=0 TSval=3045553111 TSecr=2916033328"
"8267","29.257636968","192.168.1.55","192.168.1.2","TCP","1514","8004  >  49900 [ACK] Seq=328886 Ack=144 Win=65024 Len=1448 TSval=2916033338 TSecr=3045553111 [TCP segment of a reassembled PDU]"
"8268","29.257638727","192.168.1.55","192.168.1.2","TCP","1514","8004  >  49900 [ACK] Seq=330334 Ack=144 Win=65024 Len=1448 TSval=2916033338 TSecr=3045553111 [TCP segment of a reassembled PDU]"
"8269","29.257640042","192.168.1.55","192.168.1.2","TCP","1514","8004  >  49900 [ACK] Seq=331782 Ack=144 Win=65024 Len=1448 TSval=2916033338 TSecr=3045553111 [TCP segment of a reassembled PDU]"
"8270","29.257641394","192.168.1.55","192.168.1.2","TCP","1514","8004  >  49900 [ACK] Seq=333230 Ack=144 Win=65024 Len=1448 TSval=2916033338 TSecr=3045553111 [TCP segment of a reassembled PDU]"
"8271","29.257642708","192.168.1.55","192.168.1.2","TCP","1514","8004  >  49900 [ACK] Seq=334678 Ack=144 Win=65024 Len=1448 TSval=2916033338 TSecr=3045553111 [TCP segment of a reassembled PDU]"
"8272","29.257644208","192.168.1.55","192.168.1.2","TCP","1514","8004  >  49900 [ACK] Seq=336126 Ack=144 Win=65024 Len=1448 TSval=2916033338 TSecr=3045553111 [TCP segment of a reassembled PDU]"
"8273","29.257645931","192.168.1.55","192.168.1.2","TCP","1514","8004  >  49900 [ACK] Seq=337574 Ack=144 Win=65024 Len=1448 TSval=2916033338 TSecr=3045553111 [TCP segment of a reassembled PDU]"
"8274","29.257648023","192.168.1.55","192.168.1.2","TCP","1514","8004  >  49900 [ACK] Seq=339022 Ack=144 Win=65024 Len=1448 TSval=2916033338 TSecr=3045553111 [TCP segment of a reassembled PDU]"
"8275","29.257649301","192.168.1.55","192.168.1.2","TCP","1514","8004  >  49900 [ACK] Seq=340470 Ack=144 Win=65024 Len=1448 TSval=2916033338 TSecr=3045553111 [TCP segment of a reassembled PDU]"
"8276","29.257650708","192.168.1.55","192.168.1.2","TCP","1514","8004  >  49900 [ACK] Seq=341918 Ack=144 Win=65024 Len=1448 TSval=2916033338 TSecr=3045553111 [TCP segment of a reassembled PDU]"
"8277","29.257652116","192.168.1.55","192.168.1.2","TCP","1514","8004  >  49900 [ACK] Seq=343366 Ack=144 Win=65024 Len=1448 TSval=2916033338 TSecr=3045553111 [TCP segment of a reassembled PDU]"
"8278","29.257653523","192.168.1.55","192.168.1.2","TCP","1514","8004  >  49900 [PSH, ACK] Seq=344814 Ack=144 Win=65024 Len=1448 TSval=2916033338 TSecr=3045553111 [TCP segment of a reassembled PDU]"
"8279","29.257659782","192.168.1.2","192.168.1.55","TCP","66","49900  >  8004 [ACK] Seq=144 Ack=297614 Win=73728 Len=0 TSval=3045553111 TSecr=2916033328"
"8280","29.257697782","192.168.1.55","192.168.1.2","TCP","1514","8004  >  49900 [ACK] Seq=346262 Ack=144 Win=65024 Len=1448 TSval=2916033338 TSecr=3045553111 [TCP segment of a reassembled PDU]"
"8281","29.257700597","192.168.1.55","192.168.1.2","TCP","1514","8004  >  49900 [ACK] Seq=347710 Ack=144 Win=65024 Len=1448 TSval=2916033338 TSecr=3045553111 [TCP segment of a reassembled PDU]"
"8282","29.257701949","192.168.1.55","192.168.1.2","TCP","1514","8004  >  49900 [ACK] Seq=349158 Ack=144 Win=65024 Len=1448 TSval=2916033338 TSecr=3045553111 [TCP segment of a reassembled PDU]"
"8283","29.257703338","192.168.1.55","192.168.1.2","TCP","1514","8004  >  49900 [ACK] Seq=350606 Ack=144 Win=65024 Len=1448 TSval=2916033338 TSecr=3045553111 [TCP segment of a reassembled PDU]"
"8284","29.257704690","192.168.1.55","192.168.1.2","TCP","1514","8004  >  49900 [ACK] Seq=352054 Ack=144 Win=65024 Len=1448 TSval=2916033338 TSecr=3045553111 [TCP segment of a reassembled PDU]"
"8285","29.257706005","192.168.1.55","192.168.1.2","TCP","1514","8004  >  49900 [ACK] Seq=353502 Ack=144 Win=65024 Len=1448 TSval=2916033338 TSecr=3045553111 [TCP segment of a reassembled PDU]"
"8286","29.257707468","192.168.1.55","192.168.1.2","TCP","1514","8004  >  49900 [ACK] Seq=354950 Ack=144 Win=65024 Len=1448 TSval=2916033338 TSecr=3045553111 [TCP segment of a reassembled PDU]"
"8287","29.257709523","192.168.1.55","192.168.1.2","TCP","1514","8004  >  49900 [ACK] Seq=356398 Ack=144 Win=65024 Len=1448 TSval=2916033338 TSecr=3045553111 [TCP segment of a reassembled PDU]"
"8288","29.257711486","192.168.1.55","192.168.1.2","TCP","1514","8004  >  49900 [ACK] Seq=357846 Ack=144 Win=65024 Len=1448 TSval=2916033338 TSecr=3045553111 [TCP segment of a reassembled PDU]"
"8289","29.257712783","192.168.1.55","192.168.1.2","TCP","1514","8004  >  49900 [ACK] Seq=359294 Ack=144 Win=65024 Len=1448 TSval=2916033338 TSecr=3045553111 [TCP segment of a reassembled PDU]"
"8290","29.257714171","192.168.1.55","192.168.1.2","TCP","1514","8004  >  49900 [ACK] Seq=360742 Ack=144 Win=65024 Len=1448 TSval=2916033338 TSecr=3045553111 [TCP segment of a reassembled PDU]"
"8291","29.257715560","192.168.1.55","192.168.1.2","TCP","1514","8004  >  49900 [ACK] Seq=362190 Ack=144 Win=65024 Len=1448 TSval=2916033338 TSecr=3045553111 [TCP segment of a reassembled PDU]"
"8292","29.257716875","192.168.1.55","192.168.1.2","TCP","1514","8004  >  49900 [ACK] Seq=363638 Ack=144 Win=65024 Len=1448 TSval=2916033338 TSecr=3045553111 [TCP segment of a reassembled PDU]"
"8293","29.257718190","192.168.1.55","192.168.1.2","TCP","1514","8004  >  49900 [ACK] Seq=365086 Ack=144 Win=65024 Len=1448 TSval=2916033338 TSecr=3045553111 [TCP segment of a reassembled PDU]"
"8294","29.257719634","192.168.1.55","192.168.1.2","TCP","1514","8004  >  49900 [ACK] Seq=366534 Ack=144 Win=65024 Len=1448 TSval=2916033338 TSecr=3045553111 [TCP segment of a reassembled PDU]"
"8295","29.257721412","192.168.1.55","192.168.1.2","TCP","1514","8004  >  49900 [ACK] Seq=367982 Ack=144 Win=65024 Len=1448 TSval=2916033338 TSecr=3045553111 [TCP segment of a reassembled PDU]"
"8296","29.257723320","192.168.1.55","192.168.1.2","TCP","1514","8004  >  49900 [PSH, ACK] Seq=369430 Ack=144 Win=65024 Len=1448 TSval=2916033338 TSecr=3045553111 [TCP segment of a reassembled PDU]"
"8297","29.257728153","192.168.1.2","192.168.1.55","TCP","66","49900  >  8004 [ACK] Seq=144 Ack=300510 Win=116736 Len=0 TSval=3045553112 TSecr=2916033328"
"8298","29.257765579","192.168.1.55","192.168.1.2","TCP","1514","8004  >  49900 [ACK] Seq=370878 Ack=144 Win=65024 Len=1448 TSval=2916033338 TSecr=3045553112 [TCP segment of a reassembled PDU]"
"8299","29.257767690","192.168.1.55","192.168.1.2","TCP","1514","8004  >  49900 [ACK] Seq=372326 Ack=144 Win=65024 Len=1448 TSval=2916033338 TSecr=3045553112 [TCP segment of a reassembled PDU]"
"8300","29.257769357","192.168.1.55","192.168.1.2","TCP","1514","8004  >  49900 [ACK] Seq=373774 Ack=144 Win=65024 Len=1448 TSval=2916033338 TSecr=3045553112 [TCP segment of a reassembled PDU]"
"8301","29.257771357","192.168.1.55","192.168.1.2","TCP","1514","8004  >  49900 [ACK] Seq=375222 Ack=144 Win=65024 Len=1448 TSval=2916033338 TSecr=3045553112 [TCP segment of a reassembled PDU]"
"8302","29.257773023","192.168.1.55","192.168.1.2","TCP","1514","8004  >  49900 [ACK] Seq=376670 Ack=144 Win=65024 Len=1448 TSval=2916033338 TSecr=3045553112 [TCP segment of a reassembled PDU]"
"8303","29.257774375","192.168.1.55","192.168.1.2","TCP","1514","8004  >  49900 [ACK] Seq=378118 Ack=144 Win=65024 Len=1448 TSval=2916033338 TSecr=3045553112 [TCP segment of a reassembled PDU]"
"8304","29.257775746","192.168.1.55","192.168.1.2","TCP","1514","8004  >  49900 [ACK] Seq=379566 Ack=144 Win=65024 Len=1448 TSval=2916033338 TSecr=3045553112 [TCP segment of a reassembled PDU]"
"8305","29.257777671","192.168.1.55","192.168.1.2","TCP","1514","8004  >  49900 [ACK] Seq=381014 Ack=144 Win=65024 Len=1448 TSval=2916033338 TSecr=3045553112 [TCP segment of a reassembled PDU]"
"8306","29.257779283","192.168.1.55","192.168.1.2","TCP","1514","8004  >  49900 [ACK] Seq=382462 Ack=144 Win=65024 Len=1448 TSval=2916033338 TSecr=3045553112 [TCP segment of a reassembled PDU]"
"8307","29.257781449","192.168.1.55","192.168.1.2","TCP","1514","8004  >  49900 [ACK] Seq=383910 Ack=144 Win=65024 Len=1448 TSval=2916033338 TSecr=3045553112 [TCP segment of a reassembled PDU]"
"8308","29.257782764","192.168.1.55","192.168.1.2","TCP","1514","8004  >  49900 [ACK] Seq=385358 Ack=144 Win=65024 Len=1448 TSval=2916033338 TSecr=3045553112 [TCP segment of a reassembled PDU]"
"8309","29.257784209","192.168.1.55","192.168.1.2","TCP","1514","8004  >  49900 [ACK] Seq=386806 Ack=144 Win=65024 Len=1448 TSval=2916033338 TSecr=3045553112 [TCP segment of a reassembled PDU]"
"8310","29.257785820","192.168.1.55","192.168.1.2","TCP","1514","8004  >  49900 [ACK] Seq=388254 Ack=144 Win=65024 Len=1448 TSval=2916033338 TSecr=3045553112 [TCP segment of a reassembled PDU]"
"8311","29.257787283","192.168.1.55","192.168.1.2","TCP","1514","8004  >  49900 [PSH, ACK] Seq=389702 Ack=144 Win=65024 Len=1448 TSval=2916033338 TSecr=3045553112 [TCP segment of a reassembled PDU]"
"8312","29.257792449","192.168.1.2","192.168.1.55","TCP","66","49900  >  8004 [ACK] Seq=144 Ack=308614 Win=109568 Len=0 TSval=3045553112 TSecr=2916033328"
"8313","29.262592253","192.168.1.2","192.168.1.55","TCP","66","49900  >  8004 [ACK] Seq=144 Ack=318750 Win=116736 Len=0 TSval=3045553113 TSecr=2916033329"
"8314","29.262640216","192.168.1.55","192.168.1.2","TCP","1514","8004  >  49900 [ACK] Seq=391150 Ack=144 Win=65024 Len=1448 TSval=2916033343 TSecr=3045553113 [TCP segment of a reassembled PDU]"
"8315","29.262643605","192.168.1.55","192.168.1.2","TCP","1514","8004  >  49900 [ACK] Seq=392598 Ack=144 Win=65024 Len=1448 TSval=2916033343 TSecr=3045553113 [TCP segment of a reassembled PDU]"
"8316","29.262644994","192.168.1.55","192.168.1.2","TCP","1514","8004  >  49900 [ACK] Seq=394046 Ack=144 Win=65024 Len=1448 TSval=2916033343 TSecr=3045553113 [TCP segment of a reassembled PDU]"
"8317","29.262646401","192.168.1.55","192.168.1.2","TCP","1514","8004  >  49900 [ACK] Seq=395494 Ack=144 Win=65024 Len=1448 TSval=2916033343 TSecr=3045553113 [TCP segment of a reassembled PDU]"
"8318","29.262647679","192.168.1.55","192.168.1.2","TCP","1514","8004  >  49900 [ACK] Seq=396942 Ack=144 Win=65024 Len=1448 TSval=2916033343 TSecr=3045553113 [TCP segment of a reassembled PDU]"
"8319","29.262649087","192.168.1.55","192.168.1.2","TCP","1514","8004  >  49900 [ACK] Seq=398390 Ack=144 Win=65024 Len=1448 TSval=2916033343 TSecr=3045553113 [TCP segment of a reassembled PDU]"
"8320","29.262650383","192.168.1.55","192.168.1.2","TCP","1514","8004  >  49900 [ACK] Seq=399838 Ack=144 Win=65024 Len=1448 TSval=2916033343 TSecr=3045553113 [TCP segment of a reassembled PDU]"
"8321","29.262651679","192.168.1.55","192.168.1.2","TCP","1514","8004  >  49900 [ACK] Seq=401286 Ack=144 Win=65024 Len=1448 TSval=2916033343 TSecr=3045553113 [TCP segment of a reassembled PDU]"
"8322","29.262653068","192.168.1.55","192.168.1.2","TCP","1514","8004  >  49900 [ACK] Seq=402734 Ack=144 Win=65024 Len=1448 TSval=2916033343 TSecr=3045553113 [TCP segment of a reassembled PDU]"
"8323","29.262654346","192.168.1.55","192.168.1.2","TCP","1514","8004  >  49900 [ACK] Seq=404182 Ack=144 Win=65024 Len=1448 TSval=2916033343 TSecr=3045553113 [TCP segment of a reassembled PDU]"
"8324","29.262655735","192.168.1.55","192.168.1.2","TCP","1514","8004  >  49900 [ACK] Seq=405630 Ack=144 Win=65024 Len=1448 TSval=2916033343 TSecr=3045553113 [TCP segment of a reassembled PDU]"
"8325","29.262657087","192.168.1.55","192.168.1.2","TCP","1514","8004  >  49900 [ACK] Seq=407078 Ack=144 Win=65024 Len=1448 TSval=2916033343 TSecr=3045553113 [TCP segment of a reassembled PDU]"
"8326","29.262658383","192.168.1.55","192.168.1.2","TCP","1514","8004  >  49900 [ACK] Seq=408526 Ack=144 Win=65024 Len=1448 TSval=2916033343 TSecr=3045553113 [TCP segment of a reassembled PDU]"
"8327","29.262659772","192.168.1.55","192.168.1.2","TCP","1514","8004  >  49900 [ACK] Seq=409974 Ack=144 Win=65024 Len=1448 TSval=2916033343 TSecr=3045553113 [TCP segment of a reassembled PDU]"
"8328","29.262661087","192.168.1.55","192.168.1.2","TCP","1514","8004  >  49900 [ACK] Seq=411422 Ack=144 Win=65024 Len=1448 TSval=2916033343 TSecr=3045553113 [TCP segment of a reassembled PDU]"
"8329","29.262662401","192.168.1.55","192.168.1.2","TCP","1514","8004  >  49900 [ACK] Seq=412870 Ack=144 Win=65024 Len=1448 TSval=2916033343 TSecr=3045553113 [TCP segment of a reassembled PDU]"
"8330","29.262663790","192.168.1.55","192.168.1.2","TCP","1514","8004  >  49900 [ACK] Seq=414318 Ack=144 Win=65024 Len=1448 TSval=2916033343 TSecr=3045553113 [TCP segment of a reassembled PDU]"
"8331","29.262665068","192.168.1.55","192.168.1.2","TCP","1514","8004  >  49900 [ACK] Seq=415766 Ack=144 Win=65024 Len=1448 TSval=2916033343 TSecr=3045553113 [TCP segment of a reassembled PDU]"
"8332","29.262666531","192.168.1.55","192.168.1.2","TCP","1514","8004  >  49900 [ACK] Seq=417214 Ack=144 Win=65024 Len=1448 TSval=2916033343 TSecr=3045553113 [TCP segment of a reassembled PDU]"
"8333","29.262667883","192.168.1.55","192.168.1.2","TCP","1514","8004  >  49900 [ACK] Seq=418662 Ack=144 Win=65024 Len=1448 TSval=2916033343 TSecr=3045553113 [TCP segment of a reassembled PDU]"
"8334","29.262669272","192.168.1.55","192.168.1.2","TCP","1514","8004  >  49900 [ACK] Seq=420110 Ack=144 Win=65024 Len=1448 TSval=2916033343 TSecr=3045553113 [TCP segment of a reassembled PDU]"
"8335","29.262670568","192.168.1.55","192.168.1.2","TCP","1514","8004  >  49900 [ACK] Seq=421558 Ack=144 Win=65024 Len=1448 TSval=2916033343 TSecr=3045553113 [TCP segment of a reassembled PDU]"
"8336","29.262672012","192.168.1.55","192.168.1.2","TCP","1514","8004  >  49900 [ACK] Seq=423006 Ack=144 Win=65024 Len=1448 TSval=2916033343 TSecr=3045553113 [TCP segment of a reassembled PDU]"
"8337","29.262673438","192.168.1.55","192.168.1.2","TCP","1514","8004  >  49900 [ACK] Seq=424454 Ack=144 Win=65024 Len=1448 TSval=2916033343 TSecr=3045553113 [TCP segment of a reassembled PDU]"
"8338","29.262674753","192.168.1.55","192.168.1.2","TCP","1514","8004  >  49900 [ACK] Seq=425902 Ack=144 Win=65024 Len=1448 TSval=2916033343 TSecr=3045553113 [TCP segment of a reassembled PDU]"
"8339","29.262676031","192.168.1.55","192.168.1.2","TCP","1514","8004  >  49900 [ACK] Seq=427350 Ack=144 Win=65024 Len=1448 TSval=2916033343 TSecr=3045553113 [TCP segment of a reassembled PDU]"
"8340","29.262677327","192.168.1.55","192.168.1.2","TCP","1514","8004  >  49900 [ACK] Seq=428798 Ack=144 Win=65024 Len=1448 TSval=2916033343 TSecr=3045553113 [TCP segment of a reassembled PDU]"
"8341","29.262678605","192.168.1.55","192.168.1.2","TCP","1514","8004  >  49900 [ACK] Seq=430246 Ack=144 Win=65024 Len=1448 TSval=2916033343 TSecr=3045553113 [TCP segment of a reassembled PDU]"
"8342","29.262680087","192.168.1.55","192.168.1.2","TCP","1514","8004  >  49900 [ACK] Seq=431694 Ack=144 Win=65024 Len=1448 TSval=2916033343 TSecr=3045553113 [TCP segment of a reassembled PDU]"
"8343","29.262681438","192.168.1.55","192.168.1.2","TCP","1514","8004  >  49900 [ACK] Seq=433142 Ack=144 Win=65024 Len=1448 TSval=2916033343 TSecr=3045553113 [TCP segment of a reassembled PDU]"
"8344","29.262682716","192.168.1.55","192.168.1.2","TCP","962","[TCP Window Full] 8004  >  49900 [PSH, ACK] Seq=434590 Ack=144 Win=65024 Len=896 TSval=2916033343 TSecr=3045553113 [TCP segment of a reassembled PDU]"
"8345","29.264050107","192.168.1.2","192.168.1.55","TCP","66","49900  >  8004 [ACK] Seq=144 Ack=328886 Win=137216 Len=0 TSval=3045553119 TSecr=2916033338"
"8346","29.264064274","192.168.1.55","192.168.1.2","TCP","618","8004  >  49900 [ACK] Seq=435486 Ack=144 Win=65024 Len=552 TSval=2916033344 TSecr=3045553119 [TCP segment of a reassembled PDU]"
"8347","29.264216848","192.168.1.2","192.168.1.55","TCP","66","49900  >  8004 [ACK] Seq=144 Ack=346262 Win=154624 Len=0 TSval=3045553119 TSecr=2916033338"
"8348","29.264251126","192.168.1.55","192.168.1.2","TCP","1514","8004  >  49900 [ACK] Seq=436038 Ack=144 Win=65024 Len=1448 TSval=2916033344 TSecr=3045553119 [TCP segment of a reassembled PDU]"
"8349","29.264253626","192.168.1.55","192.168.1.2","TCP","1514","8004  >  49900 [ACK] Seq=437486 Ack=144 Win=65024 Len=1448 TSval=2916033344 TSecr=3045553119 [TCP segment of a reassembled PDU]"
"8350","29.264255274","192.168.1.55","192.168.1.2","TCP","1514","8004  >  49900 [ACK] Seq=438934 Ack=144 Win=65024 Len=1448 TSval=2916033344 TSecr=3045553119 [TCP segment of a reassembled PDU]"
"8351","29.264256570","192.168.1.55","192.168.1.2","TCP","1514","8004  >  49900 [ACK] Seq=440382 Ack=144 Win=65024 Len=1448 TSval=2916033344 TSecr=3045553119 [TCP segment of a reassembled PDU]"
"8352","29.264257996","192.168.1.55","192.168.1.2","TCP","1514","8004  >  49900 [ACK] Seq=441830 Ack=144 Win=65024 Len=1448 TSval=2916033344 TSecr=3045553119 [TCP segment of a reassembled PDU]"
"8353","29.264259441","192.168.1.55","192.168.1.2","TCP","1514","8004  >  49900 [ACK] Seq=443278 Ack=144 Win=65024 Len=1448 TSval=2916033344 TSecr=3045553119 [TCP segment of a reassembled PDU]"
"8354","29.264260867","192.168.1.55","192.168.1.2","TCP","1514","8004  >  49900 [ACK] Seq=444726 Ack=144 Win=65024 Len=1448 TSval=2916033344 TSecr=3045553119 [TCP segment of a reassembled PDU]"
"8355","29.264262700","192.168.1.55","192.168.1.2","TCP","1514","8004  >  49900 [ACK] Seq=446174 Ack=144 Win=65024 Len=1448 TSval=2916033344 TSecr=3045553119 [TCP segment of a reassembled PDU]"
"8356","29.264264052","192.168.1.55","192.168.1.2","TCP","1514","8004  >  49900 [ACK] Seq=447622 Ack=144 Win=65024 Len=1448 TSval=2916033344 TSecr=3045553119 [TCP segment of a reassembled PDU]"
"8357","29.264265348","192.168.1.55","192.168.1.2","TCP","1514","8004  >  49900 [ACK] Seq=449070 Ack=144 Win=65024 Len=1448 TSval=2916033344 TSecr=3045553119 [TCP segment of a reassembled PDU]"
"8358","29.264266830","192.168.1.55","192.168.1.2","TCP","1514","8004  >  49900 [ACK] Seq=450518 Ack=144 Win=65024 Len=1448 TSval=2916033344 TSecr=3045553119 [TCP segment of a reassembled PDU]"
"8359","29.264268219","192.168.1.55","192.168.1.2","TCP","1514","8004  >  49900 [ACK] Seq=451966 Ack=144 Win=65024 Len=1448 TSval=2916033344 TSecr=3045553119 [TCP segment of a reassembled PDU]"
"8360","29.264269756","192.168.1.55","192.168.1.2","TCP","1514","8004  >  49900 [ACK] Seq=453414 Ack=144 Win=65024 Len=1448 TSval=2916033344 TSecr=3045553119 [TCP segment of a reassembled PDU]"
"8361","29.264271219","192.168.1.55","192.168.1.2","TCP","1514","8004  >  49900 [ACK] Seq=454862 Ack=144 Win=65024 Len=1448 TSval=2916033344 TSecr=3045553119 [TCP segment of a reassembled PDU]"
"8362","29.264272533","192.168.1.55","192.168.1.2","TCP","1514","8004  >  49900 [ACK] Seq=456310 Ack=144 Win=65024 Len=1448 TSval=2916033344 TSecr=3045553119 [TCP segment of a reassembled PDU]"
"8363","29.264273941","192.168.1.55","192.168.1.2","TCP","1514","8004  >  49900 [ACK] Seq=457758 Ack=144 Win=65024 Len=1448 TSval=2916033344 TSecr=3045553119 [TCP segment of a reassembled PDU]"
"8364","29.264275330","192.168.1.55","192.168.1.2","TCP","1514","8004  >  49900 [ACK] Seq=459206 Ack=144 Win=65024 Len=1448 TSval=2916033344 TSecr=3045553119 [TCP segment of a reassembled PDU]"
"8365","29.264276645","192.168.1.55","192.168.1.2","TCP","1514","8004  >  49900 [ACK] Seq=460654 Ack=144 Win=65024 Len=1448 TSval=2916033344 TSecr=3045553119 [TCP segment of a reassembled PDU]"
"8366","29.264278126","192.168.1.55","192.168.1.2","TCP","1514","8004  >  49900 [ACK] Seq=462102 Ack=144 Win=65024 Len=1448 TSval=2916033344 TSecr=3045553119 [TCP segment of a reassembled PDU]"
"8367","29.264279533","192.168.1.55","192.168.1.2","TCP","1514","8004  >  49900 [ACK] Seq=463550 Ack=144 Win=65024 Len=1448 TSval=2916033344 TSecr=3045553119 [TCP segment of a reassembled PDU]"
"8368","29.264281108","192.168.1.55","192.168.1.2","TCP","1514","8004  >  49900 [ACK] Seq=464998 Ack=144 Win=65024 Len=1448 TSval=2916033344 TSecr=3045553119 [TCP segment of a reassembled PDU]"
"8369","29.264282441","192.168.1.55","192.168.1.2","TCP","1514","8004  >  49900 [ACK] Seq=466446 Ack=144 Win=65024 Len=1448 TSval=2916033344 TSecr=3045553119 [TCP segment of a reassembled PDU]"
"8370","29.264283756","192.168.1.55","192.168.1.2","TCP","1514","8004  >  49900 [ACK] Seq=467894 Ack=144 Win=65024 Len=1448 TSval=2916033344 TSecr=3045553119 [TCP segment of a reassembled PDU]"
"8371","29.264285089","192.168.1.55","192.168.1.2","TCP","1514","8004  >  49900 [ACK] Seq=469342 Ack=144 Win=65024 Len=1448 TSval=2916033344 TSecr=3045553119 [TCP segment of a reassembled PDU]"
"8372","29.264286608","192.168.1.55","192.168.1.2","TCP","1514","8004  >  49900 [ACK] Seq=470790 Ack=144 Win=65024 Len=1448 TSval=2916033344 TSecr=3045553119 [TCP segment of a reassembled PDU]"
"8373","29.264287996","192.168.1.55","192.168.1.2","TCP","1514","8004  >  49900 [ACK] Seq=472238 Ack=144 Win=65024 Len=1448 TSval=2916033344 TSecr=3045553119 [TCP segment of a reassembled PDU]"
"8374","29.264289293","192.168.1.55","192.168.1.2","TCP","1514","8004  >  49900 [ACK] Seq=473686 Ack=144 Win=65024 Len=1448 TSval=2916033344 TSecr=3045553119 [TCP segment of a reassembled PDU]"
"8375","29.264290793","192.168.1.55","192.168.1.2","TCP","1514","8004  >  49900 [ACK] Seq=475134 Ack=144 Win=65024 Len=1448 TSval=2916033344 TSecr=3045553119 [TCP segment of a reassembled PDU]"
"8376","29.264298441","192.168.1.55","192.168.1.2","TCP","1514","8004  >  49900 [ACK] Seq=476582 Ack=144 Win=65024 Len=1448 TSval=2916033344 TSecr=3045553119 [TCP segment of a reassembled PDU]"
"8377","29.264299867","192.168.1.55","192.168.1.2","TCP","1514","8004  >  49900 [ACK] Seq=478030 Ack=144 Win=65024 Len=1448 TSval=2916033344 TSecr=3045553119 [TCP segment of a reassembled PDU]"
"8378","29.264301311","192.168.1.55","192.168.1.2","TCP","1514","8004  >  49900 [PSH, ACK] Seq=479478 Ack=144 Win=65024 Len=1448 TSval=2916033344 TSecr=3045553119 [TCP segment of a reassembled PDU]"
"8379","29.264319441","192.168.1.55","192.168.1.2","TCP","1514","8004  >  49900 [ACK] Seq=480926 Ack=144 Win=65024 Len=1448 TSval=2916033344 TSecr=3045553119 [TCP segment of a reassembled PDU]"
"8380","29.264320885","192.168.1.55","192.168.1.2","TCP","1514","8004  >  49900 [ACK] Seq=482374 Ack=144 Win=65024 Len=1448 TSval=2916033344 TSecr=3045553119 [TCP segment of a reassembled PDU]"
"8381","29.264322274","192.168.1.55","192.168.1.2","TCP","1514","8004  >  49900 [ACK] Seq=483822 Ack=144 Win=65024 Len=1448 TSval=2916033344 TSecr=3045553119 [TCP segment of a reassembled PDU]"
"8382","29.264323552","192.168.1.55","192.168.1.2","TCP","1514","8004  >  49900 [ACK] Seq=485270 Ack=144 Win=65024 Len=1448 TSval=2916033344 TSecr=3045553119 [TCP segment of a reassembled PDU]"
"8383","29.264325534","192.168.1.55","192.168.1.2","TCP","1514","8004  >  49900 [ACK] Seq=486718 Ack=144 Win=65024 Len=1448 TSval=2916033344 TSecr=3045553119 [TCP segment of a reassembled PDU]"
"8384","29.264326922","192.168.1.55","192.168.1.2","TCP","1514","8004  >  49900 [ACK] Seq=488166 Ack=144 Win=65024 Len=1448 TSval=2916033344 TSecr=3045553119 [TCP segment of a reassembled PDU]"
"8385","29.264328237","192.168.1.55","192.168.1.2","TCP","1514","8004  >  49900 [ACK] Seq=489614 Ack=144 Win=65024 Len=1448 TSval=2916033344 TSecr=3045553119 [TCP segment of a reassembled PDU]"
"8386","29.264329645","192.168.1.55","192.168.1.2","TCP","1514","8004  >  49900 [ACK] Seq=491062 Ack=144 Win=65024 Len=1448 TSval=2916033344 TSecr=3045553119 [TCP segment of a reassembled PDU]"
"8387","29.264330997","192.168.1.55","192.168.1.2","TCP","1514","8004  >  49900 [ACK] Seq=492510 Ack=144 Win=65024 Len=1448 TSval=2916033344 TSecr=3045553119 [TCP segment of a reassembled PDU]"
"8388","29.264332441","192.168.1.55","192.168.1.2","TCP","1514","8004  >  49900 [ACK] Seq=493958 Ack=144 Win=65024 Len=1448 TSval=2916033344 TSecr=3045553119 [TCP segment of a reassembled PDU]"
"8389","29.264334089","192.168.1.55","192.168.1.2","TCP","1514","8004  >  49900 [ACK] Seq=495406 Ack=144 Win=65024 Len=1448 TSval=2916033344 TSecr=3045553119 [TCP segment of a reassembled PDU]"
"8390","29.264335404","192.168.1.55","192.168.1.2","TCP","1514","8004  >  49900 [PSH, ACK] Seq=496854 Ack=144 Win=65024 Len=1448 TSval=2916033344 TSecr=3045553119 [TCP segment of a reassembled PDU]"
"8391","29.264340145","192.168.1.55","192.168.1.2","HTTP","222","HTTP/1.0 200 OK  (PNG)"
"8392","29.264345719","192.168.1.2","192.168.1.55","TCP","66","49900  >  8004 [ACK] Seq=144 Ack=391150 Win=110592 Len=0 TSval=3045553119 TSecr=2916033338"
"8393","29.269902283","192.168.1.2","192.168.1.55","TCP","66","49900  >  8004 [ACK] Seq=144 Ack=435486 Win=138240 Len=0 TSval=3045553125 TSecr=2916033343"
"8394","29.270006431","192.168.1.2","192.168.1.55","TCP","66","49900  >  8004 [ACK] Seq=144 Ack=493958 Win=81920 Len=0 TSval=3045553125 TSecr=2916033344"
"8395","29.270728951","192.168.1.2","192.168.1.55","TCP","66","49900  >  8004 [ACK] Seq=144 Ack=498302 Win=77824 Len=0 TSval=3045553126 TSecr=2916033344"
"8396","29.272164083","192.168.1.2","192.168.1.55","TCP","66","49900  >  8004 [FIN, ACK] Seq=144 Ack=498459 Win=157696 Len=0 TSval=3045553127 TSecr=2916033344"
"8397","29.272178287","192.168.1.55","192.168.1.2","TCP","66","8004  >  49900 [ACK] Seq=498459 Ack=145 Win=65024 Len=0 TSval=2916033352 TSecr=3045553127"
"8398","29.272288046","192.168.1.2","192.168.1.55","TCP","74","49902  >  8004 [SYN] Seq=0 Win=64240 Len=0 MSS=1460 SACK_PERM TSval=3045553127 TSecr=0 WS=1024"
"8399","29.272315620","192.168.1.55","192.168.1.2","TCP","74","8004  >  49902 [SYN, ACK] Seq=0 Ack=1 Win=65160 Len=0 MSS=1460 SACK_PERM TSval=2916033353 TSecr=3045553127 WS=128"
"8400","29.275440032","192.168.1.2","192.168.1.55","TCP","66","49902  >  8004 [ACK] Seq=1 Ack=1 Win=64512 Len=0 TSval=3045553130 TSecr=2916033353"
"8401","29.278672908","192.168.1.2","192.168.1.55","HTTP","206","GET /stego_benchmark.png HTTP/1.1 "
"8402","29.278686352","192.168.1.55","192.168.1.2","TCP","66","8004  >  49902 [ACK] Seq=1 Ack=141 Win=65024 Len=0 TSval=2916033359 TSecr=3045553130"
"8403","29.279163723","192.168.1.55","192.168.1.2","TCP","255","8004  >  49902 [PSH, ACK] Seq=1 Ack=141 Win=65024 Len=189 TSval=2916033359 TSecr=3045553130 [TCP segment of a reassembled PDU]"
"8404","29.279248224","192.168.1.55","192.168.1.2","TCP","1514","8004  >  49902 [ACK] Seq=190 Ack=141 Win=65024 Len=1448 TSval=2916033359 TSecr=3045553130 [TCP segment of a reassembled PDU]"
"8405","29.279252372","192.168.1.55","192.168.1.2","TCP","1514","8004  >  49902 [ACK] Seq=1638 Ack=141 Win=65024 Len=1448 TSval=2916033359 TSecr=3045553130 [TCP segment of a reassembled PDU]"
"8406","29.279253853","192.168.1.55","192.168.1.2","TCP","1514","8004  >  49902 [ACK] Seq=3086 Ack=141 Win=65024 Len=1448 TSval=2916033359 TSecr=3045553130 [TCP segment of a reassembled PDU]"
"8407","29.279255242","192.168.1.55","192.168.1.2","TCP","1514","8004  >  49902 [ACK] Seq=4534 Ack=141 Win=65024 Len=1448 TSval=2916033359 TSecr=3045553130 [TCP segment of a reassembled PDU]"
"8408","29.279262983","192.168.1.55","192.168.1.2","TCP","1514","8004  >  49902 [PSH, ACK] Seq=5982 Ack=141 Win=65024 Len=1448 TSval=2916033359 TSecr=3045553130 [TCP segment of a reassembled PDU]"
"8409","29.279281242","192.168.1.55","192.168.1.2","TCP","1514","8004  >  49902 [ACK] Seq=7430 Ack=141 Win=65024 Len=1448 TSval=2916033359 TSecr=3045553130 [TCP segment of a reassembled PDU]"
"8410","29.279283168","192.168.1.55","192.168.1.2","TCP","1514","8004  >  49902 [ACK] Seq=8878 Ack=141 Win=65024 Len=1448 TSval=2916033359 TSecr=3045553130 [TCP segment of a reassembled PDU]"
"8411","29.279284724","192.168.1.55","192.168.1.2","TCP","1514","8004  >  49902 [ACK] Seq=10326 Ack=141 Win=65024 Len=1448 TSval=2916033359 TSecr=3045553130 [TCP segment of a reassembled PDU]"
"8412","29.279286020","192.168.1.55","192.168.1.2","TCP","1514","8004  >  49902 [PSH, ACK] Seq=11774 Ack=141 Win=65024 Len=1448 TSval=2916033359 TSecr=3045553130 [TCP segment of a reassembled PDU]"
"8413","29.282789118","192.168.1.2","192.168.1.55","TCP","66","49902  >  8004 [ACK] Seq=141 Ack=190 Win=64512 Len=0 TSval=3045553137 TSecr=2916033359"
"8414","29.282851359","192.168.1.55","192.168.1.2","TCP","1514","8004  >  49902 [ACK] Seq=13222 Ack=141 Win=65024 Len=1448 TSval=2916033363 TSecr=3045553137 [TCP segment of a reassembled PDU]"
"8415","29.282857155","192.168.1.55","192.168.1.2","TCP","1514","8004  >  49902 [PSH, ACK] Seq=14670 Ack=141 Win=65024 Len=1448 TSval=2916033363 TSecr=3045553137 [TCP segment of a reassembled PDU]"
"8416","29.282983878","192.168.1.2","192.168.1.55","TCP","66","49902  >  8004 [ACK] Seq=141 Ack=3086 Win=70656 Len=0 TSval=3045553137 TSecr=2916033359"
"8417","29.283015563","192.168.1.2","192.168.1.55","TCP","66","49902  >  8004 [ACK] Seq=141 Ack=4534 Win=73728 Len=0 TSval=3045553137 TSecr=2916033359"
"8418","29.283071637","192.168.1.55","192.168.1.2","TCP","1514","8004  >  49902 [ACK] Seq=16118 Ack=141 Win=65024 Len=1448 TSval=2916033363 TSecr=3045553137 [TCP segment of a reassembled PDU]"
"8419","29.283077859","192.168.1.55","192.168.1.2","TCP","1514","8004  >  49902 [ACK] Seq=17566 Ack=141 Win=65024 Len=1448 TSval=2916033363 TSecr=3045553137 [TCP segment of a reassembled PDU]"
"8420","29.283081026","192.168.1.55","192.168.1.2","TCP","1514","8004  >  49902 [ACK] Seq=19014 Ack=141 Win=65024 Len=1448 TSval=2916033363 TSecr=3045553137 [TCP segment of a reassembled PDU]"
"8421","29.283082544","192.168.1.55","192.168.1.2","TCP","1514","8004  >  49902 [ACK] Seq=20462 Ack=141 Win=65024 Len=1448 TSval=2916033363 TSecr=3045553137 [TCP segment of a reassembled PDU]"
"8422","29.283085489","192.168.1.55","192.168.1.2","TCP","1514","8004  >  49902 [ACK] Seq=21910 Ack=141 Win=65024 Len=1448 TSval=2916033363 TSecr=3045553137 [TCP segment of a reassembled PDU]"
"8423","29.283089081","192.168.1.55","192.168.1.2","TCP","1514","8004  >  49902 [PSH, ACK] Seq=23358 Ack=141 Win=65024 Len=1448 TSval=2916033363 TSecr=3045553137 [TCP segment of a reassembled PDU]"
"8424","29.283098544","192.168.1.2","192.168.1.55","TCP","66","49902  >  8004 [ACK] Seq=141 Ack=7430 Win=79872 Len=0 TSval=3045553138 TSecr=2916033359"
"8425","29.283117563","192.168.1.2","192.168.1.55","TCP","66","49902  >  8004 [ACK] Seq=141 Ack=13222 Win=84992 Len=0 TSval=3045553138 TSecr=2916033359"
"8426","29.283182952","192.168.1.55","192.168.1.2","TCP","1514","8004  >  49902 [ACK] Seq=24806 Ack=141 Win=65024 Len=1448 TSval=2916033363 TSecr=3045553138 [TCP segment of a reassembled PDU]"
"8427","29.283189452","192.168.1.55","192.168.1.2","TCP","1514","8004  >  49902 [ACK] Seq=26254 Ack=141 Win=65024 Len=1448 TSval=2916033363 TSecr=3045553138 [TCP segment of a reassembled PDU]"
"8428","29.283191582","192.168.1.55","192.168.1.2","TCP","1514","8004  >  49902 [ACK] Seq=27702 Ack=141 Win=65024 Len=1448 TSval=2916033363 TSecr=3045553138 [TCP segment of a reassembled PDU]"
"8429","29.283193970","192.168.1.55","192.168.1.2","TCP","1514","8004  >  49902 [ACK] Seq=29150 Ack=141 Win=65024 Len=1448 TSval=2916033363 TSecr=3045553138 [TCP segment of a reassembled PDU]"
"8430","29.283195970","192.168.1.55","192.168.1.2","TCP","1514","8004  >  49902 [ACK] Seq=30598 Ack=141 Win=65024 Len=1448 TSval=2916033363 TSecr=3045553138 [TCP segment of a reassembled PDU]"
"8431","29.283198137","192.168.1.55","192.168.1.2","TCP","1514","8004  >  49902 [ACK] Seq=32046 Ack=141 Win=65024 Len=1448 TSval=2916033363 TSecr=3045553138 [TCP segment of a reassembled PDU]"
"8432","29.283201526","192.168.1.55","192.168.1.2","TCP","1514","8004  >  49902 [ACK] Seq=33494 Ack=141 Win=65024 Len=1448 TSval=2916033363 TSecr=3045553138 [TCP segment of a reassembled PDU]"
"8433","29.283203915","192.168.1.55","192.168.1.2","TCP","1514","8004  >  49902 [ACK] Seq=34942 Ack=141 Win=65024 Len=1448 TSval=2916033363 TSecr=3045553138 [TCP segment of a reassembled PDU]"
"8434","29.283205878","192.168.1.55","192.168.1.2","TCP","1514","8004  >  49902 [ACK] Seq=36390 Ack=141 Win=65024 Len=1448 TSval=2916033363 TSecr=3045553138 [TCP segment of a reassembled PDU]"
"8435","29.283208378","192.168.1.55","192.168.1.2","TCP","1514","8004  >  49902 [PSH, ACK] Seq=37838 Ack=141 Win=65024 Len=1448 TSval=2916033363 TSecr=3045553138 [TCP segment of a reassembled PDU]"
"8436","29.284234787","192.168.1.55","192.168.1.2","TCP","1514","8004  >  49902 [ACK] Seq=39286 Ack=141 Win=65024 Len=1448 TSval=2916033364 TSecr=3045553138 [TCP segment of a reassembled PDU]"
"8437","29.284240731","192.168.1.55","192.168.1.2","TCP","1514","8004  >  49902 [PSH, ACK] Seq=40734 Ack=141 Win=65024 Len=1448 TSval=2916033364 TSecr=3045553138 [TCP segment of a reassembled PDU]"
"8438","29.288246330","192.168.1.2","192.168.1.55","TCP","66","49902  >  8004 [ACK] Seq=141 Ack=16118 Win=90112 Len=0 TSval=3045553142 TSecr=2916033363"
"8439","29.288303608","192.168.1.55","192.168.1.2","TCP","1514","8004  >  49902 [ACK] Seq=42182 Ack=141 Win=65024 Len=1448 TSval=2916033368 TSecr=3045553142 [TCP segment of a reassembled PDU]"
"8440","29.288308701","192.168.1.55","192.168.1.2","TCP","1514","8004  >  49902 [PSH, ACK] Seq=43630 Ack=141 Win=65024 Len=1448 TSval=2916033368 TSecr=3045553142 [TCP segment of a reassembled PDU]"
"8441","29.288383442","192.168.1.2","192.168.1.55","TCP","66","49902  >  8004 [ACK] Seq=141 Ack=24806 Win=81920 Len=0 TSval=3045553142 TSecr=2916033363"
"8442","29.288417497","192.168.1.55","192.168.1.2","TCP","1514","8004  >  49902 [ACK] Seq=45078 Ack=141 Win=65024 Len=1448 TSval=2916033369 TSecr=3045553142 [TCP segment of a reassembled PDU]"
"8443","29.288420590","192.168.1.55","192.168.1.2","TCP","1514","8004  >  49902 [ACK] Seq=46526 Ack=141 Win=65024 Len=1448 TSval=2916033369 TSecr=3045553142 [TCP segment of a reassembled PDU]"
"8444","29.288422238","192.168.1.55","192.168.1.2","TCP","1514","8004  >  49902 [ACK] Seq=47974 Ack=141 Win=65024 Len=1448 TSval=2916033369 TSecr=3045553142 [TCP segment of a reassembled PDU]"
"8445","29.288423775","192.168.1.55","192.168.1.2","TCP","1514","8004  >  49902 [ACK] Seq=49422 Ack=141 Win=65024 Len=1448 TSval=2916033369 TSecr=3045553142 [TCP segment of a reassembled PDU]"
"8446","29.288425127","192.168.1.55","192.168.1.2","TCP","1514","8004  >  49902 [ACK] Seq=50870 Ack=141 Win=65024 Len=1448 TSval=2916033369 TSecr=3045553142 [TCP segment of a reassembled PDU]"
"8447","29.288426590","192.168.1.55","192.168.1.2","TCP","1514","8004  >  49902 [ACK] Seq=52318 Ack=141 Win=65024 Len=1448 TSval=2916033369 TSecr=3045553142 [TCP segment of a reassembled PDU]"
"8448","29.288428034","192.168.1.55","192.168.1.2","TCP","1514","8004  >  49902 [ACK] Seq=53766 Ack=141 Win=65024 Len=1448 TSval=2916033369 TSecr=3045553142 [TCP segment of a reassembled PDU]"
"8449","29.288429849","192.168.1.55","192.168.1.2","TCP","1514","8004  >  49902 [ACK] Seq=55214 Ack=141 Win=65024 Len=1448 TSval=2916033369 TSecr=3045553142 [TCP segment of a reassembled PDU]"
"8450","29.288432349","192.168.1.55","192.168.1.2","TCP","1514","8004  >  49902 [ACK] Seq=56662 Ack=141 Win=65024 Len=1448 TSval=2916033369 TSecr=3045553142 [TCP segment of a reassembled PDU]"
"8451","29.288434330","192.168.1.55","192.168.1.2","TCP","1514","8004  >  49902 [ACK] Seq=58110 Ack=141 Win=65024 Len=1448 TSval=2916033369 TSecr=3045553142 [TCP segment of a reassembled PDU]"
"8452","29.288435645","192.168.1.55","192.168.1.2","TCP","1514","8004  >  49902 [ACK] Seq=59558 Ack=141 Win=65024 Len=1448 TSval=2916033369 TSecr=3045553142 [TCP segment of a reassembled PDU]"
"8453","29.288437071","192.168.1.55","192.168.1.2","TCP","1514","8004  >  49902 [ACK] Seq=61006 Ack=141 Win=65024 Len=1448 TSval=2916033369 TSecr=3045553142 [TCP segment of a reassembled PDU]"
"8454","29.288438627","192.168.1.55","192.168.1.2","TCP","1514","8004  >  49902 [ACK] Seq=62454 Ack=141 Win=65024 Len=1448 TSval=2916033369 TSecr=3045553142 [TCP segment of a reassembled PDU]"
"8455","29.288440071","192.168.1.55","192.168.1.2","TCP","1514","8004  >  49902 [PSH, ACK] Seq=63902 Ack=141 Win=65024 Len=1448 TSval=2916033369 TSecr=3045553142 [TCP segment of a reassembled PDU]"
"8456","29.288447164","192.168.1.2","192.168.1.55","TCP","66","49902  >  8004 [ACK] Seq=141 Ack=36390 Win=71680 Len=0 TSval=3045553143 TSecr=2916033363"
"8457","29.288481127","192.168.1.55","192.168.1.2","TCP","1514","8004  >  49902 [ACK] Seq=65350 Ack=141 Win=65024 Len=1448 TSval=2916033369 TSecr=3045553143 [TCP segment of a reassembled PDU]"
"8458","29.288483553","192.168.1.55","192.168.1.2","TCP","1514","8004  >  49902 [ACK] Seq=66798 Ack=141 Win=65024 Len=1448 TSval=2916033369 TSecr=3045553143 [TCP segment of a reassembled PDU]"
"8459","29.288484886","192.168.1.55","192.168.1.2","TCP","1514","8004  >  49902 [ACK] Seq=68246 Ack=141 Win=65024 Len=1448 TSval=2916033369 TSecr=3045553143 [TCP segment of a reassembled PDU]"
"8460","29.288486294","192.168.1.55","192.168.1.2","TCP","1514","8004  >  49902 [ACK] Seq=69694 Ack=141 Win=65024 Len=1448 TSval=2916033369 TSecr=3045553143 [TCP segment of a reassembled PDU]"
"8461","29.288487645","192.168.1.55","192.168.1.2","TCP","1514","8004  >  49902 [ACK] Seq=71142 Ack=141 Win=65024 Len=1448 TSval=2916033369 TSecr=3045553143 [TCP segment of a reassembled PDU]"
"8462","29.288489182","192.168.1.55","192.168.1.2","TCP","1514","8004  >  49902 [ACK] Seq=72590 Ack=141 Win=65024 Len=1448 TSval=2916033369 TSecr=3045553143 [TCP segment of a reassembled PDU]"
"8463","29.288491794","192.168.1.55","192.168.1.2","TCP","1514","8004  >  49902 [ACK] Seq=74038 Ack=141 Win=65024 Len=1448 TSval=2916033369 TSecr=3045553143 [TCP segment of a reassembled PDU]"
"8464","29.288493479","192.168.1.55","192.168.1.2","TCP","1514","8004  >  49902 [PSH, ACK] Seq=75486 Ack=141 Win=65024 Len=1448 TSval=2916033369 TSecr=3045553143 [TCP segment of a reassembled PDU]"
"8465","29.291611595","192.168.1.2","192.168.1.55","TCP","66","49902  >  8004 [ACK] Seq=141 Ack=39286 Win=69632 Len=0 TSval=3045553144 TSecr=2916033363"
"8466","29.291668317","192.168.1.55","192.168.1.2","TCP","1514","8004  >  49902 [ACK] Seq=76934 Ack=141 Win=65024 Len=1448 TSval=2916033372 TSecr=3045553144 [TCP segment of a reassembled PDU]"
"8467","29.291673224","192.168.1.55","192.168.1.2","TCP","1514","8004  >  49902 [ACK] Seq=78382 Ack=141 Win=65024 Len=1448 TSval=2916033372 TSecr=3045553144 [TCP segment of a reassembled PDU]"
"8468","29.291675410","192.168.1.55","192.168.1.2","TCP","1514","8004  >  49902 [ACK] Seq=79830 Ack=141 Win=65024 Len=1448 TSval=2916033372 TSecr=3045553144 [TCP segment of a reassembled PDU]"
"8469","29.291677261","192.168.1.55","192.168.1.2","TCP","1514","8004  >  49902 [ACK] Seq=81278 Ack=141 Win=65024 Len=1448 TSval=2916033372 TSecr=3045553144 [TCP segment of a reassembled PDU]"
"8470","29.291678761","192.168.1.55","192.168.1.2","TCP","1514","8004  >  49902 [ACK] Seq=82726 Ack=141 Win=65024 Len=1448 TSval=2916033372 TSecr=3045553144 [TCP segment of a reassembled PDU]"
"8471","29.291680150","192.168.1.55","192.168.1.2","TCP","1514","8004  >  49902 [ACK] Seq=84174 Ack=141 Win=65024 Len=1448 TSval=2916033372 TSecr=3045553144 [TCP segment of a reassembled PDU]"
"8472","29.291681576","192.168.1.55","192.168.1.2","TCP","1514","8004  >  49902 [ACK] Seq=85622 Ack=141 Win=65024 Len=1448 TSval=2916033372 TSecr=3045553144 [TCP segment of a reassembled PDU]"
"8473","29.291683002","192.168.1.55","192.168.1.2","TCP","1514","8004  >  49902 [ACK] Seq=87070 Ack=141 Win=65024 Len=1448 TSval=2916033372 TSecr=3045553144 [TCP segment of a reassembled PDU]"
"8474","29.291684484","192.168.1.55","192.168.1.2","TCP","1514","8004  >  49902 [ACK] Seq=88518 Ack=141 Win=65024 Len=1448 TSval=2916033372 TSecr=3045553144 [TCP segment of a reassembled PDU]"
"8475","29.291686280","192.168.1.55","192.168.1.2","TCP","1514","8004  >  49902 [ACK] Seq=89966 Ack=141 Win=65024 Len=1448 TSval=2916033372 TSecr=3045553144 [TCP segment of a reassembled PDU]"
"8476","29.291688521","192.168.1.55","192.168.1.2","TCP","1514","8004  >  49902 [ACK] Seq=91414 Ack=141 Win=65024 Len=1448 TSval=2916033372 TSecr=3045553144 [TCP segment of a reassembled PDU]"
"8477","29.291690947","192.168.1.55","192.168.1.2","TCP","1514","8004  >  49902 [PSH, ACK] Seq=92862 Ack=141 Win=65024 Len=1448 TSval=2916033372 TSecr=3045553144 [TCP segment of a reassembled PDU]"
"8478","29.291725613","192.168.1.2","192.168.1.55","TCP","66","49902  >  8004 [ACK] Seq=141 Ack=42182 Win=67584 Len=0 TSval=3045553144 TSecr=2916033364"
"8479","29.293816876","192.168.1.2","192.168.1.55","TCP","66","49902  >  8004 [ACK] Seq=141 Ack=45078 Win=88064 Len=0 TSval=3045553147 TSecr=2916033368"
"8480","29.293837135","192.168.1.55","192.168.1.2","TCP","1514","8004  >  49902 [ACK] Seq=94310 Ack=141 Win=65024 Len=1448 TSval=2916033374 TSecr=3045553147 [TCP segment of a reassembled PDU]"
"8481","29.293839709","192.168.1.55","192.168.1.2","TCP","1514","8004  >  49902 [ACK] Seq=95758 Ack=141 Win=65024 Len=1448 TSval=2916033374 TSecr=3045553147 [TCP segment of a reassembled PDU]"
"8482","29.293841080","192.168.1.55","192.168.1.2","TCP","1514","8004  >  49902 [ACK] Seq=97206 Ack=141 Win=65024 Len=1448 TSval=2916033374 TSecr=3045553147 [TCP segment of a reassembled PDU]"
"8483","29.293843283","192.168.1.55","192.168.1.2","TCP","1514","8004  >  49902 [ACK] Seq=98654 Ack=141 Win=65024 Len=1448 TSval=2916033374 TSecr=3045553147 [TCP segment of a reassembled PDU]"
"8484","29.293844783","192.168.1.55","192.168.1.2","TCP","1514","8004  >  49902 [ACK] Seq=100102 Ack=141 Win=65024 Len=1448 TSval=2916033374 TSecr=3045553147 [TCP segment of a reassembled PDU]"
"8485","29.293845969","192.168.1.55","192.168.1.2","TCP","1514","8004  >  49902 [ACK] Seq=101550 Ack=141 Win=65024 Len=1448 TSval=2916033374 TSecr=3045553147 [TCP segment of a reassembled PDU]"
"8486","29.293847413","192.168.1.55","192.168.1.2","TCP","1514","8004  >  49902 [ACK] Seq=102998 Ack=141 Win=65024 Len=1448 TSval=2916033374 TSecr=3045553147 [TCP segment of a reassembled PDU]"
"8487","29.293849709","192.168.1.55","192.168.1.2","TCP","1514","8004  >  49902 [PSH, ACK] Seq=104446 Ack=141 Win=65024 Len=1448 TSval=2916033374 TSecr=3045553147 [TCP segment of a reassembled PDU]"
"8488","29.294252895","192.168.1.2","192.168.1.55","TCP","66","49902  >  8004 [ACK] Seq=141 Ack=65350 Win=69632 Len=0 TSval=3045553147 TSecr=2916033369"
"8489","29.294267691","192.168.1.55","192.168.1.2","TCP","1514","8004  >  49902 [ACK] Seq=105894 Ack=141 Win=65024 Len=1448 TSval=2916033374 TSecr=3045553147 [TCP segment of a reassembled PDU]"
"8490","29.294270210","192.168.1.55","192.168.1.2","TCP","1514","8004  >  49902 [ACK] Seq=107342 Ack=141 Win=65024 Len=1448 TSval=2916033374 TSecr=3045553147 [TCP segment of a reassembled PDU]"
"8491","29.294271469","192.168.1.55","192.168.1.2","TCP","1514","8004  >  49902 [ACK] Seq=108790 Ack=141 Win=65024 Len=1448 TSval=2916033374 TSecr=3045553147 [TCP segment of a reassembled PDU]"
"8492","29.294274154","192.168.1.55","192.168.1.2","TCP","1514","8004  >  49902 [ACK] Seq=110238 Ack=141 Win=65024 Len=1448 TSval=2916033374 TSecr=3045553147 [TCP segment of a reassembled PDU]"
"8493","29.294275710","192.168.1.55","192.168.1.2","TCP","1514","8004  >  49902 [ACK] Seq=111686 Ack=141 Win=65024 Len=1448 TSval=2916033374 TSecr=3045553147 [TCP segment of a reassembled PDU]"
"8494","29.294276914","192.168.1.55","192.168.1.2","TCP","1514","8004  >  49902 [ACK] Seq=113134 Ack=141 Win=65024 Len=1448 TSval=2916033374 TSecr=3045553147 [TCP segment of a reassembled PDU]"
"8495","29.294279154","192.168.1.55","192.168.1.2","TCP","1514","8004  >  49902 [ACK] Seq=114582 Ack=141 Win=65024 Len=1448 TSval=2916033374 TSecr=3045553147 [TCP segment of a reassembled PDU]"
"8496","29.294281303","192.168.1.55","192.168.1.2","TCP","1514","8004  >  49902 [ACK] Seq=116030 Ack=141 Win=65024 Len=1448 TSval=2916033374 TSecr=3045553147 [TCP segment of a reassembled PDU]"
"8497","29.294282377","192.168.1.55","192.168.1.2","TCP","1514","8004  >  49902 [PSH, ACK] Seq=117478 Ack=141 Win=65024 Len=1448 TSval=2916033374 TSecr=3045553147 [TCP segment of a reassembled PDU]"
"8498","29.294289191","192.168.1.2","192.168.1.55","TCP","66","49902  >  8004 [ACK] Seq=141 Ack=76934 Win=58368 Len=0 TSval=3045553147 TSecr=2916033369"
"8499","29.295684860","192.168.1.2","192.168.1.55","TCP","66","49902  >  8004 [ACK] Seq=141 Ack=91414 Win=75776 Len=0 TSval=3045553150 TSecr=2916033372"
"8500","29.295722823","192.168.1.55","192.168.1.2","TCP","1514","8004  >  49902 [ACK] Seq=118926 Ack=141 Win=65024 Len=1448 TSval=2916033376 TSecr=3045553150 [TCP segment of a reassembled PDU]"
"8501","29.295725360","192.168.1.55","192.168.1.2","TCP","1514","8004  >  49902 [ACK] Seq=120374 Ack=141 Win=65024 Len=1448 TSval=2916033376 TSecr=3045553150 [TCP segment of a reassembled PDU]"
"8502","29.295726638","192.168.1.55","192.168.1.2","TCP","1514","8004  >  49902 [ACK] Seq=121822 Ack=141 Win=65024 Len=1448 TSval=2916033376 TSecr=3045553150 [TCP segment of a reassembled PDU]"
"8503","29.295727842","192.168.1.55","192.168.1.2","TCP","1514","8004  >  49902 [ACK] Seq=123270 Ack=141 Win=65024 Len=1448 TSval=2916033376 TSecr=3045553150 [TCP segment of a reassembled PDU]"
"8504","29.295728971","192.168.1.55","192.168.1.2","TCP","1514","8004  >  49902 [ACK] Seq=124718 Ack=141 Win=65024 Len=1448 TSval=2916033376 TSecr=3045553150 [TCP segment of a reassembled PDU]"
"8505","29.295730101","192.168.1.55","192.168.1.2","TCP","1514","8004  >  49902 [ACK] Seq=126166 Ack=141 Win=65024 Len=1448 TSval=2916033376 TSecr=3045553150 [TCP segment of a reassembled PDU]"
"8506","29.295731305","192.168.1.55","192.168.1.2","TCP","1514","8004  >  49902 [ACK] Seq=127614 Ack=141 Win=65024 Len=1448 TSval=2916033376 TSecr=3045553150 [TCP segment of a reassembled PDU]"
"8507","29.295732601","192.168.1.55","192.168.1.2","TCP","1514","8004  >  49902 [ACK] Seq=129062 Ack=141 Win=65024 Len=1448 TSval=2916033376 TSecr=3045553150 [TCP segment of a reassembled PDU]"
"8508","29.295733916","192.168.1.55","192.168.1.2","TCP","1514","8004  >  49902 [ACK] Seq=130510 Ack=141 Win=65024 Len=1448 TSval=2916033376 TSecr=3045553150 [TCP segment of a reassembled PDU]"
"8509","29.295735009","192.168.1.55","192.168.1.2","TCP","1514","8004  >  49902 [ACK] Seq=131958 Ack=141 Win=65024 Len=1448 TSval=2916033376 TSecr=3045553150 [TCP segment of a reassembled PDU]"
"8510","29.295736194","192.168.1.55","192.168.1.2","TCP","1514","8004  >  49902 [ACK] Seq=133406 Ack=141 Win=65024 Len=1448 TSval=2916033376 TSecr=3045553150 [TCP segment of a reassembled PDU]"
"8511","29.295737323","192.168.1.55","192.168.1.2","TCP","1514","8004  >  49902 [ACK] Seq=134854 Ack=141 Win=65024 Len=1448 TSval=2916033376 TSecr=3045553150 [TCP segment of a reassembled PDU]"
"8512","29.295738583","192.168.1.55","192.168.1.2","TCP","1514","8004  >  49902 [ACK] Seq=136302 Ack=141 Win=65024 Len=1448 TSval=2916033376 TSecr=3045553150 [TCP segment of a reassembled PDU]"
"8513","29.295739694","192.168.1.55","192.168.1.2","TCP","1514","8004  >  49902 [ACK] Seq=137750 Ack=141 Win=65024 Len=1448 TSval=2916033376 TSecr=3045553150 [TCP segment of a reassembled PDU]"
"8514","29.295740768","192.168.1.55","192.168.1.2","TCP","1514","8004  >  49902 [ACK] Seq=139198 Ack=141 Win=65024 Len=1448 TSval=2916033376 TSecr=3045553150 [TCP segment of a reassembled PDU]"
"8515","29.295742027","192.168.1.55","192.168.1.2","TCP","1514","8004  >  49902 [ACK] Seq=140646 Ack=141 Win=65024 Len=1448 TSval=2916033376 TSecr=3045553150 [TCP segment of a reassembled PDU]"
"8516","29.295743231","192.168.1.55","192.168.1.2","TCP","1514","8004  >  49902 [ACK] Seq=142094 Ack=141 Win=65024 Len=1448 TSval=2916033376 TSecr=3045553150 [TCP segment of a reassembled PDU]"
"8517","29.295744434","192.168.1.55","192.168.1.2","TCP","1514","8004  >  49902 [ACK] Seq=143542 Ack=141 Win=65024 Len=1448 TSval=2916033376 TSecr=3045553150 [TCP segment of a reassembled PDU]"
"8518","29.295745490","192.168.1.55","192.168.1.2","TCP","1514","8004  >  49902 [ACK] Seq=144990 Ack=141 Win=65024 Len=1448 TSval=2916033376 TSecr=3045553150 [TCP segment of a reassembled PDU]"
"8519","29.295746657","192.168.1.55","192.168.1.2","TCP","1514","8004  >  49902 [ACK] Seq=146438 Ack=141 Win=65024 Len=1448 TSval=2916033376 TSecr=3045553150 [TCP segment of a reassembled PDU]"
"8520","29.295747860","192.168.1.55","192.168.1.2","TCP","1514","8004  >  49902 [ACK] Seq=147886 Ack=141 Win=65024 Len=1448 TSval=2916033376 TSecr=3045553150 [TCP segment of a reassembled PDU]"
"8521","29.295748934","192.168.1.55","192.168.1.2","TCP","1514","8004  >  49902 [ACK] Seq=149334 Ack=141 Win=65024 Len=1448 TSval=2916033376 TSecr=3045553150 [TCP segment of a reassembled PDU]"
"8522","29.295750212","192.168.1.55","192.168.1.2","TCP","1514","8004  >  49902 [ACK] Seq=150782 Ack=141 Win=65024 Len=1448 TSval=2916033376 TSecr=3045553150 [TCP segment of a reassembled PDU]"
"8523","29.295751397","192.168.1.55","192.168.1.2","TCP","1514","8004  >  49902 [ACK] Seq=152230 Ack=141 Win=65024 Len=1448 TSval=2916033376 TSecr=3045553150 [TCP segment of a reassembled PDU]"
"8524","29.295752657","192.168.1.55","192.168.1.2","TCP","1514","8004  >  49902 [ACK] Seq=153678 Ack=141 Win=65024 Len=1448 TSval=2916033376 TSecr=3045553150 [TCP segment of a reassembled PDU]"
"8525","29.295753860","192.168.1.55","192.168.1.2","TCP","1514","8004  >  49902 [ACK] Seq=155126 Ack=141 Win=65024 Len=1448 TSval=2916033376 TSecr=3045553150 [TCP segment of a reassembled PDU]"
"8526","29.295754916","192.168.1.55","192.168.1.2","TCP","1514","8004  >  49902 [ACK] Seq=156574 Ack=141 Win=65024 Len=1448 TSval=2916033376 TSecr=3045553150 [TCP segment of a reassembled PDU]"
"8527","29.295756286","192.168.1.55","192.168.1.2","TCP","1514","8004  >  49902 [ACK] Seq=158022 Ack=141 Win=65024 Len=1448 TSval=2916033376 TSecr=3045553150 [TCP segment of a reassembled PDU]"
"8528","29.295757731","192.168.1.55","192.168.1.2","TCP","1514","8004  >  49902 [PSH, ACK] Seq=159470 Ack=141 Win=65024 Len=1448 TSval=2916033376 TSecr=3045553150 [TCP segment of a reassembled PDU]"
"8529","29.300004163","192.168.1.2","192.168.1.55","TCP","66","49902  >  8004 [ACK] Seq=141 Ack=94310 Win=87040 Len=0 TSval=3045553151 TSecr=2916033372"
"8530","29.300048275","192.168.1.55","192.168.1.2","TCP","1514","8004  >  49902 [ACK] Seq=160918 Ack=141 Win=65024 Len=1448 TSval=2916033380 TSecr=3045553151 [TCP segment of a reassembled PDU]"
"8531","29.300051867","192.168.1.55","192.168.1.2","TCP","1514","8004  >  49902 [ACK] Seq=162366 Ack=141 Win=65024 Len=1448 TSval=2916033380 TSecr=3045553151 [TCP segment of a reassembled PDU]"
"8532","29.300053089","192.168.1.55","192.168.1.2","TCP","1514","8004  >  49902 [ACK] Seq=163814 Ack=141 Win=65024 Len=1448 TSval=2916033380 TSecr=3045553151 [TCP segment of a reassembled PDU]"
"8533","29.300054275","192.168.1.55","192.168.1.2","TCP","1514","8004  >  49902 [ACK] Seq=165262 Ack=141 Win=65024 Len=1448 TSval=2916033380 TSecr=3045553151 [TCP segment of a reassembled PDU]"
"8534","29.300055404","192.168.1.55","192.168.1.2","TCP","1514","8004  >  49902 [ACK] Seq=166710 Ack=141 Win=65024 Len=1448 TSval=2916033380 TSecr=3045553151 [TCP segment of a reassembled PDU]"
"8535","29.300056515","192.168.1.55","192.168.1.2","TCP","1514","8004  >  49902 [ACK] Seq=168158 Ack=141 Win=65024 Len=1448 TSval=2916033380 TSecr=3045553151 [TCP segment of a reassembled PDU]"
"8536","29.300057719","192.168.1.55","192.168.1.2","TCP","1514","8004  >  49902 [ACK] Seq=169606 Ack=141 Win=65024 Len=1448 TSval=2916033380 TSecr=3045553151 [TCP segment of a reassembled PDU]"
"8537","29.300058923","192.168.1.55","192.168.1.2","TCP","1514","8004  >  49902 [ACK] Seq=171054 Ack=141 Win=65024 Len=1448 TSval=2916033380 TSecr=3045553151 [TCP segment of a reassembled PDU]"
"8538","29.300060312","192.168.1.55","192.168.1.2","TCP","1514","8004  >  49902 [ACK] Seq=172502 Ack=141 Win=65024 Len=1448 TSval=2916033380 TSecr=3045553151 [TCP segment of a reassembled PDU]"
"8539","29.300061478","192.168.1.55","192.168.1.2","TCP","1514","8004  >  49902 [ACK] Seq=173950 Ack=141 Win=65024 Len=1448 TSval=2916033380 TSecr=3045553151 [TCP segment of a reassembled PDU]"
"8540","29.300062663","192.168.1.55","192.168.1.2","TCP","1514","8004  >  49902 [ACK] Seq=175398 Ack=141 Win=65024 Len=1448 TSval=2916033380 TSecr=3045553151 [TCP segment of a reassembled PDU]"
"8541","29.300063849","192.168.1.55","192.168.1.2","TCP","1514","8004  >  49902 [ACK] Seq=176846 Ack=141 Win=65024 Len=1448 TSval=2916033380 TSecr=3045553151 [TCP segment of a reassembled PDU]"
"8542","29.300065034","192.168.1.55","192.168.1.2","TCP","1514","8004  >  49902 [ACK] Seq=178294 Ack=141 Win=65024 Len=1448 TSval=2916033380 TSecr=3045553151 [TCP segment of a reassembled PDU]"
"8543","29.300066145","192.168.1.55","192.168.1.2","TCP","1514","8004  >  49902 [ACK] Seq=179742 Ack=141 Win=65024 Len=1448 TSval=2916033380 TSecr=3045553151 [TCP segment of a reassembled PDU]"
"8544","29.300067367","192.168.1.55","192.168.1.2","TCP","226","[TCP Window Full] 8004  >  49902 [PSH, ACK] Seq=181190 Ack=141 Win=65024 Len=160 TSval=2916033380 TSecr=3045553151 [TCP segment of a reassembled PDU]"
"8545","29.300095349","192.168.1.2","192.168.1.55","TCP","66","49902  >  8004 [ACK] Seq=141 Ack=97206 Win=84992 Len=0 TSval=3045553151 TSecr=2916033374"
"8546","29.302438186","192.168.1.2","192.168.1.55","TCP","66","49902  >  8004 [ACK] Seq=141 Ack=105894 Win=82944 Len=0 TSval=3045553155 TSecr=2916033374"
"8547","29.302458612","192.168.1.55","192.168.1.2","TCP","1514","8004  >  49902 [ACK] Seq=181350 Ack=141 Win=65024 Len=1448 TSval=2916033383 TSecr=3045553155 [TCP segment of a reassembled PDU]"
"8548","29.302462149","192.168.1.55","192.168.1.2","TCP","1514","8004  >  49902 [ACK] Seq=182798 Ack=141 Win=65024 Len=1448 TSval=2916033383 TSecr=3045553155 [TCP segment of a reassembled PDU]"
"8549","29.302463519","192.168.1.55","192.168.1.2","TCP","1514","8004  >  49902 [ACK] Seq=184246 Ack=141 Win=65024 Len=1448 TSval=2916033383 TSecr=3045553155 [TCP segment of a reassembled PDU]"
"8550","29.302464871","192.168.1.55","192.168.1.2","TCP","1514","8004  >  49902 [ACK] Seq=185694 Ack=141 Win=65024 Len=1448 TSval=2916033383 TSecr=3045553155 [TCP segment of a reassembled PDU]"
"8551","29.302466112","192.168.1.55","192.168.1.2","TCP","1514","8004  >  49902 [PSH, ACK] Seq=187142 Ack=141 Win=65024 Len=1448 TSval=2916033383 TSecr=3045553155 [TCP segment of a reassembled PDU]"
"8552","29.302777464","192.168.1.2","192.168.1.55","TCP","66","49902  >  8004 [ACK] Seq=141 Ack=118926 Win=70656 Len=0 TSval=3045553155 TSecr=2916033374"
"8553","29.302785742","192.168.1.2","192.168.1.55","TCP","66","49902  >  8004 [ACK] Seq=141 Ack=153678 Win=36864 Len=0 TSval=3045553155 TSecr=2916033376"
"8554","29.302791612","192.168.1.2","192.168.1.55","TCP","66","[TCP Window Update] 49902  >  8004 [ACK] Seq=141 Ack=153678 Win=90112 Len=0 TSval=3045553155 TSecr=2916033376"
"8555","29.302806779","192.168.1.55","192.168.1.2","TCP","1514","8004  >  49902 [ACK] Seq=188590 Ack=141 Win=65024 Len=1448 TSval=2916033383 TSecr=3045553155 [TCP segment of a reassembled PDU]"
"8556","29.302809057","192.168.1.55","192.168.1.2","TCP","1514","8004  >  49902 [ACK] Seq=190038 Ack=141 Win=65024 Len=1448 TSval=2916033383 TSecr=3045553155 [TCP segment of a reassembled PDU]"
"8557","29.302810483","192.168.1.55","192.168.1.2","TCP","1514","8004  >  49902 [ACK] Seq=191486 Ack=141 Win=65024 Len=1448 TSval=2916033383 TSecr=3045553155 [TCP segment of a reassembled PDU]"
"8558","29.302811742","192.168.1.55","192.168.1.2","TCP","1514","8004  >  49902 [ACK] Seq=192934 Ack=141 Win=65024 Len=1448 TSval=2916033383 TSecr=3045553155 [TCP segment of a reassembled PDU]"
"8559","29.302813038","192.168.1.55","192.168.1.2","TCP","1514","8004  >  49902 [ACK] Seq=194382 Ack=141 Win=65024 Len=1448 TSval=2916033383 TSecr=3045553155 [TCP segment of a reassembled PDU]"
"8560","29.302814316","192.168.1.55","192.168.1.2","TCP","1514","8004  >  49902 [ACK] Seq=195830 Ack=141 Win=65024 Len=1448 TSval=2916033383 TSecr=3045553155 [TCP segment of a reassembled PDU]"
"8561","29.302815612","192.168.1.55","192.168.1.2","TCP","1514","8004  >  49902 [ACK] Seq=197278 Ack=141 Win=65024 Len=1448 TSval=2916033383 TSecr=3045553155 [TCP segment of a reassembled PDU]"
"8562","29.302816927","192.168.1.55","192.168.1.2","TCP","1514","8004  >  49902 [ACK] Seq=198726 Ack=141 Win=65024 Len=1448 TSval=2916033383 TSecr=3045553155 [TCP segment of a reassembled PDU]"
"8563","29.302818168","192.168.1.55","192.168.1.2","TCP","1514","8004  >  49902 [ACK] Seq=200174 Ack=141 Win=65024 Len=1448 TSval=2916033383 TSecr=3045553155 [TCP segment of a reassembled PDU]"
"8564","29.302819501","192.168.1.55","192.168.1.2","TCP","1514","8004  >  49902 [ACK] Seq=201622 Ack=141 Win=65024 Len=1448 TSval=2916033383 TSecr=3045553155 [TCP segment of a reassembled PDU]"
"8565","29.302820797","192.168.1.55","192.168.1.2","TCP","1514","8004  >  49902 [PSH, ACK] Seq=203070 Ack=141 Win=65024 Len=1448 TSval=2916033383 TSecr=3045553155 [TCP segment of a reassembled PDU]"
"8566","29.302827334","192.168.1.55","192.168.1.2","TCP","1354","8004  >  49902 [PSH, ACK] Seq=204518 Ack=141 Win=65024 Len=1288 TSval=2916033383 TSecr=3045553155 [TCP segment of a reassembled PDU]"
"8567","29.302858446","192.168.1.55","192.168.1.2","TCP","1514","8004  >  49902 [ACK] Seq=205806 Ack=141 Win=65024 Len=1448 TSval=2916033383 TSecr=3045553155 [TCP segment of a reassembled PDU]"
"8568","29.302860020","192.168.1.55","192.168.1.2","TCP","1514","8004  >  49902 [ACK] Seq=207254 Ack=141 Win=65024 Len=1448 TSval=2916033383 TSecr=3045553155 [TCP segment of a reassembled PDU]"
"8569","29.302861353","192.168.1.55","192.168.1.2","TCP","1514","8004  >  49902 [ACK] Seq=208702 Ack=141 Win=65024 Len=1448 TSval=2916033383 TSecr=3045553155 [TCP segment of a reassembled PDU]"
"8570","29.302862723","192.168.1.55","192.168.1.2","TCP","1514","8004  >  49902 [ACK] Seq=210150 Ack=141 Win=65024 Len=1448 TSval=2916033383 TSecr=3045553155 [TCP segment of a reassembled PDU]"
"8571","29.302863983","192.168.1.55","192.168.1.2","TCP","1514","8004  >  49902 [ACK] Seq=211598 Ack=141 Win=65024 Len=1448 TSval=2916033383 TSecr=3045553155 [TCP segment of a reassembled PDU]"
"8572","29.302865334","192.168.1.55","192.168.1.2","TCP","1514","8004  >  49902 [ACK] Seq=213046 Ack=141 Win=65024 Len=1448 TSval=2916033383 TSecr=3045553155 [TCP segment of a reassembled PDU]"
"8573","29.302866760","192.168.1.55","192.168.1.2","TCP","1514","8004  >  49902 [ACK] Seq=214494 Ack=141 Win=65024 Len=1448 TSval=2916033383 TSecr=3045553155 [TCP segment of a reassembled PDU]"
"8574","29.302868112","192.168.1.55","192.168.1.2","TCP","1514","8004  >  49902 [ACK] Seq=215942 Ack=141 Win=65024 Len=1448 TSval=2916033383 TSecr=3045553155 [TCP segment of a reassembled PDU]"
"8575","29.302869427","192.168.1.55","192.168.1.2","TCP","1514","8004  >  49902 [ACK] Seq=217390 Ack=141 Win=65024 Len=1448 TSval=2916033383 TSecr=3045553155 [TCP segment of a reassembled PDU]"
"8576","29.302870779","192.168.1.55","192.168.1.2","TCP","1514","8004  >  49902 [ACK] Seq=218838 Ack=141 Win=65024 Len=1448 TSval=2916033383 TSecr=3045553155 [TCP segment of a reassembled PDU]"
"8577","29.302872038","192.168.1.55","192.168.1.2","TCP","1514","8004  >  49902 [ACK] Seq=220286 Ack=141 Win=65024 Len=1448 TSval=2916033383 TSecr=3045553155 [TCP segment of a reassembled PDU]"
"8578","29.302873594","192.168.1.55","192.168.1.2","TCP","1514","8004  >  49902 [ACK] Seq=221734 Ack=141 Win=65024 Len=1448 TSval=2916033383 TSecr=3045553155 [TCP segment of a reassembled PDU]"
"8579","29.302874927","192.168.1.55","192.168.1.2","TCP","1514","8004  >  49902 [ACK] Seq=223182 Ack=141 Win=65024 Len=1448 TSval=2916033383 TSecr=3045553155 [TCP segment of a reassembled PDU]"
"8580","29.302876242","192.168.1.55","192.168.1.2","TCP","1514","8004  >  49902 [ACK] Seq=224630 Ack=141 Win=65024 Len=1448 TSval=2916033383 TSecr=3045553155 [TCP segment of a reassembled PDU]"
"8581","29.302877538","192.168.1.55","192.168.1.2","TCP","1514","8004  >  49902 [ACK] Seq=226078 Ack=141 Win=65024 Len=1448 TSval=2916033383 TSecr=3045553155 [TCP segment of a reassembled PDU]"
"8582","29.302878779","192.168.1.55","192.168.1.2","TCP","1514","8004  >  49902 [ACK] Seq=227526 Ack=141 Win=65024 Len=1448 TSval=2916033383 TSecr=3045553155 [TCP segment of a reassembled PDU]"
"8583","29.302880075","192.168.1.55","192.168.1.2","TCP","1514","8004  >  49902 [ACK] Seq=228974 Ack=141 Win=65024 Len=1448 TSval=2916033383 TSecr=3045553155 [TCP segment of a reassembled PDU]"
"8584","29.302881353","192.168.1.55","192.168.1.2","TCP","1514","8004  >  49902 [ACK] Seq=230422 Ack=141 Win=65024 Len=1448 TSval=2916033383 TSecr=3045553155 [TCP segment of a reassembled PDU]"
"8585","29.302882705","192.168.1.55","192.168.1.2","TCP","1514","8004  >  49902 [ACK] Seq=231870 Ack=141 Win=65024 Len=1448 TSval=2916033383 TSecr=3045553155 [TCP segment of a reassembled PDU]"
"8586","29.302883946","192.168.1.55","192.168.1.2","TCP","1514","8004  >  49902 [ACK] Seq=233318 Ack=141 Win=65024 Len=1448 TSval=2916033383 TSecr=3045553155 [TCP segment of a reassembled PDU]"
"8587","29.302885390","192.168.1.55","192.168.1.2","TCP","1514","8004  >  49902 [ACK] Seq=234766 Ack=141 Win=65024 Len=1448 TSval=2916033383 TSecr=3045553155 [TCP segment of a reassembled PDU]"
"8588","29.302887131","192.168.1.55","192.168.1.2","TCP","1514","8004  >  49902 [ACK] Seq=236214 Ack=141 Win=65024 Len=1448 TSval=2916033383 TSecr=3045553155 [TCP segment of a reassembled PDU]"
"8589","29.302888390","192.168.1.55","192.168.1.2","TCP","1514","8004  >  49902 [ACK] Seq=237662 Ack=141 Win=65024 Len=1448 TSval=2916033383 TSecr=3045553155 [TCP segment of a reassembled PDU]"
"8590","29.302895890","192.168.1.55","192.168.1.2","TCP","1514","8004  >  49902 [ACK] Seq=239110 Ack=141 Win=65024 Len=1448 TSval=2916033383 TSecr=3045553155 [TCP segment of a reassembled PDU]"
"8591","29.302897390","192.168.1.55","192.168.1.2","TCP","1514","8004  >  49902 [ACK] Seq=240558 Ack=141 Win=65024 Len=1448 TSval=2916033383 TSecr=3045553155 [TCP segment of a reassembled PDU]"
"8592","29.302898723","192.168.1.55","192.168.1.2","TCP","1514","8004  >  49902 [PSH, ACK] Seq=242006 Ack=141 Win=65024 Len=1448 TSval=2916033383 TSecr=3045553155 [TCP segment of a reassembled PDU]"
"8593","29.302903575","192.168.1.2","192.168.1.55","TCP","66","49902  >  8004 [ACK] Seq=141 Ack=160918 Win=83968 Len=0 TSval=3045553157 TSecr=2916033376"
"8594","29.307139489","192.168.1.2","192.168.1.55","TCP","66","49902  >  8004 [ACK] Seq=141 Ack=175398 Win=75776 Len=0 TSval=3045553158 TSecr=2916033380"
"8595","29.307175878","192.168.1.55","192.168.1.2","TCP","1514","8004  >  49902 [ACK] Seq=243454 Ack=141 Win=65024 Len=1448 TSval=2916033387 TSecr=3045553158 [TCP segment of a reassembled PDU]"
"8596","29.307180230","192.168.1.55","192.168.1.2","TCP","1514","8004  >  49902 [ACK] Seq=244902 Ack=141 Win=65024 Len=1448 TSval=2916033387 TSecr=3045553158 [TCP segment of a reassembled PDU]"
"8597","29.307181489","192.168.1.55","192.168.1.2","TCP","1514","8004  >  49902 [ACK] Seq=246350 Ack=141 Win=65024 Len=1448 TSval=2916033387 TSecr=3045553158 [TCP segment of a reassembled PDU]"
"8598","29.307182767","192.168.1.55","192.168.1.2","TCP","1514","8004  >  49902 [ACK] Seq=247798 Ack=141 Win=65024 Len=1448 TSval=2916033387 TSecr=3045553158 [TCP segment of a reassembled PDU]"
"8599","29.307184563","192.168.1.55","192.168.1.2","TCP","1514","8004  >  49902 [PSH, ACK] Seq=249246 Ack=141 Win=65024 Len=1448 TSval=2916033387 TSecr=3045553158 [TCP segment of a reassembled PDU]"
"8600","29.308347436","192.168.1.2","192.168.1.55","TCP","66","49902  >  8004 [ACK] Seq=141 Ack=181350 Win=84992 Len=0 TSval=3045553162 TSecr=2916033380"
"8601","29.308372288","192.168.1.55","192.168.1.2","TCP","1514","8004  >  49902 [ACK] Seq=250694 Ack=141 Win=65024 Len=1448 TSval=2916033389 TSecr=3045553162 [TCP segment of a reassembled PDU]"
"8602","29.308375732","192.168.1.55","192.168.1.2","TCP","1514","8004  >  49902 [ACK] Seq=252142 Ack=141 Win=65024 Len=1448 TSval=2916033389 TSecr=3045553162 [TCP segment of a reassembled PDU]"
"8603","29.308377028","192.168.1.55","192.168.1.2","TCP","1514","8004  >  49902 [ACK] Seq=253590 Ack=141 Win=65024 Len=1448 TSval=2916033389 TSecr=3045553162 [TCP segment of a reassembled PDU]"
"8604","29.308378250","192.168.1.55","192.168.1.2","TCP","1514","8004  >  49902 [ACK] Seq=255038 Ack=141 Win=65024 Len=1448 TSval=2916033389 TSecr=3045553162 [TCP segment of a reassembled PDU]"
"8605","29.308379584","192.168.1.55","192.168.1.2","TCP","1514","8004  >  49902 [ACK] Seq=256486 Ack=141 Win=65024 Len=1448 TSval=2916033389 TSecr=3045553162 [TCP segment of a reassembled PDU]"
"8606","29.308381028","192.168.1.55","192.168.1.2","TCP","1514","8004  >  49902 [ACK] Seq=257934 Ack=141 Win=65024 Len=1448 TSval=2916033389 TSecr=3045553162 [TCP segment of a reassembled PDU]"
"8607","29.308382232","192.168.1.55","192.168.1.2","TCP","1514","8004  >  49902 [ACK] Seq=259382 Ack=141 Win=65024 Len=1448 TSval=2916033389 TSecr=3045553162 [TCP segment of a reassembled PDU]"
"8608","29.308383547","192.168.1.55","192.168.1.2","TCP","1514","8004  >  49902 [ACK] Seq=260830 Ack=141 Win=65024 Len=1448 TSval=2916033389 TSecr=3045553162 [TCP segment of a reassembled PDU]"
"8609","29.308384732","192.168.1.55","192.168.1.2","TCP","1514","8004  >  49902 [ACK] Seq=262278 Ack=141 Win=65024 Len=1448 TSval=2916033389 TSecr=3045553162 [TCP segment of a reassembled PDU]"
"8610","29.308386213","192.168.1.55","192.168.1.2","TCP","1514","8004  >  49902 [PSH, ACK] Seq=263726 Ack=141 Win=65024 Len=1448 TSval=2916033389 TSecr=3045553162 [TCP segment of a reassembled PDU]"
"8611","29.308443047","192.168.1.2","192.168.1.55","TCP","66","49902  >  8004 [ACK] Seq=141 Ack=239110 Win=35840 Len=0 TSval=3045553163 TSecr=2916033383"
"8612","29.310173050","192.168.1.2","192.168.1.55","TCP","66","[TCP Window Update] 49902  >  8004 [ACK] Seq=141 Ack=239110 Win=90112 Len=0 TSval=3045553163 TSecr=2916033383"
"8613","29.310230253","192.168.1.55","192.168.1.2","TCP","1514","8004  >  49902 [ACK] Seq=265174 Ack=141 Win=65024 Len=1448 TSval=2916033390 TSecr=3045553163 [TCP segment of a reassembled PDU]"
"8614","29.310235087","192.168.1.55","192.168.1.2","TCP","1514","8004  >  49902 [ACK] Seq=266622 Ack=141 Win=65024 Len=1448 TSval=2916033390 TSecr=3045553163 [TCP segment of a reassembled PDU]"
"8615","29.310236457","192.168.1.55","192.168.1.2","TCP","1514","8004  >  49902 [ACK] Seq=268070 Ack=141 Win=65024 Len=1448 TSval=2916033390 TSecr=3045553163 [TCP segment of a reassembled PDU]"
"8616","29.310237994","192.168.1.55","192.168.1.2","TCP","1514","8004  >  49902 [ACK] Seq=269518 Ack=141 Win=65024 Len=1448 TSval=2916033390 TSecr=3045553163 [TCP segment of a reassembled PDU]"
"8617","29.310239402","192.168.1.55","192.168.1.2","TCP","1514","8004  >  49902 [ACK] Seq=270966 Ack=141 Win=65024 Len=1448 TSval=2916033390 TSecr=3045553163 [TCP segment of a reassembled PDU]"
"8618","29.310240661","192.168.1.55","192.168.1.2","TCP","1514","8004  >  49902 [ACK] Seq=272414 Ack=141 Win=65024 Len=1448 TSval=2916033390 TSecr=3045553163 [TCP segment of a reassembled PDU]"
"8619","29.310241902","192.168.1.55","192.168.1.2","TCP","1514","8004  >  49902 [ACK] Seq=273862 Ack=141 Win=65024 Len=1448 TSval=2916033390 TSecr=3045553163 [TCP segment of a reassembled PDU]"
"8620","29.310243161","192.168.1.55","192.168.1.2","TCP","1514","8004  >  49902 [ACK] Seq=275310 Ack=141 Win=65024 Len=1448 TSval=2916033390 TSecr=3045553163 [TCP segment of a reassembled PDU]"
"8621","29.310244568","192.168.1.55","192.168.1.2","TCP","1514","8004  >  49902 [ACK] Seq=276758 Ack=141 Win=65024 Len=1448 TSval=2916033390 TSecr=3045553163 [TCP segment of a reassembled PDU]"
"8622","29.310246013","192.168.1.55","192.168.1.2","TCP","1514","8004  >  49902 [ACK] Seq=278206 Ack=141 Win=65024 Len=1448 TSval=2916033390 TSecr=3045553163 [TCP segment of a reassembled PDU]"
"8623","29.310247253","192.168.1.55","192.168.1.2","TCP","1514","8004  >  49902 [ACK] Seq=279654 Ack=141 Win=65024 Len=1448 TSval=2916033390 TSecr=3045553163 [TCP segment of a reassembled PDU]"
"8624","29.310248550","192.168.1.55","192.168.1.2","TCP","1514","8004  >  49902 [ACK] Seq=281102 Ack=141 Win=65024 Len=1448 TSval=2916033390 TSecr=3045553163 [TCP segment of a reassembled PDU]"
"8625","29.310249920","192.168.1.55","192.168.1.2","TCP","1514","8004  >  49902 [ACK] Seq=282550 Ack=141 Win=65024 Len=1448 TSval=2916033390 TSecr=3045553163 [TCP segment of a reassembled PDU]"
"8626","29.310251327","192.168.1.55","192.168.1.2","TCP","1514","8004  >  49902 [ACK] Seq=283998 Ack=141 Win=65024 Len=1448 TSval=2916033390 TSecr=3045553163 [TCP segment of a reassembled PDU]"
"8627","29.310252642","192.168.1.55","192.168.1.2","TCP","1514","8004  >  49902 [ACK] Seq=285446 Ack=141 Win=65024 Len=1448 TSval=2916033390 TSecr=3045553163 [TCP segment of a reassembled PDU]"
"8628","29.310253865","192.168.1.55","192.168.1.2","TCP","1514","8004  >  49902 [ACK] Seq=286894 Ack=141 Win=65024 Len=1448 TSval=2916033390 TSecr=3045553163 [TCP segment of a reassembled PDU]"
"8629","29.310255179","192.168.1.55","192.168.1.2","TCP","1514","8004  >  49902 [ACK] Seq=288342 Ack=141 Win=65024 Len=1448 TSval=2916033390 TSecr=3045553163 [TCP segment of a reassembled PDU]"
"8630","29.310256568","192.168.1.55","192.168.1.2","TCP","1514","8004  >  49902 [ACK] Seq=289790 Ack=141 Win=65024 Len=1448 TSval=2916033390 TSecr=3045553163 [TCP segment of a reassembled PDU]"
"8631","29.310258050","192.168.1.55","192.168.1.2","TCP","1514","8004  >  49902 [ACK] Seq=291238 Ack=141 Win=65024 Len=1448 TSval=2916033390 TSecr=3045553163 [TCP segment of a reassembled PDU]"
"8632","29.310259383","192.168.1.55","192.168.1.2","TCP","1514","8004  >  49902 [ACK] Seq=292686 Ack=141 Win=65024 Len=1448 TSval=2916033390 TSecr=3045553163 [TCP segment of a reassembled PDU]"
"8633","29.310260828","192.168.1.55","192.168.1.2","TCP","1514","8004  >  49902 [PSH, ACK] Seq=294134 Ack=141 Win=65024 Len=1448 TSval=2916033390 TSecr=3045553163 [TCP segment of a reassembled PDU]"
"8634","29.310308976","192.168.1.55","192.168.1.2","TCP","1514","8004  >  49902 [ACK] Seq=295582 Ack=141 Win=65024 Len=1448 TSval=2916033390 TSecr=3045553163 [TCP segment of a reassembled PDU]"
"8635","29.310311828","192.168.1.55","192.168.1.2","TCP","1514","8004  >  49902 [ACK] Seq=297030 Ack=141 Win=65024 Len=1448 TSval=2916033390 TSecr=3045553163 [TCP segment of a reassembled PDU]"
"8636","29.310313161","192.168.1.55","192.168.1.2","TCP","1514","8004  >  49902 [ACK] Seq=298478 Ack=141 Win=65024 Len=1448 TSval=2916033390 TSecr=3045553163 [TCP segment of a reassembled PDU]"
"8637","29.310314791","192.168.1.55","192.168.1.2","TCP","1514","8004  >  49902 [ACK] Seq=299926 Ack=141 Win=65024 Len=1448 TSval=2916033390 TSecr=3045553163 [TCP segment of a reassembled PDU]"
"8638","29.310316161","192.168.1.55","192.168.1.2","TCP","1514","8004  >  49902 [ACK] Seq=301374 Ack=141 Win=65024 Len=1448 TSval=2916033390 TSecr=3045553163 [TCP segment of a reassembled PDU]"
"8639","29.310317568","192.168.1.55","192.168.1.2","TCP","1514","8004  >  49902 [ACK] Seq=302822 Ack=141 Win=65024 Len=1448 TSval=2916033390 TSecr=3045553163 [TCP segment of a reassembled PDU]"
"8640","29.310319013","192.168.1.55","192.168.1.2","TCP","1514","8004  >  49902 [ACK] Seq=304270 Ack=141 Win=65024 Len=1448 TSval=2916033390 TSecr=3045553163 [TCP segment of a reassembled PDU]"
"8641","29.310320365","192.168.1.55","192.168.1.2","TCP","1514","8004  >  49902 [ACK] Seq=305718 Ack=141 Win=65024 Len=1448 TSval=2916033390 TSecr=3045553163 [TCP segment of a reassembled PDU]"
"8642","29.310321661","192.168.1.55","192.168.1.2","TCP","1514","8004  >  49902 [ACK] Seq=307166 Ack=141 Win=65024 Len=1448 TSval=2916033390 TSecr=3045553163 [TCP segment of a reassembled PDU]"
"8643","29.310323050","192.168.1.55","192.168.1.2","TCP","1514","8004  >  49902 [ACK] Seq=308614 Ack=141 Win=65024 Len=1448 TSval=2916033390 TSecr=3045553163 [TCP segment of a reassembled PDU]"
"8644","29.310324420","192.168.1.55","192.168.1.2","TCP","1514","8004  >  49902 [ACK] Seq=310062 Ack=141 Win=65024 Len=1448 TSval=2916033390 TSecr=3045553163 [TCP segment of a reassembled PDU]"
"8645","29.310325883","192.168.1.55","192.168.1.2","TCP","1514","8004  >  49902 [ACK] Seq=311510 Ack=141 Win=65024 Len=1448 TSval=2916033390 TSecr=3045553163 [TCP segment of a reassembled PDU]"
"8646","29.310327254","192.168.1.55","192.168.1.2","TCP","1514","8004  >  49902 [ACK] Seq=312958 Ack=141 Win=65024 Len=1448 TSval=2916033390 TSecr=3045553163 [TCP segment of a reassembled PDU]"
"8647","29.310328661","192.168.1.55","192.168.1.2","TCP","1514","8004  >  49902 [ACK] Seq=314406 Ack=141 Win=65024 Len=1448 TSval=2916033390 TSecr=3045553163 [TCP segment of a reassembled PDU]"
"8648","29.310330124","192.168.1.55","192.168.1.2","TCP","1514","8004  >  49902 [ACK] Seq=315854 Ack=141 Win=65024 Len=1448 TSval=2916033390 TSecr=3045553163 [TCP segment of a reassembled PDU]"
"8649","29.310331568","192.168.1.55","192.168.1.2","TCP","1514","8004  >  49902 [ACK] Seq=317302 Ack=141 Win=65024 Len=1448 TSval=2916033390 TSecr=3045553163 [TCP segment of a reassembled PDU]"
"8650","29.310333087","192.168.1.55","192.168.1.2","TCP","1514","8004  >  49902 [ACK] Seq=318750 Ack=141 Win=65024 Len=1448 TSval=2916033390 TSecr=3045553163 [TCP segment of a reassembled PDU]"
"8651","29.310334513","192.168.1.55","192.168.1.2","TCP","1514","8004  >  49902 [ACK] Seq=320198 Ack=141 Win=65024 Len=1448 TSval=2916033390 TSecr=3045553163 [TCP segment of a reassembled PDU]"
"8652","29.310336254","192.168.1.55","192.168.1.2","TCP","1514","8004  >  49902 [ACK] Seq=321646 Ack=141 Win=65024 Len=1448 TSval=2916033390 TSecr=3045553163 [TCP segment of a reassembled PDU]"
"8653","29.310337791","192.168.1.55","192.168.1.2","TCP","1514","8004  >  49902 [ACK] Seq=323094 Ack=141 Win=65024 Len=1448 TSval=2916033390 TSecr=3045553163 [TCP segment of a reassembled PDU]"
"8654","29.310339346","192.168.1.55","192.168.1.2","TCP","1514","8004  >  49902 [ACK] Seq=324542 Ack=141 Win=65024 Len=1448 TSval=2916033390 TSecr=3045553163 [TCP segment of a reassembled PDU]"
"8655","29.310340920","192.168.1.55","192.168.1.2","TCP","1514","8004  >  49902 [ACK] Seq=325990 Ack=141 Win=65024 Len=1448 TSval=2916033390 TSecr=3045553163 [TCP segment of a reassembled PDU]"
"8656","29.310342161","192.168.1.55","192.168.1.2","TCP","1514","8004  >  49902 [ACK] Seq=327438 Ack=141 Win=65024 Len=1448 TSval=2916033390 TSecr=3045553163 [TCP segment of a reassembled PDU]"
"8657","29.310343531","192.168.1.55","192.168.1.2","TCP","402","[TCP Window Full] 8004  >  49902 [PSH, ACK] Seq=328886 Ack=141 Win=65024 Len=336 TSval=2916033390 TSecr=3045553163 [TCP segment of a reassembled PDU]"
"8658","29.310386031","192.168.1.2","192.168.1.55","TCP","66","49902  >  8004 [ACK] Seq=141 Ack=243454 Win=90112 Len=0 TSval=3045553164 TSecr=2916033383"
"8659","29.310412161","192.168.1.55","192.168.1.2","TCP","1514","8004  >  49902 [ACK] Seq=329222 Ack=141 Win=65024 Len=1448 TSval=2916033391 TSecr=3045553164 [TCP segment of a reassembled PDU]"
"8660","29.310416217","192.168.1.55","192.168.1.2","TCP","1514","8004  >  49902 [ACK] Seq=330670 Ack=141 Win=65024 Len=1448 TSval=2916033391 TSecr=3045553164 [TCP segment of a reassembled PDU]"
"8661","29.310418531","192.168.1.55","192.168.1.2","TCP","1514","[TCP Window Full] 8004  >  49902 [PSH, ACK] Seq=332118 Ack=141 Win=65024 Len=1448 TSval=2916033391 TSecr=3045553164 [TCP segment of a reassembled PDU]"
"8662","29.316256781","192.168.1.2","192.168.1.55","TCP","66","49902  >  8004 [ACK] Seq=141 Ack=260830 Win=83968 Len=0 TSval=3045553168 TSecr=2916033387"
"8663","29.316288078","192.168.1.55","192.168.1.2","TCP","1514","8004  >  49902 [ACK] Seq=333566 Ack=141 Win=65024 Len=1448 TSval=2916033396 TSecr=3045553168 [TCP segment of a reassembled PDU]"
"8664","29.316296985","192.168.1.55","192.168.1.2","TCP","1514","8004  >  49902 [ACK] Seq=335014 Ack=141 Win=65024 Len=1448 TSval=2916033396 TSecr=3045553168 [TCP segment of a reassembled PDU]"
"8665","29.316298392","192.168.1.55","192.168.1.2","TCP","1514","8004  >  49902 [ACK] Seq=336462 Ack=141 Win=65024 Len=1448 TSval=2916033396 TSecr=3045553168 [TCP segment of a reassembled PDU]"
"8666","29.316299374","192.168.1.55","192.168.1.2","TCP","1514","8004  >  49902 [PSH, ACK] Seq=337910 Ack=141 Win=65024 Len=1448 TSval=2916033396 TSecr=3045553168 [TCP segment of a reassembled PDU]"
"8667","29.316306707","192.168.1.55","192.168.1.2","TCP","1178","8004  >  49902 [PSH, ACK] Seq=339358 Ack=141 Win=65024 Len=1112 TSval=2916033396 TSecr=3045553168 [TCP segment of a reassembled PDU]"
"8668","29.316371319","192.168.1.2","192.168.1.55","TCP","66","49902  >  8004 [ACK] Seq=141 Ack=265174 Win=97280 Len=0 TSval=3045553169 TSecr=2916033389"
"8669","29.316379133","192.168.1.2","192.168.1.55","TCP","66","49902  >  8004 [ACK] Seq=141 Ack=289790 Win=72704 Len=0 TSval=3045553169 TSecr=2916033390"
"8670","29.317666487","192.168.1.2","192.168.1.55","TCP","66","49902  >  8004 [ACK] Seq=141 Ack=295582 Win=96256 Len=0 TSval=3045553172 TSecr=2916033390"
"8671","29.317777636","192.168.1.55","192.168.1.2","TCP","1514","8004  >  49902 [ACK] Seq=340470 Ack=141 Win=65024 Len=1448 TSval=2916033398 TSecr=3045553172 [TCP segment of a reassembled PDU]"
"8672","29.317784265","192.168.1.55","192.168.1.2","TCP","1514","8004  >  49902 [ACK] Seq=341918 Ack=141 Win=65024 Len=1448 TSval=2916033398 TSecr=3045553172 [TCP segment of a reassembled PDU]"
"8673","29.317785580","192.168.1.55","192.168.1.2","TCP","1514","8004  >  49902 [ACK] Seq=343366 Ack=141 Win=65024 Len=1448 TSval=2916033398 TSecr=3045553172 [TCP segment of a reassembled PDU]"
"8674","29.317786895","192.168.1.55","192.168.1.2","TCP","1514","8004  >  49902 [ACK] Seq=344814 Ack=141 Win=65024 Len=1448 TSval=2916033398 TSecr=3045553172 [TCP segment of a reassembled PDU]"
"8675","29.317787913","192.168.1.55","192.168.1.2","TCP","1514","8004  >  49902 [ACK] Seq=346262 Ack=141 Win=65024 Len=1448 TSval=2916033398 TSecr=3045553172 [TCP segment of a reassembled PDU]"
"8676","29.317789006","192.168.1.55","192.168.1.2","TCP","1514","8004  >  49902 [ACK] Seq=347710 Ack=141 Win=65024 Len=1448 TSval=2916033398 TSecr=3045553172 [TCP segment of a reassembled PDU]"
"8677","29.317790376","192.168.1.55","192.168.1.2","TCP","1514","8004  >  49902 [ACK] Seq=349158 Ack=141 Win=65024 Len=1448 TSval=2916033398 TSecr=3045553172 [TCP segment of a reassembled PDU]"
"8678","29.317791469","192.168.1.55","192.168.1.2","TCP","1514","8004  >  49902 [ACK] Seq=350606 Ack=141 Win=65024 Len=1448 TSval=2916033398 TSecr=3045553172 [TCP segment of a reassembled PDU]"
"8679","29.317792617","192.168.1.55","192.168.1.2","TCP","1514","8004  >  49902 [ACK] Seq=352054 Ack=141 Win=65024 Len=1448 TSval=2916033398 TSecr=3045553172 [TCP segment of a reassembled PDU]"
"8680","29.317793636","192.168.1.55","192.168.1.2","TCP","1514","8004  >  49902 [ACK] Seq=353502 Ack=141 Win=65024 Len=1448 TSval=2916033398 TSecr=3045553172 [TCP segment of a reassembled PDU]"
"8681","29.317795247","192.168.1.55","192.168.1.2","TCP","1514","8004  >  49902 [ACK] Seq=354950 Ack=141 Win=65024 Len=1448 TSval=2916033398 TSecr=3045553172 [TCP segment of a reassembled PDU]"
"8682","29.317796191","192.168.1.55","192.168.1.2","TCP","1514","8004  >  49902 [ACK] Seq=356398 Ack=141 Win=65024 Len=1448 TSval=2916033398 TSecr=3045553172 [TCP segment of a reassembled PDU]"
"8683","29.317797413","192.168.1.55","192.168.1.2","TCP","1514","8004  >  49902 [ACK] Seq=357846 Ack=141 Win=65024 Len=1448 TSval=2916033398 TSecr=3045553172 [TCP segment of a reassembled PDU]"
"8684","29.317798876","192.168.1.55","192.168.1.2","TCP","1514","8004  >  49902 [ACK] Seq=359294 Ack=141 Win=65024 Len=1448 TSval=2916033398 TSecr=3045553172 [TCP segment of a reassembled PDU]"
"8685","29.317800099","192.168.1.55","192.168.1.2","TCP","1514","8004  >  49902 [ACK] Seq=360742 Ack=141 Win=65024 Len=1448 TSval=2916033398 TSecr=3045553172 [TCP segment of a reassembled PDU]"
"8686","29.317801265","192.168.1.55","192.168.1.2","TCP","1514","8004  >  49902 [ACK] Seq=362190 Ack=141 Win=65024 Len=1448 TSval=2916033398 TSecr=3045553172 [TCP segment of a reassembled PDU]"
"8687","29.317802599","192.168.1.55","192.168.1.2","TCP","1514","8004  >  49902 [ACK] Seq=363638 Ack=141 Win=65024 Len=1448 TSval=2916033398 TSecr=3045553172 [TCP segment of a reassembled PDU]"
"8688","29.317803673","192.168.1.55","192.168.1.2","TCP","1514","8004  >  49902 [ACK] Seq=365086 Ack=141 Win=65024 Len=1448 TSval=2916033398 TSecr=3045553172 [TCP segment of a reassembled PDU]"
"8689","29.317805321","192.168.1.55","192.168.1.2","TCP","1514","8004  >  49902 [ACK] Seq=366534 Ack=141 Win=65024 Len=1448 TSval=2916033398 TSecr=3045553172 [TCP segment of a reassembled PDU]"
"8690","29.317807450","192.168.1.55","192.168.1.2","TCP","1514","8004  >  49902 [ACK] Seq=367982 Ack=141 Win=65024 Len=1448 TSval=2916033398 TSecr=3045553172 [TCP segment of a reassembled PDU]"
"8691","29.317808487","192.168.1.55","192.168.1.2","TCP","1514","8004  >  49902 [ACK] Seq=369430 Ack=141 Win=65024 Len=1448 TSval=2916033398 TSecr=3045553172 [TCP segment of a reassembled PDU]"
"8692","29.317809432","192.168.1.55","192.168.1.2","TCP","1514","8004  >  49902 [ACK] Seq=370878 Ack=141 Win=65024 Len=1448 TSval=2916033398 TSecr=3045553172 [TCP segment of a reassembled PDU]"
"8693","29.317810506","192.168.1.55","192.168.1.2","TCP","1514","8004  >  49902 [ACK] Seq=372326 Ack=141 Win=65024 Len=1448 TSval=2916033398 TSecr=3045553172 [TCP segment of a reassembled PDU]"
"8694","29.317811506","192.168.1.55","192.168.1.2","TCP","1514","8004  >  49902 [ACK] Seq=373774 Ack=141 Win=65024 Len=1448 TSval=2916033398 TSecr=3045553172 [TCP segment of a reassembled PDU]"
"8695","29.317812506","192.168.1.55","192.168.1.2","TCP","1514","8004  >  49902 [ACK] Seq=375222 Ack=141 Win=65024 Len=1448 TSval=2916033398 TSecr=3045553172 [TCP segment of a reassembled PDU]"
"8696","29.317813691","192.168.1.55","192.168.1.2","TCP","1514","8004  >  49902 [ACK] Seq=376670 Ack=141 Win=65024 Len=1448 TSval=2916033398 TSecr=3045553172 [TCP segment of a reassembled PDU]"
"8697","29.317815136","192.168.1.55","192.168.1.2","TCP","1514","8004  >  49902 [ACK] Seq=378118 Ack=141 Win=65024 Len=1448 TSval=2916033398 TSecr=3045553172 [TCP segment of a reassembled PDU]"
"8698","29.317816136","192.168.1.55","192.168.1.2","TCP","1514","8004  >  49902 [ACK] Seq=379566 Ack=141 Win=65024 Len=1448 TSval=2916033398 TSecr=3045553172 [TCP segment of a reassembled PDU]"
"8699","29.317817247","192.168.1.55","192.168.1.2","TCP","1514","8004  >  49902 [ACK] Seq=381014 Ack=141 Win=65024 Len=1448 TSval=2916033398 TSecr=3045553172 [TCP segment of a reassembled PDU]"
"8700","29.317818228","192.168.1.55","192.168.1.2","TCP","1514","8004  >  49902 [ACK] Seq=382462 Ack=141 Win=65024 Len=1448 TSval=2916033398 TSecr=3045553172 [TCP segment of a reassembled PDU]"
"8701","29.317819487","192.168.1.55","192.168.1.2","TCP","1514","8004  >  49902 [PSH, ACK] Seq=383910 Ack=141 Win=65024 Len=1448 TSval=2916033398 TSecr=3045553172 [TCP segment of a reassembled PDU]"
"8702","29.317861488","192.168.1.2","192.168.1.55","TCP","66","49902  >  8004 [ACK] Seq=141 Ack=325990 Win=74752 Len=0 TSval=3045553172 TSecr=2916033390"
"8703","29.319362471","192.168.1.2","192.168.1.55","TCP","66","49902  >  8004 [ACK] Seq=141 Ack=329222 Win=98304 Len=0 TSval=3045553174 TSecr=2916033390"
"8704","29.319453268","192.168.1.55","192.168.1.2","TCP","1514","8004  >  49902 [ACK] Seq=385358 Ack=141 Win=65024 Len=1448 TSval=2916033400 TSecr=3045553174 [TCP segment of a reassembled PDU]"
"8705","29.319459323","192.168.1.55","192.168.1.2","TCP","1514","8004  >  49902 [ACK] Seq=386806 Ack=141 Win=65024 Len=1448 TSval=2916033400 TSecr=3045553174 [TCP segment of a reassembled PDU]"
"8706","29.319460657","192.168.1.55","192.168.1.2","TCP","1514","8004  >  49902 [ACK] Seq=388254 Ack=141 Win=65024 Len=1448 TSval=2916033400 TSecr=3045553174 [TCP segment of a reassembled PDU]"
"8707","29.319461657","192.168.1.55","192.168.1.2","TCP","1514","8004  >  49902 [ACK] Seq=389702 Ack=141 Win=65024 Len=1448 TSval=2916033400 TSecr=3045553174 [TCP segment of a reassembled PDU]"
"8708","29.319462823","192.168.1.55","192.168.1.2","TCP","1514","8004  >  49902 [ACK] Seq=391150 Ack=141 Win=65024 Len=1448 TSval=2916033400 TSecr=3045553174 [TCP segment of a reassembled PDU]"
"8709","29.319464027","192.168.1.55","192.168.1.2","TCP","1514","8004  >  49902 [ACK] Seq=392598 Ack=141 Win=65024 Len=1448 TSval=2916033400 TSecr=3045553174 [TCP segment of a reassembled PDU]"
"8710","29.319465064","192.168.1.55","192.168.1.2","TCP","1514","8004  >  49902 [ACK] Seq=394046 Ack=141 Win=65024 Len=1448 TSval=2916033400 TSecr=3045553174 [TCP segment of a reassembled PDU]"
"8711","29.319466286","192.168.1.55","192.168.1.2","TCP","1514","8004  >  49902 [ACK] Seq=395494 Ack=141 Win=65024 Len=1448 TSval=2916033400 TSecr=3045553174 [TCP segment of a reassembled PDU]"
"8712","29.319467323","192.168.1.55","192.168.1.2","TCP","1514","8004  >  49902 [ACK] Seq=396942 Ack=141 Win=65024 Len=1448 TSval=2916033400 TSecr=3045553174 [TCP segment of a reassembled PDU]"
"8713","29.319468249","192.168.1.55","192.168.1.2","TCP","1514","8004  >  49902 [ACK] Seq=398390 Ack=141 Win=65024 Len=1448 TSval=2916033400 TSecr=3045553174 [TCP segment of a reassembled PDU]"
"8714","29.319469490","192.168.1.55","192.168.1.2","TCP","1514","8004  >  49902 [ACK] Seq=399838 Ack=141 Win=65024 Len=1448 TSval=2916033400 TSecr=3045553174 [TCP segment of a reassembled PDU]"
"8715","29.319470527","192.168.1.55","192.168.1.2","TCP","1514","8004  >  49902 [ACK] Seq=401286 Ack=141 Win=65024 Len=1448 TSval=2916033400 TSecr=3045553174 [TCP segment of a reassembled PDU]"
"8716","29.319471657","192.168.1.55","192.168.1.2","TCP","1514","8004  >  49902 [ACK] Seq=402734 Ack=141 Win=65024 Len=1448 TSval=2916033400 TSecr=3045553174 [TCP segment of a reassembled PDU]"
"8717","29.319472564","192.168.1.55","192.168.1.2","TCP","1514","8004  >  49902 [ACK] Seq=404182 Ack=141 Win=65024 Len=1448 TSval=2916033400 TSecr=3045553174 [TCP segment of a reassembled PDU]"
"8718","29.319473490","192.168.1.55","192.168.1.2","TCP","1514","8004  >  49902 [ACK] Seq=405630 Ack=141 Win=65024 Len=1448 TSval=2916033400 TSecr=3045553174 [TCP segment of a reassembled PDU]"
"8719","29.319474453","192.168.1.55","192.168.1.2","TCP","1514","8004  >  49902 [ACK] Seq=407078 Ack=141 Win=65024 Len=1448 TSval=2916033400 TSecr=3045553174 [TCP segment of a reassembled PDU]"
"8720","29.319475379","192.168.1.55","192.168.1.2","TCP","1514","8004  >  49902 [ACK] Seq=408526 Ack=141 Win=65024 Len=1448 TSval=2916033400 TSecr=3045553174 [TCP segment of a reassembled PDU]"
"8721","29.319476434","192.168.1.55","192.168.1.2","TCP","1514","8004  >  49902 [ACK] Seq=409974 Ack=141 Win=65024 Len=1448 TSval=2916033400 TSecr=3045553174 [TCP segment of a reassembled PDU]"
"8722","29.319477509","192.168.1.55","192.168.1.2","TCP","1514","8004  >  49902 [ACK] Seq=411422 Ack=141 Win=65024 Len=1448 TSval=2916033400 TSecr=3045553174 [TCP segment of a reassembled PDU]"
"8723","29.319478490","192.168.1.55","192.168.1.2","TCP","1514","8004  >  49902 [ACK] Seq=412870 Ack=141 Win=65024 Len=1448 TSval=2916033400 TSecr=3045553174 [TCP segment of a reassembled PDU]"
"8724","29.319479546","192.168.1.55","192.168.1.2","TCP","1514","8004  >  49902 [ACK] Seq=414318 Ack=141 Win=65024 Len=1448 TSval=2916033400 TSecr=3045553174 [TCP segment of a reassembled PDU]"
"8725","29.319480564","192.168.1.55","192.168.1.2","TCP","1514","8004  >  49902 [ACK] Seq=415766 Ack=141 Win=65024 Len=1448 TSval=2916033400 TSecr=3045553174 [TCP segment of a reassembled PDU]"
"8726","29.319481601","192.168.1.55","192.168.1.2","TCP","1514","8004  >  49902 [ACK] Seq=417214 Ack=141 Win=65024 Len=1448 TSval=2916033400 TSecr=3045553174 [TCP segment of a reassembled PDU]"
"8727","29.319482731","192.168.1.55","192.168.1.2","TCP","1514","8004  >  49902 [ACK] Seq=418662 Ack=141 Win=65024 Len=1448 TSval=2916033400 TSecr=3045553174 [TCP segment of a reassembled PDU]"
"8728","29.319483805","192.168.1.55","192.168.1.2","TCP","1514","8004  >  49902 [ACK] Seq=420110 Ack=141 Win=65024 Len=1448 TSval=2916033400 TSecr=3045553174 [TCP segment of a reassembled PDU]"
"8729","29.319484823","192.168.1.55","192.168.1.2","TCP","1514","8004  >  49902 [ACK] Seq=421558 Ack=141 Win=65024 Len=1448 TSval=2916033400 TSecr=3045553174 [TCP segment of a reassembled PDU]"
"8730","29.319485712","192.168.1.55","192.168.1.2","TCP","1514","8004  >  49902 [ACK] Seq=423006 Ack=141 Win=65024 Len=1448 TSval=2916033400 TSecr=3045553174 [TCP segment of a reassembled PDU]"
"8731","29.319486583","192.168.1.55","192.168.1.2","TCP","1514","8004  >  49902 [ACK] Seq=424454 Ack=141 Win=65024 Len=1448 TSval=2916033400 TSecr=3045553174 [TCP segment of a reassembled PDU]"
"8732","29.319487675","192.168.1.55","192.168.1.2","TCP","1514","8004  >  49902 [PSH, ACK] Seq=425902 Ack=141 Win=65024 Len=1448 TSval=2916033400 TSecr=3045553174 [TCP segment of a reassembled PDU]"
"8733","29.319543564","192.168.1.2","192.168.1.55","TCP","66","49902  >  8004 [ACK] Seq=141 Ack=333566 Win=94208 Len=0 TSval=3045553174 TSecr=2916033391"
"8734","29.319553323","192.168.1.2","192.168.1.55","TCP","66","49902  >  8004 [ACK] Seq=141 Ack=337910 Win=97280 Len=0 TSval=3045553175 TSecr=2916033396"
"8735","29.320618362","192.168.1.55","192.168.1.2","TCP","1514","8004  >  49902 [ACK] Seq=427350 Ack=141 Win=65024 Len=1448 TSval=2916033401 TSecr=3045553175 [TCP segment of a reassembled PDU]"
"8736","29.320621140","192.168.1.55","192.168.1.2","TCP","1514","8004  >  49902 [PSH, ACK] Seq=428798 Ack=141 Win=65024 Len=1448 TSval=2916033401 TSecr=3045553175 [TCP segment of a reassembled PDU]"
"8737","29.324277516","192.168.1.2","192.168.1.55","TCP","66","49902  >  8004 [ACK] Seq=141 Ack=340470 Win=95232 Len=0 TSval=3045553175 TSecr=2916033396"
"8738","29.324317775","192.168.1.55","192.168.1.2","TCP","1514","8004  >  49902 [ACK] Seq=430246 Ack=141 Win=65024 Len=1448 TSval=2916033405 TSecr=3045553175 [TCP segment of a reassembled PDU]"
"8739","29.324321627","192.168.1.55","192.168.1.2","TCP","1514","8004  >  49902 [ACK] Seq=431694 Ack=141 Win=65024 Len=1448 TSval=2916033405 TSecr=3045553175 [TCP segment of a reassembled PDU]"
"8740","29.324322535","192.168.1.55","192.168.1.2","TCP","1514","8004  >  49902 [ACK] Seq=433142 Ack=141 Win=65024 Len=1448 TSval=2916033405 TSecr=3045553175 [TCP segment of a reassembled PDU]"
"8741","29.324323461","192.168.1.55","192.168.1.2","TCP","1178","[TCP Window Full] 8004  >  49902 [PSH, ACK] Seq=434590 Ack=141 Win=65024 Len=1112 TSval=2916033405 TSecr=3045553175 [TCP segment of a reassembled PDU]"
"8742","29.324353553","192.168.1.2","192.168.1.55","TCP","66","49902  >  8004 [ACK] Seq=141 Ack=370878 Win=72704 Len=0 TSval=3045553180 TSecr=2916033398"
"8743","29.326895298","192.168.1.2","192.168.1.55","TCP","66","49902  >  8004 [ACK] Seq=141 Ack=427350 Win=17408 Len=0 TSval=3045553180 TSecr=2916033398"
"8744","29.326932742","192.168.1.55","192.168.1.2","TCP","1514","8004  >  49902 [ACK] Seq=435702 Ack=141 Win=65024 Len=1448 TSval=2916033407 TSecr=3045553180 [TCP segment of a reassembled PDU]"
"8745","29.326936242","192.168.1.55","192.168.1.2","TCP","1514","8004  >  49902 [ACK] Seq=437150 Ack=141 Win=65024 Len=1448 TSval=2916033407 TSecr=3045553180 [TCP segment of a reassembled PDU]"
"8746","29.326937150","192.168.1.55","192.168.1.2","TCP","1514","8004  >  49902 [ACK] Seq=438598 Ack=141 Win=65024 Len=1448 TSval=2916033407 TSecr=3045553180 [TCP segment of a reassembled PDU]"
"8747","29.326938113","192.168.1.55","192.168.1.2","TCP","1514","8004  >  49902 [ACK] Seq=440046 Ack=141 Win=65024 Len=1448 TSval=2916033407 TSecr=3045553180 [TCP segment of a reassembled PDU]"
"8748","29.326939002","192.168.1.55","192.168.1.2","TCP","1514","8004  >  49902 [ACK] Seq=441494 Ack=141 Win=65024 Len=1448 TSval=2916033407 TSecr=3045553180 [TCP segment of a reassembled PDU]"
"8749","29.326940057","192.168.1.55","192.168.1.2","TCP","1514","8004  >  49902 [PSH, ACK] Seq=442942 Ack=141 Win=65024 Len=1448 TSval=2916033407 TSecr=3045553180 [TCP segment of a reassembled PDU]"
"8750","29.327267947","192.168.1.2","192.168.1.55","TCP","66","[TCP Window Update] 49902  >  8004 [ACK] Seq=141 Ack=427350 Win=48128 Len=0 TSval=3045553180 TSecr=2916033398"
"8751","29.327310243","192.168.1.55","192.168.1.2","TCP","1514","8004  >  49902 [ACK] Seq=444390 Ack=141 Win=65024 Len=1448 TSval=2916033407 TSecr=3045553180 [TCP segment of a reassembled PDU]"
"8752","29.327312576","192.168.1.55","192.168.1.2","TCP","1514","8004  >  49902 [ACK] Seq=445838 Ack=141 Win=65024 Len=1448 TSval=2916033407 TSecr=3045553180 [TCP segment of a reassembled PDU]"
"8753","29.327313669","192.168.1.55","192.168.1.2","TCP","1514","8004  >  49902 [ACK] Seq=447286 Ack=141 Win=65024 Len=1448 TSval=2916033407 TSecr=3045553180 [TCP segment of a reassembled PDU]"
"8754","29.327314613","192.168.1.55","192.168.1.2","TCP","1514","8004  >  49902 [ACK] Seq=448734 Ack=141 Win=65024 Len=1448 TSval=2916033407 TSecr=3045553180 [TCP segment of a reassembled PDU]"
"8755","29.327315613","192.168.1.55","192.168.1.2","TCP","1514","8004  >  49902 [ACK] Seq=450182 Ack=141 Win=65024 Len=1448 TSval=2916033407 TSecr=3045553180 [TCP segment of a reassembled PDU]"
"8756","29.327316854","192.168.1.55","192.168.1.2","TCP","1514","8004  >  49902 [ACK] Seq=451630 Ack=141 Win=65024 Len=1448 TSval=2916033407 TSecr=3045553180 [TCP segment of a reassembled PDU]"
"8757","29.327317854","192.168.1.55","192.168.1.2","TCP","1514","8004  >  49902 [ACK] Seq=453078 Ack=141 Win=65024 Len=1448 TSval=2916033407 TSecr=3045553180 [TCP segment of a reassembled PDU]"
"8758","29.327318928","192.168.1.55","192.168.1.2","TCP","1514","8004  >  49902 [ACK] Seq=454526 Ack=141 Win=65024 Len=1448 TSval=2916033407 TSecr=3045553180 [TCP segment of a reassembled PDU]"
"8759","29.327319854","192.168.1.55","192.168.1.2","TCP","1514","8004  >  49902 [ACK] Seq=455974 Ack=141 Win=65024 Len=1448 TSval=2916033407 TSecr=3045553180 [TCP segment of a reassembled PDU]"
"8760","29.327320891","192.168.1.55","192.168.1.2","TCP","1514","8004  >  49902 [ACK] Seq=457422 Ack=141 Win=65024 Len=1448 TSval=2916033407 TSecr=3045553180 [TCP segment of a reassembled PDU]"
"8761","29.327321891","192.168.1.55","192.168.1.2","TCP","1514","8004  >  49902 [ACK] Seq=458870 Ack=141 Win=65024 Len=1448 TSval=2916033407 TSecr=3045553180 [TCP segment of a reassembled PDU]"
"8762","29.327322891","192.168.1.55","192.168.1.2","TCP","1514","8004  >  49902 [ACK] Seq=460318 Ack=141 Win=65024 Len=1448 TSval=2916033407 TSecr=3045553180 [TCP segment of a reassembled PDU]"
"8763","29.327323873","192.168.1.55","192.168.1.2","TCP","1514","8004  >  49902 [ACK] Seq=461766 Ack=141 Win=65024 Len=1448 TSval=2916033407 TSecr=3045553180 [TCP segment of a reassembled PDU]"
"8764","29.327324799","192.168.1.55","192.168.1.2","TCP","1514","8004  >  49902 [ACK] Seq=463214 Ack=141 Win=65024 Len=1448 TSval=2916033407 TSecr=3045553180 [TCP segment of a reassembled PDU]"
"8765","29.327325799","192.168.1.55","192.168.1.2","TCP","1514","8004  >  49902 [ACK] Seq=464662 Ack=141 Win=65024 Len=1448 TSval=2916033407 TSecr=3045553180 [TCP segment of a reassembled PDU]"
"8766","29.327326854","192.168.1.55","192.168.1.2","TCP","1514","8004  >  49902 [ACK] Seq=466110 Ack=141 Win=65024 Len=1448 TSval=2916033407 TSecr=3045553180 [TCP segment of a reassembled PDU]"
"8767","29.327327799","192.168.1.55","192.168.1.2","TCP","1514","8004  >  49902 [ACK] Seq=467558 Ack=141 Win=65024 Len=1448 TSval=2916033407 TSecr=3045553180 [TCP segment of a reassembled PDU]"
"8768","29.327328836","192.168.1.55","192.168.1.2","TCP","1514","8004  >  49902 [ACK] Seq=469006 Ack=141 Win=65024 Len=1448 TSval=2916033407 TSecr=3045553180 [TCP segment of a reassembled PDU]"
"8769","29.327330169","192.168.1.55","192.168.1.2","TCP","1514","8004  >  49902 [ACK] Seq=470454 Ack=141 Win=65024 Len=1448 TSval=2916033407 TSecr=3045553180 [TCP segment of a reassembled PDU]"
"8770","29.327331169","192.168.1.55","192.168.1.2","TCP","1514","8004  >  49902 [ACK] Seq=471902 Ack=141 Win=65024 Len=1448 TSval=2916033407 TSecr=3045553180 [TCP segment of a reassembled PDU]"
"8771","29.327337354","192.168.1.55","192.168.1.2","TCP","1514","8004  >  49902 [PSH, ACK] Seq=473350 Ack=141 Win=65024 Len=1448 TSval=2916033407 TSecr=3045553180 [TCP segment of a reassembled PDU]"
"8772","29.327344188","192.168.1.55","192.168.1.2","TCP","402","8004  >  49902 [ACK] Seq=474798 Ack=141 Win=65024 Len=336 TSval=2916033407 TSecr=3045553180 [TCP segment of a reassembled PDU]"
"8773","29.327362095","192.168.1.2","192.168.1.55","TCP","66","[TCP Window Update] 49902  >  8004 [ACK] Seq=141 Ack=427350 Win=98304 Len=0 TSval=3045553181 TSecr=2916033398"
"8774","29.327391262","192.168.1.55","192.168.1.2","TCP","1514","8004  >  49902 [ACK] Seq=475134 Ack=141 Win=65024 Len=1448 TSval=2916033408 TSecr=3045553181 [TCP segment of a reassembled PDU]"
"8775","29.327393484","192.168.1.55","192.168.1.2","TCP","1514","8004  >  49902 [ACK] Seq=476582 Ack=141 Win=65024 Len=1448 TSval=2916033408 TSecr=3045553181 [TCP segment of a reassembled PDU]"
"8776","29.327394595","192.168.1.55","192.168.1.2","TCP","1514","8004  >  49902 [ACK] Seq=478030 Ack=141 Win=65024 Len=1448 TSval=2916033408 TSecr=3045553181 [TCP segment of a reassembled PDU]"
"8777","29.327396039","192.168.1.55","192.168.1.2","TCP","1514","8004  >  49902 [ACK] Seq=479478 Ack=141 Win=65024 Len=1448 TSval=2916033408 TSecr=3045553181 [TCP segment of a reassembled PDU]"
"8778","29.327397410","192.168.1.55","192.168.1.2","TCP","1514","8004  >  49902 [ACK] Seq=480926 Ack=141 Win=65024 Len=1448 TSval=2916033408 TSecr=3045553181 [TCP segment of a reassembled PDU]"
"8779","29.327398614","192.168.1.55","192.168.1.2","TCP","1514","8004  >  49902 [ACK] Seq=482374 Ack=141 Win=65024 Len=1448 TSval=2916033408 TSecr=3045553181 [TCP segment of a reassembled PDU]"
"8780","29.327399669","192.168.1.55","192.168.1.2","TCP","1514","8004  >  49902 [ACK] Seq=483822 Ack=141 Win=65024 Len=1448 TSval=2916033408 TSecr=3045553181 [TCP segment of a reassembled PDU]"
"8781","29.327400725","192.168.1.55","192.168.1.2","TCP","1514","8004  >  49902 [ACK] Seq=485270 Ack=141 Win=65024 Len=1448 TSval=2916033408 TSecr=3045553181 [TCP segment of a reassembled PDU]"
"8782","29.327401928","192.168.1.55","192.168.1.2","TCP","1514","8004  >  49902 [ACK] Seq=486718 Ack=141 Win=65024 Len=1448 TSval=2916033408 TSecr=3045553181 [TCP segment of a reassembled PDU]"
"8783","29.327402928","192.168.1.55","192.168.1.2","TCP","1514","8004  >  49902 [ACK] Seq=488166 Ack=141 Win=65024 Len=1448 TSval=2916033408 TSecr=3045553181 [TCP segment of a reassembled PDU]"
"8784","29.327404021","192.168.1.55","192.168.1.2","TCP","1514","8004  >  49902 [ACK] Seq=489614 Ack=141 Win=65024 Len=1448 TSval=2916033408 TSecr=3045553181 [TCP segment of a reassembled PDU]"
"8785","29.327405114","192.168.1.55","192.168.1.2","TCP","1514","8004  >  49902 [ACK] Seq=491062 Ack=141 Win=65024 Len=1448 TSval=2916033408 TSecr=3045553181 [TCP segment of a reassembled PDU]"
"8786","29.327406521","192.168.1.55","192.168.1.2","TCP","1514","8004  >  49902 [ACK] Seq=492510 Ack=141 Win=65024 Len=1448 TSval=2916033408 TSecr=3045553181 [TCP segment of a reassembled PDU]"
"8787","29.327407817","192.168.1.55","192.168.1.2","TCP","1514","8004  >  49902 [ACK] Seq=493958 Ack=141 Win=65024 Len=1448 TSval=2916033408 TSecr=3045553181 [TCP segment of a reassembled PDU]"
"8788","29.327408817","192.168.1.55","192.168.1.2","TCP","1514","8004  >  49902 [ACK] Seq=495406 Ack=141 Win=65024 Len=1448 TSval=2916033408 TSecr=3045553181 [TCP segment of a reassembled PDU]"
"8789","29.327409836","192.168.1.55","192.168.1.2","TCP","1514","8004  >  49902 [PSH, ACK] Seq=496854 Ack=141 Win=65024 Len=1448 TSval=2916033408 TSecr=3045553181 [TCP segment of a reassembled PDU]"
"8790","29.327413854","192.168.1.2","192.168.1.55","TCP","66","49902  >  8004 [ACK] Seq=141 Ack=428798 Win=100352 Len=0 TSval=3045553181 TSecr=2916033401"
"8791","29.327420577","192.168.1.2","192.168.1.55","TCP","66","49902  >  8004 [ACK] Seq=141 Ack=430246 Win=100352 Len=0 TSval=3045553181 TSecr=2916033401"
"8792","29.328724486","192.168.1.55","192.168.1.2","HTTP","1472","HTTP/1.0 200 OK  (PNG)"
"8793","29.330366211","192.168.1.2","192.168.1.55","TCP","66","49902  >  8004 [ACK] Seq=141 Ack=435702 Win=95232 Len=0 TSval=3045553183 TSecr=2916033405"
"8794","29.330429933","192.168.1.2","192.168.1.55","TCP","66","49902  >  8004 [ACK] Seq=141 Ack=438598 Win=103424 Len=0 TSval=3045553184 TSecr=2916033407"
"8795","29.334231587","192.168.1.2","192.168.1.55","TCP","66","49902  >  8004 [ACK] Seq=141 Ack=444390 Win=114688 Len=0 TSval=3045553188 TSecr=2916033407"
"8796","29.334334606","192.168.1.2","192.168.1.55","TCP","66","49902  >  8004 [ACK] Seq=141 Ack=470454 Win=123904 Len=0 TSval=3045553188 TSecr=2916033407"
"8797","29.335555923","192.168.1.2","192.168.1.55","TCP","66","49902  >  8004 [ACK] Seq=141 Ack=474798 Win=133120 Len=0 TSval=3045553189 TSecr=2916033407"
"8798","29.335681941","192.168.1.2","192.168.1.55","TCP","66","49902  >  8004 [ACK] Seq=141 Ack=492510 Win=149504 Len=0 TSval=3045553190 TSecr=2916033407"
"8799","29.335687978","192.168.1.2","192.168.1.55","TCP","66","49902  >  8004 [ACK] Seq=141 Ack=498302 Win=161792 Len=0 TSval=3045553191 TSecr=2916033408"
"8800","29.337457648","192.168.1.2","192.168.1.55","TCP","66","49902  >  8004 [FIN, ACK] Seq=141 Ack=499709 Win=164864 Len=0 TSval=3045553192 TSecr=2916033409"
"8801","29.337493037","192.168.1.55","192.168.1.2","TCP","66","8004  >  49902 [ACK] Seq=499709 Ack=142 Win=65024 Len=0 TSval=2916033418 TSecr=3045553192"
"8802","29.337565278","192.168.1.2","192.168.1.55","TCP","74","49916  >  8004 [SYN] Seq=0 Win=64240 Len=0 MSS=1460 SACK_PERM TSval=3045553193 TSecr=0 WS=1024"
"8803","29.337611870","192.168.1.55","192.168.1.2","TCP","74","8004  >  49916 [SYN, ACK] Seq=0 Ack=1 Win=65160 Len=0 MSS=1460 SACK_PERM TSval=2916033418 TSecr=3045553193 WS=128"
"8804","29.340834523","192.168.1.2","192.168.1.55","TCP","66","49916  >  8004 [ACK] Seq=1 Ack=1 Win=64512 Len=0 TSval=3045553195 TSecr=2916033418"
"8805","29.344044714","192.168.1.2","192.168.1.55","HTTP","209","GET /original_benchmark.png HTTP/1.1 "
"8806","29.344073380","192.168.1.55","192.168.1.2","TCP","66","8004  >  49916 [ACK] Seq=1 Ack=144 Win=65024 Len=0 TSval=2916033424 TSecr=3045553195"
"8807","29.344926567","192.168.1.55","192.168.1.2","TCP","255","8004  >  49916 [PSH, ACK] Seq=1 Ack=144 Win=65024 Len=189 TSval=2916033425 TSecr=3045553195 [TCP segment of a reassembled PDU]"
"8808","29.345078419","192.168.1.55","192.168.1.2","TCP","1514","8004  >  49916 [ACK] Seq=190 Ack=144 Win=65024 Len=1448 TSval=2916033425 TSecr=3045553195 [TCP segment of a reassembled PDU]"
"8809","29.345084030","192.168.1.55","192.168.1.2","TCP","1514","8004  >  49916 [ACK] Seq=1638 Ack=144 Win=65024 Len=1448 TSval=2916033425 TSecr=3045553195 [TCP segment of a reassembled PDU]"
"8810","29.345085752","192.168.1.55","192.168.1.2","TCP","1514","8004  >  49916 [ACK] Seq=3086 Ack=144 Win=65024 Len=1448 TSval=2916033425 TSecr=3045553195 [TCP segment of a reassembled PDU]"
"8811","29.345087123","192.168.1.55","192.168.1.2","TCP","1514","8004  >  49916 [ACK] Seq=4534 Ack=144 Win=65024 Len=1448 TSval=2916033425 TSecr=3045553195 [TCP segment of a reassembled PDU]"
"8812","29.345088974","192.168.1.55","192.168.1.2","TCP","1514","8004  >  49916 [PSH, ACK] Seq=5982 Ack=144 Win=65024 Len=1448 TSval=2916033425 TSecr=3045553195 [TCP segment of a reassembled PDU]"
"8813","29.345116900","192.168.1.55","192.168.1.2","TCP","1514","8004  >  49916 [ACK] Seq=7430 Ack=144 Win=65024 Len=1448 TSval=2916033425 TSecr=3045553195 [TCP segment of a reassembled PDU]"
"8814","29.345118437","192.168.1.55","192.168.1.2","TCP","1514","8004  >  49916 [ACK] Seq=8878 Ack=144 Win=65024 Len=1448 TSval=2916033425 TSecr=3045553195 [TCP segment of a reassembled PDU]"
"8815","29.345120345","192.168.1.55","192.168.1.2","TCP","1514","8004  >  49916 [ACK] Seq=10326 Ack=144 Win=65024 Len=1448 TSval=2916033425 TSecr=3045553195 [TCP segment of a reassembled PDU]"
"8816","29.345121882","192.168.1.55","192.168.1.2","TCP","1514","8004  >  49916 [PSH, ACK] Seq=11774 Ack=144 Win=65024 Len=1448 TSval=2916033425 TSecr=3045553195 [TCP segment of a reassembled PDU]"
"8817","29.348423646","192.168.1.2","192.168.1.55","TCP","66","49916  >  8004 [ACK] Seq=144 Ack=190 Win=64512 Len=0 TSval=3045553203 TSecr=2916033425"
"8818","29.348460239","192.168.1.55","192.168.1.2","TCP","1514","8004  >  49916 [ACK] Seq=13222 Ack=144 Win=65024 Len=1448 TSval=2916033429 TSecr=3045553203 [TCP segment of a reassembled PDU]"
"8819","29.348464517","192.168.1.55","192.168.1.2","TCP","1514","8004  >  49916 [PSH, ACK] Seq=14670 Ack=144 Win=65024 Len=1448 TSval=2916033429 TSecr=3045553203 [TCP segment of a reassembled PDU]"
"8820","29.348677943","192.168.1.2","192.168.1.55","TCP","66","49916  >  8004 [ACK] Seq=144 Ack=1638 Win=67584 Len=0 TSval=3045553203 TSecr=2916033425"
"8821","29.348687850","192.168.1.2","192.168.1.55","TCP","66","49916  >  8004 [ACK] Seq=144 Ack=4534 Win=73728 Len=0 TSval=3045553204 TSecr=2916033425"
"8822","29.348703813","192.168.1.55","192.168.1.2","TCP","1514","8004  >  49916 [ACK] Seq=16118 Ack=144 Win=65024 Len=1448 TSval=2916033429 TSecr=3045553204 [TCP segment of a reassembled PDU]"
"8823","29.348705517","192.168.1.55","192.168.1.2","TCP","1514","8004  >  49916 [ACK] Seq=17566 Ack=144 Win=65024 Len=1448 TSval=2916033429 TSecr=3045553204 [TCP segment of a reassembled PDU]"
"8824","29.348706758","192.168.1.55","192.168.1.2","TCP","1514","8004  >  49916 [ACK] Seq=19014 Ack=144 Win=65024 Len=1448 TSval=2916033429 TSecr=3045553204 [TCP segment of a reassembled PDU]"
"8825","29.348707999","192.168.1.55","192.168.1.2","TCP","1514","8004  >  49916 [ACK] Seq=20462 Ack=144 Win=65024 Len=1448 TSval=2916033429 TSecr=3045553204 [TCP segment of a reassembled PDU]"
"8826","29.348709239","192.168.1.55","192.168.1.2","TCP","1514","8004  >  49916 [ACK] Seq=21910 Ack=144 Win=65024 Len=1448 TSval=2916033429 TSecr=3045553204 [TCP segment of a reassembled PDU]"
"8827","29.348710610","192.168.1.55","192.168.1.2","TCP","1514","8004  >  49916 [PSH, ACK] Seq=23358 Ack=144 Win=65024 Len=1448 TSval=2916033429 TSecr=3045553204 [TCP segment of a reassembled PDU]"
"8828","29.348714943","192.168.1.2","192.168.1.55","TCP","66","49916  >  8004 [ACK] Seq=144 Ack=7430 Win=79872 Len=0 TSval=3045553204 TSecr=2916033425"
"8829","29.348720702","192.168.1.2","192.168.1.55","TCP","66","49916  >  8004 [ACK] Seq=144 Ack=13222 Win=79872 Len=0 TSval=3045553204 TSecr=2916033425"
"8830","29.348745388","192.168.1.55","192.168.1.2","TCP","1514","8004  >  49916 [ACK] Seq=24806 Ack=144 Win=65024 Len=1448 TSval=2916033429 TSecr=3045553204 [TCP segment of a reassembled PDU]"
"8831","29.348747554","192.168.1.55","192.168.1.2","TCP","1514","8004  >  49916 [ACK] Seq=26254 Ack=144 Win=65024 Len=1448 TSval=2916033429 TSecr=3045553204 [TCP segment of a reassembled PDU]"
"8832","29.348748888","192.168.1.55","192.168.1.2","TCP","1514","8004  >  49916 [ACK] Seq=27702 Ack=144 Win=65024 Len=1448 TSval=2916033429 TSecr=3045553204 [TCP segment of a reassembled PDU]"
"8833","29.348750314","192.168.1.55","192.168.1.2","TCP","1514","8004  >  49916 [ACK] Seq=29150 Ack=144 Win=65024 Len=1448 TSval=2916033429 TSecr=3045553204 [TCP segment of a reassembled PDU]"
"8834","29.348751647","192.168.1.55","192.168.1.2","TCP","1514","8004  >  49916 [ACK] Seq=30598 Ack=144 Win=65024 Len=1448 TSval=2916033429 TSecr=3045553204 [TCP segment of a reassembled PDU]"
"8835","29.348753017","192.168.1.55","192.168.1.2","TCP","1514","8004  >  49916 [ACK] Seq=32046 Ack=144 Win=65024 Len=1448 TSval=2916033429 TSecr=3045553204 [TCP segment of a reassembled PDU]"
"8836","29.348754276","192.168.1.55","192.168.1.2","TCP","1514","8004  >  49916 [ACK] Seq=33494 Ack=144 Win=65024 Len=1448 TSval=2916033429 TSecr=3045553204 [TCP segment of a reassembled PDU]"
"8837","29.348755554","192.168.1.55","192.168.1.2","TCP","1514","8004  >  49916 [ACK] Seq=34942 Ack=144 Win=65024 Len=1448 TSval=2916033429 TSecr=3045553204 [TCP segment of a reassembled PDU]"
"8838","29.348756888","192.168.1.55","192.168.1.2","TCP","1514","8004  >  49916 [ACK] Seq=36390 Ack=144 Win=65024 Len=1448 TSval=2916033429 TSecr=3045553204 [TCP segment of a reassembled PDU]"
"8839","29.348758184","192.168.1.55","192.168.1.2","TCP","1514","8004  >  49916 [PSH, ACK] Seq=37838 Ack=144 Win=65024 Len=1448 TSval=2916033429 TSecr=3045553204 [TCP segment of a reassembled PDU]"
"8840","29.349505722","192.168.1.55","192.168.1.2","TCP","1514","8004  >  49916 [ACK] Seq=39286 Ack=144 Win=65024 Len=1448 TSval=2916033430 TSecr=3045553204 [TCP segment of a reassembled PDU]"
"8841","29.349517574","192.168.1.55","192.168.1.2","TCP","1514","8004  >  49916 [PSH, ACK] Seq=40734 Ack=144 Win=65024 Len=1448 TSval=2916033430 TSecr=3045553204 [TCP segment of a reassembled PDU]"
"8842","29.356781715","192.168.1.2","192.168.1.55","TCP","66","49916  >  8004 [ACK] Seq=144 Ack=16118 Win=84992 Len=0 TSval=3045553211 TSecr=2916033429"
"8843","29.356806437","192.168.1.55","192.168.1.2","TCP","1514","8004  >  49916 [ACK] Seq=42182 Ack=144 Win=65024 Len=1448 TSval=2916033437 TSecr=3045553211 [TCP segment of a reassembled PDU]"
"8844","29.356809548","192.168.1.55","192.168.1.2","TCP","1514","8004  >  49916 [PSH, ACK] Seq=43630 Ack=144 Win=65024 Len=1448 TSval=2916033437 TSecr=3045553211 [TCP segment of a reassembled PDU]"
"8845","29.357001086","192.168.1.2","192.168.1.55","TCP","66","49916  >  8004 [ACK] Seq=144 Ack=24806 Win=79872 Len=0 TSval=3045553211 TSecr=2916033429"
"8846","29.357022030","192.168.1.55","192.168.1.2","TCP","1514","8004  >  49916 [ACK] Seq=45078 Ack=144 Win=65024 Len=1448 TSval=2916033437 TSecr=3045553211 [TCP segment of a reassembled PDU]"
"8847","29.357024012","192.168.1.55","192.168.1.2","TCP","1514","8004  >  49916 [ACK] Seq=46526 Ack=144 Win=65024 Len=1448 TSval=2916033437 TSecr=3045553211 [TCP segment of a reassembled PDU]"
"8848","29.357025197","192.168.1.55","192.168.1.2","TCP","1514","8004  >  49916 [ACK] Seq=47974 Ack=144 Win=65024 Len=1448 TSval=2916033437 TSecr=3045553211 [TCP segment of a reassembled PDU]"
"8849","29.357026289","192.168.1.55","192.168.1.2","TCP","1514","8004  >  49916 [ACK] Seq=49422 Ack=144 Win=65024 Len=1448 TSval=2916033437 TSecr=3045553211 [TCP segment of a reassembled PDU]"
"8850","29.357027475","192.168.1.55","192.168.1.2","TCP","1514","8004  >  49916 [ACK] Seq=50870 Ack=144 Win=65024 Len=1448 TSval=2916033437 TSecr=3045553211 [TCP segment of a reassembled PDU]"
"8851","29.357028586","192.168.1.55","192.168.1.2","TCP","1514","8004  >  49916 [ACK] Seq=52318 Ack=144 Win=65024 Len=1448 TSval=2916033437 TSecr=3045553211 [TCP segment of a reassembled PDU]"
"8852","29.357029771","192.168.1.55","192.168.1.2","TCP","1514","8004  >  49916 [ACK] Seq=53766 Ack=144 Win=65024 Len=1448 TSval=2916033437 TSecr=3045553211 [TCP segment of a reassembled PDU]"
"8853","29.357031067","192.168.1.55","192.168.1.2","TCP","1514","8004  >  49916 [ACK] Seq=55214 Ack=144 Win=65024 Len=1448 TSval=2916033437 TSecr=3045553211 [TCP segment of a reassembled PDU]"
"8854","29.357032178","192.168.1.55","192.168.1.2","TCP","1514","8004  >  49916 [ACK] Seq=56662 Ack=144 Win=65024 Len=1448 TSval=2916033437 TSecr=3045553211 [TCP segment of a reassembled PDU]"
"8855","29.357033363","192.168.1.55","192.168.1.2","TCP","1514","8004  >  49916 [ACK] Seq=58110 Ack=144 Win=65024 Len=1448 TSval=2916033437 TSecr=3045553211 [TCP segment of a reassembled PDU]"
"8856","29.357034678","192.168.1.55","192.168.1.2","TCP","1514","8004  >  49916 [ACK] Seq=59558 Ack=144 Win=65024 Len=1448 TSval=2916033437 TSecr=3045553211 [TCP segment of a reassembled PDU]"
"8857","29.357036197","192.168.1.55","192.168.1.2","TCP","1514","8004  >  49916 [ACK] Seq=61006 Ack=144 Win=65024 Len=1448 TSval=2916033437 TSecr=3045553211 [TCP segment of a reassembled PDU]"
"8858","29.357037401","192.168.1.55","192.168.1.2","TCP","1514","8004  >  49916 [ACK] Seq=62454 Ack=144 Win=65024 Len=1448 TSval=2916033437 TSecr=3045553211 [TCP segment of a reassembled PDU]"
"8859","29.357038475","192.168.1.55","192.168.1.2","TCP","1514","8004  >  49916 [PSH, ACK] Seq=63902 Ack=144 Win=65024 Len=1448 TSval=2916033437 TSecr=3045553211 [TCP segment of a reassembled PDU]"
"8860","29.357042938","192.168.1.2","192.168.1.55","TCP","66","49916  >  8004 [ACK] Seq=144 Ack=39286 Win=74752 Len=0 TSval=3045553211 TSecr=2916033429"
"8861","29.357060864","192.168.1.55","192.168.1.2","TCP","1514","8004  >  49916 [ACK] Seq=65350 Ack=144 Win=65024 Len=1448 TSval=2916033437 TSecr=3045553211 [TCP segment of a reassembled PDU]"
"8862","29.357062678","192.168.1.55","192.168.1.2","TCP","1514","8004  >  49916 [ACK] Seq=66798 Ack=144 Win=65024 Len=1448 TSval=2916033437 TSecr=3045553211 [TCP segment of a reassembled PDU]"
"8863","29.357063771","192.168.1.55","192.168.1.2","TCP","1514","8004  >  49916 [ACK] Seq=68246 Ack=144 Win=65024 Len=1448 TSval=2916033437 TSecr=3045553211 [TCP segment of a reassembled PDU]"
"8864","29.357064901","192.168.1.55","192.168.1.2","TCP","1514","8004  >  49916 [ACK] Seq=69694 Ack=144 Win=65024 Len=1448 TSval=2916033437 TSecr=3045553211 [TCP segment of a reassembled PDU]"
"8865","29.357066382","192.168.1.55","192.168.1.2","TCP","1514","8004  >  49916 [ACK] Seq=71142 Ack=144 Win=65024 Len=1448 TSval=2916033437 TSecr=3045553211 [TCP segment of a reassembled PDU]"
"8866","29.357067623","192.168.1.55","192.168.1.2","TCP","1514","8004  >  49916 [ACK] Seq=72590 Ack=144 Win=65024 Len=1448 TSval=2916033437 TSecr=3045553211 [TCP segment of a reassembled PDU]"
"8867","29.357068715","192.168.1.55","192.168.1.2","TCP","1514","8004  >  49916 [ACK] Seq=74038 Ack=144 Win=65024 Len=1448 TSval=2916033437 TSecr=3045553211 [TCP segment of a reassembled PDU]"
"8868","29.357069864","192.168.1.55","192.168.1.2","TCP","1514","8004  >  49916 [PSH, ACK] Seq=75486 Ack=144 Win=65024 Len=1448 TSval=2916033437 TSecr=3045553211 [TCP segment of a reassembled PDU]"
"8869","29.357075456","192.168.1.2","192.168.1.55","TCP","66","49916  >  8004 [ACK] Seq=144 Ack=42182 Win=72704 Len=0 TSval=3045553211 TSecr=2916033430"
"8870","29.357920939","192.168.1.55","192.168.1.2","TCP","1514","8004  >  49916 [ACK] Seq=76934 Ack=144 Win=65024 Len=1448 TSval=2916033438 TSecr=3045553211 [TCP segment of a reassembled PDU]"
"8871","29.357925383","192.168.1.55","192.168.1.2","TCP","1514","8004  >  49916 [ACK] Seq=78382 Ack=144 Win=65024 Len=1448 TSval=2916033438 TSecr=3045553211 [TCP segment of a reassembled PDU]"
"8872","29.357926717","192.168.1.55","192.168.1.2","TCP","1514","8004  >  49916 [ACK] Seq=79830 Ack=144 Win=65024 Len=1448 TSval=2916033438 TSecr=3045553211 [TCP segment of a reassembled PDU]"
"8873","29.357928124","192.168.1.55","192.168.1.2","TCP","1514","8004  >  49916 [ACK] Seq=81278 Ack=144 Win=65024 Len=1448 TSval=2916033438 TSecr=3045553211 [TCP segment of a reassembled PDU]"
"8874","29.357929532","192.168.1.55","192.168.1.2","TCP","1514","8004  >  49916 [ACK] Seq=82726 Ack=144 Win=65024 Len=1448 TSval=2916033438 TSecr=3045553211 [TCP segment of a reassembled PDU]"
"8875","29.357931235","192.168.1.55","192.168.1.2","TCP","1514","8004  >  49916 [ACK] Seq=84174 Ack=144 Win=65024 Len=1448 TSval=2916033438 TSecr=3045553211 [TCP segment of a reassembled PDU]"
"8876","29.357932735","192.168.1.55","192.168.1.2","TCP","1514","8004  >  49916 [ACK] Seq=85622 Ack=144 Win=65024 Len=1448 TSval=2916033438 TSecr=3045553211 [TCP segment of a reassembled PDU]"
"8877","29.357935957","192.168.1.55","192.168.1.2","TCP","1514","8004  >  49916 [ACK] Seq=87070 Ack=144 Win=65024 Len=1448 TSval=2916033438 TSecr=3045553211 [TCP segment of a reassembled PDU]"
"8878","29.357937309","192.168.1.55","192.168.1.2","TCP","1514","8004  >  49916 [ACK] Seq=88518 Ack=144 Win=65024 Len=1448 TSval=2916033438 TSecr=3045553211 [TCP segment of a reassembled PDU]"
"8879","29.357938828","192.168.1.55","192.168.1.2","TCP","1514","8004  >  49916 [ACK] Seq=89966 Ack=144 Win=65024 Len=1448 TSval=2916033438 TSecr=3045553211 [TCP segment of a reassembled PDU]"
"8880","29.357940587","192.168.1.55","192.168.1.2","TCP","1514","8004  >  49916 [ACK] Seq=91414 Ack=144 Win=65024 Len=1448 TSval=2916033438 TSecr=3045553211 [TCP segment of a reassembled PDU]"
"8881","29.357942069","192.168.1.55","192.168.1.2","TCP","1514","8004  >  49916 [ACK] Seq=92862 Ack=144 Win=65024 Len=1448 TSval=2916033438 TSecr=3045553211 [TCP segment of a reassembled PDU]"
"8882","29.357943606","192.168.1.55","192.168.1.2","TCP","1514","8004  >  49916 [ACK] Seq=94310 Ack=144 Win=65024 Len=1448 TSval=2916033438 TSecr=3045553211 [TCP segment of a reassembled PDU]"
"8883","29.357944754","192.168.1.55","192.168.1.2","TCP","1514","8004  >  49916 [ACK] Seq=95758 Ack=144 Win=65024 Len=1448 TSval=2916033438 TSecr=3045553211 [TCP segment of a reassembled PDU]"
"8884","29.357945995","192.168.1.55","192.168.1.2","TCP","1514","8004  >  49916 [ACK] Seq=97206 Ack=144 Win=65024 Len=1448 TSval=2916033438 TSecr=3045553211 [TCP segment of a reassembled PDU]"
"8885","29.357947198","192.168.1.55","192.168.1.2","TCP","1514","8004  >  49916 [PSH, ACK] Seq=98654 Ack=144 Win=65024 Len=1448 TSval=2916033438 TSecr=3045553211 [TCP segment of a reassembled PDU]"
"8886","29.363358410","192.168.1.2","192.168.1.55","TCP","66","49916  >  8004 [ACK] Seq=144 Ack=45078 Win=82944 Len=0 TSval=3045553217 TSecr=2916033437"
"8887","29.363397688","192.168.1.55","192.168.1.2","TCP","1514","8004  >  49916 [ACK] Seq=100102 Ack=144 Win=65024 Len=1448 TSval=2916033444 TSecr=3045553217 [TCP segment of a reassembled PDU]"
"8888","29.363401688","192.168.1.55","192.168.1.2","TCP","1514","8004  >  49916 [ACK] Seq=101550 Ack=144 Win=65024 Len=1448 TSval=2916033444 TSecr=3045553217 [TCP segment of a reassembled PDU]"
"8889","29.363405207","192.168.1.55","192.168.1.2","TCP","1514","8004  >  49916 [ACK] Seq=102998 Ack=144 Win=65024 Len=1448 TSval=2916033444 TSecr=3045553217 [TCP segment of a reassembled PDU]"
"8890","29.363406725","192.168.1.55","192.168.1.2","TCP","1514","8004  >  49916 [PSH, ACK] Seq=104446 Ack=144 Win=65024 Len=1448 TSval=2916033444 TSecr=3045553217 [TCP segment of a reassembled PDU]"
"8891","29.363468262","192.168.1.2","192.168.1.55","TCP","66","49916  >  8004 [ACK] Seq=144 Ack=47974 Win=82944 Len=0 TSval=3045553217 TSecr=2916033437"
"8892","29.363476966","192.168.1.2","192.168.1.55","TCP","66","49916  >  8004 [ACK] Seq=144 Ack=65350 Win=71680 Len=0 TSval=3045553218 TSecr=2916033437"
"8893","29.363488670","192.168.1.55","192.168.1.2","TCP","1514","8004  >  49916 [ACK] Seq=105894 Ack=144 Win=65024 Len=1448 TSval=2916033444 TSecr=3045553218 [TCP segment of a reassembled PDU]"
"8894","29.363490262","192.168.1.55","192.168.1.2","TCP","1514","8004  >  49916 [ACK] Seq=107342 Ack=144 Win=65024 Len=1448 TSval=2916033444 TSecr=3045553218 [TCP segment of a reassembled PDU]"
"8895","29.363491540","192.168.1.55","192.168.1.2","TCP","1514","8004  >  49916 [ACK] Seq=108790 Ack=144 Win=65024 Len=1448 TSval=2916033444 TSecr=3045553218 [TCP segment of a reassembled PDU]"
"8896","29.363492651","192.168.1.55","192.168.1.2","TCP","1514","8004  >  49916 [ACK] Seq=110238 Ack=144 Win=65024 Len=1448 TSval=2916033444 TSecr=3045553218 [TCP segment of a reassembled PDU]"
"8897","29.363493781","192.168.1.55","192.168.1.2","TCP","1514","8004  >  49916 [ACK] Seq=111686 Ack=144 Win=65024 Len=1448 TSval=2916033444 TSecr=3045553218 [TCP segment of a reassembled PDU]"
"8898","29.363494985","192.168.1.55","192.168.1.2","TCP","1514","8004  >  49916 [ACK] Seq=113134 Ack=144 Win=65024 Len=1448 TSval=2916033444 TSecr=3045553218 [TCP segment of a reassembled PDU]"
"8899","29.363496059","192.168.1.55","192.168.1.2","TCP","1514","8004  >  49916 [PSH, ACK] Seq=114582 Ack=144 Win=65024 Len=1448 TSval=2916033444 TSecr=3045553218 [TCP segment of a reassembled PDU]"
"8900","29.363501429","192.168.1.2","192.168.1.55","TCP","66","49916  >  8004 [ACK] Seq=144 Ack=76934 Win=61440 Len=0 TSval=3045553218 TSecr=2916033437"
"8901","29.363530337","192.168.1.55","192.168.1.2","TCP","1514","8004  >  49916 [ACK] Seq=116030 Ack=144 Win=65024 Len=1448 TSval=2916033444 TSecr=3045553218 [TCP segment of a reassembled PDU]"
"8902","29.363532133","192.168.1.55","192.168.1.2","TCP","1514","8004  >  49916 [ACK] Seq=117478 Ack=144 Win=65024 Len=1448 TSval=2916033444 TSecr=3045553218 [TCP segment of a reassembled PDU]"
"8903","29.363533318","192.168.1.55","192.168.1.2","TCP","1514","8004  >  49916 [ACK] Seq=118926 Ack=144 Win=65024 Len=1448 TSval=2916033444 TSecr=3045553218 [TCP segment of a reassembled PDU]"
"8904","29.363534577","192.168.1.55","192.168.1.2","TCP","1514","8004  >  49916 [ACK] Seq=120374 Ack=144 Win=65024 Len=1448 TSval=2916033444 TSecr=3045553218 [TCP segment of a reassembled PDU]"
"8905","29.363535800","192.168.1.55","192.168.1.2","TCP","1514","8004  >  49916 [ACK] Seq=121822 Ack=144 Win=65024 Len=1448 TSval=2916033444 TSecr=3045553218 [TCP segment of a reassembled PDU]"
"8906","29.363536929","192.168.1.55","192.168.1.2","TCP","1514","8004  >  49916 [ACK] Seq=123270 Ack=144 Win=65024 Len=1448 TSval=2916033444 TSecr=3045553218 [TCP segment of a reassembled PDU]"
"8907","29.363538133","192.168.1.55","192.168.1.2","TCP","1514","8004  >  49916 [ACK] Seq=124718 Ack=144 Win=65024 Len=1448 TSval=2916033444 TSecr=3045553218 [TCP segment of a reassembled PDU]"
"8908","29.363539429","192.168.1.55","192.168.1.2","TCP","1514","8004  >  49916 [ACK] Seq=126166 Ack=144 Win=65024 Len=1448 TSval=2916033444 TSecr=3045553218 [TCP segment of a reassembled PDU]"
"8909","29.363540596","192.168.1.55","192.168.1.2","TCP","1514","8004  >  49916 [ACK] Seq=127614 Ack=144 Win=65024 Len=1448 TSval=2916033444 TSecr=3045553218 [TCP segment of a reassembled PDU]"
"8910","29.363541707","192.168.1.55","192.168.1.2","TCP","1514","8004  >  49916 [ACK] Seq=129062 Ack=144 Win=65024 Len=1448 TSval=2916033444 TSecr=3045553218 [TCP segment of a reassembled PDU]"
"8911","29.363542929","192.168.1.55","192.168.1.2","TCP","1514","8004  >  49916 [ACK] Seq=130510 Ack=144 Win=65024 Len=1448 TSval=2916033444 TSecr=3045553218 [TCP segment of a reassembled PDU]"
"8912","29.363544114","192.168.1.55","192.168.1.2","TCP","1514","8004  >  49916 [ACK] Seq=131958 Ack=144 Win=65024 Len=1448 TSval=2916033444 TSecr=3045553218 [TCP segment of a reassembled PDU]"
"8913","29.363545207","192.168.1.55","192.168.1.2","TCP","1514","8004  >  49916 [ACK] Seq=133406 Ack=144 Win=65024 Len=1448 TSval=2916033444 TSecr=3045553218 [TCP segment of a reassembled PDU]"
"8914","29.363546411","192.168.1.55","192.168.1.2","TCP","1514","8004  >  49916 [ACK] Seq=134854 Ack=144 Win=65024 Len=1448 TSval=2916033444 TSecr=3045553218 [TCP segment of a reassembled PDU]"
"8915","29.363547522","192.168.1.55","192.168.1.2","TCP","1514","8004  >  49916 [ACK] Seq=136302 Ack=144 Win=65024 Len=1448 TSval=2916033444 TSecr=3045553218 [TCP segment of a reassembled PDU]"
"8916","29.363548651","192.168.1.55","192.168.1.2","TCP","690","[TCP Window Full] 8004  >  49916 [PSH, ACK] Seq=137750 Ack=144 Win=65024 Len=624 TSval=2916033444 TSecr=3045553218 [TCP segment of a reassembled PDU]"
"8917","29.363636744","192.168.1.2","192.168.1.55","TCP","66","49916  >  8004 [ACK] Seq=144 Ack=88518 Win=51200 Len=0 TSval=3045553218 TSecr=2916033438"
"8918","29.363644578","192.168.1.2","192.168.1.55","TCP","66","49916  >  8004 [ACK] Seq=144 Ack=100102 Win=76800 Len=0 TSval=3045553218 TSecr=2916033438"
"8919","29.363669707","192.168.1.55","192.168.1.2","TCP","1514","8004  >  49916 [ACK] Seq=138374 Ack=144 Win=65024 Len=1448 TSval=2916033444 TSecr=3045553218 [TCP segment of a reassembled PDU]"
"8920","29.363671411","192.168.1.55","192.168.1.2","TCP","1514","8004  >  49916 [ACK] Seq=139822 Ack=144 Win=65024 Len=1448 TSval=2916033444 TSecr=3045553218 [TCP segment of a reassembled PDU]"
"8921","29.363672485","192.168.1.55","192.168.1.2","TCP","1514","8004  >  49916 [ACK] Seq=141270 Ack=144 Win=65024 Len=1448 TSval=2916033444 TSecr=3045553218 [TCP segment of a reassembled PDU]"
"8922","29.363673615","192.168.1.55","192.168.1.2","TCP","1514","8004  >  49916 [ACK] Seq=142718 Ack=144 Win=65024 Len=1448 TSval=2916033444 TSecr=3045553218 [TCP segment of a reassembled PDU]"
"8923","29.363674689","192.168.1.55","192.168.1.2","TCP","1514","8004  >  49916 [ACK] Seq=144166 Ack=144 Win=65024 Len=1448 TSval=2916033444 TSecr=3045553218 [TCP segment of a reassembled PDU]"
"8924","29.363675966","192.168.1.55","192.168.1.2","TCP","1514","8004  >  49916 [ACK] Seq=145614 Ack=144 Win=65024 Len=1448 TSval=2916033444 TSecr=3045553218 [TCP segment of a reassembled PDU]"
"8925","29.363677059","192.168.1.55","192.168.1.2","TCP","1514","8004  >  49916 [ACK] Seq=147062 Ack=144 Win=65024 Len=1448 TSval=2916033444 TSecr=3045553218 [TCP segment of a reassembled PDU]"
"8926","29.363678152","192.168.1.55","192.168.1.2","TCP","1514","8004  >  49916 [ACK] Seq=148510 Ack=144 Win=65024 Len=1448 TSval=2916033444 TSecr=3045553218 [TCP segment of a reassembled PDU]"
"8927","29.363679337","192.168.1.55","192.168.1.2","TCP","1514","8004  >  49916 [ACK] Seq=149958 Ack=144 Win=65024 Len=1448 TSval=2916033444 TSecr=3045553218 [TCP segment of a reassembled PDU]"
"8928","29.363680448","192.168.1.55","192.168.1.2","TCP","1514","8004  >  49916 [ACK] Seq=151406 Ack=144 Win=65024 Len=1448 TSval=2916033444 TSecr=3045553218 [TCP segment of a reassembled PDU]"
"8929","29.363681689","192.168.1.55","192.168.1.2","TCP","1514","8004  >  49916 [PSH, ACK] Seq=152854 Ack=144 Win=65024 Len=1448 TSval=2916033444 TSecr=3045553218 [TCP segment of a reassembled PDU]"
"8930","29.364845987","192.168.1.55","192.168.1.2","TCP","890","8004  >  49916 [ACK] Seq=154302 Ack=144 Win=65024 Len=824 TSval=2916033445 TSecr=3045553218 [TCP segment of a reassembled PDU]"
"8931","29.364868728","192.168.1.55","192.168.1.2","TCP","1514","8004  >  49916 [ACK] Seq=155126 Ack=144 Win=65024 Len=1448 TSval=2916033445 TSecr=3045553218 [TCP segment of a reassembled PDU]"
"8932","29.364870116","192.168.1.55","192.168.1.2","TCP","1514","8004  >  49916 [ACK] Seq=156574 Ack=144 Win=65024 Len=1448 TSval=2916033445 TSecr=3045553218 [TCP segment of a reassembled PDU]"
"8933","29.364871228","192.168.1.55","192.168.1.2","TCP","1514","8004  >  49916 [ACK] Seq=158022 Ack=144 Win=65024 Len=1448 TSval=2916033445 TSecr=3045553218 [TCP segment of a reassembled PDU]"
"8934","29.364872376","192.168.1.55","192.168.1.2","TCP","1514","8004  >  49916 [ACK] Seq=159470 Ack=144 Win=65024 Len=1448 TSval=2916033445 TSecr=3045553218 [TCP segment of a reassembled PDU]"
"8935","29.364873635","192.168.1.55","192.168.1.2","TCP","1514","8004  >  49916 [ACK] Seq=160918 Ack=144 Win=65024 Len=1448 TSval=2916033445 TSecr=3045553218 [TCP segment of a reassembled PDU]"
"8936","29.364874728","192.168.1.55","192.168.1.2","TCP","1514","8004  >  49916 [ACK] Seq=162366 Ack=144 Win=65024 Len=1448 TSval=2916033445 TSecr=3045553218 [TCP segment of a reassembled PDU]"
"8937","29.364875987","192.168.1.55","192.168.1.2","TCP","1514","8004  >  49916 [ACK] Seq=163814 Ack=144 Win=65024 Len=1448 TSval=2916033445 TSecr=3045553218 [TCP segment of a reassembled PDU]"
"8938","29.364877079","192.168.1.55","192.168.1.2","TCP","1514","8004  >  49916 [ACK] Seq=165262 Ack=144 Win=65024 Len=1448 TSval=2916033445 TSecr=3045553218 [TCP segment of a reassembled PDU]"
"8939","29.364878209","192.168.1.55","192.168.1.2","TCP","1514","8004  >  49916 [ACK] Seq=166710 Ack=144 Win=65024 Len=1448 TSval=2916033445 TSecr=3045553218 [TCP segment of a reassembled PDU]"
"8940","29.364879413","192.168.1.55","192.168.1.2","TCP","1514","8004  >  49916 [ACK] Seq=168158 Ack=144 Win=65024 Len=1448 TSval=2916033445 TSecr=3045553218 [TCP segment of a reassembled PDU]"
"8941","29.364880505","192.168.1.55","192.168.1.2","TCP","1514","8004  >  49916 [ACK] Seq=169606 Ack=144 Win=65024 Len=1448 TSval=2916033445 TSecr=3045553218 [TCP segment of a reassembled PDU]"
"8942","29.364881579","192.168.1.55","192.168.1.2","TCP","1514","8004  >  49916 [ACK] Seq=171054 Ack=144 Win=65024 Len=1448 TSval=2916033445 TSecr=3045553218 [TCP segment of a reassembled PDU]"
"8943","29.364882654","192.168.1.55","192.168.1.2","TCP","1514","8004  >  49916 [ACK] Seq=172502 Ack=144 Win=65024 Len=1448 TSval=2916033445 TSecr=3045553218 [TCP segment of a reassembled PDU]"
"8944","29.364883783","192.168.1.55","192.168.1.2","TCP","1514","8004  >  49916 [ACK] Seq=173950 Ack=144 Win=65024 Len=1448 TSval=2916033445 TSecr=3045553218 [TCP segment of a reassembled PDU]"
"8945","29.364885079","192.168.1.55","192.168.1.2","TCP","1514","8004  >  49916 [PSH, ACK] Seq=175398 Ack=144 Win=65024 Len=1448 TSval=2916033445 TSecr=3045553218 [TCP segment of a reassembled PDU]"
"8946","29.370385366","192.168.1.2","192.168.1.55","TCP","66","49916  >  8004 [ACK] Seq=144 Ack=105894 Win=79872 Len=0 TSval=3045553224 TSecr=2916033444"
"8947","29.370417144","192.168.1.55","192.168.1.2","TCP","1514","8004  >  49916 [ACK] Seq=176846 Ack=144 Win=65024 Len=1448 TSval=2916033451 TSecr=3045553224 [TCP segment of a reassembled PDU]"
"8948","29.370421329","192.168.1.55","192.168.1.2","TCP","1514","8004  >  49916 [ACK] Seq=178294 Ack=144 Win=65024 Len=1448 TSval=2916033451 TSecr=3045553224 [TCP segment of a reassembled PDU]"
"8949","29.370423107","192.168.1.55","192.168.1.2","TCP","1514","8004  >  49916 [ACK] Seq=179742 Ack=144 Win=65024 Len=1448 TSval=2916033451 TSecr=3045553224 [TCP segment of a reassembled PDU]"
"8950","29.370425736","192.168.1.55","192.168.1.2","TCP","1514","8004  >  49916 [ACK] Seq=181190 Ack=144 Win=65024 Len=1448 TSval=2916033451 TSecr=3045553224 [TCP segment of a reassembled PDU]"
"8951","29.370427644","192.168.1.55","192.168.1.2","TCP","1514","8004  >  49916 [ACK] Seq=182638 Ack=144 Win=65024 Len=1448 TSval=2916033451 TSecr=3045553224 [TCP segment of a reassembled PDU]"
"8952","29.370429292","192.168.1.55","192.168.1.2","TCP","1514","8004  >  49916 [PSH, ACK] Seq=184086 Ack=144 Win=65024 Len=1448 TSval=2916033451 TSecr=3045553224 [TCP segment of a reassembled PDU]"
"8953","29.370527810","192.168.1.2","192.168.1.55","TCP","66","49916  >  8004 [ACK] Seq=144 Ack=113134 Win=99328 Len=0 TSval=3045553224 TSecr=2916033444"
"8954","29.370549755","192.168.1.55","192.168.1.2","TCP","1514","8004  >  49916 [ACK] Seq=185534 Ack=144 Win=65024 Len=1448 TSval=2916033451 TSecr=3045553224 [TCP segment of a reassembled PDU]"
"8955","29.370552033","192.168.1.55","192.168.1.2","TCP","1514","8004  >  49916 [ACK] Seq=186982 Ack=144 Win=65024 Len=1448 TSval=2916033451 TSecr=3045553224 [TCP segment of a reassembled PDU]"
"8956","29.370553385","192.168.1.55","192.168.1.2","TCP","1514","8004  >  49916 [ACK] Seq=188430 Ack=144 Win=65024 Len=1448 TSval=2916033451 TSecr=3045553224 [TCP segment of a reassembled PDU]"
"8957","29.370554940","192.168.1.55","192.168.1.2","TCP","1514","8004  >  49916 [ACK] Seq=189878 Ack=144 Win=65024 Len=1448 TSval=2916033451 TSecr=3045553224 [TCP segment of a reassembled PDU]"
"8958","29.370557422","192.168.1.55","192.168.1.2","TCP","1514","8004  >  49916 [ACK] Seq=191326 Ack=144 Win=65024 Len=1448 TSval=2916033451 TSecr=3045553224 [TCP segment of a reassembled PDU]"
"8959","29.370559162","192.168.1.55","192.168.1.2","TCP","1514","8004  >  49916 [ACK] Seq=192774 Ack=144 Win=65024 Len=1448 TSval=2916033451 TSecr=3045553224 [TCP segment of a reassembled PDU]"
"8960","29.370560533","192.168.1.55","192.168.1.2","TCP","1514","8004  >  49916 [ACK] Seq=194222 Ack=144 Win=65024 Len=1448 TSval=2916033451 TSecr=3045553224 [TCP segment of a reassembled PDU]"
"8961","29.370562422","192.168.1.55","192.168.1.2","TCP","1514","8004  >  49916 [PSH, ACK] Seq=195670 Ack=144 Win=65024 Len=1448 TSval=2916033451 TSecr=3045553224 [TCP segment of a reassembled PDU]"
"8962","29.370568070","192.168.1.2","192.168.1.55","TCP","66","49916  >  8004 [ACK] Seq=144 Ack=116030 Win=105472 Len=0 TSval=3045553225 TSecr=2916033444"
"8963","29.370575496","192.168.1.2","192.168.1.55","TCP","66","49916  >  8004 [ACK] Seq=144 Ack=138374 Win=99328 Len=0 TSval=3045553225 TSecr=2916033444"
"8964","29.370629681","192.168.1.55","192.168.1.2","TCP","1514","8004  >  49916 [ACK] Seq=197118 Ack=144 Win=65024 Len=1448 TSval=2916033451 TSecr=3045553225 [TCP segment of a reassembled PDU]"
"8965","29.370632200","192.168.1.55","192.168.1.2","TCP","1514","8004  >  49916 [ACK] Seq=198566 Ack=144 Win=65024 Len=1448 TSval=2916033451 TSecr=3045553225 [TCP segment of a reassembled PDU]"
"8966","29.370633644","192.168.1.55","192.168.1.2","TCP","1514","8004  >  49916 [ACK] Seq=200014 Ack=144 Win=65024 Len=1448 TSval=2916033451 TSecr=3045553225 [TCP segment of a reassembled PDU]"
"8967","29.370635940","192.168.1.55","192.168.1.2","TCP","1514","8004  >  49916 [ACK] Seq=201462 Ack=144 Win=65024 Len=1448 TSval=2916033451 TSecr=3045553225 [TCP segment of a reassembled PDU]"
"8968","29.370637903","192.168.1.55","192.168.1.2","TCP","1514","8004  >  49916 [ACK] Seq=202910 Ack=144 Win=65024 Len=1448 TSval=2916033451 TSecr=3045553225 [TCP segment of a reassembled PDU]"
"8969","29.370647959","192.168.1.55","192.168.1.2","TCP","1514","8004  >  49916 [ACK] Seq=204358 Ack=144 Win=65024 Len=1448 TSval=2916033451 TSecr=3045553225 [TCP segment of a reassembled PDU]"
"8970","29.370651385","192.168.1.55","192.168.1.2","TCP","1514","8004  >  49916 [ACK] Seq=205806 Ack=144 Win=65024 Len=1448 TSval=2916033451 TSecr=3045553225 [TCP segment of a reassembled PDU]"
"8971","29.370652866","192.168.1.55","192.168.1.2","TCP","1514","8004  >  49916 [ACK] Seq=207254 Ack=144 Win=65024 Len=1448 TSval=2916033451 TSecr=3045553225 [TCP segment of a reassembled PDU]"
"8972","29.370654329","192.168.1.55","192.168.1.2","TCP","1514","8004  >  49916 [ACK] Seq=208702 Ack=144 Win=65024 Len=1448 TSval=2916033451 TSecr=3045553225 [TCP segment of a reassembled PDU]"
"8973","29.370655885","192.168.1.55","192.168.1.2","TCP","1514","8004  >  49916 [ACK] Seq=210150 Ack=144 Win=65024 Len=1448 TSval=2916033451 TSecr=3045553225 [TCP segment of a reassembled PDU]"
"8974","29.370657440","192.168.1.55","192.168.1.2","TCP","1514","8004  >  49916 [ACK] Seq=211598 Ack=144 Win=65024 Len=1448 TSval=2916033451 TSecr=3045553225 [TCP segment of a reassembled PDU]"
"8975","29.370659126","192.168.1.55","192.168.1.2","TCP","1514","8004  >  49916 [ACK] Seq=213046 Ack=144 Win=65024 Len=1448 TSval=2916033451 TSecr=3045553225 [TCP segment of a reassembled PDU]"
"8976","29.370660811","192.168.1.55","192.168.1.2","TCP","1514","8004  >  49916 [ACK] Seq=214494 Ack=144 Win=65024 Len=1448 TSval=2916033451 TSecr=3045553225 [TCP segment of a reassembled PDU]"
"8977","29.370662496","192.168.1.55","192.168.1.2","TCP","1514","8004  >  49916 [ACK] Seq=215942 Ack=144 Win=65024 Len=1448 TSval=2916033451 TSecr=3045553225 [TCP segment of a reassembled PDU]"
"8978","29.370663866","192.168.1.55","192.168.1.2","TCP","1514","8004  >  49916 [ACK] Seq=217390 Ack=144 Win=65024 Len=1448 TSval=2916033451 TSecr=3045553225 [TCP segment of a reassembled PDU]"
"8979","29.370666440","192.168.1.55","192.168.1.2","TCP","1514","8004  >  49916 [ACK] Seq=218838 Ack=144 Win=65024 Len=1448 TSval=2916033451 TSecr=3045553225 [TCP segment of a reassembled PDU]"
"8980","29.370668051","192.168.1.55","192.168.1.2","TCP","1514","8004  >  49916 [ACK] Seq=220286 Ack=144 Win=65024 Len=1448 TSval=2916033451 TSecr=3045553225 [TCP segment of a reassembled PDU]"
"8981","29.370670163","192.168.1.55","192.168.1.2","TCP","1514","8004  >  49916 [ACK] Seq=221734 Ack=144 Win=65024 Len=1448 TSval=2916033451 TSecr=3045553225 [TCP segment of a reassembled PDU]"
"8982","29.370671681","192.168.1.55","192.168.1.2","TCP","1514","8004  >  49916 [ACK] Seq=223182 Ack=144 Win=65024 Len=1448 TSval=2916033451 TSecr=3045553225 [TCP segment of a reassembled PDU]"
"8983","29.370673163","192.168.1.55","192.168.1.2","TCP","1514","8004  >  49916 [ACK] Seq=224630 Ack=144 Win=65024 Len=1448 TSval=2916033451 TSecr=3045553225 [TCP segment of a reassembled PDU]"
"8984","29.370674700","192.168.1.55","192.168.1.2","TCP","1514","8004  >  49916 [ACK] Seq=226078 Ack=144 Win=65024 Len=1448 TSval=2916033451 TSecr=3045553225 [TCP segment of a reassembled PDU]"
"8985","29.370676366","192.168.1.55","192.168.1.2","TCP","1514","8004  >  49916 [ACK] Seq=227526 Ack=144 Win=65024 Len=1448 TSval=2916033451 TSecr=3045553225 [TCP segment of a reassembled PDU]"
"8986","29.370678070","192.168.1.55","192.168.1.2","TCP","1514","8004  >  49916 [ACK] Seq=228974 Ack=144 Win=65024 Len=1448 TSval=2916033451 TSecr=3045553225 [TCP segment of a reassembled PDU]"
"8987","29.370679589","192.168.1.55","192.168.1.2","TCP","1514","8004  >  49916 [ACK] Seq=230422 Ack=144 Win=65024 Len=1448 TSval=2916033451 TSecr=3045553225 [TCP segment of a reassembled PDU]"
"8988","29.370681589","192.168.1.55","192.168.1.2","TCP","1514","8004  >  49916 [ACK] Seq=231870 Ack=144 Win=65024 Len=1448 TSval=2916033451 TSecr=3045553225 [TCP segment of a reassembled PDU]"
"8989","29.370684718","192.168.1.55","192.168.1.2","TCP","1514","8004  >  49916 [ACK] Seq=233318 Ack=144 Win=65024 Len=1448 TSval=2916033451 TSecr=3045553225 [TCP segment of a reassembled PDU]"
"8990","29.370686366","192.168.1.55","192.168.1.2","TCP","1514","8004  >  49916 [ACK] Seq=234766 Ack=144 Win=65024 Len=1448 TSval=2916033451 TSecr=3045553225 [TCP segment of a reassembled PDU]"
"8991","29.370687811","192.168.1.55","192.168.1.2","TCP","1514","8004  >  49916 [PSH, ACK] Seq=236214 Ack=144 Win=65024 Len=1448 TSval=2916033451 TSecr=3045553225 [TCP segment of a reassembled PDU]"
"8992","29.370756422","192.168.1.2","192.168.1.55","TCP","66","49916  >  8004 [ACK] Seq=144 Ack=154302 Win=84992 Len=0 TSval=3045553225 TSecr=2916033444"
"8993","29.370770515","192.168.1.55","192.168.1.2","TCP","1514","8004  >  49916 [ACK] Seq=237662 Ack=144 Win=65024 Len=1448 TSval=2916033451 TSecr=3045553225 [TCP segment of a reassembled PDU]"
"8994","29.370776441","192.168.1.2","192.168.1.55","TCP","66","49916  >  8004 [ACK] Seq=144 Ack=176846 Win=65536 Len=0 TSval=3045553225 TSecr=2916033445"
"8995","29.370819755","192.168.1.55","192.168.1.2","TCP","1514","8004  >  49916 [ACK] Seq=239110 Ack=144 Win=65024 Len=1448 TSval=2916033451 TSecr=3045553225 [TCP segment of a reassembled PDU]"
"8996","29.370821959","192.168.1.55","192.168.1.2","TCP","1514","8004  >  49916 [ACK] Seq=240558 Ack=144 Win=65024 Len=1448 TSval=2916033451 TSecr=3045553225 [TCP segment of a reassembled PDU]"
"8997","29.370823329","192.168.1.55","192.168.1.2","TCP","442","[TCP Window Full] 8004  >  49916 [PSH, ACK] Seq=242006 Ack=144 Win=65024 Len=376 TSval=2916033451 TSecr=3045553225 [TCP segment of a reassembled PDU]"
"8998","29.376514487","192.168.1.2","192.168.1.55","TCP","66","49916  >  8004 [ACK] Seq=144 Ack=185534 Win=112640 Len=0 TSval=3045553231 TSecr=2916033451"
"8999","29.376563913","192.168.1.55","192.168.1.2","TCP","1514","8004  >  49916 [ACK] Seq=242382 Ack=144 Win=65024 Len=1448 TSval=2916033457 TSecr=3045553231 [TCP segment of a reassembled PDU]"
"9000","29.376567709","192.168.1.55","192.168.1.2","TCP","1514","8004  >  49916 [ACK] Seq=243830 Ack=144 Win=65024 Len=1448 TSval=2916033457 TSecr=3045553231 [TCP segment of a reassembled PDU]"
"9001","29.376569616","192.168.1.55","192.168.1.2","TCP","1514","8004  >  49916 [ACK] Seq=245278 Ack=144 Win=65024 Len=1448 TSval=2916033457 TSecr=3045553231 [TCP segment of a reassembled PDU]"
"9002","29.376571153","192.168.1.55","192.168.1.2","TCP","1514","8004  >  49916 [ACK] Seq=246726 Ack=144 Win=65024 Len=1448 TSval=2916033457 TSecr=3045553231 [TCP segment of a reassembled PDU]"
"9003","29.376572598","192.168.1.55","192.168.1.2","TCP","1514","8004  >  49916 [ACK] Seq=248174 Ack=144 Win=65024 Len=1448 TSval=2916033457 TSecr=3045553231 [TCP segment of a reassembled PDU]"
"9004","29.376574894","192.168.1.55","192.168.1.2","TCP","1514","8004  >  49916 [ACK] Seq=249622 Ack=144 Win=65024 Len=1448 TSval=2916033457 TSecr=3045553231 [TCP segment of a reassembled PDU]"
"9005","29.376577061","192.168.1.55","192.168.1.2","TCP","1514","8004  >  49916 [ACK] Seq=251070 Ack=144 Win=65024 Len=1448 TSval=2916033457 TSecr=3045553231 [TCP segment of a reassembled PDU]"
"9006","29.376578468","192.168.1.55","192.168.1.2","TCP","1514","8004  >  49916 [ACK] Seq=252518 Ack=144 Win=65024 Len=1448 TSval=2916033457 TSecr=3045553231 [TCP segment of a reassembled PDU]"
"9007","29.376580987","192.168.1.55","192.168.1.2","TCP","1514","8004  >  49916 [ACK] Seq=253966 Ack=144 Win=65024 Len=1448 TSval=2916033457 TSecr=3045553231 [TCP segment of a reassembled PDU]"
"9008","29.376582727","192.168.1.55","192.168.1.2","TCP","1514","8004  >  49916 [ACK] Seq=255414 Ack=144 Win=65024 Len=1448 TSval=2916033457 TSecr=3045553231 [TCP segment of a reassembled PDU]"
"9009","29.376584079","192.168.1.55","192.168.1.2","TCP","1514","8004  >  49916 [ACK] Seq=256862 Ack=144 Win=65024 Len=1448 TSval=2916033457 TSecr=3045553231 [TCP segment of a reassembled PDU]"
"9010","29.376585487","192.168.1.55","192.168.1.2","TCP","1514","8004  >  49916 [ACK] Seq=258310 Ack=144 Win=65024 Len=1448 TSval=2916033457 TSecr=3045553231 [TCP segment of a reassembled PDU]"
"9011","29.376587524","192.168.1.55","192.168.1.2","TCP","1514","8004  >  49916 [ACK] Seq=259758 Ack=144 Win=65024 Len=1448 TSval=2916033457 TSecr=3045553231 [TCP segment of a reassembled PDU]"
"9012","29.376589301","192.168.1.55","192.168.1.2","TCP","1514","8004  >  49916 [ACK] Seq=261206 Ack=144 Win=65024 Len=1448 TSval=2916033457 TSecr=3045553231 [TCP segment of a reassembled PDU]"
"9013","29.376590746","192.168.1.55","192.168.1.2","TCP","1514","8004  >  49916 [ACK] Seq=262654 Ack=144 Win=65024 Len=1448 TSval=2916033457 TSecr=3045553231 [TCP segment of a reassembled PDU]"
"9014","29.376592246","192.168.1.55","192.168.1.2","TCP","1514","8004  >  49916 [ACK] Seq=264102 Ack=144 Win=65024 Len=1448 TSval=2916033457 TSecr=3045553231 [TCP segment of a reassembled PDU]"
"9015","29.376594209","192.168.1.55","192.168.1.2","TCP","1514","8004  >  49916 [ACK] Seq=265550 Ack=144 Win=65024 Len=1448 TSval=2916033457 TSecr=3045553231 [TCP segment of a reassembled PDU]"
"9016","29.376595931","192.168.1.55","192.168.1.2","TCP","1514","8004  >  49916 [ACK] Seq=266998 Ack=144 Win=65024 Len=1448 TSval=2916033457 TSecr=3045553231 [TCP segment of a reassembled PDU]"
"9017","29.376597320","192.168.1.55","192.168.1.2","TCP","1514","8004  >  49916 [ACK] Seq=268446 Ack=144 Win=65024 Len=1448 TSval=2916033457 TSecr=3045553231 [TCP segment of a reassembled PDU]"
"9018","29.376599190","192.168.1.55","192.168.1.2","TCP","1514","8004  >  49916 [ACK] Seq=269894 Ack=144 Win=65024 Len=1448 TSval=2916033457 TSecr=3045553231 [TCP segment of a reassembled PDU]"
"9019","29.376600857","192.168.1.55","192.168.1.2","TCP","1514","8004  >  49916 [ACK] Seq=271342 Ack=144 Win=65024 Len=1448 TSval=2916033457 TSecr=3045553231 [TCP segment of a reassembled PDU]"
"9020","29.376602561","192.168.1.55","192.168.1.2","TCP","1514","8004  >  49916 [ACK] Seq=272790 Ack=144 Win=65024 Len=1448 TSval=2916033457 TSecr=3045553231 [TCP segment of a reassembled PDU]"
"9021","29.376604116","192.168.1.55","192.168.1.2","TCP","1514","8004  >  49916 [ACK] Seq=274238 Ack=144 Win=65024 Len=1448 TSval=2916033457 TSecr=3045553231 [TCP segment of a reassembled PDU]"
"9022","29.376607079","192.168.1.55","192.168.1.2","TCP","1514","8004  >  49916 [ACK] Seq=275686 Ack=144 Win=65024 Len=1448 TSval=2916033457 TSecr=3045553231 [TCP segment of a reassembled PDU]"
"9023","29.376608857","192.168.1.55","192.168.1.2","TCP","1514","8004  >  49916 [ACK] Seq=277134 Ack=144 Win=65024 Len=1448 TSval=2916033457 TSecr=3045553231 [TCP segment of a reassembled PDU]"
"9024","29.376610153","192.168.1.55","192.168.1.2","TCP","1514","8004  >  49916 [PSH, ACK] Seq=278582 Ack=144 Win=65024 Len=1448 TSval=2916033457 TSecr=3045553231 [TCP segment of a reassembled PDU]"
"9025","29.376616764","192.168.1.55","192.168.1.2","TCP","1138","8004  >  49916 [ACK] Seq=280030 Ack=144 Win=65024 Len=1072 TSval=2916033457 TSecr=3045553231 [TCP segment of a reassembled PDU]"
"9026","29.376708487","192.168.1.2","192.168.1.55","TCP","66","49916  >  8004 [ACK] Seq=144 Ack=197118 Win=102400 Len=0 TSval=3045553231 TSecr=2916033451"
"9027","29.376720357","192.168.1.2","192.168.1.55","TCP","66","49916  >  8004 [ACK] Seq=144 Ack=234766 Win=87040 Len=0 TSval=3045553231 TSecr=2916033451"
"9028","29.376774802","192.168.1.55","192.168.1.2","TCP","1514","8004  >  49916 [ACK] Seq=281102 Ack=144 Win=65024 Len=1448 TSval=2916033457 TSecr=3045553231 [TCP segment of a reassembled PDU]"
"9029","29.376779376","192.168.1.55","192.168.1.2","TCP","1514","8004  >  49916 [ACK] Seq=282550 Ack=144 Win=65024 Len=1448 TSval=2916033457 TSecr=3045553231 [TCP segment of a reassembled PDU]"
"9030","29.376780709","192.168.1.55","192.168.1.2","TCP","1514","8004  >  49916 [ACK] Seq=283998 Ack=144 Win=65024 Len=1448 TSval=2916033457 TSecr=3045553231 [TCP segment of a reassembled PDU]"
"9031","29.376782117","192.168.1.55","192.168.1.2","TCP","1514","8004  >  49916 [ACK] Seq=285446 Ack=144 Win=65024 Len=1448 TSval=2916033457 TSecr=3045553231 [TCP segment of a reassembled PDU]"
"9032","29.376784635","192.168.1.55","192.168.1.2","TCP","1514","8004  >  49916 [ACK] Seq=286894 Ack=144 Win=65024 Len=1448 TSval=2916033457 TSecr=3045553231 [TCP segment of a reassembled PDU]"
"9033","29.376786524","192.168.1.55","192.168.1.2","TCP","1514","8004  >  49916 [ACK] Seq=288342 Ack=144 Win=65024 Len=1448 TSval=2916033457 TSecr=3045553231 [TCP segment of a reassembled PDU]"
"9034","29.376787950","192.168.1.55","192.168.1.2","TCP","1514","8004  >  49916 [ACK] Seq=289790 Ack=144 Win=65024 Len=1448 TSval=2916033457 TSecr=3045553231 [TCP segment of a reassembled PDU]"
"9035","29.376789561","192.168.1.55","192.168.1.2","TCP","1514","8004  >  49916 [ACK] Seq=291238 Ack=144 Win=65024 Len=1448 TSval=2916033457 TSecr=3045553231 [TCP segment of a reassembled PDU]"
"9036","29.376792024","192.168.1.55","192.168.1.2","TCP","1514","8004  >  49916 [ACK] Seq=292686 Ack=144 Win=65024 Len=1448 TSval=2916033457 TSecr=3045553231 [TCP segment of a reassembled PDU]"
"9037","29.376793617","192.168.1.55","192.168.1.2","TCP","1514","8004  >  49916 [ACK] Seq=294134 Ack=144 Win=65024 Len=1448 TSval=2916033457 TSecr=3045553231 [TCP segment of a reassembled PDU]"
"9038","29.376795117","192.168.1.55","192.168.1.2","TCP","1514","8004  >  49916 [ACK] Seq=295582 Ack=144 Win=65024 Len=1448 TSval=2916033457 TSecr=3045553231 [TCP segment of a reassembled PDU]"
"9039","29.376797598","192.168.1.55","192.168.1.2","TCP","1514","8004  >  49916 [ACK] Seq=297030 Ack=144 Win=65024 Len=1448 TSval=2916033457 TSecr=3045553231 [TCP segment of a reassembled PDU]"
"9040","29.376799913","192.168.1.55","192.168.1.2","TCP","1514","8004  >  49916 [ACK] Seq=298478 Ack=144 Win=65024 Len=1448 TSval=2916033457 TSecr=3045553231 [TCP segment of a reassembled PDU]"
"9041","29.376801209","192.168.1.55","192.168.1.2","TCP","1514","8004  >  49916 [ACK] Seq=299926 Ack=144 Win=65024 Len=1448 TSval=2916033457 TSecr=3045553231 [TCP segment of a reassembled PDU]"
"9042","29.376802765","192.168.1.55","192.168.1.2","TCP","1514","8004  >  49916 [ACK] Seq=301374 Ack=144 Win=65024 Len=1448 TSval=2916033457 TSecr=3045553231 [TCP segment of a reassembled PDU]"
"9043","29.376804709","192.168.1.55","192.168.1.2","TCP","1514","8004  >  49916 [ACK] Seq=302822 Ack=144 Win=65024 Len=1448 TSval=2916033457 TSecr=3045553231 [TCP segment of a reassembled PDU]"
"9044","29.376806413","192.168.1.55","192.168.1.2","TCP","1514","8004  >  49916 [ACK] Seq=304270 Ack=144 Win=65024 Len=1448 TSval=2916033457 TSecr=3045553231 [TCP segment of a reassembled PDU]"
"9045","29.376807913","192.168.1.55","192.168.1.2","TCP","1514","8004  >  49916 [ACK] Seq=305718 Ack=144 Win=65024 Len=1448 TSval=2916033457 TSecr=3045553231 [TCP segment of a reassembled PDU]"
"9046","29.376810043","192.168.1.55","192.168.1.2","TCP","1514","8004  >  49916 [ACK] Seq=307166 Ack=144 Win=65024 Len=1448 TSval=2916033457 TSecr=3045553231 [TCP segment of a reassembled PDU]"
"9047","29.376811802","192.168.1.55","192.168.1.2","TCP","1514","8004  >  49916 [ACK] Seq=308614 Ack=144 Win=65024 Len=1448 TSval=2916033457 TSecr=3045553231 [TCP segment of a reassembled PDU]"
"9048","29.376813098","192.168.1.55","192.168.1.2","TCP","1514","8004  >  49916 [ACK] Seq=310062 Ack=144 Win=65024 Len=1448 TSval=2916033457 TSecr=3045553231 [TCP segment of a reassembled PDU]"
"9049","29.376814413","192.168.1.55","192.168.1.2","TCP","1514","8004  >  49916 [ACK] Seq=311510 Ack=144 Win=65024 Len=1448 TSval=2916033457 TSecr=3045553231 [TCP segment of a reassembled PDU]"
"9050","29.376816876","192.168.1.55","192.168.1.2","TCP","1514","8004  >  49916 [ACK] Seq=312958 Ack=144 Win=65024 Len=1448 TSval=2916033457 TSecr=3045553231 [TCP segment of a reassembled PDU]"
"9051","29.376818691","192.168.1.55","192.168.1.2","TCP","1514","8004  >  49916 [ACK] Seq=314406 Ack=144 Win=65024 Len=1448 TSval=2916033457 TSecr=3045553231 [TCP segment of a reassembled PDU]"
"9052","29.376819931","192.168.1.55","192.168.1.2","TCP","1514","8004  >  49916 [ACK] Seq=315854 Ack=144 Win=65024 Len=1448 TSval=2916033457 TSecr=3045553231 [TCP segment of a reassembled PDU]"
"9053","29.376821394","192.168.1.55","192.168.1.2","TCP","1514","8004  >  49916 [ACK] Seq=317302 Ack=144 Win=65024 Len=1448 TSval=2916033457 TSecr=3045553231 [TCP segment of a reassembled PDU]"
"9054","29.376823413","192.168.1.55","192.168.1.2","TCP","1514","8004  >  49916 [ACK] Seq=318750 Ack=144 Win=65024 Len=1448 TSval=2916033457 TSecr=3045553231 [TCP segment of a reassembled PDU]"
"9055","29.376825339","192.168.1.55","192.168.1.2","TCP","1514","8004  >  49916 [PSH, ACK] Seq=320198 Ack=144 Win=65024 Len=1448 TSval=2916033457 TSecr=3045553231 [TCP segment of a reassembled PDU]"
"9056","29.376830580","192.168.1.2","192.168.1.55","TCP","66","49916  >  8004 [ACK] Seq=144 Ack=237662 Win=117760 Len=0 TSval=3045553232 TSecr=2916033451"
"9057","29.376843617","192.168.1.55","192.168.1.2","TCP","1514","8004  >  49916 [PSH, ACK] Seq=321646 Ack=144 Win=65024 Len=1448 TSval=2916033457 TSecr=3045553232 [TCP segment of a reassembled PDU]"
"9058","29.376847987","192.168.1.2","192.168.1.55","TCP","66","49916  >  8004 [ACK] Seq=144 Ack=242382 Win=113664 Len=0 TSval=3045553232 TSecr=2916033451"
"9059","29.376901728","192.168.1.55","192.168.1.2","TCP","1514","8004  >  49916 [ACK] Seq=323094 Ack=144 Win=65024 Len=1448 TSval=2916033457 TSecr=3045553232 [TCP segment of a reassembled PDU]"
"9060","29.376904820","192.168.1.55","192.168.1.2","TCP","1514","8004  >  49916 [ACK] Seq=324542 Ack=144 Win=65024 Len=1448 TSval=2916033457 TSecr=3045553232 [TCP segment of a reassembled PDU]"
"9061","29.376906135","192.168.1.55","192.168.1.2","TCP","1514","8004  >  49916 [ACK] Seq=325990 Ack=144 Win=65024 Len=1448 TSval=2916033457 TSecr=3045553232 [TCP segment of a reassembled PDU]"
"9062","29.376907487","192.168.1.55","192.168.1.2","TCP","1514","8004  >  49916 [ACK] Seq=327438 Ack=144 Win=65024 Len=1448 TSval=2916033457 TSecr=3045553232 [TCP segment of a reassembled PDU]"
"9063","29.376909006","192.168.1.55","192.168.1.2","TCP","1514","8004  >  49916 [ACK] Seq=328886 Ack=144 Win=65024 Len=1448 TSval=2916033457 TSecr=3045553232 [TCP segment of a reassembled PDU]"
"9064","29.376910765","192.168.1.55","192.168.1.2","TCP","1514","8004  >  49916 [ACK] Seq=330334 Ack=144 Win=65024 Len=1448 TSval=2916033457 TSecr=3045553232 [TCP segment of a reassembled PDU]"
"9065","29.376912283","192.168.1.55","192.168.1.2","TCP","1514","8004  >  49916 [ACK] Seq=331782 Ack=144 Win=65024 Len=1448 TSval=2916033457 TSecr=3045553232 [TCP segment of a reassembled PDU]"
"9066","29.376913783","192.168.1.55","192.168.1.2","TCP","1514","8004  >  49916 [ACK] Seq=333230 Ack=144 Win=65024 Len=1448 TSval=2916033457 TSecr=3045553232 [TCP segment of a reassembled PDU]"
"9067","29.376915357","192.168.1.55","192.168.1.2","TCP","1514","8004  >  49916 [ACK] Seq=334678 Ack=144 Win=65024 Len=1448 TSval=2916033457 TSecr=3045553232 [TCP segment of a reassembled PDU]"
"9068","29.376918172","192.168.1.55","192.168.1.2","TCP","1514","8004  >  49916 [ACK] Seq=336126 Ack=144 Win=65024 Len=1448 TSval=2916033457 TSecr=3045553232 [TCP segment of a reassembled PDU]"
"9069","29.376919580","192.168.1.55","192.168.1.2","TCP","1514","8004  >  49916 [ACK] Seq=337574 Ack=144 Win=65024 Len=1448 TSval=2916033457 TSecr=3045553232 [TCP segment of a reassembled PDU]"
"9070","29.376921061","192.168.1.55","192.168.1.2","TCP","1514","8004  >  49916 [ACK] Seq=339022 Ack=144 Win=65024 Len=1448 TSval=2916033457 TSecr=3045553232 [TCP segment of a reassembled PDU]"
"9071","29.376922950","192.168.1.55","192.168.1.2","TCP","1514","8004  >  49916 [ACK] Seq=340470 Ack=144 Win=65024 Len=1448 TSval=2916033457 TSecr=3045553232 [TCP segment of a reassembled PDU]"
"9072","29.376924654","192.168.1.55","192.168.1.2","TCP","1514","8004  >  49916 [ACK] Seq=341918 Ack=144 Win=65024 Len=1448 TSval=2916033457 TSecr=3045553232 [TCP segment of a reassembled PDU]"
"9073","29.376926302","192.168.1.55","192.168.1.2","TCP","1514","8004  >  49916 [ACK] Seq=343366 Ack=144 Win=65024 Len=1448 TSval=2916033457 TSecr=3045553232 [TCP segment of a reassembled PDU]"
"9074","29.376927672","192.168.1.55","192.168.1.2","TCP","1514","8004  >  49916 [ACK] Seq=344814 Ack=144 Win=65024 Len=1448 TSval=2916033457 TSecr=3045553232 [TCP segment of a reassembled PDU]"
"9075","29.376929024","192.168.1.55","192.168.1.2","TCP","1514","8004  >  49916 [ACK] Seq=346262 Ack=144 Win=65024 Len=1448 TSval=2916033457 TSecr=3045553232 [TCP segment of a reassembled PDU]"
"9076","29.376930672","192.168.1.55","192.168.1.2","TCP","1514","8004  >  49916 [ACK] Seq=347710 Ack=144 Win=65024 Len=1448 TSval=2916033457 TSecr=3045553232 [TCP segment of a reassembled PDU]"
"9077","29.376932858","192.168.1.55","192.168.1.2","TCP","1514","8004  >  49916 [ACK] Seq=349158 Ack=144 Win=65024 Len=1448 TSval=2916033457 TSecr=3045553232 [TCP segment of a reassembled PDU]"
"9078","29.376934617","192.168.1.55","192.168.1.2","TCP","1514","8004  >  49916 [ACK] Seq=350606 Ack=144 Win=65024 Len=1448 TSval=2916033457 TSecr=3045553232 [TCP segment of a reassembled PDU]"
"9079","29.376936876","192.168.1.55","192.168.1.2","TCP","1514","8004  >  49916 [ACK] Seq=352054 Ack=144 Win=65024 Len=1448 TSval=2916033457 TSecr=3045553232 [TCP segment of a reassembled PDU]"
"9080","29.376938691","192.168.1.55","192.168.1.2","TCP","1514","8004  >  49916 [PSH, ACK] Seq=353502 Ack=144 Win=65024 Len=1448 TSval=2916033457 TSecr=3045553232 [TCP segment of a reassembled PDU]"
"9081","29.384086202","192.168.1.2","192.168.1.55","TCP","66","49916  >  8004 [ACK] Seq=144 Ack=280030 Win=87040 Len=0 TSval=3045553238 TSecr=2916033457"
"9082","29.384104109","192.168.1.55","192.168.1.2","TCP","1514","8004  >  49916 [ACK] Seq=354950 Ack=144 Win=65024 Len=1448 TSval=2916033464 TSecr=3045553238 [TCP segment of a reassembled PDU]"
"9083","29.384106609","192.168.1.55","192.168.1.2","TCP","1514","8004  >  49916 [ACK] Seq=356398 Ack=144 Win=65024 Len=1448 TSval=2916033464 TSecr=3045553238 [TCP segment of a reassembled PDU]"
"9084","29.384107906","192.168.1.55","192.168.1.2","TCP","1514","8004  >  49916 [ACK] Seq=357846 Ack=144 Win=65024 Len=1448 TSval=2916033464 TSecr=3045553238 [TCP segment of a reassembled PDU]"
"9085","29.384109221","192.168.1.55","192.168.1.2","TCP","1514","8004  >  49916 [ACK] Seq=359294 Ack=144 Win=65024 Len=1448 TSval=2916033464 TSecr=3045553238 [TCP segment of a reassembled PDU]"
"9086","29.384110424","192.168.1.55","192.168.1.2","TCP","1514","8004  >  49916 [ACK] Seq=360742 Ack=144 Win=65024 Len=1448 TSval=2916033464 TSecr=3045553238 [TCP segment of a reassembled PDU]"
"9087","29.384111647","192.168.1.55","192.168.1.2","TCP","1514","8004  >  49916 [ACK] Seq=362190 Ack=144 Win=65024 Len=1448 TSval=2916033464 TSecr=3045553238 [TCP segment of a reassembled PDU]"
"9088","29.384112850","192.168.1.55","192.168.1.2","TCP","1514","8004  >  49916 [PSH, ACK] Seq=363638 Ack=144 Win=65024 Len=1448 TSval=2916033464 TSecr=3045553238 [TCP segment of a reassembled PDU]"
"9089","29.384497684","192.168.1.2","192.168.1.55","TCP","66","49916  >  8004 [ACK] Seq=144 Ack=310062 Win=58368 Len=0 TSval=3045553238 TSecr=2916033457"
"9090","29.384505943","192.168.1.2","192.168.1.55","TCP","66","[TCP Window Update] 49916  >  8004 [ACK] Seq=144 Ack=310062 Win=117760 Len=0 TSval=3045553238 TSecr=2916033457"
"9091","29.384534018","192.168.1.55","192.168.1.2","TCP","1514","8004  >  49916 [ACK] Seq=365086 Ack=144 Win=65024 Len=1448 TSval=2916033465 TSecr=3045553238 [TCP segment of a reassembled PDU]"
"9092","29.384536740","192.168.1.55","192.168.1.2","TCP","1514","8004  >  49916 [ACK] Seq=366534 Ack=144 Win=65024 Len=1448 TSval=2916033465 TSecr=3045553238 [TCP segment of a reassembled PDU]"
"9093","29.384538277","192.168.1.55","192.168.1.2","TCP","1514","8004  >  49916 [ACK] Seq=367982 Ack=144 Win=65024 Len=1448 TSval=2916033465 TSecr=3045553238 [TCP segment of a reassembled PDU]"
"9094","29.384539869","192.168.1.55","192.168.1.2","TCP","1514","8004  >  49916 [ACK] Seq=369430 Ack=144 Win=65024 Len=1448 TSval=2916033465 TSecr=3045553238 [TCP segment of a reassembled PDU]"
"9095","29.384541110","192.168.1.55","192.168.1.2","TCP","1514","8004  >  49916 [ACK] Seq=370878 Ack=144 Win=65024 Len=1448 TSval=2916033465 TSecr=3045553238 [TCP segment of a reassembled PDU]"
"9096","29.384542388","192.168.1.55","192.168.1.2","TCP","1514","8004  >  49916 [ACK] Seq=372326 Ack=144 Win=65024 Len=1448 TSval=2916033465 TSecr=3045553238 [TCP segment of a reassembled PDU]"
"9097","29.384543647","192.168.1.55","192.168.1.2","TCP","1514","8004  >  49916 [ACK] Seq=373774 Ack=144 Win=65024 Len=1448 TSval=2916033465 TSecr=3045553238 [TCP segment of a reassembled PDU]"
"9098","29.384544888","192.168.1.55","192.168.1.2","TCP","1514","8004  >  49916 [ACK] Seq=375222 Ack=144 Win=65024 Len=1448 TSval=2916033465 TSecr=3045553238 [TCP segment of a reassembled PDU]"
"9099","29.384546184","192.168.1.55","192.168.1.2","TCP","1514","8004  >  49916 [ACK] Seq=376670 Ack=144 Win=65024 Len=1448 TSval=2916033465 TSecr=3045553238 [TCP segment of a reassembled PDU]"
"9100","29.384547481","192.168.1.55","192.168.1.2","TCP","1514","8004  >  49916 [ACK] Seq=378118 Ack=144 Win=65024 Len=1448 TSval=2916033465 TSecr=3045553238 [TCP segment of a reassembled PDU]"
"9101","29.384548888","192.168.1.55","192.168.1.2","TCP","1514","8004  >  49916 [ACK] Seq=379566 Ack=144 Win=65024 Len=1448 TSval=2916033465 TSecr=3045553238 [TCP segment of a reassembled PDU]"
"9102","29.384550110","192.168.1.55","192.168.1.2","TCP","1514","8004  >  49916 [ACK] Seq=381014 Ack=144 Win=65024 Len=1448 TSval=2916033465 TSecr=3045553238 [TCP segment of a reassembled PDU]"
"9103","29.384551740","192.168.1.55","192.168.1.2","TCP","1514","8004  >  49916 [ACK] Seq=382462 Ack=144 Win=65024 Len=1448 TSval=2916033465 TSecr=3045553238 [TCP segment of a reassembled PDU]"
"9104","29.384553129","192.168.1.55","192.168.1.2","TCP","1514","8004  >  49916 [ACK] Seq=383910 Ack=144 Win=65024 Len=1448 TSval=2916033465 TSecr=3045553238 [TCP segment of a reassembled PDU]"
"9105","29.384554351","192.168.1.55","192.168.1.2","TCP","1514","8004  >  49916 [ACK] Seq=385358 Ack=144 Win=65024 Len=1448 TSval=2916033465 TSecr=3045553238 [TCP segment of a reassembled PDU]"
"9106","29.384555666","192.168.1.55","192.168.1.2","TCP","1514","8004  >  49916 [ACK] Seq=386806 Ack=144 Win=65024 Len=1448 TSval=2916033465 TSecr=3045553238 [TCP segment of a reassembled PDU]"
"9107","29.384557018","192.168.1.55","192.168.1.2","TCP","1514","8004  >  49916 [ACK] Seq=388254 Ack=144 Win=65024 Len=1448 TSval=2916033465 TSecr=3045553238 [TCP segment of a reassembled PDU]"
"9108","29.384558258","192.168.1.55","192.168.1.2","TCP","1514","8004  >  49916 [ACK] Seq=389702 Ack=144 Win=65024 Len=1448 TSval=2916033465 TSecr=3045553238 [TCP segment of a reassembled PDU]"
"9109","29.384559573","192.168.1.55","192.168.1.2","TCP","1514","8004  >  49916 [ACK] Seq=391150 Ack=144 Win=65024 Len=1448 TSval=2916033465 TSecr=3045553238 [TCP segment of a reassembled PDU]"
"9110","29.384560795","192.168.1.55","192.168.1.2","TCP","1514","8004  >  49916 [ACK] Seq=392598 Ack=144 Win=65024 Len=1448 TSval=2916033465 TSecr=3045553238 [TCP segment of a reassembled PDU]"
"9111","29.384562092","192.168.1.55","192.168.1.2","TCP","1514","8004  >  49916 [ACK] Seq=394046 Ack=144 Win=65024 Len=1448 TSval=2916033465 TSecr=3045553238 [TCP segment of a reassembled PDU]"
"9112","29.384563425","192.168.1.55","192.168.1.2","TCP","1514","8004  >  49916 [ACK] Seq=395494 Ack=144 Win=65024 Len=1448 TSval=2916033465 TSecr=3045553238 [TCP segment of a reassembled PDU]"
"9113","29.384564629","192.168.1.55","192.168.1.2","TCP","1514","8004  >  49916 [ACK] Seq=396942 Ack=144 Win=65024 Len=1448 TSval=2916033465 TSecr=3045553238 [TCP segment of a reassembled PDU]"
"9114","29.384565962","192.168.1.55","192.168.1.2","TCP","1514","8004  >  49916 [ACK] Seq=398390 Ack=144 Win=65024 Len=1448 TSval=2916033465 TSecr=3045553238 [TCP segment of a reassembled PDU]"
"9115","29.384567258","192.168.1.55","192.168.1.2","TCP","1514","8004  >  49916 [ACK] Seq=399838 Ack=144 Win=65024 Len=1448 TSval=2916033465 TSecr=3045553238 [TCP segment of a reassembled PDU]"
"9116","29.384568518","192.168.1.55","192.168.1.2","TCP","1514","8004  >  49916 [ACK] Seq=401286 Ack=144 Win=65024 Len=1448 TSval=2916033465 TSecr=3045553238 [TCP segment of a reassembled PDU]"
"9117","29.384569814","192.168.1.55","192.168.1.2","TCP","1514","8004  >  49916 [ACK] Seq=402734 Ack=144 Win=65024 Len=1448 TSval=2916033465 TSecr=3045553238 [TCP segment of a reassembled PDU]"
"9118","29.384571055","192.168.1.55","192.168.1.2","TCP","1514","8004  >  49916 [ACK] Seq=404182 Ack=144 Win=65024 Len=1448 TSval=2916033465 TSecr=3045553238 [TCP segment of a reassembled PDU]"
"9119","29.384572444","192.168.1.55","192.168.1.2","TCP","1514","8004  >  49916 [PSH, ACK] Seq=405630 Ack=144 Win=65024 Len=1448 TSval=2916033465 TSecr=3045553238 [TCP segment of a reassembled PDU]"
"9120","29.384576981","192.168.1.2","192.168.1.55","TCP","66","49916  >  8004 [ACK] Seq=144 Ack=323094 Win=108544 Len=0 TSval=3045553238 TSecr=2916033457"
"9121","29.387345337","192.168.1.2","192.168.1.55","TCP","66","49916  >  8004 [ACK] Seq=144 Ack=354950 Win=90112 Len=0 TSval=3045553240 TSecr=2916033457"
"9122","29.387378892","192.168.1.55","192.168.1.2","TCP","1514","8004  >  49916 [ACK] Seq=407078 Ack=144 Win=65024 Len=1448 TSval=2916033468 TSecr=3045553240 [TCP segment of a reassembled PDU]"
"9123","29.387381818","192.168.1.55","192.168.1.2","TCP","1514","8004  >  49916 [ACK] Seq=408526 Ack=144 Win=65024 Len=1448 TSval=2916033468 TSecr=3045553240 [TCP segment of a reassembled PDU]"
"9124","29.387383263","192.168.1.55","192.168.1.2","TCP","1514","8004  >  49916 [ACK] Seq=409974 Ack=144 Win=65024 Len=1448 TSval=2916033468 TSecr=3045553240 [TCP segment of a reassembled PDU]"
"9125","29.387384781","192.168.1.55","192.168.1.2","TCP","1514","8004  >  49916 [ACK] Seq=411422 Ack=144 Win=65024 Len=1448 TSval=2916033468 TSecr=3045553240 [TCP segment of a reassembled PDU]"
"9126","29.387386226","192.168.1.55","192.168.1.2","TCP","1514","8004  >  49916 [ACK] Seq=412870 Ack=144 Win=65024 Len=1448 TSval=2916033468 TSecr=3045553240 [TCP segment of a reassembled PDU]"
"9127","29.387387485","192.168.1.55","192.168.1.2","TCP","1514","8004  >  49916 [ACK] Seq=414318 Ack=144 Win=65024 Len=1448 TSval=2916033468 TSecr=3045553240 [TCP segment of a reassembled PDU]"
"9128","29.387388763","192.168.1.55","192.168.1.2","TCP","1514","8004  >  49916 [ACK] Seq=415766 Ack=144 Win=65024 Len=1448 TSval=2916033468 TSecr=3045553240 [TCP segment of a reassembled PDU]"
"9129","29.387390059","192.168.1.55","192.168.1.2","TCP","1514","8004  >  49916 [ACK] Seq=417214 Ack=144 Win=65024 Len=1448 TSval=2916033468 TSecr=3045553240 [TCP segment of a reassembled PDU]"
"9130","29.387391448","192.168.1.55","192.168.1.2","TCP","1514","8004  >  49916 [ACK] Seq=418662 Ack=144 Win=65024 Len=1448 TSval=2916033468 TSecr=3045553240 [TCP segment of a reassembled PDU]"
"9131","29.387392874","192.168.1.55","192.168.1.2","TCP","1514","8004  >  49916 [ACK] Seq=420110 Ack=144 Win=65024 Len=1448 TSval=2916033468 TSecr=3045553240 [TCP segment of a reassembled PDU]"
"9132","29.387394133","192.168.1.55","192.168.1.2","TCP","1514","8004  >  49916 [ACK] Seq=421558 Ack=144 Win=65024 Len=1448 TSval=2916033468 TSecr=3045553240 [TCP segment of a reassembled PDU]"
"9133","29.387395541","192.168.1.55","192.168.1.2","TCP","1514","8004  >  49916 [ACK] Seq=423006 Ack=144 Win=65024 Len=1448 TSval=2916033468 TSecr=3045553240 [TCP segment of a reassembled PDU]"
"9134","29.387397096","192.168.1.55","192.168.1.2","TCP","1514","8004  >  49916 [ACK] Seq=424454 Ack=144 Win=65024 Len=1448 TSval=2916033468 TSecr=3045553240 [TCP segment of a reassembled PDU]"
"9135","29.387398855","192.168.1.55","192.168.1.2","TCP","1514","8004  >  49916 [ACK] Seq=425902 Ack=144 Win=65024 Len=1448 TSval=2916033468 TSecr=3045553240 [TCP segment of a reassembled PDU]"
"9136","29.387400244","192.168.1.55","192.168.1.2","TCP","1514","8004  >  49916 [ACK] Seq=427350 Ack=144 Win=65024 Len=1448 TSval=2916033468 TSecr=3045553240 [TCP segment of a reassembled PDU]"
"9137","29.387401689","192.168.1.55","192.168.1.2","TCP","1514","8004  >  49916 [ACK] Seq=428798 Ack=144 Win=65024 Len=1448 TSval=2916033468 TSecr=3045553240 [TCP segment of a reassembled PDU]"
"9138","29.387402985","192.168.1.55","192.168.1.2","TCP","1514","8004  >  49916 [ACK] Seq=430246 Ack=144 Win=65024 Len=1448 TSval=2916033468 TSecr=3045553240 [TCP segment of a reassembled PDU]"
"9139","29.387404541","192.168.1.55","192.168.1.2","TCP","1514","8004  >  49916 [ACK] Seq=431694 Ack=144 Win=65024 Len=1448 TSval=2916033468 TSecr=3045553240 [TCP segment of a reassembled PDU]"
"9140","29.387405837","192.168.1.55","192.168.1.2","TCP","1514","8004  >  49916 [ACK] Seq=433142 Ack=144 Win=65024 Len=1448 TSval=2916033468 TSecr=3045553240 [TCP segment of a reassembled PDU]"
"9141","29.387407152","192.168.1.55","192.168.1.2","TCP","1514","8004  >  49916 [ACK] Seq=434590 Ack=144 Win=65024 Len=1448 TSval=2916033468 TSecr=3045553240 [TCP segment of a reassembled PDU]"
"9142","29.387408448","192.168.1.55","192.168.1.2","TCP","1514","8004  >  49916 [ACK] Seq=436038 Ack=144 Win=65024 Len=1448 TSval=2916033468 TSecr=3045553240 [TCP segment of a reassembled PDU]"
"9143","29.387409837","192.168.1.55","192.168.1.2","TCP","1514","8004  >  49916 [ACK] Seq=437486 Ack=144 Win=65024 Len=1448 TSval=2916033468 TSecr=3045553240 [TCP segment of a reassembled PDU]"
"9144","29.387415615","192.168.1.55","192.168.1.2","TCP","1514","8004  >  49916 [ACK] Seq=438934 Ack=144 Win=65024 Len=1448 TSval=2916033468 TSecr=3045553240 [TCP segment of a reassembled PDU]"
"9145","29.387417263","192.168.1.55","192.168.1.2","TCP","1514","8004  >  49916 [ACK] Seq=440382 Ack=144 Win=65024 Len=1448 TSval=2916033468 TSecr=3045553240 [TCP segment of a reassembled PDU]"
"9146","29.387418707","192.168.1.55","192.168.1.2","TCP","1514","8004  >  49916 [ACK] Seq=441830 Ack=144 Win=65024 Len=1448 TSval=2916033468 TSecr=3045553240 [TCP segment of a reassembled PDU]"
"9147","29.387420004","192.168.1.55","192.168.1.2","TCP","1514","8004  >  49916 [ACK] Seq=443278 Ack=144 Win=65024 Len=1448 TSval=2916033468 TSecr=3045553240 [TCP segment of a reassembled PDU]"
"9148","29.387421726","192.168.1.55","192.168.1.2","TCP","402","[TCP Window Full] 8004  >  49916 [PSH, ACK] Seq=444726 Ack=144 Win=65024 Len=336 TSval=2916033468 TSecr=3045553240 [TCP segment of a reassembled PDU]"
"9149","29.391647695","192.168.1.2","192.168.1.55","TCP","66","49916  >  8004 [ACK] Seq=144 Ack=365086 Win=111616 Len=0 TSval=3045553245 TSecr=2916033464"
"9150","29.391663140","192.168.1.55","192.168.1.2","TCP","1514","8004  >  49916 [ACK] Seq=445062 Ack=144 Win=65024 Len=1448 TSval=2916033472 TSecr=3045553245 [TCP segment of a reassembled PDU]"
"9151","29.391665862","192.168.1.55","192.168.1.2","TCP","1514","8004  >  49916 [PSH, ACK] Seq=446510 Ack=144 Win=65024 Len=1448 TSval=2916033472 TSecr=3045553245 [TCP segment of a reassembled PDU]"
"9152","29.391670769","192.168.1.55","192.168.1.2","TCP","1178","8004  >  49916 [PSH, ACK] Seq=447958 Ack=144 Win=65024 Len=1112 TSval=2916033472 TSecr=3045553245 [TCP segment of a reassembled PDU]"
"9153","29.391729529","192.168.1.2","192.168.1.55","TCP","66","49916  >  8004 [ACK] Seq=144 Ack=391150 Win=163840 Len=0 TSval=3045553245 TSecr=2916033465"
"9154","29.391763825","192.168.1.55","192.168.1.2","TCP","1514","8004  >  49916 [ACK] Seq=449070 Ack=144 Win=65024 Len=1448 TSval=2916033472 TSecr=3045553245 [TCP segment of a reassembled PDU]"
"9155","29.391765677","192.168.1.55","192.168.1.2","TCP","1514","8004  >  49916 [ACK] Seq=450518 Ack=144 Win=65024 Len=1448 TSval=2916033472 TSecr=3045553245 [TCP segment of a reassembled PDU]"
"9156","29.391767177","192.168.1.55","192.168.1.2","TCP","1514","8004  >  49916 [ACK] Seq=451966 Ack=144 Win=65024 Len=1448 TSval=2916033472 TSecr=3045553245 [TCP segment of a reassembled PDU]"
"9157","29.391768473","192.168.1.55","192.168.1.2","TCP","1514","8004  >  49916 [ACK] Seq=453414 Ack=144 Win=65024 Len=1448 TSval=2916033472 TSecr=3045553245 [TCP segment of a reassembled PDU]"
"9158","29.391769751","192.168.1.55","192.168.1.2","TCP","1514","8004  >  49916 [ACK] Seq=454862 Ack=144 Win=65024 Len=1448 TSval=2916033472 TSecr=3045553245 [TCP segment of a reassembled PDU]"
"9159","29.391771121","192.168.1.55","192.168.1.2","TCP","1514","8004  >  49916 [ACK] Seq=456310 Ack=144 Win=65024 Len=1448 TSval=2916033472 TSecr=3045553245 [TCP segment of a reassembled PDU]"
"9160","29.391772399","192.168.1.55","192.168.1.2","TCP","1514","8004  >  49916 [ACK] Seq=457758 Ack=144 Win=65024 Len=1448 TSval=2916033472 TSecr=3045553245 [TCP segment of a reassembled PDU]"
"9161","29.391773807","192.168.1.55","192.168.1.2","TCP","1514","8004  >  49916 [ACK] Seq=459206 Ack=144 Win=65024 Len=1448 TSval=2916033472 TSecr=3045553245 [TCP segment of a reassembled PDU]"
"9162","29.391775103","192.168.1.55","192.168.1.2","TCP","1514","8004  >  49916 [ACK] Seq=460654 Ack=144 Win=65024 Len=1448 TSval=2916033472 TSecr=3045553245 [TCP segment of a reassembled PDU]"
"9163","29.391776492","192.168.1.55","192.168.1.2","TCP","1514","8004  >  49916 [ACK] Seq=462102 Ack=144 Win=65024 Len=1448 TSval=2916033472 TSecr=3045553245 [TCP segment of a reassembled PDU]"
"9164","29.391777955","192.168.1.55","192.168.1.2","TCP","1514","8004  >  49916 [ACK] Seq=463550 Ack=144 Win=65024 Len=1448 TSval=2916033472 TSecr=3045553245 [TCP segment of a reassembled PDU]"
"9165","29.391779251","192.168.1.55","192.168.1.2","TCP","1514","8004  >  49916 [ACK] Seq=464998 Ack=144 Win=65024 Len=1448 TSval=2916033472 TSecr=3045553245 [TCP segment of a reassembled PDU]"
"9166","29.391780696","192.168.1.55","192.168.1.2","TCP","1514","8004  >  49916 [ACK] Seq=466446 Ack=144 Win=65024 Len=1448 TSval=2916033472 TSecr=3045553245 [TCP segment of a reassembled PDU]"
"9167","29.391782084","192.168.1.55","192.168.1.2","TCP","1514","8004  >  49916 [ACK] Seq=467894 Ack=144 Win=65024 Len=1448 TSval=2916033472 TSecr=3045553245 [TCP segment of a reassembled PDU]"
"9168","29.391783344","192.168.1.55","192.168.1.2","TCP","1514","8004  >  49916 [ACK] Seq=469342 Ack=144 Win=65024 Len=1448 TSval=2916033472 TSecr=3045553245 [TCP segment of a reassembled PDU]"
"9169","29.391784733","192.168.1.55","192.168.1.2","TCP","1514","8004  >  49916 [ACK] Seq=470790 Ack=144 Win=65024 Len=1448 TSval=2916033472 TSecr=3045553245 [TCP segment of a reassembled PDU]"
"9170","29.391786047","192.168.1.55","192.168.1.2","TCP","1514","8004  >  49916 [ACK] Seq=472238 Ack=144 Win=65024 Len=1448 TSval=2916033472 TSecr=3045553245 [TCP segment of a reassembled PDU]"
"9171","29.391787510","192.168.1.55","192.168.1.2","TCP","1514","8004  >  49916 [ACK] Seq=473686 Ack=144 Win=65024 Len=1448 TSval=2916033472 TSecr=3045553245 [TCP segment of a reassembled PDU]"
"9172","29.391788862","192.168.1.55","192.168.1.2","TCP","1514","8004  >  49916 [ACK] Seq=475134 Ack=144 Win=65024 Len=1448 TSval=2916033472 TSecr=3045553245 [TCP segment of a reassembled PDU]"
"9173","29.391790177","192.168.1.55","192.168.1.2","TCP","1514","8004  >  49916 [ACK] Seq=476582 Ack=144 Win=65024 Len=1448 TSval=2916033472 TSecr=3045553245 [TCP segment of a reassembled PDU]"
"9174","29.391791918","192.168.1.55","192.168.1.2","TCP","1514","8004  >  49916 [ACK] Seq=478030 Ack=144 Win=65024 Len=1448 TSval=2916033472 TSecr=3045553245 [TCP segment of a reassembled PDU]"
"9175","29.391793196","192.168.1.55","192.168.1.2","TCP","1514","8004  >  49916 [ACK] Seq=479478 Ack=144 Win=65024 Len=1448 TSval=2916033472 TSecr=3045553245 [TCP segment of a reassembled PDU]"
"9176","29.391794492","192.168.1.55","192.168.1.2","TCP","1514","8004  >  49916 [ACK] Seq=480926 Ack=144 Win=65024 Len=1448 TSval=2916033472 TSecr=3045553245 [TCP segment of a reassembled PDU]"
"9177","29.391796121","192.168.1.55","192.168.1.2","TCP","1514","8004  >  49916 [ACK] Seq=482374 Ack=144 Win=65024 Len=1448 TSval=2916033472 TSecr=3045553245 [TCP segment of a reassembled PDU]"
"9178","29.391797399","192.168.1.55","192.168.1.2","TCP","1514","8004  >  49916 [ACK] Seq=483822 Ack=144 Win=65024 Len=1448 TSval=2916033472 TSecr=3045553245 [TCP segment of a reassembled PDU]"
"9179","29.391798807","192.168.1.55","192.168.1.2","TCP","1514","8004  >  49916 [ACK] Seq=485270 Ack=144 Win=65024 Len=1448 TSval=2916033472 TSecr=3045553245 [TCP segment of a reassembled PDU]"
"9180","29.391800140","192.168.1.55","192.168.1.2","TCP","1514","8004  >  49916 [ACK] Seq=486718 Ack=144 Win=65024 Len=1448 TSval=2916033472 TSecr=3045553245 [TCP segment of a reassembled PDU]"
"9181","29.391801529","192.168.1.55","192.168.1.2","TCP","1514","8004  >  49916 [ACK] Seq=488166 Ack=144 Win=65024 Len=1448 TSval=2916033472 TSecr=3045553245 [TCP segment of a reassembled PDU]"
"9182","29.391802936","192.168.1.55","192.168.1.2","TCP","1514","8004  >  49916 [PSH, ACK] Seq=489614 Ack=144 Win=65024 Len=1448 TSval=2916033472 TSecr=3045553245 [TCP segment of a reassembled PDU]"
"9183","29.391814510","192.168.1.55","192.168.1.2","TCP","1514","8004  >  49916 [ACK] Seq=491062 Ack=144 Win=65024 Len=1448 TSval=2916033472 TSecr=3045553245 [TCP segment of a reassembled PDU]"
"9184","29.391815973","192.168.1.55","192.168.1.2","TCP","1514","8004  >  49916 [ACK] Seq=492510 Ack=144 Win=65024 Len=1448 TSval=2916033472 TSecr=3045553245 [TCP segment of a reassembled PDU]"
"9185","29.391817251","192.168.1.55","192.168.1.2","TCP","1514","8004  >  49916 [ACK] Seq=493958 Ack=144 Win=65024 Len=1448 TSval=2916033472 TSecr=3045553245 [TCP segment of a reassembled PDU]"
"9186","29.391818529","192.168.1.55","192.168.1.2","TCP","1514","8004  >  49916 [ACK] Seq=495406 Ack=144 Win=65024 Len=1448 TSval=2916033472 TSecr=3045553245 [TCP segment of a reassembled PDU]"
"9187","29.391819992","192.168.1.55","192.168.1.2","TCP","1514","8004  >  49916 [PSH, ACK] Seq=496854 Ack=144 Win=65024 Len=1448 TSval=2916033472 TSecr=3045553245 [TCP segment of a reassembled PDU]"
"9188","29.391824288","192.168.1.55","192.168.1.2","HTTP","222","HTTP/1.0 200 OK  (PNG)"
"9189","29.391828677","192.168.1.2","192.168.1.55","TCP","66","49916  >  8004 [ACK] Seq=144 Ack=407078 Win=171008 Len=0 TSval=3045553245 TSecr=2916033465"
"9190","29.396531870","192.168.1.2","192.168.1.55","TCP","66","49916  >  8004 [ACK] Seq=144 Ack=445062 Win=185344 Len=0 TSval=3045553249 TSecr=2916033468"
"9191","29.396687574","192.168.1.2","192.168.1.55","TCP","66","49916  >  8004 [ACK] Seq=144 Ack=447958 Win=190464 Len=0 TSval=3045553252 TSecr=2916033472"
"9192","29.396694277","192.168.1.2","192.168.1.55","TCP","66","49916  >  8004 [ACK] Seq=144 Ack=457758 Win=203776 Len=0 TSval=3045553252 TSecr=2916033472"
"9193","29.396699944","192.168.1.2","192.168.1.55","TCP","66","49916  >  8004 [ACK] Seq=144 Ack=486718 Win=195584 Len=0 TSval=3045553252 TSecr=2916033472"
"9194","29.396811333","192.168.1.2","192.168.1.55","TCP","66","49916  >  8004 [ACK] Seq=144 Ack=491062 Win=191488 Len=0 TSval=3045553252 TSecr=2916033472"
"9195","29.396818111","192.168.1.2","192.168.1.55","TCP","66","49916  >  8004 [ACK] Seq=144 Ack=493958 Win=203776 Len=0 TSval=3045553252 TSecr=2916033472"
"9196","29.398064742","192.168.1.2","192.168.1.55","TCP","66","49916  >  8004 [ACK] Seq=144 Ack=498302 Win=211968 Len=0 TSval=3045553254 TSecr=2916033472"
"9197","29.399952134","192.168.1.2","192.168.1.55","TCP","66","49916  >  8004 [FIN, ACK] Seq=144 Ack=498459 Win=215040 Len=0 TSval=3045553254 TSecr=2916033472"
"9198","29.399965375","192.168.1.55","192.168.1.2","TCP","66","8004  >  49916 [ACK] Seq=498459 Ack=145 Win=65024 Len=0 TSval=2916033480 TSecr=3045553254"
"9199","29.400077171","192.168.1.2","192.168.1.55","TCP","74","49920  >  8004 [SYN] Seq=0 Win=64240 Len=0 MSS=1460 SACK_PERM TSval=3045553255 TSecr=0 WS=1024"
"9200","29.400100449","192.168.1.55","192.168.1.2","TCP","74","8004  >  49920 [SYN, ACK] Seq=0 Ack=1 Win=65160 Len=0 MSS=1460 SACK_PERM TSval=2916033480 TSecr=3045553255 WS=128"
"9201","29.403228380","192.168.1.2","192.168.1.55","TCP","66","49920  >  8004 [ACK] Seq=1 Ack=1 Win=64512 Len=0 TSval=3045553258 TSecr=2916033480"
"9202","29.403794122","192.168.1.2","192.168.1.55","HTTP","206","GET /stego_benchmark.png HTTP/1.1 "
"9203","29.403810011","192.168.1.55","192.168.1.2","TCP","66","8004  >  49920 [ACK] Seq=1 Ack=141 Win=65024 Len=0 TSval=2916033484 TSecr=3045553258"
"9204","29.404288382","192.168.1.55","192.168.1.2","TCP","255","8004  >  49920 [PSH, ACK] Seq=1 Ack=141 Win=65024 Len=189 TSval=2916033484 TSecr=3045553258 [TCP segment of a reassembled PDU]"
"9205","29.404390808","192.168.1.55","192.168.1.2","TCP","1514","8004  >  49920 [ACK] Seq=190 Ack=141 Win=65024 Len=1448 TSval=2916033485 TSecr=3045553258 [TCP segment of a reassembled PDU]"
"9206","29.404395808","192.168.1.55","192.168.1.2","TCP","1514","8004  >  49920 [ACK] Seq=1638 Ack=141 Win=65024 Len=1448 TSval=2916033485 TSecr=3045553258 [TCP segment of a reassembled PDU]"
"9207","29.404397252","192.168.1.55","192.168.1.2","TCP","1514","8004  >  49920 [ACK] Seq=3086 Ack=141 Win=65024 Len=1448 TSval=2916033485 TSecr=3045553258 [TCP segment of a reassembled PDU]"
"9208","29.404398567","192.168.1.55","192.168.1.2","TCP","1514","8004  >  49920 [ACK] Seq=4534 Ack=141 Win=65024 Len=1448 TSval=2916033485 TSecr=3045553258 [TCP segment of a reassembled PDU]"
"9209","29.404399900","192.168.1.55","192.168.1.2","TCP","1514","8004  >  49920 [PSH, ACK] Seq=5982 Ack=141 Win=65024 Len=1448 TSval=2916033485 TSecr=3045553258 [TCP segment of a reassembled PDU]"
"9210","29.404418197","192.168.1.55","192.168.1.2","TCP","1514","8004  >  49920 [ACK] Seq=7430 Ack=141 Win=65024 Len=1448 TSval=2916033485 TSecr=3045553258 [TCP segment of a reassembled PDU]"
"9211","29.404420141","192.168.1.55","192.168.1.2","TCP","1514","8004  >  49920 [ACK] Seq=8878 Ack=141 Win=65024 Len=1448 TSval=2916033485 TSecr=3045553258 [TCP segment of a reassembled PDU]"
"9212","29.404421900","192.168.1.55","192.168.1.2","TCP","1514","8004  >  49920 [ACK] Seq=10326 Ack=141 Win=65024 Len=1448 TSval=2916033485 TSecr=3045553258 [TCP segment of a reassembled PDU]"
"9213","29.404423419","192.168.1.55","192.168.1.2","TCP","1514","8004  >  49920 [PSH, ACK] Seq=11774 Ack=141 Win=65024 Len=1448 TSval=2916033485 TSecr=3045553258 [TCP segment of a reassembled PDU]"
"9214","29.408056443","192.168.1.2","192.168.1.55","TCP","66","49920  >  8004 [ACK] Seq=141 Ack=190 Win=64512 Len=0 TSval=3045553262 TSecr=2916033484"
"9215","29.408162554","192.168.1.55","192.168.1.2","TCP","1514","8004  >  49920 [ACK] Seq=13222 Ack=141 Win=65024 Len=1448 TSval=2916033488 TSecr=3045553262 [TCP segment of a reassembled PDU]"
"9216","29.408175591","192.168.1.55","192.168.1.2","TCP","1514","8004  >  49920 [PSH, ACK] Seq=14670 Ack=141 Win=65024 Len=1448 TSval=2916033488 TSecr=3045553262 [TCP segment of a reassembled PDU]"
"9217","29.408314944","192.168.1.2","192.168.1.55","TCP","66","49920  >  8004 [ACK] Seq=141 Ack=3086 Win=70656 Len=0 TSval=3045553262 TSecr=2916033485"
"9218","29.408335444","192.168.1.2","192.168.1.55","TCP","66","49920  >  8004 [ACK] Seq=141 Ack=5982 Win=76800 Len=0 TSval=3045553262 TSecr=2916033485"
"9219","29.408397481","192.168.1.55","192.168.1.2","TCP","1514","8004  >  49920 [ACK] Seq=16118 Ack=141 Win=65024 Len=1448 TSval=2916033489 TSecr=3045553262 [TCP segment of a reassembled PDU]"
"9220","29.408403907","192.168.1.55","192.168.1.2","TCP","1514","8004  >  49920 [ACK] Seq=17566 Ack=141 Win=65024 Len=1448 TSval=2916033489 TSecr=3045553262 [TCP segment of a reassembled PDU]"
"9221","29.408406166","192.168.1.55","192.168.1.2","TCP","1514","8004  >  49920 [ACK] Seq=19014 Ack=141 Win=65024 Len=1448 TSval=2916033489 TSecr=3045553262 [TCP segment of a reassembled PDU]"
"9222","29.408408314","192.168.1.55","192.168.1.2","TCP","1514","8004  >  49920 [ACK] Seq=20462 Ack=141 Win=65024 Len=1448 TSval=2916033489 TSecr=3045553262 [TCP segment of a reassembled PDU]"
"9223","29.408412203","192.168.1.55","192.168.1.2","TCP","1514","8004  >  49920 [ACK] Seq=21910 Ack=141 Win=65024 Len=1448 TSval=2916033489 TSecr=3045553262 [TCP segment of a reassembled PDU]"
"9224","29.408414851","192.168.1.55","192.168.1.2","TCP","1514","8004  >  49920 [ACK] Seq=23358 Ack=141 Win=65024 Len=1448 TSval=2916033489 TSecr=3045553262 [TCP segment of a reassembled PDU]"
"9225","29.408418203","192.168.1.55","192.168.1.2","TCP","1514","8004  >  49920 [PSH, ACK] Seq=24806 Ack=141 Win=65024 Len=1448 TSval=2916033489 TSecr=3045553262 [TCP segment of a reassembled PDU]"
"9226","29.408430870","192.168.1.2","192.168.1.55","TCP","66","49920  >  8004 [ACK] Seq=141 Ack=7430 Win=79872 Len=0 TSval=3045553263 TSecr=2916033485"
"9227","29.408448018","192.168.1.2","192.168.1.55","TCP","66","49920  >  8004 [ACK] Seq=141 Ack=13222 Win=84992 Len=0 TSval=3045553263 TSecr=2916033485"
"9228","29.408518611","192.168.1.55","192.168.1.2","TCP","1514","8004  >  49920 [ACK] Seq=26254 Ack=141 Win=65024 Len=1448 TSval=2916033489 TSecr=3045553263 [TCP segment of a reassembled PDU]"
"9229","29.408525388","192.168.1.55","192.168.1.2","TCP","1514","8004  >  49920 [ACK] Seq=27702 Ack=141 Win=65024 Len=1448 TSval=2916033489 TSecr=3045553263 [TCP segment of a reassembled PDU]"
"9230","29.408528092","192.168.1.55","192.168.1.2","TCP","1514","8004  >  49920 [ACK] Seq=29150 Ack=141 Win=65024 Len=1448 TSval=2916033489 TSecr=3045553263 [TCP segment of a reassembled PDU]"
"9231","29.408530629","192.168.1.55","192.168.1.2","TCP","1514","8004  >  49920 [ACK] Seq=30598 Ack=141 Win=65024 Len=1448 TSval=2916033489 TSecr=3045553263 [TCP segment of a reassembled PDU]"
"9232","29.408535722","192.168.1.55","192.168.1.2","TCP","1514","8004  >  49920 [ACK] Seq=32046 Ack=141 Win=65024 Len=1448 TSval=2916033489 TSecr=3045553263 [TCP segment of a reassembled PDU]"
"9233","29.408537796","192.168.1.55","192.168.1.2","TCP","1514","8004  >  49920 [ACK] Seq=33494 Ack=141 Win=65024 Len=1448 TSval=2916033489 TSecr=3045553263 [TCP segment of a reassembled PDU]"
"9234","29.408541851","192.168.1.55","192.168.1.2","TCP","1514","8004  >  49920 [ACK] Seq=34942 Ack=141 Win=65024 Len=1448 TSval=2916033489 TSecr=3045553263 [TCP segment of a reassembled PDU]"
"9235","29.408544481","192.168.1.55","192.168.1.2","TCP","1514","8004  >  49920 [ACK] Seq=36390 Ack=141 Win=65024 Len=1448 TSval=2916033489 TSecr=3045553263 [TCP segment of a reassembled PDU]"
"9236","29.408545907","192.168.1.55","192.168.1.2","TCP","1514","8004  >  49920 [ACK] Seq=37838 Ack=141 Win=65024 Len=1448 TSval=2916033489 TSecr=3045553263 [TCP segment of a reassembled PDU]"
"9237","29.408548259","192.168.1.55","192.168.1.2","TCP","1514","8004  >  49920 [PSH, ACK] Seq=39286 Ack=141 Win=65024 Len=1448 TSval=2916033489 TSecr=3045553263 [TCP segment of a reassembled PDU]"
"9238","29.409473631","192.168.1.55","192.168.1.2","TCP","1514","8004  >  49920 [ACK] Seq=40734 Ack=141 Win=65024 Len=1448 TSval=2916033490 TSecr=3045553263 [TCP segment of a reassembled PDU]"
"9239","29.413502970","192.168.1.2","192.168.1.55","TCP","66","49920  >  8004 [ACK] Seq=141 Ack=16118 Win=90112 Len=0 TSval=3045553267 TSecr=2916033488"
"9240","29.413558118","192.168.1.55","192.168.1.2","TCP","1514","8004  >  49920 [ACK] Seq=42182 Ack=141 Win=65024 Len=1448 TSval=2916033494 TSecr=3045553267 [TCP segment of a reassembled PDU]"
"9241","29.413562470","192.168.1.55","192.168.1.2","TCP","1514","8004  >  49920 [PSH, ACK] Seq=43630 Ack=141 Win=65024 Len=1448 TSval=2916033494 TSecr=3045553267 [TCP segment of a reassembled PDU]"
"9242","29.413654378","192.168.1.2","192.168.1.55","TCP","66","49920  >  8004 [ACK] Seq=141 Ack=26254 Win=83968 Len=0 TSval=3045553267 TSecr=2916033489"
"9243","29.413699711","192.168.1.55","192.168.1.2","TCP","1514","8004  >  49920 [ACK] Seq=45078 Ack=141 Win=65024 Len=1448 TSval=2916033494 TSecr=3045553267 [TCP segment of a reassembled PDU]"
"9244","29.413702211","192.168.1.55","192.168.1.2","TCP","1514","8004  >  49920 [ACK] Seq=46526 Ack=141 Win=65024 Len=1448 TSval=2916033494 TSecr=3045553267 [TCP segment of a reassembled PDU]"
"9245","29.413703822","192.168.1.55","192.168.1.2","TCP","1514","8004  >  49920 [ACK] Seq=47974 Ack=141 Win=65024 Len=1448 TSval=2916033494 TSecr=3045553267 [TCP segment of a reassembled PDU]"
"9246","29.413705359","192.168.1.55","192.168.1.2","TCP","1514","8004  >  49920 [ACK] Seq=49422 Ack=141 Win=65024 Len=1448 TSval=2916033494 TSecr=3045553267 [TCP segment of a reassembled PDU]"
"9247","29.413707693","192.168.1.55","192.168.1.2","TCP","1514","8004  >  49920 [ACK] Seq=50870 Ack=141 Win=65024 Len=1448 TSval=2916033494 TSecr=3045553267 [TCP segment of a reassembled PDU]"
"9248","29.413709396","192.168.1.55","192.168.1.2","TCP","1514","8004  >  49920 [ACK] Seq=52318 Ack=141 Win=65024 Len=1448 TSval=2916033494 TSecr=3045553267 [TCP segment of a reassembled PDU]"
"9249","29.413711230","192.168.1.55","192.168.1.2","TCP","1514","8004  >  49920 [ACK] Seq=53766 Ack=141 Win=65024 Len=1448 TSval=2916033494 TSecr=3045553267 [TCP segment of a reassembled PDU]"
"9250","29.413713471","192.168.1.55","192.168.1.2","TCP","1514","8004  >  49920 [ACK] Seq=55214 Ack=141 Win=65024 Len=1448 TSval=2916033494 TSecr=3045553267 [TCP segment of a reassembled PDU]"
"9251","29.413714785","192.168.1.55","192.168.1.2","TCP","1514","8004  >  49920 [ACK] Seq=56662 Ack=141 Win=65024 Len=1448 TSval=2916033494 TSecr=3045553267 [TCP segment of a reassembled PDU]"
"9252","29.413716433","192.168.1.55","192.168.1.2","TCP","1514","8004  >  49920 [ACK] Seq=58110 Ack=141 Win=65024 Len=1448 TSval=2916033494 TSecr=3045553267 [TCP segment of a reassembled PDU]"
"9253","29.413719396","192.168.1.55","192.168.1.2","TCP","1514","8004  >  49920 [ACK] Seq=59558 Ack=141 Win=65024 Len=1448 TSval=2916033494 TSecr=3045553267 [TCP segment of a reassembled PDU]"
"9254","29.413720915","192.168.1.55","192.168.1.2","TCP","1514","8004  >  49920 [ACK] Seq=61006 Ack=141 Win=65024 Len=1448 TSval=2916033494 TSecr=3045553267 [TCP segment of a reassembled PDU]"
"9255","29.413722508","192.168.1.55","192.168.1.2","TCP","1514","8004  >  49920 [ACK] Seq=62454 Ack=141 Win=65024 Len=1448 TSval=2916033494 TSecr=3045553267 [TCP segment of a reassembled PDU]"
"9256","29.413724674","192.168.1.55","192.168.1.2","TCP","1514","8004  >  49920 [PSH, ACK] Seq=63902 Ack=141 Win=65024 Len=1448 TSval=2916033494 TSecr=3045553267 [TCP segment of a reassembled PDU]"
"9257","29.413731767","192.168.1.2","192.168.1.55","TCP","66","49920  >  8004 [ACK] Seq=141 Ack=36390 Win=74752 Len=0 TSval=3045553267 TSecr=2916033489"
"9258","29.413755137","192.168.1.55","192.168.1.2","TCP","1514","8004  >  49920 [ACK] Seq=65350 Ack=141 Win=65024 Len=1448 TSval=2916033494 TSecr=3045553267 [TCP segment of a reassembled PDU]"
"9259","29.413756637","192.168.1.55","192.168.1.2","TCP","1514","8004  >  49920 [ACK] Seq=66798 Ack=141 Win=65024 Len=1448 TSval=2916033494 TSecr=3045553267 [TCP segment of a reassembled PDU]"
"9260","29.413758600","192.168.1.55","192.168.1.2","TCP","1514","8004  >  49920 [ACK] Seq=68246 Ack=141 Win=65024 Len=1448 TSval=2916033494 TSecr=3045553267 [TCP segment of a reassembled PDU]"
"9261","29.413760304","192.168.1.55","192.168.1.2","TCP","1514","8004  >  49920 [ACK] Seq=69694 Ack=141 Win=65024 Len=1448 TSval=2916033494 TSecr=3045553267 [TCP segment of a reassembled PDU]"
"9262","29.413762508","192.168.1.55","192.168.1.2","TCP","1514","8004  >  49920 [ACK] Seq=71142 Ack=141 Win=65024 Len=1448 TSval=2916033494 TSecr=3045553267 [TCP segment of a reassembled PDU]"
"9263","29.413763730","192.168.1.55","192.168.1.2","TCP","1514","8004  >  49920 [ACK] Seq=72590 Ack=141 Win=65024 Len=1448 TSval=2916033494 TSecr=3045553267 [TCP segment of a reassembled PDU]"
"9264","29.413765045","192.168.1.55","192.168.1.2","TCP","1514","8004  >  49920 [ACK] Seq=74038 Ack=141 Win=65024 Len=1448 TSval=2916033494 TSecr=3045553267 [TCP segment of a reassembled PDU]"
"9265","29.413767063","192.168.1.55","192.168.1.2","TCP","1514","8004  >  49920 [PSH, ACK] Seq=75486 Ack=141 Win=65024 Len=1448 TSval=2916033494 TSecr=3045553267 [TCP segment of a reassembled PDU]"
"9266","29.414751842","192.168.1.2","192.168.1.55","TCP","66","49920  >  8004 [ACK] Seq=141 Ack=39286 Win=90112 Len=0 TSval=3045553268 TSecr=2916033489"
"9267","29.414773139","192.168.1.55","192.168.1.2","TCP","1514","8004  >  49920 [ACK] Seq=76934 Ack=141 Win=65024 Len=1448 TSval=2916033495 TSecr=3045553268 [TCP segment of a reassembled PDU]"
"9268","29.414774935","192.168.1.55","192.168.1.2","TCP","1514","8004  >  49920 [ACK] Seq=78382 Ack=141 Win=65024 Len=1448 TSval=2916033495 TSecr=3045553268 [TCP segment of a reassembled PDU]"
"9269","29.414776194","192.168.1.55","192.168.1.2","TCP","1514","8004  >  49920 [ACK] Seq=79830 Ack=141 Win=65024 Len=1448 TSval=2916033495 TSecr=3045553268 [TCP segment of a reassembled PDU]"
"9270","29.414777676","192.168.1.55","192.168.1.2","TCP","1514","8004  >  49920 [ACK] Seq=81278 Ack=141 Win=65024 Len=1448 TSval=2916033495 TSecr=3045553268 [TCP segment of a reassembled PDU]"
"9271","29.414780139","192.168.1.55","192.168.1.2","TCP","1514","8004  >  49920 [ACK] Seq=82726 Ack=141 Win=65024 Len=1448 TSval=2916033495 TSecr=3045553268 [TCP segment of a reassembled PDU]"
"9272","29.414782287","192.168.1.55","192.168.1.2","TCP","1514","8004  >  49920 [ACK] Seq=84174 Ack=141 Win=65024 Len=1448 TSval=2916033495 TSecr=3045553268 [TCP segment of a reassembled PDU]"
"9273","29.414783602","192.168.1.55","192.168.1.2","TCP","1514","8004  >  49920 [ACK] Seq=85622 Ack=141 Win=65024 Len=1448 TSval=2916033495 TSecr=3045553268 [TCP segment of a reassembled PDU]"
"9274","29.414784917","192.168.1.55","192.168.1.2","TCP","1514","8004  >  49920 [ACK] Seq=87070 Ack=141 Win=65024 Len=1448 TSval=2916033495 TSecr=3045553268 [TCP segment of a reassembled PDU]"
"9275","29.414786065","192.168.1.55","192.168.1.2","TCP","1514","8004  >  49920 [ACK] Seq=88518 Ack=141 Win=65024 Len=1448 TSval=2916033495 TSecr=3045553268 [TCP segment of a reassembled PDU]"
"9276","29.414787231","192.168.1.55","192.168.1.2","TCP","1514","8004  >  49920 [ACK] Seq=89966 Ack=141 Win=65024 Len=1448 TSval=2916033495 TSecr=3045553268 [TCP segment of a reassembled PDU]"
"9277","29.414788602","192.168.1.55","192.168.1.2","TCP","1514","8004  >  49920 [ACK] Seq=91414 Ack=141 Win=65024 Len=1448 TSval=2916033495 TSecr=3045553268 [TCP segment of a reassembled PDU]"
"9278","29.414790009","192.168.1.55","192.168.1.2","TCP","1514","8004  >  49920 [PSH, ACK] Seq=92862 Ack=141 Win=65024 Len=1448 TSval=2916033495 TSecr=3045553268 [TCP segment of a reassembled PDU]"
"9279","29.418056533","192.168.1.2","192.168.1.55","TCP","66","49920  >  8004 [ACK] Seq=141 Ack=40734 Win=91136 Len=0 TSval=3045553269 TSecr=2916033489"
"9280","29.418068700","192.168.1.55","192.168.1.2","TCP","1514","8004  >  49920 [ACK] Seq=94310 Ack=141 Win=65024 Len=1448 TSval=2916033498 TSecr=3045553269 [TCP segment of a reassembled PDU]"
"9281","29.418071885","192.168.1.55","192.168.1.2","TCP","1514","8004  >  49920 [PSH, ACK] Seq=95758 Ack=141 Win=65024 Len=1448 TSval=2916033498 TSecr=3045553269 [TCP segment of a reassembled PDU]"
"9282","29.418245478","192.168.1.2","192.168.1.55","TCP","66","49920  >  8004 [ACK] Seq=141 Ack=42182 Win=91136 Len=0 TSval=3045553269 TSecr=2916033490"
"9283","29.420241925","192.168.1.2","192.168.1.55","TCP","66","49920  >  8004 [ACK] Seq=141 Ack=45078 Win=89088 Len=0 TSval=3045553273 TSecr=2916033494"
"9284","29.420254647","192.168.1.55","192.168.1.2","TCP","1514","8004  >  49920 [ACK] Seq=97206 Ack=141 Win=65024 Len=1448 TSval=2916033500 TSecr=3045553273 [TCP segment of a reassembled PDU]"
"9285","29.420256740","192.168.1.55","192.168.1.2","TCP","1514","8004  >  49920 [ACK] Seq=98654 Ack=141 Win=65024 Len=1448 TSval=2916033500 TSecr=3045553273 [TCP segment of a reassembled PDU]"
"9286","29.420257851","192.168.1.55","192.168.1.2","TCP","1514","8004  >  49920 [ACK] Seq=100102 Ack=141 Win=65024 Len=1448 TSval=2916033500 TSecr=3045553273 [TCP segment of a reassembled PDU]"
"9287","29.420259351","192.168.1.55","192.168.1.2","TCP","1514","8004  >  49920 [ACK] Seq=101550 Ack=141 Win=65024 Len=1448 TSval=2916033500 TSecr=3045553273 [TCP segment of a reassembled PDU]"
"9288","29.420260425","192.168.1.55","192.168.1.2","TCP","1514","8004  >  49920 [ACK] Seq=102998 Ack=141 Win=65024 Len=1448 TSval=2916033500 TSecr=3045553273 [TCP segment of a reassembled PDU]"
"9289","29.420261518","192.168.1.55","192.168.1.2","TCP","1514","8004  >  49920 [PSH, ACK] Seq=104446 Ack=141 Win=65024 Len=1448 TSval=2916033500 TSecr=3045553273 [TCP segment of a reassembled PDU]"
"9290","29.420591129","192.168.1.2","192.168.1.55","TCP","66","49920  >  8004 [ACK] Seq=141 Ack=65350 Win=73728 Len=0 TSval=3045553273 TSecr=2916033494"
"9291","29.420604278","192.168.1.55","192.168.1.2","TCP","1514","8004  >  49920 [ACK] Seq=105894 Ack=141 Win=65024 Len=1448 TSval=2916033501 TSecr=3045553273 [TCP segment of a reassembled PDU]"
"9292","29.420605796","192.168.1.55","192.168.1.2","TCP","1514","8004  >  49920 [ACK] Seq=107342 Ack=141 Win=65024 Len=1448 TSval=2916033501 TSecr=3045553273 [TCP segment of a reassembled PDU]"
"9293","29.420606981","192.168.1.55","192.168.1.2","TCP","1514","8004  >  49920 [ACK] Seq=108790 Ack=141 Win=65024 Len=1448 TSval=2916033501 TSecr=3045553273 [TCP segment of a reassembled PDU]"
"9294","29.420608148","192.168.1.55","192.168.1.2","TCP","1514","8004  >  49920 [ACK] Seq=110238 Ack=141 Win=65024 Len=1448 TSval=2916033501 TSecr=3045553273 [TCP segment of a reassembled PDU]"
"9295","29.420609278","192.168.1.55","192.168.1.2","TCP","1514","8004  >  49920 [ACK] Seq=111686 Ack=141 Win=65024 Len=1448 TSval=2916033501 TSecr=3045553273 [TCP segment of a reassembled PDU]"
"9296","29.420610463","192.168.1.55","192.168.1.2","TCP","1514","8004  >  49920 [ACK] Seq=113134 Ack=141 Win=65024 Len=1448 TSval=2916033501 TSecr=3045553273 [TCP segment of a reassembled PDU]"
"9297","29.420611555","192.168.1.55","192.168.1.2","TCP","1514","8004  >  49920 [ACK] Seq=114582 Ack=141 Win=65024 Len=1448 TSval=2916033501 TSecr=3045553273 [TCP segment of a reassembled PDU]"
"9298","29.420613037","192.168.1.55","192.168.1.2","TCP","1514","8004  >  49920 [ACK] Seq=116030 Ack=141 Win=65024 Len=1448 TSval=2916033501 TSecr=3045553273 [TCP segment of a reassembled PDU]"
"9299","29.420614148","192.168.1.55","192.168.1.2","TCP","1514","8004  >  49920 [PSH, ACK] Seq=117478 Ack=141 Win=65024 Len=1448 TSval=2916033501 TSecr=3045553273 [TCP segment of a reassembled PDU]"
"9300","29.420619259","192.168.1.2","192.168.1.55","TCP","66","49920  >  8004 [ACK] Seq=141 Ack=69694 Win=69632 Len=0 TSval=3045553273 TSecr=2916033494"
"9301","29.420625852","192.168.1.2","192.168.1.55","TCP","66","49920  >  8004 [ACK] Seq=141 Ack=76934 Win=86016 Len=0 TSval=3045553274 TSecr=2916033494"
"9302","29.420629296","192.168.1.2","192.168.1.55","TCP","66","49920  >  8004 [ACK] Seq=141 Ack=88518 Win=74752 Len=0 TSval=3045553274 TSecr=2916033495"
"9303","29.420703648","192.168.1.55","192.168.1.2","TCP","1514","8004  >  49920 [ACK] Seq=118926 Ack=141 Win=65024 Len=1448 TSval=2916033501 TSecr=3045553274 [TCP segment of a reassembled PDU]"
"9304","29.420708852","192.168.1.55","192.168.1.2","TCP","1514","8004  >  49920 [ACK] Seq=120374 Ack=141 Win=65024 Len=1448 TSval=2916033501 TSecr=3045553274 [TCP segment of a reassembled PDU]"
"9305","29.420710593","192.168.1.55","192.168.1.2","TCP","1514","8004  >  49920 [ACK] Seq=121822 Ack=141 Win=65024 Len=1448 TSval=2916033501 TSecr=3045553274 [TCP segment of a reassembled PDU]"
"9306","29.420711833","192.168.1.55","192.168.1.2","TCP","1514","8004  >  49920 [ACK] Seq=123270 Ack=141 Win=65024 Len=1448 TSval=2916033501 TSecr=3045553274 [TCP segment of a reassembled PDU]"
"9307","29.420713018","192.168.1.55","192.168.1.2","TCP","1514","8004  >  49920 [ACK] Seq=124718 Ack=141 Win=65024 Len=1448 TSval=2916033501 TSecr=3045553274 [TCP segment of a reassembled PDU]"
"9308","29.420714185","192.168.1.55","192.168.1.2","TCP","1514","8004  >  49920 [ACK] Seq=126166 Ack=141 Win=65024 Len=1448 TSval=2916033501 TSecr=3045553274 [TCP segment of a reassembled PDU]"
"9309","29.420715667","192.168.1.55","192.168.1.2","TCP","1514","8004  >  49920 [ACK] Seq=127614 Ack=141 Win=65024 Len=1448 TSval=2916033501 TSecr=3045553274 [TCP segment of a reassembled PDU]"
"9310","29.420716907","192.168.1.55","192.168.1.2","TCP","1514","8004  >  49920 [ACK] Seq=129062 Ack=141 Win=65024 Len=1448 TSval=2916033501 TSecr=3045553274 [TCP segment of a reassembled PDU]"
"9311","29.420718185","192.168.1.55","192.168.1.2","TCP","1514","8004  >  49920 [ACK] Seq=130510 Ack=141 Win=65024 Len=1448 TSval=2916033501 TSecr=3045553274 [TCP segment of a reassembled PDU]"
"9312","29.420719500","192.168.1.55","192.168.1.2","TCP","1514","8004  >  49920 [ACK] Seq=131958 Ack=141 Win=65024 Len=1448 TSval=2916033501 TSecr=3045553274 [TCP segment of a reassembled PDU]"
"9313","29.420720889","192.168.1.55","192.168.1.2","TCP","1514","8004  >  49920 [ACK] Seq=133406 Ack=141 Win=65024 Len=1448 TSval=2916033501 TSecr=3045553274 [TCP segment of a reassembled PDU]"
"9314","29.420722130","192.168.1.55","192.168.1.2","TCP","1514","8004  >  49920 [ACK] Seq=134854 Ack=141 Win=65024 Len=1448 TSval=2916033501 TSecr=3045553274 [TCP segment of a reassembled PDU]"
"9315","29.420723315","192.168.1.55","192.168.1.2","TCP","1514","8004  >  49920 [ACK] Seq=136302 Ack=141 Win=65024 Len=1448 TSval=2916033501 TSecr=3045553274 [TCP segment of a reassembled PDU]"
"9316","29.420724463","192.168.1.55","192.168.1.2","TCP","1514","8004  >  49920 [ACK] Seq=137750 Ack=141 Win=65024 Len=1448 TSval=2916033501 TSecr=3045553274 [TCP segment of a reassembled PDU]"
"9317","29.420725963","192.168.1.55","192.168.1.2","TCP","1514","8004  >  49920 [ACK] Seq=139198 Ack=141 Win=65024 Len=1448 TSval=2916033501 TSecr=3045553274 [TCP segment of a reassembled PDU]"
"9318","29.420727333","192.168.1.55","192.168.1.2","TCP","1514","8004  >  49920 [ACK] Seq=140646 Ack=141 Win=65024 Len=1448 TSval=2916033501 TSecr=3045553274 [TCP segment of a reassembled PDU]"
"9319","29.420728648","192.168.1.55","192.168.1.2","TCP","1514","8004  >  49920 [ACK] Seq=142094 Ack=141 Win=65024 Len=1448 TSval=2916033501 TSecr=3045553274 [TCP segment of a reassembled PDU]"
"9320","29.420729852","192.168.1.55","192.168.1.2","TCP","1514","8004  >  49920 [ACK] Seq=143542 Ack=141 Win=65024 Len=1448 TSval=2916033501 TSecr=3045553274 [TCP segment of a reassembled PDU]"
"9321","29.420731185","192.168.1.55","192.168.1.2","TCP","1514","8004  >  49920 [ACK] Seq=144990 Ack=141 Win=65024 Len=1448 TSval=2916033501 TSecr=3045553274 [TCP segment of a reassembled PDU]"
"9322","29.420732463","192.168.1.55","192.168.1.2","TCP","1514","8004  >  49920 [ACK] Seq=146438 Ack=141 Win=65024 Len=1448 TSval=2916033501 TSecr=3045553274 [TCP segment of a reassembled PDU]"
"9323","29.420733611","192.168.1.55","192.168.1.2","TCP","1514","8004  >  49920 [ACK] Seq=147886 Ack=141 Win=65024 Len=1448 TSval=2916033501 TSecr=3045553274 [TCP segment of a reassembled PDU]"
"9324","29.420734833","192.168.1.55","192.168.1.2","TCP","1514","8004  >  49920 [ACK] Seq=149334 Ack=141 Win=65024 Len=1448 TSval=2916033501 TSecr=3045553274 [TCP segment of a reassembled PDU]"
"9325","29.420735981","192.168.1.55","192.168.1.2","TCP","1514","8004  >  49920 [ACK] Seq=150782 Ack=141 Win=65024 Len=1448 TSval=2916033501 TSecr=3045553274 [TCP segment of a reassembled PDU]"
"9326","29.420737148","192.168.1.55","192.168.1.2","TCP","1514","8004  >  49920 [ACK] Seq=152230 Ack=141 Win=65024 Len=1448 TSval=2916033501 TSecr=3045553274 [TCP segment of a reassembled PDU]"
"9327","29.420738407","192.168.1.55","192.168.1.2","TCP","1514","8004  >  49920 [ACK] Seq=153678 Ack=141 Win=65024 Len=1448 TSval=2916033501 TSecr=3045553274 [TCP segment of a reassembled PDU]"
"9328","29.420739537","192.168.1.55","192.168.1.2","TCP","1514","8004  >  49920 [ACK] Seq=155126 Ack=141 Win=65024 Len=1448 TSval=2916033501 TSecr=3045553274 [TCP segment of a reassembled PDU]"
"9329","29.420740796","192.168.1.55","192.168.1.2","TCP","1514","8004  >  49920 [ACK] Seq=156574 Ack=141 Win=65024 Len=1448 TSval=2916033501 TSecr=3045553274 [TCP segment of a reassembled PDU]"
"9330","29.420742074","192.168.1.55","192.168.1.2","TCP","1514","8004  >  49920 [ACK] Seq=158022 Ack=141 Win=65024 Len=1448 TSval=2916033501 TSecr=3045553274 [TCP segment of a reassembled PDU]"
"9331","29.420743407","192.168.1.55","192.168.1.2","TCP","1514","8004  >  49920 [PSH, ACK] Seq=159470 Ack=141 Win=65024 Len=1448 TSval=2916033501 TSecr=3045553274 [TCP segment of a reassembled PDU]"
"9332","29.425027136","192.168.1.2","192.168.1.55","TCP","66","49920  >  8004 [ACK] Seq=141 Ack=94310 Win=83968 Len=0 TSval=3045553275 TSecr=2916033495"
"9333","29.425047618","192.168.1.55","192.168.1.2","TCP","1514","8004  >  49920 [ACK] Seq=160918 Ack=141 Win=65024 Len=1448 TSval=2916033505 TSecr=3045553275 [TCP segment of a reassembled PDU]"
"9334","29.425049766","192.168.1.55","192.168.1.2","TCP","1514","8004  >  49920 [ACK] Seq=162366 Ack=141 Win=65024 Len=1448 TSval=2916033505 TSecr=3045553275 [TCP segment of a reassembled PDU]"
"9335","29.425051488","192.168.1.55","192.168.1.2","TCP","1514","8004  >  49920 [ACK] Seq=163814 Ack=141 Win=65024 Len=1448 TSval=2916033505 TSecr=3045553275 [TCP segment of a reassembled PDU]"
"9336","29.425052581","192.168.1.55","192.168.1.2","TCP","1514","8004  >  49920 [ACK] Seq=165262 Ack=141 Win=65024 Len=1448 TSval=2916033505 TSecr=3045553275 [TCP segment of a reassembled PDU]"
"9337","29.425053692","192.168.1.55","192.168.1.2","TCP","1514","8004  >  49920 [ACK] Seq=166710 Ack=141 Win=65024 Len=1448 TSval=2916033505 TSecr=3045553275 [TCP segment of a reassembled PDU]"
"9338","29.425054896","192.168.1.55","192.168.1.2","TCP","1514","8004  >  49920 [ACK] Seq=168158 Ack=141 Win=65024 Len=1448 TSval=2916033505 TSecr=3045553275 [TCP segment of a reassembled PDU]"
"9339","29.425056007","192.168.1.55","192.168.1.2","TCP","1514","8004  >  49920 [ACK] Seq=169606 Ack=141 Win=65024 Len=1448 TSval=2916033505 TSecr=3045553275 [TCP segment of a reassembled PDU]"
"9340","29.425061951","192.168.1.55","192.168.1.2","TCP","1514","8004  >  49920 [ACK] Seq=171054 Ack=141 Win=65024 Len=1448 TSval=2916033505 TSecr=3045553275 [TCP segment of a reassembled PDU]"
"9341","29.425063322","192.168.1.55","192.168.1.2","TCP","1514","8004  >  49920 [ACK] Seq=172502 Ack=141 Win=65024 Len=1448 TSval=2916033505 TSecr=3045553275 [TCP segment of a reassembled PDU]"
"9342","29.425064785","192.168.1.55","192.168.1.2","TCP","1514","8004  >  49920 [ACK] Seq=173950 Ack=141 Win=65024 Len=1448 TSval=2916033505 TSecr=3045553275 [TCP segment of a reassembled PDU]"
"9343","29.425066099","192.168.1.55","192.168.1.2","TCP","1514","8004  >  49920 [ACK] Seq=175398 Ack=141 Win=65024 Len=1448 TSval=2916033505 TSecr=3045553275 [TCP segment of a reassembled PDU]"
"9344","29.425067229","192.168.1.55","192.168.1.2","TCP","1498","[TCP Window Full] 8004  >  49920 [PSH, ACK] Seq=176846 Ack=141 Win=65024 Len=1432 TSval=2916033505 TSecr=3045553275 [TCP segment of a reassembled PDU]"
"9345","29.425155970","192.168.1.2","192.168.1.55","TCP","66","49920  >  8004 [ACK] Seq=141 Ack=95758 Win=90112 Len=0 TSval=3045553276 TSecr=2916033498"
"9346","29.425162599","192.168.1.2","192.168.1.55","TCP","66","49920  >  8004 [ACK] Seq=141 Ack=97206 Win=90112 Len=0 TSval=3045553276 TSecr=2916033498"
"9347","29.428197919","192.168.1.2","192.168.1.55","TCP","66","49920  >  8004 [ACK] Seq=141 Ack=98654 Win=90112 Len=0 TSval=3045553280 TSecr=2916033500"
"9348","29.428230789","192.168.1.55","192.168.1.2","TCP","1514","8004  >  49920 [ACK] Seq=178278 Ack=141 Win=65024 Len=1448 TSval=2916033508 TSecr=3045553280 [TCP segment of a reassembled PDU]"
"9349","29.428233327","192.168.1.55","192.168.1.2","TCP","1514","8004  >  49920 [ACK] Seq=179726 Ack=141 Win=65024 Len=1448 TSval=2916033508 TSecr=3045553280 [TCP segment of a reassembled PDU]"
"9350","29.428234475","192.168.1.55","192.168.1.2","TCP","1514","8004  >  49920 [ACK] Seq=181174 Ack=141 Win=65024 Len=1448 TSval=2916033508 TSecr=3045553280 [TCP segment of a reassembled PDU]"
"9351","29.428235715","192.168.1.55","192.168.1.2","TCP","1514","8004  >  49920 [ACK] Seq=182622 Ack=141 Win=65024 Len=1448 TSval=2916033508 TSecr=3045553280 [TCP segment of a reassembled PDU]"
"9352","29.428237215","192.168.1.55","192.168.1.2","TCP","1514","8004  >  49920 [ACK] Seq=184070 Ack=141 Win=65024 Len=1448 TSval=2916033508 TSecr=3045553280 [TCP segment of a reassembled PDU]"
"9353","29.428238308","192.168.1.55","192.168.1.2","TCP","1514","8004  >  49920 [ACK] Seq=185518 Ack=141 Win=65024 Len=1448 TSval=2916033508 TSecr=3045553280 [TCP segment of a reassembled PDU]"
"9354","29.428239401","192.168.1.55","192.168.1.2","TCP","1514","8004  >  49920 [PSH, ACK] Seq=186966 Ack=141 Win=65024 Len=1448 TSval=2916033508 TSecr=3045553280 [TCP segment of a reassembled PDU]"
"9355","29.428618346","192.168.1.2","192.168.1.55","TCP","66","49920  >  8004 [ACK] Seq=141 Ack=105894 Win=100352 Len=0 TSval=3045553280 TSecr=2916033500"
"9356","29.428638846","192.168.1.55","192.168.1.2","TCP","1514","8004  >  49920 [ACK] Seq=188414 Ack=141 Win=65024 Len=1448 TSval=2916033509 TSecr=3045553280 [TCP segment of a reassembled PDU]"
"9357","29.428640568","192.168.1.55","192.168.1.2","TCP","1514","8004  >  49920 [ACK] Seq=189862 Ack=141 Win=65024 Len=1448 TSval=2916033509 TSecr=3045553280 [TCP segment of a reassembled PDU]"
"9358","29.428641735","192.168.1.55","192.168.1.2","TCP","1514","8004  >  49920 [ACK] Seq=191310 Ack=141 Win=65024 Len=1448 TSval=2916033509 TSecr=3045553280 [TCP segment of a reassembled PDU]"
"9359","29.428642809","192.168.1.55","192.168.1.2","TCP","1514","8004  >  49920 [ACK] Seq=192758 Ack=141 Win=65024 Len=1448 TSval=2916033509 TSecr=3045553280 [TCP segment of a reassembled PDU]"
"9360","29.428643883","192.168.1.55","192.168.1.2","TCP","1514","8004  >  49920 [ACK] Seq=194206 Ack=141 Win=65024 Len=1448 TSval=2916033509 TSecr=3045553280 [TCP segment of a reassembled PDU]"
"9361","29.428645364","192.168.1.55","192.168.1.2","TCP","1514","8004  >  49920 [ACK] Seq=195654 Ack=141 Win=65024 Len=1448 TSval=2916033509 TSecr=3045553280 [TCP segment of a reassembled PDU]"
"9362","29.428646420","192.168.1.55","192.168.1.2","TCP","1514","8004  >  49920 [ACK] Seq=197102 Ack=141 Win=65024 Len=1448 TSval=2916033509 TSecr=3045553280 [TCP segment of a reassembled PDU]"
"9363","29.428647586","192.168.1.55","192.168.1.2","TCP","1514","8004  >  49920 [ACK] Seq=198550 Ack=141 Win=65024 Len=1448 TSval=2916033509 TSecr=3045553280 [TCP segment of a reassembled PDU]"
"9364","29.428648679","192.168.1.55","192.168.1.2","TCP","1514","8004  >  49920 [ACK] Seq=199998 Ack=141 Win=65024 Len=1448 TSval=2916033509 TSecr=3045553280 [TCP segment of a reassembled PDU]"
"9365","29.428649864","192.168.1.55","192.168.1.2","TCP","1514","8004  >  49920 [ACK] Seq=201446 Ack=141 Win=65024 Len=1448 TSval=2916033509 TSecr=3045553280 [TCP segment of a reassembled PDU]"
"9366","29.428651290","192.168.1.55","192.168.1.2","TCP","1514","8004  >  49920 [ACK] Seq=202894 Ack=141 Win=65024 Len=1448 TSval=2916033509 TSecr=3045553280 [TCP segment of a reassembled PDU]"
"9367","29.428652383","192.168.1.55","192.168.1.2","TCP","1514","8004  >  49920 [PSH, ACK] Seq=204342 Ack=141 Win=65024 Len=1448 TSval=2916033509 TSecr=3045553280 [TCP segment of a reassembled PDU]"
"9368","29.428657272","192.168.1.55","192.168.1.2","TCP","82","8004  >  49920 [PSH, ACK] Seq=205790 Ack=141 Win=65024 Len=16 TSval=2916033509 TSecr=3045553280 [TCP segment of a reassembled PDU]"
"9369","29.428660494","192.168.1.2","192.168.1.55","TCP","66","49920  >  8004 [ACK] Seq=141 Ack=118926 Win=88064 Len=0 TSval=3045553280 TSecr=2916033501"
"9370","29.428666179","192.168.1.2","192.168.1.55","TCP","66","49920  >  8004 [ACK] Seq=141 Ack=152230 Win=55296 Len=0 TSval=3045553280 TSecr=2916033501"
"9371","29.428677883","192.168.1.2","192.168.1.55","TCP","66","49920  >  8004 [ACK] Seq=141 Ack=160918 Win=99328 Len=0 TSval=3045553282 TSecr=2916033501"
"9372","29.428716161","192.168.1.55","192.168.1.2","TCP","1514","8004  >  49920 [ACK] Seq=205806 Ack=141 Win=65024 Len=1448 TSval=2916033509 TSecr=3045553282 [TCP segment of a reassembled PDU]"
"9373","29.428718105","192.168.1.55","192.168.1.2","TCP","1514","8004  >  49920 [ACK] Seq=207254 Ack=141 Win=65024 Len=1448 TSval=2916033509 TSecr=3045553282 [TCP segment of a reassembled PDU]"
"9374","29.428719253","192.168.1.55","192.168.1.2","TCP","1514","8004  >  49920 [ACK] Seq=208702 Ack=141 Win=65024 Len=1448 TSval=2916033509 TSecr=3045553282 [TCP segment of a reassembled PDU]"
"9375","29.428720494","192.168.1.55","192.168.1.2","TCP","1514","8004  >  49920 [ACK] Seq=210150 Ack=141 Win=65024 Len=1448 TSval=2916033509 TSecr=3045553282 [TCP segment of a reassembled PDU]"
"9376","29.428721624","192.168.1.55","192.168.1.2","TCP","1514","8004  >  49920 [ACK] Seq=211598 Ack=141 Win=65024 Len=1448 TSval=2916033509 TSecr=3045553282 [TCP segment of a reassembled PDU]"
"9377","29.428722846","192.168.1.55","192.168.1.2","TCP","1514","8004  >  49920 [ACK] Seq=213046 Ack=141 Win=65024 Len=1448 TSval=2916033509 TSecr=3045553282 [TCP segment of a reassembled PDU]"
"9378","29.428724198","192.168.1.55","192.168.1.2","TCP","1514","8004  >  49920 [ACK] Seq=214494 Ack=141 Win=65024 Len=1448 TSval=2916033509 TSecr=3045553282 [TCP segment of a reassembled PDU]"
"9379","29.428725383","192.168.1.55","192.168.1.2","TCP","1514","8004  >  49920 [ACK] Seq=215942 Ack=141 Win=65024 Len=1448 TSval=2916033509 TSecr=3045553282 [TCP segment of a reassembled PDU]"
"9380","29.428726772","192.168.1.55","192.168.1.2","TCP","1514","8004  >  49920 [ACK] Seq=217390 Ack=141 Win=65024 Len=1448 TSval=2916033509 TSecr=3045553282 [TCP segment of a reassembled PDU]"
"9381","29.428727901","192.168.1.55","192.168.1.2","TCP","1514","8004  >  49920 [ACK] Seq=218838 Ack=141 Win=65024 Len=1448 TSval=2916033509 TSecr=3045553282 [TCP segment of a reassembled PDU]"
"9382","29.428729012","192.168.1.55","192.168.1.2","TCP","1514","8004  >  49920 [ACK] Seq=220286 Ack=141 Win=65024 Len=1448 TSval=2916033509 TSecr=3045553282 [TCP segment of a reassembled PDU]"
"9383","29.428730105","192.168.1.55","192.168.1.2","TCP","1514","8004  >  49920 [ACK] Seq=221734 Ack=141 Win=65024 Len=1448 TSval=2916033509 TSecr=3045553282 [TCP segment of a reassembled PDU]"
"9384","29.428731179","192.168.1.55","192.168.1.2","TCP","1514","8004  >  49920 [ACK] Seq=223182 Ack=141 Win=65024 Len=1448 TSval=2916033509 TSecr=3045553282 [TCP segment of a reassembled PDU]"
"9385","29.428732512","192.168.1.55","192.168.1.2","TCP","1514","8004  >  49920 [ACK] Seq=224630 Ack=141 Win=65024 Len=1448 TSval=2916033509 TSecr=3045553282 [TCP segment of a reassembled PDU]"
"9386","29.428733642","192.168.1.55","192.168.1.2","TCP","1514","8004  >  49920 [ACK] Seq=226078 Ack=141 Win=65024 Len=1448 TSval=2916033509 TSecr=3045553282 [TCP segment of a reassembled PDU]"
"9387","29.428734938","192.168.1.55","192.168.1.2","TCP","1514","8004  >  49920 [ACK] Seq=227526 Ack=141 Win=65024 Len=1448 TSval=2916033509 TSecr=3045553282 [TCP segment of a reassembled PDU]"
"9388","29.428736161","192.168.1.55","192.168.1.2","TCP","1514","8004  >  49920 [ACK] Seq=228974 Ack=141 Win=65024 Len=1448 TSval=2916033509 TSecr=3045553282 [TCP segment of a reassembled PDU]"
"9389","29.428737253","192.168.1.55","192.168.1.2","TCP","1514","8004  >  49920 [ACK] Seq=230422 Ack=141 Win=65024 Len=1448 TSval=2916033509 TSecr=3045553282 [TCP segment of a reassembled PDU]"
"9390","29.428738624","192.168.1.55","192.168.1.2","TCP","1514","8004  >  49920 [ACK] Seq=231870 Ack=141 Win=65024 Len=1448 TSval=2916033509 TSecr=3045553282 [TCP segment of a reassembled PDU]"
"9391","29.428740198","192.168.1.55","192.168.1.2","TCP","1514","8004  >  49920 [ACK] Seq=233318 Ack=141 Win=65024 Len=1448 TSval=2916033509 TSecr=3045553282 [TCP segment of a reassembled PDU]"
"9392","29.428741272","192.168.1.55","192.168.1.2","TCP","1514","8004  >  49920 [ACK] Seq=234766 Ack=141 Win=65024 Len=1448 TSval=2916033509 TSecr=3045553282 [TCP segment of a reassembled PDU]"
"9393","29.428742420","192.168.1.55","192.168.1.2","TCP","1514","8004  >  49920 [ACK] Seq=236214 Ack=141 Win=65024 Len=1448 TSval=2916033509 TSecr=3045553282 [TCP segment of a reassembled PDU]"
"9394","29.428743512","192.168.1.55","192.168.1.2","TCP","1514","8004  >  49920 [ACK] Seq=237662 Ack=141 Win=65024 Len=1448 TSval=2916033509 TSecr=3045553282 [TCP segment of a reassembled PDU]"
"9395","29.428744679","192.168.1.55","192.168.1.2","TCP","1514","8004  >  49920 [ACK] Seq=239110 Ack=141 Win=65024 Len=1448 TSval=2916033509 TSecr=3045553282 [TCP segment of a reassembled PDU]"
"9396","29.428745864","192.168.1.55","192.168.1.2","TCP","1514","8004  >  49920 [ACK] Seq=240558 Ack=141 Win=65024 Len=1448 TSval=2916033509 TSecr=3045553282 [TCP segment of a reassembled PDU]"
"9397","29.428747031","192.168.1.55","192.168.1.2","TCP","1514","8004  >  49920 [ACK] Seq=242006 Ack=141 Win=65024 Len=1448 TSval=2916033509 TSecr=3045553282 [TCP segment of a reassembled PDU]"
"9398","29.428748383","192.168.1.55","192.168.1.2","TCP","1514","8004  >  49920 [ACK] Seq=243454 Ack=141 Win=65024 Len=1448 TSval=2916033509 TSecr=3045553282 [TCP segment of a reassembled PDU]"
"9399","29.428749531","192.168.1.55","192.168.1.2","TCP","1514","8004  >  49920 [ACK] Seq=244902 Ack=141 Win=65024 Len=1448 TSval=2916033509 TSecr=3045553282 [TCP segment of a reassembled PDU]"
"9400","29.428750901","192.168.1.55","192.168.1.2","TCP","1514","8004  >  49920 [ACK] Seq=246350 Ack=141 Win=65024 Len=1448 TSval=2916033509 TSecr=3045553282 [TCP segment of a reassembled PDU]"
"9401","29.428752050","192.168.1.55","192.168.1.2","TCP","1514","8004  >  49920 [ACK] Seq=247798 Ack=141 Win=65024 Len=1448 TSval=2916033509 TSecr=3045553282 [TCP segment of a reassembled PDU]"
"9402","29.428753161","192.168.1.55","192.168.1.2","TCP","1514","8004  >  49920 [PSH, ACK] Seq=249246 Ack=141 Win=65024 Len=1448 TSval=2916033509 TSecr=3045553282 [TCP segment of a reassembled PDU]"
"9403","29.429900366","192.168.1.55","192.168.1.2","TCP","1514","8004  >  49920 [ACK] Seq=250694 Ack=141 Win=65024 Len=1448 TSval=2916033510 TSecr=3045553282 [TCP segment of a reassembled PDU]"
"9404","29.429903051","192.168.1.55","192.168.1.2","TCP","1514","8004  >  49920 [ACK] Seq=252142 Ack=141 Win=65024 Len=1448 TSval=2916033510 TSecr=3045553282 [TCP segment of a reassembled PDU]"
"9405","29.429904125","192.168.1.55","192.168.1.2","TCP","1514","8004  >  49920 [ACK] Seq=253590 Ack=141 Win=65024 Len=1448 TSval=2916033510 TSecr=3045553282 [TCP segment of a reassembled PDU]"
"9406","29.429905181","192.168.1.55","192.168.1.2","TCP","1514","8004  >  49920 [ACK] Seq=255038 Ack=141 Win=65024 Len=1448 TSval=2916033510 TSecr=3045553282 [TCP segment of a reassembled PDU]"
"9407","29.429906348","192.168.1.55","192.168.1.2","TCP","1514","8004  >  49920 [ACK] Seq=256486 Ack=141 Win=65024 Len=1448 TSval=2916033510 TSecr=3045553282 [TCP segment of a reassembled PDU]"
"9408","29.429907496","192.168.1.55","192.168.1.2","TCP","1514","8004  >  49920 [PSH, ACK] Seq=257934 Ack=141 Win=65024 Len=1448 TSval=2916033510 TSecr=3045553282 [TCP segment of a reassembled PDU]"
"9409","29.432190036","192.168.1.2","192.168.1.55","TCP","66","49920  >  8004 [ACK] Seq=141 Ack=178278 Win=88064 Len=0 TSval=3045553284 TSecr=2916033505"
"9410","29.432208518","192.168.1.55","192.168.1.2","TCP","1514","8004  >  49920 [ACK] Seq=259382 Ack=141 Win=65024 Len=1448 TSval=2916033512 TSecr=3045553284 [TCP segment of a reassembled PDU]"
"9411","29.432211148","192.168.1.55","192.168.1.2","TCP","1514","8004  >  49920 [ACK] Seq=260830 Ack=141 Win=65024 Len=1448 TSval=2916033512 TSecr=3045553284 [TCP segment of a reassembled PDU]"
"9412","29.432212370","192.168.1.55","192.168.1.2","TCP","1514","8004  >  49920 [ACK] Seq=262278 Ack=141 Win=65024 Len=1448 TSval=2916033512 TSecr=3045553284 [TCP segment of a reassembled PDU]"
"9413","29.432213499","192.168.1.55","192.168.1.2","TCP","1514","8004  >  49920 [PSH, ACK] Seq=263726 Ack=141 Win=65024 Len=1448 TSval=2916033512 TSecr=3045553284 [TCP segment of a reassembled PDU]"
"9414","29.435462041","192.168.1.2","192.168.1.55","TCP","66","49920  >  8004 [ACK] Seq=141 Ack=188414 Win=96256 Len=0 TSval=3045553287 TSecr=2916033508"
"9415","29.435489208","192.168.1.55","192.168.1.2","TCP","1514","8004  >  49920 [ACK] Seq=265174 Ack=141 Win=65024 Len=1448 TSval=2916033516 TSecr=3045553287 [TCP segment of a reassembled PDU]"
"9416","29.435491690","192.168.1.55","192.168.1.2","TCP","1514","8004  >  49920 [ACK] Seq=266622 Ack=141 Win=65024 Len=1448 TSval=2916033516 TSecr=3045553287 [TCP segment of a reassembled PDU]"
"9417","29.435493023","192.168.1.55","192.168.1.2","TCP","1514","8004  >  49920 [ACK] Seq=268070 Ack=141 Win=65024 Len=1448 TSval=2916033516 TSecr=3045553287 [TCP segment of a reassembled PDU]"
"9418","29.435494208","192.168.1.55","192.168.1.2","TCP","1514","8004  >  49920 [ACK] Seq=269518 Ack=141 Win=65024 Len=1448 TSval=2916033516 TSecr=3045553287 [TCP segment of a reassembled PDU]"
"9419","29.435495875","192.168.1.55","192.168.1.2","TCP","1514","8004  >  49920 [ACK] Seq=270966 Ack=141 Win=65024 Len=1448 TSval=2916033516 TSecr=3045553287 [TCP segment of a reassembled PDU]"
"9420","29.435497171","192.168.1.55","192.168.1.2","TCP","1514","8004  >  49920 [ACK] Seq=272414 Ack=141 Win=65024 Len=1448 TSval=2916033516 TSecr=3045553287 [TCP segment of a reassembled PDU]"
"9421","29.435498467","192.168.1.55","192.168.1.2","TCP","1514","8004  >  49920 [ACK] Seq=273862 Ack=141 Win=65024 Len=1448 TSval=2916033516 TSecr=3045553287 [TCP segment of a reassembled PDU]"
"9422","29.435499912","192.168.1.55","192.168.1.2","TCP","1514","8004  >  49920 [ACK] Seq=275310 Ack=141 Win=65024 Len=1448 TSval=2916033516 TSecr=3045553287 [TCP segment of a reassembled PDU]"
"9423","29.435501208","192.168.1.55","192.168.1.2","TCP","1514","8004  >  49920 [ACK] Seq=276758 Ack=141 Win=65024 Len=1448 TSval=2916033516 TSecr=3045553287 [TCP segment of a reassembled PDU]"
"9424","29.435502430","192.168.1.55","192.168.1.2","TCP","1514","8004  >  49920 [ACK] Seq=278206 Ack=141 Win=65024 Len=1448 TSval=2916033516 TSecr=3045553287 [TCP segment of a reassembled PDU]"
"9425","29.435503745","192.168.1.55","192.168.1.2","TCP","1514","8004  >  49920 [ACK] Seq=279654 Ack=141 Win=65024 Len=1448 TSval=2916033516 TSecr=3045553287 [TCP segment of a reassembled PDU]"
"9426","29.435504986","192.168.1.55","192.168.1.2","TCP","1514","8004  >  49920 [ACK] Seq=281102 Ack=141 Win=65024 Len=1448 TSval=2916033516 TSecr=3045553287 [TCP segment of a reassembled PDU]"
"9427","29.435506319","192.168.1.55","192.168.1.2","TCP","1514","8004  >  49920 [PSH, ACK] Seq=282550 Ack=141 Win=65024 Len=1448 TSval=2916033516 TSecr=3045553287 [TCP segment of a reassembled PDU]"
"9428","29.436092820","192.168.1.2","192.168.1.55","TCP","66","49920  >  8004 [ACK] Seq=141 Ack=197102 Win=117760 Len=0 TSval=3045553288 TSecr=2916033509"
"9429","29.436108450","192.168.1.55","192.168.1.2","TCP","1514","8004  >  49920 [ACK] Seq=283998 Ack=141 Win=65024 Len=1448 TSval=2916033516 TSecr=3045553288 [TCP segment of a reassembled PDU]"
"9430","29.436110117","192.168.1.55","192.168.1.2","TCP","1514","8004  >  49920 [ACK] Seq=285446 Ack=141 Win=65024 Len=1448 TSval=2916033516 TSecr=3045553288 [TCP segment of a reassembled PDU]"
"9431","29.436111543","192.168.1.55","192.168.1.2","TCP","1514","8004  >  49920 [ACK] Seq=286894 Ack=141 Win=65024 Len=1448 TSval=2916033516 TSecr=3045553288 [TCP segment of a reassembled PDU]"
"9432","29.436112709","192.168.1.55","192.168.1.2","TCP","1514","8004  >  49920 [ACK] Seq=288342 Ack=141 Win=65024 Len=1448 TSval=2916033516 TSecr=3045553288 [TCP segment of a reassembled PDU]"
"9433","29.436113950","192.168.1.55","192.168.1.2","TCP","1514","8004  >  49920 [ACK] Seq=289790 Ack=141 Win=65024 Len=1448 TSval=2916033516 TSecr=3045553288 [TCP segment of a reassembled PDU]"
"9434","29.436115246","192.168.1.55","192.168.1.2","TCP","1514","8004  >  49920 [ACK] Seq=291238 Ack=141 Win=65024 Len=1448 TSval=2916033516 TSecr=3045553288 [TCP segment of a reassembled PDU]"
"9435","29.436116413","192.168.1.55","192.168.1.2","TCP","1514","8004  >  49920 [ACK] Seq=292686 Ack=141 Win=65024 Len=1448 TSval=2916033516 TSecr=3045553288 [TCP segment of a reassembled PDU]"
"9436","29.436118043","192.168.1.55","192.168.1.2","TCP","1514","8004  >  49920 [PSH, ACK] Seq=294134 Ack=141 Win=65024 Len=1448 TSval=2916033516 TSecr=3045553288 [TCP segment of a reassembled PDU]"
"9437","29.436122265","192.168.1.2","192.168.1.55","TCP","66","49920  >  8004 [ACK] Seq=141 Ack=205790 Win=135168 Len=0 TSval=3045553288 TSecr=2916033509"
"9438","29.436158802","192.168.1.55","192.168.1.2","TCP","1514","8004  >  49920 [ACK] Seq=295582 Ack=141 Win=65024 Len=1448 TSval=2916033516 TSecr=3045553288 [TCP segment of a reassembled PDU]"
"9439","29.436161117","192.168.1.55","192.168.1.2","TCP","1514","8004  >  49920 [ACK] Seq=297030 Ack=141 Win=65024 Len=1448 TSval=2916033516 TSecr=3045553288 [TCP segment of a reassembled PDU]"
"9440","29.436162506","192.168.1.55","192.168.1.2","TCP","1514","8004  >  49920 [ACK] Seq=298478 Ack=141 Win=65024 Len=1448 TSval=2916033516 TSecr=3045553288 [TCP segment of a reassembled PDU]"
"9441","29.436163913","192.168.1.55","192.168.1.2","TCP","1514","8004  >  49920 [ACK] Seq=299926 Ack=141 Win=65024 Len=1448 TSval=2916033516 TSecr=3045553288 [TCP segment of a reassembled PDU]"
"9442","29.436165172","192.168.1.55","192.168.1.2","TCP","1514","8004  >  49920 [ACK] Seq=301374 Ack=141 Win=65024 Len=1448 TSval=2916033516 TSecr=3045553288 [TCP segment of a reassembled PDU]"
"9443","29.436166357","192.168.1.55","192.168.1.2","TCP","1514","8004  >  49920 [ACK] Seq=302822 Ack=141 Win=65024 Len=1448 TSval=2916033516 TSecr=3045553288 [TCP segment of a reassembled PDU]"
"9444","29.436167672","192.168.1.55","192.168.1.2","TCP","1514","8004  >  49920 [ACK] Seq=304270 Ack=141 Win=65024 Len=1448 TSval=2916033516 TSecr=3045553288 [TCP segment of a reassembled PDU]"
"9445","29.436169006","192.168.1.55","192.168.1.2","TCP","1514","8004  >  49920 [ACK] Seq=305718 Ack=141 Win=65024 Len=1448 TSval=2916033516 TSecr=3045553288 [TCP segment of a reassembled PDU]"
"9446","29.436170524","192.168.1.55","192.168.1.2","TCP","1514","8004  >  49920 [ACK] Seq=307166 Ack=141 Win=65024 Len=1448 TSval=2916033516 TSecr=3045553288 [TCP segment of a reassembled PDU]"
"9447","29.436171950","192.168.1.55","192.168.1.2","TCP","1514","8004  >  49920 [ACK] Seq=308614 Ack=141 Win=65024 Len=1448 TSval=2916033516 TSecr=3045553288 [TCP segment of a reassembled PDU]"
"9448","29.436173135","192.168.1.55","192.168.1.2","TCP","1514","8004  >  49920 [ACK] Seq=310062 Ack=141 Win=65024 Len=1448 TSval=2916033516 TSecr=3045553288 [TCP segment of a reassembled PDU]"
"9449","29.436174487","192.168.1.55","192.168.1.2","TCP","1514","8004  >  49920 [ACK] Seq=311510 Ack=141 Win=65024 Len=1448 TSval=2916033516 TSecr=3045553288 [TCP segment of a reassembled PDU]"
"9450","29.436175802","192.168.1.55","192.168.1.2","TCP","1514","8004  >  49920 [ACK] Seq=312958 Ack=141 Win=65024 Len=1448 TSval=2916033516 TSecr=3045553288 [TCP segment of a reassembled PDU]"
"9451","29.436177357","192.168.1.55","192.168.1.2","TCP","1514","8004  >  49920 [ACK] Seq=314406 Ack=141 Win=65024 Len=1448 TSval=2916033516 TSecr=3045553288 [TCP segment of a reassembled PDU]"
"9452","29.436178580","192.168.1.55","192.168.1.2","TCP","1514","8004  >  49920 [ACK] Seq=315854 Ack=141 Win=65024 Len=1448 TSval=2916033516 TSecr=3045553288 [TCP segment of a reassembled PDU]"
"9453","29.436179839","192.168.1.55","192.168.1.2","TCP","1514","8004  >  49920 [ACK] Seq=317302 Ack=141 Win=65024 Len=1448 TSval=2916033516 TSecr=3045553288 [TCP segment of a reassembled PDU]"
"9454","29.436181135","192.168.1.55","192.168.1.2","TCP","1514","8004  >  49920 [ACK] Seq=318750 Ack=141 Win=65024 Len=1448 TSval=2916033516 TSecr=3045553288 [TCP segment of a reassembled PDU]"
"9455","29.436182413","192.168.1.55","192.168.1.2","TCP","1514","8004  >  49920 [ACK] Seq=320198 Ack=141 Win=65024 Len=1448 TSval=2916033516 TSecr=3045553288 [TCP segment of a reassembled PDU]"
"9456","29.436183709","192.168.1.55","192.168.1.2","TCP","1514","8004  >  49920 [ACK] Seq=321646 Ack=141 Win=65024 Len=1448 TSval=2916033516 TSecr=3045553288 [TCP segment of a reassembled PDU]"
"9457","29.436184876","192.168.1.55","192.168.1.2","TCP","1514","8004  >  49920 [ACK] Seq=323094 Ack=141 Win=65024 Len=1448 TSval=2916033516 TSecr=3045553288 [TCP segment of a reassembled PDU]"
"9458","29.436186061","192.168.1.55","192.168.1.2","TCP","1514","8004  >  49920 [ACK] Seq=324542 Ack=141 Win=65024 Len=1448 TSval=2916033516 TSecr=3045553288 [TCP segment of a reassembled PDU]"
"9459","29.436187228","192.168.1.55","192.168.1.2","TCP","1514","8004  >  49920 [ACK] Seq=325990 Ack=141 Win=65024 Len=1448 TSval=2916033516 TSecr=3045553288 [TCP segment of a reassembled PDU]"
"9460","29.436188506","192.168.1.55","192.168.1.2","TCP","1514","8004  >  49920 [ACK] Seq=327438 Ack=141 Win=65024 Len=1448 TSval=2916033516 TSecr=3045553288 [TCP segment of a reassembled PDU]"
"9461","29.436189635","192.168.1.55","192.168.1.2","TCP","1514","8004  >  49920 [ACK] Seq=328886 Ack=141 Win=65024 Len=1448 TSval=2916033516 TSecr=3045553288 [TCP segment of a reassembled PDU]"
"9462","29.436190969","192.168.1.55","192.168.1.2","TCP","1514","8004  >  49920 [ACK] Seq=330334 Ack=141 Win=65024 Len=1448 TSval=2916033516 TSecr=3045553288 [TCP segment of a reassembled PDU]"
"9463","29.436192246","192.168.1.55","192.168.1.2","TCP","1514","8004  >  49920 [ACK] Seq=331782 Ack=141 Win=65024 Len=1448 TSval=2916033516 TSecr=3045553288 [TCP segment of a reassembled PDU]"
"9464","29.436193672","192.168.1.55","192.168.1.2","TCP","1514","8004  >  49920 [ACK] Seq=333230 Ack=141 Win=65024 Len=1448 TSval=2916033516 TSecr=3045553288 [TCP segment of a reassembled PDU]"
"9465","29.436194876","192.168.1.55","192.168.1.2","TCP","1514","8004  >  49920 [ACK] Seq=334678 Ack=141 Win=65024 Len=1448 TSval=2916033516 TSecr=3045553288 [TCP segment of a reassembled PDU]"
"9466","29.436196098","192.168.1.55","192.168.1.2","TCP","1514","8004  >  49920 [ACK] Seq=336126 Ack=141 Win=65024 Len=1448 TSval=2916033516 TSecr=3045553288 [TCP segment of a reassembled PDU]"
"9467","29.436197580","192.168.1.55","192.168.1.2","TCP","1514","8004  >  49920 [ACK] Seq=337574 Ack=141 Win=65024 Len=1448 TSval=2916033516 TSecr=3045553288 [TCP segment of a reassembled PDU]"
"9468","29.436199061","192.168.1.55","192.168.1.2","TCP","1514","8004  >  49920 [PSH, ACK] Seq=339022 Ack=141 Win=65024 Len=1448 TSval=2916033516 TSecr=3045553288 [TCP segment of a reassembled PDU]"
"9469","29.436204098","192.168.1.2","192.168.1.55","TCP","66","49920  >  8004 [ACK] Seq=141 Ack=221734 Win=131072 Len=0 TSval=3045553288 TSecr=2916033509"
"9470","29.436211969","192.168.1.2","192.168.1.55","TCP","66","49920  >  8004 [ACK] Seq=141 Ack=240558 Win=129024 Len=0 TSval=3045553290 TSecr=2916033509"
"9471","29.436271802","192.168.1.2","192.168.1.55","TCP","66","49920  >  8004 [ACK] Seq=141 Ack=246350 Win=143360 Len=0 TSval=3045553290 TSecr=2916033509"
"9472","29.436332858","192.168.1.55","192.168.1.2","TCP","1514","8004  >  49920 [ACK] Seq=340470 Ack=141 Win=65024 Len=1448 TSval=2916033516 TSecr=3045553290 [TCP segment of a reassembled PDU]"
"9473","29.436335506","192.168.1.55","192.168.1.2","TCP","1514","8004  >  49920 [ACK] Seq=341918 Ack=141 Win=65024 Len=1448 TSval=2916033516 TSecr=3045553290 [TCP segment of a reassembled PDU]"
"9474","29.436336691","192.168.1.55","192.168.1.2","TCP","1514","8004  >  49920 [ACK] Seq=343366 Ack=141 Win=65024 Len=1448 TSval=2916033516 TSecr=3045553290 [TCP segment of a reassembled PDU]"
"9475","29.436337950","192.168.1.55","192.168.1.2","TCP","1514","8004  >  49920 [ACK] Seq=344814 Ack=141 Win=65024 Len=1448 TSval=2916033516 TSecr=3045553290 [TCP segment of a reassembled PDU]"
"9476","29.436339284","192.168.1.55","192.168.1.2","TCP","1514","8004  >  49920 [ACK] Seq=346262 Ack=141 Win=65024 Len=1448 TSval=2916033516 TSecr=3045553290 [TCP segment of a reassembled PDU]"
"9477","29.436340635","192.168.1.55","192.168.1.2","TCP","1514","8004  >  49920 [ACK] Seq=347710 Ack=141 Win=65024 Len=1448 TSval=2916033516 TSecr=3045553290 [TCP segment of a reassembled PDU]"
"9478","29.436342154","192.168.1.55","192.168.1.2","TCP","1514","8004  >  49920 [ACK] Seq=349158 Ack=141 Win=65024 Len=1448 TSval=2916033516 TSecr=3045553290 [TCP segment of a reassembled PDU]"
"9479","29.436343376","192.168.1.55","192.168.1.2","TCP","1514","8004  >  49920 [ACK] Seq=350606 Ack=141 Win=65024 Len=1448 TSval=2916033516 TSecr=3045553290 [TCP segment of a reassembled PDU]"
"9480","29.436344839","192.168.1.55","192.168.1.2","TCP","1514","8004  >  49920 [ACK] Seq=352054 Ack=141 Win=65024 Len=1448 TSval=2916033516 TSecr=3045553290 [TCP segment of a reassembled PDU]"
"9481","29.436346117","192.168.1.55","192.168.1.2","TCP","1514","8004  >  49920 [ACK] Seq=353502 Ack=141 Win=65024 Len=1448 TSval=2916033516 TSecr=3045553290 [TCP segment of a reassembled PDU]"
"9482","29.436347302","192.168.1.55","192.168.1.2","TCP","1514","8004  >  49920 [ACK] Seq=354950 Ack=141 Win=65024 Len=1448 TSval=2916033516 TSecr=3045553290 [TCP segment of a reassembled PDU]"
"9483","29.436348821","192.168.1.55","192.168.1.2","TCP","1514","8004  >  49920 [ACK] Seq=356398 Ack=141 Win=65024 Len=1448 TSval=2916033516 TSecr=3045553290 [TCP segment of a reassembled PDU]"
"9484","29.436350024","192.168.1.55","192.168.1.2","TCP","1514","8004  >  49920 [ACK] Seq=357846 Ack=141 Win=65024 Len=1448 TSval=2916033516 TSecr=3045553290 [TCP segment of a reassembled PDU]"
"9485","29.436351358","192.168.1.55","192.168.1.2","TCP","1514","8004  >  49920 [ACK] Seq=359294 Ack=141 Win=65024 Len=1448 TSval=2916033516 TSecr=3045553290 [TCP segment of a reassembled PDU]"
"9486","29.436352580","192.168.1.55","192.168.1.2","TCP","1514","8004  >  49920 [ACK] Seq=360742 Ack=141 Win=65024 Len=1448 TSval=2916033516 TSecr=3045553290 [TCP segment of a reassembled PDU]"
"9487","29.436353839","192.168.1.55","192.168.1.2","TCP","1514","8004  >  49920 [ACK] Seq=362190 Ack=141 Win=65024 Len=1448 TSval=2916033516 TSecr=3045553290 [TCP segment of a reassembled PDU]"
"9488","29.436355006","192.168.1.55","192.168.1.2","TCP","1514","8004  >  49920 [ACK] Seq=363638 Ack=141 Win=65024 Len=1448 TSval=2916033516 TSecr=3045553290 [TCP segment of a reassembled PDU]"
"9489","29.436356376","192.168.1.55","192.168.1.2","TCP","1514","8004  >  49920 [ACK] Seq=365086 Ack=141 Win=65024 Len=1448 TSval=2916033516 TSecr=3045553290 [TCP segment of a reassembled PDU]"
"9490","29.436357635","192.168.1.55","192.168.1.2","TCP","1514","8004  >  49920 [ACK] Seq=366534 Ack=141 Win=65024 Len=1448 TSval=2916033516 TSecr=3045553290 [TCP segment of a reassembled PDU]"
"9491","29.436358932","192.168.1.55","192.168.1.2","TCP","1514","8004  >  49920 [ACK] Seq=367982 Ack=141 Win=65024 Len=1448 TSval=2916033516 TSecr=3045553290 [TCP segment of a reassembled PDU]"
"9492","29.436360135","192.168.1.55","192.168.1.2","TCP","1514","8004  >  49920 [ACK] Seq=369430 Ack=141 Win=65024 Len=1448 TSval=2916033516 TSecr=3045553290 [TCP segment of a reassembled PDU]"
"9493","29.436361450","192.168.1.55","192.168.1.2","TCP","1514","8004  >  49920 [ACK] Seq=370878 Ack=141 Win=65024 Len=1448 TSval=2916033516 TSecr=3045553290 [TCP segment of a reassembled PDU]"
"9494","29.436362784","192.168.1.55","192.168.1.2","TCP","1514","8004  >  49920 [ACK] Seq=372326 Ack=141 Win=65024 Len=1448 TSval=2916033516 TSecr=3045553290 [TCP segment of a reassembled PDU]"
"9495","29.436364247","192.168.1.55","192.168.1.2","TCP","1514","8004  >  49920 [ACK] Seq=373774 Ack=141 Win=65024 Len=1448 TSval=2916033516 TSecr=3045553290 [TCP segment of a reassembled PDU]"
"9496","29.436365691","192.168.1.55","192.168.1.2","TCP","1514","8004  >  49920 [ACK] Seq=375222 Ack=141 Win=65024 Len=1448 TSval=2916033516 TSecr=3045553290 [TCP segment of a reassembled PDU]"
"9497","29.436367080","192.168.1.55","192.168.1.2","TCP","1514","8004  >  49920 [ACK] Seq=376670 Ack=141 Win=65024 Len=1448 TSval=2916033516 TSecr=3045553290 [TCP segment of a reassembled PDU]"
"9498","29.436368376","192.168.1.55","192.168.1.2","TCP","1514","8004  >  49920 [ACK] Seq=378118 Ack=141 Win=65024 Len=1448 TSval=2916033516 TSecr=3045553290 [TCP segment of a reassembled PDU]"
"9499","29.436370228","192.168.1.55","192.168.1.2","TCP","1514","8004  >  49920 [ACK] Seq=379566 Ack=141 Win=65024 Len=1448 TSval=2916033516 TSecr=3045553290 [TCP segment of a reassembled PDU]"
"9500","29.436371839","192.168.1.55","192.168.1.2","TCP","1514","8004  >  49920 [ACK] Seq=381014 Ack=141 Win=65024 Len=1448 TSval=2916033516 TSecr=3045553290 [TCP segment of a reassembled PDU]"
"9501","29.436373024","192.168.1.55","192.168.1.2","TCP","1514","8004  >  49920 [ACK] Seq=382462 Ack=141 Win=65024 Len=1448 TSval=2916033516 TSecr=3045553290 [TCP segment of a reassembled PDU]"
"9502","29.436374228","192.168.1.55","192.168.1.2","TCP","1514","8004  >  49920 [PSH, ACK] Seq=383910 Ack=141 Win=65024 Len=1448 TSval=2916033516 TSecr=3045553290 [TCP segment of a reassembled PDU]"
"9503","29.436383580","192.168.1.2","192.168.1.55","TCP","66","49920  >  8004 [ACK] Seq=141 Ack=250694 Win=144384 Len=0 TSval=3045553291 TSecr=2916033509"
"9504","29.436392413","192.168.1.2","192.168.1.55","TCP","66","49920  >  8004 [ACK] Seq=141 Ack=262278 Win=133120 Len=0 TSval=3045553291 TSecr=2916033510"
"9505","29.436424765","192.168.1.2","192.168.1.55","TCP","66","49920  >  8004 [ACK] Seq=141 Ack=263726 Win=145408 Len=0 TSval=3045553292 TSecr=2916033512"
"9506","29.442418756","192.168.1.2","192.168.1.55","TCP","66","49920  >  8004 [ACK] Seq=141 Ack=265174 Win=145408 Len=0 TSval=3045553292 TSecr=2916033512"
"9507","29.442459960","192.168.1.55","192.168.1.2","TCP","1514","8004  >  49920 [ACK] Seq=385358 Ack=141 Win=65024 Len=1448 TSval=2916033523 TSecr=3045553292 [TCP segment of a reassembled PDU]"
"9508","29.442463386","192.168.1.55","192.168.1.2","TCP","1514","8004  >  49920 [ACK] Seq=386806 Ack=141 Win=65024 Len=1448 TSval=2916033523 TSecr=3045553292 [TCP segment of a reassembled PDU]"
"9509","29.442464960","192.168.1.55","192.168.1.2","TCP","1514","8004  >  49920 [ACK] Seq=388254 Ack=141 Win=65024 Len=1448 TSval=2916033523 TSecr=3045553292 [TCP segment of a reassembled PDU]"
"9510","29.442466256","192.168.1.55","192.168.1.2","TCP","1514","8004  >  49920 [ACK] Seq=389702 Ack=141 Win=65024 Len=1448 TSval=2916033523 TSecr=3045553292 [TCP segment of a reassembled PDU]"
"9511","29.442467404","192.168.1.55","192.168.1.2","TCP","1514","8004  >  49920 [ACK] Seq=391150 Ack=141 Win=65024 Len=1448 TSval=2916033523 TSecr=3045553292 [TCP segment of a reassembled PDU]"
"9512","29.442468904","192.168.1.55","192.168.1.2","TCP","1514","8004  >  49920 [ACK] Seq=392598 Ack=141 Win=65024 Len=1448 TSval=2916033523 TSecr=3045553292 [TCP segment of a reassembled PDU]"
"9513","29.442470312","192.168.1.55","192.168.1.2","TCP","1514","8004  >  49920 [ACK] Seq=394046 Ack=141 Win=65024 Len=1448 TSval=2916033523 TSecr=3045553292 [TCP segment of a reassembled PDU]"
"9514","29.442471478","192.168.1.55","192.168.1.2","TCP","1514","8004  >  49920 [ACK] Seq=395494 Ack=141 Win=65024 Len=1448 TSval=2916033523 TSecr=3045553292 [TCP segment of a reassembled PDU]"
"9515","29.442473664","192.168.1.55","192.168.1.2","TCP","1514","8004  >  49920 [ACK] Seq=396942 Ack=141 Win=65024 Len=1448 TSval=2916033523 TSecr=3045553292 [TCP segment of a reassembled PDU]"
"9516","29.442474830","192.168.1.55","192.168.1.2","TCP","1514","8004  >  49920 [ACK] Seq=398390 Ack=141 Win=65024 Len=1448 TSval=2916033523 TSecr=3045553292 [TCP segment of a reassembled PDU]"
"9517","29.442475997","192.168.1.55","192.168.1.2","TCP","1514","8004  >  49920 [ACK] Seq=399838 Ack=141 Win=65024 Len=1448 TSval=2916033523 TSecr=3045553292 [TCP segment of a reassembled PDU]"
"9518","29.442477201","192.168.1.55","192.168.1.2","TCP","1514","8004  >  49920 [ACK] Seq=401286 Ack=141 Win=65024 Len=1448 TSval=2916033523 TSecr=3045553292 [TCP segment of a reassembled PDU]"
"9519","29.442478441","192.168.1.55","192.168.1.2","TCP","1514","8004  >  49920 [ACK] Seq=402734 Ack=141 Win=65024 Len=1448 TSval=2916033523 TSecr=3045553292 [TCP segment of a reassembled PDU]"
"9520","29.442479627","192.168.1.55","192.168.1.2","TCP","1514","8004  >  49920 [ACK] Seq=404182 Ack=141 Win=65024 Len=1448 TSval=2916033523 TSecr=3045553292 [TCP segment of a reassembled PDU]"
"9521","29.442486367","192.168.1.55","192.168.1.2","TCP","1514","8004  >  49920 [ACK] Seq=405630 Ack=141 Win=65024 Len=1448 TSval=2916033523 TSecr=3045553292 [TCP segment of a reassembled PDU]"
"9522","29.442488201","192.168.1.55","192.168.1.2","TCP","1514","8004  >  49920 [ACK] Seq=407078 Ack=141 Win=65024 Len=1448 TSval=2916033523 TSecr=3045553292 [TCP segment of a reassembled PDU]"
"9523","29.442489590","192.168.1.55","192.168.1.2","TCP","1514","8004  >  49920 [ACK] Seq=408526 Ack=141 Win=65024 Len=1448 TSval=2916033523 TSecr=3045553292 [TCP segment of a reassembled PDU]"
"9524","29.442490849","192.168.1.55","192.168.1.2","TCP","674","[TCP Window Full] 8004  >  49920 [PSH, ACK] Seq=409974 Ack=141 Win=65024 Len=608 TSval=2916033523 TSecr=3045553292 [TCP segment of a reassembled PDU]"
"9525","29.444916241","192.168.1.2","192.168.1.55","TCP","66","49920  >  8004 [ACK] Seq=141 Ack=283998 Win=134144 Len=0 TSval=3045553298 TSecr=2916033516"
"9526","29.444941945","192.168.1.55","192.168.1.2","TCP","1514","8004  >  49920 [ACK] Seq=410582 Ack=141 Win=65024 Len=1448 TSval=2916033525 TSecr=3045553298 [TCP segment of a reassembled PDU]"
"9527","29.444945038","192.168.1.55","192.168.1.2","TCP","1514","8004  >  49920 [ACK] Seq=412030 Ack=141 Win=65024 Len=1448 TSval=2916033525 TSecr=3045553298 [TCP segment of a reassembled PDU]"
"9528","29.444946186","192.168.1.55","192.168.1.2","TCP","1514","8004  >  49920 [ACK] Seq=413478 Ack=141 Win=65024 Len=1448 TSval=2916033525 TSecr=3045553298 [TCP segment of a reassembled PDU]"
"9529","29.444947445","192.168.1.55","192.168.1.2","TCP","1514","8004  >  49920 [ACK] Seq=414926 Ack=141 Win=65024 Len=1448 TSval=2916033525 TSecr=3045553298 [TCP segment of a reassembled PDU]"
"9530","29.444948445","192.168.1.55","192.168.1.2","TCP","1514","8004  >  49920 [PSH, ACK] Seq=416374 Ack=141 Win=65024 Len=1448 TSval=2916033525 TSecr=3045553298 [TCP segment of a reassembled PDU]"
"9531","29.445243483","192.168.1.2","192.168.1.55","TCP","66","49920  >  8004 [ACK] Seq=141 Ack=295582 Win=122880 Len=0 TSval=3045553298 TSecr=2916033516"
"9532","29.445252372","192.168.1.2","192.168.1.55","TCP","66","49920  >  8004 [ACK] Seq=141 Ack=340470 Win=100352 Len=0 TSval=3045553298 TSecr=2916033516"
"9533","29.445264205","192.168.1.55","192.168.1.2","TCP","1514","8004  >  49920 [ACK] Seq=417822 Ack=141 Win=65024 Len=1448 TSval=2916033525 TSecr=3045553298 [TCP segment of a reassembled PDU]"
"9534","29.445266075","192.168.1.55","192.168.1.2","TCP","1514","8004  >  49920 [ACK] Seq=419270 Ack=141 Win=65024 Len=1448 TSval=2916033525 TSecr=3045553298 [TCP segment of a reassembled PDU]"
"9535","29.445266927","192.168.1.55","192.168.1.2","TCP","1514","8004  >  49920 [ACK] Seq=420718 Ack=141 Win=65024 Len=1448 TSval=2916033525 TSecr=3045553298 [TCP segment of a reassembled PDU]"
"9536","29.445267798","192.168.1.55","192.168.1.2","TCP","1514","8004  >  49920 [ACK] Seq=422166 Ack=141 Win=65024 Len=1448 TSval=2916033525 TSecr=3045553298 [TCP segment of a reassembled PDU]"
"9537","29.445268816","192.168.1.55","192.168.1.2","TCP","1514","8004  >  49920 [ACK] Seq=423614 Ack=141 Win=65024 Len=1448 TSval=2916033525 TSecr=3045553298 [TCP segment of a reassembled PDU]"
"9538","29.445269798","192.168.1.55","192.168.1.2","TCP","1514","8004  >  49920 [ACK] Seq=425062 Ack=141 Win=65024 Len=1448 TSval=2916033525 TSecr=3045553298 [TCP segment of a reassembled PDU]"
"9539","29.445270742","192.168.1.55","192.168.1.2","TCP","1514","8004  >  49920 [ACK] Seq=426510 Ack=141 Win=65024 Len=1448 TSval=2916033525 TSecr=3045553298 [TCP segment of a reassembled PDU]"
"9540","29.445271631","192.168.1.55","192.168.1.2","TCP","1514","8004  >  49920 [PSH, ACK] Seq=427958 Ack=141 Win=65024 Len=1448 TSval=2916033525 TSecr=3045553298 [TCP segment of a reassembled PDU]"
"9541","29.445277057","192.168.1.55","192.168.1.2","TCP","906","8004  >  49920 [ACK] Seq=429406 Ack=141 Win=65024 Len=840 TSval=2916033525 TSecr=3045553298 [TCP segment of a reassembled PDU]"
"9542","29.445279631","192.168.1.2","192.168.1.55","TCP","66","49920  >  8004 [ACK] Seq=141 Ack=365086 Win=88064 Len=0 TSval=3045553298 TSecr=2916033516"
"9543","29.445325853","192.168.1.2","192.168.1.55","TCP","66","49920  >  8004 [ACK] Seq=141 Ack=375222 Win=119808 Len=0 TSval=3045553298 TSecr=2916033516"
"9544","29.445363909","192.168.1.55","192.168.1.2","TCP","1514","8004  >  49920 [ACK] Seq=430246 Ack=141 Win=65024 Len=1448 TSval=2916033526 TSecr=3045553298 [TCP segment of a reassembled PDU]"
"9545","29.445365298","192.168.1.55","192.168.1.2","TCP","1514","8004  >  49920 [ACK] Seq=431694 Ack=141 Win=65024 Len=1448 TSval=2916033526 TSecr=3045553298 [TCP segment of a reassembled PDU]"
"9546","29.445366483","192.168.1.55","192.168.1.2","TCP","1514","8004  >  49920 [ACK] Seq=433142 Ack=141 Win=65024 Len=1448 TSval=2916033526 TSecr=3045553298 [TCP segment of a reassembled PDU]"
"9547","29.445367483","192.168.1.55","192.168.1.2","TCP","1514","8004  >  49920 [ACK] Seq=434590 Ack=141 Win=65024 Len=1448 TSval=2916033526 TSecr=3045553298 [TCP segment of a reassembled PDU]"
"9548","29.445368464","192.168.1.55","192.168.1.2","TCP","1514","8004  >  49920 [ACK] Seq=436038 Ack=141 Win=65024 Len=1448 TSval=2916033526 TSecr=3045553298 [TCP segment of a reassembled PDU]"
"9549","29.445369668","192.168.1.55","192.168.1.2","TCP","1514","8004  >  49920 [ACK] Seq=437486 Ack=141 Win=65024 Len=1448 TSval=2916033526 TSecr=3045553298 [TCP segment of a reassembled PDU]"
"9550","29.445370520","192.168.1.55","192.168.1.2","TCP","1514","8004  >  49920 [ACK] Seq=438934 Ack=141 Win=65024 Len=1448 TSval=2916033526 TSecr=3045553298 [TCP segment of a reassembled PDU]"
"9551","29.445371538","192.168.1.55","192.168.1.2","TCP","1514","8004  >  49920 [ACK] Seq=440382 Ack=141 Win=65024 Len=1448 TSval=2916033526 TSecr=3045553298 [TCP segment of a reassembled PDU]"
"9552","29.445372575","192.168.1.55","192.168.1.2","TCP","1514","8004  >  49920 [ACK] Seq=441830 Ack=141 Win=65024 Len=1448 TSval=2916033526 TSecr=3045553298 [TCP segment of a reassembled PDU]"
"9553","29.445373742","192.168.1.55","192.168.1.2","TCP","1514","8004  >  49920 [ACK] Seq=443278 Ack=141 Win=65024 Len=1448 TSval=2916033526 TSecr=3045553298 [TCP segment of a reassembled PDU]"
"9554","29.445374742","192.168.1.55","192.168.1.2","TCP","1514","8004  >  49920 [ACK] Seq=444726 Ack=141 Win=65024 Len=1448 TSval=2916033526 TSecr=3045553298 [TCP segment of a reassembled PDU]"
"9555","29.445375779","192.168.1.55","192.168.1.2","TCP","1514","8004  >  49920 [ACK] Seq=446174 Ack=141 Win=65024 Len=1448 TSval=2916033526 TSecr=3045553298 [TCP segment of a reassembled PDU]"
"9556","29.445377409","192.168.1.55","192.168.1.2","TCP","1514","8004  >  49920 [ACK] Seq=447622 Ack=141 Win=65024 Len=1448 TSval=2916033526 TSecr=3045553298 [TCP segment of a reassembled PDU]"
"9557","29.445378316","192.168.1.55","192.168.1.2","TCP","1514","8004  >  49920 [ACK] Seq=449070 Ack=141 Win=65024 Len=1448 TSval=2916033526 TSecr=3045553298 [TCP segment of a reassembled PDU]"
"9558","29.445379427","192.168.1.55","192.168.1.2","TCP","1514","8004  >  49920 [ACK] Seq=450518 Ack=141 Win=65024 Len=1448 TSval=2916033526 TSecr=3045553298 [TCP segment of a reassembled PDU]"
"9559","29.445380520","192.168.1.55","192.168.1.2","TCP","1514","8004  >  49920 [ACK] Seq=451966 Ack=141 Win=65024 Len=1448 TSval=2916033526 TSecr=3045553298 [TCP segment of a reassembled PDU]"
"9560","29.445381501","192.168.1.55","192.168.1.2","TCP","1514","8004  >  49920 [ACK] Seq=453414 Ack=141 Win=65024 Len=1448 TSval=2916033526 TSecr=3045553298 [TCP segment of a reassembled PDU]"
"9561","29.445382409","192.168.1.55","192.168.1.2","TCP","1514","8004  >  49920 [ACK] Seq=454862 Ack=141 Win=65024 Len=1448 TSval=2916033526 TSecr=3045553298 [TCP segment of a reassembled PDU]"
"9562","29.445383427","192.168.1.55","192.168.1.2","TCP","1514","8004  >  49920 [ACK] Seq=456310 Ack=141 Win=65024 Len=1448 TSval=2916033526 TSecr=3045553298 [TCP segment of a reassembled PDU]"
"9563","29.445384316","192.168.1.55","192.168.1.2","TCP","1514","8004  >  49920 [ACK] Seq=457758 Ack=141 Win=65024 Len=1448 TSval=2916033526 TSecr=3045553298 [TCP segment of a reassembled PDU]"
"9564","29.445385427","192.168.1.55","192.168.1.2","TCP","1514","8004  >  49920 [ACK] Seq=459206 Ack=141 Win=65024 Len=1448 TSval=2916033526 TSecr=3045553298 [TCP segment of a reassembled PDU]"
"9565","29.445386372","192.168.1.55","192.168.1.2","TCP","1514","8004  >  49920 [ACK] Seq=460654 Ack=141 Win=65024 Len=1448 TSval=2916033526 TSecr=3045553298 [TCP segment of a reassembled PDU]"
"9566","29.445387279","192.168.1.55","192.168.1.2","TCP","1514","8004  >  49920 [ACK] Seq=462102 Ack=141 Win=65024 Len=1448 TSval=2916033526 TSecr=3045553298 [TCP segment of a reassembled PDU]"
"9567","29.445389001","192.168.1.55","192.168.1.2","TCP","1514","8004  >  49920 [ACK] Seq=463550 Ack=141 Win=65024 Len=1448 TSval=2916033526 TSecr=3045553298 [TCP segment of a reassembled PDU]"
"9568","29.445389890","192.168.1.55","192.168.1.2","TCP","1514","8004  >  49920 [ACK] Seq=464998 Ack=141 Win=65024 Len=1448 TSval=2916033526 TSecr=3045553298 [TCP segment of a reassembled PDU]"
"9569","29.445390853","192.168.1.55","192.168.1.2","TCP","1514","8004  >  49920 [ACK] Seq=466446 Ack=141 Win=65024 Len=1448 TSval=2916033526 TSecr=3045553298 [TCP segment of a reassembled PDU]"
"9570","29.445391909","192.168.1.55","192.168.1.2","TCP","1514","8004  >  49920 [ACK] Seq=467894 Ack=141 Win=65024 Len=1448 TSval=2916033526 TSecr=3045553298 [TCP segment of a reassembled PDU]"
"9571","29.445392798","192.168.1.55","192.168.1.2","TCP","1514","8004  >  49920 [ACK] Seq=469342 Ack=141 Win=65024 Len=1448 TSval=2916033526 TSecr=3045553298 [TCP segment of a reassembled PDU]"
"9572","29.445393964","192.168.1.55","192.168.1.2","TCP","1514","8004  >  49920 [ACK] Seq=470790 Ack=141 Win=65024 Len=1448 TSval=2916033526 TSecr=3045553298 [TCP segment of a reassembled PDU]"
"9573","29.445394835","192.168.1.55","192.168.1.2","TCP","1514","8004  >  49920 [ACK] Seq=472238 Ack=141 Win=65024 Len=1448 TSval=2916033526 TSecr=3045553298 [TCP segment of a reassembled PDU]"
"9574","29.445395835","192.168.1.55","192.168.1.2","TCP","1514","8004  >  49920 [PSH, ACK] Seq=473686 Ack=141 Win=65024 Len=1448 TSval=2916033526 TSecr=3045553298 [TCP segment of a reassembled PDU]"
"9575","29.445399538","192.168.1.2","192.168.1.55","TCP","66","49920  >  8004 [ACK] Seq=141 Ack=385358 Win=142336 Len=0 TSval=3045553299 TSecr=2916033516"
"9576","29.445427464","192.168.1.55","192.168.1.2","TCP","1514","8004  >  49920 [ACK] Seq=475134 Ack=141 Win=65024 Len=1448 TSval=2916033526 TSecr=3045553299 [TCP segment of a reassembled PDU]"
"9577","29.445429224","192.168.1.55","192.168.1.2","TCP","1514","8004  >  49920 [ACK] Seq=476582 Ack=141 Win=65024 Len=1448 TSval=2916033526 TSecr=3045553299 [TCP segment of a reassembled PDU]"
"9578","29.445430316","192.168.1.55","192.168.1.2","TCP","1514","8004  >  49920 [ACK] Seq=478030 Ack=141 Win=65024 Len=1448 TSval=2916033526 TSecr=3045553299 [TCP segment of a reassembled PDU]"
"9579","29.445431557","192.168.1.55","192.168.1.2","TCP","1514","8004  >  49920 [ACK] Seq=479478 Ack=141 Win=65024 Len=1448 TSval=2916033526 TSecr=3045553299 [TCP segment of a reassembled PDU]"
"9580","29.445432483","192.168.1.55","192.168.1.2","TCP","1514","8004  >  49920 [ACK] Seq=480926 Ack=141 Win=65024 Len=1448 TSval=2916033526 TSecr=3045553299 [TCP segment of a reassembled PDU]"
"9581","29.445433890","192.168.1.55","192.168.1.2","TCP","1514","8004  >  49920 [ACK] Seq=482374 Ack=141 Win=65024 Len=1448 TSval=2916033526 TSecr=3045553299 [TCP segment of a reassembled PDU]"
"9582","29.445435020","192.168.1.55","192.168.1.2","TCP","1514","8004  >  49920 [ACK] Seq=483822 Ack=141 Win=65024 Len=1448 TSval=2916033526 TSecr=3045553299 [TCP segment of a reassembled PDU]"
"9583","29.445436502","192.168.1.55","192.168.1.2","TCP","1514","8004  >  49920 [ACK] Seq=485270 Ack=141 Win=65024 Len=1448 TSval=2916033526 TSecr=3045553299 [TCP segment of a reassembled PDU]"
"9584","29.445437613","192.168.1.55","192.168.1.2","TCP","1514","8004  >  49920 [ACK] Seq=486718 Ack=141 Win=65024 Len=1448 TSval=2916033526 TSecr=3045553299 [TCP segment of a reassembled PDU]"
"9585","29.445438520","192.168.1.55","192.168.1.2","TCP","1514","8004  >  49920 [ACK] Seq=488166 Ack=141 Win=65024 Len=1448 TSval=2916033526 TSecr=3045553299 [TCP segment of a reassembled PDU]"
"9586","29.445439520","192.168.1.55","192.168.1.2","TCP","1514","8004  >  49920 [ACK] Seq=489614 Ack=141 Win=65024 Len=1448 TSval=2916033526 TSecr=3045553299 [TCP segment of a reassembled PDU]"
"9587","29.445440446","192.168.1.55","192.168.1.2","TCP","1514","8004  >  49920 [ACK] Seq=491062 Ack=141 Win=65024 Len=1448 TSval=2916033526 TSecr=3045553299 [TCP segment of a reassembled PDU]"
"9588","29.445441483","192.168.1.55","192.168.1.2","TCP","1514","8004  >  49920 [ACK] Seq=492510 Ack=141 Win=65024 Len=1448 TSval=2916033526 TSecr=3045553299 [TCP segment of a reassembled PDU]"
"9589","29.445442427","192.168.1.55","192.168.1.2","TCP","1514","8004  >  49920 [ACK] Seq=493958 Ack=141 Win=65024 Len=1448 TSval=2916033526 TSecr=3045553299 [TCP segment of a reassembled PDU]"
"9590","29.445443390","192.168.1.55","192.168.1.2","TCP","1514","8004  >  49920 [ACK] Seq=495406 Ack=141 Win=65024 Len=1448 TSval=2916033526 TSecr=3045553299 [TCP segment of a reassembled PDU]"
"9591","29.445444353","192.168.1.55","192.168.1.2","TCP","1514","8004  >  49920 [PSH, ACK] Seq=496854 Ack=141 Win=65024 Len=1448 TSval=2916033526 TSecr=3045553299 [TCP segment of a reassembled PDU]"
"9592","29.445447964","192.168.1.55","192.168.1.2","HTTP","1472","HTTP/1.0 200 OK  (PNG)"
"9593","29.450733010","192.168.1.2","192.168.1.55","TCP","66","49920  >  8004 [ACK] Seq=141 Ack=410582 Win=128000 Len=0 TSval=3045553302 TSecr=2916033523"
"9594","29.450893436","192.168.1.2","192.168.1.55","TCP","66","49920  >  8004 [ACK] Seq=141 Ack=417822 Win=145408 Len=0 TSval=3045553306 TSecr=2916033525"
"9595","29.450913195","192.168.1.2","192.168.1.55","TCP","66","49920  >  8004 [ACK] Seq=141 Ack=429406 Win=167936 Len=0 TSval=3045553306 TSecr=2916033525"
"9596","29.451207233","192.168.1.2","192.168.1.55","TCP","66","49920  >  8004 [ACK] Seq=141 Ack=430246 Win=171008 Len=0 TSval=3045553306 TSecr=2916033525"
"9597","29.451313659","192.168.1.2","192.168.1.55","TCP","66","49920  >  8004 [ACK] Seq=141 Ack=475134 Win=250880 Len=0 TSval=3045553306 TSecr=2916033526"
"9598","29.451321955","192.168.1.2","192.168.1.55","TCP","66","49920  >  8004 [ACK] Seq=141 Ack=495406 Win=250880 Len=0 TSval=3045553306 TSecr=2916033526"
"9599","29.452326105","192.168.1.2","192.168.1.55","TCP","66","49920  >  8004 [ACK] Seq=141 Ack=496854 Win=253952 Len=0 TSval=3045553308 TSecr=2916033526"
"9600","29.452670179","192.168.1.2","192.168.1.55","TCP","66","49920  >  8004 [ACK] Seq=141 Ack=498302 Win=257024 Len=0 TSval=3045553308 TSecr=2916033526"
"9601","29.454557942","192.168.1.2","192.168.1.55","TCP","66","49920  >  8004 [FIN, ACK] Seq=141 Ack=499709 Win=260096 Len=0 TSval=3045553309 TSecr=2916033526"
"9602","29.454628738","192.168.1.55","192.168.1.2","TCP","66","8004  >  49920 [ACK] Seq=499709 Ack=142 Win=65024 Len=0 TSval=2916033535 TSecr=3045553309"
"9603","29.454672886","192.168.1.2","192.168.1.55","TCP","74","49934  >  8004 [SYN] Seq=0 Win=64240 Len=0 MSS=1460 SACK_PERM TSval=3045553309 TSecr=0 WS=1024"
"9604","29.454708035","192.168.1.55","192.168.1.2","TCP","74","8004  >  49934 [SYN, ACK] Seq=0 Ack=1 Win=65160 Len=0 MSS=1460 SACK_PERM TSval=2916033535 TSecr=3045553309 WS=128"
"9605","29.457951354","192.168.1.2","192.168.1.55","TCP","66","49934  >  8004 [ACK] Seq=1 Ack=1 Win=64512 Len=0 TSval=3045553312 TSecr=2916033535"
"9606","29.458061466","192.168.1.2","192.168.1.55","HTTP","209","GET /original_benchmark.png HTTP/1.1 "
"9607","29.458075706","192.168.1.55","192.168.1.2","TCP","66","8004  >  49934 [ACK] Seq=1 Ack=144 Win=65024 Len=0 TSval=2916033538 TSecr=3045553313"
"9608","29.459746209","192.168.1.55","192.168.1.2","TCP","255","8004  >  49934 [PSH, ACK] Seq=1 Ack=144 Win=65024 Len=189 TSval=2916033540 TSecr=3045553313 [TCP segment of a reassembled PDU]"
"9609","29.459917820","192.168.1.55","192.168.1.2","TCP","1514","8004  >  49934 [ACK] Seq=190 Ack=144 Win=65024 Len=1448 TSval=2916033540 TSecr=3045553313 [TCP segment of a reassembled PDU]"
"9610","29.459923783","192.168.1.55","192.168.1.2","TCP","1514","8004  >  49934 [ACK] Seq=1638 Ack=144 Win=65024 Len=1448 TSval=2916033540 TSecr=3045553313 [TCP segment of a reassembled PDU]"
"9611","29.459925413","192.168.1.55","192.168.1.2","TCP","1514","8004  >  49934 [ACK] Seq=3086 Ack=144 Win=65024 Len=1448 TSval=2916033540 TSecr=3045553313 [TCP segment of a reassembled PDU]"
"9612","29.459926895","192.168.1.55","192.168.1.2","TCP","1514","8004  >  49934 [ACK] Seq=4534 Ack=144 Win=65024 Len=1448 TSval=2916033540 TSecr=3045553313 [TCP segment of a reassembled PDU]"
"9613","29.459928357","192.168.1.55","192.168.1.2","TCP","1514","8004  >  49934 [PSH, ACK] Seq=5982 Ack=144 Win=65024 Len=1448 TSval=2916033540 TSecr=3045553313 [TCP segment of a reassembled PDU]"
"9614","29.459953209","192.168.1.55","192.168.1.2","TCP","1514","8004  >  49934 [ACK] Seq=7430 Ack=144 Win=65024 Len=1448 TSval=2916033540 TSecr=3045553313 [TCP segment of a reassembled PDU]"
"9615","29.459956820","192.168.1.55","192.168.1.2","TCP","1514","8004  >  49934 [ACK] Seq=8878 Ack=144 Win=65024 Len=1448 TSval=2916033540 TSecr=3045553313 [TCP segment of a reassembled PDU]"
"9616","29.459958283","192.168.1.55","192.168.1.2","TCP","1514","8004  >  49934 [ACK] Seq=10326 Ack=144 Win=65024 Len=1448 TSval=2916033540 TSecr=3045553313 [TCP segment of a reassembled PDU]"
"9617","29.459959746","192.168.1.55","192.168.1.2","TCP","1514","8004  >  49934 [PSH, ACK] Seq=11774 Ack=144 Win=65024 Len=1448 TSval=2916033540 TSecr=3045553313 [TCP segment of a reassembled PDU]"
"9618","29.464063031","192.168.1.2","192.168.1.55","TCP","66","49934  >  8004 [ACK] Seq=144 Ack=190 Win=64512 Len=0 TSval=3045553318 TSecr=2916033540"
"9619","29.464186938","192.168.1.55","192.168.1.2","TCP","1514","8004  >  49934 [ACK] Seq=13222 Ack=144 Win=65024 Len=1448 TSval=2916033544 TSecr=3045553318 [TCP segment of a reassembled PDU]"
"9620","29.464204697","192.168.1.55","192.168.1.2","TCP","1514","8004  >  49934 [PSH, ACK] Seq=14670 Ack=144 Win=65024 Len=1448 TSval=2916033544 TSecr=3045553318 [TCP segment of a reassembled PDU]"
"9621","29.464360550","192.168.1.2","192.168.1.55","TCP","66","49934  >  8004 [ACK] Seq=144 Ack=7430 Win=79872 Len=0 TSval=3045553318 TSecr=2916033540"
"9622","29.464468439","192.168.1.55","192.168.1.2","TCP","1514","8004  >  49934 [ACK] Seq=16118 Ack=144 Win=65024 Len=1448 TSval=2916033545 TSecr=3045553318 [TCP segment of a reassembled PDU]"
"9623","29.464478309","192.168.1.55","192.168.1.2","TCP","1514","8004  >  49934 [ACK] Seq=17566 Ack=144 Win=65024 Len=1448 TSval=2916033545 TSecr=3045553318 [TCP segment of a reassembled PDU]"
"9624","29.464480383","192.168.1.55","192.168.1.2","TCP","1514","8004  >  49934 [ACK] Seq=19014 Ack=144 Win=65024 Len=1448 TSval=2916033545 TSecr=3045553318 [TCP segment of a reassembled PDU]"
"9625","29.464483605","192.168.1.55","192.168.1.2","TCP","1514","8004  >  49934 [ACK] Seq=20462 Ack=144 Win=65024 Len=1448 TSval=2916033545 TSecr=3045553318 [TCP segment of a reassembled PDU]"
"9626","29.464485050","192.168.1.55","192.168.1.2","TCP","1514","8004  >  49934 [ACK] Seq=21910 Ack=144 Win=65024 Len=1448 TSval=2916033545 TSecr=3045553318 [TCP segment of a reassembled PDU]"
"9627","29.464487142","192.168.1.55","192.168.1.2","TCP","1514","8004  >  49934 [ACK] Seq=23358 Ack=144 Win=65024 Len=1448 TSval=2916033545 TSecr=3045553318 [TCP segment of a reassembled PDU]"
"9628","29.464490476","192.168.1.55","192.168.1.2","TCP","1514","8004  >  49934 [ACK] Seq=24806 Ack=144 Win=65024 Len=1448 TSval=2916033545 TSecr=3045553318 [TCP segment of a reassembled PDU]"
"9629","29.464491902","192.168.1.55","192.168.1.2","TCP","1514","8004  >  49934 [PSH, ACK] Seq=26254 Ack=144 Win=65024 Len=1448 TSval=2916033545 TSecr=3045553318 [TCP segment of a reassembled PDU]"
"9630","29.464507513","192.168.1.2","192.168.1.55","TCP","66","49934  >  8004 [ACK] Seq=144 Ack=13222 Win=81920 Len=0 TSval=3045553318 TSecr=2916033540"
"9631","29.464589568","192.168.1.55","192.168.1.2","TCP","1514","8004  >  49934 [ACK] Seq=27702 Ack=144 Win=65024 Len=1448 TSval=2916033545 TSecr=3045553318 [TCP segment of a reassembled PDU]"
"9632","29.464600180","192.168.1.55","192.168.1.2","TCP","1514","8004  >  49934 [ACK] Seq=29150 Ack=144 Win=65024 Len=1448 TSval=2916033545 TSecr=3045553318 [TCP segment of a reassembled PDU]"
"9633","29.464602494","192.168.1.55","192.168.1.2","TCP","1514","8004  >  49934 [ACK] Seq=30598 Ack=144 Win=65024 Len=1448 TSval=2916033545 TSecr=3045553318 [TCP segment of a reassembled PDU]"
"9634","29.464604124","192.168.1.55","192.168.1.2","TCP","1514","8004  >  49934 [ACK] Seq=32046 Ack=144 Win=65024 Len=1448 TSval=2916033545 TSecr=3045553318 [TCP segment of a reassembled PDU]"
"9635","29.464606217","192.168.1.55","192.168.1.2","TCP","1514","8004  >  49934 [ACK] Seq=33494 Ack=144 Win=65024 Len=1448 TSval=2916033545 TSecr=3045553318 [TCP segment of a reassembled PDU]"
"9636","29.464608476","192.168.1.55","192.168.1.2","TCP","1514","8004  >  49934 [ACK] Seq=34942 Ack=144 Win=65024 Len=1448 TSval=2916033545 TSecr=3045553318 [TCP segment of a reassembled PDU]"
"9637","29.464610939","192.168.1.55","192.168.1.2","TCP","1514","8004  >  49934 [ACK] Seq=36390 Ack=144 Win=65024 Len=1448 TSval=2916033545 TSecr=3045553318 [TCP segment of a reassembled PDU]"
"9638","29.464613143","192.168.1.55","192.168.1.2","TCP","1514","8004  >  49934 [ACK] Seq=37838 Ack=144 Win=65024 Len=1448 TSval=2916033545 TSecr=3045553318 [TCP segment of a reassembled PDU]"
"9639","29.464615772","192.168.1.55","192.168.1.2","TCP","1514","8004  >  49934 [ACK] Seq=39286 Ack=144 Win=65024 Len=1448 TSval=2916033545 TSecr=3045553318 [TCP segment of a reassembled PDU]"
"9640","29.464618124","192.168.1.55","192.168.1.2","TCP","1514","8004  >  49934 [PSH, ACK] Seq=40734 Ack=144 Win=65024 Len=1448 TSval=2916033545 TSecr=3045553318 [TCP segment of a reassembled PDU]"
"9641","29.469173779","192.168.1.2","192.168.1.55","TCP","66","49934  >  8004 [ACK] Seq=144 Ack=16118 Win=88064 Len=0 TSval=3045553323 TSecr=2916033544"
"9642","29.469211465","192.168.1.55","192.168.1.2","TCP","1514","8004  >  49934 [ACK] Seq=42182 Ack=144 Win=65024 Len=1448 TSval=2916033549 TSecr=3045553323 [TCP segment of a reassembled PDU]"
"9643","29.469216816","192.168.1.55","192.168.1.2","TCP","1514","8004  >  49934 [PSH, ACK] Seq=43630 Ack=144 Win=65024 Len=1448 TSval=2916033549 TSecr=3045553323 [TCP segment of a reassembled PDU]"
"9644","29.469314354","192.168.1.2","192.168.1.55","TCP","66","49934  >  8004 [ACK] Seq=144 Ack=27702 Win=82944 Len=0 TSval=3045553323 TSecr=2916033545"
"9645","29.469352280","192.168.1.55","192.168.1.2","TCP","1514","8004  >  49934 [ACK] Seq=45078 Ack=144 Win=65024 Len=1448 TSval=2916033550 TSecr=3045553323 [TCP segment of a reassembled PDU]"
"9646","29.469355780","192.168.1.55","192.168.1.2","TCP","1514","8004  >  49934 [ACK] Seq=46526 Ack=144 Win=65024 Len=1448 TSval=2916033550 TSecr=3045553323 [TCP segment of a reassembled PDU]"
"9647","29.469357039","192.168.1.55","192.168.1.2","TCP","1514","8004  >  49934 [ACK] Seq=47974 Ack=144 Win=65024 Len=1448 TSval=2916033550 TSecr=3045553323 [TCP segment of a reassembled PDU]"
"9648","29.469358539","192.168.1.55","192.168.1.2","TCP","1514","8004  >  49934 [ACK] Seq=49422 Ack=144 Win=65024 Len=1448 TSval=2916033550 TSecr=3045553323 [TCP segment of a reassembled PDU]"
"9649","29.469360317","192.168.1.55","192.168.1.2","TCP","1514","8004  >  49934 [ACK] Seq=50870 Ack=144 Win=65024 Len=1448 TSval=2916033550 TSecr=3045553323 [TCP segment of a reassembled PDU]"
"9650","29.469362520","192.168.1.55","192.168.1.2","TCP","1514","8004  >  49934 [ACK] Seq=52318 Ack=144 Win=65024 Len=1448 TSval=2916033550 TSecr=3045553323 [TCP segment of a reassembled PDU]"
"9651","29.469364669","192.168.1.55","192.168.1.2","TCP","1514","8004  >  49934 [ACK] Seq=53766 Ack=144 Win=65024 Len=1448 TSval=2916033550 TSecr=3045553323 [TCP segment of a reassembled PDU]"
"9652","29.469367020","192.168.1.55","192.168.1.2","TCP","1514","8004  >  49934 [ACK] Seq=55214 Ack=144 Win=65024 Len=1448 TSval=2916033550 TSecr=3045553323 [TCP segment of a reassembled PDU]"
"9653","29.469368928","192.168.1.55","192.168.1.2","TCP","1514","8004  >  49934 [ACK] Seq=56662 Ack=144 Win=65024 Len=1448 TSval=2916033550 TSecr=3045553323 [TCP segment of a reassembled PDU]"
"9654","29.469370743","192.168.1.55","192.168.1.2","TCP","1514","8004  >  49934 [ACK] Seq=58110 Ack=144 Win=65024 Len=1448 TSval=2916033550 TSecr=3045553323 [TCP segment of a reassembled PDU]"
"9655","29.469372039","192.168.1.55","192.168.1.2","TCP","1514","8004  >  49934 [ACK] Seq=59558 Ack=144 Win=65024 Len=1448 TSval=2916033550 TSecr=3045553323 [TCP segment of a reassembled PDU]"
"9656","29.469373391","192.168.1.55","192.168.1.2","TCP","1514","8004  >  49934 [ACK] Seq=61006 Ack=144 Win=65024 Len=1448 TSval=2916033550 TSecr=3045553323 [TCP segment of a reassembled PDU]"
"9657","29.469375280","192.168.1.55","192.168.1.2","TCP","1514","8004  >  49934 [ACK] Seq=62454 Ack=144 Win=65024 Len=1448 TSval=2916033550 TSecr=3045553323 [TCP segment of a reassembled PDU]"
"9658","29.469377835","192.168.1.55","192.168.1.2","TCP","1514","8004  >  49934 [ACK] Seq=63902 Ack=144 Win=65024 Len=1448 TSval=2916033550 TSecr=3045553323 [TCP segment of a reassembled PDU]"
"9659","29.469380039","192.168.1.55","192.168.1.2","TCP","1514","8004  >  49934 [PSH, ACK] Seq=65350 Ack=144 Win=65024 Len=1448 TSval=2916033550 TSecr=3045553323 [TCP segment of a reassembled PDU]"
"9660","29.469391706","192.168.1.2","192.168.1.55","TCP","66","49934  >  8004 [ACK] Seq=144 Ack=36390 Win=74752 Len=0 TSval=3045553324 TSecr=2916033545"
"9661","29.469426057","192.168.1.55","192.168.1.2","TCP","1514","8004  >  49934 [ACK] Seq=66798 Ack=144 Win=65024 Len=1448 TSval=2916033550 TSecr=3045553324 [TCP segment of a reassembled PDU]"
"9662","29.469429261","192.168.1.55","192.168.1.2","TCP","1514","8004  >  49934 [ACK] Seq=68246 Ack=144 Win=65024 Len=1448 TSval=2916033550 TSecr=3045553324 [TCP segment of a reassembled PDU]"
"9663","29.469430372","192.168.1.55","192.168.1.2","TCP","1514","8004  >  49934 [ACK] Seq=69694 Ack=144 Win=65024 Len=1448 TSval=2916033550 TSecr=3045553324 [TCP segment of a reassembled PDU]"
"9664","29.469431817","192.168.1.55","192.168.1.2","TCP","1514","8004  >  49934 [ACK] Seq=71142 Ack=144 Win=65024 Len=1448 TSval=2916033550 TSecr=3045553324 [TCP segment of a reassembled PDU]"
"9665","29.469433354","192.168.1.55","192.168.1.2","TCP","1514","8004  >  49934 [ACK] Seq=72590 Ack=144 Win=65024 Len=1448 TSval=2916033550 TSecr=3045553324 [TCP segment of a reassembled PDU]"
"9666","29.469434872","192.168.1.55","192.168.1.2","TCP","1514","8004  >  49934 [ACK] Seq=74038 Ack=144 Win=65024 Len=1448 TSval=2916033550 TSecr=3045553324 [TCP segment of a reassembled PDU]"
"9667","29.469436780","192.168.1.55","192.168.1.2","TCP","1514","8004  >  49934 [PSH, ACK] Seq=75486 Ack=144 Win=65024 Len=1448 TSval=2916033550 TSecr=3045553324 [TCP segment of a reassembled PDU]"
"9668","29.469440669","192.168.1.2","192.168.1.55","TCP","66","49934  >  8004 [ACK] Seq=144 Ack=39286 Win=93184 Len=0 TSval=3045553324 TSecr=2916033545"
"9669","29.469446632","192.168.1.2","192.168.1.55","TCP","66","49934  >  8004 [ACK] Seq=144 Ack=42182 Win=94208 Len=0 TSval=3045553324 TSecr=2916033545"
"9670","29.469553021","192.168.1.55","192.168.1.2","TCP","1514","8004  >  49934 [ACK] Seq=76934 Ack=144 Win=65024 Len=1448 TSval=2916033550 TSecr=3045553324 [TCP segment of a reassembled PDU]"
"9671","29.469561928","192.168.1.55","192.168.1.2","TCP","1514","8004  >  49934 [ACK] Seq=78382 Ack=144 Win=65024 Len=1448 TSval=2916033550 TSecr=3045553324 [TCP segment of a reassembled PDU]"
"9672","29.469563947","192.168.1.55","192.168.1.2","TCP","1514","8004  >  49934 [ACK] Seq=79830 Ack=144 Win=65024 Len=1448 TSval=2916033550 TSecr=3045553324 [TCP segment of a reassembled PDU]"
"9673","29.469565410","192.168.1.55","192.168.1.2","TCP","1514","8004  >  49934 [ACK] Seq=81278 Ack=144 Win=65024 Len=1448 TSval=2916033550 TSecr=3045553324 [TCP segment of a reassembled PDU]"
"9674","29.469567039","192.168.1.55","192.168.1.2","TCP","1514","8004  >  49934 [ACK] Seq=82726 Ack=144 Win=65024 Len=1448 TSval=2916033550 TSecr=3045553324 [TCP segment of a reassembled PDU]"
"9675","29.469568521","192.168.1.55","192.168.1.2","TCP","1514","8004  >  49934 [ACK] Seq=84174 Ack=144 Win=65024 Len=1448 TSval=2916033550 TSecr=3045553324 [TCP segment of a reassembled PDU]"
"9676","29.469570224","192.168.1.55","192.168.1.2","TCP","1514","8004  >  49934 [ACK] Seq=85622 Ack=144 Win=65024 Len=1448 TSval=2916033550 TSecr=3045553324 [TCP segment of a reassembled PDU]"
"9677","29.469571539","192.168.1.55","192.168.1.2","TCP","1514","8004  >  49934 [ACK] Seq=87070 Ack=144 Win=65024 Len=1448 TSval=2916033550 TSecr=3045553324 [TCP segment of a reassembled PDU]"
"9678","29.469573558","192.168.1.55","192.168.1.2","TCP","1514","8004  >  49934 [ACK] Seq=88518 Ack=144 Win=65024 Len=1448 TSval=2916033550 TSecr=3045553324 [TCP segment of a reassembled PDU]"
"9679","29.469575539","192.168.1.55","192.168.1.2","TCP","1514","8004  >  49934 [ACK] Seq=89966 Ack=144 Win=65024 Len=1448 TSval=2916033550 TSecr=3045553324 [TCP segment of a reassembled PDU]"
"9680","29.469576873","192.168.1.55","192.168.1.2","TCP","1514","8004  >  49934 [ACK] Seq=91414 Ack=144 Win=65024 Len=1448 TSval=2916033550 TSecr=3045553324 [TCP segment of a reassembled PDU]"
"9681","29.469578428","192.168.1.55","192.168.1.2","TCP","1514","8004  >  49934 [ACK] Seq=92862 Ack=144 Win=65024 Len=1448 TSval=2916033550 TSecr=3045553324 [TCP segment of a reassembled PDU]"
"9682","29.469580354","192.168.1.55","192.168.1.2","TCP","1514","8004  >  49934 [ACK] Seq=94310 Ack=144 Win=65024 Len=1448 TSval=2916033550 TSecr=3045553324 [TCP segment of a reassembled PDU]"
"9683","29.469581650","192.168.1.55","192.168.1.2","TCP","1514","8004  >  49934 [ACK] Seq=95758 Ack=144 Win=65024 Len=1448 TSval=2916033550 TSecr=3045553324 [TCP segment of a reassembled PDU]"
"9684","29.469582854","192.168.1.55","192.168.1.2","TCP","1514","8004  >  49934 [ACK] Seq=97206 Ack=144 Win=65024 Len=1448 TSval=2916033550 TSecr=3045553324 [TCP segment of a reassembled PDU]"
"9685","29.469584669","192.168.1.55","192.168.1.2","TCP","1514","8004  >  49934 [PSH, ACK] Seq=98654 Ack=144 Win=65024 Len=1448 TSval=2916033550 TSecr=3045553324 [TCP segment of a reassembled PDU]"
"9686","29.474663399","192.168.1.2","192.168.1.55","TCP","66","49934  >  8004 [ACK] Seq=144 Ack=45078 Win=92160 Len=0 TSval=3045553329 TSecr=2916033549"
"9687","29.474696251","192.168.1.55","192.168.1.2","TCP","1514","8004  >  49934 [ACK] Seq=100102 Ack=144 Win=65024 Len=1448 TSval=2916033555 TSecr=3045553329 [TCP segment of a reassembled PDU]"
"9688","29.474699640","192.168.1.55","192.168.1.2","TCP","1514","8004  >  49934 [ACK] Seq=101550 Ack=144 Win=65024 Len=1448 TSval=2916033555 TSecr=3045553329 [TCP segment of a reassembled PDU]"
"9689","29.474700936","192.168.1.55","192.168.1.2","TCP","1514","8004  >  49934 [ACK] Seq=102998 Ack=144 Win=65024 Len=1448 TSval=2916033555 TSecr=3045553329 [TCP segment of a reassembled PDU]"
"9690","29.474702140","192.168.1.55","192.168.1.2","TCP","1514","8004  >  49934 [PSH, ACK] Seq=104446 Ack=144 Win=65024 Len=1448 TSval=2916033555 TSecr=3045553329 [TCP segment of a reassembled PDU]"
"9691","29.474970177","192.168.1.2","192.168.1.55","TCP","66","49934  >  8004 [ACK] Seq=144 Ack=55214 Win=87040 Len=0 TSval=3045553329 TSecr=2916033550"
"9692","29.474987437","192.168.1.55","192.168.1.2","TCP","1514","8004  >  49934 [ACK] Seq=105894 Ack=144 Win=65024 Len=1448 TSval=2916033555 TSecr=3045553329 [TCP segment of a reassembled PDU]"
"9693","29.474989029","192.168.1.55","192.168.1.2","TCP","1514","8004  >  49934 [ACK] Seq=107342 Ack=144 Win=65024 Len=1448 TSval=2916033555 TSecr=3045553329 [TCP segment of a reassembled PDU]"
"9694","29.474990307","192.168.1.55","192.168.1.2","TCP","1514","8004  >  49934 [ACK] Seq=108790 Ack=144 Win=65024 Len=1448 TSval=2916033555 TSecr=3045553329 [TCP segment of a reassembled PDU]"
"9695","29.474991400","192.168.1.55","192.168.1.2","TCP","1514","8004  >  49934 [ACK] Seq=110238 Ack=144 Win=65024 Len=1448 TSval=2916033555 TSecr=3045553329 [TCP segment of a reassembled PDU]"
"9696","29.474992585","192.168.1.55","192.168.1.2","TCP","1514","8004  >  49934 [ACK] Seq=111686 Ack=144 Win=65024 Len=1448 TSval=2916033555 TSecr=3045553329 [TCP segment of a reassembled PDU]"
"9697","29.474993696","192.168.1.55","192.168.1.2","TCP","1514","8004  >  49934 [ACK] Seq=113134 Ack=144 Win=65024 Len=1448 TSval=2916033555 TSecr=3045553329 [TCP segment of a reassembled PDU]"
"9698","29.474994900","192.168.1.55","192.168.1.2","TCP","1514","8004  >  49934 [ACK] Seq=114582 Ack=144 Win=65024 Len=1448 TSval=2916033555 TSecr=3045553329 [TCP segment of a reassembled PDU]"
"9699","29.474996029","192.168.1.55","192.168.1.2","TCP","1514","8004  >  49934 [ACK] Seq=116030 Ack=144 Win=65024 Len=1448 TSval=2916033555 TSecr=3045553329 [TCP segment of a reassembled PDU]"
"9700","29.474997103","192.168.1.55","192.168.1.2","TCP","1514","8004  >  49934 [ACK] Seq=117478 Ack=144 Win=65024 Len=1448 TSval=2916033555 TSecr=3045553329 [TCP segment of a reassembled PDU]"
"9701","29.474998307","192.168.1.55","192.168.1.2","TCP","1514","8004  >  49934 [PSH, ACK] Seq=118926 Ack=144 Win=65024 Len=1448 TSval=2916033555 TSecr=3045553329 [TCP segment of a reassembled PDU]"
"9702","29.475003918","192.168.1.2","192.168.1.55","TCP","66","49934  >  8004 [ACK] Seq=144 Ack=66798 Win=75776 Len=0 TSval=3045553329 TSecr=2916033550"
"9703","29.475011844","192.168.1.2","192.168.1.55","TCP","66","49934  >  8004 [ACK] Seq=144 Ack=76934 Win=87040 Len=0 TSval=3045553329 TSecr=2916033550"
"9704","29.475014955","192.168.1.2","192.168.1.55","TCP","66","49934  >  8004 [ACK] Seq=144 Ack=100102 Win=64512 Len=0 TSval=3045553329 TSecr=2916033550"
"9705","29.475069381","192.168.1.55","192.168.1.2","TCP","1514","8004  >  49934 [ACK] Seq=120374 Ack=144 Win=65024 Len=1448 TSval=2916033555 TSecr=3045553329 [TCP segment of a reassembled PDU]"
"9706","29.475073677","192.168.1.55","192.168.1.2","TCP","1514","8004  >  49934 [ACK] Seq=121822 Ack=144 Win=65024 Len=1448 TSval=2916033555 TSecr=3045553329 [TCP segment of a reassembled PDU]"
"9707","29.475074937","192.168.1.55","192.168.1.2","TCP","1514","8004  >  49934 [ACK] Seq=123270 Ack=144 Win=65024 Len=1448 TSval=2916033555 TSecr=3045553329 [TCP segment of a reassembled PDU]"
"9708","29.475076085","192.168.1.55","192.168.1.2","TCP","1514","8004  >  49934 [ACK] Seq=124718 Ack=144 Win=65024 Len=1448 TSval=2916033555 TSecr=3045553329 [TCP segment of a reassembled PDU]"
"9709","29.475077289","192.168.1.55","192.168.1.2","TCP","1514","8004  >  49934 [ACK] Seq=126166 Ack=144 Win=65024 Len=1448 TSval=2916033555 TSecr=3045553329 [TCP segment of a reassembled PDU]"
"9710","29.475078511","192.168.1.55","192.168.1.2","TCP","1514","8004  >  49934 [ACK] Seq=127614 Ack=144 Win=65024 Len=1448 TSval=2916033555 TSecr=3045553329 [TCP segment of a reassembled PDU]"
"9711","29.475079733","192.168.1.55","192.168.1.2","TCP","1514","8004  >  49934 [ACK] Seq=129062 Ack=144 Win=65024 Len=1448 TSval=2916033555 TSecr=3045553329 [TCP segment of a reassembled PDU]"
"9712","29.475080992","192.168.1.55","192.168.1.2","TCP","1514","8004  >  49934 [ACK] Seq=130510 Ack=144 Win=65024 Len=1448 TSval=2916033555 TSecr=3045553329 [TCP segment of a reassembled PDU]"
"9713","29.475082289","192.168.1.55","192.168.1.2","TCP","1514","8004  >  49934 [ACK] Seq=131958 Ack=144 Win=65024 Len=1448 TSval=2916033555 TSecr=3045553329 [TCP segment of a reassembled PDU]"
"9714","29.475083770","192.168.1.55","192.168.1.2","TCP","1514","8004  >  49934 [ACK] Seq=133406 Ack=144 Win=65024 Len=1448 TSval=2916033555 TSecr=3045553329 [TCP segment of a reassembled PDU]"
"9715","29.475085048","192.168.1.55","192.168.1.2","TCP","1514","8004  >  49934 [ACK] Seq=134854 Ack=144 Win=65024 Len=1448 TSval=2916033555 TSecr=3045553329 [TCP segment of a reassembled PDU]"
"9716","29.475086381","192.168.1.55","192.168.1.2","TCP","1514","8004  >  49934 [ACK] Seq=136302 Ack=144 Win=65024 Len=1448 TSval=2916033555 TSecr=3045553329 [TCP segment of a reassembled PDU]"
"9717","29.475093122","192.168.1.55","192.168.1.2","TCP","1514","8004  >  49934 [ACK] Seq=137750 Ack=144 Win=65024 Len=1448 TSval=2916033555 TSecr=3045553329 [TCP segment of a reassembled PDU]"
"9718","29.475094492","192.168.1.55","192.168.1.2","TCP","1514","8004  >  49934 [ACK] Seq=139198 Ack=144 Win=65024 Len=1448 TSval=2916033555 TSecr=3045553329 [TCP segment of a reassembled PDU]"
"9719","29.475095918","192.168.1.55","192.168.1.2","TCP","1514","8004  >  49934 [ACK] Seq=140646 Ack=144 Win=65024 Len=1448 TSval=2916033555 TSecr=3045553329 [TCP segment of a reassembled PDU]"
"9720","29.475097177","192.168.1.55","192.168.1.2","TCP","1514","8004  >  49934 [ACK] Seq=142094 Ack=144 Win=65024 Len=1448 TSval=2916033555 TSecr=3045553329 [TCP segment of a reassembled PDU]"
"9721","29.475098344","192.168.1.55","192.168.1.2","TCP","1514","8004  >  49934 [ACK] Seq=143542 Ack=144 Win=65024 Len=1448 TSval=2916033555 TSecr=3045553329 [TCP segment of a reassembled PDU]"
"9722","29.475099900","192.168.1.55","192.168.1.2","TCP","1514","8004  >  49934 [ACK] Seq=144990 Ack=144 Win=65024 Len=1448 TSval=2916033555 TSecr=3045553329 [TCP segment of a reassembled PDU]"
"9723","29.475100992","192.168.1.55","192.168.1.2","TCP","1514","8004  >  49934 [ACK] Seq=146438 Ack=144 Win=65024 Len=1448 TSval=2916033555 TSecr=3045553329 [TCP segment of a reassembled PDU]"
"9724","29.475102196","192.168.1.55","192.168.1.2","TCP","1514","8004  >  49934 [ACK] Seq=147886 Ack=144 Win=65024 Len=1448 TSval=2916033555 TSecr=3045553329 [TCP segment of a reassembled PDU]"
"9725","29.475103585","192.168.1.55","192.168.1.2","TCP","1514","8004  >  49934 [ACK] Seq=149334 Ack=144 Win=65024 Len=1448 TSval=2916033555 TSecr=3045553329 [TCP segment of a reassembled PDU]"
"9726","29.475104733","192.168.1.55","192.168.1.2","TCP","1514","8004  >  49934 [ACK] Seq=150782 Ack=144 Win=65024 Len=1448 TSval=2916033555 TSecr=3045553329 [TCP segment of a reassembled PDU]"
"9727","29.475106196","192.168.1.55","192.168.1.2","TCP","1514","8004  >  49934 [ACK] Seq=152230 Ack=144 Win=65024 Len=1448 TSval=2916033555 TSecr=3045553329 [TCP segment of a reassembled PDU]"
"9728","29.475107677","192.168.1.55","192.168.1.2","TCP","1514","8004  >  49934 [ACK] Seq=153678 Ack=144 Win=65024 Len=1448 TSval=2916033555 TSecr=3045553329 [TCP segment of a reassembled PDU]"
"9729","29.475109085","192.168.1.55","192.168.1.2","TCP","1514","8004  >  49934 [ACK] Seq=155126 Ack=144 Win=65024 Len=1448 TSval=2916033555 TSecr=3045553329 [TCP segment of a reassembled PDU]"
"9730","29.475110974","192.168.1.55","192.168.1.2","TCP","1514","8004  >  49934 [ACK] Seq=156574 Ack=144 Win=65024 Len=1448 TSval=2916033555 TSecr=3045553329 [TCP segment of a reassembled PDU]"
"9731","29.475112381","192.168.1.55","192.168.1.2","TCP","1514","8004  >  49934 [ACK] Seq=158022 Ack=144 Win=65024 Len=1448 TSval=2916033555 TSecr=3045553329 [TCP segment of a reassembled PDU]"
"9732","29.475113900","192.168.1.55","192.168.1.2","TCP","1514","8004  >  49934 [ACK] Seq=159470 Ack=144 Win=65024 Len=1448 TSval=2916033555 TSecr=3045553329 [TCP segment of a reassembled PDU]"
"9733","29.475115159","192.168.1.55","192.168.1.2","TCP","1514","8004  >  49934 [ACK] Seq=160918 Ack=144 Win=65024 Len=1448 TSval=2916033555 TSecr=3045553329 [TCP segment of a reassembled PDU]"
"9734","29.475116659","192.168.1.55","192.168.1.2","TCP","1514","8004  >  49934 [PSH, ACK] Seq=162366 Ack=144 Win=65024 Len=1448 TSval=2916033555 TSecr=3045553329 [TCP segment of a reassembled PDU]"
"9735","29.479840518","192.168.1.2","192.168.1.55","TCP","66","49934  >  8004 [ACK] Seq=144 Ack=101550 Win=93184 Len=0 TSval=3045553332 TSecr=2916033555"
"9736","29.479876074","192.168.1.55","192.168.1.2","TCP","1514","8004  >  49934 [ACK] Seq=163814 Ack=144 Win=65024 Len=1448 TSval=2916033560 TSecr=3045553332 [TCP segment of a reassembled PDU]"
"9737","29.479878963","192.168.1.55","192.168.1.2","TCP","1514","8004  >  49934 [ACK] Seq=165262 Ack=144 Win=65024 Len=1448 TSval=2916033560 TSecr=3045553332 [TCP segment of a reassembled PDU]"
"9738","29.479880278","192.168.1.55","192.168.1.2","TCP","1514","8004  >  49934 [ACK] Seq=166710 Ack=144 Win=65024 Len=1448 TSval=2916033560 TSecr=3045553332 [TCP segment of a reassembled PDU]"
"9739","29.479881481","192.168.1.55","192.168.1.2","TCP","1514","8004  >  49934 [ACK] Seq=168158 Ack=144 Win=65024 Len=1448 TSval=2916033560 TSecr=3045553332 [TCP segment of a reassembled PDU]"
"9740","29.479882740","192.168.1.55","192.168.1.2","TCP","1514","8004  >  49934 [ACK] Seq=169606 Ack=144 Win=65024 Len=1448 TSval=2916033560 TSecr=3045553332 [TCP segment of a reassembled PDU]"
"9741","29.479884055","192.168.1.55","192.168.1.2","TCP","1514","8004  >  49934 [ACK] Seq=171054 Ack=144 Win=65024 Len=1448 TSval=2916033560 TSecr=3045553332 [TCP segment of a reassembled PDU]"
"9742","29.479885278","192.168.1.55","192.168.1.2","TCP","1514","8004  >  49934 [ACK] Seq=172502 Ack=144 Win=65024 Len=1448 TSval=2916033560 TSecr=3045553332 [TCP segment of a reassembled PDU]"
"9743","29.479886500","192.168.1.55","192.168.1.2","TCP","1514","8004  >  49934 [ACK] Seq=173950 Ack=144 Win=65024 Len=1448 TSval=2916033560 TSecr=3045553332 [TCP segment of a reassembled PDU]"
"9744","29.479887796","192.168.1.55","192.168.1.2","TCP","1514","8004  >  49934 [ACK] Seq=175398 Ack=144 Win=65024 Len=1448 TSval=2916033560 TSecr=3045553332 [TCP segment of a reassembled PDU]"
"9745","29.479888944","192.168.1.55","192.168.1.2","TCP","1514","8004  >  49934 [ACK] Seq=176846 Ack=144 Win=65024 Len=1448 TSval=2916033560 TSecr=3045553332 [TCP segment of a reassembled PDU]"
"9746","29.479890111","192.168.1.55","192.168.1.2","TCP","1514","8004  >  49934 [ACK] Seq=178294 Ack=144 Win=65024 Len=1448 TSval=2916033560 TSecr=3045553332 [TCP segment of a reassembled PDU]"
"9747","29.479891555","192.168.1.55","192.168.1.2","TCP","1514","8004  >  49934 [ACK] Seq=179742 Ack=144 Win=65024 Len=1448 TSval=2916033560 TSecr=3045553332 [TCP segment of a reassembled PDU]"
"9748","29.479892907","192.168.1.55","192.168.1.2","TCP","1514","8004  >  49934 [ACK] Seq=181190 Ack=144 Win=65024 Len=1448 TSval=2916033560 TSecr=3045553332 [TCP segment of a reassembled PDU]"
"9749","29.479894166","192.168.1.55","192.168.1.2","TCP","1514","8004  >  49934 [ACK] Seq=182638 Ack=144 Win=65024 Len=1448 TSval=2916033560 TSecr=3045553332 [TCP segment of a reassembled PDU]"
"9750","29.479895852","192.168.1.55","192.168.1.2","TCP","1514","8004  >  49934 [ACK] Seq=184086 Ack=144 Win=65024 Len=1448 TSval=2916033560 TSecr=3045553332 [TCP segment of a reassembled PDU]"
"9751","29.479897055","192.168.1.55","192.168.1.2","TCP","1514","8004  >  49934 [ACK] Seq=185534 Ack=144 Win=65024 Len=1448 TSval=2916033560 TSecr=3045553332 [TCP segment of a reassembled PDU]"
"9752","29.479898203","192.168.1.55","192.168.1.2","TCP","1514","8004  >  49934 [ACK] Seq=186982 Ack=144 Win=65024 Len=1448 TSval=2916033560 TSecr=3045553332 [TCP segment of a reassembled PDU]"
"9753","29.479899518","192.168.1.55","192.168.1.2","TCP","1514","8004  >  49934 [ACK] Seq=188430 Ack=144 Win=65024 Len=1448 TSval=2916033560 TSecr=3045553332 [TCP segment of a reassembled PDU]"
"9754","29.479900666","192.168.1.55","192.168.1.2","TCP","1514","8004  >  49934 [ACK] Seq=189878 Ack=144 Win=65024 Len=1448 TSval=2916033560 TSecr=3045553332 [TCP segment of a reassembled PDU]"
"9755","29.479902037","192.168.1.55","192.168.1.2","TCP","1514","8004  >  49934 [ACK] Seq=191326 Ack=144 Win=65024 Len=1448 TSval=2916033560 TSecr=3045553332 [TCP segment of a reassembled PDU]"
"9756","29.479903407","192.168.1.55","192.168.1.2","TCP","1514","8004  >  49934 [ACK] Seq=192774 Ack=144 Win=65024 Len=1448 TSval=2916033560 TSecr=3045553332 [TCP segment of a reassembled PDU]"
"9757","29.479904759","192.168.1.55","192.168.1.2","TCP","578","[TCP Window Full] 8004  >  49934 [PSH, ACK] Seq=194222 Ack=144 Win=65024 Len=512 TSval=2916033560 TSecr=3045553332 [TCP segment of a reassembled PDU]"
"9758","29.479933389","192.168.1.2","192.168.1.55","TCP","66","49934  >  8004 [ACK] Seq=144 Ack=104446 Win=94208 Len=0 TSval=3045553332 TSecr=2916033555"
"9759","29.481141761","192.168.1.2","192.168.1.55","TCP","66","49934  >  8004 [ACK] Seq=144 Ack=105894 Win=93184 Len=0 TSval=3045553335 TSecr=2916033555"
"9760","29.481151650","192.168.1.55","192.168.1.2","TCP","1514","8004  >  49934 [ACK] Seq=194734 Ack=144 Win=65024 Len=1448 TSval=2916033561 TSecr=3045553335 [TCP segment of a reassembled PDU]"
"9761","29.481153761","192.168.1.55","192.168.1.2","TCP","1514","8004  >  49934 [ACK] Seq=196182 Ack=144 Win=65024 Len=1448 TSval=2916033561 TSecr=3045553335 [TCP segment of a reassembled PDU]"
"9762","29.481154965","192.168.1.55","192.168.1.2","TCP","1514","[TCP Window Full] 8004  >  49934 [PSH, ACK] Seq=197630 Ack=144 Win=65024 Len=1448 TSval=2916033561 TSecr=3045553335 [TCP segment of a reassembled PDU]"
"9763","29.483533061","192.168.1.2","192.168.1.55","TCP","66","49934  >  8004 [ACK] Seq=144 Ack=120374 Win=107520 Len=0 TSval=3045553335 TSecr=2916033555"
"9764","29.483546746","192.168.1.55","192.168.1.2","TCP","1514","8004  >  49934 [ACK] Seq=199078 Ack=144 Win=65024 Len=1448 TSval=2916033564 TSecr=3045553335 [TCP segment of a reassembled PDU]"
"9765","29.483548987","192.168.1.55","192.168.1.2","TCP","1514","8004  >  49934 [ACK] Seq=200526 Ack=144 Win=65024 Len=1448 TSval=2916033564 TSecr=3045553335 [TCP segment of a reassembled PDU]"
"9766","29.483550246","192.168.1.55","192.168.1.2","TCP","1514","8004  >  49934 [ACK] Seq=201974 Ack=144 Win=65024 Len=1448 TSval=2916033564 TSecr=3045553335 [TCP segment of a reassembled PDU]"
"9767","29.483551654","192.168.1.55","192.168.1.2","TCP","1514","8004  >  49934 [ACK] Seq=203422 Ack=144 Win=65024 Len=1448 TSval=2916033564 TSecr=3045553335 [TCP segment of a reassembled PDU]"
"9768","29.483552931","192.168.1.55","192.168.1.2","TCP","1514","8004  >  49934 [ACK] Seq=204870 Ack=144 Win=65024 Len=1448 TSval=2916033564 TSecr=3045553335 [TCP segment of a reassembled PDU]"
"9769","29.483554339","192.168.1.55","192.168.1.2","TCP","1514","8004  >  49934 [ACK] Seq=206318 Ack=144 Win=65024 Len=1448 TSval=2916033564 TSecr=3045553335 [TCP segment of a reassembled PDU]"
"9770","29.483555802","192.168.1.55","192.168.1.2","TCP","1514","8004  >  49934 [PSH, ACK] Seq=207766 Ack=144 Win=65024 Len=1448 TSval=2916033564 TSecr=3045553335 [TCP segment of a reassembled PDU]"
"9771","29.483561543","192.168.1.55","192.168.1.2","TCP","1002","8004  >  49934 [ACK] Seq=209214 Ack=144 Win=65024 Len=936 TSval=2916033564 TSecr=3045553335 [TCP segment of a reassembled PDU]"
"9772","29.483964914","192.168.1.2","192.168.1.55","TCP","66","49934  >  8004 [ACK] Seq=144 Ack=159470 Win=81920 Len=0 TSval=3045553335 TSecr=2916033555"
"9773","29.483992154","192.168.1.55","192.168.1.2","TCP","1514","8004  >  49934 [ACK] Seq=210150 Ack=144 Win=65024 Len=1448 TSval=2916033564 TSecr=3045553335 [TCP segment of a reassembled PDU]"
"9774","29.483994339","192.168.1.55","192.168.1.2","TCP","1514","8004  >  49934 [ACK] Seq=211598 Ack=144 Win=65024 Len=1448 TSval=2916033564 TSecr=3045553335 [TCP segment of a reassembled PDU]"
"9775","29.483995765","192.168.1.55","192.168.1.2","TCP","1514","8004  >  49934 [ACK] Seq=213046 Ack=144 Win=65024 Len=1448 TSval=2916033564 TSecr=3045553335 [TCP segment of a reassembled PDU]"
"9776","29.483997099","192.168.1.55","192.168.1.2","TCP","1514","8004  >  49934 [ACK] Seq=214494 Ack=144 Win=65024 Len=1448 TSval=2916033564 TSecr=3045553335 [TCP segment of a reassembled PDU]"
"9777","29.483998432","192.168.1.55","192.168.1.2","TCP","1514","8004  >  49934 [ACK] Seq=215942 Ack=144 Win=65024 Len=1448 TSval=2916033564 TSecr=3045553335 [TCP segment of a reassembled PDU]"
"9778","29.483999839","192.168.1.55","192.168.1.2","TCP","1514","8004  >  49934 [ACK] Seq=217390 Ack=144 Win=65024 Len=1448 TSval=2916033564 TSecr=3045553335 [TCP segment of a reassembled PDU]"
"9779","29.484001136","192.168.1.55","192.168.1.2","TCP","1514","8004  >  49934 [ACK] Seq=218838 Ack=144 Win=65024 Len=1448 TSval=2916033564 TSecr=3045553335 [TCP segment of a reassembled PDU]"
"9780","29.484002414","192.168.1.55","192.168.1.2","TCP","1514","8004  >  49934 [ACK] Seq=220286 Ack=144 Win=65024 Len=1448 TSval=2916033564 TSecr=3045553335 [TCP segment of a reassembled PDU]"
"9781","29.484003858","192.168.1.55","192.168.1.2","TCP","1514","8004  >  49934 [ACK] Seq=221734 Ack=144 Win=65024 Len=1448 TSval=2916033564 TSecr=3045553335 [TCP segment of a reassembled PDU]"
"9782","29.484005173","192.168.1.55","192.168.1.2","TCP","1514","8004  >  49934 [ACK] Seq=223182 Ack=144 Win=65024 Len=1448 TSval=2916033564 TSecr=3045553335 [TCP segment of a reassembled PDU]"
"9783","29.484006710","192.168.1.55","192.168.1.2","TCP","1514","8004  >  49934 [ACK] Seq=224630 Ack=144 Win=65024 Len=1448 TSval=2916033564 TSecr=3045553335 [TCP segment of a reassembled PDU]"
"9784","29.484008025","192.168.1.55","192.168.1.2","TCP","1514","8004  >  49934 [ACK] Seq=226078 Ack=144 Win=65024 Len=1448 TSval=2916033564 TSecr=3045553335 [TCP segment of a reassembled PDU]"
"9785","29.484009451","192.168.1.55","192.168.1.2","TCP","1514","8004  >  49934 [ACK] Seq=227526 Ack=144 Win=65024 Len=1448 TSval=2916033564 TSecr=3045553335 [TCP segment of a reassembled PDU]"
"9786","29.484011154","192.168.1.55","192.168.1.2","TCP","1514","8004  >  49934 [ACK] Seq=228974 Ack=144 Win=65024 Len=1448 TSval=2916033564 TSecr=3045553335 [TCP segment of a reassembled PDU]"
"9787","29.484012469","192.168.1.55","192.168.1.2","TCP","1514","8004  >  49934 [ACK] Seq=230422 Ack=144 Win=65024 Len=1448 TSval=2916033564 TSecr=3045553335 [TCP segment of a reassembled PDU]"
"9788","29.484014340","192.168.1.55","192.168.1.2","TCP","1514","8004  >  49934 [ACK] Seq=231870 Ack=144 Win=65024 Len=1448 TSval=2916033564 TSecr=3045553335 [TCP segment of a reassembled PDU]"
"9789","29.484015821","192.168.1.55","192.168.1.2","TCP","1514","8004  >  49934 [ACK] Seq=233318 Ack=144 Win=65024 Len=1448 TSval=2916033564 TSecr=3045553335 [TCP segment of a reassembled PDU]"
"9790","29.484017117","192.168.1.55","192.168.1.2","TCP","1514","8004  >  49934 [ACK] Seq=234766 Ack=144 Win=65024 Len=1448 TSval=2916033564 TSecr=3045553335 [TCP segment of a reassembled PDU]"
"9791","29.484018728","192.168.1.55","192.168.1.2","TCP","1514","8004  >  49934 [ACK] Seq=236214 Ack=144 Win=65024 Len=1448 TSval=2916033564 TSecr=3045553335 [TCP segment of a reassembled PDU]"
"9792","29.484020099","192.168.1.55","192.168.1.2","TCP","1514","8004  >  49934 [ACK] Seq=237662 Ack=144 Win=65024 Len=1448 TSval=2916033564 TSecr=3045553335 [TCP segment of a reassembled PDU]"
"9793","29.484021395","192.168.1.55","192.168.1.2","TCP","1514","8004  >  49934 [PSH, ACK] Seq=239110 Ack=144 Win=65024 Len=1448 TSval=2916033564 TSecr=3045553335 [TCP segment of a reassembled PDU]"
"9794","29.484026136","192.168.1.2","192.168.1.55","TCP","66","49934  >  8004 [ACK] Seq=144 Ack=163814 Win=115712 Len=0 TSval=3045553337 TSecr=2916033555"
"9795","29.484045284","192.168.1.55","192.168.1.2","TCP","1514","8004  >  49934 [ACK] Seq=240558 Ack=144 Win=65024 Len=1448 TSval=2916033564 TSecr=3045553337 [TCP segment of a reassembled PDU]"
"9796","29.484046840","192.168.1.55","192.168.1.2","TCP","1514","8004  >  49934 [ACK] Seq=242006 Ack=144 Win=65024 Len=1448 TSval=2916033564 TSecr=3045553337 [TCP segment of a reassembled PDU]"
"9797","29.484048228","192.168.1.55","192.168.1.2","TCP","1514","8004  >  49934 [ACK] Seq=243454 Ack=144 Win=65024 Len=1448 TSval=2916033564 TSecr=3045553337 [TCP segment of a reassembled PDU]"
"9798","29.484049543","192.168.1.55","192.168.1.2","TCP","1514","8004  >  49934 [ACK] Seq=244902 Ack=144 Win=65024 Len=1448 TSval=2916033564 TSecr=3045553337 [TCP segment of a reassembled PDU]"
"9799","29.484050932","192.168.1.55","192.168.1.2","TCP","1514","8004  >  49934 [ACK] Seq=246350 Ack=144 Win=65024 Len=1448 TSval=2916033564 TSecr=3045553337 [TCP segment of a reassembled PDU]"
"9800","29.484052210","192.168.1.55","192.168.1.2","TCP","1514","8004  >  49934 [ACK] Seq=247798 Ack=144 Win=65024 Len=1448 TSval=2916033564 TSecr=3045553337 [TCP segment of a reassembled PDU]"
"9801","29.484053543","192.168.1.55","192.168.1.2","TCP","1514","8004  >  49934 [ACK] Seq=249246 Ack=144 Win=65024 Len=1448 TSval=2916033564 TSecr=3045553337 [TCP segment of a reassembled PDU]"
"9802","29.484054914","192.168.1.55","192.168.1.2","TCP","1514","8004  >  49934 [ACK] Seq=250694 Ack=144 Win=65024 Len=1448 TSval=2916033564 TSecr=3045553337 [TCP segment of a reassembled PDU]"
"9803","29.484056191","192.168.1.55","192.168.1.2","TCP","1514","8004  >  49934 [ACK] Seq=252142 Ack=144 Win=65024 Len=1448 TSval=2916033564 TSecr=3045553337 [TCP segment of a reassembled PDU]"
"9804","29.484057488","192.168.1.55","192.168.1.2","TCP","1514","8004  >  49934 [ACK] Seq=253590 Ack=144 Win=65024 Len=1448 TSval=2916033564 TSecr=3045553337 [TCP segment of a reassembled PDU]"
"9805","29.484058932","192.168.1.55","192.168.1.2","TCP","1514","8004  >  49934 [PSH, ACK] Seq=255038 Ack=144 Win=65024 Len=1448 TSval=2916033564 TSecr=3045553337 [TCP segment of a reassembled PDU]"
"9806","29.489444996","192.168.1.2","192.168.1.55","TCP","66","49934  >  8004 [ACK] Seq=144 Ack=188430 Win=96256 Len=0 TSval=3045553339 TSecr=2916033560"
"9807","29.489491830","192.168.1.55","192.168.1.2","TCP","1514","8004  >  49934 [ACK] Seq=256486 Ack=144 Win=65024 Len=1448 TSval=2916033570 TSecr=3045553339 [TCP segment of a reassembled PDU]"
"9808","29.489496015","192.168.1.55","192.168.1.2","TCP","1514","8004  >  49934 [ACK] Seq=257934 Ack=144 Win=65024 Len=1448 TSval=2916033570 TSecr=3045553339 [TCP segment of a reassembled PDU]"
"9809","29.489497459","192.168.1.55","192.168.1.2","TCP","1514","8004  >  49934 [ACK] Seq=259382 Ack=144 Win=65024 Len=1448 TSval=2916033570 TSecr=3045553339 [TCP segment of a reassembled PDU]"
"9810","29.489498978","192.168.1.55","192.168.1.2","TCP","1514","8004  >  49934 [ACK] Seq=260830 Ack=144 Win=65024 Len=1448 TSval=2916033570 TSecr=3045553339 [TCP segment of a reassembled PDU]"
"9811","29.489501978","192.168.1.55","192.168.1.2","TCP","1514","8004  >  49934 [ACK] Seq=262278 Ack=144 Win=65024 Len=1448 TSval=2916033570 TSecr=3045553339 [TCP segment of a reassembled PDU]"
"9812","29.489503533","192.168.1.55","192.168.1.2","TCP","1514","8004  >  49934 [ACK] Seq=263726 Ack=144 Win=65024 Len=1448 TSval=2916033570 TSecr=3045553339 [TCP segment of a reassembled PDU]"
"9813","29.489505015","192.168.1.55","192.168.1.2","TCP","1514","8004  >  49934 [ACK] Seq=265174 Ack=144 Win=65024 Len=1448 TSval=2916033570 TSecr=3045553339 [TCP segment of a reassembled PDU]"
"9814","29.489506404","192.168.1.55","192.168.1.2","TCP","1514","8004  >  49934 [ACK] Seq=266622 Ack=144 Win=65024 Len=1448 TSval=2916033570 TSecr=3045553339 [TCP segment of a reassembled PDU]"
"9815","29.489507681","192.168.1.55","192.168.1.2","TCP","1514","8004  >  49934 [ACK] Seq=268070 Ack=144 Win=65024 Len=1448 TSval=2916033570 TSecr=3045553339 [TCP segment of a reassembled PDU]"
"9816","29.489509200","192.168.1.55","192.168.1.2","TCP","1514","8004  >  49934 [ACK] Seq=269518 Ack=144 Win=65024 Len=1448 TSval=2916033570 TSecr=3045553339 [TCP segment of a reassembled PDU]"
"9817","29.489510904","192.168.1.55","192.168.1.2","TCP","1514","8004  >  49934 [ACK] Seq=270966 Ack=144 Win=65024 Len=1448 TSval=2916033570 TSecr=3045553339 [TCP segment of a reassembled PDU]"
"9818","29.489513478","192.168.1.55","192.168.1.2","TCP","1514","8004  >  49934 [ACK] Seq=272414 Ack=144 Win=65024 Len=1448 TSval=2916033570 TSecr=3045553339 [TCP segment of a reassembled PDU]"
"9819","29.489515237","192.168.1.55","192.168.1.2","TCP","1514","8004  >  49934 [ACK] Seq=273862 Ack=144 Win=65024 Len=1448 TSval=2916033570 TSecr=3045553339 [TCP segment of a reassembled PDU]"
"9820","29.489516848","192.168.1.55","192.168.1.2","TCP","1514","8004  >  49934 [ACK] Seq=275310 Ack=144 Win=65024 Len=1448 TSval=2916033570 TSecr=3045553339 [TCP segment of a reassembled PDU]"
"9821","29.489518200","192.168.1.55","192.168.1.2","TCP","1514","8004  >  49934 [ACK] Seq=276758 Ack=144 Win=65024 Len=1448 TSval=2916033570 TSecr=3045553339 [TCP segment of a reassembled PDU]"
"9822","29.489519496","192.168.1.55","192.168.1.2","TCP","1514","8004  >  49934 [ACK] Seq=278206 Ack=144 Win=65024 Len=1448 TSval=2916033570 TSecr=3045553339 [TCP segment of a reassembled PDU]"
"9823","29.489520978","192.168.1.55","192.168.1.2","TCP","1514","8004  >  49934 [ACK] Seq=279654 Ack=144 Win=65024 Len=1448 TSval=2916033570 TSecr=3045553339 [TCP segment of a reassembled PDU]"
"9824","29.489522404","192.168.1.55","192.168.1.2","TCP","1514","8004  >  49934 [ACK] Seq=281102 Ack=144 Win=65024 Len=1448 TSval=2916033570 TSecr=3045553339 [TCP segment of a reassembled PDU]"
"9825","29.489524293","192.168.1.55","192.168.1.2","TCP","1514","8004  >  49934 [PSH, ACK] Seq=282550 Ack=144 Win=65024 Len=1448 TSval=2916033570 TSecr=3045553339 [TCP segment of a reassembled PDU]"
"9826","29.490350442","192.168.1.2","192.168.1.55","TCP","66","49934  >  8004 [ACK] Seq=144 Ack=189878 Win=95232 Len=0 TSval=3045553339 TSecr=2916033560"
"9827","29.490359035","192.168.1.2","192.168.1.55","TCP","66","49934  >  8004 [ACK] Seq=144 Ack=194734 Win=114688 Len=0 TSval=3045553340 TSecr=2916033560"
"9828","29.490381424","192.168.1.55","192.168.1.2","TCP","1514","8004  >  49934 [ACK] Seq=283998 Ack=144 Win=65024 Len=1448 TSval=2916033571 TSecr=3045553340 [TCP segment of a reassembled PDU]"
"9829","29.490383387","192.168.1.55","192.168.1.2","TCP","1514","8004  >  49934 [ACK] Seq=285446 Ack=144 Win=65024 Len=1448 TSval=2916033571 TSecr=3045553340 [TCP segment of a reassembled PDU]"
"9830","29.490385998","192.168.1.55","192.168.1.2","TCP","1514","8004  >  49934 [ACK] Seq=286894 Ack=144 Win=65024 Len=1448 TSval=2916033571 TSecr=3045553340 [TCP segment of a reassembled PDU]"
"9831","29.490388035","192.168.1.55","192.168.1.2","TCP","1514","8004  >  49934 [ACK] Seq=288342 Ack=144 Win=65024 Len=1448 TSval=2916033571 TSecr=3045553340 [TCP segment of a reassembled PDU]"
"9832","29.490389424","192.168.1.55","192.168.1.2","TCP","1514","8004  >  49934 [ACK] Seq=289790 Ack=144 Win=65024 Len=1448 TSval=2916033571 TSecr=3045553340 [TCP segment of a reassembled PDU]"
"9833","29.490390905","192.168.1.55","192.168.1.2","TCP","1514","8004  >  49934 [ACK] Seq=291238 Ack=144 Win=65024 Len=1448 TSval=2916033571 TSecr=3045553340 [TCP segment of a reassembled PDU]"
"9834","29.490392183","192.168.1.55","192.168.1.2","TCP","1514","8004  >  49934 [ACK] Seq=292686 Ack=144 Win=65024 Len=1448 TSval=2916033571 TSecr=3045553340 [TCP segment of a reassembled PDU]"
"9835","29.490393498","192.168.1.55","192.168.1.2","TCP","1514","8004  >  49934 [ACK] Seq=294134 Ack=144 Win=65024 Len=1448 TSval=2916033571 TSecr=3045553340 [TCP segment of a reassembled PDU]"
"9836","29.490394831","192.168.1.55","192.168.1.2","TCP","1514","8004  >  49934 [ACK] Seq=295582 Ack=144 Win=65024 Len=1448 TSval=2916033571 TSecr=3045553340 [TCP segment of a reassembled PDU]"
"9837","29.490396164","192.168.1.55","192.168.1.2","TCP","1514","8004  >  49934 [ACK] Seq=297030 Ack=144 Win=65024 Len=1448 TSval=2916033571 TSecr=3045553340 [TCP segment of a reassembled PDU]"
"9838","29.490398572","192.168.1.55","192.168.1.2","TCP","1514","8004  >  49934 [ACK] Seq=298478 Ack=144 Win=65024 Len=1448 TSval=2916033571 TSecr=3045553340 [TCP segment of a reassembled PDU]"
"9839","29.490400312","192.168.1.55","192.168.1.2","TCP","1514","8004  >  49934 [ACK] Seq=299926 Ack=144 Win=65024 Len=1448 TSval=2916033571 TSecr=3045553340 [TCP segment of a reassembled PDU]"
"9840","29.490401757","192.168.1.55","192.168.1.2","TCP","1514","8004  >  49934 [PSH, ACK] Seq=301374 Ack=144 Win=65024 Len=1448 TSval=2916033571 TSecr=3045553340 [TCP segment of a reassembled PDU]"
"9841","29.490406461","192.168.1.2","192.168.1.55","TCP","66","49934  >  8004 [ACK] Seq=144 Ack=199078 Win=115712 Len=0 TSval=3045553340 TSecr=2916033561"
"9842","29.490416164","192.168.1.2","192.168.1.55","TCP","66","49934  >  8004 [ACK] Seq=144 Ack=210150 Win=108544 Len=0 TSval=3045553343 TSecr=2916033564"
"9843","29.490422312","192.168.1.2","192.168.1.55","TCP","66","49934  >  8004 [ACK] Seq=144 Ack=217390 Win=101376 Len=0 TSval=3045553343 TSecr=2916033564"
"9844","29.493140428","192.168.1.2","192.168.1.55","TCP","66","49934  >  8004 [ACK] Seq=144 Ack=240558 Win=99328 Len=0 TSval=3045553343 TSecr=2916033564"
"9845","29.493185483","192.168.1.55","192.168.1.2","TCP","1514","8004  >  49934 [ACK] Seq=302822 Ack=144 Win=65024 Len=1448 TSval=2916033573 TSecr=3045553343 [TCP segment of a reassembled PDU]"
"9846","29.493188521","192.168.1.55","192.168.1.2","TCP","1514","8004  >  49934 [ACK] Seq=304270 Ack=144 Win=65024 Len=1448 TSval=2916033573 TSecr=3045553343 [TCP segment of a reassembled PDU]"
"9847","29.493190335","192.168.1.55","192.168.1.2","TCP","1514","8004  >  49934 [ACK] Seq=305718 Ack=144 Win=65024 Len=1448 TSval=2916033573 TSecr=3045553343 [TCP segment of a reassembled PDU]"
"9848","29.493192613","192.168.1.55","192.168.1.2","TCP","1514","8004  >  49934 [ACK] Seq=307166 Ack=144 Win=65024 Len=1448 TSval=2916033573 TSecr=3045553343 [TCP segment of a reassembled PDU]"
"9849","29.493194335","192.168.1.55","192.168.1.2","TCP","1514","8004  >  49934 [ACK] Seq=308614 Ack=144 Win=65024 Len=1448 TSval=2916033573 TSecr=3045553343 [TCP segment of a reassembled PDU]"
"9850","29.493195743","192.168.1.55","192.168.1.2","TCP","1514","8004  >  49934 [ACK] Seq=310062 Ack=144 Win=65024 Len=1448 TSval=2916033573 TSecr=3045553343 [TCP segment of a reassembled PDU]"
"9851","29.493197224","192.168.1.55","192.168.1.2","TCP","1514","8004  >  49934 [ACK] Seq=311510 Ack=144 Win=65024 Len=1448 TSval=2916033573 TSecr=3045553343 [TCP segment of a reassembled PDU]"
"9852","29.493200002","192.168.1.55","192.168.1.2","TCP","1514","8004  >  49934 [ACK] Seq=312958 Ack=144 Win=65024 Len=1448 TSval=2916033573 TSecr=3045553343 [TCP segment of a reassembled PDU]"
"9853","29.493201261","192.168.1.55","192.168.1.2","TCP","1514","8004  >  49934 [ACK] Seq=314406 Ack=144 Win=65024 Len=1448 TSval=2916033573 TSecr=3045553343 [TCP segment of a reassembled PDU]"
"9854","29.493202632","192.168.1.55","192.168.1.2","TCP","1514","8004  >  49934 [ACK] Seq=315854 Ack=144 Win=65024 Len=1448 TSval=2916033573 TSecr=3045553343 [TCP segment of a reassembled PDU]"
"9855","29.493204650","192.168.1.55","192.168.1.2","TCP","1514","8004  >  49934 [ACK] Seq=317302 Ack=144 Win=65024 Len=1448 TSval=2916033573 TSecr=3045553343 [TCP segment of a reassembled PDU]"
"9856","29.493206558","192.168.1.55","192.168.1.2","TCP","1514","8004  >  49934 [ACK] Seq=318750 Ack=144 Win=65024 Len=1448 TSval=2916033573 TSecr=3045553343 [TCP segment of a reassembled PDU]"
"9857","29.493207984","192.168.1.55","192.168.1.2","TCP","1514","8004  >  49934 [ACK] Seq=320198 Ack=144 Win=65024 Len=1448 TSval=2916033573 TSecr=3045553343 [TCP segment of a reassembled PDU]"
"9858","29.493209428","192.168.1.55","192.168.1.2","TCP","1514","8004  >  49934 [ACK] Seq=321646 Ack=144 Win=65024 Len=1448 TSval=2916033573 TSecr=3045553343 [TCP segment of a reassembled PDU]"
"9859","29.493211391","192.168.1.55","192.168.1.2","TCP","1514","8004  >  49934 [ACK] Seq=323094 Ack=144 Win=65024 Len=1448 TSval=2916033573 TSecr=3045553343 [TCP segment of a reassembled PDU]"
"9860","29.493212872","192.168.1.55","192.168.1.2","TCP","1514","8004  >  49934 [ACK] Seq=324542 Ack=144 Win=65024 Len=1448 TSval=2916033573 TSecr=3045553343 [TCP segment of a reassembled PDU]"
"9861","29.493214539","192.168.1.55","192.168.1.2","TCP","1514","8004  >  49934 [ACK] Seq=325990 Ack=144 Win=65024 Len=1448 TSval=2916033573 TSecr=3045553343 [TCP segment of a reassembled PDU]"
"9862","29.493217039","192.168.1.55","192.168.1.2","TCP","1514","8004  >  49934 [ACK] Seq=327438 Ack=144 Win=65024 Len=1448 TSval=2916033573 TSecr=3045553343 [TCP segment of a reassembled PDU]"
"9863","29.493218484","192.168.1.55","192.168.1.2","TCP","1514","8004  >  49934 [ACK] Seq=328886 Ack=144 Win=65024 Len=1448 TSval=2916033573 TSecr=3045553343 [TCP segment of a reassembled PDU]"
"9864","29.493219817","192.168.1.55","192.168.1.2","TCP","1514","8004  >  49934 [ACK] Seq=330334 Ack=144 Win=65024 Len=1448 TSval=2916033573 TSecr=3045553343 [TCP segment of a reassembled PDU]"
"9865","29.493222224","192.168.1.55","192.168.1.2","TCP","1514","8004  >  49934 [ACK] Seq=331782 Ack=144 Win=65024 Len=1448 TSval=2916033573 TSecr=3045553343 [TCP segment of a reassembled PDU]"
"9866","29.493223854","192.168.1.55","192.168.1.2","TCP","1514","8004  >  49934 [ACK] Seq=333230 Ack=144 Win=65024 Len=1448 TSval=2916033573 TSecr=3045553343 [TCP segment of a reassembled PDU]"
"9867","29.493225317","192.168.1.55","192.168.1.2","TCP","1514","8004  >  49934 [ACK] Seq=334678 Ack=144 Win=65024 Len=1448 TSval=2916033573 TSecr=3045553343 [TCP segment of a reassembled PDU]"
"9868","29.493227632","192.168.1.55","192.168.1.2","TCP","1514","8004  >  49934 [ACK] Seq=336126 Ack=144 Win=65024 Len=1448 TSval=2916033573 TSecr=3045553343 [TCP segment of a reassembled PDU]"
"9869","29.493229669","192.168.1.55","192.168.1.2","TCP","1514","8004  >  49934 [ACK] Seq=337574 Ack=144 Win=65024 Len=1448 TSval=2916033573 TSecr=3045553343 [TCP segment of a reassembled PDU]"
"9870","29.493231206","192.168.1.55","192.168.1.2","TCP","930","[TCP Window Full] 8004  >  49934 [PSH, ACK] Seq=339022 Ack=144 Win=65024 Len=864 TSval=2916033573 TSecr=3045553343 [TCP segment of a reassembled PDU]"
"9871","29.493346373","192.168.1.2","192.168.1.55","TCP","66","49934  >  8004 [ACK] Seq=144 Ack=247798 Win=92160 Len=0 TSval=3045553343 TSecr=2916033564"
"9872","29.493354521","192.168.1.2","192.168.1.55","TCP","66","49934  >  8004 [ACK] Seq=144 Ack=252142 Win=115712 Len=0 TSval=3045553345 TSecr=2916033564"
"9873","29.493372002","192.168.1.55","192.168.1.2","TCP","1514","8004  >  49934 [ACK] Seq=339886 Ack=144 Win=65024 Len=1448 TSval=2916033574 TSecr=3045553345 [TCP segment of a reassembled PDU]"
"9874","29.493374428","192.168.1.55","192.168.1.2","TCP","1514","8004  >  49934 [ACK] Seq=341334 Ack=144 Win=65024 Len=1448 TSval=2916033574 TSecr=3045553345 [TCP segment of a reassembled PDU]"
"9875","29.493375984","192.168.1.55","192.168.1.2","TCP","1514","8004  >  49934 [ACK] Seq=342782 Ack=144 Win=65024 Len=1448 TSval=2916033574 TSecr=3045553345 [TCP segment of a reassembled PDU]"
"9876","29.493377502","192.168.1.55","192.168.1.2","TCP","1514","8004  >  49934 [ACK] Seq=344230 Ack=144 Win=65024 Len=1448 TSval=2916033574 TSecr=3045553345 [TCP segment of a reassembled PDU]"
"9877","29.493379780","192.168.1.55","192.168.1.2","TCP","1514","8004  >  49934 [ACK] Seq=345678 Ack=144 Win=65024 Len=1448 TSval=2916033574 TSecr=3045553345 [TCP segment of a reassembled PDU]"
"9878","29.493381187","192.168.1.55","192.168.1.2","TCP","1514","8004  >  49934 [PSH, ACK] Seq=347126 Ack=144 Win=65024 Len=1448 TSval=2916033574 TSecr=3045553345 [TCP segment of a reassembled PDU]"
"9879","29.493387262","192.168.1.55","192.168.1.2","TCP","650","8004  >  49934 [ACK] Seq=348574 Ack=144 Win=65024 Len=584 TSval=2916033574 TSecr=3045553345 [TCP segment of a reassembled PDU]"
"9880","29.493392225","192.168.1.2","192.168.1.55","TCP","66","49934  >  8004 [ACK] Seq=144 Ack=256486 Win=115712 Len=0 TSval=3045553345 TSecr=2916033564"
"9881","29.493431595","192.168.1.55","192.168.1.2","TCP","1514","8004  >  49934 [ACK] Seq=349158 Ack=144 Win=65024 Len=1448 TSval=2916033574 TSecr=3045553345 [TCP segment of a reassembled PDU]"
"9882","29.493433299","192.168.1.55","192.168.1.2","TCP","1514","8004  >  49934 [ACK] Seq=350606 Ack=144 Win=65024 Len=1448 TSval=2916033574 TSecr=3045553345 [TCP segment of a reassembled PDU]"
"9883","29.493435391","192.168.1.55","192.168.1.2","TCP","1514","8004  >  49934 [ACK] Seq=352054 Ack=144 Win=65024 Len=1448 TSval=2916033574 TSecr=3045553345 [TCP segment of a reassembled PDU]"
"9884","29.493436854","192.168.1.55","192.168.1.2","TCP","1514","8004  >  49934 [ACK] Seq=353502 Ack=144 Win=65024 Len=1448 TSval=2916033574 TSecr=3045553345 [TCP segment of a reassembled PDU]"
"9885","29.493438225","192.168.1.55","192.168.1.2","TCP","1514","8004  >  49934 [ACK] Seq=354950 Ack=144 Win=65024 Len=1448 TSval=2916033574 TSecr=3045553345 [TCP segment of a reassembled PDU]"
"9886","29.493439854","192.168.1.55","192.168.1.2","TCP","1514","8004  >  49934 [ACK] Seq=356398 Ack=144 Win=65024 Len=1448 TSval=2916033574 TSecr=3045553345 [TCP segment of a reassembled PDU]"
"9887","29.493441725","192.168.1.55","192.168.1.2","TCP","1514","8004  >  49934 [ACK] Seq=357846 Ack=144 Win=65024 Len=1448 TSval=2916033574 TSecr=3045553345 [TCP segment of a reassembled PDU]"
"9888","29.493443299","192.168.1.55","192.168.1.2","TCP","1514","8004  >  49934 [ACK] Seq=359294 Ack=144 Win=65024 Len=1448 TSval=2916033574 TSecr=3045553345 [TCP segment of a reassembled PDU]"
"9889","29.493444891","192.168.1.55","192.168.1.2","TCP","1514","8004  >  49934 [ACK] Seq=360742 Ack=144 Win=65024 Len=1448 TSval=2916033574 TSecr=3045553345 [TCP segment of a reassembled PDU]"
"9890","29.493446799","192.168.1.55","192.168.1.2","TCP","1514","8004  >  49934 [ACK] Seq=362190 Ack=144 Win=65024 Len=1448 TSval=2916033574 TSecr=3045553345 [TCP segment of a reassembled PDU]"
"9891","29.493448576","192.168.1.55","192.168.1.2","TCP","1514","8004  >  49934 [ACK] Seq=363638 Ack=144 Win=65024 Len=1448 TSval=2916033574 TSecr=3045553345 [TCP segment of a reassembled PDU]"
"9892","29.493449891","192.168.1.55","192.168.1.2","TCP","1514","8004  >  49934 [ACK] Seq=365086 Ack=144 Win=65024 Len=1448 TSval=2916033574 TSecr=3045553345 [TCP segment of a reassembled PDU]"
"9893","29.493451576","192.168.1.55","192.168.1.2","TCP","1514","8004  >  49934 [ACK] Seq=366534 Ack=144 Win=65024 Len=1448 TSval=2916033574 TSecr=3045553345 [TCP segment of a reassembled PDU]"
"9894","29.493453910","192.168.1.55","192.168.1.2","TCP","1514","8004  >  49934 [ACK] Seq=367982 Ack=144 Win=65024 Len=1448 TSval=2916033574 TSecr=3045553345 [TCP segment of a reassembled PDU]"
"9895","29.493455502","192.168.1.55","192.168.1.2","TCP","1514","8004  >  49934 [PSH, ACK] Seq=369430 Ack=144 Win=65024 Len=1448 TSval=2916033574 TSecr=3045553345 [TCP segment of a reassembled PDU]"
"9896","29.493460669","192.168.1.2","192.168.1.55","TCP","66","49934  >  8004 [ACK] Seq=144 Ack=257934 Win=118784 Len=0 TSval=3045553347 TSecr=2916033570"
"9897","29.493517558","192.168.1.2","192.168.1.55","TCP","66","49934  >  8004 [ACK] Seq=144 Ack=275310 Win=105472 Len=0 TSval=3045553349 TSecr=2916033570"
"9898","29.500031587","192.168.1.2","192.168.1.55","TCP","66","49934  >  8004 [ACK] Seq=144 Ack=283998 Win=111616 Len=0 TSval=3045553354 TSecr=2916033570"
"9899","29.500060865","192.168.1.55","192.168.1.2","TCP","1514","8004  >  49934 [ACK] Seq=370878 Ack=144 Win=65024 Len=1448 TSval=2916033580 TSecr=3045553354 [TCP segment of a reassembled PDU]"
"9900","29.500063568","192.168.1.55","192.168.1.2","TCP","1514","8004  >  49934 [ACK] Seq=372326 Ack=144 Win=65024 Len=1448 TSval=2916033580 TSecr=3045553354 [TCP segment of a reassembled PDU]"
"9901","29.500064902","192.168.1.55","192.168.1.2","TCP","1514","8004  >  49934 [ACK] Seq=373774 Ack=144 Win=65024 Len=1448 TSval=2916033580 TSecr=3045553354 [TCP segment of a reassembled PDU]"
"9902","29.500066383","192.168.1.55","192.168.1.2","TCP","1514","8004  >  49934 [ACK] Seq=375222 Ack=144 Win=65024 Len=1448 TSval=2916033580 TSecr=3045553354 [TCP segment of a reassembled PDU]"
"9903","29.500068142","192.168.1.55","192.168.1.2","TCP","1514","8004  >  49934 [ACK] Seq=376670 Ack=144 Win=65024 Len=1448 TSval=2916033580 TSecr=3045553354 [TCP segment of a reassembled PDU]"
"9904","29.500069568","192.168.1.55","192.168.1.2","TCP","1514","8004  >  49934 [ACK] Seq=378118 Ack=144 Win=65024 Len=1448 TSval=2916033580 TSecr=3045553354 [TCP segment of a reassembled PDU]"
"9905","29.500070883","192.168.1.55","192.168.1.2","TCP","1514","8004  >  49934 [ACK] Seq=379566 Ack=144 Win=65024 Len=1448 TSval=2916033580 TSecr=3045553354 [TCP segment of a reassembled PDU]"
"9906","29.500072235","192.168.1.55","192.168.1.2","TCP","1514","8004  >  49934 [ACK] Seq=381014 Ack=144 Win=65024 Len=1448 TSval=2916033580 TSecr=3045553354 [TCP segment of a reassembled PDU]"
"9907","29.500073902","192.168.1.55","192.168.1.2","TCP","1514","8004  >  49934 [ACK] Seq=382462 Ack=144 Win=65024 Len=1448 TSval=2916033580 TSecr=3045553354 [TCP segment of a reassembled PDU]"
"9908","29.500075179","192.168.1.55","192.168.1.2","TCP","1514","8004  >  49934 [ACK] Seq=383910 Ack=144 Win=65024 Len=1448 TSval=2916033580 TSecr=3045553354 [TCP segment of a reassembled PDU]"
"9909","29.500076457","192.168.1.55","192.168.1.2","TCP","1514","8004  >  49934 [ACK] Seq=385358 Ack=144 Win=65024 Len=1448 TSval=2916033580 TSecr=3045553354 [TCP segment of a reassembled PDU]"
"9910","29.500077791","192.168.1.55","192.168.1.2","TCP","1514","8004  >  49934 [ACK] Seq=386806 Ack=144 Win=65024 Len=1448 TSval=2916033580 TSecr=3045553354 [TCP segment of a reassembled PDU]"
"9911","29.500079216","192.168.1.55","192.168.1.2","TCP","1514","8004  >  49934 [ACK] Seq=388254 Ack=144 Win=65024 Len=1448 TSval=2916033580 TSecr=3045553354 [TCP segment of a reassembled PDU]"
"9912","29.500080605","192.168.1.55","192.168.1.2","TCP","1514","8004  >  49934 [ACK] Seq=389702 Ack=144 Win=65024 Len=1448 TSval=2916033580 TSecr=3045553354 [TCP segment of a reassembled PDU]"
"9913","29.500081976","192.168.1.55","192.168.1.2","TCP","1514","8004  >  49934 [ACK] Seq=391150 Ack=144 Win=65024 Len=1448 TSval=2916033580 TSecr=3045553354 [TCP segment of a reassembled PDU]"
"9914","29.500083291","192.168.1.55","192.168.1.2","TCP","1514","8004  >  49934 [ACK] Seq=392598 Ack=144 Win=65024 Len=1448 TSval=2916033580 TSecr=3045553354 [TCP segment of a reassembled PDU]"
"9915","29.500084605","192.168.1.55","192.168.1.2","TCP","1514","8004  >  49934 [PSH, ACK] Seq=394046 Ack=144 Win=65024 Len=1448 TSval=2916033580 TSecr=3045553354 [TCP segment of a reassembled PDU]"
"9916","29.500819273","192.168.1.2","192.168.1.55","TCP","66","49934  >  8004 [ACK] Seq=144 Ack=302822 Win=103424 Len=0 TSval=3045553354 TSecr=2916033571"
"9917","29.500829810","192.168.1.2","192.168.1.55","TCP","66","49934  >  8004 [ACK] Seq=144 Ack=339886 Win=86016 Len=0 TSval=3045553354 TSecr=2916033573"
"9918","29.500855588","192.168.1.55","192.168.1.2","TCP","1514","8004  >  49934 [ACK] Seq=395494 Ack=144 Win=65024 Len=1448 TSval=2916033581 TSecr=3045553354 [TCP segment of a reassembled PDU]"
"9919","29.500857662","192.168.1.55","192.168.1.2","TCP","1514","8004  >  49934 [ACK] Seq=396942 Ack=144 Win=65024 Len=1448 TSval=2916033581 TSecr=3045553354 [TCP segment of a reassembled PDU]"
"9920","29.500858958","192.168.1.55","192.168.1.2","TCP","1514","8004  >  49934 [ACK] Seq=398390 Ack=144 Win=65024 Len=1448 TSval=2916033581 TSecr=3045553354 [TCP segment of a reassembled PDU]"
"9921","29.500860347","192.168.1.55","192.168.1.2","TCP","1514","8004  >  49934 [ACK] Seq=399838 Ack=144 Win=65024 Len=1448 TSval=2916033581 TSecr=3045553354 [TCP segment of a reassembled PDU]"
"9922","29.500861903","192.168.1.55","192.168.1.2","TCP","1514","8004  >  49934 [ACK] Seq=401286 Ack=144 Win=65024 Len=1448 TSval=2916033581 TSecr=3045553354 [TCP segment of a reassembled PDU]"
"9923","29.500863384","192.168.1.55","192.168.1.2","TCP","1514","8004  >  49934 [ACK] Seq=402734 Ack=144 Win=65024 Len=1448 TSval=2916033581 TSecr=3045553354 [TCP segment of a reassembled PDU]"
"9924","29.500864810","192.168.1.55","192.168.1.2","TCP","1514","8004  >  49934 [ACK] Seq=404182 Ack=144 Win=65024 Len=1448 TSval=2916033581 TSecr=3045553354 [TCP segment of a reassembled PDU]"
"9925","29.500866236","192.168.1.55","192.168.1.2","TCP","1514","8004  >  49934 [ACK] Seq=405630 Ack=144 Win=65024 Len=1448 TSval=2916033581 TSecr=3045553354 [TCP segment of a reassembled PDU]"
"9926","29.500867551","192.168.1.55","192.168.1.2","TCP","1514","8004  >  49934 [ACK] Seq=407078 Ack=144 Win=65024 Len=1448 TSval=2916033581 TSecr=3045553354 [TCP segment of a reassembled PDU]"
"9927","29.500868903","192.168.1.55","192.168.1.2","TCP","1514","8004  >  49934 [ACK] Seq=408526 Ack=144 Win=65024 Len=1448 TSval=2916033581 TSecr=3045553354 [TCP segment of a reassembled PDU]"
"9928","29.500870329","192.168.1.55","192.168.1.2","TCP","1514","8004  >  49934 [ACK] Seq=409974 Ack=144 Win=65024 Len=1448 TSval=2916033581 TSecr=3045553354 [TCP segment of a reassembled PDU]"
"9929","29.500871718","192.168.1.55","192.168.1.2","TCP","1514","8004  >  49934 [ACK] Seq=411422 Ack=144 Win=65024 Len=1448 TSval=2916033581 TSecr=3045553354 [TCP segment of a reassembled PDU]"
"9930","29.500873014","192.168.1.55","192.168.1.2","TCP","1514","8004  >  49934 [ACK] Seq=412870 Ack=144 Win=65024 Len=1448 TSval=2916033581 TSecr=3045553354 [TCP segment of a reassembled PDU]"
"9931","29.500874403","192.168.1.55","192.168.1.2","TCP","1514","8004  >  49934 [ACK] Seq=414318 Ack=144 Win=65024 Len=1448 TSval=2916033581 TSecr=3045553354 [TCP segment of a reassembled PDU]"
"9932","29.500875884","192.168.1.55","192.168.1.2","TCP","1514","8004  >  49934 [ACK] Seq=415766 Ack=144 Win=65024 Len=1448 TSval=2916033581 TSecr=3045553354 [TCP segment of a reassembled PDU]"
"9933","29.500877218","192.168.1.55","192.168.1.2","TCP","1514","8004  >  49934 [ACK] Seq=417214 Ack=144 Win=65024 Len=1448 TSval=2916033581 TSecr=3045553354 [TCP segment of a reassembled PDU]"
"9934","29.500878625","192.168.1.55","192.168.1.2","TCP","1514","8004  >  49934 [ACK] Seq=418662 Ack=144 Win=65024 Len=1448 TSval=2916033581 TSecr=3045553354 [TCP segment of a reassembled PDU]"
"9935","29.500879940","192.168.1.55","192.168.1.2","TCP","1514","8004  >  49934 [ACK] Seq=420110 Ack=144 Win=65024 Len=1448 TSval=2916033581 TSecr=3045553354 [TCP segment of a reassembled PDU]"
"9936","29.500881236","192.168.1.55","192.168.1.2","TCP","1514","8004  >  49934 [ACK] Seq=421558 Ack=144 Win=65024 Len=1448 TSval=2916033581 TSecr=3045553354 [TCP segment of a reassembled PDU]"
"9937","29.500882644","192.168.1.55","192.168.1.2","TCP","1514","8004  >  49934 [ACK] Seq=423006 Ack=144 Win=65024 Len=1448 TSval=2916033581 TSecr=3045553354 [TCP segment of a reassembled PDU]"
"9938","29.500884125","192.168.1.55","192.168.1.2","TCP","1514","[TCP Window Full] 8004  >  49934 [PSH, ACK] Seq=424454 Ack=144 Win=65024 Len=1448 TSval=2916033581 TSecr=3045553354 [TCP segment of a reassembled PDU]"
"9939","29.500888662","192.168.1.2","192.168.1.55","TCP","66","49934  >  8004 [ACK] Seq=144 Ack=349158 Win=76800 Len=0 TSval=3045553354 TSecr=2916033574"
"9940","29.500895921","192.168.1.2","192.168.1.55","TCP","66","49934  >  8004 [ACK] Seq=144 Ack=366534 Win=60416 Len=0 TSval=3045553354 TSecr=2916033574"
"9941","29.500952625","192.168.1.2","192.168.1.55","TCP","66","49934  >  8004 [ACK] Seq=144 Ack=367982 Win=118784 Len=0 TSval=3045553355 TSecr=2916033574"
"9942","29.500969847","192.168.1.55","192.168.1.2","TCP","1514","8004  >  49934 [ACK] Seq=425902 Ack=144 Win=65024 Len=1448 TSval=2916033581 TSecr=3045553355 [TCP segment of a reassembled PDU]"
"9943","29.500971903","192.168.1.55","192.168.1.2","TCP","1514","8004  >  49934 [ACK] Seq=427350 Ack=144 Win=65024 Len=1448 TSval=2916033581 TSecr=3045553355 [TCP segment of a reassembled PDU]"
"9944","29.500973385","192.168.1.55","192.168.1.2","TCP","1514","8004  >  49934 [ACK] Seq=428798 Ack=144 Win=65024 Len=1448 TSval=2916033581 TSecr=3045553355 [TCP segment of a reassembled PDU]"
"9945","29.500974810","192.168.1.55","192.168.1.2","TCP","1514","8004  >  49934 [ACK] Seq=430246 Ack=144 Win=65024 Len=1448 TSval=2916033581 TSecr=3045553355 [TCP segment of a reassembled PDU]"
"9946","29.500976199","192.168.1.55","192.168.1.2","TCP","1514","8004  >  49934 [ACK] Seq=431694 Ack=144 Win=65024 Len=1448 TSval=2916033581 TSecr=3045553355 [TCP segment of a reassembled PDU]"
"9947","29.500977588","192.168.1.55","192.168.1.2","TCP","1514","8004  >  49934 [ACK] Seq=433142 Ack=144 Win=65024 Len=1448 TSval=2916033581 TSecr=3045553355 [TCP segment of a reassembled PDU]"
"9948","29.500978885","192.168.1.55","192.168.1.2","TCP","1514","8004  >  49934 [ACK] Seq=434590 Ack=144 Win=65024 Len=1448 TSval=2916033581 TSecr=3045553355 [TCP segment of a reassembled PDU]"
"9949","29.500980162","192.168.1.55","192.168.1.2","TCP","1514","8004  >  49934 [ACK] Seq=436038 Ack=144 Win=65024 Len=1448 TSval=2916033581 TSecr=3045553355 [TCP segment of a reassembled PDU]"
"9950","29.500981625","192.168.1.55","192.168.1.2","TCP","1514","8004  >  49934 [ACK] Seq=437486 Ack=144 Win=65024 Len=1448 TSval=2916033581 TSecr=3045553355 [TCP segment of a reassembled PDU]"
"9951","29.500982903","192.168.1.55","192.168.1.2","TCP","1514","8004  >  49934 [ACK] Seq=438934 Ack=144 Win=65024 Len=1448 TSval=2916033581 TSecr=3045553355 [TCP segment of a reassembled PDU]"
"9952","29.500984310","192.168.1.55","192.168.1.2","TCP","1514","8004  >  49934 [PSH, ACK] Seq=440382 Ack=144 Win=65024 Len=1448 TSval=2916033581 TSecr=3045553355 [TCP segment of a reassembled PDU]"
"9953","29.501027311","192.168.1.55","192.168.1.2","TCP","1514","8004  >  49934 [ACK] Seq=441830 Ack=144 Win=65024 Len=1448 TSval=2916033581 TSecr=3045553355 [TCP segment of a reassembled PDU]"
"9954","29.501029162","192.168.1.55","192.168.1.2","TCP","1514","8004  >  49934 [ACK] Seq=443278 Ack=144 Win=65024 Len=1448 TSval=2916033581 TSecr=3045553355 [TCP segment of a reassembled PDU]"
"9955","29.501030644","192.168.1.55","192.168.1.2","TCP","1514","8004  >  49934 [ACK] Seq=444726 Ack=144 Win=65024 Len=1448 TSval=2916033581 TSecr=3045553355 [TCP segment of a reassembled PDU]"
"9956","29.501032144","192.168.1.55","192.168.1.2","TCP","1514","8004  >  49934 [ACK] Seq=446174 Ack=144 Win=65024 Len=1448 TSval=2916033581 TSecr=3045553355 [TCP segment of a reassembled PDU]"
"9957","29.501033736","192.168.1.55","192.168.1.2","TCP","1514","8004  >  49934 [ACK] Seq=447622 Ack=144 Win=65024 Len=1448 TSval=2916033581 TSecr=3045553355 [TCP segment of a reassembled PDU]"
"9958","29.501035088","192.168.1.55","192.168.1.2","TCP","1514","8004  >  49934 [ACK] Seq=449070 Ack=144 Win=65024 Len=1448 TSval=2916033581 TSecr=3045553355 [TCP segment of a reassembled PDU]"
"9959","29.501036718","192.168.1.55","192.168.1.2","TCP","1514","8004  >  49934 [ACK] Seq=450518 Ack=144 Win=65024 Len=1448 TSval=2916033581 TSecr=3045553355 [TCP segment of a reassembled PDU]"
"9960","29.501038199","192.168.1.55","192.168.1.2","TCP","1514","8004  >  49934 [ACK] Seq=451966 Ack=144 Win=65024 Len=1448 TSval=2916033581 TSecr=3045553355 [TCP segment of a reassembled PDU]"
"9961","29.501039625","192.168.1.55","192.168.1.2","TCP","1514","8004  >  49934 [ACK] Seq=453414 Ack=144 Win=65024 Len=1448 TSval=2916033581 TSecr=3045553355 [TCP segment of a reassembled PDU]"
"9962","29.501041051","192.168.1.55","192.168.1.2","TCP","1514","8004  >  49934 [ACK] Seq=454862 Ack=144 Win=65024 Len=1448 TSval=2916033581 TSecr=3045553355 [TCP segment of a reassembled PDU]"
"9963","29.501042514","192.168.1.55","192.168.1.2","TCP","1514","8004  >  49934 [ACK] Seq=456310 Ack=144 Win=65024 Len=1448 TSval=2916033581 TSecr=3045553355 [TCP segment of a reassembled PDU]"
"9964","29.501044033","192.168.1.55","192.168.1.2","TCP","1514","8004  >  49934 [ACK] Seq=457758 Ack=144 Win=65024 Len=1448 TSval=2916033581 TSecr=3045553355 [TCP segment of a reassembled PDU]"
"9965","29.501045533","192.168.1.55","192.168.1.2","TCP","1514","8004  >  49934 [ACK] Seq=459206 Ack=144 Win=65024 Len=1448 TSval=2916033581 TSecr=3045553355 [TCP segment of a reassembled PDU]"
"9966","29.501046940","192.168.1.55","192.168.1.2","TCP","1514","8004  >  49934 [ACK] Seq=460654 Ack=144 Win=65024 Len=1448 TSval=2916033581 TSecr=3045553355 [TCP segment of a reassembled PDU]"
"9967","29.501048385","192.168.1.55","192.168.1.2","TCP","1514","8004  >  49934 [ACK] Seq=462102 Ack=144 Win=65024 Len=1448 TSval=2916033581 TSecr=3045553355 [TCP segment of a reassembled PDU]"
"9968","29.501050107","192.168.1.55","192.168.1.2","TCP","1514","8004  >  49934 [ACK] Seq=463550 Ack=144 Win=65024 Len=1448 TSval=2916033581 TSecr=3045553355 [TCP segment of a reassembled PDU]"
"9969","29.501051848","192.168.1.55","192.168.1.2","TCP","1514","8004  >  49934 [ACK] Seq=464998 Ack=144 Win=65024 Len=1448 TSval=2916033581 TSecr=3045553355 [TCP segment of a reassembled PDU]"
"9970","29.501053218","192.168.1.55","192.168.1.2","TCP","1514","8004  >  49934 [ACK] Seq=466446 Ack=144 Win=65024 Len=1448 TSval=2916033581 TSecr=3045553355 [TCP segment of a reassembled PDU]"
"9971","29.501054533","192.168.1.55","192.168.1.2","TCP","1514","8004  >  49934 [ACK] Seq=467894 Ack=144 Win=65024 Len=1448 TSval=2916033581 TSecr=3045553355 [TCP segment of a reassembled PDU]"
"9972","29.501055977","192.168.1.55","192.168.1.2","TCP","1514","8004  >  49934 [ACK] Seq=469342 Ack=144 Win=65024 Len=1448 TSval=2916033581 TSecr=3045553355 [TCP segment of a reassembled PDU]"
"9973","29.501057588","192.168.1.55","192.168.1.2","TCP","1514","8004  >  49934 [ACK] Seq=470790 Ack=144 Win=65024 Len=1448 TSval=2916033581 TSecr=3045553355 [TCP segment of a reassembled PDU]"
"9974","29.501058922","192.168.1.55","192.168.1.2","TCP","1514","8004  >  49934 [ACK] Seq=472238 Ack=144 Win=65024 Len=1448 TSval=2916033581 TSecr=3045553355 [TCP segment of a reassembled PDU]"
"9975","29.501060514","192.168.1.55","192.168.1.2","TCP","1514","8004  >  49934 [ACK] Seq=473686 Ack=144 Win=65024 Len=1448 TSval=2916033581 TSecr=3045553355 [TCP segment of a reassembled PDU]"
"9976","29.501061996","192.168.1.55","192.168.1.2","TCP","1514","8004  >  49934 [ACK] Seq=475134 Ack=144 Win=65024 Len=1448 TSval=2916033581 TSecr=3045553355 [TCP segment of a reassembled PDU]"
"9977","29.501063440","192.168.1.55","192.168.1.2","TCP","1514","8004  >  49934 [ACK] Seq=476582 Ack=144 Win=65024 Len=1448 TSval=2916033581 TSecr=3045553355 [TCP segment of a reassembled PDU]"
"9978","29.501065144","192.168.1.55","192.168.1.2","TCP","1514","8004  >  49934 [ACK] Seq=478030 Ack=144 Win=65024 Len=1448 TSval=2916033581 TSecr=3045553355 [TCP segment of a reassembled PDU]"
"9979","29.501066514","192.168.1.55","192.168.1.2","TCP","1514","8004  >  49934 [ACK] Seq=479478 Ack=144 Win=65024 Len=1448 TSval=2916033581 TSecr=3045553355 [TCP segment of a reassembled PDU]"
"9980","29.501067922","192.168.1.55","192.168.1.2","TCP","1514","8004  >  49934 [ACK] Seq=480926 Ack=144 Win=65024 Len=1448 TSval=2916033581 TSecr=3045553355 [TCP segment of a reassembled PDU]"
"9981","29.501069311","192.168.1.55","192.168.1.2","TCP","1514","8004  >  49934 [ACK] Seq=482374 Ack=144 Win=65024 Len=1448 TSval=2916033581 TSecr=3045553355 [TCP segment of a reassembled PDU]"
"9982","29.501070718","192.168.1.55","192.168.1.2","TCP","1514","8004  >  49934 [ACK] Seq=483822 Ack=144 Win=65024 Len=1448 TSval=2916033581 TSecr=3045553355 [TCP segment of a reassembled PDU]"
"9983","29.501072237","192.168.1.55","192.168.1.2","TCP","1514","8004  >  49934 [ACK] Seq=485270 Ack=144 Win=65024 Len=1448 TSval=2916033581 TSecr=3045553355 [TCP segment of a reassembled PDU]"
"9984","29.501073644","192.168.1.55","192.168.1.2","TCP","114","[TCP Window Full] 8004  >  49934 [PSH, ACK] Seq=486718 Ack=144 Win=65024 Len=48 TSval=2916033581 TSecr=3045553355 [TCP segment of a reassembled PDU]"
"9985","29.501078033","192.168.1.2","192.168.1.55","TCP","66","49934  >  8004 [ACK] Seq=144 Ack=370878 Win=118784 Len=0 TSval=3045553355 TSecr=2916033574"
"9986","29.501951905","192.168.1.55","192.168.1.2","TCP","1466","8004  >  49934 [ACK] Seq=486766 Ack=144 Win=65024 Len=1400 TSval=2916033582 TSecr=3045553355 [TCP segment of a reassembled PDU]"
"9987","29.501959071","192.168.1.55","192.168.1.2","TCP","1514","8004  >  49934 [ACK] Seq=488166 Ack=144 Win=65024 Len=1448 TSval=2916033582 TSecr=3045553355 [TCP segment of a reassembled PDU]"
"9988","29.507906377","192.168.1.2","192.168.1.55","TCP","66","49934  >  8004 [ACK] Seq=144 Ack=395494 Win=118784 Len=0 TSval=3045553363 TSecr=2916033580"
"9989","29.507923840","192.168.1.55","192.168.1.2","TCP","1514","8004  >  49934 [ACK] Seq=489614 Ack=144 Win=65024 Len=1448 TSval=2916033588 TSecr=3045553363 [TCP segment of a reassembled PDU]"
"9990","29.507926877","192.168.1.55","192.168.1.2","TCP","1514","8004  >  49934 [ACK] Seq=491062 Ack=144 Win=65024 Len=1448 TSval=2916033588 TSecr=3045553363 [TCP segment of a reassembled PDU]"
"9991","29.507928321","192.168.1.55","192.168.1.2","TCP","1514","8004  >  49934 [ACK] Seq=492510 Ack=144 Win=65024 Len=1448 TSval=2916033588 TSecr=3045553363 [TCP segment of a reassembled PDU]"
"9992","29.507929618","192.168.1.55","192.168.1.2","TCP","1514","8004  >  49934 [ACK] Seq=493958 Ack=144 Win=65024 Len=1448 TSval=2916033588 TSecr=3045553363 [TCP segment of a reassembled PDU]"
"9993","29.507930895","192.168.1.55","192.168.1.2","TCP","1514","8004  >  49934 [ACK] Seq=495406 Ack=144 Win=65024 Len=1448 TSval=2916033588 TSecr=3045553363 [TCP segment of a reassembled PDU]"
"9994","29.507932266","192.168.1.55","192.168.1.2","TCP","1514","8004  >  49934 [PSH, ACK] Seq=496854 Ack=144 Win=65024 Len=1448 TSval=2916033588 TSecr=3045553363 [TCP segment of a reassembled PDU]"
"9995","29.507936877","192.168.1.55","192.168.1.2","HTTP","222","HTTP/1.0 200 OK  (PNG)"
"9996","29.508472804","192.168.1.2","192.168.1.55","TCP","66","49934  >  8004 [ACK] Seq=144 Ack=425902 Win=132096 Len=0 TSval=3045553364 TSecr=2916033581"
"9997","29.508637563","192.168.1.2","192.168.1.55","TCP","66","49934  >  8004 [ACK] Seq=144 Ack=441830 Win=116736 Len=0 TSval=3045553364 TSecr=2916033581"
"9998","29.508644434","192.168.1.2","192.168.1.55","TCP","66","49934  >  8004 [ACK] Seq=144 Ack=486766 Win=98304 Len=0 TSval=3045553364 TSecr=2916033581"
"9999","29.508649711","192.168.1.2","192.168.1.55","TCP","66","49934  >  8004 [ACK] Seq=144 Ack=489614 Win=98304 Len=0 TSval=3045553364 TSecr=2916033582"
"10000","29.509662268","192.168.1.2","192.168.1.55","TCP","66","49934  >  8004 [ACK] Seq=144 Ack=491062 Win=135168 Len=0 TSval=3045553365 TSecr=2916033588"
"10001","29.509772120","192.168.1.2","192.168.1.55","TCP","66","49934  >  8004 [ACK] Seq=144 Ack=492510 Win=138240 Len=0 TSval=3045553365 TSecr=2916033588"
"10002","29.511173141","192.168.1.2","192.168.1.55","TCP","66","49934  >  8004 [ACK] Seq=144 Ack=498302 Win=149504 Len=0 TSval=3045553367 TSecr=2916033588"
"10003","29.513182292","192.168.1.2","192.168.1.55","TCP","66","49934  >  8004 [FIN, ACK] Seq=144 Ack=498459 Win=152576 Len=0 TSval=3045553368 TSecr=2916033588"
"10004","29.513202700","192.168.1.55","192.168.1.2","TCP","66","8004  >  49934 [ACK] Seq=498459 Ack=145 Win=65024 Len=0 TSval=2916033593 TSecr=3045553368"
"10005","29.513321367","192.168.1.2","192.168.1.55","TCP","74","49938  >  8004 [SYN] Seq=0 Win=64240 Len=0 MSS=1460 SACK_PERM TSval=3045553368 TSecr=0 WS=1024"
"10006","29.513345867","192.168.1.55","192.168.1.2","TCP","74","8004  >  49938 [SYN, ACK] Seq=0 Ack=1 Win=65160 Len=0 MSS=1460 SACK_PERM TSval=2916033594 TSecr=3045553368 WS=128"
"10007","29.516496649","192.168.1.2","192.168.1.55","TCP","66","49938  >  8004 [ACK] Seq=1 Ack=1 Win=64512 Len=0 TSval=3045553371 TSecr=2916033594"
"10008","29.519707210","192.168.1.2","192.168.1.55","HTTP","206","GET /stego_benchmark.png HTTP/1.1 "
"10009","29.519724395","192.168.1.55","192.168.1.2","TCP","66","8004  >  49938 [ACK] Seq=1 Ack=141 Win=65024 Len=0 TSval=2916033600 TSecr=3045553371"
"10010","29.520199655","192.168.1.55","192.168.1.2","TCP","255","8004  >  49938 [PSH, ACK] Seq=1 Ack=141 Win=65024 Len=189 TSval=2916033600 TSecr=3045553371 [TCP segment of a reassembled PDU]"
"10011","29.520286285","192.168.1.55","192.168.1.2","TCP","1514","8004  >  49938 [ACK] Seq=190 Ack=141 Win=65024 Len=1448 TSval=2916033600 TSecr=3045553371 [TCP segment of a reassembled PDU]"
"10012","29.520291081","192.168.1.55","192.168.1.2","TCP","1514","8004  >  49938 [ACK] Seq=1638 Ack=141 Win=65024 Len=1448 TSval=2916033600 TSecr=3045553371 [TCP segment of a reassembled PDU]"
"10013","29.520302267","192.168.1.55","192.168.1.2","TCP","1514","8004  >  49938 [ACK] Seq=3086 Ack=141 Win=65024 Len=1448 TSval=2916033600 TSecr=3045553371 [TCP segment of a reassembled PDU]"
"10014","29.520303970","192.168.1.55","192.168.1.2","TCP","1514","8004  >  49938 [ACK] Seq=4534 Ack=141 Win=65024 Len=1448 TSval=2916033600 TSecr=3045553371 [TCP segment of a reassembled PDU]"
"10015","29.520305581","192.168.1.55","192.168.1.2","TCP","1514","8004  >  49938 [PSH, ACK] Seq=5982 Ack=141 Win=65024 Len=1448 TSval=2916033600 TSecr=3045553371 [TCP segment of a reassembled PDU]"
"10016","29.520325359","192.168.1.55","192.168.1.2","TCP","1514","8004  >  49938 [ACK] Seq=7430 Ack=141 Win=65024 Len=1448 TSval=2916033601 TSecr=3045553371 [TCP segment of a reassembled PDU]"
"10017","29.520327063","192.168.1.55","192.168.1.2","TCP","1514","8004  >  49938 [ACK] Seq=8878 Ack=141 Win=65024 Len=1448 TSval=2916033601 TSecr=3045553371 [TCP segment of a reassembled PDU]"
"10018","29.520328470","192.168.1.55","192.168.1.2","TCP","1514","8004  >  49938 [ACK] Seq=10326 Ack=141 Win=65024 Len=1448 TSval=2916033601 TSecr=3045553371 [TCP segment of a reassembled PDU]"
"10019","29.520329878","192.168.1.55","192.168.1.2","TCP","1514","8004  >  49938 [PSH, ACK] Seq=11774 Ack=141 Win=65024 Len=1448 TSval=2916033601 TSecr=3045553371 [TCP segment of a reassembled PDU]"
"10020","29.524106161","192.168.1.2","192.168.1.55","TCP","66","49938  >  8004 [ACK] Seq=141 Ack=190 Win=64512 Len=0 TSval=3045553378 TSecr=2916033600"
"10021","29.524246421","192.168.1.55","192.168.1.2","TCP","1514","8004  >  49938 [ACK] Seq=13222 Ack=141 Win=65024 Len=1448 TSval=2916033604 TSecr=3045553378 [TCP segment of a reassembled PDU]"
"10022","29.524256717","192.168.1.55","192.168.1.2","TCP","1514","8004  >  49938 [PSH, ACK] Seq=14670 Ack=141 Win=65024 Len=1448 TSval=2916033604 TSecr=3045553378 [TCP segment of a reassembled PDU]"
"10023","29.524418310","192.168.1.2","192.168.1.55","TCP","66","49938  >  8004 [ACK] Seq=141 Ack=10326 Win=77824 Len=0 TSval=3045553378 TSecr=2916033600"
"10024","29.524524144","192.168.1.55","192.168.1.2","TCP","1514","8004  >  49938 [ACK] Seq=16118 Ack=141 Win=65024 Len=1448 TSval=2916033605 TSecr=3045553378 [TCP segment of a reassembled PDU]"
"10025","29.524531384","192.168.1.55","192.168.1.2","TCP","1514","8004  >  49938 [ACK] Seq=17566 Ack=141 Win=65024 Len=1448 TSval=2916033605 TSecr=3045553378 [TCP segment of a reassembled PDU]"
"10026","29.524534125","192.168.1.55","192.168.1.2","TCP","1514","8004  >  49938 [ACK] Seq=19014 Ack=141 Win=65024 Len=1448 TSval=2916033605 TSecr=3045553378 [TCP segment of a reassembled PDU]"
"10027","29.524536347","192.168.1.55","192.168.1.2","TCP","1514","8004  >  49938 [ACK] Seq=20462 Ack=141 Win=65024 Len=1448 TSval=2916033605 TSecr=3045553378 [TCP segment of a reassembled PDU]"
"10028","29.524538273","192.168.1.55","192.168.1.2","TCP","1514","8004  >  49938 [ACK] Seq=21910 Ack=141 Win=65024 Len=1448 TSval=2916033605 TSecr=3045553378 [TCP segment of a reassembled PDU]"
"10029","29.524540514","192.168.1.55","192.168.1.2","TCP","1514","8004  >  49938 [ACK] Seq=23358 Ack=141 Win=65024 Len=1448 TSval=2916033605 TSecr=3045553378 [TCP segment of a reassembled PDU]"
"10030","29.524543107","192.168.1.55","192.168.1.2","TCP","1514","8004  >  49938 [ACK] Seq=24806 Ack=141 Win=65024 Len=1448 TSval=2916033605 TSecr=3045553378 [TCP segment of a reassembled PDU]"
"10031","29.524545977","192.168.1.55","192.168.1.2","TCP","1514","8004  >  49938 [ACK] Seq=26254 Ack=141 Win=65024 Len=1448 TSval=2916033605 TSecr=3045553378 [TCP segment of a reassembled PDU]"
"10032","29.524548107","192.168.1.55","192.168.1.2","TCP","1514","8004  >  49938 [PSH, ACK] Seq=27702 Ack=141 Win=65024 Len=1448 TSval=2916033605 TSecr=3045553378 [TCP segment of a reassembled PDU]"
"10033","29.524571681","192.168.1.2","192.168.1.55","TCP","66","49938  >  8004 [ACK] Seq=141 Ack=13222 Win=83968 Len=0 TSval=3045553379 TSecr=2916033601"
"10034","29.524644088","192.168.1.55","192.168.1.2","TCP","1514","8004  >  49938 [ACK] Seq=29150 Ack=141 Win=65024 Len=1448 TSval=2916033605 TSecr=3045553379 [TCP segment of a reassembled PDU]"
"10035","29.524651847","192.168.1.55","192.168.1.2","TCP","1514","8004  >  49938 [ACK] Seq=30598 Ack=141 Win=65024 Len=1448 TSval=2916033605 TSecr=3045553379 [TCP segment of a reassembled PDU]"
"10036","29.524654107","192.168.1.55","192.168.1.2","TCP","1514","8004  >  49938 [ACK] Seq=32046 Ack=141 Win=65024 Len=1448 TSval=2916033605 TSecr=3045553379 [TCP segment of a reassembled PDU]"
"10037","29.524656625","192.168.1.55","192.168.1.2","TCP","1514","8004  >  49938 [ACK] Seq=33494 Ack=141 Win=65024 Len=1448 TSval=2916033605 TSecr=3045553379 [TCP segment of a reassembled PDU]"
"10038","29.524659070","192.168.1.55","192.168.1.2","TCP","1514","8004  >  49938 [ACK] Seq=34942 Ack=141 Win=65024 Len=1448 TSval=2916033605 TSecr=3045553379 [TCP segment of a reassembled PDU]"
"10039","29.524661607","192.168.1.55","192.168.1.2","TCP","1514","8004  >  49938 [ACK] Seq=36390 Ack=141 Win=65024 Len=1448 TSval=2916033605 TSecr=3045553379 [TCP segment of a reassembled PDU]"
"10040","29.524663755","192.168.1.55","192.168.1.2","TCP","1514","8004  >  49938 [ACK] Seq=37838 Ack=141 Win=65024 Len=1448 TSval=2916033605 TSecr=3045553379 [TCP segment of a reassembled PDU]"
"10041","29.524667144","192.168.1.55","192.168.1.2","TCP","1514","8004  >  49938 [ACK] Seq=39286 Ack=141 Win=65024 Len=1448 TSval=2916033605 TSecr=3045553379 [TCP segment of a reassembled PDU]"
"10042","29.524672125","192.168.1.55","192.168.1.2","TCP","1514","8004  >  49938 [PSH, ACK] Seq=40734 Ack=141 Win=65024 Len=1448 TSval=2916033605 TSecr=3045553379 [TCP segment of a reassembled PDU]"
"10043","29.529009002","192.168.1.2","192.168.1.55","TCP","66","49938  >  8004 [ACK] Seq=141 Ack=16118 Win=89088 Len=0 TSval=3045553383 TSecr=2916033604"
"10044","29.529048836","192.168.1.55","192.168.1.2","TCP","1514","8004  >  49938 [ACK] Seq=42182 Ack=141 Win=65024 Len=1448 TSval=2916033609 TSecr=3045553383 [TCP segment of a reassembled PDU]"
"10045","29.529053410","192.168.1.55","192.168.1.2","TCP","1514","8004  >  49938 [PSH, ACK] Seq=43630 Ack=141 Win=65024 Len=1448 TSval=2916033609 TSecr=3045553383 [TCP segment of a reassembled PDU]"
"10046","29.529118428","192.168.1.2","192.168.1.55","TCP","66","49938  >  8004 [ACK] Seq=141 Ack=29150 Win=83968 Len=0 TSval=3045553383 TSecr=2916033605"
"10047","29.529156021","192.168.1.55","192.168.1.2","TCP","1514","8004  >  49938 [ACK] Seq=45078 Ack=141 Win=65024 Len=1448 TSval=2916033609 TSecr=3045553383 [TCP segment of a reassembled PDU]"
"10048","29.529158003","192.168.1.55","192.168.1.2","TCP","1514","8004  >  49938 [ACK] Seq=46526 Ack=141 Win=65024 Len=1448 TSval=2916033609 TSecr=3045553383 [TCP segment of a reassembled PDU]"
"10049","29.529159540","192.168.1.55","192.168.1.2","TCP","1514","8004  >  49938 [ACK] Seq=47974 Ack=141 Win=65024 Len=1448 TSval=2916033609 TSecr=3045553383 [TCP segment of a reassembled PDU]"
"10050","29.529161429","192.168.1.55","192.168.1.2","TCP","1514","8004  >  49938 [ACK] Seq=49422 Ack=141 Win=65024 Len=1448 TSval=2916033609 TSecr=3045553383 [TCP segment of a reassembled PDU]"
"10051","29.529163021","192.168.1.55","192.168.1.2","TCP","1514","8004  >  49938 [ACK] Seq=50870 Ack=141 Win=65024 Len=1448 TSval=2916033609 TSecr=3045553383 [TCP segment of a reassembled PDU]"
"10052","29.529164595","192.168.1.55","192.168.1.2","TCP","1514","8004  >  49938 [ACK] Seq=52318 Ack=141 Win=65024 Len=1448 TSval=2916033609 TSecr=3045553383 [TCP segment of a reassembled PDU]"
"10053","29.529167225","192.168.1.55","192.168.1.2","TCP","1514","8004  >  49938 [ACK] Seq=53766 Ack=141 Win=65024 Len=1448 TSval=2916033609 TSecr=3045553383 [TCP segment of a reassembled PDU]"
"10054","29.529169021","192.168.1.55","192.168.1.2","TCP","1514","8004  >  49938 [ACK] Seq=55214 Ack=141 Win=65024 Len=1448 TSval=2916033609 TSecr=3045553383 [TCP segment of a reassembled PDU]"
"10055","29.529170873","192.168.1.55","192.168.1.2","TCP","1514","8004  >  49938 [ACK] Seq=56662 Ack=141 Win=65024 Len=1448 TSval=2916033609 TSecr=3045553383 [TCP segment of a reassembled PDU]"
"10056","29.529172614","192.168.1.55","192.168.1.2","TCP","1514","8004  >  49938 [ACK] Seq=58110 Ack=141 Win=65024 Len=1448 TSval=2916033609 TSecr=3045553383 [TCP segment of a reassembled PDU]"
"10057","29.529174392","192.168.1.55","192.168.1.2","TCP","1514","8004  >  49938 [ACK] Seq=59558 Ack=141 Win=65024 Len=1448 TSval=2916033609 TSecr=3045553383 [TCP segment of a reassembled PDU]"
"10058","29.529176169","192.168.1.55","192.168.1.2","TCP","1514","8004  >  49938 [ACK] Seq=61006 Ack=141 Win=65024 Len=1448 TSval=2916033609 TSecr=3045553383 [TCP segment of a reassembled PDU]"
"10059","29.529177873","192.168.1.55","192.168.1.2","TCP","1514","8004  >  49938 [ACK] Seq=62454 Ack=141 Win=65024 Len=1448 TSval=2916033609 TSecr=3045553383 [TCP segment of a reassembled PDU]"
"10060","29.529179206","192.168.1.55","192.168.1.2","TCP","1514","8004  >  49938 [ACK] Seq=63902 Ack=141 Win=65024 Len=1448 TSval=2916033609 TSecr=3045553383 [TCP segment of a reassembled PDU]"
"10061","29.529181595","192.168.1.55","192.168.1.2","TCP","1514","8004  >  49938 [PSH, ACK] Seq=65350 Ack=141 Win=65024 Len=1448 TSval=2916033609 TSecr=3045553383 [TCP segment of a reassembled PDU]"
"10062","29.529188354","192.168.1.2","192.168.1.55","TCP","66","49938  >  8004 [ACK] Seq=141 Ack=36390 Win=76800 Len=0 TSval=3045553383 TSecr=2916033605"
"10063","29.529214280","192.168.1.55","192.168.1.2","TCP","1514","8004  >  49938 [ACK] Seq=66798 Ack=141 Win=65024 Len=1448 TSval=2916033609 TSecr=3045553383 [TCP segment of a reassembled PDU]"
"10064","29.529216169","192.168.1.55","192.168.1.2","TCP","1514","8004  >  49938 [ACK] Seq=68246 Ack=141 Win=65024 Len=1448 TSval=2916033609 TSecr=3045553383 [TCP segment of a reassembled PDU]"
"10065","29.529217577","192.168.1.55","192.168.1.2","TCP","1514","8004  >  49938 [ACK] Seq=69694 Ack=141 Win=65024 Len=1448 TSval=2916033609 TSecr=3045553383 [TCP segment of a reassembled PDU]"
"10066","29.529219503","192.168.1.55","192.168.1.2","TCP","1514","8004  >  49938 [ACK] Seq=71142 Ack=141 Win=65024 Len=1448 TSval=2916033609 TSecr=3045553383 [TCP segment of a reassembled PDU]"
"10067","29.529220966","192.168.1.55","192.168.1.2","TCP","1514","8004  >  49938 [ACK] Seq=72590 Ack=141 Win=65024 Len=1448 TSval=2916033609 TSecr=3045553383 [TCP segment of a reassembled PDU]"
"10068","29.529222225","192.168.1.55","192.168.1.2","TCP","1514","8004  >  49938 [ACK] Seq=74038 Ack=141 Win=65024 Len=1448 TSval=2916033609 TSecr=3045553383 [TCP segment of a reassembled PDU]"
"10069","29.529223614","192.168.1.55","192.168.1.2","TCP","1514","8004  >  49938 [PSH, ACK] Seq=75486 Ack=141 Win=65024 Len=1448 TSval=2916033609 TSecr=3045553383 [TCP segment of a reassembled PDU]"
"10070","29.531925822","192.168.1.2","192.168.1.55","TCP","66","49938  >  8004 [ACK] Seq=141 Ack=42182 Win=91136 Len=0 TSval=3045553384 TSecr=2916033605"
"10071","29.532000859","192.168.1.55","192.168.1.2","TCP","1514","8004  >  49938 [ACK] Seq=76934 Ack=141 Win=65024 Len=1448 TSval=2916033612 TSecr=3045553384 [TCP segment of a reassembled PDU]"
"10072","29.532007174","192.168.1.55","192.168.1.2","TCP","1514","8004  >  49938 [ACK] Seq=78382 Ack=141 Win=65024 Len=1448 TSval=2916033612 TSecr=3045553384 [TCP segment of a reassembled PDU]"
"10073","29.532008933","192.168.1.55","192.168.1.2","TCP","1514","8004  >  49938 [ACK] Seq=79830 Ack=141 Win=65024 Len=1448 TSval=2916033612 TSecr=3045553384 [TCP segment of a reassembled PDU]"
"10074","29.532010285","192.168.1.55","192.168.1.2","TCP","1514","8004  >  49938 [ACK] Seq=81278 Ack=141 Win=65024 Len=1448 TSval=2916033612 TSecr=3045553384 [TCP segment of a reassembled PDU]"
"10075","29.532012137","192.168.1.55","192.168.1.2","TCP","1514","8004  >  49938 [ACK] Seq=82726 Ack=141 Win=65024 Len=1448 TSval=2916033612 TSecr=3045553384 [TCP segment of a reassembled PDU]"
"10076","29.532013526","192.168.1.55","192.168.1.2","TCP","1514","8004  >  49938 [ACK] Seq=84174 Ack=141 Win=65024 Len=1448 TSval=2916033612 TSecr=3045553384 [TCP segment of a reassembled PDU]"
"10077","29.532014896","192.168.1.55","192.168.1.2","TCP","1514","8004  >  49938 [ACK] Seq=85622 Ack=141 Win=65024 Len=1448 TSval=2916033612 TSecr=3045553384 [TCP segment of a reassembled PDU]"
"10078","29.532016248","192.168.1.55","192.168.1.2","TCP","1514","8004  >  49938 [ACK] Seq=87070 Ack=141 Win=65024 Len=1448 TSval=2916033612 TSecr=3045553384 [TCP segment of a reassembled PDU]"
"10079","29.532018600","192.168.1.55","192.168.1.2","TCP","1514","8004  >  49938 [ACK] Seq=88518 Ack=141 Win=65024 Len=1448 TSval=2916033612 TSecr=3045553384 [TCP segment of a reassembled PDU]"
"10080","29.532020377","192.168.1.55","192.168.1.2","TCP","1514","8004  >  49938 [ACK] Seq=89966 Ack=141 Win=65024 Len=1448 TSval=2916033612 TSecr=3045553384 [TCP segment of a reassembled PDU]"
"10081","29.532022137","192.168.1.55","192.168.1.2","TCP","1514","8004  >  49938 [ACK] Seq=91414 Ack=141 Win=65024 Len=1448 TSval=2916033612 TSecr=3045553384 [TCP segment of a reassembled PDU]"
"10082","29.532023600","192.168.1.55","192.168.1.2","TCP","1514","8004  >  49938 [ACK] Seq=92862 Ack=141 Win=65024 Len=1448 TSval=2916033612 TSecr=3045553384 [TCP segment of a reassembled PDU]"
"10083","29.532025452","192.168.1.55","192.168.1.2","TCP","1514","8004  >  49938 [ACK] Seq=94310 Ack=141 Win=65024 Len=1448 TSval=2916033612 TSecr=3045553384 [TCP segment of a reassembled PDU]"
"10084","29.532027063","192.168.1.55","192.168.1.2","TCP","1514","8004  >  49938 [ACK] Seq=95758 Ack=141 Win=65024 Len=1448 TSval=2916033612 TSecr=3045553384 [TCP segment of a reassembled PDU]"
"10085","29.532029303","192.168.1.55","192.168.1.2","TCP","1514","8004  >  49938 [ACK] Seq=97206 Ack=141 Win=65024 Len=1448 TSval=2916033612 TSecr=3045553384 [TCP segment of a reassembled PDU]"
"10086","29.532031063","192.168.1.55","192.168.1.2","TCP","1514","8004  >  49938 [PSH, ACK] Seq=98654 Ack=141 Win=65024 Len=1448 TSval=2916033612 TSecr=3045553384 [TCP segment of a reassembled PDU]"
"10087","29.534518048","192.168.1.2","192.168.1.55","TCP","66","49938  >  8004 [ACK] Seq=141 Ack=45078 Win=91136 Len=0 TSval=3045553388 TSecr=2916033609"
"10088","29.534535178","192.168.1.55","192.168.1.2","TCP","1514","8004  >  49938 [ACK] Seq=100102 Ack=141 Win=65024 Len=1448 TSval=2916033615 TSecr=3045553388 [TCP segment of a reassembled PDU]"
"10089","29.534538567","192.168.1.55","192.168.1.2","TCP","1514","8004  >  49938 [ACK] Seq=101550 Ack=141 Win=65024 Len=1448 TSval=2916033615 TSecr=3045553388 [TCP segment of a reassembled PDU]"
"10090","29.534541067","192.168.1.55","192.168.1.2","TCP","1514","8004  >  49938 [ACK] Seq=102998 Ack=141 Win=65024 Len=1448 TSval=2916033615 TSecr=3045553388 [TCP segment of a reassembled PDU]"
"10091","29.534542678","192.168.1.55","192.168.1.2","TCP","1514","8004  >  49938 [PSH, ACK] Seq=104446 Ack=141 Win=65024 Len=1448 TSval=2916033615 TSecr=3045553388 [TCP segment of a reassembled PDU]"
"10092","29.535789531","192.168.1.2","192.168.1.55","TCP","66","49938  >  8004 [ACK] Seq=141 Ack=66798 Win=75776 Len=0 TSval=3045553388 TSecr=2916033609"
"10093","29.535811587","192.168.1.55","192.168.1.2","TCP","1514","8004  >  49938 [ACK] Seq=105894 Ack=141 Win=65024 Len=1448 TSval=2916033616 TSecr=3045553388 [TCP segment of a reassembled PDU]"
"10094","29.535813550","192.168.1.55","192.168.1.2","TCP","1514","8004  >  49938 [ACK] Seq=107342 Ack=141 Win=65024 Len=1448 TSval=2916033616 TSecr=3045553388 [TCP segment of a reassembled PDU]"
"10095","29.535814939","192.168.1.55","192.168.1.2","TCP","1514","8004  >  49938 [ACK] Seq=108790 Ack=141 Win=65024 Len=1448 TSval=2916033616 TSecr=3045553388 [TCP segment of a reassembled PDU]"
"10096","29.535816106","192.168.1.55","192.168.1.2","TCP","1514","8004  >  49938 [ACK] Seq=110238 Ack=141 Win=65024 Len=1448 TSval=2916033616 TSecr=3045553388 [TCP segment of a reassembled PDU]"
"10097","29.535817291","192.168.1.55","192.168.1.2","TCP","1514","8004  >  49938 [ACK] Seq=111686 Ack=141 Win=65024 Len=1448 TSval=2916033616 TSecr=3045553388 [TCP segment of a reassembled PDU]"
"10098","29.535818494","192.168.1.55","192.168.1.2","TCP","1514","8004  >  49938 [ACK] Seq=113134 Ack=141 Win=65024 Len=1448 TSval=2916033616 TSecr=3045553388 [TCP segment of a reassembled PDU]"
"10099","29.535819606","192.168.1.55","192.168.1.2","TCP","1514","8004  >  49938 [ACK] Seq=114582 Ack=141 Win=65024 Len=1448 TSval=2916033616 TSecr=3045553388 [TCP segment of a reassembled PDU]"
"10100","29.535820791","192.168.1.55","192.168.1.2","TCP","1514","8004  >  49938 [PSH, ACK] Seq=116030 Ack=141 Win=65024 Len=1448 TSval=2916033616 TSecr=3045553388 [TCP segment of a reassembled PDU]"
"10101","29.535826569","192.168.1.2","192.168.1.55","TCP","66","49938  >  8004 [ACK] Seq=141 Ack=69694 Win=73728 Len=0 TSval=3045553388 TSecr=2916033609"
"10102","29.535851680","192.168.1.55","192.168.1.2","TCP","1514","8004  >  49938 [ACK] Seq=117478 Ack=141 Win=65024 Len=1448 TSval=2916033616 TSecr=3045553388 [TCP segment of a reassembled PDU]"
"10103","29.535853587","192.168.1.55","192.168.1.2","TCP","1514","8004  >  49938 [ACK] Seq=118926 Ack=141 Win=65024 Len=1448 TSval=2916033616 TSecr=3045553388 [TCP segment of a reassembled PDU]"
"10104","29.535854680","192.168.1.55","192.168.1.2","TCP","1514","8004  >  49938 [ACK] Seq=120374 Ack=141 Win=65024 Len=1448 TSval=2916033616 TSecr=3045553388 [TCP segment of a reassembled PDU]"
"10105","29.535855772","192.168.1.55","192.168.1.2","TCP","1514","8004  >  49938 [ACK] Seq=121822 Ack=141 Win=65024 Len=1448 TSval=2916033616 TSecr=3045553388 [TCP segment of a reassembled PDU]"
"10106","29.535857291","192.168.1.55","192.168.1.2","TCP","1514","8004  >  49938 [ACK] Seq=123270 Ack=141 Win=65024 Len=1448 TSval=2916033616 TSecr=3045553388 [TCP segment of a reassembled PDU]"
"10107","29.535858365","192.168.1.55","192.168.1.2","TCP","1514","8004  >  49938 [ACK] Seq=124718 Ack=141 Win=65024 Len=1448 TSval=2916033616 TSecr=3045553388 [TCP segment of a reassembled PDU]"
"10108","29.535859476","192.168.1.55","192.168.1.2","TCP","1514","8004  >  49938 [ACK] Seq=126166 Ack=141 Win=65024 Len=1448 TSval=2916033616 TSecr=3045553388 [TCP segment of a reassembled PDU]"
"10109","29.535860735","192.168.1.55","192.168.1.2","TCP","1514","8004  >  49938 [ACK] Seq=127614 Ack=141 Win=65024 Len=1448 TSval=2916033616 TSecr=3045553388 [TCP segment of a reassembled PDU]"
"10110","29.535861995","192.168.1.55","192.168.1.2","TCP","1514","8004  >  49938 [ACK] Seq=129062 Ack=141 Win=65024 Len=1448 TSval=2916033616 TSecr=3045553388 [TCP segment of a reassembled PDU]"
"10111","29.535863217","192.168.1.55","192.168.1.2","TCP","1514","8004  >  49938 [ACK] Seq=130510 Ack=141 Win=65024 Len=1448 TSval=2916033616 TSecr=3045553388 [TCP segment of a reassembled PDU]"
"10112","29.535864495","192.168.1.55","192.168.1.2","TCP","1514","8004  >  49938 [ACK] Seq=131958 Ack=141 Win=65024 Len=1448 TSval=2916033616 TSecr=3045553388 [TCP segment of a reassembled PDU]"
"10113","29.535866087","192.168.1.55","192.168.1.2","TCP","1514","8004  >  49938 [ACK] Seq=133406 Ack=141 Win=65024 Len=1448 TSval=2916033616 TSecr=3045553388 [TCP segment of a reassembled PDU]"
"10114","29.535867420","192.168.1.55","192.168.1.2","TCP","1514","8004  >  49938 [ACK] Seq=134854 Ack=141 Win=65024 Len=1448 TSval=2916033616 TSecr=3045553388 [TCP segment of a reassembled PDU]"
"10115","29.535868513","192.168.1.55","192.168.1.2","TCP","1514","8004  >  49938 [ACK] Seq=136302 Ack=141 Win=65024 Len=1448 TSval=2916033616 TSecr=3045553388 [TCP segment of a reassembled PDU]"
"10116","29.535869846","192.168.1.55","192.168.1.2","TCP","1514","8004  >  49938 [ACK] Seq=137750 Ack=141 Win=65024 Len=1448 TSval=2916033616 TSecr=3045553388 [TCP segment of a reassembled PDU]"
"10117","29.535870976","192.168.1.55","192.168.1.2","TCP","1514","8004  >  49938 [ACK] Seq=139198 Ack=141 Win=65024 Len=1448 TSval=2916033616 TSecr=3045553388 [TCP segment of a reassembled PDU]"
"10118","29.535872069","192.168.1.55","192.168.1.2","TCP","1514","8004  >  49938 [ACK] Seq=140646 Ack=141 Win=65024 Len=1448 TSval=2916033616 TSecr=3045553388 [TCP segment of a reassembled PDU]"
"10119","29.535873346","192.168.1.55","192.168.1.2","TCP","1394","[TCP Window Full] 8004  >  49938 [PSH, ACK] Seq=142094 Ack=141 Win=65024 Len=1328 TSval=2916033616 TSecr=3045553388 [TCP segment of a reassembled PDU]"
"10120","29.535877346","192.168.1.2","192.168.1.55","TCP","66","49938  >  8004 [ACK] Seq=141 Ack=76934 Win=66560 Len=0 TSval=3045553388 TSecr=2916033609"
"10121","29.537670738","192.168.1.2","192.168.1.55","TCP","66","49938  >  8004 [ACK] Seq=141 Ack=100102 Win=70656 Len=0 TSval=3045553390 TSecr=2916033612"
"10122","29.537704220","192.168.1.55","192.168.1.2","TCP","1514","8004  >  49938 [ACK] Seq=143422 Ack=141 Win=65024 Len=1448 TSval=2916033618 TSecr=3045553390 [TCP segment of a reassembled PDU]"
"10123","29.537708053","192.168.1.55","192.168.1.2","TCP","1514","8004  >  49938 [ACK] Seq=144870 Ack=141 Win=65024 Len=1448 TSval=2916033618 TSecr=3045553390 [TCP segment of a reassembled PDU]"
"10124","29.537709127","192.168.1.55","192.168.1.2","TCP","1514","8004  >  49938 [ACK] Seq=146318 Ack=141 Win=65024 Len=1448 TSval=2916033618 TSecr=3045553390 [TCP segment of a reassembled PDU]"
"10125","29.537710516","192.168.1.55","192.168.1.2","TCP","1514","8004  >  49938 [ACK] Seq=147766 Ack=141 Win=65024 Len=1448 TSval=2916033618 TSecr=3045553390 [TCP segment of a reassembled PDU]"
"10126","29.537711720","192.168.1.55","192.168.1.2","TCP","1514","8004  >  49938 [ACK] Seq=149214 Ack=141 Win=65024 Len=1448 TSval=2916033618 TSecr=3045553390 [TCP segment of a reassembled PDU]"
"10127","29.537712997","192.168.1.55","192.168.1.2","TCP","1514","8004  >  49938 [ACK] Seq=150662 Ack=141 Win=65024 Len=1448 TSval=2916033618 TSecr=3045553390 [TCP segment of a reassembled PDU]"
"10128","29.537714164","192.168.1.55","192.168.1.2","TCP","1514","8004  >  49938 [ACK] Seq=152110 Ack=141 Win=65024 Len=1448 TSval=2916033618 TSecr=3045553390 [TCP segment of a reassembled PDU]"
"10129","29.537715275","192.168.1.55","192.168.1.2","TCP","1514","8004  >  49938 [ACK] Seq=153558 Ack=141 Win=65024 Len=1448 TSval=2916033618 TSecr=3045553390 [TCP segment of a reassembled PDU]"
"10130","29.537716516","192.168.1.55","192.168.1.2","TCP","1514","8004  >  49938 [ACK] Seq=155006 Ack=141 Win=65024 Len=1448 TSval=2916033618 TSecr=3045553390 [TCP segment of a reassembled PDU]"
"10131","29.537718423","192.168.1.55","192.168.1.2","TCP","1514","8004  >  49938 [PSH, ACK] Seq=156454 Ack=141 Win=65024 Len=1448 TSval=2916033618 TSecr=3045553390 [TCP segment of a reassembled PDU]"
"10132","29.537726423","192.168.1.55","192.168.1.2","TCP","186","8004  >  49938 [ACK] Seq=157902 Ack=141 Win=65024 Len=120 TSval=2916033618 TSecr=3045553390 [TCP segment of a reassembled PDU]"
"10133","29.539164685","192.168.1.2","192.168.1.55","TCP","66","49938  >  8004 [ACK] Seq=141 Ack=105894 Win=87040 Len=0 TSval=3045553392 TSecr=2916033615"
"10134","29.539200518","192.168.1.55","192.168.1.2","TCP","1514","8004  >  49938 [ACK] Seq=158022 Ack=141 Win=65024 Len=1448 TSval=2916033619 TSecr=3045553392 [TCP segment of a reassembled PDU]"
"10135","29.539203333","192.168.1.55","192.168.1.2","TCP","1514","8004  >  49938 [ACK] Seq=159470 Ack=141 Win=65024 Len=1448 TSval=2916033619 TSecr=3045553392 [TCP segment of a reassembled PDU]"
"10136","29.539204463","192.168.1.55","192.168.1.2","TCP","1514","8004  >  49938 [ACK] Seq=160918 Ack=141 Win=65024 Len=1448 TSval=2916033619 TSecr=3045553392 [TCP segment of a reassembled PDU]"
"10137","29.539205741","192.168.1.55","192.168.1.2","TCP","1514","8004  >  49938 [ACK] Seq=162366 Ack=141 Win=65024 Len=1448 TSval=2916033619 TSecr=3045553392 [TCP segment of a reassembled PDU]"
"10138","29.539207018","192.168.1.55","192.168.1.2","TCP","1514","8004  >  49938 [ACK] Seq=163814 Ack=141 Win=65024 Len=1448 TSval=2916033619 TSecr=3045553392 [TCP segment of a reassembled PDU]"
"10139","29.539208296","192.168.1.55","192.168.1.2","TCP","1514","8004  >  49938 [ACK] Seq=165262 Ack=141 Win=65024 Len=1448 TSval=2916033619 TSecr=3045553392 [TCP segment of a reassembled PDU]"
"10140","29.539209463","192.168.1.55","192.168.1.2","TCP","1514","8004  >  49938 [ACK] Seq=166710 Ack=141 Win=65024 Len=1448 TSval=2916033619 TSecr=3045553392 [TCP segment of a reassembled PDU]"
"10141","29.539210629","192.168.1.55","192.168.1.2","TCP","1514","8004  >  49938 [ACK] Seq=168158 Ack=141 Win=65024 Len=1448 TSval=2916033619 TSecr=3045553392 [TCP segment of a reassembled PDU]"
"10142","29.539211722","192.168.1.55","192.168.1.2","TCP","1514","8004  >  49938 [ACK] Seq=169606 Ack=141 Win=65024 Len=1448 TSval=2916033619 TSecr=3045553392 [TCP segment of a reassembled PDU]"
"10143","29.539212870","192.168.1.55","192.168.1.2","TCP","1514","8004  >  49938 [ACK] Seq=171054 Ack=141 Win=65024 Len=1448 TSval=2916033619 TSecr=3045553392 [TCP segment of a reassembled PDU]"
"10144","29.539214407","192.168.1.55","192.168.1.2","TCP","1514","8004  >  49938 [ACK] Seq=172502 Ack=141 Win=65024 Len=1448 TSval=2916033619 TSecr=3045553392 [TCP segment of a reassembled PDU]"
"10145","29.539215481","192.168.1.55","192.168.1.2","TCP","1514","8004  >  49938 [ACK] Seq=173950 Ack=141 Win=65024 Len=1448 TSval=2916033619 TSecr=3045553392 [TCP segment of a reassembled PDU]"
"10146","29.539216703","192.168.1.55","192.168.1.2","TCP","1514","8004  >  49938 [ACK] Seq=175398 Ack=141 Win=65024 Len=1448 TSval=2916033619 TSecr=3045553392 [TCP segment of a reassembled PDU]"
"10147","29.539217796","192.168.1.55","192.168.1.2","TCP","1514","8004  >  49938 [ACK] Seq=176846 Ack=141 Win=65024 Len=1448 TSval=2916033619 TSecr=3045553392 [TCP segment of a reassembled PDU]"
"10148","29.539219018","192.168.1.55","192.168.1.2","TCP","1514","8004  >  49938 [ACK] Seq=178294 Ack=141 Win=65024 Len=1448 TSval=2916033619 TSecr=3045553392 [TCP segment of a reassembled PDU]"
"10149","29.539220259","192.168.1.55","192.168.1.2","TCP","1514","8004  >  49938 [ACK] Seq=179742 Ack=141 Win=65024 Len=1448 TSval=2916033619 TSecr=3045553392 [TCP segment of a reassembled PDU]"
"10150","29.539221426","192.168.1.55","192.168.1.2","TCP","1514","8004  >  49938 [ACK] Seq=181190 Ack=141 Win=65024 Len=1448 TSval=2916033619 TSecr=3045553392 [TCP segment of a reassembled PDU]"
"10151","29.539222555","192.168.1.55","192.168.1.2","TCP","1514","8004  >  49938 [ACK] Seq=182638 Ack=141 Win=65024 Len=1448 TSval=2916033619 TSecr=3045553392 [TCP segment of a reassembled PDU]"
"10152","29.539223741","192.168.1.55","192.168.1.2","TCP","1514","8004  >  49938 [ACK] Seq=184086 Ack=141 Win=65024 Len=1448 TSval=2916033619 TSecr=3045553392 [TCP segment of a reassembled PDU]"
"10153","29.539224907","192.168.1.55","192.168.1.2","TCP","1514","8004  >  49938 [ACK] Seq=185534 Ack=141 Win=65024 Len=1448 TSval=2916033619 TSecr=3045553392 [TCP segment of a reassembled PDU]"
"10154","29.539226444","192.168.1.55","192.168.1.2","TCP","1514","8004  >  49938 [ACK] Seq=186982 Ack=141 Win=65024 Len=1448 TSval=2916033619 TSecr=3045553392 [TCP segment of a reassembled PDU]"
"10155","29.539227629","192.168.1.55","192.168.1.2","TCP","1514","8004  >  49938 [ACK] Seq=188430 Ack=141 Win=65024 Len=1448 TSval=2916033619 TSecr=3045553392 [TCP segment of a reassembled PDU]"
"10156","29.539229352","192.168.1.55","192.168.1.2","TCP","1514","8004  >  49938 [ACK] Seq=189878 Ack=141 Win=65024 Len=1448 TSval=2916033619 TSecr=3045553392 [TCP segment of a reassembled PDU]"
"10157","29.539230481","192.168.1.55","192.168.1.2","TCP","1514","8004  >  49938 [PSH, ACK] Seq=191326 Ack=141 Win=65024 Len=1448 TSval=2916033619 TSecr=3045553392 [TCP segment of a reassembled PDU]"
"10158","29.542655301","192.168.1.2","192.168.1.55","TCP","66","49938  >  8004 [ACK] Seq=141 Ack=117478 Win=108544 Len=0 TSval=3045553395 TSecr=2916033616"
"10159","29.542675783","192.168.1.55","192.168.1.2","TCP","1514","8004  >  49938 [ACK] Seq=192774 Ack=141 Win=65024 Len=1448 TSval=2916033623 TSecr=3045553395 [TCP segment of a reassembled PDU]"
"10160","29.542678209","192.168.1.55","192.168.1.2","TCP","1514","8004  >  49938 [ACK] Seq=194222 Ack=141 Win=65024 Len=1448 TSval=2916033623 TSecr=3045553395 [TCP segment of a reassembled PDU]"
"10161","29.542679320","192.168.1.55","192.168.1.2","TCP","1514","8004  >  49938 [ACK] Seq=195670 Ack=141 Win=65024 Len=1448 TSval=2916033623 TSecr=3045553395 [TCP segment of a reassembled PDU]"
"10162","29.542680913","192.168.1.55","192.168.1.2","TCP","1514","8004  >  49938 [ACK] Seq=197118 Ack=141 Win=65024 Len=1448 TSval=2916033623 TSecr=3045553395 [TCP segment of a reassembled PDU]"
"10163","29.542682172","192.168.1.55","192.168.1.2","TCP","1514","8004  >  49938 [ACK] Seq=198566 Ack=141 Win=65024 Len=1448 TSval=2916033623 TSecr=3045553395 [TCP segment of a reassembled PDU]"
"10164","29.542683357","192.168.1.55","192.168.1.2","TCP","1514","8004  >  49938 [PSH, ACK] Seq=200014 Ack=141 Win=65024 Len=1448 TSval=2916033623 TSecr=3045553395 [TCP segment of a reassembled PDU]"
"10165","29.543018358","192.168.1.2","192.168.1.55","TCP","66","49938  >  8004 [ACK] Seq=141 Ack=130510 Win=109568 Len=0 TSval=3045553395 TSecr=2916033616"
"10166","29.543028432","192.168.1.2","192.168.1.55","TCP","66","49938  >  8004 [ACK] Seq=141 Ack=140646 Win=110592 Len=0 TSval=3045553395 TSecr=2916033616"
"10167","29.543054672","192.168.1.55","192.168.1.2","TCP","1514","8004  >  49938 [ACK] Seq=201462 Ack=141 Win=65024 Len=1448 TSval=2916033623 TSecr=3045553395 [TCP segment of a reassembled PDU]"
"10168","29.543056654","192.168.1.55","192.168.1.2","TCP","1514","8004  >  49938 [ACK] Seq=202910 Ack=141 Win=65024 Len=1448 TSval=2916033623 TSecr=3045553395 [TCP segment of a reassembled PDU]"
"10169","29.543058154","192.168.1.55","192.168.1.2","TCP","1514","8004  >  49938 [ACK] Seq=204358 Ack=141 Win=65024 Len=1448 TSval=2916033623 TSecr=3045553395 [TCP segment of a reassembled PDU]"
"10170","29.543059265","192.168.1.55","192.168.1.2","TCP","1514","8004  >  49938 [ACK] Seq=205806 Ack=141 Win=65024 Len=1448 TSval=2916033623 TSecr=3045553395 [TCP segment of a reassembled PDU]"
"10171","29.543060487","192.168.1.55","192.168.1.2","TCP","1514","8004  >  49938 [ACK] Seq=207254 Ack=141 Win=65024 Len=1448 TSval=2916033623 TSecr=3045553395 [TCP segment of a reassembled PDU]"
"10172","29.543061672","192.168.1.55","192.168.1.2","TCP","1514","8004  >  49938 [ACK] Seq=208702 Ack=141 Win=65024 Len=1448 TSval=2916033623 TSecr=3045553395 [TCP segment of a reassembled PDU]"
"10173","29.543062969","192.168.1.55","192.168.1.2","TCP","1514","8004  >  49938 [ACK] Seq=210150 Ack=141 Win=65024 Len=1448 TSval=2916033623 TSecr=3045553395 [TCP segment of a reassembled PDU]"
"10174","29.543064376","192.168.1.55","192.168.1.2","TCP","1514","8004  >  49938 [ACK] Seq=211598 Ack=141 Win=65024 Len=1448 TSval=2916033623 TSecr=3045553395 [TCP segment of a reassembled PDU]"
"10175","29.543066302","192.168.1.55","192.168.1.2","TCP","1514","8004  >  49938 [ACK] Seq=213046 Ack=141 Win=65024 Len=1448 TSval=2916033623 TSecr=3045553395 [TCP segment of a reassembled PDU]"
"10176","29.543067580","192.168.1.55","192.168.1.2","TCP","1514","8004  >  49938 [ACK] Seq=214494 Ack=141 Win=65024 Len=1448 TSval=2916033623 TSecr=3045553395 [TCP segment of a reassembled PDU]"
"10177","29.543068747","192.168.1.55","192.168.1.2","TCP","1514","8004  >  49938 [ACK] Seq=215942 Ack=141 Win=65024 Len=1448 TSval=2916033623 TSecr=3045553395 [TCP segment of a reassembled PDU]"
"10178","29.543070265","192.168.1.55","192.168.1.2","TCP","1514","8004  >  49938 [ACK] Seq=217390 Ack=141 Win=65024 Len=1448 TSval=2916033623 TSecr=3045553395 [TCP segment of a reassembled PDU]"
"10179","29.543071524","192.168.1.55","192.168.1.2","TCP","1514","8004  >  49938 [ACK] Seq=218838 Ack=141 Win=65024 Len=1448 TSval=2916033623 TSecr=3045553395 [TCP segment of a reassembled PDU]"
"10180","29.543072654","192.168.1.55","192.168.1.2","TCP","1514","8004  >  49938 [ACK] Seq=220286 Ack=141 Win=65024 Len=1448 TSval=2916033623 TSecr=3045553395 [TCP segment of a reassembled PDU]"
"10181","29.543073747","192.168.1.55","192.168.1.2","TCP","1514","8004  >  49938 [ACK] Seq=221734 Ack=141 Win=65024 Len=1448 TSval=2916033623 TSecr=3045553395 [TCP segment of a reassembled PDU]"
"10182","29.543075024","192.168.1.55","192.168.1.2","TCP","1514","8004  >  49938 [ACK] Seq=223182 Ack=141 Win=65024 Len=1448 TSval=2916033623 TSecr=3045553395 [TCP segment of a reassembled PDU]"
"10183","29.543076210","192.168.1.55","192.168.1.2","TCP","1514","8004  >  49938 [ACK] Seq=224630 Ack=141 Win=65024 Len=1448 TSval=2916033623 TSecr=3045553395 [TCP segment of a reassembled PDU]"
"10184","29.543077395","192.168.1.55","192.168.1.2","TCP","1514","8004  >  49938 [ACK] Seq=226078 Ack=141 Win=65024 Len=1448 TSval=2916033623 TSecr=3045553395 [TCP segment of a reassembled PDU]"
"10185","29.543078617","192.168.1.55","192.168.1.2","TCP","1514","8004  >  49938 [ACK] Seq=227526 Ack=141 Win=65024 Len=1448 TSval=2916033623 TSecr=3045553395 [TCP segment of a reassembled PDU]"
"10186","29.543080043","192.168.1.55","192.168.1.2","TCP","1514","8004  >  49938 [ACK] Seq=228974 Ack=141 Win=65024 Len=1448 TSval=2916033623 TSecr=3045553395 [TCP segment of a reassembled PDU]"
"10187","29.543081469","192.168.1.55","192.168.1.2","TCP","1514","8004  >  49938 [ACK] Seq=230422 Ack=141 Win=65024 Len=1448 TSval=2916033623 TSecr=3045553395 [TCP segment of a reassembled PDU]"
"10188","29.543082580","192.168.1.55","192.168.1.2","TCP","1514","8004  >  49938 [PSH, ACK] Seq=231870 Ack=141 Win=65024 Len=1448 TSval=2916033623 TSecr=3045553395 [TCP segment of a reassembled PDU]"
"10189","29.543998267","192.168.1.2","192.168.1.55","TCP","66","49938  >  8004 [ACK] Seq=141 Ack=143422 Win=115712 Len=0 TSval=3045553398 TSecr=2916033616"
"10190","29.544160970","192.168.1.2","192.168.1.55","TCP","66","49938  >  8004 [ACK] Seq=141 Ack=153558 Win=111616 Len=0 TSval=3045553398 TSecr=2916033618"
"10191","29.544174545","192.168.1.55","192.168.1.2","TCP","1514","8004  >  49938 [ACK] Seq=233318 Ack=141 Win=65024 Len=1448 TSval=2916033624 TSecr=3045553398 [TCP segment of a reassembled PDU]"
"10192","29.544176970","192.168.1.55","192.168.1.2","TCP","1514","8004  >  49938 [ACK] Seq=234766 Ack=141 Win=65024 Len=1448 TSval=2916033624 TSecr=3045553398 [TCP segment of a reassembled PDU]"
"10193","29.544178156","192.168.1.55","192.168.1.2","TCP","1514","8004  >  49938 [ACK] Seq=236214 Ack=141 Win=65024 Len=1448 TSval=2916033624 TSecr=3045553398 [TCP segment of a reassembled PDU]"
"10194","29.544179248","192.168.1.55","192.168.1.2","TCP","1514","8004  >  49938 [ACK] Seq=237662 Ack=141 Win=65024 Len=1448 TSval=2916033624 TSecr=3045553398 [TCP segment of a reassembled PDU]"
"10195","29.544180508","192.168.1.55","192.168.1.2","TCP","1514","8004  >  49938 [ACK] Seq=239110 Ack=141 Win=65024 Len=1448 TSval=2916033624 TSecr=3045553398 [TCP segment of a reassembled PDU]"
"10196","29.544181674","192.168.1.55","192.168.1.2","TCP","1514","8004  >  49938 [ACK] Seq=240558 Ack=141 Win=65024 Len=1448 TSval=2916033624 TSecr=3045553398 [TCP segment of a reassembled PDU]"
"10197","29.544182748","192.168.1.55","192.168.1.2","TCP","1514","8004  >  49938 [ACK] Seq=242006 Ack=141 Win=65024 Len=1448 TSval=2916033624 TSecr=3045553398 [TCP segment of a reassembled PDU]"
"10198","29.544183933","192.168.1.55","192.168.1.2","TCP","1514","8004  >  49938 [PSH, ACK] Seq=243454 Ack=141 Win=65024 Len=1448 TSval=2916033624 TSecr=3045553398 [TCP segment of a reassembled PDU]"
"10199","29.544187952","192.168.1.2","192.168.1.55","TCP","66","49938  >  8004 [ACK] Seq=141 Ack=157902 Win=117760 Len=0 TSval=3045553398 TSecr=2916033618"
"10200","29.544193100","192.168.1.2","192.168.1.55","TCP","66","49938  >  8004 [ACK] Seq=141 Ack=188430 Win=88064 Len=0 TSval=3045553398 TSecr=2916033618"
"10201","29.544225896","192.168.1.55","192.168.1.2","TCP","1514","8004  >  49938 [ACK] Seq=244902 Ack=141 Win=65024 Len=1448 TSval=2916033624 TSecr=3045553398 [TCP segment of a reassembled PDU]"
"10202","29.544227415","192.168.1.55","192.168.1.2","TCP","1514","8004  >  49938 [ACK] Seq=246350 Ack=141 Win=65024 Len=1448 TSval=2916033624 TSecr=3045553398 [TCP segment of a reassembled PDU]"
"10203","29.544228656","192.168.1.55","192.168.1.2","TCP","1514","8004  >  49938 [ACK] Seq=247798 Ack=141 Win=65024 Len=1448 TSval=2916033624 TSecr=3045553398 [TCP segment of a reassembled PDU]"
"10204","29.544229730","192.168.1.55","192.168.1.2","TCP","1514","8004  >  49938 [ACK] Seq=249246 Ack=141 Win=65024 Len=1448 TSval=2916033624 TSecr=3045553398 [TCP segment of a reassembled PDU]"
"10205","29.544230841","192.168.1.55","192.168.1.2","TCP","1514","8004  >  49938 [ACK] Seq=250694 Ack=141 Win=65024 Len=1448 TSval=2916033624 TSecr=3045553398 [TCP segment of a reassembled PDU]"
"10206","29.544232045","192.168.1.55","192.168.1.2","TCP","1514","8004  >  49938 [ACK] Seq=252142 Ack=141 Win=65024 Len=1448 TSval=2916033624 TSecr=3045553398 [TCP segment of a reassembled PDU]"
"10207","29.544233156","192.168.1.55","192.168.1.2","TCP","1514","8004  >  49938 [ACK] Seq=253590 Ack=141 Win=65024 Len=1448 TSval=2916033624 TSecr=3045553398 [TCP segment of a reassembled PDU]"
"10208","29.544234397","192.168.1.55","192.168.1.2","TCP","1514","8004  >  49938 [ACK] Seq=255038 Ack=141 Win=65024 Len=1448 TSval=2916033624 TSecr=3045553398 [TCP segment of a reassembled PDU]"
"10209","29.544235582","192.168.1.55","192.168.1.2","TCP","1514","8004  >  49938 [ACK] Seq=256486 Ack=141 Win=65024 Len=1448 TSval=2916033624 TSecr=3045553398 [TCP segment of a reassembled PDU]"
"10210","29.544236915","192.168.1.55","192.168.1.2","TCP","1514","8004  >  49938 [ACK] Seq=257934 Ack=141 Win=65024 Len=1448 TSval=2916033624 TSecr=3045553398 [TCP segment of a reassembled PDU]"
"10211","29.544238119","192.168.1.55","192.168.1.2","TCP","1514","8004  >  49938 [ACK] Seq=259382 Ack=141 Win=65024 Len=1448 TSval=2916033624 TSecr=3045553398 [TCP segment of a reassembled PDU]"
"10212","29.544239211","192.168.1.55","192.168.1.2","TCP","1514","8004  >  49938 [ACK] Seq=260830 Ack=141 Win=65024 Len=1448 TSval=2916033624 TSecr=3045553398 [TCP segment of a reassembled PDU]"
"10213","29.544240434","192.168.1.55","192.168.1.2","TCP","1514","8004  >  49938 [ACK] Seq=262278 Ack=141 Win=65024 Len=1448 TSval=2916033624 TSecr=3045553398 [TCP segment of a reassembled PDU]"
"10214","29.544241619","192.168.1.55","192.168.1.2","TCP","1514","8004  >  49938 [ACK] Seq=263726 Ack=141 Win=65024 Len=1448 TSval=2916033624 TSecr=3045553398 [TCP segment of a reassembled PDU]"
"10215","29.544242822","192.168.1.55","192.168.1.2","TCP","1514","8004  >  49938 [ACK] Seq=265174 Ack=141 Win=65024 Len=1448 TSval=2916033624 TSecr=3045553398 [TCP segment of a reassembled PDU]"
"10216","29.544244156","192.168.1.55","192.168.1.2","TCP","1514","8004  >  49938 [ACK] Seq=266622 Ack=141 Win=65024 Len=1448 TSval=2916033624 TSecr=3045553398 [TCP segment of a reassembled PDU]"
"10217","29.544245285","192.168.1.55","192.168.1.2","TCP","1514","8004  >  49938 [ACK] Seq=268070 Ack=141 Win=65024 Len=1448 TSval=2916033624 TSecr=3045553398 [TCP segment of a reassembled PDU]"
"10218","29.544246897","192.168.1.55","192.168.1.2","TCP","1514","8004  >  49938 [ACK] Seq=269518 Ack=141 Win=65024 Len=1448 TSval=2916033624 TSecr=3045553398 [TCP segment of a reassembled PDU]"
"10219","29.544247971","192.168.1.55","192.168.1.2","TCP","1514","8004  >  49938 [ACK] Seq=270966 Ack=141 Win=65024 Len=1448 TSval=2916033624 TSecr=3045553398 [TCP segment of a reassembled PDU]"
"10220","29.544249248","192.168.1.55","192.168.1.2","TCP","1514","8004  >  49938 [ACK] Seq=272414 Ack=141 Win=65024 Len=1448 TSval=2916033624 TSecr=3045553398 [TCP segment of a reassembled PDU]"
"10221","29.544250452","192.168.1.55","192.168.1.2","TCP","1514","8004  >  49938 [ACK] Seq=273862 Ack=141 Win=65024 Len=1448 TSval=2916033624 TSecr=3045553398 [TCP segment of a reassembled PDU]"
"10222","29.544251582","192.168.1.55","192.168.1.2","TCP","1250","[TCP Window Full] 8004  >  49938 [PSH, ACK] Seq=275310 Ack=141 Win=65024 Len=1184 TSval=2916033624 TSecr=3045553398 [TCP segment of a reassembled PDU]"
"10223","29.548828626","192.168.1.2","192.168.1.55","TCP","66","49938  >  8004 [ACK] Seq=141 Ack=189878 Win=118784 Len=0 TSval=3045553400 TSecr=2916033619"
"10224","29.548850052","192.168.1.55","192.168.1.2","TCP","1514","8004  >  49938 [ACK] Seq=276494 Ack=141 Win=65024 Len=1448 TSval=2916033629 TSecr=3045553400 [TCP segment of a reassembled PDU]"
"10225","29.548852885","192.168.1.55","192.168.1.2","TCP","1514","8004  >  49938 [ACK] Seq=277942 Ack=141 Win=65024 Len=1448 TSval=2916033629 TSecr=3045553400 [TCP segment of a reassembled PDU]"
"10226","29.548853867","192.168.1.55","192.168.1.2","TCP","1514","8004  >  49938 [ACK] Seq=279390 Ack=141 Win=65024 Len=1448 TSval=2916033629 TSecr=3045553400 [TCP segment of a reassembled PDU]"
"10227","29.548854996","192.168.1.55","192.168.1.2","TCP","1514","8004  >  49938 [ACK] Seq=280838 Ack=141 Win=65024 Len=1448 TSval=2916033629 TSecr=3045553400 [TCP segment of a reassembled PDU]"
"10228","29.548855978","192.168.1.55","192.168.1.2","TCP","1514","8004  >  49938 [ACK] Seq=282286 Ack=141 Win=65024 Len=1448 TSval=2916033629 TSecr=3045553400 [TCP segment of a reassembled PDU]"
"10229","29.548856959","192.168.1.55","192.168.1.2","TCP","1514","8004  >  49938 [ACK] Seq=283734 Ack=141 Win=65024 Len=1448 TSval=2916033629 TSecr=3045553400 [TCP segment of a reassembled PDU]"
"10230","29.548857996","192.168.1.55","192.168.1.2","TCP","1514","8004  >  49938 [PSH, ACK] Seq=285182 Ack=141 Win=65024 Len=1448 TSval=2916033629 TSecr=3045553400 [TCP segment of a reassembled PDU]"
"10231","29.549198201","192.168.1.2","192.168.1.55","TCP","66","49938  >  8004 [ACK] Seq=141 Ack=192774 Win=118784 Len=0 TSval=3045553400 TSecr=2916033619"
"10232","29.549209497","192.168.1.55","192.168.1.2","TCP","1514","8004  >  49938 [ACK] Seq=286630 Ack=141 Win=65024 Len=1448 TSval=2916033629 TSecr=3045553400 [TCP segment of a reassembled PDU]"
"10233","29.549210793","192.168.1.55","192.168.1.2","TCP","330","8004  >  49938 [PSH, ACK] Seq=288078 Ack=141 Win=65024 Len=264 TSval=2916033629 TSecr=3045553400 [TCP segment of a reassembled PDU]"
"10234","29.550813055","192.168.1.2","192.168.1.55","TCP","66","49938  >  8004 [ACK] Seq=141 Ack=217390 Win=96256 Len=0 TSval=3045553404 TSecr=2916033623"
"10235","29.550838962","192.168.1.55","192.168.1.2","TCP","1514","8004  >  49938 [ACK] Seq=288342 Ack=141 Win=65024 Len=1448 TSval=2916033631 TSecr=3045553404 [TCP segment of a reassembled PDU]"
"10236","29.550841370","192.168.1.55","192.168.1.2","TCP","1514","8004  >  49938 [ACK] Seq=289790 Ack=141 Win=65024 Len=1448 TSval=2916033631 TSecr=3045553404 [TCP segment of a reassembled PDU]"
"10237","29.550842555","192.168.1.55","192.168.1.2","TCP","1514","8004  >  49938 [ACK] Seq=291238 Ack=141 Win=65024 Len=1448 TSval=2916033631 TSecr=3045553404 [TCP segment of a reassembled PDU]"
"10238","29.550843907","192.168.1.55","192.168.1.2","TCP","1514","8004  >  49938 [ACK] Seq=292686 Ack=141 Win=65024 Len=1448 TSval=2916033631 TSecr=3045553404 [TCP segment of a reassembled PDU]"
"10239","29.550845092","192.168.1.55","192.168.1.2","TCP","1514","8004  >  49938 [ACK] Seq=294134 Ack=141 Win=65024 Len=1448 TSval=2916033631 TSecr=3045553404 [TCP segment of a reassembled PDU]"
"10240","29.550846129","192.168.1.55","192.168.1.2","TCP","1514","8004  >  49938 [ACK] Seq=295582 Ack=141 Win=65024 Len=1448 TSval=2916033631 TSecr=3045553404 [TCP segment of a reassembled PDU]"
"10241","29.550847277","192.168.1.55","192.168.1.2","TCP","1514","8004  >  49938 [ACK] Seq=297030 Ack=141 Win=65024 Len=1448 TSval=2916033631 TSecr=3045553404 [TCP segment of a reassembled PDU]"
"10242","29.550848573","192.168.1.55","192.168.1.2","TCP","1514","8004  >  49938 [ACK] Seq=298478 Ack=141 Win=65024 Len=1448 TSval=2916033631 TSecr=3045553404 [TCP segment of a reassembled PDU]"
"10243","29.550849648","192.168.1.55","192.168.1.2","TCP","1514","8004  >  49938 [ACK] Seq=299926 Ack=141 Win=65024 Len=1448 TSval=2916033631 TSecr=3045553404 [TCP segment of a reassembled PDU]"
"10244","29.550850962","192.168.1.55","192.168.1.2","TCP","1514","8004  >  49938 [ACK] Seq=301374 Ack=141 Win=65024 Len=1448 TSval=2916033631 TSecr=3045553404 [TCP segment of a reassembled PDU]"
"10245","29.550852055","192.168.1.55","192.168.1.2","TCP","1514","8004  >  49938 [ACK] Seq=302822 Ack=141 Win=65024 Len=1448 TSval=2916033631 TSecr=3045553404 [TCP segment of a reassembled PDU]"
"10246","29.550853407","192.168.1.55","192.168.1.2","TCP","1514","8004  >  49938 [ACK] Seq=304270 Ack=141 Win=65024 Len=1448 TSval=2916033631 TSecr=3045553404 [TCP segment of a reassembled PDU]"
"10247","29.550854722","192.168.1.55","192.168.1.2","TCP","1514","8004  >  49938 [ACK] Seq=305718 Ack=141 Win=65024 Len=1448 TSval=2916033631 TSecr=3045553404 [TCP segment of a reassembled PDU]"
"10248","29.550855777","192.168.1.55","192.168.1.2","TCP","1514","8004  >  49938 [ACK] Seq=307166 Ack=141 Win=65024 Len=1448 TSval=2916033631 TSecr=3045553404 [TCP segment of a reassembled PDU]"
"10249","29.550856981","192.168.1.55","192.168.1.2","TCP","1514","8004  >  49938 [ACK] Seq=308614 Ack=141 Win=65024 Len=1448 TSval=2916033631 TSecr=3045553404 [TCP segment of a reassembled PDU]"
"10250","29.550858666","192.168.1.55","192.168.1.2","TCP","1514","8004  >  49938 [ACK] Seq=310062 Ack=141 Win=65024 Len=1448 TSval=2916033631 TSecr=3045553404 [TCP segment of a reassembled PDU]"
"10251","29.550859925","192.168.1.55","192.168.1.2","TCP","1514","8004  >  49938 [PSH, ACK] Seq=311510 Ack=141 Win=65024 Len=1448 TSval=2916033631 TSecr=3045553404 [TCP segment of a reassembled PDU]"
"10252","29.551567667","192.168.1.2","192.168.1.55","TCP","66","49938  >  8004 [ACK] Seq=141 Ack=237662 Win=76800 Len=0 TSval=3045553404 TSecr=2916033623"
"10253","29.551580204","192.168.1.2","192.168.1.55","TCP","66","49938  >  8004 [ACK] Seq=141 Ack=244902 Win=114688 Len=0 TSval=3045553404 TSecr=2916033624"
"10254","29.551597889","192.168.1.55","192.168.1.2","TCP","1514","8004  >  49938 [ACK] Seq=312958 Ack=141 Win=65024 Len=1448 TSval=2916033632 TSecr=3045553404 [TCP segment of a reassembled PDU]"
"10255","29.551600186","192.168.1.55","192.168.1.2","TCP","1514","8004  >  49938 [ACK] Seq=314406 Ack=141 Win=65024 Len=1448 TSval=2916033632 TSecr=3045553404 [TCP segment of a reassembled PDU]"
"10256","29.551601167","192.168.1.55","192.168.1.2","TCP","1514","8004  >  49938 [ACK] Seq=315854 Ack=141 Win=65024 Len=1448 TSval=2916033632 TSecr=3045553404 [TCP segment of a reassembled PDU]"
"10257","29.551602297","192.168.1.55","192.168.1.2","TCP","1514","8004  >  49938 [ACK] Seq=317302 Ack=141 Win=65024 Len=1448 TSval=2916033632 TSecr=3045553404 [TCP segment of a reassembled PDU]"
"10258","29.551603334","192.168.1.55","192.168.1.2","TCP","1514","8004  >  49938 [ACK] Seq=318750 Ack=141 Win=65024 Len=1448 TSval=2916033632 TSecr=3045553404 [TCP segment of a reassembled PDU]"
"10259","29.551604278","192.168.1.55","192.168.1.2","TCP","1514","8004  >  49938 [ACK] Seq=320198 Ack=141 Win=65024 Len=1448 TSval=2916033632 TSecr=3045553404 [TCP segment of a reassembled PDU]"
"10260","29.551605315","192.168.1.55","192.168.1.2","TCP","1514","8004  >  49938 [ACK] Seq=321646 Ack=141 Win=65024 Len=1448 TSval=2916033632 TSecr=3045553404 [TCP segment of a reassembled PDU]"
"10261","29.551606315","192.168.1.55","192.168.1.2","TCP","1514","8004  >  49938 [ACK] Seq=323094 Ack=141 Win=65024 Len=1448 TSval=2916033632 TSecr=3045553404 [TCP segment of a reassembled PDU]"
"10262","29.551607371","192.168.1.55","192.168.1.2","TCP","1514","8004  >  49938 [ACK] Seq=324542 Ack=141 Win=65024 Len=1448 TSval=2916033632 TSecr=3045553404 [TCP segment of a reassembled PDU]"
"10263","29.551608612","192.168.1.55","192.168.1.2","TCP","1514","8004  >  49938 [ACK] Seq=325990 Ack=141 Win=65024 Len=1448 TSval=2916033632 TSecr=3045553404 [TCP segment of a reassembled PDU]"
"10264","29.551609686","192.168.1.55","192.168.1.2","TCP","1514","8004  >  49938 [ACK] Seq=327438 Ack=141 Win=65024 Len=1448 TSval=2916033632 TSecr=3045553404 [TCP segment of a reassembled PDU]"
"10265","29.551610815","192.168.1.55","192.168.1.2","TCP","1514","8004  >  49938 [ACK] Seq=328886 Ack=141 Win=65024 Len=1448 TSval=2916033632 TSecr=3045553404 [TCP segment of a reassembled PDU]"
"10266","29.551611964","192.168.1.55","192.168.1.2","TCP","1514","8004  >  49938 [ACK] Seq=330334 Ack=141 Win=65024 Len=1448 TSval=2916033632 TSecr=3045553404 [TCP segment of a reassembled PDU]"
"10267","29.551613075","192.168.1.55","192.168.1.2","TCP","1514","8004  >  49938 [PSH, ACK] Seq=331782 Ack=141 Win=65024 Len=1448 TSval=2916033632 TSecr=3045553404 [TCP segment of a reassembled PDU]"
"10268","29.551617297","192.168.1.2","192.168.1.55","TCP","66","49938  >  8004 [ACK] Seq=141 Ack=272414 Win=95232 Len=0 TSval=3045553404 TSecr=2916033624"
"10269","29.551646038","192.168.1.55","192.168.1.2","TCP","1514","8004  >  49938 [ACK] Seq=333230 Ack=141 Win=65024 Len=1448 TSval=2916033632 TSecr=3045553404 [TCP segment of a reassembled PDU]"
"10270","29.551647667","192.168.1.55","192.168.1.2","TCP","1514","8004  >  49938 [ACK] Seq=334678 Ack=141 Win=65024 Len=1448 TSval=2916033632 TSecr=3045553404 [TCP segment of a reassembled PDU]"
"10271","29.551648834","192.168.1.55","192.168.1.2","TCP","1514","8004  >  49938 [ACK] Seq=336126 Ack=141 Win=65024 Len=1448 TSval=2916033632 TSecr=3045553404 [TCP segment of a reassembled PDU]"
"10272","29.551649834","192.168.1.55","192.168.1.2","TCP","1514","8004  >  49938 [ACK] Seq=337574 Ack=141 Win=65024 Len=1448 TSval=2916033632 TSecr=3045553404 [TCP segment of a reassembled PDU]"
"10273","29.551656241","192.168.1.55","192.168.1.2","TCP","1514","8004  >  49938 [ACK] Seq=339022 Ack=141 Win=65024 Len=1448 TSval=2916033632 TSecr=3045553404 [TCP segment of a reassembled PDU]"
"10274","29.551657816","192.168.1.55","192.168.1.2","TCP","1514","8004  >  49938 [ACK] Seq=340470 Ack=141 Win=65024 Len=1448 TSval=2916033632 TSecr=3045553404 [TCP segment of a reassembled PDU]"
"10275","29.551658964","192.168.1.55","192.168.1.2","TCP","1514","8004  >  49938 [ACK] Seq=341918 Ack=141 Win=65024 Len=1448 TSval=2916033632 TSecr=3045553404 [TCP segment of a reassembled PDU]"
"10276","29.551659945","192.168.1.55","192.168.1.2","TCP","1514","8004  >  49938 [ACK] Seq=343366 Ack=141 Win=65024 Len=1448 TSval=2916033632 TSecr=3045553404 [TCP segment of a reassembled PDU]"
"10277","29.551661056","192.168.1.55","192.168.1.2","TCP","1514","8004  >  49938 [ACK] Seq=344814 Ack=141 Win=65024 Len=1448 TSval=2916033632 TSecr=3045553404 [TCP segment of a reassembled PDU]"
"10278","29.551662075","192.168.1.55","192.168.1.2","TCP","1514","8004  >  49938 [ACK] Seq=346262 Ack=141 Win=65024 Len=1448 TSval=2916033632 TSecr=3045553404 [TCP segment of a reassembled PDU]"
"10279","29.551663038","192.168.1.55","192.168.1.2","TCP","1514","8004  >  49938 [ACK] Seq=347710 Ack=141 Win=65024 Len=1448 TSval=2916033632 TSecr=3045553404 [TCP segment of a reassembled PDU]"
"10280","29.551664149","192.168.1.55","192.168.1.2","TCP","1514","8004  >  49938 [ACK] Seq=349158 Ack=141 Win=65024 Len=1448 TSval=2916033632 TSecr=3045553404 [TCP segment of a reassembled PDU]"
"10281","29.551665297","192.168.1.55","192.168.1.2","TCP","1514","8004  >  49938 [ACK] Seq=350606 Ack=141 Win=65024 Len=1448 TSval=2916033632 TSecr=3045553404 [TCP segment of a reassembled PDU]"
"10282","29.551666278","192.168.1.55","192.168.1.2","TCP","1514","8004  >  49938 [ACK] Seq=352054 Ack=141 Win=65024 Len=1448 TSval=2916033632 TSecr=3045553404 [TCP segment of a reassembled PDU]"
"10283","29.551667278","192.168.1.55","192.168.1.2","TCP","1514","8004  >  49938 [ACK] Seq=353502 Ack=141 Win=65024 Len=1448 TSval=2916033632 TSecr=3045553404 [TCP segment of a reassembled PDU]"
"10284","29.551668241","192.168.1.55","192.168.1.2","TCP","1514","8004  >  49938 [ACK] Seq=354950 Ack=141 Win=65024 Len=1448 TSval=2916033632 TSecr=3045553404 [TCP segment of a reassembled PDU]"
"10285","29.551669390","192.168.1.55","192.168.1.2","TCP","1514","8004  >  49938 [ACK] Seq=356398 Ack=141 Win=65024 Len=1448 TSval=2916033632 TSecr=3045553404 [TCP segment of a reassembled PDU]"
"10286","29.551670482","192.168.1.55","192.168.1.2","TCP","1514","8004  >  49938 [ACK] Seq=357846 Ack=141 Win=65024 Len=1448 TSval=2916033632 TSecr=3045553404 [TCP segment of a reassembled PDU]"
"10287","29.551671556","192.168.1.55","192.168.1.2","TCP","1514","8004  >  49938 [ACK] Seq=359294 Ack=141 Win=65024 Len=1448 TSval=2916033632 TSecr=3045553404 [TCP segment of a reassembled PDU]"
"10288","29.551672834","192.168.1.55","192.168.1.2","TCP","1514","8004  >  49938 [ACK] Seq=360742 Ack=141 Win=65024 Len=1448 TSval=2916033632 TSecr=3045553404 [TCP segment of a reassembled PDU]"
"10289","29.551674001","192.168.1.55","192.168.1.2","TCP","1514","8004  >  49938 [ACK] Seq=362190 Ack=141 Win=65024 Len=1448 TSval=2916033632 TSecr=3045553404 [TCP segment of a reassembled PDU]"
"10290","29.551675260","192.168.1.55","192.168.1.2","TCP","1514","8004  >  49938 [ACK] Seq=363638 Ack=141 Win=65024 Len=1448 TSval=2916033632 TSecr=3045553404 [TCP segment of a reassembled PDU]"
"10291","29.551676353","192.168.1.55","192.168.1.2","TCP","1514","8004  >  49938 [PSH, ACK] Seq=365086 Ack=141 Win=65024 Len=1448 TSval=2916033632 TSecr=3045553404 [TCP segment of a reassembled PDU]"
"10292","29.558725678","192.168.1.2","192.168.1.55","TCP","66","49938  >  8004 [ACK] Seq=141 Ack=276494 Win=119808 Len=0 TSval=3045553406 TSecr=2916033624"
"10293","29.558759123","192.168.1.55","192.168.1.2","TCP","1514","8004  >  49938 [ACK] Seq=366534 Ack=141 Win=65024 Len=1448 TSval=2916033639 TSecr=3045553406 [TCP segment of a reassembled PDU]"
"10294","29.558763160","192.168.1.55","192.168.1.2","TCP","1514","8004  >  49938 [ACK] Seq=367982 Ack=141 Win=65024 Len=1448 TSval=2916033639 TSecr=3045553406 [TCP segment of a reassembled PDU]"
"10295","29.558764067","192.168.1.55","192.168.1.2","TCP","1514","8004  >  49938 [ACK] Seq=369430 Ack=141 Win=65024 Len=1448 TSval=2916033639 TSecr=3045553406 [TCP segment of a reassembled PDU]"
"10296","29.558765086","192.168.1.55","192.168.1.2","TCP","1514","8004  >  49938 [ACK] Seq=370878 Ack=141 Win=65024 Len=1448 TSval=2916033639 TSecr=3045553406 [TCP segment of a reassembled PDU]"
"10297","29.558766049","192.168.1.55","192.168.1.2","TCP","1514","8004  >  49938 [ACK] Seq=372326 Ack=141 Win=65024 Len=1448 TSval=2916033639 TSecr=3045553406 [TCP segment of a reassembled PDU]"
"10298","29.558766938","192.168.1.55","192.168.1.2","TCP","1514","8004  >  49938 [ACK] Seq=373774 Ack=141 Win=65024 Len=1448 TSval=2916033639 TSecr=3045553406 [TCP segment of a reassembled PDU]"
"10299","29.558767919","192.168.1.55","192.168.1.2","TCP","1514","8004  >  49938 [PSH, ACK] Seq=375222 Ack=141 Win=65024 Len=1448 TSval=2916033639 TSecr=3045553406 [TCP segment of a reassembled PDU]"
"10300","29.559176642","192.168.1.2","192.168.1.55","TCP","66","49938  >  8004 [ACK] Seq=141 Ack=279390 Win=119808 Len=0 TSval=3045553406 TSecr=2916033629"
"10301","29.559204975","192.168.1.55","192.168.1.2","TCP","1514","8004  >  49938 [PSH, ACK] Seq=376670 Ack=141 Win=65024 Len=1448 TSval=2916033639 TSecr=3045553406 [TCP segment of a reassembled PDU]"
"10302","29.559212716","192.168.1.2","192.168.1.55","TCP","66","49938  >  8004 [ACK] Seq=141 Ack=288342 Win=111616 Len=0 TSval=3045553408 TSecr=2916033629"
"10303","29.559221846","192.168.1.2","192.168.1.55","TCP","66","49938  >  8004 [ACK] Seq=141 Ack=312958 Win=119808 Len=0 TSval=3045553412 TSecr=2916033631"
"10304","29.559263864","192.168.1.55","192.168.1.2","TCP","1514","8004  >  49938 [ACK] Seq=378118 Ack=141 Win=65024 Len=1448 TSval=2916033639 TSecr=3045553412 [TCP segment of a reassembled PDU]"
"10305","29.559265790","192.168.1.55","192.168.1.2","TCP","1514","8004  >  49938 [ACK] Seq=379566 Ack=141 Win=65024 Len=1448 TSval=2916033639 TSecr=3045553412 [TCP segment of a reassembled PDU]"
"10306","29.559266679","192.168.1.55","192.168.1.2","TCP","1514","8004  >  49938 [ACK] Seq=381014 Ack=141 Win=65024 Len=1448 TSval=2916033639 TSecr=3045553412 [TCP segment of a reassembled PDU]"
"10307","29.559267753","192.168.1.55","192.168.1.2","TCP","1514","8004  >  49938 [ACK] Seq=382462 Ack=141 Win=65024 Len=1448 TSval=2916033639 TSecr=3045553412 [TCP segment of a reassembled PDU]"
"10308","29.559268716","192.168.1.55","192.168.1.2","TCP","1514","8004  >  49938 [ACK] Seq=383910 Ack=141 Win=65024 Len=1448 TSval=2916033639 TSecr=3045553412 [TCP segment of a reassembled PDU]"
"10309","29.559269716","192.168.1.55","192.168.1.2","TCP","1514","8004  >  49938 [ACK] Seq=385358 Ack=141 Win=65024 Len=1448 TSval=2916033639 TSecr=3045553412 [TCP segment of a reassembled PDU]"
"10310","29.559270661","192.168.1.55","192.168.1.2","TCP","1514","8004  >  49938 [ACK] Seq=386806 Ack=141 Win=65024 Len=1448 TSval=2916033639 TSecr=3045553412 [TCP segment of a reassembled PDU]"
"10311","29.559271605","192.168.1.55","192.168.1.2","TCP","1514","8004  >  49938 [ACK] Seq=388254 Ack=141 Win=65024 Len=1448 TSval=2916033639 TSecr=3045553412 [TCP segment of a reassembled PDU]"
"10312","29.559272605","192.168.1.55","192.168.1.2","TCP","1514","8004  >  49938 [ACK] Seq=389702 Ack=141 Win=65024 Len=1448 TSval=2916033639 TSecr=3045553412 [TCP segment of a reassembled PDU]"
"10313","29.559273513","192.168.1.55","192.168.1.2","TCP","1514","8004  >  49938 [ACK] Seq=391150 Ack=141 Win=65024 Len=1448 TSval=2916033639 TSecr=3045553412 [TCP segment of a reassembled PDU]"
"10314","29.559274494","192.168.1.55","192.168.1.2","TCP","1514","8004  >  49938 [ACK] Seq=392598 Ack=141 Win=65024 Len=1448 TSval=2916033639 TSecr=3045553412 [TCP segment of a reassembled PDU]"
"10315","29.559275753","192.168.1.55","192.168.1.2","TCP","1514","8004  >  49938 [ACK] Seq=394046 Ack=141 Win=65024 Len=1448 TSval=2916033639 TSecr=3045553412 [TCP segment of a reassembled PDU]"
"10316","29.559276698","192.168.1.55","192.168.1.2","TCP","1514","8004  >  49938 [ACK] Seq=395494 Ack=141 Win=65024 Len=1448 TSval=2916033639 TSecr=3045553412 [TCP segment of a reassembled PDU]"
"10317","29.559277735","192.168.1.55","192.168.1.2","TCP","1514","8004  >  49938 [ACK] Seq=396942 Ack=141 Win=65024 Len=1448 TSval=2916033639 TSecr=3045553412 [TCP segment of a reassembled PDU]"
"10318","29.559278661","192.168.1.55","192.168.1.2","TCP","1514","8004  >  49938 [ACK] Seq=398390 Ack=141 Win=65024 Len=1448 TSval=2916033639 TSecr=3045553412 [TCP segment of a reassembled PDU]"
"10319","29.559279939","192.168.1.55","192.168.1.2","TCP","1514","8004  >  49938 [ACK] Seq=399838 Ack=141 Win=65024 Len=1448 TSval=2916033639 TSecr=3045553412 [TCP segment of a reassembled PDU]"
"10320","29.559280939","192.168.1.55","192.168.1.2","TCP","1514","8004  >  49938 [ACK] Seq=401286 Ack=141 Win=65024 Len=1448 TSval=2916033639 TSecr=3045553412 [TCP segment of a reassembled PDU]"
"10321","29.559282031","192.168.1.55","192.168.1.2","TCP","1514","8004  >  49938 [ACK] Seq=402734 Ack=141 Win=65024 Len=1448 TSval=2916033639 TSecr=3045553412 [TCP segment of a reassembled PDU]"
"10322","29.559283031","192.168.1.55","192.168.1.2","TCP","1514","8004  >  49938 [ACK] Seq=404182 Ack=141 Win=65024 Len=1448 TSval=2916033639 TSecr=3045553412 [TCP segment of a reassembled PDU]"
"10323","29.559283994","192.168.1.55","192.168.1.2","TCP","1514","8004  >  49938 [ACK] Seq=405630 Ack=141 Win=65024 Len=1448 TSval=2916033639 TSecr=3045553412 [TCP segment of a reassembled PDU]"
"10324","29.559284957","192.168.1.55","192.168.1.2","TCP","1514","8004  >  49938 [ACK] Seq=407078 Ack=141 Win=65024 Len=1448 TSval=2916033639 TSecr=3045553412 [TCP segment of a reassembled PDU]"
"10325","29.559285901","192.168.1.55","192.168.1.2","TCP","1514","8004  >  49938 [ACK] Seq=408526 Ack=141 Win=65024 Len=1448 TSval=2916033639 TSecr=3045553412 [TCP segment of a reassembled PDU]"
"10326","29.559286846","192.168.1.55","192.168.1.2","TCP","1514","8004  >  49938 [ACK] Seq=409974 Ack=141 Win=65024 Len=1448 TSval=2916033639 TSecr=3045553412 [TCP segment of a reassembled PDU]"
"10327","29.559288513","192.168.1.55","192.168.1.2","TCP","1514","8004  >  49938 [ACK] Seq=411422 Ack=141 Win=65024 Len=1448 TSval=2916033639 TSecr=3045553412 [TCP segment of a reassembled PDU]"
"10328","29.559289420","192.168.1.55","192.168.1.2","TCP","1514","8004  >  49938 [ACK] Seq=412870 Ack=141 Win=65024 Len=1448 TSval=2916033639 TSecr=3045553412 [TCP segment of a reassembled PDU]"
"10329","29.559290327","192.168.1.55","192.168.1.2","TCP","1514","8004  >  49938 [PSH, ACK] Seq=414318 Ack=141 Win=65024 Len=1448 TSval=2916033639 TSecr=3045553412 [TCP segment of a reassembled PDU]"
"10330","29.559302587","192.168.1.2","192.168.1.55","TCP","66","49938  >  8004 [ACK] Seq=141 Ack=318750 Win=130048 Len=0 TSval=3045553412 TSecr=2916033632"
"10331","29.559358068","192.168.1.2","192.168.1.55","TCP","66","49938  >  8004 [ACK] Seq=141 Ack=333230 Win=147456 Len=0 TSval=3045553413 TSecr=2916033632"
"10332","29.559374105","192.168.1.2","192.168.1.55","TCP","66","49938  >  8004 [ACK] Seq=141 Ack=353502 Win=128000 Len=0 TSval=3045553413 TSecr=2916033632"
"10333","29.559378550","192.168.1.2","192.168.1.55","TCP","66","49938  >  8004 [ACK] Seq=141 Ack=366534 Win=147456 Len=0 TSval=3045553413 TSecr=2916033632"
"10334","29.560470589","192.168.1.55","192.168.1.2","TCP","1514","8004  >  49938 [ACK] Seq=415766 Ack=141 Win=65024 Len=1448 TSval=2916033641 TSecr=3045553413 [TCP segment of a reassembled PDU]"
"10335","29.560483737","192.168.1.55","192.168.1.2","TCP","1514","8004  >  49938 [ACK] Seq=417214 Ack=141 Win=65024 Len=1448 TSval=2916033641 TSecr=3045553413 [TCP segment of a reassembled PDU]"
"10336","29.560486014","192.168.1.55","192.168.1.2","TCP","1514","8004  >  49938 [ACK] Seq=418662 Ack=141 Win=65024 Len=1448 TSval=2916033641 TSecr=3045553413 [TCP segment of a reassembled PDU]"
"10337","29.560487774","192.168.1.55","192.168.1.2","TCP","1514","8004  >  49938 [ACK] Seq=420110 Ack=141 Win=65024 Len=1448 TSval=2916033641 TSecr=3045553413 [TCP segment of a reassembled PDU]"
"10338","29.560491626","192.168.1.55","192.168.1.2","TCP","1514","8004  >  49938 [PSH, ACK] Seq=421558 Ack=141 Win=65024 Len=1448 TSval=2916033641 TSecr=3045553413 [TCP segment of a reassembled PDU]"
"10339","29.560580607","192.168.1.55","192.168.1.2","TCP","1514","8004  >  49938 [ACK] Seq=423006 Ack=141 Win=65024 Len=1448 TSval=2916033641 TSecr=3045553413 [TCP segment of a reassembled PDU]"
"10340","29.560586366","192.168.1.55","192.168.1.2","TCP","1514","8004  >  49938 [ACK] Seq=424454 Ack=141 Win=65024 Len=1448 TSval=2916033641 TSecr=3045553413 [TCP segment of a reassembled PDU]"
"10341","29.560589126","192.168.1.55","192.168.1.2","TCP","1514","8004  >  49938 [ACK] Seq=425902 Ack=141 Win=65024 Len=1448 TSval=2916033641 TSecr=3045553413 [TCP segment of a reassembled PDU]"
"10342","29.560591478","192.168.1.55","192.168.1.2","TCP","1514","8004  >  49938 [ACK] Seq=427350 Ack=141 Win=65024 Len=1448 TSval=2916033641 TSecr=3045553413 [TCP segment of a reassembled PDU]"
"10343","29.560594033","192.168.1.55","192.168.1.2","TCP","1514","8004  >  49938 [ACK] Seq=428798 Ack=141 Win=65024 Len=1448 TSval=2916033641 TSecr=3045553413 [TCP segment of a reassembled PDU]"
"10344","29.560595904","192.168.1.55","192.168.1.2","TCP","1514","8004  >  49938 [ACK] Seq=430246 Ack=141 Win=65024 Len=1448 TSval=2916033641 TSecr=3045553413 [TCP segment of a reassembled PDU]"
"10345","29.560598663","192.168.1.55","192.168.1.2","TCP","1514","8004  >  49938 [ACK] Seq=431694 Ack=141 Win=65024 Len=1448 TSval=2916033641 TSecr=3045553413 [TCP segment of a reassembled PDU]"
"10346","29.560600848","192.168.1.55","192.168.1.2","TCP","1514","8004  >  49938 [ACK] Seq=433142 Ack=141 Win=65024 Len=1448 TSval=2916033641 TSecr=3045553413 [TCP segment of a reassembled PDU]"
"10347","29.560602774","192.168.1.55","192.168.1.2","TCP","1514","8004  >  49938 [ACK] Seq=434590 Ack=141 Win=65024 Len=1448 TSval=2916033641 TSecr=3045553413 [TCP segment of a reassembled PDU]"
"10348","29.560604274","192.168.1.55","192.168.1.2","TCP","1514","8004  >  49938 [ACK] Seq=436038 Ack=141 Win=65024 Len=1448 TSval=2916033641 TSecr=3045553413 [TCP segment of a reassembled PDU]"
"10349","29.560606126","192.168.1.55","192.168.1.2","TCP","1514","8004  >  49938 [ACK] Seq=437486 Ack=141 Win=65024 Len=1448 TSval=2916033641 TSecr=3045553413 [TCP segment of a reassembled PDU]"
"10350","29.560608126","192.168.1.55","192.168.1.2","TCP","1514","8004  >  49938 [ACK] Seq=438934 Ack=141 Win=65024 Len=1448 TSval=2916033641 TSecr=3045553413 [TCP segment of a reassembled PDU]"
"10351","29.560610329","192.168.1.55","192.168.1.2","TCP","1514","8004  >  49938 [ACK] Seq=440382 Ack=141 Win=65024 Len=1448 TSval=2916033641 TSecr=3045553413 [TCP segment of a reassembled PDU]"
"10352","29.560612385","192.168.1.55","192.168.1.2","TCP","1514","8004  >  49938 [ACK] Seq=441830 Ack=141 Win=65024 Len=1448 TSval=2916033641 TSecr=3045553413 [TCP segment of a reassembled PDU]"
"10353","29.560616441","192.168.1.55","192.168.1.2","TCP","1514","8004  >  49938 [ACK] Seq=443278 Ack=141 Win=65024 Len=1448 TSval=2916033641 TSecr=3045553413 [TCP segment of a reassembled PDU]"
"10354","29.560619107","192.168.1.55","192.168.1.2","TCP","1514","8004  >  49938 [ACK] Seq=444726 Ack=141 Win=65024 Len=1448 TSval=2916033641 TSecr=3045553413 [TCP segment of a reassembled PDU]"
"10355","29.560622385","192.168.1.55","192.168.1.2","TCP","1514","8004  >  49938 [ACK] Seq=446174 Ack=141 Win=65024 Len=1448 TSval=2916033641 TSecr=3045553413 [TCP segment of a reassembled PDU]"
"10356","29.560624033","192.168.1.55","192.168.1.2","TCP","1514","8004  >  49938 [ACK] Seq=447622 Ack=141 Win=65024 Len=1448 TSval=2916033641 TSecr=3045553413 [TCP segment of a reassembled PDU]"
"10357","29.560625811","192.168.1.55","192.168.1.2","TCP","1514","8004  >  49938 [ACK] Seq=449070 Ack=141 Win=65024 Len=1448 TSval=2916033641 TSecr=3045553413 [TCP segment of a reassembled PDU]"
"10358","29.560627922","192.168.1.55","192.168.1.2","TCP","1514","8004  >  49938 [ACK] Seq=450518 Ack=141 Win=65024 Len=1448 TSval=2916033641 TSecr=3045553413 [TCP segment of a reassembled PDU]"
"10359","29.560630218","192.168.1.55","192.168.1.2","TCP","1514","8004  >  49938 [ACK] Seq=451966 Ack=141 Win=65024 Len=1448 TSval=2916033641 TSecr=3045553413 [TCP segment of a reassembled PDU]"
"10360","29.560631681","192.168.1.55","192.168.1.2","TCP","1514","8004  >  49938 [ACK] Seq=453414 Ack=141 Win=65024 Len=1448 TSval=2916033641 TSecr=3045553413 [TCP segment of a reassembled PDU]"
"10361","29.560633792","192.168.1.55","192.168.1.2","TCP","1514","8004  >  49938 [ACK] Seq=454862 Ack=141 Win=65024 Len=1448 TSval=2916033641 TSecr=3045553413 [TCP segment of a reassembled PDU]"
"10362","29.560636681","192.168.1.55","192.168.1.2","TCP","1514","8004  >  49938 [ACK] Seq=456310 Ack=141 Win=65024 Len=1448 TSval=2916033641 TSecr=3045553413 [TCP segment of a reassembled PDU]"
"10363","29.560638978","192.168.1.55","192.168.1.2","TCP","1514","8004  >  49938 [ACK] Seq=457758 Ack=141 Win=65024 Len=1448 TSval=2916033641 TSecr=3045553413 [TCP segment of a reassembled PDU]"
"10364","29.560641811","192.168.1.55","192.168.1.2","TCP","1514","8004  >  49938 [ACK] Seq=459206 Ack=141 Win=65024 Len=1448 TSval=2916033641 TSecr=3045553413 [TCP segment of a reassembled PDU]"
"10365","29.560644607","192.168.1.55","192.168.1.2","TCP","1514","8004  >  49938 [ACK] Seq=460654 Ack=141 Win=65024 Len=1448 TSval=2916033641 TSecr=3045553413 [TCP segment of a reassembled PDU]"
"10366","29.560646718","192.168.1.55","192.168.1.2","TCP","1514","8004  >  49938 [ACK] Seq=462102 Ack=141 Win=65024 Len=1448 TSval=2916033641 TSecr=3045553413 [TCP segment of a reassembled PDU]"
"10367","29.560649367","192.168.1.55","192.168.1.2","TCP","1514","8004  >  49938 [ACK] Seq=463550 Ack=141 Win=65024 Len=1448 TSval=2916033641 TSecr=3045553413 [TCP segment of a reassembled PDU]"
"10368","29.560651385","192.168.1.55","192.168.1.2","TCP","1514","8004  >  49938 [ACK] Seq=464998 Ack=141 Win=65024 Len=1448 TSval=2916033641 TSecr=3045553413 [TCP segment of a reassembled PDU]"
"10369","29.560654330","192.168.1.55","192.168.1.2","TCP","1514","8004  >  49938 [PSH, ACK] Seq=466446 Ack=141 Win=65024 Len=1448 TSval=2916033641 TSecr=3045553413 [TCP segment of a reassembled PDU]"
"10370","29.562097721","192.168.1.55","192.168.1.2","TCP","1514","8004  >  49938 [ACK] Seq=467894 Ack=141 Win=65024 Len=1448 TSval=2916033642 TSecr=3045553413 [TCP segment of a reassembled PDU]"
"10371","29.562106832","192.168.1.55","192.168.1.2","TCP","1514","8004  >  49938 [ACK] Seq=469342 Ack=141 Win=65024 Len=1448 TSval=2916033642 TSecr=3045553413 [TCP segment of a reassembled PDU]"
"10372","29.562108721","192.168.1.55","192.168.1.2","TCP","1514","8004  >  49938 [PSH, ACK] Seq=470790 Ack=141 Win=65024 Len=1448 TSval=2916033642 TSecr=3045553413 [TCP segment of a reassembled PDU]"
"10373","29.566861265","192.168.1.2","192.168.1.55","TCP","66","49938  >  8004 [ACK] Seq=141 Ack=367982 Win=150528 Len=0 TSval=3045553416 TSecr=2916033639"
"10374","29.566924765","192.168.1.55","192.168.1.2","TCP","1514","8004  >  49938 [ACK] Seq=472238 Ack=141 Win=65024 Len=1448 TSval=2916033647 TSecr=3045553416 [TCP segment of a reassembled PDU]"
"10375","29.567007802","192.168.1.2","192.168.1.55","TCP","66","49938  >  8004 [ACK] Seq=141 Ack=373774 Win=156672 Len=0 TSval=3045553416 TSecr=2916033639"
"10376","29.567024543","192.168.1.2","192.168.1.55","TCP","66","49938  >  8004 [ACK] Seq=141 Ack=376670 Win=156672 Len=0 TSval=3045553421 TSecr=2916033639"
"10377","29.567030840","192.168.1.2","192.168.1.55","TCP","66","49938  >  8004 [ACK] Seq=141 Ack=395494 Win=143360 Len=0 TSval=3045553421 TSecr=2916033639"
"10378","29.567085469","192.168.1.55","192.168.1.2","TCP","1514","8004  >  49938 [ACK] Seq=473686 Ack=141 Win=65024 Len=1448 TSval=2916033647 TSecr=3045553421 [TCP segment of a reassembled PDU]"
"10379","29.567089636","192.168.1.55","192.168.1.2","TCP","1514","8004  >  49938 [ACK] Seq=475134 Ack=141 Win=65024 Len=1448 TSval=2916033647 TSecr=3045553421 [TCP segment of a reassembled PDU]"
"10380","29.567091247","192.168.1.55","192.168.1.2","TCP","1514","8004  >  49938 [ACK] Seq=476582 Ack=141 Win=65024 Len=1448 TSval=2916033647 TSecr=3045553421 [TCP segment of a reassembled PDU]"
"10381","29.567092358","192.168.1.55","192.168.1.2","TCP","1514","8004  >  49938 [ACK] Seq=478030 Ack=141 Win=65024 Len=1448 TSval=2916033647 TSecr=3045553421 [TCP segment of a reassembled PDU]"
"10382","29.567093636","192.168.1.55","192.168.1.2","TCP","1514","8004  >  49938 [ACK] Seq=479478 Ack=141 Win=65024 Len=1448 TSval=2916033647 TSecr=3045553421 [TCP segment of a reassembled PDU]"
"10383","29.567094840","192.168.1.55","192.168.1.2","TCP","1514","8004  >  49938 [ACK] Seq=480926 Ack=141 Win=65024 Len=1448 TSval=2916033647 TSecr=3045553421 [TCP segment of a reassembled PDU]"
"10384","29.567096432","192.168.1.55","192.168.1.2","TCP","1514","8004  >  49938 [ACK] Seq=482374 Ack=141 Win=65024 Len=1448 TSval=2916033647 TSecr=3045553421 [TCP segment of a reassembled PDU]"
"10385","29.567097710","192.168.1.55","192.168.1.2","TCP","1514","8004  >  49938 [ACK] Seq=483822 Ack=141 Win=65024 Len=1448 TSval=2916033647 TSecr=3045553421 [TCP segment of a reassembled PDU]"
"10386","29.567099636","192.168.1.55","192.168.1.2","TCP","1514","8004  >  49938 [ACK] Seq=485270 Ack=141 Win=65024 Len=1448 TSval=2916033647 TSecr=3045553421 [TCP segment of a reassembled PDU]"
"10387","29.567100654","192.168.1.55","192.168.1.2","TCP","1514","8004  >  49938 [ACK] Seq=486718 Ack=141 Win=65024 Len=1448 TSval=2916033647 TSecr=3045553421 [TCP segment of a reassembled PDU]"
"10388","29.567102691","192.168.1.55","192.168.1.2","TCP","1514","8004  >  49938 [ACK] Seq=488166 Ack=141 Win=65024 Len=1448 TSval=2916033647 TSecr=3045553421 [TCP segment of a reassembled PDU]"
"10389","29.567103914","192.168.1.55","192.168.1.2","TCP","1514","8004  >  49938 [ACK] Seq=489614 Ack=141 Win=65024 Len=1448 TSval=2916033647 TSecr=3045553421 [TCP segment of a reassembled PDU]"
"10390","29.567105284","192.168.1.55","192.168.1.2","TCP","1514","8004  >  49938 [ACK] Seq=491062 Ack=141 Win=65024 Len=1448 TSval=2916033647 TSecr=3045553421 [TCP segment of a reassembled PDU]"
"10391","29.567107080","192.168.1.55","192.168.1.2","TCP","1514","8004  >  49938 [ACK] Seq=492510 Ack=141 Win=65024 Len=1448 TSval=2916033647 TSecr=3045553421 [TCP segment of a reassembled PDU]"
"10392","29.567111062","192.168.1.55","192.168.1.2","TCP","1514","8004  >  49938 [ACK] Seq=493958 Ack=141 Win=65024 Len=1448 TSval=2916033647 TSecr=3045553421 [TCP segment of a reassembled PDU]"
"10393","29.567112543","192.168.1.55","192.168.1.2","TCP","1514","8004  >  49938 [ACK] Seq=495406 Ack=141 Win=65024 Len=1448 TSval=2916033647 TSecr=3045553421 [TCP segment of a reassembled PDU]"
"10394","29.567114006","192.168.1.55","192.168.1.2","TCP","1514","8004  >  49938 [ACK] Seq=496854 Ack=141 Win=65024 Len=1448 TSval=2916033647 TSecr=3045553421 [TCP segment of a reassembled PDU]"
"10395","29.567115340","192.168.1.55","192.168.1.2","HTTP","1472","HTTP/1.0 200 OK  (PNG)"
"10396","29.567890193","192.168.1.2","192.168.1.55","TCP","66","49938  >  8004 [ACK] Seq=141 Ack=407078 Win=150528 Len=0 TSval=3045553422 TSecr=2916033639"
"10397","29.567945415","192.168.1.2","192.168.1.55","TCP","66","49938  >  8004 [ACK] Seq=141 Ack=415766 Win=153600 Len=0 TSval=3045553422 TSecr=2916033639"
"10398","29.567951563","192.168.1.2","192.168.1.55","TCP","66","49938  >  8004 [ACK] Seq=141 Ack=423006 Win=146432 Len=0 TSval=3045553422 TSecr=2916033641"
"10399","29.567957637","192.168.1.2","192.168.1.55","TCP","66","49938  >  8004 [ACK] Seq=141 Ack=463550 Win=120832 Len=0 TSval=3045553422 TSecr=2916033641"
"10400","29.571199790","192.168.1.2","192.168.1.55","TCP","66","49938  >  8004 [ACK] Seq=141 Ack=467894 Win=155648 Len=0 TSval=3045553426 TSecr=2916033641"
"10401","29.571307957","192.168.1.2","192.168.1.55","TCP","66","49938  >  8004 [ACK] Seq=141 Ack=498302 Win=136192 Len=0 TSval=3045553426 TSecr=2916033642"
"10402","29.572754904","192.168.1.2","192.168.1.55","TCP","66","49938  >  8004 [FIN, ACK] Seq=141 Ack=499709 Win=158720 Len=0 TSval=3045553427 TSecr=2916033647"
"10403","29.572775015","192.168.1.55","192.168.1.2","TCP","66","8004  >  49938 [ACK] Seq=499709 Ack=142 Win=65024 Len=0 TSval=2916033653 TSecr=3045553427"
"10404","29.572878089","192.168.1.2","192.168.1.55","TCP","74","49946  >  8004 [SYN] Seq=0 Win=64240 Len=0 MSS=1460 SACK_PERM TSval=3045553427 TSecr=0 WS=1024"
"10405","29.572921738","192.168.1.55","192.168.1.2","TCP","74","8004  >  49946 [SYN, ACK] Seq=0 Ack=1 Win=65160 Len=0 MSS=1460 SACK_PERM TSval=2916033653 TSecr=3045553427 WS=128"
"10406","29.576019261","192.168.1.2","192.168.1.55","TCP","66","49946  >  8004 [ACK] Seq=1 Ack=1 Win=64512 Len=0 TSval=3045553431 TSecr=2916033653"
"10407","29.579229784","192.168.1.2","192.168.1.55","HTTP","209","GET /original_benchmark.png HTTP/1.1 "
"10408","29.579242766","192.168.1.55","192.168.1.2","TCP","66","8004  >  49946 [ACK] Seq=1 Ack=144 Win=65024 Len=0 TSval=2916033659 TSecr=3045553431"
"10409","29.579737933","192.168.1.55","192.168.1.2","TCP","255","8004  >  49946 [PSH, ACK] Seq=1 Ack=144 Win=65024 Len=189 TSval=2916033660 TSecr=3045553431 [TCP segment of a reassembled PDU]"
"10410","29.579826026","192.168.1.55","192.168.1.2","TCP","1514","8004  >  49946 [ACK] Seq=190 Ack=144 Win=65024 Len=1448 TSval=2916033660 TSecr=3045553431 [TCP segment of a reassembled PDU]"
"10411","29.579830822","192.168.1.55","192.168.1.2","TCP","1514","8004  >  49946 [ACK] Seq=1638 Ack=144 Win=65024 Len=1448 TSval=2916033660 TSecr=3045553431 [TCP segment of a reassembled PDU]"
"10412","29.579832230","192.168.1.55","192.168.1.2","TCP","1514","8004  >  49946 [ACK] Seq=3086 Ack=144 Win=65024 Len=1448 TSval=2916033660 TSecr=3045553431 [TCP segment of a reassembled PDU]"
"10413","29.579833545","192.168.1.55","192.168.1.2","TCP","1514","8004  >  49946 [ACK] Seq=4534 Ack=144 Win=65024 Len=1448 TSval=2916033660 TSecr=3045553431 [TCP segment of a reassembled PDU]"
"10414","29.579834897","192.168.1.55","192.168.1.2","TCP","1514","8004  >  49946 [PSH, ACK] Seq=5982 Ack=144 Win=65024 Len=1448 TSval=2916033660 TSecr=3045553431 [TCP segment of a reassembled PDU]"
"10415","29.579850211","192.168.1.55","192.168.1.2","TCP","1514","8004  >  49946 [ACK] Seq=7430 Ack=144 Win=65024 Len=1448 TSval=2916033660 TSecr=3045553431 [TCP segment of a reassembled PDU]"
"10416","29.579852415","192.168.1.55","192.168.1.2","TCP","1514","8004  >  49946 [ACK] Seq=8878 Ack=144 Win=65024 Len=1448 TSval=2916033660 TSecr=3045553431 [TCP segment of a reassembled PDU]"
"10417","29.579853730","192.168.1.55","192.168.1.2","TCP","1514","8004  >  49946 [ACK] Seq=10326 Ack=144 Win=65024 Len=1448 TSval=2916033660 TSecr=3045553431 [TCP segment of a reassembled PDU]"
"10418","29.579855045","192.168.1.55","192.168.1.2","TCP","1514","8004  >  49946 [PSH, ACK] Seq=11774 Ack=144 Win=65024 Len=1448 TSval=2916033660 TSecr=3045553431 [TCP segment of a reassembled PDU]"
"10419","29.583290383","192.168.1.2","192.168.1.55","TCP","66","49946  >  8004 [ACK] Seq=144 Ack=190 Win=64512 Len=0 TSval=3045553438 TSecr=2916033660"
"10420","29.583333680","192.168.1.55","192.168.1.2","TCP","1514","8004  >  49946 [ACK] Seq=13222 Ack=144 Win=65024 Len=1448 TSval=2916033664 TSecr=3045553438 [TCP segment of a reassembled PDU]"
"10421","29.583338365","192.168.1.55","192.168.1.2","TCP","1514","8004  >  49946 [PSH, ACK] Seq=14670 Ack=144 Win=65024 Len=1448 TSval=2916033664 TSecr=3045553438 [TCP segment of a reassembled PDU]"
"10422","29.583444013","192.168.1.2","192.168.1.55","TCP","66","49946  >  8004 [ACK] Seq=144 Ack=5982 Win=76800 Len=0 TSval=3045553438 TSecr=2916033660"
"10423","29.583465013","192.168.1.55","192.168.1.2","TCP","1514","8004  >  49946 [ACK] Seq=16118 Ack=144 Win=65024 Len=1448 TSval=2916033664 TSecr=3045553438 [TCP segment of a reassembled PDU]"
"10424","29.583467402","192.168.1.55","192.168.1.2","TCP","1514","8004  >  49946 [ACK] Seq=17566 Ack=144 Win=65024 Len=1448 TSval=2916033664 TSecr=3045553438 [TCP segment of a reassembled PDU]"
"10425","29.583468865","192.168.1.55","192.168.1.2","TCP","1514","8004  >  49946 [ACK] Seq=19014 Ack=144 Win=65024 Len=1448 TSval=2916033664 TSecr=3045553438 [TCP segment of a reassembled PDU]"
"10426","29.583470180","192.168.1.55","192.168.1.2","TCP","1514","8004  >  49946 [ACK] Seq=20462 Ack=144 Win=65024 Len=1448 TSval=2916033664 TSecr=3045553438 [TCP segment of a reassembled PDU]"
"10427","29.583471458","192.168.1.55","192.168.1.2","TCP","1514","8004  >  49946 [ACK] Seq=21910 Ack=144 Win=65024 Len=1448 TSval=2916033664 TSecr=3045553438 [TCP segment of a reassembled PDU]"
"10428","29.583472828","192.168.1.55","192.168.1.2","TCP","1514","8004  >  49946 [ACK] Seq=23358 Ack=144 Win=65024 Len=1448 TSval=2916033664 TSecr=3045553438 [TCP segment of a reassembled PDU]"
"10429","29.583474161","192.168.1.55","192.168.1.2","TCP","1514","8004  >  49946 [PSH, ACK] Seq=24806 Ack=144 Win=65024 Len=1448 TSval=2916033664 TSecr=3045553438 [TCP segment of a reassembled PDU]"
"10430","29.583478995","192.168.1.2","192.168.1.55","TCP","66","49946  >  8004 [ACK] Seq=144 Ack=7430 Win=79872 Len=0 TSval=3045553438 TSecr=2916033660"
"10431","29.583485254","192.168.1.2","192.168.1.55","TCP","66","49946  >  8004 [ACK] Seq=144 Ack=13222 Win=80896 Len=0 TSval=3045553438 TSecr=2916033660"
"10432","29.583506199","192.168.1.55","192.168.1.2","TCP","1514","8004  >  49946 [ACK] Seq=26254 Ack=144 Win=65024 Len=1448 TSval=2916033664 TSecr=3045553438 [TCP segment of a reassembled PDU]"
"10433","29.583508513","192.168.1.55","192.168.1.2","TCP","1514","8004  >  49946 [ACK] Seq=27702 Ack=144 Win=65024 Len=1448 TSval=2916033664 TSecr=3045553438 [TCP segment of a reassembled PDU]"
"10434","29.583509810","192.168.1.55","192.168.1.2","TCP","1514","8004  >  49946 [ACK] Seq=29150 Ack=144 Win=65024 Len=1448 TSval=2916033664 TSecr=3045553438 [TCP segment of a reassembled PDU]"
"10435","29.583511162","192.168.1.55","192.168.1.2","TCP","1514","8004  >  49946 [ACK] Seq=30598 Ack=144 Win=65024 Len=1448 TSval=2916033664 TSecr=3045553438 [TCP segment of a reassembled PDU]"
"10436","29.583512439","192.168.1.55","192.168.1.2","TCP","1514","8004  >  49946 [ACK] Seq=32046 Ack=144 Win=65024 Len=1448 TSval=2916033664 TSecr=3045553438 [TCP segment of a reassembled PDU]"
"10437","29.583513773","192.168.1.55","192.168.1.2","TCP","1514","8004  >  49946 [ACK] Seq=33494 Ack=144 Win=65024 Len=1448 TSval=2916033664 TSecr=3045553438 [TCP segment of a reassembled PDU]"
"10438","29.583515032","192.168.1.55","192.168.1.2","TCP","1514","8004  >  49946 [ACK] Seq=34942 Ack=144 Win=65024 Len=1448 TSval=2916033664 TSecr=3045553438 [TCP segment of a reassembled PDU]"
"10439","29.583516513","192.168.1.55","192.168.1.2","TCP","1514","8004  >  49946 [ACK] Seq=36390 Ack=144 Win=65024 Len=1448 TSval=2916033664 TSecr=3045553438 [TCP segment of a reassembled PDU]"
"10440","29.583517921","192.168.1.55","192.168.1.2","TCP","1514","8004  >  49946 [ACK] Seq=37838 Ack=144 Win=65024 Len=1448 TSval=2916033664 TSecr=3045553438 [TCP segment of a reassembled PDU]"
"10441","29.583519199","192.168.1.55","192.168.1.2","TCP","1514","8004  >  49946 [PSH, ACK] Seq=39286 Ack=144 Win=65024 Len=1448 TSval=2916033664 TSecr=3045553438 [TCP segment of a reassembled PDU]"
"10442","29.584385089","192.168.1.55","192.168.1.2","TCP","1514","8004  >  49946 [ACK] Seq=40734 Ack=144 Win=65024 Len=1448 TSval=2916033665 TSecr=3045553438 [TCP segment of a reassembled PDU]"
"10443","29.587929113","192.168.1.2","192.168.1.55","TCP","66","49946  >  8004 [ACK] Seq=144 Ack=16118 Win=87040 Len=0 TSval=3045553442 TSecr=2916033664"
"10444","29.587999909","192.168.1.55","192.168.1.2","TCP","1514","8004  >  49946 [ACK] Seq=42182 Ack=144 Win=65024 Len=1448 TSval=2916033668 TSecr=3045553442 [TCP segment of a reassembled PDU]"
"10445","29.588007150","192.168.1.55","192.168.1.2","TCP","1514","8004  >  49946 [PSH, ACK] Seq=43630 Ack=144 Win=65024 Len=1448 TSval=2916033668 TSecr=3045553442 [TCP segment of a reassembled PDU]"
"10446","29.588078669","192.168.1.2","192.168.1.55","TCP","66","49946  >  8004 [ACK] Seq=144 Ack=26254 Win=86016 Len=0 TSval=3045553442 TSecr=2916033664"
"10447","29.588120484","192.168.1.55","192.168.1.2","TCP","1514","8004  >  49946 [ACK] Seq=45078 Ack=144 Win=65024 Len=1448 TSval=2916033668 TSecr=3045553442 [TCP segment of a reassembled PDU]"
"10448","29.588122835","192.168.1.55","192.168.1.2","TCP","1514","8004  >  49946 [ACK] Seq=46526 Ack=144 Win=65024 Len=1448 TSval=2916033668 TSecr=3045553442 [TCP segment of a reassembled PDU]"
"10449","29.588124558","192.168.1.55","192.168.1.2","TCP","1514","8004  >  49946 [ACK] Seq=47974 Ack=144 Win=65024 Len=1448 TSval=2916033668 TSecr=3045553442 [TCP segment of a reassembled PDU]"
"10450","29.588126354","192.168.1.55","192.168.1.2","TCP","1514","8004  >  49946 [ACK] Seq=49422 Ack=144 Win=65024 Len=1448 TSval=2916033668 TSecr=3045553442 [TCP segment of a reassembled PDU]"
"10451","29.588128113","192.168.1.55","192.168.1.2","TCP","1514","8004  >  49946 [ACK] Seq=50870 Ack=144 Win=65024 Len=1448 TSval=2916033668 TSecr=3045553442 [TCP segment of a reassembled PDU]"
"10452","29.588129484","192.168.1.55","192.168.1.2","TCP","1514","8004  >  49946 [ACK] Seq=52318 Ack=144 Win=65024 Len=1448 TSval=2916033668 TSecr=3045553442 [TCP segment of a reassembled PDU]"
"10453","29.588130928","192.168.1.55","192.168.1.2","TCP","1514","8004  >  49946 [ACK] Seq=53766 Ack=144 Win=65024 Len=1448 TSval=2916033668 TSecr=3045553442 [TCP segment of a reassembled PDU]"
"10454","29.588132280","192.168.1.55","192.168.1.2","TCP","1514","8004  >  49946 [ACK] Seq=55214 Ack=144 Win=65024 Len=1448 TSval=2916033668 TSecr=3045553442 [TCP segment of a reassembled PDU]"
"10455","29.588133669","192.168.1.55","192.168.1.2","TCP","1514","8004  >  49946 [ACK] Seq=56662 Ack=144 Win=65024 Len=1448 TSval=2916033668 TSecr=3045553442 [TCP segment of a reassembled PDU]"
"10456","29.588135058","192.168.1.55","192.168.1.2","TCP","1514","8004  >  49946 [ACK] Seq=58110 Ack=144 Win=65024 Len=1448 TSval=2916033668 TSecr=3045553442 [TCP segment of a reassembled PDU]"
"10457","29.588136447","192.168.1.55","192.168.1.2","TCP","1514","8004  >  49946 [ACK] Seq=59558 Ack=144 Win=65024 Len=1448 TSval=2916033668 TSecr=3045553442 [TCP segment of a reassembled PDU]"
"10458","29.588137872","192.168.1.55","192.168.1.2","TCP","1514","8004  >  49946 [ACK] Seq=61006 Ack=144 Win=65024 Len=1448 TSval=2916033668 TSecr=3045553442 [TCP segment of a reassembled PDU]"
"10459","29.588139891","192.168.1.55","192.168.1.2","TCP","1514","8004  >  49946 [ACK] Seq=62454 Ack=144 Win=65024 Len=1448 TSval=2916033668 TSecr=3045553442 [TCP segment of a reassembled PDU]"
"10460","29.588141539","192.168.1.55","192.168.1.2","TCP","1514","8004  >  49946 [PSH, ACK] Seq=63902 Ack=144 Win=65024 Len=1448 TSval=2916033668 TSecr=3045553442 [TCP segment of a reassembled PDU]"
"10461","29.588147243","192.168.1.2","192.168.1.55","TCP","66","49946  >  8004 [ACK] Seq=144 Ack=36390 Win=76800 Len=0 TSval=3045553442 TSecr=2916033664"
"10462","29.588180706","192.168.1.55","192.168.1.2","TCP","1514","8004  >  49946 [ACK] Seq=65350 Ack=144 Win=65024 Len=1448 TSval=2916033668 TSecr=3045553442 [TCP segment of a reassembled PDU]"
"10463","29.588182391","192.168.1.55","192.168.1.2","TCP","1514","8004  >  49946 [ACK] Seq=66798 Ack=144 Win=65024 Len=1448 TSval=2916033668 TSecr=3045553442 [TCP segment of a reassembled PDU]"
"10464","29.588184558","192.168.1.55","192.168.1.2","TCP","1514","8004  >  49946 [ACK] Seq=68246 Ack=144 Win=65024 Len=1448 TSval=2916033668 TSecr=3045553442 [TCP segment of a reassembled PDU]"
"10465","29.588186206","192.168.1.55","192.168.1.2","TCP","1514","8004  >  49946 [ACK] Seq=69694 Ack=144 Win=65024 Len=1448 TSval=2916033668 TSecr=3045553442 [TCP segment of a reassembled PDU]"
"10466","29.588198187","192.168.1.55","192.168.1.2","TCP","1514","8004  >  49946 [ACK] Seq=71142 Ack=144 Win=65024 Len=1448 TSval=2916033668 TSecr=3045553442 [TCP segment of a reassembled PDU]"
"10467","29.588200058","192.168.1.55","192.168.1.2","TCP","1514","8004  >  49946 [ACK] Seq=72590 Ack=144 Win=65024 Len=1448 TSval=2916033668 TSecr=3045553442 [TCP segment of a reassembled PDU]"
"10468","29.588202095","192.168.1.55","192.168.1.2","TCP","1514","8004  >  49946 [ACK] Seq=74038 Ack=144 Win=65024 Len=1448 TSval=2916033668 TSecr=3045553442 [TCP segment of a reassembled PDU]"
"10469","29.588203724","192.168.1.55","192.168.1.2","TCP","1514","8004  >  49946 [PSH, ACK] Seq=75486 Ack=144 Win=65024 Len=1448 TSval=2916033668 TSecr=3045553442 [TCP segment of a reassembled PDU]"
"10470","29.588211169","192.168.1.2","192.168.1.55","TCP","66","49946  >  8004 [ACK] Seq=144 Ack=39286 Win=92160 Len=0 TSval=3045553443 TSecr=2916033664"
"10471","29.588282965","192.168.1.2","192.168.1.55","TCP","66","49946  >  8004 [ACK] Seq=144 Ack=40734 Win=94208 Len=0 TSval=3045553443 TSecr=2916033664"
"10472","29.588334336","192.168.1.55","192.168.1.2","TCP","1514","8004  >  49946 [ACK] Seq=76934 Ack=144 Win=65024 Len=1448 TSval=2916033668 TSecr=3045553443 [TCP segment of a reassembled PDU]"
"10473","29.588338002","192.168.1.55","192.168.1.2","TCP","1514","8004  >  49946 [ACK] Seq=78382 Ack=144 Win=65024 Len=1448 TSval=2916033668 TSecr=3045553443 [TCP segment of a reassembled PDU]"
"10474","29.588339725","192.168.1.55","192.168.1.2","TCP","1514","8004  >  49946 [ACK] Seq=79830 Ack=144 Win=65024 Len=1448 TSval=2916033668 TSecr=3045553443 [TCP segment of a reassembled PDU]"
"10475","29.588341706","192.168.1.55","192.168.1.2","TCP","1514","8004  >  49946 [ACK] Seq=81278 Ack=144 Win=65024 Len=1448 TSval=2916033668 TSecr=3045553443 [TCP segment of a reassembled PDU]"
"10476","29.588343651","192.168.1.55","192.168.1.2","TCP","1514","8004  >  49946 [ACK] Seq=82726 Ack=144 Win=65024 Len=1448 TSval=2916033668 TSecr=3045553443 [TCP segment of a reassembled PDU]"
"10477","29.588345947","192.168.1.55","192.168.1.2","TCP","1514","8004  >  49946 [ACK] Seq=84174 Ack=144 Win=65024 Len=1448 TSval=2916033668 TSecr=3045553443 [TCP segment of a reassembled PDU]"
"10478","29.588347743","192.168.1.55","192.168.1.2","TCP","1514","8004  >  49946 [ACK] Seq=85622 Ack=144 Win=65024 Len=1448 TSval=2916033668 TSecr=3045553443 [TCP segment of a reassembled PDU]"
"10479","29.588349076","192.168.1.55","192.168.1.2","TCP","1514","8004  >  49946 [ACK] Seq=87070 Ack=144 Win=65024 Len=1448 TSval=2916033668 TSecr=3045553443 [TCP segment of a reassembled PDU]"
"10480","29.588350836","192.168.1.55","192.168.1.2","TCP","1514","8004  >  49946 [ACK] Seq=88518 Ack=144 Win=65024 Len=1448 TSval=2916033668 TSecr=3045553443 [TCP segment of a reassembled PDU]"
"10481","29.588353039","192.168.1.55","192.168.1.2","TCP","1514","8004  >  49946 [ACK] Seq=89966 Ack=144 Win=65024 Len=1448 TSval=2916033668 TSecr=3045553443 [TCP segment of a reassembled PDU]"
"10482","29.588355206","192.168.1.55","192.168.1.2","TCP","1514","8004  >  49946 [ACK] Seq=91414 Ack=144 Win=65024 Len=1448 TSval=2916033668 TSecr=3045553443 [TCP segment of a reassembled PDU]"
"10483","29.588356836","192.168.1.55","192.168.1.2","TCP","1514","8004  >  49946 [ACK] Seq=92862 Ack=144 Win=65024 Len=1448 TSval=2916033668 TSecr=3045553443 [TCP segment of a reassembled PDU]"
"10484","29.588358577","192.168.1.55","192.168.1.2","TCP","1514","8004  >  49946 [ACK] Seq=94310 Ack=144 Win=65024 Len=1448 TSval=2916033668 TSecr=3045553443 [TCP segment of a reassembled PDU]"
"10485","29.588360132","192.168.1.55","192.168.1.2","TCP","1514","8004  >  49946 [PSH, ACK] Seq=95758 Ack=144 Win=65024 Len=1448 TSval=2916033668 TSecr=3045553443 [TCP segment of a reassembled PDU]"
"10486","29.588380743","192.168.1.2","192.168.1.55","TCP","66","49946  >  8004 [ACK] Seq=144 Ack=42182 Win=94208 Len=0 TSval=3045553443 TSecr=2916033665"
"10487","29.589633838","192.168.1.55","192.168.1.2","TCP","1514","8004  >  49946 [ACK] Seq=97206 Ack=144 Win=65024 Len=1448 TSval=2916033670 TSecr=3045553443 [TCP segment of a reassembled PDU]"
"10488","29.589641171","192.168.1.55","192.168.1.2","TCP","1514","8004  >  49946 [PSH, ACK] Seq=98654 Ack=144 Win=65024 Len=1448 TSval=2916033670 TSecr=3045553443 [TCP segment of a reassembled PDU]"
"10489","29.594966550","192.168.1.2","192.168.1.55","TCP","66","49946  >  8004 [ACK] Seq=144 Ack=45078 Win=92160 Len=0 TSval=3045553449 TSecr=2916033668"
"10490","29.595014439","192.168.1.55","192.168.1.2","TCP","1514","8004  >  49946 [ACK] Seq=100102 Ack=144 Win=65024 Len=1448 TSval=2916033675 TSecr=3045553449 [TCP segment of a reassembled PDU]"
"10491","29.595019679","192.168.1.55","192.168.1.2","TCP","1514","8004  >  49946 [ACK] Seq=101550 Ack=144 Win=65024 Len=1448 TSval=2916033675 TSecr=3045553449 [TCP segment of a reassembled PDU]"
"10492","29.595021920","192.168.1.55","192.168.1.2","TCP","1514","8004  >  49946 [ACK] Seq=102998 Ack=144 Win=65024 Len=1448 TSval=2916033675 TSecr=3045553449 [TCP segment of a reassembled PDU]"
"10493","29.595023735","192.168.1.55","192.168.1.2","TCP","1514","8004  >  49946 [PSH, ACK] Seq=104446 Ack=144 Win=65024 Len=1448 TSval=2916033675 TSecr=3045553449 [TCP segment of a reassembled PDU]"
"10494","29.595102902","192.168.1.2","192.168.1.55","TCP","66","49946  >  8004 [ACK] Seq=144 Ack=49422 Win=91136 Len=0 TSval=3045553449 TSecr=2916033668"
"10495","29.595111809","192.168.1.2","192.168.1.55","TCP","66","49946  >  8004 [ACK] Seq=144 Ack=65350 Win=79872 Len=0 TSval=3045553449 TSecr=2916033668"
"10496","29.595130050","192.168.1.55","192.168.1.2","TCP","1514","8004  >  49946 [ACK] Seq=105894 Ack=144 Win=65024 Len=1448 TSval=2916033675 TSecr=3045553449 [TCP segment of a reassembled PDU]"
"10497","29.595133013","192.168.1.55","192.168.1.2","TCP","1514","8004  >  49946 [ACK] Seq=107342 Ack=144 Win=65024 Len=1448 TSval=2916033675 TSecr=3045553449 [TCP segment of a reassembled PDU]"
"10498","29.595134532","192.168.1.55","192.168.1.2","TCP","1514","8004  >  49946 [ACK] Seq=108790 Ack=144 Win=65024 Len=1448 TSval=2916033675 TSecr=3045553449 [TCP segment of a reassembled PDU]"
"10499","29.595135902","192.168.1.55","192.168.1.2","TCP","1514","8004  >  49946 [ACK] Seq=110238 Ack=144 Win=65024 Len=1448 TSval=2916033675 TSecr=3045553449 [TCP segment of a reassembled PDU]"
"10500","29.595138291","192.168.1.55","192.168.1.2","TCP","1514","8004  >  49946 [ACK] Seq=111686 Ack=144 Win=65024 Len=1448 TSval=2916033675 TSecr=3045553449 [TCP segment of a reassembled PDU]"
"10501","29.595139902","192.168.1.55","192.168.1.2","TCP","1514","8004  >  49946 [ACK] Seq=113134 Ack=144 Win=65024 Len=1448 TSval=2916033675 TSecr=3045553449 [TCP segment of a reassembled PDU]"
"10502","29.595141346","192.168.1.55","192.168.1.2","TCP","1514","8004  >  49946 [PSH, ACK] Seq=114582 Ack=144 Win=65024 Len=1448 TSval=2916033675 TSecr=3045553449 [TCP segment of a reassembled PDU]"
"10503","29.595191865","192.168.1.55","192.168.1.2","TCP","1514","8004  >  49946 [ACK] Seq=116030 Ack=144 Win=65024 Len=1448 TSval=2916033675 TSecr=3045553449 [TCP segment of a reassembled PDU]"
"10504","29.595194087","192.168.1.55","192.168.1.2","TCP","1514","8004  >  49946 [ACK] Seq=117478 Ack=144 Win=65024 Len=1448 TSval=2916033675 TSecr=3045553449 [TCP segment of a reassembled PDU]"
"10505","29.595195383","192.168.1.55","192.168.1.2","TCP","1514","8004  >  49946 [ACK] Seq=118926 Ack=144 Win=65024 Len=1448 TSval=2916033675 TSecr=3045553449 [TCP segment of a reassembled PDU]"
"10506","29.595196698","192.168.1.55","192.168.1.2","TCP","1514","8004  >  49946 [ACK] Seq=120374 Ack=144 Win=65024 Len=1448 TSval=2916033675 TSecr=3045553449 [TCP segment of a reassembled PDU]"
"10507","29.595198161","192.168.1.55","192.168.1.2","TCP","1514","8004  >  49946 [ACK] Seq=121822 Ack=144 Win=65024 Len=1448 TSval=2916033675 TSecr=3045553449 [TCP segment of a reassembled PDU]"
"10508","29.595199865","192.168.1.55","192.168.1.2","TCP","1514","8004  >  49946 [ACK] Seq=123270 Ack=144 Win=65024 Len=1448 TSval=2916033675 TSecr=3045553449 [TCP segment of a reassembled PDU]"
"10509","29.595201846","192.168.1.55","192.168.1.2","TCP","1514","8004  >  49946 [ACK] Seq=124718 Ack=144 Win=65024 Len=1448 TSval=2916033675 TSecr=3045553449 [TCP segment of a reassembled PDU]"
"10510","29.595203032","192.168.1.55","192.168.1.2","TCP","1514","8004  >  49946 [ACK] Seq=126166 Ack=144 Win=65024 Len=1448 TSval=2916033675 TSecr=3045553449 [TCP segment of a reassembled PDU]"
"10511","29.595205013","192.168.1.55","192.168.1.2","TCP","1514","8004  >  49946 [ACK] Seq=127614 Ack=144 Win=65024 Len=1448 TSval=2916033675 TSecr=3045553449 [TCP segment of a reassembled PDU]"
"10512","29.595206643","192.168.1.55","192.168.1.2","TCP","1514","8004  >  49946 [ACK] Seq=129062 Ack=144 Win=65024 Len=1448 TSval=2916033675 TSecr=3045553449 [TCP segment of a reassembled PDU]"
"10513","29.595207921","192.168.1.55","192.168.1.2","TCP","1514","8004  >  49946 [ACK] Seq=130510 Ack=144 Win=65024 Len=1448 TSval=2916033675 TSecr=3045553449 [TCP segment of a reassembled PDU]"
"10514","29.595209180","192.168.1.55","192.168.1.2","TCP","1514","8004  >  49946 [ACK] Seq=131958 Ack=144 Win=65024 Len=1448 TSval=2916033675 TSecr=3045553449 [TCP segment of a reassembled PDU]"
"10515","29.595210439","192.168.1.55","192.168.1.2","TCP","1514","8004  >  49946 [ACK] Seq=133406 Ack=144 Win=65024 Len=1448 TSval=2916033675 TSecr=3045553449 [TCP segment of a reassembled PDU]"
"10516","29.595211606","192.168.1.55","192.168.1.2","TCP","1514","8004  >  49946 [ACK] Seq=134854 Ack=144 Win=65024 Len=1448 TSval=2916033675 TSecr=3045553449 [TCP segment of a reassembled PDU]"
"10517","29.595212921","192.168.1.55","192.168.1.2","TCP","1514","8004  >  49946 [ACK] Seq=136302 Ack=144 Win=65024 Len=1448 TSval=2916033675 TSecr=3045553449 [TCP segment of a reassembled PDU]"
"10518","29.595214495","192.168.1.55","192.168.1.2","TCP","1514","8004  >  49946 [ACK] Seq=137750 Ack=144 Win=65024 Len=1448 TSval=2916033675 TSecr=3045553449 [TCP segment of a reassembled PDU]"
"10519","29.595215680","192.168.1.55","192.168.1.2","TCP","1514","8004  >  49946 [ACK] Seq=139198 Ack=144 Win=65024 Len=1448 TSval=2916033675 TSecr=3045553449 [TCP segment of a reassembled PDU]"
"10520","29.595216939","192.168.1.55","192.168.1.2","TCP","1514","8004  >  49946 [ACK] Seq=140646 Ack=144 Win=65024 Len=1448 TSval=2916033675 TSecr=3045553449 [TCP segment of a reassembled PDU]"
"10521","29.595218217","192.168.1.55","192.168.1.2","TCP","1514","8004  >  49946 [ACK] Seq=142094 Ack=144 Win=65024 Len=1448 TSval=2916033675 TSecr=3045553449 [TCP segment of a reassembled PDU]"
"10522","29.595219513","192.168.1.55","192.168.1.2","TCP","1514","8004  >  49946 [ACK] Seq=143542 Ack=144 Win=65024 Len=1448 TSval=2916033675 TSecr=3045553449 [TCP segment of a reassembled PDU]"
"10523","29.595221069","192.168.1.55","192.168.1.2","TCP","298","[TCP Window Full] 8004  >  49946 [PSH, ACK] Seq=144990 Ack=144 Win=65024 Len=232 TSval=2916033675 TSecr=3045553449 [TCP segment of a reassembled PDU]"
"10524","29.595224550","192.168.1.2","192.168.1.55","TCP","66","49946  >  8004 [ACK] Seq=144 Ack=76934 Win=68608 Len=0 TSval=3045553449 TSecr=2916033668"
"10525","29.595291050","192.168.1.2","192.168.1.55","TCP","66","49946  >  8004 [ACK] Seq=144 Ack=97206 Win=75776 Len=0 TSval=3045553449 TSecr=2916033668"
"10526","29.595313439","192.168.1.55","192.168.1.2","TCP","1514","8004  >  49946 [ACK] Seq=145222 Ack=144 Win=65024 Len=1448 TSval=2916033676 TSecr=3045553449 [TCP segment of a reassembled PDU]"
"10527","29.595315384","192.168.1.55","192.168.1.2","TCP","1514","8004  >  49946 [ACK] Seq=146670 Ack=144 Win=65024 Len=1448 TSval=2916033676 TSecr=3045553449 [TCP segment of a reassembled PDU]"
"10528","29.595316569","192.168.1.55","192.168.1.2","TCP","1514","8004  >  49946 [ACK] Seq=148118 Ack=144 Win=65024 Len=1448 TSval=2916033676 TSecr=3045553449 [TCP segment of a reassembled PDU]"
"10529","29.595318143","192.168.1.55","192.168.1.2","TCP","1514","8004  >  49946 [ACK] Seq=149566 Ack=144 Win=65024 Len=1448 TSval=2916033676 TSecr=3045553449 [TCP segment of a reassembled PDU]"
"10530","29.595319421","192.168.1.55","192.168.1.2","TCP","1514","8004  >  49946 [ACK] Seq=151014 Ack=144 Win=65024 Len=1448 TSval=2916033676 TSecr=3045553449 [TCP segment of a reassembled PDU]"
"10531","29.595320550","192.168.1.55","192.168.1.2","TCP","1514","8004  >  49946 [PSH, ACK] Seq=152462 Ack=144 Win=65024 Len=1448 TSval=2916033676 TSecr=3045553449 [TCP segment of a reassembled PDU]"
"10532","29.595325717","192.168.1.2","192.168.1.55","TCP","66","49946  >  8004 [ACK] Seq=144 Ack=100102 Win=73728 Len=0 TSval=3045553449 TSecr=2916033670"
"10533","29.595354662","192.168.1.55","192.168.1.2","TCP","1282","8004  >  49946 [ACK] Seq=153910 Ack=144 Win=65024 Len=1216 TSval=2916033676 TSecr=3045553449 [TCP segment of a reassembled PDU]"
"10534","29.596493163","192.168.1.55","192.168.1.2","TCP","1514","8004  >  49946 [ACK] Seq=155126 Ack=144 Win=65024 Len=1448 TSval=2916033677 TSecr=3045553449 [TCP segment of a reassembled PDU]"
"10535","29.596495589","192.168.1.55","192.168.1.2","TCP","1514","8004  >  49946 [ACK] Seq=156574 Ack=144 Win=65024 Len=1448 TSval=2916033677 TSecr=3045553449 [TCP segment of a reassembled PDU]"
"10536","29.596497089","192.168.1.55","192.168.1.2","TCP","1514","8004  >  49946 [ACK] Seq=158022 Ack=144 Win=65024 Len=1448 TSval=2916033677 TSecr=3045553449 [TCP segment of a reassembled PDU]"
"10537","29.596498256","192.168.1.55","192.168.1.2","TCP","1514","8004  >  49946 [ACK] Seq=159470 Ack=144 Win=65024 Len=1448 TSval=2916033677 TSecr=3045553449 [TCP segment of a reassembled PDU]"
"10538","29.596499441","192.168.1.55","192.168.1.2","TCP","1514","8004  >  49946 [ACK] Seq=160918 Ack=144 Win=65024 Len=1448 TSval=2916033677 TSecr=3045553449 [TCP segment of a reassembled PDU]"
"10539","29.596500571","192.168.1.55","192.168.1.2","TCP","1514","8004  >  49946 [ACK] Seq=162366 Ack=144 Win=65024 Len=1448 TSval=2916033677 TSecr=3045553449 [TCP segment of a reassembled PDU]"
"10540","29.596501719","192.168.1.55","192.168.1.2","TCP","1514","8004  >  49946 [ACK] Seq=163814 Ack=144 Win=65024 Len=1448 TSval=2916033677 TSecr=3045553449 [TCP segment of a reassembled PDU]"
"10541","29.596503293","192.168.1.55","192.168.1.2","TCP","1514","8004  >  49946 [ACK] Seq=165262 Ack=144 Win=65024 Len=1448 TSval=2916033677 TSecr=3045553449 [TCP segment of a reassembled PDU]"
"10542","29.596504460","192.168.1.55","192.168.1.2","TCP","1514","8004  >  49946 [ACK] Seq=166710 Ack=144 Win=65024 Len=1448 TSval=2916033677 TSecr=3045553449 [TCP segment of a reassembled PDU]"
"10543","29.596505645","192.168.1.55","192.168.1.2","TCP","1514","8004  >  49946 [ACK] Seq=168158 Ack=144 Win=65024 Len=1448 TSval=2916033677 TSecr=3045553449 [TCP segment of a reassembled PDU]"
"10544","29.596507089","192.168.1.55","192.168.1.2","TCP","1514","8004  >  49946 [ACK] Seq=169606 Ack=144 Win=65024 Len=1448 TSval=2916033677 TSecr=3045553449 [TCP segment of a reassembled PDU]"
"10545","29.596508237","192.168.1.55","192.168.1.2","TCP","1514","8004  >  49946 [PSH, ACK] Seq=171054 Ack=144 Win=65024 Len=1448 TSval=2916033677 TSecr=3045553449 [TCP segment of a reassembled PDU]"
"10546","29.601908950","192.168.1.2","192.168.1.55","TCP","66","49946  >  8004 [ACK] Seq=144 Ack=105894 Win=88064 Len=0 TSval=3045553456 TSecr=2916033675"
"10547","29.601938801","192.168.1.55","192.168.1.2","TCP","1514","8004  >  49946 [ACK] Seq=172502 Ack=144 Win=65024 Len=1448 TSval=2916033682 TSecr=3045553456 [TCP segment of a reassembled PDU]"
"10548","29.601942357","192.168.1.55","192.168.1.2","TCP","1514","8004  >  49946 [ACK] Seq=173950 Ack=144 Win=65024 Len=1448 TSval=2916033682 TSecr=3045553456 [TCP segment of a reassembled PDU]"
"10549","29.601943690","192.168.1.55","192.168.1.2","TCP","1514","8004  >  49946 [ACK] Seq=175398 Ack=144 Win=65024 Len=1448 TSval=2916033682 TSecr=3045553456 [TCP segment of a reassembled PDU]"
"10550","29.601944931","192.168.1.55","192.168.1.2","TCP","1514","8004  >  49946 [ACK] Seq=176846 Ack=144 Win=65024 Len=1448 TSval=2916033682 TSecr=3045553456 [TCP segment of a reassembled PDU]"
"10551","29.601946190","192.168.1.55","192.168.1.2","TCP","1514","8004  >  49946 [ACK] Seq=178294 Ack=144 Win=65024 Len=1448 TSval=2916033682 TSecr=3045553456 [TCP segment of a reassembled PDU]"
"10552","29.601947468","192.168.1.55","192.168.1.2","TCP","1514","8004  >  49946 [ACK] Seq=179742 Ack=144 Win=65024 Len=1448 TSval=2916033682 TSecr=3045553456 [TCP segment of a reassembled PDU]"
"10553","29.601948653","192.168.1.55","192.168.1.2","TCP","1514","8004  >  49946 [ACK] Seq=181190 Ack=144 Win=65024 Len=1448 TSval=2916033682 TSecr=3045553456 [TCP segment of a reassembled PDU]"
"10554","29.601949876","192.168.1.55","192.168.1.2","TCP","1514","8004  >  49946 [ACK] Seq=182638 Ack=144 Win=65024 Len=1448 TSval=2916033682 TSecr=3045553456 [TCP segment of a reassembled PDU]"
"10555","29.601951264","192.168.1.55","192.168.1.2","TCP","1514","8004  >  49946 [ACK] Seq=184086 Ack=144 Win=65024 Len=1448 TSval=2916033682 TSecr=3045553456 [TCP segment of a reassembled PDU]"
"10556","29.601952431","192.168.1.55","192.168.1.2","TCP","1514","8004  >  49946 [ACK] Seq=185534 Ack=144 Win=65024 Len=1448 TSval=2916033682 TSecr=3045553456 [TCP segment of a reassembled PDU]"
"10557","29.601953764","192.168.1.55","192.168.1.2","TCP","1514","8004  >  49946 [ACK] Seq=186982 Ack=144 Win=65024 Len=1448 TSval=2916033682 TSecr=3045553456 [TCP segment of a reassembled PDU]"
"10558","29.601955246","192.168.1.55","192.168.1.2","TCP","1514","8004  >  49946 [ACK] Seq=188430 Ack=144 Win=65024 Len=1448 TSval=2916033682 TSecr=3045553456 [TCP segment of a reassembled PDU]"
"10559","29.601956413","192.168.1.55","192.168.1.2","TCP","1514","8004  >  49946 [ACK] Seq=189878 Ack=144 Win=65024 Len=1448 TSval=2916033682 TSecr=3045553456 [TCP segment of a reassembled PDU]"
"10560","29.601957709","192.168.1.55","192.168.1.2","TCP","1514","8004  >  49946 [PSH, ACK] Seq=191326 Ack=144 Win=65024 Len=1448 TSval=2916033682 TSecr=3045553456 [TCP segment of a reassembled PDU]"
"10561","29.602568858","192.168.1.2","192.168.1.55","TCP","66","49946  >  8004 [ACK] Seq=144 Ack=116030 Win=102400 Len=0 TSval=3045553456 TSecr=2916033675"
"10562","29.602581414","192.168.1.55","192.168.1.2","TCP","1514","8004  >  49946 [ACK] Seq=192774 Ack=144 Win=65024 Len=1448 TSval=2916033683 TSecr=3045553456 [TCP segment of a reassembled PDU]"
"10563","29.602583117","192.168.1.55","192.168.1.2","TCP","1514","8004  >  49946 [ACK] Seq=194222 Ack=144 Win=65024 Len=1448 TSval=2916033683 TSecr=3045553456 [TCP segment of a reassembled PDU]"
"10564","29.602584284","192.168.1.55","192.168.1.2","TCP","1514","8004  >  49946 [ACK] Seq=195670 Ack=144 Win=65024 Len=1448 TSval=2916033683 TSecr=3045553456 [TCP segment of a reassembled PDU]"
"10565","29.602585414","192.168.1.55","192.168.1.2","TCP","1514","8004  >  49946 [ACK] Seq=197118 Ack=144 Win=65024 Len=1448 TSval=2916033683 TSecr=3045553456 [TCP segment of a reassembled PDU]"
"10566","29.602586654","192.168.1.55","192.168.1.2","TCP","1514","8004  >  49946 [ACK] Seq=198566 Ack=144 Win=65024 Len=1448 TSval=2916033683 TSecr=3045553456 [TCP segment of a reassembled PDU]"
"10567","29.602587802","192.168.1.55","192.168.1.2","TCP","1514","8004  >  49946 [PSH, ACK] Seq=200014 Ack=144 Win=65024 Len=1448 TSval=2916033683 TSecr=3045553456 [TCP segment of a reassembled PDU]"
"10568","29.602591710","192.168.1.2","192.168.1.55","TCP","66","49946  >  8004 [ACK] Seq=144 Ack=136302 Win=92160 Len=0 TSval=3045553456 TSecr=2916033675"
"10569","29.602598080","192.168.1.2","192.168.1.55","TCP","66","49946  >  8004 [ACK] Seq=144 Ack=139198 Win=108544 Len=0 TSval=3045553456 TSecr=2916033675"
"10570","29.602630432","192.168.1.55","192.168.1.2","TCP","1514","8004  >  49946 [ACK] Seq=201462 Ack=144 Win=65024 Len=1448 TSval=2916033683 TSecr=3045553456 [TCP segment of a reassembled PDU]"
"10571","29.602631951","192.168.1.55","192.168.1.2","TCP","1514","8004  >  49946 [ACK] Seq=202910 Ack=144 Win=65024 Len=1448 TSval=2916033683 TSecr=3045553456 [TCP segment of a reassembled PDU]"
"10572","29.602633136","192.168.1.55","192.168.1.2","TCP","1514","8004  >  49946 [ACK] Seq=204358 Ack=144 Win=65024 Len=1448 TSval=2916033683 TSecr=3045553456 [TCP segment of a reassembled PDU]"
"10573","29.602634432","192.168.1.55","192.168.1.2","TCP","1514","8004  >  49946 [ACK] Seq=205806 Ack=144 Win=65024 Len=1448 TSval=2916033683 TSecr=3045553456 [TCP segment of a reassembled PDU]"
"10574","29.602635599","192.168.1.55","192.168.1.2","TCP","1514","8004  >  49946 [ACK] Seq=207254 Ack=144 Win=65024 Len=1448 TSval=2916033683 TSecr=3045553456 [TCP segment of a reassembled PDU]"
"10575","29.602636858","192.168.1.55","192.168.1.2","TCP","1514","8004  >  49946 [ACK] Seq=208702 Ack=144 Win=65024 Len=1448 TSval=2916033683 TSecr=3045553456 [TCP segment of a reassembled PDU]"
"10576","29.602638117","192.168.1.55","192.168.1.2","TCP","1514","8004  >  49946 [ACK] Seq=210150 Ack=144 Win=65024 Len=1448 TSval=2916033683 TSecr=3045553456 [TCP segment of a reassembled PDU]"
"10577","29.602639395","192.168.1.55","192.168.1.2","TCP","1514","8004  >  49946 [ACK] Seq=211598 Ack=144 Win=65024 Len=1448 TSval=2916033683 TSecr=3045553456 [TCP segment of a reassembled PDU]"
"10578","29.602640636","192.168.1.55","192.168.1.2","TCP","1514","8004  >  49946 [ACK] Seq=213046 Ack=144 Win=65024 Len=1448 TSval=2916033683 TSecr=3045553456 [TCP segment of a reassembled PDU]"
"10579","29.602641840","192.168.1.55","192.168.1.2","TCP","1514","8004  >  49946 [ACK] Seq=214494 Ack=144 Win=65024 Len=1448 TSval=2916033683 TSecr=3045553456 [TCP segment of a reassembled PDU]"
"10580","29.602643025","192.168.1.55","192.168.1.2","TCP","1514","8004  >  49946 [ACK] Seq=215942 Ack=144 Win=65024 Len=1448 TSval=2916033683 TSecr=3045553456 [TCP segment of a reassembled PDU]"
"10581","29.602644303","192.168.1.55","192.168.1.2","TCP","1514","8004  >  49946 [ACK] Seq=217390 Ack=144 Win=65024 Len=1448 TSval=2916033683 TSecr=3045553456 [TCP segment of a reassembled PDU]"
"10582","29.602645469","192.168.1.55","192.168.1.2","TCP","1514","8004  >  49946 [ACK] Seq=218838 Ack=144 Win=65024 Len=1448 TSval=2916033683 TSecr=3045553456 [TCP segment of a reassembled PDU]"
"10583","29.602646932","192.168.1.55","192.168.1.2","TCP","1514","8004  >  49946 [ACK] Seq=220286 Ack=144 Win=65024 Len=1448 TSval=2916033683 TSecr=3045553456 [TCP segment of a reassembled PDU]"
"10584","29.602648099","192.168.1.55","192.168.1.2","TCP","1514","8004  >  49946 [ACK] Seq=221734 Ack=144 Win=65024 Len=1448 TSval=2916033683 TSecr=3045553456 [TCP segment of a reassembled PDU]"
"10585","29.602649321","192.168.1.55","192.168.1.2","TCP","1514","8004  >  49946 [ACK] Seq=223182 Ack=144 Win=65024 Len=1448 TSval=2916033683 TSecr=3045553456 [TCP segment of a reassembled PDU]"
"10586","29.602650543","192.168.1.55","192.168.1.2","TCP","1514","8004  >  49946 [ACK] Seq=224630 Ack=144 Win=65024 Len=1448 TSval=2916033683 TSecr=3045553456 [TCP segment of a reassembled PDU]"
"10587","29.602651728","192.168.1.55","192.168.1.2","TCP","1514","8004  >  49946 [ACK] Seq=226078 Ack=144 Win=65024 Len=1448 TSval=2916033683 TSecr=3045553456 [TCP segment of a reassembled PDU]"
"10588","29.602653025","192.168.1.55","192.168.1.2","TCP","1514","8004  >  49946 [ACK] Seq=227526 Ack=144 Win=65024 Len=1448 TSval=2916033683 TSecr=3045553456 [TCP segment of a reassembled PDU]"
"10589","29.602654247","192.168.1.55","192.168.1.2","TCP","1514","8004  >  49946 [ACK] Seq=228974 Ack=144 Win=65024 Len=1448 TSval=2916033683 TSecr=3045553456 [TCP segment of a reassembled PDU]"
"10590","29.602655543","192.168.1.55","192.168.1.2","TCP","1514","8004  >  49946 [ACK] Seq=230422 Ack=144 Win=65024 Len=1448 TSval=2916033683 TSecr=3045553456 [TCP segment of a reassembled PDU]"
"10591","29.602656803","192.168.1.55","192.168.1.2","TCP","1514","8004  >  49946 [ACK] Seq=231870 Ack=144 Win=65024 Len=1448 TSval=2916033683 TSecr=3045553456 [TCP segment of a reassembled PDU]"
"10592","29.602658210","192.168.1.55","192.168.1.2","TCP","1514","8004  >  49946 [ACK] Seq=233318 Ack=144 Win=65024 Len=1448 TSval=2916033683 TSecr=3045553456 [TCP segment of a reassembled PDU]"
"10593","29.602659506","192.168.1.55","192.168.1.2","TCP","1514","8004  >  49946 [ACK] Seq=234766 Ack=144 Win=65024 Len=1448 TSval=2916033683 TSecr=3045553456 [TCP segment of a reassembled PDU]"
"10594","29.602660784","192.168.1.55","192.168.1.2","TCP","1514","8004  >  49946 [ACK] Seq=236214 Ack=144 Win=65024 Len=1448 TSval=2916033683 TSecr=3045553456 [TCP segment of a reassembled PDU]"
"10595","29.602662099","192.168.1.55","192.168.1.2","TCP","1514","8004  >  49946 [ACK] Seq=237662 Ack=144 Win=65024 Len=1448 TSval=2916033683 TSecr=3045553456 [TCP segment of a reassembled PDU]"
"10596","29.602663451","192.168.1.55","192.168.1.2","TCP","1514","8004  >  49946 [ACK] Seq=239110 Ack=144 Win=65024 Len=1448 TSval=2916033683 TSecr=3045553456 [TCP segment of a reassembled PDU]"
"10597","29.602664617","192.168.1.55","192.168.1.2","TCP","1514","8004  >  49946 [ACK] Seq=240558 Ack=144 Win=65024 Len=1448 TSval=2916033683 TSecr=3045553456 [TCP segment of a reassembled PDU]"
"10598","29.602666266","192.168.1.55","192.168.1.2","TCP","1514","8004  >  49946 [ACK] Seq=242006 Ack=144 Win=65024 Len=1448 TSval=2916033683 TSecr=3045553456 [TCP segment of a reassembled PDU]"
"10599","29.602667414","192.168.1.55","192.168.1.2","TCP","1514","8004  >  49946 [ACK] Seq=243454 Ack=144 Win=65024 Len=1448 TSval=2916033683 TSecr=3045553456 [TCP segment of a reassembled PDU]"
"10600","29.602668636","192.168.1.55","192.168.1.2","TCP","1514","8004  >  49946 [PSH, ACK] Seq=244902 Ack=144 Win=65024 Len=1448 TSval=2916033683 TSecr=3045553456 [TCP segment of a reassembled PDU]"
"10601","29.605427455","192.168.1.2","192.168.1.55","TCP","66","49946  >  8004 [ACK] Seq=144 Ack=145222 Win=115712 Len=0 TSval=3045553457 TSecr=2916033675"
"10602","29.605438159","192.168.1.55","192.168.1.2","TCP","1514","8004  >  49946 [PSH, ACK] Seq=246350 Ack=144 Win=65024 Len=1448 TSval=2916033686 TSecr=3045553457 [TCP segment of a reassembled PDU]"
"10603","29.605600011","192.168.1.2","192.168.1.55","TCP","66","49946  >  8004 [ACK] Seq=144 Ack=153910 Win=107520 Len=0 TSval=3045553457 TSecr=2916033676"
"10604","29.605607196","192.168.1.2","192.168.1.55","TCP","66","49946  >  8004 [ACK] Seq=144 Ack=155126 Win=106496 Len=0 TSval=3045553457 TSecr=2916033676"
"10605","29.605611418","192.168.1.2","192.168.1.55","TCP","66","49946  >  8004 [ACK] Seq=144 Ack=172502 Win=90112 Len=0 TSval=3045553458 TSecr=2916033677"
"10606","29.605626900","192.168.1.55","192.168.1.2","TCP","1514","8004  >  49946 [ACK] Seq=247798 Ack=144 Win=65024 Len=1448 TSval=2916033686 TSecr=3045553458 [TCP segment of a reassembled PDU]"
"10607","29.605629085","192.168.1.55","192.168.1.2","TCP","1514","8004  >  49946 [ACK] Seq=249246 Ack=144 Win=65024 Len=1448 TSval=2916033686 TSecr=3045553458 [TCP segment of a reassembled PDU]"
"10608","29.605630307","192.168.1.55","192.168.1.2","TCP","1514","8004  >  49946 [ACK] Seq=250694 Ack=144 Win=65024 Len=1448 TSval=2916033686 TSecr=3045553458 [TCP segment of a reassembled PDU]"
"10609","29.605631474","192.168.1.55","192.168.1.2","TCP","1514","8004  >  49946 [ACK] Seq=252142 Ack=144 Win=65024 Len=1448 TSval=2916033686 TSecr=3045553458 [TCP segment of a reassembled PDU]"
"10610","29.605632752","192.168.1.55","192.168.1.2","TCP","1514","8004  >  49946 [ACK] Seq=253590 Ack=144 Win=65024 Len=1448 TSval=2916033686 TSecr=3045553458 [TCP segment of a reassembled PDU]"
"10611","29.605633992","192.168.1.55","192.168.1.2","TCP","1514","8004  >  49946 [ACK] Seq=255038 Ack=144 Win=65024 Len=1448 TSval=2916033686 TSecr=3045553458 [TCP segment of a reassembled PDU]"
"10612","29.605635233","192.168.1.55","192.168.1.2","TCP","1514","8004  >  49946 [ACK] Seq=256486 Ack=144 Win=65024 Len=1448 TSval=2916033686 TSecr=3045553458 [TCP segment of a reassembled PDU]"
"10613","29.605636437","192.168.1.55","192.168.1.2","TCP","1514","8004  >  49946 [ACK] Seq=257934 Ack=144 Win=65024 Len=1448 TSval=2916033686 TSecr=3045553458 [TCP segment of a reassembled PDU]"
"10614","29.605637807","192.168.1.55","192.168.1.2","TCP","1514","8004  >  49946 [ACK] Seq=259382 Ack=144 Win=65024 Len=1448 TSval=2916033686 TSecr=3045553458 [TCP segment of a reassembled PDU]"
"10615","29.605639455","192.168.1.55","192.168.1.2","TCP","1514","8004  >  49946 [ACK] Seq=260830 Ack=144 Win=65024 Len=1448 TSval=2916033686 TSecr=3045553458 [TCP segment of a reassembled PDU]"
"10616","29.605640622","192.168.1.55","192.168.1.2","TCP","402","[TCP Window Full] 8004  >  49946 [PSH, ACK] Seq=262278 Ack=144 Win=65024 Len=336 TSval=2916033686 TSecr=3045553458 [TCP segment of a reassembled PDU]"
"10617","29.607899774","192.168.1.2","192.168.1.55","TCP","66","49946  >  8004 [ACK] Seq=144 Ack=186982 Win=104448 Len=0 TSval=3045553460 TSecr=2916033682"
"10618","29.607922811","192.168.1.55","192.168.1.2","TCP","1514","8004  >  49946 [ACK] Seq=262614 Ack=144 Win=65024 Len=1448 TSval=2916033688 TSecr=3045553460 [TCP segment of a reassembled PDU]"
"10619","29.607925348","192.168.1.55","192.168.1.2","TCP","1514","8004  >  49946 [ACK] Seq=264062 Ack=144 Win=65024 Len=1448 TSval=2916033688 TSecr=3045553460 [TCP segment of a reassembled PDU]"
"10620","29.607926607","192.168.1.55","192.168.1.2","TCP","1514","8004  >  49946 [ACK] Seq=265510 Ack=144 Win=65024 Len=1448 TSval=2916033688 TSecr=3045553460 [TCP segment of a reassembled PDU]"
"10621","29.607927940","192.168.1.55","192.168.1.2","TCP","1514","8004  >  49946 [ACK] Seq=266958 Ack=144 Win=65024 Len=1448 TSval=2916033688 TSecr=3045553460 [TCP segment of a reassembled PDU]"
"10622","29.607929237","192.168.1.55","192.168.1.2","TCP","1514","8004  >  49946 [ACK] Seq=268406 Ack=144 Win=65024 Len=1448 TSval=2916033688 TSecr=3045553460 [TCP segment of a reassembled PDU]"
"10623","29.607930589","192.168.1.55","192.168.1.2","TCP","1514","8004  >  49946 [ACK] Seq=269854 Ack=144 Win=65024 Len=1448 TSval=2916033688 TSecr=3045553460 [TCP segment of a reassembled PDU]"
"10624","29.607931977","192.168.1.55","192.168.1.2","TCP","1514","8004  >  49946 [ACK] Seq=271302 Ack=144 Win=65024 Len=1448 TSval=2916033688 TSecr=3045553460 [TCP segment of a reassembled PDU]"
"10625","29.607933255","192.168.1.55","192.168.1.2","TCP","1514","8004  >  49946 [ACK] Seq=272750 Ack=144 Win=65024 Len=1448 TSval=2916033688 TSecr=3045553460 [TCP segment of a reassembled PDU]"
"10626","29.607934533","192.168.1.55","192.168.1.2","TCP","1514","8004  >  49946 [ACK] Seq=274198 Ack=144 Win=65024 Len=1448 TSval=2916033688 TSecr=3045553460 [TCP segment of a reassembled PDU]"
"10627","29.607935940","192.168.1.55","192.168.1.2","TCP","1514","8004  >  49946 [ACK] Seq=275646 Ack=144 Win=65024 Len=1448 TSval=2916033688 TSecr=3045553460 [TCP segment of a reassembled PDU]"
"10628","29.607937218","192.168.1.55","192.168.1.2","TCP","1514","8004  >  49946 [ACK] Seq=277094 Ack=144 Win=65024 Len=1448 TSval=2916033688 TSecr=3045553460 [TCP segment of a reassembled PDU]"
"10629","29.607938626","192.168.1.55","192.168.1.2","TCP","1514","8004  >  49946 [ACK] Seq=278542 Ack=144 Win=65024 Len=1448 TSval=2916033688 TSecr=3045553460 [TCP segment of a reassembled PDU]"
"10630","29.607939922","192.168.1.55","192.168.1.2","TCP","1514","8004  >  49946 [ACK] Seq=279990 Ack=144 Win=65024 Len=1448 TSval=2916033688 TSecr=3045553460 [TCP segment of a reassembled PDU]"
"10631","29.607941200","192.168.1.55","192.168.1.2","TCP","1514","8004  >  49946 [ACK] Seq=281438 Ack=144 Win=65024 Len=1448 TSval=2916033688 TSecr=3045553460 [TCP segment of a reassembled PDU]"
"10632","29.607942570","192.168.1.55","192.168.1.2","TCP","1514","8004  >  49946 [ACK] Seq=282886 Ack=144 Win=65024 Len=1448 TSval=2916033688 TSecr=3045553460 [TCP segment of a reassembled PDU]"
"10633","29.607943903","192.168.1.55","192.168.1.2","TCP","1514","8004  >  49946 [ACK] Seq=284334 Ack=144 Win=65024 Len=1448 TSval=2916033688 TSecr=3045553460 [TCP segment of a reassembled PDU]"
"10634","29.607945292","192.168.1.55","192.168.1.2","TCP","1514","8004  >  49946 [ACK] Seq=285782 Ack=144 Win=65024 Len=1448 TSval=2916033688 TSecr=3045553460 [TCP segment of a reassembled PDU]"
"10635","29.607946607","192.168.1.55","192.168.1.2","TCP","1514","8004  >  49946 [ACK] Seq=287230 Ack=144 Win=65024 Len=1448 TSval=2916033688 TSecr=3045553460 [TCP segment of a reassembled PDU]"
"10636","29.607947959","192.168.1.55","192.168.1.2","TCP","1514","8004  >  49946 [PSH, ACK] Seq=288678 Ack=144 Win=65024 Len=1448 TSval=2916033688 TSecr=3045553460 [TCP segment of a reassembled PDU]"
"10637","29.610696500","192.168.1.2","192.168.1.55","TCP","66","49946  >  8004 [ACK] Seq=144 Ack=191326 Win=123904 Len=0 TSval=3045553463 TSecr=2916033682"
"10638","29.610707056","192.168.1.55","192.168.1.2","TCP","1514","8004  >  49946 [ACK] Seq=290126 Ack=144 Win=65024 Len=1448 TSval=2916033691 TSecr=3045553463 [TCP segment of a reassembled PDU]"
"10639","29.610709352","192.168.1.55","192.168.1.2","TCP","1514","8004  >  49946 [PSH, ACK] Seq=291574 Ack=144 Win=65024 Len=1448 TSval=2916033691 TSecr=3045553463 [TCP segment of a reassembled PDU]"
"10640","29.610714371","192.168.1.55","192.168.1.2","TCP","1178","8004  >  49946 [ACK] Seq=293022 Ack=144 Win=65024 Len=1112 TSval=2916033691 TSecr=3045553463 [TCP segment of a reassembled PDU]"
"10641","29.610945723","192.168.1.2","192.168.1.55","TCP","66","49946  >  8004 [ACK] Seq=144 Ack=192774 Win=126976 Len=0 TSval=3045553463 TSecr=2916033682"
"10642","29.610952556","192.168.1.2","192.168.1.55","TCP","66","49946  >  8004 [ACK] Seq=144 Ack=244902 Win=83968 Len=0 TSval=3045553463 TSecr=2916033683"
"10643","29.610978686","192.168.1.55","192.168.1.2","TCP","1514","8004  >  49946 [ACK] Seq=294134 Ack=144 Win=65024 Len=1448 TSval=2916033691 TSecr=3045553463 [TCP segment of a reassembled PDU]"
"10644","29.610981075","192.168.1.55","192.168.1.2","TCP","1514","8004  >  49946 [ACK] Seq=295582 Ack=144 Win=65024 Len=1448 TSval=2916033691 TSecr=3045553463 [TCP segment of a reassembled PDU]"
"10645","29.610982464","192.168.1.55","192.168.1.2","TCP","1514","8004  >  49946 [ACK] Seq=297030 Ack=144 Win=65024 Len=1448 TSval=2916033691 TSecr=3045553463 [TCP segment of a reassembled PDU]"
"10646","29.610983853","192.168.1.55","192.168.1.2","TCP","1514","8004  >  49946 [ACK] Seq=298478 Ack=144 Win=65024 Len=1448 TSval=2916033691 TSecr=3045553463 [TCP segment of a reassembled PDU]"
"10647","29.610985186","192.168.1.55","192.168.1.2","TCP","1514","8004  >  49946 [ACK] Seq=299926 Ack=144 Win=65024 Len=1448 TSval=2916033691 TSecr=3045553463 [TCP segment of a reassembled PDU]"
"10648","29.610986519","192.168.1.55","192.168.1.2","TCP","1514","8004  >  49946 [ACK] Seq=301374 Ack=144 Win=65024 Len=1448 TSval=2916033691 TSecr=3045553463 [TCP segment of a reassembled PDU]"
"10649","29.610987890","192.168.1.55","192.168.1.2","TCP","1514","8004  >  49946 [ACK] Seq=302822 Ack=144 Win=65024 Len=1448 TSval=2916033691 TSecr=3045553463 [TCP segment of a reassembled PDU]"
"10650","29.610993353","192.168.1.55","192.168.1.2","TCP","1514","8004  >  49946 [ACK] Seq=304270 Ack=144 Win=65024 Len=1448 TSval=2916033691 TSecr=3045553463 [TCP segment of a reassembled PDU]"
"10651","29.610994964","192.168.1.55","192.168.1.2","TCP","1514","8004  >  49946 [ACK] Seq=305718 Ack=144 Win=65024 Len=1448 TSval=2916033691 TSecr=3045553463 [TCP segment of a reassembled PDU]"
"10652","29.610996353","192.168.1.55","192.168.1.2","TCP","1514","8004  >  49946 [ACK] Seq=307166 Ack=144 Win=65024 Len=1448 TSval=2916033691 TSecr=3045553463 [TCP segment of a reassembled PDU]"
"10653","29.610997649","192.168.1.55","192.168.1.2","TCP","1514","8004  >  49946 [ACK] Seq=308614 Ack=144 Win=65024 Len=1448 TSval=2916033691 TSecr=3045553463 [TCP segment of a reassembled PDU]"
"10654","29.610999001","192.168.1.55","192.168.1.2","TCP","1514","8004  >  49946 [ACK] Seq=310062 Ack=144 Win=65024 Len=1448 TSval=2916033691 TSecr=3045553463 [TCP segment of a reassembled PDU]"
"10655","29.611000371","192.168.1.55","192.168.1.2","TCP","1514","8004  >  49946 [ACK] Seq=311510 Ack=144 Win=65024 Len=1448 TSval=2916033691 TSecr=3045553463 [TCP segment of a reassembled PDU]"
"10656","29.611001797","192.168.1.55","192.168.1.2","TCP","1514","8004  >  49946 [ACK] Seq=312958 Ack=144 Win=65024 Len=1448 TSval=2916033691 TSecr=3045553463 [TCP segment of a reassembled PDU]"
"10657","29.611003204","192.168.1.55","192.168.1.2","TCP","1514","8004  >  49946 [ACK] Seq=314406 Ack=144 Win=65024 Len=1448 TSval=2916033691 TSecr=3045553463 [TCP segment of a reassembled PDU]"
"10658","29.611004501","192.168.1.55","192.168.1.2","TCP","1514","8004  >  49946 [ACK] Seq=315854 Ack=144 Win=65024 Len=1448 TSval=2916033691 TSecr=3045553463 [TCP segment of a reassembled PDU]"
"10659","29.611005834","192.168.1.55","192.168.1.2","TCP","1514","8004  >  49946 [ACK] Seq=317302 Ack=144 Win=65024 Len=1448 TSval=2916033691 TSecr=3045553463 [TCP segment of a reassembled PDU]"
"10660","29.611007371","192.168.1.55","192.168.1.2","TCP","1514","8004  >  49946 [ACK] Seq=318750 Ack=144 Win=65024 Len=1448 TSval=2916033691 TSecr=3045553463 [TCP segment of a reassembled PDU]"
"10661","29.611008908","192.168.1.55","192.168.1.2","TCP","1514","8004  >  49946 [ACK] Seq=320198 Ack=144 Win=65024 Len=1448 TSval=2916033691 TSecr=3045553463 [TCP segment of a reassembled PDU]"
"10662","29.611010297","192.168.1.55","192.168.1.2","TCP","1514","8004  >  49946 [ACK] Seq=321646 Ack=144 Win=65024 Len=1448 TSval=2916033691 TSecr=3045553463 [TCP segment of a reassembled PDU]"
"10663","29.611011612","192.168.1.55","192.168.1.2","TCP","1514","8004  >  49946 [ACK] Seq=323094 Ack=144 Win=65024 Len=1448 TSval=2916033691 TSecr=3045553463 [TCP segment of a reassembled PDU]"
"10664","29.611013149","192.168.1.55","192.168.1.2","TCP","1514","8004  >  49946 [ACK] Seq=324542 Ack=144 Win=65024 Len=1448 TSval=2916033691 TSecr=3045553463 [TCP segment of a reassembled PDU]"
"10665","29.611014612","192.168.1.55","192.168.1.2","TCP","1514","8004  >  49946 [PSH, ACK] Seq=325990 Ack=144 Win=65024 Len=1448 TSval=2916033691 TSecr=3045553463 [TCP segment of a reassembled PDU]"
"10666","29.611019223","192.168.1.2","192.168.1.55","TCP","66","49946  >  8004 [ACK] Seq=144 Ack=246350 Win=130048 Len=0 TSval=3045553466 TSecr=2916033683"
"10667","29.611037038","192.168.1.55","192.168.1.2","TCP","1514","8004  >  49946 [ACK] Seq=327438 Ack=144 Win=65024 Len=1448 TSval=2916033691 TSecr=3045553466 [TCP segment of a reassembled PDU]"
"10668","29.611038686","192.168.1.55","192.168.1.2","TCP","1514","8004  >  49946 [ACK] Seq=328886 Ack=144 Win=65024 Len=1448 TSval=2916033691 TSecr=3045553466 [TCP segment of a reassembled PDU]"
"10669","29.611040038","192.168.1.55","192.168.1.2","TCP","1514","8004  >  49946 [ACK] Seq=330334 Ack=144 Win=65024 Len=1448 TSval=2916033691 TSecr=3045553466 [TCP segment of a reassembled PDU]"
"10670","29.611041408","192.168.1.55","192.168.1.2","TCP","1514","8004  >  49946 [ACK] Seq=331782 Ack=144 Win=65024 Len=1448 TSval=2916033691 TSecr=3045553466 [TCP segment of a reassembled PDU]"
"10671","29.611042816","192.168.1.55","192.168.1.2","TCP","1514","8004  >  49946 [ACK] Seq=333230 Ack=144 Win=65024 Len=1448 TSval=2916033691 TSecr=3045553466 [TCP segment of a reassembled PDU]"
"10672","29.611044334","192.168.1.55","192.168.1.2","TCP","1514","8004  >  49946 [ACK] Seq=334678 Ack=144 Win=65024 Len=1448 TSval=2916033691 TSecr=3045553466 [TCP segment of a reassembled PDU]"
"10673","29.611045705","192.168.1.55","192.168.1.2","TCP","1514","8004  >  49946 [ACK] Seq=336126 Ack=144 Win=65024 Len=1448 TSval=2916033691 TSecr=3045553466 [TCP segment of a reassembled PDU]"
"10674","29.611047260","192.168.1.55","192.168.1.2","TCP","1514","8004  >  49946 [ACK] Seq=337574 Ack=144 Win=65024 Len=1448 TSval=2916033691 TSecr=3045553466 [TCP segment of a reassembled PDU]"
"10675","29.611048797","192.168.1.55","192.168.1.2","TCP","1514","8004  >  49946 [PSH, ACK] Seq=339022 Ack=144 Win=65024 Len=1448 TSval=2916033691 TSecr=3045553466 [TCP segment of a reassembled PDU]"
"10676","29.612273077","192.168.1.2","192.168.1.55","TCP","66","49946  >  8004 [ACK] Seq=144 Ack=262614 Win=116736 Len=0 TSval=3045553466 TSecr=2916033686"
"10677","29.612312318","192.168.1.55","192.168.1.2","TCP","1514","8004  >  49946 [ACK] Seq=340470 Ack=144 Win=65024 Len=1448 TSval=2916033692 TSecr=3045553466 [TCP segment of a reassembled PDU]"
"10678","29.612314410","192.168.1.55","192.168.1.2","TCP","1514","8004  >  49946 [ACK] Seq=341918 Ack=144 Win=65024 Len=1448 TSval=2916033692 TSecr=3045553466 [TCP segment of a reassembled PDU]"
"10679","29.612315799","192.168.1.55","192.168.1.2","TCP","1514","8004  >  49946 [ACK] Seq=343366 Ack=144 Win=65024 Len=1448 TSval=2916033692 TSecr=3045553466 [TCP segment of a reassembled PDU]"
"10680","29.612317077","192.168.1.55","192.168.1.2","TCP","1514","8004  >  49946 [ACK] Seq=344814 Ack=144 Win=65024 Len=1448 TSval=2916033692 TSecr=3045553466 [TCP segment of a reassembled PDU]"
"10681","29.612318373","192.168.1.55","192.168.1.2","TCP","1514","8004  >  49946 [ACK] Seq=346262 Ack=144 Win=65024 Len=1448 TSval=2916033692 TSecr=3045553466 [TCP segment of a reassembled PDU]"
"10682","29.612319818","192.168.1.55","192.168.1.2","TCP","1514","8004  >  49946 [ACK] Seq=347710 Ack=144 Win=65024 Len=1448 TSval=2916033692 TSecr=3045553466 [TCP segment of a reassembled PDU]"
"10683","29.612321318","192.168.1.55","192.168.1.2","TCP","1514","8004  >  49946 [ACK] Seq=349158 Ack=144 Win=65024 Len=1448 TSval=2916033692 TSecr=3045553466 [TCP segment of a reassembled PDU]"
"10684","29.612322651","192.168.1.55","192.168.1.2","TCP","1514","8004  >  49946 [ACK] Seq=350606 Ack=144 Win=65024 Len=1448 TSval=2916033692 TSecr=3045553466 [TCP segment of a reassembled PDU]"
"10685","29.612324040","192.168.1.55","192.168.1.2","TCP","1514","8004  >  49946 [ACK] Seq=352054 Ack=144 Win=65024 Len=1448 TSval=2916033692 TSecr=3045553466 [TCP segment of a reassembled PDU]"
"10686","29.612325762","192.168.1.55","192.168.1.2","TCP","1514","8004  >  49946 [ACK] Seq=353502 Ack=144 Win=65024 Len=1448 TSval=2916033692 TSecr=3045553466 [TCP segment of a reassembled PDU]"
"10687","29.612327207","192.168.1.55","192.168.1.2","TCP","1514","8004  >  49946 [ACK] Seq=354950 Ack=144 Win=65024 Len=1448 TSval=2916033692 TSecr=3045553466 [TCP segment of a reassembled PDU]"
"10688","29.612328484","192.168.1.55","192.168.1.2","TCP","1514","8004  >  49946 [ACK] Seq=356398 Ack=144 Win=65024 Len=1448 TSval=2916033692 TSecr=3045553466 [TCP segment of a reassembled PDU]"
"10689","29.612329781","192.168.1.55","192.168.1.2","TCP","1514","8004  >  49946 [ACK] Seq=357846 Ack=144 Win=65024 Len=1448 TSval=2916033692 TSecr=3045553466 [TCP segment of a reassembled PDU]"
"10690","29.612331077","192.168.1.55","192.168.1.2","TCP","1514","8004  >  49946 [ACK] Seq=359294 Ack=144 Win=65024 Len=1448 TSval=2916033692 TSecr=3045553466 [TCP segment of a reassembled PDU]"
"10691","29.612332373","192.168.1.55","192.168.1.2","TCP","1514","8004  >  49946 [ACK] Seq=360742 Ack=144 Win=65024 Len=1448 TSval=2916033692 TSecr=3045553466 [TCP segment of a reassembled PDU]"
"10692","29.612333892","192.168.1.55","192.168.1.2","TCP","1514","8004  >  49946 [ACK] Seq=362190 Ack=144 Win=65024 Len=1448 TSval=2916033692 TSecr=3045553466 [TCP segment of a reassembled PDU]"
"10693","29.612335188","192.168.1.55","192.168.1.2","TCP","1514","8004  >  49946 [ACK] Seq=363638 Ack=144 Win=65024 Len=1448 TSval=2916033692 TSecr=3045553466 [TCP segment of a reassembled PDU]"
"10694","29.612336744","192.168.1.55","192.168.1.2","TCP","1514","8004  >  49946 [ACK] Seq=365086 Ack=144 Win=65024 Len=1448 TSval=2916033692 TSecr=3045553466 [TCP segment of a reassembled PDU]"
"10695","29.612338132","192.168.1.55","192.168.1.2","TCP","1514","8004  >  49946 [ACK] Seq=366534 Ack=144 Win=65024 Len=1448 TSval=2916033692 TSecr=3045553466 [TCP segment of a reassembled PDU]"
"10696","29.612339651","192.168.1.55","192.168.1.2","TCP","1514","8004  >  49946 [ACK] Seq=367982 Ack=144 Win=65024 Len=1448 TSval=2916033692 TSecr=3045553466 [TCP segment of a reassembled PDU]"
"10697","29.612341077","192.168.1.55","192.168.1.2","TCP","1514","8004  >  49946 [ACK] Seq=369430 Ack=144 Win=65024 Len=1448 TSval=2916033692 TSecr=3045553466 [TCP segment of a reassembled PDU]"
"10698","29.612342410","192.168.1.55","192.168.1.2","TCP","1514","8004  >  49946 [ACK] Seq=370878 Ack=144 Win=65024 Len=1448 TSval=2916033692 TSecr=3045553466 [TCP segment of a reassembled PDU]"
"10699","29.612343707","192.168.1.55","192.168.1.2","TCP","1514","8004  >  49946 [ACK] Seq=372326 Ack=144 Win=65024 Len=1448 TSval=2916033692 TSecr=3045553466 [TCP segment of a reassembled PDU]"
"10700","29.612345244","192.168.1.55","192.168.1.2","TCP","1514","8004  >  49946 [ACK] Seq=373774 Ack=144 Win=65024 Len=1448 TSval=2916033692 TSecr=3045553466 [TCP segment of a reassembled PDU]"
"10701","29.612346558","192.168.1.55","192.168.1.2","TCP","1514","8004  >  49946 [ACK] Seq=375222 Ack=144 Win=65024 Len=1448 TSval=2916033692 TSecr=3045553466 [TCP segment of a reassembled PDU]"
"10702","29.612348003","192.168.1.55","192.168.1.2","TCP","1514","8004  >  49946 [PSH, ACK] Seq=376670 Ack=144 Win=65024 Len=1448 TSval=2916033692 TSecr=3045553466 [TCP segment of a reassembled PDU]"
"10703","29.612381910","192.168.1.2","192.168.1.55","TCP","66","49946  >  8004 [ACK] Seq=144 Ack=281438 Win=98304 Len=0 TSval=3045553466 TSecr=2916033688"
"10704","29.616720936","192.168.1.2","192.168.1.55","TCP","66","49946  >  8004 [ACK] Seq=144 Ack=290126 Win=125952 Len=0 TSval=3045553472 TSecr=2916033688"
"10705","29.616732343","192.168.1.55","192.168.1.2","TCP","1514","8004  >  49946 [ACK] Seq=378118 Ack=144 Win=65024 Len=1448 TSval=2916033697 TSecr=3045553472 [TCP segment of a reassembled PDU]"
"10706","29.616734713","192.168.1.55","192.168.1.2","TCP","1514","8004  >  49946 [ACK] Seq=379566 Ack=144 Win=65024 Len=1448 TSval=2916033697 TSecr=3045553472 [TCP segment of a reassembled PDU]"
"10707","29.616736102","192.168.1.55","192.168.1.2","TCP","1514","8004  >  49946 [ACK] Seq=381014 Ack=144 Win=65024 Len=1448 TSval=2916033697 TSecr=3045553472 [TCP segment of a reassembled PDU]"
"10708","29.616737380","192.168.1.55","192.168.1.2","TCP","1514","8004  >  49946 [ACK] Seq=382462 Ack=144 Win=65024 Len=1448 TSval=2916033697 TSecr=3045553472 [TCP segment of a reassembled PDU]"
"10709","29.616738732","192.168.1.55","192.168.1.2","TCP","1514","8004  >  49946 [ACK] Seq=383910 Ack=144 Win=65024 Len=1448 TSval=2916033697 TSecr=3045553472 [TCP segment of a reassembled PDU]"
"10710","29.616740436","192.168.1.55","192.168.1.2","TCP","1514","8004  >  49946 [PSH, ACK] Seq=385358 Ack=144 Win=65024 Len=1448 TSval=2916033697 TSecr=3045553472 [TCP segment of a reassembled PDU]"
"10711","29.617093455","192.168.1.2","192.168.1.55","TCP","66","49946  >  8004 [ACK] Seq=144 Ack=293022 Win=130048 Len=0 TSval=3045553472 TSecr=2916033691"
"10712","29.617099918","192.168.1.2","192.168.1.55","TCP","66","49946  >  8004 [ACK] Seq=144 Ack=294134 Win=133120 Len=0 TSval=3045553472 TSecr=2916033691"
"10713","29.617105029","192.168.1.2","192.168.1.55","TCP","66","49946  >  8004 [ACK] Seq=144 Ack=317302 Win=114688 Len=0 TSval=3045553472 TSecr=2916033691"
"10714","29.617138751","192.168.1.55","192.168.1.2","TCP","1514","8004  >  49946 [ACK] Seq=386806 Ack=144 Win=65024 Len=1448 TSval=2916033697 TSecr=3045553472 [TCP segment of a reassembled PDU]"
"10715","29.617141696","192.168.1.55","192.168.1.2","TCP","1514","8004  >  49946 [ACK] Seq=388254 Ack=144 Win=65024 Len=1448 TSval=2916033697 TSecr=3045553472 [TCP segment of a reassembled PDU]"
"10716","29.617143010","192.168.1.55","192.168.1.2","TCP","1514","8004  >  49946 [ACK] Seq=389702 Ack=144 Win=65024 Len=1448 TSval=2916033697 TSecr=3045553472 [TCP segment of a reassembled PDU]"
"10717","29.617144399","192.168.1.55","192.168.1.2","TCP","1514","8004  >  49946 [ACK] Seq=391150 Ack=144 Win=65024 Len=1448 TSval=2916033697 TSecr=3045553472 [TCP segment of a reassembled PDU]"
"10718","29.617145696","192.168.1.55","192.168.1.2","TCP","1514","8004  >  49946 [ACK] Seq=392598 Ack=144 Win=65024 Len=1448 TSval=2916033697 TSecr=3045553472 [TCP segment of a reassembled PDU]"
"10719","29.617147140","192.168.1.55","192.168.1.2","TCP","1514","8004  >  49946 [ACK] Seq=394046 Ack=144 Win=65024 Len=1448 TSval=2916033697 TSecr=3045553472 [TCP segment of a reassembled PDU]"
"10720","29.617148510","192.168.1.55","192.168.1.2","TCP","1514","8004  >  49946 [ACK] Seq=395494 Ack=144 Win=65024 Len=1448 TSval=2916033697 TSecr=3045553472 [TCP segment of a reassembled PDU]"
"10721","29.617149936","192.168.1.55","192.168.1.2","TCP","1514","8004  >  49946 [ACK] Seq=396942 Ack=144 Win=65024 Len=1448 TSval=2916033697 TSecr=3045553472 [TCP segment of a reassembled PDU]"
"10722","29.617151362","192.168.1.55","192.168.1.2","TCP","1514","8004  >  49946 [ACK] Seq=398390 Ack=144 Win=65024 Len=1448 TSval=2916033697 TSecr=3045553472 [TCP segment of a reassembled PDU]"
"10723","29.617152733","192.168.1.55","192.168.1.2","TCP","1514","8004  >  49946 [ACK] Seq=399838 Ack=144 Win=65024 Len=1448 TSval=2916033697 TSecr=3045553472 [TCP segment of a reassembled PDU]"
"10724","29.617154103","192.168.1.55","192.168.1.2","TCP","1514","8004  >  49946 [ACK] Seq=401286 Ack=144 Win=65024 Len=1448 TSval=2916033697 TSecr=3045553472 [TCP segment of a reassembled PDU]"
"10725","29.617155492","192.168.1.55","192.168.1.2","TCP","1514","8004  >  49946 [ACK] Seq=402734 Ack=144 Win=65024 Len=1448 TSval=2916033697 TSecr=3045553472 [TCP segment of a reassembled PDU]"
"10726","29.617156918","192.168.1.55","192.168.1.2","TCP","1514","8004  >  49946 [ACK] Seq=404182 Ack=144 Win=65024 Len=1448 TSval=2916033697 TSecr=3045553472 [TCP segment of a reassembled PDU]"
"10727","29.617158584","192.168.1.55","192.168.1.2","TCP","1514","8004  >  49946 [ACK] Seq=405630 Ack=144 Win=65024 Len=1448 TSval=2916033697 TSecr=3045553472 [TCP segment of a reassembled PDU]"
"10728","29.617160010","192.168.1.55","192.168.1.2","TCP","1514","8004  >  49946 [ACK] Seq=407078 Ack=144 Win=65024 Len=1448 TSval=2916033697 TSecr=3045553472 [TCP segment of a reassembled PDU]"
"10729","29.617161436","192.168.1.55","192.168.1.2","TCP","1514","8004  >  49946 [ACK] Seq=408526 Ack=144 Win=65024 Len=1448 TSval=2916033697 TSecr=3045553472 [TCP segment of a reassembled PDU]"
"10730","29.617162881","192.168.1.55","192.168.1.2","TCP","1514","8004  >  49946 [ACK] Seq=409974 Ack=144 Win=65024 Len=1448 TSval=2916033697 TSecr=3045553472 [TCP segment of a reassembled PDU]"
"10731","29.617164362","192.168.1.55","192.168.1.2","TCP","1514","8004  >  49946 [ACK] Seq=411422 Ack=144 Win=65024 Len=1448 TSval=2916033697 TSecr=3045553472 [TCP segment of a reassembled PDU]"
"10732","29.617165955","192.168.1.55","192.168.1.2","TCP","1514","8004  >  49946 [ACK] Seq=412870 Ack=144 Win=65024 Len=1448 TSval=2916033697 TSecr=3045553472 [TCP segment of a reassembled PDU]"
"10733","29.617167270","192.168.1.55","192.168.1.2","TCP","1514","8004  >  49946 [ACK] Seq=414318 Ack=144 Win=65024 Len=1448 TSval=2916033697 TSecr=3045553472 [TCP segment of a reassembled PDU]"
"10734","29.617168603","192.168.1.55","192.168.1.2","TCP","1514","8004  >  49946 [ACK] Seq=415766 Ack=144 Win=65024 Len=1448 TSval=2916033697 TSecr=3045553472 [TCP segment of a reassembled PDU]"
"10735","29.617170325","192.168.1.55","192.168.1.2","TCP","1514","8004  >  49946 [ACK] Seq=417214 Ack=144 Win=65024 Len=1448 TSval=2916033697 TSecr=3045553472 [TCP segment of a reassembled PDU]"
"10736","29.617171603","192.168.1.55","192.168.1.2","TCP","1514","8004  >  49946 [ACK] Seq=418662 Ack=144 Win=65024 Len=1448 TSval=2916033697 TSecr=3045553472 [TCP segment of a reassembled PDU]"
"10737","29.617172899","192.168.1.55","192.168.1.2","TCP","1514","8004  >  49946 [ACK] Seq=420110 Ack=144 Win=65024 Len=1448 TSval=2916033697 TSecr=3045553472 [TCP segment of a reassembled PDU]"
"10738","29.617174307","192.168.1.55","192.168.1.2","TCP","1514","8004  >  49946 [ACK] Seq=421558 Ack=144 Win=65024 Len=1448 TSval=2916033697 TSecr=3045553472 [TCP segment of a reassembled PDU]"
"10739","29.617175640","192.168.1.55","192.168.1.2","TCP","1514","8004  >  49946 [ACK] Seq=423006 Ack=144 Win=65024 Len=1448 TSval=2916033697 TSecr=3045553472 [TCP segment of a reassembled PDU]"
"10740","29.617177029","192.168.1.55","192.168.1.2","TCP","1514","8004  >  49946 [ACK] Seq=424454 Ack=144 Win=65024 Len=1448 TSval=2916033697 TSecr=3045553472 [TCP segment of a reassembled PDU]"
"10741","29.617178399","192.168.1.55","192.168.1.2","TCP","1514","8004  >  49946 [ACK] Seq=425902 Ack=144 Win=65024 Len=1448 TSval=2916033697 TSecr=3045553472 [TCP segment of a reassembled PDU]"
"10742","29.617179844","192.168.1.55","192.168.1.2","TCP","1514","8004  >  49946 [ACK] Seq=427350 Ack=144 Win=65024 Len=1448 TSval=2916033697 TSecr=3045553472 [TCP segment of a reassembled PDU]"
"10743","29.617181696","192.168.1.55","192.168.1.2","TCP","1514","8004  >  49946 [ACK] Seq=428798 Ack=144 Win=65024 Len=1448 TSval=2916033697 TSecr=3045553472 [TCP segment of a reassembled PDU]"
"10744","29.617183084","192.168.1.55","192.168.1.2","TCP","1514","8004  >  49946 [ACK] Seq=430246 Ack=144 Win=65024 Len=1448 TSval=2916033697 TSecr=3045553472 [TCP segment of a reassembled PDU]"
"10745","29.617184918","192.168.1.55","192.168.1.2","TCP","362","[TCP Window Full] 8004  >  49946 [PSH, ACK] Seq=431694 Ack=144 Win=65024 Len=296 TSval=2916033697 TSecr=3045553472 [TCP segment of a reassembled PDU]"
"10746","29.617189418","192.168.1.2","192.168.1.55","TCP","66","49946  >  8004 [ACK] Seq=144 Ack=320198 Win=112640 Len=0 TSval=3045553472 TSecr=2916033691"
"10747","29.617248140","192.168.1.2","192.168.1.55","TCP","66","49946  >  8004 [ACK] Seq=144 Ack=327438 Win=130048 Len=0 TSval=3045553472 TSecr=2916033691"
"10748","29.617256381","192.168.1.55","192.168.1.2","TCP","1218","8004  >  49946 [ACK] Seq=431990 Ack=144 Win=65024 Len=1152 TSval=2916033697 TSecr=3045553472 [TCP segment of a reassembled PDU]"
"10749","29.617260973","192.168.1.2","192.168.1.55","TCP","66","49946  >  8004 [ACK] Seq=144 Ack=340470 Win=123904 Len=0 TSval=3045553472 TSecr=2916033691"
"10750","29.617271862","192.168.1.2","192.168.1.55","TCP","66","49946  >  8004 [ACK] Seq=144 Ack=370878 Win=94208 Len=0 TSval=3045553472 TSecr=2916033692"
"10751","29.617307937","192.168.1.55","192.168.1.2","TCP","1514","8004  >  49946 [ACK] Seq=433142 Ack=144 Win=65024 Len=1448 TSval=2916033697 TSecr=3045553472 [TCP segment of a reassembled PDU]"
"10752","29.617309955","192.168.1.55","192.168.1.2","TCP","1514","8004  >  49946 [ACK] Seq=434590 Ack=144 Win=65024 Len=1448 TSval=2916033697 TSecr=3045553472 [TCP segment of a reassembled PDU]"
"10753","29.617311288","192.168.1.55","192.168.1.2","TCP","1514","8004  >  49946 [ACK] Seq=436038 Ack=144 Win=65024 Len=1448 TSval=2916033697 TSecr=3045553472 [TCP segment of a reassembled PDU]"
"10754","29.617312603","192.168.1.55","192.168.1.2","TCP","1514","8004  >  49946 [ACK] Seq=437486 Ack=144 Win=65024 Len=1448 TSval=2916033697 TSecr=3045553472 [TCP segment of a reassembled PDU]"
"10755","29.617314029","192.168.1.55","192.168.1.2","TCP","1514","8004  >  49946 [ACK] Seq=438934 Ack=144 Win=65024 Len=1448 TSval=2916033697 TSecr=3045553472 [TCP segment of a reassembled PDU]"
"10756","29.617315362","192.168.1.55","192.168.1.2","TCP","1514","8004  >  49946 [ACK] Seq=440382 Ack=144 Win=65024 Len=1448 TSval=2916033697 TSecr=3045553472 [TCP segment of a reassembled PDU]"
"10757","29.617316733","192.168.1.55","192.168.1.2","TCP","1514","8004  >  49946 [ACK] Seq=441830 Ack=144 Win=65024 Len=1448 TSval=2916033697 TSecr=3045553472 [TCP segment of a reassembled PDU]"
"10758","29.617318492","192.168.1.55","192.168.1.2","TCP","1514","8004  >  49946 [ACK] Seq=443278 Ack=144 Win=65024 Len=1448 TSval=2916033697 TSecr=3045553472 [TCP segment of a reassembled PDU]"
"10759","29.617320011","192.168.1.55","192.168.1.2","TCP","1514","8004  >  49946 [ACK] Seq=444726 Ack=144 Win=65024 Len=1448 TSval=2916033697 TSecr=3045553472 [TCP segment of a reassembled PDU]"
"10760","29.617321399","192.168.1.55","192.168.1.2","TCP","1514","8004  >  49946 [ACK] Seq=446174 Ack=144 Win=65024 Len=1448 TSval=2916033697 TSecr=3045553472 [TCP segment of a reassembled PDU]"
"10761","29.617322751","192.168.1.55","192.168.1.2","TCP","1514","8004  >  49946 [ACK] Seq=447622 Ack=144 Win=65024 Len=1448 TSval=2916033697 TSecr=3045553472 [TCP segment of a reassembled PDU]"
"10762","29.617324251","192.168.1.55","192.168.1.2","TCP","1514","8004  >  49946 [ACK] Seq=449070 Ack=144 Win=65024 Len=1448 TSval=2916033697 TSecr=3045553472 [TCP segment of a reassembled PDU]"
"10763","29.617325696","192.168.1.55","192.168.1.2","TCP","1514","8004  >  49946 [ACK] Seq=450518 Ack=144 Win=65024 Len=1448 TSval=2916033697 TSecr=3045553472 [TCP segment of a reassembled PDU]"
"10764","29.617327029","192.168.1.55","192.168.1.2","TCP","1514","8004  >  49946 [ACK] Seq=451966 Ack=144 Win=65024 Len=1448 TSval=2916033697 TSecr=3045553472 [TCP segment of a reassembled PDU]"
"10765","29.617328437","192.168.1.55","192.168.1.2","TCP","1514","8004  >  49946 [ACK] Seq=453414 Ack=144 Win=65024 Len=1448 TSval=2916033697 TSecr=3045553472 [TCP segment of a reassembled PDU]"
"10766","29.617329900","192.168.1.55","192.168.1.2","TCP","1514","8004  >  49946 [ACK] Seq=454862 Ack=144 Win=65024 Len=1448 TSval=2916033697 TSecr=3045553472 [TCP segment of a reassembled PDU]"
"10767","29.617331437","192.168.1.55","192.168.1.2","TCP","1514","8004  >  49946 [ACK] Seq=456310 Ack=144 Win=65024 Len=1448 TSval=2916033697 TSecr=3045553472 [TCP segment of a reassembled PDU]"
"10768","29.617333344","192.168.1.55","192.168.1.2","TCP","1514","8004  >  49946 [ACK] Seq=457758 Ack=144 Win=65024 Len=1448 TSval=2916033697 TSecr=3045553472 [TCP segment of a reassembled PDU]"
"10769","29.617334770","192.168.1.55","192.168.1.2","TCP","1514","8004  >  49946 [ACK] Seq=459206 Ack=144 Win=65024 Len=1448 TSval=2916033697 TSecr=3045553472 [TCP segment of a reassembled PDU]"
"10770","29.617336177","192.168.1.55","192.168.1.2","TCP","1514","8004  >  49946 [ACK] Seq=460654 Ack=144 Win=65024 Len=1448 TSval=2916033697 TSecr=3045553472 [TCP segment of a reassembled PDU]"
"10771","29.617337529","192.168.1.55","192.168.1.2","TCP","1514","8004  >  49946 [ACK] Seq=462102 Ack=144 Win=65024 Len=1448 TSval=2916033697 TSecr=3045553472 [TCP segment of a reassembled PDU]"
"10772","29.617338862","192.168.1.55","192.168.1.2","TCP","1514","8004  >  49946 [PSH, ACK] Seq=463550 Ack=144 Win=65024 Len=1448 TSval=2916033697 TSecr=3045553472 [TCP segment of a reassembled PDU]"
"10773","29.618537401","192.168.1.2","192.168.1.55","TCP","66","49946  >  8004 [ACK] Seq=144 Ack=372326 Win=133120 Len=0 TSval=3045553474 TSecr=2916033692"
"10774","29.618553346","192.168.1.55","192.168.1.2","TCP","1514","8004  >  49946 [ACK] Seq=464998 Ack=144 Win=65024 Len=1448 TSval=2916033699 TSecr=3045553474 [TCP segment of a reassembled PDU]"
"10775","29.618555124","192.168.1.55","192.168.1.2","TCP","1514","8004  >  49946 [ACK] Seq=466446 Ack=144 Win=65024 Len=1448 TSval=2916033699 TSecr=3045553474 [TCP segment of a reassembled PDU]"
"10776","29.618556605","192.168.1.55","192.168.1.2","TCP","1514","8004  >  49946 [ACK] Seq=467894 Ack=144 Win=65024 Len=1448 TSval=2916033699 TSecr=3045553474 [TCP segment of a reassembled PDU]"
"10777","29.618557901","192.168.1.55","192.168.1.2","TCP","1514","8004  >  49946 [ACK] Seq=469342 Ack=144 Win=65024 Len=1448 TSval=2916033699 TSecr=3045553474 [TCP segment of a reassembled PDU]"
"10778","29.618559198","192.168.1.55","192.168.1.2","TCP","1514","8004  >  49946 [ACK] Seq=470790 Ack=144 Win=65024 Len=1448 TSval=2916033699 TSecr=3045553474 [TCP segment of a reassembled PDU]"
"10779","29.618560605","192.168.1.55","192.168.1.2","TCP","1514","8004  >  49946 [ACK] Seq=472238 Ack=144 Win=65024 Len=1448 TSval=2916033699 TSecr=3045553474 [TCP segment of a reassembled PDU]"
"10780","29.618561901","192.168.1.55","192.168.1.2","TCP","1514","8004  >  49946 [ACK] Seq=473686 Ack=144 Win=65024 Len=1448 TSval=2916033699 TSecr=3045553474 [TCP segment of a reassembled PDU]"
"10781","29.618563216","192.168.1.55","192.168.1.2","TCP","1514","8004  >  49946 [ACK] Seq=475134 Ack=144 Win=65024 Len=1448 TSval=2916033699 TSecr=3045553474 [TCP segment of a reassembled PDU]"
"10782","29.618564661","192.168.1.55","192.168.1.2","TCP","1514","8004  >  49946 [ACK] Seq=476582 Ack=144 Win=65024 Len=1448 TSval=2916033699 TSecr=3045553474 [TCP segment of a reassembled PDU]"
"10783","29.618565976","192.168.1.55","192.168.1.2","TCP","1514","8004  >  49946 [PSH, ACK] Seq=478030 Ack=144 Win=65024 Len=1448 TSval=2916033699 TSecr=3045553474 [TCP segment of a reassembled PDU]"
"10784","29.618582939","192.168.1.55","192.168.1.2","TCP","1514","8004  >  49946 [ACK] Seq=479478 Ack=144 Win=65024 Len=1448 TSval=2916033699 TSecr=3045553474 [TCP segment of a reassembled PDU]"
"10785","29.618584457","192.168.1.55","192.168.1.2","TCP","1514","8004  >  49946 [ACK] Seq=480926 Ack=144 Win=65024 Len=1448 TSval=2916033699 TSecr=3045553474 [TCP segment of a reassembled PDU]"
"10786","29.618585901","192.168.1.55","192.168.1.2","TCP","1514","8004  >  49946 [ACK] Seq=482374 Ack=144 Win=65024 Len=1448 TSval=2916033699 TSecr=3045553474 [TCP segment of a reassembled PDU]"
"10787","29.618587550","192.168.1.55","192.168.1.2","TCP","1514","8004  >  49946 [ACK] Seq=483822 Ack=144 Win=65024 Len=1448 TSval=2916033699 TSecr=3045553474 [TCP segment of a reassembled PDU]"
"10788","29.618588976","192.168.1.55","192.168.1.2","TCP","1514","8004  >  49946 [ACK] Seq=485270 Ack=144 Win=65024 Len=1448 TSval=2916033699 TSecr=3045553474 [TCP segment of a reassembled PDU]"
"10789","29.618590346","192.168.1.55","192.168.1.2","TCP","1514","8004  >  49946 [ACK] Seq=486718 Ack=144 Win=65024 Len=1448 TSval=2916033699 TSecr=3045553474 [TCP segment of a reassembled PDU]"
"10790","29.618591661","192.168.1.55","192.168.1.2","TCP","1514","8004  >  49946 [ACK] Seq=488166 Ack=144 Win=65024 Len=1448 TSval=2916033699 TSecr=3045553474 [TCP segment of a reassembled PDU]"
"10791","29.618593013","192.168.1.55","192.168.1.2","TCP","1514","8004  >  49946 [ACK] Seq=489614 Ack=144 Win=65024 Len=1448 TSval=2916033699 TSecr=3045553474 [TCP segment of a reassembled PDU]"
"10792","29.618594846","192.168.1.55","192.168.1.2","TCP","1514","8004  >  49946 [ACK] Seq=491062 Ack=144 Win=65024 Len=1448 TSval=2916033699 TSecr=3045553474 [TCP segment of a reassembled PDU]"
"10793","29.618596124","192.168.1.55","192.168.1.2","TCP","1514","8004  >  49946 [ACK] Seq=492510 Ack=144 Win=65024 Len=1448 TSval=2916033699 TSecr=3045553474 [TCP segment of a reassembled PDU]"
"10794","29.618597531","192.168.1.55","192.168.1.2","TCP","1514","8004  >  49946 [ACK] Seq=493958 Ack=144 Win=65024 Len=1448 TSval=2916033699 TSecr=3045553474 [TCP segment of a reassembled PDU]"
"10795","29.618598809","192.168.1.55","192.168.1.2","TCP","1514","8004  >  49946 [ACK] Seq=495406 Ack=144 Win=65024 Len=1448 TSval=2916033699 TSecr=3045553474 [TCP segment of a reassembled PDU]"
"10796","29.618600105","192.168.1.55","192.168.1.2","TCP","1514","8004  >  49946 [PSH, ACK] Seq=496854 Ack=144 Win=65024 Len=1448 TSval=2916033699 TSecr=3045553474 [TCP segment of a reassembled PDU]"
"10797","29.618604235","192.168.1.55","192.168.1.2","HTTP","222","HTTP/1.0 200 OK  (PNG)"
"10798","29.618632957","192.168.1.2","192.168.1.55","TCP","66","49946  >  8004 [ACK] Seq=144 Ack=378118 Win=131072 Len=0 TSval=3045553474 TSecr=2916033692"
"10799","29.629929827","192.168.1.2","192.168.1.55","TCP","66","49946  >  8004 [ACK] Seq=144 Ack=408526 Win=118784 Len=0 TSval=3045553482 TSecr=2916033697"
"10800","29.630028179","192.168.1.2","192.168.1.55","TCP","66","49946  >  8004 [ACK] Seq=144 Ack=414318 Win=144384 Len=0 TSval=3045553485 TSecr=2916033697"
"10801","29.630535494","192.168.1.2","192.168.1.55","TCP","66","49946  >  8004 [ACK] Seq=144 Ack=431990 Win=133120 Len=0 TSval=3045553486 TSecr=2916033697"
"10802","29.630700939","192.168.1.2","192.168.1.55","TCP","66","49946  >  8004 [ACK] Seq=144 Ack=464998 Win=101376 Len=0 TSval=3045553486 TSecr=2916033697"
"10803","29.630709013","192.168.1.2","192.168.1.55","TCP","66","49946  >  8004 [ACK] Seq=144 Ack=479478 Win=105472 Len=0 TSval=3045553486 TSecr=2916033699"
"10804","29.630713902","192.168.1.2","192.168.1.55","TCP","66","49946  >  8004 [ACK] Seq=144 Ack=489614 Win=96256 Len=0 TSval=3045553486 TSecr=2916033699"
"10805","29.632072700","192.168.1.2","192.168.1.55","TCP","66","49946  >  8004 [ACK] Seq=144 Ack=498302 Win=138240 Len=0 TSval=3045553488 TSecr=2916033699"
"10806","29.634238037","192.168.1.2","192.168.1.55","TCP","66","49946  >  8004 [FIN, ACK] Seq=144 Ack=498459 Win=147456 Len=0 TSval=3045553489 TSecr=2916033699"
"10807","29.634249278","192.168.1.55","192.168.1.2","TCP","66","8004  >  49946 [ACK] Seq=498459 Ack=145 Win=65024 Len=0 TSval=2916033714 TSecr=3045553489"
"10808","29.634364815","192.168.1.2","192.168.1.55","TCP","74","49948  >  8004 [SYN] Seq=0 Win=64240 Len=0 MSS=1460 SACK_PERM TSval=3045553489 TSecr=0 WS=1024"
"10809","29.634390297","192.168.1.55","192.168.1.2","TCP","74","8004  >  49948 [SYN, ACK] Seq=0 Ack=1 Win=65160 Len=0 MSS=1460 SACK_PERM TSval=2916033715 TSecr=3045553489 WS=128"
"10810","29.637623135","192.168.1.2","192.168.1.55","TCP","66","49948  >  8004 [ACK] Seq=1 Ack=1 Win=64512 Len=0 TSval=3045553492 TSecr=2916033715"
"10811","29.640831307","192.168.1.2","192.168.1.55","HTTP","206","GET /stego_benchmark.png HTTP/1.1 "
"10812","29.640843159","192.168.1.55","192.168.1.2","TCP","66","8004  >  49948 [ACK] Seq=1 Ack=141 Win=65024 Len=0 TSval=2916033721 TSecr=3045553492"
"10813","29.641348659","192.168.1.55","192.168.1.2","TCP","255","8004  >  49948 [PSH, ACK] Seq=1 Ack=141 Win=65024 Len=189 TSval=2916033722 TSecr=3045553492 [TCP segment of a reassembled PDU]"
"10814","29.641430382","192.168.1.55","192.168.1.2","TCP","1514","8004  >  49948 [ACK] Seq=190 Ack=141 Win=65024 Len=1448 TSval=2916033722 TSecr=3045553492 [TCP segment of a reassembled PDU]"
"10815","29.641435530","192.168.1.55","192.168.1.2","TCP","1514","8004  >  49948 [ACK] Seq=1638 Ack=141 Win=65024 Len=1448 TSval=2916033722 TSecr=3045553492 [TCP segment of a reassembled PDU]"
"10816","29.641437085","192.168.1.55","192.168.1.2","TCP","1514","8004  >  49948 [ACK] Seq=3086 Ack=141 Win=65024 Len=1448 TSval=2916033722 TSecr=3045553492 [TCP segment of a reassembled PDU]"
"10817","29.641438530","192.168.1.55","192.168.1.2","TCP","1514","8004  >  49948 [ACK] Seq=4534 Ack=141 Win=65024 Len=1448 TSval=2916033722 TSecr=3045553492 [TCP segment of a reassembled PDU]"
"10818","29.641440400","192.168.1.55","192.168.1.2","TCP","1514","8004  >  49948 [PSH, ACK] Seq=5982 Ack=141 Win=65024 Len=1448 TSval=2916033722 TSecr=3045553492 [TCP segment of a reassembled PDU]"
"10819","29.641457345","192.168.1.55","192.168.1.2","TCP","1514","8004  >  49948 [ACK] Seq=7430 Ack=141 Win=65024 Len=1448 TSval=2916033722 TSecr=3045553492 [TCP segment of a reassembled PDU]"
"10820","29.641459252","192.168.1.55","192.168.1.2","TCP","1514","8004  >  49948 [ACK] Seq=8878 Ack=141 Win=65024 Len=1448 TSval=2916033722 TSecr=3045553492 [TCP segment of a reassembled PDU]"
"10821","29.641460678","192.168.1.55","192.168.1.2","TCP","1514","8004  >  49948 [ACK] Seq=10326 Ack=141 Win=65024 Len=1448 TSval=2916033722 TSecr=3045553492 [TCP segment of a reassembled PDU]"
"10822","29.641462160","192.168.1.55","192.168.1.2","TCP","1514","8004  >  49948 [PSH, ACK] Seq=11774 Ack=141 Win=65024 Len=1448 TSval=2916033722 TSecr=3045553492 [TCP segment of a reassembled PDU]"
"10823","29.644889832","192.168.1.2","192.168.1.55","TCP","66","49948  >  8004 [ACK] Seq=141 Ack=190 Win=64512 Len=0 TSval=3045553499 TSecr=2916033722"
"10824","29.644925128","192.168.1.55","192.168.1.2","TCP","1514","8004  >  49948 [ACK] Seq=13222 Ack=141 Win=65024 Len=1448 TSval=2916033725 TSecr=3045553499 [TCP segment of a reassembled PDU]"
"10825","29.644929480","192.168.1.55","192.168.1.2","TCP","1514","8004  >  49948 [PSH, ACK] Seq=14670 Ack=141 Win=65024 Len=1448 TSval=2916033725 TSecr=3045553499 [TCP segment of a reassembled PDU]"
"10826","29.645038165","192.168.1.2","192.168.1.55","TCP","66","49948  >  8004 [ACK] Seq=141 Ack=5982 Win=76800 Len=0 TSval=3045553499 TSecr=2916033722"
"10827","29.645091443","192.168.1.55","192.168.1.2","TCP","1514","8004  >  49948 [ACK] Seq=16118 Ack=141 Win=65024 Len=1448 TSval=2916033725 TSecr=3045553499 [TCP segment of a reassembled PDU]"
"10828","29.645098776","192.168.1.55","192.168.1.2","TCP","1514","8004  >  49948 [ACK] Seq=17566 Ack=141 Win=65024 Len=1448 TSval=2916033725 TSecr=3045553499 [TCP segment of a reassembled PDU]"
"10829","29.645100462","192.168.1.55","192.168.1.2","TCP","1514","8004  >  49948 [ACK] Seq=19014 Ack=141 Win=65024 Len=1448 TSval=2916033725 TSecr=3045553499 [TCP segment of a reassembled PDU]"
"10830","29.645102091","192.168.1.55","192.168.1.2","TCP","1514","8004  >  49948 [ACK] Seq=20462 Ack=141 Win=65024 Len=1448 TSval=2916033725 TSecr=3045553499 [TCP segment of a reassembled PDU]"
"10831","29.645103999","192.168.1.55","192.168.1.2","TCP","1514","8004  >  49948 [ACK] Seq=21910 Ack=141 Win=65024 Len=1448 TSval=2916033725 TSecr=3045553499 [TCP segment of a reassembled PDU]"
"10832","29.645105758","192.168.1.55","192.168.1.2","TCP","1514","8004  >  49948 [ACK] Seq=23358 Ack=141 Win=65024 Len=1448 TSval=2916033725 TSecr=3045553499 [TCP segment of a reassembled PDU]"
"10833","29.645108258","192.168.1.55","192.168.1.2","TCP","1514","8004  >  49948 [PSH, ACK] Seq=24806 Ack=141 Win=65024 Len=1448 TSval=2916033725 TSecr=3045553499 [TCP segment of a reassembled PDU]"
"10834","29.645120221","192.168.1.2","192.168.1.55","TCP","66","49948  >  8004 [ACK] Seq=141 Ack=7430 Win=79872 Len=0 TSval=3045553500 TSecr=2916033722"
"10835","29.645138184","192.168.1.2","192.168.1.55","TCP","66","49948  >  8004 [ACK] Seq=141 Ack=13222 Win=87040 Len=0 TSval=3045553500 TSecr=2916033722"
"10836","29.645192665","192.168.1.55","192.168.1.2","TCP","1514","8004  >  49948 [ACK] Seq=26254 Ack=141 Win=65024 Len=1448 TSval=2916033725 TSecr=3045553500 [TCP segment of a reassembled PDU]"
"10837","29.645197925","192.168.1.55","192.168.1.2","TCP","1514","8004  >  49948 [ACK] Seq=27702 Ack=141 Win=65024 Len=1448 TSval=2916033725 TSecr=3045553500 [TCP segment of a reassembled PDU]"
"10838","29.645200165","192.168.1.55","192.168.1.2","TCP","1514","8004  >  49948 [ACK] Seq=29150 Ack=141 Win=65024 Len=1448 TSval=2916033725 TSecr=3045553500 [TCP segment of a reassembled PDU]"
"10839","29.645202258","192.168.1.55","192.168.1.2","TCP","1514","8004  >  49948 [ACK] Seq=30598 Ack=141 Win=65024 Len=1448 TSval=2916033725 TSecr=3045553500 [TCP segment of a reassembled PDU]"
"10840","29.645203647","192.168.1.55","192.168.1.2","TCP","1514","8004  >  49948 [ACK] Seq=32046 Ack=141 Win=65024 Len=1448 TSval=2916033725 TSecr=3045553500 [TCP segment of a reassembled PDU]"
"10841","29.645206277","192.168.1.55","192.168.1.2","TCP","1514","8004  >  49948 [ACK] Seq=33494 Ack=141 Win=65024 Len=1448 TSval=2916033725 TSecr=3045553500 [TCP segment of a reassembled PDU]"
"10842","29.645208851","192.168.1.55","192.168.1.2","TCP","1514","8004  >  49948 [ACK] Seq=34942 Ack=141 Win=65024 Len=1448 TSval=2916033725 TSecr=3045553500 [TCP segment of a reassembled PDU]"
"10843","29.645210851","192.168.1.55","192.168.1.2","TCP","1514","8004  >  49948 [ACK] Seq=36390 Ack=141 Win=65024 Len=1448 TSval=2916033725 TSecr=3045553500 [TCP segment of a reassembled PDU]"
"10844","29.645231332","192.168.1.55","192.168.1.2","TCP","1514","8004  >  49948 [ACK] Seq=37838 Ack=141 Win=65024 Len=1448 TSval=2916033725 TSecr=3045553500 [TCP segment of a reassembled PDU]"
"10845","29.645235165","192.168.1.55","192.168.1.2","TCP","1514","8004  >  49948 [PSH, ACK] Seq=39286 Ack=141 Win=65024 Len=1448 TSval=2916033725 TSecr=3045553500 [TCP segment of a reassembled PDU]"
"10846","29.646346186","192.168.1.55","192.168.1.2","TCP","1514","8004  >  49948 [ACK] Seq=40734 Ack=141 Win=65024 Len=1448 TSval=2916033726 TSecr=3045553500 [TCP segment of a reassembled PDU]"
"10847","29.649987599","192.168.1.2","192.168.1.55","TCP","66","49948  >  8004 [ACK] Seq=141 Ack=16118 Win=93184 Len=0 TSval=3045553504 TSecr=2916033725"
"10848","29.650129914","192.168.1.55","192.168.1.2","TCP","1514","8004  >  49948 [ACK] Seq=42182 Ack=141 Win=65024 Len=1448 TSval=2916033730 TSecr=3045553504 [TCP segment of a reassembled PDU]"
"10849","29.650148303","192.168.1.55","192.168.1.2","TCP","1514","8004  >  49948 [PSH, ACK] Seq=43630 Ack=141 Win=65024 Len=1448 TSval=2916033730 TSecr=3045553504 [TCP segment of a reassembled PDU]"
"10850","29.650261581","192.168.1.2","192.168.1.55","TCP","66","49948  >  8004 [ACK] Seq=141 Ack=26254 Win=83968 Len=0 TSval=3045553504 TSecr=2916033725"
"10851","29.650340451","192.168.1.55","192.168.1.2","TCP","1514","8004  >  49948 [ACK] Seq=45078 Ack=141 Win=65024 Len=1448 TSval=2916033730 TSecr=3045553504 [TCP segment of a reassembled PDU]"
"10852","29.650346229","192.168.1.55","192.168.1.2","TCP","1514","8004  >  49948 [ACK] Seq=46526 Ack=141 Win=65024 Len=1448 TSval=2916033730 TSecr=3045553504 [TCP segment of a reassembled PDU]"
"10853","29.650348062","192.168.1.55","192.168.1.2","TCP","1514","8004  >  49948 [ACK] Seq=47974 Ack=141 Win=65024 Len=1448 TSval=2916033730 TSecr=3045553504 [TCP segment of a reassembled PDU]"
"10854","29.650350303","192.168.1.55","192.168.1.2","TCP","1514","8004  >  49948 [ACK] Seq=49422 Ack=141 Win=65024 Len=1448 TSval=2916033730 TSecr=3045553504 [TCP segment of a reassembled PDU]"
"10855","29.650352229","192.168.1.55","192.168.1.2","TCP","1514","8004  >  49948 [ACK] Seq=50870 Ack=141 Win=65024 Len=1448 TSval=2916033730 TSecr=3045553504 [TCP segment of a reassembled PDU]"
"10856","29.650354118","192.168.1.55","192.168.1.2","TCP","1514","8004  >  49948 [ACK] Seq=52318 Ack=141 Win=65024 Len=1448 TSval=2916033730 TSecr=3045553504 [TCP segment of a reassembled PDU]"
"10857","29.650355711","192.168.1.55","192.168.1.2","TCP","1514","8004  >  49948 [ACK] Seq=53766 Ack=141 Win=65024 Len=1448 TSval=2916033730 TSecr=3045553504 [TCP segment of a reassembled PDU]"
"10858","29.650358229","192.168.1.55","192.168.1.2","TCP","1514","8004  >  49948 [ACK] Seq=55214 Ack=141 Win=65024 Len=1448 TSval=2916033730 TSecr=3045553504 [TCP segment of a reassembled PDU]"
"10859","29.650360359","192.168.1.55","192.168.1.2","TCP","1514","8004  >  49948 [ACK] Seq=56662 Ack=141 Win=65024 Len=1448 TSval=2916033730 TSecr=3045553504 [TCP segment of a reassembled PDU]"
"10860","29.650362136","192.168.1.55","192.168.1.2","TCP","1514","8004  >  49948 [ACK] Seq=58110 Ack=141 Win=65024 Len=1448 TSval=2916033730 TSecr=3045553504 [TCP segment of a reassembled PDU]"
"10861","29.650363655","192.168.1.55","192.168.1.2","TCP","1514","8004  >  49948 [ACK] Seq=59558 Ack=141 Win=65024 Len=1448 TSval=2916033730 TSecr=3045553504 [TCP segment of a reassembled PDU]"
"10862","29.650365081","192.168.1.55","192.168.1.2","TCP","1514","8004  >  49948 [ACK] Seq=61006 Ack=141 Win=65024 Len=1448 TSval=2916033730 TSecr=3045553504 [TCP segment of a reassembled PDU]"
"10863","29.650366711","192.168.1.55","192.168.1.2","TCP","1514","8004  >  49948 [ACK] Seq=62454 Ack=141 Win=65024 Len=1448 TSval=2916033730 TSecr=3045553504 [TCP segment of a reassembled PDU]"
"10864","29.650368970","192.168.1.55","192.168.1.2","TCP","1514","8004  >  49948 [PSH, ACK] Seq=63902 Ack=141 Win=65024 Len=1448 TSval=2916033730 TSecr=3045553504 [TCP segment of a reassembled PDU]"
"10865","29.650385007","192.168.1.2","192.168.1.55","TCP","66","49948  >  8004 [ACK] Seq=141 Ack=39286 Win=71680 Len=0 TSval=3045553504 TSecr=2916033725"
"10866","29.650422896","192.168.1.55","192.168.1.2","TCP","1514","8004  >  49948 [ACK] Seq=65350 Ack=141 Win=65024 Len=1448 TSval=2916033731 TSecr=3045553504 [TCP segment of a reassembled PDU]"
"10867","29.650425007","192.168.1.55","192.168.1.2","TCP","1514","8004  >  49948 [ACK] Seq=66798 Ack=141 Win=65024 Len=1448 TSval=2916033731 TSecr=3045553504 [TCP segment of a reassembled PDU]"
"10868","29.650426359","192.168.1.55","192.168.1.2","TCP","1514","8004  >  49948 [ACK] Seq=68246 Ack=141 Win=65024 Len=1448 TSval=2916033731 TSecr=3045553504 [TCP segment of a reassembled PDU]"
"10869","29.650427803","192.168.1.55","192.168.1.2","TCP","1514","8004  >  49948 [ACK] Seq=69694 Ack=141 Win=65024 Len=1448 TSval=2916033731 TSecr=3045553504 [TCP segment of a reassembled PDU]"
"10870","29.650429877","192.168.1.55","192.168.1.2","TCP","1514","8004  >  49948 [ACK] Seq=71142 Ack=141 Win=65024 Len=1448 TSval=2916033731 TSecr=3045553504 [TCP segment of a reassembled PDU]"
"10871","29.650431359","192.168.1.55","192.168.1.2","TCP","1514","8004  >  49948 [ACK] Seq=72590 Ack=141 Win=65024 Len=1448 TSval=2916033731 TSecr=3045553504 [TCP segment of a reassembled PDU]"
"10872","29.650433025","192.168.1.55","192.168.1.2","TCP","1514","8004  >  49948 [ACK] Seq=74038 Ack=141 Win=65024 Len=1448 TSval=2916033731 TSecr=3045553504 [TCP segment of a reassembled PDU]"
"10873","29.650434896","192.168.1.55","192.168.1.2","TCP","1514","8004  >  49948 [PSH, ACK] Seq=75486 Ack=141 Win=65024 Len=1448 TSval=2916033731 TSecr=3045553504 [TCP segment of a reassembled PDU]"
"10874","29.650444396","192.168.1.2","192.168.1.55","TCP","66","49948  >  8004 [ACK] Seq=141 Ack=40734 Win=70656 Len=0 TSval=3045553504 TSecr=2916033725"
"10875","29.650484655","192.168.1.55","192.168.1.2","TCP","1514","8004  >  49948 [ACK] Seq=76934 Ack=141 Win=65024 Len=1448 TSval=2916033731 TSecr=3045553504 [TCP segment of a reassembled PDU]"
"10876","29.650487563","192.168.1.55","192.168.1.2","TCP","1514","8004  >  49948 [ACK] Seq=78382 Ack=141 Win=65024 Len=1448 TSval=2916033731 TSecr=3045553504 [TCP segment of a reassembled PDU]"
"10877","29.650489211","192.168.1.55","192.168.1.2","TCP","1514","8004  >  49948 [ACK] Seq=79830 Ack=141 Win=65024 Len=1448 TSval=2916033731 TSecr=3045553504 [TCP segment of a reassembled PDU]"
"10878","29.650490877","192.168.1.55","192.168.1.2","TCP","1514","8004  >  49948 [ACK] Seq=81278 Ack=141 Win=65024 Len=1448 TSval=2916033731 TSecr=3045553504 [TCP segment of a reassembled PDU]"
"10879","29.650492377","192.168.1.55","192.168.1.2","TCP","1514","8004  >  49948 [ACK] Seq=82726 Ack=141 Win=65024 Len=1448 TSval=2916033731 TSecr=3045553504 [TCP segment of a reassembled PDU]"
"10880","29.650494470","192.168.1.55","192.168.1.2","TCP","1514","8004  >  49948 [ACK] Seq=84174 Ack=141 Win=65024 Len=1448 TSval=2916033731 TSecr=3045553504 [TCP segment of a reassembled PDU]"
"10881","29.650496174","192.168.1.55","192.168.1.2","TCP","1514","8004  >  49948 [ACK] Seq=85622 Ack=141 Win=65024 Len=1448 TSval=2916033731 TSecr=3045553504 [TCP segment of a reassembled PDU]"
"10882","29.650498248","192.168.1.55","192.168.1.2","TCP","1514","8004  >  49948 [ACK] Seq=87070 Ack=141 Win=65024 Len=1448 TSval=2916033731 TSecr=3045553504 [TCP segment of a reassembled PDU]"
"10883","29.650499711","192.168.1.55","192.168.1.2","TCP","1514","8004  >  49948 [ACK] Seq=88518 Ack=141 Win=65024 Len=1448 TSval=2916033731 TSecr=3045553504 [TCP segment of a reassembled PDU]"
"10884","29.650501081","192.168.1.55","192.168.1.2","TCP","1514","8004  >  49948 [ACK] Seq=89966 Ack=141 Win=65024 Len=1448 TSval=2916033731 TSecr=3045553504 [TCP segment of a reassembled PDU]"
"10885","29.650502600","192.168.1.55","192.168.1.2","TCP","1514","8004  >  49948 [ACK] Seq=91414 Ack=141 Win=65024 Len=1448 TSval=2916033731 TSecr=3045553504 [TCP segment of a reassembled PDU]"
"10886","29.650504229","192.168.1.55","192.168.1.2","TCP","1514","8004  >  49948 [ACK] Seq=92862 Ack=141 Win=65024 Len=1448 TSval=2916033731 TSecr=3045553504 [TCP segment of a reassembled PDU]"
"10887","29.650505618","192.168.1.55","192.168.1.2","TCP","1514","8004  >  49948 [ACK] Seq=94310 Ack=141 Win=65024 Len=1448 TSval=2916033731 TSecr=3045553504 [TCP segment of a reassembled PDU]"
"10888","29.650507340","192.168.1.55","192.168.1.2","TCP","1514","8004  >  49948 [PSH, ACK] Seq=95758 Ack=141 Win=65024 Len=1448 TSval=2916033731 TSecr=3045553504 [TCP segment of a reassembled PDU]"
"10889","29.650513989","192.168.1.2","192.168.1.55","TCP","66","49948  >  8004 [ACK] Seq=141 Ack=42182 Win=93184 Len=0 TSval=3045553504 TSecr=2916033726"
"10890","29.651799046","192.168.1.55","192.168.1.2","TCP","1514","8004  >  49948 [ACK] Seq=97206 Ack=141 Win=65024 Len=1448 TSval=2916033732 TSecr=3045553504 [TCP segment of a reassembled PDU]"
"10891","29.651807602","192.168.1.55","192.168.1.2","TCP","1514","8004  >  49948 [PSH, ACK] Seq=98654 Ack=141 Win=65024 Len=1448 TSval=2916033732 TSecr=3045553504 [TCP segment of a reassembled PDU]"
"10892","29.655827349","192.168.1.2","192.168.1.55","TCP","66","49948  >  8004 [ACK] Seq=141 Ack=45078 Win=91136 Len=0 TSval=3045553510 TSecr=2916033730"
"10893","29.655871164","192.168.1.55","192.168.1.2","TCP","1514","8004  >  49948 [ACK] Seq=100102 Ack=141 Win=65024 Len=1448 TSval=2916033736 TSecr=3045553510 [TCP segment of a reassembled PDU]"
"10894","29.655875534","192.168.1.55","192.168.1.2","TCP","1514","8004  >  49948 [ACK] Seq=101550 Ack=141 Win=65024 Len=1448 TSval=2916033736 TSecr=3045553510 [TCP segment of a reassembled PDU]"
"10895","29.655877923","192.168.1.55","192.168.1.2","TCP","1514","8004  >  49948 [ACK] Seq=102998 Ack=141 Win=65024 Len=1448 TSval=2916033736 TSecr=3045553510 [TCP segment of a reassembled PDU]"
"10896","29.655879367","192.168.1.55","192.168.1.2","TCP","1514","8004  >  49948 [PSH, ACK] Seq=104446 Ack=141 Win=65024 Len=1448 TSval=2916033736 TSecr=3045553510 [TCP segment of a reassembled PDU]"
"10897","29.656148590","192.168.1.2","192.168.1.55","TCP","66","49948  >  8004 [ACK] Seq=141 Ack=49422 Win=91136 Len=0 TSval=3045553510 TSecr=2916033730"
"10898","29.656157423","192.168.1.2","192.168.1.55","TCP","66","49948  >  8004 [ACK] Seq=141 Ack=65350 Win=79872 Len=0 TSval=3045553510 TSecr=2916033730"
"10899","29.656180775","192.168.1.55","192.168.1.2","TCP","1514","8004  >  49948 [ACK] Seq=105894 Ack=141 Win=65024 Len=1448 TSval=2916033736 TSecr=3045553510 [TCP segment of a reassembled PDU]"
"10900","29.656182683","192.168.1.55","192.168.1.2","TCP","1514","8004  >  49948 [ACK] Seq=107342 Ack=141 Win=65024 Len=1448 TSval=2916033736 TSecr=3045553510 [TCP segment of a reassembled PDU]"
"10901","29.656184720","192.168.1.55","192.168.1.2","TCP","1514","8004  >  49948 [ACK] Seq=108790 Ack=141 Win=65024 Len=1448 TSval=2916033736 TSecr=3045553510 [TCP segment of a reassembled PDU]"
"10902","29.656186072","192.168.1.55","192.168.1.2","TCP","1514","8004  >  49948 [ACK] Seq=110238 Ack=141 Win=65024 Len=1448 TSval=2916033736 TSecr=3045553510 [TCP segment of a reassembled PDU]"
"10903","29.656187146","192.168.1.55","192.168.1.2","TCP","1514","8004  >  49948 [ACK] Seq=111686 Ack=141 Win=65024 Len=1448 TSval=2916033736 TSecr=3045553510 [TCP segment of a reassembled PDU]"
"10904","29.656189220","192.168.1.55","192.168.1.2","TCP","1514","8004  >  49948 [ACK] Seq=113134 Ack=141 Win=65024 Len=1448 TSval=2916033736 TSecr=3045553510 [TCP segment of a reassembled PDU]"
"10905","29.656190757","192.168.1.55","192.168.1.2","TCP","1514","8004  >  49948 [ACK] Seq=114582 Ack=141 Win=65024 Len=1448 TSval=2916033736 TSecr=3045553510 [TCP segment of a reassembled PDU]"
"10906","29.656192516","192.168.1.55","192.168.1.2","TCP","1514","8004  >  49948 [ACK] Seq=116030 Ack=141 Win=65024 Len=1448 TSval=2916033736 TSecr=3045553510 [TCP segment of a reassembled PDU]"
"10907","29.656193664","192.168.1.55","192.168.1.2","TCP","1514","8004  >  49948 [ACK] Seq=117478 Ack=141 Win=65024 Len=1448 TSval=2916033736 TSecr=3045553510 [TCP segment of a reassembled PDU]"
"10908","29.656195720","192.168.1.55","192.168.1.2","TCP","1514","8004  >  49948 [PSH, ACK] Seq=118926 Ack=141 Win=65024 Len=1448 TSval=2916033736 TSecr=3045553510 [TCP segment of a reassembled PDU]"
"10909","29.656199738","192.168.1.2","192.168.1.55","TCP","66","49948  >  8004 [ACK] Seq=141 Ack=76934 Win=68608 Len=0 TSval=3045553510 TSecr=2916033731"
"10910","29.656242923","192.168.1.55","192.168.1.2","TCP","1514","8004  >  49948 [ACK] Seq=120374 Ack=141 Win=65024 Len=1448 TSval=2916033736 TSecr=3045553510 [TCP segment of a reassembled PDU]"
"10911","29.656244794","192.168.1.55","192.168.1.2","TCP","1514","8004  >  49948 [ACK] Seq=121822 Ack=141 Win=65024 Len=1448 TSval=2916033736 TSecr=3045553510 [TCP segment of a reassembled PDU]"
"10912","29.656246516","192.168.1.55","192.168.1.2","TCP","1514","8004  >  49948 [ACK] Seq=123270 Ack=141 Win=65024 Len=1448 TSval=2916033736 TSecr=3045553510 [TCP segment of a reassembled PDU]"
"10913","29.656248312","192.168.1.55","192.168.1.2","TCP","1514","8004  >  49948 [ACK] Seq=124718 Ack=141 Win=65024 Len=1448 TSval=2916033736 TSecr=3045553510 [TCP segment of a reassembled PDU]"
"10914","29.656250275","192.168.1.55","192.168.1.2","TCP","1514","8004  >  49948 [ACK] Seq=126166 Ack=141 Win=65024 Len=1448 TSval=2916033736 TSecr=3045553510 [TCP segment of a reassembled PDU]"
"10915","29.656252572","192.168.1.55","192.168.1.2","TCP","1514","8004  >  49948 [ACK] Seq=127614 Ack=141 Win=65024 Len=1448 TSval=2916033736 TSecr=3045553510 [TCP segment of a reassembled PDU]"
"10916","29.656254164","192.168.1.55","192.168.1.2","TCP","1514","8004  >  49948 [ACK] Seq=129062 Ack=141 Win=65024 Len=1448 TSval=2916033736 TSecr=3045553510 [TCP segment of a reassembled PDU]"
"10917","29.656255257","192.168.1.55","192.168.1.2","TCP","1514","8004  >  49948 [ACK] Seq=130510 Ack=141 Win=65024 Len=1448 TSval=2916033736 TSecr=3045553510 [TCP segment of a reassembled PDU]"
"10918","29.656257349","192.168.1.55","192.168.1.2","TCP","1514","8004  >  49948 [ACK] Seq=131958 Ack=141 Win=65024 Len=1448 TSval=2916033736 TSecr=3045553510 [TCP segment of a reassembled PDU]"
"10919","29.656259072","192.168.1.55","192.168.1.2","TCP","1514","8004  >  49948 [ACK] Seq=133406 Ack=141 Win=65024 Len=1448 TSval=2916033736 TSecr=3045553510 [TCP segment of a reassembled PDU]"
"10920","29.656260590","192.168.1.55","192.168.1.2","TCP","1514","8004  >  49948 [ACK] Seq=134854 Ack=141 Win=65024 Len=1448 TSval=2916033736 TSecr=3045553510 [TCP segment of a reassembled PDU]"
"10921","29.656261998","192.168.1.55","192.168.1.2","TCP","1514","8004  >  49948 [ACK] Seq=136302 Ack=141 Win=65024 Len=1448 TSval=2916033736 TSecr=3045553510 [TCP segment of a reassembled PDU]"
"10922","29.656263627","192.168.1.55","192.168.1.2","TCP","1514","8004  >  49948 [ACK] Seq=137750 Ack=141 Win=65024 Len=1448 TSval=2916033736 TSecr=3045553510 [TCP segment of a reassembled PDU]"
"10923","29.656265257","192.168.1.55","192.168.1.2","TCP","1514","8004  >  49948 [ACK] Seq=139198 Ack=141 Win=65024 Len=1448 TSval=2916033736 TSecr=3045553510 [TCP segment of a reassembled PDU]"
"10924","29.656266738","192.168.1.55","192.168.1.2","TCP","1514","8004  >  49948 [ACK] Seq=140646 Ack=141 Win=65024 Len=1448 TSval=2916033736 TSecr=3045553510 [TCP segment of a reassembled PDU]"
"10925","29.656267849","192.168.1.55","192.168.1.2","TCP","1514","8004  >  49948 [ACK] Seq=142094 Ack=141 Win=65024 Len=1448 TSval=2916033736 TSecr=3045553510 [TCP segment of a reassembled PDU]"
"10926","29.656269368","192.168.1.55","192.168.1.2","TCP","1514","8004  >  49948 [ACK] Seq=143542 Ack=141 Win=65024 Len=1448 TSval=2916033736 TSecr=3045553510 [TCP segment of a reassembled PDU]"
"10927","29.656270627","192.168.1.55","192.168.1.2","TCP","618","[TCP Window Full] 8004  >  49948 [PSH, ACK] Seq=144990 Ack=141 Win=65024 Len=552 TSval=2916033736 TSecr=3045553510 [TCP segment of a reassembled PDU]"
"10928","29.656336590","192.168.1.2","192.168.1.55","TCP","66","49948  >  8004 [ACK] Seq=141 Ack=97206 Win=75776 Len=0 TSval=3045553510 TSecr=2916033731"
"10929","29.656342683","192.168.1.2","192.168.1.55","TCP","66","49948  >  8004 [ACK] Seq=141 Ack=100102 Win=73728 Len=0 TSval=3045553510 TSecr=2916033732"
"10930","29.656381683","192.168.1.55","192.168.1.2","TCP","1514","8004  >  49948 [ACK] Seq=145542 Ack=141 Win=65024 Len=1448 TSval=2916033737 TSecr=3045553510 [TCP segment of a reassembled PDU]"
"10931","29.656388572","192.168.1.55","192.168.1.2","TCP","1514","8004  >  49948 [ACK] Seq=146990 Ack=141 Win=65024 Len=1448 TSval=2916033737 TSecr=3045553510 [TCP segment of a reassembled PDU]"
"10932","29.656390757","192.168.1.55","192.168.1.2","TCP","1514","8004  >  49948 [ACK] Seq=148438 Ack=141 Win=65024 Len=1448 TSval=2916033737 TSecr=3045553510 [TCP segment of a reassembled PDU]"
"10933","29.656392553","192.168.1.55","192.168.1.2","TCP","1514","8004  >  49948 [ACK] Seq=149886 Ack=141 Win=65024 Len=1448 TSval=2916033737 TSecr=3045553510 [TCP segment of a reassembled PDU]"
"10934","29.656394405","192.168.1.55","192.168.1.2","TCP","1514","8004  >  49948 [ACK] Seq=151334 Ack=141 Win=65024 Len=1448 TSval=2916033737 TSecr=3045553510 [TCP segment of a reassembled PDU]"
"10935","29.656395924","192.168.1.55","192.168.1.2","TCP","1514","8004  >  49948 [ACK] Seq=152782 Ack=141 Win=65024 Len=1448 TSval=2916033737 TSecr=3045553510 [TCP segment of a reassembled PDU]"
"10936","29.656398053","192.168.1.55","192.168.1.2","TCP","1514","8004  >  49948 [ACK] Seq=154230 Ack=141 Win=65024 Len=1448 TSval=2916033737 TSecr=3045553510 [TCP segment of a reassembled PDU]"
"10937","29.656400461","192.168.1.55","192.168.1.2","TCP","1514","8004  >  49948 [ACK] Seq=155678 Ack=141 Win=65024 Len=1448 TSval=2916033737 TSecr=3045553510 [TCP segment of a reassembled PDU]"
"10938","29.656402331","192.168.1.55","192.168.1.2","TCP","1514","8004  >  49948 [ACK] Seq=157126 Ack=141 Win=65024 Len=1448 TSval=2916033737 TSecr=3045553510 [TCP segment of a reassembled PDU]"
"10939","29.656404776","192.168.1.55","192.168.1.2","TCP","1514","8004  >  49948 [ACK] Seq=158574 Ack=141 Win=65024 Len=1448 TSval=2916033737 TSecr=3045553510 [TCP segment of a reassembled PDU]"
"10940","29.656406850","192.168.1.55","192.168.1.2","TCP","1514","8004  >  49948 [ACK] Seq=160022 Ack=141 Win=65024 Len=1448 TSval=2916033737 TSecr=3045553510 [TCP segment of a reassembled PDU]"
"10941","29.656409627","192.168.1.55","192.168.1.2","TCP","1514","8004  >  49948 [PSH, ACK] Seq=161470 Ack=141 Win=65024 Len=1448 TSval=2916033737 TSecr=3045553510 [TCP segment of a reassembled PDU]"
"10942","29.656426109","192.168.1.55","192.168.1.2","TCP","962","8004  >  49948 [ACK] Seq=162918 Ack=141 Win=65024 Len=896 TSval=2916033737 TSecr=3045553510 [TCP segment of a reassembled PDU]"
"10943","29.656451887","192.168.1.55","192.168.1.2","TCP","1514","8004  >  49948 [ACK] Seq=163814 Ack=141 Win=65024 Len=1448 TSval=2916033737 TSecr=3045553510 [TCP segment of a reassembled PDU]"
"10944","29.656455405","192.168.1.55","192.168.1.2","TCP","1514","8004  >  49948 [ACK] Seq=165262 Ack=141 Win=65024 Len=1448 TSval=2916033737 TSecr=3045553510 [TCP segment of a reassembled PDU]"
"10945","29.656456998","192.168.1.55","192.168.1.2","TCP","1514","8004  >  49948 [ACK] Seq=166710 Ack=141 Win=65024 Len=1448 TSval=2916033737 TSecr=3045553510 [TCP segment of a reassembled PDU]"
"10946","29.656459887","192.168.1.55","192.168.1.2","TCP","1514","8004  >  49948 [ACK] Seq=168158 Ack=141 Win=65024 Len=1448 TSval=2916033737 TSecr=3045553510 [TCP segment of a reassembled PDU]"
"10947","29.656461165","192.168.1.55","192.168.1.2","TCP","1514","8004  >  49948 [ACK] Seq=169606 Ack=141 Win=65024 Len=1448 TSval=2916033737 TSecr=3045553510 [TCP segment of a reassembled PDU]"
"10948","29.656462665","192.168.1.55","192.168.1.2","TCP","1514","8004  >  49948 [PSH, ACK] Seq=171054 Ack=141 Win=65024 Len=1448 TSval=2916033737 TSecr=3045553510 [TCP segment of a reassembled PDU]"
"10949","29.661205783","192.168.1.2","192.168.1.55","TCP","66","49948  >  8004 [ACK] Seq=141 Ack=101550 Win=92160 Len=0 TSval=3045553513 TSecr=2916033736"
"10950","29.661237098","192.168.1.55","192.168.1.2","TCP","1514","8004  >  49948 [ACK] Seq=172502 Ack=141 Win=65024 Len=1448 TSval=2916033741 TSecr=3045553513 [TCP segment of a reassembled PDU]"
"10951","29.661240413","192.168.1.55","192.168.1.2","TCP","1514","8004  >  49948 [ACK] Seq=173950 Ack=141 Win=65024 Len=1448 TSval=2916033741 TSecr=3045553513 [TCP segment of a reassembled PDU]"
"10952","29.661241431","192.168.1.55","192.168.1.2","TCP","1514","8004  >  49948 [ACK] Seq=175398 Ack=141 Win=65024 Len=1448 TSval=2916033741 TSecr=3045553513 [TCP segment of a reassembled PDU]"
"10953","29.661242542","192.168.1.55","192.168.1.2","TCP","1514","8004  >  49948 [ACK] Seq=176846 Ack=141 Win=65024 Len=1448 TSval=2916033741 TSecr=3045553513 [TCP segment of a reassembled PDU]"
"10954","29.661244172","192.168.1.55","192.168.1.2","TCP","1514","8004  >  49948 [ACK] Seq=178294 Ack=141 Win=65024 Len=1448 TSval=2916033741 TSecr=3045553513 [TCP segment of a reassembled PDU]"
"10955","29.661245283","192.168.1.55","192.168.1.2","TCP","1514","8004  >  49948 [ACK] Seq=179742 Ack=141 Win=65024 Len=1448 TSval=2916033741 TSecr=3045553513 [TCP segment of a reassembled PDU]"
"10956","29.661246302","192.168.1.55","192.168.1.2","TCP","1514","8004  >  49948 [ACK] Seq=181190 Ack=141 Win=65024 Len=1448 TSval=2916033741 TSecr=3045553513 [TCP segment of a reassembled PDU]"
"10957","29.661247320","192.168.1.55","192.168.1.2","TCP","1514","8004  >  49948 [ACK] Seq=182638 Ack=141 Win=65024 Len=1448 TSval=2916033741 TSecr=3045553513 [TCP segment of a reassembled PDU]"
"10958","29.661248524","192.168.1.55","192.168.1.2","TCP","1514","8004  >  49948 [ACK] Seq=184086 Ack=141 Win=65024 Len=1448 TSval=2916033741 TSecr=3045553513 [TCP segment of a reassembled PDU]"
"10959","29.661249542","192.168.1.55","192.168.1.2","TCP","1514","8004  >  49948 [ACK] Seq=185534 Ack=141 Win=65024 Len=1448 TSval=2916033741 TSecr=3045553513 [TCP segment of a reassembled PDU]"
"10960","29.661250654","192.168.1.55","192.168.1.2","TCP","1514","8004  >  49948 [ACK] Seq=186982 Ack=141 Win=65024 Len=1448 TSval=2916033741 TSecr=3045553513 [TCP segment of a reassembled PDU]"
"10961","29.661251672","192.168.1.55","192.168.1.2","TCP","1514","8004  >  49948 [ACK] Seq=188430 Ack=141 Win=65024 Len=1448 TSval=2916033741 TSecr=3045553513 [TCP segment of a reassembled PDU]"
"10962","29.661252691","192.168.1.55","192.168.1.2","TCP","1514","8004  >  49948 [ACK] Seq=189878 Ack=141 Win=65024 Len=1448 TSval=2916033741 TSecr=3045553513 [TCP segment of a reassembled PDU]"
"10963","29.661253802","192.168.1.55","192.168.1.2","TCP","1514","8004  >  49948 [PSH, ACK] Seq=191326 Ack=141 Win=65024 Len=1448 TSval=2916033741 TSecr=3045553513 [TCP segment of a reassembled PDU]"
"10964","29.661280135","192.168.1.2","192.168.1.55","TCP","66","49948  >  8004 [ACK] Seq=141 Ack=104446 Win=93184 Len=0 TSval=3045553513 TSecr=2916033736"
"10965","29.662554637","192.168.1.2","192.168.1.55","TCP","66","49948  >  8004 [ACK] Seq=141 Ack=105894 Win=92160 Len=0 TSval=3045553517 TSecr=2916033736"
"10966","29.662566711","192.168.1.55","192.168.1.2","TCP","1514","8004  >  49948 [ACK] Seq=192774 Ack=141 Win=65024 Len=1448 TSval=2916033743 TSecr=3045553517 [TCP segment of a reassembled PDU]"
"10967","29.662568896","192.168.1.55","192.168.1.2","TCP","1514","8004  >  49948 [ACK] Seq=194222 Ack=141 Win=65024 Len=1448 TSval=2916033743 TSecr=3045553517 [TCP segment of a reassembled PDU]"
"10968","29.662569915","192.168.1.55","192.168.1.2","TCP","1514","8004  >  49948 [PSH, ACK] Seq=195670 Ack=141 Win=65024 Len=1448 TSval=2916033743 TSecr=3045553517 [TCP segment of a reassembled PDU]"
"10969","29.662795137","192.168.1.2","192.168.1.55","TCP","66","49948  >  8004 [ACK] Seq=141 Ack=120374 Win=94208 Len=0 TSval=3045553517 TSecr=2916033736"
"10970","29.662810397","192.168.1.55","192.168.1.2","TCP","1514","8004  >  49948 [ACK] Seq=197118 Ack=141 Win=65024 Len=1448 TSval=2916033743 TSecr=3045553517 [TCP segment of a reassembled PDU]"
"10971","29.662812397","192.168.1.55","192.168.1.2","TCP","1514","8004  >  49948 [ACK] Seq=198566 Ack=141 Win=65024 Len=1448 TSval=2916033743 TSecr=3045553517 [TCP segment of a reassembled PDU]"
"10972","29.662813582","192.168.1.55","192.168.1.2","TCP","1514","8004  >  49948 [ACK] Seq=200014 Ack=141 Win=65024 Len=1448 TSval=2916033743 TSecr=3045553517 [TCP segment of a reassembled PDU]"
"10973","29.662814749","192.168.1.55","192.168.1.2","TCP","1514","8004  >  49948 [ACK] Seq=201462 Ack=141 Win=65024 Len=1448 TSval=2916033743 TSecr=3045553517 [TCP segment of a reassembled PDU]"
"10974","29.662815786","192.168.1.55","192.168.1.2","TCP","1514","8004  >  49948 [ACK] Seq=202910 Ack=141 Win=65024 Len=1448 TSval=2916033743 TSecr=3045553517 [TCP segment of a reassembled PDU]"
"10975","29.662816915","192.168.1.55","192.168.1.2","TCP","1514","8004  >  49948 [ACK] Seq=204358 Ack=141 Win=65024 Len=1448 TSval=2916033743 TSecr=3045553517 [TCP segment of a reassembled PDU]"
"10976","29.662818026","192.168.1.55","192.168.1.2","TCP","1514","8004  >  49948 [ACK] Seq=205806 Ack=141 Win=65024 Len=1448 TSval=2916033743 TSecr=3045553517 [TCP segment of a reassembled PDU]"
"10977","29.662819045","192.168.1.55","192.168.1.2","TCP","1514","8004  >  49948 [ACK] Seq=207254 Ack=141 Win=65024 Len=1448 TSval=2916033743 TSecr=3045553517 [TCP segment of a reassembled PDU]"
"10978","29.662820008","192.168.1.55","192.168.1.2","TCP","1514","8004  >  49948 [PSH, ACK] Seq=208702 Ack=141 Win=65024 Len=1448 TSval=2916033743 TSecr=3045553517 [TCP segment of a reassembled PDU]"
"10979","29.662823749","192.168.1.2","192.168.1.55","TCP","66","49948  >  8004 [ACK] Seq=141 Ack=145542 Win=97280 Len=0 TSval=3045553517 TSecr=2916033736"
"10980","29.662852619","192.168.1.55","192.168.1.2","TCP","1514","8004  >  49948 [ACK] Seq=210150 Ack=141 Win=65024 Len=1448 TSval=2916033743 TSecr=3045553517 [TCP segment of a reassembled PDU]"
"10981","29.662854415","192.168.1.55","192.168.1.2","TCP","1514","8004  >  49948 [ACK] Seq=211598 Ack=141 Win=65024 Len=1448 TSval=2916033743 TSecr=3045553517 [TCP segment of a reassembled PDU]"
"10982","29.662855582","192.168.1.55","192.168.1.2","TCP","1514","8004  >  49948 [ACK] Seq=213046 Ack=141 Win=65024 Len=1448 TSval=2916033743 TSecr=3045553517 [TCP segment of a reassembled PDU]"
"10983","29.662856582","192.168.1.55","192.168.1.2","TCP","1514","8004  >  49948 [ACK] Seq=214494 Ack=141 Win=65024 Len=1448 TSval=2916033743 TSecr=3045553517 [TCP segment of a reassembled PDU]"
"10984","29.662857675","192.168.1.55","192.168.1.2","TCP","1514","8004  >  49948 [ACK] Seq=215942 Ack=141 Win=65024 Len=1448 TSval=2916033743 TSecr=3045553517 [TCP segment of a reassembled PDU]"
"10985","29.662859101","192.168.1.55","192.168.1.2","TCP","1514","8004  >  49948 [ACK] Seq=217390 Ack=141 Win=65024 Len=1448 TSval=2916033743 TSecr=3045553517 [TCP segment of a reassembled PDU]"
"10986","29.662860249","192.168.1.55","192.168.1.2","TCP","1514","8004  >  49948 [ACK] Seq=218838 Ack=141 Win=65024 Len=1448 TSval=2916033743 TSecr=3045553517 [TCP segment of a reassembled PDU]"
"10987","29.662861397","192.168.1.55","192.168.1.2","TCP","1514","8004  >  49948 [ACK] Seq=220286 Ack=141 Win=65024 Len=1448 TSval=2916033743 TSecr=3045553517 [TCP segment of a reassembled PDU]"
"10988","29.662862415","192.168.1.55","192.168.1.2","TCP","1514","8004  >  49948 [ACK] Seq=221734 Ack=141 Win=65024 Len=1448 TSval=2916033743 TSecr=3045553517 [TCP segment of a reassembled PDU]"
"10989","29.662863526","192.168.1.55","192.168.1.2","TCP","1514","8004  >  49948 [ACK] Seq=223182 Ack=141 Win=65024 Len=1448 TSval=2916033743 TSecr=3045553517 [TCP segment of a reassembled PDU]"
"10990","29.662864638","192.168.1.55","192.168.1.2","TCP","1514","8004  >  49948 [ACK] Seq=224630 Ack=141 Win=65024 Len=1448 TSval=2916033743 TSecr=3045553517 [TCP segment of a reassembled PDU]"
"10991","29.662865841","192.168.1.55","192.168.1.2","TCP","1514","8004  >  49948 [ACK] Seq=226078 Ack=141 Win=65024 Len=1448 TSval=2916033743 TSecr=3045553517 [TCP segment of a reassembled PDU]"
"10992","29.662867063","192.168.1.55","192.168.1.2","TCP","1514","8004  >  49948 [ACK] Seq=227526 Ack=141 Win=65024 Len=1448 TSval=2916033743 TSecr=3045553517 [TCP segment of a reassembled PDU]"
"10993","29.662868101","192.168.1.55","192.168.1.2","TCP","1514","8004  >  49948 [ACK] Seq=228974 Ack=141 Win=65024 Len=1448 TSval=2916033743 TSecr=3045553517 [TCP segment of a reassembled PDU]"
"10994","29.662869138","192.168.1.55","192.168.1.2","TCP","1514","8004  >  49948 [ACK] Seq=230422 Ack=141 Win=65024 Len=1448 TSval=2916033743 TSecr=3045553517 [TCP segment of a reassembled PDU]"
"10995","29.662870193","192.168.1.55","192.168.1.2","TCP","1514","8004  >  49948 [ACK] Seq=231870 Ack=141 Win=65024 Len=1448 TSval=2916033743 TSecr=3045553517 [TCP segment of a reassembled PDU]"
"10996","29.662871249","192.168.1.55","192.168.1.2","TCP","1514","8004  >  49948 [ACK] Seq=233318 Ack=141 Win=65024 Len=1448 TSval=2916033743 TSecr=3045553517 [TCP segment of a reassembled PDU]"
"10997","29.662872489","192.168.1.55","192.168.1.2","TCP","1514","8004  >  49948 [ACK] Seq=234766 Ack=141 Win=65024 Len=1448 TSval=2916033743 TSecr=3045553517 [TCP segment of a reassembled PDU]"
"10998","29.662873804","192.168.1.55","192.168.1.2","TCP","1514","8004  >  49948 [ACK] Seq=236214 Ack=141 Win=65024 Len=1448 TSval=2916033743 TSecr=3045553517 [TCP segment of a reassembled PDU]"
"10999","29.662874841","192.168.1.55","192.168.1.2","TCP","1514","8004  >  49948 [ACK] Seq=237662 Ack=141 Win=65024 Len=1448 TSval=2916033743 TSecr=3045553517 [TCP segment of a reassembled PDU]"
"11000","29.662875897","192.168.1.55","192.168.1.2","TCP","1514","8004  >  49948 [ACK] Seq=239110 Ack=141 Win=65024 Len=1448 TSval=2916033743 TSecr=3045553517 [TCP segment of a reassembled PDU]"
"11001","29.662877008","192.168.1.55","192.168.1.2","TCP","1514","8004  >  49948 [PSH, ACK] Seq=240558 Ack=141 Win=65024 Len=1448 TSval=2916033743 TSecr=3045553517 [TCP segment of a reassembled PDU]"
"11002","29.662880749","192.168.1.2","192.168.1.55","TCP","66","49948  >  8004 [ACK] Seq=141 Ack=162918 Win=105472 Len=0 TSval=3045553517 TSecr=2916033737"
"11003","29.662898730","192.168.1.55","192.168.1.2","TCP","1514","8004  >  49948 [ACK] Seq=242006 Ack=141 Win=65024 Len=1448 TSval=2916033743 TSecr=3045553517 [TCP segment of a reassembled PDU]"
"11004","29.662900082","192.168.1.55","192.168.1.2","TCP","1514","8004  >  49948 [ACK] Seq=243454 Ack=141 Win=65024 Len=1448 TSval=2916033743 TSecr=3045553517 [TCP segment of a reassembled PDU]"
"11005","29.662901212","192.168.1.55","192.168.1.2","TCP","1514","8004  >  49948 [ACK] Seq=244902 Ack=141 Win=65024 Len=1448 TSval=2916033743 TSecr=3045553517 [TCP segment of a reassembled PDU]"
"11006","29.662902323","192.168.1.55","192.168.1.2","TCP","1514","8004  >  49948 [ACK] Seq=246350 Ack=141 Win=65024 Len=1448 TSval=2916033743 TSecr=3045553517 [TCP segment of a reassembled PDU]"
"11007","29.662903360","192.168.1.55","192.168.1.2","TCP","1514","8004  >  49948 [ACK] Seq=247798 Ack=141 Win=65024 Len=1448 TSval=2916033743 TSecr=3045553517 [TCP segment of a reassembled PDU]"
"11008","29.662904452","192.168.1.55","192.168.1.2","TCP","1514","8004  >  49948 [ACK] Seq=249246 Ack=141 Win=65024 Len=1448 TSval=2916033743 TSecr=3045553517 [TCP segment of a reassembled PDU]"
"11009","29.662905693","192.168.1.55","192.168.1.2","TCP","1514","8004  >  49948 [ACK] Seq=250694 Ack=141 Win=65024 Len=1448 TSval=2916033743 TSecr=3045553517 [TCP segment of a reassembled PDU]"
"11010","29.662906804","192.168.1.55","192.168.1.2","TCP","1514","8004  >  49948 [ACK] Seq=252142 Ack=141 Win=65024 Len=1448 TSval=2916033743 TSecr=3045553517 [TCP segment of a reassembled PDU]"
"11011","29.662908064","192.168.1.55","192.168.1.2","TCP","1514","8004  >  49948 [ACK] Seq=253590 Ack=141 Win=65024 Len=1448 TSval=2916033743 TSecr=3045553517 [TCP segment of a reassembled PDU]"
"11012","29.662909249","192.168.1.55","192.168.1.2","TCP","1514","8004  >  49948 [PSH, ACK] Seq=255038 Ack=141 Win=65024 Len=1448 TSval=2916033743 TSecr=3045553517 [TCP segment of a reassembled PDU]"
"11013","29.667038200","192.168.1.2","192.168.1.55","TCP","66","49948  >  8004 [ACK] Seq=141 Ack=166710 Win=110592 Len=0 TSval=3045553517 TSecr=2916033737"
"11014","29.667087570","192.168.1.55","192.168.1.2","TCP","1514","8004  >  49948 [ACK] Seq=256486 Ack=141 Win=65024 Len=1448 TSval=2916033747 TSecr=3045553517 [TCP segment of a reassembled PDU]"
"11015","29.667091755","192.168.1.55","192.168.1.2","TCP","1514","8004  >  49948 [ACK] Seq=257934 Ack=141 Win=65024 Len=1448 TSval=2916033747 TSecr=3045553517 [TCP segment of a reassembled PDU]"
"11016","29.667092829","192.168.1.55","192.168.1.2","TCP","1514","8004  >  49948 [ACK] Seq=259382 Ack=141 Win=65024 Len=1448 TSval=2916033747 TSecr=3045553517 [TCP segment of a reassembled PDU]"
"11017","29.667094274","192.168.1.55","192.168.1.2","TCP","1514","8004  >  49948 [ACK] Seq=260830 Ack=141 Win=65024 Len=1448 TSval=2916033747 TSecr=3045553517 [TCP segment of a reassembled PDU]"
"11018","29.667095848","192.168.1.55","192.168.1.2","TCP","1514","8004  >  49948 [ACK] Seq=262278 Ack=141 Win=65024 Len=1448 TSval=2916033747 TSecr=3045553517 [TCP segment of a reassembled PDU]"
"11019","29.667097015","192.168.1.55","192.168.1.2","TCP","1514","8004  >  49948 [ACK] Seq=263726 Ack=141 Win=65024 Len=1448 TSval=2916033747 TSecr=3045553517 [TCP segment of a reassembled PDU]"
"11020","29.667098107","192.168.1.55","192.168.1.2","TCP","1514","8004  >  49948 [ACK] Seq=265174 Ack=141 Win=65024 Len=1448 TSval=2916033747 TSecr=3045553517 [TCP segment of a reassembled PDU]"
"11021","29.667099329","192.168.1.55","192.168.1.2","TCP","1514","8004  >  49948 [ACK] Seq=266622 Ack=141 Win=65024 Len=1448 TSval=2916033747 TSecr=3045553517 [TCP segment of a reassembled PDU]"
"11022","29.667100940","192.168.1.55","192.168.1.2","TCP","1514","8004  >  49948 [ACK] Seq=268070 Ack=141 Win=65024 Len=1448 TSval=2916033747 TSecr=3045553517 [TCP segment of a reassembled PDU]"
"11023","29.667103681","192.168.1.55","192.168.1.2","TCP","1514","8004  >  49948 [ACK] Seq=269518 Ack=141 Win=65024 Len=1448 TSval=2916033747 TSecr=3045553517 [TCP segment of a reassembled PDU]"
"11024","29.667104903","192.168.1.55","192.168.1.2","TCP","1514","8004  >  49948 [ACK] Seq=270966 Ack=141 Win=65024 Len=1448 TSval=2916033747 TSecr=3045553517 [TCP segment of a reassembled PDU]"
"11025","29.667115552","192.168.1.55","192.168.1.2","TCP","1514","8004  >  49948 [ACK] Seq=272414 Ack=141 Win=65024 Len=1448 TSval=2916033747 TSecr=3045553517 [TCP segment of a reassembled PDU]"
"11026","29.667117126","192.168.1.55","192.168.1.2","TCP","1514","8004  >  49948 [ACK] Seq=273862 Ack=141 Win=65024 Len=1448 TSval=2916033747 TSecr=3045553517 [TCP segment of a reassembled PDU]"
"11027","29.667118774","192.168.1.55","192.168.1.2","TCP","1514","8004  >  49948 [ACK] Seq=275310 Ack=141 Win=65024 Len=1448 TSval=2916033747 TSecr=3045553517 [TCP segment of a reassembled PDU]"
"11028","29.667120033","192.168.1.55","192.168.1.2","TCP","610","[TCP Window Full] 8004  >  49948 [PSH, ACK] Seq=276758 Ack=141 Win=65024 Len=544 TSval=2916033747 TSecr=3045553517 [TCP segment of a reassembled PDU]"
"11029","29.667148404","192.168.1.2","192.168.1.55","TCP","66","49948  >  8004 [ACK] Seq=141 Ack=172502 Win=112640 Len=0 TSval=3045553518 TSecr=2916033737"
"11030","29.669161129","192.168.1.2","192.168.1.55","TCP","66","49948  >  8004 [ACK] Seq=141 Ack=192774 Win=103424 Len=0 TSval=3045553523 TSecr=2916033741"
"11031","29.669203555","192.168.1.55","192.168.1.2","TCP","1514","8004  >  49948 [ACK] Seq=277302 Ack=141 Win=65024 Len=1448 TSval=2916033749 TSecr=3045553523 [TCP segment of a reassembled PDU]"
"11032","29.669207333","192.168.1.55","192.168.1.2","TCP","1514","8004  >  49948 [ACK] Seq=278750 Ack=141 Win=65024 Len=1448 TSval=2916033749 TSecr=3045553523 [TCP segment of a reassembled PDU]"
"11033","29.669208240","192.168.1.55","192.168.1.2","TCP","1514","8004  >  49948 [ACK] Seq=280198 Ack=141 Win=65024 Len=1448 TSval=2916033749 TSecr=3045553523 [TCP segment of a reassembled PDU]"
"11034","29.669209444","192.168.1.55","192.168.1.2","TCP","1514","8004  >  49948 [ACK] Seq=281646 Ack=141 Win=65024 Len=1448 TSval=2916033749 TSecr=3045553523 [TCP segment of a reassembled PDU]"
"11035","29.669210499","192.168.1.55","192.168.1.2","TCP","1514","8004  >  49948 [ACK] Seq=283094 Ack=141 Win=65024 Len=1448 TSval=2916033749 TSecr=3045553523 [TCP segment of a reassembled PDU]"
"11036","29.669211425","192.168.1.55","192.168.1.2","TCP","1514","8004  >  49948 [ACK] Seq=284542 Ack=141 Win=65024 Len=1448 TSval=2916033749 TSecr=3045553523 [TCP segment of a reassembled PDU]"
"11037","29.669212536","192.168.1.55","192.168.1.2","TCP","1514","8004  >  49948 [ACK] Seq=285990 Ack=141 Win=65024 Len=1448 TSval=2916033749 TSecr=3045553523 [TCP segment of a reassembled PDU]"
"11038","29.669213648","192.168.1.55","192.168.1.2","TCP","1514","8004  >  49948 [ACK] Seq=287438 Ack=141 Win=65024 Len=1448 TSval=2916033749 TSecr=3045553523 [TCP segment of a reassembled PDU]"
"11039","29.669214740","192.168.1.55","192.168.1.2","TCP","1514","8004  >  49948 [ACK] Seq=288886 Ack=141 Win=65024 Len=1448 TSval=2916033749 TSecr=3045553523 [TCP segment of a reassembled PDU]"
"11040","29.669215685","192.168.1.55","192.168.1.2","TCP","1514","8004  >  49948 [ACK] Seq=290334 Ack=141 Win=65024 Len=1448 TSval=2916033749 TSecr=3045553523 [TCP segment of a reassembled PDU]"
"11041","29.669216629","192.168.1.55","192.168.1.2","TCP","1514","8004  >  49948 [ACK] Seq=291782 Ack=141 Win=65024 Len=1448 TSval=2916033749 TSecr=3045553523 [TCP segment of a reassembled PDU]"
"11042","29.669217648","192.168.1.55","192.168.1.2","TCP","1514","8004  >  49948 [ACK] Seq=293230 Ack=141 Win=65024 Len=1448 TSval=2916033749 TSecr=3045553523 [TCP segment of a reassembled PDU]"
"11043","29.669218685","192.168.1.55","192.168.1.2","TCP","1514","8004  >  49948 [PSH, ACK] Seq=294678 Ack=141 Win=65024 Len=1448 TSval=2916033749 TSecr=3045553523 [TCP segment of a reassembled PDU]"
"11044","29.669267722","192.168.1.2","192.168.1.55","TCP","66","49948  >  8004 [ACK] Seq=141 Ack=210150 Win=87040 Len=0 TSval=3045553523 TSecr=2916033743"
"11045","29.669277185","192.168.1.2","192.168.1.55","TCP","66","49948  >  8004 [ACK] Seq=141 Ack=242006 Win=80896 Len=0 TSval=3045553523 TSecr=2916033743"
"11046","29.669287888","192.168.1.55","192.168.1.2","TCP","1514","8004  >  49948 [ACK] Seq=296126 Ack=141 Win=65024 Len=1448 TSval=2916033749 TSecr=3045553523 [TCP segment of a reassembled PDU]"
"11047","29.669289351","192.168.1.55","192.168.1.2","TCP","1514","8004  >  49948 [ACK] Seq=297574 Ack=141 Win=65024 Len=1448 TSval=2916033749 TSecr=3045553523 [TCP segment of a reassembled PDU]"
"11048","29.669290351","192.168.1.55","192.168.1.2","TCP","1514","8004  >  49948 [ACK] Seq=299022 Ack=141 Win=65024 Len=1448 TSval=2916033749 TSecr=3045553523 [TCP segment of a reassembled PDU]"
"11049","29.669296370","192.168.1.55","192.168.1.2","TCP","1514","8004  >  49948 [PSH, ACK] Seq=300470 Ack=141 Win=65024 Len=1448 TSval=2916033749 TSecr=3045553523 [TCP segment of a reassembled PDU]"
"11050","29.669302000","192.168.1.55","192.168.1.2","TCP","970","8004  >  49948 [ACK] Seq=301918 Ack=141 Win=65024 Len=904 TSval=2916033749 TSecr=3045553523 [TCP segment of a reassembled PDU]"
"11051","29.671149688","192.168.1.2","192.168.1.55","TCP","66","49948  >  8004 [ACK] Seq=141 Ack=256486 Win=78848 Len=0 TSval=3045553523 TSecr=2916033743"
"11052","29.671179336","192.168.1.55","192.168.1.2","TCP","1514","8004  >  49948 [ACK] Seq=302822 Ack=141 Win=65024 Len=1448 TSval=2916033751 TSecr=3045553523 [TCP segment of a reassembled PDU]"
"11053","29.671182169","192.168.1.55","192.168.1.2","TCP","1514","8004  >  49948 [ACK] Seq=304270 Ack=141 Win=65024 Len=1448 TSval=2916033751 TSecr=3045553523 [TCP segment of a reassembled PDU]"
"11054","29.671183188","192.168.1.55","192.168.1.2","TCP","1514","8004  >  49948 [ACK] Seq=305718 Ack=141 Win=65024 Len=1448 TSval=2916033751 TSecr=3045553523 [TCP segment of a reassembled PDU]"
"11055","29.671184077","192.168.1.55","192.168.1.2","TCP","1514","8004  >  49948 [ACK] Seq=307166 Ack=141 Win=65024 Len=1448 TSval=2916033751 TSecr=3045553523 [TCP segment of a reassembled PDU]"
"11056","29.671185002","192.168.1.55","192.168.1.2","TCP","1514","8004  >  49948 [ACK] Seq=308614 Ack=141 Win=65024 Len=1448 TSval=2916033751 TSecr=3045553523 [TCP segment of a reassembled PDU]"
"11057","29.671186132","192.168.1.55","192.168.1.2","TCP","1514","8004  >  49948 [ACK] Seq=310062 Ack=141 Win=65024 Len=1448 TSval=2916033751 TSecr=3045553523 [TCP segment of a reassembled PDU]"
"11058","29.671187354","192.168.1.55","192.168.1.2","TCP","1514","8004  >  49948 [ACK] Seq=311510 Ack=141 Win=65024 Len=1448 TSval=2916033751 TSecr=3045553523 [TCP segment of a reassembled PDU]"
"11059","29.671188280","192.168.1.55","192.168.1.2","TCP","1514","8004  >  49948 [ACK] Seq=312958 Ack=141 Win=65024 Len=1448 TSval=2916033751 TSecr=3045553523 [TCP segment of a reassembled PDU]"
"11060","29.671189188","192.168.1.55","192.168.1.2","TCP","1514","8004  >  49948 [ACK] Seq=314406 Ack=141 Win=65024 Len=1448 TSval=2916033751 TSecr=3045553523 [TCP segment of a reassembled PDU]"
"11061","29.671190095","192.168.1.55","192.168.1.2","TCP","1514","8004  >  49948 [ACK] Seq=315854 Ack=141 Win=65024 Len=1448 TSval=2916033751 TSecr=3045553523 [TCP segment of a reassembled PDU]"
"11062","29.671191002","192.168.1.55","192.168.1.2","TCP","1514","8004  >  49948 [ACK] Seq=317302 Ack=141 Win=65024 Len=1448 TSval=2916033751 TSecr=3045553523 [TCP segment of a reassembled PDU]"
"11063","29.671192095","192.168.1.55","192.168.1.2","TCP","1514","8004  >  49948 [ACK] Seq=318750 Ack=141 Win=65024 Len=1448 TSval=2916033751 TSecr=3045553523 [TCP segment of a reassembled PDU]"
"11064","29.671193077","192.168.1.55","192.168.1.2","TCP","1514","8004  >  49948 [ACK] Seq=320198 Ack=141 Win=65024 Len=1448 TSval=2916033751 TSecr=3045553523 [TCP segment of a reassembled PDU]"
"11065","29.671194002","192.168.1.55","192.168.1.2","TCP","1514","8004  >  49948 [ACK] Seq=321646 Ack=141 Win=65024 Len=1448 TSval=2916033751 TSecr=3045553523 [TCP segment of a reassembled PDU]"
"11066","29.671194965","192.168.1.55","192.168.1.2","TCP","1514","8004  >  49948 [ACK] Seq=323094 Ack=141 Win=65024 Len=1448 TSval=2916033751 TSecr=3045553523 [TCP segment of a reassembled PDU]"
"11067","29.671195854","192.168.1.55","192.168.1.2","TCP","1514","8004  >  49948 [ACK] Seq=324542 Ack=141 Win=65024 Len=1448 TSval=2916033751 TSecr=3045553523 [TCP segment of a reassembled PDU]"
"11068","29.671196799","192.168.1.55","192.168.1.2","TCP","1514","8004  >  49948 [ACK] Seq=325990 Ack=141 Win=65024 Len=1448 TSval=2916033751 TSecr=3045553523 [TCP segment of a reassembled PDU]"
"11069","29.671197799","192.168.1.55","192.168.1.2","TCP","1514","8004  >  49948 [ACK] Seq=327438 Ack=141 Win=65024 Len=1448 TSval=2916033751 TSecr=3045553523 [TCP segment of a reassembled PDU]"
"11070","29.671199002","192.168.1.55","192.168.1.2","TCP","1514","8004  >  49948 [ACK] Seq=328886 Ack=141 Win=65024 Len=1448 TSval=2916033751 TSecr=3045553523 [TCP segment of a reassembled PDU]"
"11071","29.671200169","192.168.1.55","192.168.1.2","TCP","1514","8004  >  49948 [ACK] Seq=330334 Ack=141 Win=65024 Len=1448 TSval=2916033751 TSecr=3045553523 [TCP segment of a reassembled PDU]"
"11072","29.671201114","192.168.1.55","192.168.1.2","TCP","1514","8004  >  49948 [ACK] Seq=331782 Ack=141 Win=65024 Len=1448 TSval=2916033751 TSecr=3045553523 [TCP segment of a reassembled PDU]"
"11073","29.671202299","192.168.1.55","192.168.1.2","TCP","1514","8004  >  49948 [PSH, ACK] Seq=333230 Ack=141 Win=65024 Len=1448 TSval=2916033751 TSecr=3045553523 [TCP segment of a reassembled PDU]"
"11074","29.671226465","192.168.1.2","192.168.1.55","TCP","66","49948  >  8004 [ACK] Seq=141 Ack=270966 Win=107520 Len=0 TSval=3045553525 TSecr=2916033747"
"11075","29.671248558","192.168.1.55","192.168.1.2","TCP","1514","8004  >  49948 [ACK] Seq=334678 Ack=141 Win=65024 Len=1448 TSval=2916033751 TSecr=3045553525 [TCP segment of a reassembled PDU]"
"11076","29.671250743","192.168.1.55","192.168.1.2","TCP","1514","8004  >  49948 [ACK] Seq=336126 Ack=141 Win=65024 Len=1448 TSval=2916033751 TSecr=3045553525 [TCP segment of a reassembled PDU]"
"11077","29.671251725","192.168.1.55","192.168.1.2","TCP","1514","8004  >  49948 [ACK] Seq=337574 Ack=141 Win=65024 Len=1448 TSval=2916033751 TSecr=3045553525 [TCP segment of a reassembled PDU]"
"11078","29.671252595","192.168.1.55","192.168.1.2","TCP","1514","8004  >  49948 [ACK] Seq=339022 Ack=141 Win=65024 Len=1448 TSval=2916033751 TSecr=3045553525 [TCP segment of a reassembled PDU]"
"11079","29.671253632","192.168.1.55","192.168.1.2","TCP","1514","8004  >  49948 [ACK] Seq=340470 Ack=141 Win=65024 Len=1448 TSval=2916033751 TSecr=3045553525 [TCP segment of a reassembled PDU]"
"11080","29.671254632","192.168.1.55","192.168.1.2","TCP","1514","8004  >  49948 [ACK] Seq=341918 Ack=141 Win=65024 Len=1448 TSval=2916033751 TSecr=3045553525 [TCP segment of a reassembled PDU]"
"11081","29.671255503","192.168.1.55","192.168.1.2","TCP","1514","8004  >  49948 [ACK] Seq=343366 Ack=141 Win=65024 Len=1448 TSval=2916033751 TSecr=3045553525 [TCP segment of a reassembled PDU]"
"11082","29.671256558","192.168.1.55","192.168.1.2","TCP","1514","8004  >  49948 [ACK] Seq=344814 Ack=141 Win=65024 Len=1448 TSval=2916033751 TSecr=3045553525 [TCP segment of a reassembled PDU]"
"11083","29.671257595","192.168.1.55","192.168.1.2","TCP","1514","8004  >  49948 [ACK] Seq=346262 Ack=141 Win=65024 Len=1448 TSval=2916033751 TSecr=3045553525 [TCP segment of a reassembled PDU]"
"11084","29.671259040","192.168.1.55","192.168.1.2","TCP","1514","8004  >  49948 [PSH, ACK] Seq=347710 Ack=141 Win=65024 Len=1448 TSval=2916033751 TSecr=3045553525 [TCP segment of a reassembled PDU]"
"11085","29.674061822","192.168.1.2","192.168.1.55","TCP","66","49948  >  8004 [ACK] Seq=141 Ack=277302 Win=116736 Len=0 TSval=3045553526 TSecr=2916033747"
"11086","29.674114877","192.168.1.55","192.168.1.2","TCP","1514","8004  >  49948 [ACK] Seq=349158 Ack=141 Win=65024 Len=1448 TSval=2916033754 TSecr=3045553526 [TCP segment of a reassembled PDU]"
"11087","29.674118470","192.168.1.55","192.168.1.2","TCP","1514","8004  >  49948 [ACK] Seq=350606 Ack=141 Win=65024 Len=1448 TSval=2916033754 TSecr=3045553526 [TCP segment of a reassembled PDU]"
"11088","29.674119544","192.168.1.55","192.168.1.2","TCP","1514","8004  >  49948 [ACK] Seq=352054 Ack=141 Win=65024 Len=1448 TSval=2916033754 TSecr=3045553526 [TCP segment of a reassembled PDU]"
"11089","29.674120637","192.168.1.55","192.168.1.2","TCP","1514","8004  >  49948 [ACK] Seq=353502 Ack=141 Win=65024 Len=1448 TSval=2916033754 TSecr=3045553526 [TCP segment of a reassembled PDU]"
"11090","29.674121544","192.168.1.55","192.168.1.2","TCP","1514","8004  >  49948 [ACK] Seq=354950 Ack=141 Win=65024 Len=1448 TSval=2916033754 TSecr=3045553526 [TCP segment of a reassembled PDU]"
"11091","29.674122507","192.168.1.55","192.168.1.2","TCP","1514","8004  >  49948 [ACK] Seq=356398 Ack=141 Win=65024 Len=1448 TSval=2916033754 TSecr=3045553526 [TCP segment of a reassembled PDU]"
"11092","29.674123396","192.168.1.55","192.168.1.2","TCP","1514","8004  >  49948 [ACK] Seq=357846 Ack=141 Win=65024 Len=1448 TSval=2916033754 TSecr=3045553526 [TCP segment of a reassembled PDU]"
"11093","29.674124452","192.168.1.55","192.168.1.2","TCP","1514","8004  >  49948 [ACK] Seq=359294 Ack=141 Win=65024 Len=1448 TSval=2916033754 TSecr=3045553526 [TCP segment of a reassembled PDU]"
"11094","29.674125396","192.168.1.55","192.168.1.2","TCP","1514","8004  >  49948 [ACK] Seq=360742 Ack=141 Win=65024 Len=1448 TSval=2916033754 TSecr=3045553526 [TCP segment of a reassembled PDU]"
"11095","29.674126303","192.168.1.55","192.168.1.2","TCP","1514","8004  >  49948 [ACK] Seq=362190 Ack=141 Win=65024 Len=1448 TSval=2916033754 TSecr=3045553526 [TCP segment of a reassembled PDU]"
"11096","29.674127303","192.168.1.55","192.168.1.2","TCP","1514","8004  >  49948 [ACK] Seq=363638 Ack=141 Win=65024 Len=1448 TSval=2916033754 TSecr=3045553526 [TCP segment of a reassembled PDU]"
"11097","29.674128248","192.168.1.55","192.168.1.2","TCP","1514","8004  >  49948 [ACK] Seq=365086 Ack=141 Win=65024 Len=1448 TSval=2916033754 TSecr=3045553526 [TCP segment of a reassembled PDU]"
"11098","29.674129322","192.168.1.55","192.168.1.2","TCP","1514","8004  >  49948 [ACK] Seq=366534 Ack=141 Win=65024 Len=1448 TSval=2916033754 TSecr=3045553526 [TCP segment of a reassembled PDU]"
"11099","29.674130581","192.168.1.55","192.168.1.2","TCP","1514","8004  >  49948 [ACK] Seq=367982 Ack=141 Win=65024 Len=1448 TSval=2916033754 TSecr=3045553526 [TCP segment of a reassembled PDU]"
"11100","29.674131711","192.168.1.55","192.168.1.2","TCP","1514","8004  >  49948 [ACK] Seq=369430 Ack=141 Win=65024 Len=1448 TSval=2916033754 TSecr=3045553526 [TCP segment of a reassembled PDU]"
"11101","29.674133396","192.168.1.55","192.168.1.2","TCP","1514","8004  >  49948 [ACK] Seq=370878 Ack=141 Win=65024 Len=1448 TSval=2916033754 TSecr=3045553526 [TCP segment of a reassembled PDU]"
"11102","29.674134489","192.168.1.55","192.168.1.2","TCP","1514","8004  >  49948 [ACK] Seq=372326 Ack=141 Win=65024 Len=1448 TSval=2916033754 TSecr=3045553526 [TCP segment of a reassembled PDU]"
"11103","29.674135544","192.168.1.55","192.168.1.2","TCP","1514","8004  >  49948 [ACK] Seq=373774 Ack=141 Win=65024 Len=1448 TSval=2916033754 TSecr=3045553526 [TCP segment of a reassembled PDU]"
"11104","29.674136600","192.168.1.55","192.168.1.2","TCP","1514","8004  >  49948 [ACK] Seq=375222 Ack=141 Win=65024 Len=1448 TSval=2916033754 TSecr=3045553526 [TCP segment of a reassembled PDU]"
"11105","29.674137489","192.168.1.55","192.168.1.2","TCP","1514","8004  >  49948 [ACK] Seq=376670 Ack=141 Win=65024 Len=1448 TSval=2916033754 TSecr=3045553526 [TCP segment of a reassembled PDU]"
"11106","29.674138507","192.168.1.55","192.168.1.2","TCP","1514","8004  >  49948 [ACK] Seq=378118 Ack=141 Win=65024 Len=1448 TSval=2916033754 TSecr=3045553526 [TCP segment of a reassembled PDU]"
"11107","29.674139452","192.168.1.55","192.168.1.2","TCP","1514","8004  >  49948 [ACK] Seq=379566 Ack=141 Win=65024 Len=1448 TSval=2916033754 TSecr=3045553526 [TCP segment of a reassembled PDU]"
"11108","29.674140377","192.168.1.55","192.168.1.2","TCP","1514","8004  >  49948 [ACK] Seq=381014 Ack=141 Win=65024 Len=1448 TSval=2916033754 TSecr=3045553526 [TCP segment of a reassembled PDU]"
"11109","29.674141303","192.168.1.55","192.168.1.2","TCP","1514","8004  >  49948 [ACK] Seq=382462 Ack=141 Win=65024 Len=1448 TSval=2916033754 TSecr=3045553526 [TCP segment of a reassembled PDU]"
"11110","29.674142211","192.168.1.55","192.168.1.2","TCP","1514","8004  >  49948 [ACK] Seq=383910 Ack=141 Win=65024 Len=1448 TSval=2916033754 TSecr=3045553526 [TCP segment of a reassembled PDU]"
"11111","29.674143414","192.168.1.55","192.168.1.2","TCP","1514","8004  >  49948 [ACK] Seq=385358 Ack=141 Win=65024 Len=1448 TSval=2916033754 TSecr=3045553526 [TCP segment of a reassembled PDU]"
"11112","29.674144322","192.168.1.55","192.168.1.2","TCP","1514","8004  >  49948 [ACK] Seq=386806 Ack=141 Win=65024 Len=1448 TSval=2916033754 TSecr=3045553526 [TCP segment of a reassembled PDU]"
"11113","29.674145211","192.168.1.55","192.168.1.2","TCP","1514","8004  >  49948 [ACK] Seq=388254 Ack=141 Win=65024 Len=1448 TSval=2916033754 TSecr=3045553526 [TCP segment of a reassembled PDU]"
"11114","29.674146118","192.168.1.55","192.168.1.2","TCP","1514","8004  >  49948 [ACK] Seq=389702 Ack=141 Win=65024 Len=1448 TSval=2916033754 TSecr=3045553526 [TCP segment of a reassembled PDU]"
"11115","29.674147137","192.168.1.55","192.168.1.2","TCP","1514","8004  >  49948 [PSH, ACK] Seq=391150 Ack=141 Win=65024 Len=1448 TSval=2916033754 TSecr=3045553526 [TCP segment of a reassembled PDU]"
"11116","29.674217952","192.168.1.2","192.168.1.55","TCP","66","49948  >  8004 [ACK] Seq=141 Ack=296126 Win=116736 Len=0 TSval=3045553528 TSecr=2916033749"
"11117","29.674240748","192.168.1.55","192.168.1.2","TCP","1514","8004  >  49948 [ACK] Seq=392598 Ack=141 Win=65024 Len=1448 TSval=2916033754 TSecr=3045553528 [TCP segment of a reassembled PDU]"
"11118","29.674242859","192.168.1.55","192.168.1.2","TCP","1514","8004  >  49948 [PSH, ACK] Seq=394046 Ack=141 Win=65024 Len=1448 TSval=2916033754 TSecr=3045553528 [TCP segment of a reassembled PDU]"
"11119","29.674246989","192.168.1.2","192.168.1.55","TCP","66","49948  >  8004 [ACK] Seq=141 Ack=300470 Win=124928 Len=0 TSval=3045553528 TSecr=2916033749"
"11120","29.678453273","192.168.1.2","192.168.1.55","TCP","66","49948  >  8004 [ACK] Seq=141 Ack=301918 Win=128000 Len=0 TSval=3045553531 TSecr=2916033749"
"11121","29.678553718","192.168.1.55","192.168.1.2","TCP","1514","8004  >  49948 [ACK] Seq=395494 Ack=141 Win=65024 Len=1448 TSval=2916033759 TSecr=3045553531 [TCP segment of a reassembled PDU]"
"11122","29.678560310","192.168.1.55","192.168.1.2","TCP","1514","8004  >  49948 [ACK] Seq=396942 Ack=141 Win=65024 Len=1448 TSval=2916033759 TSecr=3045553531 [TCP segment of a reassembled PDU]"
"11123","29.678561329","192.168.1.55","192.168.1.2","TCP","1514","8004  >  49948 [ACK] Seq=398390 Ack=141 Win=65024 Len=1448 TSval=2916033759 TSecr=3045553531 [TCP segment of a reassembled PDU]"
"11124","29.678563125","192.168.1.55","192.168.1.2","TCP","1514","8004  >  49948 [ACK] Seq=399838 Ack=141 Win=65024 Len=1448 TSval=2916033759 TSecr=3045553531 [TCP segment of a reassembled PDU]"
"11125","29.678564310","192.168.1.55","192.168.1.2","TCP","1514","8004  >  49948 [ACK] Seq=401286 Ack=141 Win=65024 Len=1448 TSval=2916033759 TSecr=3045553531 [TCP segment of a reassembled PDU]"
"11126","29.678565255","192.168.1.55","192.168.1.2","TCP","1514","8004  >  49948 [ACK] Seq=402734 Ack=141 Win=65024 Len=1448 TSval=2916033759 TSecr=3045553531 [TCP segment of a reassembled PDU]"
"11127","29.678566440","192.168.1.55","192.168.1.2","TCP","1514","8004  >  49948 [ACK] Seq=404182 Ack=141 Win=65024 Len=1448 TSval=2916033759 TSecr=3045553531 [TCP segment of a reassembled PDU]"
"11128","29.678567755","192.168.1.55","192.168.1.2","TCP","1514","8004  >  49948 [ACK] Seq=405630 Ack=141 Win=65024 Len=1448 TSval=2916033759 TSecr=3045553531 [TCP segment of a reassembled PDU]"
"11129","29.678569347","192.168.1.55","192.168.1.2","TCP","1514","8004  >  49948 [ACK] Seq=407078 Ack=141 Win=65024 Len=1448 TSval=2916033759 TSecr=3045553531 [TCP segment of a reassembled PDU]"
"11130","29.678570607","192.168.1.55","192.168.1.2","TCP","1514","8004  >  49948 [ACK] Seq=408526 Ack=141 Win=65024 Len=1448 TSval=2916033759 TSecr=3045553531 [TCP segment of a reassembled PDU]"
"11131","29.678572051","192.168.1.55","192.168.1.2","TCP","1514","8004  >  49948 [ACK] Seq=409974 Ack=141 Win=65024 Len=1448 TSval=2916033759 TSecr=3045553531 [TCP segment of a reassembled PDU]"
"11132","29.678573551","192.168.1.55","192.168.1.2","TCP","1514","8004  >  49948 [ACK] Seq=411422 Ack=141 Win=65024 Len=1448 TSval=2916033759 TSecr=3045553531 [TCP segment of a reassembled PDU]"
"11133","29.678574681","192.168.1.55","192.168.1.2","TCP","1514","8004  >  49948 [ACK] Seq=412870 Ack=141 Win=65024 Len=1448 TSval=2916033759 TSecr=3045553531 [TCP segment of a reassembled PDU]"
"11134","29.678575792","192.168.1.55","192.168.1.2","TCP","1514","8004  >  49948 [ACK] Seq=414318 Ack=141 Win=65024 Len=1448 TSval=2916033759 TSecr=3045553531 [TCP segment of a reassembled PDU]"
"11135","29.678577014","192.168.1.55","192.168.1.2","TCP","1514","8004  >  49948 [ACK] Seq=415766 Ack=141 Win=65024 Len=1448 TSval=2916033759 TSecr=3045553531 [TCP segment of a reassembled PDU]"
"11136","29.678577996","192.168.1.55","192.168.1.2","TCP","1514","8004  >  49948 [ACK] Seq=417214 Ack=141 Win=65024 Len=1448 TSval=2916033759 TSecr=3045553531 [TCP segment of a reassembled PDU]"
"11137","29.678579477","192.168.1.55","192.168.1.2","TCP","1514","8004  >  49948 [ACK] Seq=418662 Ack=141 Win=65024 Len=1448 TSval=2916033759 TSecr=3045553531 [TCP segment of a reassembled PDU]"
"11138","29.678580607","192.168.1.55","192.168.1.2","TCP","1514","8004  >  49948 [ACK] Seq=420110 Ack=141 Win=65024 Len=1448 TSval=2916033759 TSecr=3045553531 [TCP segment of a reassembled PDU]"
"11139","29.678582125","192.168.1.55","192.168.1.2","TCP","1514","8004  >  49948 [ACK] Seq=421558 Ack=141 Win=65024 Len=1448 TSval=2916033759 TSecr=3045553531 [TCP segment of a reassembled PDU]"
"11140","29.678583273","192.168.1.55","192.168.1.2","TCP","1514","8004  >  49948 [ACK] Seq=423006 Ack=141 Win=65024 Len=1448 TSval=2916033759 TSecr=3045553531 [TCP segment of a reassembled PDU]"
"11141","29.678584570","192.168.1.55","192.168.1.2","TCP","1514","8004  >  49948 [ACK] Seq=424454 Ack=141 Win=65024 Len=1448 TSval=2916033759 TSecr=3045553531 [TCP segment of a reassembled PDU]"
"11142","29.678586218","192.168.1.55","192.168.1.2","TCP","1514","8004  >  49948 [ACK] Seq=425902 Ack=141 Win=65024 Len=1448 TSval=2916033759 TSecr=3045553531 [TCP segment of a reassembled PDU]"
"11143","29.678587181","192.168.1.55","192.168.1.2","TCP","1514","8004  >  49948 [PSH, ACK] Seq=427350 Ack=141 Win=65024 Len=1448 TSval=2916033759 TSecr=3045553531 [TCP segment of a reassembled PDU]"
"11144","29.678653792","192.168.1.2","192.168.1.55","TCP","66","49948  >  8004 [ACK] Seq=141 Ack=334678 Win=129024 Len=0 TSval=3045553531 TSecr=2916033749"
"11145","29.678678570","192.168.1.55","192.168.1.2","TCP","1514","8004  >  49948 [ACK] Seq=428798 Ack=141 Win=65024 Len=1448 TSval=2916033759 TSecr=3045553531 [TCP segment of a reassembled PDU]"
"11146","29.678682866","192.168.1.55","192.168.1.2","TCP","1514","8004  >  49948 [ACK] Seq=430246 Ack=141 Win=65024 Len=1448 TSval=2916033759 TSecr=3045553531 [TCP segment of a reassembled PDU]"
"11147","29.678684144","192.168.1.55","192.168.1.2","TCP","1514","8004  >  49948 [ACK] Seq=431694 Ack=141 Win=65024 Len=1448 TSval=2916033759 TSecr=3045553531 [TCP segment of a reassembled PDU]"
"11148","29.678685348","192.168.1.55","192.168.1.2","TCP","1514","8004  >  49948 [ACK] Seq=433142 Ack=141 Win=65024 Len=1448 TSval=2916033759 TSecr=3045553531 [TCP segment of a reassembled PDU]"
"11149","29.678686662","192.168.1.55","192.168.1.2","TCP","1514","8004  >  49948 [ACK] Seq=434590 Ack=141 Win=65024 Len=1448 TSval=2916033759 TSecr=3045553531 [TCP segment of a reassembled PDU]"
"11150","29.678687959","192.168.1.55","192.168.1.2","TCP","1514","8004  >  49948 [ACK] Seq=436038 Ack=141 Win=65024 Len=1448 TSval=2916033759 TSecr=3045553531 [TCP segment of a reassembled PDU]"
"11151","29.678688903","192.168.1.55","192.168.1.2","TCP","1514","8004  >  49948 [ACK] Seq=437486 Ack=141 Win=65024 Len=1448 TSval=2916033759 TSecr=3045553531 [TCP segment of a reassembled PDU]"
"11152","29.678690273","192.168.1.55","192.168.1.2","TCP","1514","8004  >  49948 [ACK] Seq=438934 Ack=141 Win=65024 Len=1448 TSval=2916033759 TSecr=3045553531 [TCP segment of a reassembled PDU]"
"11153","29.678691533","192.168.1.55","192.168.1.2","TCP","1514","8004  >  49948 [PSH, ACK] Seq=440382 Ack=141 Win=65024 Len=1448 TSval=2916033759 TSecr=3045553531 [TCP segment of a reassembled PDU]"
"11154","29.678697477","192.168.1.2","192.168.1.55","TCP","66","49948  >  8004 [ACK] Seq=141 Ack=349158 Win=115712 Len=0 TSval=3045553531 TSecr=2916033751"
"11155","29.678703792","192.168.1.2","192.168.1.55","TCP","66","49948  >  8004 [ACK] Seq=141 Ack=362190 Win=147456 Len=0 TSval=3045553534 TSecr=2916033754"
"11156","29.678762829","192.168.1.55","192.168.1.2","TCP","1514","8004  >  49948 [ACK] Seq=441830 Ack=141 Win=65024 Len=1448 TSval=2916033759 TSecr=3045553534 [TCP segment of a reassembled PDU]"
"11157","29.678766033","192.168.1.55","192.168.1.2","TCP","1514","8004  >  49948 [ACK] Seq=443278 Ack=141 Win=65024 Len=1448 TSval=2916033759 TSecr=3045553534 [TCP segment of a reassembled PDU]"
"11158","29.678767051","192.168.1.55","192.168.1.2","TCP","1514","8004  >  49948 [ACK] Seq=444726 Ack=141 Win=65024 Len=1448 TSval=2916033759 TSecr=3045553534 [TCP segment of a reassembled PDU]"
"11159","29.678768237","192.168.1.55","192.168.1.2","TCP","1514","8004  >  49948 [ACK] Seq=446174 Ack=141 Win=65024 Len=1448 TSval=2916033759 TSecr=3045553534 [TCP segment of a reassembled PDU]"
"11160","29.678770070","192.168.1.55","192.168.1.2","TCP","1514","8004  >  49948 [ACK] Seq=447622 Ack=141 Win=65024 Len=1448 TSval=2916033759 TSecr=3045553534 [TCP segment of a reassembled PDU]"
"11161","29.678771440","192.168.1.55","192.168.1.2","TCP","1514","8004  >  49948 [ACK] Seq=449070 Ack=141 Win=65024 Len=1448 TSval=2916033759 TSecr=3045553534 [TCP segment of a reassembled PDU]"
"11162","29.678772514","192.168.1.55","192.168.1.2","TCP","1514","8004  >  49948 [ACK] Seq=450518 Ack=141 Win=65024 Len=1448 TSval=2916033759 TSecr=3045553534 [TCP segment of a reassembled PDU]"
"11163","29.678773866","192.168.1.55","192.168.1.2","TCP","1514","8004  >  49948 [ACK] Seq=451966 Ack=141 Win=65024 Len=1448 TSval=2916033759 TSecr=3045553534 [TCP segment of a reassembled PDU]"
"11164","29.678774755","192.168.1.55","192.168.1.2","TCP","1514","8004  >  49948 [ACK] Seq=453414 Ack=141 Win=65024 Len=1448 TSval=2916033759 TSecr=3045553534 [TCP segment of a reassembled PDU]"
"11165","29.678776181","192.168.1.55","192.168.1.2","TCP","1514","8004  >  49948 [ACK] Seq=454862 Ack=141 Win=65024 Len=1448 TSval=2916033759 TSecr=3045553534 [TCP segment of a reassembled PDU]"
"11166","29.678777163","192.168.1.55","192.168.1.2","TCP","1514","8004  >  49948 [ACK] Seq=456310 Ack=141 Win=65024 Len=1448 TSval=2916033759 TSecr=3045553534 [TCP segment of a reassembled PDU]"
"11167","29.678778144","192.168.1.55","192.168.1.2","TCP","1514","8004  >  49948 [ACK] Seq=457758 Ack=141 Win=65024 Len=1448 TSval=2916033759 TSecr=3045553534 [TCP segment of a reassembled PDU]"
"11168","29.678779125","192.168.1.55","192.168.1.2","TCP","1514","8004  >  49948 [ACK] Seq=459206 Ack=141 Win=65024 Len=1448 TSval=2916033759 TSecr=3045553534 [TCP segment of a reassembled PDU]"
"11169","29.678780070","192.168.1.55","192.168.1.2","TCP","1514","8004  >  49948 [ACK] Seq=460654 Ack=141 Win=65024 Len=1448 TSval=2916033759 TSecr=3045553534 [TCP segment of a reassembled PDU]"
"11170","29.678781403","192.168.1.55","192.168.1.2","TCP","1514","8004  >  49948 [ACK] Seq=462102 Ack=141 Win=65024 Len=1448 TSval=2916033759 TSecr=3045553534 [TCP segment of a reassembled PDU]"
"11171","29.678782755","192.168.1.55","192.168.1.2","TCP","1514","8004  >  49948 [ACK] Seq=463550 Ack=141 Win=65024 Len=1448 TSval=2916033759 TSecr=3045553534 [TCP segment of a reassembled PDU]"
"11172","29.678784144","192.168.1.55","192.168.1.2","TCP","1514","8004  >  49948 [ACK] Seq=464998 Ack=141 Win=65024 Len=1448 TSval=2916033759 TSecr=3045553534 [TCP segment of a reassembled PDU]"
"11173","29.678785514","192.168.1.55","192.168.1.2","TCP","1514","8004  >  49948 [ACK] Seq=466446 Ack=141 Win=65024 Len=1448 TSval=2916033759 TSecr=3045553534 [TCP segment of a reassembled PDU]"
"11174","29.678786570","192.168.1.55","192.168.1.2","TCP","1514","8004  >  49948 [ACK] Seq=467894 Ack=141 Win=65024 Len=1448 TSval=2916033759 TSecr=3045553534 [TCP segment of a reassembled PDU]"
"11175","29.678787644","192.168.1.55","192.168.1.2","TCP","1514","8004  >  49948 [ACK] Seq=469342 Ack=141 Win=65024 Len=1448 TSval=2916033759 TSecr=3045553534 [TCP segment of a reassembled PDU]"
"11176","29.678788718","192.168.1.55","192.168.1.2","TCP","1514","8004  >  49948 [ACK] Seq=470790 Ack=141 Win=65024 Len=1448 TSval=2916033759 TSecr=3045553534 [TCP segment of a reassembled PDU]"
"11177","29.678789829","192.168.1.55","192.168.1.2","TCP","1514","8004  >  49948 [ACK] Seq=472238 Ack=141 Win=65024 Len=1448 TSval=2916033759 TSecr=3045553534 [TCP segment of a reassembled PDU]"
"11178","29.678791237","192.168.1.55","192.168.1.2","TCP","1514","8004  >  49948 [ACK] Seq=473686 Ack=141 Win=65024 Len=1448 TSval=2916033759 TSecr=3045553534 [TCP segment of a reassembled PDU]"
"11179","29.678792551","192.168.1.55","192.168.1.2","TCP","1514","8004  >  49948 [ACK] Seq=475134 Ack=141 Win=65024 Len=1448 TSval=2916033759 TSecr=3045553534 [TCP segment of a reassembled PDU]"
"11180","29.678793866","192.168.1.55","192.168.1.2","TCP","1514","8004  >  49948 [ACK] Seq=476582 Ack=141 Win=65024 Len=1448 TSval=2916033759 TSecr=3045553534 [TCP segment of a reassembled PDU]"
"11181","29.678795292","192.168.1.55","192.168.1.2","TCP","1514","8004  >  49948 [ACK] Seq=478030 Ack=141 Win=65024 Len=1448 TSval=2916033759 TSecr=3045553534 [TCP segment of a reassembled PDU]"
"11182","29.678796366","192.168.1.55","192.168.1.2","TCP","1514","8004  >  49948 [ACK] Seq=479478 Ack=141 Win=65024 Len=1448 TSval=2916033759 TSecr=3045553534 [TCP segment of a reassembled PDU]"
"11183","29.678797663","192.168.1.55","192.168.1.2","TCP","1514","8004  >  49948 [ACK] Seq=480926 Ack=141 Win=65024 Len=1448 TSval=2916033759 TSecr=3045553534 [TCP segment of a reassembled PDU]"
"11184","29.678799533","192.168.1.55","192.168.1.2","TCP","1514","8004  >  49948 [ACK] Seq=482374 Ack=141 Win=65024 Len=1448 TSval=2916033759 TSecr=3045553534 [TCP segment of a reassembled PDU]"
"11185","29.678800959","192.168.1.55","192.168.1.2","TCP","1514","8004  >  49948 [ACK] Seq=483822 Ack=141 Win=65024 Len=1448 TSval=2916033759 TSecr=3045553534 [TCP segment of a reassembled PDU]"
"11186","29.678802181","192.168.1.55","192.168.1.2","TCP","1514","8004  >  49948 [ACK] Seq=485270 Ack=141 Win=65024 Len=1448 TSval=2916033759 TSecr=3045553534 [TCP segment of a reassembled PDU]"
"11187","29.678803551","192.168.1.55","192.168.1.2","TCP","1514","8004  >  49948 [PSH, ACK] Seq=486718 Ack=141 Win=65024 Len=1448 TSval=2916033759 TSecr=3045553534 [TCP segment of a reassembled PDU]"
"11188","29.678822200","192.168.1.55","192.168.1.2","TCP","1514","8004  >  49948 [ACK] Seq=488166 Ack=141 Win=65024 Len=1448 TSval=2916033759 TSecr=3045553534 [TCP segment of a reassembled PDU]"
"11189","29.678823959","192.168.1.55","192.168.1.2","TCP","1514","8004  >  49948 [ACK] Seq=489614 Ack=141 Win=65024 Len=1448 TSval=2916033759 TSecr=3045553534 [TCP segment of a reassembled PDU]"
"11190","29.678825607","192.168.1.55","192.168.1.2","TCP","1514","8004  >  49948 [ACK] Seq=491062 Ack=141 Win=65024 Len=1448 TSval=2916033759 TSecr=3045553534 [TCP segment of a reassembled PDU]"
"11191","29.678827848","192.168.1.55","192.168.1.2","TCP","1514","8004  >  49948 [ACK] Seq=492510 Ack=141 Win=65024 Len=1448 TSval=2916033759 TSecr=3045553534 [TCP segment of a reassembled PDU]"
"11192","29.678829366","192.168.1.55","192.168.1.2","TCP","1514","8004  >  49948 [ACK] Seq=493958 Ack=141 Win=65024 Len=1448 TSval=2916033759 TSecr=3045553534 [TCP segment of a reassembled PDU]"
"11193","29.678830385","192.168.1.55","192.168.1.2","TCP","1514","8004  >  49948 [ACK] Seq=495406 Ack=141 Win=65024 Len=1448 TSval=2916033759 TSecr=3045553534 [TCP segment of a reassembled PDU]"
"11194","29.678831570","192.168.1.55","192.168.1.2","TCP","1514","8004  >  49948 [ACK] Seq=496854 Ack=141 Win=65024 Len=1448 TSval=2916033759 TSecr=3045553534 [TCP segment of a reassembled PDU]"
"11195","29.678832477","192.168.1.55","192.168.1.2","HTTP","1472","HTTP/1.0 200 OK  (PNG)"
"11196","29.678858792","192.168.1.2","192.168.1.55","TCP","66","49948  >  8004 [ACK] Seq=141 Ack=392598 Win=128000 Len=0 TSval=3045553534 TSecr=2916033754"
"11197","29.680062387","192.168.1.2","192.168.1.55","TCP","66","49948  >  8004 [ACK] Seq=141 Ack=395494 Win=128000 Len=0 TSval=3045553534 TSecr=2916033754"
"11198","29.685113747","192.168.1.2","192.168.1.55","TCP","66","49948  >  8004 [ACK] Seq=141 Ack=428798 Win=128000 Len=0 TSval=3045553539 TSecr=2916033759"
"11199","29.685206006","192.168.1.2","192.168.1.55","TCP","66","49948  >  8004 [ACK] Seq=141 Ack=441830 Win=115712 Len=0 TSval=3045553540 TSecr=2916033759"
"11200","29.685213043","192.168.1.2","192.168.1.55","TCP","66","49948  >  8004 [ACK] Seq=141 Ack=473686 Win=130048 Len=0 TSval=3045553540 TSecr=2916033759"
"11201","29.685829359","192.168.1.2","192.168.1.55","TCP","66","49948  >  8004 [ACK] Seq=141 Ack=488166 Win=146432 Len=0 TSval=3045553541 TSecr=2916033759"
"11202","29.685940970","192.168.1.2","192.168.1.55","TCP","66","49948  >  8004 [ACK] Seq=141 Ack=498302 Win=137216 Len=0 TSval=3045553541 TSecr=2916033759"
"11203","29.687381695","192.168.1.2","192.168.1.55","TCP","66","49948  >  8004 [FIN, ACK] Seq=141 Ack=499709 Win=150528 Len=0 TSval=3045553542 TSecr=2916033759"
"11204","29.687404935","192.168.1.55","192.168.1.2","TCP","66","8004  >  49948 [ACK] Seq=499709 Ack=142 Win=65024 Len=0 TSval=2916033768 TSecr=3045553542"
"11205","29.687512472","192.168.1.2","192.168.1.55","TCP","74","49954  >  8004 [SYN] Seq=0 Win=64240 Len=0 MSS=1460 SACK_PERM TSval=3045553542 TSecr=0 WS=1024"
"11206","29.687547750","192.168.1.55","192.168.1.2","TCP","74","8004  >  49954 [SYN, ACK] Seq=0 Ack=1 Win=65160 Len=0 MSS=1460 SACK_PERM TSval=2916033768 TSecr=3045553542 WS=128"
"11207","29.690786811","192.168.1.2","192.168.1.55","TCP","66","49954  >  8004 [ACK] Seq=1 Ack=1 Win=64512 Len=0 TSval=3045553545 TSecr=2916033768"
"11208","29.693410167","192.168.1.2","192.168.1.55","HTTP","209","GET /original_benchmark.png HTTP/1.1 "
"11209","29.693431278","192.168.1.55","192.168.1.2","TCP","66","8004  >  49954 [ACK] Seq=1 Ack=144 Win=65024 Len=0 TSval=2916033774 TSecr=3045553545"
"11210","29.693855075","192.168.1.55","192.168.1.2","TCP","255","8004  >  49954 [PSH, ACK] Seq=1 Ack=144 Win=65024 Len=189 TSval=2916033774 TSecr=3045553545 [TCP segment of a reassembled PDU]"
"11211","29.693936408","192.168.1.55","192.168.1.2","TCP","1514","8004  >  49954 [ACK] Seq=190 Ack=144 Win=65024 Len=1448 TSval=2916033774 TSecr=3045553545 [TCP segment of a reassembled PDU]"
"11212","29.693940186","192.168.1.55","192.168.1.2","TCP","1514","8004  >  49954 [ACK] Seq=1638 Ack=144 Win=65024 Len=1448 TSval=2916033774 TSecr=3045553545 [TCP segment of a reassembled PDU]"
"11213","29.693941316","192.168.1.55","192.168.1.2","TCP","1514","8004  >  49954 [ACK] Seq=3086 Ack=144 Win=65024 Len=1448 TSval=2916033774 TSecr=3045553545 [TCP segment of a reassembled PDU]"
"11214","29.693948575","192.168.1.55","192.168.1.2","TCP","1514","8004  >  49954 [ACK] Seq=4534 Ack=144 Win=65024 Len=1448 TSval=2916033774 TSecr=3045553545 [TCP segment of a reassembled PDU]"
"11215","29.693949871","192.168.1.55","192.168.1.2","TCP","1514","8004  >  49954 [PSH, ACK] Seq=5982 Ack=144 Win=65024 Len=1448 TSval=2916033774 TSecr=3045553545 [TCP segment of a reassembled PDU]"
"11216","29.693968205","192.168.1.55","192.168.1.2","TCP","1514","8004  >  49954 [ACK] Seq=7430 Ack=144 Win=65024 Len=1448 TSval=2916033774 TSecr=3045553545 [TCP segment of a reassembled PDU]"
"11217","29.693970797","192.168.1.55","192.168.1.2","TCP","1514","8004  >  49954 [ACK] Seq=8878 Ack=144 Win=65024 Len=1448 TSval=2916033774 TSecr=3045553545 [TCP segment of a reassembled PDU]"
"11218","29.693971872","192.168.1.55","192.168.1.2","TCP","1514","8004  >  49954 [ACK] Seq=10326 Ack=144 Win=65024 Len=1448 TSval=2916033774 TSecr=3045553545 [TCP segment of a reassembled PDU]"
"11219","29.693973057","192.168.1.55","192.168.1.2","TCP","1514","8004  >  49954 [PSH, ACK] Seq=11774 Ack=144 Win=65024 Len=1448 TSval=2916033774 TSecr=3045553545 [TCP segment of a reassembled PDU]"
"11220","29.697816489","192.168.1.2","192.168.1.55","TCP","66","49954  >  8004 [ACK] Seq=144 Ack=190 Win=64512 Len=0 TSval=3045553552 TSecr=2916033774"
"11221","29.698010933","192.168.1.55","192.168.1.2","TCP","1514","8004  >  49954 [ACK] Seq=13222 Ack=144 Win=65024 Len=1448 TSval=2916033778 TSecr=3045553552 [TCP segment of a reassembled PDU]"
"11222","29.698040304","192.168.1.55","192.168.1.2","TCP","1514","8004  >  49954 [PSH, ACK] Seq=14670 Ack=144 Win=65024 Len=1448 TSval=2916033778 TSecr=3045553552 [TCP segment of a reassembled PDU]"
"11223","29.698193711","192.168.1.2","192.168.1.55","TCP","66","49954  >  8004 [ACK] Seq=144 Ack=3086 Win=70656 Len=0 TSval=3045553552 TSecr=2916033774"
"11224","29.698240156","192.168.1.2","192.168.1.55","TCP","66","49954  >  8004 [ACK] Seq=144 Ack=4534 Win=73728 Len=0 TSval=3045553552 TSecr=2916033774"
"11225","29.698303138","192.168.1.55","192.168.1.2","TCP","1514","8004  >  49954 [ACK] Seq=16118 Ack=144 Win=65024 Len=1448 TSval=2916033778 TSecr=3045553552 [TCP segment of a reassembled PDU]"
"11226","29.698306841","192.168.1.55","192.168.1.2","TCP","1514","8004  >  49954 [ACK] Seq=17566 Ack=144 Win=65024 Len=1448 TSval=2916033778 TSecr=3045553552 [TCP segment of a reassembled PDU]"
"11227","29.698308397","192.168.1.55","192.168.1.2","TCP","1514","8004  >  49954 [ACK] Seq=19014 Ack=144 Win=65024 Len=1448 TSval=2916033778 TSecr=3045553552 [TCP segment of a reassembled PDU]"
"11228","29.698311526","192.168.1.55","192.168.1.2","TCP","1514","8004  >  49954 [ACK] Seq=20462 Ack=144 Win=65024 Len=1448 TSval=2916033778 TSecr=3045553552 [TCP segment of a reassembled PDU]"
"11229","29.698313508","192.168.1.55","192.168.1.2","TCP","1514","8004  >  49954 [ACK] Seq=21910 Ack=144 Win=65024 Len=1448 TSval=2916033778 TSecr=3045553552 [TCP segment of a reassembled PDU]"
"11230","29.698315804","192.168.1.55","192.168.1.2","TCP","1514","8004  >  49954 [PSH, ACK] Seq=23358 Ack=144 Win=65024 Len=1448 TSval=2916033778 TSecr=3045553552 [TCP segment of a reassembled PDU]"
"11231","29.698804953","192.168.1.2","192.168.1.55","TCP","66","49954  >  8004 [ACK] Seq=144 Ack=7430 Win=79872 Len=0 TSval=3045553553 TSecr=2916033774"
"11232","29.698846657","192.168.1.2","192.168.1.55","TCP","66","49954  >  8004 [ACK] Seq=144 Ack=13222 Win=84992 Len=0 TSval=3045553553 TSecr=2916033774"
"11233","29.698879138","192.168.1.55","192.168.1.2","TCP","1514","8004  >  49954 [ACK] Seq=24806 Ack=144 Win=65024 Len=1448 TSval=2916033779 TSecr=3045553553 [TCP segment of a reassembled PDU]"
"11234","29.698883453","192.168.1.55","192.168.1.2","TCP","1514","8004  >  49954 [ACK] Seq=26254 Ack=144 Win=65024 Len=1448 TSval=2916033779 TSecr=3045553553 [TCP segment of a reassembled PDU]"
"11235","29.698884916","192.168.1.55","192.168.1.2","TCP","1514","8004  >  49954 [ACK] Seq=27702 Ack=144 Win=65024 Len=1448 TSval=2916033779 TSecr=3045553553 [TCP segment of a reassembled PDU]"
"11236","29.698887157","192.168.1.55","192.168.1.2","TCP","1514","8004  >  49954 [ACK] Seq=29150 Ack=144 Win=65024 Len=1448 TSval=2916033779 TSecr=3045553553 [TCP segment of a reassembled PDU]"
"11237","29.698889398","192.168.1.55","192.168.1.2","TCP","1514","8004  >  49954 [ACK] Seq=30598 Ack=144 Win=65024 Len=1448 TSval=2916033779 TSecr=3045553553 [TCP segment of a reassembled PDU]"
"11238","29.698891342","192.168.1.55","192.168.1.2","TCP","1514","8004  >  49954 [ACK] Seq=32046 Ack=144 Win=65024 Len=1448 TSval=2916033779 TSecr=3045553553 [TCP segment of a reassembled PDU]"
"11239","29.698893176","192.168.1.55","192.168.1.2","TCP","1514","8004  >  49954 [ACK] Seq=33494 Ack=144 Win=65024 Len=1448 TSval=2916033779 TSecr=3045553553 [TCP segment of a reassembled PDU]"
"11240","29.698894490","192.168.1.55","192.168.1.2","TCP","1514","8004  >  49954 [ACK] Seq=34942 Ack=144 Win=65024 Len=1448 TSval=2916033779 TSecr=3045553553 [TCP segment of a reassembled PDU]"
"11241","29.698896064","192.168.1.55","192.168.1.2","TCP","1514","8004  >  49954 [ACK] Seq=36390 Ack=144 Win=65024 Len=1448 TSval=2916033779 TSecr=3045553553 [TCP segment of a reassembled PDU]"
"11242","29.698897713","192.168.1.55","192.168.1.2","TCP","1514","8004  >  49954 [PSH, ACK] Seq=37838 Ack=144 Win=65024 Len=1448 TSval=2916033779 TSecr=3045553553 [TCP segment of a reassembled PDU]"
"11243","29.698912472","192.168.1.55","192.168.1.2","TCP","1514","8004  >  49954 [ACK] Seq=39286 Ack=144 Win=65024 Len=1448 TSval=2916033779 TSecr=3045553553 [TCP segment of a reassembled PDU]"
"11244","29.698916657","192.168.1.55","192.168.1.2","TCP","1514","8004  >  49954 [PSH, ACK] Seq=40734 Ack=144 Win=65024 Len=1448 TSval=2916033779 TSecr=3045553553 [TCP segment of a reassembled PDU]"
"11245","29.703361183","192.168.1.2","192.168.1.55","TCP","66","49954  >  8004 [ACK] Seq=144 Ack=16118 Win=90112 Len=0 TSval=3045553557 TSecr=2916033778"
"11246","29.703413553","192.168.1.55","192.168.1.2","TCP","1514","8004  >  49954 [ACK] Seq=42182 Ack=144 Win=65024 Len=1448 TSval=2916033784 TSecr=3045553557 [TCP segment of a reassembled PDU]"
"11247","29.703420072","192.168.1.55","192.168.1.2","TCP","1514","8004  >  49954 [PSH, ACK] Seq=43630 Ack=144 Win=65024 Len=1448 TSval=2916033784 TSecr=3045553557 [TCP segment of a reassembled PDU]"
"11248","29.703517572","192.168.1.2","192.168.1.55","TCP","66","49954  >  8004 [ACK] Seq=144 Ack=24806 Win=84992 Len=0 TSval=3045553557 TSecr=2916033778"
"11249","29.703552794","192.168.1.55","192.168.1.2","TCP","1514","8004  >  49954 [ACK] Seq=45078 Ack=144 Win=65024 Len=1448 TSval=2916033784 TSecr=3045553557 [TCP segment of a reassembled PDU]"
"11250","29.703556609","192.168.1.55","192.168.1.2","TCP","1514","8004  >  49954 [ACK] Seq=46526 Ack=144 Win=65024 Len=1448 TSval=2916033784 TSecr=3045553557 [TCP segment of a reassembled PDU]"
"11251","29.703558035","192.168.1.55","192.168.1.2","TCP","1514","8004  >  49954 [ACK] Seq=47974 Ack=144 Win=65024 Len=1448 TSval=2916033784 TSecr=3045553557 [TCP segment of a reassembled PDU]"
"11252","29.703559387","192.168.1.55","192.168.1.2","TCP","1514","8004  >  49954 [ACK] Seq=49422 Ack=144 Win=65024 Len=1448 TSval=2916033784 TSecr=3045553557 [TCP segment of a reassembled PDU]"
"11253","29.703560775","192.168.1.55","192.168.1.2","TCP","1514","8004  >  49954 [ACK] Seq=50870 Ack=144 Win=65024 Len=1448 TSval=2916033784 TSecr=3045553557 [TCP segment of a reassembled PDU]"
"11254","29.703562090","192.168.1.55","192.168.1.2","TCP","1514","8004  >  49954 [ACK] Seq=52318 Ack=144 Win=65024 Len=1448 TSval=2916033784 TSecr=3045553557 [TCP segment of a reassembled PDU]"
"11255","29.703563572","192.168.1.55","192.168.1.2","TCP","1514","8004  >  49954 [ACK] Seq=53766 Ack=144 Win=65024 Len=1448 TSval=2916033784 TSecr=3045553557 [TCP segment of a reassembled PDU]"
"11256","29.703564942","192.168.1.55","192.168.1.2","TCP","1514","8004  >  49954 [ACK] Seq=55214 Ack=144 Win=65024 Len=1448 TSval=2916033784 TSecr=3045553557 [TCP segment of a reassembled PDU]"
"11257","29.703566683","192.168.1.55","192.168.1.2","TCP","1514","8004  >  49954 [ACK] Seq=56662 Ack=144 Win=65024 Len=1448 TSval=2916033784 TSecr=3045553557 [TCP segment of a reassembled PDU]"
"11258","29.703568461","192.168.1.55","192.168.1.2","TCP","1514","8004  >  49954 [ACK] Seq=58110 Ack=144 Win=65024 Len=1448 TSval=2916033784 TSecr=3045553557 [TCP segment of a reassembled PDU]"
"11259","29.703570183","192.168.1.55","192.168.1.2","TCP","1514","8004  >  49954 [ACK] Seq=59558 Ack=144 Win=65024 Len=1448 TSval=2916033784 TSecr=3045553557 [TCP segment of a reassembled PDU]"
"11260","29.703571553","192.168.1.55","192.168.1.2","TCP","1514","8004  >  49954 [ACK] Seq=61006 Ack=144 Win=65024 Len=1448 TSval=2916033784 TSecr=3045553557 [TCP segment of a reassembled PDU]"
"11261","29.703573016","192.168.1.55","192.168.1.2","TCP","1514","8004  >  49954 [ACK] Seq=62454 Ack=144 Win=65024 Len=1448 TSval=2916033784 TSecr=3045553557 [TCP segment of a reassembled PDU]"
"11262","29.703574312","192.168.1.55","192.168.1.2","TCP","1514","8004  >  49954 [PSH, ACK] Seq=63902 Ack=144 Win=65024 Len=1448 TSval=2916033784 TSecr=3045553557 [TCP segment of a reassembled PDU]"
"11263","29.703579831","192.168.1.2","192.168.1.55","TCP","66","49954  >  8004 [ACK] Seq=144 Ack=34942 Win=75776 Len=0 TSval=3045553557 TSecr=2916033779"
"11264","29.703606664","192.168.1.55","192.168.1.2","TCP","1514","8004  >  49954 [ACK] Seq=65350 Ack=144 Win=65024 Len=1448 TSval=2916033784 TSecr=3045553557 [TCP segment of a reassembled PDU]"
"11265","29.703608998","192.168.1.55","192.168.1.2","TCP","1514","8004  >  49954 [ACK] Seq=66798 Ack=144 Win=65024 Len=1448 TSval=2916033784 TSecr=3045553557 [TCP segment of a reassembled PDU]"
"11266","29.703610257","192.168.1.55","192.168.1.2","TCP","1514","8004  >  49954 [ACK] Seq=68246 Ack=144 Win=65024 Len=1448 TSval=2916033784 TSecr=3045553557 [TCP segment of a reassembled PDU]"
"11267","29.703611738","192.168.1.55","192.168.1.2","TCP","1514","8004  >  49954 [ACK] Seq=69694 Ack=144 Win=65024 Len=1448 TSval=2916033784 TSecr=3045553557 [TCP segment of a reassembled PDU]"
"11268","29.703613035","192.168.1.55","192.168.1.2","TCP","1514","8004  >  49954 [ACK] Seq=71142 Ack=144 Win=65024 Len=1448 TSval=2916033784 TSecr=3045553557 [TCP segment of a reassembled PDU]"
"11269","29.703616072","192.168.1.55","192.168.1.2","TCP","1514","8004  >  49954 [ACK] Seq=72590 Ack=144 Win=65024 Len=1448 TSval=2916033784 TSecr=3045553557 [TCP segment of a reassembled PDU]"
"11270","29.703617757","192.168.1.55","192.168.1.2","TCP","1514","8004  >  49954 [ACK] Seq=74038 Ack=144 Win=65024 Len=1448 TSval=2916033784 TSecr=3045553557 [TCP segment of a reassembled PDU]"
"11271","29.703619053","192.168.1.55","192.168.1.2","TCP","1514","8004  >  49954 [PSH, ACK] Seq=75486 Ack=144 Win=65024 Len=1448 TSval=2916033784 TSecr=3045553557 [TCP segment of a reassembled PDU]"
"11272","29.703626053","192.168.1.2","192.168.1.55","TCP","66","49954  >  8004 [ACK] Seq=144 Ack=39286 Win=89088 Len=0 TSval=3045553558 TSecr=2916033779"
"11273","29.703633109","192.168.1.2","192.168.1.55","TCP","66","49954  >  8004 [ACK] Seq=144 Ack=42182 Win=89088 Len=0 TSval=3045553558 TSecr=2916033779"
"11274","29.704578221","192.168.1.55","192.168.1.2","TCP","1514","8004  >  49954 [ACK] Seq=76934 Ack=144 Win=65024 Len=1448 TSval=2916033785 TSecr=3045553558 [TCP segment of a reassembled PDU]"
"11275","29.704584444","192.168.1.55","192.168.1.2","TCP","1514","8004  >  49954 [ACK] Seq=78382 Ack=144 Win=65024 Len=1448 TSval=2916033785 TSecr=3045553558 [TCP segment of a reassembled PDU]"
"11276","29.704585962","192.168.1.55","192.168.1.2","TCP","1514","8004  >  49954 [ACK] Seq=79830 Ack=144 Win=65024 Len=1448 TSval=2916033785 TSecr=3045553558 [TCP segment of a reassembled PDU]"
"11277","29.704587259","192.168.1.55","192.168.1.2","TCP","1514","8004  >  49954 [ACK] Seq=81278 Ack=144 Win=65024 Len=1448 TSval=2916033785 TSecr=3045553558 [TCP segment of a reassembled PDU]"
"11278","29.704589036","192.168.1.55","192.168.1.2","TCP","1514","8004  >  49954 [ACK] Seq=82726 Ack=144 Win=65024 Len=1448 TSval=2916033785 TSecr=3045553558 [TCP segment of a reassembled PDU]"
"11279","29.704590721","192.168.1.55","192.168.1.2","TCP","1514","8004  >  49954 [ACK] Seq=84174 Ack=144 Win=65024 Len=1448 TSval=2916033785 TSecr=3045553558 [TCP segment of a reassembled PDU]"
"11280","29.704593518","192.168.1.55","192.168.1.2","TCP","1514","8004  >  49954 [ACK] Seq=85622 Ack=144 Win=65024 Len=1448 TSval=2916033785 TSecr=3045553558 [TCP segment of a reassembled PDU]"
"11281","29.704595610","192.168.1.55","192.168.1.2","TCP","1514","8004  >  49954 [ACK] Seq=87070 Ack=144 Win=65024 Len=1448 TSval=2916033785 TSecr=3045553558 [TCP segment of a reassembled PDU]"
"11282","29.704596888","192.168.1.55","192.168.1.2","TCP","1514","8004  >  49954 [ACK] Seq=88518 Ack=144 Win=65024 Len=1448 TSval=2916033785 TSecr=3045553558 [TCP segment of a reassembled PDU]"
"11283","29.704598481","192.168.1.55","192.168.1.2","TCP","1514","8004  >  49954 [ACK] Seq=89966 Ack=144 Win=65024 Len=1448 TSval=2916033785 TSecr=3045553558 [TCP segment of a reassembled PDU]"
"11284","29.704600018","192.168.1.55","192.168.1.2","TCP","1514","8004  >  49954 [ACK] Seq=91414 Ack=144 Win=65024 Len=1448 TSval=2916033785 TSecr=3045553558 [TCP segment of a reassembled PDU]"
"11285","29.704601425","192.168.1.55","192.168.1.2","TCP","1514","8004  >  49954 [ACK] Seq=92862 Ack=144 Win=65024 Len=1448 TSval=2916033785 TSecr=3045553558 [TCP segment of a reassembled PDU]"
"11286","29.704602777","192.168.1.55","192.168.1.2","TCP","1514","8004  >  49954 [ACK] Seq=94310 Ack=144 Win=65024 Len=1448 TSval=2916033785 TSecr=3045553558 [TCP segment of a reassembled PDU]"
"11287","29.704604407","192.168.1.55","192.168.1.2","TCP","1514","8004  >  49954 [ACK] Seq=95758 Ack=144 Win=65024 Len=1448 TSval=2916033785 TSecr=3045553558 [TCP segment of a reassembled PDU]"
"11288","29.704606592","192.168.1.55","192.168.1.2","TCP","1514","8004  >  49954 [ACK] Seq=97206 Ack=144 Win=65024 Len=1448 TSval=2916033785 TSecr=3045553558 [TCP segment of a reassembled PDU]"
"11289","29.704608518","192.168.1.55","192.168.1.2","TCP","1514","8004  >  49954 [PSH, ACK] Seq=98654 Ack=144 Win=65024 Len=1448 TSval=2916033785 TSecr=3045553558 [TCP segment of a reassembled PDU]"
"11290","29.708852302","192.168.1.2","192.168.1.55","TCP","66","49954  >  8004 [ACK] Seq=144 Ack=45078 Win=88064 Len=0 TSval=3045553563 TSecr=2916033784"
"11291","29.708894136","192.168.1.55","192.168.1.2","TCP","1514","8004  >  49954 [ACK] Seq=100102 Ack=144 Win=65024 Len=1448 TSval=2916033789 TSecr=3045553563 [TCP segment of a reassembled PDU]"
"11292","29.708898210","192.168.1.55","192.168.1.2","TCP","1514","8004  >  49954 [ACK] Seq=101550 Ack=144 Win=65024 Len=1448 TSval=2916033789 TSecr=3045553563 [TCP segment of a reassembled PDU]"
"11293","29.708899932","192.168.1.55","192.168.1.2","TCP","1514","8004  >  49954 [ACK] Seq=102998 Ack=144 Win=65024 Len=1448 TSval=2916033789 TSecr=3045553563 [TCP segment of a reassembled PDU]"
"11294","29.708901247","192.168.1.55","192.168.1.2","TCP","1514","8004  >  49954 [PSH, ACK] Seq=104446 Ack=144 Win=65024 Len=1448 TSval=2916033789 TSecr=3045553563 [TCP segment of a reassembled PDU]"
"11295","29.709169099","192.168.1.2","192.168.1.55","TCP","66","49954  >  8004 [ACK] Seq=144 Ack=65350 Win=73728 Len=0 TSval=3045553563 TSecr=2916033784"
"11296","29.709184210","192.168.1.55","192.168.1.2","TCP","1514","8004  >  49954 [ACK] Seq=105894 Ack=144 Win=65024 Len=1448 TSval=2916033789 TSecr=3045553563 [TCP segment of a reassembled PDU]"
"11297","29.709186358","192.168.1.55","192.168.1.2","TCP","1514","8004  >  49954 [ACK] Seq=107342 Ack=144 Win=65024 Len=1448 TSval=2916033789 TSecr=3045553563 [TCP segment of a reassembled PDU]"
"11298","29.709187506","192.168.1.55","192.168.1.2","TCP","1514","8004  >  49954 [ACK] Seq=108790 Ack=144 Win=65024 Len=1448 TSval=2916033789 TSecr=3045553563 [TCP segment of a reassembled PDU]"
"11299","29.709188636","192.168.1.55","192.168.1.2","TCP","1514","8004  >  49954 [ACK] Seq=110238 Ack=144 Win=65024 Len=1448 TSval=2916033789 TSecr=3045553563 [TCP segment of a reassembled PDU]"
"11300","29.709189710","192.168.1.55","192.168.1.2","TCP","1514","8004  >  49954 [ACK] Seq=111686 Ack=144 Win=65024 Len=1448 TSval=2916033789 TSecr=3045553563 [TCP segment of a reassembled PDU]"
"11301","29.709190932","192.168.1.55","192.168.1.2","TCP","1514","8004  >  49954 [ACK] Seq=113134 Ack=144 Win=65024 Len=1448 TSval=2916033789 TSecr=3045553563 [TCP segment of a reassembled PDU]"
"11302","29.709192155","192.168.1.55","192.168.1.2","TCP","1514","8004  >  49954 [ACK] Seq=114582 Ack=144 Win=65024 Len=1448 TSval=2916033789 TSecr=3045553563 [TCP segment of a reassembled PDU]"
"11303","29.709193247","192.168.1.55","192.168.1.2","TCP","1514","8004  >  49954 [ACK] Seq=116030 Ack=144 Win=65024 Len=1448 TSval=2916033789 TSecr=3045553563 [TCP segment of a reassembled PDU]"
"11304","29.709194340","192.168.1.55","192.168.1.2","TCP","1514","8004  >  49954 [PSH, ACK] Seq=117478 Ack=144 Win=65024 Len=1448 TSval=2916033789 TSecr=3045553563 [TCP segment of a reassembled PDU]"
"11305","29.709199525","192.168.1.2","192.168.1.55","TCP","66","49954  >  8004 [ACK] Seq=144 Ack=76934 Win=62464 Len=0 TSval=3045553563 TSecr=2916033784"
"11306","29.709207321","192.168.1.2","192.168.1.55","TCP","66","49954  >  8004 [ACK] Seq=144 Ack=78382 Win=61440 Len=0 TSval=3045553563 TSecr=2916033785"
"11307","29.709210229","192.168.1.2","192.168.1.55","TCP","66","49954  >  8004 [ACK] Seq=144 Ack=100102 Win=70656 Len=0 TSval=3045553563 TSecr=2916033785"
"11308","29.709274710","192.168.1.55","192.168.1.2","TCP","1514","8004  >  49954 [ACK] Seq=118926 Ack=144 Win=65024 Len=1448 TSval=2916033789 TSecr=3045553563 [TCP segment of a reassembled PDU]"
"11309","29.709278340","192.168.1.55","192.168.1.2","TCP","1514","8004  >  49954 [ACK] Seq=120374 Ack=144 Win=65024 Len=1448 TSval=2916033789 TSecr=3045553563 [TCP segment of a reassembled PDU]"
"11310","29.709279507","192.168.1.55","192.168.1.2","TCP","1514","8004  >  49954 [ACK] Seq=121822 Ack=144 Win=65024 Len=1448 TSval=2916033789 TSecr=3045553563 [TCP segment of a reassembled PDU]"
"11311","29.709280692","192.168.1.55","192.168.1.2","TCP","1514","8004  >  49954 [ACK] Seq=123270 Ack=144 Win=65024 Len=1448 TSval=2916033789 TSecr=3045553563 [TCP segment of a reassembled PDU]"
"11312","29.709281840","192.168.1.55","192.168.1.2","TCP","1514","8004  >  49954 [ACK] Seq=124718 Ack=144 Win=65024 Len=1448 TSval=2916033789 TSecr=3045553563 [TCP segment of a reassembled PDU]"
"11313","29.709282988","192.168.1.55","192.168.1.2","TCP","1514","8004  >  49954 [ACK] Seq=126166 Ack=144 Win=65024 Len=1448 TSval=2916033789 TSecr=3045553563 [TCP segment of a reassembled PDU]"
"11314","29.709284488","192.168.1.55","192.168.1.2","TCP","1514","8004  >  49954 [ACK] Seq=127614 Ack=144 Win=65024 Len=1448 TSval=2916033789 TSecr=3045553563 [TCP segment of a reassembled PDU]"
"11315","29.709286025","192.168.1.55","192.168.1.2","TCP","1514","8004  >  49954 [ACK] Seq=129062 Ack=144 Win=65024 Len=1448 TSval=2916033789 TSecr=3045553563 [TCP segment of a reassembled PDU]"
"11316","29.709287247","192.168.1.55","192.168.1.2","TCP","1514","8004  >  49954 [ACK] Seq=130510 Ack=144 Win=65024 Len=1448 TSval=2916033789 TSecr=3045553563 [TCP segment of a reassembled PDU]"
"11317","29.709288784","192.168.1.55","192.168.1.2","TCP","1514","8004  >  49954 [ACK] Seq=131958 Ack=144 Win=65024 Len=1448 TSval=2916033789 TSecr=3045553563 [TCP segment of a reassembled PDU]"
"11318","29.709289970","192.168.1.55","192.168.1.2","TCP","1514","8004  >  49954 [ACK] Seq=133406 Ack=144 Win=65024 Len=1448 TSval=2916033789 TSecr=3045553563 [TCP segment of a reassembled PDU]"
"11319","29.709296377","192.168.1.55","192.168.1.2","TCP","1514","8004  >  49954 [ACK] Seq=134854 Ack=144 Win=65024 Len=1448 TSval=2916033789 TSecr=3045553563 [TCP segment of a reassembled PDU]"
"11320","29.709297673","192.168.1.55","192.168.1.2","TCP","1514","8004  >  49954 [ACK] Seq=136302 Ack=144 Win=65024 Len=1448 TSval=2916033789 TSecr=3045553563 [TCP segment of a reassembled PDU]"
"11321","29.709298840","192.168.1.55","192.168.1.2","TCP","1514","8004  >  49954 [ACK] Seq=137750 Ack=144 Win=65024 Len=1448 TSval=2916033789 TSecr=3045553563 [TCP segment of a reassembled PDU]"
"11322","29.709300303","192.168.1.55","192.168.1.2","TCP","1514","8004  >  49954 [ACK] Seq=139198 Ack=144 Win=65024 Len=1448 TSval=2916033789 TSecr=3045553563 [TCP segment of a reassembled PDU]"
"11323","29.709301599","192.168.1.55","192.168.1.2","TCP","1514","8004  >  49954 [ACK] Seq=140646 Ack=144 Win=65024 Len=1448 TSval=2916033789 TSecr=3045553563 [TCP segment of a reassembled PDU]"
"11324","29.709302803","192.168.1.55","192.168.1.2","TCP","1514","8004  >  49954 [ACK] Seq=142094 Ack=144 Win=65024 Len=1448 TSval=2916033789 TSecr=3045553563 [TCP segment of a reassembled PDU]"
"11325","29.709303951","192.168.1.55","192.168.1.2","TCP","1514","8004  >  49954 [ACK] Seq=143542 Ack=144 Win=65024 Len=1448 TSval=2916033789 TSecr=3045553563 [TCP segment of a reassembled PDU]"
"11326","29.709305470","192.168.1.55","192.168.1.2","TCP","1514","8004  >  49954 [ACK] Seq=144990 Ack=144 Win=65024 Len=1448 TSval=2916033789 TSecr=3045553563 [TCP segment of a reassembled PDU]"
"11327","29.709306784","192.168.1.55","192.168.1.2","TCP","1514","8004  >  49954 [ACK] Seq=146438 Ack=144 Win=65024 Len=1448 TSval=2916033789 TSecr=3045553563 [TCP segment of a reassembled PDU]"
"11328","29.709307933","192.168.1.55","192.168.1.2","TCP","1514","8004  >  49954 [ACK] Seq=147886 Ack=144 Win=65024 Len=1448 TSval=2916033789 TSecr=3045553563 [TCP segment of a reassembled PDU]"
"11329","29.709309655","192.168.1.55","192.168.1.2","TCP","1514","8004  >  49954 [ACK] Seq=149334 Ack=144 Win=65024 Len=1448 TSval=2916033789 TSecr=3045553563 [TCP segment of a reassembled PDU]"
"11330","29.709311118","192.168.1.55","192.168.1.2","TCP","1514","8004  >  49954 [ACK] Seq=150782 Ack=144 Win=65024 Len=1448 TSval=2916033789 TSecr=3045553563 [TCP segment of a reassembled PDU]"
"11331","29.709312247","192.168.1.55","192.168.1.2","TCP","1514","8004  >  49954 [ACK] Seq=152230 Ack=144 Win=65024 Len=1448 TSval=2916033789 TSecr=3045553563 [TCP segment of a reassembled PDU]"
"11332","29.709313451","192.168.1.55","192.168.1.2","TCP","1514","8004  >  49954 [ACK] Seq=153678 Ack=144 Win=65024 Len=1448 TSval=2916033789 TSecr=3045553563 [TCP segment of a reassembled PDU]"
"11333","29.709314562","192.168.1.55","192.168.1.2","TCP","1514","8004  >  49954 [ACK] Seq=155126 Ack=144 Win=65024 Len=1448 TSval=2916033789 TSecr=3045553563 [TCP segment of a reassembled PDU]"
"11334","29.709315766","192.168.1.55","192.168.1.2","TCP","1514","8004  >  49954 [ACK] Seq=156574 Ack=144 Win=65024 Len=1448 TSval=2916033789 TSecr=3045553563 [TCP segment of a reassembled PDU]"
"11335","29.709317062","192.168.1.55","192.168.1.2","TCP","1514","8004  >  49954 [ACK] Seq=158022 Ack=144 Win=65024 Len=1448 TSval=2916033789 TSecr=3045553563 [TCP segment of a reassembled PDU]"
"11336","29.709318599","192.168.1.55","192.168.1.2","TCP","1514","8004  >  49954 [PSH, ACK] Seq=159470 Ack=144 Win=65024 Len=1448 TSval=2916033789 TSecr=3045553563 [TCP segment of a reassembled PDU]"
"11337","29.709336618","192.168.1.55","192.168.1.2","TCP","1514","8004  >  49954 [ACK] Seq=160918 Ack=144 Win=65024 Len=1448 TSval=2916033789 TSecr=3045553563 [TCP segment of a reassembled PDU]"
"11338","29.709337970","192.168.1.55","192.168.1.2","TCP","1514","8004  >  49954 [ACK] Seq=162366 Ack=144 Win=65024 Len=1448 TSval=2916033789 TSecr=3045553563 [TCP segment of a reassembled PDU]"
"11339","29.709339229","192.168.1.55","192.168.1.2","TCP","1514","8004  >  49954 [ACK] Seq=163814 Ack=144 Win=65024 Len=1448 TSval=2916033789 TSecr=3045553563 [TCP segment of a reassembled PDU]"
"11340","29.709340359","192.168.1.55","192.168.1.2","TCP","1514","8004  >  49954 [ACK] Seq=165262 Ack=144 Win=65024 Len=1448 TSval=2916033789 TSecr=3045553563 [TCP segment of a reassembled PDU]"
"11341","29.709341488","192.168.1.55","192.168.1.2","TCP","1514","8004  >  49954 [ACK] Seq=166710 Ack=144 Win=65024 Len=1448 TSval=2916033789 TSecr=3045553563 [TCP segment of a reassembled PDU]"
"11342","29.709342655","192.168.1.55","192.168.1.2","TCP","1514","8004  >  49954 [ACK] Seq=168158 Ack=144 Win=65024 Len=1448 TSval=2916033789 TSecr=3045553563 [TCP segment of a reassembled PDU]"
"11343","29.709343766","192.168.1.55","192.168.1.2","TCP","1218","[TCP Window Full] 8004  >  49954 [PSH, ACK] Seq=169606 Ack=144 Win=65024 Len=1152 TSval=2916033789 TSecr=3045553563 [TCP segment of a reassembled PDU]"
"11344","29.715046219","192.168.1.2","192.168.1.55","TCP","66","49954  >  8004 [ACK] Seq=144 Ack=105894 Win=86016 Len=0 TSval=3045553569 TSecr=2916033789"
"11345","29.715065627","192.168.1.55","192.168.1.2","TCP","1514","8004  >  49954 [ACK] Seq=170758 Ack=144 Win=65024 Len=1448 TSval=2916033795 TSecr=3045553569 [TCP segment of a reassembled PDU]"
"11346","29.715067793","192.168.1.55","192.168.1.2","TCP","1514","8004  >  49954 [ACK] Seq=172206 Ack=144 Win=65024 Len=1448 TSval=2916033795 TSecr=3045553569 [TCP segment of a reassembled PDU]"
"11347","29.715068905","192.168.1.55","192.168.1.2","TCP","1514","8004  >  49954 [ACK] Seq=173654 Ack=144 Win=65024 Len=1448 TSval=2916033795 TSecr=3045553569 [TCP segment of a reassembled PDU]"
"11348","29.715070127","192.168.1.55","192.168.1.2","TCP","1514","8004  >  49954 [ACK] Seq=175102 Ack=144 Win=65024 Len=1448 TSval=2916033795 TSecr=3045553569 [TCP segment of a reassembled PDU]"
"11349","29.715071219","192.168.1.55","192.168.1.2","TCP","1514","8004  >  49954 [ACK] Seq=176550 Ack=144 Win=65024 Len=1448 TSval=2916033795 TSecr=3045553569 [TCP segment of a reassembled PDU]"
"11350","29.715072331","192.168.1.55","192.168.1.2","TCP","1514","8004  >  49954 [ACK] Seq=177998 Ack=144 Win=65024 Len=1448 TSval=2916033795 TSecr=3045553569 [TCP segment of a reassembled PDU]"
"11351","29.715073645","192.168.1.55","192.168.1.2","TCP","1514","8004  >  49954 [ACK] Seq=179446 Ack=144 Win=65024 Len=1448 TSval=2916033795 TSecr=3045553569 [TCP segment of a reassembled PDU]"
"11352","29.715074831","192.168.1.55","192.168.1.2","TCP","1514","8004  >  49954 [ACK] Seq=180894 Ack=144 Win=65024 Len=1448 TSval=2916033795 TSecr=3045553569 [TCP segment of a reassembled PDU]"
"11353","29.715076016","192.168.1.55","192.168.1.2","TCP","1514","8004  >  49954 [ACK] Seq=182342 Ack=144 Win=65024 Len=1448 TSval=2916033795 TSecr=3045553569 [TCP segment of a reassembled PDU]"
"11354","29.715077127","192.168.1.55","192.168.1.2","TCP","1514","8004  >  49954 [ACK] Seq=183790 Ack=144 Win=65024 Len=1448 TSval=2916033795 TSecr=3045553569 [TCP segment of a reassembled PDU]"
"11355","29.715078312","192.168.1.55","192.168.1.2","TCP","1514","8004  >  49954 [ACK] Seq=185238 Ack=144 Win=65024 Len=1448 TSval=2916033795 TSecr=3045553569 [TCP segment of a reassembled PDU]"
"11356","29.715079479","192.168.1.55","192.168.1.2","TCP","1514","8004  >  49954 [ACK] Seq=186686 Ack=144 Win=65024 Len=1448 TSval=2916033795 TSecr=3045553569 [TCP segment of a reassembled PDU]"
"11357","29.715080719","192.168.1.55","192.168.1.2","TCP","1514","8004  >  49954 [ACK] Seq=188134 Ack=144 Win=65024 Len=1448 TSval=2916033795 TSecr=3045553569 [TCP segment of a reassembled PDU]"
"11358","29.715081923","192.168.1.55","192.168.1.2","TCP","1514","8004  >  49954 [PSH, ACK] Seq=189582 Ack=144 Win=65024 Len=1448 TSval=2916033795 TSecr=3045553569 [TCP segment of a reassembled PDU]"
"11359","29.715712035","192.168.1.2","192.168.1.55","TCP","66","49954  >  8004 [ACK] Seq=144 Ack=118926 Win=97280 Len=0 TSval=3045553569 TSecr=2916033789"
"11360","29.715726943","192.168.1.55","192.168.1.2","TCP","1514","8004  >  49954 [ACK] Seq=191030 Ack=144 Win=65024 Len=1448 TSval=2916033796 TSecr=3045553569 [TCP segment of a reassembled PDU]"
"11361","29.715728517","192.168.1.55","192.168.1.2","TCP","1514","8004  >  49954 [ACK] Seq=192478 Ack=144 Win=65024 Len=1448 TSval=2916033796 TSecr=3045553569 [TCP segment of a reassembled PDU]"
"11362","29.715729720","192.168.1.55","192.168.1.2","TCP","1514","8004  >  49954 [ACK] Seq=193926 Ack=144 Win=65024 Len=1448 TSval=2916033796 TSecr=3045553569 [TCP segment of a reassembled PDU]"
"11363","29.715730813","192.168.1.55","192.168.1.2","TCP","1514","8004  >  49954 [ACK] Seq=195374 Ack=144 Win=65024 Len=1448 TSval=2916033796 TSecr=3045553569 [TCP segment of a reassembled PDU]"
"11364","29.715731906","192.168.1.55","192.168.1.2","TCP","1514","8004  >  49954 [ACK] Seq=196822 Ack=144 Win=65024 Len=1448 TSval=2916033796 TSecr=3045553569 [TCP segment of a reassembled PDU]"
"11365","29.715733146","192.168.1.55","192.168.1.2","TCP","1514","8004  >  49954 [ACK] Seq=198270 Ack=144 Win=65024 Len=1448 TSval=2916033796 TSecr=3045553569 [TCP segment of a reassembled PDU]"
"11366","29.715734257","192.168.1.55","192.168.1.2","TCP","1514","8004  >  49954 [ACK] Seq=199718 Ack=144 Win=65024 Len=1448 TSval=2916033796 TSecr=3045553569 [TCP segment of a reassembled PDU]"
"11367","29.715735424","192.168.1.55","192.168.1.2","TCP","1514","8004  >  49954 [ACK] Seq=201166 Ack=144 Win=65024 Len=1448 TSval=2916033796 TSecr=3045553569 [TCP segment of a reassembled PDU]"
"11368","29.715736517","192.168.1.55","192.168.1.2","TCP","1514","8004  >  49954 [ACK] Seq=202614 Ack=144 Win=65024 Len=1448 TSval=2916033796 TSecr=3045553569 [TCP segment of a reassembled PDU]"
"11369","29.715737609","192.168.1.55","192.168.1.2","TCP","1514","8004  >  49954 [PSH, ACK] Seq=204062 Ack=144 Win=65024 Len=1448 TSval=2916033796 TSecr=3045553569 [TCP segment of a reassembled PDU]"
"11370","29.715742350","192.168.1.55","192.168.1.2","TCP","362","8004  >  49954 [PSH, ACK] Seq=205510 Ack=144 Win=65024 Len=296 TSval=2916033796 TSecr=3045553569 [TCP segment of a reassembled PDU]"
"11371","29.715745554","192.168.1.2","192.168.1.55","TCP","66","49954  >  8004 [ACK] Seq=144 Ack=139198 Win=90112 Len=0 TSval=3045553569 TSecr=2916033789"
"11372","29.715751758","192.168.1.2","192.168.1.55","TCP","66","49954  >  8004 [ACK] Seq=144 Ack=160918 Win=101376 Len=0 TSval=3045553569 TSecr=2916033789"
"11373","29.715781406","192.168.1.55","192.168.1.2","TCP","1514","8004  >  49954 [ACK] Seq=205806 Ack=144 Win=65024 Len=1448 TSval=2916033796 TSecr=3045553569 [TCP segment of a reassembled PDU]"
"11374","29.715782869","192.168.1.55","192.168.1.2","TCP","1514","8004  >  49954 [ACK] Seq=207254 Ack=144 Win=65024 Len=1448 TSval=2916033796 TSecr=3045553569 [TCP segment of a reassembled PDU]"
"11375","29.715784054","192.168.1.55","192.168.1.2","TCP","1514","8004  >  49954 [ACK] Seq=208702 Ack=144 Win=65024 Len=1448 TSval=2916033796 TSecr=3045553569 [TCP segment of a reassembled PDU]"
"11376","29.715785313","192.168.1.55","192.168.1.2","TCP","1514","8004  >  49954 [ACK] Seq=210150 Ack=144 Win=65024 Len=1448 TSval=2916033796 TSecr=3045553569 [TCP segment of a reassembled PDU]"
"11377","29.715786591","192.168.1.55","192.168.1.2","TCP","1514","8004  >  49954 [ACK] Seq=211598 Ack=144 Win=65024 Len=1448 TSval=2916033796 TSecr=3045553569 [TCP segment of a reassembled PDU]"
"11378","29.715787795","192.168.1.55","192.168.1.2","TCP","1514","8004  >  49954 [ACK] Seq=213046 Ack=144 Win=65024 Len=1448 TSval=2916033796 TSecr=3045553569 [TCP segment of a reassembled PDU]"
"11379","29.715789017","192.168.1.55","192.168.1.2","TCP","1514","8004  >  49954 [ACK] Seq=214494 Ack=144 Win=65024 Len=1448 TSval=2916033796 TSecr=3045553569 [TCP segment of a reassembled PDU]"
"11380","29.715790295","192.168.1.55","192.168.1.2","TCP","1514","8004  >  49954 [ACK] Seq=215942 Ack=144 Win=65024 Len=1448 TSval=2916033796 TSecr=3045553569 [TCP segment of a reassembled PDU]"
"11381","29.715791424","192.168.1.55","192.168.1.2","TCP","1514","8004  >  49954 [ACK] Seq=217390 Ack=144 Win=65024 Len=1448 TSval=2916033796 TSecr=3045553569 [TCP segment of a reassembled PDU]"
"11382","29.715792554","192.168.1.55","192.168.1.2","TCP","1514","8004  >  49954 [ACK] Seq=218838 Ack=144 Win=65024 Len=1448 TSval=2916033796 TSecr=3045553569 [TCP segment of a reassembled PDU]"
"11383","29.715793702","192.168.1.55","192.168.1.2","TCP","1514","8004  >  49954 [ACK] Seq=220286 Ack=144 Win=65024 Len=1448 TSval=2916033796 TSecr=3045553569 [TCP segment of a reassembled PDU]"
"11384","29.715794980","192.168.1.55","192.168.1.2","TCP","1514","8004  >  49954 [ACK] Seq=221734 Ack=144 Win=65024 Len=1448 TSval=2916033796 TSecr=3045553569 [TCP segment of a reassembled PDU]"
"11385","29.715796202","192.168.1.55","192.168.1.2","TCP","1514","8004  >  49954 [ACK] Seq=223182 Ack=144 Win=65024 Len=1448 TSval=2916033796 TSecr=3045553569 [TCP segment of a reassembled PDU]"
"11386","29.715797387","192.168.1.55","192.168.1.2","TCP","1514","8004  >  49954 [ACK] Seq=224630 Ack=144 Win=65024 Len=1448 TSval=2916033796 TSecr=3045553569 [TCP segment of a reassembled PDU]"
"11387","29.715798572","192.168.1.55","192.168.1.2","TCP","1514","8004  >  49954 [ACK] Seq=226078 Ack=144 Win=65024 Len=1448 TSval=2916033796 TSecr=3045553569 [TCP segment of a reassembled PDU]"
"11388","29.715799702","192.168.1.55","192.168.1.2","TCP","1514","8004  >  49954 [ACK] Seq=227526 Ack=144 Win=65024 Len=1448 TSval=2916033796 TSecr=3045553569 [TCP segment of a reassembled PDU]"
"11389","29.715800776","192.168.1.55","192.168.1.2","TCP","1514","8004  >  49954 [ACK] Seq=228974 Ack=144 Win=65024 Len=1448 TSval=2916033796 TSecr=3045553569 [TCP segment of a reassembled PDU]"
"11390","29.715802017","192.168.1.55","192.168.1.2","TCP","1514","8004  >  49954 [ACK] Seq=230422 Ack=144 Win=65024 Len=1448 TSval=2916033796 TSecr=3045553569 [TCP segment of a reassembled PDU]"
"11391","29.715803424","192.168.1.55","192.168.1.2","TCP","1514","8004  >  49954 [ACK] Seq=231870 Ack=144 Win=65024 Len=1448 TSval=2916033796 TSecr=3045553569 [TCP segment of a reassembled PDU]"
"11392","29.715804702","192.168.1.55","192.168.1.2","TCP","1514","8004  >  49954 [ACK] Seq=233318 Ack=144 Win=65024 Len=1448 TSval=2916033796 TSecr=3045553569 [TCP segment of a reassembled PDU]"
"11393","29.715805924","192.168.1.55","192.168.1.2","TCP","1514","8004  >  49954 [ACK] Seq=234766 Ack=144 Win=65024 Len=1448 TSval=2916033796 TSecr=3045553569 [TCP segment of a reassembled PDU]"
"11394","29.715807387","192.168.1.55","192.168.1.2","TCP","1514","8004  >  49954 [ACK] Seq=236214 Ack=144 Win=65024 Len=1448 TSval=2916033796 TSecr=3045553569 [TCP segment of a reassembled PDU]"
"11395","29.715812869","192.168.1.55","192.168.1.2","TCP","1514","8004  >  49954 [ACK] Seq=237662 Ack=144 Win=65024 Len=1448 TSval=2916033796 TSecr=3045553569 [TCP segment of a reassembled PDU]"
"11396","29.715814295","192.168.1.55","192.168.1.2","TCP","1514","8004  >  49954 [ACK] Seq=239110 Ack=144 Win=65024 Len=1448 TSval=2916033796 TSecr=3045553569 [TCP segment of a reassembled PDU]"
"11397","29.715815591","192.168.1.55","192.168.1.2","TCP","1514","8004  >  49954 [ACK] Seq=240558 Ack=144 Win=65024 Len=1448 TSval=2916033796 TSecr=3045553569 [TCP segment of a reassembled PDU]"
"11398","29.715816684","192.168.1.55","192.168.1.2","TCP","1514","8004  >  49954 [ACK] Seq=242006 Ack=144 Win=65024 Len=1448 TSval=2916033796 TSecr=3045553569 [TCP segment of a reassembled PDU]"
"11399","29.715817887","192.168.1.55","192.168.1.2","TCP","1514","8004  >  49954 [ACK] Seq=243454 Ack=144 Win=65024 Len=1448 TSval=2916033796 TSecr=3045553569 [TCP segment of a reassembled PDU]"
"11400","29.715819387","192.168.1.55","192.168.1.2","TCP","1514","8004  >  49954 [ACK] Seq=244902 Ack=144 Win=65024 Len=1448 TSval=2916033796 TSecr=3045553569 [TCP segment of a reassembled PDU]"
"11401","29.715820535","192.168.1.55","192.168.1.2","TCP","1514","8004  >  49954 [ACK] Seq=246350 Ack=144 Win=65024 Len=1448 TSval=2916033796 TSecr=3045553569 [TCP segment of a reassembled PDU]"
"11402","29.715822109","192.168.1.55","192.168.1.2","TCP","1514","8004  >  49954 [ACK] Seq=247798 Ack=144 Win=65024 Len=1448 TSval=2916033796 TSecr=3045553569 [TCP segment of a reassembled PDU]"
"11403","29.715823239","192.168.1.55","192.168.1.2","TCP","1514","8004  >  49954 [PSH, ACK] Seq=249246 Ack=144 Win=65024 Len=1448 TSval=2916033796 TSecr=3045553569 [TCP segment of a reassembled PDU]"
"11404","29.715872406","192.168.1.2","192.168.1.55","TCP","66","49954  >  8004 [ACK] Seq=144 Ack=163814 Win=99328 Len=0 TSval=3045553569 TSecr=2916033789"
"11405","29.715878110","192.168.1.2","192.168.1.55","TCP","66","49954  >  8004 [ACK] Seq=144 Ack=170758 Win=113664 Len=0 TSval=3045553570 TSecr=2916033789"
"11406","29.715912406","192.168.1.55","192.168.1.2","TCP","1514","8004  >  49954 [ACK] Seq=250694 Ack=144 Win=65024 Len=1448 TSval=2916033796 TSecr=3045553570 [TCP segment of a reassembled PDU]"
"11407","29.715914110","192.168.1.55","192.168.1.2","TCP","1514","8004  >  49954 [ACK] Seq=252142 Ack=144 Win=65024 Len=1448 TSval=2916033796 TSecr=3045553570 [TCP segment of a reassembled PDU]"
"11408","29.715915221","192.168.1.55","192.168.1.2","TCP","1514","8004  >  49954 [ACK] Seq=253590 Ack=144 Win=65024 Len=1448 TSval=2916033796 TSecr=3045553570 [TCP segment of a reassembled PDU]"
"11409","29.715916424","192.168.1.55","192.168.1.2","TCP","1514","8004  >  49954 [ACK] Seq=255038 Ack=144 Win=65024 Len=1448 TSval=2916033796 TSecr=3045553570 [TCP segment of a reassembled PDU]"
"11410","29.715917536","192.168.1.55","192.168.1.2","TCP","1514","8004  >  49954 [ACK] Seq=256486 Ack=144 Win=65024 Len=1448 TSval=2916033796 TSecr=3045553570 [TCP segment of a reassembled PDU]"
"11411","29.715918665","192.168.1.55","192.168.1.2","TCP","1514","8004  >  49954 [ACK] Seq=257934 Ack=144 Win=65024 Len=1448 TSval=2916033796 TSecr=3045553570 [TCP segment of a reassembled PDU]"
"11412","29.715919850","192.168.1.55","192.168.1.2","TCP","1514","8004  >  49954 [ACK] Seq=259382 Ack=144 Win=65024 Len=1448 TSval=2916033796 TSecr=3045553570 [TCP segment of a reassembled PDU]"
"11413","29.715920924","192.168.1.55","192.168.1.2","TCP","1514","8004  >  49954 [ACK] Seq=260830 Ack=144 Win=65024 Len=1448 TSval=2916033796 TSecr=3045553570 [TCP segment of a reassembled PDU]"
"11414","29.715922128","192.168.1.55","192.168.1.2","TCP","1514","8004  >  49954 [ACK] Seq=262278 Ack=144 Win=65024 Len=1448 TSval=2916033796 TSecr=3045553570 [TCP segment of a reassembled PDU]"
"11415","29.715923258","192.168.1.55","192.168.1.2","TCP","1514","8004  >  49954 [ACK] Seq=263726 Ack=144 Win=65024 Len=1448 TSval=2916033796 TSecr=3045553570 [TCP segment of a reassembled PDU]"
"11416","29.715924536","192.168.1.55","192.168.1.2","TCP","1514","8004  >  49954 [ACK] Seq=265174 Ack=144 Win=65024 Len=1448 TSval=2916033796 TSecr=3045553570 [TCP segment of a reassembled PDU]"
"11417","29.715925813","192.168.1.55","192.168.1.2","TCP","1514","8004  >  49954 [ACK] Seq=266622 Ack=144 Win=65024 Len=1448 TSval=2916033796 TSecr=3045553570 [TCP segment of a reassembled PDU]"
"11418","29.715926906","192.168.1.55","192.168.1.2","TCP","1514","8004  >  49954 [ACK] Seq=268070 Ack=144 Win=65024 Len=1448 TSval=2916033796 TSecr=3045553570 [TCP segment of a reassembled PDU]"
"11419","29.715928295","192.168.1.55","192.168.1.2","TCP","1514","8004  >  49954 [ACK] Seq=269518 Ack=144 Win=65024 Len=1448 TSval=2916033796 TSecr=3045553570 [TCP segment of a reassembled PDU]"
"11420","29.715929406","192.168.1.55","192.168.1.2","TCP","1514","8004  >  49954 [ACK] Seq=270966 Ack=144 Win=65024 Len=1448 TSval=2916033796 TSecr=3045553570 [TCP segment of a reassembled PDU]"
"11421","29.715930554","192.168.1.55","192.168.1.2","TCP","1514","8004  >  49954 [ACK] Seq=272414 Ack=144 Win=65024 Len=1448 TSval=2916033796 TSecr=3045553570 [TCP segment of a reassembled PDU]"
"11422","29.715931813","192.168.1.55","192.168.1.2","TCP","1514","8004  >  49954 [ACK] Seq=273862 Ack=144 Win=65024 Len=1448 TSval=2916033796 TSecr=3045553570 [TCP segment of a reassembled PDU]"
"11423","29.715933054","192.168.1.55","192.168.1.2","TCP","1514","8004  >  49954 [ACK] Seq=275310 Ack=144 Win=65024 Len=1448 TSval=2916033796 TSecr=3045553570 [TCP segment of a reassembled PDU]"
"11424","29.715934462","192.168.1.55","192.168.1.2","TCP","1514","8004  >  49954 [ACK] Seq=276758 Ack=144 Win=65024 Len=1448 TSval=2916033796 TSecr=3045553570 [TCP segment of a reassembled PDU]"
"11425","29.715935850","192.168.1.55","192.168.1.2","TCP","1514","8004  >  49954 [ACK] Seq=278206 Ack=144 Win=65024 Len=1448 TSval=2916033796 TSecr=3045553570 [TCP segment of a reassembled PDU]"
"11426","29.715937073","192.168.1.55","192.168.1.2","TCP","1514","8004  >  49954 [ACK] Seq=279654 Ack=144 Win=65024 Len=1448 TSval=2916033796 TSecr=3045553570 [TCP segment of a reassembled PDU]"
"11427","29.715938387","192.168.1.55","192.168.1.2","TCP","1514","8004  >  49954 [ACK] Seq=281102 Ack=144 Win=65024 Len=1448 TSval=2916033796 TSecr=3045553570 [TCP segment of a reassembled PDU]"
"11428","29.715939517","192.168.1.55","192.168.1.2","TCP","1514","8004  >  49954 [PSH, ACK] Seq=282550 Ack=144 Win=65024 Len=1448 TSval=2916033796 TSecr=3045553570 [TCP segment of a reassembled PDU]"
"11429","29.723742548","192.168.1.2","192.168.1.55","TCP","66","49954  >  8004 [ACK] Seq=144 Ack=191030 Win=101376 Len=0 TSval=3045553577 TSecr=2916033795"
"11430","29.723766363","192.168.1.55","192.168.1.2","TCP","1514","8004  >  49954 [ACK] Seq=283998 Ack=144 Win=65024 Len=1448 TSval=2916033804 TSecr=3045553577 [TCP segment of a reassembled PDU]"
"11431","29.723769715","192.168.1.55","192.168.1.2","TCP","1514","8004  >  49954 [ACK] Seq=285446 Ack=144 Win=65024 Len=1448 TSval=2916033804 TSecr=3045553577 [TCP segment of a reassembled PDU]"
"11432","29.723771029","192.168.1.55","192.168.1.2","TCP","1514","8004  >  49954 [ACK] Seq=286894 Ack=144 Win=65024 Len=1448 TSval=2916033804 TSecr=3045553577 [TCP segment of a reassembled PDU]"
"11433","29.723772437","192.168.1.55","192.168.1.2","TCP","1514","8004  >  49954 [ACK] Seq=288342 Ack=144 Win=65024 Len=1448 TSval=2916033804 TSecr=3045553577 [TCP segment of a reassembled PDU]"
"11434","29.723773715","192.168.1.55","192.168.1.2","TCP","1514","8004  >  49954 [PSH, ACK] Seq=289790 Ack=144 Win=65024 Len=1448 TSval=2916033804 TSecr=3045553577 [TCP segment of a reassembled PDU]"
"11435","29.724093956","192.168.1.2","192.168.1.55","TCP","66","49954  >  8004 [ACK] Seq=144 Ack=205510 Win=87040 Len=0 TSval=3045553577 TSecr=2916033796"
"11436","29.724102530","192.168.1.2","192.168.1.55","TCP","66","49954  >  8004 [ACK] Seq=144 Ack=282550 Win=13312 Len=0 TSval=3045553578 TSecr=2916033796"
"11437","29.724113697","192.168.1.55","192.168.1.2","TCP","1514","8004  >  49954 [ACK] Seq=291238 Ack=144 Win=65024 Len=1448 TSval=2916033804 TSecr=3045553578 [TCP segment of a reassembled PDU]"
"11438","29.724115863","192.168.1.55","192.168.1.2","TCP","1514","8004  >  49954 [ACK] Seq=292686 Ack=144 Win=65024 Len=1448 TSval=2916033804 TSecr=3045553578 [TCP segment of a reassembled PDU]"
"11439","29.724117252","192.168.1.55","192.168.1.2","TCP","1514","8004  >  49954 [PSH, ACK] Seq=294134 Ack=144 Win=65024 Len=1448 TSval=2916033804 TSecr=3045553578 [TCP segment of a reassembled PDU]"
"11440","29.724121863","192.168.1.2","192.168.1.55","TCP","66","[TCP Window Update] 49954  >  8004 [ACK] Seq=144 Ack=282550 Win=33792 Len=0 TSval=3045553578 TSecr=2916033796"
"11441","29.724140308","192.168.1.55","192.168.1.2","TCP","1514","8004  >  49954 [ACK] Seq=295582 Ack=144 Win=65024 Len=1448 TSval=2916033804 TSecr=3045553578 [TCP segment of a reassembled PDU]"
"11442","29.724142048","192.168.1.55","192.168.1.2","TCP","1514","8004  >  49954 [ACK] Seq=297030 Ack=144 Win=65024 Len=1448 TSval=2916033804 TSecr=3045553578 [TCP segment of a reassembled PDU]"
"11443","29.724143548","192.168.1.55","192.168.1.2","TCP","1514","8004  >  49954 [ACK] Seq=298478 Ack=144 Win=65024 Len=1448 TSval=2916033804 TSecr=3045553578 [TCP segment of a reassembled PDU]"
"11444","29.724144900","192.168.1.55","192.168.1.2","TCP","1514","8004  >  49954 [ACK] Seq=299926 Ack=144 Win=65024 Len=1448 TSval=2916033804 TSecr=3045553578 [TCP segment of a reassembled PDU]"
"11445","29.724146160","192.168.1.55","192.168.1.2","TCP","1514","8004  >  49954 [ACK] Seq=301374 Ack=144 Win=65024 Len=1448 TSval=2916033804 TSecr=3045553578 [TCP segment of a reassembled PDU]"
"11446","29.724147530","192.168.1.55","192.168.1.2","TCP","1514","8004  >  49954 [ACK] Seq=302822 Ack=144 Win=65024 Len=1448 TSval=2916033804 TSecr=3045553578 [TCP segment of a reassembled PDU]"
"11447","29.724148993","192.168.1.55","192.168.1.2","TCP","1514","8004  >  49954 [ACK] Seq=304270 Ack=144 Win=65024 Len=1448 TSval=2916033804 TSecr=3045553578 [TCP segment of a reassembled PDU]"
"11448","29.724150271","192.168.1.55","192.168.1.2","TCP","1514","8004  >  49954 [ACK] Seq=305718 Ack=144 Win=65024 Len=1448 TSval=2916033804 TSecr=3045553578 [TCP segment of a reassembled PDU]"
"11449","29.724151567","192.168.1.55","192.168.1.2","TCP","1514","8004  >  49954 [ACK] Seq=307166 Ack=144 Win=65024 Len=1448 TSval=2916033804 TSecr=3045553578 [TCP segment of a reassembled PDU]"
"11450","29.724152919","192.168.1.55","192.168.1.2","TCP","1514","8004  >  49954 [ACK] Seq=308614 Ack=144 Win=65024 Len=1448 TSval=2916033804 TSecr=3045553578 [TCP segment of a reassembled PDU]"
"11451","29.724154308","192.168.1.55","192.168.1.2","TCP","1514","8004  >  49954 [ACK] Seq=310062 Ack=144 Win=65024 Len=1448 TSval=2916033804 TSecr=3045553578 [TCP segment of a reassembled PDU]"
"11452","29.724155586","192.168.1.55","192.168.1.2","TCP","1514","8004  >  49954 [ACK] Seq=311510 Ack=144 Win=65024 Len=1448 TSval=2916033804 TSecr=3045553578 [TCP segment of a reassembled PDU]"
"11453","29.724157030","192.168.1.55","192.168.1.2","TCP","1514","8004  >  49954 [ACK] Seq=312958 Ack=144 Win=65024 Len=1448 TSval=2916033804 TSecr=3045553578 [TCP segment of a reassembled PDU]"
"11454","29.724158382","192.168.1.55","192.168.1.2","TCP","1514","8004  >  49954 [ACK] Seq=314406 Ack=144 Win=65024 Len=1448 TSval=2916033804 TSecr=3045553578 [TCP segment of a reassembled PDU]"
"11455","29.724159734","192.168.1.55","192.168.1.2","TCP","554","[TCP Window Full] 8004  >  49954 [PSH, ACK] Seq=315854 Ack=144 Win=65024 Len=488 TSval=2916033804 TSecr=3045553578 [TCP segment of a reassembled PDU]"
"11456","29.724213919","192.168.1.2","192.168.1.55","TCP","66","[TCP Window Update] 49954  >  8004 [ACK] Seq=144 Ack=282550 Win=92160 Len=0 TSval=3045553578 TSecr=2916033796"
"11457","29.724237641","192.168.1.55","192.168.1.2","TCP","1514","8004  >  49954 [ACK] Seq=316342 Ack=144 Win=65024 Len=1448 TSval=2916033804 TSecr=3045553578 [TCP segment of a reassembled PDU]"
"11458","29.724239475","192.168.1.55","192.168.1.2","TCP","1514","8004  >  49954 [ACK] Seq=317790 Ack=144 Win=65024 Len=1448 TSval=2916033804 TSecr=3045553578 [TCP segment of a reassembled PDU]"
"11459","29.724240771","192.168.1.55","192.168.1.2","TCP","1514","8004  >  49954 [ACK] Seq=319238 Ack=144 Win=65024 Len=1448 TSval=2916033804 TSecr=3045553578 [TCP segment of a reassembled PDU]"
"11460","29.724242215","192.168.1.55","192.168.1.2","TCP","1514","8004  >  49954 [ACK] Seq=320686 Ack=144 Win=65024 Len=1448 TSval=2916033804 TSecr=3045553578 [TCP segment of a reassembled PDU]"
"11461","29.724243623","192.168.1.55","192.168.1.2","TCP","1514","8004  >  49954 [ACK] Seq=322134 Ack=144 Win=65024 Len=1448 TSval=2916033804 TSecr=3045553578 [TCP segment of a reassembled PDU]"
"11462","29.724245049","192.168.1.55","192.168.1.2","TCP","1514","8004  >  49954 [ACK] Seq=323582 Ack=144 Win=65024 Len=1448 TSval=2916033804 TSecr=3045553578 [TCP segment of a reassembled PDU]"
"11463","29.724246549","192.168.1.55","192.168.1.2","TCP","1514","8004  >  49954 [ACK] Seq=325030 Ack=144 Win=65024 Len=1448 TSval=2916033804 TSecr=3045553578 [TCP segment of a reassembled PDU]"
"11464","29.724247993","192.168.1.55","192.168.1.2","TCP","1514","8004  >  49954 [ACK] Seq=326478 Ack=144 Win=65024 Len=1448 TSval=2916033804 TSecr=3045553578 [TCP segment of a reassembled PDU]"
"11465","29.724249419","192.168.1.55","192.168.1.2","TCP","1514","8004  >  49954 [ACK] Seq=327926 Ack=144 Win=65024 Len=1448 TSval=2916033804 TSecr=3045553578 [TCP segment of a reassembled PDU]"
"11466","29.724250826","192.168.1.55","192.168.1.2","TCP","1514","8004  >  49954 [ACK] Seq=329374 Ack=144 Win=65024 Len=1448 TSval=2916033804 TSecr=3045553578 [TCP segment of a reassembled PDU]"
"11467","29.724252456","192.168.1.55","192.168.1.2","TCP","1514","8004  >  49954 [ACK] Seq=330822 Ack=144 Win=65024 Len=1448 TSval=2916033804 TSecr=3045553578 [TCP segment of a reassembled PDU]"
"11468","29.724253863","192.168.1.55","192.168.1.2","TCP","1514","8004  >  49954 [ACK] Seq=332270 Ack=144 Win=65024 Len=1448 TSval=2916033804 TSecr=3045553578 [TCP segment of a reassembled PDU]"
"11469","29.724255326","192.168.1.55","192.168.1.2","TCP","1514","8004  >  49954 [ACK] Seq=333718 Ack=144 Win=65024 Len=1448 TSval=2916033804 TSecr=3045553578 [TCP segment of a reassembled PDU]"
"11470","29.724256623","192.168.1.55","192.168.1.2","TCP","1514","8004  >  49954 [ACK] Seq=335166 Ack=144 Win=65024 Len=1448 TSval=2916033804 TSecr=3045553578 [TCP segment of a reassembled PDU]"
"11471","29.724257993","192.168.1.55","192.168.1.2","TCP","1514","8004  >  49954 [ACK] Seq=336614 Ack=144 Win=65024 Len=1448 TSval=2916033804 TSecr=3045553578 [TCP segment of a reassembled PDU]"
"11472","29.724259400","192.168.1.55","192.168.1.2","TCP","1514","8004  >  49954 [PSH, ACK] Seq=338062 Ack=144 Win=65024 Len=1448 TSval=2916033804 TSecr=3045553578 [TCP segment of a reassembled PDU]"
"11473","29.724265938","192.168.1.55","192.168.1.2","TCP","1026","8004  >  49954 [PSH, ACK] Seq=339510 Ack=144 Win=65024 Len=960 TSval=2916033804 TSecr=3045553578 [TCP segment of a reassembled PDU]"
"11474","29.724290845","192.168.1.55","192.168.1.2","TCP","1514","8004  >  49954 [ACK] Seq=340470 Ack=144 Win=65024 Len=1448 TSval=2916033804 TSecr=3045553578 [TCP segment of a reassembled PDU]"
"11475","29.724298289","192.168.1.55","192.168.1.2","TCP","1514","8004  >  49954 [ACK] Seq=341918 Ack=144 Win=65024 Len=1448 TSval=2916033804 TSecr=3045553578 [TCP segment of a reassembled PDU]"
"11476","29.724299697","192.168.1.55","192.168.1.2","TCP","1514","8004  >  49954 [ACK] Seq=343366 Ack=144 Win=65024 Len=1448 TSval=2916033804 TSecr=3045553578 [TCP segment of a reassembled PDU]"
"11477","29.724301049","192.168.1.55","192.168.1.2","TCP","1514","8004  >  49954 [ACK] Seq=344814 Ack=144 Win=65024 Len=1448 TSval=2916033804 TSecr=3045553578 [TCP segment of a reassembled PDU]"
"11478","29.724302326","192.168.1.55","192.168.1.2","TCP","1514","8004  >  49954 [ACK] Seq=346262 Ack=144 Win=65024 Len=1448 TSval=2916033804 TSecr=3045553578 [TCP segment of a reassembled PDU]"
"11479","29.724303623","192.168.1.55","192.168.1.2","TCP","1514","8004  >  49954 [ACK] Seq=347710 Ack=144 Win=65024 Len=1448 TSval=2916033804 TSecr=3045553578 [TCP segment of a reassembled PDU]"
"11480","29.724304938","192.168.1.55","192.168.1.2","TCP","1514","8004  >  49954 [ACK] Seq=349158 Ack=144 Win=65024 Len=1448 TSval=2916033804 TSecr=3045553578 [TCP segment of a reassembled PDU]"
"11481","29.724306456","192.168.1.55","192.168.1.2","TCP","1514","8004  >  49954 [ACK] Seq=350606 Ack=144 Win=65024 Len=1448 TSval=2916033804 TSecr=3045553578 [TCP segment of a reassembled PDU]"
"11482","29.724307808","192.168.1.55","192.168.1.2","TCP","1514","8004  >  49954 [ACK] Seq=352054 Ack=144 Win=65024 Len=1448 TSval=2916033804 TSecr=3045553578 [TCP segment of a reassembled PDU]"
"11483","29.724309123","192.168.1.55","192.168.1.2","TCP","1514","8004  >  49954 [ACK] Seq=353502 Ack=144 Win=65024 Len=1448 TSval=2916033804 TSecr=3045553578 [TCP segment of a reassembled PDU]"
"11484","29.724310956","192.168.1.55","192.168.1.2","TCP","1514","8004  >  49954 [ACK] Seq=354950 Ack=144 Win=65024 Len=1448 TSval=2916033804 TSecr=3045553578 [TCP segment of a reassembled PDU]"
"11485","29.724312308","192.168.1.55","192.168.1.2","TCP","1514","8004  >  49954 [ACK] Seq=356398 Ack=144 Win=65024 Len=1448 TSval=2916033804 TSecr=3045553578 [TCP segment of a reassembled PDU]"
"11486","29.724313752","192.168.1.55","192.168.1.2","TCP","1514","8004  >  49954 [ACK] Seq=357846 Ack=144 Win=65024 Len=1448 TSval=2916033804 TSecr=3045553578 [TCP segment of a reassembled PDU]"
"11487","29.724315104","192.168.1.55","192.168.1.2","TCP","1514","8004  >  49954 [ACK] Seq=359294 Ack=144 Win=65024 Len=1448 TSval=2916033804 TSecr=3045553578 [TCP segment of a reassembled PDU]"
"11488","29.724316567","192.168.1.55","192.168.1.2","TCP","1514","8004  >  49954 [ACK] Seq=360742 Ack=144 Win=65024 Len=1448 TSval=2916033804 TSecr=3045553578 [TCP segment of a reassembled PDU]"
"11489","29.724317956","192.168.1.55","192.168.1.2","TCP","1514","8004  >  49954 [ACK] Seq=362190 Ack=144 Win=65024 Len=1448 TSval=2916033804 TSecr=3045553578 [TCP segment of a reassembled PDU]"
"11490","29.724319289","192.168.1.55","192.168.1.2","TCP","1514","8004  >  49954 [ACK] Seq=363638 Ack=144 Win=65024 Len=1448 TSval=2916033804 TSecr=3045553578 [TCP segment of a reassembled PDU]"
"11491","29.724320697","192.168.1.55","192.168.1.2","TCP","1514","8004  >  49954 [ACK] Seq=365086 Ack=144 Win=65024 Len=1448 TSval=2916033804 TSecr=3045553578 [TCP segment of a reassembled PDU]"
"11492","29.724321975","192.168.1.55","192.168.1.2","TCP","1514","8004  >  49954 [ACK] Seq=366534 Ack=144 Win=65024 Len=1448 TSval=2916033804 TSecr=3045553578 [TCP segment of a reassembled PDU]"
"11493","29.724323271","192.168.1.55","192.168.1.2","TCP","1514","8004  >  49954 [ACK] Seq=367982 Ack=144 Win=65024 Len=1448 TSval=2916033804 TSecr=3045553578 [TCP segment of a reassembled PDU]"
"11494","29.724324678","192.168.1.55","192.168.1.2","TCP","1514","8004  >  49954 [ACK] Seq=369430 Ack=144 Win=65024 Len=1448 TSval=2916033804 TSecr=3045553578 [TCP segment of a reassembled PDU]"
"11495","29.724325938","192.168.1.55","192.168.1.2","TCP","1514","8004  >  49954 [ACK] Seq=370878 Ack=144 Win=65024 Len=1448 TSval=2916033804 TSecr=3045553578 [TCP segment of a reassembled PDU]"
"11496","29.724327308","192.168.1.55","192.168.1.2","TCP","1514","8004  >  49954 [PSH, ACK] Seq=372326 Ack=144 Win=65024 Len=1448 TSval=2916033804 TSecr=3045553578 [TCP segment of a reassembled PDU]"
"11497","29.724335512","192.168.1.2","192.168.1.55","TCP","66","49954  >  8004 [ACK] Seq=144 Ack=283998 Win=115712 Len=0 TSval=3045553578 TSecr=2916033796"
"11498","29.724352715","192.168.1.55","192.168.1.2","TCP","1514","8004  >  49954 [ACK] Seq=373774 Ack=144 Win=65024 Len=1448 TSval=2916033805 TSecr=3045553578 [TCP segment of a reassembled PDU]"
"11499","29.724354604","192.168.1.55","192.168.1.2","TCP","1514","8004  >  49954 [ACK] Seq=375222 Ack=144 Win=65024 Len=1448 TSval=2916033805 TSecr=3045553578 [TCP segment of a reassembled PDU]"
"11500","29.724355975","192.168.1.55","192.168.1.2","TCP","1514","8004  >  49954 [ACK] Seq=376670 Ack=144 Win=65024 Len=1448 TSval=2916033805 TSecr=3045553578 [TCP segment of a reassembled PDU]"
"11501","29.724357327","192.168.1.55","192.168.1.2","TCP","1514","8004  >  49954 [ACK] Seq=378118 Ack=144 Win=65024 Len=1448 TSval=2916033805 TSecr=3045553578 [TCP segment of a reassembled PDU]"
"11502","29.724358697","192.168.1.55","192.168.1.2","TCP","1514","8004  >  49954 [ACK] Seq=379566 Ack=144 Win=65024 Len=1448 TSval=2916033805 TSecr=3045553578 [TCP segment of a reassembled PDU]"
"11503","29.724360012","192.168.1.55","192.168.1.2","TCP","1514","8004  >  49954 [ACK] Seq=381014 Ack=144 Win=65024 Len=1448 TSval=2916033805 TSecr=3045553578 [TCP segment of a reassembled PDU]"
"11504","29.724361271","192.168.1.55","192.168.1.2","TCP","1514","8004  >  49954 [ACK] Seq=382462 Ack=144 Win=65024 Len=1448 TSval=2916033805 TSecr=3045553578 [TCP segment of a reassembled PDU]"
"11505","29.724362641","192.168.1.55","192.168.1.2","TCP","1514","8004  >  49954 [PSH, ACK] Seq=383910 Ack=144 Win=65024 Len=1448 TSval=2916033805 TSecr=3045553578 [TCP segment of a reassembled PDU]"
"11506","29.724378827","192.168.1.55","192.168.1.2","TCP","1514","8004  >  49954 [ACK] Seq=385358 Ack=144 Win=65024 Len=1448 TSval=2916033805 TSecr=3045553578 [TCP segment of a reassembled PDU]"
"11507","29.724380586","192.168.1.55","192.168.1.2","TCP","1514","8004  >  49954 [ACK] Seq=386806 Ack=144 Win=65024 Len=1448 TSval=2916033805 TSecr=3045553578 [TCP segment of a reassembled PDU]"
"11508","29.724381864","192.168.1.55","192.168.1.2","TCP","1514","8004  >  49954 [ACK] Seq=388254 Ack=144 Win=65024 Len=1448 TSval=2916033805 TSecr=3045553578 [TCP segment of a reassembled PDU]"
"11509","29.724383215","192.168.1.55","192.168.1.2","TCP","1514","8004  >  49954 [ACK] Seq=389702 Ack=144 Win=65024 Len=1448 TSval=2916033805 TSecr=3045553578 [TCP segment of a reassembled PDU]"
"11510","29.724385067","192.168.1.55","192.168.1.2","TCP","1514","8004  >  49954 [ACK] Seq=391150 Ack=144 Win=65024 Len=1448 TSval=2916033805 TSecr=3045553578 [TCP segment of a reassembled PDU]"
"11511","29.724386438","192.168.1.55","192.168.1.2","TCP","1514","8004  >  49954 [ACK] Seq=392598 Ack=144 Win=65024 Len=1448 TSval=2916033805 TSecr=3045553578 [TCP segment of a reassembled PDU]"
"11512","29.724387734","192.168.1.55","192.168.1.2","TCP","1514","8004  >  49954 [ACK] Seq=394046 Ack=144 Win=65024 Len=1448 TSval=2916033805 TSecr=3045553578 [TCP segment of a reassembled PDU]"
"11513","29.724388993","192.168.1.55","192.168.1.2","TCP","1514","8004  >  49954 [ACK] Seq=395494 Ack=144 Win=65024 Len=1448 TSval=2916033805 TSecr=3045553578 [TCP segment of a reassembled PDU]"
"11514","29.724390382","192.168.1.55","192.168.1.2","TCP","1514","8004  >  49954 [PSH, ACK] Seq=396942 Ack=144 Win=65024 Len=1448 TSval=2916033805 TSecr=3045553578 [TCP segment of a reassembled PDU]"
"11515","29.732232950","192.168.1.2","192.168.1.55","TCP","66","49954  >  8004 [ACK] Seq=144 Ack=295582 Win=115712 Len=0 TSval=3045553585 TSecr=2916033804"
"11516","29.732250654","192.168.1.55","192.168.1.2","TCP","1514","8004  >  49954 [ACK] Seq=398390 Ack=144 Win=65024 Len=1448 TSval=2916033812 TSecr=3045553585 [TCP segment of a reassembled PDU]"
"11517","29.732253209","192.168.1.55","192.168.1.2","TCP","1514","8004  >  49954 [ACK] Seq=399838 Ack=144 Win=65024 Len=1448 TSval=2916033812 TSecr=3045553585 [TCP segment of a reassembled PDU]"
"11518","29.732254580","192.168.1.55","192.168.1.2","TCP","1514","8004  >  49954 [ACK] Seq=401286 Ack=144 Win=65024 Len=1448 TSval=2916033812 TSecr=3045553585 [TCP segment of a reassembled PDU]"
"11519","29.732256043","192.168.1.55","192.168.1.2","TCP","1514","8004  >  49954 [ACK] Seq=402734 Ack=144 Win=65024 Len=1448 TSval=2916033812 TSecr=3045553585 [TCP segment of a reassembled PDU]"
"11520","29.732257394","192.168.1.55","192.168.1.2","TCP","1514","8004  >  49954 [ACK] Seq=404182 Ack=144 Win=65024 Len=1448 TSval=2916033812 TSecr=3045553585 [TCP segment of a reassembled PDU]"
"11521","29.732258765","192.168.1.55","192.168.1.2","TCP","1514","8004  >  49954 [ACK] Seq=405630 Ack=144 Win=65024 Len=1448 TSval=2916033812 TSecr=3045553585 [TCP segment of a reassembled PDU]"
"11522","29.732260024","192.168.1.55","192.168.1.2","TCP","1514","8004  >  49954 [ACK] Seq=407078 Ack=144 Win=65024 Len=1448 TSval=2916033812 TSecr=3045553585 [TCP segment of a reassembled PDU]"
"11523","29.732261469","192.168.1.55","192.168.1.2","TCP","1514","8004  >  49954 [PSH, ACK] Seq=408526 Ack=144 Win=65024 Len=1448 TSval=2916033812 TSecr=3045553585 [TCP segment of a reassembled PDU]"
"11524","29.732685710","192.168.1.2","192.168.1.55","TCP","66","49954  >  8004 [ACK] Seq=144 Ack=316342 Win=157696 Len=0 TSval=3045553585 TSecr=2916033804"
"11525","29.732706191","192.168.1.55","192.168.1.2","TCP","1514","8004  >  49954 [ACK] Seq=409974 Ack=144 Win=65024 Len=1448 TSval=2916033813 TSecr=3045553585 [TCP segment of a reassembled PDU]"
"11526","29.732708580","192.168.1.55","192.168.1.2","TCP","1514","8004  >  49954 [ACK] Seq=411422 Ack=144 Win=65024 Len=1448 TSval=2916033813 TSecr=3045553585 [TCP segment of a reassembled PDU]"
"11527","29.732710062","192.168.1.55","192.168.1.2","TCP","1514","8004  >  49954 [ACK] Seq=412870 Ack=144 Win=65024 Len=1448 TSval=2916033813 TSecr=3045553585 [TCP segment of a reassembled PDU]"
"11528","29.732711340","192.168.1.55","192.168.1.2","TCP","1514","8004  >  49954 [ACK] Seq=414318 Ack=144 Win=65024 Len=1448 TSval=2916033813 TSecr=3045553585 [TCP segment of a reassembled PDU]"
"11529","29.732712617","192.168.1.55","192.168.1.2","TCP","1514","8004  >  49954 [ACK] Seq=415766 Ack=144 Win=65024 Len=1448 TSval=2916033813 TSecr=3045553585 [TCP segment of a reassembled PDU]"
"11530","29.732714136","192.168.1.55","192.168.1.2","TCP","1514","8004  >  49954 [ACK] Seq=417214 Ack=144 Win=65024 Len=1448 TSval=2916033813 TSecr=3045553585 [TCP segment of a reassembled PDU]"
"11531","29.732715414","192.168.1.55","192.168.1.2","TCP","1514","8004  >  49954 [ACK] Seq=418662 Ack=144 Win=65024 Len=1448 TSval=2916033813 TSecr=3045553585 [TCP segment of a reassembled PDU]"
"11532","29.732717062","192.168.1.55","192.168.1.2","TCP","1514","8004  >  49954 [ACK] Seq=420110 Ack=144 Win=65024 Len=1448 TSval=2916033813 TSecr=3045553585 [TCP segment of a reassembled PDU]"
"11533","29.732718358","192.168.1.55","192.168.1.2","TCP","1514","8004  >  49954 [ACK] Seq=421558 Ack=144 Win=65024 Len=1448 TSval=2916033813 TSecr=3045553585 [TCP segment of a reassembled PDU]"
"11534","29.732719673","192.168.1.55","192.168.1.2","TCP","1514","8004  >  49954 [ACK] Seq=423006 Ack=144 Win=65024 Len=1448 TSval=2916033813 TSecr=3045553585 [TCP segment of a reassembled PDU]"
"11535","29.732721099","192.168.1.55","192.168.1.2","TCP","1514","8004  >  49954 [ACK] Seq=424454 Ack=144 Win=65024 Len=1448 TSval=2916033813 TSecr=3045553585 [TCP segment of a reassembled PDU]"
"11536","29.732722358","192.168.1.55","192.168.1.2","TCP","1514","8004  >  49954 [ACK] Seq=425902 Ack=144 Win=65024 Len=1448 TSval=2916033813 TSecr=3045553585 [TCP segment of a reassembled PDU]"
"11537","29.732723729","192.168.1.55","192.168.1.2","TCP","1514","8004  >  49954 [ACK] Seq=427350 Ack=144 Win=65024 Len=1448 TSval=2916033813 TSecr=3045553585 [TCP segment of a reassembled PDU]"
"11538","29.732725173","192.168.1.55","192.168.1.2","TCP","1514","8004  >  49954 [PSH, ACK] Seq=428798 Ack=144 Win=65024 Len=1448 TSval=2916033813 TSecr=3045553585 [TCP segment of a reassembled PDU]"
"11539","29.732729969","192.168.1.2","192.168.1.55","TCP","66","49954  >  8004 [ACK] Seq=144 Ack=339510 Win=159744 Len=0 TSval=3045553585 TSecr=2916033804"
"11540","29.732763506","192.168.1.55","192.168.1.2","TCP","1514","8004  >  49954 [ACK] Seq=430246 Ack=144 Win=65024 Len=1448 TSval=2916033813 TSecr=3045553585 [TCP segment of a reassembled PDU]"
"11541","29.732765451","192.168.1.55","192.168.1.2","TCP","1514","8004  >  49954 [ACK] Seq=431694 Ack=144 Win=65024 Len=1448 TSval=2916033813 TSecr=3045553585 [TCP segment of a reassembled PDU]"
"11542","29.732766914","192.168.1.55","192.168.1.2","TCP","1514","8004  >  49954 [ACK] Seq=433142 Ack=144 Win=65024 Len=1448 TSval=2916033813 TSecr=3045553585 [TCP segment of a reassembled PDU]"
"11543","29.732768266","192.168.1.55","192.168.1.2","TCP","1514","8004  >  49954 [ACK] Seq=434590 Ack=144 Win=65024 Len=1448 TSval=2916033813 TSecr=3045553585 [TCP segment of a reassembled PDU]"
"11544","29.732769692","192.168.1.55","192.168.1.2","TCP","1514","8004  >  49954 [ACK] Seq=436038 Ack=144 Win=65024 Len=1448 TSval=2916033813 TSecr=3045553585 [TCP segment of a reassembled PDU]"
"11545","29.732771025","192.168.1.55","192.168.1.2","TCP","1514","8004  >  49954 [ACK] Seq=437486 Ack=144 Win=65024 Len=1448 TSval=2916033813 TSecr=3045553585 [TCP segment of a reassembled PDU]"
"11546","29.732772414","192.168.1.55","192.168.1.2","TCP","1514","8004  >  49954 [ACK] Seq=438934 Ack=144 Win=65024 Len=1448 TSval=2916033813 TSecr=3045553585 [TCP segment of a reassembled PDU]"
"11547","29.732773766","192.168.1.55","192.168.1.2","TCP","1514","8004  >  49954 [ACK] Seq=440382 Ack=144 Win=65024 Len=1448 TSval=2916033813 TSecr=3045553585 [TCP segment of a reassembled PDU]"
"11548","29.732775210","192.168.1.55","192.168.1.2","TCP","1514","8004  >  49954 [ACK] Seq=441830 Ack=144 Win=65024 Len=1448 TSval=2916033813 TSecr=3045553585 [TCP segment of a reassembled PDU]"
"11549","29.732776599","192.168.1.55","192.168.1.2","TCP","1514","8004  >  49954 [ACK] Seq=443278 Ack=144 Win=65024 Len=1448 TSval=2916033813 TSecr=3045553585 [TCP segment of a reassembled PDU]"
"11550","29.732777932","192.168.1.55","192.168.1.2","TCP","1514","8004  >  49954 [ACK] Seq=444726 Ack=144 Win=65024 Len=1448 TSval=2916033813 TSecr=3045553585 [TCP segment of a reassembled PDU]"
"11551","29.732779729","192.168.1.55","192.168.1.2","TCP","1514","8004  >  49954 [ACK] Seq=446174 Ack=144 Win=65024 Len=1448 TSval=2916033813 TSecr=3045553585 [TCP segment of a reassembled PDU]"
"11552","29.732781062","192.168.1.55","192.168.1.2","TCP","1514","8004  >  49954 [ACK] Seq=447622 Ack=144 Win=65024 Len=1448 TSval=2916033813 TSecr=3045553585 [TCP segment of a reassembled PDU]"
"11553","29.732782506","192.168.1.55","192.168.1.2","TCP","1514","8004  >  49954 [ACK] Seq=449070 Ack=144 Win=65024 Len=1448 TSval=2916033813 TSecr=3045553585 [TCP segment of a reassembled PDU]"
"11554","29.732784006","192.168.1.55","192.168.1.2","TCP","1514","8004  >  49954 [ACK] Seq=450518 Ack=144 Win=65024 Len=1448 TSval=2916033813 TSecr=3045553585 [TCP segment of a reassembled PDU]"
"11555","29.732785284","192.168.1.55","192.168.1.2","TCP","1514","8004  >  49954 [ACK] Seq=451966 Ack=144 Win=65024 Len=1448 TSval=2916033813 TSecr=3045553585 [TCP segment of a reassembled PDU]"
"11556","29.732786673","192.168.1.55","192.168.1.2","TCP","1514","8004  >  49954 [ACK] Seq=453414 Ack=144 Win=65024 Len=1448 TSval=2916033813 TSecr=3045553585 [TCP segment of a reassembled PDU]"
"11557","29.732788136","192.168.1.55","192.168.1.2","TCP","1514","8004  >  49954 [ACK] Seq=454862 Ack=144 Win=65024 Len=1448 TSval=2916033813 TSecr=3045553585 [TCP segment of a reassembled PDU]"
"11558","29.732789636","192.168.1.55","192.168.1.2","TCP","1514","8004  >  49954 [ACK] Seq=456310 Ack=144 Win=65024 Len=1448 TSval=2916033813 TSecr=3045553585 [TCP segment of a reassembled PDU]"
"11559","29.732791118","192.168.1.55","192.168.1.2","TCP","1514","8004  >  49954 [ACK] Seq=457758 Ack=144 Win=65024 Len=1448 TSval=2916033813 TSecr=3045553585 [TCP segment of a reassembled PDU]"
"11560","29.732792581","192.168.1.55","192.168.1.2","TCP","1514","8004  >  49954 [ACK] Seq=459206 Ack=144 Win=65024 Len=1448 TSval=2916033813 TSecr=3045553585 [TCP segment of a reassembled PDU]"
"11561","29.732794006","192.168.1.55","192.168.1.2","TCP","1514","8004  >  49954 [ACK] Seq=460654 Ack=144 Win=65024 Len=1448 TSval=2916033813 TSecr=3045553585 [TCP segment of a reassembled PDU]"
"11562","29.732795636","192.168.1.55","192.168.1.2","TCP","1514","8004  >  49954 [ACK] Seq=462102 Ack=144 Win=65024 Len=1448 TSval=2916033813 TSecr=3045553585 [TCP segment of a reassembled PDU]"
"11563","29.732796932","192.168.1.55","192.168.1.2","TCP","1514","8004  >  49954 [ACK] Seq=463550 Ack=144 Win=65024 Len=1448 TSval=2916033813 TSecr=3045553585 [TCP segment of a reassembled PDU]"
"11564","29.732798414","192.168.1.55","192.168.1.2","TCP","1514","8004  >  49954 [ACK] Seq=464998 Ack=144 Win=65024 Len=1448 TSval=2916033813 TSecr=3045553585 [TCP segment of a reassembled PDU]"
"11565","29.732800155","192.168.1.55","192.168.1.2","TCP","1514","8004  >  49954 [ACK] Seq=466446 Ack=144 Win=65024 Len=1448 TSval=2916033813 TSecr=3045553585 [TCP segment of a reassembled PDU]"
"11566","29.732801506","192.168.1.55","192.168.1.2","TCP","1514","8004  >  49954 [ACK] Seq=467894 Ack=144 Win=65024 Len=1448 TSval=2916033813 TSecr=3045553585 [TCP segment of a reassembled PDU]"
"11567","29.732803229","192.168.1.55","192.168.1.2","TCP","1514","8004  >  49954 [ACK] Seq=469342 Ack=144 Win=65024 Len=1448 TSval=2916033813 TSecr=3045553585 [TCP segment of a reassembled PDU]"
"11568","29.732804618","192.168.1.55","192.168.1.2","TCP","1514","8004  >  49954 [ACK] Seq=470790 Ack=144 Win=65024 Len=1448 TSval=2916033813 TSecr=3045553585 [TCP segment of a reassembled PDU]"
"11569","29.732810414","192.168.1.55","192.168.1.2","TCP","1514","8004  >  49954 [ACK] Seq=472238 Ack=144 Win=65024 Len=1448 TSval=2916033813 TSecr=3045553585 [TCP segment of a reassembled PDU]"
"11570","29.732812081","192.168.1.55","192.168.1.2","TCP","1514","8004  >  49954 [PSH, ACK] Seq=473686 Ack=144 Win=65024 Len=1448 TSval=2916033813 TSecr=3045553585 [TCP segment of a reassembled PDU]"
"11571","29.732831877","192.168.1.55","192.168.1.2","TCP","1514","8004  >  49954 [ACK] Seq=475134 Ack=144 Win=65024 Len=1448 TSval=2916033813 TSecr=3045553585 [TCP segment of a reassembled PDU]"
"11572","29.732833951","192.168.1.55","192.168.1.2","TCP","1514","8004  >  49954 [ACK] Seq=476582 Ack=144 Win=65024 Len=1448 TSval=2916033813 TSecr=3045553585 [TCP segment of a reassembled PDU]"
"11573","29.732835284","192.168.1.55","192.168.1.2","TCP","1514","8004  >  49954 [ACK] Seq=478030 Ack=144 Win=65024 Len=1448 TSval=2916033813 TSecr=3045553585 [TCP segment of a reassembled PDU]"
"11574","29.732836599","192.168.1.55","192.168.1.2","TCP","1514","8004  >  49954 [ACK] Seq=479478 Ack=144 Win=65024 Len=1448 TSval=2916033813 TSecr=3045553585 [TCP segment of a reassembled PDU]"
"11575","29.732838155","192.168.1.55","192.168.1.2","TCP","1514","8004  >  49954 [ACK] Seq=480926 Ack=144 Win=65024 Len=1448 TSval=2916033813 TSecr=3045553585 [TCP segment of a reassembled PDU]"
"11576","29.732839544","192.168.1.55","192.168.1.2","TCP","1514","8004  >  49954 [ACK] Seq=482374 Ack=144 Win=65024 Len=1448 TSval=2916033813 TSecr=3045553585 [TCP segment of a reassembled PDU]"
"11577","29.732841007","192.168.1.55","192.168.1.2","TCP","1514","8004  >  49954 [ACK] Seq=483822 Ack=144 Win=65024 Len=1448 TSval=2916033813 TSecr=3045553585 [TCP segment of a reassembled PDU]"
"11578","29.732842432","192.168.1.55","192.168.1.2","TCP","1514","8004  >  49954 [ACK] Seq=485270 Ack=144 Win=65024 Len=1448 TSval=2916033813 TSecr=3045553585 [TCP segment of a reassembled PDU]"
"11579","29.732843858","192.168.1.55","192.168.1.2","TCP","1514","8004  >  49954 [ACK] Seq=486718 Ack=144 Win=65024 Len=1448 TSval=2916033813 TSecr=3045553585 [TCP segment of a reassembled PDU]"
"11580","29.732845229","192.168.1.55","192.168.1.2","TCP","1514","8004  >  49954 [ACK] Seq=488166 Ack=144 Win=65024 Len=1448 TSval=2916033813 TSecr=3045553585 [TCP segment of a reassembled PDU]"
"11581","29.732846710","192.168.1.55","192.168.1.2","TCP","1514","8004  >  49954 [ACK] Seq=489614 Ack=144 Win=65024 Len=1448 TSval=2916033813 TSecr=3045553585 [TCP segment of a reassembled PDU]"
"11582","29.732848062","192.168.1.55","192.168.1.2","TCP","1514","8004  >  49954 [ACK] Seq=491062 Ack=144 Win=65024 Len=1448 TSval=2916033813 TSecr=3045553585 [TCP segment of a reassembled PDU]"
"11583","29.732849414","192.168.1.55","192.168.1.2","TCP","1514","8004  >  49954 [ACK] Seq=492510 Ack=144 Win=65024 Len=1448 TSval=2916033813 TSecr=3045553585 [TCP segment of a reassembled PDU]"
"11584","29.732851247","192.168.1.55","192.168.1.2","TCP","1514","8004  >  49954 [ACK] Seq=493958 Ack=144 Win=65024 Len=1448 TSval=2916033813 TSecr=3045553585 [TCP segment of a reassembled PDU]"
"11585","29.732852636","192.168.1.55","192.168.1.2","TCP","1514","8004  >  49954 [ACK] Seq=495406 Ack=144 Win=65024 Len=1448 TSval=2916033813 TSecr=3045553585 [TCP segment of a reassembled PDU]"
"11586","29.732854118","192.168.1.55","192.168.1.2","TCP","1514","8004  >  49954 [PSH, ACK] Seq=496854 Ack=144 Win=65024 Len=1448 TSval=2916033813 TSecr=3045553585 [TCP segment of a reassembled PDU]"
"11587","29.732858970","192.168.1.55","192.168.1.2","HTTP","222","HTTP/1.0 200 OK  (PNG)"
"11588","29.732863451","192.168.1.2","192.168.1.55","TCP","66","49954  >  8004 [ACK] Seq=144 Ack=340470 Win=162816 Len=0 TSval=3045553585 TSecr=2916033804"
"11589","29.732871155","192.168.1.2","192.168.1.55","TCP","66","49954  >  8004 [ACK] Seq=144 Ack=362190 Win=149504 Len=0 TSval=3045553585 TSecr=2916033804"
"11590","29.732935544","192.168.1.2","192.168.1.55","TCP","66","49954  >  8004 [ACK] Seq=144 Ack=373774 Win=185344 Len=0 TSval=3045553587 TSecr=2916033804"
"11591","29.732942136","192.168.1.2","192.168.1.55","TCP","66","49954  >  8004 [ACK] Seq=144 Ack=385358 Win=190464 Len=0 TSval=3045553587 TSecr=2916033805"
"11592","29.732946655","192.168.1.2","192.168.1.55","TCP","66","49954  >  8004 [ACK] Seq=144 Ack=389702 Win=190464 Len=0 TSval=3045553587 TSecr=2916033805"
"11593","29.732951840","192.168.1.2","192.168.1.55","TCP","66","49954  >  8004 [ACK] Seq=144 Ack=398390 Win=202752 Len=0 TSval=3045553588 TSecr=2916033805"
"11594","29.738178607","192.168.1.2","192.168.1.55","TCP","66","49954  >  8004 [ACK] Seq=144 Ack=407078 Win=202752 Len=0 TSval=3045553590 TSecr=2916033812"
"11595","29.738738849","192.168.1.2","192.168.1.55","TCP","66","49954  >  8004 [ACK] Seq=144 Ack=409974 Win=208896 Len=0 TSval=3045553594 TSecr=2916033812"
"11596","29.738902183","192.168.1.2","192.168.1.55","TCP","66","49954  >  8004 [ACK] Seq=144 Ack=430246 Win=208896 Len=0 TSval=3045553594 TSecr=2916033813"
"11597","29.739037053","192.168.1.2","192.168.1.55","TCP","66","49954  >  8004 [ACK] Seq=144 Ack=475134 Win=196608 Len=0 TSval=3045553594 TSecr=2916033813"
"11598","29.739043276","192.168.1.2","192.168.1.55","TCP","66","49954  >  8004 [ACK] Seq=144 Ack=493958 Win=178176 Len=0 TSval=3045553594 TSecr=2916033813"
"11599","29.740132999","192.168.1.2","192.168.1.55","TCP","66","49954  >  8004 [ACK] Seq=144 Ack=495406 Win=210944 Len=0 TSval=3045553596 TSecr=2916033813"
"11600","29.740245074","192.168.1.2","192.168.1.55","TCP","66","49954  >  8004 [ACK] Seq=144 Ack=498302 Win=217088 Len=0 TSval=3045553596 TSecr=2916033813"
"11601","29.742021910","192.168.1.2","192.168.1.55","TCP","66","49954  >  8004 [FIN, ACK] Seq=144 Ack=498459 Win=220160 Len=0 TSval=3045553597 TSecr=2916033813"
"11602","29.742035373","192.168.1.55","192.168.1.2","TCP","66","8004  >  49954 [ACK] Seq=498459 Ack=145 Win=65024 Len=0 TSval=2916033822 TSecr=3045553597"
"11603","29.742150003","192.168.1.2","192.168.1.55","TCP","74","49962  >  8004 [SYN] Seq=0 Win=64240 Len=0 MSS=1460 SACK_PERM TSval=3045553597 TSecr=0 WS=1024"
"11604","29.742175114","192.168.1.55","192.168.1.2","TCP","74","8004  >  49962 [SYN, ACK] Seq=0 Ack=1 Win=65160 Len=0 MSS=1460 SACK_PERM TSval=2916033822 TSecr=3045553597 WS=128"
"11605","29.745311211","192.168.1.2","192.168.1.55","TCP","66","49962  >  8004 [ACK] Seq=1 Ack=1 Win=64512 Len=0 TSval=3045553600 TSecr=2916033822"
"11606","29.748516235","192.168.1.2","192.168.1.55","HTTP","206","GET /stego_benchmark.png HTTP/1.1 "
"11607","29.748528476","192.168.1.55","192.168.1.2","TCP","66","8004  >  49962 [ACK] Seq=1 Ack=141 Win=65024 Len=0 TSval=2916033829 TSecr=3045553600"
"11608","29.749012254","192.168.1.55","192.168.1.2","TCP","255","8004  >  49962 [PSH, ACK] Seq=1 Ack=141 Win=65024 Len=189 TSval=2916033829 TSecr=3045553600 [TCP segment of a reassembled PDU]"
"11609","29.749105254","192.168.1.55","192.168.1.2","TCP","1514","8004  >  49962 [ACK] Seq=190 Ack=141 Win=65024 Len=1448 TSval=2916033829 TSecr=3045553600 [TCP segment of a reassembled PDU]"
"11610","29.749110884","192.168.1.55","192.168.1.2","TCP","1514","8004  >  49962 [ACK] Seq=1638 Ack=141 Win=65024 Len=1448 TSval=2916033829 TSecr=3045553600 [TCP segment of a reassembled PDU]"
"11611","29.749112328","192.168.1.55","192.168.1.2","TCP","1514","8004  >  49962 [ACK] Seq=3086 Ack=141 Win=65024 Len=1448 TSval=2916033829 TSecr=3045553600 [TCP segment of a reassembled PDU]"
"11612","29.749113606","192.168.1.55","192.168.1.2","TCP","1514","8004  >  49962 [ACK] Seq=4534 Ack=141 Win=65024 Len=1448 TSval=2916033829 TSecr=3045553600 [TCP segment of a reassembled PDU]"
"11613","29.749114902","192.168.1.55","192.168.1.2","TCP","1514","8004  >  49962 [PSH, ACK] Seq=5982 Ack=141 Win=65024 Len=1448 TSval=2916033829 TSecr=3045553600 [TCP segment of a reassembled PDU]"
"11614","29.749132514","192.168.1.55","192.168.1.2","TCP","1514","8004  >  49962 [ACK] Seq=7430 Ack=141 Win=65024 Len=1448 TSval=2916033829 TSecr=3045553600 [TCP segment of a reassembled PDU]"
"11615","29.749134384","192.168.1.55","192.168.1.2","TCP","1514","8004  >  49962 [ACK] Seq=8878 Ack=141 Win=65024 Len=1448 TSval=2916033829 TSecr=3045553600 [TCP segment of a reassembled PDU]"
"11616","29.749135754","192.168.1.55","192.168.1.2","TCP","1514","8004  >  49962 [ACK] Seq=10326 Ack=141 Win=65024 Len=1448 TSval=2916033829 TSecr=3045553600 [TCP segment of a reassembled PDU]"
"11617","29.749137051","192.168.1.55","192.168.1.2","TCP","1514","8004  >  49962 [PSH, ACK] Seq=11774 Ack=141 Win=65024 Len=1448 TSval=2916033829 TSecr=3045553600 [TCP segment of a reassembled PDU]"
"11618","29.752482537","192.168.1.2","192.168.1.55","TCP","66","49962  >  8004 [ACK] Seq=141 Ack=190 Win=64512 Len=0 TSval=3045553607 TSecr=2916033829"
"11619","29.752623260","192.168.1.55","192.168.1.2","TCP","1514","8004  >  49962 [ACK] Seq=13222 Ack=141 Win=65024 Len=1448 TSval=2916033833 TSecr=3045553607 [TCP segment of a reassembled PDU]"
"11620","29.752637982","192.168.1.55","192.168.1.2","TCP","1514","8004  >  49962 [PSH, ACK] Seq=14670 Ack=141 Win=65024 Len=1448 TSval=2916033833 TSecr=3045553607 [TCP segment of a reassembled PDU]"
"11621","29.752792982","192.168.1.2","192.168.1.55","TCP","66","49962  >  8004 [ACK] Seq=141 Ack=3086 Win=70656 Len=0 TSval=3045553607 TSecr=2916033829"
"11622","29.752834760","192.168.1.2","192.168.1.55","TCP","66","49962  >  8004 [ACK] Seq=141 Ack=5982 Win=76800 Len=0 TSval=3045553607 TSecr=2916033829"
"11623","29.752904334","192.168.1.55","192.168.1.2","TCP","1514","8004  >  49962 [ACK] Seq=16118 Ack=141 Win=65024 Len=1448 TSval=2916033833 TSecr=3045553607 [TCP segment of a reassembled PDU]"
"11624","29.752909057","192.168.1.55","192.168.1.2","TCP","1514","8004  >  49962 [ACK] Seq=17566 Ack=141 Win=65024 Len=1448 TSval=2916033833 TSecr=3045553607 [TCP segment of a reassembled PDU]"
"11625","29.752912094","192.168.1.55","192.168.1.2","TCP","1514","8004  >  49962 [ACK] Seq=19014 Ack=141 Win=65024 Len=1448 TSval=2916033833 TSecr=3045553607 [TCP segment of a reassembled PDU]"
"11626","29.752914075","192.168.1.55","192.168.1.2","TCP","1514","8004  >  49962 [ACK] Seq=20462 Ack=141 Win=65024 Len=1448 TSval=2916033833 TSecr=3045553607 [TCP segment of a reassembled PDU]"
"11627","29.752916649","192.168.1.55","192.168.1.2","TCP","1514","8004  >  49962 [ACK] Seq=21910 Ack=141 Win=65024 Len=1448 TSval=2916033833 TSecr=3045553607 [TCP segment of a reassembled PDU]"
"11628","29.752919075","192.168.1.55","192.168.1.2","TCP","1514","8004  >  49962 [ACK] Seq=23358 Ack=141 Win=65024 Len=1448 TSval=2916033833 TSecr=3045553607 [TCP segment of a reassembled PDU]"
"11629","29.752920834","192.168.1.55","192.168.1.2","TCP","1514","8004  >  49962 [PSH, ACK] Seq=24806 Ack=141 Win=65024 Len=1448 TSval=2916033833 TSecr=3045553607 [TCP segment of a reassembled PDU]"
"11630","29.753661391","192.168.1.2","192.168.1.55","TCP","66","49962  >  8004 [ACK] Seq=141 Ack=7430 Win=79872 Len=0 TSval=3045553608 TSecr=2916033829"
"11631","29.753746187","192.168.1.2","192.168.1.55","TCP","66","49962  >  8004 [ACK] Seq=141 Ack=13222 Win=79872 Len=0 TSval=3045553608 TSecr=2916033829"
"11632","29.753810354","192.168.1.55","192.168.1.2","TCP","1514","8004  >  49962 [ACK] Seq=26254 Ack=141 Win=65024 Len=1448 TSval=2916033834 TSecr=3045553608 [TCP segment of a reassembled PDU]"
"11633","29.753814984","192.168.1.55","192.168.1.2","TCP","1514","8004  >  49962 [ACK] Seq=27702 Ack=141 Win=65024 Len=1448 TSval=2916033834 TSecr=3045553608 [TCP segment of a reassembled PDU]"
"11634","29.753817076","192.168.1.55","192.168.1.2","TCP","1514","8004  >  49962 [ACK] Seq=29150 Ack=141 Win=65024 Len=1448 TSval=2916033834 TSecr=3045553608 [TCP segment of a reassembled PDU]"
"11635","29.753818947","192.168.1.55","192.168.1.2","TCP","1514","8004  >  49962 [ACK] Seq=30598 Ack=141 Win=65024 Len=1448 TSval=2916033834 TSecr=3045553608 [TCP segment of a reassembled PDU]"
"11636","29.753821225","192.168.1.55","192.168.1.2","TCP","1514","8004  >  49962 [ACK] Seq=32046 Ack=141 Win=65024 Len=1448 TSval=2916033834 TSecr=3045553608 [TCP segment of a reassembled PDU]"
"11637","29.753823317","192.168.1.55","192.168.1.2","TCP","1514","8004  >  49962 [ACK] Seq=33494 Ack=141 Win=65024 Len=1448 TSval=2916033834 TSecr=3045553608 [TCP segment of a reassembled PDU]"
"11638","29.753825039","192.168.1.55","192.168.1.2","TCP","1514","8004  >  49962 [ACK] Seq=34942 Ack=141 Win=65024 Len=1448 TSval=2916033834 TSecr=3045553608 [TCP segment of a reassembled PDU]"
"11639","29.753826817","192.168.1.55","192.168.1.2","TCP","1514","8004  >  49962 [ACK] Seq=36390 Ack=141 Win=65024 Len=1448 TSval=2916033834 TSecr=3045553608 [TCP segment of a reassembled PDU]"
"11640","29.753829002","192.168.1.55","192.168.1.2","TCP","1514","8004  >  49962 [ACK] Seq=37838 Ack=141 Win=65024 Len=1448 TSval=2916033834 TSecr=3045553608 [TCP segment of a reassembled PDU]"
"11641","29.753830743","192.168.1.55","192.168.1.2","TCP","1514","8004  >  49962 [PSH, ACK] Seq=39286 Ack=141 Win=65024 Len=1448 TSval=2916033834 TSecr=3045553608 [TCP segment of a reassembled PDU]"
"11642","29.753848447","192.168.1.55","192.168.1.2","TCP","1514","8004  >  49962 [ACK] Seq=40734 Ack=141 Win=65024 Len=1448 TSval=2916033834 TSecr=3045553608 [TCP segment of a reassembled PDU]"
"11643","29.758443121","192.168.1.2","192.168.1.55","TCP","66","49962  >  8004 [ACK] Seq=141 Ack=16118 Win=84992 Len=0 TSval=3045553612 TSecr=2916033833"
"11644","29.758501176","192.168.1.55","192.168.1.2","TCP","1514","8004  >  49962 [ACK] Seq=42182 Ack=141 Win=65024 Len=1448 TSval=2916033839 TSecr=3045553612 [TCP segment of a reassembled PDU]"
"11645","29.758506621","192.168.1.55","192.168.1.2","TCP","1514","8004  >  49962 [PSH, ACK] Seq=43630 Ack=141 Win=65024 Len=1448 TSval=2916033839 TSecr=3045553612 [TCP segment of a reassembled PDU]"
"11646","29.758582065","192.168.1.2","192.168.1.55","TCP","66","49962  >  8004 [ACK] Seq=141 Ack=26254 Win=83968 Len=0 TSval=3045553612 TSecr=2916033833"
"11647","29.758629232","192.168.1.55","192.168.1.2","TCP","1514","8004  >  49962 [ACK] Seq=45078 Ack=141 Win=65024 Len=1448 TSval=2916033839 TSecr=3045553612 [TCP segment of a reassembled PDU]"
"11648","29.758632751","192.168.1.55","192.168.1.2","TCP","1514","8004  >  49962 [ACK] Seq=46526 Ack=141 Win=65024 Len=1448 TSval=2916033839 TSecr=3045553612 [TCP segment of a reassembled PDU]"
"11649","29.758634195","192.168.1.55","192.168.1.2","TCP","1514","8004  >  49962 [ACK] Seq=47974 Ack=141 Win=65024 Len=1448 TSval=2916033839 TSecr=3045553612 [TCP segment of a reassembled PDU]"
"11650","29.758635677","192.168.1.55","192.168.1.2","TCP","1514","8004  >  49962 [ACK] Seq=49422 Ack=141 Win=65024 Len=1448 TSval=2916033839 TSecr=3045553612 [TCP segment of a reassembled PDU]"
"11651","29.758638251","192.168.1.55","192.168.1.2","TCP","1514","8004  >  49962 [ACK] Seq=50870 Ack=141 Win=65024 Len=1448 TSval=2916033839 TSecr=3045553612 [TCP segment of a reassembled PDU]"
"11652","29.758639880","192.168.1.55","192.168.1.2","TCP","1514","8004  >  49962 [ACK] Seq=52318 Ack=141 Win=65024 Len=1448 TSval=2916033839 TSecr=3045553612 [TCP segment of a reassembled PDU]"
"11653","29.758641954","192.168.1.55","192.168.1.2","TCP","1514","8004  >  49962 [ACK] Seq=53766 Ack=141 Win=65024 Len=1448 TSval=2916033839 TSecr=3045553612 [TCP segment of a reassembled PDU]"
"11654","29.758644473","192.168.1.55","192.168.1.2","TCP","1514","8004  >  49962 [ACK] Seq=55214 Ack=141 Win=65024 Len=1448 TSval=2916033839 TSecr=3045553612 [TCP segment of a reassembled PDU]"
"11655","29.758646066","192.168.1.55","192.168.1.2","TCP","1514","8004  >  49962 [ACK] Seq=56662 Ack=141 Win=65024 Len=1448 TSval=2916033839 TSecr=3045553612 [TCP segment of a reassembled PDU]"
"11656","29.758647491","192.168.1.55","192.168.1.2","TCP","1514","8004  >  49962 [ACK] Seq=58110 Ack=141 Win=65024 Len=1448 TSval=2916033839 TSecr=3045553612 [TCP segment of a reassembled PDU]"
"11657","29.758649103","192.168.1.55","192.168.1.2","TCP","1514","8004  >  49962 [ACK] Seq=59558 Ack=141 Win=65024 Len=1448 TSval=2916033839 TSecr=3045553612 [TCP segment of a reassembled PDU]"
"11658","29.758651066","192.168.1.55","192.168.1.2","TCP","1514","8004  >  49962 [ACK] Seq=61006 Ack=141 Win=65024 Len=1448 TSval=2916033839 TSecr=3045553612 [TCP segment of a reassembled PDU]"
"11659","29.758653380","192.168.1.55","192.168.1.2","TCP","1514","8004  >  49962 [ACK] Seq=62454 Ack=141 Win=65024 Len=1448 TSval=2916033839 TSecr=3045553612 [TCP segment of a reassembled PDU]"
"11660","29.758655399","192.168.1.55","192.168.1.2","TCP","1514","8004  >  49962 [PSH, ACK] Seq=63902 Ack=141 Win=65024 Len=1448 TSval=2916033839 TSecr=3045553612 [TCP segment of a reassembled PDU]"
"11661","29.758661362","192.168.1.2","192.168.1.55","TCP","66","49962  >  8004 [ACK] Seq=141 Ack=36390 Win=74752 Len=0 TSval=3045553612 TSecr=2916033834"
"11662","29.758703973","192.168.1.55","192.168.1.2","TCP","1514","8004  >  49962 [ACK] Seq=65350 Ack=141 Win=65024 Len=1448 TSval=2916033839 TSecr=3045553612 [TCP segment of a reassembled PDU]"
"11663","29.758706862","192.168.1.55","192.168.1.2","TCP","1514","8004  >  49962 [ACK] Seq=66798 Ack=141 Win=65024 Len=1448 TSval=2916033839 TSecr=3045553612 [TCP segment of a reassembled PDU]"
"11664","29.758708880","192.168.1.55","192.168.1.2","TCP","1514","8004  >  49962 [ACK] Seq=68246 Ack=141 Win=65024 Len=1448 TSval=2916033839 TSecr=3045553612 [TCP segment of a reassembled PDU]"
"11665","29.758710529","192.168.1.55","192.168.1.2","TCP","1514","8004  >  49962 [ACK] Seq=69694 Ack=141 Win=65024 Len=1448 TSval=2916033839 TSecr=3045553612 [TCP segment of a reassembled PDU]"
"11666","29.758712751","192.168.1.55","192.168.1.2","TCP","1514","8004  >  49962 [ACK] Seq=71142 Ack=141 Win=65024 Len=1448 TSval=2916033839 TSecr=3045553612 [TCP segment of a reassembled PDU]"
"11667","29.758715492","192.168.1.55","192.168.1.2","TCP","1514","8004  >  49962 [ACK] Seq=72590 Ack=141 Win=65024 Len=1448 TSval=2916033839 TSecr=3045553612 [TCP segment of a reassembled PDU]"
"11668","29.758717547","192.168.1.55","192.168.1.2","TCP","1514","8004  >  49962 [ACK] Seq=74038 Ack=141 Win=65024 Len=1448 TSval=2916033839 TSecr=3045553612 [TCP segment of a reassembled PDU]"
"11669","29.758719714","192.168.1.55","192.168.1.2","TCP","1514","8004  >  49962 [PSH, ACK] Seq=75486 Ack=141 Win=65024 Len=1448 TSval=2916033839 TSecr=3045553612 [TCP segment of a reassembled PDU]"
"11670","29.758727621","192.168.1.2","192.168.1.55","TCP","66","49962  >  8004 [ACK] Seq=141 Ack=39286 Win=90112 Len=0 TSval=3045553612 TSecr=2916033834"
"11671","29.758803195","192.168.1.2","192.168.1.55","TCP","66","49962  >  8004 [ACK] Seq=141 Ack=40734 Win=91136 Len=0 TSval=3045553612 TSecr=2916033834"
"11672","29.758816232","192.168.1.2","192.168.1.55","TCP","66","49962  >  8004 [ACK] Seq=141 Ack=42182 Win=90112 Len=0 TSval=3045553613 TSecr=2916033834"
"11673","29.759821660","192.168.1.55","192.168.1.2","TCP","1514","8004  >  49962 [ACK] Seq=76934 Ack=141 Win=65024 Len=1448 TSval=2916033840 TSecr=3045553613 [TCP segment of a reassembled PDU]"
"11674","29.759830067","192.168.1.55","192.168.1.2","TCP","1514","8004  >  49962 [ACK] Seq=78382 Ack=141 Win=65024 Len=1448 TSval=2916033840 TSecr=3045553613 [TCP segment of a reassembled PDU]"
"11675","29.759831901","192.168.1.55","192.168.1.2","TCP","1514","8004  >  49962 [ACK] Seq=79830 Ack=141 Win=65024 Len=1448 TSval=2916033840 TSecr=3045553613 [TCP segment of a reassembled PDU]"
"11676","29.759834067","192.168.1.55","192.168.1.2","TCP","1514","8004  >  49962 [ACK] Seq=81278 Ack=141 Win=65024 Len=1448 TSval=2916033840 TSecr=3045553613 [TCP segment of a reassembled PDU]"
"11677","29.759837012","192.168.1.55","192.168.1.2","TCP","1514","8004  >  49962 [ACK] Seq=82726 Ack=141 Win=65024 Len=1448 TSval=2916033840 TSecr=3045553613 [TCP segment of a reassembled PDU]"
"11678","29.759838530","192.168.1.55","192.168.1.2","TCP","1514","8004  >  49962 [ACK] Seq=84174 Ack=141 Win=65024 Len=1448 TSval=2916033840 TSecr=3045553613 [TCP segment of a reassembled PDU]"
"11679","29.759840530","192.168.1.55","192.168.1.2","TCP","1514","8004  >  49962 [ACK] Seq=85622 Ack=141 Win=65024 Len=1448 TSval=2916033840 TSecr=3045553613 [TCP segment of a reassembled PDU]"
"11680","29.759842049","192.168.1.55","192.168.1.2","TCP","1514","8004  >  49962 [ACK] Seq=87070 Ack=141 Win=65024 Len=1448 TSval=2916033840 TSecr=3045553613 [TCP segment of a reassembled PDU]"
"11681","29.759843586","192.168.1.55","192.168.1.2","TCP","1514","8004  >  49962 [ACK] Seq=88518 Ack=141 Win=65024 Len=1448 TSval=2916033840 TSecr=3045553613 [TCP segment of a reassembled PDU]"
"11682","29.759845678","192.168.1.55","192.168.1.2","TCP","1514","8004  >  49962 [ACK] Seq=89966 Ack=141 Win=65024 Len=1448 TSval=2916033840 TSecr=3045553613 [TCP segment of a reassembled PDU]"
"11683","29.759847827","192.168.1.55","192.168.1.2","TCP","1514","8004  >  49962 [ACK] Seq=91414 Ack=141 Win=65024 Len=1448 TSval=2916033840 TSecr=3045553613 [TCP segment of a reassembled PDU]"
"11684","29.759850827","192.168.1.55","192.168.1.2","TCP","1514","8004  >  49962 [ACK] Seq=92862 Ack=141 Win=65024 Len=1448 TSval=2916033840 TSecr=3045553613 [TCP segment of a reassembled PDU]"
"11685","29.759852271","192.168.1.55","192.168.1.2","TCP","1514","8004  >  49962 [ACK] Seq=94310 Ack=141 Win=65024 Len=1448 TSval=2916033840 TSecr=3045553613 [TCP segment of a reassembled PDU]"
"11686","29.759853697","192.168.1.55","192.168.1.2","TCP","1514","8004  >  49962 [PSH, ACK] Seq=95758 Ack=141 Win=65024 Len=1448 TSval=2916033840 TSecr=3045553613 [TCP segment of a reassembled PDU]"
"11687","29.759869493","192.168.1.55","192.168.1.2","TCP","1514","8004  >  49962 [ACK] Seq=97206 Ack=141 Win=65024 Len=1448 TSval=2916033840 TSecr=3045553613 [TCP segment of a reassembled PDU]"
"11688","29.759871401","192.168.1.55","192.168.1.2","TCP","1514","8004  >  49962 [PSH, ACK] Seq=98654 Ack=141 Win=65024 Len=1448 TSval=2916033840 TSecr=3045553613 [TCP segment of a reassembled PDU]"
"11689","29.764279297","192.168.1.2","192.168.1.55","TCP","66","49962  >  8004 [ACK] Seq=141 Ack=45078 Win=88064 Len=0 TSval=3045553618 TSecr=2916033839"
"11690","29.764331611","192.168.1.55","192.168.1.2","TCP","1514","8004  >  49962 [ACK] Seq=100102 Ack=141 Win=65024 Len=1448 TSval=2916033845 TSecr=3045553618 [TCP segment of a reassembled PDU]"
"11691","29.764335352","192.168.1.55","192.168.1.2","TCP","1514","8004  >  49962 [ACK] Seq=101550 Ack=141 Win=65024 Len=1448 TSval=2916033845 TSecr=3045553618 [TCP segment of a reassembled PDU]"
"11692","29.764336741","192.168.1.55","192.168.1.2","TCP","1514","8004  >  49962 [ACK] Seq=102998 Ack=141 Win=65024 Len=1448 TSval=2916033845 TSecr=3045553618 [TCP segment of a reassembled PDU]"
"11693","29.764338982","192.168.1.55","192.168.1.2","TCP","1514","8004  >  49962 [PSH, ACK] Seq=104446 Ack=141 Win=65024 Len=1448 TSval=2916033845 TSecr=3045553618 [TCP segment of a reassembled PDU]"
"11694","29.764631612","192.168.1.2","192.168.1.55","TCP","66","49962  >  8004 [ACK] Seq=141 Ack=65350 Win=69632 Len=0 TSval=3045553619 TSecr=2916033839"
"11695","29.764664686","192.168.1.55","192.168.1.2","TCP","1514","8004  >  49962 [ACK] Seq=105894 Ack=141 Win=65024 Len=1448 TSval=2916033845 TSecr=3045553619 [TCP segment of a reassembled PDU]"
"11696","29.764667742","192.168.1.55","192.168.1.2","TCP","1514","8004  >  49962 [ACK] Seq=107342 Ack=141 Win=65024 Len=1448 TSval=2916033845 TSecr=3045553619 [TCP segment of a reassembled PDU]"
"11697","29.764669612","192.168.1.55","192.168.1.2","TCP","1514","8004  >  49962 [ACK] Seq=108790 Ack=141 Win=65024 Len=1448 TSval=2916033845 TSecr=3045553619 [TCP segment of a reassembled PDU]"
"11698","29.764670945","192.168.1.55","192.168.1.2","TCP","1514","8004  >  49962 [ACK] Seq=110238 Ack=141 Win=65024 Len=1448 TSval=2916033845 TSecr=3045553619 [TCP segment of a reassembled PDU]"
"11699","29.764672279","192.168.1.55","192.168.1.2","TCP","1514","8004  >  49962 [ACK] Seq=111686 Ack=141 Win=65024 Len=1448 TSval=2916033845 TSecr=3045553619 [TCP segment of a reassembled PDU]"
"11700","29.764673742","192.168.1.55","192.168.1.2","TCP","1514","8004  >  49962 [ACK] Seq=113134 Ack=141 Win=65024 Len=1448 TSval=2916033845 TSecr=3045553619 [TCP segment of a reassembled PDU]"
"11701","29.764675131","192.168.1.55","192.168.1.2","TCP","1514","8004  >  49962 [PSH, ACK] Seq=114582 Ack=141 Win=65024 Len=1448 TSval=2916033845 TSecr=3045553619 [TCP segment of a reassembled PDU]"
"11702","29.764685501","192.168.1.2","192.168.1.55","TCP","66","49962  >  8004 [ACK] Seq=141 Ack=76934 Win=58368 Len=0 TSval=3045553619 TSecr=2916033839"
"11703","29.764695686","192.168.1.2","192.168.1.55","TCP","66","49962  >  8004 [ACK] Seq=141 Ack=97206 Win=38912 Len=0 TSval=3045553619 TSecr=2916033840"
"11704","29.764699168","192.168.1.2","192.168.1.55","TCP","66","49962  >  8004 [ACK] Seq=141 Ack=100102 Win=58368 Len=0 TSval=3045553619 TSecr=2916033840"
"11705","29.764774871","192.168.1.55","192.168.1.2","TCP","1514","8004  >  49962 [ACK] Seq=116030 Ack=141 Win=65024 Len=1448 TSval=2916033845 TSecr=3045553619 [TCP segment of a reassembled PDU]"
"11706","29.764778797","192.168.1.55","192.168.1.2","TCP","1514","8004  >  49962 [ACK] Seq=117478 Ack=141 Win=65024 Len=1448 TSval=2916033845 TSecr=3045553619 [TCP segment of a reassembled PDU]"
"11707","29.764779983","192.168.1.55","192.168.1.2","TCP","1514","8004  >  49962 [ACK] Seq=118926 Ack=141 Win=65024 Len=1448 TSval=2916033845 TSecr=3045553619 [TCP segment of a reassembled PDU]"
"11708","29.764781279","192.168.1.55","192.168.1.2","TCP","1514","8004  >  49962 [ACK] Seq=120374 Ack=141 Win=65024 Len=1448 TSval=2916033845 TSecr=3045553619 [TCP segment of a reassembled PDU]"
"11709","29.764782427","192.168.1.55","192.168.1.2","TCP","1514","8004  >  49962 [ACK] Seq=121822 Ack=141 Win=65024 Len=1448 TSval=2916033845 TSecr=3045553619 [TCP segment of a reassembled PDU]"
"11710","29.764783927","192.168.1.55","192.168.1.2","TCP","1514","8004  >  49962 [ACK] Seq=123270 Ack=141 Win=65024 Len=1448 TSval=2916033845 TSecr=3045553619 [TCP segment of a reassembled PDU]"
"11711","29.764785316","192.168.1.55","192.168.1.2","TCP","1514","8004  >  49962 [ACK] Seq=124718 Ack=141 Win=65024 Len=1448 TSval=2916033845 TSecr=3045553619 [TCP segment of a reassembled PDU]"
"11712","29.764786779","192.168.1.55","192.168.1.2","TCP","1514","8004  >  49962 [ACK] Seq=126166 Ack=141 Win=65024 Len=1448 TSval=2916033845 TSecr=3045553619 [TCP segment of a reassembled PDU]"
"11713","29.764787890","192.168.1.55","192.168.1.2","TCP","1514","8004  >  49962 [ACK] Seq=127614 Ack=141 Win=65024 Len=1448 TSval=2916033845 TSecr=3045553619 [TCP segment of a reassembled PDU]"
"11714","29.764789186","192.168.1.55","192.168.1.2","TCP","1514","8004  >  49962 [ACK] Seq=129062 Ack=141 Win=65024 Len=1448 TSval=2916033845 TSecr=3045553619 [TCP segment of a reassembled PDU]"
"11715","29.764790557","192.168.1.55","192.168.1.2","TCP","1514","8004  >  49962 [ACK] Seq=130510 Ack=141 Win=65024 Len=1448 TSval=2916033845 TSecr=3045553619 [TCP segment of a reassembled PDU]"
"11716","29.764791983","192.168.1.55","192.168.1.2","TCP","1514","8004  >  49962 [ACK] Seq=131958 Ack=141 Win=65024 Len=1448 TSval=2916033845 TSecr=3045553619 [TCP segment of a reassembled PDU]"
"11717","29.764793797","192.168.1.55","192.168.1.2","TCP","1514","8004  >  49962 [ACK] Seq=133406 Ack=141 Win=65024 Len=1448 TSval=2916033845 TSecr=3045553619 [TCP segment of a reassembled PDU]"
"11718","29.764795020","192.168.1.55","192.168.1.2","TCP","1514","8004  >  49962 [ACK] Seq=134854 Ack=141 Win=65024 Len=1448 TSval=2916033845 TSecr=3045553619 [TCP segment of a reassembled PDU]"
"11719","29.764796149","192.168.1.55","192.168.1.2","TCP","1514","8004  >  49962 [ACK] Seq=136302 Ack=141 Win=65024 Len=1448 TSval=2916033845 TSecr=3045553619 [TCP segment of a reassembled PDU]"
"11720","29.764797594","192.168.1.55","192.168.1.2","TCP","1514","8004  >  49962 [ACK] Seq=137750 Ack=141 Win=65024 Len=1448 TSval=2916033845 TSecr=3045553619 [TCP segment of a reassembled PDU]"
"11721","29.764798668","192.168.1.55","192.168.1.2","TCP","1514","8004  >  49962 [ACK] Seq=139198 Ack=141 Win=65024 Len=1448 TSval=2916033845 TSecr=3045553619 [TCP segment of a reassembled PDU]"
"11722","29.764800149","192.168.1.55","192.168.1.2","TCP","1514","8004  >  49962 [ACK] Seq=140646 Ack=141 Win=65024 Len=1448 TSval=2916033845 TSecr=3045553619 [TCP segment of a reassembled PDU]"
"11723","29.764801631","192.168.1.55","192.168.1.2","TCP","1514","8004  >  49962 [ACK] Seq=142094 Ack=141 Win=65024 Len=1448 TSval=2916033845 TSecr=3045553619 [TCP segment of a reassembled PDU]"
"11724","29.764802760","192.168.1.55","192.168.1.2","TCP","1514","8004  >  49962 [ACK] Seq=143542 Ack=141 Win=65024 Len=1448 TSval=2916033845 TSecr=3045553619 [TCP segment of a reassembled PDU]"
"11725","29.764804334","192.168.1.55","192.168.1.2","TCP","1514","8004  >  49962 [ACK] Seq=144990 Ack=141 Win=65024 Len=1448 TSval=2916033845 TSecr=3045553619 [TCP segment of a reassembled PDU]"
"11726","29.764805723","192.168.1.55","192.168.1.2","TCP","1514","8004  >  49962 [ACK] Seq=146438 Ack=141 Win=65024 Len=1448 TSval=2916033845 TSecr=3045553619 [TCP segment of a reassembled PDU]"
"11727","29.764806816","192.168.1.55","192.168.1.2","TCP","1514","8004  >  49962 [ACK] Seq=147886 Ack=141 Win=65024 Len=1448 TSval=2916033845 TSecr=3045553619 [TCP segment of a reassembled PDU]"
"11728","29.764808390","192.168.1.55","192.168.1.2","TCP","1514","8004  >  49962 [ACK] Seq=149334 Ack=141 Win=65024 Len=1448 TSval=2916033845 TSecr=3045553619 [TCP segment of a reassembled PDU]"
"11729","29.764809557","192.168.1.55","192.168.1.2","TCP","1514","8004  >  49962 [ACK] Seq=150782 Ack=141 Win=65024 Len=1448 TSval=2916033845 TSecr=3045553619 [TCP segment of a reassembled PDU]"
"11730","29.764810890","192.168.1.55","192.168.1.2","TCP","1514","8004  >  49962 [ACK] Seq=152230 Ack=141 Win=65024 Len=1448 TSval=2916033845 TSecr=3045553619 [TCP segment of a reassembled PDU]"
"11731","29.764812223","192.168.1.55","192.168.1.2","TCP","1514","8004  >  49962 [PSH, ACK] Seq=153678 Ack=141 Win=65024 Len=1448 TSval=2916033845 TSecr=3045553619 [TCP segment of a reassembled PDU]"
"11732","29.764821649","192.168.1.55","192.168.1.2","TCP","1514","8004  >  49962 [ACK] Seq=155126 Ack=141 Win=65024 Len=1448 TSval=2916033845 TSecr=3045553619 [TCP segment of a reassembled PDU]"
"11733","29.764823038","192.168.1.55","192.168.1.2","TCP","1514","8004  >  49962 [ACK] Seq=156574 Ack=141 Win=65024 Len=1448 TSval=2916033845 TSecr=3045553619 [TCP segment of a reassembled PDU]"
"11734","29.764824260","192.168.1.55","192.168.1.2","TCP","514","[TCP Window Full] 8004  >  49962 [PSH, ACK] Seq=158022 Ack=141 Win=65024 Len=448 TSval=2916033845 TSecr=3045553619 [TCP segment of a reassembled PDU]"
"11735","29.770886251","192.168.1.2","192.168.1.55","TCP","66","49962  >  8004 [ACK] Seq=141 Ack=105894 Win=86016 Len=0 TSval=3045553624 TSecr=2916033845"
"11736","29.770940103","192.168.1.55","192.168.1.2","TCP","1514","8004  >  49962 [ACK] Seq=158470 Ack=141 Win=65024 Len=1448 TSval=2916033851 TSecr=3045553624 [TCP segment of a reassembled PDU]"
"11737","29.770944011","192.168.1.55","192.168.1.2","TCP","1514","8004  >  49962 [ACK] Seq=159918 Ack=141 Win=65024 Len=1448 TSval=2916033851 TSecr=3045553624 [TCP segment of a reassembled PDU]"
"11738","29.770945714","192.168.1.55","192.168.1.2","TCP","1514","8004  >  49962 [ACK] Seq=161366 Ack=141 Win=65024 Len=1448 TSval=2916033851 TSecr=3045553624 [TCP segment of a reassembled PDU]"
"11739","29.770946807","192.168.1.55","192.168.1.2","TCP","1514","8004  >  49962 [ACK] Seq=162814 Ack=141 Win=65024 Len=1448 TSval=2916033851 TSecr=3045553624 [TCP segment of a reassembled PDU]"
"11740","29.770948714","192.168.1.55","192.168.1.2","TCP","1514","8004  >  49962 [ACK] Seq=164262 Ack=141 Win=65024 Len=1448 TSval=2916033851 TSecr=3045553624 [TCP segment of a reassembled PDU]"
"11741","29.770950807","192.168.1.55","192.168.1.2","TCP","1514","8004  >  49962 [ACK] Seq=165710 Ack=141 Win=65024 Len=1448 TSval=2916033851 TSecr=3045553624 [TCP segment of a reassembled PDU]"
"11742","29.770952603","192.168.1.55","192.168.1.2","TCP","1514","8004  >  49962 [ACK] Seq=167158 Ack=141 Win=65024 Len=1448 TSval=2916033851 TSecr=3045553624 [TCP segment of a reassembled PDU]"
"11743","29.770953992","192.168.1.55","192.168.1.2","TCP","1514","8004  >  49962 [ACK] Seq=168606 Ack=141 Win=65024 Len=1448 TSval=2916033851 TSecr=3045553624 [TCP segment of a reassembled PDU]"
"11744","29.770955918","192.168.1.55","192.168.1.2","TCP","1514","8004  >  49962 [ACK] Seq=170054 Ack=141 Win=65024 Len=1448 TSval=2916033851 TSecr=3045553624 [TCP segment of a reassembled PDU]"
"11745","29.770957900","192.168.1.55","192.168.1.2","TCP","1514","8004  >  49962 [ACK] Seq=171502 Ack=141 Win=65024 Len=1448 TSval=2916033851 TSecr=3045553624 [TCP segment of a reassembled PDU]"
"11746","29.770959066","192.168.1.55","192.168.1.2","TCP","1514","8004  >  49962 [ACK] Seq=172950 Ack=141 Win=65024 Len=1448 TSval=2916033851 TSecr=3045553624 [TCP segment of a reassembled PDU]"
"11747","29.770960455","192.168.1.55","192.168.1.2","TCP","1514","8004  >  49962 [ACK] Seq=174398 Ack=141 Win=65024 Len=1448 TSval=2916033851 TSecr=3045553624 [TCP segment of a reassembled PDU]"
"11748","29.770963066","192.168.1.55","192.168.1.2","TCP","1514","8004  >  49962 [ACK] Seq=175846 Ack=141 Win=65024 Len=1448 TSval=2916033851 TSecr=3045553624 [TCP segment of a reassembled PDU]"
"11749","29.770964714","192.168.1.55","192.168.1.2","TCP","1514","8004  >  49962 [ACK] Seq=177294 Ack=141 Win=65024 Len=1448 TSval=2916033851 TSecr=3045553624 [TCP segment of a reassembled PDU]"
"11750","29.770966029","192.168.1.55","192.168.1.2","TCP","1514","8004  >  49962 [ACK] Seq=178742 Ack=141 Win=65024 Len=1448 TSval=2916033851 TSecr=3045553624 [TCP segment of a reassembled PDU]"
"11751","29.770967863","192.168.1.55","192.168.1.2","TCP","1514","8004  >  49962 [ACK] Seq=180190 Ack=141 Win=65024 Len=1448 TSval=2916033851 TSecr=3045553624 [TCP segment of a reassembled PDU]"
"11752","29.770969714","192.168.1.55","192.168.1.2","TCP","1514","8004  >  49962 [ACK] Seq=181638 Ack=141 Win=65024 Len=1448 TSval=2916033851 TSecr=3045553624 [TCP segment of a reassembled PDU]"
"11753","29.770971437","192.168.1.55","192.168.1.2","TCP","1514","8004  >  49962 [ACK] Seq=183086 Ack=141 Win=65024 Len=1448 TSval=2916033851 TSecr=3045553624 [TCP segment of a reassembled PDU]"
"11754","29.770972826","192.168.1.55","192.168.1.2","TCP","1514","8004  >  49962 [ACK] Seq=184534 Ack=141 Win=65024 Len=1448 TSval=2916033851 TSecr=3045553624 [TCP segment of a reassembled PDU]"
"11755","29.770974270","192.168.1.55","192.168.1.2","TCP","1514","8004  >  49962 [ACK] Seq=185982 Ack=141 Win=65024 Len=1448 TSval=2916033851 TSecr=3045553624 [TCP segment of a reassembled PDU]"
"11756","29.770976233","192.168.1.55","192.168.1.2","TCP","1514","8004  >  49962 [ACK] Seq=187430 Ack=141 Win=65024 Len=1448 TSval=2916033851 TSecr=3045553624 [TCP segment of a reassembled PDU]"
"11757","29.770978103","192.168.1.55","192.168.1.2","TCP","1514","8004  >  49962 [ACK] Seq=188878 Ack=141 Win=65024 Len=1448 TSval=2916033851 TSecr=3045553624 [TCP segment of a reassembled PDU]"
"11758","29.770979289","192.168.1.55","192.168.1.2","TCP","1514","8004  >  49962 [PSH, ACK] Seq=190326 Ack=141 Win=65024 Len=1448 TSval=2916033851 TSecr=3045553624 [TCP segment of a reassembled PDU]"
"11759","29.771074492","192.168.1.2","192.168.1.55","TCP","66","49962  >  8004 [ACK] Seq=141 Ack=116030 Win=92160 Len=0 TSval=3045553624 TSecr=2916033845"
"11760","29.771092881","192.168.1.55","192.168.1.2","TCP","1514","8004  >  49962 [ACK] Seq=191774 Ack=141 Win=65024 Len=1448 TSval=2916033851 TSecr=3045553624 [TCP segment of a reassembled PDU]"
"11761","29.771095400","192.168.1.55","192.168.1.2","TCP","1514","8004  >  49962 [ACK] Seq=193222 Ack=141 Win=65024 Len=1448 TSval=2916033851 TSecr=3045553624 [TCP segment of a reassembled PDU]"
"11762","29.771097141","192.168.1.55","192.168.1.2","TCP","1514","8004  >  49962 [ACK] Seq=194670 Ack=141 Win=65024 Len=1448 TSval=2916033851 TSecr=3045553624 [TCP segment of a reassembled PDU]"
"11763","29.771098233","192.168.1.55","192.168.1.2","TCP","1514","8004  >  49962 [ACK] Seq=196118 Ack=141 Win=65024 Len=1448 TSval=2916033851 TSecr=3045553624 [TCP segment of a reassembled PDU]"
"11764","29.771099455","192.168.1.55","192.168.1.2","TCP","1514","8004  >  49962 [PSH, ACK] Seq=197566 Ack=141 Win=65024 Len=1448 TSval=2916033851 TSecr=3045553624 [TCP segment of a reassembled PDU]"
"11765","29.771108733","192.168.1.55","192.168.1.2","TCP","1066","8004  >  49962 [ACK] Seq=199014 Ack=141 Win=65024 Len=1000 TSval=2916033851 TSecr=3045553624 [TCP segment of a reassembled PDU]"
"11766","29.771112233","192.168.1.2","192.168.1.55","TCP","66","49962  >  8004 [ACK] Seq=141 Ack=150782 Win=68608 Len=0 TSval=3045553624 TSecr=2916033845"
"11767","29.771120548","192.168.1.2","192.168.1.55","TCP","66","49962  >  8004 [ACK] Seq=141 Ack=155126 Win=101376 Len=0 TSval=3045553625 TSecr=2916033845"
"11768","29.771186604","192.168.1.55","192.168.1.2","TCP","1514","8004  >  49962 [ACK] Seq=200014 Ack=141 Win=65024 Len=1448 TSval=2916033851 TSecr=3045553625 [TCP segment of a reassembled PDU]"
"11769","29.771188289","192.168.1.55","192.168.1.2","TCP","1514","8004  >  49962 [ACK] Seq=201462 Ack=141 Win=65024 Len=1448 TSval=2916033851 TSecr=3045553625 [TCP segment of a reassembled PDU]"
"11770","29.771189511","192.168.1.55","192.168.1.2","TCP","1514","8004  >  49962 [ACK] Seq=202910 Ack=141 Win=65024 Len=1448 TSval=2916033851 TSecr=3045553625 [TCP segment of a reassembled PDU]"
"11771","29.771200437","192.168.1.55","192.168.1.2","TCP","1514","8004  >  49962 [ACK] Seq=204358 Ack=141 Win=65024 Len=1448 TSval=2916033851 TSecr=3045553625 [TCP segment of a reassembled PDU]"
"11772","29.771202326","192.168.1.55","192.168.1.2","TCP","1514","8004  >  49962 [ACK] Seq=205806 Ack=141 Win=65024 Len=1448 TSval=2916033851 TSecr=3045553625 [TCP segment of a reassembled PDU]"
"11773","29.771204937","192.168.1.55","192.168.1.2","TCP","1514","8004  >  49962 [ACK] Seq=207254 Ack=141 Win=65024 Len=1448 TSval=2916033851 TSecr=3045553625 [TCP segment of a reassembled PDU]"
"11774","29.771206548","192.168.1.55","192.168.1.2","TCP","1514","8004  >  49962 [ACK] Seq=208702 Ack=141 Win=65024 Len=1448 TSval=2916033851 TSecr=3045553625 [TCP segment of a reassembled PDU]"
"11775","29.771207956","192.168.1.55","192.168.1.2","TCP","1514","8004  >  49962 [ACK] Seq=210150 Ack=141 Win=65024 Len=1448 TSval=2916033851 TSecr=3045553625 [TCP segment of a reassembled PDU]"
"11776","29.771209456","192.168.1.55","192.168.1.2","TCP","1514","8004  >  49962 [ACK] Seq=211598 Ack=141 Win=65024 Len=1448 TSval=2916033851 TSecr=3045553625 [TCP segment of a reassembled PDU]"
"11777","29.771210659","192.168.1.55","192.168.1.2","TCP","1514","8004  >  49962 [ACK] Seq=213046 Ack=141 Win=65024 Len=1448 TSval=2916033851 TSecr=3045553625 [TCP segment of a reassembled PDU]"
"11778","29.771212604","192.168.1.55","192.168.1.2","TCP","1514","8004  >  49962 [ACK] Seq=214494 Ack=141 Win=65024 Len=1448 TSval=2916033851 TSecr=3045553625 [TCP segment of a reassembled PDU]"
"11779","29.771213956","192.168.1.55","192.168.1.2","TCP","1514","8004  >  49962 [ACK] Seq=215942 Ack=141 Win=65024 Len=1448 TSval=2916033851 TSecr=3045553625 [TCP segment of a reassembled PDU]"
"11780","29.771215326","192.168.1.55","192.168.1.2","TCP","1514","8004  >  49962 [ACK] Seq=217390 Ack=141 Win=65024 Len=1448 TSval=2916033851 TSecr=3045553625 [TCP segment of a reassembled PDU]"
"11781","29.771216993","192.168.1.55","192.168.1.2","TCP","1514","8004  >  49962 [ACK] Seq=218838 Ack=141 Win=65024 Len=1448 TSval=2916033851 TSecr=3045553625 [TCP segment of a reassembled PDU]"
"11782","29.771218622","192.168.1.55","192.168.1.2","TCP","1514","8004  >  49962 [ACK] Seq=220286 Ack=141 Win=65024 Len=1448 TSval=2916033851 TSecr=3045553625 [TCP segment of a reassembled PDU]"
"11783","29.771220252","192.168.1.55","192.168.1.2","TCP","1514","8004  >  49962 [ACK] Seq=221734 Ack=141 Win=65024 Len=1448 TSval=2916033851 TSecr=3045553625 [TCP segment of a reassembled PDU]"
"11784","29.771221585","192.168.1.55","192.168.1.2","TCP","1514","8004  >  49962 [ACK] Seq=223182 Ack=141 Win=65024 Len=1448 TSval=2916033851 TSecr=3045553625 [TCP segment of a reassembled PDU]"
"11785","29.771222956","192.168.1.55","192.168.1.2","TCP","1514","8004  >  49962 [ACK] Seq=224630 Ack=141 Win=65024 Len=1448 TSval=2916033851 TSecr=3045553625 [TCP segment of a reassembled PDU]"
"11786","29.771224382","192.168.1.55","192.168.1.2","TCP","1514","8004  >  49962 [ACK] Seq=226078 Ack=141 Win=65024 Len=1448 TSval=2916033851 TSecr=3045553625 [TCP segment of a reassembled PDU]"
"11787","29.771226085","192.168.1.55","192.168.1.2","TCP","1514","8004  >  49962 [ACK] Seq=227526 Ack=141 Win=65024 Len=1448 TSval=2916033851 TSecr=3045553625 [TCP segment of a reassembled PDU]"
"11788","29.771227622","192.168.1.55","192.168.1.2","TCP","1514","8004  >  49962 [ACK] Seq=228974 Ack=141 Win=65024 Len=1448 TSval=2916033851 TSecr=3045553625 [TCP segment of a reassembled PDU]"
"11789","29.771229530","192.168.1.55","192.168.1.2","TCP","1514","8004  >  49962 [ACK] Seq=230422 Ack=141 Win=65024 Len=1448 TSval=2916033851 TSecr=3045553625 [TCP segment of a reassembled PDU]"
"11790","29.771231326","192.168.1.55","192.168.1.2","TCP","1514","8004  >  49962 [ACK] Seq=231870 Ack=141 Win=65024 Len=1448 TSval=2916033851 TSecr=3045553625 [TCP segment of a reassembled PDU]"
"11791","29.771233215","192.168.1.55","192.168.1.2","TCP","1514","8004  >  49962 [ACK] Seq=233318 Ack=141 Win=65024 Len=1448 TSval=2916033851 TSecr=3045553625 [TCP segment of a reassembled PDU]"
"11792","29.771234622","192.168.1.55","192.168.1.2","TCP","1514","8004  >  49962 [ACK] Seq=234766 Ack=141 Win=65024 Len=1448 TSval=2916033851 TSecr=3045553625 [TCP segment of a reassembled PDU]"
"11793","29.771236104","192.168.1.55","192.168.1.2","TCP","1514","8004  >  49962 [ACK] Seq=236214 Ack=141 Win=65024 Len=1448 TSval=2916033851 TSecr=3045553625 [TCP segment of a reassembled PDU]"
"11794","29.771238196","192.168.1.55","192.168.1.2","TCP","1514","8004  >  49962 [ACK] Seq=237662 Ack=141 Win=65024 Len=1448 TSval=2916033851 TSecr=3045553625 [TCP segment of a reassembled PDU]"
"11795","29.771239567","192.168.1.55","192.168.1.2","TCP","1514","8004  >  49962 [ACK] Seq=239110 Ack=141 Win=65024 Len=1448 TSval=2916033851 TSecr=3045553625 [TCP segment of a reassembled PDU]"
"11796","29.771241993","192.168.1.55","192.168.1.2","TCP","1514","8004  >  49962 [ACK] Seq=240558 Ack=141 Win=65024 Len=1448 TSval=2916033851 TSecr=3045553625 [TCP segment of a reassembled PDU]"
"11797","29.771244511","192.168.1.55","192.168.1.2","TCP","1514","8004  >  49962 [ACK] Seq=242006 Ack=141 Win=65024 Len=1448 TSval=2916033851 TSecr=3045553625 [TCP segment of a reassembled PDU]"
"11798","29.771245733","192.168.1.55","192.168.1.2","TCP","1514","8004  >  49962 [PSH, ACK] Seq=243454 Ack=141 Win=65024 Len=1448 TSval=2916033851 TSecr=3045553625 [TCP segment of a reassembled PDU]"
"11799","29.771250919","192.168.1.2","192.168.1.55","TCP","66","49962  >  8004 [ACK] Seq=141 Ack=158470 Win=101376 Len=0 TSval=3045553625 TSecr=2916033845"
"11800","29.772512402","192.168.1.55","192.168.1.2","TCP","1514","8004  >  49962 [ACK] Seq=244902 Ack=141 Win=65024 Len=1448 TSval=2916033853 TSecr=3045553625 [TCP segment of a reassembled PDU]"
"11801","29.772519476","192.168.1.55","192.168.1.2","TCP","1514","8004  >  49962 [ACK] Seq=246350 Ack=141 Win=65024 Len=1448 TSval=2916033853 TSecr=3045553625 [TCP segment of a reassembled PDU]"
"11802","29.772521032","192.168.1.55","192.168.1.2","TCP","1514","8004  >  49962 [ACK] Seq=247798 Ack=141 Win=65024 Len=1448 TSval=2916033853 TSecr=3045553625 [TCP segment of a reassembled PDU]"
"11803","29.772522513","192.168.1.55","192.168.1.2","TCP","1514","8004  >  49962 [ACK] Seq=249246 Ack=141 Win=65024 Len=1448 TSval=2916033853 TSecr=3045553625 [TCP segment of a reassembled PDU]"
"11804","29.772524235","192.168.1.55","192.168.1.2","TCP","1514","8004  >  49962 [ACK] Seq=250694 Ack=141 Win=65024 Len=1448 TSval=2916033853 TSecr=3045553625 [TCP segment of a reassembled PDU]"
"11805","29.772525476","192.168.1.55","192.168.1.2","TCP","1514","8004  >  49962 [ACK] Seq=252142 Ack=141 Win=65024 Len=1448 TSval=2916033853 TSecr=3045553625 [TCP segment of a reassembled PDU]"
"11806","29.772527032","192.168.1.55","192.168.1.2","TCP","1514","8004  >  49962 [ACK] Seq=253590 Ack=141 Win=65024 Len=1448 TSval=2916033853 TSecr=3045553625 [TCP segment of a reassembled PDU]"
"11807","29.772529421","192.168.1.55","192.168.1.2","TCP","1514","8004  >  49962 [ACK] Seq=255038 Ack=141 Win=65024 Len=1448 TSval=2916033853 TSecr=3045553625 [TCP segment of a reassembled PDU]"
"11808","29.772530939","192.168.1.55","192.168.1.2","TCP","1514","8004  >  49962 [ACK] Seq=256486 Ack=141 Win=65024 Len=1448 TSval=2916033853 TSecr=3045553625 [TCP segment of a reassembled PDU]"
"11809","29.772532402","192.168.1.55","192.168.1.2","TCP","1514","8004  >  49962 [PSH, ACK] Seq=257934 Ack=141 Win=65024 Len=1448 TSval=2916033853 TSecr=3045553625 [TCP segment of a reassembled PDU]"
"11810","29.778429171","192.168.1.2","192.168.1.55","TCP","66","49962  >  8004 [ACK] Seq=141 Ack=191774 Win=77824 Len=0 TSval=3045553631 TSecr=2916033851"
"11811","29.778480337","192.168.1.55","192.168.1.2","TCP","1514","8004  >  49962 [ACK] Seq=259382 Ack=141 Win=65024 Len=1448 TSval=2916033859 TSecr=3045553631 [TCP segment of a reassembled PDU]"
"11812","29.778483800","192.168.1.55","192.168.1.2","TCP","1514","8004  >  49962 [ACK] Seq=260830 Ack=141 Win=65024 Len=1448 TSval=2916033859 TSecr=3045553631 [TCP segment of a reassembled PDU]"
"11813","29.778485282","192.168.1.55","192.168.1.2","TCP","1514","8004  >  49962 [ACK] Seq=262278 Ack=141 Win=65024 Len=1448 TSval=2916033859 TSecr=3045553631 [TCP segment of a reassembled PDU]"
"11814","29.778486486","192.168.1.55","192.168.1.2","TCP","1514","8004  >  49962 [ACK] Seq=263726 Ack=141 Win=65024 Len=1448 TSval=2916033859 TSecr=3045553631 [TCP segment of a reassembled PDU]"
"11815","29.778487819","192.168.1.55","192.168.1.2","TCP","1514","8004  >  49962 [ACK] Seq=265174 Ack=141 Win=65024 Len=1448 TSval=2916033859 TSecr=3045553631 [TCP segment of a reassembled PDU]"
"11816","29.778489152","192.168.1.55","192.168.1.2","TCP","1514","8004  >  49962 [ACK] Seq=266622 Ack=141 Win=65024 Len=1448 TSval=2916033859 TSecr=3045553631 [TCP segment of a reassembled PDU]"
"11817","29.778490448","192.168.1.55","192.168.1.2","TCP","1514","8004  >  49962 [PSH, ACK] Seq=268070 Ack=141 Win=65024 Len=1448 TSval=2916033859 TSecr=3045553631 [TCP segment of a reassembled PDU]"
"11818","29.778526597","192.168.1.2","192.168.1.55","TCP","66","49962  >  8004 [ACK] Seq=141 Ack=215942 Win=54272 Len=0 TSval=3045553631 TSecr=2916033851"
"11819","29.782168528","192.168.1.2","192.168.1.55","TCP","66","49962  >  8004 [ACK] Seq=141 Ack=244902 Win=81920 Len=0 TSval=3045553634 TSecr=2916033851"
"11820","29.782191306","192.168.1.55","192.168.1.2","TCP","1514","8004  >  49962 [ACK] Seq=269518 Ack=141 Win=65024 Len=1448 TSval=2916033862 TSecr=3045553634 [TCP segment of a reassembled PDU]"
"11821","29.782194214","192.168.1.55","192.168.1.2","TCP","1514","8004  >  49962 [ACK] Seq=270966 Ack=141 Win=65024 Len=1448 TSval=2916033862 TSecr=3045553634 [TCP segment of a reassembled PDU]"
"11822","29.782195288","192.168.1.55","192.168.1.2","TCP","1514","8004  >  49962 [ACK] Seq=272414 Ack=141 Win=65024 Len=1448 TSval=2916033862 TSecr=3045553634 [TCP segment of a reassembled PDU]"
"11823","29.782196343","192.168.1.55","192.168.1.2","TCP","1514","8004  >  49962 [ACK] Seq=273862 Ack=141 Win=65024 Len=1448 TSval=2916033862 TSecr=3045553634 [TCP segment of a reassembled PDU]"
"11824","29.782197380","192.168.1.55","192.168.1.2","TCP","1514","8004  >  49962 [ACK] Seq=275310 Ack=141 Win=65024 Len=1448 TSval=2916033862 TSecr=3045553634 [TCP segment of a reassembled PDU]"
"11825","29.782198436","192.168.1.55","192.168.1.2","TCP","1514","8004  >  49962 [ACK] Seq=276758 Ack=141 Win=65024 Len=1448 TSval=2916033862 TSecr=3045553634 [TCP segment of a reassembled PDU]"
"11826","29.782199454","192.168.1.55","192.168.1.2","TCP","1514","8004  >  49962 [ACK] Seq=278206 Ack=141 Win=65024 Len=1448 TSval=2916033862 TSecr=3045553634 [TCP segment of a reassembled PDU]"
"11827","29.782200473","192.168.1.55","192.168.1.2","TCP","1514","8004  >  49962 [ACK] Seq=279654 Ack=141 Win=65024 Len=1448 TSval=2916033862 TSecr=3045553634 [TCP segment of a reassembled PDU]"
"11828","29.782201547","192.168.1.55","192.168.1.2","TCP","1514","8004  >  49962 [ACK] Seq=281102 Ack=141 Win=65024 Len=1448 TSval=2916033862 TSecr=3045553634 [TCP segment of a reassembled PDU]"
"11829","29.782202510","192.168.1.55","192.168.1.2","TCP","1514","8004  >  49962 [ACK] Seq=282550 Ack=141 Win=65024 Len=1448 TSval=2916033862 TSecr=3045553634 [TCP segment of a reassembled PDU]"
"11830","29.782203547","192.168.1.55","192.168.1.2","TCP","1514","8004  >  49962 [ACK] Seq=283998 Ack=141 Win=65024 Len=1448 TSval=2916033862 TSecr=3045553634 [TCP segment of a reassembled PDU]"
"11831","29.782204602","192.168.1.55","192.168.1.2","TCP","1514","8004  >  49962 [ACK] Seq=285446 Ack=141 Win=65024 Len=1448 TSval=2916033862 TSecr=3045553634 [TCP segment of a reassembled PDU]"
"11832","29.782205584","192.168.1.55","192.168.1.2","TCP","1514","8004  >  49962 [ACK] Seq=286894 Ack=141 Win=65024 Len=1448 TSval=2916033862 TSecr=3045553634 [TCP segment of a reassembled PDU]"
"11833","29.782207121","192.168.1.55","192.168.1.2","TCP","1514","8004  >  49962 [PSH, ACK] Seq=288342 Ack=141 Win=65024 Len=1448 TSval=2916033862 TSecr=3045553634 [TCP segment of a reassembled PDU]"
"11834","29.782238751","192.168.1.55","192.168.1.2","TCP","1514","8004  >  49962 [ACK] Seq=289790 Ack=141 Win=65024 Len=1448 TSval=2916033862 TSecr=3045553634 [TCP segment of a reassembled PDU]"
"11835","29.782240195","192.168.1.55","192.168.1.2","TCP","1514","8004  >  49962 [ACK] Seq=291238 Ack=141 Win=65024 Len=1448 TSval=2916033862 TSecr=3045553634 [TCP segment of a reassembled PDU]"
"11836","29.782241380","192.168.1.55","192.168.1.2","TCP","1514","8004  >  49962 [ACK] Seq=292686 Ack=141 Win=65024 Len=1448 TSval=2916033862 TSecr=3045553634 [TCP segment of a reassembled PDU]"
"11837","29.782242399","192.168.1.55","192.168.1.2","TCP","1514","8004  >  49962 [ACK] Seq=294134 Ack=141 Win=65024 Len=1448 TSval=2916033862 TSecr=3045553634 [TCP segment of a reassembled PDU]"
"11838","29.782243491","192.168.1.55","192.168.1.2","TCP","1514","8004  >  49962 [ACK] Seq=295582 Ack=141 Win=65024 Len=1448 TSval=2916033862 TSecr=3045553634 [TCP segment of a reassembled PDU]"
"11839","29.782244547","192.168.1.55","192.168.1.2","TCP","1514","8004  >  49962 [ACK] Seq=297030 Ack=141 Win=65024 Len=1448 TSval=2916033862 TSecr=3045553634 [TCP segment of a reassembled PDU]"
"11840","29.782245547","192.168.1.55","192.168.1.2","TCP","1514","8004  >  49962 [ACK] Seq=298478 Ack=141 Win=65024 Len=1448 TSval=2916033862 TSecr=3045553634 [TCP segment of a reassembled PDU]"
"11841","29.782246565","192.168.1.55","192.168.1.2","TCP","1514","8004  >  49962 [ACK] Seq=299926 Ack=141 Win=65024 Len=1448 TSval=2916033862 TSecr=3045553634 [TCP segment of a reassembled PDU]"
"11842","29.782247565","192.168.1.55","192.168.1.2","TCP","1514","8004  >  49962 [ACK] Seq=301374 Ack=141 Win=65024 Len=1448 TSval=2916033862 TSecr=3045553634 [TCP segment of a reassembled PDU]"
"11843","29.782248732","192.168.1.55","192.168.1.2","TCP","1514","8004  >  49962 [ACK] Seq=302822 Ack=141 Win=65024 Len=1448 TSval=2916033862 TSecr=3045553634 [TCP segment of a reassembled PDU]"
"11844","29.782249714","192.168.1.55","192.168.1.2","TCP","1514","8004  >  49962 [ACK] Seq=304270 Ack=141 Win=65024 Len=1448 TSval=2916033862 TSecr=3045553634 [TCP segment of a reassembled PDU]"
"11845","29.782250732","192.168.1.55","192.168.1.2","TCP","1514","8004  >  49962 [ACK] Seq=305718 Ack=141 Win=65024 Len=1448 TSval=2916033862 TSecr=3045553634 [TCP segment of a reassembled PDU]"
"11846","29.782251843","192.168.1.55","192.168.1.2","TCP","1514","8004  >  49962 [ACK] Seq=307166 Ack=141 Win=65024 Len=1448 TSval=2916033862 TSecr=3045553634 [TCP segment of a reassembled PDU]"
"11847","29.782252862","192.168.1.55","192.168.1.2","TCP","1514","8004  >  49962 [ACK] Seq=308614 Ack=141 Win=65024 Len=1448 TSval=2916033862 TSecr=3045553634 [TCP segment of a reassembled PDU]"
"11848","29.782254084","192.168.1.55","192.168.1.2","TCP","1514","8004  >  49962 [ACK] Seq=310062 Ack=141 Win=65024 Len=1448 TSval=2916033862 TSecr=3045553634 [TCP segment of a reassembled PDU]"
"11849","29.782255177","192.168.1.55","192.168.1.2","TCP","1514","8004  >  49962 [ACK] Seq=311510 Ack=141 Win=65024 Len=1448 TSval=2916033862 TSecr=3045553634 [TCP segment of a reassembled PDU]"
"11850","29.782256177","192.168.1.55","192.168.1.2","TCP","1514","8004  >  49962 [ACK] Seq=312958 Ack=141 Win=65024 Len=1448 TSval=2916033862 TSecr=3045553634 [TCP segment of a reassembled PDU]"
"11851","29.782257325","192.168.1.55","192.168.1.2","TCP","1514","8004  >  49962 [ACK] Seq=314406 Ack=141 Win=65024 Len=1448 TSval=2916033862 TSecr=3045553634 [TCP segment of a reassembled PDU]"
"11852","29.782258306","192.168.1.55","192.168.1.2","TCP","1514","8004  >  49962 [ACK] Seq=315854 Ack=141 Win=65024 Len=1448 TSval=2916033862 TSecr=3045553634 [TCP segment of a reassembled PDU]"
"11853","29.782259399","192.168.1.55","192.168.1.2","TCP","1514","8004  >  49962 [ACK] Seq=317302 Ack=141 Win=65024 Len=1448 TSval=2916033862 TSecr=3045553634 [TCP segment of a reassembled PDU]"
"11854","29.782260510","192.168.1.55","192.168.1.2","TCP","1514","8004  >  49962 [ACK] Seq=318750 Ack=141 Win=65024 Len=1448 TSval=2916033862 TSecr=3045553634 [TCP segment of a reassembled PDU]"
"11855","29.782261547","192.168.1.55","192.168.1.2","TCP","1514","8004  >  49962 [ACK] Seq=320198 Ack=141 Win=65024 Len=1448 TSval=2916033862 TSecr=3045553634 [TCP segment of a reassembled PDU]"
"11856","29.782262788","192.168.1.55","192.168.1.2","TCP","1514","8004  >  49962 [ACK] Seq=321646 Ack=141 Win=65024 Len=1448 TSval=2916033862 TSecr=3045553634 [TCP segment of a reassembled PDU]"
"11857","29.782263806","192.168.1.55","192.168.1.2","TCP","1514","8004  >  49962 [ACK] Seq=323094 Ack=141 Win=65024 Len=1448 TSval=2916033862 TSecr=3045553634 [TCP segment of a reassembled PDU]"
"11858","29.782264936","192.168.1.55","192.168.1.2","TCP","1514","8004  >  49962 [ACK] Seq=324542 Ack=141 Win=65024 Len=1448 TSval=2916033862 TSecr=3045553634 [TCP segment of a reassembled PDU]"
"11859","29.782266380","192.168.1.55","192.168.1.2","TCP","898","[TCP Window Full] 8004  >  49962 [PSH, ACK] Seq=325990 Ack=141 Win=65024 Len=832 TSval=2916033862 TSecr=3045553634 [TCP segment of a reassembled PDU]"
"11860","29.782295491","192.168.1.2","192.168.1.55","TCP","66","49962  >  8004 [ACK] Seq=141 Ack=259382 Win=67584 Len=0 TSval=3045553634 TSecr=2916033853"
"11861","29.782350862","192.168.1.2","192.168.1.55","TCP","66","49962  >  8004 [ACK] Seq=141 Ack=260830 Win=104448 Len=0 TSval=3045553635 TSecr=2916033859"
"11862","29.782361158","192.168.1.55","192.168.1.2","TCP","1514","8004  >  49962 [ACK] Seq=326822 Ack=141 Win=65024 Len=1448 TSval=2916033863 TSecr=3045553635 [TCP segment of a reassembled PDU]"
"11863","29.782362751","192.168.1.55","192.168.1.2","TCP","1514","8004  >  49962 [ACK] Seq=328270 Ack=141 Win=65024 Len=1448 TSval=2916033863 TSecr=3045553635 [TCP segment of a reassembled PDU]"
"11864","29.782363825","192.168.1.55","192.168.1.2","TCP","1514","8004  >  49962 [ACK] Seq=329718 Ack=141 Win=65024 Len=1448 TSval=2916033863 TSecr=3045553635 [TCP segment of a reassembled PDU]"
"11865","29.782364788","192.168.1.55","192.168.1.2","TCP","1514","8004  >  49962 [ACK] Seq=331166 Ack=141 Win=65024 Len=1448 TSval=2916033863 TSecr=3045553635 [TCP segment of a reassembled PDU]"
"11866","29.782365843","192.168.1.55","192.168.1.2","TCP","1514","8004  >  49962 [PSH, ACK] Seq=332614 Ack=141 Win=65024 Len=1448 TSval=2916033863 TSecr=3045553635 [TCP segment of a reassembled PDU]"
"11867","29.782370825","192.168.1.55","192.168.1.2","TCP","682","8004  >  49962 [ACK] Seq=334062 Ack=141 Win=65024 Len=616 TSval=2916033863 TSecr=3045553635 [TCP segment of a reassembled PDU]"
"11868","29.782373862","192.168.1.2","192.168.1.55","TCP","66","49962  >  8004 [ACK] Seq=141 Ack=262278 Win=107520 Len=0 TSval=3045553636 TSecr=2916033859"
"11869","29.783584827","192.168.1.2","192.168.1.55","TCP","66","49962  >  8004 [ACK] Seq=141 Ack=269518 Win=121856 Len=0 TSval=3045553637 TSecr=2916033859"
"11870","29.783617531","192.168.1.55","192.168.1.2","TCP","1514","8004  >  49962 [ACK] Seq=334678 Ack=141 Win=65024 Len=1448 TSval=2916033864 TSecr=3045553637 [TCP segment of a reassembled PDU]"
"11871","29.783619419","192.168.1.55","192.168.1.2","TCP","1514","8004  >  49962 [ACK] Seq=336126 Ack=141 Win=65024 Len=1448 TSval=2916033864 TSecr=3045553637 [TCP segment of a reassembled PDU]"
"11872","29.783620364","192.168.1.55","192.168.1.2","TCP","1514","8004  >  49962 [ACK] Seq=337574 Ack=141 Win=65024 Len=1448 TSval=2916033864 TSecr=3045553637 [TCP segment of a reassembled PDU]"
"11873","29.783621438","192.168.1.55","192.168.1.2","TCP","1514","8004  >  49962 [ACK] Seq=339022 Ack=141 Win=65024 Len=1448 TSval=2916033864 TSecr=3045553637 [TCP segment of a reassembled PDU]"
"11874","29.783622549","192.168.1.55","192.168.1.2","TCP","1514","8004  >  49962 [ACK] Seq=340470 Ack=141 Win=65024 Len=1448 TSval=2916033864 TSecr=3045553637 [TCP segment of a reassembled PDU]"
"11875","29.783623605","192.168.1.55","192.168.1.2","TCP","1514","8004  >  49962 [ACK] Seq=341918 Ack=141 Win=65024 Len=1448 TSval=2916033864 TSecr=3045553637 [TCP segment of a reassembled PDU]"
"11876","29.783624753","192.168.1.55","192.168.1.2","TCP","1514","8004  >  49962 [ACK] Seq=343366 Ack=141 Win=65024 Len=1448 TSval=2916033864 TSecr=3045553637 [TCP segment of a reassembled PDU]"
"11877","29.783625753","192.168.1.55","192.168.1.2","TCP","1514","8004  >  49962 [ACK] Seq=344814 Ack=141 Win=65024 Len=1448 TSval=2916033864 TSecr=3045553637 [TCP segment of a reassembled PDU]"
"11878","29.783626845","192.168.1.55","192.168.1.2","TCP","1514","8004  >  49962 [ACK] Seq=346262 Ack=141 Win=65024 Len=1448 TSval=2916033864 TSecr=3045553637 [TCP segment of a reassembled PDU]"
"11879","29.783627827","192.168.1.55","192.168.1.2","TCP","1514","8004  >  49962 [ACK] Seq=347710 Ack=141 Win=65024 Len=1448 TSval=2916033864 TSecr=3045553637 [TCP segment of a reassembled PDU]"
"11880","29.783629364","192.168.1.55","192.168.1.2","TCP","1514","8004  >  49962 [ACK] Seq=349158 Ack=141 Win=65024 Len=1448 TSval=2916033864 TSecr=3045553637 [TCP segment of a reassembled PDU]"
"11881","29.783630531","192.168.1.55","192.168.1.2","TCP","1514","8004  >  49962 [ACK] Seq=350606 Ack=141 Win=65024 Len=1448 TSval=2916033864 TSecr=3045553637 [TCP segment of a reassembled PDU]"
"11882","29.783631586","192.168.1.55","192.168.1.2","TCP","1514","8004  >  49962 [ACK] Seq=352054 Ack=141 Win=65024 Len=1448 TSval=2916033864 TSecr=3045553637 [TCP segment of a reassembled PDU]"
"11883","29.783632716","192.168.1.55","192.168.1.2","TCP","1514","8004  >  49962 [ACK] Seq=353502 Ack=141 Win=65024 Len=1448 TSval=2916033864 TSecr=3045553637 [TCP segment of a reassembled PDU]"
"11884","29.783633716","192.168.1.55","192.168.1.2","TCP","1514","8004  >  49962 [ACK] Seq=354950 Ack=141 Win=65024 Len=1448 TSval=2916033864 TSecr=3045553637 [TCP segment of a reassembled PDU]"
"11885","29.783634697","192.168.1.55","192.168.1.2","TCP","1514","8004  >  49962 [ACK] Seq=356398 Ack=141 Win=65024 Len=1448 TSval=2916033864 TSecr=3045553637 [TCP segment of a reassembled PDU]"
"11886","29.783635753","192.168.1.55","192.168.1.2","TCP","1514","8004  >  49962 [ACK] Seq=357846 Ack=141 Win=65024 Len=1448 TSval=2916033864 TSecr=3045553637 [TCP segment of a reassembled PDU]"
"11887","29.783636827","192.168.1.55","192.168.1.2","TCP","1514","8004  >  49962 [ACK] Seq=359294 Ack=141 Win=65024 Len=1448 TSval=2916033864 TSecr=3045553637 [TCP segment of a reassembled PDU]"
"11888","29.783638142","192.168.1.55","192.168.1.2","TCP","1514","8004  >  49962 [ACK] Seq=360742 Ack=141 Win=65024 Len=1448 TSval=2916033864 TSecr=3045553637 [TCP segment of a reassembled PDU]"
"11889","29.783639123","192.168.1.55","192.168.1.2","TCP","1514","8004  >  49962 [ACK] Seq=362190 Ack=141 Win=65024 Len=1448 TSval=2916033864 TSecr=3045553637 [TCP segment of a reassembled PDU]"
"11890","29.783640179","192.168.1.55","192.168.1.2","TCP","1514","8004  >  49962 [ACK] Seq=363638 Ack=141 Win=65024 Len=1448 TSval=2916033864 TSecr=3045553637 [TCP segment of a reassembled PDU]"
"11891","29.783641253","192.168.1.55","192.168.1.2","TCP","1514","8004  >  49962 [ACK] Seq=365086 Ack=141 Win=65024 Len=1448 TSval=2916033864 TSecr=3045553637 [TCP segment of a reassembled PDU]"
"11892","29.783642401","192.168.1.55","192.168.1.2","TCP","1514","8004  >  49962 [ACK] Seq=366534 Ack=141 Win=65024 Len=1448 TSval=2916033864 TSecr=3045553637 [TCP segment of a reassembled PDU]"
"11893","29.783643382","192.168.1.55","192.168.1.2","TCP","1514","8004  >  49962 [ACK] Seq=367982 Ack=141 Win=65024 Len=1448 TSval=2916033864 TSecr=3045553637 [TCP segment of a reassembled PDU]"
"11894","29.783644753","192.168.1.55","192.168.1.2","TCP","1514","8004  >  49962 [ACK] Seq=369430 Ack=141 Win=65024 Len=1448 TSval=2916033864 TSecr=3045553637 [TCP segment of a reassembled PDU]"
"11895","29.783645790","192.168.1.55","192.168.1.2","TCP","1514","8004  >  49962 [ACK] Seq=370878 Ack=141 Win=65024 Len=1448 TSval=2916033864 TSecr=3045553637 [TCP segment of a reassembled PDU]"
"11896","29.783646901","192.168.1.55","192.168.1.2","TCP","1514","8004  >  49962 [ACK] Seq=372326 Ack=141 Win=65024 Len=1448 TSval=2916033864 TSecr=3045553637 [TCP segment of a reassembled PDU]"
"11897","29.783647957","192.168.1.55","192.168.1.2","TCP","1514","8004  >  49962 [ACK] Seq=373774 Ack=141 Win=65024 Len=1448 TSval=2916033864 TSecr=3045553637 [TCP segment of a reassembled PDU]"
"11898","29.783649049","192.168.1.55","192.168.1.2","TCP","1514","8004  >  49962 [ACK] Seq=375222 Ack=141 Win=65024 Len=1448 TSval=2916033864 TSecr=3045553637 [TCP segment of a reassembled PDU]"
"11899","29.783650216","192.168.1.55","192.168.1.2","TCP","1514","8004  >  49962 [ACK] Seq=376670 Ack=141 Win=65024 Len=1448 TSval=2916033864 TSecr=3045553637 [TCP segment of a reassembled PDU]"
"11900","29.783651197","192.168.1.55","192.168.1.2","TCP","1514","8004  >  49962 [PSH, ACK] Seq=378118 Ack=141 Win=65024 Len=1448 TSval=2916033864 TSecr=3045553637 [TCP segment of a reassembled PDU]"
"11901","29.783661771","192.168.1.55","192.168.1.2","TCP","1514","8004  >  49962 [ACK] Seq=379566 Ack=141 Win=65024 Len=1448 TSval=2916033864 TSecr=3045553637 [TCP segment of a reassembled PDU]"
"11902","29.783663086","192.168.1.55","192.168.1.2","TCP","1514","8004  >  49962 [ACK] Seq=381014 Ack=141 Win=65024 Len=1448 TSval=2916033864 TSecr=3045553637 [TCP segment of a reassembled PDU]"
"11903","29.783664049","192.168.1.55","192.168.1.2","TCP","1514","8004  >  49962 [ACK] Seq=382462 Ack=141 Win=65024 Len=1448 TSval=2916033864 TSecr=3045553637 [TCP segment of a reassembled PDU]"
"11904","29.783665105","192.168.1.55","192.168.1.2","TCP","1514","8004  >  49962 [ACK] Seq=383910 Ack=141 Win=65024 Len=1448 TSval=2916033864 TSecr=3045553637 [TCP segment of a reassembled PDU]"
"11905","29.783666068","192.168.1.55","192.168.1.2","TCP","1514","8004  >  49962 [ACK] Seq=385358 Ack=141 Win=65024 Len=1448 TSval=2916033864 TSecr=3045553637 [TCP segment of a reassembled PDU]"
"11906","29.783667123","192.168.1.55","192.168.1.2","TCP","1514","8004  >  49962 [ACK] Seq=386806 Ack=141 Win=65024 Len=1448 TSval=2916033864 TSecr=3045553637 [TCP segment of a reassembled PDU]"
"11907","29.783668457","192.168.1.55","192.168.1.2","TCP","1514","8004  >  49962 [ACK] Seq=388254 Ack=141 Win=65024 Len=1448 TSval=2916033864 TSecr=3045553637 [TCP segment of a reassembled PDU]"
"11908","29.783669420","192.168.1.55","192.168.1.2","TCP","1514","8004  >  49962 [PSH, ACK] Seq=389702 Ack=141 Win=65024 Len=1448 TSval=2916033864 TSecr=3045553637 [TCP segment of a reassembled PDU]"
"11909","29.792205526","192.168.1.2","192.168.1.55","TCP","66","49962  >  8004 [ACK] Seq=141 Ack=285446 Win=153600 Len=0 TSval=3045553645 TSecr=2916033862"
"11910","29.792283637","192.168.1.55","192.168.1.2","TCP","1514","8004  >  49962 [ACK] Seq=391150 Ack=141 Win=65024 Len=1448 TSval=2916033872 TSecr=3045553645 [TCP segment of a reassembled PDU]"
"11911","29.792287803","192.168.1.55","192.168.1.2","TCP","1514","8004  >  49962 [ACK] Seq=392598 Ack=141 Win=65024 Len=1448 TSval=2916033872 TSecr=3045553645 [TCP segment of a reassembled PDU]"
"11912","29.792288822","192.168.1.55","192.168.1.2","TCP","1514","8004  >  49962 [ACK] Seq=394046 Ack=141 Win=65024 Len=1448 TSval=2916033872 TSecr=3045553645 [TCP segment of a reassembled PDU]"
"11913","29.792289785","192.168.1.55","192.168.1.2","TCP","1514","8004  >  49962 [ACK] Seq=395494 Ack=141 Win=65024 Len=1448 TSval=2916033872 TSecr=3045553645 [TCP segment of a reassembled PDU]"
"11914","29.792290674","192.168.1.55","192.168.1.2","TCP","1514","8004  >  49962 [ACK] Seq=396942 Ack=141 Win=65024 Len=1448 TSval=2916033872 TSecr=3045553645 [TCP segment of a reassembled PDU]"
"11915","29.792295452","192.168.1.55","192.168.1.2","TCP","1514","8004  >  49962 [ACK] Seq=398390 Ack=141 Win=65024 Len=1448 TSval=2916033872 TSecr=3045553645 [TCP segment of a reassembled PDU]"
"11916","29.792296340","192.168.1.55","192.168.1.2","TCP","1514","8004  >  49962 [ACK] Seq=399838 Ack=141 Win=65024 Len=1448 TSval=2916033872 TSecr=3045553645 [TCP segment of a reassembled PDU]"
"11917","29.792297489","192.168.1.55","192.168.1.2","TCP","1514","8004  >  49962 [ACK] Seq=401286 Ack=141 Win=65024 Len=1448 TSval=2916033872 TSecr=3045553645 [TCP segment of a reassembled PDU]"
"11918","29.792298581","192.168.1.55","192.168.1.2","TCP","1514","8004  >  49962 [ACK] Seq=402734 Ack=141 Win=65024 Len=1448 TSval=2916033872 TSecr=3045553645 [TCP segment of a reassembled PDU]"
"11919","29.792299581","192.168.1.55","192.168.1.2","TCP","1514","8004  >  49962 [ACK] Seq=404182 Ack=141 Win=65024 Len=1448 TSval=2916033872 TSecr=3045553645 [TCP segment of a reassembled PDU]"
"11920","29.792300618","192.168.1.55","192.168.1.2","TCP","1514","8004  >  49962 [ACK] Seq=405630 Ack=141 Win=65024 Len=1448 TSval=2916033872 TSecr=3045553645 [TCP segment of a reassembled PDU]"
"11921","29.792301600","192.168.1.55","192.168.1.2","TCP","1514","8004  >  49962 [ACK] Seq=407078 Ack=141 Win=65024 Len=1448 TSval=2916033872 TSecr=3045553645 [TCP segment of a reassembled PDU]"
"11922","29.792302729","192.168.1.55","192.168.1.2","TCP","1514","8004  >  49962 [ACK] Seq=408526 Ack=141 Win=65024 Len=1448 TSval=2916033872 TSecr=3045553645 [TCP segment of a reassembled PDU]"
"11923","29.792303803","192.168.1.55","192.168.1.2","TCP","1514","8004  >  49962 [ACK] Seq=409974 Ack=141 Win=65024 Len=1448 TSval=2916033872 TSecr=3045553645 [TCP segment of a reassembled PDU]"
"11924","29.792304952","192.168.1.55","192.168.1.2","TCP","1514","8004  >  49962 [ACK] Seq=411422 Ack=141 Win=65024 Len=1448 TSval=2916033872 TSecr=3045553645 [TCP segment of a reassembled PDU]"
"11925","29.792306007","192.168.1.55","192.168.1.2","TCP","1514","8004  >  49962 [ACK] Seq=412870 Ack=141 Win=65024 Len=1448 TSval=2916033872 TSecr=3045553645 [TCP segment of a reassembled PDU]"
"11926","29.792306952","192.168.1.55","192.168.1.2","TCP","1514","8004  >  49962 [ACK] Seq=414318 Ack=141 Win=65024 Len=1448 TSval=2916033872 TSecr=3045553645 [TCP segment of a reassembled PDU]"
"11927","29.792307822","192.168.1.55","192.168.1.2","TCP","1514","8004  >  49962 [ACK] Seq=415766 Ack=141 Win=65024 Len=1448 TSval=2916033872 TSecr=3045553645 [TCP segment of a reassembled PDU]"
"11928","29.792308970","192.168.1.55","192.168.1.2","TCP","1514","8004  >  49962 [ACK] Seq=417214 Ack=141 Win=65024 Len=1448 TSval=2916033872 TSecr=3045553645 [TCP segment of a reassembled PDU]"
"11929","29.792309878","192.168.1.55","192.168.1.2","TCP","1514","8004  >  49962 [ACK] Seq=418662 Ack=141 Win=65024 Len=1448 TSval=2916033872 TSecr=3045553645 [TCP segment of a reassembled PDU]"
"11930","29.792311044","192.168.1.55","192.168.1.2","TCP","1514","8004  >  49962 [ACK] Seq=420110 Ack=141 Win=65024 Len=1448 TSval=2916033872 TSecr=3045553645 [TCP segment of a reassembled PDU]"
"11931","29.792311989","192.168.1.55","192.168.1.2","TCP","1514","8004  >  49962 [ACK] Seq=421558 Ack=141 Win=65024 Len=1448 TSval=2916033872 TSecr=3045553645 [TCP segment of a reassembled PDU]"
"11932","29.792312915","192.168.1.55","192.168.1.2","TCP","1514","8004  >  49962 [PSH, ACK] Seq=423006 Ack=141 Win=65024 Len=1448 TSval=2916033872 TSecr=3045553645 [TCP segment of a reassembled PDU]"
"11933","29.792383526","192.168.1.2","192.168.1.55","TCP","66","49962  >  8004 [ACK] Seq=141 Ack=289790 Win=162816 Len=0 TSval=3045553646 TSecr=2916033862"
"11934","29.792391452","192.168.1.2","192.168.1.55","TCP","66","49962  >  8004 [ACK] Seq=141 Ack=323094 Win=160768 Len=0 TSval=3045553647 TSecr=2916033862"
"11935","29.792429248","192.168.1.55","192.168.1.2","TCP","1514","8004  >  49962 [ACK] Seq=424454 Ack=141 Win=65024 Len=1448 TSval=2916033873 TSecr=3045553647 [TCP segment of a reassembled PDU]"
"11936","29.792430804","192.168.1.55","192.168.1.2","TCP","1514","8004  >  49962 [ACK] Seq=425902 Ack=141 Win=65024 Len=1448 TSval=2916033873 TSecr=3045553647 [TCP segment of a reassembled PDU]"
"11937","29.792431859","192.168.1.55","192.168.1.2","TCP","1514","8004  >  49962 [ACK] Seq=427350 Ack=141 Win=65024 Len=1448 TSval=2916033873 TSecr=3045553647 [TCP segment of a reassembled PDU]"
"11938","29.792433044","192.168.1.55","192.168.1.2","TCP","1514","8004  >  49962 [ACK] Seq=428798 Ack=141 Win=65024 Len=1448 TSval=2916033873 TSecr=3045553647 [TCP segment of a reassembled PDU]"
"11939","29.792434026","192.168.1.55","192.168.1.2","TCP","1514","8004  >  49962 [ACK] Seq=430246 Ack=141 Win=65024 Len=1448 TSval=2916033873 TSecr=3045553647 [TCP segment of a reassembled PDU]"
"11940","29.792435007","192.168.1.55","192.168.1.2","TCP","1514","8004  >  49962 [ACK] Seq=431694 Ack=141 Win=65024 Len=1448 TSval=2916033873 TSecr=3045553647 [TCP segment of a reassembled PDU]"
"11941","29.792436044","192.168.1.55","192.168.1.2","TCP","1514","8004  >  49962 [ACK] Seq=433142 Ack=141 Win=65024 Len=1448 TSval=2916033873 TSecr=3045553647 [TCP segment of a reassembled PDU]"
"11942","29.792437044","192.168.1.55","192.168.1.2","TCP","1514","8004  >  49962 [ACK] Seq=434590 Ack=141 Win=65024 Len=1448 TSval=2916033873 TSecr=3045553647 [TCP segment of a reassembled PDU]"
"11943","29.792438007","192.168.1.55","192.168.1.2","TCP","1514","8004  >  49962 [ACK] Seq=436038 Ack=141 Win=65024 Len=1448 TSval=2916033873 TSecr=3045553647 [TCP segment of a reassembled PDU]"
"11944","29.792438896","192.168.1.55","192.168.1.2","TCP","1514","8004  >  49962 [ACK] Seq=437486 Ack=141 Win=65024 Len=1448 TSval=2916033873 TSecr=3045553647 [TCP segment of a reassembled PDU]"
"11945","29.792445378","192.168.1.55","192.168.1.2","TCP","1514","8004  >  49962 [ACK] Seq=438934 Ack=141 Win=65024 Len=1448 TSval=2916033873 TSecr=3045553647 [TCP segment of a reassembled PDU]"
"11946","29.792447044","192.168.1.55","192.168.1.2","TCP","1514","8004  >  49962 [ACK] Seq=440382 Ack=141 Win=65024 Len=1448 TSval=2916033873 TSecr=3045553647 [TCP segment of a reassembled PDU]"
"11947","29.792448119","192.168.1.55","192.168.1.2","TCP","1514","8004  >  49962 [ACK] Seq=441830 Ack=141 Win=65024 Len=1448 TSval=2916033873 TSecr=3045553647 [TCP segment of a reassembled PDU]"
"11948","29.792449119","192.168.1.55","192.168.1.2","TCP","1514","8004  >  49962 [ACK] Seq=443278 Ack=141 Win=65024 Len=1448 TSval=2916033873 TSecr=3045553647 [TCP segment of a reassembled PDU]"
"11949","29.792450081","192.168.1.55","192.168.1.2","TCP","1514","8004  >  49962 [ACK] Seq=444726 Ack=141 Win=65024 Len=1448 TSval=2916033873 TSecr=3045553647 [TCP segment of a reassembled PDU]"
"11950","29.792451100","192.168.1.55","192.168.1.2","TCP","1514","8004  >  49962 [ACK] Seq=446174 Ack=141 Win=65024 Len=1448 TSval=2916033873 TSecr=3045553647 [TCP segment of a reassembled PDU]"
"11951","29.792452007","192.168.1.55","192.168.1.2","TCP","1514","8004  >  49962 [ACK] Seq=447622 Ack=141 Win=65024 Len=1448 TSval=2916033873 TSecr=3045553647 [TCP segment of a reassembled PDU]"
"11952","29.792453026","192.168.1.55","192.168.1.2","TCP","1514","8004  >  49962 [ACK] Seq=449070 Ack=141 Win=65024 Len=1448 TSval=2916033873 TSecr=3045553647 [TCP segment of a reassembled PDU]"
"11953","29.792453933","192.168.1.55","192.168.1.2","TCP","1514","8004  >  49962 [ACK] Seq=450518 Ack=141 Win=65024 Len=1448 TSval=2916033873 TSecr=3045553647 [TCP segment of a reassembled PDU]"
"11954","29.792454896","192.168.1.55","192.168.1.2","TCP","1514","8004  >  49962 [ACK] Seq=451966 Ack=141 Win=65024 Len=1448 TSval=2916033873 TSecr=3045553647 [TCP segment of a reassembled PDU]"
"11955","29.792455878","192.168.1.55","192.168.1.2","TCP","1514","8004  >  49962 [ACK] Seq=453414 Ack=141 Win=65024 Len=1448 TSval=2916033873 TSecr=3045553647 [TCP segment of a reassembled PDU]"
"11956","29.792456767","192.168.1.55","192.168.1.2","TCP","1514","8004  >  49962 [ACK] Seq=454862 Ack=141 Win=65024 Len=1448 TSval=2916033873 TSecr=3045553647 [TCP segment of a reassembled PDU]"
"11957","29.792457767","192.168.1.55","192.168.1.2","TCP","1514","8004  >  49962 [ACK] Seq=456310 Ack=141 Win=65024 Len=1448 TSval=2916033873 TSecr=3045553647 [TCP segment of a reassembled PDU]"
"11958","29.792459137","192.168.1.55","192.168.1.2","TCP","1514","8004  >  49962 [ACK] Seq=457758 Ack=141 Win=65024 Len=1448 TSval=2916033873 TSecr=3045553647 [TCP segment of a reassembled PDU]"
"11959","29.792460044","192.168.1.55","192.168.1.2","TCP","1514","8004  >  49962 [ACK] Seq=459206 Ack=141 Win=65024 Len=1448 TSval=2916033873 TSecr=3045553647 [TCP segment of a reassembled PDU]"
"11960","29.792461174","192.168.1.55","192.168.1.2","TCP","1514","8004  >  49962 [ACK] Seq=460654 Ack=141 Win=65024 Len=1448 TSval=2916033873 TSecr=3045553647 [TCP segment of a reassembled PDU]"
"11961","29.792462100","192.168.1.55","192.168.1.2","TCP","1514","8004  >  49962 [ACK] Seq=462102 Ack=141 Win=65024 Len=1448 TSval=2916033873 TSecr=3045553647 [TCP segment of a reassembled PDU]"
"11962","29.792463081","192.168.1.55","192.168.1.2","TCP","1514","8004  >  49962 [ACK] Seq=463550 Ack=141 Win=65024 Len=1448 TSval=2916033873 TSecr=3045553647 [TCP segment of a reassembled PDU]"
"11963","29.792464100","192.168.1.55","192.168.1.2","TCP","1514","8004  >  49962 [ACK] Seq=464998 Ack=141 Win=65024 Len=1448 TSval=2916033873 TSecr=3045553647 [TCP segment of a reassembled PDU]"
"11964","29.792465026","192.168.1.55","192.168.1.2","TCP","1514","8004  >  49962 [ACK] Seq=466446 Ack=141 Win=65024 Len=1448 TSval=2916033873 TSecr=3045553647 [TCP segment of a reassembled PDU]"
"11965","29.792466100","192.168.1.55","192.168.1.2","TCP","1514","8004  >  49962 [PSH, ACK] Seq=467894 Ack=141 Win=65024 Len=1448 TSval=2916033873 TSecr=3045553647 [TCP segment of a reassembled PDU]"
"11966","29.792470248","192.168.1.2","192.168.1.55","TCP","66","49962  >  8004 [ACK] Seq=141 Ack=326822 Win=169984 Len=0 TSval=3045553647 TSecr=2916033862"
"11967","29.792475989","192.168.1.2","192.168.1.55","TCP","66","49962  >  8004 [ACK] Seq=141 Ack=334062 Win=178176 Len=0 TSval=3045553647 TSecr=2916033863"
"11968","29.792514989","192.168.1.55","192.168.1.2","TCP","1514","8004  >  49962 [ACK] Seq=469342 Ack=141 Win=65024 Len=1448 TSval=2916033873 TSecr=3045553647 [TCP segment of a reassembled PDU]"
"11969","29.792516711","192.168.1.55","192.168.1.2","TCP","1514","8004  >  49962 [ACK] Seq=470790 Ack=141 Win=65024 Len=1448 TSval=2916033873 TSecr=3045553647 [TCP segment of a reassembled PDU]"
"11970","29.792518137","192.168.1.55","192.168.1.2","TCP","1514","8004  >  49962 [ACK] Seq=472238 Ack=141 Win=65024 Len=1448 TSval=2916033873 TSecr=3045553647 [TCP segment of a reassembled PDU]"
"11971","29.792519248","192.168.1.55","192.168.1.2","TCP","1514","8004  >  49962 [ACK] Seq=473686 Ack=141 Win=65024 Len=1448 TSval=2916033873 TSecr=3045553647 [TCP segment of a reassembled PDU]"
"11972","29.792520378","192.168.1.55","192.168.1.2","TCP","1514","8004  >  49962 [ACK] Seq=475134 Ack=141 Win=65024 Len=1448 TSval=2916033873 TSecr=3045553647 [TCP segment of a reassembled PDU]"
"11973","29.792521322","192.168.1.55","192.168.1.2","TCP","1514","8004  >  49962 [ACK] Seq=476582 Ack=141 Win=65024 Len=1448 TSval=2916033873 TSecr=3045553647 [TCP segment of a reassembled PDU]"
"11974","29.792522674","192.168.1.55","192.168.1.2","TCP","1514","8004  >  49962 [ACK] Seq=478030 Ack=141 Win=65024 Len=1448 TSval=2916033873 TSecr=3045553647 [TCP segment of a reassembled PDU]"
"11975","29.792523619","192.168.1.55","192.168.1.2","TCP","1514","8004  >  49962 [ACK] Seq=479478 Ack=141 Win=65024 Len=1448 TSval=2916033873 TSecr=3045553647 [TCP segment of a reassembled PDU]"
"11976","29.792524582","192.168.1.55","192.168.1.2","TCP","1514","8004  >  49962 [ACK] Seq=480926 Ack=141 Win=65024 Len=1448 TSval=2916033873 TSecr=3045553647 [TCP segment of a reassembled PDU]"
"11977","29.792525970","192.168.1.55","192.168.1.2","TCP","1514","8004  >  49962 [ACK] Seq=482374 Ack=141 Win=65024 Len=1448 TSval=2916033873 TSecr=3045553647 [TCP segment of a reassembled PDU]"
"11978","29.792527119","192.168.1.55","192.168.1.2","TCP","1514","8004  >  49962 [ACK] Seq=483822 Ack=141 Win=65024 Len=1448 TSval=2916033873 TSecr=3045553647 [TCP segment of a reassembled PDU]"
"11979","29.792528174","192.168.1.55","192.168.1.2","TCP","1514","8004  >  49962 [ACK] Seq=485270 Ack=141 Win=65024 Len=1448 TSval=2916033873 TSecr=3045553647 [TCP segment of a reassembled PDU]"
"11980","29.792529285","192.168.1.55","192.168.1.2","TCP","1514","8004  >  49962 [ACK] Seq=486718 Ack=141 Win=65024 Len=1448 TSval=2916033873 TSecr=3045553647 [TCP segment of a reassembled PDU]"
"11981","29.792530248","192.168.1.55","192.168.1.2","TCP","1514","8004  >  49962 [ACK] Seq=488166 Ack=141 Win=65024 Len=1448 TSval=2916033873 TSecr=3045553647 [TCP segment of a reassembled PDU]"
"11982","29.792531396","192.168.1.55","192.168.1.2","TCP","1514","8004  >  49962 [ACK] Seq=489614 Ack=141 Win=65024 Len=1448 TSval=2916033873 TSecr=3045553647 [TCP segment of a reassembled PDU]"
"11983","29.792532470","192.168.1.55","192.168.1.2","TCP","1514","8004  >  49962 [ACK] Seq=491062 Ack=141 Win=65024 Len=1448 TSval=2916033873 TSecr=3045553647 [TCP segment of a reassembled PDU]"
"11984","29.792534082","192.168.1.55","192.168.1.2","TCP","1514","8004  >  49962 [ACK] Seq=492510 Ack=141 Win=65024 Len=1448 TSval=2916033873 TSecr=3045553647 [TCP segment of a reassembled PDU]"
"11985","29.792535045","192.168.1.55","192.168.1.2","TCP","1514","8004  >  49962 [ACK] Seq=493958 Ack=141 Win=65024 Len=1448 TSval=2916033873 TSecr=3045553647 [TCP segment of a reassembled PDU]"
"11986","29.792536119","192.168.1.55","192.168.1.2","TCP","1514","8004  >  49962 [ACK] Seq=495406 Ack=141 Win=65024 Len=1448 TSval=2916033873 TSecr=3045553647 [TCP segment of a reassembled PDU]"
"11987","29.792537341","192.168.1.55","192.168.1.2","TCP","1514","8004  >  49962 [PSH, ACK] Seq=496854 Ack=141 Win=65024 Len=1448 TSval=2916033873 TSecr=3045553647 [TCP segment of a reassembled PDU]"
"11988","29.792592341","192.168.1.2","192.168.1.55","TCP","66","49962  >  8004 [ACK] Seq=141 Ack=337574 Win=180224 Len=0 TSval=3045553647 TSecr=2916033863"
"11989","29.792600452","192.168.1.2","192.168.1.55","TCP","66","49962  >  8004 [ACK] Seq=141 Ack=381014 Win=150528 Len=0 TSval=3045553647 TSecr=2916033864"
"11990","29.792605637","192.168.1.2","192.168.1.55","TCP","66","49962  >  8004 [ACK] Seq=141 Ack=383910 Win=186368 Len=0 TSval=3045553648 TSecr=2916033864"
"11991","29.792610026","192.168.1.2","192.168.1.55","TCP","66","49962  >  8004 [ACK] Seq=141 Ack=386806 Win=189440 Len=0 TSval=3045553648 TSecr=2916033864"
"11992","29.793819935","192.168.1.55","192.168.1.2","HTTP","1472","HTTP/1.0 200 OK  (PNG)"
"11993","29.801530559","192.168.1.2","192.168.1.55","TCP","66","49962  >  8004 [ACK] Seq=141 Ack=391150 Win=189440 Len=0 TSval=3045553649 TSecr=2916033864"
"11994","29.801683448","192.168.1.2","192.168.1.55","TCP","66","49962  >  8004 [ACK] Seq=141 Ack=424454 Win=158720 Len=0 TSval=3045553655 TSecr=2916033872"
"11995","29.801704207","192.168.1.2","192.168.1.55","TCP","66","49962  >  8004 [ACK] Seq=141 Ack=469342 Win=115712 Len=0 TSval=3045553655 TSecr=2916033873"
"11996","29.801715429","192.168.1.2","192.168.1.55","TCP","66","49962  >  8004 [ACK] Seq=141 Ack=489614 Win=96256 Len=0 TSval=3045553655 TSecr=2916033873"
"11997","29.801723355","192.168.1.2","192.168.1.55","TCP","66","49962  >  8004 [ACK] Seq=141 Ack=498302 Win=180224 Len=0 TSval=3045553656 TSecr=2916033873"
"11998","29.803008987","192.168.1.2","192.168.1.55","TCP","66","49962  >  8004 [FIN, ACK] Seq=141 Ack=499709 Win=189440 Len=0 TSval=3045553657 TSecr=2916033874"
"11999","29.803187283","192.168.1.55","192.168.1.2","TCP","66","8004  >  49962 [ACK] Seq=499709 Ack=142 Win=65024 Len=0 TSval=2916033883 TSecr=3045553657"
"12000","29.803250802","192.168.1.2","192.168.1.55","TCP","74","49970  >  8004 [SYN] Seq=0 Win=64240 Len=0 MSS=1460 SACK_PERM TSval=3045553657 TSecr=0 WS=1024"
"12001","29.803304895","192.168.1.55","192.168.1.2","TCP","74","8004  >  49970 [SYN, ACK] Seq=0 Ack=1 Win=65160 Len=0 MSS=1460 SACK_PERM TSval=2916033883 TSecr=3045553657 WS=128"
"12002","29.806602233","192.168.1.2","192.168.1.55","TCP","66","49970  >  8004 [ACK] Seq=1 Ack=1 Win=64512 Len=0 TSval=3045553661 TSecr=2916033883"
"12003","29.809848109","192.168.1.2","192.168.1.55","HTTP","209","GET /original_benchmark.png HTTP/1.1 "
"12004","29.809889479","192.168.1.55","192.168.1.2","TCP","66","8004  >  49970 [ACK] Seq=1 Ack=144 Win=65024 Len=0 TSval=2916033890 TSecr=3045553661"
"12005","29.810628591","192.168.1.55","192.168.1.2","TCP","255","8004  >  49970 [PSH, ACK] Seq=1 Ack=144 Win=65024 Len=189 TSval=2916033891 TSecr=3045553661 [TCP segment of a reassembled PDU]"
"12006","29.810767221","192.168.1.55","192.168.1.2","TCP","1514","8004  >  49970 [ACK] Seq=190 Ack=144 Win=65024 Len=1448 TSval=2916033891 TSecr=3045553661 [TCP segment of a reassembled PDU]"
"12007","29.810773332","192.168.1.55","192.168.1.2","TCP","1514","8004  >  49970 [ACK] Seq=1638 Ack=144 Win=65024 Len=1448 TSval=2916033891 TSecr=3045553661 [TCP segment of a reassembled PDU]"
"12008","29.810774684","192.168.1.55","192.168.1.2","TCP","1514","8004  >  49970 [ACK] Seq=3086 Ack=144 Win=65024 Len=1448 TSval=2916033891 TSecr=3045553661 [TCP segment of a reassembled PDU]"
"12009","29.810775962","192.168.1.55","192.168.1.2","TCP","1514","8004  >  49970 [ACK] Seq=4534 Ack=144 Win=65024 Len=1448 TSval=2916033891 TSecr=3045553661 [TCP segment of a reassembled PDU]"
"12010","29.810777073","192.168.1.55","192.168.1.2","TCP","1514","8004  >  49970 [PSH, ACK] Seq=5982 Ack=144 Win=65024 Len=1448 TSval=2916033891 TSecr=3045553661 [TCP segment of a reassembled PDU]"
"12011","29.810807462","192.168.1.55","192.168.1.2","TCP","1514","8004  >  49970 [ACK] Seq=7430 Ack=144 Win=65024 Len=1448 TSval=2916033891 TSecr=3045553661 [TCP segment of a reassembled PDU]"
"12012","29.810810444","192.168.1.55","192.168.1.2","TCP","1514","8004  >  49970 [ACK] Seq=8878 Ack=144 Win=65024 Len=1448 TSval=2916033891 TSecr=3045553661 [TCP segment of a reassembled PDU]"
"12013","29.810811814","192.168.1.55","192.168.1.2","TCP","1514","8004  >  49970 [ACK] Seq=10326 Ack=144 Win=65024 Len=1448 TSval=2916033891 TSecr=3045553661 [TCP segment of a reassembled PDU]"
"12014","29.810812999","192.168.1.55","192.168.1.2","TCP","1514","8004  >  49970 [PSH, ACK] Seq=11774 Ack=144 Win=65024 Len=1448 TSval=2916033891 TSecr=3045553661 [TCP segment of a reassembled PDU]"
"12015","29.814289968","192.168.1.2","192.168.1.55","TCP","66","49970  >  8004 [ACK] Seq=144 Ack=190 Win=64512 Len=0 TSval=3045553668 TSecr=2916033891"
"12016","29.814349560","192.168.1.55","192.168.1.2","TCP","1514","8004  >  49970 [ACK] Seq=13222 Ack=144 Win=65024 Len=1448 TSval=2916033895 TSecr=3045553668 [TCP segment of a reassembled PDU]"
"12017","29.814353949","192.168.1.55","192.168.1.2","TCP","1514","8004  >  49970 [PSH, ACK] Seq=14670 Ack=144 Win=65024 Len=1448 TSval=2916033895 TSecr=3045553668 [TCP segment of a reassembled PDU]"
"12018","29.814429246","192.168.1.2","192.168.1.55","TCP","66","49970  >  8004 [ACK] Seq=144 Ack=4534 Win=64512 Len=0 TSval=3045553669 TSecr=2916033891"
"12019","29.814454431","192.168.1.55","192.168.1.2","TCP","1514","8004  >  49970 [ACK] Seq=16118 Ack=144 Win=65024 Len=1448 TSval=2916033895 TSecr=3045553669 [TCP segment of a reassembled PDU]"
"12020","29.814456449","192.168.1.55","192.168.1.2","TCP","1514","8004  >  49970 [ACK] Seq=17566 Ack=144 Win=65024 Len=1448 TSval=2916033895 TSecr=3045553669 [TCP segment of a reassembled PDU]"
"12021","29.814459449","192.168.1.55","192.168.1.2","TCP","1514","8004  >  49970 [ACK] Seq=19014 Ack=144 Win=65024 Len=1448 TSval=2916033895 TSecr=3045553669 [TCP segment of a reassembled PDU]"
"12022","29.814461357","192.168.1.55","192.168.1.2","TCP","1514","8004  >  49970 [ACK] Seq=20462 Ack=144 Win=65024 Len=1448 TSval=2916033895 TSecr=3045553669 [TCP segment of a reassembled PDU]"
"12023","29.814463301","192.168.1.55","192.168.1.2","TCP","1514","8004  >  49970 [ACK] Seq=21910 Ack=144 Win=65024 Len=1448 TSval=2916033895 TSecr=3045553669 [TCP segment of a reassembled PDU]"
"12024","29.814464449","192.168.1.55","192.168.1.2","TCP","1514","8004  >  49970 [PSH, ACK] Seq=23358 Ack=144 Win=65024 Len=1448 TSval=2916033895 TSecr=3045553669 [TCP segment of a reassembled PDU]"
"12025","29.814469468","192.168.1.2","192.168.1.55","TCP","66","49970  >  8004 [ACK] Seq=144 Ack=7430 Win=67584 Len=0 TSval=3045553669 TSecr=2916033891"
"12026","29.814481097","192.168.1.2","192.168.1.55","TCP","66","49970  >  8004 [ACK] Seq=144 Ack=13222 Win=65536 Len=0 TSval=3045553669 TSecr=2916033891"
"12027","29.814510505","192.168.1.55","192.168.1.2","TCP","1514","8004  >  49970 [ACK] Seq=24806 Ack=144 Win=65024 Len=1448 TSval=2916033895 TSecr=3045553669 [TCP segment of a reassembled PDU]"
"12028","29.814513209","192.168.1.55","192.168.1.2","TCP","1514","8004  >  49970 [ACK] Seq=26254 Ack=144 Win=65024 Len=1448 TSval=2916033895 TSecr=3045553669 [TCP segment of a reassembled PDU]"
"12029","29.814515153","192.168.1.55","192.168.1.2","TCP","1514","8004  >  49970 [ACK] Seq=27702 Ack=144 Win=65024 Len=1448 TSval=2916033895 TSecr=3045553669 [TCP segment of a reassembled PDU]"
"12030","29.814516542","192.168.1.55","192.168.1.2","TCP","1514","8004  >  49970 [ACK] Seq=29150 Ack=144 Win=65024 Len=1448 TSval=2916033895 TSecr=3045553669 [TCP segment of a reassembled PDU]"
"12031","29.814520357","192.168.1.55","192.168.1.2","TCP","1514","8004  >  49970 [ACK] Seq=30598 Ack=144 Win=65024 Len=1448 TSval=2916033895 TSecr=3045553669 [TCP segment of a reassembled PDU]"
"12032","29.814522042","192.168.1.55","192.168.1.2","TCP","1514","8004  >  49970 [ACK] Seq=32046 Ack=144 Win=65024 Len=1448 TSval=2916033895 TSecr=3045553669 [TCP segment of a reassembled PDU]"
"12033","29.814523764","192.168.1.55","192.168.1.2","TCP","1514","8004  >  49970 [ACK] Seq=33494 Ack=144 Win=65024 Len=1448 TSval=2916033895 TSecr=3045553669 [TCP segment of a reassembled PDU]"
"12034","29.814525246","192.168.1.55","192.168.1.2","TCP","1514","8004  >  49970 [ACK] Seq=34942 Ack=144 Win=65024 Len=1448 TSval=2916033895 TSecr=3045553669 [TCP segment of a reassembled PDU]"
"12035","29.814526857","192.168.1.55","192.168.1.2","TCP","1514","8004  >  49970 [ACK] Seq=36390 Ack=144 Win=65024 Len=1448 TSval=2916033895 TSecr=3045553669 [TCP segment of a reassembled PDU]"
"12036","29.814528098","192.168.1.55","192.168.1.2","TCP","1514","8004  >  49970 [PSH, ACK] Seq=37838 Ack=144 Win=65024 Len=1448 TSval=2916033895 TSecr=3045553669 [TCP segment of a reassembled PDU]"
"12037","29.815266599","192.168.1.55","192.168.1.2","TCP","1514","8004  >  49970 [ACK] Seq=39286 Ack=144 Win=65024 Len=1448 TSval=2916033895 TSecr=3045553669 [TCP segment of a reassembled PDU]"
"12038","29.815271191","192.168.1.55","192.168.1.2","TCP","1514","8004  >  49970 [PSH, ACK] Seq=40734 Ack=144 Win=65024 Len=1448 TSval=2916033895 TSecr=3045553669 [TCP segment of a reassembled PDU]"
"12039","29.819565309","192.168.1.2","192.168.1.55","TCP","66","49970  >  8004 [ACK] Seq=144 Ack=16118 Win=67584 Len=0 TSval=3045553673 TSecr=2916033895"
"12040","29.819629587","192.168.1.55","192.168.1.2","TCP","1514","8004  >  49970 [ACK] Seq=42182 Ack=144 Win=65024 Len=1448 TSval=2916033900 TSecr=3045553673 [TCP segment of a reassembled PDU]"
"12041","29.819634309","192.168.1.55","192.168.1.2","TCP","1514","8004  >  49970 [PSH, ACK] Seq=43630 Ack=144 Win=65024 Len=1448 TSval=2916033900 TSecr=3045553673 [TCP segment of a reassembled PDU]"
"12042","29.819710476","192.168.1.2","192.168.1.55","TCP","66","49970  >  8004 [ACK] Seq=144 Ack=24806 Win=63488 Len=0 TSval=3045553673 TSecr=2916033895"
"12043","29.819754050","192.168.1.55","192.168.1.2","TCP","1514","8004  >  49970 [ACK] Seq=45078 Ack=144 Win=65024 Len=1448 TSval=2916033900 TSecr=3045553673 [TCP segment of a reassembled PDU]"
"12044","29.819757624","192.168.1.55","192.168.1.2","TCP","1514","8004  >  49970 [ACK] Seq=46526 Ack=144 Win=65024 Len=1448 TSval=2916033900 TSecr=3045553673 [TCP segment of a reassembled PDU]"
"12045","29.819759161","192.168.1.55","192.168.1.2","TCP","1514","8004  >  49970 [ACK] Seq=47974 Ack=144 Win=65024 Len=1448 TSval=2916033900 TSecr=3045553673 [TCP segment of a reassembled PDU]"
"12046","29.819760328","192.168.1.55","192.168.1.2","TCP","1514","8004  >  49970 [ACK] Seq=49422 Ack=144 Win=65024 Len=1448 TSval=2916033900 TSecr=3045553673 [TCP segment of a reassembled PDU]"
"12047","29.819761439","192.168.1.55","192.168.1.2","TCP","1514","8004  >  49970 [ACK] Seq=50870 Ack=144 Win=65024 Len=1448 TSval=2916033900 TSecr=3045553673 [TCP segment of a reassembled PDU]"
"12048","29.819762995","192.168.1.55","192.168.1.2","TCP","1514","8004  >  49970 [ACK] Seq=52318 Ack=144 Win=65024 Len=1448 TSval=2916033900 TSecr=3045553673 [TCP segment of a reassembled PDU]"
"12049","29.819764532","192.168.1.55","192.168.1.2","TCP","1514","8004  >  49970 [ACK] Seq=53766 Ack=144 Win=65024 Len=1448 TSval=2916033900 TSecr=3045553673 [TCP segment of a reassembled PDU]"
"12050","29.819765958","192.168.1.55","192.168.1.2","TCP","1514","8004  >  49970 [ACK] Seq=55214 Ack=144 Win=65024 Len=1448 TSval=2916033900 TSecr=3045553673 [TCP segment of a reassembled PDU]"
"12051","29.819768272","192.168.1.55","192.168.1.2","TCP","1514","8004  >  49970 [ACK] Seq=56662 Ack=144 Win=65024 Len=1448 TSval=2916033900 TSecr=3045553673 [TCP segment of a reassembled PDU]"
"12052","29.819769847","192.168.1.55","192.168.1.2","TCP","1514","8004  >  49970 [ACK] Seq=58110 Ack=144 Win=65024 Len=1448 TSval=2916033900 TSecr=3045553673 [TCP segment of a reassembled PDU]"
"12053","29.819770902","192.168.1.55","192.168.1.2","TCP","1514","8004  >  49970 [ACK] Seq=59558 Ack=144 Win=65024 Len=1448 TSval=2916033900 TSecr=3045553673 [TCP segment of a reassembled PDU]"
"12054","29.819772124","192.168.1.55","192.168.1.2","TCP","1514","8004  >  49970 [ACK] Seq=61006 Ack=144 Win=65024 Len=1448 TSval=2916033900 TSecr=3045553673 [TCP segment of a reassembled PDU]"
"12055","29.819773180","192.168.1.55","192.168.1.2","TCP","1514","8004  >  49970 [ACK] Seq=62454 Ack=144 Win=65024 Len=1448 TSval=2916033900 TSecr=3045553673 [TCP segment of a reassembled PDU]"
"12056","29.819774347","192.168.1.55","192.168.1.2","TCP","1514","8004  >  49970 [PSH, ACK] Seq=63902 Ack=144 Win=65024 Len=1448 TSval=2916033900 TSecr=3045553673 [TCP segment of a reassembled PDU]"
"12057","29.819779532","192.168.1.2","192.168.1.55","TCP","66","49970  >  8004 [ACK] Seq=144 Ack=36390 Win=55296 Len=0 TSval=3045553673 TSecr=2916033895"
"12058","29.819806421","192.168.1.55","192.168.1.2","TCP","1514","8004  >  49970 [ACK] Seq=65350 Ack=144 Win=65024 Len=1448 TSval=2916033900 TSecr=3045553673 [TCP segment of a reassembled PDU]"
"12059","29.819808624","192.168.1.55","192.168.1.2","TCP","1514","8004  >  49970 [ACK] Seq=66798 Ack=144 Win=65024 Len=1448 TSval=2916033900 TSecr=3045553673 [TCP segment of a reassembled PDU]"
"12060","29.819810217","192.168.1.55","192.168.1.2","TCP","1514","8004  >  49970 [ACK] Seq=68246 Ack=144 Win=65024 Len=1448 TSval=2916033900 TSecr=3045553673 [TCP segment of a reassembled PDU]"
"12061","29.819811902","192.168.1.55","192.168.1.2","TCP","1514","8004  >  49970 [ACK] Seq=69694 Ack=144 Win=65024 Len=1448 TSval=2916033900 TSecr=3045553673 [TCP segment of a reassembled PDU]"
"12062","29.819813495","192.168.1.55","192.168.1.2","TCP","1514","8004  >  49970 [ACK] Seq=71142 Ack=144 Win=65024 Len=1448 TSval=2916033900 TSecr=3045553673 [TCP segment of a reassembled PDU]"
"12063","29.819814569","192.168.1.55","192.168.1.2","TCP","1514","8004  >  49970 [ACK] Seq=72590 Ack=144 Win=65024 Len=1448 TSval=2916033900 TSecr=3045553673 [TCP segment of a reassembled PDU]"
"12064","29.819815698","192.168.1.55","192.168.1.2","TCP","1514","8004  >  49970 [ACK] Seq=74038 Ack=144 Win=65024 Len=1448 TSval=2916033900 TSecr=3045553673 [TCP segment of a reassembled PDU]"
"12065","29.819816847","192.168.1.55","192.168.1.2","TCP","1514","8004  >  49970 [PSH, ACK] Seq=75486 Ack=144 Win=65024 Len=1448 TSval=2916033900 TSecr=3045553673 [TCP segment of a reassembled PDU]"
"12066","29.819825828","192.168.1.2","192.168.1.55","TCP","66","49970  >  8004 [ACK] Seq=144 Ack=39286 Win=67584 Len=0 TSval=3045553674 TSecr=2916033895"
"12067","29.819832773","192.168.1.2","192.168.1.55","TCP","66","49970  >  8004 [ACK] Seq=144 Ack=42182 Win=67584 Len=0 TSval=3045553674 TSecr=2916033895"
"12068","29.819869254","192.168.1.55","192.168.1.2","TCP","1514","8004  >  49970 [ACK] Seq=76934 Ack=144 Win=65024 Len=1448 TSval=2916033900 TSecr=3045553674 [TCP segment of a reassembled PDU]"
"12069","29.819871662","192.168.1.55","192.168.1.2","TCP","1514","8004  >  49970 [ACK] Seq=78382 Ack=144 Win=65024 Len=1448 TSval=2916033900 TSecr=3045553674 [TCP segment of a reassembled PDU]"
"12070","29.819872791","192.168.1.55","192.168.1.2","TCP","1514","8004  >  49970 [ACK] Seq=79830 Ack=144 Win=65024 Len=1448 TSval=2916033900 TSecr=3045553674 [TCP segment of a reassembled PDU]"
"12071","29.819873902","192.168.1.55","192.168.1.2","TCP","1514","8004  >  49970 [ACK] Seq=81278 Ack=144 Win=65024 Len=1448 TSval=2916033900 TSecr=3045553674 [TCP segment of a reassembled PDU]"
"12072","29.819875254","192.168.1.55","192.168.1.2","TCP","1514","8004  >  49970 [ACK] Seq=82726 Ack=144 Win=65024 Len=1448 TSval=2916033900 TSecr=3045553674 [TCP segment of a reassembled PDU]"
"12073","29.819876384","192.168.1.55","192.168.1.2","TCP","1514","8004  >  49970 [ACK] Seq=84174 Ack=144 Win=65024 Len=1448 TSval=2916033900 TSecr=3045553674 [TCP segment of a reassembled PDU]"
"12074","29.819878236","192.168.1.55","192.168.1.2","TCP","1514","8004  >  49970 [ACK] Seq=85622 Ack=144 Win=65024 Len=1448 TSval=2916033900 TSecr=3045553674 [TCP segment of a reassembled PDU]"
"12075","29.819879828","192.168.1.55","192.168.1.2","TCP","1514","8004  >  49970 [ACK] Seq=87070 Ack=144 Win=65024 Len=1448 TSval=2916033900 TSecr=3045553674 [TCP segment of a reassembled PDU]"
"12076","29.819881754","192.168.1.55","192.168.1.2","TCP","1514","8004  >  49970 [ACK] Seq=88518 Ack=144 Win=65024 Len=1448 TSval=2916033900 TSecr=3045553674 [TCP segment of a reassembled PDU]"
"12077","29.819883402","192.168.1.55","192.168.1.2","TCP","1514","8004  >  49970 [ACK] Seq=89966 Ack=144 Win=65024 Len=1448 TSval=2916033900 TSecr=3045553674 [TCP segment of a reassembled PDU]"
"12078","29.819884754","192.168.1.55","192.168.1.2","TCP","1514","8004  >  49970 [ACK] Seq=91414 Ack=144 Win=65024 Len=1448 TSval=2916033900 TSecr=3045553674 [TCP segment of a reassembled PDU]"
"12079","29.819885995","192.168.1.55","192.168.1.2","TCP","1514","8004  >  49970 [ACK] Seq=92862 Ack=144 Win=65024 Len=1448 TSval=2916033900 TSecr=3045553674 [TCP segment of a reassembled PDU]"
"12080","29.819887106","192.168.1.55","192.168.1.2","TCP","1514","8004  >  49970 [ACK] Seq=94310 Ack=144 Win=65024 Len=1448 TSval=2916033900 TSecr=3045553674 [TCP segment of a reassembled PDU]"
"12081","29.819888236","192.168.1.55","192.168.1.2","TCP","1514","8004  >  49970 [ACK] Seq=95758 Ack=144 Win=65024 Len=1448 TSval=2916033900 TSecr=3045553674 [TCP segment of a reassembled PDU]"
"12082","29.819889532","192.168.1.55","192.168.1.2","TCP","1514","8004  >  49970 [ACK] Seq=97206 Ack=144 Win=65024 Len=1448 TSval=2916033900 TSecr=3045553674 [TCP segment of a reassembled PDU]"
"12083","29.819891606","192.168.1.55","192.168.1.2","TCP","1514","8004  >  49970 [PSH, ACK] Seq=98654 Ack=144 Win=65024 Len=1448 TSval=2916033900 TSecr=3045553674 [TCP segment of a reassembled PDU]"
"12084","29.825883578","192.168.1.2","192.168.1.55","TCP","66","49970  >  8004 [ACK] Seq=144 Ack=45078 Win=65536 Len=0 TSval=3045553680 TSecr=2916033900"
"12085","29.825904227","192.168.1.55","192.168.1.2","TCP","1514","8004  >  49970 [ACK] Seq=100102 Ack=144 Win=65024 Len=1448 TSval=2916033906 TSecr=3045553680 [TCP segment of a reassembled PDU]"
"12086","29.825906912","192.168.1.55","192.168.1.2","TCP","1514","8004  >  49970 [ACK] Seq=101550 Ack=144 Win=65024 Len=1448 TSval=2916033906 TSecr=3045553680 [TCP segment of a reassembled PDU]"
"12087","29.825907986","192.168.1.55","192.168.1.2","TCP","1514","8004  >  49970 [ACK] Seq=102998 Ack=144 Win=65024 Len=1448 TSval=2916033906 TSecr=3045553680 [TCP segment of a reassembled PDU]"
"12088","29.825909134","192.168.1.55","192.168.1.2","TCP","1514","8004  >  49970 [PSH, ACK] Seq=104446 Ack=144 Win=65024 Len=1448 TSval=2916033906 TSecr=3045553680 [TCP segment of a reassembled PDU]"
"12089","29.826173320","192.168.1.2","192.168.1.55","TCP","66","49970  >  8004 [ACK] Seq=144 Ack=65350 Win=55296 Len=0 TSval=3045553680 TSecr=2916033900"
"12090","29.826182431","192.168.1.55","192.168.1.2","TCP","1514","8004  >  49970 [ACK] Seq=105894 Ack=144 Win=65024 Len=1448 TSval=2916033906 TSecr=3045553680 [TCP segment of a reassembled PDU]"
"12091","29.826184245","192.168.1.55","192.168.1.2","TCP","1514","8004  >  49970 [ACK] Seq=107342 Ack=144 Win=65024 Len=1448 TSval=2916033906 TSecr=3045553680 [TCP segment of a reassembled PDU]"
"12092","29.826185412","192.168.1.55","192.168.1.2","TCP","1514","8004  >  49970 [PSH, ACK] Seq=108790 Ack=144 Win=65024 Len=1448 TSval=2916033906 TSecr=3045553680 [TCP segment of a reassembled PDU]"
"12093","29.826190060","192.168.1.2","192.168.1.55","TCP","66","49970  >  8004 [ACK] Seq=144 Ack=76934 Win=47104 Len=0 TSval=3045553680 TSecr=2916033900"
"12094","29.826198171","192.168.1.2","192.168.1.55","TCP","66","49970  >  8004 [ACK] Seq=144 Ack=100102 Win=52224 Len=0 TSval=3045553680 TSecr=2916033900"
"12095","29.826258394","192.168.1.55","192.168.1.2","TCP","1514","8004  >  49970 [ACK] Seq=110238 Ack=144 Win=65024 Len=1448 TSval=2916033906 TSecr=3045553680 [TCP segment of a reassembled PDU]"
"12096","29.826263764","192.168.1.55","192.168.1.2","TCP","1514","8004  >  49970 [ACK] Seq=111686 Ack=144 Win=65024 Len=1448 TSval=2916033906 TSecr=3045553680 [TCP segment of a reassembled PDU]"
"12097","29.826264857","192.168.1.55","192.168.1.2","TCP","1514","8004  >  49970 [ACK] Seq=113134 Ack=144 Win=65024 Len=1448 TSval=2916033906 TSecr=3045553680 [TCP segment of a reassembled PDU]"
"12098","29.826266042","192.168.1.55","192.168.1.2","TCP","1514","8004  >  49970 [ACK] Seq=114582 Ack=144 Win=65024 Len=1448 TSval=2916033906 TSecr=3045553680 [TCP segment of a reassembled PDU]"
"12099","29.826267486","192.168.1.55","192.168.1.2","TCP","1514","8004  >  49970 [ACK] Seq=116030 Ack=144 Win=65024 Len=1448 TSval=2916033906 TSecr=3045553680 [TCP segment of a reassembled PDU]"
"12100","29.826268690","192.168.1.55","192.168.1.2","TCP","1514","8004  >  49970 [ACK] Seq=117478 Ack=144 Win=65024 Len=1448 TSval=2916033906 TSecr=3045553680 [TCP segment of a reassembled PDU]"
"12101","29.826269875","192.168.1.55","192.168.1.2","TCP","1514","8004  >  49970 [ACK] Seq=118926 Ack=144 Win=65024 Len=1448 TSval=2916033906 TSecr=3045553680 [TCP segment of a reassembled PDU]"
"12102","29.826271172","192.168.1.55","192.168.1.2","TCP","1514","8004  >  49970 [ACK] Seq=120374 Ack=144 Win=65024 Len=1448 TSval=2916033906 TSecr=3045553680 [TCP segment of a reassembled PDU]"
"12103","29.826272394","192.168.1.55","192.168.1.2","TCP","1514","8004  >  49970 [ACK] Seq=121822 Ack=144 Win=65024 Len=1448 TSval=2916033906 TSecr=3045553680 [TCP segment of a reassembled PDU]"
"12104","29.826273931","192.168.1.55","192.168.1.2","TCP","1514","8004  >  49970 [ACK] Seq=123270 Ack=144 Win=65024 Len=1448 TSval=2916033906 TSecr=3045553680 [TCP segment of a reassembled PDU]"
"12105","29.826275079","192.168.1.55","192.168.1.2","TCP","1514","8004  >  49970 [ACK] Seq=124718 Ack=144 Win=65024 Len=1448 TSval=2916033906 TSecr=3045553680 [TCP segment of a reassembled PDU]"
"12106","29.826276227","192.168.1.55","192.168.1.2","TCP","1514","8004  >  49970 [ACK] Seq=126166 Ack=144 Win=65024 Len=1448 TSval=2916033906 TSecr=3045553680 [TCP segment of a reassembled PDU]"
"12107","29.826277264","192.168.1.55","192.168.1.2","TCP","1514","8004  >  49970 [ACK] Seq=127614 Ack=144 Win=65024 Len=1448 TSval=2916033906 TSecr=3045553680 [TCP segment of a reassembled PDU]"
"12108","29.826278486","192.168.1.55","192.168.1.2","TCP","1514","8004  >  49970 [ACK] Seq=129062 Ack=144 Win=65024 Len=1448 TSval=2916033906 TSecr=3045553680 [TCP segment of a reassembled PDU]"
"12109","29.826279635","192.168.1.55","192.168.1.2","TCP","1514","8004  >  49970 [ACK] Seq=130510 Ack=144 Win=65024 Len=1448 TSval=2916033906 TSecr=3045553680 [TCP segment of a reassembled PDU]"
"12110","29.826280727","192.168.1.55","192.168.1.2","TCP","1514","8004  >  49970 [ACK] Seq=131958 Ack=144 Win=65024 Len=1448 TSval=2916033906 TSecr=3045553680 [TCP segment of a reassembled PDU]"
"12111","29.826282486","192.168.1.55","192.168.1.2","TCP","1514","8004  >  49970 [ACK] Seq=133406 Ack=144 Win=65024 Len=1448 TSval=2916033906 TSecr=3045553680 [TCP segment of a reassembled PDU]"
"12112","29.826283653","192.168.1.55","192.168.1.2","TCP","1514","8004  >  49970 [ACK] Seq=134854 Ack=144 Win=65024 Len=1448 TSval=2916033906 TSecr=3045553680 [TCP segment of a reassembled PDU]"
"12113","29.826284894","192.168.1.55","192.168.1.2","TCP","1514","8004  >  49970 [ACK] Seq=136302 Ack=144 Win=65024 Len=1448 TSval=2916033906 TSecr=3045553680 [TCP segment of a reassembled PDU]"
"12114","29.826286060","192.168.1.55","192.168.1.2","TCP","1514","8004  >  49970 [ACK] Seq=137750 Ack=144 Win=65024 Len=1448 TSval=2916033906 TSecr=3045553680 [TCP segment of a reassembled PDU]"
"12115","29.826287116","192.168.1.55","192.168.1.2","TCP","1514","8004  >  49970 [ACK] Seq=139198 Ack=144 Win=65024 Len=1448 TSval=2916033906 TSecr=3045553680 [TCP segment of a reassembled PDU]"
"12116","29.826288283","192.168.1.55","192.168.1.2","TCP","1514","8004  >  49970 [ACK] Seq=140646 Ack=144 Win=65024 Len=1448 TSval=2916033906 TSecr=3045553680 [TCP segment of a reassembled PDU]"
"12117","29.826289635","192.168.1.55","192.168.1.2","TCP","1514","8004  >  49970 [PSH, ACK] Seq=142094 Ack=144 Win=65024 Len=1448 TSval=2916033906 TSecr=3045553680 [TCP segment of a reassembled PDU]"
"12118","29.826312449","192.168.1.55","192.168.1.2","TCP","1514","8004  >  49970 [ACK] Seq=143542 Ack=144 Win=65024 Len=1448 TSval=2916033906 TSecr=3045553680 [TCP segment of a reassembled PDU]"
"12119","29.826314098","192.168.1.55","192.168.1.2","TCP","1514","8004  >  49970 [ACK] Seq=144990 Ack=144 Win=65024 Len=1448 TSval=2916033906 TSecr=3045553680 [TCP segment of a reassembled PDU]"
"12120","29.826315283","192.168.1.55","192.168.1.2","TCP","1514","8004  >  49970 [ACK] Seq=146438 Ack=144 Win=65024 Len=1448 TSval=2916033906 TSecr=3045553680 [TCP segment of a reassembled PDU]"
"12121","29.826316375","192.168.1.55","192.168.1.2","TCP","1514","8004  >  49970 [ACK] Seq=147886 Ack=144 Win=65024 Len=1448 TSval=2916033906 TSecr=3045553680 [TCP segment of a reassembled PDU]"
"12122","29.826317449","192.168.1.55","192.168.1.2","TCP","1514","8004  >  49970 [ACK] Seq=149334 Ack=144 Win=65024 Len=1448 TSval=2916033906 TSecr=3045553680 [TCP segment of a reassembled PDU]"
"12123","29.826318746","192.168.1.55","192.168.1.2","TCP","1514","8004  >  49970 [ACK] Seq=150782 Ack=144 Win=65024 Len=1448 TSval=2916033906 TSecr=3045553680 [TCP segment of a reassembled PDU]"
"12124","29.826319968","192.168.1.55","192.168.1.2","TCP","162","[TCP Window Full] 8004  >  49970 [PSH, ACK] Seq=152230 Ack=144 Win=65024 Len=96 TSval=2916033906 TSecr=3045553680 [TCP segment of a reassembled PDU]"
"12125","29.831285994","192.168.1.2","192.168.1.55","TCP","66","49970  >  8004 [ACK] Seq=144 Ack=105894 Win=62464 Len=0 TSval=3045553683 TSecr=2916033906"
"12126","29.831309068","192.168.1.55","192.168.1.2","TCP","1514","8004  >  49970 [ACK] Seq=152326 Ack=144 Win=65024 Len=1448 TSval=2916033912 TSecr=3045553683 [TCP segment of a reassembled PDU]"
"12127","29.831311179","192.168.1.55","192.168.1.2","TCP","1514","8004  >  49970 [ACK] Seq=153774 Ack=144 Win=65024 Len=1448 TSval=2916033912 TSecr=3045553683 [TCP segment of a reassembled PDU]"
"12128","29.831312365","192.168.1.55","192.168.1.2","TCP","1514","8004  >  49970 [ACK] Seq=155222 Ack=144 Win=65024 Len=1448 TSval=2916033912 TSecr=3045553683 [TCP segment of a reassembled PDU]"
"12129","29.831313494","192.168.1.55","192.168.1.2","TCP","1514","8004  >  49970 [ACK] Seq=156670 Ack=144 Win=65024 Len=1448 TSval=2916033912 TSecr=3045553683 [TCP segment of a reassembled PDU]"
"12130","29.831314605","192.168.1.55","192.168.1.2","TCP","1514","8004  >  49970 [ACK] Seq=158118 Ack=144 Win=65024 Len=1448 TSval=2916033912 TSecr=3045553683 [TCP segment of a reassembled PDU]"
"12131","29.831315735","192.168.1.55","192.168.1.2","TCP","1514","8004  >  49970 [ACK] Seq=159566 Ack=144 Win=65024 Len=1448 TSval=2916033912 TSecr=3045553683 [TCP segment of a reassembled PDU]"
"12132","29.831316828","192.168.1.55","192.168.1.2","TCP","1514","8004  >  49970 [ACK] Seq=161014 Ack=144 Win=65024 Len=1448 TSval=2916033912 TSecr=3045553683 [TCP segment of a reassembled PDU]"
"12133","29.831318402","192.168.1.55","192.168.1.2","TCP","1514","8004  >  49970 [ACK] Seq=162462 Ack=144 Win=65024 Len=1448 TSval=2916033912 TSecr=3045553683 [TCP segment of a reassembled PDU]"
"12134","29.831319550","192.168.1.55","192.168.1.2","TCP","1514","8004  >  49970 [ACK] Seq=163910 Ack=144 Win=65024 Len=1448 TSval=2916033912 TSecr=3045553683 [TCP segment of a reassembled PDU]"
"12135","29.831320716","192.168.1.55","192.168.1.2","TCP","1514","8004  >  49970 [ACK] Seq=165358 Ack=144 Win=65024 Len=1448 TSval=2916033912 TSecr=3045553683 [TCP segment of a reassembled PDU]"
"12136","29.831321865","192.168.1.55","192.168.1.2","TCP","1514","8004  >  49970 [PSH, ACK] Seq=166806 Ack=144 Win=65024 Len=1448 TSval=2916033912 TSecr=3045553683 [TCP segment of a reassembled PDU]"
"12137","29.834178610","192.168.1.2","192.168.1.55","TCP","66","49970  >  8004 [ACK] Seq=144 Ack=110238 Win=75776 Len=0 TSval=3045553687 TSecr=2916033906"
"12138","29.834210203","192.168.1.55","192.168.1.2","TCP","1514","8004  >  49970 [ACK] Seq=168254 Ack=144 Win=65024 Len=1448 TSval=2916033914 TSecr=3045553687 [TCP segment of a reassembled PDU]"
"12139","29.834213332","192.168.1.55","192.168.1.2","TCP","1514","8004  >  49970 [ACK] Seq=169702 Ack=144 Win=65024 Len=1448 TSval=2916033914 TSecr=3045553687 [TCP segment of a reassembled PDU]"
"12140","29.834223277","192.168.1.55","192.168.1.2","TCP","1514","8004  >  49970 [ACK] Seq=171150 Ack=144 Win=65024 Len=1448 TSval=2916033914 TSecr=3045553687 [TCP segment of a reassembled PDU]"
"12141","29.834225091","192.168.1.55","192.168.1.2","TCP","1514","8004  >  49970 [ACK] Seq=172598 Ack=144 Win=65024 Len=1448 TSval=2916033914 TSecr=3045553687 [TCP segment of a reassembled PDU]"
"12142","29.834227536","192.168.1.55","192.168.1.2","TCP","1514","8004  >  49970 [PSH, ACK] Seq=174046 Ack=144 Win=65024 Len=1448 TSval=2916033914 TSecr=3045553687 [TCP segment of a reassembled PDU]"
"12143","29.834237925","192.168.1.55","192.168.1.2","TCP","1418","8004  >  49970 [PSH, ACK] Seq=175494 Ack=144 Win=65024 Len=1352 TSval=2916033914 TSecr=3045553687 [TCP segment of a reassembled PDU]"
"12144","29.834312332","192.168.1.2","192.168.1.55","TCP","66","49970  >  8004 [ACK] Seq=144 Ack=150782 Win=89088 Len=0 TSval=3045553687 TSecr=2916033906"
"12145","29.834373703","192.168.1.55","192.168.1.2","TCP","1514","8004  >  49970 [ACK] Seq=176846 Ack=144 Win=65024 Len=1448 TSval=2916033915 TSecr=3045553687 [TCP segment of a reassembled PDU]"
"12146","29.834377425","192.168.1.55","192.168.1.2","TCP","1514","8004  >  49970 [ACK] Seq=178294 Ack=144 Win=65024 Len=1448 TSval=2916033915 TSecr=3045553687 [TCP segment of a reassembled PDU]"
"12147","29.834379425","192.168.1.55","192.168.1.2","TCP","1514","8004  >  49970 [ACK] Seq=179742 Ack=144 Win=65024 Len=1448 TSval=2916033915 TSecr=3045553687 [TCP segment of a reassembled PDU]"
"12148","29.834381555","192.168.1.55","192.168.1.2","TCP","1514","8004  >  49970 [ACK] Seq=181190 Ack=144 Win=65024 Len=1448 TSval=2916033915 TSecr=3045553687 [TCP segment of a reassembled PDU]"
"12149","29.834383277","192.168.1.55","192.168.1.2","TCP","1514","8004  >  49970 [ACK] Seq=182638 Ack=144 Win=65024 Len=1448 TSval=2916033915 TSecr=3045553687 [TCP segment of a reassembled PDU]"
"12150","29.834385555","192.168.1.55","192.168.1.2","TCP","1514","8004  >  49970 [ACK] Seq=184086 Ack=144 Win=65024 Len=1448 TSval=2916033915 TSecr=3045553687 [TCP segment of a reassembled PDU]"
"12151","29.834387295","192.168.1.55","192.168.1.2","TCP","1514","8004  >  49970 [ACK] Seq=185534 Ack=144 Win=65024 Len=1448 TSval=2916033915 TSecr=3045553687 [TCP segment of a reassembled PDU]"
"12152","29.834388851","192.168.1.55","192.168.1.2","TCP","1514","8004  >  49970 [ACK] Seq=186982 Ack=144 Win=65024 Len=1448 TSval=2916033915 TSecr=3045553687 [TCP segment of a reassembled PDU]"
"12153","29.834390906","192.168.1.55","192.168.1.2","TCP","1514","8004  >  49970 [ACK] Seq=188430 Ack=144 Win=65024 Len=1448 TSval=2916033915 TSecr=3045553687 [TCP segment of a reassembled PDU]"
"12154","29.834392629","192.168.1.55","192.168.1.2","TCP","1514","8004  >  49970 [ACK] Seq=189878 Ack=144 Win=65024 Len=1448 TSval=2916033915 TSecr=3045553687 [TCP segment of a reassembled PDU]"
"12155","29.834394369","192.168.1.55","192.168.1.2","TCP","1514","8004  >  49970 [ACK] Seq=191326 Ack=144 Win=65024 Len=1448 TSval=2916033915 TSecr=3045553687 [TCP segment of a reassembled PDU]"
"12156","29.834397277","192.168.1.55","192.168.1.2","TCP","1514","8004  >  49970 [ACK] Seq=192774 Ack=144 Win=65024 Len=1448 TSval=2916033915 TSecr=3045553687 [TCP segment of a reassembled PDU]"
"12157","29.834399351","192.168.1.55","192.168.1.2","TCP","1514","8004  >  49970 [ACK] Seq=194222 Ack=144 Win=65024 Len=1448 TSval=2916033915 TSecr=3045553687 [TCP segment of a reassembled PDU]"
"12158","29.834400869","192.168.1.55","192.168.1.2","TCP","1514","8004  >  49970 [ACK] Seq=195670 Ack=144 Win=65024 Len=1448 TSval=2916033915 TSecr=3045553687 [TCP segment of a reassembled PDU]"
"12159","29.834402351","192.168.1.55","192.168.1.2","TCP","1514","8004  >  49970 [ACK] Seq=197118 Ack=144 Win=65024 Len=1448 TSval=2916033915 TSecr=3045553687 [TCP segment of a reassembled PDU]"
"12160","29.834404555","192.168.1.55","192.168.1.2","TCP","1514","8004  >  49970 [ACK] Seq=198566 Ack=144 Win=65024 Len=1448 TSval=2916033915 TSecr=3045553687 [TCP segment of a reassembled PDU]"
"12161","29.834406425","192.168.1.55","192.168.1.2","TCP","1514","8004  >  49970 [ACK] Seq=200014 Ack=144 Win=65024 Len=1448 TSval=2916033915 TSecr=3045553687 [TCP segment of a reassembled PDU]"
"12162","29.834407758","192.168.1.55","192.168.1.2","TCP","1514","8004  >  49970 [ACK] Seq=201462 Ack=144 Win=65024 Len=1448 TSval=2916033915 TSecr=3045553687 [TCP segment of a reassembled PDU]"
"12163","29.834409407","192.168.1.55","192.168.1.2","TCP","1514","8004  >  49970 [ACK] Seq=202910 Ack=144 Win=65024 Len=1448 TSval=2916033915 TSecr=3045553687 [TCP segment of a reassembled PDU]"
"12164","29.834411981","192.168.1.55","192.168.1.2","TCP","1514","8004  >  49970 [ACK] Seq=204358 Ack=144 Win=65024 Len=1448 TSval=2916033915 TSecr=3045553687 [TCP segment of a reassembled PDU]"
"12165","29.834413758","192.168.1.55","192.168.1.2","TCP","1514","8004  >  49970 [ACK] Seq=205806 Ack=144 Win=65024 Len=1448 TSval=2916033915 TSecr=3045553687 [TCP segment of a reassembled PDU]"
"12166","29.834415369","192.168.1.55","192.168.1.2","TCP","1514","8004  >  49970 [ACK] Seq=207254 Ack=144 Win=65024 Len=1448 TSval=2916033915 TSecr=3045553687 [TCP segment of a reassembled PDU]"
"12167","29.834416962","192.168.1.55","192.168.1.2","TCP","1514","8004  >  49970 [PSH, ACK] Seq=208702 Ack=144 Win=65024 Len=1448 TSval=2916033915 TSecr=3045553687 [TCP segment of a reassembled PDU]"
"12168","29.834460555","192.168.1.55","192.168.1.2","TCP","1514","8004  >  49970 [ACK] Seq=210150 Ack=144 Win=65024 Len=1448 TSval=2916033915 TSecr=3045553687 [TCP segment of a reassembled PDU]"
"12169","29.834463407","192.168.1.55","192.168.1.2","TCP","1514","8004  >  49970 [ACK] Seq=211598 Ack=144 Win=65024 Len=1448 TSval=2916033915 TSecr=3045553687 [TCP segment of a reassembled PDU]"
"12170","29.834465314","192.168.1.55","192.168.1.2","TCP","1514","8004  >  49970 [ACK] Seq=213046 Ack=144 Win=65024 Len=1448 TSval=2916033915 TSecr=3045553687 [TCP segment of a reassembled PDU]"
"12171","29.834467277","192.168.1.55","192.168.1.2","TCP","1514","8004  >  49970 [ACK] Seq=214494 Ack=144 Win=65024 Len=1448 TSval=2916033915 TSecr=3045553687 [TCP segment of a reassembled PDU]"
"12172","29.834469147","192.168.1.55","192.168.1.2","TCP","1514","8004  >  49970 [ACK] Seq=215942 Ack=144 Win=65024 Len=1448 TSval=2916033915 TSecr=3045553687 [TCP segment of a reassembled PDU]"
"12173","29.834470425","192.168.1.55","192.168.1.2","TCP","1514","8004  >  49970 [ACK] Seq=217390 Ack=144 Win=65024 Len=1448 TSval=2916033915 TSecr=3045553687 [TCP segment of a reassembled PDU]"
"12174","29.834471833","192.168.1.55","192.168.1.2","TCP","1514","8004  >  49970 [ACK] Seq=218838 Ack=144 Win=65024 Len=1448 TSval=2916033915 TSecr=3045553687 [TCP segment of a reassembled PDU]"
"12175","29.834473610","192.168.1.55","192.168.1.2","TCP","1514","8004  >  49970 [ACK] Seq=220286 Ack=144 Win=65024 Len=1448 TSval=2916033915 TSecr=3045553687 [TCP segment of a reassembled PDU]"
"12176","29.834475518","192.168.1.55","192.168.1.2","TCP","1514","8004  >  49970 [ACK] Seq=221734 Ack=144 Win=65024 Len=1448 TSval=2916033915 TSecr=3045553687 [TCP segment of a reassembled PDU]"
"12177","29.834477258","192.168.1.55","192.168.1.2","TCP","1514","8004  >  49970 [ACK] Seq=223182 Ack=144 Win=65024 Len=1448 TSval=2916033915 TSecr=3045553687 [TCP segment of a reassembled PDU]"
"12178","29.834478814","192.168.1.55","192.168.1.2","TCP","1514","8004  >  49970 [ACK] Seq=224630 Ack=144 Win=65024 Len=1448 TSval=2916033915 TSecr=3045553687 [TCP segment of a reassembled PDU]"
"12179","29.834481536","192.168.1.55","192.168.1.2","TCP","1514","8004  >  49970 [ACK] Seq=226078 Ack=144 Win=65024 Len=1448 TSval=2916033915 TSecr=3045553687 [TCP segment of a reassembled PDU]"
"12180","29.834483221","192.168.1.55","192.168.1.2","TCP","1514","8004  >  49970 [ACK] Seq=227526 Ack=144 Win=65024 Len=1448 TSval=2916033915 TSecr=3045553687 [TCP segment of a reassembled PDU]"
"12181","29.834484796","192.168.1.55","192.168.1.2","TCP","1514","8004  >  49970 [ACK] Seq=228974 Ack=144 Win=65024 Len=1448 TSval=2916033915 TSecr=3045553687 [TCP segment of a reassembled PDU]"
"12182","29.834486240","192.168.1.55","192.168.1.2","TCP","1514","8004  >  49970 [ACK] Seq=230422 Ack=144 Win=65024 Len=1448 TSval=2916033915 TSecr=3045553687 [TCP segment of a reassembled PDU]"
"12183","29.834488851","192.168.1.55","192.168.1.2","TCP","1514","8004  >  49970 [ACK] Seq=231870 Ack=144 Win=65024 Len=1448 TSval=2916033915 TSecr=3045553687 [TCP segment of a reassembled PDU]"
"12184","29.834490555","192.168.1.55","192.168.1.2","TCP","1514","8004  >  49970 [ACK] Seq=233318 Ack=144 Win=65024 Len=1448 TSval=2916033915 TSecr=3045553687 [TCP segment of a reassembled PDU]"
"12185","29.834492092","192.168.1.55","192.168.1.2","TCP","1514","8004  >  49970 [ACK] Seq=234766 Ack=144 Win=65024 Len=1448 TSval=2916033915 TSecr=3045553687 [TCP segment of a reassembled PDU]"
"12186","29.834493536","192.168.1.55","192.168.1.2","TCP","1514","8004  >  49970 [ACK] Seq=236214 Ack=144 Win=65024 Len=1448 TSval=2916033915 TSecr=3045553687 [TCP segment of a reassembled PDU]"
"12187","29.834495518","192.168.1.55","192.168.1.2","TCP","1514","8004  >  49970 [PSH, ACK] Seq=237662 Ack=144 Win=65024 Len=1448 TSval=2916033915 TSecr=3045553687 [TCP segment of a reassembled PDU]"
"12188","29.834502351","192.168.1.2","192.168.1.55","TCP","66","49970  >  8004 [ACK] Seq=144 Ack=152326 Win=92160 Len=0 TSval=3045553688 TSecr=2916033906"
"12189","29.834525370","192.168.1.55","192.168.1.2","TCP","1514","8004  >  49970 [ACK] Seq=239110 Ack=144 Win=65024 Len=1448 TSval=2916033915 TSecr=3045553688 [TCP segment of a reassembled PDU]"
"12190","29.834528370","192.168.1.55","192.168.1.2","TCP","1514","8004  >  49970 [ACK] Seq=240558 Ack=144 Win=65024 Len=1448 TSval=2916033915 TSecr=3045553688 [TCP segment of a reassembled PDU]"
"12191","29.834530203","192.168.1.55","192.168.1.2","TCP","1514","8004  >  49970 [PSH, ACK] Seq=242006 Ack=144 Win=65024 Len=1448 TSval=2916033915 TSecr=3045553688 [TCP segment of a reassembled PDU]"
"12192","29.838941284","192.168.1.2","192.168.1.55","TCP","66","49970  >  8004 [ACK] Seq=144 Ack=168254 Win=107520 Len=0 TSval=3045553690 TSecr=2916033912"
"12193","29.838995710","192.168.1.55","192.168.1.2","TCP","1514","8004  >  49970 [ACK] Seq=243454 Ack=144 Win=65024 Len=1448 TSval=2916033919 TSecr=3045553690 [TCP segment of a reassembled PDU]"
"12194","29.838999747","192.168.1.55","192.168.1.2","TCP","1514","8004  >  49970 [ACK] Seq=244902 Ack=144 Win=65024 Len=1448 TSval=2916033919 TSecr=3045553690 [TCP segment of a reassembled PDU]"
"12195","29.839001303","192.168.1.55","192.168.1.2","TCP","1514","8004  >  49970 [ACK] Seq=246350 Ack=144 Win=65024 Len=1448 TSval=2916033919 TSecr=3045553690 [TCP segment of a reassembled PDU]"
"12196","29.839003191","192.168.1.55","192.168.1.2","TCP","1514","8004  >  49970 [ACK] Seq=247798 Ack=144 Win=65024 Len=1448 TSval=2916033919 TSecr=3045553690 [TCP segment of a reassembled PDU]"
"12197","29.839004747","192.168.1.55","192.168.1.2","TCP","1514","8004  >  49970 [ACK] Seq=249246 Ack=144 Win=65024 Len=1448 TSval=2916033919 TSecr=3045553690 [TCP segment of a reassembled PDU]"
"12198","29.839006414","192.168.1.55","192.168.1.2","TCP","1514","8004  >  49970 [ACK] Seq=250694 Ack=144 Win=65024 Len=1448 TSval=2916033919 TSecr=3045553690 [TCP segment of a reassembled PDU]"
"12199","29.839007803","192.168.1.55","192.168.1.2","TCP","1514","8004  >  49970 [ACK] Seq=252142 Ack=144 Win=65024 Len=1448 TSval=2916033919 TSecr=3045553690 [TCP segment of a reassembled PDU]"
"12200","29.839009173","192.168.1.55","192.168.1.2","TCP","1514","8004  >  49970 [ACK] Seq=253590 Ack=144 Win=65024 Len=1448 TSval=2916033919 TSecr=3045553690 [TCP segment of a reassembled PDU]"
"12201","29.839010599","192.168.1.55","192.168.1.2","TCP","1514","8004  >  49970 [ACK] Seq=255038 Ack=144 Win=65024 Len=1448 TSval=2916033919 TSecr=3045553690 [TCP segment of a reassembled PDU]"
"12202","29.839011932","192.168.1.55","192.168.1.2","TCP","1514","8004  >  49970 [ACK] Seq=256486 Ack=144 Win=65024 Len=1448 TSval=2916033919 TSecr=3045553690 [TCP segment of a reassembled PDU]"
"12203","29.839013340","192.168.1.55","192.168.1.2","TCP","1514","8004  >  49970 [ACK] Seq=257934 Ack=144 Win=65024 Len=1448 TSval=2916033919 TSecr=3045553690 [TCP segment of a reassembled PDU]"
"12204","29.839015154","192.168.1.55","192.168.1.2","TCP","1514","8004  >  49970 [ACK] Seq=259382 Ack=144 Win=65024 Len=1448 TSval=2916033919 TSecr=3045553690 [TCP segment of a reassembled PDU]"
"12205","29.839017284","192.168.1.55","192.168.1.2","TCP","1514","8004  >  49970 [ACK] Seq=260830 Ack=144 Win=65024 Len=1448 TSval=2916033919 TSecr=3045553690 [TCP segment of a reassembled PDU]"
"12206","29.839018895","192.168.1.55","192.168.1.2","TCP","1514","8004  >  49970 [ACK] Seq=262278 Ack=144 Win=65024 Len=1448 TSval=2916033919 TSecr=3045553690 [TCP segment of a reassembled PDU]"
"12207","29.839020284","192.168.1.55","192.168.1.2","TCP","1514","8004  >  49970 [ACK] Seq=263726 Ack=144 Win=65024 Len=1448 TSval=2916033919 TSecr=3045553690 [TCP segment of a reassembled PDU]"
"12208","29.839021784","192.168.1.55","192.168.1.2","TCP","1514","8004  >  49970 [ACK] Seq=265174 Ack=144 Win=65024 Len=1448 TSval=2916033919 TSecr=3045553690 [TCP segment of a reassembled PDU]"
"12209","29.839023229","192.168.1.55","192.168.1.2","TCP","1514","8004  >  49970 [ACK] Seq=266622 Ack=144 Win=65024 Len=1448 TSval=2916033919 TSecr=3045553690 [TCP segment of a reassembled PDU]"
"12210","29.839024599","192.168.1.55","192.168.1.2","TCP","1514","8004  >  49970 [ACK] Seq=268070 Ack=144 Win=65024 Len=1448 TSval=2916033919 TSecr=3045553690 [TCP segment of a reassembled PDU]"
"12211","29.839026062","192.168.1.55","192.168.1.2","TCP","1514","8004  >  49970 [ACK] Seq=269518 Ack=144 Win=65024 Len=1448 TSval=2916033919 TSecr=3045553690 [TCP segment of a reassembled PDU]"
"12212","29.839028377","192.168.1.55","192.168.1.2","TCP","1514","8004  >  49970 [ACK] Seq=270966 Ack=144 Win=65024 Len=1448 TSval=2916033919 TSecr=3045553690 [TCP segment of a reassembled PDU]"
"12213","29.839030210","192.168.1.55","192.168.1.2","TCP","1514","8004  >  49970 [ACK] Seq=272414 Ack=144 Win=65024 Len=1448 TSval=2916033919 TSecr=3045553690 [TCP segment of a reassembled PDU]"
"12214","29.839031729","192.168.1.55","192.168.1.2","TCP","1514","8004  >  49970 [PSH, ACK] Seq=273862 Ack=144 Win=65024 Len=1448 TSval=2916033919 TSecr=3045553690 [TCP segment of a reassembled PDU]"
"12215","29.843258661","192.168.1.2","192.168.1.55","TCP","66","49970  >  8004 [ACK] Seq=144 Ack=175494 Win=115712 Len=0 TSval=3045553695 TSecr=2916033914"
"12216","29.843269957","192.168.1.55","192.168.1.2","TCP","1514","8004  >  49970 [ACK] Seq=275310 Ack=144 Win=65024 Len=1448 TSval=2916033923 TSecr=3045553695 [TCP segment of a reassembled PDU]"
"12217","29.843448717","192.168.1.2","192.168.1.55","TCP","66","49970  >  8004 [ACK] Seq=144 Ack=210150 Win=81920 Len=0 TSval=3045553695 TSecr=2916033914"
"12218","29.843458921","192.168.1.2","192.168.1.55","TCP","66","49970  >  8004 [ACK] Seq=144 Ack=233318 Win=81920 Len=0 TSval=3045553695 TSecr=2916033915"
"12219","29.843485217","192.168.1.55","192.168.1.2","TCP","1514","8004  >  49970 [ACK] Seq=276758 Ack=144 Win=65024 Len=1448 TSval=2916033924 TSecr=3045553695 [TCP segment of a reassembled PDU]"
"12220","29.843487643","192.168.1.55","192.168.1.2","TCP","1514","8004  >  49970 [ACK] Seq=278206 Ack=144 Win=65024 Len=1448 TSval=2916033924 TSecr=3045553695 [TCP segment of a reassembled PDU]"
"12221","29.843488865","192.168.1.55","192.168.1.2","TCP","1514","8004  >  49970 [ACK] Seq=279654 Ack=144 Win=65024 Len=1448 TSval=2916033924 TSecr=3045553695 [TCP segment of a reassembled PDU]"
"12222","29.843490087","192.168.1.55","192.168.1.2","TCP","1514","8004  >  49970 [ACK] Seq=281102 Ack=144 Win=65024 Len=1448 TSval=2916033924 TSecr=3045553695 [TCP segment of a reassembled PDU]"
"12223","29.843491291","192.168.1.55","192.168.1.2","TCP","1514","8004  >  49970 [ACK] Seq=282550 Ack=144 Win=65024 Len=1448 TSval=2916033924 TSecr=3045553695 [TCP segment of a reassembled PDU]"
"12224","29.843492606","192.168.1.55","192.168.1.2","TCP","1514","8004  >  49970 [ACK] Seq=283998 Ack=144 Win=65024 Len=1448 TSval=2916033924 TSecr=3045553695 [TCP segment of a reassembled PDU]"
"12225","29.843493810","192.168.1.55","192.168.1.2","TCP","1514","8004  >  49970 [ACK] Seq=285446 Ack=144 Win=65024 Len=1448 TSval=2916033924 TSecr=3045553695 [TCP segment of a reassembled PDU]"
"12226","29.843495050","192.168.1.55","192.168.1.2","TCP","1514","8004  >  49970 [ACK] Seq=286894 Ack=144 Win=65024 Len=1448 TSval=2916033924 TSecr=3045553695 [TCP segment of a reassembled PDU]"
"12227","29.843496643","192.168.1.55","192.168.1.2","TCP","1514","8004  >  49970 [ACK] Seq=288342 Ack=144 Win=65024 Len=1448 TSval=2916033924 TSecr=3045553695 [TCP segment of a reassembled PDU]"
"12228","29.843497902","192.168.1.55","192.168.1.2","TCP","1514","8004  >  49970 [ACK] Seq=289790 Ack=144 Win=65024 Len=1448 TSval=2916033924 TSecr=3045553695 [TCP segment of a reassembled PDU]"
"12229","29.843499273","192.168.1.55","192.168.1.2","TCP","1514","8004  >  49970 [ACK] Seq=291238 Ack=144 Win=65024 Len=1448 TSval=2916033924 TSecr=3045553695 [TCP segment of a reassembled PDU]"
"12230","29.843500624","192.168.1.55","192.168.1.2","TCP","1514","8004  >  49970 [ACK] Seq=292686 Ack=144 Win=65024 Len=1448 TSval=2916033924 TSecr=3045553695 [TCP segment of a reassembled PDU]"
"12231","29.843501939","192.168.1.55","192.168.1.2","TCP","1514","8004  >  49970 [ACK] Seq=294134 Ack=144 Win=65024 Len=1448 TSval=2916033924 TSecr=3045553695 [TCP segment of a reassembled PDU]"
"12232","29.843503347","192.168.1.55","192.168.1.2","TCP","1514","8004  >  49970 [ACK] Seq=295582 Ack=144 Win=65024 Len=1448 TSval=2916033924 TSecr=3045553695 [TCP segment of a reassembled PDU]"
"12233","29.843504569","192.168.1.55","192.168.1.2","TCP","1514","8004  >  49970 [ACK] Seq=297030 Ack=144 Win=65024 Len=1448 TSval=2916033924 TSecr=3045553695 [TCP segment of a reassembled PDU]"
"12234","29.843505791","192.168.1.55","192.168.1.2","TCP","1514","8004  >  49970 [ACK] Seq=298478 Ack=144 Win=65024 Len=1448 TSval=2916033924 TSecr=3045553695 [TCP segment of a reassembled PDU]"
"12235","29.843507106","192.168.1.55","192.168.1.2","TCP","1514","8004  >  49970 [ACK] Seq=299926 Ack=144 Win=65024 Len=1448 TSval=2916033924 TSecr=3045553695 [TCP segment of a reassembled PDU]"
"12236","29.843508310","192.168.1.55","192.168.1.2","TCP","1514","8004  >  49970 [ACK] Seq=301374 Ack=144 Win=65024 Len=1448 TSval=2916033924 TSecr=3045553695 [TCP segment of a reassembled PDU]"
"12237","29.843509680","192.168.1.55","192.168.1.2","TCP","1514","8004  >  49970 [ACK] Seq=302822 Ack=144 Win=65024 Len=1448 TSval=2916033924 TSecr=3045553695 [TCP segment of a reassembled PDU]"
"12238","29.843511273","192.168.1.55","192.168.1.2","TCP","1514","8004  >  49970 [ACK] Seq=304270 Ack=144 Win=65024 Len=1448 TSval=2916033924 TSecr=3045553695 [TCP segment of a reassembled PDU]"
"12239","29.843512476","192.168.1.55","192.168.1.2","TCP","1514","8004  >  49970 [ACK] Seq=305718 Ack=144 Win=65024 Len=1448 TSval=2916033924 TSecr=3045553695 [TCP segment of a reassembled PDU]"
"12240","29.843513717","192.168.1.55","192.168.1.2","TCP","1514","8004  >  49970 [ACK] Seq=307166 Ack=144 Win=65024 Len=1448 TSval=2916033924 TSecr=3045553695 [TCP segment of a reassembled PDU]"
"12241","29.843514902","192.168.1.55","192.168.1.2","TCP","1514","8004  >  49970 [PSH, ACK] Seq=308614 Ack=144 Win=65024 Len=1448 TSval=2916033924 TSecr=3045553695 [TCP segment of a reassembled PDU]"
"12242","29.843519310","192.168.1.2","192.168.1.55","TCP","66","49970  >  8004 [ACK] Seq=144 Ack=239110 Win=115712 Len=0 TSval=3045553696 TSecr=2916033915"
"12243","29.843550810","192.168.1.55","192.168.1.2","TCP","1514","8004  >  49970 [ACK] Seq=310062 Ack=144 Win=65024 Len=1448 TSval=2916033924 TSecr=3045553696 [TCP segment of a reassembled PDU]"
"12244","29.843552810","192.168.1.55","192.168.1.2","TCP","1514","8004  >  49970 [ACK] Seq=311510 Ack=144 Win=65024 Len=1448 TSval=2916033924 TSecr=3045553696 [TCP segment of a reassembled PDU]"
"12245","29.843554125","192.168.1.55","192.168.1.2","TCP","1514","8004  >  49970 [ACK] Seq=312958 Ack=144 Win=65024 Len=1448 TSval=2916033924 TSecr=3045553696 [TCP segment of a reassembled PDU]"
"12246","29.843556013","192.168.1.55","192.168.1.2","TCP","1514","8004  >  49970 [ACK] Seq=314406 Ack=144 Win=65024 Len=1448 TSval=2916033924 TSecr=3045553696 [TCP segment of a reassembled PDU]"
"12247","29.843557217","192.168.1.55","192.168.1.2","TCP","1514","8004  >  49970 [ACK] Seq=315854 Ack=144 Win=65024 Len=1448 TSval=2916033924 TSecr=3045553696 [TCP segment of a reassembled PDU]"
"12248","29.843558625","192.168.1.55","192.168.1.2","TCP","1514","8004  >  49970 [ACK] Seq=317302 Ack=144 Win=65024 Len=1448 TSval=2916033924 TSecr=3045553696 [TCP segment of a reassembled PDU]"
"12249","29.843559828","192.168.1.55","192.168.1.2","TCP","1514","8004  >  49970 [ACK] Seq=318750 Ack=144 Win=65024 Len=1448 TSval=2916033924 TSecr=3045553696 [TCP segment of a reassembled PDU]"
"12250","29.843561032","192.168.1.55","192.168.1.2","TCP","1514","8004  >  49970 [ACK] Seq=320198 Ack=144 Win=65024 Len=1448 TSval=2916033924 TSecr=3045553696 [TCP segment of a reassembled PDU]"
"12251","29.843562273","192.168.1.55","192.168.1.2","TCP","1514","8004  >  49970 [ACK] Seq=321646 Ack=144 Win=65024 Len=1448 TSval=2916033924 TSecr=3045553696 [TCP segment of a reassembled PDU]"
"12252","29.843563773","192.168.1.55","192.168.1.2","TCP","1514","8004  >  49970 [ACK] Seq=323094 Ack=144 Win=65024 Len=1448 TSval=2916033924 TSecr=3045553696 [TCP segment of a reassembled PDU]"
"12253","29.843565069","192.168.1.55","192.168.1.2","TCP","1514","8004  >  49970 [ACK] Seq=324542 Ack=144 Win=65024 Len=1448 TSval=2916033924 TSecr=3045553696 [TCP segment of a reassembled PDU]"
"12254","29.843566347","192.168.1.55","192.168.1.2","TCP","1514","8004  >  49970 [ACK] Seq=325990 Ack=144 Win=65024 Len=1448 TSval=2916033924 TSecr=3045553696 [TCP segment of a reassembled PDU]"
"12255","29.843567551","192.168.1.55","192.168.1.2","TCP","1514","8004  >  49970 [ACK] Seq=327438 Ack=144 Win=65024 Len=1448 TSval=2916033924 TSecr=3045553696 [TCP segment of a reassembled PDU]"
"12256","29.843568847","192.168.1.55","192.168.1.2","TCP","1514","8004  >  49970 [ACK] Seq=328886 Ack=144 Win=65024 Len=1448 TSval=2916033924 TSecr=3045553696 [TCP segment of a reassembled PDU]"
"12257","29.843570495","192.168.1.55","192.168.1.2","TCP","1514","8004  >  49970 [ACK] Seq=330334 Ack=144 Win=65024 Len=1448 TSval=2916033924 TSecr=3045553696 [TCP segment of a reassembled PDU]"
"12258","29.843571921","192.168.1.55","192.168.1.2","TCP","1514","8004  >  49970 [ACK] Seq=331782 Ack=144 Win=65024 Len=1448 TSval=2916033924 TSecr=3045553696 [TCP segment of a reassembled PDU]"
"12259","29.843573106","192.168.1.55","192.168.1.2","TCP","1514","8004  >  49970 [ACK] Seq=333230 Ack=144 Win=65024 Len=1448 TSval=2916033924 TSecr=3045553696 [TCP segment of a reassembled PDU]"
"12260","29.843574328","192.168.1.55","192.168.1.2","TCP","1514","8004  >  49970 [ACK] Seq=334678 Ack=144 Win=65024 Len=1448 TSval=2916033924 TSecr=3045553696 [TCP segment of a reassembled PDU]"
"12261","29.843575662","192.168.1.55","192.168.1.2","TCP","1514","8004  >  49970 [ACK] Seq=336126 Ack=144 Win=65024 Len=1448 TSval=2916033924 TSecr=3045553696 [TCP segment of a reassembled PDU]"
"12262","29.843576847","192.168.1.55","192.168.1.2","TCP","1514","8004  >  49970 [ACK] Seq=337574 Ack=144 Win=65024 Len=1448 TSval=2916033924 TSecr=3045553696 [TCP segment of a reassembled PDU]"
"12263","29.843578199","192.168.1.55","192.168.1.2","TCP","1514","8004  >  49970 [ACK] Seq=339022 Ack=144 Win=65024 Len=1448 TSval=2916033924 TSecr=3045553696 [TCP segment of a reassembled PDU]"
"12264","29.843579606","192.168.1.55","192.168.1.2","TCP","1514","8004  >  49970 [ACK] Seq=340470 Ack=144 Win=65024 Len=1448 TSval=2916033924 TSecr=3045553696 [TCP segment of a reassembled PDU]"
"12265","29.843580902","192.168.1.55","192.168.1.2","TCP","1514","8004  >  49970 [PSH, ACK] Seq=341918 Ack=144 Win=65024 Len=1448 TSval=2916033924 TSecr=3045553696 [TCP segment of a reassembled PDU]"
"12266","29.850129616","192.168.1.2","192.168.1.55","TCP","66","49970  >  8004 [ACK] Seq=144 Ack=243454 Win=117760 Len=0 TSval=3045553698 TSecr=2916033915"
"12267","29.850150431","192.168.1.55","192.168.1.2","TCP","1514","8004  >  49970 [ACK] Seq=343366 Ack=144 Win=65024 Len=1448 TSval=2916033930 TSecr=3045553698 [TCP segment of a reassembled PDU]"
"12268","29.850152746","192.168.1.55","192.168.1.2","TCP","1514","8004  >  49970 [ACK] Seq=344814 Ack=144 Win=65024 Len=1448 TSval=2916033930 TSecr=3045553698 [TCP segment of a reassembled PDU]"
"12269","29.850154098","192.168.1.55","192.168.1.2","TCP","1514","8004  >  49970 [ACK] Seq=346262 Ack=144 Win=65024 Len=1448 TSval=2916033930 TSecr=3045553698 [TCP segment of a reassembled PDU]"
"12270","29.850155413","192.168.1.55","192.168.1.2","TCP","1514","8004  >  49970 [ACK] Seq=347710 Ack=144 Win=65024 Len=1448 TSval=2916033930 TSecr=3045553698 [TCP segment of a reassembled PDU]"
"12271","29.850156635","192.168.1.55","192.168.1.2","TCP","1514","8004  >  49970 [ACK] Seq=349158 Ack=144 Win=65024 Len=1448 TSval=2916033930 TSecr=3045553698 [TCP segment of a reassembled PDU]"
"12272","29.850157931","192.168.1.55","192.168.1.2","TCP","1514","8004  >  49970 [ACK] Seq=350606 Ack=144 Win=65024 Len=1448 TSval=2916033930 TSecr=3045553698 [TCP segment of a reassembled PDU]"
"12273","29.850159135","192.168.1.55","192.168.1.2","TCP","1514","8004  >  49970 [ACK] Seq=352054 Ack=144 Win=65024 Len=1448 TSval=2916033930 TSecr=3045553698 [TCP segment of a reassembled PDU]"
"12274","29.850160561","192.168.1.55","192.168.1.2","TCP","1514","8004  >  49970 [ACK] Seq=353502 Ack=144 Win=65024 Len=1448 TSval=2916033930 TSecr=3045553698 [TCP segment of a reassembled PDU]"
"12275","29.850161857","192.168.1.55","192.168.1.2","TCP","1514","8004  >  49970 [ACK] Seq=354950 Ack=144 Win=65024 Len=1448 TSval=2916033930 TSecr=3045553698 [TCP segment of a reassembled PDU]"
"12276","29.850163153","192.168.1.55","192.168.1.2","TCP","1514","8004  >  49970 [ACK] Seq=356398 Ack=144 Win=65024 Len=1448 TSval=2916033930 TSecr=3045553698 [TCP segment of a reassembled PDU]"
"12277","29.850164579","192.168.1.55","192.168.1.2","TCP","1514","8004  >  49970 [ACK] Seq=357846 Ack=144 Win=65024 Len=1448 TSval=2916033930 TSecr=3045553698 [TCP segment of a reassembled PDU]"
"12278","29.850165931","192.168.1.55","192.168.1.2","TCP","1514","8004  >  49970 [ACK] Seq=359294 Ack=144 Win=65024 Len=1448 TSval=2916033930 TSecr=3045553698 [TCP segment of a reassembled PDU]"
"12279","29.850167616","192.168.1.55","192.168.1.2","TCP","538","[TCP Window Full] 8004  >  49970 [PSH, ACK] Seq=360742 Ack=144 Win=65024 Len=472 TSval=2916033930 TSecr=3045553698 [TCP segment of a reassembled PDU]"
"12280","29.850222950","192.168.1.2","192.168.1.55","TCP","66","49970  >  8004 [ACK] Seq=144 Ack=269518 Win=103424 Len=0 TSval=3045553698 TSecr=2916033919"
"12281","29.850230765","192.168.1.2","192.168.1.55","TCP","66","49970  >  8004 [ACK] Seq=144 Ack=275310 Win=115712 Len=0 TSval=3045553700 TSecr=2916033919"
"12282","29.850247283","192.168.1.55","192.168.1.2","TCP","1514","8004  >  49970 [ACK] Seq=361214 Ack=144 Win=65024 Len=1448 TSval=2916033930 TSecr=3045553700 [TCP segment of a reassembled PDU]"
"12283","29.850248931","192.168.1.55","192.168.1.2","TCP","1514","8004  >  49970 [ACK] Seq=362662 Ack=144 Win=65024 Len=1448 TSval=2916033930 TSecr=3045553700 [TCP segment of a reassembled PDU]"
"12284","29.850250154","192.168.1.55","192.168.1.2","TCP","1514","8004  >  49970 [ACK] Seq=364110 Ack=144 Win=65024 Len=1448 TSval=2916033930 TSecr=3045553700 [TCP segment of a reassembled PDU]"
"12285","29.850251894","192.168.1.55","192.168.1.2","TCP","1514","8004  >  49970 [ACK] Seq=365558 Ack=144 Win=65024 Len=1448 TSval=2916033930 TSecr=3045553700 [TCP segment of a reassembled PDU]"
"12286","29.850253191","192.168.1.55","192.168.1.2","TCP","1514","8004  >  49970 [ACK] Seq=367006 Ack=144 Win=65024 Len=1448 TSval=2916033930 TSecr=3045553700 [TCP segment of a reassembled PDU]"
"12287","29.850254598","192.168.1.55","192.168.1.2","TCP","1514","8004  >  49970 [ACK] Seq=368454 Ack=144 Win=65024 Len=1448 TSval=2916033930 TSecr=3045553700 [TCP segment of a reassembled PDU]"
"12288","29.850255820","192.168.1.55","192.168.1.2","TCP","1514","8004  >  49970 [ACK] Seq=369902 Ack=144 Win=65024 Len=1448 TSval=2916033930 TSecr=3045553700 [TCP segment of a reassembled PDU]"
"12289","29.850257172","192.168.1.55","192.168.1.2","TCP","1514","8004  >  49970 [ACK] Seq=371350 Ack=144 Win=65024 Len=1448 TSval=2916033930 TSecr=3045553700 [TCP segment of a reassembled PDU]"
"12290","29.850258524","192.168.1.55","192.168.1.2","TCP","1514","8004  >  49970 [ACK] Seq=372798 Ack=144 Win=65024 Len=1448 TSval=2916033930 TSecr=3045553700 [TCP segment of a reassembled PDU]"
"12291","29.850259765","192.168.1.55","192.168.1.2","TCP","1514","8004  >  49970 [PSH, ACK] Seq=374246 Ack=144 Win=65024 Len=1448 TSval=2916033930 TSecr=3045553700 [TCP segment of a reassembled PDU]"
"12292","29.850264061","192.168.1.55","192.168.1.2","TCP","1042","8004  >  49970 [PSH, ACK] Seq=375694 Ack=144 Win=65024 Len=976 TSval=2916033930 TSecr=3045553700 [TCP segment of a reassembled PDU]"
"12293","29.854497290","192.168.1.2","192.168.1.55","TCP","66","49970  >  8004 [ACK] Seq=144 Ack=276758 Win=119808 Len=0 TSval=3045553706 TSecr=2916033923"
"12294","29.854521771","192.168.1.55","192.168.1.2","TCP","1514","8004  >  49970 [ACK] Seq=376670 Ack=144 Win=65024 Len=1448 TSval=2916033935 TSecr=3045553706 [TCP segment of a reassembled PDU]"
"12295","29.854524605","192.168.1.55","192.168.1.2","TCP","1514","8004  >  49970 [ACK] Seq=378118 Ack=144 Win=65024 Len=1448 TSval=2916033935 TSecr=3045553706 [TCP segment of a reassembled PDU]"
"12296","29.854526327","192.168.1.55","192.168.1.2","TCP","1514","8004  >  49970 [ACK] Seq=379566 Ack=144 Win=65024 Len=1448 TSval=2916033935 TSecr=3045553706 [TCP segment of a reassembled PDU]"
"12297","29.854527679","192.168.1.55","192.168.1.2","TCP","1514","8004  >  49970 [ACK] Seq=381014 Ack=144 Win=65024 Len=1448 TSval=2916033935 TSecr=3045553706 [TCP segment of a reassembled PDU]"
"12298","29.854529105","192.168.1.55","192.168.1.2","TCP","1514","8004  >  49970 [ACK] Seq=382462 Ack=144 Win=65024 Len=1448 TSval=2916033935 TSecr=3045553706 [TCP segment of a reassembled PDU]"
"12299","29.854530605","192.168.1.55","192.168.1.2","TCP","1514","8004  >  49970 [ACK] Seq=383910 Ack=144 Win=65024 Len=1448 TSval=2916033935 TSecr=3045553706 [TCP segment of a reassembled PDU]"
"12300","29.854531975","192.168.1.55","192.168.1.2","TCP","1514","8004  >  49970 [ACK] Seq=385358 Ack=144 Win=65024 Len=1448 TSval=2916033935 TSecr=3045553706 [TCP segment of a reassembled PDU]"
"12301","29.854534031","192.168.1.55","192.168.1.2","TCP","1514","8004  >  49970 [ACK] Seq=386806 Ack=144 Win=65024 Len=1448 TSval=2916033935 TSecr=3045553706 [TCP segment of a reassembled PDU]"
"12302","29.854535401","192.168.1.55","192.168.1.2","TCP","1514","8004  >  49970 [ACK] Seq=388254 Ack=144 Win=65024 Len=1448 TSval=2916033935 TSecr=3045553706 [TCP segment of a reassembled PDU]"
"12303","29.854536753","192.168.1.55","192.168.1.2","TCP","1514","8004  >  49970 [ACK] Seq=389702 Ack=144 Win=65024 Len=1448 TSval=2916033935 TSecr=3045553706 [TCP segment of a reassembled PDU]"
"12304","29.854538290","192.168.1.55","192.168.1.2","TCP","1514","8004  >  49970 [ACK] Seq=391150 Ack=144 Win=65024 Len=1448 TSval=2916033935 TSecr=3045553706 [TCP segment of a reassembled PDU]"
"12305","29.854539660","192.168.1.55","192.168.1.2","TCP","1514","8004  >  49970 [ACK] Seq=392598 Ack=144 Win=65024 Len=1448 TSval=2916033935 TSecr=3045553706 [TCP segment of a reassembled PDU]"
"12306","29.854541068","192.168.1.55","192.168.1.2","TCP","1514","8004  >  49970 [PSH, ACK] Seq=394046 Ack=144 Win=65024 Len=1448 TSval=2916033935 TSecr=3045553706 [TCP segment of a reassembled PDU]"
"12307","29.854620827","192.168.1.2","192.168.1.55","TCP","66","49970  >  8004 [ACK] Seq=144 Ack=310062 Win=160768 Len=0 TSval=3045553706 TSecr=2916033924"
"12308","29.854642494","192.168.1.55","192.168.1.2","TCP","1514","8004  >  49970 [ACK] Seq=395494 Ack=144 Win=65024 Len=1448 TSval=2916033935 TSecr=3045553706 [TCP segment of a reassembled PDU]"
"12309","29.854644623","192.168.1.55","192.168.1.2","TCP","1514","8004  >  49970 [ACK] Seq=396942 Ack=144 Win=65024 Len=1448 TSval=2916033935 TSecr=3045553706 [TCP segment of a reassembled PDU]"
"12310","29.854646049","192.168.1.55","192.168.1.2","TCP","1514","8004  >  49970 [ACK] Seq=398390 Ack=144 Win=65024 Len=1448 TSval=2916033935 TSecr=3045553706 [TCP segment of a reassembled PDU]"
"12311","29.854647568","192.168.1.55","192.168.1.2","TCP","1514","8004  >  49970 [ACK] Seq=399838 Ack=144 Win=65024 Len=1448 TSval=2916033935 TSecr=3045553706 [TCP segment of a reassembled PDU]"
"12312","29.854649012","192.168.1.55","192.168.1.2","TCP","1514","8004  >  49970 [ACK] Seq=401286 Ack=144 Win=65024 Len=1448 TSval=2916033935 TSecr=3045553706 [TCP segment of a reassembled PDU]"
"12313","29.854650401","192.168.1.55","192.168.1.2","TCP","1514","8004  >  49970 [ACK] Seq=402734 Ack=144 Win=65024 Len=1448 TSval=2916033935 TSecr=3045553706 [TCP segment of a reassembled PDU]"
"12314","29.854652216","192.168.1.55","192.168.1.2","TCP","1514","8004  >  49970 [ACK] Seq=404182 Ack=144 Win=65024 Len=1448 TSval=2916033935 TSecr=3045553706 [TCP segment of a reassembled PDU]"
"12315","29.854657920","192.168.1.55","192.168.1.2","TCP","1514","8004  >  49970 [ACK] Seq=405630 Ack=144 Win=65024 Len=1448 TSval=2916033935 TSecr=3045553706 [TCP segment of a reassembled PDU]"
"12316","29.854659531","192.168.1.55","192.168.1.2","TCP","1514","8004  >  49970 [ACK] Seq=407078 Ack=144 Win=65024 Len=1448 TSval=2916033935 TSecr=3045553706 [TCP segment of a reassembled PDU]"
"12317","29.854661068","192.168.1.55","192.168.1.2","TCP","1514","8004  >  49970 [PSH, ACK] Seq=408526 Ack=144 Win=65024 Len=1448 TSval=2916033935 TSecr=3045553706 [TCP segment of a reassembled PDU]"
"12318","29.854685809","192.168.1.55","192.168.1.2","TCP","1514","8004  >  49970 [ACK] Seq=409974 Ack=144 Win=65024 Len=1448 TSval=2916033935 TSecr=3045553706 [TCP segment of a reassembled PDU]"
"12319","29.854687568","192.168.1.55","192.168.1.2","TCP","1514","8004  >  49970 [ACK] Seq=411422 Ack=144 Win=65024 Len=1448 TSval=2916033935 TSecr=3045553706 [TCP segment of a reassembled PDU]"
"12320","29.854689012","192.168.1.55","192.168.1.2","TCP","1514","8004  >  49970 [ACK] Seq=412870 Ack=144 Win=65024 Len=1448 TSval=2916033935 TSecr=3045553706 [TCP segment of a reassembled PDU]"
"12321","29.854690512","192.168.1.55","192.168.1.2","TCP","1514","8004  >  49970 [ACK] Seq=414318 Ack=144 Win=65024 Len=1448 TSval=2916033935 TSecr=3045553706 [TCP segment of a reassembled PDU]"
"12322","29.854692031","192.168.1.55","192.168.1.2","TCP","1514","8004  >  49970 [ACK] Seq=415766 Ack=144 Win=65024 Len=1448 TSval=2916033935 TSecr=3045553706 [TCP segment of a reassembled PDU]"
"12323","29.854693420","192.168.1.55","192.168.1.2","TCP","1514","8004  >  49970 [ACK] Seq=417214 Ack=144 Win=65024 Len=1448 TSval=2916033935 TSecr=3045553706 [TCP segment of a reassembled PDU]"
"12324","29.854694883","192.168.1.55","192.168.1.2","TCP","1514","8004  >  49970 [ACK] Seq=418662 Ack=144 Win=65024 Len=1448 TSval=2916033935 TSecr=3045553706 [TCP segment of a reassembled PDU]"
"12325","29.854696679","192.168.1.55","192.168.1.2","TCP","1514","8004  >  49970 [ACK] Seq=420110 Ack=144 Win=65024 Len=1448 TSval=2916033935 TSecr=3045553706 [TCP segment of a reassembled PDU]"
"12326","29.854698179","192.168.1.55","192.168.1.2","TCP","1514","8004  >  49970 [ACK] Seq=421558 Ack=144 Win=65024 Len=1448 TSval=2916033935 TSecr=3045553706 [TCP segment of a reassembled PDU]"
"12327","29.854699642","192.168.1.55","192.168.1.2","TCP","1514","8004  >  49970 [ACK] Seq=423006 Ack=144 Win=65024 Len=1448 TSval=2916033935 TSecr=3045553706 [TCP segment of a reassembled PDU]"
"12328","29.854701142","192.168.1.55","192.168.1.2","TCP","1514","8004  >  49970 [ACK] Seq=424454 Ack=144 Win=65024 Len=1448 TSval=2916033935 TSecr=3045553706 [TCP segment of a reassembled PDU]"
"12329","29.854702586","192.168.1.55","192.168.1.2","TCP","1514","8004  >  49970 [ACK] Seq=425902 Ack=144 Win=65024 Len=1448 TSval=2916033935 TSecr=3045553706 [TCP segment of a reassembled PDU]"
"12330","29.854704105","192.168.1.55","192.168.1.2","TCP","1514","8004  >  49970 [ACK] Seq=427350 Ack=144 Win=65024 Len=1448 TSval=2916033935 TSecr=3045553706 [TCP segment of a reassembled PDU]"
"12331","29.854705475","192.168.1.55","192.168.1.2","TCP","1514","8004  >  49970 [ACK] Seq=428798 Ack=144 Win=65024 Len=1448 TSval=2916033935 TSecr=3045553706 [TCP segment of a reassembled PDU]"
"12332","29.854706994","192.168.1.55","192.168.1.2","TCP","1514","8004  >  49970 [ACK] Seq=430246 Ack=144 Win=65024 Len=1448 TSval=2916033935 TSecr=3045553706 [TCP segment of a reassembled PDU]"
"12333","29.854708401","192.168.1.55","192.168.1.2","TCP","1514","8004  >  49970 [ACK] Seq=431694 Ack=144 Win=65024 Len=1448 TSval=2916033935 TSecr=3045553706 [TCP segment of a reassembled PDU]"
"12334","29.854710049","192.168.1.55","192.168.1.2","TCP","1514","8004  >  49970 [ACK] Seq=433142 Ack=144 Win=65024 Len=1448 TSval=2916033935 TSecr=3045553706 [TCP segment of a reassembled PDU]"
"12335","29.854711568","192.168.1.55","192.168.1.2","TCP","1514","8004  >  49970 [ACK] Seq=434590 Ack=144 Win=65024 Len=1448 TSval=2916033935 TSecr=3045553706 [TCP segment of a reassembled PDU]"
"12336","29.854713216","192.168.1.55","192.168.1.2","TCP","1514","8004  >  49970 [ACK] Seq=436038 Ack=144 Win=65024 Len=1448 TSval=2916033935 TSecr=3045553706 [TCP segment of a reassembled PDU]"
"12337","29.854714679","192.168.1.55","192.168.1.2","TCP","1514","8004  >  49970 [ACK] Seq=437486 Ack=144 Win=65024 Len=1448 TSval=2916033935 TSecr=3045553706 [TCP segment of a reassembled PDU]"
"12338","29.854716049","192.168.1.55","192.168.1.2","TCP","1514","8004  >  49970 [ACK] Seq=438934 Ack=144 Win=65024 Len=1448 TSval=2916033935 TSecr=3045553706 [TCP segment of a reassembled PDU]"
"12339","29.854717512","192.168.1.55","192.168.1.2","TCP","1514","8004  >  49970 [ACK] Seq=440382 Ack=144 Win=65024 Len=1448 TSval=2916033935 TSecr=3045553706 [TCP segment of a reassembled PDU]"
"12340","29.854718975","192.168.1.55","192.168.1.2","TCP","1514","8004  >  49970 [PSH, ACK] Seq=441830 Ack=144 Win=65024 Len=1448 TSval=2916033935 TSecr=3045553706 [TCP segment of a reassembled PDU]"
"12341","29.854724364","192.168.1.2","192.168.1.55","TCP","66","49970  >  8004 [ACK] Seq=144 Ack=343366 Win=160768 Len=0 TSval=3045553706 TSecr=2916033924"
"12342","29.854770513","192.168.1.55","192.168.1.2","TCP","1514","8004  >  49970 [ACK] Seq=443278 Ack=144 Win=65024 Len=1448 TSval=2916033935 TSecr=3045553706 [TCP segment of a reassembled PDU]"
"12343","29.854772772","192.168.1.55","192.168.1.2","TCP","1514","8004  >  49970 [ACK] Seq=444726 Ack=144 Win=65024 Len=1448 TSval=2916033935 TSecr=3045553706 [TCP segment of a reassembled PDU]"
"12344","29.854774161","192.168.1.55","192.168.1.2","TCP","1514","8004  >  49970 [ACK] Seq=446174 Ack=144 Win=65024 Len=1448 TSval=2916033935 TSecr=3045553706 [TCP segment of a reassembled PDU]"
"12345","29.854775550","192.168.1.55","192.168.1.2","TCP","1514","8004  >  49970 [ACK] Seq=447622 Ack=144 Win=65024 Len=1448 TSval=2916033935 TSecr=3045553706 [TCP segment of a reassembled PDU]"
"12346","29.854777068","192.168.1.55","192.168.1.2","TCP","1514","8004  >  49970 [ACK] Seq=449070 Ack=144 Win=65024 Len=1448 TSval=2916033935 TSecr=3045553706 [TCP segment of a reassembled PDU]"
"12347","29.854778642","192.168.1.55","192.168.1.2","TCP","1514","8004  >  49970 [ACK] Seq=450518 Ack=144 Win=65024 Len=1448 TSval=2916033935 TSecr=3045553706 [TCP segment of a reassembled PDU]"
"12348","29.854780105","192.168.1.55","192.168.1.2","TCP","1514","8004  >  49970 [ACK] Seq=451966 Ack=144 Win=65024 Len=1448 TSval=2916033935 TSecr=3045553706 [TCP segment of a reassembled PDU]"
"12349","29.854781642","192.168.1.55","192.168.1.2","TCP","1514","8004  >  49970 [ACK] Seq=453414 Ack=144 Win=65024 Len=1448 TSval=2916033935 TSecr=3045553706 [TCP segment of a reassembled PDU]"
"12350","29.854783050","192.168.1.55","192.168.1.2","TCP","1514","8004  >  49970 [ACK] Seq=454862 Ack=144 Win=65024 Len=1448 TSval=2916033935 TSecr=3045553706 [TCP segment of a reassembled PDU]"
"12351","29.854785179","192.168.1.55","192.168.1.2","TCP","1514","8004  >  49970 [ACK] Seq=456310 Ack=144 Win=65024 Len=1448 TSval=2916033935 TSecr=3045553706 [TCP segment of a reassembled PDU]"
"12352","29.854786587","192.168.1.55","192.168.1.2","TCP","1514","8004  >  49970 [ACK] Seq=457758 Ack=144 Win=65024 Len=1448 TSval=2916033935 TSecr=3045553706 [TCP segment of a reassembled PDU]"
"12353","29.854788013","192.168.1.55","192.168.1.2","TCP","1514","8004  >  49970 [ACK] Seq=459206 Ack=144 Win=65024 Len=1448 TSval=2916033935 TSecr=3045553706 [TCP segment of a reassembled PDU]"
"12354","29.854789531","192.168.1.55","192.168.1.2","TCP","1514","8004  >  49970 [ACK] Seq=460654 Ack=144 Win=65024 Len=1448 TSval=2916033935 TSecr=3045553706 [TCP segment of a reassembled PDU]"
"12355","29.854791013","192.168.1.55","192.168.1.2","TCP","1514","8004  >  49970 [ACK] Seq=462102 Ack=144 Win=65024 Len=1448 TSval=2916033935 TSecr=3045553706 [TCP segment of a reassembled PDU]"
"12356","29.854792864","192.168.1.55","192.168.1.2","TCP","1514","8004  >  49970 [ACK] Seq=463550 Ack=144 Win=65024 Len=1448 TSval=2916033935 TSecr=3045553706 [TCP segment of a reassembled PDU]"
"12357","29.854794401","192.168.1.55","192.168.1.2","TCP","1514","8004  >  49970 [ACK] Seq=464998 Ack=144 Win=65024 Len=1448 TSval=2916033935 TSecr=3045553706 [TCP segment of a reassembled PDU]"
"12358","29.854795864","192.168.1.55","192.168.1.2","TCP","1514","8004  >  49970 [ACK] Seq=466446 Ack=144 Win=65024 Len=1448 TSval=2916033935 TSecr=3045553706 [TCP segment of a reassembled PDU]"
"12359","29.854797550","192.168.1.55","192.168.1.2","TCP","1514","8004  >  49970 [ACK] Seq=467894 Ack=144 Win=65024 Len=1448 TSval=2916033935 TSecr=3045553706 [TCP segment of a reassembled PDU]"
"12360","29.854798920","192.168.1.55","192.168.1.2","TCP","1514","8004  >  49970 [ACK] Seq=469342 Ack=144 Win=65024 Len=1448 TSval=2916033935 TSecr=3045553706 [TCP segment of a reassembled PDU]"
"12361","29.854800587","192.168.1.55","192.168.1.2","TCP","1514","8004  >  49970 [ACK] Seq=470790 Ack=144 Win=65024 Len=1448 TSval=2916033935 TSecr=3045553706 [TCP segment of a reassembled PDU]"
"12362","29.854802216","192.168.1.55","192.168.1.2","TCP","1514","8004  >  49970 [ACK] Seq=472238 Ack=144 Win=65024 Len=1448 TSval=2916033935 TSecr=3045553706 [TCP segment of a reassembled PDU]"
"12363","29.854803661","192.168.1.55","192.168.1.2","TCP","1514","8004  >  49970 [ACK] Seq=473686 Ack=144 Win=65024 Len=1448 TSval=2916033935 TSecr=3045553706 [TCP segment of a reassembled PDU]"
"12364","29.854805161","192.168.1.55","192.168.1.2","TCP","1514","8004  >  49970 [PSH, ACK] Seq=475134 Ack=144 Win=65024 Len=1448 TSval=2916033935 TSecr=3045553706 [TCP segment of a reassembled PDU]"
"12365","29.856011292","192.168.1.55","192.168.1.2","TCP","1514","8004  >  49970 [ACK] Seq=476582 Ack=144 Win=65024 Len=1448 TSval=2916033936 TSecr=3045553706 [TCP segment of a reassembled PDU]"
"12366","29.856014274","192.168.1.55","192.168.1.2","TCP","1514","8004  >  49970 [ACK] Seq=478030 Ack=144 Win=65024 Len=1448 TSval=2916033936 TSecr=3045553706 [TCP segment of a reassembled PDU]"
"12367","29.856015737","192.168.1.55","192.168.1.2","TCP","1514","8004  >  49970 [ACK] Seq=479478 Ack=144 Win=65024 Len=1448 TSval=2916033936 TSecr=3045553706 [TCP segment of a reassembled PDU]"
"12368","29.856017440","192.168.1.55","192.168.1.2","TCP","1514","8004  >  49970 [ACK] Seq=480926 Ack=144 Win=65024 Len=1448 TSval=2916033936 TSecr=3045553706 [TCP segment of a reassembled PDU]"
"12369","29.856019014","192.168.1.55","192.168.1.2","TCP","1514","8004  >  49970 [ACK] Seq=482374 Ack=144 Win=65024 Len=1448 TSval=2916033936 TSecr=3045553706 [TCP segment of a reassembled PDU]"
"12370","29.856020718","192.168.1.55","192.168.1.2","TCP","1514","8004  >  49970 [ACK] Seq=483822 Ack=144 Win=65024 Len=1448 TSval=2916033936 TSecr=3045553706 [TCP segment of a reassembled PDU]"
"12371","29.856022422","192.168.1.55","192.168.1.2","TCP","1514","8004  >  49970 [ACK] Seq=485270 Ack=144 Win=65024 Len=1448 TSval=2916033936 TSecr=3045553706 [TCP segment of a reassembled PDU]"
"12372","29.856023940","192.168.1.55","192.168.1.2","TCP","1514","8004  >  49970 [ACK] Seq=486718 Ack=144 Win=65024 Len=1448 TSval=2916033936 TSecr=3045553706 [TCP segment of a reassembled PDU]"
"12373","29.856025607","192.168.1.55","192.168.1.2","TCP","1514","8004  >  49970 [ACK] Seq=488166 Ack=144 Win=65024 Len=1448 TSval=2916033936 TSecr=3045553706 [TCP segment of a reassembled PDU]"
"12374","29.856027163","192.168.1.55","192.168.1.2","TCP","1514","8004  >  49970 [ACK] Seq=489614 Ack=144 Win=65024 Len=1448 TSval=2916033936 TSecr=3045553706 [TCP segment of a reassembled PDU]"
"12375","29.856028737","192.168.1.55","192.168.1.2","TCP","1514","8004  >  49970 [ACK] Seq=491062 Ack=144 Win=65024 Len=1448 TSval=2916033936 TSecr=3045553706 [TCP segment of a reassembled PDU]"
"12376","29.856030329","192.168.1.55","192.168.1.2","TCP","1514","8004  >  49970 [ACK] Seq=492510 Ack=144 Win=65024 Len=1448 TSval=2916033936 TSecr=3045553706 [TCP segment of a reassembled PDU]"
"12377","29.856031885","192.168.1.55","192.168.1.2","TCP","1514","8004  >  49970 [ACK] Seq=493958 Ack=144 Win=65024 Len=1448 TSval=2916033936 TSecr=3045553706 [TCP segment of a reassembled PDU]"
"12378","29.856033311","192.168.1.55","192.168.1.2","TCP","1514","8004  >  49970 [ACK] Seq=495406 Ack=144 Win=65024 Len=1448 TSval=2916033936 TSecr=3045553706 [TCP segment of a reassembled PDU]"
"12379","29.856034829","192.168.1.55","192.168.1.2","TCP","1514","8004  >  49970 [PSH, ACK] Seq=496854 Ack=144 Win=65024 Len=1448 TSval=2916033936 TSecr=3045553706 [TCP segment of a reassembled PDU]"
"12380","29.856041403","192.168.1.55","192.168.1.2","HTTP","222","HTTP/1.0 200 OK  (PNG)"
"12381","29.856054255","192.168.1.2","192.168.1.55","TCP","66","49970  >  8004 [ACK] Seq=144 Ack=361214 Win=193536 Len=0 TSval=3045553710 TSecr=2916033930"
"12382","29.856130829","192.168.1.2","192.168.1.55","TCP","66","49970  >  8004 [ACK] Seq=144 Ack=368454 Win=188416 Len=0 TSval=3045553710 TSecr=2916033930"
"12383","29.856138941","192.168.1.2","192.168.1.55","TCP","66","49970  >  8004 [ACK] Seq=144 Ack=375694 Win=200704 Len=0 TSval=3045553711 TSecr=2916033930"
"12384","29.856144274","192.168.1.2","192.168.1.55","TCP","66","49970  >  8004 [ACK] Seq=144 Ack=376670 Win=200704 Len=0 TSval=3045553711 TSecr=2916033930"
"12385","29.862711951","192.168.1.2","192.168.1.55","TCP","66","49970  >  8004 [ACK] Seq=144 Ack=395494 Win=192512 Len=0 TSval=3045553717 TSecr=2916033935"
"12386","29.862851155","192.168.1.2","192.168.1.55","TCP","66","49970  >  8004 [ACK] Seq=144 Ack=409974 Win=182272 Len=0 TSval=3045553717 TSecr=2916033935"
"12387","29.862857933","192.168.1.2","192.168.1.55","TCP","66","49970  >  8004 [ACK] Seq=144 Ack=443278 Win=174080 Len=0 TSval=3045553718 TSecr=2916033935"
"12388","29.862863766","192.168.1.2","192.168.1.55","TCP","66","49970  >  8004 [ACK] Seq=144 Ack=476582 Win=184320 Len=0 TSval=3045553718 TSecr=2916033935"
"12389","29.862974451","192.168.1.2","192.168.1.55","TCP","66","49970  >  8004 [ACK] Seq=144 Ack=495406 Win=193536 Len=0 TSval=3045553718 TSecr=2916033936"
"12390","29.862981062","192.168.1.2","192.168.1.55","TCP","66","49970  >  8004 [ACK] Seq=144 Ack=498302 Win=202752 Len=0 TSval=3045553718 TSecr=2916033936"
"12391","29.864686065","192.168.1.2","192.168.1.55","TCP","66","49970  >  8004 [FIN, ACK] Seq=144 Ack=498459 Win=205824 Len=0 TSval=3045553719 TSecr=2916033936"
"12392","29.864714121","192.168.1.55","192.168.1.2","TCP","66","8004  >  49970 [ACK] Seq=498459 Ack=145 Win=65024 Len=0 TSval=2916033945 TSecr=3045553719"
"12393","29.864759713","192.168.1.2","192.168.1.55","TCP","74","49976  >  8004 [SYN] Seq=0 Win=64240 Len=0 MSS=1460 SACK_PERM TSval=3045553720 TSecr=0 WS=1024"
"12394","29.864784528","192.168.1.55","192.168.1.2","TCP","74","8004  >  49976 [SYN, ACK] Seq=0 Ack=1 Win=65160 Len=0 MSS=1460 SACK_PERM TSval=2916033945 TSecr=3045553720 WS=128"
"12395","29.868082626","192.168.1.2","192.168.1.55","TCP","66","49976  >  8004 [ACK] Seq=1 Ack=1 Win=64512 Len=0 TSval=3045553723 TSecr=2916033945"
"12396","29.871315187","192.168.1.2","192.168.1.55","HTTP","206","GET /stego_benchmark.png HTTP/1.1 "
"12397","29.871333705","192.168.1.55","192.168.1.2","TCP","66","8004  >  49976 [ACK] Seq=1 Ack=141 Win=65024 Len=0 TSval=2916033952 TSecr=3045553723"
"12398","29.871817299","192.168.1.55","192.168.1.2","TCP","255","8004  >  49976 [PSH, ACK] Seq=1 Ack=141 Win=65024 Len=189 TSval=2916033952 TSecr=3045553723 [TCP segment of a reassembled PDU]"
"12399","29.871905354","192.168.1.55","192.168.1.2","TCP","1514","8004  >  49976 [ACK] Seq=190 Ack=141 Win=65024 Len=1448 TSval=2916033952 TSecr=3045553723 [TCP segment of a reassembled PDU]"
"12400","29.871909206","192.168.1.55","192.168.1.2","TCP","1514","8004  >  49976 [ACK] Seq=1638 Ack=141 Win=65024 Len=1448 TSval=2916033952 TSecr=3045553723 [TCP segment of a reassembled PDU]"
"12401","29.871910706","192.168.1.55","192.168.1.2","TCP","1514","8004  >  49976 [ACK] Seq=3086 Ack=141 Win=65024 Len=1448 TSval=2916033952 TSecr=3045553723 [TCP segment of a reassembled PDU]"
"12402","29.871912095","192.168.1.55","192.168.1.2","TCP","1514","8004  >  49976 [ACK] Seq=4534 Ack=141 Win=65024 Len=1448 TSval=2916033952 TSecr=3045553723 [TCP segment of a reassembled PDU]"
"12403","29.871913410","192.168.1.55","192.168.1.2","TCP","1514","8004  >  49976 [PSH, ACK] Seq=5982 Ack=141 Win=65024 Len=1448 TSval=2916033952 TSecr=3045553723 [TCP segment of a reassembled PDU]"
"12404","29.871931539","192.168.1.55","192.168.1.2","TCP","1514","8004  >  49976 [ACK] Seq=7430 Ack=141 Win=65024 Len=1448 TSval=2916033952 TSecr=3045553723 [TCP segment of a reassembled PDU]"
"12405","29.871933502","192.168.1.55","192.168.1.2","TCP","1514","8004  >  49976 [ACK] Seq=8878 Ack=141 Win=65024 Len=1448 TSval=2916033952 TSecr=3045553723 [TCP segment of a reassembled PDU]"
"12406","29.871934891","192.168.1.55","192.168.1.2","TCP","1514","8004  >  49976 [ACK] Seq=10326 Ack=141 Win=65024 Len=1448 TSval=2916033952 TSecr=3045553723 [TCP segment of a reassembled PDU]"
"12407","29.871936206","192.168.1.55","192.168.1.2","TCP","1514","8004  >  49976 [PSH, ACK] Seq=11774 Ack=141 Win=65024 Len=1448 TSval=2916033952 TSecr=3045553723 [TCP segment of a reassembled PDU]"
"12408","29.875395878","192.168.1.2","192.168.1.55","TCP","66","49976  >  8004 [ACK] Seq=141 Ack=190 Win=64512 Len=0 TSval=3045553730 TSecr=2916033952"
"12409","29.875430563","192.168.1.55","192.168.1.2","TCP","1514","8004  >  49976 [ACK] Seq=13222 Ack=141 Win=65024 Len=1448 TSval=2916033956 TSecr=3045553730 [TCP segment of a reassembled PDU]"
"12410","29.875435600","192.168.1.55","192.168.1.2","TCP","1514","8004  >  49976 [PSH, ACK] Seq=14670 Ack=141 Win=65024 Len=1448 TSval=2916033956 TSecr=3045553730 [TCP segment of a reassembled PDU]"
"12411","29.875539527","192.168.1.2","192.168.1.55","TCP","66","49976  >  8004 [ACK] Seq=141 Ack=5982 Win=76800 Len=0 TSval=3045553730 TSecr=2916033952"
"12412","29.875566990","192.168.1.55","192.168.1.2","TCP","1514","8004  >  49976 [ACK] Seq=16118 Ack=141 Win=65024 Len=1448 TSval=2916033956 TSecr=3045553730 [TCP segment of a reassembled PDU]"
"12413","29.875569415","192.168.1.55","192.168.1.2","TCP","1514","8004  >  49976 [ACK] Seq=17566 Ack=141 Win=65024 Len=1448 TSval=2916033956 TSecr=3045553730 [TCP segment of a reassembled PDU]"
"12414","29.875570675","192.168.1.55","192.168.1.2","TCP","1514","8004  >  49976 [ACK] Seq=19014 Ack=141 Win=65024 Len=1448 TSval=2916033956 TSecr=3045553730 [TCP segment of a reassembled PDU]"
"12415","29.875571971","192.168.1.55","192.168.1.2","TCP","1514","8004  >  49976 [ACK] Seq=20462 Ack=141 Win=65024 Len=1448 TSval=2916033956 TSecr=3045553730 [TCP segment of a reassembled PDU]"
"12416","29.875573490","192.168.1.55","192.168.1.2","TCP","1514","8004  >  49976 [ACK] Seq=21910 Ack=141 Win=65024 Len=1448 TSval=2916033956 TSecr=3045553730 [TCP segment of a reassembled PDU]"
"12417","29.875575175","192.168.1.55","192.168.1.2","TCP","1514","8004  >  49976 [ACK] Seq=23358 Ack=141 Win=65024 Len=1448 TSval=2916033956 TSecr=3045553730 [TCP segment of a reassembled PDU]"
"12418","29.875576601","192.168.1.55","192.168.1.2","TCP","1514","8004  >  49976 [PSH, ACK] Seq=24806 Ack=141 Win=65024 Len=1448 TSval=2916033956 TSecr=3045553730 [TCP segment of a reassembled PDU]"
"12419","29.875581619","192.168.1.2","192.168.1.55","TCP","66","49976  >  8004 [ACK] Seq=141 Ack=7430 Win=79872 Len=0 TSval=3045553730 TSecr=2916033952"
"12420","29.875588267","192.168.1.2","192.168.1.55","TCP","66","49976  >  8004 [ACK] Seq=141 Ack=13222 Win=80896 Len=0 TSval=3045553730 TSecr=2916033952"
"12421","29.875608508","192.168.1.55","192.168.1.2","TCP","1514","8004  >  49976 [ACK] Seq=26254 Ack=141 Win=65024 Len=1448 TSval=2916033956 TSecr=3045553730 [TCP segment of a reassembled PDU]"
"12422","29.875610230","192.168.1.55","192.168.1.2","TCP","1514","8004  >  49976 [ACK] Seq=27702 Ack=141 Win=65024 Len=1448 TSval=2916033956 TSecr=3045553730 [TCP segment of a reassembled PDU]"
"12423","29.875611638","192.168.1.55","192.168.1.2","TCP","1514","8004  >  49976 [ACK] Seq=29150 Ack=141 Win=65024 Len=1448 TSval=2916033956 TSecr=3045553730 [TCP segment of a reassembled PDU]"
"12424","29.875613045","192.168.1.55","192.168.1.2","TCP","1514","8004  >  49976 [ACK] Seq=30598 Ack=141 Win=65024 Len=1448 TSval=2916033956 TSecr=3045553730 [TCP segment of a reassembled PDU]"
"12425","29.875614434","192.168.1.55","192.168.1.2","TCP","1514","8004  >  49976 [ACK] Seq=32046 Ack=141 Win=65024 Len=1448 TSval=2916033956 TSecr=3045553730 [TCP segment of a reassembled PDU]"
"12426","29.875616082","192.168.1.55","192.168.1.2","TCP","1514","8004  >  49976 [ACK] Seq=33494 Ack=141 Win=65024 Len=1448 TSval=2916033956 TSecr=3045553730 [TCP segment of a reassembled PDU]"
"12427","29.875617545","192.168.1.55","192.168.1.2","TCP","1514","8004  >  49976 [ACK] Seq=34942 Ack=141 Win=65024 Len=1448 TSval=2916033956 TSecr=3045553730 [TCP segment of a reassembled PDU]"
"12428","29.875618916","192.168.1.55","192.168.1.2","TCP","1514","8004  >  49976 [ACK] Seq=36390 Ack=141 Win=65024 Len=1448 TSval=2916033956 TSecr=3045553730 [TCP segment of a reassembled PDU]"
"12429","29.875620249","192.168.1.55","192.168.1.2","TCP","1514","8004  >  49976 [ACK] Seq=37838 Ack=141 Win=65024 Len=1448 TSval=2916033956 TSecr=3045553730 [TCP segment of a reassembled PDU]"
"12430","29.875621601","192.168.1.55","192.168.1.2","TCP","1514","8004  >  49976 [PSH, ACK] Seq=39286 Ack=141 Win=65024 Len=1448 TSval=2916033956 TSecr=3045553730 [TCP segment of a reassembled PDU]"
"12431","29.876432269","192.168.1.55","192.168.1.2","TCP","1514","8004  >  49976 [ACK] Seq=40734 Ack=141 Win=65024 Len=1448 TSval=2916033957 TSecr=3045553730 [TCP segment of a reassembled PDU]"
"12432","29.880438793","192.168.1.2","192.168.1.55","TCP","66","49976  >  8004 [ACK] Seq=141 Ack=16118 Win=87040 Len=0 TSval=3045553735 TSecr=2916033956"
"12433","29.880493608","192.168.1.55","192.168.1.2","TCP","1514","8004  >  49976 [ACK] Seq=42182 Ack=141 Win=65024 Len=1448 TSval=2916033961 TSecr=3045553735 [TCP segment of a reassembled PDU]"
"12434","29.880498794","192.168.1.55","192.168.1.2","TCP","1514","8004  >  49976 [PSH, ACK] Seq=43630 Ack=141 Win=65024 Len=1448 TSval=2916033961 TSecr=3045553735 [TCP segment of a reassembled PDU]"
"12435","29.880569442","192.168.1.2","192.168.1.55","TCP","66","49976  >  8004 [ACK] Seq=141 Ack=26254 Win=86016 Len=0 TSval=3045553735 TSecr=2916033956"
"12436","29.880614220","192.168.1.55","192.168.1.2","TCP","1514","8004  >  49976 [ACK] Seq=45078 Ack=141 Win=65024 Len=1448 TSval=2916033961 TSecr=3045553735 [TCP segment of a reassembled PDU]"
"12437","29.880616646","192.168.1.55","192.168.1.2","TCP","1514","8004  >  49976 [ACK] Seq=46526 Ack=141 Win=65024 Len=1448 TSval=2916033961 TSecr=3045553735 [TCP segment of a reassembled PDU]"
"12438","29.880618238","192.168.1.55","192.168.1.2","TCP","1514","8004  >  49976 [ACK] Seq=47974 Ack=141 Win=65024 Len=1448 TSval=2916033961 TSecr=3045553735 [TCP segment of a reassembled PDU]"
"12439","29.880620627","192.168.1.55","192.168.1.2","TCP","1514","8004  >  49976 [ACK] Seq=49422 Ack=141 Win=65024 Len=1448 TSval=2916033961 TSecr=3045553735 [TCP segment of a reassembled PDU]"
"12440","29.880623201","192.168.1.55","192.168.1.2","TCP","1514","8004  >  49976 [ACK] Seq=50870 Ack=141 Win=65024 Len=1448 TSval=2916033961 TSecr=3045553735 [TCP segment of a reassembled PDU]"
"12441","29.880624553","192.168.1.55","192.168.1.2","TCP","1514","8004  >  49976 [ACK] Seq=52318 Ack=141 Win=65024 Len=1448 TSval=2916033961 TSecr=3045553735 [TCP segment of a reassembled PDU]"
"12442","29.880625868","192.168.1.55","192.168.1.2","TCP","1514","8004  >  49976 [ACK] Seq=53766 Ack=141 Win=65024 Len=1448 TSval=2916033961 TSecr=3045553735 [TCP segment of a reassembled PDU]"
"12443","29.880627572","192.168.1.55","192.168.1.2","TCP","1514","8004  >  49976 [ACK] Seq=55214 Ack=141 Win=65024 Len=1448 TSval=2916033961 TSecr=3045553735 [TCP segment of a reassembled PDU]"
"12444","29.880629183","192.168.1.55","192.168.1.2","TCP","1514","8004  >  49976 [ACK] Seq=56662 Ack=141 Win=65024 Len=1448 TSval=2916033961 TSecr=3045553735 [TCP segment of a reassembled PDU]"
"12445","29.880631016","192.168.1.55","192.168.1.2","TCP","1514","8004  >  49976 [ACK] Seq=58110 Ack=141 Win=65024 Len=1448 TSval=2916033961 TSecr=3045553735 [TCP segment of a reassembled PDU]"
"12446","29.880632257","192.168.1.55","192.168.1.2","TCP","1514","8004  >  49976 [ACK] Seq=59558 Ack=141 Win=65024 Len=1448 TSval=2916033961 TSecr=3045553735 [TCP segment of a reassembled PDU]"
"12447","29.880633849","192.168.1.55","192.168.1.2","TCP","1514","8004  >  49976 [ACK] Seq=61006 Ack=141 Win=65024 Len=1448 TSval=2916033961 TSecr=3045553735 [TCP segment of a reassembled PDU]"
"12448","29.880636146","192.168.1.55","192.168.1.2","TCP","1514","8004  >  49976 [ACK] Seq=62454 Ack=141 Win=65024 Len=1448 TSval=2916033961 TSecr=3045553735 [TCP segment of a reassembled PDU]"
"12449","29.880637794","192.168.1.55","192.168.1.2","TCP","1514","8004  >  49976 [PSH, ACK] Seq=63902 Ack=141 Win=65024 Len=1448 TSval=2916033961 TSecr=3045553735 [TCP segment of a reassembled PDU]"
"12450","29.880643201","192.168.1.2","192.168.1.55","TCP","66","49976  >  8004 [ACK] Seq=141 Ack=33494 Win=78848 Len=0 TSval=3045553735 TSecr=2916033956"
"12451","29.880669535","192.168.1.55","192.168.1.2","TCP","1514","8004  >  49976 [ACK] Seq=65350 Ack=141 Win=65024 Len=1448 TSval=2916033961 TSecr=3045553735 [TCP segment of a reassembled PDU]"
"12452","29.880672627","192.168.1.55","192.168.1.2","TCP","1514","8004  >  49976 [ACK] Seq=66798 Ack=141 Win=65024 Len=1448 TSval=2916033961 TSecr=3045553735 [TCP segment of a reassembled PDU]"
"12453","29.880674331","192.168.1.55","192.168.1.2","TCP","1514","8004  >  49976 [ACK] Seq=68246 Ack=141 Win=65024 Len=1448 TSval=2916033961 TSecr=3045553735 [TCP segment of a reassembled PDU]"
"12454","29.880675757","192.168.1.55","192.168.1.2","TCP","1514","8004  >  49976 [ACK] Seq=69694 Ack=141 Win=65024 Len=1448 TSval=2916033961 TSecr=3045553735 [TCP segment of a reassembled PDU]"
"12455","29.880677386","192.168.1.55","192.168.1.2","TCP","1514","8004  >  49976 [ACK] Seq=71142 Ack=141 Win=65024 Len=1448 TSval=2916033961 TSecr=3045553735 [TCP segment of a reassembled PDU]"
"12456","29.880678831","192.168.1.55","192.168.1.2","TCP","1514","8004  >  49976 [ACK] Seq=72590 Ack=141 Win=65024 Len=1448 TSval=2916033961 TSecr=3045553735 [TCP segment of a reassembled PDU]"
"12457","29.880680535","192.168.1.55","192.168.1.2","TCP","1514","8004  >  49976 [ACK] Seq=74038 Ack=141 Win=65024 Len=1448 TSval=2916033961 TSecr=3045553735 [TCP segment of a reassembled PDU]"
"12458","29.880681998","192.168.1.55","192.168.1.2","TCP","1514","8004  >  49976 [PSH, ACK] Seq=75486 Ack=141 Win=65024 Len=1448 TSval=2916033961 TSecr=3045553735 [TCP segment of a reassembled PDU]"
"12459","29.880691164","192.168.1.2","192.168.1.55","TCP","66","49976  >  8004 [ACK] Seq=141 Ack=36390 Win=76800 Len=0 TSval=3045553735 TSecr=2916033956"
"12460","29.880759405","192.168.1.2","192.168.1.55","TCP","66","49976  >  8004 [ACK] Seq=141 Ack=40734 Win=91136 Len=0 TSval=3045553735 TSecr=2916033956"
"12461","29.880768461","192.168.1.2","192.168.1.55","TCP","66","49976  >  8004 [ACK] Seq=141 Ack=42182 Win=92160 Len=0 TSval=3045553735 TSecr=2916033957"
"12462","29.880803609","192.168.1.55","192.168.1.2","TCP","1514","8004  >  49976 [ACK] Seq=76934 Ack=141 Win=65024 Len=1448 TSval=2916033961 TSecr=3045553735 [TCP segment of a reassembled PDU]"
"12463","29.880808516","192.168.1.55","192.168.1.2","TCP","1514","8004  >  49976 [ACK] Seq=78382 Ack=141 Win=65024 Len=1448 TSval=2916033961 TSecr=3045553735 [TCP segment of a reassembled PDU]"
"12464","29.880811257","192.168.1.55","192.168.1.2","TCP","1514","8004  >  49976 [ACK] Seq=79830 Ack=141 Win=65024 Len=1448 TSval=2916033961 TSecr=3045553735 [TCP segment of a reassembled PDU]"
"12465","29.880812664","192.168.1.55","192.168.1.2","TCP","1514","8004  >  49976 [ACK] Seq=81278 Ack=141 Win=65024 Len=1448 TSval=2916033961 TSecr=3045553735 [TCP segment of a reassembled PDU]"
"12466","29.880814016","192.168.1.55","192.168.1.2","TCP","1514","8004  >  49976 [ACK] Seq=82726 Ack=141 Win=65024 Len=1448 TSval=2916033961 TSecr=3045553735 [TCP segment of a reassembled PDU]"
"12467","29.880815331","192.168.1.55","192.168.1.2","TCP","1514","8004  >  49976 [ACK] Seq=84174 Ack=141 Win=65024 Len=1448 TSval=2916033961 TSecr=3045553735 [TCP segment of a reassembled PDU]"
"12468","29.880816720","192.168.1.55","192.168.1.2","TCP","1514","8004  >  49976 [ACK] Seq=85622 Ack=141 Win=65024 Len=1448 TSval=2916033961 TSecr=3045553735 [TCP segment of a reassembled PDU]"
"12469","29.880818683","192.168.1.55","192.168.1.2","TCP","1514","8004  >  49976 [ACK] Seq=87070 Ack=141 Win=65024 Len=1448 TSval=2916033961 TSecr=3045553735 [TCP segment of a reassembled PDU]"
"12470","29.880820331","192.168.1.55","192.168.1.2","TCP","1514","8004  >  49976 [ACK] Seq=88518 Ack=141 Win=65024 Len=1448 TSval=2916033961 TSecr=3045553735 [TCP segment of a reassembled PDU]"
"12471","29.880821924","192.168.1.55","192.168.1.2","TCP","1514","8004  >  49976 [ACK] Seq=89966 Ack=141 Win=65024 Len=1448 TSval=2916033961 TSecr=3045553735 [TCP segment of a reassembled PDU]"
"12472","29.880823257","192.168.1.55","192.168.1.2","TCP","1514","8004  >  49976 [ACK] Seq=91414 Ack=141 Win=65024 Len=1448 TSval=2916033961 TSecr=3045553735 [TCP segment of a reassembled PDU]"
"12473","29.880824498","192.168.1.55","192.168.1.2","TCP","1514","8004  >  49976 [ACK] Seq=92862 Ack=141 Win=65024 Len=1448 TSval=2916033961 TSecr=3045553735 [TCP segment of a reassembled PDU]"
"12474","29.880826442","192.168.1.55","192.168.1.2","TCP","1514","8004  >  49976 [ACK] Seq=94310 Ack=141 Win=65024 Len=1448 TSval=2916033961 TSecr=3045553735 [TCP segment of a reassembled PDU]"
"12475","29.880828109","192.168.1.55","192.168.1.2","TCP","1514","8004  >  49976 [PSH, ACK] Seq=95758 Ack=141 Win=65024 Len=1448 TSval=2916033961 TSecr=3045553735 [TCP segment of a reassembled PDU]"
"12476","29.882078444","192.168.1.55","192.168.1.2","TCP","1514","8004  >  49976 [ACK] Seq=97206 Ack=141 Win=65024 Len=1448 TSval=2916033962 TSecr=3045553735 [TCP segment of a reassembled PDU]"
"12477","29.882084889","192.168.1.55","192.168.1.2","TCP","1514","8004  >  49976 [PSH, ACK] Seq=98654 Ack=141 Win=65024 Len=1448 TSval=2916033962 TSecr=3045553735 [TCP segment of a reassembled PDU]"
"12478","29.886465877","192.168.1.2","192.168.1.55","TCP","66","49976  >  8004 [ACK] Seq=141 Ack=45078 Win=91136 Len=0 TSval=3045553741 TSecr=2916033961"
"12479","29.886502822","192.168.1.55","192.168.1.2","TCP","1514","8004  >  49976 [ACK] Seq=100102 Ack=141 Win=65024 Len=1448 TSval=2916033967 TSecr=3045553741 [TCP segment of a reassembled PDU]"
"12480","29.886507636","192.168.1.55","192.168.1.2","TCP","1514","8004  >  49976 [ACK] Seq=101550 Ack=141 Win=65024 Len=1448 TSval=2916033967 TSecr=3045553741 [TCP segment of a reassembled PDU]"
"12481","29.886509414","192.168.1.55","192.168.1.2","TCP","1514","8004  >  49976 [ACK] Seq=102998 Ack=141 Win=65024 Len=1448 TSval=2916033967 TSecr=3045553741 [TCP segment of a reassembled PDU]"
"12482","29.886511414","192.168.1.55","192.168.1.2","TCP","1514","8004  >  49976 [PSH, ACK] Seq=104446 Ack=141 Win=65024 Len=1448 TSval=2916033967 TSecr=3045553741 [TCP segment of a reassembled PDU]"
"12483","29.886799378","192.168.1.2","192.168.1.55","TCP","66","49976  >  8004 [ACK] Seq=141 Ack=65350 Win=75776 Len=0 TSval=3045553741 TSecr=2916033961"
"12484","29.886825470","192.168.1.55","192.168.1.2","TCP","1514","8004  >  49976 [ACK] Seq=105894 Ack=141 Win=65024 Len=1448 TSval=2916033967 TSecr=3045553741 [TCP segment of a reassembled PDU]"
"12485","29.886828841","192.168.1.55","192.168.1.2","TCP","1514","8004  >  49976 [ACK] Seq=107342 Ack=141 Win=65024 Len=1448 TSval=2916033967 TSecr=3045553741 [TCP segment of a reassembled PDU]"
"12486","29.886830341","192.168.1.55","192.168.1.2","TCP","1514","8004  >  49976 [ACK] Seq=108790 Ack=141 Win=65024 Len=1448 TSval=2916033967 TSecr=3045553741 [TCP segment of a reassembled PDU]"
"12487","29.886831729","192.168.1.55","192.168.1.2","TCP","1514","8004  >  49976 [ACK] Seq=110238 Ack=141 Win=65024 Len=1448 TSval=2916033967 TSecr=3045553741 [TCP segment of a reassembled PDU]"
"12488","29.886833674","192.168.1.55","192.168.1.2","TCP","1514","8004  >  49976 [ACK] Seq=111686 Ack=141 Win=65024 Len=1448 TSval=2916033967 TSecr=3045553741 [TCP segment of a reassembled PDU]"
"12489","29.886835470","192.168.1.55","192.168.1.2","TCP","1514","8004  >  49976 [ACK] Seq=113134 Ack=141 Win=65024 Len=1448 TSval=2916033967 TSecr=3045553741 [TCP segment of a reassembled PDU]"
"12490","29.886837081","192.168.1.55","192.168.1.2","TCP","1514","8004  >  49976 [PSH, ACK] Seq=114582 Ack=141 Win=65024 Len=1448 TSval=2916033967 TSecr=3045553741 [TCP segment of a reassembled PDU]"
"12491","29.886843841","192.168.1.2","192.168.1.55","TCP","66","49976  >  8004 [ACK] Seq=141 Ack=76934 Win=64512 Len=0 TSval=3045553741 TSecr=2916033961"
"12492","29.886891118","192.168.1.55","192.168.1.2","TCP","1514","8004  >  49976 [ACK] Seq=116030 Ack=141 Win=65024 Len=1448 TSval=2916033967 TSecr=3045553741 [TCP segment of a reassembled PDU]"
"12493","29.886893322","192.168.1.55","192.168.1.2","TCP","1514","8004  >  49976 [ACK] Seq=117478 Ack=141 Win=65024 Len=1448 TSval=2916033967 TSecr=3045553741 [TCP segment of a reassembled PDU]"
"12494","29.886895415","192.168.1.55","192.168.1.2","TCP","1514","8004  >  49976 [ACK] Seq=118926 Ack=141 Win=65024 Len=1448 TSval=2916033967 TSecr=3045553741 [TCP segment of a reassembled PDU]"
"12495","29.886897118","192.168.1.55","192.168.1.2","TCP","1514","8004  >  49976 [ACK] Seq=120374 Ack=141 Win=65024 Len=1448 TSval=2916033967 TSecr=3045553741 [TCP segment of a reassembled PDU]"
"12496","29.886898433","192.168.1.55","192.168.1.2","TCP","1514","8004  >  49976 [ACK] Seq=121822 Ack=141 Win=65024 Len=1448 TSval=2916033967 TSecr=3045553741 [TCP segment of a reassembled PDU]"
"12497","29.886900044","192.168.1.55","192.168.1.2","TCP","1514","8004  >  49976 [ACK] Seq=123270 Ack=141 Win=65024 Len=1448 TSval=2916033967 TSecr=3045553741 [TCP segment of a reassembled PDU]"
"12498","29.886901711","192.168.1.55","192.168.1.2","TCP","1514","8004  >  49976 [ACK] Seq=124718 Ack=141 Win=65024 Len=1448 TSval=2916033967 TSecr=3045553741 [TCP segment of a reassembled PDU]"
"12499","29.886904118","192.168.1.55","192.168.1.2","TCP","1514","8004  >  49976 [ACK] Seq=126166 Ack=141 Win=65024 Len=1448 TSval=2916033967 TSecr=3045553741 [TCP segment of a reassembled PDU]"
"12500","29.886905415","192.168.1.55","192.168.1.2","TCP","1514","8004  >  49976 [ACK] Seq=127614 Ack=141 Win=65024 Len=1448 TSval=2916033967 TSecr=3045553741 [TCP segment of a reassembled PDU]"
"12501","29.886906748","192.168.1.55","192.168.1.2","TCP","1514","8004  >  49976 [ACK] Seq=129062 Ack=141 Win=65024 Len=1448 TSval=2916033967 TSecr=3045553741 [TCP segment of a reassembled PDU]"
"12502","29.886908859","192.168.1.55","192.168.1.2","TCP","1514","8004  >  49976 [ACK] Seq=130510 Ack=141 Win=65024 Len=1448 TSval=2916033967 TSecr=3045553741 [TCP segment of a reassembled PDU]"
"12503","29.886910507","192.168.1.55","192.168.1.2","TCP","1514","8004  >  49976 [ACK] Seq=131958 Ack=141 Win=65024 Len=1448 TSval=2916033967 TSecr=3045553741 [TCP segment of a reassembled PDU]"
"12504","29.886911933","192.168.1.55","192.168.1.2","TCP","1514","8004  >  49976 [ACK] Seq=133406 Ack=141 Win=65024 Len=1448 TSval=2916033967 TSecr=3045553741 [TCP segment of a reassembled PDU]"
"12505","29.886913989","192.168.1.55","192.168.1.2","TCP","1514","8004  >  49976 [ACK] Seq=134854 Ack=141 Win=65024 Len=1448 TSval=2916033967 TSecr=3045553741 [TCP segment of a reassembled PDU]"
"12506","29.886915711","192.168.1.55","192.168.1.2","TCP","1514","8004  >  49976 [ACK] Seq=136302 Ack=141 Win=65024 Len=1448 TSval=2916033967 TSecr=3045553741 [TCP segment of a reassembled PDU]"
"12507","29.886917193","192.168.1.55","192.168.1.2","TCP","1514","8004  >  49976 [ACK] Seq=137750 Ack=141 Win=65024 Len=1448 TSval=2916033967 TSecr=3045553741 [TCP segment of a reassembled PDU]"
"12508","29.886929433","192.168.1.55","192.168.1.2","TCP","1514","8004  >  49976 [ACK] Seq=139198 Ack=141 Win=65024 Len=1448 TSval=2916033967 TSecr=3045553741 [TCP segment of a reassembled PDU]"
"12509","29.886931248","192.168.1.55","192.168.1.2","TCP","866","[TCP Window Full] 8004  >  49976 [PSH, ACK] Seq=140646 Ack=141 Win=65024 Len=800 TSval=2916033967 TSecr=3045553741 [TCP segment of a reassembled PDU]"
"12510","29.886936730","192.168.1.2","192.168.1.55","TCP","66","49976  >  8004 [ACK] Seq=141 Ack=97206 Win=64512 Len=0 TSval=3045553741 TSecr=2916033961"
"12511","29.886943822","192.168.1.2","192.168.1.55","TCP","66","49976  >  8004 [ACK] Seq=141 Ack=100102 Win=71680 Len=0 TSval=3045553741 TSecr=2916033962"
"12512","29.887012396","192.168.1.55","192.168.1.2","TCP","1514","8004  >  49976 [ACK] Seq=141446 Ack=141 Win=65024 Len=1448 TSval=2916033967 TSecr=3045553741 [TCP segment of a reassembled PDU]"
"12513","29.887019785","192.168.1.55","192.168.1.2","TCP","1514","8004  >  49976 [ACK] Seq=142894 Ack=141 Win=65024 Len=1448 TSval=2916033967 TSecr=3045553741 [TCP segment of a reassembled PDU]"
"12514","29.887021489","192.168.1.55","192.168.1.2","TCP","1514","8004  >  49976 [ACK] Seq=144342 Ack=141 Win=65024 Len=1448 TSval=2916033967 TSecr=3045553741 [TCP segment of a reassembled PDU]"
"12515","29.887022970","192.168.1.55","192.168.1.2","TCP","1514","8004  >  49976 [ACK] Seq=145790 Ack=141 Win=65024 Len=1448 TSval=2916033967 TSecr=3045553741 [TCP segment of a reassembled PDU]"
"12516","29.887024193","192.168.1.55","192.168.1.2","TCP","1514","8004  >  49976 [ACK] Seq=147238 Ack=141 Win=65024 Len=1448 TSval=2916033967 TSecr=3045553741 [TCP segment of a reassembled PDU]"
"12517","29.887027952","192.168.1.55","192.168.1.2","TCP","1514","8004  >  49976 [ACK] Seq=148686 Ack=141 Win=65024 Len=1448 TSval=2916033967 TSecr=3045553741 [TCP segment of a reassembled PDU]"
"12518","29.887029248","192.168.1.55","192.168.1.2","TCP","1514","8004  >  49976 [ACK] Seq=150134 Ack=141 Win=65024 Len=1448 TSval=2916033967 TSecr=3045553741 [TCP segment of a reassembled PDU]"
"12519","29.887030785","192.168.1.55","192.168.1.2","TCP","1514","8004  >  49976 [ACK] Seq=151582 Ack=141 Win=65024 Len=1448 TSval=2916033967 TSecr=3045553741 [TCP segment of a reassembled PDU]"
"12520","29.887032915","192.168.1.55","192.168.1.2","TCP","1514","8004  >  49976 [PSH, ACK] Seq=153030 Ack=141 Win=65024 Len=1448 TSval=2916033967 TSecr=3045553741 [TCP segment of a reassembled PDU]"
"12521","29.887043396","192.168.1.55","192.168.1.2","TCP","714","8004  >  49976 [ACK] Seq=154478 Ack=141 Win=65024 Len=648 TSval=2916033967 TSecr=3045553741 [TCP segment of a reassembled PDU]"
"12522","29.887076674","192.168.1.55","192.168.1.2","TCP","1514","8004  >  49976 [ACK] Seq=155126 Ack=141 Win=65024 Len=1448 TSval=2916033967 TSecr=3045553741 [TCP segment of a reassembled PDU]"
"12523","29.887078619","192.168.1.55","192.168.1.2","TCP","1514","8004  >  49976 [ACK] Seq=156574 Ack=141 Win=65024 Len=1448 TSval=2916033967 TSecr=3045553741 [TCP segment of a reassembled PDU]"
"12524","29.887079897","192.168.1.55","192.168.1.2","TCP","1514","8004  >  49976 [ACK] Seq=158022 Ack=141 Win=65024 Len=1448 TSval=2916033967 TSecr=3045553741 [TCP segment of a reassembled PDU]"
"12525","29.887081767","192.168.1.55","192.168.1.2","TCP","1514","8004  >  49976 [ACK] Seq=159470 Ack=141 Win=65024 Len=1448 TSval=2916033967 TSecr=3045553741 [TCP segment of a reassembled PDU]"
"12526","29.887083082","192.168.1.55","192.168.1.2","TCP","1514","8004  >  49976 [ACK] Seq=160918 Ack=141 Win=65024 Len=1448 TSval=2916033967 TSecr=3045553741 [TCP segment of a reassembled PDU]"
"12527","29.887084878","192.168.1.55","192.168.1.2","TCP","1514","8004  >  49976 [ACK] Seq=162366 Ack=141 Win=65024 Len=1448 TSval=2916033967 TSecr=3045553741 [TCP segment of a reassembled PDU]"
"12528","29.887086137","192.168.1.55","192.168.1.2","TCP","1514","8004  >  49976 [ACK] Seq=163814 Ack=141 Win=65024 Len=1448 TSval=2916033967 TSecr=3045553741 [TCP segment of a reassembled PDU]"
"12529","29.887087767","192.168.1.55","192.168.1.2","TCP","1514","8004  >  49976 [ACK] Seq=165262 Ack=141 Win=65024 Len=1448 TSval=2916033967 TSecr=3045553741 [TCP segment of a reassembled PDU]"
"12530","29.887089008","192.168.1.55","192.168.1.2","TCP","1514","8004  >  49976 [ACK] Seq=166710 Ack=141 Win=65024 Len=1448 TSval=2916033967 TSecr=3045553741 [TCP segment of a reassembled PDU]"
"12531","29.887090489","192.168.1.55","192.168.1.2","TCP","1514","8004  >  49976 [ACK] Seq=168158 Ack=141 Win=65024 Len=1448 TSval=2916033967 TSecr=3045553741 [TCP segment of a reassembled PDU]"
"12532","29.887092045","192.168.1.55","192.168.1.2","TCP","1514","8004  >  49976 [PSH, ACK] Seq=169606 Ack=141 Win=65024 Len=1448 TSval=2916033967 TSecr=3045553741 [TCP segment of a reassembled PDU]"
"12533","29.891374866","192.168.1.2","192.168.1.55","TCP","66","49976  >  8004 [ACK] Seq=141 Ack=105894 Win=86016 Len=0 TSval=3045553744 TSecr=2916033967"
"12534","29.891430737","192.168.1.55","192.168.1.2","TCP","1514","8004  >  49976 [ACK] Seq=171054 Ack=141 Win=65024 Len=1448 TSval=2916033972 TSecr=3045553744 [TCP segment of a reassembled PDU]"
"12535","29.891435718","192.168.1.55","192.168.1.2","TCP","1514","8004  >  49976 [ACK] Seq=172502 Ack=141 Win=65024 Len=1448 TSval=2916033972 TSecr=3045553744 [TCP segment of a reassembled PDU]"
"12536","29.891437607","192.168.1.55","192.168.1.2","TCP","1514","8004  >  49976 [ACK] Seq=173950 Ack=141 Win=65024 Len=1448 TSval=2916033972 TSecr=3045553744 [TCP segment of a reassembled PDU]"
"12537","29.891438718","192.168.1.55","192.168.1.2","TCP","1514","8004  >  49976 [ACK] Seq=175398 Ack=141 Win=65024 Len=1448 TSval=2916033972 TSecr=3045553744 [TCP segment of a reassembled PDU]"
"12538","29.891439940","192.168.1.55","192.168.1.2","TCP","1514","8004  >  49976 [ACK] Seq=176846 Ack=141 Win=65024 Len=1448 TSval=2916033972 TSecr=3045553744 [TCP segment of a reassembled PDU]"
"12539","29.891441181","192.168.1.55","192.168.1.2","TCP","1514","8004  >  49976 [ACK] Seq=178294 Ack=141 Win=65024 Len=1448 TSval=2916033972 TSecr=3045553744 [TCP segment of a reassembled PDU]"
"12540","29.891442385","192.168.1.55","192.168.1.2","TCP","1514","8004  >  49976 [ACK] Seq=179742 Ack=141 Win=65024 Len=1448 TSval=2916033972 TSecr=3045553744 [TCP segment of a reassembled PDU]"
"12541","29.891443607","192.168.1.55","192.168.1.2","TCP","1514","8004  >  49976 [ACK] Seq=181190 Ack=141 Win=65024 Len=1448 TSval=2916033972 TSecr=3045553744 [TCP segment of a reassembled PDU]"
"12542","29.891444885","192.168.1.55","192.168.1.2","TCP","1514","8004  >  49976 [ACK] Seq=182638 Ack=141 Win=65024 Len=1448 TSval=2916033972 TSecr=3045553744 [TCP segment of a reassembled PDU]"
"12543","29.891446181","192.168.1.55","192.168.1.2","TCP","1514","8004  >  49976 [ACK] Seq=184086 Ack=141 Win=65024 Len=1448 TSval=2916033972 TSecr=3045553744 [TCP segment of a reassembled PDU]"
"12544","29.891447385","192.168.1.55","192.168.1.2","TCP","1514","8004  >  49976 [ACK] Seq=185534 Ack=141 Win=65024 Len=1448 TSval=2916033972 TSecr=3045553744 [TCP segment of a reassembled PDU]"
"12545","29.891448644","192.168.1.55","192.168.1.2","TCP","1514","8004  >  49976 [ACK] Seq=186982 Ack=141 Win=65024 Len=1448 TSval=2916033972 TSecr=3045553744 [TCP segment of a reassembled PDU]"
"12546","29.891449903","192.168.1.55","192.168.1.2","TCP","1514","8004  >  49976 [ACK] Seq=188430 Ack=141 Win=65024 Len=1448 TSval=2916033972 TSecr=3045553744 [TCP segment of a reassembled PDU]"
"12547","29.891451181","192.168.1.55","192.168.1.2","TCP","1514","8004  >  49976 [PSH, ACK] Seq=189878 Ack=141 Win=65024 Len=1448 TSval=2916033972 TSecr=3045553744 [TCP segment of a reassembled PDU]"
"12548","29.894623038","192.168.1.2","192.168.1.55","TCP","66","49976  >  8004 [ACK] Seq=141 Ack=116030 Win=83968 Len=0 TSval=3045553747 TSecr=2916033967"
"12549","29.894640964","192.168.1.55","192.168.1.2","TCP","1514","8004  >  49976 [ACK] Seq=191326 Ack=141 Win=65024 Len=1448 TSval=2916033975 TSecr=3045553747 [TCP segment of a reassembled PDU]"
"12550","29.894643353","192.168.1.55","192.168.1.2","TCP","1514","8004  >  49976 [ACK] Seq=192774 Ack=141 Win=65024 Len=1448 TSval=2916033975 TSecr=3045553747 [TCP segment of a reassembled PDU]"
"12551","29.894644408","192.168.1.55","192.168.1.2","TCP","1514","8004  >  49976 [ACK] Seq=194222 Ack=141 Win=65024 Len=1448 TSval=2916033975 TSecr=3045553747 [TCP segment of a reassembled PDU]"
"12552","29.894645519","192.168.1.55","192.168.1.2","TCP","1514","8004  >  49976 [ACK] Seq=195670 Ack=141 Win=65024 Len=1448 TSval=2916033975 TSecr=3045553747 [TCP segment of a reassembled PDU]"
"12553","29.894646686","192.168.1.55","192.168.1.2","TCP","1514","8004  >  49976 [PSH, ACK] Seq=197118 Ack=141 Win=65024 Len=1448 TSval=2916033975 TSecr=3045553747 [TCP segment of a reassembled PDU]"
"12554","29.894953594","192.168.1.2","192.168.1.55","TCP","66","49976  >  8004 [ACK] Seq=141 Ack=154478 Win=59392 Len=0 TSval=3045553747 TSecr=2916033967"
"12555","29.894967057","192.168.1.55","192.168.1.2","TCP","1514","8004  >  49976 [ACK] Seq=198566 Ack=141 Win=65024 Len=1448 TSval=2916033975 TSecr=3045553747 [TCP segment of a reassembled PDU]"
"12556","29.894972076","192.168.1.2","192.168.1.55","TCP","66","49976  >  8004 [ACK] Seq=141 Ack=165262 Win=61440 Len=0 TSval=3045553747 TSecr=2916033967"
"12557","29.894997353","192.168.1.55","192.168.1.2","TCP","1514","8004  >  49976 [ACK] Seq=200014 Ack=141 Win=65024 Len=1448 TSval=2916033975 TSecr=3045553747 [TCP segment of a reassembled PDU]"
"12558","29.894998816","192.168.1.55","192.168.1.2","TCP","1514","8004  >  49976 [ACK] Seq=201462 Ack=141 Win=65024 Len=1448 TSval=2916033975 TSecr=3045553747 [TCP segment of a reassembled PDU]"
"12559","29.895000020","192.168.1.55","192.168.1.2","TCP","1514","8004  >  49976 [ACK] Seq=202910 Ack=141 Win=65024 Len=1448 TSval=2916033975 TSecr=3045553747 [TCP segment of a reassembled PDU]"
"12560","29.895001353","192.168.1.55","192.168.1.2","TCP","1514","8004  >  49976 [ACK] Seq=204358 Ack=141 Win=65024 Len=1448 TSval=2916033975 TSecr=3045553747 [TCP segment of a reassembled PDU]"
"12561","29.895002483","192.168.1.55","192.168.1.2","TCP","1514","8004  >  49976 [ACK] Seq=205806 Ack=141 Win=65024 Len=1448 TSval=2916033975 TSecr=3045553747 [TCP segment of a reassembled PDU]"
"12562","29.895003705","192.168.1.55","192.168.1.2","TCP","1514","8004  >  49976 [ACK] Seq=207254 Ack=141 Win=65024 Len=1448 TSval=2916033975 TSecr=3045553747 [TCP segment of a reassembled PDU]"
"12563","29.895004853","192.168.1.55","192.168.1.2","TCP","1514","8004  >  49976 [ACK] Seq=208702 Ack=141 Win=65024 Len=1448 TSval=2916033975 TSecr=3045553747 [TCP segment of a reassembled PDU]"
"12564","29.895005927","192.168.1.55","192.168.1.2","TCP","1514","8004  >  49976 [ACK] Seq=210150 Ack=141 Win=65024 Len=1448 TSval=2916033975 TSecr=3045553747 [TCP segment of a reassembled PDU]"
"12565","29.895007594","192.168.1.55","192.168.1.2","TCP","1514","8004  >  49976 [ACK] Seq=211598 Ack=141 Win=65024 Len=1448 TSval=2916033975 TSecr=3045553747 [TCP segment of a reassembled PDU]"
"12566","29.895008872","192.168.1.55","192.168.1.2","TCP","1514","8004  >  49976 [ACK] Seq=213046 Ack=141 Win=65024 Len=1448 TSval=2916033975 TSecr=3045553747 [TCP segment of a reassembled PDU]"
"12567","29.895010002","192.168.1.55","192.168.1.2","TCP","1514","8004  >  49976 [ACK] Seq=214494 Ack=141 Win=65024 Len=1448 TSval=2916033975 TSecr=3045553747 [TCP segment of a reassembled PDU]"
"12568","29.895011187","192.168.1.55","192.168.1.2","TCP","1514","8004  >  49976 [ACK] Seq=215942 Ack=141 Win=65024 Len=1448 TSval=2916033975 TSecr=3045553747 [TCP segment of a reassembled PDU]"
"12569","29.895012335","192.168.1.55","192.168.1.2","TCP","1514","8004  >  49976 [ACK] Seq=217390 Ack=141 Win=65024 Len=1448 TSval=2916033975 TSecr=3045553747 [TCP segment of a reassembled PDU]"
"12570","29.895013539","192.168.1.55","192.168.1.2","TCP","1514","8004  >  49976 [ACK] Seq=218838 Ack=141 Win=65024 Len=1448 TSval=2916033975 TSecr=3045553747 [TCP segment of a reassembled PDU]"
"12571","29.895014779","192.168.1.55","192.168.1.2","TCP","1514","8004  >  49976 [ACK] Seq=220286 Ack=141 Win=65024 Len=1448 TSval=2916033975 TSecr=3045553747 [TCP segment of a reassembled PDU]"
"12572","29.895015983","192.168.1.55","192.168.1.2","TCP","1514","8004  >  49976 [ACK] Seq=221734 Ack=141 Win=65024 Len=1448 TSval=2916033975 TSecr=3045553747 [TCP segment of a reassembled PDU]"
"12573","29.895017113","192.168.1.55","192.168.1.2","TCP","1514","8004  >  49976 [ACK] Seq=223182 Ack=141 Win=65024 Len=1448 TSval=2916033975 TSecr=3045553747 [TCP segment of a reassembled PDU]"
"12574","29.895018835","192.168.1.55","192.168.1.2","TCP","1514","8004  >  49976 [ACK] Seq=224630 Ack=141 Win=65024 Len=1448 TSval=2916033975 TSecr=3045553747 [TCP segment of a reassembled PDU]"
"12575","29.895020224","192.168.1.55","192.168.1.2","TCP","690","[TCP Window Full] 8004  >  49976 [PSH, ACK] Seq=226078 Ack=141 Win=65024 Len=624 TSval=2916033975 TSecr=3045553747 [TCP segment of a reassembled PDU]"
"12576","29.895024002","192.168.1.2","192.168.1.55","TCP","66","49976  >  8004 [ACK] Seq=141 Ack=171054 Win=99328 Len=0 TSval=3045553748 TSecr=2916033967"
"12577","29.895047020","192.168.1.55","192.168.1.2","TCP","1514","8004  >  49976 [ACK] Seq=226702 Ack=141 Win=65024 Len=1448 TSval=2916033975 TSecr=3045553748 [TCP segment of a reassembled PDU]"
"12578","29.895048502","192.168.1.55","192.168.1.2","TCP","1514","8004  >  49976 [ACK] Seq=228150 Ack=141 Win=65024 Len=1448 TSval=2916033975 TSecr=3045553748 [TCP segment of a reassembled PDU]"
"12579","29.895049687","192.168.1.55","192.168.1.2","TCP","1514","8004  >  49976 [ACK] Seq=229598 Ack=141 Win=65024 Len=1448 TSval=2916033975 TSecr=3045553748 [TCP segment of a reassembled PDU]"
"12580","29.895050928","192.168.1.55","192.168.1.2","TCP","1514","8004  >  49976 [ACK] Seq=231046 Ack=141 Win=65024 Len=1448 TSval=2916033975 TSecr=3045553748 [TCP segment of a reassembled PDU]"
"12581","29.895052002","192.168.1.55","192.168.1.2","TCP","1514","8004  >  49976 [ACK] Seq=232494 Ack=141 Win=65024 Len=1448 TSval=2916033975 TSecr=3045553748 [TCP segment of a reassembled PDU]"
"12582","29.895053279","192.168.1.55","192.168.1.2","TCP","1514","8004  >  49976 [ACK] Seq=233942 Ack=141 Win=65024 Len=1448 TSval=2916033975 TSecr=3045553748 [TCP segment of a reassembled PDU]"
"12583","29.895054409","192.168.1.55","192.168.1.2","TCP","1514","8004  >  49976 [ACK] Seq=235390 Ack=141 Win=65024 Len=1448 TSval=2916033975 TSecr=3045553748 [TCP segment of a reassembled PDU]"
"12584","29.895055557","192.168.1.55","192.168.1.2","TCP","1514","8004  >  49976 [ACK] Seq=236838 Ack=141 Win=65024 Len=1448 TSval=2916033975 TSecr=3045553748 [TCP segment of a reassembled PDU]"
"12585","29.895056761","192.168.1.55","192.168.1.2","TCP","1514","8004  >  49976 [ACK] Seq=238286 Ack=141 Win=65024 Len=1448 TSval=2916033975 TSecr=3045553748 [TCP segment of a reassembled PDU]"
"12586","29.895057909","192.168.1.55","192.168.1.2","TCP","1514","8004  >  49976 [ACK] Seq=239734 Ack=141 Win=65024 Len=1448 TSval=2916033975 TSecr=3045553748 [TCP segment of a reassembled PDU]"
"12587","29.895059187","192.168.1.55","192.168.1.2","TCP","1514","8004  >  49976 [ACK] Seq=241182 Ack=141 Win=65024 Len=1448 TSval=2916033975 TSecr=3045553748 [TCP segment of a reassembled PDU]"
"12588","29.895060298","192.168.1.55","192.168.1.2","TCP","1514","8004  >  49976 [PSH, ACK] Seq=242630 Ack=141 Win=65024 Len=1448 TSval=2916033975 TSecr=3045553748 [TCP segment of a reassembled PDU]"
"12589","29.895064687","192.168.1.55","192.168.1.2","TCP","890","8004  >  49976 [PSH, ACK] Seq=244078 Ack=141 Win=65024 Len=824 TSval=2916033975 TSecr=3045553748 [TCP segment of a reassembled PDU]"
"12590","29.896432689","192.168.1.2","192.168.1.55","TCP","66","49976  >  8004 [ACK] Seq=141 Ack=191326 Win=86016 Len=0 TSval=3045553751 TSecr=2916033972"
"12591","29.896463356","192.168.1.55","192.168.1.2","TCP","1514","8004  >  49976 [ACK] Seq=244902 Ack=141 Win=65024 Len=1448 TSval=2916033977 TSecr=3045553751 [TCP segment of a reassembled PDU]"
"12592","29.896465745","192.168.1.55","192.168.1.2","TCP","1514","8004  >  49976 [ACK] Seq=246350 Ack=141 Win=65024 Len=1448 TSval=2916033977 TSecr=3045553751 [TCP segment of a reassembled PDU]"
"12593","29.896467004","192.168.1.55","192.168.1.2","TCP","1514","8004  >  49976 [ACK] Seq=247798 Ack=141 Win=65024 Len=1448 TSval=2916033977 TSecr=3045553751 [TCP segment of a reassembled PDU]"
"12594","29.896468078","192.168.1.55","192.168.1.2","TCP","1514","8004  >  49976 [ACK] Seq=249246 Ack=141 Win=65024 Len=1448 TSval=2916033977 TSecr=3045553751 [TCP segment of a reassembled PDU]"
"12595","29.896469208","192.168.1.55","192.168.1.2","TCP","1514","8004  >  49976 [ACK] Seq=250694 Ack=141 Win=65024 Len=1448 TSval=2916033977 TSecr=3045553751 [TCP segment of a reassembled PDU]"
"12596","29.896470467","192.168.1.55","192.168.1.2","TCP","1514","8004  >  49976 [ACK] Seq=252142 Ack=141 Win=65024 Len=1448 TSval=2916033977 TSecr=3045553751 [TCP segment of a reassembled PDU]"
"12597","29.896471633","192.168.1.55","192.168.1.2","TCP","1514","8004  >  49976 [ACK] Seq=253590 Ack=141 Win=65024 Len=1448 TSval=2916033977 TSecr=3045553751 [TCP segment of a reassembled PDU]"
"12598","29.896472967","192.168.1.55","192.168.1.2","TCP","1514","8004  >  49976 [ACK] Seq=255038 Ack=141 Win=65024 Len=1448 TSval=2916033977 TSecr=3045553751 [TCP segment of a reassembled PDU]"
"12599","29.896474189","192.168.1.55","192.168.1.2","TCP","1514","8004  >  49976 [ACK] Seq=256486 Ack=141 Win=65024 Len=1448 TSval=2916033977 TSecr=3045553751 [TCP segment of a reassembled PDU]"
"12600","29.896475300","192.168.1.55","192.168.1.2","TCP","1514","8004  >  49976 [ACK] Seq=257934 Ack=141 Win=65024 Len=1448 TSval=2916033977 TSecr=3045553751 [TCP segment of a reassembled PDU]"
"12601","29.896476485","192.168.1.55","192.168.1.2","TCP","1514","8004  >  49976 [ACK] Seq=259382 Ack=141 Win=65024 Len=1448 TSval=2916033977 TSecr=3045553751 [TCP segment of a reassembled PDU]"
"12602","29.896477596","192.168.1.55","192.168.1.2","TCP","1514","8004  >  49976 [ACK] Seq=260830 Ack=141 Win=65024 Len=1448 TSval=2916033977 TSecr=3045553751 [TCP segment of a reassembled PDU]"
"12603","29.896478874","192.168.1.55","192.168.1.2","TCP","1514","8004  >  49976 [ACK] Seq=262278 Ack=141 Win=65024 Len=1448 TSval=2916033977 TSecr=3045553751 [TCP segment of a reassembled PDU]"
"12604","29.896480041","192.168.1.55","192.168.1.2","TCP","1514","8004  >  49976 [ACK] Seq=263726 Ack=141 Win=65024 Len=1448 TSval=2916033977 TSecr=3045553751 [TCP segment of a reassembled PDU]"
"12605","29.896481189","192.168.1.55","192.168.1.2","TCP","1514","8004  >  49976 [ACK] Seq=265174 Ack=141 Win=65024 Len=1448 TSval=2916033977 TSecr=3045553751 [TCP segment of a reassembled PDU]"
"12606","29.896482374","192.168.1.55","192.168.1.2","TCP","1514","8004  >  49976 [ACK] Seq=266622 Ack=141 Win=65024 Len=1448 TSval=2916033977 TSecr=3045553751 [TCP segment of a reassembled PDU]"
"12607","29.896483726","192.168.1.55","192.168.1.2","TCP","1514","8004  >  49976 [ACK] Seq=268070 Ack=141 Win=65024 Len=1448 TSval=2916033977 TSecr=3045553751 [TCP segment of a reassembled PDU]"
"12608","29.896484856","192.168.1.55","192.168.1.2","TCP","1514","8004  >  49976 [ACK] Seq=269518 Ack=141 Win=65024 Len=1448 TSval=2916033977 TSecr=3045553751 [TCP segment of a reassembled PDU]"
"12609","29.896486004","192.168.1.55","192.168.1.2","TCP","1514","8004  >  49976 [ACK] Seq=270966 Ack=141 Win=65024 Len=1448 TSval=2916033977 TSecr=3045553751 [TCP segment of a reassembled PDU]"
"12610","29.896487300","192.168.1.55","192.168.1.2","TCP","1514","8004  >  49976 [ACK] Seq=272414 Ack=141 Win=65024 Len=1448 TSval=2916033977 TSecr=3045553751 [TCP segment of a reassembled PDU]"
"12611","29.896489115","192.168.1.55","192.168.1.2","TCP","1514","8004  >  49976 [ACK] Seq=273862 Ack=141 Win=65024 Len=1448 TSval=2916033977 TSecr=3045553751 [TCP segment of a reassembled PDU]"
"12612","29.896490448","192.168.1.55","192.168.1.2","TCP","1514","8004  >  49976 [PSH, ACK] Seq=275310 Ack=141 Win=65024 Len=1448 TSval=2916033977 TSecr=3045553751 [TCP segment of a reassembled PDU]"
"12613","29.902668736","192.168.1.2","192.168.1.55","TCP","66","49976  >  8004 [ACK] Seq=141 Ack=192774 Win=102400 Len=0 TSval=3045553752 TSecr=2916033975"
"12614","29.902696254","192.168.1.55","192.168.1.2","TCP","1514","8004  >  49976 [ACK] Seq=276758 Ack=141 Win=65024 Len=1448 TSval=2916033983 TSecr=3045553752 [TCP segment of a reassembled PDU]"
"12615","29.902699069","192.168.1.55","192.168.1.2","TCP","1514","8004  >  49976 [ACK] Seq=278206 Ack=141 Win=65024 Len=1448 TSval=2916033983 TSecr=3045553752 [TCP segment of a reassembled PDU]"
"12616","29.902700254","192.168.1.55","192.168.1.2","TCP","1514","8004  >  49976 [ACK] Seq=279654 Ack=141 Win=65024 Len=1448 TSval=2916033983 TSecr=3045553752 [TCP segment of a reassembled PDU]"
"12617","29.902701347","192.168.1.55","192.168.1.2","TCP","1514","8004  >  49976 [ACK] Seq=281102 Ack=141 Win=65024 Len=1448 TSval=2916033983 TSecr=3045553752 [TCP segment of a reassembled PDU]"
"12618","29.902702514","192.168.1.55","192.168.1.2","TCP","1514","8004  >  49976 [ACK] Seq=282550 Ack=141 Win=65024 Len=1448 TSval=2916033983 TSecr=3045553752 [TCP segment of a reassembled PDU]"
"12619","29.902703495","192.168.1.55","192.168.1.2","TCP","1514","8004  >  49976 [ACK] Seq=283998 Ack=141 Win=65024 Len=1448 TSval=2916033983 TSecr=3045553752 [TCP segment of a reassembled PDU]"
"12620","29.902704532","192.168.1.55","192.168.1.2","TCP","1514","8004  >  49976 [ACK] Seq=285446 Ack=141 Win=65024 Len=1448 TSval=2916033983 TSecr=3045553752 [TCP segment of a reassembled PDU]"
"12621","29.902705514","192.168.1.55","192.168.1.2","TCP","1514","8004  >  49976 [ACK] Seq=286894 Ack=141 Win=65024 Len=1448 TSval=2916033983 TSecr=3045553752 [TCP segment of a reassembled PDU]"
"12622","29.902706791","192.168.1.55","192.168.1.2","TCP","1514","8004  >  49976 [PSH, ACK] Seq=288342 Ack=141 Win=65024 Len=1448 TSval=2916033983 TSecr=3045553752 [TCP segment of a reassembled PDU]"
"12623","29.902733125","192.168.1.2","192.168.1.55","TCP","66","49976  >  8004 [ACK] Seq=141 Ack=194222 Win=105472 Len=0 TSval=3045553752 TSecr=2916033975"
"12624","29.904898461","192.168.1.2","192.168.1.55","TCP","66","49976  >  8004 [ACK] Seq=141 Ack=198566 Win=114688 Len=0 TSval=3045553757 TSecr=2916033975"
"12625","29.904932813","192.168.1.55","192.168.1.2","TCP","1514","8004  >  49976 [ACK] Seq=289790 Ack=141 Win=65024 Len=1448 TSval=2916033985 TSecr=3045553757 [TCP segment of a reassembled PDU]"
"12626","29.904935776","192.168.1.55","192.168.1.2","TCP","1514","8004  >  49976 [ACK] Seq=291238 Ack=141 Win=65024 Len=1448 TSval=2916033985 TSecr=3045553757 [TCP segment of a reassembled PDU]"
"12627","29.904936887","192.168.1.55","192.168.1.2","TCP","1514","8004  >  49976 [ACK] Seq=292686 Ack=141 Win=65024 Len=1448 TSval=2916033985 TSecr=3045553757 [TCP segment of a reassembled PDU]"
"12628","29.904937887","192.168.1.55","192.168.1.2","TCP","1514","8004  >  49976 [ACK] Seq=294134 Ack=141 Win=65024 Len=1448 TSval=2916033985 TSecr=3045553757 [TCP segment of a reassembled PDU]"
"12629","29.904939165","192.168.1.55","192.168.1.2","TCP","1514","8004  >  49976 [ACK] Seq=295582 Ack=141 Win=65024 Len=1448 TSval=2916033985 TSecr=3045553757 [TCP segment of a reassembled PDU]"
"12630","29.904940536","192.168.1.55","192.168.1.2","TCP","1514","8004  >  49976 [ACK] Seq=297030 Ack=141 Win=65024 Len=1448 TSval=2916033985 TSecr=3045553757 [TCP segment of a reassembled PDU]"
"12631","29.904941628","192.168.1.55","192.168.1.2","TCP","1514","8004  >  49976 [ACK] Seq=298478 Ack=141 Win=65024 Len=1448 TSval=2916033985 TSecr=3045553757 [TCP segment of a reassembled PDU]"
"12632","29.904942832","192.168.1.55","192.168.1.2","TCP","1514","8004  >  49976 [ACK] Seq=299926 Ack=141 Win=65024 Len=1448 TSval=2916033985 TSecr=3045553757 [TCP segment of a reassembled PDU]"
"12633","29.904944332","192.168.1.55","192.168.1.2","TCP","1514","8004  >  49976 [ACK] Seq=301374 Ack=141 Win=65024 Len=1448 TSval=2916033985 TSecr=3045553757 [TCP segment of a reassembled PDU]"
"12634","29.904945795","192.168.1.55","192.168.1.2","TCP","1514","8004  >  49976 [ACK] Seq=302822 Ack=141 Win=65024 Len=1448 TSval=2916033985 TSecr=3045553757 [TCP segment of a reassembled PDU]"
"12635","29.904946832","192.168.1.55","192.168.1.2","TCP","1514","8004  >  49976 [ACK] Seq=304270 Ack=141 Win=65024 Len=1448 TSval=2916033985 TSecr=3045553757 [TCP segment of a reassembled PDU]"
"12636","29.904948702","192.168.1.55","192.168.1.2","TCP","1514","8004  >  49976 [ACK] Seq=305718 Ack=141 Win=65024 Len=1448 TSval=2916033985 TSecr=3045553757 [TCP segment of a reassembled PDU]"
"12637","29.904949832","192.168.1.55","192.168.1.2","TCP","1514","8004  >  49976 [ACK] Seq=307166 Ack=141 Win=65024 Len=1448 TSval=2916033985 TSecr=3045553757 [TCP segment of a reassembled PDU]"
"12638","29.904951647","192.168.1.55","192.168.1.2","TCP","1514","8004  >  49976 [ACK] Seq=308614 Ack=141 Win=65024 Len=1448 TSval=2916033985 TSecr=3045553757 [TCP segment of a reassembled PDU]"
"12639","29.904952813","192.168.1.55","192.168.1.2","TCP","1514","8004  >  49976 [ACK] Seq=310062 Ack=141 Win=65024 Len=1448 TSval=2916033985 TSecr=3045553757 [TCP segment of a reassembled PDU]"
"12640","29.904954869","192.168.1.55","192.168.1.2","TCP","1514","8004  >  49976 [PSH, ACK] Seq=311510 Ack=141 Win=65024 Len=1448 TSval=2916033985 TSecr=3045553757 [TCP segment of a reassembled PDU]"
"12641","29.905008869","192.168.1.2","192.168.1.55","TCP","66","49976  >  8004 [ACK] Seq=141 Ack=244078 Win=116736 Len=0 TSval=3045553757 TSecr=2916033975"
"12642","29.905034332","192.168.1.55","192.168.1.2","TCP","1514","8004  >  49976 [ACK] Seq=312958 Ack=141 Win=65024 Len=1448 TSval=2916033985 TSecr=3045553757 [TCP segment of a reassembled PDU]"
"12643","29.905036073","192.168.1.55","192.168.1.2","TCP","1514","8004  >  49976 [ACK] Seq=314406 Ack=141 Win=65024 Len=1448 TSval=2916033985 TSecr=3045553757 [TCP segment of a reassembled PDU]"
"12644","29.905037110","192.168.1.55","192.168.1.2","TCP","1514","8004  >  49976 [ACK] Seq=315854 Ack=141 Win=65024 Len=1448 TSval=2916033985 TSecr=3045553757 [TCP segment of a reassembled PDU]"
"12645","29.905038239","192.168.1.55","192.168.1.2","TCP","1514","8004  >  49976 [ACK] Seq=317302 Ack=141 Win=65024 Len=1448 TSval=2916033985 TSecr=3045553757 [TCP segment of a reassembled PDU]"
"12646","29.905039295","192.168.1.55","192.168.1.2","TCP","1514","8004  >  49976 [ACK] Seq=318750 Ack=141 Win=65024 Len=1448 TSval=2916033985 TSecr=3045553757 [TCP segment of a reassembled PDU]"
"12647","29.905040314","192.168.1.55","192.168.1.2","TCP","1514","8004  >  49976 [ACK] Seq=320198 Ack=141 Win=65024 Len=1448 TSval=2916033985 TSecr=3045553757 [TCP segment of a reassembled PDU]"
"12648","29.905041406","192.168.1.55","192.168.1.2","TCP","1514","8004  >  49976 [ACK] Seq=321646 Ack=141 Win=65024 Len=1448 TSval=2916033985 TSecr=3045553757 [TCP segment of a reassembled PDU]"
"12649","29.905042388","192.168.1.55","192.168.1.2","TCP","1514","8004  >  49976 [ACK] Seq=323094 Ack=141 Win=65024 Len=1448 TSval=2916033985 TSecr=3045553757 [TCP segment of a reassembled PDU]"
"12650","29.905043702","192.168.1.55","192.168.1.2","TCP","1514","8004  >  49976 [ACK] Seq=324542 Ack=141 Win=65024 Len=1448 TSval=2916033985 TSecr=3045553757 [TCP segment of a reassembled PDU]"
"12651","29.905044777","192.168.1.55","192.168.1.2","TCP","1514","8004  >  49976 [ACK] Seq=325990 Ack=141 Win=65024 Len=1448 TSval=2916033985 TSecr=3045553757 [TCP segment of a reassembled PDU]"
"12652","29.905045888","192.168.1.55","192.168.1.2","TCP","1514","8004  >  49976 [ACK] Seq=327438 Ack=141 Win=65024 Len=1448 TSval=2916033985 TSecr=3045553757 [TCP segment of a reassembled PDU]"
"12653","29.905047147","192.168.1.55","192.168.1.2","TCP","1514","8004  >  49976 [ACK] Seq=328886 Ack=141 Win=65024 Len=1448 TSval=2916033985 TSecr=3045553757 [TCP segment of a reassembled PDU]"
"12654","29.905048202","192.168.1.55","192.168.1.2","TCP","1514","8004  >  49976 [ACK] Seq=330334 Ack=141 Win=65024 Len=1448 TSval=2916033985 TSecr=3045553757 [TCP segment of a reassembled PDU]"
"12655","29.905049295","192.168.1.55","192.168.1.2","TCP","1514","8004  >  49976 [ACK] Seq=331782 Ack=141 Win=65024 Len=1448 TSval=2916033985 TSecr=3045553757 [TCP segment of a reassembled PDU]"
"12656","29.905050388","192.168.1.55","192.168.1.2","TCP","1514","8004  >  49976 [PSH, ACK] Seq=333230 Ack=141 Win=65024 Len=1448 TSval=2916033985 TSecr=3045553757 [TCP segment of a reassembled PDU]"
"12657","29.905054554","192.168.1.2","192.168.1.55","TCP","66","49976  >  8004 [ACK] Seq=141 Ack=244902 Win=119808 Len=0 TSval=3045553757 TSecr=2916033975"
"12658","29.905059425","192.168.1.2","192.168.1.55","TCP","66","49976  >  8004 [ACK] Seq=141 Ack=273862 Win=119808 Len=0 TSval=3045553757 TSecr=2916033977"
"12659","29.905117240","192.168.1.55","192.168.1.2","TCP","1514","8004  >  49976 [ACK] Seq=334678 Ack=141 Win=65024 Len=1448 TSval=2916033985 TSecr=3045553757 [TCP segment of a reassembled PDU]"
"12660","29.905119573","192.168.1.55","192.168.1.2","TCP","1514","8004  >  49976 [ACK] Seq=336126 Ack=141 Win=65024 Len=1448 TSval=2916033985 TSecr=3045553757 [TCP segment of a reassembled PDU]"
"12661","29.905120814","192.168.1.55","192.168.1.2","TCP","1514","8004  >  49976 [ACK] Seq=337574 Ack=141 Win=65024 Len=1448 TSval=2916033985 TSecr=3045553757 [TCP segment of a reassembled PDU]"
"12662","29.905122110","192.168.1.55","192.168.1.2","TCP","1514","8004  >  49976 [ACK] Seq=339022 Ack=141 Win=65024 Len=1448 TSval=2916033985 TSecr=3045553757 [TCP segment of a reassembled PDU]"
"12663","29.905123499","192.168.1.55","192.168.1.2","TCP","1514","8004  >  49976 [ACK] Seq=340470 Ack=141 Win=65024 Len=1448 TSval=2916033985 TSecr=3045553757 [TCP segment of a reassembled PDU]"
"12664","29.905124999","192.168.1.55","192.168.1.2","TCP","1514","8004  >  49976 [ACK] Seq=341918 Ack=141 Win=65024 Len=1448 TSval=2916033985 TSecr=3045553757 [TCP segment of a reassembled PDU]"
"12665","29.905126258","192.168.1.55","192.168.1.2","TCP","1514","8004  >  49976 [ACK] Seq=343366 Ack=141 Win=65024 Len=1448 TSval=2916033985 TSecr=3045553757 [TCP segment of a reassembled PDU]"
"12666","29.905127240","192.168.1.55","192.168.1.2","TCP","1514","8004  >  49976 [ACK] Seq=344814 Ack=141 Win=65024 Len=1448 TSval=2916033985 TSecr=3045553757 [TCP segment of a reassembled PDU]"
"12667","29.905128240","192.168.1.55","192.168.1.2","TCP","1514","8004  >  49976 [ACK] Seq=346262 Ack=141 Win=65024 Len=1448 TSval=2916033985 TSecr=3045553757 [TCP segment of a reassembled PDU]"
"12668","29.905129388","192.168.1.55","192.168.1.2","TCP","1514","8004  >  49976 [ACK] Seq=347710 Ack=141 Win=65024 Len=1448 TSval=2916033985 TSecr=3045553757 [TCP segment of a reassembled PDU]"
"12669","29.905130388","192.168.1.55","192.168.1.2","TCP","1514","8004  >  49976 [ACK] Seq=349158 Ack=141 Win=65024 Len=1448 TSval=2916033985 TSecr=3045553757 [TCP segment of a reassembled PDU]"
"12670","29.905131647","192.168.1.55","192.168.1.2","TCP","1514","8004  >  49976 [ACK] Seq=350606 Ack=141 Win=65024 Len=1448 TSval=2916033985 TSecr=3045553757 [TCP segment of a reassembled PDU]"
"12671","29.905133332","192.168.1.55","192.168.1.2","TCP","1514","8004  >  49976 [ACK] Seq=352054 Ack=141 Win=65024 Len=1448 TSval=2916033985 TSecr=3045553757 [TCP segment of a reassembled PDU]"
"12672","29.905134925","192.168.1.55","192.168.1.2","TCP","1514","8004  >  49976 [ACK] Seq=353502 Ack=141 Win=65024 Len=1448 TSval=2916033985 TSecr=3045553757 [TCP segment of a reassembled PDU]"
"12673","29.905137888","192.168.1.55","192.168.1.2","TCP","1514","8004  >  49976 [ACK] Seq=354950 Ack=141 Win=65024 Len=1448 TSval=2916033985 TSecr=3045553757 [TCP segment of a reassembled PDU]"
"12674","29.905139351","192.168.1.55","192.168.1.2","TCP","1514","8004  >  49976 [ACK] Seq=356398 Ack=141 Win=65024 Len=1448 TSval=2916033985 TSecr=3045553757 [TCP segment of a reassembled PDU]"
"12675","29.905141184","192.168.1.55","192.168.1.2","TCP","1514","8004  >  49976 [ACK] Seq=357846 Ack=141 Win=65024 Len=1448 TSval=2916033985 TSecr=3045553757 [TCP segment of a reassembled PDU]"
"12676","29.905142258","192.168.1.55","192.168.1.2","TCP","1514","8004  >  49976 [ACK] Seq=359294 Ack=141 Win=65024 Len=1448 TSval=2916033985 TSecr=3045553757 [TCP segment of a reassembled PDU]"
"12677","29.905143925","192.168.1.55","192.168.1.2","TCP","1514","8004  >  49976 [ACK] Seq=360742 Ack=141 Win=65024 Len=1448 TSval=2916033985 TSecr=3045553757 [TCP segment of a reassembled PDU]"
"12678","29.905145166","192.168.1.55","192.168.1.2","TCP","1514","8004  >  49976 [ACK] Seq=362190 Ack=141 Win=65024 Len=1448 TSval=2916033985 TSecr=3045553757 [TCP segment of a reassembled PDU]"
"12679","29.905146240","192.168.1.55","192.168.1.2","TCP","1514","8004  >  49976 [ACK] Seq=363638 Ack=141 Win=65024 Len=1448 TSval=2916033985 TSecr=3045553757 [TCP segment of a reassembled PDU]"
"12680","29.905147758","192.168.1.55","192.168.1.2","TCP","1514","8004  >  49976 [ACK] Seq=365086 Ack=141 Win=65024 Len=1448 TSval=2916033985 TSecr=3045553757 [TCP segment of a reassembled PDU]"
"12681","29.905148980","192.168.1.55","192.168.1.2","TCP","1514","8004  >  49976 [ACK] Seq=366534 Ack=141 Win=65024 Len=1448 TSval=2916033985 TSecr=3045553757 [TCP segment of a reassembled PDU]"
"12682","29.905150647","192.168.1.55","192.168.1.2","TCP","1514","8004  >  49976 [ACK] Seq=367982 Ack=141 Win=65024 Len=1448 TSval=2916033985 TSecr=3045553757 [TCP segment of a reassembled PDU]"
"12683","29.905152129","192.168.1.55","192.168.1.2","TCP","1514","8004  >  49976 [ACK] Seq=369430 Ack=141 Win=65024 Len=1448 TSval=2916033985 TSecr=3045553757 [TCP segment of a reassembled PDU]"
"12684","29.905153369","192.168.1.55","192.168.1.2","TCP","1514","8004  >  49976 [ACK] Seq=370878 Ack=141 Win=65024 Len=1448 TSval=2916033985 TSecr=3045553757 [TCP segment of a reassembled PDU]"
"12685","29.905154443","192.168.1.55","192.168.1.2","TCP","1514","8004  >  49976 [ACK] Seq=372326 Ack=141 Win=65024 Len=1448 TSval=2916033985 TSecr=3045553757 [TCP segment of a reassembled PDU]"
"12686","29.905164980","192.168.1.55","192.168.1.2","TCP","1514","8004  >  49976 [ACK] Seq=373774 Ack=141 Win=65024 Len=1448 TSval=2916033985 TSecr=3045553757 [TCP segment of a reassembled PDU]"
"12687","29.905166221","192.168.1.55","192.168.1.2","TCP","1514","8004  >  49976 [ACK] Seq=375222 Ack=141 Win=65024 Len=1448 TSval=2916033985 TSecr=3045553757 [TCP segment of a reassembled PDU]"
"12688","29.905167536","192.168.1.55","192.168.1.2","TCP","1514","8004  >  49976 [ACK] Seq=376670 Ack=141 Win=65024 Len=1448 TSval=2916033985 TSecr=3045553757 [TCP segment of a reassembled PDU]"
"12689","29.905168647","192.168.1.55","192.168.1.2","TCP","1514","8004  >  49976 [PSH, ACK] Seq=378118 Ack=141 Win=65024 Len=1448 TSval=2916033985 TSecr=3045553757 [TCP segment of a reassembled PDU]"
"12690","29.905225443","192.168.1.2","192.168.1.55","TCP","66","49976  >  8004 [ACK] Seq=141 Ack=275310 Win=122880 Len=0 TSval=3045553759 TSecr=2916033977"
"12691","29.905233555","192.168.1.2","192.168.1.55","TCP","66","49976  >  8004 [ACK] Seq=141 Ack=276758 Win=124928 Len=0 TSval=3045553759 TSecr=2916033977"
"12692","29.906449668","192.168.1.55","192.168.1.2","TCP","1514","8004  >  49976 [ACK] Seq=379566 Ack=141 Win=65024 Len=1448 TSval=2916033987 TSecr=3045553759 [TCP segment of a reassembled PDU]"
"12693","29.906453945","192.168.1.55","192.168.1.2","TCP","1514","8004  >  49976 [ACK] Seq=381014 Ack=141 Win=65024 Len=1448 TSval=2916033987 TSecr=3045553759 [TCP segment of a reassembled PDU]"
"12694","29.906455001","192.168.1.55","192.168.1.2","TCP","1514","8004  >  49976 [ACK] Seq=382462 Ack=141 Win=65024 Len=1448 TSval=2916033987 TSecr=3045553759 [TCP segment of a reassembled PDU]"
"12695","29.906456205","192.168.1.55","192.168.1.2","TCP","1514","8004  >  49976 [ACK] Seq=383910 Ack=141 Win=65024 Len=1448 TSval=2916033987 TSecr=3045553759 [TCP segment of a reassembled PDU]"
"12696","29.906457186","192.168.1.55","192.168.1.2","TCP","1514","8004  >  49976 [ACK] Seq=385358 Ack=141 Win=65024 Len=1448 TSval=2916033987 TSecr=3045553759 [TCP segment of a reassembled PDU]"
"12697","29.906458631","192.168.1.55","192.168.1.2","TCP","1514","8004  >  49976 [ACK] Seq=386806 Ack=141 Win=65024 Len=1448 TSval=2916033987 TSecr=3045553759 [TCP segment of a reassembled PDU]"
"12698","29.906459668","192.168.1.55","192.168.1.2","TCP","1514","8004  >  49976 [ACK] Seq=388254 Ack=141 Win=65024 Len=1448 TSval=2916033987 TSecr=3045553759 [TCP segment of a reassembled PDU]"
"12699","29.906461001","192.168.1.55","192.168.1.2","TCP","1514","8004  >  49976 [ACK] Seq=389702 Ack=141 Win=65024 Len=1448 TSval=2916033987 TSecr=3045553759 [TCP segment of a reassembled PDU]"
"12700","29.906462279","192.168.1.55","192.168.1.2","TCP","1514","8004  >  49976 [ACK] Seq=391150 Ack=141 Win=65024 Len=1448 TSval=2916033987 TSecr=3045553759 [TCP segment of a reassembled PDU]"
"12701","29.906463242","192.168.1.55","192.168.1.2","TCP","1514","8004  >  49976 [ACK] Seq=392598 Ack=141 Win=65024 Len=1448 TSval=2916033987 TSecr=3045553759 [TCP segment of a reassembled PDU]"
"12702","29.906464427","192.168.1.55","192.168.1.2","TCP","1514","8004  >  49976 [ACK] Seq=394046 Ack=141 Win=65024 Len=1448 TSval=2916033987 TSecr=3045553759 [TCP segment of a reassembled PDU]"
"12703","29.906465427","192.168.1.55","192.168.1.2","TCP","1514","8004  >  49976 [ACK] Seq=395494 Ack=141 Win=65024 Len=1448 TSval=2916033987 TSecr=3045553759 [TCP segment of a reassembled PDU]"
"12704","29.906466538","192.168.1.55","192.168.1.2","TCP","1514","8004  >  49976 [ACK] Seq=396942 Ack=141 Win=65024 Len=1448 TSval=2916033987 TSecr=3045553759 [TCP segment of a reassembled PDU]"
"12705","29.906467594","192.168.1.55","192.168.1.2","TCP","1514","8004  >  49976 [ACK] Seq=398390 Ack=141 Win=65024 Len=1448 TSval=2916033987 TSecr=3045553759 [TCP segment of a reassembled PDU]"
"12706","29.906468668","192.168.1.55","192.168.1.2","TCP","1514","8004  >  49976 [ACK] Seq=399838 Ack=141 Win=65024 Len=1448 TSval=2916033987 TSecr=3045553759 [TCP segment of a reassembled PDU]"
"12707","29.906469982","192.168.1.55","192.168.1.2","TCP","466","[TCP Window Full] 8004  >  49976 [PSH, ACK] Seq=401286 Ack=141 Win=65024 Len=400 TSval=2916033987 TSecr=3045553759 [TCP segment of a reassembled PDU]"
"12708","29.910932582","192.168.1.2","192.168.1.55","TCP","66","49976  >  8004 [ACK] Seq=141 Ack=289790 Win=151552 Len=0 TSval=3045553762 TSecr=2916033983"
"12709","29.910980527","192.168.1.55","192.168.1.2","TCP","1514","8004  >  49976 [ACK] Seq=401686 Ack=141 Win=65024 Len=1448 TSval=2916033991 TSecr=3045553762 [TCP segment of a reassembled PDU]"
"12710","29.910984101","192.168.1.55","192.168.1.2","TCP","1514","8004  >  49976 [ACK] Seq=403134 Ack=141 Win=65024 Len=1448 TSval=2916033991 TSecr=3045553762 [TCP segment of a reassembled PDU]"
"12711","29.910985119","192.168.1.55","192.168.1.2","TCP","1514","8004  >  49976 [ACK] Seq=404582 Ack=141 Win=65024 Len=1448 TSval=2916033991 TSecr=3045553762 [TCP segment of a reassembled PDU]"
"12712","29.910986101","192.168.1.55","192.168.1.2","TCP","1514","8004  >  49976 [ACK] Seq=406030 Ack=141 Win=65024 Len=1448 TSval=2916033991 TSecr=3045553762 [TCP segment of a reassembled PDU]"
"12713","29.910987175","192.168.1.55","192.168.1.2","TCP","1514","8004  >  49976 [ACK] Seq=407478 Ack=141 Win=65024 Len=1448 TSval=2916033991 TSecr=3045553762 [TCP segment of a reassembled PDU]"
"12714","29.910988156","192.168.1.55","192.168.1.2","TCP","1514","8004  >  49976 [ACK] Seq=408926 Ack=141 Win=65024 Len=1448 TSval=2916033991 TSecr=3045553762 [TCP segment of a reassembled PDU]"
"12715","29.910989230","192.168.1.55","192.168.1.2","TCP","1514","8004  >  49976 [ACK] Seq=410374 Ack=141 Win=65024 Len=1448 TSval=2916033991 TSecr=3045553762 [TCP segment of a reassembled PDU]"
"12716","29.910990212","192.168.1.55","192.168.1.2","TCP","1514","8004  >  49976 [ACK] Seq=411822 Ack=141 Win=65024 Len=1448 TSval=2916033991 TSecr=3045553762 [TCP segment of a reassembled PDU]"
"12717","29.910991175","192.168.1.55","192.168.1.2","TCP","1514","8004  >  49976 [ACK] Seq=413270 Ack=141 Win=65024 Len=1448 TSval=2916033991 TSecr=3045553762 [TCP segment of a reassembled PDU]"
"12718","29.910992545","192.168.1.55","192.168.1.2","TCP","1514","8004  >  49976 [ACK] Seq=414718 Ack=141 Win=65024 Len=1448 TSval=2916033991 TSecr=3045553762 [TCP segment of a reassembled PDU]"
"12719","29.910993415","192.168.1.55","192.168.1.2","TCP","1514","8004  >  49976 [ACK] Seq=416166 Ack=141 Win=65024 Len=1448 TSval=2916033991 TSecr=3045553762 [TCP segment of a reassembled PDU]"
"12720","29.910994415","192.168.1.55","192.168.1.2","TCP","1514","8004  >  49976 [ACK] Seq=417614 Ack=141 Win=65024 Len=1448 TSval=2916033991 TSecr=3045553762 [TCP segment of a reassembled PDU]"
"12721","29.910995323","192.168.1.55","192.168.1.2","TCP","1514","8004  >  49976 [ACK] Seq=419062 Ack=141 Win=65024 Len=1448 TSval=2916033991 TSecr=3045553762 [TCP segment of a reassembled PDU]"
"12722","29.910996323","192.168.1.55","192.168.1.2","TCP","1514","8004  >  49976 [ACK] Seq=420510 Ack=141 Win=65024 Len=1448 TSval=2916033991 TSecr=3045553762 [TCP segment of a reassembled PDU]"
"12723","29.910997304","192.168.1.55","192.168.1.2","TCP","1514","8004  >  49976 [PSH, ACK] Seq=421958 Ack=141 Win=65024 Len=1448 TSval=2916033991 TSecr=3045553762 [TCP segment of a reassembled PDU]"
"12724","29.911003564","192.168.1.55","192.168.1.2","TCP","1114","8004  >  49976 [ACK] Seq=423406 Ack=141 Win=65024 Len=1048 TSval=2916033991 TSecr=3045553762 [TCP segment of a reassembled PDU]"
"12725","29.914077883","192.168.1.2","192.168.1.55","TCP","66","49976  >  8004 [ACK] Seq=141 Ack=312958 Win=143360 Len=0 TSval=3045553766 TSecr=2916033985"
"12726","29.914192476","192.168.1.55","192.168.1.2","TCP","1514","8004  >  49976 [ACK] Seq=424454 Ack=141 Win=65024 Len=1448 TSval=2916033994 TSecr=3045553766 [TCP segment of a reassembled PDU]"
"12727","29.914201309","192.168.1.55","192.168.1.2","TCP","1514","8004  >  49976 [ACK] Seq=425902 Ack=141 Win=65024 Len=1448 TSval=2916033994 TSecr=3045553766 [TCP segment of a reassembled PDU]"
"12728","29.914202939","192.168.1.55","192.168.1.2","TCP","1514","8004  >  49976 [ACK] Seq=427350 Ack=141 Win=65024 Len=1448 TSval=2916033994 TSecr=3045553766 [TCP segment of a reassembled PDU]"
"12729","29.914203995","192.168.1.55","192.168.1.2","TCP","1514","8004  >  49976 [ACK] Seq=428798 Ack=141 Win=65024 Len=1448 TSval=2916033994 TSecr=3045553766 [TCP segment of a reassembled PDU]"
"12730","29.914204976","192.168.1.55","192.168.1.2","TCP","1514","8004  >  49976 [ACK] Seq=430246 Ack=141 Win=65024 Len=1448 TSval=2916033994 TSecr=3045553766 [TCP segment of a reassembled PDU]"
"12731","29.914206828","192.168.1.55","192.168.1.2","TCP","1514","8004  >  49976 [ACK] Seq=431694 Ack=141 Win=65024 Len=1448 TSval=2916033994 TSecr=3045553766 [TCP segment of a reassembled PDU]"
"12732","29.914207791","192.168.1.55","192.168.1.2","TCP","1514","8004  >  49976 [ACK] Seq=433142 Ack=141 Win=65024 Len=1448 TSval=2916033994 TSecr=3045553766 [TCP segment of a reassembled PDU]"
"12733","29.914208754","192.168.1.55","192.168.1.2","TCP","1514","8004  >  49976 [ACK] Seq=434590 Ack=141 Win=65024 Len=1448 TSval=2916033994 TSecr=3045553766 [TCP segment of a reassembled PDU]"
"12734","29.914210198","192.168.1.55","192.168.1.2","TCP","1514","8004  >  49976 [ACK] Seq=436038 Ack=141 Win=65024 Len=1448 TSval=2916033994 TSecr=3045553766 [TCP segment of a reassembled PDU]"
"12735","29.914211569","192.168.1.55","192.168.1.2","TCP","1514","8004  >  49976 [ACK] Seq=437486 Ack=141 Win=65024 Len=1448 TSval=2916033994 TSecr=3045553766 [TCP segment of a reassembled PDU]"
"12736","29.914212643","192.168.1.55","192.168.1.2","TCP","1514","8004  >  49976 [ACK] Seq=438934 Ack=141 Win=65024 Len=1448 TSval=2916033994 TSecr=3045553766 [TCP segment of a reassembled PDU]"
"12737","29.914213735","192.168.1.55","192.168.1.2","TCP","1514","8004  >  49976 [ACK] Seq=440382 Ack=141 Win=65024 Len=1448 TSval=2916033994 TSecr=3045553766 [TCP segment of a reassembled PDU]"
"12738","29.914214735","192.168.1.55","192.168.1.2","TCP","1514","8004  >  49976 [ACK] Seq=441830 Ack=141 Win=65024 Len=1448 TSval=2916033994 TSecr=3045553766 [TCP segment of a reassembled PDU]"
"12739","29.914215791","192.168.1.55","192.168.1.2","TCP","1514","8004  >  49976 [ACK] Seq=443278 Ack=141 Win=65024 Len=1448 TSval=2916033994 TSecr=3045553766 [TCP segment of a reassembled PDU]"
"12740","29.914217309","192.168.1.55","192.168.1.2","TCP","1514","8004  >  49976 [ACK] Seq=444726 Ack=141 Win=65024 Len=1448 TSval=2916033994 TSecr=3045553766 [TCP segment of a reassembled PDU]"
"12741","29.914218624","192.168.1.55","192.168.1.2","TCP","1514","8004  >  49976 [ACK] Seq=446174 Ack=141 Win=65024 Len=1448 TSval=2916033994 TSecr=3045553766 [TCP segment of a reassembled PDU]"
"12742","29.914220161","192.168.1.55","192.168.1.2","TCP","1514","8004  >  49976 [ACK] Seq=447622 Ack=141 Win=65024 Len=1448 TSval=2916033994 TSecr=3045553766 [TCP segment of a reassembled PDU]"
"12743","29.914221161","192.168.1.55","192.168.1.2","TCP","1514","8004  >  49976 [ACK] Seq=449070 Ack=141 Win=65024 Len=1448 TSval=2916033994 TSecr=3045553766 [TCP segment of a reassembled PDU]"
"12744","29.914222865","192.168.1.55","192.168.1.2","TCP","1514","8004  >  49976 [ACK] Seq=450518 Ack=141 Win=65024 Len=1448 TSval=2916033994 TSecr=3045553766 [TCP segment of a reassembled PDU]"
"12745","29.914223976","192.168.1.55","192.168.1.2","TCP","1514","8004  >  49976 [ACK] Seq=451966 Ack=141 Win=65024 Len=1448 TSval=2916033994 TSecr=3045553766 [TCP segment of a reassembled PDU]"
"12746","29.914225161","192.168.1.55","192.168.1.2","TCP","1514","8004  >  49976 [ACK] Seq=453414 Ack=141 Win=65024 Len=1448 TSval=2916033994 TSecr=3045553766 [TCP segment of a reassembled PDU]"
"12747","29.914226235","192.168.1.55","192.168.1.2","TCP","1514","8004  >  49976 [PSH, ACK] Seq=454862 Ack=141 Win=65024 Len=1448 TSval=2916033994 TSecr=3045553766 [TCP segment of a reassembled PDU]"
"12748","29.914306958","192.168.1.2","192.168.1.55","TCP","66","49976  >  8004 [ACK] Seq=141 Ack=334678 Win=121856 Len=0 TSval=3045553766 TSecr=2916033985"
"12749","29.914322680","192.168.1.2","192.168.1.55","TCP","66","49976  >  8004 [ACK] Seq=141 Ack=362190 Win=95232 Len=0 TSval=3045553766 TSecr=2916033985"
"12750","29.915213144","192.168.1.2","192.168.1.55","TCP","66","49976  >  8004 [ACK] Seq=141 Ack=379566 Win=148480 Len=0 TSval=3045553768 TSecr=2916033985"
"12751","29.915260200","192.168.1.55","192.168.1.2","TCP","1514","8004  >  49976 [ACK] Seq=456310 Ack=141 Win=65024 Len=1448 TSval=2916033995 TSecr=3045553768 [TCP segment of a reassembled PDU]"
"12752","29.915264163","192.168.1.55","192.168.1.2","TCP","1514","8004  >  49976 [ACK] Seq=457758 Ack=141 Win=65024 Len=1448 TSval=2916033995 TSecr=3045553768 [TCP segment of a reassembled PDU]"
"12753","29.915265459","192.168.1.55","192.168.1.2","TCP","1514","8004  >  49976 [ACK] Seq=459206 Ack=141 Win=65024 Len=1448 TSval=2916033995 TSecr=3045553768 [TCP segment of a reassembled PDU]"
"12754","29.915267033","192.168.1.55","192.168.1.2","TCP","1514","8004  >  49976 [ACK] Seq=460654 Ack=141 Win=65024 Len=1448 TSval=2916033995 TSecr=3045553768 [TCP segment of a reassembled PDU]"
"12755","29.915268089","192.168.1.55","192.168.1.2","TCP","1514","8004  >  49976 [ACK] Seq=462102 Ack=141 Win=65024 Len=1448 TSval=2916033995 TSecr=3045553768 [TCP segment of a reassembled PDU]"
"12756","29.915269515","192.168.1.55","192.168.1.2","TCP","1514","8004  >  49976 [ACK] Seq=463550 Ack=141 Win=65024 Len=1448 TSval=2916033995 TSecr=3045553768 [TCP segment of a reassembled PDU]"
"12757","29.915270867","192.168.1.55","192.168.1.2","TCP","1514","8004  >  49976 [ACK] Seq=464998 Ack=141 Win=65024 Len=1448 TSval=2916033995 TSecr=3045553768 [TCP segment of a reassembled PDU]"
"12758","29.915271830","192.168.1.55","192.168.1.2","TCP","1514","8004  >  49976 [ACK] Seq=466446 Ack=141 Win=65024 Len=1448 TSval=2916033995 TSecr=3045553768 [TCP segment of a reassembled PDU]"
"12759","29.915273089","192.168.1.55","192.168.1.2","TCP","1514","8004  >  49976 [PSH, ACK] Seq=467894 Ack=141 Win=65024 Len=1448 TSval=2916033995 TSecr=3045553768 [TCP segment of a reassembled PDU]"
"12760","29.915307478","192.168.1.55","192.168.1.2","TCP","1514","8004  >  49976 [ACK] Seq=469342 Ack=141 Win=65024 Len=1448 TSval=2916033995 TSecr=3045553768 [TCP segment of a reassembled PDU]"
"12761","29.915309848","192.168.1.55","192.168.1.2","TCP","1514","8004  >  49976 [ACK] Seq=470790 Ack=141 Win=65024 Len=1448 TSval=2916033995 TSecr=3045553768 [TCP segment of a reassembled PDU]"
"12762","29.915311219","192.168.1.55","192.168.1.2","TCP","1514","8004  >  49976 [ACK] Seq=472238 Ack=141 Win=65024 Len=1448 TSval=2916033995 TSecr=3045553768 [TCP segment of a reassembled PDU]"
"12763","29.915312311","192.168.1.55","192.168.1.2","TCP","1514","8004  >  49976 [ACK] Seq=473686 Ack=141 Win=65024 Len=1448 TSval=2916033995 TSecr=3045553768 [TCP segment of a reassembled PDU]"
"12764","29.915313663","192.168.1.55","192.168.1.2","TCP","1514","8004  >  49976 [ACK] Seq=475134 Ack=141 Win=65024 Len=1448 TSval=2916033995 TSecr=3045553768 [TCP segment of a reassembled PDU]"
"12765","29.915314941","192.168.1.55","192.168.1.2","TCP","1514","8004  >  49976 [ACK] Seq=476582 Ack=141 Win=65024 Len=1448 TSval=2916033995 TSecr=3045553768 [TCP segment of a reassembled PDU]"
"12766","29.915316089","192.168.1.55","192.168.1.2","TCP","1514","8004  >  49976 [ACK] Seq=478030 Ack=141 Win=65024 Len=1448 TSval=2916033995 TSecr=3045553768 [TCP segment of a reassembled PDU]"
"12767","29.915317719","192.168.1.55","192.168.1.2","TCP","1514","8004  >  49976 [ACK] Seq=479478 Ack=141 Win=65024 Len=1448 TSval=2916033995 TSecr=3045553768 [TCP segment of a reassembled PDU]"
"12768","29.915319015","192.168.1.55","192.168.1.2","TCP","1514","8004  >  49976 [ACK] Seq=480926 Ack=141 Win=65024 Len=1448 TSval=2916033995 TSecr=3045553768 [TCP segment of a reassembled PDU]"
"12769","29.915320330","192.168.1.55","192.168.1.2","TCP","1514","8004  >  49976 [ACK] Seq=482374 Ack=141 Win=65024 Len=1448 TSval=2916033995 TSecr=3045553768 [TCP segment of a reassembled PDU]"
"12770","29.915321219","192.168.1.55","192.168.1.2","TCP","1514","8004  >  49976 [ACK] Seq=483822 Ack=141 Win=65024 Len=1448 TSval=2916033995 TSecr=3045553768 [TCP segment of a reassembled PDU]"
"12771","29.915322163","192.168.1.55","192.168.1.2","TCP","1514","8004  >  49976 [ACK] Seq=485270 Ack=141 Win=65024 Len=1448 TSval=2916033995 TSecr=3045553768 [TCP segment of a reassembled PDU]"
"12772","29.915323885","192.168.1.55","192.168.1.2","TCP","1514","8004  >  49976 [ACK] Seq=486718 Ack=141 Win=65024 Len=1448 TSval=2916033995 TSecr=3045553768 [TCP segment of a reassembled PDU]"
"12773","29.915325107","192.168.1.55","192.168.1.2","TCP","1514","8004  >  49976 [ACK] Seq=488166 Ack=141 Win=65024 Len=1448 TSval=2916033995 TSecr=3045553768 [TCP segment of a reassembled PDU]"
"12774","29.915326163","192.168.1.55","192.168.1.2","TCP","1514","8004  >  49976 [ACK] Seq=489614 Ack=141 Win=65024 Len=1448 TSval=2916033995 TSecr=3045553768 [TCP segment of a reassembled PDU]"
"12775","29.915327533","192.168.1.55","192.168.1.2","TCP","1514","8004  >  49976 [ACK] Seq=491062 Ack=141 Win=65024 Len=1448 TSval=2916033995 TSecr=3045553768 [TCP segment of a reassembled PDU]"
"12776","29.915328552","192.168.1.55","192.168.1.2","TCP","1514","8004  >  49976 [ACK] Seq=492510 Ack=141 Win=65024 Len=1448 TSval=2916033995 TSecr=3045553768 [TCP segment of a reassembled PDU]"
"12777","29.915329533","192.168.1.55","192.168.1.2","TCP","1514","8004  >  49976 [ACK] Seq=493958 Ack=141 Win=65024 Len=1448 TSval=2916033995 TSecr=3045553768 [TCP segment of a reassembled PDU]"
"12778","29.915330533","192.168.1.55","192.168.1.2","TCP","1514","8004  >  49976 [ACK] Seq=495406 Ack=141 Win=65024 Len=1448 TSval=2916033995 TSecr=3045553768 [TCP segment of a reassembled PDU]"
"12779","29.915331515","192.168.1.55","192.168.1.2","TCP","1514","8004  >  49976 [PSH, ACK] Seq=496854 Ack=141 Win=65024 Len=1448 TSval=2916033995 TSecr=3045553768 [TCP segment of a reassembled PDU]"
"12780","29.915340256","192.168.1.55","192.168.1.2","HTTP","1472","HTTP/1.0 200 OK  (PNG)"
"12781","29.915406589","192.168.1.2","192.168.1.55","TCP","66","49976  >  8004 [ACK] Seq=141 Ack=394046 Win=134144 Len=0 TSval=3045553768 TSecr=2916033987"
"12782","29.915421071","192.168.1.2","192.168.1.55","TCP","66","49976  >  8004 [ACK] Seq=141 Ack=401686 Win=157696 Len=0 TSval=3045553770 TSecr=2916033987"
"12783","29.915426348","192.168.1.2","192.168.1.55","TCP","66","49976  >  8004 [ACK] Seq=141 Ack=424454 Win=145408 Len=0 TSval=3045553770 TSecr=2916033991"
"12784","29.920363319","192.168.1.2","192.168.1.55","TCP","66","49976  >  8004 [ACK] Seq=141 Ack=456310 Win=157696 Len=0 TSval=3045553775 TSecr=2916033994"
"12785","29.920455838","192.168.1.2","192.168.1.55","TCP","66","49976  >  8004 [ACK] Seq=141 Ack=498302 Win=129024 Len=0 TSval=3045553775 TSecr=2916033995"
"12786","29.921911859","192.168.1.2","192.168.1.55","TCP","66","49976  >  8004 [FIN, ACK] Seq=141 Ack=499709 Win=160768 Len=0 TSval=3045553776 TSecr=2916033995"
"12787","29.921989525","192.168.1.55","192.168.1.2","TCP","66","8004  >  49976 [ACK] Seq=499709 Ack=142 Win=65024 Len=0 TSval=2916034002 TSecr=3045553776"
"12788","29.922039414","192.168.1.2","192.168.1.55","TCP","74","49992  >  8004 [SYN] Seq=0 Win=64240 Len=0 MSS=1460 SACK_PERM TSval=3045553777 TSecr=0 WS=1024"
"12789","29.922082081","192.168.1.55","192.168.1.2","TCP","74","8004  >  49992 [SYN, ACK] Seq=0 Ack=1 Win=65160 Len=0 MSS=1460 SACK_PERM TSval=2916034002 TSecr=3045553777 WS=128"
"12790","29.925400179","192.168.1.2","192.168.1.55","TCP","66","49992  >  8004 [ACK] Seq=1 Ack=1 Win=64512 Len=0 TSval=3045553780 TSecr=2916034002"
"12791","29.928608628","192.168.1.2","192.168.1.55","HTTP","209","GET /original_benchmark.png HTTP/1.1 "
"12792","29.928620184","192.168.1.55","192.168.1.2","TCP","66","8004  >  49992 [ACK] Seq=1 Ack=144 Win=65024 Len=0 TSval=2916034009 TSecr=3045553780"
"12793","29.929069259","192.168.1.55","192.168.1.2","TCP","255","8004  >  49992 [PSH, ACK] Seq=1 Ack=144 Win=65024 Len=189 TSval=2916034009 TSecr=3045553780 [TCP segment of a reassembled PDU]"
"12794","29.929152703","192.168.1.55","192.168.1.2","TCP","1514","8004  >  49992 [ACK] Seq=190 Ack=144 Win=65024 Len=1448 TSval=2916034009 TSecr=3045553780 [TCP segment of a reassembled PDU]"
"12795","29.929157629","192.168.1.55","192.168.1.2","TCP","1514","8004  >  49992 [ACK] Seq=1638 Ack=144 Win=65024 Len=1448 TSval=2916034009 TSecr=3045553780 [TCP segment of a reassembled PDU]"
"12796","29.929159314","192.168.1.55","192.168.1.2","TCP","1514","8004  >  49992 [ACK] Seq=3086 Ack=144 Win=65024 Len=1448 TSval=2916034009 TSecr=3045553780 [TCP segment of a reassembled PDU]"
"12797","29.929160518","192.168.1.55","192.168.1.2","TCP","1514","8004  >  49992 [ACK] Seq=4534 Ack=144 Win=65024 Len=1448 TSval=2916034009 TSecr=3045553780 [TCP segment of a reassembled PDU]"
"12798","29.929162185","192.168.1.55","192.168.1.2","TCP","1514","8004  >  49992 [PSH, ACK] Seq=5982 Ack=144 Win=65024 Len=1448 TSval=2916034009 TSecr=3045553780 [TCP segment of a reassembled PDU]"
"12799","29.929179111","192.168.1.55","192.168.1.2","TCP","1514","8004  >  49992 [ACK] Seq=7430 Ack=144 Win=65024 Len=1448 TSval=2916034009 TSecr=3045553780 [TCP segment of a reassembled PDU]"
"12800","29.929181018","192.168.1.55","192.168.1.2","TCP","1514","8004  >  49992 [ACK] Seq=8878 Ack=144 Win=65024 Len=1448 TSval=2916034009 TSecr=3045553780 [TCP segment of a reassembled PDU]"
"12801","29.929182203","192.168.1.55","192.168.1.2","TCP","1514","8004  >  49992 [ACK] Seq=10326 Ack=144 Win=65024 Len=1448 TSval=2916034009 TSecr=3045553780 [TCP segment of a reassembled PDU]"
"12802","29.929183500","192.168.1.55","192.168.1.2","TCP","1514","8004  >  49992 [PSH, ACK] Seq=11774 Ack=144 Win=65024 Len=1448 TSval=2916034009 TSecr=3045553780 [TCP segment of a reassembled PDU]"
"12803","29.934401174","192.168.1.2","192.168.1.55","TCP","66","49992  >  8004 [ACK] Seq=144 Ack=190 Win=64512 Len=0 TSval=3045553787 TSecr=2916034009"
"12804","29.934452063","192.168.1.55","192.168.1.2","TCP","1514","8004  >  49992 [ACK] Seq=13222 Ack=144 Win=65024 Len=1448 TSval=2916034015 TSecr=3045553787 [TCP segment of a reassembled PDU]"
"12805","29.934457008","192.168.1.55","192.168.1.2","TCP","1514","8004  >  49992 [PSH, ACK] Seq=14670 Ack=144 Win=65024 Len=1448 TSval=2916034015 TSecr=3045553787 [TCP segment of a reassembled PDU]"
"12806","29.934544119","192.168.1.2","192.168.1.55","TCP","66","49992  >  8004 [ACK] Seq=144 Ack=3086 Win=70656 Len=0 TSval=3045553787 TSecr=2916034009"
"12807","29.934557008","192.168.1.2","192.168.1.55","TCP","66","49992  >  8004 [ACK] Seq=144 Ack=5982 Win=76800 Len=0 TSval=3045553787 TSecr=2916034009"
"12808","29.934583415","192.168.1.55","192.168.1.2","TCP","1514","8004  >  49992 [ACK] Seq=16118 Ack=144 Win=65024 Len=1448 TSval=2916034015 TSecr=3045553787 [TCP segment of a reassembled PDU]"
"12809","29.934587193","192.168.1.55","192.168.1.2","TCP","1514","8004  >  49992 [ACK] Seq=17566 Ack=144 Win=65024 Len=1448 TSval=2916034015 TSecr=3045553787 [TCP segment of a reassembled PDU]"
"12810","29.934588952","192.168.1.55","192.168.1.2","TCP","1514","8004  >  49992 [ACK] Seq=19014 Ack=144 Win=65024 Len=1448 TSval=2916034015 TSecr=3045553787 [TCP segment of a reassembled PDU]"
"12811","29.934590415","192.168.1.55","192.168.1.2","TCP","1514","8004  >  49992 [ACK] Seq=20462 Ack=144 Win=65024 Len=1448 TSval=2916034015 TSecr=3045553787 [TCP segment of a reassembled PDU]"
"12812","29.934591878","192.168.1.55","192.168.1.2","TCP","1514","8004  >  49992 [ACK] Seq=21910 Ack=144 Win=65024 Len=1448 TSval=2916034015 TSecr=3045553787 [TCP segment of a reassembled PDU]"
"12813","29.934593323","192.168.1.55","192.168.1.2","TCP","1514","8004  >  49992 [ACK] Seq=23358 Ack=144 Win=65024 Len=1448 TSval=2916034015 TSecr=3045553787 [TCP segment of a reassembled PDU]"
"12814","29.934594767","192.168.1.55","192.168.1.2","TCP","1514","8004  >  49992 [PSH, ACK] Seq=24806 Ack=144 Win=65024 Len=1448 TSval=2916034015 TSecr=3045553787 [TCP segment of a reassembled PDU]"
"12815","29.934600730","192.168.1.2","192.168.1.55","TCP","66","49992  >  8004 [ACK] Seq=144 Ack=7430 Win=79872 Len=0 TSval=3045553788 TSecr=2916034009"
"12816","29.934608841","192.168.1.2","192.168.1.55","TCP","66","49992  >  8004 [ACK] Seq=144 Ack=13222 Win=79872 Len=0 TSval=3045553788 TSecr=2916034009"
"12817","29.934635971","192.168.1.55","192.168.1.2","TCP","1514","8004  >  49992 [ACK] Seq=26254 Ack=144 Win=65024 Len=1448 TSval=2916034015 TSecr=3045553788 [TCP segment of a reassembled PDU]"
"12818","29.934638656","192.168.1.55","192.168.1.2","TCP","1514","8004  >  49992 [ACK] Seq=27702 Ack=144 Win=65024 Len=1448 TSval=2916034015 TSecr=3045553788 [TCP segment of a reassembled PDU]"
"12819","29.934639934","192.168.1.55","192.168.1.2","TCP","1514","8004  >  49992 [ACK] Seq=29150 Ack=144 Win=65024 Len=1448 TSval=2916034015 TSecr=3045553788 [TCP segment of a reassembled PDU]"
"12820","29.934641434","192.168.1.55","192.168.1.2","TCP","1514","8004  >  49992 [ACK] Seq=30598 Ack=144 Win=65024 Len=1448 TSval=2916034015 TSecr=3045553788 [TCP segment of a reassembled PDU]"
"12821","29.934642749","192.168.1.55","192.168.1.2","TCP","1514","8004  >  49992 [ACK] Seq=32046 Ack=144 Win=65024 Len=1448 TSval=2916034015 TSecr=3045553788 [TCP segment of a reassembled PDU]"
"12822","29.934644101","192.168.1.55","192.168.1.2","TCP","1514","8004  >  49992 [ACK] Seq=33494 Ack=144 Win=65024 Len=1448 TSval=2916034015 TSecr=3045553788 [TCP segment of a reassembled PDU]"
"12823","29.934645545","192.168.1.55","192.168.1.2","TCP","1514","8004  >  49992 [ACK] Seq=34942 Ack=144 Win=65024 Len=1448 TSval=2916034015 TSecr=3045553788 [TCP segment of a reassembled PDU]"
"12824","29.934647193","192.168.1.55","192.168.1.2","TCP","1514","8004  >  49992 [ACK] Seq=36390 Ack=144 Win=65024 Len=1448 TSval=2916034015 TSecr=3045553788 [TCP segment of a reassembled PDU]"
"12825","29.934648582","192.168.1.55","192.168.1.2","TCP","1514","8004  >  49992 [ACK] Seq=37838 Ack=144 Win=65024 Len=1448 TSval=2916034015 TSecr=3045553788 [TCP segment of a reassembled PDU]"
"12826","29.934650008","192.168.1.55","192.168.1.2","TCP","1514","8004  >  49992 [PSH, ACK] Seq=39286 Ack=144 Win=65024 Len=1448 TSval=2916034015 TSecr=3045553788 [TCP segment of a reassembled PDU]"
"12827","29.935430824","192.168.1.55","192.168.1.2","TCP","1514","8004  >  49992 [ACK] Seq=40734 Ack=144 Win=65024 Len=1448 TSval=2916034016 TSecr=3045553788 [TCP segment of a reassembled PDU]"
"12828","29.939037126","192.168.1.2","192.168.1.55","TCP","66","49992  >  8004 [ACK] Seq=144 Ack=16118 Win=84992 Len=0 TSval=3045553793 TSecr=2916034015"
"12829","29.939059608","192.168.1.55","192.168.1.2","TCP","1514","8004  >  49992 [ACK] Seq=42182 Ack=144 Win=65024 Len=1448 TSval=2916034019 TSecr=3045553793 [TCP segment of a reassembled PDU]"
"12830","29.939062145","192.168.1.55","192.168.1.2","TCP","1514","8004  >  49992 [PSH, ACK] Seq=43630 Ack=144 Win=65024 Len=1448 TSval=2916034019 TSecr=3045553793 [TCP segment of a reassembled PDU]"
"12831","29.939284349","192.168.1.2","192.168.1.55","TCP","66","49992  >  8004 [ACK] Seq=144 Ack=26254 Win=83968 Len=0 TSval=3045553793 TSecr=2916034015"
"12832","29.939312830","192.168.1.55","192.168.1.2","TCP","1514","8004  >  49992 [ACK] Seq=45078 Ack=144 Win=65024 Len=1448 TSval=2916034020 TSecr=3045553793 [TCP segment of a reassembled PDU]"
"12833","29.939316515","192.168.1.55","192.168.1.2","TCP","1514","8004  >  49992 [ACK] Seq=46526 Ack=144 Win=65024 Len=1448 TSval=2916034020 TSecr=3045553793 [TCP segment of a reassembled PDU]"
"12834","29.939317849","192.168.1.55","192.168.1.2","TCP","1514","8004  >  49992 [ACK] Seq=47974 Ack=144 Win=65024 Len=1448 TSval=2916034020 TSecr=3045553793 [TCP segment of a reassembled PDU]"
"12835","29.939319034","192.168.1.55","192.168.1.2","TCP","1514","8004  >  49992 [ACK] Seq=49422 Ack=144 Win=65024 Len=1448 TSval=2916034020 TSecr=3045553793 [TCP segment of a reassembled PDU]"
"12836","29.939320312","192.168.1.55","192.168.1.2","TCP","1514","8004  >  49992 [ACK] Seq=50870 Ack=144 Win=65024 Len=1448 TSval=2916034020 TSecr=3045553793 [TCP segment of a reassembled PDU]"
"12837","29.939321497","192.168.1.55","192.168.1.2","TCP","1514","8004  >  49992 [ACK] Seq=52318 Ack=144 Win=65024 Len=1448 TSval=2916034020 TSecr=3045553793 [TCP segment of a reassembled PDU]"
"12838","29.939322904","192.168.1.55","192.168.1.2","TCP","1514","8004  >  49992 [ACK] Seq=53766 Ack=144 Win=65024 Len=1448 TSval=2916034020 TSecr=3045553793 [TCP segment of a reassembled PDU]"
"12839","29.939324886","192.168.1.55","192.168.1.2","TCP","1514","8004  >  49992 [ACK] Seq=55214 Ack=144 Win=65024 Len=1448 TSval=2916034020 TSecr=3045553793 [TCP segment of a reassembled PDU]"
"12840","29.939326201","192.168.1.55","192.168.1.2","TCP","1514","8004  >  49992 [ACK] Seq=56662 Ack=144 Win=65024 Len=1448 TSval=2916034020 TSecr=3045553793 [TCP segment of a reassembled PDU]"
"12841","29.939327867","192.168.1.55","192.168.1.2","TCP","1514","8004  >  49992 [ACK] Seq=58110 Ack=144 Win=65024 Len=1448 TSval=2916034020 TSecr=3045553793 [TCP segment of a reassembled PDU]"
"12842","29.939329145","192.168.1.55","192.168.1.2","TCP","1514","8004  >  49992 [ACK] Seq=59558 Ack=144 Win=65024 Len=1448 TSval=2916034020 TSecr=3045553793 [TCP segment of a reassembled PDU]"
"12843","29.939330386","192.168.1.55","192.168.1.2","TCP","1514","8004  >  49992 [ACK] Seq=61006 Ack=144 Win=65024 Len=1448 TSval=2916034020 TSecr=3045553793 [TCP segment of a reassembled PDU]"
"12844","29.939331664","192.168.1.55","192.168.1.2","TCP","1514","8004  >  49992 [ACK] Seq=62454 Ack=144 Win=65024 Len=1448 TSval=2916034020 TSecr=3045553793 [TCP segment of a reassembled PDU]"
"12845","29.939332867","192.168.1.55","192.168.1.2","TCP","1514","8004  >  49992 [PSH, ACK] Seq=63902 Ack=144 Win=65024 Len=1448 TSval=2916034020 TSecr=3045553793 [TCP segment of a reassembled PDU]"
"12846","29.939341312","192.168.1.2","192.168.1.55","TCP","66","49992  >  8004 [ACK] Seq=144 Ack=36390 Win=74752 Len=0 TSval=3045553793 TSecr=2916034015"
"12847","29.939364164","192.168.1.55","192.168.1.2","TCP","1514","8004  >  49992 [ACK] Seq=65350 Ack=144 Win=65024 Len=1448 TSval=2916034020 TSecr=3045553793 [TCP segment of a reassembled PDU]"
"12848","29.939365627","192.168.1.55","192.168.1.2","TCP","1514","8004  >  49992 [ACK] Seq=66798 Ack=144 Win=65024 Len=1448 TSval=2916034020 TSecr=3045553793 [TCP segment of a reassembled PDU]"
"12849","29.939366812","192.168.1.55","192.168.1.2","TCP","1514","8004  >  49992 [ACK] Seq=68246 Ack=144 Win=65024 Len=1448 TSval=2916034020 TSecr=3045553793 [TCP segment of a reassembled PDU]"
"12850","29.939368219","192.168.1.55","192.168.1.2","TCP","1514","8004  >  49992 [ACK] Seq=69694 Ack=144 Win=65024 Len=1448 TSval=2916034020 TSecr=3045553793 [TCP segment of a reassembled PDU]"
"12851","29.939370775","192.168.1.55","192.168.1.2","TCP","1514","8004  >  49992 [ACK] Seq=71142 Ack=144 Win=65024 Len=1448 TSval=2916034020 TSecr=3045553793 [TCP segment of a reassembled PDU]"
"12852","29.939372608","192.168.1.55","192.168.1.2","TCP","1514","8004  >  49992 [ACK] Seq=72590 Ack=144 Win=65024 Len=1448 TSval=2916034020 TSecr=3045553793 [TCP segment of a reassembled PDU]"
"12853","29.939373738","192.168.1.55","192.168.1.2","TCP","1514","8004  >  49992 [ACK] Seq=74038 Ack=144 Win=65024 Len=1448 TSval=2916034020 TSecr=3045553793 [TCP segment of a reassembled PDU]"
"12854","29.939374904","192.168.1.55","192.168.1.2","TCP","1514","8004  >  49992 [PSH, ACK] Seq=75486 Ack=144 Win=65024 Len=1448 TSval=2916034020 TSecr=3045553793 [TCP segment of a reassembled PDU]"
"12855","29.939379979","192.168.1.2","192.168.1.55","TCP","66","49992  >  8004 [ACK] Seq=144 Ack=39286 Win=90112 Len=0 TSval=3045553794 TSecr=2916034015"
"12856","29.939438275","192.168.1.2","192.168.1.55","TCP","66","49992  >  8004 [ACK] Seq=144 Ack=40734 Win=91136 Len=0 TSval=3045553794 TSecr=2916034015"
"12857","29.939484312","192.168.1.55","192.168.1.2","TCP","1514","8004  >  49992 [ACK] Seq=76934 Ack=144 Win=65024 Len=1448 TSval=2916034020 TSecr=3045553794 [TCP segment of a reassembled PDU]"
"12858","29.939487868","192.168.1.55","192.168.1.2","TCP","1514","8004  >  49992 [ACK] Seq=78382 Ack=144 Win=65024 Len=1448 TSval=2916034020 TSecr=3045553794 [TCP segment of a reassembled PDU]"
"12859","29.939489108","192.168.1.55","192.168.1.2","TCP","1514","8004  >  49992 [ACK] Seq=79830 Ack=144 Win=65024 Len=1448 TSval=2916034020 TSecr=3045553794 [TCP segment of a reassembled PDU]"
"12860","29.939490405","192.168.1.55","192.168.1.2","TCP","1514","8004  >  49992 [ACK] Seq=81278 Ack=144 Win=65024 Len=1448 TSval=2916034020 TSecr=3045553794 [TCP segment of a reassembled PDU]"
"12861","29.939491553","192.168.1.55","192.168.1.2","TCP","1514","8004  >  49992 [ACK] Seq=82726 Ack=144 Win=65024 Len=1448 TSval=2916034020 TSecr=3045553794 [TCP segment of a reassembled PDU]"
"12862","29.939492905","192.168.1.55","192.168.1.2","TCP","1514","8004  >  49992 [ACK] Seq=84174 Ack=144 Win=65024 Len=1448 TSval=2916034020 TSecr=3045553794 [TCP segment of a reassembled PDU]"
"12863","29.939494775","192.168.1.55","192.168.1.2","TCP","1514","8004  >  49992 [ACK] Seq=85622 Ack=144 Win=65024 Len=1448 TSval=2916034020 TSecr=3045553794 [TCP segment of a reassembled PDU]"
"12864","29.939496905","192.168.1.55","192.168.1.2","TCP","1514","8004  >  49992 [ACK] Seq=87070 Ack=144 Win=65024 Len=1448 TSval=2916034020 TSecr=3045553794 [TCP segment of a reassembled PDU]"
"12865","29.939498571","192.168.1.55","192.168.1.2","TCP","1514","8004  >  49992 [ACK] Seq=88518 Ack=144 Win=65024 Len=1448 TSval=2916034020 TSecr=3045553794 [TCP segment of a reassembled PDU]"
"12866","29.939499701","192.168.1.55","192.168.1.2","TCP","1514","8004  >  49992 [ACK] Seq=89966 Ack=144 Win=65024 Len=1448 TSval=2916034020 TSecr=3045553794 [TCP segment of a reassembled PDU]"
"12867","29.939500923","192.168.1.55","192.168.1.2","TCP","1514","8004  >  49992 [ACK] Seq=91414 Ack=144 Win=65024 Len=1448 TSval=2916034020 TSecr=3045553794 [TCP segment of a reassembled PDU]"
"12868","29.939502090","192.168.1.55","192.168.1.2","TCP","1514","8004  >  49992 [ACK] Seq=92862 Ack=144 Win=65024 Len=1448 TSval=2916034020 TSecr=3045553794 [TCP segment of a reassembled PDU]"
"12869","29.939503368","192.168.1.55","192.168.1.2","TCP","1514","8004  >  49992 [ACK] Seq=94310 Ack=144 Win=65024 Len=1448 TSval=2916034020 TSecr=3045553794 [TCP segment of a reassembled PDU]"
"12870","29.939504738","192.168.1.55","192.168.1.2","TCP","1514","8004  >  49992 [PSH, ACK] Seq=95758 Ack=144 Win=65024 Len=1448 TSval=2916034020 TSecr=3045553794 [TCP segment of a reassembled PDU]"
"12871","29.939511553","192.168.1.2","192.168.1.55","TCP","66","49992  >  8004 [ACK] Seq=144 Ack=42182 Win=90112 Len=0 TSval=3045553794 TSecr=2916034016"
"12872","29.940722462","192.168.1.55","192.168.1.2","TCP","1514","8004  >  49992 [ACK] Seq=97206 Ack=144 Win=65024 Len=1448 TSval=2916034021 TSecr=3045553794 [TCP segment of a reassembled PDU]"
"12873","29.940725555","192.168.1.55","192.168.1.2","TCP","1514","8004  >  49992 [PSH, ACK] Seq=98654 Ack=144 Win=65024 Len=1448 TSval=2916034021 TSecr=3045553794 [TCP segment of a reassembled PDU]"
"12874","29.943932615","192.168.1.2","192.168.1.55","TCP","66","49992  >  8004 [ACK] Seq=144 Ack=43630 Win=90112 Len=0 TSval=3045553796 TSecr=2916034019"
"12875","29.943949467","192.168.1.55","192.168.1.2","TCP","1514","8004  >  49992 [ACK] Seq=100102 Ack=144 Win=65024 Len=1448 TSval=2916034024 TSecr=3045553796 [TCP segment of a reassembled PDU]"
"12876","29.943952819","192.168.1.55","192.168.1.2","TCP","1514","8004  >  49992 [PSH, ACK] Seq=101550 Ack=144 Win=65024 Len=1448 TSval=2916034024 TSecr=3045553796 [TCP segment of a reassembled PDU]"
"12877","29.944126282","192.168.1.2","192.168.1.55","TCP","66","49992  >  8004 [ACK] Seq=144 Ack=45078 Win=90112 Len=0 TSval=3045553796 TSecr=2916034019"
"12878","29.945656803","192.168.1.2","192.168.1.55","TCP","66","49992  >  8004 [ACK] Seq=144 Ack=65350 Win=71680 Len=0 TSval=3045553800 TSecr=2916034020"
"12879","29.945693081","192.168.1.55","192.168.1.2","TCP","1514","8004  >  49992 [ACK] Seq=102998 Ack=144 Win=65024 Len=1448 TSval=2916034026 TSecr=3045553800 [TCP segment of a reassembled PDU]"
"12880","29.945696951","192.168.1.55","192.168.1.2","TCP","1514","8004  >  49992 [ACK] Seq=104446 Ack=144 Win=65024 Len=1448 TSval=2916034026 TSecr=3045553800 [TCP segment of a reassembled PDU]"
"12881","29.945702674","192.168.1.55","192.168.1.2","TCP","1514","8004  >  49992 [ACK] Seq=105894 Ack=144 Win=65024 Len=1448 TSval=2916034026 TSecr=3045553800 [TCP segment of a reassembled PDU]"
"12882","29.945704137","192.168.1.55","192.168.1.2","TCP","1514","8004  >  49992 [ACK] Seq=107342 Ack=144 Win=65024 Len=1448 TSval=2916034026 TSecr=3045553800 [TCP segment of a reassembled PDU]"
"12883","29.945705377","192.168.1.55","192.168.1.2","TCP","1514","8004  >  49992 [ACK] Seq=108790 Ack=144 Win=65024 Len=1448 TSval=2916034026 TSecr=3045553800 [TCP segment of a reassembled PDU]"
"12884","29.945706525","192.168.1.55","192.168.1.2","TCP","1514","8004  >  49992 [ACK] Seq=110238 Ack=144 Win=65024 Len=1448 TSval=2916034026 TSecr=3045553800 [TCP segment of a reassembled PDU]"
"12885","29.945707674","192.168.1.55","192.168.1.2","TCP","1514","8004  >  49992 [ACK] Seq=111686 Ack=144 Win=65024 Len=1448 TSval=2916034026 TSecr=3045553800 [TCP segment of a reassembled PDU]"
"12886","29.945708840","192.168.1.55","192.168.1.2","TCP","1514","8004  >  49992 [ACK] Seq=113134 Ack=144 Win=65024 Len=1448 TSval=2916034026 TSecr=3045553800 [TCP segment of a reassembled PDU]"
"12887","29.945710081","192.168.1.55","192.168.1.2","TCP","1514","8004  >  49992 [PSH, ACK] Seq=114582 Ack=144 Win=65024 Len=1448 TSval=2916034026 TSecr=3045553800 [TCP segment of a reassembled PDU]"
"12888","29.946183637","192.168.1.2","192.168.1.55","TCP","66","49992  >  8004 [ACK] Seq=144 Ack=76934 Win=60416 Len=0 TSval=3045553800 TSecr=2916034020"
"12889","29.946215211","192.168.1.55","192.168.1.2","TCP","1514","8004  >  49992 [ACK] Seq=116030 Ack=144 Win=65024 Len=1448 TSval=2916034026 TSecr=3045553800 [TCP segment of a reassembled PDU]"
"12890","29.946217156","192.168.1.55","192.168.1.2","TCP","1514","8004  >  49992 [ACK] Seq=117478 Ack=144 Win=65024 Len=1448 TSval=2916034026 TSecr=3045553800 [TCP segment of a reassembled PDU]"
"12891","29.946218378","192.168.1.55","192.168.1.2","TCP","1514","8004  >  49992 [ACK] Seq=118926 Ack=144 Win=65024 Len=1448 TSval=2916034026 TSecr=3045553800 [TCP segment of a reassembled PDU]"
"12892","29.946219600","192.168.1.55","192.168.1.2","TCP","1514","8004  >  49992 [ACK] Seq=120374 Ack=144 Win=65024 Len=1448 TSval=2916034026 TSecr=3045553800 [TCP segment of a reassembled PDU]"
"12893","29.946220786","192.168.1.55","192.168.1.2","TCP","1514","8004  >  49992 [ACK] Seq=121822 Ack=144 Win=65024 Len=1448 TSval=2916034026 TSecr=3045553800 [TCP segment of a reassembled PDU]"
"12894","29.946222915","192.168.1.55","192.168.1.2","TCP","1514","8004  >  49992 [ACK] Seq=123270 Ack=144 Win=65024 Len=1448 TSval=2916034026 TSecr=3045553800 [TCP segment of a reassembled PDU]"
"12895","29.946224360","192.168.1.55","192.168.1.2","TCP","1514","8004  >  49992 [ACK] Seq=124718 Ack=144 Win=65024 Len=1448 TSval=2916034026 TSecr=3045553800 [TCP segment of a reassembled PDU]"
"12896","29.946225582","192.168.1.55","192.168.1.2","TCP","1514","8004  >  49992 [ACK] Seq=126166 Ack=144 Win=65024 Len=1448 TSval=2916034026 TSecr=3045553800 [TCP segment of a reassembled PDU]"
"12897","29.946226767","192.168.1.55","192.168.1.2","TCP","1514","8004  >  49992 [ACK] Seq=127614 Ack=144 Win=65024 Len=1448 TSval=2916034026 TSecr=3045553800 [TCP segment of a reassembled PDU]"
"12898","29.946228045","192.168.1.55","192.168.1.2","TCP","1514","8004  >  49992 [ACK] Seq=129062 Ack=144 Win=65024 Len=1448 TSval=2916034026 TSecr=3045553800 [TCP segment of a reassembled PDU]"
"12899","29.946229637","192.168.1.55","192.168.1.2","TCP","1514","8004  >  49992 [ACK] Seq=130510 Ack=144 Win=65024 Len=1448 TSval=2916034026 TSecr=3045553800 [TCP segment of a reassembled PDU]"
"12900","29.946231045","192.168.1.55","192.168.1.2","TCP","1514","8004  >  49992 [ACK] Seq=131958 Ack=144 Win=65024 Len=1448 TSval=2916034026 TSecr=3045553800 [TCP segment of a reassembled PDU]"
"12901","29.946232452","192.168.1.55","192.168.1.2","TCP","1514","8004  >  49992 [ACK] Seq=133406 Ack=144 Win=65024 Len=1448 TSval=2916034026 TSecr=3045553800 [TCP segment of a reassembled PDU]"
"12902","29.946233823","192.168.1.55","192.168.1.2","TCP","1514","8004  >  49992 [ACK] Seq=134854 Ack=144 Win=65024 Len=1448 TSval=2916034026 TSecr=3045553800 [TCP segment of a reassembled PDU]"
"12903","29.946235211","192.168.1.55","192.168.1.2","TCP","1114","[TCP Window Full] 8004  >  49992 [PSH, ACK] Seq=136302 Ack=144 Win=65024 Len=1048 TSval=2916034026 TSecr=3045553800 [TCP segment of a reassembled PDU]"
"12904","29.946240156","192.168.1.2","192.168.1.55","TCP","66","49992  >  8004 [ACK] Seq=144 Ack=97206 Win=73728 Len=0 TSval=3045553800 TSecr=2916034020"
"12905","29.946261267","192.168.1.55","192.168.1.2","TCP","1514","8004  >  49992 [ACK] Seq=137350 Ack=144 Win=65024 Len=1448 TSval=2916034026 TSecr=3045553800 [TCP segment of a reassembled PDU]"
"12906","29.946262860","192.168.1.55","192.168.1.2","TCP","1514","8004  >  49992 [ACK] Seq=138798 Ack=144 Win=65024 Len=1448 TSval=2916034026 TSecr=3045553800 [TCP segment of a reassembled PDU]"
"12907","29.946264063","192.168.1.55","192.168.1.2","TCP","1514","8004  >  49992 [ACK] Seq=140246 Ack=144 Win=65024 Len=1448 TSval=2916034026 TSecr=3045553800 [TCP segment of a reassembled PDU]"
"12908","29.946265378","192.168.1.55","192.168.1.2","TCP","1514","8004  >  49992 [ACK] Seq=141694 Ack=144 Win=65024 Len=1448 TSval=2916034026 TSecr=3045553800 [TCP segment of a reassembled PDU]"
"12909","29.946267026","192.168.1.55","192.168.1.2","TCP","1514","8004  >  49992 [ACK] Seq=143142 Ack=144 Win=65024 Len=1448 TSval=2916034026 TSecr=3045553800 [TCP segment of a reassembled PDU]"
"12910","29.946268249","192.168.1.55","192.168.1.2","TCP","1514","8004  >  49992 [ACK] Seq=144590 Ack=144 Win=65024 Len=1448 TSval=2916034026 TSecr=3045553800 [TCP segment of a reassembled PDU]"
"12911","29.946269452","192.168.1.55","192.168.1.2","TCP","1514","8004  >  49992 [ACK] Seq=146038 Ack=144 Win=65024 Len=1448 TSval=2916034026 TSecr=3045553800 [TCP segment of a reassembled PDU]"
"12912","29.946270786","192.168.1.55","192.168.1.2","TCP","1514","8004  >  49992 [ACK] Seq=147486 Ack=144 Win=65024 Len=1448 TSval=2916034026 TSecr=3045553800 [TCP segment of a reassembled PDU]"
"12913","29.946272045","192.168.1.55","192.168.1.2","TCP","1514","8004  >  49992 [ACK] Seq=148934 Ack=144 Win=65024 Len=1448 TSval=2916034026 TSecr=3045553800 [TCP segment of a reassembled PDU]"
"12914","29.946273304","192.168.1.55","192.168.1.2","TCP","1514","8004  >  49992 [ACK] Seq=150382 Ack=144 Win=65024 Len=1448 TSval=2916034026 TSecr=3045553800 [TCP segment of a reassembled PDU]"
"12915","29.946274489","192.168.1.55","192.168.1.2","TCP","1514","8004  >  49992 [ACK] Seq=151830 Ack=144 Win=65024 Len=1448 TSval=2916034026 TSecr=3045553800 [TCP segment of a reassembled PDU]"
"12916","29.946275712","192.168.1.55","192.168.1.2","TCP","1514","8004  >  49992 [PSH, ACK] Seq=153278 Ack=144 Win=65024 Len=1448 TSval=2916034026 TSecr=3045553800 [TCP segment of a reassembled PDU]"
"12917","29.946281526","192.168.1.55","192.168.1.2","TCP","466","8004  >  49992 [ACK] Seq=154726 Ack=144 Win=65024 Len=400 TSval=2916034026 TSecr=3045553800 [TCP segment of a reassembled PDU]"
"12918","29.946285008","192.168.1.2","192.168.1.55","TCP","66","49992  >  8004 [ACK] Seq=144 Ack=100102 Win=71680 Len=0 TSval=3045553800 TSecr=2916034021"
"12919","29.946316675","192.168.1.55","192.168.1.2","TCP","1514","8004  >  49992 [ACK] Seq=155126 Ack=144 Win=65024 Len=1448 TSval=2916034026 TSecr=3045553800 [TCP segment of a reassembled PDU]"
"12920","29.946318878","192.168.1.55","192.168.1.2","TCP","1514","8004  >  49992 [ACK] Seq=156574 Ack=144 Win=65024 Len=1448 TSval=2916034026 TSecr=3045553800 [TCP segment of a reassembled PDU]"
"12921","29.946320156","192.168.1.55","192.168.1.2","TCP","1514","8004  >  49992 [ACK] Seq=158022 Ack=144 Win=65024 Len=1448 TSval=2916034026 TSecr=3045553800 [TCP segment of a reassembled PDU]"
"12922","29.946321471","192.168.1.55","192.168.1.2","TCP","1514","8004  >  49992 [ACK] Seq=159470 Ack=144 Win=65024 Len=1448 TSval=2916034026 TSecr=3045553800 [TCP segment of a reassembled PDU]"
"12923","29.946322712","192.168.1.55","192.168.1.2","TCP","1514","8004  >  49992 [ACK] Seq=160918 Ack=144 Win=65024 Len=1448 TSval=2916034026 TSecr=3045553800 [TCP segment of a reassembled PDU]"
"12924","29.946323989","192.168.1.55","192.168.1.2","TCP","1514","8004  >  49992 [ACK] Seq=162366 Ack=144 Win=65024 Len=1448 TSval=2916034026 TSecr=3045553800 [TCP segment of a reassembled PDU]"
"12925","29.946325397","192.168.1.55","192.168.1.2","TCP","1514","8004  >  49992 [ACK] Seq=163814 Ack=144 Win=65024 Len=1448 TSval=2916034026 TSecr=3045553800 [TCP segment of a reassembled PDU]"
"12926","29.946326563","192.168.1.55","192.168.1.2","TCP","1514","8004  >  49992 [ACK] Seq=165262 Ack=144 Win=65024 Len=1448 TSval=2916034026 TSecr=3045553800 [TCP segment of a reassembled PDU]"
"12927","29.946327730","192.168.1.55","192.168.1.2","TCP","1514","8004  >  49992 [ACK] Seq=166710 Ack=144 Win=65024 Len=1448 TSval=2916034026 TSecr=3045553800 [TCP segment of a reassembled PDU]"
"12928","29.946328897","192.168.1.55","192.168.1.2","TCP","1514","8004  >  49992 [ACK] Seq=168158 Ack=144 Win=65024 Len=1448 TSval=2916034026 TSecr=3045553800 [TCP segment of a reassembled PDU]"
"12929","29.946330045","192.168.1.55","192.168.1.2","TCP","1514","8004  >  49992 [PSH, ACK] Seq=169606 Ack=144 Win=65024 Len=1448 TSval=2916034026 TSecr=3045553800 [TCP segment of a reassembled PDU]"
"12930","29.951139701","192.168.1.2","192.168.1.55","TCP","66","49992  >  8004 [ACK] Seq=144 Ack=101550 Win=90112 Len=0 TSval=3045553801 TSecr=2916034024"
"12931","29.951177590","192.168.1.55","192.168.1.2","TCP","1514","8004  >  49992 [ACK] Seq=171054 Ack=144 Win=65024 Len=1448 TSval=2916034031 TSecr=3045553801 [TCP segment of a reassembled PDU]"
"12932","29.951181256","192.168.1.55","192.168.1.2","TCP","1514","8004  >  49992 [ACK] Seq=172502 Ack=144 Win=65024 Len=1448 TSval=2916034031 TSecr=3045553801 [TCP segment of a reassembled PDU]"
"12933","29.951182738","192.168.1.55","192.168.1.2","TCP","1514","8004  >  49992 [ACK] Seq=173950 Ack=144 Win=65024 Len=1448 TSval=2916034031 TSecr=3045553801 [TCP segment of a reassembled PDU]"
"12934","29.951184034","192.168.1.55","192.168.1.2","TCP","1514","8004  >  49992 [ACK] Seq=175398 Ack=144 Win=65024 Len=1448 TSval=2916034031 TSecr=3045553801 [TCP segment of a reassembled PDU]"
"12935","29.951185312","192.168.1.55","192.168.1.2","TCP","1514","8004  >  49992 [ACK] Seq=176846 Ack=144 Win=65024 Len=1448 TSval=2916034031 TSecr=3045553801 [TCP segment of a reassembled PDU]"
"12936","29.951186682","192.168.1.55","192.168.1.2","TCP","1514","8004  >  49992 [ACK] Seq=178294 Ack=144 Win=65024 Len=1448 TSval=2916034031 TSecr=3045553801 [TCP segment of a reassembled PDU]"
"12937","29.951188016","192.168.1.55","192.168.1.2","TCP","1514","8004  >  49992 [ACK] Seq=179742 Ack=144 Win=65024 Len=1448 TSval=2916034031 TSecr=3045553801 [TCP segment of a reassembled PDU]"
"12938","29.951189404","192.168.1.55","192.168.1.2","TCP","1514","8004  >  49992 [ACK] Seq=181190 Ack=144 Win=65024 Len=1448 TSval=2916034031 TSecr=3045553801 [TCP segment of a reassembled PDU]"
"12939","29.951190830","192.168.1.55","192.168.1.2","TCP","1514","8004  >  49992 [ACK] Seq=182638 Ack=144 Win=65024 Len=1448 TSval=2916034031 TSecr=3045553801 [TCP segment of a reassembled PDU]"
"12940","29.951192590","192.168.1.55","192.168.1.2","TCP","1514","8004  >  49992 [ACK] Seq=184086 Ack=144 Win=65024 Len=1448 TSval=2916034031 TSecr=3045553801 [TCP segment of a reassembled PDU]"
"12941","29.951194071","192.168.1.55","192.168.1.2","TCP","1514","8004  >  49992 [ACK] Seq=185534 Ack=144 Win=65024 Len=1448 TSval=2916034031 TSecr=3045553801 [TCP segment of a reassembled PDU]"
"12942","29.951195479","192.168.1.55","192.168.1.2","TCP","1514","8004  >  49992 [ACK] Seq=186982 Ack=144 Win=65024 Len=1448 TSval=2916034031 TSecr=3045553801 [TCP segment of a reassembled PDU]"
"12943","29.951196886","192.168.1.55","192.168.1.2","TCP","1514","8004  >  49992 [ACK] Seq=188430 Ack=144 Win=65024 Len=1448 TSval=2916034031 TSecr=3045553801 [TCP segment of a reassembled PDU]"
"12944","29.951198256","192.168.1.55","192.168.1.2","TCP","1514","8004  >  49992 [PSH, ACK] Seq=189878 Ack=144 Win=65024 Len=1448 TSval=2916034031 TSecr=3045553801 [TCP segment of a reassembled PDU]"
"12945","29.951256942","192.168.1.2","192.168.1.55","TCP","66","49992  >  8004 [ACK] Seq=144 Ack=102998 Win=90112 Len=0 TSval=3045553801 TSecr=2916034024"
"12946","29.952549870","192.168.1.2","192.168.1.55","TCP","66","49992  >  8004 [ACK] Seq=144 Ack=116030 Win=78848 Len=0 TSval=3045553806 TSecr=2916034026"
"12947","29.952561647","192.168.1.55","192.168.1.2","TCP","1514","8004  >  49992 [ACK] Seq=191326 Ack=144 Win=65024 Len=1448 TSval=2916034033 TSecr=3045553806 [TCP segment of a reassembled PDU]"
"12948","29.952565036","192.168.1.55","192.168.1.2","TCP","1514","8004  >  49992 [PSH, ACK] Seq=192774 Ack=144 Win=65024 Len=1448 TSval=2916034033 TSecr=3045553806 [TCP segment of a reassembled PDU]"
"12949","29.952812722","192.168.1.2","192.168.1.55","TCP","66","49992  >  8004 [ACK] Seq=144 Ack=137350 Win=77824 Len=0 TSval=3045553806 TSecr=2916034026"
"12950","29.952826129","192.168.1.55","192.168.1.2","TCP","1514","8004  >  49992 [ACK] Seq=194222 Ack=144 Win=65024 Len=1448 TSval=2916034033 TSecr=3045553806 [TCP segment of a reassembled PDU]"
"12951","29.952827944","192.168.1.55","192.168.1.2","TCP","1514","8004  >  49992 [ACK] Seq=195670 Ack=144 Win=65024 Len=1448 TSval=2916034033 TSecr=3045553806 [TCP segment of a reassembled PDU]"
"12952","29.952829351","192.168.1.55","192.168.1.2","TCP","1514","8004  >  49992 [ACK] Seq=197118 Ack=144 Win=65024 Len=1448 TSval=2916034033 TSecr=3045553806 [TCP segment of a reassembled PDU]"
"12953","29.952830666","192.168.1.55","192.168.1.2","TCP","1514","8004  >  49992 [PSH, ACK] Seq=198566 Ack=144 Win=65024 Len=1448 TSval=2916034033 TSecr=3045553806 [TCP segment of a reassembled PDU]"
"12954","29.952835111","192.168.1.2","192.168.1.55","TCP","66","49992  >  8004 [ACK] Seq=144 Ack=154726 Win=81920 Len=0 TSval=3045553806 TSecr=2916034026"
"12955","29.952867203","192.168.1.55","192.168.1.2","TCP","1514","8004  >  49992 [ACK] Seq=200014 Ack=144 Win=65024 Len=1448 TSval=2916034033 TSecr=3045553806 [TCP segment of a reassembled PDU]"
"12956","29.952868981","192.168.1.55","192.168.1.2","TCP","1514","8004  >  49992 [ACK] Seq=201462 Ack=144 Win=65024 Len=1448 TSval=2916034033 TSecr=3045553806 [TCP segment of a reassembled PDU]"
"12957","29.952870352","192.168.1.55","192.168.1.2","TCP","1514","8004  >  49992 [ACK] Seq=202910 Ack=144 Win=65024 Len=1448 TSval=2916034033 TSecr=3045553806 [TCP segment of a reassembled PDU]"
"12958","29.952871722","192.168.1.55","192.168.1.2","TCP","1514","8004  >  49992 [ACK] Seq=204358 Ack=144 Win=65024 Len=1448 TSval=2916034033 TSecr=3045553806 [TCP segment of a reassembled PDU]"
"12959","29.952873037","192.168.1.55","192.168.1.2","TCP","1514","8004  >  49992 [ACK] Seq=205806 Ack=144 Win=65024 Len=1448 TSval=2916034033 TSecr=3045553806 [TCP segment of a reassembled PDU]"
"12960","29.952874518","192.168.1.55","192.168.1.2","TCP","1514","8004  >  49992 [ACK] Seq=207254 Ack=144 Win=65024 Len=1448 TSval=2916034033 TSecr=3045553806 [TCP segment of a reassembled PDU]"
"12961","29.952875963","192.168.1.55","192.168.1.2","TCP","1514","8004  >  49992 [ACK] Seq=208702 Ack=144 Win=65024 Len=1448 TSval=2916034033 TSecr=3045553806 [TCP segment of a reassembled PDU]"
"12962","29.952877389","192.168.1.55","192.168.1.2","TCP","1514","8004  >  49992 [ACK] Seq=210150 Ack=144 Win=65024 Len=1448 TSval=2916034033 TSecr=3045553806 [TCP segment of a reassembled PDU]"
"12963","29.952878777","192.168.1.55","192.168.1.2","TCP","1514","8004  >  49992 [ACK] Seq=211598 Ack=144 Win=65024 Len=1448 TSval=2916034033 TSecr=3045553806 [TCP segment of a reassembled PDU]"
"12964","29.952880055","192.168.1.55","192.168.1.2","TCP","1514","8004  >  49992 [ACK] Seq=213046 Ack=144 Win=65024 Len=1448 TSval=2916034033 TSecr=3045553806 [TCP segment of a reassembled PDU]"
"12965","29.952881426","192.168.1.55","192.168.1.2","TCP","1514","8004  >  49992 [ACK] Seq=214494 Ack=144 Win=65024 Len=1448 TSval=2916034033 TSecr=3045553806 [TCP segment of a reassembled PDU]"
"12966","29.952882740","192.168.1.55","192.168.1.2","TCP","1514","8004  >  49992 [ACK] Seq=215942 Ack=144 Win=65024 Len=1448 TSval=2916034033 TSecr=3045553806 [TCP segment of a reassembled PDU]"
"12967","29.952884018","192.168.1.55","192.168.1.2","TCP","1514","8004  >  49992 [ACK] Seq=217390 Ack=144 Win=65024 Len=1448 TSval=2916034033 TSecr=3045553806 [TCP segment of a reassembled PDU]"
"12968","29.952885500","192.168.1.55","192.168.1.2","TCP","1514","8004  >  49992 [ACK] Seq=218838 Ack=144 Win=65024 Len=1448 TSval=2916034033 TSecr=3045553806 [TCP segment of a reassembled PDU]"
"12969","29.952886796","192.168.1.55","192.168.1.2","TCP","1514","8004  >  49992 [ACK] Seq=220286 Ack=144 Win=65024 Len=1448 TSval=2916034033 TSecr=3045553806 [TCP segment of a reassembled PDU]"
"12970","29.952888129","192.168.1.55","192.168.1.2","TCP","1514","8004  >  49992 [ACK] Seq=221734 Ack=144 Win=65024 Len=1448 TSval=2916034033 TSecr=3045553806 [TCP segment of a reassembled PDU]"
"12971","29.952889629","192.168.1.55","192.168.1.2","TCP","1514","8004  >  49992 [ACK] Seq=223182 Ack=144 Win=65024 Len=1448 TSval=2916034033 TSecr=3045553806 [TCP segment of a reassembled PDU]"
"12972","29.952890926","192.168.1.55","192.168.1.2","TCP","1514","8004  >  49992 [ACK] Seq=224630 Ack=144 Win=65024 Len=1448 TSval=2916034033 TSecr=3045553806 [TCP segment of a reassembled PDU]"
"12973","29.952892500","192.168.1.55","192.168.1.2","TCP","1514","8004  >  49992 [ACK] Seq=226078 Ack=144 Win=65024 Len=1448 TSval=2916034033 TSecr=3045553806 [TCP segment of a reassembled PDU]"
"12974","29.952894000","192.168.1.55","192.168.1.2","TCP","1514","8004  >  49992 [ACK] Seq=227526 Ack=144 Win=65024 Len=1448 TSval=2916034033 TSecr=3045553806 [TCP segment of a reassembled PDU]"
"12975","29.952895407","192.168.1.55","192.168.1.2","TCP","1514","8004  >  49992 [ACK] Seq=228974 Ack=144 Win=65024 Len=1448 TSval=2916034033 TSecr=3045553806 [TCP segment of a reassembled PDU]"
"12976","29.952896759","192.168.1.55","192.168.1.2","TCP","1514","8004  >  49992 [ACK] Seq=230422 Ack=144 Win=65024 Len=1448 TSval=2916034033 TSecr=3045553806 [TCP segment of a reassembled PDU]"
"12977","29.952898111","192.168.1.55","192.168.1.2","TCP","1514","8004  >  49992 [ACK] Seq=231870 Ack=144 Win=65024 Len=1448 TSval=2916034033 TSecr=3045553806 [TCP segment of a reassembled PDU]"
"12978","29.952899500","192.168.1.55","192.168.1.2","TCP","1514","8004  >  49992 [ACK] Seq=233318 Ack=144 Win=65024 Len=1448 TSval=2916034033 TSecr=3045553806 [TCP segment of a reassembled PDU]"
"12979","29.952900944","192.168.1.55","192.168.1.2","TCP","1514","8004  >  49992 [PSH, ACK] Seq=234766 Ack=144 Win=65024 Len=1448 TSval=2916034033 TSecr=3045553806 [TCP segment of a reassembled PDU]"
"12980","29.952905629","192.168.1.2","192.168.1.55","TCP","66","49992  >  8004 [ACK] Seq=144 Ack=155126 Win=94208 Len=0 TSval=3045553806 TSecr=2916034026"
"12981","29.952920778","192.168.1.55","192.168.1.2","TCP","1514","8004  >  49992 [ACK] Seq=236214 Ack=144 Win=65024 Len=1448 TSval=2916034033 TSecr=3045553806 [TCP segment of a reassembled PDU]"
"12982","29.952922629","192.168.1.55","192.168.1.2","TCP","1514","8004  >  49992 [ACK] Seq=237662 Ack=144 Win=65024 Len=1448 TSval=2916034033 TSecr=3045553806 [TCP segment of a reassembled PDU]"
"12983","29.952923907","192.168.1.55","192.168.1.2","TCP","1514","8004  >  49992 [ACK] Seq=239110 Ack=144 Win=65024 Len=1448 TSval=2916034033 TSecr=3045553806 [TCP segment of a reassembled PDU]"
"12984","29.952925278","192.168.1.55","192.168.1.2","TCP","1514","8004  >  49992 [ACK] Seq=240558 Ack=144 Win=65024 Len=1448 TSval=2916034033 TSecr=3045553806 [TCP segment of a reassembled PDU]"
"12985","29.952926592","192.168.1.55","192.168.1.2","TCP","1514","8004  >  49992 [ACK] Seq=242006 Ack=144 Win=65024 Len=1448 TSval=2916034033 TSecr=3045553806 [TCP segment of a reassembled PDU]"
"12986","29.952927944","192.168.1.55","192.168.1.2","TCP","1514","8004  >  49992 [PSH, ACK] Seq=243454 Ack=144 Win=65024 Len=1448 TSval=2916034033 TSecr=3045553806 [TCP segment of a reassembled PDU]"
"12987","29.952983667","192.168.1.2","192.168.1.55","TCP","66","49992  >  8004 [ACK] Seq=144 Ack=163814 Win=89088 Len=0 TSval=3045553806 TSecr=2916034026"
"12988","29.952990796","192.168.1.2","192.168.1.55","TCP","66","49992  >  8004 [ACK] Seq=144 Ack=171054 Win=89088 Len=0 TSval=3045553807 TSecr=2916034026"
"12989","29.953010296","192.168.1.55","192.168.1.2","TCP","1514","8004  >  49992 [ACK] Seq=244902 Ack=144 Win=65024 Len=1448 TSval=2916034033 TSecr=3045553807 [TCP segment of a reassembled PDU]"
"12990","29.953012370","192.168.1.55","192.168.1.2","TCP","1514","8004  >  49992 [ACK] Seq=246350 Ack=144 Win=65024 Len=1448 TSval=2916034033 TSecr=3045553807 [TCP segment of a reassembled PDU]"
"12991","29.953014055","192.168.1.55","192.168.1.2","TCP","1514","8004  >  49992 [ACK] Seq=247798 Ack=144 Win=65024 Len=1448 TSval=2916034033 TSecr=3045553807 [TCP segment of a reassembled PDU]"
"12992","29.953015333","192.168.1.55","192.168.1.2","TCP","1514","8004  >  49992 [ACK] Seq=249246 Ack=144 Win=65024 Len=1448 TSval=2916034033 TSecr=3045553807 [TCP segment of a reassembled PDU]"
"12993","29.953016685","192.168.1.55","192.168.1.2","TCP","1514","8004  >  49992 [ACK] Seq=250694 Ack=144 Win=65024 Len=1448 TSval=2916034033 TSecr=3045553807 [TCP segment of a reassembled PDU]"
"12994","29.953018074","192.168.1.55","192.168.1.2","TCP","1514","8004  >  49992 [ACK] Seq=252142 Ack=144 Win=65024 Len=1448 TSval=2916034033 TSecr=3045553807 [TCP segment of a reassembled PDU]"
"12995","29.953019333","192.168.1.55","192.168.1.2","TCP","1514","8004  >  49992 [ACK] Seq=253590 Ack=144 Win=65024 Len=1448 TSval=2916034033 TSecr=3045553807 [TCP segment of a reassembled PDU]"
"12996","29.953020741","192.168.1.55","192.168.1.2","TCP","1514","8004  >  49992 [ACK] Seq=255038 Ack=144 Win=65024 Len=1448 TSval=2916034033 TSecr=3045553807 [TCP segment of a reassembled PDU]"
"12997","29.953022815","192.168.1.55","192.168.1.2","TCP","1514","8004  >  49992 [ACK] Seq=256486 Ack=144 Win=65024 Len=1448 TSval=2916034033 TSecr=3045553807 [TCP segment of a reassembled PDU]"
"12998","29.953024111","192.168.1.55","192.168.1.2","TCP","1514","8004  >  49992 [ACK] Seq=257934 Ack=144 Win=65024 Len=1448 TSval=2916034033 TSecr=3045553807 [TCP segment of a reassembled PDU]"
"12999","29.953025574","192.168.1.55","192.168.1.2","TCP","826","[TCP Window Full] 8004  >  49992 [PSH, ACK] Seq=259382 Ack=144 Win=65024 Len=760 TSval=2916034033 TSecr=3045553807 [TCP segment of a reassembled PDU]"
"13000","29.957774563","192.168.1.2","192.168.1.55","TCP","66","49992  >  8004 [ACK] Seq=144 Ack=191326 Win=75776 Len=0 TSval=3045553810 TSecr=2916034031"
"13001","29.957786915","192.168.1.55","192.168.1.2","TCP","1514","8004  >  49992 [ACK] Seq=260142 Ack=144 Win=65024 Len=1448 TSval=2916034038 TSecr=3045553810 [TCP segment of a reassembled PDU]"
"13002","29.957789378","192.168.1.55","192.168.1.2","TCP","1514","8004  >  49992 [ACK] Seq=261590 Ack=144 Win=65024 Len=1448 TSval=2916034038 TSecr=3045553810 [TCP segment of a reassembled PDU]"
"13003","29.957790656","192.168.1.55","192.168.1.2","TCP","1514","8004  >  49992 [ACK] Seq=263038 Ack=144 Win=65024 Len=1448 TSval=2916034038 TSecr=3045553810 [TCP segment of a reassembled PDU]"
"13004","29.957791933","192.168.1.55","192.168.1.2","TCP","1514","8004  >  49992 [PSH, ACK] Seq=264486 Ack=144 Win=65024 Len=1448 TSval=2916034038 TSecr=3045553810 [TCP segment of a reassembled PDU]"
"13005","29.960199067","192.168.1.2","192.168.1.55","TCP","66","49992  >  8004 [ACK] Seq=144 Ack=194222 Win=93184 Len=0 TSval=3045553814 TSecr=2916034033"
"13006","29.960219067","192.168.1.55","192.168.1.2","TCP","1514","8004  >  49992 [ACK] Seq=265934 Ack=144 Win=65024 Len=1448 TSval=2916034040 TSecr=3045553814 [TCP segment of a reassembled PDU]"
"13007","29.960221567","192.168.1.55","192.168.1.2","TCP","1514","8004  >  49992 [ACK] Seq=267382 Ack=144 Win=65024 Len=1448 TSval=2916034040 TSecr=3045553814 [TCP segment of a reassembled PDU]"
"13008","29.960222993","192.168.1.55","192.168.1.2","TCP","1514","8004  >  49992 [ACK] Seq=268830 Ack=144 Win=65024 Len=1448 TSval=2916034040 TSecr=3045553814 [TCP segment of a reassembled PDU]"
"13009","29.960224382","192.168.1.55","192.168.1.2","TCP","1514","8004  >  49992 [ACK] Seq=270278 Ack=144 Win=65024 Len=1448 TSval=2916034040 TSecr=3045553814 [TCP segment of a reassembled PDU]"
"13010","29.960225715","192.168.1.55","192.168.1.2","TCP","1514","8004  >  49992 [ACK] Seq=271726 Ack=144 Win=65024 Len=1448 TSval=2916034040 TSecr=3045553814 [TCP segment of a reassembled PDU]"
"13011","29.960227122","192.168.1.55","192.168.1.2","TCP","1514","8004  >  49992 [ACK] Seq=273174 Ack=144 Win=65024 Len=1448 TSval=2916034040 TSecr=3045553814 [TCP segment of a reassembled PDU]"
"13012","29.960228493","192.168.1.55","192.168.1.2","TCP","1514","8004  >  49992 [ACK] Seq=274622 Ack=144 Win=65024 Len=1448 TSval=2916034040 TSecr=3045553814 [TCP segment of a reassembled PDU]"
"13013","29.960230307","192.168.1.55","192.168.1.2","TCP","1514","8004  >  49992 [ACK] Seq=276070 Ack=144 Win=65024 Len=1448 TSval=2916034040 TSecr=3045553814 [TCP segment of a reassembled PDU]"
"13014","29.960231733","192.168.1.55","192.168.1.2","TCP","1514","8004  >  49992 [ACK] Seq=277518 Ack=144 Win=65024 Len=1448 TSval=2916034040 TSecr=3045553814 [TCP segment of a reassembled PDU]"
"13015","29.960233122","192.168.1.55","192.168.1.2","TCP","1514","8004  >  49992 [ACK] Seq=278966 Ack=144 Win=65024 Len=1448 TSval=2916034040 TSecr=3045553814 [TCP segment of a reassembled PDU]"
"13016","29.960234641","192.168.1.55","192.168.1.2","TCP","1514","8004  >  49992 [ACK] Seq=280414 Ack=144 Win=65024 Len=1448 TSval=2916034040 TSecr=3045553814 [TCP segment of a reassembled PDU]"
"13017","29.960235900","192.168.1.55","192.168.1.2","TCP","1514","8004  >  49992 [ACK] Seq=281862 Ack=144 Win=65024 Len=1448 TSval=2916034040 TSecr=3045553814 [TCP segment of a reassembled PDU]"
"13018","29.960237456","192.168.1.55","192.168.1.2","TCP","1514","8004  >  49992 [ACK] Seq=283310 Ack=144 Win=65024 Len=1448 TSval=2916034040 TSecr=3045553814 [TCP segment of a reassembled PDU]"
"13019","29.960238826","192.168.1.55","192.168.1.2","TCP","1514","8004  >  49992 [PSH, ACK] Seq=284758 Ack=144 Win=65024 Len=1448 TSval=2916034040 TSecr=3045553814 [TCP segment of a reassembled PDU]"
"13020","29.960866401","192.168.1.2","192.168.1.55","TCP","66","49992  >  8004 [ACK] Seq=144 Ack=236214 Win=106496 Len=0 TSval=3045553814 TSecr=2916034033"
"13021","29.960879346","192.168.1.55","192.168.1.2","TCP","1514","8004  >  49992 [ACK] Seq=286206 Ack=144 Win=65024 Len=1448 TSval=2916034041 TSecr=3045553814 [TCP segment of a reassembled PDU]"
"13022","29.960881142","192.168.1.55","192.168.1.2","TCP","1514","8004  >  49992 [PSH, ACK] Seq=287654 Ack=144 Win=65024 Len=1448 TSval=2916034041 TSecr=3045553814 [TCP segment of a reassembled PDU]"
"13023","29.960886271","192.168.1.55","192.168.1.2","TCP","754","8004  >  49992 [ACK] Seq=289102 Ack=144 Win=65024 Len=688 TSval=2916034041 TSecr=3045553814 [TCP segment of a reassembled PDU]"
"13024","29.960919105","192.168.1.55","192.168.1.2","TCP","1514","8004  >  49992 [ACK] Seq=289790 Ack=144 Win=65024 Len=1448 TSval=2916034041 TSecr=3045553814 [TCP segment of a reassembled PDU]"
"13025","29.960920772","192.168.1.55","192.168.1.2","TCP","1514","8004  >  49992 [ACK] Seq=291238 Ack=144 Win=65024 Len=1448 TSval=2916034041 TSecr=3045553814 [TCP segment of a reassembled PDU]"
"13026","29.960922235","192.168.1.55","192.168.1.2","TCP","1514","8004  >  49992 [ACK] Seq=292686 Ack=144 Win=65024 Len=1448 TSval=2916034041 TSecr=3045553814 [TCP segment of a reassembled PDU]"
"13027","29.960923531","192.168.1.55","192.168.1.2","TCP","1514","8004  >  49992 [ACK] Seq=294134 Ack=144 Win=65024 Len=1448 TSval=2916034041 TSecr=3045553814 [TCP segment of a reassembled PDU]"
"13028","29.960924957","192.168.1.55","192.168.1.2","TCP","1514","8004  >  49992 [ACK] Seq=295582 Ack=144 Win=65024 Len=1448 TSval=2916034041 TSecr=3045553814 [TCP segment of a reassembled PDU]"
"13029","29.960926438","192.168.1.55","192.168.1.2","TCP","1514","8004  >  49992 [ACK] Seq=297030 Ack=144 Win=65024 Len=1448 TSval=2916034041 TSecr=3045553814 [TCP segment of a reassembled PDU]"
"13030","29.960927735","192.168.1.55","192.168.1.2","TCP","1514","8004  >  49992 [ACK] Seq=298478 Ack=144 Win=65024 Len=1448 TSval=2916034041 TSecr=3045553814 [TCP segment of a reassembled PDU]"
"13031","29.960929031","192.168.1.55","192.168.1.2","TCP","1514","8004  >  49992 [ACK] Seq=299926 Ack=144 Win=65024 Len=1448 TSval=2916034041 TSecr=3045553814 [TCP segment of a reassembled PDU]"
"13032","29.960930383","192.168.1.55","192.168.1.2","TCP","1514","8004  >  49992 [ACK] Seq=301374 Ack=144 Win=65024 Len=1448 TSval=2916034041 TSecr=3045553814 [TCP segment of a reassembled PDU]"
"13033","29.960931772","192.168.1.55","192.168.1.2","TCP","1514","8004  >  49992 [ACK] Seq=302822 Ack=144 Win=65024 Len=1448 TSval=2916034041 TSecr=3045553814 [TCP segment of a reassembled PDU]"
"13034","29.960933123","192.168.1.55","192.168.1.2","TCP","1514","8004  >  49992 [ACK] Seq=304270 Ack=144 Win=65024 Len=1448 TSval=2916034041 TSecr=3045553814 [TCP segment of a reassembled PDU]"
"13035","29.960934494","192.168.1.55","192.168.1.2","TCP","1514","8004  >  49992 [ACK] Seq=305718 Ack=144 Win=65024 Len=1448 TSval=2916034041 TSecr=3045553814 [TCP segment of a reassembled PDU]"
"13036","29.960935864","192.168.1.55","192.168.1.2","TCP","1514","8004  >  49992 [ACK] Seq=307166 Ack=144 Win=65024 Len=1448 TSval=2916034041 TSecr=3045553814 [TCP segment of a reassembled PDU]"
"13037","29.960937160","192.168.1.55","192.168.1.2","TCP","1514","8004  >  49992 [ACK] Seq=308614 Ack=144 Win=65024 Len=1448 TSval=2916034041 TSecr=3045553814 [TCP segment of a reassembled PDU]"
"13038","29.960938679","192.168.1.55","192.168.1.2","TCP","1514","8004  >  49992 [ACK] Seq=310062 Ack=144 Win=65024 Len=1448 TSval=2916034041 TSecr=3045553814 [TCP segment of a reassembled PDU]"
"13039","29.960940049","192.168.1.55","192.168.1.2","TCP","1514","8004  >  49992 [ACK] Seq=311510 Ack=144 Win=65024 Len=1448 TSval=2916034041 TSecr=3045553814 [TCP segment of a reassembled PDU]"
"13040","29.960941364","192.168.1.55","192.168.1.2","TCP","1514","8004  >  49992 [ACK] Seq=312958 Ack=144 Win=65024 Len=1448 TSval=2916034041 TSecr=3045553814 [TCP segment of a reassembled PDU]"
"13041","29.960942772","192.168.1.55","192.168.1.2","TCP","1514","8004  >  49992 [ACK] Seq=314406 Ack=144 Win=65024 Len=1448 TSval=2916034041 TSecr=3045553814 [TCP segment of a reassembled PDU]"
"13042","29.960944068","192.168.1.55","192.168.1.2","TCP","1514","8004  >  49992 [ACK] Seq=315854 Ack=144 Win=65024 Len=1448 TSval=2916034041 TSecr=3045553814 [TCP segment of a reassembled PDU]"
"13043","29.960945475","192.168.1.55","192.168.1.2","TCP","1514","8004  >  49992 [ACK] Seq=317302 Ack=144 Win=65024 Len=1448 TSval=2916034041 TSecr=3045553814 [TCP segment of a reassembled PDU]"
"13044","29.960946772","192.168.1.55","192.168.1.2","TCP","1514","8004  >  49992 [ACK] Seq=318750 Ack=144 Win=65024 Len=1448 TSval=2916034041 TSecr=3045553814 [TCP segment of a reassembled PDU]"
"13045","29.960948512","192.168.1.55","192.168.1.2","TCP","1514","8004  >  49992 [ACK] Seq=320198 Ack=144 Win=65024 Len=1448 TSval=2916034041 TSecr=3045553814 [TCP segment of a reassembled PDU]"
"13046","29.960950049","192.168.1.55","192.168.1.2","TCP","1514","8004  >  49992 [ACK] Seq=321646 Ack=144 Win=65024 Len=1448 TSval=2916034041 TSecr=3045553814 [TCP segment of a reassembled PDU]"
"13047","29.960951438","192.168.1.55","192.168.1.2","TCP","1514","8004  >  49992 [ACK] Seq=323094 Ack=144 Win=65024 Len=1448 TSval=2916034041 TSecr=3045553814 [TCP segment of a reassembled PDU]"
"13048","29.960952790","192.168.1.55","192.168.1.2","TCP","1514","8004  >  49992 [ACK] Seq=324542 Ack=144 Win=65024 Len=1448 TSval=2916034041 TSecr=3045553814 [TCP segment of a reassembled PDU]"
"13049","29.960954235","192.168.1.55","192.168.1.2","TCP","1514","8004  >  49992 [ACK] Seq=325990 Ack=144 Win=65024 Len=1448 TSval=2916034041 TSecr=3045553814 [TCP segment of a reassembled PDU]"
"13050","29.960955549","192.168.1.55","192.168.1.2","TCP","1514","8004  >  49992 [ACK] Seq=327438 Ack=144 Win=65024 Len=1448 TSval=2916034041 TSecr=3045553814 [TCP segment of a reassembled PDU]"
"13051","29.960956938","192.168.1.55","192.168.1.2","TCP","1514","8004  >  49992 [ACK] Seq=328886 Ack=144 Win=65024 Len=1448 TSval=2916034041 TSecr=3045553814 [TCP segment of a reassembled PDU]"
"13052","29.960958457","192.168.1.55","192.168.1.2","TCP","1514","8004  >  49992 [ACK] Seq=330334 Ack=144 Win=65024 Len=1448 TSval=2916034041 TSecr=3045553814 [TCP segment of a reassembled PDU]"
"13053","29.960959753","192.168.1.55","192.168.1.2","TCP","1514","8004  >  49992 [ACK] Seq=331782 Ack=144 Win=65024 Len=1448 TSval=2916034041 TSecr=3045553814 [TCP segment of a reassembled PDU]"
"13054","29.960961049","192.168.1.55","192.168.1.2","TCP","1514","8004  >  49992 [PSH, ACK] Seq=333230 Ack=144 Win=65024 Len=1448 TSval=2916034041 TSecr=3045553814 [TCP segment of a reassembled PDU]"
"13055","29.960965420","192.168.1.2","192.168.1.55","TCP","66","49992  >  8004 [ACK] Seq=144 Ack=244902 Win=123904 Len=0 TSval=3045553814 TSecr=2916034033"
"13056","29.960972753","192.168.1.2","192.168.1.55","TCP","66","49992  >  8004 [ACK] Seq=144 Ack=260142 Win=114688 Len=0 TSval=3045553814 TSecr=2916034033"
"13057","29.961004531","192.168.1.55","192.168.1.2","TCP","1514","8004  >  49992 [ACK] Seq=334678 Ack=144 Win=65024 Len=1448 TSval=2916034041 TSecr=3045553814 [TCP segment of a reassembled PDU]"
"13058","29.961006438","192.168.1.55","192.168.1.2","TCP","1514","8004  >  49992 [ACK] Seq=336126 Ack=144 Win=65024 Len=1448 TSval=2916034041 TSecr=3045553814 [TCP segment of a reassembled PDU]"
"13059","29.961007901","192.168.1.55","192.168.1.2","TCP","1514","8004  >  49992 [ACK] Seq=337574 Ack=144 Win=65024 Len=1448 TSval=2916034041 TSecr=3045553814 [TCP segment of a reassembled PDU]"
"13060","29.961009216","192.168.1.55","192.168.1.2","TCP","1514","8004  >  49992 [ACK] Seq=339022 Ack=144 Win=65024 Len=1448 TSval=2916034041 TSecr=3045553814 [TCP segment of a reassembled PDU]"
"13061","29.961015475","192.168.1.55","192.168.1.2","TCP","1514","8004  >  49992 [ACK] Seq=340470 Ack=144 Win=65024 Len=1448 TSval=2916034041 TSecr=3045553814 [TCP segment of a reassembled PDU]"
"13062","29.961017087","192.168.1.55","192.168.1.2","TCP","1514","8004  >  49992 [ACK] Seq=341918 Ack=144 Win=65024 Len=1448 TSval=2916034041 TSecr=3045553814 [TCP segment of a reassembled PDU]"
"13063","29.961018475","192.168.1.55","192.168.1.2","TCP","1514","8004  >  49992 [ACK] Seq=343366 Ack=144 Win=65024 Len=1448 TSval=2916034041 TSecr=3045553814 [TCP segment of a reassembled PDU]"
"13064","29.961019753","192.168.1.55","192.168.1.2","TCP","1514","8004  >  49992 [ACK] Seq=344814 Ack=144 Win=65024 Len=1448 TSval=2916034041 TSecr=3045553814 [TCP segment of a reassembled PDU]"
"13065","29.961021142","192.168.1.55","192.168.1.2","TCP","1514","8004  >  49992 [ACK] Seq=346262 Ack=144 Win=65024 Len=1448 TSval=2916034041 TSecr=3045553814 [TCP segment of a reassembled PDU]"
"13066","29.961022642","192.168.1.55","192.168.1.2","TCP","1514","8004  >  49992 [ACK] Seq=347710 Ack=144 Win=65024 Len=1448 TSval=2916034041 TSecr=3045553814 [TCP segment of a reassembled PDU]"
"13067","29.961023994","192.168.1.55","192.168.1.2","TCP","1514","8004  >  49992 [ACK] Seq=349158 Ack=144 Win=65024 Len=1448 TSval=2916034041 TSecr=3045553814 [TCP segment of a reassembled PDU]"
"13068","29.961025346","192.168.1.55","192.168.1.2","TCP","1514","8004  >  49992 [ACK] Seq=350606 Ack=144 Win=65024 Len=1448 TSval=2916034041 TSecr=3045553814 [TCP segment of a reassembled PDU]"
"13069","29.961026661","192.168.1.55","192.168.1.2","TCP","1514","8004  >  49992 [ACK] Seq=352054 Ack=144 Win=65024 Len=1448 TSval=2916034041 TSecr=3045553814 [TCP segment of a reassembled PDU]"
"13070","29.961027938","192.168.1.55","192.168.1.2","TCP","1514","8004  >  49992 [ACK] Seq=353502 Ack=144 Win=65024 Len=1448 TSval=2916034041 TSecr=3045553814 [TCP segment of a reassembled PDU]"
"13071","29.961029253","192.168.1.55","192.168.1.2","TCP","1514","8004  >  49992 [ACK] Seq=354950 Ack=144 Win=65024 Len=1448 TSval=2916034041 TSecr=3045553814 [TCP segment of a reassembled PDU]"
"13072","29.961030698","192.168.1.55","192.168.1.2","TCP","1514","8004  >  49992 [ACK] Seq=356398 Ack=144 Win=65024 Len=1448 TSval=2916034041 TSecr=3045553814 [TCP segment of a reassembled PDU]"
"13073","29.961032161","192.168.1.55","192.168.1.2","TCP","1514","8004  >  49992 [ACK] Seq=357846 Ack=144 Win=65024 Len=1448 TSval=2916034041 TSecr=3045553814 [TCP segment of a reassembled PDU]"
"13074","29.961033661","192.168.1.55","192.168.1.2","TCP","1514","8004  >  49992 [ACK] Seq=359294 Ack=144 Win=65024 Len=1448 TSval=2916034041 TSecr=3045553814 [TCP segment of a reassembled PDU]"
"13075","29.961035068","192.168.1.55","192.168.1.2","TCP","1514","8004  >  49992 [ACK] Seq=360742 Ack=144 Win=65024 Len=1448 TSval=2916034041 TSecr=3045553814 [TCP segment of a reassembled PDU]"
"13076","29.961036438","192.168.1.55","192.168.1.2","TCP","1514","8004  >  49992 [ACK] Seq=362190 Ack=144 Win=65024 Len=1448 TSval=2916034041 TSecr=3045553814 [TCP segment of a reassembled PDU]"
"13077","29.961037772","192.168.1.55","192.168.1.2","TCP","1514","8004  >  49992 [ACK] Seq=363638 Ack=144 Win=65024 Len=1448 TSval=2916034041 TSecr=3045553814 [TCP segment of a reassembled PDU]"
"13078","29.961039216","192.168.1.55","192.168.1.2","TCP","1514","8004  >  49992 [ACK] Seq=365086 Ack=144 Win=65024 Len=1448 TSval=2916034041 TSecr=3045553814 [TCP segment of a reassembled PDU]"
"13079","29.961040587","192.168.1.55","192.168.1.2","TCP","1514","8004  >  49992 [ACK] Seq=366534 Ack=144 Win=65024 Len=1448 TSval=2916034041 TSecr=3045553814 [TCP segment of a reassembled PDU]"
"13080","29.961041957","192.168.1.55","192.168.1.2","TCP","1514","8004  >  49992 [ACK] Seq=367982 Ack=144 Win=65024 Len=1448 TSval=2916034041 TSecr=3045553814 [TCP segment of a reassembled PDU]"
"13081","29.961043512","192.168.1.55","192.168.1.2","TCP","1514","8004  >  49992 [ACK] Seq=369430 Ack=144 Win=65024 Len=1448 TSval=2916034041 TSecr=3045553814 [TCP segment of a reassembled PDU]"
"13082","29.961044938","192.168.1.55","192.168.1.2","TCP","1514","8004  >  49992 [ACK] Seq=370878 Ack=144 Win=65024 Len=1448 TSval=2916034041 TSecr=3045553814 [TCP segment of a reassembled PDU]"
"13083","29.961046420","192.168.1.55","192.168.1.2","TCP","1514","8004  >  49992 [PSH, ACK] Seq=372326 Ack=144 Win=65024 Len=1448 TSval=2916034041 TSecr=3045553814 [TCP segment of a reassembled PDU]"
"13084","29.961050846","192.168.1.2","192.168.1.55","TCP","66","49992  >  8004 [ACK] Seq=144 Ack=265934 Win=135168 Len=0 TSval=3045553815 TSecr=2916034038"
"13085","29.961068846","192.168.1.55","192.168.1.2","TCP","1514","8004  >  49992 [ACK] Seq=373774 Ack=144 Win=65024 Len=1448 TSval=2916034041 TSecr=3045553815 [TCP segment of a reassembled PDU]"
"13086","29.961070827","192.168.1.55","192.168.1.2","TCP","1514","8004  >  49992 [ACK] Seq=375222 Ack=144 Win=65024 Len=1448 TSval=2916034041 TSecr=3045553815 [TCP segment of a reassembled PDU]"
"13087","29.961072216","192.168.1.55","192.168.1.2","TCP","1514","8004  >  49992 [ACK] Seq=376670 Ack=144 Win=65024 Len=1448 TSval=2916034041 TSecr=3045553815 [TCP segment of a reassembled PDU]"
"13088","29.961073568","192.168.1.55","192.168.1.2","TCP","1514","8004  >  49992 [PSH, ACK] Seq=378118 Ack=144 Win=65024 Len=1448 TSval=2916034041 TSecr=3045553815 [TCP segment of a reassembled PDU]"
"13089","29.962041218","192.168.1.55","192.168.1.2","TCP","1514","8004  >  49992 [ACK] Seq=379566 Ack=144 Win=65024 Len=1448 TSval=2916034042 TSecr=3045553815 [TCP segment of a reassembled PDU]"
"13090","29.962043866","192.168.1.55","192.168.1.2","TCP","1514","8004  >  49992 [ACK] Seq=381014 Ack=144 Win=65024 Len=1448 TSval=2916034042 TSecr=3045553815 [TCP segment of a reassembled PDU]"
"13091","29.962045699","192.168.1.55","192.168.1.2","TCP","1514","8004  >  49992 [ACK] Seq=382462 Ack=144 Win=65024 Len=1448 TSval=2916034042 TSecr=3045553815 [TCP segment of a reassembled PDU]"
"13092","29.962047162","192.168.1.55","192.168.1.2","TCP","1514","8004  >  49992 [ACK] Seq=383910 Ack=144 Win=65024 Len=1448 TSval=2916034042 TSecr=3045553815 [TCP segment of a reassembled PDU]"
"13093","29.962048551","192.168.1.55","192.168.1.2","TCP","1514","8004  >  49992 [ACK] Seq=385358 Ack=144 Win=65024 Len=1448 TSval=2916034042 TSecr=3045553815 [TCP segment of a reassembled PDU]"
"13094","29.962050014","192.168.1.55","192.168.1.2","TCP","1514","8004  >  49992 [ACK] Seq=386806 Ack=144 Win=65024 Len=1448 TSval=2916034042 TSecr=3045553815 [TCP segment of a reassembled PDU]"
"13095","29.962052218","192.168.1.55","192.168.1.2","TCP","1514","8004  >  49992 [ACK] Seq=388254 Ack=144 Win=65024 Len=1448 TSval=2916034042 TSecr=3045553815 [TCP segment of a reassembled PDU]"
"13096","29.962053625","192.168.1.55","192.168.1.2","TCP","1514","8004  >  49992 [ACK] Seq=389702 Ack=144 Win=65024 Len=1448 TSval=2916034042 TSecr=3045553815 [TCP segment of a reassembled PDU]"
"13097","29.962055051","192.168.1.55","192.168.1.2","TCP","1514","8004  >  49992 [ACK] Seq=391150 Ack=144 Win=65024 Len=1448 TSval=2916034042 TSecr=3045553815 [TCP segment of a reassembled PDU]"
"13098","29.962056551","192.168.1.55","192.168.1.2","TCP","1514","8004  >  49992 [ACK] Seq=392598 Ack=144 Win=65024 Len=1448 TSval=2916034042 TSecr=3045553815 [TCP segment of a reassembled PDU]"
"13099","29.962058088","192.168.1.55","192.168.1.2","TCP","1514","8004  >  49992 [ACK] Seq=394046 Ack=144 Win=65024 Len=1448 TSval=2916034042 TSecr=3045553815 [TCP segment of a reassembled PDU]"
"13100","29.962060125","192.168.1.55","192.168.1.2","TCP","1514","8004  >  49992 [ACK] Seq=395494 Ack=144 Win=65024 Len=1448 TSval=2916034042 TSecr=3045553815 [TCP segment of a reassembled PDU]"
"13101","29.962061514","192.168.1.55","192.168.1.2","TCP","1514","8004  >  49992 [ACK] Seq=396942 Ack=144 Win=65024 Len=1448 TSval=2916034042 TSecr=3045553815 [TCP segment of a reassembled PDU]"
"13102","29.962063033","192.168.1.55","192.168.1.2","TCP","1514","8004  >  49992 [PSH, ACK] Seq=398390 Ack=144 Win=65024 Len=1448 TSval=2916034042 TSecr=3045553815 [TCP segment of a reassembled PDU]"
"13103","29.963311886","192.168.1.2","192.168.1.55","TCP","66","49992  >  8004 [ACK] Seq=144 Ack=267382 Win=138240 Len=0 TSval=3045553818 TSecr=2916034040"
"13104","29.963338183","192.168.1.55","192.168.1.2","TCP","1514","8004  >  49992 [ACK] Seq=399838 Ack=144 Win=65024 Len=1448 TSval=2916034044 TSecr=3045553818 [TCP segment of a reassembled PDU]"
"13105","29.963340923","192.168.1.55","192.168.1.2","TCP","1514","8004  >  49992 [ACK] Seq=401286 Ack=144 Win=65024 Len=1448 TSval=2916034044 TSecr=3045553818 [TCP segment of a reassembled PDU]"
"13106","29.963342423","192.168.1.55","192.168.1.2","TCP","1514","8004  >  49992 [PSH, ACK] Seq=402734 Ack=144 Win=65024 Len=1448 TSval=2916034044 TSecr=3045553818 [TCP segment of a reassembled PDU]"
"13107","29.963348294","192.168.1.2","192.168.1.55","TCP","66","49992  >  8004 [ACK] Seq=144 Ack=277518 Win=158720 Len=0 TSval=3045553818 TSecr=2916034040"
"13108","29.963371146","192.168.1.55","192.168.1.2","TCP","1514","8004  >  49992 [ACK] Seq=404182 Ack=144 Win=65024 Len=1448 TSval=2916034044 TSecr=3045553818 [TCP segment of a reassembled PDU]"
"13109","29.963372868","192.168.1.55","192.168.1.2","TCP","1514","8004  >  49992 [ACK] Seq=405630 Ack=144 Win=65024 Len=1448 TSval=2916034044 TSecr=3045553818 [TCP segment of a reassembled PDU]"
"13110","29.963374146","192.168.1.55","192.168.1.2","TCP","1514","8004  >  49992 [ACK] Seq=407078 Ack=144 Win=65024 Len=1448 TSval=2916034044 TSecr=3045553818 [TCP segment of a reassembled PDU]"
"13111","29.963375498","192.168.1.55","192.168.1.2","TCP","1514","8004  >  49992 [ACK] Seq=408526 Ack=144 Win=65024 Len=1448 TSval=2916034044 TSecr=3045553818 [TCP segment of a reassembled PDU]"
"13112","29.963376961","192.168.1.55","192.168.1.2","TCP","1514","8004  >  49992 [ACK] Seq=409974 Ack=144 Win=65024 Len=1448 TSval=2916034044 TSecr=3045553818 [TCP segment of a reassembled PDU]"
"13113","29.963378349","192.168.1.55","192.168.1.2","TCP","1514","8004  >  49992 [ACK] Seq=411422 Ack=144 Win=65024 Len=1448 TSval=2916034044 TSecr=3045553818 [TCP segment of a reassembled PDU]"
"13114","29.963379812","192.168.1.55","192.168.1.2","TCP","1514","8004  >  49992 [ACK] Seq=412870 Ack=144 Win=65024 Len=1448 TSval=2916034044 TSecr=3045553818 [TCP segment of a reassembled PDU]"
"13115","29.963381109","192.168.1.55","192.168.1.2","TCP","1514","8004  >  49992 [ACK] Seq=414318 Ack=144 Win=65024 Len=1448 TSval=2916034044 TSecr=3045553818 [TCP segment of a reassembled PDU]"
"13116","29.963382387","192.168.1.55","192.168.1.2","TCP","1514","8004  >  49992 [ACK] Seq=415766 Ack=144 Win=65024 Len=1448 TSval=2916034044 TSecr=3045553818 [TCP segment of a reassembled PDU]"
"13117","29.963383831","192.168.1.55","192.168.1.2","TCP","1514","8004  >  49992 [ACK] Seq=417214 Ack=144 Win=65024 Len=1448 TSval=2916034044 TSecr=3045553818 [TCP segment of a reassembled PDU]"
"13118","29.963385127","192.168.1.55","192.168.1.2","TCP","1514","8004  >  49992 [ACK] Seq=418662 Ack=144 Win=65024 Len=1448 TSval=2916034044 TSecr=3045553818 [TCP segment of a reassembled PDU]"
"13119","29.963386424","192.168.1.55","192.168.1.2","TCP","1514","8004  >  49992 [ACK] Seq=420110 Ack=144 Win=65024 Len=1448 TSval=2916034044 TSecr=3045553818 [TCP segment of a reassembled PDU]"
"13120","29.963387720","192.168.1.55","192.168.1.2","TCP","1514","8004  >  49992 [ACK] Seq=421558 Ack=144 Win=65024 Len=1448 TSval=2916034044 TSecr=3045553818 [TCP segment of a reassembled PDU]"
"13121","29.963388998","192.168.1.55","192.168.1.2","TCP","1514","8004  >  49992 [PSH, ACK] Seq=423006 Ack=144 Win=65024 Len=1448 TSval=2916034044 TSecr=3045553818 [TCP segment of a reassembled PDU]"
"13122","29.969433766","192.168.1.2","192.168.1.55","TCP","66","49992  >  8004 [ACK] Seq=144 Ack=284758 Win=164864 Len=0 TSval=3045553824 TSecr=2916034040"
"13123","29.969458915","192.168.1.55","192.168.1.2","TCP","1514","8004  >  49992 [ACK] Seq=424454 Ack=144 Win=65024 Len=1448 TSval=2916034050 TSecr=3045553824 [TCP segment of a reassembled PDU]"
"13124","29.969461637","192.168.1.55","192.168.1.2","TCP","1514","8004  >  49992 [ACK] Seq=425902 Ack=144 Win=65024 Len=1448 TSval=2916034050 TSecr=3045553824 [TCP segment of a reassembled PDU]"
"13125","29.969462933","192.168.1.55","192.168.1.2","TCP","1514","8004  >  49992 [ACK] Seq=427350 Ack=144 Win=65024 Len=1448 TSval=2916034050 TSecr=3045553824 [TCP segment of a reassembled PDU]"
"13126","29.969464563","192.168.1.55","192.168.1.2","TCP","1514","8004  >  49992 [ACK] Seq=428798 Ack=144 Win=65024 Len=1448 TSval=2916034050 TSecr=3045553824 [TCP segment of a reassembled PDU]"
"13127","29.969465840","192.168.1.55","192.168.1.2","TCP","1514","8004  >  49992 [ACK] Seq=430246 Ack=144 Win=65024 Len=1448 TSval=2916034050 TSecr=3045553824 [TCP segment of a reassembled PDU]"
"13128","29.969467211","192.168.1.55","192.168.1.2","TCP","1514","8004  >  49992 [ACK] Seq=431694 Ack=144 Win=65024 Len=1448 TSval=2916034050 TSecr=3045553824 [TCP segment of a reassembled PDU]"
"13129","29.969468618","192.168.1.55","192.168.1.2","TCP","1514","8004  >  49992 [ACK] Seq=433142 Ack=144 Win=65024 Len=1448 TSval=2916034050 TSecr=3045553824 [TCP segment of a reassembled PDU]"
"13130","29.969469933","192.168.1.55","192.168.1.2","TCP","1514","8004  >  49992 [ACK] Seq=434590 Ack=144 Win=65024 Len=1448 TSval=2916034050 TSecr=3045553824 [TCP segment of a reassembled PDU]"
"13131","29.969471303","192.168.1.55","192.168.1.2","TCP","1514","8004  >  49992 [ACK] Seq=436038 Ack=144 Win=65024 Len=1448 TSval=2916034050 TSecr=3045553824 [TCP segment of a reassembled PDU]"
"13132","29.969472859","192.168.1.55","192.168.1.2","TCP","1514","8004  >  49992 [ACK] Seq=437486 Ack=144 Win=65024 Len=1448 TSval=2916034050 TSecr=3045553824 [TCP segment of a reassembled PDU]"
"13133","29.969474248","192.168.1.55","192.168.1.2","TCP","1514","8004  >  49992 [ACK] Seq=438934 Ack=144 Win=65024 Len=1448 TSval=2916034050 TSecr=3045553824 [TCP segment of a reassembled PDU]"
"13134","29.969475655","192.168.1.55","192.168.1.2","TCP","1514","8004  >  49992 [ACK] Seq=440382 Ack=144 Win=65024 Len=1448 TSval=2916034050 TSecr=3045553824 [TCP segment of a reassembled PDU]"
"13135","29.969477044","192.168.1.55","192.168.1.2","TCP","1514","8004  >  49992 [ACK] Seq=441830 Ack=144 Win=65024 Len=1448 TSval=2916034050 TSecr=3045553824 [TCP segment of a reassembled PDU]"
"13136","29.969478507","192.168.1.55","192.168.1.2","TCP","1514","8004  >  49992 [ACK] Seq=443278 Ack=144 Win=65024 Len=1448 TSval=2916034050 TSecr=3045553824 [TCP segment of a reassembled PDU]"
"13137","29.969479896","192.168.1.55","192.168.1.2","TCP","1514","8004  >  49992 [ACK] Seq=444726 Ack=144 Win=65024 Len=1448 TSval=2916034050 TSecr=3045553824 [TCP segment of a reassembled PDU]"
"13138","29.969481748","192.168.1.55","192.168.1.2","TCP","1514","8004  >  49992 [ACK] Seq=446174 Ack=144 Win=65024 Len=1448 TSval=2916034050 TSecr=3045553824 [TCP segment of a reassembled PDU]"
"13139","29.969483044","192.168.1.55","192.168.1.2","TCP","1514","8004  >  49992 [PSH, ACK] Seq=447622 Ack=144 Win=65024 Len=1448 TSval=2916034050 TSecr=3045553824 [TCP segment of a reassembled PDU]"
"13140","29.970180916","192.168.1.2","192.168.1.55","TCP","66","49992  >  8004 [ACK] Seq=144 Ack=286206 Win=166912 Len=0 TSval=3045553825 TSecr=2916034040"
"13141","29.970259194","192.168.1.2","192.168.1.55","TCP","66","49992  >  8004 [ACK] Seq=144 Ack=334678 Win=126976 Len=0 TSval=3045553825 TSecr=2916034041"
"13142","29.970270008","192.168.1.2","192.168.1.55","TCP","66","49992  >  8004 [ACK] Seq=144 Ack=373774 Win=94208 Len=0 TSval=3045553825 TSecr=2916034041"
"13143","29.970276342","192.168.1.2","192.168.1.55","TCP","66","49992  >  8004 [ACK] Seq=144 Ack=379566 Win=89088 Len=0 TSval=3045553825 TSecr=2916034041"
"13144","29.970281786","192.168.1.2","192.168.1.55","TCP","66","49992  >  8004 [ACK] Seq=144 Ack=385358 Win=83968 Len=0 TSval=3045553825 TSecr=2916034042"
"13145","29.970286453","192.168.1.2","192.168.1.55","TCP","66","49992  >  8004 [ACK] Seq=144 Ack=399838 Win=111616 Len=0 TSval=3045553825 TSecr=2916034042"
"13146","29.970310083","192.168.1.55","192.168.1.2","TCP","1514","8004  >  49992 [ACK] Seq=449070 Ack=144 Win=65024 Len=1448 TSval=2916034050 TSecr=3045553825 [TCP segment of a reassembled PDU]"
"13147","29.970312286","192.168.1.55","192.168.1.2","TCP","1514","8004  >  49992 [ACK] Seq=450518 Ack=144 Win=65024 Len=1448 TSval=2916034050 TSecr=3045553825 [TCP segment of a reassembled PDU]"
"13148","29.970313675","192.168.1.55","192.168.1.2","TCP","1514","8004  >  49992 [ACK] Seq=451966 Ack=144 Win=65024 Len=1448 TSval=2916034050 TSecr=3045553825 [TCP segment of a reassembled PDU]"
"13149","29.970315083","192.168.1.55","192.168.1.2","TCP","1514","8004  >  49992 [ACK] Seq=453414 Ack=144 Win=65024 Len=1448 TSval=2916034050 TSecr=3045553825 [TCP segment of a reassembled PDU]"
"13150","29.970316416","192.168.1.55","192.168.1.2","TCP","1514","8004  >  49992 [ACK] Seq=454862 Ack=144 Win=65024 Len=1448 TSval=2916034050 TSecr=3045553825 [TCP segment of a reassembled PDU]"
"13151","29.970317879","192.168.1.55","192.168.1.2","TCP","1514","8004  >  49992 [ACK] Seq=456310 Ack=144 Win=65024 Len=1448 TSval=2916034050 TSecr=3045553825 [TCP segment of a reassembled PDU]"
"13152","29.970319157","192.168.1.55","192.168.1.2","TCP","1514","8004  >  49992 [ACK] Seq=457758 Ack=144 Win=65024 Len=1448 TSval=2916034050 TSecr=3045553825 [TCP segment of a reassembled PDU]"
"13153","29.970320434","192.168.1.55","192.168.1.2","TCP","1514","8004  >  49992 [ACK] Seq=459206 Ack=144 Win=65024 Len=1448 TSval=2916034050 TSecr=3045553825 [TCP segment of a reassembled PDU]"
"13154","29.970321897","192.168.1.55","192.168.1.2","TCP","1514","8004  >  49992 [ACK] Seq=460654 Ack=144 Win=65024 Len=1448 TSval=2916034050 TSecr=3045553825 [TCP segment of a reassembled PDU]"
"13155","29.970323175","192.168.1.55","192.168.1.2","TCP","1514","8004  >  49992 [ACK] Seq=462102 Ack=144 Win=65024 Len=1448 TSval=2916034050 TSecr=3045553825 [TCP segment of a reassembled PDU]"
"13156","29.970324620","192.168.1.55","192.168.1.2","TCP","1514","8004  >  49992 [ACK] Seq=463550 Ack=144 Win=65024 Len=1448 TSval=2916034050 TSecr=3045553825 [TCP segment of a reassembled PDU]"
"13157","29.970326490","192.168.1.55","192.168.1.2","TCP","1514","8004  >  49992 [ACK] Seq=464998 Ack=144 Win=65024 Len=1448 TSval=2916034050 TSecr=3045553825 [TCP segment of a reassembled PDU]"
"13158","29.970327990","192.168.1.55","192.168.1.2","TCP","1514","8004  >  49992 [ACK] Seq=466446 Ack=144 Win=65024 Len=1448 TSval=2916034050 TSecr=3045553825 [TCP segment of a reassembled PDU]"
"13159","29.970329379","192.168.1.55","192.168.1.2","TCP","1514","8004  >  49992 [PSH, ACK] Seq=467894 Ack=144 Win=65024 Len=1448 TSval=2916034050 TSecr=3045553825 [TCP segment of a reassembled PDU]"
"13160","29.970352194","192.168.1.55","192.168.1.2","TCP","1514","8004  >  49992 [ACK] Seq=469342 Ack=144 Win=65024 Len=1448 TSval=2916034050 TSecr=3045553825 [TCP segment of a reassembled PDU]"
"13161","29.970353657","192.168.1.55","192.168.1.2","TCP","1514","8004  >  49992 [ACK] Seq=470790 Ack=144 Win=65024 Len=1448 TSval=2916034050 TSecr=3045553825 [TCP segment of a reassembled PDU]"
"13162","29.970355064","192.168.1.55","192.168.1.2","TCP","1514","8004  >  49992 [ACK] Seq=472238 Ack=144 Win=65024 Len=1448 TSval=2916034050 TSecr=3045553825 [TCP segment of a reassembled PDU]"
"13163","29.970356379","192.168.1.55","192.168.1.2","TCP","1514","8004  >  49992 [ACK] Seq=473686 Ack=144 Win=65024 Len=1448 TSval=2916034050 TSecr=3045553825 [TCP segment of a reassembled PDU]"
"13164","29.970357805","192.168.1.55","192.168.1.2","TCP","1514","8004  >  49992 [ACK] Seq=475134 Ack=144 Win=65024 Len=1448 TSval=2916034050 TSecr=3045553825 [TCP segment of a reassembled PDU]"
"13165","29.970359101","192.168.1.55","192.168.1.2","TCP","1514","8004  >  49992 [ACK] Seq=476582 Ack=144 Win=65024 Len=1448 TSval=2916034050 TSecr=3045553825 [TCP segment of a reassembled PDU]"
"13166","29.970360416","192.168.1.55","192.168.1.2","TCP","1514","8004  >  49992 [ACK] Seq=478030 Ack=144 Win=65024 Len=1448 TSval=2916034050 TSecr=3045553825 [TCP segment of a reassembled PDU]"
"13167","29.970361805","192.168.1.55","192.168.1.2","TCP","1514","8004  >  49992 [ACK] Seq=479478 Ack=144 Win=65024 Len=1448 TSval=2916034050 TSecr=3045553825 [TCP segment of a reassembled PDU]"
"13168","29.970363138","192.168.1.55","192.168.1.2","TCP","1514","8004  >  49992 [ACK] Seq=480926 Ack=144 Win=65024 Len=1448 TSval=2916034050 TSecr=3045553825 [TCP segment of a reassembled PDU]"
"13169","29.970364601","192.168.1.55","192.168.1.2","TCP","1514","8004  >  49992 [ACK] Seq=482374 Ack=144 Win=65024 Len=1448 TSval=2916034050 TSecr=3045553825 [TCP segment of a reassembled PDU]"
"13170","29.970365916","192.168.1.55","192.168.1.2","TCP","1514","8004  >  49992 [ACK] Seq=483822 Ack=144 Win=65024 Len=1448 TSval=2916034050 TSecr=3045553825 [TCP segment of a reassembled PDU]"
"13171","29.970367323","192.168.1.55","192.168.1.2","TCP","1514","8004  >  49992 [ACK] Seq=485270 Ack=144 Win=65024 Len=1448 TSval=2916034050 TSecr=3045553825 [TCP segment of a reassembled PDU]"
"13172","29.970368842","192.168.1.55","192.168.1.2","TCP","1514","8004  >  49992 [ACK] Seq=486718 Ack=144 Win=65024 Len=1448 TSval=2916034050 TSecr=3045553825 [TCP segment of a reassembled PDU]"
"13173","29.970370194","192.168.1.55","192.168.1.2","TCP","1514","8004  >  49992 [ACK] Seq=488166 Ack=144 Win=65024 Len=1448 TSval=2916034050 TSecr=3045553825 [TCP segment of a reassembled PDU]"
"13174","29.970371620","192.168.1.55","192.168.1.2","TCP","1514","8004  >  49992 [ACK] Seq=489614 Ack=144 Win=65024 Len=1448 TSval=2916034050 TSecr=3045553825 [TCP segment of a reassembled PDU]"
"13175","29.970372990","192.168.1.55","192.168.1.2","TCP","1514","8004  >  49992 [ACK] Seq=491062 Ack=144 Win=65024 Len=1448 TSval=2916034050 TSecr=3045553825 [TCP segment of a reassembled PDU]"
"13176","29.970374527","192.168.1.55","192.168.1.2","TCP","1514","8004  >  49992 [ACK] Seq=492510 Ack=144 Win=65024 Len=1448 TSval=2916034050 TSecr=3045553825 [TCP segment of a reassembled PDU]"
"13177","29.970375935","192.168.1.55","192.168.1.2","TCP","1514","8004  >  49992 [ACK] Seq=493958 Ack=144 Win=65024 Len=1448 TSval=2916034050 TSecr=3045553825 [TCP segment of a reassembled PDU]"
"13178","29.970377435","192.168.1.55","192.168.1.2","TCP","1514","8004  >  49992 [ACK] Seq=495406 Ack=144 Win=65024 Len=1448 TSval=2916034050 TSecr=3045553825 [TCP segment of a reassembled PDU]"
"13179","29.970378879","192.168.1.55","192.168.1.2","TCP","1514","8004  >  49992 [ACK] Seq=496854 Ack=144 Win=65024 Len=1448 TSval=2916034050 TSecr=3045553825 [TCP segment of a reassembled PDU]"
"13180","29.970380472","192.168.1.55","192.168.1.2","HTTP","222","HTTP/1.0 200 OK  (PNG)"
"13181","29.970386694","192.168.1.2","192.168.1.55","TCP","66","49992  >  8004 [ACK] Seq=144 Ack=424454 Win=87040 Len=0 TSval=3045553825 TSecr=2916034044"
"13182","29.974924479","192.168.1.2","192.168.1.55","TCP","66","49992  >  8004 [ACK] Seq=144 Ack=449070 Win=148480 Len=0 TSval=3045553830 TSecr=2916034050"
"13183","29.975088905","192.168.1.2","192.168.1.55","TCP","66","49992  >  8004 [ACK] Seq=144 Ack=469342 Win=206848 Len=0 TSval=3045553830 TSecr=2916034050"
"13184","29.975095683","192.168.1.2","192.168.1.55","TCP","66","49992  >  8004 [ACK] Seq=144 Ack=496854 Win=223232 Len=0 TSval=3045553830 TSecr=2916034050"
"13185","29.975128257","192.168.1.2","192.168.1.55","TCP","66","49992  >  8004 [ACK] Seq=144 Ack=498302 Win=226304 Len=0 TSval=3045553830 TSecr=2916034050"
"13186","29.977009445","192.168.1.2","192.168.1.55","TCP","66","49992  >  8004 [FIN, ACK] Seq=144 Ack=498459 Win=229376 Len=0 TSval=3045553832 TSecr=2916034050"
"13187","29.977028093","192.168.1.55","192.168.1.2","TCP","66","8004  >  49992 [ACK] Seq=498459 Ack=145 Win=65024 Len=0 TSval=2916034057 TSecr=3045553832"
"13188","29.977072149","192.168.1.2","192.168.1.55","TCP","74","50004  >  8004 [SYN] Seq=0 Win=64240 Len=0 MSS=1460 SACK_PERM TSval=3045553832 TSecr=0 WS=1024"
"13189","29.977097001","192.168.1.55","192.168.1.2","TCP","74","8004  >  50004 [SYN, ACK] Seq=0 Ack=1 Win=65160 Len=0 MSS=1460 SACK_PERM TSval=2916034057 TSecr=3045553832 WS=128"
"13190","29.980338783","192.168.1.2","192.168.1.55","TCP","66","50004  >  8004 [ACK] Seq=1 Ack=1 Win=64512 Len=0 TSval=3045553835 TSecr=2916034057"
"13191","29.983559529","192.168.1.2","192.168.1.55","HTTP","206","GET /stego_benchmark.png HTTP/1.1 "
"13192","29.983570603","192.168.1.55","192.168.1.2","TCP","66","8004  >  50004 [ACK] Seq=1 Ack=141 Win=65024 Len=0 TSval=2916034064 TSecr=3045553835"
"13193","29.984037734","192.168.1.55","192.168.1.2","TCP","255","8004  >  50004 [PSH, ACK] Seq=1 Ack=141 Win=65024 Len=189 TSval=2916034064 TSecr=3045553835 [TCP segment of a reassembled PDU]"
"13194","29.984118345","192.168.1.55","192.168.1.2","TCP","1514","8004  >  50004 [ACK] Seq=190 Ack=141 Win=65024 Len=1448 TSval=2916034064 TSecr=3045553835 [TCP segment of a reassembled PDU]"
"13195","29.984122789","192.168.1.55","192.168.1.2","TCP","1514","8004  >  50004 [ACK] Seq=1638 Ack=141 Win=65024 Len=1448 TSval=2916034064 TSecr=3045553835 [TCP segment of a reassembled PDU]"
"13196","29.984124308","192.168.1.55","192.168.1.2","TCP","1514","8004  >  50004 [ACK] Seq=3086 Ack=141 Win=65024 Len=1448 TSval=2916034064 TSecr=3045553835 [TCP segment of a reassembled PDU]"
"13197","29.984125734","192.168.1.55","192.168.1.2","TCP","1514","8004  >  50004 [ACK] Seq=4534 Ack=141 Win=65024 Len=1448 TSval=2916034064 TSecr=3045553835 [TCP segment of a reassembled PDU]"
"13198","29.984127604","192.168.1.55","192.168.1.2","TCP","1514","8004  >  50004 [PSH, ACK] Seq=5982 Ack=141 Win=65024 Len=1448 TSval=2916034064 TSecr=3045553835 [TCP segment of a reassembled PDU]"
"13199","29.984142882","192.168.1.55","192.168.1.2","TCP","1514","8004  >  50004 [ACK] Seq=7430 Ack=141 Win=65024 Len=1448 TSval=2916034064 TSecr=3045553835 [TCP segment of a reassembled PDU]"
"13200","29.984144715","192.168.1.55","192.168.1.2","TCP","1514","8004  >  50004 [ACK] Seq=8878 Ack=141 Win=65024 Len=1448 TSval=2916034064 TSecr=3045553835 [TCP segment of a reassembled PDU]"
"13201","29.984145993","192.168.1.55","192.168.1.2","TCP","1514","8004  >  50004 [ACK] Seq=10326 Ack=141 Win=65024 Len=1448 TSval=2916034064 TSecr=3045553835 [TCP segment of a reassembled PDU]"
"13202","29.984147364","192.168.1.55","192.168.1.2","TCP","1514","8004  >  50004 [PSH, ACK] Seq=11774 Ack=141 Win=65024 Len=1448 TSval=2916034064 TSecr=3045553835 [TCP segment of a reassembled PDU]"
"13203","29.990454873","192.168.1.2","192.168.1.55","TCP","66","50004  >  8004 [ACK] Seq=141 Ack=190 Win=64512 Len=0 TSval=3045553842 TSecr=2916034064"
"13204","29.990504966","192.168.1.55","192.168.1.2","TCP","1514","8004  >  50004 [ACK] Seq=13222 Ack=141 Win=65024 Len=1448 TSval=2916034071 TSecr=3045553842 [TCP segment of a reassembled PDU]"
"13205","29.990510207","192.168.1.55","192.168.1.2","TCP","1514","8004  >  50004 [PSH, ACK] Seq=14670 Ack=141 Win=65024 Len=1448 TSval=2916034071 TSecr=3045553842 [TCP segment of a reassembled PDU]"
"13206","29.990588633","192.168.1.2","192.168.1.55","TCP","66","50004  >  8004 [ACK] Seq=141 Ack=7430 Win=64512 Len=0 TSval=3045553842 TSecr=2916034064"
"13207","29.990614374","192.168.1.55","192.168.1.2","TCP","1514","8004  >  50004 [ACK] Seq=16118 Ack=141 Win=65024 Len=1448 TSval=2916034071 TSecr=3045553842 [TCP segment of a reassembled PDU]"
"13208","29.990616429","192.168.1.55","192.168.1.2","TCP","1514","8004  >  50004 [ACK] Seq=17566 Ack=141 Win=65024 Len=1448 TSval=2916034071 TSecr=3045553842 [TCP segment of a reassembled PDU]"
"13209","29.990617837","192.168.1.55","192.168.1.2","TCP","1514","8004  >  50004 [ACK] Seq=19014 Ack=141 Win=65024 Len=1448 TSval=2916034071 TSecr=3045553842 [TCP segment of a reassembled PDU]"
"13210","29.990619114","192.168.1.55","192.168.1.2","TCP","1514","8004  >  50004 [ACK] Seq=20462 Ack=141 Win=65024 Len=1448 TSval=2916034071 TSecr=3045553842 [TCP segment of a reassembled PDU]"
"13211","29.990620392","192.168.1.55","192.168.1.2","TCP","1514","8004  >  50004 [ACK] Seq=21910 Ack=141 Win=65024 Len=1448 TSval=2916034071 TSecr=3045553842 [TCP segment of a reassembled PDU]"
"13212","29.990621763","192.168.1.55","192.168.1.2","TCP","1514","8004  >  50004 [ACK] Seq=23358 Ack=141 Win=65024 Len=1448 TSval=2916034071 TSecr=3045553842 [TCP segment of a reassembled PDU]"
"13213","29.990623188","192.168.1.55","192.168.1.2","TCP","1514","8004  >  50004 [ACK] Seq=24806 Ack=141 Win=65024 Len=1448 TSval=2916034071 TSecr=3045553842 [TCP segment of a reassembled PDU]"
"13214","29.990624800","192.168.1.55","192.168.1.2","TCP","1514","8004  >  50004 [PSH, ACK] Seq=26254 Ack=141 Win=65024 Len=1448 TSval=2916034071 TSecr=3045553842 [TCP segment of a reassembled PDU]"
"13215","29.990630151","192.168.1.2","192.168.1.55","TCP","66","50004  >  8004 [ACK] Seq=141 Ack=10326 Win=70656 Len=0 TSval=3045553843 TSecr=2916034064"
"13216","29.990650059","192.168.1.55","192.168.1.2","TCP","1514","8004  >  50004 [ACK] Seq=27702 Ack=141 Win=65024 Len=1448 TSval=2916034071 TSecr=3045553843 [TCP segment of a reassembled PDU]"
"13217","29.990652596","192.168.1.55","192.168.1.2","TCP","1514","8004  >  50004 [ACK] Seq=29150 Ack=141 Win=65024 Len=1448 TSval=2916034071 TSecr=3045553843 [TCP segment of a reassembled PDU]"
"13218","29.990654022","192.168.1.55","192.168.1.2","TCP","1514","8004  >  50004 [ACK] Seq=30598 Ack=141 Win=65024 Len=1448 TSval=2916034071 TSecr=3045553843 [TCP segment of a reassembled PDU]"
"13219","29.990655392","192.168.1.55","192.168.1.2","TCP","1514","8004  >  50004 [ACK] Seq=32046 Ack=141 Win=65024 Len=1448 TSval=2916034071 TSecr=3045553843 [TCP segment of a reassembled PDU]"
"13220","29.990656781","192.168.1.55","192.168.1.2","TCP","1514","8004  >  50004 [ACK] Seq=33494 Ack=141 Win=65024 Len=1448 TSval=2916034071 TSecr=3045553843 [TCP segment of a reassembled PDU]"
"13221","29.990658337","192.168.1.55","192.168.1.2","TCP","1514","8004  >  50004 [PSH, ACK] Seq=34942 Ack=141 Win=65024 Len=1448 TSval=2916034071 TSecr=3045553843 [TCP segment of a reassembled PDU]"
"13222","29.990662855","192.168.1.2","192.168.1.55","TCP","66","50004  >  8004 [ACK] Seq=141 Ack=13222 Win=76800 Len=0 TSval=3045553843 TSecr=2916034064"
"13223","29.991363375","192.168.1.55","192.168.1.2","TCP","1514","8004  >  50004 [ACK] Seq=36390 Ack=141 Win=65024 Len=1448 TSval=2916034072 TSecr=3045553843 [TCP segment of a reassembled PDU]"
"13224","29.991367041","192.168.1.55","192.168.1.2","TCP","1514","8004  >  50004 [ACK] Seq=37838 Ack=141 Win=65024 Len=1448 TSval=2916034072 TSecr=3045553843 [TCP segment of a reassembled PDU]"
"13225","29.991368690","192.168.1.55","192.168.1.2","TCP","1514","8004  >  50004 [ACK] Seq=39286 Ack=141 Win=65024 Len=1448 TSval=2916034072 TSecr=3045553843 [TCP segment of a reassembled PDU]"
"13226","29.991370764","192.168.1.55","192.168.1.2","TCP","1514","8004  >  50004 [PSH, ACK] Seq=40734 Ack=141 Win=65024 Len=1448 TSval=2916034072 TSecr=3045553843 [TCP segment of a reassembled PDU]"
"13227","29.995618585","192.168.1.2","192.168.1.55","TCP","66","50004  >  8004 [ACK] Seq=141 Ack=16118 Win=76800 Len=0 TSval=3045553849 TSecr=2916034071"
"13228","29.995642067","192.168.1.55","192.168.1.2","TCP","1514","8004  >  50004 [ACK] Seq=42182 Ack=141 Win=65024 Len=1448 TSval=2916034076 TSecr=3045553849 [TCP segment of a reassembled PDU]"
"13229","29.995646493","192.168.1.55","192.168.1.2","TCP","1514","8004  >  50004 [PSH, ACK] Seq=43630 Ack=141 Win=65024 Len=1448 TSval=2916034076 TSecr=3045553849 [TCP segment of a reassembled PDU]"
"13230","29.995857123","192.168.1.2","192.168.1.55","TCP","66","50004  >  8004 [ACK] Seq=141 Ack=27702 Win=67584 Len=0 TSval=3045553850 TSecr=2916034071"
"13231","29.995889826","192.168.1.55","192.168.1.2","TCP","1514","8004  >  50004 [ACK] Seq=45078 Ack=141 Win=65024 Len=1448 TSval=2916034076 TSecr=3045553850 [TCP segment of a reassembled PDU]"
"13232","29.995892345","192.168.1.55","192.168.1.2","TCP","1514","8004  >  50004 [ACK] Seq=46526 Ack=141 Win=65024 Len=1448 TSval=2916034076 TSecr=3045553850 [TCP segment of a reassembled PDU]"
"13233","29.995893826","192.168.1.55","192.168.1.2","TCP","1514","8004  >  50004 [ACK] Seq=47974 Ack=141 Win=65024 Len=1448 TSval=2916034076 TSecr=3045553850 [TCP segment of a reassembled PDU]"
"13234","29.995895104","192.168.1.55","192.168.1.2","TCP","1514","8004  >  50004 [ACK] Seq=49422 Ack=141 Win=65024 Len=1448 TSval=2916034076 TSecr=3045553850 [TCP segment of a reassembled PDU]"
"13235","29.995897530","192.168.1.55","192.168.1.2","TCP","1514","8004  >  50004 [ACK] Seq=50870 Ack=141 Win=65024 Len=1448 TSval=2916034076 TSecr=3045553850 [TCP segment of a reassembled PDU]"
"13236","29.995899252","192.168.1.55","192.168.1.2","TCP","1514","8004  >  50004 [ACK] Seq=52318 Ack=141 Win=65024 Len=1448 TSval=2916034076 TSecr=3045553850 [TCP segment of a reassembled PDU]"
"13237","29.995900400","192.168.1.55","192.168.1.2","TCP","1514","8004  >  50004 [ACK] Seq=53766 Ack=141 Win=65024 Len=1448 TSval=2916034076 TSecr=3045553850 [TCP segment of a reassembled PDU]"
"13238","29.995901900","192.168.1.55","192.168.1.2","TCP","1514","8004  >  50004 [ACK] Seq=55214 Ack=141 Win=65024 Len=1448 TSval=2916034076 TSecr=3045553850 [TCP segment of a reassembled PDU]"
"13239","29.995903104","192.168.1.55","192.168.1.2","TCP","1514","8004  >  50004 [ACK] Seq=56662 Ack=141 Win=65024 Len=1448 TSval=2916034076 TSecr=3045553850 [TCP segment of a reassembled PDU]"
"13240","29.995904271","192.168.1.55","192.168.1.2","TCP","1514","8004  >  50004 [ACK] Seq=58110 Ack=141 Win=65024 Len=1448 TSval=2916034076 TSecr=3045553850 [TCP segment of a reassembled PDU]"
"13241","29.995905697","192.168.1.55","192.168.1.2","TCP","1514","8004  >  50004 [ACK] Seq=59558 Ack=141 Win=65024 Len=1448 TSval=2916034076 TSecr=3045553850 [TCP segment of a reassembled PDU]"
"13242","29.995907826","192.168.1.55","192.168.1.2","TCP","1514","8004  >  50004 [ACK] Seq=61006 Ack=141 Win=65024 Len=1448 TSval=2916034076 TSecr=3045553850 [TCP segment of a reassembled PDU]"
"13243","29.995909549","192.168.1.55","192.168.1.2","TCP","1514","8004  >  50004 [ACK] Seq=62454 Ack=141 Win=65024 Len=1448 TSval=2916034076 TSecr=3045553850 [TCP segment of a reassembled PDU]"
"13244","29.995910863","192.168.1.55","192.168.1.2","TCP","1514","8004  >  50004 [ACK] Seq=63902 Ack=141 Win=65024 Len=1448 TSval=2916034076 TSecr=3045553850 [TCP segment of a reassembled PDU]"
"13245","29.995912326","192.168.1.55","192.168.1.2","TCP","1514","8004  >  50004 [PSH, ACK] Seq=65350 Ack=141 Win=65024 Len=1448 TSval=2916034076 TSecr=3045553850 [TCP segment of a reassembled PDU]"
"13246","29.995917734","192.168.1.2","192.168.1.55","TCP","66","50004  >  8004 [ACK] Seq=141 Ack=36390 Win=60416 Len=0 TSval=3045553850 TSecr=2916034071"
"13247","29.995941845","192.168.1.55","192.168.1.2","TCP","1514","8004  >  50004 [ACK] Seq=66798 Ack=141 Win=65024 Len=1448 TSval=2916034076 TSecr=3045553850 [TCP segment of a reassembled PDU]"
"13248","29.995944363","192.168.1.55","192.168.1.2","TCP","1514","8004  >  50004 [ACK] Seq=68246 Ack=141 Win=65024 Len=1448 TSval=2916034076 TSecr=3045553850 [TCP segment of a reassembled PDU]"
"13249","29.995945623","192.168.1.55","192.168.1.2","TCP","1514","8004  >  50004 [ACK] Seq=69694 Ack=141 Win=65024 Len=1448 TSval=2916034076 TSecr=3045553850 [TCP segment of a reassembled PDU]"
"13250","29.995946826","192.168.1.55","192.168.1.2","TCP","1514","8004  >  50004 [ACK] Seq=71142 Ack=141 Win=65024 Len=1448 TSval=2916034076 TSecr=3045553850 [TCP segment of a reassembled PDU]"
"13251","29.995947993","192.168.1.55","192.168.1.2","TCP","1514","8004  >  50004 [ACK] Seq=72590 Ack=141 Win=65024 Len=1448 TSval=2916034076 TSecr=3045553850 [TCP segment of a reassembled PDU]"
"13252","29.995957660","192.168.1.55","192.168.1.2","TCP","1514","8004  >  50004 [ACK] Seq=74038 Ack=141 Win=65024 Len=1448 TSval=2916034076 TSecr=3045553850 [TCP segment of a reassembled PDU]"
"13253","29.995959178","192.168.1.55","192.168.1.2","TCP","1514","8004  >  50004 [PSH, ACK] Seq=75486 Ack=141 Win=65024 Len=1448 TSval=2916034076 TSecr=3045553850 [TCP segment of a reassembled PDU]"
"13254","29.995963030","192.168.1.2","192.168.1.55","TCP","66","50004  >  8004 [ACK] Seq=141 Ack=39286 Win=76800 Len=0 TSval=3045553850 TSecr=2916034072"
"13255","29.995968049","192.168.1.2","192.168.1.55","TCP","66","50004  >  8004 [ACK] Seq=141 Ack=42182 Win=76800 Len=0 TSval=3045553850 TSecr=2916034072"
"13256","29.996867643","192.168.1.55","192.168.1.2","TCP","1514","8004  >  50004 [ACK] Seq=76934 Ack=141 Win=65024 Len=1448 TSval=2916034077 TSecr=3045553850 [TCP segment of a reassembled PDU]"
"13257","29.996876680","192.168.1.55","192.168.1.2","TCP","1514","8004  >  50004 [ACK] Seq=78382 Ack=141 Win=65024 Len=1448 TSval=2916034077 TSecr=3045553850 [TCP segment of a reassembled PDU]"
"13258","29.996878254","192.168.1.55","192.168.1.2","TCP","1514","8004  >  50004 [ACK] Seq=79830 Ack=141 Win=65024 Len=1448 TSval=2916034077 TSecr=3045553850 [TCP segment of a reassembled PDU]"
"13259","29.996880328","192.168.1.55","192.168.1.2","TCP","1514","8004  >  50004 [ACK] Seq=81278 Ack=141 Win=65024 Len=1448 TSval=2916034077 TSecr=3045553850 [TCP segment of a reassembled PDU]"
"13260","29.996882402","192.168.1.55","192.168.1.2","TCP","1514","8004  >  50004 [ACK] Seq=82726 Ack=141 Win=65024 Len=1448 TSval=2916034077 TSecr=3045553850 [TCP segment of a reassembled PDU]"
"13261","29.996884328","192.168.1.55","192.168.1.2","TCP","1514","8004  >  50004 [ACK] Seq=84174 Ack=141 Win=65024 Len=1448 TSval=2916034077 TSecr=3045553850 [TCP segment of a reassembled PDU]"
"13262","29.996885846","192.168.1.55","192.168.1.2","TCP","1514","8004  >  50004 [ACK] Seq=85622 Ack=141 Win=65024 Len=1448 TSval=2916034077 TSecr=3045553850 [TCP segment of a reassembled PDU]"
"13263","29.996887883","192.168.1.55","192.168.1.2","TCP","1514","8004  >  50004 [ACK] Seq=87070 Ack=141 Win=65024 Len=1448 TSval=2916034077 TSecr=3045553850 [TCP segment of a reassembled PDU]"
"13264","29.996890865","192.168.1.55","192.168.1.2","TCP","1514","8004  >  50004 [ACK] Seq=88518 Ack=141 Win=65024 Len=1448 TSval=2916034077 TSecr=3045553850 [TCP segment of a reassembled PDU]"
"13265","29.996892846","192.168.1.55","192.168.1.2","TCP","1514","8004  >  50004 [ACK] Seq=89966 Ack=141 Win=65024 Len=1448 TSval=2916034077 TSecr=3045553850 [TCP segment of a reassembled PDU]"
"13266","29.996894513","192.168.1.55","192.168.1.2","TCP","1514","8004  >  50004 [ACK] Seq=91414 Ack=141 Win=65024 Len=1448 TSval=2916034077 TSecr=3045553850 [TCP segment of a reassembled PDU]"
"13267","29.996896198","192.168.1.55","192.168.1.2","TCP","1514","8004  >  50004 [ACK] Seq=92862 Ack=141 Win=65024 Len=1448 TSval=2916034077 TSecr=3045553850 [TCP segment of a reassembled PDU]"
"13268","29.996898569","192.168.1.55","192.168.1.2","TCP","1514","8004  >  50004 [ACK] Seq=94310 Ack=141 Win=65024 Len=1448 TSval=2916034077 TSecr=3045553850 [TCP segment of a reassembled PDU]"
"13269","29.996900106","192.168.1.55","192.168.1.2","TCP","1514","8004  >  50004 [ACK] Seq=95758 Ack=141 Win=65024 Len=1448 TSval=2916034077 TSecr=3045553850 [TCP segment of a reassembled PDU]"
"13270","29.996901587","192.168.1.55","192.168.1.2","TCP","1514","8004  >  50004 [ACK] Seq=97206 Ack=141 Win=65024 Len=1448 TSval=2916034077 TSecr=3045553850 [TCP segment of a reassembled PDU]"
"13271","29.996903643","192.168.1.55","192.168.1.2","TCP","1514","8004  >  50004 [PSH, ACK] Seq=98654 Ack=141 Win=65024 Len=1448 TSval=2916034077 TSecr=3045553850 [TCP segment of a reassembled PDU]"
"13272","30.002119410","192.168.1.2","192.168.1.55","TCP","66","50004  >  8004 [ACK] Seq=141 Ack=45078 Win=74752 Len=0 TSval=3045553855 TSecr=2916034076"
"13273","30.002151577","192.168.1.55","192.168.1.2","TCP","1514","8004  >  50004 [ACK] Seq=100102 Ack=141 Win=65024 Len=1448 TSval=2916034082 TSecr=3045553855 [TCP segment of a reassembled PDU]"
"13274","30.002155503","192.168.1.55","192.168.1.2","TCP","1514","8004  >  50004 [ACK] Seq=101550 Ack=141 Win=65024 Len=1448 TSval=2916034082 TSecr=3045553855 [TCP segment of a reassembled PDU]"
"13275","30.002156818","192.168.1.55","192.168.1.2","TCP","1514","8004  >  50004 [ACK] Seq=102998 Ack=141 Win=65024 Len=1448 TSval=2916034082 TSecr=3045553855 [TCP segment of a reassembled PDU]"
"13276","30.002157984","192.168.1.55","192.168.1.2","TCP","1514","8004  >  50004 [PSH, ACK] Seq=104446 Ack=141 Win=65024 Len=1448 TSval=2916034082 TSecr=3045553855 [TCP segment of a reassembled PDU]"
"13277","30.003576487","192.168.1.2","192.168.1.55","TCP","66","50004  >  8004 [ACK] Seq=141 Ack=66798 Win=61440 Len=0 TSval=3045553855 TSecr=2916034076"
"13278","30.003597283","192.168.1.55","192.168.1.2","TCP","1514","8004  >  50004 [ACK] Seq=105894 Ack=141 Win=65024 Len=1448 TSval=2916034084 TSecr=3045553855 [TCP segment of a reassembled PDU]"
"13279","30.003599820","192.168.1.55","192.168.1.2","TCP","1514","8004  >  50004 [ACK] Seq=107342 Ack=141 Win=65024 Len=1448 TSval=2916034084 TSecr=3045553855 [TCP segment of a reassembled PDU]"
"13280","30.003600950","192.168.1.55","192.168.1.2","TCP","1514","8004  >  50004 [ACK] Seq=108790 Ack=141 Win=65024 Len=1448 TSval=2916034084 TSecr=3045553855 [TCP segment of a reassembled PDU]"
"13281","30.003602116","192.168.1.55","192.168.1.2","TCP","1514","8004  >  50004 [ACK] Seq=110238 Ack=141 Win=65024 Len=1448 TSval=2916034084 TSecr=3045553855 [TCP segment of a reassembled PDU]"
"13282","30.003603301","192.168.1.55","192.168.1.2","TCP","1514","8004  >  50004 [ACK] Seq=111686 Ack=141 Win=65024 Len=1448 TSval=2916034084 TSecr=3045553855 [TCP segment of a reassembled PDU]"
"13283","30.003604801","192.168.1.55","192.168.1.2","TCP","1514","8004  >  50004 [PSH, ACK] Seq=113134 Ack=141 Win=65024 Len=1448 TSval=2916034084 TSecr=3045553855 [TCP segment of a reassembled PDU]"
"13284","30.004162839","192.168.1.2","192.168.1.55","TCP","66","50004  >  8004 [ACK] Seq=141 Ack=76934 Win=53248 Len=0 TSval=3045553855 TSecr=2916034076"
"13285","30.004174821","192.168.1.2","192.168.1.55","TCP","66","50004  >  8004 [ACK] Seq=141 Ack=88518 Win=43008 Len=0 TSval=3045553855 TSecr=2916034077"
"13286","30.004193969","192.168.1.55","192.168.1.2","TCP","1514","8004  >  50004 [ACK] Seq=114582 Ack=141 Win=65024 Len=1448 TSval=2916034084 TSecr=3045553855 [TCP segment of a reassembled PDU]"
"13287","30.004196358","192.168.1.55","192.168.1.2","TCP","1514","8004  >  50004 [ACK] Seq=116030 Ack=141 Win=65024 Len=1448 TSval=2916034084 TSecr=3045553855 [TCP segment of a reassembled PDU]"
"13288","30.004197506","192.168.1.55","192.168.1.2","TCP","1514","8004  >  50004 [ACK] Seq=117478 Ack=141 Win=65024 Len=1448 TSval=2916034084 TSecr=3045553855 [TCP segment of a reassembled PDU]"
"13289","30.004198673","192.168.1.55","192.168.1.2","TCP","1514","8004  >  50004 [ACK] Seq=118926 Ack=141 Win=65024 Len=1448 TSval=2916034084 TSecr=3045553855 [TCP segment of a reassembled PDU]"
"13290","30.004199932","192.168.1.55","192.168.1.2","TCP","1514","8004  >  50004 [ACK] Seq=120374 Ack=141 Win=65024 Len=1448 TSval=2916034084 TSecr=3045553855 [TCP segment of a reassembled PDU]"
"13291","30.004201117","192.168.1.55","192.168.1.2","TCP","1514","8004  >  50004 [ACK] Seq=121822 Ack=141 Win=65024 Len=1448 TSval=2916034084 TSecr=3045553855 [TCP segment of a reassembled PDU]"
"13292","30.004202284","192.168.1.55","192.168.1.2","TCP","1514","8004  >  50004 [ACK] Seq=123270 Ack=141 Win=65024 Len=1448 TSval=2916034084 TSecr=3045553855 [TCP segment of a reassembled PDU]"
"13293","30.004203543","192.168.1.55","192.168.1.2","TCP","1514","8004  >  50004 [ACK] Seq=124718 Ack=141 Win=65024 Len=1448 TSval=2916034084 TSecr=3045553855 [TCP segment of a reassembled PDU]"
"13294","30.004204858","192.168.1.55","192.168.1.2","TCP","1514","8004  >  50004 [ACK] Seq=126166 Ack=141 Win=65024 Len=1448 TSval=2916034084 TSecr=3045553855 [TCP segment of a reassembled PDU]"
"13295","30.004206154","192.168.1.55","192.168.1.2","TCP","1514","8004  >  50004 [ACK] Seq=127614 Ack=141 Win=65024 Len=1448 TSval=2916034084 TSecr=3045553855 [TCP segment of a reassembled PDU]"
"13296","30.004207932","192.168.1.55","192.168.1.2","TCP","1514","8004  >  50004 [ACK] Seq=129062 Ack=141 Win=65024 Len=1448 TSval=2916034084 TSecr=3045553855 [TCP segment of a reassembled PDU]"
"13297","30.004209136","192.168.1.55","192.168.1.2","TCP","1082","[TCP Window Full] 8004  >  50004 [PSH, ACK] Seq=130510 Ack=141 Win=65024 Len=1016 TSval=2916034084 TSecr=3045553855 [TCP segment of a reassembled PDU]"
"13298","30.004213154","192.168.1.2","192.168.1.55","TCP","66","50004  >  8004 [ACK] Seq=141 Ack=100102 Win=66560 Len=0 TSval=3045553857 TSecr=2916034077"
"13299","30.004240636","192.168.1.55","192.168.1.2","TCP","1514","8004  >  50004 [ACK] Seq=131526 Ack=141 Win=65024 Len=1448 TSval=2916034084 TSecr=3045553857 [TCP segment of a reassembled PDU]"
"13300","30.004242414","192.168.1.55","192.168.1.2","TCP","1514","8004  >  50004 [ACK] Seq=132974 Ack=141 Win=65024 Len=1448 TSval=2916034084 TSecr=3045553857 [TCP segment of a reassembled PDU]"
"13301","30.004243654","192.168.1.55","192.168.1.2","TCP","1514","8004  >  50004 [ACK] Seq=134422 Ack=141 Win=65024 Len=1448 TSval=2916034084 TSecr=3045553857 [TCP segment of a reassembled PDU]"
"13302","30.004245043","192.168.1.55","192.168.1.2","TCP","1514","8004  >  50004 [ACK] Seq=135870 Ack=141 Win=65024 Len=1448 TSval=2916034084 TSecr=3045553857 [TCP segment of a reassembled PDU]"
"13303","30.004246302","192.168.1.55","192.168.1.2","TCP","1514","8004  >  50004 [ACK] Seq=137318 Ack=141 Win=65024 Len=1448 TSval=2916034084 TSecr=3045553857 [TCP segment of a reassembled PDU]"
"13304","30.004247543","192.168.1.55","192.168.1.2","TCP","1514","8004  >  50004 [ACK] Seq=138766 Ack=141 Win=65024 Len=1448 TSval=2916034084 TSecr=3045553857 [TCP segment of a reassembled PDU]"
"13305","30.004248691","192.168.1.55","192.168.1.2","TCP","1514","8004  >  50004 [ACK] Seq=140214 Ack=141 Win=65024 Len=1448 TSval=2916034084 TSecr=3045553857 [TCP segment of a reassembled PDU]"
"13306","30.004249895","192.168.1.55","192.168.1.2","TCP","1514","8004  >  50004 [ACK] Seq=141662 Ack=141 Win=65024 Len=1448 TSval=2916034084 TSecr=3045553857 [TCP segment of a reassembled PDU]"
"13307","30.004251173","192.168.1.55","192.168.1.2","TCP","1514","8004  >  50004 [ACK] Seq=143110 Ack=141 Win=65024 Len=1448 TSval=2916034084 TSecr=3045553857 [TCP segment of a reassembled PDU]"
"13308","30.004252339","192.168.1.55","192.168.1.2","TCP","1514","8004  >  50004 [ACK] Seq=144558 Ack=141 Win=65024 Len=1448 TSval=2916034084 TSecr=3045553857 [TCP segment of a reassembled PDU]"
"13309","30.004253617","192.168.1.55","192.168.1.2","TCP","1514","8004  >  50004 [ACK] Seq=146006 Ack=141 Win=65024 Len=1448 TSval=2916034084 TSecr=3045553857 [TCP segment of a reassembled PDU]"
"13310","30.004254784","192.168.1.55","192.168.1.2","TCP","1514","8004  >  50004 [ACK] Seq=147454 Ack=141 Win=65024 Len=1448 TSval=2916034084 TSecr=3045553857 [TCP segment of a reassembled PDU]"
"13311","30.004255988","192.168.1.55","192.168.1.2","TCP","1514","8004  >  50004 [ACK] Seq=148902 Ack=141 Win=65024 Len=1448 TSval=2916034084 TSecr=3045553857 [TCP segment of a reassembled PDU]"
"13312","30.004257358","192.168.1.55","192.168.1.2","TCP","1514","8004  >  50004 [PSH, ACK] Seq=150350 Ack=141 Win=65024 Len=1448 TSval=2916034084 TSecr=3045553857 [TCP segment of a reassembled PDU]"
"13313","30.004263488","192.168.1.55","192.168.1.2","TCP","498","8004  >  50004 [ACK] Seq=151798 Ack=141 Win=65024 Len=432 TSval=2916034084 TSecr=3045553857 [TCP segment of a reassembled PDU]"
"13314","30.004278877","192.168.1.55","192.168.1.2","TCP","1514","8004  >  50004 [ACK] Seq=152230 Ack=141 Win=65024 Len=1448 TSval=2916034084 TSecr=3045553857 [TCP segment of a reassembled PDU]"
"13315","30.004280488","192.168.1.55","192.168.1.2","TCP","1514","8004  >  50004 [ACK] Seq=153678 Ack=141 Win=65024 Len=1448 TSval=2916034084 TSecr=3045553857 [TCP segment of a reassembled PDU]"
"13316","30.004281895","192.168.1.55","192.168.1.2","TCP","1514","8004  >  50004 [ACK] Seq=155126 Ack=141 Win=65024 Len=1448 TSval=2916034084 TSecr=3045553857 [TCP segment of a reassembled PDU]"
"13317","30.004283062","192.168.1.55","192.168.1.2","TCP","1514","8004  >  50004 [ACK] Seq=156574 Ack=141 Win=65024 Len=1448 TSval=2916034084 TSecr=3045553857 [TCP segment of a reassembled PDU]"
"13318","30.004284284","192.168.1.55","192.168.1.2","TCP","1514","8004  >  50004 [ACK] Seq=158022 Ack=141 Win=65024 Len=1448 TSval=2916034084 TSecr=3045553857 [TCP segment of a reassembled PDU]"
"13319","30.004285414","192.168.1.55","192.168.1.2","TCP","1514","8004  >  50004 [ACK] Seq=159470 Ack=141 Win=65024 Len=1448 TSval=2916034084 TSecr=3045553857 [TCP segment of a reassembled PDU]"
"13320","30.004286728","192.168.1.55","192.168.1.2","TCP","1514","8004  >  50004 [ACK] Seq=160918 Ack=141 Win=65024 Len=1448 TSval=2916034084 TSecr=3045553857 [TCP segment of a reassembled PDU]"
"13321","30.004288006","192.168.1.55","192.168.1.2","TCP","1514","8004  >  50004 [ACK] Seq=162366 Ack=141 Win=65024 Len=1448 TSval=2916034084 TSecr=3045553857 [TCP segment of a reassembled PDU]"
"13322","30.004289173","192.168.1.55","192.168.1.2","TCP","1514","8004  >  50004 [PSH, ACK] Seq=163814 Ack=141 Win=65024 Len=1448 TSval=2916034084 TSecr=3045553857 [TCP segment of a reassembled PDU]"
"13323","30.007715530","192.168.1.2","192.168.1.55","TCP","66","50004  >  8004 [ACK] Seq=141 Ack=105894 Win=71680 Len=0 TSval=3045553859 TSecr=2916034082"
"13324","30.007743141","192.168.1.55","192.168.1.2","TCP","1514","8004  >  50004 [ACK] Seq=165262 Ack=141 Win=65024 Len=1448 TSval=2916034088 TSecr=3045553859 [TCP segment of a reassembled PDU]"
"13325","30.007745975","192.168.1.55","192.168.1.2","TCP","1514","8004  >  50004 [ACK] Seq=166710 Ack=141 Win=65024 Len=1448 TSval=2916034088 TSecr=3045553859 [TCP segment of a reassembled PDU]"
"13326","30.007747345","192.168.1.55","192.168.1.2","TCP","1514","8004  >  50004 [ACK] Seq=168158 Ack=141 Win=65024 Len=1448 TSval=2916034088 TSecr=3045553859 [TCP segment of a reassembled PDU]"
"13327","30.007748604","192.168.1.55","192.168.1.2","TCP","1514","8004  >  50004 [ACK] Seq=169606 Ack=141 Win=65024 Len=1448 TSval=2916034088 TSecr=3045553859 [TCP segment of a reassembled PDU]"
"13328","30.007749845","192.168.1.55","192.168.1.2","TCP","1514","8004  >  50004 [ACK] Seq=171054 Ack=141 Win=65024 Len=1448 TSval=2916034088 TSecr=3045553859 [TCP segment of a reassembled PDU]"
"13329","30.007751123","192.168.1.55","192.168.1.2","TCP","1514","8004  >  50004 [ACK] Seq=172502 Ack=141 Win=65024 Len=1448 TSval=2916034088 TSecr=3045553859 [TCP segment of a reassembled PDU]"
"13330","30.007752289","192.168.1.55","192.168.1.2","TCP","1514","8004  >  50004 [ACK] Seq=173950 Ack=141 Win=65024 Len=1448 TSval=2916034088 TSecr=3045553859 [TCP segment of a reassembled PDU]"
"13331","30.007753678","192.168.1.55","192.168.1.2","TCP","1514","8004  >  50004 [PSH, ACK] Seq=175398 Ack=141 Win=65024 Len=1448 TSval=2916034088 TSecr=3045553859 [TCP segment of a reassembled PDU]"
"13332","30.009991497","192.168.1.2","192.168.1.55","TCP","66","50004  >  8004 [ACK] Seq=141 Ack=114582 Win=94208 Len=0 TSval=3045553864 TSecr=2916034084"
"13333","30.010013626","192.168.1.55","192.168.1.2","TCP","1514","8004  >  50004 [ACK] Seq=176846 Ack=141 Win=65024 Len=1448 TSval=2916034090 TSecr=3045553864 [TCP segment of a reassembled PDU]"
"13334","30.010016219","192.168.1.55","192.168.1.2","TCP","1514","8004  >  50004 [ACK] Seq=178294 Ack=141 Win=65024 Len=1448 TSval=2916034090 TSecr=3045553864 [TCP segment of a reassembled PDU]"
"13335","30.010017497","192.168.1.55","192.168.1.2","TCP","1514","8004  >  50004 [ACK] Seq=179742 Ack=141 Win=65024 Len=1448 TSval=2916034090 TSecr=3045553864 [TCP segment of a reassembled PDU]"
"13336","30.010018645","192.168.1.55","192.168.1.2","TCP","1514","8004  >  50004 [ACK] Seq=181190 Ack=141 Win=65024 Len=1448 TSval=2916034090 TSecr=3045553864 [TCP segment of a reassembled PDU]"
"13337","30.010019904","192.168.1.55","192.168.1.2","TCP","1514","8004  >  50004 [ACK] Seq=182638 Ack=141 Win=65024 Len=1448 TSval=2916034090 TSecr=3045553864 [TCP segment of a reassembled PDU]"
"13338","30.010021034","192.168.1.55","192.168.1.2","TCP","1514","8004  >  50004 [ACK] Seq=184086 Ack=141 Win=65024 Len=1448 TSval=2916034090 TSecr=3045553864 [TCP segment of a reassembled PDU]"
"13339","30.010022219","192.168.1.55","192.168.1.2","TCP","1514","8004  >  50004 [ACK] Seq=185534 Ack=141 Win=65024 Len=1448 TSval=2916034090 TSecr=3045553864 [TCP segment of a reassembled PDU]"
"13340","30.010023515","192.168.1.55","192.168.1.2","TCP","1514","8004  >  50004 [ACK] Seq=186982 Ack=141 Win=65024 Len=1448 TSval=2916034090 TSecr=3045553864 [TCP segment of a reassembled PDU]"
"13341","30.010024682","192.168.1.55","192.168.1.2","TCP","1514","8004  >  50004 [PSH, ACK] Seq=188430 Ack=141 Win=65024 Len=1448 TSval=2916034090 TSecr=3045553864 [TCP segment of a reassembled PDU]"
"13342","30.010468460","192.168.1.2","192.168.1.55","TCP","66","50004  >  8004 [ACK] Seq=141 Ack=131526 Win=89088 Len=0 TSval=3045553864 TSecr=2916034084"
"13343","30.010498960","192.168.1.55","192.168.1.2","TCP","1514","8004  >  50004 [ACK] Seq=189878 Ack=141 Win=65024 Len=1448 TSval=2916034091 TSecr=3045553864 [TCP segment of a reassembled PDU]"
"13344","30.010500849","192.168.1.55","192.168.1.2","TCP","1514","8004  >  50004 [ACK] Seq=191326 Ack=141 Win=65024 Len=1448 TSval=2916034091 TSecr=3045553864 [TCP segment of a reassembled PDU]"
"13345","30.010502034","192.168.1.55","192.168.1.2","TCP","1514","8004  >  50004 [ACK] Seq=192774 Ack=141 Win=65024 Len=1448 TSval=2916034091 TSecr=3045553864 [TCP segment of a reassembled PDU]"
"13346","30.010503294","192.168.1.55","192.168.1.2","TCP","1514","8004  >  50004 [ACK] Seq=194222 Ack=141 Win=65024 Len=1448 TSval=2916034091 TSecr=3045553864 [TCP segment of a reassembled PDU]"
"13347","30.010504442","192.168.1.55","192.168.1.2","TCP","1514","8004  >  50004 [ACK] Seq=195670 Ack=141 Win=65024 Len=1448 TSval=2916034091 TSecr=3045553864 [TCP segment of a reassembled PDU]"
"13348","30.010505720","192.168.1.55","192.168.1.2","TCP","1514","8004  >  50004 [ACK] Seq=197118 Ack=141 Win=65024 Len=1448 TSval=2916034091 TSecr=3045553864 [TCP segment of a reassembled PDU]"
"13349","30.010506868","192.168.1.55","192.168.1.2","TCP","1514","8004  >  50004 [ACK] Seq=198566 Ack=141 Win=65024 Len=1448 TSval=2916034091 TSecr=3045553864 [TCP segment of a reassembled PDU]"
"13350","30.010508127","192.168.1.55","192.168.1.2","TCP","1514","8004  >  50004 [ACK] Seq=200014 Ack=141 Win=65024 Len=1448 TSval=2916034091 TSecr=3045553864 [TCP segment of a reassembled PDU]"
"13351","30.010509386","192.168.1.55","192.168.1.2","TCP","1514","8004  >  50004 [ACK] Seq=201462 Ack=141 Win=65024 Len=1448 TSval=2916034091 TSecr=3045553864 [TCP segment of a reassembled PDU]"
"13352","30.010510534","192.168.1.55","192.168.1.2","TCP","1514","8004  >  50004 [ACK] Seq=202910 Ack=141 Win=65024 Len=1448 TSval=2916034091 TSecr=3045553864 [TCP segment of a reassembled PDU]"
"13353","30.010511646","192.168.1.55","192.168.1.2","TCP","1514","8004  >  50004 [ACK] Seq=204358 Ack=141 Win=65024 Len=1448 TSval=2916034091 TSecr=3045553864 [TCP segment of a reassembled PDU]"
"13354","30.010512812","192.168.1.55","192.168.1.2","TCP","1514","8004  >  50004 [ACK] Seq=205806 Ack=141 Win=65024 Len=1448 TSval=2916034091 TSecr=3045553864 [TCP segment of a reassembled PDU]"
"13355","30.010514127","192.168.1.55","192.168.1.2","TCP","1514","8004  >  50004 [ACK] Seq=207254 Ack=141 Win=65024 Len=1448 TSval=2916034091 TSecr=3045553864 [TCP segment of a reassembled PDU]"
"13356","30.010515368","192.168.1.55","192.168.1.2","TCP","1514","8004  >  50004 [ACK] Seq=208702 Ack=141 Win=65024 Len=1448 TSval=2916034091 TSecr=3045553864 [TCP segment of a reassembled PDU]"
"13357","30.010516497","192.168.1.55","192.168.1.2","TCP","1514","8004  >  50004 [ACK] Seq=210150 Ack=141 Win=65024 Len=1448 TSval=2916034091 TSecr=3045553864 [TCP segment of a reassembled PDU]"
"13358","30.010517664","192.168.1.55","192.168.1.2","TCP","1514","8004  >  50004 [ACK] Seq=211598 Ack=141 Win=65024 Len=1448 TSval=2916034091 TSecr=3045553864 [TCP segment of a reassembled PDU]"
"13359","30.010518831","192.168.1.55","192.168.1.2","TCP","1514","8004  >  50004 [ACK] Seq=213046 Ack=141 Win=65024 Len=1448 TSval=2916034091 TSecr=3045553864 [TCP segment of a reassembled PDU]"
"13360","30.010519979","192.168.1.55","192.168.1.2","TCP","1514","8004  >  50004 [ACK] Seq=214494 Ack=141 Win=65024 Len=1448 TSval=2916034091 TSecr=3045553864 [TCP segment of a reassembled PDU]"
"13361","30.010521183","192.168.1.55","192.168.1.2","TCP","1514","8004  >  50004 [ACK] Seq=215942 Ack=141 Win=65024 Len=1448 TSval=2916034091 TSecr=3045553864 [TCP segment of a reassembled PDU]"
"13362","30.010522331","192.168.1.55","192.168.1.2","TCP","1514","8004  >  50004 [ACK] Seq=217390 Ack=141 Win=65024 Len=1448 TSval=2916034091 TSecr=3045553864 [TCP segment of a reassembled PDU]"
"13363","30.010523590","192.168.1.55","192.168.1.2","TCP","1514","8004  >  50004 [PSH, ACK] Seq=218838 Ack=141 Win=65024 Len=1448 TSval=2916034091 TSecr=3045553864 [TCP segment of a reassembled PDU]"
"13364","30.010527942","192.168.1.2","192.168.1.55","TCP","66","50004  >  8004 [ACK] Seq=141 Ack=151798 Win=72704 Len=0 TSval=3045553864 TSecr=2916034084"
"13365","30.010534294","192.168.1.2","192.168.1.55","TCP","66","50004  >  8004 [ACK] Seq=141 Ack=152230 Win=72704 Len=0 TSval=3045553864 TSecr=2916034084"
"13366","30.010587627","192.168.1.2","192.168.1.55","TCP","66","50004  >  8004 [ACK] Seq=141 Ack=165262 Win=70656 Len=0 TSval=3045553864 TSecr=2916034084"
"13367","30.010603349","192.168.1.55","192.168.1.2","TCP","1514","8004  >  50004 [ACK] Seq=220286 Ack=141 Win=65024 Len=1448 TSval=2916034091 TSecr=3045553864 [TCP segment of a reassembled PDU]"
"13368","30.010604961","192.168.1.55","192.168.1.2","TCP","1514","8004  >  50004 [ACK] Seq=221734 Ack=141 Win=65024 Len=1448 TSval=2916034091 TSecr=3045553864 [TCP segment of a reassembled PDU]"
"13369","30.010606257","192.168.1.55","192.168.1.2","TCP","1514","8004  >  50004 [ACK] Seq=223182 Ack=141 Win=65024 Len=1448 TSval=2916034091 TSecr=3045553864 [TCP segment of a reassembled PDU]"
"13370","30.010607738","192.168.1.55","192.168.1.2","TCP","1514","8004  >  50004 [ACK] Seq=224630 Ack=141 Win=65024 Len=1448 TSval=2916034091 TSecr=3045553864 [TCP segment of a reassembled PDU]"
"13371","30.010608886","192.168.1.55","192.168.1.2","TCP","1514","8004  >  50004 [PSH, ACK] Seq=226078 Ack=141 Win=65024 Len=1448 TSval=2916034091 TSecr=3045553864 [TCP segment of a reassembled PDU]"
"13372","30.010619775","192.168.1.55","192.168.1.2","TCP","1514","8004  >  50004 [ACK] Seq=227526 Ack=141 Win=65024 Len=1448 TSval=2916034091 TSecr=3045553864 [TCP segment of a reassembled PDU]"
"13373","30.010621016","192.168.1.55","192.168.1.2","TCP","1514","8004  >  50004 [ACK] Seq=228974 Ack=141 Win=65024 Len=1448 TSval=2916034091 TSecr=3045553864 [TCP segment of a reassembled PDU]"
"13374","30.010622627","192.168.1.55","192.168.1.2","TCP","1514","8004  >  50004 [ACK] Seq=230422 Ack=141 Win=65024 Len=1448 TSval=2916034091 TSecr=3045553864 [TCP segment of a reassembled PDU]"
"13375","30.010623738","192.168.1.55","192.168.1.2","TCP","1514","8004  >  50004 [ACK] Seq=231870 Ack=141 Win=65024 Len=1448 TSval=2916034091 TSecr=3045553864 [TCP segment of a reassembled PDU]"
"13376","30.010624868","192.168.1.55","192.168.1.2","TCP","1514","8004  >  50004 [ACK] Seq=233318 Ack=141 Win=65024 Len=1448 TSval=2916034091 TSecr=3045553864 [TCP segment of a reassembled PDU]"
"13377","30.010626164","192.168.1.55","192.168.1.2","TCP","1218","[TCP Window Full] 8004  >  50004 [PSH, ACK] Seq=234766 Ack=141 Win=65024 Len=1152 TSval=2916034091 TSecr=3045553864 [TCP segment of a reassembled PDU]"
"13378","30.010629757","192.168.1.2","192.168.1.55","TCP","66","50004  >  8004 [ACK] Seq=141 Ack=166710 Win=97280 Len=0 TSval=3045553865 TSecr=2916034088"
"13379","30.013151909","192.168.1.2","192.168.1.55","TCP","66","50004  >  8004 [ACK] Seq=141 Ack=168158 Win=100352 Len=0 TSval=3045553865 TSecr=2916034088"
"13380","30.013182113","192.168.1.55","192.168.1.2","TCP","1514","8004  >  50004 [ACK] Seq=235918 Ack=141 Win=65024 Len=1448 TSval=2916034093 TSecr=3045553865 [TCP segment of a reassembled PDU]"
"13381","30.013184891","192.168.1.55","192.168.1.2","TCP","1514","8004  >  50004 [ACK] Seq=237366 Ack=141 Win=65024 Len=1448 TSval=2916034093 TSecr=3045553865 [TCP segment of a reassembled PDU]"
"13382","30.013186168","192.168.1.55","192.168.1.2","TCP","1514","8004  >  50004 [ACK] Seq=238814 Ack=141 Win=65024 Len=1448 TSval=2916034093 TSecr=3045553865 [TCP segment of a reassembled PDU]"
"13383","30.013187520","192.168.1.55","192.168.1.2","TCP","1514","8004  >  50004 [ACK] Seq=240262 Ack=141 Win=65024 Len=1448 TSval=2916034093 TSecr=3045553865 [TCP segment of a reassembled PDU]"
"13384","30.013188816","192.168.1.55","192.168.1.2","TCP","1514","8004  >  50004 [ACK] Seq=241710 Ack=141 Win=65024 Len=1448 TSval=2916034093 TSecr=3045553865 [TCP segment of a reassembled PDU]"
"13385","30.013190002","192.168.1.55","192.168.1.2","TCP","1514","8004  >  50004 [ACK] Seq=243158 Ack=141 Win=65024 Len=1448 TSval=2916034093 TSecr=3045553865 [TCP segment of a reassembled PDU]"
"13386","30.013191261","192.168.1.55","192.168.1.2","TCP","1514","8004  >  50004 [ACK] Seq=244606 Ack=141 Win=65024 Len=1448 TSval=2916034093 TSecr=3045553865 [TCP segment of a reassembled PDU]"
"13387","30.013192465","192.168.1.55","192.168.1.2","TCP","1514","8004  >  50004 [ACK] Seq=246054 Ack=141 Win=65024 Len=1448 TSval=2916034093 TSecr=3045553865 [TCP segment of a reassembled PDU]"
"13388","30.013193650","192.168.1.55","192.168.1.2","TCP","1514","8004  >  50004 [ACK] Seq=247502 Ack=141 Win=65024 Len=1448 TSval=2916034093 TSecr=3045553865 [TCP segment of a reassembled PDU]"
"13389","30.013194965","192.168.1.55","192.168.1.2","TCP","1514","8004  >  50004 [ACK] Seq=248950 Ack=141 Win=65024 Len=1448 TSval=2916034093 TSecr=3045553865 [TCP segment of a reassembled PDU]"
"13390","30.013196242","192.168.1.55","192.168.1.2","TCP","1514","8004  >  50004 [ACK] Seq=250398 Ack=141 Win=65024 Len=1448 TSval=2916034093 TSecr=3045553865 [TCP segment of a reassembled PDU]"
"13391","30.013197446","192.168.1.55","192.168.1.2","TCP","1514","8004  >  50004 [ACK] Seq=251846 Ack=141 Win=65024 Len=1448 TSval=2916034093 TSecr=3045553865 [TCP segment of a reassembled PDU]"
"13392","30.013198650","192.168.1.55","192.168.1.2","TCP","1514","8004  >  50004 [ACK] Seq=253294 Ack=141 Win=65024 Len=1448 TSval=2916034093 TSecr=3045553865 [TCP segment of a reassembled PDU]"
"13393","30.013200298","192.168.1.55","192.168.1.2","TCP","1514","8004  >  50004 [ACK] Seq=254742 Ack=141 Win=65024 Len=1448 TSval=2916034093 TSecr=3045553865 [TCP segment of a reassembled PDU]"
"13394","30.013201594","192.168.1.55","192.168.1.2","TCP","1514","8004  >  50004 [ACK] Seq=256190 Ack=141 Win=65024 Len=1448 TSval=2916034093 TSecr=3045553865 [TCP segment of a reassembled PDU]"
"13395","30.013202779","192.168.1.55","192.168.1.2","TCP","1514","8004  >  50004 [ACK] Seq=257638 Ack=141 Win=65024 Len=1448 TSval=2916034093 TSecr=3045553865 [TCP segment of a reassembled PDU]"
"13396","30.013204150","192.168.1.55","192.168.1.2","TCP","1514","8004  >  50004 [ACK] Seq=259086 Ack=141 Win=65024 Len=1448 TSval=2916034093 TSecr=3045553865 [TCP segment of a reassembled PDU]"
"13397","30.013205335","192.168.1.55","192.168.1.2","TCP","1514","8004  >  50004 [ACK] Seq=260534 Ack=141 Win=65024 Len=1448 TSval=2916034093 TSecr=3045553865 [TCP segment of a reassembled PDU]"
"13398","30.013206483","192.168.1.55","192.168.1.2","TCP","1514","8004  >  50004 [ACK] Seq=261982 Ack=141 Win=65024 Len=1448 TSval=2916034093 TSecr=3045553865 [TCP segment of a reassembled PDU]"
"13399","30.013207816","192.168.1.55","192.168.1.2","TCP","1514","8004  >  50004 [PSH, ACK] Seq=263430 Ack=141 Win=65024 Len=1448 TSval=2916034093 TSecr=3045553865 [TCP segment of a reassembled PDU]"
"13400","30.013212909","192.168.1.55","192.168.1.2","TCP","362","8004  >  50004 [ACK] Seq=264878 Ack=141 Win=65024 Len=296 TSval=2916034093 TSecr=3045553865 [TCP segment of a reassembled PDU]"
"13401","30.016411062","192.168.1.2","192.168.1.55","TCP","66","50004  >  8004 [ACK] Seq=141 Ack=176846 Win=101376 Len=0 TSval=3045553867 TSecr=2916034088"
"13402","30.016457507","192.168.1.55","192.168.1.2","TCP","1514","8004  >  50004 [ACK] Seq=265174 Ack=141 Win=65024 Len=1448 TSval=2916034097 TSecr=3045553867 [TCP segment of a reassembled PDU]"
"13403","30.016463636","192.168.1.55","192.168.1.2","TCP","1514","8004  >  50004 [ACK] Seq=266622 Ack=141 Win=65024 Len=1448 TSval=2916034097 TSecr=3045553867 [TCP segment of a reassembled PDU]"
"13404","30.016465840","192.168.1.55","192.168.1.2","TCP","1514","8004  >  50004 [ACK] Seq=268070 Ack=141 Win=65024 Len=1448 TSval=2916034097 TSecr=3045553867 [TCP segment of a reassembled PDU]"
"13405","30.016468451","192.168.1.55","192.168.1.2","TCP","1514","8004  >  50004 [ACK] Seq=269518 Ack=141 Win=65024 Len=1448 TSval=2916034097 TSecr=3045553867 [TCP segment of a reassembled PDU]"
"13406","30.016470155","192.168.1.55","192.168.1.2","TCP","1514","8004  >  50004 [ACK] Seq=270966 Ack=141 Win=65024 Len=1448 TSval=2916034097 TSecr=3045553867 [TCP segment of a reassembled PDU]"
"13407","30.016471562","192.168.1.55","192.168.1.2","TCP","1514","8004  >  50004 [ACK] Seq=272414 Ack=141 Win=65024 Len=1448 TSval=2916034097 TSecr=3045553867 [TCP segment of a reassembled PDU]"
"13408","30.016472859","192.168.1.55","192.168.1.2","TCP","1514","8004  >  50004 [ACK] Seq=273862 Ack=141 Win=65024 Len=1448 TSval=2916034097 TSecr=3045553867 [TCP segment of a reassembled PDU]"
"13409","30.016474914","192.168.1.55","192.168.1.2","TCP","1514","8004  >  50004 [ACK] Seq=275310 Ack=141 Win=65024 Len=1448 TSval=2916034097 TSecr=3045553867 [TCP segment of a reassembled PDU]"
"13410","30.016476451","192.168.1.55","192.168.1.2","TCP","1514","8004  >  50004 [PSH, ACK] Seq=276758 Ack=141 Win=65024 Len=1448 TSval=2916034097 TSecr=3045553867 [TCP segment of a reassembled PDU]"
"13411","30.019201215","192.168.1.2","192.168.1.55","TCP","66","50004  >  8004 [ACK] Seq=141 Ack=189878 Win=101376 Len=0 TSval=3045553871 TSecr=2916034090"
"13412","30.019219307","192.168.1.55","192.168.1.2","TCP","1514","8004  >  50004 [ACK] Seq=278206 Ack=141 Win=65024 Len=1448 TSval=2916034099 TSecr=3045553871 [TCP segment of a reassembled PDU]"
"13413","30.019221289","192.168.1.55","192.168.1.2","TCP","1514","8004  >  50004 [ACK] Seq=279654 Ack=141 Win=65024 Len=1448 TSval=2916034099 TSecr=3045553871 [TCP segment of a reassembled PDU]"
"13414","30.019222159","192.168.1.55","192.168.1.2","TCP","1514","8004  >  50004 [ACK] Seq=281102 Ack=141 Win=65024 Len=1448 TSval=2916034099 TSecr=3045553871 [TCP segment of a reassembled PDU]"
"13415","30.019223067","192.168.1.55","192.168.1.2","TCP","1514","8004  >  50004 [ACK] Seq=282550 Ack=141 Win=65024 Len=1448 TSval=2916034099 TSecr=3045553871 [TCP segment of a reassembled PDU]"
"13416","30.019223974","192.168.1.55","192.168.1.2","TCP","1514","8004  >  50004 [ACK] Seq=283998 Ack=141 Win=65024 Len=1448 TSval=2916034099 TSecr=3045553871 [TCP segment of a reassembled PDU]"
"13417","30.019224937","192.168.1.55","192.168.1.2","TCP","1514","8004  >  50004 [ACK] Seq=285446 Ack=141 Win=65024 Len=1448 TSval=2916034099 TSecr=3045553871 [TCP segment of a reassembled PDU]"
"13418","30.019225844","192.168.1.55","192.168.1.2","TCP","1514","8004  >  50004 [ACK] Seq=286894 Ack=141 Win=65024 Len=1448 TSval=2916034099 TSecr=3045553871 [TCP segment of a reassembled PDU]"
"13419","30.019226807","192.168.1.55","192.168.1.2","TCP","1514","8004  >  50004 [ACK] Seq=288342 Ack=141 Win=65024 Len=1448 TSval=2916034099 TSecr=3045553871 [TCP segment of a reassembled PDU]"
"13420","30.019227715","192.168.1.55","192.168.1.2","TCP","1514","8004  >  50004 [PSH, ACK] Seq=289790 Ack=141 Win=65024 Len=1448 TSval=2916034099 TSecr=3045553871 [TCP segment of a reassembled PDU]"
"13421","30.019250382","192.168.1.2","192.168.1.55","TCP","66","50004  >  8004 [ACK] Seq=141 Ack=235918 Win=81920 Len=0 TSval=3045553872 TSecr=2916034091"
"13422","30.019267844","192.168.1.55","192.168.1.2","TCP","1514","8004  >  50004 [ACK] Seq=291238 Ack=141 Win=65024 Len=1448 TSval=2916034099 TSecr=3045553872 [TCP segment of a reassembled PDU]"
"13423","30.019269141","192.168.1.55","192.168.1.2","TCP","1514","8004  >  50004 [ACK] Seq=292686 Ack=141 Win=65024 Len=1448 TSval=2916034099 TSecr=3045553872 [TCP segment of a reassembled PDU]"
"13424","30.019270048","192.168.1.55","192.168.1.2","TCP","1514","8004  >  50004 [ACK] Seq=294134 Ack=141 Win=65024 Len=1448 TSval=2916034099 TSecr=3045553872 [TCP segment of a reassembled PDU]"
"13425","30.019270919","192.168.1.55","192.168.1.2","TCP","1514","8004  >  50004 [ACK] Seq=295582 Ack=141 Win=65024 Len=1448 TSval=2916034099 TSecr=3045553872 [TCP segment of a reassembled PDU]"
"13426","30.019271882","192.168.1.55","192.168.1.2","TCP","1514","8004  >  50004 [ACK] Seq=297030 Ack=141 Win=65024 Len=1448 TSval=2916034099 TSecr=3045553872 [TCP segment of a reassembled PDU]"
"13427","30.019272789","192.168.1.55","192.168.1.2","TCP","1514","8004  >  50004 [ACK] Seq=298478 Ack=141 Win=65024 Len=1448 TSval=2916034099 TSecr=3045553872 [TCP segment of a reassembled PDU]"
"13428","30.019274122","192.168.1.55","192.168.1.2","TCP","1514","8004  >  50004 [ACK] Seq=299926 Ack=141 Win=65024 Len=1448 TSval=2916034099 TSecr=3045553872 [TCP segment of a reassembled PDU]"
"13429","30.019274993","192.168.1.55","192.168.1.2","TCP","1514","8004  >  50004 [PSH, ACK] Seq=301374 Ack=141 Win=65024 Len=1448 TSval=2916034099 TSecr=3045553872 [TCP segment of a reassembled PDU]"
"13430","30.021623552","192.168.1.2","192.168.1.55","TCP","66","50004  >  8004 [ACK] Seq=141 Ack=261982 Win=106496 Len=0 TSval=3045553873 TSecr=2916034093"
"13431","30.021652867","192.168.1.55","192.168.1.2","TCP","1514","8004  >  50004 [ACK] Seq=302822 Ack=141 Win=65024 Len=1448 TSval=2916034102 TSecr=3045553873 [TCP segment of a reassembled PDU]"
"13432","30.021654941","192.168.1.55","192.168.1.2","TCP","1514","8004  >  50004 [ACK] Seq=304270 Ack=141 Win=65024 Len=1448 TSval=2916034102 TSecr=3045553873 [TCP segment of a reassembled PDU]"
"13433","30.021655978","192.168.1.55","192.168.1.2","TCP","1514","8004  >  50004 [ACK] Seq=305718 Ack=141 Win=65024 Len=1448 TSval=2916034102 TSecr=3045553873 [TCP segment of a reassembled PDU]"
"13434","30.021662533","192.168.1.55","192.168.1.2","TCP","1514","8004  >  50004 [ACK] Seq=307166 Ack=141 Win=65024 Len=1448 TSval=2916034102 TSecr=3045553873 [TCP segment of a reassembled PDU]"
"13435","30.021663885","192.168.1.55","192.168.1.2","TCP","1514","8004  >  50004 [ACK] Seq=308614 Ack=141 Win=65024 Len=1448 TSval=2916034102 TSecr=3045553873 [TCP segment of a reassembled PDU]"
"13436","30.021664848","192.168.1.55","192.168.1.2","TCP","1514","8004  >  50004 [ACK] Seq=310062 Ack=141 Win=65024 Len=1448 TSval=2916034102 TSecr=3045553873 [TCP segment of a reassembled PDU]"
"13437","30.021665737","192.168.1.55","192.168.1.2","TCP","1514","8004  >  50004 [ACK] Seq=311510 Ack=141 Win=65024 Len=1448 TSval=2916034102 TSecr=3045553873 [TCP segment of a reassembled PDU]"
"13438","30.021666700","192.168.1.55","192.168.1.2","TCP","1514","8004  >  50004 [ACK] Seq=312958 Ack=141 Win=65024 Len=1448 TSval=2916034102 TSecr=3045553873 [TCP segment of a reassembled PDU]"
"13439","30.021667719","192.168.1.55","192.168.1.2","TCP","1514","8004  >  50004 [ACK] Seq=314406 Ack=141 Win=65024 Len=1448 TSval=2916034102 TSecr=3045553873 [TCP segment of a reassembled PDU]"
"13440","30.021668663","192.168.1.55","192.168.1.2","TCP","1514","8004  >  50004 [ACK] Seq=315854 Ack=141 Win=65024 Len=1448 TSval=2916034102 TSecr=3045553873 [TCP segment of a reassembled PDU]"
"13441","30.021669663","192.168.1.55","192.168.1.2","TCP","1514","8004  >  50004 [ACK] Seq=317302 Ack=141 Win=65024 Len=1448 TSval=2916034102 TSecr=3045553873 [TCP segment of a reassembled PDU]"
"13442","30.021670552","192.168.1.55","192.168.1.2","TCP","1514","8004  >  50004 [ACK] Seq=318750 Ack=141 Win=65024 Len=1448 TSval=2916034102 TSecr=3045553873 [TCP segment of a reassembled PDU]"
"13443","30.021671737","192.168.1.55","192.168.1.2","TCP","1514","8004  >  50004 [ACK] Seq=320198 Ack=141 Win=65024 Len=1448 TSval=2916034102 TSecr=3045553873 [TCP segment of a reassembled PDU]"
"13444","30.021672645","192.168.1.55","192.168.1.2","TCP","1514","8004  >  50004 [ACK] Seq=321646 Ack=141 Win=65024 Len=1448 TSval=2916034102 TSecr=3045553873 [TCP segment of a reassembled PDU]"
"13445","30.021673515","192.168.1.55","192.168.1.2","TCP","1514","8004  >  50004 [ACK] Seq=323094 Ack=141 Win=65024 Len=1448 TSval=2916034102 TSecr=3045553873 [TCP segment of a reassembled PDU]"
"13446","30.021674496","192.168.1.55","192.168.1.2","TCP","1514","8004  >  50004 [ACK] Seq=324542 Ack=141 Win=65024 Len=1448 TSval=2916034102 TSecr=3045553873 [TCP segment of a reassembled PDU]"
"13447","30.021675441","192.168.1.55","192.168.1.2","TCP","1514","8004  >  50004 [ACK] Seq=325990 Ack=141 Win=65024 Len=1448 TSval=2916034102 TSecr=3045553873 [TCP segment of a reassembled PDU]"
"13448","30.021676348","192.168.1.55","192.168.1.2","TCP","1514","8004  >  50004 [ACK] Seq=327438 Ack=141 Win=65024 Len=1448 TSval=2916034102 TSecr=3045553873 [TCP segment of a reassembled PDU]"
"13449","30.021677385","192.168.1.55","192.168.1.2","TCP","1514","8004  >  50004 [ACK] Seq=328886 Ack=141 Win=65024 Len=1448 TSval=2916034102 TSecr=3045553873 [TCP segment of a reassembled PDU]"
"13450","30.021678515","192.168.1.55","192.168.1.2","TCP","1514","8004  >  50004 [ACK] Seq=330334 Ack=141 Win=65024 Len=1448 TSval=2916034102 TSecr=3045553873 [TCP segment of a reassembled PDU]"
"13451","30.021679700","192.168.1.55","192.168.1.2","TCP","1514","8004  >  50004 [ACK] Seq=331782 Ack=141 Win=65024 Len=1448 TSval=2916034102 TSecr=3045553873 [TCP segment of a reassembled PDU]"
"13452","30.021680774","192.168.1.55","192.168.1.2","TCP","1514","8004  >  50004 [ACK] Seq=333230 Ack=141 Win=65024 Len=1448 TSval=2916034102 TSecr=3045553873 [TCP segment of a reassembled PDU]"
"13453","30.021681811","192.168.1.55","192.168.1.2","TCP","1514","8004  >  50004 [ACK] Seq=334678 Ack=141 Win=65024 Len=1448 TSval=2916034102 TSecr=3045553873 [TCP segment of a reassembled PDU]"
"13454","30.021682959","192.168.1.55","192.168.1.2","TCP","1514","8004  >  50004 [ACK] Seq=336126 Ack=141 Win=65024 Len=1448 TSval=2916034102 TSecr=3045553873 [TCP segment of a reassembled PDU]"
"13455","30.021683848","192.168.1.55","192.168.1.2","TCP","1514","8004  >  50004 [ACK] Seq=337574 Ack=141 Win=65024 Len=1448 TSval=2916034102 TSecr=3045553873 [TCP segment of a reassembled PDU]"
"13456","30.021684737","192.168.1.55","192.168.1.2","TCP","1514","8004  >  50004 [PSH, ACK] Seq=339022 Ack=141 Win=65024 Len=1448 TSval=2916034102 TSecr=3045553873 [TCP segment of a reassembled PDU]"
"13457","30.025457539","192.168.1.2","192.168.1.55","TCP","66","50004  >  8004 [ACK] Seq=141 Ack=264878 Win=112640 Len=0 TSval=3045553875 TSecr=2916034093"
"13458","30.025577132","192.168.1.55","192.168.1.2","TCP","1514","8004  >  50004 [ACK] Seq=340470 Ack=141 Win=65024 Len=1448 TSval=2916034106 TSecr=3045553875 [TCP segment of a reassembled PDU]"
"13459","30.025584780","192.168.1.55","192.168.1.2","TCP","1514","8004  >  50004 [ACK] Seq=341918 Ack=141 Win=65024 Len=1448 TSval=2916034106 TSecr=3045553875 [TCP segment of a reassembled PDU]"
"13460","30.025586225","192.168.1.55","192.168.1.2","TCP","1514","8004  >  50004 [ACK] Seq=343366 Ack=141 Win=65024 Len=1448 TSval=2916034106 TSecr=3045553875 [TCP segment of a reassembled PDU]"
"13461","30.025587410","192.168.1.55","192.168.1.2","TCP","1514","8004  >  50004 [ACK] Seq=344814 Ack=141 Win=65024 Len=1448 TSval=2916034106 TSecr=3045553875 [TCP segment of a reassembled PDU]"
"13462","30.025588688","192.168.1.55","192.168.1.2","TCP","1514","8004  >  50004 [ACK] Seq=346262 Ack=141 Win=65024 Len=1448 TSval=2916034106 TSecr=3045553875 [TCP segment of a reassembled PDU]"
"13463","30.025590058","192.168.1.55","192.168.1.2","TCP","1514","8004  >  50004 [ACK] Seq=347710 Ack=141 Win=65024 Len=1448 TSval=2916034106 TSecr=3045553875 [TCP segment of a reassembled PDU]"
"13464","30.025591336","192.168.1.55","192.168.1.2","TCP","1514","8004  >  50004 [ACK] Seq=349158 Ack=141 Win=65024 Len=1448 TSval=2916034106 TSecr=3045553875 [TCP segment of a reassembled PDU]"
"13465","30.025592558","192.168.1.55","192.168.1.2","TCP","1514","8004  >  50004 [ACK] Seq=350606 Ack=141 Win=65024 Len=1448 TSval=2916034106 TSecr=3045553875 [TCP segment of a reassembled PDU]"
"13466","30.025593780","192.168.1.55","192.168.1.2","TCP","1514","8004  >  50004 [ACK] Seq=352054 Ack=141 Win=65024 Len=1448 TSval=2916034106 TSecr=3045553875 [TCP segment of a reassembled PDU]"
"13467","30.025594780","192.168.1.55","192.168.1.2","TCP","1514","8004  >  50004 [ACK] Seq=353502 Ack=141 Win=65024 Len=1448 TSval=2916034106 TSecr=3045553875 [TCP segment of a reassembled PDU]"
"13468","30.025595836","192.168.1.55","192.168.1.2","TCP","1514","8004  >  50004 [ACK] Seq=354950 Ack=141 Win=65024 Len=1448 TSval=2916034106 TSecr=3045553875 [TCP segment of a reassembled PDU]"
"13469","30.025596966","192.168.1.55","192.168.1.2","TCP","1514","8004  >  50004 [ACK] Seq=356398 Ack=141 Win=65024 Len=1448 TSval=2916034106 TSecr=3045553875 [TCP segment of a reassembled PDU]"
"13470","30.025598521","192.168.1.55","192.168.1.2","TCP","1514","8004  >  50004 [ACK] Seq=357846 Ack=141 Win=65024 Len=1448 TSval=2916034106 TSecr=3045553875 [TCP segment of a reassembled PDU]"
"13471","30.025600225","192.168.1.55","192.168.1.2","TCP","1514","8004  >  50004 [ACK] Seq=359294 Ack=141 Win=65024 Len=1448 TSval=2916034106 TSecr=3045553875 [TCP segment of a reassembled PDU]"
"13472","30.025601391","192.168.1.55","192.168.1.2","TCP","1514","8004  >  50004 [ACK] Seq=360742 Ack=141 Win=65024 Len=1448 TSval=2916034106 TSecr=3045553875 [TCP segment of a reassembled PDU]"
"13473","30.025602354","192.168.1.55","192.168.1.2","TCP","1514","8004  >  50004 [ACK] Seq=362190 Ack=141 Win=65024 Len=1448 TSval=2916034106 TSecr=3045553875 [TCP segment of a reassembled PDU]"
"13474","30.025603891","192.168.1.55","192.168.1.2","TCP","1514","8004  >  50004 [ACK] Seq=363638 Ack=141 Win=65024 Len=1448 TSval=2916034106 TSecr=3045553875 [TCP segment of a reassembled PDU]"
"13475","30.025605206","192.168.1.55","192.168.1.2","TCP","1514","8004  >  50004 [ACK] Seq=365086 Ack=141 Win=65024 Len=1448 TSval=2916034106 TSecr=3045553875 [TCP segment of a reassembled PDU]"
"13476","30.025606280","192.168.1.55","192.168.1.2","TCP","1514","8004  >  50004 [ACK] Seq=366534 Ack=141 Win=65024 Len=1448 TSval=2916034106 TSecr=3045553875 [TCP segment of a reassembled PDU]"
"13477","30.025607317","192.168.1.55","192.168.1.2","TCP","1514","8004  >  50004 [ACK] Seq=367982 Ack=141 Win=65024 Len=1448 TSval=2916034106 TSecr=3045553875 [TCP segment of a reassembled PDU]"
"13478","30.025608391","192.168.1.55","192.168.1.2","TCP","1514","8004  >  50004 [ACK] Seq=369430 Ack=141 Win=65024 Len=1448 TSval=2916034106 TSecr=3045553875 [TCP segment of a reassembled PDU]"
"13479","30.025609577","192.168.1.55","192.168.1.2","TCP","1514","8004  >  50004 [ACK] Seq=370878 Ack=141 Win=65024 Len=1448 TSval=2916034106 TSecr=3045553875 [TCP segment of a reassembled PDU]"
"13480","30.025610910","192.168.1.55","192.168.1.2","TCP","1514","8004  >  50004 [ACK] Seq=372326 Ack=141 Win=65024 Len=1448 TSval=2916034106 TSecr=3045553875 [TCP segment of a reassembled PDU]"
"13481","30.025612058","192.168.1.55","192.168.1.2","TCP","1514","8004  >  50004 [ACK] Seq=373774 Ack=141 Win=65024 Len=1448 TSval=2916034106 TSecr=3045553875 [TCP segment of a reassembled PDU]"
"13482","30.025613040","192.168.1.55","192.168.1.2","TCP","1514","8004  >  50004 [PSH, ACK] Seq=375222 Ack=141 Win=65024 Len=1448 TSval=2916034106 TSecr=3045553875 [TCP segment of a reassembled PDU]"
"13483","30.025623780","192.168.1.2","192.168.1.55","TCP","66","50004  >  8004 [ACK] Seq=141 Ack=265174 Win=115712 Len=0 TSval=3045553875 TSecr=2916034093"
"13484","30.025642947","192.168.1.55","192.168.1.2","TCP","1514","8004  >  50004 [PSH, ACK] Seq=376670 Ack=141 Win=65024 Len=1448 TSval=2916034106 TSecr=3045553875 [TCP segment of a reassembled PDU]"
"13485","30.025647392","192.168.1.2","192.168.1.55","TCP","66","50004  >  8004 [ACK] Seq=141 Ack=278206 Win=113664 Len=0 TSval=3045553875 TSecr=2916034097"
"13486","30.025681966","192.168.1.2","192.168.1.55","TCP","66","50004  >  8004 [ACK] Seq=141 Ack=291238 Win=118784 Len=0 TSval=3045553878 TSecr=2916034099"
"13487","30.025708929","192.168.1.2","192.168.1.55","TCP","66","50004  >  8004 [ACK] Seq=141 Ack=302822 Win=142336 Len=0 TSval=3045553878 TSecr=2916034099"
"13488","30.025747651","192.168.1.55","192.168.1.2","TCP","1514","8004  >  50004 [ACK] Seq=378118 Ack=141 Win=65024 Len=1448 TSval=2916034106 TSecr=3045553878 [TCP segment of a reassembled PDU]"
"13489","30.025749799","192.168.1.55","192.168.1.2","TCP","1514","8004  >  50004 [ACK] Seq=379566 Ack=141 Win=65024 Len=1448 TSval=2916034106 TSecr=3045553878 [TCP segment of a reassembled PDU]"
"13490","30.025750762","192.168.1.55","192.168.1.2","TCP","1514","8004  >  50004 [ACK] Seq=381014 Ack=141 Win=65024 Len=1448 TSval=2916034106 TSecr=3045553878 [TCP segment of a reassembled PDU]"
"13491","30.025751744","192.168.1.55","192.168.1.2","TCP","1514","8004  >  50004 [ACK] Seq=382462 Ack=141 Win=65024 Len=1448 TSval=2916034106 TSecr=3045553878 [TCP segment of a reassembled PDU]"
"13492","30.025752781","192.168.1.55","192.168.1.2","TCP","1514","8004  >  50004 [ACK] Seq=383910 Ack=141 Win=65024 Len=1448 TSval=2916034106 TSecr=3045553878 [TCP segment of a reassembled PDU]"
"13493","30.025753799","192.168.1.55","192.168.1.2","TCP","1514","8004  >  50004 [ACK] Seq=385358 Ack=141 Win=65024 Len=1448 TSval=2916034106 TSecr=3045553878 [TCP segment of a reassembled PDU]"
"13494","30.025755132","192.168.1.55","192.168.1.2","TCP","1514","8004  >  50004 [ACK] Seq=386806 Ack=141 Win=65024 Len=1448 TSval=2916034106 TSecr=3045553878 [TCP segment of a reassembled PDU]"
"13495","30.025756188","192.168.1.55","192.168.1.2","TCP","1514","8004  >  50004 [ACK] Seq=388254 Ack=141 Win=65024 Len=1448 TSval=2916034106 TSecr=3045553878 [TCP segment of a reassembled PDU]"
"13496","30.025757169","192.168.1.55","192.168.1.2","TCP","1514","8004  >  50004 [ACK] Seq=389702 Ack=141 Win=65024 Len=1448 TSval=2916034106 TSecr=3045553878 [TCP segment of a reassembled PDU]"
"13497","30.025758410","192.168.1.55","192.168.1.2","TCP","1514","8004  >  50004 [ACK] Seq=391150 Ack=141 Win=65024 Len=1448 TSval=2916034106 TSecr=3045553878 [TCP segment of a reassembled PDU]"
"13498","30.025759318","192.168.1.55","192.168.1.2","TCP","1514","8004  >  50004 [ACK] Seq=392598 Ack=141 Win=65024 Len=1448 TSval=2916034106 TSecr=3045553878 [TCP segment of a reassembled PDU]"
"13499","30.025760503","192.168.1.55","192.168.1.2","TCP","1514","8004  >  50004 [ACK] Seq=394046 Ack=141 Win=65024 Len=1448 TSval=2916034106 TSecr=3045553878 [TCP segment of a reassembled PDU]"
"13500","30.025761614","192.168.1.55","192.168.1.2","TCP","1514","8004  >  50004 [ACK] Seq=395494 Ack=141 Win=65024 Len=1448 TSval=2916034106 TSecr=3045553878 [TCP segment of a reassembled PDU]"
"13501","30.025763373","192.168.1.55","192.168.1.2","TCP","1514","8004  >  50004 [ACK] Seq=396942 Ack=141 Win=65024 Len=1448 TSval=2916034106 TSecr=3045553878 [TCP segment of a reassembled PDU]"
"13502","30.025764355","192.168.1.55","192.168.1.2","TCP","1514","8004  >  50004 [ACK] Seq=398390 Ack=141 Win=65024 Len=1448 TSval=2916034106 TSecr=3045553878 [TCP segment of a reassembled PDU]"
"13503","30.025765521","192.168.1.55","192.168.1.2","TCP","1514","8004  >  50004 [ACK] Seq=399838 Ack=141 Win=65024 Len=1448 TSval=2916034106 TSecr=3045553878 [TCP segment of a reassembled PDU]"
"13504","30.025766503","192.168.1.55","192.168.1.2","TCP","1514","8004  >  50004 [ACK] Seq=401286 Ack=141 Win=65024 Len=1448 TSval=2916034106 TSecr=3045553878 [TCP segment of a reassembled PDU]"
"13505","30.025767503","192.168.1.55","192.168.1.2","TCP","1514","8004  >  50004 [ACK] Seq=402734 Ack=141 Win=65024 Len=1448 TSval=2916034106 TSecr=3045553878 [TCP segment of a reassembled PDU]"
"13506","30.025768484","192.168.1.55","192.168.1.2","TCP","1514","8004  >  50004 [ACK] Seq=404182 Ack=141 Win=65024 Len=1448 TSval=2916034106 TSecr=3045553878 [TCP segment of a reassembled PDU]"
"13507","30.025769466","192.168.1.55","192.168.1.2","TCP","1514","8004  >  50004 [ACK] Seq=405630 Ack=141 Win=65024 Len=1448 TSval=2916034106 TSecr=3045553878 [TCP segment of a reassembled PDU]"
"13508","30.025770744","192.168.1.55","192.168.1.2","TCP","1514","8004  >  50004 [ACK] Seq=407078 Ack=141 Win=65024 Len=1448 TSval=2916034106 TSecr=3045553878 [TCP segment of a reassembled PDU]"
"13509","30.025771725","192.168.1.55","192.168.1.2","TCP","1514","8004  >  50004 [ACK] Seq=408526 Ack=141 Win=65024 Len=1448 TSval=2916034106 TSecr=3045553878 [TCP segment of a reassembled PDU]"
"13510","30.025772762","192.168.1.55","192.168.1.2","TCP","1514","8004  >  50004 [ACK] Seq=409974 Ack=141 Win=65024 Len=1448 TSval=2916034106 TSecr=3045553878 [TCP segment of a reassembled PDU]"
"13511","30.025773725","192.168.1.55","192.168.1.2","TCP","1514","8004  >  50004 [ACK] Seq=411422 Ack=141 Win=65024 Len=1448 TSval=2916034106 TSecr=3045553878 [TCP segment of a reassembled PDU]"
"13512","30.025774799","192.168.1.55","192.168.1.2","TCP","1514","8004  >  50004 [ACK] Seq=412870 Ack=141 Win=65024 Len=1448 TSval=2916034106 TSecr=3045553878 [TCP segment of a reassembled PDU]"
"13513","30.025775725","192.168.1.55","192.168.1.2","TCP","1514","8004  >  50004 [PSH, ACK] Seq=414318 Ack=141 Win=65024 Len=1448 TSval=2916034106 TSecr=3045553878 [TCP segment of a reassembled PDU]"
"13514","30.025802910","192.168.1.2","192.168.1.55","TCP","66","50004  >  8004 [ACK] Seq=141 Ack=340470 Win=140288 Len=0 TSval=3045553881 TSecr=2916034102"
"13515","30.025850781","192.168.1.55","192.168.1.2","TCP","1514","8004  >  50004 [ACK] Seq=415766 Ack=141 Win=65024 Len=1448 TSval=2916034106 TSecr=3045553881 [TCP segment of a reassembled PDU]"
"13516","30.025853614","192.168.1.55","192.168.1.2","TCP","1514","8004  >  50004 [ACK] Seq=417214 Ack=141 Win=65024 Len=1448 TSval=2916034106 TSecr=3045553881 [TCP segment of a reassembled PDU]"
"13517","30.025854559","192.168.1.55","192.168.1.2","TCP","1514","8004  >  50004 [ACK] Seq=418662 Ack=141 Win=65024 Len=1448 TSval=2916034106 TSecr=3045553881 [TCP segment of a reassembled PDU]"
"13518","30.025855799","192.168.1.55","192.168.1.2","TCP","1514","8004  >  50004 [ACK] Seq=420110 Ack=141 Win=65024 Len=1448 TSval=2916034106 TSecr=3045553881 [TCP segment of a reassembled PDU]"
"13519","30.025856910","192.168.1.55","192.168.1.2","TCP","1514","8004  >  50004 [ACK] Seq=421558 Ack=141 Win=65024 Len=1448 TSval=2916034106 TSecr=3045553881 [TCP segment of a reassembled PDU]"
"13520","30.025857836","192.168.1.55","192.168.1.2","TCP","1514","8004  >  50004 [ACK] Seq=423006 Ack=141 Win=65024 Len=1448 TSval=2916034106 TSecr=3045553881 [TCP segment of a reassembled PDU]"
"13521","30.025858836","192.168.1.55","192.168.1.2","TCP","1514","8004  >  50004 [ACK] Seq=424454 Ack=141 Win=65024 Len=1448 TSval=2916034106 TSecr=3045553881 [TCP segment of a reassembled PDU]"
"13522","30.025859836","192.168.1.55","192.168.1.2","TCP","1514","8004  >  50004 [ACK] Seq=425902 Ack=141 Win=65024 Len=1448 TSval=2916034106 TSecr=3045553881 [TCP segment of a reassembled PDU]"
"13523","30.025860855","192.168.1.55","192.168.1.2","TCP","1514","8004  >  50004 [ACK] Seq=427350 Ack=141 Win=65024 Len=1448 TSval=2916034106 TSecr=3045553881 [TCP segment of a reassembled PDU]"
"13524","30.025861873","192.168.1.55","192.168.1.2","TCP","1514","8004  >  50004 [ACK] Seq=428798 Ack=141 Win=65024 Len=1448 TSval=2916034106 TSecr=3045553881 [TCP segment of a reassembled PDU]"
"13525","30.025862910","192.168.1.55","192.168.1.2","TCP","1514","8004  >  50004 [ACK] Seq=430246 Ack=141 Win=65024 Len=1448 TSval=2916034106 TSecr=3045553881 [TCP segment of a reassembled PDU]"
"13526","30.025863873","192.168.1.55","192.168.1.2","TCP","1514","8004  >  50004 [ACK] Seq=431694 Ack=141 Win=65024 Len=1448 TSval=2916034106 TSecr=3045553881 [TCP segment of a reassembled PDU]"
"13527","30.025864873","192.168.1.55","192.168.1.2","TCP","1514","8004  >  50004 [ACK] Seq=433142 Ack=141 Win=65024 Len=1448 TSval=2916034106 TSecr=3045553881 [TCP segment of a reassembled PDU]"
"13528","30.025865799","192.168.1.55","192.168.1.2","TCP","1514","8004  >  50004 [ACK] Seq=434590 Ack=141 Win=65024 Len=1448 TSval=2916034106 TSecr=3045553881 [TCP segment of a reassembled PDU]"
"13529","30.025867096","192.168.1.55","192.168.1.2","TCP","1514","8004  >  50004 [ACK] Seq=436038 Ack=141 Win=65024 Len=1448 TSval=2916034106 TSecr=3045553881 [TCP segment of a reassembled PDU]"
"13530","30.025868022","192.168.1.55","192.168.1.2","TCP","1514","8004  >  50004 [ACK] Seq=437486 Ack=141 Win=65024 Len=1448 TSval=2916034106 TSecr=3045553881 [TCP segment of a reassembled PDU]"
"13531","30.025869151","192.168.1.55","192.168.1.2","TCP","1514","8004  >  50004 [ACK] Seq=438934 Ack=141 Win=65024 Len=1448 TSval=2916034106 TSecr=3045553881 [TCP segment of a reassembled PDU]"
"13532","30.025870022","192.168.1.55","192.168.1.2","TCP","1514","8004  >  50004 [ACK] Seq=440382 Ack=141 Win=65024 Len=1448 TSval=2916034106 TSecr=3045553881 [TCP segment of a reassembled PDU]"
"13533","30.025870966","192.168.1.55","192.168.1.2","TCP","1514","8004  >  50004 [ACK] Seq=441830 Ack=141 Win=65024 Len=1448 TSval=2916034106 TSecr=3045553881 [TCP segment of a reassembled PDU]"
"13534","30.025871929","192.168.1.55","192.168.1.2","TCP","1514","8004  >  50004 [ACK] Seq=443278 Ack=141 Win=65024 Len=1448 TSval=2916034106 TSecr=3045553881 [TCP segment of a reassembled PDU]"
"13535","30.025872892","192.168.1.55","192.168.1.2","TCP","1514","8004  >  50004 [ACK] Seq=444726 Ack=141 Win=65024 Len=1448 TSval=2916034106 TSecr=3045553881 [TCP segment of a reassembled PDU]"
"13536","30.025873892","192.168.1.55","192.168.1.2","TCP","1514","8004  >  50004 [ACK] Seq=446174 Ack=141 Win=65024 Len=1448 TSval=2916034106 TSecr=3045553881 [TCP segment of a reassembled PDU]"
"13537","30.025874873","192.168.1.55","192.168.1.2","TCP","1514","8004  >  50004 [ACK] Seq=447622 Ack=141 Win=65024 Len=1448 TSval=2916034106 TSecr=3045553881 [TCP segment of a reassembled PDU]"
"13538","30.025875818","192.168.1.55","192.168.1.2","TCP","1514","8004  >  50004 [ACK] Seq=449070 Ack=141 Win=65024 Len=1448 TSval=2916034106 TSecr=3045553881 [TCP segment of a reassembled PDU]"
"13539","30.025876762","192.168.1.55","192.168.1.2","TCP","1514","8004  >  50004 [ACK] Seq=450518 Ack=141 Win=65024 Len=1448 TSval=2916034106 TSecr=3045553881 [TCP segment of a reassembled PDU]"
"13540","30.025877707","192.168.1.55","192.168.1.2","TCP","1514","8004  >  50004 [PSH, ACK] Seq=451966 Ack=141 Win=65024 Len=1448 TSval=2916034106 TSecr=3045553881 [TCP segment of a reassembled PDU]"
"13541","30.027133431","192.168.1.55","192.168.1.2","TCP","1514","8004  >  50004 [ACK] Seq=453414 Ack=141 Win=65024 Len=1448 TSval=2916034107 TSecr=3045553881 [TCP segment of a reassembled PDU]"
"13542","30.027140746","192.168.1.55","192.168.1.2","TCP","1514","8004  >  50004 [ACK] Seq=454862 Ack=141 Win=65024 Len=1448 TSval=2916034107 TSecr=3045553881 [TCP segment of a reassembled PDU]"
"13543","30.027141968","192.168.1.55","192.168.1.2","TCP","1514","8004  >  50004 [ACK] Seq=456310 Ack=141 Win=65024 Len=1448 TSval=2916034107 TSecr=3045553881 [TCP segment of a reassembled PDU]"
"13544","30.027143986","192.168.1.55","192.168.1.2","TCP","1514","8004  >  50004 [ACK] Seq=457758 Ack=141 Win=65024 Len=1448 TSval=2916034107 TSecr=3045553881 [TCP segment of a reassembled PDU]"
"13545","30.027145283","192.168.1.55","192.168.1.2","TCP","1514","8004  >  50004 [ACK] Seq=459206 Ack=141 Win=65024 Len=1448 TSval=2916034107 TSecr=3045553881 [TCP segment of a reassembled PDU]"
"13546","30.027146838","192.168.1.55","192.168.1.2","TCP","1514","8004  >  50004 [ACK] Seq=460654 Ack=141 Win=65024 Len=1448 TSval=2916034107 TSecr=3045553881 [TCP segment of a reassembled PDU]"
"13547","30.027147912","192.168.1.55","192.168.1.2","TCP","1514","8004  >  50004 [ACK] Seq=462102 Ack=141 Win=65024 Len=1448 TSval=2916034107 TSecr=3045553881 [TCP segment of a reassembled PDU]"
"13548","30.027149079","192.168.1.55","192.168.1.2","TCP","1514","8004  >  50004 [ACK] Seq=463550 Ack=141 Win=65024 Len=1448 TSval=2916034107 TSecr=3045553881 [TCP segment of a reassembled PDU]"
"13549","30.027150894","192.168.1.55","192.168.1.2","TCP","1514","8004  >  50004 [ACK] Seq=464998 Ack=141 Win=65024 Len=1448 TSval=2916034107 TSecr=3045553881 [TCP segment of a reassembled PDU]"
"13550","30.027151912","192.168.1.55","192.168.1.2","TCP","1514","8004  >  50004 [ACK] Seq=466446 Ack=141 Win=65024 Len=1448 TSval=2916034107 TSecr=3045553881 [TCP segment of a reassembled PDU]"
"13551","30.027152912","192.168.1.55","192.168.1.2","TCP","1514","8004  >  50004 [ACK] Seq=467894 Ack=141 Win=65024 Len=1448 TSval=2916034107 TSecr=3045553881 [TCP segment of a reassembled PDU]"
"13552","30.027155005","192.168.1.55","192.168.1.2","TCP","1514","8004  >  50004 [ACK] Seq=469342 Ack=141 Win=65024 Len=1448 TSval=2916034107 TSecr=3045553881 [TCP segment of a reassembled PDU]"
"13553","30.027156227","192.168.1.55","192.168.1.2","TCP","1514","8004  >  50004 [ACK] Seq=470790 Ack=141 Win=65024 Len=1448 TSval=2916034107 TSecr=3045553881 [TCP segment of a reassembled PDU]"
"13554","30.027157338","192.168.1.55","192.168.1.2","TCP","1514","8004  >  50004 [ACK] Seq=472238 Ack=141 Win=65024 Len=1448 TSval=2916034107 TSecr=3045553881 [TCP segment of a reassembled PDU]"
"13555","30.027159394","192.168.1.55","192.168.1.2","TCP","1514","8004  >  50004 [ACK] Seq=473686 Ack=141 Win=65024 Len=1448 TSval=2916034107 TSecr=3045553881 [TCP segment of a reassembled PDU]"
"13556","30.027161505","192.168.1.55","192.168.1.2","TCP","1514","8004  >  50004 [ACK] Seq=475134 Ack=141 Win=65024 Len=1448 TSval=2916034107 TSecr=3045553881 [TCP segment of a reassembled PDU]"
"13557","30.027162894","192.168.1.55","192.168.1.2","TCP","1514","8004  >  50004 [ACK] Seq=476582 Ack=141 Win=65024 Len=1448 TSval=2916034107 TSecr=3045553881 [TCP segment of a reassembled PDU]"
"13558","30.027163801","192.168.1.55","192.168.1.2","TCP","1514","8004  >  50004 [ACK] Seq=478030 Ack=141 Win=65024 Len=1448 TSval=2916034107 TSecr=3045553881 [TCP segment of a reassembled PDU]"
"13559","30.027164987","192.168.1.55","192.168.1.2","TCP","1346","[TCP Window Full] 8004  >  50004 [PSH, ACK] Seq=479478 Ack=141 Win=65024 Len=1280 TSval=2916034107 TSecr=3045553881 [TCP segment of a reassembled PDU]"
"13560","30.034516665","192.168.1.2","192.168.1.55","TCP","66","50004  >  8004 [ACK] Seq=141 Ack=376670 Win=143360 Len=0 TSval=3045553886 TSecr=2916034106"
"13561","30.034570572","192.168.1.55","192.168.1.2","TCP","1514","8004  >  50004 [ACK] Seq=480758 Ack=141 Win=65024 Len=1448 TSval=2916034115 TSecr=3045553886 [TCP segment of a reassembled PDU]"
"13562","30.034574165","192.168.1.55","192.168.1.2","TCP","1514","8004  >  50004 [ACK] Seq=482206 Ack=141 Win=65024 Len=1448 TSval=2916034115 TSecr=3045553886 [TCP segment of a reassembled PDU]"
"13563","30.034575313","192.168.1.55","192.168.1.2","TCP","1514","8004  >  50004 [ACK] Seq=483654 Ack=141 Win=65024 Len=1448 TSval=2916034115 TSecr=3045553886 [TCP segment of a reassembled PDU]"
"13564","30.034576387","192.168.1.55","192.168.1.2","TCP","1514","8004  >  50004 [ACK] Seq=485102 Ack=141 Win=65024 Len=1448 TSval=2916034115 TSecr=3045553886 [TCP segment of a reassembled PDU]"
"13565","30.034577461","192.168.1.55","192.168.1.2","TCP","1514","8004  >  50004 [ACK] Seq=486550 Ack=141 Win=65024 Len=1448 TSval=2916034115 TSecr=3045553886 [TCP segment of a reassembled PDU]"
"13566","30.034578591","192.168.1.55","192.168.1.2","TCP","1514","8004  >  50004 [ACK] Seq=487998 Ack=141 Win=65024 Len=1448 TSval=2916034115 TSecr=3045553886 [TCP segment of a reassembled PDU]"
"13567","30.034579646","192.168.1.55","192.168.1.2","TCP","1514","8004  >  50004 [PSH, ACK] Seq=489446 Ack=141 Win=65024 Len=1448 TSval=2916034115 TSecr=3045553886 [TCP segment of a reassembled PDU]"
"13568","30.034585665","192.168.1.55","192.168.1.2","TCP","234","8004  >  50004 [ACK] Seq=490894 Ack=141 Win=65024 Len=168 TSval=2916034115 TSecr=3045553886 [TCP segment of a reassembled PDU]"
"13569","30.034593220","192.168.1.55","192.168.1.2","TCP","1514","8004  >  50004 [ACK] Seq=491062 Ack=141 Win=65024 Len=1448 TSval=2916034115 TSecr=3045553886 [TCP segment of a reassembled PDU]"
"13570","30.034594313","192.168.1.55","192.168.1.2","TCP","1514","8004  >  50004 [ACK] Seq=492510 Ack=141 Win=65024 Len=1448 TSval=2916034115 TSecr=3045553886 [TCP segment of a reassembled PDU]"
"13571","30.034595480","192.168.1.55","192.168.1.2","TCP","1514","8004  >  50004 [ACK] Seq=493958 Ack=141 Win=65024 Len=1448 TSval=2916034115 TSecr=3045553886 [TCP segment of a reassembled PDU]"
"13572","30.034596794","192.168.1.55","192.168.1.2","TCP","1514","8004  >  50004 [ACK] Seq=495406 Ack=141 Win=65024 Len=1448 TSval=2916034115 TSecr=3045553886 [TCP segment of a reassembled PDU]"
"13573","30.034597813","192.168.1.55","192.168.1.2","TCP","1514","8004  >  50004 [PSH, ACK] Seq=496854 Ack=141 Win=65024 Len=1448 TSval=2916034115 TSecr=3045553886 [TCP segment of a reassembled PDU]"
"13574","30.034601757","192.168.1.55","192.168.1.2","HTTP","1472","HTTP/1.0 200 OK  (PNG)"
"13575","30.034631887","192.168.1.2","192.168.1.55","TCP","66","50004  >  8004 [ACK] Seq=141 Ack=408526 Win=143360 Len=0 TSval=3045553886 TSecr=2916034106"
"13576","30.036497186","192.168.1.2","192.168.1.55","TCP","66","50004  >  8004 [ACK] Seq=141 Ack=415766 Win=157696 Len=0 TSval=3045553891 TSecr=2916034106"
"13577","30.036622353","192.168.1.2","192.168.1.55","TCP","66","50004  >  8004 [ACK] Seq=141 Ack=453414 Win=136192 Len=0 TSval=3045553891 TSecr=2916034106"
"13578","30.036629483","192.168.1.2","192.168.1.55","TCP","66","50004  >  8004 [ACK] Seq=141 Ack=480758 Win=119808 Len=0 TSval=3045553891 TSecr=2916034107"
"13579","30.038049707","192.168.1.2","192.168.1.55","TCP","66","50004  >  8004 [ACK] Seq=141 Ack=490894 Win=163840 Len=0 TSval=3045553893 TSecr=2916034115"
"13580","30.038157856","192.168.1.2","192.168.1.55","TCP","66","50004  >  8004 [ACK] Seq=141 Ack=498302 Win=178176 Len=0 TSval=3045553893 TSecr=2916034115"
"13581","30.039639488","192.168.1.2","192.168.1.55","TCP","66","50004  >  8004 [FIN, ACK] Seq=141 Ack=499709 Win=181248 Len=0 TSval=3045553894 TSecr=2916034115"
"13582","30.039659025","192.168.1.55","192.168.1.2","TCP","66","8004  >  50004 [ACK] Seq=499709 Ack=142 Win=65024 Len=0 TSval=2916034120 TSecr=3045553894"
"13583","30.039767969","192.168.1.2","192.168.1.55","TCP","74","50014  >  8004 [SYN] Seq=0 Win=64240 Len=0 MSS=1460 SACK_PERM TSval=3045553894 TSecr=0 WS=1024"
"13584","30.039817284","192.168.1.55","192.168.1.2","TCP","74","8004  >  50014 [SYN, ACK] Seq=0 Ack=1 Win=65160 Len=0 MSS=1460 SACK_PERM TSval=2916034120 TSecr=3045553894 WS=128"
"13585","30.042876493","192.168.1.2","192.168.1.55","TCP","66","50014  >  8004 [ACK] Seq=1 Ack=1 Win=64512 Len=0 TSval=3045553897 TSecr=2916034120"
"13586","30.042995122","192.168.1.2","192.168.1.55","HTTP","209","GET /original_benchmark.png HTTP/1.1 "
"13587","30.043009326","192.168.1.55","192.168.1.2","TCP","66","8004  >  50014 [ACK] Seq=1 Ack=144 Win=65024 Len=0 TSval=2916034123 TSecr=3045553897"
"13588","30.043826976","192.168.1.55","192.168.1.2","TCP","255","8004  >  50014 [PSH, ACK] Seq=1 Ack=144 Win=65024 Len=189 TSval=2916034124 TSecr=3045553897 [TCP segment of a reassembled PDU]"
"13589","30.043909254","192.168.1.55","192.168.1.2","TCP","1514","8004  >  50014 [ACK] Seq=190 Ack=144 Win=65024 Len=1448 TSval=2916034124 TSecr=3045553897 [TCP segment of a reassembled PDU]"
"13590","30.043913902","192.168.1.55","192.168.1.2","TCP","1514","8004  >  50014 [ACK] Seq=1638 Ack=144 Win=65024 Len=1448 TSval=2916034124 TSecr=3045553897 [TCP segment of a reassembled PDU]"
"13591","30.043915439","192.168.1.55","192.168.1.2","TCP","1514","8004  >  50014 [ACK] Seq=3086 Ack=144 Win=65024 Len=1448 TSval=2916034124 TSecr=3045553897 [TCP segment of a reassembled PDU]"
"13592","30.043917087","192.168.1.55","192.168.1.2","TCP","1514","8004  >  50014 [ACK] Seq=4534 Ack=144 Win=65024 Len=1448 TSval=2916034124 TSecr=3045553897 [TCP segment of a reassembled PDU]"
"13593","30.043918846","192.168.1.55","192.168.1.2","TCP","1514","8004  >  50014 [PSH, ACK] Seq=5982 Ack=144 Win=65024 Len=1448 TSval=2916034124 TSecr=3045553897 [TCP segment of a reassembled PDU]"
"13594","30.043935013","192.168.1.55","192.168.1.2","TCP","1514","8004  >  50014 [ACK] Seq=7430 Ack=144 Win=65024 Len=1448 TSval=2916034124 TSecr=3045553897 [TCP segment of a reassembled PDU]"
"13595","30.043936550","192.168.1.55","192.168.1.2","TCP","1514","8004  >  50014 [ACK] Seq=8878 Ack=144 Win=65024 Len=1448 TSval=2916034124 TSecr=3045553897 [TCP segment of a reassembled PDU]"
"13596","30.043937754","192.168.1.55","192.168.1.2","TCP","1514","8004  >  50014 [ACK] Seq=10326 Ack=144 Win=65024 Len=1448 TSval=2916034124 TSecr=3045553897 [TCP segment of a reassembled PDU]"
"13597","30.043939179","192.168.1.55","192.168.1.2","TCP","1514","8004  >  50014 [PSH, ACK] Seq=11774 Ack=144 Win=65024 Len=1448 TSval=2916034124 TSecr=3045553897 [TCP segment of a reassembled PDU]"
"13598","30.049424484","192.168.1.2","192.168.1.55","TCP","66","50014  >  8004 [ACK] Seq=144 Ack=190 Win=64512 Len=0 TSval=3045553902 TSecr=2916034124"
"13599","30.049488651","192.168.1.55","192.168.1.2","TCP","1514","8004  >  50014 [ACK] Seq=13222 Ack=144 Win=65024 Len=1448 TSval=2916034130 TSecr=3045553902 [TCP segment of a reassembled PDU]"
"13600","30.049495225","192.168.1.55","192.168.1.2","TCP","1514","8004  >  50014 [PSH, ACK] Seq=14670 Ack=144 Win=65024 Len=1448 TSval=2916034130 TSecr=3045553902 [TCP segment of a reassembled PDU]"
"13601","30.049567355","192.168.1.2","192.168.1.55","TCP","66","50014  >  8004 [ACK] Seq=144 Ack=1638 Win=67584 Len=0 TSval=3045553902 TSecr=2916034124"
"13602","30.049578466","192.168.1.2","192.168.1.55","TCP","66","50014  >  8004 [ACK] Seq=144 Ack=7430 Win=79872 Len=0 TSval=3045553902 TSecr=2916034124"
"13603","30.049601633","192.168.1.55","192.168.1.2","TCP","1514","8004  >  50014 [ACK] Seq=16118 Ack=144 Win=65024 Len=1448 TSval=2916034130 TSecr=3045553902 [TCP segment of a reassembled PDU]"
"13604","30.049603522","192.168.1.55","192.168.1.2","TCP","1514","8004  >  50014 [ACK] Seq=17566 Ack=144 Win=65024 Len=1448 TSval=2916034130 TSecr=3045553902 [TCP segment of a reassembled PDU]"
"13605","30.049604966","192.168.1.55","192.168.1.2","TCP","1514","8004  >  50014 [ACK] Seq=19014 Ack=144 Win=65024 Len=1448 TSval=2916034130 TSecr=3045553902 [TCP segment of a reassembled PDU]"
"13606","30.049606244","192.168.1.55","192.168.1.2","TCP","1514","8004  >  50014 [ACK] Seq=20462 Ack=144 Win=65024 Len=1448 TSval=2916034130 TSecr=3045553902 [TCP segment of a reassembled PDU]"
"13607","30.049607577","192.168.1.55","192.168.1.2","TCP","1514","8004  >  50014 [ACK] Seq=21910 Ack=144 Win=65024 Len=1448 TSval=2916034130 TSecr=3045553902 [TCP segment of a reassembled PDU]"
"13608","30.049608985","192.168.1.55","192.168.1.2","TCP","1514","8004  >  50014 [ACK] Seq=23358 Ack=144 Win=65024 Len=1448 TSval=2916034130 TSecr=3045553902 [TCP segment of a reassembled PDU]"
"13609","30.049610337","192.168.1.55","192.168.1.2","TCP","1514","8004  >  50014 [ACK] Seq=24806 Ack=144 Win=65024 Len=1448 TSval=2916034130 TSecr=3045553902 [TCP segment of a reassembled PDU]"
"13610","30.049611633","192.168.1.55","192.168.1.2","TCP","1514","8004  >  50014 [PSH, ACK] Seq=26254 Ack=144 Win=65024 Len=1448 TSval=2916034130 TSecr=3045553902 [TCP segment of a reassembled PDU]"
"13611","30.049616096","192.168.1.2","192.168.1.55","TCP","66","50014  >  8004 [ACK] Seq=144 Ack=13222 Win=79872 Len=0 TSval=3045553902 TSecr=2916034124"
"13612","30.049639133","192.168.1.55","192.168.1.2","TCP","1514","8004  >  50014 [ACK] Seq=27702 Ack=144 Win=65024 Len=1448 TSval=2916034130 TSecr=3045553902 [TCP segment of a reassembled PDU]"
"13613","30.049642077","192.168.1.55","192.168.1.2","TCP","1514","8004  >  50014 [ACK] Seq=29150 Ack=144 Win=65024 Len=1448 TSval=2916034130 TSecr=3045553902 [TCP segment of a reassembled PDU]"
"13614","30.049643651","192.168.1.55","192.168.1.2","TCP","1514","8004  >  50014 [ACK] Seq=30598 Ack=144 Win=65024 Len=1448 TSval=2916034130 TSecr=3045553902 [TCP segment of a reassembled PDU]"
"13615","30.049645077","192.168.1.55","192.168.1.2","TCP","1514","8004  >  50014 [ACK] Seq=32046 Ack=144 Win=65024 Len=1448 TSval=2916034130 TSecr=3045553902 [TCP segment of a reassembled PDU]"
"13616","30.049646837","192.168.1.55","192.168.1.2","TCP","1514","8004  >  50014 [ACK] Seq=33494 Ack=144 Win=65024 Len=1448 TSval=2916034130 TSecr=3045553902 [TCP segment of a reassembled PDU]"
"13617","30.049648170","192.168.1.55","192.168.1.2","TCP","1514","8004  >  50014 [ACK] Seq=34942 Ack=144 Win=65024 Len=1448 TSval=2916034130 TSecr=3045553902 [TCP segment of a reassembled PDU]"
"13618","30.049649522","192.168.1.55","192.168.1.2","TCP","1514","8004  >  50014 [ACK] Seq=36390 Ack=144 Win=65024 Len=1448 TSval=2916034130 TSecr=3045553902 [TCP segment of a reassembled PDU]"
"13619","30.049650818","192.168.1.55","192.168.1.2","TCP","1514","8004  >  50014 [ACK] Seq=37838 Ack=144 Win=65024 Len=1448 TSval=2916034130 TSecr=3045553902 [TCP segment of a reassembled PDU]"
"13620","30.049652133","192.168.1.55","192.168.1.2","TCP","1514","8004  >  50014 [ACK] Seq=39286 Ack=144 Win=65024 Len=1448 TSval=2916034130 TSecr=3045553902 [TCP segment of a reassembled PDU]"
"13621","30.049661411","192.168.1.55","192.168.1.2","TCP","1514","8004  >  50014 [PSH, ACK] Seq=40734 Ack=144 Win=65024 Len=1448 TSval=2916034130 TSecr=3045553902 [TCP segment of a reassembled PDU]"
"13622","30.054178825","192.168.1.2","192.168.1.55","TCP","66","50014  >  8004 [ACK] Seq=144 Ack=16118 Win=84992 Len=0 TSval=3045553909 TSecr=2916034130"
"13623","30.054210918","192.168.1.55","192.168.1.2","TCP","1514","8004  >  50014 [ACK] Seq=42182 Ack=144 Win=65024 Len=1448 TSval=2916034134 TSecr=3045553909 [TCP segment of a reassembled PDU]"
"13624","30.054216751","192.168.1.55","192.168.1.2","TCP","1514","8004  >  50014 [PSH, ACK] Seq=43630 Ack=144 Win=65024 Len=1448 TSval=2916034134 TSecr=3045553909 [TCP segment of a reassembled PDU]"
"13625","30.054463492","192.168.1.2","192.168.1.55","TCP","66","50014  >  8004 [ACK] Seq=144 Ack=27702 Win=76800 Len=0 TSval=3045553909 TSecr=2916034130"
"13626","30.054496844","192.168.1.55","192.168.1.2","TCP","1514","8004  >  50014 [ACK] Seq=45078 Ack=144 Win=65024 Len=1448 TSval=2916034135 TSecr=3045553909 [TCP segment of a reassembled PDU]"
"13627","30.054500178","192.168.1.55","192.168.1.2","TCP","1514","8004  >  50014 [ACK] Seq=46526 Ack=144 Win=65024 Len=1448 TSval=2916034135 TSecr=3045553909 [TCP segment of a reassembled PDU]"
"13628","30.054501418","192.168.1.55","192.168.1.2","TCP","1514","8004  >  50014 [ACK] Seq=47974 Ack=144 Win=65024 Len=1448 TSval=2916034135 TSecr=3045553909 [TCP segment of a reassembled PDU]"
"13629","30.054502715","192.168.1.55","192.168.1.2","TCP","1514","8004  >  50014 [ACK] Seq=49422 Ack=144 Win=65024 Len=1448 TSval=2916034135 TSecr=3045553909 [TCP segment of a reassembled PDU]"
"13630","30.054504400","192.168.1.55","192.168.1.2","TCP","1514","8004  >  50014 [ACK] Seq=50870 Ack=144 Win=65024 Len=1448 TSval=2916034135 TSecr=3045553909 [TCP segment of a reassembled PDU]"
"13631","30.054506270","192.168.1.55","192.168.1.2","TCP","1514","8004  >  50014 [ACK] Seq=52318 Ack=144 Win=65024 Len=1448 TSval=2916034135 TSecr=3045553909 [TCP segment of a reassembled PDU]"
"13632","30.054507696","192.168.1.55","192.168.1.2","TCP","1514","8004  >  50014 [ACK] Seq=53766 Ack=144 Win=65024 Len=1448 TSval=2916034135 TSecr=3045553909 [TCP segment of a reassembled PDU]"
"13633","30.054509548","192.168.1.55","192.168.1.2","TCP","1514","8004  >  50014 [ACK] Seq=55214 Ack=144 Win=65024 Len=1448 TSval=2916034135 TSecr=3045553909 [TCP segment of a reassembled PDU]"
"13634","30.054510640","192.168.1.55","192.168.1.2","TCP","1514","8004  >  50014 [ACK] Seq=56662 Ack=144 Win=65024 Len=1448 TSval=2916034135 TSecr=3045553909 [TCP segment of a reassembled PDU]"
"13635","30.054511844","192.168.1.55","192.168.1.2","TCP","1514","8004  >  50014 [ACK] Seq=58110 Ack=144 Win=65024 Len=1448 TSval=2916034135 TSecr=3045553909 [TCP segment of a reassembled PDU]"
"13636","30.054512974","192.168.1.55","192.168.1.2","TCP","1514","8004  >  50014 [ACK] Seq=59558 Ack=144 Win=65024 Len=1448 TSval=2916034135 TSecr=3045553909 [TCP segment of a reassembled PDU]"
"13637","30.054514159","192.168.1.55","192.168.1.2","TCP","1514","8004  >  50014 [ACK] Seq=61006 Ack=144 Win=65024 Len=1448 TSval=2916034135 TSecr=3045553909 [TCP segment of a reassembled PDU]"
"13638","30.054515585","192.168.1.55","192.168.1.2","TCP","1514","8004  >  50014 [ACK] Seq=62454 Ack=144 Win=65024 Len=1448 TSval=2916034135 TSecr=3045553909 [TCP segment of a reassembled PDU]"
"13639","30.054517678","192.168.1.55","192.168.1.2","TCP","1514","8004  >  50014 [ACK] Seq=63902 Ack=144 Win=65024 Len=1448 TSval=2916034135 TSecr=3045553909 [TCP segment of a reassembled PDU]"
"13640","30.054519770","192.168.1.55","192.168.1.2","TCP","1514","8004  >  50014 [PSH, ACK] Seq=65350 Ack=144 Win=65024 Len=1448 TSval=2916034135 TSecr=3045553909 [TCP segment of a reassembled PDU]"
"13641","30.054524270","192.168.1.2","192.168.1.55","TCP","66","50014  >  8004 [ACK] Seq=144 Ack=36390 Win=69632 Len=0 TSval=3045553909 TSecr=2916034130"
"13642","30.054545307","192.168.1.55","192.168.1.2","TCP","1514","8004  >  50014 [ACK] Seq=66798 Ack=144 Win=65024 Len=1448 TSval=2916034135 TSecr=3045553909 [TCP segment of a reassembled PDU]"
"13643","30.054546715","192.168.1.55","192.168.1.2","TCP","1514","8004  >  50014 [ACK] Seq=68246 Ack=144 Win=65024 Len=1448 TSval=2916034135 TSecr=3045553909 [TCP segment of a reassembled PDU]"
"13644","30.054548529","192.168.1.55","192.168.1.2","TCP","1514","8004  >  50014 [ACK] Seq=69694 Ack=144 Win=65024 Len=1448 TSval=2916034135 TSecr=3045553909 [TCP segment of a reassembled PDU]"
"13645","30.054550066","192.168.1.55","192.168.1.2","TCP","1514","8004  >  50014 [ACK] Seq=71142 Ack=144 Win=65024 Len=1448 TSval=2916034135 TSecr=3045553909 [TCP segment of a reassembled PDU]"
"13646","30.054552844","192.168.1.55","192.168.1.2","TCP","1514","8004  >  50014 [ACK] Seq=72590 Ack=144 Win=65024 Len=1448 TSval=2916034135 TSecr=3045553909 [TCP segment of a reassembled PDU]"
"13647","30.054553992","192.168.1.55","192.168.1.2","TCP","1514","8004  >  50014 [ACK] Seq=74038 Ack=144 Win=65024 Len=1448 TSval=2916034135 TSecr=3045553909 [TCP segment of a reassembled PDU]"
"13648","30.054555178","192.168.1.55","192.168.1.2","TCP","1514","8004  >  50014 [PSH, ACK] Seq=75486 Ack=144 Win=65024 Len=1448 TSval=2916034135 TSecr=3045553909 [TCP segment of a reassembled PDU]"
"13649","30.054559881","192.168.1.2","192.168.1.55","TCP","66","50014  >  8004 [ACK] Seq=144 Ack=39286 Win=84992 Len=0 TSval=3045553909 TSecr=2916034130"
"13650","30.054567307","192.168.1.2","192.168.1.55","TCP","66","50014  >  8004 [ACK] Seq=144 Ack=42182 Win=84992 Len=0 TSval=3045553909 TSecr=2916034130"
"13651","30.054647881","192.168.1.55","192.168.1.2","TCP","1514","8004  >  50014 [ACK] Seq=76934 Ack=144 Win=65024 Len=1448 TSval=2916034135 TSecr=3045553909 [TCP segment of a reassembled PDU]"
"13652","30.054652678","192.168.1.55","192.168.1.2","TCP","1514","8004  >  50014 [ACK] Seq=78382 Ack=144 Win=65024 Len=1448 TSval=2916034135 TSecr=3045553909 [TCP segment of a reassembled PDU]"
"13653","30.054654141","192.168.1.55","192.168.1.2","TCP","1514","8004  >  50014 [ACK] Seq=79830 Ack=144 Win=65024 Len=1448 TSval=2916034135 TSecr=3045553909 [TCP segment of a reassembled PDU]"
"13654","30.054656659","192.168.1.55","192.168.1.2","TCP","1514","8004  >  50014 [ACK] Seq=81278 Ack=144 Win=65024 Len=1448 TSval=2916034135 TSecr=3045553909 [TCP segment of a reassembled PDU]"
"13655","30.054658770","192.168.1.55","192.168.1.2","TCP","1514","8004  >  50014 [ACK] Seq=82726 Ack=144 Win=65024 Len=1448 TSval=2916034135 TSecr=3045553909 [TCP segment of a reassembled PDU]"
"13656","30.054660067","192.168.1.55","192.168.1.2","TCP","1514","8004  >  50014 [ACK] Seq=84174 Ack=144 Win=65024 Len=1448 TSval=2916034135 TSecr=3045553909 [TCP segment of a reassembled PDU]"
"13657","30.054661215","192.168.1.55","192.168.1.2","TCP","1514","8004  >  50014 [ACK] Seq=85622 Ack=144 Win=65024 Len=1448 TSval=2916034135 TSecr=3045553909 [TCP segment of a reassembled PDU]"
"13658","30.054662530","192.168.1.55","192.168.1.2","TCP","1514","8004  >  50014 [ACK] Seq=87070 Ack=144 Win=65024 Len=1448 TSval=2916034135 TSecr=3045553909 [TCP segment of a reassembled PDU]"
"13659","30.054663770","192.168.1.55","192.168.1.2","TCP","1514","8004  >  50014 [ACK] Seq=88518 Ack=144 Win=65024 Len=1448 TSval=2916034135 TSecr=3045553909 [TCP segment of a reassembled PDU]"
"13660","30.054665363","192.168.1.55","192.168.1.2","TCP","1514","8004  >  50014 [ACK] Seq=89966 Ack=144 Win=65024 Len=1448 TSval=2916034135 TSecr=3045553909 [TCP segment of a reassembled PDU]"
"13661","30.054668159","192.168.1.55","192.168.1.2","TCP","1514","8004  >  50014 [ACK] Seq=91414 Ack=144 Win=65024 Len=1448 TSval=2916034135 TSecr=3045553909 [TCP segment of a reassembled PDU]"
"13662","30.054669844","192.168.1.55","192.168.1.2","TCP","1514","8004  >  50014 [ACK] Seq=92862 Ack=144 Win=65024 Len=1448 TSval=2916034135 TSecr=3045553909 [TCP segment of a reassembled PDU]"
"13663","30.054671104","192.168.1.55","192.168.1.2","TCP","1514","8004  >  50014 [ACK] Seq=94310 Ack=144 Win=65024 Len=1448 TSval=2916034135 TSecr=3045553909 [TCP segment of a reassembled PDU]"
"13664","30.054672196","192.168.1.55","192.168.1.2","TCP","1514","8004  >  50014 [ACK] Seq=95758 Ack=144 Win=65024 Len=1448 TSval=2916034135 TSecr=3045553909 [TCP segment of a reassembled PDU]"
"13665","30.054673493","192.168.1.55","192.168.1.2","TCP","1514","8004  >  50014 [ACK] Seq=97206 Ack=144 Win=65024 Len=1448 TSval=2916034135 TSecr=3045553909 [TCP segment of a reassembled PDU]"
"13666","30.054676493","192.168.1.55","192.168.1.2","TCP","1514","8004  >  50014 [PSH, ACK] Seq=98654 Ack=144 Win=65024 Len=1448 TSval=2916034135 TSecr=3045553909 [TCP segment of a reassembled PDU]"
"13667","30.059848241","192.168.1.2","192.168.1.55","TCP","66","50014  >  8004 [ACK] Seq=144 Ack=45078 Win=82944 Len=0 TSval=3045553914 TSecr=2916034134"
"13668","30.059861982","192.168.1.55","192.168.1.2","TCP","1514","8004  >  50014 [ACK] Seq=100102 Ack=144 Win=65024 Len=1448 TSval=2916034140 TSecr=3045553914 [TCP segment of a reassembled PDU]"
"13669","30.059864427","192.168.1.55","192.168.1.2","TCP","1514","8004  >  50014 [ACK] Seq=101550 Ack=144 Win=65024 Len=1448 TSval=2916034140 TSecr=3045553914 [TCP segment of a reassembled PDU]"
"13670","30.059865519","192.168.1.55","192.168.1.2","TCP","1514","8004  >  50014 [ACK] Seq=102998 Ack=144 Win=65024 Len=1448 TSval=2916034140 TSecr=3045553914 [TCP segment of a reassembled PDU]"
"13671","30.059867038","192.168.1.55","192.168.1.2","TCP","1514","8004  >  50014 [PSH, ACK] Seq=104446 Ack=144 Win=65024 Len=1448 TSval=2916034140 TSecr=3045553914 [TCP segment of a reassembled PDU]"
"13672","30.060124242","192.168.1.2","192.168.1.55","TCP","66","50014  >  8004 [ACK] Seq=144 Ack=66798 Win=68608 Len=0 TSval=3045553914 TSecr=2916034135"
"13673","30.060138649","192.168.1.55","192.168.1.2","TCP","1514","8004  >  50014 [ACK] Seq=105894 Ack=144 Win=65024 Len=1448 TSval=2916034140 TSecr=3045553914 [TCP segment of a reassembled PDU]"
"13674","30.060140131","192.168.1.55","192.168.1.2","TCP","1514","8004  >  50014 [ACK] Seq=107342 Ack=144 Win=65024 Len=1448 TSval=2916034140 TSecr=3045553914 [TCP segment of a reassembled PDU]"
"13675","30.060141316","192.168.1.55","192.168.1.2","TCP","1514","8004  >  50014 [ACK] Seq=108790 Ack=144 Win=65024 Len=1448 TSval=2916034140 TSecr=3045553914 [TCP segment of a reassembled PDU]"
"13676","30.060142409","192.168.1.55","192.168.1.2","TCP","1514","8004  >  50014 [ACK] Seq=110238 Ack=144 Win=65024 Len=1448 TSval=2916034140 TSecr=3045553914 [TCP segment of a reassembled PDU]"
"13677","30.060143594","192.168.1.55","192.168.1.2","TCP","1514","8004  >  50014 [ACK] Seq=111686 Ack=144 Win=65024 Len=1448 TSval=2916034140 TSecr=3045553914 [TCP segment of a reassembled PDU]"
"13678","30.060144779","192.168.1.55","192.168.1.2","TCP","1514","8004  >  50014 [ACK] Seq=113134 Ack=144 Win=65024 Len=1448 TSval=2916034140 TSecr=3045553914 [TCP segment of a reassembled PDU]"
"13679","30.060145890","192.168.1.55","192.168.1.2","TCP","1514","8004  >  50014 [ACK] Seq=114582 Ack=144 Win=65024 Len=1448 TSval=2916034140 TSecr=3045553914 [TCP segment of a reassembled PDU]"
"13680","30.060146983","192.168.1.55","192.168.1.2","TCP","1514","8004  >  50014 [ACK] Seq=116030 Ack=144 Win=65024 Len=1448 TSval=2916034140 TSecr=3045553914 [TCP segment of a reassembled PDU]"
"13681","30.060148594","192.168.1.55","192.168.1.2","TCP","1514","8004  >  50014 [PSH, ACK] Seq=117478 Ack=144 Win=65024 Len=1448 TSval=2916034140 TSecr=3045553914 [TCP segment of a reassembled PDU]"
"13682","30.060153890","192.168.1.2","192.168.1.55","TCP","66","50014  >  8004 [ACK] Seq=144 Ack=76934 Win=59392 Len=0 TSval=3045553914 TSecr=2916034135"
"13683","30.060159112","192.168.1.2","192.168.1.55","TCP","66","50014  >  8004 [ACK] Seq=144 Ack=95758 Win=40960 Len=0 TSval=3045553914 TSecr=2916034135"
"13684","30.060194668","192.168.1.55","192.168.1.2","TCP","1514","8004  >  50014 [ACK] Seq=118926 Ack=144 Win=65024 Len=1448 TSval=2916034140 TSecr=3045553914 [TCP segment of a reassembled PDU]"
"13685","30.060198261","192.168.1.55","192.168.1.2","TCP","1514","8004  >  50014 [ACK] Seq=120374 Ack=144 Win=65024 Len=1448 TSval=2916034140 TSecr=3045553914 [TCP segment of a reassembled PDU]"
"13686","30.060199409","192.168.1.55","192.168.1.2","TCP","1514","8004  >  50014 [ACK] Seq=121822 Ack=144 Win=65024 Len=1448 TSval=2916034140 TSecr=3045553914 [TCP segment of a reassembled PDU]"
"13687","30.060200594","192.168.1.55","192.168.1.2","TCP","1514","8004  >  50014 [ACK] Seq=123270 Ack=144 Win=65024 Len=1448 TSval=2916034140 TSecr=3045553914 [TCP segment of a reassembled PDU]"
"13688","30.060202168","192.168.1.55","192.168.1.2","TCP","1514","8004  >  50014 [ACK] Seq=124718 Ack=144 Win=65024 Len=1448 TSval=2916034140 TSecr=3045553914 [TCP segment of a reassembled PDU]"
"13689","30.060203464","192.168.1.55","192.168.1.2","TCP","1514","8004  >  50014 [ACK] Seq=126166 Ack=144 Win=65024 Len=1448 TSval=2916034140 TSecr=3045553914 [TCP segment of a reassembled PDU]"
"13690","30.060204723","192.168.1.55","192.168.1.2","TCP","1514","8004  >  50014 [ACK] Seq=127614 Ack=144 Win=65024 Len=1448 TSval=2916034140 TSecr=3045553914 [TCP segment of a reassembled PDU]"
"13691","30.060205946","192.168.1.55","192.168.1.2","TCP","1514","8004  >  50014 [ACK] Seq=129062 Ack=144 Win=65024 Len=1448 TSval=2916034140 TSecr=3045553914 [TCP segment of a reassembled PDU]"
"13692","30.060205668","192.168.1.2","192.168.1.55","TCP","66","[TCP Window Update] 50014  >  8004 [ACK] Seq=144 Ack=95758 Win=84992 Len=0 TSval=3045553914 TSecr=2916034135"
"13693","30.060207057","192.168.1.55","192.168.1.2","TCP","1514","8004  >  50014 [ACK] Seq=130510 Ack=144 Win=65024 Len=1448 TSval=2916034140 TSecr=3045553914 [TCP segment of a reassembled PDU]"
"13694","30.060208446","192.168.1.55","192.168.1.2","TCP","1514","8004  >  50014 [ACK] Seq=131958 Ack=144 Win=65024 Len=1448 TSval=2916034140 TSecr=3045553914 [TCP segment of a reassembled PDU]"
"13695","30.060209927","192.168.1.55","192.168.1.2","TCP","1514","8004  >  50014 [ACK] Seq=133406 Ack=144 Win=65024 Len=1448 TSval=2916034140 TSecr=3045553914 [TCP segment of a reassembled PDU]"
"13696","30.060209075","192.168.1.2","192.168.1.55","TCP","66","50014  >  8004 [ACK] Seq=144 Ack=100102 Win=84992 Len=0 TSval=3045553915 TSecr=2916034135"
"13697","30.060211186","192.168.1.55","192.168.1.2","TCP","1514","8004  >  50014 [ACK] Seq=134854 Ack=144 Win=65024 Len=1448 TSval=2916034140 TSecr=3045553914 [TCP segment of a reassembled PDU]"
"13698","30.060212538","192.168.1.55","192.168.1.2","TCP","482","8004  >  50014 [PSH, ACK] Seq=136302 Ack=144 Win=65024 Len=416 TSval=2916034140 TSecr=3045553914 [TCP segment of a reassembled PDU]"
"13699","30.060234890","192.168.1.55","192.168.1.2","TCP","1514","8004  >  50014 [ACK] Seq=136718 Ack=144 Win=65024 Len=1448 TSval=2916034140 TSecr=3045553914 [TCP segment of a reassembled PDU]"
"13700","30.060236668","192.168.1.55","192.168.1.2","TCP","1514","8004  >  50014 [ACK] Seq=138166 Ack=144 Win=65024 Len=1448 TSval=2916034140 TSecr=3045553914 [TCP segment of a reassembled PDU]"
"13701","30.060237946","192.168.1.55","192.168.1.2","TCP","1514","8004  >  50014 [ACK] Seq=139614 Ack=144 Win=65024 Len=1448 TSval=2916034140 TSecr=3045553914 [TCP segment of a reassembled PDU]"
"13702","30.060239187","192.168.1.55","192.168.1.2","TCP","1514","8004  >  50014 [ACK] Seq=141062 Ack=144 Win=65024 Len=1448 TSval=2916034140 TSecr=3045553914 [TCP segment of a reassembled PDU]"
"13703","30.060240316","192.168.1.55","192.168.1.2","TCP","1514","8004  >  50014 [ACK] Seq=142510 Ack=144 Win=65024 Len=1448 TSval=2916034140 TSecr=3045553914 [TCP segment of a reassembled PDU]"
"13704","30.060241557","192.168.1.55","192.168.1.2","TCP","1514","8004  >  50014 [ACK] Seq=143958 Ack=144 Win=65024 Len=1448 TSval=2916034140 TSecr=3045553914 [TCP segment of a reassembled PDU]"
"13705","30.060242742","192.168.1.55","192.168.1.2","TCP","1514","8004  >  50014 [ACK] Seq=145406 Ack=144 Win=65024 Len=1448 TSval=2916034140 TSecr=3045553914 [TCP segment of a reassembled PDU]"
"13706","30.060244001","192.168.1.55","192.168.1.2","TCP","1514","8004  >  50014 [ACK] Seq=146854 Ack=144 Win=65024 Len=1448 TSval=2916034140 TSecr=3045553914 [TCP segment of a reassembled PDU]"
"13707","30.060245187","192.168.1.55","192.168.1.2","TCP","1514","8004  >  50014 [ACK] Seq=148302 Ack=144 Win=65024 Len=1448 TSval=2916034140 TSecr=3045553914 [TCP segment of a reassembled PDU]"
"13708","30.060246427","192.168.1.55","192.168.1.2","TCP","1514","8004  >  50014 [ACK] Seq=149750 Ack=144 Win=65024 Len=1448 TSval=2916034140 TSecr=3045553914 [TCP segment of a reassembled PDU]"
"13709","30.060247520","192.168.1.55","192.168.1.2","TCP","1514","8004  >  50014 [ACK] Seq=151198 Ack=144 Win=65024 Len=1448 TSval=2916034140 TSecr=3045553914 [TCP segment of a reassembled PDU]"
"13710","30.060248742","192.168.1.55","192.168.1.2","TCP","1514","8004  >  50014 [ACK] Seq=152646 Ack=144 Win=65024 Len=1448 TSval=2916034140 TSecr=3045553914 [TCP segment of a reassembled PDU]"
"13711","30.060249835","192.168.1.55","192.168.1.2","TCP","1514","8004  >  50014 [ACK] Seq=154094 Ack=144 Win=65024 Len=1448 TSval=2916034140 TSecr=3045553914 [TCP segment of a reassembled PDU]"
"13712","30.060250964","192.168.1.55","192.168.1.2","TCP","1514","8004  >  50014 [ACK] Seq=155542 Ack=144 Win=65024 Len=1448 TSval=2916034140 TSecr=3045553914 [TCP segment of a reassembled PDU]"
"13713","30.060252372","192.168.1.55","192.168.1.2","TCP","1514","8004  >  50014 [ACK] Seq=156990 Ack=144 Win=65024 Len=1448 TSval=2916034140 TSecr=3045553914 [TCP segment of a reassembled PDU]"
"13714","30.060253557","192.168.1.55","192.168.1.2","TCP","1514","8004  >  50014 [PSH, ACK] Seq=158438 Ack=144 Win=65024 Len=1448 TSval=2916034140 TSecr=3045553914 [TCP segment of a reassembled PDU]"
"13715","30.060259038","192.168.1.55","192.168.1.2","TCP","1098","8004  >  50014 [ACK] Seq=159886 Ack=144 Win=65024 Len=1032 TSval=2916034140 TSecr=3045553914 [TCP segment of a reassembled PDU]"
"13716","30.060286001","192.168.1.55","192.168.1.2","TCP","1514","8004  >  50014 [ACK] Seq=160918 Ack=144 Win=65024 Len=1448 TSval=2916034140 TSecr=3045553915 [TCP segment of a reassembled PDU]"
"13717","30.060287835","192.168.1.55","192.168.1.2","TCP","1514","8004  >  50014 [ACK] Seq=162366 Ack=144 Win=65024 Len=1448 TSval=2916034140 TSecr=3045553915 [TCP segment of a reassembled PDU]"
"13718","30.060289057","192.168.1.55","192.168.1.2","TCP","1514","8004  >  50014 [ACK] Seq=163814 Ack=144 Win=65024 Len=1448 TSval=2916034140 TSecr=3045553915 [TCP segment of a reassembled PDU]"
"13719","30.060290372","192.168.1.55","192.168.1.2","TCP","1514","8004  >  50014 [ACK] Seq=165262 Ack=144 Win=65024 Len=1448 TSval=2916034140 TSecr=3045553915 [TCP segment of a reassembled PDU]"
"13720","30.060298020","192.168.1.55","192.168.1.2","TCP","1514","8004  >  50014 [ACK] Seq=166710 Ack=144 Win=65024 Len=1448 TSval=2916034140 TSecr=3045553915 [TCP segment of a reassembled PDU]"
"13721","30.060299427","192.168.1.55","192.168.1.2","TCP","1514","8004  >  50014 [ACK] Seq=168158 Ack=144 Win=65024 Len=1448 TSval=2916034140 TSecr=3045553915 [TCP segment of a reassembled PDU]"
"13722","30.060300594","192.168.1.55","192.168.1.2","TCP","1514","8004  >  50014 [ACK] Seq=169606 Ack=144 Win=65024 Len=1448 TSval=2916034140 TSecr=3045553915 [TCP segment of a reassembled PDU]"
"13723","30.060301835","192.168.1.55","192.168.1.2","TCP","1514","8004  >  50014 [ACK] Seq=171054 Ack=144 Win=65024 Len=1448 TSval=2916034140 TSecr=3045553915 [TCP segment of a reassembled PDU]"
"13724","30.060302983","192.168.1.55","192.168.1.2","TCP","1514","8004  >  50014 [ACK] Seq=172502 Ack=144 Win=65024 Len=1448 TSval=2916034140 TSecr=3045553915 [TCP segment of a reassembled PDU]"
"13725","30.060304261","192.168.1.55","192.168.1.2","TCP","1514","8004  >  50014 [ACK] Seq=173950 Ack=144 Win=65024 Len=1448 TSval=2916034140 TSecr=3045553915 [TCP segment of a reassembled PDU]"
"13726","30.060305520","192.168.1.55","192.168.1.2","TCP","1514","8004  >  50014 [ACK] Seq=175398 Ack=144 Win=65024 Len=1448 TSval=2916034140 TSecr=3045553915 [TCP segment of a reassembled PDU]"
"13727","30.060306650","192.168.1.55","192.168.1.2","TCP","1514","8004  >  50014 [ACK] Seq=176846 Ack=144 Win=65024 Len=1448 TSval=2916034140 TSecr=3045553915 [TCP segment of a reassembled PDU]"
"13728","30.060307798","192.168.1.55","192.168.1.2","TCP","1514","8004  >  50014 [ACK] Seq=178294 Ack=144 Win=65024 Len=1448 TSval=2916034140 TSecr=3045553915 [TCP segment of a reassembled PDU]"
"13729","30.060308964","192.168.1.55","192.168.1.2","TCP","1514","8004  >  50014 [ACK] Seq=179742 Ack=144 Win=65024 Len=1448 TSval=2916034140 TSecr=3045553915 [TCP segment of a reassembled PDU]"
"13730","30.060310205","192.168.1.55","192.168.1.2","TCP","1514","8004  >  50014 [ACK] Seq=181190 Ack=144 Win=65024 Len=1448 TSval=2916034140 TSecr=3045553915 [TCP segment of a reassembled PDU]"
"13731","30.060311668","192.168.1.55","192.168.1.2","TCP","1514","8004  >  50014 [PSH, ACK] Seq=182638 Ack=144 Win=65024 Len=1448 TSval=2916034140 TSecr=3045553915 [TCP segment of a reassembled PDU]"
"13732","30.066445863","192.168.1.2","192.168.1.55","TCP","66","50014  >  8004 [ACK] Seq=144 Ack=118926 Win=84992 Len=0 TSval=3045553921 TSecr=2916034140"
"13733","30.066468770","192.168.1.55","192.168.1.2","TCP","1514","8004  >  50014 [ACK] Seq=184086 Ack=144 Win=65024 Len=1448 TSval=2916034147 TSecr=3045553921 [TCP segment of a reassembled PDU]"
"13734","30.066471400","192.168.1.55","192.168.1.2","TCP","1514","8004  >  50014 [ACK] Seq=185534 Ack=144 Win=65024 Len=1448 TSval=2916034147 TSecr=3045553921 [TCP segment of a reassembled PDU]"
"13735","30.066472826","192.168.1.55","192.168.1.2","TCP","1514","8004  >  50014 [ACK] Seq=186982 Ack=144 Win=65024 Len=1448 TSval=2916034147 TSecr=3045553921 [TCP segment of a reassembled PDU]"
"13736","30.066474548","192.168.1.55","192.168.1.2","TCP","1514","8004  >  50014 [ACK] Seq=188430 Ack=144 Win=65024 Len=1448 TSval=2916034147 TSecr=3045553921 [TCP segment of a reassembled PDU]"
"13737","30.066476196","192.168.1.55","192.168.1.2","TCP","1514","8004  >  50014 [ACK] Seq=189878 Ack=144 Win=65024 Len=1448 TSval=2916034147 TSecr=3045553921 [TCP segment of a reassembled PDU]"
"13738","30.066477678","192.168.1.55","192.168.1.2","TCP","1514","8004  >  50014 [ACK] Seq=191326 Ack=144 Win=65024 Len=1448 TSval=2916034147 TSecr=3045553921 [TCP segment of a reassembled PDU]"
"13739","30.066478956","192.168.1.55","192.168.1.2","TCP","1514","8004  >  50014 [ACK] Seq=192774 Ack=144 Win=65024 Len=1448 TSval=2916034147 TSecr=3045553921 [TCP segment of a reassembled PDU]"
"13740","30.066480363","192.168.1.55","192.168.1.2","TCP","1514","8004  >  50014 [ACK] Seq=194222 Ack=144 Win=65024 Len=1448 TSval=2916034147 TSecr=3045553921 [TCP segment of a reassembled PDU]"
"13741","30.066481733","192.168.1.55","192.168.1.2","TCP","1514","8004  >  50014 [ACK] Seq=195670 Ack=144 Win=65024 Len=1448 TSval=2916034147 TSecr=3045553921 [TCP segment of a reassembled PDU]"
"13742","30.066483159","192.168.1.55","192.168.1.2","TCP","1514","8004  >  50014 [ACK] Seq=197118 Ack=144 Win=65024 Len=1448 TSval=2916034147 TSecr=3045553921 [TCP segment of a reassembled PDU]"
"13743","30.066484437","192.168.1.55","192.168.1.2","TCP","1514","8004  >  50014 [ACK] Seq=198566 Ack=144 Win=65024 Len=1448 TSval=2916034147 TSecr=3045553921 [TCP segment of a reassembled PDU]"
"13744","30.066485733","192.168.1.55","192.168.1.2","TCP","1514","8004  >  50014 [ACK] Seq=200014 Ack=144 Win=65024 Len=1448 TSval=2916034147 TSecr=3045553921 [TCP segment of a reassembled PDU]"
"13745","30.066487122","192.168.1.55","192.168.1.2","TCP","1514","8004  >  50014 [PSH, ACK] Seq=201462 Ack=144 Win=65024 Len=1448 TSval=2916034147 TSecr=3045553921 [TCP segment of a reassembled PDU]"
"13746","30.066576696","192.168.1.2","192.168.1.55","TCP","66","50014  >  8004 [ACK] Seq=144 Ack=159886 Win=47104 Len=0 TSval=3045553921 TSecr=2916034140"
"13747","30.066586900","192.168.1.2","192.168.1.55","TCP","66","50014  >  8004 [ACK] Seq=144 Ack=184086 Win=43008 Len=0 TSval=3045553921 TSecr=2916034140"
"13748","30.066621789","192.168.1.55","192.168.1.2","TCP","1514","8004  >  50014 [ACK] Seq=202910 Ack=144 Win=65024 Len=1448 TSval=2916034147 TSecr=3045553921 [TCP segment of a reassembled PDU]"
"13749","30.066623845","192.168.1.55","192.168.1.2","TCP","1514","8004  >  50014 [ACK] Seq=204358 Ack=144 Win=65024 Len=1448 TSval=2916034147 TSecr=3045553921 [TCP segment of a reassembled PDU]"
"13750","30.066625159","192.168.1.55","192.168.1.2","TCP","1514","8004  >  50014 [ACK] Seq=205806 Ack=144 Win=65024 Len=1448 TSval=2916034147 TSecr=3045553921 [TCP segment of a reassembled PDU]"
"13751","30.066626548","192.168.1.55","192.168.1.2","TCP","1514","8004  >  50014 [ACK] Seq=207254 Ack=144 Win=65024 Len=1448 TSval=2916034147 TSecr=3045553921 [TCP segment of a reassembled PDU]"
"13752","30.066627845","192.168.1.55","192.168.1.2","TCP","1514","8004  >  50014 [ACK] Seq=208702 Ack=144 Win=65024 Len=1448 TSval=2916034147 TSecr=3045553921 [TCP segment of a reassembled PDU]"
"13753","30.066629252","192.168.1.55","192.168.1.2","TCP","1514","8004  >  50014 [ACK] Seq=210150 Ack=144 Win=65024 Len=1448 TSval=2916034147 TSecr=3045553921 [TCP segment of a reassembled PDU]"
"13754","30.066630641","192.168.1.55","192.168.1.2","TCP","1514","8004  >  50014 [ACK] Seq=211598 Ack=144 Win=65024 Len=1448 TSval=2916034147 TSecr=3045553921 [TCP segment of a reassembled PDU]"
"13755","30.066632067","192.168.1.55","192.168.1.2","TCP","1514","8004  >  50014 [ACK] Seq=213046 Ack=144 Win=65024 Len=1448 TSval=2916034147 TSecr=3045553921 [TCP segment of a reassembled PDU]"
"13756","30.066633437","192.168.1.55","192.168.1.2","TCP","1514","8004  >  50014 [ACK] Seq=214494 Ack=144 Win=65024 Len=1448 TSval=2916034147 TSecr=3045553921 [TCP segment of a reassembled PDU]"
"13757","30.066634937","192.168.1.55","192.168.1.2","TCP","1514","8004  >  50014 [ACK] Seq=215942 Ack=144 Win=65024 Len=1448 TSval=2916034147 TSecr=3045553921 [TCP segment of a reassembled PDU]"
"13758","30.066636271","192.168.1.55","192.168.1.2","TCP","1514","8004  >  50014 [ACK] Seq=217390 Ack=144 Win=65024 Len=1448 TSval=2916034147 TSecr=3045553921 [TCP segment of a reassembled PDU]"
"13759","30.066637715","192.168.1.55","192.168.1.2","TCP","1514","8004  >  50014 [ACK] Seq=218838 Ack=144 Win=65024 Len=1448 TSval=2916034147 TSecr=3045553921 [TCP segment of a reassembled PDU]"
"13760","30.066639030","192.168.1.55","192.168.1.2","TCP","1514","8004  >  50014 [ACK] Seq=220286 Ack=144 Win=65024 Len=1448 TSval=2916034147 TSecr=3045553921 [TCP segment of a reassembled PDU]"
"13761","30.066640400","192.168.1.55","192.168.1.2","TCP","1514","8004  >  50014 [ACK] Seq=221734 Ack=144 Win=65024 Len=1448 TSval=2916034147 TSecr=3045553921 [TCP segment of a reassembled PDU]"
"13762","30.066641808","192.168.1.55","192.168.1.2","TCP","1514","8004  >  50014 [ACK] Seq=223182 Ack=144 Win=65024 Len=1448 TSval=2916034147 TSecr=3045553921 [TCP segment of a reassembled PDU]"
"13763","30.066643234","192.168.1.55","192.168.1.2","TCP","1514","8004  >  50014 [ACK] Seq=224630 Ack=144 Win=65024 Len=1448 TSval=2916034147 TSecr=3045553921 [TCP segment of a reassembled PDU]"
"13764","30.066644548","192.168.1.55","192.168.1.2","TCP","1082","[TCP Window Full] 8004  >  50014 [PSH, ACK] Seq=226078 Ack=144 Win=65024 Len=1016 TSval=2916034147 TSecr=3045553921 [TCP segment of a reassembled PDU]"
"13765","30.071560723","192.168.1.2","192.168.1.55","TCP","66","50014  >  8004 [ACK] Seq=144 Ack=202910 Win=84992 Len=0 TSval=3045553925 TSecr=2916034147"
"13766","30.071583482","192.168.1.55","192.168.1.2","TCP","1514","8004  >  50014 [ACK] Seq=227094 Ack=144 Win=65024 Len=1448 TSval=2916034152 TSecr=3045553925 [TCP segment of a reassembled PDU]"
"13767","30.071586278","192.168.1.55","192.168.1.2","TCP","1514","8004  >  50014 [ACK] Seq=228542 Ack=144 Win=65024 Len=1448 TSval=2916034152 TSecr=3045553925 [TCP segment of a reassembled PDU]"
"13768","30.071587649","192.168.1.55","192.168.1.2","TCP","1514","8004  >  50014 [ACK] Seq=229990 Ack=144 Win=65024 Len=1448 TSval=2916034152 TSecr=3045553925 [TCP segment of a reassembled PDU]"
"13769","30.071589019","192.168.1.55","192.168.1.2","TCP","1514","8004  >  50014 [ACK] Seq=231438 Ack=144 Win=65024 Len=1448 TSval=2916034152 TSecr=3045553925 [TCP segment of a reassembled PDU]"
"13770","30.071590389","192.168.1.55","192.168.1.2","TCP","1514","8004  >  50014 [ACK] Seq=232886 Ack=144 Win=65024 Len=1448 TSval=2916034152 TSecr=3045553925 [TCP segment of a reassembled PDU]"
"13771","30.071591778","192.168.1.55","192.168.1.2","TCP","1514","8004  >  50014 [ACK] Seq=234334 Ack=144 Win=65024 Len=1448 TSval=2916034152 TSecr=3045553925 [TCP segment of a reassembled PDU]"
"13772","30.071593075","192.168.1.55","192.168.1.2","TCP","1514","8004  >  50014 [ACK] Seq=235782 Ack=144 Win=65024 Len=1448 TSval=2916034152 TSecr=3045553925 [TCP segment of a reassembled PDU]"
"13773","30.071594464","192.168.1.55","192.168.1.2","TCP","1514","8004  >  50014 [ACK] Seq=237230 Ack=144 Win=65024 Len=1448 TSval=2916034152 TSecr=3045553925 [TCP segment of a reassembled PDU]"
"13774","30.071595704","192.168.1.55","192.168.1.2","TCP","1514","8004  >  50014 [ACK] Seq=238678 Ack=144 Win=65024 Len=1448 TSval=2916034152 TSecr=3045553925 [TCP segment of a reassembled PDU]"
"13775","30.071596982","192.168.1.55","192.168.1.2","TCP","1514","8004  >  50014 [ACK] Seq=240126 Ack=144 Win=65024 Len=1448 TSval=2916034152 TSecr=3045553925 [TCP segment of a reassembled PDU]"
"13776","30.071598352","192.168.1.55","192.168.1.2","TCP","1514","8004  >  50014 [ACK] Seq=241574 Ack=144 Win=65024 Len=1448 TSval=2916034152 TSecr=3045553925 [TCP segment of a reassembled PDU]"
"13777","30.071599723","192.168.1.55","192.168.1.2","TCP","1514","8004  >  50014 [PSH, ACK] Seq=243022 Ack=144 Win=65024 Len=1448 TSval=2916034152 TSecr=3045553925 [TCP segment of a reassembled PDU]"
"13778","30.071604834","192.168.1.55","192.168.1.2","TCP","498","8004  >  50014 [ACK] Seq=244470 Ack=144 Win=65024 Len=432 TSval=2916034152 TSecr=3045553925 [TCP segment of a reassembled PDU]"
"13779","30.071632241","192.168.1.55","192.168.1.2","TCP","1514","8004  >  50014 [ACK] Seq=244902 Ack=144 Win=65024 Len=1448 TSval=2916034152 TSecr=3045553925 [TCP segment of a reassembled PDU]"
"13780","30.071633834","192.168.1.55","192.168.1.2","TCP","1514","8004  >  50014 [ACK] Seq=246350 Ack=144 Win=65024 Len=1448 TSval=2916034152 TSecr=3045553925 [TCP segment of a reassembled PDU]"
"13781","30.071635149","192.168.1.55","192.168.1.2","TCP","1514","8004  >  50014 [ACK] Seq=247798 Ack=144 Win=65024 Len=1448 TSval=2916034152 TSecr=3045553925 [TCP segment of a reassembled PDU]"
"13782","30.071636649","192.168.1.55","192.168.1.2","TCP","1514","8004  >  50014 [ACK] Seq=249246 Ack=144 Win=65024 Len=1448 TSval=2916034152 TSecr=3045553925 [TCP segment of a reassembled PDU]"
"13783","30.071638075","192.168.1.55","192.168.1.2","TCP","1514","8004  >  50014 [ACK] Seq=250694 Ack=144 Win=65024 Len=1448 TSval=2916034152 TSecr=3045553925 [TCP segment of a reassembled PDU]"
"13784","30.071639464","192.168.1.55","192.168.1.2","TCP","1514","8004  >  50014 [ACK] Seq=252142 Ack=144 Win=65024 Len=1448 TSval=2916034152 TSecr=3045553925 [TCP segment of a reassembled PDU]"
"13785","30.071640927","192.168.1.55","192.168.1.2","TCP","1514","8004  >  50014 [ACK] Seq=253590 Ack=144 Win=65024 Len=1448 TSval=2916034152 TSecr=3045553925 [TCP segment of a reassembled PDU]"
"13786","30.071642241","192.168.1.55","192.168.1.2","TCP","1514","8004  >  50014 [ACK] Seq=255038 Ack=144 Win=65024 Len=1448 TSval=2916034152 TSecr=3045553925 [TCP segment of a reassembled PDU]"
"13787","30.071643630","192.168.1.55","192.168.1.2","TCP","1514","8004  >  50014 [ACK] Seq=256486 Ack=144 Win=65024 Len=1448 TSval=2916034152 TSecr=3045553925 [TCP segment of a reassembled PDU]"
"13788","30.071644964","192.168.1.55","192.168.1.2","TCP","1514","8004  >  50014 [ACK] Seq=257934 Ack=144 Win=65024 Len=1448 TSval=2916034152 TSecr=3045553925 [TCP segment of a reassembled PDU]"
"13789","30.071646501","192.168.1.55","192.168.1.2","TCP","1514","8004  >  50014 [ACK] Seq=259382 Ack=144 Win=65024 Len=1448 TSval=2916034152 TSecr=3045553925 [TCP segment of a reassembled PDU]"
"13790","30.071647816","192.168.1.55","192.168.1.2","TCP","1514","8004  >  50014 [ACK] Seq=260830 Ack=144 Win=65024 Len=1448 TSval=2916034152 TSecr=3045553925 [TCP segment of a reassembled PDU]"
"13791","30.071649112","192.168.1.55","192.168.1.2","TCP","1514","8004  >  50014 [ACK] Seq=262278 Ack=144 Win=65024 Len=1448 TSval=2916034152 TSecr=3045553925 [TCP segment of a reassembled PDU]"
"13792","30.071650723","192.168.1.55","192.168.1.2","TCP","1514","8004  >  50014 [ACK] Seq=263726 Ack=144 Win=65024 Len=1448 TSval=2916034152 TSecr=3045553925 [TCP segment of a reassembled PDU]"
"13793","30.071652186","192.168.1.55","192.168.1.2","TCP","1514","8004  >  50014 [ACK] Seq=265174 Ack=144 Win=65024 Len=1448 TSval=2916034152 TSecr=3045553925 [TCP segment of a reassembled PDU]"
"13794","30.071653519","192.168.1.55","192.168.1.2","TCP","1514","8004  >  50014 [ACK] Seq=266622 Ack=144 Win=65024 Len=1448 TSval=2916034152 TSecr=3045553925 [TCP segment of a reassembled PDU]"
"13795","30.071654816","192.168.1.55","192.168.1.2","TCP","1514","8004  >  50014 [ACK] Seq=268070 Ack=144 Win=65024 Len=1448 TSval=2916034152 TSecr=3045553925 [TCP segment of a reassembled PDU]"
"13796","30.071656223","192.168.1.55","192.168.1.2","TCP","1514","8004  >  50014 [ACK] Seq=269518 Ack=144 Win=65024 Len=1448 TSval=2916034152 TSecr=3045553925 [TCP segment of a reassembled PDU]"
"13797","30.071657593","192.168.1.55","192.168.1.2","TCP","1514","8004  >  50014 [ACK] Seq=270966 Ack=144 Win=65024 Len=1448 TSval=2916034152 TSecr=3045553925 [TCP segment of a reassembled PDU]"
"13798","30.071658982","192.168.1.55","192.168.1.2","TCP","1514","8004  >  50014 [ACK] Seq=272414 Ack=144 Win=65024 Len=1448 TSval=2916034152 TSecr=3045553925 [TCP segment of a reassembled PDU]"
"13799","30.071660390","192.168.1.55","192.168.1.2","TCP","1514","8004  >  50014 [ACK] Seq=273862 Ack=144 Win=65024 Len=1448 TSval=2916034152 TSecr=3045553925 [TCP segment of a reassembled PDU]"
"13800","30.071666130","192.168.1.55","192.168.1.2","TCP","1514","8004  >  50014 [ACK] Seq=275310 Ack=144 Win=65024 Len=1448 TSval=2916034152 TSecr=3045553925 [TCP segment of a reassembled PDU]"
"13801","30.071667760","192.168.1.55","192.168.1.2","TCP","1514","8004  >  50014 [ACK] Seq=276758 Ack=144 Win=65024 Len=1448 TSval=2916034152 TSecr=3045553925 [TCP segment of a reassembled PDU]"
"13802","30.071669316","192.168.1.55","192.168.1.2","TCP","1514","8004  >  50014 [ACK] Seq=278206 Ack=144 Win=65024 Len=1448 TSval=2916034152 TSecr=3045553925 [TCP segment of a reassembled PDU]"
"13803","30.071670779","192.168.1.55","192.168.1.2","TCP","1514","8004  >  50014 [ACK] Seq=279654 Ack=144 Win=65024 Len=1448 TSval=2916034152 TSecr=3045553925 [TCP segment of a reassembled PDU]"
"13804","30.071672130","192.168.1.55","192.168.1.2","TCP","1514","8004  >  50014 [ACK] Seq=281102 Ack=144 Win=65024 Len=1448 TSval=2916034152 TSecr=3045553925 [TCP segment of a reassembled PDU]"
"13805","30.071673482","192.168.1.55","192.168.1.2","TCP","1514","8004  >  50014 [ACK] Seq=282550 Ack=144 Win=65024 Len=1448 TSval=2916034152 TSecr=3045553925 [TCP segment of a reassembled PDU]"
"13806","30.071674927","192.168.1.55","192.168.1.2","TCP","1514","8004  >  50014 [ACK] Seq=283998 Ack=144 Win=65024 Len=1448 TSval=2916034152 TSecr=3045553925 [TCP segment of a reassembled PDU]"
"13807","30.071676390","192.168.1.55","192.168.1.2","TCP","1514","8004  >  50014 [PSH, ACK] Seq=285446 Ack=144 Win=65024 Len=1448 TSval=2916034152 TSecr=3045553925 [TCP segment of a reassembled PDU]"
"13808","30.071734427","192.168.1.2","192.168.1.55","TCP","66","50014  >  8004 [ACK] Seq=144 Ack=218838 Win=103424 Len=0 TSval=3045553925 TSecr=2916034147"
"13809","30.071776390","192.168.1.55","192.168.1.2","TCP","1514","8004  >  50014 [ACK] Seq=286894 Ack=144 Win=65024 Len=1448 TSval=2916034152 TSecr=3045553925 [TCP segment of a reassembled PDU]"
"13810","30.071779408","192.168.1.55","192.168.1.2","TCP","1514","8004  >  50014 [ACK] Seq=288342 Ack=144 Win=65024 Len=1448 TSval=2916034152 TSecr=3045553925 [TCP segment of a reassembled PDU]"
"13811","30.071780705","192.168.1.55","192.168.1.2","TCP","1514","8004  >  50014 [ACK] Seq=289790 Ack=144 Win=65024 Len=1448 TSval=2916034152 TSecr=3045553925 [TCP segment of a reassembled PDU]"
"13812","30.071782019","192.168.1.55","192.168.1.2","TCP","1514","8004  >  50014 [ACK] Seq=291238 Ack=144 Win=65024 Len=1448 TSval=2916034152 TSecr=3045553925 [TCP segment of a reassembled PDU]"
"13813","30.071783445","192.168.1.55","192.168.1.2","TCP","1514","8004  >  50014 [ACK] Seq=292686 Ack=144 Win=65024 Len=1448 TSval=2916034152 TSecr=3045553925 [TCP segment of a reassembled PDU]"
"13814","30.071784871","192.168.1.55","192.168.1.2","TCP","1514","8004  >  50014 [ACK] Seq=294134 Ack=144 Win=65024 Len=1448 TSval=2916034152 TSecr=3045553925 [TCP segment of a reassembled PDU]"
"13815","30.071786316","192.168.1.55","192.168.1.2","TCP","1514","8004  >  50014 [ACK] Seq=295582 Ack=144 Win=65024 Len=1448 TSval=2916034152 TSecr=3045553925 [TCP segment of a reassembled PDU]"
"13816","30.071787834","192.168.1.55","192.168.1.2","TCP","1514","8004  >  50014 [ACK] Seq=297030 Ack=144 Win=65024 Len=1448 TSval=2916034152 TSecr=3045553925 [TCP segment of a reassembled PDU]"
"13817","30.071789334","192.168.1.55","192.168.1.2","TCP","1514","8004  >  50014 [ACK] Seq=298478 Ack=144 Win=65024 Len=1448 TSval=2916034152 TSecr=3045553925 [TCP segment of a reassembled PDU]"
"13818","30.071790779","192.168.1.55","192.168.1.2","TCP","1514","8004  >  50014 [ACK] Seq=299926 Ack=144 Win=65024 Len=1448 TSval=2916034152 TSecr=3045553925 [TCP segment of a reassembled PDU]"
"13819","30.071792279","192.168.1.55","192.168.1.2","TCP","1514","8004  >  50014 [ACK] Seq=301374 Ack=144 Win=65024 Len=1448 TSval=2916034152 TSecr=3045553925 [TCP segment of a reassembled PDU]"
"13820","30.071793890","192.168.1.55","192.168.1.2","TCP","1514","8004  >  50014 [ACK] Seq=302822 Ack=144 Win=65024 Len=1448 TSval=2916034152 TSecr=3045553925 [TCP segment of a reassembled PDU]"
"13821","30.071795297","192.168.1.55","192.168.1.2","TCP","1514","8004  >  50014 [ACK] Seq=304270 Ack=144 Win=65024 Len=1448 TSval=2916034152 TSecr=3045553925 [TCP segment of a reassembled PDU]"
"13822","30.071796779","192.168.1.55","192.168.1.2","TCP","1514","8004  >  50014 [ACK] Seq=305718 Ack=144 Win=65024 Len=1448 TSval=2916034152 TSecr=3045553925 [TCP segment of a reassembled PDU]"
"13823","30.071798205","192.168.1.55","192.168.1.2","TCP","1514","8004  >  50014 [ACK] Seq=307166 Ack=144 Win=65024 Len=1448 TSval=2916034152 TSecr=3045553925 [TCP segment of a reassembled PDU]"
"13824","30.071799760","192.168.1.55","192.168.1.2","TCP","1514","8004  >  50014 [ACK] Seq=308614 Ack=144 Win=65024 Len=1448 TSval=2916034152 TSecr=3045553925 [TCP segment of a reassembled PDU]"
"13825","30.071801168","192.168.1.55","192.168.1.2","TCP","1514","8004  >  50014 [ACK] Seq=310062 Ack=144 Win=65024 Len=1448 TSval=2916034152 TSecr=3045553925 [TCP segment of a reassembled PDU]"
"13826","30.071802686","192.168.1.55","192.168.1.2","TCP","1514","8004  >  50014 [ACK] Seq=311510 Ack=144 Win=65024 Len=1448 TSval=2916034152 TSecr=3045553925 [TCP segment of a reassembled PDU]"
"13827","30.071804112","192.168.1.55","192.168.1.2","TCP","1514","8004  >  50014 [ACK] Seq=312958 Ack=144 Win=65024 Len=1448 TSval=2916034152 TSecr=3045553925 [TCP segment of a reassembled PDU]"
"13828","30.071805631","192.168.1.55","192.168.1.2","TCP","1514","8004  >  50014 [ACK] Seq=314406 Ack=144 Win=65024 Len=1448 TSval=2916034152 TSecr=3045553925 [TCP segment of a reassembled PDU]"
"13829","30.071806945","192.168.1.55","192.168.1.2","TCP","1514","8004  >  50014 [ACK] Seq=315854 Ack=144 Win=65024 Len=1448 TSval=2916034152 TSecr=3045553925 [TCP segment of a reassembled PDU]"
"13830","30.071808353","192.168.1.55","192.168.1.2","TCP","1514","8004  >  50014 [ACK] Seq=317302 Ack=144 Win=65024 Len=1448 TSval=2916034152 TSecr=3045553925 [TCP segment of a reassembled PDU]"
"13831","30.071809779","192.168.1.55","192.168.1.2","TCP","1514","8004  >  50014 [ACK] Seq=318750 Ack=144 Win=65024 Len=1448 TSval=2916034152 TSecr=3045553925 [TCP segment of a reassembled PDU]"
"13832","30.071811242","192.168.1.55","192.168.1.2","TCP","1514","8004  >  50014 [PSH, ACK] Seq=320198 Ack=144 Win=65024 Len=1448 TSval=2916034152 TSecr=3045553925 [TCP segment of a reassembled PDU]"
"13833","30.071816575","192.168.1.2","192.168.1.55","TCP","66","50014  >  8004 [ACK] Seq=144 Ack=227094 Win=119808 Len=0 TSval=3045553926 TSecr=2916034147"
"13834","30.072993947","192.168.1.55","192.168.1.2","TCP","1514","8004  >  50014 [ACK] Seq=321646 Ack=144 Win=65024 Len=1448 TSval=2916034153 TSecr=3045553926 [TCP segment of a reassembled PDU]"
"13835","30.072996984","192.168.1.55","192.168.1.2","TCP","1514","8004  >  50014 [ACK] Seq=323094 Ack=144 Win=65024 Len=1448 TSval=2916034153 TSecr=3045553926 [TCP segment of a reassembled PDU]"
"13836","30.072998392","192.168.1.55","192.168.1.2","TCP","1514","8004  >  50014 [ACK] Seq=324542 Ack=144 Win=65024 Len=1448 TSval=2916034153 TSecr=3045553926 [TCP segment of a reassembled PDU]"
"13837","30.072999855","192.168.1.55","192.168.1.2","TCP","1514","8004  >  50014 [ACK] Seq=325990 Ack=144 Win=65024 Len=1448 TSval=2916034153 TSecr=3045553926 [TCP segment of a reassembled PDU]"
"13838","30.073001244","192.168.1.55","192.168.1.2","TCP","1514","8004  >  50014 [PSH, ACK] Seq=327438 Ack=144 Win=65024 Len=1448 TSval=2916034153 TSecr=3045553926 [TCP segment of a reassembled PDU]"
"13839","30.073017670","192.168.1.55","192.168.1.2","TCP","1514","8004  >  50014 [ACK] Seq=328886 Ack=144 Win=65024 Len=1448 TSval=2916034153 TSecr=3045553926 [TCP segment of a reassembled PDU]"
"13840","30.073019132","192.168.1.55","192.168.1.2","TCP","1514","8004  >  50014 [ACK] Seq=330334 Ack=144 Win=65024 Len=1448 TSval=2916034153 TSecr=3045553926 [TCP segment of a reassembled PDU]"
"13841","30.073020503","192.168.1.55","192.168.1.2","TCP","1514","8004  >  50014 [ACK] Seq=331782 Ack=144 Win=65024 Len=1448 TSval=2916034153 TSecr=3045553926 [TCP segment of a reassembled PDU]"
"13842","30.073021984","192.168.1.55","192.168.1.2","TCP","1514","8004  >  50014 [ACK] Seq=333230 Ack=144 Win=65024 Len=1448 TSval=2916034153 TSecr=3045553926 [TCP segment of a reassembled PDU]"
"13843","30.073023299","192.168.1.55","192.168.1.2","TCP","1514","8004  >  50014 [ACK] Seq=334678 Ack=144 Win=65024 Len=1448 TSval=2916034153 TSecr=3045553926 [TCP segment of a reassembled PDU]"
"13844","30.073025058","192.168.1.55","192.168.1.2","TCP","1514","8004  >  50014 [ACK] Seq=336126 Ack=144 Win=65024 Len=1448 TSval=2916034153 TSecr=3045553926 [TCP segment of a reassembled PDU]"
"13845","30.073026521","192.168.1.55","192.168.1.2","TCP","1514","8004  >  50014 [ACK] Seq=337574 Ack=144 Win=65024 Len=1448 TSval=2916034153 TSecr=3045553926 [TCP segment of a reassembled PDU]"
"13846","30.073027855","192.168.1.55","192.168.1.2","TCP","1514","8004  >  50014 [ACK] Seq=339022 Ack=144 Win=65024 Len=1448 TSval=2916034153 TSecr=3045553926 [TCP segment of a reassembled PDU]"
"13847","30.073029244","192.168.1.55","192.168.1.2","TCP","1514","8004  >  50014 [ACK] Seq=340470 Ack=144 Win=65024 Len=1448 TSval=2916034153 TSecr=3045553926 [TCP segment of a reassembled PDU]"
"13848","30.073030521","192.168.1.55","192.168.1.2","TCP","1514","8004  >  50014 [ACK] Seq=341918 Ack=144 Win=65024 Len=1448 TSval=2916034153 TSecr=3045553926 [TCP segment of a reassembled PDU]"
"13849","30.073031892","192.168.1.55","192.168.1.2","TCP","1514","8004  >  50014 [ACK] Seq=343366 Ack=144 Win=65024 Len=1448 TSval=2916034153 TSecr=3045553926 [TCP segment of a reassembled PDU]"
"13850","30.073033244","192.168.1.55","192.168.1.2","TCP","1514","8004  >  50014 [PSH, ACK] Seq=344814 Ack=144 Win=65024 Len=1448 TSval=2916034153 TSecr=3045553926 [TCP segment of a reassembled PDU]"
"13851","30.079080031","192.168.1.2","192.168.1.55","TCP","66","50014  >  8004 [ACK] Seq=144 Ack=244470 Win=120832 Len=0 TSval=3045553932 TSecr=2916034152"
"13852","30.079116531","192.168.1.55","192.168.1.2","TCP","1514","8004  >  50014 [ACK] Seq=346262 Ack=144 Win=65024 Len=1448 TSval=2916034159 TSecr=3045553932 [TCP segment of a reassembled PDU]"
"13853","30.079120735","192.168.1.55","192.168.1.2","TCP","1514","8004  >  50014 [ACK] Seq=347710 Ack=144 Win=65024 Len=1448 TSval=2916034159 TSecr=3045553932 [TCP segment of a reassembled PDU]"
"13854","30.079122142","192.168.1.55","192.168.1.2","TCP","1514","8004  >  50014 [ACK] Seq=349158 Ack=144 Win=65024 Len=1448 TSval=2916034159 TSecr=3045553932 [TCP segment of a reassembled PDU]"
"13855","30.079123624","192.168.1.55","192.168.1.2","TCP","1514","8004  >  50014 [ACK] Seq=350606 Ack=144 Win=65024 Len=1448 TSval=2916034159 TSecr=3045553932 [TCP segment of a reassembled PDU]"
"13856","30.079125512","192.168.1.55","192.168.1.2","TCP","1514","8004  >  50014 [ACK] Seq=352054 Ack=144 Win=65024 Len=1448 TSval=2916034159 TSecr=3045553932 [TCP segment of a reassembled PDU]"
"13857","30.079126938","192.168.1.55","192.168.1.2","TCP","1514","8004  >  50014 [ACK] Seq=353502 Ack=144 Win=65024 Len=1448 TSval=2916034159 TSecr=3045553932 [TCP segment of a reassembled PDU]"
"13858","30.079128475","192.168.1.55","192.168.1.2","TCP","1514","8004  >  50014 [ACK] Seq=354950 Ack=144 Win=65024 Len=1448 TSval=2916034159 TSecr=3045553932 [TCP segment of a reassembled PDU]"
"13859","30.079129846","192.168.1.55","192.168.1.2","TCP","1514","8004  >  50014 [ACK] Seq=356398 Ack=144 Win=65024 Len=1448 TSval=2916034159 TSecr=3045553932 [TCP segment of a reassembled PDU]"
"13860","30.079131494","192.168.1.55","192.168.1.2","TCP","1514","8004  >  50014 [ACK] Seq=357846 Ack=144 Win=65024 Len=1448 TSval=2916034159 TSecr=3045553932 [TCP segment of a reassembled PDU]"
"13861","30.079133031","192.168.1.55","192.168.1.2","TCP","1514","8004  >  50014 [ACK] Seq=359294 Ack=144 Win=65024 Len=1448 TSval=2916034159 TSecr=3045553932 [TCP segment of a reassembled PDU]"
"13862","30.079134438","192.168.1.55","192.168.1.2","TCP","1514","8004  >  50014 [ACK] Seq=360742 Ack=144 Win=65024 Len=1448 TSval=2916034159 TSecr=3045553932 [TCP segment of a reassembled PDU]"
"13863","30.079135809","192.168.1.55","192.168.1.2","TCP","1514","8004  >  50014 [ACK] Seq=362190 Ack=144 Win=65024 Len=1448 TSval=2916034159 TSecr=3045553932 [TCP segment of a reassembled PDU]"
"13864","30.079137272","192.168.1.55","192.168.1.2","TCP","1514","8004  >  50014 [PSH, ACK] Seq=363638 Ack=144 Win=65024 Len=1448 TSval=2916034159 TSecr=3045553932 [TCP segment of a reassembled PDU]"
"13865","30.079237994","192.168.1.2","192.168.1.55","TCP","66","50014  >  8004 [ACK] Seq=144 Ack=244902 Win=122880 Len=0 TSval=3045553932 TSecr=2916034152"
"13866","30.079245179","192.168.1.2","192.168.1.55","TCP","66","50014  >  8004 [ACK] Seq=144 Ack=286894 Win=100352 Len=0 TSval=3045553932 TSecr=2916034152"
"13867","30.079258124","192.168.1.55","192.168.1.2","TCP","1514","8004  >  50014 [ACK] Seq=365086 Ack=144 Win=65024 Len=1448 TSval=2916034159 TSecr=3045553932 [TCP segment of a reassembled PDU]"
"13868","30.079260383","192.168.1.55","192.168.1.2","TCP","1514","8004  >  50014 [ACK] Seq=366534 Ack=144 Win=65024 Len=1448 TSval=2916034159 TSecr=3045553932 [TCP segment of a reassembled PDU]"
"13869","30.079261735","192.168.1.55","192.168.1.2","TCP","1514","8004  >  50014 [ACK] Seq=367982 Ack=144 Win=65024 Len=1448 TSval=2916034159 TSecr=3045553932 [TCP segment of a reassembled PDU]"
"13870","30.079263105","192.168.1.55","192.168.1.2","TCP","1514","8004  >  50014 [PSH, ACK] Seq=369430 Ack=144 Win=65024 Len=1448 TSval=2916034159 TSecr=3045553932 [TCP segment of a reassembled PDU]"
"13871","30.079267476","192.168.1.2","192.168.1.55","TCP","66","50014  >  8004 [ACK] Seq=144 Ack=295582 Win=92160 Len=0 TSval=3045553932 TSecr=2916034152"
"13872","30.081458998","192.168.1.2","192.168.1.55","TCP","66","50014  >  8004 [ACK] Seq=144 Ack=321646 Win=112640 Len=0 TSval=3045553935 TSecr=2916034152"
"13873","30.081494738","192.168.1.55","192.168.1.2","TCP","1514","8004  >  50014 [ACK] Seq=370878 Ack=144 Win=65024 Len=1448 TSval=2916034162 TSecr=3045553935 [TCP segment of a reassembled PDU]"
"13874","30.081498498","192.168.1.55","192.168.1.2","TCP","1514","8004  >  50014 [ACK] Seq=372326 Ack=144 Win=65024 Len=1448 TSval=2916034162 TSecr=3045553935 [TCP segment of a reassembled PDU]"
"13875","30.081499998","192.168.1.55","192.168.1.2","TCP","1514","8004  >  50014 [ACK] Seq=373774 Ack=144 Win=65024 Len=1448 TSval=2916034162 TSecr=3045553935 [TCP segment of a reassembled PDU]"
"13876","30.081501498","192.168.1.55","192.168.1.2","TCP","1514","8004  >  50014 [ACK] Seq=375222 Ack=144 Win=65024 Len=1448 TSval=2916034162 TSecr=3045553935 [TCP segment of a reassembled PDU]"
"13877","30.081503016","192.168.1.55","192.168.1.2","TCP","1514","8004  >  50014 [ACK] Seq=376670 Ack=144 Win=65024 Len=1448 TSval=2916034162 TSecr=3045553935 [TCP segment of a reassembled PDU]"
"13878","30.081504831","192.168.1.55","192.168.1.2","TCP","1514","8004  >  50014 [ACK] Seq=378118 Ack=144 Win=65024 Len=1448 TSval=2916034162 TSecr=3045553935 [TCP segment of a reassembled PDU]"
"13879","30.081506238","192.168.1.55","192.168.1.2","TCP","1514","8004  >  50014 [ACK] Seq=379566 Ack=144 Win=65024 Len=1448 TSval=2916034162 TSecr=3045553935 [TCP segment of a reassembled PDU]"
"13880","30.081507757","192.168.1.55","192.168.1.2","TCP","1514","8004  >  50014 [ACK] Seq=381014 Ack=144 Win=65024 Len=1448 TSval=2916034162 TSecr=3045553935 [TCP segment of a reassembled PDU]"
"13881","30.081509201","192.168.1.55","192.168.1.2","TCP","1514","8004  >  50014 [ACK] Seq=382462 Ack=144 Win=65024 Len=1448 TSval=2916034162 TSecr=3045553935 [TCP segment of a reassembled PDU]"
"13882","30.081510775","192.168.1.55","192.168.1.2","TCP","1514","8004  >  50014 [ACK] Seq=383910 Ack=144 Win=65024 Len=1448 TSval=2916034162 TSecr=3045553935 [TCP segment of a reassembled PDU]"
"13883","30.081512164","192.168.1.55","192.168.1.2","TCP","1514","8004  >  50014 [ACK] Seq=385358 Ack=144 Win=65024 Len=1448 TSval=2916034162 TSecr=3045553935 [TCP segment of a reassembled PDU]"
"13884","30.081513627","192.168.1.55","192.168.1.2","TCP","1514","8004  >  50014 [ACK] Seq=386806 Ack=144 Win=65024 Len=1448 TSval=2916034162 TSecr=3045553935 [TCP segment of a reassembled PDU]"
"13885","30.081515072","192.168.1.55","192.168.1.2","TCP","1514","8004  >  50014 [ACK] Seq=388254 Ack=144 Win=65024 Len=1448 TSval=2916034162 TSecr=3045553935 [TCP segment of a reassembled PDU]"
"13886","30.081516516","192.168.1.55","192.168.1.2","TCP","1514","8004  >  50014 [ACK] Seq=389702 Ack=144 Win=65024 Len=1448 TSval=2916034162 TSecr=3045553935 [TCP segment of a reassembled PDU]"
"13887","30.081518183","192.168.1.55","192.168.1.2","TCP","1514","8004  >  50014 [ACK] Seq=391150 Ack=144 Win=65024 Len=1448 TSval=2916034162 TSecr=3045553935 [TCP segment of a reassembled PDU]"
"13888","30.081519664","192.168.1.55","192.168.1.2","TCP","1514","8004  >  50014 [ACK] Seq=392598 Ack=144 Win=65024 Len=1448 TSval=2916034162 TSecr=3045553935 [TCP segment of a reassembled PDU]"
"13889","30.081521183","192.168.1.55","192.168.1.2","TCP","1514","8004  >  50014 [ACK] Seq=394046 Ack=144 Win=65024 Len=1448 TSval=2916034162 TSecr=3045553935 [TCP segment of a reassembled PDU]"
"13890","30.081522683","192.168.1.55","192.168.1.2","TCP","1514","8004  >  50014 [ACK] Seq=395494 Ack=144 Win=65024 Len=1448 TSval=2916034162 TSecr=3045553935 [TCP segment of a reassembled PDU]"
"13891","30.081524164","192.168.1.55","192.168.1.2","TCP","1514","8004  >  50014 [ACK] Seq=396942 Ack=144 Win=65024 Len=1448 TSval=2916034162 TSecr=3045553935 [TCP segment of a reassembled PDU]"
"13892","30.081525535","192.168.1.55","192.168.1.2","TCP","1514","8004  >  50014 [ACK] Seq=398390 Ack=144 Win=65024 Len=1448 TSval=2916034162 TSecr=3045553935 [TCP segment of a reassembled PDU]"
"13893","30.081527164","192.168.1.55","192.168.1.2","TCP","1514","8004  >  50014 [ACK] Seq=399838 Ack=144 Win=65024 Len=1448 TSval=2916034162 TSecr=3045553935 [TCP segment of a reassembled PDU]"
"13894","30.081528701","192.168.1.55","192.168.1.2","TCP","1514","8004  >  50014 [ACK] Seq=401286 Ack=144 Win=65024 Len=1448 TSval=2916034162 TSecr=3045553935 [TCP segment of a reassembled PDU]"
"13895","30.081530238","192.168.1.55","192.168.1.2","TCP","1514","8004  >  50014 [ACK] Seq=402734 Ack=144 Win=65024 Len=1448 TSval=2916034162 TSecr=3045553935 [TCP segment of a reassembled PDU]"
"13896","30.081531683","192.168.1.55","192.168.1.2","TCP","1514","8004  >  50014 [ACK] Seq=404182 Ack=144 Win=65024 Len=1448 TSval=2916034162 TSecr=3045553935 [TCP segment of a reassembled PDU]"
"13897","30.081533127","192.168.1.55","192.168.1.2","TCP","1514","8004  >  50014 [ACK] Seq=405630 Ack=144 Win=65024 Len=1448 TSval=2916034162 TSecr=3045553935 [TCP segment of a reassembled PDU]"
"13898","30.081534572","192.168.1.55","192.168.1.2","TCP","1514","8004  >  50014 [ACK] Seq=407078 Ack=144 Win=65024 Len=1448 TSval=2916034162 TSecr=3045553935 [TCP segment of a reassembled PDU]"
"13899","30.081536183","192.168.1.55","192.168.1.2","TCP","1514","8004  >  50014 [ACK] Seq=408526 Ack=144 Win=65024 Len=1448 TSval=2916034162 TSecr=3045553935 [TCP segment of a reassembled PDU]"
"13900","30.081537646","192.168.1.55","192.168.1.2","TCP","1514","8004  >  50014 [ACK] Seq=409974 Ack=144 Win=65024 Len=1448 TSval=2916034162 TSecr=3045553935 [TCP segment of a reassembled PDU]"
"13901","30.081539164","192.168.1.55","192.168.1.2","TCP","1514","8004  >  50014 [PSH, ACK] Seq=411422 Ack=144 Win=65024 Len=1448 TSval=2916034162 TSecr=3045553935 [TCP segment of a reassembled PDU]"
"13902","30.081571868","192.168.1.2","192.168.1.55","TCP","66","50014  >  8004 [ACK] Seq=144 Ack=346262 Win=115712 Len=0 TSval=3045553935 TSecr=2916034153"
"13903","30.081615535","192.168.1.55","192.168.1.2","TCP","1514","8004  >  50014 [ACK] Seq=412870 Ack=144 Win=65024 Len=1448 TSval=2916034162 TSecr=3045553935 [TCP segment of a reassembled PDU]"
"13904","30.081617942","192.168.1.55","192.168.1.2","TCP","1514","8004  >  50014 [ACK] Seq=414318 Ack=144 Win=65024 Len=1448 TSval=2916034162 TSecr=3045553935 [TCP segment of a reassembled PDU]"
"13905","30.081619313","192.168.1.55","192.168.1.2","TCP","1514","8004  >  50014 [ACK] Seq=415766 Ack=144 Win=65024 Len=1448 TSval=2916034162 TSecr=3045553935 [TCP segment of a reassembled PDU]"
"13906","30.081620683","192.168.1.55","192.168.1.2","TCP","1514","8004  >  50014 [ACK] Seq=417214 Ack=144 Win=65024 Len=1448 TSval=2916034162 TSecr=3045553935 [TCP segment of a reassembled PDU]"
"13907","30.081622090","192.168.1.55","192.168.1.2","TCP","1514","8004  >  50014 [ACK] Seq=418662 Ack=144 Win=65024 Len=1448 TSval=2916034162 TSecr=3045553935 [TCP segment of a reassembled PDU]"
"13908","30.081623627","192.168.1.55","192.168.1.2","TCP","1514","8004  >  50014 [ACK] Seq=420110 Ack=144 Win=65024 Len=1448 TSval=2916034162 TSecr=3045553935 [TCP segment of a reassembled PDU]"
"13909","30.081625387","192.168.1.55","192.168.1.2","TCP","1514","8004  >  50014 [ACK] Seq=421558 Ack=144 Win=65024 Len=1448 TSval=2916034162 TSecr=3045553935 [TCP segment of a reassembled PDU]"
"13910","30.081626776","192.168.1.55","192.168.1.2","TCP","1514","8004  >  50014 [ACK] Seq=423006 Ack=144 Win=65024 Len=1448 TSval=2916034162 TSecr=3045553935 [TCP segment of a reassembled PDU]"
"13911","30.081628164","192.168.1.55","192.168.1.2","TCP","1514","8004  >  50014 [ACK] Seq=424454 Ack=144 Win=65024 Len=1448 TSval=2916034162 TSecr=3045553935 [TCP segment of a reassembled PDU]"
"13912","30.081630202","192.168.1.55","192.168.1.2","TCP","1514","8004  >  50014 [ACK] Seq=425902 Ack=144 Win=65024 Len=1448 TSval=2916034162 TSecr=3045553935 [TCP segment of a reassembled PDU]"
"13913","30.081631646","192.168.1.55","192.168.1.2","TCP","1514","8004  >  50014 [ACK] Seq=427350 Ack=144 Win=65024 Len=1448 TSval=2916034162 TSecr=3045553935 [TCP segment of a reassembled PDU]"
"13914","30.081633164","192.168.1.55","192.168.1.2","TCP","1514","8004  >  50014 [ACK] Seq=428798 Ack=144 Win=65024 Len=1448 TSval=2916034162 TSecr=3045553935 [TCP segment of a reassembled PDU]"
"13915","30.081634720","192.168.1.55","192.168.1.2","TCP","1514","8004  >  50014 [ACK] Seq=430246 Ack=144 Win=65024 Len=1448 TSval=2916034162 TSecr=3045553935 [TCP segment of a reassembled PDU]"
"13916","30.081636053","192.168.1.55","192.168.1.2","TCP","1514","8004  >  50014 [ACK] Seq=431694 Ack=144 Win=65024 Len=1448 TSval=2916034162 TSecr=3045553935 [TCP segment of a reassembled PDU]"
"13917","30.081637461","192.168.1.55","192.168.1.2","TCP","1514","8004  >  50014 [ACK] Seq=433142 Ack=144 Win=65024 Len=1448 TSval=2916034162 TSecr=3045553935 [TCP segment of a reassembled PDU]"
"13918","30.081638831","192.168.1.55","192.168.1.2","TCP","1514","8004  >  50014 [ACK] Seq=434590 Ack=144 Win=65024 Len=1448 TSval=2916034162 TSecr=3045553935 [TCP segment of a reassembled PDU]"
"13919","30.081640331","192.168.1.55","192.168.1.2","TCP","1514","8004  >  50014 [ACK] Seq=436038 Ack=144 Win=65024 Len=1448 TSval=2916034162 TSecr=3045553935 [TCP segment of a reassembled PDU]"
"13920","30.081641683","192.168.1.55","192.168.1.2","TCP","1514","8004  >  50014 [ACK] Seq=437486 Ack=144 Win=65024 Len=1448 TSval=2916034162 TSecr=3045553935 [TCP segment of a reassembled PDU]"
"13921","30.081643053","192.168.1.55","192.168.1.2","TCP","1514","8004  >  50014 [ACK] Seq=438934 Ack=144 Win=65024 Len=1448 TSval=2916034162 TSecr=3045553935 [TCP segment of a reassembled PDU]"
"13922","30.081644961","192.168.1.55","192.168.1.2","TCP","1514","8004  >  50014 [ACK] Seq=440382 Ack=144 Win=65024 Len=1448 TSval=2916034162 TSecr=3045553935 [TCP segment of a reassembled PDU]"
"13923","30.081646331","192.168.1.55","192.168.1.2","TCP","1514","8004  >  50014 [ACK] Seq=441830 Ack=144 Win=65024 Len=1448 TSval=2916034162 TSecr=3045553935 [TCP segment of a reassembled PDU]"
"13924","30.081647813","192.168.1.55","192.168.1.2","TCP","1514","8004  >  50014 [ACK] Seq=443278 Ack=144 Win=65024 Len=1448 TSval=2916034162 TSecr=3045553935 [TCP segment of a reassembled PDU]"
"13925","30.081649183","192.168.1.55","192.168.1.2","TCP","1514","8004  >  50014 [ACK] Seq=444726 Ack=144 Win=65024 Len=1448 TSval=2916034162 TSecr=3045553935 [TCP segment of a reassembled PDU]"
"13926","30.081650535","192.168.1.55","192.168.1.2","TCP","1514","8004  >  50014 [ACK] Seq=446174 Ack=144 Win=65024 Len=1448 TSval=2916034162 TSecr=3045553935 [TCP segment of a reassembled PDU]"
"13927","30.081652035","192.168.1.55","192.168.1.2","TCP","1514","8004  >  50014 [ACK] Seq=447622 Ack=144 Win=65024 Len=1448 TSval=2916034162 TSecr=3045553935 [TCP segment of a reassembled PDU]"
"13928","30.081653405","192.168.1.55","192.168.1.2","TCP","1514","8004  >  50014 [ACK] Seq=449070 Ack=144 Win=65024 Len=1448 TSval=2916034162 TSecr=3045553935 [TCP segment of a reassembled PDU]"
"13929","30.081655090","192.168.1.55","192.168.1.2","TCP","1514","8004  >  50014 [ACK] Seq=450518 Ack=144 Win=65024 Len=1448 TSval=2916034162 TSecr=3045553935 [TCP segment of a reassembled PDU]"
"13930","30.081656609","192.168.1.55","192.168.1.2","TCP","1514","8004  >  50014 [ACK] Seq=451966 Ack=144 Win=65024 Len=1448 TSval=2916034162 TSecr=3045553935 [TCP segment of a reassembled PDU]"
"13931","30.081658016","192.168.1.55","192.168.1.2","TCP","1514","8004  >  50014 [PSH, ACK] Seq=453414 Ack=144 Win=65024 Len=1448 TSval=2916034162 TSecr=3045553935 [TCP segment of a reassembled PDU]"
"13932","30.081669202","192.168.1.55","192.168.1.2","TCP","1514","8004  >  50014 [ACK] Seq=454862 Ack=144 Win=65024 Len=1448 TSval=2916034162 TSecr=3045553935 [TCP segment of a reassembled PDU]"
"13933","30.081670646","192.168.1.55","192.168.1.2","TCP","1514","8004  >  50014 [ACK] Seq=456310 Ack=144 Win=65024 Len=1448 TSval=2916034162 TSecr=3045553935 [TCP segment of a reassembled PDU]"
"13934","30.081671979","192.168.1.55","192.168.1.2","TCP","1514","8004  >  50014 [ACK] Seq=457758 Ack=144 Win=65024 Len=1448 TSval=2916034162 TSecr=3045553935 [TCP segment of a reassembled PDU]"
"13935","30.081673331","192.168.1.55","192.168.1.2","TCP","1514","8004  >  50014 [ACK] Seq=459206 Ack=144 Win=65024 Len=1448 TSval=2916034162 TSecr=3045553935 [TCP segment of a reassembled PDU]"
"13936","30.081674683","192.168.1.55","192.168.1.2","TCP","1386","[TCP Window Full] 8004  >  50014 [PSH, ACK] Seq=460654 Ack=144 Win=65024 Len=1320 TSval=2916034162 TSecr=3045553935 [TCP segment of a reassembled PDU]"
"13937","30.086236338","192.168.1.2","192.168.1.55","TCP","66","50014  >  8004 [ACK] Seq=144 Ack=365086 Win=118784 Len=0 TSval=3045553937 TSecr=2916034159"
"13938","30.086259968","192.168.1.55","192.168.1.2","TCP","1514","8004  >  50014 [ACK] Seq=461974 Ack=144 Win=65024 Len=1448 TSval=2916034166 TSecr=3045553937 [TCP segment of a reassembled PDU]"
"13939","30.086262616","192.168.1.55","192.168.1.2","TCP","1514","8004  >  50014 [ACK] Seq=463422 Ack=144 Win=65024 Len=1448 TSval=2916034166 TSecr=3045553937 [TCP segment of a reassembled PDU]"
"13940","30.086263931","192.168.1.55","192.168.1.2","TCP","1514","8004  >  50014 [ACK] Seq=464870 Ack=144 Win=65024 Len=1448 TSval=2916034166 TSecr=3045553937 [TCP segment of a reassembled PDU]"
"13941","30.086265320","192.168.1.55","192.168.1.2","TCP","1514","8004  >  50014 [ACK] Seq=466318 Ack=144 Win=65024 Len=1448 TSval=2916034166 TSecr=3045553937 [TCP segment of a reassembled PDU]"
"13942","30.086267079","192.168.1.55","192.168.1.2","TCP","1514","8004  >  50014 [ACK] Seq=467766 Ack=144 Win=65024 Len=1448 TSval=2916034166 TSecr=3045553937 [TCP segment of a reassembled PDU]"
"13943","30.086268450","192.168.1.55","192.168.1.2","TCP","1514","8004  >  50014 [ACK] Seq=469214 Ack=144 Win=65024 Len=1448 TSval=2916034166 TSecr=3045553937 [TCP segment of a reassembled PDU]"
"13944","30.086269838","192.168.1.55","192.168.1.2","TCP","1514","8004  >  50014 [ACK] Seq=470662 Ack=144 Win=65024 Len=1448 TSval=2916034166 TSecr=3045553937 [TCP segment of a reassembled PDU]"
"13945","30.086271468","192.168.1.55","192.168.1.2","TCP","1514","8004  >  50014 [ACK] Seq=472110 Ack=144 Win=65024 Len=1448 TSval=2916034166 TSecr=3045553937 [TCP segment of a reassembled PDU]"
"13946","30.086272931","192.168.1.55","192.168.1.2","TCP","1514","8004  >  50014 [ACK] Seq=473558 Ack=144 Win=65024 Len=1448 TSval=2916034166 TSecr=3045553937 [TCP segment of a reassembled PDU]"
"13947","30.086274227","192.168.1.55","192.168.1.2","TCP","1514","8004  >  50014 [ACK] Seq=475006 Ack=144 Win=65024 Len=1448 TSval=2916034166 TSecr=3045553937 [TCP segment of a reassembled PDU]"
"13948","30.086275875","192.168.1.55","192.168.1.2","TCP","1514","8004  >  50014 [ACK] Seq=476454 Ack=144 Win=65024 Len=1448 TSval=2916034166 TSecr=3045553937 [TCP segment of a reassembled PDU]"
"13949","30.086277246","192.168.1.55","192.168.1.2","TCP","1514","8004  >  50014 [ACK] Seq=477902 Ack=144 Win=65024 Len=1448 TSval=2916034166 TSecr=3045553937 [TCP segment of a reassembled PDU]"
"13950","30.086278561","192.168.1.55","192.168.1.2","TCP","1514","8004  >  50014 [ACK] Seq=479350 Ack=144 Win=65024 Len=1448 TSval=2916034166 TSecr=3045553937 [TCP segment of a reassembled PDU]"
"13951","30.086280042","192.168.1.55","192.168.1.2","TCP","1514","8004  >  50014 [ACK] Seq=480798 Ack=144 Win=65024 Len=1448 TSval=2916034166 TSecr=3045553937 [TCP segment of a reassembled PDU]"
"13952","30.086281431","192.168.1.55","192.168.1.2","TCP","1514","8004  >  50014 [PSH, ACK] Seq=482246 Ack=144 Win=65024 Len=1448 TSval=2916034166 TSecr=3045553937 [TCP segment of a reassembled PDU]"
"13953","30.086347431","192.168.1.2","192.168.1.55","TCP","66","50014  >  8004 [ACK] Seq=144 Ack=369430 Win=132096 Len=0 TSval=3045553937 TSecr=2916034159"
"13954","30.086363190","192.168.1.55","192.168.1.2","TCP","1514","8004  >  50014 [ACK] Seq=483694 Ack=144 Win=65024 Len=1448 TSval=2916034167 TSecr=3045553937 [TCP segment of a reassembled PDU]"
"13955","30.086365024","192.168.1.55","192.168.1.2","TCP","1514","8004  >  50014 [ACK] Seq=485142 Ack=144 Win=65024 Len=1448 TSval=2916034167 TSecr=3045553937 [TCP segment of a reassembled PDU]"
"13956","30.086366283","192.168.1.55","192.168.1.2","TCP","1514","8004  >  50014 [ACK] Seq=486590 Ack=144 Win=65024 Len=1448 TSval=2916034167 TSecr=3045553937 [TCP segment of a reassembled PDU]"
"13957","30.086367727","192.168.1.55","192.168.1.2","TCP","1514","8004  >  50014 [ACK] Seq=488038 Ack=144 Win=65024 Len=1448 TSval=2916034167 TSecr=3045553937 [TCP segment of a reassembled PDU]"
"13958","30.086369024","192.168.1.55","192.168.1.2","TCP","1514","8004  >  50014 [ACK] Seq=489486 Ack=144 Win=65024 Len=1448 TSval=2916034167 TSecr=3045553937 [TCP segment of a reassembled PDU]"
"13959","30.086370302","192.168.1.55","192.168.1.2","TCP","1514","8004  >  50014 [ACK] Seq=490934 Ack=144 Win=65024 Len=1448 TSval=2916034167 TSecr=3045553937 [TCP segment of a reassembled PDU]"
"13960","30.086371579","192.168.1.55","192.168.1.2","TCP","1514","8004  >  50014 [ACK] Seq=492382 Ack=144 Win=65024 Len=1448 TSval=2916034167 TSecr=3045553937 [TCP segment of a reassembled PDU]"
"13961","30.086372931","192.168.1.55","192.168.1.2","TCP","1514","8004  >  50014 [ACK] Seq=493830 Ack=144 Win=65024 Len=1448 TSval=2916034167 TSecr=3045553937 [TCP segment of a reassembled PDU]"
"13962","30.086374339","192.168.1.55","192.168.1.2","TCP","1514","8004  >  50014 [PSH, ACK] Seq=495278 Ack=144 Win=65024 Len=1448 TSval=2916034167 TSecr=3045553937 [TCP segment of a reassembled PDU]"
"13963","30.086379487","192.168.1.55","192.168.1.2","TCP","194","8004  >  50014 [ACK] Seq=496726 Ack=144 Win=65024 Len=128 TSval=2916034167 TSecr=3045553937 [TCP segment of a reassembled PDU]"
"13964","30.086383690","192.168.1.55","192.168.1.2","TCP","1514","8004  >  50014 [ACK] Seq=496854 Ack=144 Win=65024 Len=1448 TSval=2916034167 TSecr=3045553937 [TCP segment of a reassembled PDU]"
"13965","30.086387190","192.168.1.55","192.168.1.2","HTTP","222","HTTP/1.0 200 OK  (PNG)"
"13966","30.087374322","192.168.1.2","192.168.1.55","TCP","66","50014  >  8004 [ACK] Seq=144 Ack=370878 Win=135168 Len=0 TSval=3045553942 TSecr=2916034159"
"13967","30.087430729","192.168.1.2","192.168.1.55","TCP","66","50014  >  8004 [ACK] Seq=144 Ack=412870 Win=180224 Len=0 TSval=3045553942 TSecr=2916034162"
"13968","30.087439062","192.168.1.2","192.168.1.55","TCP","66","50014  >  8004 [ACK] Seq=144 Ack=443278 Win=194560 Len=0 TSval=3045553942 TSecr=2916034162"
"13969","30.091093494","192.168.1.2","192.168.1.55","TCP","66","50014  >  8004 [ACK] Seq=144 Ack=454862 Win=210944 Len=0 TSval=3045553946 TSecr=2916034162"
"13970","30.091257994","192.168.1.2","192.168.1.55","TCP","66","50014  >  8004 [ACK] Seq=144 Ack=489486 Win=179200 Len=0 TSval=3045553946 TSecr=2916034162"
"13971","30.091266809","192.168.1.2","192.168.1.55","TCP","66","50014  >  8004 [ACK] Seq=144 Ack=496726 Win=188416 Len=0 TSval=3045553946 TSecr=2916034167"
"13972","30.091272143","192.168.1.2","192.168.1.55","TCP","66","50014  >  8004 [ACK] Seq=144 Ack=498459 Win=204800 Len=0 TSval=3045553946 TSecr=2916034167"
"13973","30.092030847","192.168.1.2","192.168.1.55","TCP","66","50014  >  8004 [FIN, ACK] Seq=144 Ack=498459 Win=210944 Len=0 TSval=3045553946 TSecr=2916034167"
"13974","30.092049551","192.168.1.55","192.168.1.2","TCP","66","8004  >  50014 [ACK] Seq=498459 Ack=145 Win=65024 Len=0 TSval=2916034172 TSecr=3045553946"
"13975","30.092151625","192.168.1.2","192.168.1.55","TCP","74","50026  >  8004 [SYN] Seq=0 Win=64240 Len=0 MSS=1460 SACK_PERM TSval=3045553947 TSecr=0 WS=1024"
"13976","30.092168514","192.168.1.55","192.168.1.2","TCP","74","8004  >  50026 [SYN, ACK] Seq=0 Ack=1 Win=65160 Len=0 MSS=1460 SACK_PERM TSval=2916034172 TSecr=3045553947 WS=128"
"13977","30.095275630","192.168.1.2","192.168.1.55","TCP","66","50026  >  8004 [ACK] Seq=1 Ack=1 Win=64512 Len=0 TSval=3045553950 TSecr=2916034172"
"13978","30.098481506","192.168.1.2","192.168.1.55","HTTP","206","GET /stego_benchmark.png HTTP/1.1 "
"13979","30.098493561","192.168.1.55","192.168.1.2","TCP","66","8004  >  50026 [ACK] Seq=1 Ack=141 Win=65024 Len=0 TSval=2916034179 TSecr=3045553950"
"13980","30.098979710","192.168.1.55","192.168.1.2","TCP","255","8004  >  50026 [PSH, ACK] Seq=1 Ack=141 Win=65024 Len=189 TSval=2916034179 TSecr=3045553950 [TCP segment of a reassembled PDU]"
"13981","30.099066581","192.168.1.55","192.168.1.2","TCP","1514","8004  >  50026 [ACK] Seq=190 Ack=141 Win=65024 Len=1448 TSval=2916034179 TSecr=3045553950 [TCP segment of a reassembled PDU]"
"13982","30.099070803","192.168.1.55","192.168.1.2","TCP","1514","8004  >  50026 [ACK] Seq=1638 Ack=141 Win=65024 Len=1448 TSval=2916034179 TSecr=3045553950 [TCP segment of a reassembled PDU]"
"13983","30.099072284","192.168.1.55","192.168.1.2","TCP","1514","8004  >  50026 [ACK] Seq=3086 Ack=141 Win=65024 Len=1448 TSval=2916034179 TSecr=3045553950 [TCP segment of a reassembled PDU]"
"13984","30.099073599","192.168.1.55","192.168.1.2","TCP","1514","8004  >  50026 [ACK] Seq=4534 Ack=141 Win=65024 Len=1448 TSval=2916034179 TSecr=3045553950 [TCP segment of a reassembled PDU]"
"13985","30.099075636","192.168.1.55","192.168.1.2","TCP","1514","8004  >  50026 [PSH, ACK] Seq=5982 Ack=141 Win=65024 Len=1448 TSval=2916034179 TSecr=3045553950 [TCP segment of a reassembled PDU]"
"13986","30.099095359","192.168.1.55","192.168.1.2","TCP","1514","8004  >  50026 [ACK] Seq=7430 Ack=141 Win=65024 Len=1448 TSval=2916034179 TSecr=3045553950 [TCP segment of a reassembled PDU]"
"13987","30.099101970","192.168.1.55","192.168.1.2","TCP","1514","8004  >  50026 [ACK] Seq=8878 Ack=141 Win=65024 Len=1448 TSval=2916034179 TSecr=3045553950 [TCP segment of a reassembled PDU]"
"13988","30.099103525","192.168.1.55","192.168.1.2","TCP","1514","8004  >  50026 [ACK] Seq=10326 Ack=141 Win=65024 Len=1448 TSval=2916034179 TSecr=3045553950 [TCP segment of a reassembled PDU]"
"13989","30.099105044","192.168.1.55","192.168.1.2","TCP","1514","8004  >  50026 [PSH, ACK] Seq=11774 Ack=141 Win=65024 Len=1448 TSval=2916034179 TSecr=3045553950 [TCP segment of a reassembled PDU]"
"13990","30.103107587","192.168.1.2","192.168.1.55","TCP","66","50026  >  8004 [ACK] Seq=141 Ack=190 Win=64512 Len=0 TSval=3045553957 TSecr=2916034179"
"13991","30.103153828","192.168.1.55","192.168.1.2","TCP","1514","8004  >  50026 [ACK] Seq=13222 Ack=141 Win=65024 Len=1448 TSval=2916034183 TSecr=3045553957 [TCP segment of a reassembled PDU]"
"13992","30.103159995","192.168.1.55","192.168.1.2","TCP","1514","8004  >  50026 [PSH, ACK] Seq=14670 Ack=141 Win=65024 Len=1448 TSval=2916034183 TSecr=3045553957 [TCP segment of a reassembled PDU]"
"13993","30.103252032","192.168.1.2","192.168.1.55","TCP","66","50026  >  8004 [ACK] Seq=141 Ack=3086 Win=70656 Len=0 TSval=3045553957 TSecr=2916034179"
"13994","30.103263384","192.168.1.2","192.168.1.55","TCP","66","50026  >  8004 [ACK] Seq=141 Ack=5982 Win=76800 Len=0 TSval=3045553957 TSecr=2916034179"
"13995","30.103304273","192.168.1.55","192.168.1.2","TCP","1514","8004  >  50026 [ACK] Seq=16118 Ack=141 Win=65024 Len=1448 TSval=2916034183 TSecr=3045553957 [TCP segment of a reassembled PDU]"
"13996","30.103306717","192.168.1.55","192.168.1.2","TCP","1514","8004  >  50026 [ACK] Seq=17566 Ack=141 Win=65024 Len=1448 TSval=2916034183 TSecr=3045553957 [TCP segment of a reassembled PDU]"
"13997","30.103308291","192.168.1.55","192.168.1.2","TCP","1514","8004  >  50026 [ACK] Seq=19014 Ack=141 Win=65024 Len=1448 TSval=2916034183 TSecr=3045553957 [TCP segment of a reassembled PDU]"
"13998","30.103310069","192.168.1.55","192.168.1.2","TCP","1514","8004  >  50026 [ACK] Seq=20462 Ack=141 Win=65024 Len=1448 TSval=2916034183 TSecr=3045553957 [TCP segment of a reassembled PDU]"
"13999","30.103311976","192.168.1.55","192.168.1.2","TCP","1514","8004  >  50026 [ACK] Seq=21910 Ack=141 Win=65024 Len=1448 TSval=2916034183 TSecr=3045553957 [TCP segment of a reassembled PDU]"
"14000","30.103313736","192.168.1.55","192.168.1.2","TCP","1514","8004  >  50026 [ACK] Seq=23358 Ack=141 Win=65024 Len=1448 TSval=2916034183 TSecr=3045553957 [TCP segment of a reassembled PDU]"
"14001","30.103315106","192.168.1.55","192.168.1.2","TCP","1514","8004  >  50026 [PSH, ACK] Seq=24806 Ack=141 Win=65024 Len=1448 TSval=2916034183 TSecr=3045553957 [TCP segment of a reassembled PDU]"
"14002","30.103321513","192.168.1.2","192.168.1.55","TCP","66","50026  >  8004 [ACK] Seq=141 Ack=7430 Win=79872 Len=0 TSval=3045553958 TSecr=2916034179"
"14003","30.106922389","192.168.1.2","192.168.1.55","TCP","66","50026  >  8004 [ACK] Seq=141 Ack=13222 Win=84992 Len=0 TSval=3045553958 TSecr=2916034179"
"14004","30.106993964","192.168.1.55","192.168.1.2","TCP","1514","8004  >  50026 [ACK] Seq=26254 Ack=141 Win=65024 Len=1448 TSval=2916034187 TSecr=3045553958 [TCP segment of a reassembled PDU]"
"14005","30.107000223","192.168.1.55","192.168.1.2","TCP","1514","8004  >  50026 [ACK] Seq=27702 Ack=141 Win=65024 Len=1448 TSval=2916034187 TSecr=3045553958 [TCP segment of a reassembled PDU]"
"14006","30.107001667","192.168.1.55","192.168.1.2","TCP","1514","8004  >  50026 [ACK] Seq=29150 Ack=141 Win=65024 Len=1448 TSval=2916034187 TSecr=3045553958 [TCP segment of a reassembled PDU]"
"14007","30.107003167","192.168.1.55","192.168.1.2","TCP","1514","8004  >  50026 [ACK] Seq=30598 Ack=141 Win=65024 Len=1448 TSval=2916034187 TSecr=3045553958 [TCP segment of a reassembled PDU]"
"14008","30.107004575","192.168.1.55","192.168.1.2","TCP","1514","8004  >  50026 [ACK] Seq=32046 Ack=141 Win=65024 Len=1448 TSval=2916034187 TSecr=3045553958 [TCP segment of a reassembled PDU]"
"14009","30.107006019","192.168.1.55","192.168.1.2","TCP","1514","8004  >  50026 [ACK] Seq=33494 Ack=141 Win=65024 Len=1448 TSval=2916034187 TSecr=3045553958 [TCP segment of a reassembled PDU]"
"14010","30.107008130","192.168.1.55","192.168.1.2","TCP","1514","8004  >  50026 [ACK] Seq=34942 Ack=141 Win=65024 Len=1448 TSval=2916034187 TSecr=3045553958 [TCP segment of a reassembled PDU]"
"14011","30.107009704","192.168.1.55","192.168.1.2","TCP","1514","8004  >  50026 [ACK] Seq=36390 Ack=141 Win=65024 Len=1448 TSval=2916034187 TSecr=3045553958 [TCP segment of a reassembled PDU]"
"14012","30.107011519","192.168.1.55","192.168.1.2","TCP","1514","8004  >  50026 [ACK] Seq=37838 Ack=141 Win=65024 Len=1448 TSval=2916034187 TSecr=3045553958 [TCP segment of a reassembled PDU]"
"14013","30.107012908","192.168.1.55","192.168.1.2","TCP","1514","8004  >  50026 [PSH, ACK] Seq=39286 Ack=141 Win=65024 Len=1448 TSval=2916034187 TSecr=3045553958 [TCP segment of a reassembled PDU]"
"14014","30.107534668","192.168.1.2","192.168.1.55","TCP","66","50026  >  8004 [ACK] Seq=141 Ack=16118 Win=90112 Len=0 TSval=3045553962 TSecr=2916034183"
"14015","30.107563816","192.168.1.55","192.168.1.2","TCP","1514","8004  >  50026 [ACK] Seq=40734 Ack=141 Win=65024 Len=1448 TSval=2916034188 TSecr=3045553962 [TCP segment of a reassembled PDU]"
"14016","30.107567446","192.168.1.55","192.168.1.2","TCP","1514","8004  >  50026 [ACK] Seq=42182 Ack=141 Win=65024 Len=1448 TSval=2916034188 TSecr=3045553962 [TCP segment of a reassembled PDU]"
"14017","30.107568576","192.168.1.55","192.168.1.2","TCP","1514","8004  >  50026 [PSH, ACK] Seq=43630 Ack=141 Win=65024 Len=1448 TSval=2916034188 TSecr=3045553962 [TCP segment of a reassembled PDU]"
"14018","30.107604539","192.168.1.2","192.168.1.55","TCP","66","50026  >  8004 [ACK] Seq=141 Ack=26254 Win=80896 Len=0 TSval=3045553962 TSecr=2916034183"
"14019","30.107640798","192.168.1.55","192.168.1.2","TCP","1514","8004  >  50026 [ACK] Seq=45078 Ack=141 Win=65024 Len=1448 TSval=2916034188 TSecr=3045553962 [TCP segment of a reassembled PDU]"
"14020","30.107643520","192.168.1.55","192.168.1.2","TCP","1514","8004  >  50026 [ACK] Seq=46526 Ack=141 Win=65024 Len=1448 TSval=2916034188 TSecr=3045553962 [TCP segment of a reassembled PDU]"
"14021","30.107645650","192.168.1.55","192.168.1.2","TCP","1514","8004  >  50026 [ACK] Seq=47974 Ack=141 Win=65024 Len=1448 TSval=2916034188 TSecr=3045553962 [TCP segment of a reassembled PDU]"
"14022","30.107647316","192.168.1.55","192.168.1.2","TCP","1514","8004  >  50026 [ACK] Seq=49422 Ack=141 Win=65024 Len=1448 TSval=2916034188 TSecr=3045553962 [TCP segment of a reassembled PDU]"
"14023","30.107648890","192.168.1.55","192.168.1.2","TCP","1514","8004  >  50026 [ACK] Seq=50870 Ack=141 Win=65024 Len=1448 TSval=2916034188 TSecr=3045553962 [TCP segment of a reassembled PDU]"
"14024","30.107650409","192.168.1.55","192.168.1.2","TCP","1514","8004  >  50026 [ACK] Seq=52318 Ack=141 Win=65024 Len=1448 TSval=2916034188 TSecr=3045553962 [TCP segment of a reassembled PDU]"
"14025","30.107654039","192.168.1.55","192.168.1.2","TCP","1514","8004  >  50026 [ACK] Seq=53766 Ack=141 Win=65024 Len=1448 TSval=2916034188 TSecr=3045553962 [TCP segment of a reassembled PDU]"
"14026","30.107655835","192.168.1.55","192.168.1.2","TCP","1514","8004  >  50026 [ACK] Seq=55214 Ack=141 Win=65024 Len=1448 TSval=2916034188 TSecr=3045553962 [TCP segment of a reassembled PDU]"
"14027","30.107657502","192.168.1.55","192.168.1.2","TCP","1514","8004  >  50026 [ACK] Seq=56662 Ack=141 Win=65024 Len=1448 TSval=2916034188 TSecr=3045553962 [TCP segment of a reassembled PDU]"
"14028","30.107658779","192.168.1.55","192.168.1.2","TCP","1514","8004  >  50026 [ACK] Seq=58110 Ack=141 Win=65024 Len=1448 TSval=2916034188 TSecr=3045553962 [TCP segment of a reassembled PDU]"
"14029","30.107660353","192.168.1.55","192.168.1.2","TCP","1514","8004  >  50026 [ACK] Seq=59558 Ack=141 Win=65024 Len=1448 TSval=2916034188 TSecr=3045553962 [TCP segment of a reassembled PDU]"
"14030","30.107661687","192.168.1.55","192.168.1.2","TCP","1514","8004  >  50026 [ACK] Seq=61006 Ack=141 Win=65024 Len=1448 TSval=2916034188 TSecr=3045553962 [TCP segment of a reassembled PDU]"
"14031","30.107663428","192.168.1.55","192.168.1.2","TCP","1514","8004  >  50026 [ACK] Seq=62454 Ack=141 Win=65024 Len=1448 TSval=2916034188 TSecr=3045553962 [TCP segment of a reassembled PDU]"
"14032","30.107664761","192.168.1.55","192.168.1.2","TCP","1514","8004  >  50026 [PSH, ACK] Seq=63902 Ack=141 Win=65024 Len=1448 TSval=2916034188 TSecr=3045553962 [TCP segment of a reassembled PDU]"
"14033","30.107680520","192.168.1.55","192.168.1.2","TCP","1514","8004  >  50026 [ACK] Seq=65350 Ack=141 Win=65024 Len=1448 TSval=2916034188 TSecr=3045553962 [TCP segment of a reassembled PDU]"
"14034","30.107683316","192.168.1.55","192.168.1.2","TCP","1514","8004  >  50026 [PSH, ACK] Seq=66798 Ack=141 Win=65024 Len=1448 TSval=2916034188 TSecr=3045553962 [TCP segment of a reassembled PDU]"
"14035","30.112566417","192.168.1.2","192.168.1.55","TCP","66","50026  >  8004 [ACK] Seq=141 Ack=40734 Win=79872 Len=0 TSval=3045553967 TSecr=2916034187"
"14036","30.112625269","192.168.1.55","192.168.1.2","TCP","1514","8004  >  50026 [ACK] Seq=68246 Ack=141 Win=65024 Len=1448 TSval=2916034193 TSecr=3045553967 [TCP segment of a reassembled PDU]"
"14037","30.112630250","192.168.1.55","192.168.1.2","TCP","1514","8004  >  50026 [ACK] Seq=69694 Ack=141 Win=65024 Len=1448 TSval=2916034193 TSecr=3045553967 [TCP segment of a reassembled PDU]"
"14038","30.112631380","192.168.1.55","192.168.1.2","TCP","1514","8004  >  50026 [ACK] Seq=71142 Ack=141 Win=65024 Len=1448 TSval=2916034193 TSecr=3045553967 [TCP segment of a reassembled PDU]"
"14039","30.112632602","192.168.1.55","192.168.1.2","TCP","1514","8004  >  50026 [ACK] Seq=72590 Ack=141 Win=65024 Len=1448 TSval=2916034193 TSecr=3045553967 [TCP segment of a reassembled PDU]"
"14040","30.112634769","192.168.1.55","192.168.1.2","TCP","1514","8004  >  50026 [ACK] Seq=74038 Ack=141 Win=65024 Len=1448 TSval=2916034193 TSecr=3045553967 [TCP segment of a reassembled PDU]"
"14041","30.112635898","192.168.1.55","192.168.1.2","TCP","1514","8004  >  50026 [PSH, ACK] Seq=75486 Ack=141 Win=65024 Len=1448 TSval=2916034193 TSecr=3045553967 [TCP segment of a reassembled PDU]"
"14042","30.112678380","192.168.1.55","192.168.1.2","TCP","1514","8004  >  50026 [ACK] Seq=76934 Ack=141 Win=65024 Len=1448 TSval=2916034193 TSecr=3045553967 [TCP segment of a reassembled PDU]"
"14043","30.112681361","192.168.1.55","192.168.1.2","TCP","1514","8004  >  50026 [ACK] Seq=78382 Ack=141 Win=65024 Len=1448 TSval=2916034193 TSecr=3045553967 [TCP segment of a reassembled PDU]"
"14044","30.112682713","192.168.1.55","192.168.1.2","TCP","1514","8004  >  50026 [ACK] Seq=79830 Ack=141 Win=65024 Len=1448 TSval=2916034193 TSecr=3045553967 [TCP segment of a reassembled PDU]"
"14045","30.112684287","192.168.1.55","192.168.1.2","TCP","1514","8004  >  50026 [ACK] Seq=81278 Ack=141 Win=65024 Len=1448 TSval=2916034193 TSecr=3045553967 [TCP segment of a reassembled PDU]"
"14046","30.112685380","192.168.1.55","192.168.1.2","TCP","1514","8004  >  50026 [ACK] Seq=82726 Ack=141 Win=65024 Len=1448 TSval=2916034193 TSecr=3045553967 [TCP segment of a reassembled PDU]"
"14047","30.112686787","192.168.1.55","192.168.1.2","TCP","1514","8004  >  50026 [ACK] Seq=84174 Ack=141 Win=65024 Len=1448 TSval=2916034193 TSecr=3045553967 [TCP segment of a reassembled PDU]"
"14048","30.112688509","192.168.1.55","192.168.1.2","TCP","1514","8004  >  50026 [ACK] Seq=85622 Ack=141 Win=65024 Len=1448 TSval=2916034193 TSecr=3045553967 [TCP segment of a reassembled PDU]"
"14049","30.112690139","192.168.1.55","192.168.1.2","TCP","1514","8004  >  50026 [ACK] Seq=87070 Ack=141 Win=65024 Len=1448 TSval=2916034193 TSecr=3045553967 [TCP segment of a reassembled PDU]"
"14050","30.112691769","192.168.1.55","192.168.1.2","TCP","1514","8004  >  50026 [ACK] Seq=88518 Ack=141 Win=65024 Len=1448 TSval=2916034193 TSecr=3045553967 [TCP segment of a reassembled PDU]"
"14051","30.112693084","192.168.1.55","192.168.1.2","TCP","1514","8004  >  50026 [ACK] Seq=89966 Ack=141 Win=65024 Len=1448 TSval=2916034193 TSecr=3045553967 [TCP segment of a reassembled PDU]"
"14052","30.112694306","192.168.1.55","192.168.1.2","TCP","1514","8004  >  50026 [ACK] Seq=91414 Ack=141 Win=65024 Len=1448 TSval=2916034193 TSecr=3045553967 [TCP segment of a reassembled PDU]"
"14053","30.112695602","192.168.1.55","192.168.1.2","TCP","1514","8004  >  50026 [ACK] Seq=92862 Ack=141 Win=65024 Len=1448 TSval=2916034193 TSecr=3045553967 [TCP segment of a reassembled PDU]"
"14054","30.112697880","192.168.1.55","192.168.1.2","TCP","1514","8004  >  50026 [ACK] Seq=94310 Ack=141 Win=65024 Len=1448 TSval=2916034193 TSecr=3045553967 [TCP segment of a reassembled PDU]"
"14055","30.112699917","192.168.1.55","192.168.1.2","TCP","1514","8004  >  50026 [PSH, ACK] Seq=95758 Ack=141 Win=65024 Len=1448 TSval=2916034193 TSecr=3045553967 [TCP segment of a reassembled PDU]"
"14056","30.112778269","192.168.1.2","192.168.1.55","TCP","66","50026  >  8004 [ACK] Seq=141 Ack=45078 Win=75776 Len=0 TSval=3045553967 TSecr=2916034188"
"14057","30.112792676","192.168.1.2","192.168.1.55","TCP","78","50026  >  8004 [ACK] Seq=141 Ack=49422 Win=71680 Len=0 TSval=3045553967 TSecr=2916034188 SLE=63902 SRE=68246"
"14058","30.112838102","192.168.1.55","192.168.1.2","TCP","1514","[TCP Retransmission] 8004  >  50026 [ACK] Seq=49422 Ack=141 Win=65024 Len=1448 TSval=2916034193 TSecr=3045553967 [TCP segment of a reassembled PDU]"
"14059","30.112841380","192.168.1.55","192.168.1.2","TCP","1514","[TCP Retransmission] 8004  >  50026 [ACK] Seq=50870 Ack=141 Win=65024 Len=1448 TSval=2916034193 TSecr=3045553967 [TCP segment of a reassembled PDU]"
"14060","30.112843047","192.168.1.55","192.168.1.2","TCP","1514","[TCP Retransmission] 8004  >  50026 [ACK] Seq=52318 Ack=141 Win=65024 Len=1448 TSval=2916034193 TSecr=3045553967 [TCP segment of a reassembled PDU]"
"14061","30.112844917","192.168.1.55","192.168.1.2","TCP","1514","[TCP Retransmission] 8004  >  50026 [ACK] Seq=53766 Ack=141 Win=65024 Len=1448 TSval=2916034193 TSecr=3045553967 [TCP segment of a reassembled PDU]"
"14062","30.112846491","192.168.1.55","192.168.1.2","TCP","1514","[TCP Retransmission] 8004  >  50026 [ACK] Seq=55214 Ack=141 Win=65024 Len=1448 TSval=2916034193 TSecr=3045553967 [TCP segment of a reassembled PDU]"
"14063","30.112848528","192.168.1.55","192.168.1.2","TCP","1514","[TCP Retransmission] 8004  >  50026 [PSH, ACK] Seq=56662 Ack=141 Win=65024 Len=1448 TSval=2916034193 TSecr=3045553967 [TCP segment of a reassembled PDU]"
"14064","30.112854584","192.168.1.2","192.168.1.55","TCP","66","50026  >  8004 [ACK] Seq=141 Ack=68246 Win=73728 Len=0 TSval=3045553967 TSecr=2916034188"
"14065","30.112901991","192.168.1.55","192.168.1.2","TCP","1514","8004  >  50026 [ACK] Seq=97206 Ack=141 Win=65024 Len=1448 TSval=2916034193 TSecr=3045553967 [TCP segment of a reassembled PDU]"
"14066","30.112905288","192.168.1.55","192.168.1.2","TCP","1514","8004  >  50026 [ACK] Seq=98654 Ack=141 Win=65024 Len=1448 TSval=2916034193 TSecr=3045553967 [TCP segment of a reassembled PDU]"
"14067","30.112908028","192.168.1.55","192.168.1.2","TCP","1514","8004  >  50026 [ACK] Seq=100102 Ack=141 Win=65024 Len=1448 TSval=2916034193 TSecr=3045553967 [TCP segment of a reassembled PDU]"
"14068","30.112909732","192.168.1.55","192.168.1.2","TCP","1514","8004  >  50026 [ACK] Seq=101550 Ack=141 Win=65024 Len=1448 TSval=2916034193 TSecr=3045553967 [TCP segment of a reassembled PDU]"
"14069","30.112911139","192.168.1.55","192.168.1.2","TCP","1514","8004  >  50026 [ACK] Seq=102998 Ack=141 Win=65024 Len=1448 TSval=2916034193 TSecr=3045553967 [TCP segment of a reassembled PDU]"
"14070","30.112912473","192.168.1.55","192.168.1.2","TCP","1514","8004  >  50026 [ACK] Seq=104446 Ack=141 Win=65024 Len=1448 TSval=2916034193 TSecr=3045553967 [TCP segment of a reassembled PDU]"
"14071","30.112913825","192.168.1.55","192.168.1.2","TCP","1514","8004  >  50026 [ACK] Seq=105894 Ack=141 Win=65024 Len=1448 TSval=2916034193 TSecr=3045553967 [TCP segment of a reassembled PDU]"
"14072","30.112915602","192.168.1.55","192.168.1.2","TCP","1514","8004  >  50026 [ACK] Seq=107342 Ack=141 Win=65024 Len=1448 TSval=2916034193 TSecr=3045553967 [TCP segment of a reassembled PDU]"
"14073","30.112917343","192.168.1.55","192.168.1.2","TCP","1514","8004  >  50026 [ACK] Seq=108790 Ack=141 Win=65024 Len=1448 TSval=2916034193 TSecr=3045553967 [TCP segment of a reassembled PDU]"
"14074","30.112919195","192.168.1.55","192.168.1.2","TCP","1514","8004  >  50026 [ACK] Seq=110238 Ack=141 Win=65024 Len=1448 TSval=2916034193 TSecr=3045553967 [TCP segment of a reassembled PDU]"
"14075","30.112920436","192.168.1.55","192.168.1.2","TCP","1514","8004  >  50026 [ACK] Seq=111686 Ack=141 Win=65024 Len=1448 TSval=2916034193 TSecr=3045553967 [TCP segment of a reassembled PDU]"
"14076","30.112922269","192.168.1.55","192.168.1.2","TCP","1514","8004  >  50026 [ACK] Seq=113134 Ack=141 Win=65024 Len=1448 TSval=2916034193 TSecr=3045553967 [TCP segment of a reassembled PDU]"
"14077","30.112923991","192.168.1.55","192.168.1.2","TCP","1514","8004  >  50026 [ACK] Seq=114582 Ack=141 Win=65024 Len=1448 TSval=2916034193 TSecr=3045553967 [TCP segment of a reassembled PDU]"
"14078","30.112925584","192.168.1.55","192.168.1.2","TCP","1514","8004  >  50026 [ACK] Seq=116030 Ack=141 Win=65024 Len=1448 TSval=2916034193 TSecr=3045553967 [TCP segment of a reassembled PDU]"
"14079","30.112927121","192.168.1.55","192.168.1.2","TCP","1514","8004  >  50026 [PSH, ACK] Seq=117478 Ack=141 Win=65024 Len=1448 TSval=2916034193 TSecr=3045553967 [TCP segment of a reassembled PDU]"
"14080","30.114222993","192.168.1.55","192.168.1.2","TCP","1514","8004  >  50026 [ACK] Seq=118926 Ack=141 Win=65024 Len=1448 TSval=2916034194 TSecr=3045553967 [TCP segment of a reassembled PDU]"
"14081","30.114228345","192.168.1.55","192.168.1.2","TCP","1514","8004  >  50026 [ACK] Seq=120374 Ack=141 Win=65024 Len=1448 TSval=2916034194 TSecr=3045553967 [TCP segment of a reassembled PDU]"
"14082","30.114230549","192.168.1.55","192.168.1.2","TCP","1514","8004  >  50026 [ACK] Seq=121822 Ack=141 Win=65024 Len=1448 TSval=2916034194 TSecr=3045553967 [TCP segment of a reassembled PDU]"
"14083","30.114232586","192.168.1.55","192.168.1.2","TCP","1514","8004  >  50026 [ACK] Seq=123270 Ack=141 Win=65024 Len=1448 TSval=2916034194 TSecr=3045553967 [TCP segment of a reassembled PDU]"
"14084","30.114233938","192.168.1.55","192.168.1.2","TCP","1514","8004  >  50026 [ACK] Seq=124718 Ack=141 Win=65024 Len=1448 TSval=2916034194 TSecr=3045553967 [TCP segment of a reassembled PDU]"
"14085","30.114235790","192.168.1.55","192.168.1.2","TCP","1514","8004  >  50026 [ACK] Seq=126166 Ack=141 Win=65024 Len=1448 TSval=2916034194 TSecr=3045553967 [TCP segment of a reassembled PDU]"
"14086","30.114238290","192.168.1.55","192.168.1.2","TCP","1514","8004  >  50026 [ACK] Seq=127614 Ack=141 Win=65024 Len=1448 TSval=2916034194 TSecr=3045553967 [TCP segment of a reassembled PDU]"
"14087","30.114239956","192.168.1.55","192.168.1.2","TCP","1514","8004  >  50026 [ACK] Seq=129062 Ack=141 Win=65024 Len=1448 TSval=2916034194 TSecr=3045553967 [TCP segment of a reassembled PDU]"
"14088","30.114241253","192.168.1.55","192.168.1.2","TCP","1514","8004  >  50026 [ACK] Seq=130510 Ack=141 Win=65024 Len=1448 TSval=2916034194 TSecr=3045553967 [TCP segment of a reassembled PDU]"
"14089","30.114242753","192.168.1.55","192.168.1.2","TCP","1514","8004  >  50026 [ACK] Seq=131958 Ack=141 Win=65024 Len=1448 TSval=2916034194 TSecr=3045553967 [TCP segment of a reassembled PDU]"
"14090","30.114243956","192.168.1.55","192.168.1.2","TCP","1514","8004  >  50026 [ACK] Seq=133406 Ack=141 Win=65024 Len=1448 TSval=2916034194 TSecr=3045553967 [TCP segment of a reassembled PDU]"
"14091","30.114245530","192.168.1.55","192.168.1.2","TCP","1514","8004  >  50026 [ACK] Seq=134854 Ack=141 Win=65024 Len=1448 TSval=2916034194 TSecr=3045553967 [TCP segment of a reassembled PDU]"
"14092","30.114247271","192.168.1.55","192.168.1.2","TCP","1514","8004  >  50026 [ACK] Seq=136302 Ack=141 Win=65024 Len=1448 TSval=2916034194 TSecr=3045553967 [TCP segment of a reassembled PDU]"
"14093","30.114248623","192.168.1.55","192.168.1.2","TCP","1514","8004  >  50026 [ACK] Seq=137750 Ack=141 Win=65024 Len=1448 TSval=2916034194 TSecr=3045553967 [TCP segment of a reassembled PDU]"
"14094","30.114250290","192.168.1.55","192.168.1.2","TCP","1514","8004  >  50026 [ACK] Seq=139198 Ack=141 Win=65024 Len=1448 TSval=2916034194 TSecr=3045553967 [TCP segment of a reassembled PDU]"
"14095","30.114252845","192.168.1.55","192.168.1.2","TCP","1394","[TCP Window Full] 8004  >  50026 [PSH, ACK] Seq=140646 Ack=141 Win=65024 Len=1328 TSval=2916034194 TSecr=3045553967 [TCP segment of a reassembled PDU]"
"14096","30.120346651","192.168.1.2","192.168.1.55","TCP","66","50026  >  8004 [ACK] Seq=141 Ack=76934 Win=82944 Len=0 TSval=3045553974 TSecr=2916034193"
"14097","30.120395299","192.168.1.55","192.168.1.2","TCP","1514","8004  >  50026 [ACK] Seq=141974 Ack=141 Win=65024 Len=1448 TSval=2916034201 TSecr=3045553974 [TCP segment of a reassembled PDU]"
"14098","30.120399985","192.168.1.55","192.168.1.2","TCP","1514","8004  >  50026 [ACK] Seq=143422 Ack=141 Win=65024 Len=1448 TSval=2916034201 TSecr=3045553974 [TCP segment of a reassembled PDU]"
"14099","30.120401022","192.168.1.55","192.168.1.2","TCP","1514","8004  >  50026 [ACK] Seq=144870 Ack=141 Win=65024 Len=1448 TSval=2916034201 TSecr=3045553974 [TCP segment of a reassembled PDU]"
"14100","30.120401966","192.168.1.55","192.168.1.2","TCP","1514","8004  >  50026 [ACK] Seq=146318 Ack=141 Win=65024 Len=1448 TSval=2916034201 TSecr=3045553974 [TCP segment of a reassembled PDU]"
"14101","30.120403059","192.168.1.55","192.168.1.2","TCP","1514","8004  >  50026 [ACK] Seq=147766 Ack=141 Win=65024 Len=1448 TSval=2916034201 TSecr=3045553974 [TCP segment of a reassembled PDU]"
"14102","30.120404188","192.168.1.55","192.168.1.2","TCP","1514","8004  >  50026 [ACK] Seq=149214 Ack=141 Win=65024 Len=1448 TSval=2916034201 TSecr=3045553974 [TCP segment of a reassembled PDU]"
"14103","30.120405188","192.168.1.55","192.168.1.2","TCP","1514","8004  >  50026 [ACK] Seq=150662 Ack=141 Win=65024 Len=1448 TSval=2916034201 TSecr=3045553974 [TCP segment of a reassembled PDU]"
"14104","30.120406096","192.168.1.55","192.168.1.2","TCP","1514","8004  >  50026 [ACK] Seq=152110 Ack=141 Win=65024 Len=1448 TSval=2916034201 TSecr=3045553974 [TCP segment of a reassembled PDU]"
"14105","30.120407225","192.168.1.55","192.168.1.2","TCP","1514","8004  >  50026 [ACK] Seq=153558 Ack=141 Win=65024 Len=1448 TSval=2916034201 TSecr=3045553974 [TCP segment of a reassembled PDU]"
"14106","30.120408281","192.168.1.55","192.168.1.2","TCP","1514","8004  >  50026 [ACK] Seq=155006 Ack=141 Win=65024 Len=1448 TSval=2916034201 TSecr=3045553974 [TCP segment of a reassembled PDU]"
"14107","30.120409281","192.168.1.55","192.168.1.2","TCP","1514","8004  >  50026 [ACK] Seq=156454 Ack=141 Win=65024 Len=1448 TSval=2916034201 TSecr=3045553974 [TCP segment of a reassembled PDU]"
"14108","30.120410170","192.168.1.55","192.168.1.2","TCP","1514","8004  >  50026 [PSH, ACK] Seq=157902 Ack=141 Win=65024 Len=1448 TSval=2916034201 TSecr=3045553974 [TCP segment of a reassembled PDU]"
"14109","30.120467355","192.168.1.2","192.168.1.55","TCP","66","50026  >  8004 [ACK] Seq=141 Ack=97206 Win=65536 Len=0 TSval=3045553974 TSecr=2916034193"
"14110","30.120479929","192.168.1.55","192.168.1.2","TCP","1514","8004  >  50026 [ACK] Seq=159350 Ack=141 Win=65024 Len=1448 TSval=2916034201 TSecr=3045553974 [TCP segment of a reassembled PDU]"
"14111","30.120486762","192.168.1.55","192.168.1.2","TCP","186","8004  >  50026 [ACK] Seq=160798 Ack=141 Win=65024 Len=120 TSval=2916034201 TSecr=3045553974 [TCP segment of a reassembled PDU]"
"14112","30.120490670","192.168.1.2","192.168.1.55","TCP","78","[TCP Dup ACK 14109#1] 50026  >  8004 [ACK] Seq=141 Ack=97206 Win=65536 Len=0 TSval=3045553974 TSecr=2916034193 SLE=49422 SRE=58110"
"14113","30.120497077","192.168.1.2","192.168.1.55","TCP","66","50026  >  8004 [ACK] Seq=141 Ack=118926 Win=53248 Len=0 TSval=3045553974 TSecr=2916034193"
"14114","30.121097226","192.168.1.2","192.168.1.55","TCP","66","50026  >  8004 [ACK] Seq=141 Ack=140646 Win=50176 Len=0 TSval=3045553974 TSecr=2916034194"
"14115","30.121154893","192.168.1.55","192.168.1.2","TCP","1514","8004  >  50026 [ACK] Seq=160918 Ack=141 Win=65024 Len=1448 TSval=2916034201 TSecr=3045553974 [TCP segment of a reassembled PDU]"
"14116","30.121158930","192.168.1.55","192.168.1.2","TCP","1514","8004  >  50026 [ACK] Seq=162366 Ack=141 Win=65024 Len=1448 TSval=2916034201 TSecr=3045553974 [TCP segment of a reassembled PDU]"
"14117","30.121160338","192.168.1.55","192.168.1.2","TCP","1514","8004  >  50026 [ACK] Seq=163814 Ack=141 Win=65024 Len=1448 TSval=2916034201 TSecr=3045553974 [TCP segment of a reassembled PDU]"
"14118","30.121161467","192.168.1.55","192.168.1.2","TCP","1514","8004  >  50026 [ACK] Seq=165262 Ack=141 Win=65024 Len=1448 TSval=2916034201 TSecr=3045553974 [TCP segment of a reassembled PDU]"
"14119","30.121162615","192.168.1.55","192.168.1.2","TCP","1514","8004  >  50026 [ACK] Seq=166710 Ack=141 Win=65024 Len=1448 TSval=2916034201 TSecr=3045553974 [TCP segment of a reassembled PDU]"
"14120","30.121164097","192.168.1.55","192.168.1.2","TCP","1514","8004  >  50026 [ACK] Seq=168158 Ack=141 Win=65024 Len=1448 TSval=2916034201 TSecr=3045553974 [TCP segment of a reassembled PDU]"
"14121","30.121165264","192.168.1.55","192.168.1.2","TCP","1514","8004  >  50026 [ACK] Seq=169606 Ack=141 Win=65024 Len=1448 TSval=2916034201 TSecr=3045553974 [TCP segment of a reassembled PDU]"
"14122","30.121166949","192.168.1.55","192.168.1.2","TCP","1514","8004  >  50026 [ACK] Seq=171054 Ack=141 Win=65024 Len=1448 TSval=2916034201 TSecr=3045553974 [TCP segment of a reassembled PDU]"
"14123","30.121167949","192.168.1.55","192.168.1.2","TCP","1514","8004  >  50026 [ACK] Seq=172502 Ack=141 Win=65024 Len=1448 TSval=2916034201 TSecr=3045553974 [TCP segment of a reassembled PDU]"
"14124","30.121169449","192.168.1.55","192.168.1.2","TCP","1514","8004  >  50026 [ACK] Seq=173950 Ack=141 Win=65024 Len=1448 TSval=2916034201 TSecr=3045553974 [TCP segment of a reassembled PDU]"
"14125","30.121170912","192.168.1.55","192.168.1.2","TCP","1514","8004  >  50026 [ACK] Seq=175398 Ack=141 Win=65024 Len=1448 TSval=2916034201 TSecr=3045553974 [TCP segment of a reassembled PDU]"
"14126","30.121172023","192.168.1.55","192.168.1.2","TCP","1514","8004  >  50026 [ACK] Seq=176846 Ack=141 Win=65024 Len=1448 TSval=2916034201 TSecr=3045553974 [TCP segment of a reassembled PDU]"
"14127","30.121173449","192.168.1.55","192.168.1.2","TCP","1514","8004  >  50026 [ACK] Seq=178294 Ack=141 Win=65024 Len=1448 TSval=2916034201 TSecr=3045553974 [TCP segment of a reassembled PDU]"
"14128","30.121174838","192.168.1.55","192.168.1.2","TCP","1514","8004  >  50026 [ACK] Seq=179742 Ack=141 Win=65024 Len=1448 TSval=2916034201 TSecr=3045553974 [TCP segment of a reassembled PDU]"
"14129","30.121175893","192.168.1.55","192.168.1.2","TCP","1514","8004  >  50026 [ACK] Seq=181190 Ack=141 Win=65024 Len=1448 TSval=2916034201 TSecr=3045553974 [TCP segment of a reassembled PDU]"
"14130","30.121177578","192.168.1.55","192.168.1.2","TCP","1514","8004  >  50026 [ACK] Seq=182638 Ack=141 Win=65024 Len=1448 TSval=2916034201 TSecr=3045553974 [TCP segment of a reassembled PDU]"
"14131","30.121178634","192.168.1.55","192.168.1.2","TCP","1514","8004  >  50026 [ACK] Seq=184086 Ack=141 Win=65024 Len=1448 TSval=2916034201 TSecr=3045553974 [TCP segment of a reassembled PDU]"
"14132","30.121179689","192.168.1.55","192.168.1.2","TCP","1514","8004  >  50026 [ACK] Seq=185534 Ack=141 Win=65024 Len=1448 TSval=2916034201 TSecr=3045553974 [TCP segment of a reassembled PDU]"
"14133","30.121180597","192.168.1.55","192.168.1.2","TCP","1514","8004  >  50026 [ACK] Seq=186982 Ack=141 Win=65024 Len=1448 TSval=2916034201 TSecr=3045553974 [TCP segment of a reassembled PDU]"
"14134","30.121182023","192.168.1.55","192.168.1.2","TCP","1514","8004  >  50026 [PSH, ACK] Seq=188430 Ack=141 Win=65024 Len=1448 TSval=2916034201 TSecr=3045553974 [TCP segment of a reassembled PDU]"
"14135","30.121189893","192.168.1.2","192.168.1.55","TCP","66","50026  >  8004 [ACK] Seq=141 Ack=141974 Win=90112 Len=0 TSval=3045553975 TSecr=2916034194"
"14136","30.121216875","192.168.1.55","192.168.1.2","TCP","1514","8004  >  50026 [ACK] Seq=189878 Ack=141 Win=65024 Len=1448 TSval=2916034201 TSecr=3045553975 [TCP segment of a reassembled PDU]"
"14137","30.121219560","192.168.1.55","192.168.1.2","TCP","1514","8004  >  50026 [ACK] Seq=191326 Ack=141 Win=65024 Len=1448 TSval=2916034201 TSecr=3045553975 [TCP segment of a reassembled PDU]"
"14138","30.121220949","192.168.1.55","192.168.1.2","TCP","1514","8004  >  50026 [ACK] Seq=192774 Ack=141 Win=65024 Len=1448 TSval=2916034201 TSecr=3045553975 [TCP segment of a reassembled PDU]"
"14139","30.121221856","192.168.1.55","192.168.1.2","TCP","1514","8004  >  50026 [ACK] Seq=194222 Ack=141 Win=65024 Len=1448 TSval=2916034201 TSecr=3045553975 [TCP segment of a reassembled PDU]"
"14140","30.121222819","192.168.1.55","192.168.1.2","TCP","1514","8004  >  50026 [ACK] Seq=195670 Ack=141 Win=65024 Len=1448 TSval=2916034201 TSecr=3045553975 [TCP segment of a reassembled PDU]"
"14141","30.121224541","192.168.1.55","192.168.1.2","TCP","1514","8004  >  50026 [ACK] Seq=197118 Ack=141 Win=65024 Len=1448 TSval=2916034201 TSecr=3045553975 [TCP segment of a reassembled PDU]"
"14142","30.121225838","192.168.1.55","192.168.1.2","TCP","1514","8004  >  50026 [ACK] Seq=198566 Ack=141 Win=65024 Len=1448 TSval=2916034201 TSecr=3045553975 [TCP segment of a reassembled PDU]"
"14143","30.121227264","192.168.1.55","192.168.1.2","TCP","1514","8004  >  50026 [ACK] Seq=200014 Ack=141 Win=65024 Len=1448 TSval=2916034201 TSecr=3045553975 [TCP segment of a reassembled PDU]"
"14144","30.121228467","192.168.1.55","192.168.1.2","TCP","1514","8004  >  50026 [ACK] Seq=201462 Ack=141 Win=65024 Len=1448 TSval=2916034201 TSecr=3045553975 [TCP segment of a reassembled PDU]"
"14145","30.121230060","192.168.1.55","192.168.1.2","TCP","1514","8004  >  50026 [ACK] Seq=202910 Ack=141 Win=65024 Len=1448 TSval=2916034201 TSecr=3045553975 [TCP segment of a reassembled PDU]"
"14146","30.121231282","192.168.1.55","192.168.1.2","TCP","1514","8004  >  50026 [PSH, ACK] Seq=204358 Ack=141 Win=65024 Len=1448 TSval=2916034201 TSecr=3045553975 [TCP segment of a reassembled PDU]"
"14147","30.121263375","192.168.1.55","192.168.1.2","TCP","1514","8004  >  50026 [ACK] Seq=205806 Ack=141 Win=65024 Len=1448 TSval=2916034201 TSecr=3045553975 [TCP segment of a reassembled PDU]"
"14148","30.121264856","192.168.1.55","192.168.1.2","TCP","1514","8004  >  50026 [ACK] Seq=207254 Ack=141 Win=65024 Len=1448 TSval=2916034201 TSecr=3045553975 [TCP segment of a reassembled PDU]"
"14149","30.121266634","192.168.1.55","192.168.1.2","TCP","1514","8004  >  50026 [ACK] Seq=208702 Ack=141 Win=65024 Len=1448 TSval=2916034201 TSecr=3045553975 [TCP segment of a reassembled PDU]"
"14150","30.121267949","192.168.1.55","192.168.1.2","TCP","1514","8004  >  50026 [ACK] Seq=210150 Ack=141 Win=65024 Len=1448 TSval=2916034201 TSecr=3045553975 [TCP segment of a reassembled PDU]"
"14151","30.121269634","192.168.1.55","192.168.1.2","TCP","1514","8004  >  50026 [ACK] Seq=211598 Ack=141 Win=65024 Len=1448 TSval=2916034201 TSecr=3045553975 [TCP segment of a reassembled PDU]"
"14152","30.121270523","192.168.1.55","192.168.1.2","TCP","1514","8004  >  50026 [ACK] Seq=213046 Ack=141 Win=65024 Len=1448 TSval=2916034201 TSecr=3045553975 [TCP segment of a reassembled PDU]"
"14153","30.121271764","192.168.1.55","192.168.1.2","TCP","1514","8004  >  50026 [ACK] Seq=214494 Ack=141 Win=65024 Len=1448 TSval=2916034201 TSecr=3045553975 [TCP segment of a reassembled PDU]"
"14154","30.121273153","192.168.1.55","192.168.1.2","TCP","1514","8004  >  50026 [ACK] Seq=215942 Ack=141 Win=65024 Len=1448 TSval=2916034201 TSecr=3045553975 [TCP segment of a reassembled PDU]"
"14155","30.121274949","192.168.1.55","192.168.1.2","TCP","1514","8004  >  50026 [ACK] Seq=217390 Ack=141 Win=65024 Len=1448 TSval=2916034201 TSecr=3045553975 [TCP segment of a reassembled PDU]"
"14156","30.121276727","192.168.1.55","192.168.1.2","TCP","1514","8004  >  50026 [ACK] Seq=218838 Ack=141 Win=65024 Len=1448 TSval=2916034201 TSecr=3045553975 [TCP segment of a reassembled PDU]"
"14157","30.121278041","192.168.1.55","192.168.1.2","TCP","1514","8004  >  50026 [ACK] Seq=220286 Ack=141 Win=65024 Len=1448 TSval=2916034201 TSecr=3045553975 [TCP segment of a reassembled PDU]"
"14158","30.121279097","192.168.1.55","192.168.1.2","TCP","1514","8004  >  50026 [ACK] Seq=221734 Ack=141 Win=65024 Len=1448 TSval=2916034201 TSecr=3045553975 [TCP segment of a reassembled PDU]"
"14159","30.121280597","192.168.1.55","192.168.1.2","TCP","1514","8004  >  50026 [ACK] Seq=223182 Ack=141 Win=65024 Len=1448 TSval=2916034201 TSecr=3045553975 [TCP segment of a reassembled PDU]"
"14160","30.121281579","192.168.1.55","192.168.1.2","TCP","1514","8004  >  50026 [ACK] Seq=224630 Ack=141 Win=65024 Len=1448 TSval=2916034201 TSecr=3045553975 [TCP segment of a reassembled PDU]"
"14161","30.121282560","192.168.1.55","192.168.1.2","TCP","1514","8004  >  50026 [ACK] Seq=226078 Ack=141 Win=65024 Len=1448 TSval=2916034201 TSecr=3045553975 [TCP segment of a reassembled PDU]"
"14162","30.121283560","192.168.1.55","192.168.1.2","TCP","1514","8004  >  50026 [ACK] Seq=227526 Ack=141 Win=65024 Len=1448 TSval=2916034201 TSecr=3045553975 [TCP segment of a reassembled PDU]"
"14163","30.121284838","192.168.1.55","192.168.1.2","TCP","1514","8004  >  50026 [ACK] Seq=228974 Ack=141 Win=65024 Len=1448 TSval=2916034201 TSecr=3045553975 [TCP segment of a reassembled PDU]"
"14164","30.121285838","192.168.1.55","192.168.1.2","TCP","1514","8004  >  50026 [PSH, ACK] Seq=230422 Ack=141 Win=65024 Len=1448 TSval=2916034201 TSecr=3045553975 [TCP segment of a reassembled PDU]"
"14165","30.128313293","192.168.1.2","192.168.1.55","TCP","66","50026  >  8004 [ACK] Seq=141 Ack=205806 Win=27648 Len=0 TSval=3045553983 TSecr=2916034201"
"14166","30.128343145","192.168.1.55","192.168.1.2","TCP","1514","8004  >  50026 [ACK] Seq=231870 Ack=141 Win=65024 Len=1448 TSval=2916034209 TSecr=3045553983 [TCP segment of a reassembled PDU]"
"14167","30.128351497","192.168.1.55","192.168.1.2","TCP","202","[TCP Window Full] 8004  >  50026 [PSH, ACK] Seq=233318 Ack=141 Win=65024 Len=136 TSval=2916034209 TSecr=3045553983 [TCP segment of a reassembled PDU]"
"14168","30.128533682","192.168.1.2","192.168.1.55","TCP","66","50026  >  8004 [ACK] Seq=141 Ack=231870 Win=2048 Len=0 TSval=3045553983 TSecr=2916034201"
"14169","30.128543516","192.168.1.2","192.168.1.55","TCP","66","[TCP Window Update] 50026  >  8004 [ACK] Seq=141 Ack=231870 Win=23552 Len=0 TSval=3045553983 TSecr=2916034201"
"14170","30.128560053","192.168.1.55","192.168.1.2","TCP","1514","8004  >  50026 [ACK] Seq=233454 Ack=141 Win=65024 Len=1448 TSval=2916034209 TSecr=3045553983 [TCP segment of a reassembled PDU]"
"14171","30.128563108","192.168.1.55","192.168.1.2","TCP","1514","8004  >  50026 [ACK] Seq=234902 Ack=141 Win=65024 Len=1448 TSval=2916034209 TSecr=3045553983 [TCP segment of a reassembled PDU]"
"14172","30.128564497","192.168.1.55","192.168.1.2","TCP","1514","8004  >  50026 [ACK] Seq=236350 Ack=141 Win=65024 Len=1448 TSval=2916034209 TSecr=3045553983 [TCP segment of a reassembled PDU]"
"14173","30.128565553","192.168.1.55","192.168.1.2","TCP","1514","8004  >  50026 [ACK] Seq=237798 Ack=141 Win=65024 Len=1448 TSval=2916034209 TSecr=3045553983 [TCP segment of a reassembled PDU]"
"14174","30.128567053","192.168.1.55","192.168.1.2","TCP","1514","8004  >  50026 [ACK] Seq=239246 Ack=141 Win=65024 Len=1448 TSval=2916034209 TSecr=3045553983 [TCP segment of a reassembled PDU]"
"14175","30.128568164","192.168.1.55","192.168.1.2","TCP","1514","8004  >  50026 [ACK] Seq=240694 Ack=141 Win=65024 Len=1448 TSval=2916034209 TSecr=3045553983 [TCP segment of a reassembled PDU]"
"14176","30.128569738","192.168.1.55","192.168.1.2","TCP","1514","8004  >  50026 [ACK] Seq=242142 Ack=141 Win=65024 Len=1448 TSval=2916034209 TSecr=3045553983 [TCP segment of a reassembled PDU]"
"14177","30.128570831","192.168.1.55","192.168.1.2","TCP","1514","8004  >  50026 [ACK] Seq=243590 Ack=141 Win=65024 Len=1448 TSval=2916034209 TSecr=3045553983 [TCP segment of a reassembled PDU]"
"14178","30.128571775","192.168.1.55","192.168.1.2","TCP","1514","8004  >  50026 [ACK] Seq=245038 Ack=141 Win=65024 Len=1448 TSval=2916034209 TSecr=3045553983 [TCP segment of a reassembled PDU]"
"14179","30.128572849","192.168.1.55","192.168.1.2","TCP","1514","8004  >  50026 [ACK] Seq=246486 Ack=141 Win=65024 Len=1448 TSval=2916034209 TSecr=3045553983 [TCP segment of a reassembled PDU]"
"14180","30.128573886","192.168.1.55","192.168.1.2","TCP","1514","8004  >  50026 [PSH, ACK] Seq=247934 Ack=141 Win=65024 Len=1448 TSval=2916034209 TSecr=3045553983 [TCP segment of a reassembled PDU]"
"14181","30.128579405","192.168.1.55","192.168.1.2","TCP","1378","8004  >  50026 [PSH, ACK] Seq=249382 Ack=141 Win=65024 Len=1312 TSval=2916034209 TSecr=3045553983 [TCP segment of a reassembled PDU]"
"14182","30.128585164","192.168.1.55","192.168.1.2","TCP","1514","8004  >  50026 [ACK] Seq=250694 Ack=141 Win=65024 Len=1448 TSval=2916034209 TSecr=3045553983 [TCP segment of a reassembled PDU]"
"14183","30.128586905","192.168.1.55","192.168.1.2","TCP","1514","8004  >  50026 [ACK] Seq=252142 Ack=141 Win=65024 Len=1448 TSval=2916034209 TSecr=3045553983 [TCP segment of a reassembled PDU]"
"14184","30.128588016","192.168.1.55","192.168.1.2","TCP","1514","8004  >  50026 [PSH, ACK] Seq=253590 Ack=141 Win=65024 Len=1448 TSval=2916034209 TSecr=3045553983 [TCP segment of a reassembled PDU]"
"14185","30.128591146","192.168.1.2","192.168.1.55","TCP","66","[TCP Window Update] 50026  >  8004 [ACK] Seq=141 Ack=231870 Win=53248 Len=0 TSval=3045553983 TSecr=2916034201"
"14186","30.128622553","192.168.1.55","192.168.1.2","TCP","1514","8004  >  50026 [ACK] Seq=255038 Ack=141 Win=65024 Len=1448 TSval=2916034209 TSecr=3045553983 [TCP segment of a reassembled PDU]"
"14187","30.128624238","192.168.1.55","192.168.1.2","TCP","1514","8004  >  50026 [ACK] Seq=256486 Ack=141 Win=65024 Len=1448 TSval=2916034209 TSecr=3045553983 [TCP segment of a reassembled PDU]"
"14188","30.128625720","192.168.1.55","192.168.1.2","TCP","1514","8004  >  50026 [ACK] Seq=257934 Ack=141 Win=65024 Len=1448 TSval=2916034209 TSecr=3045553983 [TCP segment of a reassembled PDU]"
"14189","30.128626849","192.168.1.55","192.168.1.2","TCP","1514","8004  >  50026 [ACK] Seq=259382 Ack=141 Win=65024 Len=1448 TSval=2916034209 TSecr=3045553983 [TCP segment of a reassembled PDU]"
"14190","30.128627775","192.168.1.55","192.168.1.2","TCP","1514","8004  >  50026 [ACK] Seq=260830 Ack=141 Win=65024 Len=1448 TSval=2916034209 TSecr=3045553983 [TCP segment of a reassembled PDU]"
"14191","30.128628942","192.168.1.55","192.168.1.2","TCP","1514","8004  >  50026 [ACK] Seq=262278 Ack=141 Win=65024 Len=1448 TSval=2916034209 TSecr=3045553983 [TCP segment of a reassembled PDU]"
"14192","30.128629868","192.168.1.55","192.168.1.2","TCP","1514","8004  >  50026 [ACK] Seq=263726 Ack=141 Win=65024 Len=1448 TSval=2916034209 TSecr=3045553983 [TCP segment of a reassembled PDU]"
"14193","30.128631368","192.168.1.55","192.168.1.2","TCP","1514","8004  >  50026 [ACK] Seq=265174 Ack=141 Win=65024 Len=1448 TSval=2916034209 TSecr=3045553983 [TCP segment of a reassembled PDU]"
"14194","30.128632738","192.168.1.55","192.168.1.2","TCP","1514","8004  >  50026 [ACK] Seq=266622 Ack=141 Win=65024 Len=1448 TSval=2916034209 TSecr=3045553983 [TCP segment of a reassembled PDU]"
"14195","30.128634349","192.168.1.55","192.168.1.2","TCP","1514","8004  >  50026 [ACK] Seq=268070 Ack=141 Win=65024 Len=1448 TSval=2916034209 TSecr=3045553983 [TCP segment of a reassembled PDU]"
"14196","30.128635349","192.168.1.55","192.168.1.2","TCP","1514","8004  >  50026 [ACK] Seq=269518 Ack=141 Win=65024 Len=1448 TSval=2916034209 TSecr=3045553983 [TCP segment of a reassembled PDU]"
"14197","30.128636349","192.168.1.55","192.168.1.2","TCP","1514","8004  >  50026 [ACK] Seq=270966 Ack=141 Win=65024 Len=1448 TSval=2916034209 TSecr=3045553983 [TCP segment of a reassembled PDU]"
"14198","30.128637720","192.168.1.55","192.168.1.2","TCP","1514","8004  >  50026 [ACK] Seq=272414 Ack=141 Win=65024 Len=1448 TSval=2916034209 TSecr=3045553983 [TCP segment of a reassembled PDU]"
"14199","30.128639034","192.168.1.55","192.168.1.2","TCP","1514","8004  >  50026 [ACK] Seq=273862 Ack=141 Win=65024 Len=1448 TSval=2916034209 TSecr=3045553983 [TCP segment of a reassembled PDU]"
"14200","30.128640405","192.168.1.55","192.168.1.2","TCP","1514","8004  >  50026 [ACK] Seq=275310 Ack=141 Win=65024 Len=1448 TSval=2916034209 TSecr=3045553983 [TCP segment of a reassembled PDU]"
"14201","30.128641553","192.168.1.55","192.168.1.2","TCP","1514","8004  >  50026 [ACK] Seq=276758 Ack=141 Win=65024 Len=1448 TSval=2916034209 TSecr=3045553983 [TCP segment of a reassembled PDU]"
"14202","30.128642831","192.168.1.55","192.168.1.2","TCP","1514","8004  >  50026 [ACK] Seq=278206 Ack=141 Win=65024 Len=1448 TSval=2916034209 TSecr=3045553983 [TCP segment of a reassembled PDU]"
"14203","30.128644090","192.168.1.55","192.168.1.2","TCP","1514","8004  >  50026 [ACK] Seq=279654 Ack=141 Win=65024 Len=1448 TSval=2916034209 TSecr=3045553983 [TCP segment of a reassembled PDU]"
"14204","30.128645386","192.168.1.55","192.168.1.2","TCP","1514","8004  >  50026 [ACK] Seq=281102 Ack=141 Win=65024 Len=1448 TSval=2916034209 TSecr=3045553983 [TCP segment of a reassembled PDU]"
"14205","30.128646442","192.168.1.55","192.168.1.2","TCP","1514","8004  >  50026 [PSH, ACK] Seq=282550 Ack=141 Win=65024 Len=1448 TSval=2916034209 TSecr=3045553983 [TCP segment of a reassembled PDU]"
"14206","30.133603839","192.168.1.2","192.168.1.55","TCP","66","50026  >  8004 [ACK] Seq=141 Ack=233454 Win=89088 Len=0 TSval=3045553988 TSecr=2916034209"
"14207","30.133687450","192.168.1.55","192.168.1.2","TCP","1514","8004  >  50026 [ACK] Seq=283998 Ack=141 Win=65024 Len=1448 TSval=2916034214 TSecr=3045553988 [TCP segment of a reassembled PDU]"
"14208","30.133697894","192.168.1.55","192.168.1.2","TCP","1514","8004  >  50026 [ACK] Seq=285446 Ack=141 Win=65024 Len=1448 TSval=2916034214 TSecr=3045553988 [TCP segment of a reassembled PDU]"
"14209","30.133699246","192.168.1.55","192.168.1.2","TCP","1514","8004  >  50026 [ACK] Seq=286894 Ack=141 Win=65024 Len=1448 TSval=2916034214 TSecr=3045553988 [TCP segment of a reassembled PDU]"
"14210","30.133700283","192.168.1.55","192.168.1.2","TCP","1514","8004  >  50026 [ACK] Seq=288342 Ack=141 Win=65024 Len=1448 TSval=2916034214 TSecr=3045553988 [TCP segment of a reassembled PDU]"
"14211","30.133701431","192.168.1.55","192.168.1.2","TCP","1514","8004  >  50026 [ACK] Seq=289790 Ack=141 Win=65024 Len=1448 TSval=2916034214 TSecr=3045553988 [TCP segment of a reassembled PDU]"
"14212","30.133702691","192.168.1.55","192.168.1.2","TCP","1514","8004  >  50026 [ACK] Seq=291238 Ack=141 Win=65024 Len=1448 TSval=2916034214 TSecr=3045553988 [TCP segment of a reassembled PDU]"
"14213","30.133704505","192.168.1.55","192.168.1.2","TCP","1514","8004  >  50026 [ACK] Seq=292686 Ack=141 Win=65024 Len=1448 TSval=2916034214 TSecr=3045553988 [TCP segment of a reassembled PDU]"
"14214","30.133705450","192.168.1.55","192.168.1.2","TCP","1514","8004  >  50026 [PSH, ACK] Seq=294134 Ack=141 Win=65024 Len=1448 TSval=2916034214 TSecr=3045553988 [TCP segment of a reassembled PDU]"
"14215","30.136772140","192.168.1.2","192.168.1.55","TCP","66","50026  >  8004 [ACK] Seq=141 Ack=283998 Win=43008 Len=0 TSval=3045553991 TSecr=2916034209"
"14216","30.136864473","192.168.1.55","192.168.1.2","TCP","1514","8004  >  50026 [ACK] Seq=295582 Ack=141 Win=65024 Len=1448 TSval=2916034217 TSecr=3045553991 [TCP segment of a reassembled PDU]"
"14217","30.136872066","192.168.1.55","192.168.1.2","TCP","1514","8004  >  50026 [ACK] Seq=297030 Ack=141 Win=65024 Len=1448 TSval=2916034217 TSecr=3045553991 [TCP segment of a reassembled PDU]"
"14218","30.136873492","192.168.1.55","192.168.1.2","TCP","1514","8004  >  50026 [ACK] Seq=298478 Ack=141 Win=65024 Len=1448 TSval=2916034217 TSecr=3045553991 [TCP segment of a reassembled PDU]"
"14219","30.136874473","192.168.1.55","192.168.1.2","TCP","1514","8004  >  50026 [ACK] Seq=299926 Ack=141 Win=65024 Len=1448 TSval=2916034217 TSecr=3045553991 [TCP segment of a reassembled PDU]"
"14220","30.136875659","192.168.1.55","192.168.1.2","TCP","1514","8004  >  50026 [ACK] Seq=301374 Ack=141 Win=65024 Len=1448 TSval=2916034217 TSecr=3045553991 [TCP segment of a reassembled PDU]"
"14221","30.136877436","192.168.1.55","192.168.1.2","TCP","1514","8004  >  50026 [ACK] Seq=302822 Ack=141 Win=65024 Len=1448 TSval=2916034217 TSecr=3045553991 [TCP segment of a reassembled PDU]"
"14222","30.136879288","192.168.1.55","192.168.1.2","TCP","1514","8004  >  50026 [ACK] Seq=304270 Ack=141 Win=65024 Len=1448 TSval=2916034217 TSecr=3045553991 [TCP segment of a reassembled PDU]"
"14223","30.136880825","192.168.1.55","192.168.1.2","TCP","1514","8004  >  50026 [ACK] Seq=305718 Ack=141 Win=65024 Len=1448 TSval=2916034217 TSecr=3045553991 [TCP segment of a reassembled PDU]"
"14224","30.136881881","192.168.1.55","192.168.1.2","TCP","1514","8004  >  50026 [ACK] Seq=307166 Ack=141 Win=65024 Len=1448 TSval=2916034217 TSecr=3045553991 [TCP segment of a reassembled PDU]"
"14225","30.136883844","192.168.1.55","192.168.1.2","TCP","1514","8004  >  50026 [ACK] Seq=308614 Ack=141 Win=65024 Len=1448 TSval=2916034217 TSecr=3045553991 [TCP segment of a reassembled PDU]"
"14226","30.136885362","192.168.1.55","192.168.1.2","TCP","1514","8004  >  50026 [ACK] Seq=310062 Ack=141 Win=65024 Len=1448 TSval=2916034217 TSecr=3045553991 [TCP segment of a reassembled PDU]"
"14227","30.136886844","192.168.1.55","192.168.1.2","TCP","1514","8004  >  50026 [ACK] Seq=311510 Ack=141 Win=65024 Len=1448 TSval=2916034217 TSecr=3045553991 [TCP segment of a reassembled PDU]"
"14228","30.136888140","192.168.1.55","192.168.1.2","TCP","1514","8004  >  50026 [ACK] Seq=312958 Ack=141 Win=65024 Len=1448 TSval=2916034217 TSecr=3045553991 [TCP segment of a reassembled PDU]"
"14229","30.136889881","192.168.1.55","192.168.1.2","TCP","1514","8004  >  50026 [ACK] Seq=314406 Ack=141 Win=65024 Len=1448 TSval=2916034217 TSecr=3045553991 [TCP segment of a reassembled PDU]"
"14230","30.136891214","192.168.1.55","192.168.1.2","TCP","1514","8004  >  50026 [ACK] Seq=315854 Ack=141 Win=65024 Len=1448 TSval=2916034217 TSecr=3045553991 [TCP segment of a reassembled PDU]"
"14231","30.136892881","192.168.1.55","192.168.1.2","TCP","1514","8004  >  50026 [ACK] Seq=317302 Ack=141 Win=65024 Len=1448 TSval=2916034217 TSecr=3045553991 [TCP segment of a reassembled PDU]"
"14232","30.136893936","192.168.1.55","192.168.1.2","TCP","1514","8004  >  50026 [ACK] Seq=318750 Ack=141 Win=65024 Len=1448 TSval=2916034217 TSecr=3045553991 [TCP segment of a reassembled PDU]"
"14233","30.136895381","192.168.1.55","192.168.1.2","TCP","1514","8004  >  50026 [ACK] Seq=320198 Ack=141 Win=65024 Len=1448 TSval=2916034217 TSecr=3045553991 [TCP segment of a reassembled PDU]"
"14234","30.136897659","192.168.1.55","192.168.1.2","TCP","1514","8004  >  50026 [ACK] Seq=321646 Ack=141 Win=65024 Len=1448 TSval=2916034217 TSecr=3045553991 [TCP segment of a reassembled PDU]"
"14235","30.136899029","192.168.1.55","192.168.1.2","TCP","1514","8004  >  50026 [ACK] Seq=323094 Ack=141 Win=65024 Len=1448 TSval=2916034217 TSecr=3045553991 [TCP segment of a reassembled PDU]"
"14236","30.136900103","192.168.1.55","192.168.1.2","TCP","1514","8004  >  50026 [ACK] Seq=324542 Ack=141 Win=65024 Len=1448 TSval=2916034217 TSecr=3045553991 [TCP segment of a reassembled PDU]"
"14237","30.136901584","192.168.1.55","192.168.1.2","TCP","1082","[TCP Window Full] 8004  >  50026 [PSH, ACK] Seq=325990 Ack=141 Win=65024 Len=1016 TSval=2916034217 TSecr=3045553991 [TCP segment of a reassembled PDU]"
"14238","30.136965973","192.168.1.2","192.168.1.55","TCP","66","[TCP Window Update] 50026  >  8004 [ACK] Seq=141 Ack=283998 Win=90112 Len=0 TSval=3045553991 TSecr=2916034209"
"14239","30.136991529","192.168.1.55","192.168.1.2","TCP","1514","8004  >  50026 [ACK] Seq=327006 Ack=141 Win=65024 Len=1448 TSval=2916034217 TSecr=3045553991 [TCP segment of a reassembled PDU]"
"14240","30.136995381","192.168.1.55","192.168.1.2","TCP","1514","8004  >  50026 [ACK] Seq=328454 Ack=141 Win=65024 Len=1448 TSval=2916034217 TSecr=3045553991 [TCP segment of a reassembled PDU]"
"14241","30.136996677","192.168.1.55","192.168.1.2","TCP","1514","8004  >  50026 [ACK] Seq=329902 Ack=141 Win=65024 Len=1448 TSval=2916034217 TSecr=3045553991 [TCP segment of a reassembled PDU]"
"14242","30.136997733","192.168.1.55","192.168.1.2","TCP","1514","8004  >  50026 [ACK] Seq=331350 Ack=141 Win=65024 Len=1448 TSval=2916034217 TSecr=3045553991 [TCP segment of a reassembled PDU]"
"14243","30.136998659","192.168.1.55","192.168.1.2","TCP","1514","8004  >  50026 [ACK] Seq=332798 Ack=141 Win=65024 Len=1448 TSval=2916034217 TSecr=3045553991 [TCP segment of a reassembled PDU]"
"14244","30.136999696","192.168.1.55","192.168.1.2","TCP","1514","8004  >  50026 [ACK] Seq=334246 Ack=141 Win=65024 Len=1448 TSval=2916034217 TSecr=3045553991 [TCP segment of a reassembled PDU]"
"14245","30.137000696","192.168.1.55","192.168.1.2","TCP","1514","8004  >  50026 [ACK] Seq=335694 Ack=141 Win=65024 Len=1448 TSval=2916034217 TSecr=3045553991 [TCP segment of a reassembled PDU]"
"14246","30.137001881","192.168.1.55","192.168.1.2","TCP","1514","8004  >  50026 [ACK] Seq=337142 Ack=141 Win=65024 Len=1448 TSval=2916034217 TSecr=3045553991 [TCP segment of a reassembled PDU]"
"14247","30.137004492","192.168.1.55","192.168.1.2","TCP","1514","8004  >  50026 [PSH, ACK] Seq=338590 Ack=141 Win=65024 Len=1448 TSval=2916034217 TSecr=3045553991 [TCP segment of a reassembled PDU]"
"14248","30.137010733","192.168.1.55","192.168.1.2","TCP","498","8004  >  50026 [ACK] Seq=340038 Ack=141 Win=65024 Len=432 TSval=2916034217 TSecr=3045553991 [TCP segment of a reassembled PDU]"
"14249","30.137051751","192.168.1.55","192.168.1.2","TCP","1514","8004  >  50026 [ACK] Seq=340470 Ack=141 Win=65024 Len=1448 TSval=2916034217 TSecr=3045553991 [TCP segment of a reassembled PDU]"
"14250","30.137053529","192.168.1.55","192.168.1.2","TCP","1514","8004  >  50026 [ACK] Seq=341918 Ack=141 Win=65024 Len=1448 TSval=2916034217 TSecr=3045553991 [TCP segment of a reassembled PDU]"
"14251","30.137055270","192.168.1.55","192.168.1.2","TCP","1514","8004  >  50026 [ACK] Seq=343366 Ack=141 Win=65024 Len=1448 TSval=2916034217 TSecr=3045553991 [TCP segment of a reassembled PDU]"
"14252","30.137056900","192.168.1.55","192.168.1.2","TCP","1514","8004  >  50026 [ACK] Seq=344814 Ack=141 Win=65024 Len=1448 TSval=2916034217 TSecr=3045553991 [TCP segment of a reassembled PDU]"
"14253","30.137057918","192.168.1.55","192.168.1.2","TCP","1514","8004  >  50026 [ACK] Seq=346262 Ack=141 Win=65024 Len=1448 TSval=2916034217 TSecr=3045553991 [TCP segment of a reassembled PDU]"
"14254","30.137058844","192.168.1.55","192.168.1.2","TCP","1514","8004  >  50026 [ACK] Seq=347710 Ack=141 Win=65024 Len=1448 TSval=2916034217 TSecr=3045553991 [TCP segment of a reassembled PDU]"
"14255","30.137059974","192.168.1.55","192.168.1.2","TCP","1514","8004  >  50026 [ACK] Seq=349158 Ack=141 Win=65024 Len=1448 TSval=2916034217 TSecr=3045553991 [TCP segment of a reassembled PDU]"
"14256","30.137061103","192.168.1.55","192.168.1.2","TCP","1514","8004  >  50026 [ACK] Seq=350606 Ack=141 Win=65024 Len=1448 TSval=2916034217 TSecr=3045553991 [TCP segment of a reassembled PDU]"
"14257","30.137062159","192.168.1.55","192.168.1.2","TCP","1514","8004  >  50026 [ACK] Seq=352054 Ack=141 Win=65024 Len=1448 TSval=2916034217 TSecr=3045553991 [TCP segment of a reassembled PDU]"
"14258","30.137063900","192.168.1.55","192.168.1.2","TCP","1514","8004  >  50026 [ACK] Seq=353502 Ack=141 Win=65024 Len=1448 TSval=2916034217 TSecr=3045553991 [TCP segment of a reassembled PDU]"
"14259","30.137065492","192.168.1.55","192.168.1.2","TCP","1514","8004  >  50026 [ACK] Seq=354950 Ack=141 Win=65024 Len=1448 TSval=2916034217 TSecr=3045553991 [TCP segment of a reassembled PDU]"
"14260","30.137067344","192.168.1.55","192.168.1.2","TCP","1514","8004  >  50026 [ACK] Seq=356398 Ack=141 Win=65024 Len=1448 TSval=2916034217 TSecr=3045553991 [TCP segment of a reassembled PDU]"
"14261","30.137068622","192.168.1.55","192.168.1.2","TCP","1514","8004  >  50026 [ACK] Seq=357846 Ack=141 Win=65024 Len=1448 TSval=2916034217 TSecr=3045553991 [TCP segment of a reassembled PDU]"
"14262","30.137069733","192.168.1.55","192.168.1.2","TCP","1514","8004  >  50026 [ACK] Seq=359294 Ack=141 Win=65024 Len=1448 TSval=2916034217 TSecr=3045553991 [TCP segment of a reassembled PDU]"
"14263","30.137070788","192.168.1.55","192.168.1.2","TCP","1514","8004  >  50026 [ACK] Seq=360742 Ack=141 Win=65024 Len=1448 TSval=2916034217 TSecr=3045553991 [TCP segment of a reassembled PDU]"
"14264","30.137071844","192.168.1.55","192.168.1.2","TCP","1514","8004  >  50026 [ACK] Seq=362190 Ack=141 Win=65024 Len=1448 TSval=2916034217 TSecr=3045553991 [TCP segment of a reassembled PDU]"
"14265","30.137072937","192.168.1.55","192.168.1.2","TCP","1514","8004  >  50026 [ACK] Seq=363638 Ack=141 Win=65024 Len=1448 TSval=2916034217 TSecr=3045553991 [TCP segment of a reassembled PDU]"
"14266","30.137075233","192.168.1.55","192.168.1.2","TCP","1514","8004  >  50026 [ACK] Seq=365086 Ack=141 Win=65024 Len=1448 TSval=2916034217 TSecr=3045553991 [TCP segment of a reassembled PDU]"
"14267","30.137076881","192.168.1.55","192.168.1.2","TCP","1514","8004  >  50026 [ACK] Seq=366534 Ack=141 Win=65024 Len=1448 TSval=2916034217 TSecr=3045553991 [TCP segment of a reassembled PDU]"
"14268","30.137078363","192.168.1.55","192.168.1.2","TCP","1514","8004  >  50026 [ACK] Seq=367982 Ack=141 Win=65024 Len=1448 TSval=2916034217 TSecr=3045553991 [TCP segment of a reassembled PDU]"
"14269","30.137079288","192.168.1.55","192.168.1.2","TCP","1514","8004  >  50026 [ACK] Seq=369430 Ack=141 Win=65024 Len=1448 TSval=2916034217 TSecr=3045553991 [TCP segment of a reassembled PDU]"
"14270","30.137080288","192.168.1.55","192.168.1.2","TCP","1514","8004  >  50026 [ACK] Seq=370878 Ack=141 Win=65024 Len=1448 TSval=2916034217 TSecr=3045553991 [TCP segment of a reassembled PDU]"
"14271","30.137082251","192.168.1.55","192.168.1.2","TCP","1514","8004  >  50026 [PSH, ACK] Seq=372326 Ack=141 Win=65024 Len=1448 TSval=2916034217 TSecr=3045553991 [TCP segment of a reassembled PDU]"
"14272","30.137088455","192.168.1.2","192.168.1.55","TCP","66","50026  >  8004 [ACK] Seq=141 Ack=295582 Win=78848 Len=0 TSval=3045553992 TSecr=2916034214"
"14273","30.144179651","192.168.1.2","192.168.1.55","TCP","66","50026  >  8004 [ACK] Seq=141 Ack=327006 Win=61440 Len=0 TSval=3045553998 TSecr=2916034217"
"14274","30.144208985","192.168.1.55","192.168.1.2","TCP","1514","8004  >  50026 [ACK] Seq=373774 Ack=141 Win=65024 Len=1448 TSval=2916034224 TSecr=3045553998 [TCP segment of a reassembled PDU]"
"14275","30.144213040","192.168.1.55","192.168.1.2","TCP","1514","8004  >  50026 [ACK] Seq=375222 Ack=141 Win=65024 Len=1448 TSval=2916034224 TSecr=3045553998 [TCP segment of a reassembled PDU]"
"14276","30.144214726","192.168.1.55","192.168.1.2","TCP","1514","8004  >  50026 [ACK] Seq=376670 Ack=141 Win=65024 Len=1448 TSval=2916034224 TSecr=3045553998 [TCP segment of a reassembled PDU]"
"14277","30.144215929","192.168.1.55","192.168.1.2","TCP","1514","8004  >  50026 [ACK] Seq=378118 Ack=141 Win=65024 Len=1448 TSval=2916034224 TSecr=3045553998 [TCP segment of a reassembled PDU]"
"14278","30.144217003","192.168.1.55","192.168.1.2","TCP","1514","8004  >  50026 [ACK] Seq=379566 Ack=141 Win=65024 Len=1448 TSval=2916034224 TSecr=3045553998 [TCP segment of a reassembled PDU]"
"14279","30.144218003","192.168.1.55","192.168.1.2","TCP","1514","8004  >  50026 [ACK] Seq=381014 Ack=141 Win=65024 Len=1448 TSval=2916034224 TSecr=3045553998 [TCP segment of a reassembled PDU]"
"14280","30.144220466","192.168.1.55","192.168.1.2","TCP","1514","8004  >  50026 [ACK] Seq=382462 Ack=141 Win=65024 Len=1448 TSval=2916034224 TSecr=3045553998 [TCP segment of a reassembled PDU]"
"14281","30.144222744","192.168.1.55","192.168.1.2","TCP","1514","8004  >  50026 [PSH, ACK] Seq=383910 Ack=141 Win=65024 Len=1448 TSval=2916034224 TSecr=3045553998 [TCP segment of a reassembled PDU]"
"14282","30.144619560","192.168.1.2","192.168.1.55","TCP","66","50026  >  8004 [ACK] Seq=141 Ack=363638 Win=25600 Len=0 TSval=3045553998 TSecr=2916034217"
"14283","30.144636041","192.168.1.2","192.168.1.55","TCP","66","[TCP Window Update] 50026  >  8004 [ACK] Seq=141 Ack=363638 Win=58368 Len=0 TSval=3045553998 TSecr=2916034217"
"14284","30.144664523","192.168.1.55","192.168.1.2","TCP","1514","8004  >  50026 [ACK] Seq=385358 Ack=141 Win=65024 Len=1448 TSval=2916034225 TSecr=3045553998 [TCP segment of a reassembled PDU]"
"14285","30.144666449","192.168.1.55","192.168.1.2","TCP","1514","8004  >  50026 [ACK] Seq=386806 Ack=141 Win=65024 Len=1448 TSval=2916034225 TSecr=3045553998 [TCP segment of a reassembled PDU]"
"14286","30.144668189","192.168.1.55","192.168.1.2","TCP","1514","8004  >  50026 [ACK] Seq=388254 Ack=141 Win=65024 Len=1448 TSval=2916034225 TSecr=3045553998 [TCP segment of a reassembled PDU]"
"14287","30.144669671","192.168.1.55","192.168.1.2","TCP","1514","8004  >  50026 [ACK] Seq=389702 Ack=141 Win=65024 Len=1448 TSval=2916034225 TSecr=3045553998 [TCP segment of a reassembled PDU]"
"14288","30.144671282","192.168.1.55","192.168.1.2","TCP","1514","8004  >  50026 [ACK] Seq=391150 Ack=141 Win=65024 Len=1448 TSval=2916034225 TSecr=3045553998 [TCP segment of a reassembled PDU]"
"14289","30.144672245","192.168.1.55","192.168.1.2","TCP","1514","8004  >  50026 [ACK] Seq=392598 Ack=141 Win=65024 Len=1448 TSval=2916034225 TSecr=3045553998 [TCP segment of a reassembled PDU]"
"14290","30.144673319","192.168.1.55","192.168.1.2","TCP","1514","8004  >  50026 [ACK] Seq=394046 Ack=141 Win=65024 Len=1448 TSval=2916034225 TSecr=3045553998 [TCP segment of a reassembled PDU]"
"14291","30.144674541","192.168.1.55","192.168.1.2","TCP","1514","8004  >  50026 [ACK] Seq=395494 Ack=141 Win=65024 Len=1448 TSval=2916034225 TSecr=3045553998 [TCP segment of a reassembled PDU]"
"14292","30.144675615","192.168.1.55","192.168.1.2","TCP","1514","8004  >  50026 [ACK] Seq=396942 Ack=141 Win=65024 Len=1448 TSval=2916034225 TSecr=3045553998 [TCP segment of a reassembled PDU]"
"14293","30.144676986","192.168.1.55","192.168.1.2","TCP","1514","8004  >  50026 [ACK] Seq=398390 Ack=141 Win=65024 Len=1448 TSval=2916034225 TSecr=3045553998 [TCP segment of a reassembled PDU]"
"14294","30.144678911","192.168.1.55","192.168.1.2","TCP","1514","8004  >  50026 [ACK] Seq=399838 Ack=141 Win=65024 Len=1448 TSval=2916034225 TSecr=3045553998 [TCP segment of a reassembled PDU]"
"14295","30.144680504","192.168.1.55","192.168.1.2","TCP","1514","8004  >  50026 [ACK] Seq=401286 Ack=141 Win=65024 Len=1448 TSval=2916034225 TSecr=3045553998 [TCP segment of a reassembled PDU]"
"14296","30.144681819","192.168.1.55","192.168.1.2","TCP","1514","8004  >  50026 [ACK] Seq=402734 Ack=141 Win=65024 Len=1448 TSval=2916034225 TSecr=3045553998 [TCP segment of a reassembled PDU]"
"14297","30.144682893","192.168.1.55","192.168.1.2","TCP","1514","8004  >  50026 [ACK] Seq=404182 Ack=141 Win=65024 Len=1448 TSval=2916034225 TSecr=3045553998 [TCP segment of a reassembled PDU]"
"14298","30.144683856","192.168.1.55","192.168.1.2","TCP","1514","8004  >  50026 [ACK] Seq=405630 Ack=141 Win=65024 Len=1448 TSval=2916034225 TSecr=3045553998 [TCP segment of a reassembled PDU]"
"14299","30.144685041","192.168.1.55","192.168.1.2","TCP","1514","8004  >  50026 [ACK] Seq=407078 Ack=141 Win=65024 Len=1448 TSval=2916034225 TSecr=3045553998 [TCP segment of a reassembled PDU]"
"14300","30.144686874","192.168.1.55","192.168.1.2","TCP","1514","8004  >  50026 [ACK] Seq=408526 Ack=141 Win=65024 Len=1448 TSval=2916034225 TSecr=3045553998 [TCP segment of a reassembled PDU]"
"14301","30.144688486","192.168.1.55","192.168.1.2","TCP","1514","8004  >  50026 [ACK] Seq=409974 Ack=141 Win=65024 Len=1448 TSval=2916034225 TSecr=3045553998 [TCP segment of a reassembled PDU]"
"14302","30.144689708","192.168.1.55","192.168.1.2","TCP","1514","8004  >  50026 [ACK] Seq=411422 Ack=141 Win=65024 Len=1448 TSval=2916034225 TSecr=3045553998 [TCP segment of a reassembled PDU]"
"14303","30.144690800","192.168.1.55","192.168.1.2","TCP","1514","8004  >  50026 [ACK] Seq=412870 Ack=141 Win=65024 Len=1448 TSval=2916034225 TSecr=3045553998 [TCP segment of a reassembled PDU]"
"14304","30.144691745","192.168.1.55","192.168.1.2","TCP","1514","8004  >  50026 [ACK] Seq=414318 Ack=141 Win=65024 Len=1448 TSval=2916034225 TSecr=3045553998 [TCP segment of a reassembled PDU]"
"14305","30.144692763","192.168.1.55","192.168.1.2","TCP","1514","8004  >  50026 [ACK] Seq=415766 Ack=141 Win=65024 Len=1448 TSval=2916034225 TSecr=3045553998 [TCP segment of a reassembled PDU]"
"14306","30.144694208","192.168.1.55","192.168.1.2","TCP","1514","8004  >  50026 [ACK] Seq=417214 Ack=141 Win=65024 Len=1448 TSval=2916034225 TSecr=3045553998 [TCP segment of a reassembled PDU]"
"14307","30.144695486","192.168.1.55","192.168.1.2","TCP","1514","8004  >  50026 [ACK] Seq=418662 Ack=141 Win=65024 Len=1448 TSval=2916034225 TSecr=3045553998 [TCP segment of a reassembled PDU]"
"14308","30.144698393","192.168.1.55","192.168.1.2","TCP","1514","8004  >  50026 [ACK] Seq=420110 Ack=141 Win=65024 Len=1448 TSval=2916034225 TSecr=3045553998 [TCP segment of a reassembled PDU]"
"14309","30.144699930","192.168.1.55","192.168.1.2","TCP","514","[TCP Window Full] 8004  >  50026 [PSH, ACK] Seq=421558 Ack=141 Win=65024 Len=448 TSval=2916034225 TSecr=3045553998 [TCP segment of a reassembled PDU]"
"14310","30.144703078","192.168.1.2","192.168.1.55","TCP","66","50026  >  8004 [ACK] Seq=141 Ack=373774 Win=81920 Len=0 TSval=3045553999 TSecr=2916034217"
"14311","30.144719356","192.168.1.55","192.168.1.2","TCP","1514","8004  >  50026 [ACK] Seq=422006 Ack=141 Win=65024 Len=1448 TSval=2916034225 TSecr=3045553999 [TCP segment of a reassembled PDU]"
"14312","30.144720763","192.168.1.55","192.168.1.2","TCP","1514","8004  >  50026 [ACK] Seq=423454 Ack=141 Win=65024 Len=1448 TSval=2916034225 TSecr=3045553999 [TCP segment of a reassembled PDU]"
"14313","30.144721782","192.168.1.55","192.168.1.2","TCP","1514","8004  >  50026 [ACK] Seq=424902 Ack=141 Win=65024 Len=1448 TSval=2916034225 TSecr=3045553999 [TCP segment of a reassembled PDU]"
"14314","30.144722689","192.168.1.55","192.168.1.2","TCP","1514","8004  >  50026 [ACK] Seq=426350 Ack=141 Win=65024 Len=1448 TSval=2916034225 TSecr=3045553999 [TCP segment of a reassembled PDU]"
"14315","30.144723726","192.168.1.55","192.168.1.2","TCP","1514","8004  >  50026 [PSH, ACK] Seq=427798 Ack=141 Win=65024 Len=1448 TSval=2916034225 TSecr=3045553999 [TCP segment of a reassembled PDU]"
"14316","30.144729726","192.168.1.55","192.168.1.2","TCP","1066","8004  >  50026 [PSH, ACK] Seq=429246 Ack=141 Win=65024 Len=1000 TSval=2916034225 TSecr=3045553999 [TCP segment of a reassembled PDU]"
"14317","30.144754541","192.168.1.55","192.168.1.2","TCP","1514","8004  >  50026 [ACK] Seq=430246 Ack=141 Win=65024 Len=1448 TSval=2916034225 TSecr=3045553999 [TCP segment of a reassembled PDU]"
"14318","30.144757171","192.168.1.55","192.168.1.2","TCP","1514","8004  >  50026 [ACK] Seq=431694 Ack=141 Win=65024 Len=1448 TSval=2916034225 TSecr=3045553999 [TCP segment of a reassembled PDU]"
"14319","30.144758782","192.168.1.55","192.168.1.2","TCP","1514","8004  >  50026 [ACK] Seq=433142 Ack=141 Win=65024 Len=1448 TSval=2916034225 TSecr=3045553999 [TCP segment of a reassembled PDU]"
"14320","30.144760152","192.168.1.55","192.168.1.2","TCP","1514","8004  >  50026 [ACK] Seq=434590 Ack=141 Win=65024 Len=1448 TSval=2916034225 TSecr=3045553999 [TCP segment of a reassembled PDU]"
"14321","30.144761245","192.168.1.55","192.168.1.2","TCP","1514","8004  >  50026 [ACK] Seq=436038 Ack=141 Win=65024 Len=1448 TSval=2916034225 TSecr=3045553999 [TCP segment of a reassembled PDU]"
"14322","30.144762171","192.168.1.55","192.168.1.2","TCP","1514","8004  >  50026 [ACK] Seq=437486 Ack=141 Win=65024 Len=1448 TSval=2916034225 TSecr=3045553999 [TCP segment of a reassembled PDU]"
"14323","30.144763338","192.168.1.55","192.168.1.2","TCP","1514","8004  >  50026 [ACK] Seq=438934 Ack=141 Win=65024 Len=1448 TSval=2916034225 TSecr=3045553999 [TCP segment of a reassembled PDU]"
"14324","30.144764708","192.168.1.55","192.168.1.2","TCP","1514","8004  >  50026 [ACK] Seq=440382 Ack=141 Win=65024 Len=1448 TSval=2916034225 TSecr=3045553999 [TCP segment of a reassembled PDU]"
"14325","30.144766819","192.168.1.55","192.168.1.2","TCP","1514","8004  >  50026 [ACK] Seq=441830 Ack=141 Win=65024 Len=1448 TSval=2916034225 TSecr=3045553999 [TCP segment of a reassembled PDU]"
"14326","30.144768467","192.168.1.55","192.168.1.2","TCP","1514","8004  >  50026 [ACK] Seq=443278 Ack=141 Win=65024 Len=1448 TSval=2916034225 TSecr=3045553999 [TCP segment of a reassembled PDU]"
"14327","30.144769689","192.168.1.55","192.168.1.2","TCP","1514","8004  >  50026 [ACK] Seq=444726 Ack=141 Win=65024 Len=1448 TSval=2916034225 TSecr=3045553999 [TCP segment of a reassembled PDU]"
"14328","30.144770782","192.168.1.55","192.168.1.2","TCP","1514","8004  >  50026 [ACK] Seq=446174 Ack=141 Win=65024 Len=1448 TSval=2916034225 TSecr=3045553999 [TCP segment of a reassembled PDU]"
"14329","30.144771856","192.168.1.55","192.168.1.2","TCP","1514","8004  >  50026 [ACK] Seq=447622 Ack=141 Win=65024 Len=1448 TSval=2916034225 TSecr=3045553999 [TCP segment of a reassembled PDU]"
"14330","30.144772875","192.168.1.55","192.168.1.2","TCP","1514","8004  >  50026 [ACK] Seq=449070 Ack=141 Win=65024 Len=1448 TSval=2916034225 TSecr=3045553999 [TCP segment of a reassembled PDU]"
"14331","30.144773949","192.168.1.55","192.168.1.2","TCP","1514","8004  >  50026 [ACK] Seq=450518 Ack=141 Win=65024 Len=1448 TSval=2916034225 TSecr=3045553999 [TCP segment of a reassembled PDU]"
"14332","30.144775412","192.168.1.55","192.168.1.2","TCP","1514","8004  >  50026 [ACK] Seq=451966 Ack=141 Win=65024 Len=1448 TSval=2916034225 TSecr=3045553999 [TCP segment of a reassembled PDU]"
"14333","30.144776652","192.168.1.55","192.168.1.2","TCP","1514","8004  >  50026 [PSH, ACK] Seq=453414 Ack=141 Win=65024 Len=1448 TSval=2916034225 TSecr=3045553999 [TCP segment of a reassembled PDU]"
"14334","30.150343606","192.168.1.2","192.168.1.55","TCP","66","50026  >  8004 [ACK] Seq=141 Ack=385358 Win=90112 Len=0 TSval=3045554005 TSecr=2916034224"
"14335","30.150367865","192.168.1.55","192.168.1.2","TCP","1514","8004  >  50026 [ACK] Seq=454862 Ack=141 Win=65024 Len=1448 TSval=2916034231 TSecr=3045554005 [TCP segment of a reassembled PDU]"
"14336","30.150370717","192.168.1.55","192.168.1.2","TCP","1514","8004  >  50026 [ACK] Seq=456310 Ack=141 Win=65024 Len=1448 TSval=2916034231 TSecr=3045554005 [TCP segment of a reassembled PDU]"
"14337","30.150371902","192.168.1.55","192.168.1.2","TCP","1514","8004  >  50026 [ACK] Seq=457758 Ack=141 Win=65024 Len=1448 TSval=2916034231 TSecr=3045554005 [TCP segment of a reassembled PDU]"
"14338","30.150373217","192.168.1.55","192.168.1.2","TCP","1514","8004  >  50026 [ACK] Seq=459206 Ack=141 Win=65024 Len=1448 TSval=2916034231 TSecr=3045554005 [TCP segment of a reassembled PDU]"
"14339","30.150374476","192.168.1.55","192.168.1.2","TCP","1514","8004  >  50026 [ACK] Seq=460654 Ack=141 Win=65024 Len=1448 TSval=2916034231 TSecr=3045554005 [TCP segment of a reassembled PDU]"
"14340","30.150375661","192.168.1.55","192.168.1.2","TCP","1514","8004  >  50026 [ACK] Seq=462102 Ack=141 Win=65024 Len=1448 TSval=2916034231 TSecr=3045554005 [TCP segment of a reassembled PDU]"
"14341","30.150376957","192.168.1.55","192.168.1.2","TCP","1514","8004  >  50026 [ACK] Seq=463550 Ack=141 Win=65024 Len=1448 TSval=2916034231 TSecr=3045554005 [TCP segment of a reassembled PDU]"
"14342","30.150378106","192.168.1.55","192.168.1.2","TCP","1514","8004  >  50026 [ACK] Seq=464998 Ack=141 Win=65024 Len=1448 TSval=2916034231 TSecr=3045554005 [TCP segment of a reassembled PDU]"
"14343","30.150379291","192.168.1.55","192.168.1.2","TCP","1514","8004  >  50026 [ACK] Seq=466446 Ack=141 Win=65024 Len=1448 TSval=2916034231 TSecr=3045554005 [TCP segment of a reassembled PDU]"
"14344","30.150385772","192.168.1.55","192.168.1.2","TCP","1514","8004  >  50026 [ACK] Seq=467894 Ack=141 Win=65024 Len=1448 TSval=2916034231 TSecr=3045554005 [TCP segment of a reassembled PDU]"
"14345","30.150387328","192.168.1.55","192.168.1.2","TCP","1514","8004  >  50026 [ACK] Seq=469342 Ack=141 Win=65024 Len=1448 TSval=2916034231 TSecr=3045554005 [TCP segment of a reassembled PDU]"
"14346","30.150388569","192.168.1.55","192.168.1.2","TCP","1514","8004  >  50026 [ACK] Seq=470790 Ack=141 Win=65024 Len=1448 TSval=2916034231 TSecr=3045554005 [TCP segment of a reassembled PDU]"
"14347","30.150389698","192.168.1.55","192.168.1.2","TCP","1514","8004  >  50026 [ACK] Seq=472238 Ack=141 Win=65024 Len=1448 TSval=2916034231 TSecr=3045554005 [TCP segment of a reassembled PDU]"
"14348","30.150390846","192.168.1.55","192.168.1.2","TCP","1514","8004  >  50026 [PSH, ACK] Seq=473686 Ack=141 Win=65024 Len=1448 TSval=2916034231 TSecr=3045554005 [TCP segment of a reassembled PDU]"
"14349","30.151002514","192.168.1.2","192.168.1.55","TCP","66","50026  >  8004 [ACK] Seq=141 Ack=422006 Win=90112 Len=0 TSval=3045554005 TSecr=2916034225"
"14350","30.151031125","192.168.1.55","192.168.1.2","TCP","1514","8004  >  50026 [ACK] Seq=475134 Ack=141 Win=65024 Len=1448 TSval=2916034231 TSecr=3045554005 [TCP segment of a reassembled PDU]"
"14351","30.151032847","192.168.1.55","192.168.1.2","TCP","1514","8004  >  50026 [ACK] Seq=476582 Ack=141 Win=65024 Len=1448 TSval=2916034231 TSecr=3045554005 [TCP segment of a reassembled PDU]"
"14352","30.151034440","192.168.1.55","192.168.1.2","TCP","1514","8004  >  50026 [ACK] Seq=478030 Ack=141 Win=65024 Len=1448 TSval=2916034231 TSecr=3045554005 [TCP segment of a reassembled PDU]"
"14353","30.151035699","192.168.1.55","192.168.1.2","TCP","1514","8004  >  50026 [ACK] Seq=479478 Ack=141 Win=65024 Len=1448 TSval=2916034231 TSecr=3045554005 [TCP segment of a reassembled PDU]"
"14354","30.151037440","192.168.1.55","192.168.1.2","TCP","1514","8004  >  50026 [ACK] Seq=480926 Ack=141 Win=65024 Len=1448 TSval=2916034231 TSecr=3045554005 [TCP segment of a reassembled PDU]"
"14355","30.151038718","192.168.1.55","192.168.1.2","TCP","1514","8004  >  50026 [ACK] Seq=482374 Ack=141 Win=65024 Len=1448 TSval=2916034231 TSecr=3045554005 [TCP segment of a reassembled PDU]"
"14356","30.151040051","192.168.1.55","192.168.1.2","TCP","1514","8004  >  50026 [ACK] Seq=483822 Ack=141 Win=65024 Len=1448 TSval=2916034231 TSecr=3045554005 [TCP segment of a reassembled PDU]"
"14357","30.151041292","192.168.1.55","192.168.1.2","TCP","1514","8004  >  50026 [ACK] Seq=485270 Ack=141 Win=65024 Len=1448 TSval=2916034231 TSecr=3045554005 [TCP segment of a reassembled PDU]"
"14358","30.151042718","192.168.1.55","192.168.1.2","TCP","1514","8004  >  50026 [ACK] Seq=486718 Ack=141 Win=65024 Len=1448 TSval=2916034231 TSecr=3045554005 [TCP segment of a reassembled PDU]"
"14359","30.151044014","192.168.1.55","192.168.1.2","TCP","1514","8004  >  50026 [ACK] Seq=488166 Ack=141 Win=65024 Len=1448 TSval=2916034231 TSecr=3045554005 [TCP segment of a reassembled PDU]"
"14360","30.151045384","192.168.1.55","192.168.1.2","TCP","1514","8004  >  50026 [ACK] Seq=489614 Ack=141 Win=65024 Len=1448 TSval=2916034231 TSecr=3045554005 [TCP segment of a reassembled PDU]"
"14361","30.151046607","192.168.1.55","192.168.1.2","TCP","1514","8004  >  50026 [ACK] Seq=491062 Ack=141 Win=65024 Len=1448 TSval=2916034231 TSecr=3045554005 [TCP segment of a reassembled PDU]"
"14362","30.151047884","192.168.1.55","192.168.1.2","TCP","1514","8004  >  50026 [ACK] Seq=492510 Ack=141 Win=65024 Len=1448 TSval=2916034231 TSecr=3045554005 [TCP segment of a reassembled PDU]"
"14363","30.151049088","192.168.1.55","192.168.1.2","TCP","1514","8004  >  50026 [ACK] Seq=493958 Ack=141 Win=65024 Len=1448 TSval=2916034231 TSecr=3045554005 [TCP segment of a reassembled PDU]"
"14364","30.151050310","192.168.1.55","192.168.1.2","TCP","1514","8004  >  50026 [ACK] Seq=495406 Ack=141 Win=65024 Len=1448 TSval=2916034231 TSecr=3045554005 [TCP segment of a reassembled PDU]"
"14365","30.151051570","192.168.1.55","192.168.1.2","TCP","1514","8004  >  50026 [PSH, ACK] Seq=496854 Ack=141 Win=65024 Len=1448 TSval=2916034231 TSecr=3045554005 [TCP segment of a reassembled PDU]"
"14366","30.151056773","192.168.1.55","192.168.1.2","HTTP","1472","HTTP/1.0 200 OK  (PNG)"
"14367","30.151061162","192.168.1.2","192.168.1.55","TCP","66","50026  >  8004 [ACK] Seq=141 Ack=429246 Win=90112 Len=0 TSval=3045554005 TSecr=2916034225"
"14368","30.151069366","192.168.1.2","192.168.1.55","TCP","66","50026  >  8004 [ACK] Seq=141 Ack=447622 Win=90112 Len=0 TSval=3045554005 TSecr=2916034225"
"14369","30.151101959","192.168.1.2","192.168.1.55","TCP","66","50026  >  8004 [ACK] Seq=141 Ack=454862 Win=104448 Len=0 TSval=3045554006 TSecr=2916034225"
"14370","30.154840687","192.168.1.2","192.168.1.55","TCP","66","50026  >  8004 [ACK] Seq=141 Ack=469342 Win=113664 Len=0 TSval=3045554008 TSecr=2916034231"
"14371","30.154980761","192.168.1.2","192.168.1.55","TCP","66","50026  >  8004 [ACK] Seq=141 Ack=475134 Win=125952 Len=0 TSval=3045554010 TSecr=2916034231"
"14372","30.154986335","192.168.1.2","192.168.1.55","TCP","66","50026  >  8004 [ACK] Seq=141 Ack=492510 Win=125952 Len=0 TSval=3045554010 TSecr=2916034231"
"14373","30.154991668","192.168.1.2","192.168.1.55","TCP","66","50026  >  8004 [ACK] Seq=141 Ack=498302 Win=134144 Len=0 TSval=3045554010 TSecr=2916034231"
"14374","30.156802856","192.168.1.2","192.168.1.55","TCP","66","50026  >  8004 [FIN, ACK] Seq=141 Ack=499709 Win=137216 Len=0 TSval=3045554011 TSecr=2916034231"
"14375","30.156815838","192.168.1.55","192.168.1.2","TCP","66","8004  >  50026 [ACK] Seq=499709 Ack=142 Win=65024 Len=0 TSval=2916034237 TSecr=3045554011"
"14376","30.156928190","192.168.1.2","192.168.1.55","TCP","74","50032  >  8004 [SYN] Seq=0 Win=64240 Len=0 MSS=1460 SACK_PERM TSval=3045554012 TSecr=0 WS=1024"
"14377","30.156952227","192.168.1.55","192.168.1.2","TCP","74","8004  >  50032 [SYN, ACK] Seq=0 Ack=1 Win=65160 Len=0 MSS=1460 SACK_PERM TSval=2916034237 TSecr=3045554012 WS=128"
"14378","30.160060806","192.168.1.2","192.168.1.55","TCP","66","50032  >  8004 [ACK] Seq=1 Ack=1 Win=64512 Len=0 TSval=3045554015 TSecr=2916034237"
"14379","30.163268663","192.168.1.2","192.168.1.55","HTTP","209","GET /original_benchmark.png HTTP/1.1 "
"14380","30.163290941","192.168.1.55","192.168.1.2","TCP","66","8004  >  50032 [ACK] Seq=1 Ack=144 Win=65024 Len=0 TSval=2916034243 TSecr=3045554015"
"14381","30.163774701","192.168.1.55","192.168.1.2","TCP","255","8004  >  50032 [PSH, ACK] Seq=1 Ack=144 Win=65024 Len=189 TSval=2916034244 TSecr=3045554015 [TCP segment of a reassembled PDU]"
"14382","30.163867016","192.168.1.55","192.168.1.2","TCP","1514","8004  >  50032 [ACK] Seq=190 Ack=144 Win=65024 Len=1448 TSval=2916034244 TSecr=3045554015 [TCP segment of a reassembled PDU]"
"14383","30.163871886","192.168.1.55","192.168.1.2","TCP","1514","8004  >  50032 [ACK] Seq=1638 Ack=144 Win=65024 Len=1448 TSval=2916034244 TSecr=3045554015 [TCP segment of a reassembled PDU]"
"14384","30.163873275","192.168.1.55","192.168.1.2","TCP","1514","8004  >  50032 [ACK] Seq=3086 Ack=144 Win=65024 Len=1448 TSval=2916034244 TSecr=3045554015 [TCP segment of a reassembled PDU]"
"14385","30.163874571","192.168.1.55","192.168.1.2","TCP","1514","8004  >  50032 [ACK] Seq=4534 Ack=144 Win=65024 Len=1448 TSval=2916034244 TSecr=3045554015 [TCP segment of a reassembled PDU]"
"14386","30.163875979","192.168.1.55","192.168.1.2","TCP","1514","8004  >  50032 [PSH, ACK] Seq=5982 Ack=144 Win=65024 Len=1448 TSval=2916034244 TSecr=3045554015 [TCP segment of a reassembled PDU]"
"14387","30.163892571","192.168.1.55","192.168.1.2","TCP","1514","8004  >  50032 [ACK] Seq=7430 Ack=144 Win=65024 Len=1448 TSval=2916034244 TSecr=3045554015 [TCP segment of a reassembled PDU]"
"14388","30.163894627","192.168.1.55","192.168.1.2","TCP","1514","8004  >  50032 [ACK] Seq=8878 Ack=144 Win=65024 Len=1448 TSval=2916034244 TSecr=3045554015 [TCP segment of a reassembled PDU]"
"14389","30.163895960","192.168.1.55","192.168.1.2","TCP","1514","8004  >  50032 [ACK] Seq=10326 Ack=144 Win=65024 Len=1448 TSval=2916034244 TSecr=3045554015 [TCP segment of a reassembled PDU]"
"14390","30.163897256","192.168.1.55","192.168.1.2","TCP","1514","8004  >  50032 [PSH, ACK] Seq=11774 Ack=144 Win=65024 Len=1448 TSval=2916034244 TSecr=3045554015 [TCP segment of a reassembled PDU]"
"14391","30.167581707","192.168.1.2","192.168.1.55","TCP","66","50032  >  8004 [ACK] Seq=144 Ack=190 Win=64512 Len=0 TSval=3045554022 TSecr=2916034244"
"14392","30.167618447","192.168.1.55","192.168.1.2","TCP","1514","8004  >  50032 [ACK] Seq=13222 Ack=144 Win=65024 Len=1448 TSval=2916034248 TSecr=3045554022 [TCP segment of a reassembled PDU]"
"14393","30.167623688","192.168.1.55","192.168.1.2","TCP","1514","8004  >  50032 [PSH, ACK] Seq=14670 Ack=144 Win=65024 Len=1448 TSval=2916034248 TSecr=3045554022 [TCP segment of a reassembled PDU]"
"14394","30.167849707","192.168.1.2","192.168.1.55","TCP","66","50032  >  8004 [ACK] Seq=144 Ack=3086 Win=70656 Len=0 TSval=3045554022 TSecr=2916034244"
"14395","30.167859615","192.168.1.2","192.168.1.55","TCP","66","50032  >  8004 [ACK] Seq=144 Ack=5982 Win=76800 Len=0 TSval=3045554022 TSecr=2916034244"
"14396","30.167883078","192.168.1.55","192.168.1.2","TCP","1514","8004  >  50032 [ACK] Seq=16118 Ack=144 Win=65024 Len=1448 TSval=2916034248 TSecr=3045554022 [TCP segment of a reassembled PDU]"
"14397","30.167885855","192.168.1.55","192.168.1.2","TCP","1514","8004  >  50032 [ACK] Seq=17566 Ack=144 Win=65024 Len=1448 TSval=2916034248 TSecr=3045554022 [TCP segment of a reassembled PDU]"
"14398","30.167887392","192.168.1.55","192.168.1.2","TCP","1514","8004  >  50032 [ACK] Seq=19014 Ack=144 Win=65024 Len=1448 TSval=2916034248 TSecr=3045554022 [TCP segment of a reassembled PDU]"
"14399","30.167890244","192.168.1.55","192.168.1.2","TCP","1514","8004  >  50032 [ACK] Seq=20462 Ack=144 Win=65024 Len=1448 TSval=2916034248 TSecr=3045554022 [TCP segment of a reassembled PDU]"
"14400","30.167891633","192.168.1.55","192.168.1.2","TCP","1514","8004  >  50032 [ACK] Seq=21910 Ack=144 Win=65024 Len=1448 TSval=2916034248 TSecr=3045554022 [TCP segment of a reassembled PDU]"
"14401","30.167893170","192.168.1.55","192.168.1.2","TCP","1514","8004  >  50032 [ACK] Seq=23358 Ack=144 Win=65024 Len=1448 TSval=2916034248 TSecr=3045554022 [TCP segment of a reassembled PDU]"
"14402","30.167894689","192.168.1.55","192.168.1.2","TCP","1514","8004  >  50032 [PSH, ACK] Seq=24806 Ack=144 Win=65024 Len=1448 TSval=2916034248 TSecr=3045554022 [TCP segment of a reassembled PDU]"
"14403","30.167963504","192.168.1.2","192.168.1.55","TCP","66","50032  >  8004 [ACK] Seq=144 Ack=7430 Win=79872 Len=0 TSval=3045554023 TSecr=2916034244"
"14404","30.167975115","192.168.1.2","192.168.1.55","TCP","66","50032  >  8004 [ACK] Seq=144 Ack=13222 Win=79872 Len=0 TSval=3045554023 TSecr=2916034244"
"14405","30.167999541","192.168.1.55","192.168.1.2","TCP","1514","8004  >  50032 [ACK] Seq=26254 Ack=144 Win=65024 Len=1448 TSval=2916034248 TSecr=3045554023 [TCP segment of a reassembled PDU]"
"14406","30.168002596","192.168.1.55","192.168.1.2","TCP","1514","8004  >  50032 [ACK] Seq=27702 Ack=144 Win=65024 Len=1448 TSval=2916034248 TSecr=3045554023 [TCP segment of a reassembled PDU]"
"14407","30.168004411","192.168.1.55","192.168.1.2","TCP","1514","8004  >  50032 [ACK] Seq=29150 Ack=144 Win=65024 Len=1448 TSval=2916034248 TSecr=3045554023 [TCP segment of a reassembled PDU]"
"14408","30.168005818","192.168.1.55","192.168.1.2","TCP","1514","8004  >  50032 [ACK] Seq=30598 Ack=144 Win=65024 Len=1448 TSval=2916034248 TSecr=3045554023 [TCP segment of a reassembled PDU]"
"14409","30.168007430","192.168.1.55","192.168.1.2","TCP","1514","8004  >  50032 [ACK] Seq=32046 Ack=144 Win=65024 Len=1448 TSval=2916034248 TSecr=3045554023 [TCP segment of a reassembled PDU]"
"14410","30.168008985","192.168.1.55","192.168.1.2","TCP","1514","8004  >  50032 [ACK] Seq=33494 Ack=144 Win=65024 Len=1448 TSval=2916034248 TSecr=3045554023 [TCP segment of a reassembled PDU]"
"14411","30.168010467","192.168.1.55","192.168.1.2","TCP","1514","8004  >  50032 [ACK] Seq=34942 Ack=144 Win=65024 Len=1448 TSval=2916034248 TSecr=3045554023 [TCP segment of a reassembled PDU]"
"14412","30.168011837","192.168.1.55","192.168.1.2","TCP","1514","8004  >  50032 [ACK] Seq=36390 Ack=144 Win=65024 Len=1448 TSval=2916034248 TSecr=3045554023 [TCP segment of a reassembled PDU]"
"14413","30.168013318","192.168.1.55","192.168.1.2","TCP","1514","8004  >  50032 [ACK] Seq=37838 Ack=144 Win=65024 Len=1448 TSval=2916034248 TSecr=3045554023 [TCP segment of a reassembled PDU]"
"14414","30.168014855","192.168.1.55","192.168.1.2","TCP","1514","8004  >  50032 [PSH, ACK] Seq=39286 Ack=144 Win=65024 Len=1448 TSval=2916034248 TSecr=3045554023 [TCP segment of a reassembled PDU]"
"14415","30.168810560","192.168.1.55","192.168.1.2","TCP","1514","8004  >  50032 [ACK] Seq=40734 Ack=144 Win=65024 Len=1448 TSval=2916034249 TSecr=3045554023 [TCP segment of a reassembled PDU]"
"14416","30.172598085","192.168.1.2","192.168.1.55","TCP","66","50032  >  8004 [ACK] Seq=144 Ack=16118 Win=84992 Len=0 TSval=3045554027 TSecr=2916034248"
"14417","30.172654400","192.168.1.55","192.168.1.2","TCP","1514","8004  >  50032 [ACK] Seq=42182 Ack=144 Win=65024 Len=1448 TSval=2916034253 TSecr=3045554027 [TCP segment of a reassembled PDU]"
"14418","30.172660641","192.168.1.55","192.168.1.2","TCP","1514","8004  >  50032 [PSH, ACK] Seq=43630 Ack=144 Win=65024 Len=1448 TSval=2916034253 TSecr=3045554027 [TCP segment of a reassembled PDU]"
"14419","30.172751678","192.168.1.2","192.168.1.55","TCP","66","50032  >  8004 [ACK] Seq=144 Ack=26254 Win=83968 Len=0 TSval=3045554027 TSecr=2916034248"
"14420","30.172786159","192.168.1.55","192.168.1.2","TCP","1514","8004  >  50032 [ACK] Seq=45078 Ack=144 Win=65024 Len=1448 TSval=2916034253 TSecr=3045554027 [TCP segment of a reassembled PDU]"
"14421","30.172788178","192.168.1.55","192.168.1.2","TCP","1514","8004  >  50032 [ACK] Seq=46526 Ack=144 Win=65024 Len=1448 TSval=2916034253 TSecr=3045554027 [TCP segment of a reassembled PDU]"
"14422","30.172789437","192.168.1.55","192.168.1.2","TCP","1514","8004  >  50032 [ACK] Seq=47974 Ack=144 Win=65024 Len=1448 TSval=2916034253 TSecr=3045554027 [TCP segment of a reassembled PDU]"
"14423","30.172790789","192.168.1.55","192.168.1.2","TCP","1514","8004  >  50032 [ACK] Seq=49422 Ack=144 Win=65024 Len=1448 TSval=2916034253 TSecr=3045554027 [TCP segment of a reassembled PDU]"
"14424","30.172792400","192.168.1.55","192.168.1.2","TCP","1514","8004  >  50032 [ACK] Seq=50870 Ack=144 Win=65024 Len=1448 TSval=2916034253 TSecr=3045554027 [TCP segment of a reassembled PDU]"
"14425","30.172793789","192.168.1.55","192.168.1.2","TCP","1514","8004  >  50032 [ACK] Seq=52318 Ack=144 Win=65024 Len=1448 TSval=2916034253 TSecr=3045554027 [TCP segment of a reassembled PDU]"
"14426","30.172795715","192.168.1.55","192.168.1.2","TCP","1514","8004  >  50032 [ACK] Seq=53766 Ack=144 Win=65024 Len=1448 TSval=2916034253 TSecr=3045554027 [TCP segment of a reassembled PDU]"
"14427","30.172797270","192.168.1.55","192.168.1.2","TCP","1514","8004  >  50032 [ACK] Seq=55214 Ack=144 Win=65024 Len=1448 TSval=2916034253 TSecr=3045554027 [TCP segment of a reassembled PDU]"
"14428","30.172798622","192.168.1.55","192.168.1.2","TCP","1514","8004  >  50032 [ACK] Seq=56662 Ack=144 Win=65024 Len=1448 TSval=2916034253 TSecr=3045554027 [TCP segment of a reassembled PDU]"
"14429","30.172799826","192.168.1.55","192.168.1.2","TCP","1514","8004  >  50032 [ACK] Seq=58110 Ack=144 Win=65024 Len=1448 TSval=2916034253 TSecr=3045554027 [TCP segment of a reassembled PDU]"
"14430","30.172801122","192.168.1.55","192.168.1.2","TCP","1514","8004  >  50032 [ACK] Seq=59558 Ack=144 Win=65024 Len=1448 TSval=2916034253 TSecr=3045554027 [TCP segment of a reassembled PDU]"
"14431","30.172802289","192.168.1.55","192.168.1.2","TCP","1514","8004  >  50032 [ACK] Seq=61006 Ack=144 Win=65024 Len=1448 TSval=2916034253 TSecr=3045554027 [TCP segment of a reassembled PDU]"
"14432","30.172803678","192.168.1.55","192.168.1.2","TCP","1514","8004  >  50032 [ACK] Seq=62454 Ack=144 Win=65024 Len=1448 TSval=2916034253 TSecr=3045554027 [TCP segment of a reassembled PDU]"
"14433","30.172805530","192.168.1.55","192.168.1.2","TCP","1514","8004  >  50032 [PSH, ACK] Seq=63902 Ack=144 Win=65024 Len=1448 TSval=2916034253 TSecr=3045554027 [TCP segment of a reassembled PDU]"
"14434","30.172810789","192.168.1.2","192.168.1.55","TCP","66","50032  >  8004 [ACK] Seq=144 Ack=29150 Win=81920 Len=0 TSval=3045554027 TSecr=2916034248"
"14435","30.172821733","192.168.1.2","192.168.1.55","TCP","66","50032  >  8004 [ACK] Seq=144 Ack=40734 Win=81920 Len=0 TSval=3045554027 TSecr=2916034248"
"14436","30.172847270","192.168.1.55","192.168.1.2","TCP","1514","8004  >  50032 [ACK] Seq=65350 Ack=144 Win=65024 Len=1448 TSval=2916034253 TSecr=3045554027 [TCP segment of a reassembled PDU]"
"14437","30.172849159","192.168.1.55","192.168.1.2","TCP","1514","8004  >  50032 [ACK] Seq=66798 Ack=144 Win=65024 Len=1448 TSval=2916034253 TSecr=3045554027 [TCP segment of a reassembled PDU]"
"14438","30.172850308","192.168.1.55","192.168.1.2","TCP","1514","8004  >  50032 [ACK] Seq=68246 Ack=144 Win=65024 Len=1448 TSval=2916034253 TSecr=3045554027 [TCP segment of a reassembled PDU]"
"14439","30.172851604","192.168.1.55","192.168.1.2","TCP","1514","8004  >  50032 [ACK] Seq=69694 Ack=144 Win=65024 Len=1448 TSval=2916034253 TSecr=3045554027 [TCP segment of a reassembled PDU]"
"14440","30.172852863","192.168.1.55","192.168.1.2","TCP","1514","8004  >  50032 [ACK] Seq=71142 Ack=144 Win=65024 Len=1448 TSval=2916034253 TSecr=3045554027 [TCP segment of a reassembled PDU]"
"14441","30.172854437","192.168.1.55","192.168.1.2","TCP","1514","8004  >  50032 [ACK] Seq=72590 Ack=144 Win=65024 Len=1448 TSval=2916034253 TSecr=3045554027 [TCP segment of a reassembled PDU]"
"14442","30.172855845","192.168.1.55","192.168.1.2","TCP","1514","8004  >  50032 [ACK] Seq=74038 Ack=144 Win=65024 Len=1448 TSval=2916034253 TSecr=3045554027 [TCP segment of a reassembled PDU]"
"14443","30.172857196","192.168.1.55","192.168.1.2","TCP","1514","8004  >  50032 [PSH, ACK] Seq=75486 Ack=144 Win=65024 Len=1448 TSval=2916034253 TSecr=3045554027 [TCP segment of a reassembled PDU]"
"14444","30.172890696","192.168.1.55","192.168.1.2","TCP","1514","8004  >  50032 [ACK] Seq=76934 Ack=144 Win=65024 Len=1448 TSval=2916034253 TSecr=3045554027 [TCP segment of a reassembled PDU]"
"14445","30.172892308","192.168.1.55","192.168.1.2","TCP","1514","8004  >  50032 [ACK] Seq=78382 Ack=144 Win=65024 Len=1448 TSval=2916034253 TSecr=3045554027 [TCP segment of a reassembled PDU]"
"14446","30.172893437","192.168.1.55","192.168.1.2","TCP","1514","8004  >  50032 [ACK] Seq=79830 Ack=144 Win=65024 Len=1448 TSval=2916034253 TSecr=3045554027 [TCP segment of a reassembled PDU]"
"14447","30.172894808","192.168.1.55","192.168.1.2","TCP","1514","8004  >  50032 [ACK] Seq=81278 Ack=144 Win=65024 Len=1448 TSval=2916034253 TSecr=3045554027 [TCP segment of a reassembled PDU]"
"14448","30.172897196","192.168.1.55","192.168.1.2","TCP","1514","8004  >  50032 [ACK] Seq=82726 Ack=144 Win=65024 Len=1448 TSval=2916034253 TSecr=3045554027 [TCP segment of a reassembled PDU]"
"14449","30.172898845","192.168.1.55","192.168.1.2","TCP","1514","8004  >  50032 [ACK] Seq=84174 Ack=144 Win=65024 Len=1448 TSval=2916034253 TSecr=3045554027 [TCP segment of a reassembled PDU]"
"14450","30.172900141","192.168.1.55","192.168.1.2","TCP","1514","8004  >  50032 [ACK] Seq=85622 Ack=144 Win=65024 Len=1448 TSval=2916034253 TSecr=3045554027 [TCP segment of a reassembled PDU]"
"14451","30.172901289","192.168.1.55","192.168.1.2","TCP","1514","8004  >  50032 [ACK] Seq=87070 Ack=144 Win=65024 Len=1448 TSval=2916034253 TSecr=3045554027 [TCP segment of a reassembled PDU]"
"14452","30.172902678","192.168.1.55","192.168.1.2","TCP","1514","8004  >  50032 [ACK] Seq=88518 Ack=144 Win=65024 Len=1448 TSval=2916034253 TSecr=3045554027 [TCP segment of a reassembled PDU]"
"14453","30.172904826","192.168.1.55","192.168.1.2","TCP","1514","8004  >  50032 [ACK] Seq=89966 Ack=144 Win=65024 Len=1448 TSval=2916034253 TSecr=3045554027 [TCP segment of a reassembled PDU]"
"14454","30.172906289","192.168.1.55","192.168.1.2","TCP","1514","8004  >  50032 [ACK] Seq=91414 Ack=144 Win=65024 Len=1448 TSval=2916034253 TSecr=3045554027 [TCP segment of a reassembled PDU]"
"14455","30.172907678","192.168.1.55","192.168.1.2","TCP","1514","8004  >  50032 [ACK] Seq=92862 Ack=144 Win=65024 Len=1448 TSval=2916034253 TSecr=3045554027 [TCP segment of a reassembled PDU]"
"14456","30.172909511","192.168.1.55","192.168.1.2","TCP","1514","8004  >  50032 [ACK] Seq=94310 Ack=144 Win=65024 Len=1448 TSval=2916034253 TSecr=3045554027 [TCP segment of a reassembled PDU]"
"14457","30.172911122","192.168.1.55","192.168.1.2","TCP","1514","8004  >  50032 [PSH, ACK] Seq=95758 Ack=144 Win=65024 Len=1448 TSval=2916034253 TSecr=3045554027 [TCP segment of a reassembled PDU]"
"14458","30.172915104","192.168.1.2","192.168.1.55","TCP","66","50032  >  8004 [ACK] Seq=144 Ack=42182 Win=80896 Len=0 TSval=3045554027 TSecr=2916034249"
"14459","30.174122958","192.168.1.55","192.168.1.2","TCP","1514","8004  >  50032 [ACK] Seq=97206 Ack=144 Win=65024 Len=1448 TSval=2916034254 TSecr=3045554027 [TCP segment of a reassembled PDU]"
"14460","30.174129828","192.168.1.55","192.168.1.2","TCP","1514","8004  >  50032 [PSH, ACK] Seq=98654 Ack=144 Win=65024 Len=1448 TSval=2916034254 TSecr=3045554027 [TCP segment of a reassembled PDU]"
"14461","30.178019871","192.168.1.2","192.168.1.55","TCP","66","50032  >  8004 [ACK] Seq=144 Ack=45078 Win=88064 Len=0 TSval=3045554032 TSecr=2916034253"
"14462","30.178056760","192.168.1.55","192.168.1.2","TCP","1514","8004  >  50032 [ACK] Seq=100102 Ack=144 Win=65024 Len=1448 TSval=2916034258 TSecr=3045554032 [TCP segment of a reassembled PDU]"
"14463","30.178060464","192.168.1.55","192.168.1.2","TCP","1514","8004  >  50032 [ACK] Seq=101550 Ack=144 Win=65024 Len=1448 TSval=2916034258 TSecr=3045554032 [TCP segment of a reassembled PDU]"
"14464","30.178062908","192.168.1.55","192.168.1.2","TCP","1514","8004  >  50032 [ACK] Seq=102998 Ack=144 Win=65024 Len=1448 TSval=2916034258 TSecr=3045554032 [TCP segment of a reassembled PDU]"
"14465","30.178064871","192.168.1.55","192.168.1.2","TCP","1514","8004  >  50032 [PSH, ACK] Seq=104446 Ack=144 Win=65024 Len=1448 TSval=2916034258 TSecr=3045554032 [TCP segment of a reassembled PDU]"
"14466","30.178342779","192.168.1.2","192.168.1.55","TCP","66","50032  >  8004 [ACK] Seq=144 Ack=65350 Win=73728 Len=0 TSval=3045554032 TSecr=2916034253"
"14467","30.178360890","192.168.1.55","192.168.1.2","TCP","1514","8004  >  50032 [ACK] Seq=105894 Ack=144 Win=65024 Len=1448 TSval=2916034259 TSecr=3045554032 [TCP segment of a reassembled PDU]"
"14468","30.178363483","192.168.1.55","192.168.1.2","TCP","1514","8004  >  50032 [ACK] Seq=107342 Ack=144 Win=65024 Len=1448 TSval=2916034259 TSecr=3045554032 [TCP segment of a reassembled PDU]"
"14469","30.178365853","192.168.1.55","192.168.1.2","TCP","1514","8004  >  50032 [ACK] Seq=108790 Ack=144 Win=65024 Len=1448 TSval=2916034259 TSecr=3045554032 [TCP segment of a reassembled PDU]"
"14470","30.178367464","192.168.1.55","192.168.1.2","TCP","1514","8004  >  50032 [ACK] Seq=110238 Ack=144 Win=65024 Len=1448 TSval=2916034259 TSecr=3045554032 [TCP segment of a reassembled PDU]"
"14471","30.178368835","192.168.1.55","192.168.1.2","TCP","1514","8004  >  50032 [ACK] Seq=111686 Ack=144 Win=65024 Len=1448 TSval=2916034259 TSecr=3045554032 [TCP segment of a reassembled PDU]"
"14472","30.178370242","192.168.1.55","192.168.1.2","TCP","1514","8004  >  50032 [ACK] Seq=113134 Ack=144 Win=65024 Len=1448 TSval=2916034259 TSecr=3045554032 [TCP segment of a reassembled PDU]"
"14473","30.178372335","192.168.1.55","192.168.1.2","TCP","1514","8004  >  50032 [PSH, ACK] Seq=114582 Ack=144 Win=65024 Len=1448 TSval=2916034259 TSecr=3045554032 [TCP segment of a reassembled PDU]"
"14474","30.178379835","192.168.1.2","192.168.1.55","TCP","66","50032  >  8004 [ACK] Seq=144 Ack=76934 Win=62464 Len=0 TSval=3045554032 TSecr=2916034253"
"14475","30.178429650","192.168.1.55","192.168.1.2","TCP","1514","8004  >  50032 [ACK] Seq=116030 Ack=144 Win=65024 Len=1448 TSval=2916034259 TSecr=3045554032 [TCP segment of a reassembled PDU]"
"14476","30.178431613","192.168.1.55","192.168.1.2","TCP","1514","8004  >  50032 [ACK] Seq=117478 Ack=144 Win=65024 Len=1448 TSval=2916034259 TSecr=3045554032 [TCP segment of a reassembled PDU]"
"14477","30.178433798","192.168.1.55","192.168.1.2","TCP","1514","8004  >  50032 [ACK] Seq=118926 Ack=144 Win=65024 Len=1448 TSval=2916034259 TSecr=3045554032 [TCP segment of a reassembled PDU]"
"14478","30.178435298","192.168.1.55","192.168.1.2","TCP","1514","8004  >  50032 [ACK] Seq=120374 Ack=144 Win=65024 Len=1448 TSval=2916034259 TSecr=3045554032 [TCP segment of a reassembled PDU]"
"14479","30.178436798","192.168.1.55","192.168.1.2","TCP","1514","8004  >  50032 [ACK] Seq=121822 Ack=144 Win=65024 Len=1448 TSval=2916034259 TSecr=3045554032 [TCP segment of a reassembled PDU]"
"14480","30.178439483","192.168.1.55","192.168.1.2","TCP","1514","8004  >  50032 [ACK] Seq=123270 Ack=144 Win=65024 Len=1448 TSval=2916034259 TSecr=3045554032 [TCP segment of a reassembled PDU]"
"14481","30.178441224","192.168.1.55","192.168.1.2","TCP","1514","8004  >  50032 [ACK] Seq=124718 Ack=144 Win=65024 Len=1448 TSval=2916034259 TSecr=3045554032 [TCP segment of a reassembled PDU]"
"14482","30.178442816","192.168.1.55","192.168.1.2","TCP","1514","8004  >  50032 [ACK] Seq=126166 Ack=144 Win=65024 Len=1448 TSval=2916034259 TSecr=3045554032 [TCP segment of a reassembled PDU]"
"14483","30.178444446","192.168.1.55","192.168.1.2","TCP","1514","8004  >  50032 [ACK] Seq=127614 Ack=144 Win=65024 Len=1448 TSval=2916034259 TSecr=3045554032 [TCP segment of a reassembled PDU]"
"14484","30.178445613","192.168.1.55","192.168.1.2","TCP","1514","8004  >  50032 [ACK] Seq=129062 Ack=144 Win=65024 Len=1448 TSval=2916034259 TSecr=3045554032 [TCP segment of a reassembled PDU]"
"14485","30.178447983","192.168.1.55","192.168.1.2","TCP","1514","8004  >  50032 [ACK] Seq=130510 Ack=144 Win=65024 Len=1448 TSval=2916034259 TSecr=3045554032 [TCP segment of a reassembled PDU]"
"14486","30.178450242","192.168.1.55","192.168.1.2","TCP","1514","8004  >  50032 [ACK] Seq=131958 Ack=144 Win=65024 Len=1448 TSval=2916034259 TSecr=3045554032 [TCP segment of a reassembled PDU]"
"14487","30.178451427","192.168.1.55","192.168.1.2","TCP","1514","8004  >  50032 [ACK] Seq=133406 Ack=144 Win=65024 Len=1448 TSval=2916034259 TSecr=3045554032 [TCP segment of a reassembled PDU]"
"14488","30.178452705","192.168.1.55","192.168.1.2","TCP","1514","8004  >  50032 [ACK] Seq=134854 Ack=144 Win=65024 Len=1448 TSval=2916034259 TSecr=3045554032 [TCP segment of a reassembled PDU]"
"14489","30.178454798","192.168.1.55","192.168.1.2","TCP","1514","8004  >  50032 [ACK] Seq=136302 Ack=144 Win=65024 Len=1448 TSval=2916034259 TSecr=3045554032 [TCP segment of a reassembled PDU]"
"14490","30.178456539","192.168.1.55","192.168.1.2","TCP","1514","8004  >  50032 [ACK] Seq=137750 Ack=144 Win=65024 Len=1448 TSval=2916034259 TSecr=3045554032 [TCP segment of a reassembled PDU]"
"14491","30.178457798","192.168.1.55","192.168.1.2","TCP","266","[TCP Window Full] 8004  >  50032 [PSH, ACK] Seq=139198 Ack=144 Win=65024 Len=200 TSval=2916034259 TSecr=3045554032 [TCP segment of a reassembled PDU]"
"14492","30.178461353","192.168.1.2","192.168.1.55","TCP","66","50032  >  8004 [ACK] Seq=144 Ack=89966 Win=51200 Len=0 TSval=3045554032 TSecr=2916034253"
"14493","30.178519576","192.168.1.2","192.168.1.55","TCP","66","50032  >  8004 [ACK] Seq=144 Ack=97206 Win=83968 Len=0 TSval=3045554033 TSecr=2916034253"
"14494","30.178552816","192.168.1.55","192.168.1.2","TCP","1514","8004  >  50032 [ACK] Seq=139398 Ack=144 Win=65024 Len=1448 TSval=2916034259 TSecr=3045554033 [TCP segment of a reassembled PDU]"
"14495","30.178555779","192.168.1.55","192.168.1.2","TCP","1514","8004  >  50032 [ACK] Seq=140846 Ack=144 Win=65024 Len=1448 TSval=2916034259 TSecr=3045554033 [TCP segment of a reassembled PDU]"
"14496","30.178557261","192.168.1.55","192.168.1.2","TCP","1514","8004  >  50032 [ACK] Seq=142294 Ack=144 Win=65024 Len=1448 TSval=2916034259 TSecr=3045554033 [TCP segment of a reassembled PDU]"
"14497","30.178559150","192.168.1.55","192.168.1.2","TCP","1514","8004  >  50032 [ACK] Seq=143742 Ack=144 Win=65024 Len=1448 TSval=2916034259 TSecr=3045554033 [TCP segment of a reassembled PDU]"
"14498","30.178560872","192.168.1.55","192.168.1.2","TCP","1514","8004  >  50032 [ACK] Seq=145190 Ack=144 Win=65024 Len=1448 TSval=2916034259 TSecr=3045554033 [TCP segment of a reassembled PDU]"
"14499","30.178563891","192.168.1.55","192.168.1.2","TCP","1514","8004  >  50032 [ACK] Seq=146638 Ack=144 Win=65024 Len=1448 TSval=2916034259 TSecr=3045554033 [TCP segment of a reassembled PDU]"
"14500","30.178565965","192.168.1.55","192.168.1.2","TCP","1514","8004  >  50032 [ACK] Seq=148086 Ack=144 Win=65024 Len=1448 TSval=2916034259 TSecr=3045554033 [TCP segment of a reassembled PDU]"
"14501","30.178567705","192.168.1.55","192.168.1.2","TCP","1514","8004  >  50032 [ACK] Seq=149534 Ack=144 Win=65024 Len=1448 TSval=2916034259 TSecr=3045554033 [TCP segment of a reassembled PDU]"
"14502","30.178569483","192.168.1.55","192.168.1.2","TCP","1514","8004  >  50032 [ACK] Seq=150982 Ack=144 Win=65024 Len=1448 TSval=2916034259 TSecr=3045554033 [TCP segment of a reassembled PDU]"
"14503","30.178571854","192.168.1.55","192.168.1.2","TCP","1514","8004  >  50032 [PSH, ACK] Seq=152430 Ack=144 Win=65024 Len=1448 TSval=2916034259 TSecr=3045554033 [TCP segment of a reassembled PDU]"
"14504","30.178584113","192.168.1.55","192.168.1.2","TCP","1314","8004  >  50032 [ACK] Seq=153878 Ack=144 Win=65024 Len=1248 TSval=2916034259 TSecr=3045554033 [TCP segment of a reassembled PDU]"
"14505","30.178588298","192.168.1.2","192.168.1.55","TCP","66","50032  >  8004 [ACK] Seq=144 Ack=100102 Win=81920 Len=0 TSval=3045554033 TSecr=2916034254"
"14506","30.178641835","192.168.1.55","192.168.1.2","TCP","1514","8004  >  50032 [ACK] Seq=155126 Ack=144 Win=65024 Len=1448 TSval=2916034259 TSecr=3045554033 [TCP segment of a reassembled PDU]"
"14507","30.178644613","192.168.1.55","192.168.1.2","TCP","1514","8004  >  50032 [ACK] Seq=156574 Ack=144 Win=65024 Len=1448 TSval=2916034259 TSecr=3045554033 [TCP segment of a reassembled PDU]"
"14508","30.178646391","192.168.1.55","192.168.1.2","TCP","1514","8004  >  50032 [ACK] Seq=158022 Ack=144 Win=65024 Len=1448 TSval=2916034259 TSecr=3045554033 [TCP segment of a reassembled PDU]"
"14509","30.178647687","192.168.1.55","192.168.1.2","TCP","1514","8004  >  50032 [ACK] Seq=159470 Ack=144 Win=65024 Len=1448 TSval=2916034259 TSecr=3045554033 [TCP segment of a reassembled PDU]"
"14510","30.178649057","192.168.1.55","192.168.1.2","TCP","1514","8004  >  50032 [ACK] Seq=160918 Ack=144 Win=65024 Len=1448 TSval=2916034259 TSecr=3045554033 [TCP segment of a reassembled PDU]"
"14511","30.178650965","192.168.1.55","192.168.1.2","TCP","1514","8004  >  50032 [ACK] Seq=162366 Ack=144 Win=65024 Len=1448 TSval=2916034259 TSecr=3045554033 [TCP segment of a reassembled PDU]"
"14512","30.178653187","192.168.1.55","192.168.1.2","TCP","1514","8004  >  50032 [ACK] Seq=163814 Ack=144 Win=65024 Len=1448 TSval=2916034259 TSecr=3045554033 [TCP segment of a reassembled PDU]"
"14513","30.178655002","192.168.1.55","192.168.1.2","TCP","1514","8004  >  50032 [ACK] Seq=165262 Ack=144 Win=65024 Len=1448 TSval=2916034259 TSecr=3045554033 [TCP segment of a reassembled PDU]"
"14514","30.178656372","192.168.1.55","192.168.1.2","TCP","1514","8004  >  50032 [ACK] Seq=166710 Ack=144 Win=65024 Len=1448 TSval=2916034259 TSecr=3045554033 [TCP segment of a reassembled PDU]"
"14515","30.178658002","192.168.1.55","192.168.1.2","TCP","1514","8004  >  50032 [ACK] Seq=168158 Ack=144 Win=65024 Len=1448 TSval=2916034259 TSecr=3045554033 [TCP segment of a reassembled PDU]"
"14516","30.178659465","192.168.1.55","192.168.1.2","TCP","1514","8004  >  50032 [ACK] Seq=169606 Ack=144 Win=65024 Len=1448 TSval=2916034259 TSecr=3045554033 [TCP segment of a reassembled PDU]"
"14517","30.178661224","192.168.1.55","192.168.1.2","TCP","1514","8004  >  50032 [ACK] Seq=171054 Ack=144 Win=65024 Len=1448 TSval=2916034259 TSecr=3045554033 [TCP segment of a reassembled PDU]"
"14518","30.178662687","192.168.1.55","192.168.1.2","TCP","1514","8004  >  50032 [ACK] Seq=172502 Ack=144 Win=65024 Len=1448 TSval=2916034259 TSecr=3045554033 [TCP segment of a reassembled PDU]"
"14519","30.178664854","192.168.1.55","192.168.1.2","TCP","1514","8004  >  50032 [ACK] Seq=173950 Ack=144 Win=65024 Len=1448 TSval=2916034259 TSecr=3045554033 [TCP segment of a reassembled PDU]"
"14520","30.178666317","192.168.1.55","192.168.1.2","TCP","1514","8004  >  50032 [ACK] Seq=175398 Ack=144 Win=65024 Len=1448 TSval=2916034259 TSecr=3045554033 [TCP segment of a reassembled PDU]"
"14521","30.178667946","192.168.1.55","192.168.1.2","TCP","1514","8004  >  50032 [ACK] Seq=176846 Ack=144 Win=65024 Len=1448 TSval=2916034259 TSecr=3045554033 [TCP segment of a reassembled PDU]"
"14522","30.178669168","192.168.1.55","192.168.1.2","TCP","1514","8004  >  50032 [ACK] Seq=178294 Ack=144 Win=65024 Len=1448 TSval=2916034259 TSecr=3045554033 [TCP segment of a reassembled PDU]"
"14523","30.178670520","192.168.1.55","192.168.1.2","TCP","1514","8004  >  50032 [PSH, ACK] Seq=179742 Ack=144 Win=65024 Len=1448 TSval=2916034259 TSecr=3045554033 [TCP segment of a reassembled PDU]"
"14524","30.184291066","192.168.1.2","192.168.1.55","TCP","66","50032  >  8004 [ACK] Seq=144 Ack=101550 Win=80896 Len=0 TSval=3045554035 TSecr=2916034258"
"14525","30.184394677","192.168.1.2","192.168.1.55","TCP","66","50032  >  8004 [ACK] Seq=144 Ack=104446 Win=78848 Len=0 TSval=3045554035 TSecr=2916034258"
"14526","30.184406307","192.168.1.55","192.168.1.2","TCP","1514","8004  >  50032 [ACK] Seq=181190 Ack=144 Win=65024 Len=1448 TSval=2916034265 TSecr=3045554035 [TCP segment of a reassembled PDU]"
"14527","30.185594976","192.168.1.2","192.168.1.55","TCP","66","50032  >  8004 [ACK] Seq=144 Ack=105894 Win=90112 Len=0 TSval=3045554040 TSecr=2916034258"
"14528","30.185615457","192.168.1.55","192.168.1.2","TCP","1514","8004  >  50032 [ACK] Seq=182638 Ack=144 Win=65024 Len=1448 TSval=2916034266 TSecr=3045554040 [TCP segment of a reassembled PDU]"
"14529","30.185618272","192.168.1.55","192.168.1.2","TCP","1514","8004  >  50032 [ACK] Seq=184086 Ack=144 Win=65024 Len=1448 TSval=2916034266 TSecr=3045554040 [TCP segment of a reassembled PDU]"
"14530","30.185619513","192.168.1.55","192.168.1.2","TCP","1514","8004  >  50032 [ACK] Seq=185534 Ack=144 Win=65024 Len=1448 TSval=2916034266 TSecr=3045554040 [TCP segment of a reassembled PDU]"
"14531","30.185620753","192.168.1.55","192.168.1.2","TCP","1514","8004  >  50032 [ACK] Seq=186982 Ack=144 Win=65024 Len=1448 TSval=2916034266 TSecr=3045554040 [TCP segment of a reassembled PDU]"
"14532","30.185621957","192.168.1.55","192.168.1.2","TCP","1514","8004  >  50032 [ACK] Seq=188430 Ack=144 Win=65024 Len=1448 TSval=2916034266 TSecr=3045554040 [TCP segment of a reassembled PDU]"
"14533","30.185623087","192.168.1.55","192.168.1.2","TCP","1514","8004  >  50032 [ACK] Seq=189878 Ack=144 Win=65024 Len=1448 TSval=2916034266 TSecr=3045554040 [TCP segment of a reassembled PDU]"
"14534","30.185624235","192.168.1.55","192.168.1.2","TCP","1514","8004  >  50032 [ACK] Seq=191326 Ack=144 Win=65024 Len=1448 TSval=2916034266 TSecr=3045554040 [TCP segment of a reassembled PDU]"
"14535","30.185625383","192.168.1.55","192.168.1.2","TCP","1514","8004  >  50032 [ACK] Seq=192774 Ack=144 Win=65024 Len=1448 TSval=2916034266 TSecr=3045554040 [TCP segment of a reassembled PDU]"
"14536","30.185626624","192.168.1.55","192.168.1.2","TCP","1514","8004  >  50032 [PSH, ACK] Seq=194222 Ack=144 Win=65024 Len=1448 TSval=2916034266 TSecr=3045554040 [TCP segment of a reassembled PDU]"
"14537","30.186079384","192.168.1.2","192.168.1.55","TCP","66","50032  >  8004 [ACK] Seq=144 Ack=116030 Win=83968 Len=0 TSval=3045554040 TSecr=2916034259"
"14538","30.186088421","192.168.1.55","192.168.1.2","TCP","1514","8004  >  50032 [ACK] Seq=195670 Ack=144 Win=65024 Len=1448 TSval=2916034266 TSecr=3045554040 [TCP segment of a reassembled PDU]"
"14539","30.186093069","192.168.1.2","192.168.1.55","TCP","66","50032  >  8004 [ACK] Seq=144 Ack=139398 Win=70656 Len=0 TSval=3045554040 TSecr=2916034259"
"14540","30.186099217","192.168.1.2","192.168.1.55","TCP","66","50032  >  8004 [ACK] Seq=144 Ack=153878 Win=79872 Len=0 TSval=3045554040 TSecr=2916034259"
"14541","30.186127514","192.168.1.55","192.168.1.2","TCP","1514","8004  >  50032 [ACK] Seq=197118 Ack=144 Win=65024 Len=1448 TSval=2916034266 TSecr=3045554040 [TCP segment of a reassembled PDU]"
"14542","30.186134384","192.168.1.55","192.168.1.2","TCP","1514","8004  >  50032 [ACK] Seq=198566 Ack=144 Win=65024 Len=1448 TSval=2916034266 TSecr=3045554040 [TCP segment of a reassembled PDU]"
"14543","30.186135865","192.168.1.55","192.168.1.2","TCP","1514","8004  >  50032 [ACK] Seq=200014 Ack=144 Win=65024 Len=1448 TSval=2916034266 TSecr=3045554040 [TCP segment of a reassembled PDU]"
"14544","30.186137069","192.168.1.55","192.168.1.2","TCP","1514","8004  >  50032 [ACK] Seq=201462 Ack=144 Win=65024 Len=1448 TSval=2916034266 TSecr=3045554040 [TCP segment of a reassembled PDU]"
"14545","30.186138162","192.168.1.55","192.168.1.2","TCP","1514","8004  >  50032 [ACK] Seq=202910 Ack=144 Win=65024 Len=1448 TSval=2916034266 TSecr=3045554040 [TCP segment of a reassembled PDU]"
"14546","30.186139273","192.168.1.55","192.168.1.2","TCP","1514","8004  >  50032 [ACK] Seq=204358 Ack=144 Win=65024 Len=1448 TSval=2916034266 TSecr=3045554040 [TCP segment of a reassembled PDU]"
"14547","30.186140477","192.168.1.55","192.168.1.2","TCP","1514","8004  >  50032 [ACK] Seq=205806 Ack=144 Win=65024 Len=1448 TSval=2916034266 TSecr=3045554040 [TCP segment of a reassembled PDU]"
"14548","30.186141551","192.168.1.55","192.168.1.2","TCP","1514","8004  >  50032 [ACK] Seq=207254 Ack=144 Win=65024 Len=1448 TSval=2916034266 TSecr=3045554040 [TCP segment of a reassembled PDU]"
"14549","30.186142791","192.168.1.55","192.168.1.2","TCP","1514","8004  >  50032 [ACK] Seq=208702 Ack=144 Win=65024 Len=1448 TSval=2916034266 TSecr=3045554040 [TCP segment of a reassembled PDU]"
"14550","30.186143902","192.168.1.55","192.168.1.2","TCP","1514","8004  >  50032 [ACK] Seq=210150 Ack=144 Win=65024 Len=1448 TSval=2916034266 TSecr=3045554040 [TCP segment of a reassembled PDU]"
"14551","30.186145088","192.168.1.55","192.168.1.2","TCP","1514","8004  >  50032 [ACK] Seq=211598 Ack=144 Win=65024 Len=1448 TSval=2916034266 TSecr=3045554040 [TCP segment of a reassembled PDU]"
"14552","30.186146217","192.168.1.55","192.168.1.2","TCP","1514","8004  >  50032 [ACK] Seq=213046 Ack=144 Win=65024 Len=1448 TSval=2916034266 TSecr=3045554040 [TCP segment of a reassembled PDU]"
"14553","30.186147291","192.168.1.55","192.168.1.2","TCP","1514","8004  >  50032 [ACK] Seq=214494 Ack=144 Win=65024 Len=1448 TSval=2916034266 TSecr=3045554040 [TCP segment of a reassembled PDU]"
"14554","30.186149199","192.168.1.55","192.168.1.2","TCP","1514","8004  >  50032 [ACK] Seq=215942 Ack=144 Win=65024 Len=1448 TSval=2916034266 TSecr=3045554040 [TCP segment of a reassembled PDU]"
"14555","30.186150291","192.168.1.55","192.168.1.2","TCP","1514","8004  >  50032 [ACK] Seq=217390 Ack=144 Win=65024 Len=1448 TSval=2916034266 TSecr=3045554040 [TCP segment of a reassembled PDU]"
"14556","30.186151569","192.168.1.55","192.168.1.2","TCP","1514","8004  >  50032 [ACK] Seq=218838 Ack=144 Win=65024 Len=1448 TSval=2916034266 TSecr=3045554040 [TCP segment of a reassembled PDU]"
"14557","30.186152828","192.168.1.55","192.168.1.2","TCP","1514","8004  >  50032 [ACK] Seq=220286 Ack=144 Win=65024 Len=1448 TSval=2916034266 TSecr=3045554040 [TCP segment of a reassembled PDU]"
"14558","30.186153902","192.168.1.55","192.168.1.2","TCP","1514","8004  >  50032 [ACK] Seq=221734 Ack=144 Win=65024 Len=1448 TSval=2916034266 TSecr=3045554040 [TCP segment of a reassembled PDU]"
"14559","30.186155291","192.168.1.55","192.168.1.2","TCP","1514","8004  >  50032 [ACK] Seq=223182 Ack=144 Win=65024 Len=1448 TSval=2916034266 TSecr=3045554040 [TCP segment of a reassembled PDU]"
"14560","30.186156477","192.168.1.55","192.168.1.2","TCP","1514","8004  >  50032 [ACK] Seq=224630 Ack=144 Win=65024 Len=1448 TSval=2916034266 TSecr=3045554040 [TCP segment of a reassembled PDU]"
"14561","30.186157606","192.168.1.55","192.168.1.2","TCP","1514","8004  >  50032 [ACK] Seq=226078 Ack=144 Win=65024 Len=1448 TSval=2916034266 TSecr=3045554040 [TCP segment of a reassembled PDU]"
"14562","30.186158884","192.168.1.55","192.168.1.2","TCP","1514","8004  >  50032 [ACK] Seq=227526 Ack=144 Win=65024 Len=1448 TSval=2916034266 TSecr=3045554040 [TCP segment of a reassembled PDU]"
"14563","30.186159958","192.168.1.55","192.168.1.2","TCP","1514","8004  >  50032 [ACK] Seq=228974 Ack=144 Win=65024 Len=1448 TSval=2916034266 TSecr=3045554040 [TCP segment of a reassembled PDU]"
"14564","30.186161162","192.168.1.55","192.168.1.2","TCP","1514","8004  >  50032 [ACK] Seq=230422 Ack=144 Win=65024 Len=1448 TSval=2916034266 TSecr=3045554040 [TCP segment of a reassembled PDU]"
"14565","30.186162310","192.168.1.55","192.168.1.2","TCP","1514","8004  >  50032 [PSH, ACK] Seq=231870 Ack=144 Win=65024 Len=1448 TSval=2916034266 TSecr=3045554040 [TCP segment of a reassembled PDU]"
"14566","30.186211773","192.168.1.2","192.168.1.55","TCP","66","50032  >  8004 [ACK] Seq=144 Ack=155126 Win=92160 Len=0 TSval=3045554040 TSecr=2916034259"
"14567","30.186222643","192.168.1.55","192.168.1.2","TCP","1514","8004  >  50032 [ACK] Seq=233318 Ack=144 Win=65024 Len=1448 TSval=2916034266 TSecr=3045554040 [TCP segment of a reassembled PDU]"
"14568","30.186224125","192.168.1.55","192.168.1.2","TCP","1514","8004  >  50032 [ACK] Seq=234766 Ack=144 Win=65024 Len=1448 TSval=2916034266 TSecr=3045554040 [TCP segment of a reassembled PDU]"
"14569","30.186225217","192.168.1.55","192.168.1.2","TCP","1514","8004  >  50032 [ACK] Seq=236214 Ack=144 Win=65024 Len=1448 TSval=2916034266 TSecr=3045554040 [TCP segment of a reassembled PDU]"
"14570","30.186226384","192.168.1.55","192.168.1.2","TCP","1514","8004  >  50032 [PSH, ACK] Seq=237662 Ack=144 Win=65024 Len=1448 TSval=2916034266 TSecr=3045554040 [TCP segment of a reassembled PDU]"
"14571","30.186230199","192.168.1.2","192.168.1.55","TCP","66","50032  >  8004 [ACK] Seq=144 Ack=175398 Win=73728 Len=0 TSval=3045554040 TSecr=2916034259"
"14572","30.187365441","192.168.1.2","192.168.1.55","TCP","66","50032  >  8004 [ACK] Seq=144 Ack=181190 Win=83968 Len=0 TSval=3045554041 TSecr=2916034259"
"14573","30.187392849","192.168.1.55","192.168.1.2","TCP","1514","8004  >  50032 [ACK] Seq=239110 Ack=144 Win=65024 Len=1448 TSval=2916034268 TSecr=3045554041 [TCP segment of a reassembled PDU]"
"14574","30.187394701","192.168.1.55","192.168.1.2","TCP","1514","8004  >  50032 [ACK] Seq=240558 Ack=144 Win=65024 Len=1448 TSval=2916034268 TSecr=3045554041 [TCP segment of a reassembled PDU]"
"14575","30.187395886","192.168.1.55","192.168.1.2","TCP","1514","8004  >  50032 [ACK] Seq=242006 Ack=144 Win=65024 Len=1448 TSval=2916034268 TSecr=3045554041 [TCP segment of a reassembled PDU]"
"14576","30.187397016","192.168.1.55","192.168.1.2","TCP","1514","8004  >  50032 [ACK] Seq=243454 Ack=144 Win=65024 Len=1448 TSval=2916034268 TSecr=3045554041 [TCP segment of a reassembled PDU]"
"14577","30.187398312","192.168.1.55","192.168.1.2","TCP","1514","8004  >  50032 [ACK] Seq=244902 Ack=144 Win=65024 Len=1448 TSval=2916034268 TSecr=3045554041 [TCP segment of a reassembled PDU]"
"14578","30.187399497","192.168.1.55","192.168.1.2","TCP","1514","8004  >  50032 [ACK] Seq=246350 Ack=144 Win=65024 Len=1448 TSval=2916034268 TSecr=3045554041 [TCP segment of a reassembled PDU]"
"14579","30.187400682","192.168.1.55","192.168.1.2","TCP","1514","8004  >  50032 [ACK] Seq=247798 Ack=144 Win=65024 Len=1448 TSval=2916034268 TSecr=3045554041 [TCP segment of a reassembled PDU]"
"14580","30.187401849","192.168.1.55","192.168.1.2","TCP","1514","8004  >  50032 [ACK] Seq=249246 Ack=144 Win=65024 Len=1448 TSval=2916034268 TSecr=3045554041 [TCP segment of a reassembled PDU]"
"14581","30.187402960","192.168.1.55","192.168.1.2","TCP","1514","8004  >  50032 [ACK] Seq=250694 Ack=144 Win=65024 Len=1448 TSval=2916034268 TSecr=3045554041 [TCP segment of a reassembled PDU]"
"14582","30.187404071","192.168.1.55","192.168.1.2","TCP","1514","8004  >  50032 [ACK] Seq=252142 Ack=144 Win=65024 Len=1448 TSval=2916034268 TSecr=3045554041 [TCP segment of a reassembled PDU]"
"14583","30.187405201","192.168.1.55","192.168.1.2","TCP","1514","8004  >  50032 [ACK] Seq=253590 Ack=144 Win=65024 Len=1448 TSval=2916034268 TSecr=3045554041 [TCP segment of a reassembled PDU]"
"14584","30.187406404","192.168.1.55","192.168.1.2","TCP","1514","8004  >  50032 [ACK] Seq=255038 Ack=144 Win=65024 Len=1448 TSval=2916034268 TSecr=3045554041 [TCP segment of a reassembled PDU]"
"14585","30.187408053","192.168.1.55","192.168.1.2","TCP","1514","8004  >  50032 [ACK] Seq=256486 Ack=144 Win=65024 Len=1448 TSval=2916034268 TSecr=3045554041 [TCP segment of a reassembled PDU]"
"14586","30.187409164","192.168.1.55","192.168.1.2","TCP","1514","8004  >  50032 [ACK] Seq=257934 Ack=144 Win=65024 Len=1448 TSval=2916034268 TSecr=3045554041 [TCP segment of a reassembled PDU]"
"14587","30.187410330","192.168.1.55","192.168.1.2","TCP","1514","8004  >  50032 [ACK] Seq=259382 Ack=144 Win=65024 Len=1448 TSval=2916034268 TSecr=3045554041 [TCP segment of a reassembled PDU]"
"14588","30.187411534","192.168.1.55","192.168.1.2","TCP","1514","8004  >  50032 [ACK] Seq=260830 Ack=144 Win=65024 Len=1448 TSval=2916034268 TSecr=3045554041 [TCP segment of a reassembled PDU]"
"14589","30.187412719","192.168.1.55","192.168.1.2","TCP","1514","8004  >  50032 [ACK] Seq=262278 Ack=144 Win=65024 Len=1448 TSval=2916034268 TSecr=3045554041 [TCP segment of a reassembled PDU]"
"14590","30.187413960","192.168.1.55","192.168.1.2","TCP","1498","[TCP Window Full] 8004  >  50032 [PSH, ACK] Seq=263726 Ack=144 Win=65024 Len=1432 TSval=2916034268 TSecr=3045554041 [TCP segment of a reassembled PDU]"
"14591","30.191094077","192.168.1.2","192.168.1.55","TCP","66","50032  >  8004 [ACK] Seq=144 Ack=184086 Win=90112 Len=0 TSval=3045554043 TSecr=2916034265"
"14592","30.191107392","192.168.1.55","192.168.1.2","TCP","1514","8004  >  50032 [ACK] Seq=265158 Ack=144 Win=65024 Len=1448 TSval=2916034271 TSecr=3045554043 [TCP segment of a reassembled PDU]"
"14593","30.191109929","192.168.1.55","192.168.1.2","TCP","1514","8004  >  50032 [ACK] Seq=266606 Ack=144 Win=65024 Len=1448 TSval=2916034271 TSecr=3045554043 [TCP segment of a reassembled PDU]"
"14594","30.191111873","192.168.1.55","192.168.1.2","TCP","1514","8004  >  50032 [ACK] Seq=268054 Ack=144 Win=65024 Len=1448 TSval=2916034271 TSecr=3045554043 [TCP segment of a reassembled PDU]"
"14595","30.191113169","192.168.1.55","192.168.1.2","TCP","1514","8004  >  50032 [ACK] Seq=269502 Ack=144 Win=65024 Len=1448 TSval=2916034271 TSecr=3045554043 [TCP segment of a reassembled PDU]"
"14596","30.191114577","192.168.1.55","192.168.1.2","TCP","1514","8004  >  50032 [ACK] Seq=270950 Ack=144 Win=65024 Len=1448 TSval=2916034271 TSecr=3045554043 [TCP segment of a reassembled PDU]"
"14597","30.191115892","192.168.1.55","192.168.1.2","TCP","1514","8004  >  50032 [PSH, ACK] Seq=272398 Ack=144 Win=65024 Len=1448 TSval=2916034271 TSecr=3045554043 [TCP segment of a reassembled PDU]"
"14598","30.194439508","192.168.1.2","192.168.1.55","TCP","66","50032  >  8004 [ACK] Seq=144 Ack=265158 Win=9216 Len=0 TSval=3045554049 TSecr=2916034266"
"14599","30.194602712","192.168.1.2","192.168.1.55","TCP","66","[TCP Window Update] 50032  >  8004 [ACK] Seq=144 Ack=265158 Win=24576 Len=0 TSval=3045554049 TSecr=2916034266"
"14600","30.194611564","192.168.1.55","192.168.1.2","TCP","1514","8004  >  50032 [ACK] Seq=273846 Ack=144 Win=65024 Len=1448 TSval=2916034275 TSecr=3045554049 [TCP segment of a reassembled PDU]"
"14601","30.194614027","192.168.1.55","192.168.1.2","TCP","1514","8004  >  50032 [ACK] Seq=275294 Ack=144 Win=65024 Len=1448 TSval=2916034275 TSecr=3045554049 [TCP segment of a reassembled PDU]"
"14602","30.194615453","192.168.1.55","192.168.1.2","TCP","1514","8004  >  50032 [ACK] Seq=276742 Ack=144 Win=65024 Len=1448 TSval=2916034275 TSecr=3045554049 [TCP segment of a reassembled PDU]"
"14603","30.194616897","192.168.1.55","192.168.1.2","TCP","1514","8004  >  50032 [ACK] Seq=278190 Ack=144 Win=65024 Len=1448 TSval=2916034275 TSecr=3045554049 [TCP segment of a reassembled PDU]"
"14604","30.194618138","192.168.1.55","192.168.1.2","TCP","1514","8004  >  50032 [ACK] Seq=279638 Ack=144 Win=65024 Len=1448 TSval=2916034275 TSecr=3045554049 [TCP segment of a reassembled PDU]"
"14605","30.194619434","192.168.1.55","192.168.1.2","TCP","82","8004  >  50032 [PSH, ACK] Seq=281086 Ack=144 Win=65024 Len=16 TSval=2916034275 TSecr=3045554049 [TCP segment of a reassembled PDU]"
"14606","30.194629879","192.168.1.55","192.168.1.2","TCP","1514","8004  >  50032 [ACK] Seq=281102 Ack=144 Win=65024 Len=1448 TSval=2916034275 TSecr=3045554049 [TCP segment of a reassembled PDU]"
"14607","30.194631231","192.168.1.55","192.168.1.2","TCP","1514","8004  >  50032 [ACK] Seq=282550 Ack=144 Win=65024 Len=1448 TSval=2916034275 TSecr=3045554049 [TCP segment of a reassembled PDU]"
"14608","30.194632545","192.168.1.55","192.168.1.2","TCP","1514","8004  >  50032 [ACK] Seq=283998 Ack=144 Win=65024 Len=1448 TSval=2916034275 TSecr=3045554049 [TCP segment of a reassembled PDU]"
"14609","30.194634027","192.168.1.55","192.168.1.2","TCP","1514","8004  >  50032 [ACK] Seq=285446 Ack=144 Win=65024 Len=1448 TSval=2916034275 TSecr=3045554049 [TCP segment of a reassembled PDU]"
"14610","30.194635305","192.168.1.55","192.168.1.2","TCP","1514","8004  >  50032 [PSH, ACK] Seq=286894 Ack=144 Win=65024 Len=1448 TSval=2916034275 TSecr=3045554049 [TCP segment of a reassembled PDU]"
"14611","30.194639082","192.168.1.2","192.168.1.55","TCP","66","50032  >  8004 [ACK] Seq=144 Ack=273846 Win=16384 Len=0 TSval=3045554049 TSecr=2916034271"
"14612","30.194647379","192.168.1.55","192.168.1.2","TCP","1514","8004  >  50032 [ACK] Seq=288342 Ack=144 Win=65024 Len=1448 TSval=2916034275 TSecr=3045554049 [TCP segment of a reassembled PDU]"
"14613","30.194651601","192.168.1.2","192.168.1.55","TCP","66","[TCP Window Update] 50032  >  8004 [ACK] Seq=144 Ack=273846 Win=49152 Len=0 TSval=3045554049 TSecr=2916034271"
"14614","30.194677434","192.168.1.55","192.168.1.2","TCP","1514","8004  >  50032 [ACK] Seq=289790 Ack=144 Win=65024 Len=1448 TSval=2916034275 TSecr=3045554049 [TCP segment of a reassembled PDU]"
"14615","30.194679064","192.168.1.55","192.168.1.2","TCP","1514","8004  >  50032 [ACK] Seq=291238 Ack=144 Win=65024 Len=1448 TSval=2916034275 TSecr=3045554049 [TCP segment of a reassembled PDU]"
"14616","30.194680471","192.168.1.55","192.168.1.2","TCP","1514","8004  >  50032 [ACK] Seq=292686 Ack=144 Win=65024 Len=1448 TSval=2916034275 TSecr=3045554049 [TCP segment of a reassembled PDU]"
"14617","30.194682434","192.168.1.55","192.168.1.2","TCP","1514","8004  >  50032 [ACK] Seq=294134 Ack=144 Win=65024 Len=1448 TSval=2916034275 TSecr=3045554049 [TCP segment of a reassembled PDU]"
"14618","30.194683805","192.168.1.55","192.168.1.2","TCP","1514","8004  >  50032 [ACK] Seq=295582 Ack=144 Win=65024 Len=1448 TSval=2916034275 TSecr=3045554049 [TCP segment of a reassembled PDU]"
"14619","30.194685305","192.168.1.55","192.168.1.2","TCP","1514","8004  >  50032 [ACK] Seq=297030 Ack=144 Win=65024 Len=1448 TSval=2916034275 TSecr=3045554049 [TCP segment of a reassembled PDU]"
"14620","30.194686786","192.168.1.55","192.168.1.2","TCP","1514","8004  >  50032 [ACK] Seq=298478 Ack=144 Win=65024 Len=1448 TSval=2916034275 TSecr=3045554049 [TCP segment of a reassembled PDU]"
"14621","30.194688175","192.168.1.55","192.168.1.2","TCP","1514","8004  >  50032 [ACK] Seq=299926 Ack=144 Win=65024 Len=1448 TSval=2916034275 TSecr=3045554049 [TCP segment of a reassembled PDU]"
"14622","30.194689508","192.168.1.55","192.168.1.2","TCP","1514","8004  >  50032 [ACK] Seq=301374 Ack=144 Win=65024 Len=1448 TSval=2916034275 TSecr=3045554049 [TCP segment of a reassembled PDU]"
"14623","30.194690879","192.168.1.55","192.168.1.2","TCP","1514","8004  >  50032 [ACK] Seq=302822 Ack=144 Win=65024 Len=1448 TSval=2916034275 TSecr=3045554049 [TCP segment of a reassembled PDU]"
"14624","30.194692675","192.168.1.55","192.168.1.2","TCP","1514","8004  >  50032 [ACK] Seq=304270 Ack=144 Win=65024 Len=1448 TSval=2916034275 TSecr=3045554049 [TCP segment of a reassembled PDU]"
"14625","30.194694064","192.168.1.55","192.168.1.2","TCP","1514","8004  >  50032 [ACK] Seq=305718 Ack=144 Win=65024 Len=1448 TSval=2916034275 TSecr=3045554049 [TCP segment of a reassembled PDU]"
"14626","30.194695545","192.168.1.55","192.168.1.2","TCP","1514","8004  >  50032 [ACK] Seq=307166 Ack=144 Win=65024 Len=1448 TSval=2916034275 TSecr=3045554049 [TCP segment of a reassembled PDU]"
"14627","30.194697138","192.168.1.55","192.168.1.2","TCP","1514","8004  >  50032 [ACK] Seq=308614 Ack=144 Win=65024 Len=1448 TSval=2916034275 TSecr=3045554049 [TCP segment of a reassembled PDU]"
"14628","30.194698657","192.168.1.55","192.168.1.2","TCP","1514","8004  >  50032 [ACK] Seq=310062 Ack=144 Win=65024 Len=1448 TSval=2916034275 TSecr=3045554049 [TCP segment of a reassembled PDU]"
"14629","30.194700249","192.168.1.55","192.168.1.2","TCP","1514","8004  >  50032 [ACK] Seq=311510 Ack=144 Win=65024 Len=1448 TSval=2916034275 TSecr=3045554049 [TCP segment of a reassembled PDU]"
"14630","30.194701583","192.168.1.55","192.168.1.2","TCP","1514","8004  >  50032 [ACK] Seq=312958 Ack=144 Win=65024 Len=1448 TSval=2916034275 TSecr=3045554049 [TCP segment of a reassembled PDU]"
"14631","30.194703008","192.168.1.55","192.168.1.2","TCP","1514","8004  >  50032 [ACK] Seq=314406 Ack=144 Win=65024 Len=1448 TSval=2916034275 TSecr=3045554049 [TCP segment of a reassembled PDU]"
"14632","30.194704490","192.168.1.55","192.168.1.2","TCP","1514","8004  >  50032 [ACK] Seq=315854 Ack=144 Win=65024 Len=1448 TSval=2916034275 TSecr=3045554049 [TCP segment of a reassembled PDU]"
"14633","30.194706027","192.168.1.55","192.168.1.2","TCP","1514","8004  >  50032 [ACK] Seq=317302 Ack=144 Win=65024 Len=1448 TSval=2916034275 TSecr=3045554049 [TCP segment of a reassembled PDU]"
"14634","30.194707805","192.168.1.55","192.168.1.2","TCP","1514","8004  >  50032 [ACK] Seq=318750 Ack=144 Win=65024 Len=1448 TSval=2916034275 TSecr=3045554049 [TCP segment of a reassembled PDU]"
"14635","30.194709249","192.168.1.55","192.168.1.2","TCP","1514","8004  >  50032 [PSH, ACK] Seq=320198 Ack=144 Win=65024 Len=1448 TSval=2916034275 TSecr=3045554049 [TCP segment of a reassembled PDU]"
"14636","30.198720996","192.168.1.2","192.168.1.55","TCP","66","50032  >  8004 [ACK] Seq=144 Ack=281102 Win=83968 Len=0 TSval=3045554054 TSecr=2916034275"
"14637","30.198731033","192.168.1.55","192.168.1.2","TCP","1514","8004  >  50032 [ACK] Seq=321646 Ack=144 Win=65024 Len=1448 TSval=2916034279 TSecr=3045554054 [TCP segment of a reassembled PDU]"
"14638","30.198733515","192.168.1.55","192.168.1.2","TCP","1514","8004  >  50032 [PSH, ACK] Seq=323094 Ack=144 Win=65024 Len=1448 TSval=2916034279 TSecr=3045554054 [TCP segment of a reassembled PDU]"
"14639","30.198762256","192.168.1.55","192.168.1.2","TCP","1514","8004  >  50032 [ACK] Seq=324542 Ack=144 Win=65024 Len=1448 TSval=2916034279 TSecr=3045554054 [TCP segment of a reassembled PDU]"
"14640","30.198763811","192.168.1.55","192.168.1.2","TCP","1514","8004  >  50032 [ACK] Seq=325990 Ack=144 Win=65024 Len=1448 TSval=2916034279 TSecr=3045554054 [TCP segment of a reassembled PDU]"
"14641","30.198765181","192.168.1.55","192.168.1.2","TCP","1514","8004  >  50032 [ACK] Seq=327438 Ack=144 Win=65024 Len=1448 TSval=2916034279 TSecr=3045554054 [TCP segment of a reassembled PDU]"
"14642","30.198766478","192.168.1.55","192.168.1.2","TCP","1514","8004  >  50032 [ACK] Seq=328886 Ack=144 Win=65024 Len=1448 TSval=2916034279 TSecr=3045554054 [TCP segment of a reassembled PDU]"
"14643","30.198767830","192.168.1.55","192.168.1.2","TCP","1514","8004  >  50032 [ACK] Seq=330334 Ack=144 Win=65024 Len=1448 TSval=2916034279 TSecr=3045554054 [TCP segment of a reassembled PDU]"
"14644","30.198769144","192.168.1.55","192.168.1.2","TCP","1514","8004  >  50032 [ACK] Seq=331782 Ack=144 Win=65024 Len=1448 TSval=2916034279 TSecr=3045554054 [TCP segment of a reassembled PDU]"
"14645","30.198771033","192.168.1.55","192.168.1.2","TCP","1514","8004  >  50032 [ACK] Seq=333230 Ack=144 Win=65024 Len=1448 TSval=2916034279 TSecr=3045554054 [TCP segment of a reassembled PDU]"
"14646","30.198772422","192.168.1.55","192.168.1.2","TCP","1514","8004  >  50032 [ACK] Seq=334678 Ack=144 Win=65024 Len=1448 TSval=2916034279 TSecr=3045554054 [TCP segment of a reassembled PDU]"
"14647","30.198773830","192.168.1.55","192.168.1.2","TCP","1514","8004  >  50032 [ACK] Seq=336126 Ack=144 Win=65024 Len=1448 TSval=2916034279 TSecr=3045554054 [TCP segment of a reassembled PDU]"
"14648","30.198775459","192.168.1.55","192.168.1.2","TCP","1514","8004  >  50032 [ACK] Seq=337574 Ack=144 Win=65024 Len=1448 TSval=2916034279 TSecr=3045554054 [TCP segment of a reassembled PDU]"
"14649","30.198776904","192.168.1.55","192.168.1.2","TCP","1514","8004  >  50032 [ACK] Seq=339022 Ack=144 Win=65024 Len=1448 TSval=2916034279 TSecr=3045554054 [TCP segment of a reassembled PDU]"
"14650","30.198778367","192.168.1.55","192.168.1.2","TCP","1514","8004  >  50032 [ACK] Seq=340470 Ack=144 Win=65024 Len=1448 TSval=2916034279 TSecr=3045554054 [TCP segment of a reassembled PDU]"
"14651","30.198780015","192.168.1.55","192.168.1.2","TCP","1514","8004  >  50032 [ACK] Seq=341918 Ack=144 Win=65024 Len=1448 TSval=2916034279 TSecr=3045554054 [TCP segment of a reassembled PDU]"
"14652","30.198781385","192.168.1.55","192.168.1.2","TCP","1514","8004  >  50032 [ACK] Seq=343366 Ack=144 Win=65024 Len=1448 TSval=2916034279 TSecr=3045554054 [TCP segment of a reassembled PDU]"
"14653","30.198782959","192.168.1.55","192.168.1.2","TCP","1514","8004  >  50032 [ACK] Seq=344814 Ack=144 Win=65024 Len=1448 TSval=2916034279 TSecr=3045554054 [TCP segment of a reassembled PDU]"
"14654","30.198784219","192.168.1.55","192.168.1.2","TCP","1514","8004  >  50032 [ACK] Seq=346262 Ack=144 Win=65024 Len=1448 TSval=2916034279 TSecr=3045554054 [TCP segment of a reassembled PDU]"
"14655","30.198786144","192.168.1.55","192.168.1.2","TCP","1514","8004  >  50032 [ACK] Seq=347710 Ack=144 Win=65024 Len=1448 TSval=2916034279 TSecr=3045554054 [TCP segment of a reassembled PDU]"
"14656","30.198787441","192.168.1.55","192.168.1.2","TCP","1514","8004  >  50032 [ACK] Seq=349158 Ack=144 Win=65024 Len=1448 TSval=2916034279 TSecr=3045554054 [TCP segment of a reassembled PDU]"
"14657","30.198788904","192.168.1.55","192.168.1.2","TCP","1514","8004  >  50032 [ACK] Seq=350606 Ack=144 Win=65024 Len=1448 TSval=2916034279 TSecr=3045554054 [TCP segment of a reassembled PDU]"
"14658","30.198790367","192.168.1.55","192.168.1.2","TCP","1514","8004  >  50032 [ACK] Seq=352054 Ack=144 Win=65024 Len=1448 TSval=2916034279 TSecr=3045554054 [TCP segment of a reassembled PDU]"
"14659","30.198791719","192.168.1.55","192.168.1.2","TCP","1514","8004  >  50032 [ACK] Seq=353502 Ack=144 Win=65024 Len=1448 TSval=2916034279 TSecr=3045554054 [TCP segment of a reassembled PDU]"
"14660","30.198793052","192.168.1.55","192.168.1.2","TCP","1514","8004  >  50032 [ACK] Seq=354950 Ack=144 Win=65024 Len=1448 TSval=2916034279 TSecr=3045554054 [TCP segment of a reassembled PDU]"
"14661","30.198794385","192.168.1.55","192.168.1.2","TCP","1514","8004  >  50032 [ACK] Seq=356398 Ack=144 Win=65024 Len=1448 TSval=2916034279 TSecr=3045554054 [TCP segment of a reassembled PDU]"
"14662","30.198795682","192.168.1.55","192.168.1.2","TCP","1514","8004  >  50032 [ACK] Seq=357846 Ack=144 Win=65024 Len=1448 TSval=2916034279 TSecr=3045554054 [TCP segment of a reassembled PDU]"
"14663","30.198797089","192.168.1.55","192.168.1.2","TCP","1514","8004  >  50032 [ACK] Seq=359294 Ack=144 Win=65024 Len=1448 TSval=2916034279 TSecr=3045554054 [TCP segment of a reassembled PDU]"
"14664","30.198798385","192.168.1.55","192.168.1.2","TCP","1514","8004  >  50032 [ACK] Seq=360742 Ack=144 Win=65024 Len=1448 TSval=2916034279 TSecr=3045554054 [TCP segment of a reassembled PDU]"
"14665","30.198799644","192.168.1.55","192.168.1.2","TCP","1514","8004  >  50032 [ACK] Seq=362190 Ack=144 Win=65024 Len=1448 TSval=2916034279 TSecr=3045554054 [TCP segment of a reassembled PDU]"
"14666","30.198800922","192.168.1.55","192.168.1.2","TCP","1498","[TCP Window Full] 8004  >  50032 [PSH, ACK] Seq=363638 Ack=144 Win=65024 Len=1432 TSval=2916034279 TSecr=3045554054 [TCP segment of a reassembled PDU]"
"14667","30.199949183","192.168.1.2","192.168.1.55","TCP","66","50032  >  8004 [ACK] Seq=144 Ack=288342 Win=106496 Len=0 TSval=3045554054 TSecr=2916034275"
"14668","30.199959331","192.168.1.55","192.168.1.2","TCP","1514","8004  >  50032 [ACK] Seq=365070 Ack=144 Win=65024 Len=1448 TSval=2916034280 TSecr=3045554054 [TCP segment of a reassembled PDU]"
"14669","30.199961350","192.168.1.55","192.168.1.2","TCP","1514","8004  >  50032 [PSH, ACK] Seq=366518 Ack=144 Win=65024 Len=1448 TSval=2916034280 TSecr=3045554054 [TCP segment of a reassembled PDU]"
"14670","30.199965054","192.168.1.55","192.168.1.2","TCP","82","8004  >  50032 [ACK] Seq=367966 Ack=144 Win=65024 Len=16 TSval=2916034280 TSecr=3045554054 [TCP segment of a reassembled PDU]"
"14671","30.199993591","192.168.1.2","192.168.1.55","TCP","66","50032  >  8004 [ACK] Seq=144 Ack=321646 Win=139264 Len=0 TSval=3045554055 TSecr=2916034275"
"14672","30.200025943","192.168.1.55","192.168.1.2","TCP","1514","8004  >  50032 [ACK] Seq=367982 Ack=144 Win=65024 Len=1448 TSval=2916034280 TSecr=3045554055 [TCP segment of a reassembled PDU]"
"14673","30.200027869","192.168.1.55","192.168.1.2","TCP","1514","8004  >  50032 [ACK] Seq=369430 Ack=144 Win=65024 Len=1448 TSval=2916034280 TSecr=3045554055 [TCP segment of a reassembled PDU]"
"14674","30.200029369","192.168.1.55","192.168.1.2","TCP","1514","8004  >  50032 [ACK] Seq=370878 Ack=144 Win=65024 Len=1448 TSval=2916034280 TSecr=3045554055 [TCP segment of a reassembled PDU]"
"14675","30.200030665","192.168.1.55","192.168.1.2","TCP","1514","8004  >  50032 [ACK] Seq=372326 Ack=144 Win=65024 Len=1448 TSval=2916034280 TSecr=3045554055 [TCP segment of a reassembled PDU]"
"14676","30.200032109","192.168.1.55","192.168.1.2","TCP","1514","8004  >  50032 [ACK] Seq=373774 Ack=144 Win=65024 Len=1448 TSval=2916034280 TSecr=3045554055 [TCP segment of a reassembled PDU]"
"14677","30.200033369","192.168.1.55","192.168.1.2","TCP","1514","8004  >  50032 [ACK] Seq=375222 Ack=144 Win=65024 Len=1448 TSval=2916034280 TSecr=3045554055 [TCP segment of a reassembled PDU]"
"14678","30.200034646","192.168.1.55","192.168.1.2","TCP","1514","8004  >  50032 [ACK] Seq=376670 Ack=144 Win=65024 Len=1448 TSval=2916034280 TSecr=3045554055 [TCP segment of a reassembled PDU]"
"14679","30.200035924","192.168.1.55","192.168.1.2","TCP","1514","8004  >  50032 [ACK] Seq=378118 Ack=144 Win=65024 Len=1448 TSval=2916034280 TSecr=3045554055 [TCP segment of a reassembled PDU]"
"14680","30.200037221","192.168.1.55","192.168.1.2","TCP","1514","8004  >  50032 [ACK] Seq=379566 Ack=144 Win=65024 Len=1448 TSval=2916034280 TSecr=3045554055 [TCP segment of a reassembled PDU]"
"14681","30.200038591","192.168.1.55","192.168.1.2","TCP","1514","8004  >  50032 [ACK] Seq=381014 Ack=144 Win=65024 Len=1448 TSval=2916034280 TSecr=3045554055 [TCP segment of a reassembled PDU]"
"14682","30.200040146","192.168.1.55","192.168.1.2","TCP","1514","8004  >  50032 [ACK] Seq=382462 Ack=144 Win=65024 Len=1448 TSval=2916034280 TSecr=3045554055 [TCP segment of a reassembled PDU]"
"14683","30.200041665","192.168.1.55","192.168.1.2","TCP","1514","8004  >  50032 [ACK] Seq=383910 Ack=144 Win=65024 Len=1448 TSval=2916034280 TSecr=3045554055 [TCP segment of a reassembled PDU]"
"14684","30.200043221","192.168.1.55","192.168.1.2","TCP","1514","8004  >  50032 [ACK] Seq=385358 Ack=144 Win=65024 Len=1448 TSval=2916034280 TSecr=3045554055 [TCP segment of a reassembled PDU]"
"14685","30.200044535","192.168.1.55","192.168.1.2","TCP","1514","8004  >  50032 [ACK] Seq=386806 Ack=144 Win=65024 Len=1448 TSval=2916034280 TSecr=3045554055 [TCP segment of a reassembled PDU]"
"14686","30.200045943","192.168.1.55","192.168.1.2","TCP","1514","8004  >  50032 [ACK] Seq=388254 Ack=144 Win=65024 Len=1448 TSval=2916034280 TSecr=3045554055 [TCP segment of a reassembled PDU]"
"14687","30.200047332","192.168.1.55","192.168.1.2","TCP","1514","8004  >  50032 [ACK] Seq=389702 Ack=144 Win=65024 Len=1448 TSval=2916034280 TSecr=3045554055 [TCP segment of a reassembled PDU]"
"14688","30.200048609","192.168.1.55","192.168.1.2","TCP","1514","8004  >  50032 [ACK] Seq=391150 Ack=144 Win=65024 Len=1448 TSval=2916034280 TSecr=3045554055 [TCP segment of a reassembled PDU]"
"14689","30.200050109","192.168.1.55","192.168.1.2","TCP","1514","8004  >  50032 [ACK] Seq=392598 Ack=144 Win=65024 Len=1448 TSval=2916034280 TSecr=3045554055 [TCP segment of a reassembled PDU]"
"14690","30.200051406","192.168.1.55","192.168.1.2","TCP","1514","8004  >  50032 [ACK] Seq=394046 Ack=144 Win=65024 Len=1448 TSval=2916034280 TSecr=3045554055 [TCP segment of a reassembled PDU]"
"14691","30.200052850","192.168.1.55","192.168.1.2","TCP","1514","8004  >  50032 [ACK] Seq=395494 Ack=144 Win=65024 Len=1448 TSval=2916034280 TSecr=3045554055 [TCP segment of a reassembled PDU]"
"14692","30.200054258","192.168.1.55","192.168.1.2","TCP","1514","8004  >  50032 [ACK] Seq=396942 Ack=144 Win=65024 Len=1448 TSval=2916034280 TSecr=3045554055 [TCP segment of a reassembled PDU]"
"14693","30.200055795","192.168.1.55","192.168.1.2","TCP","1514","8004  >  50032 [ACK] Seq=398390 Ack=144 Win=65024 Len=1448 TSval=2916034280 TSecr=3045554055 [TCP segment of a reassembled PDU]"
"14694","30.200057276","192.168.1.55","192.168.1.2","TCP","1514","8004  >  50032 [ACK] Seq=399838 Ack=144 Win=65024 Len=1448 TSval=2916034280 TSecr=3045554055 [TCP segment of a reassembled PDU]"
"14695","30.200058554","192.168.1.55","192.168.1.2","TCP","1514","8004  >  50032 [ACK] Seq=401286 Ack=144 Win=65024 Len=1448 TSval=2916034280 TSecr=3045554055 [TCP segment of a reassembled PDU]"
"14696","30.200060109","192.168.1.55","192.168.1.2","TCP","1514","8004  >  50032 [ACK] Seq=402734 Ack=144 Win=65024 Len=1448 TSval=2916034280 TSecr=3045554055 [TCP segment of a reassembled PDU]"
"14697","30.200061406","192.168.1.55","192.168.1.2","TCP","1514","8004  >  50032 [ACK] Seq=404182 Ack=144 Win=65024 Len=1448 TSval=2916034280 TSecr=3045554055 [TCP segment of a reassembled PDU]"
"14698","30.200062887","192.168.1.55","192.168.1.2","TCP","1514","8004  >  50032 [ACK] Seq=405630 Ack=144 Win=65024 Len=1448 TSval=2916034280 TSecr=3045554055 [TCP segment of a reassembled PDU]"
"14699","30.200064295","192.168.1.55","192.168.1.2","TCP","1514","8004  >  50032 [ACK] Seq=407078 Ack=144 Win=65024 Len=1448 TSval=2916034280 TSecr=3045554055 [TCP segment of a reassembled PDU]"
"14700","30.200065795","192.168.1.55","192.168.1.2","TCP","1514","8004  >  50032 [ACK] Seq=408526 Ack=144 Win=65024 Len=1448 TSval=2916034280 TSecr=3045554055 [TCP segment of a reassembled PDU]"
"14701","30.200067295","192.168.1.55","192.168.1.2","TCP","1514","8004  >  50032 [PSH, ACK] Seq=409974 Ack=144 Win=65024 Len=1448 TSval=2916034280 TSecr=3045554055 [TCP segment of a reassembled PDU]"
"14702","30.200107535","192.168.1.55","192.168.1.2","TCP","1514","8004  >  50032 [ACK] Seq=411422 Ack=144 Win=65024 Len=1448 TSval=2916034280 TSecr=3045554055 [TCP segment of a reassembled PDU]"
"14703","30.200109239","192.168.1.55","192.168.1.2","TCP","1514","8004  >  50032 [ACK] Seq=412870 Ack=144 Win=65024 Len=1448 TSval=2916034280 TSecr=3045554055 [TCP segment of a reassembled PDU]"
"14704","30.200110684","192.168.1.55","192.168.1.2","TCP","1514","8004  >  50032 [ACK] Seq=414318 Ack=144 Win=65024 Len=1448 TSval=2916034280 TSecr=3045554055 [TCP segment of a reassembled PDU]"
"14705","30.200112035","192.168.1.55","192.168.1.2","TCP","1514","8004  >  50032 [ACK] Seq=415766 Ack=144 Win=65024 Len=1448 TSval=2916034280 TSecr=3045554055 [TCP segment of a reassembled PDU]"
"14706","30.200113332","192.168.1.55","192.168.1.2","TCP","1514","8004  >  50032 [ACK] Seq=417214 Ack=144 Win=65024 Len=1448 TSval=2916034280 TSecr=3045554055 [TCP segment of a reassembled PDU]"
"14707","30.200114647","192.168.1.55","192.168.1.2","TCP","1514","8004  >  50032 [ACK] Seq=418662 Ack=144 Win=65024 Len=1448 TSval=2916034280 TSecr=3045554055 [TCP segment of a reassembled PDU]"
"14708","30.200115924","192.168.1.55","192.168.1.2","TCP","1514","8004  >  50032 [ACK] Seq=420110 Ack=144 Win=65024 Len=1448 TSval=2916034280 TSecr=3045554055 [TCP segment of a reassembled PDU]"
"14709","30.200117424","192.168.1.55","192.168.1.2","TCP","1514","8004  >  50032 [ACK] Seq=421558 Ack=144 Win=65024 Len=1448 TSval=2916034280 TSecr=3045554055 [TCP segment of a reassembled PDU]"
"14710","30.200119295","192.168.1.55","192.168.1.2","TCP","1514","8004  >  50032 [ACK] Seq=423006 Ack=144 Win=65024 Len=1448 TSval=2916034280 TSecr=3045554055 [TCP segment of a reassembled PDU]"
"14711","30.200120795","192.168.1.55","192.168.1.2","TCP","1514","8004  >  50032 [ACK] Seq=424454 Ack=144 Win=65024 Len=1448 TSval=2916034280 TSecr=3045554055 [TCP segment of a reassembled PDU]"
"14712","30.200122702","192.168.1.55","192.168.1.2","TCP","1514","8004  >  50032 [ACK] Seq=425902 Ack=144 Win=65024 Len=1448 TSval=2916034280 TSecr=3045554055 [TCP segment of a reassembled PDU]"
"14713","30.200124147","192.168.1.55","192.168.1.2","TCP","1514","8004  >  50032 [ACK] Seq=427350 Ack=144 Win=65024 Len=1448 TSval=2916034280 TSecr=3045554055 [TCP segment of a reassembled PDU]"
"14714","30.200125424","192.168.1.55","192.168.1.2","TCP","1514","8004  >  50032 [ACK] Seq=428798 Ack=144 Win=65024 Len=1448 TSval=2916034280 TSecr=3045554055 [TCP segment of a reassembled PDU]"
"14715","30.200126776","192.168.1.55","192.168.1.2","TCP","1514","8004  >  50032 [ACK] Seq=430246 Ack=144 Win=65024 Len=1448 TSval=2916034280 TSecr=3045554055 [TCP segment of a reassembled PDU]"
"14716","30.200128091","192.168.1.55","192.168.1.2","TCP","1514","8004  >  50032 [ACK] Seq=431694 Ack=144 Win=65024 Len=1448 TSval=2916034280 TSecr=3045554055 [TCP segment of a reassembled PDU]"
"14717","30.200134943","192.168.1.55","192.168.1.2","TCP","1514","8004  >  50032 [ACK] Seq=433142 Ack=144 Win=65024 Len=1448 TSval=2916034280 TSecr=3045554055 [TCP segment of a reassembled PDU]"
"14718","30.200136573","192.168.1.55","192.168.1.2","TCP","1514","8004  >  50032 [ACK] Seq=434590 Ack=144 Win=65024 Len=1448 TSval=2916034280 TSecr=3045554055 [TCP segment of a reassembled PDU]"
"14719","30.200138035","192.168.1.55","192.168.1.2","TCP","1514","8004  >  50032 [ACK] Seq=436038 Ack=144 Win=65024 Len=1448 TSval=2916034280 TSecr=3045554055 [TCP segment of a reassembled PDU]"
"14720","30.200139369","192.168.1.55","192.168.1.2","TCP","1514","8004  >  50032 [ACK] Seq=437486 Ack=144 Win=65024 Len=1448 TSval=2916034280 TSecr=3045554055 [TCP segment of a reassembled PDU]"
"14721","30.200140665","192.168.1.55","192.168.1.2","TCP","1514","8004  >  50032 [ACK] Seq=438934 Ack=144 Win=65024 Len=1448 TSval=2916034280 TSecr=3045554055 [TCP segment of a reassembled PDU]"
"14722","30.200141998","192.168.1.55","192.168.1.2","TCP","1514","8004  >  50032 [ACK] Seq=440382 Ack=144 Win=65024 Len=1448 TSval=2916034280 TSecr=3045554055 [TCP segment of a reassembled PDU]"
"14723","30.200143295","192.168.1.55","192.168.1.2","TCP","1514","8004  >  50032 [ACK] Seq=441830 Ack=144 Win=65024 Len=1448 TSval=2916034280 TSecr=3045554055 [TCP segment of a reassembled PDU]"
"14724","30.200144739","192.168.1.55","192.168.1.2","TCP","1514","8004  >  50032 [ACK] Seq=443278 Ack=144 Win=65024 Len=1448 TSval=2916034280 TSecr=3045554055 [TCP segment of a reassembled PDU]"
"14725","30.200146073","192.168.1.55","192.168.1.2","TCP","1514","8004  >  50032 [ACK] Seq=444726 Ack=144 Win=65024 Len=1448 TSval=2916034280 TSecr=3045554055 [TCP segment of a reassembled PDU]"
"14726","30.200147387","192.168.1.55","192.168.1.2","TCP","1514","8004  >  50032 [ACK] Seq=446174 Ack=144 Win=65024 Len=1448 TSval=2916034280 TSecr=3045554055 [TCP segment of a reassembled PDU]"
"14727","30.200148943","192.168.1.55","192.168.1.2","TCP","1514","8004  >  50032 [ACK] Seq=447622 Ack=144 Win=65024 Len=1448 TSval=2916034280 TSecr=3045554055 [TCP segment of a reassembled PDU]"
"14728","30.200150276","192.168.1.55","192.168.1.2","TCP","1514","8004  >  50032 [ACK] Seq=449070 Ack=144 Win=65024 Len=1448 TSval=2916034280 TSecr=3045554055 [TCP segment of a reassembled PDU]"
"14729","30.200151684","192.168.1.55","192.168.1.2","TCP","1514","8004  >  50032 [ACK] Seq=450518 Ack=144 Win=65024 Len=1448 TSval=2916034280 TSecr=3045554055 [TCP segment of a reassembled PDU]"
"14730","30.200152980","192.168.1.55","192.168.1.2","TCP","1514","8004  >  50032 [ACK] Seq=451966 Ack=144 Win=65024 Len=1448 TSval=2916034280 TSecr=3045554055 [TCP segment of a reassembled PDU]"
"14731","30.200154239","192.168.1.55","192.168.1.2","TCP","1514","8004  >  50032 [PSH, ACK] Seq=453414 Ack=144 Win=65024 Len=1448 TSval=2916034280 TSecr=3045554055 [TCP segment of a reassembled PDU]"
"14732","30.202094131","192.168.1.55","192.168.1.2","TCP","1514","8004  >  50032 [ACK] Seq=454862 Ack=144 Win=65024 Len=1448 TSval=2916034282 TSecr=3045554055 [TCP segment of a reassembled PDU]"
"14733","30.202097613","192.168.1.55","192.168.1.2","TCP","1514","8004  >  50032 [ACK] Seq=456310 Ack=144 Win=65024 Len=1448 TSval=2916034282 TSecr=3045554055 [TCP segment of a reassembled PDU]"
"14734","30.202098983","192.168.1.55","192.168.1.2","TCP","1514","8004  >  50032 [ACK] Seq=457758 Ack=144 Win=65024 Len=1448 TSval=2916034282 TSecr=3045554055 [TCP segment of a reassembled PDU]"
"14735","30.202100279","192.168.1.55","192.168.1.2","TCP","1514","8004  >  50032 [PSH, ACK] Seq=459206 Ack=144 Win=65024 Len=1448 TSval=2916034282 TSecr=3045554055 [TCP segment of a reassembled PDU]"
"14736","30.209383735","192.168.1.2","192.168.1.55","TCP","66","50032  >  8004 [ACK] Seq=144 Ack=324542 Win=145408 Len=0 TSval=3045554060 TSecr=2916034279"
"14737","30.209414087","192.168.1.55","192.168.1.2","TCP","1514","8004  >  50032 [ACK] Seq=460654 Ack=144 Win=65024 Len=1448 TSval=2916034290 TSecr=3045554060 [TCP segment of a reassembled PDU]"
"14738","30.209417735","192.168.1.55","192.168.1.2","TCP","1514","8004  >  50032 [ACK] Seq=462102 Ack=144 Win=65024 Len=1448 TSval=2916034290 TSecr=3045554060 [TCP segment of a reassembled PDU]"
"14739","30.209419013","192.168.1.55","192.168.1.2","TCP","1514","8004  >  50032 [ACK] Seq=463550 Ack=144 Win=65024 Len=1448 TSval=2916034290 TSecr=3045554060 [TCP segment of a reassembled PDU]"
"14740","30.209420383","192.168.1.55","192.168.1.2","TCP","1514","8004  >  50032 [ACK] Seq=464998 Ack=144 Win=65024 Len=1448 TSval=2916034290 TSecr=3045554060 [TCP segment of a reassembled PDU]"
"14741","30.209421661","192.168.1.55","192.168.1.2","TCP","1514","8004  >  50032 [ACK] Seq=466446 Ack=144 Win=65024 Len=1448 TSval=2916034290 TSecr=3045554060 [TCP segment of a reassembled PDU]"
"14742","30.209422957","192.168.1.55","192.168.1.2","TCP","1514","8004  >  50032 [PSH, ACK] Seq=467894 Ack=144 Win=65024 Len=1448 TSval=2916034290 TSecr=3045554060 [TCP segment of a reassembled PDU]"
"14743","30.209515180","192.168.1.2","192.168.1.55","TCP","66","50032  >  8004 [ACK] Seq=144 Ack=365070 Win=139264 Len=0 TSval=3045554060 TSecr=2916034279"
"14744","30.209552698","192.168.1.55","192.168.1.2","TCP","1514","8004  >  50032 [ACK] Seq=469342 Ack=144 Win=65024 Len=1448 TSval=2916034290 TSecr=3045554060 [TCP segment of a reassembled PDU]"
"14745","30.209555143","192.168.1.55","192.168.1.2","TCP","1514","8004  >  50032 [ACK] Seq=470790 Ack=144 Win=65024 Len=1448 TSval=2916034290 TSecr=3045554060 [TCP segment of a reassembled PDU]"
"14746","30.209556624","192.168.1.55","192.168.1.2","TCP","1514","8004  >  50032 [ACK] Seq=472238 Ack=144 Win=65024 Len=1448 TSval=2916034290 TSecr=3045554060 [TCP segment of a reassembled PDU]"
"14747","30.209558013","192.168.1.55","192.168.1.2","TCP","1514","8004  >  50032 [ACK] Seq=473686 Ack=144 Win=65024 Len=1448 TSval=2916034290 TSecr=3045554060 [TCP segment of a reassembled PDU]"
"14748","30.209559291","192.168.1.55","192.168.1.2","TCP","1514","8004  >  50032 [ACK] Seq=475134 Ack=144 Win=65024 Len=1448 TSval=2916034290 TSecr=3045554060 [TCP segment of a reassembled PDU]"
"14749","30.209560661","192.168.1.55","192.168.1.2","TCP","1514","8004  >  50032 [ACK] Seq=476582 Ack=144 Win=65024 Len=1448 TSval=2916034290 TSecr=3045554060 [TCP segment of a reassembled PDU]"
"14750","30.209562087","192.168.1.55","192.168.1.2","TCP","1514","8004  >  50032 [ACK] Seq=478030 Ack=144 Win=65024 Len=1448 TSval=2916034290 TSecr=3045554060 [TCP segment of a reassembled PDU]"
"14751","30.209563365","192.168.1.55","192.168.1.2","TCP","1514","8004  >  50032 [ACK] Seq=479478 Ack=144 Win=65024 Len=1448 TSval=2916034290 TSecr=3045554060 [TCP segment of a reassembled PDU]"
"14752","30.209564680","192.168.1.55","192.168.1.2","TCP","1514","8004  >  50032 [ACK] Seq=480926 Ack=144 Win=65024 Len=1448 TSval=2916034290 TSecr=3045554060 [TCP segment of a reassembled PDU]"
"14753","30.209565995","192.168.1.55","192.168.1.2","TCP","1514","8004  >  50032 [ACK] Seq=482374 Ack=144 Win=65024 Len=1448 TSval=2916034290 TSecr=3045554060 [TCP segment of a reassembled PDU]"
"14754","30.209567384","192.168.1.55","192.168.1.2","TCP","1514","8004  >  50032 [ACK] Seq=483822 Ack=144 Win=65024 Len=1448 TSval=2916034290 TSecr=3045554060 [TCP segment of a reassembled PDU]"
"14755","30.209568661","192.168.1.55","192.168.1.2","TCP","1514","8004  >  50032 [ACK] Seq=485270 Ack=144 Win=65024 Len=1448 TSval=2916034290 TSecr=3045554060 [TCP segment of a reassembled PDU]"
"14756","30.209569939","192.168.1.55","192.168.1.2","TCP","1514","8004  >  50032 [ACK] Seq=486718 Ack=144 Win=65024 Len=1448 TSval=2916034290 TSecr=3045554060 [TCP segment of a reassembled PDU]"
"14757","30.209571328","192.168.1.55","192.168.1.2","TCP","1514","8004  >  50032 [ACK] Seq=488166 Ack=144 Win=65024 Len=1448 TSval=2916034290 TSecr=3045554060 [TCP segment of a reassembled PDU]"
"14758","30.209572661","192.168.1.55","192.168.1.2","TCP","1514","8004  >  50032 [ACK] Seq=489614 Ack=144 Win=65024 Len=1448 TSval=2916034290 TSecr=3045554060 [TCP segment of a reassembled PDU]"
"14759","30.209574217","192.168.1.55","192.168.1.2","TCP","1514","8004  >  50032 [ACK] Seq=491062 Ack=144 Win=65024 Len=1448 TSval=2916034290 TSecr=3045554060 [TCP segment of a reassembled PDU]"
"14760","30.209575513","192.168.1.55","192.168.1.2","TCP","1514","8004  >  50032 [ACK] Seq=492510 Ack=144 Win=65024 Len=1448 TSval=2916034290 TSecr=3045554060 [TCP segment of a reassembled PDU]"
"14761","30.209576828","192.168.1.55","192.168.1.2","TCP","1514","8004  >  50032 [ACK] Seq=493958 Ack=144 Win=65024 Len=1448 TSval=2916034290 TSecr=3045554060 [TCP segment of a reassembled PDU]"
"14762","30.209578124","192.168.1.55","192.168.1.2","TCP","1514","8004  >  50032 [ACK] Seq=495406 Ack=144 Win=65024 Len=1448 TSval=2916034290 TSecr=3045554060 [TCP segment of a reassembled PDU]"
"14763","30.209579421","192.168.1.55","192.168.1.2","TCP","1514","8004  >  50032 [PSH, ACK] Seq=496854 Ack=144 Win=65024 Len=1448 TSval=2916034290 TSecr=3045554060 [TCP segment of a reassembled PDU]"
"14764","30.209586439","192.168.1.55","192.168.1.2","HTTP","222","HTTP/1.0 200 OK  (PNG)"
"14765","30.209591069","192.168.1.2","192.168.1.55","TCP","66","50032  >  8004 [ACK] Seq=144 Ack=367966 Win=137216 Len=0 TSval=3045554060 TSecr=2916034280"
"14766","30.209598828","192.168.1.2","192.168.1.55","TCP","66","50032  >  8004 [ACK] Seq=144 Ack=404182 Win=143360 Len=0 TSval=3045554060 TSecr=2916034280"
"14767","30.209660273","192.168.1.2","192.168.1.55","TCP","66","50032  >  8004 [ACK] Seq=144 Ack=411422 Win=159744 Len=0 TSval=3045554063 TSecr=2916034280"
"14768","30.209667587","192.168.1.2","192.168.1.55","TCP","66","50032  >  8004 [ACK] Seq=144 Ack=450518 Win=130048 Len=0 TSval=3045554064 TSecr=2916034280"
"14769","30.210722608","192.168.1.2","192.168.1.55","TCP","66","50032  >  8004 [ACK] Seq=144 Ack=454862 Win=167936 Len=0 TSval=3045554064 TSecr=2916034280"
"14770","30.210756404","192.168.1.2","192.168.1.55","TCP","66","50032  >  8004 [ACK] Seq=144 Ack=460654 Win=165888 Len=0 TSval=3045554064 TSecr=2916034282"
"14771","30.213723186","192.168.1.2","192.168.1.55","TCP","66","50032  >  8004 [ACK] Seq=144 Ack=469342 Win=167936 Len=0 TSval=3045554068 TSecr=2916034290"
"14772","30.213831946","192.168.1.2","192.168.1.55","TCP","66","50032  >  8004 [ACK] Seq=144 Ack=496854 Win=141312 Len=0 TSval=3045554069 TSecr=2916034290"
"14773","30.214616466","192.168.1.2","192.168.1.55","TCP","66","50032  >  8004 [ACK] Seq=144 Ack=498302 Win=171008 Len=0 TSval=3045554069 TSecr=2916034290"
"14774","30.216064153","192.168.1.2","192.168.1.55","TCP","66","50032  >  8004 [FIN, ACK] Seq=144 Ack=498459 Win=174080 Len=0 TSval=3045554070 TSecr=2916034290"
"14775","30.216075986","192.168.1.55","192.168.1.2","TCP","66","8004  >  50032 [ACK] Seq=498459 Ack=145 Win=65024 Len=0 TSval=2916034296 TSecr=3045554070"
"14776","30.219207565","192.168.1.2","192.168.1.55","TCP","74","50048  >  8004 [SYN] Seq=0 Win=64240 Len=0 MSS=1460 SACK_PERM TSval=3045554074 TSecr=0 WS=1024"
"14777","30.219240695","192.168.1.55","192.168.1.2","TCP","74","8004  >  50048 [SYN, ACK] Seq=0 Ack=1 Win=65160 Len=0 MSS=1460 SACK_PERM TSval=2916034299 TSecr=3045554074 WS=128"
"14778","30.222400144","192.168.1.2","192.168.1.55","TCP","66","50048  >  8004 [ACK] Seq=1 Ack=1 Win=64512 Len=0 TSval=3045554077 TSecr=2916034299"
"14779","30.222513459","192.168.1.2","192.168.1.55","HTTP","206","GET /stego_benchmark.png HTTP/1.1 "
"14780","30.222527200","192.168.1.55","192.168.1.2","TCP","66","8004  >  50048 [ACK] Seq=1 Ack=141 Win=65024 Len=0 TSval=2916034303 TSecr=3045554077"
"14781","30.223281572","192.168.1.55","192.168.1.2","TCP","255","8004  >  50048 [PSH, ACK] Seq=1 Ack=141 Win=65024 Len=189 TSval=2916034303 TSecr=3045554077 [TCP segment of a reassembled PDU]"
"14782","30.223394590","192.168.1.55","192.168.1.2","TCP","1514","8004  >  50048 [ACK] Seq=190 Ack=141 Win=65024 Len=1448 TSval=2916034304 TSecr=3045554077 [TCP segment of a reassembled PDU]"
"14783","30.223401183","192.168.1.55","192.168.1.2","TCP","1514","8004  >  50048 [ACK] Seq=1638 Ack=141 Win=65024 Len=1448 TSval=2916034304 TSecr=3045554077 [TCP segment of a reassembled PDU]"
"14784","30.223402331","192.168.1.55","192.168.1.2","TCP","1514","8004  >  50048 [ACK] Seq=3086 Ack=141 Win=65024 Len=1448 TSval=2916034304 TSecr=3045554077 [TCP segment of a reassembled PDU]"
"14785","30.223403572","192.168.1.55","192.168.1.2","TCP","1514","8004  >  50048 [ACK] Seq=4534 Ack=141 Win=65024 Len=1448 TSval=2916034304 TSecr=3045554077 [TCP segment of a reassembled PDU]"
"14786","30.223404794","192.168.1.55","192.168.1.2","TCP","1514","8004  >  50048 [PSH, ACK] Seq=5982 Ack=141 Win=65024 Len=1448 TSval=2916034304 TSecr=3045554077 [TCP segment of a reassembled PDU]"
"14787","30.223426628","192.168.1.55","192.168.1.2","TCP","1514","8004  >  50048 [ACK] Seq=7430 Ack=141 Win=65024 Len=1448 TSval=2916034304 TSecr=3045554077 [TCP segment of a reassembled PDU]"
"14788","30.223428350","192.168.1.55","192.168.1.2","TCP","1514","8004  >  50048 [ACK] Seq=8878 Ack=141 Win=65024 Len=1448 TSval=2916034304 TSecr=3045554077 [TCP segment of a reassembled PDU]"
"14789","30.223429368","192.168.1.55","192.168.1.2","TCP","1514","8004  >  50048 [ACK] Seq=10326 Ack=141 Win=65024 Len=1448 TSval=2916034304 TSecr=3045554077 [TCP segment of a reassembled PDU]"
"14790","30.223430368","192.168.1.55","192.168.1.2","TCP","1514","8004  >  50048 [PSH, ACK] Seq=11774 Ack=141 Win=65024 Len=1448 TSval=2916034304 TSecr=3045554077 [TCP segment of a reassembled PDU]"
"14791","30.226254076","192.168.1.2","192.168.1.55","TCP","66","50048  >  8004 [ACK] Seq=141 Ack=190 Win=64512 Len=0 TSval=3045554080 TSecr=2916034303"
"14792","30.226322132","192.168.1.55","192.168.1.2","TCP","1514","8004  >  50048 [ACK] Seq=13222 Ack=141 Win=65024 Len=1448 TSval=2916034306 TSecr=3045554080 [TCP segment of a reassembled PDU]"
"14793","30.226327465","192.168.1.55","192.168.1.2","TCP","1514","8004  >  50048 [PSH, ACK] Seq=14670 Ack=141 Win=65024 Len=1448 TSval=2916034306 TSecr=3045554080 [TCP segment of a reassembled PDU]"
"14794","30.226370836","192.168.1.2","192.168.1.55","TCP","66","50048  >  8004 [ACK] Seq=141 Ack=1638 Win=67584 Len=0 TSval=3045554080 TSecr=2916034304"
"14795","30.232432105","192.168.1.2","192.168.1.55","TCP","66","50048  >  8004 [ACK] Seq=141 Ack=7430 Win=79872 Len=0 TSval=3045554082 TSecr=2916034304"
"14796","30.232524179","192.168.1.55","192.168.1.2","TCP","1514","8004  >  50048 [ACK] Seq=16118 Ack=141 Win=65024 Len=1448 TSval=2916034313 TSecr=3045554082 [TCP segment of a reassembled PDU]"
"14797","30.232531197","192.168.1.55","192.168.1.2","TCP","1514","8004  >  50048 [ACK] Seq=17566 Ack=141 Win=65024 Len=1448 TSval=2916034313 TSecr=3045554082 [TCP segment of a reassembled PDU]"
"14798","30.232532660","192.168.1.55","192.168.1.2","TCP","1514","8004  >  50048 [ACK] Seq=19014 Ack=141 Win=65024 Len=1448 TSval=2916034313 TSecr=3045554082 [TCP segment of a reassembled PDU]"
"14799","30.232534883","192.168.1.55","192.168.1.2","TCP","1514","8004  >  50048 [ACK] Seq=20462 Ack=141 Win=65024 Len=1448 TSval=2916034313 TSecr=3045554082 [TCP segment of a reassembled PDU]"
"14800","30.232536031","192.168.1.55","192.168.1.2","TCP","1514","8004  >  50048 [ACK] Seq=21910 Ack=141 Win=65024 Len=1448 TSval=2916034313 TSecr=3045554082 [TCP segment of a reassembled PDU]"
"14801","30.232537309","192.168.1.55","192.168.1.2","TCP","1514","8004  >  50048 [ACK] Seq=23358 Ack=141 Win=65024 Len=1448 TSval=2916034313 TSecr=3045554082 [TCP segment of a reassembled PDU]"
"14802","30.232538438","192.168.1.55","192.168.1.2","TCP","1514","8004  >  50048 [ACK] Seq=24806 Ack=141 Win=65024 Len=1448 TSval=2916034313 TSecr=3045554082 [TCP segment of a reassembled PDU]"
"14803","30.232539697","192.168.1.55","192.168.1.2","TCP","1514","8004  >  50048 [PSH, ACK] Seq=26254 Ack=141 Win=65024 Len=1448 TSval=2916034313 TSecr=3045554082 [TCP segment of a reassembled PDU]"
"14804","30.232574197","192.168.1.2","192.168.1.55","TCP","66","50048  >  8004 [ACK] Seq=141 Ack=13222 Win=75776 Len=0 TSval=3045554082 TSecr=2916034304"
"14805","30.232608438","192.168.1.55","192.168.1.2","TCP","1514","8004  >  50048 [ACK] Seq=27702 Ack=141 Win=65024 Len=1448 TSval=2916034313 TSecr=3045554082 [TCP segment of a reassembled PDU]"
"14806","30.232610586","192.168.1.55","192.168.1.2","TCP","1514","8004  >  50048 [ACK] Seq=29150 Ack=141 Win=65024 Len=1448 TSval=2916034313 TSecr=3045554082 [TCP segment of a reassembled PDU]"
"14807","30.232611605","192.168.1.55","192.168.1.2","TCP","1514","8004  >  50048 [ACK] Seq=30598 Ack=141 Win=65024 Len=1448 TSval=2916034313 TSecr=3045554082 [TCP segment of a reassembled PDU]"
"14808","30.232613123","192.168.1.55","192.168.1.2","TCP","1514","8004  >  50048 [ACK] Seq=32046 Ack=141 Win=65024 Len=1448 TSval=2916034313 TSecr=3045554082 [TCP segment of a reassembled PDU]"
"14809","30.232614086","192.168.1.55","192.168.1.2","TCP","1514","8004  >  50048 [ACK] Seq=33494 Ack=141 Win=65024 Len=1448 TSval=2916034313 TSecr=3045554082 [TCP segment of a reassembled PDU]"
"14810","30.232615142","192.168.1.55","192.168.1.2","TCP","1514","8004  >  50048 [ACK] Seq=34942 Ack=141 Win=65024 Len=1448 TSval=2916034313 TSecr=3045554082 [TCP segment of a reassembled PDU]"
"14811","30.232616142","192.168.1.55","192.168.1.2","TCP","1514","8004  >  50048 [ACK] Seq=36390 Ack=141 Win=65024 Len=1448 TSval=2916034313 TSecr=3045554082 [TCP segment of a reassembled PDU]"
"14812","30.232617346","192.168.1.55","192.168.1.2","TCP","1514","8004  >  50048 [ACK] Seq=37838 Ack=141 Win=65024 Len=1448 TSval=2916034313 TSecr=3045554082 [TCP segment of a reassembled PDU]"
"14813","30.232618457","192.168.1.55","192.168.1.2","TCP","1514","8004  >  50048 [ACK] Seq=39286 Ack=141 Win=65024 Len=1448 TSval=2916034313 TSecr=3045554082 [TCP segment of a reassembled PDU]"
"14814","30.232619605","192.168.1.55","192.168.1.2","TCP","1514","8004  >  50048 [PSH, ACK] Seq=40734 Ack=141 Win=65024 Len=1448 TSval=2916034313 TSecr=3045554082 [TCP segment of a reassembled PDU]"
"14815","30.232652290","192.168.1.2","192.168.1.55","TCP","66","50048  >  8004 [ACK] Seq=141 Ack=16118 Win=84992 Len=0 TSval=3045554087 TSecr=2916034306"
"14816","30.233429736","192.168.1.55","192.168.1.2","TCP","1514","8004  >  50048 [ACK] Seq=42182 Ack=141 Win=65024 Len=1448 TSval=2916034314 TSecr=3045554087 [TCP segment of a reassembled PDU]"
"14817","30.233439884","192.168.1.55","192.168.1.2","TCP","1514","8004  >  50048 [PSH, ACK] Seq=43630 Ack=141 Win=65024 Len=1448 TSval=2916034314 TSecr=3045554087 [TCP segment of a reassembled PDU]"
"14818","30.233454032","192.168.1.55","192.168.1.2","TCP","1514","8004  >  50048 [ACK] Seq=45078 Ack=141 Win=65024 Len=1448 TSval=2916034314 TSecr=3045554087 [TCP segment of a reassembled PDU]"
"14819","30.233455384","192.168.1.55","192.168.1.2","TCP","1514","8004  >  50048 [PSH, ACK] Seq=46526 Ack=141 Win=65024 Len=1448 TSval=2916034314 TSecr=3045554087 [TCP segment of a reassembled PDU]"
"14820","30.237836613","192.168.1.2","192.168.1.55","TCP","66","50048  >  8004 [ACK] Seq=141 Ack=19014 Win=82944 Len=0 TSval=3045554091 TSecr=2916034313"
"14821","30.237898613","192.168.1.55","192.168.1.2","TCP","1514","8004  >  50048 [ACK] Seq=47974 Ack=141 Win=65024 Len=1448 TSval=2916034318 TSecr=3045554091 [TCP segment of a reassembled PDU]"
"14822","30.237904947","192.168.1.55","192.168.1.2","TCP","1514","8004  >  50048 [ACK] Seq=49422 Ack=141 Win=65024 Len=1448 TSval=2916034318 TSecr=3045554091 [TCP segment of a reassembled PDU]"
"14823","30.237906298","192.168.1.55","192.168.1.2","TCP","1514","8004  >  50048 [ACK] Seq=50870 Ack=141 Win=65024 Len=1448 TSval=2916034318 TSecr=3045554091 [TCP segment of a reassembled PDU]"
"14824","30.237908872","192.168.1.55","192.168.1.2","TCP","1514","8004  >  50048 [PSH, ACK] Seq=52318 Ack=141 Win=65024 Len=1448 TSval=2916034318 TSecr=3045554091 [TCP segment of a reassembled PDU]"
"14825","30.239098337","192.168.1.2","192.168.1.55","TCP","66","50048  >  8004 [ACK] Seq=141 Ack=27702 Win=74752 Len=0 TSval=3045554093 TSecr=2916034313"
"14826","30.239130486","192.168.1.55","192.168.1.2","TCP","1514","8004  >  50048 [ACK] Seq=53766 Ack=141 Win=65024 Len=1448 TSval=2916034319 TSecr=3045554093 [TCP segment of a reassembled PDU]"
"14827","30.239132782","192.168.1.55","192.168.1.2","TCP","1514","8004  >  50048 [ACK] Seq=55214 Ack=141 Win=65024 Len=1448 TSval=2916034319 TSecr=3045554093 [TCP segment of a reassembled PDU]"
"14828","30.239134097","192.168.1.55","192.168.1.2","TCP","1514","8004  >  50048 [ACK] Seq=56662 Ack=141 Win=65024 Len=1448 TSval=2916034319 TSecr=3045554093 [TCP segment of a reassembled PDU]"
"14829","30.239135986","192.168.1.55","192.168.1.2","TCP","1514","8004  >  50048 [ACK] Seq=58110 Ack=141 Win=65024 Len=1448 TSval=2916034319 TSecr=3045554093 [TCP segment of a reassembled PDU]"
"14830","30.239137837","192.168.1.55","192.168.1.2","TCP","1514","8004  >  50048 [ACK] Seq=59558 Ack=141 Win=65024 Len=1448 TSval=2916034319 TSecr=3045554093 [TCP segment of a reassembled PDU]"
"14831","30.239138986","192.168.1.55","192.168.1.2","TCP","1514","8004  >  50048 [ACK] Seq=61006 Ack=141 Win=65024 Len=1448 TSval=2916034319 TSecr=3045554093 [TCP segment of a reassembled PDU]"
"14832","30.239140319","192.168.1.55","192.168.1.2","TCP","1514","8004  >  50048 [ACK] Seq=62454 Ack=141 Win=65024 Len=1448 TSval=2916034319 TSecr=3045554093 [TCP segment of a reassembled PDU]"
"14833","30.239143319","192.168.1.55","192.168.1.2","TCP","1514","8004  >  50048 [ACK] Seq=63902 Ack=141 Win=65024 Len=1448 TSval=2916034319 TSecr=3045554093 [TCP segment of a reassembled PDU]"
"14834","30.239144856","192.168.1.55","192.168.1.2","TCP","1514","8004  >  50048 [ACK] Seq=65350 Ack=141 Win=65024 Len=1448 TSval=2916034319 TSecr=3045554093 [TCP segment of a reassembled PDU]"
"14835","30.239145930","192.168.1.55","192.168.1.2","TCP","1514","8004  >  50048 [ACK] Seq=66798 Ack=141 Win=65024 Len=1448 TSval=2916034319 TSecr=3045554093 [TCP segment of a reassembled PDU]"
"14836","30.239147671","192.168.1.55","192.168.1.2","TCP","1514","8004  >  50048 [ACK] Seq=68246 Ack=141 Win=65024 Len=1448 TSval=2916034319 TSecr=3045554093 [TCP segment of a reassembled PDU]"
"14837","30.239149134","192.168.1.55","192.168.1.2","TCP","1514","8004  >  50048 [PSH, ACK] Seq=69694 Ack=141 Win=65024 Len=1448 TSval=2916034319 TSecr=3045554093 [TCP segment of a reassembled PDU]"
"14838","30.239747653","192.168.1.2","192.168.1.55","TCP","66","50048  >  8004 [ACK] Seq=141 Ack=39286 Win=64512 Len=0 TSval=3045554093 TSecr=2916034313"
"14839","30.239763394","192.168.1.55","192.168.1.2","TCP","1514","8004  >  50048 [ACK] Seq=71142 Ack=141 Win=65024 Len=1448 TSval=2916034320 TSecr=3045554093 [TCP segment of a reassembled PDU]"
"14840","30.239765264","192.168.1.55","192.168.1.2","TCP","1514","8004  >  50048 [ACK] Seq=72590 Ack=141 Win=65024 Len=1448 TSval=2916034320 TSecr=3045554093 [TCP segment of a reassembled PDU]"
"14841","30.239766709","192.168.1.55","192.168.1.2","TCP","1514","8004  >  50048 [ACK] Seq=74038 Ack=141 Win=65024 Len=1448 TSval=2916034320 TSecr=3045554093 [TCP segment of a reassembled PDU]"
"14842","30.239768116","192.168.1.55","192.168.1.2","TCP","1514","8004  >  50048 [PSH, ACK] Seq=75486 Ack=141 Win=65024 Len=1448 TSval=2916034320 TSecr=3045554093 [TCP segment of a reassembled PDU]"
"14843","30.239773116","192.168.1.2","192.168.1.55","TCP","66","50048  >  8004 [ACK] Seq=141 Ack=42182 Win=84992 Len=0 TSval=3045554094 TSecr=2916034313"
"14844","30.239801894","192.168.1.55","192.168.1.2","TCP","1514","8004  >  50048 [ACK] Seq=76934 Ack=141 Win=65024 Len=1448 TSval=2916034320 TSecr=3045554094 [TCP segment of a reassembled PDU]"
"14845","30.239804301","192.168.1.55","192.168.1.2","TCP","1514","8004  >  50048 [ACK] Seq=78382 Ack=141 Win=65024 Len=1448 TSval=2916034320 TSecr=3045554094 [TCP segment of a reassembled PDU]"
"14846","30.239805283","192.168.1.55","192.168.1.2","TCP","1514","8004  >  50048 [ACK] Seq=79830 Ack=141 Win=65024 Len=1448 TSval=2916034320 TSecr=3045554094 [TCP segment of a reassembled PDU]"
"14847","30.239807153","192.168.1.55","192.168.1.2","TCP","1514","8004  >  50048 [ACK] Seq=81278 Ack=141 Win=65024 Len=1448 TSval=2916034320 TSecr=3045554094 [TCP segment of a reassembled PDU]"
"14848","30.239808709","192.168.1.55","192.168.1.2","TCP","1514","8004  >  50048 [ACK] Seq=82726 Ack=141 Win=65024 Len=1448 TSval=2916034320 TSecr=3045554094 [TCP segment of a reassembled PDU]"
"14849","30.239810283","192.168.1.55","192.168.1.2","TCP","1514","8004  >  50048 [ACK] Seq=84174 Ack=141 Win=65024 Len=1448 TSval=2916034320 TSecr=3045554094 [TCP segment of a reassembled PDU]"
"14850","30.239811561","192.168.1.55","192.168.1.2","TCP","1514","8004  >  50048 [ACK] Seq=85622 Ack=141 Win=65024 Len=1448 TSval=2916034320 TSecr=3045554094 [TCP segment of a reassembled PDU]"
"14851","30.239814079","192.168.1.55","192.168.1.2","TCP","1514","8004  >  50048 [ACK] Seq=87070 Ack=141 Win=65024 Len=1448 TSval=2916034320 TSecr=3045554094 [TCP segment of a reassembled PDU]"
"14852","30.239815635","192.168.1.55","192.168.1.2","TCP","1514","8004  >  50048 [ACK] Seq=88518 Ack=141 Win=65024 Len=1448 TSval=2916034320 TSecr=3045554094 [TCP segment of a reassembled PDU]"
"14853","30.239816524","192.168.1.55","192.168.1.2","TCP","1514","8004  >  50048 [ACK] Seq=89966 Ack=141 Win=65024 Len=1448 TSval=2916034320 TSecr=3045554094 [TCP segment of a reassembled PDU]"
"14854","30.239817653","192.168.1.55","192.168.1.2","TCP","1514","8004  >  50048 [ACK] Seq=91414 Ack=141 Win=65024 Len=1448 TSval=2916034320 TSecr=3045554094 [TCP segment of a reassembled PDU]"
"14855","30.239820283","192.168.1.55","192.168.1.2","TCP","1514","8004  >  50048 [ACK] Seq=92862 Ack=141 Win=65024 Len=1448 TSval=2916034320 TSecr=3045554094 [TCP segment of a reassembled PDU]"
"14856","30.239821746","192.168.1.55","192.168.1.2","TCP","1514","8004  >  50048 [ACK] Seq=94310 Ack=141 Win=65024 Len=1448 TSval=2916034320 TSecr=3045554094 [TCP segment of a reassembled PDU]"
"14857","30.239822931","192.168.1.55","192.168.1.2","TCP","1514","8004  >  50048 [ACK] Seq=95758 Ack=141 Win=65024 Len=1448 TSval=2916034320 TSecr=3045554094 [TCP segment of a reassembled PDU]"
"14858","30.239824375","192.168.1.55","192.168.1.2","TCP","1514","8004  >  50048 [ACK] Seq=97206 Ack=141 Win=65024 Len=1448 TSval=2916034320 TSecr=3045554094 [TCP segment of a reassembled PDU]"
"14859","30.239826246","192.168.1.55","192.168.1.2","TCP","1514","8004  >  50048 [PSH, ACK] Seq=98654 Ack=141 Win=65024 Len=1448 TSval=2916034320 TSecr=3045554094 [TCP segment of a reassembled PDU]"
"14860","30.239829709","192.168.1.2","192.168.1.55","TCP","66","50048  >  8004 [ACK] Seq=141 Ack=47974 Win=81920 Len=0 TSval=3045554094 TSecr=2916034314"
"14861","30.239921746","192.168.1.55","192.168.1.2","TCP","1514","8004  >  50048 [ACK] Seq=100102 Ack=141 Win=65024 Len=1448 TSval=2916034320 TSecr=3045554094 [TCP segment of a reassembled PDU]"
"14862","30.239926765","192.168.1.55","192.168.1.2","TCP","1514","8004  >  50048 [ACK] Seq=101550 Ack=141 Win=65024 Len=1448 TSval=2916034320 TSecr=3045554094 [TCP segment of a reassembled PDU]"
"14863","30.239928579","192.168.1.55","192.168.1.2","TCP","1514","8004  >  50048 [ACK] Seq=102998 Ack=141 Win=65024 Len=1448 TSval=2916034320 TSecr=3045554094 [TCP segment of a reassembled PDU]"
"14864","30.239930505","192.168.1.55","192.168.1.2","TCP","1514","8004  >  50048 [ACK] Seq=104446 Ack=141 Win=65024 Len=1448 TSval=2916034320 TSecr=3045554094 [TCP segment of a reassembled PDU]"
"14865","30.239932153","192.168.1.55","192.168.1.2","TCP","1514","8004  >  50048 [ACK] Seq=105894 Ack=141 Win=65024 Len=1448 TSval=2916034320 TSecr=3045554094 [TCP segment of a reassembled PDU]"
"14866","30.239933413","192.168.1.55","192.168.1.2","TCP","1514","8004  >  50048 [ACK] Seq=107342 Ack=141 Win=65024 Len=1448 TSval=2916034320 TSecr=3045554094 [TCP segment of a reassembled PDU]"
"14867","30.239934728","192.168.1.55","192.168.1.2","TCP","1514","8004  >  50048 [ACK] Seq=108790 Ack=141 Win=65024 Len=1448 TSval=2916034320 TSecr=3045554094 [TCP segment of a reassembled PDU]"
"14868","30.239936783","192.168.1.55","192.168.1.2","TCP","1514","8004  >  50048 [PSH, ACK] Seq=110238 Ack=141 Win=65024 Len=1448 TSval=2916034320 TSecr=3045554094 [TCP segment of a reassembled PDU]"
"14869","30.245841422","192.168.1.2","192.168.1.55","TCP","66","50048  >  8004 [ACK] Seq=141 Ack=53766 Win=79872 Len=0 TSval=3045554097 TSecr=2916034318"
"14870","30.245859144","192.168.1.55","192.168.1.2","TCP","1514","8004  >  50048 [ACK] Seq=111686 Ack=141 Win=65024 Len=1448 TSval=2916034326 TSecr=3045554097 [TCP segment of a reassembled PDU]"
"14871","30.245861200","192.168.1.55","192.168.1.2","TCP","1514","8004  >  50048 [ACK] Seq=113134 Ack=141 Win=65024 Len=1448 TSval=2916034326 TSecr=3045554097 [TCP segment of a reassembled PDU]"
"14872","30.245863811","192.168.1.55","192.168.1.2","TCP","1514","8004  >  50048 [ACK] Seq=114582 Ack=141 Win=65024 Len=1448 TSval=2916034326 TSecr=3045554097 [TCP segment of a reassembled PDU]"
"14873","30.245865478","192.168.1.55","192.168.1.2","TCP","1514","8004  >  50048 [ACK] Seq=116030 Ack=141 Win=65024 Len=1448 TSval=2916034326 TSecr=3045554097 [TCP segment of a reassembled PDU]"
"14874","30.245866478","192.168.1.55","192.168.1.2","TCP","1514","8004  >  50048 [PSH, ACK] Seq=117478 Ack=141 Win=65024 Len=1448 TSval=2916034326 TSecr=3045554097 [TCP segment of a reassembled PDU]"
"14875","30.246161904","192.168.1.2","192.168.1.55","TCP","66","50048  >  8004 [ACK] Seq=141 Ack=65350 Win=68608 Len=0 TSval=3045554097 TSecr=2916034319"
"14876","30.246168848","192.168.1.2","192.168.1.55","TCP","66","50048  >  8004 [ACK] Seq=141 Ack=71142 Win=79872 Len=0 TSval=3045554099 TSecr=2916034319"
"14877","30.246204256","192.168.1.55","192.168.1.2","TCP","1514","8004  >  50048 [ACK] Seq=118926 Ack=141 Win=65024 Len=1448 TSval=2916034326 TSecr=3045554099 [TCP segment of a reassembled PDU]"
"14878","30.246205978","192.168.1.55","192.168.1.2","TCP","1514","8004  >  50048 [ACK] Seq=120374 Ack=141 Win=65024 Len=1448 TSval=2916034326 TSecr=3045554099 [TCP segment of a reassembled PDU]"
"14879","30.246207256","192.168.1.55","192.168.1.2","TCP","1514","8004  >  50048 [ACK] Seq=121822 Ack=141 Win=65024 Len=1448 TSval=2916034326 TSecr=3045554099 [TCP segment of a reassembled PDU]"
"14880","30.246208293","192.168.1.55","192.168.1.2","TCP","1514","8004  >  50048 [ACK] Seq=123270 Ack=141 Win=65024 Len=1448 TSval=2916034326 TSecr=3045554099 [TCP segment of a reassembled PDU]"
"14881","30.246209571","192.168.1.55","192.168.1.2","TCP","1514","8004  >  50048 [ACK] Seq=124718 Ack=141 Win=65024 Len=1448 TSval=2916034326 TSecr=3045554099 [TCP segment of a reassembled PDU]"
"14882","30.246210923","192.168.1.55","192.168.1.2","TCP","1514","8004  >  50048 [ACK] Seq=126166 Ack=141 Win=65024 Len=1448 TSval=2916034326 TSecr=3045554099 [TCP segment of a reassembled PDU]"
"14883","30.246212774","192.168.1.55","192.168.1.2","TCP","1514","8004  >  50048 [ACK] Seq=127614 Ack=141 Win=65024 Len=1448 TSval=2916034326 TSecr=3045554099 [TCP segment of a reassembled PDU]"
"14884","30.246213941","192.168.1.55","192.168.1.2","TCP","1514","8004  >  50048 [ACK] Seq=129062 Ack=141 Win=65024 Len=1448 TSval=2916034326 TSecr=3045554099 [TCP segment of a reassembled PDU]"
"14885","30.246214997","192.168.1.55","192.168.1.2","TCP","1514","8004  >  50048 [ACK] Seq=130510 Ack=141 Win=65024 Len=1448 TSval=2916034326 TSecr=3045554099 [TCP segment of a reassembled PDU]"
"14886","30.246216256","192.168.1.55","192.168.1.2","TCP","1514","8004  >  50048 [ACK] Seq=131958 Ack=141 Win=65024 Len=1448 TSval=2916034326 TSecr=3045554099 [TCP segment of a reassembled PDU]"
"14887","30.246218774","192.168.1.55","192.168.1.2","TCP","1514","8004  >  50048 [ACK] Seq=133406 Ack=141 Win=65024 Len=1448 TSval=2916034326 TSecr=3045554099 [TCP segment of a reassembled PDU]"
"14888","30.246220441","192.168.1.55","192.168.1.2","TCP","1514","8004  >  50048 [ACK] Seq=134854 Ack=141 Win=65024 Len=1448 TSval=2916034326 TSecr=3045554099 [TCP segment of a reassembled PDU]"
"14889","30.246221811","192.168.1.55","192.168.1.2","TCP","1514","8004  >  50048 [ACK] Seq=136302 Ack=141 Win=65024 Len=1448 TSval=2916034326 TSecr=3045554099 [TCP segment of a reassembled PDU]"
"14890","30.246222923","192.168.1.55","192.168.1.2","TCP","1514","8004  >  50048 [ACK] Seq=137750 Ack=141 Win=65024 Len=1448 TSval=2916034326 TSecr=3045554099 [TCP segment of a reassembled PDU]"
"14891","30.246224126","192.168.1.55","192.168.1.2","TCP","1514","8004  >  50048 [ACK] Seq=139198 Ack=141 Win=65024 Len=1448 TSval=2916034326 TSecr=3045554099 [TCP segment of a reassembled PDU]"
"14892","30.246225256","192.168.1.55","192.168.1.2","TCP","1514","8004  >  50048 [ACK] Seq=140646 Ack=141 Win=65024 Len=1448 TSval=2916034326 TSecr=3045554099 [TCP segment of a reassembled PDU]"
"14893","30.246226774","192.168.1.55","192.168.1.2","TCP","1514","8004  >  50048 [ACK] Seq=142094 Ack=141 Win=65024 Len=1448 TSval=2916034326 TSecr=3045554099 [TCP segment of a reassembled PDU]"
"14894","30.246228663","192.168.1.55","192.168.1.2","TCP","1514","8004  >  50048 [ACK] Seq=143542 Ack=141 Win=65024 Len=1448 TSval=2916034326 TSecr=3045554099 [TCP segment of a reassembled PDU]"
"14895","30.246230367","192.168.1.55","192.168.1.2","TCP","1514","8004  >  50048 [ACK] Seq=144990 Ack=141 Win=65024 Len=1448 TSval=2916034326 TSecr=3045554099 [TCP segment of a reassembled PDU]"
"14896","30.246231404","192.168.1.55","192.168.1.2","TCP","1514","8004  >  50048 [ACK] Seq=146438 Ack=141 Win=65024 Len=1448 TSval=2916034326 TSecr=3045554099 [TCP segment of a reassembled PDU]"
"14897","30.246232811","192.168.1.55","192.168.1.2","TCP","1514","8004  >  50048 [ACK] Seq=147886 Ack=141 Win=65024 Len=1448 TSval=2916034326 TSecr=3045554099 [TCP segment of a reassembled PDU]"
"14898","30.246234274","192.168.1.55","192.168.1.2","TCP","1514","8004  >  50048 [ACK] Seq=149334 Ack=141 Win=65024 Len=1448 TSval=2916034326 TSecr=3045554099 [TCP segment of a reassembled PDU]"
"14899","30.246236256","192.168.1.55","192.168.1.2","TCP","298","[TCP Window Full] 8004  >  50048 [PSH, ACK] Seq=150782 Ack=141 Win=65024 Len=232 TSval=2916034326 TSecr=3045554099 [TCP segment of a reassembled PDU]"
"14900","30.246240126","192.168.1.2","192.168.1.55","TCP","66","50048  >  8004 [ACK] Seq=141 Ack=76934 Win=84992 Len=0 TSval=3045554099 TSecr=2916034320"
"14901","30.246243182","192.168.1.2","192.168.1.55","TCP","66","50048  >  8004 [ACK] Seq=141 Ack=100102 Win=64512 Len=0 TSval=3045554099 TSecr=2916034320"
"14902","30.246275960","192.168.1.55","192.168.1.2","TCP","1514","8004  >  50048 [ACK] Seq=151014 Ack=141 Win=65024 Len=1448 TSval=2916034326 TSecr=3045554099 [TCP segment of a reassembled PDU]"
"14903","30.246280386","192.168.1.55","192.168.1.2","TCP","1514","8004  >  50048 [ACK] Seq=152462 Ack=141 Win=65024 Len=1448 TSval=2916034326 TSecr=3045554099 [TCP segment of a reassembled PDU]"
"14904","30.246282200","192.168.1.55","192.168.1.2","TCP","1514","8004  >  50048 [ACK] Seq=153910 Ack=141 Win=65024 Len=1448 TSval=2916034326 TSecr=3045554099 [TCP segment of a reassembled PDU]"
"14905","30.246283478","192.168.1.55","192.168.1.2","TCP","1514","8004  >  50048 [ACK] Seq=155358 Ack=141 Win=65024 Len=1448 TSval=2916034326 TSecr=3045554099 [TCP segment of a reassembled PDU]"
"14906","30.246285237","192.168.1.55","192.168.1.2","TCP","1514","8004  >  50048 [ACK] Seq=156806 Ack=141 Win=65024 Len=1448 TSval=2916034326 TSecr=3045554099 [TCP segment of a reassembled PDU]"
"14907","30.246286793","192.168.1.55","192.168.1.2","TCP","1514","8004  >  50048 [PSH, ACK] Seq=158254 Ack=141 Win=65024 Len=1448 TSval=2916034326 TSecr=3045554099 [TCP segment of a reassembled PDU]"
"14908","30.246302293","192.168.1.55","192.168.1.2","TCP","1282","8004  >  50048 [ACK] Seq=159702 Ack=141 Win=65024 Len=1216 TSval=2916034326 TSecr=3045554099 [TCP segment of a reassembled PDU]"
"14909","30.246304145","192.168.1.2","192.168.1.55","TCP","66","50048  >  8004 [ACK] Seq=141 Ack=107342 Win=70656 Len=0 TSval=3045554099 TSecr=2916034320"
"14910","30.246307552","192.168.1.2","192.168.1.55","TCP","66","50048  >  8004 [ACK] Seq=141 Ack=108790 Win=88064 Len=0 TSval=3045554100 TSecr=2916034320"
"14911","30.246310386","192.168.1.2","192.168.1.55","TCP","66","50048  >  8004 [ACK] Seq=141 Ack=111686 Win=92160 Len=0 TSval=3045554100 TSecr=2916034320"
"14912","30.246365423","192.168.1.55","192.168.1.2","TCP","1514","8004  >  50048 [ACK] Seq=160918 Ack=141 Win=65024 Len=1448 TSval=2916034327 TSecr=3045554100 [TCP segment of a reassembled PDU]"
"14913","30.246367515","192.168.1.55","192.168.1.2","TCP","1514","8004  >  50048 [ACK] Seq=162366 Ack=141 Win=65024 Len=1448 TSval=2916034327 TSecr=3045554100 [TCP segment of a reassembled PDU]"
"14914","30.246368867","192.168.1.55","192.168.1.2","TCP","1514","8004  >  50048 [ACK] Seq=163814 Ack=141 Win=65024 Len=1448 TSval=2916034327 TSecr=3045554100 [TCP segment of a reassembled PDU]"
"14915","30.246378293","192.168.1.55","192.168.1.2","TCP","1514","8004  >  50048 [ACK] Seq=165262 Ack=141 Win=65024 Len=1448 TSval=2916034327 TSecr=3045554100 [TCP segment of a reassembled PDU]"
"14916","30.246380293","192.168.1.55","192.168.1.2","TCP","1514","8004  >  50048 [ACK] Seq=166710 Ack=141 Win=65024 Len=1448 TSval=2916034327 TSecr=3045554100 [TCP segment of a reassembled PDU]"
"14917","30.246381460","192.168.1.55","192.168.1.2","TCP","1514","8004  >  50048 [ACK] Seq=168158 Ack=141 Win=65024 Len=1448 TSval=2916034327 TSecr=3045554100 [TCP segment of a reassembled PDU]"
"14918","30.246382738","192.168.1.55","192.168.1.2","TCP","1514","8004  >  50048 [ACK] Seq=169606 Ack=141 Win=65024 Len=1448 TSval=2916034327 TSecr=3045554100 [TCP segment of a reassembled PDU]"
"14919","30.246384386","192.168.1.55","192.168.1.2","TCP","1514","8004  >  50048 [ACK] Seq=171054 Ack=141 Win=65024 Len=1448 TSval=2916034327 TSecr=3045554100 [TCP segment of a reassembled PDU]"
"14920","30.246386627","192.168.1.55","192.168.1.2","TCP","1514","8004  >  50048 [ACK] Seq=172502 Ack=141 Win=65024 Len=1448 TSval=2916034327 TSecr=3045554100 [TCP segment of a reassembled PDU]"
"14921","30.246387997","192.168.1.55","192.168.1.2","TCP","1514","8004  >  50048 [ACK] Seq=173950 Ack=141 Win=65024 Len=1448 TSval=2916034327 TSecr=3045554100 [TCP segment of a reassembled PDU]"
"14922","30.246389089","192.168.1.55","192.168.1.2","TCP","1514","8004  >  50048 [ACK] Seq=175398 Ack=141 Win=65024 Len=1448 TSval=2916034327 TSecr=3045554100 [TCP segment of a reassembled PDU]"
"14923","30.246390127","192.168.1.55","192.168.1.2","TCP","1514","8004  >  50048 [ACK] Seq=176846 Ack=141 Win=65024 Len=1448 TSval=2916034327 TSecr=3045554100 [TCP segment of a reassembled PDU]"
"14924","30.246391534","192.168.1.55","192.168.1.2","TCP","1514","8004  >  50048 [ACK] Seq=178294 Ack=141 Win=65024 Len=1448 TSval=2916034327 TSecr=3045554100 [TCP segment of a reassembled PDU]"
"14925","30.246393034","192.168.1.55","192.168.1.2","TCP","1514","8004  >  50048 [ACK] Seq=179742 Ack=141 Win=65024 Len=1448 TSval=2916034327 TSecr=3045554100 [TCP segment of a reassembled PDU]"
"14926","30.246394515","192.168.1.55","192.168.1.2","TCP","1514","8004  >  50048 [ACK] Seq=181190 Ack=141 Win=65024 Len=1448 TSval=2916034327 TSecr=3045554100 [TCP segment of a reassembled PDU]"
"14927","30.246396089","192.168.1.55","192.168.1.2","TCP","1514","8004  >  50048 [ACK] Seq=182638 Ack=141 Win=65024 Len=1448 TSval=2916034327 TSecr=3045554100 [TCP segment of a reassembled PDU]"
"14928","30.246397367","192.168.1.55","192.168.1.2","TCP","1514","8004  >  50048 [ACK] Seq=184086 Ack=141 Win=65024 Len=1448 TSval=2916034327 TSecr=3045554100 [TCP segment of a reassembled PDU]"
"14929","30.246398404","192.168.1.55","192.168.1.2","TCP","1514","8004  >  50048 [ACK] Seq=185534 Ack=141 Win=65024 Len=1448 TSval=2916034327 TSecr=3045554100 [TCP segment of a reassembled PDU]"
"14930","30.246399793","192.168.1.55","192.168.1.2","TCP","1514","8004  >  50048 [ACK] Seq=186982 Ack=141 Win=65024 Len=1448 TSval=2916034327 TSecr=3045554100 [TCP segment of a reassembled PDU]"
"14931","30.246401386","192.168.1.55","192.168.1.2","TCP","1514","8004  >  50048 [ACK] Seq=188430 Ack=141 Win=65024 Len=1448 TSval=2916034327 TSecr=3045554100 [TCP segment of a reassembled PDU]"
"14932","30.246402701","192.168.1.55","192.168.1.2","TCP","1514","8004  >  50048 [ACK] Seq=189878 Ack=141 Win=65024 Len=1448 TSval=2916034327 TSecr=3045554100 [TCP segment of a reassembled PDU]"
"14933","30.246404441","192.168.1.55","192.168.1.2","TCP","1514","8004  >  50048 [ACK] Seq=191326 Ack=141 Win=65024 Len=1448 TSval=2916034327 TSecr=3045554100 [TCP segment of a reassembled PDU]"
"14934","30.246405645","192.168.1.55","192.168.1.2","TCP","1514","8004  >  50048 [ACK] Seq=192774 Ack=141 Win=65024 Len=1448 TSval=2916034327 TSecr=3045554100 [TCP segment of a reassembled PDU]"
"14935","30.246406812","192.168.1.55","192.168.1.2","TCP","1514","8004  >  50048 [PSH, ACK] Seq=194222 Ack=141 Win=65024 Len=1448 TSval=2916034327 TSecr=3045554100 [TCP segment of a reassembled PDU]"
"14936","30.247419573","192.168.1.55","192.168.1.2","TCP","1514","8004  >  50048 [ACK] Seq=195670 Ack=141 Win=65024 Len=1448 TSval=2916034328 TSecr=3045554100 [TCP segment of a reassembled PDU]"
"14937","30.247423517","192.168.1.55","192.168.1.2","TCP","1514","8004  >  50048 [ACK] Seq=197118 Ack=141 Win=65024 Len=1448 TSval=2916034328 TSecr=3045554100 [TCP segment of a reassembled PDU]"
"14938","30.247426017","192.168.1.55","192.168.1.2","TCP","1514","8004  >  50048 [ACK] Seq=198566 Ack=141 Win=65024 Len=1448 TSval=2916034328 TSecr=3045554100 [TCP segment of a reassembled PDU]"
"14939","30.247427887","192.168.1.55","192.168.1.2","TCP","1514","8004  >  50048 [ACK] Seq=200014 Ack=141 Win=65024 Len=1448 TSval=2916034328 TSecr=3045554100 [TCP segment of a reassembled PDU]"
"14940","30.247429443","192.168.1.55","192.168.1.2","TCP","1514","8004  >  50048 [PSH, ACK] Seq=201462 Ack=141 Win=65024 Len=1448 TSval=2916034328 TSecr=3045554100 [TCP segment of a reassembled PDU]"
"14941","30.253544916","192.168.1.2","192.168.1.55","TCP","66","50048  >  8004 [ACK] Seq=141 Ack=198566 Win=15360 Len=0 TSval=3045554107 TSecr=2916034326"
"14942","30.253583693","192.168.1.55","192.168.1.2","TCP","1514","8004  >  50048 [ACK] Seq=202910 Ack=141 Win=65024 Len=1448 TSval=2916034334 TSecr=3045554107 [TCP segment of a reassembled PDU]"
"14943","30.253587508","192.168.1.55","192.168.1.2","TCP","1514","8004  >  50048 [ACK] Seq=204358 Ack=141 Win=65024 Len=1448 TSval=2916034334 TSecr=3045554107 [TCP segment of a reassembled PDU]"
"14944","30.253588860","192.168.1.55","192.168.1.2","TCP","1514","8004  >  50048 [ACK] Seq=205806 Ack=141 Win=65024 Len=1448 TSval=2916034334 TSecr=3045554107 [TCP segment of a reassembled PDU]"
"14945","30.253590230","192.168.1.55","192.168.1.2","TCP","1514","8004  >  50048 [ACK] Seq=207254 Ack=141 Win=65024 Len=1448 TSval=2916034334 TSecr=3045554107 [TCP segment of a reassembled PDU]"
"14946","30.253591601","192.168.1.55","192.168.1.2","TCP","1514","8004  >  50048 [ACK] Seq=208702 Ack=141 Win=65024 Len=1448 TSval=2916034334 TSecr=3045554107 [TCP segment of a reassembled PDU]"
"14947","30.253592990","192.168.1.55","192.168.1.2","TCP","1514","8004  >  50048 [ACK] Seq=210150 Ack=141 Win=65024 Len=1448 TSval=2916034334 TSecr=3045554107 [TCP segment of a reassembled PDU]"
"14948","30.253594304","192.168.1.55","192.168.1.2","TCP","1514","8004  >  50048 [ACK] Seq=211598 Ack=141 Win=65024 Len=1448 TSval=2916034334 TSecr=3045554107 [TCP segment of a reassembled PDU]"
"14949","30.253595656","192.168.1.55","192.168.1.2","TCP","946","[TCP Window Full] 8004  >  50048 [PSH, ACK] Seq=213046 Ack=141 Win=65024 Len=880 TSval=2916034334 TSecr=3045554107 [TCP segment of a reassembled PDU]"
"14950","30.253696416","192.168.1.2","192.168.1.55","TCP","66","[TCP Window Update] 50048  >  8004 [ACK] Seq=141 Ack=198566 Win=53248 Len=0 TSval=3045554108 TSecr=2916034326"
"14951","30.253727545","192.168.1.55","192.168.1.2","TCP","1514","8004  >  50048 [ACK] Seq=213926 Ack=141 Win=65024 Len=1448 TSval=2916034334 TSecr=3045554108 [TCP segment of a reassembled PDU]"
"14952","30.253729582","192.168.1.55","192.168.1.2","TCP","1514","8004  >  50048 [ACK] Seq=215374 Ack=141 Win=65024 Len=1448 TSval=2916034334 TSecr=3045554108 [TCP segment of a reassembled PDU]"
"14953","30.253730897","192.168.1.55","192.168.1.2","TCP","1514","8004  >  50048 [ACK] Seq=216822 Ack=141 Win=65024 Len=1448 TSval=2916034334 TSecr=3045554108 [TCP segment of a reassembled PDU]"
"14954","30.253732231","192.168.1.55","192.168.1.2","TCP","1514","8004  >  50048 [ACK] Seq=218270 Ack=141 Win=65024 Len=1448 TSval=2916034334 TSecr=3045554108 [TCP segment of a reassembled PDU]"
"14955","30.253734157","192.168.1.55","192.168.1.2","TCP","1514","8004  >  50048 [ACK] Seq=219718 Ack=141 Win=65024 Len=1448 TSval=2916034334 TSecr=3045554108 [TCP segment of a reassembled PDU]"
"14956","30.253735471","192.168.1.55","192.168.1.2","TCP","1514","8004  >  50048 [ACK] Seq=221166 Ack=141 Win=65024 Len=1448 TSval=2916034334 TSecr=3045554108 [TCP segment of a reassembled PDU]"
"14957","30.253736805","192.168.1.55","192.168.1.2","TCP","1514","8004  >  50048 [ACK] Seq=222614 Ack=141 Win=65024 Len=1448 TSval=2916034334 TSecr=3045554108 [TCP segment of a reassembled PDU]"
"14958","30.253738268","192.168.1.55","192.168.1.2","TCP","1514","8004  >  50048 [ACK] Seq=224062 Ack=141 Win=65024 Len=1448 TSval=2916034334 TSecr=3045554108 [TCP segment of a reassembled PDU]"
"14959","30.253739657","192.168.1.55","192.168.1.2","TCP","1514","8004  >  50048 [ACK] Seq=225510 Ack=141 Win=65024 Len=1448 TSval=2916034334 TSecr=3045554108 [TCP segment of a reassembled PDU]"
"14960","30.253741138","192.168.1.55","192.168.1.2","TCP","1514","8004  >  50048 [ACK] Seq=226958 Ack=141 Win=65024 Len=1448 TSval=2916034334 TSecr=3045554108 [TCP segment of a reassembled PDU]"
"14961","30.253742434","192.168.1.55","192.168.1.2","TCP","1514","8004  >  50048 [ACK] Seq=228406 Ack=141 Win=65024 Len=1448 TSval=2916034334 TSecr=3045554108 [TCP segment of a reassembled PDU]"
"14962","30.253743749","192.168.1.55","192.168.1.2","TCP","1514","8004  >  50048 [ACK] Seq=229854 Ack=141 Win=65024 Len=1448 TSval=2916034334 TSecr=3045554108 [TCP segment of a reassembled PDU]"
"14963","30.253745138","192.168.1.55","192.168.1.2","TCP","1514","8004  >  50048 [ACK] Seq=231302 Ack=141 Win=65024 Len=1448 TSval=2916034334 TSecr=3045554108 [TCP segment of a reassembled PDU]"
"14964","30.253746620","192.168.1.55","192.168.1.2","TCP","1514","8004  >  50048 [ACK] Seq=232750 Ack=141 Win=65024 Len=1448 TSval=2916034334 TSecr=3045554108 [TCP segment of a reassembled PDU]"
"14965","30.253748008","192.168.1.55","192.168.1.2","TCP","1514","8004  >  50048 [ACK] Seq=234198 Ack=141 Win=65024 Len=1448 TSval=2916034334 TSecr=3045554108 [TCP segment of a reassembled PDU]"
"14966","30.253749342","192.168.1.55","192.168.1.2","TCP","1514","8004  >  50048 [ACK] Seq=235646 Ack=141 Win=65024 Len=1448 TSval=2916034334 TSecr=3045554108 [TCP segment of a reassembled PDU]"
"14967","30.253750675","192.168.1.55","192.168.1.2","TCP","1514","8004  >  50048 [ACK] Seq=237094 Ack=141 Win=65024 Len=1448 TSval=2916034334 TSecr=3045554108 [TCP segment of a reassembled PDU]"
"14968","30.253752120","192.168.1.55","192.168.1.2","TCP","1514","8004  >  50048 [ACK] Seq=238542 Ack=141 Win=65024 Len=1448 TSval=2916034334 TSecr=3045554108 [TCP segment of a reassembled PDU]"
"14969","30.253753416","192.168.1.55","192.168.1.2","TCP","1514","8004  >  50048 [ACK] Seq=239990 Ack=141 Win=65024 Len=1448 TSval=2916034334 TSecr=3045554108 [TCP segment of a reassembled PDU]"
"14970","30.253754823","192.168.1.55","192.168.1.2","TCP","1514","8004  >  50048 [ACK] Seq=241438 Ack=141 Win=65024 Len=1448 TSval=2916034334 TSecr=3045554108 [TCP segment of a reassembled PDU]"
"14971","30.253756231","192.168.1.55","192.168.1.2","TCP","1514","8004  >  50048 [PSH, ACK] Seq=242886 Ack=141 Win=65024 Len=1448 TSval=2916034334 TSecr=3045554108 [TCP segment of a reassembled PDU]"
"14972","30.253762990","192.168.1.55","192.168.1.2","TCP","634","8004  >  50048 [ACK] Seq=244334 Ack=141 Win=65024 Len=568 TSval=2916034334 TSecr=3045554108 [TCP segment of a reassembled PDU]"
"14973","30.253767416","192.168.1.2","192.168.1.55","TCP","66","50048  >  8004 [ACK] Seq=141 Ack=200014 Win=94208 Len=0 TSval=3045554108 TSecr=2916034328"
"14974","30.253806249","192.168.1.55","192.168.1.2","TCP","1514","8004  >  50048 [ACK] Seq=244902 Ack=141 Win=65024 Len=1448 TSval=2916034334 TSecr=3045554108 [TCP segment of a reassembled PDU]"
"14975","30.253808342","192.168.1.55","192.168.1.2","TCP","1514","8004  >  50048 [ACK] Seq=246350 Ack=141 Win=65024 Len=1448 TSval=2916034334 TSecr=3045554108 [TCP segment of a reassembled PDU]"
"14976","30.253809749","192.168.1.55","192.168.1.2","TCP","1514","8004  >  50048 [ACK] Seq=247798 Ack=141 Win=65024 Len=1448 TSval=2916034334 TSecr=3045554108 [TCP segment of a reassembled PDU]"
"14977","30.253811305","192.168.1.55","192.168.1.2","TCP","1514","8004  >  50048 [ACK] Seq=249246 Ack=141 Win=65024 Len=1448 TSval=2916034334 TSecr=3045554108 [TCP segment of a reassembled PDU]"
"14978","30.253812749","192.168.1.55","192.168.1.2","TCP","1514","8004  >  50048 [ACK] Seq=250694 Ack=141 Win=65024 Len=1448 TSval=2916034334 TSecr=3045554108 [TCP segment of a reassembled PDU]"
"14979","30.253814064","192.168.1.55","192.168.1.2","TCP","1514","8004  >  50048 [ACK] Seq=252142 Ack=141 Win=65024 Len=1448 TSval=2916034334 TSecr=3045554108 [TCP segment of a reassembled PDU]"
"14980","30.253815620","192.168.1.55","192.168.1.2","TCP","1514","8004  >  50048 [ACK] Seq=253590 Ack=141 Win=65024 Len=1448 TSval=2916034334 TSecr=3045554108 [TCP segment of a reassembled PDU]"
"14981","30.253816934","192.168.1.55","192.168.1.2","TCP","1514","8004  >  50048 [ACK] Seq=255038 Ack=141 Win=65024 Len=1448 TSval=2916034334 TSecr=3045554108 [TCP segment of a reassembled PDU]"
"14982","30.253818305","192.168.1.55","192.168.1.2","TCP","1514","8004  >  50048 [ACK] Seq=256486 Ack=141 Win=65024 Len=1448 TSval=2916034334 TSecr=3045554108 [TCP segment of a reassembled PDU]"
"14983","30.253819768","192.168.1.55","192.168.1.2","TCP","1514","8004  >  50048 [ACK] Seq=257934 Ack=141 Win=65024 Len=1448 TSval=2916034334 TSecr=3045554108 [TCP segment of a reassembled PDU]"
"14984","30.253821194","192.168.1.55","192.168.1.2","TCP","1514","8004  >  50048 [ACK] Seq=259382 Ack=141 Win=65024 Len=1448 TSval=2916034334 TSecr=3045554108 [TCP segment of a reassembled PDU]"
"14985","30.253822897","192.168.1.55","192.168.1.2","TCP","1514","8004  >  50048 [ACK] Seq=260830 Ack=141 Win=65024 Len=1448 TSval=2916034334 TSecr=3045554108 [TCP segment of a reassembled PDU]"
"14986","30.253824453","192.168.1.55","192.168.1.2","TCP","1514","8004  >  50048 [ACK] Seq=262278 Ack=141 Win=65024 Len=1448 TSval=2916034334 TSecr=3045554108 [TCP segment of a reassembled PDU]"
"14987","30.253826101","192.168.1.55","192.168.1.2","TCP","1514","8004  >  50048 [ACK] Seq=263726 Ack=141 Win=65024 Len=1448 TSval=2916034334 TSecr=3045554108 [TCP segment of a reassembled PDU]"
"14988","30.253827638","192.168.1.55","192.168.1.2","TCP","1514","8004  >  50048 [ACK] Seq=265174 Ack=141 Win=65024 Len=1448 TSval=2916034334 TSecr=3045554108 [TCP segment of a reassembled PDU]"
"14989","30.253829083","192.168.1.55","192.168.1.2","TCP","1514","8004  >  50048 [ACK] Seq=266622 Ack=141 Win=65024 Len=1448 TSval=2916034334 TSecr=3045554108 [TCP segment of a reassembled PDU]"
"14990","30.253830583","192.168.1.55","192.168.1.2","TCP","1514","8004  >  50048 [ACK] Seq=268070 Ack=141 Win=65024 Len=1448 TSval=2916034334 TSecr=3045554108 [TCP segment of a reassembled PDU]"
"14991","30.253832009","192.168.1.55","192.168.1.2","TCP","1514","8004  >  50048 [ACK] Seq=269518 Ack=141 Win=65024 Len=1448 TSval=2916034334 TSecr=3045554108 [TCP segment of a reassembled PDU]"
"14992","30.253833472","192.168.1.55","192.168.1.2","TCP","1514","8004  >  50048 [ACK] Seq=270966 Ack=141 Win=65024 Len=1448 TSval=2916034334 TSecr=3045554108 [TCP segment of a reassembled PDU]"
"14993","30.253834842","192.168.1.55","192.168.1.2","TCP","1514","8004  >  50048 [ACK] Seq=272414 Ack=141 Win=65024 Len=1448 TSval=2916034334 TSecr=3045554108 [TCP segment of a reassembled PDU]"
"14994","30.253836305","192.168.1.55","192.168.1.2","TCP","1514","8004  >  50048 [ACK] Seq=273862 Ack=141 Win=65024 Len=1448 TSval=2916034334 TSecr=3045554108 [TCP segment of a reassembled PDU]"
"14995","30.253837990","192.168.1.55","192.168.1.2","TCP","1514","8004  >  50048 [ACK] Seq=275310 Ack=141 Win=65024 Len=1448 TSval=2916034334 TSecr=3045554108 [TCP segment of a reassembled PDU]"
"14996","30.253839527","192.168.1.55","192.168.1.2","TCP","1514","8004  >  50048 [ACK] Seq=276758 Ack=141 Win=65024 Len=1448 TSval=2916034334 TSecr=3045554108 [TCP segment of a reassembled PDU]"
"14997","30.253841064","192.168.1.55","192.168.1.2","TCP","1514","8004  >  50048 [ACK] Seq=278206 Ack=141 Win=65024 Len=1448 TSval=2916034334 TSecr=3045554108 [TCP segment of a reassembled PDU]"
"14998","30.253842564","192.168.1.55","192.168.1.2","TCP","1514","8004  >  50048 [ACK] Seq=279654 Ack=141 Win=65024 Len=1448 TSval=2916034334 TSecr=3045554108 [TCP segment of a reassembled PDU]"
"14999","30.253843842","192.168.1.55","192.168.1.2","TCP","1514","8004  >  50048 [ACK] Seq=281102 Ack=141 Win=65024 Len=1448 TSval=2916034334 TSecr=3045554108 [TCP segment of a reassembled PDU]"
"15000","30.253845360","192.168.1.55","192.168.1.2","TCP","1514","8004  >  50048 [ACK] Seq=282550 Ack=141 Win=65024 Len=1448 TSval=2916034334 TSecr=3045554108 [TCP segment of a reassembled PDU]"
"15001","30.253846712","192.168.1.55","192.168.1.2","TCP","1514","8004  >  50048 [ACK] Seq=283998 Ack=141 Win=65024 Len=1448 TSval=2916034334 TSecr=3045554108 [TCP segment of a reassembled PDU]"
"15002","30.253848046","192.168.1.55","192.168.1.2","TCP","1514","8004  >  50048 [PSH, ACK] Seq=285446 Ack=141 Win=65024 Len=1448 TSval=2916034334 TSecr=3045554108 [TCP segment of a reassembled PDU]"
"15003","30.253852453","192.168.1.2","192.168.1.55","TCP","66","50048  >  8004 [ACK] Seq=141 Ack=202910 Win=95232 Len=0 TSval=3045554108 TSecr=2916034328"
"15004","30.253870694","192.168.1.55","192.168.1.2","TCP","1514","8004  >  50048 [ACK] Seq=286894 Ack=141 Win=65024 Len=1448 TSval=2916034334 TSecr=3045554108 [TCP segment of a reassembled PDU]"
"15005","30.253872638","192.168.1.55","192.168.1.2","TCP","1514","8004  >  50048 [ACK] Seq=288342 Ack=141 Win=65024 Len=1448 TSval=2916034334 TSecr=3045554108 [TCP segment of a reassembled PDU]"
"15006","30.253874027","192.168.1.55","192.168.1.2","TCP","1514","8004  >  50048 [ACK] Seq=289790 Ack=141 Win=65024 Len=1448 TSval=2916034334 TSecr=3045554108 [TCP segment of a reassembled PDU]"
"15007","30.253875360","192.168.1.55","192.168.1.2","TCP","1514","8004  >  50048 [ACK] Seq=291238 Ack=141 Win=65024 Len=1448 TSval=2916034334 TSecr=3045554108 [TCP segment of a reassembled PDU]"
"15008","30.253876749","192.168.1.55","192.168.1.2","TCP","1514","8004  >  50048 [ACK] Seq=292686 Ack=141 Win=65024 Len=1448 TSval=2916034334 TSecr=3045554108 [TCP segment of a reassembled PDU]"
"15009","30.253878064","192.168.1.55","192.168.1.2","TCP","1514","8004  >  50048 [ACK] Seq=294134 Ack=141 Win=65024 Len=1448 TSval=2916034334 TSecr=3045554108 [TCP segment of a reassembled PDU]"
"15010","30.253879546","192.168.1.55","192.168.1.2","TCP","1514","8004  >  50048 [PSH, ACK] Seq=295582 Ack=141 Win=65024 Len=1448 TSval=2916034334 TSecr=3045554108 [TCP segment of a reassembled PDU]"
"15011","30.263254283","192.168.1.2","192.168.1.55","TCP","66","50048  >  8004 [ACK] Seq=141 Ack=210150 Win=95232 Len=0 TSval=3045554116 TSecr=2916034334"
"15012","30.263269172","192.168.1.55","192.168.1.2","TCP","1514","8004  >  50048 [ACK] Seq=297030 Ack=141 Win=65024 Len=1448 TSval=2916034343 TSecr=3045554116 [TCP segment of a reassembled PDU]"
"15013","30.263271875","192.168.1.55","192.168.1.2","TCP","1514","8004  >  50048 [ACK] Seq=298478 Ack=141 Win=65024 Len=1448 TSval=2916034343 TSecr=3045554116 [TCP segment of a reassembled PDU]"
"15014","30.263273209","192.168.1.55","192.168.1.2","TCP","1514","8004  >  50048 [ACK] Seq=299926 Ack=141 Win=65024 Len=1448 TSval=2916034343 TSecr=3045554116 [TCP segment of a reassembled PDU]"
"15015","30.263274931","192.168.1.55","192.168.1.2","TCP","1514","8004  >  50048 [ACK] Seq=301374 Ack=141 Win=65024 Len=1448 TSval=2916034343 TSecr=3045554116 [TCP segment of a reassembled PDU]"
"15016","30.263276209","192.168.1.55","192.168.1.2","TCP","1514","8004  >  50048 [PSH, ACK] Seq=302822 Ack=141 Win=65024 Len=1448 TSval=2916034343 TSecr=3045554116 [TCP segment of a reassembled PDU]"
"15017","30.266558788","192.168.1.2","192.168.1.55","TCP","66","50048  >  8004 [ACK] Seq=141 Ack=213926 Win=102400 Len=0 TSval=3045554119 TSecr=2916034334"
"15018","30.266574195","192.168.1.55","192.168.1.2","TCP","1514","8004  >  50048 [ACK] Seq=304270 Ack=141 Win=65024 Len=1448 TSval=2916034347 TSecr=3045554119 [TCP segment of a reassembled PDU]"
"15019","30.266576751","192.168.1.55","192.168.1.2","TCP","1514","8004  >  50048 [ACK] Seq=305718 Ack=141 Win=65024 Len=1448 TSval=2916034347 TSecr=3045554119 [TCP segment of a reassembled PDU]"
"15020","30.266578547","192.168.1.55","192.168.1.2","TCP","1514","8004  >  50048 [ACK] Seq=307166 Ack=141 Win=65024 Len=1448 TSval=2916034347 TSecr=3045554119 [TCP segment of a reassembled PDU]"
"15021","30.266579954","192.168.1.55","192.168.1.2","TCP","1514","8004  >  50048 [ACK] Seq=308614 Ack=141 Win=65024 Len=1448 TSval=2916034347 TSecr=3045554119 [TCP segment of a reassembled PDU]"
"15022","30.266581380","192.168.1.55","192.168.1.2","TCP","1514","8004  >  50048 [ACK] Seq=310062 Ack=141 Win=65024 Len=1448 TSval=2916034347 TSecr=3045554119 [TCP segment of a reassembled PDU]"
"15023","30.266582917","192.168.1.55","192.168.1.2","TCP","1514","8004  >  50048 [ACK] Seq=311510 Ack=141 Win=65024 Len=1448 TSval=2916034347 TSecr=3045554119 [TCP segment of a reassembled PDU]"
"15024","30.266584325","192.168.1.55","192.168.1.2","TCP","1514","8004  >  50048 [ACK] Seq=312958 Ack=141 Win=65024 Len=1448 TSval=2916034347 TSecr=3045554119 [TCP segment of a reassembled PDU]"
"15025","30.266585732","192.168.1.55","192.168.1.2","TCP","1514","8004  >  50048 [PSH, ACK] Seq=314406 Ack=141 Win=65024 Len=1448 TSval=2916034347 TSecr=3045554119 [TCP segment of a reassembled PDU]"
"15026","30.267020307","192.168.1.2","192.168.1.55","TCP","66","50048  >  8004 [ACK] Seq=141 Ack=244334 Win=113664 Len=0 TSval=3045554119 TSecr=2916034334"
"15027","30.267037733","192.168.1.55","192.168.1.2","TCP","1514","8004  >  50048 [ACK] Seq=315854 Ack=141 Win=65024 Len=1448 TSval=2916034347 TSecr=3045554119 [TCP segment of a reassembled PDU]"
"15028","30.267040326","192.168.1.55","192.168.1.2","TCP","1514","8004  >  50048 [ACK] Seq=317302 Ack=141 Win=65024 Len=1448 TSval=2916034347 TSecr=3045554119 [TCP segment of a reassembled PDU]"
"15029","30.267041826","192.168.1.55","192.168.1.2","TCP","1514","8004  >  50048 [ACK] Seq=318750 Ack=141 Win=65024 Len=1448 TSval=2916034347 TSecr=3045554119 [TCP segment of a reassembled PDU]"
"15030","30.267043233","192.168.1.55","192.168.1.2","TCP","1514","8004  >  50048 [ACK] Seq=320198 Ack=141 Win=65024 Len=1448 TSval=2916034347 TSecr=3045554119 [TCP segment of a reassembled PDU]"
"15031","30.267044714","192.168.1.55","192.168.1.2","TCP","1514","8004  >  50048 [ACK] Seq=321646 Ack=141 Win=65024 Len=1448 TSval=2916034347 TSecr=3045554119 [TCP segment of a reassembled PDU]"
"15032","30.267046177","192.168.1.55","192.168.1.2","TCP","1514","8004  >  50048 [ACK] Seq=323094 Ack=141 Win=65024 Len=1448 TSval=2916034347 TSecr=3045554119 [TCP segment of a reassembled PDU]"
"15033","30.267047585","192.168.1.55","192.168.1.2","TCP","1514","8004  >  50048 [ACK] Seq=324542 Ack=141 Win=65024 Len=1448 TSval=2916034347 TSecr=3045554119 [TCP segment of a reassembled PDU]"
"15034","30.267049270","192.168.1.55","192.168.1.2","TCP","1514","8004  >  50048 [ACK] Seq=325990 Ack=141 Win=65024 Len=1448 TSval=2916034347 TSecr=3045554119 [TCP segment of a reassembled PDU]"
"15035","30.267050659","192.168.1.55","192.168.1.2","TCP","1514","8004  >  50048 [PSH, ACK] Seq=327438 Ack=141 Win=65024 Len=1448 TSval=2916034347 TSecr=3045554119 [TCP segment of a reassembled PDU]"
"15036","30.267055585","192.168.1.2","192.168.1.55","TCP","66","50048  >  8004 [ACK] Seq=141 Ack=244902 Win=116736 Len=0 TSval=3045554119 TSecr=2916034334"
"15037","30.267061400","192.168.1.2","192.168.1.55","TCP","66","50048  >  8004 [ACK] Seq=141 Ack=286894 Win=116736 Len=0 TSval=3045554119 TSecr=2916034334"
"15038","30.267097807","192.168.1.55","192.168.1.2","TCP","1514","8004  >  50048 [ACK] Seq=328886 Ack=141 Win=65024 Len=1448 TSval=2916034347 TSecr=3045554119 [TCP segment of a reassembled PDU]"
"15039","30.267099733","192.168.1.55","192.168.1.2","TCP","1514","8004  >  50048 [ACK] Seq=330334 Ack=141 Win=65024 Len=1448 TSval=2916034347 TSecr=3045554119 [TCP segment of a reassembled PDU]"
"15040","30.267101085","192.168.1.55","192.168.1.2","TCP","1514","8004  >  50048 [ACK] Seq=331782 Ack=141 Win=65024 Len=1448 TSval=2916034347 TSecr=3045554119 [TCP segment of a reassembled PDU]"
"15041","30.267102622","192.168.1.55","192.168.1.2","TCP","1514","8004  >  50048 [ACK] Seq=333230 Ack=141 Win=65024 Len=1448 TSval=2916034347 TSecr=3045554119 [TCP segment of a reassembled PDU]"
"15042","30.267104159","192.168.1.55","192.168.1.2","TCP","1514","8004  >  50048 [ACK] Seq=334678 Ack=141 Win=65024 Len=1448 TSval=2916034347 TSecr=3045554119 [TCP segment of a reassembled PDU]"
"15043","30.267105529","192.168.1.55","192.168.1.2","TCP","1514","8004  >  50048 [ACK] Seq=336126 Ack=141 Win=65024 Len=1448 TSval=2916034347 TSecr=3045554119 [TCP segment of a reassembled PDU]"
"15044","30.267107011","192.168.1.55","192.168.1.2","TCP","1514","8004  >  50048 [ACK] Seq=337574 Ack=141 Win=65024 Len=1448 TSval=2916034347 TSecr=3045554119 [TCP segment of a reassembled PDU]"
"15045","30.267108511","192.168.1.55","192.168.1.2","TCP","1514","8004  >  50048 [ACK] Seq=339022 Ack=141 Win=65024 Len=1448 TSval=2916034347 TSecr=3045554119 [TCP segment of a reassembled PDU]"
"15046","30.267110103","192.168.1.55","192.168.1.2","TCP","1514","8004  >  50048 [ACK] Seq=340470 Ack=141 Win=65024 Len=1448 TSval=2916034347 TSecr=3045554119 [TCP segment of a reassembled PDU]"
"15047","30.267112140","192.168.1.55","192.168.1.2","TCP","1514","8004  >  50048 [ACK] Seq=341918 Ack=141 Win=65024 Len=1448 TSval=2916034347 TSecr=3045554119 [TCP segment of a reassembled PDU]"
"15048","30.267113511","192.168.1.55","192.168.1.2","TCP","1514","8004  >  50048 [ACK] Seq=343366 Ack=141 Win=65024 Len=1448 TSval=2916034347 TSecr=3045554119 [TCP segment of a reassembled PDU]"
"15049","30.267115048","192.168.1.55","192.168.1.2","TCP","1514","8004  >  50048 [ACK] Seq=344814 Ack=141 Win=65024 Len=1448 TSval=2916034347 TSecr=3045554119 [TCP segment of a reassembled PDU]"
"15050","30.267116659","192.168.1.55","192.168.1.2","TCP","1514","8004  >  50048 [ACK] Seq=346262 Ack=141 Win=65024 Len=1448 TSval=2916034347 TSecr=3045554119 [TCP segment of a reassembled PDU]"
"15051","30.267118270","192.168.1.55","192.168.1.2","TCP","1514","8004  >  50048 [ACK] Seq=347710 Ack=141 Win=65024 Len=1448 TSval=2916034347 TSecr=3045554119 [TCP segment of a reassembled PDU]"
"15052","30.267120048","192.168.1.55","192.168.1.2","TCP","1514","8004  >  50048 [ACK] Seq=349158 Ack=141 Win=65024 Len=1448 TSval=2916034347 TSecr=3045554119 [TCP segment of a reassembled PDU]"
"15053","30.267121455","192.168.1.55","192.168.1.2","TCP","1514","8004  >  50048 [ACK] Seq=350606 Ack=141 Win=65024 Len=1448 TSval=2916034347 TSecr=3045554119 [TCP segment of a reassembled PDU]"
"15054","30.267122918","192.168.1.55","192.168.1.2","TCP","1514","8004  >  50048 [ACK] Seq=352054 Ack=141 Win=65024 Len=1448 TSval=2916034347 TSecr=3045554119 [TCP segment of a reassembled PDU]"
"15055","30.267124289","192.168.1.55","192.168.1.2","TCP","1514","8004  >  50048 [ACK] Seq=353502 Ack=141 Win=65024 Len=1448 TSval=2916034347 TSecr=3045554119 [TCP segment of a reassembled PDU]"
"15056","30.267125863","192.168.1.55","192.168.1.2","TCP","1514","8004  >  50048 [ACK] Seq=354950 Ack=141 Win=65024 Len=1448 TSval=2916034347 TSecr=3045554119 [TCP segment of a reassembled PDU]"
"15057","30.267127344","192.168.1.55","192.168.1.2","TCP","1514","8004  >  50048 [ACK] Seq=356398 Ack=141 Win=65024 Len=1448 TSval=2916034347 TSecr=3045554119 [TCP segment of a reassembled PDU]"
"15058","30.267128696","192.168.1.55","192.168.1.2","TCP","1514","8004  >  50048 [ACK] Seq=357846 Ack=141 Win=65024 Len=1448 TSval=2916034347 TSecr=3045554119 [TCP segment of a reassembled PDU]"
"15059","30.267130233","192.168.1.55","192.168.1.2","TCP","1514","8004  >  50048 [ACK] Seq=359294 Ack=141 Win=65024 Len=1448 TSval=2916034347 TSecr=3045554119 [TCP segment of a reassembled PDU]"
"15060","30.267131770","192.168.1.55","192.168.1.2","TCP","1514","8004  >  50048 [ACK] Seq=360742 Ack=141 Win=65024 Len=1448 TSval=2916034347 TSecr=3045554119 [TCP segment of a reassembled PDU]"
"15061","30.267133252","192.168.1.55","192.168.1.2","TCP","1514","8004  >  50048 [ACK] Seq=362190 Ack=141 Win=65024 Len=1448 TSval=2916034347 TSecr=3045554119 [TCP segment of a reassembled PDU]"
"15062","30.267135085","192.168.1.55","192.168.1.2","TCP","1514","8004  >  50048 [ACK] Seq=363638 Ack=141 Win=65024 Len=1448 TSval=2916034347 TSecr=3045554119 [TCP segment of a reassembled PDU]"
"15063","30.267136474","192.168.1.55","192.168.1.2","TCP","1514","8004  >  50048 [ACK] Seq=365086 Ack=141 Win=65024 Len=1448 TSval=2916034347 TSecr=3045554119 [TCP segment of a reassembled PDU]"
"15064","30.267137974","192.168.1.55","192.168.1.2","TCP","1514","8004  >  50048 [ACK] Seq=366534 Ack=141 Win=65024 Len=1448 TSval=2916034347 TSecr=3045554119 [TCP segment of a reassembled PDU]"
"15065","30.267139344","192.168.1.55","192.168.1.2","TCP","1514","8004  >  50048 [ACK] Seq=367982 Ack=141 Win=65024 Len=1448 TSval=2916034347 TSecr=3045554119 [TCP segment of a reassembled PDU]"
"15066","30.267140752","192.168.1.55","192.168.1.2","TCP","1514","8004  >  50048 [PSH, ACK] Seq=369430 Ack=141 Win=65024 Len=1448 TSval=2916034347 TSecr=3045554119 [TCP segment of a reassembled PDU]"
"15067","30.267145955","192.168.1.2","192.168.1.55","TCP","66","50048  >  8004 [ACK] Seq=141 Ack=297030 Win=122880 Len=0 TSval=3045554119 TSecr=2916034334"
"15068","30.267185011","192.168.1.55","192.168.1.2","TCP","1514","8004  >  50048 [ACK] Seq=370878 Ack=141 Win=65024 Len=1448 TSval=2916034347 TSecr=3045554119 [TCP segment of a reassembled PDU]"
"15069","30.267186844","192.168.1.55","192.168.1.2","TCP","1514","8004  >  50048 [ACK] Seq=372326 Ack=141 Win=65024 Len=1448 TSval=2916034347 TSecr=3045554119 [TCP segment of a reassembled PDU]"
"15070","30.267188326","192.168.1.55","192.168.1.2","TCP","1514","8004  >  50048 [ACK] Seq=373774 Ack=141 Win=65024 Len=1448 TSval=2916034347 TSecr=3045554119 [TCP segment of a reassembled PDU]"
"15071","30.267189715","192.168.1.55","192.168.1.2","TCP","1514","8004  >  50048 [ACK] Seq=375222 Ack=141 Win=65024 Len=1448 TSval=2916034347 TSecr=3045554119 [TCP segment of a reassembled PDU]"
"15072","30.267191104","192.168.1.55","192.168.1.2","TCP","1514","8004  >  50048 [ACK] Seq=376670 Ack=141 Win=65024 Len=1448 TSval=2916034347 TSecr=3045554119 [TCP segment of a reassembled PDU]"
"15073","30.267192548","192.168.1.55","192.168.1.2","TCP","1514","8004  >  50048 [ACK] Seq=378118 Ack=141 Win=65024 Len=1448 TSval=2916034347 TSecr=3045554119 [TCP segment of a reassembled PDU]"
"15074","30.267193918","192.168.1.55","192.168.1.2","TCP","1514","8004  >  50048 [ACK] Seq=379566 Ack=141 Win=65024 Len=1448 TSval=2916034347 TSecr=3045554119 [TCP segment of a reassembled PDU]"
"15075","30.267195418","192.168.1.55","192.168.1.2","TCP","1514","8004  >  50048 [ACK] Seq=381014 Ack=141 Win=65024 Len=1448 TSval=2916034347 TSecr=3045554119 [TCP segment of a reassembled PDU]"
"15076","30.267196789","192.168.1.55","192.168.1.2","TCP","1514","8004  >  50048 [ACK] Seq=382462 Ack=141 Win=65024 Len=1448 TSval=2916034347 TSecr=3045554119 [TCP segment of a reassembled PDU]"
"15077","30.267198178","192.168.1.55","192.168.1.2","TCP","1514","8004  >  50048 [ACK] Seq=383910 Ack=141 Win=65024 Len=1448 TSval=2916034347 TSecr=3045554119 [TCP segment of a reassembled PDU]"
"15078","30.267199752","192.168.1.55","192.168.1.2","TCP","1514","8004  >  50048 [ACK] Seq=385358 Ack=141 Win=65024 Len=1448 TSval=2916034347 TSecr=3045554119 [TCP segment of a reassembled PDU]"
"15079","30.267201122","192.168.1.55","192.168.1.2","TCP","1514","8004  >  50048 [ACK] Seq=386806 Ack=141 Win=65024 Len=1448 TSval=2916034347 TSecr=3045554119 [TCP segment of a reassembled PDU]"
"15080","30.267202585","192.168.1.55","192.168.1.2","TCP","1514","8004  >  50048 [ACK] Seq=388254 Ack=141 Win=65024 Len=1448 TSval=2916034347 TSecr=3045554119 [TCP segment of a reassembled PDU]"
"15081","30.267204048","192.168.1.55","192.168.1.2","TCP","1514","8004  >  50048 [ACK] Seq=389702 Ack=141 Win=65024 Len=1448 TSval=2916034347 TSecr=3045554119 [TCP segment of a reassembled PDU]"
"15082","30.267205752","192.168.1.55","192.168.1.2","TCP","1514","8004  >  50048 [ACK] Seq=391150 Ack=141 Win=65024 Len=1448 TSval=2916034347 TSecr=3045554119 [TCP segment of a reassembled PDU]"
"15083","30.267207196","192.168.1.55","192.168.1.2","TCP","1514","8004  >  50048 [ACK] Seq=392598 Ack=141 Win=65024 Len=1448 TSval=2916034347 TSecr=3045554119 [TCP segment of a reassembled PDU]"
"15084","30.267208567","192.168.1.55","192.168.1.2","TCP","1514","8004  >  50048 [ACK] Seq=394046 Ack=141 Win=65024 Len=1448 TSval=2916034347 TSecr=3045554119 [TCP segment of a reassembled PDU]"
"15085","30.267209918","192.168.1.55","192.168.1.2","TCP","1514","8004  >  50048 [ACK] Seq=395494 Ack=141 Win=65024 Len=1448 TSval=2916034347 TSecr=3045554119 [TCP segment of a reassembled PDU]"
"15086","30.267211455","192.168.1.55","192.168.1.2","TCP","1514","8004  >  50048 [ACK] Seq=396942 Ack=141 Win=65024 Len=1448 TSval=2916034347 TSecr=3045554119 [TCP segment of a reassembled PDU]"
"15087","30.267212918","192.168.1.55","192.168.1.2","TCP","1514","8004  >  50048 [ACK] Seq=398390 Ack=141 Win=65024 Len=1448 TSval=2916034347 TSecr=3045554119 [TCP segment of a reassembled PDU]"
"15088","30.267219770","192.168.1.55","192.168.1.2","TCP","1514","8004  >  50048 [ACK] Seq=399838 Ack=141 Win=65024 Len=1448 TSval=2916034347 TSecr=3045554119 [TCP segment of a reassembled PDU]"
"15089","30.267221696","192.168.1.55","192.168.1.2","TCP","1514","8004  >  50048 [ACK] Seq=401286 Ack=141 Win=65024 Len=1448 TSval=2916034347 TSecr=3045554119 [TCP segment of a reassembled PDU]"
"15090","30.267223159","192.168.1.55","192.168.1.2","TCP","1514","8004  >  50048 [ACK] Seq=402734 Ack=141 Win=65024 Len=1448 TSval=2916034347 TSecr=3045554119 [TCP segment of a reassembled PDU]"
"15091","30.267224604","192.168.1.55","192.168.1.2","TCP","1514","8004  >  50048 [ACK] Seq=404182 Ack=141 Win=65024 Len=1448 TSval=2916034347 TSecr=3045554119 [TCP segment of a reassembled PDU]"
"15092","30.267225993","192.168.1.55","192.168.1.2","TCP","1514","8004  >  50048 [ACK] Seq=405630 Ack=141 Win=65024 Len=1448 TSval=2916034347 TSecr=3045554119 [TCP segment of a reassembled PDU]"
"15093","30.267227659","192.168.1.55","192.168.1.2","TCP","1514","8004  >  50048 [ACK] Seq=407078 Ack=141 Win=65024 Len=1448 TSval=2916034347 TSecr=3045554119 [TCP segment of a reassembled PDU]"
"15094","30.267229233","192.168.1.55","192.168.1.2","TCP","1514","8004  >  50048 [ACK] Seq=408526 Ack=141 Win=65024 Len=1448 TSval=2916034347 TSecr=3045554119 [TCP segment of a reassembled PDU]"
"15095","30.267230715","192.168.1.55","192.168.1.2","TCP","1514","8004  >  50048 [ACK] Seq=409974 Ack=141 Win=65024 Len=1448 TSval=2916034347 TSecr=3045554119 [TCP segment of a reassembled PDU]"
"15096","30.267232252","192.168.1.55","192.168.1.2","TCP","1514","8004  >  50048 [ACK] Seq=411422 Ack=141 Win=65024 Len=1448 TSval=2916034347 TSecr=3045554119 [TCP segment of a reassembled PDU]"
"15097","30.267233733","192.168.1.55","192.168.1.2","TCP","1514","8004  >  50048 [ACK] Seq=412870 Ack=141 Win=65024 Len=1448 TSval=2916034347 TSecr=3045554119 [TCP segment of a reassembled PDU]"
"15098","30.267235085","192.168.1.55","192.168.1.2","TCP","1514","8004  >  50048 [PSH, ACK] Seq=414318 Ack=141 Win=65024 Len=1448 TSval=2916034347 TSecr=3045554119 [TCP segment of a reassembled PDU]"
"15099","30.267309900","192.168.1.2","192.168.1.55","TCP","66","50048  >  8004 [ACK] Seq=141 Ack=298478 Win=124928 Len=0 TSval=3045554120 TSecr=2916034343"
"15100","30.267318104","192.168.1.2","192.168.1.55","TCP","66","50048  >  8004 [ACK] Seq=141 Ack=299926 Win=128000 Len=0 TSval=3045554121 TSecr=2916034343"
"15101","30.267323974","192.168.1.2","192.168.1.55","TCP","66","50048  >  8004 [ACK] Seq=141 Ack=301374 Win=131072 Len=0 TSval=3045554122 TSecr=2916034343"
"15102","30.267328678","192.168.1.2","192.168.1.55","TCP","66","50048  >  8004 [ACK] Seq=141 Ack=304270 Win=137216 Len=0 TSval=3045554122 TSecr=2916034343"
"15103","30.268529791","192.168.1.55","192.168.1.2","TCP","1514","8004  >  50048 [ACK] Seq=415766 Ack=141 Win=65024 Len=1448 TSval=2916034349 TSecr=3045554122 [TCP segment of a reassembled PDU]"
"15104","30.268533976","192.168.1.55","192.168.1.2","TCP","1514","8004  >  50048 [ACK] Seq=417214 Ack=141 Win=65024 Len=1448 TSval=2916034349 TSecr=3045554122 [TCP segment of a reassembled PDU]"
"15105","30.268535458","192.168.1.55","192.168.1.2","TCP","1314","8004  >  50048 [PSH, ACK] Seq=418662 Ack=141 Win=65024 Len=1248 TSval=2916034349 TSecr=3045554122 [TCP segment of a reassembled PDU]"
"15106","30.268556643","192.168.1.55","192.168.1.2","TCP","1514","8004  >  50048 [ACK] Seq=419910 Ack=141 Win=65024 Len=1448 TSval=2916034349 TSecr=3045554122 [TCP segment of a reassembled PDU]"
"15107","30.268558680","192.168.1.55","192.168.1.2","TCP","1514","8004  >  50048 [ACK] Seq=421358 Ack=141 Win=65024 Len=1448 TSval=2916034349 TSecr=3045554122 [TCP segment of a reassembled PDU]"
"15108","30.268560069","192.168.1.55","192.168.1.2","TCP","1514","8004  >  50048 [ACK] Seq=422806 Ack=141 Win=65024 Len=1448 TSval=2916034349 TSecr=3045554122 [TCP segment of a reassembled PDU]"
"15109","30.268561624","192.168.1.55","192.168.1.2","TCP","1514","8004  >  50048 [ACK] Seq=424254 Ack=141 Win=65024 Len=1448 TSval=2916034349 TSecr=3045554122 [TCP segment of a reassembled PDU]"
"15110","30.268562995","192.168.1.55","192.168.1.2","TCP","1514","8004  >  50048 [ACK] Seq=425702 Ack=141 Win=65024 Len=1448 TSval=2916034349 TSecr=3045554122 [TCP segment of a reassembled PDU]"
"15111","30.268564476","192.168.1.55","192.168.1.2","TCP","1514","8004  >  50048 [ACK] Seq=427150 Ack=141 Win=65024 Len=1448 TSval=2916034349 TSecr=3045554122 [TCP segment of a reassembled PDU]"
"15112","30.268565939","192.168.1.55","192.168.1.2","TCP","1514","8004  >  50048 [ACK] Seq=428598 Ack=141 Win=65024 Len=1448 TSval=2916034349 TSecr=3045554122 [TCP segment of a reassembled PDU]"
"15113","30.268567365","192.168.1.55","192.168.1.2","TCP","1514","8004  >  50048 [ACK] Seq=430046 Ack=141 Win=65024 Len=1448 TSval=2916034349 TSecr=3045554122 [TCP segment of a reassembled PDU]"
"15114","30.268568828","192.168.1.55","192.168.1.2","TCP","1514","8004  >  50048 [ACK] Seq=431494 Ack=141 Win=65024 Len=1448 TSval=2916034349 TSecr=3045554122 [TCP segment of a reassembled PDU]"
"15115","30.268570309","192.168.1.55","192.168.1.2","TCP","1514","8004  >  50048 [ACK] Seq=432942 Ack=141 Win=65024 Len=1448 TSval=2916034349 TSecr=3045554122 [TCP segment of a reassembled PDU]"
"15116","30.268571846","192.168.1.55","192.168.1.2","TCP","1514","8004  >  50048 [ACK] Seq=434390 Ack=141 Win=65024 Len=1448 TSval=2916034349 TSecr=3045554122 [TCP segment of a reassembled PDU]"
"15117","30.268573402","192.168.1.55","192.168.1.2","TCP","1514","8004  >  50048 [ACK] Seq=435838 Ack=141 Win=65024 Len=1448 TSval=2916034349 TSecr=3045554122 [TCP segment of a reassembled PDU]"
"15118","30.268574791","192.168.1.55","192.168.1.2","TCP","1514","8004  >  50048 [ACK] Seq=437286 Ack=141 Win=65024 Len=1448 TSval=2916034349 TSecr=3045554122 [TCP segment of a reassembled PDU]"
"15119","30.268576272","192.168.1.55","192.168.1.2","TCP","1514","8004  >  50048 [PSH, ACK] Seq=438734 Ack=141 Win=65024 Len=1448 TSval=2916034349 TSecr=3045554122 [TCP segment of a reassembled PDU]"
"15120","30.274622652","192.168.1.2","192.168.1.55","TCP","66","50048  >  8004 [ACK] Seq=141 Ack=315854 Win=159744 Len=0 TSval=3045554129 TSecr=2916034347"
"15121","30.274667763","192.168.1.55","192.168.1.2","TCP","1514","8004  >  50048 [ACK] Seq=440182 Ack=141 Win=65024 Len=1448 TSval=2916034355 TSecr=3045554129 [TCP segment of a reassembled PDU]"
"15122","30.274671726","192.168.1.55","192.168.1.2","TCP","1514","8004  >  50048 [ACK] Seq=441630 Ack=141 Win=65024 Len=1448 TSval=2916034355 TSecr=3045554129 [TCP segment of a reassembled PDU]"
"15123","30.274673263","192.168.1.55","192.168.1.2","TCP","1514","8004  >  50048 [ACK] Seq=443078 Ack=141 Win=65024 Len=1448 TSval=2916034355 TSecr=3045554129 [TCP segment of a reassembled PDU]"
"15124","30.274674726","192.168.1.55","192.168.1.2","TCP","1514","8004  >  50048 [ACK] Seq=444526 Ack=141 Win=65024 Len=1448 TSval=2916034355 TSecr=3045554129 [TCP segment of a reassembled PDU]"
"15125","30.274676171","192.168.1.55","192.168.1.2","TCP","1514","8004  >  50048 [ACK] Seq=445974 Ack=141 Win=65024 Len=1448 TSval=2916034355 TSecr=3045554129 [TCP segment of a reassembled PDU]"
"15126","30.274677541","192.168.1.55","192.168.1.2","TCP","1514","8004  >  50048 [ACK] Seq=447422 Ack=141 Win=65024 Len=1448 TSval=2916034355 TSecr=3045554129 [TCP segment of a reassembled PDU]"
"15127","30.274679041","192.168.1.55","192.168.1.2","TCP","1514","8004  >  50048 [ACK] Seq=448870 Ack=141 Win=65024 Len=1448 TSval=2916034355 TSecr=3045554129 [TCP segment of a reassembled PDU]"
"15128","30.274680893","192.168.1.55","192.168.1.2","TCP","1514","8004  >  50048 [ACK] Seq=450318 Ack=141 Win=65024 Len=1448 TSval=2916034355 TSecr=3045554129 [TCP segment of a reassembled PDU]"
"15129","30.274682560","192.168.1.55","192.168.1.2","TCP","1514","8004  >  50048 [ACK] Seq=451766 Ack=141 Win=65024 Len=1448 TSval=2916034355 TSecr=3045554129 [TCP segment of a reassembled PDU]"
"15130","30.274684041","192.168.1.55","192.168.1.2","TCP","1514","8004  >  50048 [ACK] Seq=453214 Ack=141 Win=65024 Len=1448 TSval=2916034355 TSecr=3045554129 [TCP segment of a reassembled PDU]"
"15131","30.274685375","192.168.1.55","192.168.1.2","TCP","1514","8004  >  50048 [ACK] Seq=454662 Ack=141 Win=65024 Len=1448 TSval=2916034355 TSecr=3045554129 [TCP segment of a reassembled PDU]"
"15132","30.274686745","192.168.1.55","192.168.1.2","TCP","1514","8004  >  50048 [ACK] Seq=456110 Ack=141 Win=65024 Len=1448 TSval=2916034355 TSecr=3045554129 [TCP segment of a reassembled PDU]"
"15133","30.274688375","192.168.1.55","192.168.1.2","TCP","1514","8004  >  50048 [ACK] Seq=457558 Ack=141 Win=65024 Len=1448 TSval=2916034355 TSecr=3045554129 [TCP segment of a reassembled PDU]"
"15134","30.274689763","192.168.1.55","192.168.1.2","TCP","1514","8004  >  50048 [PSH, ACK] Seq=459006 Ack=141 Win=65024 Len=1448 TSval=2916034355 TSecr=3045554129 [TCP segment of a reassembled PDU]"
"15135","30.274697412","192.168.1.55","192.168.1.2","TCP","266","8004  >  50048 [ACK] Seq=460454 Ack=141 Win=65024 Len=200 TSval=2916034355 TSecr=3045554129 [TCP segment of a reassembled PDU]"
"15136","30.274758245","192.168.1.2","192.168.1.55","TCP","66","50048  >  8004 [ACK] Seq=141 Ack=328886 Win=164864 Len=0 TSval=3045554129 TSecr=2916034347"
"15137","30.274768023","192.168.1.2","192.168.1.55","TCP","66","50048  >  8004 [ACK] Seq=141 Ack=417214 Win=108544 Len=0 TSval=3045554130 TSecr=2916034347"
"15138","30.274808930","192.168.1.55","192.168.1.2","TCP","1514","8004  >  50048 [ACK] Seq=460654 Ack=141 Win=65024 Len=1448 TSval=2916034355 TSecr=3045554130 [TCP segment of a reassembled PDU]"
"15139","30.274811097","192.168.1.55","192.168.1.2","TCP","1514","8004  >  50048 [ACK] Seq=462102 Ack=141 Win=65024 Len=1448 TSval=2916034355 TSecr=3045554130 [TCP segment of a reassembled PDU]"
"15140","30.274812523","192.168.1.55","192.168.1.2","TCP","1514","8004  >  50048 [ACK] Seq=463550 Ack=141 Win=65024 Len=1448 TSval=2916034355 TSecr=3045554130 [TCP segment of a reassembled PDU]"
"15141","30.274813967","192.168.1.55","192.168.1.2","TCP","1514","8004  >  50048 [ACK] Seq=464998 Ack=141 Win=65024 Len=1448 TSval=2916034355 TSecr=3045554130 [TCP segment of a reassembled PDU]"
"15142","30.274815708","192.168.1.55","192.168.1.2","TCP","1514","8004  >  50048 [ACK] Seq=466446 Ack=141 Win=65024 Len=1448 TSval=2916034355 TSecr=3045554130 [TCP segment of a reassembled PDU]"
"15143","30.274817245","192.168.1.55","192.168.1.2","TCP","1514","8004  >  50048 [ACK] Seq=467894 Ack=141 Win=65024 Len=1448 TSval=2916034355 TSecr=3045554130 [TCP segment of a reassembled PDU]"
"15144","30.274818616","192.168.1.55","192.168.1.2","TCP","1514","8004  >  50048 [ACK] Seq=469342 Ack=141 Win=65024 Len=1448 TSval=2916034355 TSecr=3045554130 [TCP segment of a reassembled PDU]"
"15145","30.274820004","192.168.1.55","192.168.1.2","TCP","1514","8004  >  50048 [ACK] Seq=470790 Ack=141 Win=65024 Len=1448 TSval=2916034355 TSecr=3045554130 [TCP segment of a reassembled PDU]"
"15146","30.274821634","192.168.1.55","192.168.1.2","TCP","1514","8004  >  50048 [ACK] Seq=472238 Ack=141 Win=65024 Len=1448 TSval=2916034355 TSecr=3045554130 [TCP segment of a reassembled PDU]"
"15147","30.274823004","192.168.1.55","192.168.1.2","TCP","1514","8004  >  50048 [ACK] Seq=473686 Ack=141 Win=65024 Len=1448 TSval=2916034355 TSecr=3045554130 [TCP segment of a reassembled PDU]"
"15148","30.274824504","192.168.1.55","192.168.1.2","TCP","1514","8004  >  50048 [ACK] Seq=475134 Ack=141 Win=65024 Len=1448 TSval=2916034355 TSecr=3045554130 [TCP segment of a reassembled PDU]"
"15149","30.274826041","192.168.1.55","192.168.1.2","TCP","1514","8004  >  50048 [ACK] Seq=476582 Ack=141 Win=65024 Len=1448 TSval=2916034355 TSecr=3045554130 [TCP segment of a reassembled PDU]"
"15150","30.274827393","192.168.1.55","192.168.1.2","TCP","1514","8004  >  50048 [ACK] Seq=478030 Ack=141 Win=65024 Len=1448 TSval=2916034355 TSecr=3045554130 [TCP segment of a reassembled PDU]"
"15151","30.274828856","192.168.1.55","192.168.1.2","TCP","1514","8004  >  50048 [ACK] Seq=479478 Ack=141 Win=65024 Len=1448 TSval=2916034355 TSecr=3045554130 [TCP segment of a reassembled PDU]"
"15152","30.274830579","192.168.1.55","192.168.1.2","TCP","1514","8004  >  50048 [ACK] Seq=480926 Ack=141 Win=65024 Len=1448 TSval=2916034355 TSecr=3045554130 [TCP segment of a reassembled PDU]"
"15153","30.274832041","192.168.1.55","192.168.1.2","TCP","1514","8004  >  50048 [ACK] Seq=482374 Ack=141 Win=65024 Len=1448 TSval=2916034355 TSecr=3045554130 [TCP segment of a reassembled PDU]"
"15154","30.274833523","192.168.1.55","192.168.1.2","TCP","1514","8004  >  50048 [ACK] Seq=483822 Ack=141 Win=65024 Len=1448 TSval=2916034355 TSecr=3045554130 [TCP segment of a reassembled PDU]"
"15155","30.274834949","192.168.1.55","192.168.1.2","TCP","1514","8004  >  50048 [ACK] Seq=485270 Ack=141 Win=65024 Len=1448 TSval=2916034355 TSecr=3045554130 [TCP segment of a reassembled PDU]"
"15156","30.274836430","192.168.1.55","192.168.1.2","TCP","1514","8004  >  50048 [ACK] Seq=486718 Ack=141 Win=65024 Len=1448 TSval=2916034355 TSecr=3045554130 [TCP segment of a reassembled PDU]"
"15157","30.274837819","192.168.1.55","192.168.1.2","TCP","1514","8004  >  50048 [ACK] Seq=488166 Ack=141 Win=65024 Len=1448 TSval=2916034355 TSecr=3045554130 [TCP segment of a reassembled PDU]"
"15158","30.274839301","192.168.1.55","192.168.1.2","TCP","1514","8004  >  50048 [ACK] Seq=489614 Ack=141 Win=65024 Len=1448 TSval=2916034355 TSecr=3045554130 [TCP segment of a reassembled PDU]"
"15159","30.274840745","192.168.1.55","192.168.1.2","TCP","1514","8004  >  50048 [ACK] Seq=491062 Ack=141 Win=65024 Len=1448 TSval=2916034355 TSecr=3045554130 [TCP segment of a reassembled PDU]"
"15160","30.274842190","192.168.1.55","192.168.1.2","TCP","1514","8004  >  50048 [ACK] Seq=492510 Ack=141 Win=65024 Len=1448 TSval=2916034355 TSecr=3045554130 [TCP segment of a reassembled PDU]"
"15161","30.274843634","192.168.1.55","192.168.1.2","TCP","1514","8004  >  50048 [ACK] Seq=493958 Ack=141 Win=65024 Len=1448 TSval=2916034355 TSecr=3045554130 [TCP segment of a reassembled PDU]"
"15162","30.274845393","192.168.1.55","192.168.1.2","TCP","1514","8004  >  50048 [ACK] Seq=495406 Ack=141 Win=65024 Len=1448 TSval=2916034355 TSecr=3045554130 [TCP segment of a reassembled PDU]"
"15163","30.274846782","192.168.1.55","192.168.1.2","TCP","1514","8004  >  50048 [PSH, ACK] Seq=496854 Ack=141 Win=65024 Len=1448 TSval=2916034355 TSecr=3045554130 [TCP segment of a reassembled PDU]"
"15164","30.274852190","192.168.1.55","192.168.1.2","HTTP","1472","HTTP/1.0 200 OK  (PNG)"
"15165","30.277584935","192.168.1.2","192.168.1.55","TCP","66","50048  >  8004 [ACK] Seq=141 Ack=419910 Win=171008 Len=0 TSval=3045554130 TSecr=2916034349"
"15166","30.277644564","192.168.1.2","192.168.1.55","TCP","66","50048  >  8004 [ACK] Seq=141 Ack=432942 Win=173056 Len=0 TSval=3045554130 TSecr=2916034349"
"15167","30.279752438","192.168.1.2","192.168.1.55","TCP","66","50048  >  8004 [ACK] Seq=141 Ack=440182 Win=165888 Len=0 TSval=3045554132 TSecr=2916034349"
"15168","30.281380515","192.168.1.2","192.168.1.55","TCP","66","50048  >  8004 [ACK] Seq=141 Ack=460454 Win=168960 Len=0 TSval=3045554135 TSecr=2916034355"
"15169","30.281546219","192.168.1.2","192.168.1.55","TCP","66","50048  >  8004 [ACK] Seq=141 Ack=460654 Win=176128 Len=0 TSval=3045554136 TSecr=2916034355"
"15170","30.281551737","192.168.1.2","192.168.1.55","TCP","66","50048  >  8004 [ACK] Seq=141 Ack=489614 Win=176128 Len=0 TSval=3045554136 TSecr=2916034355"
"15171","30.281557108","192.168.1.2","192.168.1.55","TCP","66","50048  >  8004 [ACK] Seq=141 Ack=498302 Win=189440 Len=0 TSval=3045554137 TSecr=2916034355"
"15172","30.283343203","192.168.1.2","192.168.1.55","TCP","66","50048  >  8004 [FIN, ACK] Seq=141 Ack=499709 Win=192512 Len=0 TSval=3045554138 TSecr=2916034355"
"15173","30.283368740","192.168.1.55","192.168.1.2","TCP","66","8004  >  50048 [ACK] Seq=499709 Ack=142 Win=65024 Len=0 TSval=2916034364 TSecr=3045554138"
"15174","30.283410314","192.168.1.2","192.168.1.55","TCP","74","50058  >  8004 [SYN] Seq=0 Win=64240 Len=0 MSS=1460 SACK_PERM TSval=3045554138 TSecr=0 WS=1024"
"15175","30.283433870","192.168.1.55","192.168.1.2","TCP","74","8004  >  50058 [SYN, ACK] Seq=0 Ack=1 Win=65160 Len=0 MSS=1460 SACK_PERM TSval=2916034364 TSecr=3045554138 WS=128"
"15176","30.286686893","192.168.1.2","192.168.1.55","TCP","66","50058  >  8004 [ACK] Seq=1 Ack=1 Win=64512 Len=0 TSval=3045554141 TSecr=2916034364"
"15177","30.288134470","192.168.1.2","192.168.1.55","HTTP","209","GET /original_benchmark.png HTTP/1.1 "
"15178","30.288146636","192.168.1.55","192.168.1.2","TCP","66","8004  >  50058 [ACK] Seq=1 Ack=144 Win=65024 Len=0 TSval=2916034368 TSecr=3045554143"
"15179","30.288642471","192.168.1.55","192.168.1.2","TCP","255","8004  >  50058 [PSH, ACK] Seq=1 Ack=144 Win=65024 Len=189 TSval=2916034369 TSecr=3045554143 [TCP segment of a reassembled PDU]"
"15180","30.288733378","192.168.1.55","192.168.1.2","TCP","1514","8004  >  50058 [ACK] Seq=190 Ack=144 Win=65024 Len=1448 TSval=2916034369 TSecr=3045554143 [TCP segment of a reassembled PDU]"
"15181","30.288738008","192.168.1.55","192.168.1.2","TCP","1514","8004  >  50058 [ACK] Seq=1638 Ack=144 Win=65024 Len=1448 TSval=2916034369 TSecr=3045554143 [TCP segment of a reassembled PDU]"
"15182","30.288739489","192.168.1.55","192.168.1.2","TCP","1514","8004  >  50058 [ACK] Seq=3086 Ack=144 Win=65024 Len=1448 TSval=2916034369 TSecr=3045554143 [TCP segment of a reassembled PDU]"
"15183","30.288740971","192.168.1.55","192.168.1.2","TCP","1514","8004  >  50058 [ACK] Seq=4534 Ack=144 Win=65024 Len=1448 TSval=2916034369 TSecr=3045554143 [TCP segment of a reassembled PDU]"
"15184","30.288742915","192.168.1.55","192.168.1.2","TCP","1514","8004  >  50058 [PSH, ACK] Seq=5982 Ack=144 Win=65024 Len=1448 TSval=2916034369 TSecr=3045554143 [TCP segment of a reassembled PDU]"
"15185","30.288759082","192.168.1.55","192.168.1.2","TCP","1514","8004  >  50058 [ACK] Seq=7430 Ack=144 Win=65024 Len=1448 TSval=2916034369 TSecr=3045554143 [TCP segment of a reassembled PDU]"
"15186","30.288761008","192.168.1.55","192.168.1.2","TCP","1514","8004  >  50058 [ACK] Seq=8878 Ack=144 Win=65024 Len=1448 TSval=2916034369 TSecr=3045554143 [TCP segment of a reassembled PDU]"
"15187","30.288762378","192.168.1.55","192.168.1.2","TCP","1514","8004  >  50058 [ACK] Seq=10326 Ack=144 Win=65024 Len=1448 TSval=2916034369 TSecr=3045554143 [TCP segment of a reassembled PDU]"
"15188","30.288763656","192.168.1.55","192.168.1.2","TCP","1514","8004  >  50058 [PSH, ACK] Seq=11774 Ack=144 Win=65024 Len=1448 TSval=2916034369 TSecr=3045554143 [TCP segment of a reassembled PDU]"
"15189","30.292706144","192.168.1.2","192.168.1.55","TCP","66","50058  >  8004 [ACK] Seq=144 Ack=190 Win=64512 Len=0 TSval=3045554146 TSecr=2916034369"
"15190","30.292738625","192.168.1.55","192.168.1.2","TCP","1514","8004  >  50058 [ACK] Seq=13222 Ack=144 Win=65024 Len=1448 TSval=2916034373 TSecr=3045554146 [TCP segment of a reassembled PDU]"
"15191","30.292743144","192.168.1.55","192.168.1.2","TCP","1514","8004  >  50058 [PSH, ACK] Seq=14670 Ack=144 Win=65024 Len=1448 TSval=2916034373 TSecr=3045554146 [TCP segment of a reassembled PDU]"
"15192","30.292815347","192.168.1.2","192.168.1.55","TCP","66","50058  >  8004 [ACK] Seq=144 Ack=3086 Win=70656 Len=0 TSval=3045554146 TSecr=2916034369"
"15193","30.292824144","192.168.1.2","192.168.1.55","TCP","66","50058  >  8004 [ACK] Seq=144 Ack=5982 Win=76800 Len=0 TSval=3045554146 TSecr=2916034369"
"15194","30.292846866","192.168.1.55","192.168.1.2","TCP","1514","8004  >  50058 [ACK] Seq=16118 Ack=144 Win=65024 Len=1448 TSval=2916034373 TSecr=3045554146 [TCP segment of a reassembled PDU]"
"15195","30.292848922","192.168.1.55","192.168.1.2","TCP","1514","8004  >  50058 [ACK] Seq=17566 Ack=144 Win=65024 Len=1448 TSval=2916034373 TSecr=3045554146 [TCP segment of a reassembled PDU]"
"15196","30.292850255","192.168.1.55","192.168.1.2","TCP","1514","8004  >  50058 [ACK] Seq=19014 Ack=144 Win=65024 Len=1448 TSval=2916034373 TSecr=3045554146 [TCP segment of a reassembled PDU]"
"15197","30.292851699","192.168.1.55","192.168.1.2","TCP","1514","8004  >  50058 [ACK] Seq=20462 Ack=144 Win=65024 Len=1448 TSval=2916034373 TSecr=3045554146 [TCP segment of a reassembled PDU]"
"15198","30.292853125","192.168.1.55","192.168.1.2","TCP","1514","8004  >  50058 [ACK] Seq=21910 Ack=144 Win=65024 Len=1448 TSval=2916034373 TSecr=3045554146 [TCP segment of a reassembled PDU]"
"15199","30.292854422","192.168.1.55","192.168.1.2","TCP","1514","8004  >  50058 [ACK] Seq=23358 Ack=144 Win=65024 Len=1448 TSval=2916034373 TSecr=3045554146 [TCP segment of a reassembled PDU]"
"15200","30.292855866","192.168.1.55","192.168.1.2","TCP","1514","8004  >  50058 [PSH, ACK] Seq=24806 Ack=144 Win=65024 Len=1448 TSval=2916034373 TSecr=3045554146 [TCP segment of a reassembled PDU]"
"15201","30.292860773","192.168.1.2","192.168.1.55","TCP","66","50058  >  8004 [ACK] Seq=144 Ack=7430 Win=79872 Len=0 TSval=3045554147 TSecr=2916034369"
"15202","30.292867644","192.168.1.2","192.168.1.55","TCP","66","50058  >  8004 [ACK] Seq=144 Ack=13222 Win=79872 Len=0 TSval=3045554147 TSecr=2916034369"
"15203","30.292889459","192.168.1.55","192.168.1.2","TCP","1514","8004  >  50058 [ACK] Seq=26254 Ack=144 Win=65024 Len=1448 TSval=2916034373 TSecr=3045554147 [TCP segment of a reassembled PDU]"
"15204","30.292891514","192.168.1.55","192.168.1.2","TCP","1514","8004  >  50058 [ACK] Seq=27702 Ack=144 Win=65024 Len=1448 TSval=2916034373 TSecr=3045554147 [TCP segment of a reassembled PDU]"
"15205","30.292892940","192.168.1.55","192.168.1.2","TCP","1514","8004  >  50058 [ACK] Seq=29150 Ack=144 Win=65024 Len=1448 TSval=2916034373 TSecr=3045554147 [TCP segment of a reassembled PDU]"
"15206","30.292894366","192.168.1.55","192.168.1.2","TCP","1514","8004  >  50058 [ACK] Seq=30598 Ack=144 Win=65024 Len=1448 TSval=2916034373 TSecr=3045554147 [TCP segment of a reassembled PDU]"
"15207","30.292895774","192.168.1.55","192.168.1.2","TCP","1514","8004  >  50058 [ACK] Seq=32046 Ack=144 Win=65024 Len=1448 TSval=2916034373 TSecr=3045554147 [TCP segment of a reassembled PDU]"
"15208","30.292897070","192.168.1.55","192.168.1.2","TCP","1514","8004  >  50058 [ACK] Seq=33494 Ack=144 Win=65024 Len=1448 TSval=2916034373 TSecr=3045554147 [TCP segment of a reassembled PDU]"
"15209","30.292898459","192.168.1.55","192.168.1.2","TCP","1514","8004  >  50058 [ACK] Seq=34942 Ack=144 Win=65024 Len=1448 TSval=2916034373 TSecr=3045554147 [TCP segment of a reassembled PDU]"
"15210","30.292899792","192.168.1.55","192.168.1.2","TCP","1514","8004  >  50058 [ACK] Seq=36390 Ack=144 Win=65024 Len=1448 TSval=2916034373 TSecr=3045554147 [TCP segment of a reassembled PDU]"
"15211","30.292901181","192.168.1.55","192.168.1.2","TCP","1514","8004  >  50058 [ACK] Seq=37838 Ack=144 Win=65024 Len=1448 TSval=2916034373 TSecr=3045554147 [TCP segment of a reassembled PDU]"
"15212","30.292902625","192.168.1.55","192.168.1.2","TCP","1514","8004  >  50058 [PSH, ACK] Seq=39286 Ack=144 Win=65024 Len=1448 TSval=2916034373 TSecr=3045554147 [TCP segment of a reassembled PDU]"
"15213","30.293805349","192.168.1.55","192.168.1.2","TCP","1514","8004  >  50058 [ACK] Seq=40734 Ack=144 Win=65024 Len=1448 TSval=2916034374 TSecr=3045554147 [TCP segment of a reassembled PDU]"
"15214","30.297287447","192.168.1.2","192.168.1.55","TCP","66","50058  >  8004 [ACK] Seq=144 Ack=16118 Win=84992 Len=0 TSval=3045554152 TSecr=2916034373"
"15215","30.297351966","192.168.1.55","192.168.1.2","TCP","1514","8004  >  50058 [ACK] Seq=42182 Ack=144 Win=65024 Len=1448 TSval=2916034378 TSecr=3045554152 [TCP segment of a reassembled PDU]"
"15216","30.297356966","192.168.1.55","192.168.1.2","TCP","1514","8004  >  50058 [PSH, ACK] Seq=43630 Ack=144 Win=65024 Len=1448 TSval=2916034378 TSecr=3045554152 [TCP segment of a reassembled PDU]"
"15217","30.297427836","192.168.1.2","192.168.1.55","TCP","66","50058  >  8004 [ACK] Seq=144 Ack=26254 Win=81920 Len=0 TSval=3045554152 TSecr=2916034373"
"15218","30.297459614","192.168.1.55","192.168.1.2","TCP","1514","8004  >  50058 [ACK] Seq=45078 Ack=144 Win=65024 Len=1448 TSval=2916034378 TSecr=3045554152 [TCP segment of a reassembled PDU]"
"15219","30.297461781","192.168.1.55","192.168.1.2","TCP","1514","8004  >  50058 [ACK] Seq=46526 Ack=144 Win=65024 Len=1448 TSval=2916034378 TSecr=3045554152 [TCP segment of a reassembled PDU]"
"15220","30.297463262","192.168.1.55","192.168.1.2","TCP","1514","8004  >  50058 [ACK] Seq=47974 Ack=144 Win=65024 Len=1448 TSval=2916034378 TSecr=3045554152 [TCP segment of a reassembled PDU]"
"15221","30.297464818","192.168.1.55","192.168.1.2","TCP","1514","8004  >  50058 [ACK] Seq=49422 Ack=144 Win=65024 Len=1448 TSval=2916034378 TSecr=3045554152 [TCP segment of a reassembled PDU]"
"15222","30.297466836","192.168.1.55","192.168.1.2","TCP","1514","8004  >  50058 [ACK] Seq=50870 Ack=144 Win=65024 Len=1448 TSval=2916034378 TSecr=3045554152 [TCP segment of a reassembled PDU]"
"15223","30.297468725","192.168.1.55","192.168.1.2","TCP","1514","8004  >  50058 [ACK] Seq=52318 Ack=144 Win=65024 Len=1448 TSval=2916034378 TSecr=3045554152 [TCP segment of a reassembled PDU]"
"15224","30.297470188","192.168.1.55","192.168.1.2","TCP","1514","8004  >  50058 [ACK] Seq=53766 Ack=144 Win=65024 Len=1448 TSval=2916034378 TSecr=3045554152 [TCP segment of a reassembled PDU]"
"15225","30.297471447","192.168.1.55","192.168.1.2","TCP","1514","8004  >  50058 [ACK] Seq=55214 Ack=144 Win=65024 Len=1448 TSval=2916034378 TSecr=3045554152 [TCP segment of a reassembled PDU]"
"15226","30.297472799","192.168.1.55","192.168.1.2","TCP","1514","8004  >  50058 [ACK] Seq=56662 Ack=144 Win=65024 Len=1448 TSval=2916034378 TSecr=3045554152 [TCP segment of a reassembled PDU]"
"15227","30.297474170","192.168.1.55","192.168.1.2","TCP","1514","8004  >  50058 [ACK] Seq=58110 Ack=144 Win=65024 Len=1448 TSval=2916034378 TSecr=3045554152 [TCP segment of a reassembled PDU]"
"15228","30.297475503","192.168.1.55","192.168.1.2","TCP","1514","8004  >  50058 [ACK] Seq=59558 Ack=144 Win=65024 Len=1448 TSval=2916034378 TSecr=3045554152 [TCP segment of a reassembled PDU]"
"15229","30.297476892","192.168.1.55","192.168.1.2","TCP","1514","8004  >  50058 [ACK] Seq=61006 Ack=144 Win=65024 Len=1448 TSval=2916034378 TSecr=3045554152 [TCP segment of a reassembled PDU]"
"15230","30.297478577","192.168.1.55","192.168.1.2","TCP","1514","8004  >  50058 [ACK] Seq=62454 Ack=144 Win=65024 Len=1448 TSval=2916034378 TSecr=3045554152 [TCP segment of a reassembled PDU]"
"15231","30.297480133","192.168.1.55","192.168.1.2","TCP","1514","8004  >  50058 [PSH, ACK] Seq=63902 Ack=144 Win=65024 Len=1448 TSval=2916034378 TSecr=3045554152 [TCP segment of a reassembled PDU]"
"15232","30.297486299","192.168.1.2","192.168.1.55","TCP","66","50058  >  8004 [ACK] Seq=144 Ack=40734 Win=79872 Len=0 TSval=3045554153 TSecr=2916034373"
"15233","30.297516151","192.168.1.55","192.168.1.2","TCP","1514","8004  >  50058 [ACK] Seq=65350 Ack=144 Win=65024 Len=1448 TSval=2916034378 TSecr=3045554153 [TCP segment of a reassembled PDU]"
"15234","30.297519762","192.168.1.55","192.168.1.2","TCP","1514","8004  >  50058 [ACK] Seq=66798 Ack=144 Win=65024 Len=1448 TSval=2916034378 TSecr=3045554153 [TCP segment of a reassembled PDU]"
"15235","30.297521484","192.168.1.55","192.168.1.2","TCP","1514","8004  >  50058 [ACK] Seq=68246 Ack=144 Win=65024 Len=1448 TSval=2916034378 TSecr=3045554153 [TCP segment of a reassembled PDU]"
"15236","30.297522818","192.168.1.55","192.168.1.2","TCP","1514","8004  >  50058 [ACK] Seq=69694 Ack=144 Win=65024 Len=1448 TSval=2916034378 TSecr=3045554153 [TCP segment of a reassembled PDU]"
"15237","30.297524151","192.168.1.55","192.168.1.2","TCP","1514","8004  >  50058 [ACK] Seq=71142 Ack=144 Win=65024 Len=1448 TSval=2916034378 TSecr=3045554153 [TCP segment of a reassembled PDU]"
"15238","30.297525651","192.168.1.55","192.168.1.2","TCP","1514","8004  >  50058 [ACK] Seq=72590 Ack=144 Win=65024 Len=1448 TSval=2916034378 TSecr=3045554153 [TCP segment of a reassembled PDU]"
"15239","30.297526984","192.168.1.55","192.168.1.2","TCP","1514","8004  >  50058 [ACK] Seq=74038 Ack=144 Win=65024 Len=1448 TSval=2916034378 TSecr=3045554153 [TCP segment of a reassembled PDU]"
"15240","30.297528336","192.168.1.55","192.168.1.2","TCP","1514","8004  >  50058 [PSH, ACK] Seq=75486 Ack=144 Win=65024 Len=1448 TSval=2916034378 TSecr=3045554153 [TCP segment of a reassembled PDU]"
"15241","30.297566170","192.168.1.55","192.168.1.2","TCP","1514","8004  >  50058 [ACK] Seq=76934 Ack=144 Win=65024 Len=1448 TSval=2916034378 TSecr=3045554153 [TCP segment of a reassembled PDU]"
"15242","30.297568466","192.168.1.55","192.168.1.2","TCP","1514","8004  >  50058 [ACK] Seq=78382 Ack=144 Win=65024 Len=1448 TSval=2916034378 TSecr=3045554153 [TCP segment of a reassembled PDU]"
"15243","30.297570151","192.168.1.55","192.168.1.2","TCP","1514","8004  >  50058 [ACK] Seq=79830 Ack=144 Win=65024 Len=1448 TSval=2916034378 TSecr=3045554153 [TCP segment of a reassembled PDU]"
"15244","30.297571466","192.168.1.55","192.168.1.2","TCP","1514","8004  >  50058 [ACK] Seq=81278 Ack=144 Win=65024 Len=1448 TSval=2916034378 TSecr=3045554153 [TCP segment of a reassembled PDU]"
"15245","30.297572781","192.168.1.55","192.168.1.2","TCP","1514","8004  >  50058 [ACK] Seq=82726 Ack=144 Win=65024 Len=1448 TSval=2916034378 TSecr=3045554153 [TCP segment of a reassembled PDU]"
"15246","30.297574244","192.168.1.55","192.168.1.2","TCP","1514","8004  >  50058 [ACK] Seq=84174 Ack=144 Win=65024 Len=1448 TSval=2916034378 TSecr=3045554153 [TCP segment of a reassembled PDU]"
"15247","30.297575596","192.168.1.55","192.168.1.2","TCP","1514","8004  >  50058 [ACK] Seq=85622 Ack=144 Win=65024 Len=1448 TSval=2916034378 TSecr=3045554153 [TCP segment of a reassembled PDU]"
"15248","30.297578077","192.168.1.55","192.168.1.2","TCP","1514","8004  >  50058 [ACK] Seq=87070 Ack=144 Win=65024 Len=1448 TSval=2916034378 TSecr=3045554153 [TCP segment of a reassembled PDU]"
"15249","30.297579966","192.168.1.55","192.168.1.2","TCP","1514","8004  >  50058 [ACK] Seq=88518 Ack=144 Win=65024 Len=1448 TSval=2916034378 TSecr=3045554153 [TCP segment of a reassembled PDU]"
"15250","30.297582040","192.168.1.55","192.168.1.2","TCP","1514","8004  >  50058 [ACK] Seq=89966 Ack=144 Win=65024 Len=1448 TSval=2916034378 TSecr=3045554153 [TCP segment of a reassembled PDU]"
"15251","30.297583429","192.168.1.55","192.168.1.2","TCP","1514","8004  >  50058 [ACK] Seq=91414 Ack=144 Win=65024 Len=1448 TSval=2916034378 TSecr=3045554153 [TCP segment of a reassembled PDU]"
"15252","30.297584725","192.168.1.55","192.168.1.2","TCP","1514","8004  >  50058 [ACK] Seq=92862 Ack=144 Win=65024 Len=1448 TSval=2916034378 TSecr=3045554153 [TCP segment of a reassembled PDU]"
"15253","30.297586318","192.168.1.55","192.168.1.2","TCP","1514","8004  >  50058 [ACK] Seq=94310 Ack=144 Win=65024 Len=1448 TSval=2916034378 TSecr=3045554153 [TCP segment of a reassembled PDU]"
"15254","30.297587781","192.168.1.55","192.168.1.2","TCP","1514","8004  >  50058 [PSH, ACK] Seq=95758 Ack=144 Win=65024 Len=1448 TSval=2916034378 TSecr=3045554153 [TCP segment of a reassembled PDU]"
"15255","30.297593688","192.168.1.2","192.168.1.55","TCP","66","50058  >  8004 [ACK] Seq=144 Ack=42182 Win=78848 Len=0 TSval=3045554153 TSecr=2916034374"
"15256","30.298822468","192.168.1.55","192.168.1.2","TCP","1514","8004  >  50058 [ACK] Seq=97206 Ack=144 Win=65024 Len=1448 TSval=2916034379 TSecr=3045554153 [TCP segment of a reassembled PDU]"
"15257","30.298829635","192.168.1.55","192.168.1.2","TCP","1514","8004  >  50058 [PSH, ACK] Seq=98654 Ack=144 Win=65024 Len=1448 TSval=2916034379 TSecr=3045554153 [TCP segment of a reassembled PDU]"
"15258","30.302886585","192.168.1.2","192.168.1.55","TCP","66","50058  >  8004 [ACK] Seq=144 Ack=45078 Win=88064 Len=0 TSval=3045554157 TSecr=2916034378"
"15259","30.302930697","192.168.1.55","192.168.1.2","TCP","1514","8004  >  50058 [ACK] Seq=100102 Ack=144 Win=65024 Len=1448 TSval=2916034383 TSecr=3045554157 [TCP segment of a reassembled PDU]"
"15260","30.302938252","192.168.1.55","192.168.1.2","TCP","1514","8004  >  50058 [ACK] Seq=101550 Ack=144 Win=65024 Len=1448 TSval=2916034383 TSecr=3045554157 [TCP segment of a reassembled PDU]"
"15261","30.302940382","192.168.1.55","192.168.1.2","TCP","1514","8004  >  50058 [ACK] Seq=102998 Ack=144 Win=65024 Len=1448 TSval=2916034383 TSecr=3045554157 [TCP segment of a reassembled PDU]"
"15262","30.302942697","192.168.1.55","192.168.1.2","TCP","1514","8004  >  50058 [PSH, ACK] Seq=104446 Ack=144 Win=65024 Len=1448 TSval=2916034383 TSecr=3045554157 [TCP segment of a reassembled PDU]"
"15263","30.303213753","192.168.1.2","192.168.1.55","TCP","66","50058  >  8004 [ACK] Seq=144 Ack=65350 Win=73728 Len=0 TSval=3045554157 TSecr=2916034378"
"15264","30.303231734","192.168.1.55","192.168.1.2","TCP","1514","8004  >  50058 [ACK] Seq=105894 Ack=144 Win=65024 Len=1448 TSval=2916034383 TSecr=3045554157 [TCP segment of a reassembled PDU]"
"15265","30.303233790","192.168.1.55","192.168.1.2","TCP","1514","8004  >  50058 [ACK] Seq=107342 Ack=144 Win=65024 Len=1448 TSval=2916034383 TSecr=3045554157 [TCP segment of a reassembled PDU]"
"15266","30.303235123","192.168.1.55","192.168.1.2","TCP","1514","8004  >  50058 [ACK] Seq=108790 Ack=144 Win=65024 Len=1448 TSval=2916034383 TSecr=3045554157 [TCP segment of a reassembled PDU]"
"15267","30.303236586","192.168.1.55","192.168.1.2","TCP","1514","8004  >  50058 [ACK] Seq=110238 Ack=144 Win=65024 Len=1448 TSval=2916034383 TSecr=3045554157 [TCP segment of a reassembled PDU]"
"15268","30.303238475","192.168.1.55","192.168.1.2","TCP","1514","8004  >  50058 [ACK] Seq=111686 Ack=144 Win=65024 Len=1448 TSval=2916034383 TSecr=3045554157 [TCP segment of a reassembled PDU]"
"15269","30.303240142","192.168.1.55","192.168.1.2","TCP","1514","8004  >  50058 [ACK] Seq=113134 Ack=144 Win=65024 Len=1448 TSval=2916034383 TSecr=3045554157 [TCP segment of a reassembled PDU]"
"15270","30.303241419","192.168.1.55","192.168.1.2","TCP","1514","8004  >  50058 [PSH, ACK] Seq=114582 Ack=144 Win=65024 Len=1448 TSval=2916034383 TSecr=3045554157 [TCP segment of a reassembled PDU]"
"15271","30.303246345","192.168.1.2","192.168.1.55","TCP","66","50058  >  8004 [ACK] Seq=144 Ack=76934 Win=62464 Len=0 TSval=3045554157 TSecr=2916034378"
"15272","30.303311494","192.168.1.55","192.168.1.2","TCP","1514","8004  >  50058 [ACK] Seq=116030 Ack=144 Win=65024 Len=1448 TSval=2916034383 TSecr=3045554157 [TCP segment of a reassembled PDU]"
"15273","30.303313531","192.168.1.55","192.168.1.2","TCP","1514","8004  >  50058 [ACK] Seq=117478 Ack=144 Win=65024 Len=1448 TSval=2916034383 TSecr=3045554157 [TCP segment of a reassembled PDU]"
"15274","30.303314938","192.168.1.55","192.168.1.2","TCP","1514","8004  >  50058 [ACK] Seq=118926 Ack=144 Win=65024 Len=1448 TSval=2916034383 TSecr=3045554157 [TCP segment of a reassembled PDU]"
"15275","30.303317068","192.168.1.55","192.168.1.2","TCP","1514","8004  >  50058 [ACK] Seq=120374 Ack=144 Win=65024 Len=1448 TSval=2916034383 TSecr=3045554157 [TCP segment of a reassembled PDU]"
"15276","30.303318549","192.168.1.55","192.168.1.2","TCP","1514","8004  >  50058 [ACK] Seq=121822 Ack=144 Win=65024 Len=1448 TSval=2916034383 TSecr=3045554157 [TCP segment of a reassembled PDU]"
"15277","30.303320197","192.168.1.55","192.168.1.2","TCP","1514","8004  >  50058 [ACK] Seq=123270 Ack=144 Win=65024 Len=1448 TSval=2916034383 TSecr=3045554157 [TCP segment of a reassembled PDU]"
"15278","30.303321364","192.168.1.55","192.168.1.2","TCP","1514","8004  >  50058 [ACK] Seq=124718 Ack=144 Win=65024 Len=1448 TSval=2916034383 TSecr=3045554157 [TCP segment of a reassembled PDU]"
"15279","30.303323086","192.168.1.55","192.168.1.2","TCP","1514","8004  >  50058 [ACK] Seq=126166 Ack=144 Win=65024 Len=1448 TSval=2916034383 TSecr=3045554157 [TCP segment of a reassembled PDU]"
"15280","30.303324753","192.168.1.55","192.168.1.2","TCP","1514","8004  >  50058 [ACK] Seq=127614 Ack=144 Win=65024 Len=1448 TSval=2916034383 TSecr=3045554157 [TCP segment of a reassembled PDU]"
"15281","30.303326957","192.168.1.55","192.168.1.2","TCP","1514","8004  >  50058 [ACK] Seq=129062 Ack=144 Win=65024 Len=1448 TSval=2916034383 TSecr=3045554157 [TCP segment of a reassembled PDU]"
"15282","30.303328197","192.168.1.55","192.168.1.2","TCP","1514","8004  >  50058 [ACK] Seq=130510 Ack=144 Win=65024 Len=1448 TSval=2916034383 TSecr=3045554157 [TCP segment of a reassembled PDU]"
"15283","30.303338216","192.168.1.55","192.168.1.2","TCP","1514","8004  >  50058 [ACK] Seq=131958 Ack=144 Win=65024 Len=1448 TSval=2916034383 TSecr=3045554157 [TCP segment of a reassembled PDU]"
"15284","30.303342494","192.168.1.55","192.168.1.2","TCP","1514","8004  >  50058 [ACK] Seq=133406 Ack=144 Win=65024 Len=1448 TSval=2916034383 TSecr=3045554157 [TCP segment of a reassembled PDU]"
"15285","30.303344179","192.168.1.55","192.168.1.2","TCP","1514","8004  >  50058 [ACK] Seq=134854 Ack=144 Win=65024 Len=1448 TSval=2916034383 TSecr=3045554157 [TCP segment of a reassembled PDU]"
"15286","30.303345642","192.168.1.55","192.168.1.2","TCP","1514","8004  >  50058 [ACK] Seq=136302 Ack=144 Win=65024 Len=1448 TSval=2916034383 TSecr=3045554157 [TCP segment of a reassembled PDU]"
"15287","30.303346994","192.168.1.55","192.168.1.2","TCP","1514","8004  >  50058 [ACK] Seq=137750 Ack=144 Win=65024 Len=1448 TSval=2916034383 TSecr=3045554157 [TCP segment of a reassembled PDU]"
"15288","30.303349216","192.168.1.55","192.168.1.2","TCP","266","[TCP Window Full] 8004  >  50058 [PSH, ACK] Seq=139198 Ack=144 Win=65024 Len=200 TSval=2916034383 TSecr=3045554157 [TCP segment of a reassembled PDU]"
"15289","30.303356234","192.168.1.2","192.168.1.55","TCP","66","50058  >  8004 [ACK] Seq=144 Ack=97206 Win=62464 Len=0 TSval=3045554157 TSecr=2916034378"
"15290","30.303388457","192.168.1.55","192.168.1.2","TCP","1514","8004  >  50058 [ACK] Seq=139398 Ack=144 Win=65024 Len=1448 TSval=2916034384 TSecr=3045554157 [TCP segment of a reassembled PDU]"
"15291","30.303393605","192.168.1.55","192.168.1.2","TCP","1514","8004  >  50058 [ACK] Seq=140846 Ack=144 Win=65024 Len=1448 TSval=2916034384 TSecr=3045554157 [TCP segment of a reassembled PDU]"
"15292","30.303395234","192.168.1.55","192.168.1.2","TCP","1514","8004  >  50058 [ACK] Seq=142294 Ack=144 Win=65024 Len=1448 TSval=2916034384 TSecr=3045554157 [TCP segment of a reassembled PDU]"
"15293","30.303396679","192.168.1.55","192.168.1.2","TCP","1514","8004  >  50058 [ACK] Seq=143742 Ack=144 Win=65024 Len=1448 TSval=2916034384 TSecr=3045554157 [TCP segment of a reassembled PDU]"
"15294","30.303398309","192.168.1.55","192.168.1.2","TCP","1514","8004  >  50058 [ACK] Seq=145190 Ack=144 Win=65024 Len=1448 TSval=2916034384 TSecr=3045554157 [TCP segment of a reassembled PDU]"
"15295","30.303400049","192.168.1.55","192.168.1.2","TCP","1514","8004  >  50058 [ACK] Seq=146638 Ack=144 Win=65024 Len=1448 TSval=2916034384 TSecr=3045554157 [TCP segment of a reassembled PDU]"
"15296","30.303401549","192.168.1.55","192.168.1.2","TCP","1514","8004  >  50058 [ACK] Seq=148086 Ack=144 Win=65024 Len=1448 TSval=2916034384 TSecr=3045554157 [TCP segment of a reassembled PDU]"
"15297","30.303404623","192.168.1.55","192.168.1.2","TCP","1514","8004  >  50058 [ACK] Seq=149534 Ack=144 Win=65024 Len=1448 TSval=2916034384 TSecr=3045554157 [TCP segment of a reassembled PDU]"
"15298","30.303405883","192.168.1.55","192.168.1.2","TCP","1514","8004  >  50058 [ACK] Seq=150982 Ack=144 Win=65024 Len=1448 TSval=2916034384 TSecr=3045554157 [TCP segment of a reassembled PDU]"
"15299","30.303407105","192.168.1.55","192.168.1.2","TCP","1514","8004  >  50058 [PSH, ACK] Seq=152430 Ack=144 Win=65024 Len=1448 TSval=2916034384 TSecr=3045554157 [TCP segment of a reassembled PDU]"
"15300","30.303416809","192.168.1.55","192.168.1.2","TCP","1314","8004  >  50058 [ACK] Seq=153878 Ack=144 Win=65024 Len=1248 TSval=2916034384 TSecr=3045554157 [TCP segment of a reassembled PDU]"
"15301","30.303421216","192.168.1.2","192.168.1.55","TCP","66","50058  >  8004 [ACK] Seq=144 Ack=100102 Win=60416 Len=0 TSval=3045554157 TSecr=2916034379"
"15302","30.303498920","192.168.1.55","192.168.1.2","TCP","1514","8004  >  50058 [ACK] Seq=155126 Ack=144 Win=65024 Len=1448 TSval=2916034384 TSecr=3045554157 [TCP segment of a reassembled PDU]"
"15303","30.303504790","192.168.1.55","192.168.1.2","TCP","1514","8004  >  50058 [ACK] Seq=156574 Ack=144 Win=65024 Len=1448 TSval=2916034384 TSecr=3045554157 [TCP segment of a reassembled PDU]"
"15304","30.303507920","192.168.1.55","192.168.1.2","TCP","1514","8004  >  50058 [PSH, ACK] Seq=158022 Ack=144 Win=65024 Len=1448 TSval=2916034384 TSecr=3045554157 [TCP segment of a reassembled PDU]"
"15305","30.311024135","192.168.1.2","192.168.1.55","TCP","66","50058  >  8004 [ACK] Seq=144 Ack=105894 Win=83968 Len=0 TSval=3045554160 TSecr=2916034383"
"15306","30.311087932","192.168.1.55","192.168.1.2","TCP","1514","8004  >  50058 [ACK] Seq=159470 Ack=144 Win=65024 Len=1448 TSval=2916034391 TSecr=3045554160 [TCP segment of a reassembled PDU]"
"15307","30.311092450","192.168.1.55","192.168.1.2","TCP","1514","8004  >  50058 [ACK] Seq=160918 Ack=144 Win=65024 Len=1448 TSval=2916034391 TSecr=3045554160 [TCP segment of a reassembled PDU]"
"15308","30.311093635","192.168.1.55","192.168.1.2","TCP","1514","8004  >  50058 [ACK] Seq=162366 Ack=144 Win=65024 Len=1448 TSval=2916034391 TSecr=3045554160 [TCP segment of a reassembled PDU]"
"15309","30.311094876","192.168.1.55","192.168.1.2","TCP","1514","8004  >  50058 [ACK] Seq=163814 Ack=144 Win=65024 Len=1448 TSval=2916034391 TSecr=3045554160 [TCP segment of a reassembled PDU]"
"15310","30.311096172","192.168.1.55","192.168.1.2","TCP","1514","8004  >  50058 [ACK] Seq=165262 Ack=144 Win=65024 Len=1448 TSval=2916034391 TSecr=3045554160 [TCP segment of a reassembled PDU]"
"15311","30.311097524","192.168.1.55","192.168.1.2","TCP","1514","8004  >  50058 [ACK] Seq=166710 Ack=144 Win=65024 Len=1448 TSval=2916034391 TSecr=3045554160 [TCP segment of a reassembled PDU]"
"15312","30.311098728","192.168.1.55","192.168.1.2","TCP","1514","8004  >  50058 [ACK] Seq=168158 Ack=144 Win=65024 Len=1448 TSval=2916034391 TSecr=3045554160 [TCP segment of a reassembled PDU]"
"15313","30.311100006","192.168.1.55","192.168.1.2","TCP","1514","8004  >  50058 [ACK] Seq=169606 Ack=144 Win=65024 Len=1448 TSval=2916034391 TSecr=3045554160 [TCP segment of a reassembled PDU]"
"15314","30.311101302","192.168.1.55","192.168.1.2","TCP","1514","8004  >  50058 [ACK] Seq=171054 Ack=144 Win=65024 Len=1448 TSval=2916034391 TSecr=3045554160 [TCP segment of a reassembled PDU]"
"15315","30.311102524","192.168.1.55","192.168.1.2","TCP","1514","8004  >  50058 [ACK] Seq=172502 Ack=144 Win=65024 Len=1448 TSval=2916034391 TSecr=3045554160 [TCP segment of a reassembled PDU]"
"15316","30.311103765","192.168.1.55","192.168.1.2","TCP","1514","8004  >  50058 [ACK] Seq=173950 Ack=144 Win=65024 Len=1448 TSval=2916034391 TSecr=3045554160 [TCP segment of a reassembled PDU]"
"15317","30.311105117","192.168.1.55","192.168.1.2","TCP","1514","8004  >  50058 [ACK] Seq=175398 Ack=144 Win=65024 Len=1448 TSval=2916034391 TSecr=3045554160 [TCP segment of a reassembled PDU]"
"15318","30.311106487","192.168.1.55","192.168.1.2","TCP","1514","8004  >  50058 [ACK] Seq=176846 Ack=144 Win=65024 Len=1448 TSval=2916034391 TSecr=3045554160 [TCP segment of a reassembled PDU]"
"15319","30.311107728","192.168.1.55","192.168.1.2","TCP","1514","8004  >  50058 [ACK] Seq=178294 Ack=144 Win=65024 Len=1448 TSval=2916034391 TSecr=3045554160 [TCP segment of a reassembled PDU]"
"15320","30.311109135","192.168.1.55","192.168.1.2","TCP","1514","8004  >  50058 [ACK] Seq=179742 Ack=144 Win=65024 Len=1448 TSval=2916034391 TSecr=3045554160 [TCP segment of a reassembled PDU]"
"15321","30.311110469","192.168.1.55","192.168.1.2","TCP","1514","8004  >  50058 [ACK] Seq=181190 Ack=144 Win=65024 Len=1448 TSval=2916034391 TSecr=3045554160 [TCP segment of a reassembled PDU]"
"15322","30.311112209","192.168.1.55","192.168.1.2","TCP","1514","8004  >  50058 [ACK] Seq=182638 Ack=144 Win=65024 Len=1448 TSval=2916034391 TSecr=3045554160 [TCP segment of a reassembled PDU]"
"15323","30.311113432","192.168.1.55","192.168.1.2","TCP","1514","8004  >  50058 [ACK] Seq=184086 Ack=144 Win=65024 Len=1448 TSval=2916034391 TSecr=3045554160 [TCP segment of a reassembled PDU]"
"15324","30.311114784","192.168.1.55","192.168.1.2","TCP","1514","8004  >  50058 [ACK] Seq=185534 Ack=144 Win=65024 Len=1448 TSval=2916034391 TSecr=3045554160 [TCP segment of a reassembled PDU]"
"15325","30.311116043","192.168.1.55","192.168.1.2","TCP","1514","8004  >  50058 [PSH, ACK] Seq=186982 Ack=144 Win=65024 Len=1448 TSval=2916034391 TSecr=3045554160 [TCP segment of a reassembled PDU]"
"15326","30.311150858","192.168.1.2","192.168.1.55","TCP","66","50058  >  8004 [ACK] Seq=144 Ack=113134 Win=83968 Len=0 TSval=3045554163 TSecr=2916034383"
"15327","30.311970415","192.168.1.2","192.168.1.55","TCP","66","50058  >  8004 [ACK] Seq=144 Ack=116030 Win=81920 Len=0 TSval=3045554165 TSecr=2916034383"
"15328","30.311985303","192.168.1.55","192.168.1.2","TCP","1514","8004  >  50058 [ACK] Seq=188430 Ack=144 Win=65024 Len=1448 TSval=2916034392 TSecr=3045554165 [TCP segment of a reassembled PDU]"
"15329","30.311987674","192.168.1.55","192.168.1.2","TCP","1514","8004  >  50058 [ACK] Seq=189878 Ack=144 Win=65024 Len=1448 TSval=2916034392 TSecr=3045554165 [TCP segment of a reassembled PDU]"
"15330","30.311988822","192.168.1.55","192.168.1.2","TCP","1514","8004  >  50058 [ACK] Seq=191326 Ack=144 Win=65024 Len=1448 TSval=2916034392 TSecr=3045554165 [TCP segment of a reassembled PDU]"
"15331","30.311990026","192.168.1.55","192.168.1.2","TCP","1514","8004  >  50058 [ACK] Seq=192774 Ack=144 Win=65024 Len=1448 TSval=2916034392 TSecr=3045554165 [TCP segment of a reassembled PDU]"
"15332","30.311991155","192.168.1.55","192.168.1.2","TCP","1514","8004  >  50058 [ACK] Seq=194222 Ack=144 Win=65024 Len=1448 TSval=2916034392 TSecr=3045554165 [TCP segment of a reassembled PDU]"
"15333","30.311992266","192.168.1.55","192.168.1.2","TCP","1514","8004  >  50058 [PSH, ACK] Seq=195670 Ack=144 Win=65024 Len=1448 TSval=2916034392 TSecr=3045554165 [TCP segment of a reassembled PDU]"
"15334","30.312054655","192.168.1.2","192.168.1.55","TCP","66","50058  >  8004 [ACK] Seq=144 Ack=139398 Win=59392 Len=0 TSval=3045554166 TSecr=2916034383"
"15335","30.312063915","192.168.1.2","192.168.1.55","TCP","66","50058  >  8004 [ACK] Seq=144 Ack=153878 Win=45056 Len=0 TSval=3045554166 TSecr=2916034384"
"15336","30.312068841","192.168.1.2","192.168.1.55","TCP","66","50058  >  8004 [ACK] Seq=144 Ack=159470 Win=39936 Len=0 TSval=3045554166 TSecr=2916034384"
"15337","30.312078044","192.168.1.55","192.168.1.2","TCP","1514","8004  >  50058 [ACK] Seq=197118 Ack=144 Win=65024 Len=1448 TSval=2916034392 TSecr=3045554166 [TCP segment of a reassembled PDU]"
"15338","30.312079563","192.168.1.55","192.168.1.2","TCP","906","[TCP Window Full] 8004  >  50058 [PSH, ACK] Seq=198566 Ack=144 Win=65024 Len=840 TSval=2916034392 TSecr=3045554166 [TCP segment of a reassembled PDU]"
"15339","30.312083248","192.168.1.2","192.168.1.55","TCP","66","[TCP Window Update] 50058  >  8004 [ACK] Seq=144 Ack=159470 Win=88064 Len=0 TSval=3045554166 TSecr=2916034384"
"15340","30.312115637","192.168.1.55","192.168.1.2","TCP","1514","8004  >  50058 [ACK] Seq=199406 Ack=144 Win=65024 Len=1448 TSval=2916034392 TSecr=3045554166 [TCP segment of a reassembled PDU]"
"15341","30.312117137","192.168.1.55","192.168.1.2","TCP","1514","8004  >  50058 [ACK] Seq=200854 Ack=144 Win=65024 Len=1448 TSval=2916034392 TSecr=3045554166 [TCP segment of a reassembled PDU]"
"15342","30.312118267","192.168.1.55","192.168.1.2","TCP","1514","8004  >  50058 [ACK] Seq=202302 Ack=144 Win=65024 Len=1448 TSval=2916034392 TSecr=3045554166 [TCP segment of a reassembled PDU]"
"15343","30.312119841","192.168.1.55","192.168.1.2","TCP","1514","8004  >  50058 [ACK] Seq=203750 Ack=144 Win=65024 Len=1448 TSval=2916034392 TSecr=3045554166 [TCP segment of a reassembled PDU]"
"15344","30.312121063","192.168.1.55","192.168.1.2","TCP","1514","8004  >  50058 [ACK] Seq=205198 Ack=144 Win=65024 Len=1448 TSval=2916034392 TSecr=3045554166 [TCP segment of a reassembled PDU]"
"15345","30.312122285","192.168.1.55","192.168.1.2","TCP","1514","8004  >  50058 [ACK] Seq=206646 Ack=144 Win=65024 Len=1448 TSval=2916034392 TSecr=3045554166 [TCP segment of a reassembled PDU]"
"15346","30.312123452","192.168.1.55","192.168.1.2","TCP","1514","8004  >  50058 [ACK] Seq=208094 Ack=144 Win=65024 Len=1448 TSval=2916034392 TSecr=3045554166 [TCP segment of a reassembled PDU]"
"15347","30.312124600","192.168.1.55","192.168.1.2","TCP","1514","8004  >  50058 [ACK] Seq=209542 Ack=144 Win=65024 Len=1448 TSval=2916034392 TSecr=3045554166 [TCP segment of a reassembled PDU]"
"15348","30.312126007","192.168.1.55","192.168.1.2","TCP","1514","8004  >  50058 [ACK] Seq=210990 Ack=144 Win=65024 Len=1448 TSval=2916034392 TSecr=3045554166 [TCP segment of a reassembled PDU]"
"15349","30.312127470","192.168.1.55","192.168.1.2","TCP","1514","8004  >  50058 [ACK] Seq=212438 Ack=144 Win=65024 Len=1448 TSval=2916034392 TSecr=3045554166 [TCP segment of a reassembled PDU]"
"15350","30.312128600","192.168.1.55","192.168.1.2","TCP","1514","8004  >  50058 [ACK] Seq=213886 Ack=144 Win=65024 Len=1448 TSval=2916034392 TSecr=3045554166 [TCP segment of a reassembled PDU]"
"15351","30.312129822","192.168.1.55","192.168.1.2","TCP","1514","8004  >  50058 [ACK] Seq=215334 Ack=144 Win=65024 Len=1448 TSval=2916034392 TSecr=3045554166 [TCP segment of a reassembled PDU]"
"15352","30.312131081","192.168.1.55","192.168.1.2","TCP","1514","8004  >  50058 [ACK] Seq=216782 Ack=144 Win=65024 Len=1448 TSval=2916034392 TSecr=3045554166 [TCP segment of a reassembled PDU]"
"15353","30.312132415","192.168.1.55","192.168.1.2","TCP","1514","8004  >  50058 [ACK] Seq=218230 Ack=144 Win=65024 Len=1448 TSval=2916034392 TSecr=3045554166 [TCP segment of a reassembled PDU]"
"15354","30.312134007","192.168.1.55","192.168.1.2","TCP","1514","8004  >  50058 [ACK] Seq=219678 Ack=144 Win=65024 Len=1448 TSval=2916034392 TSecr=3045554166 [TCP segment of a reassembled PDU]"
"15355","30.312135341","192.168.1.55","192.168.1.2","TCP","1514","8004  >  50058 [ACK] Seq=221126 Ack=144 Win=65024 Len=1448 TSval=2916034392 TSecr=3045554166 [TCP segment of a reassembled PDU]"
"15356","30.312136711","192.168.1.55","192.168.1.2","TCP","1514","8004  >  50058 [ACK] Seq=222574 Ack=144 Win=65024 Len=1448 TSval=2916034392 TSecr=3045554166 [TCP segment of a reassembled PDU]"
"15357","30.312137896","192.168.1.55","192.168.1.2","TCP","1514","8004  >  50058 [ACK] Seq=224022 Ack=144 Win=65024 Len=1448 TSval=2916034392 TSecr=3045554166 [TCP segment of a reassembled PDU]"
"15358","30.312139193","192.168.1.55","192.168.1.2","TCP","1514","8004  >  50058 [ACK] Seq=225470 Ack=144 Win=65024 Len=1448 TSval=2916034392 TSecr=3045554166 [TCP segment of a reassembled PDU]"
"15359","30.312140341","192.168.1.55","192.168.1.2","TCP","1514","8004  >  50058 [ACK] Seq=226918 Ack=144 Win=65024 Len=1448 TSval=2916034392 TSecr=3045554166 [TCP segment of a reassembled PDU]"
"15360","30.312141619","192.168.1.55","192.168.1.2","TCP","1514","8004  >  50058 [ACK] Seq=228366 Ack=144 Win=65024 Len=1448 TSval=2916034392 TSecr=3045554166 [TCP segment of a reassembled PDU]"
"15361","30.312143007","192.168.1.55","192.168.1.2","TCP","1514","8004  >  50058 [ACK] Seq=229814 Ack=144 Win=65024 Len=1448 TSval=2916034392 TSecr=3045554166 [TCP segment of a reassembled PDU]"
"15362","30.312144359","192.168.1.55","192.168.1.2","TCP","1514","8004  >  50058 [ACK] Seq=231262 Ack=144 Win=65024 Len=1448 TSval=2916034392 TSecr=3045554166 [TCP segment of a reassembled PDU]"
"15363","30.312145600","192.168.1.55","192.168.1.2","TCP","1514","8004  >  50058 [ACK] Seq=232710 Ack=144 Win=65024 Len=1448 TSval=2916034392 TSecr=3045554166 [TCP segment of a reassembled PDU]"
"15364","30.312146804","192.168.1.55","192.168.1.2","TCP","1514","8004  >  50058 [ACK] Seq=234158 Ack=144 Win=65024 Len=1448 TSval=2916034392 TSecr=3045554166 [TCP segment of a reassembled PDU]"
"15365","30.312148119","192.168.1.55","192.168.1.2","TCP","1514","8004  >  50058 [ACK] Seq=235606 Ack=144 Win=65024 Len=1448 TSval=2916034392 TSecr=3045554166 [TCP segment of a reassembled PDU]"
"15366","30.312149433","192.168.1.55","192.168.1.2","TCP","1514","8004  >  50058 [PSH, ACK] Seq=237054 Ack=144 Win=65024 Len=1448 TSval=2916034392 TSecr=3045554166 [TCP segment of a reassembled PDU]"
"15367","30.312154619","192.168.1.55","192.168.1.2","TCP","674","8004  >  50058 [ACK] Seq=238502 Ack=144 Win=65024 Len=608 TSval=2916034392 TSecr=3045554166 [TCP segment of a reassembled PDU]"
"15368","30.312163674","192.168.1.55","192.168.1.2","TCP","1514","8004  >  50058 [ACK] Seq=239110 Ack=144 Win=65024 Len=1448 TSval=2916034392 TSecr=3045554166 [TCP segment of a reassembled PDU]"
"15369","30.312164915","192.168.1.55","192.168.1.2","TCP","1514","8004  >  50058 [ACK] Seq=240558 Ack=144 Win=65024 Len=1448 TSval=2916034392 TSecr=3045554166 [TCP segment of a reassembled PDU]"
"15370","30.312166137","192.168.1.55","192.168.1.2","TCP","1514","8004  >  50058 [ACK] Seq=242006 Ack=144 Win=65024 Len=1448 TSval=2916034392 TSecr=3045554166 [TCP segment of a reassembled PDU]"
"15371","30.312167415","192.168.1.55","192.168.1.2","TCP","1514","8004  >  50058 [ACK] Seq=243454 Ack=144 Win=65024 Len=1448 TSval=2916034392 TSecr=3045554166 [TCP segment of a reassembled PDU]"
"15372","30.312168711","192.168.1.55","192.168.1.2","TCP","1514","8004  >  50058 [PSH, ACK] Seq=244902 Ack=144 Win=65024 Len=1448 TSval=2916034392 TSecr=3045554166 [TCP segment of a reassembled PDU]"
"15373","30.318763536","192.168.1.2","192.168.1.55","TCP","66","50058  >  8004 [ACK] Seq=144 Ack=188430 Win=63488 Len=0 TSval=3045554172 TSecr=2916034391"
"15374","30.318805981","192.168.1.55","192.168.1.2","TCP","1514","8004  >  50058 [ACK] Seq=246350 Ack=144 Win=65024 Len=1448 TSval=2916034399 TSecr=3045554172 [TCP segment of a reassembled PDU]"
"15375","30.318811129","192.168.1.55","192.168.1.2","TCP","1514","8004  >  50058 [ACK] Seq=247798 Ack=144 Win=65024 Len=1448 TSval=2916034399 TSecr=3045554172 [TCP segment of a reassembled PDU]"
"15376","30.318812462","192.168.1.55","192.168.1.2","TCP","1514","8004  >  50058 [PSH, ACK] Seq=249246 Ack=144 Win=65024 Len=1448 TSval=2916034399 TSecr=3045554172 [TCP segment of a reassembled PDU]"
"15377","30.318897981","192.168.1.2","192.168.1.55","TCP","66","50058  >  8004 [ACK] Seq=144 Ack=199406 Win=53248 Len=0 TSval=3045554172 TSecr=2916034392"
"15378","30.318908092","192.168.1.2","192.168.1.55","TCP","66","50058  >  8004 [ACK] Seq=144 Ack=238502 Win=44032 Len=0 TSval=3045554172 TSecr=2916034392"
"15379","30.318944259","192.168.1.55","192.168.1.2","TCP","1514","8004  >  50058 [ACK] Seq=250694 Ack=144 Win=65024 Len=1448 TSval=2916034399 TSecr=3045554172 [TCP segment of a reassembled PDU]"
"15380","30.318946611","192.168.1.55","192.168.1.2","TCP","1514","8004  >  50058 [ACK] Seq=252142 Ack=144 Win=65024 Len=1448 TSval=2916034399 TSecr=3045554172 [TCP segment of a reassembled PDU]"
"15381","30.318947796","192.168.1.55","192.168.1.2","TCP","1514","8004  >  50058 [ACK] Seq=253590 Ack=144 Win=65024 Len=1448 TSval=2916034399 TSecr=3045554172 [TCP segment of a reassembled PDU]"
"15382","30.318949055","192.168.1.55","192.168.1.2","TCP","1514","8004  >  50058 [ACK] Seq=255038 Ack=144 Win=65024 Len=1448 TSval=2916034399 TSecr=3045554172 [TCP segment of a reassembled PDU]"
"15383","30.318950351","192.168.1.55","192.168.1.2","TCP","1514","8004  >  50058 [ACK] Seq=256486 Ack=144 Win=65024 Len=1448 TSval=2916034399 TSecr=3045554172 [TCP segment of a reassembled PDU]"
"15384","30.318951611","192.168.1.55","192.168.1.2","TCP","1514","8004  >  50058 [ACK] Seq=257934 Ack=144 Win=65024 Len=1448 TSval=2916034399 TSecr=3045554172 [TCP segment of a reassembled PDU]"
"15385","30.318952870","192.168.1.55","192.168.1.2","TCP","1514","8004  >  50058 [ACK] Seq=259382 Ack=144 Win=65024 Len=1448 TSval=2916034399 TSecr=3045554172 [TCP segment of a reassembled PDU]"
"15386","30.318954074","192.168.1.55","192.168.1.2","TCP","1514","8004  >  50058 [ACK] Seq=260830 Ack=144 Win=65024 Len=1448 TSval=2916034399 TSecr=3045554172 [TCP segment of a reassembled PDU]"
"15387","30.318955351","192.168.1.55","192.168.1.2","TCP","1514","8004  >  50058 [ACK] Seq=262278 Ack=144 Win=65024 Len=1448 TSval=2916034399 TSecr=3045554172 [TCP segment of a reassembled PDU]"
"15388","30.318956611","192.168.1.55","192.168.1.2","TCP","1514","8004  >  50058 [ACK] Seq=263726 Ack=144 Win=65024 Len=1448 TSval=2916034399 TSecr=3045554172 [TCP segment of a reassembled PDU]"
"15389","30.318957981","192.168.1.55","192.168.1.2","TCP","1514","8004  >  50058 [ACK] Seq=265174 Ack=144 Win=65024 Len=1448 TSval=2916034399 TSecr=3045554172 [TCP segment of a reassembled PDU]"
"15390","30.318959611","192.168.1.55","192.168.1.2","TCP","1514","8004  >  50058 [ACK] Seq=266622 Ack=144 Win=65024 Len=1448 TSval=2916034399 TSecr=3045554172 [TCP segment of a reassembled PDU]"
"15391","30.318961425","192.168.1.55","192.168.1.2","TCP","1514","8004  >  50058 [ACK] Seq=268070 Ack=144 Win=65024 Len=1448 TSval=2916034399 TSecr=3045554172 [TCP segment of a reassembled PDU]"
"15392","30.318963148","192.168.1.55","192.168.1.2","TCP","1514","8004  >  50058 [ACK] Seq=269518 Ack=144 Win=65024 Len=1448 TSval=2916034399 TSecr=3045554172 [TCP segment of a reassembled PDU]"
"15393","30.318964463","192.168.1.55","192.168.1.2","TCP","1514","8004  >  50058 [ACK] Seq=270966 Ack=144 Win=65024 Len=1448 TSval=2916034399 TSecr=3045554172 [TCP segment of a reassembled PDU]"
"15394","30.318965851","192.168.1.55","192.168.1.2","TCP","1514","8004  >  50058 [ACK] Seq=272414 Ack=144 Win=65024 Len=1448 TSval=2916034399 TSecr=3045554172 [TCP segment of a reassembled PDU]"
"15395","30.318967759","192.168.1.55","192.168.1.2","TCP","1514","8004  >  50058 [ACK] Seq=273862 Ack=144 Win=65024 Len=1448 TSval=2916034399 TSecr=3045554172 [TCP segment of a reassembled PDU]"
"15396","30.318969426","192.168.1.55","192.168.1.2","TCP","1514","8004  >  50058 [ACK] Seq=275310 Ack=144 Win=65024 Len=1448 TSval=2916034399 TSecr=3045554172 [TCP segment of a reassembled PDU]"
"15397","30.318971018","192.168.1.55","192.168.1.2","TCP","1514","8004  >  50058 [ACK] Seq=276758 Ack=144 Win=65024 Len=1448 TSval=2916034399 TSecr=3045554172 [TCP segment of a reassembled PDU]"
"15398","30.318973222","192.168.1.55","192.168.1.2","TCP","1514","8004  >  50058 [ACK] Seq=278206 Ack=144 Win=65024 Len=1448 TSval=2916034399 TSecr=3045554172 [TCP segment of a reassembled PDU]"
"15399","30.318974592","192.168.1.55","192.168.1.2","TCP","1514","8004  >  50058 [PSH, ACK] Seq=279654 Ack=144 Win=65024 Len=1448 TSval=2916034399 TSecr=3045554172 [TCP segment of a reassembled PDU]"
"15400","30.318980222","192.168.1.2","192.168.1.55","TCP","66","50058  >  8004 [ACK] Seq=144 Ack=242006 Win=40960 Len=0 TSval=3045554172 TSecr=2916034392"
"15401","30.319040037","192.168.1.2","192.168.1.55","TCP","66","[TCP Window Update] 50058  >  8004 [ACK] Seq=144 Ack=242006 Win=88064 Len=0 TSval=3045554172 TSecr=2916034392"
"15402","30.319128666","192.168.1.55","192.168.1.2","TCP","1514","8004  >  50058 [ACK] Seq=281102 Ack=144 Win=65024 Len=1448 TSval=2916034399 TSecr=3045554172 [TCP segment of a reassembled PDU]"
"15403","30.319133815","192.168.1.55","192.168.1.2","TCP","1514","8004  >  50058 [ACK] Seq=282550 Ack=144 Win=65024 Len=1448 TSval=2916034399 TSecr=3045554172 [TCP segment of a reassembled PDU]"
"15404","30.319135944","192.168.1.55","192.168.1.2","TCP","1514","8004  >  50058 [ACK] Seq=283998 Ack=144 Win=65024 Len=1448 TSval=2916034399 TSecr=3045554172 [TCP segment of a reassembled PDU]"
"15405","30.319137481","192.168.1.55","192.168.1.2","TCP","1514","8004  >  50058 [ACK] Seq=285446 Ack=144 Win=65024 Len=1448 TSval=2916034399 TSecr=3045554172 [TCP segment of a reassembled PDU]"
"15406","30.319140426","192.168.1.55","192.168.1.2","TCP","1514","8004  >  50058 [ACK] Seq=286894 Ack=144 Win=65024 Len=1448 TSval=2916034399 TSecr=3045554172 [TCP segment of a reassembled PDU]"
"15407","30.319142778","192.168.1.55","192.168.1.2","TCP","1514","8004  >  50058 [ACK] Seq=288342 Ack=144 Win=65024 Len=1448 TSval=2916034399 TSecr=3045554172 [TCP segment of a reassembled PDU]"
"15408","30.319144092","192.168.1.55","192.168.1.2","TCP","1514","8004  >  50058 [ACK] Seq=289790 Ack=144 Win=65024 Len=1448 TSval=2916034399 TSecr=3045554172 [TCP segment of a reassembled PDU]"
"15409","30.319146370","192.168.1.55","192.168.1.2","TCP","1514","8004  >  50058 [ACK] Seq=291238 Ack=144 Win=65024 Len=1448 TSval=2916034399 TSecr=3045554172 [TCP segment of a reassembled PDU]"
"15410","30.319148389","192.168.1.55","192.168.1.2","TCP","1514","8004  >  50058 [ACK] Seq=292686 Ack=144 Win=65024 Len=1448 TSval=2916034399 TSecr=3045554172 [TCP segment of a reassembled PDU]"
"15411","30.319151481","192.168.1.55","192.168.1.2","TCP","1514","8004  >  50058 [ACK] Seq=294134 Ack=144 Win=65024 Len=1448 TSval=2916034399 TSecr=3045554172 [TCP segment of a reassembled PDU]"
"15412","30.319153407","192.168.1.55","192.168.1.2","TCP","1514","8004  >  50058 [ACK] Seq=295582 Ack=144 Win=65024 Len=1448 TSval=2916034399 TSecr=3045554172 [TCP segment of a reassembled PDU]"
"15413","30.319156518","192.168.1.55","192.168.1.2","TCP","1514","8004  >  50058 [ACK] Seq=297030 Ack=144 Win=65024 Len=1448 TSval=2916034399 TSecr=3045554172 [TCP segment of a reassembled PDU]"
"15414","30.319158259","192.168.1.55","192.168.1.2","TCP","1514","8004  >  50058 [ACK] Seq=298478 Ack=144 Win=65024 Len=1448 TSval=2916034399 TSecr=3045554172 [TCP segment of a reassembled PDU]"
"15415","30.319160222","192.168.1.55","192.168.1.2","TCP","1514","8004  >  50058 [ACK] Seq=299926 Ack=144 Win=65024 Len=1448 TSval=2916034399 TSecr=3045554172 [TCP segment of a reassembled PDU]"
"15416","30.319163352","192.168.1.55","192.168.1.2","TCP","1514","8004  >  50058 [ACK] Seq=301374 Ack=144 Win=65024 Len=1448 TSval=2916034399 TSecr=3045554172 [TCP segment of a reassembled PDU]"
"15417","30.319166000","192.168.1.55","192.168.1.2","TCP","1514","8004  >  50058 [ACK] Seq=302822 Ack=144 Win=65024 Len=1448 TSval=2916034399 TSecr=3045554172 [TCP segment of a reassembled PDU]"
"15418","30.319167574","192.168.1.55","192.168.1.2","TCP","1514","8004  >  50058 [ACK] Seq=304270 Ack=144 Win=65024 Len=1448 TSval=2916034399 TSecr=3045554172 [TCP segment of a reassembled PDU]"
"15419","30.319169389","192.168.1.55","192.168.1.2","TCP","1514","8004  >  50058 [ACK] Seq=305718 Ack=144 Win=65024 Len=1448 TSval=2916034399 TSecr=3045554172 [TCP segment of a reassembled PDU]"
"15420","30.319172315","192.168.1.55","192.168.1.2","TCP","1514","8004  >  50058 [ACK] Seq=307166 Ack=144 Win=65024 Len=1448 TSval=2916034399 TSecr=3045554172 [TCP segment of a reassembled PDU]"
"15421","30.319174167","192.168.1.55","192.168.1.2","TCP","1514","8004  >  50058 [ACK] Seq=308614 Ack=144 Win=65024 Len=1448 TSval=2916034399 TSecr=3045554172 [TCP segment of a reassembled PDU]"
"15422","30.319176407","192.168.1.55","192.168.1.2","TCP","1514","8004  >  50058 [ACK] Seq=310062 Ack=144 Win=65024 Len=1448 TSval=2916034399 TSecr=3045554172 [TCP segment of a reassembled PDU]"
"15423","30.319178167","192.168.1.55","192.168.1.2","TCP","1514","8004  >  50058 [ACK] Seq=311510 Ack=144 Win=65024 Len=1448 TSval=2916034399 TSecr=3045554172 [TCP segment of a reassembled PDU]"
"15424","30.319180167","192.168.1.55","192.168.1.2","TCP","1514","8004  >  50058 [ACK] Seq=312958 Ack=144 Win=65024 Len=1448 TSval=2916034399 TSecr=3045554172 [TCP segment of a reassembled PDU]"
"15425","30.319182204","192.168.1.55","192.168.1.2","TCP","1514","8004  >  50058 [ACK] Seq=314406 Ack=144 Win=65024 Len=1448 TSval=2916034399 TSecr=3045554172 [TCP segment of a reassembled PDU]"
"15426","30.319184555","192.168.1.55","192.168.1.2","TCP","1514","8004  >  50058 [ACK] Seq=315854 Ack=144 Win=65024 Len=1448 TSval=2916034399 TSecr=3045554172 [TCP segment of a reassembled PDU]"
"15427","30.319186926","192.168.1.55","192.168.1.2","TCP","1514","8004  >  50058 [ACK] Seq=317302 Ack=144 Win=65024 Len=1448 TSval=2916034399 TSecr=3045554172 [TCP segment of a reassembled PDU]"
"15428","30.319189574","192.168.1.55","192.168.1.2","TCP","1514","8004  >  50058 [ACK] Seq=318750 Ack=144 Win=65024 Len=1448 TSval=2916034399 TSecr=3045554172 [TCP segment of a reassembled PDU]"
"15429","30.319191018","192.168.1.55","192.168.1.2","TCP","1514","8004  >  50058 [ACK] Seq=320198 Ack=144 Win=65024 Len=1448 TSval=2916034399 TSecr=3045554172 [TCP segment of a reassembled PDU]"
"15430","30.319193704","192.168.1.55","192.168.1.2","TCP","1514","8004  >  50058 [PSH, ACK] Seq=321646 Ack=144 Win=65024 Len=1448 TSval=2916034399 TSecr=3045554172 [TCP segment of a reassembled PDU]"
"15431","30.319200407","192.168.1.2","192.168.1.55","TCP","66","50058  >  8004 [ACK] Seq=144 Ack=246350 Win=88064 Len=0 TSval=3045554173 TSecr=2916034392"
"15432","30.320423187","192.168.1.55","192.168.1.2","TCP","1514","8004  >  50058 [ACK] Seq=323094 Ack=144 Win=65024 Len=1448 TSval=2916034401 TSecr=3045554173 [TCP segment of a reassembled PDU]"
"15433","30.320426743","192.168.1.55","192.168.1.2","TCP","1514","8004  >  50058 [ACK] Seq=324542 Ack=144 Win=65024 Len=1448 TSval=2916034401 TSecr=3045554173 [TCP segment of a reassembled PDU]"
"15434","30.320427817","192.168.1.55","192.168.1.2","TCP","1514","8004  >  50058 [ACK] Seq=325990 Ack=144 Win=65024 Len=1448 TSval=2916034401 TSecr=3045554173 [TCP segment of a reassembled PDU]"
"15435","30.320428854","192.168.1.55","192.168.1.2","TCP","1514","8004  >  50058 [ACK] Seq=327438 Ack=144 Win=65024 Len=1448 TSval=2916034401 TSecr=3045554173 [TCP segment of a reassembled PDU]"
"15436","30.320430298","192.168.1.55","192.168.1.2","TCP","1514","8004  >  50058 [ACK] Seq=328886 Ack=144 Win=65024 Len=1448 TSval=2916034401 TSecr=3045554173 [TCP segment of a reassembled PDU]"
"15437","30.320431298","192.168.1.55","192.168.1.2","TCP","1514","8004  >  50058 [ACK] Seq=330334 Ack=144 Win=65024 Len=1448 TSval=2916034401 TSecr=3045554173 [TCP segment of a reassembled PDU]"
"15438","30.320432280","192.168.1.55","192.168.1.2","TCP","1514","8004  >  50058 [ACK] Seq=331782 Ack=144 Win=65024 Len=1448 TSval=2916034401 TSecr=3045554173 [TCP segment of a reassembled PDU]"
"15439","30.320433206","192.168.1.55","192.168.1.2","TCP","1250","[TCP Window Full] 8004  >  50058 [PSH, ACK] Seq=333230 Ack=144 Win=65024 Len=1184 TSval=2916034401 TSecr=3045554173 [TCP segment of a reassembled PDU]"
"15440","30.329288164","192.168.1.2","192.168.1.55","TCP","66","50058  >  8004 [ACK] Seq=144 Ack=276758 Win=88064 Len=0 TSval=3045554181 TSecr=2916034399"
"15441","30.329370738","192.168.1.55","192.168.1.2","TCP","1514","8004  >  50058 [ACK] Seq=334414 Ack=144 Win=65024 Len=1448 TSval=2916034410 TSecr=3045554181 [TCP segment of a reassembled PDU]"
"15442","30.329375646","192.168.1.55","192.168.1.2","TCP","1514","8004  >  50058 [ACK] Seq=335862 Ack=144 Win=65024 Len=1448 TSval=2916034410 TSecr=3045554181 [TCP segment of a reassembled PDU]"
"15443","30.329376608","192.168.1.55","192.168.1.2","TCP","1514","8004  >  50058 [ACK] Seq=337310 Ack=144 Win=65024 Len=1448 TSval=2916034410 TSecr=3045554181 [TCP segment of a reassembled PDU]"
"15444","30.329377497","192.168.1.55","192.168.1.2","TCP","1514","8004  >  50058 [ACK] Seq=338758 Ack=144 Win=65024 Len=1448 TSval=2916034410 TSecr=3045554181 [TCP segment of a reassembled PDU]"
"15445","30.329378608","192.168.1.55","192.168.1.2","TCP","1514","8004  >  50058 [ACK] Seq=340206 Ack=144 Win=65024 Len=1448 TSval=2916034410 TSecr=3045554181 [TCP segment of a reassembled PDU]"
"15446","30.329379701","192.168.1.55","192.168.1.2","TCP","1514","8004  >  50058 [ACK] Seq=341654 Ack=144 Win=65024 Len=1448 TSval=2916034410 TSecr=3045554181 [TCP segment of a reassembled PDU]"
"15447","30.329380812","192.168.1.55","192.168.1.2","TCP","1514","8004  >  50058 [ACK] Seq=343102 Ack=144 Win=65024 Len=1448 TSval=2916034410 TSecr=3045554181 [TCP segment of a reassembled PDU]"
"15448","30.329381960","192.168.1.55","192.168.1.2","TCP","1514","8004  >  50058 [ACK] Seq=344550 Ack=144 Win=65024 Len=1448 TSval=2916034410 TSecr=3045554181 [TCP segment of a reassembled PDU]"
"15449","30.329382942","192.168.1.55","192.168.1.2","TCP","1514","8004  >  50058 [ACK] Seq=345998 Ack=144 Win=65024 Len=1448 TSval=2916034410 TSecr=3045554181 [TCP segment of a reassembled PDU]"
"15450","30.329384053","192.168.1.55","192.168.1.2","TCP","1514","8004  >  50058 [ACK] Seq=347446 Ack=144 Win=65024 Len=1448 TSval=2916034410 TSecr=3045554181 [TCP segment of a reassembled PDU]"
"15451","30.329385071","192.168.1.55","192.168.1.2","TCP","1514","8004  >  50058 [ACK] Seq=348894 Ack=144 Win=65024 Len=1448 TSval=2916034410 TSecr=3045554181 [TCP segment of a reassembled PDU]"
"15452","30.329386053","192.168.1.55","192.168.1.2","TCP","1514","8004  >  50058 [ACK] Seq=350342 Ack=144 Win=65024 Len=1448 TSval=2916034410 TSecr=3045554181 [TCP segment of a reassembled PDU]"
"15453","30.329387183","192.168.1.55","192.168.1.2","TCP","1514","8004  >  50058 [ACK] Seq=351790 Ack=144 Win=65024 Len=1448 TSval=2916034410 TSecr=3045554181 [TCP segment of a reassembled PDU]"
"15454","30.329388201","192.168.1.55","192.168.1.2","TCP","1514","8004  >  50058 [ACK] Seq=353238 Ack=144 Win=65024 Len=1448 TSval=2916034410 TSecr=3045554181 [TCP segment of a reassembled PDU]"
"15455","30.329389220","192.168.1.55","192.168.1.2","TCP","1514","8004  >  50058 [ACK] Seq=354686 Ack=144 Win=65024 Len=1448 TSval=2916034410 TSecr=3045554181 [TCP segment of a reassembled PDU]"
"15456","30.329390127","192.168.1.55","192.168.1.2","TCP","1514","8004  >  50058 [ACK] Seq=356134 Ack=144 Win=65024 Len=1448 TSval=2916034410 TSecr=3045554181 [TCP segment of a reassembled PDU]"
"15457","30.329391016","192.168.1.55","192.168.1.2","TCP","1514","8004  >  50058 [ACK] Seq=357582 Ack=144 Win=65024 Len=1448 TSval=2916034410 TSecr=3045554181 [TCP segment of a reassembled PDU]"
"15458","30.329391942","192.168.1.55","192.168.1.2","TCP","1514","8004  >  50058 [ACK] Seq=359030 Ack=144 Win=65024 Len=1448 TSval=2916034410 TSecr=3045554181 [TCP segment of a reassembled PDU]"
"15459","30.329393275","192.168.1.55","192.168.1.2","TCP","1514","8004  >  50058 [ACK] Seq=360478 Ack=144 Win=65024 Len=1448 TSval=2916034410 TSecr=3045554181 [TCP segment of a reassembled PDU]"
"15460","30.329394349","192.168.1.55","192.168.1.2","TCP","1514","8004  >  50058 [ACK] Seq=361926 Ack=144 Win=65024 Len=1448 TSval=2916034410 TSecr=3045554181 [TCP segment of a reassembled PDU]"
"15461","30.329395720","192.168.1.55","192.168.1.2","TCP","1514","[TCP Window Full] 8004  >  50058 [PSH, ACK] Seq=363374 Ack=144 Win=65024 Len=1448 TSval=2916034410 TSecr=3045554181 [TCP segment of a reassembled PDU]"
"15462","30.329468127","192.168.1.2","192.168.1.55","TCP","66","50058  >  8004 [ACK] Seq=144 Ack=281102 Win=97280 Len=0 TSval=3045554183 TSecr=2916034399"
"15463","30.329500498","192.168.1.55","192.168.1.2","TCP","330","8004  >  50058 [ACK] Seq=364822 Ack=144 Win=65024 Len=264 TSval=2916034410 TSecr=3045554183 [TCP segment of a reassembled PDU]"
"15464","30.329516664","192.168.1.2","192.168.1.55","TCP","66","50058  >  8004 [ACK] Seq=144 Ack=299926 Win=97280 Len=0 TSval=3045554184 TSecr=2916034399"
"15465","30.329524720","192.168.1.2","192.168.1.55","TCP","66","50058  >  8004 [ACK] Seq=144 Ack=323094 Win=75776 Len=0 TSval=3045554184 TSecr=2916034399"
"15466","30.329580035","192.168.1.55","192.168.1.2","TCP","1514","8004  >  50058 [ACK] Seq=365086 Ack=144 Win=65024 Len=1448 TSval=2916034410 TSecr=3045554184 [TCP segment of a reassembled PDU]"
"15467","30.329582868","192.168.1.55","192.168.1.2","TCP","1514","8004  >  50058 [ACK] Seq=366534 Ack=144 Win=65024 Len=1448 TSval=2916034410 TSecr=3045554184 [TCP segment of a reassembled PDU]"
"15468","30.329584035","192.168.1.55","192.168.1.2","TCP","1514","8004  >  50058 [ACK] Seq=367982 Ack=144 Win=65024 Len=1448 TSval=2916034410 TSecr=3045554184 [TCP segment of a reassembled PDU]"
"15469","30.329585757","192.168.1.55","192.168.1.2","TCP","1514","8004  >  50058 [ACK] Seq=369430 Ack=144 Win=65024 Len=1448 TSval=2916034410 TSecr=3045554184 [TCP segment of a reassembled PDU]"
"15470","30.329586850","192.168.1.55","192.168.1.2","TCP","1514","8004  >  50058 [ACK] Seq=370878 Ack=144 Win=65024 Len=1448 TSval=2916034410 TSecr=3045554184 [TCP segment of a reassembled PDU]"
"15471","30.329588257","192.168.1.55","192.168.1.2","TCP","1514","8004  >  50058 [ACK] Seq=372326 Ack=144 Win=65024 Len=1448 TSval=2916034410 TSecr=3045554184 [TCP segment of a reassembled PDU]"
"15472","30.329589479","192.168.1.55","192.168.1.2","TCP","1514","8004  >  50058 [ACK] Seq=373774 Ack=144 Win=65024 Len=1448 TSval=2916034410 TSecr=3045554184 [TCP segment of a reassembled PDU]"
"15473","30.329590887","192.168.1.55","192.168.1.2","TCP","1514","8004  >  50058 [ACK] Seq=375222 Ack=144 Win=65024 Len=1448 TSval=2916034410 TSecr=3045554184 [TCP segment of a reassembled PDU]"
"15474","30.329592368","192.168.1.55","192.168.1.2","TCP","1514","8004  >  50058 [ACK] Seq=376670 Ack=144 Win=65024 Len=1448 TSval=2916034410 TSecr=3045554184 [TCP segment of a reassembled PDU]"
"15475","30.329593572","192.168.1.55","192.168.1.2","TCP","1514","8004  >  50058 [ACK] Seq=378118 Ack=144 Win=65024 Len=1448 TSval=2916034410 TSecr=3045554184 [TCP segment of a reassembled PDU]"
"15476","30.329594905","192.168.1.55","192.168.1.2","TCP","1514","8004  >  50058 [ACK] Seq=379566 Ack=144 Win=65024 Len=1448 TSval=2916034410 TSecr=3045554184 [TCP segment of a reassembled PDU]"
"15477","30.329596331","192.168.1.55","192.168.1.2","TCP","1514","8004  >  50058 [ACK] Seq=381014 Ack=144 Win=65024 Len=1448 TSval=2916034410 TSecr=3045554184 [TCP segment of a reassembled PDU]"
"15478","30.329597553","192.168.1.55","192.168.1.2","TCP","1514","8004  >  50058 [ACK] Seq=382462 Ack=144 Win=65024 Len=1448 TSval=2916034410 TSecr=3045554184 [TCP segment of a reassembled PDU]"
"15479","30.329599053","192.168.1.55","192.168.1.2","TCP","1514","8004  >  50058 [ACK] Seq=383910 Ack=144 Win=65024 Len=1448 TSval=2916034410 TSecr=3045554184 [TCP segment of a reassembled PDU]"
"15480","30.329600683","192.168.1.55","192.168.1.2","TCP","1514","8004  >  50058 [ACK] Seq=385358 Ack=144 Win=65024 Len=1448 TSval=2916034410 TSecr=3045554184 [TCP segment of a reassembled PDU]"
"15481","30.329601924","192.168.1.55","192.168.1.2","TCP","1514","8004  >  50058 [ACK] Seq=386806 Ack=144 Win=65024 Len=1448 TSval=2916034410 TSecr=3045554184 [TCP segment of a reassembled PDU]"
"15482","30.329603035","192.168.1.55","192.168.1.2","TCP","1514","8004  >  50058 [ACK] Seq=388254 Ack=144 Win=65024 Len=1448 TSval=2916034410 TSecr=3045554184 [TCP segment of a reassembled PDU]"
"15483","30.329604276","192.168.1.55","192.168.1.2","TCP","1514","8004  >  50058 [ACK] Seq=389702 Ack=144 Win=65024 Len=1448 TSval=2916034410 TSecr=3045554184 [TCP segment of a reassembled PDU]"
"15484","30.329606294","192.168.1.55","192.168.1.2","TCP","1514","8004  >  50058 [ACK] Seq=391150 Ack=144 Win=65024 Len=1448 TSval=2916034410 TSecr=3045554184 [TCP segment of a reassembled PDU]"
"15485","30.329608572","192.168.1.55","192.168.1.2","TCP","1514","8004  >  50058 [ACK] Seq=392598 Ack=144 Win=65024 Len=1448 TSval=2916034410 TSecr=3045554184 [TCP segment of a reassembled PDU]"
"15486","30.329611405","192.168.1.55","192.168.1.2","TCP","1514","8004  >  50058 [ACK] Seq=394046 Ack=144 Win=65024 Len=1448 TSval=2916034410 TSecr=3045554184 [TCP segment of a reassembled PDU]"
"15487","30.329613850","192.168.1.55","192.168.1.2","TCP","1514","8004  >  50058 [ACK] Seq=395494 Ack=144 Win=65024 Len=1448 TSval=2916034410 TSecr=3045554184 [TCP segment of a reassembled PDU]"
"15488","30.329616664","192.168.1.55","192.168.1.2","TCP","1514","8004  >  50058 [PSH, ACK] Seq=396942 Ack=144 Win=65024 Len=1448 TSval=2916034410 TSecr=3045554184 [TCP segment of a reassembled PDU]"
"15489","30.329627053","192.168.1.2","192.168.1.55","TCP","66","50058  >  8004 [ACK] Seq=144 Ack=334414 Win=97280 Len=0 TSval=3045554184 TSecr=2916034401"
"15490","30.330861463","192.168.1.55","192.168.1.2","TCP","1514","8004  >  50058 [ACK] Seq=398390 Ack=144 Win=65024 Len=1448 TSval=2916034411 TSecr=3045554184 [TCP segment of a reassembled PDU]"
"15491","30.330865666","192.168.1.55","192.168.1.2","TCP","1514","8004  >  50058 [ACK] Seq=399838 Ack=144 Win=65024 Len=1448 TSval=2916034411 TSecr=3045554184 [TCP segment of a reassembled PDU]"
"15492","30.330866815","192.168.1.55","192.168.1.2","TCP","1514","8004  >  50058 [ACK] Seq=401286 Ack=144 Win=65024 Len=1448 TSval=2916034411 TSecr=3045554184 [TCP segment of a reassembled PDU]"
"15493","30.330867907","192.168.1.55","192.168.1.2","TCP","1514","8004  >  50058 [ACK] Seq=402734 Ack=144 Win=65024 Len=1448 TSval=2916034411 TSecr=3045554184 [TCP segment of a reassembled PDU]"
"15494","30.330869000","192.168.1.55","192.168.1.2","TCP","1514","8004  >  50058 [ACK] Seq=404182 Ack=144 Win=65024 Len=1448 TSval=2916034411 TSecr=3045554184 [TCP segment of a reassembled PDU]"
"15495","30.330870000","192.168.1.55","192.168.1.2","TCP","1514","8004  >  50058 [ACK] Seq=405630 Ack=144 Win=65024 Len=1448 TSval=2916034411 TSecr=3045554184 [TCP segment of a reassembled PDU]"
"15496","30.330870926","192.168.1.55","192.168.1.2","TCP","1514","8004  >  50058 [PSH, ACK] Seq=407078 Ack=144 Win=65024 Len=1448 TSval=2916034411 TSecr=3045554184 [TCP segment of a reassembled PDU]"
"15497","30.330891518","192.168.1.55","192.168.1.2","TCP","1514","8004  >  50058 [ACK] Seq=408526 Ack=144 Win=65024 Len=1448 TSval=2916034411 TSecr=3045554184 [TCP segment of a reassembled PDU]"
"15498","30.330892574","192.168.1.55","192.168.1.2","TCP","1514","8004  >  50058 [ACK] Seq=409974 Ack=144 Win=65024 Len=1448 TSval=2916034411 TSecr=3045554184 [TCP segment of a reassembled PDU]"
"15499","30.330893537","192.168.1.55","192.168.1.2","TCP","1514","8004  >  50058 [ACK] Seq=411422 Ack=144 Win=65024 Len=1448 TSval=2916034411 TSecr=3045554184 [TCP segment of a reassembled PDU]"
"15500","30.330894518","192.168.1.55","192.168.1.2","TCP","1514","8004  >  50058 [ACK] Seq=412870 Ack=144 Win=65024 Len=1448 TSval=2916034411 TSecr=3045554184 [TCP segment of a reassembled PDU]"
"15501","30.330895611","192.168.1.55","192.168.1.2","TCP","1514","8004  >  50058 [ACK] Seq=414318 Ack=144 Win=65024 Len=1448 TSval=2916034411 TSecr=3045554184 [TCP segment of a reassembled PDU]"
"15502","30.330896574","192.168.1.55","192.168.1.2","TCP","1514","8004  >  50058 [ACK] Seq=415766 Ack=144 Win=65024 Len=1448 TSval=2916034411 TSecr=3045554184 [TCP segment of a reassembled PDU]"
"15503","30.330897555","192.168.1.55","192.168.1.2","TCP","1514","8004  >  50058 [ACK] Seq=417214 Ack=144 Win=65024 Len=1448 TSval=2916034411 TSecr=3045554184 [TCP segment of a reassembled PDU]"
"15504","30.330898500","192.168.1.55","192.168.1.2","TCP","1514","8004  >  50058 [ACK] Seq=418662 Ack=144 Win=65024 Len=1448 TSval=2916034411 TSecr=3045554184 [TCP segment of a reassembled PDU]"
"15505","30.330899481","192.168.1.55","192.168.1.2","TCP","1514","8004  >  50058 [ACK] Seq=420110 Ack=144 Win=65024 Len=1448 TSval=2916034411 TSecr=3045554184 [TCP segment of a reassembled PDU]"
"15506","30.330900481","192.168.1.55","192.168.1.2","TCP","1514","8004  >  50058 [ACK] Seq=421558 Ack=144 Win=65024 Len=1448 TSval=2916034411 TSecr=3045554184 [TCP segment of a reassembled PDU]"
"15507","30.330901555","192.168.1.55","192.168.1.2","TCP","1514","8004  >  50058 [ACK] Seq=423006 Ack=144 Win=65024 Len=1448 TSval=2916034411 TSecr=3045554184 [TCP segment of a reassembled PDU]"
"15508","30.330902555","192.168.1.55","192.168.1.2","TCP","1514","8004  >  50058 [ACK] Seq=424454 Ack=144 Win=65024 Len=1448 TSval=2916034411 TSecr=3045554184 [TCP segment of a reassembled PDU]"
"15509","30.330903555","192.168.1.55","192.168.1.2","TCP","1514","8004  >  50058 [ACK] Seq=425902 Ack=144 Win=65024 Len=1448 TSval=2916034411 TSecr=3045554184 [TCP segment of a reassembled PDU]"
"15510","30.330904574","192.168.1.55","192.168.1.2","TCP","1514","8004  >  50058 [ACK] Seq=427350 Ack=144 Win=65024 Len=1448 TSval=2916034411 TSecr=3045554184 [TCP segment of a reassembled PDU]"
"15511","30.330905537","192.168.1.55","192.168.1.2","TCP","1514","8004  >  50058 [ACK] Seq=428798 Ack=144 Win=65024 Len=1448 TSval=2916034411 TSecr=3045554184 [TCP segment of a reassembled PDU]"
"15512","30.330906481","192.168.1.55","192.168.1.2","TCP","1514","[TCP Window Full] 8004  >  50058 [PSH, ACK] Seq=430246 Ack=144 Win=65024 Len=1448 TSval=2916034411 TSecr=3045554184 [TCP segment of a reassembled PDU]"
"15513","30.339972255","192.168.1.2","192.168.1.55","TCP","66","50058  >  8004 [ACK] Seq=144 Ack=365086 Win=88064 Len=0 TSval=3045554193 TSecr=2916034410"
"15514","30.340018199","192.168.1.55","192.168.1.2","TCP","1514","8004  >  50058 [ACK] Seq=431694 Ack=144 Win=65024 Len=1448 TSval=2916034420 TSecr=3045554193 [TCP segment of a reassembled PDU]"
"15515","30.340021496","192.168.1.55","192.168.1.2","TCP","1514","8004  >  50058 [ACK] Seq=433142 Ack=144 Win=65024 Len=1448 TSval=2916034420 TSecr=3045554193 [TCP segment of a reassembled PDU]"
"15516","30.340022514","192.168.1.55","192.168.1.2","TCP","1514","8004  >  50058 [ACK] Seq=434590 Ack=144 Win=65024 Len=1448 TSval=2916034420 TSecr=3045554193 [TCP segment of a reassembled PDU]"
"15517","30.340023514","192.168.1.55","192.168.1.2","TCP","1514","8004  >  50058 [ACK] Seq=436038 Ack=144 Win=65024 Len=1448 TSval=2916034420 TSecr=3045554193 [TCP segment of a reassembled PDU]"
"15518","30.340024459","192.168.1.55","192.168.1.2","TCP","1514","8004  >  50058 [ACK] Seq=437486 Ack=144 Win=65024 Len=1448 TSval=2916034420 TSecr=3045554193 [TCP segment of a reassembled PDU]"
"15519","30.340025699","192.168.1.55","192.168.1.2","TCP","1514","8004  >  50058 [ACK] Seq=438934 Ack=144 Win=65024 Len=1448 TSval=2916034420 TSecr=3045554193 [TCP segment of a reassembled PDU]"
"15520","30.340026588","192.168.1.55","192.168.1.2","TCP","1514","8004  >  50058 [ACK] Seq=440382 Ack=144 Win=65024 Len=1448 TSval=2916034420 TSecr=3045554193 [TCP segment of a reassembled PDU]"
"15521","30.340027533","192.168.1.55","192.168.1.2","TCP","1514","8004  >  50058 [ACK] Seq=441830 Ack=144 Win=65024 Len=1448 TSval=2916034420 TSecr=3045554193 [TCP segment of a reassembled PDU]"
"15522","30.340028607","192.168.1.55","192.168.1.2","TCP","1514","8004  >  50058 [ACK] Seq=443278 Ack=144 Win=65024 Len=1448 TSval=2916034420 TSecr=3045554193 [TCP segment of a reassembled PDU]"
"15523","30.340029514","192.168.1.55","192.168.1.2","TCP","1514","8004  >  50058 [ACK] Seq=444726 Ack=144 Win=65024 Len=1448 TSval=2916034420 TSecr=3045554193 [TCP segment of a reassembled PDU]"
"15524","30.340030459","192.168.1.55","192.168.1.2","TCP","1514","8004  >  50058 [ACK] Seq=446174 Ack=144 Win=65024 Len=1448 TSval=2916034420 TSecr=3045554193 [TCP segment of a reassembled PDU]"
"15525","30.340031366","192.168.1.55","192.168.1.2","TCP","1514","8004  >  50058 [ACK] Seq=447622 Ack=144 Win=65024 Len=1448 TSval=2916034420 TSecr=3045554193 [TCP segment of a reassembled PDU]"
"15526","30.340032273","192.168.1.55","192.168.1.2","TCP","1514","8004  >  50058 [ACK] Seq=449070 Ack=144 Win=65024 Len=1448 TSval=2916034420 TSecr=3045554193 [TCP segment of a reassembled PDU]"
"15527","30.340033421","192.168.1.55","192.168.1.2","TCP","1514","8004  >  50058 [PSH, ACK] Seq=450518 Ack=144 Win=65024 Len=1448 TSval=2916034420 TSecr=3045554193 [TCP segment of a reassembled PDU]"
"15528","30.343126815","192.168.1.2","192.168.1.55","TCP","66","50058  >  8004 [ACK] Seq=144 Ack=373774 Win=111616 Len=0 TSval=3045554194 TSecr=2916034410"
"15529","30.343159612","192.168.1.55","192.168.1.2","TCP","1514","8004  >  50058 [ACK] Seq=451966 Ack=144 Win=65024 Len=1448 TSval=2916034423 TSecr=3045554194 [TCP segment of a reassembled PDU]"
"15530","30.343162112","192.168.1.55","192.168.1.2","TCP","1514","8004  >  50058 [ACK] Seq=453414 Ack=144 Win=65024 Len=1448 TSval=2916034423 TSecr=3045554194 [TCP segment of a reassembled PDU]"
"15531","30.343163352","192.168.1.55","192.168.1.2","TCP","1514","8004  >  50058 [ACK] Seq=454862 Ack=144 Win=65024 Len=1448 TSval=2916034423 TSecr=3045554194 [TCP segment of a reassembled PDU]"
"15532","30.343164741","192.168.1.55","192.168.1.2","TCP","1514","8004  >  50058 [ACK] Seq=456310 Ack=144 Win=65024 Len=1448 TSval=2916034423 TSecr=3045554194 [TCP segment of a reassembled PDU]"
"15533","30.343166056","192.168.1.55","192.168.1.2","TCP","1514","8004  >  50058 [ACK] Seq=457758 Ack=144 Win=65024 Len=1448 TSval=2916034423 TSecr=3045554194 [TCP segment of a reassembled PDU]"
"15534","30.343167352","192.168.1.55","192.168.1.2","TCP","1514","8004  >  50058 [ACK] Seq=459206 Ack=144 Win=65024 Len=1448 TSval=2916034423 TSecr=3045554194 [TCP segment of a reassembled PDU]"
"15535","30.343168649","192.168.1.55","192.168.1.2","TCP","1514","8004  >  50058 [ACK] Seq=460654 Ack=144 Win=65024 Len=1448 TSval=2916034423 TSecr=3045554194 [TCP segment of a reassembled PDU]"
"15536","30.343169889","192.168.1.55","192.168.1.2","TCP","1514","8004  >  50058 [ACK] Seq=462102 Ack=144 Win=65024 Len=1448 TSval=2916034423 TSecr=3045554194 [TCP segment of a reassembled PDU]"
"15537","30.343171315","192.168.1.55","192.168.1.2","TCP","1514","8004  >  50058 [ACK] Seq=463550 Ack=144 Win=65024 Len=1448 TSval=2916034423 TSecr=3045554194 [TCP segment of a reassembled PDU]"
"15538","30.343172723","192.168.1.55","192.168.1.2","TCP","1514","8004  >  50058 [ACK] Seq=464998 Ack=144 Win=65024 Len=1448 TSval=2916034423 TSecr=3045554194 [TCP segment of a reassembled PDU]"
"15539","30.343173945","192.168.1.55","192.168.1.2","TCP","1514","8004  >  50058 [ACK] Seq=466446 Ack=144 Win=65024 Len=1448 TSval=2916034423 TSecr=3045554194 [TCP segment of a reassembled PDU]"
"15540","30.343175278","192.168.1.55","192.168.1.2","TCP","1514","8004  >  50058 [ACK] Seq=467894 Ack=144 Win=65024 Len=1448 TSval=2916034423 TSecr=3045554194 [TCP segment of a reassembled PDU]"
"15541","30.343176500","192.168.1.55","192.168.1.2","TCP","1514","8004  >  50058 [ACK] Seq=469342 Ack=144 Win=65024 Len=1448 TSval=2916034423 TSecr=3045554194 [TCP segment of a reassembled PDU]"
"15542","30.343177871","192.168.1.55","192.168.1.2","TCP","1514","8004  >  50058 [ACK] Seq=470790 Ack=144 Win=65024 Len=1448 TSval=2916034423 TSecr=3045554194 [TCP segment of a reassembled PDU]"
"15543","30.343179167","192.168.1.55","192.168.1.2","TCP","1514","8004  >  50058 [ACK] Seq=472238 Ack=144 Win=65024 Len=1448 TSval=2916034423 TSecr=3045554194 [TCP segment of a reassembled PDU]"
"15544","30.343180389","192.168.1.55","192.168.1.2","TCP","1514","8004  >  50058 [ACK] Seq=473686 Ack=144 Win=65024 Len=1448 TSval=2916034423 TSecr=3045554194 [TCP segment of a reassembled PDU]"
"15545","30.343181741","192.168.1.55","192.168.1.2","TCP","1514","8004  >  50058 [ACK] Seq=475134 Ack=144 Win=65024 Len=1448 TSval=2916034423 TSecr=3045554194 [TCP segment of a reassembled PDU]"
"15546","30.343182963","192.168.1.55","192.168.1.2","TCP","1514","8004  >  50058 [ACK] Seq=476582 Ack=144 Win=65024 Len=1448 TSval=2916034423 TSecr=3045554194 [TCP segment of a reassembled PDU]"
"15547","30.343184204","192.168.1.55","192.168.1.2","TCP","1514","8004  >  50058 [ACK] Seq=478030 Ack=144 Win=65024 Len=1448 TSval=2916034423 TSecr=3045554194 [TCP segment of a reassembled PDU]"
"15548","30.343185982","192.168.1.55","192.168.1.2","TCP","1514","8004  >  50058 [ACK] Seq=479478 Ack=144 Win=65024 Len=1448 TSval=2916034423 TSecr=3045554194 [TCP segment of a reassembled PDU]"
"15549","30.343187278","192.168.1.55","192.168.1.2","TCP","1514","8004  >  50058 [ACK] Seq=480926 Ack=144 Win=65024 Len=1448 TSval=2916034423 TSecr=3045554194 [TCP segment of a reassembled PDU]"
"15550","30.343188519","192.168.1.55","192.168.1.2","TCP","1514","8004  >  50058 [ACK] Seq=482374 Ack=144 Win=65024 Len=1448 TSval=2916034423 TSecr=3045554194 [TCP segment of a reassembled PDU]"
"15551","30.343190112","192.168.1.55","192.168.1.2","TCP","1514","8004  >  50058 [ACK] Seq=483822 Ack=144 Win=65024 Len=1448 TSval=2916034423 TSecr=3045554194 [TCP segment of a reassembled PDU]"
"15552","30.343191334","192.168.1.55","192.168.1.2","TCP","186","[TCP Window Full] 8004  >  50058 [PSH, ACK] Seq=485270 Ack=144 Win=65024 Len=120 TSval=2916034423 TSecr=3045554194 [TCP segment of a reassembled PDU]"
"15553","30.343277482","192.168.1.2","192.168.1.55","TCP","66","50058  >  8004 [ACK] Seq=144 Ack=398390 Win=96256 Len=0 TSval=3045554195 TSecr=2916034410"
"15554","30.343286686","192.168.1.2","192.168.1.55","TCP","66","50058  >  8004 [ACK] Seq=144 Ack=425902 Win=70656 Len=0 TSval=3045554196 TSecr=2916034411"
"15555","30.343306686","192.168.1.55","192.168.1.2","TCP","1514","8004  >  50058 [ACK] Seq=485390 Ack=144 Win=65024 Len=1448 TSval=2916034424 TSecr=3045554196 [TCP segment of a reassembled PDU]"
"15556","30.343308464","192.168.1.55","192.168.1.2","TCP","1514","8004  >  50058 [ACK] Seq=486838 Ack=144 Win=65024 Len=1448 TSval=2916034424 TSecr=3045554196 [TCP segment of a reassembled PDU]"
"15557","30.343309704","192.168.1.55","192.168.1.2","TCP","1514","8004  >  50058 [ACK] Seq=488286 Ack=144 Win=65024 Len=1448 TSval=2916034424 TSecr=3045554196 [TCP segment of a reassembled PDU]"
"15558","30.343311019","192.168.1.55","192.168.1.2","TCP","1514","8004  >  50058 [ACK] Seq=489734 Ack=144 Win=65024 Len=1448 TSval=2916034424 TSecr=3045554196 [TCP segment of a reassembled PDU]"
"15559","30.343312427","192.168.1.55","192.168.1.2","TCP","1514","8004  >  50058 [ACK] Seq=491182 Ack=144 Win=65024 Len=1448 TSval=2916034424 TSecr=3045554196 [TCP segment of a reassembled PDU]"
"15560","30.343313649","192.168.1.55","192.168.1.2","TCP","1514","8004  >  50058 [PSH, ACK] Seq=492630 Ack=144 Win=65024 Len=1448 TSval=2916034424 TSecr=3045554196 [TCP segment of a reassembled PDU]"
"15561","30.343319779","192.168.1.55","192.168.1.2","TCP","1394","8004  >  50058 [ACK] Seq=494078 Ack=144 Win=65024 Len=1328 TSval=2916034424 TSecr=3045554196 [TCP segment of a reassembled PDU]"
"15562","30.343324575","192.168.1.2","192.168.1.55","TCP","66","50058  >  8004 [ACK] Seq=144 Ack=431694 Win=110592 Len=0 TSval=3045554197 TSecr=2916034411"
"15563","30.343336964","192.168.1.55","192.168.1.2","TCP","1514","8004  >  50058 [ACK] Seq=495406 Ack=144 Win=65024 Len=1448 TSval=2916034424 TSecr=3045554197 [TCP segment of a reassembled PDU]"
"15564","30.343338612","192.168.1.55","192.168.1.2","TCP","1514","8004  >  50058 [PSH, ACK] Seq=496854 Ack=144 Win=65024 Len=1448 TSval=2916034424 TSecr=3045554197 [TCP segment of a reassembled PDU]"
"15565","30.343342704","192.168.1.55","192.168.1.2","HTTP","222","HTTP/1.0 200 OK  (PNG)"
"15566","30.343403408","192.168.1.2","192.168.1.55","TCP","66","50058  >  8004 [ACK] Seq=144 Ack=446174 Win=111616 Len=0 TSval=3045554198 TSecr=2916034420"
"15567","30.343409760","192.168.1.2","192.168.1.55","TCP","66","50058  >  8004 [ACK] Seq=144 Ack=451966 Win=122880 Len=0 TSval=3045554199 TSecr=2916034420"
"15568","30.347616044","192.168.1.2","192.168.1.55","TCP","66","50058  >  8004 [ACK] Seq=144 Ack=485390 Win=140288 Len=0 TSval=3045554203 TSecr=2916034423"
"15569","30.347741489","192.168.1.2","192.168.1.55","TCP","66","50058  >  8004 [ACK] Seq=144 Ack=495406 Win=131072 Len=0 TSval=3045554203 TSecr=2916034424"
"15570","30.347748193","192.168.1.2","192.168.1.55","TCP","66","50058  >  8004 [ACK] Seq=144 Ack=498302 Win=129024 Len=0 TSval=3045554203 TSecr=2916034424"
"15571","30.349154102","192.168.1.2","192.168.1.55","TCP","66","50058  >  8004 [FIN, ACK] Seq=144 Ack=498459 Win=143360 Len=0 TSval=3045554203 TSecr=2916034424"
"15572","30.349164288","192.168.1.55","192.168.1.2","TCP","66","8004  >  50058 [ACK] Seq=498459 Ack=145 Win=65024 Len=0 TSval=2916034429 TSecr=3045554203"
"15573","30.349204566","192.168.1.2","192.168.1.55","TCP","74","50072  >  8004 [SYN] Seq=0 Win=64240 Len=0 MSS=1460 SACK_PERM TSval=3045554204 TSecr=0 WS=1024"
"15574","30.349227399","192.168.1.55","192.168.1.2","TCP","74","8004  >  50072 [SYN, ACK] Seq=0 Ack=1 Win=65160 Len=0 MSS=1460 SACK_PERM TSval=2916034429 TSecr=3045554204 WS=128"
"15575","30.352470774","192.168.1.2","192.168.1.55","TCP","66","50072  >  8004 [ACK] Seq=1 Ack=1 Win=64512 Len=0 TSval=3045554207 TSecr=2916034429"
"15576","30.353485369","192.168.1.2","192.168.1.55","HTTP","206","GET /stego_benchmark.png HTTP/1.1 "
"15577","30.353501035","192.168.1.55","192.168.1.2","TCP","66","8004  >  50072 [ACK] Seq=1 Ack=141 Win=65024 Len=0 TSval=2916034434 TSecr=3045554208"
"15578","30.354003017","192.168.1.55","192.168.1.2","TCP","255","8004  >  50072 [PSH, ACK] Seq=1 Ack=141 Win=65024 Len=189 TSval=2916034434 TSecr=3045554208 [TCP segment of a reassembled PDU]"
"15579","30.354087592","192.168.1.55","192.168.1.2","TCP","1514","8004  >  50072 [ACK] Seq=190 Ack=141 Win=65024 Len=1448 TSval=2916034434 TSecr=3045554208 [TCP segment of a reassembled PDU]"
"15580","30.354092388","192.168.1.55","192.168.1.2","TCP","1514","8004  >  50072 [ACK] Seq=1638 Ack=141 Win=65024 Len=1448 TSval=2916034434 TSecr=3045554208 [TCP segment of a reassembled PDU]"
"15581","30.354093925","192.168.1.55","192.168.1.2","TCP","1514","8004  >  50072 [ACK] Seq=3086 Ack=141 Win=65024 Len=1448 TSval=2916034434 TSecr=3045554208 [TCP segment of a reassembled PDU]"
"15582","30.354095407","192.168.1.55","192.168.1.2","TCP","1514","8004  >  50072 [ACK] Seq=4534 Ack=141 Win=65024 Len=1448 TSval=2916034434 TSecr=3045554208 [TCP segment of a reassembled PDU]"
"15583","30.354097295","192.168.1.55","192.168.1.2","TCP","1514","8004  >  50072 [PSH, ACK] Seq=5982 Ack=141 Win=65024 Len=1448 TSval=2916034434 TSecr=3045554208 [TCP segment of a reassembled PDU]"
"15584","30.354115592","192.168.1.55","192.168.1.2","TCP","1514","8004  >  50072 [ACK] Seq=7430 Ack=141 Win=65024 Len=1448 TSval=2916034434 TSecr=3045554208 [TCP segment of a reassembled PDU]"
"15585","30.354117573","192.168.1.55","192.168.1.2","TCP","1514","8004  >  50072 [ACK] Seq=8878 Ack=141 Win=65024 Len=1448 TSval=2916034434 TSecr=3045554208 [TCP segment of a reassembled PDU]"
"15586","30.354118981","192.168.1.55","192.168.1.2","TCP","1514","8004  >  50072 [ACK] Seq=10326 Ack=141 Win=65024 Len=1448 TSval=2916034434 TSecr=3045554208 [TCP segment of a reassembled PDU]"
"15587","30.354120592","192.168.1.55","192.168.1.2","TCP","1514","8004  >  50072 [PSH, ACK] Seq=11774 Ack=141 Win=65024 Len=1448 TSval=2916034434 TSecr=3045554208 [TCP segment of a reassembled PDU]"
"15588","30.359459137","192.168.1.2","192.168.1.55","TCP","66","50072  >  8004 [ACK] Seq=141 Ack=190 Win=64512 Len=0 TSval=3045554212 TSecr=2916034434"
"15589","30.359535008","192.168.1.55","192.168.1.2","TCP","1514","8004  >  50072 [ACK] Seq=13222 Ack=141 Win=65024 Len=1448 TSval=2916034440 TSecr=3045554212 [TCP segment of a reassembled PDU]"
"15590","30.359543489","192.168.1.55","192.168.1.2","TCP","1514","8004  >  50072 [PSH, ACK] Seq=14670 Ack=141 Win=65024 Len=1448 TSval=2916034440 TSecr=3045554212 [TCP segment of a reassembled PDU]"
"15591","30.359634915","192.168.1.2","192.168.1.55","TCP","66","50072  >  8004 [ACK] Seq=141 Ack=3086 Win=70656 Len=0 TSval=3045554212 TSecr=2916034434"
"15592","30.359657119","192.168.1.2","192.168.1.55","TCP","66","50072  >  8004 [ACK] Seq=141 Ack=5982 Win=76800 Len=0 TSval=3045554212 TSecr=2916034434"
"15593","30.359697360","192.168.1.55","192.168.1.2","TCP","1514","8004  >  50072 [ACK] Seq=16118 Ack=141 Win=65024 Len=1448 TSval=2916034440 TSecr=3045554212 [TCP segment of a reassembled PDU]"
"15594","30.359702934","192.168.1.55","192.168.1.2","TCP","1514","8004  >  50072 [ACK] Seq=17566 Ack=141 Win=65024 Len=1448 TSval=2916034440 TSecr=3045554212 [TCP segment of a reassembled PDU]"
"15595","30.359705471","192.168.1.55","192.168.1.2","TCP","1514","8004  >  50072 [ACK] Seq=19014 Ack=141 Win=65024 Len=1448 TSval=2916034440 TSecr=3045554212 [TCP segment of a reassembled PDU]"
"15596","30.359707341","192.168.1.55","192.168.1.2","TCP","1514","8004  >  50072 [ACK] Seq=20462 Ack=141 Win=65024 Len=1448 TSval=2916034440 TSecr=3045554212 [TCP segment of a reassembled PDU]"
"15597","30.359709971","192.168.1.55","192.168.1.2","TCP","1514","8004  >  50072 [ACK] Seq=21910 Ack=141 Win=65024 Len=1448 TSval=2916034440 TSecr=3045554212 [TCP segment of a reassembled PDU]"
"15598","30.359711452","192.168.1.55","192.168.1.2","TCP","1514","8004  >  50072 [ACK] Seq=23358 Ack=141 Win=65024 Len=1448 TSval=2916034440 TSecr=3045554212 [TCP segment of a reassembled PDU]"
"15599","30.359713452","192.168.1.55","192.168.1.2","TCP","1514","8004  >  50072 [PSH, ACK] Seq=24806 Ack=141 Win=65024 Len=1448 TSval=2916034440 TSecr=3045554212 [TCP segment of a reassembled PDU]"
"15600","30.359722489","192.168.1.2","192.168.1.55","TCP","66","50072  >  8004 [ACK] Seq=141 Ack=7430 Win=79872 Len=0 TSval=3045554213 TSecr=2916034434"
"15601","30.359735564","192.168.1.2","192.168.1.55","TCP","66","50072  >  8004 [ACK] Seq=141 Ack=13222 Win=84992 Len=0 TSval=3045554213 TSecr=2916034434"
"15602","30.359769286","192.168.1.55","192.168.1.2","TCP","1514","8004  >  50072 [ACK] Seq=26254 Ack=141 Win=65024 Len=1448 TSval=2916034440 TSecr=3045554213 [TCP segment of a reassembled PDU]"
"15603","30.359773582","192.168.1.55","192.168.1.2","TCP","1514","8004  >  50072 [ACK] Seq=27702 Ack=141 Win=65024 Len=1448 TSval=2916034440 TSecr=3045554213 [TCP segment of a reassembled PDU]"
"15604","30.359775471","192.168.1.55","192.168.1.2","TCP","1514","8004  >  50072 [ACK] Seq=29150 Ack=141 Win=65024 Len=1448 TSval=2916034440 TSecr=3045554213 [TCP segment of a reassembled PDU]"
"15605","30.359777397","192.168.1.55","192.168.1.2","TCP","1514","8004  >  50072 [ACK] Seq=30598 Ack=141 Win=65024 Len=1448 TSval=2916034440 TSecr=3045554213 [TCP segment of a reassembled PDU]"
"15606","30.359779175","192.168.1.55","192.168.1.2","TCP","1514","8004  >  50072 [ACK] Seq=32046 Ack=141 Win=65024 Len=1448 TSval=2916034440 TSecr=3045554213 [TCP segment of a reassembled PDU]"
"15607","30.359781360","192.168.1.55","192.168.1.2","TCP","1514","8004  >  50072 [ACK] Seq=33494 Ack=141 Win=65024 Len=1448 TSval=2916034440 TSecr=3045554213 [TCP segment of a reassembled PDU]"
"15608","30.359783064","192.168.1.55","192.168.1.2","TCP","1514","8004  >  50072 [ACK] Seq=34942 Ack=141 Win=65024 Len=1448 TSval=2916034440 TSecr=3045554213 [TCP segment of a reassembled PDU]"
"15609","30.359784767","192.168.1.55","192.168.1.2","TCP","1514","8004  >  50072 [ACK] Seq=36390 Ack=141 Win=65024 Len=1448 TSval=2916034440 TSecr=3045554213 [TCP segment of a reassembled PDU]"
"15610","30.359786823","192.168.1.55","192.168.1.2","TCP","1514","8004  >  50072 [ACK] Seq=37838 Ack=141 Win=65024 Len=1448 TSval=2916034440 TSecr=3045554213 [TCP segment of a reassembled PDU]"
"15611","30.359789082","192.168.1.55","192.168.1.2","TCP","1514","8004  >  50072 [PSH, ACK] Seq=39286 Ack=141 Win=65024 Len=1448 TSval=2916034440 TSecr=3045554213 [TCP segment of a reassembled PDU]"
"15612","30.360579157","192.168.1.55","192.168.1.2","TCP","1514","8004  >  50072 [ACK] Seq=40734 Ack=141 Win=65024 Len=1448 TSval=2916034441 TSecr=3045554213 [TCP segment of a reassembled PDU]"
"15613","30.364803405","192.168.1.2","192.168.1.55","TCP","66","50072  >  8004 [ACK] Seq=141 Ack=16118 Win=90112 Len=0 TSval=3045554218 TSecr=2916034440"
"15614","30.364832571","192.168.1.55","192.168.1.2","TCP","1514","8004  >  50072 [ACK] Seq=42182 Ack=141 Win=65024 Len=1448 TSval=2916034445 TSecr=3045554218 [TCP segment of a reassembled PDU]"
"15615","30.364835720","192.168.1.55","192.168.1.2","TCP","1514","8004  >  50072 [PSH, ACK] Seq=43630 Ack=141 Win=65024 Len=1448 TSval=2916034445 TSecr=3045554218 [TCP segment of a reassembled PDU]"
"15616","30.365035979","192.168.1.2","192.168.1.55","TCP","66","50072  >  8004 [ACK] Seq=141 Ack=26254 Win=83968 Len=0 TSval=3045554218 TSecr=2916034440"
"15617","30.365059887","192.168.1.55","192.168.1.2","TCP","1514","8004  >  50072 [ACK] Seq=45078 Ack=141 Win=65024 Len=1448 TSval=2916034445 TSecr=3045554218 [TCP segment of a reassembled PDU]"
"15618","30.365061831","192.168.1.55","192.168.1.2","TCP","1514","8004  >  50072 [ACK] Seq=46526 Ack=141 Win=65024 Len=1448 TSval=2916034445 TSecr=3045554218 [TCP segment of a reassembled PDU]"
"15619","30.365063090","192.168.1.55","192.168.1.2","TCP","1514","8004  >  50072 [ACK] Seq=47974 Ack=141 Win=65024 Len=1448 TSval=2916034445 TSecr=3045554218 [TCP segment of a reassembled PDU]"
"15620","30.365064442","192.168.1.55","192.168.1.2","TCP","1514","8004  >  50072 [ACK] Seq=49422 Ack=141 Win=65024 Len=1448 TSval=2916034445 TSecr=3045554218 [TCP segment of a reassembled PDU]"
"15621","30.365065905","192.168.1.55","192.168.1.2","TCP","1514","8004  >  50072 [ACK] Seq=50870 Ack=141 Win=65024 Len=1448 TSval=2916034445 TSecr=3045554218 [TCP segment of a reassembled PDU]"
"15622","30.365067572","192.168.1.55","192.168.1.2","TCP","1514","8004  >  50072 [ACK] Seq=52318 Ack=141 Win=65024 Len=1448 TSval=2916034445 TSecr=3045554218 [TCP segment of a reassembled PDU]"
"15623","30.365068868","192.168.1.55","192.168.1.2","TCP","1514","8004  >  50072 [ACK] Seq=53766 Ack=141 Win=65024 Len=1448 TSval=2916034445 TSecr=3045554218 [TCP segment of a reassembled PDU]"
"15624","30.365070090","192.168.1.55","192.168.1.2","TCP","1514","8004  >  50072 [ACK] Seq=55214 Ack=141 Win=65024 Len=1448 TSval=2916034445 TSecr=3045554218 [TCP segment of a reassembled PDU]"
"15625","30.365071331","192.168.1.55","192.168.1.2","TCP","1514","8004  >  50072 [ACK] Seq=56662 Ack=141 Win=65024 Len=1448 TSval=2916034445 TSecr=3045554218 [TCP segment of a reassembled PDU]"
"15626","30.365072572","192.168.1.55","192.168.1.2","TCP","1514","8004  >  50072 [ACK] Seq=58110 Ack=141 Win=65024 Len=1448 TSval=2916034445 TSecr=3045554218 [TCP segment of a reassembled PDU]"
"15627","30.365073720","192.168.1.55","192.168.1.2","TCP","1514","8004  >  50072 [ACK] Seq=59558 Ack=141 Win=65024 Len=1448 TSval=2916034445 TSecr=3045554218 [TCP segment of a reassembled PDU]"
"15628","30.365075035","192.168.1.55","192.168.1.2","TCP","1514","8004  >  50072 [ACK] Seq=61006 Ack=141 Win=65024 Len=1448 TSval=2916034445 TSecr=3045554218 [TCP segment of a reassembled PDU]"
"15629","30.365076257","192.168.1.55","192.168.1.2","TCP","1514","8004  >  50072 [ACK] Seq=62454 Ack=141 Win=65024 Len=1448 TSval=2916034445 TSecr=3045554218 [TCP segment of a reassembled PDU]"
"15630","30.365077516","192.168.1.55","192.168.1.2","TCP","1514","8004  >  50072 [PSH, ACK] Seq=63902 Ack=141 Win=65024 Len=1448 TSval=2916034445 TSecr=3045554218 [TCP segment of a reassembled PDU]"
"15631","30.365082016","192.168.1.2","192.168.1.55","TCP","66","50072  >  8004 [ACK] Seq=141 Ack=36390 Win=74752 Len=0 TSval=3045554219 TSecr=2916034440"
"15632","30.365098313","192.168.1.55","192.168.1.2","TCP","1514","8004  >  50072 [ACK] Seq=65350 Ack=141 Win=65024 Len=1448 TSval=2916034445 TSecr=3045554219 [TCP segment of a reassembled PDU]"
"15633","30.365099757","192.168.1.55","192.168.1.2","TCP","1514","8004  >  50072 [ACK] Seq=66798 Ack=141 Win=65024 Len=1448 TSval=2916034445 TSecr=3045554219 [TCP segment of a reassembled PDU]"
"15634","30.365100942","192.168.1.55","192.168.1.2","TCP","1514","8004  >  50072 [ACK] Seq=68246 Ack=141 Win=65024 Len=1448 TSval=2916034445 TSecr=3045554219 [TCP segment of a reassembled PDU]"
"15635","30.365102276","192.168.1.55","192.168.1.2","TCP","1514","8004  >  50072 [ACK] Seq=69694 Ack=141 Win=65024 Len=1448 TSval=2916034445 TSecr=3045554219 [TCP segment of a reassembled PDU]"
"15636","30.365103424","192.168.1.55","192.168.1.2","TCP","1514","8004  >  50072 [ACK] Seq=71142 Ack=141 Win=65024 Len=1448 TSval=2916034445 TSecr=3045554219 [TCP segment of a reassembled PDU]"
"15637","30.365104702","192.168.1.55","192.168.1.2","TCP","1514","8004  >  50072 [ACK] Seq=72590 Ack=141 Win=65024 Len=1448 TSval=2916034445 TSecr=3045554219 [TCP segment of a reassembled PDU]"
"15638","30.365106016","192.168.1.55","192.168.1.2","TCP","1514","8004  >  50072 [ACK] Seq=74038 Ack=141 Win=65024 Len=1448 TSval=2916034445 TSecr=3045554219 [TCP segment of a reassembled PDU]"
"15639","30.365107202","192.168.1.55","192.168.1.2","TCP","1514","8004  >  50072 [PSH, ACK] Seq=75486 Ack=141 Win=65024 Len=1448 TSval=2916034445 TSecr=3045554219 [TCP segment of a reassembled PDU]"
"15640","30.365113016","192.168.1.2","192.168.1.55","TCP","66","50072  >  8004 [ACK] Seq=141 Ack=40734 Win=89088 Len=0 TSval=3045554219 TSecr=2916034440"
"15641","30.365119183","192.168.1.2","192.168.1.55","TCP","66","50072  >  8004 [ACK] Seq=141 Ack=42182 Win=88064 Len=0 TSval=3045554219 TSecr=2916034441"
"15642","30.365964110","192.168.1.55","192.168.1.2","TCP","1514","8004  >  50072 [ACK] Seq=76934 Ack=141 Win=65024 Len=1448 TSval=2916034446 TSecr=3045554219 [TCP segment of a reassembled PDU]"
"15643","30.365968944","192.168.1.55","192.168.1.2","TCP","1514","8004  >  50072 [ACK] Seq=78382 Ack=141 Win=65024 Len=1448 TSval=2916034446 TSecr=3045554219 [TCP segment of a reassembled PDU]"
"15644","30.365970295","192.168.1.55","192.168.1.2","TCP","1514","8004  >  50072 [ACK] Seq=79830 Ack=141 Win=65024 Len=1448 TSval=2916034446 TSecr=3045554219 [TCP segment of a reassembled PDU]"
"15645","30.365971610","192.168.1.55","192.168.1.2","TCP","1514","8004  >  50072 [ACK] Seq=81278 Ack=141 Win=65024 Len=1448 TSval=2916034446 TSecr=3045554219 [TCP segment of a reassembled PDU]"
"15646","30.365972777","192.168.1.55","192.168.1.2","TCP","1514","8004  >  50072 [ACK] Seq=82726 Ack=141 Win=65024 Len=1448 TSval=2916034446 TSecr=3045554219 [TCP segment of a reassembled PDU]"
"15647","30.365974573","192.168.1.55","192.168.1.2","TCP","1514","8004  >  50072 [ACK] Seq=84174 Ack=141 Win=65024 Len=1448 TSval=2916034446 TSecr=3045554219 [TCP segment of a reassembled PDU]"
"15648","30.365975833","192.168.1.55","192.168.1.2","TCP","1514","8004  >  50072 [ACK] Seq=85622 Ack=141 Win=65024 Len=1448 TSval=2916034446 TSecr=3045554219 [TCP segment of a reassembled PDU]"
"15649","30.365977499","192.168.1.55","192.168.1.2","TCP","1514","8004  >  50072 [ACK] Seq=87070 Ack=141 Win=65024 Len=1448 TSval=2916034446 TSecr=3045554219 [TCP segment of a reassembled PDU]"
"15650","30.365980555","192.168.1.55","192.168.1.2","TCP","1514","8004  >  50072 [ACK] Seq=88518 Ack=141 Win=65024 Len=1448 TSval=2916034446 TSecr=3045554219 [TCP segment of a reassembled PDU]"
"15651","30.365981796","192.168.1.55","192.168.1.2","TCP","1514","8004  >  50072 [ACK] Seq=89966 Ack=141 Win=65024 Len=1448 TSval=2916034446 TSecr=3045554219 [TCP segment of a reassembled PDU]"
"15652","30.365983092","192.168.1.55","192.168.1.2","TCP","1514","8004  >  50072 [ACK] Seq=91414 Ack=141 Win=65024 Len=1448 TSval=2916034446 TSecr=3045554219 [TCP segment of a reassembled PDU]"
"15653","30.365984407","192.168.1.55","192.168.1.2","TCP","1514","8004  >  50072 [ACK] Seq=92862 Ack=141 Win=65024 Len=1448 TSval=2916034446 TSecr=3045554219 [TCP segment of a reassembled PDU]"
"15654","30.365986018","192.168.1.55","192.168.1.2","TCP","1514","8004  >  50072 [ACK] Seq=94310 Ack=141 Win=65024 Len=1448 TSval=2916034446 TSecr=3045554219 [TCP segment of a reassembled PDU]"
"15655","30.365987407","192.168.1.55","192.168.1.2","TCP","1514","8004  >  50072 [PSH, ACK] Seq=95758 Ack=141 Win=65024 Len=1448 TSval=2916034446 TSecr=3045554219 [TCP segment of a reassembled PDU]"
"15656","30.365994444","192.168.1.55","192.168.1.2","TCP","1514","8004  >  50072 [ACK] Seq=97206 Ack=141 Win=65024 Len=1448 TSval=2916034446 TSecr=3045554219 [TCP segment of a reassembled PDU]"
"15657","30.365996388","192.168.1.55","192.168.1.2","TCP","1514","8004  >  50072 [PSH, ACK] Seq=98654 Ack=141 Win=65024 Len=1448 TSval=2916034446 TSecr=3045554219 [TCP segment of a reassembled PDU]"
"15658","30.370440636","192.168.1.2","192.168.1.55","TCP","66","50072  >  8004 [ACK] Seq=141 Ack=45078 Win=88064 Len=0 TSval=3045554224 TSecr=2916034445"
"15659","30.370486784","192.168.1.55","192.168.1.2","TCP","1514","8004  >  50072 [ACK] Seq=100102 Ack=141 Win=65024 Len=1448 TSval=2916034451 TSecr=3045554224 [TCP segment of a reassembled PDU]"
"15660","30.370490821","192.168.1.55","192.168.1.2","TCP","1514","8004  >  50072 [ACK] Seq=101550 Ack=141 Win=65024 Len=1448 TSval=2916034451 TSecr=3045554224 [TCP segment of a reassembled PDU]"
"15661","30.370492154","192.168.1.55","192.168.1.2","TCP","1514","8004  >  50072 [ACK] Seq=102998 Ack=141 Win=65024 Len=1448 TSval=2916034451 TSecr=3045554224 [TCP segment of a reassembled PDU]"
"15662","30.370494654","192.168.1.55","192.168.1.2","TCP","1514","8004  >  50072 [PSH, ACK] Seq=104446 Ack=141 Win=65024 Len=1448 TSval=2916034451 TSecr=3045554224 [TCP segment of a reassembled PDU]"
"15663","30.370587210","192.168.1.2","192.168.1.55","TCP","66","50072  >  8004 [ACK] Seq=141 Ack=65350 Win=73728 Len=0 TSval=3045554224 TSecr=2916034445"
"15664","30.370606803","192.168.1.55","192.168.1.2","TCP","1514","8004  >  50072 [ACK] Seq=105894 Ack=141 Win=65024 Len=1448 TSval=2916034451 TSecr=3045554224 [TCP segment of a reassembled PDU]"
"15665","30.370610395","192.168.1.55","192.168.1.2","TCP","1514","8004  >  50072 [ACK] Seq=107342 Ack=141 Win=65024 Len=1448 TSval=2916034451 TSecr=3045554224 [TCP segment of a reassembled PDU]"
"15666","30.370612062","192.168.1.55","192.168.1.2","TCP","1514","8004  >  50072 [ACK] Seq=108790 Ack=141 Win=65024 Len=1448 TSval=2916034451 TSecr=3045554224 [TCP segment of a reassembled PDU]"
"15667","30.370613395","192.168.1.55","192.168.1.2","TCP","1514","8004  >  50072 [ACK] Seq=110238 Ack=141 Win=65024 Len=1448 TSval=2916034451 TSecr=3045554224 [TCP segment of a reassembled PDU]"
"15668","30.370614784","192.168.1.55","192.168.1.2","TCP","1514","8004  >  50072 [ACK] Seq=111686 Ack=141 Win=65024 Len=1448 TSval=2916034451 TSecr=3045554224 [TCP segment of a reassembled PDU]"
"15669","30.370616006","192.168.1.55","192.168.1.2","TCP","1514","8004  >  50072 [ACK] Seq=113134 Ack=141 Win=65024 Len=1448 TSval=2916034451 TSecr=3045554224 [TCP segment of a reassembled PDU]"
"15670","30.370617284","192.168.1.55","192.168.1.2","TCP","1514","8004  >  50072 [ACK] Seq=114582 Ack=141 Win=65024 Len=1448 TSval=2916034451 TSecr=3045554224 [TCP segment of a reassembled PDU]"
"15671","30.370618692","192.168.1.55","192.168.1.2","TCP","1514","8004  >  50072 [ACK] Seq=116030 Ack=141 Win=65024 Len=1448 TSval=2916034451 TSecr=3045554224 [TCP segment of a reassembled PDU]"
"15672","30.370620673","192.168.1.55","192.168.1.2","TCP","1514","8004  >  50072 [PSH, ACK] Seq=117478 Ack=141 Win=65024 Len=1448 TSval=2916034451 TSecr=3045554224 [TCP segment of a reassembled PDU]"
"15673","30.370625988","192.168.1.2","192.168.1.55","TCP","66","50072  >  8004 [ACK] Seq=141 Ack=76934 Win=62464 Len=0 TSval=3045554224 TSecr=2916034445"
"15674","30.370637877","192.168.1.2","192.168.1.55","TCP","66","50072  >  8004 [ACK] Seq=141 Ack=85622 Win=54272 Len=0 TSval=3045554224 TSecr=2916034446"
"15675","30.370672025","192.168.1.55","192.168.1.2","TCP","1514","8004  >  50072 [ACK] Seq=118926 Ack=141 Win=65024 Len=1448 TSval=2916034451 TSecr=3045554224 [TCP segment of a reassembled PDU]"
"15676","30.370674599","192.168.1.55","192.168.1.2","TCP","1514","8004  >  50072 [ACK] Seq=120374 Ack=141 Win=65024 Len=1448 TSval=2916034451 TSecr=3045554224 [TCP segment of a reassembled PDU]"
"15677","30.370675747","192.168.1.55","192.168.1.2","TCP","1514","8004  >  50072 [ACK] Seq=121822 Ack=141 Win=65024 Len=1448 TSval=2916034451 TSecr=3045554224 [TCP segment of a reassembled PDU]"
"15678","30.370676914","192.168.1.55","192.168.1.2","TCP","1514","8004  >  50072 [ACK] Seq=123270 Ack=141 Win=65024 Len=1448 TSval=2916034451 TSecr=3045554224 [TCP segment of a reassembled PDU]"
"15679","30.370678155","192.168.1.55","192.168.1.2","TCP","1514","8004  >  50072 [ACK] Seq=124718 Ack=141 Win=65024 Len=1448 TSval=2916034451 TSecr=3045554224 [TCP segment of a reassembled PDU]"
"15680","30.370679321","192.168.1.55","192.168.1.2","TCP","1514","8004  >  50072 [ACK] Seq=126166 Ack=141 Win=65024 Len=1448 TSval=2916034451 TSecr=3045554224 [TCP segment of a reassembled PDU]"
"15681","30.370680655","192.168.1.55","192.168.1.2","TCP","1514","8004  >  50072 [ACK] Seq=127614 Ack=141 Win=65024 Len=1448 TSval=2916034451 TSecr=3045554224 [TCP segment of a reassembled PDU]"
"15682","30.370682877","192.168.1.55","192.168.1.2","TCP","1514","8004  >  50072 [ACK] Seq=129062 Ack=141 Win=65024 Len=1448 TSval=2916034451 TSecr=3045554224 [TCP segment of a reassembled PDU]"
"15683","30.370684507","192.168.1.55","192.168.1.2","TCP","1514","8004  >  50072 [ACK] Seq=130510 Ack=141 Win=65024 Len=1448 TSval=2916034451 TSecr=3045554224 [TCP segment of a reassembled PDU]"
"15684","30.370686099","192.168.1.55","192.168.1.2","TCP","1514","8004  >  50072 [ACK] Seq=131958 Ack=141 Win=65024 Len=1448 TSval=2916034451 TSecr=3045554224 [TCP segment of a reassembled PDU]"
"15685","30.370687321","192.168.1.55","192.168.1.2","TCP","1514","8004  >  50072 [ACK] Seq=133406 Ack=141 Win=65024 Len=1448 TSval=2916034451 TSecr=3045554224 [TCP segment of a reassembled PDU]"
"15686","30.370688562","192.168.1.55","192.168.1.2","TCP","1514","8004  >  50072 [ACK] Seq=134854 Ack=141 Win=65024 Len=1448 TSval=2916034451 TSecr=3045554224 [TCP segment of a reassembled PDU]"
"15687","30.370689933","192.168.1.55","192.168.1.2","TCP","1514","8004  >  50072 [ACK] Seq=136302 Ack=141 Win=65024 Len=1448 TSval=2916034451 TSecr=3045554224 [TCP segment of a reassembled PDU]"
"15688","30.370692173","192.168.1.55","192.168.1.2","TCP","1514","8004  >  50072 [ACK] Seq=137750 Ack=141 Win=65024 Len=1448 TSval=2916034451 TSecr=3045554224 [TCP segment of a reassembled PDU]"
"15689","30.370693821","192.168.1.55","192.168.1.2","TCP","762","[TCP Window Full] 8004  >  50072 [PSH, ACK] Seq=139198 Ack=141 Win=65024 Len=696 TSval=2916034451 TSecr=3045554224 [TCP segment of a reassembled PDU]"
"15690","30.374119308","192.168.1.2","192.168.1.55","TCP","66","50072  >  8004 [ACK] Seq=141 Ack=97206 Win=78848 Len=0 TSval=3045554225 TSecr=2916034446"
"15691","30.374183994","192.168.1.55","192.168.1.2","TCP","1514","8004  >  50072 [ACK] Seq=139894 Ack=141 Win=65024 Len=1448 TSval=2916034454 TSecr=3045554225 [TCP segment of a reassembled PDU]"
"15692","30.374189845","192.168.1.55","192.168.1.2","TCP","1514","8004  >  50072 [ACK] Seq=141342 Ack=141 Win=65024 Len=1448 TSval=2916034454 TSecr=3045554225 [TCP segment of a reassembled PDU]"
"15693","30.374191364","192.168.1.55","192.168.1.2","TCP","1514","8004  >  50072 [ACK] Seq=142790 Ack=141 Win=65024 Len=1448 TSval=2916034454 TSecr=3045554225 [TCP segment of a reassembled PDU]"
"15694","30.374192623","192.168.1.55","192.168.1.2","TCP","1514","8004  >  50072 [ACK] Seq=144238 Ack=141 Win=65024 Len=1448 TSval=2916034454 TSecr=3045554225 [TCP segment of a reassembled PDU]"
"15695","30.374194494","192.168.1.55","192.168.1.2","TCP","1514","8004  >  50072 [ACK] Seq=145686 Ack=141 Win=65024 Len=1448 TSval=2916034454 TSecr=3045554225 [TCP segment of a reassembled PDU]"
"15696","30.374196253","192.168.1.55","192.168.1.2","TCP","1514","8004  >  50072 [ACK] Seq=147134 Ack=141 Win=65024 Len=1448 TSval=2916034454 TSecr=3045554225 [TCP segment of a reassembled PDU]"
"15697","30.374197401","192.168.1.55","192.168.1.2","TCP","1514","8004  >  50072 [ACK] Seq=148582 Ack=141 Win=65024 Len=1448 TSval=2916034454 TSecr=3045554225 [TCP segment of a reassembled PDU]"
"15698","30.374198771","192.168.1.55","192.168.1.2","TCP","1514","8004  >  50072 [ACK] Seq=150030 Ack=141 Win=65024 Len=1448 TSval=2916034454 TSecr=3045554225 [TCP segment of a reassembled PDU]"
"15699","30.374200697","192.168.1.55","192.168.1.2","TCP","1514","8004  >  50072 [ACK] Seq=151478 Ack=141 Win=65024 Len=1448 TSval=2916034454 TSecr=3045554225 [TCP segment of a reassembled PDU]"
"15700","30.374202327","192.168.1.55","192.168.1.2","TCP","1514","8004  >  50072 [ACK] Seq=152926 Ack=141 Win=65024 Len=1448 TSval=2916034454 TSecr=3045554225 [TCP segment of a reassembled PDU]"
"15701","30.374203642","192.168.1.55","192.168.1.2","TCP","1514","8004  >  50072 [ACK] Seq=154374 Ack=141 Win=65024 Len=1448 TSval=2916034454 TSecr=3045554225 [TCP segment of a reassembled PDU]"
"15702","30.374204938","192.168.1.55","192.168.1.2","TCP","1514","8004  >  50072 [ACK] Seq=155822 Ack=141 Win=65024 Len=1448 TSval=2916034454 TSecr=3045554225 [TCP segment of a reassembled PDU]"
"15703","30.374206975","192.168.1.55","192.168.1.2","TCP","1514","8004  >  50072 [ACK] Seq=157270 Ack=141 Win=65024 Len=1448 TSval=2916034454 TSecr=3045554225 [TCP segment of a reassembled PDU]"
"15704","30.374208586","192.168.1.55","192.168.1.2","TCP","1514","8004  >  50072 [PSH, ACK] Seq=158718 Ack=141 Win=65024 Len=1448 TSval=2916034454 TSecr=3045554225 [TCP segment of a reassembled PDU]"
"15705","30.374218827","192.168.1.55","192.168.1.2","TCP","818","8004  >  50072 [ACK] Seq=160166 Ack=141 Win=65024 Len=752 TSval=2916034454 TSecr=3045554225 [TCP segment of a reassembled PDU]"
"15706","30.374272568","192.168.1.2","192.168.1.55","TCP","66","50072  >  8004 [ACK] Seq=141 Ack=98654 Win=90112 Len=0 TSval=3045554226 TSecr=2916034446"
"15707","30.374280549","192.168.1.2","192.168.1.55","TCP","66","50072  >  8004 [ACK] Seq=141 Ack=100102 Win=90112 Len=0 TSval=3045554226 TSecr=2916034446"
"15708","30.376307182","192.168.1.2","192.168.1.55","TCP","66","50072  >  8004 [ACK] Seq=141 Ack=105894 Win=86016 Len=0 TSval=3045554229 TSecr=2916034451"
"15709","30.376333590","192.168.1.55","192.168.1.2","TCP","1514","8004  >  50072 [ACK] Seq=160918 Ack=141 Win=65024 Len=1448 TSval=2916034457 TSecr=3045554229 [TCP segment of a reassembled PDU]"
"15710","30.376336645","192.168.1.55","192.168.1.2","TCP","1514","8004  >  50072 [ACK] Seq=162366 Ack=141 Win=65024 Len=1448 TSval=2916034457 TSecr=3045554229 [TCP segment of a reassembled PDU]"
"15711","30.376337867","192.168.1.55","192.168.1.2","TCP","1514","8004  >  50072 [ACK] Seq=163814 Ack=141 Win=65024 Len=1448 TSval=2916034457 TSecr=3045554229 [TCP segment of a reassembled PDU]"
"15712","30.376339034","192.168.1.55","192.168.1.2","TCP","1514","8004  >  50072 [ACK] Seq=165262 Ack=141 Win=65024 Len=1448 TSval=2916034457 TSecr=3045554229 [TCP segment of a reassembled PDU]"
"15713","30.376340238","192.168.1.55","192.168.1.2","TCP","1514","8004  >  50072 [ACK] Seq=166710 Ack=141 Win=65024 Len=1448 TSval=2916034457 TSecr=3045554229 [TCP segment of a reassembled PDU]"
"15714","30.376341960","192.168.1.55","192.168.1.2","TCP","1514","8004  >  50072 [ACK] Seq=168158 Ack=141 Win=65024 Len=1448 TSval=2916034457 TSecr=3045554229 [TCP segment of a reassembled PDU]"
"15715","30.376343219","192.168.1.55","192.168.1.2","TCP","1514","8004  >  50072 [ACK] Seq=169606 Ack=141 Win=65024 Len=1448 TSval=2916034457 TSecr=3045554229 [TCP segment of a reassembled PDU]"
"15716","30.376344571","192.168.1.55","192.168.1.2","TCP","1514","8004  >  50072 [ACK] Seq=171054 Ack=141 Win=65024 Len=1448 TSval=2916034457 TSecr=3045554229 [TCP segment of a reassembled PDU]"
"15717","30.376345978","192.168.1.55","192.168.1.2","TCP","1514","8004  >  50072 [ACK] Seq=172502 Ack=141 Win=65024 Len=1448 TSval=2916034457 TSecr=3045554229 [TCP segment of a reassembled PDU]"
"15718","30.376347367","192.168.1.55","192.168.1.2","TCP","1514","8004  >  50072 [ACK] Seq=173950 Ack=141 Win=65024 Len=1448 TSval=2916034457 TSecr=3045554229 [TCP segment of a reassembled PDU]"
"15719","30.376348664","192.168.1.55","192.168.1.2","TCP","1514","8004  >  50072 [ACK] Seq=175398 Ack=141 Win=65024 Len=1448 TSval=2916034457 TSecr=3045554229 [TCP segment of a reassembled PDU]"
"15720","30.376349923","192.168.1.55","192.168.1.2","TCP","1514","8004  >  50072 [ACK] Seq=176846 Ack=141 Win=65024 Len=1448 TSval=2916034457 TSecr=3045554229 [TCP segment of a reassembled PDU]"
"15721","30.376351090","192.168.1.55","192.168.1.2","TCP","1514","8004  >  50072 [ACK] Seq=178294 Ack=141 Win=65024 Len=1448 TSval=2916034457 TSecr=3045554229 [TCP segment of a reassembled PDU]"
"15722","30.376352349","192.168.1.55","192.168.1.2","TCP","1514","8004  >  50072 [ACK] Seq=179742 Ack=141 Win=65024 Len=1448 TSval=2916034457 TSecr=3045554229 [TCP segment of a reassembled PDU]"
"15723","30.376353627","192.168.1.55","192.168.1.2","TCP","1514","8004  >  50072 [ACK] Seq=181190 Ack=141 Win=65024 Len=1448 TSval=2916034457 TSecr=3045554229 [TCP segment of a reassembled PDU]"
"15724","30.376354886","192.168.1.55","192.168.1.2","TCP","1514","8004  >  50072 [ACK] Seq=182638 Ack=141 Win=65024 Len=1448 TSval=2916034457 TSecr=3045554229 [TCP segment of a reassembled PDU]"
"15725","30.376356627","192.168.1.55","192.168.1.2","TCP","1514","8004  >  50072 [ACK] Seq=184086 Ack=141 Win=65024 Len=1448 TSval=2916034457 TSecr=3045554229 [TCP segment of a reassembled PDU]"
"15726","30.376357923","192.168.1.55","192.168.1.2","TCP","1514","8004  >  50072 [ACK] Seq=185534 Ack=141 Win=65024 Len=1448 TSval=2916034457 TSecr=3045554229 [TCP segment of a reassembled PDU]"
"15727","30.376359293","192.168.1.55","192.168.1.2","TCP","1514","8004  >  50072 [ACK] Seq=186982 Ack=141 Win=65024 Len=1448 TSval=2916034457 TSecr=3045554229 [TCP segment of a reassembled PDU]"
"15728","30.376360553","192.168.1.55","192.168.1.2","TCP","1514","8004  >  50072 [ACK] Seq=188430 Ack=141 Win=65024 Len=1448 TSval=2916034457 TSecr=3045554229 [TCP segment of a reassembled PDU]"
"15729","30.376362053","192.168.1.55","192.168.1.2","TCP","1514","8004  >  50072 [PSH, ACK] Seq=189878 Ack=141 Win=65024 Len=1448 TSval=2916034457 TSecr=3045554229 [TCP segment of a reassembled PDU]"
"15730","30.376433701","192.168.1.2","192.168.1.55","TCP","66","50072  >  8004 [ACK] Seq=141 Ack=118926 Win=73728 Len=0 TSval=3045554229 TSecr=2916034451"
"15731","30.376440497","192.168.1.2","192.168.1.55","TCP","66","50072  >  8004 [ACK] Seq=141 Ack=134854 Win=58368 Len=0 TSval=3045554229 TSecr=2916034451"
"15732","30.379360891","192.168.1.2","192.168.1.55","TCP","66","50072  >  8004 [ACK] Seq=141 Ack=139894 Win=83968 Len=0 TSval=3045554231 TSecr=2916034451"
"15733","30.379377446","192.168.1.55","192.168.1.2","TCP","1514","8004  >  50072 [ACK] Seq=191326 Ack=141 Win=65024 Len=1448 TSval=2916034460 TSecr=3045554231 [TCP segment of a reassembled PDU]"
"15734","30.379379668","192.168.1.55","192.168.1.2","TCP","1514","8004  >  50072 [ACK] Seq=192774 Ack=141 Win=65024 Len=1448 TSval=2916034460 TSecr=3045554231 [TCP segment of a reassembled PDU]"
"15735","30.379381020","192.168.1.55","192.168.1.2","TCP","1514","8004  >  50072 [ACK] Seq=194222 Ack=141 Win=65024 Len=1448 TSval=2916034460 TSecr=3045554231 [TCP segment of a reassembled PDU]"
"15736","30.379382279","192.168.1.55","192.168.1.2","TCP","1514","8004  >  50072 [ACK] Seq=195670 Ack=141 Win=65024 Len=1448 TSval=2916034460 TSecr=3045554231 [TCP segment of a reassembled PDU]"
"15737","30.379383520","192.168.1.55","192.168.1.2","TCP","1514","8004  >  50072 [ACK] Seq=197118 Ack=141 Win=65024 Len=1448 TSval=2916034460 TSecr=3045554231 [TCP segment of a reassembled PDU]"
"15738","30.379384668","192.168.1.55","192.168.1.2","TCP","1514","8004  >  50072 [ACK] Seq=198566 Ack=141 Win=65024 Len=1448 TSval=2916034460 TSecr=3045554231 [TCP segment of a reassembled PDU]"
"15739","30.379385817","192.168.1.55","192.168.1.2","TCP","1514","8004  >  50072 [ACK] Seq=200014 Ack=141 Win=65024 Len=1448 TSval=2916034460 TSecr=3045554231 [TCP segment of a reassembled PDU]"
"15740","30.379387057","192.168.1.55","192.168.1.2","TCP","1514","8004  >  50072 [ACK] Seq=201462 Ack=141 Win=65024 Len=1448 TSval=2916034460 TSecr=3045554231 [TCP segment of a reassembled PDU]"
"15741","30.379388242","192.168.1.55","192.168.1.2","TCP","1514","8004  >  50072 [ACK] Seq=202910 Ack=141 Win=65024 Len=1448 TSval=2916034460 TSecr=3045554231 [TCP segment of a reassembled PDU]"
"15742","30.379389446","192.168.1.55","192.168.1.2","TCP","1514","8004  >  50072 [PSH, ACK] Seq=204358 Ack=141 Win=65024 Len=1448 TSval=2916034460 TSecr=3045554231 [TCP segment of a reassembled PDU]"
"15743","30.379838614","192.168.1.2","192.168.1.55","TCP","66","50072  >  8004 [ACK] Seq=141 Ack=154374 Win=75776 Len=0 TSval=3045554232 TSecr=2916034454"
"15744","30.381096745","192.168.1.2","192.168.1.55","TCP","66","50072  >  8004 [ACK] Seq=141 Ack=160166 Win=86016 Len=0 TSval=3045554235 TSecr=2916034454"
"15745","30.381126671","192.168.1.55","192.168.1.2","TCP","1514","8004  >  50072 [ACK] Seq=205806 Ack=141 Win=65024 Len=1448 TSval=2916034461 TSecr=3045554235 [TCP segment of a reassembled PDU]"
"15746","30.381129004","192.168.1.55","192.168.1.2","TCP","1514","8004  >  50072 [ACK] Seq=207254 Ack=141 Win=65024 Len=1448 TSval=2916034461 TSecr=3045554235 [TCP segment of a reassembled PDU]"
"15747","30.381130264","192.168.1.55","192.168.1.2","TCP","1514","8004  >  50072 [ACK] Seq=208702 Ack=141 Win=65024 Len=1448 TSval=2916034461 TSecr=3045554235 [TCP segment of a reassembled PDU]"
"15748","30.381131393","192.168.1.55","192.168.1.2","TCP","1514","8004  >  50072 [ACK] Seq=210150 Ack=141 Win=65024 Len=1448 TSval=2916034461 TSecr=3045554235 [TCP segment of a reassembled PDU]"
"15749","30.381132560","192.168.1.55","192.168.1.2","TCP","1514","8004  >  50072 [ACK] Seq=211598 Ack=141 Win=65024 Len=1448 TSval=2916034461 TSecr=3045554235 [TCP segment of a reassembled PDU]"
"15750","30.381133912","192.168.1.55","192.168.1.2","TCP","1514","8004  >  50072 [ACK] Seq=213046 Ack=141 Win=65024 Len=1448 TSval=2916034461 TSecr=3045554235 [TCP segment of a reassembled PDU]"
"15751","30.381135060","192.168.1.55","192.168.1.2","TCP","1514","8004  >  50072 [ACK] Seq=214494 Ack=141 Win=65024 Len=1448 TSval=2916034461 TSecr=3045554235 [TCP segment of a reassembled PDU]"
"15752","30.381136393","192.168.1.55","192.168.1.2","TCP","1514","8004  >  50072 [ACK] Seq=215942 Ack=141 Win=65024 Len=1448 TSval=2916034461 TSecr=3045554235 [TCP segment of a reassembled PDU]"
"15753","30.381137579","192.168.1.55","192.168.1.2","TCP","1514","8004  >  50072 [ACK] Seq=217390 Ack=141 Win=65024 Len=1448 TSval=2916034461 TSecr=3045554235 [TCP segment of a reassembled PDU]"
"15754","30.381138930","192.168.1.55","192.168.1.2","TCP","1514","8004  >  50072 [ACK] Seq=218838 Ack=141 Win=65024 Len=1448 TSval=2916034461 TSecr=3045554235 [TCP segment of a reassembled PDU]"
"15755","30.381140153","192.168.1.55","192.168.1.2","TCP","1514","8004  >  50072 [ACK] Seq=220286 Ack=141 Win=65024 Len=1448 TSval=2916034461 TSecr=3045554235 [TCP segment of a reassembled PDU]"
"15756","30.381141875","192.168.1.55","192.168.1.2","TCP","1514","8004  >  50072 [ACK] Seq=221734 Ack=141 Win=65024 Len=1448 TSval=2916034461 TSecr=3045554235 [TCP segment of a reassembled PDU]"
"15757","30.381143116","192.168.1.55","192.168.1.2","TCP","1514","8004  >  50072 [ACK] Seq=223182 Ack=141 Win=65024 Len=1448 TSval=2916034461 TSecr=3045554235 [TCP segment of a reassembled PDU]"
"15758","30.381144338","192.168.1.55","192.168.1.2","TCP","1514","8004  >  50072 [ACK] Seq=224630 Ack=141 Win=65024 Len=1448 TSval=2916034461 TSecr=3045554235 [TCP segment of a reassembled PDU]"
"15759","30.381145616","192.168.1.55","192.168.1.2","TCP","1514","8004  >  50072 [ACK] Seq=226078 Ack=141 Win=65024 Len=1448 TSval=2916034461 TSecr=3045554235 [TCP segment of a reassembled PDU]"
"15760","30.381146967","192.168.1.55","192.168.1.2","TCP","1514","8004  >  50072 [ACK] Seq=227526 Ack=141 Win=65024 Len=1448 TSval=2916034461 TSecr=3045554235 [TCP segment of a reassembled PDU]"
"15761","30.381148208","192.168.1.55","192.168.1.2","TCP","1514","8004  >  50072 [ACK] Seq=228974 Ack=141 Win=65024 Len=1448 TSval=2916034461 TSecr=3045554235 [TCP segment of a reassembled PDU]"
"15762","30.381149542","192.168.1.55","192.168.1.2","TCP","1514","8004  >  50072 [ACK] Seq=230422 Ack=141 Win=65024 Len=1448 TSval=2916034461 TSecr=3045554235 [TCP segment of a reassembled PDU]"
"15763","30.381150856","192.168.1.55","192.168.1.2","TCP","1514","8004  >  50072 [ACK] Seq=231870 Ack=141 Win=65024 Len=1448 TSval=2916034461 TSecr=3045554235 [TCP segment of a reassembled PDU]"
"15764","30.381152042","192.168.1.55","192.168.1.2","TCP","1514","8004  >  50072 [ACK] Seq=233318 Ack=141 Win=65024 Len=1448 TSval=2916034461 TSecr=3045554235 [TCP segment of a reassembled PDU]"
"15765","30.381153393","192.168.1.55","192.168.1.2","TCP","1514","8004  >  50072 [ACK] Seq=234766 Ack=141 Win=65024 Len=1448 TSval=2916034461 TSecr=3045554235 [TCP segment of a reassembled PDU]"
"15766","30.381154523","192.168.1.55","192.168.1.2","TCP","1514","8004  >  50072 [ACK] Seq=236214 Ack=141 Win=65024 Len=1448 TSval=2916034461 TSecr=3045554235 [TCP segment of a reassembled PDU]"
"15767","30.381155782","192.168.1.55","192.168.1.2","TCP","1514","8004  >  50072 [ACK] Seq=237662 Ack=141 Win=65024 Len=1448 TSval=2916034461 TSecr=3045554235 [TCP segment of a reassembled PDU]"
"15768","30.381156986","192.168.1.55","192.168.1.2","TCP","1514","8004  >  50072 [ACK] Seq=239110 Ack=141 Win=65024 Len=1448 TSval=2916034461 TSecr=3045554235 [TCP segment of a reassembled PDU]"
"15769","30.381158134","192.168.1.55","192.168.1.2","TCP","1514","8004  >  50072 [ACK] Seq=240558 Ack=141 Win=65024 Len=1448 TSval=2916034461 TSecr=3045554235 [TCP segment of a reassembled PDU]"
"15770","30.381159393","192.168.1.55","192.168.1.2","TCP","1514","8004  >  50072 [ACK] Seq=242006 Ack=141 Win=65024 Len=1448 TSval=2916034461 TSecr=3045554235 [TCP segment of a reassembled PDU]"
"15771","30.381160782","192.168.1.55","192.168.1.2","TCP","1514","8004  >  50072 [PSH, ACK] Seq=243454 Ack=141 Win=65024 Len=1448 TSval=2916034461 TSecr=3045554235 [TCP segment of a reassembled PDU]"
"15772","30.381188412","192.168.1.2","192.168.1.55","TCP","66","50072  >  8004 [ACK] Seq=141 Ack=191326 Win=62464 Len=0 TSval=3045554235 TSecr=2916034454"
"15773","30.381201245","192.168.1.55","192.168.1.2","TCP","1514","8004  >  50072 [ACK] Seq=244902 Ack=141 Win=65024 Len=1448 TSval=2916034461 TSecr=3045554235 [TCP segment of a reassembled PDU]"
"15774","30.381202893","192.168.1.55","192.168.1.2","TCP","1514","8004  >  50072 [ACK] Seq=246350 Ack=141 Win=65024 Len=1448 TSval=2916034461 TSecr=3045554235 [TCP segment of a reassembled PDU]"
"15775","30.381204190","192.168.1.55","192.168.1.2","TCP","1514","8004  >  50072 [ACK] Seq=247798 Ack=141 Win=65024 Len=1448 TSval=2916034461 TSecr=3045554235 [TCP segment of a reassembled PDU]"
"15776","30.381205430","192.168.1.55","192.168.1.2","TCP","1514","8004  >  50072 [PSH, ACK] Seq=249246 Ack=141 Win=65024 Len=1448 TSval=2916034461 TSecr=3045554235 [TCP segment of a reassembled PDU]"
"15777","30.381213208","192.168.1.55","192.168.1.2","TCP","1514","8004  >  50072 [ACK] Seq=250694 Ack=141 Win=65024 Len=1448 TSval=2916034461 TSecr=3045554235 [TCP segment of a reassembled PDU]"
"15778","30.381214653","192.168.1.55","192.168.1.2","TCP","1514","8004  >  50072 [ACK] Seq=252142 Ack=141 Win=65024 Len=1448 TSval=2916034461 TSecr=3045554235 [TCP segment of a reassembled PDU]"
"15779","30.381215782","192.168.1.55","192.168.1.2","TCP","266","[TCP Window Full] 8004  >  50072 [PSH, ACK] Seq=253590 Ack=141 Win=65024 Len=200 TSval=2916034461 TSecr=3045554235 [TCP segment of a reassembled PDU]"
"15780","30.384365658","192.168.1.2","192.168.1.55","TCP","66","50072  >  8004 [ACK] Seq=141 Ack=205806 Win=75776 Len=0 TSval=3045554237 TSecr=2916034460"
"15781","30.384394380","192.168.1.55","192.168.1.2","TCP","1514","8004  >  50072 [ACK] Seq=253790 Ack=141 Win=65024 Len=1448 TSval=2916034465 TSecr=3045554237 [TCP segment of a reassembled PDU]"
"15782","30.384396769","192.168.1.55","192.168.1.2","TCP","1514","8004  >  50072 [ACK] Seq=255238 Ack=141 Win=65024 Len=1448 TSval=2916034465 TSecr=3045554237 [TCP segment of a reassembled PDU]"
"15783","30.384398084","192.168.1.55","192.168.1.2","TCP","1514","8004  >  50072 [ACK] Seq=256686 Ack=141 Win=65024 Len=1448 TSval=2916034465 TSecr=3045554237 [TCP segment of a reassembled PDU]"
"15784","30.384399380","192.168.1.55","192.168.1.2","TCP","1514","8004  >  50072 [ACK] Seq=258134 Ack=141 Win=65024 Len=1448 TSval=2916034465 TSecr=3045554237 [TCP segment of a reassembled PDU]"
"15785","30.384400806","192.168.1.55","192.168.1.2","TCP","1514","8004  >  50072 [ACK] Seq=259582 Ack=141 Win=65024 Len=1448 TSval=2916034465 TSecr=3045554237 [TCP segment of a reassembled PDU]"
"15786","30.384402195","192.168.1.55","192.168.1.2","TCP","1514","8004  >  50072 [ACK] Seq=261030 Ack=141 Win=65024 Len=1448 TSval=2916034465 TSecr=3045554237 [TCP segment of a reassembled PDU]"
"15787","30.384403639","192.168.1.55","192.168.1.2","TCP","1514","8004  >  50072 [ACK] Seq=262478 Ack=141 Win=65024 Len=1448 TSval=2916034465 TSecr=3045554237 [TCP segment of a reassembled PDU]"
"15788","30.384405047","192.168.1.55","192.168.1.2","TCP","1514","8004  >  50072 [ACK] Seq=263926 Ack=141 Win=65024 Len=1448 TSval=2916034465 TSecr=3045554237 [TCP segment of a reassembled PDU]"
"15789","30.384406510","192.168.1.55","192.168.1.2","TCP","1514","8004  >  50072 [ACK] Seq=265374 Ack=141 Win=65024 Len=1448 TSval=2916034465 TSecr=3045554237 [TCP segment of a reassembled PDU]"
"15790","30.384407898","192.168.1.55","192.168.1.2","TCP","1514","8004  >  50072 [ACK] Seq=266822 Ack=141 Win=65024 Len=1448 TSval=2916034465 TSecr=3045554237 [TCP segment of a reassembled PDU]"
"15791","30.384409324","192.168.1.55","192.168.1.2","TCP","1514","8004  >  50072 [ACK] Seq=268270 Ack=141 Win=65024 Len=1448 TSval=2916034465 TSecr=3045554237 [TCP segment of a reassembled PDU]"
"15792","30.384410713","192.168.1.55","192.168.1.2","TCP","1514","8004  >  50072 [ACK] Seq=269718 Ack=141 Win=65024 Len=1448 TSval=2916034465 TSecr=3045554237 [TCP segment of a reassembled PDU]"
"15793","30.384412084","192.168.1.55","192.168.1.2","TCP","1514","8004  >  50072 [ACK] Seq=271166 Ack=141 Win=65024 Len=1448 TSval=2916034465 TSecr=3045554237 [TCP segment of a reassembled PDU]"
"15794","30.384413584","192.168.1.55","192.168.1.2","TCP","1514","8004  >  50072 [ACK] Seq=272614 Ack=141 Win=65024 Len=1448 TSval=2916034465 TSecr=3045554237 [TCP segment of a reassembled PDU]"
"15795","30.384415028","192.168.1.55","192.168.1.2","TCP","1514","8004  >  50072 [ACK] Seq=274062 Ack=141 Win=65024 Len=1448 TSval=2916034465 TSecr=3045554237 [TCP segment of a reassembled PDU]"
"15796","30.384416584","192.168.1.55","192.168.1.2","TCP","1514","8004  >  50072 [ACK] Seq=275510 Ack=141 Win=65024 Len=1448 TSval=2916034465 TSecr=3045554237 [TCP segment of a reassembled PDU]"
"15797","30.384417898","192.168.1.55","192.168.1.2","TCP","1514","8004  >  50072 [ACK] Seq=276958 Ack=141 Win=65024 Len=1448 TSval=2916034465 TSecr=3045554237 [TCP segment of a reassembled PDU]"
"15798","30.384419343","192.168.1.55","192.168.1.2","TCP","1514","8004  >  50072 [ACK] Seq=278406 Ack=141 Win=65024 Len=1448 TSval=2916034465 TSecr=3045554237 [TCP segment of a reassembled PDU]"
"15799","30.384420713","192.168.1.55","192.168.1.2","TCP","1514","8004  >  50072 [PSH, ACK] Seq=279854 Ack=141 Win=65024 Len=1448 TSval=2916034465 TSecr=3045554237 [TCP segment of a reassembled PDU]"
"15800","30.386670532","192.168.1.2","192.168.1.55","TCP","66","50072  >  8004 [ACK] Seq=141 Ack=244902 Win=54272 Len=0 TSval=3045554240 TSecr=2916034461"
"15801","30.386687569","192.168.1.55","192.168.1.2","TCP","1514","8004  >  50072 [ACK] Seq=281302 Ack=141 Win=65024 Len=1448 TSval=2916034467 TSecr=3045554240 [TCP segment of a reassembled PDU]"
"15802","30.386690069","192.168.1.55","192.168.1.2","TCP","1514","8004  >  50072 [ACK] Seq=282750 Ack=141 Win=65024 Len=1448 TSval=2916034467 TSecr=3045554240 [TCP segment of a reassembled PDU]"
"15803","30.386691439","192.168.1.55","192.168.1.2","TCP","1514","8004  >  50072 [ACK] Seq=284198 Ack=141 Win=65024 Len=1448 TSval=2916034467 TSecr=3045554240 [TCP segment of a reassembled PDU]"
"15804","30.386692902","192.168.1.55","192.168.1.2","TCP","1514","8004  >  50072 [ACK] Seq=285646 Ack=141 Win=65024 Len=1448 TSval=2916034467 TSecr=3045554240 [TCP segment of a reassembled PDU]"
"15805","30.386694235","192.168.1.55","192.168.1.2","TCP","1514","8004  >  50072 [ACK] Seq=287094 Ack=141 Win=65024 Len=1448 TSval=2916034467 TSecr=3045554240 [TCP segment of a reassembled PDU]"
"15806","30.386695569","192.168.1.55","192.168.1.2","TCP","1514","8004  >  50072 [ACK] Seq=288542 Ack=141 Win=65024 Len=1448 TSval=2916034467 TSecr=3045554240 [TCP segment of a reassembled PDU]"
"15807","30.386697328","192.168.1.55","192.168.1.2","TCP","1514","8004  >  50072 [ACK] Seq=289990 Ack=141 Win=65024 Len=1448 TSval=2916034467 TSecr=3045554240 [TCP segment of a reassembled PDU]"
"15808","30.386698680","192.168.1.55","192.168.1.2","TCP","1514","8004  >  50072 [ACK] Seq=291438 Ack=141 Win=65024 Len=1448 TSval=2916034467 TSecr=3045554240 [TCP segment of a reassembled PDU]"
"15809","30.386700069","192.168.1.55","192.168.1.2","TCP","1514","8004  >  50072 [PSH, ACK] Seq=292886 Ack=141 Win=65024 Len=1448 TSval=2916034467 TSecr=3045554240 [TCP segment of a reassembled PDU]"
"15810","30.386705384","192.168.1.55","192.168.1.2","TCP","1314","8004  >  50072 [ACK] Seq=294334 Ack=141 Win=65024 Len=1248 TSval=2916034467 TSecr=3045554240 [TCP segment of a reassembled PDU]"
"15811","30.386736847","192.168.1.2","192.168.1.55","TCP","66","50072  >  8004 [ACK] Seq=141 Ack=253790 Win=46080 Len=0 TSval=3045554240 TSecr=2916034461"
"15812","30.386748347","192.168.1.55","192.168.1.2","TCP","1514","8004  >  50072 [ACK] Seq=295582 Ack=141 Win=65024 Len=1448 TSval=2916034467 TSecr=3045554240 [TCP segment of a reassembled PDU]"
"15813","30.386750143","192.168.1.55","192.168.1.2","TCP","1514","8004  >  50072 [PSH, ACK] Seq=297030 Ack=141 Win=65024 Len=1448 TSval=2916034467 TSecr=3045554240 [TCP segment of a reassembled PDU]"
"15814","30.389552481","192.168.1.2","192.168.1.55","TCP","66","50072  >  8004 [ACK] Seq=141 Ack=279854 Win=64512 Len=0 TSval=3045554243 TSecr=2916034465"
"15815","30.389582758","192.168.1.55","192.168.1.2","TCP","1514","8004  >  50072 [ACK] Seq=298478 Ack=141 Win=65024 Len=1448 TSval=2916034470 TSecr=3045554243 [TCP segment of a reassembled PDU]"
"15816","30.389585333","192.168.1.55","192.168.1.2","TCP","1514","8004  >  50072 [ACK] Seq=299926 Ack=141 Win=65024 Len=1448 TSval=2916034470 TSecr=3045554243 [TCP segment of a reassembled PDU]"
"15817","30.389586777","192.168.1.55","192.168.1.2","TCP","1514","8004  >  50072 [ACK] Seq=301374 Ack=141 Win=65024 Len=1448 TSval=2916034470 TSecr=3045554243 [TCP segment of a reassembled PDU]"
"15818","30.389588407","192.168.1.55","192.168.1.2","TCP","1514","8004  >  50072 [ACK] Seq=302822 Ack=141 Win=65024 Len=1448 TSval=2916034470 TSecr=3045554243 [TCP segment of a reassembled PDU]"
"15819","30.389589870","192.168.1.55","192.168.1.2","TCP","1514","8004  >  50072 [ACK] Seq=304270 Ack=141 Win=65024 Len=1448 TSval=2916034470 TSecr=3045554243 [TCP segment of a reassembled PDU]"
"15820","30.389591296","192.168.1.55","192.168.1.2","TCP","1514","8004  >  50072 [ACK] Seq=305718 Ack=141 Win=65024 Len=1448 TSval=2916034470 TSecr=3045554243 [TCP segment of a reassembled PDU]"
"15821","30.389592758","192.168.1.55","192.168.1.2","TCP","1514","8004  >  50072 [ACK] Seq=307166 Ack=141 Win=65024 Len=1448 TSval=2916034470 TSecr=3045554243 [TCP segment of a reassembled PDU]"
"15822","30.389594018","192.168.1.55","192.168.1.2","TCP","1514","8004  >  50072 [ACK] Seq=308614 Ack=141 Win=65024 Len=1448 TSval=2916034470 TSecr=3045554243 [TCP segment of a reassembled PDU]"
"15823","30.389595666","192.168.1.55","192.168.1.2","TCP","1514","8004  >  50072 [ACK] Seq=310062 Ack=141 Win=65024 Len=1448 TSval=2916034470 TSecr=3045554243 [TCP segment of a reassembled PDU]"
"15824","30.389597092","192.168.1.55","192.168.1.2","TCP","1514","8004  >  50072 [ACK] Seq=311510 Ack=141 Win=65024 Len=1448 TSval=2916034470 TSecr=3045554243 [TCP segment of a reassembled PDU]"
"15825","30.389598407","192.168.1.55","192.168.1.2","TCP","1514","8004  >  50072 [ACK] Seq=312958 Ack=141 Win=65024 Len=1448 TSval=2916034470 TSecr=3045554243 [TCP segment of a reassembled PDU]"
"15826","30.389599851","192.168.1.55","192.168.1.2","TCP","1514","8004  >  50072 [ACK] Seq=314406 Ack=141 Win=65024 Len=1448 TSval=2916034470 TSecr=3045554243 [TCP segment of a reassembled PDU]"
"15827","30.389601240","192.168.1.55","192.168.1.2","TCP","1514","8004  >  50072 [ACK] Seq=315854 Ack=141 Win=65024 Len=1448 TSval=2916034470 TSecr=3045554243 [TCP segment of a reassembled PDU]"
"15828","30.389602573","192.168.1.55","192.168.1.2","TCP","1514","8004  >  50072 [ACK] Seq=317302 Ack=141 Win=65024 Len=1448 TSval=2916034470 TSecr=3045554243 [TCP segment of a reassembled PDU]"
"15829","30.389604166","192.168.1.55","192.168.1.2","TCP","1514","8004  >  50072 [ACK] Seq=318750 Ack=141 Win=65024 Len=1448 TSval=2916034470 TSecr=3045554243 [TCP segment of a reassembled PDU]"
"15830","30.389605462","192.168.1.55","192.168.1.2","TCP","1514","8004  >  50072 [ACK] Seq=320198 Ack=141 Win=65024 Len=1448 TSval=2916034470 TSecr=3045554243 [TCP segment of a reassembled PDU]"
"15831","30.389606758","192.168.1.55","192.168.1.2","TCP","1514","8004  >  50072 [ACK] Seq=321646 Ack=141 Win=65024 Len=1448 TSval=2916034470 TSecr=3045554243 [TCP segment of a reassembled PDU]"
"15832","30.389608110","192.168.1.55","192.168.1.2","TCP","1514","8004  >  50072 [ACK] Seq=323094 Ack=141 Win=65024 Len=1448 TSval=2916034470 TSecr=3045554243 [TCP segment of a reassembled PDU]"
"15833","30.389609629","192.168.1.55","192.168.1.2","TCP","1514","8004  >  50072 [ACK] Seq=324542 Ack=141 Win=65024 Len=1448 TSval=2916034470 TSecr=3045554243 [TCP segment of a reassembled PDU]"
"15834","30.389611018","192.168.1.55","192.168.1.2","TCP","1514","8004  >  50072 [ACK] Seq=325990 Ack=141 Win=65024 Len=1448 TSval=2916034470 TSecr=3045554243 [TCP segment of a reassembled PDU]"
"15835","30.389612388","192.168.1.55","192.168.1.2","TCP","1514","8004  >  50072 [ACK] Seq=327438 Ack=141 Win=65024 Len=1448 TSval=2916034470 TSecr=3045554243 [TCP segment of a reassembled PDU]"
"15836","30.389613851","192.168.1.55","192.168.1.2","TCP","1514","8004  >  50072 [ACK] Seq=328886 Ack=141 Win=65024 Len=1448 TSval=2916034470 TSecr=3045554243 [TCP segment of a reassembled PDU]"
"15837","30.389615703","192.168.1.55","192.168.1.2","TCP","1514","8004  >  50072 [ACK] Seq=330334 Ack=141 Win=65024 Len=1448 TSval=2916034470 TSecr=3045554243 [TCP segment of a reassembled PDU]"
"15838","30.389617184","192.168.1.55","192.168.1.2","TCP","1514","8004  >  50072 [ACK] Seq=331782 Ack=141 Win=65024 Len=1448 TSval=2916034470 TSecr=3045554243 [TCP segment of a reassembled PDU]"
"15839","30.389623314","192.168.1.55","192.168.1.2","TCP","1514","8004  >  50072 [ACK] Seq=333230 Ack=141 Win=65024 Len=1448 TSval=2916034470 TSecr=3045554243 [TCP segment of a reassembled PDU]"
"15840","30.389624925","192.168.1.55","192.168.1.2","TCP","1514","8004  >  50072 [ACK] Seq=334678 Ack=141 Win=65024 Len=1448 TSval=2916034470 TSecr=3045554243 [TCP segment of a reassembled PDU]"
"15841","30.389626314","192.168.1.55","192.168.1.2","TCP","1514","8004  >  50072 [ACK] Seq=336126 Ack=141 Win=65024 Len=1448 TSval=2916034470 TSecr=3045554243 [TCP segment of a reassembled PDU]"
"15842","30.389627703","192.168.1.55","192.168.1.2","TCP","1514","8004  >  50072 [ACK] Seq=337574 Ack=141 Win=65024 Len=1448 TSval=2916034470 TSecr=3045554243 [TCP segment of a reassembled PDU]"
"15843","30.389628944","192.168.1.55","192.168.1.2","TCP","1514","8004  >  50072 [PSH, ACK] Seq=339022 Ack=141 Win=65024 Len=1448 TSval=2916034470 TSecr=3045554243 [TCP segment of a reassembled PDU]"
"15844","30.390745445","192.168.1.2","192.168.1.55","TCP","66","50072  >  8004 [ACK] Seq=141 Ack=298478 Win=73728 Len=0 TSval=3045554245 TSecr=2916034467"
"15845","30.390776834","192.168.1.55","192.168.1.2","TCP","1514","8004  >  50072 [ACK] Seq=340470 Ack=141 Win=65024 Len=1448 TSval=2916034471 TSecr=3045554245 [TCP segment of a reassembled PDU]"
"15846","30.390779168","192.168.1.55","192.168.1.2","TCP","1514","8004  >  50072 [ACK] Seq=341918 Ack=141 Win=65024 Len=1448 TSval=2916034471 TSecr=3045554245 [TCP segment of a reassembled PDU]"
"15847","30.390780538","192.168.1.55","192.168.1.2","TCP","1514","8004  >  50072 [ACK] Seq=343366 Ack=141 Win=65024 Len=1448 TSval=2916034471 TSecr=3045554245 [TCP segment of a reassembled PDU]"
"15848","30.390782260","192.168.1.55","192.168.1.2","TCP","1514","8004  >  50072 [ACK] Seq=344814 Ack=141 Win=65024 Len=1448 TSval=2916034471 TSecr=3045554245 [TCP segment of a reassembled PDU]"
"15849","30.390783705","192.168.1.55","192.168.1.2","TCP","1514","8004  >  50072 [ACK] Seq=346262 Ack=141 Win=65024 Len=1448 TSval=2916034471 TSecr=3045554245 [TCP segment of a reassembled PDU]"
"15850","30.390785131","192.168.1.55","192.168.1.2","TCP","1514","8004  >  50072 [ACK] Seq=347710 Ack=141 Win=65024 Len=1448 TSval=2916034471 TSecr=3045554245 [TCP segment of a reassembled PDU]"
"15851","30.390786520","192.168.1.55","192.168.1.2","TCP","1514","8004  >  50072 [ACK] Seq=349158 Ack=141 Win=65024 Len=1448 TSval=2916034471 TSecr=3045554245 [TCP segment of a reassembled PDU]"
"15852","30.390787983","192.168.1.55","192.168.1.2","TCP","1514","8004  >  50072 [ACK] Seq=350606 Ack=141 Win=65024 Len=1448 TSval=2916034471 TSecr=3045554245 [TCP segment of a reassembled PDU]"
"15853","30.390789316","192.168.1.55","192.168.1.2","TCP","1514","8004  >  50072 [ACK] Seq=352054 Ack=141 Win=65024 Len=1448 TSval=2916034471 TSecr=3045554245 [TCP segment of a reassembled PDU]"
"15854","30.390790649","192.168.1.55","192.168.1.2","TCP","1514","8004  >  50072 [ACK] Seq=353502 Ack=141 Win=65024 Len=1448 TSval=2916034471 TSecr=3045554245 [TCP segment of a reassembled PDU]"
"15855","30.390792131","192.168.1.55","192.168.1.2","TCP","1514","8004  >  50072 [ACK] Seq=354950 Ack=141 Win=65024 Len=1448 TSval=2916034471 TSecr=3045554245 [TCP segment of a reassembled PDU]"
"15856","30.390793408","192.168.1.55","192.168.1.2","TCP","1514","8004  >  50072 [ACK] Seq=356398 Ack=141 Win=65024 Len=1448 TSval=2916034471 TSecr=3045554245 [TCP segment of a reassembled PDU]"
"15857","30.390794816","192.168.1.55","192.168.1.2","TCP","1514","8004  >  50072 [ACK] Seq=357846 Ack=141 Win=65024 Len=1448 TSval=2916034471 TSecr=3045554245 [TCP segment of a reassembled PDU]"
"15858","30.390796186","192.168.1.55","192.168.1.2","TCP","1514","8004  >  50072 [ACK] Seq=359294 Ack=141 Win=65024 Len=1448 TSval=2916034471 TSecr=3045554245 [TCP segment of a reassembled PDU]"
"15859","30.390797816","192.168.1.55","192.168.1.2","TCP","1514","8004  >  50072 [ACK] Seq=360742 Ack=141 Win=65024 Len=1448 TSval=2916034471 TSecr=3045554245 [TCP segment of a reassembled PDU]"
"15860","30.390799223","192.168.1.55","192.168.1.2","TCP","1514","8004  >  50072 [ACK] Seq=362190 Ack=141 Win=65024 Len=1448 TSval=2916034471 TSecr=3045554245 [TCP segment of a reassembled PDU]"
"15861","30.390800927","192.168.1.55","192.168.1.2","TCP","1514","8004  >  50072 [ACK] Seq=363638 Ack=141 Win=65024 Len=1448 TSval=2916034471 TSecr=3045554245 [TCP segment of a reassembled PDU]"
"15862","30.390802316","192.168.1.55","192.168.1.2","TCP","1514","8004  >  50072 [ACK] Seq=365086 Ack=141 Win=65024 Len=1448 TSval=2916034471 TSecr=3045554245 [TCP segment of a reassembled PDU]"
"15863","30.390803649","192.168.1.55","192.168.1.2","TCP","1514","8004  >  50072 [ACK] Seq=366534 Ack=141 Win=65024 Len=1448 TSval=2916034471 TSecr=3045554245 [TCP segment of a reassembled PDU]"
"15864","30.390805001","192.168.1.55","192.168.1.2","TCP","1514","8004  >  50072 [ACK] Seq=367982 Ack=141 Win=65024 Len=1448 TSval=2916034471 TSecr=3045554245 [TCP segment of a reassembled PDU]"
"15865","30.390806427","192.168.1.55","192.168.1.2","TCP","1514","8004  >  50072 [ACK] Seq=369430 Ack=141 Win=65024 Len=1448 TSval=2916034471 TSecr=3045554245 [TCP segment of a reassembled PDU]"
"15866","30.390807723","192.168.1.55","192.168.1.2","TCP","1394","[TCP Window Full] 8004  >  50072 [PSH, ACK] Seq=370878 Ack=141 Win=65024 Len=1328 TSval=2916034471 TSecr=3045554245 [TCP segment of a reassembled PDU]"
"15867","30.392625152","192.168.1.2","192.168.1.55","TCP","66","50072  >  8004 [ACK] Seq=141 Ack=294334 Win=77824 Len=0 TSval=3045554245 TSecr=2916034465"
"15868","30.392631078","192.168.1.55","192.168.1.2","TCP","66","[TCP Dup ACK 15577#1] 8004  >  50072 [ACK] Seq=372206 Ack=141 Win=65024 Len=0 TSval=2916034473 TSecr=3045554245"
"15869","30.395129397","192.168.1.2","192.168.1.55","TCP","66","50072  >  8004 [ACK] Seq=141 Ack=340470 Win=51200 Len=0 TSval=3045554250 TSecr=2916034470"
"15870","30.395145082","192.168.1.55","192.168.1.2","TCP","1514","8004  >  50072 [ACK] Seq=372206 Ack=141 Win=65024 Len=1448 TSval=2916034475 TSecr=3045554250 [TCP segment of a reassembled PDU]"
"15871","30.395147434","192.168.1.55","192.168.1.2","TCP","1514","8004  >  50072 [ACK] Seq=373654 Ack=141 Win=65024 Len=1448 TSval=2916034475 TSecr=3045554250 [TCP segment of a reassembled PDU]"
"15872","30.395148712","192.168.1.55","192.168.1.2","TCP","1514","8004  >  50072 [ACK] Seq=375102 Ack=141 Win=65024 Len=1448 TSval=2916034475 TSecr=3045554250 [TCP segment of a reassembled PDU]"
"15873","30.395150082","192.168.1.55","192.168.1.2","TCP","1514","8004  >  50072 [ACK] Seq=376550 Ack=141 Win=65024 Len=1448 TSval=2916034475 TSecr=3045554250 [TCP segment of a reassembled PDU]"
"15874","30.395151397","192.168.1.55","192.168.1.2","TCP","1514","8004  >  50072 [ACK] Seq=377998 Ack=141 Win=65024 Len=1448 TSval=2916034475 TSecr=3045554250 [TCP segment of a reassembled PDU]"
"15875","30.395152804","192.168.1.55","192.168.1.2","TCP","1514","8004  >  50072 [ACK] Seq=379446 Ack=141 Win=65024 Len=1448 TSval=2916034475 TSecr=3045554250 [TCP segment of a reassembled PDU]"
"15876","30.395154082","192.168.1.55","192.168.1.2","TCP","1514","8004  >  50072 [ACK] Seq=380894 Ack=141 Win=65024 Len=1448 TSval=2916034475 TSecr=3045554250 [TCP segment of a reassembled PDU]"
"15877","30.395155434","192.168.1.55","192.168.1.2","TCP","1514","8004  >  50072 [ACK] Seq=382342 Ack=141 Win=65024 Len=1448 TSval=2916034475 TSecr=3045554250 [TCP segment of a reassembled PDU]"
"15878","30.395156786","192.168.1.55","192.168.1.2","TCP","1514","8004  >  50072 [PSH, ACK] Seq=383790 Ack=141 Win=65024 Len=1448 TSval=2916034475 TSecr=3045554250 [TCP segment of a reassembled PDU]"
"15879","30.395161471","192.168.1.55","192.168.1.2","TCP","186","8004  >  50072 [PSH, ACK] Seq=385238 Ack=141 Win=65024 Len=120 TSval=2916034475 TSecr=3045554250 [TCP segment of a reassembled PDU]"
"15880","30.395614194","192.168.1.2","192.168.1.55","TCP","66","50072  >  8004 [ACK] Seq=141 Ack=370878 Win=21504 Len=0 TSval=3045554250 TSecr=2916034471"
"15881","30.395622101","192.168.1.2","192.168.1.55","TCP","66","[TCP Window Update] 50072  >  8004 [ACK] Seq=141 Ack=370878 Win=62464 Len=0 TSval=3045554251 TSecr=2916034471"
"15882","30.395654601","192.168.1.55","192.168.1.2","TCP","1514","8004  >  50072 [ACK] Seq=385358 Ack=141 Win=65024 Len=1448 TSval=2916034476 TSecr=3045554251 [TCP segment of a reassembled PDU]"
"15883","30.395656398","192.168.1.55","192.168.1.2","TCP","1514","8004  >  50072 [ACK] Seq=386806 Ack=141 Win=65024 Len=1448 TSval=2916034476 TSecr=3045554251 [TCP segment of a reassembled PDU]"
"15884","30.395657953","192.168.1.55","192.168.1.2","TCP","1514","8004  >  50072 [ACK] Seq=388254 Ack=141 Win=65024 Len=1448 TSval=2916034476 TSecr=3045554251 [TCP segment of a reassembled PDU]"
"15885","30.395659268","192.168.1.55","192.168.1.2","TCP","1514","8004  >  50072 [ACK] Seq=389702 Ack=141 Win=65024 Len=1448 TSval=2916034476 TSecr=3045554251 [TCP segment of a reassembled PDU]"
"15886","30.395660657","192.168.1.55","192.168.1.2","TCP","1514","8004  >  50072 [ACK] Seq=391150 Ack=141 Win=65024 Len=1448 TSval=2916034476 TSecr=3045554251 [TCP segment of a reassembled PDU]"
"15887","30.395661935","192.168.1.55","192.168.1.2","TCP","1514","8004  >  50072 [ACK] Seq=392598 Ack=141 Win=65024 Len=1448 TSval=2916034476 TSecr=3045554251 [TCP segment of a reassembled PDU]"
"15888","30.395663379","192.168.1.55","192.168.1.2","TCP","1514","8004  >  50072 [ACK] Seq=394046 Ack=141 Win=65024 Len=1448 TSval=2916034476 TSecr=3045554251 [TCP segment of a reassembled PDU]"
"15889","30.395664731","192.168.1.55","192.168.1.2","TCP","1514","8004  >  50072 [ACK] Seq=395494 Ack=141 Win=65024 Len=1448 TSval=2916034476 TSecr=3045554251 [TCP segment of a reassembled PDU]"
"15890","30.395666009","192.168.1.55","192.168.1.2","TCP","1514","8004  >  50072 [ACK] Seq=396942 Ack=141 Win=65024 Len=1448 TSval=2916034476 TSecr=3045554251 [TCP segment of a reassembled PDU]"
"15891","30.395667453","192.168.1.55","192.168.1.2","TCP","1514","8004  >  50072 [ACK] Seq=398390 Ack=141 Win=65024 Len=1448 TSval=2916034476 TSecr=3045554251 [TCP segment of a reassembled PDU]"
"15892","30.395668749","192.168.1.55","192.168.1.2","TCP","1514","8004  >  50072 [ACK] Seq=399838 Ack=141 Win=65024 Len=1448 TSval=2916034476 TSecr=3045554251 [TCP segment of a reassembled PDU]"
"15893","30.395670138","192.168.1.55","192.168.1.2","TCP","1514","8004  >  50072 [ACK] Seq=401286 Ack=141 Win=65024 Len=1448 TSval=2916034476 TSecr=3045554251 [TCP segment of a reassembled PDU]"
"15894","30.395671509","192.168.1.55","192.168.1.2","TCP","1514","8004  >  50072 [ACK] Seq=402734 Ack=141 Win=65024 Len=1448 TSval=2916034476 TSecr=3045554251 [TCP segment of a reassembled PDU]"
"15895","30.395672824","192.168.1.55","192.168.1.2","TCP","1514","8004  >  50072 [ACK] Seq=404182 Ack=141 Win=65024 Len=1448 TSval=2916034476 TSecr=3045554251 [TCP segment of a reassembled PDU]"
"15896","30.395674194","192.168.1.55","192.168.1.2","TCP","1514","8004  >  50072 [ACK] Seq=405630 Ack=141 Win=65024 Len=1448 TSval=2916034476 TSecr=3045554251 [TCP segment of a reassembled PDU]"
"15897","30.395675657","192.168.1.55","192.168.1.2","TCP","1514","8004  >  50072 [ACK] Seq=407078 Ack=141 Win=65024 Len=1448 TSval=2916034476 TSecr=3045554251 [TCP segment of a reassembled PDU]"
"15898","30.395677046","192.168.1.55","192.168.1.2","TCP","1514","8004  >  50072 [ACK] Seq=408526 Ack=141 Win=65024 Len=1448 TSval=2916034476 TSecr=3045554251 [TCP segment of a reassembled PDU]"
"15899","30.395678324","192.168.1.55","192.168.1.2","TCP","1514","8004  >  50072 [ACK] Seq=409974 Ack=141 Win=65024 Len=1448 TSval=2916034476 TSecr=3045554251 [TCP segment of a reassembled PDU]"
"15900","30.395679601","192.168.1.55","192.168.1.2","TCP","1514","8004  >  50072 [ACK] Seq=411422 Ack=141 Win=65024 Len=1448 TSval=2916034476 TSecr=3045554251 [TCP segment of a reassembled PDU]"
"15901","30.395681175","192.168.1.55","192.168.1.2","TCP","1514","8004  >  50072 [ACK] Seq=412870 Ack=141 Win=65024 Len=1448 TSval=2916034476 TSecr=3045554251 [TCP segment of a reassembled PDU]"
"15902","30.395682472","192.168.1.55","192.168.1.2","TCP","1514","8004  >  50072 [ACK] Seq=414318 Ack=141 Win=65024 Len=1448 TSval=2916034476 TSecr=3045554251 [TCP segment of a reassembled PDU]"
"15903","30.395683731","192.168.1.55","192.168.1.2","TCP","1514","8004  >  50072 [ACK] Seq=415766 Ack=141 Win=65024 Len=1448 TSval=2916034476 TSecr=3045554251 [TCP segment of a reassembled PDU]"
"15904","30.395685064","192.168.1.55","192.168.1.2","TCP","1514","8004  >  50072 [ACK] Seq=417214 Ack=141 Win=65024 Len=1448 TSval=2916034476 TSecr=3045554251 [TCP segment of a reassembled PDU]"
"15905","30.395686342","192.168.1.55","192.168.1.2","TCP","1514","8004  >  50072 [ACK] Seq=418662 Ack=141 Win=65024 Len=1448 TSval=2916034476 TSecr=3045554251 [TCP segment of a reassembled PDU]"
"15906","30.395687731","192.168.1.55","192.168.1.2","TCP","1514","8004  >  50072 [ACK] Seq=420110 Ack=141 Win=65024 Len=1448 TSval=2916034476 TSecr=3045554251 [TCP segment of a reassembled PDU]"
"15907","30.395689101","192.168.1.55","192.168.1.2","TCP","1514","8004  >  50072 [ACK] Seq=421558 Ack=141 Win=65024 Len=1448 TSval=2916034476 TSecr=3045554251 [TCP segment of a reassembled PDU]"
"15908","30.395690527","192.168.1.55","192.168.1.2","TCP","1514","8004  >  50072 [ACK] Seq=423006 Ack=141 Win=65024 Len=1448 TSval=2916034476 TSecr=3045554251 [TCP segment of a reassembled PDU]"
"15909","30.395692009","192.168.1.55","192.168.1.2","TCP","1514","8004  >  50072 [ACK] Seq=424454 Ack=141 Win=65024 Len=1448 TSval=2916034476 TSecr=3045554251 [TCP segment of a reassembled PDU]"
"15910","30.395693379","192.168.1.55","192.168.1.2","TCP","1514","8004  >  50072 [ACK] Seq=425902 Ack=141 Win=65024 Len=1448 TSval=2916034476 TSecr=3045554251 [TCP segment of a reassembled PDU]"
"15911","30.395694787","192.168.1.55","192.168.1.2","TCP","1514","8004  >  50072 [ACK] Seq=427350 Ack=141 Win=65024 Len=1448 TSval=2916034476 TSecr=3045554251 [TCP segment of a reassembled PDU]"
"15912","30.395696231","192.168.1.55","192.168.1.2","TCP","1514","8004  >  50072 [PSH, ACK] Seq=428798 Ack=141 Win=65024 Len=1448 TSval=2916034476 TSecr=3045554251 [TCP segment of a reassembled PDU]"
"15913","30.395701138","192.168.1.2","192.168.1.55","TCP","66","50072  >  8004 [ACK] Seq=141 Ack=372206 Win=90112 Len=0 TSval=3045554251 TSecr=2916034471"
"15914","30.395734268","192.168.1.55","192.168.1.2","TCP","1514","8004  >  50072 [ACK] Seq=430246 Ack=141 Win=65024 Len=1448 TSval=2916034476 TSecr=3045554251 [TCP segment of a reassembled PDU]"
"15915","30.395736472","192.168.1.55","192.168.1.2","TCP","1514","8004  >  50072 [ACK] Seq=431694 Ack=141 Win=65024 Len=1448 TSval=2916034476 TSecr=3045554251 [TCP segment of a reassembled PDU]"
"15916","30.395737750","192.168.1.55","192.168.1.2","TCP","1514","8004  >  50072 [ACK] Seq=433142 Ack=141 Win=65024 Len=1448 TSval=2916034476 TSecr=3045554251 [TCP segment of a reassembled PDU]"
"15917","30.395739194","192.168.1.55","192.168.1.2","TCP","1514","8004  >  50072 [ACK] Seq=434590 Ack=141 Win=65024 Len=1448 TSval=2916034476 TSecr=3045554251 [TCP segment of a reassembled PDU]"
"15918","30.395740472","192.168.1.55","192.168.1.2","TCP","1514","8004  >  50072 [ACK] Seq=436038 Ack=141 Win=65024 Len=1448 TSval=2916034476 TSecr=3045554251 [TCP segment of a reassembled PDU]"
"15919","30.395741750","192.168.1.55","192.168.1.2","TCP","1514","8004  >  50072 [ACK] Seq=437486 Ack=141 Win=65024 Len=1448 TSval=2916034476 TSecr=3045554251 [TCP segment of a reassembled PDU]"
"15920","30.395743138","192.168.1.55","192.168.1.2","TCP","1514","8004  >  50072 [ACK] Seq=438934 Ack=141 Win=65024 Len=1448 TSval=2916034476 TSecr=3045554251 [TCP segment of a reassembled PDU]"
"15921","30.395744416","192.168.1.55","192.168.1.2","TCP","1514","8004  >  50072 [ACK] Seq=440382 Ack=141 Win=65024 Len=1448 TSval=2916034476 TSecr=3045554251 [TCP segment of a reassembled PDU]"
"15922","30.395745694","192.168.1.55","192.168.1.2","TCP","1514","8004  >  50072 [ACK] Seq=441830 Ack=141 Win=65024 Len=1448 TSval=2916034476 TSecr=3045554251 [TCP segment of a reassembled PDU]"
"15923","30.395746990","192.168.1.55","192.168.1.2","TCP","1514","8004  >  50072 [ACK] Seq=443278 Ack=141 Win=65024 Len=1448 TSval=2916034476 TSecr=3045554251 [TCP segment of a reassembled PDU]"
"15924","30.395748287","192.168.1.55","192.168.1.2","TCP","1514","8004  >  50072 [ACK] Seq=444726 Ack=141 Win=65024 Len=1448 TSval=2916034476 TSecr=3045554251 [TCP segment of a reassembled PDU]"
"15925","30.395749676","192.168.1.55","192.168.1.2","TCP","1514","8004  >  50072 [ACK] Seq=446174 Ack=141 Win=65024 Len=1448 TSval=2916034476 TSecr=3045554251 [TCP segment of a reassembled PDU]"
"15926","30.395751009","192.168.1.55","192.168.1.2","TCP","1514","8004  >  50072 [ACK] Seq=447622 Ack=141 Win=65024 Len=1448 TSval=2916034476 TSecr=3045554251 [TCP segment of a reassembled PDU]"
"15927","30.395752287","192.168.1.55","192.168.1.2","TCP","1514","8004  >  50072 [ACK] Seq=449070 Ack=141 Win=65024 Len=1448 TSval=2916034476 TSecr=3045554251 [TCP segment of a reassembled PDU]"
"15928","30.395753694","192.168.1.55","192.168.1.2","TCP","1514","8004  >  50072 [ACK] Seq=450518 Ack=141 Win=65024 Len=1448 TSval=2916034476 TSecr=3045554251 [TCP segment of a reassembled PDU]"
"15929","30.395754990","192.168.1.55","192.168.1.2","TCP","1514","8004  >  50072 [ACK] Seq=451966 Ack=141 Win=65024 Len=1448 TSval=2916034476 TSecr=3045554251 [TCP segment of a reassembled PDU]"
"15930","30.395756490","192.168.1.55","192.168.1.2","TCP","1514","8004  >  50072 [ACK] Seq=453414 Ack=141 Win=65024 Len=1448 TSval=2916034476 TSecr=3045554251 [TCP segment of a reassembled PDU]"
"15931","30.395757768","192.168.1.55","192.168.1.2","TCP","1514","8004  >  50072 [ACK] Seq=454862 Ack=141 Win=65024 Len=1448 TSval=2916034476 TSecr=3045554251 [TCP segment of a reassembled PDU]"
"15932","30.395759139","192.168.1.55","192.168.1.2","TCP","1514","8004  >  50072 [ACK] Seq=456310 Ack=141 Win=65024 Len=1448 TSval=2916034476 TSecr=3045554251 [TCP segment of a reassembled PDU]"
"15933","30.395760527","192.168.1.55","192.168.1.2","TCP","1514","8004  >  50072 [ACK] Seq=457758 Ack=141 Win=65024 Len=1448 TSval=2916034476 TSecr=3045554251 [TCP segment of a reassembled PDU]"
"15934","30.395761879","192.168.1.55","192.168.1.2","TCP","1514","8004  >  50072 [ACK] Seq=459206 Ack=141 Win=65024 Len=1448 TSval=2916034476 TSecr=3045554251 [TCP segment of a reassembled PDU]"
"15935","30.395763268","192.168.1.55","192.168.1.2","TCP","1514","8004  >  50072 [PSH, ACK] Seq=460654 Ack=141 Win=65024 Len=1448 TSval=2916034476 TSecr=3045554251 [TCP segment of a reassembled PDU]"
"15936","30.401471407","192.168.1.2","192.168.1.55","TCP","66","50072  >  8004 [ACK] Seq=141 Ack=383790 Win=78848 Len=0 TSval=3045554253 TSecr=2916034475"
"15937","30.401629129","192.168.1.2","192.168.1.55","TCP","66","50072  >  8004 [ACK] Seq=141 Ack=385238 Win=91136 Len=0 TSval=3045554256 TSecr=2916034475"
"15938","30.401643629","192.168.1.55","192.168.1.2","TCP","1514","8004  >  50072 [ACK] Seq=462102 Ack=141 Win=65024 Len=1448 TSval=2916034482 TSecr=3045554256 [TCP segment of a reassembled PDU]"
"15939","30.401646111","192.168.1.55","192.168.1.2","TCP","1514","8004  >  50072 [ACK] Seq=463550 Ack=141 Win=65024 Len=1448 TSval=2916034482 TSecr=3045554256 [TCP segment of a reassembled PDU]"
"15940","30.401647407","192.168.1.55","192.168.1.2","TCP","1514","8004  >  50072 [ACK] Seq=464998 Ack=141 Win=65024 Len=1448 TSval=2916034482 TSecr=3045554256 [TCP segment of a reassembled PDU]"
"15941","30.401648685","192.168.1.55","192.168.1.2","TCP","1514","8004  >  50072 [ACK] Seq=466446 Ack=141 Win=65024 Len=1448 TSval=2916034482 TSecr=3045554256 [TCP segment of a reassembled PDU]"
"15942","30.401650074","192.168.1.55","192.168.1.2","TCP","1514","8004  >  50072 [ACK] Seq=467894 Ack=141 Win=65024 Len=1448 TSval=2916034482 TSecr=3045554256 [TCP segment of a reassembled PDU]"
"15943","30.401651351","192.168.1.55","192.168.1.2","TCP","1514","8004  >  50072 [ACK] Seq=469342 Ack=141 Win=65024 Len=1448 TSval=2916034482 TSecr=3045554256 [TCP segment of a reassembled PDU]"
"15944","30.401652722","192.168.1.55","192.168.1.2","TCP","1514","8004  >  50072 [ACK] Seq=470790 Ack=141 Win=65024 Len=1448 TSval=2916034482 TSecr=3045554256 [TCP segment of a reassembled PDU]"
"15945","30.401654148","192.168.1.55","192.168.1.2","TCP","1514","8004  >  50072 [ACK] Seq=472238 Ack=141 Win=65024 Len=1448 TSval=2916034482 TSecr=3045554256 [TCP segment of a reassembled PDU]"
"15946","30.401655444","192.168.1.55","192.168.1.2","TCP","1514","8004  >  50072 [PSH, ACK] Seq=473686 Ack=141 Win=65024 Len=1448 TSval=2916034482 TSecr=3045554256 [TCP segment of a reassembled PDU]"
"15947","30.401660351","192.168.1.2","192.168.1.55","TCP","66","50072  >  8004 [ACK] Seq=141 Ack=430246 Win=91136 Len=0 TSval=3045554256 TSecr=2916034475"
"15948","30.401686944","192.168.1.55","192.168.1.2","TCP","1514","8004  >  50072 [ACK] Seq=475134 Ack=141 Win=65024 Len=1448 TSval=2916034482 TSecr=3045554256 [TCP segment of a reassembled PDU]"
"15949","30.401688796","192.168.1.55","192.168.1.2","TCP","1514","8004  >  50072 [ACK] Seq=476582 Ack=141 Win=65024 Len=1448 TSval=2916034482 TSecr=3045554256 [TCP segment of a reassembled PDU]"
"15950","30.401690166","192.168.1.55","192.168.1.2","TCP","1514","8004  >  50072 [ACK] Seq=478030 Ack=141 Win=65024 Len=1448 TSval=2916034482 TSecr=3045554256 [TCP segment of a reassembled PDU]"
"15951","30.401691592","192.168.1.55","192.168.1.2","TCP","1514","8004  >  50072 [ACK] Seq=479478 Ack=141 Win=65024 Len=1448 TSval=2916034482 TSecr=3045554256 [TCP segment of a reassembled PDU]"
"15952","30.401692926","192.168.1.55","192.168.1.2","TCP","1514","8004  >  50072 [ACK] Seq=480926 Ack=141 Win=65024 Len=1448 TSval=2916034482 TSecr=3045554256 [TCP segment of a reassembled PDU]"
"15953","30.401694314","192.168.1.55","192.168.1.2","TCP","1514","8004  >  50072 [ACK] Seq=482374 Ack=141 Win=65024 Len=1448 TSval=2916034482 TSecr=3045554256 [TCP segment of a reassembled PDU]"
"15954","30.401695889","192.168.1.55","192.168.1.2","TCP","1514","8004  >  50072 [ACK] Seq=483822 Ack=141 Win=65024 Len=1448 TSval=2916034482 TSecr=3045554256 [TCP segment of a reassembled PDU]"
"15955","30.401697222","192.168.1.55","192.168.1.2","TCP","1514","8004  >  50072 [ACK] Seq=485270 Ack=141 Win=65024 Len=1448 TSval=2916034482 TSecr=3045554256 [TCP segment of a reassembled PDU]"
"15956","30.401698592","192.168.1.55","192.168.1.2","TCP","1514","8004  >  50072 [ACK] Seq=486718 Ack=141 Win=65024 Len=1448 TSval=2916034482 TSecr=3045554256 [TCP segment of a reassembled PDU]"
"15957","30.401699889","192.168.1.55","192.168.1.2","TCP","1514","8004  >  50072 [ACK] Seq=488166 Ack=141 Win=65024 Len=1448 TSval=2916034482 TSecr=3045554256 [TCP segment of a reassembled PDU]"
"15958","30.401701203","192.168.1.55","192.168.1.2","TCP","1514","8004  >  50072 [ACK] Seq=489614 Ack=141 Win=65024 Len=1448 TSval=2916034482 TSecr=3045554256 [TCP segment of a reassembled PDU]"
"15959","30.401702500","192.168.1.55","192.168.1.2","TCP","1514","8004  >  50072 [ACK] Seq=491062 Ack=141 Win=65024 Len=1448 TSval=2916034482 TSecr=3045554256 [TCP segment of a reassembled PDU]"
"15960","30.401703796","192.168.1.55","192.168.1.2","TCP","1514","8004  >  50072 [ACK] Seq=492510 Ack=141 Win=65024 Len=1448 TSval=2916034482 TSecr=3045554256 [TCP segment of a reassembled PDU]"
"15961","30.401705166","192.168.1.55","192.168.1.2","TCP","1514","8004  >  50072 [ACK] Seq=493958 Ack=141 Win=65024 Len=1448 TSval=2916034482 TSecr=3045554256 [TCP segment of a reassembled PDU]"
"15962","30.401706481","192.168.1.55","192.168.1.2","TCP","1514","8004  >  50072 [ACK] Seq=495406 Ack=141 Win=65024 Len=1448 TSval=2916034482 TSecr=3045554256 [TCP segment of a reassembled PDU]"
"15963","30.401707870","192.168.1.55","192.168.1.2","TCP","1514","8004  >  50072 [ACK] Seq=496854 Ack=141 Win=65024 Len=1448 TSval=2916034482 TSecr=3045554256 [TCP segment of a reassembled PDU]"
"15964","30.401709259","192.168.1.55","192.168.1.2","HTTP","1472","HTTP/1.0 200 OK  (PNG)"
"15965","30.401713740","192.168.1.2","192.168.1.55","TCP","66","50072  >  8004 [ACK] Seq=141 Ack=457758 Win=91136 Len=0 TSval=3045554256 TSecr=2916034476"
"15966","30.401770500","192.168.1.2","192.168.1.55","TCP","66","50072  >  8004 [ACK] Seq=141 Ack=459206 Win=94208 Len=0 TSval=3045554257 TSecr=2916034476"
"15967","30.401776685","192.168.1.2","192.168.1.55","TCP","66","50072  >  8004 [ACK] Seq=141 Ack=462102 Win=100352 Len=0 TSval=3045554257 TSecr=2916034476"
"15968","30.405560265","192.168.1.2","192.168.1.55","TCP","66","50072  >  8004 [ACK] Seq=141 Ack=475134 Win=125952 Len=0 TSval=3045554260 TSecr=2916034482"
"15969","30.405688358","192.168.1.2","192.168.1.55","TCP","66","50072  >  8004 [ACK] Seq=141 Ack=496854 Win=128000 Len=0 TSval=3045554260 TSecr=2916034482"
"15970","30.405695006","192.168.1.2","192.168.1.55","TCP","66","50072  >  8004 [ACK] Seq=141 Ack=498302 Win=130048 Len=0 TSval=3045554261 TSecr=2916034482"
"15971","30.407480879","192.168.1.2","192.168.1.55","TCP","66","50072  >  8004 [FIN, ACK] Seq=141 Ack=499709 Win=133120 Len=0 TSval=3045554262 TSecr=2916034482"
"15972","30.407493620","192.168.1.55","192.168.1.2","TCP","66","8004  >  50072 [ACK] Seq=499709 Ack=142 Win=65024 Len=0 TSval=2916034488 TSecr=3045554262"
"15973","30.407604102","192.168.1.2","192.168.1.55","TCP","74","50086  >  8004 [SYN] Seq=0 Win=64240 Len=0 MSS=1460 SACK_PERM TSval=3045554262 TSecr=0 WS=1024"
"15974","30.407628472","192.168.1.55","192.168.1.2","TCP","74","8004  >  50086 [SYN, ACK] Seq=0 Ack=1 Win=65160 Len=0 MSS=1460 SACK_PERM TSval=2916034488 TSecr=3045554262 WS=128"
"15975","30.411521330","192.168.1.2","192.168.1.55","TCP","66","50086  >  8004 [ACK] Seq=1 Ack=1 Win=64512 Len=0 TSval=3045554265 TSecr=2916034488"
"15976","30.414735687","192.168.1.2","192.168.1.55","HTTP","209","GET /original_benchmark.png HTTP/1.1 "
"15977","30.414749039","192.168.1.55","192.168.1.2","TCP","66","8004  >  50086 [ACK] Seq=1 Ack=144 Win=65024 Len=0 TSval=2916034495 TSecr=3045554265"
"15978","30.415243243","192.168.1.55","192.168.1.2","TCP","255","8004  >  50086 [PSH, ACK] Seq=1 Ack=144 Win=65024 Len=189 TSval=2916034495 TSecr=3045554265 [TCP segment of a reassembled PDU]"
"15979","30.415352447","192.168.1.55","192.168.1.2","TCP","1514","8004  >  50086 [ACK] Seq=190 Ack=144 Win=65024 Len=1448 TSval=2916034496 TSecr=3045554265 [TCP segment of a reassembled PDU]"
"15980","30.415357373","192.168.1.55","192.168.1.2","TCP","1514","8004  >  50086 [ACK] Seq=1638 Ack=144 Win=65024 Len=1448 TSval=2916034496 TSecr=3045554265 [TCP segment of a reassembled PDU]"
"15981","30.415359021","192.168.1.55","192.168.1.2","TCP","1514","8004  >  50086 [ACK] Seq=3086 Ack=144 Win=65024 Len=1448 TSval=2916034496 TSecr=3045554265 [TCP segment of a reassembled PDU]"
"15982","30.415360391","192.168.1.55","192.168.1.2","TCP","1514","8004  >  50086 [ACK] Seq=4534 Ack=144 Win=65024 Len=1448 TSval=2916034496 TSecr=3045554265 [TCP segment of a reassembled PDU]"
"15983","30.415362354","192.168.1.55","192.168.1.2","TCP","1514","8004  >  50086 [PSH, ACK] Seq=5982 Ack=144 Win=65024 Len=1448 TSval=2916034496 TSecr=3045554265 [TCP segment of a reassembled PDU]"
"15984","30.415379132","192.168.1.55","192.168.1.2","TCP","1514","8004  >  50086 [ACK] Seq=7430 Ack=144 Win=65024 Len=1448 TSval=2916034496 TSecr=3045554265 [TCP segment of a reassembled PDU]"
"15985","30.415380910","192.168.1.55","192.168.1.2","TCP","1514","8004  >  50086 [ACK] Seq=8878 Ack=144 Win=65024 Len=1448 TSval=2916034496 TSecr=3045554265 [TCP segment of a reassembled PDU]"
"15986","30.415382429","192.168.1.55","192.168.1.2","TCP","1514","8004  >  50086 [ACK] Seq=10326 Ack=144 Win=65024 Len=1448 TSval=2916034496 TSecr=3045554265 [TCP segment of a reassembled PDU]"
"15987","30.415383891","192.168.1.55","192.168.1.2","TCP","1514","8004  >  50086 [PSH, ACK] Seq=11774 Ack=144 Win=65024 Len=1448 TSval=2916034496 TSecr=3045554265 [TCP segment of a reassembled PDU]"
"15988","30.418914416","192.168.1.2","192.168.1.55","TCP","66","50086  >  8004 [ACK] Seq=144 Ack=190 Win=64512 Len=0 TSval=3045554273 TSecr=2916034495"
"15989","30.418956008","192.168.1.55","192.168.1.2","TCP","1514","8004  >  50086 [ACK] Seq=13222 Ack=144 Win=65024 Len=1448 TSval=2916034499 TSecr=3045554273 [TCP segment of a reassembled PDU]"
"15990","30.418960156","192.168.1.55","192.168.1.2","TCP","1514","8004  >  50086 [PSH, ACK] Seq=14670 Ack=144 Win=65024 Len=1448 TSval=2916034499 TSecr=3045554273 [TCP segment of a reassembled PDU]"
"15991","30.419075120","192.168.1.2","192.168.1.55","TCP","66","50086  >  8004 [ACK] Seq=144 Ack=5982 Win=76800 Len=0 TSval=3045554273 TSecr=2916034496"
"15992","30.419144286","192.168.1.55","192.168.1.2","TCP","1514","8004  >  50086 [ACK] Seq=16118 Ack=144 Win=65024 Len=1448 TSval=2916034499 TSecr=3045554273 [TCP segment of a reassembled PDU]"
"15993","30.419150694","192.168.1.55","192.168.1.2","TCP","1514","8004  >  50086 [ACK] Seq=17566 Ack=144 Win=65024 Len=1448 TSval=2916034499 TSecr=3045554273 [TCP segment of a reassembled PDU]"
"15994","30.419153934","192.168.1.55","192.168.1.2","TCP","1514","8004  >  50086 [ACK] Seq=19014 Ack=144 Win=65024 Len=1448 TSval=2916034499 TSecr=3045554273 [TCP segment of a reassembled PDU]"
"15995","30.419155675","192.168.1.55","192.168.1.2","TCP","1514","8004  >  50086 [ACK] Seq=20462 Ack=144 Win=65024 Len=1448 TSval=2916034499 TSecr=3045554273 [TCP segment of a reassembled PDU]"
"15996","30.419158305","192.168.1.55","192.168.1.2","TCP","1514","8004  >  50086 [ACK] Seq=21910 Ack=144 Win=65024 Len=1448 TSval=2916034499 TSecr=3045554273 [TCP segment of a reassembled PDU]"
"15997","30.419161175","192.168.1.55","192.168.1.2","TCP","1514","8004  >  50086 [ACK] Seq=23358 Ack=144 Win=65024 Len=1448 TSval=2916034499 TSecr=3045554273 [TCP segment of a reassembled PDU]"
"15998","30.419164879","192.168.1.55","192.168.1.2","TCP","1514","8004  >  50086 [PSH, ACK] Seq=24806 Ack=144 Win=65024 Len=1448 TSval=2916034499 TSecr=3045554273 [TCP segment of a reassembled PDU]"
"15999","30.419177527","192.168.1.2","192.168.1.55","TCP","66","50086  >  8004 [ACK] Seq=144 Ack=7430 Win=79872 Len=0 TSval=3045554274 TSecr=2916034496"
"16000","30.419196712","192.168.1.2","192.168.1.55","TCP","66","50086  >  8004 [ACK] Seq=144 Ack=13222 Win=87040 Len=0 TSval=3045554274 TSecr=2916034496"
"16001","30.419254527","192.168.1.55","192.168.1.2","TCP","1514","8004  >  50086 [ACK] Seq=26254 Ack=144 Win=65024 Len=1448 TSval=2916034499 TSecr=3045554274 [TCP segment of a reassembled PDU]"
"16002","30.419260435","192.168.1.55","192.168.1.2","TCP","1514","8004  >  50086 [ACK] Seq=27702 Ack=144 Win=65024 Len=1448 TSval=2916034499 TSecr=3045554274 [TCP segment of a reassembled PDU]"
"16003","30.419263009","192.168.1.55","192.168.1.2","TCP","1514","8004  >  50086 [ACK] Seq=29150 Ack=144 Win=65024 Len=1448 TSval=2916034499 TSecr=3045554274 [TCP segment of a reassembled PDU]"
"16004","30.419265435","192.168.1.55","192.168.1.2","TCP","1514","8004  >  50086 [ACK] Seq=30598 Ack=144 Win=65024 Len=1448 TSval=2916034499 TSecr=3045554274 [TCP segment of a reassembled PDU]"
"16005","30.419267805","192.168.1.55","192.168.1.2","TCP","1514","8004  >  50086 [ACK] Seq=32046 Ack=144 Win=65024 Len=1448 TSval=2916034499 TSecr=3045554274 [TCP segment of a reassembled PDU]"
"16006","30.419270231","192.168.1.55","192.168.1.2","TCP","1514","8004  >  50086 [ACK] Seq=33494 Ack=144 Win=65024 Len=1448 TSval=2916034499 TSecr=3045554274 [TCP segment of a reassembled PDU]"
"16007","30.419272305","192.168.1.55","192.168.1.2","TCP","1514","8004  >  50086 [ACK] Seq=34942 Ack=144 Win=65024 Len=1448 TSval=2916034499 TSecr=3045554274 [TCP segment of a reassembled PDU]"
"16008","30.419276009","192.168.1.55","192.168.1.2","TCP","1514","8004  >  50086 [ACK] Seq=36390 Ack=144 Win=65024 Len=1448 TSval=2916034499 TSecr=3045554274 [TCP segment of a reassembled PDU]"
"16009","30.419278361","192.168.1.55","192.168.1.2","TCP","1514","8004  >  50086 [ACK] Seq=37838 Ack=144 Win=65024 Len=1448 TSval=2916034499 TSecr=3045554274 [TCP segment of a reassembled PDU]"
"16010","30.419281601","192.168.1.55","192.168.1.2","TCP","1514","8004  >  50086 [PSH, ACK] Seq=39286 Ack=144 Win=65024 Len=1448 TSval=2916034499 TSecr=3045554274 [TCP segment of a reassembled PDU]"
"16011","30.420352825","192.168.1.55","192.168.1.2","TCP","1514","8004  >  50086 [ACK] Seq=40734 Ack=144 Win=65024 Len=1448 TSval=2916034501 TSecr=3045554274 [TCP segment of a reassembled PDU]"
"16012","30.424717869","192.168.1.2","192.168.1.55","TCP","66","50086  >  8004 [ACK] Seq=144 Ack=16118 Win=93184 Len=0 TSval=3045554279 TSecr=2916034499"
"16013","30.424781203","192.168.1.55","192.168.1.2","TCP","1514","8004  >  50086 [ACK] Seq=42182 Ack=144 Win=65024 Len=1448 TSval=2916034505 TSecr=3045554279 [TCP segment of a reassembled PDU]"
"16014","30.424789758","192.168.1.55","192.168.1.2","TCP","1514","8004  >  50086 [PSH, ACK] Seq=43630 Ack=144 Win=65024 Len=1448 TSval=2916034505 TSecr=3045554279 [TCP segment of a reassembled PDU]"
"16015","30.424877425","192.168.1.2","192.168.1.55","TCP","66","50086  >  8004 [ACK] Seq=144 Ack=26254 Win=83968 Len=0 TSval=3045554279 TSecr=2916034499"
"16016","30.424915777","192.168.1.55","192.168.1.2","TCP","1514","8004  >  50086 [ACK] Seq=45078 Ack=144 Win=65024 Len=1448 TSval=2916034505 TSecr=3045554279 [TCP segment of a reassembled PDU]"
"16017","30.424918018","192.168.1.55","192.168.1.2","TCP","1514","8004  >  50086 [ACK] Seq=46526 Ack=144 Win=65024 Len=1448 TSval=2916034505 TSecr=3045554279 [TCP segment of a reassembled PDU]"
"16018","30.424919943","192.168.1.55","192.168.1.2","TCP","1514","8004  >  50086 [ACK] Seq=47974 Ack=144 Win=65024 Len=1448 TSval=2916034505 TSecr=3045554279 [TCP segment of a reassembled PDU]"
"16019","30.424921925","192.168.1.55","192.168.1.2","TCP","1514","8004  >  50086 [ACK] Seq=49422 Ack=144 Win=65024 Len=1448 TSval=2916034505 TSecr=3045554279 [TCP segment of a reassembled PDU]"
"16020","30.424924184","192.168.1.55","192.168.1.2","TCP","1514","8004  >  50086 [ACK] Seq=50870 Ack=144 Win=65024 Len=1448 TSval=2916034505 TSecr=3045554279 [TCP segment of a reassembled PDU]"
"16021","30.424925573","192.168.1.55","192.168.1.2","TCP","1514","8004  >  50086 [ACK] Seq=52318 Ack=144 Win=65024 Len=1448 TSval=2916034505 TSecr=3045554279 [TCP segment of a reassembled PDU]"
"16022","30.424926943","192.168.1.55","192.168.1.2","TCP","1514","8004  >  50086 [ACK] Seq=53766 Ack=144 Win=65024 Len=1448 TSval=2916034505 TSecr=3045554279 [TCP segment of a reassembled PDU]"
"16023","30.424928573","192.168.1.55","192.168.1.2","TCP","1514","8004  >  50086 [ACK] Seq=55214 Ack=144 Win=65024 Len=1448 TSval=2916034505 TSecr=3045554279 [TCP segment of a reassembled PDU]"
"16024","30.424930388","192.168.1.55","192.168.1.2","TCP","1514","8004  >  50086 [ACK] Seq=56662 Ack=144 Win=65024 Len=1448 TSval=2916034505 TSecr=3045554279 [TCP segment of a reassembled PDU]"
"16025","30.424931906","192.168.1.55","192.168.1.2","TCP","1514","8004  >  50086 [ACK] Seq=58110 Ack=144 Win=65024 Len=1448 TSval=2916034505 TSecr=3045554279 [TCP segment of a reassembled PDU]"
"16026","30.424933444","192.168.1.55","192.168.1.2","TCP","1514","8004  >  50086 [ACK] Seq=59558 Ack=144 Win=65024 Len=1448 TSval=2916034505 TSecr=3045554279 [TCP segment of a reassembled PDU]"
"16027","30.424935073","192.168.1.55","192.168.1.2","TCP","1514","8004  >  50086 [ACK] Seq=61006 Ack=144 Win=65024 Len=1448 TSval=2916034505 TSecr=3045554279 [TCP segment of a reassembled PDU]"
"16028","30.424937018","192.168.1.55","192.168.1.2","TCP","1514","8004  >  50086 [ACK] Seq=62454 Ack=144 Win=65024 Len=1448 TSval=2916034505 TSecr=3045554279 [TCP segment of a reassembled PDU]"
"16029","30.424938795","192.168.1.55","192.168.1.2","TCP","1514","8004  >  50086 [PSH, ACK] Seq=63902 Ack=144 Win=65024 Len=1448 TSval=2916034505 TSecr=3045554279 [TCP segment of a reassembled PDU]"
"16030","30.424958221","192.168.1.2","192.168.1.55","TCP","66","50086  >  8004 [ACK] Seq=144 Ack=39286 Win=71680 Len=0 TSval=3045554279 TSecr=2916034499"
"16031","30.424993758","192.168.1.55","192.168.1.2","TCP","1514","8004  >  50086 [ACK] Seq=65350 Ack=144 Win=65024 Len=1448 TSval=2916034505 TSecr=3045554279 [TCP segment of a reassembled PDU]"
"16032","30.424996370","192.168.1.55","192.168.1.2","TCP","1514","8004  >  50086 [ACK] Seq=66798 Ack=144 Win=65024 Len=1448 TSval=2916034505 TSecr=3045554279 [TCP segment of a reassembled PDU]"
"16033","30.424998536","192.168.1.55","192.168.1.2","TCP","1514","8004  >  50086 [ACK] Seq=68246 Ack=144 Win=65024 Len=1448 TSval=2916034505 TSecr=3045554279 [TCP segment of a reassembled PDU]"
"16034","30.425001425","192.168.1.55","192.168.1.2","TCP","1514","8004  >  50086 [ACK] Seq=69694 Ack=144 Win=65024 Len=1448 TSval=2916034505 TSecr=3045554279 [TCP segment of a reassembled PDU]"
"16035","30.425003221","192.168.1.55","192.168.1.2","TCP","1514","8004  >  50086 [ACK] Seq=71142 Ack=144 Win=65024 Len=1448 TSval=2916034505 TSecr=3045554279 [TCP segment of a reassembled PDU]"
"16036","30.425004481","192.168.1.55","192.168.1.2","TCP","1514","8004  >  50086 [ACK] Seq=72590 Ack=144 Win=65024 Len=1448 TSval=2916034505 TSecr=3045554279 [TCP segment of a reassembled PDU]"
"16037","30.425006295","192.168.1.55","192.168.1.2","TCP","1514","8004  >  50086 [ACK] Seq=74038 Ack=144 Win=65024 Len=1448 TSval=2916034505 TSecr=3045554279 [TCP segment of a reassembled PDU]"
"16038","30.425008666","192.168.1.55","192.168.1.2","TCP","1514","8004  >  50086 [PSH, ACK] Seq=75486 Ack=144 Win=65024 Len=1448 TSval=2916034505 TSecr=3045554279 [TCP segment of a reassembled PDU]"
"16039","30.425016240","192.168.1.2","192.168.1.55","TCP","66","50086  >  8004 [ACK] Seq=144 Ack=40734 Win=70656 Len=0 TSval=3045554279 TSecr=2916034499"
"16040","30.425023573","192.168.1.2","192.168.1.55","TCP","66","50086  >  8004 [ACK] Seq=144 Ack=42182 Win=69632 Len=0 TSval=3045554279 TSecr=2916034501"
"16041","30.426055464","192.168.1.55","192.168.1.2","TCP","1514","8004  >  50086 [ACK] Seq=76934 Ack=144 Win=65024 Len=1448 TSval=2916034506 TSecr=3045554279 [TCP segment of a reassembled PDU]"
"16042","30.426067779","192.168.1.55","192.168.1.2","TCP","1514","8004  >  50086 [ACK] Seq=78382 Ack=144 Win=65024 Len=1448 TSval=2916034506 TSecr=3045554279 [TCP segment of a reassembled PDU]"
"16043","30.426069668","192.168.1.55","192.168.1.2","TCP","1514","8004  >  50086 [ACK] Seq=79830 Ack=144 Win=65024 Len=1448 TSval=2916034506 TSecr=3045554279 [TCP segment of a reassembled PDU]"
"16044","30.426071075","192.168.1.55","192.168.1.2","TCP","1514","8004  >  50086 [ACK] Seq=81278 Ack=144 Win=65024 Len=1448 TSval=2916034506 TSecr=3045554279 [TCP segment of a reassembled PDU]"
"16045","30.426072686","192.168.1.55","192.168.1.2","TCP","1514","8004  >  50086 [ACK] Seq=82726 Ack=144 Win=65024 Len=1448 TSval=2916034506 TSecr=3045554279 [TCP segment of a reassembled PDU]"
"16046","30.426073871","192.168.1.55","192.168.1.2","TCP","1514","8004  >  50086 [ACK] Seq=84174 Ack=144 Win=65024 Len=1448 TSval=2916034506 TSecr=3045554279 [TCP segment of a reassembled PDU]"
"16047","30.426077223","192.168.1.55","192.168.1.2","TCP","1514","8004  >  50086 [ACK] Seq=85622 Ack=144 Win=65024 Len=1448 TSval=2916034506 TSecr=3045554279 [TCP segment of a reassembled PDU]"
"16048","30.426079168","192.168.1.55","192.168.1.2","TCP","1514","8004  >  50086 [ACK] Seq=87070 Ack=144 Win=65024 Len=1448 TSval=2916034506 TSecr=3045554279 [TCP segment of a reassembled PDU]"
"16049","30.426081279","192.168.1.55","192.168.1.2","TCP","1514","8004  >  50086 [ACK] Seq=88518 Ack=144 Win=65024 Len=1448 TSval=2916034506 TSecr=3045554279 [TCP segment of a reassembled PDU]"
"16050","30.426083038","192.168.1.55","192.168.1.2","TCP","1514","8004  >  50086 [ACK] Seq=89966 Ack=144 Win=65024 Len=1448 TSval=2916034506 TSecr=3045554279 [TCP segment of a reassembled PDU]"
"16051","30.426084501","192.168.1.55","192.168.1.2","TCP","1514","8004  >  50086 [ACK] Seq=91414 Ack=144 Win=65024 Len=1448 TSval=2916034506 TSecr=3045554279 [TCP segment of a reassembled PDU]"
"16052","30.426085686","192.168.1.55","192.168.1.2","TCP","1514","8004  >  50086 [ACK] Seq=92862 Ack=144 Win=65024 Len=1448 TSval=2916034506 TSecr=3045554279 [TCP segment of a reassembled PDU]"
"16053","30.426086908","192.168.1.55","192.168.1.2","TCP","1514","8004  >  50086 [ACK] Seq=94310 Ack=144 Win=65024 Len=1448 TSval=2916034506 TSecr=3045554279 [TCP segment of a reassembled PDU]"
"16054","30.426088168","192.168.1.55","192.168.1.2","TCP","1514","8004  >  50086 [PSH, ACK] Seq=95758 Ack=144 Win=65024 Len=1448 TSval=2916034506 TSecr=3045554279 [TCP segment of a reassembled PDU]"
"16055","30.426103334","192.168.1.55","192.168.1.2","TCP","1514","8004  >  50086 [ACK] Seq=97206 Ack=144 Win=65024 Len=1448 TSval=2916034506 TSecr=3045554279 [TCP segment of a reassembled PDU]"
"16056","30.426105556","192.168.1.55","192.168.1.2","TCP","1514","8004  >  50086 [PSH, ACK] Seq=98654 Ack=144 Win=65024 Len=1448 TSval=2916034506 TSecr=3045554279 [TCP segment of a reassembled PDU]"
"16057","30.430348674","192.168.1.2","192.168.1.55","TCP","66","50086  >  8004 [ACK] Seq=144 Ack=45078 Win=91136 Len=0 TSval=3045554285 TSecr=2916034505"
"16058","30.430457100","192.168.1.55","192.168.1.2","TCP","1514","8004  >  50086 [ACK] Seq=100102 Ack=144 Win=65024 Len=1448 TSval=2916034511 TSecr=3045554285 [TCP segment of a reassembled PDU]"
"16059","30.430465841","192.168.1.55","192.168.1.2","TCP","1514","8004  >  50086 [ACK] Seq=101550 Ack=144 Win=65024 Len=1448 TSval=2916034511 TSecr=3045554285 [TCP segment of a reassembled PDU]"
"16060","30.430467397","192.168.1.55","192.168.1.2","TCP","1514","8004  >  50086 [ACK] Seq=102998 Ack=144 Win=65024 Len=1448 TSval=2916034511 TSecr=3045554285 [TCP segment of a reassembled PDU]"
"16061","30.430468989","192.168.1.55","192.168.1.2","TCP","1514","8004  >  50086 [PSH, ACK] Seq=104446 Ack=144 Win=65024 Len=1448 TSval=2916034511 TSecr=3045554285 [TCP segment of a reassembled PDU]"
"16062","30.430593434","192.168.1.2","192.168.1.55","TCP","66","50086  >  8004 [ACK] Seq=144 Ack=65350 Win=75776 Len=0 TSval=3045554285 TSecr=2916034505"
"16063","30.430655082","192.168.1.55","192.168.1.2","TCP","1514","8004  >  50086 [ACK] Seq=105894 Ack=144 Win=65024 Len=1448 TSval=2916034511 TSecr=3045554285 [TCP segment of a reassembled PDU]"
"16064","30.430658934","192.168.1.55","192.168.1.2","TCP","1514","8004  >  50086 [ACK] Seq=107342 Ack=144 Win=65024 Len=1448 TSval=2916034511 TSecr=3045554285 [TCP segment of a reassembled PDU]"
"16065","30.430661452","192.168.1.55","192.168.1.2","TCP","1514","8004  >  50086 [ACK] Seq=108790 Ack=144 Win=65024 Len=1448 TSval=2916034511 TSecr=3045554285 [TCP segment of a reassembled PDU]"
"16066","30.430662786","192.168.1.55","192.168.1.2","TCP","1514","8004  >  50086 [ACK] Seq=110238 Ack=144 Win=65024 Len=1448 TSval=2916034511 TSecr=3045554285 [TCP segment of a reassembled PDU]"
"16067","30.430664508","192.168.1.55","192.168.1.2","TCP","1514","8004  >  50086 [ACK] Seq=111686 Ack=144 Win=65024 Len=1448 TSval=2916034511 TSecr=3045554285 [TCP segment of a reassembled PDU]"
"16068","30.430666693","192.168.1.55","192.168.1.2","TCP","1514","8004  >  50086 [ACK] Seq=113134 Ack=144 Win=65024 Len=1448 TSval=2916034511 TSecr=3045554285 [TCP segment of a reassembled PDU]"
"16069","30.430668119","192.168.1.55","192.168.1.2","TCP","1514","8004  >  50086 [ACK] Seq=114582 Ack=144 Win=65024 Len=1448 TSval=2916034511 TSecr=3045554285 [TCP segment of a reassembled PDU]"
"16070","30.430669490","192.168.1.55","192.168.1.2","TCP","1514","8004  >  50086 [ACK] Seq=116030 Ack=144 Win=65024 Len=1448 TSval=2916034511 TSecr=3045554285 [TCP segment of a reassembled PDU]"
"16071","30.430670897","192.168.1.55","192.168.1.2","TCP","1514","8004  >  50086 [ACK] Seq=117478 Ack=144 Win=65024 Len=1448 TSval=2916034511 TSecr=3045554285 [TCP segment of a reassembled PDU]"
"16072","30.430673490","192.168.1.55","192.168.1.2","TCP","1514","8004  >  50086 [PSH, ACK] Seq=118926 Ack=144 Win=65024 Len=1448 TSval=2916034511 TSecr=3045554285 [TCP segment of a reassembled PDU]"
"16073","30.430683027","192.168.1.2","192.168.1.55","TCP","66","50086  >  8004 [ACK] Seq=144 Ack=76934 Win=64512 Len=0 TSval=3045554285 TSecr=2916034505"
"16074","30.430700101","192.168.1.2","192.168.1.55","TCP","66","50086  >  8004 [ACK] Seq=144 Ack=81278 Win=60416 Len=0 TSval=3045554285 TSecr=2916034506"
"16075","30.430746712","192.168.1.55","192.168.1.2","TCP","1514","8004  >  50086 [ACK] Seq=120374 Ack=144 Win=65024 Len=1448 TSval=2916034511 TSecr=3045554285 [TCP segment of a reassembled PDU]"
"16076","30.430749434","192.168.1.55","192.168.1.2","TCP","1514","8004  >  50086 [ACK] Seq=121822 Ack=144 Win=65024 Len=1448 TSval=2916034511 TSecr=3045554285 [TCP segment of a reassembled PDU]"
"16077","30.430751304","192.168.1.55","192.168.1.2","TCP","1514","8004  >  50086 [ACK] Seq=123270 Ack=144 Win=65024 Len=1448 TSval=2916034511 TSecr=3045554285 [TCP segment of a reassembled PDU]"
"16078","30.430753342","192.168.1.55","192.168.1.2","TCP","1514","8004  >  50086 [ACK] Seq=124718 Ack=144 Win=65024 Len=1448 TSval=2916034511 TSecr=3045554285 [TCP segment of a reassembled PDU]"
"16079","30.430755138","192.168.1.55","192.168.1.2","TCP","1514","8004  >  50086 [ACK] Seq=126166 Ack=144 Win=65024 Len=1448 TSval=2916034511 TSecr=3045554285 [TCP segment of a reassembled PDU]"
"16080","30.430756842","192.168.1.55","192.168.1.2","TCP","1514","8004  >  50086 [ACK] Seq=127614 Ack=144 Win=65024 Len=1448 TSval=2916034511 TSecr=3045554285 [TCP segment of a reassembled PDU]"
"16081","30.430759267","192.168.1.55","192.168.1.2","TCP","1514","8004  >  50086 [ACK] Seq=129062 Ack=144 Win=65024 Len=1448 TSval=2916034511 TSecr=3045554285 [TCP segment of a reassembled PDU]"
"16082","30.430761175","192.168.1.55","192.168.1.2","TCP","1514","8004  >  50086 [ACK] Seq=130510 Ack=144 Win=65024 Len=1448 TSval=2916034511 TSecr=3045554285 [TCP segment of a reassembled PDU]"
"16083","30.430762675","192.168.1.55","192.168.1.2","TCP","1514","8004  >  50086 [ACK] Seq=131958 Ack=144 Win=65024 Len=1448 TSval=2916034511 TSecr=3045554285 [TCP segment of a reassembled PDU]"
"16084","30.430765230","192.168.1.55","192.168.1.2","TCP","1514","8004  >  50086 [ACK] Seq=133406 Ack=144 Win=65024 Len=1448 TSval=2916034511 TSecr=3045554285 [TCP segment of a reassembled PDU]"
"16085","30.430767638","192.168.1.55","192.168.1.2","TCP","1514","8004  >  50086 [ACK] Seq=134854 Ack=144 Win=65024 Len=1448 TSval=2916034511 TSecr=3045554285 [TCP segment of a reassembled PDU]"
"16086","30.430769045","192.168.1.55","192.168.1.2","TCP","1514","8004  >  50086 [ACK] Seq=136302 Ack=144 Win=65024 Len=1448 TSval=2916034511 TSecr=3045554285 [TCP segment of a reassembled PDU]"
"16087","30.430771360","192.168.1.55","192.168.1.2","TCP","1514","8004  >  50086 [ACK] Seq=137750 Ack=144 Win=65024 Len=1448 TSval=2916034511 TSecr=3045554285 [TCP segment of a reassembled PDU]"
"16088","30.430772712","192.168.1.55","192.168.1.2","TCP","1514","8004  >  50086 [ACK] Seq=139198 Ack=144 Win=65024 Len=1448 TSval=2916034511 TSecr=3045554285 [TCP segment of a reassembled PDU]"
"16089","30.430774323","192.168.1.55","192.168.1.2","TCP","1114","[TCP Window Full] 8004  >  50086 [PSH, ACK] Seq=140646 Ack=144 Win=65024 Len=1048 TSval=2916034511 TSecr=3045554285 [TCP segment of a reassembled PDU]"
"16090","30.430833045","192.168.1.2","192.168.1.55","TCP","66","50086  >  8004 [ACK] Seq=144 Ack=97206 Win=79872 Len=0 TSval=3045554285 TSecr=2916034506"
"16091","30.430837638","192.168.1.2","192.168.1.55","TCP","66","50086  >  8004 [ACK] Seq=144 Ack=100102 Win=77824 Len=0 TSval=3045554285 TSecr=2916034506"
"16092","30.430909379","192.168.1.55","192.168.1.2","TCP","1514","8004  >  50086 [ACK] Seq=141694 Ack=144 Win=65024 Len=1448 TSval=2916034511 TSecr=3045554285 [TCP segment of a reassembled PDU]"
"16093","30.430912508","192.168.1.55","192.168.1.2","TCP","1514","8004  >  50086 [ACK] Seq=143142 Ack=144 Win=65024 Len=1448 TSval=2916034511 TSecr=3045554285 [TCP segment of a reassembled PDU]"
"16094","30.430917990","192.168.1.55","192.168.1.2","TCP","1514","8004  >  50086 [ACK] Seq=144590 Ack=144 Win=65024 Len=1448 TSval=2916034511 TSecr=3045554285 [TCP segment of a reassembled PDU]"
"16095","30.430919953","192.168.1.55","192.168.1.2","TCP","1514","8004  >  50086 [ACK] Seq=146038 Ack=144 Win=65024 Len=1448 TSval=2916034511 TSecr=3045554285 [TCP segment of a reassembled PDU]"
"16096","30.430921527","192.168.1.55","192.168.1.2","TCP","1514","8004  >  50086 [ACK] Seq=147486 Ack=144 Win=65024 Len=1448 TSval=2916034511 TSecr=3045554285 [TCP segment of a reassembled PDU]"
"16097","30.430923379","192.168.1.55","192.168.1.2","TCP","1514","8004  >  50086 [ACK] Seq=148934 Ack=144 Win=65024 Len=1448 TSval=2916034511 TSecr=3045554285 [TCP segment of a reassembled PDU]"
"16098","30.430924749","192.168.1.55","192.168.1.2","TCP","1514","8004  >  50086 [ACK] Seq=150382 Ack=144 Win=65024 Len=1448 TSval=2916034511 TSecr=3045554285 [TCP segment of a reassembled PDU]"
"16099","30.430927490","192.168.1.55","192.168.1.2","TCP","1514","8004  >  50086 [ACK] Seq=151830 Ack=144 Win=65024 Len=1448 TSval=2916034511 TSecr=3045554285 [TCP segment of a reassembled PDU]"
"16100","30.430928916","192.168.1.55","192.168.1.2","TCP","1514","8004  >  50086 [ACK] Seq=153278 Ack=144 Win=65024 Len=1448 TSval=2916034511 TSecr=3045554285 [TCP segment of a reassembled PDU]"
"16101","30.430930120","192.168.1.55","192.168.1.2","TCP","1514","8004  >  50086 [ACK] Seq=154726 Ack=144 Win=65024 Len=1448 TSval=2916034511 TSecr=3045554285 [TCP segment of a reassembled PDU]"
"16102","30.430932416","192.168.1.55","192.168.1.2","TCP","1514","8004  >  50086 [ACK] Seq=156174 Ack=144 Win=65024 Len=1448 TSval=2916034511 TSecr=3045554285 [TCP segment of a reassembled PDU]"
"16103","30.430934379","192.168.1.55","192.168.1.2","TCP","1514","8004  >  50086 [ACK] Seq=157622 Ack=144 Win=65024 Len=1448 TSval=2916034511 TSecr=3045554285 [TCP segment of a reassembled PDU]"
"16104","30.430936101","192.168.1.55","192.168.1.2","TCP","1514","8004  >  50086 [ACK] Seq=159070 Ack=144 Win=65024 Len=1448 TSval=2916034511 TSecr=3045554285 [TCP segment of a reassembled PDU]"
"16105","30.430937731","192.168.1.55","192.168.1.2","TCP","1514","8004  >  50086 [ACK] Seq=160518 Ack=144 Win=65024 Len=1448 TSval=2916034511 TSecr=3045554285 [TCP segment of a reassembled PDU]"
"16106","30.430939379","192.168.1.55","192.168.1.2","TCP","1514","8004  >  50086 [PSH, ACK] Seq=161966 Ack=144 Win=65024 Len=1448 TSval=2916034511 TSecr=3045554285 [TCP segment of a reassembled PDU]"
"16107","30.431947214","192.168.1.55","192.168.1.2","TCP","466","8004  >  50086 [ACK] Seq=163414 Ack=144 Win=65024 Len=400 TSval=2916034512 TSecr=3045554285 [TCP segment of a reassembled PDU]"
"16108","30.431967140","192.168.1.55","192.168.1.2","TCP","1514","8004  >  50086 [ACK] Seq=163814 Ack=144 Win=65024 Len=1448 TSval=2916034512 TSecr=3045554285 [TCP segment of a reassembled PDU]"
"16109","30.431968288","192.168.1.55","192.168.1.2","TCP","1514","8004  >  50086 [ACK] Seq=165262 Ack=144 Win=65024 Len=1448 TSval=2916034512 TSecr=3045554285 [TCP segment of a reassembled PDU]"
"16110","30.431969473","192.168.1.55","192.168.1.2","TCP","1514","8004  >  50086 [ACK] Seq=166710 Ack=144 Win=65024 Len=1448 TSval=2916034512 TSecr=3045554285 [TCP segment of a reassembled PDU]"
"16111","30.431970584","192.168.1.55","192.168.1.2","TCP","1514","8004  >  50086 [ACK] Seq=168158 Ack=144 Win=65024 Len=1448 TSval=2916034512 TSecr=3045554285 [TCP segment of a reassembled PDU]"
"16112","30.431971658","192.168.1.55","192.168.1.2","TCP","1514","8004  >  50086 [ACK] Seq=169606 Ack=144 Win=65024 Len=1448 TSval=2916034512 TSecr=3045554285 [TCP segment of a reassembled PDU]"
"16113","30.431972788","192.168.1.55","192.168.1.2","TCP","1514","8004  >  50086 [ACK] Seq=171054 Ack=144 Win=65024 Len=1448 TSval=2916034512 TSecr=3045554285 [TCP segment of a reassembled PDU]"
"16114","30.431973992","192.168.1.55","192.168.1.2","TCP","1514","8004  >  50086 [ACK] Seq=172502 Ack=144 Win=65024 Len=1448 TSval=2916034512 TSecr=3045554285 [TCP segment of a reassembled PDU]"
"16115","30.431975158","192.168.1.55","192.168.1.2","TCP","1514","8004  >  50086 [ACK] Seq=173950 Ack=144 Win=65024 Len=1448 TSval=2916034512 TSecr=3045554285 [TCP segment of a reassembled PDU]"
"16116","30.431976251","192.168.1.55","192.168.1.2","TCP","1514","8004  >  50086 [PSH, ACK] Seq=175398 Ack=144 Win=65024 Len=1448 TSval=2916034512 TSecr=3045554285 [TCP segment of a reassembled PDU]"
"16117","30.437041240","192.168.1.2","192.168.1.55","TCP","66","50086  >  8004 [ACK] Seq=144 Ack=105894 Win=88064 Len=0 TSval=3045554291 TSecr=2916034511"
"16118","30.437093888","192.168.1.55","192.168.1.2","TCP","1514","8004  >  50086 [ACK] Seq=176846 Ack=144 Win=65024 Len=1448 TSval=2916034517 TSecr=3045554291 [TCP segment of a reassembled PDU]"
"16119","30.437098907","192.168.1.55","192.168.1.2","TCP","1514","8004  >  50086 [ACK] Seq=178294 Ack=144 Win=65024 Len=1448 TSval=2916034517 TSecr=3045554291 [TCP segment of a reassembled PDU]"
"16120","30.437099907","192.168.1.55","192.168.1.2","TCP","1514","8004  >  50086 [ACK] Seq=179742 Ack=144 Win=65024 Len=1448 TSval=2916034517 TSecr=3045554291 [TCP segment of a reassembled PDU]"
"16121","30.437101018","192.168.1.55","192.168.1.2","TCP","1514","8004  >  50086 [ACK] Seq=181190 Ack=144 Win=65024 Len=1448 TSval=2916034517 TSecr=3045554291 [TCP segment of a reassembled PDU]"
"16122","30.437102092","192.168.1.55","192.168.1.2","TCP","1514","8004  >  50086 [ACK] Seq=182638 Ack=144 Win=65024 Len=1448 TSval=2916034517 TSecr=3045554291 [TCP segment of a reassembled PDU]"
"16123","30.437103203","192.168.1.55","192.168.1.2","TCP","1514","8004  >  50086 [ACK] Seq=184086 Ack=144 Win=65024 Len=1448 TSval=2916034517 TSecr=3045554291 [TCP segment of a reassembled PDU]"
"16124","30.437104389","192.168.1.55","192.168.1.2","TCP","1514","8004  >  50086 [ACK] Seq=185534 Ack=144 Win=65024 Len=1448 TSval=2916034517 TSecr=3045554291 [TCP segment of a reassembled PDU]"
"16125","30.437105314","192.168.1.55","192.168.1.2","TCP","1514","8004  >  50086 [ACK] Seq=186982 Ack=144 Win=65024 Len=1448 TSval=2916034517 TSecr=3045554291 [TCP segment of a reassembled PDU]"
"16126","30.437106481","192.168.1.55","192.168.1.2","TCP","1514","8004  >  50086 [ACK] Seq=188430 Ack=144 Win=65024 Len=1448 TSval=2916034517 TSecr=3045554291 [TCP segment of a reassembled PDU]"
"16127","30.437107537","192.168.1.55","192.168.1.2","TCP","1514","8004  >  50086 [ACK] Seq=189878 Ack=144 Win=65024 Len=1448 TSval=2916034517 TSecr=3045554291 [TCP segment of a reassembled PDU]"
"16128","30.437108574","192.168.1.55","192.168.1.2","TCP","1514","8004  >  50086 [PSH, ACK] Seq=191326 Ack=144 Win=65024 Len=1448 TSval=2916034517 TSecr=3045554291 [TCP segment of a reassembled PDU]"
"16129","30.437634352","192.168.1.2","192.168.1.55","TCP","66","50086  >  8004 [ACK] Seq=144 Ack=110238 Win=101376 Len=0 TSval=3045554291 TSecr=2916034511"
"16130","30.437652445","192.168.1.55","192.168.1.2","TCP","1514","8004  >  50086 [ACK] Seq=192774 Ack=144 Win=65024 Len=1448 TSval=2916034518 TSecr=3045554291 [TCP segment of a reassembled PDU]"
"16131","30.437653667","192.168.1.55","192.168.1.2","TCP","1514","8004  >  50086 [ACK] Seq=194222 Ack=144 Win=65024 Len=1448 TSval=2916034518 TSecr=3045554291 [TCP segment of a reassembled PDU]"
"16132","30.437654741","192.168.1.55","192.168.1.2","TCP","1514","8004  >  50086 [ACK] Seq=195670 Ack=144 Win=65024 Len=1448 TSval=2916034518 TSecr=3045554291 [TCP segment of a reassembled PDU]"
"16133","30.437655871","192.168.1.55","192.168.1.2","TCP","1514","8004  >  50086 [ACK] Seq=197118 Ack=144 Win=65024 Len=1448 TSval=2916034518 TSecr=3045554291 [TCP segment of a reassembled PDU]"
"16134","30.437656852","192.168.1.55","192.168.1.2","TCP","1514","8004  >  50086 [ACK] Seq=198566 Ack=144 Win=65024 Len=1448 TSval=2916034518 TSecr=3045554291 [TCP segment of a reassembled PDU]"
"16135","30.437658019","192.168.1.55","192.168.1.2","TCP","1514","8004  >  50086 [ACK] Seq=200014 Ack=144 Win=65024 Len=1448 TSval=2916034518 TSecr=3045554291 [TCP segment of a reassembled PDU]"
"16136","30.437659112","192.168.1.55","192.168.1.2","TCP","1514","8004  >  50086 [ACK] Seq=201462 Ack=144 Win=65024 Len=1448 TSval=2916034518 TSecr=3045554291 [TCP segment of a reassembled PDU]"
"16137","30.437660112","192.168.1.55","192.168.1.2","TCP","1514","8004  >  50086 [ACK] Seq=202910 Ack=144 Win=65024 Len=1448 TSval=2916034518 TSecr=3045554291 [TCP segment of a reassembled PDU]"
"16138","30.437661056","192.168.1.55","192.168.1.2","TCP","1514","8004  >  50086 [ACK] Seq=204358 Ack=144 Win=65024 Len=1448 TSval=2916034518 TSecr=3045554291 [TCP segment of a reassembled PDU]"
"16139","30.437662167","192.168.1.55","192.168.1.2","TCP","1514","8004  >  50086 [ACK] Seq=205806 Ack=144 Win=65024 Len=1448 TSval=2916034518 TSecr=3045554291 [TCP segment of a reassembled PDU]"
"16140","30.437663186","192.168.1.55","192.168.1.2","TCP","1514","8004  >  50086 [ACK] Seq=207254 Ack=144 Win=65024 Len=1448 TSval=2916034518 TSecr=3045554291 [TCP segment of a reassembled PDU]"
"16141","30.437664130","192.168.1.55","192.168.1.2","TCP","1514","8004  >  50086 [PSH, ACK] Seq=208702 Ack=144 Win=65024 Len=1448 TSval=2916034518 TSecr=3045554291 [TCP segment of a reassembled PDU]"
"16142","30.437667575","192.168.1.2","192.168.1.55","TCP","66","50086  >  8004 [ACK] Seq=144 Ack=120374 Win=121856 Len=0 TSval=3045554291 TSecr=2916034511"
"16143","30.437672982","192.168.1.2","192.168.1.55","TCP","66","50086  >  8004 [ACK] Seq=144 Ack=141694 Win=121856 Len=0 TSval=3045554291 TSecr=2916034511"
"16144","30.437713815","192.168.1.55","192.168.1.2","TCP","1514","8004  >  50086 [ACK] Seq=210150 Ack=144 Win=65024 Len=1448 TSval=2916034518 TSecr=3045554291 [TCP segment of a reassembled PDU]"
"16145","30.437715519","192.168.1.55","192.168.1.2","TCP","1514","8004  >  50086 [ACK] Seq=211598 Ack=144 Win=65024 Len=1448 TSval=2916034518 TSecr=3045554291 [TCP segment of a reassembled PDU]"
"16146","30.437716501","192.168.1.55","192.168.1.2","TCP","1514","8004  >  50086 [ACK] Seq=213046 Ack=144 Win=65024 Len=1448 TSval=2916034518 TSecr=3045554291 [TCP segment of a reassembled PDU]"
"16147","30.437717649","192.168.1.55","192.168.1.2","TCP","1514","8004  >  50086 [ACK] Seq=214494 Ack=144 Win=65024 Len=1448 TSval=2916034518 TSecr=3045554291 [TCP segment of a reassembled PDU]"
"16148","30.437718556","192.168.1.55","192.168.1.2","TCP","1514","8004  >  50086 [ACK] Seq=215942 Ack=144 Win=65024 Len=1448 TSval=2916034518 TSecr=3045554291 [TCP segment of a reassembled PDU]"
"16149","30.437719519","192.168.1.55","192.168.1.2","TCP","1514","8004  >  50086 [ACK] Seq=217390 Ack=144 Win=65024 Len=1448 TSval=2916034518 TSecr=3045554291 [TCP segment of a reassembled PDU]"
"16150","30.437720852","192.168.1.55","192.168.1.2","TCP","1514","8004  >  50086 [ACK] Seq=218838 Ack=144 Win=65024 Len=1448 TSval=2916034518 TSecr=3045554291 [TCP segment of a reassembled PDU]"
"16151","30.437721815","192.168.1.55","192.168.1.2","TCP","1514","8004  >  50086 [ACK] Seq=220286 Ack=144 Win=65024 Len=1448 TSval=2916034518 TSecr=3045554291 [TCP segment of a reassembled PDU]"
"16152","30.437722834","192.168.1.55","192.168.1.2","TCP","1514","8004  >  50086 [ACK] Seq=221734 Ack=144 Win=65024 Len=1448 TSval=2916034518 TSecr=3045554291 [TCP segment of a reassembled PDU]"
"16153","30.437723778","192.168.1.55","192.168.1.2","TCP","1514","8004  >  50086 [ACK] Seq=223182 Ack=144 Win=65024 Len=1448 TSval=2916034518 TSecr=3045554291 [TCP segment of a reassembled PDU]"
"16154","30.437724704","192.168.1.55","192.168.1.2","TCP","1514","8004  >  50086 [ACK] Seq=224630 Ack=144 Win=65024 Len=1448 TSval=2916034518 TSecr=3045554291 [TCP segment of a reassembled PDU]"
"16155","30.437725723","192.168.1.55","192.168.1.2","TCP","1514","8004  >  50086 [ACK] Seq=226078 Ack=144 Win=65024 Len=1448 TSval=2916034518 TSecr=3045554291 [TCP segment of a reassembled PDU]"
"16156","30.437726760","192.168.1.55","192.168.1.2","TCP","1514","8004  >  50086 [ACK] Seq=227526 Ack=144 Win=65024 Len=1448 TSval=2916034518 TSecr=3045554291 [TCP segment of a reassembled PDU]"
"16157","30.437727797","192.168.1.55","192.168.1.2","TCP","1514","8004  >  50086 [ACK] Seq=228974 Ack=144 Win=65024 Len=1448 TSval=2916034518 TSecr=3045554291 [TCP segment of a reassembled PDU]"
"16158","30.437728723","192.168.1.55","192.168.1.2","TCP","1514","8004  >  50086 [ACK] Seq=230422 Ack=144 Win=65024 Len=1448 TSval=2916034518 TSecr=3045554291 [TCP segment of a reassembled PDU]"
"16159","30.437729649","192.168.1.55","192.168.1.2","TCP","1514","8004  >  50086 [ACK] Seq=231870 Ack=144 Win=65024 Len=1448 TSval=2916034518 TSecr=3045554291 [TCP segment of a reassembled PDU]"
"16160","30.437730723","192.168.1.55","192.168.1.2","TCP","1514","8004  >  50086 [ACK] Seq=233318 Ack=144 Win=65024 Len=1448 TSval=2916034518 TSecr=3045554291 [TCP segment of a reassembled PDU]"
"16161","30.437731982","192.168.1.55","192.168.1.2","TCP","1514","8004  >  50086 [ACK] Seq=234766 Ack=144 Win=65024 Len=1448 TSval=2916034518 TSecr=3045554291 [TCP segment of a reassembled PDU]"
"16162","30.437733019","192.168.1.55","192.168.1.2","TCP","1514","8004  >  50086 [ACK] Seq=236214 Ack=144 Win=65024 Len=1448 TSval=2916034518 TSecr=3045554291 [TCP segment of a reassembled PDU]"
"16163","30.437734278","192.168.1.55","192.168.1.2","TCP","1514","8004  >  50086 [ACK] Seq=237662 Ack=144 Win=65024 Len=1448 TSval=2916034518 TSecr=3045554291 [TCP segment of a reassembled PDU]"
"16164","30.437735390","192.168.1.55","192.168.1.2","TCP","1514","8004  >  50086 [ACK] Seq=239110 Ack=144 Win=65024 Len=1448 TSval=2916034518 TSecr=3045554291 [TCP segment of a reassembled PDU]"
"16165","30.437736723","192.168.1.55","192.168.1.2","TCP","1514","8004  >  50086 [ACK] Seq=240558 Ack=144 Win=65024 Len=1448 TSval=2916034518 TSecr=3045554291 [TCP segment of a reassembled PDU]"
"16166","30.437737649","192.168.1.55","192.168.1.2","TCP","1514","8004  >  50086 [ACK] Seq=242006 Ack=144 Win=65024 Len=1448 TSval=2916034518 TSecr=3045554291 [TCP segment of a reassembled PDU]"
"16167","30.437738982","192.168.1.55","192.168.1.2","TCP","1514","8004  >  50086 [ACK] Seq=243454 Ack=144 Win=65024 Len=1448 TSval=2916034518 TSecr=3045554291 [TCP segment of a reassembled PDU]"
"16168","30.437740001","192.168.1.55","192.168.1.2","TCP","1514","8004  >  50086 [ACK] Seq=244902 Ack=144 Win=65024 Len=1448 TSval=2916034518 TSecr=3045554291 [TCP segment of a reassembled PDU]"
"16169","30.437741223","192.168.1.55","192.168.1.2","TCP","1514","8004  >  50086 [ACK] Seq=246350 Ack=144 Win=65024 Len=1448 TSval=2916034518 TSecr=3045554291 [TCP segment of a reassembled PDU]"
"16170","30.437742278","192.168.1.55","192.168.1.2","TCP","1514","8004  >  50086 [ACK] Seq=247798 Ack=144 Win=65024 Len=1448 TSval=2916034518 TSecr=3045554291 [TCP segment of a reassembled PDU]"
"16171","30.437743297","192.168.1.55","192.168.1.2","TCP","1514","8004  >  50086 [ACK] Seq=249246 Ack=144 Win=65024 Len=1448 TSval=2916034518 TSecr=3045554291 [TCP segment of a reassembled PDU]"
"16172","30.437744390","192.168.1.55","192.168.1.2","TCP","1514","8004  >  50086 [ACK] Seq=250694 Ack=144 Win=65024 Len=1448 TSval=2916034518 TSecr=3045554291 [TCP segment of a reassembled PDU]"
"16173","30.437745390","192.168.1.55","192.168.1.2","TCP","1514","8004  >  50086 [ACK] Seq=252142 Ack=144 Win=65024 Len=1448 TSval=2916034518 TSecr=3045554291 [TCP segment of a reassembled PDU]"
"16174","30.437746464","192.168.1.55","192.168.1.2","TCP","1514","8004  >  50086 [ACK] Seq=253590 Ack=144 Win=65024 Len=1448 TSval=2916034518 TSecr=3045554291 [TCP segment of a reassembled PDU]"
"16175","30.437747501","192.168.1.55","192.168.1.2","TCP","1514","8004  >  50086 [PSH, ACK] Seq=255038 Ack=144 Win=65024 Len=1448 TSval=2916034518 TSecr=3045554291 [TCP segment of a reassembled PDU]"
"16176","30.437752019","192.168.1.2","192.168.1.55","TCP","66","50086  >  8004 [ACK] Seq=144 Ack=163414 Win=128000 Len=0 TSval=3045554291 TSecr=2916034511"
"16177","30.437798982","192.168.1.2","192.168.1.55","TCP","66","50086  >  8004 [ACK] Seq=144 Ack=168158 Win=123904 Len=0 TSval=3045554291 TSecr=2916034512"
"16178","30.437805130","192.168.1.2","192.168.1.55","TCP","66","50086  >  8004 [ACK] Seq=144 Ack=176846 Win=145408 Len=0 TSval=3045554292 TSecr=2916034512"
"16179","30.437851093","192.168.1.55","192.168.1.2","TCP","1514","8004  >  50086 [ACK] Seq=256486 Ack=144 Win=65024 Len=1448 TSval=2916034518 TSecr=3045554292 [TCP segment of a reassembled PDU]"
"16180","30.437853834","192.168.1.55","192.168.1.2","TCP","1514","8004  >  50086 [ACK] Seq=257934 Ack=144 Win=65024 Len=1448 TSval=2916034518 TSecr=3045554292 [TCP segment of a reassembled PDU]"
"16181","30.437854797","192.168.1.55","192.168.1.2","TCP","1514","8004  >  50086 [ACK] Seq=259382 Ack=144 Win=65024 Len=1448 TSval=2916034518 TSecr=3045554292 [TCP segment of a reassembled PDU]"
"16182","30.437855779","192.168.1.55","192.168.1.2","TCP","1514","8004  >  50086 [ACK] Seq=260830 Ack=144 Win=65024 Len=1448 TSval=2916034518 TSecr=3045554292 [TCP segment of a reassembled PDU]"
"16183","30.437856834","192.168.1.55","192.168.1.2","TCP","1514","8004  >  50086 [ACK] Seq=262278 Ack=144 Win=65024 Len=1448 TSval=2916034518 TSecr=3045554292 [TCP segment of a reassembled PDU]"
"16184","30.437857871","192.168.1.55","192.168.1.2","TCP","1514","8004  >  50086 [ACK] Seq=263726 Ack=144 Win=65024 Len=1448 TSval=2916034518 TSecr=3045554292 [TCP segment of a reassembled PDU]"
"16185","30.437859075","192.168.1.55","192.168.1.2","TCP","1514","8004  >  50086 [ACK] Seq=265174 Ack=144 Win=65024 Len=1448 TSval=2916034518 TSecr=3045554292 [TCP segment of a reassembled PDU]"
"16186","30.437860408","192.168.1.55","192.168.1.2","TCP","1514","8004  >  50086 [ACK] Seq=266622 Ack=144 Win=65024 Len=1448 TSval=2916034518 TSecr=3045554292 [TCP segment of a reassembled PDU]"
"16187","30.437861723","192.168.1.55","192.168.1.2","TCP","1514","8004  >  50086 [ACK] Seq=268070 Ack=144 Win=65024 Len=1448 TSval=2916034518 TSecr=3045554292 [TCP segment of a reassembled PDU]"
"16188","30.437862964","192.168.1.55","192.168.1.2","TCP","1514","8004  >  50086 [ACK] Seq=269518 Ack=144 Win=65024 Len=1448 TSval=2916034518 TSecr=3045554292 [TCP segment of a reassembled PDU]"
"16189","30.437864742","192.168.1.55","192.168.1.2","TCP","1514","8004  >  50086 [ACK] Seq=270966 Ack=144 Win=65024 Len=1448 TSval=2916034518 TSecr=3045554292 [TCP segment of a reassembled PDU]"
"16190","30.437866242","192.168.1.55","192.168.1.2","TCP","1514","8004  >  50086 [ACK] Seq=272414 Ack=144 Win=65024 Len=1448 TSval=2916034518 TSecr=3045554292 [TCP segment of a reassembled PDU]"
"16191","30.437867982","192.168.1.55","192.168.1.2","TCP","1514","8004  >  50086 [ACK] Seq=273862 Ack=144 Win=65024 Len=1448 TSval=2916034518 TSecr=3045554292 [TCP segment of a reassembled PDU]"
"16192","30.437869019","192.168.1.55","192.168.1.2","TCP","1514","8004  >  50086 [ACK] Seq=275310 Ack=144 Win=65024 Len=1448 TSval=2916034518 TSecr=3045554292 [TCP segment of a reassembled PDU]"
"16193","30.437870130","192.168.1.55","192.168.1.2","TCP","1514","8004  >  50086 [ACK] Seq=276758 Ack=144 Win=65024 Len=1448 TSval=2916034518 TSecr=3045554292 [TCP segment of a reassembled PDU]"
"16194","30.437871112","192.168.1.55","192.168.1.2","TCP","1514","8004  >  50086 [ACK] Seq=278206 Ack=144 Win=65024 Len=1448 TSval=2916034518 TSecr=3045554292 [TCP segment of a reassembled PDU]"
"16195","30.437872223","192.168.1.55","192.168.1.2","TCP","1514","8004  >  50086 [ACK] Seq=279654 Ack=144 Win=65024 Len=1448 TSval=2916034518 TSecr=3045554292 [TCP segment of a reassembled PDU]"
"16196","30.437873630","192.168.1.55","192.168.1.2","TCP","1514","8004  >  50086 [ACK] Seq=281102 Ack=144 Win=65024 Len=1448 TSval=2916034518 TSecr=3045554292 [TCP segment of a reassembled PDU]"
"16197","30.437874593","192.168.1.55","192.168.1.2","TCP","1514","8004  >  50086 [ACK] Seq=282550 Ack=144 Win=65024 Len=1448 TSval=2916034518 TSecr=3045554292 [TCP segment of a reassembled PDU]"
"16198","30.437875705","192.168.1.55","192.168.1.2","TCP","1514","8004  >  50086 [ACK] Seq=283998 Ack=144 Win=65024 Len=1448 TSval=2916034518 TSecr=3045554292 [TCP segment of a reassembled PDU]"
"16199","30.437877038","192.168.1.55","192.168.1.2","TCP","1514","8004  >  50086 [ACK] Seq=285446 Ack=144 Win=65024 Len=1448 TSval=2916034518 TSecr=3045554292 [TCP segment of a reassembled PDU]"
"16200","30.437878297","192.168.1.55","192.168.1.2","TCP","1514","8004  >  50086 [ACK] Seq=286894 Ack=144 Win=65024 Len=1448 TSval=2916034518 TSecr=3045554292 [TCP segment of a reassembled PDU]"
"16201","30.437879556","192.168.1.55","192.168.1.2","TCP","1514","8004  >  50086 [ACK] Seq=288342 Ack=144 Win=65024 Len=1448 TSval=2916034518 TSecr=3045554292 [TCP segment of a reassembled PDU]"
"16202","30.437880982","192.168.1.55","192.168.1.2","TCP","1514","8004  >  50086 [ACK] Seq=289790 Ack=144 Win=65024 Len=1448 TSval=2916034518 TSecr=3045554292 [TCP segment of a reassembled PDU]"
"16203","30.437882593","192.168.1.55","192.168.1.2","TCP","1514","8004  >  50086 [ACK] Seq=291238 Ack=144 Win=65024 Len=1448 TSval=2916034518 TSecr=3045554292 [TCP segment of a reassembled PDU]"
"16204","30.437883575","192.168.1.55","192.168.1.2","TCP","1514","8004  >  50086 [ACK] Seq=292686 Ack=144 Win=65024 Len=1448 TSval=2916034518 TSecr=3045554292 [TCP segment of a reassembled PDU]"
"16205","30.437884871","192.168.1.55","192.168.1.2","TCP","1514","8004  >  50086 [ACK] Seq=294134 Ack=144 Win=65024 Len=1448 TSval=2916034518 TSecr=3045554292 [TCP segment of a reassembled PDU]"
"16206","30.437886112","192.168.1.55","192.168.1.2","TCP","1514","8004  >  50086 [ACK] Seq=295582 Ack=144 Win=65024 Len=1448 TSval=2916034518 TSecr=3045554292 [TCP segment of a reassembled PDU]"
"16207","30.437887075","192.168.1.55","192.168.1.2","TCP","1514","8004  >  50086 [ACK] Seq=297030 Ack=144 Win=65024 Len=1448 TSval=2916034518 TSecr=3045554292 [TCP segment of a reassembled PDU]"
"16208","30.437888038","192.168.1.55","192.168.1.2","TCP","1514","8004  >  50086 [ACK] Seq=298478 Ack=144 Win=65024 Len=1448 TSval=2916034518 TSecr=3045554292 [TCP segment of a reassembled PDU]"
"16209","30.437896482","192.168.1.55","192.168.1.2","TCP","1514","8004  >  50086 [ACK] Seq=299926 Ack=144 Win=65024 Len=1448 TSval=2916034518 TSecr=3045554292 [TCP segment of a reassembled PDU]"
"16210","30.437897686","192.168.1.55","192.168.1.2","TCP","1514","8004  >  50086 [PSH, ACK] Seq=301374 Ack=144 Win=65024 Len=1448 TSval=2916034518 TSecr=3045554292 [TCP segment of a reassembled PDU]"
"16211","30.438987929","192.168.1.55","192.168.1.2","TCP","1514","8004  >  50086 [ACK] Seq=302822 Ack=144 Win=65024 Len=1448 TSval=2916034519 TSecr=3045554292 [TCP segment of a reassembled PDU]"
"16212","30.438990243","192.168.1.55","192.168.1.2","TCP","1514","8004  >  50086 [ACK] Seq=304270 Ack=144 Win=65024 Len=1448 TSval=2916034519 TSecr=3045554292 [TCP segment of a reassembled PDU]"
"16213","30.438991243","192.168.1.55","192.168.1.2","TCP","1514","8004  >  50086 [ACK] Seq=305718 Ack=144 Win=65024 Len=1448 TSval=2916034519 TSecr=3045554292 [TCP segment of a reassembled PDU]"
"16214","30.438992225","192.168.1.55","192.168.1.2","TCP","1514","8004  >  50086 [ACK] Seq=307166 Ack=144 Win=65024 Len=1448 TSval=2916034519 TSecr=3045554292 [TCP segment of a reassembled PDU]"
"16215","30.438993466","192.168.1.55","192.168.1.2","TCP","1514","8004  >  50086 [ACK] Seq=308614 Ack=144 Win=65024 Len=1448 TSval=2916034519 TSecr=3045554292 [TCP segment of a reassembled PDU]"
"16216","30.438994558","192.168.1.55","192.168.1.2","TCP","1514","8004  >  50086 [ACK] Seq=310062 Ack=144 Win=65024 Len=1448 TSval=2916034519 TSecr=3045554292 [TCP segment of a reassembled PDU]"
"16217","30.438995540","192.168.1.55","192.168.1.2","TCP","1514","8004  >  50086 [ACK] Seq=311510 Ack=144 Win=65024 Len=1448 TSval=2916034519 TSecr=3045554292 [TCP segment of a reassembled PDU]"
"16218","30.438996577","192.168.1.55","192.168.1.2","TCP","1514","8004  >  50086 [ACK] Seq=312958 Ack=144 Win=65024 Len=1448 TSval=2916034519 TSecr=3045554292 [TCP segment of a reassembled PDU]"
"16219","30.438997595","192.168.1.55","192.168.1.2","TCP","1514","8004  >  50086 [ACK] Seq=314406 Ack=144 Win=65024 Len=1448 TSval=2916034519 TSecr=3045554292 [TCP segment of a reassembled PDU]"
"16220","30.438998558","192.168.1.55","192.168.1.2","TCP","1514","8004  >  50086 [ACK] Seq=315854 Ack=144 Win=65024 Len=1448 TSval=2916034519 TSecr=3045554292 [TCP segment of a reassembled PDU]"
"16221","30.438999669","192.168.1.55","192.168.1.2","TCP","1514","8004  >  50086 [ACK] Seq=317302 Ack=144 Win=65024 Len=1448 TSval=2916034519 TSecr=3045554292 [TCP segment of a reassembled PDU]"
"16222","30.439000651","192.168.1.55","192.168.1.2","TCP","1514","8004  >  50086 [ACK] Seq=318750 Ack=144 Win=65024 Len=1448 TSval=2916034519 TSecr=3045554292 [TCP segment of a reassembled PDU]"
"16223","30.439001577","192.168.1.55","192.168.1.2","TCP","1514","8004  >  50086 [ACK] Seq=320198 Ack=144 Win=65024 Len=1448 TSval=2916034519 TSecr=3045554292 [TCP segment of a reassembled PDU]"
"16224","30.439002632","192.168.1.55","192.168.1.2","TCP","674","[TCP Window Full] 8004  >  50086 [PSH, ACK] Seq=321646 Ack=144 Win=65024 Len=608 TSval=2916034519 TSecr=3045554292 [TCP segment of a reassembled PDU]"
"16225","30.449645464","192.168.1.2","192.168.1.55","TCP","66","50086  >  8004 [ACK] Seq=144 Ack=189878 Win=154624 Len=0 TSval=3045554295 TSecr=2916034517"
"16226","30.449698816","192.168.1.55","192.168.1.2","TCP","1514","8004  >  50086 [ACK] Seq=322254 Ack=144 Win=65024 Len=1448 TSval=2916034530 TSecr=3045554295 [TCP segment of a reassembled PDU]"
"16227","30.449704093","192.168.1.55","192.168.1.2","TCP","1514","8004  >  50086 [ACK] Seq=323702 Ack=144 Win=65024 Len=1448 TSval=2916034530 TSecr=3045554295 [TCP segment of a reassembled PDU]"
"16228","30.449705168","192.168.1.55","192.168.1.2","TCP","1514","8004  >  50086 [ACK] Seq=325150 Ack=144 Win=65024 Len=1448 TSval=2916034530 TSecr=3045554295 [TCP segment of a reassembled PDU]"
"16229","30.449706149","192.168.1.55","192.168.1.2","TCP","1514","8004  >  50086 [ACK] Seq=326598 Ack=144 Win=65024 Len=1448 TSval=2916034530 TSecr=3045554295 [TCP segment of a reassembled PDU]"
"16230","30.449707316","192.168.1.55","192.168.1.2","TCP","1514","8004  >  50086 [ACK] Seq=328046 Ack=144 Win=65024 Len=1448 TSval=2916034530 TSecr=3045554295 [TCP segment of a reassembled PDU]"
"16231","30.449708186","192.168.1.55","192.168.1.2","TCP","1514","8004  >  50086 [ACK] Seq=329494 Ack=144 Win=65024 Len=1448 TSval=2916034530 TSecr=3045554295 [TCP segment of a reassembled PDU]"
"16232","30.449709056","192.168.1.55","192.168.1.2","TCP","1514","8004  >  50086 [ACK] Seq=330942 Ack=144 Win=65024 Len=1448 TSval=2916034530 TSecr=3045554295 [TCP segment of a reassembled PDU]"
"16233","30.449710223","192.168.1.55","192.168.1.2","TCP","1514","8004  >  50086 [ACK] Seq=332390 Ack=144 Win=65024 Len=1448 TSval=2916034530 TSecr=3045554295 [TCP segment of a reassembled PDU]"
"16234","30.449711112","192.168.1.55","192.168.1.2","TCP","1514","8004  >  50086 [ACK] Seq=333838 Ack=144 Win=65024 Len=1448 TSval=2916034530 TSecr=3045554295 [TCP segment of a reassembled PDU]"
"16235","30.449712019","192.168.1.55","192.168.1.2","TCP","1514","8004  >  50086 [ACK] Seq=335286 Ack=144 Win=65024 Len=1448 TSval=2916034530 TSecr=3045554295 [TCP segment of a reassembled PDU]"
"16236","30.449712908","192.168.1.55","192.168.1.2","TCP","1514","8004  >  50086 [ACK] Seq=336734 Ack=144 Win=65024 Len=1448 TSval=2916034530 TSecr=3045554295 [TCP segment of a reassembled PDU]"
"16237","30.449713816","192.168.1.55","192.168.1.2","TCP","1514","8004  >  50086 [ACK] Seq=338182 Ack=144 Win=65024 Len=1448 TSval=2916034530 TSecr=3045554295 [TCP segment of a reassembled PDU]"
"16238","30.449714779","192.168.1.55","192.168.1.2","TCP","1514","8004  >  50086 [ACK] Seq=339630 Ack=144 Win=65024 Len=1448 TSval=2916034530 TSecr=3045554295 [TCP segment of a reassembled PDU]"
"16239","30.449715668","192.168.1.55","192.168.1.2","TCP","1514","8004  >  50086 [ACK] Seq=341078 Ack=144 Win=65024 Len=1448 TSval=2916034530 TSecr=3045554295 [TCP segment of a reassembled PDU]"
"16240","30.449716538","192.168.1.55","192.168.1.2","TCP","1514","8004  >  50086 [PSH, ACK] Seq=342526 Ack=144 Win=65024 Len=1448 TSval=2916034530 TSecr=3045554295 [TCP segment of a reassembled PDU]"
"16241","30.449773686","192.168.1.2","192.168.1.55","TCP","66","50086  >  8004 [ACK] Seq=144 Ack=192774 Win=160768 Len=0 TSval=3045554301 TSecr=2916034517"
"16242","30.449797816","192.168.1.55","192.168.1.2","TCP","1514","8004  >  50086 [ACK] Seq=343974 Ack=144 Win=65024 Len=1448 TSval=2916034530 TSecr=3045554301 [TCP segment of a reassembled PDU]"
"16243","30.449799871","192.168.1.55","192.168.1.2","TCP","1514","8004  >  50086 [ACK] Seq=345422 Ack=144 Win=65024 Len=1448 TSval=2916034530 TSecr=3045554301 [TCP segment of a reassembled PDU]"
"16244","30.449801038","192.168.1.55","192.168.1.2","TCP","1514","8004  >  50086 [PSH, ACK] Seq=346870 Ack=144 Win=65024 Len=1448 TSval=2916034530 TSecr=3045554301 [TCP segment of a reassembled PDU]"
"16245","30.449806668","192.168.1.55","192.168.1.2","TCP","906","8004  >  50086 [ACK] Seq=348318 Ack=144 Win=65024 Len=840 TSval=2916034530 TSecr=3045554301 [TCP segment of a reassembled PDU]"
"16246","30.449809871","192.168.1.2","192.168.1.55","TCP","66","50086  >  8004 [ACK] Seq=144 Ack=210150 Win=150528 Len=0 TSval=3045554301 TSecr=2916034518"
"16247","30.449821279","192.168.1.2","192.168.1.55","TCP","66","50086  >  8004 [ACK] Seq=144 Ack=217390 Win=150528 Len=0 TSval=3045554301 TSecr=2916034518"
"16248","30.455862603","192.168.1.2","192.168.1.55","TCP","66","50086  >  8004 [ACK] Seq=144 Ack=226078 Win=165888 Len=0 TSval=3045554303 TSecr=2916034518"
"16249","30.456004937","192.168.1.55","192.168.1.2","TCP","1514","8004  >  50086 [ACK] Seq=349158 Ack=144 Win=65024 Len=1448 TSval=2916034536 TSecr=3045554303 [TCP segment of a reassembled PDU]"
"16250","30.456011974","192.168.1.55","192.168.1.2","TCP","1514","8004  >  50086 [ACK] Seq=350606 Ack=144 Win=65024 Len=1448 TSval=2916034536 TSecr=3045554303 [TCP segment of a reassembled PDU]"
"16251","30.456013289","192.168.1.55","192.168.1.2","TCP","1514","8004  >  50086 [ACK] Seq=352054 Ack=144 Win=65024 Len=1448 TSval=2916034536 TSecr=3045554303 [TCP segment of a reassembled PDU]"
"16252","30.456014603","192.168.1.55","192.168.1.2","TCP","1514","8004  >  50086 [ACK] Seq=353502 Ack=144 Win=65024 Len=1448 TSval=2916034536 TSecr=3045554303 [TCP segment of a reassembled PDU]"
"16253","30.456016048","192.168.1.55","192.168.1.2","TCP","1514","8004  >  50086 [ACK] Seq=354950 Ack=144 Win=65024 Len=1448 TSval=2916034536 TSecr=3045554303 [TCP segment of a reassembled PDU]"
"16254","30.456017363","192.168.1.55","192.168.1.2","TCP","1514","8004  >  50086 [ACK] Seq=356398 Ack=144 Win=65024 Len=1448 TSval=2916034536 TSecr=3045554303 [TCP segment of a reassembled PDU]"
"16255","30.456018548","192.168.1.55","192.168.1.2","TCP","1514","8004  >  50086 [ACK] Seq=357846 Ack=144 Win=65024 Len=1448 TSval=2916034536 TSecr=3045554303 [TCP segment of a reassembled PDU]"
"16256","30.456019640","192.168.1.55","192.168.1.2","TCP","1514","8004  >  50086 [ACK] Seq=359294 Ack=144 Win=65024 Len=1448 TSval=2916034536 TSecr=3045554303 [TCP segment of a reassembled PDU]"
"16257","30.456021159","192.168.1.55","192.168.1.2","TCP","1514","8004  >  50086 [ACK] Seq=360742 Ack=144 Win=65024 Len=1448 TSval=2916034536 TSecr=3045554303 [TCP segment of a reassembled PDU]"
"16258","30.456022270","192.168.1.55","192.168.1.2","TCP","1514","8004  >  50086 [ACK] Seq=362190 Ack=144 Win=65024 Len=1448 TSval=2916034536 TSecr=3045554303 [TCP segment of a reassembled PDU]"
"16259","30.456023585","192.168.1.55","192.168.1.2","TCP","1514","8004  >  50086 [ACK] Seq=363638 Ack=144 Win=65024 Len=1448 TSval=2916034536 TSecr=3045554303 [TCP segment of a reassembled PDU]"
"16260","30.456025344","192.168.1.55","192.168.1.2","TCP","1514","8004  >  50086 [ACK] Seq=365086 Ack=144 Win=65024 Len=1448 TSval=2916034536 TSecr=3045554303 [TCP segment of a reassembled PDU]"
"16261","30.456026603","192.168.1.55","192.168.1.2","TCP","1514","8004  >  50086 [ACK] Seq=366534 Ack=144 Win=65024 Len=1448 TSval=2916034536 TSecr=3045554303 [TCP segment of a reassembled PDU]"
"16262","30.456028122","192.168.1.55","192.168.1.2","TCP","1514","8004  >  50086 [ACK] Seq=367982 Ack=144 Win=65024 Len=1448 TSval=2916034536 TSecr=3045554303 [TCP segment of a reassembled PDU]"
"16263","30.456029122","192.168.1.55","192.168.1.2","TCP","1514","8004  >  50086 [ACK] Seq=369430 Ack=144 Win=65024 Len=1448 TSval=2916034536 TSecr=3045554303 [TCP segment of a reassembled PDU]"
"16264","30.456030807","192.168.1.55","192.168.1.2","TCP","1514","8004  >  50086 [ACK] Seq=370878 Ack=144 Win=65024 Len=1448 TSval=2916034536 TSecr=3045554303 [TCP segment of a reassembled PDU]"
"16265","30.456032177","192.168.1.55","192.168.1.2","TCP","1514","8004  >  50086 [ACK] Seq=372326 Ack=144 Win=65024 Len=1448 TSval=2916034536 TSecr=3045554303 [TCP segment of a reassembled PDU]"
"16266","30.456033714","192.168.1.55","192.168.1.2","TCP","1514","8004  >  50086 [ACK] Seq=373774 Ack=144 Win=65024 Len=1448 TSval=2916034536 TSecr=3045554303 [TCP segment of a reassembled PDU]"
"16267","30.456034992","192.168.1.55","192.168.1.2","TCP","1514","8004  >  50086 [ACK] Seq=375222 Ack=144 Win=65024 Len=1448 TSval=2916034536 TSecr=3045554303 [TCP segment of a reassembled PDU]"
"16268","30.456036159","192.168.1.55","192.168.1.2","TCP","1514","8004  >  50086 [ACK] Seq=376670 Ack=144 Win=65024 Len=1448 TSval=2916034536 TSecr=3045554303 [TCP segment of a reassembled PDU]"
"16269","30.456037474","192.168.1.55","192.168.1.2","TCP","1514","8004  >  50086 [ACK] Seq=378118 Ack=144 Win=65024 Len=1448 TSval=2916034536 TSecr=3045554303 [TCP segment of a reassembled PDU]"
"16270","30.456038677","192.168.1.55","192.168.1.2","TCP","1514","8004  >  50086 [ACK] Seq=379566 Ack=144 Win=65024 Len=1448 TSval=2916034536 TSecr=3045554303 [TCP segment of a reassembled PDU]"
"16271","30.456041881","192.168.1.55","192.168.1.2","TCP","1514","8004  >  50086 [ACK] Seq=381014 Ack=144 Win=65024 Len=1448 TSval=2916034536 TSecr=3045554303 [TCP segment of a reassembled PDU]"
"16272","30.456043177","192.168.1.55","192.168.1.2","TCP","1514","8004  >  50086 [ACK] Seq=382462 Ack=144 Win=65024 Len=1448 TSval=2916034536 TSecr=3045554303 [TCP segment of a reassembled PDU]"
"16273","30.456044622","192.168.1.55","192.168.1.2","TCP","1514","8004  >  50086 [ACK] Seq=383910 Ack=144 Win=65024 Len=1448 TSval=2916034536 TSecr=3045554303 [TCP segment of a reassembled PDU]"
"16274","30.456045844","192.168.1.55","192.168.1.2","TCP","1514","8004  >  50086 [ACK] Seq=385358 Ack=144 Win=65024 Len=1448 TSval=2916034536 TSecr=3045554303 [TCP segment of a reassembled PDU]"
"16275","30.456047066","192.168.1.55","192.168.1.2","TCP","1514","8004  >  50086 [ACK] Seq=386806 Ack=144 Win=65024 Len=1448 TSval=2916034536 TSecr=3045554303 [TCP segment of a reassembled PDU]"
"16276","30.456048381","192.168.1.55","192.168.1.2","TCP","1514","8004  >  50086 [ACK] Seq=388254 Ack=144 Win=65024 Len=1448 TSval=2916034536 TSecr=3045554303 [TCP segment of a reassembled PDU]"
"16277","30.456049770","192.168.1.55","192.168.1.2","TCP","1514","8004  >  50086 [PSH, ACK] Seq=389702 Ack=144 Win=65024 Len=1448 TSval=2916034536 TSecr=3045554303 [TCP segment of a reassembled PDU]"
"16278","30.456118029","192.168.1.2","192.168.1.55","TCP","66","50086  >  8004 [ACK] Seq=144 Ack=231870 Win=168960 Len=0 TSval=3045554305 TSecr=2916034518"
"16279","30.456138418","192.168.1.55","192.168.1.2","TCP","1514","8004  >  50086 [ACK] Seq=391150 Ack=144 Win=65024 Len=1448 TSval=2916034536 TSecr=3045554305 [TCP segment of a reassembled PDU]"
"16280","30.456140492","192.168.1.55","192.168.1.2","TCP","1514","8004  >  50086 [ACK] Seq=392598 Ack=144 Win=65024 Len=1448 TSval=2916034536 TSecr=3045554305 [TCP segment of a reassembled PDU]"
"16281","30.456141641","192.168.1.55","192.168.1.2","TCP","1514","8004  >  50086 [PSH, ACK] Seq=394046 Ack=144 Win=65024 Len=1448 TSval=2916034536 TSecr=3045554305 [TCP segment of a reassembled PDU]"
"16282","30.456145437","192.168.1.2","192.168.1.55","TCP","66","50086  >  8004 [ACK] Seq=144 Ack=321646 Win=79872 Len=0 TSval=3045554306 TSecr=2916034518"
"16283","30.456156715","192.168.1.2","192.168.1.55","TCP","66","[TCP Window Update] 50086  >  8004 [ACK] Seq=144 Ack=321646 Win=168960 Len=0 TSval=3045554306 TSecr=2916034518"
"16284","30.456215881","192.168.1.55","192.168.1.2","TCP","1514","8004  >  50086 [ACK] Seq=395494 Ack=144 Win=65024 Len=1448 TSval=2916034536 TSecr=3045554306 [TCP segment of a reassembled PDU]"
"16285","30.456217659","192.168.1.55","192.168.1.2","TCP","1514","8004  >  50086 [ACK] Seq=396942 Ack=144 Win=65024 Len=1448 TSval=2916034536 TSecr=3045554306 [TCP segment of a reassembled PDU]"
"16286","30.456218993","192.168.1.55","192.168.1.2","TCP","1514","8004  >  50086 [ACK] Seq=398390 Ack=144 Win=65024 Len=1448 TSval=2916034536 TSecr=3045554306 [TCP segment of a reassembled PDU]"
"16287","30.456221215","192.168.1.55","192.168.1.2","TCP","1514","8004  >  50086 [ACK] Seq=399838 Ack=144 Win=65024 Len=1448 TSval=2916034536 TSecr=3045554306 [TCP segment of a reassembled PDU]"
"16288","30.456223233","192.168.1.55","192.168.1.2","TCP","1514","8004  >  50086 [ACK] Seq=401286 Ack=144 Win=65024 Len=1448 TSval=2916034536 TSecr=3045554306 [TCP segment of a reassembled PDU]"
"16289","30.456224159","192.168.1.55","192.168.1.2","TCP","1514","8004  >  50086 [ACK] Seq=402734 Ack=144 Win=65024 Len=1448 TSval=2916034536 TSecr=3045554306 [TCP segment of a reassembled PDU]"
"16290","30.456225085","192.168.1.55","192.168.1.2","TCP","1514","8004  >  50086 [ACK] Seq=404182 Ack=144 Win=65024 Len=1448 TSval=2916034536 TSecr=3045554306 [TCP segment of a reassembled PDU]"
"16291","30.456226233","192.168.1.55","192.168.1.2","TCP","1514","8004  >  50086 [ACK] Seq=405630 Ack=144 Win=65024 Len=1448 TSval=2916034536 TSecr=3045554306 [TCP segment of a reassembled PDU]"
"16292","30.456227178","192.168.1.55","192.168.1.2","TCP","1514","8004  >  50086 [ACK] Seq=407078 Ack=144 Win=65024 Len=1448 TSval=2916034536 TSecr=3045554306 [TCP segment of a reassembled PDU]"
"16293","30.456228530","192.168.1.55","192.168.1.2","TCP","1514","8004  >  50086 [ACK] Seq=408526 Ack=144 Win=65024 Len=1448 TSval=2916034536 TSecr=3045554306 [TCP segment of a reassembled PDU]"
"16294","30.456229585","192.168.1.55","192.168.1.2","TCP","1514","8004  >  50086 [ACK] Seq=409974 Ack=144 Win=65024 Len=1448 TSval=2916034536 TSecr=3045554306 [TCP segment of a reassembled PDU]"
"16295","30.456230919","192.168.1.55","192.168.1.2","TCP","1514","8004  >  50086 [ACK] Seq=411422 Ack=144 Win=65024 Len=1448 TSval=2916034536 TSecr=3045554306 [TCP segment of a reassembled PDU]"
"16296","30.456232363","192.168.1.55","192.168.1.2","TCP","1514","8004  >  50086 [ACK] Seq=412870 Ack=144 Win=65024 Len=1448 TSval=2916034536 TSecr=3045554306 [TCP segment of a reassembled PDU]"
"16297","30.456233400","192.168.1.55","192.168.1.2","TCP","1514","8004  >  50086 [ACK] Seq=414318 Ack=144 Win=65024 Len=1448 TSval=2916034536 TSecr=3045554306 [TCP segment of a reassembled PDU]"
"16298","30.456234307","192.168.1.55","192.168.1.2","TCP","1514","8004  >  50086 [ACK] Seq=415766 Ack=144 Win=65024 Len=1448 TSval=2916034536 TSecr=3045554306 [TCP segment of a reassembled PDU]"
"16299","30.456235641","192.168.1.55","192.168.1.2","TCP","1514","8004  >  50086 [ACK] Seq=417214 Ack=144 Win=65024 Len=1448 TSval=2916034536 TSecr=3045554306 [TCP segment of a reassembled PDU]"
"16300","30.456236622","192.168.1.55","192.168.1.2","TCP","1514","8004  >  50086 [ACK] Seq=418662 Ack=144 Win=65024 Len=1448 TSval=2916034536 TSecr=3045554306 [TCP segment of a reassembled PDU]"
"16301","30.456238344","192.168.1.55","192.168.1.2","TCP","1514","8004  >  50086 [ACK] Seq=420110 Ack=144 Win=65024 Len=1448 TSval=2916034536 TSecr=3045554306 [TCP segment of a reassembled PDU]"
"16302","30.456240474","192.168.1.55","192.168.1.2","TCP","1514","8004  >  50086 [ACK] Seq=421558 Ack=144 Win=65024 Len=1448 TSval=2916034536 TSecr=3045554306 [TCP segment of a reassembled PDU]"
"16303","30.456241826","192.168.1.55","192.168.1.2","TCP","1514","8004  >  50086 [ACK] Seq=423006 Ack=144 Win=65024 Len=1448 TSval=2916034536 TSecr=3045554306 [TCP segment of a reassembled PDU]"
"16304","30.456242789","192.168.1.55","192.168.1.2","TCP","1514","8004  >  50086 [ACK] Seq=424454 Ack=144 Win=65024 Len=1448 TSval=2916034536 TSecr=3045554306 [TCP segment of a reassembled PDU]"
"16305","30.456243974","192.168.1.55","192.168.1.2","TCP","1514","8004  >  50086 [ACK] Seq=425902 Ack=144 Win=65024 Len=1448 TSval=2916034536 TSecr=3045554306 [TCP segment of a reassembled PDU]"
"16306","30.456244993","192.168.1.55","192.168.1.2","TCP","1514","8004  >  50086 [ACK] Seq=427350 Ack=144 Win=65024 Len=1448 TSval=2916034536 TSecr=3045554306 [TCP segment of a reassembled PDU]"
"16307","30.456246011","192.168.1.55","192.168.1.2","TCP","1514","8004  >  50086 [ACK] Seq=428798 Ack=144 Win=65024 Len=1448 TSval=2916034536 TSecr=3045554306 [TCP segment of a reassembled PDU]"
"16308","30.456247363","192.168.1.55","192.168.1.2","TCP","1514","8004  >  50086 [ACK] Seq=430246 Ack=144 Win=65024 Len=1448 TSval=2916034536 TSecr=3045554306 [TCP segment of a reassembled PDU]"
"16309","30.456249456","192.168.1.55","192.168.1.2","TCP","1514","8004  >  50086 [ACK] Seq=431694 Ack=144 Win=65024 Len=1448 TSval=2916034536 TSecr=3045554306 [TCP segment of a reassembled PDU]"
"16310","30.456251122","192.168.1.55","192.168.1.2","TCP","1514","8004  >  50086 [ACK] Seq=433142 Ack=144 Win=65024 Len=1448 TSval=2916034536 TSecr=3045554306 [TCP segment of a reassembled PDU]"
"16311","30.456252567","192.168.1.55","192.168.1.2","TCP","1514","8004  >  50086 [ACK] Seq=434590 Ack=144 Win=65024 Len=1448 TSval=2916034536 TSecr=3045554306 [TCP segment of a reassembled PDU]"
"16312","30.456253511","192.168.1.55","192.168.1.2","TCP","1514","8004  >  50086 [ACK] Seq=436038 Ack=144 Win=65024 Len=1448 TSval=2916034536 TSecr=3045554306 [TCP segment of a reassembled PDU]"
"16313","30.456254733","192.168.1.55","192.168.1.2","TCP","1514","8004  >  50086 [ACK] Seq=437486 Ack=144 Win=65024 Len=1448 TSval=2916034536 TSecr=3045554306 [TCP segment of a reassembled PDU]"
"16314","30.456255770","192.168.1.55","192.168.1.2","TCP","1514","8004  >  50086 [ACK] Seq=438934 Ack=144 Win=65024 Len=1448 TSval=2916034536 TSecr=3045554306 [TCP segment of a reassembled PDU]"
"16315","30.456257104","192.168.1.55","192.168.1.2","TCP","1514","8004  >  50086 [PSH, ACK] Seq=440382 Ack=144 Win=65024 Len=1448 TSval=2916034536 TSecr=3045554306 [TCP segment of a reassembled PDU]"
"16316","30.456313641","192.168.1.2","192.168.1.55","TCP","66","50086  >  8004 [ACK] Seq=144 Ack=322254 Win=171008 Len=0 TSval=3045554308 TSecr=2916034519"
"16317","30.456322808","192.168.1.2","192.168.1.55","TCP","66","50086  >  8004 [ACK] Seq=144 Ack=328046 Win=171008 Len=0 TSval=3045554308 TSecr=2916034530"
"16318","30.456329456","192.168.1.2","192.168.1.55","TCP","66","50086  >  8004 [ACK] Seq=144 Ack=343974 Win=155648 Len=0 TSval=3045554309 TSecr=2916034530"
"16319","30.456335363","192.168.1.2","192.168.1.55","TCP","66","50086  >  8004 [ACK] Seq=144 Ack=349158 Win=151552 Len=0 TSval=3045554309 TSecr=2916034530"
"16320","30.457568458","192.168.1.55","192.168.1.2","TCP","1514","8004  >  50086 [ACK] Seq=441830 Ack=144 Win=65024 Len=1448 TSval=2916034538 TSecr=3045554309 [TCP segment of a reassembled PDU]"
"16321","30.457570328","192.168.1.55","192.168.1.2","TCP","1514","8004  >  50086 [ACK] Seq=443278 Ack=144 Win=65024 Len=1448 TSval=2916034538 TSecr=3045554309 [TCP segment of a reassembled PDU]"
"16322","30.457571439","192.168.1.55","192.168.1.2","TCP","1514","8004  >  50086 [ACK] Seq=444726 Ack=144 Win=65024 Len=1448 TSval=2916034538 TSecr=3045554309 [TCP segment of a reassembled PDU]"
"16323","30.457572439","192.168.1.55","192.168.1.2","TCP","1514","8004  >  50086 [ACK] Seq=446174 Ack=144 Win=65024 Len=1448 TSval=2916034538 TSecr=3045554309 [TCP segment of a reassembled PDU]"
"16324","30.457573754","192.168.1.55","192.168.1.2","TCP","1514","8004  >  50086 [ACK] Seq=447622 Ack=144 Win=65024 Len=1448 TSval=2916034538 TSecr=3045554309 [TCP segment of a reassembled PDU]"
"16325","30.457575772","192.168.1.55","192.168.1.2","TCP","1514","8004  >  50086 [ACK] Seq=449070 Ack=144 Win=65024 Len=1448 TSval=2916034538 TSecr=3045554309 [TCP segment of a reassembled PDU]"
"16326","30.457577513","192.168.1.55","192.168.1.2","TCP","1514","8004  >  50086 [ACK] Seq=450518 Ack=144 Win=65024 Len=1448 TSval=2916034538 TSecr=3045554309 [TCP segment of a reassembled PDU]"
"16327","30.457578458","192.168.1.55","192.168.1.2","TCP","1514","8004  >  50086 [ACK] Seq=451966 Ack=144 Win=65024 Len=1448 TSval=2916034538 TSecr=3045554309 [TCP segment of a reassembled PDU]"
"16328","30.457579458","192.168.1.55","192.168.1.2","TCP","1514","8004  >  50086 [ACK] Seq=453414 Ack=144 Win=65024 Len=1448 TSval=2916034538 TSecr=3045554309 [TCP segment of a reassembled PDU]"
"16329","30.457580439","192.168.1.55","192.168.1.2","TCP","1514","8004  >  50086 [ACK] Seq=454862 Ack=144 Win=65024 Len=1448 TSval=2916034538 TSecr=3045554309 [TCP segment of a reassembled PDU]"
"16330","30.457581532","192.168.1.55","192.168.1.2","TCP","1514","8004  >  50086 [ACK] Seq=456310 Ack=144 Win=65024 Len=1448 TSval=2916034538 TSecr=3045554309 [TCP segment of a reassembled PDU]"
"16331","30.457582791","192.168.1.55","192.168.1.2","TCP","1514","8004  >  50086 [ACK] Seq=457758 Ack=144 Win=65024 Len=1448 TSval=2916034538 TSecr=3045554309 [TCP segment of a reassembled PDU]"
"16332","30.457585458","192.168.1.55","192.168.1.2","TCP","1514","8004  >  50086 [ACK] Seq=459206 Ack=144 Win=65024 Len=1448 TSval=2916034538 TSecr=3045554309 [TCP segment of a reassembled PDU]"
"16333","30.457587161","192.168.1.55","192.168.1.2","TCP","1514","8004  >  50086 [ACK] Seq=460654 Ack=144 Win=65024 Len=1448 TSval=2916034538 TSecr=3045554309 [TCP segment of a reassembled PDU]"
"16334","30.457588402","192.168.1.55","192.168.1.2","TCP","1514","8004  >  50086 [ACK] Seq=462102 Ack=144 Win=65024 Len=1448 TSval=2916034538 TSecr=3045554309 [TCP segment of a reassembled PDU]"
"16335","30.457589513","192.168.1.55","192.168.1.2","TCP","1514","8004  >  50086 [ACK] Seq=463550 Ack=144 Win=65024 Len=1448 TSval=2916034538 TSecr=3045554309 [TCP segment of a reassembled PDU]"
"16336","30.457590902","192.168.1.55","192.168.1.2","TCP","1514","8004  >  50086 [ACK] Seq=464998 Ack=144 Win=65024 Len=1448 TSval=2916034538 TSecr=3045554309 [TCP segment of a reassembled PDU]"
"16337","30.457592106","192.168.1.55","192.168.1.2","TCP","1514","8004  >  50086 [ACK] Seq=466446 Ack=144 Win=65024 Len=1448 TSval=2916034538 TSecr=3045554309 [TCP segment of a reassembled PDU]"
"16338","30.457594791","192.168.1.55","192.168.1.2","TCP","1514","8004  >  50086 [ACK] Seq=467894 Ack=144 Win=65024 Len=1448 TSval=2916034538 TSecr=3045554309 [TCP segment of a reassembled PDU]"
"16339","30.457596161","192.168.1.55","192.168.1.2","TCP","1514","8004  >  50086 [ACK] Seq=469342 Ack=144 Win=65024 Len=1448 TSval=2916034538 TSecr=3045554309 [TCP segment of a reassembled PDU]"
"16340","30.457597421","192.168.1.55","192.168.1.2","TCP","1514","8004  >  50086 [ACK] Seq=470790 Ack=144 Win=65024 Len=1448 TSval=2916034538 TSecr=3045554309 [TCP segment of a reassembled PDU]"
"16341","30.457598476","192.168.1.55","192.168.1.2","TCP","1514","8004  >  50086 [ACK] Seq=472238 Ack=144 Win=65024 Len=1448 TSval=2916034538 TSecr=3045554309 [TCP segment of a reassembled PDU]"
"16342","30.457599606","192.168.1.55","192.168.1.2","TCP","1514","8004  >  50086 [ACK] Seq=473686 Ack=144 Win=65024 Len=1448 TSval=2916034538 TSecr=3045554309 [TCP segment of a reassembled PDU]"
"16343","30.457601106","192.168.1.55","192.168.1.2","TCP","1514","8004  >  50086 [ACK] Seq=475134 Ack=144 Win=65024 Len=1448 TSval=2916034538 TSecr=3045554309 [TCP segment of a reassembled PDU]"
"16344","30.457602550","192.168.1.55","192.168.1.2","TCP","1514","8004  >  50086 [ACK] Seq=476582 Ack=144 Win=65024 Len=1448 TSval=2916034538 TSecr=3045554309 [TCP segment of a reassembled PDU]"
"16345","30.457604402","192.168.1.55","192.168.1.2","TCP","1514","8004  >  50086 [ACK] Seq=478030 Ack=144 Win=65024 Len=1448 TSval=2916034538 TSecr=3045554309 [TCP segment of a reassembled PDU]"
"16346","30.457606050","192.168.1.55","192.168.1.2","TCP","1514","8004  >  50086 [ACK] Seq=479478 Ack=144 Win=65024 Len=1448 TSval=2916034538 TSecr=3045554309 [TCP segment of a reassembled PDU]"
"16347","30.457607198","192.168.1.55","192.168.1.2","TCP","1514","8004  >  50086 [ACK] Seq=480926 Ack=144 Win=65024 Len=1448 TSval=2916034538 TSecr=3045554309 [TCP segment of a reassembled PDU]"
"16348","30.457608273","192.168.1.55","192.168.1.2","TCP","1514","8004  >  50086 [ACK] Seq=482374 Ack=144 Win=65024 Len=1448 TSval=2916034538 TSecr=3045554309 [TCP segment of a reassembled PDU]"
"16349","30.457609291","192.168.1.55","192.168.1.2","TCP","1514","8004  >  50086 [ACK] Seq=483822 Ack=144 Win=65024 Len=1448 TSval=2916034538 TSecr=3045554309 [TCP segment of a reassembled PDU]"
"16350","30.457610495","192.168.1.55","192.168.1.2","TCP","1514","8004  >  50086 [ACK] Seq=485270 Ack=144 Win=65024 Len=1448 TSval=2916034538 TSecr=3045554309 [TCP segment of a reassembled PDU]"
"16351","30.457611754","192.168.1.55","192.168.1.2","TCP","1514","8004  >  50086 [PSH, ACK] Seq=486718 Ack=144 Win=65024 Len=1448 TSval=2916034538 TSecr=3045554309 [TCP segment of a reassembled PDU]"
"16352","30.458074570","192.168.1.55","192.168.1.2","TCP","1514","8004  >  50086 [ACK] Seq=488166 Ack=144 Win=65024 Len=1448 TSval=2916034538 TSecr=3045554309 [TCP segment of a reassembled PDU]"
"16353","30.458076921","192.168.1.55","192.168.1.2","TCP","1514","8004  >  50086 [ACK] Seq=489614 Ack=144 Win=65024 Len=1448 TSval=2916034538 TSecr=3045554309 [TCP segment of a reassembled PDU]"
"16354","30.458078125","192.168.1.55","192.168.1.2","TCP","1514","8004  >  50086 [ACK] Seq=491062 Ack=144 Win=65024 Len=1448 TSval=2916034538 TSecr=3045554309 [TCP segment of a reassembled PDU]"
"16355","30.458079403","192.168.1.55","192.168.1.2","TCP","1514","8004  >  50086 [ACK] Seq=492510 Ack=144 Win=65024 Len=1448 TSval=2916034538 TSecr=3045554309 [TCP segment of a reassembled PDU]"
"16356","30.458082236","192.168.1.55","192.168.1.2","TCP","1514","8004  >  50086 [ACK] Seq=493958 Ack=144 Win=65024 Len=1448 TSval=2916034538 TSecr=3045554309 [TCP segment of a reassembled PDU]"
"16357","30.458083792","192.168.1.55","192.168.1.2","TCP","1514","8004  >  50086 [ACK] Seq=495406 Ack=144 Win=65024 Len=1448 TSval=2916034538 TSecr=3045554309 [TCP segment of a reassembled PDU]"
"16358","30.458084866","192.168.1.55","192.168.1.2","TCP","1514","8004  >  50086 [ACK] Seq=496854 Ack=144 Win=65024 Len=1448 TSval=2916034538 TSecr=3045554309 [TCP segment of a reassembled PDU]"
"16359","30.458085773","192.168.1.55","192.168.1.2","HTTP","222","HTTP/1.0 200 OK  (PNG)"
"16360","30.464620395","192.168.1.2","192.168.1.55","TCP","66","50086  >  8004 [ACK] Seq=144 Ack=373774 Win=171008 Len=0 TSval=3045554316 TSecr=2916034536"
"16361","30.464745858","192.168.1.2","192.168.1.55","TCP","66","50086  >  8004 [ACK] Seq=144 Ack=391150 Win=154624 Len=0 TSval=3045554317 TSecr=2916034536"
"16362","30.464752191","192.168.1.2","192.168.1.55","TCP","66","50086  >  8004 [ACK] Seq=144 Ack=418662 Win=131072 Len=0 TSval=3045554317 TSecr=2916034536"
"16363","30.465180266","192.168.1.2","192.168.1.55","TCP","66","50086  >  8004 [ACK] Seq=144 Ack=441830 Win=177152 Len=0 TSval=3045554320 TSecr=2916034536"
"16364","30.465305044","192.168.1.2","192.168.1.55","TCP","66","50086  >  8004 [ACK] Seq=144 Ack=466446 Win=153600 Len=0 TSval=3045554320 TSecr=2916034538"
"16365","30.465309766","192.168.1.2","192.168.1.55","TCP","66","50086  >  8004 [ACK] Seq=144 Ack=498459 Win=146432 Len=0 TSval=3045554320 TSecr=2916034538"
"16366","30.466162453","192.168.1.2","192.168.1.55","TCP","66","50086  >  8004 [FIN, ACK] Seq=144 Ack=498459 Win=177152 Len=0 TSval=3045554320 TSecr=2916034538"
"16367","30.466187601","192.168.1.55","192.168.1.2","TCP","66","8004  >  50086 [ACK] Seq=498459 Ack=145 Win=65024 Len=0 TSval=2916034546 TSecr=3045554320"
"16368","30.466264897","192.168.1.2","192.168.1.55","TCP","74","50096  >  8004 [SYN] Seq=0 Win=64240 Len=0 MSS=1460 SACK_PERM TSval=3045554321 TSecr=0 WS=1024"
"16369","30.466287082","192.168.1.55","192.168.1.2","TCP","74","8004  >  50096 [SYN, ACK] Seq=0 Ack=1 Win=65160 Len=0 MSS=1460 SACK_PERM TSval=2916034546 TSecr=3045554321 WS=128"
"16370","30.469406550","192.168.1.2","192.168.1.55","TCP","66","50096  >  8004 [ACK] Seq=1 Ack=1 Win=64512 Len=0 TSval=3045554324 TSecr=2916034546"
"16371","30.469725829","192.168.1.2","192.168.1.55","HTTP","206","GET /stego_benchmark.png HTTP/1.1 "
"16372","30.469737217","192.168.1.55","192.168.1.2","TCP","66","8004  >  50096 [ACK] Seq=1 Ack=141 Win=65024 Len=0 TSval=2916034550 TSecr=3045554324"
"16373","30.470168255","192.168.1.55","192.168.1.2","TCP","255","8004  >  50096 [PSH, ACK] Seq=1 Ack=141 Win=65024 Len=189 TSval=2916034550 TSecr=3045554324 [TCP segment of a reassembled PDU]"
"16374","30.470234718","192.168.1.55","192.168.1.2","TCP","1514","8004  >  50096 [ACK] Seq=190 Ack=141 Win=65024 Len=1448 TSval=2916034550 TSecr=3045554324 [TCP segment of a reassembled PDU]"
"16375","30.470238422","192.168.1.55","192.168.1.2","TCP","1514","8004  >  50096 [ACK] Seq=1638 Ack=141 Win=65024 Len=1448 TSval=2916034550 TSecr=3045554324 [TCP segment of a reassembled PDU]"
"16376","30.470239440","192.168.1.55","192.168.1.2","TCP","1514","8004  >  50096 [ACK] Seq=3086 Ack=141 Win=65024 Len=1448 TSval=2916034550 TSecr=3045554324 [TCP segment of a reassembled PDU]"
"16377","30.470240440","192.168.1.55","192.168.1.2","TCP","1514","8004  >  50096 [ACK] Seq=4534 Ack=141 Win=65024 Len=1448 TSval=2916034550 TSecr=3045554324 [TCP segment of a reassembled PDU]"
"16378","30.470241681","192.168.1.55","192.168.1.2","TCP","1514","8004  >  50096 [PSH, ACK] Seq=5982 Ack=141 Win=65024 Len=1448 TSval=2916034550 TSecr=3045554324 [TCP segment of a reassembled PDU]"
"16379","30.470253903","192.168.1.55","192.168.1.2","TCP","1514","8004  >  50096 [ACK] Seq=7430 Ack=141 Win=65024 Len=1448 TSval=2916034550 TSecr=3045554324 [TCP segment of a reassembled PDU]"
"16380","30.470255237","192.168.1.55","192.168.1.2","TCP","1514","8004  >  50096 [ACK] Seq=8878 Ack=141 Win=65024 Len=1448 TSval=2916034550 TSecr=3045554324 [TCP segment of a reassembled PDU]"
"16381","30.470256237","192.168.1.55","192.168.1.2","TCP","1514","8004  >  50096 [ACK] Seq=10326 Ack=141 Win=65024 Len=1448 TSval=2916034550 TSecr=3045554324 [TCP segment of a reassembled PDU]"
"16382","30.470257218","192.168.1.55","192.168.1.2","TCP","1514","8004  >  50096 [PSH, ACK] Seq=11774 Ack=141 Win=65024 Len=1448 TSval=2916034550 TSecr=3045554324 [TCP segment of a reassembled PDU]"
"16383","30.473573464","192.168.1.2","192.168.1.55","TCP","66","50096  >  8004 [ACK] Seq=141 Ack=190 Win=64512 Len=0 TSval=3045554328 TSecr=2916034550"
"16384","30.473601983","192.168.1.55","192.168.1.2","TCP","1514","8004  >  50096 [ACK] Seq=13222 Ack=141 Win=65024 Len=1448 TSval=2916034554 TSecr=3045554328 [TCP segment of a reassembled PDU]"
"16385","30.473605020","192.168.1.55","192.168.1.2","TCP","1514","8004  >  50096 [PSH, ACK] Seq=14670 Ack=141 Win=65024 Len=1448 TSval=2916034554 TSecr=3045554328 [TCP segment of a reassembled PDU]"
"16386","30.476173653","192.168.1.2","192.168.1.55","TCP","66","50096  >  8004 [ACK] Seq=141 Ack=3086 Win=70656 Len=0 TSval=3045554328 TSecr=2916034550"
"16387","30.476208098","192.168.1.55","192.168.1.2","TCP","1514","8004  >  50096 [ACK] Seq=16118 Ack=141 Win=65024 Len=1448 TSval=2916034556 TSecr=3045554328 [TCP segment of a reassembled PDU]"
"16388","30.476211505","192.168.1.55","192.168.1.2","TCP","1514","8004  >  50096 [ACK] Seq=17566 Ack=141 Win=65024 Len=1448 TSval=2916034556 TSecr=3045554328 [TCP segment of a reassembled PDU]"
"16389","30.476212820","192.168.1.55","192.168.1.2","TCP","1514","8004  >  50096 [ACK] Seq=19014 Ack=141 Win=65024 Len=1448 TSval=2916034556 TSecr=3045554328 [TCP segment of a reassembled PDU]"
"16390","30.476214116","192.168.1.55","192.168.1.2","TCP","1514","8004  >  50096 [PSH, ACK] Seq=20462 Ack=141 Win=65024 Len=1448 TSval=2916034556 TSecr=3045554328 [TCP segment of a reassembled PDU]"
"16391","30.476219228","192.168.1.2","192.168.1.55","TCP","66","50096  >  8004 [ACK] Seq=141 Ack=5982 Win=76800 Len=0 TSval=3045554328 TSecr=2916034550"
"16392","30.476226783","192.168.1.2","192.168.1.55","TCP","66","50096  >  8004 [ACK] Seq=141 Ack=7430 Win=79872 Len=0 TSval=3045554329 TSecr=2916034550"
"16393","30.476240913","192.168.1.55","192.168.1.2","TCP","1514","8004  >  50096 [ACK] Seq=21910 Ack=141 Win=65024 Len=1448 TSval=2916034556 TSecr=3045554329 [TCP segment of a reassembled PDU]"
"16394","30.476242654","192.168.1.55","192.168.1.2","TCP","1514","8004  >  50096 [ACK] Seq=23358 Ack=141 Win=65024 Len=1448 TSval=2916034556 TSecr=3045554329 [TCP segment of a reassembled PDU]"
"16395","30.476243820","192.168.1.55","192.168.1.2","TCP","1514","8004  >  50096 [ACK] Seq=24806 Ack=141 Win=65024 Len=1448 TSval=2916034556 TSecr=3045554329 [TCP segment of a reassembled PDU]"
"16396","30.476245154","192.168.1.55","192.168.1.2","TCP","1514","8004  >  50096 [ACK] Seq=26254 Ack=141 Win=65024 Len=1448 TSval=2916034556 TSecr=3045554329 [TCP segment of a reassembled PDU]"
"16397","30.476246246","192.168.1.55","192.168.1.2","TCP","1514","8004  >  50096 [ACK] Seq=27702 Ack=141 Win=65024 Len=1448 TSval=2916034556 TSecr=3045554329 [TCP segment of a reassembled PDU]"
"16398","30.476247431","192.168.1.55","192.168.1.2","TCP","1514","8004  >  50096 [PSH, ACK] Seq=29150 Ack=141 Win=65024 Len=1448 TSval=2916034556 TSecr=3045554329 [TCP segment of a reassembled PDU]"
"16399","30.476251098","192.168.1.2","192.168.1.55","TCP","66","50096  >  8004 [ACK] Seq=141 Ack=13222 Win=79872 Len=0 TSval=3045554329 TSecr=2916034550"
"16400","30.476270283","192.168.1.55","192.168.1.2","TCP","1514","8004  >  50096 [ACK] Seq=30598 Ack=141 Win=65024 Len=1448 TSval=2916034556 TSecr=3045554329 [TCP segment of a reassembled PDU]"
"16401","30.476272228","192.168.1.55","192.168.1.2","TCP","1514","8004  >  50096 [ACK] Seq=32046 Ack=141 Win=65024 Len=1448 TSval=2916034556 TSecr=3045554329 [TCP segment of a reassembled PDU]"
"16402","30.476279709","192.168.1.55","192.168.1.2","TCP","1514","8004  >  50096 [ACK] Seq=33494 Ack=141 Win=65024 Len=1448 TSval=2916034556 TSecr=3045554329 [TCP segment of a reassembled PDU]"
"16403","30.476281117","192.168.1.55","192.168.1.2","TCP","1514","8004  >  50096 [ACK] Seq=34942 Ack=141 Win=65024 Len=1448 TSval=2916034556 TSecr=3045554329 [TCP segment of a reassembled PDU]"
"16404","30.476282765","192.168.1.55","192.168.1.2","TCP","1514","8004  >  50096 [ACK] Seq=36390 Ack=141 Win=65024 Len=1448 TSval=2916034556 TSecr=3045554329 [TCP segment of a reassembled PDU]"
"16405","30.476284154","192.168.1.55","192.168.1.2","TCP","1514","8004  >  50096 [ACK] Seq=37838 Ack=141 Win=65024 Len=1448 TSval=2916034556 TSecr=3045554329 [TCP segment of a reassembled PDU]"
"16406","30.476285376","192.168.1.55","192.168.1.2","TCP","1514","8004  >  50096 [ACK] Seq=39286 Ack=141 Win=65024 Len=1448 TSval=2916034556 TSecr=3045554329 [TCP segment of a reassembled PDU]"
"16407","30.476286543","192.168.1.55","192.168.1.2","TCP","1514","8004  >  50096 [PSH, ACK] Seq=40734 Ack=141 Win=65024 Len=1448 TSval=2916034556 TSecr=3045554329 [TCP segment of a reassembled PDU]"
"16408","30.477703397","192.168.1.2","192.168.1.55","TCP","66","50096  >  8004 [ACK] Seq=141 Ack=16118 Win=84992 Len=0 TSval=3045554331 TSecr=2916034554"
"16409","30.477717563","192.168.1.55","192.168.1.2","TCP","1514","8004  >  50096 [ACK] Seq=42182 Ack=141 Win=65024 Len=1448 TSval=2916034558 TSecr=3045554331 [TCP segment of a reassembled PDU]"
"16410","30.477720545","192.168.1.55","192.168.1.2","TCP","1514","8004  >  50096 [PSH, ACK] Seq=43630 Ack=141 Win=65024 Len=1448 TSval=2916034558 TSecr=3045554331 [TCP segment of a reassembled PDU]"
"16411","30.477729137","192.168.1.55","192.168.1.2","TCP","1514","8004  >  50096 [ACK] Seq=45078 Ack=141 Win=65024 Len=1448 TSval=2916034558 TSecr=3045554331 [TCP segment of a reassembled PDU]"
"16412","30.477730489","192.168.1.55","192.168.1.2","TCP","1514","8004  >  50096 [PSH, ACK] Seq=46526 Ack=141 Win=65024 Len=1448 TSval=2916034558 TSecr=3045554331 [TCP segment of a reassembled PDU]"
"16413","30.480445956","192.168.1.2","192.168.1.55","TCP","66","50096  >  8004 [ACK] Seq=141 Ack=17566 Win=88064 Len=0 TSval=3045554334 TSecr=2916034556"
"16414","30.480456419","192.168.1.55","192.168.1.2","TCP","1514","8004  >  50096 [ACK] Seq=47974 Ack=141 Win=65024 Len=1448 TSval=2916034561 TSecr=3045554334 [TCP segment of a reassembled PDU]"
"16415","30.480458753","192.168.1.55","192.168.1.2","TCP","1514","8004  >  50096 [PSH, ACK] Seq=49422 Ack=141 Win=65024 Len=1448 TSval=2916034561 TSecr=3045554334 [TCP segment of a reassembled PDU]"
"16416","30.483079609","192.168.1.2","192.168.1.55","TCP","66","50096  >  8004 [ACK] Seq=141 Ack=21910 Win=89088 Len=0 TSval=3045554336 TSecr=2916034556"
"16417","30.483109072","192.168.1.55","192.168.1.2","TCP","1514","8004  >  50096 [ACK] Seq=50870 Ack=141 Win=65024 Len=1448 TSval=2916034563 TSecr=3045554336 [TCP segment of a reassembled PDU]"
"16418","30.483112738","192.168.1.55","192.168.1.2","TCP","1514","8004  >  50096 [ACK] Seq=52318 Ack=141 Win=65024 Len=1448 TSval=2916034563 TSecr=3045554336 [TCP segment of a reassembled PDU]"
"16419","30.483114109","192.168.1.55","192.168.1.2","TCP","1514","8004  >  50096 [ACK] Seq=53766 Ack=141 Win=65024 Len=1448 TSval=2916034563 TSecr=3045554336 [TCP segment of a reassembled PDU]"
"16420","30.483115868","192.168.1.55","192.168.1.2","TCP","1514","8004  >  50096 [ACK] Seq=55214 Ack=141 Win=65024 Len=1448 TSval=2916034563 TSecr=3045554336 [TCP segment of a reassembled PDU]"
"16421","30.483117498","192.168.1.55","192.168.1.2","TCP","1514","8004  >  50096 [ACK] Seq=56662 Ack=141 Win=65024 Len=1448 TSval=2916034563 TSecr=3045554336 [TCP segment of a reassembled PDU]"
"16422","30.483118775","192.168.1.55","192.168.1.2","TCP","1514","8004  >  50096 [PSH, ACK] Seq=58110 Ack=141 Win=65024 Len=1448 TSval=2916034563 TSecr=3045554336 [TCP segment of a reassembled PDU]"
"16423","30.483200294","192.168.1.2","192.168.1.55","TCP","66","50096  >  8004 [ACK] Seq=141 Ack=30598 Win=84992 Len=0 TSval=3045554336 TSecr=2916034556"
"16424","30.483231239","192.168.1.55","192.168.1.2","TCP","1514","8004  >  50096 [ACK] Seq=59558 Ack=141 Win=65024 Len=1448 TSval=2916034563 TSecr=3045554336 [TCP segment of a reassembled PDU]"
"16425","30.483234757","192.168.1.55","192.168.1.2","TCP","1514","8004  >  50096 [ACK] Seq=61006 Ack=141 Win=65024 Len=1448 TSval=2916034563 TSecr=3045554336 [TCP segment of a reassembled PDU]"
"16426","30.483236220","192.168.1.55","192.168.1.2","TCP","1514","8004  >  50096 [ACK] Seq=62454 Ack=141 Win=65024 Len=1448 TSval=2916034563 TSecr=3045554336 [TCP segment of a reassembled PDU]"
"16427","30.483237942","192.168.1.55","192.168.1.2","TCP","1514","8004  >  50096 [ACK] Seq=63902 Ack=141 Win=65024 Len=1448 TSval=2916034563 TSecr=3045554336 [TCP segment of a reassembled PDU]"
"16428","30.483240109","192.168.1.55","192.168.1.2","TCP","1514","8004  >  50096 [ACK] Seq=65350 Ack=141 Win=65024 Len=1448 TSval=2916034563 TSecr=3045554336 [TCP segment of a reassembled PDU]"
"16429","30.483241553","192.168.1.55","192.168.1.2","TCP","1514","8004  >  50096 [ACK] Seq=66798 Ack=141 Win=65024 Len=1448 TSval=2916034563 TSecr=3045554336 [TCP segment of a reassembled PDU]"
"16430","30.483242887","192.168.1.55","192.168.1.2","TCP","1514","8004  >  50096 [ACK] Seq=68246 Ack=141 Win=65024 Len=1448 TSval=2916034563 TSecr=3045554336 [TCP segment of a reassembled PDU]"
"16431","30.483244276","192.168.1.55","192.168.1.2","TCP","1514","8004  >  50096 [ACK] Seq=69694 Ack=141 Win=65024 Len=1448 TSval=2916034563 TSecr=3045554336 [TCP segment of a reassembled PDU]"
"16432","30.483246016","192.168.1.55","192.168.1.2","TCP","1514","8004  >  50096 [ACK] Seq=71142 Ack=141 Win=65024 Len=1448 TSval=2916034563 TSecr=3045554336 [TCP segment of a reassembled PDU]"
"16433","30.483247813","192.168.1.55","192.168.1.2","TCP","1514","8004  >  50096 [ACK] Seq=72590 Ack=141 Win=65024 Len=1448 TSval=2916034563 TSecr=3045554336 [TCP segment of a reassembled PDU]"
"16434","30.483248979","192.168.1.55","192.168.1.2","TCP","1514","8004  >  50096 [ACK] Seq=74038 Ack=141 Win=65024 Len=1448 TSval=2916034563 TSecr=3045554336 [TCP segment of a reassembled PDU]"
"16435","30.483250313","192.168.1.55","192.168.1.2","TCP","1514","8004  >  50096 [PSH, ACK] Seq=75486 Ack=141 Win=65024 Len=1448 TSval=2916034563 TSecr=3045554336 [TCP segment of a reassembled PDU]"
"16436","30.483255128","192.168.1.2","192.168.1.55","TCP","66","50096  >  8004 [ACK] Seq=141 Ack=42182 Win=73728 Len=0 TSval=3045554336 TSecr=2916034556"
"16437","30.483316850","192.168.1.55","192.168.1.2","TCP","1514","8004  >  50096 [ACK] Seq=76934 Ack=141 Win=65024 Len=1448 TSval=2916034563 TSecr=3045554336 [TCP segment of a reassembled PDU]"
"16438","30.483321257","192.168.1.55","192.168.1.2","TCP","1514","8004  >  50096 [ACK] Seq=78382 Ack=141 Win=65024 Len=1448 TSval=2916034563 TSecr=3045554336 [TCP segment of a reassembled PDU]"
"16439","30.483322813","192.168.1.55","192.168.1.2","TCP","1514","8004  >  50096 [ACK] Seq=79830 Ack=141 Win=65024 Len=1448 TSval=2916034563 TSecr=3045554336 [TCP segment of a reassembled PDU]"
"16440","30.483323979","192.168.1.55","192.168.1.2","TCP","1514","8004  >  50096 [ACK] Seq=81278 Ack=141 Win=65024 Len=1448 TSval=2916034563 TSecr=3045554336 [TCP segment of a reassembled PDU]"
"16441","30.483325609","192.168.1.55","192.168.1.2","TCP","1514","8004  >  50096 [ACK] Seq=82726 Ack=141 Win=65024 Len=1448 TSval=2916034563 TSecr=3045554336 [TCP segment of a reassembled PDU]"
"16442","30.483327683","192.168.1.55","192.168.1.2","TCP","1514","8004  >  50096 [ACK] Seq=84174 Ack=141 Win=65024 Len=1448 TSval=2916034563 TSecr=3045554336 [TCP segment of a reassembled PDU]"
"16443","30.483329072","192.168.1.55","192.168.1.2","TCP","1514","8004  >  50096 [ACK] Seq=85622 Ack=141 Win=65024 Len=1448 TSval=2916034563 TSecr=3045554336 [TCP segment of a reassembled PDU]"
"16444","30.483331017","192.168.1.55","192.168.1.2","TCP","1514","8004  >  50096 [ACK] Seq=87070 Ack=141 Win=65024 Len=1448 TSval=2916034563 TSecr=3045554336 [TCP segment of a reassembled PDU]"
"16445","30.483332572","192.168.1.55","192.168.1.2","TCP","1514","8004  >  50096 [ACK] Seq=88518 Ack=141 Win=65024 Len=1448 TSval=2916034563 TSecr=3045554336 [TCP segment of a reassembled PDU]"
"16446","30.483334572","192.168.1.55","192.168.1.2","TCP","1514","8004  >  50096 [ACK] Seq=89966 Ack=141 Win=65024 Len=1448 TSval=2916034563 TSecr=3045554336 [TCP segment of a reassembled PDU]"
"16447","30.483335850","192.168.1.55","192.168.1.2","TCP","1514","8004  >  50096 [ACK] Seq=91414 Ack=141 Win=65024 Len=1448 TSval=2916034563 TSecr=3045554336 [TCP segment of a reassembled PDU]"
"16448","30.483337535","192.168.1.55","192.168.1.2","TCP","1514","8004  >  50096 [ACK] Seq=92862 Ack=141 Win=65024 Len=1448 TSval=2916034563 TSecr=3045554336 [TCP segment of a reassembled PDU]"
"16449","30.483338980","192.168.1.55","192.168.1.2","TCP","1514","8004  >  50096 [ACK] Seq=94310 Ack=141 Win=65024 Len=1448 TSval=2916034563 TSecr=3045554336 [TCP segment of a reassembled PDU]"
"16450","30.483340794","192.168.1.55","192.168.1.2","TCP","1514","8004  >  50096 [ACK] Seq=95758 Ack=141 Win=65024 Len=1448 TSval=2916034563 TSecr=3045554336 [TCP segment of a reassembled PDU]"
"16451","30.483342109","192.168.1.55","192.168.1.2","TCP","1514","8004  >  50096 [ACK] Seq=97206 Ack=141 Win=65024 Len=1448 TSval=2916034563 TSecr=3045554336 [TCP segment of a reassembled PDU]"
"16452","30.483343554","192.168.1.55","192.168.1.2","TCP","1514","8004  >  50096 [PSH, ACK] Seq=98654 Ack=141 Win=65024 Len=1448 TSval=2916034563 TSecr=3045554336 [TCP segment of a reassembled PDU]"
"16453","30.483352183","192.168.1.2","192.168.1.55","TCP","66","50096  >  8004 [ACK] Seq=141 Ack=45078 Win=71680 Len=0 TSval=3045554336 TSecr=2916034558"
"16454","30.483361368","192.168.1.2","192.168.1.55","TCP","66","50096  >  8004 [ACK] Seq=141 Ack=47974 Win=69632 Len=0 TSval=3045554336 TSecr=2916034558"
"16455","30.483424128","192.168.1.2","192.168.1.55","TCP","66","50096  >  8004 [ACK] Seq=141 Ack=49422 Win=90112 Len=0 TSval=3045554337 TSecr=2916034561"
"16456","30.483429924","192.168.1.2","192.168.1.55","TCP","66","50096  >  8004 [ACK] Seq=141 Ack=50870 Win=89088 Len=0 TSval=3045554337 TSecr=2916034561"
"16457","30.484711778","192.168.1.55","192.168.1.2","TCP","1514","8004  >  50096 [ACK] Seq=100102 Ack=141 Win=65024 Len=1448 TSval=2916034565 TSecr=3045554337 [TCP segment of a reassembled PDU]"
"16458","30.484717815","192.168.1.55","192.168.1.2","TCP","1514","8004  >  50096 [ACK] Seq=101550 Ack=141 Win=65024 Len=1448 TSval=2916034565 TSecr=3045554337 [TCP segment of a reassembled PDU]"
"16459","30.484719611","192.168.1.55","192.168.1.2","TCP","1514","8004  >  50096 [ACK] Seq=102998 Ack=141 Win=65024 Len=1448 TSval=2916034565 TSecr=3045554337 [TCP segment of a reassembled PDU]"
"16460","30.484721222","192.168.1.55","192.168.1.2","TCP","1514","8004  >  50096 [ACK] Seq=104446 Ack=141 Win=65024 Len=1448 TSval=2916034565 TSecr=3045554337 [TCP segment of a reassembled PDU]"
"16461","30.484722685","192.168.1.55","192.168.1.2","TCP","1514","8004  >  50096 [ACK] Seq=105894 Ack=141 Win=65024 Len=1448 TSval=2916034565 TSecr=3045554337 [TCP segment of a reassembled PDU]"
"16462","30.484724000","192.168.1.55","192.168.1.2","TCP","1514","8004  >  50096 [ACK] Seq=107342 Ack=141 Win=65024 Len=1448 TSval=2916034565 TSecr=3045554337 [TCP segment of a reassembled PDU]"
"16463","30.484725334","192.168.1.55","192.168.1.2","TCP","1514","8004  >  50096 [ACK] Seq=108790 Ack=141 Win=65024 Len=1448 TSval=2916034565 TSecr=3045554337 [TCP segment of a reassembled PDU]"
"16464","30.484726556","192.168.1.55","192.168.1.2","TCP","1514","8004  >  50096 [ACK] Seq=110238 Ack=141 Win=65024 Len=1448 TSval=2916034565 TSecr=3045554337 [TCP segment of a reassembled PDU]"
"16465","30.484727741","192.168.1.55","192.168.1.2","TCP","1514","8004  >  50096 [ACK] Seq=111686 Ack=141 Win=65024 Len=1448 TSval=2916034565 TSecr=3045554337 [TCP segment of a reassembled PDU]"
"16466","30.484729389","192.168.1.55","192.168.1.2","TCP","1514","8004  >  50096 [ACK] Seq=113134 Ack=141 Win=65024 Len=1448 TSval=2916034565 TSecr=3045554337 [TCP segment of a reassembled PDU]"
"16467","30.484731463","192.168.1.55","192.168.1.2","TCP","1514","8004  >  50096 [ACK] Seq=114582 Ack=141 Win=65024 Len=1448 TSval=2916034565 TSecr=3045554337 [TCP segment of a reassembled PDU]"
"16468","30.484733167","192.168.1.55","192.168.1.2","TCP","1514","8004  >  50096 [PSH, ACK] Seq=116030 Ack=141 Win=65024 Len=1448 TSval=2916034565 TSecr=3045554337 [TCP segment of a reassembled PDU]"
"16469","30.489074118","192.168.1.2","192.168.1.55","TCP","66","50096  >  8004 [ACK] Seq=141 Ack=59558 Win=82944 Len=0 TSval=3045554343 TSecr=2916034563"
"16470","30.489104507","192.168.1.55","192.168.1.2","TCP","1514","8004  >  50096 [PSH, ACK] Seq=117478 Ack=141 Win=65024 Len=1448 TSval=2916034569 TSecr=3045554343 [TCP segment of a reassembled PDU]"
"16471","30.489272415","192.168.1.2","192.168.1.55","TCP","66","50096  >  8004 [ACK] Seq=141 Ack=75486 Win=67584 Len=0 TSval=3045554343 TSecr=2916034563"
"16472","30.489309637","192.168.1.55","192.168.1.2","TCP","1514","8004  >  50096 [ACK] Seq=118926 Ack=141 Win=65024 Len=1448 TSval=2916034569 TSecr=3045554343 [TCP segment of a reassembled PDU]"
"16473","30.489313748","192.168.1.55","192.168.1.2","TCP","1514","8004  >  50096 [ACK] Seq=120374 Ack=141 Win=65024 Len=1448 TSval=2916034569 TSecr=3045554343 [TCP segment of a reassembled PDU]"
"16474","30.489314878","192.168.1.55","192.168.1.2","TCP","1514","8004  >  50096 [ACK] Seq=121822 Ack=141 Win=65024 Len=1448 TSval=2916034569 TSecr=3045554343 [TCP segment of a reassembled PDU]"
"16475","30.489316433","192.168.1.55","192.168.1.2","TCP","1514","8004  >  50096 [ACK] Seq=123270 Ack=141 Win=65024 Len=1448 TSval=2916034569 TSecr=3045554343 [TCP segment of a reassembled PDU]"
"16476","30.489318693","192.168.1.55","192.168.1.2","TCP","1514","8004  >  50096 [ACK] Seq=124718 Ack=141 Win=65024 Len=1448 TSval=2916034569 TSecr=3045554343 [TCP segment of a reassembled PDU]"
"16477","30.489320137","192.168.1.55","192.168.1.2","TCP","1514","8004  >  50096 [ACK] Seq=126166 Ack=141 Win=65024 Len=1448 TSval=2916034569 TSecr=3045554343 [TCP segment of a reassembled PDU]"
"16478","30.489321563","192.168.1.55","192.168.1.2","TCP","1514","8004  >  50096 [ACK] Seq=127614 Ack=141 Win=65024 Len=1448 TSval=2916034569 TSecr=3045554343 [TCP segment of a reassembled PDU]"
"16479","30.489322915","192.168.1.55","192.168.1.2","TCP","1514","8004  >  50096 [ACK] Seq=129062 Ack=141 Win=65024 Len=1448 TSval=2916034569 TSecr=3045554343 [TCP segment of a reassembled PDU]"
"16480","30.489324470","192.168.1.55","192.168.1.2","TCP","1514","8004  >  50096 [ACK] Seq=130510 Ack=141 Win=65024 Len=1448 TSval=2916034569 TSecr=3045554343 [TCP segment of a reassembled PDU]"
"16481","30.489326137","192.168.1.55","192.168.1.2","TCP","1514","8004  >  50096 [ACK] Seq=131958 Ack=141 Win=65024 Len=1448 TSval=2916034569 TSecr=3045554343 [TCP segment of a reassembled PDU]"
"16482","30.489327563","192.168.1.55","192.168.1.2","TCP","1514","8004  >  50096 [ACK] Seq=133406 Ack=141 Win=65024 Len=1448 TSval=2916034569 TSecr=3045554343 [TCP segment of a reassembled PDU]"
"16483","30.489328878","192.168.1.55","192.168.1.2","TCP","1514","8004  >  50096 [ACK] Seq=134854 Ack=141 Win=65024 Len=1448 TSval=2916034569 TSecr=3045554343 [TCP segment of a reassembled PDU]"
"16484","30.489330896","192.168.1.55","192.168.1.2","TCP","1514","8004  >  50096 [ACK] Seq=136302 Ack=141 Win=65024 Len=1448 TSval=2916034569 TSecr=3045554343 [TCP segment of a reassembled PDU]"
"16485","30.489332489","192.168.1.55","192.168.1.2","TCP","1514","8004  >  50096 [ACK] Seq=137750 Ack=141 Win=65024 Len=1448 TSval=2916034569 TSecr=3045554343 [TCP segment of a reassembled PDU]"
"16486","30.489333711","192.168.1.55","192.168.1.2","TCP","1514","8004  >  50096 [ACK] Seq=139198 Ack=141 Win=65024 Len=1448 TSval=2916034569 TSecr=3045554343 [TCP segment of a reassembled PDU]"
"16487","30.489335082","192.168.1.55","192.168.1.2","TCP","1514","8004  >  50096 [ACK] Seq=140646 Ack=141 Win=65024 Len=1448 TSval=2916034569 TSecr=3045554343 [TCP segment of a reassembled PDU]"
"16488","30.489337341","192.168.1.55","192.168.1.2","TCP","1042","[TCP Window Full] 8004  >  50096 [PSH, ACK] Seq=142094 Ack=141 Win=65024 Len=976 TSval=2916034569 TSecr=3045554343 [TCP segment of a reassembled PDU]"
"16489","30.489345007","192.168.1.2","192.168.1.55","TCP","66","50096  >  8004 [ACK] Seq=141 Ack=100102 Win=44032 Len=0 TSval=3045554343 TSecr=2916034563"
"16490","30.489353896","192.168.1.2","192.168.1.55","TCP","66","50096  >  8004 [ACK] Seq=141 Ack=108790 Win=60416 Len=0 TSval=3045554343 TSecr=2916034565"
"16491","30.489380174","192.168.1.55","192.168.1.2","TCP","1514","8004  >  50096 [ACK] Seq=143070 Ack=141 Win=65024 Len=1448 TSval=2916034570 TSecr=3045554343 [TCP segment of a reassembled PDU]"
"16492","30.489382156","192.168.1.55","192.168.1.2","TCP","1514","8004  >  50096 [ACK] Seq=144518 Ack=141 Win=65024 Len=1448 TSval=2916034570 TSecr=3045554343 [TCP segment of a reassembled PDU]"
"16493","30.489383433","192.168.1.55","192.168.1.2","TCP","1514","8004  >  50096 [ACK] Seq=145966 Ack=141 Win=65024 Len=1448 TSval=2916034570 TSecr=3045554343 [TCP segment of a reassembled PDU]"
"16494","30.489384859","192.168.1.55","192.168.1.2","TCP","1514","8004  >  50096 [ACK] Seq=147414 Ack=141 Win=65024 Len=1448 TSval=2916034570 TSecr=3045554343 [TCP segment of a reassembled PDU]"
"16495","30.489387489","192.168.1.55","192.168.1.2","TCP","1514","8004  >  50096 [ACK] Seq=148862 Ack=141 Win=65024 Len=1448 TSval=2916034570 TSecr=3045554343 [TCP segment of a reassembled PDU]"
"16496","30.489389082","192.168.1.55","192.168.1.2","TCP","1514","8004  >  50096 [ACK] Seq=150310 Ack=141 Win=65024 Len=1448 TSval=2916034570 TSecr=3045554343 [TCP segment of a reassembled PDU]"
"16497","30.489390322","192.168.1.55","192.168.1.2","TCP","1514","8004  >  50096 [ACK] Seq=151758 Ack=141 Win=65024 Len=1448 TSval=2916034570 TSecr=3045554343 [TCP segment of a reassembled PDU]"
"16498","30.489392341","192.168.1.55","192.168.1.2","TCP","1514","8004  >  50096 [ACK] Seq=153206 Ack=141 Win=65024 Len=1448 TSval=2916034570 TSecr=3045554343 [TCP segment of a reassembled PDU]"
"16499","30.489394285","192.168.1.55","192.168.1.2","TCP","1514","8004  >  50096 [ACK] Seq=154654 Ack=141 Win=65024 Len=1448 TSval=2916034570 TSecr=3045554343 [TCP segment of a reassembled PDU]"
"16500","30.489395470","192.168.1.55","192.168.1.2","TCP","1514","8004  >  50096 [ACK] Seq=156102 Ack=141 Win=65024 Len=1448 TSval=2916034570 TSecr=3045554343 [TCP segment of a reassembled PDU]"
"16501","30.489396822","192.168.1.55","192.168.1.2","TCP","1514","8004  >  50096 [ACK] Seq=157550 Ack=141 Win=65024 Len=1448 TSval=2916034570 TSecr=3045554343 [TCP segment of a reassembled PDU]"
"16502","30.489398137","192.168.1.55","192.168.1.2","TCP","1514","8004  >  50096 [PSH, ACK] Seq=158998 Ack=141 Win=65024 Len=1448 TSval=2916034570 TSecr=3045554343 [TCP segment of a reassembled PDU]"
"16503","30.489403285","192.168.1.55","192.168.1.2","TCP","538","8004  >  50096 [ACK] Seq=160446 Ack=141 Win=65024 Len=472 TSval=2916034570 TSecr=3045554343 [TCP segment of a reassembled PDU]"
"16504","30.490496250","192.168.1.55","192.168.1.2","TCP","1514","8004  >  50096 [ACK] Seq=160918 Ack=141 Win=65024 Len=1448 TSval=2916034571 TSecr=3045554343 [TCP segment of a reassembled PDU]"
"16505","30.490499787","192.168.1.55","192.168.1.2","TCP","1514","8004  >  50096 [ACK] Seq=162366 Ack=141 Win=65024 Len=1448 TSval=2916034571 TSecr=3045554343 [TCP segment of a reassembled PDU]"
"16506","30.490501102","192.168.1.55","192.168.1.2","TCP","1514","8004  >  50096 [ACK] Seq=163814 Ack=141 Win=65024 Len=1448 TSval=2916034571 TSecr=3045554343 [TCP segment of a reassembled PDU]"
"16507","30.490502417","192.168.1.55","192.168.1.2","TCP","1514","8004  >  50096 [ACK] Seq=165262 Ack=141 Win=65024 Len=1448 TSval=2916034571 TSecr=3045554343 [TCP segment of a reassembled PDU]"
"16508","30.490503898","192.168.1.55","192.168.1.2","TCP","1514","8004  >  50096 [PSH, ACK] Seq=166710 Ack=141 Win=65024 Len=1448 TSval=2916034571 TSecr=3045554343 [TCP segment of a reassembled PDU]"
"16509","30.493009235","192.168.1.2","192.168.1.55","TCP","66","50096  >  8004 [ACK] Seq=141 Ack=117478 Win=80896 Len=0 TSval=3045554345 TSecr=2916034565"
"16510","30.493048847","192.168.1.55","192.168.1.2","TCP","1514","8004  >  50096 [ACK] Seq=168158 Ack=141 Win=65024 Len=1448 TSval=2916034573 TSecr=3045554345 [TCP segment of a reassembled PDU]"
"16511","30.493051995","192.168.1.55","192.168.1.2","TCP","1514","8004  >  50096 [ACK] Seq=169606 Ack=141 Win=65024 Len=1448 TSval=2916034573 TSecr=3045554345 [TCP segment of a reassembled PDU]"
"16512","30.493053347","192.168.1.55","192.168.1.2","TCP","1514","8004  >  50096 [ACK] Seq=171054 Ack=141 Win=65024 Len=1448 TSval=2916034573 TSecr=3045554345 [TCP segment of a reassembled PDU]"
"16513","30.493054458","192.168.1.55","192.168.1.2","TCP","1514","8004  >  50096 [ACK] Seq=172502 Ack=141 Win=65024 Len=1448 TSval=2916034573 TSecr=3045554345 [TCP segment of a reassembled PDU]"
"16514","30.493055606","192.168.1.55","192.168.1.2","TCP","1514","8004  >  50096 [ACK] Seq=173950 Ack=141 Win=65024 Len=1448 TSval=2916034573 TSecr=3045554345 [TCP segment of a reassembled PDU]"
"16515","30.493056791","192.168.1.55","192.168.1.2","TCP","1514","8004  >  50096 [ACK] Seq=175398 Ack=141 Win=65024 Len=1448 TSval=2916034573 TSecr=3045554345 [TCP segment of a reassembled PDU]"
"16516","30.493057902","192.168.1.55","192.168.1.2","TCP","1514","8004  >  50096 [ACK] Seq=176846 Ack=141 Win=65024 Len=1448 TSval=2916034573 TSecr=3045554345 [TCP segment of a reassembled PDU]"
"16517","30.493059198","192.168.1.55","192.168.1.2","TCP","1514","8004  >  50096 [ACK] Seq=178294 Ack=141 Win=65024 Len=1448 TSval=2916034573 TSecr=3045554345 [TCP segment of a reassembled PDU]"
"16518","30.493060310","192.168.1.55","192.168.1.2","TCP","1514","8004  >  50096 [ACK] Seq=179742 Ack=141 Win=65024 Len=1448 TSval=2916034573 TSecr=3045554345 [TCP segment of a reassembled PDU]"
"16519","30.493061513","192.168.1.55","192.168.1.2","TCP","1514","8004  >  50096 [ACK] Seq=181190 Ack=141 Win=65024 Len=1448 TSval=2916034573 TSecr=3045554345 [TCP segment of a reassembled PDU]"
"16520","30.493062698","192.168.1.55","192.168.1.2","TCP","1514","8004  >  50096 [ACK] Seq=182638 Ack=141 Win=65024 Len=1448 TSval=2916034573 TSecr=3045554345 [TCP segment of a reassembled PDU]"
"16521","30.493063884","192.168.1.55","192.168.1.2","TCP","1514","8004  >  50096 [ACK] Seq=184086 Ack=141 Win=65024 Len=1448 TSval=2916034573 TSecr=3045554345 [TCP segment of a reassembled PDU]"
"16522","30.493064995","192.168.1.55","192.168.1.2","TCP","1514","8004  >  50096 [ACK] Seq=185534 Ack=141 Win=65024 Len=1448 TSval=2916034573 TSecr=3045554345 [TCP segment of a reassembled PDU]"
"16523","30.493066198","192.168.1.55","192.168.1.2","TCP","1514","8004  >  50096 [ACK] Seq=186982 Ack=141 Win=65024 Len=1448 TSval=2916034573 TSecr=3045554345 [TCP segment of a reassembled PDU]"
"16524","30.493067754","192.168.1.55","192.168.1.2","TCP","1514","8004  >  50096 [ACK] Seq=188430 Ack=141 Win=65024 Len=1448 TSval=2916034573 TSecr=3045554345 [TCP segment of a reassembled PDU]"
"16525","30.493068939","192.168.1.55","192.168.1.2","TCP","1514","8004  >  50096 [ACK] Seq=189878 Ack=141 Win=65024 Len=1448 TSval=2916034573 TSecr=3045554345 [TCP segment of a reassembled PDU]"
"16526","30.493070291","192.168.1.55","192.168.1.2","TCP","1514","8004  >  50096 [ACK] Seq=191326 Ack=141 Win=65024 Len=1448 TSval=2916034573 TSecr=3045554345 [TCP segment of a reassembled PDU]"
"16527","30.493071513","192.168.1.55","192.168.1.2","TCP","1514","8004  >  50096 [ACK] Seq=192774 Ack=141 Win=65024 Len=1448 TSval=2916034573 TSecr=3045554345 [TCP segment of a reassembled PDU]"
"16528","30.493072624","192.168.1.55","192.168.1.2","TCP","1514","8004  >  50096 [ACK] Seq=194222 Ack=141 Win=65024 Len=1448 TSval=2916034573 TSecr=3045554345 [TCP segment of a reassembled PDU]"
"16529","30.493073773","192.168.1.55","192.168.1.2","TCP","1514","8004  >  50096 [PSH, ACK] Seq=195670 Ack=141 Win=65024 Len=1448 TSval=2916034573 TSecr=3045554345 [TCP segment of a reassembled PDU]"
"16530","30.495907703","192.168.1.2","192.168.1.55","TCP","66","50096  >  8004 [ACK] Seq=141 Ack=143070 Win=70656 Len=0 TSval=3045554349 TSecr=2916034569"
"16531","30.495923684","192.168.1.55","192.168.1.2","TCP","1514","8004  >  50096 [ACK] Seq=197118 Ack=141 Win=65024 Len=1448 TSval=2916034576 TSecr=3045554349 [TCP segment of a reassembled PDU]"
"16532","30.495926184","192.168.1.55","192.168.1.2","TCP","1514","8004  >  50096 [ACK] Seq=198566 Ack=141 Win=65024 Len=1448 TSval=2916034576 TSecr=3045554349 [TCP segment of a reassembled PDU]"
"16533","30.495927462","192.168.1.55","192.168.1.2","TCP","1514","8004  >  50096 [ACK] Seq=200014 Ack=141 Win=65024 Len=1448 TSval=2916034576 TSecr=3045554349 [TCP segment of a reassembled PDU]"
"16534","30.495928759","192.168.1.55","192.168.1.2","TCP","1514","8004  >  50096 [ACK] Seq=201462 Ack=141 Win=65024 Len=1448 TSval=2916034576 TSecr=3045554349 [TCP segment of a reassembled PDU]"
"16535","30.495930036","192.168.1.55","192.168.1.2","TCP","1514","8004  >  50096 [PSH, ACK] Seq=202910 Ack=141 Win=65024 Len=1448 TSval=2916034576 TSecr=3045554349 [TCP segment of a reassembled PDU]"
"16536","30.496237370","192.168.1.2","192.168.1.55","TCP","66","50096  >  8004 [ACK] Seq=141 Ack=156102 Win=58368 Len=0 TSval=3045554349 TSecr=2916034570"
"16537","30.496244092","192.168.1.2","192.168.1.55","TCP","66","50096  >  8004 [ACK] Seq=141 Ack=168158 Win=47104 Len=0 TSval=3045554349 TSecr=2916034570"
"16538","30.497418483","192.168.1.2","192.168.1.55","TCP","66","50096  >  8004 [ACK] Seq=141 Ack=191326 Win=67584 Len=0 TSval=3045554351 TSecr=2916034573"
"16539","30.497452168","192.168.1.55","192.168.1.2","TCP","1514","8004  >  50096 [ACK] Seq=204358 Ack=141 Win=65024 Len=1448 TSval=2916034578 TSecr=3045554351 [TCP segment of a reassembled PDU]"
"16540","30.497454687","192.168.1.55","192.168.1.2","TCP","1514","8004  >  50096 [ACK] Seq=205806 Ack=141 Win=65024 Len=1448 TSval=2916034578 TSecr=3045554351 [TCP segment of a reassembled PDU]"
"16541","30.497455983","192.168.1.55","192.168.1.2","TCP","1514","8004  >  50096 [ACK] Seq=207254 Ack=141 Win=65024 Len=1448 TSval=2916034578 TSecr=3045554351 [TCP segment of a reassembled PDU]"
"16542","30.497457354","192.168.1.55","192.168.1.2","TCP","1514","8004  >  50096 [ACK] Seq=208702 Ack=141 Win=65024 Len=1448 TSval=2916034578 TSecr=3045554351 [TCP segment of a reassembled PDU]"
"16543","30.497458761","192.168.1.55","192.168.1.2","TCP","1514","8004  >  50096 [ACK] Seq=210150 Ack=141 Win=65024 Len=1448 TSval=2916034578 TSecr=3045554351 [TCP segment of a reassembled PDU]"
"16544","30.497460150","192.168.1.55","192.168.1.2","TCP","1514","8004  >  50096 [ACK] Seq=211598 Ack=141 Win=65024 Len=1448 TSval=2916034578 TSecr=3045554351 [TCP segment of a reassembled PDU]"
"16545","30.497461502","192.168.1.55","192.168.1.2","TCP","1514","8004  >  50096 [ACK] Seq=213046 Ack=141 Win=65024 Len=1448 TSval=2916034578 TSecr=3045554351 [TCP segment of a reassembled PDU]"
"16546","30.497462798","192.168.1.55","192.168.1.2","TCP","1514","8004  >  50096 [ACK] Seq=214494 Ack=141 Win=65024 Len=1448 TSval=2916034578 TSecr=3045554351 [TCP segment of a reassembled PDU]"
"16547","30.497464094","192.168.1.55","192.168.1.2","TCP","1514","8004  >  50096 [ACK] Seq=215942 Ack=141 Win=65024 Len=1448 TSval=2916034578 TSecr=3045554351 [TCP segment of a reassembled PDU]"
"16548","30.497465502","192.168.1.55","192.168.1.2","TCP","1514","8004  >  50096 [ACK] Seq=217390 Ack=141 Win=65024 Len=1448 TSval=2916034578 TSecr=3045554351 [TCP segment of a reassembled PDU]"
"16549","30.497467150","192.168.1.55","192.168.1.2","TCP","1514","8004  >  50096 [ACK] Seq=218838 Ack=141 Win=65024 Len=1448 TSval=2916034578 TSecr=3045554351 [TCP segment of a reassembled PDU]"
"16550","30.497468465","192.168.1.55","192.168.1.2","TCP","1514","8004  >  50096 [ACK] Seq=220286 Ack=141 Win=65024 Len=1448 TSval=2916034578 TSecr=3045554351 [TCP segment of a reassembled PDU]"
"16551","30.497469761","192.168.1.55","192.168.1.2","TCP","1514","8004  >  50096 [ACK] Seq=221734 Ack=141 Win=65024 Len=1448 TSval=2916034578 TSecr=3045554351 [TCP segment of a reassembled PDU]"
"16552","30.497471057","192.168.1.55","192.168.1.2","TCP","1514","8004  >  50096 [ACK] Seq=223182 Ack=141 Win=65024 Len=1448 TSval=2916034578 TSecr=3045554351 [TCP segment of a reassembled PDU]"
"16553","30.497472335","192.168.1.55","192.168.1.2","TCP","1514","8004  >  50096 [ACK] Seq=224630 Ack=141 Win=65024 Len=1448 TSval=2916034578 TSecr=3045554351 [TCP segment of a reassembled PDU]"
"16554","30.497473724","192.168.1.55","192.168.1.2","TCP","1514","8004  >  50096 [ACK] Seq=226078 Ack=141 Win=65024 Len=1448 TSval=2916034578 TSecr=3045554351 [TCP segment of a reassembled PDU]"
"16555","30.497475020","192.168.1.55","192.168.1.2","TCP","1514","8004  >  50096 [ACK] Seq=227526 Ack=141 Win=65024 Len=1448 TSval=2916034578 TSecr=3045554351 [TCP segment of a reassembled PDU]"
"16556","30.497476317","192.168.1.55","192.168.1.2","TCP","1514","8004  >  50096 [ACK] Seq=228974 Ack=141 Win=65024 Len=1448 TSval=2916034578 TSecr=3045554351 [TCP segment of a reassembled PDU]"
"16557","30.497477687","192.168.1.55","192.168.1.2","TCP","1514","8004  >  50096 [ACK] Seq=230422 Ack=141 Win=65024 Len=1448 TSval=2916034578 TSecr=3045554351 [TCP segment of a reassembled PDU]"
"16558","30.497479020","192.168.1.55","192.168.1.2","TCP","1514","8004  >  50096 [ACK] Seq=231870 Ack=141 Win=65024 Len=1448 TSval=2916034578 TSecr=3045554351 [TCP segment of a reassembled PDU]"
"16559","30.497480428","192.168.1.55","192.168.1.2","TCP","1514","8004  >  50096 [ACK] Seq=233318 Ack=141 Win=65024 Len=1448 TSval=2916034578 TSecr=3045554351 [TCP segment of a reassembled PDU]"
"16560","30.497481742","192.168.1.55","192.168.1.2","TCP","1514","8004  >  50096 [ACK] Seq=234766 Ack=141 Win=65024 Len=1448 TSval=2916034578 TSecr=3045554351 [TCP segment of a reassembled PDU]"
"16561","30.497483150","192.168.1.55","192.168.1.2","TCP","1514","8004  >  50096 [ACK] Seq=236214 Ack=141 Win=65024 Len=1448 TSval=2916034578 TSecr=3045554351 [TCP segment of a reassembled PDU]"
"16562","30.497484594","192.168.1.55","192.168.1.2","TCP","1514","8004  >  50096 [ACK] Seq=237662 Ack=141 Win=65024 Len=1448 TSval=2916034578 TSecr=3045554351 [TCP segment of a reassembled PDU]"
"16563","30.497485891","192.168.1.55","192.168.1.2","TCP","1514","8004  >  50096 [ACK] Seq=239110 Ack=141 Win=65024 Len=1448 TSval=2916034578 TSecr=3045554351 [TCP segment of a reassembled PDU]"
"16564","30.497487168","192.168.1.55","192.168.1.2","TCP","1514","8004  >  50096 [ACK] Seq=240558 Ack=141 Win=65024 Len=1448 TSval=2916034578 TSecr=3045554351 [TCP segment of a reassembled PDU]"
"16565","30.497488446","192.168.1.55","192.168.1.2","TCP","1514","8004  >  50096 [ACK] Seq=242006 Ack=141 Win=65024 Len=1448 TSval=2916034578 TSecr=3045554351 [TCP segment of a reassembled PDU]"
"16566","30.497489798","192.168.1.55","192.168.1.2","TCP","1514","8004  >  50096 [ACK] Seq=243454 Ack=141 Win=65024 Len=1448 TSval=2916034578 TSecr=3045554351 [TCP segment of a reassembled PDU]"
"16567","30.497491354","192.168.1.55","192.168.1.2","TCP","1514","8004  >  50096 [ACK] Seq=244902 Ack=141 Win=65024 Len=1448 TSval=2916034578 TSecr=3045554351 [TCP segment of a reassembled PDU]"
"16568","30.497492631","192.168.1.55","192.168.1.2","TCP","1514","8004  >  50096 [PSH, ACK] Seq=246350 Ack=141 Win=65024 Len=1448 TSval=2916034578 TSecr=3045554351 [TCP segment of a reassembled PDU]"
"16569","30.498699744","192.168.1.2","192.168.1.55","TCP","66","50096  >  8004 [ACK] Seq=141 Ack=197118 Win=83968 Len=0 TSval=3045554352 TSecr=2916034573"
"16570","30.498732170","192.168.1.55","192.168.1.2","TCP","1514","8004  >  50096 [ACK] Seq=247798 Ack=141 Win=65024 Len=1448 TSval=2916034579 TSecr=3045554352 [TCP segment of a reassembled PDU]"
"16571","30.498734689","192.168.1.55","192.168.1.2","TCP","1514","8004  >  50096 [ACK] Seq=249246 Ack=141 Win=65024 Len=1448 TSval=2916034579 TSecr=3045554352 [TCP segment of a reassembled PDU]"
"16572","30.498736115","192.168.1.55","192.168.1.2","TCP","1514","8004  >  50096 [ACK] Seq=250694 Ack=141 Win=65024 Len=1448 TSval=2916034579 TSecr=3045554352 [TCP segment of a reassembled PDU]"
"16573","30.498737504","192.168.1.55","192.168.1.2","TCP","1514","8004  >  50096 [ACK] Seq=252142 Ack=141 Win=65024 Len=1448 TSval=2916034579 TSecr=3045554352 [TCP segment of a reassembled PDU]"
"16574","30.498738837","192.168.1.55","192.168.1.2","TCP","1514","8004  >  50096 [ACK] Seq=253590 Ack=141 Win=65024 Len=1448 TSval=2916034579 TSecr=3045554352 [TCP segment of a reassembled PDU]"
"16575","30.498740281","192.168.1.55","192.168.1.2","TCP","1514","8004  >  50096 [ACK] Seq=255038 Ack=141 Win=65024 Len=1448 TSval=2916034579 TSecr=3045554352 [TCP segment of a reassembled PDU]"
"16576","30.498741930","192.168.1.55","192.168.1.2","TCP","1514","8004  >  50096 [ACK] Seq=256486 Ack=141 Win=65024 Len=1448 TSval=2916034579 TSecr=3045554352 [TCP segment of a reassembled PDU]"
"16577","30.498743226","192.168.1.55","192.168.1.2","TCP","1514","8004  >  50096 [ACK] Seq=257934 Ack=141 Win=65024 Len=1448 TSval=2916034579 TSecr=3045554352 [TCP segment of a reassembled PDU]"
"16578","30.498744615","192.168.1.55","192.168.1.2","TCP","1514","8004  >  50096 [ACK] Seq=259382 Ack=141 Win=65024 Len=1448 TSval=2916034579 TSecr=3045554352 [TCP segment of a reassembled PDU]"
"16579","30.498746004","192.168.1.55","192.168.1.2","TCP","1514","8004  >  50096 [ACK] Seq=260830 Ack=141 Win=65024 Len=1448 TSval=2916034579 TSecr=3045554352 [TCP segment of a reassembled PDU]"
"16580","30.498747467","192.168.1.55","192.168.1.2","TCP","1514","8004  >  50096 [ACK] Seq=262278 Ack=141 Win=65024 Len=1448 TSval=2916034579 TSecr=3045554352 [TCP segment of a reassembled PDU]"
"16581","30.498748911","192.168.1.55","192.168.1.2","TCP","1514","8004  >  50096 [ACK] Seq=263726 Ack=141 Win=65024 Len=1448 TSval=2916034579 TSecr=3045554352 [TCP segment of a reassembled PDU]"
"16582","30.498750226","192.168.1.55","192.168.1.2","TCP","1514","8004  >  50096 [ACK] Seq=265174 Ack=141 Win=65024 Len=1448 TSval=2916034579 TSecr=3045554352 [TCP segment of a reassembled PDU]"
"16583","30.498757763","192.168.1.55","192.168.1.2","TCP","1514","8004  >  50096 [ACK] Seq=266622 Ack=141 Win=65024 Len=1448 TSval=2916034579 TSecr=3045554352 [TCP segment of a reassembled PDU]"
"16584","30.498759393","192.168.1.55","192.168.1.2","TCP","1514","8004  >  50096 [ACK] Seq=268070 Ack=141 Win=65024 Len=1448 TSval=2916034579 TSecr=3045554352 [TCP segment of a reassembled PDU]"
"16585","30.498760781","192.168.1.55","192.168.1.2","TCP","1514","8004  >  50096 [ACK] Seq=269518 Ack=141 Win=65024 Len=1448 TSval=2916034579 TSecr=3045554352 [TCP segment of a reassembled PDU]"
"16586","30.498762078","192.168.1.55","192.168.1.2","TCP","1514","8004  >  50096 [ACK] Seq=270966 Ack=141 Win=65024 Len=1448 TSval=2916034579 TSecr=3045554352 [TCP segment of a reassembled PDU]"
"16587","30.498763411","192.168.1.55","192.168.1.2","TCP","1514","8004  >  50096 [ACK] Seq=272414 Ack=141 Win=65024 Len=1448 TSval=2916034579 TSecr=3045554352 [TCP segment of a reassembled PDU]"
"16588","30.498764763","192.168.1.55","192.168.1.2","TCP","1514","8004  >  50096 [ACK] Seq=273862 Ack=141 Win=65024 Len=1448 TSval=2916034579 TSecr=3045554352 [TCP segment of a reassembled PDU]"
"16589","30.498766263","192.168.1.55","192.168.1.2","TCP","1514","8004  >  50096 [ACK] Seq=275310 Ack=141 Win=65024 Len=1448 TSval=2916034579 TSecr=3045554352 [TCP segment of a reassembled PDU]"
"16590","30.498767707","192.168.1.55","192.168.1.2","TCP","1514","8004  >  50096 [ACK] Seq=276758 Ack=141 Win=65024 Len=1448 TSval=2916034579 TSecr=3045554352 [TCP segment of a reassembled PDU]"
"16591","30.498769226","192.168.1.55","192.168.1.2","TCP","1514","8004  >  50096 [ACK] Seq=278206 Ack=141 Win=65024 Len=1448 TSval=2916034579 TSecr=3045554352 [TCP segment of a reassembled PDU]"
"16592","30.498771041","192.168.1.55","192.168.1.2","TCP","1498","[TCP Window Full] 8004  >  50096 [PSH, ACK] Seq=279654 Ack=141 Win=65024 Len=1432 TSval=2916034579 TSecr=3045554352 [TCP segment of a reassembled PDU]"
"16593","30.498806226","192.168.1.2","192.168.1.55","TCP","66","50096  >  8004 [ACK] Seq=141 Ack=200014 Win=92160 Len=0 TSval=3045554353 TSecr=2916034576"
"16594","30.503065659","192.168.1.2","192.168.1.55","TCP","66","50096  >  8004 [ACK] Seq=141 Ack=201462 Win=95232 Len=0 TSval=3045554354 TSecr=2916034576"
"16595","30.503087325","192.168.1.55","192.168.1.2","TCP","1514","8004  >  50096 [ACK] Seq=281086 Ack=141 Win=65024 Len=1448 TSval=2916034583 TSecr=3045554354 [TCP segment of a reassembled PDU]"
"16596","30.503090436","192.168.1.55","192.168.1.2","TCP","1514","8004  >  50096 [ACK] Seq=282534 Ack=141 Win=65024 Len=1448 TSval=2916034583 TSecr=3045554354 [TCP segment of a reassembled PDU]"
"16597","30.503091862","192.168.1.55","192.168.1.2","TCP","1514","8004  >  50096 [ACK] Seq=283982 Ack=141 Win=65024 Len=1448 TSval=2916034583 TSecr=3045554354 [TCP segment of a reassembled PDU]"
"16598","30.503093140","192.168.1.55","192.168.1.2","TCP","1514","8004  >  50096 [ACK] Seq=285430 Ack=141 Win=65024 Len=1448 TSval=2916034583 TSecr=3045554354 [TCP segment of a reassembled PDU]"
"16599","30.503094492","192.168.1.55","192.168.1.2","TCP","1514","8004  >  50096 [ACK] Seq=286878 Ack=141 Win=65024 Len=1448 TSval=2916034583 TSecr=3045554354 [TCP segment of a reassembled PDU]"
"16600","30.503095788","192.168.1.55","192.168.1.2","TCP","1514","8004  >  50096 [ACK] Seq=288326 Ack=141 Win=65024 Len=1448 TSval=2916034583 TSecr=3045554354 [TCP segment of a reassembled PDU]"
"16601","30.503097492","192.168.1.55","192.168.1.2","TCP","1514","8004  >  50096 [ACK] Seq=289774 Ack=141 Win=65024 Len=1448 TSval=2916034583 TSecr=3045554354 [TCP segment of a reassembled PDU]"
"16602","30.503098862","192.168.1.55","192.168.1.2","TCP","1514","8004  >  50096 [PSH, ACK] Seq=291222 Ack=141 Win=65024 Len=1448 TSval=2916034583 TSecr=3045554354 [TCP segment of a reassembled PDU]"
"16603","30.503104288","192.168.1.55","192.168.1.2","TCP","82","8004  >  50096 [ACK] Seq=292670 Ack=141 Win=65024 Len=16 TSval=2916034583 TSecr=3045554354 [TCP segment of a reassembled PDU]"
"16604","30.503161011","192.168.1.2","192.168.1.55","TCP","66","50096  >  8004 [ACK] Seq=141 Ack=204358 Win=101376 Len=0 TSval=3045554354 TSecr=2916034576"
"16605","30.505085328","192.168.1.2","192.168.1.55","TCP","66","50096  >  8004 [ACK] Seq=141 Ack=243454 Win=120832 Len=0 TSval=3045554359 TSecr=2916034578"
"16606","30.505122866","192.168.1.55","192.168.1.2","TCP","1514","8004  >  50096 [ACK] Seq=292686 Ack=141 Win=65024 Len=1448 TSval=2916034585 TSecr=3045554359 [TCP segment of a reassembled PDU]"
"16607","30.505125310","192.168.1.55","192.168.1.2","TCP","1514","8004  >  50096 [ACK] Seq=294134 Ack=141 Win=65024 Len=1448 TSval=2916034585 TSecr=3045554359 [TCP segment of a reassembled PDU]"
"16608","30.505127032","192.168.1.55","192.168.1.2","TCP","1514","8004  >  50096 [ACK] Seq=295582 Ack=141 Win=65024 Len=1448 TSval=2916034585 TSecr=3045554359 [TCP segment of a reassembled PDU]"
"16609","30.505128440","192.168.1.55","192.168.1.2","TCP","1514","8004  >  50096 [ACK] Seq=297030 Ack=141 Win=65024 Len=1448 TSval=2916034585 TSecr=3045554359 [TCP segment of a reassembled PDU]"
"16610","30.505129829","192.168.1.55","192.168.1.2","TCP","1514","8004  >  50096 [ACK] Seq=298478 Ack=141 Win=65024 Len=1448 TSval=2916034585 TSecr=3045554359 [TCP segment of a reassembled PDU]"
"16611","30.505131421","192.168.1.55","192.168.1.2","TCP","1514","8004  >  50096 [ACK] Seq=299926 Ack=141 Win=65024 Len=1448 TSval=2916034585 TSecr=3045554359 [TCP segment of a reassembled PDU]"
"16612","30.505132773","192.168.1.55","192.168.1.2","TCP","1514","8004  >  50096 [ACK] Seq=301374 Ack=141 Win=65024 Len=1448 TSval=2916034585 TSecr=3045554359 [TCP segment of a reassembled PDU]"
"16613","30.505134088","192.168.1.55","192.168.1.2","TCP","1514","8004  >  50096 [ACK] Seq=302822 Ack=141 Win=65024 Len=1448 TSval=2916034585 TSecr=3045554359 [TCP segment of a reassembled PDU]"
"16614","30.505135477","192.168.1.55","192.168.1.2","TCP","1514","8004  >  50096 [ACK] Seq=304270 Ack=141 Win=65024 Len=1448 TSval=2916034585 TSecr=3045554359 [TCP segment of a reassembled PDU]"
"16615","30.505136866","192.168.1.55","192.168.1.2","TCP","1514","8004  >  50096 [ACK] Seq=305718 Ack=141 Win=65024 Len=1448 TSval=2916034585 TSecr=3045554359 [TCP segment of a reassembled PDU]"
"16616","30.505138162","192.168.1.55","192.168.1.2","TCP","1514","8004  >  50096 [ACK] Seq=307166 Ack=141 Win=65024 Len=1448 TSval=2916034585 TSecr=3045554359 [TCP segment of a reassembled PDU]"
"16617","30.505139477","192.168.1.55","192.168.1.2","TCP","1514","8004  >  50096 [ACK] Seq=308614 Ack=141 Win=65024 Len=1448 TSval=2916034585 TSecr=3045554359 [TCP segment of a reassembled PDU]"
"16618","30.505140810","192.168.1.55","192.168.1.2","TCP","1514","8004  >  50096 [ACK] Seq=310062 Ack=141 Win=65024 Len=1448 TSval=2916034585 TSecr=3045554359 [TCP segment of a reassembled PDU]"
"16619","30.505142236","192.168.1.55","192.168.1.2","TCP","1514","8004  >  50096 [ACK] Seq=311510 Ack=141 Win=65024 Len=1448 TSval=2916034585 TSecr=3045554359 [TCP segment of a reassembled PDU]"
"16620","30.505143643","192.168.1.55","192.168.1.2","TCP","1514","8004  >  50096 [ACK] Seq=312958 Ack=141 Win=65024 Len=1448 TSval=2916034585 TSecr=3045554359 [TCP segment of a reassembled PDU]"
"16621","30.505144958","192.168.1.55","192.168.1.2","TCP","1514","8004  >  50096 [ACK] Seq=314406 Ack=141 Win=65024 Len=1448 TSval=2916034585 TSecr=3045554359 [TCP segment of a reassembled PDU]"
"16622","30.505146236","192.168.1.55","192.168.1.2","TCP","1514","8004  >  50096 [ACK] Seq=315854 Ack=141 Win=65024 Len=1448 TSval=2916034585 TSecr=3045554359 [TCP segment of a reassembled PDU]"
"16623","30.505147625","192.168.1.55","192.168.1.2","TCP","1514","8004  >  50096 [ACK] Seq=317302 Ack=141 Win=65024 Len=1448 TSval=2916034585 TSecr=3045554359 [TCP segment of a reassembled PDU]"
"16624","30.505148884","192.168.1.55","192.168.1.2","TCP","1514","8004  >  50096 [ACK] Seq=318750 Ack=141 Win=65024 Len=1448 TSval=2916034585 TSecr=3045554359 [TCP segment of a reassembled PDU]"
"16625","30.505150273","192.168.1.55","192.168.1.2","TCP","1514","8004  >  50096 [ACK] Seq=320198 Ack=141 Win=65024 Len=1448 TSval=2916034585 TSecr=3045554359 [TCP segment of a reassembled PDU]"
"16626","30.505151588","192.168.1.55","192.168.1.2","TCP","1514","8004  >  50096 [ACK] Seq=321646 Ack=141 Win=65024 Len=1448 TSval=2916034585 TSecr=3045554359 [TCP segment of a reassembled PDU]"
"16627","30.505152847","192.168.1.55","192.168.1.2","TCP","1514","8004  >  50096 [ACK] Seq=323094 Ack=141 Win=65024 Len=1448 TSval=2916034585 TSecr=3045554359 [TCP segment of a reassembled PDU]"
"16628","30.505154699","192.168.1.55","192.168.1.2","TCP","1514","8004  >  50096 [ACK] Seq=324542 Ack=141 Win=65024 Len=1448 TSval=2916034585 TSecr=3045554359 [TCP segment of a reassembled PDU]"
"16629","30.505156088","192.168.1.55","192.168.1.2","TCP","1514","8004  >  50096 [ACK] Seq=325990 Ack=141 Win=65024 Len=1448 TSval=2916034585 TSecr=3045554359 [TCP segment of a reassembled PDU]"
"16630","30.505157366","192.168.1.55","192.168.1.2","TCP","1514","8004  >  50096 [ACK] Seq=327438 Ack=141 Win=65024 Len=1448 TSval=2916034585 TSecr=3045554359 [TCP segment of a reassembled PDU]"
"16631","30.505158680","192.168.1.55","192.168.1.2","TCP","1514","8004  >  50096 [ACK] Seq=328886 Ack=141 Win=65024 Len=1448 TSval=2916034585 TSecr=3045554359 [TCP segment of a reassembled PDU]"
"16632","30.505160199","192.168.1.55","192.168.1.2","TCP","1514","8004  >  50096 [ACK] Seq=330334 Ack=141 Win=65024 Len=1448 TSval=2916034585 TSecr=3045554359 [TCP segment of a reassembled PDU]"
"16633","30.505161588","192.168.1.55","192.168.1.2","TCP","1514","8004  >  50096 [ACK] Seq=331782 Ack=141 Win=65024 Len=1448 TSval=2916034585 TSecr=3045554359 [TCP segment of a reassembled PDU]"
"16634","30.505162940","192.168.1.55","192.168.1.2","TCP","1514","8004  >  50096 [ACK] Seq=333230 Ack=141 Win=65024 Len=1448 TSval=2916034585 TSecr=3045554359 [TCP segment of a reassembled PDU]"
"16635","30.505164199","192.168.1.55","192.168.1.2","TCP","1514","8004  >  50096 [ACK] Seq=334678 Ack=141 Win=65024 Len=1448 TSval=2916034585 TSecr=3045554359 [TCP segment of a reassembled PDU]"
"16636","30.505165477","192.168.1.55","192.168.1.2","TCP","1514","8004  >  50096 [PSH, ACK] Seq=336126 Ack=141 Win=65024 Len=1448 TSval=2916034585 TSecr=3045554359 [TCP segment of a reassembled PDU]"
"16637","30.505245514","192.168.1.2","192.168.1.55","TCP","66","50096  >  8004 [ACK] Seq=141 Ack=247798 Win=116736 Len=0 TSval=3045554359 TSecr=2916034578"
"16638","30.505253273","192.168.1.2","192.168.1.55","TCP","66","50096  >  8004 [ACK] Seq=141 Ack=281086 Win=120832 Len=0 TSval=3045554359 TSecr=2916034579"
"16639","30.505259866","192.168.1.2","192.168.1.55","TCP","66","50096  >  8004 [ACK] Seq=141 Ack=283982 Win=126976 Len=0 TSval=3045554360 TSecr=2916034583"
"16640","30.506440368","192.168.1.55","192.168.1.2","TCP","1514","8004  >  50096 [ACK] Seq=337574 Ack=141 Win=65024 Len=1448 TSval=2916034587 TSecr=3045554360 [TCP segment of a reassembled PDU]"
"16641","30.506442997","192.168.1.55","192.168.1.2","TCP","1514","8004  >  50096 [ACK] Seq=339022 Ack=141 Win=65024 Len=1448 TSval=2916034587 TSecr=3045554360 [TCP segment of a reassembled PDU]"
"16642","30.506444349","192.168.1.55","192.168.1.2","TCP","1514","8004  >  50096 [ACK] Seq=340470 Ack=141 Win=65024 Len=1448 TSval=2916034587 TSecr=3045554360 [TCP segment of a reassembled PDU]"
"16643","30.506445831","192.168.1.55","192.168.1.2","TCP","1514","8004  >  50096 [ACK] Seq=341918 Ack=141 Win=65024 Len=1448 TSval=2916034587 TSecr=3045554360 [TCP segment of a reassembled PDU]"
"16644","30.506447145","192.168.1.55","192.168.1.2","TCP","1514","8004  >  50096 [ACK] Seq=343366 Ack=141 Win=65024 Len=1448 TSval=2916034587 TSecr=3045554360 [TCP segment of a reassembled PDU]"
"16645","30.506448460","192.168.1.55","192.168.1.2","TCP","1514","8004  >  50096 [ACK] Seq=344814 Ack=141 Win=65024 Len=1448 TSval=2916034587 TSecr=3045554360 [TCP segment of a reassembled PDU]"
"16646","30.506450071","192.168.1.55","192.168.1.2","TCP","1514","8004  >  50096 [ACK] Seq=346262 Ack=141 Win=65024 Len=1448 TSval=2916034587 TSecr=3045554360 [TCP segment of a reassembled PDU]"
"16647","30.506451331","192.168.1.55","192.168.1.2","TCP","1514","8004  >  50096 [ACK] Seq=347710 Ack=141 Win=65024 Len=1448 TSval=2916034587 TSecr=3045554360 [TCP segment of a reassembled PDU]"
"16648","30.506452682","192.168.1.55","192.168.1.2","TCP","1514","8004  >  50096 [ACK] Seq=349158 Ack=141 Win=65024 Len=1448 TSval=2916034587 TSecr=3045554360 [TCP segment of a reassembled PDU]"
"16649","30.506454016","192.168.1.55","192.168.1.2","TCP","1514","8004  >  50096 [ACK] Seq=350606 Ack=141 Win=65024 Len=1448 TSval=2916034587 TSecr=3045554360 [TCP segment of a reassembled PDU]"
"16650","30.506455349","192.168.1.55","192.168.1.2","TCP","1514","8004  >  50096 [ACK] Seq=352054 Ack=141 Win=65024 Len=1448 TSval=2916034587 TSecr=3045554360 [TCP segment of a reassembled PDU]"
"16651","30.506456942","192.168.1.55","192.168.1.2","TCP","1514","8004  >  50096 [ACK] Seq=353502 Ack=141 Win=65024 Len=1448 TSval=2916034587 TSecr=3045554360 [TCP segment of a reassembled PDU]"
"16652","30.506458257","192.168.1.55","192.168.1.2","TCP","1514","8004  >  50096 [ACK] Seq=354950 Ack=141 Win=65024 Len=1448 TSval=2916034587 TSecr=3045554360 [TCP segment of a reassembled PDU]"
"16653","30.506459590","192.168.1.55","192.168.1.2","TCP","1514","8004  >  50096 [ACK] Seq=356398 Ack=141 Win=65024 Len=1448 TSval=2916034587 TSecr=3045554360 [TCP segment of a reassembled PDU]"
"16654","30.506460997","192.168.1.55","192.168.1.2","TCP","1514","8004  >  50096 [ACK] Seq=357846 Ack=141 Win=65024 Len=1448 TSval=2916034587 TSecr=3045554360 [TCP segment of a reassembled PDU]"
"16655","30.506462312","192.168.1.55","192.168.1.2","TCP","1514","8004  >  50096 [ACK] Seq=359294 Ack=141 Win=65024 Len=1448 TSval=2916034587 TSecr=3045554360 [TCP segment of a reassembled PDU]"
"16656","30.506463775","192.168.1.55","192.168.1.2","TCP","1514","8004  >  50096 [ACK] Seq=360742 Ack=141 Win=65024 Len=1448 TSval=2916034587 TSecr=3045554360 [TCP segment of a reassembled PDU]"
"16657","30.506465071","192.168.1.55","192.168.1.2","TCP","1514","8004  >  50096 [ACK] Seq=362190 Ack=141 Win=65024 Len=1448 TSval=2916034587 TSecr=3045554360 [TCP segment of a reassembled PDU]"
"16658","30.506466386","192.168.1.55","192.168.1.2","TCP","1514","8004  >  50096 [ACK] Seq=363638 Ack=141 Win=65024 Len=1448 TSval=2916034587 TSecr=3045554360 [TCP segment of a reassembled PDU]"
"16659","30.506467794","192.168.1.55","192.168.1.2","TCP","1514","8004  >  50096 [ACK] Seq=365086 Ack=141 Win=65024 Len=1448 TSval=2916034587 TSecr=3045554360 [TCP segment of a reassembled PDU]"
"16660","30.506469090","192.168.1.55","192.168.1.2","TCP","1514","8004  >  50096 [ACK] Seq=366534 Ack=141 Win=65024 Len=1448 TSval=2916034587 TSecr=3045554360 [TCP segment of a reassembled PDU]"
"16661","30.506470479","192.168.1.55","192.168.1.2","TCP","1514","8004  >  50096 [ACK] Seq=367982 Ack=141 Win=65024 Len=1448 TSval=2916034587 TSecr=3045554360 [TCP segment of a reassembled PDU]"
"16662","30.506471831","192.168.1.55","192.168.1.2","TCP","1514","8004  >  50096 [ACK] Seq=369430 Ack=141 Win=65024 Len=1448 TSval=2916034587 TSecr=3045554360 [TCP segment of a reassembled PDU]"
"16663","30.506473164","192.168.1.55","192.168.1.2","TCP","1514","8004  >  50096 [ACK] Seq=370878 Ack=141 Win=65024 Len=1448 TSval=2916034587 TSecr=3045554360 [TCP segment of a reassembled PDU]"
"16664","30.506474627","192.168.1.55","192.168.1.2","TCP","1514","8004  >  50096 [ACK] Seq=372326 Ack=141 Win=65024 Len=1448 TSval=2916034587 TSecr=3045554360 [TCP segment of a reassembled PDU]"
"16665","30.506475923","192.168.1.55","192.168.1.2","TCP","1514","8004  >  50096 [ACK] Seq=373774 Ack=141 Win=65024 Len=1448 TSval=2916034587 TSecr=3045554360 [TCP segment of a reassembled PDU]"
"16666","30.506477312","192.168.1.55","192.168.1.2","TCP","1514","8004  >  50096 [ACK] Seq=375222 Ack=141 Win=65024 Len=1448 TSval=2916034587 TSecr=3045554360 [TCP segment of a reassembled PDU]"
"16667","30.506478627","192.168.1.55","192.168.1.2","TCP","1514","8004  >  50096 [ACK] Seq=376670 Ack=141 Win=65024 Len=1448 TSval=2916034587 TSecr=3045554360 [TCP segment of a reassembled PDU]"
"16668","30.506480145","192.168.1.55","192.168.1.2","TCP","1514","8004  >  50096 [ACK] Seq=378118 Ack=141 Win=65024 Len=1448 TSval=2916034587 TSecr=3045554360 [TCP segment of a reassembled PDU]"
"16669","30.506481738","192.168.1.55","192.168.1.2","TCP","1514","8004  >  50096 [ACK] Seq=379566 Ack=141 Win=65024 Len=1448 TSval=2916034587 TSecr=3045554360 [TCP segment of a reassembled PDU]"
"16670","30.506483016","192.168.1.55","192.168.1.2","TCP","1514","8004  >  50096 [PSH, ACK] Seq=381014 Ack=141 Win=65024 Len=1448 TSval=2916034587 TSecr=3045554360 [TCP segment of a reassembled PDU]"
"16671","30.511344172","192.168.1.2","192.168.1.55","TCP","66","50096  >  8004 [ACK] Seq=141 Ack=292670 Win=144384 Len=0 TSval=3045554367 TSecr=2916034583"
"16672","30.511380505","192.168.1.55","192.168.1.2","TCP","1514","8004  >  50096 [ACK] Seq=382462 Ack=141 Win=65024 Len=1448 TSval=2916034592 TSecr=3045554367 [TCP segment of a reassembled PDU]"
"16673","30.511383079","192.168.1.55","192.168.1.2","TCP","1514","8004  >  50096 [ACK] Seq=383910 Ack=141 Win=65024 Len=1448 TSval=2916034592 TSecr=3045554367 [TCP segment of a reassembled PDU]"
"16674","30.511384449","192.168.1.55","192.168.1.2","TCP","1514","8004  >  50096 [ACK] Seq=385358 Ack=141 Win=65024 Len=1448 TSval=2916034592 TSecr=3045554367 [TCP segment of a reassembled PDU]"
"16675","30.511385875","192.168.1.55","192.168.1.2","TCP","1514","8004  >  50096 [ACK] Seq=386806 Ack=141 Win=65024 Len=1448 TSval=2916034592 TSecr=3045554367 [TCP segment of a reassembled PDU]"
"16676","30.511387264","192.168.1.55","192.168.1.2","TCP","1514","8004  >  50096 [ACK] Seq=388254 Ack=141 Win=65024 Len=1448 TSval=2916034592 TSecr=3045554367 [TCP segment of a reassembled PDU]"
"16677","30.511388653","192.168.1.55","192.168.1.2","TCP","1514","8004  >  50096 [ACK] Seq=389702 Ack=141 Win=65024 Len=1448 TSval=2916034592 TSecr=3045554367 [TCP segment of a reassembled PDU]"
"16678","30.511390024","192.168.1.55","192.168.1.2","TCP","1514","8004  >  50096 [ACK] Seq=391150 Ack=141 Win=65024 Len=1448 TSval=2916034592 TSecr=3045554367 [TCP segment of a reassembled PDU]"
"16679","30.511391468","192.168.1.55","192.168.1.2","TCP","1514","8004  >  50096 [ACK] Seq=392598 Ack=141 Win=65024 Len=1448 TSval=2916034592 TSecr=3045554367 [TCP segment of a reassembled PDU]"
"16680","30.511392931","192.168.1.55","192.168.1.2","TCP","1514","8004  >  50096 [ACK] Seq=394046 Ack=141 Win=65024 Len=1448 TSval=2916034592 TSecr=3045554367 [TCP segment of a reassembled PDU]"
"16681","30.511394357","192.168.1.55","192.168.1.2","TCP","1514","8004  >  50096 [ACK] Seq=395494 Ack=141 Win=65024 Len=1448 TSval=2916034592 TSecr=3045554367 [TCP segment of a reassembled PDU]"
"16682","30.511395690","192.168.1.55","192.168.1.2","TCP","1514","8004  >  50096 [ACK] Seq=396942 Ack=141 Win=65024 Len=1448 TSval=2916034592 TSecr=3045554367 [TCP segment of a reassembled PDU]"
"16683","30.511397486","192.168.1.55","192.168.1.2","TCP","1514","8004  >  50096 [ACK] Seq=398390 Ack=141 Win=65024 Len=1448 TSval=2916034592 TSecr=3045554367 [TCP segment of a reassembled PDU]"
"16684","30.511398783","192.168.1.55","192.168.1.2","TCP","1514","8004  >  50096 [ACK] Seq=399838 Ack=141 Win=65024 Len=1448 TSval=2916034592 TSecr=3045554367 [TCP segment of a reassembled PDU]"
"16685","30.511400172","192.168.1.55","192.168.1.2","TCP","1514","8004  >  50096 [ACK] Seq=401286 Ack=141 Win=65024 Len=1448 TSval=2916034592 TSecr=3045554367 [TCP segment of a reassembled PDU]"
"16686","30.511401579","192.168.1.55","192.168.1.2","TCP","1514","8004  >  50096 [ACK] Seq=402734 Ack=141 Win=65024 Len=1448 TSval=2916034592 TSecr=3045554367 [TCP segment of a reassembled PDU]"
"16687","30.511403024","192.168.1.55","192.168.1.2","TCP","1514","8004  >  50096 [ACK] Seq=404182 Ack=141 Win=65024 Len=1448 TSval=2916034592 TSecr=3045554367 [TCP segment of a reassembled PDU]"
"16688","30.511404653","192.168.1.55","192.168.1.2","TCP","1514","8004  >  50096 [ACK] Seq=405630 Ack=141 Win=65024 Len=1448 TSval=2916034592 TSecr=3045554367 [TCP segment of a reassembled PDU]"
"16689","30.511405968","192.168.1.55","192.168.1.2","TCP","1514","8004  >  50096 [ACK] Seq=407078 Ack=141 Win=65024 Len=1448 TSval=2916034592 TSecr=3045554367 [TCP segment of a reassembled PDU]"
"16690","30.511407375","192.168.1.55","192.168.1.2","TCP","1514","8004  >  50096 [ACK] Seq=408526 Ack=141 Win=65024 Len=1448 TSval=2916034592 TSecr=3045554367 [TCP segment of a reassembled PDU]"
"16691","30.511408746","192.168.1.55","192.168.1.2","TCP","1514","8004  >  50096 [ACK] Seq=409974 Ack=141 Win=65024 Len=1448 TSval=2916034592 TSecr=3045554367 [TCP segment of a reassembled PDU]"
"16692","30.511410153","192.168.1.55","192.168.1.2","TCP","1514","8004  >  50096 [ACK] Seq=411422 Ack=141 Win=65024 Len=1448 TSval=2916034592 TSecr=3045554367 [TCP segment of a reassembled PDU]"
"16693","30.511411635","192.168.1.55","192.168.1.2","TCP","1514","8004  >  50096 [ACK] Seq=412870 Ack=141 Win=65024 Len=1448 TSval=2916034592 TSecr=3045554367 [TCP segment of a reassembled PDU]"
"16694","30.511412931","192.168.1.55","192.168.1.2","TCP","1514","8004  >  50096 [ACK] Seq=414318 Ack=141 Win=65024 Len=1448 TSval=2916034592 TSecr=3045554367 [TCP segment of a reassembled PDU]"
"16695","30.511414227","192.168.1.55","192.168.1.2","TCP","1514","8004  >  50096 [ACK] Seq=415766 Ack=141 Win=65024 Len=1448 TSval=2916034592 TSecr=3045554367 [TCP segment of a reassembled PDU]"
"16696","30.511415542","192.168.1.55","192.168.1.2","TCP","1514","8004  >  50096 [ACK] Seq=417214 Ack=141 Win=65024 Len=1448 TSval=2916034592 TSecr=3045554367 [TCP segment of a reassembled PDU]"
"16697","30.511417005","192.168.1.55","192.168.1.2","TCP","1514","8004  >  50096 [ACK] Seq=418662 Ack=141 Win=65024 Len=1448 TSval=2916034592 TSecr=3045554367 [TCP segment of a reassembled PDU]"
"16698","30.511418412","192.168.1.55","192.168.1.2","TCP","1514","8004  >  50096 [ACK] Seq=420110 Ack=141 Win=65024 Len=1448 TSval=2916034592 TSecr=3045554367 [TCP segment of a reassembled PDU]"
"16699","30.511419820","192.168.1.55","192.168.1.2","TCP","1514","8004  >  50096 [ACK] Seq=421558 Ack=141 Win=65024 Len=1448 TSval=2916034592 TSecr=3045554367 [TCP segment of a reassembled PDU]"
"16700","30.511421153","192.168.1.55","192.168.1.2","TCP","1514","8004  >  50096 [ACK] Seq=423006 Ack=141 Win=65024 Len=1448 TSval=2916034592 TSecr=3045554367 [TCP segment of a reassembled PDU]"
"16701","30.511422653","192.168.1.55","192.168.1.2","TCP","1514","8004  >  50096 [ACK] Seq=424454 Ack=141 Win=65024 Len=1448 TSval=2916034592 TSecr=3045554367 [TCP segment of a reassembled PDU]"
"16702","30.511423987","192.168.1.55","192.168.1.2","TCP","1514","8004  >  50096 [PSH, ACK] Seq=425902 Ack=141 Win=65024 Len=1448 TSval=2916034592 TSecr=3045554367 [TCP segment of a reassembled PDU]"
"16703","30.511479450","192.168.1.2","192.168.1.55","TCP","66","50096  >  8004 [ACK] Seq=141 Ack=292686 Win=144384 Len=0 TSval=3045554367 TSecr=2916034583"
"16704","30.513887416","192.168.1.2","192.168.1.55","TCP","66","50096  >  8004 [ACK] Seq=141 Ack=337574 Win=117760 Len=0 TSval=3045554367 TSecr=2916034585"
"16705","30.513916583","192.168.1.55","192.168.1.2","TCP","1514","8004  >  50096 [ACK] Seq=427350 Ack=141 Win=65024 Len=1448 TSval=2916034594 TSecr=3045554367 [TCP segment of a reassembled PDU]"
"16706","30.513919176","192.168.1.55","192.168.1.2","TCP","1514","8004  >  50096 [ACK] Seq=428798 Ack=141 Win=65024 Len=1448 TSval=2916034594 TSecr=3045554367 [TCP segment of a reassembled PDU]"
"16707","30.513920472","192.168.1.55","192.168.1.2","TCP","1514","8004  >  50096 [ACK] Seq=430246 Ack=141 Win=65024 Len=1448 TSval=2916034594 TSecr=3045554367 [TCP segment of a reassembled PDU]"
"16708","30.513921824","192.168.1.55","192.168.1.2","TCP","1514","8004  >  50096 [ACK] Seq=431694 Ack=141 Win=65024 Len=1448 TSval=2916034594 TSecr=3045554367 [TCP segment of a reassembled PDU]"
"16709","30.513923102","192.168.1.55","192.168.1.2","TCP","1514","8004  >  50096 [ACK] Seq=433142 Ack=141 Win=65024 Len=1448 TSval=2916034594 TSecr=3045554367 [TCP segment of a reassembled PDU]"
"16710","30.513924527","192.168.1.55","192.168.1.2","TCP","1514","8004  >  50096 [ACK] Seq=434590 Ack=141 Win=65024 Len=1448 TSval=2916034594 TSecr=3045554367 [TCP segment of a reassembled PDU]"
"16711","30.513925824","192.168.1.55","192.168.1.2","TCP","1514","8004  >  50096 [ACK] Seq=436038 Ack=141 Win=65024 Len=1448 TSval=2916034594 TSecr=3045554367 [TCP segment of a reassembled PDU]"
"16712","30.513927157","192.168.1.55","192.168.1.2","TCP","1514","8004  >  50096 [ACK] Seq=437486 Ack=141 Win=65024 Len=1448 TSval=2916034594 TSecr=3045554367 [TCP segment of a reassembled PDU]"
"16713","30.513928435","192.168.1.55","192.168.1.2","TCP","1514","8004  >  50096 [ACK] Seq=438934 Ack=141 Win=65024 Len=1448 TSval=2916034594 TSecr=3045554367 [TCP segment of a reassembled PDU]"
"16714","30.513929787","192.168.1.55","192.168.1.2","TCP","1514","8004  >  50096 [ACK] Seq=440382 Ack=141 Win=65024 Len=1448 TSval=2916034594 TSecr=3045554367 [TCP segment of a reassembled PDU]"
"16715","30.513931268","192.168.1.55","192.168.1.2","TCP","1514","8004  >  50096 [ACK] Seq=441830 Ack=141 Win=65024 Len=1448 TSval=2916034594 TSecr=3045554367 [TCP segment of a reassembled PDU]"
"16716","30.513932583","192.168.1.55","192.168.1.2","TCP","1514","8004  >  50096 [ACK] Seq=443278 Ack=141 Win=65024 Len=1448 TSval=2916034594 TSecr=3045554367 [TCP segment of a reassembled PDU]"
"16717","30.513933861","192.168.1.55","192.168.1.2","TCP","1514","8004  >  50096 [ACK] Seq=444726 Ack=141 Win=65024 Len=1448 TSval=2916034594 TSecr=3045554367 [TCP segment of a reassembled PDU]"
"16718","30.513935268","192.168.1.55","192.168.1.2","TCP","1514","8004  >  50096 [ACK] Seq=446174 Ack=141 Win=65024 Len=1448 TSval=2916034594 TSecr=3045554367 [TCP segment of a reassembled PDU]"
"16719","30.513936583","192.168.1.55","192.168.1.2","TCP","1514","8004  >  50096 [ACK] Seq=447622 Ack=141 Win=65024 Len=1448 TSval=2916034594 TSecr=3045554367 [TCP segment of a reassembled PDU]"
"16720","30.513938009","192.168.1.55","192.168.1.2","TCP","1514","8004  >  50096 [ACK] Seq=449070 Ack=141 Win=65024 Len=1448 TSval=2916034594 TSecr=3045554367 [TCP segment of a reassembled PDU]"
"16721","30.513939287","192.168.1.55","192.168.1.2","TCP","1514","8004  >  50096 [ACK] Seq=450518 Ack=141 Win=65024 Len=1448 TSval=2916034594 TSecr=3045554367 [TCP segment of a reassembled PDU]"
"16722","30.513940565","192.168.1.55","192.168.1.2","TCP","1514","8004  >  50096 [ACK] Seq=451966 Ack=141 Win=65024 Len=1448 TSval=2916034594 TSecr=3045554367 [TCP segment of a reassembled PDU]"
"16723","30.513942028","192.168.1.55","192.168.1.2","TCP","1514","8004  >  50096 [ACK] Seq=453414 Ack=141 Win=65024 Len=1448 TSval=2916034594 TSecr=3045554367 [TCP segment of a reassembled PDU]"
"16724","30.513943342","192.168.1.55","192.168.1.2","TCP","538","[TCP Window Full] 8004  >  50096 [PSH, ACK] Seq=454862 Ack=141 Win=65024 Len=472 TSval=2916034594 TSecr=3045554367 [TCP segment of a reassembled PDU]"
"16725","30.513973065","192.168.1.2","192.168.1.55","TCP","66","50096  >  8004 [ACK] Seq=141 Ack=382462 Win=73728 Len=0 TSval=3045554367 TSecr=2916034587"
"16726","30.519209536","192.168.1.2","192.168.1.55","TCP","66","50096  >  8004 [ACK] Seq=141 Ack=424454 Win=117760 Len=0 TSval=3045554374 TSecr=2916034592"
"16727","30.519226999","192.168.1.55","192.168.1.2","TCP","1514","8004  >  50096 [ACK] Seq=455334 Ack=141 Win=65024 Len=1448 TSval=2916034599 TSecr=3045554374 [TCP segment of a reassembled PDU]"
"16728","30.519229388","192.168.1.55","192.168.1.2","TCP","1514","8004  >  50096 [ACK] Seq=456782 Ack=141 Win=65024 Len=1448 TSval=2916034599 TSecr=3045554374 [TCP segment of a reassembled PDU]"
"16729","30.519230943","192.168.1.55","192.168.1.2","TCP","1514","8004  >  50096 [ACK] Seq=458230 Ack=141 Win=65024 Len=1448 TSval=2916034599 TSecr=3045554374 [TCP segment of a reassembled PDU]"
"16730","30.519232369","192.168.1.55","192.168.1.2","TCP","1514","8004  >  50096 [ACK] Seq=459678 Ack=141 Win=65024 Len=1448 TSval=2916034599 TSecr=3045554374 [TCP segment of a reassembled PDU]"
"16731","30.519233702","192.168.1.55","192.168.1.2","TCP","1514","8004  >  50096 [ACK] Seq=461126 Ack=141 Win=65024 Len=1448 TSval=2916034599 TSecr=3045554374 [TCP segment of a reassembled PDU]"
"16732","30.519235054","192.168.1.55","192.168.1.2","TCP","1514","8004  >  50096 [ACK] Seq=462574 Ack=141 Win=65024 Len=1448 TSval=2916034599 TSecr=3045554374 [TCP segment of a reassembled PDU]"
"16733","30.519236517","192.168.1.55","192.168.1.2","TCP","1514","8004  >  50096 [ACK] Seq=464022 Ack=141 Win=65024 Len=1448 TSval=2916034599 TSecr=3045554374 [TCP segment of a reassembled PDU]"
"16734","30.519237851","192.168.1.55","192.168.1.2","TCP","1514","8004  >  50096 [ACK] Seq=465470 Ack=141 Win=65024 Len=1448 TSval=2916034599 TSecr=3045554374 [TCP segment of a reassembled PDU]"
"16735","30.519239184","192.168.1.55","192.168.1.2","TCP","1514","8004  >  50096 [ACK] Seq=466918 Ack=141 Win=65024 Len=1448 TSval=2916034599 TSecr=3045554374 [TCP segment of a reassembled PDU]"
"16736","30.519240573","192.168.1.55","192.168.1.2","TCP","1514","8004  >  50096 [ACK] Seq=468366 Ack=141 Win=65024 Len=1448 TSval=2916034599 TSecr=3045554374 [TCP segment of a reassembled PDU]"
"16737","30.519241906","192.168.1.55","192.168.1.2","TCP","1514","8004  >  50096 [ACK] Seq=469814 Ack=141 Win=65024 Len=1448 TSval=2916034599 TSecr=3045554374 [TCP segment of a reassembled PDU]"
"16738","30.519243406","192.168.1.55","192.168.1.2","TCP","1042","8004  >  50096 [PSH, ACK] Seq=471262 Ack=141 Win=65024 Len=976 TSval=2916034599 TSecr=3045554374 [TCP segment of a reassembled PDU]"
"16739","30.519263184","192.168.1.55","192.168.1.2","TCP","1514","8004  >  50096 [ACK] Seq=472238 Ack=141 Win=65024 Len=1448 TSval=2916034599 TSecr=3045554374 [TCP segment of a reassembled PDU]"
"16740","30.519264851","192.168.1.55","192.168.1.2","TCP","1514","8004  >  50096 [ACK] Seq=473686 Ack=141 Win=65024 Len=1448 TSval=2916034599 TSecr=3045554374 [TCP segment of a reassembled PDU]"
"16741","30.519266295","192.168.1.55","192.168.1.2","TCP","1514","8004  >  50096 [ACK] Seq=475134 Ack=141 Win=65024 Len=1448 TSval=2916034599 TSecr=3045554374 [TCP segment of a reassembled PDU]"
"16742","30.519267554","192.168.1.55","192.168.1.2","TCP","1514","8004  >  50096 [ACK] Seq=476582 Ack=141 Win=65024 Len=1448 TSval=2916034599 TSecr=3045554374 [TCP segment of a reassembled PDU]"
"16743","30.519268832","192.168.1.55","192.168.1.2","TCP","1514","8004  >  50096 [ACK] Seq=478030 Ack=141 Win=65024 Len=1448 TSval=2916034599 TSecr=3045554374 [TCP segment of a reassembled PDU]"
"16744","30.519270240","192.168.1.55","192.168.1.2","TCP","1514","8004  >  50096 [ACK] Seq=479478 Ack=141 Win=65024 Len=1448 TSval=2916034599 TSecr=3045554374 [TCP segment of a reassembled PDU]"
"16745","30.519271610","192.168.1.55","192.168.1.2","TCP","1514","8004  >  50096 [ACK] Seq=480926 Ack=141 Win=65024 Len=1448 TSval=2916034599 TSecr=3045554374 [TCP segment of a reassembled PDU]"
"16746","30.519272980","192.168.1.55","192.168.1.2","TCP","1514","8004  >  50096 [ACK] Seq=482374 Ack=141 Win=65024 Len=1448 TSval=2916034599 TSecr=3045554374 [TCP segment of a reassembled PDU]"
"16747","30.519274258","192.168.1.55","192.168.1.2","TCP","1514","8004  >  50096 [ACK] Seq=483822 Ack=141 Win=65024 Len=1448 TSval=2916034599 TSecr=3045554374 [TCP segment of a reassembled PDU]"
"16748","30.519275536","192.168.1.55","192.168.1.2","TCP","1514","8004  >  50096 [ACK] Seq=485270 Ack=141 Win=65024 Len=1448 TSval=2916034599 TSecr=3045554374 [TCP segment of a reassembled PDU]"
"16749","30.519276906","192.168.1.55","192.168.1.2","TCP","1514","8004  >  50096 [ACK] Seq=486718 Ack=141 Win=65024 Len=1448 TSval=2916034599 TSecr=3045554374 [TCP segment of a reassembled PDU]"
"16750","30.519278240","192.168.1.55","192.168.1.2","TCP","1514","8004  >  50096 [ACK] Seq=488166 Ack=141 Win=65024 Len=1448 TSval=2916034599 TSecr=3045554374 [TCP segment of a reassembled PDU]"
"16751","30.519279610","192.168.1.55","192.168.1.2","TCP","1514","8004  >  50096 [ACK] Seq=489614 Ack=141 Win=65024 Len=1448 TSval=2916034599 TSecr=3045554374 [TCP segment of a reassembled PDU]"
"16752","30.519281036","192.168.1.55","192.168.1.2","TCP","1514","8004  >  50096 [ACK] Seq=491062 Ack=141 Win=65024 Len=1448 TSval=2916034599 TSecr=3045554374 [TCP segment of a reassembled PDU]"
"16753","30.519282462","192.168.1.55","192.168.1.2","TCP","1514","8004  >  50096 [ACK] Seq=492510 Ack=141 Win=65024 Len=1448 TSval=2916034599 TSecr=3045554374 [TCP segment of a reassembled PDU]"
"16754","30.519283814","192.168.1.55","192.168.1.2","TCP","1514","8004  >  50096 [ACK] Seq=493958 Ack=141 Win=65024 Len=1448 TSval=2916034599 TSecr=3045554374 [TCP segment of a reassembled PDU]"
"16755","30.519285091","192.168.1.55","192.168.1.2","TCP","1514","8004  >  50096 [ACK] Seq=495406 Ack=141 Win=65024 Len=1448 TSval=2916034599 TSecr=3045554374 [TCP segment of a reassembled PDU]"
"16756","30.519286499","192.168.1.55","192.168.1.2","TCP","1514","8004  >  50096 [PSH, ACK] Seq=496854 Ack=141 Win=65024 Len=1448 TSval=2916034599 TSecr=3045554374 [TCP segment of a reassembled PDU]"
"16757","30.519349184","192.168.1.2","192.168.1.55","TCP","66","50096  >  8004 [ACK] Seq=141 Ack=427350 Win=149504 Len=0 TSval=3045554374 TSecr=2916034592"
"16758","30.519358369","192.168.1.2","192.168.1.55","TCP","66","50096  >  8004 [ACK] Seq=141 Ack=455334 Win=133120 Len=0 TSval=3045554375 TSecr=2916034594"
"16759","30.520455427","192.168.1.55","192.168.1.2","HTTP","1472","HTTP/1.0 200 OK  (PNG)"
"16760","30.523376005","192.168.1.2","192.168.1.55","TCP","66","50096  >  8004 [ACK] Seq=141 Ack=471262 Win=142336 Len=0 TSval=3045554378 TSecr=2916034599"
"16761","30.523480950","192.168.1.2","192.168.1.55","TCP","66","50096  >  8004 [ACK] Seq=141 Ack=489614 Win=141312 Len=0 TSval=3045554378 TSecr=2916034599"
"16762","30.524339062","192.168.1.2","192.168.1.55","TCP","66","50096  >  8004 [ACK] Seq=141 Ack=498302 Win=147456 Len=0 TSval=3045554379 TSecr=2916034599"
"16763","30.525751602","192.168.1.2","192.168.1.55","TCP","66","50096  >  8004 [FIN, ACK] Seq=141 Ack=499709 Win=152576 Len=0 TSval=3045554380 TSecr=2916034601"
"16764","30.525771657","192.168.1.55","192.168.1.2","TCP","66","8004  >  50096 [ACK] Seq=499709 Ack=142 Win=65024 Len=0 TSval=2916034606 TSecr=3045554380"
"16765","30.526781085","192.168.1.2","192.168.1.55","TCP","74","50100  >  8004 [SYN] Seq=0 Win=64240 Len=0 MSS=1460 SACK_PERM TSval=3045554380 TSecr=0 WS=1024"
"16766","30.526807548","192.168.1.55","192.168.1.2","TCP","74","8004  >  50100 [SYN, ACK] Seq=0 Ack=1 Win=65160 Len=0 MSS=1460 SACK_PERM TSval=2916034607 TSecr=3045554380 WS=128"
"16767","30.530015164","192.168.1.2","192.168.1.55","TCP","66","50100  >  8004 [ACK] Seq=1 Ack=1 Win=64512 Len=0 TSval=3045554384 TSecr=2916034607"
"16768","30.533239095","192.168.1.2","192.168.1.55","HTTP","209","GET /original_benchmark.png HTTP/1.1 "
"16769","30.533281317","192.168.1.55","192.168.1.2","TCP","66","8004  >  50100 [ACK] Seq=1 Ack=144 Win=65024 Len=0 TSval=2916034613 TSecr=3045554385"
"16770","30.533756114","192.168.1.55","192.168.1.2","TCP","255","8004  >  50100 [PSH, ACK] Seq=1 Ack=144 Win=65024 Len=189 TSval=2916034614 TSecr=3045554385 [TCP segment of a reassembled PDU]"
"16771","30.533856133","192.168.1.55","192.168.1.2","TCP","1514","8004  >  50100 [ACK] Seq=190 Ack=144 Win=65024 Len=1448 TSval=2916034614 TSecr=3045554385 [TCP segment of a reassembled PDU]"
"16772","30.533860911","192.168.1.55","192.168.1.2","TCP","1514","8004  >  50100 [ACK] Seq=1638 Ack=144 Win=65024 Len=1448 TSval=2916034614 TSecr=3045554385 [TCP segment of a reassembled PDU]"
"16773","30.533862466","192.168.1.55","192.168.1.2","TCP","1514","8004  >  50100 [ACK] Seq=3086 Ack=144 Win=65024 Len=1448 TSval=2916034614 TSecr=3045554385 [TCP segment of a reassembled PDU]"
"16774","30.533863855","192.168.1.55","192.168.1.2","TCP","1514","8004  >  50100 [ACK] Seq=4534 Ack=144 Win=65024 Len=1448 TSval=2916034614 TSecr=3045554385 [TCP segment of a reassembled PDU]"
"16775","30.533865114","192.168.1.55","192.168.1.2","TCP","1514","8004  >  50100 [PSH, ACK] Seq=5982 Ack=144 Win=65024 Len=1448 TSval=2916034614 TSecr=3045554385 [TCP segment of a reassembled PDU]"
"16776","30.533886244","192.168.1.55","192.168.1.2","TCP","1514","8004  >  50100 [ACK] Seq=7430 Ack=144 Win=65024 Len=1448 TSval=2916034614 TSecr=3045554385 [TCP segment of a reassembled PDU]"
"16777","30.533888003","192.168.1.55","192.168.1.2","TCP","1514","8004  >  50100 [ACK] Seq=8878 Ack=144 Win=65024 Len=1448 TSval=2916034614 TSecr=3045554385 [TCP segment of a reassembled PDU]"
"16778","30.533889262","192.168.1.55","192.168.1.2","TCP","1514","8004  >  50100 [ACK] Seq=10326 Ack=144 Win=65024 Len=1448 TSval=2916034614 TSecr=3045554385 [TCP segment of a reassembled PDU]"
"16779","30.533890429","192.168.1.55","192.168.1.2","TCP","1514","8004  >  50100 [PSH, ACK] Seq=11774 Ack=144 Win=65024 Len=1448 TSval=2916034614 TSecr=3045554385 [TCP segment of a reassembled PDU]"
"16780","30.537291027","192.168.1.2","192.168.1.55","TCP","66","50100  >  8004 [ACK] Seq=144 Ack=190 Win=64512 Len=0 TSval=3045554391 TSecr=2916034614"
"16781","30.537343212","192.168.1.55","192.168.1.2","TCP","1514","8004  >  50100 [ACK] Seq=13222 Ack=144 Win=65024 Len=1448 TSval=2916034618 TSecr=3045554391 [TCP segment of a reassembled PDU]"
"16782","30.537348249","192.168.1.55","192.168.1.2","TCP","1514","8004  >  50100 [PSH, ACK] Seq=14670 Ack=144 Win=65024 Len=1448 TSval=2916034618 TSecr=3045554391 [TCP segment of a reassembled PDU]"
"16783","30.537444194","192.168.1.2","192.168.1.55","TCP","66","50100  >  8004 [ACK] Seq=144 Ack=3086 Win=70656 Len=0 TSval=3045554392 TSecr=2916034614"
"16784","30.537457064","192.168.1.2","192.168.1.55","TCP","66","50100  >  8004 [ACK] Seq=144 Ack=5982 Win=76800 Len=0 TSval=3045554392 TSecr=2916034614"
"16785","30.537487213","192.168.1.55","192.168.1.2","TCP","1514","8004  >  50100 [ACK] Seq=16118 Ack=144 Win=65024 Len=1448 TSval=2916034618 TSecr=3045554392 [TCP segment of a reassembled PDU]"
"16786","30.537490064","192.168.1.55","192.168.1.2","TCP","1514","8004  >  50100 [ACK] Seq=17566 Ack=144 Win=65024 Len=1448 TSval=2916034618 TSecr=3045554392 [TCP segment of a reassembled PDU]"
"16787","30.537491379","192.168.1.55","192.168.1.2","TCP","1514","8004  >  50100 [ACK] Seq=19014 Ack=144 Win=65024 Len=1448 TSval=2916034618 TSecr=3045554392 [TCP segment of a reassembled PDU]"
"16788","30.537492972","192.168.1.55","192.168.1.2","TCP","1514","8004  >  50100 [ACK] Seq=20462 Ack=144 Win=65024 Len=1448 TSval=2916034618 TSecr=3045554392 [TCP segment of a reassembled PDU]"
"16789","30.537494379","192.168.1.55","192.168.1.2","TCP","1514","8004  >  50100 [ACK] Seq=21910 Ack=144 Win=65024 Len=1448 TSval=2916034618 TSecr=3045554392 [TCP segment of a reassembled PDU]"
"16790","30.537495953","192.168.1.55","192.168.1.2","TCP","1514","8004  >  50100 [ACK] Seq=23358 Ack=144 Win=65024 Len=1448 TSval=2916034618 TSecr=3045554392 [TCP segment of a reassembled PDU]"
"16791","30.537498527","192.168.1.55","192.168.1.2","TCP","1514","8004  >  50100 [PSH, ACK] Seq=24806 Ack=144 Win=65024 Len=1448 TSval=2916034618 TSecr=3045554392 [TCP segment of a reassembled PDU]"
"16792","30.537504379","192.168.1.2","192.168.1.55","TCP","66","50100  >  8004 [ACK] Seq=144 Ack=7430 Win=79872 Len=0 TSval=3045554393 TSecr=2916034614"
"16793","30.537510250","192.168.1.2","192.168.1.55","TCP","66","50100  >  8004 [ACK] Seq=144 Ack=13222 Win=84992 Len=0 TSval=3045554393 TSecr=2916034614"
"16794","30.537532787","192.168.1.55","192.168.1.2","TCP","1514","8004  >  50100 [ACK] Seq=26254 Ack=144 Win=65024 Len=1448 TSval=2916034618 TSecr=3045554393 [TCP segment of a reassembled PDU]"
"16795","30.537535361","192.168.1.55","192.168.1.2","TCP","1514","8004  >  50100 [ACK] Seq=27702 Ack=144 Win=65024 Len=1448 TSval=2916034618 TSecr=3045554393 [TCP segment of a reassembled PDU]"
"16796","30.537536620","192.168.1.55","192.168.1.2","TCP","1514","8004  >  50100 [ACK] Seq=29150 Ack=144 Win=65024 Len=1448 TSval=2916034618 TSecr=3045554393 [TCP segment of a reassembled PDU]"
"16797","30.537537990","192.168.1.55","192.168.1.2","TCP","1514","8004  >  50100 [ACK] Seq=30598 Ack=144 Win=65024 Len=1448 TSval=2916034618 TSecr=3045554393 [TCP segment of a reassembled PDU]"
"16798","30.537539527","192.168.1.55","192.168.1.2","TCP","1514","8004  >  50100 [ACK] Seq=32046 Ack=144 Win=65024 Len=1448 TSval=2916034618 TSecr=3045554393 [TCP segment of a reassembled PDU]"
"16799","30.537540713","192.168.1.55","192.168.1.2","TCP","1514","8004  >  50100 [ACK] Seq=33494 Ack=144 Win=65024 Len=1448 TSval=2916034618 TSecr=3045554393 [TCP segment of a reassembled PDU]"
"16800","30.537542250","192.168.1.55","192.168.1.2","TCP","1514","8004  >  50100 [ACK] Seq=34942 Ack=144 Win=65024 Len=1448 TSval=2916034618 TSecr=3045554393 [TCP segment of a reassembled PDU]"
"16801","30.537543453","192.168.1.55","192.168.1.2","TCP","1514","8004  >  50100 [ACK] Seq=36390 Ack=144 Win=65024 Len=1448 TSval=2916034618 TSecr=3045554393 [TCP segment of a reassembled PDU]"
"16802","30.537544713","192.168.1.55","192.168.1.2","TCP","1514","8004  >  50100 [ACK] Seq=37838 Ack=144 Win=65024 Len=1448 TSval=2916034618 TSecr=3045554393 [TCP segment of a reassembled PDU]"
"16803","30.537545935","192.168.1.55","192.168.1.2","TCP","1514","8004  >  50100 [PSH, ACK] Seq=39286 Ack=144 Win=65024 Len=1448 TSval=2916034618 TSecr=3045554393 [TCP segment of a reassembled PDU]"
"16804","30.538432677","192.168.1.55","192.168.1.2","TCP","1514","8004  >  50100 [ACK] Seq=40734 Ack=144 Win=65024 Len=1448 TSval=2916034619 TSecr=3045554393 [TCP segment of a reassembled PDU]"
"16805","30.543206055","192.168.1.2","192.168.1.55","TCP","66","50100  >  8004 [ACK] Seq=144 Ack=16118 Win=90112 Len=0 TSval=3045554396 TSecr=2916034618"
"16806","30.543299203","192.168.1.55","192.168.1.2","TCP","1514","8004  >  50100 [ACK] Seq=42182 Ack=144 Win=65024 Len=1448 TSval=2916034623 TSecr=3045554396 [TCP segment of a reassembled PDU]"
"16807","30.543307351","192.168.1.55","192.168.1.2","TCP","1514","8004  >  50100 [PSH, ACK] Seq=43630 Ack=144 Win=65024 Len=1448 TSval=2916034623 TSecr=3045554396 [TCP segment of a reassembled PDU]"
"16808","30.543381814","192.168.1.2","192.168.1.55","TCP","66","50100  >  8004 [ACK] Seq=144 Ack=26254 Win=83968 Len=0 TSval=3045554396 TSecr=2916034618"
"16809","30.543417000","192.168.1.55","192.168.1.2","TCP","1514","8004  >  50100 [ACK] Seq=45078 Ack=144 Win=65024 Len=1448 TSval=2916034624 TSecr=3045554396 [TCP segment of a reassembled PDU]"
"16810","30.543418833","192.168.1.55","192.168.1.2","TCP","1514","8004  >  50100 [ACK] Seq=46526 Ack=144 Win=65024 Len=1448 TSval=2916034624 TSecr=3045554396 [TCP segment of a reassembled PDU]"
"16811","30.543420259","192.168.1.55","192.168.1.2","TCP","1514","8004  >  50100 [ACK] Seq=47974 Ack=144 Win=65024 Len=1448 TSval=2916034624 TSecr=3045554396 [TCP segment of a reassembled PDU]"
"16812","30.543422611","192.168.1.55","192.168.1.2","TCP","1514","8004  >  50100 [ACK] Seq=49422 Ack=144 Win=65024 Len=1448 TSval=2916034624 TSecr=3045554396 [TCP segment of a reassembled PDU]"
"16813","30.543424240","192.168.1.55","192.168.1.2","TCP","1514","8004  >  50100 [ACK] Seq=50870 Ack=144 Win=65024 Len=1448 TSval=2916034624 TSecr=3045554396 [TCP segment of a reassembled PDU]"
"16814","30.543425148","192.168.1.55","192.168.1.2","TCP","1514","8004  >  50100 [ACK] Seq=52318 Ack=144 Win=65024 Len=1448 TSval=2916034624 TSecr=3045554396 [TCP segment of a reassembled PDU]"
"16815","30.543426111","192.168.1.55","192.168.1.2","TCP","1514","8004  >  50100 [ACK] Seq=53766 Ack=144 Win=65024 Len=1448 TSval=2916034624 TSecr=3045554396 [TCP segment of a reassembled PDU]"
"16816","30.543427055","192.168.1.55","192.168.1.2","TCP","1514","8004  >  50100 [ACK] Seq=55214 Ack=144 Win=65024 Len=1448 TSval=2916034624 TSecr=3045554396 [TCP segment of a reassembled PDU]"
"16817","30.543428481","192.168.1.55","192.168.1.2","TCP","1514","8004  >  50100 [ACK] Seq=56662 Ack=144 Win=65024 Len=1448 TSval=2916034624 TSecr=3045554396 [TCP segment of a reassembled PDU]"
"16818","30.543430259","192.168.1.55","192.168.1.2","TCP","1514","8004  >  50100 [ACK] Seq=58110 Ack=144 Win=65024 Len=1448 TSval=2916034624 TSecr=3045554396 [TCP segment of a reassembled PDU]"
"16819","30.543431629","192.168.1.55","192.168.1.2","TCP","1514","8004  >  50100 [ACK] Seq=59558 Ack=144 Win=65024 Len=1448 TSval=2916034624 TSecr=3045554396 [TCP segment of a reassembled PDU]"
"16820","30.543433185","192.168.1.55","192.168.1.2","TCP","1514","8004  >  50100 [ACK] Seq=61006 Ack=144 Win=65024 Len=1448 TSval=2916034624 TSecr=3045554396 [TCP segment of a reassembled PDU]"
"16821","30.543434703","192.168.1.55","192.168.1.2","TCP","1514","8004  >  50100 [ACK] Seq=62454 Ack=144 Win=65024 Len=1448 TSval=2916034624 TSecr=3045554396 [TCP segment of a reassembled PDU]"
"16822","30.543435611","192.168.1.55","192.168.1.2","TCP","1514","8004  >  50100 [PSH, ACK] Seq=63902 Ack=144 Win=65024 Len=1448 TSval=2916034624 TSecr=3045554396 [TCP segment of a reassembled PDU]"
"16823","30.543439592","192.168.1.2","192.168.1.55","TCP","66","50100  >  8004 [ACK] Seq=144 Ack=36390 Win=74752 Len=0 TSval=3045554396 TSecr=2916034618"
"16824","30.543466092","192.168.1.55","192.168.1.2","TCP","1514","8004  >  50100 [ACK] Seq=65350 Ack=144 Win=65024 Len=1448 TSval=2916034624 TSecr=3045554396 [TCP segment of a reassembled PDU]"
"16825","30.543467889","192.168.1.55","192.168.1.2","TCP","1514","8004  >  50100 [ACK] Seq=66798 Ack=144 Win=65024 Len=1448 TSval=2916034624 TSecr=3045554396 [TCP segment of a reassembled PDU]"
"16826","30.543468870","192.168.1.55","192.168.1.2","TCP","1514","8004  >  50100 [ACK] Seq=68246 Ack=144 Win=65024 Len=1448 TSval=2916034624 TSecr=3045554396 [TCP segment of a reassembled PDU]"
"16827","30.543470055","192.168.1.55","192.168.1.2","TCP","1514","8004  >  50100 [ACK] Seq=69694 Ack=144 Win=65024 Len=1448 TSval=2916034624 TSecr=3045554396 [TCP segment of a reassembled PDU]"
"16828","30.543471648","192.168.1.55","192.168.1.2","TCP","1514","8004  >  50100 [ACK] Seq=71142 Ack=144 Win=65024 Len=1448 TSval=2916034624 TSecr=3045554396 [TCP segment of a reassembled PDU]"
"16829","30.543473185","192.168.1.55","192.168.1.2","TCP","1514","8004  >  50100 [ACK] Seq=72590 Ack=144 Win=65024 Len=1448 TSval=2916034624 TSecr=3045554396 [TCP segment of a reassembled PDU]"
"16830","30.543474685","192.168.1.55","192.168.1.2","TCP","1514","8004  >  50100 [ACK] Seq=74038 Ack=144 Win=65024 Len=1448 TSval=2916034624 TSecr=3045554396 [TCP segment of a reassembled PDU]"
"16831","30.543475685","192.168.1.55","192.168.1.2","TCP","1514","8004  >  50100 [PSH, ACK] Seq=75486 Ack=144 Win=65024 Len=1448 TSval=2916034624 TSecr=3045554396 [TCP segment of a reassembled PDU]"
"16832","30.543483759","192.168.1.2","192.168.1.55","TCP","66","50100  >  8004 [ACK] Seq=144 Ack=39286 Win=72704 Len=0 TSval=3045554397 TSecr=2916034618"
"16833","30.543542463","192.168.1.2","192.168.1.55","TCP","66","50100  >  8004 [ACK] Seq=144 Ack=40734 Win=90112 Len=0 TSval=3045554397 TSecr=2916034618"
"16834","30.543546907","192.168.1.2","192.168.1.55","TCP","66","50100  >  8004 [ACK] Seq=144 Ack=42182 Win=90112 Len=0 TSval=3045554397 TSecr=2916034619"
"16835","30.544489464","192.168.1.55","192.168.1.2","TCP","1514","8004  >  50100 [ACK] Seq=76934 Ack=144 Win=65024 Len=1448 TSval=2916034625 TSecr=3045554397 [TCP segment of a reassembled PDU]"
"16836","30.544493909","192.168.1.55","192.168.1.2","TCP","1514","8004  >  50100 [ACK] Seq=78382 Ack=144 Win=65024 Len=1448 TSval=2916034625 TSecr=3045554397 [TCP segment of a reassembled PDU]"
"16837","30.544495464","192.168.1.55","192.168.1.2","TCP","1514","8004  >  50100 [ACK] Seq=79830 Ack=144 Win=65024 Len=1448 TSval=2916034625 TSecr=3045554397 [TCP segment of a reassembled PDU]"
"16838","30.544498112","192.168.1.55","192.168.1.2","TCP","1514","8004  >  50100 [ACK] Seq=81278 Ack=144 Win=65024 Len=1448 TSval=2916034625 TSecr=3045554397 [TCP segment of a reassembled PDU]"
"16839","30.544500205","192.168.1.55","192.168.1.2","TCP","1514","8004  >  50100 [ACK] Seq=82726 Ack=144 Win=65024 Len=1448 TSval=2916034625 TSecr=3045554397 [TCP segment of a reassembled PDU]"
"16840","30.544501168","192.168.1.55","192.168.1.2","TCP","1514","8004  >  50100 [ACK] Seq=84174 Ack=144 Win=65024 Len=1448 TSval=2916034625 TSecr=3045554397 [TCP segment of a reassembled PDU]"
"16841","30.544502094","192.168.1.55","192.168.1.2","TCP","1514","8004  >  50100 [ACK] Seq=85622 Ack=144 Win=65024 Len=1448 TSval=2916034625 TSecr=3045554397 [TCP segment of a reassembled PDU]"
"16842","30.544503131","192.168.1.55","192.168.1.2","TCP","1514","8004  >  50100 [ACK] Seq=87070 Ack=144 Win=65024 Len=1448 TSval=2916034625 TSecr=3045554397 [TCP segment of a reassembled PDU]"
"16843","30.544504668","192.168.1.55","192.168.1.2","TCP","1514","8004  >  50100 [ACK] Seq=88518 Ack=144 Win=65024 Len=1448 TSval=2916034625 TSecr=3045554397 [TCP segment of a reassembled PDU]"
"16844","30.544505761","192.168.1.55","192.168.1.2","TCP","1514","8004  >  50100 [ACK] Seq=89966 Ack=144 Win=65024 Len=1448 TSval=2916034625 TSecr=3045554397 [TCP segment of a reassembled PDU]"
"16845","30.544508001","192.168.1.55","192.168.1.2","TCP","1514","8004  >  50100 [ACK] Seq=91414 Ack=144 Win=65024 Len=1448 TSval=2916034625 TSecr=3045554397 [TCP segment of a reassembled PDU]"
"16846","30.544509131","192.168.1.55","192.168.1.2","TCP","1514","8004  >  50100 [ACK] Seq=92862 Ack=144 Win=65024 Len=1448 TSval=2916034625 TSecr=3045554397 [TCP segment of a reassembled PDU]"
"16847","30.544510353","192.168.1.55","192.168.1.2","TCP","1514","8004  >  50100 [ACK] Seq=94310 Ack=144 Win=65024 Len=1448 TSval=2916034625 TSecr=3045554397 [TCP segment of a reassembled PDU]"
"16848","30.544511668","192.168.1.55","192.168.1.2","TCP","1514","8004  >  50100 [PSH, ACK] Seq=95758 Ack=144 Win=65024 Len=1448 TSval=2916034625 TSecr=3045554397 [TCP segment of a reassembled PDU]"
"16849","30.544519909","192.168.1.55","192.168.1.2","TCP","1514","8004  >  50100 [ACK] Seq=97206 Ack=144 Win=65024 Len=1448 TSval=2916034625 TSecr=3045554397 [TCP segment of a reassembled PDU]"
"16850","30.544521112","192.168.1.55","192.168.1.2","TCP","1514","8004  >  50100 [PSH, ACK] Seq=98654 Ack=144 Win=65024 Len=1448 TSval=2916034625 TSecr=3045554397 [TCP segment of a reassembled PDU]"
"16851","30.548886767","192.168.1.2","192.168.1.55","TCP","66","50100  >  8004 [ACK] Seq=144 Ack=45078 Win=88064 Len=0 TSval=3045554403 TSecr=2916034623"
"16852","30.548955768","192.168.1.55","192.168.1.2","TCP","1514","8004  >  50100 [ACK] Seq=100102 Ack=144 Win=65024 Len=1448 TSval=2916034629 TSecr=3045554403 [TCP segment of a reassembled PDU]"
"16853","30.548960656","192.168.1.55","192.168.1.2","TCP","1514","8004  >  50100 [ACK] Seq=101550 Ack=144 Win=65024 Len=1448 TSval=2916034629 TSecr=3045554403 [TCP segment of a reassembled PDU]"
"16854","30.548962416","192.168.1.55","192.168.1.2","TCP","1514","8004  >  50100 [ACK] Seq=102998 Ack=144 Win=65024 Len=1448 TSval=2916034629 TSecr=3045554403 [TCP segment of a reassembled PDU]"
"16855","30.548964138","192.168.1.55","192.168.1.2","TCP","1514","8004  >  50100 [PSH, ACK] Seq=104446 Ack=144 Win=65024 Len=1448 TSval=2916034629 TSecr=3045554403 [TCP segment of a reassembled PDU]"
"16856","30.549049046","192.168.1.2","192.168.1.55","TCP","66","50100  >  8004 [ACK] Seq=144 Ack=55214 Win=83968 Len=0 TSval=3045554403 TSecr=2916034624"
"16857","30.549088712","192.168.1.55","192.168.1.2","TCP","1514","8004  >  50100 [ACK] Seq=105894 Ack=144 Win=65024 Len=1448 TSval=2916034629 TSecr=3045554403 [TCP segment of a reassembled PDU]"
"16858","30.549091360","192.168.1.55","192.168.1.2","TCP","1514","8004  >  50100 [ACK] Seq=107342 Ack=144 Win=65024 Len=1448 TSval=2916034629 TSecr=3045554403 [TCP segment of a reassembled PDU]"
"16859","30.549093583","192.168.1.55","192.168.1.2","TCP","1514","8004  >  50100 [ACK] Seq=108790 Ack=144 Win=65024 Len=1448 TSval=2916034629 TSecr=3045554403 [TCP segment of a reassembled PDU]"
"16860","30.549095564","192.168.1.55","192.168.1.2","TCP","1514","8004  >  50100 [ACK] Seq=110238 Ack=144 Win=65024 Len=1448 TSval=2916034629 TSecr=3045554403 [TCP segment of a reassembled PDU]"
"16861","30.549097897","192.168.1.55","192.168.1.2","TCP","1514","8004  >  50100 [ACK] Seq=111686 Ack=144 Win=65024 Len=1448 TSval=2916034629 TSecr=3045554403 [TCP segment of a reassembled PDU]"
"16862","30.549099842","192.168.1.55","192.168.1.2","TCP","1514","8004  >  50100 [ACK] Seq=113134 Ack=144 Win=65024 Len=1448 TSval=2916034629 TSecr=3045554403 [TCP segment of a reassembled PDU]"
"16863","30.549101638","192.168.1.55","192.168.1.2","TCP","1514","8004  >  50100 [ACK] Seq=114582 Ack=144 Win=65024 Len=1448 TSval=2916034629 TSecr=3045554403 [TCP segment of a reassembled PDU]"
"16864","30.549103268","192.168.1.55","192.168.1.2","TCP","1514","8004  >  50100 [ACK] Seq=116030 Ack=144 Win=65024 Len=1448 TSval=2916034629 TSecr=3045554403 [TCP segment of a reassembled PDU]"
"16865","30.549104990","192.168.1.55","192.168.1.2","TCP","1514","8004  >  50100 [PSH, ACK] Seq=117478 Ack=144 Win=65024 Len=1448 TSval=2916034629 TSecr=3045554403 [TCP segment of a reassembled PDU]"
"16866","30.549110064","192.168.1.2","192.168.1.55","TCP","66","50100  >  8004 [ACK] Seq=144 Ack=65350 Win=83968 Len=0 TSval=3045554403 TSecr=2916034624"
"16867","30.549168379","192.168.1.55","192.168.1.2","TCP","1514","8004  >  50100 [ACK] Seq=118926 Ack=144 Win=65024 Len=1448 TSval=2916034629 TSecr=3045554403 [TCP segment of a reassembled PDU]"
"16868","30.549171231","192.168.1.55","192.168.1.2","TCP","1514","8004  >  50100 [ACK] Seq=120374 Ack=144 Win=65024 Len=1448 TSval=2916034629 TSecr=3045554403 [TCP segment of a reassembled PDU]"
"16869","30.549172712","192.168.1.55","192.168.1.2","TCP","1514","8004  >  50100 [ACK] Seq=121822 Ack=144 Win=65024 Len=1448 TSval=2916034629 TSecr=3045554403 [TCP segment of a reassembled PDU]"
"16870","30.549174398","192.168.1.55","192.168.1.2","TCP","1514","8004  >  50100 [ACK] Seq=123270 Ack=144 Win=65024 Len=1448 TSval=2916034629 TSecr=3045554403 [TCP segment of a reassembled PDU]"
"16871","30.549175861","192.168.1.55","192.168.1.2","TCP","1514","8004  >  50100 [ACK] Seq=124718 Ack=144 Win=65024 Len=1448 TSval=2916034629 TSecr=3045554403 [TCP segment of a reassembled PDU]"
"16872","30.549177305","192.168.1.55","192.168.1.2","TCP","1514","8004  >  50100 [ACK] Seq=126166 Ack=144 Win=65024 Len=1448 TSval=2916034629 TSecr=3045554403 [TCP segment of a reassembled PDU]"
"16873","30.549178564","192.168.1.55","192.168.1.2","TCP","1514","8004  >  50100 [ACK] Seq=127614 Ack=144 Win=65024 Len=1448 TSval=2916034629 TSecr=3045554403 [TCP segment of a reassembled PDU]"
"16874","30.549179768","192.168.1.55","192.168.1.2","TCP","1514","8004  >  50100 [ACK] Seq=129062 Ack=144 Win=65024 Len=1448 TSval=2916034629 TSecr=3045554403 [TCP segment of a reassembled PDU]"
"16875","30.549181861","192.168.1.55","192.168.1.2","TCP","1514","8004  >  50100 [ACK] Seq=130510 Ack=144 Win=65024 Len=1448 TSval=2916034629 TSecr=3045554403 [TCP segment of a reassembled PDU]"
"16876","30.549183601","192.168.1.55","192.168.1.2","TCP","1514","8004  >  50100 [ACK] Seq=131958 Ack=144 Win=65024 Len=1448 TSval=2916034629 TSecr=3045554403 [TCP segment of a reassembled PDU]"
"16877","30.549185324","192.168.1.55","192.168.1.2","TCP","1514","8004  >  50100 [ACK] Seq=133406 Ack=144 Win=65024 Len=1448 TSval=2916034629 TSecr=3045554403 [TCP segment of a reassembled PDU]"
"16878","30.549187342","192.168.1.55","192.168.1.2","TCP","1514","8004  >  50100 [ACK] Seq=134854 Ack=144 Win=65024 Len=1448 TSval=2916034629 TSecr=3045554403 [TCP segment of a reassembled PDU]"
"16879","30.549189120","192.168.1.55","192.168.1.2","TCP","1514","8004  >  50100 [ACK] Seq=136302 Ack=144 Win=65024 Len=1448 TSval=2916034629 TSecr=3045554403 [TCP segment of a reassembled PDU]"
"16880","30.549190620","192.168.1.55","192.168.1.2","TCP","1514","8004  >  50100 [ACK] Seq=137750 Ack=144 Win=65024 Len=1448 TSval=2916034629 TSecr=3045554403 [TCP segment of a reassembled PDU]"
"16881","30.549192435","192.168.1.55","192.168.1.2","TCP","1514","8004  >  50100 [ACK] Seq=139198 Ack=144 Win=65024 Len=1448 TSval=2916034629 TSecr=3045554403 [TCP segment of a reassembled PDU]"
"16882","30.549194249","192.168.1.55","192.168.1.2","TCP","1514","8004  >  50100 [ACK] Seq=140646 Ack=144 Win=65024 Len=1448 TSval=2916034629 TSecr=3045554403 [TCP segment of a reassembled PDU]"
"16883","30.549196898","192.168.1.55","192.168.1.2","TCP","1514","8004  >  50100 [ACK] Seq=142094 Ack=144 Win=65024 Len=1448 TSval=2916034629 TSecr=3045554403 [TCP segment of a reassembled PDU]"
"16884","30.549198231","192.168.1.55","192.168.1.2","TCP","1514","8004  >  50100 [ACK] Seq=143542 Ack=144 Win=65024 Len=1448 TSval=2916034629 TSecr=3045554403 [TCP segment of a reassembled PDU]"
"16885","30.549199824","192.168.1.55","192.168.1.2","TCP","1514","8004  >  50100 [PSH, ACK] Seq=144990 Ack=144 Win=65024 Len=1448 TSval=2916034629 TSecr=3045554403 [TCP segment of a reassembled PDU]"
"16886","30.549205916","192.168.1.2","192.168.1.55","TCP","66","50100  >  8004 [ACK] Seq=144 Ack=76934 Win=72704 Len=0 TSval=3045554403 TSecr=2916034624"
"16887","30.549308305","192.168.1.2","192.168.1.55","TCP","66","50100  >  8004 [ACK] Seq=144 Ack=97206 Win=73728 Len=0 TSval=3045554403 TSecr=2916034625"
"16888","30.549356213","192.168.1.55","192.168.1.2","TCP","1514","8004  >  50100 [ACK] Seq=146438 Ack=144 Win=65024 Len=1448 TSval=2916034630 TSecr=3045554403 [TCP segment of a reassembled PDU]"
"16889","30.549360824","192.168.1.55","192.168.1.2","TCP","1514","8004  >  50100 [ACK] Seq=147886 Ack=144 Win=65024 Len=1448 TSval=2916034630 TSecr=3045554403 [TCP segment of a reassembled PDU]"
"16890","30.549364102","192.168.1.55","192.168.1.2","TCP","1514","8004  >  50100 [ACK] Seq=149334 Ack=144 Win=65024 Len=1448 TSval=2916034630 TSecr=3045554403 [TCP segment of a reassembled PDU]"
"16891","30.549365768","192.168.1.55","192.168.1.2","TCP","1514","8004  >  50100 [ACK] Seq=150782 Ack=144 Win=65024 Len=1448 TSval=2916034630 TSecr=3045554403 [TCP segment of a reassembled PDU]"
"16892","30.549367009","192.168.1.55","192.168.1.2","TCP","1514","8004  >  50100 [ACK] Seq=152230 Ack=144 Win=65024 Len=1448 TSval=2916034630 TSecr=3045554403 [TCP segment of a reassembled PDU]"
"16893","30.549368731","192.168.1.55","192.168.1.2","TCP","1514","8004  >  50100 [ACK] Seq=153678 Ack=144 Win=65024 Len=1448 TSval=2916034630 TSecr=3045554403 [TCP segment of a reassembled PDU]"
"16894","30.549370324","192.168.1.55","192.168.1.2","TCP","1514","8004  >  50100 [ACK] Seq=155126 Ack=144 Win=65024 Len=1448 TSval=2916034630 TSecr=3045554403 [TCP segment of a reassembled PDU]"
"16895","30.549372194","192.168.1.55","192.168.1.2","TCP","1514","8004  >  50100 [ACK] Seq=156574 Ack=144 Win=65024 Len=1448 TSval=2916034630 TSecr=3045554403 [TCP segment of a reassembled PDU]"
"16896","30.549373194","192.168.1.55","192.168.1.2","TCP","1514","8004  >  50100 [ACK] Seq=158022 Ack=144 Win=65024 Len=1448 TSval=2916034630 TSecr=3045554403 [TCP segment of a reassembled PDU]"
"16897","30.549375009","192.168.1.55","192.168.1.2","TCP","1514","8004  >  50100 [PSH, ACK] Seq=159470 Ack=144 Win=65024 Len=1448 TSval=2916034630 TSecr=3045554403 [TCP segment of a reassembled PDU]"
"16898","30.549385379","192.168.1.2","192.168.1.55","TCP","66","50100  >  8004 [ACK] Seq=144 Ack=100102 Win=71680 Len=0 TSval=3045554403 TSecr=2916034625"
"16899","30.550700159","192.168.1.55","192.168.1.2","TCP","1514","8004  >  50100 [ACK] Seq=160918 Ack=144 Win=65024 Len=1448 TSval=2916034631 TSecr=3045554403 [TCP segment of a reassembled PDU]"
"16900","30.550706715","192.168.1.55","192.168.1.2","TCP","1514","8004  >  50100 [ACK] Seq=162366 Ack=144 Win=65024 Len=1448 TSval=2916034631 TSecr=3045554403 [TCP segment of a reassembled PDU]"
"16901","30.550707900","192.168.1.55","192.168.1.2","TCP","1514","8004  >  50100 [ACK] Seq=163814 Ack=144 Win=65024 Len=1448 TSval=2916034631 TSecr=3045554403 [TCP segment of a reassembled PDU]"
"16902","30.550709085","192.168.1.55","192.168.1.2","TCP","1514","8004  >  50100 [ACK] Seq=165262 Ack=144 Win=65024 Len=1448 TSval=2916034631 TSecr=3045554403 [TCP segment of a reassembled PDU]"
"16903","30.550709974","192.168.1.55","192.168.1.2","TCP","1514","8004  >  50100 [ACK] Seq=166710 Ack=144 Win=65024 Len=1448 TSval=2916034631 TSecr=3045554403 [TCP segment of a reassembled PDU]"
"16904","30.550711511","192.168.1.55","192.168.1.2","TCP","1514","8004  >  50100 [ACK] Seq=168158 Ack=144 Win=65024 Len=1448 TSval=2916034631 TSecr=3045554403 [TCP segment of a reassembled PDU]"
"16905","30.550712733","192.168.1.55","192.168.1.2","TCP","1514","8004  >  50100 [ACK] Seq=169606 Ack=144 Win=65024 Len=1448 TSval=2916034631 TSecr=3045554403 [TCP segment of a reassembled PDU]"
"16906","30.550713770","192.168.1.55","192.168.1.2","TCP","794","[TCP Window Full] 8004  >  50100 [PSH, ACK] Seq=171054 Ack=144 Win=65024 Len=728 TSval=2916034631 TSecr=3045554403 [TCP segment of a reassembled PDU]"
"16907","30.556024408","192.168.1.2","192.168.1.55","TCP","66","50100  >  8004 [ACK] Seq=144 Ack=105894 Win=86016 Len=0 TSval=3045554410 TSecr=2916034629"
"16908","30.556067649","192.168.1.55","192.168.1.2","TCP","1514","8004  >  50100 [ACK] Seq=171782 Ack=144 Win=65024 Len=1448 TSval=2916034636 TSecr=3045554410 [TCP segment of a reassembled PDU]"
"16909","30.556071427","192.168.1.55","192.168.1.2","TCP","1514","8004  >  50100 [ACK] Seq=173230 Ack=144 Win=65024 Len=1448 TSval=2916034636 TSecr=3045554410 [TCP segment of a reassembled PDU]"
"16910","30.556072649","192.168.1.55","192.168.1.2","TCP","1514","8004  >  50100 [ACK] Seq=174678 Ack=144 Win=65024 Len=1448 TSval=2916034636 TSecr=3045554410 [TCP segment of a reassembled PDU]"
"16911","30.556073797","192.168.1.55","192.168.1.2","TCP","1514","8004  >  50100 [ACK] Seq=176126 Ack=144 Win=65024 Len=1448 TSval=2916034636 TSecr=3045554410 [TCP segment of a reassembled PDU]"
"16912","30.556075297","192.168.1.55","192.168.1.2","TCP","1514","8004  >  50100 [ACK] Seq=177574 Ack=144 Win=65024 Len=1448 TSval=2916034636 TSecr=3045554410 [TCP segment of a reassembled PDU]"
"16913","30.556076464","192.168.1.55","192.168.1.2","TCP","1514","8004  >  50100 [ACK] Seq=179022 Ack=144 Win=65024 Len=1448 TSval=2916034636 TSecr=3045554410 [TCP segment of a reassembled PDU]"
"16914","30.556077464","192.168.1.55","192.168.1.2","TCP","1514","8004  >  50100 [ACK] Seq=180470 Ack=144 Win=65024 Len=1448 TSval=2916034636 TSecr=3045554410 [TCP segment of a reassembled PDU]"
"16915","30.556078501","192.168.1.55","192.168.1.2","TCP","1514","8004  >  50100 [ACK] Seq=181918 Ack=144 Win=65024 Len=1448 TSval=2916034636 TSecr=3045554410 [TCP segment of a reassembled PDU]"
"16916","30.556079464","192.168.1.55","192.168.1.2","TCP","1514","8004  >  50100 [ACK] Seq=183366 Ack=144 Win=65024 Len=1448 TSval=2916034636 TSecr=3045554410 [TCP segment of a reassembled PDU]"
"16917","30.556080520","192.168.1.55","192.168.1.2","TCP","1514","8004  >  50100 [ACK] Seq=184814 Ack=144 Win=65024 Len=1448 TSval=2916034636 TSecr=3045554410 [TCP segment of a reassembled PDU]"
"16918","30.556081612","192.168.1.55","192.168.1.2","TCP","1514","8004  >  50100 [ACK] Seq=186262 Ack=144 Win=65024 Len=1448 TSval=2916034636 TSecr=3045554410 [TCP segment of a reassembled PDU]"
"16919","30.556082575","192.168.1.55","192.168.1.2","TCP","1514","8004  >  50100 [ACK] Seq=187710 Ack=144 Win=65024 Len=1448 TSval=2916034636 TSecr=3045554410 [TCP segment of a reassembled PDU]"
"16920","30.556083575","192.168.1.55","192.168.1.2","TCP","1514","8004  >  50100 [PSH, ACK] Seq=189158 Ack=144 Win=65024 Len=1448 TSval=2916034636 TSecr=3045554410 [TCP segment of a reassembled PDU]"
"16921","30.556195334","192.168.1.2","192.168.1.55","TCP","66","50100  >  8004 [ACK] Seq=144 Ack=118926 Win=97280 Len=0 TSval=3045554410 TSecr=2916034629"
"16922","30.556233890","192.168.1.55","192.168.1.2","TCP","1514","8004  >  50100 [ACK] Seq=190606 Ack=144 Win=65024 Len=1448 TSval=2916034636 TSecr=3045554410 [TCP segment of a reassembled PDU]"
"16923","30.556236927","192.168.1.55","192.168.1.2","TCP","1514","8004  >  50100 [ACK] Seq=192054 Ack=144 Win=65024 Len=1448 TSval=2916034636 TSecr=3045554410 [TCP segment of a reassembled PDU]"
"16924","30.556238020","192.168.1.55","192.168.1.2","TCP","1514","8004  >  50100 [ACK] Seq=193502 Ack=144 Win=65024 Len=1448 TSval=2916034636 TSecr=3045554410 [TCP segment of a reassembled PDU]"
"16925","30.556238909","192.168.1.55","192.168.1.2","TCP","1514","8004  >  50100 [ACK] Seq=194950 Ack=144 Win=65024 Len=1448 TSval=2916034636 TSecr=3045554410 [TCP segment of a reassembled PDU]"
"16926","30.556240668","192.168.1.55","192.168.1.2","TCP","1514","8004  >  50100 [ACK] Seq=196398 Ack=144 Win=65024 Len=1448 TSval=2916034636 TSecr=3045554410 [TCP segment of a reassembled PDU]"
"16927","30.556241890","192.168.1.55","192.168.1.2","TCP","1514","8004  >  50100 [ACK] Seq=197846 Ack=144 Win=65024 Len=1448 TSval=2916034636 TSecr=3045554410 [TCP segment of a reassembled PDU]"
"16928","30.556243001","192.168.1.55","192.168.1.2","TCP","1514","8004  >  50100 [ACK] Seq=199294 Ack=144 Win=65024 Len=1448 TSval=2916034636 TSecr=3045554410 [TCP segment of a reassembled PDU]"
"16929","30.556244112","192.168.1.55","192.168.1.2","TCP","1514","8004  >  50100 [ACK] Seq=200742 Ack=144 Win=65024 Len=1448 TSval=2916034636 TSecr=3045554410 [TCP segment of a reassembled PDU]"
"16930","30.556245538","192.168.1.55","192.168.1.2","TCP","1514","8004  >  50100 [ACK] Seq=202190 Ack=144 Win=65024 Len=1448 TSval=2916034636 TSecr=3045554410 [TCP segment of a reassembled PDU]"
"16931","30.556246853","192.168.1.55","192.168.1.2","TCP","1514","8004  >  50100 [PSH, ACK] Seq=203638 Ack=144 Win=65024 Len=1448 TSval=2916034636 TSecr=3045554410 [TCP segment of a reassembled PDU]"
"16932","30.556253131","192.168.1.55","192.168.1.2","TCP","786","8004  >  50100 [PSH, ACK] Seq=205086 Ack=144 Win=65024 Len=720 TSval=2916034636 TSecr=3045554410 [TCP segment of a reassembled PDU]"
"16933","30.556256464","192.168.1.2","192.168.1.55","TCP","66","50100  >  8004 [ACK] Seq=144 Ack=139198 Win=97280 Len=0 TSval=3045554410 TSecr=2916034629"
"16934","30.556264279","192.168.1.2","192.168.1.55","TCP","66","50100  >  8004 [ACK] Seq=144 Ack=146438 Win=111616 Len=0 TSval=3045554410 TSecr=2916034629"
"16935","30.556317835","192.168.1.55","192.168.1.2","TCP","1514","8004  >  50100 [ACK] Seq=205806 Ack=144 Win=65024 Len=1448 TSval=2916034636 TSecr=3045554410 [TCP segment of a reassembled PDU]"
"16936","30.556319946","192.168.1.55","192.168.1.2","TCP","1514","8004  >  50100 [ACK] Seq=207254 Ack=144 Win=65024 Len=1448 TSval=2916034636 TSecr=3045554410 [TCP segment of a reassembled PDU]"
"16937","30.556321001","192.168.1.55","192.168.1.2","TCP","1514","8004  >  50100 [ACK] Seq=208702 Ack=144 Win=65024 Len=1448 TSval=2916034636 TSecr=3045554410 [TCP segment of a reassembled PDU]"
"16938","30.556322131","192.168.1.55","192.168.1.2","TCP","1514","8004  >  50100 [ACK] Seq=210150 Ack=144 Win=65024 Len=1448 TSval=2916034636 TSecr=3045554410 [TCP segment of a reassembled PDU]"
"16939","30.556323298","192.168.1.55","192.168.1.2","TCP","1514","8004  >  50100 [ACK] Seq=211598 Ack=144 Win=65024 Len=1448 TSval=2916034636 TSecr=3045554410 [TCP segment of a reassembled PDU]"
"16940","30.556324242","192.168.1.55","192.168.1.2","TCP","1514","8004  >  50100 [ACK] Seq=213046 Ack=144 Win=65024 Len=1448 TSval=2916034636 TSecr=3045554410 [TCP segment of a reassembled PDU]"
"16941","30.556325224","192.168.1.55","192.168.1.2","TCP","1514","8004  >  50100 [ACK] Seq=214494 Ack=144 Win=65024 Len=1448 TSval=2916034636 TSecr=3045554410 [TCP segment of a reassembled PDU]"
"16942","30.556326224","192.168.1.55","192.168.1.2","TCP","1514","8004  >  50100 [ACK] Seq=215942 Ack=144 Win=65024 Len=1448 TSval=2916034636 TSecr=3045554410 [TCP segment of a reassembled PDU]"
"16943","30.556327427","192.168.1.55","192.168.1.2","TCP","1514","8004  >  50100 [ACK] Seq=217390 Ack=144 Win=65024 Len=1448 TSval=2916034636 TSecr=3045554410 [TCP segment of a reassembled PDU]"
"16944","30.556328538","192.168.1.55","192.168.1.2","TCP","1514","8004  >  50100 [ACK] Seq=218838 Ack=144 Win=65024 Len=1448 TSval=2916034636 TSecr=3045554410 [TCP segment of a reassembled PDU]"
"16945","30.556329538","192.168.1.55","192.168.1.2","TCP","1514","8004  >  50100 [ACK] Seq=220286 Ack=144 Win=65024 Len=1448 TSval=2916034636 TSecr=3045554410 [TCP segment of a reassembled PDU]"
"16946","30.556330538","192.168.1.55","192.168.1.2","TCP","1514","8004  >  50100 [ACK] Seq=221734 Ack=144 Win=65024 Len=1448 TSval=2916034636 TSecr=3045554410 [TCP segment of a reassembled PDU]"
"16947","30.556331668","192.168.1.55","192.168.1.2","TCP","1514","8004  >  50100 [ACK] Seq=223182 Ack=144 Win=65024 Len=1448 TSval=2916034636 TSecr=3045554410 [TCP segment of a reassembled PDU]"
"16948","30.556332612","192.168.1.55","192.168.1.2","TCP","1514","8004  >  50100 [ACK] Seq=224630 Ack=144 Win=65024 Len=1448 TSval=2916034636 TSecr=3045554410 [TCP segment of a reassembled PDU]"
"16949","30.556333872","192.168.1.55","192.168.1.2","TCP","1514","8004  >  50100 [ACK] Seq=226078 Ack=144 Win=65024 Len=1448 TSval=2916034636 TSecr=3045554410 [TCP segment of a reassembled PDU]"
"16950","30.556334927","192.168.1.55","192.168.1.2","TCP","1514","8004  >  50100 [ACK] Seq=227526 Ack=144 Win=65024 Len=1448 TSval=2916034636 TSecr=3045554410 [TCP segment of a reassembled PDU]"
"16951","30.556335890","192.168.1.55","192.168.1.2","TCP","1514","8004  >  50100 [ACK] Seq=228974 Ack=144 Win=65024 Len=1448 TSval=2916034636 TSecr=3045554410 [TCP segment of a reassembled PDU]"
"16952","30.556337168","192.168.1.55","192.168.1.2","TCP","1514","8004  >  50100 [ACK] Seq=230422 Ack=144 Win=65024 Len=1448 TSval=2916034636 TSecr=3045554410 [TCP segment of a reassembled PDU]"
"16953","30.556338316","192.168.1.55","192.168.1.2","TCP","1514","8004  >  50100 [ACK] Seq=231870 Ack=144 Win=65024 Len=1448 TSval=2916034636 TSecr=3045554410 [TCP segment of a reassembled PDU]"
"16954","30.556348557","192.168.1.55","192.168.1.2","TCP","1514","8004  >  50100 [ACK] Seq=233318 Ack=144 Win=65024 Len=1448 TSval=2916034636 TSecr=3045554410 [TCP segment of a reassembled PDU]"
"16955","30.556349909","192.168.1.55","192.168.1.2","TCP","1514","8004  >  50100 [ACK] Seq=234766 Ack=144 Win=65024 Len=1448 TSval=2916034636 TSecr=3045554410 [TCP segment of a reassembled PDU]"
"16956","30.556351038","192.168.1.55","192.168.1.2","TCP","1514","8004  >  50100 [ACK] Seq=236214 Ack=144 Win=65024 Len=1448 TSval=2916034636 TSecr=3045554410 [TCP segment of a reassembled PDU]"
"16957","30.556352242","192.168.1.55","192.168.1.2","TCP","1514","8004  >  50100 [ACK] Seq=237662 Ack=144 Win=65024 Len=1448 TSval=2916034636 TSecr=3045554410 [TCP segment of a reassembled PDU]"
"16958","30.556353150","192.168.1.55","192.168.1.2","TCP","1514","8004  >  50100 [ACK] Seq=239110 Ack=144 Win=65024 Len=1448 TSval=2916034636 TSecr=3045554410 [TCP segment of a reassembled PDU]"
"16959","30.556354150","192.168.1.55","192.168.1.2","TCP","1514","8004  >  50100 [ACK] Seq=240558 Ack=144 Win=65024 Len=1448 TSval=2916034636 TSecr=3045554410 [TCP segment of a reassembled PDU]"
"16960","30.556355038","192.168.1.55","192.168.1.2","TCP","1514","8004  >  50100 [ACK] Seq=242006 Ack=144 Win=65024 Len=1448 TSval=2916034636 TSecr=3045554410 [TCP segment of a reassembled PDU]"
"16961","30.556356687","192.168.1.55","192.168.1.2","TCP","1514","8004  >  50100 [ACK] Seq=243454 Ack=144 Win=65024 Len=1448 TSval=2916034636 TSecr=3045554410 [TCP segment of a reassembled PDU]"
"16962","30.556357687","192.168.1.55","192.168.1.2","TCP","1514","8004  >  50100 [ACK] Seq=244902 Ack=144 Win=65024 Len=1448 TSval=2916034636 TSecr=3045554410 [TCP segment of a reassembled PDU]"
"16963","30.556358613","192.168.1.55","192.168.1.2","TCP","1514","8004  >  50100 [ACK] Seq=246350 Ack=144 Win=65024 Len=1448 TSval=2916034636 TSecr=3045554410 [TCP segment of a reassembled PDU]"
"16964","30.556359538","192.168.1.55","192.168.1.2","TCP","1514","8004  >  50100 [ACK] Seq=247798 Ack=144 Win=65024 Len=1448 TSval=2916034636 TSecr=3045554410 [TCP segment of a reassembled PDU]"
"16965","30.556360613","192.168.1.55","192.168.1.2","TCP","1514","8004  >  50100 [PSH, ACK] Seq=249246 Ack=144 Win=65024 Len=1448 TSval=2916034636 TSecr=3045554410 [TCP segment of a reassembled PDU]"
"16966","30.556423224","192.168.1.2","192.168.1.55","TCP","66","50100  >  8004 [ACK] Seq=144 Ack=160918 Win=101376 Len=0 TSval=3045554410 TSecr=2916034630"
"16967","30.556435020","192.168.1.2","192.168.1.55","TCP","66","50100  >  8004 [ACK] Seq=144 Ack=171782 Win=91136 Len=0 TSval=3045554411 TSecr=2916034631"
"16968","30.556463872","192.168.1.55","192.168.1.2","TCP","1514","8004  >  50100 [ACK] Seq=250694 Ack=144 Win=65024 Len=1448 TSval=2916034637 TSecr=3045554411 [TCP segment of a reassembled PDU]"
"16969","30.556466316","192.168.1.55","192.168.1.2","TCP","1514","8004  >  50100 [ACK] Seq=252142 Ack=144 Win=65024 Len=1448 TSval=2916034637 TSecr=3045554411 [TCP segment of a reassembled PDU]"
"16970","30.556467594","192.168.1.55","192.168.1.2","TCP","1514","8004  >  50100 [ACK] Seq=253590 Ack=144 Win=65024 Len=1448 TSval=2916034637 TSecr=3045554411 [TCP segment of a reassembled PDU]"
"16971","30.556469853","192.168.1.55","192.168.1.2","TCP","1514","8004  >  50100 [ACK] Seq=255038 Ack=144 Win=65024 Len=1448 TSval=2916034637 TSecr=3045554411 [TCP segment of a reassembled PDU]"
"16972","30.556470983","192.168.1.55","192.168.1.2","TCP","1514","8004  >  50100 [ACK] Seq=256486 Ack=144 Win=65024 Len=1448 TSval=2916034637 TSecr=3045554411 [TCP segment of a reassembled PDU]"
"16973","30.556472279","192.168.1.55","192.168.1.2","TCP","1514","8004  >  50100 [ACK] Seq=257934 Ack=144 Win=65024 Len=1448 TSval=2916034637 TSecr=3045554411 [TCP segment of a reassembled PDU]"
"16974","30.556473687","192.168.1.55","192.168.1.2","TCP","1514","8004  >  50100 [ACK] Seq=259382 Ack=144 Win=65024 Len=1448 TSval=2916034637 TSecr=3045554411 [TCP segment of a reassembled PDU]"
"16975","30.556475057","192.168.1.55","192.168.1.2","TCP","1514","8004  >  50100 [PSH, ACK] Seq=260830 Ack=144 Win=65024 Len=1448 TSval=2916034637 TSecr=3045554411 [TCP segment of a reassembled PDU]"
"16976","30.563040919","192.168.1.2","192.168.1.55","TCP","66","50100  >  8004 [ACK] Seq=144 Ack=190606 Win=102400 Len=0 TSval=3045554417 TSecr=2916034636"
"16977","30.563141623","192.168.1.55","192.168.1.2","TCP","1514","8004  >  50100 [ACK] Seq=262278 Ack=144 Win=65024 Len=1448 TSval=2916034643 TSecr=3045554417 [TCP segment of a reassembled PDU]"
"16978","30.563150549","192.168.1.55","192.168.1.2","TCP","1514","8004  >  50100 [ACK] Seq=263726 Ack=144 Win=65024 Len=1448 TSval=2916034643 TSecr=3045554417 [TCP segment of a reassembled PDU]"
"16979","30.563151679","192.168.1.55","192.168.1.2","TCP","1514","8004  >  50100 [ACK] Seq=265174 Ack=144 Win=65024 Len=1448 TSval=2916034643 TSecr=3045554417 [TCP segment of a reassembled PDU]"
"16980","30.563152642","192.168.1.55","192.168.1.2","TCP","1514","8004  >  50100 [ACK] Seq=266622 Ack=144 Win=65024 Len=1448 TSval=2916034643 TSecr=3045554417 [TCP segment of a reassembled PDU]"
"16981","30.563153938","192.168.1.55","192.168.1.2","TCP","1514","8004  >  50100 [ACK] Seq=268070 Ack=144 Win=65024 Len=1448 TSval=2916034643 TSecr=3045554417 [TCP segment of a reassembled PDU]"
"16982","30.563155364","192.168.1.55","192.168.1.2","TCP","1514","8004  >  50100 [ACK] Seq=269518 Ack=144 Win=65024 Len=1448 TSval=2916034643 TSecr=3045554417 [TCP segment of a reassembled PDU]"
"16983","30.563157123","192.168.1.55","192.168.1.2","TCP","1514","8004  >  50100 [ACK] Seq=270966 Ack=144 Win=65024 Len=1448 TSval=2916034643 TSecr=3045554417 [TCP segment of a reassembled PDU]"
"16984","30.563158734","192.168.1.55","192.168.1.2","TCP","1514","8004  >  50100 [ACK] Seq=272414 Ack=144 Win=65024 Len=1448 TSval=2916034643 TSecr=3045554417 [TCP segment of a reassembled PDU]"
"16985","30.563159716","192.168.1.55","192.168.1.2","TCP","1514","8004  >  50100 [ACK] Seq=273862 Ack=144 Win=65024 Len=1448 TSval=2916034643 TSecr=3045554417 [TCP segment of a reassembled PDU]"
"16986","30.563160697","192.168.1.55","192.168.1.2","TCP","1514","8004  >  50100 [ACK] Seq=275310 Ack=144 Win=65024 Len=1448 TSval=2916034643 TSecr=3045554417 [TCP segment of a reassembled PDU]"
"16987","30.563161957","192.168.1.55","192.168.1.2","TCP","1514","8004  >  50100 [ACK] Seq=276758 Ack=144 Win=65024 Len=1448 TSval=2916034643 TSecr=3045554417 [TCP segment of a reassembled PDU]"
"16988","30.563163031","192.168.1.55","192.168.1.2","TCP","1514","8004  >  50100 [ACK] Seq=278206 Ack=144 Win=65024 Len=1448 TSval=2916034643 TSecr=3045554417 [TCP segment of a reassembled PDU]"
"16989","30.563165197","192.168.1.55","192.168.1.2","TCP","1514","8004  >  50100 [ACK] Seq=279654 Ack=144 Win=65024 Len=1448 TSval=2916034643 TSecr=3045554417 [TCP segment of a reassembled PDU]"
"16990","30.563166716","192.168.1.55","192.168.1.2","TCP","1514","8004  >  50100 [ACK] Seq=281102 Ack=144 Win=65024 Len=1448 TSval=2916034643 TSecr=3045554417 [TCP segment of a reassembled PDU]"
"16991","30.563168290","192.168.1.55","192.168.1.2","TCP","1514","8004  >  50100 [ACK] Seq=282550 Ack=144 Win=65024 Len=1448 TSval=2916034643 TSecr=3045554417 [TCP segment of a reassembled PDU]"
"16992","30.563169364","192.168.1.55","192.168.1.2","TCP","1514","8004  >  50100 [ACK] Seq=283998 Ack=144 Win=65024 Len=1448 TSval=2916034643 TSecr=3045554417 [TCP segment of a reassembled PDU]"
"16993","30.563170345","192.168.1.55","192.168.1.2","TCP","1514","8004  >  50100 [ACK] Seq=285446 Ack=144 Win=65024 Len=1448 TSval=2916034643 TSecr=3045554417 [TCP segment of a reassembled PDU]"
"16994","30.563171494","192.168.1.55","192.168.1.2","TCP","1514","8004  >  50100 [ACK] Seq=286894 Ack=144 Win=65024 Len=1448 TSval=2916034643 TSecr=3045554417 [TCP segment of a reassembled PDU]"
"16995","30.563172531","192.168.1.55","192.168.1.2","TCP","1514","8004  >  50100 [ACK] Seq=288342 Ack=144 Win=65024 Len=1448 TSval=2916034643 TSecr=3045554417 [TCP segment of a reassembled PDU]"
"16996","30.563173790","192.168.1.55","192.168.1.2","TCP","1514","8004  >  50100 [ACK] Seq=289790 Ack=144 Win=65024 Len=1448 TSval=2916034643 TSecr=3045554417 [TCP segment of a reassembled PDU]"
"16997","30.563176197","192.168.1.55","192.168.1.2","TCP","1514","8004  >  50100 [PSH, ACK] Seq=291238 Ack=144 Win=65024 Len=1448 TSval=2916034643 TSecr=3045554417 [TCP segment of a reassembled PDU]"
"16998","30.566078239","192.168.1.2","192.168.1.55","TCP","66","50100  >  8004 [ACK] Seq=144 Ack=205086 Win=88064 Len=0 TSval=3045554417 TSecr=2916034636"
"16999","30.566263128","192.168.1.2","192.168.1.55","TCP","66","50100  >  8004 [ACK] Seq=144 Ack=205806 Win=114688 Len=0 TSval=3045554418 TSecr=2916034636"
"17000","30.566284128","192.168.1.55","192.168.1.2","TCP","1514","8004  >  50100 [ACK] Seq=292686 Ack=144 Win=65024 Len=1448 TSval=2916034646 TSecr=3045554418 [TCP segment of a reassembled PDU]"
"17001","30.566287424","192.168.1.55","192.168.1.2","TCP","1514","8004  >  50100 [PSH, ACK] Seq=294134 Ack=144 Win=65024 Len=1448 TSval=2916034646 TSecr=3045554418 [TCP segment of a reassembled PDU]"
"17002","30.566297110","192.168.1.2","192.168.1.55","TCP","66","50100  >  8004 [ACK] Seq=144 Ack=252142 Win=76800 Len=0 TSval=3045554418 TSecr=2916034636"
"17003","30.566341684","192.168.1.55","192.168.1.2","TCP","1514","8004  >  50100 [ACK] Seq=295582 Ack=144 Win=65024 Len=1448 TSval=2916034647 TSecr=3045554418 [TCP segment of a reassembled PDU]"
"17004","30.566344091","192.168.1.55","192.168.1.2","TCP","1514","8004  >  50100 [ACK] Seq=297030 Ack=144 Win=65024 Len=1448 TSval=2916034647 TSecr=3045554418 [TCP segment of a reassembled PDU]"
"17005","30.566346073","192.168.1.55","192.168.1.2","TCP","1514","8004  >  50100 [ACK] Seq=298478 Ack=144 Win=65024 Len=1448 TSval=2916034647 TSecr=3045554418 [TCP segment of a reassembled PDU]"
"17006","30.566347554","192.168.1.55","192.168.1.2","TCP","1514","8004  >  50100 [ACK] Seq=299926 Ack=144 Win=65024 Len=1448 TSval=2916034647 TSecr=3045554418 [TCP segment of a reassembled PDU]"
"17007","30.566348721","192.168.1.55","192.168.1.2","TCP","1514","8004  >  50100 [ACK] Seq=301374 Ack=144 Win=65024 Len=1448 TSval=2916034647 TSecr=3045554418 [TCP segment of a reassembled PDU]"
"17008","30.566350536","192.168.1.55","192.168.1.2","TCP","1514","8004  >  50100 [ACK] Seq=302822 Ack=144 Win=65024 Len=1448 TSval=2916034647 TSecr=3045554418 [TCP segment of a reassembled PDU]"
"17009","30.566351739","192.168.1.55","192.168.1.2","TCP","1514","8004  >  50100 [ACK] Seq=304270 Ack=144 Win=65024 Len=1448 TSval=2916034647 TSecr=3045554418 [TCP segment of a reassembled PDU]"
"17010","30.566353258","192.168.1.55","192.168.1.2","TCP","1514","8004  >  50100 [ACK] Seq=305718 Ack=144 Win=65024 Len=1448 TSval=2916034647 TSecr=3045554418 [TCP segment of a reassembled PDU]"
"17011","30.566354776","192.168.1.55","192.168.1.2","TCP","1514","8004  >  50100 [ACK] Seq=307166 Ack=144 Win=65024 Len=1448 TSval=2916034647 TSecr=3045554418 [TCP segment of a reassembled PDU]"
"17012","30.566356091","192.168.1.55","192.168.1.2","TCP","1514","8004  >  50100 [ACK] Seq=308614 Ack=144 Win=65024 Len=1448 TSval=2916034647 TSecr=3045554418 [TCP segment of a reassembled PDU]"
"17013","30.566357517","192.168.1.55","192.168.1.2","TCP","1514","8004  >  50100 [ACK] Seq=310062 Ack=144 Win=65024 Len=1448 TSval=2916034647 TSecr=3045554418 [TCP segment of a reassembled PDU]"
"17014","30.566358721","192.168.1.55","192.168.1.2","TCP","1514","8004  >  50100 [ACK] Seq=311510 Ack=144 Win=65024 Len=1448 TSval=2916034647 TSecr=3045554418 [TCP segment of a reassembled PDU]"
"17015","30.566360369","192.168.1.55","192.168.1.2","TCP","1514","8004  >  50100 [ACK] Seq=312958 Ack=144 Win=65024 Len=1448 TSval=2916034647 TSecr=3045554418 [TCP segment of a reassembled PDU]"
"17016","30.566361684","192.168.1.55","192.168.1.2","TCP","1514","8004  >  50100 [ACK] Seq=314406 Ack=144 Win=65024 Len=1448 TSval=2916034647 TSecr=3045554418 [TCP segment of a reassembled PDU]"
"17017","30.566363017","192.168.1.55","192.168.1.2","TCP","1514","8004  >  50100 [ACK] Seq=315854 Ack=144 Win=65024 Len=1448 TSval=2916034647 TSecr=3045554418 [TCP segment of a reassembled PDU]"
"17018","30.566365110","192.168.1.55","192.168.1.2","TCP","1514","8004  >  50100 [ACK] Seq=317302 Ack=144 Win=65024 Len=1448 TSval=2916034647 TSecr=3045554418 [TCP segment of a reassembled PDU]"
"17019","30.566366962","192.168.1.55","192.168.1.2","TCP","1514","8004  >  50100 [ACK] Seq=318750 Ack=144 Win=65024 Len=1448 TSval=2916034647 TSecr=3045554418 [TCP segment of a reassembled PDU]"
"17020","30.566369721","192.168.1.55","192.168.1.2","TCP","1514","8004  >  50100 [ACK] Seq=320198 Ack=144 Win=65024 Len=1448 TSval=2916034647 TSecr=3045554418 [TCP segment of a reassembled PDU]"
"17021","30.566371850","192.168.1.55","192.168.1.2","TCP","1514","8004  >  50100 [ACK] Seq=321646 Ack=144 Win=65024 Len=1448 TSval=2916034647 TSecr=3045554418 [TCP segment of a reassembled PDU]"
"17022","30.566373147","192.168.1.55","192.168.1.2","TCP","1514","8004  >  50100 [ACK] Seq=323094 Ack=144 Win=65024 Len=1448 TSval=2916034647 TSecr=3045554418 [TCP segment of a reassembled PDU]"
"17023","30.566374721","192.168.1.55","192.168.1.2","TCP","1514","8004  >  50100 [ACK] Seq=324542 Ack=144 Win=65024 Len=1448 TSval=2916034647 TSecr=3045554418 [TCP segment of a reassembled PDU]"
"17024","30.566376554","192.168.1.55","192.168.1.2","TCP","1514","8004  >  50100 [ACK] Seq=325990 Ack=144 Win=65024 Len=1448 TSval=2916034647 TSecr=3045554418 [TCP segment of a reassembled PDU]"
"17025","30.566377776","192.168.1.55","192.168.1.2","TCP","1514","8004  >  50100 [ACK] Seq=327438 Ack=144 Win=65024 Len=1448 TSval=2916034647 TSecr=3045554418 [TCP segment of a reassembled PDU]"
"17026","30.566378776","192.168.1.55","192.168.1.2","TCP","122","[TCP Window Full] 8004  >  50100 [PSH, ACK] Seq=328886 Ack=144 Win=65024 Len=56 TSval=2916034647 TSecr=3045554418 [TCP segment of a reassembled PDU]"
"17027","30.566387350","192.168.1.2","192.168.1.55","TCP","66","50100  >  8004 [ACK] Seq=144 Ack=259382 Win=112640 Len=0 TSval=3045554418 TSecr=2916034637"
"17028","30.566418073","192.168.1.55","192.168.1.2","TCP","1514","8004  >  50100 [ACK] Seq=328942 Ack=144 Win=65024 Len=1448 TSval=2916034647 TSecr=3045554418 [TCP segment of a reassembled PDU]"
"17029","30.566421221","192.168.1.55","192.168.1.2","TCP","1514","8004  >  50100 [ACK] Seq=330390 Ack=144 Win=65024 Len=1448 TSval=2916034647 TSecr=3045554418 [TCP segment of a reassembled PDU]"
"17030","30.566422739","192.168.1.55","192.168.1.2","TCP","1514","8004  >  50100 [ACK] Seq=331838 Ack=144 Win=65024 Len=1448 TSval=2916034647 TSecr=3045554418 [TCP segment of a reassembled PDU]"
"17031","30.566424406","192.168.1.55","192.168.1.2","TCP","1514","8004  >  50100 [ACK] Seq=333286 Ack=144 Win=65024 Len=1448 TSval=2916034647 TSecr=3045554418 [TCP segment of a reassembled PDU]"
"17032","30.566425610","192.168.1.55","192.168.1.2","TCP","1514","8004  >  50100 [ACK] Seq=334734 Ack=144 Win=65024 Len=1448 TSval=2916034647 TSecr=3045554418 [TCP segment of a reassembled PDU]"
"17033","30.566427221","192.168.1.55","192.168.1.2","TCP","1514","8004  >  50100 [ACK] Seq=336182 Ack=144 Win=65024 Len=1448 TSval=2916034647 TSecr=3045554418 [TCP segment of a reassembled PDU]"
"17034","30.566428906","192.168.1.55","192.168.1.2","TCP","1514","8004  >  50100 [PSH, ACK] Seq=337630 Ack=144 Win=65024 Len=1448 TSval=2916034647 TSecr=3045554418 [TCP segment of a reassembled PDU]"
"17035","30.566437165","192.168.1.55","192.168.1.2","TCP","1458","8004  >  50100 [ACK] Seq=339078 Ack=144 Win=65024 Len=1392 TSval=2916034647 TSecr=3045554418 [TCP segment of a reassembled PDU]"
"17036","30.566441554","192.168.1.2","192.168.1.55","TCP","66","50100  >  8004 [ACK] Seq=144 Ack=262278 Win=114688 Len=0 TSval=3045554419 TSecr=2916034637"
"17037","30.566593369","192.168.1.55","192.168.1.2","TCP","1514","8004  >  50100 [ACK] Seq=340470 Ack=144 Win=65024 Len=1448 TSval=2916034647 TSecr=3045554419 [TCP segment of a reassembled PDU]"
"17038","30.566598740","192.168.1.55","192.168.1.2","TCP","1514","8004  >  50100 [ACK] Seq=341918 Ack=144 Win=65024 Len=1448 TSval=2916034647 TSecr=3045554419 [TCP segment of a reassembled PDU]"
"17039","30.566599943","192.168.1.55","192.168.1.2","TCP","1514","8004  >  50100 [ACK] Seq=343366 Ack=144 Win=65024 Len=1448 TSval=2916034647 TSecr=3045554419 [TCP segment of a reassembled PDU]"
"17040","30.566602017","192.168.1.55","192.168.1.2","TCP","1514","8004  >  50100 [ACK] Seq=344814 Ack=144 Win=65024 Len=1448 TSval=2916034647 TSecr=3045554419 [TCP segment of a reassembled PDU]"
"17041","30.566603277","192.168.1.55","192.168.1.2","TCP","1514","8004  >  50100 [ACK] Seq=346262 Ack=144 Win=65024 Len=1448 TSval=2916034647 TSecr=3045554419 [TCP segment of a reassembled PDU]"
"17042","30.566604462","192.168.1.55","192.168.1.2","TCP","1514","8004  >  50100 [ACK] Seq=347710 Ack=144 Win=65024 Len=1448 TSval=2916034647 TSecr=3045554419 [TCP segment of a reassembled PDU]"
"17043","30.566605869","192.168.1.55","192.168.1.2","TCP","1514","8004  >  50100 [ACK] Seq=349158 Ack=144 Win=65024 Len=1448 TSval=2916034647 TSecr=3045554419 [TCP segment of a reassembled PDU]"
"17044","30.566607980","192.168.1.55","192.168.1.2","TCP","1514","8004  >  50100 [ACK] Seq=350606 Ack=144 Win=65024 Len=1448 TSval=2916034647 TSecr=3045554419 [TCP segment of a reassembled PDU]"
"17045","30.566609166","192.168.1.55","192.168.1.2","TCP","1514","8004  >  50100 [ACK] Seq=352054 Ack=144 Win=65024 Len=1448 TSval=2916034647 TSecr=3045554419 [TCP segment of a reassembled PDU]"
"17046","30.566610480","192.168.1.55","192.168.1.2","TCP","1514","8004  >  50100 [ACK] Seq=353502 Ack=144 Win=65024 Len=1448 TSval=2916034647 TSecr=3045554419 [TCP segment of a reassembled PDU]"
"17047","30.566611795","192.168.1.55","192.168.1.2","TCP","1514","8004  >  50100 [ACK] Seq=354950 Ack=144 Win=65024 Len=1448 TSval=2916034647 TSecr=3045554419 [TCP segment of a reassembled PDU]"
"17048","30.566612943","192.168.1.55","192.168.1.2","TCP","1514","8004  >  50100 [ACK] Seq=356398 Ack=144 Win=65024 Len=1448 TSval=2916034647 TSecr=3045554419 [TCP segment of a reassembled PDU]"
"17049","30.566614295","192.168.1.55","192.168.1.2","TCP","1514","8004  >  50100 [ACK] Seq=357846 Ack=144 Win=65024 Len=1448 TSval=2916034647 TSecr=3045554419 [TCP segment of a reassembled PDU]"
"17050","30.566616018","192.168.1.55","192.168.1.2","TCP","1514","8004  >  50100 [ACK] Seq=359294 Ack=144 Win=65024 Len=1448 TSval=2916034647 TSecr=3045554419 [TCP segment of a reassembled PDU]"
"17051","30.566618166","192.168.1.55","192.168.1.2","TCP","1514","8004  >  50100 [ACK] Seq=360742 Ack=144 Win=65024 Len=1448 TSval=2916034647 TSecr=3045554419 [TCP segment of a reassembled PDU]"
"17052","30.566619573","192.168.1.55","192.168.1.2","TCP","1514","8004  >  50100 [ACK] Seq=362190 Ack=144 Win=65024 Len=1448 TSval=2916034647 TSecr=3045554419 [TCP segment of a reassembled PDU]"
"17053","30.566620943","192.168.1.55","192.168.1.2","TCP","1514","8004  >  50100 [ACK] Seq=363638 Ack=144 Win=65024 Len=1448 TSval=2916034647 TSecr=3045554419 [TCP segment of a reassembled PDU]"
"17054","30.566622555","192.168.1.55","192.168.1.2","TCP","1514","8004  >  50100 [ACK] Seq=365086 Ack=144 Win=65024 Len=1448 TSval=2916034647 TSecr=3045554419 [TCP segment of a reassembled PDU]"
"17055","30.566623980","192.168.1.55","192.168.1.2","TCP","1514","8004  >  50100 [ACK] Seq=366534 Ack=144 Win=65024 Len=1448 TSval=2916034647 TSecr=3045554419 [TCP segment of a reassembled PDU]"
"17056","30.566626018","192.168.1.55","192.168.1.2","TCP","1514","8004  >  50100 [ACK] Seq=367982 Ack=144 Win=65024 Len=1448 TSval=2916034647 TSecr=3045554419 [TCP segment of a reassembled PDU]"
"17057","30.566627092","192.168.1.55","192.168.1.2","TCP","1514","8004  >  50100 [ACK] Seq=369430 Ack=144 Win=65024 Len=1448 TSval=2916034647 TSecr=3045554419 [TCP segment of a reassembled PDU]"
"17058","30.566629221","192.168.1.55","192.168.1.2","TCP","1514","8004  >  50100 [ACK] Seq=370878 Ack=144 Win=65024 Len=1448 TSval=2916034647 TSecr=3045554419 [TCP segment of a reassembled PDU]"
"17059","30.566630555","192.168.1.55","192.168.1.2","TCP","1514","8004  >  50100 [ACK] Seq=372326 Ack=144 Win=65024 Len=1448 TSval=2916034647 TSecr=3045554419 [TCP segment of a reassembled PDU]"
"17060","30.566633092","192.168.1.55","192.168.1.2","TCP","1514","8004  >  50100 [ACK] Seq=373774 Ack=144 Win=65024 Len=1448 TSval=2916034647 TSecr=3045554419 [TCP segment of a reassembled PDU]"
"17061","30.566634518","192.168.1.55","192.168.1.2","TCP","1514","8004  >  50100 [PSH, ACK] Seq=375222 Ack=144 Win=65024 Len=1448 TSval=2916034647 TSecr=3045554419 [TCP segment of a reassembled PDU]"
"17062","30.566706166","192.168.1.2","192.168.1.55","TCP","66","50100  >  8004 [ACK] Seq=144 Ack=272414 Win=110592 Len=0 TSval=3045554421 TSecr=2916034643"
"17063","30.566728610","192.168.1.2","192.168.1.55","TCP","66","50100  >  8004 [ACK] Seq=144 Ack=275310 Win=108544 Len=0 TSval=3045554421 TSecr=2916034643"
"17064","30.566748833","192.168.1.55","192.168.1.2","TCP","1514","8004  >  50100 [ACK] Seq=376670 Ack=144 Win=65024 Len=1448 TSval=2916034647 TSecr=3045554421 [TCP segment of a reassembled PDU]"
"17065","30.566751833","192.168.1.55","192.168.1.2","TCP","1514","8004  >  50100 [ACK] Seq=378118 Ack=144 Win=65024 Len=1448 TSval=2916034647 TSecr=3045554421 [TCP segment of a reassembled PDU]"
"17066","30.566753370","192.168.1.55","192.168.1.2","TCP","1514","8004  >  50100 [ACK] Seq=379566 Ack=144 Win=65024 Len=1448 TSval=2916034647 TSecr=3045554421 [TCP segment of a reassembled PDU]"
"17067","30.566754629","192.168.1.55","192.168.1.2","TCP","1514","8004  >  50100 [PSH, ACK] Seq=381014 Ack=144 Win=65024 Len=1448 TSval=2916034647 TSecr=3045554421 [TCP segment of a reassembled PDU]"
"17068","30.566759907","192.168.1.2","192.168.1.55","TCP","66","50100  >  8004 [ACK] Seq=144 Ack=285446 Win=110592 Len=0 TSval=3045554421 TSecr=2916034643"
"17069","30.566780221","192.168.1.55","192.168.1.2","TCP","1514","8004  >  50100 [ACK] Seq=382462 Ack=144 Win=65024 Len=1448 TSval=2916034647 TSecr=3045554421 [TCP segment of a reassembled PDU]"
"17070","30.566781870","192.168.1.55","192.168.1.2","TCP","1514","8004  >  50100 [PSH, ACK] Seq=383910 Ack=144 Win=65024 Len=1448 TSval=2916034647 TSecr=3045554421 [TCP segment of a reassembled PDU]"
"17071","30.567970501","192.168.1.55","192.168.1.2","TCP","1514","8004  >  50100 [ACK] Seq=385358 Ack=144 Win=65024 Len=1448 TSval=2916034648 TSecr=3045554421 [TCP segment of a reassembled PDU]"
"17072","30.567975797","192.168.1.55","192.168.1.2","TCP","1514","8004  >  50100 [ACK] Seq=386806 Ack=144 Win=65024 Len=1448 TSval=2916034648 TSecr=3045554421 [TCP segment of a reassembled PDU]"
"17073","30.567977001","192.168.1.55","192.168.1.2","TCP","1514","8004  >  50100 [ACK] Seq=388254 Ack=144 Win=65024 Len=1448 TSval=2916034648 TSecr=3045554421 [TCP segment of a reassembled PDU]"
"17074","30.567978446","192.168.1.55","192.168.1.2","TCP","1514","8004  >  50100 [ACK] Seq=389702 Ack=144 Win=65024 Len=1448 TSval=2916034648 TSecr=3045554421 [TCP segment of a reassembled PDU]"
"17075","30.567979538","192.168.1.55","192.168.1.2","TCP","1514","8004  >  50100 [ACK] Seq=391150 Ack=144 Win=65024 Len=1448 TSval=2916034648 TSecr=3045554421 [TCP segment of a reassembled PDU]"
"17076","30.567980705","192.168.1.55","192.168.1.2","TCP","1514","8004  >  50100 [ACK] Seq=392598 Ack=144 Win=65024 Len=1448 TSval=2916034648 TSecr=3045554421 [TCP segment of a reassembled PDU]"
"17077","30.567982705","192.168.1.55","192.168.1.2","TCP","1514","8004  >  50100 [PSH, ACK] Seq=394046 Ack=144 Win=65024 Len=1448 TSval=2916034648 TSecr=3045554421 [TCP segment of a reassembled PDU]"
"17078","30.572756490","192.168.1.2","192.168.1.55","TCP","66","50100  >  8004 [ACK] Seq=144 Ack=292686 Win=129024 Len=0 TSval=3045554423 TSecr=2916034643"
"17079","30.572823638","192.168.1.55","192.168.1.2","TCP","1514","8004  >  50100 [ACK] Seq=395494 Ack=144 Win=65024 Len=1448 TSval=2916034653 TSecr=3045554423 [TCP segment of a reassembled PDU]"
"17080","30.572827175","192.168.1.55","192.168.1.2","TCP","1514","8004  >  50100 [ACK] Seq=396942 Ack=144 Win=65024 Len=1448 TSval=2916034653 TSecr=3045554423 [TCP segment of a reassembled PDU]"
"17081","30.572829324","192.168.1.55","192.168.1.2","TCP","1514","8004  >  50100 [ACK] Seq=398390 Ack=144 Win=65024 Len=1448 TSval=2916034653 TSecr=3045554423 [TCP segment of a reassembled PDU]"
"17082","30.572831083","192.168.1.55","192.168.1.2","TCP","1514","8004  >  50100 [ACK] Seq=399838 Ack=144 Win=65024 Len=1448 TSval=2916034653 TSecr=3045554423 [TCP segment of a reassembled PDU]"
"17083","30.572832120","192.168.1.55","192.168.1.2","TCP","1514","8004  >  50100 [ACK] Seq=401286 Ack=144 Win=65024 Len=1448 TSval=2916034653 TSecr=3045554423 [TCP segment of a reassembled PDU]"
"17084","30.572833175","192.168.1.55","192.168.1.2","TCP","1514","8004  >  50100 [ACK] Seq=402734 Ack=144 Win=65024 Len=1448 TSval=2916034653 TSecr=3045554423 [TCP segment of a reassembled PDU]"
"17085","30.572835972","192.168.1.55","192.168.1.2","TCP","1514","8004  >  50100 [ACK] Seq=404182 Ack=144 Win=65024 Len=1448 TSval=2916034653 TSecr=3045554423 [TCP segment of a reassembled PDU]"
"17086","30.572837546","192.168.1.55","192.168.1.2","TCP","1514","8004  >  50100 [ACK] Seq=405630 Ack=144 Win=65024 Len=1448 TSval=2916034653 TSecr=3045554423 [TCP segment of a reassembled PDU]"
"17087","30.572838935","192.168.1.55","192.168.1.2","TCP","1514","8004  >  50100 [ACK] Seq=407078 Ack=144 Win=65024 Len=1448 TSval=2916034653 TSecr=3045554423 [TCP segment of a reassembled PDU]"
"17088","30.572840064","192.168.1.55","192.168.1.2","TCP","1514","8004  >  50100 [ACK] Seq=408526 Ack=144 Win=65024 Len=1448 TSval=2916034653 TSecr=3045554423 [TCP segment of a reassembled PDU]"
"17089","30.572841249","192.168.1.55","192.168.1.2","TCP","1514","8004  >  50100 [ACK] Seq=409974 Ack=144 Win=65024 Len=1448 TSval=2916034653 TSecr=3045554423 [TCP segment of a reassembled PDU]"
"17090","30.572842861","192.168.1.55","192.168.1.2","TCP","1514","8004  >  50100 [ACK] Seq=411422 Ack=144 Win=65024 Len=1448 TSval=2916034653 TSecr=3045554423 [TCP segment of a reassembled PDU]"
"17091","30.572845601","192.168.1.55","192.168.1.2","TCP","1514","8004  >  50100 [ACK] Seq=412870 Ack=144 Win=65024 Len=1448 TSval=2916034653 TSecr=3045554423 [TCP segment of a reassembled PDU]"
"17092","30.572846861","192.168.1.55","192.168.1.2","TCP","1514","8004  >  50100 [ACK] Seq=414318 Ack=144 Win=65024 Len=1448 TSval=2916034653 TSecr=3045554423 [TCP segment of a reassembled PDU]"
"17093","30.572847916","192.168.1.55","192.168.1.2","TCP","1514","8004  >  50100 [ACK] Seq=415766 Ack=144 Win=65024 Len=1448 TSval=2916034653 TSecr=3045554423 [TCP segment of a reassembled PDU]"
"17094","30.572849361","192.168.1.55","192.168.1.2","TCP","1514","8004  >  50100 [ACK] Seq=417214 Ack=144 Win=65024 Len=1448 TSval=2916034653 TSecr=3045554423 [TCP segment of a reassembled PDU]"
"17095","30.572850787","192.168.1.55","192.168.1.2","TCP","1514","8004  >  50100 [ACK] Seq=418662 Ack=144 Win=65024 Len=1448 TSval=2916034653 TSecr=3045554423 [TCP segment of a reassembled PDU]"
"17096","30.572852601","192.168.1.55","192.168.1.2","TCP","1514","8004  >  50100 [PSH, ACK] Seq=420110 Ack=144 Win=65024 Len=1448 TSval=2916034653 TSecr=3045554423 [TCP segment of a reassembled PDU]"
"17097","30.573588954","192.168.1.2","192.168.1.55","TCP","66","50100  >  8004 [ACK] Seq=144 Ack=295582 Win=135168 Len=0 TSval=3045554429 TSecr=2916034646"
"17098","30.573610084","192.168.1.55","192.168.1.2","TCP","1514","8004  >  50100 [ACK] Seq=421558 Ack=144 Win=65024 Len=1448 TSval=2916034654 TSecr=3045554429 [TCP segment of a reassembled PDU]"
"17099","30.573612066","192.168.1.55","192.168.1.2","TCP","1514","8004  >  50100 [ACK] Seq=423006 Ack=144 Win=65024 Len=1448 TSval=2916034654 TSecr=3045554429 [TCP segment of a reassembled PDU]"
"17100","30.573614047","192.168.1.55","192.168.1.2","TCP","1514","8004  >  50100 [ACK] Seq=424454 Ack=144 Win=65024 Len=1448 TSval=2916034654 TSecr=3045554429 [TCP segment of a reassembled PDU]"
"17101","30.573616269","192.168.1.55","192.168.1.2","TCP","1514","8004  >  50100 [ACK] Seq=425902 Ack=144 Win=65024 Len=1448 TSval=2916034654 TSecr=3045554429 [TCP segment of a reassembled PDU]"
"17102","30.573617547","192.168.1.55","192.168.1.2","TCP","1514","8004  >  50100 [ACK] Seq=427350 Ack=144 Win=65024 Len=1448 TSval=2916034654 TSecr=3045554429 [TCP segment of a reassembled PDU]"
"17103","30.573618825","192.168.1.55","192.168.1.2","TCP","1514","8004  >  50100 [PSH, ACK] Seq=428798 Ack=144 Win=65024 Len=1448 TSval=2916034654 TSecr=3045554429 [TCP segment of a reassembled PDU]"
"17104","30.573681529","192.168.1.2","192.168.1.55","TCP","66","50100  >  8004 [ACK] Seq=144 Ack=339078 Win=151552 Len=0 TSval=3045554429 TSecr=2916034647"
"17105","30.573728529","192.168.1.55","192.168.1.2","TCP","1514","8004  >  50100 [ACK] Seq=430246 Ack=144 Win=65024 Len=1448 TSval=2916034654 TSecr=3045554429 [TCP segment of a reassembled PDU]"
"17106","30.573730399","192.168.1.55","192.168.1.2","TCP","1514","8004  >  50100 [ACK] Seq=431694 Ack=144 Win=65024 Len=1448 TSval=2916034654 TSecr=3045554429 [TCP segment of a reassembled PDU]"
"17107","30.573731936","192.168.1.55","192.168.1.2","TCP","1514","8004  >  50100 [ACK] Seq=433142 Ack=144 Win=65024 Len=1448 TSval=2916034654 TSecr=3045554429 [TCP segment of a reassembled PDU]"
"17108","30.573734955","192.168.1.55","192.168.1.2","TCP","1514","8004  >  50100 [ACK] Seq=434590 Ack=144 Win=65024 Len=1448 TSval=2916034654 TSecr=3045554429 [TCP segment of a reassembled PDU]"
"17109","30.573736621","192.168.1.55","192.168.1.2","TCP","1514","8004  >  50100 [ACK] Seq=436038 Ack=144 Win=65024 Len=1448 TSval=2916034654 TSecr=3045554429 [TCP segment of a reassembled PDU]"
"17110","30.573738084","192.168.1.55","192.168.1.2","TCP","1514","8004  >  50100 [ACK] Seq=437486 Ack=144 Win=65024 Len=1448 TSval=2916034654 TSecr=3045554429 [TCP segment of a reassembled PDU]"
"17111","30.573740121","192.168.1.55","192.168.1.2","TCP","1514","8004  >  50100 [ACK] Seq=438934 Ack=144 Win=65024 Len=1448 TSval=2916034654 TSecr=3045554429 [TCP segment of a reassembled PDU]"
"17112","30.573742214","192.168.1.55","192.168.1.2","TCP","1514","8004  >  50100 [ACK] Seq=440382 Ack=144 Win=65024 Len=1448 TSval=2916034654 TSecr=3045554429 [TCP segment of a reassembled PDU]"
"17113","30.573743584","192.168.1.55","192.168.1.2","TCP","1514","8004  >  50100 [ACK] Seq=441830 Ack=144 Win=65024 Len=1448 TSval=2916034654 TSecr=3045554429 [TCP segment of a reassembled PDU]"
"17114","30.573744806","192.168.1.55","192.168.1.2","TCP","1514","8004  >  50100 [ACK] Seq=443278 Ack=144 Win=65024 Len=1448 TSval=2916034654 TSecr=3045554429 [TCP segment of a reassembled PDU]"
"17115","30.573746047","192.168.1.55","192.168.1.2","TCP","1514","8004  >  50100 [ACK] Seq=444726 Ack=144 Win=65024 Len=1448 TSval=2916034654 TSecr=3045554429 [TCP segment of a reassembled PDU]"
"17116","30.573747529","192.168.1.55","192.168.1.2","TCP","1514","8004  >  50100 [ACK] Seq=446174 Ack=144 Win=65024 Len=1448 TSval=2916034654 TSecr=3045554429 [TCP segment of a reassembled PDU]"
"17117","30.573748825","192.168.1.55","192.168.1.2","TCP","1514","8004  >  50100 [ACK] Seq=447622 Ack=144 Win=65024 Len=1448 TSval=2916034654 TSecr=3045554429 [TCP segment of a reassembled PDU]"
"17118","30.573750214","192.168.1.55","192.168.1.2","TCP","1514","8004  >  50100 [ACK] Seq=449070 Ack=144 Win=65024 Len=1448 TSval=2916034654 TSecr=3045554429 [TCP segment of a reassembled PDU]"
"17119","30.573752455","192.168.1.55","192.168.1.2","TCP","1514","8004  >  50100 [ACK] Seq=450518 Ack=144 Win=65024 Len=1448 TSval=2916034654 TSecr=3045554429 [TCP segment of a reassembled PDU]"
"17120","30.573754269","192.168.1.55","192.168.1.2","TCP","1514","8004  >  50100 [ACK] Seq=451966 Ack=144 Win=65024 Len=1448 TSval=2916034654 TSecr=3045554429 [TCP segment of a reassembled PDU]"
"17121","30.573755529","192.168.1.55","192.168.1.2","TCP","1514","8004  >  50100 [ACK] Seq=453414 Ack=144 Win=65024 Len=1448 TSval=2916034654 TSecr=3045554429 [TCP segment of a reassembled PDU]"
"17122","30.573757621","192.168.1.55","192.168.1.2","TCP","1514","8004  >  50100 [ACK] Seq=454862 Ack=144 Win=65024 Len=1448 TSval=2916034654 TSecr=3045554429 [TCP segment of a reassembled PDU]"
"17123","30.573759695","192.168.1.55","192.168.1.2","TCP","1514","8004  >  50100 [ACK] Seq=456310 Ack=144 Win=65024 Len=1448 TSval=2916034654 TSecr=3045554429 [TCP segment of a reassembled PDU]"
"17124","30.573761436","192.168.1.55","192.168.1.2","TCP","1514","8004  >  50100 [ACK] Seq=457758 Ack=144 Win=65024 Len=1448 TSval=2916034654 TSecr=3045554429 [TCP segment of a reassembled PDU]"
"17125","30.573762732","192.168.1.55","192.168.1.2","TCP","1514","8004  >  50100 [ACK] Seq=459206 Ack=144 Win=65024 Len=1448 TSval=2916034654 TSecr=3045554429 [TCP segment of a reassembled PDU]"
"17126","30.573764306","192.168.1.55","192.168.1.2","TCP","1514","8004  >  50100 [ACK] Seq=460654 Ack=144 Win=65024 Len=1448 TSval=2916034654 TSecr=3045554429 [TCP segment of a reassembled PDU]"
"17127","30.573765899","192.168.1.55","192.168.1.2","TCP","1514","8004  >  50100 [ACK] Seq=462102 Ack=144 Win=65024 Len=1448 TSval=2916034654 TSecr=3045554429 [TCP segment of a reassembled PDU]"
"17128","30.573767214","192.168.1.55","192.168.1.2","TCP","1514","8004  >  50100 [ACK] Seq=463550 Ack=144 Win=65024 Len=1448 TSval=2916034654 TSecr=3045554429 [TCP segment of a reassembled PDU]"
"17129","30.573768769","192.168.1.55","192.168.1.2","TCP","1514","8004  >  50100 [ACK] Seq=464998 Ack=144 Win=65024 Len=1448 TSval=2916034654 TSecr=3045554429 [TCP segment of a reassembled PDU]"
"17130","30.573770621","192.168.1.55","192.168.1.2","TCP","1514","8004  >  50100 [ACK] Seq=466446 Ack=144 Win=65024 Len=1448 TSval=2916034654 TSecr=3045554429 [TCP segment of a reassembled PDU]"
"17131","30.573780807","192.168.1.55","192.168.1.2","TCP","1514","8004  >  50100 [ACK] Seq=467894 Ack=144 Win=65024 Len=1448 TSval=2916034654 TSecr=3045554429 [TCP segment of a reassembled PDU]"
"17132","30.573782307","192.168.1.55","192.168.1.2","TCP","1514","8004  >  50100 [ACK] Seq=469342 Ack=144 Win=65024 Len=1448 TSval=2916034654 TSecr=3045554429 [TCP segment of a reassembled PDU]"
"17133","30.573783844","192.168.1.55","192.168.1.2","TCP","1514","8004  >  50100 [ACK] Seq=470790 Ack=144 Win=65024 Len=1448 TSval=2916034654 TSecr=3045554429 [TCP segment of a reassembled PDU]"
"17134","30.573785047","192.168.1.55","192.168.1.2","TCP","1514","8004  >  50100 [ACK] Seq=472238 Ack=144 Win=65024 Len=1448 TSval=2916034654 TSecr=3045554429 [TCP segment of a reassembled PDU]"
"17135","30.573786381","192.168.1.55","192.168.1.2","TCP","1514","8004  >  50100 [PSH, ACK] Seq=473686 Ack=144 Win=65024 Len=1448 TSval=2916034654 TSecr=3045554429 [TCP segment of a reassembled PDU]"
"17136","30.573792140","192.168.1.2","192.168.1.55","TCP","66","50100  >  8004 [ACK] Seq=144 Ack=340470 Win=151552 Len=0 TSval=3045554429 TSecr=2916034647"
"17137","30.573801436","192.168.1.2","192.168.1.55","TCP","66","50100  >  8004 [ACK] Seq=144 Ack=376670 Win=163840 Len=0 TSval=3045554429 TSecr=2916034647"
"17138","30.573840788","192.168.1.55","192.168.1.2","TCP","1514","8004  >  50100 [ACK] Seq=475134 Ack=144 Win=65024 Len=1448 TSval=2916034654 TSecr=3045554429 [TCP segment of a reassembled PDU]"
"17139","30.573842714","192.168.1.55","192.168.1.2","TCP","1514","8004  >  50100 [ACK] Seq=476582 Ack=144 Win=65024 Len=1448 TSval=2916034654 TSecr=3045554429 [TCP segment of a reassembled PDU]"
"17140","30.573844936","192.168.1.55","192.168.1.2","TCP","1514","8004  >  50100 [ACK] Seq=478030 Ack=144 Win=65024 Len=1448 TSval=2916034654 TSecr=3045554429 [TCP segment of a reassembled PDU]"
"17141","30.573846603","192.168.1.55","192.168.1.2","TCP","1514","8004  >  50100 [ACK] Seq=479478 Ack=144 Win=65024 Len=1448 TSval=2916034654 TSecr=3045554429 [TCP segment of a reassembled PDU]"
"17142","30.573848344","192.168.1.55","192.168.1.2","TCP","1514","8004  >  50100 [ACK] Seq=480926 Ack=144 Win=65024 Len=1448 TSval=2916034654 TSecr=3045554429 [TCP segment of a reassembled PDU]"
"17143","30.573849788","192.168.1.55","192.168.1.2","TCP","1514","8004  >  50100 [ACK] Seq=482374 Ack=144 Win=65024 Len=1448 TSval=2916034654 TSecr=3045554429 [TCP segment of a reassembled PDU]"
"17144","30.573851307","192.168.1.55","192.168.1.2","TCP","1514","8004  >  50100 [ACK] Seq=483822 Ack=144 Win=65024 Len=1448 TSval=2916034654 TSecr=3045554429 [TCP segment of a reassembled PDU]"
"17145","30.573853862","192.168.1.55","192.168.1.2","TCP","1514","8004  >  50100 [ACK] Seq=485270 Ack=144 Win=65024 Len=1448 TSval=2916034654 TSecr=3045554429 [TCP segment of a reassembled PDU]"
"17146","30.573855621","192.168.1.55","192.168.1.2","TCP","1514","8004  >  50100 [ACK] Seq=486718 Ack=144 Win=65024 Len=1448 TSval=2916034654 TSecr=3045554429 [TCP segment of a reassembled PDU]"
"17147","30.573857418","192.168.1.55","192.168.1.2","TCP","1514","8004  >  50100 [ACK] Seq=488166 Ack=144 Win=65024 Len=1448 TSval=2916034654 TSecr=3045554429 [TCP segment of a reassembled PDU]"
"17148","30.573859233","192.168.1.55","192.168.1.2","TCP","1514","8004  >  50100 [ACK] Seq=489614 Ack=144 Win=65024 Len=1448 TSval=2916034654 TSecr=3045554429 [TCP segment of a reassembled PDU]"
"17149","30.573861010","192.168.1.55","192.168.1.2","TCP","1514","8004  >  50100 [ACK] Seq=491062 Ack=144 Win=65024 Len=1448 TSval=2916034654 TSecr=3045554429 [TCP segment of a reassembled PDU]"
"17150","30.573862584","192.168.1.55","192.168.1.2","TCP","1514","8004  >  50100 [ACK] Seq=492510 Ack=144 Win=65024 Len=1448 TSval=2916034654 TSecr=3045554429 [TCP segment of a reassembled PDU]"
"17151","30.573863936","192.168.1.55","192.168.1.2","TCP","1514","8004  >  50100 [ACK] Seq=493958 Ack=144 Win=65024 Len=1448 TSval=2916034654 TSecr=3045554429 [TCP segment of a reassembled PDU]"
"17152","30.573865288","192.168.1.55","192.168.1.2","TCP","1514","8004  >  50100 [ACK] Seq=495406 Ack=144 Win=65024 Len=1448 TSval=2916034654 TSecr=3045554429 [TCP segment of a reassembled PDU]"
"17153","30.573868233","192.168.1.55","192.168.1.2","TCP","1514","8004  >  50100 [ACK] Seq=496854 Ack=144 Win=65024 Len=1448 TSval=2916034654 TSecr=3045554429 [TCP segment of a reassembled PDU]"
"17154","30.573871251","192.168.1.55","192.168.1.2","HTTP","222","HTTP/1.0 200 OK  (PNG)"
"17155","30.573908047","192.168.1.2","192.168.1.55","TCP","66","50100  >  8004 [ACK] Seq=144 Ack=395494 Win=163840 Len=0 TSval=3045554429 TSecr=2916034647"
"17156","30.580052539","192.168.1.2","192.168.1.55","TCP","66","50100  >  8004 [ACK] Seq=144 Ack=421558 Win=172032 Len=0 TSval=3045554435 TSecr=2916034653"
"17157","30.580162391","192.168.1.2","192.168.1.55","TCP","66","50100  >  8004 [ACK] Seq=144 Ack=430246 Win=188416 Len=0 TSval=3045554436 TSecr=2916034654"
"17158","30.580813873","192.168.1.2","192.168.1.55","TCP","66","50100  >  8004 [ACK] Seq=144 Ack=475134 Win=147456 Len=0 TSval=3045554436 TSecr=2916034654"
"17159","30.580870040","192.168.1.2","192.168.1.55","TCP","66","50100  >  8004 [ACK] Seq=144 Ack=498302 Win=131072 Len=0 TSval=3045554436 TSecr=2916034654"
"17160","30.581629356","192.168.1.2","192.168.1.55","TCP","66","50100  >  8004 [FIN, ACK] Seq=144 Ack=498459 Win=188416 Len=0 TSval=3045554436 TSecr=2916034654"
"17161","30.581645393","192.168.1.55","192.168.1.2","TCP","66","8004  >  50100 [ACK] Seq=498459 Ack=145 Win=65024 Len=0 TSval=2916034662 TSecr=3045554436"
"17162","30.581684171","192.168.1.2","192.168.1.55","TCP","74","50102  >  8004 [SYN] Seq=0 Win=64240 Len=0 MSS=1460 SACK_PERM TSval=3045554436 TSecr=0 WS=1024"
"17163","30.581708430","192.168.1.55","192.168.1.2","TCP","74","8004  >  50102 [SYN, ACK] Seq=0 Ack=1 Win=65160 Len=0 MSS=1460 SACK_PERM TSval=2916034662 TSecr=3045554436 WS=128"
"17164","30.584941046","192.168.1.2","192.168.1.55","TCP","66","50102  >  8004 [ACK] Seq=1 Ack=1 Win=64512 Len=0 TSval=3045554439 TSecr=2916034662"
"17165","30.588159662","192.168.1.2","192.168.1.55","HTTP","206","GET /stego_benchmark.png HTTP/1.1 "
"17166","30.588172496","192.168.1.55","192.168.1.2","TCP","66","8004  >  50102 [ACK] Seq=1 Ack=141 Win=65024 Len=0 TSval=2916034668 TSecr=3045554440"
"17167","30.588663404","192.168.1.55","192.168.1.2","TCP","255","8004  >  50102 [PSH, ACK] Seq=1 Ack=141 Win=65024 Len=189 TSval=2916034669 TSecr=3045554440 [TCP segment of a reassembled PDU]"
"17168","30.588742571","192.168.1.55","192.168.1.2","TCP","1514","8004  >  50102 [ACK] Seq=190 Ack=141 Win=65024 Len=1448 TSval=2916034669 TSecr=3045554440 [TCP segment of a reassembled PDU]"
"17169","30.588747182","192.168.1.55","192.168.1.2","TCP","1514","8004  >  50102 [ACK] Seq=1638 Ack=141 Win=65024 Len=1448 TSval=2916034669 TSecr=3045554440 [TCP segment of a reassembled PDU]"
"17170","30.588748626","192.168.1.55","192.168.1.2","TCP","1514","8004  >  50102 [ACK] Seq=3086 Ack=141 Win=65024 Len=1448 TSval=2916034669 TSecr=3045554440 [TCP segment of a reassembled PDU]"
"17171","30.588750034","192.168.1.55","192.168.1.2","TCP","1514","8004  >  50102 [ACK] Seq=4534 Ack=141 Win=65024 Len=1448 TSval=2916034669 TSecr=3045554440 [TCP segment of a reassembled PDU]"
"17172","30.588751830","192.168.1.55","192.168.1.2","TCP","1514","8004  >  50102 [PSH, ACK] Seq=5982 Ack=141 Win=65024 Len=1448 TSval=2916034669 TSecr=3045554440 [TCP segment of a reassembled PDU]"
"17173","30.588766145","192.168.1.55","192.168.1.2","TCP","1514","8004  >  50102 [ACK] Seq=7430 Ack=141 Win=65024 Len=1448 TSval=2916034669 TSecr=3045554440 [TCP segment of a reassembled PDU]"
"17174","30.588767960","192.168.1.55","192.168.1.2","TCP","1514","8004  >  50102 [ACK] Seq=8878 Ack=141 Win=65024 Len=1448 TSval=2916034669 TSecr=3045554440 [TCP segment of a reassembled PDU]"
"17175","30.588769423","192.168.1.55","192.168.1.2","TCP","1514","8004  >  50102 [ACK] Seq=10326 Ack=141 Win=65024 Len=1448 TSval=2916034669 TSecr=3045554440 [TCP segment of a reassembled PDU]"
"17176","30.588771034","192.168.1.55","192.168.1.2","TCP","1514","8004  >  50102 [PSH, ACK] Seq=11774 Ack=141 Win=65024 Len=1448 TSval=2916034669 TSecr=3045554440 [TCP segment of a reassembled PDU]"
"17177","30.591635964","192.168.1.2","192.168.1.55","TCP","66","50102  >  8004 [ACK] Seq=141 Ack=190 Win=64512 Len=0 TSval=3045554446 TSecr=2916034669"
"17178","30.591671001","192.168.1.55","192.168.1.2","TCP","1514","8004  >  50102 [ACK] Seq=13222 Ack=141 Win=65024 Len=1448 TSval=2916034672 TSecr=3045554446 [TCP segment of a reassembled PDU]"
"17179","30.591674723","192.168.1.55","192.168.1.2","TCP","1514","8004  >  50102 [PSH, ACK] Seq=14670 Ack=141 Win=65024 Len=1448 TSval=2916034672 TSecr=3045554446 [TCP segment of a reassembled PDU]"
"17180","30.591710242","192.168.1.2","192.168.1.55","TCP","66","50102  >  8004 [ACK] Seq=141 Ack=3086 Win=70656 Len=0 TSval=3045554446 TSecr=2916034669"
"17181","30.592503225","192.168.1.2","192.168.1.55","TCP","66","50102  >  8004 [ACK] Seq=141 Ack=5982 Win=76800 Len=0 TSval=3045554446 TSecr=2916034669"
"17182","30.592586743","192.168.1.55","192.168.1.2","TCP","1514","8004  >  50102 [ACK] Seq=16118 Ack=141 Win=65024 Len=1448 TSval=2916034673 TSecr=3045554446 [TCP segment of a reassembled PDU]"
"17183","30.592597151","192.168.1.55","192.168.1.2","TCP","1514","8004  >  50102 [ACK] Seq=17566 Ack=141 Win=65024 Len=1448 TSval=2916034673 TSecr=3045554446 [TCP segment of a reassembled PDU]"
"17184","30.592599336","192.168.1.55","192.168.1.2","TCP","1514","8004  >  50102 [ACK] Seq=19014 Ack=141 Win=65024 Len=1448 TSval=2916034673 TSecr=3045554446 [TCP segment of a reassembled PDU]"
"17185","30.592601151","192.168.1.55","192.168.1.2","TCP","1514","8004  >  50102 [ACK] Seq=20462 Ack=141 Win=65024 Len=1448 TSval=2916034673 TSecr=3045554446 [TCP segment of a reassembled PDU]"
"17186","30.592603466","192.168.1.55","192.168.1.2","TCP","1514","8004  >  50102 [ACK] Seq=21910 Ack=141 Win=65024 Len=1448 TSval=2916034673 TSecr=3045554446 [TCP segment of a reassembled PDU]"
"17187","30.592604984","192.168.1.55","192.168.1.2","TCP","1514","8004  >  50102 [ACK] Seq=23358 Ack=141 Win=65024 Len=1448 TSval=2916034673 TSecr=3045554446 [TCP segment of a reassembled PDU]"
"17188","30.592609966","192.168.1.55","192.168.1.2","TCP","1514","8004  >  50102 [PSH, ACK] Seq=24806 Ack=141 Win=65024 Len=1448 TSval=2916034673 TSecr=3045554446 [TCP segment of a reassembled PDU]"
"17189","30.592744836","192.168.1.2","192.168.1.55","TCP","66","50102  >  8004 [ACK] Seq=141 Ack=7430 Win=79872 Len=0 TSval=3045554447 TSecr=2916034669"
"17190","30.592778096","192.168.1.2","192.168.1.55","TCP","66","50102  >  8004 [ACK] Seq=141 Ack=13222 Win=84992 Len=0 TSval=3045554448 TSecr=2916034669"
"17191","30.592852633","192.168.1.55","192.168.1.2","TCP","1514","8004  >  50102 [ACK] Seq=26254 Ack=141 Win=65024 Len=1448 TSval=2916034673 TSecr=3045554448 [TCP segment of a reassembled PDU]"
"17192","30.592860114","192.168.1.55","192.168.1.2","TCP","1514","8004  >  50102 [ACK] Seq=27702 Ack=141 Win=65024 Len=1448 TSval=2916034673 TSecr=3045554448 [TCP segment of a reassembled PDU]"
"17193","30.592862318","192.168.1.55","192.168.1.2","TCP","1514","8004  >  50102 [ACK] Seq=29150 Ack=141 Win=65024 Len=1448 TSval=2916034673 TSecr=3045554448 [TCP segment of a reassembled PDU]"
"17194","30.592865133","192.168.1.55","192.168.1.2","TCP","1514","8004  >  50102 [ACK] Seq=30598 Ack=141 Win=65024 Len=1448 TSval=2916034673 TSecr=3045554448 [TCP segment of a reassembled PDU]"
"17195","30.592868818","192.168.1.55","192.168.1.2","TCP","1514","8004  >  50102 [ACK] Seq=32046 Ack=141 Win=65024 Len=1448 TSval=2916034673 TSecr=3045554448 [TCP segment of a reassembled PDU]"
"17196","30.592871614","192.168.1.55","192.168.1.2","TCP","1514","8004  >  50102 [ACK] Seq=33494 Ack=141 Win=65024 Len=1448 TSval=2916034673 TSecr=3045554448 [TCP segment of a reassembled PDU]"
"17197","30.592873503","192.168.1.55","192.168.1.2","TCP","1514","8004  >  50102 [ACK] Seq=34942 Ack=141 Win=65024 Len=1448 TSval=2916034673 TSecr=3045554448 [TCP segment of a reassembled PDU]"
"17198","30.592877929","192.168.1.55","192.168.1.2","TCP","1514","8004  >  50102 [ACK] Seq=36390 Ack=141 Win=65024 Len=1448 TSval=2916034673 TSecr=3045554448 [TCP segment of a reassembled PDU]"
"17199","30.592880003","192.168.1.55","192.168.1.2","TCP","1514","8004  >  50102 [ACK] Seq=37838 Ack=141 Win=65024 Len=1448 TSval=2916034673 TSecr=3045554448 [TCP segment of a reassembled PDU]"
"17200","30.592882114","192.168.1.55","192.168.1.2","TCP","1514","8004  >  50102 [PSH, ACK] Seq=39286 Ack=141 Win=65024 Len=1448 TSval=2916034673 TSecr=3045554448 [TCP segment of a reassembled PDU]"
"17201","30.593742486","192.168.1.55","192.168.1.2","TCP","1514","8004  >  50102 [ACK] Seq=40734 Ack=141 Win=65024 Len=1448 TSval=2916034674 TSecr=3045554448 [TCP segment of a reassembled PDU]"
"17202","30.596669213","192.168.1.2","192.168.1.55","TCP","66","50102  >  8004 [ACK] Seq=141 Ack=16118 Win=90112 Len=0 TSval=3045554451 TSecr=2916034672"
"17203","30.596689898","192.168.1.55","192.168.1.2","TCP","1514","8004  >  50102 [ACK] Seq=42182 Ack=141 Win=65024 Len=1448 TSval=2916034677 TSecr=3045554451 [TCP segment of a reassembled PDU]"
"17204","30.596692639","192.168.1.55","192.168.1.2","TCP","1514","8004  >  50102 [PSH, ACK] Seq=43630 Ack=141 Win=65024 Len=1448 TSval=2916034677 TSecr=3045554451 [TCP segment of a reassembled PDU]"
"17205","30.598516160","192.168.1.2","192.168.1.55","TCP","66","50102  >  8004 [ACK] Seq=141 Ack=19014 Win=90112 Len=0 TSval=3045554451 TSecr=2916034673"
"17206","30.598530271","192.168.1.55","192.168.1.2","TCP","1514","8004  >  50102 [ACK] Seq=45078 Ack=141 Win=65024 Len=1448 TSval=2916034679 TSecr=3045554451 [TCP segment of a reassembled PDU]"
"17207","30.598532475","192.168.1.55","192.168.1.2","TCP","1514","8004  >  50102 [ACK] Seq=46526 Ack=141 Win=65024 Len=1448 TSval=2916034679 TSecr=3045554451 [TCP segment of a reassembled PDU]"
"17208","30.598533845","192.168.1.55","192.168.1.2","TCP","1514","8004  >  50102 [ACK] Seq=47974 Ack=141 Win=65024 Len=1448 TSval=2916034679 TSecr=3045554451 [TCP segment of a reassembled PDU]"
"17209","30.598534993","192.168.1.55","192.168.1.2","TCP","1514","8004  >  50102 [ACK] Seq=49422 Ack=141 Win=65024 Len=1448 TSval=2916034679 TSecr=3045554451 [TCP segment of a reassembled PDU]"
"17210","30.598536160","192.168.1.55","192.168.1.2","TCP","1514","8004  >  50102 [ACK] Seq=50870 Ack=141 Win=65024 Len=1448 TSval=2916034679 TSecr=3045554451 [TCP segment of a reassembled PDU]"
"17211","30.598537401","192.168.1.55","192.168.1.2","TCP","1514","8004  >  50102 [PSH, ACK] Seq=52318 Ack=141 Win=65024 Len=1448 TSval=2916034679 TSecr=3045554451 [TCP segment of a reassembled PDU]"
"17212","30.598872105","192.168.1.2","192.168.1.55","TCP","66","50102  >  8004 [ACK] Seq=141 Ack=24806 Win=88064 Len=0 TSval=3045554452 TSecr=2916034673"
"17213","30.598880975","192.168.1.2","192.168.1.55","TCP","66","50102  >  8004 [ACK] Seq=141 Ack=26254 Win=91136 Len=0 TSval=3045554452 TSecr=2916034673"
"17214","30.598885605","192.168.1.2","192.168.1.55","TCP","66","50102  >  8004 [ACK] Seq=141 Ack=39286 Win=79872 Len=0 TSval=3045554452 TSecr=2916034673"
"17215","30.598905883","192.168.1.55","192.168.1.2","TCP","1514","8004  >  50102 [ACK] Seq=53766 Ack=141 Win=65024 Len=1448 TSval=2916034679 TSecr=3045554452 [TCP segment of a reassembled PDU]"
"17216","30.598908142","192.168.1.55","192.168.1.2","TCP","1514","8004  >  50102 [ACK] Seq=55214 Ack=141 Win=65024 Len=1448 TSval=2916034679 TSecr=3045554452 [TCP segment of a reassembled PDU]"
"17217","30.598909327","192.168.1.55","192.168.1.2","TCP","1514","8004  >  50102 [ACK] Seq=56662 Ack=141 Win=65024 Len=1448 TSval=2916034679 TSecr=3045554452 [TCP segment of a reassembled PDU]"
"17218","30.598910568","192.168.1.55","192.168.1.2","TCP","1514","8004  >  50102 [ACK] Seq=58110 Ack=141 Win=65024 Len=1448 TSval=2916034679 TSecr=3045554452 [TCP segment of a reassembled PDU]"
"17219","30.598911735","192.168.1.55","192.168.1.2","TCP","1514","8004  >  50102 [ACK] Seq=59558 Ack=141 Win=65024 Len=1448 TSval=2916034679 TSecr=3045554452 [TCP segment of a reassembled PDU]"
"17220","30.598912994","192.168.1.55","192.168.1.2","TCP","1514","8004  >  50102 [ACK] Seq=61006 Ack=141 Win=65024 Len=1448 TSval=2916034679 TSecr=3045554452 [TCP segment of a reassembled PDU]"
"17221","30.598914161","192.168.1.55","192.168.1.2","TCP","1514","8004  >  50102 [ACK] Seq=62454 Ack=141 Win=65024 Len=1448 TSval=2916034679 TSecr=3045554452 [TCP segment of a reassembled PDU]"
"17222","30.598915309","192.168.1.55","192.168.1.2","TCP","1514","8004  >  50102 [ACK] Seq=63902 Ack=141 Win=65024 Len=1448 TSval=2916034679 TSecr=3045554452 [TCP segment of a reassembled PDU]"
"17223","30.598916550","192.168.1.55","192.168.1.2","TCP","1514","8004  >  50102 [ACK] Seq=65350 Ack=141 Win=65024 Len=1448 TSval=2916034679 TSecr=3045554452 [TCP segment of a reassembled PDU]"
"17224","30.598917716","192.168.1.55","192.168.1.2","TCP","1514","8004  >  50102 [ACK] Seq=66798 Ack=141 Win=65024 Len=1448 TSval=2916034679 TSecr=3045554452 [TCP segment of a reassembled PDU]"
"17225","30.598918957","192.168.1.55","192.168.1.2","TCP","1514","8004  >  50102 [ACK] Seq=68246 Ack=141 Win=65024 Len=1448 TSval=2916034679 TSecr=3045554452 [TCP segment of a reassembled PDU]"
"17226","30.598920124","192.168.1.55","192.168.1.2","TCP","1514","8004  >  50102 [PSH, ACK] Seq=69694 Ack=141 Win=65024 Len=1448 TSval=2916034679 TSecr=3045554452 [TCP segment of a reassembled PDU]"
"17227","30.601132646","192.168.1.2","192.168.1.55","TCP","66","50102  >  8004 [ACK] Seq=141 Ack=40734 Win=91136 Len=0 TSval=3045554454 TSecr=2916034673"
"17228","30.601155349","192.168.1.55","192.168.1.2","TCP","1514","8004  >  50102 [ACK] Seq=71142 Ack=141 Win=65024 Len=1448 TSval=2916034681 TSecr=3045554454 [TCP segment of a reassembled PDU]"
"17229","30.601157886","192.168.1.55","192.168.1.2","TCP","1514","8004  >  50102 [ACK] Seq=72590 Ack=141 Win=65024 Len=1448 TSval=2916034681 TSecr=3045554454 [TCP segment of a reassembled PDU]"
"17230","30.601159201","192.168.1.55","192.168.1.2","TCP","1514","8004  >  50102 [PSH, ACK] Seq=74038 Ack=141 Win=65024 Len=1448 TSval=2916034681 TSecr=3045554454 [TCP segment of a reassembled PDU]"
"17231","30.601261572","192.168.1.2","192.168.1.55","TCP","66","50102  >  8004 [ACK] Seq=141 Ack=42182 Win=90112 Len=0 TSval=3045554454 TSecr=2916034674"
"17232","30.601270350","192.168.1.55","192.168.1.2","TCP","1514","8004  >  50102 [ACK] Seq=75486 Ack=141 Win=65024 Len=1448 TSval=2916034681 TSecr=3045554454 [TCP segment of a reassembled PDU]"
"17233","30.601275072","192.168.1.2","192.168.1.55","TCP","66","50102  >  8004 [ACK] Seq=141 Ack=45078 Win=90112 Len=0 TSval=3045554454 TSecr=2916034677"
"17234","30.603036649","192.168.1.2","192.168.1.55","TCP","66","50102  >  8004 [ACK] Seq=141 Ack=53766 Win=82944 Len=0 TSval=3045554457 TSecr=2916034679"
"17235","30.603054019","192.168.1.55","192.168.1.2","TCP","1514","8004  >  50102 [ACK] Seq=76934 Ack=141 Win=65024 Len=1448 TSval=2916034683 TSecr=3045554457 [TCP segment of a reassembled PDU]"
"17236","30.603057297","192.168.1.55","192.168.1.2","TCP","1514","8004  >  50102 [ACK] Seq=78382 Ack=141 Win=65024 Len=1448 TSval=2916034683 TSecr=3045554457 [TCP segment of a reassembled PDU]"
"17237","30.603058575","192.168.1.55","192.168.1.2","TCP","1514","8004  >  50102 [ACK] Seq=79830 Ack=141 Win=65024 Len=1448 TSval=2916034683 TSecr=3045554457 [TCP segment of a reassembled PDU]"
"17238","30.603059760","192.168.1.55","192.168.1.2","TCP","1514","8004  >  50102 [ACK] Seq=81278 Ack=141 Win=65024 Len=1448 TSval=2916034683 TSecr=3045554457 [TCP segment of a reassembled PDU]"
"17239","30.603061112","192.168.1.55","192.168.1.2","TCP","1514","8004  >  50102 [ACK] Seq=82726 Ack=141 Win=65024 Len=1448 TSval=2916034683 TSecr=3045554457 [TCP segment of a reassembled PDU]"
"17240","30.603062278","192.168.1.55","192.168.1.2","TCP","1514","8004  >  50102 [ACK] Seq=84174 Ack=141 Win=65024 Len=1448 TSval=2916034683 TSecr=3045554457 [TCP segment of a reassembled PDU]"
"17241","30.603063464","192.168.1.55","192.168.1.2","TCP","1514","8004  >  50102 [ACK] Seq=85622 Ack=141 Win=65024 Len=1448 TSval=2916034683 TSecr=3045554457 [TCP segment of a reassembled PDU]"
"17242","30.603064834","192.168.1.55","192.168.1.2","TCP","1514","8004  >  50102 [ACK] Seq=87070 Ack=141 Win=65024 Len=1448 TSval=2916034683 TSecr=3045554457 [TCP segment of a reassembled PDU]"
"17243","30.603066667","192.168.1.55","192.168.1.2","TCP","1514","8004  >  50102 [PSH, ACK] Seq=88518 Ack=141 Win=65024 Len=1448 TSval=2916034683 TSecr=3045554457 [TCP segment of a reassembled PDU]"
"17244","30.603096241","192.168.1.2","192.168.1.55","TCP","66","50102  >  8004 [ACK] Seq=141 Ack=62454 Win=74752 Len=0 TSval=3045554457 TSecr=2916034679"
"17245","30.605124615","192.168.1.2","192.168.1.55","TCP","66","50102  >  8004 [ACK] Seq=141 Ack=71142 Win=80896 Len=0 TSval=3045554459 TSecr=2916034679"
"17246","30.605148596","192.168.1.55","192.168.1.2","TCP","1514","8004  >  50102 [ACK] Seq=89966 Ack=141 Win=65024 Len=1448 TSval=2916034685 TSecr=3045554459 [TCP segment of a reassembled PDU]"
"17247","30.605151171","192.168.1.55","192.168.1.2","TCP","1514","8004  >  50102 [ACK] Seq=91414 Ack=141 Win=65024 Len=1448 TSval=2916034685 TSecr=3045554459 [TCP segment of a reassembled PDU]"
"17248","30.605152745","192.168.1.55","192.168.1.2","TCP","1514","8004  >  50102 [ACK] Seq=92862 Ack=141 Win=65024 Len=1448 TSval=2916034685 TSecr=3045554459 [TCP segment of a reassembled PDU]"
"17249","30.605154411","192.168.1.55","192.168.1.2","TCP","1514","8004  >  50102 [ACK] Seq=94310 Ack=141 Win=65024 Len=1448 TSval=2916034685 TSecr=3045554459 [TCP segment of a reassembled PDU]"
"17250","30.605155541","192.168.1.55","192.168.1.2","TCP","1514","8004  >  50102 [ACK] Seq=95758 Ack=141 Win=65024 Len=1448 TSval=2916034685 TSecr=3045554459 [TCP segment of a reassembled PDU]"
"17251","30.605156985","192.168.1.55","192.168.1.2","TCP","1514","8004  >  50102 [ACK] Seq=97206 Ack=141 Win=65024 Len=1448 TSval=2916034685 TSecr=3045554459 [TCP segment of a reassembled PDU]"
"17252","30.605159226","192.168.1.55","192.168.1.2","TCP","1514","8004  >  50102 [ACK] Seq=98654 Ack=141 Win=65024 Len=1448 TSval=2916034685 TSecr=3045554459 [TCP segment of a reassembled PDU]"
"17253","30.605160911","192.168.1.55","192.168.1.2","TCP","1514","8004  >  50102 [ACK] Seq=100102 Ack=141 Win=65024 Len=1448 TSval=2916034685 TSecr=3045554459 [TCP segment of a reassembled PDU]"
"17254","30.605162208","192.168.1.55","192.168.1.2","TCP","1514","8004  >  50102 [ACK] Seq=101550 Ack=141 Win=65024 Len=1448 TSval=2916034685 TSecr=3045554459 [TCP segment of a reassembled PDU]"
"17255","30.605163356","192.168.1.55","192.168.1.2","TCP","1514","8004  >  50102 [ACK] Seq=102998 Ack=141 Win=65024 Len=1448 TSval=2916034685 TSecr=3045554459 [TCP segment of a reassembled PDU]"
"17256","30.605164689","192.168.1.55","192.168.1.2","TCP","1514","8004  >  50102 [ACK] Seq=104446 Ack=141 Win=65024 Len=1448 TSval=2916034685 TSecr=3045554459 [TCP segment of a reassembled PDU]"
"17257","30.605165837","192.168.1.55","192.168.1.2","TCP","1514","8004  >  50102 [PSH, ACK] Seq=105894 Ack=141 Win=65024 Len=1448 TSval=2916034685 TSecr=3045554459 [TCP segment of a reassembled PDU]"
"17258","30.605731357","192.168.1.2","192.168.1.55","TCP","66","50102  >  8004 [ACK] Seq=141 Ack=76934 Win=75776 Len=0 TSval=3045554459 TSecr=2916034681"
"17259","30.605741968","192.168.1.2","192.168.1.55","TCP","66","50102  >  8004 [ACK] Seq=141 Ack=78382 Win=90112 Len=0 TSval=3045554460 TSecr=2916034683"
"17260","30.605748449","192.168.1.2","192.168.1.55","TCP","66","50102  >  8004 [ACK] Seq=141 Ack=79830 Win=90112 Len=0 TSval=3045554460 TSecr=2916034683"
"17261","30.608196860","192.168.1.2","192.168.1.55","TCP","66","50102  >  8004 [ACK] Seq=141 Ack=89966 Win=81920 Len=0 TSval=3045554462 TSecr=2916034683"
"17262","30.608212138","192.168.1.55","192.168.1.2","TCP","1514","8004  >  50102 [ACK] Seq=107342 Ack=141 Win=65024 Len=1448 TSval=2916034688 TSecr=3045554462 [TCP segment of a reassembled PDU]"
"17263","30.608214360","192.168.1.55","192.168.1.2","TCP","1514","8004  >  50102 [ACK] Seq=108790 Ack=141 Win=65024 Len=1448 TSval=2916034688 TSecr=3045554462 [TCP segment of a reassembled PDU]"
"17264","30.608215546","192.168.1.55","192.168.1.2","TCP","1514","8004  >  50102 [ACK] Seq=110238 Ack=141 Win=65024 Len=1448 TSval=2916034688 TSecr=3045554462 [TCP segment of a reassembled PDU]"
"17265","30.608216879","192.168.1.55","192.168.1.2","TCP","1514","8004  >  50102 [ACK] Seq=111686 Ack=141 Win=65024 Len=1448 TSval=2916034688 TSecr=3045554462 [TCP segment of a reassembled PDU]"
"17266","30.608218027","192.168.1.55","192.168.1.2","TCP","1514","8004  >  50102 [ACK] Seq=113134 Ack=141 Win=65024 Len=1448 TSval=2916034688 TSecr=3045554462 [TCP segment of a reassembled PDU]"
"17267","30.608219194","192.168.1.55","192.168.1.2","TCP","1514","8004  >  50102 [ACK] Seq=114582 Ack=141 Win=65024 Len=1448 TSval=2916034688 TSecr=3045554462 [TCP segment of a reassembled PDU]"
"17268","30.608220342","192.168.1.55","192.168.1.2","TCP","1514","8004  >  50102 [ACK] Seq=116030 Ack=141 Win=65024 Len=1448 TSval=2916034688 TSecr=3045554462 [TCP segment of a reassembled PDU]"
"17269","30.608221509","192.168.1.55","192.168.1.2","TCP","1514","8004  >  50102 [PSH, ACK] Seq=117478 Ack=141 Win=65024 Len=1448 TSval=2916034688 TSecr=3045554462 [TCP segment of a reassembled PDU]"
"17270","30.609608807","192.168.1.2","192.168.1.55","TCP","66","50102  >  8004 [ACK] Seq=141 Ack=104446 Win=75776 Len=0 TSval=3045554463 TSecr=2916034685"
"17271","30.609626418","192.168.1.55","192.168.1.2","TCP","1514","8004  >  50102 [ACK] Seq=118926 Ack=141 Win=65024 Len=1448 TSval=2916034690 TSecr=3045554463 [TCP segment of a reassembled PDU]"
"17272","30.609628603","192.168.1.55","192.168.1.2","TCP","1514","8004  >  50102 [ACK] Seq=120374 Ack=141 Win=65024 Len=1448 TSval=2916034690 TSecr=3045554463 [TCP segment of a reassembled PDU]"
"17273","30.609629789","192.168.1.55","192.168.1.2","TCP","1514","8004  >  50102 [ACK] Seq=121822 Ack=141 Win=65024 Len=1448 TSval=2916034690 TSecr=3045554463 [TCP segment of a reassembled PDU]"
"17274","30.609631029","192.168.1.55","192.168.1.2","TCP","1514","8004  >  50102 [ACK] Seq=123270 Ack=141 Win=65024 Len=1448 TSval=2916034690 TSecr=3045554463 [TCP segment of a reassembled PDU]"
"17275","30.609632215","192.168.1.55","192.168.1.2","TCP","1514","8004  >  50102 [ACK] Seq=124718 Ack=141 Win=65024 Len=1448 TSval=2916034690 TSecr=3045554463 [TCP segment of a reassembled PDU]"
"17276","30.609633733","192.168.1.55","192.168.1.2","TCP","1514","8004  >  50102 [ACK] Seq=126166 Ack=141 Win=65024 Len=1448 TSval=2916034690 TSecr=3045554463 [TCP segment of a reassembled PDU]"
"17277","30.609634974","192.168.1.55","192.168.1.2","TCP","1514","8004  >  50102 [ACK] Seq=127614 Ack=141 Win=65024 Len=1448 TSval=2916034690 TSecr=3045554463 [TCP segment of a reassembled PDU]"
"17278","30.609636159","192.168.1.55","192.168.1.2","TCP","1514","8004  >  50102 [ACK] Seq=129062 Ack=141 Win=65024 Len=1448 TSval=2916034690 TSecr=3045554463 [TCP segment of a reassembled PDU]"
"17279","30.609637511","192.168.1.55","192.168.1.2","TCP","1514","8004  >  50102 [ACK] Seq=130510 Ack=141 Win=65024 Len=1448 TSval=2916034690 TSecr=3045554463 [TCP segment of a reassembled PDU]"
"17280","30.609638678","192.168.1.55","192.168.1.2","TCP","1514","8004  >  50102 [ACK] Seq=131958 Ack=141 Win=65024 Len=1448 TSval=2916034690 TSecr=3045554463 [TCP segment of a reassembled PDU]"
"17281","30.609639937","192.168.1.55","192.168.1.2","TCP","1514","8004  >  50102 [ACK] Seq=133406 Ack=141 Win=65024 Len=1448 TSval=2916034690 TSecr=3045554463 [TCP segment of a reassembled PDU]"
"17282","30.609641215","192.168.1.55","192.168.1.2","TCP","1514","8004  >  50102 [ACK] Seq=134854 Ack=141 Win=65024 Len=1448 TSval=2916034690 TSecr=3045554463 [TCP segment of a reassembled PDU]"
"17283","30.609642400","192.168.1.55","192.168.1.2","TCP","1514","8004  >  50102 [PSH, ACK] Seq=136302 Ack=141 Win=65024 Len=1448 TSval=2916034690 TSecr=3045554463 [TCP segment of a reassembled PDU]"
"17284","30.610189364","192.168.1.2","192.168.1.55","TCP","66","50102  >  8004 [ACK] Seq=141 Ack=107342 Win=90112 Len=0 TSval=3045554464 TSecr=2916034685"
"17285","30.610200382","192.168.1.55","192.168.1.2","TCP","1514","8004  >  50102 [ACK] Seq=137750 Ack=141 Win=65024 Len=1448 TSval=2916034690 TSecr=3045554464 [TCP segment of a reassembled PDU]"
"17286","30.610201919","192.168.1.55","192.168.1.2","TCP","1514","8004  >  50102 [ACK] Seq=139198 Ack=141 Win=65024 Len=1448 TSval=2916034690 TSecr=3045554464 [TCP segment of a reassembled PDU]"
"17287","30.610203290","192.168.1.55","192.168.1.2","TCP","1514","8004  >  50102 [ACK] Seq=140646 Ack=141 Win=65024 Len=1448 TSval=2916034690 TSecr=3045554464 [TCP segment of a reassembled PDU]"
"17288","30.610204419","192.168.1.55","192.168.1.2","TCP","1514","8004  >  50102 [ACK] Seq=142094 Ack=141 Win=65024 Len=1448 TSval=2916034690 TSecr=3045554464 [TCP segment of a reassembled PDU]"
"17289","30.610205567","192.168.1.55","192.168.1.2","TCP","1514","8004  >  50102 [ACK] Seq=143542 Ack=141 Win=65024 Len=1448 TSval=2916034690 TSecr=3045554464 [TCP segment of a reassembled PDU]"
"17290","30.610206975","192.168.1.55","192.168.1.2","TCP","1514","8004  >  50102 [PSH, ACK] Seq=144990 Ack=141 Win=65024 Len=1448 TSval=2916034690 TSecr=3045554464 [TCP segment of a reassembled PDU]"
"17291","30.612390756","192.168.1.2","192.168.1.55","TCP","66","50102  >  8004 [ACK] Seq=141 Ack=110238 Win=90112 Len=0 TSval=3045554465 TSecr=2916034688"
"17292","30.612399756","192.168.1.55","192.168.1.2","TCP","1514","8004  >  50102 [ACK] Seq=146438 Ack=141 Win=65024 Len=1448 TSval=2916034693 TSecr=3045554465 [TCP segment of a reassembled PDU]"
"17293","30.612402256","192.168.1.55","192.168.1.2","TCP","1514","8004  >  50102 [PSH, ACK] Seq=147886 Ack=141 Win=65024 Len=1448 TSval=2916034693 TSecr=3045554465 [TCP segment of a reassembled PDU]"
"17294","30.615175742","192.168.1.2","192.168.1.55","TCP","66","50102  >  8004 [ACK] Seq=141 Ack=131958 Win=70656 Len=0 TSval=3045554468 TSecr=2916034688"
"17295","30.615190186","192.168.1.55","192.168.1.2","TCP","1514","8004  >  50102 [ACK] Seq=149334 Ack=141 Win=65024 Len=1448 TSval=2916034695 TSecr=3045554468 [TCP segment of a reassembled PDU]"
"17296","30.615191668","192.168.1.55","192.168.1.2","TCP","1514","8004  >  50102 [ACK] Seq=150782 Ack=141 Win=65024 Len=1448 TSval=2916034695 TSecr=3045554468 [TCP segment of a reassembled PDU]"
"17297","30.615193075","192.168.1.55","192.168.1.2","TCP","1514","8004  >  50102 [ACK] Seq=152230 Ack=141 Win=65024 Len=1448 TSval=2916034695 TSecr=3045554468 [TCP segment of a reassembled PDU]"
"17298","30.615194242","192.168.1.55","192.168.1.2","TCP","1514","8004  >  50102 [ACK] Seq=153678 Ack=141 Win=65024 Len=1448 TSval=2916034695 TSecr=3045554468 [TCP segment of a reassembled PDU]"
"17299","30.615195483","192.168.1.55","192.168.1.2","TCP","1514","8004  >  50102 [ACK] Seq=155126 Ack=141 Win=65024 Len=1448 TSval=2916034695 TSecr=3045554468 [TCP segment of a reassembled PDU]"
"17300","30.615196760","192.168.1.55","192.168.1.2","TCP","1514","8004  >  50102 [ACK] Seq=156574 Ack=141 Win=65024 Len=1448 TSval=2916034695 TSecr=3045554468 [TCP segment of a reassembled PDU]"
"17301","30.615197927","192.168.1.55","192.168.1.2","TCP","1514","8004  >  50102 [ACK] Seq=158022 Ack=141 Win=65024 Len=1448 TSval=2916034695 TSecr=3045554468 [TCP segment of a reassembled PDU]"
"17302","30.615199168","192.168.1.55","192.168.1.2","TCP","1514","8004  >  50102 [PSH, ACK] Seq=159470 Ack=141 Win=65024 Len=1448 TSval=2916034695 TSecr=3045554468 [TCP segment of a reassembled PDU]"
"17303","30.615226242","192.168.1.2","192.168.1.55","TCP","66","50102  >  8004 [ACK] Seq=141 Ack=142094 Win=61440 Len=0 TSval=3045554468 TSecr=2916034690"
"17304","30.615250242","192.168.1.55","192.168.1.2","TCP","1514","8004  >  50102 [ACK] Seq=160918 Ack=141 Win=65024 Len=1448 TSval=2916034695 TSecr=3045554468 [TCP segment of a reassembled PDU]"
"17305","30.615251927","192.168.1.55","192.168.1.2","TCP","1514","8004  >  50102 [ACK] Seq=162366 Ack=141 Win=65024 Len=1448 TSval=2916034695 TSecr=3045554468 [TCP segment of a reassembled PDU]"
"17306","30.615253242","192.168.1.55","192.168.1.2","TCP","1514","8004  >  50102 [ACK] Seq=163814 Ack=141 Win=65024 Len=1448 TSval=2916034695 TSecr=3045554468 [TCP segment of a reassembled PDU]"
"17307","30.615254390","192.168.1.55","192.168.1.2","TCP","1514","8004  >  50102 [ACK] Seq=165262 Ack=141 Win=65024 Len=1448 TSval=2916034695 TSecr=3045554468 [TCP segment of a reassembled PDU]"
"17308","30.615255890","192.168.1.55","192.168.1.2","TCP","1514","8004  >  50102 [ACK] Seq=166710 Ack=141 Win=65024 Len=1448 TSval=2916034695 TSecr=3045554468 [TCP segment of a reassembled PDU]"
"17309","30.615257075","192.168.1.55","192.168.1.2","TCP","1514","8004  >  50102 [ACK] Seq=168158 Ack=141 Win=65024 Len=1448 TSval=2916034695 TSecr=3045554468 [TCP segment of a reassembled PDU]"
"17310","30.615258372","192.168.1.55","192.168.1.2","TCP","1514","8004  >  50102 [ACK] Seq=169606 Ack=141 Win=65024 Len=1448 TSval=2916034695 TSecr=3045554468 [TCP segment of a reassembled PDU]"
"17311","30.615259649","192.168.1.55","192.168.1.2","TCP","1514","8004  >  50102 [ACK] Seq=171054 Ack=141 Win=65024 Len=1448 TSval=2916034695 TSecr=3045554468 [TCP segment of a reassembled PDU]"
"17312","30.615260797","192.168.1.55","192.168.1.2","TCP","1514","8004  >  50102 [ACK] Seq=172502 Ack=141 Win=65024 Len=1448 TSval=2916034695 TSecr=3045554468 [TCP segment of a reassembled PDU]"
"17313","30.615262075","192.168.1.55","192.168.1.2","TCP","1514","8004  >  50102 [ACK] Seq=173950 Ack=141 Win=65024 Len=1448 TSval=2916034695 TSecr=3045554468 [TCP segment of a reassembled PDU]"
"17314","30.615263409","192.168.1.55","192.168.1.2","TCP","1514","8004  >  50102 [ACK] Seq=175398 Ack=141 Win=65024 Len=1448 TSval=2916034695 TSecr=3045554468 [TCP segment of a reassembled PDU]"
"17315","30.615264723","192.168.1.55","192.168.1.2","TCP","1514","8004  >  50102 [ACK] Seq=176846 Ack=141 Win=65024 Len=1448 TSval=2916034695 TSecr=3045554468 [TCP segment of a reassembled PDU]"
"17316","30.615266038","192.168.1.55","192.168.1.2","TCP","1514","8004  >  50102 [ACK] Seq=178294 Ack=141 Win=65024 Len=1448 TSval=2916034695 TSecr=3045554468 [TCP segment of a reassembled PDU]"
"17317","30.615267335","192.168.1.55","192.168.1.2","TCP","1514","8004  >  50102 [PSH, ACK] Seq=179742 Ack=141 Win=65024 Len=1448 TSval=2916034695 TSecr=3045554468 [TCP segment of a reassembled PDU]"
"17318","30.616142466","192.168.1.2","192.168.1.55","TCP","66","50102  >  8004 [ACK] Seq=141 Ack=146438 Win=90112 Len=0 TSval=3045554469 TSecr=2916034690"
"17319","30.617696746","192.168.1.2","192.168.1.55","TCP","66","50102  >  8004 [ACK] Seq=141 Ack=149334 Win=90112 Len=0 TSval=3045554470 TSecr=2916034693"
"17320","30.617711116","192.168.1.55","192.168.1.2","TCP","1514","8004  >  50102 [ACK] Seq=181190 Ack=141 Win=65024 Len=1448 TSval=2916034698 TSecr=3045554470 [TCP segment of a reassembled PDU]"
"17321","30.617713838","192.168.1.55","192.168.1.2","TCP","1514","8004  >  50102 [ACK] Seq=182638 Ack=141 Win=65024 Len=1448 TSval=2916034698 TSecr=3045554470 [TCP segment of a reassembled PDU]"
"17322","30.617715190","192.168.1.55","192.168.1.2","TCP","1514","8004  >  50102 [ACK] Seq=184086 Ack=141 Win=65024 Len=1448 TSval=2916034698 TSecr=3045554470 [TCP segment of a reassembled PDU]"
"17323","30.617716561","192.168.1.55","192.168.1.2","TCP","1514","8004  >  50102 [ACK] Seq=185534 Ack=141 Win=65024 Len=1448 TSval=2916034698 TSecr=3045554470 [TCP segment of a reassembled PDU]"
"17324","30.617718024","192.168.1.55","192.168.1.2","TCP","1514","8004  >  50102 [ACK] Seq=186982 Ack=141 Win=65024 Len=1448 TSval=2916034698 TSecr=3045554470 [TCP segment of a reassembled PDU]"
"17325","30.617719838","192.168.1.55","192.168.1.2","TCP","1514","8004  >  50102 [PSH, ACK] Seq=188430 Ack=141 Win=65024 Len=1448 TSval=2916034698 TSecr=3045554470 [TCP segment of a reassembled PDU]"
"17326","30.620345417","192.168.1.2","192.168.1.55","TCP","66","50102  >  8004 [ACK] Seq=141 Ack=160918 Win=79872 Len=0 TSval=3045554474 TSecr=2916034695"
"17327","30.620362509","192.168.1.55","192.168.1.2","TCP","1514","8004  >  50102 [ACK] Seq=189878 Ack=141 Win=65024 Len=1448 TSval=2916034701 TSecr=3045554474 [TCP segment of a reassembled PDU]"
"17328","30.620365120","192.168.1.55","192.168.1.2","TCP","1514","8004  >  50102 [ACK] Seq=191326 Ack=141 Win=65024 Len=1448 TSval=2916034701 TSecr=3045554474 [TCP segment of a reassembled PDU]"
"17329","30.620366528","192.168.1.55","192.168.1.2","TCP","1514","8004  >  50102 [ACK] Seq=192774 Ack=141 Win=65024 Len=1448 TSval=2916034701 TSecr=3045554474 [TCP segment of a reassembled PDU]"
"17330","30.620367880","192.168.1.55","192.168.1.2","TCP","1514","8004  >  50102 [ACK] Seq=194222 Ack=141 Win=65024 Len=1448 TSval=2916034701 TSecr=3045554474 [TCP segment of a reassembled PDU]"
"17331","30.620369324","192.168.1.55","192.168.1.2","TCP","1514","8004  >  50102 [ACK] Seq=195670 Ack=141 Win=65024 Len=1448 TSval=2916034701 TSecr=3045554474 [TCP segment of a reassembled PDU]"
"17332","30.620370805","192.168.1.55","192.168.1.2","TCP","1514","8004  >  50102 [ACK] Seq=197118 Ack=141 Win=65024 Len=1448 TSval=2916034701 TSecr=3045554474 [TCP segment of a reassembled PDU]"
"17333","30.620372231","192.168.1.55","192.168.1.2","TCP","1514","8004  >  50102 [ACK] Seq=198566 Ack=141 Win=65024 Len=1448 TSval=2916034701 TSecr=3045554474 [TCP segment of a reassembled PDU]"
"17334","30.620379528","192.168.1.55","192.168.1.2","TCP","1514","8004  >  50102 [PSH, ACK] Seq=200014 Ack=141 Win=65024 Len=1448 TSval=2916034701 TSecr=3045554474 [TCP segment of a reassembled PDU]"
"17335","30.620455491","192.168.1.2","192.168.1.55","TCP","66","50102  >  8004 [ACK] Seq=141 Ack=178294 Win=74752 Len=0 TSval=3045554474 TSecr=2916034695"
"17336","30.620470028","192.168.1.55","192.168.1.2","TCP","1514","8004  >  50102 [ACK] Seq=201462 Ack=141 Win=65024 Len=1448 TSval=2916034701 TSecr=3045554474 [TCP segment of a reassembled PDU]"
"17337","30.620472028","192.168.1.55","192.168.1.2","TCP","1514","8004  >  50102 [ACK] Seq=202910 Ack=141 Win=65024 Len=1448 TSval=2916034701 TSecr=3045554474 [TCP segment of a reassembled PDU]"
"17338","30.620473398","192.168.1.55","192.168.1.2","TCP","1514","8004  >  50102 [PSH, ACK] Seq=204358 Ack=141 Win=65024 Len=1448 TSval=2916034701 TSecr=3045554474 [TCP segment of a reassembled PDU]"
"17339","30.620479028","192.168.1.2","192.168.1.55","TCP","66","50102  >  8004 [ACK] Seq=141 Ack=181190 Win=90112 Len=0 TSval=3045554475 TSecr=2916034695"
"17340","30.621681937","192.168.1.2","192.168.1.55","TCP","66","50102  >  8004 [ACK] Seq=141 Ack=189878 Win=81920 Len=0 TSval=3045554477 TSecr=2916034698"
"17341","30.622136623","192.168.1.55","192.168.1.2","TCP","1514","8004  >  50102 [ACK] Seq=205806 Ack=141 Win=65024 Len=1448 TSval=2916034702 TSecr=3045554477 [TCP segment of a reassembled PDU]"
"17342","30.622138734","192.168.1.55","192.168.1.2","TCP","1514","8004  >  50102 [ACK] Seq=207254 Ack=141 Win=65024 Len=1448 TSval=2916034702 TSecr=3045554477 [TCP segment of a reassembled PDU]"
"17343","30.622140123","192.168.1.55","192.168.1.2","TCP","1514","8004  >  50102 [ACK] Seq=208702 Ack=141 Win=65024 Len=1448 TSval=2916034702 TSecr=3045554477 [TCP segment of a reassembled PDU]"
"17344","30.622141530","192.168.1.55","192.168.1.2","TCP","1514","8004  >  50102 [ACK] Seq=210150 Ack=141 Win=65024 Len=1448 TSval=2916034702 TSecr=3045554477 [TCP segment of a reassembled PDU]"
"17345","30.622142882","192.168.1.55","192.168.1.2","TCP","1514","8004  >  50102 [ACK] Seq=211598 Ack=141 Win=65024 Len=1448 TSval=2916034702 TSecr=3045554477 [TCP segment of a reassembled PDU]"
"17346","30.622144364","192.168.1.55","192.168.1.2","TCP","1514","8004  >  50102 [ACK] Seq=213046 Ack=141 Win=65024 Len=1448 TSval=2916034702 TSecr=3045554477 [TCP segment of a reassembled PDU]"
"17347","30.622145827","192.168.1.55","192.168.1.2","TCP","1514","8004  >  50102 [ACK] Seq=214494 Ack=141 Win=65024 Len=1448 TSval=2916034702 TSecr=3045554477 [TCP segment of a reassembled PDU]"
"17348","30.622147290","192.168.1.55","192.168.1.2","TCP","1514","8004  >  50102 [ACK] Seq=215942 Ack=141 Win=65024 Len=1448 TSval=2916034702 TSecr=3045554477 [TCP segment of a reassembled PDU]"
"17349","30.622148753","192.168.1.55","192.168.1.2","TCP","1514","8004  >  50102 [ACK] Seq=217390 Ack=141 Win=65024 Len=1448 TSval=2916034702 TSecr=3045554477 [TCP segment of a reassembled PDU]"
"17350","30.622150086","192.168.1.55","192.168.1.2","TCP","1514","8004  >  50102 [PSH, ACK] Seq=218838 Ack=141 Win=65024 Len=1448 TSval=2916034702 TSecr=3045554477 [TCP segment of a reassembled PDU]"
"17351","30.622593828","192.168.1.55","192.168.1.2","TCP","1514","8004  >  50102 [ACK] Seq=220286 Ack=141 Win=65024 Len=1448 TSval=2916034703 TSecr=3045554477 [TCP segment of a reassembled PDU]"
"17352","30.622598642","192.168.1.55","192.168.1.2","TCP","1514","8004  >  50102 [ACK] Seq=221734 Ack=141 Win=65024 Len=1448 TSval=2916034703 TSecr=3045554477 [TCP segment of a reassembled PDU]"
"17353","30.622600068","192.168.1.55","192.168.1.2","TCP","1514","8004  >  50102 [ACK] Seq=223182 Ack=141 Win=65024 Len=1448 TSval=2916034703 TSecr=3045554477 [TCP segment of a reassembled PDU]"
"17354","30.622601494","192.168.1.55","192.168.1.2","TCP","1514","8004  >  50102 [ACK] Seq=224630 Ack=141 Win=65024 Len=1448 TSval=2916034703 TSecr=3045554477 [TCP segment of a reassembled PDU]"
"17355","30.622602883","192.168.1.55","192.168.1.2","TCP","1514","8004  >  50102 [ACK] Seq=226078 Ack=141 Win=65024 Len=1448 TSval=2916034703 TSecr=3045554477 [TCP segment of a reassembled PDU]"
"17356","30.622604235","192.168.1.55","192.168.1.2","TCP","1514","8004  >  50102 [ACK] Seq=227526 Ack=141 Win=65024 Len=1448 TSval=2916034703 TSecr=3045554477 [TCP segment of a reassembled PDU]"
"17357","30.622605976","192.168.1.55","192.168.1.2","TCP","1514","8004  >  50102 [ACK] Seq=228974 Ack=141 Win=65024 Len=1448 TSval=2916034703 TSecr=3045554477 [TCP segment of a reassembled PDU]"
"17358","30.622607346","192.168.1.55","192.168.1.2","TCP","1514","8004  >  50102 [PSH, ACK] Seq=230422 Ack=141 Win=65024 Len=1448 TSval=2916034703 TSecr=3045554477 [TCP segment of a reassembled PDU]"
"17359","30.625446054","192.168.1.2","192.168.1.55","TCP","66","50102  >  8004 [ACK] Seq=141 Ack=201462 Win=79872 Len=0 TSval=3045554480 TSecr=2916034701"
"17360","30.625475276","192.168.1.55","192.168.1.2","TCP","1514","8004  >  50102 [ACK] Seq=231870 Ack=141 Win=65024 Len=1448 TSval=2916034706 TSecr=3045554480 [TCP segment of a reassembled PDU]"
"17361","30.625478351","192.168.1.55","192.168.1.2","TCP","1514","8004  >  50102 [ACK] Seq=233318 Ack=141 Win=65024 Len=1448 TSval=2916034706 TSecr=3045554480 [TCP segment of a reassembled PDU]"
"17362","30.625479721","192.168.1.55","192.168.1.2","TCP","1514","8004  >  50102 [ACK] Seq=234766 Ack=141 Win=65024 Len=1448 TSval=2916034706 TSecr=3045554480 [TCP segment of a reassembled PDU]"
"17363","30.625481147","192.168.1.55","192.168.1.2","TCP","1514","8004  >  50102 [ACK] Seq=236214 Ack=141 Win=65024 Len=1448 TSval=2916034706 TSecr=3045554480 [TCP segment of a reassembled PDU]"
"17364","30.625483073","192.168.1.55","192.168.1.2","TCP","1514","8004  >  50102 [ACK] Seq=237662 Ack=141 Win=65024 Len=1448 TSval=2916034706 TSecr=3045554480 [TCP segment of a reassembled PDU]"
"17365","30.625484536","192.168.1.55","192.168.1.2","TCP","1514","8004  >  50102 [ACK] Seq=239110 Ack=141 Win=65024 Len=1448 TSval=2916034706 TSecr=3045554480 [TCP segment of a reassembled PDU]"
"17366","30.625485925","192.168.1.55","192.168.1.2","TCP","1514","8004  >  50102 [ACK] Seq=240558 Ack=141 Win=65024 Len=1448 TSval=2916034706 TSecr=3045554480 [TCP segment of a reassembled PDU]"
"17367","30.625487443","192.168.1.55","192.168.1.2","TCP","1514","8004  >  50102 [ACK] Seq=242006 Ack=141 Win=65024 Len=1448 TSval=2916034706 TSecr=3045554480 [TCP segment of a reassembled PDU]"
"17368","30.625488851","192.168.1.55","192.168.1.2","TCP","1514","8004  >  50102 [PSH, ACK] Seq=243454 Ack=141 Win=65024 Len=1448 TSval=2916034706 TSecr=3045554480 [TCP segment of a reassembled PDU]"
"17369","30.625530906","192.168.1.2","192.168.1.55","TCP","66","50102  >  8004 [ACK] Seq=141 Ack=226078 Win=57344 Len=0 TSval=3045554481 TSecr=2916034701"
"17370","30.625545536","192.168.1.55","192.168.1.2","TCP","1514","8004  >  50102 [ACK] Seq=244902 Ack=141 Win=65024 Len=1448 TSval=2916034706 TSecr=3045554481 [TCP segment of a reassembled PDU]"
"17371","30.625547480","192.168.1.55","192.168.1.2","TCP","1514","8004  >  50102 [ACK] Seq=246350 Ack=141 Win=65024 Len=1448 TSval=2916034706 TSecr=3045554481 [TCP segment of a reassembled PDU]"
"17372","30.625548869","192.168.1.55","192.168.1.2","TCP","1514","8004  >  50102 [ACK] Seq=247798 Ack=141 Win=65024 Len=1448 TSval=2916034706 TSecr=3045554481 [TCP segment of a reassembled PDU]"
"17373","30.625550258","192.168.1.55","192.168.1.2","TCP","1514","8004  >  50102 [PSH, ACK] Seq=249246 Ack=141 Win=65024 Len=1448 TSval=2916034706 TSecr=3045554481 [TCP segment of a reassembled PDU]"
"17374","30.626086852","192.168.1.55","192.168.1.2","TCP","1514","8004  >  50102 [ACK] Seq=250694 Ack=141 Win=65024 Len=1448 TSval=2916034706 TSecr=3045554481 [TCP segment of a reassembled PDU]"
"17375","30.626089037","192.168.1.55","192.168.1.2","TCP","1514","8004  >  50102 [ACK] Seq=252142 Ack=141 Win=65024 Len=1448 TSval=2916034706 TSecr=3045554481 [TCP segment of a reassembled PDU]"
"17376","30.626090555","192.168.1.55","192.168.1.2","TCP","1514","8004  >  50102 [ACK] Seq=253590 Ack=141 Win=65024 Len=1448 TSval=2916034706 TSecr=3045554481 [TCP segment of a reassembled PDU]"
"17377","30.626091944","192.168.1.55","192.168.1.2","TCP","1514","8004  >  50102 [ACK] Seq=255038 Ack=141 Win=65024 Len=1448 TSval=2916034706 TSecr=3045554481 [TCP segment of a reassembled PDU]"
"17378","30.626093352","192.168.1.55","192.168.1.2","TCP","1514","8004  >  50102 [ACK] Seq=256486 Ack=141 Win=65024 Len=1448 TSval=2916034706 TSecr=3045554481 [TCP segment of a reassembled PDU]"
"17379","30.626094852","192.168.1.55","192.168.1.2","TCP","1514","8004  >  50102 [ACK] Seq=257934 Ack=141 Win=65024 Len=1448 TSval=2916034706 TSecr=3045554481 [TCP segment of a reassembled PDU]"
"17380","30.626096222","192.168.1.55","192.168.1.2","TCP","1514","8004  >  50102 [ACK] Seq=259382 Ack=141 Win=65024 Len=1448 TSval=2916034706 TSecr=3045554481 [TCP segment of a reassembled PDU]"
"17381","30.626097611","192.168.1.55","192.168.1.2","TCP","1514","8004  >  50102 [ACK] Seq=260830 Ack=141 Win=65024 Len=1448 TSval=2916034706 TSecr=3045554481 [TCP segment of a reassembled PDU]"
"17382","30.626099111","192.168.1.55","192.168.1.2","TCP","1514","8004  >  50102 [ACK] Seq=262278 Ack=141 Win=65024 Len=1448 TSval=2916034706 TSecr=3045554481 [TCP segment of a reassembled PDU]"
"17383","30.626100500","192.168.1.55","192.168.1.2","TCP","1514","8004  >  50102 [ACK] Seq=263726 Ack=141 Win=65024 Len=1448 TSval=2916034706 TSecr=3045554481 [TCP segment of a reassembled PDU]"
"17384","30.626101944","192.168.1.55","192.168.1.2","TCP","1514","8004  >  50102 [ACK] Seq=265174 Ack=141 Win=65024 Len=1448 TSval=2916034706 TSecr=3045554481 [TCP segment of a reassembled PDU]"
"17385","30.626103389","192.168.1.55","192.168.1.2","TCP","1514","8004  >  50102 [ACK] Seq=266622 Ack=141 Win=65024 Len=1448 TSval=2916034706 TSecr=3045554481 [TCP segment of a reassembled PDU]"
"17386","30.626105277","192.168.1.55","192.168.1.2","TCP","1514","8004  >  50102 [ACK] Seq=268070 Ack=141 Win=65024 Len=1448 TSval=2916034706 TSecr=3045554481 [TCP segment of a reassembled PDU]"
"17387","30.626106648","192.168.1.55","192.168.1.2","TCP","1514","8004  >  50102 [PSH, ACK] Seq=269518 Ack=141 Win=65024 Len=1448 TSval=2916034706 TSecr=3045554481 [TCP segment of a reassembled PDU]"
"17388","30.626142833","192.168.1.2","192.168.1.55","TCP","66","50102  >  8004 [ACK] Seq=141 Ack=231870 Win=83968 Len=0 TSval=3045554481 TSecr=2916034703"
"17389","30.626699575","192.168.1.55","192.168.1.2","TCP","1514","8004  >  50102 [ACK] Seq=270966 Ack=141 Win=65024 Len=1448 TSval=2916034707 TSecr=3045554481 [TCP segment of a reassembled PDU]"
"17390","30.626702038","192.168.1.55","192.168.1.2","TCP","1514","8004  >  50102 [ACK] Seq=272414 Ack=141 Win=65024 Len=1448 TSval=2916034707 TSecr=3045554481 [TCP segment of a reassembled PDU]"
"17391","30.626703371","192.168.1.55","192.168.1.2","TCP","1514","8004  >  50102 [ACK] Seq=273862 Ack=141 Win=65024 Len=1448 TSval=2916034707 TSecr=3045554481 [TCP segment of a reassembled PDU]"
"17392","30.626704686","192.168.1.55","192.168.1.2","TCP","1514","8004  >  50102 [PSH, ACK] Seq=275310 Ack=141 Win=65024 Len=1448 TSval=2916034707 TSecr=3045554481 [TCP segment of a reassembled PDU]"
"17393","30.629521931","192.168.1.2","192.168.1.55","TCP","66","50102  >  8004 [ACK] Seq=141 Ack=244902 Win=78848 Len=0 TSval=3045554484 TSecr=2916034706"
"17394","30.629537542","192.168.1.55","192.168.1.2","TCP","1514","8004  >  50102 [ACK] Seq=276758 Ack=141 Win=65024 Len=1448 TSval=2916034710 TSecr=3045554484 [TCP segment of a reassembled PDU]"
"17395","30.629539894","192.168.1.55","192.168.1.2","TCP","1514","8004  >  50102 [ACK] Seq=278206 Ack=141 Win=65024 Len=1448 TSval=2916034710 TSecr=3045554484 [TCP segment of a reassembled PDU]"
"17396","30.629541283","192.168.1.55","192.168.1.2","TCP","1514","8004  >  50102 [ACK] Seq=279654 Ack=141 Win=65024 Len=1448 TSval=2916034710 TSecr=3045554484 [TCP segment of a reassembled PDU]"
"17397","30.629542653","192.168.1.55","192.168.1.2","TCP","1514","8004  >  50102 [ACK] Seq=281102 Ack=141 Win=65024 Len=1448 TSval=2916034710 TSecr=3045554484 [TCP segment of a reassembled PDU]"
"17398","30.629543931","192.168.1.55","192.168.1.2","TCP","1514","8004  >  50102 [ACK] Seq=282550 Ack=141 Win=65024 Len=1448 TSval=2916034710 TSecr=3045554484 [TCP segment of a reassembled PDU]"
"17399","30.629545209","192.168.1.55","192.168.1.2","TCP","1514","8004  >  50102 [ACK] Seq=283998 Ack=141 Win=65024 Len=1448 TSval=2916034710 TSecr=3045554484 [TCP segment of a reassembled PDU]"
"17400","30.629546894","192.168.1.55","192.168.1.2","TCP","1514","8004  >  50102 [ACK] Seq=285446 Ack=141 Win=65024 Len=1448 TSval=2916034710 TSecr=3045554484 [TCP segment of a reassembled PDU]"
"17401","30.629548375","192.168.1.55","192.168.1.2","TCP","1514","8004  >  50102 [ACK] Seq=286894 Ack=141 Win=65024 Len=1448 TSval=2916034710 TSecr=3045554484 [TCP segment of a reassembled PDU]"
"17402","30.629549746","192.168.1.55","192.168.1.2","TCP","1514","8004  >  50102 [PSH, ACK] Seq=288342 Ack=141 Win=65024 Len=1448 TSval=2916034710 TSecr=3045554484 [TCP segment of a reassembled PDU]"
"17403","30.629964839","192.168.1.2","192.168.1.55","TCP","66","50102  >  8004 [ACK] Seq=141 Ack=269518 Win=54272 Len=0 TSval=3045554484 TSecr=2916034706"
"17404","30.629978469","192.168.1.55","192.168.1.2","TCP","1514","8004  >  50102 [ACK] Seq=289790 Ack=141 Win=65024 Len=1448 TSval=2916034710 TSecr=3045554484 [TCP segment of a reassembled PDU]"
"17405","30.629980191","192.168.1.55","192.168.1.2","TCP","1514","8004  >  50102 [ACK] Seq=291238 Ack=141 Win=65024 Len=1448 TSval=2916034710 TSecr=3045554484 [TCP segment of a reassembled PDU]"
"17406","30.629981469","192.168.1.55","192.168.1.2","TCP","1514","8004  >  50102 [ACK] Seq=292686 Ack=141 Win=65024 Len=1448 TSval=2916034710 TSecr=3045554484 [TCP segment of a reassembled PDU]"
"17407","30.629982839","192.168.1.55","192.168.1.2","TCP","1514","8004  >  50102 [PSH, ACK] Seq=294134 Ack=141 Win=65024 Len=1448 TSval=2916034710 TSecr=3045554484 [TCP segment of a reassembled PDU]"
"17408","30.629998561","192.168.1.55","192.168.1.2","TCP","1514","8004  >  50102 [ACK] Seq=295582 Ack=141 Win=65024 Len=1448 TSval=2916034710 TSecr=3045554484 [TCP segment of a reassembled PDU]"
"17409","30.630000006","192.168.1.55","192.168.1.2","TCP","1514","8004  >  50102 [ACK] Seq=297030 Ack=141 Win=65024 Len=1448 TSval=2916034710 TSecr=3045554484 [TCP segment of a reassembled PDU]"
"17410","30.630001506","192.168.1.55","192.168.1.2","TCP","1514","8004  >  50102 [ACK] Seq=298478 Ack=141 Win=65024 Len=1448 TSval=2916034710 TSecr=3045554484 [TCP segment of a reassembled PDU]"
"17411","30.630002784","192.168.1.55","192.168.1.2","TCP","1514","8004  >  50102 [ACK] Seq=299926 Ack=141 Win=65024 Len=1448 TSval=2916034710 TSecr=3045554484 [TCP segment of a reassembled PDU]"
"17412","30.630004173","192.168.1.55","192.168.1.2","TCP","1514","8004  >  50102 [ACK] Seq=301374 Ack=141 Win=65024 Len=1448 TSval=2916034710 TSecr=3045554484 [TCP segment of a reassembled PDU]"
"17413","30.630005469","192.168.1.55","192.168.1.2","TCP","1514","8004  >  50102 [ACK] Seq=302822 Ack=141 Win=65024 Len=1448 TSval=2916034710 TSecr=3045554484 [TCP segment of a reassembled PDU]"
"17414","30.630006895","192.168.1.55","192.168.1.2","TCP","1514","8004  >  50102 [ACK] Seq=304270 Ack=141 Win=65024 Len=1448 TSval=2916034710 TSecr=3045554484 [TCP segment of a reassembled PDU]"
"17415","30.630008358","192.168.1.55","192.168.1.2","TCP","1514","8004  >  50102 [ACK] Seq=305718 Ack=141 Win=65024 Len=1448 TSval=2916034710 TSecr=3045554484 [TCP segment of a reassembled PDU]"
"17416","30.630009635","192.168.1.55","192.168.1.2","TCP","1514","8004  >  50102 [ACK] Seq=307166 Ack=141 Win=65024 Len=1448 TSval=2916034710 TSecr=3045554484 [TCP segment of a reassembled PDU]"
"17417","30.630010913","192.168.1.55","192.168.1.2","TCP","1514","8004  >  50102 [ACK] Seq=308614 Ack=141 Win=65024 Len=1448 TSval=2916034710 TSecr=3045554484 [TCP segment of a reassembled PDU]"
"17418","30.630012339","192.168.1.55","192.168.1.2","TCP","1514","8004  >  50102 [ACK] Seq=310062 Ack=141 Win=65024 Len=1448 TSval=2916034710 TSecr=3045554484 [TCP segment of a reassembled PDU]"
"17419","30.630013635","192.168.1.55","192.168.1.2","TCP","1514","8004  >  50102 [ACK] Seq=311510 Ack=141 Win=65024 Len=1448 TSval=2916034710 TSecr=3045554484 [TCP segment of a reassembled PDU]"
"17420","30.630015061","192.168.1.55","192.168.1.2","TCP","1514","8004  >  50102 [ACK] Seq=312958 Ack=141 Win=65024 Len=1448 TSval=2916034710 TSecr=3045554484 [TCP segment of a reassembled PDU]"
"17421","30.630016376","192.168.1.55","192.168.1.2","TCP","1514","8004  >  50102 [PSH, ACK] Seq=314406 Ack=141 Win=65024 Len=1448 TSval=2916034710 TSecr=3045554484 [TCP segment of a reassembled PDU]"
"17422","30.632678603","192.168.1.2","192.168.1.55","TCP","66","50102  >  8004 [ACK] Seq=141 Ack=276758 Win=83968 Len=0 TSval=3045554485 TSecr=2916034706"
"17423","30.632691640","192.168.1.55","192.168.1.2","TCP","1514","8004  >  50102 [ACK] Seq=315854 Ack=141 Win=65024 Len=1448 TSval=2916034713 TSecr=3045554485 [TCP segment of a reassembled PDU]"
"17424","30.632694232","192.168.1.55","192.168.1.2","TCP","1514","8004  >  50102 [ACK] Seq=317302 Ack=141 Win=65024 Len=1448 TSval=2916034713 TSecr=3045554485 [TCP segment of a reassembled PDU]"
"17425","30.632695714","192.168.1.55","192.168.1.2","TCP","1514","8004  >  50102 [ACK] Seq=318750 Ack=141 Win=65024 Len=1448 TSval=2916034713 TSecr=3045554485 [TCP segment of a reassembled PDU]"
"17426","30.632697084","192.168.1.55","192.168.1.2","TCP","1514","8004  >  50102 [ACK] Seq=320198 Ack=141 Win=65024 Len=1448 TSval=2916034713 TSecr=3045554485 [TCP segment of a reassembled PDU]"
"17427","30.632698380","192.168.1.55","192.168.1.2","TCP","1514","8004  >  50102 [PSH, ACK] Seq=321646 Ack=141 Win=65024 Len=1448 TSval=2916034713 TSecr=3045554485 [TCP segment of a reassembled PDU]"
"17428","30.632983918","192.168.1.2","192.168.1.55","TCP","66","50102  >  8004 [ACK] Seq=141 Ack=288342 Win=78848 Len=0 TSval=3045554487 TSecr=2916034710"
"17429","30.634399309","192.168.1.2","192.168.1.55","TCP","66","50102  >  8004 [ACK] Seq=141 Ack=295582 Win=83968 Len=0 TSval=3045554489 TSecr=2916034710"
"17430","30.634417809","192.168.1.55","192.168.1.2","TCP","1514","8004  >  50102 [ACK] Seq=323094 Ack=141 Win=65024 Len=1448 TSval=2916034715 TSecr=3045554489 [TCP segment of a reassembled PDU]"
"17431","30.634420291","192.168.1.55","192.168.1.2","TCP","1514","8004  >  50102 [ACK] Seq=324542 Ack=141 Win=65024 Len=1448 TSval=2916034715 TSecr=3045554489 [TCP segment of a reassembled PDU]"
"17432","30.634421605","192.168.1.55","192.168.1.2","TCP","1514","8004  >  50102 [ACK] Seq=325990 Ack=141 Win=65024 Len=1448 TSval=2916034715 TSecr=3045554489 [TCP segment of a reassembled PDU]"
"17433","30.634422957","192.168.1.55","192.168.1.2","TCP","1514","8004  >  50102 [ACK] Seq=327438 Ack=141 Win=65024 Len=1448 TSval=2916034715 TSecr=3045554489 [TCP segment of a reassembled PDU]"
"17434","30.634424217","192.168.1.55","192.168.1.2","TCP","1514","8004  >  50102 [ACK] Seq=328886 Ack=141 Win=65024 Len=1448 TSval=2916034715 TSecr=3045554489 [TCP segment of a reassembled PDU]"
"17435","30.634425513","192.168.1.55","192.168.1.2","TCP","1514","8004  >  50102 [ACK] Seq=330334 Ack=141 Win=65024 Len=1448 TSval=2916034715 TSecr=3045554489 [TCP segment of a reassembled PDU]"
"17436","30.634426920","192.168.1.55","192.168.1.2","TCP","1514","8004  >  50102 [ACK] Seq=331782 Ack=141 Win=65024 Len=1448 TSval=2916034715 TSecr=3045554489 [TCP segment of a reassembled PDU]"
"17437","30.634428346","192.168.1.55","192.168.1.2","TCP","1514","8004  >  50102 [ACK] Seq=333230 Ack=141 Win=65024 Len=1448 TSval=2916034715 TSecr=3045554489 [TCP segment of a reassembled PDU]"
"17438","30.634429754","192.168.1.55","192.168.1.2","TCP","1514","8004  >  50102 [ACK] Seq=334678 Ack=141 Win=65024 Len=1448 TSval=2916034715 TSecr=3045554489 [TCP segment of a reassembled PDU]"
"17439","30.634431365","192.168.1.55","192.168.1.2","TCP","1514","8004  >  50102 [ACK] Seq=336126 Ack=141 Win=65024 Len=1448 TSval=2916034715 TSecr=3045554489 [TCP segment of a reassembled PDU]"
"17440","30.634432661","192.168.1.55","192.168.1.2","TCP","1514","8004  >  50102 [ACK] Seq=337574 Ack=141 Win=65024 Len=1448 TSval=2916034715 TSecr=3045554489 [TCP segment of a reassembled PDU]"
"17441","30.634434031","192.168.1.55","192.168.1.2","TCP","1514","8004  >  50102 [PSH, ACK] Seq=339022 Ack=141 Win=65024 Len=1448 TSval=2916034715 TSecr=3045554489 [TCP segment of a reassembled PDU]"
"17442","30.634993866","192.168.1.2","192.168.1.55","TCP","66","50102  >  8004 [ACK] Seq=141 Ack=311510 Win=68608 Len=0 TSval=3045554489 TSecr=2916034710"
"17443","30.635012884","192.168.1.55","192.168.1.2","TCP","1514","8004  >  50102 [ACK] Seq=340470 Ack=141 Win=65024 Len=1448 TSval=2916034715 TSecr=3045554489 [TCP segment of a reassembled PDU]"
"17444","30.635014847","192.168.1.55","192.168.1.2","TCP","1514","8004  >  50102 [ACK] Seq=341918 Ack=141 Win=65024 Len=1448 TSval=2916034715 TSecr=3045554489 [TCP segment of a reassembled PDU]"
"17445","30.635016143","192.168.1.55","192.168.1.2","TCP","1514","8004  >  50102 [ACK] Seq=343366 Ack=141 Win=65024 Len=1448 TSval=2916034715 TSecr=3045554489 [TCP segment of a reassembled PDU]"
"17446","30.635017458","192.168.1.55","192.168.1.2","TCP","1514","8004  >  50102 [ACK] Seq=344814 Ack=141 Win=65024 Len=1448 TSval=2916034715 TSecr=3045554489 [TCP segment of a reassembled PDU]"
"17447","30.635018847","192.168.1.55","192.168.1.2","TCP","1514","8004  >  50102 [ACK] Seq=346262 Ack=141 Win=65024 Len=1448 TSval=2916034715 TSecr=3045554489 [TCP segment of a reassembled PDU]"
"17448","30.635020217","192.168.1.55","192.168.1.2","TCP","1514","8004  >  50102 [ACK] Seq=347710 Ack=141 Win=65024 Len=1448 TSval=2916034715 TSecr=3045554489 [TCP segment of a reassembled PDU]"
"17449","30.635021588","192.168.1.55","192.168.1.2","TCP","1514","8004  >  50102 [ACK] Seq=349158 Ack=141 Win=65024 Len=1448 TSval=2916034715 TSecr=3045554489 [TCP segment of a reassembled PDU]"
"17450","30.635022903","192.168.1.55","192.168.1.2","TCP","1514","8004  >  50102 [ACK] Seq=350606 Ack=141 Win=65024 Len=1448 TSval=2916034715 TSecr=3045554489 [TCP segment of a reassembled PDU]"
"17451","30.635024180","192.168.1.55","192.168.1.2","TCP","1514","8004  >  50102 [ACK] Seq=352054 Ack=141 Win=65024 Len=1448 TSval=2916034715 TSecr=3045554489 [TCP segment of a reassembled PDU]"
"17452","30.635025551","192.168.1.55","192.168.1.2","TCP","1514","8004  >  50102 [ACK] Seq=353502 Ack=141 Win=65024 Len=1448 TSval=2916034715 TSecr=3045554489 [TCP segment of a reassembled PDU]"
"17453","30.635026847","192.168.1.55","192.168.1.2","TCP","1514","8004  >  50102 [ACK] Seq=354950 Ack=141 Win=65024 Len=1448 TSval=2916034715 TSecr=3045554489 [TCP segment of a reassembled PDU]"
"17454","30.635028217","192.168.1.55","192.168.1.2","TCP","1514","8004  >  50102 [ACK] Seq=356398 Ack=141 Win=65024 Len=1448 TSval=2916034715 TSecr=3045554489 [TCP segment of a reassembled PDU]"
"17455","30.635029606","192.168.1.55","192.168.1.2","TCP","1514","8004  >  50102 [ACK] Seq=357846 Ack=141 Win=65024 Len=1448 TSval=2916034715 TSecr=3045554489 [TCP segment of a reassembled PDU]"
"17456","30.635031069","192.168.1.55","192.168.1.2","TCP","1514","8004  >  50102 [PSH, ACK] Seq=359294 Ack=141 Win=65024 Len=1448 TSval=2916034715 TSecr=3045554489 [TCP segment of a reassembled PDU]"
"17457","30.635060236","192.168.1.2","192.168.1.55","TCP","66","50102  >  8004 [ACK] Seq=141 Ack=315854 Win=87040 Len=0 TSval=3045554490 TSecr=2916034710"
"17458","30.635634663","192.168.1.55","192.168.1.2","TCP","1514","8004  >  50102 [ACK] Seq=360742 Ack=141 Win=65024 Len=1448 TSval=2916034716 TSecr=3045554490 [TCP segment of a reassembled PDU]"
"17459","30.635636404","192.168.1.55","192.168.1.2","TCP","1514","8004  >  50102 [ACK] Seq=362190 Ack=141 Win=65024 Len=1448 TSval=2916034716 TSecr=3045554490 [TCP segment of a reassembled PDU]"
"17460","30.635637792","192.168.1.55","192.168.1.2","TCP","1514","8004  >  50102 [PSH, ACK] Seq=363638 Ack=141 Win=65024 Len=1448 TSval=2916034716 TSecr=3045554490 [TCP segment of a reassembled PDU]"
"17461","30.635671385","192.168.1.2","192.168.1.55","TCP","66","50102  >  8004 [ACK] Seq=141 Ack=323094 Win=79872 Len=0 TSval=3045554490 TSecr=2916034713"
"17462","30.635685404","192.168.1.55","192.168.1.2","TCP","1514","8004  >  50102 [ACK] Seq=365086 Ack=141 Win=65024 Len=1448 TSval=2916034716 TSecr=3045554490 [TCP segment of a reassembled PDU]"
"17463","30.635687719","192.168.1.55","192.168.1.2","TCP","1514","8004  >  50102 [ACK] Seq=366534 Ack=141 Win=65024 Len=1448 TSval=2916034716 TSecr=3045554490 [TCP segment of a reassembled PDU]"
"17464","30.635689089","192.168.1.55","192.168.1.2","TCP","1514","8004  >  50102 [ACK] Seq=367982 Ack=141 Win=65024 Len=1448 TSval=2916034716 TSecr=3045554490 [TCP segment of a reassembled PDU]"
"17465","30.635690385","192.168.1.55","192.168.1.2","TCP","1514","8004  >  50102 [ACK] Seq=369430 Ack=141 Win=65024 Len=1448 TSval=2916034716 TSecr=3045554490 [TCP segment of a reassembled PDU]"
"17466","30.635691756","192.168.1.55","192.168.1.2","TCP","1514","8004  >  50102 [PSH, ACK] Seq=370878 Ack=141 Win=65024 Len=1448 TSval=2916034716 TSecr=3045554490 [TCP segment of a reassembled PDU]"
"17467","30.638406241","192.168.1.2","192.168.1.55","TCP","66","50102  >  8004 [ACK] Seq=141 Ack=340470 Win=74752 Len=0 TSval=3045554494 TSecr=2916034715"
"17468","30.638425964","192.168.1.55","192.168.1.2","TCP","1514","8004  >  50102 [ACK] Seq=372326 Ack=141 Win=65024 Len=1448 TSval=2916034719 TSecr=3045554494 [TCP segment of a reassembled PDU]"
"17469","30.638428519","192.168.1.55","192.168.1.2","TCP","1514","8004  >  50102 [ACK] Seq=373774 Ack=141 Win=65024 Len=1448 TSval=2916034719 TSecr=3045554494 [TCP segment of a reassembled PDU]"
"17470","30.638429945","192.168.1.55","192.168.1.2","TCP","1514","8004  >  50102 [ACK] Seq=375222 Ack=141 Win=65024 Len=1448 TSval=2916034719 TSecr=3045554494 [TCP segment of a reassembled PDU]"
"17471","30.638431204","192.168.1.55","192.168.1.2","TCP","1514","8004  >  50102 [ACK] Seq=376670 Ack=141 Win=65024 Len=1448 TSval=2916034719 TSecr=3045554494 [TCP segment of a reassembled PDU]"
"17472","30.638432593","192.168.1.55","192.168.1.2","TCP","1514","8004  >  50102 [ACK] Seq=378118 Ack=141 Win=65024 Len=1448 TSval=2916034719 TSecr=3045554494 [TCP segment of a reassembled PDU]"
"17473","30.638433871","192.168.1.55","192.168.1.2","TCP","1514","8004  >  50102 [ACK] Seq=379566 Ack=141 Win=65024 Len=1448 TSval=2916034719 TSecr=3045554494 [TCP segment of a reassembled PDU]"
"17474","30.638435149","192.168.1.55","192.168.1.2","TCP","1514","8004  >  50102 [ACK] Seq=381014 Ack=141 Win=65024 Len=1448 TSval=2916034719 TSecr=3045554494 [TCP segment of a reassembled PDU]"
"17475","30.638436538","192.168.1.55","192.168.1.2","TCP","1514","8004  >  50102 [ACK] Seq=382462 Ack=141 Win=65024 Len=1448 TSval=2916034719 TSecr=3045554494 [TCP segment of a reassembled PDU]"
"17476","30.638438093","192.168.1.55","192.168.1.2","TCP","1514","8004  >  50102 [PSH, ACK] Seq=383910 Ack=141 Win=65024 Len=1448 TSval=2916034719 TSecr=3045554494 [TCP segment of a reassembled PDU]"
"17477","30.638868335","192.168.1.2","192.168.1.55","TCP","66","50102  >  8004 [ACK] Seq=141 Ack=372326 Win=43008 Len=0 TSval=3045554494 TSecr=2916034715"
"17478","30.638899149","192.168.1.55","192.168.1.2","TCP","1514","8004  >  50102 [ACK] Seq=385358 Ack=141 Win=65024 Len=1448 TSval=2916034719 TSecr=3045554494 [TCP segment of a reassembled PDU]"
"17479","30.638901835","192.168.1.55","192.168.1.2","TCP","1514","8004  >  50102 [ACK] Seq=386806 Ack=141 Win=65024 Len=1448 TSval=2916034719 TSecr=3045554494 [TCP segment of a reassembled PDU]"
"17480","30.638903168","192.168.1.55","192.168.1.2","TCP","1514","8004  >  50102 [ACK] Seq=388254 Ack=141 Win=65024 Len=1448 TSval=2916034719 TSecr=3045554494 [TCP segment of a reassembled PDU]"
"17481","30.638904983","192.168.1.55","192.168.1.2","TCP","1514","8004  >  50102 [ACK] Seq=389702 Ack=141 Win=65024 Len=1448 TSval=2916034719 TSecr=3045554494 [TCP segment of a reassembled PDU]"
"17482","30.638906335","192.168.1.55","192.168.1.2","TCP","1514","8004  >  50102 [ACK] Seq=391150 Ack=141 Win=65024 Len=1448 TSval=2916034719 TSecr=3045554494 [TCP segment of a reassembled PDU]"
"17483","30.638907650","192.168.1.55","192.168.1.2","TCP","1514","8004  >  50102 [ACK] Seq=392598 Ack=141 Win=65024 Len=1448 TSval=2916034719 TSecr=3045554494 [TCP segment of a reassembled PDU]"
"17484","30.638908927","192.168.1.55","192.168.1.2","TCP","1514","8004  >  50102 [ACK] Seq=394046 Ack=141 Win=65024 Len=1448 TSval=2916034719 TSecr=3045554494 [TCP segment of a reassembled PDU]"
"17485","30.638910242","192.168.1.55","192.168.1.2","TCP","1514","8004  >  50102 [ACK] Seq=395494 Ack=141 Win=65024 Len=1448 TSval=2916034719 TSecr=3045554494 [TCP segment of a reassembled PDU]"
"17486","30.638911631","192.168.1.55","192.168.1.2","TCP","1514","8004  >  50102 [ACK] Seq=396942 Ack=141 Win=65024 Len=1448 TSval=2916034719 TSecr=3045554494 [TCP segment of a reassembled PDU]"
"17487","30.638912964","192.168.1.55","192.168.1.2","TCP","1514","8004  >  50102 [ACK] Seq=398390 Ack=141 Win=65024 Len=1448 TSval=2916034719 TSecr=3045554494 [TCP segment of a reassembled PDU]"
"17488","30.638914242","192.168.1.55","192.168.1.2","TCP","1514","8004  >  50102 [ACK] Seq=399838 Ack=141 Win=65024 Len=1448 TSval=2916034719 TSecr=3045554494 [TCP segment of a reassembled PDU]"
"17489","30.638915594","192.168.1.55","192.168.1.2","TCP","1514","8004  >  50102 [ACK] Seq=401286 Ack=141 Win=65024 Len=1448 TSval=2916034719 TSecr=3045554494 [TCP segment of a reassembled PDU]"
"17490","30.638916909","192.168.1.55","192.168.1.2","TCP","1514","8004  >  50102 [ACK] Seq=402734 Ack=141 Win=65024 Len=1448 TSval=2916034719 TSecr=3045554494 [TCP segment of a reassembled PDU]"
"17491","30.638918427","192.168.1.55","192.168.1.2","TCP","1514","8004  >  50102 [ACK] Seq=404182 Ack=141 Win=65024 Len=1448 TSval=2916034719 TSecr=3045554494 [TCP segment of a reassembled PDU]"
"17492","30.638919964","192.168.1.55","192.168.1.2","TCP","1514","8004  >  50102 [ACK] Seq=405630 Ack=141 Win=65024 Len=1448 TSval=2916034719 TSecr=3045554494 [TCP segment of a reassembled PDU]"
"17493","30.638921353","192.168.1.55","192.168.1.2","TCP","1514","8004  >  50102 [ACK] Seq=407078 Ack=141 Win=65024 Len=1448 TSval=2916034719 TSecr=3045554494 [TCP segment of a reassembled PDU]"
"17494","30.638922779","192.168.1.55","192.168.1.2","TCP","1514","8004  >  50102 [ACK] Seq=408526 Ack=141 Win=65024 Len=1448 TSval=2916034719 TSecr=3045554494 [TCP segment of a reassembled PDU]"
"17495","30.638924057","192.168.1.55","192.168.1.2","TCP","1514","8004  >  50102 [PSH, ACK] Seq=409974 Ack=141 Win=65024 Len=1448 TSval=2916034719 TSecr=3045554494 [TCP segment of a reassembled PDU]"
"17496","30.638975261","192.168.1.2","192.168.1.55","TCP","66","[TCP Window Update] 50102  >  8004 [ACK] Seq=141 Ack=372326 Win=91136 Len=0 TSval=3045554494 TSecr=2916034715"
"17497","30.639660558","192.168.1.55","192.168.1.2","TCP","1514","8004  >  50102 [ACK] Seq=411422 Ack=141 Win=65024 Len=1448 TSval=2916034720 TSecr=3045554494 [TCP segment of a reassembled PDU]"
"17498","30.639662317","192.168.1.55","192.168.1.2","TCP","1514","8004  >  50102 [ACK] Seq=412870 Ack=141 Win=65024 Len=1448 TSval=2916034720 TSecr=3045554494 [TCP segment of a reassembled PDU]"
"17499","30.639663595","192.168.1.55","192.168.1.2","TCP","1082","8004  >  50102 [PSH, ACK] Seq=414318 Ack=141 Win=65024 Len=1016 TSval=2916034720 TSecr=3045554494 [TCP segment of a reassembled PDU]"
"17500","30.639673003","192.168.1.55","192.168.1.2","TCP","1514","8004  >  50102 [ACK] Seq=415334 Ack=141 Win=65024 Len=1448 TSval=2916034720 TSecr=3045554494 [TCP segment of a reassembled PDU]"
"17501","30.639674391","192.168.1.55","192.168.1.2","TCP","1514","8004  >  50102 [ACK] Seq=416782 Ack=141 Win=65024 Len=1448 TSval=2916034720 TSecr=3045554494 [TCP segment of a reassembled PDU]"
"17502","30.639675817","192.168.1.55","192.168.1.2","TCP","1514","8004  >  50102 [ACK] Seq=418230 Ack=141 Win=65024 Len=1448 TSval=2916034720 TSecr=3045554494 [TCP segment of a reassembled PDU]"
"17503","30.639677095","192.168.1.55","192.168.1.2","TCP","1514","8004  >  50102 [ACK] Seq=419678 Ack=141 Win=65024 Len=1448 TSval=2916034720 TSecr=3045554494 [TCP segment of a reassembled PDU]"
"17504","30.639678354","192.168.1.55","192.168.1.2","TCP","1514","8004  >  50102 [ACK] Seq=421126 Ack=141 Win=65024 Len=1448 TSval=2916034720 TSecr=3045554494 [TCP segment of a reassembled PDU]"
"17505","30.639679762","192.168.1.55","192.168.1.2","TCP","1514","8004  >  50102 [PSH, ACK] Seq=422574 Ack=141 Win=65024 Len=1448 TSval=2916034720 TSecr=3045554494 [TCP segment of a reassembled PDU]"
"17506","30.643199267","192.168.1.2","192.168.1.55","TCP","66","50102  >  8004 [ACK] Seq=141 Ack=385358 Win=78848 Len=0 TSval=3045554498 TSecr=2916034719"
"17507","30.643213675","192.168.1.55","192.168.1.2","TCP","1514","8004  >  50102 [ACK] Seq=424022 Ack=141 Win=65024 Len=1448 TSval=2916034723 TSecr=3045554498 [TCP segment of a reassembled PDU]"
"17508","30.643215953","192.168.1.55","192.168.1.2","TCP","1514","8004  >  50102 [ACK] Seq=425470 Ack=141 Win=65024 Len=1448 TSval=2916034723 TSecr=3045554498 [TCP segment of a reassembled PDU]"
"17509","30.643217267","192.168.1.55","192.168.1.2","TCP","1514","8004  >  50102 [ACK] Seq=426918 Ack=141 Win=65024 Len=1448 TSval=2916034723 TSecr=3045554498 [TCP segment of a reassembled PDU]"
"17510","30.643218564","192.168.1.55","192.168.1.2","TCP","1514","8004  >  50102 [ACK] Seq=428366 Ack=141 Win=65024 Len=1448 TSval=2916034723 TSecr=3045554498 [TCP segment of a reassembled PDU]"
"17511","30.643219934","192.168.1.55","192.168.1.2","TCP","498","8004  >  50102 [PSH, ACK] Seq=429814 Ack=141 Win=65024 Len=432 TSval=2916034723 TSecr=3045554498 [TCP segment of a reassembled PDU]"
"17512","30.643514768","192.168.1.2","192.168.1.55","TCP","66","50102  >  8004 [ACK] Seq=141 Ack=411422 Win=54272 Len=0 TSval=3045554498 TSecr=2916034719"
"17513","30.643539583","192.168.1.55","192.168.1.2","TCP","1514","8004  >  50102 [ACK] Seq=430246 Ack=141 Win=65024 Len=1448 TSval=2916034724 TSecr=3045554498 [TCP segment of a reassembled PDU]"
"17514","30.643541768","192.168.1.55","192.168.1.2","TCP","1514","8004  >  50102 [ACK] Seq=431694 Ack=141 Win=65024 Len=1448 TSval=2916034724 TSecr=3045554498 [TCP segment of a reassembled PDU]"
"17515","30.643547157","192.168.1.55","192.168.1.2","TCP","1514","8004  >  50102 [ACK] Seq=433142 Ack=141 Win=65024 Len=1448 TSval=2916034724 TSecr=3045554498 [TCP segment of a reassembled PDU]"
"17516","30.643548694","192.168.1.55","192.168.1.2","TCP","1514","8004  >  50102 [ACK] Seq=434590 Ack=141 Win=65024 Len=1448 TSval=2916034724 TSecr=3045554498 [TCP segment of a reassembled PDU]"
"17517","30.643550157","192.168.1.55","192.168.1.2","TCP","1514","8004  >  50102 [ACK] Seq=436038 Ack=141 Win=65024 Len=1448 TSval=2916034724 TSecr=3045554498 [TCP segment of a reassembled PDU]"
"17518","30.643551416","192.168.1.55","192.168.1.2","TCP","1514","8004  >  50102 [ACK] Seq=437486 Ack=141 Win=65024 Len=1448 TSval=2916034724 TSecr=3045554498 [TCP segment of a reassembled PDU]"
"17519","30.643552712","192.168.1.55","192.168.1.2","TCP","1514","8004  >  50102 [ACK] Seq=438934 Ack=141 Win=65024 Len=1448 TSval=2916034724 TSecr=3045554498 [TCP segment of a reassembled PDU]"
"17520","30.643553990","192.168.1.55","192.168.1.2","TCP","1514","8004  >  50102 [ACK] Seq=440382 Ack=141 Win=65024 Len=1448 TSval=2916034724 TSecr=3045554498 [TCP segment of a reassembled PDU]"
"17521","30.643555286","192.168.1.55","192.168.1.2","TCP","1514","8004  >  50102 [ACK] Seq=441830 Ack=141 Win=65024 Len=1448 TSval=2916034724 TSecr=3045554498 [TCP segment of a reassembled PDU]"
"17522","30.643557175","192.168.1.55","192.168.1.2","TCP","1514","8004  >  50102 [ACK] Seq=443278 Ack=141 Win=65024 Len=1448 TSval=2916034724 TSecr=3045554498 [TCP segment of a reassembled PDU]"
"17523","30.643558509","192.168.1.55","192.168.1.2","TCP","1514","8004  >  50102 [ACK] Seq=444726 Ack=141 Win=65024 Len=1448 TSval=2916034724 TSecr=3045554498 [TCP segment of a reassembled PDU]"
"17524","30.643559786","192.168.1.55","192.168.1.2","TCP","1514","8004  >  50102 [ACK] Seq=446174 Ack=141 Win=65024 Len=1448 TSval=2916034724 TSecr=3045554498 [TCP segment of a reassembled PDU]"
"17525","30.643561064","192.168.1.55","192.168.1.2","TCP","1514","8004  >  50102 [ACK] Seq=447622 Ack=141 Win=65024 Len=1448 TSval=2916034724 TSecr=3045554498 [TCP segment of a reassembled PDU]"
"17526","30.643562601","192.168.1.55","192.168.1.2","TCP","1514","8004  >  50102 [ACK] Seq=449070 Ack=141 Win=65024 Len=1448 TSval=2916034724 TSecr=3045554498 [TCP segment of a reassembled PDU]"
"17527","30.643564120","192.168.1.55","192.168.1.2","TCP","1514","8004  >  50102 [ACK] Seq=450518 Ack=141 Win=65024 Len=1448 TSval=2916034724 TSecr=3045554498 [TCP segment of a reassembled PDU]"
"17528","30.643565416","192.168.1.55","192.168.1.2","TCP","1514","8004  >  50102 [ACK] Seq=451966 Ack=141 Win=65024 Len=1448 TSval=2916034724 TSecr=3045554498 [TCP segment of a reassembled PDU]"
"17529","30.643566898","192.168.1.55","192.168.1.2","TCP","1514","8004  >  50102 [ACK] Seq=453414 Ack=141 Win=65024 Len=1448 TSval=2916034724 TSecr=3045554498 [TCP segment of a reassembled PDU]"
"17530","30.643568324","192.168.1.55","192.168.1.2","TCP","1514","8004  >  50102 [PSH, ACK] Seq=454862 Ack=141 Win=65024 Len=1448 TSval=2916034724 TSecr=3045554498 [TCP segment of a reassembled PDU]"
"17531","30.643572953","192.168.1.2","192.168.1.55","TCP","66","50102  >  8004 [ACK] Seq=141 Ack=421126 Win=57344 Len=0 TSval=3045554498 TSecr=2916034720"
"17532","30.643581009","192.168.1.2","192.168.1.55","TCP","66","50102  >  8004 [ACK] Seq=141 Ack=424022 Win=87040 Len=0 TSval=3045554499 TSecr=2916034720"
"17533","30.644286010","192.168.1.55","192.168.1.2","TCP","1514","8004  >  50102 [ACK] Seq=456310 Ack=141 Win=65024 Len=1448 TSval=2916034724 TSecr=3045554499 [TCP segment of a reassembled PDU]"
"17534","30.644288899","192.168.1.55","192.168.1.2","TCP","1514","8004  >  50102 [ACK] Seq=457758 Ack=141 Win=65024 Len=1448 TSval=2916034724 TSecr=3045554499 [TCP segment of a reassembled PDU]"
"17535","30.644290362","192.168.1.55","192.168.1.2","TCP","1514","8004  >  50102 [ACK] Seq=459206 Ack=141 Win=65024 Len=1448 TSval=2916034724 TSecr=3045554499 [TCP segment of a reassembled PDU]"
"17536","30.644299417","192.168.1.55","192.168.1.2","TCP","1514","8004  >  50102 [ACK] Seq=460654 Ack=141 Win=65024 Len=1448 TSval=2916034724 TSecr=3045554499 [TCP segment of a reassembled PDU]"
"17537","30.644303214","192.168.1.55","192.168.1.2","TCP","1514","8004  >  50102 [ACK] Seq=462102 Ack=141 Win=65024 Len=1448 TSval=2916034724 TSecr=3045554499 [TCP segment of a reassembled PDU]"
"17538","30.644304565","192.168.1.55","192.168.1.2","TCP","1514","8004  >  50102 [ACK] Seq=463550 Ack=141 Win=65024 Len=1448 TSval=2916034724 TSecr=3045554499 [TCP segment of a reassembled PDU]"
"17539","30.644306010","192.168.1.55","192.168.1.2","TCP","1514","8004  >  50102 [ACK] Seq=464998 Ack=141 Win=65024 Len=1448 TSval=2916034724 TSecr=3045554499 [TCP segment of a reassembled PDU]"
"17540","30.644307621","192.168.1.55","192.168.1.2","TCP","1514","8004  >  50102 [ACK] Seq=466446 Ack=141 Win=65024 Len=1448 TSval=2916034724 TSecr=3045554499 [TCP segment of a reassembled PDU]"
"17541","30.644309528","192.168.1.55","192.168.1.2","TCP","1514","8004  >  50102 [ACK] Seq=467894 Ack=141 Win=65024 Len=1448 TSval=2916034724 TSecr=3045554499 [TCP segment of a reassembled PDU]"
"17542","30.644311121","192.168.1.55","192.168.1.2","TCP","1514","8004  >  50102 [ACK] Seq=469342 Ack=141 Win=65024 Len=1448 TSval=2916034724 TSecr=3045554499 [TCP segment of a reassembled PDU]"
"17543","30.644312788","192.168.1.55","192.168.1.2","TCP","1514","8004  >  50102 [ACK] Seq=470790 Ack=141 Win=65024 Len=1448 TSval=2916034724 TSecr=3045554499 [TCP segment of a reassembled PDU]"
"17544","30.644314325","192.168.1.55","192.168.1.2","TCP","1514","8004  >  50102 [ACK] Seq=472238 Ack=141 Win=65024 Len=1448 TSval=2916034724 TSecr=3045554499 [TCP segment of a reassembled PDU]"
"17545","30.644315917","192.168.1.55","192.168.1.2","TCP","1514","8004  >  50102 [PSH, ACK] Seq=473686 Ack=141 Win=65024 Len=1448 TSval=2916034724 TSecr=3045554499 [TCP segment of a reassembled PDU]"
"17546","30.644324788","192.168.1.55","192.168.1.2","TCP","1514","8004  >  50102 [ACK] Seq=475134 Ack=141 Win=65024 Len=1448 TSval=2916034724 TSecr=3045554499 [TCP segment of a reassembled PDU]"
"17547","30.644326380","192.168.1.55","192.168.1.2","TCP","1514","8004  >  50102 [PSH, ACK] Seq=476582 Ack=141 Win=65024 Len=1448 TSval=2916034724 TSecr=3045554499 [TCP segment of a reassembled PDU]"
"17548","30.644960974","192.168.1.2","192.168.1.55","TCP","66","50102  >  8004 [ACK] Seq=141 Ack=426918 Win=87040 Len=0 TSval=3045554500 TSecr=2916034723"
"17549","30.644978529","192.168.1.55","192.168.1.2","TCP","1514","8004  >  50102 [ACK] Seq=478030 Ack=141 Win=65024 Len=1448 TSval=2916034725 TSecr=3045554500 [TCP segment of a reassembled PDU]"
"17550","30.644981696","192.168.1.55","192.168.1.2","TCP","1514","8004  >  50102 [PSH, ACK] Seq=479478 Ack=141 Win=65024 Len=1448 TSval=2916034725 TSecr=3045554500 [TCP segment of a reassembled PDU]"
"17551","30.648032682","192.168.1.2","192.168.1.55","TCP","66","50102  >  8004 [ACK] Seq=141 Ack=428366 Win=94208 Len=0 TSval=3045554503 TSecr=2916034723"
"17552","30.648048127","192.168.1.55","192.168.1.2","TCP","1514","8004  >  50102 [ACK] Seq=480926 Ack=141 Win=65024 Len=1448 TSval=2916034728 TSecr=3045554503 [TCP segment of a reassembled PDU]"
"17553","30.648219164","192.168.1.2","192.168.1.55","TCP","66","50102  >  8004 [ACK] Seq=141 Ack=430246 Win=95232 Len=0 TSval=3045554504 TSecr=2916034723"
"17554","30.648227664","192.168.1.2","192.168.1.55","TCP","66","50102  >  8004 [ACK] Seq=141 Ack=456310 Win=72704 Len=0 TSval=3045554504 TSecr=2916034724"
"17555","30.648252886","192.168.1.55","192.168.1.2","TCP","1514","8004  >  50102 [ACK] Seq=482374 Ack=141 Win=65024 Len=1448 TSval=2916034728 TSecr=3045554504 [TCP segment of a reassembled PDU]"
"17556","30.648255683","192.168.1.55","192.168.1.2","TCP","1514","8004  >  50102 [ACK] Seq=483822 Ack=141 Win=65024 Len=1448 TSval=2916034728 TSecr=3045554504 [TCP segment of a reassembled PDU]"
"17557","30.648257072","192.168.1.55","192.168.1.2","TCP","1514","8004  >  50102 [ACK] Seq=485270 Ack=141 Win=65024 Len=1448 TSval=2916034728 TSecr=3045554504 [TCP segment of a reassembled PDU]"
"17558","30.648258405","192.168.1.55","192.168.1.2","TCP","1514","8004  >  50102 [ACK] Seq=486718 Ack=141 Win=65024 Len=1448 TSval=2916034728 TSecr=3045554504 [TCP segment of a reassembled PDU]"
"17559","30.648259646","192.168.1.55","192.168.1.2","TCP","1514","8004  >  50102 [ACK] Seq=488166 Ack=141 Win=65024 Len=1448 TSval=2916034728 TSecr=3045554504 [TCP segment of a reassembled PDU]"
"17560","30.648260942","192.168.1.55","192.168.1.2","TCP","1514","8004  >  50102 [ACK] Seq=489614 Ack=141 Win=65024 Len=1448 TSval=2916034728 TSecr=3045554504 [TCP segment of a reassembled PDU]"
"17561","30.648262535","192.168.1.55","192.168.1.2","TCP","1514","8004  >  50102 [ACK] Seq=491062 Ack=141 Win=65024 Len=1448 TSval=2916034728 TSecr=3045554504 [TCP segment of a reassembled PDU]"
"17562","30.648263794","192.168.1.55","192.168.1.2","TCP","1514","8004  >  50102 [ACK] Seq=492510 Ack=141 Win=65024 Len=1448 TSval=2916034728 TSecr=3045554504 [TCP segment of a reassembled PDU]"
"17563","30.648265201","192.168.1.55","192.168.1.2","TCP","1514","8004  >  50102 [ACK] Seq=493958 Ack=141 Win=65024 Len=1448 TSval=2916034728 TSecr=3045554504 [TCP segment of a reassembled PDU]"
"17564","30.648266572","192.168.1.55","192.168.1.2","TCP","1514","8004  >  50102 [ACK] Seq=495406 Ack=141 Win=65024 Len=1448 TSval=2916034728 TSecr=3045554504 [TCP segment of a reassembled PDU]"
"17565","30.648268201","192.168.1.55","192.168.1.2","TCP","1514","8004  >  50102 [ACK] Seq=496854 Ack=141 Win=65024 Len=1448 TSval=2916034728 TSecr=3045554504 [TCP segment of a reassembled PDU]"
"17566","30.648269646","192.168.1.55","192.168.1.2","HTTP","1472","HTTP/1.0 200 OK  (PNG)"
"17567","30.648804443","192.168.1.2","192.168.1.55","TCP","66","50102  >  8004 [ACK] Seq=141 Ack=472238 Win=57344 Len=0 TSval=3045554504 TSecr=2916034724"
"17568","30.650659001","192.168.1.2","192.168.1.55","TCP","66","50102  >  8004 [ACK] Seq=141 Ack=475134 Win=92160 Len=0 TSval=3045554506 TSecr=2916034724"
"17569","30.650767057","192.168.1.2","192.168.1.55","TCP","66","50102  >  8004 [ACK] Seq=141 Ack=492510 Win=75776 Len=0 TSval=3045554506 TSecr=2916034724"
"17570","30.652021522","192.168.1.2","192.168.1.55","TCP","66","50102  >  8004 [ACK] Seq=141 Ack=498302 Win=88064 Len=0 TSval=3045554508 TSecr=2916034728"
"17571","30.654069136","192.168.1.2","192.168.1.55","TCP","66","50102  >  8004 [FIN, ACK] Seq=141 Ack=499709 Win=95232 Len=0 TSval=3045554509 TSecr=2916034728"
"17572","30.654082877","192.168.1.55","192.168.1.2","TCP","66","8004  >  50102 [ACK] Seq=499709 Ack=142 Win=65024 Len=0 TSval=2916034734 TSecr=3045554509"
"17573","30.654190248","192.168.1.2","192.168.1.55","TCP","74","50106  >  8004 [SYN] Seq=0 Win=64240 Len=0 MSS=1460 SACK_PERM TSval=3045554509 TSecr=0 WS=1024"
"17574","30.654214729","192.168.1.55","192.168.1.2","TCP","74","8004  >  50106 [SYN, ACK] Seq=0 Ack=1 Win=65160 Len=0 MSS=1460 SACK_PERM TSval=2916034734 TSecr=3045554509 WS=128"
"17575","30.657435197","192.168.1.2","192.168.1.55","TCP","66","50106  >  8004 [ACK] Seq=1 Ack=1 Win=64512 Len=0 TSval=3045554512 TSecr=2916034734"
"17576","30.660606184","192.168.1.2","192.168.1.55","HTTP","209","GET /original_benchmark.png HTTP/1.1 "
"17577","30.660622721","192.168.1.55","192.168.1.2","TCP","66","8004  >  50106 [ACK] Seq=1 Ack=144 Win=65024 Len=0 TSval=2916034741 TSecr=3045554512"
"17578","30.661040129","192.168.1.55","192.168.1.2","TCP","255","8004  >  50106 [PSH, ACK] Seq=1 Ack=144 Win=65024 Len=189 TSval=2916034741 TSecr=3045554512 [TCP segment of a reassembled PDU]"
"17579","30.661139036","192.168.1.55","192.168.1.2","TCP","1514","8004  >  50106 [ACK] Seq=190 Ack=144 Win=65024 Len=1448 TSval=2916034741 TSecr=3045554512 [TCP segment of a reassembled PDU]"
"17580","30.661142962","192.168.1.55","192.168.1.2","TCP","1514","8004  >  50106 [ACK] Seq=1638 Ack=144 Win=65024 Len=1448 TSval=2916034741 TSecr=3045554512 [TCP segment of a reassembled PDU]"
"17581","30.661144129","192.168.1.55","192.168.1.2","TCP","1514","8004  >  50106 [ACK] Seq=3086 Ack=144 Win=65024 Len=1448 TSval=2916034741 TSecr=3045554512 [TCP segment of a reassembled PDU]"
"17582","30.661145259","192.168.1.55","192.168.1.2","TCP","1514","8004  >  50106 [ACK] Seq=4534 Ack=144 Win=65024 Len=1448 TSval=2916034741 TSecr=3045554512 [TCP segment of a reassembled PDU]"
"17583","30.661146351","192.168.1.55","192.168.1.2","TCP","1514","8004  >  50106 [PSH, ACK] Seq=5982 Ack=144 Win=65024 Len=1448 TSval=2916034741 TSecr=3045554512 [TCP segment of a reassembled PDU]"
"17584","30.661160499","192.168.1.55","192.168.1.2","TCP","1514","8004  >  50106 [ACK] Seq=7430 Ack=144 Win=65024 Len=1448 TSval=2916034741 TSecr=3045554512 [TCP segment of a reassembled PDU]"
"17585","30.661162425","192.168.1.55","192.168.1.2","TCP","1514","8004  >  50106 [ACK] Seq=8878 Ack=144 Win=65024 Len=1448 TSval=2916034741 TSecr=3045554512 [TCP segment of a reassembled PDU]"
"17586","30.661163536","192.168.1.55","192.168.1.2","TCP","1514","8004  >  50106 [ACK] Seq=10326 Ack=144 Win=65024 Len=1448 TSval=2916034741 TSecr=3045554512 [TCP segment of a reassembled PDU]"
"17587","30.661164777","192.168.1.55","192.168.1.2","TCP","1514","8004  >  50106 [PSH, ACK] Seq=11774 Ack=144 Win=65024 Len=1448 TSval=2916034741 TSecr=3045554512 [TCP segment of a reassembled PDU]"
"17588","30.664675227","192.168.1.2","192.168.1.55","TCP","66","50106  >  8004 [ACK] Seq=144 Ack=190 Win=64512 Len=0 TSval=3045554519 TSecr=2916034741"
"17589","30.664723283","192.168.1.55","192.168.1.2","TCP","1514","8004  >  50106 [ACK] Seq=13222 Ack=144 Win=65024 Len=1448 TSval=2916034745 TSecr=3045554519 [TCP segment of a reassembled PDU]"
"17590","30.664728783","192.168.1.55","192.168.1.2","TCP","1514","8004  >  50106 [PSH, ACK] Seq=14670 Ack=144 Win=65024 Len=1448 TSval=2916034745 TSecr=3045554519 [TCP segment of a reassembled PDU]"
"17591","30.664789987","192.168.1.2","192.168.1.55","TCP","66","50106  >  8004 [ACK] Seq=144 Ack=5982 Win=76800 Len=0 TSval=3045554519 TSecr=2916034741"
"17592","30.664816764","192.168.1.55","192.168.1.2","TCP","1514","8004  >  50106 [ACK] Seq=16118 Ack=144 Win=65024 Len=1448 TSval=2916034745 TSecr=3045554519 [TCP segment of a reassembled PDU]"
"17593","30.664818875","192.168.1.55","192.168.1.2","TCP","1514","8004  >  50106 [ACK] Seq=17566 Ack=144 Win=65024 Len=1448 TSval=2916034745 TSecr=3045554519 [TCP segment of a reassembled PDU]"
"17594","30.664820579","192.168.1.55","192.168.1.2","TCP","1514","8004  >  50106 [ACK] Seq=19014 Ack=144 Win=65024 Len=1448 TSval=2916034745 TSecr=3045554519 [TCP segment of a reassembled PDU]"
"17595","30.664821690","192.168.1.55","192.168.1.2","TCP","1514","8004  >  50106 [ACK] Seq=20462 Ack=144 Win=65024 Len=1448 TSval=2916034745 TSecr=3045554519 [TCP segment of a reassembled PDU]"
"17596","30.664823375","192.168.1.55","192.168.1.2","TCP","1514","8004  >  50106 [ACK] Seq=21910 Ack=144 Win=65024 Len=1448 TSval=2916034745 TSecr=3045554519 [TCP segment of a reassembled PDU]"
"17597","30.664824653","192.168.1.55","192.168.1.2","TCP","1514","8004  >  50106 [ACK] Seq=23358 Ack=144 Win=65024 Len=1448 TSval=2916034745 TSecr=3045554519 [TCP segment of a reassembled PDU]"
"17598","30.664825894","192.168.1.55","192.168.1.2","TCP","1514","8004  >  50106 [PSH, ACK] Seq=24806 Ack=144 Win=65024 Len=1448 TSval=2916034745 TSecr=3045554519 [TCP segment of a reassembled PDU]"
"17599","30.664830209","192.168.1.2","192.168.1.55","TCP","66","50106  >  8004 [ACK] Seq=144 Ack=7430 Win=79872 Len=0 TSval=3045554520 TSecr=2916034741"
"17600","30.666061081","192.168.1.2","192.168.1.55","TCP","66","50106  >  8004 [ACK] Seq=144 Ack=13222 Win=80896 Len=0 TSval=3045554520 TSecr=2916034741"
"17601","30.666254156","192.168.1.55","192.168.1.2","TCP","1514","8004  >  50106 [ACK] Seq=26254 Ack=144 Win=65024 Len=1448 TSval=2916034746 TSecr=3045554520 [TCP segment of a reassembled PDU]"
"17602","30.666270822","192.168.1.55","192.168.1.2","TCP","1514","8004  >  50106 [ACK] Seq=27702 Ack=144 Win=65024 Len=1448 TSval=2916034746 TSecr=3045554520 [TCP segment of a reassembled PDU]"
"17603","30.666273359","192.168.1.55","192.168.1.2","TCP","1514","8004  >  50106 [ACK] Seq=29150 Ack=144 Win=65024 Len=1448 TSval=2916034746 TSecr=3045554520 [TCP segment of a reassembled PDU]"
"17604","30.666276137","192.168.1.55","192.168.1.2","TCP","1514","8004  >  50106 [ACK] Seq=30598 Ack=144 Win=65024 Len=1448 TSval=2916034746 TSecr=3045554520 [TCP segment of a reassembled PDU]"
"17605","30.666278637","192.168.1.55","192.168.1.2","TCP","1514","8004  >  50106 [ACK] Seq=32046 Ack=144 Win=65024 Len=1448 TSval=2916034746 TSecr=3045554520 [TCP segment of a reassembled PDU]"
"17606","30.666281359","192.168.1.55","192.168.1.2","TCP","1514","8004  >  50106 [ACK] Seq=33494 Ack=144 Win=65024 Len=1448 TSval=2916034746 TSecr=3045554520 [TCP segment of a reassembled PDU]"
"17607","30.666284581","192.168.1.55","192.168.1.2","TCP","1514","8004  >  50106 [ACK] Seq=34942 Ack=144 Win=65024 Len=1448 TSval=2916034746 TSecr=3045554520 [TCP segment of a reassembled PDU]"
"17608","30.666287100","192.168.1.55","192.168.1.2","TCP","1514","8004  >  50106 [ACK] Seq=36390 Ack=144 Win=65024 Len=1448 TSval=2916034746 TSecr=3045554520 [TCP segment of a reassembled PDU]"
"17609","30.666288285","192.168.1.55","192.168.1.2","TCP","1514","8004  >  50106 [ACK] Seq=37838 Ack=144 Win=65024 Len=1448 TSval=2916034746 TSecr=3045554520 [TCP segment of a reassembled PDU]"
"17610","30.666290174","192.168.1.55","192.168.1.2","TCP","1514","8004  >  50106 [PSH, ACK] Seq=39286 Ack=144 Win=65024 Len=1448 TSval=2916034746 TSecr=3045554520 [TCP segment of a reassembled PDU]"
"17611","30.666362933","192.168.1.55","192.168.1.2","TCP","1514","8004  >  50106 [ACK] Seq=40734 Ack=144 Win=65024 Len=1448 TSval=2916034746 TSecr=3045554520 [TCP segment of a reassembled PDU]"
"17612","30.668573770","192.168.1.2","192.168.1.55","TCP","66","50106  >  8004 [ACK] Seq=144 Ack=14670 Win=83968 Len=0 TSval=3045554522 TSecr=2916034745"
"17613","30.668654326","192.168.1.55","192.168.1.2","TCP","1514","8004  >  50106 [ACK] Seq=42182 Ack=144 Win=65024 Len=1448 TSval=2916034749 TSecr=3045554522 [TCP segment of a reassembled PDU]"
"17614","30.668661326","192.168.1.55","192.168.1.2","TCP","1514","8004  >  50106 [PSH, ACK] Seq=43630 Ack=144 Win=65024 Len=1448 TSval=2916034749 TSecr=3045554522 [TCP segment of a reassembled PDU]"
"17615","30.670210643","192.168.1.2","192.168.1.55","TCP","66","50106  >  8004 [ACK] Seq=144 Ack=16118 Win=87040 Len=0 TSval=3045554523 TSecr=2916034745"
"17616","30.670263828","192.168.1.55","192.168.1.2","TCP","1514","8004  >  50106 [ACK] Seq=45078 Ack=144 Win=65024 Len=1448 TSval=2916034750 TSecr=3045554523 [TCP segment of a reassembled PDU]"
"17617","30.670272366","192.168.1.55","192.168.1.2","TCP","1514","8004  >  50106 [PSH, ACK] Seq=46526 Ack=144 Win=65024 Len=1448 TSval=2916034750 TSecr=3045554523 [TCP segment of a reassembled PDU]"
"17618","30.670376958","192.168.1.2","192.168.1.55","TCP","66","50106  >  8004 [ACK] Seq=144 Ack=24806 Win=86016 Len=0 TSval=3045554523 TSecr=2916034745"
"17619","30.670422032","192.168.1.55","192.168.1.2","TCP","1514","8004  >  50106 [ACK] Seq=47974 Ack=144 Win=65024 Len=1448 TSval=2916034751 TSecr=3045554523 [TCP segment of a reassembled PDU]"
"17620","30.670426255","192.168.1.55","192.168.1.2","TCP","1514","8004  >  50106 [ACK] Seq=49422 Ack=144 Win=65024 Len=1448 TSval=2916034751 TSecr=3045554523 [TCP segment of a reassembled PDU]"
"17621","30.670427588","192.168.1.55","192.168.1.2","TCP","1514","8004  >  50106 [ACK] Seq=50870 Ack=144 Win=65024 Len=1448 TSval=2916034751 TSecr=3045554523 [TCP segment of a reassembled PDU]"
"17622","30.670428958","192.168.1.55","192.168.1.2","TCP","1514","8004  >  50106 [ACK] Seq=52318 Ack=144 Win=65024 Len=1448 TSval=2916034751 TSecr=3045554523 [TCP segment of a reassembled PDU]"
"17623","30.670429921","192.168.1.55","192.168.1.2","TCP","1514","8004  >  50106 [ACK] Seq=53766 Ack=144 Win=65024 Len=1448 TSval=2916034751 TSecr=3045554523 [TCP segment of a reassembled PDU]"
"17624","30.670430958","192.168.1.55","192.168.1.2","TCP","1514","8004  >  50106 [ACK] Seq=55214 Ack=144 Win=65024 Len=1448 TSval=2916034751 TSecr=3045554523 [TCP segment of a reassembled PDU]"
"17625","30.670431866","192.168.1.55","192.168.1.2","TCP","1514","8004  >  50106 [ACK] Seq=56662 Ack=144 Win=65024 Len=1448 TSval=2916034751 TSecr=3045554523 [TCP segment of a reassembled PDU]"
"17626","30.670432921","192.168.1.55","192.168.1.2","TCP","1514","8004  >  50106 [ACK] Seq=58110 Ack=144 Win=65024 Len=1448 TSval=2916034751 TSecr=3045554523 [TCP segment of a reassembled PDU]"
"17627","30.670434162","192.168.1.55","192.168.1.2","TCP","1514","8004  >  50106 [ACK] Seq=59558 Ack=144 Win=65024 Len=1448 TSval=2916034751 TSecr=3045554523 [TCP segment of a reassembled PDU]"
"17628","30.670435162","192.168.1.55","192.168.1.2","TCP","1514","8004  >  50106 [ACK] Seq=61006 Ack=144 Win=65024 Len=1448 TSval=2916034751 TSecr=3045554523 [TCP segment of a reassembled PDU]"
"17629","30.670436958","192.168.1.55","192.168.1.2","TCP","1514","8004  >  50106 [ACK] Seq=62454 Ack=144 Win=65024 Len=1448 TSval=2916034751 TSecr=3045554523 [TCP segment of a reassembled PDU]"
"17630","30.670438477","192.168.1.55","192.168.1.2","TCP","1514","8004  >  50106 [PSH, ACK] Seq=63902 Ack=144 Win=65024 Len=1448 TSval=2916034751 TSecr=3045554523 [TCP segment of a reassembled PDU]"
"17631","30.670444995","192.168.1.2","192.168.1.55","TCP","66","50106  >  8004 [ACK] Seq=144 Ack=26254 Win=90112 Len=0 TSval=3045554524 TSecr=2916034745"
"17632","30.670450736","192.168.1.2","192.168.1.55","TCP","66","50106  >  8004 [ACK] Seq=144 Ack=33494 Win=89088 Len=0 TSval=3045554524 TSecr=2916034746"
"17633","30.670473440","192.168.1.55","192.168.1.2","TCP","1514","8004  >  50106 [ACK] Seq=65350 Ack=144 Win=65024 Len=1448 TSval=2916034751 TSecr=3045554524 [TCP segment of a reassembled PDU]"
"17634","30.670476051","192.168.1.55","192.168.1.2","TCP","1514","8004  >  50106 [ACK] Seq=66798 Ack=144 Win=65024 Len=1448 TSval=2916034751 TSecr=3045554524 [TCP segment of a reassembled PDU]"
"17635","30.670477551","192.168.1.55","192.168.1.2","TCP","1514","8004  >  50106 [ACK] Seq=68246 Ack=144 Win=65024 Len=1448 TSval=2916034751 TSecr=3045554524 [TCP segment of a reassembled PDU]"
"17636","30.670478958","192.168.1.55","192.168.1.2","TCP","1514","8004  >  50106 [ACK] Seq=69694 Ack=144 Win=65024 Len=1448 TSval=2916034751 TSecr=3045554524 [TCP segment of a reassembled PDU]"
"17637","30.670479940","192.168.1.55","192.168.1.2","TCP","1514","8004  >  50106 [ACK] Seq=71142 Ack=144 Win=65024 Len=1448 TSval=2916034751 TSecr=3045554524 [TCP segment of a reassembled PDU]"
"17638","30.670480884","192.168.1.55","192.168.1.2","TCP","1514","8004  >  50106 [ACK] Seq=72590 Ack=144 Win=65024 Len=1448 TSval=2916034751 TSecr=3045554524 [TCP segment of a reassembled PDU]"
"17639","30.670481921","192.168.1.55","192.168.1.2","TCP","1514","8004  >  50106 [ACK] Seq=74038 Ack=144 Win=65024 Len=1448 TSval=2916034751 TSecr=3045554524 [TCP segment of a reassembled PDU]"
"17640","30.670482810","192.168.1.55","192.168.1.2","TCP","1514","8004  >  50106 [PSH, ACK] Seq=75486 Ack=144 Win=65024 Len=1448 TSval=2916034751 TSecr=3045554524 [TCP segment of a reassembled PDU]"
"17641","30.673122074","192.168.1.2","192.168.1.55","TCP","66","50106  >  8004 [ACK] Seq=144 Ack=40734 Win=89088 Len=0 TSval=3045554526 TSecr=2916034746"
"17642","30.673203889","192.168.1.55","192.168.1.2","TCP","1514","8004  >  50106 [ACK] Seq=76934 Ack=144 Win=65024 Len=1448 TSval=2916034753 TSecr=3045554526 [TCP segment of a reassembled PDU]"
"17643","30.673209759","192.168.1.55","192.168.1.2","TCP","1514","8004  >  50106 [ACK] Seq=78382 Ack=144 Win=65024 Len=1448 TSval=2916034753 TSecr=3045554526 [TCP segment of a reassembled PDU]"
"17644","30.673210815","192.168.1.55","192.168.1.2","TCP","1514","8004  >  50106 [ACK] Seq=79830 Ack=144 Win=65024 Len=1448 TSval=2916034753 TSecr=3045554526 [TCP segment of a reassembled PDU]"
"17645","30.673211778","192.168.1.55","192.168.1.2","TCP","1514","8004  >  50106 [ACK] Seq=81278 Ack=144 Win=65024 Len=1448 TSval=2916034753 TSecr=3045554526 [TCP segment of a reassembled PDU]"
"17646","30.673212722","192.168.1.55","192.168.1.2","TCP","1514","8004  >  50106 [ACK] Seq=82726 Ack=144 Win=65024 Len=1448 TSval=2916034753 TSecr=3045554526 [TCP segment of a reassembled PDU]"
"17647","30.673214037","192.168.1.55","192.168.1.2","TCP","1514","8004  >  50106 [ACK] Seq=84174 Ack=144 Win=65024 Len=1448 TSval=2916034753 TSecr=3045554526 [TCP segment of a reassembled PDU]"
"17648","30.673216055","192.168.1.55","192.168.1.2","TCP","1514","8004  >  50106 [ACK] Seq=85622 Ack=144 Win=65024 Len=1448 TSval=2916034753 TSecr=3045554526 [TCP segment of a reassembled PDU]"
"17649","30.673217889","192.168.1.55","192.168.1.2","TCP","1514","8004  >  50106 [ACK] Seq=87070 Ack=144 Win=65024 Len=1448 TSval=2916034753 TSecr=3045554526 [TCP segment of a reassembled PDU]"
"17650","30.673219407","192.168.1.55","192.168.1.2","TCP","1514","8004  >  50106 [ACK] Seq=88518 Ack=144 Win=65024 Len=1448 TSval=2916034753 TSecr=3045554526 [TCP segment of a reassembled PDU]"
"17651","30.673220500","192.168.1.55","192.168.1.2","TCP","1514","8004  >  50106 [ACK] Seq=89966 Ack=144 Win=65024 Len=1448 TSval=2916034753 TSecr=3045554526 [TCP segment of a reassembled PDU]"
"17652","30.673221518","192.168.1.55","192.168.1.2","TCP","1514","8004  >  50106 [ACK] Seq=91414 Ack=144 Win=65024 Len=1448 TSval=2916034753 TSecr=3045554526 [TCP segment of a reassembled PDU]"
"17653","30.673222500","192.168.1.55","192.168.1.2","TCP","1514","8004  >  50106 [ACK] Seq=92862 Ack=144 Win=65024 Len=1448 TSval=2916034753 TSecr=3045554526 [TCP segment of a reassembled PDU]"
"17654","30.673223500","192.168.1.55","192.168.1.2","TCP","1514","8004  >  50106 [ACK] Seq=94310 Ack=144 Win=65024 Len=1448 TSval=2916034753 TSecr=3045554526 [TCP segment of a reassembled PDU]"
"17655","30.673224741","192.168.1.55","192.168.1.2","TCP","1514","8004  >  50106 [PSH, ACK] Seq=95758 Ack=144 Win=65024 Len=1448 TSval=2916034753 TSecr=3045554526 [TCP segment of a reassembled PDU]"
"17656","30.673265963","192.168.1.2","192.168.1.55","TCP","66","50106  >  8004 [ACK] Seq=144 Ack=45078 Win=90112 Len=0 TSval=3045554526 TSecr=2916034746"
"17657","30.676314782","192.168.1.2","192.168.1.55","TCP","66","50106  >  8004 [ACK] Seq=144 Ack=47974 Win=91136 Len=0 TSval=3045554529 TSecr=2916034750"
"17658","30.676397542","192.168.1.55","192.168.1.2","TCP","1514","8004  >  50106 [ACK] Seq=97206 Ack=144 Win=65024 Len=1448 TSval=2916034757 TSecr=3045554529 [TCP segment of a reassembled PDU]"
"17659","30.676402857","192.168.1.55","192.168.1.2","TCP","1514","8004  >  50106 [ACK] Seq=98654 Ack=144 Win=65024 Len=1448 TSval=2916034757 TSecr=3045554529 [TCP segment of a reassembled PDU]"
"17660","30.676403931","192.168.1.55","192.168.1.2","TCP","1514","8004  >  50106 [ACK] Seq=100102 Ack=144 Win=65024 Len=1448 TSval=2916034757 TSecr=3045554529 [TCP segment of a reassembled PDU]"
"17661","30.676405246","192.168.1.55","192.168.1.2","TCP","1514","8004  >  50106 [ACK] Seq=101550 Ack=144 Win=65024 Len=1448 TSval=2916034757 TSecr=3045554529 [TCP segment of a reassembled PDU]"
"17662","30.676406449","192.168.1.55","192.168.1.2","TCP","1514","8004  >  50106 [ACK] Seq=102998 Ack=144 Win=65024 Len=1448 TSval=2916034757 TSecr=3045554529 [TCP segment of a reassembled PDU]"
"17663","30.676408116","192.168.1.55","192.168.1.2","TCP","1514","8004  >  50106 [ACK] Seq=104446 Ack=144 Win=65024 Len=1448 TSval=2916034757 TSecr=3045554529 [TCP segment of a reassembled PDU]"
"17664","30.676409690","192.168.1.55","192.168.1.2","TCP","1514","8004  >  50106 [ACK] Seq=105894 Ack=144 Win=65024 Len=1448 TSval=2916034757 TSecr=3045554529 [TCP segment of a reassembled PDU]"
"17665","30.676411431","192.168.1.55","192.168.1.2","TCP","1514","8004  >  50106 [ACK] Seq=107342 Ack=144 Win=65024 Len=1448 TSval=2916034757 TSecr=3045554529 [TCP segment of a reassembled PDU]"
"17666","30.676412616","192.168.1.55","192.168.1.2","TCP","1514","8004  >  50106 [ACK] Seq=108790 Ack=144 Win=65024 Len=1448 TSval=2916034757 TSecr=3045554529 [TCP segment of a reassembled PDU]"
"17667","30.676414338","192.168.1.55","192.168.1.2","TCP","1514","8004  >  50106 [PSH, ACK] Seq=110238 Ack=144 Win=65024 Len=1448 TSval=2916034757 TSecr=3045554529 [TCP segment of a reassembled PDU]"
"17668","30.676487320","192.168.1.2","192.168.1.55","TCP","66","50106  >  8004 [ACK] Seq=144 Ack=65350 Win=78848 Len=0 TSval=3045554529 TSecr=2916034751"
"17669","30.676501449","192.168.1.55","192.168.1.2","TCP","1514","8004  >  50106 [ACK] Seq=111686 Ack=144 Win=65024 Len=1448 TSval=2916034757 TSecr=3045554529 [TCP segment of a reassembled PDU]"
"17670","30.676503431","192.168.1.55","192.168.1.2","TCP","1514","8004  >  50106 [ACK] Seq=113134 Ack=144 Win=65024 Len=1448 TSval=2916034757 TSecr=3045554529 [TCP segment of a reassembled PDU]"
"17671","30.676505357","192.168.1.55","192.168.1.2","TCP","1514","8004  >  50106 [PSH, ACK] Seq=114582 Ack=144 Win=65024 Len=1448 TSval=2916034757 TSecr=3045554529 [TCP segment of a reassembled PDU]"
"17672","30.676558246","192.168.1.55","192.168.1.2","TCP","1514","8004  >  50106 [ACK] Seq=116030 Ack=144 Win=65024 Len=1448 TSval=2916034757 TSecr=3045554529 [TCP segment of a reassembled PDU]"
"17673","30.676561061","192.168.1.55","192.168.1.2","TCP","1514","8004  >  50106 [ACK] Seq=117478 Ack=144 Win=65024 Len=1448 TSval=2916034757 TSecr=3045554529 [TCP segment of a reassembled PDU]"
"17674","30.676563172","192.168.1.55","192.168.1.2","TCP","1514","8004  >  50106 [ACK] Seq=118926 Ack=144 Win=65024 Len=1448 TSval=2916034757 TSecr=3045554529 [TCP segment of a reassembled PDU]"
"17675","30.676564672","192.168.1.55","192.168.1.2","TCP","1514","8004  >  50106 [ACK] Seq=120374 Ack=144 Win=65024 Len=1448 TSval=2916034757 TSecr=3045554529 [TCP segment of a reassembled PDU]"
"17676","30.676565672","192.168.1.55","192.168.1.2","TCP","1514","8004  >  50106 [ACK] Seq=121822 Ack=144 Win=65024 Len=1448 TSval=2916034757 TSecr=3045554529 [TCP segment of a reassembled PDU]"
"17677","30.676567283","192.168.1.55","192.168.1.2","TCP","1514","8004  >  50106 [ACK] Seq=123270 Ack=144 Win=65024 Len=1448 TSval=2916034757 TSecr=3045554529 [TCP segment of a reassembled PDU]"
"17678","30.676568357","192.168.1.55","192.168.1.2","TCP","1514","8004  >  50106 [ACK] Seq=124718 Ack=144 Win=65024 Len=1448 TSval=2916034757 TSecr=3045554529 [TCP segment of a reassembled PDU]"
"17679","30.676569709","192.168.1.55","192.168.1.2","TCP","1514","8004  >  50106 [ACK] Seq=126166 Ack=144 Win=65024 Len=1448 TSval=2916034757 TSecr=3045554529 [TCP segment of a reassembled PDU]"
"17680","30.676570838","192.168.1.55","192.168.1.2","TCP","1514","8004  >  50106 [ACK] Seq=127614 Ack=144 Win=65024 Len=1448 TSval=2916034757 TSecr=3045554529 [TCP segment of a reassembled PDU]"
"17681","30.676572468","192.168.1.55","192.168.1.2","TCP","1514","8004  >  50106 [ACK] Seq=129062 Ack=144 Win=65024 Len=1448 TSval=2916034757 TSecr=3045554529 [TCP segment of a reassembled PDU]"
"17682","30.676573709","192.168.1.55","192.168.1.2","TCP","1514","8004  >  50106 [ACK] Seq=130510 Ack=144 Win=65024 Len=1448 TSval=2916034757 TSecr=3045554529 [TCP segment of a reassembled PDU]"
"17683","30.676574838","192.168.1.55","192.168.1.2","TCP","1514","8004  >  50106 [ACK] Seq=131958 Ack=144 Win=65024 Len=1448 TSval=2916034757 TSecr=3045554529 [TCP segment of a reassembled PDU]"
"17684","30.676576542","192.168.1.55","192.168.1.2","TCP","1514","8004  >  50106 [ACK] Seq=133406 Ack=144 Win=65024 Len=1448 TSval=2916034757 TSecr=3045554529 [TCP segment of a reassembled PDU]"
"17685","30.676578024","192.168.1.55","192.168.1.2","TCP","1514","8004  >  50106 [ACK] Seq=134854 Ack=144 Win=65024 Len=1448 TSval=2916034757 TSecr=3045554529 [TCP segment of a reassembled PDU]"
"17686","30.676579153","192.168.1.55","192.168.1.2","TCP","1514","8004  >  50106 [ACK] Seq=136302 Ack=144 Win=65024 Len=1448 TSval=2916034757 TSecr=3045554529 [TCP segment of a reassembled PDU]"
"17687","30.676580375","192.168.1.55","192.168.1.2","TCP","1514","8004  >  50106 [ACK] Seq=137750 Ack=144 Win=65024 Len=1448 TSval=2916034757 TSecr=3045554529 [TCP segment of a reassembled PDU]"
"17688","30.676581579","192.168.1.55","192.168.1.2","TCP","1514","8004  >  50106 [ACK] Seq=139198 Ack=144 Win=65024 Len=1448 TSval=2916034757 TSecr=3045554529 [TCP segment of a reassembled PDU]"
"17689","30.676583042","192.168.1.55","192.168.1.2","TCP","1514","8004  >  50106 [ACK] Seq=140646 Ack=144 Win=65024 Len=1448 TSval=2916034757 TSecr=3045554529 [TCP segment of a reassembled PDU]"
"17690","30.676584357","192.168.1.55","192.168.1.2","TCP","1514","8004  >  50106 [ACK] Seq=142094 Ack=144 Win=65024 Len=1448 TSval=2916034757 TSecr=3045554529 [TCP segment of a reassembled PDU]"
"17691","30.676585394","192.168.1.55","192.168.1.2","TCP","722","[TCP Window Full] 8004  >  50106 [PSH, ACK] Seq=143542 Ack=144 Win=65024 Len=656 TSval=2916034757 TSecr=3045554529 [TCP segment of a reassembled PDU]"
"17692","30.676588635","192.168.1.2","192.168.1.55","TCP","66","50106  >  8004 [ACK] Seq=144 Ack=68246 Win=76800 Len=0 TSval=3045554529 TSecr=2916034751"
"17693","30.676592709","192.168.1.2","192.168.1.55","TCP","66","50106  >  8004 [ACK] Seq=144 Ack=76934 Win=83968 Len=0 TSval=3045554530 TSecr=2916034751"
"17694","30.677975137","192.168.1.55","192.168.1.2","TCP","1514","8004  >  50106 [ACK] Seq=144198 Ack=144 Win=65024 Len=1448 TSval=2916034758 TSecr=3045554530 [TCP segment of a reassembled PDU]"
"17695","30.677984452","192.168.1.55","192.168.1.2","TCP","1514","8004  >  50106 [ACK] Seq=145646 Ack=144 Win=65024 Len=1448 TSval=2916034758 TSecr=3045554530 [TCP segment of a reassembled PDU]"
"17696","30.677985822","192.168.1.55","192.168.1.2","TCP","1514","8004  >  50106 [ACK] Seq=147094 Ack=144 Win=65024 Len=1448 TSval=2916034758 TSecr=3045554530 [TCP segment of a reassembled PDU]"
"17697","30.677987211","192.168.1.55","192.168.1.2","TCP","1514","8004  >  50106 [ACK] Seq=148542 Ack=144 Win=65024 Len=1448 TSval=2916034758 TSecr=3045554530 [TCP segment of a reassembled PDU]"
"17698","30.677988452","192.168.1.55","192.168.1.2","TCP","1514","8004  >  50106 [ACK] Seq=149990 Ack=144 Win=65024 Len=1448 TSval=2916034758 TSecr=3045554530 [TCP segment of a reassembled PDU]"
"17699","30.677989396","192.168.1.55","192.168.1.2","TCP","1514","8004  >  50106 [ACK] Seq=151438 Ack=144 Win=65024 Len=1448 TSval=2916034758 TSecr=3045554530 [TCP segment of a reassembled PDU]"
"17700","30.677990322","192.168.1.55","192.168.1.2","TCP","1514","8004  >  50106 [PSH, ACK] Seq=152886 Ack=144 Win=65024 Len=1448 TSval=2916034758 TSecr=3045554530 [TCP segment of a reassembled PDU]"
"17701","30.677999637","192.168.1.55","192.168.1.2","TCP","858","8004  >  50106 [ACK] Seq=154334 Ack=144 Win=65024 Len=792 TSval=2916034758 TSecr=3045554530 [TCP segment of a reassembled PDU]"
"17702","30.681118309","192.168.1.2","192.168.1.55","TCP","66","50106  >  8004 [ACK] Seq=144 Ack=91414 Win=77824 Len=0 TSval=3045554531 TSecr=2916034753"
"17703","30.681224494","192.168.1.55","192.168.1.2","TCP","1514","8004  >  50106 [ACK] Seq=155126 Ack=144 Win=65024 Len=1448 TSval=2916034761 TSecr=3045554531 [TCP segment of a reassembled PDU]"
"17704","30.681231901","192.168.1.55","192.168.1.2","TCP","1514","8004  >  50106 [ACK] Seq=156574 Ack=144 Win=65024 Len=1448 TSval=2916034761 TSecr=3045554531 [TCP segment of a reassembled PDU]"
"17705","30.681233883","192.168.1.55","192.168.1.2","TCP","1514","8004  >  50106 [ACK] Seq=158022 Ack=144 Win=65024 Len=1448 TSval=2916034761 TSecr=3045554531 [TCP segment of a reassembled PDU]"
"17706","30.681235309","192.168.1.55","192.168.1.2","TCP","1514","8004  >  50106 [ACK] Seq=159470 Ack=144 Win=65024 Len=1448 TSval=2916034761 TSecr=3045554531 [TCP segment of a reassembled PDU]"
"17707","30.681237031","192.168.1.55","192.168.1.2","TCP","1514","8004  >  50106 [ACK] Seq=160918 Ack=144 Win=65024 Len=1448 TSval=2916034761 TSecr=3045554531 [TCP segment of a reassembled PDU]"
"17708","30.681237920","192.168.1.55","192.168.1.2","TCP","1514","8004  >  50106 [ACK] Seq=162366 Ack=144 Win=65024 Len=1448 TSval=2916034761 TSecr=3045554531 [TCP segment of a reassembled PDU]"
"17709","30.681238920","192.168.1.55","192.168.1.2","TCP","1514","8004  >  50106 [ACK] Seq=163814 Ack=144 Win=65024 Len=1448 TSval=2916034761 TSecr=3045554531 [TCP segment of a reassembled PDU]"
"17710","30.681247698","192.168.1.55","192.168.1.2","TCP","1514","8004  >  50106 [ACK] Seq=165262 Ack=144 Win=65024 Len=1448 TSval=2916034761 TSecr=3045554531 [TCP segment of a reassembled PDU]"
"17711","30.681250124","192.168.1.55","192.168.1.2","TCP","1514","8004  >  50106 [PSH, ACK] Seq=166710 Ack=144 Win=65024 Len=1448 TSval=2916034761 TSecr=3045554531 [TCP segment of a reassembled PDU]"
"17712","30.681279068","192.168.1.2","192.168.1.55","TCP","66","50106  >  8004 [ACK] Seq=144 Ack=97206 Win=86016 Len=0 TSval=3045554532 TSecr=2916034753"
"17713","30.683242719","192.168.1.2","192.168.1.55","TCP","66","50106  >  8004 [ACK] Seq=144 Ack=111686 Win=79872 Len=0 TSval=3045554536 TSecr=2916034757"
"17714","30.683287405","192.168.1.55","192.168.1.2","TCP","1514","8004  >  50106 [ACK] Seq=168158 Ack=144 Win=65024 Len=1448 TSval=2916034763 TSecr=3045554536 [TCP segment of a reassembled PDU]"
"17715","30.683296608","192.168.1.55","192.168.1.2","TCP","1514","8004  >  50106 [ACK] Seq=169606 Ack=144 Win=65024 Len=1448 TSval=2916034763 TSecr=3045554536 [TCP segment of a reassembled PDU]"
"17716","30.683297960","192.168.1.55","192.168.1.2","TCP","1514","8004  >  50106 [ACK] Seq=171054 Ack=144 Win=65024 Len=1448 TSval=2916034763 TSecr=3045554536 [TCP segment of a reassembled PDU]"
"17717","30.683298923","192.168.1.55","192.168.1.2","TCP","1514","8004  >  50106 [ACK] Seq=172502 Ack=144 Win=65024 Len=1448 TSval=2916034763 TSecr=3045554536 [TCP segment of a reassembled PDU]"
"17718","30.683299831","192.168.1.55","192.168.1.2","TCP","1514","8004  >  50106 [ACK] Seq=173950 Ack=144 Win=65024 Len=1448 TSval=2916034763 TSecr=3045554536 [TCP segment of a reassembled PDU]"
"17719","30.683300849","192.168.1.55","192.168.1.2","TCP","1514","8004  >  50106 [ACK] Seq=175398 Ack=144 Win=65024 Len=1448 TSval=2916034763 TSecr=3045554536 [TCP segment of a reassembled PDU]"
"17720","30.683302256","192.168.1.55","192.168.1.2","TCP","1514","8004  >  50106 [ACK] Seq=176846 Ack=144 Win=65024 Len=1448 TSval=2916034763 TSecr=3045554536 [TCP segment of a reassembled PDU]"
"17721","30.683303645","192.168.1.55","192.168.1.2","TCP","1514","8004  >  50106 [ACK] Seq=178294 Ack=144 Win=65024 Len=1448 TSval=2916034763 TSecr=3045554536 [TCP segment of a reassembled PDU]"
"17722","30.683305516","192.168.1.55","192.168.1.2","TCP","1514","8004  >  50106 [ACK] Seq=179742 Ack=144 Win=65024 Len=1448 TSval=2916034763 TSecr=3045554536 [TCP segment of a reassembled PDU]"
"17723","30.683306886","192.168.1.55","192.168.1.2","TCP","1514","8004  >  50106 [ACK] Seq=181190 Ack=144 Win=65024 Len=1448 TSval=2916034763 TSecr=3045554536 [TCP segment of a reassembled PDU]"
"17724","30.683308349","192.168.1.55","192.168.1.2","TCP","1514","8004  >  50106 [ACK] Seq=182638 Ack=144 Win=65024 Len=1448 TSval=2916034763 TSecr=3045554536 [TCP segment of a reassembled PDU]"
"17725","30.683309664","192.168.1.55","192.168.1.2","TCP","1514","8004  >  50106 [ACK] Seq=184086 Ack=144 Win=65024 Len=1448 TSval=2916034763 TSecr=3045554536 [TCP segment of a reassembled PDU]"
"17726","30.683310627","192.168.1.55","192.168.1.2","TCP","1514","8004  >  50106 [ACK] Seq=185534 Ack=144 Win=65024 Len=1448 TSval=2916034763 TSecr=3045554536 [TCP segment of a reassembled PDU]"
"17727","30.683311849","192.168.1.55","192.168.1.2","TCP","1514","8004  >  50106 [ACK] Seq=186982 Ack=144 Win=65024 Len=1448 TSval=2916034763 TSecr=3045554536 [TCP segment of a reassembled PDU]"
"17728","30.683313460","192.168.1.55","192.168.1.2","TCP","1514","8004  >  50106 [ACK] Seq=188430 Ack=144 Win=65024 Len=1448 TSval=2916034763 TSecr=3045554536 [TCP segment of a reassembled PDU]"
"17729","30.683315219","192.168.1.55","192.168.1.2","TCP","1514","8004  >  50106 [PSH, ACK] Seq=189878 Ack=144 Win=65024 Len=1448 TSval=2916034763 TSecr=3045554536 [TCP segment of a reassembled PDU]"
"17730","30.683373405","192.168.1.2","192.168.1.55","TCP","66","50106  >  8004 [ACK] Seq=144 Ack=116030 Win=91136 Len=0 TSval=3045554536 TSecr=2916034757"
"17731","30.683391053","192.168.1.55","192.168.1.2","TCP","1514","8004  >  50106 [ACK] Seq=191326 Ack=144 Win=65024 Len=1448 TSval=2916034764 TSecr=3045554536 [TCP segment of a reassembled PDU]"
"17732","30.683393164","192.168.1.55","192.168.1.2","TCP","1514","8004  >  50106 [ACK] Seq=192774 Ack=144 Win=65024 Len=1448 TSval=2916034764 TSecr=3045554536 [TCP segment of a reassembled PDU]"
"17733","30.683394386","192.168.1.55","192.168.1.2","TCP","1514","8004  >  50106 [ACK] Seq=194222 Ack=144 Win=65024 Len=1448 TSval=2916034764 TSecr=3045554536 [TCP segment of a reassembled PDU]"
"17734","30.683395294","192.168.1.55","192.168.1.2","TCP","1514","8004  >  50106 [ACK] Seq=195670 Ack=144 Win=65024 Len=1448 TSval=2916034764 TSecr=3045554536 [TCP segment of a reassembled PDU]"
"17735","30.683396294","192.168.1.55","192.168.1.2","TCP","1514","8004  >  50106 [ACK] Seq=197118 Ack=144 Win=65024 Len=1448 TSval=2916034764 TSecr=3045554536 [TCP segment of a reassembled PDU]"
"17736","30.683397720","192.168.1.55","192.168.1.2","TCP","1514","8004  >  50106 [PSH, ACK] Seq=198566 Ack=144 Win=65024 Len=1448 TSval=2916034764 TSecr=3045554536 [TCP segment of a reassembled PDU]"
"17737","30.683402145","192.168.1.2","192.168.1.55","TCP","66","50106  >  8004 [ACK] Seq=144 Ack=154334 Win=58368 Len=0 TSval=3045554536 TSecr=2916034757"
"17738","30.686031187","192.168.1.2","192.168.1.55","TCP","66","50106  >  8004 [ACK] Seq=144 Ack=155126 Win=92160 Len=0 TSval=3045554537 TSecr=2916034758"
"17739","30.686087094","192.168.1.55","192.168.1.2","TCP","1514","8004  >  50106 [ACK] Seq=200014 Ack=144 Win=65024 Len=1448 TSval=2916034766 TSecr=3045554537 [TCP segment of a reassembled PDU]"
"17740","30.686092390","192.168.1.55","192.168.1.2","TCP","1514","8004  >  50106 [ACK] Seq=201462 Ack=144 Win=65024 Len=1448 TSval=2916034766 TSecr=3045554537 [TCP segment of a reassembled PDU]"
"17741","30.686093446","192.168.1.55","192.168.1.2","TCP","1514","8004  >  50106 [ACK] Seq=202910 Ack=144 Win=65024 Len=1448 TSval=2916034766 TSecr=3045554537 [TCP segment of a reassembled PDU]"
"17742","30.686096039","192.168.1.55","192.168.1.2","TCP","1514","8004  >  50106 [ACK] Seq=204358 Ack=144 Win=65024 Len=1448 TSval=2916034766 TSecr=3045554537 [TCP segment of a reassembled PDU]"
"17743","30.686097428","192.168.1.55","192.168.1.2","TCP","1514","8004  >  50106 [ACK] Seq=205806 Ack=144 Win=65024 Len=1448 TSval=2916034766 TSecr=3045554537 [TCP segment of a reassembled PDU]"
"17744","30.686098687","192.168.1.55","192.168.1.2","TCP","1514","8004  >  50106 [ACK] Seq=207254 Ack=144 Win=65024 Len=1448 TSval=2916034766 TSecr=3045554537 [TCP segment of a reassembled PDU]"
"17745","30.686100076","192.168.1.55","192.168.1.2","TCP","1514","8004  >  50106 [ACK] Seq=208702 Ack=144 Win=65024 Len=1448 TSval=2916034766 TSecr=3045554537 [TCP segment of a reassembled PDU]"
"17746","30.686101631","192.168.1.55","192.168.1.2","TCP","1514","8004  >  50106 [ACK] Seq=210150 Ack=144 Win=65024 Len=1448 TSval=2916034766 TSecr=3045554537 [TCP segment of a reassembled PDU]"
"17747","30.686103094","192.168.1.55","192.168.1.2","TCP","1514","8004  >  50106 [ACK] Seq=211598 Ack=144 Win=65024 Len=1448 TSval=2916034766 TSecr=3045554537 [TCP segment of a reassembled PDU]"
"17748","30.686104742","192.168.1.55","192.168.1.2","TCP","1514","8004  >  50106 [ACK] Seq=213046 Ack=144 Win=65024 Len=1448 TSval=2916034766 TSecr=3045554537 [TCP segment of a reassembled PDU]"
"17749","30.686106353","192.168.1.55","192.168.1.2","TCP","1514","8004  >  50106 [ACK] Seq=214494 Ack=144 Win=65024 Len=1448 TSval=2916034766 TSecr=3045554537 [TCP segment of a reassembled PDU]"
"17750","30.686108687","192.168.1.55","192.168.1.2","TCP","1514","8004  >  50106 [ACK] Seq=215942 Ack=144 Win=65024 Len=1448 TSval=2916034766 TSecr=3045554537 [TCP segment of a reassembled PDU]"
"17751","30.686110131","192.168.1.55","192.168.1.2","TCP","1514","8004  >  50106 [ACK] Seq=217390 Ack=144 Win=65024 Len=1448 TSval=2916034766 TSecr=3045554537 [TCP segment of a reassembled PDU]"
"17752","30.686111631","192.168.1.55","192.168.1.2","TCP","1514","8004  >  50106 [ACK] Seq=218838 Ack=144 Win=65024 Len=1448 TSval=2916034766 TSecr=3045554537 [TCP segment of a reassembled PDU]"
"17753","30.686113316","192.168.1.55","192.168.1.2","TCP","1514","8004  >  50106 [ACK] Seq=220286 Ack=144 Win=65024 Len=1448 TSval=2916034766 TSecr=3045554537 [TCP segment of a reassembled PDU]"
"17754","30.686114594","192.168.1.55","192.168.1.2","TCP","1514","8004  >  50106 [ACK] Seq=221734 Ack=144 Win=65024 Len=1448 TSval=2916034766 TSecr=3045554537 [TCP segment of a reassembled PDU]"
"17755","30.686115965","192.168.1.55","192.168.1.2","TCP","1514","8004  >  50106 [ACK] Seq=223182 Ack=144 Win=65024 Len=1448 TSval=2916034766 TSecr=3045554537 [TCP segment of a reassembled PDU]"
"17756","30.686117131","192.168.1.55","192.168.1.2","TCP","1514","8004  >  50106 [ACK] Seq=224630 Ack=144 Win=65024 Len=1448 TSval=2916034766 TSecr=3045554537 [TCP segment of a reassembled PDU]"
"17757","30.686118742","192.168.1.55","192.168.1.2","TCP","1514","8004  >  50106 [ACK] Seq=226078 Ack=144 Win=65024 Len=1448 TSval=2916034766 TSecr=3045554537 [TCP segment of a reassembled PDU]"
"17758","30.686120909","192.168.1.55","192.168.1.2","TCP","1514","8004  >  50106 [ACK] Seq=227526 Ack=144 Win=65024 Len=1448 TSval=2916034766 TSecr=3045554537 [TCP segment of a reassembled PDU]"
"17759","30.686122335","192.168.1.55","192.168.1.2","TCP","1514","8004  >  50106 [ACK] Seq=228974 Ack=144 Win=65024 Len=1448 TSval=2916034766 TSecr=3045554537 [TCP segment of a reassembled PDU]"
"17760","30.686123391","192.168.1.55","192.168.1.2","TCP","1514","8004  >  50106 [ACK] Seq=230422 Ack=144 Win=65024 Len=1448 TSval=2916034766 TSecr=3045554537 [TCP segment of a reassembled PDU]"
"17761","30.686125002","192.168.1.55","192.168.1.2","TCP","1514","8004  >  50106 [ACK] Seq=231870 Ack=144 Win=65024 Len=1448 TSval=2916034766 TSecr=3045554537 [TCP segment of a reassembled PDU]"
"17762","30.686126076","192.168.1.55","192.168.1.2","TCP","1514","8004  >  50106 [ACK] Seq=233318 Ack=144 Win=65024 Len=1448 TSval=2916034766 TSecr=3045554537 [TCP segment of a reassembled PDU]"
"17763","30.686127224","192.168.1.55","192.168.1.2","TCP","1514","8004  >  50106 [ACK] Seq=234766 Ack=144 Win=65024 Len=1448 TSval=2916034766 TSecr=3045554537 [TCP segment of a reassembled PDU]"
"17764","30.686128557","192.168.1.55","192.168.1.2","TCP","1514","8004  >  50106 [ACK] Seq=236214 Ack=144 Win=65024 Len=1448 TSval=2916034766 TSecr=3045554537 [TCP segment of a reassembled PDU]"
"17765","30.686129650","192.168.1.55","192.168.1.2","TCP","1514","8004  >  50106 [ACK] Seq=237662 Ack=144 Win=65024 Len=1448 TSval=2916034766 TSecr=3045554537 [TCP segment of a reassembled PDU]"
"17766","30.686131187","192.168.1.55","192.168.1.2","TCP","1514","8004  >  50106 [ACK] Seq=239110 Ack=144 Win=65024 Len=1448 TSval=2916034766 TSecr=3045554537 [TCP segment of a reassembled PDU]"
"17767","30.686132835","192.168.1.55","192.168.1.2","TCP","1514","8004  >  50106 [ACK] Seq=240558 Ack=144 Win=65024 Len=1448 TSval=2916034766 TSecr=3045554537 [TCP segment of a reassembled PDU]"
"17768","30.686134835","192.168.1.55","192.168.1.2","TCP","1514","8004  >  50106 [ACK] Seq=242006 Ack=144 Win=65024 Len=1448 TSval=2916034766 TSecr=3045554537 [TCP segment of a reassembled PDU]"
"17769","30.686136057","192.168.1.55","192.168.1.2","TCP","1514","8004  >  50106 [PSH, ACK] Seq=243454 Ack=144 Win=65024 Len=1448 TSval=2916034766 TSecr=3045554537 [TCP segment of a reassembled PDU]"
"17770","30.690372231","192.168.1.2","192.168.1.55","TCP","66","50106  >  8004 [ACK] Seq=144 Ack=168158 Win=80896 Len=0 TSval=3045554542 TSecr=2916034761"
"17771","30.690389416","192.168.1.55","192.168.1.2","TCP","1514","8004  >  50106 [ACK] Seq=244902 Ack=144 Win=65024 Len=1448 TSval=2916034771 TSecr=3045554542 [TCP segment of a reassembled PDU]"
"17772","30.690392008","192.168.1.55","192.168.1.2","TCP","1514","8004  >  50106 [ACK] Seq=246350 Ack=144 Win=65024 Len=1448 TSval=2916034771 TSecr=3045554542 [TCP segment of a reassembled PDU]"
"17773","30.690393156","192.168.1.55","192.168.1.2","TCP","1322","[TCP Window Full] 8004  >  50106 [PSH, ACK] Seq=247798 Ack=144 Win=65024 Len=1256 TSval=2916034771 TSecr=3045554542 [TCP segment of a reassembled PDU]"
"17774","30.690613749","192.168.1.2","192.168.1.55","TCP","66","50106  >  8004 [ACK] Seq=144 Ack=191326 Win=58368 Len=0 TSval=3045554542 TSecr=2916034763"
"17775","30.690620009","192.168.1.2","192.168.1.55","TCP","66","50106  >  8004 [ACK] Seq=144 Ack=200014 Win=83968 Len=0 TSval=3045554543 TSecr=2916034764"
"17776","30.690648731","192.168.1.55","192.168.1.2","TCP","1514","8004  >  50106 [ACK] Seq=249054 Ack=144 Win=65024 Len=1448 TSval=2916034771 TSecr=3045554543 [TCP segment of a reassembled PDU]"
"17777","30.690651064","192.168.1.55","192.168.1.2","TCP","1514","8004  >  50106 [ACK] Seq=250502 Ack=144 Win=65024 Len=1448 TSval=2916034771 TSecr=3045554543 [TCP segment of a reassembled PDU]"
"17778","30.690652305","192.168.1.55","192.168.1.2","TCP","1514","8004  >  50106 [ACK] Seq=251950 Ack=144 Win=65024 Len=1448 TSval=2916034771 TSecr=3045554543 [TCP segment of a reassembled PDU]"
"17779","30.690653546","192.168.1.55","192.168.1.2","TCP","1514","8004  >  50106 [ACK] Seq=253398 Ack=144 Win=65024 Len=1448 TSval=2916034771 TSecr=3045554543 [TCP segment of a reassembled PDU]"
"17780","30.690654712","192.168.1.55","192.168.1.2","TCP","1514","8004  >  50106 [ACK] Seq=254846 Ack=144 Win=65024 Len=1448 TSval=2916034771 TSecr=3045554543 [TCP segment of a reassembled PDU]"
"17781","30.690655953","192.168.1.55","192.168.1.2","TCP","1514","8004  >  50106 [ACK] Seq=256294 Ack=144 Win=65024 Len=1448 TSval=2916034771 TSecr=3045554543 [TCP segment of a reassembled PDU]"
"17782","30.690657083","192.168.1.55","192.168.1.2","TCP","1514","8004  >  50106 [ACK] Seq=257742 Ack=144 Win=65024 Len=1448 TSval=2916034771 TSecr=3045554543 [TCP segment of a reassembled PDU]"
"17783","30.690658361","192.168.1.55","192.168.1.2","TCP","1514","8004  >  50106 [ACK] Seq=259190 Ack=144 Win=65024 Len=1448 TSval=2916034771 TSecr=3045554543 [TCP segment of a reassembled PDU]"
"17784","30.690659509","192.168.1.55","192.168.1.2","TCP","1514","8004  >  50106 [ACK] Seq=260638 Ack=144 Win=65024 Len=1448 TSval=2916034771 TSecr=3045554543 [TCP segment of a reassembled PDU]"
"17785","30.690660694","192.168.1.55","192.168.1.2","TCP","1514","8004  >  50106 [ACK] Seq=262086 Ack=144 Win=65024 Len=1448 TSval=2916034771 TSecr=3045554543 [TCP segment of a reassembled PDU]"
"17786","30.690662009","192.168.1.55","192.168.1.2","TCP","1514","8004  >  50106 [ACK] Seq=263534 Ack=144 Win=65024 Len=1448 TSval=2916034771 TSecr=3045554543 [TCP segment of a reassembled PDU]"
"17787","30.690663231","192.168.1.55","192.168.1.2","TCP","1514","8004  >  50106 [ACK] Seq=264982 Ack=144 Win=65024 Len=1448 TSval=2916034771 TSecr=3045554543 [TCP segment of a reassembled PDU]"
"17788","30.690664398","192.168.1.55","192.168.1.2","TCP","1514","8004  >  50106 [ACK] Seq=266430 Ack=144 Win=65024 Len=1448 TSval=2916034771 TSecr=3045554543 [TCP segment of a reassembled PDU]"
"17789","30.690665638","192.168.1.55","192.168.1.2","TCP","1514","8004  >  50106 [ACK] Seq=267878 Ack=144 Win=65024 Len=1448 TSval=2916034771 TSecr=3045554543 [TCP segment of a reassembled PDU]"
"17790","30.690666787","192.168.1.55","192.168.1.2","TCP","1514","8004  >  50106 [ACK] Seq=269326 Ack=144 Win=65024 Len=1448 TSval=2916034771 TSecr=3045554543 [TCP segment of a reassembled PDU]"
"17791","30.690668157","192.168.1.55","192.168.1.2","TCP","1514","8004  >  50106 [ACK] Seq=270774 Ack=144 Win=65024 Len=1448 TSval=2916034771 TSecr=3045554543 [TCP segment of a reassembled PDU]"
"17792","30.690669416","192.168.1.55","192.168.1.2","TCP","1514","8004  >  50106 [ACK] Seq=272222 Ack=144 Win=65024 Len=1448 TSval=2916034771 TSecr=3045554543 [TCP segment of a reassembled PDU]"
"17793","30.690670564","192.168.1.55","192.168.1.2","TCP","1514","8004  >  50106 [ACK] Seq=273670 Ack=144 Win=65024 Len=1448 TSval=2916034771 TSecr=3045554543 [TCP segment of a reassembled PDU]"
"17794","30.690671731","192.168.1.55","192.168.1.2","TCP","1514","8004  >  50106 [ACK] Seq=275118 Ack=144 Win=65024 Len=1448 TSval=2916034771 TSecr=3045554543 [TCP segment of a reassembled PDU]"
"17795","30.690672990","192.168.1.55","192.168.1.2","TCP","1514","8004  >  50106 [ACK] Seq=276566 Ack=144 Win=65024 Len=1448 TSval=2916034771 TSecr=3045554543 [TCP segment of a reassembled PDU]"
"17796","30.690674250","192.168.1.55","192.168.1.2","TCP","1514","8004  >  50106 [ACK] Seq=278014 Ack=144 Win=65024 Len=1448 TSval=2916034771 TSecr=3045554543 [TCP segment of a reassembled PDU]"
"17797","30.690675546","192.168.1.55","192.168.1.2","TCP","1514","8004  >  50106 [ACK] Seq=279462 Ack=144 Win=65024 Len=1448 TSval=2916034771 TSecr=3045554543 [TCP segment of a reassembled PDU]"
"17798","30.690676731","192.168.1.55","192.168.1.2","TCP","1514","8004  >  50106 [ACK] Seq=280910 Ack=144 Win=65024 Len=1448 TSval=2916034771 TSecr=3045554543 [TCP segment of a reassembled PDU]"
"17799","30.690677990","192.168.1.55","192.168.1.2","TCP","1514","8004  >  50106 [PSH, ACK] Seq=282358 Ack=144 Win=65024 Len=1448 TSval=2916034771 TSecr=3045554543 [TCP segment of a reassembled PDU]"
"17800","30.691607640","192.168.1.2","192.168.1.55","TCP","66","50106  >  8004 [ACK] Seq=144 Ack=237662 Win=55296 Len=0 TSval=3045554545 TSecr=2916034766"
"17801","30.691620992","192.168.1.55","192.168.1.2","TCP","1514","8004  >  50106 [ACK] Seq=283806 Ack=144 Win=65024 Len=1448 TSval=2916034772 TSecr=3045554545 [TCP segment of a reassembled PDU]"
"17802","30.691622695","192.168.1.55","192.168.1.2","TCP","1514","8004  >  50106 [ACK] Seq=285254 Ack=144 Win=65024 Len=1448 TSval=2916034772 TSecr=3045554545 [TCP segment of a reassembled PDU]"
"17803","30.691623862","192.168.1.55","192.168.1.2","TCP","1514","8004  >  50106 [ACK] Seq=286702 Ack=144 Win=65024 Len=1448 TSval=2916034772 TSecr=3045554545 [TCP segment of a reassembled PDU]"
"17804","30.691625010","192.168.1.55","192.168.1.2","TCP","1514","8004  >  50106 [PSH, ACK] Seq=288150 Ack=144 Win=65024 Len=1448 TSval=2916034772 TSecr=3045554545 [TCP segment of a reassembled PDU]"
"17805","30.691630658","192.168.1.55","192.168.1.2","TCP","258","8004  >  50106 [ACK] Seq=289598 Ack=144 Win=65024 Len=192 TSval=2916034772 TSecr=3045554545 [TCP segment of a reassembled PDU]"
"17806","30.694036088","192.168.1.2","192.168.1.55","TCP","66","50106  >  8004 [ACK] Seq=144 Ack=244902 Win=86016 Len=0 TSval=3045554547 TSecr=2916034766"
"17807","30.694065810","192.168.1.55","192.168.1.2","TCP","1514","8004  >  50106 [ACK] Seq=289790 Ack=144 Win=65024 Len=1448 TSval=2916034774 TSecr=3045554547 [TCP segment of a reassembled PDU]"
"17808","30.694068107","192.168.1.55","192.168.1.2","TCP","1514","8004  >  50106 [ACK] Seq=291238 Ack=144 Win=65024 Len=1448 TSval=2916034774 TSecr=3045554547 [TCP segment of a reassembled PDU]"
"17809","30.694069459","192.168.1.55","192.168.1.2","TCP","1514","8004  >  50106 [ACK] Seq=292686 Ack=144 Win=65024 Len=1448 TSval=2916034774 TSecr=3045554547 [TCP segment of a reassembled PDU]"
"17810","30.694070607","192.168.1.55","192.168.1.2","TCP","1514","8004  >  50106 [ACK] Seq=294134 Ack=144 Win=65024 Len=1448 TSval=2916034774 TSecr=3045554547 [TCP segment of a reassembled PDU]"
"17811","30.694071773","192.168.1.55","192.168.1.2","TCP","1514","8004  >  50106 [ACK] Seq=295582 Ack=144 Win=65024 Len=1448 TSval=2916034774 TSecr=3045554547 [TCP segment of a reassembled PDU]"
"17812","30.694072977","192.168.1.55","192.168.1.2","TCP","1514","8004  >  50106 [ACK] Seq=297030 Ack=144 Win=65024 Len=1448 TSval=2916034774 TSecr=3045554547 [TCP segment of a reassembled PDU]"
"17813","30.694074218","192.168.1.55","192.168.1.2","TCP","1514","8004  >  50106 [ACK] Seq=298478 Ack=144 Win=65024 Len=1448 TSval=2916034774 TSecr=3045554547 [TCP segment of a reassembled PDU]"
"17814","30.694075570","192.168.1.55","192.168.1.2","TCP","1514","8004  >  50106 [ACK] Seq=299926 Ack=144 Win=65024 Len=1448 TSval=2916034774 TSecr=3045554547 [TCP segment of a reassembled PDU]"
"17815","30.694076810","192.168.1.55","192.168.1.2","TCP","1514","8004  >  50106 [ACK] Seq=301374 Ack=144 Win=65024 Len=1448 TSval=2916034774 TSecr=3045554547 [TCP segment of a reassembled PDU]"
"17816","30.694078014","192.168.1.55","192.168.1.2","TCP","1514","8004  >  50106 [ACK] Seq=302822 Ack=144 Win=65024 Len=1448 TSval=2916034774 TSecr=3045554547 [TCP segment of a reassembled PDU]"
"17817","30.694079199","192.168.1.55","192.168.1.2","TCP","1514","8004  >  50106 [ACK] Seq=304270 Ack=144 Win=65024 Len=1448 TSval=2916034774 TSecr=3045554547 [TCP segment of a reassembled PDU]"
"17818","30.694080366","192.168.1.55","192.168.1.2","TCP","1514","8004  >  50106 [ACK] Seq=305718 Ack=144 Win=65024 Len=1448 TSval=2916034774 TSecr=3045554547 [TCP segment of a reassembled PDU]"
"17819","30.694081607","192.168.1.55","192.168.1.2","TCP","1514","8004  >  50106 [ACK] Seq=307166 Ack=144 Win=65024 Len=1448 TSval=2916034774 TSecr=3045554547 [TCP segment of a reassembled PDU]"
"17820","30.694082792","192.168.1.55","192.168.1.2","TCP","1514","8004  >  50106 [ACK] Seq=308614 Ack=144 Win=65024 Len=1448 TSval=2916034774 TSecr=3045554547 [TCP segment of a reassembled PDU]"
"17821","30.694083977","192.168.1.55","192.168.1.2","TCP","1514","8004  >  50106 [ACK] Seq=310062 Ack=144 Win=65024 Len=1448 TSval=2916034774 TSecr=3045554547 [TCP segment of a reassembled PDU]"
"17822","30.694085292","192.168.1.55","192.168.1.2","TCP","1514","8004  >  50106 [ACK] Seq=311510 Ack=144 Win=65024 Len=1448 TSval=2916034774 TSecr=3045554547 [TCP segment of a reassembled PDU]"
"17823","30.694086477","192.168.1.55","192.168.1.2","TCP","1514","8004  >  50106 [ACK] Seq=312958 Ack=144 Win=65024 Len=1448 TSval=2916034774 TSecr=3045554547 [TCP segment of a reassembled PDU]"
"17824","30.694087736","192.168.1.55","192.168.1.2","TCP","1514","8004  >  50106 [ACK] Seq=314406 Ack=144 Win=65024 Len=1448 TSval=2916034774 TSecr=3045554547 [TCP segment of a reassembled PDU]"
"17825","30.694088885","192.168.1.55","192.168.1.2","TCP","1514","8004  >  50106 [ACK] Seq=315854 Ack=144 Win=65024 Len=1448 TSval=2916034774 TSecr=3045554547 [TCP segment of a reassembled PDU]"
"17826","30.694090310","192.168.1.55","192.168.1.2","TCP","1514","8004  >  50106 [ACK] Seq=317302 Ack=144 Win=65024 Len=1448 TSval=2916034774 TSecr=3045554547 [TCP segment of a reassembled PDU]"
"17827","30.694091551","192.168.1.55","192.168.1.2","TCP","1514","8004  >  50106 [ACK] Seq=318750 Ack=144 Win=65024 Len=1448 TSval=2916034774 TSecr=3045554547 [TCP segment of a reassembled PDU]"
"17828","30.694092699","192.168.1.55","192.168.1.2","TCP","1514","8004  >  50106 [ACK] Seq=320198 Ack=144 Win=65024 Len=1448 TSval=2916034774 TSecr=3045554547 [TCP segment of a reassembled PDU]"
"17829","30.694093903","192.168.1.55","192.168.1.2","TCP","1514","8004  >  50106 [ACK] Seq=321646 Ack=144 Win=65024 Len=1448 TSval=2916034774 TSecr=3045554547 [TCP segment of a reassembled PDU]"
"17830","30.694095162","192.168.1.55","192.168.1.2","TCP","1514","8004  >  50106 [ACK] Seq=323094 Ack=144 Win=65024 Len=1448 TSval=2916034774 TSecr=3045554547 [TCP segment of a reassembled PDU]"
"17831","30.694096310","192.168.1.55","192.168.1.2","TCP","1514","8004  >  50106 [ACK] Seq=324542 Ack=144 Win=65024 Len=1448 TSval=2916034774 TSecr=3045554547 [TCP segment of a reassembled PDU]"
"17832","30.694097644","192.168.1.55","192.168.1.2","TCP","1514","8004  >  50106 [ACK] Seq=325990 Ack=144 Win=65024 Len=1448 TSval=2916034774 TSecr=3045554547 [TCP segment of a reassembled PDU]"
"17833","30.694098810","192.168.1.55","192.168.1.2","TCP","1514","8004  >  50106 [ACK] Seq=327438 Ack=144 Win=65024 Len=1448 TSval=2916034774 TSecr=3045554547 [TCP segment of a reassembled PDU]"
"17834","30.694099940","192.168.1.55","192.168.1.2","TCP","1514","8004  >  50106 [PSH, ACK] Seq=328886 Ack=144 Win=65024 Len=1448 TSval=2916034774 TSecr=3045554547 [TCP segment of a reassembled PDU]"
"17835","30.697612927","192.168.1.2","192.168.1.55","TCP","66","50106  >  8004 [ACK] Seq=144 Ack=247798 Win=98304 Len=0 TSval=3045554548 TSecr=2916034771"
"17836","30.697622483","192.168.1.55","192.168.1.2","TCP","1514","8004  >  50106 [ACK] Seq=330334 Ack=144 Win=65024 Len=1448 TSval=2916034778 TSecr=3045554548 [TCP segment of a reassembled PDU]"
"17837","30.697625001","192.168.1.55","192.168.1.2","TCP","1514","8004  >  50106 [ACK] Seq=331782 Ack=144 Win=65024 Len=1448 TSval=2916034778 TSecr=3045554548 [TCP segment of a reassembled PDU]"
"17838","30.697626298","192.168.1.55","192.168.1.2","TCP","1514","8004  >  50106 [PSH, ACK] Seq=333230 Ack=144 Win=65024 Len=1448 TSval=2916034778 TSecr=3045554548 [TCP segment of a reassembled PDU]"
"17839","30.697854909","192.168.1.2","192.168.1.55","TCP","66","50106  >  8004 [ACK] Seq=144 Ack=249054 Win=100352 Len=0 TSval=3045554550 TSecr=2916034771"
"17840","30.697861705","192.168.1.2","192.168.1.55","TCP","66","50106  >  8004 [ACK] Seq=144 Ack=282358 Win=112640 Len=0 TSval=3045554550 TSecr=2916034771"
"17841","30.697891020","192.168.1.55","192.168.1.2","TCP","1514","8004  >  50106 [ACK] Seq=334678 Ack=144 Win=65024 Len=1448 TSval=2916034778 TSecr=3045554550 [TCP segment of a reassembled PDU]"
"17842","30.697893298","192.168.1.55","192.168.1.2","TCP","1514","8004  >  50106 [ACK] Seq=336126 Ack=144 Win=65024 Len=1448 TSval=2916034778 TSecr=3045554550 [TCP segment of a reassembled PDU]"
"17843","30.697894446","192.168.1.55","192.168.1.2","TCP","1514","8004  >  50106 [ACK] Seq=337574 Ack=144 Win=65024 Len=1448 TSval=2916034778 TSecr=3045554550 [TCP segment of a reassembled PDU]"
"17844","30.697895594","192.168.1.55","192.168.1.2","TCP","1514","8004  >  50106 [ACK] Seq=339022 Ack=144 Win=65024 Len=1448 TSval=2916034778 TSecr=3045554550 [TCP segment of a reassembled PDU]"
"17845","30.697896835","192.168.1.55","192.168.1.2","TCP","1514","8004  >  50106 [ACK] Seq=340470 Ack=144 Win=65024 Len=1448 TSval=2916034778 TSecr=3045554550 [TCP segment of a reassembled PDU]"
"17846","30.697897946","192.168.1.55","192.168.1.2","TCP","1514","8004  >  50106 [ACK] Seq=341918 Ack=144 Win=65024 Len=1448 TSval=2916034778 TSecr=3045554550 [TCP segment of a reassembled PDU]"
"17847","30.697899113","192.168.1.55","192.168.1.2","TCP","1514","8004  >  50106 [ACK] Seq=343366 Ack=144 Win=65024 Len=1448 TSval=2916034778 TSecr=3045554550 [TCP segment of a reassembled PDU]"
"17848","30.697900316","192.168.1.55","192.168.1.2","TCP","1514","8004  >  50106 [ACK] Seq=344814 Ack=144 Win=65024 Len=1448 TSval=2916034778 TSecr=3045554550 [TCP segment of a reassembled PDU]"
"17849","30.697901520","192.168.1.55","192.168.1.2","TCP","1514","8004  >  50106 [ACK] Seq=346262 Ack=144 Win=65024 Len=1448 TSval=2916034778 TSecr=3045554550 [TCP segment of a reassembled PDU]"
"17850","30.697902742","192.168.1.55","192.168.1.2","TCP","1514","8004  >  50106 [ACK] Seq=347710 Ack=144 Win=65024 Len=1448 TSval=2916034778 TSecr=3045554550 [TCP segment of a reassembled PDU]"
"17851","30.697904057","192.168.1.55","192.168.1.2","TCP","1514","8004  >  50106 [ACK] Seq=349158 Ack=144 Win=65024 Len=1448 TSval=2916034778 TSecr=3045554550 [TCP segment of a reassembled PDU]"
"17852","30.697905205","192.168.1.55","192.168.1.2","TCP","1514","8004  >  50106 [ACK] Seq=350606 Ack=144 Win=65024 Len=1448 TSval=2916034778 TSecr=3045554550 [TCP segment of a reassembled PDU]"
"17853","30.697906354","192.168.1.55","192.168.1.2","TCP","1514","8004  >  50106 [ACK] Seq=352054 Ack=144 Win=65024 Len=1448 TSval=2916034778 TSecr=3045554550 [TCP segment of a reassembled PDU]"
"17854","30.697907539","192.168.1.55","192.168.1.2","TCP","1514","8004  >  50106 [ACK] Seq=353502 Ack=144 Win=65024 Len=1448 TSval=2916034778 TSecr=3045554550 [TCP segment of a reassembled PDU]"
"17855","30.697908779","192.168.1.55","192.168.1.2","TCP","1514","8004  >  50106 [ACK] Seq=354950 Ack=144 Win=65024 Len=1448 TSval=2916034778 TSecr=3045554550 [TCP segment of a reassembled PDU]"
"17856","30.697910002","192.168.1.55","192.168.1.2","TCP","1514","8004  >  50106 [ACK] Seq=356398 Ack=144 Win=65024 Len=1448 TSval=2916034778 TSecr=3045554550 [TCP segment of a reassembled PDU]"
"17857","30.697911150","192.168.1.55","192.168.1.2","TCP","1514","8004  >  50106 [ACK] Seq=357846 Ack=144 Win=65024 Len=1448 TSval=2916034778 TSecr=3045554550 [TCP segment of a reassembled PDU]"
"17858","30.697912631","192.168.1.55","192.168.1.2","TCP","1514","8004  >  50106 [ACK] Seq=359294 Ack=144 Win=65024 Len=1448 TSval=2916034778 TSecr=3045554550 [TCP segment of a reassembled PDU]"
"17859","30.697913779","192.168.1.55","192.168.1.2","TCP","1514","8004  >  50106 [ACK] Seq=360742 Ack=144 Win=65024 Len=1448 TSval=2916034778 TSecr=3045554550 [TCP segment of a reassembled PDU]"
"17860","30.697915057","192.168.1.55","192.168.1.2","TCP","1514","8004  >  50106 [ACK] Seq=362190 Ack=144 Win=65024 Len=1448 TSval=2916034778 TSecr=3045554550 [TCP segment of a reassembled PDU]"
"17861","30.697916187","192.168.1.55","192.168.1.2","TCP","1514","8004  >  50106 [ACK] Seq=363638 Ack=144 Win=65024 Len=1448 TSval=2916034778 TSecr=3045554550 [TCP segment of a reassembled PDU]"
"17862","30.697917335","192.168.1.55","192.168.1.2","TCP","1514","8004  >  50106 [ACK] Seq=365086 Ack=144 Win=65024 Len=1448 TSval=2916034778 TSecr=3045554550 [TCP segment of a reassembled PDU]"
"17863","30.697918557","192.168.1.55","192.168.1.2","TCP","1514","8004  >  50106 [ACK] Seq=366534 Ack=144 Win=65024 Len=1448 TSval=2916034778 TSecr=3045554550 [TCP segment of a reassembled PDU]"
"17864","30.697919705","192.168.1.55","192.168.1.2","TCP","1514","8004  >  50106 [ACK] Seq=367982 Ack=144 Win=65024 Len=1448 TSval=2916034778 TSecr=3045554550 [TCP segment of a reassembled PDU]"
"17865","30.697920891","192.168.1.55","192.168.1.2","TCP","1514","8004  >  50106 [ACK] Seq=369430 Ack=144 Win=65024 Len=1448 TSval=2916034778 TSecr=3045554550 [TCP segment of a reassembled PDU]"
"17866","30.697922113","192.168.1.55","192.168.1.2","TCP","1514","8004  >  50106 [ACK] Seq=370878 Ack=144 Win=65024 Len=1448 TSval=2916034778 TSecr=3045554550 [TCP segment of a reassembled PDU]"
"17867","30.697923279","192.168.1.55","192.168.1.2","TCP","1514","8004  >  50106 [ACK] Seq=372326 Ack=144 Win=65024 Len=1448 TSval=2916034778 TSecr=3045554550 [TCP segment of a reassembled PDU]"
"17868","30.697924539","192.168.1.55","192.168.1.2","TCP","1514","8004  >  50106 [ACK] Seq=373774 Ack=144 Win=65024 Len=1448 TSval=2916034778 TSecr=3045554550 [TCP segment of a reassembled PDU]"
"17869","30.697925668","192.168.1.55","192.168.1.2","TCP","1514","8004  >  50106 [ACK] Seq=375222 Ack=144 Win=65024 Len=1448 TSval=2916034778 TSecr=3045554550 [TCP segment of a reassembled PDU]"
"17870","30.697927261","192.168.1.55","192.168.1.2","TCP","1514","8004  >  50106 [ACK] Seq=376670 Ack=144 Win=65024 Len=1448 TSval=2916034778 TSecr=3045554550 [TCP segment of a reassembled PDU]"
"17871","30.697928428","192.168.1.55","192.168.1.2","TCP","1514","8004  >  50106 [PSH, ACK] Seq=378118 Ack=144 Win=65024 Len=1448 TSval=2916034778 TSecr=3045554550 [TCP segment of a reassembled PDU]"
"17872","30.699101207","192.168.1.2","192.168.1.55","TCP","66","50106  >  8004 [ACK] Seq=144 Ack=283806 Win=115712 Len=0 TSval=3045554553 TSecr=2916034771"
"17873","30.699122207","192.168.1.55","192.168.1.2","TCP","1514","8004  >  50106 [ACK] Seq=379566 Ack=144 Win=65024 Len=1448 TSval=2916034779 TSecr=3045554553 [TCP segment of a reassembled PDU]"
"17874","30.699124578","192.168.1.55","192.168.1.2","TCP","1514","8004  >  50106 [ACK] Seq=381014 Ack=144 Win=65024 Len=1448 TSval=2916034779 TSecr=3045554553 [TCP segment of a reassembled PDU]"
"17875","30.699125781","192.168.1.55","192.168.1.2","TCP","1514","8004  >  50106 [ACK] Seq=382462 Ack=144 Win=65024 Len=1448 TSval=2916034779 TSecr=3045554553 [TCP segment of a reassembled PDU]"
"17876","30.699127374","192.168.1.55","192.168.1.2","TCP","1514","8004  >  50106 [ACK] Seq=383910 Ack=144 Win=65024 Len=1448 TSval=2916034779 TSecr=3045554553 [TCP segment of a reassembled PDU]"
"17877","30.699128633","192.168.1.55","192.168.1.2","TCP","1514","8004  >  50106 [ACK] Seq=385358 Ack=144 Win=65024 Len=1448 TSval=2916034779 TSecr=3045554553 [TCP segment of a reassembled PDU]"
"17878","30.699129930","192.168.1.55","192.168.1.2","TCP","1514","8004  >  50106 [ACK] Seq=386806 Ack=144 Win=65024 Len=1448 TSval=2916034779 TSecr=3045554553 [TCP segment of a reassembled PDU]"
"17879","30.699131504","192.168.1.55","192.168.1.2","TCP","1514","8004  >  50106 [ACK] Seq=388254 Ack=144 Win=65024 Len=1448 TSval=2916034779 TSecr=3045554553 [TCP segment of a reassembled PDU]"
"17880","30.699132763","192.168.1.55","192.168.1.2","TCP","1514","8004  >  50106 [ACK] Seq=389702 Ack=144 Win=65024 Len=1448 TSval=2916034779 TSecr=3045554553 [TCP segment of a reassembled PDU]"
"17881","30.699133985","192.168.1.55","192.168.1.2","TCP","1514","8004  >  50106 [ACK] Seq=391150 Ack=144 Win=65024 Len=1448 TSval=2916034779 TSecr=3045554553 [TCP segment of a reassembled PDU]"
"17882","30.699135948","192.168.1.55","192.168.1.2","TCP","1514","8004  >  50106 [ACK] Seq=392598 Ack=144 Win=65024 Len=1448 TSval=2916034779 TSecr=3045554553 [TCP segment of a reassembled PDU]"
"17883","30.699137263","192.168.1.55","192.168.1.2","TCP","1514","8004  >  50106 [ACK] Seq=394046 Ack=144 Win=65024 Len=1448 TSval=2916034779 TSecr=3045554553 [TCP segment of a reassembled PDU]"
"17884","30.699138541","192.168.1.55","192.168.1.2","TCP","1514","8004  >  50106 [ACK] Seq=395494 Ack=144 Win=65024 Len=1448 TSval=2916034779 TSecr=3045554553 [TCP segment of a reassembled PDU]"
"17885","30.699139855","192.168.1.55","192.168.1.2","TCP","1514","8004  >  50106 [PSH, ACK] Seq=396942 Ack=144 Win=65024 Len=1448 TSval=2916034779 TSecr=3045554553 [TCP segment of a reassembled PDU]"
"17886","30.699193411","192.168.1.2","192.168.1.55","TCP","66","50106  >  8004 [ACK] Seq=144 Ack=289598 Win=126976 Len=0 TSval=3045554553 TSecr=2916034772"
"17887","30.699204541","192.168.1.2","192.168.1.55","TCP","66","50106  >  8004 [ACK] Seq=144 Ack=330334 Win=110592 Len=0 TSval=3045554554 TSecr=2916034772"
"17888","30.699235078","192.168.1.55","192.168.1.2","TCP","1514","8004  >  50106 [ACK] Seq=398390 Ack=144 Win=65024 Len=1448 TSval=2916034779 TSecr=3045554554 [TCP segment of a reassembled PDU]"
"17889","30.699243578","192.168.1.55","192.168.1.2","TCP","1514","8004  >  50106 [ACK] Seq=399838 Ack=144 Win=65024 Len=1448 TSval=2916034779 TSecr=3045554554 [TCP segment of a reassembled PDU]"
"17890","30.699246189","192.168.1.55","192.168.1.2","TCP","1514","8004  >  50106 [ACK] Seq=401286 Ack=144 Win=65024 Len=1448 TSval=2916034779 TSecr=3045554554 [TCP segment of a reassembled PDU]"
"17891","30.699247689","192.168.1.55","192.168.1.2","TCP","1514","8004  >  50106 [ACK] Seq=402734 Ack=144 Win=65024 Len=1448 TSval=2916034779 TSecr=3045554554 [TCP segment of a reassembled PDU]"
"17892","30.699249393","192.168.1.55","192.168.1.2","TCP","1514","8004  >  50106 [ACK] Seq=404182 Ack=144 Win=65024 Len=1448 TSval=2916034779 TSecr=3045554554 [TCP segment of a reassembled PDU]"
"17893","30.699250689","192.168.1.55","192.168.1.2","TCP","1514","8004  >  50106 [ACK] Seq=405630 Ack=144 Win=65024 Len=1448 TSval=2916034779 TSecr=3045554554 [TCP segment of a reassembled PDU]"
"17894","30.699252133","192.168.1.55","192.168.1.2","TCP","1514","8004  >  50106 [ACK] Seq=407078 Ack=144 Win=65024 Len=1448 TSval=2916034779 TSecr=3045554554 [TCP segment of a reassembled PDU]"
"17895","30.699253911","192.168.1.55","192.168.1.2","TCP","1514","8004  >  50106 [ACK] Seq=408526 Ack=144 Win=65024 Len=1448 TSval=2916034779 TSecr=3045554554 [TCP segment of a reassembled PDU]"
"17896","30.699255337","192.168.1.55","192.168.1.2","TCP","1514","8004  >  50106 [ACK] Seq=409974 Ack=144 Win=65024 Len=1448 TSval=2916034779 TSecr=3045554554 [TCP segment of a reassembled PDU]"
"17897","30.699259245","192.168.1.55","192.168.1.2","TCP","1514","8004  >  50106 [ACK] Seq=411422 Ack=144 Win=65024 Len=1448 TSval=2916034779 TSecr=3045554554 [TCP segment of a reassembled PDU]"
"17898","30.699261930","192.168.1.55","192.168.1.2","TCP","1514","8004  >  50106 [ACK] Seq=412870 Ack=144 Win=65024 Len=1448 TSval=2916034779 TSecr=3045554554 [TCP segment of a reassembled PDU]"
"17899","30.699263226","192.168.1.55","192.168.1.2","TCP","1514","8004  >  50106 [ACK] Seq=414318 Ack=144 Win=65024 Len=1448 TSval=2916034779 TSecr=3045554554 [TCP segment of a reassembled PDU]"
"17900","30.699264652","192.168.1.55","192.168.1.2","TCP","1514","8004  >  50106 [ACK] Seq=415766 Ack=144 Win=65024 Len=1448 TSval=2916034779 TSecr=3045554554 [TCP segment of a reassembled PDU]"
"17901","30.699266337","192.168.1.55","192.168.1.2","TCP","1514","8004  >  50106 [ACK] Seq=417214 Ack=144 Win=65024 Len=1448 TSval=2916034779 TSecr=3045554554 [TCP segment of a reassembled PDU]"
"17902","30.699267837","192.168.1.55","192.168.1.2","TCP","1514","8004  >  50106 [ACK] Seq=418662 Ack=144 Win=65024 Len=1448 TSval=2916034779 TSecr=3045554554 [TCP segment of a reassembled PDU]"
"17903","30.699269430","192.168.1.55","192.168.1.2","TCP","1514","8004  >  50106 [ACK] Seq=420110 Ack=144 Win=65024 Len=1448 TSval=2916034779 TSecr=3045554554 [TCP segment of a reassembled PDU]"
"17904","30.699270985","192.168.1.55","192.168.1.2","TCP","1514","8004  >  50106 [ACK] Seq=421558 Ack=144 Win=65024 Len=1448 TSval=2916034779 TSecr=3045554554 [TCP segment of a reassembled PDU]"
"17905","30.699272985","192.168.1.55","192.168.1.2","TCP","1514","8004  >  50106 [PSH, ACK] Seq=423006 Ack=144 Win=65024 Len=1448 TSval=2916034779 TSecr=3045554554 [TCP segment of a reassembled PDU]"
"17906","30.699311319","192.168.1.55","192.168.1.2","TCP","1514","8004  >  50106 [ACK] Seq=424454 Ack=144 Win=65024 Len=1448 TSval=2916034779 TSecr=3045554554 [TCP segment of a reassembled PDU]"
"17907","30.699314671","192.168.1.55","192.168.1.2","TCP","1514","8004  >  50106 [ACK] Seq=425902 Ack=144 Win=65024 Len=1448 TSval=2916034779 TSecr=3045554554 [TCP segment of a reassembled PDU]"
"17908","30.699316763","192.168.1.55","192.168.1.2","TCP","1514","8004  >  50106 [ACK] Seq=427350 Ack=144 Win=65024 Len=1448 TSval=2916034779 TSecr=3045554554 [TCP segment of a reassembled PDU]"
"17909","30.699318726","192.168.1.55","192.168.1.2","TCP","1514","8004  >  50106 [ACK] Seq=428798 Ack=144 Win=65024 Len=1448 TSval=2916034779 TSecr=3045554554 [TCP segment of a reassembled PDU]"
"17910","30.699322800","192.168.1.55","192.168.1.2","TCP","1514","8004  >  50106 [ACK] Seq=430246 Ack=144 Win=65024 Len=1448 TSval=2916034779 TSecr=3045554554 [TCP segment of a reassembled PDU]"
"17911","30.699324967","192.168.1.55","192.168.1.2","TCP","1514","8004  >  50106 [ACK] Seq=431694 Ack=144 Win=65024 Len=1448 TSval=2916034779 TSecr=3045554554 [TCP segment of a reassembled PDU]"
"17912","30.699326430","192.168.1.55","192.168.1.2","TCP","1514","8004  >  50106 [ACK] Seq=433142 Ack=144 Win=65024 Len=1448 TSval=2916034779 TSecr=3045554554 [TCP segment of a reassembled PDU]"
"17913","30.699328393","192.168.1.55","192.168.1.2","TCP","1514","8004  >  50106 [ACK] Seq=434590 Ack=144 Win=65024 Len=1448 TSval=2916034779 TSecr=3045554554 [TCP segment of a reassembled PDU]"
"17914","30.699330226","192.168.1.55","192.168.1.2","TCP","1514","8004  >  50106 [ACK] Seq=436038 Ack=144 Win=65024 Len=1448 TSval=2916034779 TSecr=3045554554 [TCP segment of a reassembled PDU]"
"17915","30.699331819","192.168.1.55","192.168.1.2","TCP","1514","8004  >  50106 [ACK] Seq=437486 Ack=144 Win=65024 Len=1448 TSval=2916034779 TSecr=3045554554 [TCP segment of a reassembled PDU]"
"17916","30.699333596","192.168.1.55","192.168.1.2","TCP","1514","8004  >  50106 [ACK] Seq=438934 Ack=144 Win=65024 Len=1448 TSval=2916034779 TSecr=3045554554 [TCP segment of a reassembled PDU]"
"17917","30.699335708","192.168.1.55","192.168.1.2","TCP","610","[TCP Window Full] 8004  >  50106 [PSH, ACK] Seq=440382 Ack=144 Win=65024 Len=544 TSval=2916034779 TSecr=3045554554 [TCP segment of a reassembled PDU]"
"17918","30.705302087","192.168.1.2","192.168.1.55","TCP","66","50106  >  8004 [ACK] Seq=144 Ack=334678 Win=135168 Len=0 TSval=3045554560 TSecr=2916034778"
"17919","30.705351976","192.168.1.55","192.168.1.2","TCP","1514","8004  >  50106 [ACK] Seq=440926 Ack=144 Win=65024 Len=1448 TSval=2916034786 TSecr=3045554560 [TCP segment of a reassembled PDU]"
"17920","30.705357180","192.168.1.55","192.168.1.2","TCP","1514","8004  >  50106 [ACK] Seq=442374 Ack=144 Win=65024 Len=1448 TSval=2916034786 TSecr=3045554560 [TCP segment of a reassembled PDU]"
"17921","30.705358513","192.168.1.55","192.168.1.2","TCP","1514","8004  >  50106 [ACK] Seq=443822 Ack=144 Win=65024 Len=1448 TSval=2916034786 TSecr=3045554560 [TCP segment of a reassembled PDU]"
"17922","30.705359810","192.168.1.55","192.168.1.2","TCP","1514","8004  >  50106 [ACK] Seq=445270 Ack=144 Win=65024 Len=1448 TSval=2916034786 TSecr=3045554560 [TCP segment of a reassembled PDU]"
"17923","30.705361273","192.168.1.55","192.168.1.2","TCP","1514","8004  >  50106 [ACK] Seq=446718 Ack=144 Win=65024 Len=1448 TSval=2916034786 TSecr=3045554560 [TCP segment of a reassembled PDU]"
"17924","30.705363476","192.168.1.55","192.168.1.2","TCP","1514","8004  >  50106 [ACK] Seq=448166 Ack=144 Win=65024 Len=1448 TSval=2916034786 TSecr=3045554560 [TCP segment of a reassembled PDU]"
"17925","30.705366069","192.168.1.55","192.168.1.2","TCP","1514","8004  >  50106 [ACK] Seq=449614 Ack=144 Win=65024 Len=1448 TSval=2916034786 TSecr=3045554560 [TCP segment of a reassembled PDU]"
"17926","30.705367717","192.168.1.55","192.168.1.2","TCP","1514","8004  >  50106 [ACK] Seq=451062 Ack=144 Win=65024 Len=1448 TSval=2916034786 TSecr=3045554560 [TCP segment of a reassembled PDU]"
"17927","30.705369032","192.168.1.55","192.168.1.2","TCP","1514","8004  >  50106 [ACK] Seq=452510 Ack=144 Win=65024 Len=1448 TSval=2916034786 TSecr=3045554560 [TCP segment of a reassembled PDU]"
"17928","30.705371310","192.168.1.55","192.168.1.2","TCP","1514","8004  >  50106 [ACK] Seq=453958 Ack=144 Win=65024 Len=1448 TSval=2916034786 TSecr=3045554560 [TCP segment of a reassembled PDU]"
"17929","30.705372939","192.168.1.55","192.168.1.2","TCP","1514","8004  >  50106 [ACK] Seq=455406 Ack=144 Win=65024 Len=1448 TSval=2916034786 TSecr=3045554560 [TCP segment of a reassembled PDU]"
"17930","30.705374217","192.168.1.55","192.168.1.2","TCP","1514","8004  >  50106 [ACK] Seq=456854 Ack=144 Win=65024 Len=1448 TSval=2916034786 TSecr=3045554560 [TCP segment of a reassembled PDU]"
"17931","30.705375754","192.168.1.55","192.168.1.2","TCP","1514","8004  >  50106 [ACK] Seq=458302 Ack=144 Win=65024 Len=1448 TSval=2916034786 TSecr=3045554560 [TCP segment of a reassembled PDU]"
"17932","30.705377162","192.168.1.55","192.168.1.2","TCP","1514","8004  >  50106 [ACK] Seq=459750 Ack=144 Win=65024 Len=1448 TSval=2916034786 TSecr=3045554560 [TCP segment of a reassembled PDU]"
"17933","30.705380013","192.168.1.55","192.168.1.2","TCP","1514","8004  >  50106 [ACK] Seq=461198 Ack=144 Win=65024 Len=1448 TSval=2916034786 TSecr=3045554560 [TCP segment of a reassembled PDU]"
"17934","30.705381773","192.168.1.55","192.168.1.2","TCP","1514","8004  >  50106 [ACK] Seq=462646 Ack=144 Win=65024 Len=1448 TSval=2916034786 TSecr=3045554560 [TCP segment of a reassembled PDU]"
"17935","30.705383125","192.168.1.55","192.168.1.2","TCP","1514","8004  >  50106 [ACK] Seq=464094 Ack=144 Win=65024 Len=1448 TSval=2916034786 TSecr=3045554560 [TCP segment of a reassembled PDU]"
"17936","30.705385032","192.168.1.55","192.168.1.2","TCP","1514","8004  >  50106 [ACK] Seq=465542 Ack=144 Win=65024 Len=1448 TSval=2916034786 TSecr=3045554560 [TCP segment of a reassembled PDU]"
"17937","30.705386921","192.168.1.55","192.168.1.2","TCP","1514","8004  >  50106 [PSH, ACK] Seq=466990 Ack=144 Win=65024 Len=1448 TSval=2916034786 TSecr=3045554560 [TCP segment of a reassembled PDU]"
"17938","30.705397347","192.168.1.55","192.168.1.2","TCP","970","8004  >  50106 [ACK] Seq=468438 Ack=144 Win=65024 Len=904 TSval=2916034786 TSecr=3045554560 [TCP segment of a reassembled PDU]"
"17939","30.705455439","192.168.1.2","192.168.1.55","TCP","66","50106  >  8004 [ACK] Seq=144 Ack=340470 Win=138240 Len=0 TSval=3045554560 TSecr=2916034778"
"17940","30.705465106","192.168.1.2","192.168.1.55","TCP","66","50106  >  8004 [ACK] Seq=144 Ack=379566 Win=111616 Len=0 TSval=3045554561 TSecr=2916034778"
"17941","30.706271089","192.168.1.2","192.168.1.55","TCP","66","50106  >  8004 [ACK] Seq=144 Ack=398390 Win=133120 Len=0 TSval=3045554561 TSecr=2916034779"
"17942","30.706310441","192.168.1.55","192.168.1.2","TCP","1514","8004  >  50106 [ACK] Seq=469342 Ack=144 Win=65024 Len=1448 TSval=2916034786 TSecr=3045554561 [TCP segment of a reassembled PDU]"
"17943","30.706313145","192.168.1.55","192.168.1.2","TCP","1514","8004  >  50106 [ACK] Seq=470790 Ack=144 Win=65024 Len=1448 TSval=2916034786 TSecr=3045554561 [TCP segment of a reassembled PDU]"
"17944","30.706314626","192.168.1.55","192.168.1.2","TCP","1514","8004  >  50106 [ACK] Seq=472238 Ack=144 Win=65024 Len=1448 TSval=2916034786 TSecr=3045554561 [TCP segment of a reassembled PDU]"
"17945","30.706317033","192.168.1.55","192.168.1.2","TCP","1514","8004  >  50106 [ACK] Seq=473686 Ack=144 Win=65024 Len=1448 TSval=2916034786 TSecr=3045554561 [TCP segment of a reassembled PDU]"
"17946","30.706318848","192.168.1.55","192.168.1.2","TCP","1514","8004  >  50106 [ACK] Seq=475134 Ack=144 Win=65024 Len=1448 TSval=2916034786 TSecr=3045554561 [TCP segment of a reassembled PDU]"
"17947","30.706320311","192.168.1.55","192.168.1.2","TCP","1514","8004  >  50106 [ACK] Seq=476582 Ack=144 Win=65024 Len=1448 TSval=2916034786 TSecr=3045554561 [TCP segment of a reassembled PDU]"
"17948","30.706321682","192.168.1.55","192.168.1.2","TCP","1514","8004  >  50106 [ACK] Seq=478030 Ack=144 Win=65024 Len=1448 TSval=2916034786 TSecr=3045554561 [TCP segment of a reassembled PDU]"
"17949","30.706323719","192.168.1.55","192.168.1.2","TCP","1514","8004  >  50106 [ACK] Seq=479478 Ack=144 Win=65024 Len=1448 TSval=2916034786 TSecr=3045554561 [TCP segment of a reassembled PDU]"
"17950","30.706325422","192.168.1.55","192.168.1.2","TCP","1514","8004  >  50106 [ACK] Seq=480926 Ack=144 Win=65024 Len=1448 TSval=2916034786 TSecr=3045554561 [TCP segment of a reassembled PDU]"
"17951","30.706327478","192.168.1.55","192.168.1.2","TCP","1514","8004  >  50106 [ACK] Seq=482374 Ack=144 Win=65024 Len=1448 TSval=2916034786 TSecr=3045554561 [TCP segment of a reassembled PDU]"
"17952","30.706330219","192.168.1.55","192.168.1.2","TCP","1514","8004  >  50106 [ACK] Seq=483822 Ack=144 Win=65024 Len=1448 TSval=2916034786 TSecr=3045554561 [TCP segment of a reassembled PDU]"
"17953","30.706331904","192.168.1.55","192.168.1.2","TCP","1514","8004  >  50106 [ACK] Seq=485270 Ack=144 Win=65024 Len=1448 TSval=2916034786 TSecr=3045554561 [TCP segment of a reassembled PDU]"
"17954","30.706333515","192.168.1.55","192.168.1.2","TCP","1514","8004  >  50106 [ACK] Seq=486718 Ack=144 Win=65024 Len=1448 TSval=2916034786 TSecr=3045554561 [TCP segment of a reassembled PDU]"
"17955","30.706335719","192.168.1.55","192.168.1.2","TCP","1514","8004  >  50106 [ACK] Seq=488166 Ack=144 Win=65024 Len=1448 TSval=2916034786 TSecr=3045554561 [TCP segment of a reassembled PDU]"
"17956","30.706337589","192.168.1.55","192.168.1.2","TCP","1514","8004  >  50106 [ACK] Seq=489614 Ack=144 Win=65024 Len=1448 TSval=2916034786 TSecr=3045554561 [TCP segment of a reassembled PDU]"
"17957","30.706338959","192.168.1.55","192.168.1.2","TCP","1514","8004  >  50106 [ACK] Seq=491062 Ack=144 Win=65024 Len=1448 TSval=2916034786 TSecr=3045554561 [TCP segment of a reassembled PDU]"
"17958","30.706340330","192.168.1.55","192.168.1.2","TCP","1514","8004  >  50106 [ACK] Seq=492510 Ack=144 Win=65024 Len=1448 TSval=2916034786 TSecr=3045554561 [TCP segment of a reassembled PDU]"
"17959","30.706343589","192.168.1.55","192.168.1.2","TCP","1514","8004  >  50106 [ACK] Seq=493958 Ack=144 Win=65024 Len=1448 TSval=2916034786 TSecr=3045554561 [TCP segment of a reassembled PDU]"
"17960","30.706345441","192.168.1.55","192.168.1.2","TCP","1514","8004  >  50106 [ACK] Seq=495406 Ack=144 Win=65024 Len=1448 TSval=2916034786 TSecr=3045554561 [TCP segment of a reassembled PDU]"
"17961","30.706346867","192.168.1.55","192.168.1.2","TCP","1514","8004  >  50106 [PSH, ACK] Seq=496854 Ack=144 Win=65024 Len=1448 TSval=2916034786 TSecr=3045554561 [TCP segment of a reassembled PDU]"
"17962","30.706353182","192.168.1.55","192.168.1.2","HTTP","222","HTTP/1.0 200 OK  (PNG)"
"17963","30.706411293","192.168.1.2","192.168.1.55","TCP","66","50106  >  8004 [ACK] Seq=144 Ack=424454 Win=107520 Len=0 TSval=3045554561 TSecr=2916034779"
"17964","30.706419515","192.168.1.2","192.168.1.55","TCP","66","50106  >  8004 [ACK] Seq=144 Ack=440926 Win=108544 Len=0 TSval=3045554561 TSecr=2916034779"
"17965","30.710265743","192.168.1.2","192.168.1.55","TCP","66","50106  >  8004 [ACK] Seq=144 Ack=468438 Win=120832 Len=0 TSval=3045554565 TSecr=2916034786"
"17966","30.710366169","192.168.1.2","192.168.1.55","TCP","66","50106  >  8004 [ACK] Seq=144 Ack=489614 Win=136192 Len=0 TSval=3045554565 TSecr=2916034786"
"17967","30.711069078","192.168.1.2","192.168.1.55","TCP","66","50106  >  8004 [ACK] Seq=144 Ack=498302 Win=155648 Len=0 TSval=3045554566 TSecr=2916034786"
"17968","30.712532728","192.168.1.2","192.168.1.55","TCP","66","50106  >  8004 [FIN, ACK] Seq=144 Ack=498459 Win=158720 Len=0 TSval=3045554567 TSecr=2916034786"
"17969","30.712547321","192.168.1.55","192.168.1.2","TCP","66","8004  >  50106 [ACK] Seq=498459 Ack=145 Win=65024 Len=0 TSval=2916034793 TSecr=3045554567"
"17970","30.712659210","192.168.1.2","192.168.1.55","TCP","74","50108  >  8004 [SYN] Seq=0 Win=64240 Len=0 MSS=1460 SACK_PERM TSval=3045554567 TSecr=0 WS=1024"
"17971","30.712683766","192.168.1.55","192.168.1.2","TCP","74","8004  >  50108 [SYN, ACK] Seq=0 Ack=1 Win=65160 Len=0 MSS=1460 SACK_PERM TSval=2916034793 TSecr=3045554567 WS=128"
"17972","30.715770345","192.168.1.2","192.168.1.55","TCP","66","50108  >  8004 [ACK] Seq=1 Ack=1 Win=64512 Len=0 TSval=3045554570 TSecr=2916034793"
"17973","30.718466293","192.168.1.2","192.168.1.55","HTTP","206","GET /stego_benchmark.png HTTP/1.1 "
"17974","30.718477978","192.168.1.55","192.168.1.2","TCP","66","8004  >  50108 [ACK] Seq=1 Ack=141 Win=65024 Len=0 TSval=2916034799 TSecr=3045554570"
"17975","30.718957942","192.168.1.55","192.168.1.2","TCP","255","8004  >  50108 [PSH, ACK] Seq=1 Ack=141 Win=65024 Len=189 TSval=2916034799 TSecr=3045554570 [TCP segment of a reassembled PDU]"
"17976","30.719038516","192.168.1.55","192.168.1.2","TCP","1514","8004  >  50108 [ACK] Seq=190 Ack=141 Win=65024 Len=1448 TSval=2916034799 TSecr=3045554570 [TCP segment of a reassembled PDU]"
"17977","30.719043535","192.168.1.55","192.168.1.2","TCP","1514","8004  >  50108 [ACK] Seq=1638 Ack=141 Win=65024 Len=1448 TSval=2916034799 TSecr=3045554570 [TCP segment of a reassembled PDU]"
"17978","30.719044924","192.168.1.55","192.168.1.2","TCP","1514","8004  >  50108 [ACK] Seq=3086 Ack=141 Win=65024 Len=1448 TSval=2916034799 TSecr=3045554570 [TCP segment of a reassembled PDU]"
"17979","30.719046257","192.168.1.55","192.168.1.2","TCP","1514","8004  >  50108 [ACK] Seq=4534 Ack=141 Win=65024 Len=1448 TSval=2916034799 TSecr=3045554570 [TCP segment of a reassembled PDU]"
"17980","30.719047572","192.168.1.55","192.168.1.2","TCP","1514","8004  >  50108 [PSH, ACK] Seq=5982 Ack=141 Win=65024 Len=1448 TSval=2916034799 TSecr=3045554570 [TCP segment of a reassembled PDU]"
"17981","30.719064776","192.168.1.55","192.168.1.2","TCP","1514","8004  >  50108 [ACK] Seq=7430 Ack=141 Win=65024 Len=1448 TSval=2916034799 TSecr=3045554570 [TCP segment of a reassembled PDU]"
"17982","30.719066516","192.168.1.55","192.168.1.2","TCP","1514","8004  >  50108 [ACK] Seq=8878 Ack=141 Win=65024 Len=1448 TSval=2916034799 TSecr=3045554570 [TCP segment of a reassembled PDU]"
"17983","30.719068535","192.168.1.55","192.168.1.2","TCP","1514","8004  >  50108 [ACK] Seq=10326 Ack=141 Win=65024 Len=1448 TSval=2916034799 TSecr=3045554570 [TCP segment of a reassembled PDU]"
"17984","30.719069850","192.168.1.55","192.168.1.2","TCP","1514","8004  >  50108 [PSH, ACK] Seq=11774 Ack=141 Win=65024 Len=1448 TSval=2916034799 TSecr=3045554570 [TCP segment of a reassembled PDU]"
"17985","30.722682152","192.168.1.2","192.168.1.55","TCP","66","50108  >  8004 [ACK] Seq=141 Ack=190 Win=64512 Len=0 TSval=3045554577 TSecr=2916034799"
"17986","30.722789559","192.168.1.55","192.168.1.2","TCP","1514","8004  >  50108 [ACK] Seq=13222 Ack=141 Win=65024 Len=1448 TSval=2916034803 TSecr=3045554577 [TCP segment of a reassembled PDU]"
"17987","30.722800967","192.168.1.55","192.168.1.2","TCP","1514","8004  >  50108 [PSH, ACK] Seq=14670 Ack=141 Win=65024 Len=1448 TSval=2916034803 TSecr=3045554577 [TCP segment of a reassembled PDU]"
"17988","30.722900078","192.168.1.2","192.168.1.55","TCP","66","50108  >  8004 [ACK] Seq=141 Ack=3086 Win=70656 Len=0 TSval=3045554577 TSecr=2916034799"
"17989","30.723732820","192.168.1.2","192.168.1.55","TCP","66","50108  >  8004 [ACK] Seq=141 Ack=7430 Win=79872 Len=0 TSval=3045554578 TSecr=2916034799"
"17990","30.723783820","192.168.1.55","192.168.1.2","TCP","1514","8004  >  50108 [ACK] Seq=16118 Ack=141 Win=65024 Len=1448 TSval=2916034804 TSecr=3045554578 [TCP segment of a reassembled PDU]"
"17991","30.723789876","192.168.1.55","192.168.1.2","TCP","1514","8004  >  50108 [ACK] Seq=17566 Ack=141 Win=65024 Len=1448 TSval=2916034804 TSecr=3045554578 [TCP segment of a reassembled PDU]"
"17992","30.723791302","192.168.1.55","192.168.1.2","TCP","1514","8004  >  50108 [ACK] Seq=19014 Ack=141 Win=65024 Len=1448 TSval=2916034804 TSecr=3045554578 [TCP segment of a reassembled PDU]"
"17993","30.723792691","192.168.1.55","192.168.1.2","TCP","1514","8004  >  50108 [ACK] Seq=20462 Ack=141 Win=65024 Len=1448 TSval=2916034804 TSecr=3045554578 [TCP segment of a reassembled PDU]"
"17994","30.723794450","192.168.1.55","192.168.1.2","TCP","1514","8004  >  50108 [ACK] Seq=21910 Ack=141 Win=65024 Len=1448 TSval=2916034804 TSecr=3045554578 [TCP segment of a reassembled PDU]"
"17995","30.723796302","192.168.1.55","192.168.1.2","TCP","1514","8004  >  50108 [ACK] Seq=23358 Ack=141 Win=65024 Len=1448 TSval=2916034804 TSecr=3045554578 [TCP segment of a reassembled PDU]"
"17996","30.723799005","192.168.1.55","192.168.1.2","TCP","1514","8004  >  50108 [ACK] Seq=24806 Ack=141 Win=65024 Len=1448 TSval=2916034804 TSecr=3045554578 [TCP segment of a reassembled PDU]"
"17997","30.723800968","192.168.1.55","192.168.1.2","TCP","1514","8004  >  50108 [PSH, ACK] Seq=26254 Ack=141 Win=65024 Len=1448 TSval=2916034804 TSecr=3045554578 [TCP segment of a reassembled PDU]"
"17998","30.723846154","192.168.1.2","192.168.1.55","TCP","66","50108  >  8004 [ACK] Seq=141 Ack=13222 Win=81920 Len=0 TSval=3045554578 TSecr=2916034799"
"17999","30.723885839","192.168.1.55","192.168.1.2","TCP","1514","8004  >  50108 [ACK] Seq=27702 Ack=141 Win=65024 Len=1448 TSval=2916034804 TSecr=3045554578 [TCP segment of a reassembled PDU]"
"18000","30.723890709","192.168.1.55","192.168.1.2","TCP","1514","8004  >  50108 [ACK] Seq=29150 Ack=141 Win=65024 Len=1448 TSval=2916034804 TSecr=3045554578 [TCP segment of a reassembled PDU]"
"18001","30.723892376","192.168.1.55","192.168.1.2","TCP","1514","8004  >  50108 [ACK] Seq=30598 Ack=141 Win=65024 Len=1448 TSval=2916034804 TSecr=3045554578 [TCP segment of a reassembled PDU]"
"18002","30.723893931","192.168.1.55","192.168.1.2","TCP","1514","8004  >  50108 [ACK] Seq=32046 Ack=141 Win=65024 Len=1448 TSval=2916034804 TSecr=3045554578 [TCP segment of a reassembled PDU]"
"18003","30.723896080","192.168.1.55","192.168.1.2","TCP","1514","8004  >  50108 [ACK] Seq=33494 Ack=141 Win=65024 Len=1448 TSval=2916034804 TSecr=3045554578 [TCP segment of a reassembled PDU]"
"18004","30.723898376","192.168.1.55","192.168.1.2","TCP","1514","8004  >  50108 [ACK] Seq=34942 Ack=141 Win=65024 Len=1448 TSval=2916034804 TSecr=3045554578 [TCP segment of a reassembled PDU]"
"18005","30.723899987","192.168.1.55","192.168.1.2","TCP","1514","8004  >  50108 [ACK] Seq=36390 Ack=141 Win=65024 Len=1448 TSval=2916034804 TSecr=3045554578 [TCP segment of a reassembled PDU]"
"18006","30.723902283","192.168.1.55","192.168.1.2","TCP","1514","8004  >  50108 [ACK] Seq=37838 Ack=141 Win=65024 Len=1448 TSval=2916034804 TSecr=3045554578 [TCP segment of a reassembled PDU]"
"18007","30.723903765","192.168.1.55","192.168.1.2","TCP","1514","8004  >  50108 [ACK] Seq=39286 Ack=141 Win=65024 Len=1448 TSval=2916034804 TSecr=3045554578 [TCP segment of a reassembled PDU]"
"18008","30.723905191","192.168.1.55","192.168.1.2","TCP","1514","8004  >  50108 [PSH, ACK] Seq=40734 Ack=141 Win=65024 Len=1448 TSval=2916034804 TSecr=3045554578 [TCP segment of a reassembled PDU]"
"18009","30.727397567","192.168.1.2","192.168.1.55","TCP","66","50108  >  8004 [ACK] Seq=141 Ack=16118 Win=88064 Len=0 TSval=3045554582 TSecr=2916034803"
"18010","30.727442641","192.168.1.55","192.168.1.2","TCP","1514","8004  >  50108 [ACK] Seq=42182 Ack=141 Win=65024 Len=1448 TSval=2916034808 TSecr=3045554582 [TCP segment of a reassembled PDU]"
"18011","30.727449400","192.168.1.55","192.168.1.2","TCP","1514","8004  >  50108 [PSH, ACK] Seq=43630 Ack=141 Win=65024 Len=1448 TSval=2916034808 TSecr=3045554582 [TCP segment of a reassembled PDU]"
"18012","30.728994125","192.168.1.2","192.168.1.55","TCP","66","50108  >  8004 [ACK] Seq=141 Ack=17566 Win=90112 Len=0 TSval=3045554582 TSecr=2916034804"
"18013","30.729016199","192.168.1.55","192.168.1.2","TCP","1514","8004  >  50108 [ACK] Seq=45078 Ack=141 Win=65024 Len=1448 TSval=2916034809 TSecr=3045554582 [TCP segment of a reassembled PDU]"
"18014","30.729020551","192.168.1.55","192.168.1.2","TCP","1514","8004  >  50108 [ACK] Seq=46526 Ack=141 Win=65024 Len=1448 TSval=2916034809 TSecr=3045554582 [TCP segment of a reassembled PDU]"
"18015","30.729021902","192.168.1.55","192.168.1.2","TCP","1514","8004  >  50108 [ACK] Seq=47974 Ack=141 Win=65024 Len=1448 TSval=2916034809 TSecr=3045554582 [TCP segment of a reassembled PDU]"
"18016","30.729023625","192.168.1.55","192.168.1.2","TCP","1514","8004  >  50108 [PSH, ACK] Seq=49422 Ack=141 Win=65024 Len=1448 TSval=2916034809 TSecr=3045554582 [TCP segment of a reassembled PDU]"
"18017","30.730553053","192.168.1.2","192.168.1.55","TCP","66","50108  >  8004 [ACK] Seq=141 Ack=27702 Win=83968 Len=0 TSval=3045554583 TSecr=2916034804"
"18018","30.730576423","192.168.1.55","192.168.1.2","TCP","1514","8004  >  50108 [ACK] Seq=50870 Ack=141 Win=65024 Len=1448 TSval=2916034811 TSecr=3045554583 [TCP segment of a reassembled PDU]"
"18019","30.730579479","192.168.1.55","192.168.1.2","TCP","1514","8004  >  50108 [ACK] Seq=52318 Ack=141 Win=65024 Len=1448 TSval=2916034811 TSecr=3045554583 [TCP segment of a reassembled PDU]"
"18020","30.730581164","192.168.1.55","192.168.1.2","TCP","1514","8004  >  50108 [ACK] Seq=53766 Ack=141 Win=65024 Len=1448 TSval=2916034811 TSecr=3045554583 [TCP segment of a reassembled PDU]"
"18021","30.730583090","192.168.1.55","192.168.1.2","TCP","1514","8004  >  50108 [ACK] Seq=55214 Ack=141 Win=65024 Len=1448 TSval=2916034811 TSecr=3045554583 [TCP segment of a reassembled PDU]"
"18022","30.730584442","192.168.1.55","192.168.1.2","TCP","1514","8004  >  50108 [ACK] Seq=56662 Ack=141 Win=65024 Len=1448 TSval=2916034811 TSecr=3045554583 [TCP segment of a reassembled PDU]"
"18023","30.730585701","192.168.1.55","192.168.1.2","TCP","1514","8004  >  50108 [ACK] Seq=58110 Ack=141 Win=65024 Len=1448 TSval=2916034811 TSecr=3045554583 [TCP segment of a reassembled PDU]"
"18024","30.730587127","192.168.1.55","192.168.1.2","TCP","1514","8004  >  50108 [PSH, ACK] Seq=59558 Ack=141 Win=65024 Len=1448 TSval=2916034811 TSecr=3045554583 [TCP segment of a reassembled PDU]"
"18025","30.730678424","192.168.1.2","192.168.1.55","TCP","66","50108  >  8004 [ACK] Seq=141 Ack=39286 Win=72704 Len=0 TSval=3045554583 TSecr=2916034804"
"18026","30.730704053","192.168.1.55","192.168.1.2","TCP","1514","8004  >  50108 [ACK] Seq=61006 Ack=141 Win=65024 Len=1448 TSval=2916034811 TSecr=3045554583 [TCP segment of a reassembled PDU]"
"18027","30.730705924","192.168.1.55","192.168.1.2","TCP","1514","8004  >  50108 [ACK] Seq=62454 Ack=141 Win=65024 Len=1448 TSval=2916034811 TSecr=3045554583 [TCP segment of a reassembled PDU]"
"18028","30.730709201","192.168.1.55","192.168.1.2","TCP","1514","8004  >  50108 [ACK] Seq=63902 Ack=141 Win=65024 Len=1448 TSval=2916034811 TSecr=3045554583 [TCP segment of a reassembled PDU]"
"18029","30.730710961","192.168.1.55","192.168.1.2","TCP","1514","8004  >  50108 [ACK] Seq=65350 Ack=141 Win=65024 Len=1448 TSval=2916034811 TSecr=3045554583 [TCP segment of a reassembled PDU]"
"18030","30.730713053","192.168.1.55","192.168.1.2","TCP","1514","8004  >  50108 [ACK] Seq=66798 Ack=141 Win=65024 Len=1448 TSval=2916034811 TSecr=3045554583 [TCP segment of a reassembled PDU]"
"18031","30.730714387","192.168.1.55","192.168.1.2","TCP","1514","8004  >  50108 [ACK] Seq=68246 Ack=141 Win=65024 Len=1448 TSval=2916034811 TSecr=3045554583 [TCP segment of a reassembled PDU]"
"18032","30.730716590","192.168.1.55","192.168.1.2","TCP","1514","8004  >  50108 [ACK] Seq=69694 Ack=141 Win=65024 Len=1448 TSval=2916034811 TSecr=3045554583 [TCP segment of a reassembled PDU]"
"18033","30.730718350","192.168.1.55","192.168.1.2","TCP","1514","8004  >  50108 [PSH, ACK] Seq=71142 Ack=141 Win=65024 Len=1448 TSval=2916034811 TSecr=3045554583 [TCP segment of a reassembled PDU]"
"18034","30.730722683","192.168.1.2","192.168.1.55","TCP","66","50108  >  8004 [ACK] Seq=141 Ack=42182 Win=90112 Len=0 TSval=3045554585 TSecr=2916034804"
"18035","30.730730127","192.168.1.2","192.168.1.55","TCP","66","50108  >  8004 [ACK] Seq=141 Ack=45078 Win=88064 Len=0 TSval=3045554585 TSecr=2916034808"
"18036","30.731353258","192.168.1.55","192.168.1.2","TCP","1514","8004  >  50108 [ACK] Seq=72590 Ack=141 Win=65024 Len=1448 TSval=2916034812 TSecr=3045554585 [TCP segment of a reassembled PDU]"
"18037","30.731355628","192.168.1.55","192.168.1.2","TCP","1514","8004  >  50108 [ACK] Seq=74038 Ack=141 Win=65024 Len=1448 TSval=2916034812 TSecr=3045554585 [TCP segment of a reassembled PDU]"
"18038","30.731357110","192.168.1.55","192.168.1.2","TCP","1514","8004  >  50108 [PSH, ACK] Seq=75486 Ack=141 Win=65024 Len=1448 TSval=2916034812 TSecr=3045554585 [TCP segment of a reassembled PDU]"
"18039","30.731377740","192.168.1.55","192.168.1.2","TCP","1514","8004  >  50108 [ACK] Seq=76934 Ack=141 Win=65024 Len=1448 TSval=2916034812 TSecr=3045554585 [TCP segment of a reassembled PDU]"
"18040","30.733469410","192.168.1.2","192.168.1.55","TCP","66","50108  >  8004 [ACK] Seq=141 Ack=50870 Win=83968 Len=0 TSval=3045554586 TSecr=2916034809"
"18041","30.733483910","192.168.1.55","192.168.1.2","TCP","1514","8004  >  50108 [ACK] Seq=78382 Ack=141 Win=65024 Len=1448 TSval=2916034814 TSecr=3045554586 [TCP segment of a reassembled PDU]"
"18042","30.733486613","192.168.1.55","192.168.1.2","TCP","1514","8004  >  50108 [ACK] Seq=79830 Ack=141 Win=65024 Len=1448 TSval=2916034814 TSecr=3045554586 [TCP segment of a reassembled PDU]"
"18043","30.733488113","192.168.1.55","192.168.1.2","TCP","1514","8004  >  50108 [ACK] Seq=81278 Ack=141 Win=65024 Len=1448 TSval=2916034814 TSecr=3045554586 [TCP segment of a reassembled PDU]"
"18044","30.733489391","192.168.1.55","192.168.1.2","TCP","1514","8004  >  50108 [ACK] Seq=82726 Ack=141 Win=65024 Len=1448 TSval=2916034814 TSecr=3045554586 [TCP segment of a reassembled PDU]"
"18045","30.733491502","192.168.1.55","192.168.1.2","TCP","1514","8004  >  50108 [PSH, ACK] Seq=84174 Ack=141 Win=65024 Len=1448 TSval=2916034814 TSecr=3045554586 [TCP segment of a reassembled PDU]"
"18046","30.735773117","192.168.1.2","192.168.1.55","TCP","66","50108  >  8004 [ACK] Seq=141 Ack=61006 Win=81920 Len=0 TSval=3045554590 TSecr=2916034811"
"18047","30.735787080","192.168.1.55","192.168.1.2","TCP","1514","8004  >  50108 [ACK] Seq=85622 Ack=141 Win=65024 Len=1448 TSval=2916034816 TSecr=3045554590 [TCP segment of a reassembled PDU]"
"18048","30.735789191","192.168.1.55","192.168.1.2","TCP","1514","8004  >  50108 [ACK] Seq=87070 Ack=141 Win=65024 Len=1448 TSval=2916034816 TSecr=3045554590 [TCP segment of a reassembled PDU]"
"18049","30.735790487","192.168.1.55","192.168.1.2","TCP","1514","8004  >  50108 [ACK] Seq=88518 Ack=141 Win=65024 Len=1448 TSval=2916034816 TSecr=3045554590 [TCP segment of a reassembled PDU]"
"18050","30.735791672","192.168.1.55","192.168.1.2","TCP","1514","8004  >  50108 [ACK] Seq=89966 Ack=141 Win=65024 Len=1448 TSval=2916034816 TSecr=3045554590 [TCP segment of a reassembled PDU]"
"18051","30.735792802","192.168.1.55","192.168.1.2","TCP","1514","8004  >  50108 [ACK] Seq=91414 Ack=141 Win=65024 Len=1448 TSval=2916034816 TSecr=3045554590 [TCP segment of a reassembled PDU]"
"18052","30.735794191","192.168.1.55","192.168.1.2","TCP","1514","8004  >  50108 [ACK] Seq=92862 Ack=141 Win=65024 Len=1448 TSval=2916034816 TSecr=3045554590 [TCP segment of a reassembled PDU]"
"18053","30.735795284","192.168.1.55","192.168.1.2","TCP","1514","8004  >  50108 [PSH, ACK] Seq=94310 Ack=141 Win=65024 Len=1448 TSval=2916034816 TSecr=3045554590 [TCP segment of a reassembled PDU]"
"18054","30.736165173","192.168.1.2","192.168.1.55","TCP","66","50108  >  8004 [ACK] Seq=141 Ack=72590 Win=70656 Len=0 TSval=3045554590 TSecr=2916034811"
"18055","30.736178636","192.168.1.55","192.168.1.2","TCP","1514","8004  >  50108 [ACK] Seq=95758 Ack=141 Win=65024 Len=1448 TSval=2916034816 TSecr=3045554590 [TCP segment of a reassembled PDU]"
"18056","30.736180599","192.168.1.55","192.168.1.2","TCP","1514","8004  >  50108 [ACK] Seq=97206 Ack=141 Win=65024 Len=1448 TSval=2916034816 TSecr=3045554590 [TCP segment of a reassembled PDU]"
"18057","30.736181766","192.168.1.55","192.168.1.2","TCP","1514","8004  >  50108 [ACK] Seq=98654 Ack=141 Win=65024 Len=1448 TSval=2916034816 TSecr=3045554590 [TCP segment of a reassembled PDU]"
"18058","30.736183025","192.168.1.55","192.168.1.2","TCP","1514","8004  >  50108 [ACK] Seq=100102 Ack=141 Win=65024 Len=1448 TSval=2916034816 TSecr=3045554590 [TCP segment of a reassembled PDU]"
"18059","30.736184155","192.168.1.55","192.168.1.2","TCP","1514","8004  >  50108 [ACK] Seq=101550 Ack=141 Win=65024 Len=1448 TSval=2916034816 TSecr=3045554590 [TCP segment of a reassembled PDU]"
"18060","30.736185692","192.168.1.55","192.168.1.2","TCP","1514","8004  >  50108 [ACK] Seq=102998 Ack=141 Win=65024 Len=1448 TSval=2916034816 TSecr=3045554590 [TCP segment of a reassembled PDU]"
"18061","30.736186784","192.168.1.55","192.168.1.2","TCP","1514","8004  >  50108 [ACK] Seq=104446 Ack=141 Win=65024 Len=1448 TSval=2916034816 TSecr=3045554590 [TCP segment of a reassembled PDU]"
"18062","30.736187877","192.168.1.55","192.168.1.2","TCP","1514","8004  >  50108 [PSH, ACK] Seq=105894 Ack=141 Win=65024 Len=1448 TSval=2916034816 TSecr=3045554590 [TCP segment of a reassembled PDU]"
"18063","30.736191766","192.168.1.2","192.168.1.55","TCP","66","50108  >  8004 [ACK] Seq=141 Ack=76934 Win=66560 Len=0 TSval=3045554590 TSecr=2916034812"
"18064","30.736198377","192.168.1.2","192.168.1.55","TCP","66","50108  >  8004 [ACK] Seq=141 Ack=78382 Win=65536 Len=0 TSval=3045554590 TSecr=2916034812"
"18065","30.736248192","192.168.1.2","192.168.1.55","TCP","66","50108  >  8004 [ACK] Seq=141 Ack=79830 Win=90112 Len=0 TSval=3045554590 TSecr=2916034814"
"18066","30.736256155","192.168.1.2","192.168.1.55","TCP","66","50108  >  8004 [ACK] Seq=141 Ack=81278 Win=90112 Len=0 TSval=3045554591 TSecr=2916034814"
"18067","30.742451127","192.168.1.2","192.168.1.55","TCP","66","50108  >  8004 [ACK] Seq=141 Ack=82726 Win=90112 Len=0 TSval=3045554592 TSecr=2916034814"
"18068","30.742462701","192.168.1.55","192.168.1.2","TCP","1514","8004  >  50108 [ACK] Seq=107342 Ack=141 Win=65024 Len=1448 TSval=2916034823 TSecr=3045554592 [TCP segment of a reassembled PDU]"
"18069","30.742464794","192.168.1.55","192.168.1.2","TCP","1514","8004  >  50108 [ACK] Seq=108790 Ack=141 Win=65024 Len=1448 TSval=2916034823 TSecr=3045554592 [TCP segment of a reassembled PDU]"
"18070","30.742465979","192.168.1.55","192.168.1.2","TCP","1514","8004  >  50108 [ACK] Seq=110238 Ack=141 Win=65024 Len=1448 TSval=2916034823 TSecr=3045554592 [TCP segment of a reassembled PDU]"
"18071","30.742467424","192.168.1.55","192.168.1.2","TCP","1514","8004  >  50108 [ACK] Seq=111686 Ack=141 Win=65024 Len=1448 TSval=2916034823 TSecr=3045554592 [TCP segment of a reassembled PDU]"
"18072","30.742468535","192.168.1.55","192.168.1.2","TCP","1514","8004  >  50108 [ACK] Seq=113134 Ack=141 Win=65024 Len=1448 TSval=2916034823 TSecr=3045554592 [TCP segment of a reassembled PDU]"
"18073","30.742469627","192.168.1.55","192.168.1.2","TCP","1514","8004  >  50108 [ACK] Seq=114582 Ack=141 Win=65024 Len=1448 TSval=2916034823 TSecr=3045554592 [TCP segment of a reassembled PDU]"
"18074","30.742470813","192.168.1.55","192.168.1.2","TCP","1514","8004  >  50108 [ACK] Seq=116030 Ack=141 Win=65024 Len=1448 TSval=2916034823 TSecr=3045554592 [TCP segment of a reassembled PDU]"
"18075","30.742471979","192.168.1.55","192.168.1.2","TCP","1514","8004  >  50108 [PSH, ACK] Seq=117478 Ack=141 Win=65024 Len=1448 TSval=2916034823 TSecr=3045554592 [TCP segment of a reassembled PDU]"
"18076","30.742879147","192.168.1.2","192.168.1.55","TCP","66","50108  >  8004 [ACK] Seq=141 Ack=85622 Win=90112 Len=0 TSval=3045554592 TSecr=2916034814"
"18077","30.742887443","192.168.1.55","192.168.1.2","TCP","1514","8004  >  50108 [PSH, ACK] Seq=118926 Ack=141 Win=65024 Len=1448 TSval=2916034823 TSecr=3045554592 [TCP segment of a reassembled PDU]"
"18078","30.742891776","192.168.1.2","192.168.1.55","TCP","66","50108  >  8004 [ACK] Seq=141 Ack=95758 Win=81920 Len=0 TSval=3045554594 TSecr=2916034816"
"18079","30.742896758","192.168.1.2","192.168.1.55","TCP","66","50108  >  8004 [ACK] Seq=141 Ack=102998 Win=74752 Len=0 TSval=3045554594 TSecr=2916034816"
"18080","30.742911702","192.168.1.55","192.168.1.2","TCP","1514","8004  >  50108 [ACK] Seq=120374 Ack=141 Win=65024 Len=1448 TSval=2916034823 TSecr=3045554594 [TCP segment of a reassembled PDU]"
"18081","30.742913091","192.168.1.55","192.168.1.2","TCP","1514","8004  >  50108 [ACK] Seq=121822 Ack=141 Win=65024 Len=1448 TSval=2916034823 TSecr=3045554594 [TCP segment of a reassembled PDU]"
"18082","30.742914165","192.168.1.55","192.168.1.2","TCP","1514","8004  >  50108 [ACK] Seq=123270 Ack=141 Win=65024 Len=1448 TSval=2916034823 TSecr=3045554594 [TCP segment of a reassembled PDU]"
"18083","30.742915350","192.168.1.55","192.168.1.2","TCP","1514","8004  >  50108 [ACK] Seq=124718 Ack=141 Win=65024 Len=1448 TSval=2916034823 TSecr=3045554594 [TCP segment of a reassembled PDU]"
"18084","30.742916461","192.168.1.55","192.168.1.2","TCP","1514","8004  >  50108 [ACK] Seq=126166 Ack=141 Win=65024 Len=1448 TSval=2916034823 TSecr=3045554594 [TCP segment of a reassembled PDU]"
"18085","30.742917535","192.168.1.55","192.168.1.2","TCP","1514","8004  >  50108 [ACK] Seq=127614 Ack=141 Win=65024 Len=1448 TSval=2916034823 TSecr=3045554594 [TCP segment of a reassembled PDU]"
"18086","30.742918665","192.168.1.55","192.168.1.2","TCP","1514","8004  >  50108 [ACK] Seq=129062 Ack=141 Win=65024 Len=1448 TSval=2916034823 TSecr=3045554594 [TCP segment of a reassembled PDU]"
"18087","30.742919980","192.168.1.55","192.168.1.2","TCP","1514","8004  >  50108 [ACK] Seq=130510 Ack=141 Win=65024 Len=1448 TSval=2916034823 TSecr=3045554594 [TCP segment of a reassembled PDU]"
"18088","30.742925776","192.168.1.55","192.168.1.2","TCP","1514","8004  >  50108 [ACK] Seq=131958 Ack=141 Win=65024 Len=1448 TSval=2916034823 TSecr=3045554594 [TCP segment of a reassembled PDU]"
"18089","30.742927184","192.168.1.55","192.168.1.2","TCP","1514","8004  >  50108 [ACK] Seq=133406 Ack=141 Win=65024 Len=1448 TSval=2916034823 TSecr=3045554594 [TCP segment of a reassembled PDU]"
"18090","30.742928536","192.168.1.55","192.168.1.2","TCP","1514","8004  >  50108 [ACK] Seq=134854 Ack=141 Win=65024 Len=1448 TSval=2916034823 TSecr=3045554594 [TCP segment of a reassembled PDU]"
"18091","30.742929739","192.168.1.55","192.168.1.2","TCP","1514","8004  >  50108 [PSH, ACK] Seq=136302 Ack=141 Win=65024 Len=1448 TSval=2916034823 TSecr=3045554594 [TCP segment of a reassembled PDU]"
"18092","30.745384188","192.168.1.2","192.168.1.55","TCP","66","50108  >  8004 [ACK] Seq=141 Ack=107342 Win=90112 Len=0 TSval=3045554598 TSecr=2916034816"
"18093","30.745418262","192.168.1.55","192.168.1.2","TCP","1514","8004  >  50108 [ACK] Seq=137750 Ack=141 Win=65024 Len=1448 TSval=2916034826 TSecr=3045554598 [TCP segment of a reassembled PDU]"
"18094","30.745423188","192.168.1.55","192.168.1.2","TCP","1514","8004  >  50108 [ACK] Seq=139198 Ack=141 Win=65024 Len=1448 TSval=2916034826 TSecr=3045554598 [TCP segment of a reassembled PDU]"
"18095","30.745424762","192.168.1.55","192.168.1.2","TCP","1514","8004  >  50108 [ACK] Seq=140646 Ack=141 Win=65024 Len=1448 TSval=2916034826 TSecr=3045554598 [TCP segment of a reassembled PDU]"
"18096","30.745426206","192.168.1.55","192.168.1.2","TCP","1514","8004  >  50108 [ACK] Seq=142094 Ack=141 Win=65024 Len=1448 TSval=2916034826 TSecr=3045554598 [TCP segment of a reassembled PDU]"
"18097","30.745427576","192.168.1.55","192.168.1.2","TCP","1514","8004  >  50108 [PSH, ACK] Seq=143542 Ack=141 Win=65024 Len=1448 TSval=2916034826 TSecr=3045554598 [TCP segment of a reassembled PDU]"
"18098","30.746655023","192.168.1.2","192.168.1.55","TCP","66","50108  >  8004 [ACK] Seq=141 Ack=118926 Win=79872 Len=0 TSval=3045554601 TSecr=2916034823"
"18099","30.746674875","192.168.1.55","192.168.1.2","TCP","1514","8004  >  50108 [ACK] Seq=144990 Ack=141 Win=65024 Len=1448 TSval=2916034827 TSecr=3045554601 [TCP segment of a reassembled PDU]"
"18100","30.746677541","192.168.1.55","192.168.1.2","TCP","1514","8004  >  50108 [ACK] Seq=146438 Ack=141 Win=65024 Len=1448 TSval=2916034827 TSecr=3045554601 [TCP segment of a reassembled PDU]"
"18101","30.746679041","192.168.1.55","192.168.1.2","TCP","1514","8004  >  50108 [ACK] Seq=147886 Ack=141 Win=65024 Len=1448 TSval=2916034827 TSecr=3045554601 [TCP segment of a reassembled PDU]"
"18102","30.746680504","192.168.1.55","192.168.1.2","TCP","1514","8004  >  50108 [ACK] Seq=149334 Ack=141 Win=65024 Len=1448 TSval=2916034827 TSecr=3045554601 [TCP segment of a reassembled PDU]"
"18103","30.746681912","192.168.1.55","192.168.1.2","TCP","1514","8004  >  50108 [ACK] Seq=150782 Ack=141 Win=65024 Len=1448 TSval=2916034827 TSecr=3045554601 [TCP segment of a reassembled PDU]"
"18104","30.746683301","192.168.1.55","192.168.1.2","TCP","1514","8004  >  50108 [ACK] Seq=152230 Ack=141 Win=65024 Len=1448 TSval=2916034827 TSecr=3045554601 [TCP segment of a reassembled PDU]"
"18105","30.746684634","192.168.1.55","192.168.1.2","TCP","1514","8004  >  50108 [ACK] Seq=153678 Ack=141 Win=65024 Len=1448 TSval=2916034827 TSecr=3045554601 [TCP segment of a reassembled PDU]"
"18106","30.746686134","192.168.1.55","192.168.1.2","TCP","1514","8004  >  50108 [PSH, ACK] Seq=155126 Ack=141 Win=65024 Len=1448 TSval=2916034827 TSecr=3045554601 [TCP segment of a reassembled PDU]"
"18107","30.746718060","192.168.1.2","192.168.1.55","TCP","66","50108  >  8004 [ACK] Seq=141 Ack=130510 Win=68608 Len=0 TSval=3045554601 TSecr=2916034823"
"18108","30.747060894","192.168.1.55","192.168.1.2","TCP","1514","8004  >  50108 [ACK] Seq=156574 Ack=141 Win=65024 Len=1448 TSval=2916034827 TSecr=3045554601 [TCP segment of a reassembled PDU]"
"18109","30.747063246","192.168.1.55","192.168.1.2","TCP","1514","8004  >  50108 [ACK] Seq=158022 Ack=141 Win=65024 Len=1448 TSval=2916034827 TSecr=3045554601 [TCP segment of a reassembled PDU]"
"18110","30.747064598","192.168.1.55","192.168.1.2","TCP","1514","8004  >  50108 [ACK] Seq=159470 Ack=141 Win=65024 Len=1448 TSval=2916034827 TSecr=3045554601 [TCP segment of a reassembled PDU]"
"18111","30.747066098","192.168.1.55","192.168.1.2","TCP","1514","8004  >  50108 [ACK] Seq=160918 Ack=141 Win=65024 Len=1448 TSval=2916034827 TSecr=3045554601 [TCP segment of a reassembled PDU]"
"18112","30.747067431","192.168.1.55","192.168.1.2","TCP","1514","8004  >  50108 [PSH, ACK] Seq=162366 Ack=141 Win=65024 Len=1448 TSval=2916034827 TSecr=3045554601 [TCP segment of a reassembled PDU]"
"18113","30.748973971","192.168.1.2","192.168.1.55","TCP","66","50108  >  8004 [ACK] Seq=141 Ack=137750 Win=83968 Len=0 TSval=3045554602 TSecr=2916034823"
"18114","30.749014601","192.168.1.55","192.168.1.2","TCP","1514","8004  >  50108 [ACK] Seq=163814 Ack=141 Win=65024 Len=1448 TSval=2916034829 TSecr=3045554602 [TCP segment of a reassembled PDU]"
"18115","30.749021934","192.168.1.55","192.168.1.2","TCP","1514","8004  >  50108 [ACK] Seq=165262 Ack=141 Win=65024 Len=1448 TSval=2916034829 TSecr=3045554602 [TCP segment of a reassembled PDU]"
"18116","30.749023934","192.168.1.55","192.168.1.2","TCP","1514","8004  >  50108 [ACK] Seq=166710 Ack=141 Win=65024 Len=1448 TSval=2916034829 TSecr=3045554602 [TCP segment of a reassembled PDU]"
"18117","30.749025304","192.168.1.55","192.168.1.2","TCP","1514","8004  >  50108 [ACK] Seq=168158 Ack=141 Win=65024 Len=1448 TSval=2916034829 TSecr=3045554602 [TCP segment of a reassembled PDU]"
"18118","30.749026730","192.168.1.55","192.168.1.2","TCP","1514","8004  >  50108 [ACK] Seq=169606 Ack=141 Win=65024 Len=1448 TSval=2916034829 TSecr=3045554602 [TCP segment of a reassembled PDU]"
"18119","30.749028230","192.168.1.55","192.168.1.2","TCP","1514","8004  >  50108 [ACK] Seq=171054 Ack=141 Win=65024 Len=1448 TSval=2916034829 TSecr=3045554602 [TCP segment of a reassembled PDU]"
"18120","30.749029656","192.168.1.55","192.168.1.2","TCP","1514","8004  >  50108 [ACK] Seq=172502 Ack=141 Win=65024 Len=1448 TSval=2916034829 TSecr=3045554602 [TCP segment of a reassembled PDU]"
"18121","30.749031101","192.168.1.55","192.168.1.2","TCP","1514","8004  >  50108 [ACK] Seq=173950 Ack=141 Win=65024 Len=1448 TSval=2916034829 TSecr=3045554602 [TCP segment of a reassembled PDU]"
"18122","30.749032564","192.168.1.55","192.168.1.2","TCP","1514","8004  >  50108 [PSH, ACK] Seq=175398 Ack=141 Win=65024 Len=1448 TSval=2916034829 TSecr=3045554602 [TCP segment of a reassembled PDU]"
"18123","30.749070416","192.168.1.2","192.168.1.55","TCP","66","50108  >  8004 [ACK] Seq=141 Ack=140646 Win=87040 Len=0 TSval=3045554603 TSecr=2916034826"
"18124","30.751334141","192.168.1.2","192.168.1.55","TCP","66","50108  >  8004 [ACK] Seq=141 Ack=144990 Win=87040 Len=0 TSval=3045554605 TSecr=2916034826"
"18125","30.751354067","192.168.1.55","192.168.1.2","TCP","1514","8004  >  50108 [ACK] Seq=176846 Ack=141 Win=65024 Len=1448 TSval=2916034832 TSecr=3045554605 [TCP segment of a reassembled PDU]"
"18126","30.751357752","192.168.1.55","192.168.1.2","TCP","1514","8004  >  50108 [ACK] Seq=178294 Ack=141 Win=65024 Len=1448 TSval=2916034832 TSecr=3045554605 [TCP segment of a reassembled PDU]"
"18127","30.751359141","192.168.1.55","192.168.1.2","TCP","1514","8004  >  50108 [ACK] Seq=179742 Ack=141 Win=65024 Len=1448 TSval=2916034832 TSecr=3045554605 [TCP segment of a reassembled PDU]"
"18128","30.751360493","192.168.1.55","192.168.1.2","TCP","1514","8004  >  50108 [ACK] Seq=181190 Ack=141 Win=65024 Len=1448 TSval=2916034832 TSecr=3045554605 [TCP segment of a reassembled PDU]"
"18129","30.751361845","192.168.1.55","192.168.1.2","TCP","1514","8004  >  50108 [PSH, ACK] Seq=182638 Ack=141 Win=65024 Len=1448 TSval=2916034832 TSecr=3045554605 [TCP segment of a reassembled PDU]"
"18130","30.751394253","192.168.1.2","192.168.1.55","TCP","66","50108  >  8004 [ACK] Seq=141 Ack=156574 Win=81920 Len=0 TSval=3045554605 TSecr=2916034827"
"18131","30.751872142","192.168.1.2","192.168.1.55","TCP","66","50108  >  8004 [ACK] Seq=141 Ack=172502 Win=80896 Len=0 TSval=3045554607 TSecr=2916034829"
"18132","30.751898716","192.168.1.55","192.168.1.2","TCP","1514","8004  >  50108 [ACK] Seq=184086 Ack=141 Win=65024 Len=1448 TSval=2916034832 TSecr=3045554607 [TCP segment of a reassembled PDU]"
"18133","30.751901864","192.168.1.55","192.168.1.2","TCP","1514","8004  >  50108 [ACK] Seq=185534 Ack=141 Win=65024 Len=1448 TSval=2916034832 TSecr=3045554607 [TCP segment of a reassembled PDU]"
"18134","30.751903383","192.168.1.55","192.168.1.2","TCP","1514","8004  >  50108 [ACK] Seq=186982 Ack=141 Win=65024 Len=1448 TSval=2916034832 TSecr=3045554607 [TCP segment of a reassembled PDU]"
"18135","30.751904735","192.168.1.55","192.168.1.2","TCP","1514","8004  >  50108 [ACK] Seq=188430 Ack=141 Win=65024 Len=1448 TSval=2916034832 TSecr=3045554607 [TCP segment of a reassembled PDU]"
"18136","30.751906253","192.168.1.55","192.168.1.2","TCP","1514","8004  >  50108 [ACK] Seq=189878 Ack=141 Win=65024 Len=1448 TSval=2916034832 TSecr=3045554607 [TCP segment of a reassembled PDU]"
"18137","30.751907716","192.168.1.55","192.168.1.2","TCP","1514","8004  >  50108 [ACK] Seq=191326 Ack=141 Win=65024 Len=1448 TSval=2916034832 TSecr=3045554607 [TCP segment of a reassembled PDU]"
"18138","30.751909142","192.168.1.55","192.168.1.2","TCP","1514","8004  >  50108 [ACK] Seq=192774 Ack=141 Win=65024 Len=1448 TSval=2916034832 TSecr=3045554607 [TCP segment of a reassembled PDU]"
"18139","30.751910550","192.168.1.55","192.168.1.2","TCP","1514","8004  >  50108 [ACK] Seq=194222 Ack=141 Win=65024 Len=1448 TSval=2916034832 TSecr=3045554607 [TCP segment of a reassembled PDU]"
"18140","30.751912087","192.168.1.55","192.168.1.2","TCP","1514","8004  >  50108 [ACK] Seq=195670 Ack=141 Win=65024 Len=1448 TSval=2916034832 TSecr=3045554607 [TCP segment of a reassembled PDU]"
"18141","30.751913790","192.168.1.55","192.168.1.2","TCP","1514","8004  >  50108 [ACK] Seq=197118 Ack=141 Win=65024 Len=1448 TSval=2916034832 TSecr=3045554607 [TCP segment of a reassembled PDU]"
"18142","30.751915161","192.168.1.55","192.168.1.2","TCP","1514","8004  >  50108 [ACK] Seq=198566 Ack=141 Win=65024 Len=1448 TSval=2916034832 TSecr=3045554607 [TCP segment of a reassembled PDU]"
"18143","30.751916624","192.168.1.55","192.168.1.2","TCP","1514","8004  >  50108 [ACK] Seq=200014 Ack=141 Win=65024 Len=1448 TSval=2916034832 TSecr=3045554607 [TCP segment of a reassembled PDU]"
"18144","30.751918068","192.168.1.55","192.168.1.2","TCP","1514","8004  >  50108 [ACK] Seq=201462 Ack=141 Win=65024 Len=1448 TSval=2916034832 TSecr=3045554607 [TCP segment of a reassembled PDU]"
"18145","30.751919531","192.168.1.55","192.168.1.2","TCP","1514","8004  >  50108 [PSH, ACK] Seq=202910 Ack=141 Win=65024 Len=1448 TSval=2916034832 TSecr=3045554607 [TCP segment of a reassembled PDU]"
"18146","30.752474680","192.168.1.55","192.168.1.2","TCP","1514","8004  >  50108 [ACK] Seq=204358 Ack=141 Win=65024 Len=1448 TSval=2916034833 TSecr=3045554607 [TCP segment of a reassembled PDU]"
"18147","30.752476680","192.168.1.55","192.168.1.2","TCP","1514","8004  >  50108 [ACK] Seq=205806 Ack=141 Win=65024 Len=1448 TSval=2916034833 TSecr=3045554607 [TCP segment of a reassembled PDU]"
"18148","30.752478421","192.168.1.55","192.168.1.2","TCP","1514","8004  >  50108 [PSH, ACK] Seq=207254 Ack=141 Win=65024 Len=1448 TSval=2916034833 TSecr=3045554607 [TCP segment of a reassembled PDU]"
"18149","30.753842312","192.168.1.2","192.168.1.55","TCP","66","50108  >  8004 [ACK] Seq=141 Ack=163814 Win=83968 Len=0 TSval=3045554606 TSecr=2916034827"
"18150","30.753853923","192.168.1.55","192.168.1.2","TCP","1514","8004  >  50108 [ACK] Seq=208702 Ack=141 Win=65024 Len=1448 TSval=2916034834 TSecr=3045554607 [TCP segment of a reassembled PDU]"
"18151","30.753856793","192.168.1.55","192.168.1.2","TCP","1514","8004  >  50108 [ACK] Seq=210150 Ack=141 Win=65024 Len=1448 TSval=2916034834 TSecr=3045554607 [TCP segment of a reassembled PDU]"
"18152","30.753858275","192.168.1.55","192.168.1.2","TCP","1514","8004  >  50108 [PSH, ACK] Seq=211598 Ack=141 Win=65024 Len=1448 TSval=2916034834 TSecr=3045554607 [TCP segment of a reassembled PDU]"
"18153","30.757026243","192.168.1.2","192.168.1.55","TCP","66","50108  >  8004 [ACK] Seq=141 Ack=176846 Win=87040 Len=0 TSval=3045554611 TSecr=2916034829"
"18154","30.757036891","192.168.1.55","192.168.1.2","TCP","1514","8004  >  50108 [ACK] Seq=213046 Ack=141 Win=65024 Len=1448 TSval=2916034837 TSecr=3045554611 [TCP segment of a reassembled PDU]"
"18155","30.757039465","192.168.1.55","192.168.1.2","TCP","1514","8004  >  50108 [ACK] Seq=214494 Ack=141 Win=65024 Len=1448 TSval=2916034837 TSecr=3045554611 [TCP segment of a reassembled PDU]"
"18156","30.757040484","192.168.1.55","192.168.1.2","TCP","1514","8004  >  50108 [PSH, ACK] Seq=215942 Ack=141 Win=65024 Len=1448 TSval=2916034837 TSecr=3045554611 [TCP segment of a reassembled PDU]"
"18157","30.757256484","192.168.1.2","192.168.1.55","TCP","66","50108  >  8004 [ACK] Seq=141 Ack=184086 Win=86016 Len=0 TSval=3045554611 TSecr=2916034832"
"18158","30.757262447","192.168.1.2","192.168.1.55","TCP","66","50108  >  8004 [ACK] Seq=141 Ack=208702 Win=69632 Len=0 TSval=3045554612 TSecr=2916034832"
"18159","30.757276799","192.168.1.55","192.168.1.2","TCP","1514","8004  >  50108 [ACK] Seq=217390 Ack=141 Win=65024 Len=1448 TSval=2916034837 TSecr=3045554612 [TCP segment of a reassembled PDU]"
"18160","30.757278688","192.168.1.55","192.168.1.2","TCP","1514","8004  >  50108 [ACK] Seq=218838 Ack=141 Win=65024 Len=1448 TSval=2916034837 TSecr=3045554612 [TCP segment of a reassembled PDU]"
"18161","30.757279669","192.168.1.55","192.168.1.2","TCP","1514","8004  >  50108 [ACK] Seq=220286 Ack=141 Win=65024 Len=1448 TSval=2916034837 TSecr=3045554612 [TCP segment of a reassembled PDU]"
"18162","30.757280817","192.168.1.55","192.168.1.2","TCP","1514","8004  >  50108 [ACK] Seq=221734 Ack=141 Win=65024 Len=1448 TSval=2916034837 TSecr=3045554612 [TCP segment of a reassembled PDU]"
"18163","30.757281780","192.168.1.55","192.168.1.2","TCP","1514","8004  >  50108 [ACK] Seq=223182 Ack=141 Win=65024 Len=1448 TSval=2916034837 TSecr=3045554612 [TCP segment of a reassembled PDU]"
"18164","30.757282799","192.168.1.55","192.168.1.2","TCP","1514","8004  >  50108 [ACK] Seq=224630 Ack=141 Win=65024 Len=1448 TSval=2916034837 TSecr=3045554612 [TCP segment of a reassembled PDU]"
"18165","30.757284188","192.168.1.55","192.168.1.2","TCP","1514","8004  >  50108 [ACK] Seq=226078 Ack=141 Win=65024 Len=1448 TSval=2916034837 TSecr=3045554612 [TCP segment of a reassembled PDU]"
"18166","30.757285114","192.168.1.55","192.168.1.2","TCP","1514","8004  >  50108 [ACK] Seq=227526 Ack=141 Win=65024 Len=1448 TSval=2916034837 TSecr=3045554612 [TCP segment of a reassembled PDU]"
"18167","30.757286169","192.168.1.55","192.168.1.2","TCP","1514","8004  >  50108 [ACK] Seq=228974 Ack=141 Win=65024 Len=1448 TSval=2916034837 TSecr=3045554612 [TCP segment of a reassembled PDU]"
"18168","30.757287114","192.168.1.55","192.168.1.2","TCP","1514","8004  >  50108 [ACK] Seq=230422 Ack=141 Win=65024 Len=1448 TSval=2916034837 TSecr=3045554612 [TCP segment of a reassembled PDU]"
"18169","30.757288151","192.168.1.55","192.168.1.2","TCP","1514","8004  >  50108 [ACK] Seq=231870 Ack=141 Win=65024 Len=1448 TSval=2916034837 TSecr=3045554612 [TCP segment of a reassembled PDU]"
"18170","30.757289354","192.168.1.55","192.168.1.2","TCP","1514","8004  >  50108 [ACK] Seq=233318 Ack=141 Win=65024 Len=1448 TSval=2916034837 TSecr=3045554612 [TCP segment of a reassembled PDU]"
"18171","30.757290317","192.168.1.55","192.168.1.2","TCP","1514","8004  >  50108 [ACK] Seq=234766 Ack=141 Win=65024 Len=1448 TSval=2916034837 TSecr=3045554612 [TCP segment of a reassembled PDU]"
"18172","30.757295206","192.168.1.55","192.168.1.2","TCP","1514","8004  >  50108 [PSH, ACK] Seq=236214 Ack=141 Win=65024 Len=1448 TSval=2916034837 TSecr=3045554612 [TCP segment of a reassembled PDU]"
"18173","30.759132246","192.168.1.2","192.168.1.55","TCP","66","50108  >  8004 [ACK] Seq=141 Ack=211598 Win=90112 Len=0 TSval=3045554612 TSecr=2916034834"
"18174","30.759150709","192.168.1.55","192.168.1.2","TCP","1514","8004  >  50108 [ACK] Seq=237662 Ack=141 Win=65024 Len=1448 TSval=2916034839 TSecr=3045554612 [TCP segment of a reassembled PDU]"
"18175","30.759153191","192.168.1.55","192.168.1.2","TCP","1514","8004  >  50108 [ACK] Seq=239110 Ack=141 Win=65024 Len=1448 TSval=2916034839 TSecr=3045554612 [TCP segment of a reassembled PDU]"
"18176","30.759154357","192.168.1.55","192.168.1.2","TCP","1514","8004  >  50108 [ACK] Seq=240558 Ack=141 Win=65024 Len=1448 TSval=2916034839 TSecr=3045554612 [TCP segment of a reassembled PDU]"
"18177","30.759155376","192.168.1.55","192.168.1.2","TCP","1514","8004  >  50108 [ACK] Seq=242006 Ack=141 Win=65024 Len=1448 TSval=2916034839 TSecr=3045554612 [TCP segment of a reassembled PDU]"
"18178","30.759156765","192.168.1.55","192.168.1.2","TCP","1514","8004  >  50108 [ACK] Seq=243454 Ack=141 Win=65024 Len=1448 TSval=2916034839 TSecr=3045554612 [TCP segment of a reassembled PDU]"
"18179","30.759157783","192.168.1.55","192.168.1.2","TCP","1514","8004  >  50108 [ACK] Seq=244902 Ack=141 Win=65024 Len=1448 TSval=2916034839 TSecr=3045554612 [TCP segment of a reassembled PDU]"
"18180","30.759158728","192.168.1.55","192.168.1.2","TCP","1514","8004  >  50108 [ACK] Seq=246350 Ack=141 Win=65024 Len=1448 TSval=2916034839 TSecr=3045554612 [TCP segment of a reassembled PDU]"
"18181","30.759159802","192.168.1.55","192.168.1.2","TCP","1514","8004  >  50108 [ACK] Seq=247798 Ack=141 Win=65024 Len=1448 TSval=2916034839 TSecr=3045554612 [TCP segment of a reassembled PDU]"
"18182","30.759160820","192.168.1.55","192.168.1.2","TCP","1514","8004  >  50108 [ACK] Seq=249246 Ack=141 Win=65024 Len=1448 TSval=2916034839 TSecr=3045554612 [TCP segment of a reassembled PDU]"
"18183","30.759161765","192.168.1.55","192.168.1.2","TCP","1514","8004  >  50108 [ACK] Seq=250694 Ack=141 Win=65024 Len=1448 TSval=2916034839 TSecr=3045554612 [TCP segment of a reassembled PDU]"
"18184","30.759162672","192.168.1.55","192.168.1.2","TCP","1514","8004  >  50108 [PSH, ACK] Seq=252142 Ack=141 Win=65024 Len=1448 TSval=2916034839 TSecr=3045554612 [TCP segment of a reassembled PDU]"
"18185","30.759631932","192.168.1.2","192.168.1.55","TCP","66","50108  >  8004 [ACK] Seq=141 Ack=213046 Win=90112 Len=0 TSval=3045554614 TSecr=2916034834"
"18186","30.759641266","192.168.1.55","192.168.1.2","TCP","1514","8004  >  50108 [ACK] Seq=253590 Ack=141 Win=65024 Len=1448 TSval=2916034840 TSecr=3045554614 [TCP segment of a reassembled PDU]"
"18187","30.762462381","192.168.1.2","192.168.1.55","TCP","66","50108  >  8004 [ACK] Seq=141 Ack=237662 Win=67584 Len=0 TSval=3045554618 TSecr=2916034837"
"18188","30.762488196","192.168.1.55","192.168.1.2","TCP","1514","8004  >  50108 [ACK] Seq=255038 Ack=141 Win=65024 Len=1448 TSval=2916034843 TSecr=3045554618 [TCP segment of a reassembled PDU]"
"18189","30.762491289","192.168.1.55","192.168.1.2","TCP","1514","8004  >  50108 [ACK] Seq=256486 Ack=141 Win=65024 Len=1448 TSval=2916034843 TSecr=3045554618 [TCP segment of a reassembled PDU]"
"18190","30.762492289","192.168.1.55","192.168.1.2","TCP","1514","8004  >  50108 [ACK] Seq=257934 Ack=141 Win=65024 Len=1448 TSval=2916034843 TSecr=3045554618 [TCP segment of a reassembled PDU]"
"18191","30.762493214","192.168.1.55","192.168.1.2","TCP","1514","8004  >  50108 [ACK] Seq=259382 Ack=141 Win=65024 Len=1448 TSval=2916034843 TSecr=3045554618 [TCP segment of a reassembled PDU]"
"18192","30.762494251","192.168.1.55","192.168.1.2","TCP","1514","8004  >  50108 [ACK] Seq=260830 Ack=141 Win=65024 Len=1448 TSval=2916034843 TSecr=3045554618 [TCP segment of a reassembled PDU]"
"18193","30.762495270","192.168.1.55","192.168.1.2","TCP","1514","8004  >  50108 [ACK] Seq=262278 Ack=141 Win=65024 Len=1448 TSval=2916034843 TSecr=3045554618 [TCP segment of a reassembled PDU]"
"18194","30.762496233","192.168.1.55","192.168.1.2","TCP","1514","8004  >  50108 [ACK] Seq=263726 Ack=141 Win=65024 Len=1448 TSval=2916034843 TSecr=3045554618 [TCP segment of a reassembled PDU]"
"18195","30.762497418","192.168.1.55","192.168.1.2","TCP","1514","8004  >  50108 [ACK] Seq=265174 Ack=141 Win=65024 Len=1448 TSval=2916034843 TSecr=3045554618 [TCP segment of a reassembled PDU]"
"18196","30.762498474","192.168.1.55","192.168.1.2","TCP","1514","8004  >  50108 [ACK] Seq=266622 Ack=141 Win=65024 Len=1448 TSval=2916034843 TSecr=3045554618 [TCP segment of a reassembled PDU]"
"18197","30.762499400","192.168.1.55","192.168.1.2","TCP","1514","8004  >  50108 [ACK] Seq=268070 Ack=141 Win=65024 Len=1448 TSval=2916034843 TSecr=3045554618 [TCP segment of a reassembled PDU]"
"18198","30.762500437","192.168.1.55","192.168.1.2","TCP","1514","8004  >  50108 [ACK] Seq=269518 Ack=141 Win=65024 Len=1448 TSval=2916034843 TSecr=3045554618 [TCP segment of a reassembled PDU]"
"18199","30.762501437","192.168.1.55","192.168.1.2","TCP","1514","8004  >  50108 [ACK] Seq=270966 Ack=141 Win=65024 Len=1448 TSval=2916034843 TSecr=3045554618 [TCP segment of a reassembled PDU]"
"18200","30.762502418","192.168.1.55","192.168.1.2","TCP","1514","8004  >  50108 [ACK] Seq=272414 Ack=141 Win=65024 Len=1448 TSval=2916034843 TSecr=3045554618 [TCP segment of a reassembled PDU]"
"18201","30.762503603","192.168.1.55","192.168.1.2","TCP","1514","8004  >  50108 [ACK] Seq=273862 Ack=141 Win=65024 Len=1448 TSval=2916034843 TSecr=3045554618 [TCP segment of a reassembled PDU]"
"18202","30.762505066","192.168.1.55","192.168.1.2","TCP","1514","8004  >  50108 [PSH, ACK] Seq=275310 Ack=141 Win=65024 Len=1448 TSval=2916034843 TSecr=3045554618 [TCP segment of a reassembled PDU]"
"18203","30.762554678","192.168.1.2","192.168.1.55","TCP","66","50108  >  8004 [ACK] Seq=141 Ack=255038 Win=51200 Len=0 TSval=3045554618 TSecr=2916034839"
"18204","30.762626715","192.168.1.55","192.168.1.2","TCP","1514","8004  >  50108 [ACK] Seq=276758 Ack=141 Win=65024 Len=1448 TSval=2916034843 TSecr=3045554618 [TCP segment of a reassembled PDU]"
"18205","30.762634678","192.168.1.55","192.168.1.2","TCP","1514","8004  >  50108 [ACK] Seq=278206 Ack=141 Win=65024 Len=1448 TSval=2916034843 TSecr=3045554618 [TCP segment of a reassembled PDU]"
"18206","30.762635715","192.168.1.55","192.168.1.2","TCP","1514","8004  >  50108 [ACK] Seq=279654 Ack=141 Win=65024 Len=1448 TSval=2916034843 TSecr=3045554618 [TCP segment of a reassembled PDU]"
"18207","30.762636770","192.168.1.55","192.168.1.2","TCP","1514","8004  >  50108 [ACK] Seq=281102 Ack=141 Win=65024 Len=1448 TSval=2916034843 TSecr=3045554618 [TCP segment of a reassembled PDU]"
"18208","30.762637752","192.168.1.55","192.168.1.2","TCP","1514","8004  >  50108 [ACK] Seq=282550 Ack=141 Win=65024 Len=1448 TSval=2916034843 TSecr=3045554618 [TCP segment of a reassembled PDU]"
"18209","30.762638918","192.168.1.55","192.168.1.2","TCP","1514","8004  >  50108 [ACK] Seq=283998 Ack=141 Win=65024 Len=1448 TSval=2916034843 TSecr=3045554618 [TCP segment of a reassembled PDU]"
"18210","30.762640085","192.168.1.55","192.168.1.2","TCP","1514","8004  >  50108 [ACK] Seq=285446 Ack=141 Win=65024 Len=1448 TSval=2916034843 TSecr=3045554618 [TCP segment of a reassembled PDU]"
"18211","30.762641067","192.168.1.55","192.168.1.2","TCP","1514","8004  >  50108 [ACK] Seq=286894 Ack=141 Win=65024 Len=1448 TSval=2916034843 TSecr=3045554618 [TCP segment of a reassembled PDU]"
"18212","30.762642085","192.168.1.55","192.168.1.2","TCP","1514","8004  >  50108 [ACK] Seq=288342 Ack=141 Win=65024 Len=1448 TSval=2916034843 TSecr=3045554618 [TCP segment of a reassembled PDU]"
"18213","30.762643178","192.168.1.55","192.168.1.2","TCP","1514","8004  >  50108 [ACK] Seq=289790 Ack=141 Win=65024 Len=1448 TSval=2916034843 TSecr=3045554618 [TCP segment of a reassembled PDU]"
"18214","30.762644122","192.168.1.55","192.168.1.2","TCP","1514","8004  >  50108 [ACK] Seq=291238 Ack=141 Win=65024 Len=1448 TSval=2916034843 TSecr=3045554618 [TCP segment of a reassembled PDU]"
"18215","30.762645104","192.168.1.55","192.168.1.2","TCP","1514","8004  >  50108 [ACK] Seq=292686 Ack=141 Win=65024 Len=1448 TSval=2916034843 TSecr=3045554618 [TCP segment of a reassembled PDU]"
"18216","30.762646085","192.168.1.55","192.168.1.2","TCP","1514","8004  >  50108 [ACK] Seq=294134 Ack=141 Win=65024 Len=1448 TSval=2916034843 TSecr=3045554618 [TCP segment of a reassembled PDU]"
"18217","30.762647159","192.168.1.55","192.168.1.2","TCP","1514","8004  >  50108 [ACK] Seq=295582 Ack=141 Win=65024 Len=1448 TSval=2916034843 TSecr=3045554618 [TCP segment of a reassembled PDU]"
"18218","30.762648289","192.168.1.55","192.168.1.2","TCP","1514","8004  >  50108 [PSH, ACK] Seq=297030 Ack=141 Win=65024 Len=1448 TSval=2916034843 TSecr=3045554618 [TCP segment of a reassembled PDU]"
"18219","30.763758568","192.168.1.55","192.168.1.2","TCP","1514","8004  >  50108 [ACK] Seq=298478 Ack=141 Win=65024 Len=1448 TSval=2916034844 TSecr=3045554618 [TCP segment of a reassembled PDU]"
"18220","30.766543665","192.168.1.2","192.168.1.55","TCP","66","50108  >  8004 [ACK] Seq=141 Ack=276758 Win=70656 Len=0 TSval=3045554621 TSecr=2916034843"
"18221","30.766587999","192.168.1.55","192.168.1.2","TCP","1514","8004  >  50108 [ACK] Seq=299926 Ack=141 Win=65024 Len=1448 TSval=2916034847 TSecr=3045554621 [TCP segment of a reassembled PDU]"
"18222","30.766590869","192.168.1.55","192.168.1.2","TCP","1514","8004  >  50108 [ACK] Seq=301374 Ack=141 Win=65024 Len=1448 TSval=2916034847 TSecr=3045554621 [TCP segment of a reassembled PDU]"
"18223","30.766591888","192.168.1.55","192.168.1.2","TCP","1514","8004  >  50108 [ACK] Seq=302822 Ack=141 Win=65024 Len=1448 TSval=2916034847 TSecr=3045554621 [TCP segment of a reassembled PDU]"
"18224","30.766592962","192.168.1.55","192.168.1.2","TCP","1514","8004  >  50108 [ACK] Seq=304270 Ack=141 Win=65024 Len=1448 TSval=2916034847 TSecr=3045554621 [TCP segment of a reassembled PDU]"
"18225","30.766593980","192.168.1.55","192.168.1.2","TCP","1514","8004  >  50108 [ACK] Seq=305718 Ack=141 Win=65024 Len=1448 TSval=2916034847 TSecr=3045554621 [TCP segment of a reassembled PDU]"
"18226","30.766594980","192.168.1.55","192.168.1.2","TCP","1514","8004  >  50108 [ACK] Seq=307166 Ack=141 Win=65024 Len=1448 TSval=2916034847 TSecr=3045554621 [TCP segment of a reassembled PDU]"
"18227","30.766595925","192.168.1.55","192.168.1.2","TCP","1514","8004  >  50108 [ACK] Seq=308614 Ack=141 Win=65024 Len=1448 TSval=2916034847 TSecr=3045554621 [TCP segment of a reassembled PDU]"
"18228","30.766596906","192.168.1.55","192.168.1.2","TCP","1514","8004  >  50108 [ACK] Seq=310062 Ack=141 Win=65024 Len=1448 TSval=2916034847 TSecr=3045554621 [TCP segment of a reassembled PDU]"
"18229","30.766597869","192.168.1.55","192.168.1.2","TCP","1514","8004  >  50108 [ACK] Seq=311510 Ack=141 Win=65024 Len=1448 TSval=2916034847 TSecr=3045554621 [TCP segment of a reassembled PDU]"
"18230","30.766598776","192.168.1.55","192.168.1.2","TCP","1514","8004  >  50108 [ACK] Seq=312958 Ack=141 Win=65024 Len=1448 TSval=2916034847 TSecr=3045554621 [TCP segment of a reassembled PDU]"
"18231","30.766599888","192.168.1.55","192.168.1.2","TCP","1514","8004  >  50108 [ACK] Seq=314406 Ack=141 Win=65024 Len=1448 TSval=2916034847 TSecr=3045554621 [TCP segment of a reassembled PDU]"
"18232","30.766600869","192.168.1.55","192.168.1.2","TCP","1514","8004  >  50108 [ACK] Seq=315854 Ack=141 Win=65024 Len=1448 TSval=2916034847 TSecr=3045554621 [TCP segment of a reassembled PDU]"
"18233","30.766601851","192.168.1.55","192.168.1.2","TCP","1514","8004  >  50108 [ACK] Seq=317302 Ack=141 Win=65024 Len=1448 TSval=2916034847 TSecr=3045554621 [TCP segment of a reassembled PDU]"
"18234","30.766605962","192.168.1.55","192.168.1.2","TCP","1514","8004  >  50108 [ACK] Seq=318750 Ack=141 Win=65024 Len=1448 TSval=2916034847 TSecr=3045554621 [TCP segment of a reassembled PDU]"
"18235","30.766607128","192.168.1.55","192.168.1.2","TCP","1514","8004  >  50108 [PSH, ACK] Seq=320198 Ack=141 Win=65024 Len=1448 TSval=2916034847 TSecr=3045554621 [TCP segment of a reassembled PDU]"
"18236","30.766636536","192.168.1.2","192.168.1.55","TCP","66","50108  >  8004 [ACK] Seq=141 Ack=289790 Win=58368 Len=0 TSval=3045554621 TSecr=2916034843"
"18237","30.768010890","192.168.1.2","192.168.1.55","TCP","66","50108  >  8004 [ACK] Seq=141 Ack=298478 Win=82944 Len=0 TSval=3045554622 TSecr=2916034843"
"18238","30.768031779","192.168.1.55","192.168.1.2","TCP","1514","8004  >  50108 [ACK] Seq=321646 Ack=141 Win=65024 Len=1448 TSval=2916034848 TSecr=3045554622 [TCP segment of a reassembled PDU]"
"18239","30.768033834","192.168.1.55","192.168.1.2","TCP","1514","8004  >  50108 [ACK] Seq=323094 Ack=141 Win=65024 Len=1448 TSval=2916034848 TSecr=3045554622 [TCP segment of a reassembled PDU]"
"18240","30.768034853","192.168.1.55","192.168.1.2","TCP","1514","8004  >  50108 [ACK] Seq=324542 Ack=141 Win=65024 Len=1448 TSval=2916034848 TSecr=3045554622 [TCP segment of a reassembled PDU]"
"18241","30.768035890","192.168.1.55","192.168.1.2","TCP","1514","8004  >  50108 [ACK] Seq=325990 Ack=141 Win=65024 Len=1448 TSval=2916034848 TSecr=3045554622 [TCP segment of a reassembled PDU]"
"18242","30.768036927","192.168.1.55","192.168.1.2","TCP","1514","8004  >  50108 [ACK] Seq=327438 Ack=141 Win=65024 Len=1448 TSval=2916034848 TSecr=3045554622 [TCP segment of a reassembled PDU]"
"18243","30.768037982","192.168.1.55","192.168.1.2","TCP","1514","8004  >  50108 [ACK] Seq=328886 Ack=141 Win=65024 Len=1448 TSval=2916034848 TSecr=3045554622 [TCP segment of a reassembled PDU]"
"18244","30.768039019","192.168.1.55","192.168.1.2","TCP","1514","8004  >  50108 [ACK] Seq=330334 Ack=141 Win=65024 Len=1448 TSval=2916034848 TSecr=3045554622 [TCP segment of a reassembled PDU]"
"18245","30.768039964","192.168.1.55","192.168.1.2","TCP","1514","8004  >  50108 [ACK] Seq=331782 Ack=141 Win=65024 Len=1448 TSval=2916034848 TSecr=3045554622 [TCP segment of a reassembled PDU]"
"18246","30.768041001","192.168.1.55","192.168.1.2","TCP","1514","8004  >  50108 [ACK] Seq=333230 Ack=141 Win=65024 Len=1448 TSval=2916034848 TSecr=3045554622 [TCP segment of a reassembled PDU]"
"18247","30.768041871","192.168.1.55","192.168.1.2","TCP","1514","8004  >  50108 [ACK] Seq=334678 Ack=141 Win=65024 Len=1448 TSval=2916034848 TSecr=3045554622 [TCP segment of a reassembled PDU]"
"18248","30.768042945","192.168.1.55","192.168.1.2","TCP","1514","8004  >  50108 [ACK] Seq=336126 Ack=141 Win=65024 Len=1448 TSval=2916034848 TSecr=3045554622 [TCP segment of a reassembled PDU]"
"18249","30.768043834","192.168.1.55","192.168.1.2","TCP","1514","8004  >  50108 [ACK] Seq=337574 Ack=141 Win=65024 Len=1448 TSval=2916034848 TSecr=3045554622 [TCP segment of a reassembled PDU]"
"18250","30.768044705","192.168.1.55","192.168.1.2","TCP","1514","8004  >  50108 [ACK] Seq=339022 Ack=141 Win=65024 Len=1448 TSval=2916034848 TSecr=3045554622 [TCP segment of a reassembled PDU]"
"18251","30.768045612","192.168.1.55","192.168.1.2","TCP","1514","8004  >  50108 [ACK] Seq=340470 Ack=141 Win=65024 Len=1448 TSval=2916034848 TSecr=3045554622 [TCP segment of a reassembled PDU]"
"18252","30.768046482","192.168.1.55","192.168.1.2","TCP","1514","8004  >  50108 [PSH, ACK] Seq=341918 Ack=141 Win=65024 Len=1448 TSval=2916034848 TSecr=3045554622 [TCP segment of a reassembled PDU]"
"18253","30.769039021","192.168.1.2","192.168.1.55","TCP","66","50108  >  8004 [ACK] Seq=141 Ack=307166 Win=83968 Len=0 TSval=3045554625 TSecr=2916034844"
"18254","30.769075558","192.168.1.55","192.168.1.2","TCP","1514","8004  >  50108 [ACK] Seq=343366 Ack=141 Win=65024 Len=1448 TSval=2916034849 TSecr=3045554625 [TCP segment of a reassembled PDU]"
"18255","30.769079429","192.168.1.55","192.168.1.2","TCP","1514","8004  >  50108 [ACK] Seq=344814 Ack=141 Win=65024 Len=1448 TSval=2916034849 TSecr=3045554625 [TCP segment of a reassembled PDU]"
"18256","30.769080429","192.168.1.55","192.168.1.2","TCP","1514","8004  >  50108 [ACK] Seq=346262 Ack=141 Win=65024 Len=1448 TSval=2916034849 TSecr=3045554625 [TCP segment of a reassembled PDU]"
"18257","30.769081429","192.168.1.55","192.168.1.2","TCP","1514","8004  >  50108 [ACK] Seq=347710 Ack=141 Win=65024 Len=1448 TSval=2916034849 TSecr=3045554625 [TCP segment of a reassembled PDU]"
"18258","30.769082799","192.168.1.55","192.168.1.2","TCP","1514","8004  >  50108 [ACK] Seq=349158 Ack=141 Win=65024 Len=1448 TSval=2916034849 TSecr=3045554625 [TCP segment of a reassembled PDU]"
"18259","30.769083854","192.168.1.55","192.168.1.2","TCP","1514","8004  >  50108 [ACK] Seq=350606 Ack=141 Win=65024 Len=1448 TSval=2916034849 TSecr=3045554625 [TCP segment of a reassembled PDU]"
"18260","30.769084817","192.168.1.55","192.168.1.2","TCP","1514","8004  >  50108 [ACK] Seq=352054 Ack=141 Win=65024 Len=1448 TSval=2916034849 TSecr=3045554625 [TCP segment of a reassembled PDU]"
"18261","30.769085706","192.168.1.55","192.168.1.2","TCP","1514","8004  >  50108 [PSH, ACK] Seq=353502 Ack=141 Win=65024 Len=1448 TSval=2916034849 TSecr=3045554625 [TCP segment of a reassembled PDU]"
"18262","30.770873968","192.168.1.2","192.168.1.55","TCP","66","50108  >  8004 [ACK] Seq=141 Ack=314406 Win=76800 Len=0 TSval=3045554625 TSecr=2916034847"
"18263","30.770969617","192.168.1.55","192.168.1.2","TCP","1514","8004  >  50108 [ACK] Seq=354950 Ack=141 Win=65024 Len=1448 TSval=2916034851 TSecr=3045554625 [TCP segment of a reassembled PDU]"
"18264","30.770975154","192.168.1.55","192.168.1.2","TCP","1514","8004  >  50108 [ACK] Seq=356398 Ack=141 Win=65024 Len=1448 TSval=2916034851 TSecr=3045554625 [TCP segment of a reassembled PDU]"
"18265","30.770976617","192.168.1.55","192.168.1.2","TCP","1514","8004  >  50108 [ACK] Seq=357846 Ack=141 Win=65024 Len=1448 TSval=2916034851 TSecr=3045554625 [TCP segment of a reassembled PDU]"
"18266","30.770977654","192.168.1.55","192.168.1.2","TCP","1514","8004  >  50108 [ACK] Seq=359294 Ack=141 Win=65024 Len=1448 TSval=2916034851 TSecr=3045554625 [TCP segment of a reassembled PDU]"
"18267","30.770979487","192.168.1.55","192.168.1.2","TCP","1514","8004  >  50108 [PSH, ACK] Seq=360742 Ack=141 Win=65024 Len=1448 TSval=2916034851 TSecr=3045554625 [TCP segment of a reassembled PDU]"
"18268","30.773590658","192.168.1.2","192.168.1.55","TCP","66","50108  >  8004 [ACK] Seq=141 Ack=321646 Win=88064 Len=0 TSval=3045554629 TSecr=2916034847"
"18269","30.773666991","192.168.1.55","192.168.1.2","TCP","1514","8004  >  50108 [ACK] Seq=362190 Ack=141 Win=65024 Len=1448 TSval=2916034854 TSecr=3045554629 [TCP segment of a reassembled PDU]"
"18270","30.773673473","192.168.1.55","192.168.1.2","TCP","1514","8004  >  50108 [ACK] Seq=363638 Ack=141 Win=65024 Len=1448 TSval=2916034854 TSecr=3045554629 [TCP segment of a reassembled PDU]"
"18271","30.773682417","192.168.1.55","192.168.1.2","TCP","1514","8004  >  50108 [ACK] Seq=365086 Ack=141 Win=65024 Len=1448 TSval=2916034854 TSecr=3045554629 [TCP segment of a reassembled PDU]"
"18272","30.773685602","192.168.1.55","192.168.1.2","TCP","1514","8004  >  50108 [ACK] Seq=366534 Ack=141 Win=65024 Len=1448 TSval=2916034854 TSecr=3045554629 [TCP segment of a reassembled PDU]"
"18273","30.773686769","192.168.1.55","192.168.1.2","TCP","1514","8004  >  50108 [PSH, ACK] Seq=367982 Ack=141 Win=65024 Len=1448 TSval=2916034854 TSecr=3045554629 [TCP segment of a reassembled PDU]"
"18274","30.773722343","192.168.1.2","192.168.1.55","TCP","66","50108  >  8004 [ACK] Seq=141 Ack=343366 Win=66560 Len=0 TSval=3045554629 TSecr=2916034848"
"18275","30.773764417","192.168.1.55","192.168.1.2","TCP","1514","8004  >  50108 [ACK] Seq=369430 Ack=141 Win=65024 Len=1448 TSval=2916034854 TSecr=3045554629 [TCP segment of a reassembled PDU]"
"18276","30.773766917","192.168.1.55","192.168.1.2","TCP","1514","8004  >  50108 [ACK] Seq=370878 Ack=141 Win=65024 Len=1448 TSval=2916034854 TSecr=3045554629 [TCP segment of a reassembled PDU]"
"18277","30.773768140","192.168.1.55","192.168.1.2","TCP","1514","8004  >  50108 [ACK] Seq=372326 Ack=141 Win=65024 Len=1448 TSval=2916034854 TSecr=3045554629 [TCP segment of a reassembled PDU]"
"18278","30.773769306","192.168.1.55","192.168.1.2","TCP","1514","8004  >  50108 [ACK] Seq=373774 Ack=141 Win=65024 Len=1448 TSval=2916034854 TSecr=3045554629 [TCP segment of a reassembled PDU]"
"18279","30.773770288","192.168.1.55","192.168.1.2","TCP","1514","8004  >  50108 [ACK] Seq=375222 Ack=141 Win=65024 Len=1448 TSval=2916034854 TSecr=3045554629 [TCP segment of a reassembled PDU]"
"18280","30.773771899","192.168.1.55","192.168.1.2","TCP","1514","8004  >  50108 [ACK] Seq=376670 Ack=141 Win=65024 Len=1448 TSval=2916034854 TSecr=3045554629 [TCP segment of a reassembled PDU]"
"18281","30.773773566","192.168.1.55","192.168.1.2","TCP","1514","8004  >  50108 [ACK] Seq=378118 Ack=141 Win=65024 Len=1448 TSval=2916034854 TSecr=3045554629 [TCP segment of a reassembled PDU]"
"18282","30.773775695","192.168.1.55","192.168.1.2","TCP","1514","8004  >  50108 [ACK] Seq=379566 Ack=141 Win=65024 Len=1448 TSval=2916034854 TSecr=3045554629 [TCP segment of a reassembled PDU]"
"18283","30.773777232","192.168.1.55","192.168.1.2","TCP","1514","8004  >  50108 [ACK] Seq=381014 Ack=141 Win=65024 Len=1448 TSval=2916034854 TSecr=3045554629 [TCP segment of a reassembled PDU]"
"18284","30.773778325","192.168.1.55","192.168.1.2","TCP","1514","8004  >  50108 [ACK] Seq=382462 Ack=141 Win=65024 Len=1448 TSval=2916034854 TSecr=3045554629 [TCP segment of a reassembled PDU]"
"18285","30.773779547","192.168.1.55","192.168.1.2","TCP","1514","8004  >  50108 [ACK] Seq=383910 Ack=141 Win=65024 Len=1448 TSval=2916034854 TSecr=3045554629 [TCP segment of a reassembled PDU]"
"18286","30.773780714","192.168.1.55","192.168.1.2","TCP","1514","8004  >  50108 [ACK] Seq=385358 Ack=141 Win=65024 Len=1448 TSval=2916034854 TSecr=3045554629 [TCP segment of a reassembled PDU]"
"18287","30.773781714","192.168.1.55","192.168.1.2","TCP","1514","8004  >  50108 [PSH, ACK] Seq=386806 Ack=141 Win=65024 Len=1448 TSval=2916034854 TSecr=3045554629 [TCP segment of a reassembled PDU]"
"18288","30.774570030","192.168.1.2","192.168.1.55","TCP","66","50108  >  8004 [ACK] Seq=141 Ack=354950 Win=55296 Len=0 TSval=3045554629 TSecr=2916034849"
"18289","30.774615159","192.168.1.2","192.168.1.55","TCP","66","50108  >  8004 [ACK] Seq=141 Ack=362190 Win=55296 Len=0 TSval=3045554629 TSecr=2916034851"
"18290","30.774658734","192.168.1.55","192.168.1.2","TCP","1514","8004  >  50108 [ACK] Seq=388254 Ack=141 Win=65024 Len=1448 TSval=2916034855 TSecr=3045554629 [TCP segment of a reassembled PDU]"
"18291","30.774663567","192.168.1.55","192.168.1.2","TCP","1514","8004  >  50108 [ACK] Seq=389702 Ack=141 Win=65024 Len=1448 TSval=2916034855 TSecr=3045554629 [TCP segment of a reassembled PDU]"
"18292","30.774665178","192.168.1.55","192.168.1.2","TCP","1514","8004  >  50108 [ACK] Seq=391150 Ack=141 Win=65024 Len=1448 TSval=2916034855 TSecr=3045554629 [TCP segment of a reassembled PDU]"
"18293","30.774666382","192.168.1.55","192.168.1.2","TCP","1514","8004  >  50108 [ACK] Seq=392598 Ack=141 Win=65024 Len=1448 TSval=2916034855 TSecr=3045554629 [TCP segment of a reassembled PDU]"
"18294","30.774667456","192.168.1.55","192.168.1.2","TCP","1514","8004  >  50108 [ACK] Seq=394046 Ack=141 Win=65024 Len=1448 TSval=2916034855 TSecr=3045554629 [TCP segment of a reassembled PDU]"
"18295","30.774668863","192.168.1.55","192.168.1.2","TCP","1514","8004  >  50108 [ACK] Seq=395494 Ack=141 Win=65024 Len=1448 TSval=2916034855 TSecr=3045554629 [TCP segment of a reassembled PDU]"
"18296","30.774670141","192.168.1.55","192.168.1.2","TCP","1514","8004  >  50108 [ACK] Seq=396942 Ack=141 Win=65024 Len=1448 TSval=2916034855 TSecr=3045554629 [TCP segment of a reassembled PDU]"
"18297","30.774671956","192.168.1.55","192.168.1.2","TCP","1514","8004  >  50108 [ACK] Seq=398390 Ack=141 Win=65024 Len=1448 TSval=2916034855 TSecr=3045554629 [TCP segment of a reassembled PDU]"
"18298","30.774673548","192.168.1.55","192.168.1.2","TCP","1514","8004  >  50108 [ACK] Seq=399838 Ack=141 Win=65024 Len=1448 TSval=2916034855 TSecr=3045554629 [TCP segment of a reassembled PDU]"
"18299","30.774675308","192.168.1.55","192.168.1.2","TCP","1514","8004  >  50108 [ACK] Seq=401286 Ack=141 Win=65024 Len=1448 TSval=2916034855 TSecr=3045554629 [TCP segment of a reassembled PDU]"
"18300","30.774677067","192.168.1.55","192.168.1.2","TCP","1514","8004  >  50108 [ACK] Seq=402734 Ack=141 Win=65024 Len=1448 TSval=2916034855 TSecr=3045554629 [TCP segment of a reassembled PDU]"
"18301","30.774678437","192.168.1.55","192.168.1.2","TCP","1514","8004  >  50108 [ACK] Seq=404182 Ack=141 Win=65024 Len=1448 TSval=2916034855 TSecr=3045554629 [TCP segment of a reassembled PDU]"
"18302","30.774680715","192.168.1.55","192.168.1.2","TCP","1514","8004  >  50108 [ACK] Seq=405630 Ack=141 Win=65024 Len=1448 TSval=2916034855 TSecr=3045554629 [TCP segment of a reassembled PDU]"
"18303","30.774681993","192.168.1.55","192.168.1.2","TCP","1514","8004  >  50108 [ACK] Seq=407078 Ack=141 Win=65024 Len=1448 TSval=2916034855 TSecr=3045554629 [TCP segment of a reassembled PDU]"
"18304","30.774684252","192.168.1.55","192.168.1.2","TCP","1514","8004  >  50108 [ACK] Seq=408526 Ack=141 Win=65024 Len=1448 TSval=2916034855 TSecr=3045554629 [TCP segment of a reassembled PDU]"
"18305","30.774685604","192.168.1.55","192.168.1.2","TCP","1514","8004  >  50108 [PSH, ACK] Seq=409974 Ack=141 Win=65024 Len=1448 TSval=2916034855 TSecr=3045554629 [TCP segment of a reassembled PDU]"
"18306","30.777546942","192.168.1.2","192.168.1.55","TCP","66","50108  >  8004 [ACK] Seq=141 Ack=369430 Win=83968 Len=0 TSval=3045554633 TSecr=2916034854"
"18307","30.777580072","192.168.1.55","192.168.1.2","TCP","1514","8004  >  50108 [ACK] Seq=411422 Ack=141 Win=65024 Len=1448 TSval=2916034858 TSecr=3045554633 [TCP segment of a reassembled PDU]"
"18308","30.777583535","192.168.1.55","192.168.1.2","TCP","1514","8004  >  50108 [ACK] Seq=412870 Ack=141 Win=65024 Len=1448 TSval=2916034858 TSecr=3045554633 [TCP segment of a reassembled PDU]"
"18309","30.777584683","192.168.1.55","192.168.1.2","TCP","1514","8004  >  50108 [ACK] Seq=414318 Ack=141 Win=65024 Len=1448 TSval=2916034858 TSecr=3045554633 [TCP segment of a reassembled PDU]"
"18310","30.777586683","192.168.1.55","192.168.1.2","TCP","1514","8004  >  50108 [ACK] Seq=415766 Ack=141 Win=65024 Len=1448 TSval=2916034858 TSecr=3045554633 [TCP segment of a reassembled PDU]"
"18311","30.777588368","192.168.1.55","192.168.1.2","TCP","1514","8004  >  50108 [ACK] Seq=417214 Ack=141 Win=65024 Len=1448 TSval=2916034858 TSecr=3045554633 [TCP segment of a reassembled PDU]"
"18312","30.777589979","192.168.1.55","192.168.1.2","TCP","1514","8004  >  50108 [PSH, ACK] Seq=418662 Ack=141 Win=65024 Len=1448 TSval=2916034858 TSecr=3045554633 [TCP segment of a reassembled PDU]"
"18313","30.777617349","192.168.1.2","192.168.1.55","TCP","66","50108  >  8004 [ACK] Seq=141 Ack=372326 Win=92160 Len=0 TSval=3045554633 TSecr=2916034854"
"18314","30.778105628","192.168.1.2","192.168.1.55","TCP","66","50108  >  8004 [ACK] Seq=141 Ack=388254 Win=91136 Len=0 TSval=3045554633 TSecr=2916034854"
"18315","30.778121387","192.168.1.55","192.168.1.2","TCP","1514","8004  >  50108 [ACK] Seq=420110 Ack=141 Win=65024 Len=1448 TSval=2916034858 TSecr=3045554633 [TCP segment of a reassembled PDU]"
"18316","30.778123498","192.168.1.55","192.168.1.2","TCP","1514","8004  >  50108 [ACK] Seq=421558 Ack=141 Win=65024 Len=1448 TSval=2916034858 TSecr=3045554633 [TCP segment of a reassembled PDU]"
"18317","30.778124739","192.168.1.55","192.168.1.2","TCP","1514","8004  >  50108 [ACK] Seq=423006 Ack=141 Win=65024 Len=1448 TSval=2916034858 TSecr=3045554633 [TCP segment of a reassembled PDU]"
"18318","30.778125758","192.168.1.55","192.168.1.2","TCP","1514","8004  >  50108 [ACK] Seq=424454 Ack=141 Win=65024 Len=1448 TSval=2916034858 TSecr=3045554633 [TCP segment of a reassembled PDU]"
"18319","30.778127035","192.168.1.55","192.168.1.2","TCP","1514","8004  >  50108 [ACK] Seq=425902 Ack=141 Win=65024 Len=1448 TSval=2916034858 TSecr=3045554633 [TCP segment of a reassembled PDU]"
"18320","30.778128054","192.168.1.55","192.168.1.2","TCP","1514","8004  >  50108 [ACK] Seq=427350 Ack=141 Win=65024 Len=1448 TSval=2916034858 TSecr=3045554633 [TCP segment of a reassembled PDU]"
"18321","30.778129406","192.168.1.55","192.168.1.2","TCP","1514","8004  >  50108 [ACK] Seq=428798 Ack=141 Win=65024 Len=1448 TSval=2916034858 TSecr=3045554633 [TCP segment of a reassembled PDU]"
"18322","30.778131906","192.168.1.55","192.168.1.2","TCP","1514","8004  >  50108 [ACK] Seq=430246 Ack=141 Win=65024 Len=1448 TSval=2916034858 TSecr=3045554633 [TCP segment of a reassembled PDU]"
"18323","30.778133461","192.168.1.55","192.168.1.2","TCP","1514","8004  >  50108 [PSH, ACK] Seq=431694 Ack=141 Win=65024 Len=1448 TSval=2916034858 TSecr=3045554633 [TCP segment of a reassembled PDU]"
"18324","30.778546592","192.168.1.2","192.168.1.55","TCP","66","50108  >  8004 [ACK] Seq=141 Ack=411422 Win=82944 Len=0 TSval=3045554633 TSecr=2916034855"
"18325","30.778572092","192.168.1.55","192.168.1.2","TCP","1514","8004  >  50108 [ACK] Seq=433142 Ack=141 Win=65024 Len=1448 TSval=2916034859 TSecr=3045554633 [TCP segment of a reassembled PDU]"
"18326","30.778574166","192.168.1.55","192.168.1.2","TCP","1514","8004  >  50108 [ACK] Seq=434590 Ack=141 Win=65024 Len=1448 TSval=2916034859 TSecr=3045554633 [TCP segment of a reassembled PDU]"
"18327","30.778575740","192.168.1.55","192.168.1.2","TCP","1514","8004  >  50108 [ACK] Seq=436038 Ack=141 Win=65024 Len=1448 TSval=2916034859 TSecr=3045554633 [TCP segment of a reassembled PDU]"
"18328","30.778577203","192.168.1.55","192.168.1.2","TCP","1514","8004  >  50108 [ACK] Seq=437486 Ack=141 Win=65024 Len=1448 TSval=2916034859 TSecr=3045554633 [TCP segment of a reassembled PDU]"
"18329","30.778579814","192.168.1.55","192.168.1.2","TCP","1514","8004  >  50108 [ACK] Seq=438934 Ack=141 Win=65024 Len=1448 TSval=2916034859 TSecr=3045554633 [TCP segment of a reassembled PDU]"
"18330","30.778581647","192.168.1.55","192.168.1.2","TCP","1514","8004  >  50108 [ACK] Seq=440382 Ack=141 Win=65024 Len=1448 TSval=2916034859 TSecr=3045554633 [TCP segment of a reassembled PDU]"
"18331","30.778583092","192.168.1.55","192.168.1.2","TCP","1514","8004  >  50108 [ACK] Seq=441830 Ack=141 Win=65024 Len=1448 TSval=2916034859 TSecr=3045554633 [TCP segment of a reassembled PDU]"
"18332","30.778584462","192.168.1.55","192.168.1.2","TCP","1514","8004  >  50108 [ACK] Seq=443278 Ack=141 Win=65024 Len=1448 TSval=2916034859 TSecr=3045554633 [TCP segment of a reassembled PDU]"
"18333","30.778586295","192.168.1.55","192.168.1.2","TCP","1514","8004  >  50108 [ACK] Seq=444726 Ack=141 Win=65024 Len=1448 TSval=2916034859 TSecr=3045554633 [TCP segment of a reassembled PDU]"
"18334","30.778587906","192.168.1.55","192.168.1.2","TCP","1514","8004  >  50108 [ACK] Seq=446174 Ack=141 Win=65024 Len=1448 TSval=2916034859 TSecr=3045554633 [TCP segment of a reassembled PDU]"
"18335","30.778589110","192.168.1.55","192.168.1.2","TCP","1514","8004  >  50108 [ACK] Seq=447622 Ack=141 Win=65024 Len=1448 TSval=2916034859 TSecr=3045554633 [TCP segment of a reassembled PDU]"
"18336","30.778590425","192.168.1.55","192.168.1.2","TCP","1514","8004  >  50108 [ACK] Seq=449070 Ack=141 Win=65024 Len=1448 TSval=2916034859 TSecr=3045554633 [TCP segment of a reassembled PDU]"
"18337","30.778591869","192.168.1.55","192.168.1.2","TCP","1514","8004  >  50108 [ACK] Seq=450518 Ack=141 Win=65024 Len=1448 TSval=2916034859 TSecr=3045554633 [TCP segment of a reassembled PDU]"
"18338","30.778594184","192.168.1.55","192.168.1.2","TCP","1514","8004  >  50108 [ACK] Seq=451966 Ack=141 Win=65024 Len=1448 TSval=2916034859 TSecr=3045554633 [TCP segment of a reassembled PDU]"
"18339","30.778595666","192.168.1.55","192.168.1.2","TCP","1514","8004  >  50108 [ACK] Seq=453414 Ack=141 Win=65024 Len=1448 TSval=2916034859 TSecr=3045554633 [TCP segment of a reassembled PDU]"
"18340","30.778596944","192.168.1.55","192.168.1.2","TCP","1514","8004  >  50108 [ACK] Seq=454862 Ack=141 Win=65024 Len=1448 TSval=2916034859 TSecr=3045554633 [TCP segment of a reassembled PDU]"
"18341","30.778599444","192.168.1.55","192.168.1.2","TCP","1514","8004  >  50108 [ACK] Seq=456310 Ack=141 Win=65024 Len=1448 TSval=2916034859 TSecr=3045554633 [TCP segment of a reassembled PDU]"
"18342","30.778600999","192.168.1.55","192.168.1.2","TCP","1514","8004  >  50108 [PSH, ACK] Seq=457758 Ack=141 Win=65024 Len=1448 TSval=2916034859 TSecr=3045554633 [TCP segment of a reassembled PDU]"
"18343","30.779296741","192.168.1.55","192.168.1.2","TCP","1514","8004  >  50108 [ACK] Seq=459206 Ack=141 Win=65024 Len=1448 TSval=2916034859 TSecr=3045554633 [TCP segment of a reassembled PDU]"
"18344","30.779299759","192.168.1.55","192.168.1.2","TCP","1514","8004  >  50108 [ACK] Seq=460654 Ack=141 Win=65024 Len=1448 TSval=2916034859 TSecr=3045554633 [TCP segment of a reassembled PDU]"
"18345","30.779301259","192.168.1.55","192.168.1.2","TCP","1514","8004  >  50108 [PSH, ACK] Seq=462102 Ack=141 Win=65024 Len=1448 TSval=2916034859 TSecr=3045554633 [TCP segment of a reassembled PDU]"
"18346","30.781979949","192.168.1.2","192.168.1.55","TCP","66","50108  >  8004 [ACK] Seq=141 Ack=420110 Win=96256 Len=0 TSval=3045554637 TSecr=2916034858"
"18347","30.782015986","192.168.1.55","192.168.1.2","TCP","1514","8004  >  50108 [ACK] Seq=463550 Ack=141 Win=65024 Len=1448 TSval=2916034862 TSecr=3045554637 [TCP segment of a reassembled PDU]"
"18348","30.782019023","192.168.1.55","192.168.1.2","TCP","1514","8004  >  50108 [ACK] Seq=464998 Ack=141 Win=65024 Len=1448 TSval=2916034862 TSecr=3045554637 [TCP segment of a reassembled PDU]"
"18349","30.782020282","192.168.1.55","192.168.1.2","TCP","1514","8004  >  50108 [ACK] Seq=466446 Ack=141 Win=65024 Len=1448 TSval=2916034862 TSecr=3045554637 [TCP segment of a reassembled PDU]"
"18350","30.782022319","192.168.1.55","192.168.1.2","TCP","1514","8004  >  50108 [ACK] Seq=467894 Ack=141 Win=65024 Len=1448 TSval=2916034862 TSecr=3045554637 [TCP segment of a reassembled PDU]"
"18351","30.782023782","192.168.1.55","192.168.1.2","TCP","1514","8004  >  50108 [ACK] Seq=469342 Ack=141 Win=65024 Len=1448 TSval=2916034862 TSecr=3045554637 [TCP segment of a reassembled PDU]"
"18352","30.782024893","192.168.1.55","192.168.1.2","TCP","1514","8004  >  50108 [PSH, ACK] Seq=470790 Ack=141 Win=65024 Len=1448 TSval=2916034862 TSecr=3045554637 [TCP segment of a reassembled PDU]"
"18353","30.782075819","192.168.1.2","192.168.1.55","TCP","66","50108  >  8004 [ACK] Seq=141 Ack=438934 Win=77824 Len=0 TSval=3045554637 TSecr=2916034858"
"18354","30.782089412","192.168.1.55","192.168.1.2","TCP","1514","8004  >  50108 [ACK] Seq=472238 Ack=141 Win=65024 Len=1448 TSval=2916034862 TSecr=3045554637 [TCP segment of a reassembled PDU]"
"18355","30.782092005","192.168.1.55","192.168.1.2","TCP","1514","8004  >  50108 [ACK] Seq=473686 Ack=141 Win=65024 Len=1448 TSval=2916034862 TSecr=3045554637 [TCP segment of a reassembled PDU]"
"18356","30.782093579","192.168.1.55","192.168.1.2","TCP","1514","8004  >  50108 [ACK] Seq=475134 Ack=141 Win=65024 Len=1448 TSval=2916034862 TSecr=3045554637 [TCP segment of a reassembled PDU]"
"18357","30.782094579","192.168.1.55","192.168.1.2","TCP","1514","8004  >  50108 [PSH, ACK] Seq=476582 Ack=141 Win=65024 Len=1448 TSval=2916034862 TSecr=3045554637 [TCP segment of a reassembled PDU]"
"18358","30.783369562","192.168.1.2","192.168.1.55","TCP","66","50108  >  8004 [ACK] Seq=141 Ack=459206 Win=87040 Len=0 TSval=3045554638 TSecr=2916034859"
"18359","30.783392025","192.168.1.55","192.168.1.2","TCP","1514","8004  >  50108 [ACK] Seq=478030 Ack=141 Win=65024 Len=1448 TSval=2916034864 TSecr=3045554638 [TCP segment of a reassembled PDU]"
"18360","30.783395025","192.168.1.55","192.168.1.2","TCP","1514","8004  >  50108 [ACK] Seq=479478 Ack=141 Win=65024 Len=1448 TSval=2916034864 TSecr=3045554638 [TCP segment of a reassembled PDU]"
"18361","30.783396896","192.168.1.55","192.168.1.2","TCP","1514","8004  >  50108 [ACK] Seq=480926 Ack=141 Win=65024 Len=1448 TSval=2916034864 TSecr=3045554638 [TCP segment of a reassembled PDU]"
"18362","30.783398525","192.168.1.55","192.168.1.2","TCP","1514","8004  >  50108 [ACK] Seq=482374 Ack=141 Win=65024 Len=1448 TSval=2916034864 TSecr=3045554638 [TCP segment of a reassembled PDU]"
"18363","30.783399803","192.168.1.55","192.168.1.2","TCP","1514","8004  >  50108 [ACK] Seq=483822 Ack=141 Win=65024 Len=1448 TSval=2916034864 TSecr=3045554638 [TCP segment of a reassembled PDU]"
"18364","30.783401840","192.168.1.55","192.168.1.2","TCP","1514","8004  >  50108 [ACK] Seq=485270 Ack=141 Win=65024 Len=1448 TSval=2916034864 TSecr=3045554638 [TCP segment of a reassembled PDU]"
"18365","30.783403358","192.168.1.55","192.168.1.2","TCP","1514","8004  >  50108 [ACK] Seq=486718 Ack=141 Win=65024 Len=1448 TSval=2916034864 TSecr=3045554638 [TCP segment of a reassembled PDU]"
"18366","30.783404396","192.168.1.55","192.168.1.2","TCP","1514","8004  >  50108 [ACK] Seq=488166 Ack=141 Win=65024 Len=1448 TSval=2916034864 TSecr=3045554638 [TCP segment of a reassembled PDU]"
"18367","30.783405858","192.168.1.55","192.168.1.2","TCP","1514","8004  >  50108 [ACK] Seq=489614 Ack=141 Win=65024 Len=1448 TSval=2916034864 TSecr=3045554638 [TCP segment of a reassembled PDU]"
"18368","30.783407784","192.168.1.55","192.168.1.2","TCP","1514","8004  >  50108 [ACK] Seq=491062 Ack=141 Win=65024 Len=1448 TSval=2916034864 TSecr=3045554638 [TCP segment of a reassembled PDU]"
"18369","30.783409673","192.168.1.55","192.168.1.2","TCP","1514","8004  >  50108 [ACK] Seq=492510 Ack=141 Win=65024 Len=1448 TSval=2916034864 TSecr=3045554638 [TCP segment of a reassembled PDU]"
"18370","30.783410673","192.168.1.55","192.168.1.2","TCP","1514","8004  >  50108 [ACK] Seq=493958 Ack=141 Win=65024 Len=1448 TSval=2916034864 TSecr=3045554638 [TCP segment of a reassembled PDU]"
"18371","30.783411877","192.168.1.55","192.168.1.2","TCP","1514","8004  >  50108 [ACK] Seq=495406 Ack=141 Win=65024 Len=1448 TSval=2916034864 TSecr=3045554638 [TCP segment of a reassembled PDU]"
"18372","30.783413414","192.168.1.55","192.168.1.2","TCP","1514","8004  >  50108 [ACK] Seq=496854 Ack=141 Win=65024 Len=1448 TSval=2916034864 TSecr=3045554638 [TCP segment of a reassembled PDU]"
"18373","30.783414710","192.168.1.55","192.168.1.2","HTTP","1472","HTTP/1.0 200 OK  (PNG)"
"18374","30.783468581","192.168.1.2","192.168.1.55","TCP","66","50108  >  8004 [ACK] Seq=141 Ack=462102 Win=99328 Len=0 TSval=3045554639 TSecr=2916034859"
"18375","30.783475544","192.168.1.2","192.168.1.55","TCP","66","50108  >  8004 [ACK] Seq=141 Ack=463550 Win=101376 Len=0 TSval=3045554639 TSecr=2916034859"
"18376","30.786716253","192.168.1.2","192.168.1.55","TCP","66","50108  >  8004 [ACK] Seq=141 Ack=470790 Win=97280 Len=0 TSval=3045554640 TSecr=2916034862"
"18377","30.788038995","192.168.1.2","192.168.1.55","TCP","66","50108  >  8004 [ACK] Seq=141 Ack=472238 Win=102400 Len=0 TSval=3045554643 TSecr=2916034862"
"18378","30.788166107","192.168.1.2","192.168.1.55","TCP","66","50108  >  8004 [ACK] Seq=141 Ack=478030 Win=97280 Len=0 TSval=3045554643 TSecr=2916034862"
"18379","30.788171940","192.168.1.2","192.168.1.55","TCP","66","50108  >  8004 [ACK] Seq=141 Ack=498302 Win=83968 Len=0 TSval=3045554643 TSecr=2916034864"
"18380","30.788997182","192.168.1.2","192.168.1.55","TCP","66","50108  >  8004 [FIN, ACK] Seq=141 Ack=499709 Win=102400 Len=0 TSval=3045554643 TSecr=2916034864"
"18381","30.789011145","192.168.1.55","192.168.1.2","TCP","66","8004  >  50108 [ACK] Seq=499709 Ack=142 Win=65024 Len=0 TSval=2916034869 TSecr=3045554643"
"18382","30.789119682","192.168.1.2","192.168.1.55","TCP","74","50110  >  8004 [SYN] Seq=0 Win=64240 Len=0 MSS=1460 SACK_PERM TSval=3045554644 TSecr=0 WS=1024"
"18383","30.789143497","192.168.1.55","192.168.1.2","TCP","74","8004  >  50110 [SYN, ACK] Seq=0 Ack=1 Win=65160 Len=0 MSS=1460 SACK_PERM TSval=2916034869 TSecr=3045554644 WS=128"
"18384","30.792308428","192.168.1.2","192.168.1.55","TCP","66","50110  >  8004 [ACK] Seq=1 Ack=1 Win=64512 Len=0 TSval=3045554647 TSecr=2916034869"
"18385","30.795519803","192.168.1.2","192.168.1.55","HTTP","209","GET /original_benchmark.png HTTP/1.1 "
"18386","30.795531433","192.168.1.55","192.168.1.2","TCP","66","8004  >  50110 [ACK] Seq=1 Ack=144 Win=65024 Len=0 TSval=2916034876 TSecr=3045554647"
"18387","30.796012601","192.168.1.55","192.168.1.2","TCP","255","8004  >  50110 [PSH, ACK] Seq=1 Ack=144 Win=65024 Len=189 TSval=2916034876 TSecr=3045554647 [TCP segment of a reassembled PDU]"
"18388","30.796098656","192.168.1.55","192.168.1.2","TCP","1514","8004  >  50110 [ACK] Seq=190 Ack=144 Win=65024 Len=1448 TSval=2916034876 TSecr=3045554647 [TCP segment of a reassembled PDU]"
"18389","30.796103119","192.168.1.55","192.168.1.2","TCP","1514","8004  >  50110 [ACK] Seq=1638 Ack=144 Win=65024 Len=1448 TSval=2916034876 TSecr=3045554647 [TCP segment of a reassembled PDU]"
"18390","30.796104564","192.168.1.55","192.168.1.2","TCP","1514","8004  >  50110 [ACK] Seq=3086 Ack=144 Win=65024 Len=1448 TSval=2916034876 TSecr=3045554647 [TCP segment of a reassembled PDU]"
"18391","30.796106045","192.168.1.55","192.168.1.2","TCP","1514","8004  >  50110 [ACK] Seq=4534 Ack=144 Win=65024 Len=1448 TSval=2916034876 TSecr=3045554647 [TCP segment of a reassembled PDU]"
"18392","30.796107453","192.168.1.55","192.168.1.2","TCP","1514","8004  >  50110 [PSH, ACK] Seq=5982 Ack=144 Win=65024 Len=1448 TSval=2916034876 TSecr=3045554647 [TCP segment of a reassembled PDU]"
"18393","30.796125564","192.168.1.55","192.168.1.2","TCP","1514","8004  >  50110 [ACK] Seq=7430 Ack=144 Win=65024 Len=1448 TSval=2916034876 TSecr=3045554647 [TCP segment of a reassembled PDU]"
"18394","30.796127582","192.168.1.55","192.168.1.2","TCP","1514","8004  >  50110 [ACK] Seq=8878 Ack=144 Win=65024 Len=1448 TSval=2916034876 TSecr=3045554647 [TCP segment of a reassembled PDU]"
"18395","30.796128879","192.168.1.55","192.168.1.2","TCP","1514","8004  >  50110 [ACK] Seq=10326 Ack=144 Win=65024 Len=1448 TSval=2916034876 TSecr=3045554647 [TCP segment of a reassembled PDU]"
"18396","30.796130156","192.168.1.55","192.168.1.2","TCP","1514","8004  >  50110 [PSH, ACK] Seq=11774 Ack=144 Win=65024 Len=1448 TSval=2916034876 TSecr=3045554647 [TCP segment of a reassembled PDU]"
"18397","30.799492328","192.168.1.2","192.168.1.55","TCP","66","50110  >  8004 [ACK] Seq=144 Ack=190 Win=64512 Len=0 TSval=3045554654 TSecr=2916034876"
"18398","30.799615032","192.168.1.55","192.168.1.2","TCP","1514","8004  >  50110 [ACK] Seq=13222 Ack=144 Win=65024 Len=1448 TSval=2916034880 TSecr=3045554654 [TCP segment of a reassembled PDU]"
"18399","30.799628310","192.168.1.55","192.168.1.2","TCP","1514","8004  >  50110 [PSH, ACK] Seq=14670 Ack=144 Win=65024 Len=1448 TSval=2916034880 TSecr=3045554654 [TCP segment of a reassembled PDU]"
"18400","30.799784755","192.168.1.2","192.168.1.55","TCP","66","50110  >  8004 [ACK] Seq=144 Ack=5982 Win=76800 Len=0 TSval=3045554654 TSecr=2916034876"
"18401","30.799885292","192.168.1.55","192.168.1.2","TCP","1514","8004  >  50110 [ACK] Seq=16118 Ack=144 Win=65024 Len=1448 TSval=2916034880 TSecr=3045554654 [TCP segment of a reassembled PDU]"
"18402","30.799894551","192.168.1.55","192.168.1.2","TCP","1514","8004  >  50110 [ACK] Seq=17566 Ack=144 Win=65024 Len=1448 TSval=2916034880 TSecr=3045554654 [TCP segment of a reassembled PDU]"
"18403","30.799896459","192.168.1.55","192.168.1.2","TCP","1514","8004  >  50110 [ACK] Seq=19014 Ack=144 Win=65024 Len=1448 TSval=2916034880 TSecr=3045554654 [TCP segment of a reassembled PDU]"
"18404","30.799899773","192.168.1.55","192.168.1.2","TCP","1514","8004  >  50110 [ACK] Seq=20462 Ack=144 Win=65024 Len=1448 TSval=2916034880 TSecr=3045554654 [TCP segment of a reassembled PDU]"
"18405","30.799902273","192.168.1.55","192.168.1.2","TCP","1514","8004  >  50110 [ACK] Seq=21910 Ack=144 Win=65024 Len=1448 TSval=2916034880 TSecr=3045554654 [TCP segment of a reassembled PDU]"
"18406","30.799905236","192.168.1.55","192.168.1.2","TCP","1514","8004  >  50110 [ACK] Seq=23358 Ack=144 Win=65024 Len=1448 TSval=2916034880 TSecr=3045554654 [TCP segment of a reassembled PDU]"
"18407","30.799907773","192.168.1.55","192.168.1.2","TCP","1514","8004  >  50110 [PSH, ACK] Seq=24806 Ack=144 Win=65024 Len=1448 TSval=2916034880 TSecr=3045554654 [TCP segment of a reassembled PDU]"
"18408","30.799922292","192.168.1.2","192.168.1.55","TCP","66","50110  >  8004 [ACK] Seq=144 Ack=7430 Win=79872 Len=0 TSval=3045554655 TSecr=2916034876"
"18409","30.799944514","192.168.1.2","192.168.1.55","TCP","66","50110  >  8004 [ACK] Seq=144 Ack=13222 Win=80896 Len=0 TSval=3045554655 TSecr=2916034876"
"18410","30.799998996","192.168.1.55","192.168.1.2","TCP","1514","8004  >  50110 [ACK] Seq=26254 Ack=144 Win=65024 Len=1448 TSval=2916034880 TSecr=3045554655 [TCP segment of a reassembled PDU]"
"18411","30.800005014","192.168.1.55","192.168.1.2","TCP","1514","8004  >  50110 [ACK] Seq=27702 Ack=144 Win=65024 Len=1448 TSval=2916034880 TSecr=3045554655 [TCP segment of a reassembled PDU]"
"18412","30.800009255","192.168.1.55","192.168.1.2","TCP","1514","8004  >  50110 [ACK] Seq=29150 Ack=144 Win=65024 Len=1448 TSval=2916034880 TSecr=3045554655 [TCP segment of a reassembled PDU]"
"18413","30.800012403","192.168.1.55","192.168.1.2","TCP","1514","8004  >  50110 [ACK] Seq=30598 Ack=144 Win=65024 Len=1448 TSval=2916034880 TSecr=3045554655 [TCP segment of a reassembled PDU]"
"18414","30.800014866","192.168.1.55","192.168.1.2","TCP","1514","8004  >  50110 [ACK] Seq=32046 Ack=144 Win=65024 Len=1448 TSval=2916034880 TSecr=3045554655 [TCP segment of a reassembled PDU]"
"18415","30.800017848","192.168.1.55","192.168.1.2","TCP","1514","8004  >  50110 [ACK] Seq=33494 Ack=144 Win=65024 Len=1448 TSval=2916034880 TSecr=3045554655 [TCP segment of a reassembled PDU]"
"18416","30.800019866","192.168.1.55","192.168.1.2","TCP","1514","8004  >  50110 [ACK] Seq=34942 Ack=144 Win=65024 Len=1448 TSval=2916034880 TSecr=3045554655 [TCP segment of a reassembled PDU]"
"18417","30.800022292","192.168.1.55","192.168.1.2","TCP","1514","8004  >  50110 [ACK] Seq=36390 Ack=144 Win=65024 Len=1448 TSval=2916034880 TSecr=3045554655 [TCP segment of a reassembled PDU]"
"18418","30.800026237","192.168.1.55","192.168.1.2","TCP","1514","8004  >  50110 [ACK] Seq=37838 Ack=144 Win=65024 Len=1448 TSval=2916034880 TSecr=3045554655 [TCP segment of a reassembled PDU]"
"18419","30.800029033","192.168.1.55","192.168.1.2","TCP","1514","8004  >  50110 [PSH, ACK] Seq=39286 Ack=144 Win=65024 Len=1448 TSval=2916034880 TSecr=3045554655 [TCP segment of a reassembled PDU]"
"18420","30.800971090","192.168.1.55","192.168.1.2","TCP","1514","8004  >  50110 [ACK] Seq=40734 Ack=144 Win=65024 Len=1448 TSval=2916034881 TSecr=3045554655 [TCP segment of a reassembled PDU]"
"18421","30.805122541","192.168.1.2","192.168.1.55","TCP","66","50110  >  8004 [ACK] Seq=144 Ack=16118 Win=87040 Len=0 TSval=3045554659 TSecr=2916034880"
"18422","30.805188726","192.168.1.55","192.168.1.2","TCP","1514","8004  >  50110 [ACK] Seq=42182 Ack=144 Win=65024 Len=1448 TSval=2916034885 TSecr=3045554659 [TCP segment of a reassembled PDU]"
"18423","30.805193430","192.168.1.55","192.168.1.2","TCP","1514","8004  >  50110 [PSH, ACK] Seq=43630 Ack=144 Win=65024 Len=1448 TSval=2916034885 TSecr=3045554659 [TCP segment of a reassembled PDU]"
"18424","30.805349319","192.168.1.2","192.168.1.55","TCP","66","50110  >  8004 [ACK] Seq=144 Ack=26254 Win=86016 Len=0 TSval=3045554659 TSecr=2916034880"
"18425","30.805415004","192.168.1.55","192.168.1.2","TCP","1514","8004  >  50110 [ACK] Seq=45078 Ack=144 Win=65024 Len=1448 TSval=2916034886 TSecr=3045554659 [TCP segment of a reassembled PDU]"
"18426","30.805418467","192.168.1.55","192.168.1.2","TCP","1514","8004  >  50110 [ACK] Seq=46526 Ack=144 Win=65024 Len=1448 TSval=2916034886 TSecr=3045554659 [TCP segment of a reassembled PDU]"
"18427","30.805420467","192.168.1.55","192.168.1.2","TCP","1514","8004  >  50110 [ACK] Seq=47974 Ack=144 Win=65024 Len=1448 TSval=2916034886 TSecr=3045554659 [TCP segment of a reassembled PDU]"
"18428","30.805422097","192.168.1.55","192.168.1.2","TCP","1514","8004  >  50110 [ACK] Seq=49422 Ack=144 Win=65024 Len=1448 TSval=2916034886 TSecr=3045554659 [TCP segment of a reassembled PDU]"
"18429","30.805423856","192.168.1.55","192.168.1.2","TCP","1514","8004  >  50110 [ACK] Seq=50870 Ack=144 Win=65024 Len=1448 TSval=2916034886 TSecr=3045554659 [TCP segment of a reassembled PDU]"
"18430","30.805425226","192.168.1.55","192.168.1.2","TCP","1514","8004  >  50110 [ACK] Seq=52318 Ack=144 Win=65024 Len=1448 TSval=2916034886 TSecr=3045554659 [TCP segment of a reassembled PDU]"
"18431","30.805426708","192.168.1.55","192.168.1.2","TCP","1514","8004  >  50110 [ACK] Seq=53766 Ack=144 Win=65024 Len=1448 TSval=2916034886 TSecr=3045554659 [TCP segment of a reassembled PDU]"
"18432","30.805428041","192.168.1.55","192.168.1.2","TCP","1514","8004  >  50110 [ACK] Seq=55214 Ack=144 Win=65024 Len=1448 TSval=2916034886 TSecr=3045554659 [TCP segment of a reassembled PDU]"
"18433","30.805429652","192.168.1.55","192.168.1.2","TCP","1514","8004  >  50110 [ACK] Seq=56662 Ack=144 Win=65024 Len=1448 TSval=2916034886 TSecr=3045554659 [TCP segment of a reassembled PDU]"
"18434","30.805431597","192.168.1.55","192.168.1.2","TCP","1514","8004  >  50110 [ACK] Seq=58110 Ack=144 Win=65024 Len=1448 TSval=2916034886 TSecr=3045554659 [TCP segment of a reassembled PDU]"
"18435","30.805433412","192.168.1.55","192.168.1.2","TCP","1514","8004  >  50110 [ACK] Seq=59558 Ack=144 Win=65024 Len=1448 TSval=2916034886 TSecr=3045554659 [TCP segment of a reassembled PDU]"
"18436","30.805434727","192.168.1.55","192.168.1.2","TCP","1514","8004  >  50110 [ACK] Seq=61006 Ack=144 Win=65024 Len=1448 TSval=2916034886 TSecr=3045554659 [TCP segment of a reassembled PDU]"
"18437","30.805436078","192.168.1.55","192.168.1.2","TCP","1514","8004  >  50110 [ACK] Seq=62454 Ack=144 Win=65024 Len=1448 TSval=2916034886 TSecr=3045554659 [TCP segment of a reassembled PDU]"
"18438","30.805437523","192.168.1.55","192.168.1.2","TCP","1514","8004  >  50110 [PSH, ACK] Seq=63902 Ack=144 Win=65024 Len=1448 TSval=2916034886 TSecr=3045554659 [TCP segment of a reassembled PDU]"
"18439","30.805445189","192.168.1.2","192.168.1.55","TCP","66","50110  >  8004 [ACK] Seq=144 Ack=36390 Win=76800 Len=0 TSval=3045554659 TSecr=2916034880"
"18440","30.805476727","192.168.1.55","192.168.1.2","TCP","1514","8004  >  50110 [ACK] Seq=65350 Ack=144 Win=65024 Len=1448 TSval=2916034886 TSecr=3045554659 [TCP segment of a reassembled PDU]"
"18441","30.805479134","192.168.1.55","192.168.1.2","TCP","1514","8004  >  50110 [ACK] Seq=66798 Ack=144 Win=65024 Len=1448 TSval=2916034886 TSecr=3045554659 [TCP segment of a reassembled PDU]"
"18442","30.805481078","192.168.1.55","192.168.1.2","TCP","1514","8004  >  50110 [ACK] Seq=68246 Ack=144 Win=65024 Len=1448 TSval=2916034886 TSecr=3045554659 [TCP segment of a reassembled PDU]"
"18443","30.805482338","192.168.1.55","192.168.1.2","TCP","1514","8004  >  50110 [ACK] Seq=69694 Ack=144 Win=65024 Len=1448 TSval=2916034886 TSecr=3045554659 [TCP segment of a reassembled PDU]"
"18444","30.805483782","192.168.1.55","192.168.1.2","TCP","1514","8004  >  50110 [ACK] Seq=71142 Ack=144 Win=65024 Len=1448 TSval=2916034886 TSecr=3045554659 [TCP segment of a reassembled PDU]"
"18445","30.805485115","192.168.1.55","192.168.1.2","TCP","1514","8004  >  50110 [ACK] Seq=72590 Ack=144 Win=65024 Len=1448 TSval=2916034886 TSecr=3045554659 [TCP segment of a reassembled PDU]"
"18446","30.805486504","192.168.1.55","192.168.1.2","TCP","1514","8004  >  50110 [ACK] Seq=74038 Ack=144 Win=65024 Len=1448 TSval=2916034886 TSecr=3045554659 [TCP segment of a reassembled PDU]"
"18447","30.805487838","192.168.1.55","192.168.1.2","TCP","1514","8004  >  50110 [PSH, ACK] Seq=75486 Ack=144 Win=65024 Len=1448 TSval=2916034886 TSecr=3045554659 [TCP segment of a reassembled PDU]"
"18448","30.805495115","192.168.1.2","192.168.1.55","TCP","66","50110  >  8004 [ACK] Seq=144 Ack=39286 Win=92160 Len=0 TSval=3045554659 TSecr=2916034880"
"18449","30.805560338","192.168.1.2","192.168.1.55","TCP","66","50110  >  8004 [ACK] Seq=144 Ack=40734 Win=94208 Len=0 TSval=3045554659 TSecr=2916034880"
"18450","30.805568856","192.168.1.2","192.168.1.55","TCP","66","50110  >  8004 [ACK] Seq=144 Ack=42182 Win=94208 Len=0 TSval=3045554659 TSecr=2916034881"
"18451","30.806513413","192.168.1.55","192.168.1.2","TCP","1514","8004  >  50110 [ACK] Seq=76934 Ack=144 Win=65024 Len=1448 TSval=2916034887 TSecr=3045554659 [TCP segment of a reassembled PDU]"
"18452","30.806518599","192.168.1.55","192.168.1.2","TCP","1514","8004  >  50110 [ACK] Seq=78382 Ack=144 Win=65024 Len=1448 TSval=2916034887 TSecr=3045554659 [TCP segment of a reassembled PDU]"
"18453","30.806520654","192.168.1.55","192.168.1.2","TCP","1514","8004  >  50110 [ACK] Seq=79830 Ack=144 Win=65024 Len=1448 TSval=2916034887 TSecr=3045554659 [TCP segment of a reassembled PDU]"
"18454","30.806521784","192.168.1.55","192.168.1.2","TCP","1514","8004  >  50110 [ACK] Seq=81278 Ack=144 Win=65024 Len=1448 TSval=2916034887 TSecr=3045554659 [TCP segment of a reassembled PDU]"
"18455","30.806523321","192.168.1.55","192.168.1.2","TCP","1514","8004  >  50110 [ACK] Seq=82726 Ack=144 Win=65024 Len=1448 TSval=2916034887 TSecr=3045554659 [TCP segment of a reassembled PDU]"
"18456","30.806524617","192.168.1.55","192.168.1.2","TCP","1514","8004  >  50110 [ACK] Seq=84174 Ack=144 Win=65024 Len=1448 TSval=2916034887 TSecr=3045554659 [TCP segment of a reassembled PDU]"
"18457","30.806527025","192.168.1.55","192.168.1.2","TCP","1514","8004  >  50110 [ACK] Seq=85622 Ack=144 Win=65024 Len=1448 TSval=2916034887 TSecr=3045554659 [TCP segment of a reassembled PDU]"
"18458","30.806528654","192.168.1.55","192.168.1.2","TCP","1514","8004  >  50110 [ACK] Seq=87070 Ack=144 Win=65024 Len=1448 TSval=2916034887 TSecr=3045554659 [TCP segment of a reassembled PDU]"
"18459","30.806531117","192.168.1.55","192.168.1.2","TCP","1514","8004  >  50110 [ACK] Seq=88518 Ack=144 Win=65024 Len=1448 TSval=2916034887 TSecr=3045554659 [TCP segment of a reassembled PDU]"
"18460","30.806532728","192.168.1.55","192.168.1.2","TCP","1514","8004  >  50110 [ACK] Seq=89966 Ack=144 Win=65024 Len=1448 TSval=2916034887 TSecr=3045554659 [TCP segment of a reassembled PDU]"
"18461","30.806533988","192.168.1.55","192.168.1.2","TCP","1514","8004  >  50110 [ACK] Seq=91414 Ack=144 Win=65024 Len=1448 TSval=2916034887 TSecr=3045554659 [TCP segment of a reassembled PDU]"
"18462","30.806535284","192.168.1.55","192.168.1.2","TCP","1514","8004  >  50110 [ACK] Seq=92862 Ack=144 Win=65024 Len=1448 TSval=2916034887 TSecr=3045554659 [TCP segment of a reassembled PDU]"
"18463","30.806536617","192.168.1.55","192.168.1.2","TCP","1514","8004  >  50110 [ACK] Seq=94310 Ack=144 Win=65024 Len=1448 TSval=2916034887 TSecr=3045554659 [TCP segment of a reassembled PDU]"
"18464","30.806537895","192.168.1.55","192.168.1.2","TCP","1514","8004  >  50110 [PSH, ACK] Seq=95758 Ack=144 Win=65024 Len=1448 TSval=2916034887 TSecr=3045554659 [TCP segment of a reassembled PDU]"
"18465","30.806550950","192.168.1.55","192.168.1.2","TCP","1514","8004  >  50110 [ACK] Seq=97206 Ack=144 Win=65024 Len=1448 TSval=2916034887 TSecr=3045554659 [TCP segment of a reassembled PDU]"
"18466","30.806553395","192.168.1.55","192.168.1.2","TCP","1514","8004  >  50110 [PSH, ACK] Seq=98654 Ack=144 Win=65024 Len=1448 TSval=2916034887 TSecr=3045554659 [TCP segment of a reassembled PDU]"
"18467","30.811158828","192.168.1.2","192.168.1.55","TCP","66","50110  >  8004 [ACK] Seq=144 Ack=45078 Win=92160 Len=0 TSval=3045554665 TSecr=2916034885"
"18468","30.811180476","192.168.1.55","192.168.1.2","TCP","1514","8004  >  50110 [ACK] Seq=100102 Ack=144 Win=65024 Len=1448 TSval=2916034891 TSecr=3045554665 [TCP segment of a reassembled PDU]"
"18469","30.811183606","192.168.1.55","192.168.1.2","TCP","1514","8004  >  50110 [ACK] Seq=101550 Ack=144 Win=65024 Len=1448 TSval=2916034891 TSecr=3045554665 [TCP segment of a reassembled PDU]"
"18470","30.811184921","192.168.1.55","192.168.1.2","TCP","1514","8004  >  50110 [ACK] Seq=102998 Ack=144 Win=65024 Len=1448 TSval=2916034891 TSecr=3045554665 [TCP segment of a reassembled PDU]"
"18471","30.811186013","192.168.1.55","192.168.1.2","TCP","1514","8004  >  50110 [PSH, ACK] Seq=104446 Ack=144 Win=65024 Len=1448 TSval=2916034891 TSecr=3045554665 [TCP segment of a reassembled PDU]"
"18472","30.811452069","192.168.1.2","192.168.1.55","TCP","66","50110  >  8004 [ACK] Seq=144 Ack=65350 Win=75776 Len=0 TSval=3045554665 TSecr=2916034886"
"18473","30.811466051","192.168.1.55","192.168.1.2","TCP","1514","8004  >  50110 [ACK] Seq=105894 Ack=144 Win=65024 Len=1448 TSval=2916034892 TSecr=3045554665 [TCP segment of a reassembled PDU]"
"18474","30.811467699","192.168.1.55","192.168.1.2","TCP","1514","8004  >  50110 [ACK] Seq=107342 Ack=144 Win=65024 Len=1448 TSval=2916034892 TSecr=3045554665 [TCP segment of a reassembled PDU]"
"18475","30.811468810","192.168.1.55","192.168.1.2","TCP","1514","8004  >  50110 [ACK] Seq=108790 Ack=144 Win=65024 Len=1448 TSval=2916034892 TSecr=3045554665 [TCP segment of a reassembled PDU]"
"18476","30.811469977","192.168.1.55","192.168.1.2","TCP","1514","8004  >  50110 [ACK] Seq=110238 Ack=144 Win=65024 Len=1448 TSval=2916034892 TSecr=3045554665 [TCP segment of a reassembled PDU]"
"18477","30.811471125","192.168.1.55","192.168.1.2","TCP","1514","8004  >  50110 [ACK] Seq=111686 Ack=144 Win=65024 Len=1448 TSval=2916034892 TSecr=3045554665 [TCP segment of a reassembled PDU]"
"18478","30.811472218","192.168.1.55","192.168.1.2","TCP","1514","8004  >  50110 [ACK] Seq=113134 Ack=144 Win=65024 Len=1448 TSval=2916034892 TSecr=3045554665 [TCP segment of a reassembled PDU]"
"18479","30.811473403","192.168.1.55","192.168.1.2","TCP","1514","8004  >  50110 [PSH, ACK] Seq=114582 Ack=144 Win=65024 Len=1448 TSval=2916034892 TSecr=3045554665 [TCP segment of a reassembled PDU]"
"18480","30.811477680","192.168.1.2","192.168.1.55","TCP","66","50110  >  8004 [ACK] Seq=144 Ack=76934 Win=64512 Len=0 TSval=3045554666 TSecr=2916034886"
"18481","30.811506755","192.168.1.55","192.168.1.2","TCP","1514","8004  >  50110 [ACK] Seq=116030 Ack=144 Win=65024 Len=1448 TSval=2916034892 TSecr=3045554666 [TCP segment of a reassembled PDU]"
"18482","30.811508384","192.168.1.55","192.168.1.2","TCP","1514","8004  >  50110 [ACK] Seq=117478 Ack=144 Win=65024 Len=1448 TSval=2916034892 TSecr=3045554666 [TCP segment of a reassembled PDU]"
"18483","30.811509588","192.168.1.55","192.168.1.2","TCP","1514","8004  >  50110 [ACK] Seq=118926 Ack=144 Win=65024 Len=1448 TSval=2916034892 TSecr=3045554666 [TCP segment of a reassembled PDU]"
"18484","30.811510847","192.168.1.55","192.168.1.2","TCP","1514","8004  >  50110 [ACK] Seq=120374 Ack=144 Win=65024 Len=1448 TSval=2916034892 TSecr=3045554666 [TCP segment of a reassembled PDU]"
"18485","30.811512051","192.168.1.55","192.168.1.2","TCP","1514","8004  >  50110 [ACK] Seq=121822 Ack=144 Win=65024 Len=1448 TSval=2916034892 TSecr=3045554666 [TCP segment of a reassembled PDU]"
"18486","30.811513347","192.168.1.55","192.168.1.2","TCP","1514","8004  >  50110 [ACK] Seq=123270 Ack=144 Win=65024 Len=1448 TSval=2916034892 TSecr=3045554666 [TCP segment of a reassembled PDU]"
"18487","30.811514477","192.168.1.55","192.168.1.2","TCP","1514","8004  >  50110 [ACK] Seq=124718 Ack=144 Win=65024 Len=1448 TSval=2916034892 TSecr=3045554666 [TCP segment of a reassembled PDU]"
"18488","30.811515681","192.168.1.55","192.168.1.2","TCP","1514","8004  >  50110 [ACK] Seq=126166 Ack=144 Win=65024 Len=1448 TSval=2916034892 TSecr=3045554666 [TCP segment of a reassembled PDU]"
"18489","30.811516829","192.168.1.55","192.168.1.2","TCP","1514","8004  >  50110 [ACK] Seq=127614 Ack=144 Win=65024 Len=1448 TSval=2916034892 TSecr=3045554666 [TCP segment of a reassembled PDU]"
"18490","30.811518162","192.168.1.55","192.168.1.2","TCP","1514","8004  >  50110 [ACK] Seq=129062 Ack=144 Win=65024 Len=1448 TSval=2916034892 TSecr=3045554666 [TCP segment of a reassembled PDU]"
"18491","30.811519273","192.168.1.55","192.168.1.2","TCP","1514","8004  >  50110 [ACK] Seq=130510 Ack=144 Win=65024 Len=1448 TSval=2916034892 TSecr=3045554666 [TCP segment of a reassembled PDU]"
"18492","30.811520403","192.168.1.55","192.168.1.2","TCP","1514","8004  >  50110 [ACK] Seq=131958 Ack=144 Win=65024 Len=1448 TSval=2916034892 TSecr=3045554666 [TCP segment of a reassembled PDU]"
"18493","30.811521718","192.168.1.55","192.168.1.2","TCP","1514","8004  >  50110 [ACK] Seq=133406 Ack=144 Win=65024 Len=1448 TSval=2916034892 TSecr=3045554666 [TCP segment of a reassembled PDU]"
"18494","30.811522829","192.168.1.55","192.168.1.2","TCP","1514","8004  >  50110 [ACK] Seq=134854 Ack=144 Win=65024 Len=1448 TSval=2916034892 TSecr=3045554666 [TCP segment of a reassembled PDU]"
"18495","30.811524032","192.168.1.55","192.168.1.2","TCP","1514","8004  >  50110 [ACK] Seq=136302 Ack=144 Win=65024 Len=1448 TSval=2916034892 TSecr=3045554666 [TCP segment of a reassembled PDU]"
"18496","30.811525144","192.168.1.55","192.168.1.2","TCP","1514","8004  >  50110 [ACK] Seq=137750 Ack=144 Win=65024 Len=1448 TSval=2916034892 TSecr=3045554666 [TCP segment of a reassembled PDU]"
"18497","30.811526347","192.168.1.55","192.168.1.2","TCP","1514","8004  >  50110 [ACK] Seq=139198 Ack=144 Win=65024 Len=1448 TSval=2916034892 TSecr=3045554666 [TCP segment of a reassembled PDU]"
"18498","30.811527681","192.168.1.55","192.168.1.2","TCP","866","[TCP Window Full] 8004  >  50110 [PSH, ACK] Seq=140646 Ack=144 Win=65024 Len=800 TSval=2916034892 TSecr=3045554666 [TCP segment of a reassembled PDU]"
"18499","30.811533051","192.168.1.2","192.168.1.55","TCP","66","50110  >  8004 [ACK] Seq=144 Ack=97206 Win=64512 Len=0 TSval=3045554666 TSecr=2916034887"
"18500","30.811555032","192.168.1.55","192.168.1.2","TCP","1514","8004  >  50110 [ACK] Seq=141446 Ack=144 Win=65024 Len=1448 TSval=2916034892 TSecr=3045554666 [TCP segment of a reassembled PDU]"
"18501","30.811556551","192.168.1.55","192.168.1.2","TCP","1514","8004  >  50110 [ACK] Seq=142894 Ack=144 Win=65024 Len=1448 TSval=2916034892 TSecr=3045554666 [TCP segment of a reassembled PDU]"
"18502","30.811557662","192.168.1.55","192.168.1.2","TCP","1514","8004  >  50110 [ACK] Seq=144342 Ack=144 Win=65024 Len=1448 TSval=2916034892 TSecr=3045554666 [TCP segment of a reassembled PDU]"
"18503","30.811558829","192.168.1.55","192.168.1.2","TCP","1514","8004  >  50110 [ACK] Seq=145790 Ack=144 Win=65024 Len=1448 TSval=2916034892 TSecr=3045554666 [TCP segment of a reassembled PDU]"
"18504","30.811560051","192.168.1.55","192.168.1.2","TCP","1514","8004  >  50110 [ACK] Seq=147238 Ack=144 Win=65024 Len=1448 TSval=2916034892 TSecr=3045554666 [TCP segment of a reassembled PDU]"
"18505","30.811561236","192.168.1.55","192.168.1.2","TCP","1514","8004  >  50110 [ACK] Seq=148686 Ack=144 Win=65024 Len=1448 TSval=2916034892 TSecr=3045554666 [TCP segment of a reassembled PDU]"
"18506","30.811562366","192.168.1.55","192.168.1.2","TCP","1514","8004  >  50110 [ACK] Seq=150134 Ack=144 Win=65024 Len=1448 TSval=2916034892 TSecr=3045554666 [TCP segment of a reassembled PDU]"
"18507","30.811563551","192.168.1.55","192.168.1.2","TCP","1514","8004  >  50110 [ACK] Seq=151582 Ack=144 Win=65024 Len=1448 TSval=2916034892 TSecr=3045554666 [TCP segment of a reassembled PDU]"
"18508","30.811564829","192.168.1.55","192.168.1.2","TCP","1514","8004  >  50110 [PSH, ACK] Seq=153030 Ack=144 Win=65024 Len=1448 TSval=2916034892 TSecr=3045554666 [TCP segment of a reassembled PDU]"
"18509","30.811569903","192.168.1.55","192.168.1.2","TCP","714","8004  >  50110 [ACK] Seq=154478 Ack=144 Win=65024 Len=648 TSval=2916034892 TSecr=3045554666 [TCP segment of a reassembled PDU]"
"18510","30.811573199","192.168.1.2","192.168.1.55","TCP","66","50110  >  8004 [ACK] Seq=144 Ack=100102 Win=71680 Len=0 TSval=3045554666 TSecr=2916034887"
"18511","30.811611255","192.168.1.55","192.168.1.2","TCP","1514","8004  >  50110 [ACK] Seq=155126 Ack=144 Win=65024 Len=1448 TSval=2916034892 TSecr=3045554666 [TCP segment of a reassembled PDU]"
"18512","30.811614403","192.168.1.55","192.168.1.2","TCP","1514","8004  >  50110 [ACK] Seq=156574 Ack=144 Win=65024 Len=1448 TSval=2916034892 TSecr=3045554666 [TCP segment of a reassembled PDU]"
"18513","30.811615662","192.168.1.55","192.168.1.2","TCP","1514","8004  >  50110 [ACK] Seq=158022 Ack=144 Win=65024 Len=1448 TSval=2916034892 TSecr=3045554666 [TCP segment of a reassembled PDU]"
"18514","30.811616810","192.168.1.55","192.168.1.2","TCP","1514","8004  >  50110 [ACK] Seq=159470 Ack=144 Win=65024 Len=1448 TSval=2916034892 TSecr=3045554666 [TCP segment of a reassembled PDU]"
"18515","30.811618051","192.168.1.55","192.168.1.2","TCP","1514","8004  >  50110 [ACK] Seq=160918 Ack=144 Win=65024 Len=1448 TSval=2916034892 TSecr=3045554666 [TCP segment of a reassembled PDU]"
"18516","30.811620644","192.168.1.55","192.168.1.2","TCP","1514","8004  >  50110 [ACK] Seq=162366 Ack=144 Win=65024 Len=1448 TSval=2916034892 TSecr=3045554666 [TCP segment of a reassembled PDU]"
"18517","30.811621847","192.168.1.55","192.168.1.2","TCP","1514","8004  >  50110 [ACK] Seq=163814 Ack=144 Win=65024 Len=1448 TSval=2916034892 TSecr=3045554666 [TCP segment of a reassembled PDU]"
"18518","30.811622921","192.168.1.55","192.168.1.2","TCP","1514","8004  >  50110 [ACK] Seq=165262 Ack=144 Win=65024 Len=1448 TSval=2916034892 TSecr=3045554666 [TCP segment of a reassembled PDU]"
"18519","30.811624107","192.168.1.55","192.168.1.2","TCP","1514","8004  >  50110 [ACK] Seq=166710 Ack=144 Win=65024 Len=1448 TSval=2916034892 TSecr=3045554666 [TCP segment of a reassembled PDU]"
"18520","30.811625255","192.168.1.55","192.168.1.2","TCP","1514","8004  >  50110 [ACK] Seq=168158 Ack=144 Win=65024 Len=1448 TSval=2916034892 TSecr=3045554666 [TCP segment of a reassembled PDU]"
"18521","30.811626403","192.168.1.55","192.168.1.2","TCP","1514","8004  >  50110 [PSH, ACK] Seq=169606 Ack=144 Win=65024 Len=1448 TSval=2916034892 TSecr=3045554666 [TCP segment of a reassembled PDU]"
"18522","30.815603872","192.168.1.2","192.168.1.55","TCP","66","50110  >  8004 [ACK] Seq=144 Ack=105894 Win=86016 Len=0 TSval=3045554668 TSecr=2916034891"
"18523","30.815628243","192.168.1.55","192.168.1.2","TCP","1514","8004  >  50110 [ACK] Seq=171054 Ack=144 Win=65024 Len=1448 TSval=2916034896 TSecr=3045554668 [TCP segment of a reassembled PDU]"
"18524","30.815631094","192.168.1.55","192.168.1.2","TCP","1514","8004  >  50110 [ACK] Seq=172502 Ack=144 Win=65024 Len=1448 TSval=2916034896 TSecr=3045554668 [TCP segment of a reassembled PDU]"
"18525","30.815632650","192.168.1.55","192.168.1.2","TCP","1514","8004  >  50110 [ACK] Seq=173950 Ack=144 Win=65024 Len=1448 TSval=2916034896 TSecr=3045554668 [TCP segment of a reassembled PDU]"
"18526","30.815633965","192.168.1.55","192.168.1.2","TCP","1514","8004  >  50110 [ACK] Seq=175398 Ack=144 Win=65024 Len=1448 TSval=2916034896 TSecr=3045554668 [TCP segment of a reassembled PDU]"
"18527","30.815635372","192.168.1.55","192.168.1.2","TCP","1514","8004  >  50110 [ACK] Seq=176846 Ack=144 Win=65024 Len=1448 TSval=2916034896 TSecr=3045554668 [TCP segment of a reassembled PDU]"
"18528","30.815636780","192.168.1.55","192.168.1.2","TCP","1514","8004  >  50110 [ACK] Seq=178294 Ack=144 Win=65024 Len=1448 TSval=2916034896 TSecr=3045554668 [TCP segment of a reassembled PDU]"
"18529","30.815638298","192.168.1.55","192.168.1.2","TCP","1514","8004  >  50110 [ACK] Seq=179742 Ack=144 Win=65024 Len=1448 TSval=2916034896 TSecr=3045554668 [TCP segment of a reassembled PDU]"
"18530","30.815639631","192.168.1.55","192.168.1.2","TCP","1514","8004  >  50110 [ACK] Seq=181190 Ack=144 Win=65024 Len=1448 TSval=2916034896 TSecr=3045554668 [TCP segment of a reassembled PDU]"
"18531","30.815641020","192.168.1.55","192.168.1.2","TCP","1514","8004  >  50110 [ACK] Seq=182638 Ack=144 Win=65024 Len=1448 TSval=2916034896 TSecr=3045554668 [TCP segment of a reassembled PDU]"
"18532","30.815642557","192.168.1.55","192.168.1.2","TCP","1514","8004  >  50110 [ACK] Seq=184086 Ack=144 Win=65024 Len=1448 TSval=2916034896 TSecr=3045554668 [TCP segment of a reassembled PDU]"
"18533","30.815643872","192.168.1.55","192.168.1.2","TCP","1514","8004  >  50110 [ACK] Seq=185534 Ack=144 Win=65024 Len=1448 TSval=2916034896 TSecr=3045554668 [TCP segment of a reassembled PDU]"
"18534","30.815645261","192.168.1.55","192.168.1.2","TCP","1514","8004  >  50110 [ACK] Seq=186982 Ack=144 Win=65024 Len=1448 TSval=2916034896 TSecr=3045554668 [TCP segment of a reassembled PDU]"
"18535","30.815646631","192.168.1.55","192.168.1.2","TCP","1514","8004  >  50110 [ACK] Seq=188430 Ack=144 Win=65024 Len=1448 TSval=2916034896 TSecr=3045554668 [TCP segment of a reassembled PDU]"
"18536","30.815647928","192.168.1.55","192.168.1.2","TCP","1514","8004  >  50110 [PSH, ACK] Seq=189878 Ack=144 Win=65024 Len=1448 TSval=2916034896 TSecr=3045554668 [TCP segment of a reassembled PDU]"
"18537","30.818809636","192.168.1.2","192.168.1.55","TCP","66","50110  >  8004 [ACK] Seq=144 Ack=116030 Win=83968 Len=0 TSval=3045554672 TSecr=2916034892"
"18538","30.818831914","192.168.1.55","192.168.1.2","TCP","1514","8004  >  50110 [ACK] Seq=191326 Ack=144 Win=65024 Len=1448 TSval=2916034899 TSecr=3045554672 [TCP segment of a reassembled PDU]"
"18539","30.818835544","192.168.1.55","192.168.1.2","TCP","1514","8004  >  50110 [ACK] Seq=192774 Ack=144 Win=65024 Len=1448 TSval=2916034899 TSecr=3045554672 [TCP segment of a reassembled PDU]"
"18540","30.818836840","192.168.1.55","192.168.1.2","TCP","1514","8004  >  50110 [ACK] Seq=194222 Ack=144 Win=65024 Len=1448 TSval=2916034899 TSecr=3045554672 [TCP segment of a reassembled PDU]"
"18541","30.818838285","192.168.1.55","192.168.1.2","TCP","1514","8004  >  50110 [ACK] Seq=195670 Ack=144 Win=65024 Len=1448 TSval=2916034899 TSecr=3045554672 [TCP segment of a reassembled PDU]"
"18542","30.818839562","192.168.1.55","192.168.1.2","TCP","1514","8004  >  50110 [PSH, ACK] Seq=197118 Ack=144 Win=65024 Len=1448 TSval=2916034899 TSecr=3045554672 [TCP segment of a reassembled PDU]"
"18543","30.818870951","192.168.1.2","192.168.1.55","TCP","66","50110  >  8004 [ACK] Seq=144 Ack=154478 Win=59392 Len=0 TSval=3045554672 TSecr=2916034892"
"18544","30.818883248","192.168.1.55","192.168.1.2","TCP","1514","8004  >  50110 [ACK] Seq=198566 Ack=144 Win=65024 Len=1448 TSval=2916034899 TSecr=3045554672 [TCP segment of a reassembled PDU]"
"18545","30.818884822","192.168.1.55","192.168.1.2","TCP","1514","8004  >  50110 [PSH, ACK] Seq=200014 Ack=144 Win=65024 Len=1448 TSval=2916034899 TSecr=3045554672 [TCP segment of a reassembled PDU]"
"18546","30.819864008","192.168.1.2","192.168.1.55","TCP","66","50110  >  8004 [ACK] Seq=144 Ack=160918 Win=63488 Len=0 TSval=3045554672 TSecr=2916034892"
"18547","30.819885934","192.168.1.55","192.168.1.2","TCP","1514","8004  >  50110 [ACK] Seq=201462 Ack=144 Win=65024 Len=1448 TSval=2916034900 TSecr=3045554672 [TCP segment of a reassembled PDU]"
"18548","30.819888564","192.168.1.55","192.168.1.2","TCP","1514","8004  >  50110 [ACK] Seq=202910 Ack=144 Win=65024 Len=1448 TSval=2916034900 TSecr=3045554672 [TCP segment of a reassembled PDU]"
"18549","30.819889953","192.168.1.55","192.168.1.2","TCP","1514","8004  >  50110 [ACK] Seq=204358 Ack=144 Win=65024 Len=1448 TSval=2916034900 TSecr=3045554672 [TCP segment of a reassembled PDU]"
"18550","30.819891397","192.168.1.55","192.168.1.2","TCP","1514","8004  >  50110 [ACK] Seq=205806 Ack=144 Win=65024 Len=1448 TSval=2916034900 TSecr=3045554672 [TCP segment of a reassembled PDU]"
"18551","30.819892712","192.168.1.55","192.168.1.2","TCP","1514","8004  >  50110 [ACK] Seq=207254 Ack=144 Win=65024 Len=1448 TSval=2916034900 TSecr=3045554672 [TCP segment of a reassembled PDU]"
"18552","30.819894175","192.168.1.55","192.168.1.2","TCP","1514","8004  >  50110 [ACK] Seq=208702 Ack=144 Win=65024 Len=1448 TSval=2916034900 TSecr=3045554672 [TCP segment of a reassembled PDU]"
"18553","30.819895564","192.168.1.55","192.168.1.2","TCP","1514","8004  >  50110 [ACK] Seq=210150 Ack=144 Win=65024 Len=1448 TSval=2916034900 TSecr=3045554672 [TCP segment of a reassembled PDU]"
"18554","30.819896879","192.168.1.55","192.168.1.2","TCP","1514","8004  >  50110 [ACK] Seq=211598 Ack=144 Win=65024 Len=1448 TSval=2916034900 TSecr=3045554672 [TCP segment of a reassembled PDU]"
"18555","30.819898360","192.168.1.55","192.168.1.2","TCP","1514","8004  >  50110 [ACK] Seq=213046 Ack=144 Win=65024 Len=1448 TSval=2916034900 TSecr=3045554672 [TCP segment of a reassembled PDU]"
"18556","30.819899749","192.168.1.55","192.168.1.2","TCP","1514","8004  >  50110 [ACK] Seq=214494 Ack=144 Win=65024 Len=1448 TSval=2916034900 TSecr=3045554672 [TCP segment of a reassembled PDU]"
"18557","30.819901175","192.168.1.55","192.168.1.2","TCP","1514","8004  >  50110 [ACK] Seq=215942 Ack=144 Win=65024 Len=1448 TSval=2916034900 TSecr=3045554672 [TCP segment of a reassembled PDU]"
"18558","30.819902564","192.168.1.55","192.168.1.2","TCP","1514","8004  >  50110 [ACK] Seq=217390 Ack=144 Win=65024 Len=1448 TSval=2916034900 TSecr=3045554672 [TCP segment of a reassembled PDU]"
"18559","30.819904231","192.168.1.55","192.168.1.2","TCP","1514","8004  >  50110 [ACK] Seq=218838 Ack=144 Win=65024 Len=1448 TSval=2916034900 TSecr=3045554672 [TCP segment of a reassembled PDU]"
"18560","30.819905509","192.168.1.55","192.168.1.2","TCP","1514","8004  >  50110 [ACK] Seq=220286 Ack=144 Win=65024 Len=1448 TSval=2916034900 TSecr=3045554672 [TCP segment of a reassembled PDU]"
"18561","30.819906786","192.168.1.55","192.168.1.2","TCP","1514","8004  >  50110 [ACK] Seq=221734 Ack=144 Win=65024 Len=1448 TSval=2916034900 TSecr=3045554672 [TCP segment of a reassembled PDU]"
"18562","30.819908083","192.168.1.55","192.168.1.2","TCP","1290","[TCP Window Full] 8004  >  50110 [PSH, ACK] Seq=223182 Ack=144 Win=65024 Len=1224 TSval=2916034900 TSecr=3045554672 [TCP segment of a reassembled PDU]"
"18563","30.819937916","192.168.1.2","192.168.1.55","TCP","66","50110  >  8004 [ACK] Seq=144 Ack=171054 Win=97280 Len=0 TSval=3045554673 TSecr=2916034892"
"18564","30.819962842","192.168.1.55","192.168.1.2","TCP","1514","8004  >  50110 [ACK] Seq=224406 Ack=144 Win=65024 Len=1448 TSval=2916034900 TSecr=3045554673 [TCP segment of a reassembled PDU]"
"18565","30.819964546","192.168.1.55","192.168.1.2","TCP","1514","8004  >  50110 [ACK] Seq=225854 Ack=144 Win=65024 Len=1448 TSval=2916034900 TSecr=3045554673 [TCP segment of a reassembled PDU]"
"18566","30.819965898","192.168.1.55","192.168.1.2","TCP","1514","8004  >  50110 [ACK] Seq=227302 Ack=144 Win=65024 Len=1448 TSval=2916034900 TSecr=3045554673 [TCP segment of a reassembled PDU]"
"18567","30.819967638","192.168.1.55","192.168.1.2","TCP","1514","8004  >  50110 [ACK] Seq=228750 Ack=144 Win=65024 Len=1448 TSval=2916034900 TSecr=3045554673 [TCP segment of a reassembled PDU]"
"18568","30.819969046","192.168.1.55","192.168.1.2","TCP","1514","8004  >  50110 [ACK] Seq=230198 Ack=144 Win=65024 Len=1448 TSval=2916034900 TSecr=3045554673 [TCP segment of a reassembled PDU]"
"18569","30.819970453","192.168.1.55","192.168.1.2","TCP","1514","8004  >  50110 [ACK] Seq=231646 Ack=144 Win=65024 Len=1448 TSval=2916034900 TSecr=3045554673 [TCP segment of a reassembled PDU]"
"18570","30.819972101","192.168.1.55","192.168.1.2","TCP","1514","8004  >  50110 [ACK] Seq=233094 Ack=144 Win=65024 Len=1448 TSval=2916034900 TSecr=3045554673 [TCP segment of a reassembled PDU]"
"18571","30.819973546","192.168.1.55","192.168.1.2","TCP","1514","8004  >  50110 [ACK] Seq=234542 Ack=144 Win=65024 Len=1448 TSval=2916034900 TSecr=3045554673 [TCP segment of a reassembled PDU]"
"18572","30.819975194","192.168.1.55","192.168.1.2","TCP","1514","8004  >  50110 [ACK] Seq=235990 Ack=144 Win=65024 Len=1448 TSval=2916034900 TSecr=3045554673 [TCP segment of a reassembled PDU]"
"18573","30.819976564","192.168.1.55","192.168.1.2","TCP","1514","8004  >  50110 [ACK] Seq=237438 Ack=144 Win=65024 Len=1448 TSval=2916034900 TSecr=3045554673 [TCP segment of a reassembled PDU]"
"18574","30.819977953","192.168.1.55","192.168.1.2","TCP","1514","8004  >  50110 [ACK] Seq=238886 Ack=144 Win=65024 Len=1448 TSval=2916034900 TSecr=3045554673 [TCP segment of a reassembled PDU]"
"18575","30.819979323","192.168.1.55","192.168.1.2","TCP","1514","8004  >  50110 [ACK] Seq=240334 Ack=144 Win=65024 Len=1448 TSval=2916034900 TSecr=3045554673 [TCP segment of a reassembled PDU]"
"18576","30.819980638","192.168.1.55","192.168.1.2","TCP","1514","8004  >  50110 [ACK] Seq=241782 Ack=144 Win=65024 Len=1448 TSval=2916034900 TSecr=3045554673 [TCP segment of a reassembled PDU]"
"18577","30.819982212","192.168.1.55","192.168.1.2","TCP","1514","8004  >  50110 [ACK] Seq=243230 Ack=144 Win=65024 Len=1448 TSval=2916034900 TSecr=3045554673 [TCP segment of a reassembled PDU]"
"18578","30.819983601","192.168.1.55","192.168.1.2","TCP","1514","8004  >  50110 [ACK] Seq=244678 Ack=144 Win=65024 Len=1448 TSval=2916034900 TSecr=3045554673 [TCP segment of a reassembled PDU]"
"18579","30.819984935","192.168.1.55","192.168.1.2","TCP","1514","8004  >  50110 [PSH, ACK] Seq=246126 Ack=144 Win=65024 Len=1448 TSval=2916034900 TSecr=3045554673 [TCP segment of a reassembled PDU]"
"18580","30.819990768","192.168.1.55","192.168.1.2","TCP","290","8004  >  50110 [PSH, ACK] Seq=247574 Ack=144 Win=65024 Len=224 TSval=2916034900 TSecr=3045554673 [TCP segment of a reassembled PDU]"
"18581","30.822507439","192.168.1.2","192.168.1.55","TCP","66","50110  >  8004 [ACK] Seq=144 Ack=182638 Win=94208 Len=0 TSval=3045554674 TSecr=2916034896"
"18582","30.822534624","192.168.1.55","192.168.1.2","TCP","1514","8004  >  50110 [ACK] Seq=247798 Ack=144 Win=65024 Len=1448 TSval=2916034903 TSecr=3045554674 [TCP segment of a reassembled PDU]"
"18583","30.822537235","192.168.1.55","192.168.1.2","TCP","1514","8004  >  50110 [ACK] Seq=249246 Ack=144 Win=65024 Len=1448 TSval=2916034903 TSecr=3045554674 [TCP segment of a reassembled PDU]"
"18584","30.822538605","192.168.1.55","192.168.1.2","TCP","1514","8004  >  50110 [ACK] Seq=250694 Ack=144 Win=65024 Len=1448 TSval=2916034903 TSecr=3045554674 [TCP segment of a reassembled PDU]"
"18585","30.822539902","192.168.1.55","192.168.1.2","TCP","1514","8004  >  50110 [ACK] Seq=252142 Ack=144 Win=65024 Len=1448 TSval=2916034903 TSecr=3045554674 [TCP segment of a reassembled PDU]"
"18586","30.822541272","192.168.1.55","192.168.1.2","TCP","1514","8004  >  50110 [ACK] Seq=253590 Ack=144 Win=65024 Len=1448 TSval=2916034903 TSecr=3045554674 [TCP segment of a reassembled PDU]"
"18587","30.822542939","192.168.1.55","192.168.1.2","TCP","1514","8004  >  50110 [ACK] Seq=255038 Ack=144 Win=65024 Len=1448 TSval=2916034903 TSecr=3045554674 [TCP segment of a reassembled PDU]"
"18588","30.822544253","192.168.1.55","192.168.1.2","TCP","1514","8004  >  50110 [ACK] Seq=256486 Ack=144 Win=65024 Len=1448 TSval=2916034903 TSecr=3045554674 [TCP segment of a reassembled PDU]"
"18589","30.822545531","192.168.1.55","192.168.1.2","TCP","1514","8004  >  50110 [ACK] Seq=257934 Ack=144 Win=65024 Len=1448 TSval=2916034903 TSecr=3045554674 [TCP segment of a reassembled PDU]"
"18590","30.822546939","192.168.1.55","192.168.1.2","TCP","1514","8004  >  50110 [ACK] Seq=259382 Ack=144 Win=65024 Len=1448 TSval=2916034903 TSecr=3045554674 [TCP segment of a reassembled PDU]"
"18591","30.822548328","192.168.1.55","192.168.1.2","TCP","1514","8004  >  50110 [ACK] Seq=260830 Ack=144 Win=65024 Len=1448 TSval=2916034903 TSecr=3045554674 [TCP segment of a reassembled PDU]"
"18592","30.822549865","192.168.1.55","192.168.1.2","TCP","1514","8004  >  50110 [ACK] Seq=262278 Ack=144 Win=65024 Len=1448 TSval=2916034903 TSecr=3045554674 [TCP segment of a reassembled PDU]"
"18593","30.822551309","192.168.1.55","192.168.1.2","TCP","1514","8004  >  50110 [ACK] Seq=263726 Ack=144 Win=65024 Len=1448 TSval=2916034903 TSecr=3045554674 [TCP segment of a reassembled PDU]"
"18594","30.822552753","192.168.1.55","192.168.1.2","TCP","1514","8004  >  50110 [ACK] Seq=265174 Ack=144 Win=65024 Len=1448 TSval=2916034903 TSecr=3045554674 [TCP segment of a reassembled PDU]"
"18595","30.822554050","192.168.1.55","192.168.1.2","TCP","1514","8004  >  50110 [ACK] Seq=266622 Ack=144 Win=65024 Len=1448 TSval=2916034903 TSecr=3045554674 [TCP segment of a reassembled PDU]"
"18596","30.822555513","192.168.1.55","192.168.1.2","TCP","1514","8004  >  50110 [ACK] Seq=268070 Ack=144 Win=65024 Len=1448 TSval=2916034903 TSecr=3045554674 [TCP segment of a reassembled PDU]"
"18597","30.822556902","192.168.1.55","192.168.1.2","TCP","1514","8004  >  50110 [ACK] Seq=269518 Ack=144 Win=65024 Len=1448 TSval=2916034903 TSecr=3045554674 [TCP segment of a reassembled PDU]"
"18598","30.822558328","192.168.1.55","192.168.1.2","TCP","1514","8004  >  50110 [ACK] Seq=270966 Ack=144 Win=65024 Len=1448 TSval=2916034903 TSecr=3045554674 [TCP segment of a reassembled PDU]"
"18599","30.822559772","192.168.1.55","192.168.1.2","TCP","1514","8004  >  50110 [ACK] Seq=272414 Ack=144 Win=65024 Len=1448 TSval=2916034903 TSecr=3045554674 [TCP segment of a reassembled PDU]"
"18600","30.822561068","192.168.1.55","192.168.1.2","TCP","1514","8004  >  50110 [ACK] Seq=273862 Ack=144 Win=65024 Len=1448 TSval=2916034903 TSecr=3045554674 [TCP segment of a reassembled PDU]"
"18601","30.822562346","192.168.1.55","192.168.1.2","TCP","1514","8004  >  50110 [PSH, ACK] Seq=275310 Ack=144 Win=65024 Len=1448 TSval=2916034903 TSecr=3045554674 [TCP segment of a reassembled PDU]"
"18602","30.824863146","192.168.1.2","192.168.1.55","TCP","66","50110  >  8004 [ACK] Seq=144 Ack=191326 Win=97280 Len=0 TSval=3045554676 TSecr=2916034896"
"18603","30.824877183","192.168.1.55","192.168.1.2","TCP","1514","8004  >  50110 [ACK] Seq=276758 Ack=144 Win=65024 Len=1448 TSval=2916034905 TSecr=3045554676 [TCP segment of a reassembled PDU]"
"18604","30.824879590","192.168.1.55","192.168.1.2","TCP","1514","8004  >  50110 [ACK] Seq=278206 Ack=144 Win=65024 Len=1448 TSval=2916034905 TSecr=3045554676 [TCP segment of a reassembled PDU]"
"18605","30.824880961","192.168.1.55","192.168.1.2","TCP","1514","8004  >  50110 [ACK] Seq=279654 Ack=144 Win=65024 Len=1448 TSval=2916034905 TSecr=3045554676 [TCP segment of a reassembled PDU]"
"18606","30.824882239","192.168.1.55","192.168.1.2","TCP","1514","8004  >  50110 [ACK] Seq=281102 Ack=144 Win=65024 Len=1448 TSval=2916034905 TSecr=3045554676 [TCP segment of a reassembled PDU]"
"18607","30.824883516","192.168.1.55","192.168.1.2","TCP","1514","8004  >  50110 [ACK] Seq=282550 Ack=144 Win=65024 Len=1448 TSval=2916034905 TSecr=3045554676 [TCP segment of a reassembled PDU]"
"18608","30.824884868","192.168.1.55","192.168.1.2","TCP","1514","8004  >  50110 [ACK] Seq=283998 Ack=144 Win=65024 Len=1448 TSval=2916034905 TSecr=3045554676 [TCP segment of a reassembled PDU]"
"18609","30.824886128","192.168.1.55","192.168.1.2","TCP","1514","8004  >  50110 [ACK] Seq=285446 Ack=144 Win=65024 Len=1448 TSval=2916034905 TSecr=3045554676 [TCP segment of a reassembled PDU]"
"18610","30.824887553","192.168.1.55","192.168.1.2","TCP","1514","8004  >  50110 [PSH, ACK] Seq=286894 Ack=144 Win=65024 Len=1448 TSval=2916034905 TSecr=3045554676 [TCP segment of a reassembled PDU]"
"18611","30.827501465","192.168.1.2","192.168.1.55","TCP","66","50110  >  8004 [ACK] Seq=144 Ack=198566 Win=111616 Len=0 TSval=3045554679 TSecr=2916034899"
"18612","30.827511854","192.168.1.55","192.168.1.2","TCP","1514","8004  >  50110 [ACK] Seq=288342 Ack=144 Win=65024 Len=1448 TSval=2916034908 TSecr=3045554679 [TCP segment of a reassembled PDU]"
"18613","30.827514132","192.168.1.55","192.168.1.2","TCP","1514","8004  >  50110 [ACK] Seq=289790 Ack=144 Win=65024 Len=1448 TSval=2916034908 TSecr=3045554679 [TCP segment of a reassembled PDU]"
"18614","30.827515502","192.168.1.55","192.168.1.2","TCP","1514","8004  >  50110 [ACK] Seq=291238 Ack=144 Win=65024 Len=1448 TSval=2916034908 TSecr=3045554679 [TCP segment of a reassembled PDU]"
"18615","30.827516798","192.168.1.55","192.168.1.2","TCP","1514","8004  >  50110 [PSH, ACK] Seq=292686 Ack=144 Win=65024 Len=1448 TSval=2916034908 TSecr=3045554679 [TCP segment of a reassembled PDU]"
"18616","30.829079819","192.168.1.2","192.168.1.55","TCP","66","50110  >  8004 [ACK] Seq=144 Ack=201462 Win=117760 Len=0 TSval=3045554681 TSecr=2916034899"
"18617","30.829102282","192.168.1.55","192.168.1.2","TCP","1514","8004  >  50110 [ACK] Seq=294134 Ack=144 Win=65024 Len=1448 TSval=2916034909 TSecr=3045554681 [TCP segment of a reassembled PDU]"
"18618","30.829104579","192.168.1.55","192.168.1.2","TCP","1514","8004  >  50110 [ACK] Seq=295582 Ack=144 Win=65024 Len=1448 TSval=2916034909 TSecr=3045554681 [TCP segment of a reassembled PDU]"
"18619","30.829105875","192.168.1.55","192.168.1.2","TCP","1514","8004  >  50110 [ACK] Seq=297030 Ack=144 Win=65024 Len=1448 TSval=2916034909 TSecr=3045554681 [TCP segment of a reassembled PDU]"
"18620","30.829107264","192.168.1.55","192.168.1.2","TCP","1514","8004  >  50110 [ACK] Seq=298478 Ack=144 Win=65024 Len=1448 TSval=2916034909 TSecr=3045554681 [TCP segment of a reassembled PDU]"
"18621","30.829108560","192.168.1.55","192.168.1.2","TCP","1514","8004  >  50110 [ACK] Seq=299926 Ack=144 Win=65024 Len=1448 TSval=2916034909 TSecr=3045554681 [TCP segment of a reassembled PDU]"
"18622","30.829110042","192.168.1.55","192.168.1.2","TCP","1514","8004  >  50110 [ACK] Seq=301374 Ack=144 Win=65024 Len=1448 TSval=2916034909 TSecr=3045554681 [TCP segment of a reassembled PDU]"
"18623","30.829111301","192.168.1.55","192.168.1.2","TCP","1514","8004  >  50110 [ACK] Seq=302822 Ack=144 Win=65024 Len=1448 TSval=2916034909 TSecr=3045554681 [TCP segment of a reassembled PDU]"
"18624","30.829112856","192.168.1.55","192.168.1.2","TCP","1514","8004  >  50110 [ACK] Seq=304270 Ack=144 Win=65024 Len=1448 TSval=2916034909 TSecr=3045554681 [TCP segment of a reassembled PDU]"
"18625","30.829114505","192.168.1.55","192.168.1.2","TCP","1514","8004  >  50110 [ACK] Seq=305718 Ack=144 Win=65024 Len=1448 TSval=2916034909 TSecr=3045554681 [TCP segment of a reassembled PDU]"
"18626","30.829115782","192.168.1.55","192.168.1.2","TCP","1514","8004  >  50110 [ACK] Seq=307166 Ack=144 Win=65024 Len=1448 TSval=2916034909 TSecr=3045554681 [TCP segment of a reassembled PDU]"
"18627","30.829117245","192.168.1.55","192.168.1.2","TCP","1514","8004  >  50110 [ACK] Seq=308614 Ack=144 Win=65024 Len=1448 TSval=2916034909 TSecr=3045554681 [TCP segment of a reassembled PDU]"
"18628","30.829118542","192.168.1.55","192.168.1.2","TCP","1514","8004  >  50110 [ACK] Seq=310062 Ack=144 Win=65024 Len=1448 TSval=2916034909 TSecr=3045554681 [TCP segment of a reassembled PDU]"
"18629","30.829119838","192.168.1.55","192.168.1.2","TCP","1514","8004  >  50110 [ACK] Seq=311510 Ack=144 Win=65024 Len=1448 TSval=2916034909 TSecr=3045554681 [TCP segment of a reassembled PDU]"
"18630","30.829121282","192.168.1.55","192.168.1.2","TCP","1514","8004  >  50110 [ACK] Seq=312958 Ack=144 Win=65024 Len=1448 TSval=2916034909 TSecr=3045554681 [TCP segment of a reassembled PDU]"
"18631","30.829122579","192.168.1.55","192.168.1.2","TCP","1514","8004  >  50110 [ACK] Seq=314406 Ack=144 Win=65024 Len=1448 TSval=2916034909 TSecr=3045554681 [TCP segment of a reassembled PDU]"
"18632","30.829123856","192.168.1.55","192.168.1.2","TCP","1514","8004  >  50110 [ACK] Seq=315854 Ack=144 Win=65024 Len=1448 TSval=2916034909 TSecr=3045554681 [TCP segment of a reassembled PDU]"
"18633","30.829125301","192.168.1.55","192.168.1.2","TCP","1514","8004  >  50110 [PSH, ACK] Seq=317302 Ack=144 Win=65024 Len=1448 TSval=2916034909 TSecr=3045554681 [TCP segment of a reassembled PDU]"
"18634","30.829853895","192.168.1.2","192.168.1.55","TCP","66","50110  >  8004 [ACK] Seq=144 Ack=224406 Win=117760 Len=0 TSval=3045554681 TSecr=2916034900"
"18635","30.829873784","192.168.1.55","192.168.1.2","TCP","1514","8004  >  50110 [ACK] Seq=318750 Ack=144 Win=65024 Len=1448 TSval=2916034910 TSecr=3045554681 [TCP segment of a reassembled PDU]"
"18636","30.829875580","192.168.1.55","192.168.1.2","TCP","1514","8004  >  50110 [ACK] Seq=320198 Ack=144 Win=65024 Len=1448 TSval=2916034910 TSecr=3045554681 [TCP segment of a reassembled PDU]"
"18637","30.829876913","192.168.1.55","192.168.1.2","TCP","1514","8004  >  50110 [ACK] Seq=321646 Ack=144 Win=65024 Len=1448 TSval=2916034910 TSecr=3045554681 [TCP segment of a reassembled PDU]"
"18638","30.829878376","192.168.1.55","192.168.1.2","TCP","1514","8004  >  50110 [ACK] Seq=323094 Ack=144 Win=65024 Len=1448 TSval=2916034910 TSecr=3045554681 [TCP segment of a reassembled PDU]"
"18639","30.829879821","192.168.1.55","192.168.1.2","TCP","1514","8004  >  50110 [ACK] Seq=324542 Ack=144 Win=65024 Len=1448 TSval=2916034910 TSecr=3045554681 [TCP segment of a reassembled PDU]"
"18640","30.829881469","192.168.1.55","192.168.1.2","TCP","1514","8004  >  50110 [ACK] Seq=325990 Ack=144 Win=65024 Len=1448 TSval=2916034910 TSecr=3045554681 [TCP segment of a reassembled PDU]"
"18641","30.829883413","192.168.1.55","192.168.1.2","TCP","1514","8004  >  50110 [ACK] Seq=327438 Ack=144 Win=65024 Len=1448 TSval=2916034910 TSecr=3045554681 [TCP segment of a reassembled PDU]"
"18642","30.829884784","192.168.1.55","192.168.1.2","TCP","1514","8004  >  50110 [ACK] Seq=328886 Ack=144 Win=65024 Len=1448 TSval=2916034910 TSecr=3045554681 [TCP segment of a reassembled PDU]"
"18643","30.829886117","192.168.1.55","192.168.1.2","TCP","1514","8004  >  50110 [ACK] Seq=330334 Ack=144 Win=65024 Len=1448 TSval=2916034910 TSecr=3045554681 [TCP segment of a reassembled PDU]"
"18644","30.829891969","192.168.1.55","192.168.1.2","TCP","1514","8004  >  50110 [ACK] Seq=331782 Ack=144 Win=65024 Len=1448 TSval=2916034910 TSecr=3045554681 [TCP segment of a reassembled PDU]"
"18645","30.829893487","192.168.1.55","192.168.1.2","TCP","1514","8004  >  50110 [ACK] Seq=333230 Ack=144 Win=65024 Len=1448 TSval=2916034910 TSecr=3045554681 [TCP segment of a reassembled PDU]"
"18646","30.829894876","192.168.1.55","192.168.1.2","TCP","1514","8004  >  50110 [ACK] Seq=334678 Ack=144 Win=65024 Len=1448 TSval=2916034910 TSecr=3045554681 [TCP segment of a reassembled PDU]"
"18647","30.829896154","192.168.1.55","192.168.1.2","TCP","1514","8004  >  50110 [ACK] Seq=336126 Ack=144 Win=65024 Len=1448 TSval=2916034910 TSecr=3045554681 [TCP segment of a reassembled PDU]"
"18648","30.829897413","192.168.1.55","192.168.1.2","TCP","1514","8004  >  50110 [ACK] Seq=337574 Ack=144 Win=65024 Len=1448 TSval=2916034910 TSecr=3045554681 [TCP segment of a reassembled PDU]"
"18649","30.829898765","192.168.1.55","192.168.1.2","TCP","1514","8004  >  50110 [PSH, ACK] Seq=339022 Ack=144 Win=65024 Len=1448 TSval=2916034910 TSecr=3045554681 [TCP segment of a reassembled PDU]"
"18650","30.829903376","192.168.1.2","192.168.1.55","TCP","66","50110  >  8004 [ACK] Seq=144 Ack=240334 Win=121856 Len=0 TSval=3045554681 TSecr=2916034900"
"18651","30.829910765","192.168.1.2","192.168.1.55","TCP","66","50110  >  8004 [ACK] Seq=144 Ack=247574 Win=136192 Len=0 TSval=3045554683 TSecr=2916034900"
"18652","30.829916080","192.168.1.2","192.168.1.55","TCP","66","50110  >  8004 [ACK] Seq=144 Ack=282550 Win=126976 Len=0 TSval=3045554683 TSecr=2916034900"
"18653","30.829955654","192.168.1.55","192.168.1.2","TCP","1514","8004  >  50110 [ACK] Seq=340470 Ack=144 Win=65024 Len=1448 TSval=2916034910 TSecr=3045554683 [TCP segment of a reassembled PDU]"
"18654","30.829957784","192.168.1.55","192.168.1.2","TCP","1514","8004  >  50110 [ACK] Seq=341918 Ack=144 Win=65024 Len=1448 TSval=2916034910 TSecr=3045554683 [TCP segment of a reassembled PDU]"
"18655","30.829959228","192.168.1.55","192.168.1.2","TCP","1514","8004  >  50110 [ACK] Seq=343366 Ack=144 Win=65024 Len=1448 TSval=2916034910 TSecr=3045554683 [TCP segment of a reassembled PDU]"
"18656","30.829960691","192.168.1.55","192.168.1.2","TCP","1514","8004  >  50110 [ACK] Seq=344814 Ack=144 Win=65024 Len=1448 TSval=2916034910 TSecr=3045554683 [TCP segment of a reassembled PDU]"
"18657","30.829962080","192.168.1.55","192.168.1.2","TCP","1514","8004  >  50110 [ACK] Seq=346262 Ack=144 Win=65024 Len=1448 TSval=2916034910 TSecr=3045554683 [TCP segment of a reassembled PDU]"
"18658","30.829963506","192.168.1.55","192.168.1.2","TCP","1514","8004  >  50110 [ACK] Seq=347710 Ack=144 Win=65024 Len=1448 TSval=2916034910 TSecr=3045554683 [TCP segment of a reassembled PDU]"
"18659","30.829964895","192.168.1.55","192.168.1.2","TCP","1514","8004  >  50110 [ACK] Seq=349158 Ack=144 Win=65024 Len=1448 TSval=2916034910 TSecr=3045554683 [TCP segment of a reassembled PDU]"
"18660","30.829966210","192.168.1.55","192.168.1.2","TCP","1514","8004  >  50110 [ACK] Seq=350606 Ack=144 Win=65024 Len=1448 TSval=2916034910 TSecr=3045554683 [TCP segment of a reassembled PDU]"
"18661","30.829967487","192.168.1.55","192.168.1.2","TCP","1514","8004  >  50110 [ACK] Seq=352054 Ack=144 Win=65024 Len=1448 TSval=2916034910 TSecr=3045554683 [TCP segment of a reassembled PDU]"
"18662","30.829969006","192.168.1.55","192.168.1.2","TCP","1514","8004  >  50110 [ACK] Seq=353502 Ack=144 Win=65024 Len=1448 TSval=2916034910 TSecr=3045554683 [TCP segment of a reassembled PDU]"
"18663","30.829970376","192.168.1.55","192.168.1.2","TCP","1514","8004  >  50110 [ACK] Seq=354950 Ack=144 Win=65024 Len=1448 TSval=2916034910 TSecr=3045554683 [TCP segment of a reassembled PDU]"
"18664","30.829972228","192.168.1.55","192.168.1.2","TCP","1514","8004  >  50110 [ACK] Seq=356398 Ack=144 Win=65024 Len=1448 TSval=2916034910 TSecr=3045554683 [TCP segment of a reassembled PDU]"
"18665","30.829973524","192.168.1.55","192.168.1.2","TCP","1514","8004  >  50110 [ACK] Seq=357846 Ack=144 Win=65024 Len=1448 TSval=2916034910 TSecr=3045554683 [TCP segment of a reassembled PDU]"
"18666","30.829974950","192.168.1.55","192.168.1.2","TCP","1514","8004  >  50110 [ACK] Seq=359294 Ack=144 Win=65024 Len=1448 TSval=2916034910 TSecr=3045554683 [TCP segment of a reassembled PDU]"
"18667","30.829976339","192.168.1.55","192.168.1.2","TCP","1514","8004  >  50110 [ACK] Seq=360742 Ack=144 Win=65024 Len=1448 TSval=2916034910 TSecr=3045554683 [TCP segment of a reassembled PDU]"
"18668","30.829977969","192.168.1.55","192.168.1.2","TCP","1514","8004  >  50110 [ACK] Seq=362190 Ack=144 Win=65024 Len=1448 TSval=2916034910 TSecr=3045554683 [TCP segment of a reassembled PDU]"
"18669","30.829979487","192.168.1.55","192.168.1.2","TCP","1514","8004  >  50110 [ACK] Seq=363638 Ack=144 Win=65024 Len=1448 TSval=2916034910 TSecr=3045554683 [TCP segment of a reassembled PDU]"
"18670","30.829980765","192.168.1.55","192.168.1.2","TCP","1514","8004  >  50110 [ACK] Seq=365086 Ack=144 Win=65024 Len=1448 TSval=2916034910 TSecr=3045554683 [TCP segment of a reassembled PDU]"
"18671","30.829982117","192.168.1.55","192.168.1.2","TCP","1514","8004  >  50110 [ACK] Seq=366534 Ack=144 Win=65024 Len=1448 TSval=2916034910 TSecr=3045554683 [TCP segment of a reassembled PDU]"
"18672","30.829983617","192.168.1.55","192.168.1.2","TCP","1514","8004  >  50110 [ACK] Seq=367982 Ack=144 Win=65024 Len=1448 TSval=2916034910 TSecr=3045554683 [TCP segment of a reassembled PDU]"
"18673","30.829984932","192.168.1.55","192.168.1.2","TCP","1514","8004  >  50110 [ACK] Seq=369430 Ack=144 Win=65024 Len=1448 TSval=2916034910 TSecr=3045554683 [TCP segment of a reassembled PDU]"
"18674","30.829987099","192.168.1.55","192.168.1.2","TCP","1514","8004  >  50110 [ACK] Seq=370878 Ack=144 Win=65024 Len=1448 TSval=2916034910 TSecr=3045554683 [TCP segment of a reassembled PDU]"
"18675","30.829988358","192.168.1.55","192.168.1.2","TCP","1514","8004  >  50110 [ACK] Seq=372326 Ack=144 Win=65024 Len=1448 TSval=2916034910 TSecr=3045554683 [TCP segment of a reassembled PDU]"
"18676","30.829989802","192.168.1.55","192.168.1.2","TCP","1514","8004  >  50110 [ACK] Seq=373774 Ack=144 Win=65024 Len=1448 TSval=2916034910 TSecr=3045554683 [TCP segment of a reassembled PDU]"
"18677","30.829991191","192.168.1.55","192.168.1.2","TCP","1514","8004  >  50110 [ACK] Seq=375222 Ack=144 Win=65024 Len=1448 TSval=2916034910 TSecr=3045554683 [TCP segment of a reassembled PDU]"
"18678","30.829992469","192.168.1.55","192.168.1.2","TCP","1514","8004  >  50110 [ACK] Seq=376670 Ack=144 Win=65024 Len=1448 TSval=2916034910 TSecr=3045554683 [TCP segment of a reassembled PDU]"
"18679","30.829994099","192.168.1.55","192.168.1.2","TCP","1514","8004  >  50110 [ACK] Seq=378118 Ack=144 Win=65024 Len=1448 TSval=2916034910 TSecr=3045554683 [TCP segment of a reassembled PDU]"
"18680","30.829995395","192.168.1.55","192.168.1.2","TCP","1514","8004  >  50110 [ACK] Seq=379566 Ack=144 Win=65024 Len=1448 TSval=2916034910 TSecr=3045554683 [TCP segment of a reassembled PDU]"
"18681","30.829996747","192.168.1.55","192.168.1.2","TCP","1514","8004  >  50110 [ACK] Seq=381014 Ack=144 Win=65024 Len=1448 TSval=2916034910 TSecr=3045554683 [TCP segment of a reassembled PDU]"
"18682","30.829998580","192.168.1.55","192.168.1.2","TCP","1514","8004  >  50110 [ACK] Seq=382462 Ack=144 Win=65024 Len=1448 TSval=2916034910 TSecr=3045554683 [TCP segment of a reassembled PDU]"
"18683","30.829999876","192.168.1.55","192.168.1.2","TCP","1514","8004  >  50110 [ACK] Seq=383910 Ack=144 Win=65024 Len=1448 TSval=2916034910 TSecr=3045554683 [TCP segment of a reassembled PDU]"
"18684","30.830001765","192.168.1.55","192.168.1.2","TCP","1514","8004  >  50110 [PSH, ACK] Seq=385358 Ack=144 Win=65024 Len=1448 TSval=2916034910 TSecr=3045554683 [TCP segment of a reassembled PDU]"
"18685","30.830033136","192.168.1.2","192.168.1.55","TCP","66","50110  >  8004 [ACK] Seq=144 Ack=288342 Win=147456 Len=0 TSval=3045554685 TSecr=2916034905"
"18686","30.830079951","192.168.1.55","192.168.1.2","TCP","1514","8004  >  50110 [ACK] Seq=386806 Ack=144 Win=65024 Len=1448 TSval=2916034910 TSecr=3045554685 [TCP segment of a reassembled PDU]"
"18687","30.830082173","192.168.1.55","192.168.1.2","TCP","1514","8004  >  50110 [ACK] Seq=388254 Ack=144 Win=65024 Len=1448 TSval=2916034910 TSecr=3045554685 [TCP segment of a reassembled PDU]"
"18688","30.830083691","192.168.1.55","192.168.1.2","TCP","1514","8004  >  50110 [ACK] Seq=389702 Ack=144 Win=65024 Len=1448 TSval=2916034910 TSecr=3045554685 [TCP segment of a reassembled PDU]"
"18689","30.830085302","192.168.1.55","192.168.1.2","TCP","1514","8004  >  50110 [ACK] Seq=391150 Ack=144 Win=65024 Len=1448 TSval=2916034910 TSecr=3045554685 [TCP segment of a reassembled PDU]"
"18690","30.830086728","192.168.1.55","192.168.1.2","TCP","1514","8004  >  50110 [ACK] Seq=392598 Ack=144 Win=65024 Len=1448 TSval=2916034910 TSecr=3045554685 [TCP segment of a reassembled PDU]"
"18691","30.830088451","192.168.1.55","192.168.1.2","TCP","1514","8004  >  50110 [ACK] Seq=394046 Ack=144 Win=65024 Len=1448 TSval=2916034910 TSecr=3045554685 [TCP segment of a reassembled PDU]"
"18692","30.830089821","192.168.1.55","192.168.1.2","TCP","1514","8004  >  50110 [ACK] Seq=395494 Ack=144 Win=65024 Len=1448 TSval=2916034910 TSecr=3045554685 [TCP segment of a reassembled PDU]"
"18693","30.830091247","192.168.1.55","192.168.1.2","TCP","1514","8004  >  50110 [ACK] Seq=396942 Ack=144 Win=65024 Len=1448 TSval=2916034910 TSecr=3045554685 [TCP segment of a reassembled PDU]"
"18694","30.830092617","192.168.1.55","192.168.1.2","TCP","1514","8004  >  50110 [ACK] Seq=398390 Ack=144 Win=65024 Len=1448 TSval=2916034910 TSecr=3045554685 [TCP segment of a reassembled PDU]"
"18695","30.830093913","192.168.1.55","192.168.1.2","TCP","1514","8004  >  50110 [ACK] Seq=399838 Ack=144 Win=65024 Len=1448 TSval=2916034910 TSecr=3045554685 [TCP segment of a reassembled PDU]"
"18696","30.830095654","192.168.1.55","192.168.1.2","TCP","1514","8004  >  50110 [ACK] Seq=401286 Ack=144 Win=65024 Len=1448 TSval=2916034910 TSecr=3045554685 [TCP segment of a reassembled PDU]"
"18697","30.830096969","192.168.1.55","192.168.1.2","TCP","1514","8004  >  50110 [ACK] Seq=402734 Ack=144 Win=65024 Len=1448 TSval=2916034910 TSecr=3045554685 [TCP segment of a reassembled PDU]"
"18698","30.830098580","192.168.1.55","192.168.1.2","TCP","1514","8004  >  50110 [ACK] Seq=404182 Ack=144 Win=65024 Len=1448 TSval=2916034910 TSecr=3045554685 [TCP segment of a reassembled PDU]"
"18699","30.830099858","192.168.1.55","192.168.1.2","TCP","1514","8004  >  50110 [ACK] Seq=405630 Ack=144 Win=65024 Len=1448 TSval=2916034910 TSecr=3045554685 [TCP segment of a reassembled PDU]"
"18700","30.830101321","192.168.1.55","192.168.1.2","TCP","1514","8004  >  50110 [ACK] Seq=407078 Ack=144 Win=65024 Len=1448 TSval=2916034910 TSecr=3045554685 [TCP segment of a reassembled PDU]"
"18701","30.830102914","192.168.1.55","192.168.1.2","TCP","1514","8004  >  50110 [ACK] Seq=408526 Ack=144 Win=65024 Len=1448 TSval=2916034910 TSecr=3045554685 [TCP segment of a reassembled PDU]"
"18702","30.830104339","192.168.1.55","192.168.1.2","TCP","1514","8004  >  50110 [ACK] Seq=409974 Ack=144 Win=65024 Len=1448 TSval=2916034910 TSecr=3045554685 [TCP segment of a reassembled PDU]"
"18703","30.830105747","192.168.1.55","192.168.1.2","TCP","1514","8004  >  50110 [ACK] Seq=411422 Ack=144 Win=65024 Len=1448 TSval=2916034910 TSecr=3045554685 [TCP segment of a reassembled PDU]"
"18704","30.830107247","192.168.1.55","192.168.1.2","TCP","1514","8004  >  50110 [ACK] Seq=412870 Ack=144 Win=65024 Len=1448 TSval=2916034910 TSecr=3045554685 [TCP segment of a reassembled PDU]"
"18705","30.830108951","192.168.1.55","192.168.1.2","TCP","1514","8004  >  50110 [ACK] Seq=414318 Ack=144 Win=65024 Len=1448 TSval=2916034910 TSecr=3045554685 [TCP segment of a reassembled PDU]"
"18706","30.830110469","192.168.1.55","192.168.1.2","TCP","1514","8004  >  50110 [ACK] Seq=415766 Ack=144 Win=65024 Len=1448 TSval=2916034910 TSecr=3045554685 [TCP segment of a reassembled PDU]"
"18707","30.830112136","192.168.1.55","192.168.1.2","TCP","1514","8004  >  50110 [ACK] Seq=417214 Ack=144 Win=65024 Len=1448 TSval=2916034910 TSecr=3045554685 [TCP segment of a reassembled PDU]"
"18708","30.830113543","192.168.1.55","192.168.1.2","TCP","1514","8004  >  50110 [ACK] Seq=418662 Ack=144 Win=65024 Len=1448 TSval=2916034910 TSecr=3045554685 [TCP segment of a reassembled PDU]"
"18709","30.830115043","192.168.1.55","192.168.1.2","TCP","1514","8004  >  50110 [ACK] Seq=420110 Ack=144 Win=65024 Len=1448 TSval=2916034910 TSecr=3045554685 [TCP segment of a reassembled PDU]"
"18710","30.830116636","192.168.1.55","192.168.1.2","TCP","1514","8004  >  50110 [ACK] Seq=421558 Ack=144 Win=65024 Len=1448 TSval=2916034910 TSecr=3045554685 [TCP segment of a reassembled PDU]"
"18711","30.830118099","192.168.1.55","192.168.1.2","TCP","1514","8004  >  50110 [ACK] Seq=423006 Ack=144 Win=65024 Len=1448 TSval=2916034910 TSecr=3045554685 [TCP segment of a reassembled PDU]"
"18712","30.830120080","192.168.1.55","192.168.1.2","TCP","1514","8004  >  50110 [ACK] Seq=424454 Ack=144 Win=65024 Len=1448 TSval=2916034910 TSecr=3045554685 [TCP segment of a reassembled PDU]"
"18713","30.830121414","192.168.1.55","192.168.1.2","TCP","1514","8004  >  50110 [ACK] Seq=425902 Ack=144 Win=65024 Len=1448 TSval=2916034910 TSecr=3045554685 [TCP segment of a reassembled PDU]"
"18714","30.830122784","192.168.1.55","192.168.1.2","TCP","1514","8004  >  50110 [ACK] Seq=427350 Ack=144 Win=65024 Len=1448 TSval=2916034910 TSecr=3045554685 [TCP segment of a reassembled PDU]"
"18715","30.830124136","192.168.1.55","192.168.1.2","TCP","1514","8004  >  50110 [ACK] Seq=428798 Ack=144 Win=65024 Len=1448 TSval=2916034910 TSecr=3045554685 [TCP segment of a reassembled PDU]"
"18716","30.830125599","192.168.1.55","192.168.1.2","TCP","1514","8004  >  50110 [ACK] Seq=430246 Ack=144 Win=65024 Len=1448 TSval=2916034910 TSecr=3045554685 [TCP segment of a reassembled PDU]"
"18717","30.830127025","192.168.1.55","192.168.1.2","TCP","1514","8004  >  50110 [PSH, ACK] Seq=431694 Ack=144 Win=65024 Len=1448 TSval=2916034910 TSecr=3045554685 [TCP segment of a reassembled PDU]"
"18718","30.831171415","192.168.1.55","192.168.1.2","TCP","1514","8004  >  50110 [ACK] Seq=433142 Ack=144 Win=65024 Len=1448 TSval=2916034911 TSecr=3045554685 [TCP segment of a reassembled PDU]"
"18719","30.831174026","192.168.1.55","192.168.1.2","TCP","1274","[TCP Window Full] 8004  >  50110 [PSH, ACK] Seq=434590 Ack=144 Win=65024 Len=1208 TSval=2916034911 TSecr=3045554685 [TCP segment of a reassembled PDU]"
"18720","30.836784813","192.168.1.2","192.168.1.55","TCP","66","50110  >  8004 [ACK] Seq=144 Ack=294134 Win=158720 Len=0 TSval=3045554688 TSecr=2916034908"
"18721","30.836802813","192.168.1.55","192.168.1.2","TCP","1514","8004  >  50110 [ACK] Seq=435798 Ack=144 Win=65024 Len=1448 TSval=2916034917 TSecr=3045554688 [TCP segment of a reassembled PDU]"
"18722","30.836805387","192.168.1.55","192.168.1.2","TCP","1514","8004  >  50110 [ACK] Seq=437246 Ack=144 Win=65024 Len=1448 TSval=2916034917 TSecr=3045554688 [TCP segment of a reassembled PDU]"
"18723","30.836806757","192.168.1.55","192.168.1.2","TCP","1514","8004  >  50110 [ACK] Seq=438694 Ack=144 Win=65024 Len=1448 TSval=2916034917 TSecr=3045554688 [TCP segment of a reassembled PDU]"
"18724","30.836808165","192.168.1.55","192.168.1.2","TCP","1514","8004  >  50110 [ACK] Seq=440142 Ack=144 Win=65024 Len=1448 TSval=2916034917 TSecr=3045554688 [TCP segment of a reassembled PDU]"
"18725","30.836809869","192.168.1.55","192.168.1.2","TCP","1514","8004  >  50110 [ACK] Seq=441590 Ack=144 Win=65024 Len=1448 TSval=2916034917 TSecr=3045554688 [TCP segment of a reassembled PDU]"
"18726","30.836811165","192.168.1.55","192.168.1.2","TCP","1514","8004  >  50110 [ACK] Seq=443038 Ack=144 Win=65024 Len=1448 TSval=2916034917 TSecr=3045554688 [TCP segment of a reassembled PDU]"
"18727","30.836812535","192.168.1.55","192.168.1.2","TCP","1514","8004  >  50110 [ACK] Seq=444486 Ack=144 Win=65024 Len=1448 TSval=2916034917 TSecr=3045554688 [TCP segment of a reassembled PDU]"
"18728","30.836813906","192.168.1.55","192.168.1.2","TCP","1514","8004  >  50110 [ACK] Seq=445934 Ack=144 Win=65024 Len=1448 TSval=2916034917 TSecr=3045554688 [TCP segment of a reassembled PDU]"
"18729","30.836815331","192.168.1.55","192.168.1.2","TCP","1514","8004  >  50110 [ACK] Seq=447382 Ack=144 Win=65024 Len=1448 TSval=2916034917 TSecr=3045554688 [TCP segment of a reassembled PDU]"
"18730","30.836816813","192.168.1.55","192.168.1.2","TCP","1514","8004  >  50110 [ACK] Seq=448830 Ack=144 Win=65024 Len=1448 TSval=2916034917 TSecr=3045554688 [TCP segment of a reassembled PDU]"
"18731","30.836818183","192.168.1.55","192.168.1.2","TCP","1514","8004  >  50110 [PSH, ACK] Seq=450278 Ack=144 Win=65024 Len=1448 TSval=2916034917 TSecr=3045554688 [TCP segment of a reassembled PDU]"
"18732","30.836849054","192.168.1.2","192.168.1.55","TCP","66","50110  >  8004 [ACK] Seq=144 Ack=317302 Win=150528 Len=0 TSval=3045554688 TSecr=2916034909"
"18733","30.837449777","192.168.1.2","192.168.1.55","TCP","66","50110  >  8004 [ACK] Seq=144 Ack=318750 Win=161792 Len=0 TSval=3045554693 TSecr=2916034909"
"18734","30.837474018","192.168.1.55","192.168.1.2","TCP","1514","8004  >  50110 [ACK] Seq=451726 Ack=144 Win=65024 Len=1448 TSval=2916034918 TSecr=3045554693 [TCP segment of a reassembled PDU]"
"18735","30.837476295","192.168.1.55","192.168.1.2","TCP","1514","8004  >  50110 [ACK] Seq=453174 Ack=144 Win=65024 Len=1448 TSval=2916034918 TSecr=3045554693 [TCP segment of a reassembled PDU]"
"18736","30.837477610","192.168.1.55","192.168.1.2","TCP","1514","8004  >  50110 [ACK] Seq=454622 Ack=144 Win=65024 Len=1448 TSval=2916034918 TSecr=3045554693 [TCP segment of a reassembled PDU]"
"18737","30.837478999","192.168.1.55","192.168.1.2","TCP","1514","8004  >  50110 [ACK] Seq=456070 Ack=144 Win=65024 Len=1448 TSval=2916034918 TSecr=3045554693 [TCP segment of a reassembled PDU]"
"18738","30.837480277","192.168.1.55","192.168.1.2","TCP","1514","8004  >  50110 [ACK] Seq=457518 Ack=144 Win=65024 Len=1448 TSval=2916034918 TSecr=3045554693 [TCP segment of a reassembled PDU]"
"18739","30.837481573","192.168.1.55","192.168.1.2","TCP","1514","8004  >  50110 [ACK] Seq=458966 Ack=144 Win=65024 Len=1448 TSval=2916034918 TSecr=3045554693 [TCP segment of a reassembled PDU]"
"18740","30.837483333","192.168.1.55","192.168.1.2","TCP","1514","8004  >  50110 [ACK] Seq=460414 Ack=144 Win=65024 Len=1448 TSval=2916034918 TSecr=3045554693 [TCP segment of a reassembled PDU]"
"18741","30.837484703","192.168.1.55","192.168.1.2","TCP","1514","8004  >  50110 [ACK] Seq=461862 Ack=144 Win=65024 Len=1448 TSval=2916034918 TSecr=3045554693 [TCP segment of a reassembled PDU]"
"18742","30.837486129","192.168.1.55","192.168.1.2","TCP","1514","8004  >  50110 [ACK] Seq=463310 Ack=144 Win=65024 Len=1448 TSval=2916034918 TSecr=3045554693 [TCP segment of a reassembled PDU]"
"18743","30.837487444","192.168.1.55","192.168.1.2","TCP","1514","8004  >  50110 [ACK] Seq=464758 Ack=144 Win=65024 Len=1448 TSval=2916034918 TSecr=3045554693 [TCP segment of a reassembled PDU]"
"18744","30.837488740","192.168.1.55","192.168.1.2","TCP","1514","8004  >  50110 [ACK] Seq=466206 Ack=144 Win=65024 Len=1448 TSval=2916034918 TSecr=3045554693 [TCP segment of a reassembled PDU]"
"18745","30.837490018","192.168.1.55","192.168.1.2","TCP","1514","8004  >  50110 [ACK] Seq=467654 Ack=144 Win=65024 Len=1448 TSval=2916034918 TSecr=3045554693 [TCP segment of a reassembled PDU]"
"18746","30.837491462","192.168.1.55","192.168.1.2","TCP","1514","8004  >  50110 [ACK] Seq=469102 Ack=144 Win=65024 Len=1448 TSval=2916034918 TSecr=3045554693 [TCP segment of a reassembled PDU]"
"18747","30.837493036","192.168.1.55","192.168.1.2","TCP","1514","8004  >  50110 [ACK] Seq=470550 Ack=144 Win=65024 Len=1448 TSval=2916034918 TSecr=3045554693 [TCP segment of a reassembled PDU]"
"18748","30.837494333","192.168.1.55","192.168.1.2","TCP","1514","8004  >  50110 [ACK] Seq=471998 Ack=144 Win=65024 Len=1448 TSval=2916034918 TSecr=3045554693 [TCP segment of a reassembled PDU]"
"18749","30.837495629","192.168.1.55","192.168.1.2","TCP","1514","8004  >  50110 [ACK] Seq=473446 Ack=144 Win=65024 Len=1448 TSval=2916034918 TSecr=3045554693 [TCP segment of a reassembled PDU]"
"18750","30.837497166","192.168.1.55","192.168.1.2","TCP","1514","8004  >  50110 [ACK] Seq=474894 Ack=144 Win=65024 Len=1448 TSval=2916034918 TSecr=3045554693 [TCP segment of a reassembled PDU]"
"18751","30.837498481","192.168.1.55","192.168.1.2","TCP","1514","8004  >  50110 [ACK] Seq=476342 Ack=144 Win=65024 Len=1448 TSval=2916034918 TSecr=3045554693 [TCP segment of a reassembled PDU]"
"18752","30.837499851","192.168.1.55","192.168.1.2","TCP","1514","8004  >  50110 [PSH, ACK] Seq=477790 Ack=144 Win=65024 Len=1448 TSval=2916034918 TSecr=3045554693 [TCP segment of a reassembled PDU]"
"18753","30.837504555","192.168.1.55","192.168.1.2","TCP","306","8004  >  50110 [ACK] Seq=479238 Ack=144 Win=65024 Len=240 TSval=2916034918 TSecr=3045554693 [TCP segment of a reassembled PDU]"
"18754","30.837580185","192.168.1.2","192.168.1.55","TCP","66","50110  >  8004 [ACK] Seq=144 Ack=340470 Win=151552 Len=0 TSval=3045554693 TSecr=2916034910"
"18755","30.837587907","192.168.1.2","192.168.1.55","TCP","66","50110  >  8004 [ACK] Seq=144 Ack=386806 Win=128000 Len=0 TSval=3045554693 TSecr=2916034910"
"18756","30.837607870","192.168.1.55","192.168.1.2","TCP","1514","8004  >  50110 [ACK] Seq=479478 Ack=144 Win=65024 Len=1448 TSval=2916034918 TSecr=3045554693 [TCP segment of a reassembled PDU]"
"18757","30.837609722","192.168.1.55","192.168.1.2","TCP","1514","8004  >  50110 [ACK] Seq=480926 Ack=144 Win=65024 Len=1448 TSval=2916034918 TSecr=3045554693 [TCP segment of a reassembled PDU]"
"18758","30.837610999","192.168.1.55","192.168.1.2","TCP","1514","8004  >  50110 [ACK] Seq=482374 Ack=144 Win=65024 Len=1448 TSval=2916034918 TSecr=3045554693 [TCP segment of a reassembled PDU]"
"18759","30.837612425","192.168.1.55","192.168.1.2","TCP","1514","8004  >  50110 [ACK] Seq=483822 Ack=144 Win=65024 Len=1448 TSval=2916034918 TSecr=3045554693 [TCP segment of a reassembled PDU]"
"18760","30.837613962","192.168.1.55","192.168.1.2","TCP","1514","8004  >  50110 [ACK] Seq=485270 Ack=144 Win=65024 Len=1448 TSval=2916034918 TSecr=3045554693 [TCP segment of a reassembled PDU]"
"18761","30.837615351","192.168.1.55","192.168.1.2","TCP","1514","8004  >  50110 [ACK] Seq=486718 Ack=144 Win=65024 Len=1448 TSval=2916034918 TSecr=3045554693 [TCP segment of a reassembled PDU]"
"18762","30.837616629","192.168.1.55","192.168.1.2","TCP","1514","8004  >  50110 [ACK] Seq=488166 Ack=144 Win=65024 Len=1448 TSval=2916034918 TSecr=3045554693 [TCP segment of a reassembled PDU]"
"18763","30.837617962","192.168.1.55","192.168.1.2","TCP","1514","8004  >  50110 [ACK] Seq=489614 Ack=144 Win=65024 Len=1448 TSval=2916034918 TSecr=3045554693 [TCP segment of a reassembled PDU]"
"18764","30.837619259","192.168.1.55","192.168.1.2","TCP","1514","8004  >  50110 [ACK] Seq=491062 Ack=144 Win=65024 Len=1448 TSval=2916034918 TSecr=3045554693 [TCP segment of a reassembled PDU]"
"18765","30.837620685","192.168.1.55","192.168.1.2","TCP","1514","8004  >  50110 [ACK] Seq=492510 Ack=144 Win=65024 Len=1448 TSval=2916034918 TSecr=3045554693 [TCP segment of a reassembled PDU]"
"18766","30.837621999","192.168.1.55","192.168.1.2","TCP","1514","8004  >  50110 [ACK] Seq=493958 Ack=144 Win=65024 Len=1448 TSval=2916034918 TSecr=3045554693 [TCP segment of a reassembled PDU]"
"18767","30.837623277","192.168.1.55","192.168.1.2","TCP","1514","8004  >  50110 [ACK] Seq=495406 Ack=144 Win=65024 Len=1448 TSval=2916034918 TSecr=3045554693 [TCP segment of a reassembled PDU]"
"18768","30.837624555","192.168.1.55","192.168.1.2","TCP","1514","8004  >  50110 [PSH, ACK] Seq=496854 Ack=144 Win=65024 Len=1448 TSval=2916034918 TSecr=3045554693 [TCP segment of a reassembled PDU]"
"18769","30.837628370","192.168.1.55","192.168.1.2","HTTP","222","HTTP/1.0 200 OK  (PNG)"
"18770","30.839858688","192.168.1.2","192.168.1.55","TCP","66","50110  >  8004 [ACK] Seq=144 Ack=433142 Win=125952 Len=0 TSval=3045554693 TSecr=2916034910"
"18771","30.843285471","192.168.1.2","192.168.1.55","TCP","66","50110  >  8004 [ACK] Seq=144 Ack=435798 Win=166912 Len=0 TSval=3045554698 TSecr=2916034911"
"18772","30.843448435","192.168.1.2","192.168.1.55","TCP","66","50110  >  8004 [ACK] Seq=144 Ack=451726 Win=152576 Len=0 TSval=3045554698 TSecr=2916034917"
"18773","30.843454657","192.168.1.2","192.168.1.55","TCP","66","50110  >  8004 [ACK] Seq=144 Ack=479238 Win=166912 Len=0 TSval=3045554698 TSecr=2916034918"
"18774","30.843459601","192.168.1.2","192.168.1.55","TCP","66","50110  >  8004 [ACK] Seq=144 Ack=498302 Win=165888 Len=0 TSval=3045554698 TSecr=2916034918"
"18775","30.844006158","192.168.1.2","192.168.1.55","TCP","66","50110  >  8004 [FIN, ACK] Seq=144 Ack=498459 Win=169984 Len=0 TSval=3045554698 TSecr=2916034918"
"18776","30.844018787","192.168.1.55","192.168.1.2","TCP","66","8004  >  50110 [ACK] Seq=498459 Ack=145 Win=65024 Len=0 TSval=2916034924 TSecr=3045554698"
"18777","30.844130010","192.168.1.2","192.168.1.55","TCP","74","35812  >  8004 [SYN] Seq=0 Win=64240 Len=0 MSS=1460 SACK_PERM TSval=3045554699 TSecr=0 WS=1024"
"18778","30.844154695","192.168.1.55","192.168.1.2","TCP","74","8004  >  35812 [SYN, ACK] Seq=0 Ack=1 Win=65160 Len=0 MSS=1460 SACK_PERM TSval=2916034924 TSecr=3045554699 WS=128"
"18779","30.847258792","192.168.1.2","192.168.1.55","TCP","66","35812  >  8004 [ACK] Seq=1 Ack=1 Win=64512 Len=0 TSval=3045554702 TSecr=2916034924"
"18780","30.850462649","192.168.1.2","192.168.1.55","HTTP","206","GET /stego_benchmark.png HTTP/1.1 "
"18781","30.850473983","192.168.1.55","192.168.1.2","TCP","66","8004  >  35812 [ACK] Seq=1 Ack=141 Win=65024 Len=0 TSval=2916034931 TSecr=3045554702"
"18782","30.850954854","192.168.1.55","192.168.1.2","TCP","255","8004  >  35812 [PSH, ACK] Seq=1 Ack=141 Win=65024 Len=189 TSval=2916034931 TSecr=3045554702 [TCP segment of a reassembled PDU]"
"18783","30.851044687","192.168.1.55","192.168.1.2","TCP","1514","8004  >  35812 [ACK] Seq=190 Ack=141 Win=65024 Len=1448 TSval=2916034931 TSecr=3045554702 [TCP segment of a reassembled PDU]"
"18784","30.851049372","192.168.1.55","192.168.1.2","TCP","1514","8004  >  35812 [ACK] Seq=1638 Ack=141 Win=65024 Len=1448 TSval=2916034931 TSecr=3045554702 [TCP segment of a reassembled PDU]"
"18785","30.851050798","192.168.1.55","192.168.1.2","TCP","1514","8004  >  35812 [ACK] Seq=3086 Ack=141 Win=65024 Len=1448 TSval=2916034931 TSecr=3045554702 [TCP segment of a reassembled PDU]"
"18786","30.851052206","192.168.1.55","192.168.1.2","TCP","1514","8004  >  35812 [ACK] Seq=4534 Ack=141 Win=65024 Len=1448 TSval=2916034931 TSecr=3045554702 [TCP segment of a reassembled PDU]"
"18787","30.851054132","192.168.1.55","192.168.1.2","TCP","1514","8004  >  35812 [PSH, ACK] Seq=5982 Ack=141 Win=65024 Len=1448 TSval=2916034931 TSecr=3045554702 [TCP segment of a reassembled PDU]"
"18788","30.851070798","192.168.1.55","192.168.1.2","TCP","1514","8004  >  35812 [ACK] Seq=7430 Ack=141 Win=65024 Len=1448 TSval=2916034931 TSecr=3045554702 [TCP segment of a reassembled PDU]"
"18789","30.851072428","192.168.1.55","192.168.1.2","TCP","1514","8004  >  35812 [ACK] Seq=8878 Ack=141 Win=65024 Len=1448 TSval=2916034931 TSecr=3045554702 [TCP segment of a reassembled PDU]"
"18790","30.851073872","192.168.1.55","192.168.1.2","TCP","1514","8004  >  35812 [ACK] Seq=10326 Ack=141 Win=65024 Len=1448 TSval=2916034931 TSecr=3045554702 [TCP segment of a reassembled PDU]"
"18791","30.851075261","192.168.1.55","192.168.1.2","TCP","1514","8004  >  35812 [PSH, ACK] Seq=11774 Ack=141 Win=65024 Len=1448 TSval=2916034931 TSecr=3045554702 [TCP segment of a reassembled PDU]"
"18792","30.854655582","192.168.1.2","192.168.1.55","TCP","66","35812  >  8004 [ACK] Seq=141 Ack=190 Win=64512 Len=0 TSval=3045554709 TSecr=2916034931"
"18793","30.854784730","192.168.1.55","192.168.1.2","TCP","1514","8004  >  35812 [ACK] Seq=13222 Ack=141 Win=65024 Len=1448 TSval=2916034935 TSecr=3045554709 [TCP segment of a reassembled PDU]"
"18794","30.854799841","192.168.1.55","192.168.1.2","TCP","1514","8004  >  35812 [PSH, ACK] Seq=14670 Ack=141 Win=65024 Len=1448 TSval=2916034935 TSecr=3045554709 [TCP segment of a reassembled PDU]"
"18795","30.854942897","192.168.1.2","192.168.1.55","TCP","66","35812  >  8004 [ACK] Seq=141 Ack=5982 Win=76800 Len=0 TSval=3045554709 TSecr=2916034931"
"18796","30.855058601","192.168.1.55","192.168.1.2","TCP","1514","8004  >  35812 [ACK] Seq=16118 Ack=141 Win=65024 Len=1448 TSval=2916034935 TSecr=3045554709 [TCP segment of a reassembled PDU]"
"18797","30.855066582","192.168.1.55","192.168.1.2","TCP","1514","8004  >  35812 [ACK] Seq=17566 Ack=141 Win=65024 Len=1448 TSval=2916034935 TSecr=3045554709 [TCP segment of a reassembled PDU]"
"18798","30.855069971","192.168.1.55","192.168.1.2","TCP","1514","8004  >  35812 [ACK] Seq=19014 Ack=141 Win=65024 Len=1448 TSval=2916034935 TSecr=3045554709 [TCP segment of a reassembled PDU]"
"18799","30.855072471","192.168.1.55","192.168.1.2","TCP","1514","8004  >  35812 [ACK] Seq=20462 Ack=141 Win=65024 Len=1448 TSval=2916034935 TSecr=3045554709 [TCP segment of a reassembled PDU]"
"18800","30.855076008","192.168.1.55","192.168.1.2","TCP","1514","8004  >  35812 [ACK] Seq=21910 Ack=141 Win=65024 Len=1448 TSval=2916034935 TSecr=3045554709 [TCP segment of a reassembled PDU]"
"18801","30.855078249","192.168.1.55","192.168.1.2","TCP","1514","8004  >  35812 [ACK] Seq=23358 Ack=141 Win=65024 Len=1448 TSval=2916034935 TSecr=3045554709 [TCP segment of a reassembled PDU]"
"18802","30.855080564","192.168.1.55","192.168.1.2","TCP","1514","8004  >  35812 [PSH, ACK] Seq=24806 Ack=141 Win=65024 Len=1448 TSval=2916034935 TSecr=3045554709 [TCP segment of a reassembled PDU]"
"18803","30.855101175","192.168.1.2","192.168.1.55","TCP","66","35812  >  8004 [ACK] Seq=141 Ack=7430 Win=79872 Len=0 TSval=3045554710 TSecr=2916034931"
"18804","30.855123731","192.168.1.2","192.168.1.55","TCP","66","35812  >  8004 [ACK] Seq=141 Ack=13222 Win=80896 Len=0 TSval=3045554710 TSecr=2916034931"
"18805","30.855194712","192.168.1.55","192.168.1.2","TCP","1514","8004  >  35812 [ACK] Seq=26254 Ack=141 Win=65024 Len=1448 TSval=2916034935 TSecr=3045554710 [TCP segment of a reassembled PDU]"
"18806","30.855203194","192.168.1.55","192.168.1.2","TCP","1514","8004  >  35812 [ACK] Seq=27702 Ack=141 Win=65024 Len=1448 TSval=2916034935 TSecr=3045554710 [TCP segment of a reassembled PDU]"
"18807","30.855206064","192.168.1.55","192.168.1.2","TCP","1514","8004  >  35812 [ACK] Seq=29150 Ack=141 Win=65024 Len=1448 TSval=2916034935 TSecr=3045554710 [TCP segment of a reassembled PDU]"
"18808","30.855208379","192.168.1.55","192.168.1.2","TCP","1514","8004  >  35812 [ACK] Seq=30598 Ack=141 Win=65024 Len=1448 TSval=2916034935 TSecr=3045554710 [TCP segment of a reassembled PDU]"
"18809","30.855212935","192.168.1.55","192.168.1.2","TCP","1514","8004  >  35812 [ACK] Seq=32046 Ack=141 Win=65024 Len=1448 TSval=2916034935 TSecr=3045554710 [TCP segment of a reassembled PDU]"
"18810","30.855214546","192.168.1.55","192.168.1.2","TCP","1514","8004  >  35812 [ACK] Seq=33494 Ack=141 Win=65024 Len=1448 TSval=2916034935 TSecr=3045554710 [TCP segment of a reassembled PDU]"
"18811","30.855216879","192.168.1.55","192.168.1.2","TCP","1514","8004  >  35812 [ACK] Seq=34942 Ack=141 Win=65024 Len=1448 TSval=2916034935 TSecr=3045554710 [TCP segment of a reassembled PDU]"
"18812","30.855221360","192.168.1.55","192.168.1.2","TCP","1514","8004  >  35812 [ACK] Seq=36390 Ack=141 Win=65024 Len=1448 TSval=2916034935 TSecr=3045554710 [TCP segment of a reassembled PDU]"
"18813","30.855225527","192.168.1.55","192.168.1.2","TCP","1514","8004  >  35812 [ACK] Seq=37838 Ack=141 Win=65024 Len=1448 TSval=2916034935 TSecr=3045554710 [TCP segment of a reassembled PDU]"
"18814","30.855227935","192.168.1.55","192.168.1.2","TCP","1514","8004  >  35812 [PSH, ACK] Seq=39286 Ack=141 Win=65024 Len=1448 TSval=2916034935 TSecr=3045554710 [TCP segment of a reassembled PDU]"
"18815","30.856178084","192.168.1.55","192.168.1.2","TCP","1514","8004  >  35812 [ACK] Seq=40734 Ack=141 Win=65024 Len=1448 TSval=2916034936 TSecr=3045554710 [TCP segment of a reassembled PDU]"
"18816","30.860425313","192.168.1.2","192.168.1.55","TCP","66","35812  >  8004 [ACK] Seq=141 Ack=16118 Win=87040 Len=0 TSval=3045554714 TSecr=2916034935"
"18817","30.860483184","192.168.1.55","192.168.1.2","TCP","1514","8004  >  35812 [ACK] Seq=42182 Ack=141 Win=65024 Len=1448 TSval=2916034941 TSecr=3045554714 [TCP segment of a reassembled PDU]"
"18818","30.860491350","192.168.1.55","192.168.1.2","TCP","1514","8004  >  35812 [PSH, ACK] Seq=43630 Ack=141 Win=65024 Len=1448 TSval=2916034941 TSecr=3045554714 [TCP segment of a reassembled PDU]"
"18819","30.860602813","192.168.1.2","192.168.1.55","TCP","66","35812  >  8004 [ACK] Seq=141 Ack=26254 Win=82944 Len=0 TSval=3045554714 TSecr=2916034935"
"18820","30.860681443","192.168.1.55","192.168.1.2","TCP","1514","8004  >  35812 [ACK] Seq=45078 Ack=141 Win=65024 Len=1448 TSval=2916034941 TSecr=3045554714 [TCP segment of a reassembled PDU]"
"18821","30.860687388","192.168.1.55","192.168.1.2","TCP","1514","8004  >  35812 [ACK] Seq=46526 Ack=141 Win=65024 Len=1448 TSval=2916034941 TSecr=3045554714 [TCP segment of a reassembled PDU]"
"18822","30.860688925","192.168.1.55","192.168.1.2","TCP","1514","8004  >  35812 [ACK] Seq=47974 Ack=141 Win=65024 Len=1448 TSval=2916034941 TSecr=3045554714 [TCP segment of a reassembled PDU]"
"18823","30.860690314","192.168.1.55","192.168.1.2","TCP","1514","8004  >  35812 [ACK] Seq=49422 Ack=141 Win=65024 Len=1448 TSval=2916034941 TSecr=3045554714 [TCP segment of a reassembled PDU]"
"18824","30.860692110","192.168.1.55","192.168.1.2","TCP","1514","8004  >  35812 [ACK] Seq=50870 Ack=141 Win=65024 Len=1448 TSval=2916034941 TSecr=3045554714 [TCP segment of a reassembled PDU]"
"18825","30.860693480","192.168.1.55","192.168.1.2","TCP","1514","8004  >  35812 [ACK] Seq=52318 Ack=141 Win=65024 Len=1448 TSval=2916034941 TSecr=3045554714 [TCP segment of a reassembled PDU]"
"18826","30.860696073","192.168.1.55","192.168.1.2","TCP","1514","8004  >  35812 [ACK] Seq=53766 Ack=141 Win=65024 Len=1448 TSval=2916034941 TSecr=3045554714 [TCP segment of a reassembled PDU]"
"18827","30.860698128","192.168.1.55","192.168.1.2","TCP","1514","8004  >  35812 [ACK] Seq=55214 Ack=141 Win=65024 Len=1448 TSval=2916034941 TSecr=3045554714 [TCP segment of a reassembled PDU]"
"18828","30.860699869","192.168.1.55","192.168.1.2","TCP","1514","8004  >  35812 [ACK] Seq=56662 Ack=141 Win=65024 Len=1448 TSval=2916034941 TSecr=3045554714 [TCP segment of a reassembled PDU]"
"18829","30.860701425","192.168.1.55","192.168.1.2","TCP","1514","8004  >  35812 [ACK] Seq=58110 Ack=141 Win=65024 Len=1448 TSval=2916034941 TSecr=3045554714 [TCP segment of a reassembled PDU]"
"18830","30.860702628","192.168.1.55","192.168.1.2","TCP","1514","8004  >  35812 [ACK] Seq=59558 Ack=141 Win=65024 Len=1448 TSval=2916034941 TSecr=3045554714 [TCP segment of a reassembled PDU]"
"18831","30.860704184","192.168.1.55","192.168.1.2","TCP","1514","8004  >  35812 [ACK] Seq=61006 Ack=141 Win=65024 Len=1448 TSval=2916034941 TSecr=3045554714 [TCP segment of a reassembled PDU]"
"18832","30.860706425","192.168.1.55","192.168.1.2","TCP","1514","8004  >  35812 [ACK] Seq=62454 Ack=141 Win=65024 Len=1448 TSval=2916034941 TSecr=3045554714 [TCP segment of a reassembled PDU]"
"18833","30.860708036","192.168.1.55","192.168.1.2","TCP","1514","8004  >  35812 [PSH, ACK] Seq=63902 Ack=141 Win=65024 Len=1448 TSval=2916034941 TSecr=3045554714 [TCP segment of a reassembled PDU]"
"18834","30.860726165","192.168.1.2","192.168.1.55","TCP","66","35812  >  8004 [ACK] Seq=141 Ack=36390 Win=73728 Len=0 TSval=3045554714 TSecr=2916034935"
"18835","30.860761628","192.168.1.55","192.168.1.2","TCP","1514","8004  >  35812 [ACK] Seq=65350 Ack=141 Win=65024 Len=1448 TSval=2916034941 TSecr=3045554714 [TCP segment of a reassembled PDU]"
"18836","30.860763999","192.168.1.55","192.168.1.2","TCP","1514","8004  >  35812 [ACK] Seq=66798 Ack=141 Win=65024 Len=1448 TSval=2916034941 TSecr=3045554714 [TCP segment of a reassembled PDU]"
"18837","30.860765536","192.168.1.55","192.168.1.2","TCP","1514","8004  >  35812 [ACK] Seq=68246 Ack=141 Win=65024 Len=1448 TSval=2916034941 TSecr=3045554714 [TCP segment of a reassembled PDU]"
"18838","30.860767091","192.168.1.55","192.168.1.2","TCP","1514","8004  >  35812 [ACK] Seq=69694 Ack=141 Win=65024 Len=1448 TSval=2916034941 TSecr=3045554714 [TCP segment of a reassembled PDU]"
"18839","30.860769480","192.168.1.55","192.168.1.2","TCP","1514","8004  >  35812 [ACK] Seq=71142 Ack=141 Win=65024 Len=1448 TSval=2916034941 TSecr=3045554714 [TCP segment of a reassembled PDU]"
"18840","30.860770999","192.168.1.55","192.168.1.2","TCP","1514","8004  >  35812 [ACK] Seq=72590 Ack=141 Win=65024 Len=1448 TSval=2916034941 TSecr=3045554714 [TCP segment of a reassembled PDU]"
"18841","30.860773369","192.168.1.55","192.168.1.2","TCP","1514","8004  >  35812 [ACK] Seq=74038 Ack=141 Win=65024 Len=1448 TSval=2916034941 TSecr=3045554714 [TCP segment of a reassembled PDU]"
"18842","30.860774962","192.168.1.55","192.168.1.2","TCP","1514","8004  >  35812 [PSH, ACK] Seq=75486 Ack=141 Win=65024 Len=1448 TSval=2916034941 TSecr=3045554714 [TCP segment of a reassembled PDU]"
"18843","30.860782795","192.168.1.2","192.168.1.55","TCP","66","35812  >  8004 [ACK] Seq=141 Ack=39286 Win=92160 Len=0 TSval=3045554715 TSecr=2916034935"
"18844","30.860849073","192.168.1.2","192.168.1.55","TCP","66","35812  >  8004 [ACK] Seq=141 Ack=40734 Win=94208 Len=0 TSval=3045554715 TSecr=2916034935"
"18845","30.860858369","192.168.1.2","192.168.1.55","TCP","66","35812  >  8004 [ACK] Seq=141 Ack=42182 Win=93184 Len=0 TSval=3045554715 TSecr=2916034936"
"18846","30.861850389","192.168.1.55","192.168.1.2","TCP","1514","8004  >  35812 [ACK] Seq=76934 Ack=141 Win=65024 Len=1448 TSval=2916034942 TSecr=3045554715 [TCP segment of a reassembled PDU]"
"18847","30.861856797","192.168.1.55","192.168.1.2","TCP","1514","8004  >  35812 [ACK] Seq=78382 Ack=141 Win=65024 Len=1448 TSval=2916034942 TSecr=3045554715 [TCP segment of a reassembled PDU]"
"18848","30.861858352","192.168.1.55","192.168.1.2","TCP","1514","8004  >  35812 [ACK] Seq=79830 Ack=141 Win=65024 Len=1448 TSval=2916034942 TSecr=3045554715 [TCP segment of a reassembled PDU]"
"18849","30.861860352","192.168.1.55","192.168.1.2","TCP","1514","8004  >  35812 [ACK] Seq=81278 Ack=141 Win=65024 Len=1448 TSval=2916034942 TSecr=3045554715 [TCP segment of a reassembled PDU]"
"18850","30.861862593","192.168.1.55","192.168.1.2","TCP","1514","8004  >  35812 [ACK] Seq=82726 Ack=141 Win=65024 Len=1448 TSval=2916034942 TSecr=3045554715 [TCP segment of a reassembled PDU]"
"18851","30.861863982","192.168.1.55","192.168.1.2","TCP","1514","8004  >  35812 [ACK] Seq=84174 Ack=141 Win=65024 Len=1448 TSval=2916034942 TSecr=3045554715 [TCP segment of a reassembled PDU]"
"18852","30.861866945","192.168.1.55","192.168.1.2","TCP","1514","8004  >  35812 [ACK] Seq=85622 Ack=141 Win=65024 Len=1448 TSval=2916034942 TSecr=3045554715 [TCP segment of a reassembled PDU]"
"18853","30.861868519","192.168.1.55","192.168.1.2","TCP","1514","8004  >  35812 [ACK] Seq=87070 Ack=141 Win=65024 Len=1448 TSval=2916034942 TSecr=3045554715 [TCP segment of a reassembled PDU]"
"18854","30.861870612","192.168.1.55","192.168.1.2","TCP","1514","8004  >  35812 [ACK] Seq=88518 Ack=141 Win=65024 Len=1448 TSval=2916034942 TSecr=3045554715 [TCP segment of a reassembled PDU]"
"18855","30.861873075","192.168.1.55","192.168.1.2","TCP","1514","8004  >  35812 [ACK] Seq=89966 Ack=141 Win=65024 Len=1448 TSval=2916034942 TSecr=3045554715 [TCP segment of a reassembled PDU]"
"18856","30.861874760","192.168.1.55","192.168.1.2","TCP","1514","8004  >  35812 [ACK] Seq=91414 Ack=141 Win=65024 Len=1448 TSval=2916034942 TSecr=3045554715 [TCP segment of a reassembled PDU]"
"18857","30.861877519","192.168.1.55","192.168.1.2","TCP","1514","8004  >  35812 [ACK] Seq=92862 Ack=141 Win=65024 Len=1448 TSval=2916034942 TSecr=3045554715 [TCP segment of a reassembled PDU]"
"18858","30.861879278","192.168.1.55","192.168.1.2","TCP","1514","8004  >  35812 [ACK] Seq=94310 Ack=141 Win=65024 Len=1448 TSval=2916034942 TSecr=3045554715 [TCP segment of a reassembled PDU]"
"18859","30.861881167","192.168.1.55","192.168.1.2","TCP","1514","8004  >  35812 [PSH, ACK] Seq=95758 Ack=141 Win=65024 Len=1448 TSval=2916034942 TSecr=3045554715 [TCP segment of a reassembled PDU]"
"18860","30.861894908","192.168.1.55","192.168.1.2","TCP","1514","8004  >  35812 [ACK] Seq=97206 Ack=141 Win=65024 Len=1448 TSval=2916034942 TSecr=3045554715 [TCP segment of a reassembled PDU]"
"18861","30.861896704","192.168.1.55","192.168.1.2","TCP","1514","8004  >  35812 [PSH, ACK] Seq=98654 Ack=141 Win=65024 Len=1448 TSval=2916034942 TSecr=3045554715 [TCP segment of a reassembled PDU]"
"18862","30.866414582","192.168.1.2","192.168.1.55","TCP","66","35812  >  8004 [ACK] Seq=141 Ack=45078 Win=91136 Len=0 TSval=3045554721 TSecr=2916034941"
"18863","30.866449711","192.168.1.55","192.168.1.2","TCP","1514","8004  >  35812 [ACK] Seq=100102 Ack=141 Win=65024 Len=1448 TSval=2916034947 TSecr=3045554721 [TCP segment of a reassembled PDU]"
"18864","30.866453378","192.168.1.55","192.168.1.2","TCP","1514","8004  >  35812 [ACK] Seq=101550 Ack=141 Win=65024 Len=1448 TSval=2916034947 TSecr=3045554721 [TCP segment of a reassembled PDU]"
"18865","30.866454637","192.168.1.55","192.168.1.2","TCP","1514","8004  >  35812 [ACK] Seq=102998 Ack=141 Win=65024 Len=1448 TSval=2916034947 TSecr=3045554721 [TCP segment of a reassembled PDU]"
"18866","30.866455841","192.168.1.55","192.168.1.2","TCP","1514","8004  >  35812 [PSH, ACK] Seq=104446 Ack=141 Win=65024 Len=1448 TSval=2916034947 TSecr=3045554721 [TCP segment of a reassembled PDU]"
"18867","30.866554712","192.168.1.2","192.168.1.55","TCP","66","35812  >  8004 [ACK] Seq=141 Ack=65350 Win=71680 Len=0 TSval=3045554721 TSecr=2916034941"
"18868","30.866574804","192.168.1.55","192.168.1.2","TCP","1514","8004  >  35812 [ACK] Seq=105894 Ack=141 Win=65024 Len=1448 TSval=2916034947 TSecr=3045554721 [TCP segment of a reassembled PDU]"
"18869","30.866576878","192.168.1.55","192.168.1.2","TCP","1514","8004  >  35812 [ACK] Seq=107342 Ack=141 Win=65024 Len=1448 TSval=2916034947 TSecr=3045554721 [TCP segment of a reassembled PDU]"
"18870","30.866578101","192.168.1.55","192.168.1.2","TCP","1514","8004  >  35812 [ACK] Seq=108790 Ack=141 Win=65024 Len=1448 TSval=2916034947 TSecr=3045554721 [TCP segment of a reassembled PDU]"
"18871","30.866579508","192.168.1.55","192.168.1.2","TCP","1514","8004  >  35812 [ACK] Seq=110238 Ack=141 Win=65024 Len=1448 TSval=2916034947 TSecr=3045554721 [TCP segment of a reassembled PDU]"
"18872","30.866580749","192.168.1.55","192.168.1.2","TCP","1514","8004  >  35812 [ACK] Seq=111686 Ack=141 Win=65024 Len=1448 TSval=2916034947 TSecr=3045554721 [TCP segment of a reassembled PDU]"
"18873","30.866581878","192.168.1.55","192.168.1.2","TCP","1514","8004  >  35812 [ACK] Seq=113134 Ack=141 Win=65024 Len=1448 TSval=2916034947 TSecr=3045554721 [TCP segment of a reassembled PDU]"
"18874","30.866583027","192.168.1.55","192.168.1.2","TCP","1514","8004  >  35812 [PSH, ACK] Seq=114582 Ack=141 Win=65024 Len=1448 TSval=2916034947 TSecr=3045554721 [TCP segment of a reassembled PDU]"
"18875","30.866588193","192.168.1.2","192.168.1.55","TCP","66","35812  >  8004 [ACK] Seq=141 Ack=76934 Win=60416 Len=0 TSval=3045554721 TSecr=2916034941"
"18876","30.866614693","192.168.1.55","192.168.1.2","TCP","1514","8004  >  35812 [ACK] Seq=116030 Ack=141 Win=65024 Len=1448 TSval=2916034947 TSecr=3045554721 [TCP segment of a reassembled PDU]"
"18877","30.866616360","192.168.1.55","192.168.1.2","TCP","1514","8004  >  35812 [ACK] Seq=117478 Ack=141 Win=65024 Len=1448 TSval=2916034947 TSecr=3045554721 [TCP segment of a reassembled PDU]"
"18878","30.866617619","192.168.1.55","192.168.1.2","TCP","1514","8004  >  35812 [ACK] Seq=118926 Ack=141 Win=65024 Len=1448 TSval=2916034947 TSecr=3045554721 [TCP segment of a reassembled PDU]"
"18879","30.866618860","192.168.1.55","192.168.1.2","TCP","1514","8004  >  35812 [ACK] Seq=120374 Ack=141 Win=65024 Len=1448 TSval=2916034947 TSecr=3045554721 [TCP segment of a reassembled PDU]"
"18880","30.866620008","192.168.1.55","192.168.1.2","TCP","1514","8004  >  35812 [ACK] Seq=121822 Ack=141 Win=65024 Len=1448 TSval=2916034947 TSecr=3045554721 [TCP segment of a reassembled PDU]"
"18881","30.866621249","192.168.1.55","192.168.1.2","TCP","1514","8004  >  35812 [ACK] Seq=123270 Ack=141 Win=65024 Len=1448 TSval=2916034947 TSecr=3045554721 [TCP segment of a reassembled PDU]"
"18882","30.866622452","192.168.1.55","192.168.1.2","TCP","1514","8004  >  35812 [ACK] Seq=124718 Ack=141 Win=65024 Len=1448 TSval=2916034947 TSecr=3045554721 [TCP segment of a reassembled PDU]"
"18883","30.866624008","192.168.1.55","192.168.1.2","TCP","1514","8004  >  35812 [ACK] Seq=126166 Ack=141 Win=65024 Len=1448 TSval=2916034947 TSecr=3045554721 [TCP segment of a reassembled PDU]"
"18884","30.866625267","192.168.1.55","192.168.1.2","TCP","1514","8004  >  35812 [ACK] Seq=127614 Ack=141 Win=65024 Len=1448 TSval=2916034947 TSecr=3045554721 [TCP segment of a reassembled PDU]"
"18885","30.866626415","192.168.1.55","192.168.1.2","TCP","1514","8004  >  35812 [ACK] Seq=129062 Ack=141 Win=65024 Len=1448 TSval=2916034947 TSecr=3045554721 [TCP segment of a reassembled PDU]"
"18886","30.866627786","192.168.1.55","192.168.1.2","TCP","1514","8004  >  35812 [ACK] Seq=130510 Ack=141 Win=65024 Len=1448 TSval=2916034947 TSecr=3045554721 [TCP segment of a reassembled PDU]"
"18887","30.866628952","192.168.1.55","192.168.1.2","TCP","1514","8004  >  35812 [ACK] Seq=131958 Ack=141 Win=65024 Len=1448 TSval=2916034947 TSecr=3045554721 [TCP segment of a reassembled PDU]"
"18888","30.866630193","192.168.1.55","192.168.1.2","TCP","1514","8004  >  35812 [ACK] Seq=133406 Ack=141 Win=65024 Len=1448 TSval=2916034947 TSecr=3045554721 [TCP segment of a reassembled PDU]"
"18889","30.866631453","192.168.1.55","192.168.1.2","TCP","1514","8004  >  35812 [ACK] Seq=134854 Ack=141 Win=65024 Len=1448 TSval=2916034947 TSecr=3045554721 [TCP segment of a reassembled PDU]"
"18890","30.866632693","192.168.1.55","192.168.1.2","TCP","1114","[TCP Window Full] 8004  >  35812 [PSH, ACK] Seq=136302 Ack=141 Win=65024 Len=1048 TSval=2916034947 TSecr=3045554721 [TCP segment of a reassembled PDU]"
"18891","30.866637878","192.168.1.2","192.168.1.55","TCP","66","35812  >  8004 [ACK] Seq=141 Ack=97206 Win=64512 Len=0 TSval=3045554721 TSecr=2916034942"
"18892","30.866660045","192.168.1.55","192.168.1.2","TCP","1514","8004  >  35812 [ACK] Seq=137350 Ack=141 Win=65024 Len=1448 TSval=2916034947 TSecr=3045554721 [TCP segment of a reassembled PDU]"
"18893","30.866661749","192.168.1.55","192.168.1.2","TCP","1514","8004  >  35812 [ACK] Seq=138798 Ack=141 Win=65024 Len=1448 TSval=2916034947 TSecr=3045554721 [TCP segment of a reassembled PDU]"
"18894","30.866663101","192.168.1.55","192.168.1.2","TCP","1514","8004  >  35812 [ACK] Seq=140246 Ack=141 Win=65024 Len=1448 TSval=2916034947 TSecr=3045554721 [TCP segment of a reassembled PDU]"
"18895","30.866664416","192.168.1.55","192.168.1.2","TCP","1514","8004  >  35812 [ACK] Seq=141694 Ack=141 Win=65024 Len=1448 TSval=2916034947 TSecr=3045554721 [TCP segment of a reassembled PDU]"
"18896","30.866665638","192.168.1.55","192.168.1.2","TCP","1514","8004  >  35812 [ACK] Seq=143142 Ack=141 Win=65024 Len=1448 TSval=2916034947 TSecr=3045554721 [TCP segment of a reassembled PDU]"
"18897","30.866666878","192.168.1.55","192.168.1.2","TCP","1514","8004  >  35812 [ACK] Seq=144590 Ack=141 Win=65024 Len=1448 TSval=2916034947 TSecr=3045554721 [TCP segment of a reassembled PDU]"
"18898","30.866668453","192.168.1.55","192.168.1.2","TCP","1514","8004  >  35812 [ACK] Seq=146038 Ack=141 Win=65024 Len=1448 TSval=2916034947 TSecr=3045554721 [TCP segment of a reassembled PDU]"
"18899","30.866669582","192.168.1.55","192.168.1.2","TCP","1514","8004  >  35812 [ACK] Seq=147486 Ack=141 Win=65024 Len=1448 TSval=2916034947 TSecr=3045554721 [TCP segment of a reassembled PDU]"
"18900","30.866671082","192.168.1.55","192.168.1.2","TCP","1514","8004  >  35812 [ACK] Seq=148934 Ack=141 Win=65024 Len=1448 TSval=2916034947 TSecr=3045554721 [TCP segment of a reassembled PDU]"
"18901","30.866672212","192.168.1.55","192.168.1.2","TCP","1514","8004  >  35812 [ACK] Seq=150382 Ack=141 Win=65024 Len=1448 TSval=2916034947 TSecr=3045554721 [TCP segment of a reassembled PDU]"
"18902","30.866673471","192.168.1.55","192.168.1.2","TCP","1514","8004  >  35812 [ACK] Seq=151830 Ack=141 Win=65024 Len=1448 TSval=2916034947 TSecr=3045554721 [TCP segment of a reassembled PDU]"
"18903","30.866674712","192.168.1.55","192.168.1.2","TCP","1514","8004  >  35812 [PSH, ACK] Seq=153278 Ack=141 Win=65024 Len=1448 TSval=2916034947 TSecr=3045554721 [TCP segment of a reassembled PDU]"
"18904","30.866680397","192.168.1.55","192.168.1.2","TCP","466","8004  >  35812 [ACK] Seq=154726 Ack=141 Win=65024 Len=400 TSval=2916034947 TSecr=3045554721 [TCP segment of a reassembled PDU]"
"18905","30.866684267","192.168.1.2","192.168.1.55","TCP","66","35812  >  8004 [ACK] Seq=141 Ack=100102 Win=62464 Len=0 TSval=3045554721 TSecr=2916034942"
"18906","30.866712712","192.168.1.55","192.168.1.2","TCP","1514","8004  >  35812 [ACK] Seq=155126 Ack=141 Win=65024 Len=1448 TSval=2916034947 TSecr=3045554721 [TCP segment of a reassembled PDU]"
"18907","30.866714953","192.168.1.55","192.168.1.2","TCP","1514","8004  >  35812 [ACK] Seq=156574 Ack=141 Win=65024 Len=1448 TSval=2916034947 TSecr=3045554721 [TCP segment of a reassembled PDU]"
"18908","30.866716119","192.168.1.55","192.168.1.2","TCP","1514","8004  >  35812 [ACK] Seq=158022 Ack=141 Win=65024 Len=1448 TSval=2916034947 TSecr=3045554721 [TCP segment of a reassembled PDU]"
"18909","30.866717416","192.168.1.55","192.168.1.2","TCP","1514","8004  >  35812 [ACK] Seq=159470 Ack=141 Win=65024 Len=1448 TSval=2916034947 TSecr=3045554721 [TCP segment of a reassembled PDU]"
"18910","30.866718564","192.168.1.55","192.168.1.2","TCP","1514","8004  >  35812 [PSH, ACK] Seq=160918 Ack=141 Win=65024 Len=1448 TSval=2916034947 TSecr=3045554721 [TCP segment of a reassembled PDU]"
"18911","30.872330906","192.168.1.2","192.168.1.55","TCP","66","35812  >  8004 [ACK] Seq=141 Ack=105894 Win=88064 Len=0 TSval=3045554726 TSecr=2916034947"
"18912","30.872392480","192.168.1.55","192.168.1.2","TCP","1514","8004  >  35812 [ACK] Seq=162366 Ack=141 Win=65024 Len=1448 TSval=2916034953 TSecr=3045554726 [TCP segment of a reassembled PDU]"
"18913","30.872397517","192.168.1.55","192.168.1.2","TCP","1514","8004  >  35812 [ACK] Seq=163814 Ack=141 Win=65024 Len=1448 TSval=2916034953 TSecr=3045554726 [TCP segment of a reassembled PDU]"
"18914","30.872398573","192.168.1.55","192.168.1.2","TCP","1514","8004  >  35812 [ACK] Seq=165262 Ack=141 Win=65024 Len=1448 TSval=2916034953 TSecr=3045554726 [TCP segment of a reassembled PDU]"
"18915","30.872399721","192.168.1.55","192.168.1.2","TCP","1514","8004  >  35812 [ACK] Seq=166710 Ack=141 Win=65024 Len=1448 TSval=2916034953 TSecr=3045554726 [TCP segment of a reassembled PDU]"
"18916","30.872400795","192.168.1.55","192.168.1.2","TCP","1514","8004  >  35812 [ACK] Seq=168158 Ack=141 Win=65024 Len=1448 TSval=2916034953 TSecr=3045554726 [TCP segment of a reassembled PDU]"
"18917","30.872401888","192.168.1.55","192.168.1.2","TCP","1514","8004  >  35812 [ACK] Seq=169606 Ack=141 Win=65024 Len=1448 TSval=2916034953 TSecr=3045554726 [TCP segment of a reassembled PDU]"
"18918","30.872402980","192.168.1.55","192.168.1.2","TCP","1514","8004  >  35812 [ACK] Seq=171054 Ack=141 Win=65024 Len=1448 TSval=2916034953 TSecr=3045554726 [TCP segment of a reassembled PDU]"
"18919","30.872404165","192.168.1.55","192.168.1.2","TCP","1514","8004  >  35812 [ACK] Seq=172502 Ack=141 Win=65024 Len=1448 TSval=2916034953 TSecr=3045554726 [TCP segment of a reassembled PDU]"
"18920","30.872405332","192.168.1.55","192.168.1.2","TCP","1514","8004  >  35812 [ACK] Seq=173950 Ack=141 Win=65024 Len=1448 TSval=2916034953 TSecr=3045554726 [TCP segment of a reassembled PDU]"
"18921","30.872406425","192.168.1.55","192.168.1.2","TCP","1514","8004  >  35812 [ACK] Seq=175398 Ack=141 Win=65024 Len=1448 TSval=2916034953 TSecr=3045554726 [TCP segment of a reassembled PDU]"
"18922","30.872407499","192.168.1.55","192.168.1.2","TCP","1514","8004  >  35812 [ACK] Seq=176846 Ack=141 Win=65024 Len=1448 TSval=2916034953 TSecr=3045554726 [TCP segment of a reassembled PDU]"
"18923","30.872408647","192.168.1.55","192.168.1.2","TCP","1514","8004  >  35812 [ACK] Seq=178294 Ack=141 Win=65024 Len=1448 TSval=2916034953 TSecr=3045554726 [TCP segment of a reassembled PDU]"
"18924","30.872409795","192.168.1.55","192.168.1.2","TCP","1514","8004  >  35812 [ACK] Seq=179742 Ack=141 Win=65024 Len=1448 TSval=2916034953 TSecr=3045554726 [TCP segment of a reassembled PDU]"
"18925","30.872410999","192.168.1.55","192.168.1.2","TCP","1514","8004  >  35812 [ACK] Seq=181190 Ack=141 Win=65024 Len=1448 TSval=2916034953 TSecr=3045554726 [TCP segment of a reassembled PDU]"
"18926","30.872412054","192.168.1.55","192.168.1.2","TCP","1514","8004  >  35812 [ACK] Seq=182638 Ack=141 Win=65024 Len=1448 TSval=2916034953 TSecr=3045554726 [TCP segment of a reassembled PDU]"
"18927","30.872413184","192.168.1.55","192.168.1.2","TCP","1514","8004  >  35812 [ACK] Seq=184086 Ack=141 Win=65024 Len=1448 TSval=2916034953 TSecr=3045554726 [TCP segment of a reassembled PDU]"
"18928","30.872414388","192.168.1.55","192.168.1.2","TCP","1514","8004  >  35812 [ACK] Seq=185534 Ack=141 Win=65024 Len=1448 TSval=2916034953 TSecr=3045554726 [TCP segment of a reassembled PDU]"
"18929","30.872415462","192.168.1.55","192.168.1.2","TCP","1514","8004  >  35812 [ACK] Seq=186982 Ack=141 Win=65024 Len=1448 TSval=2916034953 TSecr=3045554726 [TCP segment of a reassembled PDU]"
"18930","30.872416610","192.168.1.55","192.168.1.2","TCP","1514","8004  >  35812 [ACK] Seq=188430 Ack=141 Win=65024 Len=1448 TSval=2916034953 TSecr=3045554726 [TCP segment of a reassembled PDU]"
"18931","30.872417665","192.168.1.55","192.168.1.2","TCP","1514","8004  >  35812 [ACK] Seq=189878 Ack=141 Win=65024 Len=1448 TSval=2916034953 TSecr=3045554726 [TCP segment of a reassembled PDU]"
"18932","30.872418721","192.168.1.55","192.168.1.2","TCP","1514","8004  >  35812 [PSH, ACK] Seq=191326 Ack=141 Win=65024 Len=1448 TSval=2916034953 TSecr=3045554726 [TCP segment of a reassembled PDU]"
"18933","30.872474980","192.168.1.2","192.168.1.55","TCP","66","35812  >  8004 [ACK] Seq=141 Ack=116030 Win=94208 Len=0 TSval=3045554726 TSecr=2916034947"
"18934","30.872491517","192.168.1.55","192.168.1.2","TCP","1514","8004  >  35812 [ACK] Seq=192774 Ack=141 Win=65024 Len=1448 TSval=2916034953 TSecr=3045554726 [TCP segment of a reassembled PDU]"
"18935","30.872492851","192.168.1.55","192.168.1.2","TCP","1514","8004  >  35812 [ACK] Seq=194222 Ack=141 Win=65024 Len=1448 TSval=2916034953 TSecr=3045554726 [TCP segment of a reassembled PDU]"
"18936","30.872493980","192.168.1.55","192.168.1.2","TCP","1514","8004  >  35812 [ACK] Seq=195670 Ack=141 Win=65024 Len=1448 TSval=2916034953 TSecr=3045554726 [TCP segment of a reassembled PDU]"
"18937","30.872494999","192.168.1.55","192.168.1.2","TCP","1514","8004  >  35812 [ACK] Seq=197118 Ack=141 Win=65024 Len=1448 TSval=2916034953 TSecr=3045554726 [TCP segment of a reassembled PDU]"
"18938","30.872496091","192.168.1.55","192.168.1.2","TCP","1514","8004  >  35812 [ACK] Seq=198566 Ack=141 Win=65024 Len=1448 TSval=2916034953 TSecr=3045554726 [TCP segment of a reassembled PDU]"
"18939","30.872497184","192.168.1.55","192.168.1.2","TCP","1514","8004  >  35812 [PSH, ACK] Seq=200014 Ack=141 Win=65024 Len=1448 TSval=2916034953 TSecr=3045554726 [TCP segment of a reassembled PDU]"
"18940","30.872500702","192.168.1.2","192.168.1.55","TCP","66","35812  >  8004 [ACK] Seq=141 Ack=137350 Win=91136 Len=0 TSval=3045554726 TSecr=2916034947"
"18941","30.872509054","192.168.1.2","192.168.1.55","TCP","66","35812  >  8004 [ACK] Seq=141 Ack=154726 Win=94208 Len=0 TSval=3045554726 TSecr=2916034947"
"18942","30.872554591","192.168.1.55","192.168.1.2","TCP","1514","8004  >  35812 [ACK] Seq=201462 Ack=141 Win=65024 Len=1448 TSval=2916034953 TSecr=3045554726 [TCP segment of a reassembled PDU]"
"18943","30.872556369","192.168.1.55","192.168.1.2","TCP","1514","8004  >  35812 [ACK] Seq=202910 Ack=141 Win=65024 Len=1448 TSval=2916034953 TSecr=3045554726 [TCP segment of a reassembled PDU]"
"18944","30.872557369","192.168.1.55","192.168.1.2","TCP","1514","8004  >  35812 [ACK] Seq=204358 Ack=141 Win=65024 Len=1448 TSval=2916034953 TSecr=3045554726 [TCP segment of a reassembled PDU]"
"18945","30.872558406","192.168.1.55","192.168.1.2","TCP","1514","8004  >  35812 [ACK] Seq=205806 Ack=141 Win=65024 Len=1448 TSval=2916034953 TSecr=3045554726 [TCP segment of a reassembled PDU]"
"18946","30.872559925","192.168.1.55","192.168.1.2","TCP","1514","8004  >  35812 [ACK] Seq=207254 Ack=141 Win=65024 Len=1448 TSval=2916034953 TSecr=3045554726 [TCP segment of a reassembled PDU]"
"18947","30.872561017","192.168.1.55","192.168.1.2","TCP","1514","8004  >  35812 [ACK] Seq=208702 Ack=141 Win=65024 Len=1448 TSval=2916034953 TSecr=3045554726 [TCP segment of a reassembled PDU]"
"18948","30.872562110","192.168.1.55","192.168.1.2","TCP","1514","8004  >  35812 [ACK] Seq=210150 Ack=141 Win=65024 Len=1448 TSval=2916034953 TSecr=3045554726 [TCP segment of a reassembled PDU]"
"18949","30.872563221","192.168.1.55","192.168.1.2","TCP","1514","8004  >  35812 [ACK] Seq=211598 Ack=141 Win=65024 Len=1448 TSval=2916034953 TSecr=3045554726 [TCP segment of a reassembled PDU]"
"18950","30.872564554","192.168.1.55","192.168.1.2","TCP","1514","8004  >  35812 [ACK] Seq=213046 Ack=141 Win=65024 Len=1448 TSval=2916034953 TSecr=3045554726 [TCP segment of a reassembled PDU]"
"18951","30.872565666","192.168.1.55","192.168.1.2","TCP","1514","8004  >  35812 [ACK] Seq=214494 Ack=141 Win=65024 Len=1448 TSval=2916034953 TSecr=3045554726 [TCP segment of a reassembled PDU]"
"18952","30.872566666","192.168.1.55","192.168.1.2","TCP","1514","8004  >  35812 [ACK] Seq=215942 Ack=141 Win=65024 Len=1448 TSval=2916034953 TSecr=3045554726 [TCP segment of a reassembled PDU]"
"18953","30.872567684","192.168.1.55","192.168.1.2","TCP","1514","8004  >  35812 [ACK] Seq=217390 Ack=141 Win=65024 Len=1448 TSval=2916034953 TSecr=3045554726 [TCP segment of a reassembled PDU]"
"18954","30.872568832","192.168.1.55","192.168.1.2","TCP","1514","8004  >  35812 [ACK] Seq=218838 Ack=141 Win=65024 Len=1448 TSval=2916034953 TSecr=3045554726 [TCP segment of a reassembled PDU]"
"18955","30.872569832","192.168.1.55","192.168.1.2","TCP","1514","8004  >  35812 [ACK] Seq=220286 Ack=141 Win=65024 Len=1448 TSval=2916034953 TSecr=3045554726 [TCP segment of a reassembled PDU]"
"18956","30.872571017","192.168.1.55","192.168.1.2","TCP","1514","8004  >  35812 [ACK] Seq=221734 Ack=141 Win=65024 Len=1448 TSval=2916034953 TSecr=3045554726 [TCP segment of a reassembled PDU]"
"18957","30.872572073","192.168.1.55","192.168.1.2","TCP","1514","8004  >  35812 [ACK] Seq=223182 Ack=141 Win=65024 Len=1448 TSval=2916034953 TSecr=3045554726 [TCP segment of a reassembled PDU]"
"18958","30.872573129","192.168.1.55","192.168.1.2","TCP","1514","8004  >  35812 [ACK] Seq=224630 Ack=141 Win=65024 Len=1448 TSval=2916034953 TSecr=3045554726 [TCP segment of a reassembled PDU]"
"18959","30.872574203","192.168.1.55","192.168.1.2","TCP","1514","8004  >  35812 [ACK] Seq=226078 Ack=141 Win=65024 Len=1448 TSval=2916034953 TSecr=3045554726 [TCP segment of a reassembled PDU]"
"18960","30.872575443","192.168.1.55","192.168.1.2","TCP","1514","8004  >  35812 [ACK] Seq=227526 Ack=141 Win=65024 Len=1448 TSval=2916034953 TSecr=3045554726 [TCP segment of a reassembled PDU]"
"18961","30.872576536","192.168.1.55","192.168.1.2","TCP","1514","8004  >  35812 [ACK] Seq=228974 Ack=141 Win=65024 Len=1448 TSval=2916034953 TSecr=3045554726 [TCP segment of a reassembled PDU]"
"18962","30.872577536","192.168.1.55","192.168.1.2","TCP","1514","8004  >  35812 [ACK] Seq=230422 Ack=141 Win=65024 Len=1448 TSval=2916034953 TSecr=3045554726 [TCP segment of a reassembled PDU]"
"18963","30.872578610","192.168.1.55","192.168.1.2","TCP","1514","8004  >  35812 [ACK] Seq=231870 Ack=141 Win=65024 Len=1448 TSval=2916034953 TSecr=3045554726 [TCP segment of a reassembled PDU]"
"18964","30.872579721","192.168.1.55","192.168.1.2","TCP","1514","8004  >  35812 [ACK] Seq=233318 Ack=141 Win=65024 Len=1448 TSval=2916034953 TSecr=3045554726 [TCP segment of a reassembled PDU]"
"18965","30.872580721","192.168.1.55","192.168.1.2","TCP","1514","8004  >  35812 [ACK] Seq=234766 Ack=141 Win=65024 Len=1448 TSval=2916034953 TSecr=3045554726 [TCP segment of a reassembled PDU]"
"18966","30.872581832","192.168.1.55","192.168.1.2","TCP","1514","8004  >  35812 [ACK] Seq=236214 Ack=141 Win=65024 Len=1448 TSval=2916034953 TSecr=3045554726 [TCP segment of a reassembled PDU]"
"18967","30.872582832","192.168.1.55","192.168.1.2","TCP","1514","8004  >  35812 [ACK] Seq=237662 Ack=141 Win=65024 Len=1448 TSval=2916034953 TSecr=3045554726 [TCP segment of a reassembled PDU]"
"18968","30.872583832","192.168.1.55","192.168.1.2","TCP","1514","8004  >  35812 [ACK] Seq=239110 Ack=141 Win=65024 Len=1448 TSval=2916034953 TSecr=3045554726 [TCP segment of a reassembled PDU]"
"18969","30.872584943","192.168.1.55","192.168.1.2","TCP","1514","8004  >  35812 [ACK] Seq=240558 Ack=141 Win=65024 Len=1448 TSval=2916034953 TSecr=3045554726 [TCP segment of a reassembled PDU]"
"18970","30.872585962","192.168.1.55","192.168.1.2","TCP","1514","8004  >  35812 [ACK] Seq=242006 Ack=141 Win=65024 Len=1448 TSval=2916034953 TSecr=3045554726 [TCP segment of a reassembled PDU]"
"18971","30.872586980","192.168.1.55","192.168.1.2","TCP","1514","8004  >  35812 [ACK] Seq=243454 Ack=141 Win=65024 Len=1448 TSval=2916034953 TSecr=3045554726 [TCP segment of a reassembled PDU]"
"18972","30.872588203","192.168.1.55","192.168.1.2","TCP","1514","8004  >  35812 [ACK] Seq=244902 Ack=141 Win=65024 Len=1448 TSval=2916034953 TSecr=3045554726 [TCP segment of a reassembled PDU]"
"18973","30.872589221","192.168.1.55","192.168.1.2","TCP","1514","8004  >  35812 [PSH, ACK] Seq=246350 Ack=141 Win=65024 Len=1448 TSval=2916034953 TSecr=3045554726 [TCP segment of a reassembled PDU]"
"18974","30.872638814","192.168.1.2","192.168.1.55","TCP","66","35812  >  8004 [ACK] Seq=141 Ack=156574 Win=97280 Len=0 TSval=3045554726 TSecr=2916034947"
"18975","30.872645740","192.168.1.2","192.168.1.55","TCP","66","35812  >  8004 [ACK] Seq=141 Ack=162366 Win=102400 Len=0 TSval=3045554727 TSecr=2916034947"
"18976","30.873830371","192.168.1.55","192.168.1.2","TCP","1514","8004  >  35812 [ACK] Seq=247798 Ack=141 Win=65024 Len=1448 TSval=2916034954 TSecr=3045554727 [TCP segment of a reassembled PDU]"
"18977","30.873833297","192.168.1.55","192.168.1.2","TCP","1514","8004  >  35812 [ACK] Seq=249246 Ack=141 Win=65024 Len=1448 TSval=2916034954 TSecr=3045554727 [TCP segment of a reassembled PDU]"
"18978","30.873834408","192.168.1.55","192.168.1.2","TCP","1514","8004  >  35812 [ACK] Seq=250694 Ack=141 Win=65024 Len=1448 TSval=2916034954 TSecr=3045554727 [TCP segment of a reassembled PDU]"
"18979","30.873835538","192.168.1.55","192.168.1.2","TCP","1514","8004  >  35812 [ACK] Seq=252142 Ack=141 Win=65024 Len=1448 TSval=2916034954 TSecr=3045554727 [TCP segment of a reassembled PDU]"
"18980","30.873836723","192.168.1.55","192.168.1.2","TCP","1514","8004  >  35812 [ACK] Seq=253590 Ack=141 Win=65024 Len=1448 TSval=2916034954 TSecr=3045554727 [TCP segment of a reassembled PDU]"
"18981","30.873837853","192.168.1.55","192.168.1.2","TCP","1514","8004  >  35812 [ACK] Seq=255038 Ack=141 Win=65024 Len=1448 TSval=2916034954 TSecr=3045554727 [TCP segment of a reassembled PDU]"
"18982","30.873838945","192.168.1.55","192.168.1.2","TCP","1514","8004  >  35812 [ACK] Seq=256486 Ack=141 Win=65024 Len=1448 TSval=2916034954 TSecr=3045554727 [TCP segment of a reassembled PDU]"
"18983","30.873840131","192.168.1.55","192.168.1.2","TCP","1514","8004  >  35812 [ACK] Seq=257934 Ack=141 Win=65024 Len=1448 TSval=2916034954 TSecr=3045554727 [TCP segment of a reassembled PDU]"
"18984","30.873841168","192.168.1.55","192.168.1.2","TCP","1514","8004  >  35812 [ACK] Seq=259382 Ack=141 Win=65024 Len=1448 TSval=2916034954 TSecr=3045554727 [TCP segment of a reassembled PDU]"
"18985","30.873842260","192.168.1.55","192.168.1.2","TCP","1514","8004  >  35812 [ACK] Seq=260830 Ack=141 Win=65024 Len=1448 TSval=2916034954 TSecr=3045554727 [TCP segment of a reassembled PDU]"
"18986","30.873843390","192.168.1.55","192.168.1.2","TCP","1514","8004  >  35812 [ACK] Seq=262278 Ack=141 Win=65024 Len=1448 TSval=2916034954 TSecr=3045554727 [TCP segment of a reassembled PDU]"
"18987","30.873844501","192.168.1.55","192.168.1.2","TCP","1106","[TCP Window Full] 8004  >  35812 [PSH, ACK] Seq=263726 Ack=141 Win=65024 Len=1040 TSval=2916034954 TSecr=3045554727 [TCP segment of a reassembled PDU]"
"18988","30.880309863","192.168.1.2","192.168.1.55","TCP","66","35812  >  8004 [ACK] Seq=141 Ack=192774 Win=79872 Len=0 TSval=3045554734 TSecr=2916034953"
"18989","30.880348752","192.168.1.55","192.168.1.2","TCP","1514","8004  >  35812 [ACK] Seq=264766 Ack=141 Win=65024 Len=1448 TSval=2916034961 TSecr=3045554734 [TCP segment of a reassembled PDU]"
"18990","30.880353085","192.168.1.55","192.168.1.2","TCP","1514","8004  >  35812 [ACK] Seq=266214 Ack=141 Win=65024 Len=1448 TSval=2916034961 TSecr=3045554734 [TCP segment of a reassembled PDU]"
"18991","30.880354011","192.168.1.55","192.168.1.2","TCP","1514","8004  >  35812 [ACK] Seq=267662 Ack=141 Win=65024 Len=1448 TSval=2916034961 TSecr=3045554734 [TCP segment of a reassembled PDU]"
"18992","30.880355141","192.168.1.55","192.168.1.2","TCP","1514","8004  >  35812 [ACK] Seq=269110 Ack=141 Win=65024 Len=1448 TSval=2916034961 TSecr=3045554734 [TCP segment of a reassembled PDU]"
"18993","30.880356159","192.168.1.55","192.168.1.2","TCP","1514","8004  >  35812 [PSH, ACK] Seq=270558 Ack=141 Win=65024 Len=1448 TSval=2916034961 TSecr=3045554734 [TCP segment of a reassembled PDU]"
"18994","30.880646400","192.168.1.2","192.168.1.55","TCP","66","35812  >  8004 [ACK] Seq=141 Ack=201462 Win=103424 Len=0 TSval=3045554734 TSecr=2916034953"
"18995","30.880667901","192.168.1.55","192.168.1.2","TCP","1514","8004  >  35812 [ACK] Seq=272006 Ack=141 Win=65024 Len=1448 TSval=2916034961 TSecr=3045554734 [TCP segment of a reassembled PDU]"
"18996","30.880669789","192.168.1.55","192.168.1.2","TCP","1514","8004  >  35812 [ACK] Seq=273454 Ack=141 Win=65024 Len=1448 TSval=2916034961 TSecr=3045554734 [TCP segment of a reassembled PDU]"
"18997","30.880670752","192.168.1.55","192.168.1.2","TCP","1514","8004  >  35812 [ACK] Seq=274902 Ack=141 Win=65024 Len=1448 TSval=2916034961 TSecr=3045554734 [TCP segment of a reassembled PDU]"
"18998","30.880671752","192.168.1.55","192.168.1.2","TCP","1514","8004  >  35812 [ACK] Seq=276350 Ack=141 Win=65024 Len=1448 TSval=2916034961 TSecr=3045554734 [TCP segment of a reassembled PDU]"
"18999","30.880672789","192.168.1.55","192.168.1.2","TCP","1514","8004  >  35812 [ACK] Seq=277798 Ack=141 Win=65024 Len=1448 TSval=2916034961 TSecr=3045554734 [TCP segment of a reassembled PDU]"
"19000","30.880673697","192.168.1.55","192.168.1.2","TCP","1514","8004  >  35812 [ACK] Seq=279246 Ack=141 Win=65024 Len=1448 TSval=2916034961 TSecr=3045554734 [TCP segment of a reassembled PDU]"
"19001","30.880674956","192.168.1.55","192.168.1.2","TCP","1514","8004  >  35812 [ACK] Seq=280694 Ack=141 Win=65024 Len=1448 TSval=2916034961 TSecr=3045554734 [TCP segment of a reassembled PDU]"
"19002","30.880675975","192.168.1.55","192.168.1.2","TCP","1514","8004  >  35812 [ACK] Seq=282142 Ack=141 Win=65024 Len=1448 TSval=2916034961 TSecr=3045554734 [TCP segment of a reassembled PDU]"
"19003","30.880676975","192.168.1.55","192.168.1.2","TCP","1514","8004  >  35812 [ACK] Seq=283590 Ack=141 Win=65024 Len=1448 TSval=2916034961 TSecr=3045554734 [TCP segment of a reassembled PDU]"
"19004","30.880677975","192.168.1.55","192.168.1.2","TCP","1514","8004  >  35812 [ACK] Seq=285038 Ack=141 Win=65024 Len=1448 TSval=2916034961 TSecr=3045554734 [TCP segment of a reassembled PDU]"
"19005","30.880678956","192.168.1.55","192.168.1.2","TCP","1514","8004  >  35812 [ACK] Seq=286486 Ack=141 Win=65024 Len=1448 TSval=2916034961 TSecr=3045554734 [TCP segment of a reassembled PDU]"
"19006","30.880679938","192.168.1.55","192.168.1.2","TCP","1514","8004  >  35812 [ACK] Seq=287934 Ack=141 Win=65024 Len=1448 TSval=2916034961 TSecr=3045554734 [TCP segment of a reassembled PDU]"
"19007","30.880680975","192.168.1.55","192.168.1.2","TCP","1514","8004  >  35812 [ACK] Seq=289382 Ack=141 Win=65024 Len=1448 TSval=2916034961 TSecr=3045554734 [TCP segment of a reassembled PDU]"
"19008","30.880681919","192.168.1.55","192.168.1.2","TCP","1514","8004  >  35812 [ACK] Seq=290830 Ack=141 Win=65024 Len=1448 TSval=2916034961 TSecr=3045554734 [TCP segment of a reassembled PDU]"
"19009","30.880682975","192.168.1.55","192.168.1.2","TCP","1514","8004  >  35812 [PSH, ACK] Seq=292278 Ack=141 Win=65024 Len=1448 TSval=2916034961 TSecr=3045554734 [TCP segment of a reassembled PDU]"
"19010","30.880687993","192.168.1.55","192.168.1.2","TCP","474","8004  >  35812 [ACK] Seq=293726 Ack=141 Win=65024 Len=408 TSval=2916034961 TSecr=3045554734 [TCP segment of a reassembled PDU]"
"19011","30.880690975","192.168.1.2","192.168.1.55","TCP","66","35812  >  8004 [ACK] Seq=141 Ack=247798 Win=66560 Len=0 TSval=3045554734 TSecr=2916034953"
"19012","30.880698289","192.168.1.2","192.168.1.55","TCP","66","35812  >  8004 [ACK] Seq=141 Ack=255038 Win=59392 Len=0 TSval=3045554734 TSecr=2916034954"
"19013","30.880718808","192.168.1.55","192.168.1.2","TCP","1514","8004  >  35812 [ACK] Seq=294134 Ack=141 Win=65024 Len=1448 TSval=2916034961 TSecr=3045554734 [TCP segment of a reassembled PDU]"
"19014","30.880720252","192.168.1.55","192.168.1.2","TCP","1514","8004  >  35812 [ACK] Seq=295582 Ack=141 Win=65024 Len=1448 TSval=2916034961 TSecr=3045554734 [TCP segment of a reassembled PDU]"
"19015","30.880721290","192.168.1.55","192.168.1.2","TCP","1514","8004  >  35812 [ACK] Seq=297030 Ack=141 Win=65024 Len=1448 TSval=2916034961 TSecr=3045554734 [TCP segment of a reassembled PDU]"
"19016","30.880728345","192.168.1.55","192.168.1.2","TCP","1514","8004  >  35812 [ACK] Seq=298478 Ack=141 Win=65024 Len=1448 TSval=2916034961 TSecr=3045554734 [TCP segment of a reassembled PDU]"
"19017","30.880729697","192.168.1.55","192.168.1.2","TCP","1514","8004  >  35812 [ACK] Seq=299926 Ack=141 Win=65024 Len=1448 TSval=2916034961 TSecr=3045554734 [TCP segment of a reassembled PDU]"
"19018","30.880730715","192.168.1.55","192.168.1.2","TCP","1514","8004  >  35812 [ACK] Seq=301374 Ack=141 Win=65024 Len=1448 TSval=2916034961 TSecr=3045554734 [TCP segment of a reassembled PDU]"
"19019","30.880731604","192.168.1.55","192.168.1.2","TCP","1514","8004  >  35812 [ACK] Seq=302822 Ack=141 Win=65024 Len=1448 TSval=2916034961 TSecr=3045554734 [TCP segment of a reassembled PDU]"
"19020","30.880732641","192.168.1.55","192.168.1.2","TCP","1514","8004  >  35812 [ACK] Seq=304270 Ack=141 Win=65024 Len=1448 TSval=2916034961 TSecr=3045554734 [TCP segment of a reassembled PDU]"
"19021","30.880733864","192.168.1.55","192.168.1.2","TCP","1514","8004  >  35812 [ACK] Seq=305718 Ack=141 Win=65024 Len=1448 TSval=2916034961 TSecr=3045554734 [TCP segment of a reassembled PDU]"
"19022","30.880734734","192.168.1.55","192.168.1.2","TCP","1514","8004  >  35812 [ACK] Seq=307166 Ack=141 Win=65024 Len=1448 TSval=2916034961 TSecr=3045554734 [TCP segment of a reassembled PDU]"
"19023","30.880735845","192.168.1.55","192.168.1.2","TCP","1514","8004  >  35812 [ACK] Seq=308614 Ack=141 Win=65024 Len=1448 TSval=2916034961 TSecr=3045554734 [TCP segment of a reassembled PDU]"
"19024","30.880736882","192.168.1.55","192.168.1.2","TCP","1514","8004  >  35812 [ACK] Seq=310062 Ack=141 Win=65024 Len=1448 TSval=2916034961 TSecr=3045554734 [TCP segment of a reassembled PDU]"
"19025","30.880738049","192.168.1.55","192.168.1.2","TCP","1514","8004  >  35812 [ACK] Seq=311510 Ack=141 Win=65024 Len=1448 TSval=2916034961 TSecr=3045554734 [TCP segment of a reassembled PDU]"
"19026","30.880739197","192.168.1.55","192.168.1.2","TCP","1514","8004  >  35812 [PSH, ACK] Seq=312958 Ack=141 Win=65024 Len=1448 TSval=2916034961 TSecr=3045554734 [TCP segment of a reassembled PDU]"
"19027","30.880742271","192.168.1.2","192.168.1.55","TCP","66","35812  >  8004 [ACK] Seq=141 Ack=264766 Win=99328 Len=0 TSval=3045554735 TSecr=2916034954"
"19028","30.880768845","192.168.1.55","192.168.1.2","TCP","1514","8004  >  35812 [ACK] Seq=314406 Ack=141 Win=65024 Len=1448 TSval=2916034961 TSecr=3045554735 [TCP segment of a reassembled PDU]"
"19029","30.880770234","192.168.1.55","192.168.1.2","TCP","1514","8004  >  35812 [ACK] Seq=315854 Ack=141 Win=65024 Len=1448 TSval=2916034961 TSecr=3045554735 [TCP segment of a reassembled PDU]"
"19030","30.880771845","192.168.1.55","192.168.1.2","TCP","1514","8004  >  35812 [ACK] Seq=317302 Ack=141 Win=65024 Len=1448 TSval=2916034961 TSecr=3045554735 [TCP segment of a reassembled PDU]"
"19031","30.880773290","192.168.1.55","192.168.1.2","TCP","1514","8004  >  35812 [ACK] Seq=318750 Ack=141 Win=65024 Len=1448 TSval=2916034961 TSecr=3045554735 [TCP segment of a reassembled PDU]"
"19032","30.880774401","192.168.1.55","192.168.1.2","TCP","1514","8004  >  35812 [ACK] Seq=320198 Ack=141 Win=65024 Len=1448 TSval=2916034961 TSecr=3045554735 [TCP segment of a reassembled PDU]"
"19033","30.880775345","192.168.1.55","192.168.1.2","TCP","1514","8004  >  35812 [ACK] Seq=321646 Ack=141 Win=65024 Len=1448 TSval=2916034961 TSecr=3045554735 [TCP segment of a reassembled PDU]"
"19034","30.880776438","192.168.1.55","192.168.1.2","TCP","1514","8004  >  35812 [ACK] Seq=323094 Ack=141 Win=65024 Len=1448 TSval=2916034961 TSecr=3045554735 [TCP segment of a reassembled PDU]"
"19035","30.880777586","192.168.1.55","192.168.1.2","TCP","1514","8004  >  35812 [ACK] Seq=324542 Ack=141 Win=65024 Len=1448 TSval=2916034961 TSecr=3045554735 [TCP segment of a reassembled PDU]"
"19036","30.880778697","192.168.1.55","192.168.1.2","TCP","1514","8004  >  35812 [ACK] Seq=325990 Ack=141 Win=65024 Len=1448 TSval=2916034961 TSecr=3045554735 [TCP segment of a reassembled PDU]"
"19037","30.880779975","192.168.1.55","192.168.1.2","TCP","1514","8004  >  35812 [ACK] Seq=327438 Ack=141 Win=65024 Len=1448 TSval=2916034961 TSecr=3045554735 [TCP segment of a reassembled PDU]"
"19038","30.880781253","192.168.1.55","192.168.1.2","TCP","1514","8004  >  35812 [ACK] Seq=328886 Ack=141 Win=65024 Len=1448 TSval=2916034961 TSecr=3045554735 [TCP segment of a reassembled PDU]"
"19039","30.880782382","192.168.1.55","192.168.1.2","TCP","1514","8004  >  35812 [ACK] Seq=330334 Ack=141 Win=65024 Len=1448 TSval=2916034961 TSecr=3045554735 [TCP segment of a reassembled PDU]"
"19040","30.880783530","192.168.1.55","192.168.1.2","TCP","1514","8004  >  35812 [ACK] Seq=331782 Ack=141 Win=65024 Len=1448 TSval=2916034961 TSecr=3045554735 [TCP segment of a reassembled PDU]"
"19041","30.880784808","192.168.1.55","192.168.1.2","TCP","1514","8004  >  35812 [ACK] Seq=333230 Ack=141 Win=65024 Len=1448 TSval=2916034961 TSecr=3045554735 [TCP segment of a reassembled PDU]"
"19042","30.880785993","192.168.1.55","192.168.1.2","TCP","1514","8004  >  35812 [ACK] Seq=334678 Ack=141 Win=65024 Len=1448 TSval=2916034961 TSecr=3045554735 [TCP segment of a reassembled PDU]"
"19043","30.880786975","192.168.1.55","192.168.1.2","TCP","1514","8004  >  35812 [ACK] Seq=336126 Ack=141 Win=65024 Len=1448 TSval=2916034961 TSecr=3045554735 [TCP segment of a reassembled PDU]"
"19044","30.880788012","192.168.1.55","192.168.1.2","TCP","1514","8004  >  35812 [ACK] Seq=337574 Ack=141 Win=65024 Len=1448 TSval=2916034961 TSecr=3045554735 [TCP segment of a reassembled PDU]"
"19045","30.880789216","192.168.1.55","192.168.1.2","TCP","1514","8004  >  35812 [PSH, ACK] Seq=339022 Ack=141 Win=65024 Len=1448 TSval=2916034961 TSecr=3045554735 [TCP segment of a reassembled PDU]"
"19046","30.880814567","192.168.1.55","192.168.1.2","TCP","1514","8004  >  35812 [ACK] Seq=340470 Ack=141 Win=65024 Len=1448 TSval=2916034961 TSecr=3045554735 [TCP segment of a reassembled PDU]"
"19047","30.880816790","192.168.1.55","192.168.1.2","TCP","1514","8004  >  35812 [ACK] Seq=341918 Ack=141 Win=65024 Len=1448 TSval=2916034961 TSecr=3045554735 [TCP segment of a reassembled PDU]"
"19048","30.880817790","192.168.1.55","192.168.1.2","TCP","1514","8004  >  35812 [ACK] Seq=343366 Ack=141 Win=65024 Len=1448 TSval=2916034961 TSecr=3045554735 [TCP segment of a reassembled PDU]"
"19049","30.880818864","192.168.1.55","192.168.1.2","TCP","1514","8004  >  35812 [ACK] Seq=344814 Ack=141 Win=65024 Len=1448 TSval=2916034961 TSecr=3045554735 [TCP segment of a reassembled PDU]"
"19050","30.880820123","192.168.1.55","192.168.1.2","TCP","1514","8004  >  35812 [ACK] Seq=346262 Ack=141 Win=65024 Len=1448 TSval=2916034961 TSecr=3045554735 [TCP segment of a reassembled PDU]"
"19051","30.880821271","192.168.1.55","192.168.1.2","TCP","1514","8004  >  35812 [ACK] Seq=347710 Ack=141 Win=65024 Len=1448 TSval=2916034961 TSecr=3045554735 [TCP segment of a reassembled PDU]"
"19052","30.880822438","192.168.1.55","192.168.1.2","TCP","1514","8004  >  35812 [ACK] Seq=349158 Ack=141 Win=65024 Len=1448 TSval=2916034961 TSecr=3045554735 [TCP segment of a reassembled PDU]"
"19053","30.880823604","192.168.1.55","192.168.1.2","TCP","1514","8004  >  35812 [ACK] Seq=350606 Ack=141 Win=65024 Len=1448 TSval=2916034961 TSecr=3045554735 [TCP segment of a reassembled PDU]"
"19054","30.880824697","192.168.1.55","192.168.1.2","TCP","1514","8004  >  35812 [ACK] Seq=352054 Ack=141 Win=65024 Len=1448 TSval=2916034961 TSecr=3045554735 [TCP segment of a reassembled PDU]"
"19055","30.880825660","192.168.1.55","192.168.1.2","TCP","1514","8004  >  35812 [ACK] Seq=353502 Ack=141 Win=65024 Len=1448 TSval=2916034961 TSecr=3045554735 [TCP segment of a reassembled PDU]"
"19056","30.880826790","192.168.1.55","192.168.1.2","TCP","1514","8004  >  35812 [ACK] Seq=354950 Ack=141 Win=65024 Len=1448 TSval=2916034961 TSecr=3045554735 [TCP segment of a reassembled PDU]"
"19057","30.880828345","192.168.1.55","192.168.1.2","TCP","1514","8004  >  35812 [ACK] Seq=356398 Ack=141 Win=65024 Len=1448 TSval=2916034961 TSecr=3045554735 [TCP segment of a reassembled PDU]"
"19058","30.880829345","192.168.1.55","192.168.1.2","TCP","1514","8004  >  35812 [ACK] Seq=357846 Ack=141 Win=65024 Len=1448 TSval=2916034961 TSecr=3045554735 [TCP segment of a reassembled PDU]"
"19059","30.880830512","192.168.1.55","192.168.1.2","TCP","1514","8004  >  35812 [ACK] Seq=359294 Ack=141 Win=65024 Len=1448 TSval=2916034961 TSecr=3045554735 [TCP segment of a reassembled PDU]"
"19060","30.880831716","192.168.1.55","192.168.1.2","TCP","1514","8004  >  35812 [ACK] Seq=360742 Ack=141 Win=65024 Len=1448 TSval=2916034961 TSecr=3045554735 [TCP segment of a reassembled PDU]"
"19061","30.880832938","192.168.1.55","192.168.1.2","TCP","1514","8004  >  35812 [PSH, ACK] Seq=362190 Ack=141 Win=65024 Len=1448 TSval=2916034961 TSecr=3045554735 [TCP segment of a reassembled PDU]"
"19062","30.887761523","192.168.1.2","192.168.1.55","TCP","66","35812  >  8004 [ACK] Seq=141 Ack=272006 Win=102400 Len=0 TSval=3045554738 TSecr=2916034961"
"19063","30.887880171","192.168.1.55","192.168.1.2","TCP","1514","8004  >  35812 [ACK] Seq=363638 Ack=141 Win=65024 Len=1448 TSval=2916034968 TSecr=3045554738 [TCP segment of a reassembled PDU]"
"19064","30.887891245","192.168.1.55","192.168.1.2","TCP","1514","8004  >  35812 [ACK] Seq=365086 Ack=141 Win=65024 Len=1448 TSval=2916034968 TSecr=3045554738 [TCP segment of a reassembled PDU]"
"19065","30.887892579","192.168.1.55","192.168.1.2","TCP","1514","8004  >  35812 [ACK] Seq=366534 Ack=141 Win=65024 Len=1448 TSval=2916034968 TSecr=3045554738 [TCP segment of a reassembled PDU]"
"19066","30.887894208","192.168.1.55","192.168.1.2","TCP","1514","8004  >  35812 [ACK] Seq=367982 Ack=141 Win=65024 Len=1448 TSval=2916034968 TSecr=3045554738 [TCP segment of a reassembled PDU]"
"19067","30.887896060","192.168.1.55","192.168.1.2","TCP","1514","8004  >  35812 [ACK] Seq=369430 Ack=141 Win=65024 Len=1448 TSval=2916034968 TSecr=3045554738 [TCP segment of a reassembled PDU]"
"19068","30.887897893","192.168.1.55","192.168.1.2","TCP","1514","8004  >  35812 [ACK] Seq=370878 Ack=141 Win=65024 Len=1448 TSval=2916034968 TSecr=3045554738 [TCP segment of a reassembled PDU]"
"19069","30.887899134","192.168.1.55","192.168.1.2","TCP","1514","8004  >  35812 [PSH, ACK] Seq=372326 Ack=141 Win=65024 Len=1448 TSval=2916034968 TSecr=3045554738 [TCP segment of a reassembled PDU]"
"19070","30.887990579","192.168.1.2","192.168.1.55","TCP","66","35812  >  8004 [ACK] Seq=141 Ack=293726 Win=103424 Len=0 TSval=3045554742 TSecr=2916034961"
"19071","30.888031264","192.168.1.55","192.168.1.2","TCP","1514","8004  >  35812 [ACK] Seq=373774 Ack=141 Win=65024 Len=1448 TSval=2916034968 TSecr=3045554742 [TCP segment of a reassembled PDU]"
"19072","30.888034708","192.168.1.55","192.168.1.2","TCP","1514","8004  >  35812 [ACK] Seq=375222 Ack=141 Win=65024 Len=1448 TSval=2916034968 TSecr=3045554742 [TCP segment of a reassembled PDU]"
"19073","30.888036208","192.168.1.55","192.168.1.2","TCP","1514","8004  >  35812 [ACK] Seq=376670 Ack=141 Win=65024 Len=1448 TSval=2916034968 TSecr=3045554742 [TCP segment of a reassembled PDU]"
"19074","30.888037283","192.168.1.55","192.168.1.2","TCP","1514","8004  >  35812 [ACK] Seq=378118 Ack=141 Win=65024 Len=1448 TSval=2916034968 TSecr=3045554742 [TCP segment of a reassembled PDU]"
"19075","30.888038857","192.168.1.55","192.168.1.2","TCP","1514","8004  >  35812 [ACK] Seq=379566 Ack=141 Win=65024 Len=1448 TSval=2916034968 TSecr=3045554742 [TCP segment of a reassembled PDU]"
"19076","30.888039838","192.168.1.55","192.168.1.2","TCP","1514","8004  >  35812 [ACK] Seq=381014 Ack=141 Win=65024 Len=1448 TSval=2916034968 TSecr=3045554742 [TCP segment of a reassembled PDU]"
"19077","30.888041245","192.168.1.55","192.168.1.2","TCP","1514","8004  >  35812 [ACK] Seq=382462 Ack=141 Win=65024 Len=1448 TSval=2916034968 TSecr=3045554742 [TCP segment of a reassembled PDU]"
"19078","30.888042708","192.168.1.55","192.168.1.2","TCP","1514","8004  >  35812 [ACK] Seq=383910 Ack=141 Win=65024 Len=1448 TSval=2916034968 TSecr=3045554742 [TCP segment of a reassembled PDU]"
"19079","30.888044208","192.168.1.55","192.168.1.2","TCP","1514","8004  >  35812 [PSH, ACK] Seq=385358 Ack=141 Win=65024 Len=1448 TSval=2916034968 TSecr=3045554742 [TCP segment of a reassembled PDU]"
"19080","30.888050727","192.168.1.2","192.168.1.55","TCP","66","35812  >  8004 [ACK] Seq=141 Ack=294134 Win=105472 Len=0 TSval=3045554742 TSecr=2916034961"
"19081","30.888058005","192.168.1.2","192.168.1.55","TCP","66","35812  >  8004 [ACK] Seq=141 Ack=314406 Win=138240 Len=0 TSval=3045554742 TSecr=2916034961"
"19082","30.888136005","192.168.1.55","192.168.1.2","TCP","1514","8004  >  35812 [ACK] Seq=386806 Ack=141 Win=65024 Len=1448 TSval=2916034968 TSecr=3045554742 [TCP segment of a reassembled PDU]"
"19083","30.888139301","192.168.1.55","192.168.1.2","TCP","1514","8004  >  35812 [ACK] Seq=388254 Ack=141 Win=65024 Len=1448 TSval=2916034968 TSecr=3045554742 [TCP segment of a reassembled PDU]"
"19084","30.888141468","192.168.1.55","192.168.1.2","TCP","1514","8004  >  35812 [ACK] Seq=389702 Ack=141 Win=65024 Len=1448 TSval=2916034968 TSecr=3045554742 [TCP segment of a reassembled PDU]"
"19085","30.888143153","192.168.1.55","192.168.1.2","TCP","1514","8004  >  35812 [ACK] Seq=391150 Ack=141 Win=65024 Len=1448 TSval=2916034968 TSecr=3045554742 [TCP segment of a reassembled PDU]"
"19086","30.888144875","192.168.1.55","192.168.1.2","TCP","1514","8004  >  35812 [ACK] Seq=392598 Ack=141 Win=65024 Len=1448 TSval=2916034968 TSecr=3045554742 [TCP segment of a reassembled PDU]"
"19087","30.888146672","192.168.1.55","192.168.1.2","TCP","1514","8004  >  35812 [ACK] Seq=394046 Ack=141 Win=65024 Len=1448 TSval=2916034968 TSecr=3045554742 [TCP segment of a reassembled PDU]"
"19088","30.888147783","192.168.1.55","192.168.1.2","TCP","1514","8004  >  35812 [ACK] Seq=395494 Ack=141 Win=65024 Len=1448 TSval=2916034968 TSecr=3045554742 [TCP segment of a reassembled PDU]"
"19089","30.888149079","192.168.1.55","192.168.1.2","TCP","1514","8004  >  35812 [ACK] Seq=396942 Ack=141 Win=65024 Len=1448 TSval=2916034968 TSecr=3045554742 [TCP segment of a reassembled PDU]"
"19090","30.888150264","192.168.1.55","192.168.1.2","TCP","1514","8004  >  35812 [ACK] Seq=398390 Ack=141 Win=65024 Len=1448 TSval=2916034968 TSecr=3045554742 [TCP segment of a reassembled PDU]"
"19091","30.888151635","192.168.1.55","192.168.1.2","TCP","1514","8004  >  35812 [ACK] Seq=399838 Ack=141 Win=65024 Len=1448 TSval=2916034968 TSecr=3045554742 [TCP segment of a reassembled PDU]"
"19092","30.888153727","192.168.1.55","192.168.1.2","TCP","1514","8004  >  35812 [ACK] Seq=401286 Ack=141 Win=65024 Len=1448 TSval=2916034968 TSecr=3045554742 [TCP segment of a reassembled PDU]"
"19093","30.888154931","192.168.1.55","192.168.1.2","TCP","1514","8004  >  35812 [ACK] Seq=402734 Ack=141 Win=65024 Len=1448 TSval=2916034968 TSecr=3045554742 [TCP segment of a reassembled PDU]"
"19094","30.888156357","192.168.1.55","192.168.1.2","TCP","1514","8004  >  35812 [ACK] Seq=404182 Ack=141 Win=65024 Len=1448 TSval=2916034968 TSecr=3045554742 [TCP segment of a reassembled PDU]"
"19095","30.888157801","192.168.1.55","192.168.1.2","TCP","1514","8004  >  35812 [ACK] Seq=405630 Ack=141 Win=65024 Len=1448 TSval=2916034968 TSecr=3045554742 [TCP segment of a reassembled PDU]"
"19096","30.888159505","192.168.1.55","192.168.1.2","TCP","1514","8004  >  35812 [ACK] Seq=407078 Ack=141 Win=65024 Len=1448 TSval=2916034968 TSecr=3045554742 [TCP segment of a reassembled PDU]"
"19097","30.888160820","192.168.1.55","192.168.1.2","TCP","1514","8004  >  35812 [ACK] Seq=408526 Ack=141 Win=65024 Len=1448 TSval=2916034968 TSecr=3045554742 [TCP segment of a reassembled PDU]"
"19098","30.888162060","192.168.1.55","192.168.1.2","TCP","1514","8004  >  35812 [ACK] Seq=409974 Ack=141 Win=65024 Len=1448 TSval=2916034968 TSecr=3045554742 [TCP segment of a reassembled PDU]"
"19099","30.888163227","192.168.1.55","192.168.1.2","TCP","1514","8004  >  35812 [ACK] Seq=411422 Ack=141 Win=65024 Len=1448 TSval=2916034968 TSecr=3045554742 [TCP segment of a reassembled PDU]"
"19100","30.888165209","192.168.1.55","192.168.1.2","TCP","1514","8004  >  35812 [ACK] Seq=412870 Ack=141 Win=65024 Len=1448 TSval=2916034968 TSecr=3045554742 [TCP segment of a reassembled PDU]"
"19101","30.888166153","192.168.1.55","192.168.1.2","TCP","1514","8004  >  35812 [ACK] Seq=414318 Ack=141 Win=65024 Len=1448 TSval=2916034968 TSecr=3045554742 [TCP segment of a reassembled PDU]"
"19102","30.888167635","192.168.1.55","192.168.1.2","TCP","1514","8004  >  35812 [ACK] Seq=415766 Ack=141 Win=65024 Len=1448 TSval=2916034968 TSecr=3045554742 [TCP segment of a reassembled PDU]"
"19103","30.888168838","192.168.1.55","192.168.1.2","TCP","1514","8004  >  35812 [ACK] Seq=417214 Ack=141 Win=65024 Len=1448 TSval=2916034968 TSecr=3045554742 [TCP segment of a reassembled PDU]"
"19104","30.888170042","192.168.1.55","192.168.1.2","TCP","1514","8004  >  35812 [ACK] Seq=418662 Ack=141 Win=65024 Len=1448 TSval=2916034968 TSecr=3045554742 [TCP segment of a reassembled PDU]"
"19105","30.888171690","192.168.1.55","192.168.1.2","TCP","1514","8004  >  35812 [ACK] Seq=420110 Ack=141 Win=65024 Len=1448 TSval=2916034968 TSecr=3045554742 [TCP segment of a reassembled PDU]"
"19106","30.888173412","192.168.1.55","192.168.1.2","TCP","1514","8004  >  35812 [ACK] Seq=421558 Ack=141 Win=65024 Len=1448 TSval=2916034968 TSecr=3045554742 [TCP segment of a reassembled PDU]"
"19107","30.888174709","192.168.1.55","192.168.1.2","TCP","1514","8004  >  35812 [ACK] Seq=423006 Ack=141 Win=65024 Len=1448 TSval=2916034968 TSecr=3045554742 [TCP segment of a reassembled PDU]"
"19108","30.888175672","192.168.1.55","192.168.1.2","TCP","1514","8004  >  35812 [ACK] Seq=424454 Ack=141 Win=65024 Len=1448 TSval=2916034968 TSecr=3045554742 [TCP segment of a reassembled PDU]"
"19109","30.888177283","192.168.1.55","192.168.1.2","TCP","1514","8004  >  35812 [ACK] Seq=425902 Ack=141 Win=65024 Len=1448 TSval=2916034968 TSecr=3045554742 [TCP segment of a reassembled PDU]"
"19110","30.888179486","192.168.1.55","192.168.1.2","TCP","1514","8004  >  35812 [ACK] Seq=427350 Ack=141 Win=65024 Len=1448 TSval=2916034968 TSecr=3045554742 [TCP segment of a reassembled PDU]"
"19111","30.888180653","192.168.1.55","192.168.1.2","TCP","1514","8004  >  35812 [ACK] Seq=428798 Ack=141 Win=65024 Len=1448 TSval=2916034968 TSecr=3045554742 [TCP segment of a reassembled PDU]"
"19112","30.888182023","192.168.1.55","192.168.1.2","TCP","1514","8004  >  35812 [ACK] Seq=430246 Ack=141 Win=65024 Len=1448 TSval=2916034968 TSecr=3045554742 [TCP segment of a reassembled PDU]"
"19113","30.888183357","192.168.1.55","192.168.1.2","TCP","1514","8004  >  35812 [PSH, ACK] Seq=431694 Ack=141 Win=65024 Len=1448 TSval=2916034968 TSecr=3045554742 [TCP segment of a reassembled PDU]"
"19114","30.888188079","192.168.1.2","192.168.1.55","TCP","66","35812  >  8004 [ACK] Seq=141 Ack=323094 Win=155648 Len=0 TSval=3045554742 TSecr=2916034961"
"19115","30.888256987","192.168.1.2","192.168.1.55","TCP","66","35812  >  8004 [ACK] Seq=141 Ack=340470 Win=184320 Len=0 TSval=3045554742 TSecr=2916034961"
"19116","30.888359079","192.168.1.55","192.168.1.2","TCP","1514","8004  >  35812 [ACK] Seq=433142 Ack=141 Win=65024 Len=1448 TSval=2916034968 TSecr=3045554742 [TCP segment of a reassembled PDU]"
"19117","30.888363709","192.168.1.55","192.168.1.2","TCP","1514","8004  >  35812 [ACK] Seq=434590 Ack=141 Win=65024 Len=1448 TSval=2916034968 TSecr=3045554742 [TCP segment of a reassembled PDU]"
"19118","30.888366042","192.168.1.55","192.168.1.2","TCP","1514","8004  >  35812 [ACK] Seq=436038 Ack=141 Win=65024 Len=1448 TSval=2916034968 TSecr=3045554742 [TCP segment of a reassembled PDU]"
"19119","30.888367783","192.168.1.55","192.168.1.2","TCP","1514","8004  >  35812 [ACK] Seq=437486 Ack=141 Win=65024 Len=1448 TSval=2916034968 TSecr=3045554742 [TCP segment of a reassembled PDU]"
"19120","30.888368894","192.168.1.55","192.168.1.2","TCP","1514","8004  >  35812 [ACK] Seq=438934 Ack=141 Win=65024 Len=1448 TSval=2916034968 TSecr=3045554742 [TCP segment of a reassembled PDU]"
"19121","30.888370265","192.168.1.55","192.168.1.2","TCP","1514","8004  >  35812 [ACK] Seq=440382 Ack=141 Win=65024 Len=1448 TSval=2916034968 TSecr=3045554742 [TCP segment of a reassembled PDU]"
"19122","30.888372357","192.168.1.55","192.168.1.2","TCP","1514","8004  >  35812 [ACK] Seq=441830 Ack=141 Win=65024 Len=1448 TSval=2916034968 TSecr=3045554742 [TCP segment of a reassembled PDU]"
"19123","30.888373894","192.168.1.55","192.168.1.2","TCP","1514","8004  >  35812 [ACK] Seq=443278 Ack=141 Win=65024 Len=1448 TSval=2916034968 TSecr=3045554742 [TCP segment of a reassembled PDU]"
"19124","30.888375746","192.168.1.55","192.168.1.2","TCP","1514","8004  >  35812 [ACK] Seq=444726 Ack=141 Win=65024 Len=1448 TSval=2916034968 TSecr=3045554742 [TCP segment of a reassembled PDU]"
"19125","30.888377320","192.168.1.55","192.168.1.2","TCP","1514","8004  >  35812 [ACK] Seq=446174 Ack=141 Win=65024 Len=1448 TSval=2916034968 TSecr=3045554742 [TCP segment of a reassembled PDU]"
"19126","30.888379394","192.168.1.55","192.168.1.2","TCP","1514","8004  >  35812 [ACK] Seq=447622 Ack=141 Win=65024 Len=1448 TSval=2916034968 TSecr=3045554742 [TCP segment of a reassembled PDU]"
"19127","30.888380598","192.168.1.55","192.168.1.2","TCP","1514","8004  >  35812 [ACK] Seq=449070 Ack=141 Win=65024 Len=1448 TSval=2916034968 TSecr=3045554742 [TCP segment of a reassembled PDU]"
"19128","30.888382172","192.168.1.55","192.168.1.2","TCP","1514","8004  >  35812 [ACK] Seq=450518 Ack=141 Win=65024 Len=1448 TSval=2916034968 TSecr=3045554742 [TCP segment of a reassembled PDU]"
"19129","30.888383357","192.168.1.55","192.168.1.2","TCP","1514","8004  >  35812 [ACK] Seq=451966 Ack=141 Win=65024 Len=1448 TSval=2916034968 TSecr=3045554742 [TCP segment of a reassembled PDU]"
"19130","30.888384727","192.168.1.55","192.168.1.2","TCP","1514","8004  >  35812 [ACK] Seq=453414 Ack=141 Win=65024 Len=1448 TSval=2916034968 TSecr=3045554742 [TCP segment of a reassembled PDU]"
"19131","30.888386765","192.168.1.55","192.168.1.2","TCP","1514","8004  >  35812 [ACK] Seq=454862 Ack=141 Win=65024 Len=1448 TSval=2916034968 TSecr=3045554742 [TCP segment of a reassembled PDU]"
"19132","30.888388376","192.168.1.55","192.168.1.2","TCP","1514","8004  >  35812 [ACK] Seq=456310 Ack=141 Win=65024 Len=1448 TSval=2916034968 TSecr=3045554742 [TCP segment of a reassembled PDU]"
"19133","30.888389894","192.168.1.55","192.168.1.2","TCP","1514","8004  >  35812 [ACK] Seq=457758 Ack=141 Win=65024 Len=1448 TSval=2916034968 TSecr=3045554742 [TCP segment of a reassembled PDU]"
"19134","30.888391116","192.168.1.55","192.168.1.2","TCP","1514","8004  >  35812 [ACK] Seq=459206 Ack=141 Win=65024 Len=1448 TSval=2916034968 TSecr=3045554742 [TCP segment of a reassembled PDU]"
"19135","30.888392598","192.168.1.55","192.168.1.2","TCP","1514","8004  >  35812 [ACK] Seq=460654 Ack=141 Win=65024 Len=1448 TSval=2916034968 TSecr=3045554742 [TCP segment of a reassembled PDU]"
"19136","30.888394024","192.168.1.55","192.168.1.2","TCP","1514","8004  >  35812 [ACK] Seq=462102 Ack=141 Win=65024 Len=1448 TSval=2916034968 TSecr=3045554742 [TCP segment of a reassembled PDU]"
"19137","30.888395820","192.168.1.55","192.168.1.2","TCP","1514","8004  >  35812 [ACK] Seq=463550 Ack=141 Win=65024 Len=1448 TSval=2916034968 TSecr=3045554742 [TCP segment of a reassembled PDU]"
"19138","30.888397172","192.168.1.55","192.168.1.2","TCP","1514","8004  >  35812 [ACK] Seq=464998 Ack=141 Win=65024 Len=1448 TSval=2916034968 TSecr=3045554742 [TCP segment of a reassembled PDU]"
"19139","30.888398505","192.168.1.55","192.168.1.2","TCP","1514","8004  >  35812 [ACK] Seq=466446 Ack=141 Win=65024 Len=1448 TSval=2916034968 TSecr=3045554742 [TCP segment of a reassembled PDU]"
"19140","30.888400950","192.168.1.55","192.168.1.2","TCP","1514","8004  >  35812 [ACK] Seq=467894 Ack=141 Win=65024 Len=1448 TSval=2916034968 TSecr=3045554742 [TCP segment of a reassembled PDU]"
"19141","30.888402079","192.168.1.55","192.168.1.2","TCP","1514","8004  >  35812 [ACK] Seq=469342 Ack=141 Win=65024 Len=1448 TSval=2916034968 TSecr=3045554742 [TCP segment of a reassembled PDU]"
"19142","30.888403876","192.168.1.55","192.168.1.2","TCP","1514","8004  >  35812 [ACK] Seq=470790 Ack=141 Win=65024 Len=1448 TSval=2916034968 TSecr=3045554742 [TCP segment of a reassembled PDU]"
"19143","30.888405413","192.168.1.55","192.168.1.2","TCP","1514","8004  >  35812 [ACK] Seq=472238 Ack=141 Win=65024 Len=1448 TSval=2916034968 TSecr=3045554742 [TCP segment of a reassembled PDU]"
"19144","30.888406968","192.168.1.55","192.168.1.2","TCP","1514","8004  >  35812 [ACK] Seq=473686 Ack=141 Win=65024 Len=1448 TSval=2916034968 TSecr=3045554742 [TCP segment of a reassembled PDU]"
"19145","30.888408209","192.168.1.55","192.168.1.2","TCP","1514","8004  >  35812 [ACK] Seq=475134 Ack=141 Win=65024 Len=1448 TSval=2916034968 TSecr=3045554742 [TCP segment of a reassembled PDU]"
"19146","30.888409802","192.168.1.55","192.168.1.2","TCP","1514","8004  >  35812 [ACK] Seq=476582 Ack=141 Win=65024 Len=1448 TSval=2916034968 TSecr=3045554742 [TCP segment of a reassembled PDU]"
"19147","30.888411116","192.168.1.55","192.168.1.2","TCP","1514","8004  >  35812 [PSH, ACK] Seq=478030 Ack=141 Win=65024 Len=1448 TSval=2916034968 TSecr=3045554742 [TCP segment of a reassembled PDU]"
"19148","30.888418302","192.168.1.2","192.168.1.55","TCP","66","35812  >  8004 [ACK] Seq=141 Ack=357846 Win=184320 Len=0 TSval=3045554742 TSecr=2916034961"
"19149","30.888428765","192.168.1.2","192.168.1.55","TCP","66","35812  >  8004 [ACK] Seq=141 Ack=363638 Win=191488 Len=0 TSval=3045554743 TSecr=2916034961"
"19150","30.889697026","192.168.1.55","192.168.1.2","TCP","1514","8004  >  35812 [ACK] Seq=479478 Ack=141 Win=65024 Len=1448 TSval=2916034970 TSecr=3045554743 [TCP segment of a reassembled PDU]"
"19151","30.889702193","192.168.1.55","192.168.1.2","TCP","1514","8004  >  35812 [ACK] Seq=480926 Ack=141 Win=65024 Len=1448 TSval=2916034970 TSecr=3045554743 [TCP segment of a reassembled PDU]"
"19152","30.889703267","192.168.1.55","192.168.1.2","TCP","1514","8004  >  35812 [ACK] Seq=482374 Ack=141 Win=65024 Len=1448 TSval=2916034970 TSecr=3045554743 [TCP segment of a reassembled PDU]"
"19153","30.889704211","192.168.1.55","192.168.1.2","TCP","1514","8004  >  35812 [ACK] Seq=483822 Ack=141 Win=65024 Len=1448 TSval=2916034970 TSecr=3045554743 [TCP segment of a reassembled PDU]"
"19154","30.889705526","192.168.1.55","192.168.1.2","TCP","1514","8004  >  35812 [ACK] Seq=485270 Ack=141 Win=65024 Len=1448 TSval=2916034970 TSecr=3045554743 [TCP segment of a reassembled PDU]"
"19155","30.889707100","192.168.1.55","192.168.1.2","TCP","1514","8004  >  35812 [ACK] Seq=486718 Ack=141 Win=65024 Len=1448 TSval=2916034970 TSecr=3045554743 [TCP segment of a reassembled PDU]"
"19156","30.889709100","192.168.1.55","192.168.1.2","TCP","1514","8004  >  35812 [ACK] Seq=488166 Ack=141 Win=65024 Len=1448 TSval=2916034970 TSecr=3045554743 [TCP segment of a reassembled PDU]"
"19157","30.889710933","192.168.1.55","192.168.1.2","TCP","1514","8004  >  35812 [ACK] Seq=489614 Ack=141 Win=65024 Len=1448 TSval=2916034970 TSecr=3045554743 [TCP segment of a reassembled PDU]"
"19158","30.889712063","192.168.1.55","192.168.1.2","TCP","1514","8004  >  35812 [ACK] Seq=491062 Ack=141 Win=65024 Len=1448 TSval=2916034970 TSecr=3045554743 [TCP segment of a reassembled PDU]"
"19159","30.889713044","192.168.1.55","192.168.1.2","TCP","1514","8004  >  35812 [ACK] Seq=492510 Ack=141 Win=65024 Len=1448 TSval=2916034970 TSecr=3045554743 [TCP segment of a reassembled PDU]"
"19160","30.889714230","192.168.1.55","192.168.1.2","TCP","1514","8004  >  35812 [ACK] Seq=493958 Ack=141 Win=65024 Len=1448 TSval=2916034970 TSecr=3045554743 [TCP segment of a reassembled PDU]"
"19161","30.889715230","192.168.1.55","192.168.1.2","TCP","1514","8004  >  35812 [ACK] Seq=495406 Ack=141 Win=65024 Len=1448 TSval=2916034970 TSecr=3045554743 [TCP segment of a reassembled PDU]"
"19162","30.889716730","192.168.1.55","192.168.1.2","TCP","1514","8004  >  35812 [ACK] Seq=496854 Ack=141 Win=65024 Len=1448 TSval=2916034970 TSecr=3045554743 [TCP segment of a reassembled PDU]"
"19163","30.889718563","192.168.1.55","192.168.1.2","HTTP","1472","HTTP/1.0 200 OK  (PNG)"
"19164","30.893164976","192.168.1.2","192.168.1.55","TCP","66","35812  >  8004 [ACK] Seq=141 Ack=373774 Win=189440 Len=0 TSval=3045554749 TSecr=2916034968"
"19165","30.893565625","192.168.1.2","192.168.1.55","TCP","66","35812  >  8004 [ACK] Seq=141 Ack=433142 Win=142336 Len=0 TSval=3045554749 TSecr=2916034968"
"19166","30.897081723","192.168.1.2","192.168.1.55","TCP","66","35812  >  8004 [ACK] Seq=141 Ack=463550 Win=169984 Len=0 TSval=3045554752 TSecr=2916034968"
"19167","30.897180741","192.168.1.2","192.168.1.55","TCP","66","35812  >  8004 [ACK] Seq=141 Ack=479478 Win=185344 Len=0 TSval=3045554753 TSecr=2916034968"
"19168","30.898456447","192.168.1.2","192.168.1.55","TCP","66","35812  >  8004 [ACK] Seq=141 Ack=491062 Win=174080 Len=0 TSval=3045554753 TSecr=2916034970"
"19169","30.899394300","192.168.1.2","192.168.1.55","TCP","66","35812  >  8004 [ACK] Seq=141 Ack=498302 Win=192512 Len=0 TSval=3045554754 TSecr=2916034970"
"19170","30.900482691","192.168.1.2","192.168.1.55","TCP","66","35812  >  8004 [FIN, ACK] Seq=141 Ack=499709 Win=194560 Len=0 TSval=3045554755 TSecr=2916034970"
"19171","30.900629765","192.168.1.55","192.168.1.2","TCP","66","8004  >  35812 [ACK] Seq=499709 Ack=142 Win=65024 Len=0 TSval=2916034981 TSecr=3045554755"
"19172","30.900676006","192.168.1.2","192.168.1.55","TCP","74","35826  >  8004 [SYN] Seq=0 Win=64240 Len=0 MSS=1460 SACK_PERM TSval=3045554755 TSecr=0 WS=1024"
"19173","30.900712914","192.168.1.55","192.168.1.2","TCP","74","8004  >  35826 [SYN, ACK] Seq=0 Ack=1 Win=65160 Len=0 MSS=1460 SACK_PERM TSval=2916034981 TSecr=3045554755 WS=128"
"19174","30.903914585","192.168.1.2","192.168.1.55","TCP","66","35826  >  8004 [ACK] Seq=1 Ack=1 Win=64512 Len=0 TSval=3045554758 TSecr=2916034981"
"19175","30.907134831","192.168.1.2","192.168.1.55","HTTP","209","GET /original_benchmark.png HTTP/1.1 "
"19176","30.907152868","192.168.1.55","192.168.1.2","TCP","66","8004  >  35826 [ACK] Seq=1 Ack=144 Win=65024 Len=0 TSval=2916034987 TSecr=3045554758"
"19177","30.907612017","192.168.1.55","192.168.1.2","TCP","255","8004  >  35826 [PSH, ACK] Seq=1 Ack=144 Win=65024 Len=189 TSval=2916034988 TSecr=3045554758 [TCP segment of a reassembled PDU]"
"19178","30.907697221","192.168.1.55","192.168.1.2","TCP","1514","8004  >  35826 [ACK] Seq=190 Ack=144 Win=65024 Len=1448 TSval=2916034988 TSecr=3045554758 [TCP segment of a reassembled PDU]"
"19179","30.907701739","192.168.1.55","192.168.1.2","TCP","1514","8004  >  35826 [ACK] Seq=1638 Ack=144 Win=65024 Len=1448 TSval=2916034988 TSecr=3045554758 [TCP segment of a reassembled PDU]"
"19180","30.907703091","192.168.1.55","192.168.1.2","TCP","1514","8004  >  35826 [ACK] Seq=3086 Ack=144 Win=65024 Len=1448 TSval=2916034988 TSecr=3045554758 [TCP segment of a reassembled PDU]"
"19181","30.907704406","192.168.1.55","192.168.1.2","TCP","1514","8004  >  35826 [ACK] Seq=4534 Ack=144 Win=65024 Len=1448 TSval=2916034988 TSecr=3045554758 [TCP segment of a reassembled PDU]"
"19182","30.907705739","192.168.1.55","192.168.1.2","TCP","1514","8004  >  35826 [PSH, ACK] Seq=5982 Ack=144 Win=65024 Len=1448 TSval=2916034988 TSecr=3045554758 [TCP segment of a reassembled PDU]"
"19183","30.907720906","192.168.1.55","192.168.1.2","TCP","1514","8004  >  35826 [ACK] Seq=7430 Ack=144 Win=65024 Len=1448 TSval=2916034988 TSecr=3045554758 [TCP segment of a reassembled PDU]"
"19184","30.907722517","192.168.1.55","192.168.1.2","TCP","1514","8004  >  35826 [ACK] Seq=8878 Ack=144 Win=65024 Len=1448 TSval=2916034988 TSecr=3045554758 [TCP segment of a reassembled PDU]"
"19185","30.907723758","192.168.1.55","192.168.1.2","TCP","1514","8004  >  35826 [ACK] Seq=10326 Ack=144 Win=65024 Len=1448 TSval=2916034988 TSecr=3045554758 [TCP segment of a reassembled PDU]"
"19186","30.907724980","192.168.1.55","192.168.1.2","TCP","1514","8004  >  35826 [PSH, ACK] Seq=11774 Ack=144 Win=65024 Len=1448 TSval=2916034988 TSecr=3045554758 [TCP segment of a reassembled PDU]"
"19187","30.911381875","192.168.1.2","192.168.1.55","TCP","66","35826  >  8004 [ACK] Seq=144 Ack=190 Win=64512 Len=0 TSval=3045554765 TSecr=2916034988"
"19188","30.911502579","192.168.1.55","192.168.1.2","TCP","1514","8004  >  35826 [ACK] Seq=13222 Ack=144 Win=65024 Len=1448 TSval=2916034992 TSecr=3045554765 [TCP segment of a reassembled PDU]"
"19189","30.911517208","192.168.1.55","192.168.1.2","TCP","1514","8004  >  35826 [PSH, ACK] Seq=14670 Ack=144 Win=65024 Len=1448 TSval=2916034992 TSecr=3045554765 [TCP segment of a reassembled PDU]"
"19190","30.911788672","192.168.1.2","192.168.1.55","TCP","66","35826  >  8004 [ACK] Seq=144 Ack=3086 Win=70656 Len=0 TSval=3045554765 TSecr=2916034988"
"19191","30.911876394","192.168.1.2","192.168.1.55","TCP","66","35826  >  8004 [ACK] Seq=144 Ack=5982 Win=76800 Len=0 TSval=3045554766 TSecr=2916034988"
"19192","30.911985598","192.168.1.55","192.168.1.2","TCP","1514","8004  >  35826 [ACK] Seq=16118 Ack=144 Win=65024 Len=1448 TSval=2916034992 TSecr=3045554766 [TCP segment of a reassembled PDU]"
"19193","30.911998302","192.168.1.55","192.168.1.2","TCP","1514","8004  >  35826 [ACK] Seq=17566 Ack=144 Win=65024 Len=1448 TSval=2916034992 TSecr=3045554766 [TCP segment of a reassembled PDU]"
"19194","30.912004913","192.168.1.55","192.168.1.2","TCP","1514","8004  >  35826 [ACK] Seq=19014 Ack=144 Win=65024 Len=1448 TSval=2916034992 TSecr=3045554766 [TCP segment of a reassembled PDU]"
"19195","30.912008320","192.168.1.55","192.168.1.2","TCP","1514","8004  >  35826 [ACK] Seq=20462 Ack=144 Win=65024 Len=1448 TSval=2916034992 TSecr=3045554766 [TCP segment of a reassembled PDU]"
"19196","30.912010468","192.168.1.55","192.168.1.2","TCP","1514","8004  >  35826 [ACK] Seq=21910 Ack=144 Win=65024 Len=1448 TSval=2916034992 TSecr=3045554766 [TCP segment of a reassembled PDU]"
"19197","30.912013376","192.168.1.55","192.168.1.2","TCP","1514","8004  >  35826 [ACK] Seq=23358 Ack=144 Win=65024 Len=1448 TSval=2916034992 TSecr=3045554766 [TCP segment of a reassembled PDU]"
"19198","30.912015968","192.168.1.55","192.168.1.2","TCP","1514","8004  >  35826 [PSH, ACK] Seq=24806 Ack=144 Win=65024 Len=1448 TSval=2916034992 TSecr=3045554766 [TCP segment of a reassembled PDU]"
"19199","30.912028283","192.168.1.2","192.168.1.55","TCP","66","35826  >  8004 [ACK] Seq=144 Ack=7430 Win=79872 Len=0 TSval=3045554766 TSecr=2916034988"
"19200","30.912042098","192.168.1.2","192.168.1.55","TCP","66","35826  >  8004 [ACK] Seq=144 Ack=13222 Win=79872 Len=0 TSval=3045554766 TSecr=2916034988"
"19201","30.912117691","192.168.1.55","192.168.1.2","TCP","1514","8004  >  35826 [ACK] Seq=26254 Ack=144 Win=65024 Len=1448 TSval=2916034992 TSecr=3045554766 [TCP segment of a reassembled PDU]"
"19202","30.912125450","192.168.1.55","192.168.1.2","TCP","1514","8004  >  35826 [ACK] Seq=27702 Ack=144 Win=65024 Len=1448 TSval=2916034992 TSecr=3045554766 [TCP segment of a reassembled PDU]"
"19203","30.912129746","192.168.1.55","192.168.1.2","TCP","1514","8004  >  35826 [ACK] Seq=29150 Ack=144 Win=65024 Len=1448 TSval=2916034992 TSecr=3045554766 [TCP segment of a reassembled PDU]"
"19204","30.912155191","192.168.1.55","192.168.1.2","TCP","1514","8004  >  35826 [ACK] Seq=30598 Ack=144 Win=65024 Len=1448 TSval=2916034992 TSecr=3045554766 [TCP segment of a reassembled PDU]"
"19205","30.912158839","192.168.1.55","192.168.1.2","TCP","1514","8004  >  35826 [ACK] Seq=32046 Ack=144 Win=65024 Len=1448 TSval=2916034992 TSecr=3045554766 [TCP segment of a reassembled PDU]"
"19206","30.912161969","192.168.1.55","192.168.1.2","TCP","1514","8004  >  35826 [ACK] Seq=33494 Ack=144 Win=65024 Len=1448 TSval=2916034992 TSecr=3045554766 [TCP segment of a reassembled PDU]"
"19207","30.912165098","192.168.1.55","192.168.1.2","TCP","1514","8004  >  35826 [ACK] Seq=34942 Ack=144 Win=65024 Len=1448 TSval=2916034992 TSecr=3045554766 [TCP segment of a reassembled PDU]"
"19208","30.912167617","192.168.1.55","192.168.1.2","TCP","1514","8004  >  35826 [ACK] Seq=36390 Ack=144 Win=65024 Len=1448 TSval=2916034992 TSecr=3045554766 [TCP segment of a reassembled PDU]"
"19209","30.912169654","192.168.1.55","192.168.1.2","TCP","1514","8004  >  35826 [ACK] Seq=37838 Ack=144 Win=65024 Len=1448 TSval=2916034992 TSecr=3045554766 [TCP segment of a reassembled PDU]"
"19210","30.912174635","192.168.1.55","192.168.1.2","TCP","1514","8004  >  35826 [PSH, ACK] Seq=39286 Ack=144 Win=65024 Len=1448 TSval=2916034992 TSecr=3045554766 [TCP segment of a reassembled PDU]"
"19211","30.913217489","192.168.1.55","192.168.1.2","TCP","1514","8004  >  35826 [ACK] Seq=40734 Ack=144 Win=65024 Len=1448 TSval=2916034993 TSecr=3045554766 [TCP segment of a reassembled PDU]"
"19212","30.917028236","192.168.1.2","192.168.1.55","TCP","66","35826  >  8004 [ACK] Seq=144 Ack=16118 Win=84992 Len=0 TSval=3045554771 TSecr=2916034992"
"19213","30.917086347","192.168.1.55","192.168.1.2","TCP","1514","8004  >  35826 [ACK] Seq=42182 Ack=144 Win=65024 Len=1448 TSval=2916034997 TSecr=3045554771 [TCP segment of a reassembled PDU]"
"19214","30.917092013","192.168.1.55","192.168.1.2","TCP","1514","8004  >  35826 [PSH, ACK] Seq=43630 Ack=144 Win=65024 Len=1448 TSval=2916034997 TSecr=3045554771 [TCP segment of a reassembled PDU]"
"19215","30.917234143","192.168.1.2","192.168.1.55","TCP","66","35826  >  8004 [ACK] Seq=144 Ack=26254 Win=83968 Len=0 TSval=3045554771 TSecr=2916034992"
"19216","30.917299403","192.168.1.55","192.168.1.2","TCP","1514","8004  >  35826 [ACK] Seq=45078 Ack=144 Win=65024 Len=1448 TSval=2916034997 TSecr=3045554771 [TCP segment of a reassembled PDU]"
"19217","30.917303217","192.168.1.55","192.168.1.2","TCP","1514","8004  >  35826 [ACK] Seq=46526 Ack=144 Win=65024 Len=1448 TSval=2916034997 TSecr=3045554771 [TCP segment of a reassembled PDU]"
"19218","30.917304569","192.168.1.55","192.168.1.2","TCP","1514","8004  >  35826 [ACK] Seq=47974 Ack=144 Win=65024 Len=1448 TSval=2916034997 TSecr=3045554771 [TCP segment of a reassembled PDU]"
"19219","30.917306217","192.168.1.55","192.168.1.2","TCP","1514","8004  >  35826 [ACK] Seq=49422 Ack=144 Win=65024 Len=1448 TSval=2916034997 TSecr=3045554771 [TCP segment of a reassembled PDU]"
"19220","30.917307625","192.168.1.55","192.168.1.2","TCP","1514","8004  >  35826 [ACK] Seq=50870 Ack=144 Win=65024 Len=1448 TSval=2916034997 TSecr=3045554771 [TCP segment of a reassembled PDU]"
"19221","30.917309125","192.168.1.55","192.168.1.2","TCP","1514","8004  >  35826 [ACK] Seq=52318 Ack=144 Win=65024 Len=1448 TSval=2916034997 TSecr=3045554771 [TCP segment of a reassembled PDU]"
"19222","30.917310810","192.168.1.55","192.168.1.2","TCP","1514","8004  >  35826 [ACK] Seq=53766 Ack=144 Win=65024 Len=1448 TSval=2916034997 TSecr=3045554771 [TCP segment of a reassembled PDU]"
"19223","30.917312180","192.168.1.55","192.168.1.2","TCP","1514","8004  >  35826 [ACK] Seq=55214 Ack=144 Win=65024 Len=1448 TSval=2916034997 TSecr=3045554771 [TCP segment of a reassembled PDU]"
"19224","30.917313477","192.168.1.55","192.168.1.2","TCP","1514","8004  >  35826 [ACK] Seq=56662 Ack=144 Win=65024 Len=1448 TSval=2916034997 TSecr=3045554771 [TCP segment of a reassembled PDU]"
"19225","30.917314810","192.168.1.55","192.168.1.2","TCP","1514","8004  >  35826 [ACK] Seq=58110 Ack=144 Win=65024 Len=1448 TSval=2916034997 TSecr=3045554771 [TCP segment of a reassembled PDU]"
"19226","30.917317421","192.168.1.55","192.168.1.2","TCP","1514","8004  >  35826 [ACK] Seq=59558 Ack=144 Win=65024 Len=1448 TSval=2916034997 TSecr=3045554771 [TCP segment of a reassembled PDU]"
"19227","30.917319069","192.168.1.55","192.168.1.2","TCP","1514","8004  >  35826 [ACK] Seq=61006 Ack=144 Win=65024 Len=1448 TSval=2916034997 TSecr=3045554771 [TCP segment of a reassembled PDU]"
"19228","30.917320699","192.168.1.55","192.168.1.2","TCP","1514","8004  >  35826 [ACK] Seq=62454 Ack=144 Win=65024 Len=1448 TSval=2916034997 TSecr=3045554771 [TCP segment of a reassembled PDU]"
"19229","30.917321977","192.168.1.55","192.168.1.2","TCP","1514","8004  >  35826 [PSH, ACK] Seq=63902 Ack=144 Win=65024 Len=1448 TSval=2916034997 TSecr=3045554771 [TCP segment of a reassembled PDU]"
"19230","30.917329532","192.168.1.2","192.168.1.55","TCP","66","35826  >  8004 [ACK] Seq=144 Ack=36390 Win=74752 Len=0 TSval=3045554771 TSecr=2916034992"
"19231","30.917364551","192.168.1.55","192.168.1.2","TCP","1514","8004  >  35826 [ACK] Seq=65350 Ack=144 Win=65024 Len=1448 TSval=2916034998 TSecr=3045554771 [TCP segment of a reassembled PDU]"
"19232","30.917366773","192.168.1.55","192.168.1.2","TCP","1514","8004  >  35826 [ACK] Seq=66798 Ack=144 Win=65024 Len=1448 TSval=2916034998 TSecr=3045554771 [TCP segment of a reassembled PDU]"
"19233","30.917367977","192.168.1.55","192.168.1.2","TCP","1514","8004  >  35826 [ACK] Seq=68246 Ack=144 Win=65024 Len=1448 TSval=2916034998 TSecr=3045554771 [TCP segment of a reassembled PDU]"
"19234","30.917369366","192.168.1.55","192.168.1.2","TCP","1514","8004  >  35826 [ACK] Seq=69694 Ack=144 Win=65024 Len=1448 TSval=2916034998 TSecr=3045554771 [TCP segment of a reassembled PDU]"
"19235","30.917371144","192.168.1.55","192.168.1.2","TCP","1514","8004  >  35826 [ACK] Seq=71142 Ack=144 Win=65024 Len=1448 TSval=2916034998 TSecr=3045554771 [TCP segment of a reassembled PDU]"
"19236","30.917373162","192.168.1.55","192.168.1.2","TCP","1514","8004  >  35826 [ACK] Seq=72590 Ack=144 Win=65024 Len=1448 TSval=2916034998 TSecr=3045554771 [TCP segment of a reassembled PDU]"
"19237","30.917374829","192.168.1.55","192.168.1.2","TCP","1514","8004  >  35826 [ACK] Seq=74038 Ack=144 Win=65024 Len=1448 TSval=2916034998 TSecr=3045554771 [TCP segment of a reassembled PDU]"
"19238","30.917376199","192.168.1.55","192.168.1.2","TCP","1514","8004  >  35826 [PSH, ACK] Seq=75486 Ack=144 Win=65024 Len=1448 TSval=2916034998 TSecr=3045554771 [TCP segment of a reassembled PDU]"
"19239","30.917383644","192.168.1.2","192.168.1.55","TCP","66","35826  >  8004 [ACK] Seq=144 Ack=39286 Win=72704 Len=0 TSval=3045554771 TSecr=2916034992"
"19240","30.917447755","192.168.1.2","192.168.1.55","TCP","66","35826  >  8004 [ACK] Seq=144 Ack=40734 Win=88064 Len=0 TSval=3045554772 TSecr=2916034992"
"19241","30.917457162","192.168.1.2","192.168.1.55","TCP","66","35826  >  8004 [ACK] Seq=144 Ack=42182 Win=90112 Len=0 TSval=3045554772 TSecr=2916034993"
"19242","30.918437127","192.168.1.55","192.168.1.2","TCP","1514","8004  >  35826 [ACK] Seq=76934 Ack=144 Win=65024 Len=1448 TSval=2916034999 TSecr=3045554772 [TCP segment of a reassembled PDU]"
"19243","30.918443867","192.168.1.55","192.168.1.2","TCP","1514","8004  >  35826 [ACK] Seq=78382 Ack=144 Win=65024 Len=1448 TSval=2916034999 TSecr=3045554772 [TCP segment of a reassembled PDU]"
"19244","30.918445460","192.168.1.55","192.168.1.2","TCP","1514","8004  >  35826 [ACK] Seq=79830 Ack=144 Win=65024 Len=1448 TSval=2916034999 TSecr=3045554772 [TCP segment of a reassembled PDU]"
"19245","30.918447312","192.168.1.55","192.168.1.2","TCP","1514","8004  >  35826 [ACK] Seq=81278 Ack=144 Win=65024 Len=1448 TSval=2916034999 TSecr=3045554772 [TCP segment of a reassembled PDU]"
"19246","30.918449534","192.168.1.55","192.168.1.2","TCP","1514","8004  >  35826 [ACK] Seq=82726 Ack=144 Win=65024 Len=1448 TSval=2916034999 TSecr=3045554772 [TCP segment of a reassembled PDU]"
"19247","30.918452386","192.168.1.55","192.168.1.2","TCP","1514","8004  >  35826 [ACK] Seq=84174 Ack=144 Win=65024 Len=1448 TSval=2916034999 TSecr=3045554772 [TCP segment of a reassembled PDU]"
"19248","30.918453849","192.168.1.55","192.168.1.2","TCP","1514","8004  >  35826 [ACK] Seq=85622 Ack=144 Win=65024 Len=1448 TSval=2916034999 TSecr=3045554772 [TCP segment of a reassembled PDU]"
"19249","30.918455404","192.168.1.55","192.168.1.2","TCP","1514","8004  >  35826 [ACK] Seq=87070 Ack=144 Win=65024 Len=1448 TSval=2916034999 TSecr=3045554772 [TCP segment of a reassembled PDU]"
"19250","30.918457034","192.168.1.55","192.168.1.2","TCP","1514","8004  >  35826 [ACK] Seq=88518 Ack=144 Win=65024 Len=1448 TSval=2916034999 TSecr=3045554772 [TCP segment of a reassembled PDU]"
"19251","30.918459812","192.168.1.55","192.168.1.2","TCP","1514","8004  >  35826 [ACK] Seq=89966 Ack=144 Win=65024 Len=1448 TSval=2916034999 TSecr=3045554772 [TCP segment of a reassembled PDU]"
"19252","30.918461960","192.168.1.55","192.168.1.2","TCP","1514","8004  >  35826 [ACK] Seq=91414 Ack=144 Win=65024 Len=1448 TSval=2916034999 TSecr=3045554772 [TCP segment of a reassembled PDU]"
"19253","30.918463516","192.168.1.55","192.168.1.2","TCP","1514","8004  >  35826 [ACK] Seq=92862 Ack=144 Win=65024 Len=1448 TSval=2916034999 TSecr=3045554772 [TCP segment of a reassembled PDU]"
"19254","30.918464812","192.168.1.55","192.168.1.2","TCP","1514","8004  >  35826 [ACK] Seq=94310 Ack=144 Win=65024 Len=1448 TSval=2916034999 TSecr=3045554772 [TCP segment of a reassembled PDU]"
"19255","30.918466108","192.168.1.55","192.168.1.2","TCP","1514","8004  >  35826 [PSH, ACK] Seq=95758 Ack=144 Win=65024 Len=1448 TSval=2916034999 TSecr=3045554772 [TCP segment of a reassembled PDU]"
"19256","30.918479719","192.168.1.55","192.168.1.2","TCP","1514","8004  >  35826 [ACK] Seq=97206 Ack=144 Win=65024 Len=1448 TSval=2916034999 TSecr=3045554772 [TCP segment of a reassembled PDU]"
"19257","30.918481923","192.168.1.55","192.168.1.2","TCP","1514","8004  >  35826 [PSH, ACK] Seq=98654 Ack=144 Win=65024 Len=1448 TSval=2916034999 TSecr=3045554772 [TCP segment of a reassembled PDU]"
"19258","30.922701152","192.168.1.2","192.168.1.55","TCP","66","35826  >  8004 [ACK] Seq=144 Ack=45078 Win=88064 Len=0 TSval=3045554777 TSecr=2916034997"
"19259","30.922720559","192.168.1.55","192.168.1.2","TCP","1514","8004  >  35826 [ACK] Seq=100102 Ack=144 Win=65024 Len=1448 TSval=2916035003 TSecr=3045554777 [TCP segment of a reassembled PDU]"
"19260","30.922723337","192.168.1.55","192.168.1.2","TCP","1514","8004  >  35826 [ACK] Seq=101550 Ack=144 Win=65024 Len=1448 TSval=2916035003 TSecr=3045554777 [TCP segment of a reassembled PDU]"
"19261","30.922724670","192.168.1.55","192.168.1.2","TCP","1514","8004  >  35826 [ACK] Seq=102998 Ack=144 Win=65024 Len=1448 TSval=2916035003 TSecr=3045554777 [TCP segment of a reassembled PDU]"
"19262","30.922726819","192.168.1.55","192.168.1.2","TCP","1514","8004  >  35826 [PSH, ACK] Seq=104446 Ack=144 Win=65024 Len=1448 TSval=2916035003 TSecr=3045554777 [TCP segment of a reassembled PDU]"
"19263","30.924120506","192.168.1.2","192.168.1.55","TCP","66","35826  >  8004 [ACK] Seq=144 Ack=49422 Win=89088 Len=0 TSval=3045554777 TSecr=2916034997"
"19264","30.924132376","192.168.1.55","192.168.1.2","TCP","1514","8004  >  35826 [ACK] Seq=105894 Ack=144 Win=65024 Len=1448 TSval=2916035004 TSecr=3045554777 [TCP segment of a reassembled PDU]"
"19265","30.924134543","192.168.1.55","192.168.1.2","TCP","1514","8004  >  35826 [ACK] Seq=107342 Ack=144 Win=65024 Len=1448 TSval=2916035004 TSecr=3045554777 [TCP segment of a reassembled PDU]"
"19266","30.924135599","192.168.1.55","192.168.1.2","TCP","1514","8004  >  35826 [ACK] Seq=108790 Ack=144 Win=65024 Len=1448 TSval=2916035004 TSecr=3045554777 [TCP segment of a reassembled PDU]"
"19267","30.924136932","192.168.1.55","192.168.1.2","TCP","1514","8004  >  35826 [ACK] Seq=110238 Ack=144 Win=65024 Len=1448 TSval=2916035004 TSecr=3045554777 [TCP segment of a reassembled PDU]"
"19268","30.924138173","192.168.1.55","192.168.1.2","TCP","1514","8004  >  35826 [ACK] Seq=111686 Ack=144 Win=65024 Len=1448 TSval=2916035004 TSecr=3045554777 [TCP segment of a reassembled PDU]"
"19269","30.924139228","192.168.1.55","192.168.1.2","TCP","1514","8004  >  35826 [PSH, ACK] Seq=113134 Ack=144 Win=65024 Len=1448 TSval=2916035004 TSecr=3045554777 [TCP segment of a reassembled PDU]"
"19270","30.924470451","192.168.1.2","192.168.1.55","TCP","66","35826  >  8004 [ACK] Seq=144 Ack=65350 Win=77824 Len=0 TSval=3045554777 TSecr=2916034997"
"19271","30.924479321","192.168.1.55","192.168.1.2","TCP","1514","8004  >  35826 [PSH, ACK] Seq=114582 Ack=144 Win=65024 Len=1448 TSval=2916035005 TSecr=3045554777 [TCP segment of a reassembled PDU]"
"19272","30.924501044","192.168.1.55","192.168.1.2","TCP","1514","8004  >  35826 [ACK] Seq=116030 Ack=144 Win=65024 Len=1448 TSval=2916035005 TSecr=3045554777 [TCP segment of a reassembled PDU]"
"19273","30.924502581","192.168.1.55","192.168.1.2","TCP","1514","8004  >  35826 [ACK] Seq=117478 Ack=144 Win=65024 Len=1448 TSval=2916035005 TSecr=3045554777 [TCP segment of a reassembled PDU]"
"19274","30.924503803","192.168.1.55","192.168.1.2","TCP","1514","8004  >  35826 [ACK] Seq=118926 Ack=144 Win=65024 Len=1448 TSval=2916035005 TSecr=3045554777 [TCP segment of a reassembled PDU]"
"19275","30.924505321","192.168.1.55","192.168.1.2","TCP","1514","8004  >  35826 [ACK] Seq=120374 Ack=144 Win=65024 Len=1448 TSval=2916035005 TSecr=3045554777 [TCP segment of a reassembled PDU]"
"19276","30.924506544","192.168.1.55","192.168.1.2","TCP","1514","8004  >  35826 [ACK] Seq=121822 Ack=144 Win=65024 Len=1448 TSval=2916035005 TSecr=3045554777 [TCP segment of a reassembled PDU]"
"19277","30.924507636","192.168.1.55","192.168.1.2","TCP","1514","8004  >  35826 [ACK] Seq=123270 Ack=144 Win=65024 Len=1448 TSval=2916035005 TSecr=3045554777 [TCP segment of a reassembled PDU]"
"19278","30.924509062","192.168.1.55","192.168.1.2","TCP","1514","8004  >  35826 [ACK] Seq=124718 Ack=144 Win=65024 Len=1448 TSval=2916035005 TSecr=3045554777 [TCP segment of a reassembled PDU]"
"19279","30.924510136","192.168.1.55","192.168.1.2","TCP","1514","8004  >  35826 [ACK] Seq=126166 Ack=144 Win=65024 Len=1448 TSval=2916035005 TSecr=3045554777 [TCP segment of a reassembled PDU]"
"19280","30.924511303","192.168.1.55","192.168.1.2","TCP","1514","8004  >  35826 [ACK] Seq=127614 Ack=144 Win=65024 Len=1448 TSval=2916035005 TSecr=3045554777 [TCP segment of a reassembled PDU]"
"19281","30.924512470","192.168.1.55","192.168.1.2","TCP","1514","8004  >  35826 [ACK] Seq=129062 Ack=144 Win=65024 Len=1448 TSval=2916035005 TSecr=3045554777 [TCP segment of a reassembled PDU]"
"19282","30.924513507","192.168.1.55","192.168.1.2","TCP","1514","8004  >  35826 [ACK] Seq=130510 Ack=144 Win=65024 Len=1448 TSval=2916035005 TSecr=3045554777 [TCP segment of a reassembled PDU]"
"19283","30.924514692","192.168.1.55","192.168.1.2","TCP","1514","8004  >  35826 [ACK] Seq=131958 Ack=144 Win=65024 Len=1448 TSval=2916035005 TSecr=3045554777 [TCP segment of a reassembled PDU]"
"19284","30.924515858","192.168.1.55","192.168.1.2","TCP","1514","8004  >  35826 [ACK] Seq=133406 Ack=144 Win=65024 Len=1448 TSval=2916035005 TSecr=3045554777 [TCP segment of a reassembled PDU]"
"19285","30.924517395","192.168.1.55","192.168.1.2","TCP","1514","8004  >  35826 [ACK] Seq=134854 Ack=144 Win=65024 Len=1448 TSval=2916035005 TSecr=3045554777 [TCP segment of a reassembled PDU]"
"19286","30.924518544","192.168.1.55","192.168.1.2","TCP","1514","8004  >  35826 [ACK] Seq=136302 Ack=144 Win=65024 Len=1448 TSval=2916035005 TSecr=3045554777 [TCP segment of a reassembled PDU]"
"19287","30.924519655","192.168.1.55","192.168.1.2","TCP","1514","8004  >  35826 [ACK] Seq=137750 Ack=144 Win=65024 Len=1448 TSval=2916035005 TSecr=3045554777 [TCP segment of a reassembled PDU]"
"19288","30.924520803","192.168.1.55","192.168.1.2","TCP","1514","8004  >  35826 [ACK] Seq=139198 Ack=144 Win=65024 Len=1448 TSval=2916035005 TSecr=3045554777 [TCP segment of a reassembled PDU]"
"19289","30.924521933","192.168.1.55","192.168.1.2","TCP","1514","8004  >  35826 [ACK] Seq=140646 Ack=144 Win=65024 Len=1448 TSval=2916035005 TSecr=3045554777 [TCP segment of a reassembled PDU]"
"19290","30.924523025","192.168.1.55","192.168.1.2","TCP","1146","[TCP Window Full] 8004  >  35826 [PSH, ACK] Seq=142094 Ack=144 Win=65024 Len=1080 TSval=2916035005 TSecr=3045554777 [TCP segment of a reassembled PDU]"
"19291","30.924526858","192.168.1.2","192.168.1.55","TCP","66","35826  >  8004 [ACK] Seq=144 Ack=76934 Win=81920 Len=0 TSval=3045554777 TSecr=2916034998"
"19292","30.924543229","192.168.1.55","192.168.1.2","TCP","1514","8004  >  35826 [ACK] Seq=143174 Ack=144 Win=65024 Len=1448 TSval=2916035005 TSecr=3045554777 [TCP segment of a reassembled PDU]"
"19293","30.924544692","192.168.1.55","192.168.1.2","TCP","1514","8004  >  35826 [ACK] Seq=144622 Ack=144 Win=65024 Len=1448 TSval=2916035005 TSecr=3045554777 [TCP segment of a reassembled PDU]"
"19294","30.924545747","192.168.1.55","192.168.1.2","TCP","1514","8004  >  35826 [ACK] Seq=146070 Ack=144 Win=65024 Len=1448 TSval=2916035005 TSecr=3045554777 [TCP segment of a reassembled PDU]"
"19295","30.924546803","192.168.1.55","192.168.1.2","TCP","1514","8004  >  35826 [ACK] Seq=147518 Ack=144 Win=65024 Len=1448 TSval=2916035005 TSecr=3045554777 [TCP segment of a reassembled PDU]"
"19296","30.924547877","192.168.1.55","192.168.1.2","TCP","1514","8004  >  35826 [ACK] Seq=148966 Ack=144 Win=65024 Len=1448 TSval=2916035005 TSecr=3045554777 [TCP segment of a reassembled PDU]"
"19297","30.924549025","192.168.1.55","192.168.1.2","TCP","1514","8004  >  35826 [ACK] Seq=150414 Ack=144 Win=65024 Len=1448 TSval=2916035005 TSecr=3045554777 [TCP segment of a reassembled PDU]"
"19298","30.924550173","192.168.1.55","192.168.1.2","TCP","1514","8004  >  35826 [ACK] Seq=151862 Ack=144 Win=65024 Len=1448 TSval=2916035005 TSecr=3045554777 [TCP segment of a reassembled PDU]"
"19299","30.924551266","192.168.1.55","192.168.1.2","TCP","1514","8004  >  35826 [PSH, ACK] Seq=153310 Ack=144 Win=65024 Len=1448 TSval=2916035005 TSecr=3045554777 [TCP segment of a reassembled PDU]"
"19300","30.924556470","192.168.1.55","192.168.1.2","TCP","434","8004  >  35826 [ACK] Seq=154758 Ack=144 Win=65024 Len=368 TSval=2916035005 TSecr=3045554777 [TCP segment of a reassembled PDU]"
"19301","30.924559562","192.168.1.2","192.168.1.55","TCP","66","35826  >  8004 [ACK] Seq=144 Ack=97206 Win=62464 Len=0 TSval=3045554777 TSecr=2916034999"
"19302","30.924563173","192.168.1.2","192.168.1.55","TCP","66","35826  >  8004 [ACK] Seq=144 Ack=100102 Win=60416 Len=0 TSval=3045554777 TSecr=2916034999"
"19303","30.924589155","192.168.1.55","192.168.1.2","TCP","1514","8004  >  35826 [ACK] Seq=155126 Ack=144 Win=65024 Len=1448 TSval=2916035005 TSecr=3045554777 [TCP segment of a reassembled PDU]"
"19304","30.924592303","192.168.1.55","192.168.1.2","TCP","1514","8004  >  35826 [ACK] Seq=156574 Ack=144 Win=65024 Len=1448 TSval=2916035005 TSecr=3045554777 [TCP segment of a reassembled PDU]"
"19305","30.924593636","192.168.1.55","192.168.1.2","TCP","1514","8004  >  35826 [PSH, ACK] Seq=158022 Ack=144 Win=65024 Len=1448 TSval=2916035005 TSecr=3045554777 [TCP segment of a reassembled PDU]"
"19306","30.926283083","192.168.1.2","192.168.1.55","TCP","66","35826  >  8004 [ACK] Seq=144 Ack=105894 Win=83968 Len=0 TSval=3045554780 TSecr=2916035003"
"19307","30.926310695","192.168.1.55","192.168.1.2","TCP","1514","8004  >  35826 [ACK] Seq=159470 Ack=144 Win=65024 Len=1448 TSval=2916035006 TSecr=3045554780 [TCP segment of a reassembled PDU]"
"19308","30.926312972","192.168.1.55","192.168.1.2","TCP","1514","8004  >  35826 [ACK] Seq=160918 Ack=144 Win=65024 Len=1448 TSval=2916035006 TSecr=3045554780 [TCP segment of a reassembled PDU]"
"19309","30.926314046","192.168.1.55","192.168.1.2","TCP","1514","8004  >  35826 [ACK] Seq=162366 Ack=144 Win=65024 Len=1448 TSval=2916035006 TSecr=3045554780 [TCP segment of a reassembled PDU]"
"19310","30.926315084","192.168.1.55","192.168.1.2","TCP","1514","8004  >  35826 [ACK] Seq=163814 Ack=144 Win=65024 Len=1448 TSval=2916035006 TSecr=3045554780 [TCP segment of a reassembled PDU]"
"19311","30.926316306","192.168.1.55","192.168.1.2","TCP","1514","8004  >  35826 [ACK] Seq=165262 Ack=144 Win=65024 Len=1448 TSval=2916035006 TSecr=3045554780 [TCP segment of a reassembled PDU]"
"19312","30.926317343","192.168.1.55","192.168.1.2","TCP","1514","8004  >  35826 [ACK] Seq=166710 Ack=144 Win=65024 Len=1448 TSval=2916035006 TSecr=3045554780 [TCP segment of a reassembled PDU]"
"19313","30.926318528","192.168.1.55","192.168.1.2","TCP","1514","8004  >  35826 [ACK] Seq=168158 Ack=144 Win=65024 Len=1448 TSval=2916035006 TSecr=3045554780 [TCP segment of a reassembled PDU]"
"19314","30.926319602","192.168.1.55","192.168.1.2","TCP","1514","8004  >  35826 [ACK] Seq=169606 Ack=144 Win=65024 Len=1448 TSval=2916035006 TSecr=3045554780 [TCP segment of a reassembled PDU]"
"19315","30.926320732","192.168.1.55","192.168.1.2","TCP","1514","8004  >  35826 [ACK] Seq=171054 Ack=144 Win=65024 Len=1448 TSval=2916035006 TSecr=3045554780 [TCP segment of a reassembled PDU]"
"19316","30.926321880","192.168.1.55","192.168.1.2","TCP","1514","8004  >  35826 [ACK] Seq=172502 Ack=144 Win=65024 Len=1448 TSval=2916035006 TSecr=3045554780 [TCP segment of a reassembled PDU]"
"19317","30.926323232","192.168.1.55","192.168.1.2","TCP","1514","8004  >  35826 [ACK] Seq=173950 Ack=144 Win=65024 Len=1448 TSval=2916035006 TSecr=3045554780 [TCP segment of a reassembled PDU]"
"19318","30.926324269","192.168.1.55","192.168.1.2","TCP","1514","8004  >  35826 [ACK] Seq=175398 Ack=144 Win=65024 Len=1448 TSval=2916035006 TSecr=3045554780 [TCP segment of a reassembled PDU]"
"19319","30.926325491","192.168.1.55","192.168.1.2","TCP","1514","8004  >  35826 [ACK] Seq=176846 Ack=144 Win=65024 Len=1448 TSval=2916035006 TSecr=3045554780 [TCP segment of a reassembled PDU]"
"19320","30.926326565","192.168.1.55","192.168.1.2","TCP","1514","8004  >  35826 [ACK] Seq=178294 Ack=144 Win=65024 Len=1448 TSval=2916035006 TSecr=3045554780 [TCP segment of a reassembled PDU]"
"19321","30.926327787","192.168.1.55","192.168.1.2","TCP","1514","8004  >  35826 [ACK] Seq=179742 Ack=144 Win=65024 Len=1448 TSval=2916035006 TSecr=3045554780 [TCP segment of a reassembled PDU]"
"19322","30.926328806","192.168.1.55","192.168.1.2","TCP","1514","8004  >  35826 [ACK] Seq=181190 Ack=144 Win=65024 Len=1448 TSval=2916035006 TSecr=3045554780 [TCP segment of a reassembled PDU]"
"19323","30.926329880","192.168.1.55","192.168.1.2","TCP","1514","8004  >  35826 [ACK] Seq=182638 Ack=144 Win=65024 Len=1448 TSval=2916035006 TSecr=3045554780 [TCP segment of a reassembled PDU]"
"19324","30.926330935","192.168.1.55","192.168.1.2","TCP","1514","8004  >  35826 [ACK] Seq=184086 Ack=144 Win=65024 Len=1448 TSval=2916035006 TSecr=3045554780 [TCP segment of a reassembled PDU]"
"19325","30.926332028","192.168.1.55","192.168.1.2","TCP","1514","8004  >  35826 [ACK] Seq=185534 Ack=144 Win=65024 Len=1448 TSval=2916035006 TSecr=3045554780 [TCP segment of a reassembled PDU]"
"19326","30.926333158","192.168.1.55","192.168.1.2","TCP","1514","8004  >  35826 [PSH, ACK] Seq=186982 Ack=144 Win=65024 Len=1448 TSval=2916035006 TSecr=3045554780 [TCP segment of a reassembled PDU]"
"19327","30.928741754","192.168.1.2","192.168.1.55","TCP","66","35826  >  8004 [ACK] Seq=144 Ack=108790 Win=96256 Len=0 TSval=3045554781 TSecr=2916035004"
"19328","30.928754587","192.168.1.55","192.168.1.2","TCP","1514","8004  >  35826 [ACK] Seq=188430 Ack=144 Win=65024 Len=1448 TSval=2916035009 TSecr=3045554781 [TCP segment of a reassembled PDU]"
"19329","30.928756495","192.168.1.55","192.168.1.2","TCP","1514","8004  >  35826 [ACK] Seq=189878 Ack=144 Win=65024 Len=1448 TSval=2916035009 TSecr=3045554781 [TCP segment of a reassembled PDU]"
"19330","30.928757773","192.168.1.55","192.168.1.2","TCP","1514","8004  >  35826 [ACK] Seq=191326 Ack=144 Win=65024 Len=1448 TSval=2916035009 TSecr=3045554781 [TCP segment of a reassembled PDU]"
"19331","30.928758847","192.168.1.55","192.168.1.2","TCP","1514","8004  >  35826 [ACK] Seq=192774 Ack=144 Win=65024 Len=1448 TSval=2916035009 TSecr=3045554781 [TCP segment of a reassembled PDU]"
"19332","30.928759995","192.168.1.55","192.168.1.2","TCP","1514","8004  >  35826 [ACK] Seq=194222 Ack=144 Win=65024 Len=1448 TSval=2916035009 TSecr=3045554781 [TCP segment of a reassembled PDU]"
"19333","30.928761069","192.168.1.55","192.168.1.2","TCP","1514","8004  >  35826 [ACK] Seq=195670 Ack=144 Win=65024 Len=1448 TSval=2916035009 TSecr=3045554781 [TCP segment of a reassembled PDU]"
"19334","30.928762180","192.168.1.55","192.168.1.2","TCP","1514","8004  >  35826 [ACK] Seq=197118 Ack=144 Win=65024 Len=1448 TSval=2916035009 TSecr=3045554781 [TCP segment of a reassembled PDU]"
"19335","30.928763254","192.168.1.55","192.168.1.2","TCP","1514","8004  >  35826 [PSH, ACK] Seq=198566 Ack=144 Win=65024 Len=1448 TSval=2916035009 TSecr=3045554781 [TCP segment of a reassembled PDU]"
"19336","30.934281818","192.168.1.2","192.168.1.55","TCP","66","35826  >  8004 [ACK] Seq=144 Ack=114582 Win=107520 Len=0 TSval=3045554788 TSecr=2916035004"
"19337","30.934304244","192.168.1.55","192.168.1.2","TCP","1514","8004  >  35826 [ACK] Seq=200014 Ack=144 Win=65024 Len=1448 TSval=2916035014 TSecr=3045554788 [TCP segment of a reassembled PDU]"
"19338","30.934306744","192.168.1.55","192.168.1.2","TCP","1514","8004  >  35826 [ACK] Seq=201462 Ack=144 Win=65024 Len=1448 TSval=2916035014 TSecr=3045554788 [TCP segment of a reassembled PDU]"
"19339","30.934308022","192.168.1.55","192.168.1.2","TCP","1514","8004  >  35826 [ACK] Seq=202910 Ack=144 Win=65024 Len=1448 TSval=2916035014 TSecr=3045554788 [TCP segment of a reassembled PDU]"
"19340","30.934309300","192.168.1.55","192.168.1.2","TCP","1514","8004  >  35826 [ACK] Seq=204358 Ack=144 Win=65024 Len=1448 TSval=2916035014 TSecr=3045554788 [TCP segment of a reassembled PDU]"
"19341","30.934310689","192.168.1.55","192.168.1.2","TCP","1514","8004  >  35826 [ACK] Seq=205806 Ack=144 Win=65024 Len=1448 TSval=2916035014 TSecr=3045554788 [TCP segment of a reassembled PDU]"
"19342","30.934311948","192.168.1.55","192.168.1.2","TCP","1514","8004  >  35826 [ACK] Seq=207254 Ack=144 Win=65024 Len=1448 TSval=2916035014 TSecr=3045554788 [TCP segment of a reassembled PDU]"
"19343","30.934313337","192.168.1.55","192.168.1.2","TCP","1514","8004  >  35826 [ACK] Seq=208702 Ack=144 Win=65024 Len=1448 TSval=2916035014 TSecr=3045554788 [TCP segment of a reassembled PDU]"
"19344","30.934314707","192.168.1.55","192.168.1.2","TCP","1514","8004  >  35826 [ACK] Seq=210150 Ack=144 Win=65024 Len=1448 TSval=2916035014 TSecr=3045554788 [TCP segment of a reassembled PDU]"
"19345","30.934316189","192.168.1.55","192.168.1.2","TCP","1514","8004  >  35826 [ACK] Seq=211598 Ack=144 Win=65024 Len=1448 TSval=2916035014 TSecr=3045554788 [TCP segment of a reassembled PDU]"
"19346","30.934317559","192.168.1.55","192.168.1.2","TCP","1514","8004  >  35826 [ACK] Seq=213046 Ack=144 Win=65024 Len=1448 TSval=2916035014 TSecr=3045554788 [TCP segment of a reassembled PDU]"
"19347","30.934318874","192.168.1.55","192.168.1.2","TCP","1514","8004  >  35826 [ACK] Seq=214494 Ack=144 Win=65024 Len=1448 TSval=2916035014 TSecr=3045554788 [TCP segment of a reassembled PDU]"
"19348","30.934320170","192.168.1.55","192.168.1.2","TCP","1514","8004  >  35826 [ACK] Seq=215942 Ack=144 Win=65024 Len=1448 TSval=2916035014 TSecr=3045554788 [TCP segment of a reassembled PDU]"
"19349","30.934321448","192.168.1.55","192.168.1.2","TCP","1514","8004  >  35826 [ACK] Seq=217390 Ack=144 Win=65024 Len=1448 TSval=2916035014 TSecr=3045554788 [TCP segment of a reassembled PDU]"
"19350","30.934322763","192.168.1.55","192.168.1.2","TCP","1514","8004  >  35826 [ACK] Seq=218838 Ack=144 Win=65024 Len=1448 TSval=2916035014 TSecr=3045554788 [TCP segment of a reassembled PDU]"
"19351","30.934324522","192.168.1.55","192.168.1.2","TCP","1514","8004  >  35826 [PSH, ACK] Seq=220286 Ack=144 Win=65024 Len=1448 TSval=2916035014 TSecr=3045554788 [TCP segment of a reassembled PDU]"
"19352","30.934993116","192.168.1.2","192.168.1.55","TCP","66","35826  >  8004 [ACK] Seq=144 Ack=116030 Win=110592 Len=0 TSval=3045554788 TSecr=2916035005"
"19353","30.935005671","192.168.1.2","192.168.1.55","TCP","66","35826  >  8004 [ACK] Seq=144 Ack=143174 Win=96256 Len=0 TSval=3045554788 TSecr=2916035005"
"19354","30.935012949","192.168.1.2","192.168.1.55","TCP","66","35826  >  8004 [ACK] Seq=144 Ack=153310 Win=87040 Len=0 TSval=3045554788 TSecr=2916035005"
"19355","30.935068264","192.168.1.2","192.168.1.55","TCP","66","35826  >  8004 [ACK] Seq=144 Ack=154758 Win=113664 Len=0 TSval=3045554788 TSecr=2916035005"
"19356","30.935091653","192.168.1.55","192.168.1.2","TCP","1514","8004  >  35826 [ACK] Seq=221734 Ack=144 Win=65024 Len=1448 TSval=2916035015 TSecr=3045554788 [TCP segment of a reassembled PDU]"
"19357","30.935094042","192.168.1.55","192.168.1.2","TCP","1514","8004  >  35826 [ACK] Seq=223182 Ack=144 Win=65024 Len=1448 TSval=2916035015 TSecr=3045554788 [TCP segment of a reassembled PDU]"
"19358","30.935095431","192.168.1.55","192.168.1.2","TCP","1514","8004  >  35826 [ACK] Seq=224630 Ack=144 Win=65024 Len=1448 TSval=2916035015 TSecr=3045554788 [TCP segment of a reassembled PDU]"
"19359","30.935096783","192.168.1.55","192.168.1.2","TCP","1514","8004  >  35826 [ACK] Seq=226078 Ack=144 Win=65024 Len=1448 TSval=2916035015 TSecr=3045554788 [TCP segment of a reassembled PDU]"
"19360","30.935098171","192.168.1.55","192.168.1.2","TCP","1514","8004  >  35826 [ACK] Seq=227526 Ack=144 Win=65024 Len=1448 TSval=2916035015 TSecr=3045554788 [TCP segment of a reassembled PDU]"
"19361","30.935099505","192.168.1.55","192.168.1.2","TCP","1514","8004  >  35826 [ACK] Seq=228974 Ack=144 Win=65024 Len=1448 TSval=2916035015 TSecr=3045554788 [TCP segment of a reassembled PDU]"
"19362","30.935100949","192.168.1.55","192.168.1.2","TCP","1514","8004  >  35826 [ACK] Seq=230422 Ack=144 Win=65024 Len=1448 TSval=2916035015 TSecr=3045554788 [TCP segment of a reassembled PDU]"
"19363","30.935102264","192.168.1.55","192.168.1.2","TCP","1514","8004  >  35826 [ACK] Seq=231870 Ack=144 Win=65024 Len=1448 TSval=2916035015 TSecr=3045554788 [TCP segment of a reassembled PDU]"
"19364","30.935103653","192.168.1.55","192.168.1.2","TCP","1514","8004  >  35826 [ACK] Seq=233318 Ack=144 Win=65024 Len=1448 TSval=2916035015 TSecr=3045554788 [TCP segment of a reassembled PDU]"
"19365","30.935105134","192.168.1.55","192.168.1.2","TCP","1514","8004  >  35826 [ACK] Seq=234766 Ack=144 Win=65024 Len=1448 TSval=2916035015 TSecr=3045554788 [TCP segment of a reassembled PDU]"
"19366","30.935106412","192.168.1.55","192.168.1.2","TCP","1514","8004  >  35826 [ACK] Seq=236214 Ack=144 Win=65024 Len=1448 TSval=2916035015 TSecr=3045554788 [TCP segment of a reassembled PDU]"
"19367","30.935107857","192.168.1.55","192.168.1.2","TCP","1514","8004  >  35826 [ACK] Seq=237662 Ack=144 Win=65024 Len=1448 TSval=2916035015 TSecr=3045554788 [TCP segment of a reassembled PDU]"
"19368","30.935109542","192.168.1.55","192.168.1.2","TCP","1514","8004  >  35826 [ACK] Seq=239110 Ack=144 Win=65024 Len=1448 TSval=2916035015 TSecr=3045554788 [TCP segment of a reassembled PDU]"
"19369","30.935110838","192.168.1.55","192.168.1.2","TCP","1514","8004  >  35826 [ACK] Seq=240558 Ack=144 Win=65024 Len=1448 TSval=2916035015 TSecr=3045554788 [TCP segment of a reassembled PDU]"
"19370","30.935112227","192.168.1.55","192.168.1.2","TCP","1514","8004  >  35826 [ACK] Seq=242006 Ack=144 Win=65024 Len=1448 TSval=2916035015 TSecr=3045554788 [TCP segment of a reassembled PDU]"
"19371","30.935113597","192.168.1.55","192.168.1.2","TCP","1514","8004  >  35826 [PSH, ACK] Seq=243454 Ack=144 Win=65024 Len=1448 TSval=2916035015 TSecr=3045554788 [TCP segment of a reassembled PDU]"
"19372","30.935119264","192.168.1.2","192.168.1.55","TCP","66","35826  >  8004 [ACK] Seq=144 Ack=188430 Win=90112 Len=0 TSval=3045554788 TSecr=2916035005"
"19373","30.935157653","192.168.1.55","192.168.1.2","TCP","1514","8004  >  35826 [ACK] Seq=244902 Ack=144 Win=65024 Len=1448 TSval=2916035015 TSecr=3045554788 [TCP segment of a reassembled PDU]"
"19374","30.935159634","192.168.1.55","192.168.1.2","TCP","1514","8004  >  35826 [ACK] Seq=246350 Ack=144 Win=65024 Len=1448 TSval=2916035015 TSecr=3045554788 [TCP segment of a reassembled PDU]"
"19375","30.935160931","192.168.1.55","192.168.1.2","TCP","1514","8004  >  35826 [ACK] Seq=247798 Ack=144 Win=65024 Len=1448 TSval=2916035015 TSecr=3045554788 [TCP segment of a reassembled PDU]"
"19376","30.935162375","192.168.1.55","192.168.1.2","TCP","1514","8004  >  35826 [ACK] Seq=249246 Ack=144 Win=65024 Len=1448 TSval=2916035015 TSecr=3045554788 [TCP segment of a reassembled PDU]"
"19377","30.935163690","192.168.1.55","192.168.1.2","TCP","1514","8004  >  35826 [ACK] Seq=250694 Ack=144 Win=65024 Len=1448 TSval=2916035015 TSecr=3045554788 [TCP segment of a reassembled PDU]"
"19378","30.935164986","192.168.1.55","192.168.1.2","TCP","1514","8004  >  35826 [ACK] Seq=252142 Ack=144 Win=65024 Len=1448 TSval=2916035015 TSecr=3045554788 [TCP segment of a reassembled PDU]"
"19379","30.935166394","192.168.1.55","192.168.1.2","TCP","1514","8004  >  35826 [ACK] Seq=253590 Ack=144 Win=65024 Len=1448 TSval=2916035015 TSecr=3045554788 [TCP segment of a reassembled PDU]"
"19380","30.935167894","192.168.1.55","192.168.1.2","TCP","1514","8004  >  35826 [ACK] Seq=255038 Ack=144 Win=65024 Len=1448 TSval=2916035015 TSecr=3045554788 [TCP segment of a reassembled PDU]"
"19381","30.935169283","192.168.1.55","192.168.1.2","TCP","1514","8004  >  35826 [ACK] Seq=256486 Ack=144 Win=65024 Len=1448 TSval=2916035015 TSecr=3045554788 [TCP segment of a reassembled PDU]"
"19382","30.935170653","192.168.1.55","192.168.1.2","TCP","1514","8004  >  35826 [ACK] Seq=257934 Ack=144 Win=65024 Len=1448 TSval=2916035015 TSecr=3045554788 [TCP segment of a reassembled PDU]"
"19383","30.935172301","192.168.1.55","192.168.1.2","TCP","1514","8004  >  35826 [ACK] Seq=259382 Ack=144 Win=65024 Len=1448 TSval=2916035015 TSecr=3045554788 [TCP segment of a reassembled PDU]"
"19384","30.935173672","192.168.1.55","192.168.1.2","TCP","1514","8004  >  35826 [ACK] Seq=260830 Ack=144 Win=65024 Len=1448 TSval=2916035015 TSecr=3045554788 [TCP segment of a reassembled PDU]"
"19385","30.935175023","192.168.1.55","192.168.1.2","TCP","1514","8004  >  35826 [ACK] Seq=262278 Ack=144 Win=65024 Len=1448 TSval=2916035015 TSecr=3045554788 [TCP segment of a reassembled PDU]"
"19386","30.935181153","192.168.1.55","192.168.1.2","TCP","1514","8004  >  35826 [ACK] Seq=263726 Ack=144 Win=65024 Len=1448 TSval=2916035015 TSecr=3045554788 [TCP segment of a reassembled PDU]"
"19387","30.935182820","192.168.1.55","192.168.1.2","TCP","1514","8004  >  35826 [ACK] Seq=265174 Ack=144 Win=65024 Len=1448 TSval=2916035015 TSecr=3045554788 [TCP segment of a reassembled PDU]"
"19388","30.935184227","192.168.1.55","192.168.1.2","TCP","1514","8004  >  35826 [ACK] Seq=266622 Ack=144 Win=65024 Len=1448 TSval=2916035015 TSecr=3045554788 [TCP segment of a reassembled PDU]"
"19389","30.935185579","192.168.1.55","192.168.1.2","TCP","1514","8004  >  35826 [ACK] Seq=268070 Ack=144 Win=65024 Len=1448 TSval=2916035015 TSecr=3045554788 [TCP segment of a reassembled PDU]"
"19390","30.935186912","192.168.1.55","192.168.1.2","TCP","1514","8004  >  35826 [ACK] Seq=269518 Ack=144 Win=65024 Len=1448 TSval=2916035015 TSecr=3045554788 [TCP segment of a reassembled PDU]"
"19391","30.935188301","192.168.1.55","192.168.1.2","TCP","1514","8004  >  35826 [ACK] Seq=270966 Ack=144 Win=65024 Len=1448 TSval=2916035015 TSecr=3045554788 [TCP segment of a reassembled PDU]"
"19392","30.935189672","192.168.1.55","192.168.1.2","TCP","1514","8004  >  35826 [ACK] Seq=272414 Ack=144 Win=65024 Len=1448 TSval=2916035015 TSecr=3045554788 [TCP segment of a reassembled PDU]"
"19393","30.935191060","192.168.1.55","192.168.1.2","TCP","1514","8004  >  35826 [ACK] Seq=273862 Ack=144 Win=65024 Len=1448 TSval=2916035015 TSecr=3045554788 [TCP segment of a reassembled PDU]"
"19394","30.935192597","192.168.1.55","192.168.1.2","TCP","1514","8004  >  35826 [ACK] Seq=275310 Ack=144 Win=65024 Len=1448 TSval=2916035015 TSecr=3045554788 [TCP segment of a reassembled PDU]"
"19395","30.935193949","192.168.1.55","192.168.1.2","TCP","1514","8004  >  35826 [ACK] Seq=276758 Ack=144 Win=65024 Len=1448 TSval=2916035015 TSecr=3045554788 [TCP segment of a reassembled PDU]"
"19396","30.935195320","192.168.1.55","192.168.1.2","TCP","402","[TCP Window Full] 8004  >  35826 [PSH, ACK] Seq=278206 Ack=144 Win=65024 Len=336 TSval=2916035015 TSecr=3045554788 [TCP segment of a reassembled PDU]"
"19397","30.938278010","192.168.1.2","192.168.1.55","TCP","66","35826  >  8004 [ACK] Seq=144 Ack=189878 Win=115712 Len=0 TSval=3045554789 TSecr=2916035009"
"19398","30.938302510","192.168.1.55","192.168.1.2","TCP","1514","8004  >  35826 [ACK] Seq=278542 Ack=144 Win=65024 Len=1448 TSval=2916035018 TSecr=3045554789 [TCP segment of a reassembled PDU]"
"19399","30.938305528","192.168.1.55","192.168.1.2","TCP","1514","8004  >  35826 [ACK] Seq=279990 Ack=144 Win=65024 Len=1448 TSval=2916035018 TSecr=3045554789 [TCP segment of a reassembled PDU]"
"19400","30.938306991","192.168.1.55","192.168.1.2","TCP","1514","8004  >  35826 [ACK] Seq=281438 Ack=144 Win=65024 Len=1448 TSval=2916035018 TSecr=3045554789 [TCP segment of a reassembled PDU]"
"19401","30.938308251","192.168.1.55","192.168.1.2","TCP","1514","8004  >  35826 [ACK] Seq=282886 Ack=144 Win=65024 Len=1448 TSval=2916035018 TSecr=3045554789 [TCP segment of a reassembled PDU]"
"19402","30.938309695","192.168.1.55","192.168.1.2","TCP","1514","8004  >  35826 [ACK] Seq=284334 Ack=144 Win=65024 Len=1448 TSval=2916035018 TSecr=3045554789 [TCP segment of a reassembled PDU]"
"19403","30.938310973","192.168.1.55","192.168.1.2","TCP","1514","8004  >  35826 [ACK] Seq=285782 Ack=144 Win=65024 Len=1448 TSval=2916035018 TSecr=3045554789 [TCP segment of a reassembled PDU]"
"19404","30.938312269","192.168.1.55","192.168.1.2","TCP","1514","8004  >  35826 [PSH, ACK] Seq=287230 Ack=144 Win=65024 Len=1448 TSval=2916035018 TSecr=3045554789 [TCP segment of a reassembled PDU]"
"19405","30.938317843","192.168.1.55","192.168.1.2","TCP","1178","8004  >  35826 [ACK] Seq=288678 Ack=144 Win=65024 Len=1112 TSval=2916035018 TSecr=3045554789 [TCP segment of a reassembled PDU]"
"19406","30.938351584","192.168.1.2","192.168.1.55","TCP","66","35826  >  8004 [ACK] Seq=144 Ack=191326 Win=118784 Len=0 TSval=3045554790 TSecr=2916035009"
"19407","30.941396496","192.168.1.2","192.168.1.55","TCP","66","35826  >  8004 [ACK] Seq=144 Ack=211598 Win=112640 Len=0 TSval=3045554792 TSecr=2916035009"
"19408","30.941427922","192.168.1.55","192.168.1.2","TCP","1514","8004  >  35826 [ACK] Seq=289790 Ack=144 Win=65024 Len=1448 TSval=2916035022 TSecr=3045554792 [TCP segment of a reassembled PDU]"
"19409","30.941430626","192.168.1.55","192.168.1.2","TCP","1514","8004  >  35826 [ACK] Seq=291238 Ack=144 Win=65024 Len=1448 TSval=2916035022 TSecr=3045554792 [TCP segment of a reassembled PDU]"
"19410","30.941432089","192.168.1.55","192.168.1.2","TCP","1514","8004  >  35826 [ACK] Seq=292686 Ack=144 Win=65024 Len=1448 TSval=2916035022 TSecr=3045554792 [TCP segment of a reassembled PDU]"
"19411","30.941433385","192.168.1.55","192.168.1.2","TCP","1514","8004  >  35826 [ACK] Seq=294134 Ack=144 Win=65024 Len=1448 TSval=2916035022 TSecr=3045554792 [TCP segment of a reassembled PDU]"
"19412","30.941434830","192.168.1.55","192.168.1.2","TCP","1514","8004  >  35826 [ACK] Seq=295582 Ack=144 Win=65024 Len=1448 TSval=2916035022 TSecr=3045554792 [TCP segment of a reassembled PDU]"
"19413","30.941436163","192.168.1.55","192.168.1.2","TCP","1514","8004  >  35826 [ACK] Seq=297030 Ack=144 Win=65024 Len=1448 TSval=2916035022 TSecr=3045554792 [TCP segment of a reassembled PDU]"
"19414","30.941437570","192.168.1.55","192.168.1.2","TCP","1514","8004  >  35826 [ACK] Seq=298478 Ack=144 Win=65024 Len=1448 TSval=2916035022 TSecr=3045554792 [TCP segment of a reassembled PDU]"
"19415","30.941439163","192.168.1.55","192.168.1.2","TCP","1514","8004  >  35826 [ACK] Seq=299926 Ack=144 Win=65024 Len=1448 TSval=2916035022 TSecr=3045554792 [TCP segment of a reassembled PDU]"
"19416","30.941440570","192.168.1.55","192.168.1.2","TCP","1514","8004  >  35826 [ACK] Seq=301374 Ack=144 Win=65024 Len=1448 TSval=2916035022 TSecr=3045554792 [TCP segment of a reassembled PDU]"
"19417","30.941441959","192.168.1.55","192.168.1.2","TCP","1514","8004  >  35826 [ACK] Seq=302822 Ack=144 Win=65024 Len=1448 TSval=2916035022 TSecr=3045554792 [TCP segment of a reassembled PDU]"
"19418","30.941443348","192.168.1.55","192.168.1.2","TCP","1514","8004  >  35826 [ACK] Seq=304270 Ack=144 Win=65024 Len=1448 TSval=2916035022 TSecr=3045554792 [TCP segment of a reassembled PDU]"
"19419","30.941444755","192.168.1.55","192.168.1.2","TCP","1514","8004  >  35826 [ACK] Seq=305718 Ack=144 Win=65024 Len=1448 TSval=2916035022 TSecr=3045554792 [TCP segment of a reassembled PDU]"
"19420","30.941446422","192.168.1.55","192.168.1.2","TCP","1514","8004  >  35826 [ACK] Seq=307166 Ack=144 Win=65024 Len=1448 TSval=2916035022 TSecr=3045554792 [TCP segment of a reassembled PDU]"
"19421","30.941447737","192.168.1.55","192.168.1.2","TCP","1514","8004  >  35826 [ACK] Seq=308614 Ack=144 Win=65024 Len=1448 TSval=2916035022 TSecr=3045554792 [TCP segment of a reassembled PDU]"
"19422","30.941449144","192.168.1.55","192.168.1.2","TCP","1514","8004  >  35826 [ACK] Seq=310062 Ack=144 Win=65024 Len=1448 TSval=2916035022 TSecr=3045554792 [TCP segment of a reassembled PDU]"
"19423","30.941450496","192.168.1.55","192.168.1.2","TCP","1514","8004  >  35826 [ACK] Seq=311510 Ack=144 Win=65024 Len=1448 TSval=2916035022 TSecr=3045554792 [TCP segment of a reassembled PDU]"
"19424","30.941451811","192.168.1.55","192.168.1.2","TCP","1514","8004  >  35826 [ACK] Seq=312958 Ack=144 Win=65024 Len=1448 TSval=2916035022 TSecr=3045554792 [TCP segment of a reassembled PDU]"
"19425","30.941453626","192.168.1.55","192.168.1.2","TCP","1514","8004  >  35826 [ACK] Seq=314406 Ack=144 Win=65024 Len=1448 TSval=2916035022 TSecr=3045554792 [TCP segment of a reassembled PDU]"
"19426","30.941455015","192.168.1.55","192.168.1.2","TCP","1514","8004  >  35826 [ACK] Seq=315854 Ack=144 Win=65024 Len=1448 TSval=2916035022 TSecr=3045554792 [TCP segment of a reassembled PDU]"
"19427","30.941456422","192.168.1.55","192.168.1.2","TCP","1514","8004  >  35826 [ACK] Seq=317302 Ack=144 Win=65024 Len=1448 TSval=2916035022 TSecr=3045554792 [TCP segment of a reassembled PDU]"
"19428","30.941457811","192.168.1.55","192.168.1.2","TCP","1514","8004  >  35826 [ACK] Seq=318750 Ack=144 Win=65024 Len=1448 TSval=2916035022 TSecr=3045554792 [TCP segment of a reassembled PDU]"
"19429","30.941459126","192.168.1.55","192.168.1.2","TCP","1514","8004  >  35826 [ACK] Seq=320198 Ack=144 Win=65024 Len=1448 TSval=2916035022 TSecr=3045554792 [TCP segment of a reassembled PDU]"
"19430","30.941460607","192.168.1.55","192.168.1.2","TCP","1514","8004  >  35826 [PSH, ACK] Seq=321646 Ack=144 Win=65024 Len=1448 TSval=2916035022 TSecr=3045554792 [TCP segment of a reassembled PDU]"
"19431","30.943002684","192.168.1.2","192.168.1.55","TCP","66","35826  >  8004 [ACK] Seq=144 Ack=221734 Win=123904 Len=0 TSval=3045554797 TSecr=2916035014"
"19432","30.943018480","192.168.1.55","192.168.1.2","TCP","1514","8004  >  35826 [ACK] Seq=323094 Ack=144 Win=65024 Len=1448 TSval=2916035023 TSecr=3045554797 [TCP segment of a reassembled PDU]"
"19433","30.943020721","192.168.1.55","192.168.1.2","TCP","1514","8004  >  35826 [ACK] Seq=324542 Ack=144 Win=65024 Len=1448 TSval=2916035023 TSecr=3045554797 [TCP segment of a reassembled PDU]"
"19434","30.943022036","192.168.1.55","192.168.1.2","TCP","1514","8004  >  35826 [ACK] Seq=325990 Ack=144 Win=65024 Len=1448 TSval=2916035023 TSecr=3045554797 [TCP segment of a reassembled PDU]"
"19435","30.943023388","192.168.1.55","192.168.1.2","TCP","1514","8004  >  35826 [ACK] Seq=327438 Ack=144 Win=65024 Len=1448 TSval=2916035023 TSecr=3045554797 [TCP segment of a reassembled PDU]"
"19436","30.943024758","192.168.1.55","192.168.1.2","TCP","1514","8004  >  35826 [ACK] Seq=328886 Ack=144 Win=65024 Len=1448 TSval=2916035023 TSecr=3045554797 [TCP segment of a reassembled PDU]"
"19437","30.943025999","192.168.1.55","192.168.1.2","TCP","1514","8004  >  35826 [ACK] Seq=330334 Ack=144 Win=65024 Len=1448 TSval=2916035023 TSecr=3045554797 [TCP segment of a reassembled PDU]"
"19438","30.943027351","192.168.1.55","192.168.1.2","TCP","1514","8004  >  35826 [ACK] Seq=331782 Ack=144 Win=65024 Len=1448 TSval=2916035023 TSecr=3045554797 [TCP segment of a reassembled PDU]"
"19439","30.943028665","192.168.1.55","192.168.1.2","TCP","1514","8004  >  35826 [PSH, ACK] Seq=333230 Ack=144 Win=65024 Len=1448 TSval=2916035023 TSecr=3045554797 [TCP segment of a reassembled PDU]"
"19440","30.943450666","192.168.1.2","192.168.1.55","TCP","66","35826  >  8004 [ACK] Seq=144 Ack=236214 Win=110592 Len=0 TSval=3045554797 TSecr=2916035015"
"19441","30.943458703","192.168.1.2","192.168.1.55","TCP","66","35826  >  8004 [ACK] Seq=144 Ack=244902 Win=126976 Len=0 TSval=3045554797 TSecr=2916035015"
"19442","30.943463777","192.168.1.2","192.168.1.55","TCP","66","35826  >  8004 [ACK] Seq=144 Ack=289790 Win=91136 Len=0 TSval=3045554797 TSecr=2916035015"
"19443","30.943497777","192.168.1.55","192.168.1.2","TCP","1514","8004  >  35826 [ACK] Seq=334678 Ack=144 Win=65024 Len=1448 TSval=2916035024 TSecr=3045554797 [TCP segment of a reassembled PDU]"
"19444","30.943500203","192.168.1.55","192.168.1.2","TCP","1514","8004  >  35826 [ACK] Seq=336126 Ack=144 Win=65024 Len=1448 TSval=2916035024 TSecr=3045554797 [TCP segment of a reassembled PDU]"
"19445","30.943501499","192.168.1.55","192.168.1.2","TCP","1514","8004  >  35826 [ACK] Seq=337574 Ack=144 Win=65024 Len=1448 TSval=2916035024 TSecr=3045554797 [TCP segment of a reassembled PDU]"
"19446","30.943503222","192.168.1.55","192.168.1.2","TCP","1514","8004  >  35826 [ACK] Seq=339022 Ack=144 Win=65024 Len=1448 TSval=2916035024 TSecr=3045554797 [TCP segment of a reassembled PDU]"
"19447","30.943504518","192.168.1.55","192.168.1.2","TCP","1514","8004  >  35826 [ACK] Seq=340470 Ack=144 Win=65024 Len=1448 TSval=2916035024 TSecr=3045554797 [TCP segment of a reassembled PDU]"
"19448","30.943505814","192.168.1.55","192.168.1.2","TCP","1514","8004  >  35826 [ACK] Seq=341918 Ack=144 Win=65024 Len=1448 TSval=2916035024 TSecr=3045554797 [TCP segment of a reassembled PDU]"
"19449","30.943507240","192.168.1.55","192.168.1.2","TCP","1514","8004  >  35826 [ACK] Seq=343366 Ack=144 Win=65024 Len=1448 TSval=2916035024 TSecr=3045554797 [TCP segment of a reassembled PDU]"
"19450","30.943508629","192.168.1.55","192.168.1.2","TCP","1514","8004  >  35826 [ACK] Seq=344814 Ack=144 Win=65024 Len=1448 TSval=2916035024 TSecr=3045554797 [TCP segment of a reassembled PDU]"
"19451","30.943509944","192.168.1.55","192.168.1.2","TCP","1514","8004  >  35826 [ACK] Seq=346262 Ack=144 Win=65024 Len=1448 TSval=2916035024 TSecr=3045554797 [TCP segment of a reassembled PDU]"
"19452","30.943511240","192.168.1.55","192.168.1.2","TCP","1514","8004  >  35826 [ACK] Seq=347710 Ack=144 Win=65024 Len=1448 TSval=2916035024 TSecr=3045554797 [TCP segment of a reassembled PDU]"
"19453","30.943512981","192.168.1.55","192.168.1.2","TCP","1514","8004  >  35826 [ACK] Seq=349158 Ack=144 Win=65024 Len=1448 TSval=2916035024 TSecr=3045554797 [TCP segment of a reassembled PDU]"
"19454","30.943514481","192.168.1.55","192.168.1.2","TCP","1514","8004  >  35826 [ACK] Seq=350606 Ack=144 Win=65024 Len=1448 TSval=2916035024 TSecr=3045554797 [TCP segment of a reassembled PDU]"
"19455","30.943515759","192.168.1.55","192.168.1.2","TCP","1514","8004  >  35826 [ACK] Seq=352054 Ack=144 Win=65024 Len=1448 TSval=2916035024 TSecr=3045554797 [TCP segment of a reassembled PDU]"
"19456","30.943517055","192.168.1.55","192.168.1.2","TCP","1514","8004  >  35826 [ACK] Seq=353502 Ack=144 Win=65024 Len=1448 TSval=2916035024 TSecr=3045554797 [TCP segment of a reassembled PDU]"
"19457","30.943518333","192.168.1.55","192.168.1.2","TCP","1514","8004  >  35826 [ACK] Seq=354950 Ack=144 Win=65024 Len=1448 TSval=2916035024 TSecr=3045554797 [TCP segment of a reassembled PDU]"
"19458","30.943519648","192.168.1.55","192.168.1.2","TCP","1514","8004  >  35826 [ACK] Seq=356398 Ack=144 Win=65024 Len=1448 TSval=2916035024 TSecr=3045554797 [TCP segment of a reassembled PDU]"
"19459","30.943521111","192.168.1.55","192.168.1.2","TCP","1514","8004  >  35826 [ACK] Seq=357846 Ack=144 Win=65024 Len=1448 TSval=2916035024 TSecr=3045554797 [TCP segment of a reassembled PDU]"
"19460","30.943522407","192.168.1.55","192.168.1.2","TCP","1514","8004  >  35826 [ACK] Seq=359294 Ack=144 Win=65024 Len=1448 TSval=2916035024 TSecr=3045554797 [TCP segment of a reassembled PDU]"
"19461","30.943523722","192.168.1.55","192.168.1.2","TCP","1514","8004  >  35826 [ACK] Seq=360742 Ack=144 Win=65024 Len=1448 TSval=2916035024 TSecr=3045554797 [TCP segment of a reassembled PDU]"
"19462","30.943525185","192.168.1.55","192.168.1.2","TCP","1514","8004  >  35826 [ACK] Seq=362190 Ack=144 Win=65024 Len=1448 TSval=2916035024 TSecr=3045554797 [TCP segment of a reassembled PDU]"
"19463","30.943526462","192.168.1.55","192.168.1.2","TCP","1514","8004  >  35826 [ACK] Seq=363638 Ack=144 Win=65024 Len=1448 TSval=2916035024 TSecr=3045554797 [TCP segment of a reassembled PDU]"
"19464","30.943528055","192.168.1.55","192.168.1.2","TCP","1514","8004  >  35826 [ACK] Seq=365086 Ack=144 Win=65024 Len=1448 TSval=2916035024 TSecr=3045554797 [TCP segment of a reassembled PDU]"
"19465","30.943529444","192.168.1.55","192.168.1.2","TCP","1514","8004  >  35826 [ACK] Seq=366534 Ack=144 Win=65024 Len=1448 TSval=2916035024 TSecr=3045554797 [TCP segment of a reassembled PDU]"
"19466","30.943530851","192.168.1.55","192.168.1.2","TCP","1514","8004  >  35826 [ACK] Seq=367982 Ack=144 Win=65024 Len=1448 TSval=2916035024 TSecr=3045554797 [TCP segment of a reassembled PDU]"
"19467","30.943532222","192.168.1.55","192.168.1.2","TCP","1514","8004  >  35826 [ACK] Seq=369430 Ack=144 Win=65024 Len=1448 TSval=2916035024 TSecr=3045554797 [TCP segment of a reassembled PDU]"
"19468","30.943533500","192.168.1.55","192.168.1.2","TCP","1514","8004  >  35826 [ACK] Seq=370878 Ack=144 Win=65024 Len=1448 TSval=2916035024 TSecr=3045554797 [TCP segment of a reassembled PDU]"
"19469","30.943534870","192.168.1.55","192.168.1.2","TCP","1514","8004  >  35826 [ACK] Seq=372326 Ack=144 Win=65024 Len=1448 TSval=2916035024 TSecr=3045554797 [TCP segment of a reassembled PDU]"
"19470","30.943536314","192.168.1.55","192.168.1.2","TCP","1514","8004  >  35826 [ACK] Seq=373774 Ack=144 Win=65024 Len=1448 TSval=2916035024 TSecr=3045554797 [TCP segment of a reassembled PDU]"
"19471","30.943537611","192.168.1.55","192.168.1.2","TCP","1514","8004  >  35826 [ACK] Seq=375222 Ack=144 Win=65024 Len=1448 TSval=2916035024 TSecr=3045554797 [TCP segment of a reassembled PDU]"
"19472","30.943539000","192.168.1.55","192.168.1.2","TCP","1514","8004  >  35826 [ACK] Seq=376670 Ack=144 Win=65024 Len=1448 TSval=2916035024 TSecr=3045554797 [TCP segment of a reassembled PDU]"
"19473","30.943540277","192.168.1.55","192.168.1.2","TCP","1514","8004  >  35826 [PSH, ACK] Seq=378118 Ack=144 Win=65024 Len=1448 TSval=2916035024 TSecr=3045554797 [TCP segment of a reassembled PDU]"
"19474","30.948574507","192.168.1.2","192.168.1.55","TCP","66","35826  >  8004 [ACK] Seq=144 Ack=323094 Win=102400 Len=0 TSval=3045554800 TSecr=2916035022"
"19475","30.948610452","192.168.1.55","192.168.1.2","TCP","1514","8004  >  35826 [ACK] Seq=379566 Ack=144 Win=65024 Len=1448 TSval=2916035029 TSecr=3045554800 [TCP segment of a reassembled PDU]"
"19476","30.948612970","192.168.1.55","192.168.1.2","TCP","1514","8004  >  35826 [ACK] Seq=381014 Ack=144 Win=65024 Len=1448 TSval=2916035029 TSecr=3045554800 [TCP segment of a reassembled PDU]"
"19477","30.948614378","192.168.1.55","192.168.1.2","TCP","1514","8004  >  35826 [ACK] Seq=382462 Ack=144 Win=65024 Len=1448 TSval=2916035029 TSecr=3045554800 [TCP segment of a reassembled PDU]"
"19478","30.948615767","192.168.1.55","192.168.1.2","TCP","1514","8004  >  35826 [ACK] Seq=383910 Ack=144 Win=65024 Len=1448 TSval=2916035029 TSecr=3045554800 [TCP segment of a reassembled PDU]"
"19479","30.948617082","192.168.1.55","192.168.1.2","TCP","1514","8004  >  35826 [ACK] Seq=385358 Ack=144 Win=65024 Len=1448 TSval=2916035029 TSecr=3045554800 [TCP segment of a reassembled PDU]"
"19480","30.948618452","192.168.1.55","192.168.1.2","TCP","1514","8004  >  35826 [ACK] Seq=386806 Ack=144 Win=65024 Len=1448 TSval=2916035029 TSecr=3045554800 [TCP segment of a reassembled PDU]"
"19481","30.948619730","192.168.1.55","192.168.1.2","TCP","1514","8004  >  35826 [ACK] Seq=388254 Ack=144 Win=65024 Len=1448 TSval=2916035029 TSecr=3045554800 [TCP segment of a reassembled PDU]"
"19482","30.948621100","192.168.1.55","192.168.1.2","TCP","1514","8004  >  35826 [ACK] Seq=389702 Ack=144 Win=65024 Len=1448 TSval=2916035029 TSecr=3045554800 [TCP segment of a reassembled PDU]"
"19483","30.948622767","192.168.1.55","192.168.1.2","TCP","1514","8004  >  35826 [ACK] Seq=391150 Ack=144 Win=65024 Len=1448 TSval=2916035029 TSecr=3045554800 [TCP segment of a reassembled PDU]"
"19484","30.948624285","192.168.1.55","192.168.1.2","TCP","1514","8004  >  35826 [ACK] Seq=392598 Ack=144 Win=65024 Len=1448 TSval=2916035029 TSecr=3045554800 [TCP segment of a reassembled PDU]"
"19485","30.948625748","192.168.1.55","192.168.1.2","TCP","1514","8004  >  35826 [ACK] Seq=394046 Ack=144 Win=65024 Len=1448 TSval=2916035029 TSecr=3045554800 [TCP segment of a reassembled PDU]"
"19486","30.948627137","192.168.1.55","192.168.1.2","TCP","1514","8004  >  35826 [ACK] Seq=395494 Ack=144 Win=65024 Len=1448 TSval=2916035029 TSecr=3045554800 [TCP segment of a reassembled PDU]"
"19487","30.948628545","192.168.1.55","192.168.1.2","TCP","1514","8004  >  35826 [ACK] Seq=396942 Ack=144 Win=65024 Len=1448 TSval=2916035029 TSecr=3045554800 [TCP segment of a reassembled PDU]"
"19488","30.948629952","192.168.1.55","192.168.1.2","TCP","1514","8004  >  35826 [ACK] Seq=398390 Ack=144 Win=65024 Len=1448 TSval=2916035029 TSecr=3045554800 [TCP segment of a reassembled PDU]"
"19489","30.948631359","192.168.1.55","192.168.1.2","TCP","1514","8004  >  35826 [ACK] Seq=399838 Ack=144 Win=65024 Len=1448 TSval=2916035029 TSecr=3045554800 [TCP segment of a reassembled PDU]"
"19490","30.948632804","192.168.1.55","192.168.1.2","TCP","1514","8004  >  35826 [ACK] Seq=401286 Ack=144 Win=65024 Len=1448 TSval=2916035029 TSecr=3045554800 [TCP segment of a reassembled PDU]"
"19491","30.948634285","192.168.1.55","192.168.1.2","TCP","1514","8004  >  35826 [ACK] Seq=402734 Ack=144 Win=65024 Len=1448 TSval=2916035029 TSecr=3045554800 [TCP segment of a reassembled PDU]"
"19492","30.948635748","192.168.1.55","192.168.1.2","TCP","1514","8004  >  35826 [ACK] Seq=404182 Ack=144 Win=65024 Len=1448 TSval=2916035029 TSecr=3045554800 [TCP segment of a reassembled PDU]"
"19493","30.948637193","192.168.1.55","192.168.1.2","TCP","1514","8004  >  35826 [ACK] Seq=405630 Ack=144 Win=65024 Len=1448 TSval=2916035029 TSecr=3045554800 [TCP segment of a reassembled PDU]"
"19494","30.948639359","192.168.1.55","192.168.1.2","TCP","1514","8004  >  35826 [ACK] Seq=407078 Ack=144 Win=65024 Len=1448 TSval=2916035029 TSecr=3045554800 [TCP segment of a reassembled PDU]"
"19495","30.948640674","192.168.1.55","192.168.1.2","TCP","1514","8004  >  35826 [ACK] Seq=408526 Ack=144 Win=65024 Len=1448 TSval=2916035029 TSecr=3045554800 [TCP segment of a reassembled PDU]"
"19496","30.948642174","192.168.1.55","192.168.1.2","TCP","1514","8004  >  35826 [ACK] Seq=409974 Ack=144 Win=65024 Len=1448 TSval=2916035029 TSecr=3045554800 [TCP segment of a reassembled PDU]"
"19497","30.948643545","192.168.1.55","192.168.1.2","TCP","1514","8004  >  35826 [ACK] Seq=411422 Ack=144 Win=65024 Len=1448 TSval=2916035029 TSecr=3045554800 [TCP segment of a reassembled PDU]"
"19498","30.948644859","192.168.1.55","192.168.1.2","TCP","1514","8004  >  35826 [ACK] Seq=412870 Ack=144 Win=65024 Len=1448 TSval=2916035029 TSecr=3045554800 [TCP segment of a reassembled PDU]"
"19499","30.948646322","192.168.1.55","192.168.1.2","TCP","1514","8004  >  35826 [ACK] Seq=414318 Ack=144 Win=65024 Len=1448 TSval=2916035029 TSecr=3045554800 [TCP segment of a reassembled PDU]"
"19500","30.948647767","192.168.1.55","192.168.1.2","TCP","1514","8004  >  35826 [ACK] Seq=415766 Ack=144 Win=65024 Len=1448 TSval=2916035029 TSecr=3045554800 [TCP segment of a reassembled PDU]"
"19501","30.948649193","192.168.1.55","192.168.1.2","TCP","1514","8004  >  35826 [ACK] Seq=417214 Ack=144 Win=65024 Len=1448 TSval=2916035029 TSecr=3045554800 [TCP segment of a reassembled PDU]"
"19502","30.948650563","192.168.1.55","192.168.1.2","TCP","1514","8004  >  35826 [ACK] Seq=418662 Ack=144 Win=65024 Len=1448 TSval=2916035029 TSecr=3045554800 [TCP segment of a reassembled PDU]"
"19503","30.948651896","192.168.1.55","192.168.1.2","TCP","1514","8004  >  35826 [ACK] Seq=420110 Ack=144 Win=65024 Len=1448 TSval=2916035029 TSecr=3045554800 [TCP segment of a reassembled PDU]"
"19504","30.948653637","192.168.1.55","192.168.1.2","TCP","1514","8004  >  35826 [ACK] Seq=421558 Ack=144 Win=65024 Len=1448 TSval=2916035029 TSecr=3045554800 [TCP segment of a reassembled PDU]"
"19505","30.948654989","192.168.1.55","192.168.1.2","TCP","1514","8004  >  35826 [PSH, ACK] Seq=423006 Ack=144 Win=65024 Len=1448 TSval=2916035029 TSecr=3045554800 [TCP segment of a reassembled PDU]"
"19506","30.949866528","192.168.1.2","192.168.1.55","TCP","66","35826  >  8004 [ACK] Seq=144 Ack=334678 Win=122880 Len=0 TSval=3045554804 TSecr=2916035023"
"19507","30.949897935","192.168.1.55","192.168.1.2","TCP","1514","8004  >  35826 [ACK] Seq=424454 Ack=144 Win=65024 Len=1448 TSval=2916035030 TSecr=3045554804 [TCP segment of a reassembled PDU]"
"19508","30.949900269","192.168.1.55","192.168.1.2","TCP","1514","8004  >  35826 [ACK] Seq=425902 Ack=144 Win=65024 Len=1448 TSval=2916035030 TSecr=3045554804 [TCP segment of a reassembled PDU]"
"19509","30.949901695","192.168.1.55","192.168.1.2","TCP","1514","8004  >  35826 [ACK] Seq=427350 Ack=144 Win=65024 Len=1448 TSval=2916035030 TSecr=3045554804 [TCP segment of a reassembled PDU]"
"19510","30.949903343","192.168.1.55","192.168.1.2","TCP","1514","8004  >  35826 [ACK] Seq=428798 Ack=144 Win=65024 Len=1448 TSval=2916035030 TSecr=3045554804 [TCP segment of a reassembled PDU]"
"19511","30.949904676","192.168.1.55","192.168.1.2","TCP","1514","8004  >  35826 [ACK] Seq=430246 Ack=144 Win=65024 Len=1448 TSval=2916035030 TSecr=3045554804 [TCP segment of a reassembled PDU]"
"19512","30.949906065","192.168.1.55","192.168.1.2","TCP","1514","8004  >  35826 [ACK] Seq=431694 Ack=144 Win=65024 Len=1448 TSval=2916035030 TSecr=3045554804 [TCP segment of a reassembled PDU]"
"19513","30.949907324","192.168.1.55","192.168.1.2","TCP","1514","8004  >  35826 [ACK] Seq=433142 Ack=144 Win=65024 Len=1448 TSval=2916035030 TSecr=3045554804 [TCP segment of a reassembled PDU]"
"19514","30.949908713","192.168.1.55","192.168.1.2","TCP","1514","8004  >  35826 [ACK] Seq=434590 Ack=144 Win=65024 Len=1448 TSval=2916035030 TSecr=3045554804 [TCP segment of a reassembled PDU]"
"19515","30.949910065","192.168.1.55","192.168.1.2","TCP","1514","8004  >  35826 [ACK] Seq=436038 Ack=144 Win=65024 Len=1448 TSval=2916035030 TSecr=3045554804 [TCP segment of a reassembled PDU]"
"19516","30.949911361","192.168.1.55","192.168.1.2","TCP","1514","8004  >  35826 [ACK] Seq=437486 Ack=144 Win=65024 Len=1448 TSval=2916035030 TSecr=3045554804 [TCP segment of a reassembled PDU]"
"19517","30.949913232","192.168.1.55","192.168.1.2","TCP","1514","8004  >  35826 [ACK] Seq=438934 Ack=144 Win=65024 Len=1448 TSval=2916035030 TSecr=3045554804 [TCP segment of a reassembled PDU]"
"19518","30.949914510","192.168.1.55","192.168.1.2","TCP","1514","8004  >  35826 [ACK] Seq=440382 Ack=144 Win=65024 Len=1448 TSval=2916035030 TSecr=3045554804 [TCP segment of a reassembled PDU]"
"19519","30.949915843","192.168.1.55","192.168.1.2","TCP","1514","8004  >  35826 [ACK] Seq=441830 Ack=144 Win=65024 Len=1448 TSval=2916035030 TSecr=3045554804 [TCP segment of a reassembled PDU]"
"19520","30.949917250","192.168.1.55","192.168.1.2","TCP","1514","8004  >  35826 [ACK] Seq=443278 Ack=144 Win=65024 Len=1448 TSval=2916035030 TSecr=3045554804 [TCP segment of a reassembled PDU]"
"19521","30.949918528","192.168.1.55","192.168.1.2","TCP","1514","8004  >  35826 [ACK] Seq=444726 Ack=144 Win=65024 Len=1448 TSval=2916035030 TSecr=3045554804 [TCP segment of a reassembled PDU]"
"19522","30.949920028","192.168.1.55","192.168.1.2","TCP","1514","8004  >  35826 [ACK] Seq=446174 Ack=144 Win=65024 Len=1448 TSval=2916035030 TSecr=3045554804 [TCP segment of a reassembled PDU]"
"19523","30.949921306","192.168.1.55","192.168.1.2","TCP","1514","8004  >  35826 [ACK] Seq=447622 Ack=144 Win=65024 Len=1448 TSval=2916035030 TSecr=3045554804 [TCP segment of a reassembled PDU]"
"19524","30.949922602","192.168.1.55","192.168.1.2","TCP","1514","8004  >  35826 [ACK] Seq=449070 Ack=144 Win=65024 Len=1448 TSval=2916035030 TSecr=3045554804 [TCP segment of a reassembled PDU]"
"19525","30.949923991","192.168.1.55","192.168.1.2","TCP","1514","8004  >  35826 [ACK] Seq=450518 Ack=144 Win=65024 Len=1448 TSval=2916035030 TSecr=3045554804 [TCP segment of a reassembled PDU]"
"19526","30.949925361","192.168.1.55","192.168.1.2","TCP","1514","8004  >  35826 [ACK] Seq=451966 Ack=144 Win=65024 Len=1448 TSval=2916035030 TSecr=3045554804 [TCP segment of a reassembled PDU]"
"19527","30.949926732","192.168.1.55","192.168.1.2","TCP","1514","8004  >  35826 [ACK] Seq=453414 Ack=144 Win=65024 Len=1448 TSval=2916035030 TSecr=3045554804 [TCP segment of a reassembled PDU]"
"19528","30.949928028","192.168.1.55","192.168.1.2","TCP","1514","8004  >  35826 [ACK] Seq=454862 Ack=144 Win=65024 Len=1448 TSval=2916035030 TSecr=3045554804 [TCP segment of a reassembled PDU]"
"19529","30.949929361","192.168.1.55","192.168.1.2","TCP","1314","[TCP Window Full] 8004  >  35826 [PSH, ACK] Seq=456310 Ack=144 Win=65024 Len=1248 TSval=2916035030 TSecr=3045554804 [TCP segment of a reassembled PDU]"
"19530","30.949934139","192.168.1.2","192.168.1.55","TCP","66","35826  >  8004 [ACK] Seq=144 Ack=336126 Win=130048 Len=0 TSval=3045554804 TSecr=2916035024"
"19531","30.949940473","192.168.1.2","192.168.1.55","TCP","66","35826  >  8004 [ACK] Seq=144 Ack=370878 Win=183296 Len=0 TSval=3045554804 TSecr=2916035024"
"19532","30.949955973","192.168.1.55","192.168.1.2","TCP","1514","8004  >  35826 [ACK] Seq=457558 Ack=144 Win=65024 Len=1448 TSval=2916035030 TSecr=3045554804 [TCP segment of a reassembled PDU]"
"19533","30.949957769","192.168.1.55","192.168.1.2","TCP","1514","8004  >  35826 [ACK] Seq=459006 Ack=144 Win=65024 Len=1448 TSval=2916035030 TSecr=3045554804 [TCP segment of a reassembled PDU]"
"19534","30.949959121","192.168.1.55","192.168.1.2","TCP","1514","8004  >  35826 [ACK] Seq=460454 Ack=144 Win=65024 Len=1448 TSval=2916035030 TSecr=3045554804 [TCP segment of a reassembled PDU]"
"19535","30.949960399","192.168.1.55","192.168.1.2","TCP","1514","8004  >  35826 [ACK] Seq=461902 Ack=144 Win=65024 Len=1448 TSval=2916035030 TSecr=3045554804 [TCP segment of a reassembled PDU]"
"19536","30.949961861","192.168.1.55","192.168.1.2","TCP","1514","8004  >  35826 [ACK] Seq=463350 Ack=144 Win=65024 Len=1448 TSval=2916035030 TSecr=3045554804 [TCP segment of a reassembled PDU]"
"19537","30.949963232","192.168.1.55","192.168.1.2","TCP","1514","8004  >  35826 [ACK] Seq=464798 Ack=144 Win=65024 Len=1448 TSval=2916035030 TSecr=3045554804 [TCP segment of a reassembled PDU]"
"19538","30.949964510","192.168.1.55","192.168.1.2","TCP","1514","8004  >  35826 [ACK] Seq=466246 Ack=144 Win=65024 Len=1448 TSval=2916035030 TSecr=3045554804 [TCP segment of a reassembled PDU]"
"19539","30.949965787","192.168.1.55","192.168.1.2","TCP","1514","8004  >  35826 [ACK] Seq=467694 Ack=144 Win=65024 Len=1448 TSval=2916035030 TSecr=3045554804 [TCP segment of a reassembled PDU]"
"19540","30.949967232","192.168.1.55","192.168.1.2","TCP","266","8004  >  35826 [PSH, ACK] Seq=469142 Ack=144 Win=65024 Len=200 TSval=2916035030 TSecr=3045554804 [TCP segment of a reassembled PDU]"
"19541","30.949989176","192.168.1.55","192.168.1.2","TCP","1514","8004  >  35826 [ACK] Seq=469342 Ack=144 Win=65024 Len=1448 TSval=2916035030 TSecr=3045554804 [TCP segment of a reassembled PDU]"
"19542","30.949990732","192.168.1.55","192.168.1.2","TCP","1514","8004  >  35826 [ACK] Seq=470790 Ack=144 Win=65024 Len=1448 TSval=2916035030 TSecr=3045554804 [TCP segment of a reassembled PDU]"
"19543","30.949992121","192.168.1.55","192.168.1.2","TCP","1514","8004  >  35826 [ACK] Seq=472238 Ack=144 Win=65024 Len=1448 TSval=2916035030 TSecr=3045554804 [TCP segment of a reassembled PDU]"
"19544","30.949993584","192.168.1.55","192.168.1.2","TCP","1514","8004  >  35826 [ACK] Seq=473686 Ack=144 Win=65024 Len=1448 TSval=2916035030 TSecr=3045554804 [TCP segment of a reassembled PDU]"
"19545","30.949994917","192.168.1.55","192.168.1.2","TCP","1514","8004  >  35826 [ACK] Seq=475134 Ack=144 Win=65024 Len=1448 TSval=2916035030 TSecr=3045554804 [TCP segment of a reassembled PDU]"
"19546","30.949996195","192.168.1.55","192.168.1.2","TCP","1514","8004  >  35826 [ACK] Seq=476582 Ack=144 Win=65024 Len=1448 TSval=2916035030 TSecr=3045554804 [TCP segment of a reassembled PDU]"
"19547","30.949997491","192.168.1.55","192.168.1.2","TCP","1514","8004  >  35826 [ACK] Seq=478030 Ack=144 Win=65024 Len=1448 TSval=2916035030 TSecr=3045554804 [TCP segment of a reassembled PDU]"
"19548","30.949998862","192.168.1.55","192.168.1.2","TCP","1514","8004  >  35826 [ACK] Seq=479478 Ack=144 Win=65024 Len=1448 TSval=2916035030 TSecr=3045554804 [TCP segment of a reassembled PDU]"
"19549","30.950000158","192.168.1.55","192.168.1.2","TCP","1514","8004  >  35826 [ACK] Seq=480926 Ack=144 Win=65024 Len=1448 TSval=2916035030 TSecr=3045554804 [TCP segment of a reassembled PDU]"
"19550","30.950001917","192.168.1.55","192.168.1.2","TCP","1514","8004  >  35826 [ACK] Seq=482374 Ack=144 Win=65024 Len=1448 TSval=2916035030 TSecr=3045554804 [TCP segment of a reassembled PDU]"
"19551","30.950003269","192.168.1.55","192.168.1.2","TCP","1514","8004  >  35826 [ACK] Seq=483822 Ack=144 Win=65024 Len=1448 TSval=2916035030 TSecr=3045554804 [TCP segment of a reassembled PDU]"
"19552","30.950004713","192.168.1.55","192.168.1.2","TCP","1514","8004  >  35826 [ACK] Seq=485270 Ack=144 Win=65024 Len=1448 TSval=2916035030 TSecr=3045554804 [TCP segment of a reassembled PDU]"
"19553","30.950006102","192.168.1.55","192.168.1.2","TCP","1514","8004  >  35826 [ACK] Seq=486718 Ack=144 Win=65024 Len=1448 TSval=2916035030 TSecr=3045554804 [TCP segment of a reassembled PDU]"
"19554","30.950007547","192.168.1.55","192.168.1.2","TCP","1514","8004  >  35826 [ACK] Seq=488166 Ack=144 Win=65024 Len=1448 TSval=2916035030 TSecr=3045554804 [TCP segment of a reassembled PDU]"
"19555","30.950008936","192.168.1.55","192.168.1.2","TCP","1514","8004  >  35826 [ACK] Seq=489614 Ack=144 Win=65024 Len=1448 TSval=2916035030 TSecr=3045554804 [TCP segment of a reassembled PDU]"
"19556","30.950010306","192.168.1.55","192.168.1.2","TCP","1514","8004  >  35826 [ACK] Seq=491062 Ack=144 Win=65024 Len=1448 TSval=2916035030 TSecr=3045554804 [TCP segment of a reassembled PDU]"
"19557","30.950011658","192.168.1.55","192.168.1.2","TCP","1514","8004  >  35826 [ACK] Seq=492510 Ack=144 Win=65024 Len=1448 TSval=2916035030 TSecr=3045554804 [TCP segment of a reassembled PDU]"
"19558","30.950013195","192.168.1.55","192.168.1.2","TCP","1514","8004  >  35826 [ACK] Seq=493958 Ack=144 Win=65024 Len=1448 TSval=2916035030 TSecr=3045554804 [TCP segment of a reassembled PDU]"
"19559","30.950014491","192.168.1.55","192.168.1.2","TCP","1514","8004  >  35826 [ACK] Seq=495406 Ack=144 Win=65024 Len=1448 TSval=2916035030 TSecr=3045554804 [TCP segment of a reassembled PDU]"
"19560","30.950015787","192.168.1.55","192.168.1.2","TCP","1514","8004  >  35826 [PSH, ACK] Seq=496854 Ack=144 Win=65024 Len=1448 TSval=2916035030 TSecr=3045554804 [TCP segment of a reassembled PDU]"
"19561","30.950024973","192.168.1.55","192.168.1.2","HTTP","222","HTTP/1.0 200 OK  (PNG)"
"19562","30.950028973","192.168.1.2","192.168.1.55","TCP","66","35826  >  8004 [ACK] Seq=144 Ack=379566 Win=200704 Len=0 TSval=3045554804 TSecr=2916035024"
"19563","30.956428964","192.168.1.2","192.168.1.55","TCP","66","35826  >  8004 [ACK] Seq=144 Ack=395494 Win=199680 Len=0 TSval=3045554811 TSecr=2916035029"
"19564","30.956557502","192.168.1.2","192.168.1.55","TCP","66","35826  >  8004 [ACK] Seq=144 Ack=424454 Win=188416 Len=0 TSval=3045554811 TSecr=2916035029"
"19565","30.956563483","192.168.1.2","192.168.1.55","TCP","66","35826  >  8004 [ACK] Seq=144 Ack=457558 Win=157696 Len=0 TSval=3045554812 TSecr=2916035030"
"19566","30.957358040","192.168.1.2","192.168.1.55","TCP","66","35826  >  8004 [ACK] Seq=144 Ack=469342 Win=173056 Len=0 TSval=3045554812 TSecr=2916035030"
"19567","30.957470262","192.168.1.2","192.168.1.55","TCP","66","35826  >  8004 [ACK] Seq=144 Ack=493958 Win=181248 Len=0 TSval=3045554812 TSecr=2916035030"
"19568","30.958330375","192.168.1.2","192.168.1.55","TCP","66","35826  >  8004 [ACK] Seq=144 Ack=498302 Win=209920 Len=0 TSval=3045554813 TSecr=2916035030"
"19569","30.959891692","192.168.1.2","192.168.1.55","TCP","66","35826  >  8004 [FIN, ACK] Seq=144 Ack=498459 Win=211968 Len=0 TSval=3045554814 TSecr=2916035030"
"19570","30.959929285","192.168.1.55","192.168.1.2","TCP","66","8004  >  35826 [ACK] Seq=498459 Ack=145 Win=65024 Len=0 TSval=2916035040 TSecr=3045554814"
"19571","30.959977507","192.168.1.2","192.168.1.55","TCP","74","35834  >  8004 [SYN] Seq=0 Win=64240 Len=0 MSS=1460 SACK_PERM TSval=3045554815 TSecr=0 WS=1024"
"19572","30.960003729","192.168.1.55","192.168.1.2","TCP","74","8004  >  35834 [SYN, ACK] Seq=0 Ack=1 Win=65160 Len=0 MSS=1460 SACK_PERM TSval=2916035040 TSecr=3045554815 WS=128"
"19573","30.962748808","192.168.1.2","192.168.1.55","TCP","66","35834  >  8004 [ACK] Seq=1 Ack=1 Win=64512 Len=0 TSval=3045554817 TSecr=2916035040"
"19574","30.965949350","192.168.1.2","192.168.1.55","HTTP","206","GET /stego_benchmark.png HTTP/1.1 "
"19575","30.965973479","192.168.1.55","192.168.1.2","TCP","66","8004  >  35834 [ACK] Seq=1 Ack=141 Win=65024 Len=0 TSval=2916035046 TSecr=3045554817"
"19576","30.966660017","192.168.1.55","192.168.1.2","TCP","255","8004  >  35834 [PSH, ACK] Seq=1 Ack=141 Win=65024 Len=189 TSval=2916035047 TSecr=3045554817 [TCP segment of a reassembled PDU]"
"19577","30.966799258","192.168.1.55","192.168.1.2","TCP","1514","8004  >  35834 [ACK] Seq=190 Ack=141 Win=65024 Len=1448 TSval=2916035047 TSecr=3045554817 [TCP segment of a reassembled PDU]"
"19578","30.966805407","192.168.1.55","192.168.1.2","TCP","1514","8004  >  35834 [ACK] Seq=1638 Ack=141 Win=65024 Len=1448 TSval=2916035047 TSecr=3045554817 [TCP segment of a reassembled PDU]"
"19579","30.966806703","192.168.1.55","192.168.1.2","TCP","1514","8004  >  35834 [ACK] Seq=3086 Ack=141 Win=65024 Len=1448 TSval=2916035047 TSecr=3045554817 [TCP segment of a reassembled PDU]"
"19580","30.966808240","192.168.1.55","192.168.1.2","TCP","1514","8004  >  35834 [ACK] Seq=4534 Ack=141 Win=65024 Len=1448 TSval=2916035047 TSecr=3045554817 [TCP segment of a reassembled PDU]"
"19581","30.966809832","192.168.1.55","192.168.1.2","TCP","1514","8004  >  35834 [PSH, ACK] Seq=5982 Ack=141 Win=65024 Len=1448 TSval=2916035047 TSecr=3045554817 [TCP segment of a reassembled PDU]"
"19582","30.966837925","192.168.1.55","192.168.1.2","TCP","1514","8004  >  35834 [ACK] Seq=7430 Ack=141 Win=65024 Len=1448 TSval=2916035047 TSecr=3045554817 [TCP segment of a reassembled PDU]"
"19583","30.966840092","192.168.1.55","192.168.1.2","TCP","1514","8004  >  35834 [ACK] Seq=8878 Ack=141 Win=65024 Len=1448 TSval=2916035047 TSecr=3045554817 [TCP segment of a reassembled PDU]"
"19584","30.966841388","192.168.1.55","192.168.1.2","TCP","1514","8004  >  35834 [ACK] Seq=10326 Ack=141 Win=65024 Len=1448 TSval=2916035047 TSecr=3045554817 [TCP segment of a reassembled PDU]"
"19585","30.966843277","192.168.1.55","192.168.1.2","TCP","1514","8004  >  35834 [PSH, ACK] Seq=11774 Ack=141 Win=65024 Len=1448 TSval=2916035047 TSecr=3045554817 [TCP segment of a reassembled PDU]"
"19586","30.970340597","192.168.1.2","192.168.1.55","TCP","66","35834  >  8004 [ACK] Seq=141 Ack=190 Win=64512 Len=0 TSval=3045554825 TSecr=2916035047"
"19587","30.970377894","192.168.1.55","192.168.1.2","TCP","1514","8004  >  35834 [ACK] Seq=13222 Ack=141 Win=65024 Len=1448 TSval=2916035051 TSecr=3045554825 [TCP segment of a reassembled PDU]"
"19588","30.970382079","192.168.1.55","192.168.1.2","TCP","1514","8004  >  35834 [PSH, ACK] Seq=14670 Ack=141 Win=65024 Len=1448 TSval=2916035051 TSecr=3045554825 [TCP segment of a reassembled PDU]"
"19589","30.970482727","192.168.1.2","192.168.1.55","TCP","66","35834  >  8004 [ACK] Seq=141 Ack=4534 Win=64512 Len=0 TSval=3045554825 TSecr=2916035047"
"19590","30.970501986","192.168.1.55","192.168.1.2","TCP","1514","8004  >  35834 [ACK] Seq=16118 Ack=141 Win=65024 Len=1448 TSval=2916035051 TSecr=3045554825 [TCP segment of a reassembled PDU]"
"19591","30.970503931","192.168.1.55","192.168.1.2","TCP","1514","8004  >  35834 [ACK] Seq=17566 Ack=141 Win=65024 Len=1448 TSval=2916035051 TSecr=3045554825 [TCP segment of a reassembled PDU]"
"19592","30.970505653","192.168.1.55","192.168.1.2","TCP","1514","8004  >  35834 [ACK] Seq=19014 Ack=141 Win=65024 Len=1448 TSval=2916035051 TSecr=3045554825 [TCP segment of a reassembled PDU]"
"19593","30.970506875","192.168.1.55","192.168.1.2","TCP","1514","8004  >  35834 [ACK] Seq=20462 Ack=141 Win=65024 Len=1448 TSval=2916035051 TSecr=3045554825 [TCP segment of a reassembled PDU]"
"19594","30.970508338","192.168.1.55","192.168.1.2","TCP","1514","8004  >  35834 [ACK] Seq=21910 Ack=141 Win=65024 Len=1448 TSval=2916035051 TSecr=3045554825 [TCP segment of a reassembled PDU]"
"19595","30.970509746","192.168.1.55","192.168.1.2","TCP","1514","8004  >  35834 [PSH, ACK] Seq=23358 Ack=141 Win=65024 Len=1448 TSval=2916035051 TSecr=3045554825 [TCP segment of a reassembled PDU]"
"19596","30.970513949","192.168.1.2","192.168.1.55","TCP","66","35834  >  8004 [ACK] Seq=141 Ack=7430 Win=67584 Len=0 TSval=3045554826 TSecr=2916035047"
"19597","30.970523301","192.168.1.2","192.168.1.55","TCP","66","35834  >  8004 [ACK] Seq=141 Ack=11774 Win=65536 Len=0 TSval=3045554826 TSecr=2916035047"
"19598","30.970544172","192.168.1.55","192.168.1.2","TCP","1514","8004  >  35834 [ACK] Seq=24806 Ack=141 Win=65024 Len=1448 TSval=2916035051 TSecr=3045554826 [TCP segment of a reassembled PDU]"
"19599","30.970546190","192.168.1.55","192.168.1.2","TCP","1514","8004  >  35834 [ACK] Seq=26254 Ack=141 Win=65024 Len=1448 TSval=2916035051 TSecr=3045554826 [TCP segment of a reassembled PDU]"
"19600","30.970547579","192.168.1.55","192.168.1.2","TCP","1514","8004  >  35834 [ACK] Seq=27702 Ack=141 Win=65024 Len=1448 TSval=2916035051 TSecr=3045554826 [TCP segment of a reassembled PDU]"
"19601","30.970549042","192.168.1.55","192.168.1.2","TCP","1514","8004  >  35834 [ACK] Seq=29150 Ack=141 Win=65024 Len=1448 TSval=2916035051 TSecr=3045554826 [TCP segment of a reassembled PDU]"
"19602","30.970550283","192.168.1.55","192.168.1.2","TCP","1514","8004  >  35834 [ACK] Seq=30598 Ack=141 Win=65024 Len=1448 TSval=2916035051 TSecr=3045554826 [TCP segment of a reassembled PDU]"
"19603","30.970551542","192.168.1.55","192.168.1.2","TCP","1514","8004  >  35834 [ACK] Seq=32046 Ack=141 Win=65024 Len=1448 TSval=2916035051 TSecr=3045554826 [TCP segment of a reassembled PDU]"
"19604","30.970552912","192.168.1.55","192.168.1.2","TCP","1514","8004  >  35834 [ACK] Seq=33494 Ack=141 Win=65024 Len=1448 TSval=2916035051 TSecr=3045554826 [TCP segment of a reassembled PDU]"
"19605","30.970554301","192.168.1.55","192.168.1.2","TCP","1514","8004  >  35834 [ACK] Seq=34942 Ack=141 Win=65024 Len=1448 TSval=2916035051 TSecr=3045554826 [TCP segment of a reassembled PDU]"
"19606","30.970555635","192.168.1.55","192.168.1.2","TCP","1514","8004  >  35834 [PSH, ACK] Seq=36390 Ack=141 Win=65024 Len=1448 TSval=2916035051 TSecr=3045554826 [TCP segment of a reassembled PDU]"
"19607","30.973875658","192.168.1.2","192.168.1.55","TCP","66","35834  >  8004 [ACK] Seq=141 Ack=13222 Win=66560 Len=0 TSval=3045554827 TSecr=2916035047"
"19608","30.973923270","192.168.1.55","192.168.1.2","TCP","1514","8004  >  35834 [ACK] Seq=37838 Ack=141 Win=65024 Len=1448 TSval=2916035054 TSecr=3045554827 [TCP segment of a reassembled PDU]"
"19609","30.973928899","192.168.1.55","192.168.1.2","TCP","1514","8004  >  35834 [ACK] Seq=39286 Ack=141 Win=65024 Len=1448 TSval=2916035054 TSecr=3045554827 [TCP segment of a reassembled PDU]"
"19610","30.973930251","192.168.1.55","192.168.1.2","TCP","1514","8004  >  35834 [PSH, ACK] Seq=40734 Ack=141 Win=65024 Len=1448 TSval=2916035054 TSecr=3045554827 [TCP segment of a reassembled PDU]"
"19611","30.975446457","192.168.1.2","192.168.1.55","TCP","66","35834  >  8004 [ACK] Seq=141 Ack=16118 Win=67584 Len=0 TSval=3045554829 TSecr=2916035051"
"19612","30.975486865","192.168.1.55","192.168.1.2","TCP","1514","8004  >  35834 [ACK] Seq=42182 Ack=141 Win=65024 Len=1448 TSval=2916035056 TSecr=3045554829 [TCP segment of a reassembled PDU]"
"19613","30.975492754","192.168.1.55","192.168.1.2","TCP","1514","8004  >  35834 [PSH, ACK] Seq=43630 Ack=141 Win=65024 Len=1448 TSval=2916035056 TSecr=3045554829 [TCP segment of a reassembled PDU]"
"19614","30.975563865","192.168.1.2","192.168.1.55","TCP","66","35834  >  8004 [ACK] Seq=141 Ack=24806 Win=63488 Len=0 TSval=3045554829 TSecr=2916035051"
"19615","30.975606383","192.168.1.55","192.168.1.2","TCP","1514","8004  >  35834 [ACK] Seq=45078 Ack=141 Win=65024 Len=1448 TSval=2916035056 TSecr=3045554829 [TCP segment of a reassembled PDU]"
"19616","30.975609143","192.168.1.55","192.168.1.2","TCP","1514","8004  >  35834 [ACK] Seq=46526 Ack=141 Win=65024 Len=1448 TSval=2916035056 TSecr=3045554829 [TCP segment of a reassembled PDU]"
"19617","30.975611476","192.168.1.55","192.168.1.2","TCP","1514","8004  >  35834 [ACK] Seq=47974 Ack=141 Win=65024 Len=1448 TSval=2916035056 TSecr=3045554829 [TCP segment of a reassembled PDU]"
"19618","30.975613013","192.168.1.55","192.168.1.2","TCP","1514","8004  >  35834 [ACK] Seq=49422 Ack=141 Win=65024 Len=1448 TSval=2916035056 TSecr=3045554829 [TCP segment of a reassembled PDU]"
"19619","30.975615217","192.168.1.55","192.168.1.2","TCP","1514","8004  >  35834 [ACK] Seq=50870 Ack=141 Win=65024 Len=1448 TSval=2916035056 TSecr=3045554829 [TCP segment of a reassembled PDU]"
"19620","30.975617365","192.168.1.55","192.168.1.2","TCP","1514","8004  >  35834 [ACK] Seq=52318 Ack=141 Win=65024 Len=1448 TSval=2916035056 TSecr=3045554829 [TCP segment of a reassembled PDU]"
"19621","30.975619032","192.168.1.55","192.168.1.2","TCP","1514","8004  >  35834 [ACK] Seq=53766 Ack=141 Win=65024 Len=1448 TSval=2916035056 TSecr=3045554829 [TCP segment of a reassembled PDU]"
"19622","30.975620661","192.168.1.55","192.168.1.2","TCP","1514","8004  >  35834 [ACK] Seq=55214 Ack=141 Win=65024 Len=1448 TSval=2916035056 TSecr=3045554829 [TCP segment of a reassembled PDU]"
"19623","30.975622402","192.168.1.55","192.168.1.2","TCP","1514","8004  >  35834 [ACK] Seq=56662 Ack=141 Win=65024 Len=1448 TSval=2916035056 TSecr=3045554829 [TCP segment of a reassembled PDU]"
"19624","30.975624846","192.168.1.55","192.168.1.2","TCP","1514","8004  >  35834 [ACK] Seq=58110 Ack=141 Win=65024 Len=1448 TSval=2916035056 TSecr=3045554829 [TCP segment of a reassembled PDU]"
"19625","30.975626513","192.168.1.55","192.168.1.2","TCP","1514","8004  >  35834 [ACK] Seq=59558 Ack=141 Win=65024 Len=1448 TSval=2916035056 TSecr=3045554829 [TCP segment of a reassembled PDU]"
"19626","30.975629013","192.168.1.55","192.168.1.2","TCP","1514","8004  >  35834 [ACK] Seq=61006 Ack=141 Win=65024 Len=1448 TSval=2916035056 TSecr=3045554829 [TCP segment of a reassembled PDU]"
"19627","30.975630661","192.168.1.55","192.168.1.2","TCP","1514","8004  >  35834 [ACK] Seq=62454 Ack=141 Win=65024 Len=1448 TSval=2916035056 TSecr=3045554829 [TCP segment of a reassembled PDU]"
"19628","30.975631902","192.168.1.55","192.168.1.2","TCP","1514","8004  >  35834 [PSH, ACK] Seq=63902 Ack=141 Win=65024 Len=1448 TSval=2916035056 TSecr=3045554829 [TCP segment of a reassembled PDU]"
"19629","30.975637235","192.168.1.2","192.168.1.55","TCP","66","35834  >  8004 [ACK] Seq=141 Ack=29150 Win=59392 Len=0 TSval=3045554829 TSecr=2916035051"
"19630","30.977873146","192.168.1.2","192.168.1.55","TCP","66","35834  >  8004 [ACK] Seq=141 Ack=37838 Win=63488 Len=0 TSval=3045554830 TSecr=2916035051"
"19631","30.977908831","192.168.1.55","192.168.1.2","TCP","1514","8004  >  35834 [ACK] Seq=65350 Ack=141 Win=65024 Len=1448 TSval=2916035058 TSecr=3045554830 [TCP segment of a reassembled PDU]"
"19632","30.977912646","192.168.1.55","192.168.1.2","TCP","1514","8004  >  35834 [ACK] Seq=66798 Ack=141 Win=65024 Len=1448 TSval=2916035058 TSecr=3045554830 [TCP segment of a reassembled PDU]"
"19633","30.977914480","192.168.1.55","192.168.1.2","TCP","1514","8004  >  35834 [ACK] Seq=68246 Ack=141 Win=65024 Len=1448 TSval=2916035058 TSecr=3045554830 [TCP segment of a reassembled PDU]"
"19634","30.977916072","192.168.1.55","192.168.1.2","TCP","1514","8004  >  35834 [ACK] Seq=69694 Ack=141 Win=65024 Len=1448 TSval=2916035058 TSecr=3045554830 [TCP segment of a reassembled PDU]"
"19635","30.977917220","192.168.1.55","192.168.1.2","TCP","1514","8004  >  35834 [ACK] Seq=71142 Ack=141 Win=65024 Len=1448 TSval=2916035058 TSecr=3045554830 [TCP segment of a reassembled PDU]"
"19636","30.977918368","192.168.1.55","192.168.1.2","TCP","1514","8004  >  35834 [ACK] Seq=72590 Ack=141 Win=65024 Len=1448 TSval=2916035058 TSecr=3045554830 [TCP segment of a reassembled PDU]"
"19637","30.977919517","192.168.1.55","192.168.1.2","TCP","1514","8004  >  35834 [ACK] Seq=74038 Ack=141 Win=65024 Len=1448 TSval=2916035058 TSecr=3045554830 [TCP segment of a reassembled PDU]"
"19638","30.977920868","192.168.1.55","192.168.1.2","TCP","1514","8004  >  35834 [PSH, ACK] Seq=75486 Ack=141 Win=65024 Len=1448 TSval=2916035058 TSecr=3045554830 [TCP segment of a reassembled PDU]"
"19639","30.979904649","192.168.1.2","192.168.1.55","TCP","66","35834  >  8004 [ACK] Seq=141 Ack=42182 Win=66560 Len=0 TSval=3045554834 TSecr=2916035054"
"19640","30.979937427","192.168.1.55","192.168.1.2","TCP","1514","8004  >  35834 [ACK] Seq=76934 Ack=141 Win=65024 Len=1448 TSval=2916035060 TSecr=3045554834 [TCP segment of a reassembled PDU]"
"19641","30.979940779","192.168.1.55","192.168.1.2","TCP","1514","8004  >  35834 [ACK] Seq=78382 Ack=141 Win=65024 Len=1448 TSval=2916035060 TSecr=3045554834 [TCP segment of a reassembled PDU]"
"19642","30.979941983","192.168.1.55","192.168.1.2","TCP","1514","8004  >  35834 [ACK] Seq=79830 Ack=141 Win=65024 Len=1448 TSval=2916035060 TSecr=3045554834 [TCP segment of a reassembled PDU]"
"19643","30.979943261","192.168.1.55","192.168.1.2","TCP","1514","8004  >  35834 [ACK] Seq=81278 Ack=141 Win=65024 Len=1448 TSval=2916035060 TSecr=3045554834 [TCP segment of a reassembled PDU]"
"19644","30.979944909","192.168.1.55","192.168.1.2","TCP","1514","8004  >  35834 [ACK] Seq=82726 Ack=141 Win=65024 Len=1448 TSval=2916035060 TSecr=3045554834 [TCP segment of a reassembled PDU]"
"19645","30.979947705","192.168.1.55","192.168.1.2","TCP","1514","8004  >  35834 [ACK] Seq=84174 Ack=141 Win=65024 Len=1448 TSval=2916035060 TSecr=3045554834 [TCP segment of a reassembled PDU]"
"19646","30.979949372","192.168.1.55","192.168.1.2","TCP","1514","8004  >  35834 [ACK] Seq=85622 Ack=141 Win=65024 Len=1448 TSval=2916035060 TSecr=3045554834 [TCP segment of a reassembled PDU]"
"19647","30.979950520","192.168.1.55","192.168.1.2","TCP","1514","8004  >  35834 [ACK] Seq=87070 Ack=141 Win=65024 Len=1448 TSval=2916035060 TSecr=3045554834 [TCP segment of a reassembled PDU]"
"19648","30.979956075","192.168.1.55","192.168.1.2","TCP","1514","8004  >  35834 [ACK] Seq=88518 Ack=141 Win=65024 Len=1448 TSval=2916035060 TSecr=3045554834 [TCP segment of a reassembled PDU]"
"19649","30.979957742","192.168.1.55","192.168.1.2","TCP","1514","8004  >  35834 [ACK] Seq=89966 Ack=141 Win=65024 Len=1448 TSval=2916035060 TSecr=3045554834 [TCP segment of a reassembled PDU]"
"19650","30.979959020","192.168.1.55","192.168.1.2","TCP","1514","8004  >  35834 [ACK] Seq=91414 Ack=141 Win=65024 Len=1448 TSval=2916035060 TSecr=3045554834 [TCP segment of a reassembled PDU]"
"19651","30.979960335","192.168.1.55","192.168.1.2","TCP","1514","8004  >  35834 [ACK] Seq=92862 Ack=141 Win=65024 Len=1448 TSval=2916035060 TSecr=3045554834 [TCP segment of a reassembled PDU]"
"19652","30.979961594","192.168.1.55","192.168.1.2","TCP","1514","8004  >  35834 [ACK] Seq=94310 Ack=141 Win=65024 Len=1448 TSval=2916035060 TSecr=3045554834 [TCP segment of a reassembled PDU]"
"19653","30.979963038","192.168.1.55","192.168.1.2","TCP","1514","8004  >  35834 [ACK] Seq=95758 Ack=141 Win=65024 Len=1448 TSval=2916035060 TSecr=3045554834 [TCP segment of a reassembled PDU]"
"19654","30.979964594","192.168.1.55","192.168.1.2","TCP","1514","8004  >  35834 [ACK] Seq=97206 Ack=141 Win=65024 Len=1448 TSval=2916035060 TSecr=3045554834 [TCP segment of a reassembled PDU]"
"19655","30.979966594","192.168.1.55","192.168.1.2","TCP","1514","8004  >  35834 [PSH, ACK] Seq=98654 Ack=141 Win=65024 Len=1448 TSval=2916035060 TSecr=3045554834 [TCP segment of a reassembled PDU]"
"19656","30.980033853","192.168.1.2","192.168.1.55","TCP","66","35834  >  8004 [ACK] Seq=141 Ack=45078 Win=64512 Len=0 TSval=3045554834 TSecr=2916035056"
"19657","30.980045520","192.168.1.2","192.168.1.55","TCP","66","35834  >  8004 [ACK] Seq=141 Ack=61006 Win=53248 Len=0 TSval=3045554834 TSecr=2916035056"
"19658","30.980063205","192.168.1.55","192.168.1.2","TCP","1514","8004  >  35834 [ACK] Seq=100102 Ack=141 Win=65024 Len=1448 TSval=2916035060 TSecr=3045554834 [TCP segment of a reassembled PDU]"
"19659","30.980065835","192.168.1.55","192.168.1.2","TCP","1514","8004  >  35834 [ACK] Seq=101550 Ack=141 Win=65024 Len=1448 TSval=2916035060 TSecr=3045554834 [TCP segment of a reassembled PDU]"
"19660","30.980067316","192.168.1.55","192.168.1.2","TCP","1514","8004  >  35834 [ACK] Seq=102998 Ack=141 Win=65024 Len=1448 TSval=2916035060 TSecr=3045554834 [TCP segment of a reassembled PDU]"
"19661","30.980068594","192.168.1.55","192.168.1.2","TCP","1514","8004  >  35834 [ACK] Seq=104446 Ack=141 Win=65024 Len=1448 TSval=2916035060 TSecr=3045554834 [TCP segment of a reassembled PDU]"
"19662","30.980070261","192.168.1.55","192.168.1.2","TCP","1514","8004  >  35834 [ACK] Seq=105894 Ack=141 Win=65024 Len=1448 TSval=2916035060 TSecr=3045554834 [TCP segment of a reassembled PDU]"
"19663","30.980071464","192.168.1.55","192.168.1.2","TCP","1514","8004  >  35834 [ACK] Seq=107342 Ack=141 Win=65024 Len=1448 TSval=2916035060 TSecr=3045554834 [TCP segment of a reassembled PDU]"
"19664","30.980073687","192.168.1.55","192.168.1.2","TCP","1514","8004  >  35834 [PSH, ACK] Seq=108790 Ack=141 Win=65024 Len=1448 TSval=2916035060 TSecr=3045554834 [TCP segment of a reassembled PDU]"
"19665","30.982136801","192.168.1.2","192.168.1.55","TCP","66","35834  >  8004 [ACK] Seq=141 Ack=65350 Win=65536 Len=0 TSval=3045554834 TSecr=2916035056"
"19666","30.982169208","192.168.1.55","192.168.1.2","TCP","1514","8004  >  35834 [ACK] Seq=110238 Ack=141 Win=65024 Len=1448 TSval=2916035062 TSecr=3045554834 [TCP segment of a reassembled PDU]"
"19667","30.982172394","192.168.1.55","192.168.1.2","TCP","1514","8004  >  35834 [ACK] Seq=111686 Ack=141 Win=65024 Len=1448 TSval=2916035062 TSecr=3045554834 [TCP segment of a reassembled PDU]"
"19668","30.982173894","192.168.1.55","192.168.1.2","TCP","1514","8004  >  35834 [ACK] Seq=113134 Ack=141 Win=65024 Len=1448 TSval=2916035062 TSecr=3045554834 [TCP segment of a reassembled PDU]"
"19669","30.982175042","192.168.1.55","192.168.1.2","TCP","1514","8004  >  35834 [ACK] Seq=114582 Ack=141 Win=65024 Len=1448 TSval=2916035062 TSecr=3045554834 [TCP segment of a reassembled PDU]"
"19670","30.982176190","192.168.1.55","192.168.1.2","TCP","1514","8004  >  35834 [ACK] Seq=116030 Ack=141 Win=65024 Len=1448 TSval=2916035062 TSecr=3045554834 [TCP segment of a reassembled PDU]"
"19671","30.982177468","192.168.1.55","192.168.1.2","TCP","1514","8004  >  35834 [ACK] Seq=117478 Ack=141 Win=65024 Len=1448 TSval=2916035062 TSecr=3045554834 [TCP segment of a reassembled PDU]"
"19672","30.982178616","192.168.1.55","192.168.1.2","TCP","1514","8004  >  35834 [ACK] Seq=118926 Ack=141 Win=65024 Len=1448 TSval=2916035062 TSecr=3045554834 [TCP segment of a reassembled PDU]"
"19673","30.982179857","192.168.1.55","192.168.1.2","TCP","1514","8004  >  35834 [ACK] Seq=120374 Ack=141 Win=65024 Len=1448 TSval=2916035062 TSecr=3045554834 [TCP segment of a reassembled PDU]"
"19674","30.982181153","192.168.1.55","192.168.1.2","TCP","1514","8004  >  35834 [ACK] Seq=121822 Ack=141 Win=65024 Len=1448 TSval=2916035062 TSecr=3045554834 [TCP segment of a reassembled PDU]"
"19675","30.982182431","192.168.1.55","192.168.1.2","TCP","1514","8004  >  35834 [ACK] Seq=123270 Ack=141 Win=65024 Len=1448 TSval=2916035062 TSecr=3045554834 [TCP segment of a reassembled PDU]"
"19676","30.982183653","192.168.1.55","192.168.1.2","TCP","1514","8004  >  35834 [ACK] Seq=124718 Ack=141 Win=65024 Len=1448 TSval=2916035062 TSecr=3045554834 [TCP segment of a reassembled PDU]"
"19677","30.982184801","192.168.1.55","192.168.1.2","TCP","1514","8004  >  35834 [ACK] Seq=126166 Ack=141 Win=65024 Len=1448 TSval=2916035062 TSecr=3045554834 [TCP segment of a reassembled PDU]"
"19678","30.982185949","192.168.1.55","192.168.1.2","TCP","1514","8004  >  35834 [ACK] Seq=127614 Ack=141 Win=65024 Len=1448 TSval=2916035062 TSecr=3045554834 [TCP segment of a reassembled PDU]"
"19679","30.982187153","192.168.1.55","192.168.1.2","TCP","1514","8004  >  35834 [ACK] Seq=129062 Ack=141 Win=65024 Len=1448 TSval=2916035062 TSecr=3045554834 [TCP segment of a reassembled PDU]"
"19680","30.982191301","192.168.1.55","192.168.1.2","TCP","442","[TCP Window Full] 8004  >  35834 [PSH, ACK] Seq=130510 Ack=141 Win=65024 Len=376 TSval=2916035062 TSecr=3045554834 [TCP segment of a reassembled PDU]"
"19681","30.982221042","192.168.1.2","192.168.1.55","TCP","66","35834  >  8004 [ACK] Seq=141 Ack=76934 Win=58368 Len=0 TSval=3045554835 TSecr=2916035058"
"19682","30.982235653","192.168.1.55","192.168.1.2","TCP","1514","8004  >  35834 [ACK] Seq=130886 Ack=141 Win=65024 Len=1448 TSval=2916035062 TSecr=3045554835 [TCP segment of a reassembled PDU]"
"19683","30.982237505","192.168.1.55","192.168.1.2","TCP","1514","8004  >  35834 [ACK] Seq=132334 Ack=141 Win=65024 Len=1448 TSval=2916035062 TSecr=3045554835 [TCP segment of a reassembled PDU]"
"19684","30.982238912","192.168.1.55","192.168.1.2","TCP","1514","8004  >  35834 [PSH, ACK] Seq=133782 Ack=141 Win=65024 Len=1448 TSval=2916035062 TSecr=3045554835 [TCP segment of a reassembled PDU]"
"19685","30.985339417","192.168.1.2","192.168.1.55","TCP","66","35834  >  8004 [ACK] Seq=141 Ack=100102 Win=50176 Len=0 TSval=3045554838 TSecr=2916035060"
"19686","30.985362639","192.168.1.55","192.168.1.2","TCP","1514","8004  >  35834 [ACK] Seq=135230 Ack=141 Win=65024 Len=1448 TSval=2916035066 TSecr=3045554838 [TCP segment of a reassembled PDU]"
"19687","30.985365695","192.168.1.55","192.168.1.2","TCP","1514","8004  >  35834 [ACK] Seq=136678 Ack=141 Win=65024 Len=1448 TSval=2916035066 TSecr=3045554838 [TCP segment of a reassembled PDU]"
"19688","30.985367047","192.168.1.55","192.168.1.2","TCP","1514","8004  >  35834 [ACK] Seq=138126 Ack=141 Win=65024 Len=1448 TSval=2916035066 TSecr=3045554838 [TCP segment of a reassembled PDU]"
"19689","30.985368343","192.168.1.55","192.168.1.2","TCP","1514","8004  >  35834 [ACK] Seq=139574 Ack=141 Win=65024 Len=1448 TSval=2916035066 TSecr=3045554838 [TCP segment of a reassembled PDU]"
"19690","30.985369714","192.168.1.55","192.168.1.2","TCP","1514","8004  >  35834 [PSH, ACK] Seq=141022 Ack=141 Win=65024 Len=1448 TSval=2916035066 TSecr=3045554838 [TCP segment of a reassembled PDU]"
"19691","30.985375880","192.168.1.55","192.168.1.2","TCP","1138","8004  >  35834 [ACK] Seq=142470 Ack=141 Win=65024 Len=1072 TSval=2916035066 TSecr=3045554838 [TCP segment of a reassembled PDU]"
"19692","30.987355754","192.168.1.2","192.168.1.55","TCP","66","35834  >  8004 [ACK] Seq=141 Ack=110238 Win=60416 Len=0 TSval=3045554841 TSecr=2916035060"
"19693","30.987381809","192.168.1.55","192.168.1.2","TCP","1514","8004  >  35834 [ACK] Seq=143542 Ack=141 Win=65024 Len=1448 TSval=2916035068 TSecr=3045554841 [TCP segment of a reassembled PDU]"
"19694","30.987384272","192.168.1.55","192.168.1.2","TCP","1514","8004  >  35834 [ACK] Seq=144990 Ack=141 Win=65024 Len=1448 TSval=2916035068 TSecr=3045554841 [TCP segment of a reassembled PDU]"
"19695","30.987385606","192.168.1.55","192.168.1.2","TCP","1514","8004  >  35834 [ACK] Seq=146438 Ack=141 Win=65024 Len=1448 TSval=2916035068 TSecr=3045554841 [TCP segment of a reassembled PDU]"
"19696","30.987386920","192.168.1.55","192.168.1.2","TCP","1514","8004  >  35834 [ACK] Seq=147886 Ack=141 Win=65024 Len=1448 TSval=2916035068 TSecr=3045554841 [TCP segment of a reassembled PDU]"
"19697","30.987388291","192.168.1.55","192.168.1.2","TCP","1514","8004  >  35834 [ACK] Seq=149334 Ack=141 Win=65024 Len=1448 TSval=2916035068 TSecr=3045554841 [TCP segment of a reassembled PDU]"
"19698","30.987389587","192.168.1.55","192.168.1.2","TCP","1514","8004  >  35834 [ACK] Seq=150782 Ack=141 Win=65024 Len=1448 TSval=2916035068 TSecr=3045554841 [TCP segment of a reassembled PDU]"
"19699","30.987390957","192.168.1.55","192.168.1.2","TCP","1514","8004  >  35834 [ACK] Seq=152230 Ack=141 Win=65024 Len=1448 TSval=2916035068 TSecr=3045554841 [TCP segment of a reassembled PDU]"
"19700","30.987392254","192.168.1.55","192.168.1.2","TCP","1514","8004  >  35834 [ACK] Seq=153678 Ack=141 Win=65024 Len=1448 TSval=2916035068 TSecr=3045554841 [TCP segment of a reassembled PDU]"
"19701","30.987393569","192.168.1.55","192.168.1.2","TCP","1514","8004  >  35834 [ACK] Seq=155126 Ack=141 Win=65024 Len=1448 TSval=2916035068 TSecr=3045554841 [TCP segment of a reassembled PDU]"
"19702","30.987394754","192.168.1.55","192.168.1.2","TCP","1514","8004  >  35834 [ACK] Seq=156574 Ack=141 Win=65024 Len=1448 TSval=2916035068 TSecr=3045554841 [TCP segment of a reassembled PDU]"
"19703","30.987396217","192.168.1.55","192.168.1.2","TCP","1514","8004  >  35834 [ACK] Seq=158022 Ack=141 Win=65024 Len=1448 TSval=2916035068 TSecr=3045554841 [TCP segment of a reassembled PDU]"
"19704","30.987397532","192.168.1.55","192.168.1.2","TCP","1514","8004  >  35834 [ACK] Seq=159470 Ack=141 Win=65024 Len=1448 TSval=2916035068 TSecr=3045554841 [TCP segment of a reassembled PDU]"
"19705","30.987398846","192.168.1.55","192.168.1.2","TCP","1514","8004  >  35834 [ACK] Seq=160918 Ack=141 Win=65024 Len=1448 TSval=2916035068 TSecr=3045554841 [TCP segment of a reassembled PDU]"
"19706","30.987400143","192.168.1.55","192.168.1.2","TCP","1514","8004  >  35834 [ACK] Seq=162366 Ack=141 Win=65024 Len=1448 TSval=2916035068 TSecr=3045554841 [TCP segment of a reassembled PDU]"
"19707","30.987401495","192.168.1.55","192.168.1.2","TCP","1514","8004  >  35834 [ACK] Seq=163814 Ack=141 Win=65024 Len=1448 TSval=2916035068 TSecr=3045554841 [TCP segment of a reassembled PDU]"
"19708","30.987402791","192.168.1.55","192.168.1.2","TCP","1514","8004  >  35834 [ACK] Seq=165262 Ack=141 Win=65024 Len=1448 TSval=2916035068 TSecr=3045554841 [TCP segment of a reassembled PDU]"
"19709","30.987404383","192.168.1.55","192.168.1.2","TCP","1514","8004  >  35834 [ACK] Seq=166710 Ack=141 Win=65024 Len=1448 TSval=2916035068 TSecr=3045554841 [TCP segment of a reassembled PDU]"
"19710","30.987405791","192.168.1.55","192.168.1.2","TCP","1514","8004  >  35834 [PSH, ACK] Seq=168158 Ack=141 Win=65024 Len=1448 TSval=2916035068 TSecr=3045554841 [TCP segment of a reassembled PDU]"
"19711","30.987484198","192.168.1.2","192.168.1.55","TCP","66","35834  >  8004 [ACK] Seq=141 Ack=121822 Win=53248 Len=0 TSval=3045554841 TSecr=2916035062"
"19712","30.987490884","192.168.1.2","192.168.1.55","TCP","66","35834  >  8004 [ACK] Seq=141 Ack=132334 Win=44032 Len=0 TSval=3045554841 TSecr=2916035062"
"19713","30.989385905","192.168.1.2","192.168.1.55","TCP","66","35834  >  8004 [ACK] Seq=141 Ack=135230 Win=66560 Len=0 TSval=3045554842 TSecr=2916035062"
"19714","30.989398572","192.168.1.55","192.168.1.2","TCP","1514","8004  >  35834 [ACK] Seq=169606 Ack=141 Win=65024 Len=1448 TSval=2916035070 TSecr=3045554842 [TCP segment of a reassembled PDU]"
"19715","30.989400794","192.168.1.55","192.168.1.2","TCP","1514","8004  >  35834 [ACK] Seq=171054 Ack=141 Win=65024 Len=1448 TSval=2916035070 TSecr=3045554842 [TCP segment of a reassembled PDU]"
"19716","30.989402127","192.168.1.55","192.168.1.2","TCP","1514","8004  >  35834 [ACK] Seq=172502 Ack=141 Win=65024 Len=1448 TSval=2916035070 TSecr=3045554842 [TCP segment of a reassembled PDU]"
"19717","30.989403331","192.168.1.55","192.168.1.2","TCP","1514","8004  >  35834 [ACK] Seq=173950 Ack=141 Win=65024 Len=1448 TSval=2916035070 TSecr=3045554842 [TCP segment of a reassembled PDU]"
"19718","30.989404646","192.168.1.55","192.168.1.2","TCP","1514","8004  >  35834 [PSH, ACK] Seq=175398 Ack=141 Win=65024 Len=1448 TSval=2916035070 TSecr=3045554842 [TCP segment of a reassembled PDU]"
"19719","30.989423238","192.168.1.55","192.168.1.2","TCP","1514","8004  >  35834 [ACK] Seq=176846 Ack=141 Win=65024 Len=1448 TSval=2916035070 TSecr=3045554842 [TCP segment of a reassembled PDU]"
"19720","30.989424905","192.168.1.55","192.168.1.2","TCP","1514","8004  >  35834 [ACK] Seq=178294 Ack=141 Win=65024 Len=1448 TSval=2916035070 TSecr=3045554842 [TCP segment of a reassembled PDU]"
"19721","30.989426220","192.168.1.55","192.168.1.2","TCP","1514","8004  >  35834 [ACK] Seq=179742 Ack=141 Win=65024 Len=1448 TSval=2916035070 TSecr=3045554842 [TCP segment of a reassembled PDU]"
"19722","30.989427535","192.168.1.55","192.168.1.2","TCP","1514","8004  >  35834 [ACK] Seq=181190 Ack=141 Win=65024 Len=1448 TSval=2916035070 TSecr=3045554842 [TCP segment of a reassembled PDU]"
"19723","30.989428868","192.168.1.55","192.168.1.2","TCP","1514","8004  >  35834 [ACK] Seq=182638 Ack=141 Win=65024 Len=1448 TSval=2916035070 TSecr=3045554842 [TCP segment of a reassembled PDU]"
"19724","30.989430090","192.168.1.55","192.168.1.2","TCP","1514","8004  >  35834 [ACK] Seq=184086 Ack=141 Win=65024 Len=1448 TSval=2916035070 TSecr=3045554842 [TCP segment of a reassembled PDU]"
"19725","30.989431313","192.168.1.55","192.168.1.2","TCP","1514","8004  >  35834 [ACK] Seq=185534 Ack=141 Win=65024 Len=1448 TSval=2916035070 TSecr=3045554842 [TCP segment of a reassembled PDU]"
"19726","30.989432646","192.168.1.55","192.168.1.2","TCP","1514","8004  >  35834 [ACK] Seq=186982 Ack=141 Win=65024 Len=1448 TSval=2916035070 TSecr=3045554842 [TCP segment of a reassembled PDU]"
"19727","30.989433868","192.168.1.55","192.168.1.2","TCP","1514","8004  >  35834 [ACK] Seq=188430 Ack=141 Win=65024 Len=1448 TSval=2916035070 TSecr=3045554842 [TCP segment of a reassembled PDU]"
"19728","30.989435313","192.168.1.55","192.168.1.2","TCP","1514","8004  >  35834 [ACK] Seq=189878 Ack=141 Win=65024 Len=1448 TSval=2916035070 TSecr=3045554842 [TCP segment of a reassembled PDU]"
"19729","30.989436627","192.168.1.55","192.168.1.2","TCP","1514","8004  >  35834 [ACK] Seq=191326 Ack=141 Win=65024 Len=1448 TSval=2916035070 TSecr=3045554842 [TCP segment of a reassembled PDU]"
"19730","30.989437868","192.168.1.55","192.168.1.2","TCP","1514","8004  >  35834 [ACK] Seq=192774 Ack=141 Win=65024 Len=1448 TSval=2916035070 TSecr=3045554842 [TCP segment of a reassembled PDU]"
"19731","30.989439201","192.168.1.55","192.168.1.2","TCP","1514","8004  >  35834 [ACK] Seq=194222 Ack=141 Win=65024 Len=1448 TSval=2916035070 TSecr=3045554842 [TCP segment of a reassembled PDU]"
"19732","30.989440424","192.168.1.55","192.168.1.2","TCP","1514","8004  >  35834 [ACK] Seq=195670 Ack=141 Win=65024 Len=1448 TSval=2916035070 TSecr=3045554842 [TCP segment of a reassembled PDU]"
"19733","30.989441757","192.168.1.55","192.168.1.2","TCP","1514","8004  >  35834 [ACK] Seq=197118 Ack=141 Win=65024 Len=1448 TSval=2916035070 TSecr=3045554842 [TCP segment of a reassembled PDU]"
"19734","30.989442961","192.168.1.55","192.168.1.2","TCP","1514","8004  >  35834 [ACK] Seq=198566 Ack=141 Win=65024 Len=1448 TSval=2916035070 TSecr=3045554842 [TCP segment of a reassembled PDU]"
"19735","30.989444183","192.168.1.55","192.168.1.2","TCP","1514","8004  >  35834 [PSH, ACK] Seq=200014 Ack=141 Win=65024 Len=1448 TSval=2916035070 TSecr=3045554842 [TCP segment of a reassembled PDU]"
"19736","30.989472442","192.168.1.2","192.168.1.55","TCP","66","35834  >  8004 [ACK] Seq=141 Ack=138126 Win=70656 Len=0 TSval=3045554843 TSecr=2916035066"
"19737","30.992389595","192.168.1.2","192.168.1.55","TCP","66","35834  >  8004 [ACK] Seq=141 Ack=142470 Win=78848 Len=0 TSval=3045554844 TSecr=2916035066"
"19738","30.992401225","192.168.1.55","192.168.1.2","TCP","1514","8004  >  35834 [ACK] Seq=201462 Ack=141 Win=65024 Len=1448 TSval=2916035073 TSecr=3045554844 [TCP segment of a reassembled PDU]"
"19739","30.992403725","192.168.1.55","192.168.1.2","TCP","1514","8004  >  35834 [ACK] Seq=202910 Ack=141 Win=65024 Len=1448 TSval=2916035073 TSecr=3045554844 [TCP segment of a reassembled PDU]"
"19740","30.992405039","192.168.1.55","192.168.1.2","TCP","1514","8004  >  35834 [ACK] Seq=204358 Ack=141 Win=65024 Len=1448 TSval=2916035073 TSecr=3045554844 [TCP segment of a reassembled PDU]"
"19741","30.992406225","192.168.1.55","192.168.1.2","TCP","1514","8004  >  35834 [ACK] Seq=205806 Ack=141 Win=65024 Len=1448 TSval=2916035073 TSecr=3045554844 [TCP segment of a reassembled PDU]"
"19742","30.992407447","192.168.1.55","192.168.1.2","TCP","1514","8004  >  35834 [ACK] Seq=207254 Ack=141 Win=65024 Len=1448 TSval=2916035073 TSecr=3045554844 [TCP segment of a reassembled PDU]"
"19743","30.992408725","192.168.1.55","192.168.1.2","TCP","1514","8004  >  35834 [PSH, ACK] Seq=208702 Ack=141 Win=65024 Len=1448 TSval=2916035073 TSecr=3045554844 [TCP segment of a reassembled PDU]"
"19744","30.992723744","192.168.1.2","192.168.1.55","TCP","66","35834  >  8004 [ACK] Seq=141 Ack=143542 Win=81920 Len=0 TSval=3045554844 TSecr=2916035066"
"19745","30.993120541","192.168.1.2","192.168.1.55","TCP","66","35834  >  8004 [ACK] Seq=141 Ack=169606 Win=84992 Len=0 TSval=3045554846 TSecr=2916035068"
"19746","30.993145763","192.168.1.55","192.168.1.2","TCP","1514","8004  >  35834 [ACK] Seq=210150 Ack=141 Win=65024 Len=1448 TSval=2916035073 TSecr=3045554846 [TCP segment of a reassembled PDU]"
"19747","30.993148096","192.168.1.55","192.168.1.2","TCP","1514","8004  >  35834 [ACK] Seq=211598 Ack=141 Win=65024 Len=1448 TSval=2916035073 TSecr=3045554846 [TCP segment of a reassembled PDU]"
"19748","30.993149504","192.168.1.55","192.168.1.2","TCP","1514","8004  >  35834 [ACK] Seq=213046 Ack=141 Win=65024 Len=1448 TSval=2916035073 TSecr=3045554846 [TCP segment of a reassembled PDU]"
"19749","30.993150818","192.168.1.55","192.168.1.2","TCP","1514","8004  >  35834 [ACK] Seq=214494 Ack=141 Win=65024 Len=1448 TSval=2916035073 TSecr=3045554846 [TCP segment of a reassembled PDU]"
"19750","30.993152559","192.168.1.55","192.168.1.2","TCP","1514","8004  >  35834 [ACK] Seq=215942 Ack=141 Win=65024 Len=1448 TSval=2916035073 TSecr=3045554846 [TCP segment of a reassembled PDU]"
"19751","30.993153837","192.168.1.55","192.168.1.2","TCP","1514","8004  >  35834 [ACK] Seq=217390 Ack=141 Win=65024 Len=1448 TSval=2916035073 TSecr=3045554846 [TCP segment of a reassembled PDU]"
"19752","30.993155133","192.168.1.55","192.168.1.2","TCP","1514","8004  >  35834 [ACK] Seq=218838 Ack=141 Win=65024 Len=1448 TSval=2916035073 TSecr=3045554846 [TCP segment of a reassembled PDU]"
"19753","30.993156355","192.168.1.55","192.168.1.2","TCP","1514","8004  >  35834 [ACK] Seq=220286 Ack=141 Win=65024 Len=1448 TSval=2916035073 TSecr=3045554846 [TCP segment of a reassembled PDU]"
"19754","30.993157763","192.168.1.55","192.168.1.2","TCP","1514","8004  >  35834 [ACK] Seq=221734 Ack=141 Win=65024 Len=1448 TSval=2916035073 TSecr=3045554846 [TCP segment of a reassembled PDU]"
"19755","30.993159078","192.168.1.55","192.168.1.2","TCP","1514","8004  >  35834 [ACK] Seq=223182 Ack=141 Win=65024 Len=1448 TSval=2916035073 TSecr=3045554846 [TCP segment of a reassembled PDU]"
"19756","30.993160281","192.168.1.55","192.168.1.2","TCP","1514","8004  >  35834 [ACK] Seq=224630 Ack=141 Win=65024 Len=1448 TSval=2916035073 TSecr=3045554846 [TCP segment of a reassembled PDU]"
"19757","30.993161633","192.168.1.55","192.168.1.2","TCP","1514","8004  >  35834 [ACK] Seq=226078 Ack=141 Win=65024 Len=1448 TSval=2916035073 TSecr=3045554846 [TCP segment of a reassembled PDU]"
"19758","30.993162948","192.168.1.55","192.168.1.2","TCP","1514","8004  >  35834 [ACK] Seq=227526 Ack=141 Win=65024 Len=1448 TSval=2916035073 TSecr=3045554846 [TCP segment of a reassembled PDU]"
"19759","30.993164152","192.168.1.55","192.168.1.2","TCP","1514","8004  >  35834 [ACK] Seq=228974 Ack=141 Win=65024 Len=1448 TSval=2916035073 TSecr=3045554846 [TCP segment of a reassembled PDU]"
"19760","30.993170244","192.168.1.55","192.168.1.2","TCP","1514","8004  >  35834 [ACK] Seq=230422 Ack=141 Win=65024 Len=1448 TSval=2916035073 TSecr=3045554846 [TCP segment of a reassembled PDU]"
"19761","30.993171707","192.168.1.55","192.168.1.2","TCP","1514","8004  >  35834 [ACK] Seq=231870 Ack=141 Win=65024 Len=1448 TSval=2916035073 TSecr=3045554846 [TCP segment of a reassembled PDU]"
"19762","30.993173004","192.168.1.55","192.168.1.2","TCP","1514","8004  >  35834 [ACK] Seq=233318 Ack=141 Win=65024 Len=1448 TSval=2916035073 TSecr=3045554846 [TCP segment of a reassembled PDU]"
"19763","30.993174226","192.168.1.55","192.168.1.2","TCP","1514","8004  >  35834 [ACK] Seq=234766 Ack=141 Win=65024 Len=1448 TSval=2916035073 TSecr=3045554846 [TCP segment of a reassembled PDU]"
"19764","30.993175430","192.168.1.55","192.168.1.2","TCP","1514","8004  >  35834 [ACK] Seq=236214 Ack=141 Win=65024 Len=1448 TSval=2916035073 TSecr=3045554846 [TCP segment of a reassembled PDU]"
"19765","30.993176633","192.168.1.55","192.168.1.2","TCP","1514","8004  >  35834 [ACK] Seq=237662 Ack=141 Win=65024 Len=1448 TSval=2916035073 TSecr=3045554846 [TCP segment of a reassembled PDU]"
"19766","30.993177892","192.168.1.55","192.168.1.2","TCP","1514","8004  >  35834 [ACK] Seq=239110 Ack=141 Win=65024 Len=1448 TSval=2916035073 TSecr=3045554846 [TCP segment of a reassembled PDU]"
"19767","30.993179300","192.168.1.55","192.168.1.2","TCP","1514","8004  >  35834 [ACK] Seq=240558 Ack=141 Win=65024 Len=1448 TSval=2916035073 TSecr=3045554846 [TCP segment of a reassembled PDU]"
"19768","30.993180670","192.168.1.55","192.168.1.2","TCP","1514","8004  >  35834 [PSH, ACK] Seq=242006 Ack=141 Win=65024 Len=1448 TSval=2916035073 TSecr=3045554846 [TCP segment of a reassembled PDU]"
"19769","30.995094340","192.168.1.2","192.168.1.55","TCP","66","35834  >  8004 [ACK] Seq=141 Ack=176846 Win=97280 Len=0 TSval=3045554848 TSecr=2916035070"
"19770","30.995138655","192.168.1.55","192.168.1.2","TCP","1514","8004  >  35834 [ACK] Seq=243454 Ack=141 Win=65024 Len=1448 TSval=2916035075 TSecr=3045554848 [TCP segment of a reassembled PDU]"
"19771","30.995141599","192.168.1.55","192.168.1.2","TCP","1514","8004  >  35834 [ACK] Seq=244902 Ack=141 Win=65024 Len=1448 TSval=2916035075 TSecr=3045554848 [TCP segment of a reassembled PDU]"
"19772","30.995143062","192.168.1.55","192.168.1.2","TCP","1514","8004  >  35834 [ACK] Seq=246350 Ack=141 Win=65024 Len=1448 TSval=2916035075 TSecr=3045554848 [TCP segment of a reassembled PDU]"
"19773","30.995144581","192.168.1.55","192.168.1.2","TCP","1514","8004  >  35834 [ACK] Seq=247798 Ack=141 Win=65024 Len=1448 TSval=2916035075 TSecr=3045554848 [TCP segment of a reassembled PDU]"
"19774","30.995145951","192.168.1.55","192.168.1.2","TCP","1514","8004  >  35834 [ACK] Seq=249246 Ack=141 Win=65024 Len=1448 TSval=2916035075 TSecr=3045554848 [TCP segment of a reassembled PDU]"
"19775","30.995147173","192.168.1.55","192.168.1.2","TCP","1514","8004  >  35834 [ACK] Seq=250694 Ack=141 Win=65024 Len=1448 TSval=2916035075 TSecr=3045554848 [TCP segment of a reassembled PDU]"
"19776","30.995148488","192.168.1.55","192.168.1.2","TCP","1514","8004  >  35834 [ACK] Seq=252142 Ack=141 Win=65024 Len=1448 TSval=2916035075 TSecr=3045554848 [TCP segment of a reassembled PDU]"
"19777","30.995149710","192.168.1.55","192.168.1.2","TCP","1514","8004  >  35834 [ACK] Seq=253590 Ack=141 Win=65024 Len=1448 TSval=2916035075 TSecr=3045554848 [TCP segment of a reassembled PDU]"
"19778","30.995151099","192.168.1.55","192.168.1.2","TCP","1514","8004  >  35834 [ACK] Seq=255038 Ack=141 Win=65024 Len=1448 TSval=2916035075 TSecr=3045554848 [TCP segment of a reassembled PDU]"
"19779","30.995152377","192.168.1.55","192.168.1.2","TCP","1514","8004  >  35834 [ACK] Seq=256486 Ack=141 Win=65024 Len=1448 TSval=2916035075 TSecr=3045554848 [TCP segment of a reassembled PDU]"
"19780","30.995153673","192.168.1.55","192.168.1.2","TCP","1514","8004  >  35834 [ACK] Seq=257934 Ack=141 Win=65024 Len=1448 TSval=2916035075 TSecr=3045554848 [TCP segment of a reassembled PDU]"
"19781","30.995155099","192.168.1.55","192.168.1.2","TCP","1514","8004  >  35834 [ACK] Seq=259382 Ack=141 Win=65024 Len=1448 TSval=2916035075 TSecr=3045554848 [TCP segment of a reassembled PDU]"
"19782","30.995156488","192.168.1.55","192.168.1.2","TCP","1514","8004  >  35834 [ACK] Seq=260830 Ack=141 Win=65024 Len=1448 TSval=2916035075 TSecr=3045554848 [TCP segment of a reassembled PDU]"
"19783","30.995157822","192.168.1.55","192.168.1.2","TCP","1514","8004  >  35834 [ACK] Seq=262278 Ack=141 Win=65024 Len=1448 TSval=2916035075 TSecr=3045554848 [TCP segment of a reassembled PDU]"
"19784","30.995159136","192.168.1.55","192.168.1.2","TCP","1514","8004  >  35834 [ACK] Seq=263726 Ack=141 Win=65024 Len=1448 TSval=2916035075 TSecr=3045554848 [TCP segment of a reassembled PDU]"
"19785","30.995160562","192.168.1.55","192.168.1.2","TCP","1514","8004  >  35834 [ACK] Seq=265174 Ack=141 Win=65024 Len=1448 TSval=2916035075 TSecr=3045554848 [TCP segment of a reassembled PDU]"
"19786","30.995162266","192.168.1.55","192.168.1.2","TCP","1514","8004  >  35834 [ACK] Seq=266622 Ack=141 Win=65024 Len=1448 TSval=2916035075 TSecr=3045554848 [TCP segment of a reassembled PDU]"
"19787","30.995163618","192.168.1.55","192.168.1.2","TCP","1514","8004  >  35834 [ACK] Seq=268070 Ack=141 Win=65024 Len=1448 TSval=2916035075 TSecr=3045554848 [TCP segment of a reassembled PDU]"
"19788","30.995164822","192.168.1.55","192.168.1.2","TCP","1514","8004  >  35834 [ACK] Seq=269518 Ack=141 Win=65024 Len=1448 TSval=2916035075 TSecr=3045554848 [TCP segment of a reassembled PDU]"
"19789","30.995166081","192.168.1.55","192.168.1.2","TCP","1514","8004  >  35834 [ACK] Seq=270966 Ack=141 Win=65024 Len=1448 TSval=2916035075 TSecr=3045554848 [TCP segment of a reassembled PDU]"
"19790","30.995167322","192.168.1.55","192.168.1.2","TCP","1514","8004  >  35834 [ACK] Seq=272414 Ack=141 Win=65024 Len=1448 TSval=2916035075 TSecr=3045554848 [TCP segment of a reassembled PDU]"
"19791","30.995168710","192.168.1.55","192.168.1.2","TCP","330","[TCP Window Full] 8004  >  35834 [PSH, ACK] Seq=273862 Ack=141 Win=65024 Len=264 TSval=2916035075 TSecr=3045554848 [TCP segment of a reassembled PDU]"
"19792","30.995199136","192.168.1.2","192.168.1.55","TCP","66","35834  >  8004 [ACK] Seq=141 Ack=195670 Win=89088 Len=0 TSval=3045554849 TSecr=2916035070"
"19793","30.995209322","192.168.1.55","192.168.1.2","TCP","1514","8004  >  35834 [ACK] Seq=274126 Ack=141 Win=65024 Len=1448 TSval=2916035075 TSecr=3045554849 [TCP segment of a reassembled PDU]"
"19794","30.995214118","192.168.1.55","192.168.1.2","TCP","1250","8004  >  35834 [ACK] Seq=275574 Ack=141 Win=65024 Len=1184 TSval=2916035075 TSecr=3045554849 [TCP segment of a reassembled PDU]"
"19795","30.999246106","192.168.1.2","192.168.1.55","TCP","66","35834  >  8004 [ACK] Seq=141 Ack=201462 Win=96256 Len=0 TSval=3045554850 TSecr=2916035070"
"19796","30.999278717","192.168.1.55","192.168.1.2","TCP","1514","8004  >  35834 [ACK] Seq=276758 Ack=141 Win=65024 Len=1448 TSval=2916035079 TSecr=3045554850 [TCP segment of a reassembled PDU]"
"19797","30.999282272","192.168.1.55","192.168.1.2","TCP","1514","8004  >  35834 [ACK] Seq=278206 Ack=141 Win=65024 Len=1448 TSval=2916035079 TSecr=3045554850 [TCP segment of a reassembled PDU]"
"19798","30.999283569","192.168.1.55","192.168.1.2","TCP","1514","8004  >  35834 [ACK] Seq=279654 Ack=141 Win=65024 Len=1448 TSval=2916035079 TSecr=3045554850 [TCP segment of a reassembled PDU]"
"19799","30.999285013","192.168.1.55","192.168.1.2","TCP","1514","8004  >  35834 [ACK] Seq=281102 Ack=141 Win=65024 Len=1448 TSval=2916035079 TSecr=3045554850 [TCP segment of a reassembled PDU]"
"19800","30.999286384","192.168.1.55","192.168.1.2","TCP","1514","8004  >  35834 [ACK] Seq=282550 Ack=141 Win=65024 Len=1448 TSval=2916035079 TSecr=3045554850 [TCP segment of a reassembled PDU]"
"19801","30.999287939","192.168.1.55","192.168.1.2","TCP","1514","8004  >  35834 [ACK] Seq=283998 Ack=141 Win=65024 Len=1448 TSval=2916035079 TSecr=3045554850 [TCP segment of a reassembled PDU]"
"19802","30.999289272","192.168.1.55","192.168.1.2","TCP","1514","8004  >  35834 [ACK] Seq=285446 Ack=141 Win=65024 Len=1448 TSval=2916035079 TSecr=3045554850 [TCP segment of a reassembled PDU]"
"19803","30.999291032","192.168.1.55","192.168.1.2","TCP","1514","8004  >  35834 [ACK] Seq=286894 Ack=141 Win=65024 Len=1448 TSval=2916035079 TSecr=3045554850 [TCP segment of a reassembled PDU]"
"19804","30.999297032","192.168.1.55","192.168.1.2","TCP","1514","8004  >  35834 [ACK] Seq=288342 Ack=141 Win=65024 Len=1448 TSval=2916035079 TSecr=3045554850 [TCP segment of a reassembled PDU]"
"19805","30.999298328","192.168.1.55","192.168.1.2","TCP","1514","8004  >  35834 [ACK] Seq=289790 Ack=141 Win=65024 Len=1448 TSval=2916035079 TSecr=3045554850 [TCP segment of a reassembled PDU]"
"19806","30.999299921","192.168.1.55","192.168.1.2","TCP","1514","8004  >  35834 [ACK] Seq=291238 Ack=141 Win=65024 Len=1448 TSval=2916035079 TSecr=3045554850 [TCP segment of a reassembled PDU]"
"19807","30.999301217","192.168.1.55","192.168.1.2","TCP","1514","8004  >  35834 [ACK] Seq=292686 Ack=141 Win=65024 Len=1448 TSval=2916035079 TSecr=3045554850 [TCP segment of a reassembled PDU]"
"19808","30.999302550","192.168.1.55","192.168.1.2","TCP","1514","8004  >  35834 [ACK] Seq=294134 Ack=141 Win=65024 Len=1448 TSval=2916035079 TSecr=3045554850 [TCP segment of a reassembled PDU]"
"19809","30.999303902","192.168.1.55","192.168.1.2","TCP","1514","8004  >  35834 [PSH, ACK] Seq=295582 Ack=141 Win=65024 Len=1448 TSval=2916035079 TSecr=3045554850 [TCP segment of a reassembled PDU]"
"19810","30.999337198","192.168.1.2","192.168.1.55","TCP","66","35834  >  8004 [ACK] Seq=141 Ack=210150 Win=97280 Len=0 TSval=3045554851 TSecr=2916035073"
"19811","31.001669221","192.168.1.2","192.168.1.55","TCP","66","35834  >  8004 [ACK] Seq=141 Ack=211598 Win=100352 Len=0 TSval=3045554855 TSecr=2916035073"
"19812","31.001698147","192.168.1.55","192.168.1.2","TCP","1514","8004  >  35834 [ACK] Seq=297030 Ack=141 Win=65024 Len=1448 TSval=2916035082 TSecr=3045554855 [TCP segment of a reassembled PDU]"
"19813","31.001702184","192.168.1.55","192.168.1.2","TCP","1514","8004  >  35834 [ACK] Seq=298478 Ack=141 Win=65024 Len=1448 TSval=2916035082 TSecr=3045554855 [TCP segment of a reassembled PDU]"
"19814","31.001703536","192.168.1.55","192.168.1.2","TCP","1514","8004  >  35834 [ACK] Seq=299926 Ack=141 Win=65024 Len=1448 TSval=2916035082 TSecr=3045554855 [TCP segment of a reassembled PDU]"
"19815","31.001704813","192.168.1.55","192.168.1.2","TCP","1514","8004  >  35834 [ACK] Seq=301374 Ack=141 Win=65024 Len=1448 TSval=2916035082 TSecr=3045554855 [TCP segment of a reassembled PDU]"
"19816","31.001706239","192.168.1.55","192.168.1.2","TCP","1514","8004  >  35834 [ACK] Seq=302822 Ack=141 Win=65024 Len=1448 TSval=2916035082 TSecr=3045554855 [TCP segment of a reassembled PDU]"
"19817","31.001707850","192.168.1.55","192.168.1.2","TCP","1514","8004  >  35834 [ACK] Seq=304270 Ack=141 Win=65024 Len=1448 TSval=2916035082 TSecr=3045554855 [TCP segment of a reassembled PDU]"
"19818","31.001709165","192.168.1.55","192.168.1.2","TCP","1514","8004  >  35834 [ACK] Seq=305718 Ack=141 Win=65024 Len=1448 TSval=2916035082 TSecr=3045554855 [TCP segment of a reassembled PDU]"
"19819","31.001710758","192.168.1.55","192.168.1.2","TCP","1514","8004  >  35834 [ACK] Seq=307166 Ack=141 Win=65024 Len=1448 TSval=2916035082 TSecr=3045554855 [TCP segment of a reassembled PDU]"
"19820","31.001712036","192.168.1.55","192.168.1.2","TCP","1514","8004  >  35834 [PSH, ACK] Seq=308614 Ack=141 Win=65024 Len=1448 TSval=2916035082 TSecr=3045554855 [TCP segment of a reassembled PDU]"
"19821","31.001790221","192.168.1.2","192.168.1.55","TCP","66","35834  >  8004 [ACK] Seq=141 Ack=243454 Win=83968 Len=0 TSval=3045554855 TSecr=2916035073"
"19822","31.001801295","192.168.1.2","192.168.1.55","TCP","66","35834  >  8004 [ACK] Seq=141 Ack=270966 Win=63488 Len=0 TSval=3045554855 TSecr=2916035075"
"19823","31.001826221","192.168.1.55","192.168.1.2","TCP","1514","8004  >  35834 [ACK] Seq=310062 Ack=141 Win=65024 Len=1448 TSval=2916035082 TSecr=3045554855 [TCP segment of a reassembled PDU]"
"19824","31.001828406","192.168.1.55","192.168.1.2","TCP","1514","8004  >  35834 [ACK] Seq=311510 Ack=141 Win=65024 Len=1448 TSval=2916035082 TSecr=3045554855 [TCP segment of a reassembled PDU]"
"19825","31.001829776","192.168.1.55","192.168.1.2","TCP","1514","8004  >  35834 [ACK] Seq=312958 Ack=141 Win=65024 Len=1448 TSval=2916035082 TSecr=3045554855 [TCP segment of a reassembled PDU]"
"19826","31.001831128","192.168.1.55","192.168.1.2","TCP","1514","8004  >  35834 [ACK] Seq=314406 Ack=141 Win=65024 Len=1448 TSval=2916035082 TSecr=3045554855 [TCP segment of a reassembled PDU]"
"19827","31.001832462","192.168.1.55","192.168.1.2","TCP","1514","8004  >  35834 [ACK] Seq=315854 Ack=141 Win=65024 Len=1448 TSval=2916035082 TSecr=3045554855 [TCP segment of a reassembled PDU]"
"19828","31.001833943","192.168.1.55","192.168.1.2","TCP","1514","8004  >  35834 [ACK] Seq=317302 Ack=141 Win=65024 Len=1448 TSval=2916035082 TSecr=3045554855 [TCP segment of a reassembled PDU]"
"19829","31.001835295","192.168.1.55","192.168.1.2","TCP","1514","8004  >  35834 [ACK] Seq=318750 Ack=141 Win=65024 Len=1448 TSval=2916035082 TSecr=3045554855 [TCP segment of a reassembled PDU]"
"19830","31.001836591","192.168.1.55","192.168.1.2","TCP","1514","8004  >  35834 [ACK] Seq=320198 Ack=141 Win=65024 Len=1448 TSval=2916035082 TSecr=3045554855 [TCP segment of a reassembled PDU]"
"19831","31.001837943","192.168.1.55","192.168.1.2","TCP","1514","8004  >  35834 [ACK] Seq=321646 Ack=141 Win=65024 Len=1448 TSval=2916035082 TSecr=3045554855 [TCP segment of a reassembled PDU]"
"19832","31.001839221","192.168.1.55","192.168.1.2","TCP","1514","8004  >  35834 [ACK] Seq=323094 Ack=141 Win=65024 Len=1448 TSval=2916035082 TSecr=3045554855 [TCP segment of a reassembled PDU]"
"19833","31.001840795","192.168.1.55","192.168.1.2","TCP","1514","8004  >  35834 [ACK] Seq=324542 Ack=141 Win=65024 Len=1448 TSval=2916035082 TSecr=3045554855 [TCP segment of a reassembled PDU]"
"19834","31.001842054","192.168.1.55","192.168.1.2","TCP","1514","8004  >  35834 [ACK] Seq=325990 Ack=141 Win=65024 Len=1448 TSval=2916035082 TSecr=3045554855 [TCP segment of a reassembled PDU]"
"19835","31.001843425","192.168.1.55","192.168.1.2","TCP","1514","8004  >  35834 [ACK] Seq=327438 Ack=141 Win=65024 Len=1448 TSval=2916035082 TSecr=3045554855 [TCP segment of a reassembled PDU]"
"19836","31.001844906","192.168.1.55","192.168.1.2","TCP","1514","8004  >  35834 [ACK] Seq=328886 Ack=141 Win=65024 Len=1448 TSval=2916035082 TSecr=3045554855 [TCP segment of a reassembled PDU]"
"19837","31.001846165","192.168.1.55","192.168.1.2","TCP","1514","8004  >  35834 [ACK] Seq=330334 Ack=141 Win=65024 Len=1448 TSval=2916035082 TSecr=3045554855 [TCP segment of a reassembled PDU]"
"19838","31.001847610","192.168.1.55","192.168.1.2","TCP","1514","8004  >  35834 [PSH, ACK] Seq=331782 Ack=141 Win=65024 Len=1448 TSval=2916035082 TSecr=3045554855 [TCP segment of a reassembled PDU]"
"19839","31.002827241","192.168.1.2","192.168.1.55","TCP","66","35834  >  8004 [ACK] Seq=141 Ack=274126 Win=103424 Len=0 TSval=3045554857 TSecr=2916035075"
"19840","31.002844982","192.168.1.55","192.168.1.2","TCP","1514","8004  >  35834 [ACK] Seq=333230 Ack=141 Win=65024 Len=1448 TSval=2916035083 TSecr=3045554857 [TCP segment of a reassembled PDU]"
"19841","31.002847241","192.168.1.55","192.168.1.2","TCP","1514","8004  >  35834 [ACK] Seq=334678 Ack=141 Win=65024 Len=1448 TSval=2916035083 TSecr=3045554857 [TCP segment of a reassembled PDU]"
"19842","31.002848611","192.168.1.55","192.168.1.2","TCP","1514","8004  >  35834 [ACK] Seq=336126 Ack=141 Win=65024 Len=1448 TSval=2916035083 TSecr=3045554857 [TCP segment of a reassembled PDU]"
"19843","31.002849945","192.168.1.55","192.168.1.2","TCP","1514","8004  >  35834 [ACK] Seq=337574 Ack=141 Win=65024 Len=1448 TSval=2916035083 TSecr=3045554857 [TCP segment of a reassembled PDU]"
"19844","31.002851297","192.168.1.55","192.168.1.2","TCP","1514","8004  >  35834 [ACK] Seq=339022 Ack=141 Win=65024 Len=1448 TSval=2916035083 TSecr=3045554857 [TCP segment of a reassembled PDU]"
"19845","31.002852574","192.168.1.55","192.168.1.2","TCP","1514","8004  >  35834 [ACK] Seq=340470 Ack=141 Win=65024 Len=1448 TSval=2916035083 TSecr=3045554857 [TCP segment of a reassembled PDU]"
"19846","31.002853945","192.168.1.55","192.168.1.2","TCP","1514","8004  >  35834 [PSH, ACK] Seq=341918 Ack=141 Win=65024 Len=1448 TSval=2916035083 TSecr=3045554857 [TCP segment of a reassembled PDU]"
"19847","31.002885834","192.168.1.55","192.168.1.2","TCP","1514","8004  >  35834 [ACK] Seq=343366 Ack=141 Win=65024 Len=1448 TSval=2916035083 TSecr=3045554857 [TCP segment of a reassembled PDU]"
"19848","31.002887500","192.168.1.55","192.168.1.2","TCP","1514","8004  >  35834 [ACK] Seq=344814 Ack=141 Win=65024 Len=1448 TSval=2916035083 TSecr=3045554857 [TCP segment of a reassembled PDU]"
"19849","31.002888963","192.168.1.55","192.168.1.2","TCP","1514","8004  >  35834 [ACK] Seq=346262 Ack=141 Win=65024 Len=1448 TSval=2916035083 TSecr=3045554857 [TCP segment of a reassembled PDU]"
"19850","31.002890889","192.168.1.55","192.168.1.2","TCP","1514","8004  >  35834 [ACK] Seq=347710 Ack=141 Win=65024 Len=1448 TSval=2916035083 TSecr=3045554857 [TCP segment of a reassembled PDU]"
"19851","31.002892389","192.168.1.55","192.168.1.2","TCP","1514","8004  >  35834 [ACK] Seq=349158 Ack=141 Win=65024 Len=1448 TSval=2916035083 TSecr=3045554857 [TCP segment of a reassembled PDU]"
"19852","31.002893815","192.168.1.55","192.168.1.2","TCP","1514","8004  >  35834 [ACK] Seq=350606 Ack=141 Win=65024 Len=1448 TSval=2916035083 TSecr=3045554857 [TCP segment of a reassembled PDU]"
"19853","31.002895408","192.168.1.55","192.168.1.2","TCP","1514","8004  >  35834 [ACK] Seq=352054 Ack=141 Win=65024 Len=1448 TSval=2916035083 TSecr=3045554857 [TCP segment of a reassembled PDU]"
"19854","31.002896778","192.168.1.55","192.168.1.2","TCP","1514","8004  >  35834 [ACK] Seq=353502 Ack=141 Win=65024 Len=1448 TSval=2916035083 TSecr=3045554857 [TCP segment of a reassembled PDU]"
"19855","31.002898130","192.168.1.55","192.168.1.2","TCP","1514","8004  >  35834 [ACK] Seq=354950 Ack=141 Win=65024 Len=1448 TSval=2916035083 TSecr=3045554857 [TCP segment of a reassembled PDU]"
"19856","31.002899574","192.168.1.55","192.168.1.2","TCP","1514","8004  >  35834 [ACK] Seq=356398 Ack=141 Win=65024 Len=1448 TSval=2916035083 TSecr=3045554857 [TCP segment of a reassembled PDU]"
"19857","31.002901037","192.168.1.55","192.168.1.2","TCP","1514","8004  >  35834 [ACK] Seq=357846 Ack=141 Win=65024 Len=1448 TSval=2916035083 TSecr=3045554857 [TCP segment of a reassembled PDU]"
"19858","31.002902463","192.168.1.55","192.168.1.2","TCP","1514","8004  >  35834 [ACK] Seq=359294 Ack=141 Win=65024 Len=1448 TSval=2916035083 TSecr=3045554857 [TCP segment of a reassembled PDU]"
"19859","31.002903889","192.168.1.55","192.168.1.2","TCP","1514","8004  >  35834 [ACK] Seq=360742 Ack=141 Win=65024 Len=1448 TSval=2916035083 TSecr=3045554857 [TCP segment of a reassembled PDU]"
"19860","31.002905852","192.168.1.55","192.168.1.2","TCP","1514","8004  >  35834 [ACK] Seq=362190 Ack=141 Win=65024 Len=1448 TSval=2916035083 TSecr=3045554857 [TCP segment of a reassembled PDU]"
"19861","31.002907186","192.168.1.55","192.168.1.2","TCP","1514","8004  >  35834 [ACK] Seq=363638 Ack=141 Win=65024 Len=1448 TSval=2916035083 TSecr=3045554857 [TCP segment of a reassembled PDU]"
"19862","31.002908686","192.168.1.55","192.168.1.2","TCP","1514","8004  >  35834 [ACK] Seq=365086 Ack=141 Win=65024 Len=1448 TSval=2916035083 TSecr=3045554857 [TCP segment of a reassembled PDU]"
"19863","31.002910019","192.168.1.55","192.168.1.2","TCP","1514","8004  >  35834 [ACK] Seq=366534 Ack=141 Win=65024 Len=1448 TSval=2916035083 TSecr=3045554857 [TCP segment of a reassembled PDU]"
"19864","31.002911500","192.168.1.55","192.168.1.2","TCP","1514","8004  >  35834 [ACK] Seq=367982 Ack=141 Win=65024 Len=1448 TSval=2916035083 TSecr=3045554857 [TCP segment of a reassembled PDU]"
"19865","31.002913019","192.168.1.55","192.168.1.2","TCP","1514","8004  >  35834 [ACK] Seq=369430 Ack=141 Win=65024 Len=1448 TSval=2916035083 TSecr=3045554857 [TCP segment of a reassembled PDU]"
"19866","31.002914408","192.168.1.55","192.168.1.2","TCP","1514","8004  >  35834 [ACK] Seq=370878 Ack=141 Win=65024 Len=1448 TSval=2916035083 TSecr=3045554857 [TCP segment of a reassembled PDU]"
"19867","31.002915834","192.168.1.55","192.168.1.2","TCP","1514","8004  >  35834 [ACK] Seq=372326 Ack=141 Win=65024 Len=1448 TSval=2916035083 TSecr=3045554857 [TCP segment of a reassembled PDU]"
"19868","31.002917223","192.168.1.55","192.168.1.2","TCP","1514","8004  >  35834 [ACK] Seq=373774 Ack=141 Win=65024 Len=1448 TSval=2916035083 TSecr=3045554857 [TCP segment of a reassembled PDU]"
"19869","31.002918649","192.168.1.55","192.168.1.2","TCP","1514","8004  >  35834 [PSH, ACK] Seq=375222 Ack=141 Win=65024 Len=1448 TSval=2916035083 TSecr=3045554857 [TCP segment of a reassembled PDU]"
"19870","31.002950538","192.168.1.2","192.168.1.55","TCP","66","35834  >  8004 [ACK] Seq=141 Ack=288342 Win=113664 Len=0 TSval=3045554857 TSecr=2916035075"
"19871","31.004105336","192.168.1.2","192.168.1.55","TCP","66","35834  >  8004 [ACK] Seq=141 Ack=297030 Win=128000 Len=0 TSval=3045554858 TSecr=2916035079"
"19872","31.004137169","192.168.1.55","192.168.1.2","TCP","1514","8004  >  35834 [ACK] Seq=376670 Ack=141 Win=65024 Len=1448 TSval=2916035084 TSecr=3045554858 [TCP segment of a reassembled PDU]"
"19873","31.004139650","192.168.1.55","192.168.1.2","TCP","1514","8004  >  35834 [ACK] Seq=378118 Ack=141 Win=65024 Len=1448 TSval=2916035084 TSecr=3045554858 [TCP segment of a reassembled PDU]"
"19874","31.004141021","192.168.1.55","192.168.1.2","TCP","1514","8004  >  35834 [ACK] Seq=379566 Ack=141 Win=65024 Len=1448 TSval=2916035084 TSecr=3045554858 [TCP segment of a reassembled PDU]"
"19875","31.004142373","192.168.1.55","192.168.1.2","TCP","1514","8004  >  35834 [ACK] Seq=381014 Ack=141 Win=65024 Len=1448 TSval=2916035084 TSecr=3045554858 [TCP segment of a reassembled PDU]"
"19876","31.004143706","192.168.1.55","192.168.1.2","TCP","1514","8004  >  35834 [ACK] Seq=382462 Ack=141 Win=65024 Len=1448 TSval=2916035084 TSecr=3045554858 [TCP segment of a reassembled PDU]"
"19877","31.004145113","192.168.1.55","192.168.1.2","TCP","1514","8004  >  35834 [ACK] Seq=383910 Ack=141 Win=65024 Len=1448 TSval=2916035084 TSecr=3045554858 [TCP segment of a reassembled PDU]"
"19878","31.004146391","192.168.1.55","192.168.1.2","TCP","1514","8004  >  35834 [ACK] Seq=385358 Ack=141 Win=65024 Len=1448 TSval=2916035084 TSecr=3045554858 [TCP segment of a reassembled PDU]"
"19879","31.004147669","192.168.1.55","192.168.1.2","TCP","1514","8004  >  35834 [ACK] Seq=386806 Ack=141 Win=65024 Len=1448 TSval=2916035084 TSecr=3045554858 [TCP segment of a reassembled PDU]"
"19880","31.004148947","192.168.1.55","192.168.1.2","TCP","1514","8004  >  35834 [ACK] Seq=388254 Ack=141 Win=65024 Len=1448 TSval=2916035084 TSecr=3045554858 [TCP segment of a reassembled PDU]"
"19881","31.004150225","192.168.1.55","192.168.1.2","TCP","1514","8004  >  35834 [ACK] Seq=389702 Ack=141 Win=65024 Len=1448 TSval=2916035084 TSecr=3045554858 [TCP segment of a reassembled PDU]"
"19882","31.004151576","192.168.1.55","192.168.1.2","TCP","1514","8004  >  35834 [ACK] Seq=391150 Ack=141 Win=65024 Len=1448 TSval=2916035084 TSecr=3045554858 [TCP segment of a reassembled PDU]"
"19883","31.004153058","192.168.1.55","192.168.1.2","TCP","1514","8004  >  35834 [ACK] Seq=392598 Ack=141 Win=65024 Len=1448 TSval=2916035084 TSecr=3045554858 [TCP segment of a reassembled PDU]"
"19884","31.004154336","192.168.1.55","192.168.1.2","TCP","1514","8004  >  35834 [ACK] Seq=394046 Ack=141 Win=65024 Len=1448 TSval=2916035084 TSecr=3045554858 [TCP segment of a reassembled PDU]"
"19885","31.004155632","192.168.1.55","192.168.1.2","TCP","1514","8004  >  35834 [ACK] Seq=395494 Ack=141 Win=65024 Len=1448 TSval=2916035084 TSecr=3045554858 [TCP segment of a reassembled PDU]"
"19886","31.004157002","192.168.1.55","192.168.1.2","TCP","1514","8004  >  35834 [ACK] Seq=396942 Ack=141 Win=65024 Len=1448 TSval=2916035084 TSecr=3045554858 [TCP segment of a reassembled PDU]"
"19887","31.004158428","192.168.1.55","192.168.1.2","TCP","1514","8004  >  35834 [ACK] Seq=398390 Ack=141 Win=65024 Len=1448 TSval=2916035084 TSecr=3045554858 [TCP segment of a reassembled PDU]"
"19888","31.004159780","192.168.1.55","192.168.1.2","TCP","1514","8004  >  35834 [ACK] Seq=399838 Ack=141 Win=65024 Len=1448 TSval=2916035084 TSecr=3045554858 [TCP segment of a reassembled PDU]"
"19889","31.004161058","192.168.1.55","192.168.1.2","TCP","1514","8004  >  35834 [ACK] Seq=401286 Ack=141 Win=65024 Len=1448 TSval=2916035084 TSecr=3045554858 [TCP segment of a reassembled PDU]"
"19890","31.004162354","192.168.1.55","192.168.1.2","TCP","1514","8004  >  35834 [ACK] Seq=402734 Ack=141 Win=65024 Len=1448 TSval=2916035084 TSecr=3045554858 [TCP segment of a reassembled PDU]"
"19891","31.004163984","192.168.1.55","192.168.1.2","TCP","1514","8004  >  35834 [ACK] Seq=404182 Ack=141 Win=65024 Len=1448 TSval=2916035084 TSecr=3045554858 [TCP segment of a reassembled PDU]"
"19892","31.004165465","192.168.1.55","192.168.1.2","TCP","1514","8004  >  35834 [ACK] Seq=405630 Ack=141 Win=65024 Len=1448 TSval=2916035084 TSecr=3045554858 [TCP segment of a reassembled PDU]"
"19893","31.004166836","192.168.1.55","192.168.1.2","TCP","1514","8004  >  35834 [ACK] Seq=407078 Ack=141 Win=65024 Len=1448 TSval=2916035084 TSecr=3045554858 [TCP segment of a reassembled PDU]"
"19894","31.004168299","192.168.1.55","192.168.1.2","TCP","1514","8004  >  35834 [PSH, ACK] Seq=408526 Ack=141 Win=65024 Len=1448 TSval=2916035084 TSecr=3045554858 [TCP segment of a reassembled PDU]"
"19895","31.004187854","192.168.1.55","192.168.1.2","TCP","1514","8004  >  35834 [ACK] Seq=409974 Ack=141 Win=65024 Len=1448 TSval=2916035084 TSecr=3045554858 [TCP segment of a reassembled PDU]"
"19896","31.004189632","192.168.1.55","192.168.1.2","TCP","1514","8004  >  35834 [ACK] Seq=411422 Ack=141 Win=65024 Len=1448 TSval=2916035084 TSecr=3045554858 [TCP segment of a reassembled PDU]"
"19897","31.004191002","192.168.1.55","192.168.1.2","TCP","1514","8004  >  35834 [ACK] Seq=412870 Ack=141 Win=65024 Len=1448 TSval=2916035084 TSecr=3045554858 [TCP segment of a reassembled PDU]"
"19898","31.004192299","192.168.1.55","192.168.1.2","TCP","1514","8004  >  35834 [ACK] Seq=414318 Ack=141 Win=65024 Len=1448 TSval=2916035084 TSecr=3045554858 [TCP segment of a reassembled PDU]"
"19899","31.004193558","192.168.1.55","192.168.1.2","TCP","1514","8004  >  35834 [ACK] Seq=415766 Ack=141 Win=65024 Len=1448 TSval=2916035084 TSecr=3045554858 [TCP segment of a reassembled PDU]"
"19900","31.004194928","192.168.1.55","192.168.1.2","TCP","1514","8004  >  35834 [ACK] Seq=417214 Ack=141 Win=65024 Len=1448 TSval=2916035084 TSecr=3045554858 [TCP segment of a reassembled PDU]"
"19901","31.004196336","192.168.1.55","192.168.1.2","TCP","1514","8004  >  35834 [ACK] Seq=418662 Ack=141 Win=65024 Len=1448 TSval=2916035084 TSecr=3045554858 [TCP segment of a reassembled PDU]"
"19902","31.004197762","192.168.1.55","192.168.1.2","TCP","1514","8004  >  35834 [ACK] Seq=420110 Ack=141 Win=65024 Len=1448 TSval=2916035084 TSecr=3045554858 [TCP segment of a reassembled PDU]"
"19903","31.004199095","192.168.1.55","192.168.1.2","TCP","1514","8004  >  35834 [ACK] Seq=421558 Ack=141 Win=65024 Len=1448 TSval=2916035084 TSecr=3045554858 [TCP segment of a reassembled PDU]"
"19904","31.004200614","192.168.1.55","192.168.1.2","TCP","1514","8004  >  35834 [ACK] Seq=423006 Ack=141 Win=65024 Len=1448 TSval=2916035084 TSecr=3045554858 [TCP segment of a reassembled PDU]"
"19905","31.004202058","192.168.1.55","192.168.1.2","TCP","642","[TCP Window Full] 8004  >  35834 [PSH, ACK] Seq=424454 Ack=141 Win=65024 Len=576 TSval=2916035084 TSecr=3045554858 [TCP segment of a reassembled PDU]"
"19906","31.010709309","192.168.1.2","192.168.1.55","TCP","66","35834  >  8004 [ACK] Seq=141 Ack=310062 Win=125952 Len=0 TSval=3045554864 TSecr=2916035082"
"19907","31.010731624","192.168.1.55","192.168.1.2","TCP","1514","8004  >  35834 [ACK] Seq=425030 Ack=141 Win=65024 Len=1448 TSval=2916035091 TSecr=3045554864 [TCP segment of a reassembled PDU]"
"19908","31.010734346","192.168.1.55","192.168.1.2","TCP","1514","8004  >  35834 [ACK] Seq=426478 Ack=141 Win=65024 Len=1448 TSval=2916035091 TSecr=3045554864 [TCP segment of a reassembled PDU]"
"19909","31.010735328","192.168.1.55","192.168.1.2","TCP","1514","8004  >  35834 [ACK] Seq=427926 Ack=141 Win=65024 Len=1448 TSval=2916035091 TSecr=3045554864 [TCP segment of a reassembled PDU]"
"19910","31.010736253","192.168.1.55","192.168.1.2","TCP","1514","8004  >  35834 [ACK] Seq=429374 Ack=141 Win=65024 Len=1448 TSval=2916035091 TSecr=3045554864 [TCP segment of a reassembled PDU]"
"19911","31.010737253","192.168.1.55","192.168.1.2","TCP","1514","8004  >  35834 [ACK] Seq=430822 Ack=141 Win=65024 Len=1448 TSval=2916035091 TSecr=3045554864 [TCP segment of a reassembled PDU]"
"19912","31.010738309","192.168.1.55","192.168.1.2","TCP","1514","8004  >  35834 [ACK] Seq=432270 Ack=141 Win=65024 Len=1448 TSval=2916035091 TSecr=3045554864 [TCP segment of a reassembled PDU]"
"19913","31.010739309","192.168.1.55","192.168.1.2","TCP","1514","8004  >  35834 [PSH, ACK] Seq=433718 Ack=141 Win=65024 Len=1448 TSval=2916035091 TSecr=3045554864 [TCP segment of a reassembled PDU]"
"19914","31.011095032","192.168.1.2","192.168.1.55","TCP","66","35834  >  8004 [ACK] Seq=141 Ack=333230 Win=119808 Len=0 TSval=3045554865 TSecr=2916035082"
"19915","31.011104328","192.168.1.55","192.168.1.2","TCP","1514","8004  >  35834 [ACK] Seq=435166 Ack=141 Win=65024 Len=1448 TSval=2916035091 TSecr=3045554865 [TCP segment of a reassembled PDU]"
"19916","31.011105680","192.168.1.55","192.168.1.2","TCP","1514","8004  >  35834 [ACK] Seq=436614 Ack=141 Win=65024 Len=1448 TSval=2916035091 TSecr=3045554865 [TCP segment of a reassembled PDU]"
"19917","31.011106587","192.168.1.55","192.168.1.2","TCP","1514","8004  >  35834 [ACK] Seq=438062 Ack=141 Win=65024 Len=1448 TSval=2916035091 TSecr=3045554865 [TCP segment of a reassembled PDU]"
"19918","31.011107495","192.168.1.55","192.168.1.2","TCP","1514","8004  >  35834 [ACK] Seq=439510 Ack=141 Win=65024 Len=1448 TSval=2916035091 TSecr=3045554865 [TCP segment of a reassembled PDU]"
"19919","31.011108402","192.168.1.55","192.168.1.2","TCP","1514","8004  >  35834 [PSH, ACK] Seq=440958 Ack=141 Win=65024 Len=1448 TSval=2916035091 TSecr=3045554865 [TCP segment of a reassembled PDU]"
"19920","31.011113717","192.168.1.55","192.168.1.2","TCP","938","8004  >  35834 [PSH, ACK] Seq=442406 Ack=141 Win=65024 Len=872 TSval=2916035091 TSecr=3045554865 [TCP segment of a reassembled PDU]"
"19921","31.011116680","192.168.1.2","192.168.1.55","TCP","66","35834  >  8004 [ACK] Seq=141 Ack=343366 Win=129024 Len=0 TSval=3045554865 TSecr=2916035083"
"19922","31.011120736","192.168.1.2","192.168.1.55","TCP","66","35834  >  8004 [ACK] Seq=141 Ack=376670 Win=105472 Len=0 TSval=3045554865 TSecr=2916035083"
"19923","31.011144680","192.168.1.55","192.168.1.2","TCP","1514","8004  >  35834 [ACK] Seq=443278 Ack=141 Win=65024 Len=1448 TSval=2916035091 TSecr=3045554865 [TCP segment of a reassembled PDU]"
"19924","31.011145791","192.168.1.55","192.168.1.2","TCP","1514","8004  >  35834 [ACK] Seq=444726 Ack=141 Win=65024 Len=1448 TSval=2916035091 TSecr=3045554865 [TCP segment of a reassembled PDU]"
"19925","31.011146865","192.168.1.55","192.168.1.2","TCP","1514","8004  >  35834 [ACK] Seq=446174 Ack=141 Win=65024 Len=1448 TSval=2916035091 TSecr=3045554865 [TCP segment of a reassembled PDU]"
"19926","31.011147791","192.168.1.55","192.168.1.2","TCP","1514","8004  >  35834 [ACK] Seq=447622 Ack=141 Win=65024 Len=1448 TSval=2916035091 TSecr=3045554865 [TCP segment of a reassembled PDU]"
"19927","31.011148865","192.168.1.55","192.168.1.2","TCP","1514","8004  >  35834 [ACK] Seq=449070 Ack=141 Win=65024 Len=1448 TSval=2916035091 TSecr=3045554865 [TCP segment of a reassembled PDU]"
"19928","31.011149902","192.168.1.55","192.168.1.2","TCP","1514","8004  >  35834 [ACK] Seq=450518 Ack=141 Win=65024 Len=1448 TSval=2916035091 TSecr=3045554865 [TCP segment of a reassembled PDU]"
"19929","31.011150958","192.168.1.55","192.168.1.2","TCP","1514","8004  >  35834 [ACK] Seq=451966 Ack=141 Win=65024 Len=1448 TSval=2916035091 TSecr=3045554865 [TCP segment of a reassembled PDU]"
"19930","31.011151995","192.168.1.55","192.168.1.2","TCP","1514","8004  >  35834 [ACK] Seq=453414 Ack=141 Win=65024 Len=1448 TSval=2916035091 TSecr=3045554865 [TCP segment of a reassembled PDU]"
"19931","31.011152976","192.168.1.55","192.168.1.2","TCP","1514","8004  >  35834 [ACK] Seq=454862 Ack=141 Win=65024 Len=1448 TSval=2916035091 TSecr=3045554865 [TCP segment of a reassembled PDU]"
"19932","31.011153884","192.168.1.55","192.168.1.2","TCP","1514","8004  >  35834 [ACK] Seq=456310 Ack=141 Win=65024 Len=1448 TSval=2916035091 TSecr=3045554865 [TCP segment of a reassembled PDU]"
"19933","31.011154791","192.168.1.55","192.168.1.2","TCP","1514","8004  >  35834 [ACK] Seq=457758 Ack=141 Win=65024 Len=1448 TSval=2916035091 TSecr=3045554865 [TCP segment of a reassembled PDU]"
"19934","31.011155680","192.168.1.55","192.168.1.2","TCP","1514","8004  >  35834 [ACK] Seq=459206 Ack=141 Win=65024 Len=1448 TSval=2916035091 TSecr=3045554865 [TCP segment of a reassembled PDU]"
"19935","31.011157273","192.168.1.55","192.168.1.2","TCP","1514","8004  >  35834 [ACK] Seq=460654 Ack=141 Win=65024 Len=1448 TSval=2916035091 TSecr=3045554865 [TCP segment of a reassembled PDU]"
"19936","31.011158199","192.168.1.55","192.168.1.2","TCP","1514","8004  >  35834 [ACK] Seq=462102 Ack=141 Win=65024 Len=1448 TSval=2916035091 TSecr=3045554865 [TCP segment of a reassembled PDU]"
"19937","31.011159180","192.168.1.55","192.168.1.2","TCP","1514","8004  >  35834 [ACK] Seq=463550 Ack=141 Win=65024 Len=1448 TSval=2916035091 TSecr=3045554865 [TCP segment of a reassembled PDU]"
"19938","31.011166310","192.168.1.55","192.168.1.2","TCP","1514","8004  >  35834 [ACK] Seq=464998 Ack=141 Win=65024 Len=1448 TSval=2916035091 TSecr=3045554865 [TCP segment of a reassembled PDU]"
"19939","31.011167662","192.168.1.55","192.168.1.2","TCP","1514","8004  >  35834 [ACK] Seq=466446 Ack=141 Win=65024 Len=1448 TSval=2916035091 TSecr=3045554865 [TCP segment of a reassembled PDU]"
"19940","31.011168643","192.168.1.55","192.168.1.2","TCP","1514","8004  >  35834 [ACK] Seq=467894 Ack=141 Win=65024 Len=1448 TSval=2916035091 TSecr=3045554865 [TCP segment of a reassembled PDU]"
"19941","31.011169569","192.168.1.55","192.168.1.2","TCP","1514","8004  >  35834 [ACK] Seq=469342 Ack=141 Win=65024 Len=1448 TSval=2916035091 TSecr=3045554865 [TCP segment of a reassembled PDU]"
"19942","31.011170458","192.168.1.55","192.168.1.2","TCP","1514","8004  >  35834 [ACK] Seq=470790 Ack=141 Win=65024 Len=1448 TSval=2916035091 TSecr=3045554865 [TCP segment of a reassembled PDU]"
"19943","31.011171384","192.168.1.55","192.168.1.2","TCP","1514","8004  >  35834 [ACK] Seq=472238 Ack=141 Win=65024 Len=1448 TSval=2916035091 TSecr=3045554865 [TCP segment of a reassembled PDU]"
"19944","31.011172365","192.168.1.55","192.168.1.2","TCP","1514","8004  >  35834 [ACK] Seq=473686 Ack=141 Win=65024 Len=1448 TSval=2916035091 TSecr=3045554865 [TCP segment of a reassembled PDU]"
"19945","31.011173365","192.168.1.55","192.168.1.2","TCP","1514","8004  >  35834 [PSH, ACK] Seq=475134 Ack=141 Win=65024 Len=1448 TSval=2916035091 TSecr=3045554865 [TCP segment of a reassembled PDU]"
"19946","31.011176717","192.168.1.2","192.168.1.55","TCP","66","35834  >  8004 [ACK] Seq=141 Ack=385358 Win=106496 Len=0 TSval=3045554865 TSecr=2916035084"
"19947","31.013308850","192.168.1.2","192.168.1.55","TCP","66","35834  >  8004 [ACK] Seq=141 Ack=409974 Win=118784 Len=0 TSval=3045554866 TSecr=2916035084"
"19948","31.013336406","192.168.1.55","192.168.1.2","TCP","1514","8004  >  35834 [ACK] Seq=476582 Ack=141 Win=65024 Len=1448 TSval=2916035094 TSecr=3045554866 [TCP segment of a reassembled PDU]"
"19949","31.013338406","192.168.1.55","192.168.1.2","TCP","1514","8004  >  35834 [ACK] Seq=478030 Ack=141 Win=65024 Len=1448 TSval=2916035094 TSecr=3045554866 [TCP segment of a reassembled PDU]"
"19950","31.013339332","192.168.1.55","192.168.1.2","TCP","1514","8004  >  35834 [ACK] Seq=479478 Ack=141 Win=65024 Len=1448 TSval=2916035094 TSecr=3045554866 [TCP segment of a reassembled PDU]"
"19951","31.013340295","192.168.1.55","192.168.1.2","TCP","1514","8004  >  35834 [ACK] Seq=480926 Ack=141 Win=65024 Len=1448 TSval=2916035094 TSecr=3045554866 [TCP segment of a reassembled PDU]"
"19952","31.013341313","192.168.1.55","192.168.1.2","TCP","1514","8004  >  35834 [ACK] Seq=482374 Ack=141 Win=65024 Len=1448 TSval=2916035094 TSecr=3045554866 [TCP segment of a reassembled PDU]"
"19953","31.013342369","192.168.1.55","192.168.1.2","TCP","1514","8004  >  35834 [ACK] Seq=483822 Ack=141 Win=65024 Len=1448 TSval=2916035094 TSecr=3045554866 [TCP segment of a reassembled PDU]"
"19954","31.013343276","192.168.1.55","192.168.1.2","TCP","1514","8004  >  35834 [ACK] Seq=485270 Ack=141 Win=65024 Len=1448 TSval=2916035094 TSecr=3045554866 [TCP segment of a reassembled PDU]"
"19955","31.013344202","192.168.1.55","192.168.1.2","TCP","1514","8004  >  35834 [ACK] Seq=486718 Ack=141 Win=65024 Len=1448 TSval=2916035094 TSecr=3045554866 [TCP segment of a reassembled PDU]"
"19956","31.013345350","192.168.1.55","192.168.1.2","TCP","1514","8004  >  35834 [ACK] Seq=488166 Ack=141 Win=65024 Len=1448 TSval=2916035094 TSecr=3045554866 [TCP segment of a reassembled PDU]"
"19957","31.013346591","192.168.1.55","192.168.1.2","TCP","1514","8004  >  35834 [ACK] Seq=489614 Ack=141 Win=65024 Len=1448 TSval=2916035094 TSecr=3045554866 [TCP segment of a reassembled PDU]"
"19958","31.013347628","192.168.1.55","192.168.1.2","TCP","1514","8004  >  35834 [ACK] Seq=491062 Ack=141 Win=65024 Len=1448 TSval=2916035094 TSecr=3045554866 [TCP segment of a reassembled PDU]"
"19959","31.013348628","192.168.1.55","192.168.1.2","TCP","1514","8004  >  35834 [ACK] Seq=492510 Ack=141 Win=65024 Len=1448 TSval=2916035094 TSecr=3045554866 [TCP segment of a reassembled PDU]"
"19960","31.013350128","192.168.1.55","192.168.1.2","TCP","1514","8004  >  35834 [ACK] Seq=493958 Ack=141 Win=65024 Len=1448 TSval=2916035094 TSecr=3045554866 [TCP segment of a reassembled PDU]"
"19961","31.013351498","192.168.1.55","192.168.1.2","TCP","1514","8004  >  35834 [ACK] Seq=495406 Ack=141 Win=65024 Len=1448 TSval=2916035094 TSecr=3045554866 [TCP segment of a reassembled PDU]"
"19962","31.013352721","192.168.1.55","192.168.1.2","TCP","1514","8004  >  35834 [PSH, ACK] Seq=496854 Ack=141 Win=65024 Len=1448 TSval=2916035094 TSecr=3045554866 [TCP segment of a reassembled PDU]"
"19963","31.013361091","192.168.1.55","192.168.1.2","HTTP","1472","HTTP/1.0 200 OK  (PNG)"
"19964","31.013389498","192.168.1.2","192.168.1.55","TCP","66","35834  >  8004 [ACK] Seq=141 Ack=415766 Win=113664 Len=0 TSval=3045554866 TSecr=2916035084"
"19965","31.016444188","192.168.1.2","192.168.1.55","TCP","66","35834  >  8004 [ACK] Seq=141 Ack=425030 Win=128000 Len=0 TSval=3045554868 TSecr=2916035084"
"19966","31.016629707","192.168.1.2","192.168.1.55","TCP","66","35834  >  8004 [ACK] Seq=141 Ack=435166 Win=128000 Len=0 TSval=3045554870 TSecr=2916035091"
"19967","31.016637466","192.168.1.2","192.168.1.55","TCP","66","35834  >  8004 [ACK] Seq=141 Ack=438062 Win=135168 Len=0 TSval=3045554871 TSecr=2916035091"
"19968","31.016640559","192.168.1.2","192.168.1.55","TCP","66","35834  >  8004 [ACK] Seq=141 Ack=442406 Win=144384 Len=0 TSval=3045554871 TSecr=2916035091"
"19969","31.016643726","192.168.1.2","192.168.1.55","TCP","66","35834  >  8004 [ACK] Seq=141 Ack=473686 Win=181248 Len=0 TSval=3045554871 TSecr=2916035091"
"19970","31.017869154","192.168.1.2","192.168.1.55","TCP","66","35834  >  8004 [ACK] Seq=141 Ack=476582 Win=186368 Len=0 TSval=3045554873 TSecr=2916035091"
"19971","31.017975932","192.168.1.2","192.168.1.55","TCP","66","35834  >  8004 [ACK] Seq=141 Ack=498302 Win=193536 Len=0 TSval=3045554873 TSecr=2916035094"
"19972","31.019504693","192.168.1.2","192.168.1.55","TCP","66","35834  >  8004 [FIN, ACK] Seq=141 Ack=499709 Win=196608 Len=0 TSval=3045554874 TSecr=2916035094"
"19973","31.019518638","192.168.1.55","192.168.1.2","TCP","66","8004  >  35834 [ACK] Seq=499709 Ack=142 Win=65024 Len=0 TSval=2916035100 TSecr=3045554874"
"19974","31.019610249","192.168.1.2","192.168.1.55","TCP","74","35844  >  8004 [SYN] Seq=0 Win=64240 Len=0 MSS=1460 SACK_PERM TSval=3045554874 TSecr=0 WS=1024"
"19975","31.019631379","192.168.1.55","192.168.1.2","TCP","74","8004  >  35844 [SYN, ACK] Seq=0 Ack=1 Win=65160 Len=0 MSS=1460 SACK_PERM TSval=2916035100 TSecr=3045554874 WS=128"
"19976","31.023017773","192.168.1.2","192.168.1.55","TCP","66","35844  >  8004 [ACK] Seq=1 Ack=1 Win=64512 Len=0 TSval=3045554877 TSecr=2916035100"
"19977","31.025755722","192.168.1.2","192.168.1.55","HTTP","209","GET /original_benchmark.png HTTP/1.1 "
"19978","31.025827555","192.168.1.55","192.168.1.2","TCP","66","8004  >  35844 [ACK] Seq=1 Ack=144 Win=65024 Len=0 TSval=2916035106 TSecr=3045554877"
"19979","31.026879353","192.168.1.55","192.168.1.2","TCP","255","8004  >  35844 [PSH, ACK] Seq=1 Ack=144 Win=65024 Len=189 TSval=2916035107 TSecr=3045554877 [TCP segment of a reassembled PDU]"
"19980","31.027043242","192.168.1.55","192.168.1.2","TCP","1514","8004  >  35844 [ACK] Seq=190 Ack=144 Win=65024 Len=1448 TSval=2916035107 TSecr=3045554877 [TCP segment of a reassembled PDU]"
"19981","31.027051964","192.168.1.55","192.168.1.2","TCP","1514","8004  >  35844 [ACK] Seq=1638 Ack=144 Win=65024 Len=1448 TSval=2916035107 TSecr=3045554877 [TCP segment of a reassembled PDU]"
"19982","31.027056298","192.168.1.55","192.168.1.2","TCP","1514","8004  >  35844 [ACK] Seq=3086 Ack=144 Win=65024 Len=1448 TSval=2916035107 TSecr=3045554877 [TCP segment of a reassembled PDU]"
"19983","31.027057501","192.168.1.55","192.168.1.2","TCP","1514","8004  >  35844 [ACK] Seq=4534 Ack=144 Win=65024 Len=1448 TSval=2916035107 TSecr=3045554877 [TCP segment of a reassembled PDU]"
"19984","31.027059409","192.168.1.55","192.168.1.2","TCP","1514","8004  >  35844 [PSH, ACK] Seq=5982 Ack=144 Win=65024 Len=1448 TSval=2916035107 TSecr=3045554877 [TCP segment of a reassembled PDU]"
"19985","31.027090705","192.168.1.55","192.168.1.2","TCP","1514","8004  >  35844 [ACK] Seq=7430 Ack=144 Win=65024 Len=1448 TSval=2916035107 TSecr=3045554877 [TCP segment of a reassembled PDU]"
"19986","31.027092779","192.168.1.55","192.168.1.2","TCP","1514","8004  >  35844 [ACK] Seq=8878 Ack=144 Win=65024 Len=1448 TSval=2916035107 TSecr=3045554877 [TCP segment of a reassembled PDU]"
"19987","31.027095150","192.168.1.55","192.168.1.2","TCP","1514","8004  >  35844 [ACK] Seq=10326 Ack=144 Win=65024 Len=1448 TSval=2916035107 TSecr=3045554877 [TCP segment of a reassembled PDU]"
"19988","31.027096761","192.168.1.55","192.168.1.2","TCP","1514","8004  >  35844 [PSH, ACK] Seq=11774 Ack=144 Win=65024 Len=1448 TSval=2916035107 TSecr=3045554877 [TCP segment of a reassembled PDU]"
"19989","31.030755248","192.168.1.2","192.168.1.55","TCP","66","35844  >  8004 [ACK] Seq=144 Ack=190 Win=64512 Len=0 TSval=3045554885 TSecr=2916035107"
"19990","31.030817878","192.168.1.55","192.168.1.2","TCP","1514","8004  >  35844 [ACK] Seq=13222 Ack=144 Win=65024 Len=1448 TSval=2916035111 TSecr=3045554885 [TCP segment of a reassembled PDU]"
"19991","31.030822600","192.168.1.55","192.168.1.2","TCP","1514","8004  >  35844 [PSH, ACK] Seq=14670 Ack=144 Win=65024 Len=1448 TSval=2916035111 TSecr=3045554885 [TCP segment of a reassembled PDU]"
"19992","31.030852044","192.168.1.2","192.168.1.55","TCP","66","35844  >  8004 [ACK] Seq=144 Ack=7430 Win=64512 Len=0 TSval=3045554885 TSecr=2916035107"
"19993","31.030878656","192.168.1.55","192.168.1.2","TCP","1514","8004  >  35844 [ACK] Seq=16118 Ack=144 Win=65024 Len=1448 TSval=2916035111 TSecr=3045554885 [TCP segment of a reassembled PDU]"
"19994","31.030880933","192.168.1.55","192.168.1.2","TCP","1514","8004  >  35844 [ACK] Seq=17566 Ack=144 Win=65024 Len=1448 TSval=2916035111 TSecr=3045554885 [TCP segment of a reassembled PDU]"
"19995","31.030882600","192.168.1.55","192.168.1.2","TCP","1514","8004  >  35844 [ACK] Seq=19014 Ack=144 Win=65024 Len=1448 TSval=2916035111 TSecr=3045554885 [TCP segment of a reassembled PDU]"
"19996","31.030883767","192.168.1.55","192.168.1.2","TCP","1514","8004  >  35844 [ACK] Seq=20462 Ack=144 Win=65024 Len=1448 TSval=2916035111 TSecr=3045554885 [TCP segment of a reassembled PDU]"
"19997","31.030884915","192.168.1.55","192.168.1.2","TCP","1514","8004  >  35844 [ACK] Seq=21910 Ack=144 Win=65024 Len=1448 TSval=2916035111 TSecr=3045554885 [TCP segment of a reassembled PDU]"
"19998","31.030885989","192.168.1.55","192.168.1.2","TCP","1514","8004  >  35844 [ACK] Seq=23358 Ack=144 Win=65024 Len=1448 TSval=2916035111 TSecr=3045554885 [TCP segment of a reassembled PDU]"
"19999","31.030888341","192.168.1.55","192.168.1.2","TCP","1514","8004  >  35844 [ACK] Seq=24806 Ack=144 Win=65024 Len=1448 TSval=2916035111 TSecr=3045554885 [TCP segment of a reassembled PDU]"
"20000","31.030889452","192.168.1.55","192.168.1.2","TCP","1514","8004  >  35844 [PSH, ACK] Seq=26254 Ack=144 Win=65024 Len=1448 TSval=2916035111 TSecr=3045554885 [TCP segment of a reassembled PDU]"
"20001","31.033501363","192.168.1.2","192.168.1.55","TCP","66","35844  >  8004 [ACK] Seq=144 Ack=13222 Win=74752 Len=0 TSval=3045554887 TSecr=2916035107"
"20002","31.033532715","192.168.1.55","192.168.1.2","TCP","1514","8004  >  35844 [ACK] Seq=27702 Ack=144 Win=65024 Len=1448 TSval=2916035114 TSecr=3045554887 [TCP segment of a reassembled PDU]"
"20003","31.033536160","192.168.1.55","192.168.1.2","TCP","1514","8004  >  35844 [ACK] Seq=29150 Ack=144 Win=65024 Len=1448 TSval=2916035114 TSecr=3045554887 [TCP segment of a reassembled PDU]"
"20004","31.033537345","192.168.1.55","192.168.1.2","TCP","1514","8004  >  35844 [ACK] Seq=30598 Ack=144 Win=65024 Len=1448 TSval=2916035114 TSecr=3045554887 [TCP segment of a reassembled PDU]"
"20005","31.033538400","192.168.1.55","192.168.1.2","TCP","1514","8004  >  35844 [ACK] Seq=32046 Ack=144 Win=65024 Len=1448 TSval=2916035114 TSecr=3045554887 [TCP segment of a reassembled PDU]"
"20006","31.033539808","192.168.1.55","192.168.1.2","TCP","1514","8004  >  35844 [ACK] Seq=33494 Ack=144 Win=65024 Len=1448 TSval=2916035114 TSecr=3045554887 [TCP segment of a reassembled PDU]"
"20007","31.033540975","192.168.1.55","192.168.1.2","TCP","1514","8004  >  35844 [ACK] Seq=34942 Ack=144 Win=65024 Len=1448 TSval=2916035114 TSecr=3045554887 [TCP segment of a reassembled PDU]"
"20008","31.033542363","192.168.1.55","192.168.1.2","TCP","1514","8004  >  35844 [ACK] Seq=36390 Ack=144 Win=65024 Len=1448 TSval=2916035114 TSecr=3045554887 [TCP segment of a reassembled PDU]"
"20009","31.033543345","192.168.1.55","192.168.1.2","TCP","1514","8004  >  35844 [ACK] Seq=37838 Ack=144 Win=65024 Len=1448 TSval=2916035114 TSecr=3045554887 [TCP segment of a reassembled PDU]"
"20010","31.033544752","192.168.1.55","192.168.1.2","TCP","1514","8004  >  35844 [ACK] Seq=39286 Ack=144 Win=65024 Len=1448 TSval=2916035114 TSecr=3045554887 [TCP segment of a reassembled PDU]"
"20011","31.033545975","192.168.1.55","192.168.1.2","TCP","1514","8004  >  35844 [PSH, ACK] Seq=40734 Ack=144 Win=65024 Len=1448 TSval=2916035114 TSecr=3045554887 [TCP segment of a reassembled PDU]"
"20012","31.035121884","192.168.1.2","192.168.1.55","TCP","66","35844  >  8004 [ACK] Seq=144 Ack=16118 Win=76800 Len=0 TSval=3045554889 TSecr=2916035111"
"20013","31.035208681","192.168.1.55","192.168.1.2","TCP","1514","8004  >  35844 [ACK] Seq=42182 Ack=144 Win=65024 Len=1448 TSval=2916035115 TSecr=3045554889 [TCP segment of a reassembled PDU]"
"20014","31.035225551","192.168.1.55","192.168.1.2","TCP","1514","8004  >  35844 [PSH, ACK] Seq=43630 Ack=144 Win=65024 Len=1448 TSval=2916035115 TSecr=3045554889 [TCP segment of a reassembled PDU]"
"20015","31.035411737","192.168.1.2","192.168.1.55","TCP","66","35844  >  8004 [ACK] Seq=144 Ack=19014 Win=76800 Len=0 TSval=3045554889 TSecr=2916035111"
"20016","31.035423107","192.168.1.2","192.168.1.55","TCP","66","35844  >  8004 [ACK] Seq=144 Ack=27702 Win=72704 Len=0 TSval=3045554889 TSecr=2916035111"
"20017","31.035535478","192.168.1.55","192.168.1.2","TCP","1514","8004  >  35844 [ACK] Seq=45078 Ack=144 Win=65024 Len=1448 TSval=2916035116 TSecr=3045554889 [TCP segment of a reassembled PDU]"
"20018","31.035547200","192.168.1.55","192.168.1.2","TCP","1514","8004  >  35844 [ACK] Seq=46526 Ack=144 Win=65024 Len=1448 TSval=2916035116 TSecr=3045554889 [TCP segment of a reassembled PDU]"
"20019","31.035549237","192.168.1.55","192.168.1.2","TCP","1514","8004  >  35844 [ACK] Seq=47974 Ack=144 Win=65024 Len=1448 TSval=2916035116 TSecr=3045554889 [TCP segment of a reassembled PDU]"
"20020","31.035551200","192.168.1.55","192.168.1.2","TCP","1514","8004  >  35844 [ACK] Seq=49422 Ack=144 Win=65024 Len=1448 TSval=2916035116 TSecr=3045554889 [TCP segment of a reassembled PDU]"
"20021","31.035553089","192.168.1.55","192.168.1.2","TCP","1514","8004  >  35844 [ACK] Seq=50870 Ack=144 Win=65024 Len=1448 TSval=2916035116 TSecr=3045554889 [TCP segment of a reassembled PDU]"
"20022","31.035554478","192.168.1.55","192.168.1.2","TCP","1514","8004  >  35844 [ACK] Seq=52318 Ack=144 Win=65024 Len=1448 TSval=2916035116 TSecr=3045554889 [TCP segment of a reassembled PDU]"
"20023","31.035557663","192.168.1.55","192.168.1.2","TCP","1514","8004  >  35844 [ACK] Seq=53766 Ack=144 Win=65024 Len=1448 TSval=2916035116 TSecr=3045554889 [TCP segment of a reassembled PDU]"
"20024","31.035559218","192.168.1.55","192.168.1.2","TCP","1514","8004  >  35844 [ACK] Seq=55214 Ack=144 Win=65024 Len=1448 TSval=2916035116 TSecr=3045554889 [TCP segment of a reassembled PDU]"
"20025","31.035567311","192.168.1.55","192.168.1.2","TCP","1514","8004  >  35844 [ACK] Seq=56662 Ack=144 Win=65024 Len=1448 TSval=2916035116 TSecr=3045554889 [TCP segment of a reassembled PDU]"
"20026","31.035568848","192.168.1.55","192.168.1.2","TCP","1514","8004  >  35844 [ACK] Seq=58110 Ack=144 Win=65024 Len=1448 TSval=2916035116 TSecr=3045554889 [TCP segment of a reassembled PDU]"
"20027","31.035579089","192.168.1.55","192.168.1.2","TCP","1514","8004  >  35844 [ACK] Seq=59558 Ack=144 Win=65024 Len=1448 TSval=2916035116 TSecr=3045554889 [TCP segment of a reassembled PDU]"
"20028","31.035580589","192.168.1.55","192.168.1.2","TCP","1514","8004  >  35844 [ACK] Seq=61006 Ack=144 Win=65024 Len=1448 TSval=2916035116 TSecr=3045554889 [TCP segment of a reassembled PDU]"
"20029","31.035582107","192.168.1.55","192.168.1.2","TCP","1514","8004  >  35844 [ACK] Seq=62454 Ack=144 Win=65024 Len=1448 TSval=2916035116 TSecr=3045554889 [TCP segment of a reassembled PDU]"
"20030","31.035584367","192.168.1.55","192.168.1.2","TCP","1514","8004  >  35844 [ACK] Seq=63902 Ack=144 Win=65024 Len=1448 TSval=2916035116 TSecr=3045554889 [TCP segment of a reassembled PDU]"
"20031","31.035586219","192.168.1.55","192.168.1.2","TCP","1514","8004  >  35844 [PSH, ACK] Seq=65350 Ack=144 Win=65024 Len=1448 TSval=2916035116 TSecr=3045554889 [TCP segment of a reassembled PDU]"
"20032","31.035641774","192.168.1.55","192.168.1.2","TCP","1514","8004  >  35844 [ACK] Seq=66798 Ack=144 Win=65024 Len=1448 TSval=2916035116 TSecr=3045554889 [TCP segment of a reassembled PDU]"
"20033","31.035646904","192.168.1.55","192.168.1.2","TCP","1514","8004  >  35844 [ACK] Seq=68246 Ack=144 Win=65024 Len=1448 TSval=2916035116 TSecr=3045554889 [TCP segment of a reassembled PDU]"
"20034","31.035648811","192.168.1.55","192.168.1.2","TCP","1514","8004  >  35844 [PSH, ACK] Seq=69694 Ack=144 Win=65024 Len=1448 TSval=2916035116 TSecr=3045554889 [TCP segment of a reassembled PDU]"
"20035","31.038487316","192.168.1.2","192.168.1.55","TCP","66","35844  >  8004 [ACK] Seq=144 Ack=32046 Win=74752 Len=0 TSval=3045554891 TSecr=2916035114"
"20036","31.038534927","192.168.1.55","192.168.1.2","TCP","1514","8004  >  35844 [ACK] Seq=71142 Ack=144 Win=65024 Len=1448 TSval=2916035119 TSecr=3045554891 [TCP segment of a reassembled PDU]"
"20037","31.038539908","192.168.1.55","192.168.1.2","TCP","1514","8004  >  35844 [ACK] Seq=72590 Ack=144 Win=65024 Len=1448 TSval=2916035119 TSecr=3045554891 [TCP segment of a reassembled PDU]"
"20038","31.038541057","192.168.1.55","192.168.1.2","TCP","1514","8004  >  35844 [ACK] Seq=74038 Ack=144 Win=65024 Len=1448 TSval=2916035119 TSecr=3045554891 [TCP segment of a reassembled PDU]"
"20039","31.038542242","192.168.1.55","192.168.1.2","TCP","1514","8004  >  35844 [PSH, ACK] Seq=75486 Ack=144 Win=65024 Len=1448 TSval=2916035119 TSecr=3045554891 [TCP segment of a reassembled PDU]"
"20040","31.039325761","192.168.1.2","192.168.1.55","TCP","66","35844  >  8004 [ACK] Seq=144 Ack=42182 Win=69632 Len=0 TSval=3045554892 TSecr=2916035114"
"20041","31.039362206","192.168.1.55","192.168.1.2","TCP","1514","8004  >  35844 [ACK] Seq=76934 Ack=144 Win=65024 Len=1448 TSval=2916035120 TSecr=3045554892 [TCP segment of a reassembled PDU]"
"20042","31.039365836","192.168.1.55","192.168.1.2","TCP","1514","8004  >  35844 [ACK] Seq=78382 Ack=144 Win=65024 Len=1448 TSval=2916035120 TSecr=3045554892 [TCP segment of a reassembled PDU]"
"20043","31.039368465","192.168.1.55","192.168.1.2","TCP","1514","8004  >  35844 [ACK] Seq=79830 Ack=144 Win=65024 Len=1448 TSval=2916035120 TSecr=3045554892 [TCP segment of a reassembled PDU]"
"20044","31.039369780","192.168.1.55","192.168.1.2","TCP","1514","8004  >  35844 [ACK] Seq=81278 Ack=144 Win=65024 Len=1448 TSval=2916035120 TSecr=3045554892 [TCP segment of a reassembled PDU]"
"20045","31.039371039","192.168.1.55","192.168.1.2","TCP","1514","8004  >  35844 [ACK] Seq=82726 Ack=144 Win=65024 Len=1448 TSval=2916035120 TSecr=3045554892 [TCP segment of a reassembled PDU]"
"20046","31.039372854","192.168.1.55","192.168.1.2","TCP","1514","8004  >  35844 [ACK] Seq=84174 Ack=144 Win=65024 Len=1448 TSval=2916035120 TSecr=3045554892 [TCP segment of a reassembled PDU]"
"20047","31.039375002","192.168.1.55","192.168.1.2","TCP","1514","8004  >  35844 [ACK] Seq=85622 Ack=144 Win=65024 Len=1448 TSval=2916035120 TSecr=3045554892 [TCP segment of a reassembled PDU]"
"20048","31.039376243","192.168.1.55","192.168.1.2","TCP","1514","8004  >  35844 [ACK] Seq=87070 Ack=144 Win=65024 Len=1448 TSval=2916035120 TSecr=3045554892 [TCP segment of a reassembled PDU]"
"20049","31.039377669","192.168.1.55","192.168.1.2","TCP","1514","8004  >  35844 [ACK] Seq=88518 Ack=144 Win=65024 Len=1448 TSval=2916035120 TSecr=3045554892 [TCP segment of a reassembled PDU]"
"20050","31.039380780","192.168.1.55","192.168.1.2","TCP","1514","8004  >  35844 [ACK] Seq=89966 Ack=144 Win=65024 Len=1448 TSval=2916035120 TSecr=3045554892 [TCP segment of a reassembled PDU]"
"20051","31.039382373","192.168.1.55","192.168.1.2","TCP","1514","8004  >  35844 [ACK] Seq=91414 Ack=144 Win=65024 Len=1448 TSval=2916035120 TSecr=3045554892 [TCP segment of a reassembled PDU]"
"20052","31.039383595","192.168.1.55","192.168.1.2","TCP","1514","8004  >  35844 [ACK] Seq=92862 Ack=144 Win=65024 Len=1448 TSval=2916035120 TSecr=3045554892 [TCP segment of a reassembled PDU]"
"20053","31.039385076","192.168.1.55","192.168.1.2","TCP","1514","8004  >  35844 [ACK] Seq=94310 Ack=144 Win=65024 Len=1448 TSval=2916035120 TSecr=3045554892 [TCP segment of a reassembled PDU]"
"20054","31.039386299","192.168.1.55","192.168.1.2","TCP","1514","8004  >  35844 [ACK] Seq=95758 Ack=144 Win=65024 Len=1448 TSval=2916035120 TSecr=3045554892 [TCP segment of a reassembled PDU]"
"20055","31.039388262","192.168.1.55","192.168.1.2","TCP","1514","8004  >  35844 [ACK] Seq=97206 Ack=144 Win=65024 Len=1448 TSval=2916035120 TSecr=3045554892 [TCP segment of a reassembled PDU]"
"20056","31.039389558","192.168.1.55","192.168.1.2","TCP","1514","8004  >  35844 [PSH, ACK] Seq=98654 Ack=144 Win=65024 Len=1448 TSval=2916035120 TSecr=3045554892 [TCP segment of a reassembled PDU]"
"20057","31.040584708","192.168.1.2","192.168.1.55","TCP","66","35844  >  8004 [ACK] Seq=144 Ack=45078 Win=74752 Len=0 TSval=3045554894 TSecr=2916035115"
"20058","31.040596986","192.168.1.55","192.168.1.2","TCP","1514","8004  >  35844 [ACK] Seq=100102 Ack=144 Win=65024 Len=1448 TSval=2916035121 TSecr=3045554894 [TCP segment of a reassembled PDU]"
"20059","31.040600226","192.168.1.55","192.168.1.2","TCP","1514","8004  >  35844 [ACK] Seq=101550 Ack=144 Win=65024 Len=1448 TSval=2916035121 TSecr=3045554894 [TCP segment of a reassembled PDU]"
"20060","31.040601615","192.168.1.55","192.168.1.2","TCP","1514","8004  >  35844 [ACK] Seq=102998 Ack=144 Win=65024 Len=1448 TSval=2916035121 TSecr=3045554894 [TCP segment of a reassembled PDU]"
"20061","31.040602986","192.168.1.55","192.168.1.2","TCP","1514","8004  >  35844 [PSH, ACK] Seq=104446 Ack=144 Win=65024 Len=1448 TSval=2916035121 TSecr=3045554894 [TCP segment of a reassembled PDU]"
"20062","31.040880431","192.168.1.2","192.168.1.55","TCP","66","35844  >  8004 [ACK] Seq=144 Ack=66798 Win=61440 Len=0 TSval=3045554894 TSecr=2916035116"
"20063","31.040897227","192.168.1.55","192.168.1.2","TCP","1514","8004  >  35844 [ACK] Seq=105894 Ack=144 Win=65024 Len=1448 TSval=2916035121 TSecr=3045554894 [TCP segment of a reassembled PDU]"
"20064","31.040898708","192.168.1.55","192.168.1.2","TCP","1514","8004  >  35844 [ACK] Seq=107342 Ack=144 Win=65024 Len=1448 TSval=2916035121 TSecr=3045554894 [TCP segment of a reassembled PDU]"
"20065","31.040901542","192.168.1.55","192.168.1.2","TCP","1514","8004  >  35844 [ACK] Seq=108790 Ack=144 Win=65024 Len=1448 TSval=2916035121 TSecr=3045554894 [TCP segment of a reassembled PDU]"
"20066","31.040903116","192.168.1.55","192.168.1.2","TCP","1514","8004  >  35844 [ACK] Seq=110238 Ack=144 Win=65024 Len=1448 TSval=2916035121 TSecr=3045554894 [TCP segment of a reassembled PDU]"
"20067","31.040904208","192.168.1.55","192.168.1.2","TCP","1514","8004  >  35844 [ACK] Seq=111686 Ack=144 Win=65024 Len=1448 TSval=2916035121 TSecr=3045554894 [TCP segment of a reassembled PDU]"
"20068","31.040905634","192.168.1.55","192.168.1.2","TCP","1514","8004  >  35844 [PSH, ACK] Seq=113134 Ack=144 Win=65024 Len=1448 TSval=2916035121 TSecr=3045554894 [TCP segment of a reassembled PDU]"
"20069","31.040911134","192.168.1.2","192.168.1.55","TCP","66","35844  >  8004 [ACK] Seq=144 Ack=68246 Win=60416 Len=0 TSval=3045554894 TSecr=2916035116"
"20070","31.040915579","192.168.1.2","192.168.1.55","TCP","66","35844  >  8004 [ACK] Seq=144 Ack=69694 Win=76800 Len=0 TSval=3045554895 TSecr=2916035116"
"20071","31.040918949","192.168.1.2","192.168.1.55","TCP","66","35844  >  8004 [ACK] Seq=144 Ack=71142 Win=76800 Len=0 TSval=3045554895 TSecr=2916035116"
"20072","31.041009190","192.168.1.55","192.168.1.2","TCP","1514","8004  >  35844 [ACK] Seq=114582 Ack=144 Win=65024 Len=1448 TSval=2916035121 TSecr=3045554895 [TCP segment of a reassembled PDU]"
"20073","31.041015153","192.168.1.55","192.168.1.2","TCP","1514","8004  >  35844 [ACK] Seq=116030 Ack=144 Win=65024 Len=1448 TSval=2916035121 TSecr=3045554895 [TCP segment of a reassembled PDU]"
"20074","31.041016320","192.168.1.55","192.168.1.2","TCP","1514","8004  >  35844 [ACK] Seq=117478 Ack=144 Win=65024 Len=1448 TSval=2916035121 TSecr=3045554895 [TCP segment of a reassembled PDU]"
"20075","31.041017746","192.168.1.55","192.168.1.2","TCP","1514","8004  >  35844 [ACK] Seq=118926 Ack=144 Win=65024 Len=1448 TSval=2916035121 TSecr=3045554895 [TCP segment of a reassembled PDU]"
"20076","31.041019560","192.168.1.55","192.168.1.2","TCP","1514","8004  >  35844 [ACK] Seq=120374 Ack=144 Win=65024 Len=1448 TSval=2916035121 TSecr=3045554895 [TCP segment of a reassembled PDU]"
"20077","31.041021431","192.168.1.55","192.168.1.2","TCP","1514","8004  >  35844 [ACK] Seq=121822 Ack=144 Win=65024 Len=1448 TSval=2916035121 TSecr=3045554895 [TCP segment of a reassembled PDU]"
"20078","31.041022653","192.168.1.55","192.168.1.2","TCP","1514","8004  >  35844 [ACK] Seq=123270 Ack=144 Win=65024 Len=1448 TSval=2916035121 TSecr=3045554895 [TCP segment of a reassembled PDU]"
"20079","31.041024560","192.168.1.55","192.168.1.2","TCP","1514","8004  >  35844 [ACK] Seq=124718 Ack=144 Win=65024 Len=1448 TSval=2916035121 TSecr=3045554895 [TCP segment of a reassembled PDU]"
"20080","31.041026727","192.168.1.55","192.168.1.2","TCP","1514","8004  >  35844 [ACK] Seq=126166 Ack=144 Win=65024 Len=1448 TSval=2916035121 TSecr=3045554895 [TCP segment of a reassembled PDU]"
"20081","31.041028838","192.168.1.55","192.168.1.2","TCP","1514","8004  >  35844 [ACK] Seq=127614 Ack=144 Win=65024 Len=1448 TSval=2916035121 TSecr=3045554895 [TCP segment of a reassembled PDU]"
"20082","31.041030320","192.168.1.55","192.168.1.2","TCP","1514","8004  >  35844 [ACK] Seq=129062 Ack=144 Win=65024 Len=1448 TSval=2916035121 TSecr=3045554895 [TCP segment of a reassembled PDU]"
"20083","31.041032135","192.168.1.55","192.168.1.2","TCP","1514","8004  >  35844 [ACK] Seq=130510 Ack=144 Win=65024 Len=1448 TSval=2916035121 TSecr=3045554895 [TCP segment of a reassembled PDU]"
"20084","31.041033820","192.168.1.55","192.168.1.2","TCP","1514","8004  >  35844 [ACK] Seq=131958 Ack=144 Win=65024 Len=1448 TSval=2916035121 TSecr=3045554895 [TCP segment of a reassembled PDU]"
"20085","31.041035172","192.168.1.55","192.168.1.2","TCP","1514","8004  >  35844 [ACK] Seq=133406 Ack=144 Win=65024 Len=1448 TSval=2916035121 TSecr=3045554895 [TCP segment of a reassembled PDU]"
"20086","31.041036783","192.168.1.55","192.168.1.2","TCP","1514","8004  >  35844 [ACK] Seq=134854 Ack=144 Win=65024 Len=1448 TSval=2916035121 TSecr=3045554895 [TCP segment of a reassembled PDU]"
"20087","31.041038079","192.168.1.55","192.168.1.2","TCP","1514","8004  >  35844 [ACK] Seq=136302 Ack=144 Win=65024 Len=1448 TSval=2916035121 TSecr=3045554895 [TCP segment of a reassembled PDU]"
"20088","31.041039523","192.168.1.55","192.168.1.2","TCP","1514","8004  >  35844 [ACK] Seq=137750 Ack=144 Win=65024 Len=1448 TSval=2916035121 TSecr=3045554895 [TCP segment of a reassembled PDU]"
"20089","31.041041875","192.168.1.55","192.168.1.2","TCP","1514","8004  >  35844 [ACK] Seq=139198 Ack=144 Win=65024 Len=1448 TSval=2916035121 TSecr=3045554895 [TCP segment of a reassembled PDU]"
"20090","31.041043560","192.168.1.55","192.168.1.2","TCP","1514","8004  >  35844 [ACK] Seq=140646 Ack=144 Win=65024 Len=1448 TSval=2916035121 TSecr=3045554895 [TCP segment of a reassembled PDU]"
"20091","31.041044764","192.168.1.55","192.168.1.2","TCP","1514","8004  >  35844 [ACK] Seq=142094 Ack=144 Win=65024 Len=1448 TSval=2916035121 TSecr=3045554895 [TCP segment of a reassembled PDU]"
"20092","31.041046153","192.168.1.55","192.168.1.2","TCP","1514","8004  >  35844 [ACK] Seq=143542 Ack=144 Win=65024 Len=1448 TSval=2916035121 TSecr=3045554895 [TCP segment of a reassembled PDU]"
"20093","31.041048005","192.168.1.55","192.168.1.2","TCP","1514","8004  >  35844 [ACK] Seq=144990 Ack=144 Win=65024 Len=1448 TSval=2916035121 TSecr=3045554895 [TCP segment of a reassembled PDU]"
"20094","31.041049542","192.168.1.55","192.168.1.2","TCP","1514","8004  >  35844 [ACK] Seq=146438 Ack=144 Win=65024 Len=1448 TSval=2916035121 TSecr=3045554895 [TCP segment of a reassembled PDU]"
"20095","31.041051172","192.168.1.55","192.168.1.2","TCP","122","[TCP Window Full] 8004  >  35844 [PSH, ACK] Seq=147886 Ack=144 Win=65024 Len=56 TSval=2916035121 TSecr=3045554895 [TCP segment of a reassembled PDU]"
"20096","31.045213345","192.168.1.2","192.168.1.55","TCP","66","35844  >  8004 [ACK] Seq=144 Ack=74038 Win=74752 Len=0 TSval=3045554896 TSecr=2916035119"
"20097","31.047473589","192.168.1.2","192.168.1.55","TCP","66","35844  >  8004 [ACK] Seq=144 Ack=75486 Win=76800 Len=0 TSval=3045554900 TSecr=2916035119"
"20098","31.047481367","192.168.1.55","192.168.1.2","TCP","1514","8004  >  35844 [ACK] Seq=147942 Ack=144 Win=65024 Len=1448 TSval=2916035128 TSecr=3045554900 [TCP segment of a reassembled PDU]"
"20099","31.047483571","192.168.1.55","192.168.1.2","TCP","1514","8004  >  35844 [PSH, ACK] Seq=149390 Ack=144 Win=65024 Len=1448 TSval=2916035128 TSecr=3045554900 [TCP segment of a reassembled PDU]"
"20100","31.047488959","192.168.1.55","192.168.1.2","TCP","1458","8004  >  35844 [ACK] Seq=150838 Ack=144 Win=65024 Len=1392 TSval=2916035128 TSecr=3045554900 [TCP segment of a reassembled PDU]"
"20101","31.047710460","192.168.1.2","192.168.1.55","TCP","66","35844  >  8004 [ACK] Seq=144 Ack=76934 Win=77824 Len=0 TSval=3045554900 TSecr=2916035119"
"20102","31.047717497","192.168.1.2","192.168.1.55","TCP","66","35844  >  8004 [ACK] Seq=144 Ack=100102 Win=60416 Len=0 TSval=3045554900 TSecr=2916035120"
"20103","31.047723682","192.168.1.2","192.168.1.55","TCP","66","35844  >  8004 [ACK] Seq=144 Ack=105894 Win=56320 Len=0 TSval=3045554900 TSecr=2916035121"
"20104","31.047727960","192.168.1.2","192.168.1.55","TCP","66","35844  >  8004 [ACK] Seq=144 Ack=114582 Win=49152 Len=0 TSval=3045554900 TSecr=2916035121"
"20105","31.047824793","192.168.1.2","192.168.1.55","TCP","66","35844  >  8004 [ACK] Seq=144 Ack=130510 Win=55296 Len=0 TSval=3045554900 TSecr=2916035121"
"20106","31.047850590","192.168.1.55","192.168.1.2","TCP","1514","8004  >  35844 [ACK] Seq=152230 Ack=144 Win=65024 Len=1448 TSval=2916035128 TSecr=3045554900 [TCP segment of a reassembled PDU]"
"20107","31.047852756","192.168.1.55","192.168.1.2","TCP","1514","8004  >  35844 [ACK] Seq=153678 Ack=144 Win=65024 Len=1448 TSval=2916035128 TSecr=3045554900 [TCP segment of a reassembled PDU]"
"20108","31.047853997","192.168.1.55","192.168.1.2","TCP","1514","8004  >  35844 [ACK] Seq=155126 Ack=144 Win=65024 Len=1448 TSval=2916035128 TSecr=3045554900 [TCP segment of a reassembled PDU]"
"20109","31.047855182","192.168.1.55","192.168.1.2","TCP","1514","8004  >  35844 [ACK] Seq=156574 Ack=144 Win=65024 Len=1448 TSval=2916035128 TSecr=3045554900 [TCP segment of a reassembled PDU]"
"20110","31.047856608","192.168.1.55","192.168.1.2","TCP","1514","8004  >  35844 [ACK] Seq=158022 Ack=144 Win=65024 Len=1448 TSval=2916035128 TSecr=3045554900 [TCP segment of a reassembled PDU]"
"20111","31.047857905","192.168.1.55","192.168.1.2","TCP","1514","8004  >  35844 [ACK] Seq=159470 Ack=144 Win=65024 Len=1448 TSval=2916035128 TSecr=3045554900 [TCP segment of a reassembled PDU]"
"20112","31.047859164","192.168.1.55","192.168.1.2","TCP","1514","8004  >  35844 [ACK] Seq=160918 Ack=144 Win=65024 Len=1448 TSval=2916035128 TSecr=3045554900 [TCP segment of a reassembled PDU]"
"20113","31.047860423","192.168.1.55","192.168.1.2","TCP","1514","8004  >  35844 [ACK] Seq=162366 Ack=144 Win=65024 Len=1448 TSval=2916035128 TSecr=3045554900 [TCP segment of a reassembled PDU]"
"20114","31.047861590","192.168.1.55","192.168.1.2","TCP","1514","8004  >  35844 [ACK] Seq=163814 Ack=144 Win=65024 Len=1448 TSval=2916035128 TSecr=3045554900 [TCP segment of a reassembled PDU]"
"20115","31.047862793","192.168.1.55","192.168.1.2","TCP","1514","8004  >  35844 [ACK] Seq=165262 Ack=144 Win=65024 Len=1448 TSval=2916035128 TSecr=3045554900 [TCP segment of a reassembled PDU]"
"20116","31.047864090","192.168.1.55","192.168.1.2","TCP","1514","8004  >  35844 [ACK] Seq=166710 Ack=144 Win=65024 Len=1448 TSval=2916035128 TSecr=3045554900 [TCP segment of a reassembled PDU]"
"20117","31.047865386","192.168.1.55","192.168.1.2","TCP","1514","8004  >  35844 [ACK] Seq=168158 Ack=144 Win=65024 Len=1448 TSval=2916035128 TSecr=3045554900 [TCP segment of a reassembled PDU]"
"20118","31.047866701","192.168.1.55","192.168.1.2","TCP","1514","8004  >  35844 [ACK] Seq=169606 Ack=144 Win=65024 Len=1448 TSval=2916035128 TSecr=3045554900 [TCP segment of a reassembled PDU]"
"20119","31.047867997","192.168.1.55","192.168.1.2","TCP","1514","8004  >  35844 [ACK] Seq=171054 Ack=144 Win=65024 Len=1448 TSval=2916035128 TSecr=3045554900 [TCP segment of a reassembled PDU]"
"20120","31.047869293","192.168.1.55","192.168.1.2","TCP","1514","8004  >  35844 [ACK] Seq=172502 Ack=144 Win=65024 Len=1448 TSval=2916035128 TSecr=3045554900 [TCP segment of a reassembled PDU]"
"20121","31.047870534","192.168.1.55","192.168.1.2","TCP","1514","8004  >  35844 [ACK] Seq=173950 Ack=144 Win=65024 Len=1448 TSval=2916035128 TSecr=3045554900 [TCP segment of a reassembled PDU]"
"20122","31.047871756","192.168.1.55","192.168.1.2","TCP","1514","8004  >  35844 [ACK] Seq=175398 Ack=144 Win=65024 Len=1448 TSval=2916035128 TSecr=3045554900 [TCP segment of a reassembled PDU]"
"20123","31.047872923","192.168.1.55","192.168.1.2","TCP","1514","8004  >  35844 [ACK] Seq=176846 Ack=144 Win=65024 Len=1448 TSval=2916035128 TSecr=3045554900 [TCP segment of a reassembled PDU]"
"20124","31.047874219","192.168.1.55","192.168.1.2","TCP","1514","8004  >  35844 [ACK] Seq=178294 Ack=144 Win=65024 Len=1448 TSval=2916035128 TSecr=3045554900 [TCP segment of a reassembled PDU]"
"20125","31.047875405","192.168.1.55","192.168.1.2","TCP","1514","8004  >  35844 [ACK] Seq=179742 Ack=144 Win=65024 Len=1448 TSval=2916035128 TSecr=3045554900 [TCP segment of a reassembled PDU]"
"20126","31.047876645","192.168.1.55","192.168.1.2","TCP","1514","8004  >  35844 [ACK] Seq=181190 Ack=144 Win=65024 Len=1448 TSval=2916035128 TSecr=3045554900 [TCP segment of a reassembled PDU]"
"20127","31.047877960","192.168.1.55","192.168.1.2","TCP","1514","8004  >  35844 [ACK] Seq=182638 Ack=144 Win=65024 Len=1448 TSval=2916035128 TSecr=3045554900 [TCP segment of a reassembled PDU]"
"20128","31.047879127","192.168.1.55","192.168.1.2","TCP","1514","8004  >  35844 [PSH, ACK] Seq=184086 Ack=144 Win=65024 Len=1448 TSval=2916035128 TSecr=3045554900 [TCP segment of a reassembled PDU]"
"20129","31.047883664","192.168.1.2","192.168.1.55","TCP","66","35844  >  8004 [ACK] Seq=144 Ack=140646 Win=69632 Len=0 TSval=3045554900 TSecr=2916035121"
"20130","31.047894886","192.168.1.55","192.168.1.2","TCP","1514","8004  >  35844 [ACK] Seq=185534 Ack=144 Win=65024 Len=1448 TSval=2916035128 TSecr=3045554900 [TCP segment of a reassembled PDU]"
"20131","31.047896386","192.168.1.55","192.168.1.2","TCP","1514","8004  >  35844 [ACK] Seq=186982 Ack=144 Win=65024 Len=1448 TSval=2916035128 TSecr=3045554900 [TCP segment of a reassembled PDU]"
"20132","31.047897645","192.168.1.55","192.168.1.2","TCP","1514","8004  >  35844 [PSH, ACK] Seq=188430 Ack=144 Win=65024 Len=1448 TSval=2916035128 TSecr=3045554900 [TCP segment of a reassembled PDU]"
"20133","31.047901238","192.168.1.2","192.168.1.55","TCP","66","35844  >  8004 [ACK] Seq=144 Ack=147942 Win=70656 Len=0 TSval=3045554902 TSecr=2916035121"
"20134","31.047927405","192.168.1.55","192.168.1.2","TCP","1514","8004  >  35844 [ACK] Seq=189878 Ack=144 Win=65024 Len=1448 TSval=2916035128 TSecr=3045554902 [TCP segment of a reassembled PDU]"
"20135","31.047929182","192.168.1.55","192.168.1.2","TCP","1514","8004  >  35844 [ACK] Seq=191326 Ack=144 Win=65024 Len=1448 TSval=2916035128 TSecr=3045554902 [TCP segment of a reassembled PDU]"
"20136","31.047930349","192.168.1.55","192.168.1.2","TCP","1514","8004  >  35844 [ACK] Seq=192774 Ack=144 Win=65024 Len=1448 TSval=2916035128 TSecr=3045554902 [TCP segment of a reassembled PDU]"
"20137","31.047931497","192.168.1.55","192.168.1.2","TCP","1514","8004  >  35844 [ACK] Seq=194222 Ack=144 Win=65024 Len=1448 TSval=2916035128 TSecr=3045554902 [TCP segment of a reassembled PDU]"
"20138","31.047939090","192.168.1.55","192.168.1.2","TCP","1514","8004  >  35844 [ACK] Seq=195670 Ack=144 Win=65024 Len=1448 TSval=2916035128 TSecr=3045554902 [TCP segment of a reassembled PDU]"
"20139","31.047940553","192.168.1.55","192.168.1.2","TCP","1514","8004  >  35844 [ACK] Seq=197118 Ack=144 Win=65024 Len=1448 TSval=2916035128 TSecr=3045554902 [TCP segment of a reassembled PDU]"
"20140","31.047941775","192.168.1.55","192.168.1.2","TCP","1514","8004  >  35844 [ACK] Seq=198566 Ack=144 Win=65024 Len=1448 TSval=2916035128 TSecr=3045554902 [TCP segment of a reassembled PDU]"
"20141","31.047942942","192.168.1.55","192.168.1.2","TCP","1514","8004  >  35844 [ACK] Seq=200014 Ack=144 Win=65024 Len=1448 TSval=2916035128 TSecr=3045554902 [TCP segment of a reassembled PDU]"
"20142","31.047944182","192.168.1.55","192.168.1.2","TCP","1514","8004  >  35844 [ACK] Seq=201462 Ack=144 Win=65024 Len=1448 TSval=2916035128 TSecr=3045554902 [TCP segment of a reassembled PDU]"
"20143","31.047945645","192.168.1.55","192.168.1.2","TCP","1514","8004  >  35844 [ACK] Seq=202910 Ack=144 Win=65024 Len=1448 TSval=2916035128 TSecr=3045554902 [TCP segment of a reassembled PDU]"
"20144","31.047946794","192.168.1.55","192.168.1.2","TCP","1514","8004  >  35844 [ACK] Seq=204358 Ack=144 Win=65024 Len=1448 TSval=2916035128 TSecr=3045554902 [TCP segment of a reassembled PDU]"
"20145","31.047948164","192.168.1.55","192.168.1.2","TCP","1514","8004  >  35844 [ACK] Seq=205806 Ack=144 Win=65024 Len=1448 TSval=2916035128 TSecr=3045554902 [TCP segment of a reassembled PDU]"
"20146","31.047949368","192.168.1.55","192.168.1.2","TCP","1514","8004  >  35844 [ACK] Seq=207254 Ack=144 Win=65024 Len=1448 TSval=2916035128 TSecr=3045554902 [TCP segment of a reassembled PDU]"
"20147","31.047950553","192.168.1.55","192.168.1.2","TCP","1514","8004  >  35844 [ACK] Seq=208702 Ack=144 Win=65024 Len=1448 TSval=2916035128 TSecr=3045554902 [TCP segment of a reassembled PDU]"
"20148","31.047951997","192.168.1.55","192.168.1.2","TCP","1514","8004  >  35844 [ACK] Seq=210150 Ack=144 Win=65024 Len=1448 TSval=2916035128 TSecr=3045554902 [TCP segment of a reassembled PDU]"
"20149","31.047953164","192.168.1.55","192.168.1.2","TCP","1514","8004  >  35844 [ACK] Seq=211598 Ack=144 Win=65024 Len=1448 TSval=2916035128 TSecr=3045554902 [TCP segment of a reassembled PDU]"
"20150","31.047954590","192.168.1.55","192.168.1.2","TCP","1514","8004  >  35844 [ACK] Seq=213046 Ack=144 Win=65024 Len=1448 TSval=2916035128 TSecr=3045554902 [TCP segment of a reassembled PDU]"
"20151","31.047955886","192.168.1.55","192.168.1.2","TCP","1514","8004  >  35844 [ACK] Seq=214494 Ack=144 Win=65024 Len=1448 TSval=2916035128 TSecr=3045554902 [TCP segment of a reassembled PDU]"
"20152","31.047957516","192.168.1.55","192.168.1.2","TCP","1514","8004  >  35844 [PSH, ACK] Seq=215942 Ack=144 Win=65024 Len=1448 TSval=2916035128 TSecr=3045554902 [TCP segment of a reassembled PDU]"
"20153","31.053959414","192.168.1.2","192.168.1.55","TCP","66","35844  >  8004 [ACK] Seq=144 Ack=150838 Win=77824 Len=0 TSval=3045554905 TSecr=2916035128"
"20154","31.054004507","192.168.1.55","192.168.1.2","TCP","1514","8004  >  35844 [ACK] Seq=217390 Ack=144 Win=65024 Len=1448 TSval=2916035134 TSecr=3045554905 [TCP segment of a reassembled PDU]"
"20155","31.054008822","192.168.1.55","192.168.1.2","TCP","1514","8004  >  35844 [ACK] Seq=218838 Ack=144 Win=65024 Len=1448 TSval=2916035134 TSecr=3045554905 [TCP segment of a reassembled PDU]"
"20156","31.054009988","192.168.1.55","192.168.1.2","TCP","1514","8004  >  35844 [ACK] Seq=220286 Ack=144 Win=65024 Len=1448 TSval=2916035134 TSecr=3045554905 [TCP segment of a reassembled PDU]"
"20157","31.054011266","192.168.1.55","192.168.1.2","TCP","1514","8004  >  35844 [ACK] Seq=221734 Ack=144 Win=65024 Len=1448 TSval=2916035134 TSecr=3045554905 [TCP segment of a reassembled PDU]"
"20158","31.054013210","192.168.1.55","192.168.1.2","TCP","1514","8004  >  35844 [ACK] Seq=223182 Ack=144 Win=65024 Len=1448 TSval=2916035134 TSecr=3045554905 [TCP segment of a reassembled PDU]"
"20159","31.054015044","192.168.1.55","192.168.1.2","TCP","1514","8004  >  35844 [ACK] Seq=224630 Ack=144 Win=65024 Len=1448 TSval=2916035134 TSecr=3045554905 [TCP segment of a reassembled PDU]"
"20160","31.054016785","192.168.1.55","192.168.1.2","TCP","1514","8004  >  35844 [PSH, ACK] Seq=226078 Ack=144 Win=65024 Len=1448 TSval=2916035134 TSecr=3045554905 [TCP segment of a reassembled PDU]"
"20161","31.054420044","192.168.1.2","192.168.1.55","TCP","66","35844  >  8004 [ACK] Seq=144 Ack=152230 Win=77824 Len=0 TSval=3045554905 TSecr=2916035128"
"20162","31.054427841","192.168.1.2","192.168.1.55","TCP","66","35844  >  8004 [ACK] Seq=144 Ack=185534 Win=131072 Len=0 TSval=3045554908 TSecr=2916035128"
"20163","31.054468915","192.168.1.55","192.168.1.2","TCP","1514","8004  >  35844 [ACK] Seq=227526 Ack=144 Win=65024 Len=1448 TSval=2916035135 TSecr=3045554908 [TCP segment of a reassembled PDU]"
"20164","31.054472100","192.168.1.55","192.168.1.2","TCP","1514","8004  >  35844 [ACK] Seq=228974 Ack=144 Win=65024 Len=1448 TSval=2916035135 TSecr=3045554908 [TCP segment of a reassembled PDU]"
"20165","31.054473304","192.168.1.55","192.168.1.2","TCP","1514","8004  >  35844 [ACK] Seq=230422 Ack=144 Win=65024 Len=1448 TSval=2916035135 TSecr=3045554908 [TCP segment of a reassembled PDU]"
"20166","31.054475878","192.168.1.55","192.168.1.2","TCP","1514","8004  >  35844 [ACK] Seq=231870 Ack=144 Win=65024 Len=1448 TSval=2916035135 TSecr=3045554908 [TCP segment of a reassembled PDU]"
"20167","31.054478026","192.168.1.55","192.168.1.2","TCP","1514","8004  >  35844 [ACK] Seq=233318 Ack=144 Win=65024 Len=1448 TSval=2916035135 TSecr=3045554908 [TCP segment of a reassembled PDU]"
"20168","31.054479285","192.168.1.55","192.168.1.2","TCP","1514","8004  >  35844 [ACK] Seq=234766 Ack=144 Win=65024 Len=1448 TSval=2916035135 TSecr=3045554908 [TCP segment of a reassembled PDU]"
"20169","31.054480582","192.168.1.55","192.168.1.2","TCP","1514","8004  >  35844 [ACK] Seq=236214 Ack=144 Win=65024 Len=1448 TSval=2916035135 TSecr=3045554908 [TCP segment of a reassembled PDU]"
"20170","31.054481785","192.168.1.55","192.168.1.2","TCP","1514","8004  >  35844 [ACK] Seq=237662 Ack=144 Win=65024 Len=1448 TSval=2916035135 TSecr=3045554908 [TCP segment of a reassembled PDU]"
"20171","31.054483248","192.168.1.55","192.168.1.2","TCP","1514","8004  >  35844 [ACK] Seq=239110 Ack=144 Win=65024 Len=1448 TSval=2916035135 TSecr=3045554908 [TCP segment of a reassembled PDU]"
"20172","31.054484526","192.168.1.55","192.168.1.2","TCP","1514","8004  >  35844 [ACK] Seq=240558 Ack=144 Win=65024 Len=1448 TSval=2916035135 TSecr=3045554908 [TCP segment of a reassembled PDU]"
"20173","31.054486082","192.168.1.55","192.168.1.2","TCP","1514","8004  >  35844 [ACK] Seq=242006 Ack=144 Win=65024 Len=1448 TSval=2916035135 TSecr=3045554908 [TCP segment of a reassembled PDU]"
"20174","31.054488193","192.168.1.55","192.168.1.2","TCP","1514","8004  >  35844 [ACK] Seq=243454 Ack=144 Win=65024 Len=1448 TSval=2916035135 TSecr=3045554908 [TCP segment of a reassembled PDU]"
"20175","31.054489859","192.168.1.55","192.168.1.2","TCP","1514","8004  >  35844 [ACK] Seq=244902 Ack=144 Win=65024 Len=1448 TSval=2916035135 TSecr=3045554908 [TCP segment of a reassembled PDU]"
"20176","31.054491119","192.168.1.55","192.168.1.2","TCP","1514","8004  >  35844 [ACK] Seq=246350 Ack=144 Win=65024 Len=1448 TSval=2916035135 TSecr=3045554908 [TCP segment of a reassembled PDU]"
"20177","31.054492748","192.168.1.55","192.168.1.2","TCP","1514","8004  >  35844 [ACK] Seq=247798 Ack=144 Win=65024 Len=1448 TSval=2916035135 TSecr=3045554908 [TCP segment of a reassembled PDU]"
"20178","31.054494637","192.168.1.55","192.168.1.2","TCP","1514","8004  >  35844 [ACK] Seq=249246 Ack=144 Win=65024 Len=1448 TSval=2916035135 TSecr=3045554908 [TCP segment of a reassembled PDU]"
"20179","31.054496508","192.168.1.55","192.168.1.2","TCP","1514","8004  >  35844 [ACK] Seq=250694 Ack=144 Win=65024 Len=1448 TSval=2916035135 TSecr=3045554908 [TCP segment of a reassembled PDU]"
"20180","31.054498045","192.168.1.55","192.168.1.2","TCP","1514","8004  >  35844 [ACK] Seq=252142 Ack=144 Win=65024 Len=1448 TSval=2916035135 TSecr=3045554908 [TCP segment of a reassembled PDU]"
"20181","31.054499693","192.168.1.55","192.168.1.2","TCP","1514","8004  >  35844 [ACK] Seq=253590 Ack=144 Win=65024 Len=1448 TSval=2916035135 TSecr=3045554908 [TCP segment of a reassembled PDU]"
"20182","31.054501026","192.168.1.55","192.168.1.2","TCP","1514","8004  >  35844 [ACK] Seq=255038 Ack=144 Win=65024 Len=1448 TSval=2916035135 TSecr=3045554908 [TCP segment of a reassembled PDU]"
"20183","31.054502193","192.168.1.55","192.168.1.2","TCP","1514","8004  >  35844 [ACK] Seq=256486 Ack=144 Win=65024 Len=1448 TSval=2916035135 TSecr=3045554908 [TCP segment of a reassembled PDU]"
"20184","31.054503674","192.168.1.55","192.168.1.2","TCP","1514","8004  >  35844 [ACK] Seq=257934 Ack=144 Win=65024 Len=1448 TSval=2916035135 TSecr=3045554908 [TCP segment of a reassembled PDU]"
"20185","31.054507156","192.168.1.55","192.168.1.2","TCP","1514","8004  >  35844 [ACK] Seq=259382 Ack=144 Win=65024 Len=1448 TSval=2916035135 TSecr=3045554908 [TCP segment of a reassembled PDU]"
"20186","31.054508896","192.168.1.55","192.168.1.2","TCP","1514","8004  >  35844 [ACK] Seq=260830 Ack=144 Win=65024 Len=1448 TSval=2916035135 TSecr=3045554908 [TCP segment of a reassembled PDU]"
"20187","31.054510156","192.168.1.55","192.168.1.2","TCP","1514","8004  >  35844 [ACK] Seq=262278 Ack=144 Win=65024 Len=1448 TSval=2916035135 TSecr=3045554908 [TCP segment of a reassembled PDU]"
"20188","31.054511656","192.168.1.55","192.168.1.2","TCP","1514","8004  >  35844 [PSH, ACK] Seq=263726 Ack=144 Win=65024 Len=1448 TSval=2916035135 TSecr=3045554908 [TCP segment of a reassembled PDU]"
"20189","31.054557304","192.168.1.55","192.168.1.2","TCP","1514","8004  >  35844 [ACK] Seq=265174 Ack=144 Win=65024 Len=1448 TSval=2916035135 TSecr=3045554908 [TCP segment of a reassembled PDU]"
"20190","31.054559137","192.168.1.55","192.168.1.2","TCP","1514","8004  >  35844 [ACK] Seq=266622 Ack=144 Win=65024 Len=1448 TSval=2916035135 TSecr=3045554908 [TCP segment of a reassembled PDU]"
"20191","31.054560397","192.168.1.55","192.168.1.2","TCP","1514","8004  >  35844 [ACK] Seq=268070 Ack=144 Win=65024 Len=1448 TSval=2916035135 TSecr=3045554908 [TCP segment of a reassembled PDU]"
"20192","31.054561860","192.168.1.55","192.168.1.2","TCP","1514","8004  >  35844 [ACK] Seq=269518 Ack=144 Win=65024 Len=1448 TSval=2916035135 TSecr=3045554908 [TCP segment of a reassembled PDU]"
"20193","31.054564045","192.168.1.55","192.168.1.2","TCP","1514","8004  >  35844 [ACK] Seq=270966 Ack=144 Win=65024 Len=1448 TSval=2916035135 TSecr=3045554908 [TCP segment of a reassembled PDU]"
"20194","31.054565730","192.168.1.55","192.168.1.2","TCP","1514","8004  >  35844 [ACK] Seq=272414 Ack=144 Win=65024 Len=1448 TSval=2916035135 TSecr=3045554908 [TCP segment of a reassembled PDU]"
"20195","31.054566934","192.168.1.55","192.168.1.2","TCP","1514","8004  >  35844 [ACK] Seq=273862 Ack=144 Win=65024 Len=1448 TSval=2916035135 TSecr=3045554908 [TCP segment of a reassembled PDU]"
"20196","31.054568100","192.168.1.55","192.168.1.2","TCP","1514","8004  >  35844 [ACK] Seq=275310 Ack=144 Win=65024 Len=1448 TSval=2916035135 TSecr=3045554908 [TCP segment of a reassembled PDU]"
"20197","31.054569360","192.168.1.55","192.168.1.2","TCP","1514","8004  >  35844 [ACK] Seq=276758 Ack=144 Win=65024 Len=1448 TSval=2916035135 TSecr=3045554908 [TCP segment of a reassembled PDU]"
"20198","31.054571656","192.168.1.55","192.168.1.2","TCP","1514","8004  >  35844 [ACK] Seq=278206 Ack=144 Win=65024 Len=1448 TSval=2916035135 TSecr=3045554908 [TCP segment of a reassembled PDU]"
"20199","31.054573489","192.168.1.55","192.168.1.2","TCP","1514","8004  >  35844 [ACK] Seq=279654 Ack=144 Win=65024 Len=1448 TSval=2916035135 TSecr=3045554908 [TCP segment of a reassembled PDU]"
"20200","31.054574841","192.168.1.55","192.168.1.2","TCP","1514","8004  >  35844 [ACK] Seq=281102 Ack=144 Win=65024 Len=1448 TSval=2916035135 TSecr=3045554908 [TCP segment of a reassembled PDU]"
"20201","31.054576026","192.168.1.55","192.168.1.2","TCP","1514","8004  >  35844 [ACK] Seq=282550 Ack=144 Win=65024 Len=1448 TSval=2916035135 TSecr=3045554908 [TCP segment of a reassembled PDU]"
"20202","31.054577563","192.168.1.55","192.168.1.2","TCP","1514","8004  >  35844 [ACK] Seq=283998 Ack=144 Win=65024 Len=1448 TSval=2916035135 TSecr=3045554908 [TCP segment of a reassembled PDU]"
"20203","31.054579878","192.168.1.55","192.168.1.2","TCP","1514","8004  >  35844 [ACK] Seq=285446 Ack=144 Win=65024 Len=1448 TSval=2916035135 TSecr=3045554908 [TCP segment of a reassembled PDU]"
"20204","31.054581823","192.168.1.55","192.168.1.2","TCP","1514","8004  >  35844 [ACK] Seq=286894 Ack=144 Win=65024 Len=1448 TSval=2916035135 TSecr=3045554908 [TCP segment of a reassembled PDU]"
"20205","31.054583100","192.168.1.55","192.168.1.2","TCP","1514","8004  >  35844 [ACK] Seq=288342 Ack=144 Win=65024 Len=1448 TSval=2916035135 TSecr=3045554908 [TCP segment of a reassembled PDU]"
"20206","31.054584341","192.168.1.55","192.168.1.2","TCP","1514","8004  >  35844 [ACK] Seq=289790 Ack=144 Win=65024 Len=1448 TSval=2916035135 TSecr=3045554908 [TCP segment of a reassembled PDU]"
"20207","31.054585823","192.168.1.55","192.168.1.2","TCP","1514","8004  >  35844 [ACK] Seq=291238 Ack=144 Win=65024 Len=1448 TSval=2916035135 TSecr=3045554908 [TCP segment of a reassembled PDU]"
"20208","31.054587897","192.168.1.55","192.168.1.2","TCP","1514","8004  >  35844 [ACK] Seq=292686 Ack=144 Win=65024 Len=1448 TSval=2916035135 TSecr=3045554908 [TCP segment of a reassembled PDU]"
"20209","31.054590026","192.168.1.55","192.168.1.2","TCP","1514","8004  >  35844 [ACK] Seq=294134 Ack=144 Win=65024 Len=1448 TSval=2916035135 TSecr=3045554908 [TCP segment of a reassembled PDU]"
"20210","31.054591415","192.168.1.55","192.168.1.2","TCP","1514","8004  >  35844 [ACK] Seq=295582 Ack=144 Win=65024 Len=1448 TSval=2916035135 TSecr=3045554908 [TCP segment of a reassembled PDU]"
"20211","31.054592637","192.168.1.55","192.168.1.2","TCP","1514","8004  >  35844 [ACK] Seq=297030 Ack=144 Win=65024 Len=1448 TSval=2916035135 TSecr=3045554908 [TCP segment of a reassembled PDU]"
"20212","31.054594711","192.168.1.55","192.168.1.2","TCP","1514","8004  >  35844 [ACK] Seq=298478 Ack=144 Win=65024 Len=1448 TSval=2916035135 TSecr=3045554908 [TCP segment of a reassembled PDU]"
"20213","31.054596711","192.168.1.55","192.168.1.2","TCP","1514","8004  >  35844 [ACK] Seq=299926 Ack=144 Win=65024 Len=1448 TSval=2916035135 TSecr=3045554908 [TCP segment of a reassembled PDU]"
"20214","31.054598582","192.168.1.55","192.168.1.2","TCP","1514","8004  >  35844 [PSH, ACK] Seq=301374 Ack=144 Win=65024 Len=1448 TSval=2916035135 TSecr=3045554908 [TCP segment of a reassembled PDU]"
"20215","31.054604656","192.168.1.2","192.168.1.55","TCP","66","35844  >  8004 [ACK] Seq=144 Ack=189878 Win=126976 Len=0 TSval=3045554908 TSecr=2916035128"
"20216","31.054614711","192.168.1.2","192.168.1.55","TCP","66","35844  >  8004 [ACK] Seq=144 Ack=215942 Win=105472 Len=0 TSval=3045554908 TSecr=2916035128"
"20217","31.057617975","192.168.1.2","192.168.1.55","TCP","66","35844  >  8004 [ACK] Seq=144 Ack=217390 Win=134144 Len=0 TSval=3045554910 TSecr=2916035128"
"20218","31.057652013","192.168.1.55","192.168.1.2","TCP","1514","8004  >  35844 [ACK] Seq=302822 Ack=144 Win=65024 Len=1448 TSval=2916035138 TSecr=3045554910 [TCP segment of a reassembled PDU]"
"20219","31.057654753","192.168.1.55","192.168.1.2","TCP","1514","8004  >  35844 [ACK] Seq=304270 Ack=144 Win=65024 Len=1448 TSval=2916035138 TSecr=3045554910 [TCP segment of a reassembled PDU]"
"20220","31.057656087","192.168.1.55","192.168.1.2","TCP","1514","8004  >  35844 [ACK] Seq=305718 Ack=144 Win=65024 Len=1448 TSval=2916035138 TSecr=3045554910 [TCP segment of a reassembled PDU]"
"20221","31.057657494","192.168.1.55","192.168.1.2","TCP","1514","8004  >  35844 [ACK] Seq=307166 Ack=144 Win=65024 Len=1448 TSval=2916035138 TSecr=3045554910 [TCP segment of a reassembled PDU]"
"20222","31.057659013","192.168.1.55","192.168.1.2","TCP","1514","8004  >  35844 [ACK] Seq=308614 Ack=144 Win=65024 Len=1448 TSval=2916035138 TSecr=3045554910 [TCP segment of a reassembled PDU]"
"20223","31.057660476","192.168.1.55","192.168.1.2","TCP","1514","8004  >  35844 [ACK] Seq=310062 Ack=144 Win=65024 Len=1448 TSval=2916035138 TSecr=3045554910 [TCP segment of a reassembled PDU]"
"20224","31.057661864","192.168.1.55","192.168.1.2","TCP","1514","8004  >  35844 [ACK] Seq=311510 Ack=144 Win=65024 Len=1448 TSval=2916035138 TSecr=3045554910 [TCP segment of a reassembled PDU]"
"20225","31.057663364","192.168.1.55","192.168.1.2","TCP","1514","8004  >  35844 [ACK] Seq=312958 Ack=144 Win=65024 Len=1448 TSval=2916035138 TSecr=3045554910 [TCP segment of a reassembled PDU]"
"20226","31.057664864","192.168.1.55","192.168.1.2","TCP","1514","8004  >  35844 [ACK] Seq=314406 Ack=144 Win=65024 Len=1448 TSval=2916035138 TSecr=3045554910 [TCP segment of a reassembled PDU]"
"20227","31.057666290","192.168.1.55","192.168.1.2","TCP","1514","8004  >  35844 [ACK] Seq=315854 Ack=144 Win=65024 Len=1448 TSval=2916035138 TSecr=3045554910 [TCP segment of a reassembled PDU]"
"20228","31.057667883","192.168.1.55","192.168.1.2","TCP","1514","8004  >  35844 [ACK] Seq=317302 Ack=144 Win=65024 Len=1448 TSval=2916035138 TSecr=3045554910 [TCP segment of a reassembled PDU]"
"20229","31.057669179","192.168.1.55","192.168.1.2","TCP","1514","8004  >  35844 [ACK] Seq=318750 Ack=144 Win=65024 Len=1448 TSval=2916035138 TSecr=3045554910 [TCP segment of a reassembled PDU]"
"20230","31.057670550","192.168.1.55","192.168.1.2","TCP","1514","8004  >  35844 [ACK] Seq=320198 Ack=144 Win=65024 Len=1448 TSval=2916035138 TSecr=3045554910 [TCP segment of a reassembled PDU]"
"20231","31.057671938","192.168.1.55","192.168.1.2","TCP","1514","8004  >  35844 [ACK] Seq=321646 Ack=144 Win=65024 Len=1448 TSval=2916035138 TSecr=3045554910 [TCP segment of a reassembled PDU]"
"20232","31.057673198","192.168.1.55","192.168.1.2","TCP","1514","8004  >  35844 [ACK] Seq=323094 Ack=144 Win=65024 Len=1448 TSval=2916035138 TSecr=3045554910 [TCP segment of a reassembled PDU]"
"20233","31.057674716","192.168.1.55","192.168.1.2","TCP","1514","8004  >  35844 [ACK] Seq=324542 Ack=144 Win=65024 Len=1448 TSval=2916035138 TSecr=3045554910 [TCP segment of a reassembled PDU]"
"20234","31.057676198","192.168.1.55","192.168.1.2","TCP","1514","8004  >  35844 [ACK] Seq=325990 Ack=144 Win=65024 Len=1448 TSval=2916035138 TSecr=3045554910 [TCP segment of a reassembled PDU]"
"20235","31.057677624","192.168.1.55","192.168.1.2","TCP","1514","8004  >  35844 [ACK] Seq=327438 Ack=144 Win=65024 Len=1448 TSval=2916035138 TSecr=3045554910 [TCP segment of a reassembled PDU]"
"20236","31.057679031","192.168.1.55","192.168.1.2","TCP","1514","8004  >  35844 [ACK] Seq=328886 Ack=144 Win=65024 Len=1448 TSval=2916035138 TSecr=3045554910 [TCP segment of a reassembled PDU]"
"20237","31.057680290","192.168.1.55","192.168.1.2","TCP","1514","8004  >  35844 [ACK] Seq=330334 Ack=144 Win=65024 Len=1448 TSval=2916035138 TSecr=3045554910 [TCP segment of a reassembled PDU]"
"20238","31.057681568","192.168.1.55","192.168.1.2","TCP","1514","8004  >  35844 [ACK] Seq=331782 Ack=144 Win=65024 Len=1448 TSval=2916035138 TSecr=3045554910 [TCP segment of a reassembled PDU]"
"20239","31.057682864","192.168.1.55","192.168.1.2","TCP","1514","8004  >  35844 [ACK] Seq=333230 Ack=144 Win=65024 Len=1448 TSval=2916035138 TSecr=3045554910 [TCP segment of a reassembled PDU]"
"20240","31.057684272","192.168.1.55","192.168.1.2","TCP","1514","8004  >  35844 [ACK] Seq=334678 Ack=144 Win=65024 Len=1448 TSval=2916035138 TSecr=3045554910 [TCP segment of a reassembled PDU]"
"20241","31.057685587","192.168.1.55","192.168.1.2","TCP","1514","8004  >  35844 [ACK] Seq=336126 Ack=144 Win=65024 Len=1448 TSval=2916035138 TSecr=3045554910 [TCP segment of a reassembled PDU]"
"20242","31.057686901","192.168.1.55","192.168.1.2","TCP","1514","8004  >  35844 [ACK] Seq=337574 Ack=144 Win=65024 Len=1448 TSval=2916035138 TSecr=3045554910 [TCP segment of a reassembled PDU]"
"20243","31.057688383","192.168.1.55","192.168.1.2","TCP","1514","8004  >  35844 [PSH, ACK] Seq=339022 Ack=144 Win=65024 Len=1448 TSval=2916035138 TSecr=3045554910 [TCP segment of a reassembled PDU]"
"20244","31.059647330","192.168.1.2","192.168.1.55","TCP","66","35844  >  8004 [ACK] Seq=144 Ack=227526 Win=146432 Len=0 TSval=3045554912 TSecr=2916035134"
"20245","31.059677886","192.168.1.55","192.168.1.2","TCP","1514","8004  >  35844 [ACK] Seq=340470 Ack=144 Win=65024 Len=1448 TSval=2916035140 TSecr=3045554912 [TCP segment of a reassembled PDU]"
"20246","31.059680682","192.168.1.55","192.168.1.2","TCP","1514","8004  >  35844 [ACK] Seq=341918 Ack=144 Win=65024 Len=1448 TSval=2916035140 TSecr=3045554912 [TCP segment of a reassembled PDU]"
"20247","31.059681979","192.168.1.55","192.168.1.2","TCP","1514","8004  >  35844 [ACK] Seq=343366 Ack=144 Win=65024 Len=1448 TSval=2916035140 TSecr=3045554912 [TCP segment of a reassembled PDU]"
"20248","31.059683349","192.168.1.55","192.168.1.2","TCP","1514","8004  >  35844 [ACK] Seq=344814 Ack=144 Win=65024 Len=1448 TSval=2916035140 TSecr=3045554912 [TCP segment of a reassembled PDU]"
"20249","31.059684738","192.168.1.55","192.168.1.2","TCP","1514","8004  >  35844 [ACK] Seq=346262 Ack=144 Win=65024 Len=1448 TSval=2916035140 TSecr=3045554912 [TCP segment of a reassembled PDU]"
"20250","31.059686034","192.168.1.55","192.168.1.2","TCP","1514","8004  >  35844 [ACK] Seq=347710 Ack=144 Win=65024 Len=1448 TSval=2916035140 TSecr=3045554912 [TCP segment of a reassembled PDU]"
"20251","31.059687479","192.168.1.55","192.168.1.2","TCP","1514","8004  >  35844 [ACK] Seq=349158 Ack=144 Win=65024 Len=1448 TSval=2916035140 TSecr=3045554912 [TCP segment of a reassembled PDU]"
"20252","31.059688849","192.168.1.55","192.168.1.2","TCP","1514","8004  >  35844 [ACK] Seq=350606 Ack=144 Win=65024 Len=1448 TSval=2916035140 TSecr=3045554912 [TCP segment of a reassembled PDU]"
"20253","31.059690145","192.168.1.55","192.168.1.2","TCP","1514","8004  >  35844 [ACK] Seq=352054 Ack=144 Win=65024 Len=1448 TSval=2916035140 TSecr=3045554912 [TCP segment of a reassembled PDU]"
"20254","31.059691627","192.168.1.55","192.168.1.2","TCP","1514","8004  >  35844 [ACK] Seq=353502 Ack=144 Win=65024 Len=1448 TSval=2916035140 TSecr=3045554912 [TCP segment of a reassembled PDU]"
"20255","31.059692905","192.168.1.55","192.168.1.2","TCP","1514","8004  >  35844 [ACK] Seq=354950 Ack=144 Win=65024 Len=1448 TSval=2916035140 TSecr=3045554912 [TCP segment of a reassembled PDU]"
"20256","31.059694312","192.168.1.55","192.168.1.2","TCP","1514","8004  >  35844 [ACK] Seq=356398 Ack=144 Win=65024 Len=1448 TSval=2916035140 TSecr=3045554912 [TCP segment of a reassembled PDU]"
"20257","31.059695794","192.168.1.55","192.168.1.2","TCP","1514","8004  >  35844 [ACK] Seq=357846 Ack=144 Win=65024 Len=1448 TSval=2916035140 TSecr=3045554912 [TCP segment of a reassembled PDU]"
"20258","31.059697164","192.168.1.55","192.168.1.2","TCP","1514","8004  >  35844 [ACK] Seq=359294 Ack=144 Win=65024 Len=1448 TSval=2916035140 TSecr=3045554912 [TCP segment of a reassembled PDU]"
"20259","31.059698719","192.168.1.55","192.168.1.2","TCP","1514","8004  >  35844 [ACK] Seq=360742 Ack=144 Win=65024 Len=1448 TSval=2916035140 TSecr=3045554912 [TCP segment of a reassembled PDU]"
"20260","31.059700016","192.168.1.55","192.168.1.2","TCP","1514","8004  >  35844 [ACK] Seq=362190 Ack=144 Win=65024 Len=1448 TSval=2916035140 TSecr=3045554912 [TCP segment of a reassembled PDU]"
"20261","31.059701294","192.168.1.55","192.168.1.2","TCP","1514","8004  >  35844 [ACK] Seq=363638 Ack=144 Win=65024 Len=1448 TSval=2916035140 TSecr=3045554912 [TCP segment of a reassembled PDU]"
"20262","31.059702608","192.168.1.55","192.168.1.2","TCP","1514","8004  >  35844 [ACK] Seq=365086 Ack=144 Win=65024 Len=1448 TSval=2916035140 TSecr=3045554912 [TCP segment of a reassembled PDU]"
"20263","31.059703997","192.168.1.55","192.168.1.2","TCP","1514","8004  >  35844 [ACK] Seq=366534 Ack=144 Win=65024 Len=1448 TSval=2916035140 TSecr=3045554912 [TCP segment of a reassembled PDU]"
"20264","31.059705756","192.168.1.55","192.168.1.2","TCP","1514","8004  >  35844 [ACK] Seq=367982 Ack=144 Win=65024 Len=1448 TSval=2916035140 TSecr=3045554912 [TCP segment of a reassembled PDU]"
"20265","31.059707108","192.168.1.55","192.168.1.2","TCP","1514","8004  >  35844 [ACK] Seq=369430 Ack=144 Win=65024 Len=1448 TSval=2916035140 TSecr=3045554912 [TCP segment of a reassembled PDU]"
"20266","31.059708479","192.168.1.55","192.168.1.2","TCP","1514","8004  >  35844 [ACK] Seq=370878 Ack=144 Win=65024 Len=1448 TSval=2916035140 TSecr=3045554912 [TCP segment of a reassembled PDU]"
"20267","31.059709868","192.168.1.55","192.168.1.2","TCP","1514","8004  >  35844 [ACK] Seq=372326 Ack=144 Win=65024 Len=1448 TSval=2916035140 TSecr=3045554912 [TCP segment of a reassembled PDU]"
"20268","31.059711164","192.168.1.55","192.168.1.2","TCP","250","[TCP Window Full] 8004  >  35844 [PSH, ACK] Seq=373774 Ack=144 Win=65024 Len=184 TSval=2916035140 TSecr=3045554912 [TCP segment of a reassembled PDU]"
"20269","31.059754090","192.168.1.2","192.168.1.55","TCP","66","35844  >  8004 [ACK] Seq=144 Ack=240558 Win=144384 Len=0 TSval=3045554915 TSecr=2916035135"
"20270","31.059766275","192.168.1.55","192.168.1.2","TCP","1514","8004  >  35844 [ACK] Seq=373958 Ack=144 Win=65024 Len=1448 TSval=2916035140 TSecr=3045554915 [TCP segment of a reassembled PDU]"
"20271","31.059767923","192.168.1.55","192.168.1.2","TCP","1514","8004  >  35844 [PSH, ACK] Seq=375406 Ack=144 Win=65024 Len=1448 TSval=2916035140 TSecr=3045554915 [TCP segment of a reassembled PDU]"
"20272","31.059773886","192.168.1.55","192.168.1.2","TCP","1330","8004  >  35844 [ACK] Seq=376854 Ack=144 Win=65024 Len=1264 TSval=2916035140 TSecr=3045554915 [TCP segment of a reassembled PDU]"
"20273","31.060782592","192.168.1.2","192.168.1.55","TCP","66","35844  >  8004 [ACK] Seq=144 Ack=257934 Win=143360 Len=0 TSval=3045554915 TSecr=2916035135"
"20274","31.060804480","192.168.1.55","192.168.1.2","TCP","1514","8004  >  35844 [ACK] Seq=378118 Ack=144 Win=65024 Len=1448 TSval=2916035141 TSecr=3045554915 [TCP segment of a reassembled PDU]"
"20275","31.060806388","192.168.1.55","192.168.1.2","TCP","1514","8004  >  35844 [ACK] Seq=379566 Ack=144 Win=65024 Len=1448 TSval=2916035141 TSecr=3045554915 [TCP segment of a reassembled PDU]"
"20276","31.060807721","192.168.1.55","192.168.1.2","TCP","1514","8004  >  35844 [ACK] Seq=381014 Ack=144 Win=65024 Len=1448 TSval=2916035141 TSecr=3045554915 [TCP segment of a reassembled PDU]"
"20277","31.060809221","192.168.1.55","192.168.1.2","TCP","1514","8004  >  35844 [ACK] Seq=382462 Ack=144 Win=65024 Len=1448 TSval=2916035141 TSecr=3045554915 [TCP segment of a reassembled PDU]"
"20278","31.060810517","192.168.1.55","192.168.1.2","TCP","1514","8004  >  35844 [ACK] Seq=383910 Ack=144 Win=65024 Len=1448 TSval=2916035141 TSecr=3045554915 [TCP segment of a reassembled PDU]"
"20279","31.060811832","192.168.1.55","192.168.1.2","TCP","1514","8004  >  35844 [ACK] Seq=385358 Ack=144 Win=65024 Len=1448 TSval=2916035141 TSecr=3045554915 [TCP segment of a reassembled PDU]"
"20280","31.060813221","192.168.1.55","192.168.1.2","TCP","1514","8004  >  35844 [ACK] Seq=386806 Ack=144 Win=65024 Len=1448 TSval=2916035141 TSecr=3045554915 [TCP segment of a reassembled PDU]"
"20281","31.060814499","192.168.1.55","192.168.1.2","TCP","1514","8004  >  35844 [ACK] Seq=388254 Ack=144 Win=65024 Len=1448 TSval=2916035141 TSecr=3045554915 [TCP segment of a reassembled PDU]"
"20282","31.060815962","192.168.1.55","192.168.1.2","TCP","1514","8004  >  35844 [ACK] Seq=389702 Ack=144 Win=65024 Len=1448 TSval=2916035141 TSecr=3045554915 [TCP segment of a reassembled PDU]"
"20283","31.060817277","192.168.1.55","192.168.1.2","TCP","1514","8004  >  35844 [ACK] Seq=391150 Ack=144 Win=65024 Len=1448 TSval=2916035141 TSecr=3045554915 [TCP segment of a reassembled PDU]"
"20284","31.060818592","192.168.1.55","192.168.1.2","TCP","1514","8004  >  35844 [ACK] Seq=392598 Ack=144 Win=65024 Len=1448 TSval=2916035141 TSecr=3045554915 [TCP segment of a reassembled PDU]"
"20285","31.060819869","192.168.1.55","192.168.1.2","TCP","1514","8004  >  35844 [ACK] Seq=394046 Ack=144 Win=65024 Len=1448 TSval=2916035141 TSecr=3045554915 [TCP segment of a reassembled PDU]"
"20286","31.060821166","192.168.1.55","192.168.1.2","TCP","1514","8004  >  35844 [ACK] Seq=395494 Ack=144 Win=65024 Len=1448 TSval=2916035141 TSecr=3045554915 [TCP segment of a reassembled PDU]"
"20287","31.060822555","192.168.1.55","192.168.1.2","TCP","1514","8004  >  35844 [ACK] Seq=396942 Ack=144 Win=65024 Len=1448 TSval=2916035141 TSecr=3045554915 [TCP segment of a reassembled PDU]"
"20288","31.060823888","192.168.1.55","192.168.1.2","TCP","1514","8004  >  35844 [ACK] Seq=398390 Ack=144 Win=65024 Len=1448 TSval=2916035141 TSecr=3045554915 [TCP segment of a reassembled PDU]"
"20289","31.060825277","192.168.1.55","192.168.1.2","TCP","1514","8004  >  35844 [PSH, ACK] Seq=399838 Ack=144 Win=65024 Len=1448 TSval=2916035141 TSecr=3045554915 [TCP segment of a reassembled PDU]"
"20290","31.060878869","192.168.1.2","192.168.1.55","TCP","66","35844  >  8004 [ACK] Seq=144 Ack=265174 Win=150528 Len=0 TSval=3045554915 TSecr=2916035135"
"20291","31.060887481","192.168.1.2","192.168.1.55","TCP","66","35844  >  8004 [ACK] Seq=144 Ack=292686 Win=134144 Len=0 TSval=3045554915 TSecr=2916035135"
"20292","31.060903184","192.168.1.55","192.168.1.2","TCP","1514","8004  >  35844 [ACK] Seq=401286 Ack=144 Win=65024 Len=1448 TSval=2916035141 TSecr=3045554915 [TCP segment of a reassembled PDU]"
"20293","31.060904925","192.168.1.55","192.168.1.2","TCP","1514","8004  >  35844 [ACK] Seq=402734 Ack=144 Win=65024 Len=1448 TSval=2916035141 TSecr=3045554915 [TCP segment of a reassembled PDU]"
"20294","31.060906295","192.168.1.55","192.168.1.2","TCP","1514","8004  >  35844 [ACK] Seq=404182 Ack=144 Win=65024 Len=1448 TSval=2916035141 TSecr=3045554915 [TCP segment of a reassembled PDU]"
"20295","31.060907666","192.168.1.55","192.168.1.2","TCP","1514","8004  >  35844 [ACK] Seq=405630 Ack=144 Win=65024 Len=1448 TSval=2916035141 TSecr=3045554915 [TCP segment of a reassembled PDU]"
"20296","31.060908944","192.168.1.55","192.168.1.2","TCP","1514","8004  >  35844 [ACK] Seq=407078 Ack=144 Win=65024 Len=1448 TSval=2916035141 TSecr=3045554915 [TCP segment of a reassembled PDU]"
"20297","31.060910295","192.168.1.55","192.168.1.2","TCP","1514","8004  >  35844 [ACK] Seq=408526 Ack=144 Win=65024 Len=1448 TSval=2916035141 TSecr=3045554915 [TCP segment of a reassembled PDU]"
"20298","31.060911573","192.168.1.55","192.168.1.2","TCP","1514","8004  >  35844 [ACK] Seq=409974 Ack=144 Win=65024 Len=1448 TSval=2916035141 TSecr=3045554915 [TCP segment of a reassembled PDU]"
"20299","31.060913055","192.168.1.55","192.168.1.2","TCP","1514","8004  >  35844 [ACK] Seq=411422 Ack=144 Win=65024 Len=1448 TSval=2916035141 TSecr=3045554915 [TCP segment of a reassembled PDU]"
"20300","31.060914425","192.168.1.55","192.168.1.2","TCP","1514","8004  >  35844 [ACK] Seq=412870 Ack=144 Win=65024 Len=1448 TSval=2916035141 TSecr=3045554915 [TCP segment of a reassembled PDU]"
"20301","31.060915721","192.168.1.55","192.168.1.2","TCP","1514","8004  >  35844 [PSH, ACK] Seq=414318 Ack=144 Win=65024 Len=1448 TSval=2916035141 TSecr=3045554915 [TCP segment of a reassembled PDU]"
"20302","31.066242859","192.168.1.2","192.168.1.55","TCP","66","35844  >  8004 [ACK] Seq=144 Ack=302822 Win=146432 Len=0 TSval=3045554922 TSecr=2916035135"
"20303","31.066272859","192.168.1.55","192.168.1.2","TCP","1514","8004  >  35844 [ACK] Seq=415766 Ack=144 Win=65024 Len=1448 TSval=2916035146 TSecr=3045554922 [TCP segment of a reassembled PDU]"
"20304","31.066275396","192.168.1.55","192.168.1.2","TCP","1514","8004  >  35844 [ACK] Seq=417214 Ack=144 Win=65024 Len=1448 TSval=2916035146 TSecr=3045554922 [TCP segment of a reassembled PDU]"
"20305","31.066276804","192.168.1.55","192.168.1.2","TCP","1514","8004  >  35844 [ACK] Seq=418662 Ack=144 Win=65024 Len=1448 TSval=2916035146 TSecr=3045554922 [TCP segment of a reassembled PDU]"
"20306","31.066278137","192.168.1.55","192.168.1.2","TCP","1514","8004  >  35844 [ACK] Seq=420110 Ack=144 Win=65024 Len=1448 TSval=2916035146 TSecr=3045554922 [TCP segment of a reassembled PDU]"
"20307","31.066279452","192.168.1.55","192.168.1.2","TCP","1514","8004  >  35844 [ACK] Seq=421558 Ack=144 Win=65024 Len=1448 TSval=2916035146 TSecr=3045554922 [TCP segment of a reassembled PDU]"
"20308","31.066280989","192.168.1.55","192.168.1.2","TCP","1514","8004  >  35844 [ACK] Seq=423006 Ack=144 Win=65024 Len=1448 TSval=2916035146 TSecr=3045554922 [TCP segment of a reassembled PDU]"
"20309","31.066282304","192.168.1.55","192.168.1.2","TCP","1514","8004  >  35844 [ACK] Seq=424454 Ack=144 Win=65024 Len=1448 TSval=2916035146 TSecr=3045554922 [TCP segment of a reassembled PDU]"
"20310","31.066283693","192.168.1.55","192.168.1.2","TCP","1514","8004  >  35844 [ACK] Seq=425902 Ack=144 Win=65024 Len=1448 TSval=2916035146 TSecr=3045554922 [TCP segment of a reassembled PDU]"
"20311","31.066284989","192.168.1.55","192.168.1.2","TCP","1514","8004  >  35844 [ACK] Seq=427350 Ack=144 Win=65024 Len=1448 TSval=2916035146 TSecr=3045554922 [TCP segment of a reassembled PDU]"
"20312","31.066286341","192.168.1.55","192.168.1.2","TCP","1514","8004  >  35844 [ACK] Seq=428798 Ack=144 Win=65024 Len=1448 TSval=2916035146 TSecr=3045554922 [TCP segment of a reassembled PDU]"
"20313","31.066297063","192.168.1.55","192.168.1.2","TCP","1514","8004  >  35844 [ACK] Seq=430246 Ack=144 Win=65024 Len=1448 TSval=2916035146 TSecr=3045554922 [TCP segment of a reassembled PDU]"
"20314","31.066298822","192.168.1.55","192.168.1.2","TCP","1514","8004  >  35844 [ACK] Seq=431694 Ack=144 Win=65024 Len=1448 TSval=2916035146 TSecr=3045554922 [TCP segment of a reassembled PDU]"
"20315","31.066300211","192.168.1.55","192.168.1.2","TCP","1514","8004  >  35844 [ACK] Seq=433142 Ack=144 Win=65024 Len=1448 TSval=2916035146 TSecr=3045554922 [TCP segment of a reassembled PDU]"
"20316","31.066301711","192.168.1.55","192.168.1.2","TCP","1514","8004  >  35844 [ACK] Seq=434590 Ack=144 Win=65024 Len=1448 TSval=2916035146 TSecr=3045554922 [TCP segment of a reassembled PDU]"
"20317","31.066303045","192.168.1.55","192.168.1.2","TCP","1514","8004  >  35844 [ACK] Seq=436038 Ack=144 Win=65024 Len=1448 TSval=2916035146 TSecr=3045554922 [TCP segment of a reassembled PDU]"
"20318","31.066304415","192.168.1.55","192.168.1.2","TCP","1514","8004  >  35844 [ACK] Seq=437486 Ack=144 Win=65024 Len=1448 TSval=2916035146 TSecr=3045554922 [TCP segment of a reassembled PDU]"
"20319","31.066305822","192.168.1.55","192.168.1.2","TCP","1514","8004  >  35844 [ACK] Seq=438934 Ack=144 Win=65024 Len=1448 TSval=2916035146 TSecr=3045554922 [TCP segment of a reassembled PDU]"
"20320","31.066307397","192.168.1.55","192.168.1.2","TCP","1514","8004  >  35844 [ACK] Seq=440382 Ack=144 Win=65024 Len=1448 TSval=2916035146 TSecr=3045554922 [TCP segment of a reassembled PDU]"
"20321","31.066308730","192.168.1.55","192.168.1.2","TCP","1514","8004  >  35844 [ACK] Seq=441830 Ack=144 Win=65024 Len=1448 TSval=2916035146 TSecr=3045554922 [TCP segment of a reassembled PDU]"
"20322","31.066310063","192.168.1.55","192.168.1.2","TCP","1514","8004  >  35844 [ACK] Seq=443278 Ack=144 Win=65024 Len=1448 TSval=2916035146 TSecr=3045554922 [TCP segment of a reassembled PDU]"
"20323","31.066311378","192.168.1.55","192.168.1.2","TCP","1514","8004  >  35844 [ACK] Seq=444726 Ack=144 Win=65024 Len=1448 TSval=2916035146 TSecr=3045554922 [TCP segment of a reassembled PDU]"
"20324","31.066312674","192.168.1.55","192.168.1.2","TCP","1514","8004  >  35844 [ACK] Seq=446174 Ack=144 Win=65024 Len=1448 TSval=2916035146 TSecr=3045554922 [TCP segment of a reassembled PDU]"
"20325","31.066314082","192.168.1.55","192.168.1.2","TCP","1514","8004  >  35844 [PSH, ACK] Seq=447622 Ack=144 Win=65024 Len=1448 TSval=2916035146 TSecr=3045554922 [TCP segment of a reassembled PDU]"
"20326","31.066347785","192.168.1.2","192.168.1.55","TCP","66","35844  >  8004 [ACK] Seq=144 Ack=323094 Win=140288 Len=0 TSval=3045554922 TSecr=2916035138"
"20327","31.066360952","192.168.1.55","192.168.1.2","TCP","1514","8004  >  35844 [ACK] Seq=449070 Ack=144 Win=65024 Len=1448 TSval=2916035147 TSecr=3045554922 [TCP segment of a reassembled PDU]"
"20328","31.066362563","192.168.1.55","192.168.1.2","TCP","1514","8004  >  35844 [ACK] Seq=450518 Ack=144 Win=65024 Len=1448 TSval=2916035147 TSecr=3045554922 [TCP segment of a reassembled PDU]"
"20329","31.066363860","192.168.1.55","192.168.1.2","TCP","1514","8004  >  35844 [PSH, ACK] Seq=451966 Ack=144 Win=65024 Len=1448 TSval=2916035147 TSecr=3045554922 [TCP segment of a reassembled PDU]"
"20330","31.067746306","192.168.1.2","192.168.1.55","TCP","66","35844  >  8004 [ACK] Seq=144 Ack=340470 Win=143360 Len=0 TSval=3045554922 TSecr=2916035138"
"20331","31.067776751","192.168.1.55","192.168.1.2","TCP","1514","8004  >  35844 [ACK] Seq=453414 Ack=144 Win=65024 Len=1448 TSval=2916035148 TSecr=3045554922 [TCP segment of a reassembled PDU]"
"20332","31.067779380","192.168.1.55","192.168.1.2","TCP","1514","8004  >  35844 [ACK] Seq=454862 Ack=144 Win=65024 Len=1448 TSval=2916035148 TSecr=3045554922 [TCP segment of a reassembled PDU]"
"20333","31.067780806","192.168.1.55","192.168.1.2","TCP","1514","8004  >  35844 [ACK] Seq=456310 Ack=144 Win=65024 Len=1448 TSval=2916035148 TSecr=3045554922 [TCP segment of a reassembled PDU]"
"20334","31.067782121","192.168.1.55","192.168.1.2","TCP","1514","8004  >  35844 [ACK] Seq=457758 Ack=144 Win=65024 Len=1448 TSval=2916035148 TSecr=3045554922 [TCP segment of a reassembled PDU]"
"20335","31.067783528","192.168.1.55","192.168.1.2","TCP","1514","8004  >  35844 [ACK] Seq=459206 Ack=144 Win=65024 Len=1448 TSval=2916035148 TSecr=3045554922 [TCP segment of a reassembled PDU]"
"20336","31.067784806","192.168.1.55","192.168.1.2","TCP","1514","8004  >  35844 [ACK] Seq=460654 Ack=144 Win=65024 Len=1448 TSval=2916035148 TSecr=3045554922 [TCP segment of a reassembled PDU]"
"20337","31.067786214","192.168.1.55","192.168.1.2","TCP","1514","8004  >  35844 [ACK] Seq=462102 Ack=144 Win=65024 Len=1448 TSval=2916035148 TSecr=3045554922 [TCP segment of a reassembled PDU]"
"20338","31.067787528","192.168.1.55","192.168.1.2","TCP","1514","8004  >  35844 [ACK] Seq=463550 Ack=144 Win=65024 Len=1448 TSval=2916035148 TSecr=3045554922 [TCP segment of a reassembled PDU]"
"20339","31.067788825","192.168.1.55","192.168.1.2","TCP","1514","8004  >  35844 [ACK] Seq=464998 Ack=144 Win=65024 Len=1448 TSval=2916035148 TSecr=3045554922 [TCP segment of a reassembled PDU]"
"20340","31.067790251","192.168.1.55","192.168.1.2","TCP","1514","8004  >  35844 [ACK] Seq=466446 Ack=144 Win=65024 Len=1448 TSval=2916035148 TSecr=3045554922 [TCP segment of a reassembled PDU]"
"20341","31.067791510","192.168.1.55","192.168.1.2","TCP","1514","8004  >  35844 [ACK] Seq=467894 Ack=144 Win=65024 Len=1448 TSval=2916035148 TSecr=3045554922 [TCP segment of a reassembled PDU]"
"20342","31.067792917","192.168.1.55","192.168.1.2","TCP","1514","8004  >  35844 [ACK] Seq=469342 Ack=144 Win=65024 Len=1448 TSval=2916035148 TSecr=3045554922 [TCP segment of a reassembled PDU]"
"20343","31.067794195","192.168.1.55","192.168.1.2","TCP","1514","8004  >  35844 [ACK] Seq=470790 Ack=144 Win=65024 Len=1448 TSval=2916035148 TSecr=3045554922 [TCP segment of a reassembled PDU]"
"20344","31.067795491","192.168.1.55","192.168.1.2","TCP","1514","8004  >  35844 [ACK] Seq=472238 Ack=144 Win=65024 Len=1448 TSval=2916035148 TSecr=3045554922 [TCP segment of a reassembled PDU]"
"20345","31.067796936","192.168.1.55","192.168.1.2","TCP","1514","8004  >  35844 [ACK] Seq=473686 Ack=144 Win=65024 Len=1448 TSval=2916035148 TSecr=3045554922 [TCP segment of a reassembled PDU]"
"20346","31.067798214","192.168.1.55","192.168.1.2","TCP","1514","8004  >  35844 [ACK] Seq=475134 Ack=144 Win=65024 Len=1448 TSval=2916035148 TSecr=3045554922 [TCP segment of a reassembled PDU]"
"20347","31.067799491","192.168.1.55","192.168.1.2","TCP","1514","8004  >  35844 [ACK] Seq=476582 Ack=144 Win=65024 Len=1448 TSval=2916035148 TSecr=3045554922 [TCP segment of a reassembled PDU]"
"20348","31.067801232","192.168.1.55","192.168.1.2","TCP","1514","8004  >  35844 [ACK] Seq=478030 Ack=144 Win=65024 Len=1448 TSval=2916035148 TSecr=3045554922 [TCP segment of a reassembled PDU]"
"20349","31.067802640","192.168.1.55","192.168.1.2","TCP","1514","8004  >  35844 [ACK] Seq=479478 Ack=144 Win=65024 Len=1448 TSval=2916035148 TSecr=3045554922 [TCP segment of a reassembled PDU]"
"20350","31.067804010","192.168.1.55","192.168.1.2","TCP","1514","8004  >  35844 [ACK] Seq=480926 Ack=144 Win=65024 Len=1448 TSval=2916035148 TSecr=3045554922 [TCP segment of a reassembled PDU]"
"20351","31.067805306","192.168.1.55","192.168.1.2","TCP","1514","8004  >  35844 [PSH, ACK] Seq=482374 Ack=144 Win=65024 Len=1448 TSval=2916035148 TSecr=3045554922 [TCP segment of a reassembled PDU]"
"20352","31.067875362","192.168.1.2","192.168.1.55","TCP","66","35844  >  8004 [ACK] Seq=144 Ack=376854 Win=107520 Len=0 TSval=3045554922 TSecr=2916035140"
"20353","31.067935325","192.168.1.2","192.168.1.55","TCP","66","35844  >  8004 [ACK] Seq=144 Ack=405630 Win=102400 Len=0 TSval=3045554922 TSecr=2916035140"
"20354","31.067952492","192.168.1.55","192.168.1.2","TCP","1514","8004  >  35844 [ACK] Seq=483822 Ack=144 Win=65024 Len=1448 TSval=2916035148 TSecr=3045554922 [TCP segment of a reassembled PDU]"
"20355","31.067954677","192.168.1.55","192.168.1.2","TCP","1514","8004  >  35844 [ACK] Seq=485270 Ack=144 Win=65024 Len=1448 TSval=2916035148 TSecr=3045554922 [TCP segment of a reassembled PDU]"
"20356","31.067955992","192.168.1.55","192.168.1.2","TCP","1514","8004  >  35844 [ACK] Seq=486718 Ack=144 Win=65024 Len=1448 TSval=2916035148 TSecr=3045554922 [TCP segment of a reassembled PDU]"
"20357","31.067957473","192.168.1.55","192.168.1.2","TCP","1514","8004  >  35844 [ACK] Seq=488166 Ack=144 Win=65024 Len=1448 TSval=2916035148 TSecr=3045554922 [TCP segment of a reassembled PDU]"
"20358","31.067958788","192.168.1.55","192.168.1.2","TCP","1514","8004  >  35844 [PSH, ACK] Seq=489614 Ack=144 Win=65024 Len=1448 TSval=2916035148 TSecr=3045554922 [TCP segment of a reassembled PDU]"
"20359","31.067969418","192.168.1.55","192.168.1.2","TCP","1514","8004  >  35844 [ACK] Seq=491062 Ack=144 Win=65024 Len=1448 TSval=2916035148 TSecr=3045554922 [TCP segment of a reassembled PDU]"
"20360","31.067970844","192.168.1.55","192.168.1.2","TCP","1514","8004  >  35844 [ACK] Seq=492510 Ack=144 Win=65024 Len=1448 TSval=2916035148 TSecr=3045554922 [TCP segment of a reassembled PDU]"
"20361","31.067972140","192.168.1.55","192.168.1.2","TCP","1514","8004  >  35844 [ACK] Seq=493958 Ack=144 Win=65024 Len=1448 TSval=2916035148 TSecr=3045554922 [TCP segment of a reassembled PDU]"
"20362","31.067973547","192.168.1.55","192.168.1.2","TCP","1514","8004  >  35844 [ACK] Seq=495406 Ack=144 Win=65024 Len=1448 TSval=2916035148 TSecr=3045554922 [TCP segment of a reassembled PDU]"
"20363","31.067974844","192.168.1.55","192.168.1.2","TCP","1514","8004  >  35844 [ACK] Seq=496854 Ack=144 Win=65024 Len=1448 TSval=2916035148 TSecr=3045554922 [TCP segment of a reassembled PDU]"
"20364","31.067976195","192.168.1.55","192.168.1.2","HTTP","222","HTTP/1.0 200 OK  (PNG)"
"20365","31.071974720","192.168.1.2","192.168.1.55","TCP","66","35844  >  8004 [ACK] Seq=144 Ack=415766 Win=146432 Len=0 TSval=3045554924 TSecr=2916035141"
"20366","31.073521223","192.168.1.2","192.168.1.55","TCP","66","35844  >  8004 [ACK] Seq=144 Ack=451966 Win=147456 Len=0 TSval=3045554928 TSecr=2916035146"
"20367","31.073677538","192.168.1.2","192.168.1.55","TCP","66","35844  >  8004 [ACK] Seq=144 Ack=453414 Win=153600 Len=0 TSval=3045554928 TSecr=2916035147"
"20368","31.073683538","192.168.1.2","192.168.1.55","TCP","66","35844  >  8004 [ACK] Seq=144 Ack=483822 Win=153600 Len=0 TSval=3045554928 TSecr=2916035148"
"20369","31.073689556","192.168.1.2","192.168.1.55","TCP","66","35844  >  8004 [ACK] Seq=144 Ack=495406 Win=144384 Len=0 TSval=3045554928 TSecr=2916035148"
"20370","31.073800631","192.168.1.2","192.168.1.55","TCP","66","35844  >  8004 [ACK] Seq=144 Ack=496854 Win=156672 Len=0 TSval=3045554929 TSecr=2916035148"
"20371","31.073806075","192.168.1.2","192.168.1.55","TCP","66","35844  >  8004 [ACK] Seq=144 Ack=498302 Win=159744 Len=0 TSval=3045554929 TSecr=2916035148"
"20372","31.075444281","192.168.1.2","192.168.1.55","TCP","66","35844  >  8004 [FIN, ACK] Seq=144 Ack=498459 Win=162816 Len=0 TSval=3045554930 TSecr=2916035148"
"20373","31.075457300","192.168.1.55","192.168.1.2","TCP","66","8004  >  35844 [ACK] Seq=498459 Ack=145 Win=65024 Len=0 TSval=2916035156 TSecr=3045554930"
"20374","31.075568430","192.168.1.2","192.168.1.55","TCP","74","35846  >  8004 [SYN] Seq=0 Win=64240 Len=0 MSS=1460 SACK_PERM TSval=3045554930 TSecr=0 WS=1024"
"20375","31.075593115","192.168.1.55","192.168.1.2","TCP","74","8004  >  35846 [SYN, ACK] Seq=0 Ack=1 Win=65160 Len=0 MSS=1460 SACK_PERM TSval=2916035156 TSecr=3045554930 WS=128"
"20376","31.078683268","192.168.1.2","192.168.1.55","TCP","66","35846  >  8004 [ACK] Seq=1 Ack=1 Win=64512 Len=0 TSval=3045554933 TSecr=2916035156"
"20377","31.081900273","192.168.1.2","192.168.1.55","HTTP","206","GET /stego_benchmark.png HTTP/1.1 "
"20378","31.081919903","192.168.1.55","192.168.1.2","TCP","66","8004  >  35846 [ACK] Seq=1 Ack=141 Win=65024 Len=0 TSval=2916035162 TSecr=3045554933"
"20379","31.082412440","192.168.1.55","192.168.1.2","TCP","255","8004  >  35846 [PSH, ACK] Seq=1 Ack=141 Win=65024 Len=189 TSval=2916035163 TSecr=3045554933 [TCP segment of a reassembled PDU]"
"20380","31.082501015","192.168.1.55","192.168.1.2","TCP","1514","8004  >  35846 [ACK] Seq=190 Ack=141 Win=65024 Len=1448 TSval=2916035163 TSecr=3045554933 [TCP segment of a reassembled PDU]"
"20381","31.082505737","192.168.1.55","192.168.1.2","TCP","1514","8004  >  35846 [ACK] Seq=1638 Ack=141 Win=65024 Len=1448 TSval=2916035163 TSecr=3045554933 [TCP segment of a reassembled PDU]"
"20382","31.082507070","192.168.1.55","192.168.1.2","TCP","1514","8004  >  35846 [ACK] Seq=3086 Ack=141 Win=65024 Len=1448 TSval=2916035163 TSecr=3045554933 [TCP segment of a reassembled PDU]"
"20383","31.082508385","192.168.1.55","192.168.1.2","TCP","1514","8004  >  35846 [ACK] Seq=4534 Ack=141 Win=65024 Len=1448 TSval=2916035163 TSecr=3045554933 [TCP segment of a reassembled PDU]"
"20384","31.082510274","192.168.1.55","192.168.1.2","TCP","1514","8004  >  35846 [PSH, ACK] Seq=5982 Ack=141 Win=65024 Len=1448 TSval=2916035163 TSecr=3045554933 [TCP segment of a reassembled PDU]"
"20385","31.082529292","192.168.1.55","192.168.1.2","TCP","1514","8004  >  35846 [ACK] Seq=7430 Ack=141 Win=65024 Len=1448 TSval=2916035163 TSecr=3045554933 [TCP segment of a reassembled PDU]"
"20386","31.082531404","192.168.1.55","192.168.1.2","TCP","1514","8004  >  35846 [ACK] Seq=8878 Ack=141 Win=65024 Len=1448 TSval=2916035163 TSecr=3045554933 [TCP segment of a reassembled PDU]"
"20387","31.082532774","192.168.1.55","192.168.1.2","TCP","1514","8004  >  35846 [ACK] Seq=10326 Ack=141 Win=65024 Len=1448 TSval=2916035163 TSecr=3045554933 [TCP segment of a reassembled PDU]"
"20388","31.082534126","192.168.1.55","192.168.1.2","TCP","1514","8004  >  35846 [PSH, ACK] Seq=11774 Ack=141 Win=65024 Len=1448 TSval=2916035163 TSecr=3045554933 [TCP segment of a reassembled PDU]"
"20389","31.086139168","192.168.1.2","192.168.1.55","TCP","66","35846  >  8004 [ACK] Seq=141 Ack=190 Win=64512 Len=0 TSval=3045554940 TSecr=2916035163"
"20390","31.086275335","192.168.1.55","192.168.1.2","TCP","1514","8004  >  35846 [ACK] Seq=13222 Ack=141 Win=65024 Len=1448 TSval=2916035166 TSecr=3045554940 [TCP segment of a reassembled PDU]"
"20391","31.086288761","192.168.1.55","192.168.1.2","TCP","1514","8004  >  35846 [PSH, ACK] Seq=14670 Ack=141 Win=65024 Len=1448 TSval=2916035166 TSecr=3045554940 [TCP segment of a reassembled PDU]"
"20392","31.086459484","192.168.1.2","192.168.1.55","TCP","66","35846  >  8004 [ACK] Seq=141 Ack=3086 Win=70656 Len=0 TSval=3045554940 TSecr=2916035163"
"20393","31.086503410","192.168.1.2","192.168.1.55","TCP","66","35846  >  8004 [ACK] Seq=141 Ack=5982 Win=76800 Len=0 TSval=3045554940 TSecr=2916035163"
"20394","31.086567836","192.168.1.55","192.168.1.2","TCP","1514","8004  >  35846 [ACK] Seq=16118 Ack=141 Win=65024 Len=1448 TSval=2916035167 TSecr=3045554940 [TCP segment of a reassembled PDU]"
"20395","31.086572651","192.168.1.55","192.168.1.2","TCP","1514","8004  >  35846 [ACK] Seq=17566 Ack=141 Win=65024 Len=1448 TSval=2916035167 TSecr=3045554940 [TCP segment of a reassembled PDU]"
"20396","31.086574780","192.168.1.55","192.168.1.2","TCP","1514","8004  >  35846 [ACK] Seq=19014 Ack=141 Win=65024 Len=1448 TSval=2916035167 TSecr=3045554940 [TCP segment of a reassembled PDU]"
"20397","31.086577614","192.168.1.55","192.168.1.2","TCP","1514","8004  >  35846 [ACK] Seq=20462 Ack=141 Win=65024 Len=1448 TSval=2916035167 TSecr=3045554940 [TCP segment of a reassembled PDU]"
"20398","31.086580280","192.168.1.55","192.168.1.2","TCP","1514","8004  >  35846 [ACK] Seq=21910 Ack=141 Win=65024 Len=1448 TSval=2916035167 TSecr=3045554940 [TCP segment of a reassembled PDU]"
"20399","31.086582373","192.168.1.55","192.168.1.2","TCP","1514","8004  >  35846 [ACK] Seq=23358 Ack=141 Win=65024 Len=1448 TSval=2916035167 TSecr=3045554940 [TCP segment of a reassembled PDU]"
"20400","31.086584262","192.168.1.55","192.168.1.2","TCP","1514","8004  >  35846 [PSH, ACK] Seq=24806 Ack=141 Win=65024 Len=1448 TSval=2916035167 TSecr=3045554940 [TCP segment of a reassembled PDU]"
"20401","31.087161744","192.168.1.2","192.168.1.55","TCP","66","35846  >  8004 [ACK] Seq=141 Ack=7430 Win=79872 Len=0 TSval=3045554941 TSecr=2916035163"
"20402","31.087222133","192.168.1.2","192.168.1.55","TCP","66","35846  >  8004 [ACK] Seq=141 Ack=13222 Win=84992 Len=0 TSval=3045554941 TSecr=2916035163"
"20403","31.087258430","192.168.1.55","192.168.1.2","TCP","1514","8004  >  35846 [ACK] Seq=26254 Ack=141 Win=65024 Len=1448 TSval=2916035167 TSecr=3045554941 [TCP segment of a reassembled PDU]"
"20404","31.087263596","192.168.1.55","192.168.1.2","TCP","1514","8004  >  35846 [ACK] Seq=27702 Ack=141 Win=65024 Len=1448 TSval=2916035167 TSecr=3045554941 [TCP segment of a reassembled PDU]"
"20405","31.087265263","192.168.1.55","192.168.1.2","TCP","1514","8004  >  35846 [ACK] Seq=29150 Ack=141 Win=65024 Len=1448 TSval=2916035167 TSecr=3045554941 [TCP segment of a reassembled PDU]"
"20406","31.087266855","192.168.1.55","192.168.1.2","TCP","1514","8004  >  35846 [ACK] Seq=30598 Ack=141 Win=65024 Len=1448 TSval=2916035167 TSecr=3045554941 [TCP segment of a reassembled PDU]"
"20407","31.087268263","192.168.1.55","192.168.1.2","TCP","1514","8004  >  35846 [ACK] Seq=32046 Ack=141 Win=65024 Len=1448 TSval=2916035167 TSecr=3045554941 [TCP segment of a reassembled PDU]"
"20408","31.087269596","192.168.1.55","192.168.1.2","TCP","1514","8004  >  35846 [ACK] Seq=33494 Ack=141 Win=65024 Len=1448 TSval=2916035167 TSecr=3045554941 [TCP segment of a reassembled PDU]"
"20409","31.087272022","192.168.1.55","192.168.1.2","TCP","1514","8004  >  35846 [ACK] Seq=34942 Ack=141 Win=65024 Len=1448 TSval=2916035167 TSecr=3045554941 [TCP segment of a reassembled PDU]"
"20410","31.087273504","192.168.1.55","192.168.1.2","TCP","1514","8004  >  35846 [ACK] Seq=36390 Ack=141 Win=65024 Len=1448 TSval=2916035167 TSecr=3045554941 [TCP segment of a reassembled PDU]"
"20411","31.087274855","192.168.1.55","192.168.1.2","TCP","1514","8004  >  35846 [ACK] Seq=37838 Ack=141 Win=65024 Len=1448 TSval=2916035167 TSecr=3045554941 [TCP segment of a reassembled PDU]"
"20412","31.087276355","192.168.1.55","192.168.1.2","TCP","1514","8004  >  35846 [PSH, ACK] Seq=39286 Ack=141 Win=65024 Len=1448 TSval=2916035167 TSecr=3045554941 [TCP segment of a reassembled PDU]"
"20413","31.087290707","192.168.1.55","192.168.1.2","TCP","1514","8004  >  35846 [ACK] Seq=40734 Ack=141 Win=65024 Len=1448 TSval=2916035167 TSecr=3045554941 [TCP segment of a reassembled PDU]"
"20414","31.091796251","192.168.1.2","192.168.1.55","TCP","66","35846  >  8004 [ACK] Seq=141 Ack=16118 Win=90112 Len=0 TSval=3045554946 TSecr=2916035166"
"20415","31.091848177","192.168.1.55","192.168.1.2","TCP","1514","8004  >  35846 [ACK] Seq=42182 Ack=141 Win=65024 Len=1448 TSval=2916035172 TSecr=3045554946 [TCP segment of a reassembled PDU]"
"20416","31.091851974","192.168.1.55","192.168.1.2","TCP","1514","8004  >  35846 [PSH, ACK] Seq=43630 Ack=141 Win=65024 Len=1448 TSval=2916035172 TSecr=3045554946 [TCP segment of a reassembled PDU]"
"20417","31.091915585","192.168.1.2","192.168.1.55","TCP","66","35846  >  8004 [ACK] Seq=141 Ack=26254 Win=83968 Len=0 TSval=3045554946 TSecr=2916035167"
"20418","31.091948529","192.168.1.55","192.168.1.2","TCP","1514","8004  >  35846 [ACK] Seq=45078 Ack=141 Win=65024 Len=1448 TSval=2916035172 TSecr=3045554946 [TCP segment of a reassembled PDU]"
"20419","31.091952418","192.168.1.55","192.168.1.2","TCP","1514","8004  >  35846 [ACK] Seq=46526 Ack=141 Win=65024 Len=1448 TSval=2916035172 TSecr=3045554946 [TCP segment of a reassembled PDU]"
"20420","31.091953696","192.168.1.55","192.168.1.2","TCP","1514","8004  >  35846 [ACK] Seq=47974 Ack=141 Win=65024 Len=1448 TSval=2916035172 TSecr=3045554946 [TCP segment of a reassembled PDU]"
"20421","31.091955048","192.168.1.55","192.168.1.2","TCP","1514","8004  >  35846 [ACK] Seq=49422 Ack=141 Win=65024 Len=1448 TSval=2916035172 TSecr=3045554946 [TCP segment of a reassembled PDU]"
"20422","31.091957159","192.168.1.55","192.168.1.2","TCP","1514","8004  >  35846 [ACK] Seq=50870 Ack=141 Win=65024 Len=1448 TSval=2916035172 TSecr=3045554946 [TCP segment of a reassembled PDU]"
"20423","31.091959252","192.168.1.55","192.168.1.2","TCP","1514","8004  >  35846 [ACK] Seq=52318 Ack=141 Win=65024 Len=1448 TSval=2916035172 TSecr=3045554946 [TCP segment of a reassembled PDU]"
"20424","31.091960585","192.168.1.55","192.168.1.2","TCP","1514","8004  >  35846 [ACK] Seq=53766 Ack=141 Win=65024 Len=1448 TSval=2916035172 TSecr=3045554946 [TCP segment of a reassembled PDU]"
"20425","31.091962122","192.168.1.55","192.168.1.2","TCP","1514","8004  >  35846 [ACK] Seq=55214 Ack=141 Win=65024 Len=1448 TSval=2916035172 TSecr=3045554946 [TCP segment of a reassembled PDU]"
"20426","31.091964511","192.168.1.55","192.168.1.2","TCP","1514","8004  >  35846 [ACK] Seq=56662 Ack=141 Win=65024 Len=1448 TSval=2916035172 TSecr=3045554946 [TCP segment of a reassembled PDU]"
"20427","31.091966085","192.168.1.55","192.168.1.2","TCP","1514","8004  >  35846 [ACK] Seq=58110 Ack=141 Win=65024 Len=1448 TSval=2916035172 TSecr=3045554946 [TCP segment of a reassembled PDU]"
"20428","31.091967863","192.168.1.55","192.168.1.2","TCP","1514","8004  >  35846 [ACK] Seq=59558 Ack=141 Win=65024 Len=1448 TSval=2916035172 TSecr=3045554946 [TCP segment of a reassembled PDU]"
"20429","31.091970270","192.168.1.55","192.168.1.2","TCP","1514","8004  >  35846 [ACK] Seq=61006 Ack=141 Win=65024 Len=1448 TSval=2916035172 TSecr=3045554946 [TCP segment of a reassembled PDU]"
"20430","31.091972437","192.168.1.55","192.168.1.2","TCP","1514","8004  >  35846 [ACK] Seq=62454 Ack=141 Win=65024 Len=1448 TSval=2916035172 TSecr=3045554946 [TCP segment of a reassembled PDU]"
"20431","31.091974307","192.168.1.55","192.168.1.2","TCP","1514","8004  >  35846 [PSH, ACK] Seq=63902 Ack=141 Win=65024 Len=1448 TSval=2916035172 TSecr=3045554946 [TCP segment of a reassembled PDU]"
"20432","31.091979696","192.168.1.2","192.168.1.55","TCP","66","35846  >  8004 [ACK] Seq=141 Ack=36390 Win=74752 Len=0 TSval=3045554946 TSecr=2916035167"
"20433","31.092034400","192.168.1.55","192.168.1.2","TCP","1514","8004  >  35846 [ACK] Seq=65350 Ack=141 Win=65024 Len=1448 TSval=2916035172 TSecr=3045554946 [TCP segment of a reassembled PDU]"
"20434","31.092037381","192.168.1.55","192.168.1.2","TCP","1514","8004  >  35846 [ACK] Seq=66798 Ack=141 Win=65024 Len=1448 TSval=2916035172 TSecr=3045554946 [TCP segment of a reassembled PDU]"
"20435","31.092039085","192.168.1.55","192.168.1.2","TCP","1514","8004  >  35846 [ACK] Seq=68246 Ack=141 Win=65024 Len=1448 TSval=2916035172 TSecr=3045554946 [TCP segment of a reassembled PDU]"
"20436","31.092040233","192.168.1.55","192.168.1.2","TCP","1514","8004  >  35846 [ACK] Seq=69694 Ack=141 Win=65024 Len=1448 TSval=2916035172 TSecr=3045554946 [TCP segment of a reassembled PDU]"
"20437","31.092041567","192.168.1.55","192.168.1.2","TCP","1514","8004  >  35846 [ACK] Seq=71142 Ack=141 Win=65024 Len=1448 TSval=2916035172 TSecr=3045554946 [TCP segment of a reassembled PDU]"
"20438","31.092043122","192.168.1.55","192.168.1.2","TCP","1514","8004  >  35846 [ACK] Seq=72590 Ack=141 Win=65024 Len=1448 TSval=2916035172 TSecr=3045554946 [TCP segment of a reassembled PDU]"
"20439","31.092044474","192.168.1.55","192.168.1.2","TCP","1514","8004  >  35846 [ACK] Seq=74038 Ack=141 Win=65024 Len=1448 TSval=2916035172 TSecr=3045554946 [TCP segment of a reassembled PDU]"
"20440","31.092046807","192.168.1.55","192.168.1.2","TCP","1514","8004  >  35846 [PSH, ACK] Seq=75486 Ack=141 Win=65024 Len=1448 TSval=2916035172 TSecr=3045554946 [TCP segment of a reassembled PDU]"
"20441","31.092052752","192.168.1.2","192.168.1.55","TCP","66","35846  >  8004 [ACK] Seq=141 Ack=37838 Win=90112 Len=0 TSval=3045554946 TSecr=2916035167"
"20442","31.092112345","192.168.1.2","192.168.1.55","TCP","66","35846  >  8004 [ACK] Seq=141 Ack=40734 Win=88064 Len=0 TSval=3045554946 TSecr=2916035167"
"20443","31.092116641","192.168.1.2","192.168.1.55","TCP","66","35846  >  8004 [ACK] Seq=141 Ack=42182 Win=87040 Len=0 TSval=3045554946 TSecr=2916035167"
"20444","31.093048198","192.168.1.55","192.168.1.2","TCP","1514","8004  >  35846 [ACK] Seq=76934 Ack=141 Win=65024 Len=1448 TSval=2916035173 TSecr=3045554946 [TCP segment of a reassembled PDU]"
"20445","31.093052679","192.168.1.55","192.168.1.2","TCP","1514","8004  >  35846 [ACK] Seq=78382 Ack=141 Win=65024 Len=1448 TSval=2916035173 TSecr=3045554946 [TCP segment of a reassembled PDU]"
"20446","31.093054346","192.168.1.55","192.168.1.2","TCP","1514","8004  >  35846 [ACK] Seq=79830 Ack=141 Win=65024 Len=1448 TSval=2916035173 TSecr=3045554946 [TCP segment of a reassembled PDU]"
"20447","31.093055661","192.168.1.55","192.168.1.2","TCP","1514","8004  >  35846 [ACK] Seq=81278 Ack=141 Win=65024 Len=1448 TSval=2916035173 TSecr=3045554946 [TCP segment of a reassembled PDU]"
"20448","31.093057420","192.168.1.55","192.168.1.2","TCP","1514","8004  >  35846 [ACK] Seq=82726 Ack=141 Win=65024 Len=1448 TSval=2916035173 TSecr=3045554946 [TCP segment of a reassembled PDU]"
"20449","31.093059457","192.168.1.55","192.168.1.2","TCP","1514","8004  >  35846 [ACK] Seq=84174 Ack=141 Win=65024 Len=1448 TSval=2916035173 TSecr=3045554946 [TCP segment of a reassembled PDU]"
"20450","31.093062142","192.168.1.55","192.168.1.2","TCP","1514","8004  >  35846 [ACK] Seq=85622 Ack=141 Win=65024 Len=1448 TSval=2916035173 TSecr=3045554946 [TCP segment of a reassembled PDU]"
"20451","31.093063661","192.168.1.55","192.168.1.2","TCP","1514","8004  >  35846 [ACK] Seq=87070 Ack=141 Win=65024 Len=1448 TSval=2916035173 TSecr=3045554946 [TCP segment of a reassembled PDU]"
"20452","31.093065235","192.168.1.55","192.168.1.2","TCP","1514","8004  >  35846 [ACK] Seq=88518 Ack=141 Win=65024 Len=1448 TSval=2916035173 TSecr=3045554946 [TCP segment of a reassembled PDU]"
"20453","31.093066642","192.168.1.55","192.168.1.2","TCP","1514","8004  >  35846 [ACK] Seq=89966 Ack=141 Win=65024 Len=1448 TSval=2916035173 TSecr=3045554946 [TCP segment of a reassembled PDU]"
"20454","31.093068513","192.168.1.55","192.168.1.2","TCP","1514","8004  >  35846 [ACK] Seq=91414 Ack=141 Win=65024 Len=1448 TSval=2916035173 TSecr=3045554946 [TCP segment of a reassembled PDU]"
"20455","31.093070679","192.168.1.55","192.168.1.2","TCP","1514","8004  >  35846 [ACK] Seq=92862 Ack=141 Win=65024 Len=1448 TSval=2916035173 TSecr=3045554946 [TCP segment of a reassembled PDU]"
"20456","31.093072531","192.168.1.55","192.168.1.2","TCP","1514","8004  >  35846 [ACK] Seq=94310 Ack=141 Win=65024 Len=1448 TSval=2916035173 TSecr=3045554946 [TCP segment of a reassembled PDU]"
"20457","31.093074216","192.168.1.55","192.168.1.2","TCP","1514","8004  >  35846 [PSH, ACK] Seq=95758 Ack=141 Win=65024 Len=1448 TSval=2916035173 TSecr=3045554946 [TCP segment of a reassembled PDU]"
"20458","31.093081642","192.168.1.55","192.168.1.2","TCP","1514","8004  >  35846 [ACK] Seq=97206 Ack=141 Win=65024 Len=1448 TSval=2916035173 TSecr=3045554946 [TCP segment of a reassembled PDU]"
"20459","31.093084105","192.168.1.55","192.168.1.2","TCP","1514","8004  >  35846 [PSH, ACK] Seq=98654 Ack=141 Win=65024 Len=1448 TSval=2916035173 TSecr=3045554946 [TCP segment of a reassembled PDU]"
"20460","31.097137278","192.168.1.2","192.168.1.55","TCP","78","[TCP Window Update] 35846  >  8004 [ACK] Seq=141 Ack=42182 Win=90112 Len=0 TSval=3045554951 TSecr=2916035167 SLE=78382 SRE=79830"
"20461","31.097186575","192.168.1.55","192.168.1.2","TCP","1514","[TCP Retransmission] 8004  >  35846 [ACK] Seq=42182 Ack=141 Win=65024 Len=1448 TSval=2916035177 TSecr=3045554951 [TCP segment of a reassembled PDU]"
"20462","31.097423520","192.168.1.2","192.168.1.55","TCP","78","35846  >  8004 [ACK] Seq=141 Ack=45078 Win=88064 Len=0 TSval=3045554951 TSecr=2916035172 SLE=78382 SRE=79830"
"20463","31.097434390","192.168.1.2","192.168.1.55","TCP","78","35846  >  8004 [ACK] Seq=141 Ack=65350 Win=68608 Len=0 TSval=3045554951 TSecr=2916035172 SLE=78382 SRE=79830"
"20464","31.097456464","192.168.1.55","192.168.1.2","TCP","1514","8004  >  35846 [ACK] Seq=100102 Ack=141 Win=65024 Len=1448 TSval=2916035178 TSecr=3045554951 [TCP segment of a reassembled PDU]"
"20465","31.097458538","192.168.1.55","192.168.1.2","TCP","1514","8004  >  35846 [ACK] Seq=101550 Ack=141 Win=65024 Len=1448 TSval=2916035178 TSecr=3045554951 [TCP segment of a reassembled PDU]"
"20466","31.097459834","192.168.1.55","192.168.1.2","TCP","1514","8004  >  35846 [ACK] Seq=102998 Ack=141 Win=65024 Len=1448 TSval=2916035178 TSecr=3045554951 [TCP segment of a reassembled PDU]"
"20467","31.097461094","192.168.1.55","192.168.1.2","TCP","1514","8004  >  35846 [ACK] Seq=104446 Ack=141 Win=65024 Len=1448 TSval=2916035178 TSecr=3045554951 [TCP segment of a reassembled PDU]"
"20468","31.097462297","192.168.1.55","192.168.1.2","TCP","1514","8004  >  35846 [ACK] Seq=105894 Ack=141 Win=65024 Len=1448 TSval=2916035178 TSecr=3045554951 [TCP segment of a reassembled PDU]"
"20469","31.097463723","192.168.1.55","192.168.1.2","TCP","1514","8004  >  35846 [ACK] Seq=107342 Ack=141 Win=65024 Len=1448 TSval=2916035178 TSecr=3045554951 [TCP segment of a reassembled PDU]"
"20470","31.097464946","192.168.1.55","192.168.1.2","TCP","1514","8004  >  35846 [ACK] Seq=108790 Ack=141 Win=65024 Len=1448 TSval=2916035178 TSecr=3045554951 [TCP segment of a reassembled PDU]"
"20471","31.097466427","192.168.1.55","192.168.1.2","TCP","1514","8004  >  35846 [ACK] Seq=110238 Ack=141 Win=65024 Len=1448 TSval=2916035178 TSecr=3045554951 [TCP segment of a reassembled PDU]"
"20472","31.097467594","192.168.1.55","192.168.1.2","TCP","1514","8004  >  35846 [ACK] Seq=111686 Ack=141 Win=65024 Len=1448 TSval=2916035178 TSecr=3045554951 [TCP segment of a reassembled PDU]"
"20473","31.097468853","192.168.1.55","192.168.1.2","TCP","1514","8004  >  35846 [ACK] Seq=113134 Ack=141 Win=65024 Len=1448 TSval=2916035178 TSecr=3045554951 [TCP segment of a reassembled PDU]"
"20474","31.097470094","192.168.1.55","192.168.1.2","TCP","1514","8004  >  35846 [ACK] Seq=114582 Ack=141 Win=65024 Len=1448 TSval=2916035178 TSecr=3045554951 [TCP segment of a reassembled PDU]"
"20475","31.097471242","192.168.1.55","192.168.1.2","TCP","1514","8004  >  35846 [ACK] Seq=116030 Ack=141 Win=65024 Len=1448 TSval=2916035178 TSecr=3045554951 [TCP segment of a reassembled PDU]"
"20476","31.097472483","192.168.1.55","192.168.1.2","TCP","1514","8004  >  35846 [PSH, ACK] Seq=117478 Ack=141 Win=65024 Len=1448 TSval=2916035178 TSecr=3045554951 [TCP segment of a reassembled PDU]"
"20477","31.097476168","192.168.1.2","192.168.1.55","TCP","78","[TCP Window Update] 35846  >  8004 [ACK] Seq=141 Ack=65350 Win=78848 Len=0 TSval=3045554951 TSecr=2916035172 SLE=78382 SRE=89966"
"20478","31.097532594","192.168.1.2","192.168.1.55","TCP","78","35846  >  8004 [ACK] Seq=141 Ack=76934 Win=67584 Len=0 TSval=3045554952 TSecr=2916035172 SLE=78382 SRE=89966"
"20479","31.097565872","192.168.1.55","192.168.1.2","TCP","1514","8004  >  35846 [ACK] Seq=118926 Ack=141 Win=65024 Len=1448 TSval=2916035178 TSecr=3045554952 [TCP segment of a reassembled PDU]"
"20480","31.097568372","192.168.1.55","192.168.1.2","TCP","1514","8004  >  35846 [ACK] Seq=120374 Ack=141 Win=65024 Len=1448 TSval=2916035178 TSecr=3045554952 [TCP segment of a reassembled PDU]"
"20481","31.097569612","192.168.1.55","192.168.1.2","TCP","1514","8004  >  35846 [ACK] Seq=121822 Ack=141 Win=65024 Len=1448 TSval=2916035178 TSecr=3045554952 [TCP segment of a reassembled PDU]"
"20482","31.097570798","192.168.1.55","192.168.1.2","TCP","1514","8004  >  35846 [ACK] Seq=123270 Ack=141 Win=65024 Len=1448 TSval=2916035178 TSecr=3045554952 [TCP segment of a reassembled PDU]"
"20483","31.097572501","192.168.1.55","192.168.1.2","TCP","1514","8004  >  35846 [ACK] Seq=124718 Ack=141 Win=65024 Len=1448 TSval=2916035178 TSecr=3045554952 [TCP segment of a reassembled PDU]"
"20484","31.097573761","192.168.1.55","192.168.1.2","TCP","1514","8004  >  35846 [ACK] Seq=126166 Ack=141 Win=65024 Len=1448 TSval=2916035178 TSecr=3045554952 [TCP segment of a reassembled PDU]"
"20485","31.097575075","192.168.1.55","192.168.1.2","TCP","1514","8004  >  35846 [ACK] Seq=127614 Ack=141 Win=65024 Len=1448 TSval=2916035178 TSecr=3045554952 [TCP segment of a reassembled PDU]"
"20486","31.097576446","192.168.1.55","192.168.1.2","TCP","1514","8004  >  35846 [ACK] Seq=129062 Ack=141 Win=65024 Len=1448 TSval=2916035178 TSecr=3045554952 [TCP segment of a reassembled PDU]"
"20487","31.097577612","192.168.1.55","192.168.1.2","TCP","1514","8004  >  35846 [ACK] Seq=130510 Ack=141 Win=65024 Len=1448 TSval=2916035178 TSecr=3045554952 [TCP segment of a reassembled PDU]"
"20488","31.097578927","192.168.1.55","192.168.1.2","TCP","1514","8004  >  35846 [ACK] Seq=131958 Ack=141 Win=65024 Len=1448 TSval=2916035178 TSecr=3045554952 [TCP segment of a reassembled PDU]"
"20489","31.097580316","192.168.1.55","192.168.1.2","TCP","1514","8004  >  35846 [ACK] Seq=133406 Ack=141 Win=65024 Len=1448 TSval=2916035178 TSecr=3045554952 [TCP segment of a reassembled PDU]"
"20490","31.097581538","192.168.1.55","192.168.1.2","TCP","1514","8004  >  35846 [ACK] Seq=134854 Ack=141 Win=65024 Len=1448 TSval=2916035178 TSecr=3045554952 [TCP segment of a reassembled PDU]"
"20491","31.097582798","192.168.1.55","192.168.1.2","TCP","1514","8004  >  35846 [ACK] Seq=136302 Ack=141 Win=65024 Len=1448 TSval=2916035178 TSecr=3045554952 [TCP segment of a reassembled PDU]"
"20492","31.097583946","192.168.1.55","192.168.1.2","TCP","1514","8004  >  35846 [ACK] Seq=137750 Ack=141 Win=65024 Len=1448 TSval=2916035178 TSecr=3045554952 [TCP segment of a reassembled PDU]"
"20493","31.097585168","192.168.1.55","192.168.1.2","TCP","1514","8004  >  35846 [ACK] Seq=139198 Ack=141 Win=65024 Len=1448 TSval=2916035178 TSecr=3045554952 [TCP segment of a reassembled PDU]"
"20494","31.097586446","192.168.1.55","192.168.1.2","TCP","1514","8004  >  35846 [ACK] Seq=140646 Ack=141 Win=65024 Len=1448 TSval=2916035178 TSecr=3045554952 [TCP segment of a reassembled PDU]"
"20495","31.097587705","192.168.1.55","192.168.1.2","TCP","1514","8004  >  35846 [ACK] Seq=142094 Ack=141 Win=65024 Len=1448 TSval=2916035178 TSecr=3045554952 [TCP segment of a reassembled PDU]"
"20496","31.097589038","192.168.1.55","192.168.1.2","TCP","1042","[TCP Window Full] 8004  >  35846 [PSH, ACK] Seq=143542 Ack=141 Win=65024 Len=976 TSval=2916035178 TSecr=3045554952 [TCP segment of a reassembled PDU]"
"20497","31.097592909","192.168.1.2","192.168.1.55","TCP","66","35846  >  8004 [ACK] Seq=141 Ack=89966 Win=65536 Len=0 TSval=3045554952 TSecr=2916035173"
"20498","31.098737077","192.168.1.55","192.168.1.2","TCP","1514","8004  >  35846 [ACK] Seq=144518 Ack=141 Win=65024 Len=1448 TSval=2916035179 TSecr=3045554952 [TCP segment of a reassembled PDU]"
"20499","31.098740725","192.168.1.55","192.168.1.2","TCP","1514","8004  >  35846 [ACK] Seq=145966 Ack=141 Win=65024 Len=1448 TSval=2916035179 TSecr=3045554952 [TCP segment of a reassembled PDU]"
"20500","31.098742096","192.168.1.55","192.168.1.2","TCP","1514","8004  >  35846 [ACK] Seq=147414 Ack=141 Win=65024 Len=1448 TSval=2916035179 TSecr=3045554952 [TCP segment of a reassembled PDU]"
"20501","31.098743262","192.168.1.55","192.168.1.2","TCP","1514","8004  >  35846 [ACK] Seq=148862 Ack=141 Win=65024 Len=1448 TSval=2916035179 TSecr=3045554952 [TCP segment of a reassembled PDU]"
"20502","31.098745040","192.168.1.55","192.168.1.2","TCP","1514","8004  >  35846 [ACK] Seq=150310 Ack=141 Win=65024 Len=1448 TSval=2916035179 TSecr=3045554952 [TCP segment of a reassembled PDU]"
"20503","31.098746411","192.168.1.55","192.168.1.2","TCP","1514","8004  >  35846 [ACK] Seq=151758 Ack=141 Win=65024 Len=1448 TSval=2916035179 TSecr=3045554952 [TCP segment of a reassembled PDU]"
"20504","31.098748485","192.168.1.55","192.168.1.2","TCP","1514","8004  >  35846 [PSH, ACK] Seq=153206 Ack=141 Win=65024 Len=1448 TSval=2916035179 TSecr=3045554952 [TCP segment of a reassembled PDU]"
"20505","31.102188860","192.168.1.2","192.168.1.55","TCP","66","35846  >  8004 [ACK] Seq=141 Ack=97206 Win=83968 Len=0 TSval=3045554953 TSecr=2916035173"
"20506","31.102208657","192.168.1.55","192.168.1.2","TCP","1514","8004  >  35846 [ACK] Seq=154654 Ack=141 Win=65024 Len=1448 TSval=2916035182 TSecr=3045554953 [TCP segment of a reassembled PDU]"
"20507","31.102211786","192.168.1.55","192.168.1.2","TCP","1514","8004  >  35846 [ACK] Seq=156102 Ack=141 Win=65024 Len=1448 TSval=2916035182 TSecr=3045554953 [TCP segment of a reassembled PDU]"
"20508","31.102213157","192.168.1.55","192.168.1.2","TCP","1514","8004  >  35846 [ACK] Seq=157550 Ack=141 Win=65024 Len=1448 TSval=2916035182 TSecr=3045554953 [TCP segment of a reassembled PDU]"
"20509","31.102214416","192.168.1.55","192.168.1.2","TCP","1514","8004  >  35846 [PSH, ACK] Seq=158998 Ack=141 Win=65024 Len=1448 TSval=2916035182 TSecr=3045554953 [TCP segment of a reassembled PDU]"
"20510","31.102219935","192.168.1.55","192.168.1.2","TCP","538","8004  >  35846 [ACK] Seq=160446 Ack=141 Win=65024 Len=472 TSval=2916035182 TSecr=3045554953 [TCP segment of a reassembled PDU]"
"20511","31.102280805","192.168.1.2","192.168.1.55","TCP","66","35846  >  8004 [ACK] Seq=141 Ack=100102 Win=81920 Len=0 TSval=3045554953 TSecr=2916035173"
"20512","31.102291046","192.168.1.2","192.168.1.55","TCP","78","[TCP Window Update] 35846  >  8004 [ACK] Seq=141 Ack=100102 Win=93184 Len=0 TSval=3045554954 TSecr=2916035173 SLE=42182 SRE=43630"
"20513","31.102329509","192.168.1.55","192.168.1.2","TCP","1514","8004  >  35846 [ACK] Seq=160918 Ack=141 Win=65024 Len=1448 TSval=2916035183 TSecr=3045554954 [TCP segment of a reassembled PDU]"
"20514","31.102331546","192.168.1.55","192.168.1.2","TCP","1514","8004  >  35846 [ACK] Seq=162366 Ack=141 Win=65024 Len=1448 TSval=2916035183 TSecr=3045554954 [TCP segment of a reassembled PDU]"
"20515","31.102333009","192.168.1.55","192.168.1.2","TCP","1514","8004  >  35846 [ACK] Seq=163814 Ack=141 Win=65024 Len=1448 TSval=2916035183 TSecr=3045554954 [TCP segment of a reassembled PDU]"
"20516","31.102334231","192.168.1.55","192.168.1.2","TCP","1514","8004  >  35846 [ACK] Seq=165262 Ack=141 Win=65024 Len=1448 TSval=2916035183 TSecr=3045554954 [TCP segment of a reassembled PDU]"
"20517","31.102335472","192.168.1.55","192.168.1.2","TCP","1514","8004  >  35846 [ACK] Seq=166710 Ack=141 Win=65024 Len=1448 TSval=2916035183 TSecr=3045554954 [TCP segment of a reassembled PDU]"
"20518","31.102336879","192.168.1.55","192.168.1.2","TCP","1514","8004  >  35846 [ACK] Seq=168158 Ack=141 Win=65024 Len=1448 TSval=2916035183 TSecr=3045554954 [TCP segment of a reassembled PDU]"
"20519","31.102338120","192.168.1.55","192.168.1.2","TCP","1514","8004  >  35846 [ACK] Seq=169606 Ack=141 Win=65024 Len=1448 TSval=2916035183 TSecr=3045554954 [TCP segment of a reassembled PDU]"
"20520","31.102339324","192.168.1.55","192.168.1.2","TCP","1514","8004  >  35846 [ACK] Seq=171054 Ack=141 Win=65024 Len=1448 TSval=2916035183 TSecr=3045554954 [TCP segment of a reassembled PDU]"
"20521","31.102340675","192.168.1.55","192.168.1.2","TCP","1514","8004  >  35846 [ACK] Seq=172502 Ack=141 Win=65024 Len=1448 TSval=2916035183 TSecr=3045554954 [TCP segment of a reassembled PDU]"
"20522","31.102341879","192.168.1.55","192.168.1.2","TCP","1514","8004  >  35846 [ACK] Seq=173950 Ack=141 Win=65024 Len=1448 TSval=2916035183 TSecr=3045554954 [TCP segment of a reassembled PDU]"
"20523","31.102343379","192.168.1.55","192.168.1.2","TCP","1514","8004  >  35846 [ACK] Seq=175398 Ack=141 Win=65024 Len=1448 TSval=2916035183 TSecr=3045554954 [TCP segment of a reassembled PDU]"
"20524","31.102344601","192.168.1.55","192.168.1.2","TCP","1514","8004  >  35846 [ACK] Seq=176846 Ack=141 Win=65024 Len=1448 TSval=2916035183 TSecr=3045554954 [TCP segment of a reassembled PDU]"
"20525","31.102345972","192.168.1.55","192.168.1.2","TCP","1514","8004  >  35846 [ACK] Seq=178294 Ack=141 Win=65024 Len=1448 TSval=2916035183 TSecr=3045554954 [TCP segment of a reassembled PDU]"
"20526","31.102347213","192.168.1.55","192.168.1.2","TCP","1514","8004  >  35846 [ACK] Seq=179742 Ack=141 Win=65024 Len=1448 TSval=2916035183 TSecr=3045554954 [TCP segment of a reassembled PDU]"
"20527","31.102348453","192.168.1.55","192.168.1.2","TCP","1514","8004  >  35846 [ACK] Seq=181190 Ack=141 Win=65024 Len=1448 TSval=2916035183 TSecr=3045554954 [TCP segment of a reassembled PDU]"
"20528","31.102349824","192.168.1.55","192.168.1.2","TCP","1514","8004  >  35846 [ACK] Seq=182638 Ack=141 Win=65024 Len=1448 TSval=2916035183 TSecr=3045554954 [TCP segment of a reassembled PDU]"
"20529","31.102351120","192.168.1.55","192.168.1.2","TCP","1514","8004  >  35846 [ACK] Seq=184086 Ack=141 Win=65024 Len=1448 TSval=2916035183 TSecr=3045554954 [TCP segment of a reassembled PDU]"
"20530","31.102352361","192.168.1.55","192.168.1.2","TCP","1514","8004  >  35846 [ACK] Seq=185534 Ack=141 Win=65024 Len=1448 TSval=2916035183 TSecr=3045554954 [TCP segment of a reassembled PDU]"
"20531","31.102353768","192.168.1.55","192.168.1.2","TCP","1514","8004  >  35846 [ACK] Seq=186982 Ack=141 Win=65024 Len=1448 TSval=2916035183 TSecr=3045554954 [TCP segment of a reassembled PDU]"
"20532","31.102354990","192.168.1.55","192.168.1.2","TCP","1514","8004  >  35846 [ACK] Seq=188430 Ack=141 Win=65024 Len=1448 TSval=2916035183 TSecr=3045554954 [TCP segment of a reassembled PDU]"
"20533","31.102356750","192.168.1.55","192.168.1.2","TCP","1514","8004  >  35846 [ACK] Seq=189878 Ack=141 Win=65024 Len=1448 TSval=2916035183 TSecr=3045554954 [TCP segment of a reassembled PDU]"
"20534","31.102358268","192.168.1.55","192.168.1.2","TCP","1514","8004  >  35846 [PSH, ACK] Seq=191326 Ack=141 Win=65024 Len=1448 TSval=2916035183 TSecr=3045554954 [TCP segment of a reassembled PDU]"
"20535","31.108405222","192.168.1.2","192.168.1.55","TCP","66","35846  >  8004 [ACK] Seq=141 Ack=101550 Win=92160 Len=0 TSval=3045554957 TSecr=2916035178"
"20536","31.108490352","192.168.1.2","192.168.1.55","TCP","66","35846  >  8004 [ACK] Seq=141 Ack=118926 Win=86016 Len=0 TSval=3045554957 TSecr=2916035178"
"20537","31.108512667","192.168.1.55","192.168.1.2","TCP","1514","8004  >  35846 [ACK] Seq=192774 Ack=141 Win=65024 Len=1448 TSval=2916035189 TSecr=3045554957 [TCP segment of a reassembled PDU]"
"20538","31.108516352","192.168.1.55","192.168.1.2","TCP","1514","8004  >  35846 [ACK] Seq=194222 Ack=141 Win=65024 Len=1448 TSval=2916035189 TSecr=3045554957 [TCP segment of a reassembled PDU]"
"20539","31.108517704","192.168.1.55","192.168.1.2","TCP","1514","8004  >  35846 [ACK] Seq=195670 Ack=141 Win=65024 Len=1448 TSval=2916035189 TSecr=3045554957 [TCP segment of a reassembled PDU]"
"20540","31.108518982","192.168.1.55","192.168.1.2","TCP","1514","8004  >  35846 [ACK] Seq=197118 Ack=141 Win=65024 Len=1448 TSval=2916035189 TSecr=3045554957 [TCP segment of a reassembled PDU]"
"20541","31.108520907","192.168.1.55","192.168.1.2","TCP","1514","8004  >  35846 [ACK] Seq=198566 Ack=141 Win=65024 Len=1448 TSval=2916035189 TSecr=3045554957 [TCP segment of a reassembled PDU]"
"20542","31.108522130","192.168.1.55","192.168.1.2","TCP","1514","8004  >  35846 [ACK] Seq=200014 Ack=141 Win=65024 Len=1448 TSval=2916035189 TSecr=3045554957 [TCP segment of a reassembled PDU]"
"20543","31.108523482","192.168.1.55","192.168.1.2","TCP","1514","8004  >  35846 [ACK] Seq=201462 Ack=141 Win=65024 Len=1448 TSval=2916035189 TSecr=3045554957 [TCP segment of a reassembled PDU]"
"20544","31.108524704","192.168.1.55","192.168.1.2","TCP","1514","8004  >  35846 [PSH, ACK] Seq=202910 Ack=141 Win=65024 Len=1448 TSval=2916035189 TSecr=3045554957 [TCP segment of a reassembled PDU]"
"20545","31.108529907","192.168.1.2","192.168.1.55","TCP","66","35846  >  8004 [ACK] Seq=141 Ack=130510 Win=75776 Len=0 TSval=3045554957 TSecr=2916035178"
"20546","31.108538889","192.168.1.55","192.168.1.2","TCP","1514","8004  >  35846 [PSH, ACK] Seq=204358 Ack=141 Win=65024 Len=1448 TSval=2916035189 TSecr=3045554957 [TCP segment of a reassembled PDU]"
"20547","31.108542759","192.168.1.2","192.168.1.55","TCP","66","35846  >  8004 [ACK] Seq=141 Ack=144518 Win=89088 Len=0 TSval=3045554957 TSecr=2916035178"
"20548","31.108551722","192.168.1.2","192.168.1.55","TCP","66","35846  >  8004 [ACK] Seq=141 Ack=150310 Win=83968 Len=0 TSval=3045554957 TSecr=2916035179"
"20549","31.108577611","192.168.1.55","192.168.1.2","TCP","1514","8004  >  35846 [ACK] Seq=205806 Ack=141 Win=65024 Len=1448 TSval=2916035189 TSecr=3045554957 [TCP segment of a reassembled PDU]"
"20550","31.108579111","192.168.1.55","192.168.1.2","TCP","1514","8004  >  35846 [ACK] Seq=207254 Ack=141 Win=65024 Len=1448 TSval=2916035189 TSecr=3045554957 [TCP segment of a reassembled PDU]"
"20551","31.108580408","192.168.1.55","192.168.1.2","TCP","1514","8004  >  35846 [ACK] Seq=208702 Ack=141 Win=65024 Len=1448 TSval=2916035189 TSecr=3045554957 [TCP segment of a reassembled PDU]"
"20552","31.108581722","192.168.1.55","192.168.1.2","TCP","1514","8004  >  35846 [ACK] Seq=210150 Ack=141 Win=65024 Len=1448 TSval=2916035189 TSecr=3045554957 [TCP segment of a reassembled PDU]"
"20553","31.108583074","192.168.1.55","192.168.1.2","TCP","1514","8004  >  35846 [ACK] Seq=211598 Ack=141 Win=65024 Len=1448 TSval=2916035189 TSecr=3045554957 [TCP segment of a reassembled PDU]"
"20554","31.108584445","192.168.1.55","192.168.1.2","TCP","1514","8004  >  35846 [ACK] Seq=213046 Ack=141 Win=65024 Len=1448 TSval=2916035189 TSecr=3045554957 [TCP segment of a reassembled PDU]"
"20555","31.108585870","192.168.1.55","192.168.1.2","TCP","1514","8004  >  35846 [ACK] Seq=214494 Ack=141 Win=65024 Len=1448 TSval=2916035189 TSecr=3045554957 [TCP segment of a reassembled PDU]"
"20556","31.108587389","192.168.1.55","192.168.1.2","TCP","1514","8004  >  35846 [ACK] Seq=215942 Ack=141 Win=65024 Len=1448 TSval=2916035189 TSecr=3045554957 [TCP segment of a reassembled PDU]"
"20557","31.108588759","192.168.1.55","192.168.1.2","TCP","1514","8004  >  35846 [ACK] Seq=217390 Ack=141 Win=65024 Len=1448 TSval=2916035189 TSecr=3045554957 [TCP segment of a reassembled PDU]"
"20558","31.108590167","192.168.1.55","192.168.1.2","TCP","1514","8004  >  35846 [ACK] Seq=218838 Ack=141 Win=65024 Len=1448 TSval=2916035189 TSecr=3045554957 [TCP segment of a reassembled PDU]"
"20559","31.108591463","192.168.1.55","192.168.1.2","TCP","1514","8004  >  35846 [ACK] Seq=220286 Ack=141 Win=65024 Len=1448 TSval=2916035189 TSecr=3045554957 [TCP segment of a reassembled PDU]"
"20560","31.108592704","192.168.1.55","192.168.1.2","TCP","1514","8004  >  35846 [ACK] Seq=221734 Ack=141 Win=65024 Len=1448 TSval=2916035189 TSecr=3045554957 [TCP segment of a reassembled PDU]"
"20561","31.108594093","192.168.1.55","192.168.1.2","TCP","1514","8004  >  35846 [ACK] Seq=223182 Ack=141 Win=65024 Len=1448 TSval=2916035189 TSecr=3045554957 [TCP segment of a reassembled PDU]"
"20562","31.108595333","192.168.1.55","192.168.1.2","TCP","1514","8004  >  35846 [ACK] Seq=224630 Ack=141 Win=65024 Len=1448 TSval=2916035189 TSecr=3045554957 [TCP segment of a reassembled PDU]"
"20563","31.108596667","192.168.1.55","192.168.1.2","TCP","1514","8004  >  35846 [ACK] Seq=226078 Ack=141 Win=65024 Len=1448 TSval=2916035189 TSecr=3045554957 [TCP segment of a reassembled PDU]"
"20564","31.108597908","192.168.1.55","192.168.1.2","TCP","1514","8004  >  35846 [ACK] Seq=227526 Ack=141 Win=65024 Len=1448 TSval=2916035189 TSecr=3045554957 [TCP segment of a reassembled PDU]"
"20565","31.108599278","192.168.1.55","192.168.1.2","TCP","1514","8004  >  35846 [ACK] Seq=228974 Ack=141 Win=65024 Len=1448 TSval=2916035189 TSecr=3045554957 [TCP segment of a reassembled PDU]"
"20566","31.108600611","192.168.1.55","192.168.1.2","TCP","1514","8004  >  35846 [ACK] Seq=230422 Ack=141 Win=65024 Len=1448 TSval=2916035189 TSecr=3045554957 [TCP segment of a reassembled PDU]"
"20567","31.108601926","192.168.1.55","192.168.1.2","TCP","1514","8004  >  35846 [PSH, ACK] Seq=231870 Ack=141 Win=65024 Len=1448 TSval=2916035189 TSecr=3045554957 [TCP segment of a reassembled PDU]"
"20568","31.108671871","192.168.1.2","192.168.1.55","TCP","66","35846  >  8004 [ACK] Seq=141 Ack=151758 Win=96256 Len=0 TSval=3045554959 TSecr=2916035179"
"20569","31.108679000","192.168.1.2","192.168.1.55","TCP","66","35846  >  8004 [ACK] Seq=141 Ack=154654 Win=100352 Len=0 TSval=3045554959 TSecr=2916035179"
"20570","31.108699463","192.168.1.55","192.168.1.2","TCP","1514","8004  >  35846 [ACK] Seq=233318 Ack=141 Win=65024 Len=1448 TSval=2916035189 TSecr=3045554959 [TCP segment of a reassembled PDU]"
"20571","31.108701223","192.168.1.55","192.168.1.2","TCP","1514","8004  >  35846 [ACK] Seq=234766 Ack=141 Win=65024 Len=1448 TSval=2916035189 TSecr=3045554959 [TCP segment of a reassembled PDU]"
"20572","31.108702760","192.168.1.55","192.168.1.2","TCP","1514","8004  >  35846 [ACK] Seq=236214 Ack=141 Win=65024 Len=1448 TSval=2916035189 TSecr=3045554959 [TCP segment of a reassembled PDU]"
"20573","31.108704093","192.168.1.55","192.168.1.2","TCP","1514","8004  >  35846 [ACK] Seq=237662 Ack=141 Win=65024 Len=1448 TSval=2916035189 TSecr=3045554959 [TCP segment of a reassembled PDU]"
"20574","31.108705408","192.168.1.55","192.168.1.2","TCP","1514","8004  >  35846 [ACK] Seq=239110 Ack=141 Win=65024 Len=1448 TSval=2916035189 TSecr=3045554959 [TCP segment of a reassembled PDU]"
"20575","31.108706630","192.168.1.55","192.168.1.2","TCP","1514","8004  >  35846 [ACK] Seq=240558 Ack=141 Win=65024 Len=1448 TSval=2916035189 TSecr=3045554959 [TCP segment of a reassembled PDU]"
"20576","31.108707852","192.168.1.55","192.168.1.2","TCP","1514","8004  >  35846 [ACK] Seq=242006 Ack=141 Win=65024 Len=1448 TSval=2916035189 TSecr=3045554959 [TCP segment of a reassembled PDU]"
"20577","31.108709334","192.168.1.55","192.168.1.2","TCP","1514","8004  >  35846 [ACK] Seq=243454 Ack=141 Win=65024 Len=1448 TSval=2916035189 TSecr=3045554959 [TCP segment of a reassembled PDU]"
"20578","31.108710889","192.168.1.55","192.168.1.2","TCP","1514","8004  >  35846 [ACK] Seq=244902 Ack=141 Win=65024 Len=1448 TSval=2916035189 TSecr=3045554959 [TCP segment of a reassembled PDU]"
"20579","31.108712204","192.168.1.55","192.168.1.2","TCP","1514","8004  >  35846 [ACK] Seq=246350 Ack=141 Win=65024 Len=1448 TSval=2916035189 TSecr=3045554959 [TCP segment of a reassembled PDU]"
"20580","31.108713500","192.168.1.55","192.168.1.2","TCP","1514","8004  >  35846 [ACK] Seq=247798 Ack=141 Win=65024 Len=1448 TSval=2916035189 TSecr=3045554959 [TCP segment of a reassembled PDU]"
"20581","31.108714760","192.168.1.55","192.168.1.2","TCP","1514","8004  >  35846 [PSH, ACK] Seq=249246 Ack=141 Win=65024 Len=1448 TSval=2916035189 TSecr=3045554959 [TCP segment of a reassembled PDU]"
"20582","31.108719223","192.168.1.2","192.168.1.55","TCP","66","35846  >  8004 [ACK] Seq=141 Ack=160446 Win=95232 Len=0 TSval=3045554962 TSecr=2916035182"
"20583","31.108726056","192.168.1.2","192.168.1.55","TCP","66","35846  >  8004 [ACK] Seq=141 Ack=160918 Win=95232 Len=0 TSval=3045554962 TSecr=2916035182"
"20584","31.108730186","192.168.1.2","192.168.1.55","TCP","66","35846  >  8004 [ACK] Seq=141 Ack=192774 Win=70656 Len=0 TSval=3045554962 TSecr=2916035183"
"20585","31.108750778","192.168.1.55","192.168.1.2","TCP","1514","8004  >  35846 [ACK] Seq=250694 Ack=141 Win=65024 Len=1448 TSval=2916035189 TSecr=3045554962 [TCP segment of a reassembled PDU]"
"20586","31.108752667","192.168.1.55","192.168.1.2","TCP","1514","8004  >  35846 [ACK] Seq=252142 Ack=141 Win=65024 Len=1448 TSval=2916035189 TSecr=3045554962 [TCP segment of a reassembled PDU]"
"20587","31.108753982","192.168.1.55","192.168.1.2","TCP","1514","8004  >  35846 [ACK] Seq=253590 Ack=141 Win=65024 Len=1448 TSval=2916035189 TSecr=3045554962 [TCP segment of a reassembled PDU]"
"20588","31.108755408","192.168.1.55","192.168.1.2","TCP","1514","8004  >  35846 [ACK] Seq=255038 Ack=141 Win=65024 Len=1448 TSval=2916035189 TSecr=3045554962 [TCP segment of a reassembled PDU]"
"20589","31.108756593","192.168.1.55","192.168.1.2","TCP","1514","8004  >  35846 [ACK] Seq=256486 Ack=141 Win=65024 Len=1448 TSval=2916035189 TSecr=3045554962 [TCP segment of a reassembled PDU]"
"20590","31.108758000","192.168.1.55","192.168.1.2","TCP","1514","8004  >  35846 [ACK] Seq=257934 Ack=141 Win=65024 Len=1448 TSval=2916035189 TSecr=3045554962 [TCP segment of a reassembled PDU]"
"20591","31.108759297","192.168.1.55","192.168.1.2","TCP","1514","8004  >  35846 [ACK] Seq=259382 Ack=141 Win=65024 Len=1448 TSval=2916035189 TSecr=3045554962 [TCP segment of a reassembled PDU]"
"20592","31.108760630","192.168.1.55","192.168.1.2","TCP","1514","8004  >  35846 [ACK] Seq=260830 Ack=141 Win=65024 Len=1448 TSval=2916035189 TSecr=3045554962 [TCP segment of a reassembled PDU]"
"20593","31.108761852","192.168.1.55","192.168.1.2","TCP","1218","[TCP Window Full] 8004  >  35846 [PSH, ACK] Seq=262278 Ack=141 Win=65024 Len=1152 TSval=2916035189 TSecr=3045554962 [TCP segment of a reassembled PDU]"
"20594","31.115691604","192.168.1.2","192.168.1.55","TCP","66","35846  >  8004 [ACK] Seq=141 Ack=204358 Win=90112 Len=0 TSval=3045554969 TSecr=2916035189"
"20595","31.115725419","192.168.1.55","192.168.1.2","TCP","1514","8004  >  35846 [ACK] Seq=263430 Ack=141 Win=65024 Len=1448 TSval=2916035196 TSecr=3045554969 [TCP segment of a reassembled PDU]"
"20596","31.115728215","192.168.1.55","192.168.1.2","TCP","1514","8004  >  35846 [ACK] Seq=264878 Ack=141 Win=65024 Len=1448 TSval=2916035196 TSecr=3045554969 [TCP segment of a reassembled PDU]"
"20597","31.115729419","192.168.1.55","192.168.1.2","TCP","1514","8004  >  35846 [ACK] Seq=266326 Ack=141 Win=65024 Len=1448 TSval=2916035196 TSecr=3045554969 [TCP segment of a reassembled PDU]"
"20598","31.115730437","192.168.1.55","192.168.1.2","TCP","1514","8004  >  35846 [ACK] Seq=267774 Ack=141 Win=65024 Len=1448 TSval=2916035196 TSecr=3045554969 [TCP segment of a reassembled PDU]"
"20599","31.115731493","192.168.1.55","192.168.1.2","TCP","1514","8004  >  35846 [ACK] Seq=269222 Ack=141 Win=65024 Len=1448 TSval=2916035196 TSecr=3045554969 [TCP segment of a reassembled PDU]"
"20600","31.115732660","192.168.1.55","192.168.1.2","TCP","1514","8004  >  35846 [ACK] Seq=270670 Ack=141 Win=65024 Len=1448 TSval=2916035196 TSecr=3045554969 [TCP segment of a reassembled PDU]"
"20601","31.115733734","192.168.1.55","192.168.1.2","TCP","1514","8004  >  35846 [ACK] Seq=272118 Ack=141 Win=65024 Len=1448 TSval=2916035196 TSecr=3045554969 [TCP segment of a reassembled PDU]"
"20602","31.115735345","192.168.1.55","192.168.1.2","TCP","1514","8004  >  35846 [ACK] Seq=273566 Ack=141 Win=65024 Len=1448 TSval=2916035196 TSecr=3045554969 [TCP segment of a reassembled PDU]"
"20603","31.115736382","192.168.1.55","192.168.1.2","TCP","1514","8004  >  35846 [ACK] Seq=275014 Ack=141 Win=65024 Len=1448 TSval=2916035196 TSecr=3045554969 [TCP segment of a reassembled PDU]"
"20604","31.115737456","192.168.1.55","192.168.1.2","TCP","1514","8004  >  35846 [ACK] Seq=276462 Ack=141 Win=65024 Len=1448 TSval=2916035196 TSecr=3045554969 [TCP segment of a reassembled PDU]"
"20605","31.115738585","192.168.1.55","192.168.1.2","TCP","1514","8004  >  35846 [ACK] Seq=277910 Ack=141 Win=65024 Len=1448 TSval=2916035196 TSecr=3045554969 [TCP segment of a reassembled PDU]"
"20606","31.115739641","192.168.1.55","192.168.1.2","TCP","1514","8004  >  35846 [ACK] Seq=279358 Ack=141 Win=65024 Len=1448 TSval=2916035196 TSecr=3045554969 [TCP segment of a reassembled PDU]"
"20607","31.115740678","192.168.1.55","192.168.1.2","TCP","1514","8004  >  35846 [ACK] Seq=280806 Ack=141 Win=65024 Len=1448 TSval=2916035196 TSecr=3045554969 [TCP segment of a reassembled PDU]"
"20608","31.115741734","192.168.1.55","192.168.1.2","TCP","1514","8004  >  35846 [ACK] Seq=282254 Ack=141 Win=65024 Len=1448 TSval=2916035196 TSecr=3045554969 [TCP segment of a reassembled PDU]"
"20609","31.115742789","192.168.1.55","192.168.1.2","TCP","1514","8004  >  35846 [ACK] Seq=283702 Ack=141 Win=65024 Len=1448 TSval=2916035196 TSecr=3045554969 [TCP segment of a reassembled PDU]"
"20610","31.115743937","192.168.1.55","192.168.1.2","TCP","1514","8004  >  35846 [ACK] Seq=285150 Ack=141 Win=65024 Len=1448 TSval=2916035196 TSecr=3045554969 [TCP segment of a reassembled PDU]"
"20611","31.115745048","192.168.1.55","192.168.1.2","TCP","1514","8004  >  35846 [ACK] Seq=286598 Ack=141 Win=65024 Len=1448 TSval=2916035196 TSecr=3045554969 [TCP segment of a reassembled PDU]"
"20612","31.115746104","192.168.1.55","192.168.1.2","TCP","1514","8004  >  35846 [ACK] Seq=288046 Ack=141 Win=65024 Len=1448 TSval=2916035196 TSecr=3045554969 [TCP segment of a reassembled PDU]"
"20613","31.115747197","192.168.1.55","192.168.1.2","TCP","1514","8004  >  35846 [ACK] Seq=289494 Ack=141 Win=65024 Len=1448 TSval=2916035196 TSecr=3045554969 [TCP segment of a reassembled PDU]"
"20614","31.115748289","192.168.1.55","192.168.1.2","TCP","1514","8004  >  35846 [ACK] Seq=290942 Ack=141 Win=65024 Len=1448 TSval=2916035196 TSecr=3045554969 [TCP segment of a reassembled PDU]"
"20615","31.115749900","192.168.1.55","192.168.1.2","TCP","1514","8004  >  35846 [PSH, ACK] Seq=292390 Ack=141 Win=65024 Len=1448 TSval=2916035196 TSecr=3045554969 [TCP segment of a reassembled PDU]"
"20616","31.115840345","192.168.1.2","192.168.1.55","TCP","66","35846  >  8004 [ACK] Seq=141 Ack=205806 Win=102400 Len=0 TSval=3045554969 TSecr=2916035189"
"20617","31.115848919","192.168.1.55","192.168.1.2","TCP","1514","8004  >  35846 [ACK] Seq=293838 Ack=141 Win=65024 Len=1448 TSval=2916035196 TSecr=3045554969 [TCP segment of a reassembled PDU]"
"20618","31.115853345","192.168.1.55","192.168.1.2","TCP","362","8004  >  35846 [ACK] Seq=295286 Ack=141 Win=65024 Len=296 TSval=2916035196 TSecr=3045554969 [TCP segment of a reassembled PDU]"
"20619","31.115856363","192.168.1.2","192.168.1.55","TCP","66","35846  >  8004 [ACK] Seq=141 Ack=233318 Win=152576 Len=0 TSval=3045554969 TSecr=2916035189"
"20620","31.115894289","192.168.1.55","192.168.1.2","TCP","1514","8004  >  35846 [ACK] Seq=295582 Ack=141 Win=65024 Len=1448 TSval=2916035196 TSecr=3045554969 [TCP segment of a reassembled PDU]"
"20621","31.115895752","192.168.1.55","192.168.1.2","TCP","1514","8004  >  35846 [ACK] Seq=297030 Ack=141 Win=65024 Len=1448 TSval=2916035196 TSecr=3045554969 [TCP segment of a reassembled PDU]"
"20622","31.115896789","192.168.1.55","192.168.1.2","TCP","1514","8004  >  35846 [ACK] Seq=298478 Ack=141 Win=65024 Len=1448 TSval=2916035196 TSecr=3045554969 [TCP segment of a reassembled PDU]"
"20623","31.115898326","192.168.1.55","192.168.1.2","TCP","1514","8004  >  35846 [ACK] Seq=299926 Ack=141 Win=65024 Len=1448 TSval=2916035196 TSecr=3045554969 [TCP segment of a reassembled PDU]"
"20624","31.115899401","192.168.1.55","192.168.1.2","TCP","1514","8004  >  35846 [ACK] Seq=301374 Ack=141 Win=65024 Len=1448 TSval=2916035196 TSecr=3045554969 [TCP segment of a reassembled PDU]"
"20625","31.115900586","192.168.1.55","192.168.1.2","TCP","1514","8004  >  35846 [ACK] Seq=302822 Ack=141 Win=65024 Len=1448 TSval=2916035196 TSecr=3045554969 [TCP segment of a reassembled PDU]"
"20626","31.115901734","192.168.1.55","192.168.1.2","TCP","1514","8004  >  35846 [ACK] Seq=304270 Ack=141 Win=65024 Len=1448 TSval=2916035196 TSecr=3045554969 [TCP segment of a reassembled PDU]"
"20627","31.115903030","192.168.1.55","192.168.1.2","TCP","1514","8004  >  35846 [ACK] Seq=305718 Ack=141 Win=65024 Len=1448 TSval=2916035196 TSecr=3045554969 [TCP segment of a reassembled PDU]"
"20628","31.115904197","192.168.1.55","192.168.1.2","TCP","1514","8004  >  35846 [ACK] Seq=307166 Ack=141 Win=65024 Len=1448 TSval=2916035196 TSecr=3045554969 [TCP segment of a reassembled PDU]"
"20629","31.115905271","192.168.1.55","192.168.1.2","TCP","1514","8004  >  35846 [ACK] Seq=308614 Ack=141 Win=65024 Len=1448 TSval=2916035196 TSecr=3045554969 [TCP segment of a reassembled PDU]"
"20630","31.115906438","192.168.1.55","192.168.1.2","TCP","1514","8004  >  35846 [ACK] Seq=310062 Ack=141 Win=65024 Len=1448 TSval=2916035196 TSecr=3045554969 [TCP segment of a reassembled PDU]"
"20631","31.115907512","192.168.1.55","192.168.1.2","TCP","1514","8004  >  35846 [ACK] Seq=311510 Ack=141 Win=65024 Len=1448 TSval=2916035196 TSecr=3045554969 [TCP segment of a reassembled PDU]"
"20632","31.115908660","192.168.1.55","192.168.1.2","TCP","1514","8004  >  35846 [ACK] Seq=312958 Ack=141 Win=65024 Len=1448 TSval=2916035196 TSecr=3045554969 [TCP segment of a reassembled PDU]"
"20633","31.115909938","192.168.1.55","192.168.1.2","TCP","1514","8004  >  35846 [ACK] Seq=314406 Ack=141 Win=65024 Len=1448 TSval=2916035196 TSecr=3045554969 [TCP segment of a reassembled PDU]"
"20634","31.115911141","192.168.1.55","192.168.1.2","TCP","1514","8004  >  35846 [ACK] Seq=315854 Ack=141 Win=65024 Len=1448 TSval=2916035196 TSecr=3045554969 [TCP segment of a reassembled PDU]"
"20635","31.115912197","192.168.1.55","192.168.1.2","TCP","1514","8004  >  35846 [ACK] Seq=317302 Ack=141 Win=65024 Len=1448 TSval=2916035196 TSecr=3045554969 [TCP segment of a reassembled PDU]"
"20636","31.115913308","192.168.1.55","192.168.1.2","TCP","1514","8004  >  35846 [ACK] Seq=318750 Ack=141 Win=65024 Len=1448 TSval=2916035196 TSecr=3045554969 [TCP segment of a reassembled PDU]"
"20637","31.115914364","192.168.1.55","192.168.1.2","TCP","1514","8004  >  35846 [ACK] Seq=320198 Ack=141 Win=65024 Len=1448 TSval=2916035196 TSecr=3045554969 [TCP segment of a reassembled PDU]"
"20638","31.115915512","192.168.1.55","192.168.1.2","TCP","1514","8004  >  35846 [ACK] Seq=321646 Ack=141 Win=65024 Len=1448 TSval=2916035196 TSecr=3045554969 [TCP segment of a reassembled PDU]"
"20639","31.115916623","192.168.1.55","192.168.1.2","TCP","1514","8004  >  35846 [ACK] Seq=323094 Ack=141 Win=65024 Len=1448 TSval=2916035196 TSecr=3045554969 [TCP segment of a reassembled PDU]"
"20640","31.115917938","192.168.1.55","192.168.1.2","TCP","1514","8004  >  35846 [ACK] Seq=324542 Ack=141 Win=65024 Len=1448 TSval=2916035196 TSecr=3045554969 [TCP segment of a reassembled PDU]"
"20641","31.115919104","192.168.1.55","192.168.1.2","TCP","1514","8004  >  35846 [ACK] Seq=325990 Ack=141 Win=65024 Len=1448 TSval=2916035196 TSecr=3045554969 [TCP segment of a reassembled PDU]"
"20642","31.115920252","192.168.1.55","192.168.1.2","TCP","1514","8004  >  35846 [ACK] Seq=327438 Ack=141 Win=65024 Len=1448 TSval=2916035196 TSecr=3045554969 [TCP segment of a reassembled PDU]"
"20643","31.115921641","192.168.1.55","192.168.1.2","TCP","1514","8004  >  35846 [ACK] Seq=328886 Ack=141 Win=65024 Len=1448 TSval=2916035196 TSecr=3045554969 [TCP segment of a reassembled PDU]"
"20644","31.115922938","192.168.1.55","192.168.1.2","TCP","1514","8004  >  35846 [ACK] Seq=330334 Ack=141 Win=65024 Len=1448 TSval=2916035196 TSecr=3045554969 [TCP segment of a reassembled PDU]"
"20645","31.115924104","192.168.1.55","192.168.1.2","TCP","1514","8004  >  35846 [ACK] Seq=331782 Ack=141 Win=65024 Len=1448 TSval=2916035196 TSecr=3045554969 [TCP segment of a reassembled PDU]"
"20646","31.115925364","192.168.1.55","192.168.1.2","TCP","1514","8004  >  35846 [ACK] Seq=333230 Ack=141 Win=65024 Len=1448 TSval=2916035196 TSecr=3045554969 [TCP segment of a reassembled PDU]"
"20647","31.115926456","192.168.1.55","192.168.1.2","TCP","1514","8004  >  35846 [ACK] Seq=334678 Ack=141 Win=65024 Len=1448 TSval=2916035196 TSecr=3045554969 [TCP segment of a reassembled PDU]"
"20648","31.115928271","192.168.1.55","192.168.1.2","TCP","1514","8004  >  35846 [ACK] Seq=336126 Ack=141 Win=65024 Len=1448 TSval=2916035196 TSecr=3045554969 [TCP segment of a reassembled PDU]"
"20649","31.115929382","192.168.1.55","192.168.1.2","TCP","1514","8004  >  35846 [ACK] Seq=337574 Ack=141 Win=65024 Len=1448 TSval=2916035196 TSecr=3045554969 [TCP segment of a reassembled PDU]"
"20650","31.115930734","192.168.1.55","192.168.1.2","TCP","1514","8004  >  35846 [PSH, ACK] Seq=339022 Ack=141 Win=65024 Len=1448 TSval=2916035196 TSecr=3045554969 [TCP segment of a reassembled PDU]"
"20651","31.115935215","192.168.1.2","192.168.1.55","TCP","66","35846  >  8004 [ACK] Seq=141 Ack=250694 Win=137216 Len=0 TSval=3045554969 TSecr=2916035189"
"20652","31.115980734","192.168.1.55","192.168.1.2","TCP","1514","8004  >  35846 [ACK] Seq=340470 Ack=141 Win=65024 Len=1448 TSval=2916035196 TSecr=3045554969 [TCP segment of a reassembled PDU]"
"20653","31.115982753","192.168.1.55","192.168.1.2","TCP","1514","8004  >  35846 [ACK] Seq=341918 Ack=141 Win=65024 Len=1448 TSval=2916035196 TSecr=3045554969 [TCP segment of a reassembled PDU]"
"20654","31.115984086","192.168.1.55","192.168.1.2","TCP","1514","8004  >  35846 [ACK] Seq=343366 Ack=141 Win=65024 Len=1448 TSval=2916035196 TSecr=3045554969 [TCP segment of a reassembled PDU]"
"20655","31.115985253","192.168.1.55","192.168.1.2","TCP","1514","8004  >  35846 [ACK] Seq=344814 Ack=141 Win=65024 Len=1448 TSval=2916035196 TSecr=3045554969 [TCP segment of a reassembled PDU]"
"20656","31.115986678","192.168.1.55","192.168.1.2","TCP","1514","8004  >  35846 [ACK] Seq=346262 Ack=141 Win=65024 Len=1448 TSval=2916035196 TSecr=3045554969 [TCP segment of a reassembled PDU]"
"20657","31.115987827","192.168.1.55","192.168.1.2","TCP","1514","8004  >  35846 [ACK] Seq=347710 Ack=141 Win=65024 Len=1448 TSval=2916035196 TSecr=3045554969 [TCP segment of a reassembled PDU]"
"20658","31.115989215","192.168.1.55","192.168.1.2","TCP","1514","8004  >  35846 [ACK] Seq=349158 Ack=141 Win=65024 Len=1448 TSval=2916035196 TSecr=3045554969 [TCP segment of a reassembled PDU]"
"20659","31.115990512","192.168.1.55","192.168.1.2","TCP","1514","8004  >  35846 [ACK] Seq=350606 Ack=141 Win=65024 Len=1448 TSval=2916035196 TSecr=3045554969 [TCP segment of a reassembled PDU]"
"20660","31.115991919","192.168.1.55","192.168.1.2","TCP","1514","8004  >  35846 [ACK] Seq=352054 Ack=141 Win=65024 Len=1448 TSval=2916035196 TSecr=3045554969 [TCP segment of a reassembled PDU]"
"20661","31.115993067","192.168.1.55","192.168.1.2","TCP","1514","8004  >  35846 [ACK] Seq=353502 Ack=141 Win=65024 Len=1448 TSval=2916035196 TSecr=3045554969 [TCP segment of a reassembled PDU]"
"20662","31.115994271","192.168.1.55","192.168.1.2","TCP","1514","8004  >  35846 [ACK] Seq=354950 Ack=141 Win=65024 Len=1448 TSval=2916035196 TSecr=3045554969 [TCP segment of a reassembled PDU]"
"20663","31.115995456","192.168.1.55","192.168.1.2","TCP","1514","8004  >  35846 [ACK] Seq=356398 Ack=141 Win=65024 Len=1448 TSval=2916035196 TSecr=3045554969 [TCP segment of a reassembled PDU]"
"20664","31.115996567","192.168.1.55","192.168.1.2","TCP","1514","8004  >  35846 [ACK] Seq=357846 Ack=141 Win=65024 Len=1448 TSval=2916035196 TSecr=3045554969 [TCP segment of a reassembled PDU]"
"20665","31.115997790","192.168.1.55","192.168.1.2","TCP","1514","8004  >  35846 [ACK] Seq=359294 Ack=141 Win=65024 Len=1448 TSval=2916035196 TSecr=3045554969 [TCP segment of a reassembled PDU]"
"20666","31.115998938","192.168.1.55","192.168.1.2","TCP","1514","8004  >  35846 [ACK] Seq=360742 Ack=141 Win=65024 Len=1448 TSval=2916035196 TSecr=3045554969 [TCP segment of a reassembled PDU]"
"20667","31.116000086","192.168.1.55","192.168.1.2","TCP","1514","8004  >  35846 [ACK] Seq=362190 Ack=141 Win=65024 Len=1448 TSval=2916035196 TSecr=3045554969 [TCP segment of a reassembled PDU]"
"20668","31.116001308","192.168.1.55","192.168.1.2","TCP","1514","8004  >  35846 [ACK] Seq=363638 Ack=141 Win=65024 Len=1448 TSval=2916035196 TSecr=3045554969 [TCP segment of a reassembled PDU]"
"20669","31.116002438","192.168.1.55","192.168.1.2","TCP","1514","8004  >  35846 [ACK] Seq=365086 Ack=141 Win=65024 Len=1448 TSval=2916035196 TSecr=3045554969 [TCP segment of a reassembled PDU]"
"20670","31.116003604","192.168.1.55","192.168.1.2","TCP","1514","8004  >  35846 [ACK] Seq=366534 Ack=141 Win=65024 Len=1448 TSval=2916035196 TSecr=3045554969 [TCP segment of a reassembled PDU]"
"20671","31.116004882","192.168.1.55","192.168.1.2","TCP","1514","8004  >  35846 [ACK] Seq=367982 Ack=141 Win=65024 Len=1448 TSval=2916035196 TSecr=3045554969 [TCP segment of a reassembled PDU]"
"20672","31.116006104","192.168.1.55","192.168.1.2","TCP","1514","8004  >  35846 [ACK] Seq=369430 Ack=141 Win=65024 Len=1448 TSval=2916035196 TSecr=3045554969 [TCP segment of a reassembled PDU]"
"20673","31.116007308","192.168.1.55","192.168.1.2","TCP","1514","8004  >  35846 [ACK] Seq=370878 Ack=141 Win=65024 Len=1448 TSval=2916035196 TSecr=3045554969 [TCP segment of a reassembled PDU]"
"20674","31.116008623","192.168.1.55","192.168.1.2","TCP","1514","8004  >  35846 [ACK] Seq=372326 Ack=141 Win=65024 Len=1448 TSval=2916035196 TSecr=3045554969 [TCP segment of a reassembled PDU]"
"20675","31.116009845","192.168.1.55","192.168.1.2","TCP","1514","8004  >  35846 [ACK] Seq=373774 Ack=141 Win=65024 Len=1448 TSval=2916035196 TSecr=3045554969 [TCP segment of a reassembled PDU]"
"20676","31.116011382","192.168.1.55","192.168.1.2","TCP","1514","8004  >  35846 [ACK] Seq=375222 Ack=141 Win=65024 Len=1448 TSval=2916035196 TSecr=3045554969 [TCP segment of a reassembled PDU]"
"20677","31.116013049","192.168.1.55","192.168.1.2","TCP","1514","8004  >  35846 [ACK] Seq=376670 Ack=141 Win=65024 Len=1448 TSval=2916035196 TSecr=3045554969 [TCP segment of a reassembled PDU]"
"20678","31.116014401","192.168.1.55","192.168.1.2","TCP","1514","8004  >  35846 [ACK] Seq=378118 Ack=141 Win=65024 Len=1448 TSval=2916035196 TSecr=3045554969 [TCP segment of a reassembled PDU]"
"20679","31.116015771","192.168.1.55","192.168.1.2","TCP","1514","8004  >  35846 [ACK] Seq=379566 Ack=141 Win=65024 Len=1448 TSval=2916035196 TSecr=3045554969 [TCP segment of a reassembled PDU]"
"20680","31.116017308","192.168.1.55","192.168.1.2","TCP","1514","8004  >  35846 [ACK] Seq=381014 Ack=141 Win=65024 Len=1448 TSval=2916035196 TSecr=3045554969 [TCP segment of a reassembled PDU]"
"20681","31.116019197","192.168.1.55","192.168.1.2","TCP","1514","8004  >  35846 [ACK] Seq=382462 Ack=141 Win=65024 Len=1448 TSval=2916035196 TSecr=3045554969 [TCP segment of a reassembled PDU]"
"20682","31.116020364","192.168.1.55","192.168.1.2","TCP","1514","8004  >  35846 [PSH, ACK] Seq=383910 Ack=141 Win=65024 Len=1448 TSval=2916035196 TSecr=3045554969 [TCP segment of a reassembled PDU]"
"20683","31.116077530","192.168.1.2","192.168.1.55","TCP","66","35846  >  8004 [ACK] Seq=141 Ack=262278 Win=150528 Len=0 TSval=3045554969 TSecr=2916035189"
"20684","31.116091679","192.168.1.2","192.168.1.55","TCP","66","35846  >  8004 [ACK] Seq=141 Ack=263430 Win=155648 Len=0 TSval=3045554970 TSecr=2916035189"
"20685","31.117280699","192.168.1.55","192.168.1.2","TCP","1514","8004  >  35846 [ACK] Seq=385358 Ack=141 Win=65024 Len=1448 TSval=2916035197 TSecr=3045554970 [TCP segment of a reassembled PDU]"
"20686","31.117283310","192.168.1.55","192.168.1.2","TCP","1514","8004  >  35846 [ACK] Seq=386806 Ack=141 Win=65024 Len=1448 TSval=2916035197 TSecr=3045554970 [TCP segment of a reassembled PDU]"
"20687","31.117284643","192.168.1.55","192.168.1.2","TCP","1514","8004  >  35846 [ACK] Seq=388254 Ack=141 Win=65024 Len=1448 TSval=2916035197 TSecr=3045554970 [TCP segment of a reassembled PDU]"
"20688","31.117285773","192.168.1.55","192.168.1.2","TCP","1514","8004  >  35846 [ACK] Seq=389702 Ack=141 Win=65024 Len=1448 TSval=2916035197 TSecr=3045554970 [TCP segment of a reassembled PDU]"
"20689","31.117287125","192.168.1.55","192.168.1.2","TCP","1514","8004  >  35846 [ACK] Seq=391150 Ack=141 Win=65024 Len=1448 TSval=2916035197 TSecr=3045554970 [TCP segment of a reassembled PDU]"
"20690","31.117288347","192.168.1.55","192.168.1.2","TCP","1514","8004  >  35846 [ACK] Seq=392598 Ack=141 Win=65024 Len=1448 TSval=2916035197 TSecr=3045554970 [TCP segment of a reassembled PDU]"
"20691","31.117289755","192.168.1.55","192.168.1.2","TCP","1514","8004  >  35846 [ACK] Seq=394046 Ack=141 Win=65024 Len=1448 TSval=2916035197 TSecr=3045554970 [TCP segment of a reassembled PDU]"
"20692","31.117300847","192.168.1.55","192.168.1.2","TCP","1514","8004  >  35846 [ACK] Seq=395494 Ack=141 Win=65024 Len=1448 TSval=2916035197 TSecr=3045554970 [TCP segment of a reassembled PDU]"
"20693","31.117302384","192.168.1.55","192.168.1.2","TCP","1514","8004  >  35846 [ACK] Seq=396942 Ack=141 Win=65024 Len=1448 TSval=2916035197 TSecr=3045554970 [TCP segment of a reassembled PDU]"
"20694","31.117303681","192.168.1.55","192.168.1.2","TCP","1514","8004  >  35846 [ACK] Seq=398390 Ack=141 Win=65024 Len=1448 TSval=2916035197 TSecr=3045554970 [TCP segment of a reassembled PDU]"
"20695","31.117304958","192.168.1.55","192.168.1.2","TCP","1514","8004  >  35846 [ACK] Seq=399838 Ack=141 Win=65024 Len=1448 TSval=2916035197 TSecr=3045554970 [TCP segment of a reassembled PDU]"
"20696","31.117306569","192.168.1.55","192.168.1.2","TCP","1514","8004  >  35846 [ACK] Seq=401286 Ack=141 Win=65024 Len=1448 TSval=2916035197 TSecr=3045554970 [TCP segment of a reassembled PDU]"
"20697","31.117307699","192.168.1.55","192.168.1.2","TCP","1514","8004  >  35846 [ACK] Seq=402734 Ack=141 Win=65024 Len=1448 TSval=2916035197 TSecr=3045554970 [TCP segment of a reassembled PDU]"
"20698","31.117308995","192.168.1.55","192.168.1.2","TCP","1514","8004  >  35846 [ACK] Seq=404182 Ack=141 Win=65024 Len=1448 TSval=2916035197 TSecr=3045554970 [TCP segment of a reassembled PDU]"
"20699","31.117310218","192.168.1.55","192.168.1.2","TCP","1514","8004  >  35846 [ACK] Seq=405630 Ack=141 Win=65024 Len=1448 TSval=2916035197 TSecr=3045554970 [TCP segment of a reassembled PDU]"
"20700","31.117311292","192.168.1.55","192.168.1.2","TCP","1514","8004  >  35846 [ACK] Seq=407078 Ack=141 Win=65024 Len=1448 TSval=2916035197 TSecr=3045554970 [TCP segment of a reassembled PDU]"
"20701","31.117312477","192.168.1.55","192.168.1.2","TCP","1514","8004  >  35846 [ACK] Seq=408526 Ack=141 Win=65024 Len=1448 TSval=2916035197 TSecr=3045554970 [TCP segment of a reassembled PDU]"
"20702","31.117313662","192.168.1.55","192.168.1.2","TCP","1514","8004  >  35846 [ACK] Seq=409974 Ack=141 Win=65024 Len=1448 TSval=2916035197 TSecr=3045554970 [TCP segment of a reassembled PDU]"
"20703","31.117314810","192.168.1.55","192.168.1.2","TCP","1514","8004  >  35846 [ACK] Seq=411422 Ack=141 Win=65024 Len=1448 TSval=2916035197 TSecr=3045554970 [TCP segment of a reassembled PDU]"
"20704","31.117315940","192.168.1.55","192.168.1.2","TCP","1514","8004  >  35846 [ACK] Seq=412870 Ack=141 Win=65024 Len=1448 TSval=2916035197 TSecr=3045554970 [TCP segment of a reassembled PDU]"
"20705","31.117317162","192.168.1.55","192.168.1.2","TCP","1514","8004  >  35846 [ACK] Seq=414318 Ack=141 Win=65024 Len=1448 TSval=2916035197 TSecr=3045554970 [TCP segment of a reassembled PDU]"
"20706","31.117318236","192.168.1.55","192.168.1.2","TCP","1514","8004  >  35846 [ACK] Seq=415766 Ack=141 Win=65024 Len=1448 TSval=2916035197 TSecr=3045554970 [TCP segment of a reassembled PDU]"
"20707","31.117319403","192.168.1.55","192.168.1.2","TCP","1514","8004  >  35846 [PSH, ACK] Seq=417214 Ack=141 Win=65024 Len=1448 TSval=2916035197 TSecr=3045554970 [TCP segment of a reassembled PDU]"
"20708","31.120655908","192.168.1.2","192.168.1.55","TCP","66","35846  >  8004 [ACK] Seq=141 Ack=273566 Win=167936 Len=0 TSval=3045554976 TSecr=2916035196"
"20709","31.120685130","192.168.1.55","192.168.1.2","TCP","1514","8004  >  35846 [ACK] Seq=418662 Ack=141 Win=65024 Len=1448 TSval=2916035201 TSecr=3045554976 [TCP segment of a reassembled PDU]"
"20710","31.120688093","192.168.1.55","192.168.1.2","TCP","1514","8004  >  35846 [ACK] Seq=420110 Ack=141 Win=65024 Len=1448 TSval=2916035201 TSecr=3045554976 [TCP segment of a reassembled PDU]"
"20711","31.120689260","192.168.1.55","192.168.1.2","TCP","1514","8004  >  35846 [ACK] Seq=421558 Ack=141 Win=65024 Len=1448 TSval=2916035201 TSecr=3045554976 [TCP segment of a reassembled PDU]"
"20712","31.120690408","192.168.1.55","192.168.1.2","TCP","1514","8004  >  35846 [ACK] Seq=423006 Ack=141 Win=65024 Len=1448 TSval=2916035201 TSecr=3045554976 [TCP segment of a reassembled PDU]"
"20713","31.120691630","192.168.1.55","192.168.1.2","TCP","1514","8004  >  35846 [ACK] Seq=424454 Ack=141 Win=65024 Len=1448 TSval=2916035201 TSecr=3045554976 [TCP segment of a reassembled PDU]"
"20714","31.120692815","192.168.1.55","192.168.1.2","TCP","1514","8004  >  35846 [ACK] Seq=425902 Ack=141 Win=65024 Len=1448 TSval=2916035201 TSecr=3045554976 [TCP segment of a reassembled PDU]"
"20715","31.120693982","192.168.1.55","192.168.1.2","TCP","1514","8004  >  35846 [ACK] Seq=427350 Ack=141 Win=65024 Len=1448 TSval=2916035201 TSecr=3045554976 [TCP segment of a reassembled PDU]"
"20716","31.120695130","192.168.1.55","192.168.1.2","TCP","1514","8004  >  35846 [PSH, ACK] Seq=428798 Ack=141 Win=65024 Len=1448 TSval=2916035201 TSecr=3045554976 [TCP segment of a reassembled PDU]"
"20717","31.121136075","192.168.1.2","192.168.1.55","TCP","66","35846  >  8004 [ACK] Seq=141 Ack=293838 Win=160768 Len=0 TSval=3045554976 TSecr=2916035196"
"20718","31.121253057","192.168.1.2","192.168.1.55","TCP","66","35846  >  8004 [ACK] Seq=141 Ack=295582 Win=172032 Len=0 TSval=3045554977 TSecr=2916035196"
"20719","31.121261187","192.168.1.2","192.168.1.55","TCP","66","35846  >  8004 [ACK] Seq=141 Ack=331782 Win=145408 Len=0 TSval=3045554977 TSecr=2916035196"
"20720","31.121313002","192.168.1.55","192.168.1.2","TCP","1514","8004  >  35846 [ACK] Seq=430246 Ack=141 Win=65024 Len=1448 TSval=2916035201 TSecr=3045554977 [TCP segment of a reassembled PDU]"
"20721","31.121315131","192.168.1.55","192.168.1.2","TCP","1514","8004  >  35846 [ACK] Seq=431694 Ack=141 Win=65024 Len=1448 TSval=2916035201 TSecr=3045554977 [TCP segment of a reassembled PDU]"
"20722","31.121316057","192.168.1.55","192.168.1.2","TCP","1514","8004  >  35846 [ACK] Seq=433142 Ack=141 Win=65024 Len=1448 TSval=2916035201 TSecr=3045554977 [TCP segment of a reassembled PDU]"
"20723","31.121317020","192.168.1.55","192.168.1.2","TCP","1514","8004  >  35846 [ACK] Seq=434590 Ack=141 Win=65024 Len=1448 TSval=2916035201 TSecr=3045554977 [TCP segment of a reassembled PDU]"
"20724","31.121317946","192.168.1.55","192.168.1.2","TCP","1514","8004  >  35846 [ACK] Seq=436038 Ack=141 Win=65024 Len=1448 TSval=2916035201 TSecr=3045554977 [TCP segment of a reassembled PDU]"
"20725","31.121319002","192.168.1.55","192.168.1.2","TCP","1514","8004  >  35846 [ACK] Seq=437486 Ack=141 Win=65024 Len=1448 TSval=2916035201 TSecr=3045554977 [TCP segment of a reassembled PDU]"
"20726","31.121320446","192.168.1.55","192.168.1.2","TCP","1514","8004  >  35846 [ACK] Seq=438934 Ack=141 Win=65024 Len=1448 TSval=2916035201 TSecr=3045554977 [TCP segment of a reassembled PDU]"
"20727","31.121321631","192.168.1.55","192.168.1.2","TCP","1514","8004  >  35846 [ACK] Seq=440382 Ack=141 Win=65024 Len=1448 TSval=2916035201 TSecr=3045554977 [TCP segment of a reassembled PDU]"
"20728","31.121322668","192.168.1.55","192.168.1.2","TCP","1514","8004  >  35846 [ACK] Seq=441830 Ack=141 Win=65024 Len=1448 TSval=2916035201 TSecr=3045554977 [TCP segment of a reassembled PDU]"
"20729","31.121323594","192.168.1.55","192.168.1.2","TCP","1514","8004  >  35846 [ACK] Seq=443278 Ack=141 Win=65024 Len=1448 TSval=2916035201 TSecr=3045554977 [TCP segment of a reassembled PDU]"
"20730","31.121324520","192.168.1.55","192.168.1.2","TCP","1514","8004  >  35846 [ACK] Seq=444726 Ack=141 Win=65024 Len=1448 TSval=2916035201 TSecr=3045554977 [TCP segment of a reassembled PDU]"
"20731","31.121325631","192.168.1.55","192.168.1.2","TCP","1514","8004  >  35846 [ACK] Seq=446174 Ack=141 Win=65024 Len=1448 TSval=2916035201 TSecr=3045554977 [TCP segment of a reassembled PDU]"
"20732","31.121326539","192.168.1.55","192.168.1.2","TCP","1514","8004  >  35846 [ACK] Seq=447622 Ack=141 Win=65024 Len=1448 TSval=2916035201 TSecr=3045554977 [TCP segment of a reassembled PDU]"
"20733","31.121327613","192.168.1.55","192.168.1.2","TCP","1514","8004  >  35846 [ACK] Seq=449070 Ack=141 Win=65024 Len=1448 TSval=2916035201 TSecr=3045554977 [TCP segment of a reassembled PDU]"
"20734","31.121328594","192.168.1.55","192.168.1.2","TCP","1514","8004  >  35846 [ACK] Seq=450518 Ack=141 Win=65024 Len=1448 TSval=2916035201 TSecr=3045554977 [TCP segment of a reassembled PDU]"
"20735","31.121329761","192.168.1.55","192.168.1.2","TCP","1514","8004  >  35846 [ACK] Seq=451966 Ack=141 Win=65024 Len=1448 TSval=2916035201 TSecr=3045554977 [TCP segment of a reassembled PDU]"
"20736","31.121330891","192.168.1.55","192.168.1.2","TCP","1514","8004  >  35846 [ACK] Seq=453414 Ack=141 Win=65024 Len=1448 TSval=2916035201 TSecr=3045554977 [TCP segment of a reassembled PDU]"
"20737","31.121331891","192.168.1.55","192.168.1.2","TCP","1514","8004  >  35846 [ACK] Seq=454862 Ack=141 Win=65024 Len=1448 TSval=2916035201 TSecr=3045554977 [TCP segment of a reassembled PDU]"
"20738","31.121332946","192.168.1.55","192.168.1.2","TCP","1514","8004  >  35846 [ACK] Seq=456310 Ack=141 Win=65024 Len=1448 TSval=2916035201 TSecr=3045554977 [TCP segment of a reassembled PDU]"
"20739","31.121333854","192.168.1.55","192.168.1.2","TCP","1514","8004  >  35846 [ACK] Seq=457758 Ack=141 Win=65024 Len=1448 TSval=2916035201 TSecr=3045554977 [TCP segment of a reassembled PDU]"
"20740","31.121335187","192.168.1.55","192.168.1.2","TCP","1514","8004  >  35846 [ACK] Seq=459206 Ack=141 Win=65024 Len=1448 TSval=2916035201 TSecr=3045554977 [TCP segment of a reassembled PDU]"
"20741","31.121336187","192.168.1.55","192.168.1.2","TCP","1514","8004  >  35846 [ACK] Seq=460654 Ack=141 Win=65024 Len=1448 TSval=2916035201 TSecr=3045554977 [TCP segment of a reassembled PDU]"
"20742","31.121337187","192.168.1.55","192.168.1.2","TCP","1514","8004  >  35846 [ACK] Seq=462102 Ack=141 Win=65024 Len=1448 TSval=2916035201 TSecr=3045554977 [TCP segment of a reassembled PDU]"
"20743","31.121338076","192.168.1.55","192.168.1.2","TCP","1514","8004  >  35846 [ACK] Seq=463550 Ack=141 Win=65024 Len=1448 TSval=2916035201 TSecr=3045554977 [TCP segment of a reassembled PDU]"
"20744","31.121339076","192.168.1.55","192.168.1.2","TCP","1514","8004  >  35846 [ACK] Seq=464998 Ack=141 Win=65024 Len=1448 TSval=2916035201 TSecr=3045554977 [TCP segment of a reassembled PDU]"
"20745","31.121340261","192.168.1.55","192.168.1.2","TCP","1514","8004  >  35846 [ACK] Seq=466446 Ack=141 Win=65024 Len=1448 TSval=2916035201 TSecr=3045554977 [TCP segment of a reassembled PDU]"
"20746","31.121341317","192.168.1.55","192.168.1.2","TCP","1514","8004  >  35846 [ACK] Seq=467894 Ack=141 Win=65024 Len=1448 TSval=2916035201 TSecr=3045554977 [TCP segment of a reassembled PDU]"
"20747","31.121342317","192.168.1.55","192.168.1.2","TCP","1514","8004  >  35846 [ACK] Seq=469342 Ack=141 Win=65024 Len=1448 TSval=2916035201 TSecr=3045554977 [TCP segment of a reassembled PDU]"
"20748","31.121343242","192.168.1.55","192.168.1.2","TCP","1514","8004  >  35846 [ACK] Seq=470790 Ack=141 Win=65024 Len=1448 TSval=2916035201 TSecr=3045554977 [TCP segment of a reassembled PDU]"
"20749","31.121344613","192.168.1.55","192.168.1.2","TCP","1514","8004  >  35846 [ACK] Seq=472238 Ack=141 Win=65024 Len=1448 TSval=2916035201 TSecr=3045554977 [TCP segment of a reassembled PDU]"
"20750","31.121345613","192.168.1.55","192.168.1.2","TCP","1514","8004  >  35846 [PSH, ACK] Seq=473686 Ack=141 Win=65024 Len=1448 TSval=2916035201 TSecr=3045554977 [TCP segment of a reassembled PDU]"
"20751","31.130045682","192.168.1.2","192.168.1.55","TCP","66","35846  >  8004 [ACK] Seq=141 Ack=340470 Win=169984 Len=0 TSval=3045554982 TSecr=2916035196"
"20752","31.130098756","192.168.1.55","192.168.1.2","TCP","1514","8004  >  35846 [ACK] Seq=475134 Ack=141 Win=65024 Len=1448 TSval=2916035210 TSecr=3045554982 [TCP segment of a reassembled PDU]"
"20753","31.130103460","192.168.1.55","192.168.1.2","TCP","1514","8004  >  35846 [ACK] Seq=476582 Ack=141 Win=65024 Len=1448 TSval=2916035210 TSecr=3045554982 [TCP segment of a reassembled PDU]"
"20754","31.130104515","192.168.1.55","192.168.1.2","TCP","1514","8004  >  35846 [ACK] Seq=478030 Ack=141 Win=65024 Len=1448 TSval=2916035210 TSecr=3045554982 [TCP segment of a reassembled PDU]"
"20755","31.130105812","192.168.1.55","192.168.1.2","TCP","1514","8004  >  35846 [ACK] Seq=479478 Ack=141 Win=65024 Len=1448 TSval=2916035210 TSecr=3045554982 [TCP segment of a reassembled PDU]"
"20756","31.130106886","192.168.1.55","192.168.1.2","TCP","1514","8004  >  35846 [ACK] Seq=480926 Ack=141 Win=65024 Len=1448 TSval=2916035210 TSecr=3045554982 [TCP segment of a reassembled PDU]"
"20757","31.130107960","192.168.1.55","192.168.1.2","TCP","1514","8004  >  35846 [ACK] Seq=482374 Ack=141 Win=65024 Len=1448 TSval=2916035210 TSecr=3045554982 [TCP segment of a reassembled PDU]"
"20758","31.130108849","192.168.1.55","192.168.1.2","TCP","1514","8004  >  35846 [ACK] Seq=483822 Ack=141 Win=65024 Len=1448 TSval=2916035210 TSecr=3045554982 [TCP segment of a reassembled PDU]"
"20759","31.130109738","192.168.1.55","192.168.1.2","TCP","1514","8004  >  35846 [ACK] Seq=485270 Ack=141 Win=65024 Len=1448 TSval=2916035210 TSecr=3045554982 [TCP segment of a reassembled PDU]"
"20760","31.130110701","192.168.1.55","192.168.1.2","TCP","1514","8004  >  35846 [ACK] Seq=486718 Ack=141 Win=65024 Len=1448 TSval=2916035210 TSecr=3045554982 [TCP segment of a reassembled PDU]"
"20761","31.130111682","192.168.1.55","192.168.1.2","TCP","1514","8004  >  35846 [ACK] Seq=488166 Ack=141 Win=65024 Len=1448 TSval=2916035210 TSecr=3045554982 [TCP segment of a reassembled PDU]"
"20762","31.130112571","192.168.1.55","192.168.1.2","TCP","1514","8004  >  35846 [ACK] Seq=489614 Ack=141 Win=65024 Len=1448 TSval=2916035210 TSecr=3045554982 [TCP segment of a reassembled PDU]"
"20763","31.130113497","192.168.1.55","192.168.1.2","TCP","1514","8004  >  35846 [ACK] Seq=491062 Ack=141 Win=65024 Len=1448 TSval=2916035210 TSecr=3045554982 [TCP segment of a reassembled PDU]"
"20764","31.130114701","192.168.1.55","192.168.1.2","TCP","1514","8004  >  35846 [ACK] Seq=492510 Ack=141 Win=65024 Len=1448 TSval=2916035210 TSecr=3045554982 [TCP segment of a reassembled PDU]"
"20765","31.130115719","192.168.1.55","192.168.1.2","TCP","1514","8004  >  35846 [ACK] Seq=493958 Ack=141 Win=65024 Len=1448 TSval=2916035210 TSecr=3045554982 [TCP segment of a reassembled PDU]"
"20766","31.130116645","192.168.1.55","192.168.1.2","TCP","1514","8004  >  35846 [ACK] Seq=495406 Ack=141 Win=65024 Len=1448 TSval=2916035210 TSecr=3045554982 [TCP segment of a reassembled PDU]"
"20767","31.130117738","192.168.1.55","192.168.1.2","TCP","1514","8004  >  35846 [ACK] Seq=496854 Ack=141 Win=65024 Len=1448 TSval=2916035210 TSecr=3045554982 [TCP segment of a reassembled PDU]"
"20768","31.130118719","192.168.1.55","192.168.1.2","HTTP","1472","HTTP/1.0 200 OK  (PNG)"
"20769","31.130945313","192.168.1.2","192.168.1.55","TCP","66","35846  >  8004 [ACK] Seq=141 Ack=359294 Win=151552 Len=0 TSval=3045554982 TSecr=2916035196"
"20770","31.130982554","192.168.1.2","192.168.1.55","TCP","66","35846  >  8004 [ACK] Seq=141 Ack=376670 Win=163840 Len=0 TSval=3045554985 TSecr=2916035196"
"20771","31.131007165","192.168.1.2","192.168.1.55","TCP","66","35846  >  8004 [ACK] Seq=141 Ack=385358 Win=172032 Len=0 TSval=3045554985 TSecr=2916035196"
"20772","31.131015906","192.168.1.2","192.168.1.55","TCP","66","35846  >  8004 [ACK] Seq=141 Ack=414318 Win=144384 Len=0 TSval=3045554985 TSecr=2916035197"
"20773","31.131879370","192.168.1.2","192.168.1.55","TCP","66","35846  >  8004 [ACK] Seq=141 Ack=418662 Win=176128 Len=0 TSval=3045554986 TSecr=2916035197"
"20774","31.132097296","192.168.1.2","192.168.1.55","TCP","66","35846  >  8004 [ACK] Seq=141 Ack=430246 Win=164864 Len=0 TSval=3045554986 TSecr=2916035201"
"20775","31.132140796","192.168.1.2","192.168.1.55","TCP","66","35846  >  8004 [ACK] Seq=141 Ack=470790 Win=124928 Len=0 TSval=3045554986 TSecr=2916035201"
"20776","31.132149000","192.168.1.2","192.168.1.55","TCP","66","35846  >  8004 [ACK] Seq=141 Ack=472238 Win=176128 Len=0 TSval=3045554987 TSecr=2916035201"
"20777","31.132152241","192.168.1.2","192.168.1.55","TCP","66","35846  >  8004 [ACK] Seq=141 Ack=475134 Win=177152 Len=0 TSval=3045554987 TSecr=2916035201"
"20778","31.134644689","192.168.1.2","192.168.1.55","TCP","66","35846  >  8004 [ACK] Seq=141 Ack=489614 Win=162816 Len=0 TSval=3045554989 TSecr=2916035210"
"20779","31.134706356","192.168.1.2","192.168.1.55","TCP","66","35846  >  8004 [ACK] Seq=141 Ack=496854 Win=171008 Len=0 TSval=3045554990 TSecr=2916035210"
"20780","31.135522024","192.168.1.2","192.168.1.55","TCP","66","35846  >  8004 [ACK] Seq=141 Ack=499709 Win=176128 Len=0 TSval=3045554991 TSecr=2916035210"
"20781","31.136562248","192.168.1.2","192.168.1.55","TCP","66","35846  >  8004 [FIN, ACK] Seq=141 Ack=499709 Win=177152 Len=0 TSval=3045554991 TSecr=2916035210"
"20782","31.136594433","192.168.1.55","192.168.1.2","TCP","66","8004  >  35846 [ACK] Seq=499709 Ack=142 Win=65024 Len=0 TSval=2916035217 TSecr=3045554991"
"20783","31.136681433","192.168.1.2","192.168.1.55","TCP","74","35854  >  8004 [SYN] Seq=0 Win=64240 Len=0 MSS=1460 SACK_PERM TSval=3045554991 TSecr=0 WS=1024"
"20784","31.136709026","192.168.1.55","192.168.1.2","TCP","74","8004  >  35854 [SYN, ACK] Seq=0 Ack=1 Win=65160 Len=0 MSS=1460 SACK_PERM TSval=2916035217 TSecr=3045554991 WS=128"
"20785","31.139962012","192.168.1.2","192.168.1.55","TCP","66","35854  >  8004 [ACK] Seq=1 Ack=1 Win=64512 Len=0 TSval=3045554994 TSecr=2916035217"
"20786","31.143146258","192.168.1.2","192.168.1.55","HTTP","209","GET /original_benchmark.png HTTP/1.1 "
"20787","31.143182814","192.168.1.55","192.168.1.2","TCP","66","8004  >  35854 [ACK] Seq=1 Ack=144 Win=65024 Len=0 TSval=2916035223 TSecr=3045554995"
"20788","31.143807537","192.168.1.55","192.168.1.2","TCP","255","8004  >  35854 [PSH, ACK] Seq=1 Ack=144 Win=65024 Len=189 TSval=2916035224 TSecr=3045554995 [TCP segment of a reassembled PDU]"
"20789","31.143919500","192.168.1.55","192.168.1.2","TCP","1514","8004  >  35854 [ACK] Seq=190 Ack=144 Win=65024 Len=1448 TSval=2916035224 TSecr=3045554995 [TCP segment of a reassembled PDU]"
"20790","31.143923963","192.168.1.55","192.168.1.2","TCP","1514","8004  >  35854 [ACK] Seq=1638 Ack=144 Win=65024 Len=1448 TSval=2916035224 TSecr=3045554995 [TCP segment of a reassembled PDU]"
"20791","31.143925130","192.168.1.55","192.168.1.2","TCP","1514","8004  >  35854 [ACK] Seq=3086 Ack=144 Win=65024 Len=1448 TSval=2916035224 TSecr=3045554995 [TCP segment of a reassembled PDU]"
"20792","31.143926445","192.168.1.55","192.168.1.2","TCP","1514","8004  >  35854 [ACK] Seq=4534 Ack=144 Win=65024 Len=1448 TSval=2916035224 TSecr=3045554995 [TCP segment of a reassembled PDU]"
"20793","31.143929334","192.168.1.55","192.168.1.2","TCP","1514","8004  >  35854 [PSH, ACK] Seq=5982 Ack=144 Win=65024 Len=1448 TSval=2916035224 TSecr=3045554995 [TCP segment of a reassembled PDU]"
"20794","31.143949482","192.168.1.55","192.168.1.2","TCP","1514","8004  >  35854 [ACK] Seq=7430 Ack=144 Win=65024 Len=1448 TSval=2916035224 TSecr=3045554995 [TCP segment of a reassembled PDU]"
"20795","31.143951815","192.168.1.55","192.168.1.2","TCP","1514","8004  >  35854 [ACK] Seq=8878 Ack=144 Win=65024 Len=1448 TSval=2916035224 TSecr=3045554995 [TCP segment of a reassembled PDU]"
"20796","31.143953408","192.168.1.55","192.168.1.2","TCP","1514","8004  >  35854 [ACK] Seq=10326 Ack=144 Win=65024 Len=1448 TSval=2916035224 TSecr=3045554995 [TCP segment of a reassembled PDU]"
"20797","31.143954556","192.168.1.55","192.168.1.2","TCP","1514","8004  >  35854 [PSH, ACK] Seq=11774 Ack=144 Win=65024 Len=1448 TSval=2916035224 TSecr=3045554995 [TCP segment of a reassembled PDU]"
"20798","31.147524061","192.168.1.2","192.168.1.55","TCP","66","35854  >  8004 [ACK] Seq=144 Ack=190 Win=64512 Len=0 TSval=3045555002 TSecr=2916035224"
"20799","31.147616821","192.168.1.55","192.168.1.2","TCP","1514","8004  >  35854 [ACK] Seq=13222 Ack=144 Win=65024 Len=1448 TSval=2916035228 TSecr=3045555002 [TCP segment of a reassembled PDU]"
"20800","31.147625339","192.168.1.55","192.168.1.2","TCP","1514","8004  >  35854 [PSH, ACK] Seq=14670 Ack=144 Win=65024 Len=1448 TSval=2916035228 TSecr=3045555002 [TCP segment of a reassembled PDU]"
"20801","31.147765710","192.168.1.2","192.168.1.55","TCP","66","35854  >  8004 [ACK] Seq=144 Ack=4534 Win=64512 Len=0 TSval=3045555002 TSecr=2916035224"
"20802","31.147833766","192.168.1.55","192.168.1.2","TCP","1514","8004  >  35854 [ACK] Seq=16118 Ack=144 Win=65024 Len=1448 TSval=2916035228 TSecr=3045555002 [TCP segment of a reassembled PDU]"
"20803","31.147837747","192.168.1.55","192.168.1.2","TCP","1514","8004  >  35854 [ACK] Seq=17566 Ack=144 Win=65024 Len=1448 TSval=2916035228 TSecr=3045555002 [TCP segment of a reassembled PDU]"
"20804","31.147839543","192.168.1.55","192.168.1.2","TCP","1514","8004  >  35854 [ACK] Seq=19014 Ack=144 Win=65024 Len=1448 TSval=2916035228 TSecr=3045555002 [TCP segment of a reassembled PDU]"
"20805","31.147840932","192.168.1.55","192.168.1.2","TCP","1514","8004  >  35854 [ACK] Seq=20462 Ack=144 Win=65024 Len=1448 TSval=2916035228 TSecr=3045555002 [TCP segment of a reassembled PDU]"
"20806","31.147842210","192.168.1.55","192.168.1.2","TCP","1514","8004  >  35854 [ACK] Seq=21910 Ack=144 Win=65024 Len=1448 TSval=2916035228 TSecr=3045555002 [TCP segment of a reassembled PDU]"
"20807","31.147843432","192.168.1.55","192.168.1.2","TCP","1514","8004  >  35854 [PSH, ACK] Seq=23358 Ack=144 Win=65024 Len=1448 TSval=2916035228 TSecr=3045555002 [TCP segment of a reassembled PDU]"
"20808","31.147851229","192.168.1.2","192.168.1.55","TCP","66","35854  >  8004 [ACK] Seq=144 Ack=7430 Win=67584 Len=0 TSval=3045555003 TSecr=2916035224"
"20809","31.147868340","192.168.1.2","192.168.1.55","TCP","66","35854  >  8004 [ACK] Seq=144 Ack=13222 Win=65536 Len=0 TSval=3045555003 TSecr=2916035224"
"20810","31.147925007","192.168.1.55","192.168.1.2","TCP","1514","8004  >  35854 [ACK] Seq=24806 Ack=144 Win=65024 Len=1448 TSval=2916035228 TSecr=3045555003 [TCP segment of a reassembled PDU]"
"20811","31.147932044","192.168.1.55","192.168.1.2","TCP","1514","8004  >  35854 [ACK] Seq=26254 Ack=144 Win=65024 Len=1448 TSval=2916035228 TSecr=3045555003 [TCP segment of a reassembled PDU]"
"20812","31.147935303","192.168.1.55","192.168.1.2","TCP","1514","8004  >  35854 [ACK] Seq=27702 Ack=144 Win=65024 Len=1448 TSval=2916035228 TSecr=3045555003 [TCP segment of a reassembled PDU]"
"20813","31.147937303","192.168.1.55","192.168.1.2","TCP","1514","8004  >  35854 [ACK] Seq=29150 Ack=144 Win=65024 Len=1448 TSval=2916035228 TSecr=3045555003 [TCP segment of a reassembled PDU]"
"20814","31.147939192","192.168.1.55","192.168.1.2","TCP","1514","8004  >  35854 [ACK] Seq=30598 Ack=144 Win=65024 Len=1448 TSval=2916035228 TSecr=3045555003 [TCP segment of a reassembled PDU]"
"20815","31.147940636","192.168.1.55","192.168.1.2","TCP","1514","8004  >  35854 [ACK] Seq=32046 Ack=144 Win=65024 Len=1448 TSval=2916035228 TSecr=3045555003 [TCP segment of a reassembled PDU]"
"20816","31.147943358","192.168.1.55","192.168.1.2","TCP","1514","8004  >  35854 [ACK] Seq=33494 Ack=144 Win=65024 Len=1448 TSval=2916035228 TSecr=3045555003 [TCP segment of a reassembled PDU]"
"20817","31.147945673","192.168.1.55","192.168.1.2","TCP","1514","8004  >  35854 [ACK] Seq=34942 Ack=144 Win=65024 Len=1448 TSval=2916035228 TSecr=3045555003 [TCP segment of a reassembled PDU]"
"20818","31.147949470","192.168.1.55","192.168.1.2","TCP","1514","8004  >  35854 [ACK] Seq=36390 Ack=144 Win=65024 Len=1448 TSval=2916035228 TSecr=3045555003 [TCP segment of a reassembled PDU]"
"20819","31.147951340","192.168.1.55","192.168.1.2","TCP","1514","8004  >  35854 [PSH, ACK] Seq=37838 Ack=144 Win=65024 Len=1448 TSval=2916035228 TSecr=3045555003 [TCP segment of a reassembled PDU]"
"20820","31.148880064","192.168.1.55","192.168.1.2","TCP","1514","8004  >  35854 [ACK] Seq=39286 Ack=144 Win=65024 Len=1448 TSval=2916035229 TSecr=3045555003 [TCP segment of a reassembled PDU]"
"20821","31.148887934","192.168.1.55","192.168.1.2","TCP","1514","8004  >  35854 [PSH, ACK] Seq=40734 Ack=144 Win=65024 Len=1448 TSval=2916035229 TSecr=3045555003 [TCP segment of a reassembled PDU]"
"20822","31.152453588","192.168.1.2","192.168.1.55","TCP","66","35854  >  8004 [ACK] Seq=144 Ack=16118 Win=67584 Len=0 TSval=3045555007 TSecr=2916035228"
"20823","31.152483125","192.168.1.55","192.168.1.2","TCP","1514","8004  >  35854 [ACK] Seq=42182 Ack=144 Win=65024 Len=1448 TSval=2916035233 TSecr=3045555007 [TCP segment of a reassembled PDU]"
"20824","31.152487347","192.168.1.55","192.168.1.2","TCP","1514","8004  >  35854 [PSH, ACK] Seq=43630 Ack=144 Win=65024 Len=1448 TSval=2916035233 TSecr=3045555007 [TCP segment of a reassembled PDU]"
"20825","31.152689792","192.168.1.2","192.168.1.55","TCP","66","35854  >  8004 [ACK] Seq=144 Ack=24806 Win=61440 Len=0 TSval=3045555007 TSecr=2916035228"
"20826","31.152720403","192.168.1.55","192.168.1.2","TCP","1514","8004  >  35854 [ACK] Seq=45078 Ack=144 Win=65024 Len=1448 TSval=2916035233 TSecr=3045555007 [TCP segment of a reassembled PDU]"
"20827","31.152722773","192.168.1.55","192.168.1.2","TCP","1514","8004  >  35854 [ACK] Seq=46526 Ack=144 Win=65024 Len=1448 TSval=2916035233 TSecr=3045555007 [TCP segment of a reassembled PDU]"
"20828","31.152723884","192.168.1.55","192.168.1.2","TCP","1514","8004  >  35854 [ACK] Seq=47974 Ack=144 Win=65024 Len=1448 TSval=2916035233 TSecr=3045555007 [TCP segment of a reassembled PDU]"
"20829","31.152725070","192.168.1.55","192.168.1.2","TCP","1514","8004  >  35854 [ACK] Seq=49422 Ack=144 Win=65024 Len=1448 TSval=2916035233 TSecr=3045555007 [TCP segment of a reassembled PDU]"
"20830","31.152726273","192.168.1.55","192.168.1.2","TCP","1514","8004  >  35854 [ACK] Seq=50870 Ack=144 Win=65024 Len=1448 TSval=2916035233 TSecr=3045555007 [TCP segment of a reassembled PDU]"
"20831","31.152727366","192.168.1.55","192.168.1.2","TCP","1514","8004  >  35854 [ACK] Seq=52318 Ack=144 Win=65024 Len=1448 TSval=2916035233 TSecr=3045555007 [TCP segment of a reassembled PDU]"
"20832","31.152728551","192.168.1.55","192.168.1.2","TCP","1514","8004  >  35854 [ACK] Seq=53766 Ack=144 Win=65024 Len=1448 TSval=2916035233 TSecr=3045555007 [TCP segment of a reassembled PDU]"
"20833","31.152729718","192.168.1.55","192.168.1.2","TCP","1514","8004  >  35854 [ACK] Seq=55214 Ack=144 Win=65024 Len=1448 TSval=2916035233 TSecr=3045555007 [TCP segment of a reassembled PDU]"
"20834","31.152730792","192.168.1.55","192.168.1.2","TCP","1514","8004  >  35854 [ACK] Seq=56662 Ack=144 Win=65024 Len=1448 TSval=2916035233 TSecr=3045555007 [TCP segment of a reassembled PDU]"
"20835","31.152731996","192.168.1.55","192.168.1.2","TCP","1514","8004  >  35854 [ACK] Seq=58110 Ack=144 Win=65024 Len=1448 TSval=2916035233 TSecr=3045555007 [TCP segment of a reassembled PDU]"
"20836","31.152733125","192.168.1.55","192.168.1.2","TCP","1514","8004  >  35854 [ACK] Seq=59558 Ack=144 Win=65024 Len=1448 TSval=2916035233 TSecr=3045555007 [TCP segment of a reassembled PDU]"
"20837","31.152734440","192.168.1.55","192.168.1.2","TCP","1514","8004  >  35854 [ACK] Seq=61006 Ack=144 Win=65024 Len=1448 TSval=2916035233 TSecr=3045555007 [TCP segment of a reassembled PDU]"
"20838","31.152735533","192.168.1.55","192.168.1.2","TCP","1514","8004  >  35854 [ACK] Seq=62454 Ack=144 Win=65024 Len=1448 TSval=2916035233 TSecr=3045555007 [TCP segment of a reassembled PDU]"
"20839","31.152736681","192.168.1.55","192.168.1.2","TCP","1514","8004  >  35854 [PSH, ACK] Seq=63902 Ack=144 Win=65024 Len=1448 TSval=2916035233 TSecr=3045555007 [TCP segment of a reassembled PDU]"
"20840","31.152741959","192.168.1.2","192.168.1.55","TCP","66","35854  >  8004 [ACK] Seq=144 Ack=36390 Win=53248 Len=0 TSval=3045555007 TSecr=2916035228"
"20841","31.152760662","192.168.1.55","192.168.1.2","TCP","1514","8004  >  35854 [ACK] Seq=65350 Ack=144 Win=65024 Len=1448 TSval=2916035233 TSecr=3045555007 [TCP segment of a reassembled PDU]"
"20842","31.152762347","192.168.1.55","192.168.1.2","TCP","1514","8004  >  35854 [ACK] Seq=66798 Ack=144 Win=65024 Len=1448 TSval=2916035233 TSecr=3045555007 [TCP segment of a reassembled PDU]"
"20843","31.152763607","192.168.1.55","192.168.1.2","TCP","1514","8004  >  35854 [ACK] Seq=68246 Ack=144 Win=65024 Len=1448 TSval=2916035233 TSecr=3045555007 [TCP segment of a reassembled PDU]"
"20844","31.152764773","192.168.1.55","192.168.1.2","TCP","1514","8004  >  35854 [ACK] Seq=69694 Ack=144 Win=65024 Len=1448 TSval=2916035233 TSecr=3045555007 [TCP segment of a reassembled PDU]"
"20845","31.152765885","192.168.1.55","192.168.1.2","TCP","1514","8004  >  35854 [ACK] Seq=71142 Ack=144 Win=65024 Len=1448 TSval=2916035233 TSecr=3045555007 [TCP segment of a reassembled PDU]"
"20846","31.152767070","192.168.1.55","192.168.1.2","TCP","1514","8004  >  35854 [ACK] Seq=72590 Ack=144 Win=65024 Len=1448 TSval=2916035233 TSecr=3045555007 [TCP segment of a reassembled PDU]"
"20847","31.152768181","192.168.1.55","192.168.1.2","TCP","1514","8004  >  35854 [ACK] Seq=74038 Ack=144 Win=65024 Len=1448 TSval=2916035233 TSecr=3045555007 [TCP segment of a reassembled PDU]"
"20848","31.152769366","192.168.1.55","192.168.1.2","TCP","1514","8004  >  35854 [PSH, ACK] Seq=75486 Ack=144 Win=65024 Len=1448 TSval=2916035233 TSecr=3045555007 [TCP segment of a reassembled PDU]"
"20849","31.152774681","192.168.1.2","192.168.1.55","TCP","66","35854  >  8004 [ACK] Seq=144 Ack=39286 Win=67584 Len=0 TSval=3045555007 TSecr=2916035228"
"20850","31.156199594","192.168.1.2","192.168.1.55","TCP","66","35854  >  8004 [ACK] Seq=144 Ack=42182 Win=67584 Len=0 TSval=3045555008 TSecr=2916035229"
"20851","31.156221279","192.168.1.55","192.168.1.2","TCP","1514","8004  >  35854 [ACK] Seq=76934 Ack=144 Win=65024 Len=1448 TSval=2916035236 TSecr=3045555008 [TCP segment of a reassembled PDU]"
"20852","31.156224501","192.168.1.55","192.168.1.2","TCP","1514","8004  >  35854 [ACK] Seq=78382 Ack=144 Win=65024 Len=1448 TSval=2916035236 TSecr=3045555008 [TCP segment of a reassembled PDU]"
"20853","31.156225686","192.168.1.55","192.168.1.2","TCP","1514","8004  >  35854 [ACK] Seq=79830 Ack=144 Win=65024 Len=1448 TSval=2916035236 TSecr=3045555008 [TCP segment of a reassembled PDU]"
"20854","31.156226834","192.168.1.55","192.168.1.2","TCP","1514","8004  >  35854 [ACK] Seq=81278 Ack=144 Win=65024 Len=1448 TSval=2916035236 TSecr=3045555008 [TCP segment of a reassembled PDU]"
"20855","31.156228020","192.168.1.55","192.168.1.2","TCP","1514","8004  >  35854 [ACK] Seq=82726 Ack=144 Win=65024 Len=1448 TSval=2916035236 TSecr=3045555008 [TCP segment of a reassembled PDU]"
"20856","31.156229168","192.168.1.55","192.168.1.2","TCP","1514","8004  >  35854 [ACK] Seq=84174 Ack=144 Win=65024 Len=1448 TSval=2916035236 TSecr=3045555008 [TCP segment of a reassembled PDU]"
"20857","31.156230279","192.168.1.55","192.168.1.2","TCP","1514","8004  >  35854 [ACK] Seq=85622 Ack=144 Win=65024 Len=1448 TSval=2916035236 TSecr=3045555008 [TCP segment of a reassembled PDU]"
"20858","31.156231464","192.168.1.55","192.168.1.2","TCP","1514","8004  >  35854 [ACK] Seq=87070 Ack=144 Win=65024 Len=1448 TSval=2916035236 TSecr=3045555008 [TCP segment of a reassembled PDU]"
"20859","31.156232668","192.168.1.55","192.168.1.2","TCP","1514","8004  >  35854 [ACK] Seq=88518 Ack=144 Win=65024 Len=1448 TSval=2916035236 TSecr=3045555008 [TCP segment of a reassembled PDU]"
"20860","31.156233871","192.168.1.55","192.168.1.2","TCP","1514","8004  >  35854 [ACK] Seq=89966 Ack=144 Win=65024 Len=1448 TSval=2916035236 TSecr=3045555008 [TCP segment of a reassembled PDU]"
"20861","31.156235075","192.168.1.55","192.168.1.2","TCP","1514","8004  >  35854 [ACK] Seq=91414 Ack=144 Win=65024 Len=1448 TSval=2916035236 TSecr=3045555008 [TCP segment of a reassembled PDU]"
"20862","31.156236260","192.168.1.55","192.168.1.2","TCP","1514","8004  >  35854 [ACK] Seq=92862 Ack=144 Win=65024 Len=1448 TSval=2916035236 TSecr=3045555008 [TCP segment of a reassembled PDU]"
"20863","31.156237612","192.168.1.55","192.168.1.2","TCP","1514","8004  >  35854 [ACK] Seq=94310 Ack=144 Win=65024 Len=1448 TSval=2916035236 TSecr=3045555008 [TCP segment of a reassembled PDU]"
"20864","31.156239501","192.168.1.55","192.168.1.2","TCP","1514","8004  >  35854 [ACK] Seq=95758 Ack=144 Win=65024 Len=1448 TSval=2916035236 TSecr=3045555008 [TCP segment of a reassembled PDU]"
"20865","31.156240834","192.168.1.55","192.168.1.2","TCP","1514","8004  >  35854 [ACK] Seq=97206 Ack=144 Win=65024 Len=1448 TSval=2916035236 TSecr=3045555008 [TCP segment of a reassembled PDU]"
"20866","31.156242038","192.168.1.55","192.168.1.2","TCP","1514","8004  >  35854 [PSH, ACK] Seq=98654 Ack=144 Win=65024 Len=1448 TSval=2916035236 TSecr=3045555008 [TCP segment of a reassembled PDU]"
"20867","31.159129969","192.168.1.2","192.168.1.55","TCP","66","35854  >  8004 [ACK] Seq=144 Ack=45078 Win=65536 Len=0 TSval=3045555012 TSecr=2916035233"
"20868","31.159147024","192.168.1.55","192.168.1.2","TCP","1514","8004  >  35854 [ACK] Seq=100102 Ack=144 Win=65024 Len=1448 TSval=2916035239 TSecr=3045555012 [TCP segment of a reassembled PDU]"
"20869","31.159149895","192.168.1.55","192.168.1.2","TCP","1514","8004  >  35854 [ACK] Seq=101550 Ack=144 Win=65024 Len=1448 TSval=2916035239 TSecr=3045555012 [TCP segment of a reassembled PDU]"
"20870","31.159151006","192.168.1.55","192.168.1.2","TCP","1514","8004  >  35854 [ACK] Seq=102998 Ack=144 Win=65024 Len=1448 TSval=2916035239 TSecr=3045555012 [TCP segment of a reassembled PDU]"
"20871","31.159152209","192.168.1.55","192.168.1.2","TCP","1514","8004  >  35854 [PSH, ACK] Seq=104446 Ack=144 Win=65024 Len=1448 TSval=2916035239 TSecr=3045555012 [TCP segment of a reassembled PDU]"
"20872","31.159424043","192.168.1.2","192.168.1.55","TCP","66","35854  >  8004 [ACK] Seq=144 Ack=63902 Win=56320 Len=0 TSval=3045555012 TSecr=2916035233"
"20873","31.159432562","192.168.1.55","192.168.1.2","TCP","1514","8004  >  35854 [ACK] Seq=105894 Ack=144 Win=65024 Len=1448 TSval=2916035240 TSecr=3045555012 [TCP segment of a reassembled PDU]"
"20874","31.159434451","192.168.1.55","192.168.1.2","TCP","1514","8004  >  35854 [ACK] Seq=107342 Ack=144 Win=65024 Len=1448 TSval=2916035240 TSecr=3045555012 [TCP segment of a reassembled PDU]"
"20875","31.159435710","192.168.1.55","192.168.1.2","TCP","1514","8004  >  35854 [PSH, ACK] Seq=108790 Ack=144 Win=65024 Len=1448 TSval=2916035240 TSecr=3045555012 [TCP segment of a reassembled PDU]"
"20876","31.159441321","192.168.1.2","192.168.1.55","TCP","66","35854  >  8004 [ACK] Seq=144 Ack=65350 Win=68608 Len=0 TSval=3045555012 TSecr=2916035233"
"20877","31.159461673","192.168.1.55","192.168.1.2","TCP","1514","8004  >  35854 [ACK] Seq=110238 Ack=144 Win=65024 Len=1448 TSval=2916035240 TSecr=3045555012 [TCP segment of a reassembled PDU]"
"20878","31.159463265","192.168.1.55","192.168.1.2","TCP","1514","8004  >  35854 [ACK] Seq=111686 Ack=144 Win=65024 Len=1448 TSval=2916035240 TSecr=3045555012 [TCP segment of a reassembled PDU]"
"20879","31.159464506","192.168.1.55","192.168.1.2","TCP","1514","8004  >  35854 [ACK] Seq=113134 Ack=144 Win=65024 Len=1448 TSval=2916035240 TSecr=3045555012 [TCP segment of a reassembled PDU]"
"20880","31.159465784","192.168.1.55","192.168.1.2","TCP","1514","8004  >  35854 [ACK] Seq=114582 Ack=144 Win=65024 Len=1448 TSval=2916035240 TSecr=3045555012 [TCP segment of a reassembled PDU]"
"20881","31.159466969","192.168.1.55","192.168.1.2","TCP","1514","8004  >  35854 [ACK] Seq=116030 Ack=144 Win=65024 Len=1448 TSval=2916035240 TSecr=3045555012 [TCP segment of a reassembled PDU]"
"20882","31.159468080","192.168.1.55","192.168.1.2","TCP","1514","8004  >  35854 [ACK] Seq=117478 Ack=144 Win=65024 Len=1448 TSval=2916035240 TSecr=3045555012 [TCP segment of a reassembled PDU]"
"20883","31.159469302","192.168.1.55","192.168.1.2","TCP","1514","8004  >  35854 [ACK] Seq=118926 Ack=144 Win=65024 Len=1448 TSval=2916035240 TSecr=3045555012 [TCP segment of a reassembled PDU]"
"20884","31.159470414","192.168.1.55","192.168.1.2","TCP","1514","8004  >  35854 [ACK] Seq=120374 Ack=144 Win=65024 Len=1448 TSval=2916035240 TSecr=3045555012 [TCP segment of a reassembled PDU]"
"20885","31.159471636","192.168.1.55","192.168.1.2","TCP","1514","8004  >  35854 [ACK] Seq=121822 Ack=144 Win=65024 Len=1448 TSval=2916035240 TSecr=3045555012 [TCP segment of a reassembled PDU]"
"20886","31.159472858","192.168.1.55","192.168.1.2","TCP","1514","8004  >  35854 [ACK] Seq=123270 Ack=144 Win=65024 Len=1448 TSval=2916035240 TSecr=3045555012 [TCP segment of a reassembled PDU]"
"20887","31.159474321","192.168.1.55","192.168.1.2","TCP","1514","8004  >  35854 [ACK] Seq=124718 Ack=144 Win=65024 Len=1448 TSval=2916035240 TSecr=3045555012 [TCP segment of a reassembled PDU]"
"20888","31.159475432","192.168.1.55","192.168.1.2","TCP","1514","8004  >  35854 [ACK] Seq=126166 Ack=144 Win=65024 Len=1448 TSval=2916035240 TSecr=3045555012 [TCP segment of a reassembled PDU]"
"20889","31.159482340","192.168.1.55","192.168.1.2","TCP","1514","8004  >  35854 [ACK] Seq=127614 Ack=144 Win=65024 Len=1448 TSval=2916035240 TSecr=3045555012 [TCP segment of a reassembled PDU]"
"20890","31.159483988","192.168.1.55","192.168.1.2","TCP","1514","8004  >  35854 [ACK] Seq=129062 Ack=144 Win=65024 Len=1448 TSval=2916035240 TSecr=3045555012 [TCP segment of a reassembled PDU]"
"20891","31.159485173","192.168.1.55","192.168.1.2","TCP","1514","8004  >  35854 [ACK] Seq=130510 Ack=144 Win=65024 Len=1448 TSval=2916035240 TSecr=3045555012 [TCP segment of a reassembled PDU]"
"20892","31.159486414","192.168.1.55","192.168.1.2","TCP","1514","8004  >  35854 [ACK] Seq=131958 Ack=144 Win=65024 Len=1448 TSval=2916035240 TSecr=3045555012 [TCP segment of a reassembled PDU]"
"20893","31.159487506","192.168.1.55","192.168.1.2","TCP","618","[TCP Window Full] 8004  >  35854 [PSH, ACK] Seq=133406 Ack=144 Win=65024 Len=552 TSval=2916035240 TSecr=3045555012 [TCP segment of a reassembled PDU]"
"20894","31.159491488","192.168.1.2","192.168.1.55","TCP","66","35854  >  8004 [ACK] Seq=144 Ack=76934 Win=59392 Len=0 TSval=3045555012 TSecr=2916035233"
"20895","31.162570937","192.168.1.2","192.168.1.55","TCP","66","35854  >  8004 [ACK] Seq=144 Ack=78382 Win=66560 Len=0 TSval=3045555014 TSecr=2916035236"
"20896","31.162588493","192.168.1.55","192.168.1.2","TCP","1514","8004  >  35854 [ACK] Seq=133958 Ack=144 Win=65024 Len=1448 TSval=2916035243 TSecr=3045555014 [TCP segment of a reassembled PDU]"
"20897","31.162591326","192.168.1.55","192.168.1.2","TCP","1514","8004  >  35854 [ACK] Seq=135406 Ack=144 Win=65024 Len=1448 TSval=2916035243 TSecr=3045555014 [TCP segment of a reassembled PDU]"
"20898","31.162592604","192.168.1.55","192.168.1.2","TCP","1514","8004  >  35854 [ACK] Seq=136854 Ack=144 Win=65024 Len=1448 TSval=2916035243 TSecr=3045555014 [TCP segment of a reassembled PDU]"
"20899","31.162593881","192.168.1.55","192.168.1.2","TCP","1514","8004  >  35854 [ACK] Seq=138302 Ack=144 Win=65024 Len=1448 TSval=2916035243 TSecr=3045555014 [TCP segment of a reassembled PDU]"
"20900","31.162595178","192.168.1.55","192.168.1.2","TCP","1514","8004  >  35854 [ACK] Seq=139750 Ack=144 Win=65024 Len=1448 TSval=2916035243 TSecr=3045555014 [TCP segment of a reassembled PDU]"
"20901","31.162596437","192.168.1.55","192.168.1.2","TCP","1514","8004  >  35854 [PSH, ACK] Seq=141198 Ack=144 Win=65024 Len=1448 TSval=2916035243 TSecr=3045555014 [TCP segment of a reassembled PDU]"
"20902","31.162601881","192.168.1.55","192.168.1.2","TCP","962","8004  >  35854 [ACK] Seq=142646 Ack=144 Win=65024 Len=896 TSval=2916035243 TSecr=3045555014 [TCP segment of a reassembled PDU]"
"20903","31.162938345","192.168.1.2","192.168.1.55","TCP","66","35854  >  8004 [ACK] Seq=144 Ack=91414 Win=59392 Len=0 TSval=3045555014 TSecr=2916035236"
"20904","31.164327180","192.168.1.2","192.168.1.55","TCP","66","35854  >  8004 [ACK] Seq=144 Ack=100102 Win=60416 Len=0 TSval=3045555016 TSecr=2916035236"
"20905","31.164344606","192.168.1.55","192.168.1.2","TCP","1514","8004  >  35854 [ACK] Seq=143542 Ack=144 Win=65024 Len=1448 TSval=2916035245 TSecr=3045555016 [TCP segment of a reassembled PDU]"
"20906","31.164346792","192.168.1.55","192.168.1.2","TCP","1514","8004  >  35854 [ACK] Seq=144990 Ack=144 Win=65024 Len=1448 TSval=2916035245 TSecr=3045555016 [TCP segment of a reassembled PDU]"
"20907","31.164347995","192.168.1.55","192.168.1.2","TCP","1514","8004  >  35854 [ACK] Seq=146438 Ack=144 Win=65024 Len=1448 TSval=2916035245 TSecr=3045555016 [TCP segment of a reassembled PDU]"
"20908","31.164349292","192.168.1.55","192.168.1.2","TCP","1514","8004  >  35854 [ACK] Seq=147886 Ack=144 Win=65024 Len=1448 TSval=2916035245 TSecr=3045555016 [TCP segment of a reassembled PDU]"
"20909","31.164350532","192.168.1.55","192.168.1.2","TCP","1514","8004  >  35854 [ACK] Seq=149334 Ack=144 Win=65024 Len=1448 TSval=2916035245 TSecr=3045555016 [TCP segment of a reassembled PDU]"
"20910","31.164351829","192.168.1.55","192.168.1.2","TCP","1514","8004  >  35854 [ACK] Seq=150782 Ack=144 Win=65024 Len=1448 TSval=2916035245 TSecr=3045555016 [TCP segment of a reassembled PDU]"
"20911","31.164353218","192.168.1.55","192.168.1.2","TCP","1514","8004  >  35854 [ACK] Seq=152230 Ack=144 Win=65024 Len=1448 TSval=2916035245 TSecr=3045555016 [TCP segment of a reassembled PDU]"
"20912","31.164354421","192.168.1.55","192.168.1.2","TCP","1514","8004  >  35854 [ACK] Seq=153678 Ack=144 Win=65024 Len=1448 TSval=2916035245 TSecr=3045555016 [TCP segment of a reassembled PDU]"
"20913","31.164355903","192.168.1.55","192.168.1.2","TCP","1514","8004  >  35854 [ACK] Seq=155126 Ack=144 Win=65024 Len=1448 TSval=2916035245 TSecr=3045555016 [TCP segment of a reassembled PDU]"
"20914","31.164357106","192.168.1.55","192.168.1.2","TCP","1514","8004  >  35854 [ACK] Seq=156574 Ack=144 Win=65024 Len=1448 TSval=2916035245 TSecr=3045555016 [TCP segment of a reassembled PDU]"
"20915","31.164358421","192.168.1.55","192.168.1.2","TCP","1514","8004  >  35854 [PSH, ACK] Seq=158022 Ack=144 Win=65024 Len=1448 TSval=2916035245 TSecr=3045555016 [TCP segment of a reassembled PDU]"
"20916","31.164870181","192.168.1.2","192.168.1.55","TCP","66","35854  >  8004 [ACK] Seq=144 Ack=105894 Win=63488 Len=0 TSval=3045555017 TSecr=2916035239"
"20917","31.164876959","192.168.1.2","192.168.1.55","TCP","66","35854  >  8004 [ACK] Seq=144 Ack=116030 Win=89088 Len=0 TSval=3045555018 TSecr=2916035240"
"20918","31.164892644","192.168.1.55","192.168.1.2","TCP","1514","8004  >  35854 [ACK] Seq=159470 Ack=144 Win=65024 Len=1448 TSval=2916035245 TSecr=3045555018 [TCP segment of a reassembled PDU]"
"20919","31.164894570","192.168.1.55","192.168.1.2","TCP","1514","8004  >  35854 [ACK] Seq=160918 Ack=144 Win=65024 Len=1448 TSval=2916035245 TSecr=3045555018 [TCP segment of a reassembled PDU]"
"20920","31.164895922","192.168.1.55","192.168.1.2","TCP","1514","8004  >  35854 [ACK] Seq=162366 Ack=144 Win=65024 Len=1448 TSval=2916035245 TSecr=3045555018 [TCP segment of a reassembled PDU]"
"20921","31.164897144","192.168.1.55","192.168.1.2","TCP","1514","8004  >  35854 [ACK] Seq=163814 Ack=144 Win=65024 Len=1448 TSval=2916035245 TSecr=3045555018 [TCP segment of a reassembled PDU]"
"20922","31.164898459","192.168.1.55","192.168.1.2","TCP","1514","8004  >  35854 [ACK] Seq=165262 Ack=144 Win=65024 Len=1448 TSval=2916035245 TSecr=3045555018 [TCP segment of a reassembled PDU]"
"20923","31.164900144","192.168.1.55","192.168.1.2","TCP","1514","8004  >  35854 [ACK] Seq=166710 Ack=144 Win=65024 Len=1448 TSval=2916035245 TSecr=3045555018 [TCP segment of a reassembled PDU]"
"20924","31.164901515","192.168.1.55","192.168.1.2","TCP","1514","8004  >  35854 [ACK] Seq=168158 Ack=144 Win=65024 Len=1448 TSval=2916035245 TSecr=3045555018 [TCP segment of a reassembled PDU]"
"20925","31.164902793","192.168.1.55","192.168.1.2","TCP","1514","8004  >  35854 [ACK] Seq=169606 Ack=144 Win=65024 Len=1448 TSval=2916035245 TSecr=3045555018 [TCP segment of a reassembled PDU]"
"20926","31.164904070","192.168.1.55","192.168.1.2","TCP","1514","8004  >  35854 [ACK] Seq=171054 Ack=144 Win=65024 Len=1448 TSval=2916035245 TSecr=3045555018 [TCP segment of a reassembled PDU]"
"20927","31.164905755","192.168.1.55","192.168.1.2","TCP","1514","8004  >  35854 [ACK] Seq=172502 Ack=144 Win=65024 Len=1448 TSval=2916035245 TSecr=3045555018 [TCP segment of a reassembled PDU]"
"20928","31.164907070","192.168.1.55","192.168.1.2","TCP","1514","8004  >  35854 [ACK] Seq=173950 Ack=144 Win=65024 Len=1448 TSval=2916035245 TSecr=3045555018 [TCP segment of a reassembled PDU]"
"20929","31.164908367","192.168.1.55","192.168.1.2","TCP","1514","8004  >  35854 [PSH, ACK] Seq=175398 Ack=144 Win=65024 Len=1448 TSval=2916035245 TSecr=3045555018 [TCP segment of a reassembled PDU]"
"20930","31.164912626","192.168.1.2","192.168.1.55","TCP","66","35854  >  8004 [ACK] Seq=144 Ack=126166 Win=106496 Len=0 TSval=3045555018 TSecr=2916035240"
"20931","31.164948385","192.168.1.55","192.168.1.2","TCP","1514","8004  >  35854 [ACK] Seq=176846 Ack=144 Win=65024 Len=1448 TSval=2916035245 TSecr=3045555018 [TCP segment of a reassembled PDU]"
"20932","31.164950941","192.168.1.55","192.168.1.2","TCP","1514","8004  >  35854 [ACK] Seq=178294 Ack=144 Win=65024 Len=1448 TSval=2916035245 TSecr=3045555018 [TCP segment of a reassembled PDU]"
"20933","31.164952163","192.168.1.55","192.168.1.2","TCP","1514","8004  >  35854 [ACK] Seq=179742 Ack=144 Win=65024 Len=1448 TSval=2916035245 TSecr=3045555018 [TCP segment of a reassembled PDU]"
"20934","31.164953515","192.168.1.55","192.168.1.2","TCP","1514","8004  >  35854 [ACK] Seq=181190 Ack=144 Win=65024 Len=1448 TSval=2916035245 TSecr=3045555018 [TCP segment of a reassembled PDU]"
"20935","31.164954737","192.168.1.55","192.168.1.2","TCP","1514","8004  >  35854 [ACK] Seq=182638 Ack=144 Win=65024 Len=1448 TSval=2916035245 TSecr=3045555018 [TCP segment of a reassembled PDU]"
"20936","31.164955959","192.168.1.55","192.168.1.2","TCP","1514","8004  >  35854 [ACK] Seq=184086 Ack=144 Win=65024 Len=1448 TSval=2916035245 TSecr=3045555018 [TCP segment of a reassembled PDU]"
"20937","31.164957348","192.168.1.55","192.168.1.2","TCP","1514","8004  >  35854 [ACK] Seq=185534 Ack=144 Win=65024 Len=1448 TSval=2916035245 TSecr=3045555018 [TCP segment of a reassembled PDU]"
"20938","31.164958552","192.168.1.55","192.168.1.2","TCP","1514","8004  >  35854 [ACK] Seq=186982 Ack=144 Win=65024 Len=1448 TSval=2916035245 TSecr=3045555018 [TCP segment of a reassembled PDU]"
"20939","31.164959867","192.168.1.55","192.168.1.2","TCP","1514","8004  >  35854 [ACK] Seq=188430 Ack=144 Win=65024 Len=1448 TSval=2916035245 TSecr=3045555018 [TCP segment of a reassembled PDU]"
"20940","31.164961089","192.168.1.55","192.168.1.2","TCP","1514","8004  >  35854 [ACK] Seq=189878 Ack=144 Win=65024 Len=1448 TSval=2916035245 TSecr=3045555018 [TCP segment of a reassembled PDU]"
"20941","31.164962663","192.168.1.55","192.168.1.2","TCP","1514","8004  >  35854 [ACK] Seq=191326 Ack=144 Win=65024 Len=1448 TSval=2916035245 TSecr=3045555018 [TCP segment of a reassembled PDU]"
"20942","31.164964033","192.168.1.55","192.168.1.2","TCP","1514","8004  >  35854 [ACK] Seq=192774 Ack=144 Win=65024 Len=1448 TSval=2916035245 TSecr=3045555018 [TCP segment of a reassembled PDU]"
"20943","31.164965256","192.168.1.55","192.168.1.2","TCP","1514","8004  >  35854 [ACK] Seq=194222 Ack=144 Win=65024 Len=1448 TSval=2916035245 TSecr=3045555018 [TCP segment of a reassembled PDU]"
"20944","31.164966607","192.168.1.55","192.168.1.2","TCP","1514","8004  >  35854 [ACK] Seq=195670 Ack=144 Win=65024 Len=1448 TSval=2916035245 TSecr=3045555018 [TCP segment of a reassembled PDU]"
"20945","31.164967830","192.168.1.55","192.168.1.2","TCP","1514","8004  >  35854 [ACK] Seq=197118 Ack=144 Win=65024 Len=1448 TSval=2916035245 TSecr=3045555018 [TCP segment of a reassembled PDU]"
"20946","31.164969070","192.168.1.55","192.168.1.2","TCP","1514","8004  >  35854 [ACK] Seq=198566 Ack=144 Win=65024 Len=1448 TSval=2916035245 TSecr=3045555018 [TCP segment of a reassembled PDU]"
"20947","31.164970459","192.168.1.55","192.168.1.2","TCP","1514","8004  >  35854 [ACK] Seq=200014 Ack=144 Win=65024 Len=1448 TSval=2916035245 TSecr=3045555018 [TCP segment of a reassembled PDU]"
"20948","31.164971663","192.168.1.55","192.168.1.2","TCP","1514","8004  >  35854 [ACK] Seq=201462 Ack=144 Win=65024 Len=1448 TSval=2916035245 TSecr=3045555018 [TCP segment of a reassembled PDU]"
"20949","31.164972996","192.168.1.55","192.168.1.2","TCP","1514","8004  >  35854 [ACK] Seq=202910 Ack=144 Win=65024 Len=1448 TSval=2916035245 TSecr=3045555018 [TCP segment of a reassembled PDU]"
"20950","31.164974330","192.168.1.55","192.168.1.2","TCP","1514","8004  >  35854 [ACK] Seq=204358 Ack=144 Win=65024 Len=1448 TSval=2916035245 TSecr=3045555018 [TCP segment of a reassembled PDU]"
"20951","31.164975515","192.168.1.55","192.168.1.2","TCP","1514","8004  >  35854 [ACK] Seq=205806 Ack=144 Win=65024 Len=1448 TSval=2916035245 TSecr=3045555018 [TCP segment of a reassembled PDU]"
"20952","31.164976867","192.168.1.55","192.168.1.2","TCP","1514","8004  >  35854 [ACK] Seq=207254 Ack=144 Win=65024 Len=1448 TSval=2916035245 TSecr=3045555018 [TCP segment of a reassembled PDU]"
"20953","31.164978107","192.168.1.55","192.168.1.2","TCP","1514","8004  >  35854 [PSH, ACK] Seq=208702 Ack=144 Win=65024 Len=1448 TSval=2916035245 TSecr=3045555018 [TCP segment of a reassembled PDU]"
"20954","31.170261079","192.168.1.2","192.168.1.55","TCP","66","35854  >  8004 [ACK] Seq=144 Ack=133958 Win=114688 Len=0 TSval=3045555020 TSecr=2916035240"
"20955","31.170353486","192.168.1.55","192.168.1.2","TCP","1514","8004  >  35854 [ACK] Seq=210150 Ack=144 Win=65024 Len=1448 TSval=2916035250 TSecr=3045555020 [TCP segment of a reassembled PDU]"
"20956","31.170360079","192.168.1.55","192.168.1.2","TCP","1514","8004  >  35854 [ACK] Seq=211598 Ack=144 Win=65024 Len=1448 TSval=2916035250 TSecr=3045555020 [TCP segment of a reassembled PDU]"
"20957","31.170361505","192.168.1.55","192.168.1.2","TCP","1514","8004  >  35854 [ACK] Seq=213046 Ack=144 Win=65024 Len=1448 TSval=2916035250 TSecr=3045555020 [TCP segment of a reassembled PDU]"
"20958","31.170362949","192.168.1.55","192.168.1.2","TCP","1514","8004  >  35854 [ACK] Seq=214494 Ack=144 Win=65024 Len=1448 TSval=2916035250 TSecr=3045555020 [TCP segment of a reassembled PDU]"
"20959","31.170364338","192.168.1.55","192.168.1.2","TCP","1514","8004  >  35854 [ACK] Seq=215942 Ack=144 Win=65024 Len=1448 TSval=2916035250 TSecr=3045555020 [TCP segment of a reassembled PDU]"
"20960","31.170365709","192.168.1.55","192.168.1.2","TCP","1514","8004  >  35854 [ACK] Seq=217390 Ack=144 Win=65024 Len=1448 TSval=2916035250 TSecr=3045555020 [TCP segment of a reassembled PDU]"
"20961","31.170368542","192.168.1.55","192.168.1.2","TCP","1514","8004  >  35854 [ACK] Seq=218838 Ack=144 Win=65024 Len=1448 TSval=2916035250 TSecr=3045555020 [TCP segment of a reassembled PDU]"
"20962","31.170370264","192.168.1.55","192.168.1.2","TCP","1514","8004  >  35854 [ACK] Seq=220286 Ack=144 Win=65024 Len=1448 TSval=2916035250 TSecr=3045555020 [TCP segment of a reassembled PDU]"
"20963","31.170371616","192.168.1.55","192.168.1.2","TCP","1514","8004  >  35854 [ACK] Seq=221734 Ack=144 Win=65024 Len=1448 TSval=2916035250 TSecr=3045555020 [TCP segment of a reassembled PDU]"
"20964","31.170373079","192.168.1.55","192.168.1.2","TCP","1514","8004  >  35854 [ACK] Seq=223182 Ack=144 Win=65024 Len=1448 TSval=2916035250 TSecr=3045555020 [TCP segment of a reassembled PDU]"
"20965","31.170374412","192.168.1.55","192.168.1.2","TCP","1514","8004  >  35854 [ACK] Seq=224630 Ack=144 Win=65024 Len=1448 TSval=2916035250 TSecr=3045555020 [TCP segment of a reassembled PDU]"
"20966","31.170375783","192.168.1.55","192.168.1.2","TCP","1514","8004  >  35854 [ACK] Seq=226078 Ack=144 Win=65024 Len=1448 TSval=2916035250 TSecr=3045555020 [TCP segment of a reassembled PDU]"
"20967","31.170377190","192.168.1.55","192.168.1.2","TCP","1514","8004  >  35854 [ACK] Seq=227526 Ack=144 Win=65024 Len=1448 TSval=2916035250 TSecr=3045555020 [TCP segment of a reassembled PDU]"
"20968","31.170379746","192.168.1.55","192.168.1.2","TCP","1514","8004  >  35854 [ACK] Seq=228974 Ack=144 Win=65024 Len=1448 TSval=2916035250 TSecr=3045555020 [TCP segment of a reassembled PDU]"
"20969","31.170381820","192.168.1.55","192.168.1.2","TCP","1514","8004  >  35854 [ACK] Seq=230422 Ack=144 Win=65024 Len=1448 TSval=2916035250 TSecr=3045555020 [TCP segment of a reassembled PDU]"
"20970","31.170383153","192.168.1.55","192.168.1.2","TCP","1514","8004  >  35854 [ACK] Seq=231870 Ack=144 Win=65024 Len=1448 TSval=2916035250 TSecr=3045555020 [TCP segment of a reassembled PDU]"
"20971","31.170384560","192.168.1.55","192.168.1.2","TCP","1514","8004  >  35854 [ACK] Seq=233318 Ack=144 Win=65024 Len=1448 TSval=2916035250 TSecr=3045555020 [TCP segment of a reassembled PDU]"
"20972","31.170385949","192.168.1.55","192.168.1.2","TCP","1514","8004  >  35854 [ACK] Seq=234766 Ack=144 Win=65024 Len=1448 TSval=2916035250 TSecr=3045555020 [TCP segment of a reassembled PDU]"
"20973","31.170387653","192.168.1.55","192.168.1.2","TCP","1514","8004  >  35854 [ACK] Seq=236214 Ack=144 Win=65024 Len=1448 TSval=2916035250 TSecr=3045555020 [TCP segment of a reassembled PDU]"
"20974","31.170389134","192.168.1.55","192.168.1.2","TCP","1514","8004  >  35854 [ACK] Seq=237662 Ack=144 Win=65024 Len=1448 TSval=2916035250 TSecr=3045555020 [TCP segment of a reassembled PDU]"
"20975","31.170391431","192.168.1.55","192.168.1.2","TCP","1514","8004  >  35854 [ACK] Seq=239110 Ack=144 Win=65024 Len=1448 TSval=2916035250 TSecr=3045555020 [TCP segment of a reassembled PDU]"
"20976","31.170393172","192.168.1.55","192.168.1.2","TCP","1514","8004  >  35854 [ACK] Seq=240558 Ack=144 Win=65024 Len=1448 TSval=2916035250 TSecr=3045555020 [TCP segment of a reassembled PDU]"
"20977","31.170394505","192.168.1.55","192.168.1.2","TCP","1514","8004  >  35854 [PSH, ACK] Seq=242006 Ack=144 Win=65024 Len=1448 TSval=2916035250 TSecr=3045555020 [TCP segment of a reassembled PDU]"
"20978","31.170427283","192.168.1.2","192.168.1.55","TCP","66","35854  >  8004 [ACK] Seq=144 Ack=143542 Win=106496 Len=0 TSval=3045555020 TSecr=2916035243"
"20979","31.170512301","192.168.1.2","192.168.1.55","TCP","66","35854  >  8004 [ACK] Seq=144 Ack=159470 Win=109568 Len=0 TSval=3045555025 TSecr=2916035245"
"20980","31.171422821","192.168.1.2","192.168.1.55","TCP","66","35854  >  8004 [ACK] Seq=144 Ack=171054 Win=101376 Len=0 TSval=3045555025 TSecr=2916035245"
"20981","31.171453710","192.168.1.55","192.168.1.2","TCP","1514","8004  >  35854 [ACK] Seq=243454 Ack=144 Win=65024 Len=1448 TSval=2916035252 TSecr=3045555025 [TCP segment of a reassembled PDU]"
"20982","31.171455914","192.168.1.55","192.168.1.2","TCP","1514","8004  >  35854 [ACK] Seq=244902 Ack=144 Win=65024 Len=1448 TSval=2916035252 TSecr=3045555025 [TCP segment of a reassembled PDU]"
"20983","31.171457136","192.168.1.55","192.168.1.2","TCP","1514","8004  >  35854 [ACK] Seq=246350 Ack=144 Win=65024 Len=1448 TSval=2916035252 TSecr=3045555025 [TCP segment of a reassembled PDU]"
"20984","31.171458692","192.168.1.55","192.168.1.2","TCP","1514","8004  >  35854 [ACK] Seq=247798 Ack=144 Win=65024 Len=1448 TSval=2916035252 TSecr=3045555025 [TCP segment of a reassembled PDU]"
"20985","31.171460488","192.168.1.55","192.168.1.2","TCP","1514","8004  >  35854 [ACK] Seq=249246 Ack=144 Win=65024 Len=1448 TSval=2916035252 TSecr=3045555025 [TCP segment of a reassembled PDU]"
"20986","31.171462488","192.168.1.55","192.168.1.2","TCP","1514","8004  >  35854 [ACK] Seq=250694 Ack=144 Win=65024 Len=1448 TSval=2916035252 TSecr=3045555025 [TCP segment of a reassembled PDU]"
"20987","31.171463784","192.168.1.55","192.168.1.2","TCP","1514","8004  >  35854 [ACK] Seq=252142 Ack=144 Win=65024 Len=1448 TSval=2916035252 TSecr=3045555025 [TCP segment of a reassembled PDU]"
"20988","31.171465118","192.168.1.55","192.168.1.2","TCP","1514","8004  >  35854 [ACK] Seq=253590 Ack=144 Win=65024 Len=1448 TSval=2916035252 TSecr=3045555025 [TCP segment of a reassembled PDU]"
"20989","31.171466488","192.168.1.55","192.168.1.2","TCP","1514","8004  >  35854 [ACK] Seq=255038 Ack=144 Win=65024 Len=1448 TSval=2916035252 TSecr=3045555025 [TCP segment of a reassembled PDU]"
"20990","31.171468692","192.168.1.55","192.168.1.2","TCP","1514","8004  >  35854 [ACK] Seq=256486 Ack=144 Win=65024 Len=1448 TSval=2916035252 TSecr=3045555025 [TCP segment of a reassembled PDU]"
"20991","31.171470877","192.168.1.55","192.168.1.2","TCP","1514","8004  >  35854 [ACK] Seq=257934 Ack=144 Win=65024 Len=1448 TSval=2916035252 TSecr=3045555025 [TCP segment of a reassembled PDU]"
"20992","31.171472099","192.168.1.55","192.168.1.2","TCP","1514","8004  >  35854 [ACK] Seq=259382 Ack=144 Win=65024 Len=1448 TSval=2916035252 TSecr=3045555025 [TCP segment of a reassembled PDU]"
"20993","31.171473432","192.168.1.55","192.168.1.2","TCP","1514","8004  >  35854 [ACK] Seq=260830 Ack=144 Win=65024 Len=1448 TSval=2916035252 TSecr=3045555025 [TCP segment of a reassembled PDU]"
"20994","31.171474747","192.168.1.55","192.168.1.2","TCP","1514","8004  >  35854 [ACK] Seq=262278 Ack=144 Win=65024 Len=1448 TSval=2916035252 TSecr=3045555025 [TCP segment of a reassembled PDU]"
"20995","31.171476007","192.168.1.55","192.168.1.2","TCP","1514","8004  >  35854 [ACK] Seq=263726 Ack=144 Win=65024 Len=1448 TSval=2916035252 TSecr=3045555025 [TCP segment of a reassembled PDU]"
"20996","31.171477229","192.168.1.55","192.168.1.2","TCP","1514","8004  >  35854 [ACK] Seq=265174 Ack=144 Win=65024 Len=1448 TSval=2916035252 TSecr=3045555025 [TCP segment of a reassembled PDU]"
"20997","31.171478673","192.168.1.55","192.168.1.2","TCP","1514","8004  >  35854 [ACK] Seq=266622 Ack=144 Win=65024 Len=1448 TSval=2916035252 TSecr=3045555025 [TCP segment of a reassembled PDU]"
"20998","31.171480877","192.168.1.55","192.168.1.2","TCP","1514","8004  >  35854 [ACK] Seq=268070 Ack=144 Win=65024 Len=1448 TSval=2916035252 TSecr=3045555025 [TCP segment of a reassembled PDU]"
"20999","31.171482562","192.168.1.55","192.168.1.2","TCP","1514","8004  >  35854 [ACK] Seq=269518 Ack=144 Win=65024 Len=1448 TSval=2916035252 TSecr=3045555025 [TCP segment of a reassembled PDU]"
"21000","31.171483877","192.168.1.55","192.168.1.2","TCP","1514","8004  >  35854 [ACK] Seq=270966 Ack=144 Win=65024 Len=1448 TSval=2916035252 TSecr=3045555025 [TCP segment of a reassembled PDU]"
"21001","31.171485284","192.168.1.55","192.168.1.2","TCP","82","[TCP Window Full] 8004  >  35854 [PSH, ACK] Seq=272414 Ack=144 Win=65024 Len=16 TSval=2916035252 TSecr=3045555025 [TCP segment of a reassembled PDU]"
"21002","31.174587771","192.168.1.2","192.168.1.55","TCP","66","35854  >  8004 [ACK] Seq=144 Ack=176846 Win=117760 Len=0 TSval=3045555026 TSecr=2916035245"
"21003","31.174600345","192.168.1.55","192.168.1.2","TCP","1514","8004  >  35854 [ACK] Seq=272430 Ack=144 Win=65024 Len=1448 TSval=2916035255 TSecr=3045555026 [TCP segment of a reassembled PDU]"
"21004","31.174603252","192.168.1.55","192.168.1.2","TCP","1514","8004  >  35854 [PSH, ACK] Seq=273878 Ack=144 Win=65024 Len=1448 TSval=2916035255 TSecr=3045555026 [TCP segment of a reassembled PDU]"
"21005","31.174609011","192.168.1.55","192.168.1.2","TCP","1498","8004  >  35854 [ACK] Seq=275326 Ack=144 Win=65024 Len=1432 TSval=2916035255 TSecr=3045555026 [TCP segment of a reassembled PDU]"
"21006","31.174822197","192.168.1.2","192.168.1.55","TCP","66","35854  >  8004 [ACK] Seq=144 Ack=210150 Win=97280 Len=0 TSval=3045555026 TSecr=2916035245"
"21007","31.176713959","192.168.1.2","192.168.1.55","TCP","66","35854  >  8004 [ACK] Seq=144 Ack=237662 Win=101376 Len=0 TSval=3045555030 TSecr=2916035250"
"21008","31.176740385","192.168.1.55","192.168.1.2","TCP","1514","8004  >  35854 [ACK] Seq=276758 Ack=144 Win=65024 Len=1448 TSval=2916035257 TSecr=3045555030 [TCP segment of a reassembled PDU]"
"21009","31.176743033","192.168.1.55","192.168.1.2","TCP","1514","8004  >  35854 [ACK] Seq=278206 Ack=144 Win=65024 Len=1448 TSval=2916035257 TSecr=3045555030 [TCP segment of a reassembled PDU]"
"21010","31.176744478","192.168.1.55","192.168.1.2","TCP","1514","8004  >  35854 [ACK] Seq=279654 Ack=144 Win=65024 Len=1448 TSval=2916035257 TSecr=3045555030 [TCP segment of a reassembled PDU]"
"21011","31.176745922","192.168.1.55","192.168.1.2","TCP","1514","8004  >  35854 [ACK] Seq=281102 Ack=144 Win=65024 Len=1448 TSval=2916035257 TSecr=3045555030 [TCP segment of a reassembled PDU]"
"21012","31.176747256","192.168.1.55","192.168.1.2","TCP","1514","8004  >  35854 [ACK] Seq=282550 Ack=144 Win=65024 Len=1448 TSval=2916035257 TSecr=3045555030 [TCP segment of a reassembled PDU]"
"21013","31.176748830","192.168.1.55","192.168.1.2","TCP","1514","8004  >  35854 [ACK] Seq=283998 Ack=144 Win=65024 Len=1448 TSval=2916035257 TSecr=3045555030 [TCP segment of a reassembled PDU]"
"21014","31.176750126","192.168.1.55","192.168.1.2","TCP","1514","8004  >  35854 [ACK] Seq=285446 Ack=144 Win=65024 Len=1448 TSval=2916035257 TSecr=3045555030 [TCP segment of a reassembled PDU]"
"21015","31.176751441","192.168.1.55","192.168.1.2","TCP","1514","8004  >  35854 [ACK] Seq=286894 Ack=144 Win=65024 Len=1448 TSval=2916035257 TSecr=3045555030 [TCP segment of a reassembled PDU]"
"21016","31.176752756","192.168.1.55","192.168.1.2","TCP","1514","8004  >  35854 [ACK] Seq=288342 Ack=144 Win=65024 Len=1448 TSval=2916035257 TSecr=3045555030 [TCP segment of a reassembled PDU]"
"21017","31.176754070","192.168.1.55","192.168.1.2","TCP","1514","8004  >  35854 [ACK] Seq=289790 Ack=144 Win=65024 Len=1448 TSval=2916035257 TSecr=3045555030 [TCP segment of a reassembled PDU]"
"21018","31.176755478","192.168.1.55","192.168.1.2","TCP","1514","8004  >  35854 [ACK] Seq=291238 Ack=144 Win=65024 Len=1448 TSval=2916035257 TSecr=3045555030 [TCP segment of a reassembled PDU]"
"21019","31.176756885","192.168.1.55","192.168.1.2","TCP","1514","8004  >  35854 [ACK] Seq=292686 Ack=144 Win=65024 Len=1448 TSval=2916035257 TSecr=3045555030 [TCP segment of a reassembled PDU]"
"21020","31.176758200","192.168.1.55","192.168.1.2","TCP","1514","8004  >  35854 [ACK] Seq=294134 Ack=144 Win=65024 Len=1448 TSval=2916035257 TSecr=3045555030 [TCP segment of a reassembled PDU]"
"21021","31.176759515","192.168.1.55","192.168.1.2","TCP","1514","8004  >  35854 [ACK] Seq=295582 Ack=144 Win=65024 Len=1448 TSval=2916035257 TSecr=3045555030 [TCP segment of a reassembled PDU]"
"21022","31.176760811","192.168.1.55","192.168.1.2","TCP","1514","8004  >  35854 [ACK] Seq=297030 Ack=144 Win=65024 Len=1448 TSval=2916035257 TSecr=3045555030 [TCP segment of a reassembled PDU]"
"21023","31.176762219","192.168.1.55","192.168.1.2","TCP","1514","8004  >  35854 [ACK] Seq=298478 Ack=144 Win=65024 Len=1448 TSval=2916035257 TSecr=3045555030 [TCP segment of a reassembled PDU]"
"21024","31.176763552","192.168.1.55","192.168.1.2","TCP","1514","8004  >  35854 [ACK] Seq=299926 Ack=144 Win=65024 Len=1448 TSval=2916035257 TSecr=3045555030 [TCP segment of a reassembled PDU]"
"21025","31.176764885","192.168.1.55","192.168.1.2","TCP","1514","8004  >  35854 [ACK] Seq=301374 Ack=144 Win=65024 Len=1448 TSval=2916035257 TSecr=3045555030 [TCP segment of a reassembled PDU]"
"21026","31.176766330","192.168.1.55","192.168.1.2","TCP","1514","8004  >  35854 [ACK] Seq=302822 Ack=144 Win=65024 Len=1448 TSval=2916035257 TSecr=3045555030 [TCP segment of a reassembled PDU]"
"21027","31.176767626","192.168.1.55","192.168.1.2","TCP","1514","8004  >  35854 [ACK] Seq=304270 Ack=144 Win=65024 Len=1448 TSval=2916035257 TSecr=3045555030 [TCP segment of a reassembled PDU]"
"21028","31.176769107","192.168.1.55","192.168.1.2","TCP","1514","8004  >  35854 [ACK] Seq=305718 Ack=144 Win=65024 Len=1448 TSval=2916035257 TSecr=3045555030 [TCP segment of a reassembled PDU]"
"21029","31.176770478","192.168.1.55","192.168.1.2","TCP","1514","8004  >  35854 [ACK] Seq=307166 Ack=144 Win=65024 Len=1448 TSval=2916035257 TSecr=3045555030 [TCP segment of a reassembled PDU]"
"21030","31.176771756","192.168.1.55","192.168.1.2","TCP","1514","8004  >  35854 [PSH, ACK] Seq=308614 Ack=144 Win=65024 Len=1448 TSval=2916035257 TSecr=3045555030 [TCP segment of a reassembled PDU]"
"21031","31.176845663","192.168.1.2","192.168.1.55","TCP","66","35854  >  8004 [ACK] Seq=144 Ack=243454 Win=97280 Len=0 TSval=3045555031 TSecr=2916035250"
"21032","31.176853071","192.168.1.2","192.168.1.55","TCP","66","35854  >  8004 [ACK] Seq=144 Ack=270966 Win=101376 Len=0 TSval=3045555031 TSecr=2916035252"
"21033","31.176886904","192.168.1.55","192.168.1.2","TCP","1514","8004  >  35854 [ACK] Seq=310062 Ack=144 Win=65024 Len=1448 TSval=2916035257 TSecr=3045555031 [TCP segment of a reassembled PDU]"
"21034","31.176888960","192.168.1.55","192.168.1.2","TCP","1514","8004  >  35854 [ACK] Seq=311510 Ack=144 Win=65024 Len=1448 TSval=2916035257 TSecr=3045555031 [TCP segment of a reassembled PDU]"
"21035","31.176890422","192.168.1.55","192.168.1.2","TCP","1514","8004  >  35854 [ACK] Seq=312958 Ack=144 Win=65024 Len=1448 TSval=2916035257 TSecr=3045555031 [TCP segment of a reassembled PDU]"
"21036","31.176891700","192.168.1.55","192.168.1.2","TCP","1514","8004  >  35854 [ACK] Seq=314406 Ack=144 Win=65024 Len=1448 TSval=2916035257 TSecr=3045555031 [TCP segment of a reassembled PDU]"
"21037","31.176892997","192.168.1.55","192.168.1.2","TCP","1514","8004  >  35854 [ACK] Seq=315854 Ack=144 Win=65024 Len=1448 TSval=2916035257 TSecr=3045555031 [TCP segment of a reassembled PDU]"
"21038","31.176894441","192.168.1.55","192.168.1.2","TCP","1514","8004  >  35854 [ACK] Seq=317302 Ack=144 Win=65024 Len=1448 TSval=2916035257 TSecr=3045555031 [TCP segment of a reassembled PDU]"
"21039","31.176895774","192.168.1.55","192.168.1.2","TCP","1514","8004  >  35854 [ACK] Seq=318750 Ack=144 Win=65024 Len=1448 TSval=2916035257 TSecr=3045555031 [TCP segment of a reassembled PDU]"
"21040","31.176897256","192.168.1.55","192.168.1.2","TCP","1514","8004  >  35854 [ACK] Seq=320198 Ack=144 Win=65024 Len=1448 TSval=2916035257 TSecr=3045555031 [TCP segment of a reassembled PDU]"
"21041","31.176898552","192.168.1.55","192.168.1.2","TCP","1514","8004  >  35854 [ACK] Seq=321646 Ack=144 Win=65024 Len=1448 TSval=2916035257 TSecr=3045555031 [TCP segment of a reassembled PDU]"
"21042","31.176899941","192.168.1.55","192.168.1.2","TCP","1514","8004  >  35854 [ACK] Seq=323094 Ack=144 Win=65024 Len=1448 TSval=2916035257 TSecr=3045555031 [TCP segment of a reassembled PDU]"
"21043","31.176901385","192.168.1.55","192.168.1.2","TCP","1514","8004  >  35854 [ACK] Seq=324542 Ack=144 Win=65024 Len=1448 TSval=2916035257 TSecr=3045555031 [TCP segment of a reassembled PDU]"
"21044","31.176902737","192.168.1.55","192.168.1.2","TCP","1514","8004  >  35854 [ACK] Seq=325990 Ack=144 Win=65024 Len=1448 TSval=2916035257 TSecr=3045555031 [TCP segment of a reassembled PDU]"
"21045","31.176904089","192.168.1.55","192.168.1.2","TCP","1514","8004  >  35854 [ACK] Seq=327438 Ack=144 Win=65024 Len=1448 TSval=2916035257 TSecr=3045555031 [TCP segment of a reassembled PDU]"
"21046","31.176905941","192.168.1.55","192.168.1.2","TCP","1514","8004  >  35854 [ACK] Seq=328886 Ack=144 Win=65024 Len=1448 TSval=2916035257 TSecr=3045555031 [TCP segment of a reassembled PDU]"
"21047","31.176907293","192.168.1.55","192.168.1.2","TCP","1514","8004  >  35854 [ACK] Seq=330334 Ack=144 Win=65024 Len=1448 TSval=2916035257 TSecr=3045555031 [TCP segment of a reassembled PDU]"
"21048","31.176908793","192.168.1.55","192.168.1.2","TCP","1514","8004  >  35854 [ACK] Seq=331782 Ack=144 Win=65024 Len=1448 TSval=2916035257 TSecr=3045555031 [TCP segment of a reassembled PDU]"
"21049","31.176910200","192.168.1.55","192.168.1.2","TCP","1514","8004  >  35854 [ACK] Seq=333230 Ack=144 Win=65024 Len=1448 TSval=2916035257 TSecr=3045555031 [TCP segment of a reassembled PDU]"
"21050","31.176911608","192.168.1.55","192.168.1.2","TCP","1514","8004  >  35854 [ACK] Seq=334678 Ack=144 Win=65024 Len=1448 TSval=2916035257 TSecr=3045555031 [TCP segment of a reassembled PDU]"
"21051","31.176912960","192.168.1.55","192.168.1.2","TCP","1514","8004  >  35854 [ACK] Seq=336126 Ack=144 Win=65024 Len=1448 TSval=2916035257 TSecr=3045555031 [TCP segment of a reassembled PDU]"
"21052","31.176914237","192.168.1.55","192.168.1.2","TCP","1514","8004  >  35854 [ACK] Seq=337574 Ack=144 Win=65024 Len=1448 TSval=2916035257 TSecr=3045555031 [TCP segment of a reassembled PDU]"
"21053","31.176915626","192.168.1.55","192.168.1.2","TCP","1514","8004  >  35854 [ACK] Seq=339022 Ack=144 Win=65024 Len=1448 TSval=2916035257 TSecr=3045555031 [TCP segment of a reassembled PDU]"
"21054","31.176917089","192.168.1.55","192.168.1.2","TCP","1514","8004  >  35854 [ACK] Seq=340470 Ack=144 Win=65024 Len=1448 TSval=2916035257 TSecr=3045555031 [TCP segment of a reassembled PDU]"
"21055","31.176918460","192.168.1.55","192.168.1.2","TCP","1514","8004  >  35854 [PSH, ACK] Seq=341918 Ack=144 Win=65024 Len=1448 TSval=2916035257 TSecr=3045555031 [TCP segment of a reassembled PDU]"
"21056","31.178130017","192.168.1.2","192.168.1.55","TCP","66","35854  >  8004 [ACK] Seq=144 Ack=276758 Win=120832 Len=0 TSval=3045555033 TSecr=2916035255"
"21057","31.178163406","192.168.1.55","192.168.1.2","TCP","1514","8004  >  35854 [ACK] Seq=343366 Ack=144 Win=65024 Len=1448 TSval=2916035258 TSecr=3045555033 [TCP segment of a reassembled PDU]"
"21058","31.178165832","192.168.1.55","192.168.1.2","TCP","1514","8004  >  35854 [ACK] Seq=344814 Ack=144 Win=65024 Len=1448 TSval=2916035258 TSecr=3045555033 [TCP segment of a reassembled PDU]"
"21059","31.178167239","192.168.1.55","192.168.1.2","TCP","1514","8004  >  35854 [ACK] Seq=346262 Ack=144 Win=65024 Len=1448 TSval=2916035258 TSecr=3045555033 [TCP segment of a reassembled PDU]"
"21060","31.178168554","192.168.1.55","192.168.1.2","TCP","1514","8004  >  35854 [ACK] Seq=347710 Ack=144 Win=65024 Len=1448 TSval=2916035258 TSecr=3045555033 [TCP segment of a reassembled PDU]"
"21061","31.178169869","192.168.1.55","192.168.1.2","TCP","1514","8004  >  35854 [ACK] Seq=349158 Ack=144 Win=65024 Len=1448 TSval=2916035258 TSecr=3045555033 [TCP segment of a reassembled PDU]"
"21062","31.178171276","192.168.1.55","192.168.1.2","TCP","1514","8004  >  35854 [ACK] Seq=350606 Ack=144 Win=65024 Len=1448 TSval=2916035258 TSecr=3045555033 [TCP segment of a reassembled PDU]"
"21063","31.178172554","192.168.1.55","192.168.1.2","TCP","1514","8004  >  35854 [ACK] Seq=352054 Ack=144 Win=65024 Len=1448 TSval=2916035258 TSecr=3045555033 [TCP segment of a reassembled PDU]"
"21064","31.178173943","192.168.1.55","192.168.1.2","TCP","1514","8004  >  35854 [ACK] Seq=353502 Ack=144 Win=65024 Len=1448 TSval=2916035258 TSecr=3045555033 [TCP segment of a reassembled PDU]"
"21065","31.178175239","192.168.1.55","192.168.1.2","TCP","1514","8004  >  35854 [ACK] Seq=354950 Ack=144 Win=65024 Len=1448 TSval=2916035258 TSecr=3045555033 [TCP segment of a reassembled PDU]"
"21066","31.178176610","192.168.1.55","192.168.1.2","TCP","1514","8004  >  35854 [ACK] Seq=356398 Ack=144 Win=65024 Len=1448 TSval=2916035258 TSecr=3045555033 [TCP segment of a reassembled PDU]"
"21067","31.178178313","192.168.1.55","192.168.1.2","TCP","1514","8004  >  35854 [ACK] Seq=357846 Ack=144 Win=65024 Len=1448 TSval=2916035258 TSecr=3045555033 [TCP segment of a reassembled PDU]"
"21068","31.178180073","192.168.1.55","192.168.1.2","TCP","1514","8004  >  35854 [ACK] Seq=359294 Ack=144 Win=65024 Len=1448 TSval=2916035258 TSecr=3045555033 [TCP segment of a reassembled PDU]"
"21069","31.178181369","192.168.1.55","192.168.1.2","TCP","1514","8004  >  35854 [ACK] Seq=360742 Ack=144 Win=65024 Len=1448 TSval=2916035258 TSecr=3045555033 [TCP segment of a reassembled PDU]"
"21070","31.178187147","192.168.1.55","192.168.1.2","TCP","1514","8004  >  35854 [ACK] Seq=362190 Ack=144 Win=65024 Len=1448 TSval=2916035258 TSecr=3045555033 [TCP segment of a reassembled PDU]"
"21071","31.178188647","192.168.1.55","192.168.1.2","TCP","1514","8004  >  35854 [ACK] Seq=363638 Ack=144 Win=65024 Len=1448 TSval=2916035258 TSecr=3045555033 [TCP segment of a reassembled PDU]"
"21072","31.178190017","192.168.1.55","192.168.1.2","TCP","1514","8004  >  35854 [ACK] Seq=365086 Ack=144 Win=65024 Len=1448 TSval=2916035258 TSecr=3045555033 [TCP segment of a reassembled PDU]"
"21073","31.178191295","192.168.1.55","192.168.1.2","TCP","1514","8004  >  35854 [ACK] Seq=366534 Ack=144 Win=65024 Len=1448 TSval=2916035258 TSecr=3045555033 [TCP segment of a reassembled PDU]"
"21074","31.178192647","192.168.1.55","192.168.1.2","TCP","1514","8004  >  35854 [ACK] Seq=367982 Ack=144 Win=65024 Len=1448 TSval=2916035258 TSecr=3045555033 [TCP segment of a reassembled PDU]"
"21075","31.178193943","192.168.1.55","192.168.1.2","TCP","1514","8004  >  35854 [ACK] Seq=369430 Ack=144 Win=65024 Len=1448 TSval=2916035258 TSecr=3045555033 [TCP segment of a reassembled PDU]"
"21076","31.178195313","192.168.1.55","192.168.1.2","TCP","1514","8004  >  35854 [ACK] Seq=370878 Ack=144 Win=65024 Len=1448 TSval=2916035258 TSecr=3045555033 [TCP segment of a reassembled PDU]"
"21077","31.178196795","192.168.1.55","192.168.1.2","TCP","1514","8004  >  35854 [ACK] Seq=372326 Ack=144 Win=65024 Len=1448 TSval=2916035258 TSecr=3045555033 [TCP segment of a reassembled PDU]"
"21078","31.178198073","192.168.1.55","192.168.1.2","TCP","1514","8004  >  35854 [ACK] Seq=373774 Ack=144 Win=65024 Len=1448 TSval=2916035258 TSecr=3045555033 [TCP segment of a reassembled PDU]"
"21079","31.178199369","192.168.1.55","192.168.1.2","TCP","1514","8004  >  35854 [PSH, ACK] Seq=375222 Ack=144 Win=65024 Len=1448 TSval=2916035258 TSecr=3045555033 [TCP segment of a reassembled PDU]"
"21080","31.178220110","192.168.1.55","192.168.1.2","TCP","1514","8004  >  35854 [ACK] Seq=376670 Ack=144 Win=65024 Len=1448 TSval=2916035258 TSecr=3045555033 [TCP segment of a reassembled PDU]"
"21081","31.178222388","192.168.1.55","192.168.1.2","TCP","1514","8004  >  35854 [ACK] Seq=378118 Ack=144 Win=65024 Len=1448 TSval=2916035258 TSecr=3045555033 [TCP segment of a reassembled PDU]"
"21082","31.178223758","192.168.1.55","192.168.1.2","TCP","1514","8004  >  35854 [ACK] Seq=379566 Ack=144 Win=65024 Len=1448 TSval=2916035258 TSecr=3045555033 [TCP segment of a reassembled PDU]"
"21083","31.178225110","192.168.1.55","192.168.1.2","TCP","1514","8004  >  35854 [ACK] Seq=381014 Ack=144 Win=65024 Len=1448 TSval=2916035258 TSecr=3045555033 [TCP segment of a reassembled PDU]"
"21084","31.178226406","192.168.1.55","192.168.1.2","TCP","1514","8004  >  35854 [ACK] Seq=382462 Ack=144 Win=65024 Len=1448 TSval=2916035258 TSecr=3045555033 [TCP segment of a reassembled PDU]"
"21085","31.178227832","192.168.1.55","192.168.1.2","TCP","1514","8004  >  35854 [ACK] Seq=383910 Ack=144 Win=65024 Len=1448 TSval=2916035258 TSecr=3045555033 [TCP segment of a reassembled PDU]"
"21086","31.178229147","192.168.1.55","192.168.1.2","TCP","1514","8004  >  35854 [ACK] Seq=385358 Ack=144 Win=65024 Len=1448 TSval=2916035258 TSecr=3045555033 [TCP segment of a reassembled PDU]"
"21087","31.178230628","192.168.1.55","192.168.1.2","TCP","1514","8004  >  35854 [ACK] Seq=386806 Ack=144 Win=65024 Len=1448 TSval=2916035258 TSecr=3045555033 [TCP segment of a reassembled PDU]"
"21088","31.178231888","192.168.1.55","192.168.1.2","TCP","1514","8004  >  35854 [ACK] Seq=388254 Ack=144 Win=65024 Len=1448 TSval=2916035258 TSecr=3045555033 [TCP segment of a reassembled PDU]"
"21089","31.178233221","192.168.1.55","192.168.1.2","TCP","1514","8004  >  35854 [ACK] Seq=389702 Ack=144 Win=65024 Len=1448 TSval=2916035258 TSecr=3045555033 [TCP segment of a reassembled PDU]"
"21090","31.178234739","192.168.1.55","192.168.1.2","TCP","1514","8004  >  35854 [ACK] Seq=391150 Ack=144 Win=65024 Len=1448 TSval=2916035258 TSecr=3045555033 [TCP segment of a reassembled PDU]"
"21091","31.178236110","192.168.1.55","192.168.1.2","TCP","1514","8004  >  35854 [ACK] Seq=392598 Ack=144 Win=65024 Len=1448 TSval=2916035258 TSecr=3045555033 [TCP segment of a reassembled PDU]"
"21092","31.178237425","192.168.1.55","192.168.1.2","TCP","1514","8004  >  35854 [ACK] Seq=394046 Ack=144 Win=65024 Len=1448 TSval=2916035258 TSecr=3045555033 [TCP segment of a reassembled PDU]"
"21093","31.178239184","192.168.1.55","192.168.1.2","TCP","1514","8004  >  35854 [ACK] Seq=395494 Ack=144 Win=65024 Len=1448 TSval=2916035258 TSecr=3045555033 [TCP segment of a reassembled PDU]"
"21094","31.178240665","192.168.1.55","192.168.1.2","TCP","714","[TCP Window Full] 8004  >  35854 [PSH, ACK] Seq=396942 Ack=144 Win=65024 Len=648 TSval=2916035258 TSecr=3045555033 [TCP segment of a reassembled PDU]"
"21095","31.180478539","192.168.1.2","192.168.1.55","TCP","66","35854  >  8004 [ACK] Seq=144 Ack=272430 Win=120832 Len=0 TSval=3045555032 TSecr=2916035252"
"21096","31.180486021","192.168.1.55","192.168.1.2","TCP","66","[TCP Dup ACK 20787#1] 8004  >  35854 [ACK] Seq=397590 Ack=144 Win=65024 Len=0 TSval=2916035261 TSecr=3045555033"
"21097","31.184321434","192.168.1.2","192.168.1.55","TCP","66","35854  >  8004 [ACK] Seq=144 Ack=310062 Win=97280 Len=0 TSval=3045555039 TSecr=2916035257"
"21098","31.184338768","192.168.1.55","192.168.1.2","TCP","1514","8004  >  35854 [ACK] Seq=397590 Ack=144 Win=65024 Len=1448 TSval=2916035265 TSecr=3045555039 [TCP segment of a reassembled PDU]"
"21099","31.184341101","192.168.1.55","192.168.1.2","TCP","1514","8004  >  35854 [ACK] Seq=399038 Ack=144 Win=65024 Len=1448 TSval=2916035265 TSecr=3045555039 [TCP segment of a reassembled PDU]"
"21100","31.184342453","192.168.1.55","192.168.1.2","TCP","1514","8004  >  35854 [ACK] Seq=400486 Ack=144 Win=65024 Len=1448 TSval=2916035265 TSecr=3045555039 [TCP segment of a reassembled PDU]"
"21101","31.184343879","192.168.1.55","192.168.1.2","TCP","1514","8004  >  35854 [ACK] Seq=401934 Ack=144 Win=65024 Len=1448 TSval=2916035265 TSecr=3045555039 [TCP segment of a reassembled PDU]"
"21102","31.184345249","192.168.1.55","192.168.1.2","TCP","1514","8004  >  35854 [ACK] Seq=403382 Ack=144 Win=65024 Len=1448 TSval=2916035265 TSecr=3045555039 [TCP segment of a reassembled PDU]"
"21103","31.184346619","192.168.1.55","192.168.1.2","TCP","1514","8004  >  35854 [PSH, ACK] Seq=404830 Ack=144 Win=65024 Len=1448 TSval=2916035265 TSecr=3045555039 [TCP segment of a reassembled PDU]"
"21104","31.184664990","192.168.1.2","192.168.1.55","TCP","66","35854  >  8004 [ACK] Seq=144 Ack=318750 Win=91136 Len=0 TSval=3045555040 TSecr=2916035257"
"21105","31.184913417","192.168.1.2","192.168.1.55","TCP","66","35854  >  8004 [ACK] Seq=144 Ack=343366 Win=104448 Len=0 TSval=3045555040 TSecr=2916035257"
"21106","31.184926972","192.168.1.55","192.168.1.2","TCP","1514","8004  >  35854 [ACK] Seq=406278 Ack=144 Win=65024 Len=1448 TSval=2916035265 TSecr=3045555040 [TCP segment of a reassembled PDU]"
"21107","31.184929713","192.168.1.55","192.168.1.2","TCP","1514","8004  >  35854 [PSH, ACK] Seq=407726 Ack=144 Win=65024 Len=1448 TSval=2916035265 TSecr=3045555040 [TCP segment of a reassembled PDU]"
"21108","31.184934861","192.168.1.55","192.168.1.2","TCP","866","8004  >  35854 [ACK] Seq=409174 Ack=144 Win=65024 Len=800 TSval=2916035265 TSecr=3045555040 [TCP segment of a reassembled PDU]"
"21109","31.184959806","192.168.1.55","192.168.1.2","TCP","1514","8004  >  35854 [ACK] Seq=409974 Ack=144 Win=65024 Len=1448 TSval=2916035265 TSecr=3045555040 [TCP segment of a reassembled PDU]"
"21110","31.184961157","192.168.1.55","192.168.1.2","TCP","1514","8004  >  35854 [ACK] Seq=411422 Ack=144 Win=65024 Len=1448 TSval=2916035265 TSecr=3045555040 [TCP segment of a reassembled PDU]"
"21111","31.184962602","192.168.1.55","192.168.1.2","TCP","1514","8004  >  35854 [ACK] Seq=412870 Ack=144 Win=65024 Len=1448 TSval=2916035265 TSecr=3045555040 [TCP segment of a reassembled PDU]"
"21112","31.184963917","192.168.1.55","192.168.1.2","TCP","1514","8004  >  35854 [ACK] Seq=414318 Ack=144 Win=65024 Len=1448 TSval=2916035265 TSecr=3045555040 [TCP segment of a reassembled PDU]"
"21113","31.184965287","192.168.1.55","192.168.1.2","TCP","1514","8004  >  35854 [ACK] Seq=415766 Ack=144 Win=65024 Len=1448 TSval=2916035265 TSecr=3045555040 [TCP segment of a reassembled PDU]"
"21114","31.184966620","192.168.1.55","192.168.1.2","TCP","1514","8004  >  35854 [ACK] Seq=417214 Ack=144 Win=65024 Len=1448 TSval=2916035265 TSecr=3045555040 [TCP segment of a reassembled PDU]"
"21115","31.184968046","192.168.1.55","192.168.1.2","TCP","1514","8004  >  35854 [ACK] Seq=418662 Ack=144 Win=65024 Len=1448 TSval=2916035265 TSecr=3045555040 [TCP segment of a reassembled PDU]"
"21116","31.184969583","192.168.1.55","192.168.1.2","TCP","1514","8004  >  35854 [ACK] Seq=420110 Ack=144 Win=65024 Len=1448 TSval=2916035265 TSecr=3045555040 [TCP segment of a reassembled PDU]"
"21117","31.184971046","192.168.1.55","192.168.1.2","TCP","1514","8004  >  35854 [ACK] Seq=421558 Ack=144 Win=65024 Len=1448 TSval=2916035265 TSecr=3045555040 [TCP segment of a reassembled PDU]"
"21118","31.184972417","192.168.1.55","192.168.1.2","TCP","1514","8004  >  35854 [ACK] Seq=423006 Ack=144 Win=65024 Len=1448 TSval=2916035265 TSecr=3045555040 [TCP segment of a reassembled PDU]"
"21119","31.184973676","192.168.1.55","192.168.1.2","TCP","1514","8004  >  35854 [ACK] Seq=424454 Ack=144 Win=65024 Len=1448 TSval=2916035265 TSecr=3045555040 [TCP segment of a reassembled PDU]"
"21120","31.184975046","192.168.1.55","192.168.1.2","TCP","1514","8004  >  35854 [ACK] Seq=425902 Ack=144 Win=65024 Len=1448 TSval=2916035265 TSecr=3045555040 [TCP segment of a reassembled PDU]"
"21121","31.184976398","192.168.1.55","192.168.1.2","TCP","1514","8004  >  35854 [ACK] Seq=427350 Ack=144 Win=65024 Len=1448 TSval=2916035265 TSecr=3045555040 [TCP segment of a reassembled PDU]"
"21122","31.184977713","192.168.1.55","192.168.1.2","TCP","1514","8004  >  35854 [ACK] Seq=428798 Ack=144 Win=65024 Len=1448 TSval=2916035265 TSecr=3045555040 [TCP segment of a reassembled PDU]"
"21123","31.184979028","192.168.1.55","192.168.1.2","TCP","1514","8004  >  35854 [ACK] Seq=430246 Ack=144 Win=65024 Len=1448 TSval=2916035265 TSecr=3045555040 [TCP segment of a reassembled PDU]"
"21124","31.184980324","192.168.1.55","192.168.1.2","TCP","1514","8004  >  35854 [ACK] Seq=431694 Ack=144 Win=65024 Len=1448 TSval=2916035265 TSecr=3045555040 [TCP segment of a reassembled PDU]"
"21125","31.184981602","192.168.1.55","192.168.1.2","TCP","1514","8004  >  35854 [ACK] Seq=433142 Ack=144 Win=65024 Len=1448 TSval=2916035265 TSecr=3045555040 [TCP segment of a reassembled PDU]"
"21126","31.184982954","192.168.1.55","192.168.1.2","TCP","1514","8004  >  35854 [ACK] Seq=434590 Ack=144 Win=65024 Len=1448 TSval=2916035265 TSecr=3045555040 [TCP segment of a reassembled PDU]"
"21127","31.184984306","192.168.1.55","192.168.1.2","TCP","1514","8004  >  35854 [ACK] Seq=436038 Ack=144 Win=65024 Len=1448 TSval=2916035265 TSecr=3045555040 [TCP segment of a reassembled PDU]"
"21128","31.184985583","192.168.1.55","192.168.1.2","TCP","1514","8004  >  35854 [ACK] Seq=437486 Ack=144 Win=65024 Len=1448 TSval=2916035265 TSecr=3045555040 [TCP segment of a reassembled PDU]"
"21129","31.184986935","192.168.1.55","192.168.1.2","TCP","1514","8004  >  35854 [ACK] Seq=438934 Ack=144 Win=65024 Len=1448 TSval=2916035265 TSecr=3045555040 [TCP segment of a reassembled PDU]"
"21130","31.184988195","192.168.1.55","192.168.1.2","TCP","1514","8004  >  35854 [ACK] Seq=440382 Ack=144 Win=65024 Len=1448 TSval=2916035265 TSecr=3045555040 [TCP segment of a reassembled PDU]"
"21131","31.184989583","192.168.1.55","192.168.1.2","TCP","1514","8004  >  35854 [PSH, ACK] Seq=441830 Ack=144 Win=65024 Len=1448 TSval=2916035265 TSecr=3045555040 [TCP segment of a reassembled PDU]"
"21132","31.185046250","192.168.1.2","192.168.1.55","TCP","66","35854  >  8004 [ACK] Seq=144 Ack=376670 Win=71680 Len=0 TSval=3045555040 TSecr=2916035258"
"21133","31.185055491","192.168.1.2","192.168.1.55","TCP","66","35854  >  8004 [ACK] Seq=144 Ack=395494 Win=66560 Len=0 TSval=3045555040 TSecr=2916035258"
"21134","31.189516405","192.168.1.2","192.168.1.55","TCP","66","35854  >  8004 [ACK] Seq=144 Ack=397590 Win=120832 Len=0 TSval=3045555044 TSecr=2916035258"
"21135","31.189542183","192.168.1.55","192.168.1.2","TCP","1514","8004  >  35854 [ACK] Seq=443278 Ack=144 Win=65024 Len=1448 TSval=2916035270 TSecr=3045555044 [TCP segment of a reassembled PDU]"
"21136","31.189544998","192.168.1.55","192.168.1.2","TCP","1514","8004  >  35854 [ACK] Seq=444726 Ack=144 Win=65024 Len=1448 TSval=2916035270 TSecr=3045555044 [TCP segment of a reassembled PDU]"
"21137","31.189546331","192.168.1.55","192.168.1.2","TCP","1514","8004  >  35854 [ACK] Seq=446174 Ack=144 Win=65024 Len=1448 TSval=2916035270 TSecr=3045555044 [TCP segment of a reassembled PDU]"
"21138","31.189547757","192.168.1.55","192.168.1.2","TCP","1514","8004  >  35854 [ACK] Seq=447622 Ack=144 Win=65024 Len=1448 TSval=2916035270 TSecr=3045555044 [TCP segment of a reassembled PDU]"
"21139","31.189549276","192.168.1.55","192.168.1.2","TCP","1514","8004  >  35854 [ACK] Seq=449070 Ack=144 Win=65024 Len=1448 TSval=2916035270 TSecr=3045555044 [TCP segment of a reassembled PDU]"
"21140","31.189550628","192.168.1.55","192.168.1.2","TCP","1514","8004  >  35854 [ACK] Seq=450518 Ack=144 Win=65024 Len=1448 TSval=2916035270 TSecr=3045555044 [TCP segment of a reassembled PDU]"
"21141","31.189552091","192.168.1.55","192.168.1.2","TCP","1514","8004  >  35854 [ACK] Seq=451966 Ack=144 Win=65024 Len=1448 TSval=2916035270 TSecr=3045555044 [TCP segment of a reassembled PDU]"
"21142","31.189553498","192.168.1.55","192.168.1.2","TCP","1514","8004  >  35854 [ACK] Seq=453414 Ack=144 Win=65024 Len=1448 TSval=2916035270 TSecr=3045555044 [TCP segment of a reassembled PDU]"
"21143","31.189554905","192.168.1.55","192.168.1.2","TCP","1514","8004  >  35854 [ACK] Seq=454862 Ack=144 Win=65024 Len=1448 TSval=2916035270 TSecr=3045555044 [TCP segment of a reassembled PDU]"
"21144","31.189556294","192.168.1.55","192.168.1.2","TCP","1514","8004  >  35854 [ACK] Seq=456310 Ack=144 Win=65024 Len=1448 TSval=2916035270 TSecr=3045555044 [TCP segment of a reassembled PDU]"
"21145","31.189557887","192.168.1.55","192.168.1.2","TCP","1514","8004  >  35854 [ACK] Seq=457758 Ack=144 Win=65024 Len=1448 TSval=2916035270 TSecr=3045555044 [TCP segment of a reassembled PDU]"
"21146","31.189559350","192.168.1.55","192.168.1.2","TCP","1514","8004  >  35854 [ACK] Seq=459206 Ack=144 Win=65024 Len=1448 TSval=2916035270 TSecr=3045555044 [TCP segment of a reassembled PDU]"
"21147","31.189560720","192.168.1.55","192.168.1.2","TCP","1514","8004  >  35854 [ACK] Seq=460654 Ack=144 Win=65024 Len=1448 TSval=2916035270 TSecr=3045555044 [TCP segment of a reassembled PDU]"
"21148","31.189562035","192.168.1.55","192.168.1.2","TCP","1514","8004  >  35854 [ACK] Seq=462102 Ack=144 Win=65024 Len=1448 TSval=2916035270 TSecr=3045555044 [TCP segment of a reassembled PDU]"
"21149","31.189563646","192.168.1.55","192.168.1.2","TCP","1514","8004  >  35854 [ACK] Seq=463550 Ack=144 Win=65024 Len=1448 TSval=2916035270 TSecr=3045555044 [TCP segment of a reassembled PDU]"
"21150","31.189564942","192.168.1.55","192.168.1.2","TCP","1514","8004  >  35854 [ACK] Seq=464998 Ack=144 Win=65024 Len=1448 TSval=2916035270 TSecr=3045555044 [TCP segment of a reassembled PDU]"
"21151","31.189566294","192.168.1.55","192.168.1.2","TCP","1514","8004  >  35854 [ACK] Seq=466446 Ack=144 Win=65024 Len=1448 TSval=2916035270 TSecr=3045555044 [TCP segment of a reassembled PDU]"
"21152","31.189567683","192.168.1.55","192.168.1.2","TCP","1514","8004  >  35854 [ACK] Seq=467894 Ack=144 Win=65024 Len=1448 TSval=2916035270 TSecr=3045555044 [TCP segment of a reassembled PDU]"
"21153","31.189569054","192.168.1.55","192.168.1.2","TCP","1514","8004  >  35854 [ACK] Seq=469342 Ack=144 Win=65024 Len=1448 TSval=2916035270 TSecr=3045555044 [TCP segment of a reassembled PDU]"
"21154","31.189570461","192.168.1.55","192.168.1.2","TCP","1514","8004  >  35854 [ACK] Seq=470790 Ack=144 Win=65024 Len=1448 TSval=2916035270 TSecr=3045555044 [TCP segment of a reassembled PDU]"
"21155","31.189571739","192.168.1.55","192.168.1.2","TCP","1514","8004  >  35854 [ACK] Seq=472238 Ack=144 Win=65024 Len=1448 TSval=2916035270 TSecr=3045555044 [TCP segment of a reassembled PDU]"
"21156","31.189573146","192.168.1.55","192.168.1.2","TCP","1514","8004  >  35854 [ACK] Seq=473686 Ack=144 Win=65024 Len=1448 TSval=2916035270 TSecr=3045555044 [TCP segment of a reassembled PDU]"
"21157","31.189574591","192.168.1.55","192.168.1.2","TCP","1514","8004  >  35854 [PSH, ACK] Seq=475134 Ack=144 Win=65024 Len=1448 TSval=2916035270 TSecr=3045555044 [TCP segment of a reassembled PDU]"
"21158","31.189595905","192.168.1.55","192.168.1.2","TCP","1514","8004  >  35854 [ACK] Seq=476582 Ack=144 Win=65024 Len=1448 TSval=2916035270 TSecr=3045555044 [TCP segment of a reassembled PDU]"
"21159","31.189597628","192.168.1.55","192.168.1.2","TCP","1514","8004  >  35854 [ACK] Seq=478030 Ack=144 Win=65024 Len=1448 TSval=2916035270 TSecr=3045555044 [TCP segment of a reassembled PDU]"
"21160","31.189599072","192.168.1.55","192.168.1.2","TCP","1514","8004  >  35854 [ACK] Seq=479478 Ack=144 Win=65024 Len=1448 TSval=2916035270 TSecr=3045555044 [TCP segment of a reassembled PDU]"
"21161","31.189600517","192.168.1.55","192.168.1.2","TCP","1514","8004  >  35854 [ACK] Seq=480926 Ack=144 Win=65024 Len=1448 TSval=2916035270 TSecr=3045555044 [TCP segment of a reassembled PDU]"
"21162","31.189602165","192.168.1.55","192.168.1.2","TCP","1514","8004  >  35854 [ACK] Seq=482374 Ack=144 Win=65024 Len=1448 TSval=2916035270 TSecr=3045555044 [TCP segment of a reassembled PDU]"
"21163","31.189603609","192.168.1.55","192.168.1.2","TCP","1514","8004  >  35854 [ACK] Seq=483822 Ack=144 Win=65024 Len=1448 TSval=2916035270 TSecr=3045555044 [TCP segment of a reassembled PDU]"
"21164","31.189605054","192.168.1.55","192.168.1.2","TCP","1514","8004  >  35854 [ACK] Seq=485270 Ack=144 Win=65024 Len=1448 TSval=2916035270 TSecr=3045555044 [TCP segment of a reassembled PDU]"
"21165","31.189606405","192.168.1.55","192.168.1.2","TCP","1514","8004  >  35854 [ACK] Seq=486718 Ack=144 Win=65024 Len=1448 TSval=2916035270 TSecr=3045555044 [TCP segment of a reassembled PDU]"
"21166","31.189607757","192.168.1.55","192.168.1.2","TCP","1514","8004  >  35854 [ACK] Seq=488166 Ack=144 Win=65024 Len=1448 TSval=2916035270 TSecr=3045555044 [TCP segment of a reassembled PDU]"
"21167","31.189609128","192.168.1.55","192.168.1.2","TCP","1514","8004  >  35854 [ACK] Seq=489614 Ack=144 Win=65024 Len=1448 TSval=2916035270 TSecr=3045555044 [TCP segment of a reassembled PDU]"
"21168","31.189610831","192.168.1.55","192.168.1.2","TCP","1514","8004  >  35854 [ACK] Seq=491062 Ack=144 Win=65024 Len=1448 TSval=2916035270 TSecr=3045555044 [TCP segment of a reassembled PDU]"
"21169","31.189612220","192.168.1.55","192.168.1.2","TCP","1514","8004  >  35854 [ACK] Seq=492510 Ack=144 Win=65024 Len=1448 TSval=2916035270 TSecr=3045555044 [TCP segment of a reassembled PDU]"
"21170","31.189613591","192.168.1.55","192.168.1.2","TCP","1514","8004  >  35854 [ACK] Seq=493958 Ack=144 Win=65024 Len=1448 TSval=2916035270 TSecr=3045555044 [TCP segment of a reassembled PDU]"
"21171","31.189614961","192.168.1.55","192.168.1.2","TCP","1514","8004  >  35854 [ACK] Seq=495406 Ack=144 Win=65024 Len=1448 TSval=2916035270 TSecr=3045555044 [TCP segment of a reassembled PDU]"
"21172","31.189616368","192.168.1.55","192.168.1.2","TCP","1514","8004  >  35854 [PSH, ACK] Seq=496854 Ack=144 Win=65024 Len=1448 TSval=2916035270 TSecr=3045555044 [TCP segment of a reassembled PDU]"
"21173","31.189620443","192.168.1.55","192.168.1.2","HTTP","222","HTTP/1.0 200 OK  (PNG)"
"21174","31.189650387","192.168.1.2","192.168.1.55","TCP","66","35854  >  8004 [ACK] Seq=144 Ack=443278 Win=120832 Len=0 TSval=3045555045 TSecr=2916035265"
"21175","31.194240376","192.168.1.2","192.168.1.55","TCP","66","35854  >  8004 [ACK] Seq=144 Ack=444726 Win=122880 Len=0 TSval=3045555049 TSecr=2916035270"
"21176","31.194351969","192.168.1.2","192.168.1.55","TCP","66","35854  >  8004 [ACK] Seq=144 Ack=476582 Win=141312 Len=0 TSval=3045555049 TSecr=2916035270"
"21177","31.195979675","192.168.1.2","192.168.1.55","TCP","66","35854  >  8004 [ACK] Seq=144 Ack=498459 Win=121856 Len=0 TSval=3045555052 TSecr=2916035270"
"21178","31.197517011","192.168.1.2","192.168.1.55","TCP","66","35854  >  8004 [FIN, ACK] Seq=144 Ack=498459 Win=141312 Len=0 TSval=3045555052 TSecr=2916035270"
"21179","31.197535492","192.168.1.55","192.168.1.2","TCP","66","8004  >  35854 [ACK] Seq=498459 Ack=145 Win=65024 Len=0 TSval=2916035278 TSecr=3045555052"
"21180","31.197635622","192.168.1.2","192.168.1.55","TCP","74","35868  >  8004 [SYN] Seq=0 Win=64240 Len=0 MSS=1460 SACK_PERM TSval=3045555052 TSecr=0 WS=1024"
"21181","31.197651918","192.168.1.55","192.168.1.2","TCP","74","8004  >  35868 [SYN, ACK] Seq=0 Ack=1 Win=65160 Len=0 MSS=1460 SACK_PERM TSval=2916035278 TSecr=3045555052 WS=128"
"21182","31.200807812","192.168.1.2","192.168.1.55","TCP","66","35868  >  8004 [ACK] Seq=1 Ack=1 Win=64512 Len=0 TSval=3045555055 TSecr=2916035278"
"21183","31.206371284","192.168.1.2","192.168.1.55","HTTP","206","GET /stego_benchmark.png HTTP/1.1 "
"21184","31.206390025","192.168.1.55","192.168.1.2","TCP","66","8004  >  35868 [ACK] Seq=1 Ack=141 Win=65024 Len=0 TSval=2916035287 TSecr=3045555061"
"21185","31.206867025","192.168.1.55","192.168.1.2","TCP","255","8004  >  35868 [PSH, ACK] Seq=1 Ack=141 Win=65024 Len=189 TSval=2916035287 TSecr=3045555061 [TCP segment of a reassembled PDU]"
"21186","31.206953748","192.168.1.55","192.168.1.2","TCP","1514","8004  >  35868 [ACK] Seq=190 Ack=141 Win=65024 Len=1448 TSval=2916035287 TSecr=3045555061 [TCP segment of a reassembled PDU]"
"21187","31.206957859","192.168.1.55","192.168.1.2","TCP","1514","8004  >  35868 [ACK] Seq=1638 Ack=141 Win=65024 Len=1448 TSval=2916035287 TSecr=3045555061 [TCP segment of a reassembled PDU]"
"21188","31.206959192","192.168.1.55","192.168.1.2","TCP","1514","8004  >  35868 [ACK] Seq=3086 Ack=141 Win=65024 Len=1448 TSval=2916035287 TSecr=3045555061 [TCP segment of a reassembled PDU]"
"21189","31.206960599","192.168.1.55","192.168.1.2","TCP","1514","8004  >  35868 [ACK] Seq=4534 Ack=141 Win=65024 Len=1448 TSval=2916035287 TSecr=3045555061 [TCP segment of a reassembled PDU]"
"21190","31.206962414","192.168.1.55","192.168.1.2","TCP","1514","8004  >  35868 [PSH, ACK] Seq=5982 Ack=141 Win=65024 Len=1448 TSval=2916035287 TSecr=3045555061 [TCP segment of a reassembled PDU]"
"21191","31.206981322","192.168.1.55","192.168.1.2","TCP","1514","8004  >  35868 [ACK] Seq=7430 Ack=141 Win=65024 Len=1448 TSval=2916035287 TSecr=3045555061 [TCP segment of a reassembled PDU]"
"21192","31.206983174","192.168.1.55","192.168.1.2","TCP","1514","8004  >  35868 [ACK] Seq=8878 Ack=141 Win=65024 Len=1448 TSval=2916035287 TSecr=3045555061 [TCP segment of a reassembled PDU]"
"21193","31.206984433","192.168.1.55","192.168.1.2","TCP","1514","8004  >  35868 [ACK] Seq=10326 Ack=141 Win=65024 Len=1448 TSval=2916035287 TSecr=3045555061 [TCP segment of a reassembled PDU]"
"21194","31.206985785","192.168.1.55","192.168.1.2","TCP","1514","8004  >  35868 [PSH, ACK] Seq=11774 Ack=141 Win=65024 Len=1448 TSval=2916035287 TSecr=3045555061 [TCP segment of a reassembled PDU]"
"21195","31.210787957","192.168.1.2","192.168.1.55","TCP","66","35868  >  8004 [ACK] Seq=141 Ack=190 Win=64512 Len=0 TSval=3045555065 TSecr=2916035287"
"21196","31.210942569","192.168.1.55","192.168.1.2","TCP","1514","8004  >  35868 [ACK] Seq=13222 Ack=141 Win=65024 Len=1448 TSval=2916035291 TSecr=3045555065 [TCP segment of a reassembled PDU]"
"21197","31.210958939","192.168.1.55","192.168.1.2","TCP","1514","8004  >  35868 [PSH, ACK] Seq=14670 Ack=141 Win=65024 Len=1448 TSval=2916035291 TSecr=3045555065 [TCP segment of a reassembled PDU]"
"21198","31.211133736","192.168.1.2","192.168.1.55","TCP","66","35868  >  8004 [ACK] Seq=141 Ack=5982 Win=76800 Len=0 TSval=3045555065 TSecr=2916035287"
"21199","31.211231588","192.168.1.55","192.168.1.2","TCP","1514","8004  >  35868 [ACK] Seq=16118 Ack=141 Win=65024 Len=1448 TSval=2916035291 TSecr=3045555065 [TCP segment of a reassembled PDU]"
"21200","31.211239310","192.168.1.55","192.168.1.2","TCP","1514","8004  >  35868 [ACK] Seq=17566 Ack=141 Win=65024 Len=1448 TSval=2916035291 TSecr=3045555065 [TCP segment of a reassembled PDU]"
"21201","31.211242199","192.168.1.55","192.168.1.2","TCP","1514","8004  >  35868 [ACK] Seq=19014 Ack=141 Win=65024 Len=1448 TSval=2916035291 TSecr=3045555065 [TCP segment of a reassembled PDU]"
"21202","31.211245125","192.168.1.55","192.168.1.2","TCP","1514","8004  >  35868 [ACK] Seq=20462 Ack=141 Win=65024 Len=1448 TSval=2916035291 TSecr=3045555065 [TCP segment of a reassembled PDU]"
"21203","31.211248865","192.168.1.55","192.168.1.2","TCP","1514","8004  >  35868 [ACK] Seq=21910 Ack=141 Win=65024 Len=1448 TSval=2916035291 TSecr=3045555065 [TCP segment of a reassembled PDU]"
"21204","31.211251440","192.168.1.55","192.168.1.2","TCP","1514","8004  >  35868 [ACK] Seq=23358 Ack=141 Win=65024 Len=1448 TSval=2916035291 TSecr=3045555065 [TCP segment of a reassembled PDU]"
"21205","31.211253699","192.168.1.55","192.168.1.2","TCP","1514","8004  >  35868 [PSH, ACK] Seq=24806 Ack=141 Win=65024 Len=1448 TSval=2916035291 TSecr=3045555065 [TCP segment of a reassembled PDU]"
"21206","31.211268106","192.168.1.2","192.168.1.55","TCP","66","35868  >  8004 [ACK] Seq=141 Ack=7430 Win=79872 Len=0 TSval=3045555066 TSecr=2916035287"
"21207","31.211289847","192.168.1.2","192.168.1.55","TCP","66","35868  >  8004 [ACK] Seq=141 Ack=13222 Win=87040 Len=0 TSval=3045555066 TSecr=2916035287"
"21208","31.211363051","192.168.1.55","192.168.1.2","TCP","1514","8004  >  35868 [ACK] Seq=26254 Ack=141 Win=65024 Len=1448 TSval=2916035292 TSecr=3045555066 [TCP segment of a reassembled PDU]"
"21209","31.211368921","192.168.1.55","192.168.1.2","TCP","1514","8004  >  35868 [ACK] Seq=27702 Ack=141 Win=65024 Len=1448 TSval=2916035292 TSecr=3045555066 [TCP segment of a reassembled PDU]"
"21210","31.211371440","192.168.1.55","192.168.1.2","TCP","1514","8004  >  35868 [ACK] Seq=29150 Ack=141 Win=65024 Len=1448 TSval=2916035292 TSecr=3045555066 [TCP segment of a reassembled PDU]"
"21211","31.211373736","192.168.1.55","192.168.1.2","TCP","1514","8004  >  35868 [ACK] Seq=30598 Ack=141 Win=65024 Len=1448 TSval=2916035292 TSecr=3045555066 [TCP segment of a reassembled PDU]"
"21212","31.211375977","192.168.1.55","192.168.1.2","TCP","1514","8004  >  35868 [ACK] Seq=32046 Ack=141 Win=65024 Len=1448 TSval=2916035292 TSecr=3045555066 [TCP segment of a reassembled PDU]"
"21213","31.211379218","192.168.1.55","192.168.1.2","TCP","1514","8004  >  35868 [ACK] Seq=33494 Ack=141 Win=65024 Len=1448 TSval=2916035292 TSecr=3045555066 [TCP segment of a reassembled PDU]"
"21214","31.211381718","192.168.1.55","192.168.1.2","TCP","1514","8004  >  35868 [ACK] Seq=34942 Ack=141 Win=65024 Len=1448 TSval=2916035292 TSecr=3045555066 [TCP segment of a reassembled PDU]"
"21215","31.211384125","192.168.1.55","192.168.1.2","TCP","1514","8004  >  35868 [ACK] Seq=36390 Ack=141 Win=65024 Len=1448 TSval=2916035292 TSecr=3045555066 [TCP segment of a reassembled PDU]"
"21216","31.211385903","192.168.1.55","192.168.1.2","TCP","1514","8004  >  35868 [ACK] Seq=37838 Ack=141 Win=65024 Len=1448 TSval=2916035292 TSecr=3045555066 [TCP segment of a reassembled PDU]"
"21217","31.211388977","192.168.1.55","192.168.1.2","TCP","1514","8004  >  35868 [PSH, ACK] Seq=39286 Ack=141 Win=65024 Len=1448 TSval=2916035292 TSecr=3045555066 [TCP segment of a reassembled PDU]"
"21218","31.212268719","192.168.1.55","192.168.1.2","TCP","1514","8004  >  35868 [ACK] Seq=40734 Ack=141 Win=65024 Len=1448 TSval=2916035292 TSecr=3045555066 [TCP segment of a reassembled PDU]"
"21219","31.215871780","192.168.1.2","192.168.1.55","TCP","66","35868  >  8004 [ACK] Seq=141 Ack=16118 Win=93184 Len=0 TSval=3045555070 TSecr=2916035291"
"21220","31.215924669","192.168.1.55","192.168.1.2","TCP","1514","8004  >  35868 [ACK] Seq=42182 Ack=141 Win=65024 Len=1448 TSval=2916035296 TSecr=3045555070 [TCP segment of a reassembled PDU]"
"21221","31.215931521","192.168.1.55","192.168.1.2","TCP","1514","8004  >  35868 [PSH, ACK] Seq=43630 Ack=141 Win=65024 Len=1448 TSval=2916035296 TSecr=3045555070 [TCP segment of a reassembled PDU]"
"21222","31.216003873","192.168.1.2","192.168.1.55","TCP","66","35868  >  8004 [ACK] Seq=141 Ack=26254 Win=86016 Len=0 TSval=3045555070 TSecr=2916035291"
"21223","31.216046003","192.168.1.55","192.168.1.2","TCP","1514","8004  >  35868 [ACK] Seq=45078 Ack=141 Win=65024 Len=1448 TSval=2916035296 TSecr=3045555070 [TCP segment of a reassembled PDU]"
"21224","31.216050521","192.168.1.55","192.168.1.2","TCP","1514","8004  >  35868 [ACK] Seq=46526 Ack=141 Win=65024 Len=1448 TSval=2916035296 TSecr=3045555070 [TCP segment of a reassembled PDU]"
"21225","31.216051984","192.168.1.55","192.168.1.2","TCP","1514","8004  >  35868 [ACK] Seq=47974 Ack=141 Win=65024 Len=1448 TSval=2916035296 TSecr=3045555070 [TCP segment of a reassembled PDU]"
"21226","31.216053392","192.168.1.55","192.168.1.2","TCP","1514","8004  >  35868 [ACK] Seq=49422 Ack=141 Win=65024 Len=1448 TSval=2916035296 TSecr=3045555070 [TCP segment of a reassembled PDU]"
"21227","31.216055132","192.168.1.55","192.168.1.2","TCP","1514","8004  >  35868 [ACK] Seq=50870 Ack=141 Win=65024 Len=1448 TSval=2916035296 TSecr=3045555070 [TCP segment of a reassembled PDU]"
"21228","31.216057355","192.168.1.55","192.168.1.2","TCP","1514","8004  >  35868 [ACK] Seq=52318 Ack=141 Win=65024 Len=1448 TSval=2916035296 TSecr=3045555070 [TCP segment of a reassembled PDU]"
"21229","31.216059003","192.168.1.55","192.168.1.2","TCP","1514","8004  >  35868 [ACK] Seq=53766 Ack=141 Win=65024 Len=1448 TSval=2916035296 TSecr=3045555070 [TCP segment of a reassembled PDU]"
"21230","31.216060447","192.168.1.55","192.168.1.2","TCP","1514","8004  >  35868 [ACK] Seq=55214 Ack=141 Win=65024 Len=1448 TSval=2916035296 TSecr=3045555070 [TCP segment of a reassembled PDU]"
"21231","31.216061966","192.168.1.55","192.168.1.2","TCP","1514","8004  >  35868 [ACK] Seq=56662 Ack=141 Win=65024 Len=1448 TSval=2916035296 TSecr=3045555070 [TCP segment of a reassembled PDU]"
"21232","31.216063373","192.168.1.55","192.168.1.2","TCP","1514","8004  >  35868 [ACK] Seq=58110 Ack=141 Win=65024 Len=1448 TSval=2916035296 TSecr=3045555070 [TCP segment of a reassembled PDU]"
"21233","31.216066077","192.168.1.55","192.168.1.2","TCP","1514","8004  >  35868 [ACK] Seq=59558 Ack=141 Win=65024 Len=1448 TSval=2916035296 TSecr=3045555070 [TCP segment of a reassembled PDU]"
"21234","31.216067910","192.168.1.55","192.168.1.2","TCP","1514","8004  >  35868 [ACK] Seq=61006 Ack=141 Win=65024 Len=1448 TSval=2916035296 TSecr=3045555070 [TCP segment of a reassembled PDU]"
"21235","31.216069429","192.168.1.55","192.168.1.2","TCP","1514","8004  >  35868 [ACK] Seq=62454 Ack=141 Win=65024 Len=1448 TSval=2916035296 TSecr=3045555070 [TCP segment of a reassembled PDU]"
"21236","31.216070966","192.168.1.55","192.168.1.2","TCP","1514","8004  >  35868 [PSH, ACK] Seq=63902 Ack=141 Win=65024 Len=1448 TSval=2916035296 TSecr=3045555070 [TCP segment of a reassembled PDU]"
"21237","31.216076780","192.168.1.2","192.168.1.55","TCP","66","35868  >  8004 [ACK] Seq=141 Ack=36390 Win=76800 Len=0 TSval=3045555070 TSecr=2916035292"
"21238","31.216118077","192.168.1.55","192.168.1.2","TCP","1514","8004  >  35868 [ACK] Seq=65350 Ack=141 Win=65024 Len=1448 TSval=2916035296 TSecr=3045555070 [TCP segment of a reassembled PDU]"
"21239","31.216119966","192.168.1.55","192.168.1.2","TCP","1514","8004  >  35868 [ACK] Seq=66798 Ack=141 Win=65024 Len=1448 TSval=2916035296 TSecr=3045555070 [TCP segment of a reassembled PDU]"
"21240","31.216121558","192.168.1.55","192.168.1.2","TCP","1514","8004  >  35868 [ACK] Seq=68246 Ack=141 Win=65024 Len=1448 TSval=2916035296 TSecr=3045555070 [TCP segment of a reassembled PDU]"
"21241","31.216123040","192.168.1.55","192.168.1.2","TCP","1514","8004  >  35868 [ACK] Seq=69694 Ack=141 Win=65024 Len=1448 TSval=2916035296 TSecr=3045555070 [TCP segment of a reassembled PDU]"
"21242","31.216124521","192.168.1.55","192.168.1.2","TCP","1514","8004  >  35868 [ACK] Seq=71142 Ack=141 Win=65024 Len=1448 TSval=2916035296 TSecr=3045555070 [TCP segment of a reassembled PDU]"
"21243","31.216126318","192.168.1.55","192.168.1.2","TCP","1514","8004  >  35868 [ACK] Seq=72590 Ack=141 Win=65024 Len=1448 TSval=2916035296 TSecr=3045555070 [TCP segment of a reassembled PDU]"
"21244","31.216128521","192.168.1.55","192.168.1.2","TCP","1514","8004  >  35868 [ACK] Seq=74038 Ack=141 Win=65024 Len=1448 TSval=2916035296 TSecr=3045555070 [TCP segment of a reassembled PDU]"
"21245","31.216129947","192.168.1.55","192.168.1.2","TCP","1514","8004  >  35868 [PSH, ACK] Seq=75486 Ack=141 Win=65024 Len=1448 TSval=2916035296 TSecr=3045555070 [TCP segment of a reassembled PDU]"
"21246","31.216138762","192.168.1.2","192.168.1.55","TCP","66","35868  >  8004 [ACK] Seq=141 Ack=39286 Win=93184 Len=0 TSval=3045555071 TSecr=2916035292"
"21247","31.216209410","192.168.1.2","192.168.1.55","TCP","66","35868  >  8004 [ACK] Seq=141 Ack=40734 Win=94208 Len=0 TSval=3045555071 TSecr=2916035292"
"21248","31.216215207","192.168.1.2","192.168.1.55","TCP","66","35868  >  8004 [ACK] Seq=141 Ack=42182 Win=94208 Len=0 TSval=3045555071 TSecr=2916035292"
"21249","31.216285540","192.168.1.55","192.168.1.2","TCP","1514","8004  >  35868 [ACK] Seq=76934 Ack=141 Win=65024 Len=1448 TSval=2916035296 TSecr=3045555071 [TCP segment of a reassembled PDU]"
"21250","31.216300836","192.168.1.55","192.168.1.2","TCP","1514","8004  >  35868 [ACK] Seq=78382 Ack=141 Win=65024 Len=1448 TSval=2916035296 TSecr=3045555071 [TCP segment of a reassembled PDU]"
"21251","31.216302651","192.168.1.55","192.168.1.2","TCP","1514","8004  >  35868 [ACK] Seq=79830 Ack=141 Win=65024 Len=1448 TSval=2916035296 TSecr=3045555071 [TCP segment of a reassembled PDU]"
"21252","31.216304244","192.168.1.55","192.168.1.2","TCP","1514","8004  >  35868 [ACK] Seq=81278 Ack=141 Win=65024 Len=1448 TSval=2916035296 TSecr=3045555071 [TCP segment of a reassembled PDU]"
"21253","31.216305799","192.168.1.55","192.168.1.2","TCP","1514","8004  >  35868 [ACK] Seq=82726 Ack=141 Win=65024 Len=1448 TSval=2916035296 TSecr=3045555071 [TCP segment of a reassembled PDU]"
"21254","31.216308244","192.168.1.55","192.168.1.2","TCP","1514","8004  >  35868 [ACK] Seq=84174 Ack=141 Win=65024 Len=1448 TSval=2916035296 TSecr=3045555071 [TCP segment of a reassembled PDU]"
"21255","31.216310003","192.168.1.55","192.168.1.2","TCP","1514","8004  >  35868 [ACK] Seq=85622 Ack=141 Win=65024 Len=1448 TSval=2916035296 TSecr=3045555071 [TCP segment of a reassembled PDU]"
"21256","31.216311485","192.168.1.55","192.168.1.2","TCP","1514","8004  >  35868 [ACK] Seq=87070 Ack=141 Win=65024 Len=1448 TSval=2916035296 TSecr=3045555071 [TCP segment of a reassembled PDU]"
"21257","31.216313373","192.168.1.55","192.168.1.2","TCP","1514","8004  >  35868 [ACK] Seq=88518 Ack=141 Win=65024 Len=1448 TSval=2916035296 TSecr=3045555071 [TCP segment of a reassembled PDU]"
"21258","31.216314781","192.168.1.55","192.168.1.2","TCP","1514","8004  >  35868 [ACK] Seq=89966 Ack=141 Win=65024 Len=1448 TSval=2916035296 TSecr=3045555071 [TCP segment of a reassembled PDU]"
"21259","31.216316503","192.168.1.55","192.168.1.2","TCP","1514","8004  >  35868 [ACK] Seq=91414 Ack=141 Win=65024 Len=1448 TSval=2916035296 TSecr=3045555071 [TCP segment of a reassembled PDU]"
"21260","31.216317873","192.168.1.55","192.168.1.2","TCP","1514","8004  >  35868 [ACK] Seq=92862 Ack=141 Win=65024 Len=1448 TSval=2916035296 TSecr=3045555071 [TCP segment of a reassembled PDU]"
"21261","31.216319503","192.168.1.55","192.168.1.2","TCP","1514","8004  >  35868 [ACK] Seq=94310 Ack=141 Win=65024 Len=1448 TSval=2916035296 TSecr=3045555071 [TCP segment of a reassembled PDU]"
"21262","31.216330392","192.168.1.55","192.168.1.2","TCP","1514","8004  >  35868 [ACK] Seq=95758 Ack=141 Win=65024 Len=1448 TSval=2916035296 TSecr=3045555071 [TCP segment of a reassembled PDU]"
"21263","31.216332244","192.168.1.55","192.168.1.2","TCP","1514","8004  >  35868 [ACK] Seq=97206 Ack=141 Win=65024 Len=1448 TSval=2916035296 TSecr=3045555071 [TCP segment of a reassembled PDU]"
"21264","31.216334373","192.168.1.55","192.168.1.2","TCP","1514","8004  >  35868 [PSH, ACK] Seq=98654 Ack=141 Win=65024 Len=1448 TSval=2916035296 TSecr=3045555071 [TCP segment of a reassembled PDU]"
"21265","31.221982642","192.168.1.2","192.168.1.55","TCP","66","35868  >  8004 [ACK] Seq=141 Ack=43630 Win=93184 Len=0 TSval=3045555076 TSecr=2916035296"
"21266","31.222047771","192.168.1.55","192.168.1.2","TCP","1514","8004  >  35868 [ACK] Seq=100102 Ack=141 Win=65024 Len=1448 TSval=2916035302 TSecr=3045555076 [TCP segment of a reassembled PDU]"
"21267","31.222054568","192.168.1.55","192.168.1.2","TCP","1514","8004  >  35868 [PSH, ACK] Seq=101550 Ack=141 Win=65024 Len=1448 TSval=2916035302 TSecr=3045555076 [TCP segment of a reassembled PDU]"
"21268","31.222134123","192.168.1.2","192.168.1.55","TCP","66","35868  >  8004 [ACK] Seq=141 Ack=45078 Win=94208 Len=0 TSval=3045555076 TSecr=2916035296"
"21269","31.222147086","192.168.1.2","192.168.1.55","TCP","66","35868  >  8004 [ACK] Seq=141 Ack=65350 Win=75776 Len=0 TSval=3045555076 TSecr=2916035296"
"21270","31.222174068","192.168.1.55","192.168.1.2","TCP","1514","8004  >  35868 [ACK] Seq=102998 Ack=141 Win=65024 Len=1448 TSval=2916035302 TSecr=3045555076 [TCP segment of a reassembled PDU]"
"21271","31.222177031","192.168.1.55","192.168.1.2","TCP","1514","8004  >  35868 [ACK] Seq=104446 Ack=141 Win=65024 Len=1448 TSval=2916035302 TSecr=3045555076 [TCP segment of a reassembled PDU]"
"21272","31.222178531","192.168.1.55","192.168.1.2","TCP","1514","8004  >  35868 [ACK] Seq=105894 Ack=141 Win=65024 Len=1448 TSval=2916035302 TSecr=3045555076 [TCP segment of a reassembled PDU]"
"21273","31.222180864","192.168.1.55","192.168.1.2","TCP","1514","8004  >  35868 [ACK] Seq=107342 Ack=141 Win=65024 Len=1448 TSval=2916035302 TSecr=3045555076 [TCP segment of a reassembled PDU]"
"21274","31.222182642","192.168.1.55","192.168.1.2","TCP","1514","8004  >  35868 [ACK] Seq=108790 Ack=141 Win=65024 Len=1448 TSval=2916035302 TSecr=3045555076 [TCP segment of a reassembled PDU]"
"21275","31.222184901","192.168.1.55","192.168.1.2","TCP","1514","8004  >  35868 [ACK] Seq=110238 Ack=141 Win=65024 Len=1448 TSval=2916035302 TSecr=3045555076 [TCP segment of a reassembled PDU]"
"21276","31.222187716","192.168.1.55","192.168.1.2","TCP","1514","8004  >  35868 [ACK] Seq=111686 Ack=141 Win=65024 Len=1448 TSval=2916035302 TSecr=3045555076 [TCP segment of a reassembled PDU]"
"21277","31.222189531","192.168.1.55","192.168.1.2","TCP","1514","8004  >  35868 [ACK] Seq=113134 Ack=141 Win=65024 Len=1448 TSval=2916035302 TSecr=3045555076 [TCP segment of a reassembled PDU]"
"21278","31.222190716","192.168.1.55","192.168.1.2","TCP","1514","8004  >  35868 [ACK] Seq=114582 Ack=141 Win=65024 Len=1448 TSval=2916035302 TSecr=3045555076 [TCP segment of a reassembled PDU]"
"21279","31.222192272","192.168.1.55","192.168.1.2","TCP","1514","8004  >  35868 [ACK] Seq=116030 Ack=141 Win=65024 Len=1448 TSval=2916035302 TSecr=3045555076 [TCP segment of a reassembled PDU]"
"21280","31.222194160","192.168.1.55","192.168.1.2","TCP","1514","8004  >  35868 [ACK] Seq=117478 Ack=141 Win=65024 Len=1448 TSval=2916035302 TSecr=3045555076 [TCP segment of a reassembled PDU]"
"21281","31.222196086","192.168.1.55","192.168.1.2","TCP","1514","8004  >  35868 [PSH, ACK] Seq=118926 Ack=141 Win=65024 Len=1448 TSval=2916035302 TSecr=3045555076 [TCP segment of a reassembled PDU]"
"21282","31.222203901","192.168.1.2","192.168.1.55","TCP","66","35868  >  8004 [ACK] Seq=141 Ack=76934 Win=64512 Len=0 TSval=3045555076 TSecr=2916035296"
"21283","31.222302124","192.168.1.2","192.168.1.55","TCP","66","35868  >  8004 [ACK] Seq=141 Ack=84174 Win=57344 Len=0 TSval=3045555076 TSecr=2916035296"
"21284","31.222313827","192.168.1.2","192.168.1.55","TCP","66","35868  >  8004 [ACK] Seq=141 Ack=100102 Win=78848 Len=0 TSval=3045555076 TSecr=2916035296"
"21285","31.222384420","192.168.1.55","192.168.1.2","TCP","1514","8004  >  35868 [ACK] Seq=120374 Ack=141 Win=65024 Len=1448 TSval=2916035303 TSecr=3045555076 [TCP segment of a reassembled PDU]"
"21286","31.222391087","192.168.1.55","192.168.1.2","TCP","1514","8004  >  35868 [ACK] Seq=121822 Ack=141 Win=65024 Len=1448 TSval=2916035303 TSecr=3045555076 [TCP segment of a reassembled PDU]"
"21287","31.222393420","192.168.1.55","192.168.1.2","TCP","1514","8004  >  35868 [ACK] Seq=123270 Ack=141 Win=65024 Len=1448 TSval=2916035303 TSecr=3045555076 [TCP segment of a reassembled PDU]"
"21288","31.222395735","192.168.1.55","192.168.1.2","TCP","1514","8004  >  35868 [ACK] Seq=124718 Ack=141 Win=65024 Len=1448 TSval=2916035303 TSecr=3045555076 [TCP segment of a reassembled PDU]"
"21289","31.222397179","192.168.1.55","192.168.1.2","TCP","1514","8004  >  35868 [ACK] Seq=126166 Ack=141 Win=65024 Len=1448 TSval=2916035303 TSecr=3045555076 [TCP segment of a reassembled PDU]"
"21290","31.222398735","192.168.1.55","192.168.1.2","TCP","1514","8004  >  35868 [ACK] Seq=127614 Ack=141 Win=65024 Len=1448 TSval=2916035303 TSecr=3045555076 [TCP segment of a reassembled PDU]"
"21291","31.222400587","192.168.1.55","192.168.1.2","TCP","1514","8004  >  35868 [ACK] Seq=129062 Ack=141 Win=65024 Len=1448 TSval=2916035303 TSecr=3045555076 [TCP segment of a reassembled PDU]"
"21292","31.222403865","192.168.1.55","192.168.1.2","TCP","1514","8004  >  35868 [ACK] Seq=130510 Ack=141 Win=65024 Len=1448 TSval=2916035303 TSecr=3045555076 [TCP segment of a reassembled PDU]"
"21293","31.222405050","192.168.1.55","192.168.1.2","TCP","1514","8004  >  35868 [ACK] Seq=131958 Ack=141 Win=65024 Len=1448 TSval=2916035303 TSecr=3045555076 [TCP segment of a reassembled PDU]"
"21294","31.222406365","192.168.1.55","192.168.1.2","TCP","1514","8004  >  35868 [ACK] Seq=133406 Ack=141 Win=65024 Len=1448 TSval=2916035303 TSecr=3045555076 [TCP segment of a reassembled PDU]"
"21295","31.222408883","192.168.1.55","192.168.1.2","TCP","1514","8004  >  35868 [ACK] Seq=134854 Ack=141 Win=65024 Len=1448 TSval=2916035303 TSecr=3045555076 [TCP segment of a reassembled PDU]"
"21296","31.222410587","192.168.1.55","192.168.1.2","TCP","1514","8004  >  35868 [ACK] Seq=136302 Ack=141 Win=65024 Len=1448 TSval=2916035303 TSecr=3045555076 [TCP segment of a reassembled PDU]"
"21297","31.222411809","192.168.1.55","192.168.1.2","TCP","1514","8004  >  35868 [ACK] Seq=137750 Ack=141 Win=65024 Len=1448 TSval=2916035303 TSecr=3045555076 [TCP segment of a reassembled PDU]"
"21298","31.222413902","192.168.1.55","192.168.1.2","TCP","1514","8004  >  35868 [ACK] Seq=139198 Ack=141 Win=65024 Len=1448 TSval=2916035303 TSecr=3045555076 [TCP segment of a reassembled PDU]"
"21299","31.222415365","192.168.1.55","192.168.1.2","TCP","938","8004  >  35868 [PSH, ACK] Seq=140646 Ack=141 Win=65024 Len=872 TSval=2916035303 TSecr=3045555076 [TCP segment of a reassembled PDU]"
"21300","31.222461105","192.168.1.55","192.168.1.2","TCP","1514","8004  >  35868 [ACK] Seq=141518 Ack=141 Win=65024 Len=1448 TSval=2916035303 TSecr=3045555076 [TCP segment of a reassembled PDU]"
"21301","31.222463420","192.168.1.55","192.168.1.2","TCP","1514","8004  >  35868 [ACK] Seq=142966 Ack=141 Win=65024 Len=1448 TSval=2916035303 TSecr=3045555076 [TCP segment of a reassembled PDU]"
"21302","31.222465105","192.168.1.55","192.168.1.2","TCP","1514","8004  >  35868 [ACK] Seq=144414 Ack=141 Win=65024 Len=1448 TSval=2916035303 TSecr=3045555076 [TCP segment of a reassembled PDU]"
"21303","31.222466865","192.168.1.55","192.168.1.2","TCP","1514","8004  >  35868 [ACK] Seq=145862 Ack=141 Win=65024 Len=1448 TSval=2916035303 TSecr=3045555076 [TCP segment of a reassembled PDU]"
"21304","31.222468031","192.168.1.55","192.168.1.2","TCP","1514","8004  >  35868 [ACK] Seq=147310 Ack=141 Win=65024 Len=1448 TSval=2916035303 TSecr=3045555076 [TCP segment of a reassembled PDU]"
"21305","31.222469272","192.168.1.55","192.168.1.2","TCP","1514","8004  >  35868 [ACK] Seq=148758 Ack=141 Win=65024 Len=1448 TSval=2916035303 TSecr=3045555076 [TCP segment of a reassembled PDU]"
"21306","31.222471235","192.168.1.55","192.168.1.2","TCP","1514","8004  >  35868 [ACK] Seq=150206 Ack=141 Win=65024 Len=1448 TSval=2916035303 TSecr=3045555076 [TCP segment of a reassembled PDU]"
"21307","31.222473013","192.168.1.55","192.168.1.2","TCP","1514","8004  >  35868 [ACK] Seq=151654 Ack=141 Win=65024 Len=1448 TSval=2916035303 TSecr=3045555076 [TCP segment of a reassembled PDU]"
"21308","31.222474494","192.168.1.55","192.168.1.2","TCP","1514","8004  >  35868 [ACK] Seq=153102 Ack=141 Win=65024 Len=1448 TSval=2916035303 TSecr=3045555076 [TCP segment of a reassembled PDU]"
"21309","31.222475642","192.168.1.55","192.168.1.2","TCP","1514","8004  >  35868 [ACK] Seq=154550 Ack=141 Win=65024 Len=1448 TSval=2916035303 TSecr=3045555076 [TCP segment of a reassembled PDU]"
"21310","31.222477105","192.168.1.55","192.168.1.2","TCP","1514","8004  >  35868 [ACK] Seq=155998 Ack=141 Win=65024 Len=1448 TSval=2916035303 TSecr=3045555076 [TCP segment of a reassembled PDU]"
"21311","31.222479105","192.168.1.55","192.168.1.2","TCP","1514","8004  >  35868 [ACK] Seq=157446 Ack=141 Win=65024 Len=1448 TSval=2916035303 TSecr=3045555076 [TCP segment of a reassembled PDU]"
"21312","31.222480457","192.168.1.55","192.168.1.2","TCP","1514","8004  >  35868 [ACK] Seq=158894 Ack=141 Win=65024 Len=1448 TSval=2916035303 TSecr=3045555076 [TCP segment of a reassembled PDU]"
"21313","31.222481920","192.168.1.55","192.168.1.2","TCP","1514","8004  >  35868 [ACK] Seq=160342 Ack=141 Win=65024 Len=1448 TSval=2916035303 TSecr=3045555076 [TCP segment of a reassembled PDU]"
"21314","31.222483383","192.168.1.55","192.168.1.2","TCP","1514","8004  >  35868 [PSH, ACK] Seq=161790 Ack=141 Win=65024 Len=1448 TSval=2916035303 TSecr=3045555076 [TCP segment of a reassembled PDU]"
"21315","31.222895736","192.168.1.55","192.168.1.2","TCP","642","8004  >  35868 [ACK] Seq=163238 Ack=141 Win=65024 Len=576 TSval=2916035303 TSecr=3045555076 [TCP segment of a reassembled PDU]"
"21316","31.222912254","192.168.1.55","192.168.1.2","TCP","1514","8004  >  35868 [ACK] Seq=163814 Ack=141 Win=65024 Len=1448 TSval=2916035303 TSecr=3045555076 [TCP segment of a reassembled PDU]"
"21317","31.222913736","192.168.1.55","192.168.1.2","TCP","1514","8004  >  35868 [ACK] Seq=165262 Ack=141 Win=65024 Len=1448 TSval=2916035303 TSecr=3045555076 [TCP segment of a reassembled PDU]"
"21318","31.222915013","192.168.1.55","192.168.1.2","TCP","1514","8004  >  35868 [ACK] Seq=166710 Ack=141 Win=65024 Len=1448 TSval=2916035303 TSecr=3045555076 [TCP segment of a reassembled PDU]"
"21319","31.222916273","192.168.1.55","192.168.1.2","TCP","1514","8004  >  35868 [ACK] Seq=168158 Ack=141 Win=65024 Len=1448 TSval=2916035303 TSecr=3045555076 [TCP segment of a reassembled PDU]"
"21320","31.222917458","192.168.1.55","192.168.1.2","TCP","1514","8004  >  35868 [ACK] Seq=169606 Ack=141 Win=65024 Len=1448 TSval=2916035303 TSecr=3045555076 [TCP segment of a reassembled PDU]"
"21321","31.222918680","192.168.1.55","192.168.1.2","TCP","1514","8004  >  35868 [ACK] Seq=171054 Ack=141 Win=65024 Len=1448 TSval=2916035303 TSecr=3045555076 [TCP segment of a reassembled PDU]"
"21322","31.222919921","192.168.1.55","192.168.1.2","TCP","1514","8004  >  35868 [ACK] Seq=172502 Ack=141 Win=65024 Len=1448 TSval=2916035303 TSecr=3045555076 [TCP segment of a reassembled PDU]"
"21323","31.222921328","192.168.1.55","192.168.1.2","TCP","1514","8004  >  35868 [ACK] Seq=173950 Ack=141 Win=65024 Len=1448 TSval=2916035303 TSecr=3045555076 [TCP segment of a reassembled PDU]"
"21324","31.222922773","192.168.1.55","192.168.1.2","TCP","1514","8004  >  35868 [ACK] Seq=175398 Ack=141 Win=65024 Len=1448 TSval=2916035303 TSecr=3045555076 [TCP segment of a reassembled PDU]"
"21325","31.222924254","192.168.1.55","192.168.1.2","TCP","1514","8004  >  35868 [PSH, ACK] Seq=176846 Ack=141 Win=65024 Len=1448 TSval=2916035303 TSecr=3045555076 [TCP segment of a reassembled PDU]"
"21326","31.229738117","192.168.1.2","192.168.1.55","TCP","66","35868  >  8004 [ACK] Seq=141 Ack=102998 Win=91136 Len=0 TSval=3045555083 TSecr=2916035302"
"21327","31.229775450","192.168.1.55","192.168.1.2","TCP","1514","8004  >  35868 [ACK] Seq=178294 Ack=141 Win=65024 Len=1448 TSval=2916035310 TSecr=3045555083 [TCP segment of a reassembled PDU]"
"21328","31.229778617","192.168.1.55","192.168.1.2","TCP","1514","8004  >  35868 [ACK] Seq=179742 Ack=141 Win=65024 Len=1448 TSval=2916035310 TSecr=3045555083 [TCP segment of a reassembled PDU]"
"21329","31.229779895","192.168.1.55","192.168.1.2","TCP","1514","8004  >  35868 [ACK] Seq=181190 Ack=141 Win=65024 Len=1448 TSval=2916035310 TSecr=3045555083 [TCP segment of a reassembled PDU]"
"21330","31.229781135","192.168.1.55","192.168.1.2","TCP","1514","8004  >  35868 [ACK] Seq=182638 Ack=141 Win=65024 Len=1448 TSval=2916035310 TSecr=3045555083 [TCP segment of a reassembled PDU]"
"21331","31.229782024","192.168.1.55","192.168.1.2","TCP","1514","8004  >  35868 [ACK] Seq=184086 Ack=141 Win=65024 Len=1448 TSval=2916035310 TSecr=3045555083 [TCP segment of a reassembled PDU]"
"21332","31.229782913","192.168.1.55","192.168.1.2","TCP","1514","8004  >  35868 [ACK] Seq=185534 Ack=141 Win=65024 Len=1448 TSval=2916035310 TSecr=3045555083 [TCP segment of a reassembled PDU]"
"21333","31.229783858","192.168.1.55","192.168.1.2","TCP","1514","8004  >  35868 [ACK] Seq=186982 Ack=141 Win=65024 Len=1448 TSval=2916035310 TSecr=3045555083 [TCP segment of a reassembled PDU]"
"21334","31.229784765","192.168.1.55","192.168.1.2","TCP","1514","8004  >  35868 [ACK] Seq=188430 Ack=141 Win=65024 Len=1448 TSval=2916035310 TSecr=3045555083 [TCP segment of a reassembled PDU]"
"21335","31.229785728","192.168.1.55","192.168.1.2","TCP","1514","8004  >  35868 [ACK] Seq=189878 Ack=141 Win=65024 Len=1448 TSval=2916035310 TSecr=3045555083 [TCP segment of a reassembled PDU]"
"21336","31.229786654","192.168.1.55","192.168.1.2","TCP","1514","8004  >  35868 [PSH, ACK] Seq=191326 Ack=141 Win=65024 Len=1448 TSval=2916035310 TSecr=3045555083 [TCP segment of a reassembled PDU]"
"21337","31.230247673","192.168.1.2","192.168.1.55","TCP","66","35868  >  8004 [ACK] Seq=141 Ack=104446 Win=97280 Len=0 TSval=3045555083 TSecr=2916035302"
"21338","31.230255081","192.168.1.2","192.168.1.55","TCP","66","35868  >  8004 [ACK] Seq=141 Ack=120374 Win=103424 Len=0 TSval=3045555083 TSecr=2916035302"
"21339","31.230268044","192.168.1.55","192.168.1.2","TCP","1514","8004  >  35868 [ACK] Seq=192774 Ack=141 Win=65024 Len=1448 TSval=2916035310 TSecr=3045555083 [TCP segment of a reassembled PDU]"
"21340","31.230269729","192.168.1.55","192.168.1.2","TCP","1514","8004  >  35868 [ACK] Seq=194222 Ack=141 Win=65024 Len=1448 TSval=2916035310 TSecr=3045555083 [TCP segment of a reassembled PDU]"
"21341","31.230270655","192.168.1.55","192.168.1.2","TCP","1514","8004  >  35868 [ACK] Seq=195670 Ack=141 Win=65024 Len=1448 TSval=2916035310 TSecr=3045555083 [TCP segment of a reassembled PDU]"
"21342","31.230271618","192.168.1.55","192.168.1.2","TCP","1514","8004  >  35868 [ACK] Seq=197118 Ack=141 Win=65024 Len=1448 TSval=2916035310 TSecr=3045555083 [TCP segment of a reassembled PDU]"
"21343","31.230272544","192.168.1.55","192.168.1.2","TCP","1514","8004  >  35868 [ACK] Seq=198566 Ack=141 Win=65024 Len=1448 TSval=2916035310 TSecr=3045555083 [TCP segment of a reassembled PDU]"
"21344","31.230273432","192.168.1.55","192.168.1.2","TCP","1514","8004  >  35868 [ACK] Seq=200014 Ack=141 Win=65024 Len=1448 TSval=2916035310 TSecr=3045555083 [TCP segment of a reassembled PDU]"
"21345","31.230274321","192.168.1.55","192.168.1.2","TCP","1514","8004  >  35868 [ACK] Seq=201462 Ack=141 Win=65024 Len=1448 TSval=2916035310 TSecr=3045555083 [TCP segment of a reassembled PDU]"
"21346","31.230275358","192.168.1.55","192.168.1.2","TCP","1514","8004  >  35868 [ACK] Seq=202910 Ack=141 Win=65024 Len=1448 TSval=2916035310 TSecr=3045555083 [TCP segment of a reassembled PDU]"
"21347","31.230276321","192.168.1.55","192.168.1.2","TCP","1514","8004  >  35868 [ACK] Seq=204358 Ack=141 Win=65024 Len=1448 TSval=2916035310 TSecr=3045555083 [TCP segment of a reassembled PDU]"
"21348","31.230277229","192.168.1.55","192.168.1.2","TCP","1514","8004  >  35868 [ACK] Seq=205806 Ack=141 Win=65024 Len=1448 TSval=2916035310 TSecr=3045555083 [TCP segment of a reassembled PDU]"
"21349","31.230278155","192.168.1.55","192.168.1.2","TCP","1514","8004  >  35868 [ACK] Seq=207254 Ack=141 Win=65024 Len=1448 TSval=2916035310 TSecr=3045555083 [TCP segment of a reassembled PDU]"
"21350","31.230279247","192.168.1.55","192.168.1.2","TCP","1514","8004  >  35868 [PSH, ACK] Seq=208702 Ack=141 Win=65024 Len=1448 TSval=2916035310 TSecr=3045555083 [TCP segment of a reassembled PDU]"
"21351","31.230283192","192.168.1.2","192.168.1.55","TCP","66","35868  >  8004 [ACK] Seq=141 Ack=124718 Win=99328 Len=0 TSval=3045555083 TSecr=2916035303"
"21352","31.233415104","192.168.1.2","192.168.1.55","TCP","66","35868  >  8004 [ACK] Seq=141 Ack=141518 Win=102400 Len=0 TSval=3045555084 TSecr=2916035303"
"21353","31.233450919","192.168.1.55","192.168.1.2","TCP","1514","8004  >  35868 [ACK] Seq=210150 Ack=141 Win=65024 Len=1448 TSval=2916035314 TSecr=3045555084 [TCP segment of a reassembled PDU]"
"21354","31.233453604","192.168.1.55","192.168.1.2","TCP","1514","8004  >  35868 [ACK] Seq=211598 Ack=141 Win=65024 Len=1448 TSval=2916035314 TSecr=3045555084 [TCP segment of a reassembled PDU]"
"21355","31.233454697","192.168.1.55","192.168.1.2","TCP","1514","8004  >  35868 [ACK] Seq=213046 Ack=141 Win=65024 Len=1448 TSval=2916035314 TSecr=3045555084 [TCP segment of a reassembled PDU]"
"21356","31.233455863","192.168.1.55","192.168.1.2","TCP","1514","8004  >  35868 [ACK] Seq=214494 Ack=141 Win=65024 Len=1448 TSval=2916035314 TSecr=3045555084 [TCP segment of a reassembled PDU]"
"21357","31.233456826","192.168.1.55","192.168.1.2","TCP","1514","8004  >  35868 [ACK] Seq=215942 Ack=141 Win=65024 Len=1448 TSval=2916035314 TSecr=3045555084 [TCP segment of a reassembled PDU]"
"21358","31.233457771","192.168.1.55","192.168.1.2","TCP","1514","8004  >  35868 [ACK] Seq=217390 Ack=141 Win=65024 Len=1448 TSval=2916035314 TSecr=3045555084 [TCP segment of a reassembled PDU]"
"21359","31.233458771","192.168.1.55","192.168.1.2","TCP","1514","8004  >  35868 [ACK] Seq=218838 Ack=141 Win=65024 Len=1448 TSval=2916035314 TSecr=3045555084 [TCP segment of a reassembled PDU]"
"21360","31.233459937","192.168.1.55","192.168.1.2","TCP","1514","8004  >  35868 [ACK] Seq=220286 Ack=141 Win=65024 Len=1448 TSval=2916035314 TSecr=3045555084 [TCP segment of a reassembled PDU]"
"21361","31.233460863","192.168.1.55","192.168.1.2","TCP","1514","8004  >  35868 [ACK] Seq=221734 Ack=141 Win=65024 Len=1448 TSval=2916035314 TSecr=3045555084 [TCP segment of a reassembled PDU]"
"21362","31.233462067","192.168.1.55","192.168.1.2","TCP","1514","8004  >  35868 [ACK] Seq=223182 Ack=141 Win=65024 Len=1448 TSval=2916035314 TSecr=3045555084 [TCP segment of a reassembled PDU]"
"21363","31.233463215","192.168.1.55","192.168.1.2","TCP","1514","8004  >  35868 [ACK] Seq=224630 Ack=141 Win=65024 Len=1448 TSval=2916035314 TSecr=3045555084 [TCP segment of a reassembled PDU]"
"21364","31.233464363","192.168.1.55","192.168.1.2","TCP","1514","8004  >  35868 [ACK] Seq=226078 Ack=141 Win=65024 Len=1448 TSval=2916035314 TSecr=3045555084 [TCP segment of a reassembled PDU]"
"21365","31.233465289","192.168.1.55","192.168.1.2","TCP","1514","8004  >  35868 [ACK] Seq=227526 Ack=141 Win=65024 Len=1448 TSval=2916035314 TSecr=3045555084 [TCP segment of a reassembled PDU]"
"21366","31.233466363","192.168.1.55","192.168.1.2","TCP","1514","8004  >  35868 [ACK] Seq=228974 Ack=141 Win=65024 Len=1448 TSval=2916035314 TSecr=3045555084 [TCP segment of a reassembled PDU]"
"21367","31.233467382","192.168.1.55","192.168.1.2","TCP","1514","8004  >  35868 [ACK] Seq=230422 Ack=141 Win=65024 Len=1448 TSval=2916035314 TSecr=3045555084 [TCP segment of a reassembled PDU]"
"21368","31.233468993","192.168.1.55","192.168.1.2","TCP","1514","8004  >  35868 [ACK] Seq=231870 Ack=141 Win=65024 Len=1448 TSval=2916035314 TSecr=3045555084 [TCP segment of a reassembled PDU]"
"21369","31.233470086","192.168.1.55","192.168.1.2","TCP","1514","8004  >  35868 [ACK] Seq=233318 Ack=141 Win=65024 Len=1448 TSval=2916035314 TSecr=3045555084 [TCP segment of a reassembled PDU]"
"21370","31.233471030","192.168.1.55","192.168.1.2","TCP","1514","8004  >  35868 [ACK] Seq=234766 Ack=141 Win=65024 Len=1448 TSval=2916035314 TSecr=3045555084 [TCP segment of a reassembled PDU]"
"21371","31.233471975","192.168.1.55","192.168.1.2","TCP","1514","8004  >  35868 [ACK] Seq=236214 Ack=141 Win=65024 Len=1448 TSval=2916035314 TSecr=3045555084 [TCP segment of a reassembled PDU]"
"21372","31.233472975","192.168.1.55","192.168.1.2","TCP","1514","8004  >  35868 [ACK] Seq=237662 Ack=141 Win=65024 Len=1448 TSval=2916035314 TSecr=3045555084 [TCP segment of a reassembled PDU]"
"21373","31.233474271","192.168.1.55","192.168.1.2","TCP","1514","8004  >  35868 [ACK] Seq=239110 Ack=141 Win=65024 Len=1448 TSval=2916035314 TSecr=3045555084 [TCP segment of a reassembled PDU]"
"21374","31.233475382","192.168.1.55","192.168.1.2","TCP","1514","8004  >  35868 [ACK] Seq=240558 Ack=141 Win=65024 Len=1448 TSval=2916035314 TSecr=3045555084 [TCP segment of a reassembled PDU]"
"21375","31.233476419","192.168.1.55","192.168.1.2","TCP","1514","8004  >  35868 [PSH, ACK] Seq=242006 Ack=141 Win=65024 Len=1448 TSval=2916035314 TSecr=3045555084 [TCP segment of a reassembled PDU]"
"21376","31.233500530","192.168.1.2","192.168.1.55","TCP","66","35868  >  8004 [ACK] Seq=141 Ack=178294 Win=66560 Len=0 TSval=3045555084 TSecr=2916035303"
"21377","31.234433828","192.168.1.2","192.168.1.55","TCP","66","35868  >  8004 [ACK] Seq=141 Ack=192774 Win=103424 Len=0 TSval=3045555088 TSecr=2916035310"
"21378","31.234448013","192.168.1.55","192.168.1.2","TCP","1514","8004  >  35868 [ACK] Seq=243454 Ack=141 Win=65024 Len=1448 TSval=2916035315 TSecr=3045555088 [TCP segment of a reassembled PDU]"
"21379","31.234450421","192.168.1.55","192.168.1.2","TCP","1514","8004  >  35868 [ACK] Seq=244902 Ack=141 Win=65024 Len=1448 TSval=2916035315 TSecr=3045555088 [TCP segment of a reassembled PDU]"
"21380","31.234451346","192.168.1.55","192.168.1.2","TCP","1514","8004  >  35868 [ACK] Seq=246350 Ack=141 Win=65024 Len=1448 TSval=2916035315 TSecr=3045555088 [TCP segment of a reassembled PDU]"
"21381","31.234452254","192.168.1.55","192.168.1.2","TCP","1514","8004  >  35868 [ACK] Seq=247798 Ack=141 Win=65024 Len=1448 TSval=2916035315 TSecr=3045555088 [TCP segment of a reassembled PDU]"
"21382","31.234453161","192.168.1.55","192.168.1.2","TCP","1514","8004  >  35868 [ACK] Seq=249246 Ack=141 Win=65024 Len=1448 TSval=2916035315 TSecr=3045555088 [TCP segment of a reassembled PDU]"
"21383","31.234454050","192.168.1.55","192.168.1.2","TCP","1514","8004  >  35868 [ACK] Seq=250694 Ack=141 Win=65024 Len=1448 TSval=2916035315 TSecr=3045555088 [TCP segment of a reassembled PDU]"
"21384","31.234455013","192.168.1.55","192.168.1.2","TCP","1514","8004  >  35868 [ACK] Seq=252142 Ack=141 Win=65024 Len=1448 TSval=2916035315 TSecr=3045555088 [TCP segment of a reassembled PDU]"
"21385","31.234456087","192.168.1.55","192.168.1.2","TCP","1514","8004  >  35868 [ACK] Seq=253590 Ack=141 Win=65024 Len=1448 TSval=2916035315 TSecr=3045555088 [TCP segment of a reassembled PDU]"
"21386","31.234456958","192.168.1.55","192.168.1.2","TCP","1514","8004  >  35868 [PSH, ACK] Seq=255038 Ack=141 Win=65024 Len=1448 TSval=2916035315 TSecr=3045555088 [TCP segment of a reassembled PDU]"
"21387","31.234482143","192.168.1.55","192.168.1.2","TCP","1514","8004  >  35868 [ACK] Seq=256486 Ack=141 Win=65024 Len=1448 TSval=2916035315 TSecr=3045555088 [TCP segment of a reassembled PDU]"
"21388","31.234483902","192.168.1.55","192.168.1.2","TCP","1514","8004  >  35868 [ACK] Seq=257934 Ack=141 Win=65024 Len=1448 TSval=2916035315 TSecr=3045555088 [TCP segment of a reassembled PDU]"
"21389","31.234485106","192.168.1.55","192.168.1.2","TCP","1514","8004  >  35868 [ACK] Seq=259382 Ack=141 Win=65024 Len=1448 TSval=2916035315 TSecr=3045555088 [TCP segment of a reassembled PDU]"
"21390","31.234486124","192.168.1.55","192.168.1.2","TCP","1514","8004  >  35868 [ACK] Seq=260830 Ack=141 Win=65024 Len=1448 TSval=2916035315 TSecr=3045555088 [TCP segment of a reassembled PDU]"
"21391","31.234487032","192.168.1.55","192.168.1.2","TCP","1514","8004  >  35868 [ACK] Seq=262278 Ack=141 Win=65024 Len=1448 TSval=2916035315 TSecr=3045555088 [TCP segment of a reassembled PDU]"
"21392","31.234488143","192.168.1.55","192.168.1.2","TCP","1514","8004  >  35868 [ACK] Seq=263726 Ack=141 Win=65024 Len=1448 TSval=2916035315 TSecr=3045555088 [TCP segment of a reassembled PDU]"
"21393","31.234489217","192.168.1.55","192.168.1.2","TCP","1514","8004  >  35868 [ACK] Seq=265174 Ack=141 Win=65024 Len=1448 TSval=2916035315 TSecr=3045555088 [TCP segment of a reassembled PDU]"
"21394","31.234490217","192.168.1.55","192.168.1.2","TCP","1514","8004  >  35868 [ACK] Seq=266622 Ack=141 Win=65024 Len=1448 TSval=2916035315 TSecr=3045555088 [TCP segment of a reassembled PDU]"
"21395","31.234491124","192.168.1.55","192.168.1.2","TCP","1514","8004  >  35868 [ACK] Seq=268070 Ack=141 Win=65024 Len=1448 TSval=2916035315 TSecr=3045555088 [TCP segment of a reassembled PDU]"
"21396","31.234492291","192.168.1.55","192.168.1.2","TCP","1514","8004  >  35868 [ACK] Seq=269518 Ack=141 Win=65024 Len=1448 TSval=2916035315 TSecr=3045555088 [TCP segment of a reassembled PDU]"
"21397","31.234493347","192.168.1.55","192.168.1.2","TCP","1514","8004  >  35868 [ACK] Seq=270966 Ack=141 Win=65024 Len=1448 TSval=2916035315 TSecr=3045555088 [TCP segment of a reassembled PDU]"
"21398","31.234494421","192.168.1.55","192.168.1.2","TCP","1514","8004  >  35868 [ACK] Seq=272414 Ack=141 Win=65024 Len=1448 TSval=2916035315 TSecr=3045555088 [TCP segment of a reassembled PDU]"
"21399","31.234495439","192.168.1.55","192.168.1.2","TCP","1514","8004  >  35868 [ACK] Seq=273862 Ack=141 Win=65024 Len=1448 TSval=2916035315 TSecr=3045555088 [TCP segment of a reassembled PDU]"
"21400","31.234496347","192.168.1.55","192.168.1.2","TCP","1514","8004  >  35868 [ACK] Seq=275310 Ack=141 Win=65024 Len=1448 TSval=2916035315 TSecr=3045555088 [TCP segment of a reassembled PDU]"
"21401","31.234497347","192.168.1.55","192.168.1.2","TCP","1514","8004  >  35868 [ACK] Seq=276758 Ack=141 Win=65024 Len=1448 TSval=2916035315 TSecr=3045555088 [TCP segment of a reassembled PDU]"
"21402","31.234498347","192.168.1.55","192.168.1.2","TCP","1514","8004  >  35868 [ACK] Seq=278206 Ack=141 Win=65024 Len=1448 TSval=2916035315 TSecr=3045555088 [TCP segment of a reassembled PDU]"
"21403","31.234499235","192.168.1.55","192.168.1.2","TCP","1514","8004  >  35868 [ACK] Seq=279654 Ack=141 Win=65024 Len=1448 TSval=2916035315 TSecr=3045555088 [TCP segment of a reassembled PDU]"
"21404","31.234500402","192.168.1.55","192.168.1.2","TCP","1514","8004  >  35868 [ACK] Seq=281102 Ack=141 Win=65024 Len=1448 TSval=2916035315 TSecr=3045555088 [TCP segment of a reassembled PDU]"
"21405","31.234501291","192.168.1.55","192.168.1.2","TCP","1514","8004  >  35868 [ACK] Seq=282550 Ack=141 Win=65024 Len=1448 TSval=2916035315 TSecr=3045555088 [TCP segment of a reassembled PDU]"
"21406","31.234502161","192.168.1.55","192.168.1.2","TCP","1514","8004  >  35868 [ACK] Seq=283998 Ack=141 Win=65024 Len=1448 TSval=2916035315 TSecr=3045555088 [TCP segment of a reassembled PDU]"
"21407","31.234503235","192.168.1.55","192.168.1.2","TCP","1514","8004  >  35868 [ACK] Seq=285446 Ack=141 Win=65024 Len=1448 TSval=2916035315 TSecr=3045555088 [TCP segment of a reassembled PDU]"
"21408","31.234504347","192.168.1.55","192.168.1.2","TCP","1514","8004  >  35868 [ACK] Seq=286894 Ack=141 Win=65024 Len=1448 TSval=2916035315 TSecr=3045555088 [TCP segment of a reassembled PDU]"
"21409","31.234505384","192.168.1.55","192.168.1.2","TCP","1514","8004  >  35868 [ACK] Seq=288342 Ack=141 Win=65024 Len=1448 TSval=2916035315 TSecr=3045555088 [TCP segment of a reassembled PDU]"
"21410","31.234506550","192.168.1.55","192.168.1.2","TCP","1514","8004  >  35868 [ACK] Seq=289790 Ack=141 Win=65024 Len=1448 TSval=2916035315 TSecr=3045555088 [TCP segment of a reassembled PDU]"
"21411","31.234507569","192.168.1.55","192.168.1.2","TCP","1514","8004  >  35868 [ACK] Seq=291238 Ack=141 Win=65024 Len=1448 TSval=2916035315 TSecr=3045555088 [TCP segment of a reassembled PDU]"
"21412","31.234508791","192.168.1.55","192.168.1.2","TCP","1514","8004  >  35868 [ACK] Seq=292686 Ack=141 Win=65024 Len=1448 TSval=2916035315 TSecr=3045555088 [TCP segment of a reassembled PDU]"
"21413","31.234509772","192.168.1.55","192.168.1.2","TCP","1514","8004  >  35868 [ACK] Seq=294134 Ack=141 Win=65024 Len=1448 TSval=2916035315 TSecr=3045555088 [TCP segment of a reassembled PDU]"
"21414","31.234510847","192.168.1.55","192.168.1.2","TCP","682","[TCP Window Full] 8004  >  35868 [PSH, ACK] Seq=295582 Ack=141 Win=65024 Len=616 TSval=2916035315 TSecr=3045555088 [TCP segment of a reassembled PDU]"
"21415","31.239902651","192.168.1.2","192.168.1.55","TCP","66","35868  >  8004 [ACK] Seq=141 Ack=204358 Win=92160 Len=0 TSval=3045555090 TSecr=2916035310"
"21416","31.240003929","192.168.1.2","192.168.1.55","TCP","66","35868  >  8004 [ACK] Seq=141 Ack=210150 Win=109568 Len=0 TSval=3045555090 TSecr=2916035310"
"21417","31.240022485","192.168.1.55","192.168.1.2","TCP","1514","8004  >  35868 [ACK] Seq=296198 Ack=141 Win=65024 Len=1448 TSval=2916035320 TSecr=3045555090 [TCP segment of a reassembled PDU]"
"21418","31.240026096","192.168.1.55","192.168.1.2","TCP","1514","8004  >  35868 [ACK] Seq=297646 Ack=141 Win=65024 Len=1448 TSval=2916035320 TSecr=3045555090 [TCP segment of a reassembled PDU]"
"21419","31.240027040","192.168.1.55","192.168.1.2","TCP","1514","8004  >  35868 [ACK] Seq=299094 Ack=141 Win=65024 Len=1448 TSval=2916035320 TSecr=3045555090 [TCP segment of a reassembled PDU]"
"21420","31.240028114","192.168.1.55","192.168.1.2","TCP","1514","8004  >  35868 [PSH, ACK] Seq=300542 Ack=141 Win=65024 Len=1448 TSval=2916035320 TSecr=3045555090 [TCP segment of a reassembled PDU]"
"21421","31.240034040","192.168.1.55","192.168.1.2","TCP","898","8004  >  35868 [ACK] Seq=301990 Ack=141 Win=65024 Len=832 TSval=2916035320 TSecr=3045555090 [TCP segment of a reassembled PDU]"
"21422","31.241414135","192.168.1.2","192.168.1.55","TCP","66","35868  >  8004 [ACK] Seq=141 Ack=217390 Win=109568 Len=0 TSval=3045555094 TSecr=2916035314"
"21423","31.241436820","192.168.1.55","192.168.1.2","TCP","1514","8004  >  35868 [ACK] Seq=302822 Ack=141 Win=65024 Len=1448 TSval=2916035322 TSecr=3045555094 [TCP segment of a reassembled PDU]"
"21424","31.241439857","192.168.1.55","192.168.1.2","TCP","1514","8004  >  35868 [ACK] Seq=304270 Ack=141 Win=65024 Len=1448 TSval=2916035322 TSecr=3045555094 [TCP segment of a reassembled PDU]"
"21425","31.241440932","192.168.1.55","192.168.1.2","TCP","1514","8004  >  35868 [ACK] Seq=305718 Ack=141 Win=65024 Len=1448 TSval=2916035322 TSecr=3045555094 [TCP segment of a reassembled PDU]"
"21426","31.241441913","192.168.1.55","192.168.1.2","TCP","1514","8004  >  35868 [ACK] Seq=307166 Ack=141 Win=65024 Len=1448 TSval=2916035322 TSecr=3045555094 [TCP segment of a reassembled PDU]"
"21427","31.241442802","192.168.1.55","192.168.1.2","TCP","1514","8004  >  35868 [ACK] Seq=308614 Ack=141 Win=65024 Len=1448 TSval=2916035322 TSecr=3045555094 [TCP segment of a reassembled PDU]"
"21428","31.241443691","192.168.1.55","192.168.1.2","TCP","1514","8004  >  35868 [ACK] Seq=310062 Ack=141 Win=65024 Len=1448 TSval=2916035322 TSecr=3045555094 [TCP segment of a reassembled PDU]"
"21429","31.241444672","192.168.1.55","192.168.1.2","TCP","1514","8004  >  35868 [ACK] Seq=311510 Ack=141 Win=65024 Len=1448 TSval=2916035322 TSecr=3045555094 [TCP segment of a reassembled PDU]"
"21430","31.241445580","192.168.1.55","192.168.1.2","TCP","1514","8004  >  35868 [ACK] Seq=312958 Ack=141 Win=65024 Len=1448 TSval=2916035322 TSecr=3045555094 [TCP segment of a reassembled PDU]"
"21431","31.241446543","192.168.1.55","192.168.1.2","TCP","1514","8004  >  35868 [ACK] Seq=314406 Ack=141 Win=65024 Len=1448 TSval=2916035322 TSecr=3045555094 [TCP segment of a reassembled PDU]"
"21432","31.241447413","192.168.1.55","192.168.1.2","TCP","1514","8004  >  35868 [ACK] Seq=315854 Ack=141 Win=65024 Len=1448 TSval=2916035322 TSecr=3045555094 [TCP segment of a reassembled PDU]"
"21433","31.241448302","192.168.1.55","192.168.1.2","TCP","1514","8004  >  35868 [ACK] Seq=317302 Ack=141 Win=65024 Len=1448 TSval=2916035322 TSecr=3045555094 [TCP segment of a reassembled PDU]"
"21434","31.241449283","192.168.1.55","192.168.1.2","TCP","1514","8004  >  35868 [ACK] Seq=318750 Ack=141 Win=65024 Len=1448 TSval=2916035322 TSecr=3045555094 [TCP segment of a reassembled PDU]"
"21435","31.241450172","192.168.1.55","192.168.1.2","TCP","1514","8004  >  35868 [ACK] Seq=320198 Ack=141 Win=65024 Len=1448 TSval=2916035322 TSecr=3045555094 [TCP segment of a reassembled PDU]"
"21436","31.241451154","192.168.1.55","192.168.1.2","TCP","1514","8004  >  35868 [ACK] Seq=321646 Ack=141 Win=65024 Len=1448 TSval=2916035322 TSecr=3045555094 [TCP segment of a reassembled PDU]"
"21437","31.241452154","192.168.1.55","192.168.1.2","TCP","1514","8004  >  35868 [ACK] Seq=323094 Ack=141 Win=65024 Len=1448 TSval=2916035322 TSecr=3045555094 [TCP segment of a reassembled PDU]"
"21438","31.241453061","192.168.1.55","192.168.1.2","TCP","1514","8004  >  35868 [PSH, ACK] Seq=324542 Ack=141 Win=65024 Len=1448 TSval=2916035322 TSecr=3045555094 [TCP segment of a reassembled PDU]"
"21439","31.242175544","192.168.1.2","192.168.1.55","TCP","66","35868  >  8004 [ACK] Seq=141 Ack=243454 Win=94208 Len=0 TSval=3045555094 TSecr=2916035314"
"21440","31.242197433","192.168.1.2","192.168.1.55","TCP","66","35868  >  8004 [ACK] Seq=141 Ack=263726 Win=74752 Len=0 TSval=3045555095 TSecr=2916035315"
"21441","31.242202951","192.168.1.2","192.168.1.55","TCP","66","35868  >  8004 [ACK] Seq=141 Ack=294134 Win=88064 Len=0 TSval=3045555095 TSecr=2916035315"
"21442","31.242229229","192.168.1.55","192.168.1.2","TCP","1514","8004  >  35868 [ACK] Seq=325990 Ack=141 Win=65024 Len=1448 TSval=2916035322 TSecr=3045555095 [TCP segment of a reassembled PDU]"
"21443","31.242231451","192.168.1.55","192.168.1.2","TCP","1514","8004  >  35868 [ACK] Seq=327438 Ack=141 Win=65024 Len=1448 TSval=2916035322 TSecr=3045555095 [TCP segment of a reassembled PDU]"
"21444","31.242237766","192.168.1.55","192.168.1.2","TCP","1514","8004  >  35868 [ACK] Seq=328886 Ack=141 Win=65024 Len=1448 TSval=2916035322 TSecr=3045555095 [TCP segment of a reassembled PDU]"
"21445","31.242239581","192.168.1.55","192.168.1.2","TCP","1514","8004  >  35868 [ACK] Seq=330334 Ack=141 Win=65024 Len=1448 TSval=2916035322 TSecr=3045555095 [TCP segment of a reassembled PDU]"
"21446","31.242240655","192.168.1.55","192.168.1.2","TCP","1514","8004  >  35868 [ACK] Seq=331782 Ack=141 Win=65024 Len=1448 TSval=2916035322 TSecr=3045555095 [TCP segment of a reassembled PDU]"
"21447","31.242241599","192.168.1.55","192.168.1.2","TCP","1514","8004  >  35868 [ACK] Seq=333230 Ack=141 Win=65024 Len=1448 TSval=2916035322 TSecr=3045555095 [TCP segment of a reassembled PDU]"
"21448","31.242243044","192.168.1.55","192.168.1.2","TCP","1514","8004  >  35868 [ACK] Seq=334678 Ack=141 Win=65024 Len=1448 TSval=2916035322 TSecr=3045555095 [TCP segment of a reassembled PDU]"
"21449","31.242243988","192.168.1.55","192.168.1.2","TCP","1514","8004  >  35868 [ACK] Seq=336126 Ack=141 Win=65024 Len=1448 TSval=2916035322 TSecr=3045555095 [TCP segment of a reassembled PDU]"
"21450","31.242244859","192.168.1.55","192.168.1.2","TCP","1514","8004  >  35868 [ACK] Seq=337574 Ack=141 Win=65024 Len=1448 TSval=2916035322 TSecr=3045555095 [TCP segment of a reassembled PDU]"
"21451","31.242246044","192.168.1.55","192.168.1.2","TCP","1514","8004  >  35868 [ACK] Seq=339022 Ack=141 Win=65024 Len=1448 TSval=2916035322 TSecr=3045555095 [TCP segment of a reassembled PDU]"
"21452","31.242247025","192.168.1.55","192.168.1.2","TCP","1514","8004  >  35868 [ACK] Seq=340470 Ack=141 Win=65024 Len=1448 TSval=2916035322 TSecr=3045555095 [TCP segment of a reassembled PDU]"
"21453","31.242247970","192.168.1.55","192.168.1.2","TCP","1514","8004  >  35868 [ACK] Seq=341918 Ack=141 Win=65024 Len=1448 TSval=2916035322 TSecr=3045555095 [TCP segment of a reassembled PDU]"
"21454","31.242248970","192.168.1.55","192.168.1.2","TCP","1514","8004  >  35868 [ACK] Seq=343366 Ack=141 Win=65024 Len=1448 TSval=2916035322 TSecr=3045555095 [TCP segment of a reassembled PDU]"
"21455","31.242250192","192.168.1.55","192.168.1.2","TCP","1514","8004  >  35868 [ACK] Seq=344814 Ack=141 Win=65024 Len=1448 TSval=2916035322 TSecr=3045555095 [TCP segment of a reassembled PDU]"
"21456","31.242251155","192.168.1.55","192.168.1.2","TCP","1514","8004  >  35868 [ACK] Seq=346262 Ack=141 Win=65024 Len=1448 TSval=2916035322 TSecr=3045555095 [TCP segment of a reassembled PDU]"
"21457","31.242252155","192.168.1.55","192.168.1.2","TCP","1514","8004  >  35868 [PSH, ACK] Seq=347710 Ack=141 Win=65024 Len=1448 TSval=2916035322 TSecr=3045555095 [TCP segment of a reassembled PDU]"
"21458","31.242280562","192.168.1.55","192.168.1.2","TCP","1514","8004  >  35868 [ACK] Seq=349158 Ack=141 Win=65024 Len=1448 TSval=2916035322 TSecr=3045555095 [TCP segment of a reassembled PDU]"
"21459","31.242282600","192.168.1.55","192.168.1.2","TCP","1514","8004  >  35868 [ACK] Seq=350606 Ack=141 Win=65024 Len=1448 TSval=2916035322 TSecr=3045555095 [TCP segment of a reassembled PDU]"
"21460","31.242283840","192.168.1.55","192.168.1.2","TCP","1514","8004  >  35868 [ACK] Seq=352054 Ack=141 Win=65024 Len=1448 TSval=2916035322 TSecr=3045555095 [TCP segment of a reassembled PDU]"
"21461","31.242284914","192.168.1.55","192.168.1.2","TCP","1514","8004  >  35868 [ACK] Seq=353502 Ack=141 Win=65024 Len=1448 TSval=2916035322 TSecr=3045555095 [TCP segment of a reassembled PDU]"
"21462","31.242286007","192.168.1.55","192.168.1.2","TCP","1514","8004  >  35868 [ACK] Seq=354950 Ack=141 Win=65024 Len=1448 TSval=2916035322 TSecr=3045555095 [TCP segment of a reassembled PDU]"
"21463","31.242287229","192.168.1.55","192.168.1.2","TCP","1514","8004  >  35868 [ACK] Seq=356398 Ack=141 Win=65024 Len=1448 TSval=2916035322 TSecr=3045555095 [TCP segment of a reassembled PDU]"
"21464","31.242288859","192.168.1.55","192.168.1.2","TCP","1514","8004  >  35868 [ACK] Seq=357846 Ack=141 Win=65024 Len=1448 TSval=2916035322 TSecr=3045555095 [TCP segment of a reassembled PDU]"
"21465","31.242290192","192.168.1.55","192.168.1.2","TCP","1514","8004  >  35868 [ACK] Seq=359294 Ack=141 Win=65024 Len=1448 TSval=2916035322 TSecr=3045555095 [TCP segment of a reassembled PDU]"
"21466","31.242298137","192.168.1.55","192.168.1.2","TCP","1514","8004  >  35868 [ACK] Seq=360742 Ack=141 Win=65024 Len=1448 TSval=2916035322 TSecr=3045555095 [TCP segment of a reassembled PDU]"
"21467","31.242299581","192.168.1.55","192.168.1.2","TCP","1514","8004  >  35868 [ACK] Seq=362190 Ack=141 Win=65024 Len=1448 TSval=2916035322 TSecr=3045555095 [TCP segment of a reassembled PDU]"
"21468","31.242300618","192.168.1.55","192.168.1.2","TCP","1514","8004  >  35868 [ACK] Seq=363638 Ack=141 Win=65024 Len=1448 TSval=2916035322 TSecr=3045555095 [TCP segment of a reassembled PDU]"
"21469","31.242301951","192.168.1.55","192.168.1.2","TCP","1514","8004  >  35868 [ACK] Seq=365086 Ack=141 Win=65024 Len=1448 TSval=2916035322 TSecr=3045555095 [TCP segment of a reassembled PDU]"
"21470","31.242303155","192.168.1.55","192.168.1.2","TCP","1514","8004  >  35868 [ACK] Seq=366534 Ack=141 Win=65024 Len=1448 TSval=2916035322 TSecr=3045555095 [TCP segment of a reassembled PDU]"
"21471","31.242304137","192.168.1.55","192.168.1.2","TCP","1514","8004  >  35868 [ACK] Seq=367982 Ack=141 Win=65024 Len=1448 TSval=2916035322 TSecr=3045555095 [TCP segment of a reassembled PDU]"
"21472","31.242305118","192.168.1.55","192.168.1.2","TCP","1514","8004  >  35868 [ACK] Seq=369430 Ack=141 Win=65024 Len=1448 TSval=2916035322 TSecr=3045555095 [TCP segment of a reassembled PDU]"
"21473","31.242306192","192.168.1.55","192.168.1.2","TCP","1514","8004  >  35868 [ACK] Seq=370878 Ack=141 Win=65024 Len=1448 TSval=2916035322 TSecr=3045555095 [TCP segment of a reassembled PDU]"
"21474","31.242307563","192.168.1.55","192.168.1.2","TCP","1514","8004  >  35868 [ACK] Seq=372326 Ack=141 Win=65024 Len=1448 TSval=2916035322 TSecr=3045555095 [TCP segment of a reassembled PDU]"
"21475","31.242308822","192.168.1.55","192.168.1.2","TCP","1514","8004  >  35868 [ACK] Seq=373774 Ack=141 Win=65024 Len=1448 TSval=2916035322 TSecr=3045555095 [TCP segment of a reassembled PDU]"
"21476","31.242309896","192.168.1.55","192.168.1.2","TCP","1514","8004  >  35868 [ACK] Seq=375222 Ack=141 Win=65024 Len=1448 TSval=2916035322 TSecr=3045555095 [TCP segment of a reassembled PDU]"
"21477","31.242310951","192.168.1.55","192.168.1.2","TCP","1514","8004  >  35868 [ACK] Seq=376670 Ack=141 Win=65024 Len=1448 TSval=2916035322 TSecr=3045555095 [TCP segment of a reassembled PDU]"
"21478","31.242311859","192.168.1.55","192.168.1.2","TCP","1514","8004  >  35868 [ACK] Seq=378118 Ack=141 Win=65024 Len=1448 TSval=2916035322 TSecr=3045555095 [TCP segment of a reassembled PDU]"
"21479","31.242313470","192.168.1.55","192.168.1.2","TCP","1514","8004  >  35868 [PSH, ACK] Seq=379566 Ack=141 Win=65024 Len=1448 TSval=2916035322 TSecr=3045555095 [TCP segment of a reassembled PDU]"
"21480","31.242320507","192.168.1.2","192.168.1.55","TCP","66","35868  >  8004 [ACK] Seq=141 Ack=296198 Win=102400 Len=0 TSval=3045555095 TSecr=2916035315"
"21481","31.242349063","192.168.1.55","192.168.1.2","TCP","1514","8004  >  35868 [ACK] Seq=381014 Ack=141 Win=65024 Len=1448 TSval=2916035323 TSecr=3045555095 [TCP segment of a reassembled PDU]"
"21482","31.242350877","192.168.1.55","192.168.1.2","TCP","1514","8004  >  35868 [ACK] Seq=382462 Ack=141 Win=65024 Len=1448 TSval=2916035323 TSecr=3045555095 [TCP segment of a reassembled PDU]"
"21483","31.242351877","192.168.1.55","192.168.1.2","TCP","1514","8004  >  35868 [ACK] Seq=383910 Ack=141 Win=65024 Len=1448 TSval=2916035323 TSecr=3045555095 [TCP segment of a reassembled PDU]"
"21484","31.242352859","192.168.1.55","192.168.1.2","TCP","1514","8004  >  35868 [ACK] Seq=385358 Ack=141 Win=65024 Len=1448 TSval=2916035323 TSecr=3045555095 [TCP segment of a reassembled PDU]"
"21485","31.242354192","192.168.1.55","192.168.1.2","TCP","1514","8004  >  35868 [ACK] Seq=386806 Ack=141 Win=65024 Len=1448 TSval=2916035323 TSecr=3045555095 [TCP segment of a reassembled PDU]"
"21486","31.242355118","192.168.1.55","192.168.1.2","TCP","1514","8004  >  35868 [ACK] Seq=388254 Ack=141 Win=65024 Len=1448 TSval=2916035323 TSecr=3045555095 [TCP segment of a reassembled PDU]"
"21487","31.242356489","192.168.1.55","192.168.1.2","TCP","1514","8004  >  35868 [ACK] Seq=389702 Ack=141 Win=65024 Len=1448 TSval=2916035323 TSecr=3045555095 [TCP segment of a reassembled PDU]"
"21488","31.242357859","192.168.1.55","192.168.1.2","TCP","1514","8004  >  35868 [ACK] Seq=391150 Ack=141 Win=65024 Len=1448 TSval=2916035323 TSecr=3045555095 [TCP segment of a reassembled PDU]"
"21489","31.242358766","192.168.1.55","192.168.1.2","TCP","1514","8004  >  35868 [ACK] Seq=392598 Ack=141 Win=65024 Len=1448 TSval=2916035323 TSecr=3045555095 [TCP segment of a reassembled PDU]"
"21490","31.242359933","192.168.1.55","192.168.1.2","TCP","1514","8004  >  35868 [PSH, ACK] Seq=394046 Ack=141 Win=65024 Len=1448 TSval=2916035323 TSecr=3045555095 [TCP segment of a reassembled PDU]"
"21491","31.242368044","192.168.1.55","192.168.1.2","TCP","1514","8004  >  35868 [ACK] Seq=395494 Ack=141 Win=65024 Len=1448 TSval=2916035323 TSecr=3045555095 [TCP segment of a reassembled PDU]"
"21492","31.242369822","192.168.1.55","192.168.1.2","TCP","1514","8004  >  35868 [PSH, ACK] Seq=396942 Ack=141 Win=65024 Len=1448 TSval=2916035323 TSecr=3045555095 [TCP segment of a reassembled PDU]"
"21493","31.242404600","192.168.1.2","192.168.1.55","TCP","66","35868  >  8004 [ACK] Seq=141 Ack=301990 Win=121856 Len=0 TSval=3045555097 TSecr=2916035320"
"21494","31.242447748","192.168.1.55","192.168.1.2","TCP","1514","8004  >  35868 [ACK] Seq=398390 Ack=141 Win=65024 Len=1448 TSval=2916035323 TSecr=3045555097 [TCP segment of a reassembled PDU]"
"21495","31.242450915","192.168.1.55","192.168.1.2","TCP","1514","8004  >  35868 [ACK] Seq=399838 Ack=141 Win=65024 Len=1448 TSval=2916035323 TSecr=3045555097 [TCP segment of a reassembled PDU]"
"21496","31.242452285","192.168.1.55","192.168.1.2","TCP","1514","8004  >  35868 [ACK] Seq=401286 Ack=141 Win=65024 Len=1448 TSval=2916035323 TSecr=3045555097 [TCP segment of a reassembled PDU]"
"21497","31.242453415","192.168.1.55","192.168.1.2","TCP","1514","8004  >  35868 [ACK] Seq=402734 Ack=141 Win=65024 Len=1448 TSval=2916035323 TSecr=3045555097 [TCP segment of a reassembled PDU]"
"21498","31.242454952","192.168.1.55","192.168.1.2","TCP","1514","8004  >  35868 [ACK] Seq=404182 Ack=141 Win=65024 Len=1448 TSval=2916035323 TSecr=3045555097 [TCP segment of a reassembled PDU]"
"21499","31.242456248","192.168.1.55","192.168.1.2","TCP","1514","8004  >  35868 [ACK] Seq=405630 Ack=141 Win=65024 Len=1448 TSval=2916035323 TSecr=3045555097 [TCP segment of a reassembled PDU]"
"21500","31.242457248","192.168.1.55","192.168.1.2","TCP","1514","8004  >  35868 [ACK] Seq=407078 Ack=141 Win=65024 Len=1448 TSval=2916035323 TSecr=3045555097 [TCP segment of a reassembled PDU]"
"21501","31.242458155","192.168.1.55","192.168.1.2","TCP","1514","8004  >  35868 [ACK] Seq=408526 Ack=141 Win=65024 Len=1448 TSval=2916035323 TSecr=3045555097 [TCP segment of a reassembled PDU]"
"21502","31.242459118","192.168.1.55","192.168.1.2","TCP","1514","8004  >  35868 [ACK] Seq=409974 Ack=141 Win=65024 Len=1448 TSval=2916035323 TSecr=3045555097 [TCP segment of a reassembled PDU]"
"21503","31.242460026","192.168.1.55","192.168.1.2","TCP","1514","8004  >  35868 [ACK] Seq=411422 Ack=141 Win=65024 Len=1448 TSval=2916035323 TSecr=3045555097 [TCP segment of a reassembled PDU]"
"21504","31.242461378","192.168.1.55","192.168.1.2","TCP","1514","8004  >  35868 [ACK] Seq=412870 Ack=141 Win=65024 Len=1448 TSval=2916035323 TSecr=3045555097 [TCP segment of a reassembled PDU]"
"21505","31.242462489","192.168.1.55","192.168.1.2","TCP","1514","8004  >  35868 [ACK] Seq=414318 Ack=141 Win=65024 Len=1448 TSval=2916035323 TSecr=3045555097 [TCP segment of a reassembled PDU]"
"21506","31.242463433","192.168.1.55","192.168.1.2","TCP","1514","8004  >  35868 [ACK] Seq=415766 Ack=141 Win=65024 Len=1448 TSval=2916035323 TSecr=3045555097 [TCP segment of a reassembled PDU]"
"21507","31.242464452","192.168.1.55","192.168.1.2","TCP","1514","8004  >  35868 [ACK] Seq=417214 Ack=141 Win=65024 Len=1448 TSval=2916035323 TSecr=3045555097 [TCP segment of a reassembled PDU]"
"21508","31.242465378","192.168.1.55","192.168.1.2","TCP","1514","8004  >  35868 [ACK] Seq=418662 Ack=141 Win=65024 Len=1448 TSval=2916035323 TSecr=3045555097 [TCP segment of a reassembled PDU]"
"21509","31.242466655","192.168.1.55","192.168.1.2","TCP","1514","8004  >  35868 [ACK] Seq=420110 Ack=141 Win=65024 Len=1448 TSval=2916035323 TSecr=3045555097 [TCP segment of a reassembled PDU]"
"21510","31.242467711","192.168.1.55","192.168.1.2","TCP","1514","8004  >  35868 [PSH, ACK] Seq=421558 Ack=141 Win=65024 Len=1448 TSval=2916035323 TSecr=3045555097 [TCP segment of a reassembled PDU]"
"21511","31.242495452","192.168.1.2","192.168.1.55","TCP","66","35868  >  8004 [ACK] Seq=141 Ack=302822 Win=124928 Len=0 TSval=3045555097 TSecr=2916035320"
"21512","31.243800102","192.168.1.55","192.168.1.2","TCP","1514","8004  >  35868 [ACK] Seq=423006 Ack=141 Win=65024 Len=1448 TSval=2916035324 TSecr=3045555097 [TCP segment of a reassembled PDU]"
"21513","31.243809509","192.168.1.55","192.168.1.2","TCP","1514","8004  >  35868 [ACK] Seq=424454 Ack=141 Win=65024 Len=1448 TSval=2916035324 TSecr=3045555097 [TCP segment of a reassembled PDU]"
"21514","31.243811065","192.168.1.55","192.168.1.2","TCP","1514","8004  >  35868 [ACK] Seq=425902 Ack=141 Win=65024 Len=1448 TSval=2916035324 TSecr=3045555097 [TCP segment of a reassembled PDU]"
"21515","31.243812843","192.168.1.55","192.168.1.2","TCP","466","[TCP Window Full] 8004  >  35868 [PSH, ACK] Seq=427350 Ack=141 Win=65024 Len=400 TSval=2916035324 TSecr=3045555097 [TCP segment of a reassembled PDU]"
"21516","31.248113331","192.168.1.2","192.168.1.55","TCP","66","35868  >  8004 [ACK] Seq=141 Ack=324542 Win=112640 Len=0 TSval=3045555103 TSecr=2916035322"
"21517","31.248158405","192.168.1.55","192.168.1.2","TCP","1514","8004  >  35868 [ACK] Seq=427750 Ack=141 Win=65024 Len=1448 TSval=2916035328 TSecr=3045555103 [TCP segment of a reassembled PDU]"
"21518","31.248162350","192.168.1.55","192.168.1.2","TCP","1514","8004  >  35868 [ACK] Seq=429198 Ack=141 Win=65024 Len=1448 TSval=2916035328 TSecr=3045555103 [TCP segment of a reassembled PDU]"
"21519","31.248163387","192.168.1.55","192.168.1.2","TCP","1514","8004  >  35868 [ACK] Seq=430646 Ack=141 Win=65024 Len=1448 TSval=2916035328 TSecr=3045555103 [TCP segment of a reassembled PDU]"
"21520","31.248164350","192.168.1.55","192.168.1.2","TCP","1514","8004  >  35868 [ACK] Seq=432094 Ack=141 Win=65024 Len=1448 TSval=2916035328 TSecr=3045555103 [TCP segment of a reassembled PDU]"
"21521","31.248165275","192.168.1.55","192.168.1.2","TCP","1514","8004  >  35868 [ACK] Seq=433542 Ack=141 Win=65024 Len=1448 TSval=2916035328 TSecr=3045555103 [TCP segment of a reassembled PDU]"
"21522","31.248166220","192.168.1.55","192.168.1.2","TCP","1514","8004  >  35868 [PSH, ACK] Seq=434990 Ack=141 Win=65024 Len=1448 TSval=2916035328 TSecr=3045555103 [TCP segment of a reassembled PDU]"
"21523","31.248240850","192.168.1.2","192.168.1.55","TCP","66","35868  >  8004 [ACK] Seq=141 Ack=325990 Win=126976 Len=0 TSval=3045555103 TSecr=2916035322"
"21524","31.248251442","192.168.1.55","192.168.1.2","TCP","1514","8004  >  35868 [ACK] Seq=436438 Ack=141 Win=65024 Len=1448 TSval=2916035328 TSecr=3045555103 [TCP segment of a reassembled PDU]"
"21525","31.248252739","192.168.1.55","192.168.1.2","TCP","1514","8004  >  35868 [ACK] Seq=437886 Ack=141 Win=65024 Len=1448 TSval=2916035328 TSecr=3045555103 [TCP segment of a reassembled PDU]"
"21526","31.248254016","192.168.1.55","192.168.1.2","TCP","1514","8004  >  35868 [PSH, ACK] Seq=439334 Ack=141 Win=65024 Len=1448 TSval=2916035328 TSecr=3045555103 [TCP segment of a reassembled PDU]"
"21527","31.248258479","192.168.1.55","192.168.1.2","TCP","1114","8004  >  35868 [PSH, ACK] Seq=440782 Ack=141 Win=65024 Len=1048 TSval=2916035328 TSecr=3045555103 [TCP segment of a reassembled PDU]"
"21528","31.248261405","192.168.1.2","192.168.1.55","TCP","66","35868  >  8004 [ACK] Seq=141 Ack=349158 Win=112640 Len=0 TSval=3045555103 TSecr=2916035322"
"21529","31.248268220","192.168.1.2","192.168.1.55","TCP","66","35868  >  8004 [ACK] Seq=141 Ack=376670 Win=86016 Len=0 TSval=3045555103 TSecr=2916035322"
"21530","31.254806971","192.168.1.2","192.168.1.55","TCP","66","35868  >  8004 [ACK] Seq=141 Ack=381014 Win=129024 Len=0 TSval=3045555107 TSecr=2916035322"
"21531","31.254906916","192.168.1.55","192.168.1.2","TCP","1514","8004  >  35868 [ACK] Seq=441830 Ack=141 Win=65024 Len=1448 TSval=2916035335 TSecr=3045555107 [TCP segment of a reassembled PDU]"
"21532","31.254913175","192.168.1.55","192.168.1.2","TCP","1514","8004  >  35868 [ACK] Seq=443278 Ack=141 Win=65024 Len=1448 TSval=2916035335 TSecr=3045555107 [TCP segment of a reassembled PDU]"
"21533","31.254915193","192.168.1.55","192.168.1.2","TCP","1514","8004  >  35868 [ACK] Seq=444726 Ack=141 Win=65024 Len=1448 TSval=2916035335 TSecr=3045555107 [TCP segment of a reassembled PDU]"
"21534","31.254916860","192.168.1.55","192.168.1.2","TCP","1514","8004  >  35868 [ACK] Seq=446174 Ack=141 Win=65024 Len=1448 TSval=2916035335 TSecr=3045555107 [TCP segment of a reassembled PDU]"
"21535","31.254918212","192.168.1.55","192.168.1.2","TCP","1514","8004  >  35868 [ACK] Seq=447622 Ack=141 Win=65024 Len=1448 TSval=2916035335 TSecr=3045555107 [TCP segment of a reassembled PDU]"
"21536","31.254919860","192.168.1.55","192.168.1.2","TCP","1514","8004  >  35868 [ACK] Seq=449070 Ack=141 Win=65024 Len=1448 TSval=2916035335 TSecr=3045555107 [TCP segment of a reassembled PDU]"
"21537","31.254921860","192.168.1.55","192.168.1.2","TCP","1514","8004  >  35868 [ACK] Seq=450518 Ack=141 Win=65024 Len=1448 TSval=2916035335 TSecr=3045555107 [TCP segment of a reassembled PDU]"
"21538","31.254923305","192.168.1.55","192.168.1.2","TCP","1514","8004  >  35868 [ACK] Seq=451966 Ack=141 Win=65024 Len=1448 TSval=2916035335 TSecr=3045555107 [TCP segment of a reassembled PDU]"
"21539","31.254924656","192.168.1.55","192.168.1.2","TCP","1514","8004  >  35868 [ACK] Seq=453414 Ack=141 Win=65024 Len=1448 TSval=2916035335 TSecr=3045555107 [TCP segment of a reassembled PDU]"
"21540","31.254926453","192.168.1.55","192.168.1.2","TCP","1514","8004  >  35868 [ACK] Seq=454862 Ack=141 Win=65024 Len=1448 TSval=2916035335 TSecr=3045555107 [TCP segment of a reassembled PDU]"
"21541","31.254928305","192.168.1.55","192.168.1.2","TCP","1514","8004  >  35868 [ACK] Seq=456310 Ack=141 Win=65024 Len=1448 TSval=2916035335 TSecr=3045555107 [TCP segment of a reassembled PDU]"
"21542","31.254929619","192.168.1.55","192.168.1.2","TCP","1514","8004  >  35868 [ACK] Seq=457758 Ack=141 Win=65024 Len=1448 TSval=2916035335 TSecr=3045555107 [TCP segment of a reassembled PDU]"
"21543","31.254931045","192.168.1.55","192.168.1.2","TCP","1514","8004  >  35868 [ACK] Seq=459206 Ack=141 Win=65024 Len=1448 TSval=2916035335 TSecr=3045555107 [TCP segment of a reassembled PDU]"
"21544","31.254932360","192.168.1.55","192.168.1.2","TCP","1514","8004  >  35868 [ACK] Seq=460654 Ack=141 Win=65024 Len=1448 TSval=2916035335 TSecr=3045555107 [TCP segment of a reassembled PDU]"
"21545","31.254933934","192.168.1.55","192.168.1.2","TCP","1514","8004  >  35868 [ACK] Seq=462102 Ack=141 Win=65024 Len=1448 TSval=2916035335 TSecr=3045555107 [TCP segment of a reassembled PDU]"
"21546","31.254935916","192.168.1.55","192.168.1.2","TCP","1514","8004  >  35868 [ACK] Seq=463550 Ack=141 Win=65024 Len=1448 TSval=2916035335 TSecr=3045555107 [TCP segment of a reassembled PDU]"
"21547","31.254937175","192.168.1.55","192.168.1.2","TCP","1514","8004  >  35868 [ACK] Seq=464998 Ack=141 Win=65024 Len=1448 TSval=2916035335 TSecr=3045555107 [TCP segment of a reassembled PDU]"
"21548","31.254938286","192.168.1.55","192.168.1.2","TCP","1514","8004  >  35868 [ACK] Seq=466446 Ack=141 Win=65024 Len=1448 TSval=2916035335 TSecr=3045555107 [TCP segment of a reassembled PDU]"
"21549","31.254940323","192.168.1.55","192.168.1.2","TCP","1514","8004  >  35868 [ACK] Seq=467894 Ack=141 Win=65024 Len=1448 TSval=2916035335 TSecr=3045555107 [TCP segment of a reassembled PDU]"
"21550","31.254941860","192.168.1.55","192.168.1.2","TCP","1514","8004  >  35868 [ACK] Seq=469342 Ack=141 Win=65024 Len=1448 TSval=2916035335 TSecr=3045555107 [TCP segment of a reassembled PDU]"
"21551","31.254943268","192.168.1.55","192.168.1.2","TCP","1514","8004  >  35868 [ACK] Seq=470790 Ack=141 Win=65024 Len=1448 TSval=2916035335 TSecr=3045555107 [TCP segment of a reassembled PDU]"
"21552","31.254944749","192.168.1.55","192.168.1.2","TCP","1514","8004  >  35868 [ACK] Seq=472238 Ack=141 Win=65024 Len=1448 TSval=2916035335 TSecr=3045555107 [TCP segment of a reassembled PDU]"
"21553","31.254945934","192.168.1.55","192.168.1.2","TCP","1514","8004  >  35868 [ACK] Seq=473686 Ack=141 Win=65024 Len=1448 TSval=2916035335 TSecr=3045555107 [TCP segment of a reassembled PDU]"
"21554","31.254947527","192.168.1.55","192.168.1.2","TCP","1514","8004  >  35868 [ACK] Seq=475134 Ack=141 Win=65024 Len=1448 TSval=2916035335 TSecr=3045555107 [TCP segment of a reassembled PDU]"
"21555","31.254948823","192.168.1.55","192.168.1.2","TCP","1514","8004  >  35868 [ACK] Seq=476582 Ack=141 Win=65024 Len=1448 TSval=2916035335 TSecr=3045555107 [TCP segment of a reassembled PDU]"
"21556","31.254951916","192.168.1.55","192.168.1.2","TCP","1514","8004  >  35868 [ACK] Seq=478030 Ack=141 Win=65024 Len=1448 TSval=2916035335 TSecr=3045555107 [TCP segment of a reassembled PDU]"
"21557","31.254953564","192.168.1.55","192.168.1.2","TCP","1514","8004  >  35868 [ACK] Seq=479478 Ack=141 Win=65024 Len=1448 TSval=2916035335 TSecr=3045555107 [TCP segment of a reassembled PDU]"
"21558","31.254954712","192.168.1.55","192.168.1.2","TCP","1514","8004  >  35868 [ACK] Seq=480926 Ack=141 Win=65024 Len=1448 TSval=2916035335 TSecr=3045555107 [TCP segment of a reassembled PDU]"
"21559","31.254956175","192.168.1.55","192.168.1.2","TCP","1514","8004  >  35868 [ACK] Seq=482374 Ack=141 Win=65024 Len=1448 TSval=2916035335 TSecr=3045555107 [TCP segment of a reassembled PDU]"
"21560","31.254957916","192.168.1.55","192.168.1.2","TCP","1514","8004  >  35868 [ACK] Seq=483822 Ack=141 Win=65024 Len=1448 TSval=2916035335 TSecr=3045555107 [TCP segment of a reassembled PDU]"
"21561","31.254959471","192.168.1.55","192.168.1.2","TCP","1514","8004  >  35868 [ACK] Seq=485270 Ack=141 Win=65024 Len=1448 TSval=2916035335 TSecr=3045555107 [TCP segment of a reassembled PDU]"
"21562","31.254960490","192.168.1.55","192.168.1.2","TCP","1514","8004  >  35868 [PSH, ACK] Seq=486718 Ack=141 Win=65024 Len=1448 TSval=2916035335 TSecr=3045555107 [TCP segment of a reassembled PDU]"
"21563","31.254987879","192.168.1.55","192.168.1.2","TCP","1514","8004  >  35868 [ACK] Seq=488166 Ack=141 Win=65024 Len=1448 TSval=2916035335 TSecr=3045555107 [TCP segment of a reassembled PDU]"
"21564","31.254990175","192.168.1.55","192.168.1.2","TCP","1514","8004  >  35868 [ACK] Seq=489614 Ack=141 Win=65024 Len=1448 TSval=2916035335 TSecr=3045555107 [TCP segment of a reassembled PDU]"
"21565","31.254991675","192.168.1.55","192.168.1.2","TCP","1514","8004  >  35868 [ACK] Seq=491062 Ack=141 Win=65024 Len=1448 TSval=2916035335 TSecr=3045555107 [TCP segment of a reassembled PDU]"
"21566","31.254992916","192.168.1.55","192.168.1.2","TCP","1514","8004  >  35868 [ACK] Seq=492510 Ack=141 Win=65024 Len=1448 TSval=2916035335 TSecr=3045555107 [TCP segment of a reassembled PDU]"
"21567","31.254994120","192.168.1.55","192.168.1.2","TCP","1514","8004  >  35868 [ACK] Seq=493958 Ack=141 Win=65024 Len=1448 TSval=2916035335 TSecr=3045555107 [TCP segment of a reassembled PDU]"
"21568","31.254995657","192.168.1.55","192.168.1.2","TCP","1514","8004  >  35868 [ACK] Seq=495406 Ack=141 Win=65024 Len=1448 TSval=2916035335 TSecr=3045555107 [TCP segment of a reassembled PDU]"
"21569","31.254997194","192.168.1.55","192.168.1.2","TCP","1514","8004  >  35868 [PSH, ACK] Seq=496854 Ack=141 Win=65024 Len=1448 TSval=2916035335 TSecr=3045555107 [TCP segment of a reassembled PDU]"
"21570","31.255004583","192.168.1.55","192.168.1.2","HTTP","1472","HTTP/1.0 200 OK  (PNG)"
"21571","31.255066009","192.168.1.2","192.168.1.55","TCP","66","35868  >  8004 [ACK] Seq=141 Ack=398390 Win=112640 Len=0 TSval=3045555107 TSecr=2916035323"
"21572","31.255084546","192.168.1.2","192.168.1.55","TCP","66","35868  >  8004 [ACK] Seq=141 Ack=418662 Win=115712 Len=0 TSval=3045555107 TSecr=2916035323"
"21573","31.255089620","192.168.1.2","192.168.1.55","TCP","66","35868  >  8004 [ACK] Seq=141 Ack=423006 Win=131072 Len=0 TSval=3045555110 TSecr=2916035323"
"21574","31.255140138","192.168.1.2","192.168.1.55","TCP","66","35868  >  8004 [ACK] Seq=141 Ack=436438 Win=157696 Len=0 TSval=3045555110 TSecr=2916035324"
"21575","31.255148268","192.168.1.2","192.168.1.55","TCP","66","35868  >  8004 [ACK] Seq=141 Ack=439334 Win=163840 Len=0 TSval=3045555110 TSecr=2916035328"
"21576","31.256391807","192.168.1.2","192.168.1.55","TCP","66","35868  >  8004 [ACK] Seq=141 Ack=440782 Win=166912 Len=0 TSval=3045555110 TSecr=2916035328"
"21577","31.256417177","192.168.1.2","192.168.1.55","TCP","66","35868  >  8004 [ACK] Seq=141 Ack=441830 Win=169984 Len=0 TSval=3045555110 TSecr=2916035328"
"21578","31.260693777","192.168.1.2","192.168.1.55","TCP","66","35868  >  8004 [ACK] Seq=141 Ack=457758 Win=201728 Len=0 TSval=3045555115 TSecr=2916035335"
"21579","31.260813499","192.168.1.2","192.168.1.55","TCP","66","35868  >  8004 [ACK] Seq=141 Ack=488166 Win=207872 Len=0 TSval=3045555116 TSecr=2916035335"
"21580","31.260818832","192.168.1.2","192.168.1.55","TCP","66","35868  >  8004 [ACK] Seq=141 Ack=498302 Win=198656 Len=0 TSval=3045555116 TSecr=2916035335"
"21581","31.262129834","192.168.1.2","192.168.1.55","TCP","66","35868  >  8004 [FIN, ACK] Seq=141 Ack=499709 Win=210944 Len=0 TSval=3045555116 TSecr=2916035335"
"21582","31.262142538","192.168.1.55","192.168.1.2","TCP","66","8004  >  35868 [ACK] Seq=499709 Ack=142 Win=65024 Len=0 TSval=2916035342 TSecr=3045555116"
"21583","31.262254279","192.168.1.2","192.168.1.55","TCP","74","35870  >  8004 [SYN] Seq=0 Win=64240 Len=0 MSS=1460 SACK_PERM TSval=3045555117 TSecr=0 WS=1024"
"21584","31.262279187","192.168.1.55","192.168.1.2","TCP","74","8004  >  35870 [SYN, ACK] Seq=0 Ack=1 Win=65160 Len=0 MSS=1460 SACK_PERM TSval=2916035342 TSecr=3045555117 WS=128"
"21585","31.265453858","192.168.1.2","192.168.1.55","TCP","66","35870  >  8004 [ACK] Seq=1 Ack=1 Win=64512 Len=0 TSval=3045555120 TSecr=2916035342"
"21586","31.268657771","192.168.1.2","192.168.1.55","HTTP","209","GET /original_benchmark.png HTTP/1.1 "
"21587","31.268670586","192.168.1.55","192.168.1.2","TCP","66","8004  >  35870 [ACK] Seq=1 Ack=144 Win=65024 Len=0 TSval=2916035349 TSecr=3045555121"
"21588","31.269147771","192.168.1.55","192.168.1.2","TCP","255","8004  >  35870 [PSH, ACK] Seq=1 Ack=144 Win=65024 Len=189 TSval=2916035349 TSecr=3045555121 [TCP segment of a reassembled PDU]"
"21589","31.269240975","192.168.1.55","192.168.1.2","TCP","1514","8004  >  35870 [ACK] Seq=190 Ack=144 Win=65024 Len=1448 TSval=2916035349 TSecr=3045555121 [TCP segment of a reassembled PDU]"
"21590","31.269245901","192.168.1.55","192.168.1.2","TCP","1514","8004  >  35870 [ACK] Seq=1638 Ack=144 Win=65024 Len=1448 TSval=2916035349 TSecr=3045555121 [TCP segment of a reassembled PDU]"
"21591","31.269247383","192.168.1.55","192.168.1.2","TCP","1514","8004  >  35870 [ACK] Seq=3086 Ack=144 Win=65024 Len=1448 TSval=2916035349 TSecr=3045555121 [TCP segment of a reassembled PDU]"
"21592","31.269248698","192.168.1.55","192.168.1.2","TCP","1514","8004  >  35870 [ACK] Seq=4534 Ack=144 Win=65024 Len=1448 TSval=2916035349 TSecr=3045555121 [TCP segment of a reassembled PDU]"
"21593","31.269250049","192.168.1.55","192.168.1.2","TCP","1514","8004  >  35870 [PSH, ACK] Seq=5982 Ack=144 Win=65024 Len=1448 TSval=2916035349 TSecr=3045555121 [TCP segment of a reassembled PDU]"
"21594","31.269265512","192.168.1.55","192.168.1.2","TCP","1514","8004  >  35870 [ACK] Seq=7430 Ack=144 Win=65024 Len=1448 TSval=2916035349 TSecr=3045555121 [TCP segment of a reassembled PDU]"
"21595","31.269267123","192.168.1.55","192.168.1.2","TCP","1514","8004  >  35870 [ACK] Seq=8878 Ack=144 Win=65024 Len=1448 TSval=2916035349 TSecr=3045555121 [TCP segment of a reassembled PDU]"
"21596","31.269268494","192.168.1.55","192.168.1.2","TCP","1514","8004  >  35870 [ACK] Seq=10326 Ack=144 Win=65024 Len=1448 TSval=2916035349 TSecr=3045555121 [TCP segment of a reassembled PDU]"
"21597","31.269269809","192.168.1.55","192.168.1.2","TCP","1514","8004  >  35870 [PSH, ACK] Seq=11774 Ack=144 Win=65024 Len=1448 TSval=2916035349 TSecr=3045555121 [TCP segment of a reassembled PDU]"
"21598","31.272899314","192.168.1.2","192.168.1.55","TCP","66","35870  >  8004 [ACK] Seq=144 Ack=190 Win=64512 Len=0 TSval=3045555127 TSecr=2916035349"
"21599","31.273024444","192.168.1.55","192.168.1.2","TCP","1514","8004  >  35870 [ACK] Seq=13222 Ack=144 Win=65024 Len=1448 TSval=2916035353 TSecr=3045555127 [TCP segment of a reassembled PDU]"
"21600","31.273037092","192.168.1.55","192.168.1.2","TCP","1514","8004  >  35870 [PSH, ACK] Seq=14670 Ack=144 Win=65024 Len=1448 TSval=2916035353 TSecr=3045555127 [TCP segment of a reassembled PDU]"
"21601","31.273193778","192.168.1.2","192.168.1.55","TCP","66","35870  >  8004 [ACK] Seq=144 Ack=3086 Win=70656 Len=0 TSval=3045555127 TSecr=2916035349"
"21602","31.273232463","192.168.1.2","192.168.1.55","TCP","66","35870  >  8004 [ACK] Seq=144 Ack=5982 Win=76800 Len=0 TSval=3045555127 TSecr=2916035349"
"21603","31.273320222","192.168.1.55","192.168.1.2","TCP","1514","8004  >  35870 [ACK] Seq=16118 Ack=144 Win=65024 Len=1448 TSval=2916035353 TSecr=3045555127 [TCP segment of a reassembled PDU]"
"21604","31.273325982","192.168.1.55","192.168.1.2","TCP","1514","8004  >  35870 [ACK] Seq=17566 Ack=144 Win=65024 Len=1448 TSval=2916035353 TSecr=3045555127 [TCP segment of a reassembled PDU]"
"21605","31.273328093","192.168.1.55","192.168.1.2","TCP","1514","8004  >  35870 [ACK] Seq=19014 Ack=144 Win=65024 Len=1448 TSval=2916035353 TSecr=3045555127 [TCP segment of a reassembled PDU]"
"21606","31.273330463","192.168.1.55","192.168.1.2","TCP","1514","8004  >  35870 [ACK] Seq=20462 Ack=144 Win=65024 Len=1448 TSval=2916035353 TSecr=3045555127 [TCP segment of a reassembled PDU]"
"21607","31.273331963","192.168.1.55","192.168.1.2","TCP","1514","8004  >  35870 [ACK] Seq=21910 Ack=144 Win=65024 Len=1448 TSval=2916035353 TSecr=3045555127 [TCP segment of a reassembled PDU]"
"21608","31.273333815","192.168.1.55","192.168.1.2","TCP","1514","8004  >  35870 [ACK] Seq=23358 Ack=144 Win=65024 Len=1448 TSval=2916035353 TSecr=3045555127 [TCP segment of a reassembled PDU]"
"21609","31.273337111","192.168.1.55","192.168.1.2","TCP","1514","8004  >  35870 [PSH, ACK] Seq=24806 Ack=144 Win=65024 Len=1448 TSval=2916035353 TSecr=3045555127 [TCP segment of a reassembled PDU]"
"21610","31.273951316","192.168.1.2","192.168.1.55","TCP","66","35870  >  8004 [ACK] Seq=144 Ack=7430 Win=79872 Len=0 TSval=3045555128 TSecr=2916035349"
"21611","31.274016520","192.168.1.2","192.168.1.55","TCP","66","35870  >  8004 [ACK] Seq=144 Ack=13222 Win=84992 Len=0 TSval=3045555128 TSecr=2916035349"
"21612","31.274058279","192.168.1.55","192.168.1.2","TCP","1514","8004  >  35870 [ACK] Seq=26254 Ack=144 Win=65024 Len=1448 TSval=2916035354 TSecr=3045555128 [TCP segment of a reassembled PDU]"
"21613","31.274061742","192.168.1.55","192.168.1.2","TCP","1514","8004  >  35870 [ACK] Seq=27702 Ack=144 Win=65024 Len=1448 TSval=2916035354 TSecr=3045555128 [TCP segment of a reassembled PDU]"
"21614","31.274063168","192.168.1.55","192.168.1.2","TCP","1514","8004  >  35870 [ACK] Seq=29150 Ack=144 Win=65024 Len=1448 TSval=2916035354 TSecr=3045555128 [TCP segment of a reassembled PDU]"
"21615","31.274064538","192.168.1.55","192.168.1.2","TCP","1514","8004  >  35870 [ACK] Seq=30598 Ack=144 Win=65024 Len=1448 TSval=2916035354 TSecr=3045555128 [TCP segment of a reassembled PDU]"
"21616","31.274065983","192.168.1.55","192.168.1.2","TCP","1514","8004  >  35870 [ACK] Seq=32046 Ack=144 Win=65024 Len=1448 TSval=2916035354 TSecr=3045555128 [TCP segment of a reassembled PDU]"
"21617","31.274068113","192.168.1.55","192.168.1.2","TCP","1514","8004  >  35870 [ACK] Seq=33494 Ack=144 Win=65024 Len=1448 TSval=2916035354 TSecr=3045555128 [TCP segment of a reassembled PDU]"
"21618","31.274069761","192.168.1.55","192.168.1.2","TCP","1514","8004  >  35870 [ACK] Seq=34942 Ack=144 Win=65024 Len=1448 TSval=2916035354 TSecr=3045555128 [TCP segment of a reassembled PDU]"
"21619","31.274071335","192.168.1.55","192.168.1.2","TCP","1514","8004  >  35870 [ACK] Seq=36390 Ack=144 Win=65024 Len=1448 TSval=2916035354 TSecr=3045555128 [TCP segment of a reassembled PDU]"
"21620","31.274072853","192.168.1.55","192.168.1.2","TCP","1514","8004  >  35870 [ACK] Seq=37838 Ack=144 Win=65024 Len=1448 TSval=2916035354 TSecr=3045555128 [TCP segment of a reassembled PDU]"
"21621","31.274074335","192.168.1.55","192.168.1.2","TCP","1514","8004  >  35870 [PSH, ACK] Seq=39286 Ack=144 Win=65024 Len=1448 TSval=2916035354 TSecr=3045555128 [TCP segment of a reassembled PDU]"
"21622","31.274089501","192.168.1.55","192.168.1.2","TCP","1514","8004  >  35870 [ACK] Seq=40734 Ack=144 Win=65024 Len=1448 TSval=2916035354 TSecr=3045555128 [TCP segment of a reassembled PDU]"
"21623","31.278016637","192.168.1.2","192.168.1.55","TCP","66","35870  >  8004 [ACK] Seq=144 Ack=16118 Win=90112 Len=0 TSval=3045555132 TSecr=2916035353"
"21624","31.278058489","192.168.1.55","192.168.1.2","TCP","1514","8004  >  35870 [ACK] Seq=42182 Ack=144 Win=65024 Len=1448 TSval=2916035358 TSecr=3045555132 [TCP segment of a reassembled PDU]"
"21625","31.278062804","192.168.1.55","192.168.1.2","TCP","1514","8004  >  35870 [PSH, ACK] Seq=43630 Ack=144 Win=65024 Len=1448 TSval=2916035358 TSecr=3045555132 [TCP segment of a reassembled PDU]"
"21626","31.278297841","192.168.1.2","192.168.1.55","TCP","66","35870  >  8004 [ACK] Seq=144 Ack=26254 Win=83968 Len=0 TSval=3045555132 TSecr=2916035353"
"21627","31.278334490","192.168.1.55","192.168.1.2","TCP","1514","8004  >  35870 [ACK] Seq=45078 Ack=144 Win=65024 Len=1448 TSval=2916035359 TSecr=3045555132 [TCP segment of a reassembled PDU]"
"21628","31.278337008","192.168.1.55","192.168.1.2","TCP","1514","8004  >  35870 [ACK] Seq=46526 Ack=144 Win=65024 Len=1448 TSval=2916035359 TSecr=3045555132 [TCP segment of a reassembled PDU]"
"21629","31.278338564","192.168.1.55","192.168.1.2","TCP","1514","8004  >  35870 [ACK] Seq=47974 Ack=144 Win=65024 Len=1448 TSval=2916035359 TSecr=3045555132 [TCP segment of a reassembled PDU]"
"21630","31.278340082","192.168.1.55","192.168.1.2","TCP","1514","8004  >  35870 [ACK] Seq=49422 Ack=144 Win=65024 Len=1448 TSval=2916035359 TSecr=3045555132 [TCP segment of a reassembled PDU]"
"21631","31.278341953","192.168.1.55","192.168.1.2","TCP","1514","8004  >  35870 [ACK] Seq=50870 Ack=144 Win=65024 Len=1448 TSval=2916035359 TSecr=3045555132 [TCP segment of a reassembled PDU]"
"21632","31.278344138","192.168.1.55","192.168.1.2","TCP","1514","8004  >  35870 [ACK] Seq=52318 Ack=144 Win=65024 Len=1448 TSval=2916035359 TSecr=3045555132 [TCP segment of a reassembled PDU]"
"21633","31.278345545","192.168.1.55","192.168.1.2","TCP","1514","8004  >  35870 [ACK] Seq=53766 Ack=144 Win=65024 Len=1448 TSval=2916035359 TSecr=3045555132 [TCP segment of a reassembled PDU]"
"21634","31.278346897","192.168.1.55","192.168.1.2","TCP","1514","8004  >  35870 [ACK] Seq=55214 Ack=144 Win=65024 Len=1448 TSval=2916035359 TSecr=3045555132 [TCP segment of a reassembled PDU]"
"21635","31.278348379","192.168.1.55","192.168.1.2","TCP","1514","8004  >  35870 [ACK] Seq=56662 Ack=144 Win=65024 Len=1448 TSval=2916035359 TSecr=3045555132 [TCP segment of a reassembled PDU]"
"21636","31.278350360","192.168.1.55","192.168.1.2","TCP","1514","8004  >  35870 [ACK] Seq=58110 Ack=144 Win=65024 Len=1448 TSval=2916035359 TSecr=3045555132 [TCP segment of a reassembled PDU]"
"21637","31.278351934","192.168.1.55","192.168.1.2","TCP","1514","8004  >  35870 [ACK] Seq=59558 Ack=144 Win=65024 Len=1448 TSval=2916035359 TSecr=3045555132 [TCP segment of a reassembled PDU]"
"21638","31.278364619","192.168.1.55","192.168.1.2","TCP","1514","8004  >  35870 [ACK] Seq=61006 Ack=144 Win=65024 Len=1448 TSval=2916035359 TSecr=3045555132 [TCP segment of a reassembled PDU]"
"21639","31.278366230","192.168.1.55","192.168.1.2","TCP","1514","8004  >  35870 [ACK] Seq=62454 Ack=144 Win=65024 Len=1448 TSval=2916035359 TSecr=3045555132 [TCP segment of a reassembled PDU]"
"21640","31.278367582","192.168.1.55","192.168.1.2","TCP","1514","8004  >  35870 [PSH, ACK] Seq=63902 Ack=144 Win=65024 Len=1448 TSval=2916035359 TSecr=3045555132 [TCP segment of a reassembled PDU]"
"21641","31.278372490","192.168.1.2","192.168.1.55","TCP","66","35870  >  8004 [ACK] Seq=144 Ack=30598 Win=79872 Len=0 TSval=3045555132 TSecr=2916035354"
"21642","31.278395916","192.168.1.55","192.168.1.2","TCP","1514","8004  >  35870 [ACK] Seq=65350 Ack=144 Win=65024 Len=1448 TSval=2916035359 TSecr=3045555132 [TCP segment of a reassembled PDU]"
"21643","31.278398045","192.168.1.55","192.168.1.2","TCP","1514","8004  >  35870 [ACK] Seq=66798 Ack=144 Win=65024 Len=1448 TSval=2916035359 TSecr=3045555132 [TCP segment of a reassembled PDU]"
"21644","31.278400175","192.168.1.55","192.168.1.2","TCP","1514","8004  >  35870 [ACK] Seq=68246 Ack=144 Win=65024 Len=1448 TSval=2916035359 TSecr=3045555132 [TCP segment of a reassembled PDU]"
"21645","31.278402008","192.168.1.55","192.168.1.2","TCP","1514","8004  >  35870 [ACK] Seq=69694 Ack=144 Win=65024 Len=1448 TSval=2916035359 TSecr=3045555132 [TCP segment of a reassembled PDU]"
"21646","31.278403749","192.168.1.55","192.168.1.2","TCP","1514","8004  >  35870 [ACK] Seq=71142 Ack=144 Win=65024 Len=1448 TSval=2916035359 TSecr=3045555132 [TCP segment of a reassembled PDU]"
"21647","31.278405305","192.168.1.55","192.168.1.2","TCP","1514","8004  >  35870 [ACK] Seq=72590 Ack=144 Win=65024 Len=1448 TSval=2916035359 TSecr=3045555132 [TCP segment of a reassembled PDU]"
"21648","31.278406638","192.168.1.55","192.168.1.2","TCP","1514","8004  >  35870 [ACK] Seq=74038 Ack=144 Win=65024 Len=1448 TSval=2916035359 TSecr=3045555132 [TCP segment of a reassembled PDU]"
"21649","31.278407934","192.168.1.55","192.168.1.2","TCP","1514","8004  >  35870 [PSH, ACK] Seq=75486 Ack=144 Win=65024 Len=1448 TSval=2916035359 TSecr=3045555132 [TCP segment of a reassembled PDU]"
"21650","31.278412360","192.168.1.2","192.168.1.55","TCP","66","35870  >  8004 [ACK] Seq=144 Ack=40734 Win=83968 Len=0 TSval=3045555133 TSecr=2916035354"
"21651","31.278453768","192.168.1.55","192.168.1.2","TCP","1514","8004  >  35870 [ACK] Seq=76934 Ack=144 Win=65024 Len=1448 TSval=2916035359 TSecr=3045555133 [TCP segment of a reassembled PDU]"
"21652","31.278457027","192.168.1.55","192.168.1.2","TCP","1514","8004  >  35870 [ACK] Seq=78382 Ack=144 Win=65024 Len=1448 TSval=2916035359 TSecr=3045555133 [TCP segment of a reassembled PDU]"
"21653","31.278458601","192.168.1.55","192.168.1.2","TCP","1514","8004  >  35870 [ACK] Seq=79830 Ack=144 Win=65024 Len=1448 TSval=2916035359 TSecr=3045555133 [TCP segment of a reassembled PDU]"
"21654","31.278460286","192.168.1.55","192.168.1.2","TCP","1514","8004  >  35870 [ACK] Seq=81278 Ack=144 Win=65024 Len=1448 TSval=2916035359 TSecr=3045555133 [TCP segment of a reassembled PDU]"
"21655","31.278462305","192.168.1.55","192.168.1.2","TCP","1514","8004  >  35870 [ACK] Seq=82726 Ack=144 Win=65024 Len=1448 TSval=2916035359 TSecr=3045555133 [TCP segment of a reassembled PDU]"
"21656","31.278464231","192.168.1.55","192.168.1.2","TCP","1514","8004  >  35870 [ACK] Seq=84174 Ack=144 Win=65024 Len=1448 TSval=2916035359 TSecr=3045555133 [TCP segment of a reassembled PDU]"
"21657","31.278466045","192.168.1.55","192.168.1.2","TCP","1514","8004  >  35870 [ACK] Seq=85622 Ack=144 Win=65024 Len=1448 TSval=2916035359 TSecr=3045555133 [TCP segment of a reassembled PDU]"
"21658","31.278467712","192.168.1.55","192.168.1.2","TCP","1514","8004  >  35870 [ACK] Seq=87070 Ack=144 Win=65024 Len=1448 TSval=2916035359 TSecr=3045555133 [TCP segment of a reassembled PDU]"
"21659","31.278469101","192.168.1.55","192.168.1.2","TCP","1514","8004  >  35870 [ACK] Seq=88518 Ack=144 Win=65024 Len=1448 TSval=2916035359 TSecr=3045555133 [TCP segment of a reassembled PDU]"
"21660","31.278470953","192.168.1.55","192.168.1.2","TCP","1514","8004  >  35870 [ACK] Seq=89966 Ack=144 Win=65024 Len=1448 TSval=2916035359 TSecr=3045555133 [TCP segment of a reassembled PDU]"
"21661","31.278472601","192.168.1.55","192.168.1.2","TCP","1514","8004  >  35870 [ACK] Seq=91414 Ack=144 Win=65024 Len=1448 TSval=2916035359 TSecr=3045555133 [TCP segment of a reassembled PDU]"
"21662","31.278474545","192.168.1.55","192.168.1.2","TCP","1514","8004  >  35870 [ACK] Seq=92862 Ack=144 Win=65024 Len=1448 TSval=2916035359 TSecr=3045555133 [TCP segment of a reassembled PDU]"
"21663","31.278476582","192.168.1.55","192.168.1.2","TCP","1514","8004  >  35870 [ACK] Seq=94310 Ack=144 Win=65024 Len=1448 TSval=2916035359 TSecr=3045555133 [TCP segment of a reassembled PDU]"
"21664","31.278478027","192.168.1.55","192.168.1.2","TCP","1514","8004  >  35870 [PSH, ACK] Seq=95758 Ack=144 Win=65024 Len=1448 TSval=2916035359 TSecr=3045555133 [TCP segment of a reassembled PDU]"
"21665","31.278483397","192.168.1.2","192.168.1.55","TCP","66","35870  >  8004 [ACK] Seq=144 Ack=42182 Win=82944 Len=0 TSval=3045555133 TSecr=2916035354"
"21666","31.279763381","192.168.1.55","192.168.1.2","TCP","1514","8004  >  35870 [ACK] Seq=97206 Ack=144 Win=65024 Len=1448 TSval=2916035360 TSecr=3045555133 [TCP segment of a reassembled PDU]"
"21667","31.279771084","192.168.1.55","192.168.1.2","TCP","1514","8004  >  35870 [PSH, ACK] Seq=98654 Ack=144 Win=65024 Len=1448 TSval=2916035360 TSecr=3045555133 [TCP segment of a reassembled PDU]"
"21668","31.284062184","192.168.1.2","192.168.1.55","TCP","66","35870  >  8004 [ACK] Seq=144 Ack=43630 Win=90112 Len=0 TSval=3045555137 TSecr=2916035358"
"21669","31.284091054","192.168.1.55","192.168.1.2","TCP","1514","8004  >  35870 [ACK] Seq=100102 Ack=144 Win=65024 Len=1448 TSval=2916035364 TSecr=3045555137 [TCP segment of a reassembled PDU]"
"21670","31.284094814","192.168.1.55","192.168.1.2","TCP","1514","8004  >  35870 [PSH, ACK] Seq=101550 Ack=144 Win=65024 Len=1448 TSval=2916035364 TSecr=3045555137 [TCP segment of a reassembled PDU]"
"21671","31.284299943","192.168.1.2","192.168.1.55","TCP","66","35870  >  8004 [ACK] Seq=144 Ack=45078 Win=91136 Len=0 TSval=3045555138 TSecr=2916035358"
"21672","31.284309462","192.168.1.2","192.168.1.55","TCP","66","35870  >  8004 [ACK] Seq=144 Ack=52318 Win=86016 Len=0 TSval=3045555138 TSecr=2916035359"
"21673","31.284330555","192.168.1.55","192.168.1.2","TCP","1514","8004  >  35870 [ACK] Seq=102998 Ack=144 Win=65024 Len=1448 TSval=2916035365 TSecr=3045555138 [TCP segment of a reassembled PDU]"
"21674","31.284332758","192.168.1.55","192.168.1.2","TCP","1514","8004  >  35870 [ACK] Seq=104446 Ack=144 Win=65024 Len=1448 TSval=2916035365 TSecr=3045555138 [TCP segment of a reassembled PDU]"
"21675","31.284334703","192.168.1.55","192.168.1.2","TCP","1514","8004  >  35870 [ACK] Seq=105894 Ack=144 Win=65024 Len=1448 TSval=2916035365 TSecr=3045555138 [TCP segment of a reassembled PDU]"
"21676","31.284336536","192.168.1.55","192.168.1.2","TCP","1514","8004  >  35870 [ACK] Seq=107342 Ack=144 Win=65024 Len=1448 TSval=2916035365 TSecr=3045555138 [TCP segment of a reassembled PDU]"
"21677","31.284337906","192.168.1.55","192.168.1.2","TCP","1514","8004  >  35870 [ACK] Seq=108790 Ack=144 Win=65024 Len=1448 TSval=2916035365 TSecr=3045555138 [TCP segment of a reassembled PDU]"
"21678","31.284339351","192.168.1.55","192.168.1.2","TCP","1514","8004  >  35870 [ACK] Seq=110238 Ack=144 Win=65024 Len=1448 TSval=2916035365 TSecr=3045555138 [TCP segment of a reassembled PDU]"
"21679","31.284341240","192.168.1.55","192.168.1.2","TCP","1514","8004  >  35870 [ACK] Seq=111686 Ack=144 Win=65024 Len=1448 TSval=2916035365 TSecr=3045555138 [TCP segment of a reassembled PDU]"
"21680","31.284343073","192.168.1.55","192.168.1.2","TCP","1514","8004  >  35870 [ACK] Seq=113134 Ack=144 Win=65024 Len=1448 TSval=2916035365 TSecr=3045555138 [TCP segment of a reassembled PDU]"
"21681","31.284344684","192.168.1.55","192.168.1.2","TCP","1514","8004  >  35870 [ACK] Seq=114582 Ack=144 Win=65024 Len=1448 TSval=2916035365 TSecr=3045555138 [TCP segment of a reassembled PDU]"
"21682","31.284346573","192.168.1.55","192.168.1.2","TCP","1514","8004  >  35870 [ACK] Seq=116030 Ack=144 Win=65024 Len=1448 TSval=2916035365 TSecr=3045555138 [TCP segment of a reassembled PDU]"
"21683","31.284348147","192.168.1.55","192.168.1.2","TCP","1514","8004  >  35870 [PSH, ACK] Seq=117478 Ack=144 Win=65024 Len=1448 TSval=2916035365 TSecr=3045555138 [TCP segment of a reassembled PDU]"
"21684","31.284351999","192.168.1.2","192.168.1.55","TCP","66","35870  >  8004 [ACK] Seq=144 Ack=65350 Win=80896 Len=0 TSval=3045555138 TSecr=2916035359"
"21685","31.284398444","192.168.1.55","192.168.1.2","TCP","1514","8004  >  35870 [ACK] Seq=118926 Ack=144 Win=65024 Len=1448 TSval=2916035365 TSecr=3045555138 [TCP segment of a reassembled PDU]"
"21686","31.284401666","192.168.1.55","192.168.1.2","TCP","1514","8004  >  35870 [ACK] Seq=120374 Ack=144 Win=65024 Len=1448 TSval=2916035365 TSecr=3045555138 [TCP segment of a reassembled PDU]"
"21687","31.284403295","192.168.1.55","192.168.1.2","TCP","1514","8004  >  35870 [ACK] Seq=121822 Ack=144 Win=65024 Len=1448 TSval=2916035365 TSecr=3045555138 [TCP segment of a reassembled PDU]"
"21688","31.284404944","192.168.1.55","192.168.1.2","TCP","1514","8004  >  35870 [ACK] Seq=123270 Ack=144 Win=65024 Len=1448 TSval=2916035365 TSecr=3045555138 [TCP segment of a reassembled PDU]"
"21689","31.284406407","192.168.1.55","192.168.1.2","TCP","1514","8004  >  35870 [ACK] Seq=124718 Ack=144 Win=65024 Len=1448 TSval=2916035365 TSecr=3045555138 [TCP segment of a reassembled PDU]"
"21690","31.284408314","192.168.1.55","192.168.1.2","TCP","1514","8004  >  35870 [ACK] Seq=126166 Ack=144 Win=65024 Len=1448 TSval=2916035365 TSecr=3045555138 [TCP segment of a reassembled PDU]"
"21691","31.284409684","192.168.1.55","192.168.1.2","TCP","1514","8004  >  35870 [ACK] Seq=127614 Ack=144 Win=65024 Len=1448 TSval=2916035365 TSecr=3045555138 [TCP segment of a reassembled PDU]"
"21692","31.284411295","192.168.1.55","192.168.1.2","TCP","1514","8004  >  35870 [ACK] Seq=129062 Ack=144 Win=65024 Len=1448 TSval=2916035365 TSecr=3045555138 [TCP segment of a reassembled PDU]"
"21693","31.284412907","192.168.1.55","192.168.1.2","TCP","1514","8004  >  35870 [ACK] Seq=130510 Ack=144 Win=65024 Len=1448 TSval=2916035365 TSecr=3045555138 [TCP segment of a reassembled PDU]"
"21694","31.284415018","192.168.1.55","192.168.1.2","TCP","1514","8004  >  35870 [ACK] Seq=131958 Ack=144 Win=65024 Len=1448 TSval=2916035365 TSecr=3045555138 [TCP segment of a reassembled PDU]"
"21695","31.284416295","192.168.1.55","192.168.1.2","TCP","1514","8004  >  35870 [ACK] Seq=133406 Ack=144 Win=65024 Len=1448 TSval=2916035365 TSecr=3045555138 [TCP segment of a reassembled PDU]"
"21696","31.284417629","192.168.1.55","192.168.1.2","TCP","1514","8004  >  35870 [ACK] Seq=134854 Ack=144 Win=65024 Len=1448 TSval=2916035365 TSecr=3045555138 [TCP segment of a reassembled PDU]"
"21697","31.284419203","192.168.1.55","192.168.1.2","TCP","1514","8004  >  35870 [ACK] Seq=136302 Ack=144 Win=65024 Len=1448 TSval=2916035365 TSecr=3045555138 [TCP segment of a reassembled PDU]"
"21698","31.284420814","192.168.1.55","192.168.1.2","TCP","1514","8004  >  35870 [ACK] Seq=137750 Ack=144 Win=65024 Len=1448 TSval=2916035365 TSecr=3045555138 [TCP segment of a reassembled PDU]"
"21699","31.284422184","192.168.1.55","192.168.1.2","TCP","1514","8004  >  35870 [ACK] Seq=139198 Ack=144 Win=65024 Len=1448 TSval=2916035365 TSecr=3045555138 [TCP segment of a reassembled PDU]"
"21700","31.284423925","192.168.1.55","192.168.1.2","TCP","1514","8004  >  35870 [ACK] Seq=140646 Ack=144 Win=65024 Len=1448 TSval=2916035365 TSecr=3045555138 [TCP segment of a reassembled PDU]"
"21701","31.284425499","192.168.1.55","192.168.1.2","TCP","1514","8004  >  35870 [ACK] Seq=142094 Ack=144 Win=65024 Len=1448 TSval=2916035365 TSecr=3045555138 [TCP segment of a reassembled PDU]"
"21702","31.284427184","192.168.1.55","192.168.1.2","TCP","1514","8004  >  35870 [ACK] Seq=143542 Ack=144 Win=65024 Len=1448 TSval=2916035365 TSecr=3045555138 [TCP segment of a reassembled PDU]"
"21703","31.284429370","192.168.1.55","192.168.1.2","TCP","1322","[TCP Window Full] 8004  >  35870 [PSH, ACK] Seq=144990 Ack=144 Win=65024 Len=1256 TSval=2916035365 TSecr=3045555138 [TCP segment of a reassembled PDU]"
"21704","31.284434018","192.168.1.2","192.168.1.55","TCP","66","35870  >  8004 [ACK] Seq=144 Ack=76934 Win=69632 Len=0 TSval=3045555138 TSecr=2916035359"
"21705","31.284504629","192.168.1.2","192.168.1.55","TCP","66","35870  >  8004 [ACK] Seq=144 Ack=91414 Win=55296 Len=0 TSval=3045555138 TSecr=2916035359"
"21706","31.284513296","192.168.1.2","192.168.1.55","TCP","66","35870  >  8004 [ACK] Seq=144 Ack=97206 Win=86016 Len=0 TSval=3045555139 TSecr=2916035359"
"21707","31.284517666","192.168.1.2","192.168.1.55","TCP","66","35870  >  8004 [ACK] Seq=144 Ack=100102 Win=89088 Len=0 TSval=3045555139 TSecr=2916035360"
"21708","31.284569592","192.168.1.55","192.168.1.2","TCP","1514","8004  >  35870 [ACK] Seq=146246 Ack=144 Win=65024 Len=1448 TSval=2916035365 TSecr=3045555139 [TCP segment of a reassembled PDU]"
"21709","31.284576999","192.168.1.55","192.168.1.2","TCP","1514","8004  >  35870 [ACK] Seq=147694 Ack=144 Win=65024 Len=1448 TSval=2916035365 TSecr=3045555139 [TCP segment of a reassembled PDU]"
"21710","31.284578296","192.168.1.55","192.168.1.2","TCP","1514","8004  >  35870 [ACK] Seq=149142 Ack=144 Win=65024 Len=1448 TSval=2916035365 TSecr=3045555139 [TCP segment of a reassembled PDU]"
"21711","31.284579370","192.168.1.55","192.168.1.2","TCP","1514","8004  >  35870 [ACK] Seq=150590 Ack=144 Win=65024 Len=1448 TSval=2916035365 TSecr=3045555139 [TCP segment of a reassembled PDU]"
"21712","31.284580814","192.168.1.55","192.168.1.2","TCP","1514","8004  >  35870 [ACK] Seq=152038 Ack=144 Win=65024 Len=1448 TSval=2916035365 TSecr=3045555139 [TCP segment of a reassembled PDU]"
"21713","31.284582370","192.168.1.55","192.168.1.2","TCP","1514","8004  >  35870 [ACK] Seq=153486 Ack=144 Win=65024 Len=1448 TSval=2916035365 TSecr=3045555139 [TCP segment of a reassembled PDU]"
"21714","31.284584018","192.168.1.55","192.168.1.2","TCP","1514","8004  >  35870 [ACK] Seq=154934 Ack=144 Win=65024 Len=1448 TSval=2916035365 TSecr=3045555139 [TCP segment of a reassembled PDU]"
"21715","31.284585222","192.168.1.55","192.168.1.2","TCP","1514","8004  >  35870 [ACK] Seq=156382 Ack=144 Win=65024 Len=1448 TSval=2916035365 TSecr=3045555139 [TCP segment of a reassembled PDU]"
"21716","31.284586425","192.168.1.55","192.168.1.2","TCP","1514","8004  >  35870 [ACK] Seq=157830 Ack=144 Win=65024 Len=1448 TSval=2916035365 TSecr=3045555139 [TCP segment of a reassembled PDU]"
"21717","31.284587518","192.168.1.55","192.168.1.2","TCP","1514","8004  >  35870 [PSH, ACK] Seq=159278 Ack=144 Win=65024 Len=1448 TSval=2916035365 TSecr=3045555139 [TCP segment of a reassembled PDU]"
"21718","31.285672501","192.168.1.55","192.168.1.2","TCP","258","8004  >  35870 [ACK] Seq=160726 Ack=144 Win=65024 Len=192 TSval=2916035366 TSecr=3045555139 [TCP segment of a reassembled PDU]"
"21719","31.285702075","192.168.1.55","192.168.1.2","TCP","1514","8004  >  35870 [ACK] Seq=160918 Ack=144 Win=65024 Len=1448 TSval=2916035366 TSecr=3045555139 [TCP segment of a reassembled PDU]"
"21720","31.285703816","192.168.1.55","192.168.1.2","TCP","1514","8004  >  35870 [ACK] Seq=162366 Ack=144 Win=65024 Len=1448 TSval=2916035366 TSecr=3045555139 [TCP segment of a reassembled PDU]"
"21721","31.285704927","192.168.1.55","192.168.1.2","TCP","1514","8004  >  35870 [ACK] Seq=163814 Ack=144 Win=65024 Len=1448 TSval=2916035366 TSecr=3045555139 [TCP segment of a reassembled PDU]"
"21722","31.285706205","192.168.1.55","192.168.1.2","TCP","1514","8004  >  35870 [ACK] Seq=165262 Ack=144 Win=65024 Len=1448 TSval=2916035366 TSecr=3045555139 [TCP segment of a reassembled PDU]"
"21723","31.285707353","192.168.1.55","192.168.1.2","TCP","1514","8004  >  35870 [ACK] Seq=166710 Ack=144 Win=65024 Len=1448 TSval=2916035366 TSecr=3045555139 [TCP segment of a reassembled PDU]"
"21724","31.285708723","192.168.1.55","192.168.1.2","TCP","1514","8004  >  35870 [ACK] Seq=168158 Ack=144 Win=65024 Len=1448 TSval=2916035366 TSecr=3045555139 [TCP segment of a reassembled PDU]"
"21725","31.285709909","192.168.1.55","192.168.1.2","TCP","1514","8004  >  35870 [ACK] Seq=169606 Ack=144 Win=65024 Len=1448 TSval=2916035366 TSecr=3045555139 [TCP segment of a reassembled PDU]"
"21726","31.285711038","192.168.1.55","192.168.1.2","TCP","1514","8004  >  35870 [ACK] Seq=171054 Ack=144 Win=65024 Len=1448 TSval=2916035366 TSecr=3045555139 [TCP segment of a reassembled PDU]"
"21727","31.285712260","192.168.1.55","192.168.1.2","TCP","1514","8004  >  35870 [ACK] Seq=172502 Ack=144 Win=65024 Len=1448 TSval=2916035366 TSecr=3045555139 [TCP segment of a reassembled PDU]"
"21728","31.285713409","192.168.1.55","192.168.1.2","TCP","1514","8004  >  35870 [ACK] Seq=173950 Ack=144 Win=65024 Len=1448 TSval=2916035366 TSecr=3045555139 [TCP segment of a reassembled PDU]"
"21729","31.285714520","192.168.1.55","192.168.1.2","TCP","1514","8004  >  35870 [ACK] Seq=175398 Ack=144 Win=65024 Len=1448 TSval=2916035366 TSecr=3045555139 [TCP segment of a reassembled PDU]"
"21730","31.285715890","192.168.1.55","192.168.1.2","TCP","1514","8004  >  35870 [ACK] Seq=176846 Ack=144 Win=65024 Len=1448 TSval=2916035366 TSecr=3045555139 [TCP segment of a reassembled PDU]"
"21731","31.285717057","192.168.1.55","192.168.1.2","TCP","1514","8004  >  35870 [ACK] Seq=178294 Ack=144 Win=65024 Len=1448 TSval=2916035366 TSecr=3045555139 [TCP segment of a reassembled PDU]"
"21732","31.285718186","192.168.1.55","192.168.1.2","TCP","1514","8004  >  35870 [ACK] Seq=179742 Ack=144 Win=65024 Len=1448 TSval=2916035366 TSecr=3045555139 [TCP segment of a reassembled PDU]"
"21733","31.285719335","192.168.1.55","192.168.1.2","TCP","1514","8004  >  35870 [ACK] Seq=181190 Ack=144 Win=65024 Len=1448 TSval=2916035366 TSecr=3045555139 [TCP segment of a reassembled PDU]"
"21734","31.285720798","192.168.1.55","192.168.1.2","TCP","1514","8004  >  35870 [ACK] Seq=182638 Ack=144 Win=65024 Len=1448 TSval=2916035366 TSecr=3045555139 [TCP segment of a reassembled PDU]"
"21735","31.285722001","192.168.1.55","192.168.1.2","TCP","1514","8004  >  35870 [ACK] Seq=184086 Ack=144 Win=65024 Len=1448 TSval=2916035366 TSecr=3045555139 [TCP segment of a reassembled PDU]"
"21736","31.285723242","192.168.1.55","192.168.1.2","TCP","1514","8004  >  35870 [ACK] Seq=185534 Ack=144 Win=65024 Len=1448 TSval=2916035366 TSecr=3045555139 [TCP segment of a reassembled PDU]"
"21737","31.285724575","192.168.1.55","192.168.1.2","TCP","1514","8004  >  35870 [PSH, ACK] Seq=186982 Ack=144 Win=65024 Len=1448 TSval=2916035366 TSecr=3045555139 [TCP segment of a reassembled PDU]"
"21738","31.291295806","192.168.1.2","192.168.1.55","TCP","66","35870  >  8004 [ACK] Seq=144 Ack=102998 Win=88064 Len=0 TSval=3045555146 TSecr=2916035364"
"21739","31.291307992","192.168.1.55","192.168.1.2","TCP","1514","8004  >  35870 [ACK] Seq=188430 Ack=144 Win=65024 Len=1448 TSval=2916035372 TSecr=3045555146 [TCP segment of a reassembled PDU]"
"21740","31.291466955","192.168.1.2","192.168.1.55","TCP","66","35870  >  8004 [ACK] Seq=144 Ack=118926 Win=91136 Len=0 TSval=3045555146 TSecr=2916035365"
"21741","31.291483529","192.168.1.55","192.168.1.2","TCP","1514","8004  >  35870 [ACK] Seq=189878 Ack=144 Win=65024 Len=1448 TSval=2916035372 TSecr=3045555146 [TCP segment of a reassembled PDU]"
"21742","31.291485547","192.168.1.55","192.168.1.2","TCP","1514","8004  >  35870 [ACK] Seq=191326 Ack=144 Win=65024 Len=1448 TSval=2916035372 TSecr=3045555146 [TCP segment of a reassembled PDU]"
"21743","31.291486603","192.168.1.55","192.168.1.2","TCP","1514","8004  >  35870 [ACK] Seq=192774 Ack=144 Win=65024 Len=1448 TSval=2916035372 TSecr=3045555146 [TCP segment of a reassembled PDU]"
"21744","31.291487658","192.168.1.55","192.168.1.2","TCP","1514","8004  >  35870 [ACK] Seq=194222 Ack=144 Win=65024 Len=1448 TSval=2916035372 TSecr=3045555146 [TCP segment of a reassembled PDU]"
"21745","31.291488881","192.168.1.55","192.168.1.2","TCP","1514","8004  >  35870 [ACK] Seq=195670 Ack=144 Win=65024 Len=1448 TSval=2916035372 TSecr=3045555146 [TCP segment of a reassembled PDU]"
"21746","31.291489918","192.168.1.55","192.168.1.2","TCP","1514","8004  >  35870 [ACK] Seq=197118 Ack=144 Win=65024 Len=1448 TSval=2916035372 TSecr=3045555146 [TCP segment of a reassembled PDU]"
"21747","31.291491103","192.168.1.55","192.168.1.2","TCP","1514","8004  >  35870 [ACK] Seq=198566 Ack=144 Win=65024 Len=1448 TSval=2916035372 TSecr=3045555146 [TCP segment of a reassembled PDU]"
"21748","31.291492158","192.168.1.55","192.168.1.2","TCP","1514","8004  >  35870 [ACK] Seq=200014 Ack=144 Win=65024 Len=1448 TSval=2916035372 TSecr=3045555146 [TCP segment of a reassembled PDU]"
"21749","31.291493233","192.168.1.55","192.168.1.2","TCP","1514","8004  >  35870 [ACK] Seq=201462 Ack=144 Win=65024 Len=1448 TSval=2916035372 TSecr=3045555146 [TCP segment of a reassembled PDU]"
"21750","31.291494473","192.168.1.55","192.168.1.2","TCP","1514","8004  >  35870 [ACK] Seq=202910 Ack=144 Win=65024 Len=1448 TSval=2916035372 TSecr=3045555146 [TCP segment of a reassembled PDU]"
"21751","31.291495547","192.168.1.55","192.168.1.2","TCP","1514","8004  >  35870 [PSH, ACK] Seq=204358 Ack=144 Win=65024 Len=1448 TSval=2916035372 TSecr=3045555146 [TCP segment of a reassembled PDU]"
"21752","31.291499770","192.168.1.2","192.168.1.55","TCP","66","35870  >  8004 [ACK] Seq=144 Ack=160726 Win=64512 Len=0 TSval=3045555146 TSecr=2916035365"
"21753","31.291507621","192.168.1.2","192.168.1.55","TCP","66","35870  >  8004 [ACK] Seq=144 Ack=188430 Win=51200 Len=0 TSval=3045555146 TSecr=2916035366"
"21754","31.291536825","192.168.1.55","192.168.1.2","TCP","1514","8004  >  35870 [ACK] Seq=205806 Ack=144 Win=65024 Len=1448 TSval=2916035372 TSecr=3045555146 [TCP segment of a reassembled PDU]"
"21755","31.291538196","192.168.1.55","192.168.1.2","TCP","1514","8004  >  35870 [ACK] Seq=207254 Ack=144 Win=65024 Len=1448 TSval=2916035372 TSecr=3045555146 [TCP segment of a reassembled PDU]"
"21756","31.291539233","192.168.1.55","192.168.1.2","TCP","1514","8004  >  35870 [ACK] Seq=208702 Ack=144 Win=65024 Len=1448 TSval=2916035372 TSecr=3045555146 [TCP segment of a reassembled PDU]"
"21757","31.291540455","192.168.1.55","192.168.1.2","TCP","1514","8004  >  35870 [ACK] Seq=210150 Ack=144 Win=65024 Len=1448 TSval=2916035372 TSecr=3045555146 [TCP segment of a reassembled PDU]"
"21758","31.291541714","192.168.1.55","192.168.1.2","TCP","1514","8004  >  35870 [ACK] Seq=211598 Ack=144 Win=65024 Len=1448 TSval=2916035372 TSecr=3045555146 [TCP segment of a reassembled PDU]"
"21759","31.291543122","192.168.1.55","192.168.1.2","TCP","1514","8004  >  35870 [ACK] Seq=213046 Ack=144 Win=65024 Len=1448 TSval=2916035372 TSecr=3045555146 [TCP segment of a reassembled PDU]"
"21760","31.291544196","192.168.1.55","192.168.1.2","TCP","1514","8004  >  35870 [ACK] Seq=214494 Ack=144 Win=65024 Len=1448 TSval=2916035372 TSecr=3045555146 [TCP segment of a reassembled PDU]"
"21761","31.291545399","192.168.1.55","192.168.1.2","TCP","1514","8004  >  35870 [ACK] Seq=215942 Ack=144 Win=65024 Len=1448 TSval=2916035372 TSecr=3045555146 [TCP segment of a reassembled PDU]"
"21762","31.291546696","192.168.1.55","192.168.1.2","TCP","1514","8004  >  35870 [ACK] Seq=217390 Ack=144 Win=65024 Len=1448 TSval=2916035372 TSecr=3045555146 [TCP segment of a reassembled PDU]"
"21763","31.291547770","192.168.1.55","192.168.1.2","TCP","1514","8004  >  35870 [ACK] Seq=218838 Ack=144 Win=65024 Len=1448 TSval=2916035372 TSecr=3045555146 [TCP segment of a reassembled PDU]"
"21764","31.291548844","192.168.1.55","192.168.1.2","TCP","1514","8004  >  35870 [ACK] Seq=220286 Ack=144 Win=65024 Len=1448 TSval=2916035372 TSecr=3045555146 [TCP segment of a reassembled PDU]"
"21765","31.291549973","192.168.1.55","192.168.1.2","TCP","1514","8004  >  35870 [ACK] Seq=221734 Ack=144 Win=65024 Len=1448 TSval=2916035372 TSecr=3045555146 [TCP segment of a reassembled PDU]"
"21766","31.291551103","192.168.1.55","192.168.1.2","TCP","1514","8004  >  35870 [ACK] Seq=223182 Ack=144 Win=65024 Len=1448 TSval=2916035372 TSecr=3045555146 [TCP segment of a reassembled PDU]"
"21767","31.291552288","192.168.1.55","192.168.1.2","TCP","1514","8004  >  35870 [ACK] Seq=224630 Ack=144 Win=65024 Len=1448 TSval=2916035372 TSecr=3045555146 [TCP segment of a reassembled PDU]"
"21768","31.291553344","192.168.1.55","192.168.1.2","TCP","1514","8004  >  35870 [ACK] Seq=226078 Ack=144 Win=65024 Len=1448 TSval=2916035372 TSecr=3045555146 [TCP segment of a reassembled PDU]"
"21769","31.291554399","192.168.1.55","192.168.1.2","TCP","1514","8004  >  35870 [ACK] Seq=227526 Ack=144 Win=65024 Len=1448 TSval=2916035372 TSecr=3045555146 [TCP segment of a reassembled PDU]"
"21770","31.291555640","192.168.1.55","192.168.1.2","TCP","1514","8004  >  35870 [ACK] Seq=228974 Ack=144 Win=65024 Len=1448 TSval=2916035372 TSecr=3045555146 [TCP segment of a reassembled PDU]"
"21771","31.291556659","192.168.1.55","192.168.1.2","TCP","1514","8004  >  35870 [ACK] Seq=230422 Ack=144 Win=65024 Len=1448 TSval=2916035372 TSecr=3045555146 [TCP segment of a reassembled PDU]"
"21772","31.291558047","192.168.1.55","192.168.1.2","TCP","1514","8004  >  35870 [ACK] Seq=231870 Ack=144 Win=65024 Len=1448 TSval=2916035372 TSecr=3045555146 [TCP segment of a reassembled PDU]"
"21773","31.291559103","192.168.1.55","192.168.1.2","TCP","1514","8004  >  35870 [ACK] Seq=233318 Ack=144 Win=65024 Len=1448 TSval=2916035372 TSecr=3045555146 [TCP segment of a reassembled PDU]"
"21774","31.291560140","192.168.1.55","192.168.1.2","TCP","1514","8004  >  35870 [ACK] Seq=234766 Ack=144 Win=65024 Len=1448 TSval=2916035372 TSecr=3045555146 [TCP segment of a reassembled PDU]"
"21775","31.291561436","192.168.1.55","192.168.1.2","TCP","1514","8004  >  35870 [ACK] Seq=236214 Ack=144 Win=65024 Len=1448 TSval=2916035372 TSecr=3045555146 [TCP segment of a reassembled PDU]"
"21776","31.291562529","192.168.1.55","192.168.1.2","TCP","1514","8004  >  35870 [ACK] Seq=237662 Ack=144 Win=65024 Len=1448 TSval=2916035372 TSecr=3045555146 [TCP segment of a reassembled PDU]"
"21777","31.291563696","192.168.1.55","192.168.1.2","TCP","586","[TCP Window Full] 8004  >  35870 [PSH, ACK] Seq=239110 Ack=144 Win=65024 Len=520 TSval=2916035372 TSecr=3045555146 [TCP segment of a reassembled PDU]"
"21778","31.296242018","192.168.1.2","192.168.1.55","TCP","66","35870  >  8004 [ACK] Seq=144 Ack=205806 Win=100352 Len=0 TSval=3045555151 TSecr=2916035372"
"21779","31.296259740","192.168.1.55","192.168.1.2","TCP","1514","8004  >  35870 [ACK] Seq=239630 Ack=144 Win=65024 Len=1448 TSval=2916035376 TSecr=3045555151 [TCP segment of a reassembled PDU]"
"21780","31.296262222","192.168.1.55","192.168.1.2","TCP","1514","8004  >  35870 [ACK] Seq=241078 Ack=144 Win=65024 Len=1448 TSval=2916035376 TSecr=3045555151 [TCP segment of a reassembled PDU]"
"21781","31.296263592","192.168.1.55","192.168.1.2","TCP","1514","8004  >  35870 [ACK] Seq=242526 Ack=144 Win=65024 Len=1448 TSval=2916035376 TSecr=3045555151 [TCP segment of a reassembled PDU]"
"21782","31.296264870","192.168.1.55","192.168.1.2","TCP","1514","8004  >  35870 [ACK] Seq=243974 Ack=144 Win=65024 Len=1448 TSval=2916035376 TSecr=3045555151 [TCP segment of a reassembled PDU]"
"21783","31.296266351","192.168.1.55","192.168.1.2","TCP","1514","8004  >  35870 [ACK] Seq=245422 Ack=144 Win=65024 Len=1448 TSval=2916035376 TSecr=3045555151 [TCP segment of a reassembled PDU]"
"21784","31.296267703","192.168.1.55","192.168.1.2","TCP","1514","8004  >  35870 [ACK] Seq=246870 Ack=144 Win=65024 Len=1448 TSval=2916035376 TSecr=3045555151 [TCP segment of a reassembled PDU]"
"21785","31.296269222","192.168.1.55","192.168.1.2","TCP","1514","8004  >  35870 [ACK] Seq=248318 Ack=144 Win=65024 Len=1448 TSval=2916035376 TSecr=3045555151 [TCP segment of a reassembled PDU]"
"21786","31.296270499","192.168.1.55","192.168.1.2","TCP","994","8004  >  35870 [PSH, ACK] Seq=249766 Ack=144 Win=65024 Len=928 TSval=2916035376 TSecr=3045555151 [TCP segment of a reassembled PDU]"
"21787","31.296306592","192.168.1.55","192.168.1.2","TCP","1514","8004  >  35870 [ACK] Seq=250694 Ack=144 Win=65024 Len=1448 TSval=2916035376 TSecr=3045555151 [TCP segment of a reassembled PDU]"
"21788","31.296308444","192.168.1.55","192.168.1.2","TCP","1514","8004  >  35870 [ACK] Seq=252142 Ack=144 Win=65024 Len=1448 TSval=2916035376 TSecr=3045555151 [TCP segment of a reassembled PDU]"
"21789","31.296310018","192.168.1.55","192.168.1.2","TCP","1514","8004  >  35870 [ACK] Seq=253590 Ack=144 Win=65024 Len=1448 TSval=2916035376 TSecr=3045555151 [TCP segment of a reassembled PDU]"
"21790","31.296311888","192.168.1.55","192.168.1.2","TCP","1514","8004  >  35870 [ACK] Seq=255038 Ack=144 Win=65024 Len=1448 TSval=2916035376 TSecr=3045555151 [TCP segment of a reassembled PDU]"
"21791","31.296313666","192.168.1.55","192.168.1.2","TCP","1514","8004  >  35870 [ACK] Seq=256486 Ack=144 Win=65024 Len=1448 TSval=2916035376 TSecr=3045555151 [TCP segment of a reassembled PDU]"
"21792","31.296315055","192.168.1.55","192.168.1.2","TCP","1514","8004  >  35870 [ACK] Seq=257934 Ack=144 Win=65024 Len=1448 TSval=2916035376 TSecr=3045555151 [TCP segment of a reassembled PDU]"
"21793","31.296316555","192.168.1.55","192.168.1.2","TCP","1514","8004  >  35870 [ACK] Seq=259382 Ack=144 Win=65024 Len=1448 TSval=2916035376 TSecr=3045555151 [TCP segment of a reassembled PDU]"
"21794","31.296317944","192.168.1.55","192.168.1.2","TCP","1514","8004  >  35870 [ACK] Seq=260830 Ack=144 Win=65024 Len=1448 TSval=2916035376 TSecr=3045555151 [TCP segment of a reassembled PDU]"
"21795","31.296319536","192.168.1.55","192.168.1.2","TCP","1514","8004  >  35870 [ACK] Seq=262278 Ack=144 Win=65024 Len=1448 TSval=2916035376 TSecr=3045555151 [TCP segment of a reassembled PDU]"
"21796","31.296320999","192.168.1.55","192.168.1.2","TCP","1514","8004  >  35870 [ACK] Seq=263726 Ack=144 Win=65024 Len=1448 TSval=2916035376 TSecr=3045555151 [TCP segment of a reassembled PDU]"
"21797","31.296322555","192.168.1.55","192.168.1.2","TCP","1514","8004  >  35870 [ACK] Seq=265174 Ack=144 Win=65024 Len=1448 TSval=2916035376 TSecr=3045555151 [TCP segment of a reassembled PDU]"
"21798","31.296323888","192.168.1.55","192.168.1.2","TCP","1514","8004  >  35870 [ACK] Seq=266622 Ack=144 Win=65024 Len=1448 TSval=2916035376 TSecr=3045555151 [TCP segment of a reassembled PDU]"
"21799","31.296325203","192.168.1.55","192.168.1.2","TCP","1514","8004  >  35870 [ACK] Seq=268070 Ack=144 Win=65024 Len=1448 TSval=2916035376 TSecr=3045555151 [TCP segment of a reassembled PDU]"
"21800","31.296326592","192.168.1.55","192.168.1.2","TCP","1514","8004  >  35870 [ACK] Seq=269518 Ack=144 Win=65024 Len=1448 TSval=2916035376 TSecr=3045555151 [TCP segment of a reassembled PDU]"
"21801","31.296328555","192.168.1.55","192.168.1.2","TCP","1514","8004  >  35870 [ACK] Seq=270966 Ack=144 Win=65024 Len=1448 TSval=2916035376 TSecr=3045555151 [TCP segment of a reassembled PDU]"
"21802","31.296329944","192.168.1.55","192.168.1.2","TCP","1514","8004  >  35870 [ACK] Seq=272414 Ack=144 Win=65024 Len=1448 TSval=2916035376 TSecr=3045555151 [TCP segment of a reassembled PDU]"
"21803","31.296331370","192.168.1.55","192.168.1.2","TCP","1514","8004  >  35870 [ACK] Seq=273862 Ack=144 Win=65024 Len=1448 TSval=2916035376 TSecr=3045555151 [TCP segment of a reassembled PDU]"
"21804","31.296332666","192.168.1.55","192.168.1.2","TCP","1514","8004  >  35870 [ACK] Seq=275310 Ack=144 Win=65024 Len=1448 TSval=2916035376 TSecr=3045555151 [TCP segment of a reassembled PDU]"
"21805","31.296334185","192.168.1.55","192.168.1.2","TCP","1514","8004  >  35870 [ACK] Seq=276758 Ack=144 Win=65024 Len=1448 TSval=2916035376 TSecr=3045555151 [TCP segment of a reassembled PDU]"
"21806","31.296335981","192.168.1.55","192.168.1.2","TCP","1514","8004  >  35870 [ACK] Seq=278206 Ack=144 Win=65024 Len=1448 TSval=2916035376 TSecr=3045555151 [TCP segment of a reassembled PDU]"
"21807","31.296337444","192.168.1.55","192.168.1.2","TCP","1514","8004  >  35870 [ACK] Seq=279654 Ack=144 Win=65024 Len=1448 TSval=2916035376 TSecr=3045555151 [TCP segment of a reassembled PDU]"
"21808","31.296338759","192.168.1.55","192.168.1.2","TCP","1514","8004  >  35870 [ACK] Seq=281102 Ack=144 Win=65024 Len=1448 TSval=2916035376 TSecr=3045555151 [TCP segment of a reassembled PDU]"
"21809","31.296340074","192.168.1.55","192.168.1.2","TCP","1514","8004  >  35870 [ACK] Seq=282550 Ack=144 Win=65024 Len=1448 TSval=2916035376 TSecr=3045555151 [TCP segment of a reassembled PDU]"
"21810","31.296341629","192.168.1.55","192.168.1.2","TCP","1514","8004  >  35870 [ACK] Seq=283998 Ack=144 Win=65024 Len=1448 TSval=2916035376 TSecr=3045555151 [TCP segment of a reassembled PDU]"
"21811","31.296343240","192.168.1.55","192.168.1.2","TCP","1514","8004  >  35870 [ACK] Seq=285446 Ack=144 Win=65024 Len=1448 TSval=2916035376 TSecr=3045555151 [TCP segment of a reassembled PDU]"
"21812","31.296344648","192.168.1.55","192.168.1.2","TCP","1514","8004  >  35870 [ACK] Seq=286894 Ack=144 Win=65024 Len=1448 TSval=2916035376 TSecr=3045555151 [TCP segment of a reassembled PDU]"
"21813","31.296345944","192.168.1.55","192.168.1.2","TCP","1514","8004  >  35870 [ACK] Seq=288342 Ack=144 Win=65024 Len=1448 TSval=2916035376 TSecr=3045555151 [TCP segment of a reassembled PDU]"
"21814","31.296347222","192.168.1.55","192.168.1.2","TCP","1514","8004  >  35870 [ACK] Seq=289790 Ack=144 Win=65024 Len=1448 TSval=2916035376 TSecr=3045555151 [TCP segment of a reassembled PDU]"
"21815","31.296348648","192.168.1.55","192.168.1.2","TCP","1514","8004  >  35870 [ACK] Seq=291238 Ack=144 Win=65024 Len=1448 TSval=2916035376 TSecr=3045555151 [TCP segment of a reassembled PDU]"
"21816","31.296350037","192.168.1.55","192.168.1.2","TCP","1514","8004  >  35870 [ACK] Seq=292686 Ack=144 Win=65024 Len=1448 TSval=2916035376 TSecr=3045555151 [TCP segment of a reassembled PDU]"
"21817","31.296351388","192.168.1.55","192.168.1.2","TCP","1514","8004  >  35870 [PSH, ACK] Seq=294134 Ack=144 Win=65024 Len=1448 TSval=2916035376 TSecr=3045555151 [TCP segment of a reassembled PDU]"
"21818","31.296390388","192.168.1.2","192.168.1.55","TCP","66","35870  >  8004 [ACK] Seq=144 Ack=239630 Win=100352 Len=0 TSval=3045555151 TSecr=2916035372"
"21819","31.296438370","192.168.1.55","192.168.1.2","TCP","1514","8004  >  35870 [ACK] Seq=295582 Ack=144 Win=65024 Len=1448 TSval=2916035377 TSecr=3045555151 [TCP segment of a reassembled PDU]"
"21820","31.296440740","192.168.1.55","192.168.1.2","TCP","1514","8004  >  35870 [ACK] Seq=297030 Ack=144 Win=65024 Len=1448 TSval=2916035377 TSecr=3045555151 [TCP segment of a reassembled PDU]"
"21821","31.296442129","192.168.1.55","192.168.1.2","TCP","1514","8004  >  35870 [ACK] Seq=298478 Ack=144 Win=65024 Len=1448 TSval=2916035377 TSecr=3045555151 [TCP segment of a reassembled PDU]"
"21822","31.296443481","192.168.1.55","192.168.1.2","TCP","1514","8004  >  35870 [ACK] Seq=299926 Ack=144 Win=65024 Len=1448 TSval=2916035377 TSecr=3045555151 [TCP segment of a reassembled PDU]"
"21823","31.296445166","192.168.1.55","192.168.1.2","TCP","1514","8004  >  35870 [ACK] Seq=301374 Ack=144 Win=65024 Len=1448 TSval=2916035377 TSecr=3045555151 [TCP segment of a reassembled PDU]"
"21824","31.296447055","192.168.1.55","192.168.1.2","TCP","1514","8004  >  35870 [ACK] Seq=302822 Ack=144 Win=65024 Len=1448 TSval=2916035377 TSecr=3045555151 [TCP segment of a reassembled PDU]"
"21825","31.296448463","192.168.1.55","192.168.1.2","TCP","1514","8004  >  35870 [ACK] Seq=304270 Ack=144 Win=65024 Len=1448 TSval=2916035377 TSecr=3045555151 [TCP segment of a reassembled PDU]"
"21826","31.296449814","192.168.1.55","192.168.1.2","TCP","1514","8004  >  35870 [ACK] Seq=305718 Ack=144 Win=65024 Len=1448 TSval=2916035377 TSecr=3045555151 [TCP segment of a reassembled PDU]"
"21827","31.296451092","192.168.1.55","192.168.1.2","TCP","1514","8004  >  35870 [ACK] Seq=307166 Ack=144 Win=65024 Len=1448 TSval=2916035377 TSecr=3045555151 [TCP segment of a reassembled PDU]"
"21828","31.296452481","192.168.1.55","192.168.1.2","TCP","1514","8004  >  35870 [ACK] Seq=308614 Ack=144 Win=65024 Len=1448 TSval=2916035377 TSecr=3045555151 [TCP segment of a reassembled PDU]"
"21829","31.296453870","192.168.1.55","192.168.1.2","TCP","1514","8004  >  35870 [ACK] Seq=310062 Ack=144 Win=65024 Len=1448 TSval=2916035377 TSecr=3045555151 [TCP segment of a reassembled PDU]"
"21830","31.296455222","192.168.1.55","192.168.1.2","TCP","1514","8004  >  35870 [ACK] Seq=311510 Ack=144 Win=65024 Len=1448 TSval=2916035377 TSecr=3045555151 [TCP segment of a reassembled PDU]"
"21831","31.296456685","192.168.1.55","192.168.1.2","TCP","1514","8004  >  35870 [ACK] Seq=312958 Ack=144 Win=65024 Len=1448 TSval=2916035377 TSecr=3045555151 [TCP segment of a reassembled PDU]"
"21832","31.296458018","192.168.1.55","192.168.1.2","TCP","1514","8004  >  35870 [ACK] Seq=314406 Ack=144 Win=65024 Len=1448 TSval=2916035377 TSecr=3045555151 [TCP segment of a reassembled PDU]"
"21833","31.296459314","192.168.1.55","192.168.1.2","TCP","1514","8004  >  35870 [ACK] Seq=315854 Ack=144 Win=65024 Len=1448 TSval=2916035377 TSecr=3045555151 [TCP segment of a reassembled PDU]"
"21834","31.296460611","192.168.1.55","192.168.1.2","TCP","1514","8004  >  35870 [ACK] Seq=317302 Ack=144 Win=65024 Len=1448 TSval=2916035377 TSecr=3045555151 [TCP segment of a reassembled PDU]"
"21835","31.296461889","192.168.1.55","192.168.1.2","TCP","1514","8004  >  35870 [ACK] Seq=318750 Ack=144 Win=65024 Len=1448 TSval=2916035377 TSecr=3045555151 [TCP segment of a reassembled PDU]"
"21836","31.296463314","192.168.1.55","192.168.1.2","TCP","1514","8004  >  35870 [ACK] Seq=320198 Ack=144 Win=65024 Len=1448 TSval=2916035377 TSecr=3045555151 [TCP segment of a reassembled PDU]"
"21837","31.296464685","192.168.1.55","192.168.1.2","TCP","1514","8004  >  35870 [ACK] Seq=321646 Ack=144 Win=65024 Len=1448 TSval=2916035377 TSecr=3045555151 [TCP segment of a reassembled PDU]"
"21838","31.296466129","192.168.1.55","192.168.1.2","TCP","1514","8004  >  35870 [ACK] Seq=323094 Ack=144 Win=65024 Len=1448 TSval=2916035377 TSecr=3045555151 [TCP segment of a reassembled PDU]"
"21839","31.296467500","192.168.1.55","192.168.1.2","TCP","1514","8004  >  35870 [ACK] Seq=324542 Ack=144 Win=65024 Len=1448 TSval=2916035377 TSecr=3045555151 [TCP segment of a reassembled PDU]"
"21840","31.296469129","192.168.1.55","192.168.1.2","TCP","1514","8004  >  35870 [ACK] Seq=325990 Ack=144 Win=65024 Len=1448 TSval=2916035377 TSecr=3045555151 [TCP segment of a reassembled PDU]"
"21841","31.296470611","192.168.1.55","192.168.1.2","TCP","1514","8004  >  35870 [ACK] Seq=327438 Ack=144 Win=65024 Len=1448 TSval=2916035377 TSecr=3045555151 [TCP segment of a reassembled PDU]"
"21842","31.296472037","192.168.1.55","192.168.1.2","TCP","1514","8004  >  35870 [ACK] Seq=328886 Ack=144 Win=65024 Len=1448 TSval=2916035377 TSecr=3045555151 [TCP segment of a reassembled PDU]"
"21843","31.296473611","192.168.1.55","192.168.1.2","TCP","1514","8004  >  35870 [ACK] Seq=330334 Ack=144 Win=65024 Len=1448 TSval=2916035377 TSecr=3045555151 [TCP segment of a reassembled PDU]"
"21844","31.296475000","192.168.1.55","192.168.1.2","TCP","1514","8004  >  35870 [ACK] Seq=331782 Ack=144 Win=65024 Len=1448 TSval=2916035377 TSecr=3045555151 [TCP segment of a reassembled PDU]"
"21845","31.296476611","192.168.1.55","192.168.1.2","TCP","1514","8004  >  35870 [ACK] Seq=333230 Ack=144 Win=65024 Len=1448 TSval=2916035377 TSecr=3045555151 [TCP segment of a reassembled PDU]"
"21846","31.296478074","192.168.1.55","192.168.1.2","TCP","1514","8004  >  35870 [ACK] Seq=334678 Ack=144 Win=65024 Len=1448 TSval=2916035377 TSecr=3045555151 [TCP segment of a reassembled PDU]"
"21847","31.296479537","192.168.1.55","192.168.1.2","TCP","1514","8004  >  35870 [ACK] Seq=336126 Ack=144 Win=65024 Len=1448 TSval=2916035377 TSecr=3045555151 [TCP segment of a reassembled PDU]"
"21848","31.296480907","192.168.1.55","192.168.1.2","TCP","1514","8004  >  35870 [PSH, ACK] Seq=337574 Ack=144 Win=65024 Len=1448 TSval=2916035377 TSecr=3045555151 [TCP segment of a reassembled PDU]"
"21849","31.303932437","192.168.1.2","192.168.1.55","TCP","66","35870  >  8004 [ACK] Seq=144 Ack=250694 Win=122880 Len=0 TSval=3045555158 TSecr=2916035376"
"21850","31.303944882","192.168.1.55","192.168.1.2","TCP","1514","8004  >  35870 [ACK] Seq=339022 Ack=144 Win=65024 Len=1448 TSval=2916035384 TSecr=3045555158 [TCP segment of a reassembled PDU]"
"21851","31.304118678","192.168.1.2","192.168.1.55","TCP","66","35870  >  8004 [ACK] Seq=144 Ack=295582 Win=99328 Len=0 TSval=3045555158 TSecr=2916035376"
"21852","31.304155864","192.168.1.55","192.168.1.2","TCP","1514","8004  >  35870 [ACK] Seq=340470 Ack=144 Win=65024 Len=1448 TSval=2916035384 TSecr=3045555158 [TCP segment of a reassembled PDU]"
"21853","31.304158456","192.168.1.55","192.168.1.2","TCP","1514","8004  >  35870 [ACK] Seq=341918 Ack=144 Win=65024 Len=1448 TSval=2916035384 TSecr=3045555158 [TCP segment of a reassembled PDU]"
"21854","31.304159956","192.168.1.55","192.168.1.2","TCP","1514","8004  >  35870 [ACK] Seq=343366 Ack=144 Win=65024 Len=1448 TSval=2916035384 TSecr=3045555158 [TCP segment of a reassembled PDU]"
"21855","31.304161382","192.168.1.55","192.168.1.2","TCP","1514","8004  >  35870 [ACK] Seq=344814 Ack=144 Win=65024 Len=1448 TSval=2916035384 TSecr=3045555158 [TCP segment of a reassembled PDU]"
"21856","31.304162771","192.168.1.55","192.168.1.2","TCP","1514","8004  >  35870 [ACK] Seq=346262 Ack=144 Win=65024 Len=1448 TSval=2916035384 TSecr=3045555158 [TCP segment of a reassembled PDU]"
"21857","31.304164104","192.168.1.55","192.168.1.2","TCP","1514","8004  >  35870 [ACK] Seq=347710 Ack=144 Win=65024 Len=1448 TSval=2916035384 TSecr=3045555158 [TCP segment of a reassembled PDU]"
"21858","31.304165604","192.168.1.55","192.168.1.2","TCP","1514","8004  >  35870 [ACK] Seq=349158 Ack=144 Win=65024 Len=1448 TSval=2916035384 TSecr=3045555158 [TCP segment of a reassembled PDU]"
"21859","31.304167030","192.168.1.55","192.168.1.2","TCP","1514","8004  >  35870 [ACK] Seq=350606 Ack=144 Win=65024 Len=1448 TSval=2916035384 TSecr=3045555158 [TCP segment of a reassembled PDU]"
"21860","31.304168345","192.168.1.55","192.168.1.2","TCP","1514","8004  >  35870 [ACK] Seq=352054 Ack=144 Win=65024 Len=1448 TSval=2916035384 TSecr=3045555158 [TCP segment of a reassembled PDU]"
"21861","31.304169845","192.168.1.55","192.168.1.2","TCP","1514","8004  >  35870 [ACK] Seq=353502 Ack=144 Win=65024 Len=1448 TSval=2916035384 TSecr=3045555158 [TCP segment of a reassembled PDU]"
"21862","31.304171215","192.168.1.55","192.168.1.2","TCP","1514","8004  >  35870 [ACK] Seq=354950 Ack=144 Win=65024 Len=1448 TSval=2916035384 TSecr=3045555158 [TCP segment of a reassembled PDU]"
"21863","31.304172586","192.168.1.55","192.168.1.2","TCP","1514","8004  >  35870 [ACK] Seq=356398 Ack=144 Win=65024 Len=1448 TSval=2916035384 TSecr=3045555158 [TCP segment of a reassembled PDU]"
"21864","31.304173975","192.168.1.55","192.168.1.2","TCP","1514","8004  >  35870 [ACK] Seq=357846 Ack=144 Win=65024 Len=1448 TSval=2916035384 TSecr=3045555158 [TCP segment of a reassembled PDU]"
"21865","31.304175345","192.168.1.55","192.168.1.2","TCP","1514","8004  >  35870 [ACK] Seq=359294 Ack=144 Win=65024 Len=1448 TSval=2916035384 TSecr=3045555158 [TCP segment of a reassembled PDU]"
"21866","31.304176808","192.168.1.55","192.168.1.2","TCP","1514","8004  >  35870 [ACK] Seq=360742 Ack=144 Win=65024 Len=1448 TSval=2916035384 TSecr=3045555158 [TCP segment of a reassembled PDU]"
"21867","31.304178215","192.168.1.55","192.168.1.2","TCP","1514","8004  >  35870 [ACK] Seq=362190 Ack=144 Win=65024 Len=1448 TSval=2916035384 TSecr=3045555158 [TCP segment of a reassembled PDU]"
"21868","31.304180271","192.168.1.55","192.168.1.2","TCP","1514","8004  >  35870 [ACK] Seq=363638 Ack=144 Win=65024 Len=1448 TSval=2916035384 TSecr=3045555158 [TCP segment of a reassembled PDU]"
"21869","31.304181678","192.168.1.55","192.168.1.2","TCP","1514","8004  >  35870 [ACK] Seq=365086 Ack=144 Win=65024 Len=1448 TSval=2916035384 TSecr=3045555158 [TCP segment of a reassembled PDU]"
"21870","31.304183049","192.168.1.55","192.168.1.2","TCP","1514","8004  >  35870 [ACK] Seq=366534 Ack=144 Win=65024 Len=1448 TSval=2916035384 TSecr=3045555158 [TCP segment of a reassembled PDU]"
"21871","31.304184493","192.168.1.55","192.168.1.2","TCP","1514","8004  >  35870 [ACK] Seq=367982 Ack=144 Win=65024 Len=1448 TSval=2916035384 TSecr=3045555158 [TCP segment of a reassembled PDU]"
"21872","31.304185827","192.168.1.55","192.168.1.2","TCP","1514","8004  >  35870 [ACK] Seq=369430 Ack=144 Win=65024 Len=1448 TSval=2916035384 TSecr=3045555158 [TCP segment of a reassembled PDU]"
"21873","31.304187253","192.168.1.55","192.168.1.2","TCP","1514","8004  >  35870 [ACK] Seq=370878 Ack=144 Win=65024 Len=1448 TSval=2916035384 TSecr=3045555158 [TCP segment of a reassembled PDU]"
"21874","31.304188734","192.168.1.55","192.168.1.2","TCP","1514","8004  >  35870 [ACK] Seq=372326 Ack=144 Win=65024 Len=1448 TSval=2916035384 TSecr=3045555158 [TCP segment of a reassembled PDU]"
"21875","31.304190123","192.168.1.55","192.168.1.2","TCP","1514","8004  >  35870 [ACK] Seq=373774 Ack=144 Win=65024 Len=1448 TSval=2916035384 TSecr=3045555158 [TCP segment of a reassembled PDU]"
"21876","31.304191438","192.168.1.55","192.168.1.2","TCP","1514","8004  >  35870 [ACK] Seq=375222 Ack=144 Win=65024 Len=1448 TSval=2916035384 TSecr=3045555158 [TCP segment of a reassembled PDU]"
"21877","31.304192827","192.168.1.55","192.168.1.2","TCP","1514","8004  >  35870 [ACK] Seq=376670 Ack=144 Win=65024 Len=1448 TSval=2916035384 TSecr=3045555158 [TCP segment of a reassembled PDU]"
"21878","31.304194234","192.168.1.55","192.168.1.2","TCP","1514","8004  >  35870 [ACK] Seq=378118 Ack=144 Win=65024 Len=1448 TSval=2916035384 TSecr=3045555158 [TCP segment of a reassembled PDU]"
"21879","31.304195771","192.168.1.55","192.168.1.2","TCP","1514","8004  >  35870 [ACK] Seq=379566 Ack=144 Win=65024 Len=1448 TSval=2916035384 TSecr=3045555158 [TCP segment of a reassembled PDU]"
"21880","31.304197271","192.168.1.55","192.168.1.2","TCP","1514","8004  >  35870 [ACK] Seq=381014 Ack=144 Win=65024 Len=1448 TSval=2916035384 TSecr=3045555158 [TCP segment of a reassembled PDU]"
"21881","31.304198678","192.168.1.55","192.168.1.2","TCP","1514","8004  >  35870 [ACK] Seq=382462 Ack=144 Win=65024 Len=1448 TSval=2916035384 TSecr=3045555158 [TCP segment of a reassembled PDU]"
"21882","31.304200049","192.168.1.55","192.168.1.2","TCP","1514","8004  >  35870 [PSH, ACK] Seq=383910 Ack=144 Win=65024 Len=1448 TSval=2916035384 TSecr=3045555158 [TCP segment of a reassembled PDU]"
"21883","31.304204808","192.168.1.2","192.168.1.55","TCP","66","35870  >  8004 [ACK] Seq=144 Ack=333230 Win=62464 Len=0 TSval=3045555158 TSecr=2916035377"
"21884","31.304213419","192.168.1.2","192.168.1.55","TCP","66","35870  >  8004 [ACK] Seq=144 Ack=339022 Win=132096 Len=0 TSval=3045555159 TSecr=2916035377"
"21885","31.304252586","192.168.1.55","192.168.1.2","TCP","1514","8004  >  35870 [ACK] Seq=385358 Ack=144 Win=65024 Len=1448 TSval=2916035384 TSecr=3045555159 [TCP segment of a reassembled PDU]"
"21886","31.304254808","192.168.1.55","192.168.1.2","TCP","1514","8004  >  35870 [ACK] Seq=386806 Ack=144 Win=65024 Len=1448 TSval=2916035384 TSecr=3045555159 [TCP segment of a reassembled PDU]"
"21887","31.304256142","192.168.1.55","192.168.1.2","TCP","1514","8004  >  35870 [ACK] Seq=388254 Ack=144 Win=65024 Len=1448 TSval=2916035384 TSecr=3045555159 [TCP segment of a reassembled PDU]"
"21888","31.304257586","192.168.1.55","192.168.1.2","TCP","1514","8004  >  35870 [ACK] Seq=389702 Ack=144 Win=65024 Len=1448 TSval=2916035384 TSecr=3045555159 [TCP segment of a reassembled PDU]"
"21889","31.304258938","192.168.1.55","192.168.1.2","TCP","1514","8004  >  35870 [ACK] Seq=391150 Ack=144 Win=65024 Len=1448 TSval=2916035384 TSecr=3045555159 [TCP segment of a reassembled PDU]"
"21890","31.304260271","192.168.1.55","192.168.1.2","TCP","1514","8004  >  35870 [ACK] Seq=392598 Ack=144 Win=65024 Len=1448 TSval=2916035384 TSecr=3045555159 [TCP segment of a reassembled PDU]"
"21891","31.304261679","192.168.1.55","192.168.1.2","TCP","1514","8004  >  35870 [ACK] Seq=394046 Ack=144 Win=65024 Len=1448 TSval=2916035384 TSecr=3045555159 [TCP segment of a reassembled PDU]"
"21892","31.304263142","192.168.1.55","192.168.1.2","TCP","1514","8004  >  35870 [ACK] Seq=395494 Ack=144 Win=65024 Len=1448 TSval=2916035384 TSecr=3045555159 [TCP segment of a reassembled PDU]"
"21893","31.304264586","192.168.1.55","192.168.1.2","TCP","1514","8004  >  35870 [ACK] Seq=396942 Ack=144 Win=65024 Len=1448 TSval=2916035384 TSecr=3045555159 [TCP segment of a reassembled PDU]"
"21894","31.304266290","192.168.1.55","192.168.1.2","TCP","1514","8004  >  35870 [ACK] Seq=398390 Ack=144 Win=65024 Len=1448 TSval=2916035384 TSecr=3045555159 [TCP segment of a reassembled PDU]"
"21895","31.304267771","192.168.1.55","192.168.1.2","TCP","1514","8004  >  35870 [ACK] Seq=399838 Ack=144 Win=65024 Len=1448 TSval=2916035384 TSecr=3045555159 [TCP segment of a reassembled PDU]"
"21896","31.304269345","192.168.1.55","192.168.1.2","TCP","1514","8004  >  35870 [ACK] Seq=401286 Ack=144 Win=65024 Len=1448 TSval=2916035384 TSecr=3045555159 [TCP segment of a reassembled PDU]"
"21897","31.304270734","192.168.1.55","192.168.1.2","TCP","1514","8004  >  35870 [ACK] Seq=402734 Ack=144 Win=65024 Len=1448 TSval=2916035384 TSecr=3045555159 [TCP segment of a reassembled PDU]"
"21898","31.304272123","192.168.1.55","192.168.1.2","TCP","1514","8004  >  35870 [ACK] Seq=404182 Ack=144 Win=65024 Len=1448 TSval=2916035384 TSecr=3045555159 [TCP segment of a reassembled PDU]"
"21899","31.304273901","192.168.1.55","192.168.1.2","TCP","1514","8004  >  35870 [ACK] Seq=405630 Ack=144 Win=65024 Len=1448 TSval=2916035384 TSecr=3045555159 [TCP segment of a reassembled PDU]"
"21900","31.304275271","192.168.1.55","192.168.1.2","TCP","1514","8004  >  35870 [ACK] Seq=407078 Ack=144 Win=65024 Len=1448 TSval=2916035384 TSecr=3045555159 [TCP segment of a reassembled PDU]"
"21901","31.304276771","192.168.1.55","192.168.1.2","TCP","1514","8004  >  35870 [ACK] Seq=408526 Ack=144 Win=65024 Len=1448 TSval=2916035384 TSecr=3045555159 [TCP segment of a reassembled PDU]"
"21902","31.304278179","192.168.1.55","192.168.1.2","TCP","1514","8004  >  35870 [ACK] Seq=409974 Ack=144 Win=65024 Len=1448 TSval=2916035384 TSecr=3045555159 [TCP segment of a reassembled PDU]"
"21903","31.304279493","192.168.1.55","192.168.1.2","TCP","1514","8004  >  35870 [ACK] Seq=411422 Ack=144 Win=65024 Len=1448 TSval=2916035384 TSecr=3045555159 [TCP segment of a reassembled PDU]"
"21904","31.304280938","192.168.1.55","192.168.1.2","TCP","1514","8004  >  35870 [ACK] Seq=412870 Ack=144 Win=65024 Len=1448 TSval=2916035384 TSecr=3045555159 [TCP segment of a reassembled PDU]"
"21905","31.304282253","192.168.1.55","192.168.1.2","TCP","1514","8004  >  35870 [ACK] Seq=414318 Ack=144 Win=65024 Len=1448 TSval=2916035384 TSecr=3045555159 [TCP segment of a reassembled PDU]"
"21906","31.304284142","192.168.1.55","192.168.1.2","TCP","1514","8004  >  35870 [ACK] Seq=415766 Ack=144 Win=65024 Len=1448 TSval=2916035384 TSecr=3045555159 [TCP segment of a reassembled PDU]"
"21907","31.304285549","192.168.1.55","192.168.1.2","TCP","1514","8004  >  35870 [ACK] Seq=417214 Ack=144 Win=65024 Len=1448 TSval=2916035384 TSecr=3045555159 [TCP segment of a reassembled PDU]"
"21908","31.304286901","192.168.1.55","192.168.1.2","TCP","1514","8004  >  35870 [ACK] Seq=418662 Ack=144 Win=65024 Len=1448 TSval=2916035384 TSecr=3045555159 [TCP segment of a reassembled PDU]"
"21909","31.304288345","192.168.1.55","192.168.1.2","TCP","1514","8004  >  35870 [ACK] Seq=420110 Ack=144 Win=65024 Len=1448 TSval=2916035384 TSecr=3045555159 [TCP segment of a reassembled PDU]"
"21910","31.304289882","192.168.1.55","192.168.1.2","TCP","1514","8004  >  35870 [ACK] Seq=421558 Ack=144 Win=65024 Len=1448 TSval=2916035384 TSecr=3045555159 [TCP segment of a reassembled PDU]"
"21911","31.304296012","192.168.1.55","192.168.1.2","TCP","1514","8004  >  35870 [ACK] Seq=423006 Ack=144 Win=65024 Len=1448 TSval=2916035384 TSecr=3045555159 [TCP segment of a reassembled PDU]"
"21912","31.304297586","192.168.1.55","192.168.1.2","TCP","1514","8004  >  35870 [ACK] Seq=424454 Ack=144 Win=65024 Len=1448 TSval=2916035384 TSecr=3045555159 [TCP segment of a reassembled PDU]"
"21913","31.304299012","192.168.1.55","192.168.1.2","TCP","1514","8004  >  35870 [ACK] Seq=425902 Ack=144 Win=65024 Len=1448 TSval=2916035384 TSecr=3045555159 [TCP segment of a reassembled PDU]"
"21914","31.304300401","192.168.1.55","192.168.1.2","TCP","1514","8004  >  35870 [ACK] Seq=427350 Ack=144 Win=65024 Len=1448 TSval=2916035384 TSecr=3045555159 [TCP segment of a reassembled PDU]"
"21915","31.304301753","192.168.1.55","192.168.1.2","TCP","1514","8004  >  35870 [PSH, ACK] Seq=428798 Ack=144 Win=65024 Len=1448 TSval=2916035384 TSecr=3045555159 [TCP segment of a reassembled PDU]"
"21916","31.305506792","192.168.1.55","192.168.1.2","TCP","1514","8004  >  35870 [ACK] Seq=430246 Ack=144 Win=65024 Len=1448 TSval=2916035386 TSecr=3045555159 [TCP segment of a reassembled PDU]"
"21917","31.305509199","192.168.1.55","192.168.1.2","TCP","1514","8004  >  35870 [ACK] Seq=431694 Ack=144 Win=65024 Len=1448 TSval=2916035386 TSecr=3045555159 [TCP segment of a reassembled PDU]"
"21918","31.305510514","192.168.1.55","192.168.1.2","TCP","1514","8004  >  35870 [ACK] Seq=433142 Ack=144 Win=65024 Len=1448 TSval=2916035386 TSecr=3045555159 [TCP segment of a reassembled PDU]"
"21919","31.305511921","192.168.1.55","192.168.1.2","TCP","1514","8004  >  35870 [ACK] Seq=434590 Ack=144 Win=65024 Len=1448 TSval=2916035386 TSecr=3045555159 [TCP segment of a reassembled PDU]"
"21920","31.305513625","192.168.1.55","192.168.1.2","TCP","1514","8004  >  35870 [ACK] Seq=436038 Ack=144 Win=65024 Len=1448 TSval=2916035386 TSecr=3045555159 [TCP segment of a reassembled PDU]"
"21921","31.305515032","192.168.1.55","192.168.1.2","TCP","1514","8004  >  35870 [ACK] Seq=437486 Ack=144 Win=65024 Len=1448 TSval=2916035386 TSecr=3045555159 [TCP segment of a reassembled PDU]"
"21922","31.305516532","192.168.1.55","192.168.1.2","TCP","1514","8004  >  35870 [ACK] Seq=438934 Ack=144 Win=65024 Len=1448 TSval=2916035386 TSecr=3045555159 [TCP segment of a reassembled PDU]"
"21923","31.305517829","192.168.1.55","192.168.1.2","TCP","1514","8004  >  35870 [ACK] Seq=440382 Ack=144 Win=65024 Len=1448 TSval=2916035386 TSecr=3045555159 [TCP segment of a reassembled PDU]"
"21924","31.305519310","192.168.1.55","192.168.1.2","TCP","1514","8004  >  35870 [ACK] Seq=441830 Ack=144 Win=65024 Len=1448 TSval=2916035386 TSecr=3045555159 [TCP segment of a reassembled PDU]"
"21925","31.305520606","192.168.1.55","192.168.1.2","TCP","1514","8004  >  35870 [ACK] Seq=443278 Ack=144 Win=65024 Len=1448 TSval=2916035386 TSecr=3045555159 [TCP segment of a reassembled PDU]"
"21926","31.305522329","192.168.1.55","192.168.1.2","TCP","1514","8004  >  35870 [ACK] Seq=444726 Ack=144 Win=65024 Len=1448 TSval=2916035386 TSecr=3045555159 [TCP segment of a reassembled PDU]"
"21927","31.305523773","192.168.1.55","192.168.1.2","TCP","1514","8004  >  35870 [ACK] Seq=446174 Ack=144 Win=65024 Len=1448 TSval=2916035386 TSecr=3045555159 [TCP segment of a reassembled PDU]"
"21928","31.305525088","192.168.1.55","192.168.1.2","TCP","1514","8004  >  35870 [ACK] Seq=447622 Ack=144 Win=65024 Len=1448 TSval=2916035386 TSecr=3045555159 [TCP segment of a reassembled PDU]"
"21929","31.305526421","192.168.1.55","192.168.1.2","TCP","1514","8004  >  35870 [ACK] Seq=449070 Ack=144 Win=65024 Len=1448 TSval=2916035386 TSecr=3045555159 [TCP segment of a reassembled PDU]"
"21930","31.305528384","192.168.1.55","192.168.1.2","TCP","1514","8004  >  35870 [ACK] Seq=450518 Ack=144 Win=65024 Len=1448 TSval=2916035386 TSecr=3045555159 [TCP segment of a reassembled PDU]"
"21931","31.305529829","192.168.1.55","192.168.1.2","TCP","1514","8004  >  35870 [ACK] Seq=451966 Ack=144 Win=65024 Len=1448 TSval=2916035386 TSecr=3045555159 [TCP segment of a reassembled PDU]"
"21932","31.305531236","192.168.1.55","192.168.1.2","TCP","1514","8004  >  35870 [ACK] Seq=453414 Ack=144 Win=65024 Len=1448 TSval=2916035386 TSecr=3045555159 [TCP segment of a reassembled PDU]"
"21933","31.305532662","192.168.1.55","192.168.1.2","TCP","1514","8004  >  35870 [ACK] Seq=454862 Ack=144 Win=65024 Len=1448 TSval=2916035386 TSecr=3045555159 [TCP segment of a reassembled PDU]"
"21934","31.305534032","192.168.1.55","192.168.1.2","TCP","1514","8004  >  35870 [ACK] Seq=456310 Ack=144 Win=65024 Len=1448 TSval=2916035386 TSecr=3045555159 [TCP segment of a reassembled PDU]"
"21935","31.305535366","192.168.1.55","192.168.1.2","TCP","1514","8004  >  35870 [ACK] Seq=457758 Ack=144 Win=65024 Len=1448 TSval=2916035386 TSecr=3045555159 [TCP segment of a reassembled PDU]"
"21936","31.305536662","192.168.1.55","192.168.1.2","TCP","1514","8004  >  35870 [ACK] Seq=459206 Ack=144 Win=65024 Len=1448 TSval=2916035386 TSecr=3045555159 [TCP segment of a reassembled PDU]"
"21937","31.305538366","192.168.1.55","192.168.1.2","TCP","1514","8004  >  35870 [ACK] Seq=460654 Ack=144 Win=65024 Len=1448 TSval=2916035386 TSecr=3045555159 [TCP segment of a reassembled PDU]"
"21938","31.305539884","192.168.1.55","192.168.1.2","TCP","1514","8004  >  35870 [ACK] Seq=462102 Ack=144 Win=65024 Len=1448 TSval=2916035386 TSecr=3045555159 [TCP segment of a reassembled PDU]"
"21939","31.305541199","192.168.1.55","192.168.1.2","TCP","1514","8004  >  35870 [ACK] Seq=463550 Ack=144 Win=65024 Len=1448 TSval=2916035386 TSecr=3045555159 [TCP segment of a reassembled PDU]"
"21940","31.305542569","192.168.1.55","192.168.1.2","TCP","1514","8004  >  35870 [ACK] Seq=464998 Ack=144 Win=65024 Len=1448 TSval=2916035386 TSecr=3045555159 [TCP segment of a reassembled PDU]"
"21941","31.305544125","192.168.1.55","192.168.1.2","TCP","1514","8004  >  35870 [ACK] Seq=466446 Ack=144 Win=65024 Len=1448 TSval=2916035386 TSecr=3045555159 [TCP segment of a reassembled PDU]"
"21942","31.305545755","192.168.1.55","192.168.1.2","TCP","1514","8004  >  35870 [ACK] Seq=467894 Ack=144 Win=65024 Len=1448 TSval=2916035386 TSecr=3045555159 [TCP segment of a reassembled PDU]"
"21943","31.305547032","192.168.1.55","192.168.1.2","TCP","1514","8004  >  35870 [ACK] Seq=469342 Ack=144 Win=65024 Len=1448 TSval=2916035386 TSecr=3045555159 [TCP segment of a reassembled PDU]"
"21944","31.305548310","192.168.1.55","192.168.1.2","TCP","394","[TCP Window Full] 8004  >  35870 [PSH, ACK] Seq=470790 Ack=144 Win=65024 Len=328 TSval=2916035386 TSecr=3045555159 [TCP segment of a reassembled PDU]"
"21945","31.309879854","192.168.1.2","192.168.1.55","TCP","66","35870  >  8004 [ACK] Seq=144 Ack=340470 Win=135168 Len=0 TSval=3045555161 TSecr=2916035384"
"21946","31.309893558","192.168.1.55","192.168.1.2","TCP","1514","8004  >  35870 [ACK] Seq=471118 Ack=144 Win=65024 Len=1448 TSval=2916035390 TSecr=3045555161 [TCP segment of a reassembled PDU]"
"21947","31.309896169","192.168.1.55","192.168.1.2","TCP","1514","8004  >  35870 [PSH, ACK] Seq=472566 Ack=144 Win=65024 Len=1448 TSval=2916035390 TSecr=3045555161 [TCP segment of a reassembled PDU]"
"21948","31.309901113","192.168.1.55","192.168.1.2","TCP","1186","8004  >  35870 [ACK] Seq=474014 Ack=144 Win=65024 Len=1120 TSval=2916035390 TSecr=3045555161 [TCP segment of a reassembled PDU]"
"21949","31.312225913","192.168.1.2","192.168.1.55","TCP","66","35870  >  8004 [ACK] Seq=144 Ack=385358 Win=97280 Len=0 TSval=3045555166 TSecr=2916035384"
"21950","31.312238673","192.168.1.55","192.168.1.2","TCP","1514","8004  >  35870 [ACK] Seq=475134 Ack=144 Win=65024 Len=1448 TSval=2916035392 TSecr=3045555166 [TCP segment of a reassembled PDU]"
"21951","31.312240950","192.168.1.55","192.168.1.2","TCP","1514","8004  >  35870 [ACK] Seq=476582 Ack=144 Win=65024 Len=1448 TSval=2916035392 TSecr=3045555166 [TCP segment of a reassembled PDU]"
"21952","31.312242284","192.168.1.55","192.168.1.2","TCP","1514","8004  >  35870 [ACK] Seq=478030 Ack=144 Win=65024 Len=1448 TSval=2916035392 TSecr=3045555166 [TCP segment of a reassembled PDU]"
"21953","31.312243562","192.168.1.55","192.168.1.2","TCP","1514","8004  >  35870 [ACK] Seq=479478 Ack=144 Win=65024 Len=1448 TSval=2916035392 TSecr=3045555166 [TCP segment of a reassembled PDU]"
"21954","31.312244839","192.168.1.55","192.168.1.2","TCP","1514","8004  >  35870 [PSH, ACK] Seq=480926 Ack=144 Win=65024 Len=1448 TSval=2916035392 TSecr=3045555166 [TCP segment of a reassembled PDU]"
"21955","31.312562099","192.168.1.2","192.168.1.55","TCP","66","35870  >  8004 [ACK] Seq=144 Ack=430246 Win=53248 Len=0 TSval=3045555166 TSecr=2916035384"
"21956","31.312570988","192.168.1.2","192.168.1.55","TCP","66","35870  >  8004 [ACK] Seq=144 Ack=436038 Win=48128 Len=0 TSval=3045555166 TSecr=2916035386"
"21957","31.312575988","192.168.1.2","192.168.1.55","TCP","66","[TCP Window Update] 35870  >  8004 [ACK] Seq=144 Ack=436038 Win=134144 Len=0 TSval=3045555166 TSecr=2916035386"
"21958","31.312589229","192.168.1.55","192.168.1.2","TCP","1514","8004  >  35870 [ACK] Seq=482374 Ack=144 Win=65024 Len=1448 TSval=2916035393 TSecr=3045555166 [TCP segment of a reassembled PDU]"
"21959","31.312591562","192.168.1.55","192.168.1.2","TCP","1514","8004  >  35870 [ACK] Seq=483822 Ack=144 Win=65024 Len=1448 TSval=2916035393 TSecr=3045555166 [TCP segment of a reassembled PDU]"
"21960","31.312593025","192.168.1.55","192.168.1.2","TCP","1514","8004  >  35870 [ACK] Seq=485270 Ack=144 Win=65024 Len=1448 TSval=2916035393 TSecr=3045555166 [TCP segment of a reassembled PDU]"
"21961","31.312594321","192.168.1.55","192.168.1.2","TCP","1514","8004  >  35870 [ACK] Seq=486718 Ack=144 Win=65024 Len=1448 TSval=2916035393 TSecr=3045555166 [TCP segment of a reassembled PDU]"
"21962","31.312595581","192.168.1.55","192.168.1.2","TCP","1514","8004  >  35870 [ACK] Seq=488166 Ack=144 Win=65024 Len=1448 TSval=2916035393 TSecr=3045555166 [TCP segment of a reassembled PDU]"
"21963","31.312597173","192.168.1.55","192.168.1.2","TCP","1514","8004  >  35870 [ACK] Seq=489614 Ack=144 Win=65024 Len=1448 TSval=2916035393 TSecr=3045555166 [TCP segment of a reassembled PDU]"
"21964","31.312598432","192.168.1.55","192.168.1.2","TCP","1514","8004  >  35870 [ACK] Seq=491062 Ack=144 Win=65024 Len=1448 TSval=2916035393 TSecr=3045555166 [TCP segment of a reassembled PDU]"
"21965","31.312599710","192.168.1.55","192.168.1.2","TCP","1514","8004  >  35870 [ACK] Seq=492510 Ack=144 Win=65024 Len=1448 TSval=2916035393 TSecr=3045555166 [TCP segment of a reassembled PDU]"
"21966","31.312600988","192.168.1.55","192.168.1.2","TCP","1514","8004  >  35870 [ACK] Seq=493958 Ack=144 Win=65024 Len=1448 TSval=2916035393 TSecr=3045555166 [TCP segment of a reassembled PDU]"
"21967","31.312602414","192.168.1.55","192.168.1.2","TCP","1514","8004  >  35870 [ACK] Seq=495406 Ack=144 Win=65024 Len=1448 TSval=2916035393 TSecr=3045555166 [TCP segment of a reassembled PDU]"
"21968","31.312603821","192.168.1.55","192.168.1.2","TCP","1514","8004  >  35870 [PSH, ACK] Seq=496854 Ack=144 Win=65024 Len=1448 TSval=2916035393 TSecr=3045555166 [TCP segment of a reassembled PDU]"
"21969","31.312608025","192.168.1.55","192.168.1.2","HTTP","222","HTTP/1.0 200 OK  (PNG)"
"21970","31.312668951","192.168.1.2","192.168.1.55","TCP","66","35870  >  8004 [ACK] Seq=144 Ack=470790 Win=104448 Len=0 TSval=3045555168 TSecr=2916035386"
"21971","31.316477013","192.168.1.2","192.168.1.55","TCP","66","35870  >  8004 [ACK] Seq=144 Ack=471118 Win=138240 Len=0 TSval=3045555171 TSecr=2916035386"
"21972","31.316605457","192.168.1.2","192.168.1.55","TCP","66","35870  >  8004 [ACK] Seq=144 Ack=482374 Win=138240 Len=0 TSval=3045555171 TSecr=2916035390"
"21973","31.316612605","192.168.1.2","192.168.1.55","TCP","66","35870  >  8004 [ACK] Seq=144 Ack=498302 Win=169984 Len=0 TSval=3045555171 TSecr=2916035393"
"21974","31.317244625","192.168.1.2","192.168.1.55","TCP","66","35870  >  8004 [FIN, ACK] Seq=144 Ack=498459 Win=173056 Len=0 TSval=3045555172 TSecr=2916035393"
"21975","31.317256162","192.168.1.55","192.168.1.2","TCP","66","8004  >  35870 [ACK] Seq=498459 Ack=145 Win=65024 Len=0 TSval=2916035397 TSecr=3045555172"
"21976","31.317371477","192.168.1.2","192.168.1.55","TCP","74","35878  >  8004 [SYN] Seq=0 Win=64240 Len=0 MSS=1460 SACK_PERM TSval=3045555172 TSecr=0 WS=1024"
"21977","31.317396996","192.168.1.55","192.168.1.2","TCP","74","8004  >  35878 [SYN, ACK] Seq=0 Ack=1 Win=65160 Len=0 MSS=1460 SACK_PERM TSval=2916035398 TSecr=3045555172 WS=128"
"21978","31.320432297","192.168.1.2","192.168.1.55","TCP","66","35878  >  8004 [ACK] Seq=1 Ack=1 Win=64512 Len=0 TSval=3045555175 TSecr=2916035398"
"21979","31.323663894","192.168.1.2","192.168.1.55","HTTP","206","GET /stego_benchmark.png HTTP/1.1 "
"21980","31.323675024","192.168.1.55","192.168.1.2","TCP","66","8004  >  35878 [ACK] Seq=1 Ack=141 Win=65024 Len=0 TSval=2916035404 TSecr=3045555175"
"21981","31.324133321","192.168.1.55","192.168.1.2","TCP","255","8004  >  35878 [PSH, ACK] Seq=1 Ack=141 Win=65024 Len=189 TSval=2916035404 TSecr=3045555175 [TCP segment of a reassembled PDU]"
"21982","31.324211636","192.168.1.55","192.168.1.2","TCP","1514","8004  >  35878 [ACK] Seq=190 Ack=141 Win=65024 Len=1448 TSval=2916035404 TSecr=3045555175 [TCP segment of a reassembled PDU]"
"21983","31.324217506","192.168.1.55","192.168.1.2","TCP","1514","8004  >  35878 [ACK] Seq=1638 Ack=141 Win=65024 Len=1448 TSval=2916035404 TSecr=3045555175 [TCP segment of a reassembled PDU]"
"21984","31.324219117","192.168.1.55","192.168.1.2","TCP","1514","8004  >  35878 [ACK] Seq=3086 Ack=141 Win=65024 Len=1448 TSval=2916035404 TSecr=3045555175 [TCP segment of a reassembled PDU]"
"21985","31.324220580","192.168.1.55","192.168.1.2","TCP","1514","8004  >  35878 [ACK] Seq=4534 Ack=141 Win=65024 Len=1448 TSval=2916035404 TSecr=3045555175 [TCP segment of a reassembled PDU]"
"21986","31.324222321","192.168.1.55","192.168.1.2","TCP","1514","8004  >  35878 [PSH, ACK] Seq=5982 Ack=141 Win=65024 Len=1448 TSval=2916035404 TSecr=3045555175 [TCP segment of a reassembled PDU]"
"21987","31.324238117","192.168.1.55","192.168.1.2","TCP","1514","8004  >  35878 [ACK] Seq=7430 Ack=141 Win=65024 Len=1448 TSval=2916035404 TSecr=3045555175 [TCP segment of a reassembled PDU]"
"21988","31.324239988","192.168.1.55","192.168.1.2","TCP","1514","8004  >  35878 [ACK] Seq=8878 Ack=141 Win=65024 Len=1448 TSval=2916035404 TSecr=3045555175 [TCP segment of a reassembled PDU]"
"21989","31.324241525","192.168.1.55","192.168.1.2","TCP","1514","8004  >  35878 [ACK] Seq=10326 Ack=141 Win=65024 Len=1448 TSval=2916035404 TSecr=3045555175 [TCP segment of a reassembled PDU]"
"21990","31.324242932","192.168.1.55","192.168.1.2","TCP","1514","8004  >  35878 [PSH, ACK] Seq=11774 Ack=141 Win=65024 Len=1448 TSval=2916035404 TSecr=3045555175 [TCP segment of a reassembled PDU]"
"21991","31.327993994","192.168.1.2","192.168.1.55","TCP","66","35878  >  8004 [ACK] Seq=141 Ack=190 Win=64512 Len=0 TSval=3045555182 TSecr=2916035404"
"21992","31.328113105","192.168.1.55","192.168.1.2","TCP","1514","8004  >  35878 [ACK] Seq=13222 Ack=141 Win=65024 Len=1448 TSval=2916035408 TSecr=3045555182 [TCP segment of a reassembled PDU]"
"21993","31.328123846","192.168.1.55","192.168.1.2","TCP","1514","8004  >  35878 [PSH, ACK] Seq=14670 Ack=141 Win=65024 Len=1448 TSval=2916035408 TSecr=3045555182 [TCP segment of a reassembled PDU]"
"21994","31.328326587","192.168.1.2","192.168.1.55","TCP","66","35878  >  8004 [ACK] Seq=141 Ack=3086 Win=70656 Len=0 TSval=3045555182 TSecr=2916035404"
"21995","31.328361217","192.168.1.2","192.168.1.55","TCP","66","35878  >  8004 [ACK] Seq=141 Ack=5982 Win=76800 Len=0 TSval=3045555182 TSecr=2916035404"
"21996","31.328432291","192.168.1.55","192.168.1.2","TCP","1514","8004  >  35878 [ACK] Seq=16118 Ack=141 Win=65024 Len=1448 TSval=2916035409 TSecr=3045555182 [TCP segment of a reassembled PDU]"
"21997","31.328440698","192.168.1.55","192.168.1.2","TCP","1514","8004  >  35878 [ACK] Seq=17566 Ack=141 Win=65024 Len=1448 TSval=2916035409 TSecr=3045555182 [TCP segment of a reassembled PDU]"
"21998","31.328442624","192.168.1.55","192.168.1.2","TCP","1514","8004  >  35878 [ACK] Seq=19014 Ack=141 Win=65024 Len=1448 TSval=2916035409 TSecr=3045555182 [TCP segment of a reassembled PDU]"
"21999","31.328444976","192.168.1.55","192.168.1.2","TCP","1514","8004  >  35878 [ACK] Seq=20462 Ack=141 Win=65024 Len=1448 TSval=2916035409 TSecr=3045555182 [TCP segment of a reassembled PDU]"
"22000","31.328448772","192.168.1.55","192.168.1.2","TCP","1514","8004  >  35878 [ACK] Seq=21910 Ack=141 Win=65024 Len=1448 TSval=2916035409 TSecr=3045555182 [TCP segment of a reassembled PDU]"
"22001","31.328453420","192.168.1.55","192.168.1.2","TCP","1514","8004  >  35878 [ACK] Seq=23358 Ack=141 Win=65024 Len=1448 TSval=2916035409 TSecr=3045555182 [TCP segment of a reassembled PDU]"
"22002","31.328455217","192.168.1.55","192.168.1.2","TCP","1514","8004  >  35878 [PSH, ACK] Seq=24806 Ack=141 Win=65024 Len=1448 TSval=2916035409 TSecr=3045555182 [TCP segment of a reassembled PDU]"
"22003","31.329011051","192.168.1.2","192.168.1.55","TCP","66","35878  >  8004 [ACK] Seq=141 Ack=7430 Win=79872 Len=0 TSval=3045555183 TSecr=2916035404"
"22004","31.329068273","192.168.1.2","192.168.1.55","TCP","66","35878  >  8004 [ACK] Seq=141 Ack=13222 Win=79872 Len=0 TSval=3045555183 TSecr=2916035404"
"22005","31.329110810","192.168.1.55","192.168.1.2","TCP","1514","8004  >  35878 [ACK] Seq=26254 Ack=141 Win=65024 Len=1448 TSval=2916035409 TSecr=3045555183 [TCP segment of a reassembled PDU]"
"22006","31.329116033","192.168.1.55","192.168.1.2","TCP","1514","8004  >  35878 [ACK] Seq=27702 Ack=141 Win=65024 Len=1448 TSval=2916035409 TSecr=3045555183 [TCP segment of a reassembled PDU]"
"22007","31.329133421","192.168.1.55","192.168.1.2","TCP","1514","8004  >  35878 [ACK] Seq=29150 Ack=141 Win=65024 Len=1448 TSval=2916035409 TSecr=3045555183 [TCP segment of a reassembled PDU]"
"22008","31.329136699","192.168.1.55","192.168.1.2","TCP","1514","8004  >  35878 [ACK] Seq=30598 Ack=141 Win=65024 Len=1448 TSval=2916035409 TSecr=3045555183 [TCP segment of a reassembled PDU]"
"22009","31.329139403","192.168.1.55","192.168.1.2","TCP","1514","8004  >  35878 [ACK] Seq=32046 Ack=141 Win=65024 Len=1448 TSval=2916035409 TSecr=3045555183 [TCP segment of a reassembled PDU]"
"22010","31.329144310","192.168.1.55","192.168.1.2","TCP","1514","8004  >  35878 [ACK] Seq=33494 Ack=141 Win=65024 Len=1448 TSval=2916035409 TSecr=3045555183 [TCP segment of a reassembled PDU]"
"22011","31.329145792","192.168.1.55","192.168.1.2","TCP","1514","8004  >  35878 [ACK] Seq=34942 Ack=141 Win=65024 Len=1448 TSval=2916035409 TSecr=3045555183 [TCP segment of a reassembled PDU]"
"22012","31.329147255","192.168.1.55","192.168.1.2","TCP","1514","8004  >  35878 [ACK] Seq=36390 Ack=141 Win=65024 Len=1448 TSval=2916035409 TSecr=3045555183 [TCP segment of a reassembled PDU]"
"22013","31.329149440","192.168.1.55","192.168.1.2","TCP","1514","8004  >  35878 [ACK] Seq=37838 Ack=141 Win=65024 Len=1448 TSval=2916035409 TSecr=3045555183 [TCP segment of a reassembled PDU]"
"22014","31.329151440","192.168.1.55","192.168.1.2","TCP","1514","8004  >  35878 [PSH, ACK] Seq=39286 Ack=141 Win=65024 Len=1448 TSval=2916035409 TSecr=3045555183 [TCP segment of a reassembled PDU]"
"22015","31.329174033","192.168.1.55","192.168.1.2","TCP","1514","8004  >  35878 [ACK] Seq=40734 Ack=141 Win=65024 Len=1448 TSval=2916035409 TSecr=3045555183 [TCP segment of a reassembled PDU]"
"22016","31.334151429","192.168.1.2","192.168.1.55","TCP","66","35878  >  8004 [ACK] Seq=141 Ack=16118 Win=84992 Len=0 TSval=3045555188 TSecr=2916035408"
"22017","31.334229781","192.168.1.55","192.168.1.2","TCP","1514","8004  >  35878 [ACK] Seq=42182 Ack=141 Win=65024 Len=1448 TSval=2916035414 TSecr=3045555188 [TCP segment of a reassembled PDU]"
"22018","31.334236929","192.168.1.55","192.168.1.2","TCP","1514","8004  >  35878 [PSH, ACK] Seq=43630 Ack=141 Win=65024 Len=1448 TSval=2916035414 TSecr=3045555188 [TCP segment of a reassembled PDU]"
"22019","31.334328596","192.168.1.2","192.168.1.55","TCP","66","35878  >  8004 [ACK] Seq=141 Ack=26254 Win=83968 Len=0 TSval=3045555188 TSecr=2916035409"
"22020","31.334395022","192.168.1.55","192.168.1.2","TCP","1514","8004  >  35878 [ACK] Seq=45078 Ack=141 Win=65024 Len=1448 TSval=2916035415 TSecr=3045555188 [TCP segment of a reassembled PDU]"
"22021","31.334399541","192.168.1.55","192.168.1.2","TCP","1514","8004  >  35878 [ACK] Seq=46526 Ack=141 Win=65024 Len=1448 TSval=2916035415 TSecr=3045555188 [TCP segment of a reassembled PDU]"
"22022","31.334401189","192.168.1.55","192.168.1.2","TCP","1514","8004  >  35878 [ACK] Seq=47974 Ack=141 Win=65024 Len=1448 TSval=2916035415 TSecr=3045555188 [TCP segment of a reassembled PDU]"
"22023","31.334402985","192.168.1.55","192.168.1.2","TCP","1514","8004  >  35878 [ACK] Seq=49422 Ack=141 Win=65024 Len=1448 TSval=2916035415 TSecr=3045555188 [TCP segment of a reassembled PDU]"
"22024","31.334404689","192.168.1.55","192.168.1.2","TCP","1514","8004  >  35878 [ACK] Seq=50870 Ack=141 Win=65024 Len=1448 TSval=2916035415 TSecr=3045555188 [TCP segment of a reassembled PDU]"
"22025","31.334406985","192.168.1.55","192.168.1.2","TCP","1514","8004  >  35878 [ACK] Seq=52318 Ack=141 Win=65024 Len=1448 TSval=2916035415 TSecr=3045555188 [TCP segment of a reassembled PDU]"
"22026","31.334408615","192.168.1.55","192.168.1.2","TCP","1514","8004  >  35878 [ACK] Seq=53766 Ack=141 Win=65024 Len=1448 TSval=2916035415 TSecr=3045555188 [TCP segment of a reassembled PDU]"
"22027","31.334410559","192.168.1.55","192.168.1.2","TCP","1514","8004  >  35878 [ACK] Seq=55214 Ack=141 Win=65024 Len=1448 TSval=2916035415 TSecr=3045555188 [TCP segment of a reassembled PDU]"
"22028","31.334412226","192.168.1.55","192.168.1.2","TCP","1514","8004  >  35878 [ACK] Seq=56662 Ack=141 Win=65024 Len=1448 TSval=2916035415 TSecr=3045555188 [TCP segment of a reassembled PDU]"
"22029","31.334413893","192.168.1.55","192.168.1.2","TCP","1514","8004  >  35878 [ACK] Seq=58110 Ack=141 Win=65024 Len=1448 TSval=2916035415 TSecr=3045555188 [TCP segment of a reassembled PDU]"
"22030","31.334415393","192.168.1.55","192.168.1.2","TCP","1514","8004  >  35878 [ACK] Seq=59558 Ack=141 Win=65024 Len=1448 TSval=2916035415 TSecr=3045555188 [TCP segment of a reassembled PDU]"
"22031","31.334417596","192.168.1.55","192.168.1.2","TCP","1514","8004  >  35878 [ACK] Seq=61006 Ack=141 Win=65024 Len=1448 TSval=2916035415 TSecr=3045555188 [TCP segment of a reassembled PDU]"
"22032","31.334419745","192.168.1.55","192.168.1.2","TCP","1514","8004  >  35878 [ACK] Seq=62454 Ack=141 Win=65024 Len=1448 TSval=2916035415 TSecr=3045555188 [TCP segment of a reassembled PDU]"
"22033","31.334421393","192.168.1.55","192.168.1.2","TCP","1514","8004  >  35878 [PSH, ACK] Seq=63902 Ack=141 Win=65024 Len=1448 TSval=2916035415 TSecr=3045555188 [TCP segment of a reassembled PDU]"
"22034","31.334429726","192.168.1.2","192.168.1.55","TCP","66","35878  >  8004 [ACK] Seq=141 Ack=40734 Win=69632 Len=0 TSval=3045555188 TSecr=2916035409"
"22035","31.334462485","192.168.1.55","192.168.1.2","TCP","1514","8004  >  35878 [ACK] Seq=65350 Ack=141 Win=65024 Len=1448 TSval=2916035415 TSecr=3045555188 [TCP segment of a reassembled PDU]"
"22036","31.334465134","192.168.1.55","192.168.1.2","TCP","1514","8004  >  35878 [ACK] Seq=66798 Ack=141 Win=65024 Len=1448 TSval=2916035415 TSecr=3045555188 [TCP segment of a reassembled PDU]"
"22037","31.334466893","192.168.1.55","192.168.1.2","TCP","1514","8004  >  35878 [ACK] Seq=68246 Ack=141 Win=65024 Len=1448 TSval=2916035415 TSecr=3045555188 [TCP segment of a reassembled PDU]"
"22038","31.334468430","192.168.1.55","192.168.1.2","TCP","1514","8004  >  35878 [ACK] Seq=69694 Ack=141 Win=65024 Len=1448 TSval=2916035415 TSecr=3045555188 [TCP segment of a reassembled PDU]"
"22039","31.334470208","192.168.1.55","192.168.1.2","TCP","1514","8004  >  35878 [ACK] Seq=71142 Ack=141 Win=65024 Len=1448 TSval=2916035415 TSecr=3045555188 [TCP segment of a reassembled PDU]"
"22040","31.334472189","192.168.1.55","192.168.1.2","TCP","1514","8004  >  35878 [ACK] Seq=72590 Ack=141 Win=65024 Len=1448 TSval=2916035415 TSecr=3045555188 [TCP segment of a reassembled PDU]"
"22041","31.334473948","192.168.1.55","192.168.1.2","TCP","1514","8004  >  35878 [ACK] Seq=74038 Ack=141 Win=65024 Len=1448 TSval=2916035415 TSecr=3045555188 [TCP segment of a reassembled PDU]"
"22042","31.334475522","192.168.1.55","192.168.1.2","TCP","1514","8004  >  35878 [PSH, ACK] Seq=75486 Ack=141 Win=65024 Len=1448 TSval=2916035415 TSecr=3045555188 [TCP segment of a reassembled PDU]"
"22043","31.334486208","192.168.1.2","192.168.1.55","TCP","66","35878  >  8004 [ACK] Seq=141 Ack=42182 Win=68608 Len=0 TSval=3045555188 TSecr=2916035409"
"22044","31.335464635","192.168.1.55","192.168.1.2","TCP","1514","8004  >  35878 [ACK] Seq=76934 Ack=141 Win=65024 Len=1448 TSval=2916035416 TSecr=3045555188 [TCP segment of a reassembled PDU]"
"22045","31.335472709","192.168.1.55","192.168.1.2","TCP","1514","8004  >  35878 [ACK] Seq=78382 Ack=141 Win=65024 Len=1448 TSval=2916035416 TSecr=3045555188 [TCP segment of a reassembled PDU]"
"22046","31.335474339","192.168.1.55","192.168.1.2","TCP","1514","8004  >  35878 [ACK] Seq=79830 Ack=141 Win=65024 Len=1448 TSval=2916035416 TSecr=3045555188 [TCP segment of a reassembled PDU]"
"22047","31.335475728","192.168.1.55","192.168.1.2","TCP","1514","8004  >  35878 [ACK] Seq=81278 Ack=141 Win=65024 Len=1448 TSval=2916035416 TSecr=3045555188 [TCP segment of a reassembled PDU]"
"22048","31.335477617","192.168.1.55","192.168.1.2","TCP","1514","8004  >  35878 [ACK] Seq=82726 Ack=141 Win=65024 Len=1448 TSval=2916035416 TSecr=3045555188 [TCP segment of a reassembled PDU]"
"22049","31.335479006","192.168.1.55","192.168.1.2","TCP","1514","8004  >  35878 [ACK] Seq=84174 Ack=141 Win=65024 Len=1448 TSval=2916035416 TSecr=3045555188 [TCP segment of a reassembled PDU]"
"22050","31.335482394","192.168.1.55","192.168.1.2","TCP","1514","8004  >  35878 [ACK] Seq=85622 Ack=141 Win=65024 Len=1448 TSval=2916035416 TSecr=3045555188 [TCP segment of a reassembled PDU]"
"22051","31.335485024","192.168.1.55","192.168.1.2","TCP","1514","8004  >  35878 [ACK] Seq=87070 Ack=141 Win=65024 Len=1448 TSval=2916035416 TSecr=3045555188 [TCP segment of a reassembled PDU]"
"22052","31.335486709","192.168.1.55","192.168.1.2","TCP","1514","8004  >  35878 [ACK] Seq=88518 Ack=141 Win=65024 Len=1448 TSval=2916035416 TSecr=3045555188 [TCP segment of a reassembled PDU]"
"22053","31.335488006","192.168.1.55","192.168.1.2","TCP","1514","8004  >  35878 [ACK] Seq=89966 Ack=141 Win=65024 Len=1448 TSval=2916035416 TSecr=3045555188 [TCP segment of a reassembled PDU]"
"22054","31.335489820","192.168.1.55","192.168.1.2","TCP","1514","8004  >  35878 [ACK] Seq=91414 Ack=141 Win=65024 Len=1448 TSval=2916035416 TSecr=3045555188 [TCP segment of a reassembled PDU]"
"22055","31.335491098","192.168.1.55","192.168.1.2","TCP","1514","8004  >  35878 [ACK] Seq=92862 Ack=141 Win=65024 Len=1448 TSval=2916035416 TSecr=3045555188 [TCP segment of a reassembled PDU]"
"22056","31.335492746","192.168.1.55","192.168.1.2","TCP","1514","8004  >  35878 [ACK] Seq=94310 Ack=141 Win=65024 Len=1448 TSval=2916035416 TSecr=3045555188 [TCP segment of a reassembled PDU]"
"22057","31.335495320","192.168.1.55","192.168.1.2","TCP","1514","8004  >  35878 [PSH, ACK] Seq=95758 Ack=141 Win=65024 Len=1448 TSval=2916035416 TSecr=3045555188 [TCP segment of a reassembled PDU]"
"22058","31.335505191","192.168.1.55","192.168.1.2","TCP","1514","8004  >  35878 [ACK] Seq=97206 Ack=141 Win=65024 Len=1448 TSval=2916035416 TSecr=3045555188 [TCP segment of a reassembled PDU]"
"22059","31.335506654","192.168.1.55","192.168.1.2","TCP","1514","8004  >  35878 [PSH, ACK] Seq=98654 Ack=141 Win=65024 Len=1448 TSval=2916035416 TSecr=3045555188 [TCP segment of a reassembled PDU]"
"22060","31.340037383","192.168.1.2","192.168.1.55","TCP","66","35878  >  8004 [ACK] Seq=141 Ack=43630 Win=88064 Len=0 TSval=3045555194 TSecr=2916035414"
"22061","31.340056679","192.168.1.55","192.168.1.2","TCP","1514","8004  >  35878 [ACK] Seq=100102 Ack=141 Win=65024 Len=1448 TSval=2916035420 TSecr=3045555194 [TCP segment of a reassembled PDU]"
"22062","31.340058883","192.168.1.55","192.168.1.2","TCP","1514","8004  >  35878 [PSH, ACK] Seq=101550 Ack=141 Win=65024 Len=1448 TSval=2916035420 TSecr=3045555194 [TCP segment of a reassembled PDU]"
"22063","31.342912239","192.168.1.2","192.168.1.55","TCP","66","35878  >  8004 [ACK] Seq=141 Ack=45078 Win=91136 Len=0 TSval=3045555194 TSecr=2916035414"
"22064","31.342928814","192.168.1.55","192.168.1.2","TCP","1514","8004  >  35878 [ACK] Seq=102998 Ack=141 Win=65024 Len=1448 TSval=2916035423 TSecr=3045555194 [TCP segment of a reassembled PDU]"
"22065","31.342931554","192.168.1.55","192.168.1.2","TCP","1514","8004  >  35878 [PSH, ACK] Seq=104446 Ack=141 Win=65024 Len=1448 TSval=2916035423 TSecr=3045555194 [TCP segment of a reassembled PDU]"
"22066","31.343127499","192.168.1.2","192.168.1.55","TCP","66","35878  >  8004 [ACK] Seq=141 Ack=65350 Win=73728 Len=0 TSval=3045555194 TSecr=2916035415"
"22067","31.343140110","192.168.1.55","192.168.1.2","TCP","1514","8004  >  35878 [ACK] Seq=105894 Ack=141 Win=65024 Len=1448 TSval=2916035423 TSecr=3045555194 [TCP segment of a reassembled PDU]"
"22068","31.343142481","192.168.1.55","192.168.1.2","TCP","1514","8004  >  35878 [ACK] Seq=107342 Ack=141 Win=65024 Len=1448 TSval=2916035423 TSecr=3045555194 [TCP segment of a reassembled PDU]"
"22069","31.343143777","192.168.1.55","192.168.1.2","TCP","1514","8004  >  35878 [ACK] Seq=108790 Ack=141 Win=65024 Len=1448 TSval=2916035423 TSecr=3045555194 [TCP segment of a reassembled PDU]"
"22070","31.343144906","192.168.1.55","192.168.1.2","TCP","1514","8004  >  35878 [ACK] Seq=110238 Ack=141 Win=65024 Len=1448 TSval=2916035423 TSecr=3045555194 [TCP segment of a reassembled PDU]"
"22071","31.343146073","192.168.1.55","192.168.1.2","TCP","1514","8004  >  35878 [ACK] Seq=111686 Ack=141 Win=65024 Len=1448 TSval=2916035423 TSecr=3045555194 [TCP segment of a reassembled PDU]"
"22072","31.343147184","192.168.1.55","192.168.1.2","TCP","1514","8004  >  35878 [ACK] Seq=113134 Ack=141 Win=65024 Len=1448 TSval=2916035423 TSecr=3045555194 [TCP segment of a reassembled PDU]"
"22073","31.343148240","192.168.1.55","192.168.1.2","TCP","1514","8004  >  35878 [PSH, ACK] Seq=114582 Ack=141 Win=65024 Len=1448 TSval=2916035423 TSecr=3045555194 [TCP segment of a reassembled PDU]"
"22074","31.343152425","192.168.1.2","192.168.1.55","TCP","66","35878  >  8004 [ACK] Seq=141 Ack=76934 Win=62464 Len=0 TSval=3045555195 TSecr=2916035415"
"22075","31.343184944","192.168.1.55","192.168.1.2","TCP","1514","8004  >  35878 [ACK] Seq=116030 Ack=141 Win=65024 Len=1448 TSval=2916035423 TSecr=3045555195 [TCP segment of a reassembled PDU]"
"22076","31.343186962","192.168.1.55","192.168.1.2","TCP","1514","8004  >  35878 [ACK] Seq=117478 Ack=141 Win=65024 Len=1448 TSval=2916035423 TSecr=3045555195 [TCP segment of a reassembled PDU]"
"22077","31.343188332","192.168.1.55","192.168.1.2","TCP","1514","8004  >  35878 [ACK] Seq=118926 Ack=141 Win=65024 Len=1448 TSval=2916035423 TSecr=3045555195 [TCP segment of a reassembled PDU]"
"22078","31.343189481","192.168.1.55","192.168.1.2","TCP","1514","8004  >  35878 [ACK] Seq=120374 Ack=141 Win=65024 Len=1448 TSval=2916035423 TSecr=3045555195 [TCP segment of a reassembled PDU]"
"22079","31.343190536","192.168.1.55","192.168.1.2","TCP","1514","8004  >  35878 [ACK] Seq=121822 Ack=141 Win=65024 Len=1448 TSval=2916035423 TSecr=3045555195 [TCP segment of a reassembled PDU]"
"22080","31.343191647","192.168.1.55","192.168.1.2","TCP","1514","8004  >  35878 [ACK] Seq=123270 Ack=141 Win=65024 Len=1448 TSval=2916035423 TSecr=3045555195 [TCP segment of a reassembled PDU]"
"22081","31.343192777","192.168.1.55","192.168.1.2","TCP","1514","8004  >  35878 [ACK] Seq=124718 Ack=141 Win=65024 Len=1448 TSval=2916035423 TSecr=3045555195 [TCP segment of a reassembled PDU]"
"22082","31.343193962","192.168.1.55","192.168.1.2","TCP","1514","8004  >  35878 [ACK] Seq=126166 Ack=141 Win=65024 Len=1448 TSval=2916035423 TSecr=3045555195 [TCP segment of a reassembled PDU]"
"22083","31.343195221","192.168.1.55","192.168.1.2","TCP","1514","8004  >  35878 [ACK] Seq=127614 Ack=141 Win=65024 Len=1448 TSval=2916035423 TSecr=3045555195 [TCP segment of a reassembled PDU]"
"22084","31.343196462","192.168.1.55","192.168.1.2","TCP","1514","8004  >  35878 [ACK] Seq=129062 Ack=141 Win=65024 Len=1448 TSval=2916035423 TSecr=3045555195 [TCP segment of a reassembled PDU]"
"22085","31.343197666","192.168.1.55","192.168.1.2","TCP","1514","8004  >  35878 [ACK] Seq=130510 Ack=141 Win=65024 Len=1448 TSval=2916035423 TSecr=3045555195 [TCP segment of a reassembled PDU]"
"22086","31.343198795","192.168.1.55","192.168.1.2","TCP","1514","8004  >  35878 [ACK] Seq=131958 Ack=141 Win=65024 Len=1448 TSval=2916035423 TSecr=3045555195 [TCP segment of a reassembled PDU]"
"22087","31.343200036","192.168.1.55","192.168.1.2","TCP","1514","8004  >  35878 [ACK] Seq=133406 Ack=141 Win=65024 Len=1448 TSval=2916035423 TSecr=3045555195 [TCP segment of a reassembled PDU]"
"22088","31.343201332","192.168.1.55","192.168.1.2","TCP","1514","8004  >  35878 [ACK] Seq=134854 Ack=141 Win=65024 Len=1448 TSval=2916035423 TSecr=3045555195 [TCP segment of a reassembled PDU]"
"22089","31.343202444","192.168.1.55","192.168.1.2","TCP","1514","8004  >  35878 [ACK] Seq=136302 Ack=141 Win=65024 Len=1448 TSval=2916035423 TSecr=3045555195 [TCP segment of a reassembled PDU]"
"22090","31.343203629","192.168.1.55","192.168.1.2","TCP","1514","8004  >  35878 [ACK] Seq=137750 Ack=141 Win=65024 Len=1448 TSval=2916035423 TSecr=3045555195 [TCP segment of a reassembled PDU]"
"22091","31.343204684","192.168.1.55","192.168.1.2","TCP","266","[TCP Window Full] 8004  >  35878 [PSH, ACK] Seq=139198 Ack=141 Win=65024 Len=200 TSval=2916035423 TSecr=3045555195 [TCP segment of a reassembled PDU]"
"22092","31.343209851","192.168.1.2","192.168.1.55","TCP","66","35878  >  8004 [ACK] Seq=141 Ack=89966 Win=51200 Len=0 TSval=3045555195 TSecr=2916035416"
"22093","31.343215777","192.168.1.2","192.168.1.55","TCP","66","35878  >  8004 [ACK] Seq=141 Ack=97206 Win=83968 Len=0 TSval=3045555196 TSecr=2916035416"
"22094","31.343277166","192.168.1.2","192.168.1.55","TCP","66","35878  >  8004 [ACK] Seq=141 Ack=100102 Win=81920 Len=0 TSval=3045555196 TSecr=2916035416"
"22095","31.343282666","192.168.1.2","192.168.1.55","TCP","66","35878  >  8004 [ACK] Seq=141 Ack=101550 Win=90112 Len=0 TSval=3045555197 TSecr=2916035420"
"22096","31.343285388","192.168.1.2","192.168.1.55","TCP","66","35878  >  8004 [ACK] Seq=141 Ack=102998 Win=90112 Len=0 TSval=3045555197 TSecr=2916035420"
"22097","31.343298444","192.168.1.55","192.168.1.2","TCP","1514","8004  >  35878 [ACK] Seq=139398 Ack=141 Win=65024 Len=1448 TSval=2916035423 TSecr=3045555196 [TCP segment of a reassembled PDU]"
"22098","31.343306796","192.168.1.55","192.168.1.2","TCP","1514","8004  >  35878 [ACK] Seq=140846 Ack=141 Win=65024 Len=1448 TSval=2916035423 TSecr=3045555196 [TCP segment of a reassembled PDU]"
"22099","31.343308018","192.168.1.55","192.168.1.2","TCP","1514","8004  >  35878 [ACK] Seq=142294 Ack=141 Win=65024 Len=1448 TSval=2916035423 TSecr=3045555196 [TCP segment of a reassembled PDU]"
"22100","31.343309259","192.168.1.55","192.168.1.2","TCP","1514","8004  >  35878 [ACK] Seq=143742 Ack=141 Win=65024 Len=1448 TSval=2916035423 TSecr=3045555196 [TCP segment of a reassembled PDU]"
"22101","31.343310481","192.168.1.55","192.168.1.2","TCP","1514","8004  >  35878 [ACK] Seq=145190 Ack=141 Win=65024 Len=1448 TSval=2916035423 TSecr=3045555196 [TCP segment of a reassembled PDU]"
"22102","31.343311999","192.168.1.55","192.168.1.2","TCP","1514","8004  >  35878 [ACK] Seq=146638 Ack=141 Win=65024 Len=1448 TSval=2916035423 TSecr=3045555196 [TCP segment of a reassembled PDU]"
"22103","31.343313240","192.168.1.55","192.168.1.2","TCP","1514","8004  >  35878 [ACK] Seq=148086 Ack=141 Win=65024 Len=1448 TSval=2916035423 TSecr=3045555196 [TCP segment of a reassembled PDU]"
"22104","31.343314481","192.168.1.55","192.168.1.2","TCP","1514","8004  >  35878 [ACK] Seq=149534 Ack=141 Win=65024 Len=1448 TSval=2916035423 TSecr=3045555196 [TCP segment of a reassembled PDU]"
"22105","31.343315703","192.168.1.55","192.168.1.2","TCP","1514","8004  >  35878 [ACK] Seq=150982 Ack=141 Win=65024 Len=1448 TSval=2916035423 TSecr=3045555196 [TCP segment of a reassembled PDU]"
"22106","31.343316944","192.168.1.55","192.168.1.2","TCP","1514","8004  >  35878 [PSH, ACK] Seq=152430 Ack=141 Win=65024 Len=1448 TSval=2916035423 TSecr=3045555196 [TCP segment of a reassembled PDU]"
"22107","31.343336277","192.168.1.55","192.168.1.2","TCP","1314","8004  >  35878 [ACK] Seq=153878 Ack=141 Win=65024 Len=1248 TSval=2916035424 TSecr=3045555197 [TCP segment of a reassembled PDU]"
"22108","31.343373166","192.168.1.55","192.168.1.2","TCP","1514","8004  >  35878 [ACK] Seq=155126 Ack=141 Win=65024 Len=1448 TSval=2916035424 TSecr=3045555197 [TCP segment of a reassembled PDU]"
"22109","31.343375203","192.168.1.55","192.168.1.2","TCP","1514","8004  >  35878 [ACK] Seq=156574 Ack=141 Win=65024 Len=1448 TSval=2916035424 TSecr=3045555197 [TCP segment of a reassembled PDU]"
"22110","31.343376296","192.168.1.55","192.168.1.2","TCP","1514","8004  >  35878 [ACK] Seq=158022 Ack=141 Win=65024 Len=1448 TSval=2916035424 TSecr=3045555197 [TCP segment of a reassembled PDU]"
"22111","31.343377499","192.168.1.55","192.168.1.2","TCP","1514","8004  >  35878 [ACK] Seq=159470 Ack=141 Win=65024 Len=1448 TSval=2916035424 TSecr=3045555197 [TCP segment of a reassembled PDU]"
"22112","31.343378611","192.168.1.55","192.168.1.2","TCP","1514","8004  >  35878 [ACK] Seq=160918 Ack=141 Win=65024 Len=1448 TSval=2916035424 TSecr=3045555197 [TCP segment of a reassembled PDU]"
"22113","31.343380074","192.168.1.55","192.168.1.2","TCP","1514","8004  >  35878 [ACK] Seq=162366 Ack=141 Win=65024 Len=1448 TSval=2916035424 TSecr=3045555197 [TCP segment of a reassembled PDU]"
"22114","31.343381222","192.168.1.55","192.168.1.2","TCP","1514","8004  >  35878 [ACK] Seq=163814 Ack=141 Win=65024 Len=1448 TSval=2916035424 TSecr=3045555197 [TCP segment of a reassembled PDU]"
"22115","31.343382333","192.168.1.55","192.168.1.2","TCP","1514","8004  >  35878 [ACK] Seq=165262 Ack=141 Win=65024 Len=1448 TSval=2916035424 TSecr=3045555197 [TCP segment of a reassembled PDU]"
"22116","31.343383499","192.168.1.55","192.168.1.2","TCP","1514","8004  >  35878 [ACK] Seq=166710 Ack=141 Win=65024 Len=1448 TSval=2916035424 TSecr=3045555197 [TCP segment of a reassembled PDU]"
"22117","31.343384703","192.168.1.55","192.168.1.2","TCP","1514","8004  >  35878 [ACK] Seq=168158 Ack=141 Win=65024 Len=1448 TSval=2916035424 TSecr=3045555197 [TCP segment of a reassembled PDU]"
"22118","31.343385796","192.168.1.55","192.168.1.2","TCP","1514","8004  >  35878 [ACK] Seq=169606 Ack=141 Win=65024 Len=1448 TSval=2916035424 TSecr=3045555197 [TCP segment of a reassembled PDU]"
"22119","31.343387036","192.168.1.55","192.168.1.2","TCP","1514","8004  >  35878 [ACK] Seq=171054 Ack=141 Win=65024 Len=1448 TSval=2916035424 TSecr=3045555197 [TCP segment of a reassembled PDU]"
"22120","31.343388092","192.168.1.55","192.168.1.2","TCP","1514","8004  >  35878 [ACK] Seq=172502 Ack=141 Win=65024 Len=1448 TSval=2916035424 TSecr=3045555197 [TCP segment of a reassembled PDU]"
"22121","31.343389166","192.168.1.55","192.168.1.2","TCP","1514","8004  >  35878 [ACK] Seq=173950 Ack=141 Win=65024 Len=1448 TSval=2916035424 TSecr=3045555197 [TCP segment of a reassembled PDU]"
"22122","31.343390425","192.168.1.55","192.168.1.2","TCP","1514","8004  >  35878 [ACK] Seq=175398 Ack=141 Win=65024 Len=1448 TSval=2916035424 TSecr=3045555197 [TCP segment of a reassembled PDU]"
"22123","31.343391629","192.168.1.55","192.168.1.2","TCP","1514","8004  >  35878 [ACK] Seq=176846 Ack=141 Win=65024 Len=1448 TSval=2916035424 TSecr=3045555197 [TCP segment of a reassembled PDU]"
"22124","31.343392833","192.168.1.55","192.168.1.2","TCP","1514","8004  >  35878 [ACK] Seq=178294 Ack=141 Win=65024 Len=1448 TSval=2916035424 TSecr=3045555197 [TCP segment of a reassembled PDU]"
"22125","31.343394018","192.168.1.55","192.168.1.2","TCP","1514","8004  >  35878 [ACK] Seq=179742 Ack=141 Win=65024 Len=1448 TSval=2916035424 TSecr=3045555197 [TCP segment of a reassembled PDU]"
"22126","31.343395092","192.168.1.55","192.168.1.2","TCP","1514","8004  >  35878 [ACK] Seq=181190 Ack=141 Win=65024 Len=1448 TSval=2916035424 TSecr=3045555197 [TCP segment of a reassembled PDU]"
"22127","31.343396185","192.168.1.55","192.168.1.2","TCP","1514","8004  >  35878 [ACK] Seq=182638 Ack=141 Win=65024 Len=1448 TSval=2916035424 TSecr=3045555197 [TCP segment of a reassembled PDU]"
"22128","31.343397407","192.168.1.55","192.168.1.2","TCP","1514","8004  >  35878 [ACK] Seq=184086 Ack=141 Win=65024 Len=1448 TSval=2916035424 TSecr=3045555197 [TCP segment of a reassembled PDU]"
"22129","31.343398555","192.168.1.55","192.168.1.2","TCP","1514","8004  >  35878 [ACK] Seq=185534 Ack=141 Win=65024 Len=1448 TSval=2916035424 TSecr=3045555197 [TCP segment of a reassembled PDU]"
"22130","31.343399629","192.168.1.55","192.168.1.2","TCP","1514","8004  >  35878 [ACK] Seq=186982 Ack=141 Win=65024 Len=1448 TSval=2916035424 TSecr=3045555197 [TCP segment of a reassembled PDU]"
"22131","31.343400759","192.168.1.55","192.168.1.2","TCP","1514","8004  >  35878 [ACK] Seq=188430 Ack=141 Win=65024 Len=1448 TSval=2916035424 TSecr=3045555197 [TCP segment of a reassembled PDU]"
"22132","31.343401925","192.168.1.55","192.168.1.2","TCP","1514","8004  >  35878 [ACK] Seq=189878 Ack=141 Win=65024 Len=1448 TSval=2916035424 TSecr=3045555197 [TCP segment of a reassembled PDU]"
"22133","31.343402981","192.168.1.55","192.168.1.2","TCP","1514","8004  >  35878 [PSH, ACK] Seq=191326 Ack=141 Win=65024 Len=1448 TSval=2916035424 TSecr=3045555197 [TCP segment of a reassembled PDU]"
"22134","31.352737662","192.168.1.2","192.168.1.55","TCP","66","35878  >  8004 [ACK] Seq=141 Ack=105894 Win=88064 Len=0 TSval=3045555205 TSecr=2916035423"
"22135","31.352842829","192.168.1.2","192.168.1.55","TCP","66","35878  >  8004 [ACK] Seq=141 Ack=116030 Win=105472 Len=0 TSval=3045555205 TSecr=2916035423"
"22136","31.352862459","192.168.1.55","192.168.1.2","TCP","1514","8004  >  35878 [ACK] Seq=192774 Ack=141 Win=65024 Len=1448 TSval=2916035433 TSecr=3045555205 [TCP segment of a reassembled PDU]"
"22137","31.352866496","192.168.1.55","192.168.1.2","TCP","1514","8004  >  35878 [ACK] Seq=194222 Ack=141 Win=65024 Len=1448 TSval=2916035433 TSecr=3045555205 [TCP segment of a reassembled PDU]"
"22138","31.352867422","192.168.1.55","192.168.1.2","TCP","1514","8004  >  35878 [PSH, ACK] Seq=195670 Ack=141 Win=65024 Len=1448 TSval=2916035433 TSecr=3045555205 [TCP segment of a reassembled PDU]"
"22139","31.352872570","192.168.1.2","192.168.1.55","TCP","66","35878  >  8004 [ACK] Seq=141 Ack=133406 Win=99328 Len=0 TSval=3045555206 TSecr=2916035423"
"22140","31.352908681","192.168.1.55","192.168.1.2","TCP","1514","8004  >  35878 [ACK] Seq=197118 Ack=141 Win=65024 Len=1448 TSval=2916035433 TSecr=3045555206 [TCP segment of a reassembled PDU]"
"22141","31.352910311","192.168.1.55","192.168.1.2","TCP","1514","8004  >  35878 [ACK] Seq=198566 Ack=141 Win=65024 Len=1448 TSval=2916035433 TSecr=3045555206 [TCP segment of a reassembled PDU]"
"22142","31.352911366","192.168.1.55","192.168.1.2","TCP","1514","8004  >  35878 [ACK] Seq=200014 Ack=141 Win=65024 Len=1448 TSval=2916035433 TSecr=3045555206 [TCP segment of a reassembled PDU]"
"22143","31.352912366","192.168.1.55","192.168.1.2","TCP","1514","8004  >  35878 [ACK] Seq=201462 Ack=141 Win=65024 Len=1448 TSval=2916035433 TSecr=3045555206 [TCP segment of a reassembled PDU]"
"22144","31.352913329","192.168.1.55","192.168.1.2","TCP","1514","8004  >  35878 [ACK] Seq=202910 Ack=141 Win=65024 Len=1448 TSval=2916035433 TSecr=3045555206 [TCP segment of a reassembled PDU]"
"22145","31.352914718","192.168.1.55","192.168.1.2","TCP","1514","8004  >  35878 [ACK] Seq=204358 Ack=141 Win=65024 Len=1448 TSval=2916035433 TSecr=3045555206 [TCP segment of a reassembled PDU]"
"22146","31.352915811","192.168.1.55","192.168.1.2","TCP","1514","8004  >  35878 [ACK] Seq=205806 Ack=141 Win=65024 Len=1448 TSval=2916035433 TSecr=3045555206 [TCP segment of a reassembled PDU]"
"22147","31.352916977","192.168.1.55","192.168.1.2","TCP","1514","8004  >  35878 [ACK] Seq=207254 Ack=141 Win=65024 Len=1448 TSval=2916035433 TSecr=3045555206 [TCP segment of a reassembled PDU]"
"22148","31.352918237","192.168.1.55","192.168.1.2","TCP","1514","8004  >  35878 [ACK] Seq=208702 Ack=141 Win=65024 Len=1448 TSval=2916035433 TSecr=3045555206 [TCP segment of a reassembled PDU]"
"22149","31.352919737","192.168.1.55","192.168.1.2","TCP","1514","8004  >  35878 [ACK] Seq=210150 Ack=141 Win=65024 Len=1448 TSval=2916035433 TSecr=3045555206 [TCP segment of a reassembled PDU]"
"22150","31.352920977","192.168.1.55","192.168.1.2","TCP","1514","8004  >  35878 [ACK] Seq=211598 Ack=141 Win=65024 Len=1448 TSval=2916035433 TSecr=3045555206 [TCP segment of a reassembled PDU]"
"22151","31.352921996","192.168.1.55","192.168.1.2","TCP","1514","8004  >  35878 [ACK] Seq=213046 Ack=141 Win=65024 Len=1448 TSval=2916035433 TSecr=3045555206 [TCP segment of a reassembled PDU]"
"22152","31.352923033","192.168.1.55","192.168.1.2","TCP","1514","8004  >  35878 [ACK] Seq=214494 Ack=141 Win=65024 Len=1448 TSval=2916035433 TSecr=3045555206 [TCP segment of a reassembled PDU]"
"22153","31.352924107","192.168.1.55","192.168.1.2","TCP","1514","8004  >  35878 [ACK] Seq=215942 Ack=141 Win=65024 Len=1448 TSval=2916035433 TSecr=3045555206 [TCP segment of a reassembled PDU]"
"22154","31.352925144","192.168.1.55","192.168.1.2","TCP","1514","8004  >  35878 [ACK] Seq=217390 Ack=141 Win=65024 Len=1448 TSval=2916035433 TSecr=3045555206 [TCP segment of a reassembled PDU]"
"22155","31.352926181","192.168.1.55","192.168.1.2","TCP","1514","8004  >  35878 [ACK] Seq=218838 Ack=141 Win=65024 Len=1448 TSval=2916035433 TSecr=3045555206 [TCP segment of a reassembled PDU]"
"22156","31.352927200","192.168.1.55","192.168.1.2","TCP","1514","8004  >  35878 [ACK] Seq=220286 Ack=141 Win=65024 Len=1448 TSval=2916035433 TSecr=3045555206 [TCP segment of a reassembled PDU]"
"22157","31.352928237","192.168.1.55","192.168.1.2","TCP","1514","8004  >  35878 [ACK] Seq=221734 Ack=141 Win=65024 Len=1448 TSval=2916035433 TSecr=3045555206 [TCP segment of a reassembled PDU]"
"22158","31.352929385","192.168.1.55","192.168.1.2","TCP","1514","8004  >  35878 [ACK] Seq=223182 Ack=141 Win=65024 Len=1448 TSval=2916035433 TSecr=3045555206 [TCP segment of a reassembled PDU]"
"22159","31.352930552","192.168.1.55","192.168.1.2","TCP","1514","8004  >  35878 [ACK] Seq=224630 Ack=141 Win=65024 Len=1448 TSval=2916035433 TSecr=3045555206 [TCP segment of a reassembled PDU]"
"22160","31.352931644","192.168.1.55","192.168.1.2","TCP","1514","8004  >  35878 [ACK] Seq=226078 Ack=141 Win=65024 Len=1448 TSval=2916035433 TSecr=3045555206 [TCP segment of a reassembled PDU]"
"22161","31.352932811","192.168.1.55","192.168.1.2","TCP","1514","8004  >  35878 [ACK] Seq=227526 Ack=141 Win=65024 Len=1448 TSval=2916035433 TSecr=3045555206 [TCP segment of a reassembled PDU]"
"22162","31.352933848","192.168.1.55","192.168.1.2","TCP","1514","8004  >  35878 [ACK] Seq=228974 Ack=141 Win=65024 Len=1448 TSval=2916035433 TSecr=3045555206 [TCP segment of a reassembled PDU]"
"22163","31.352934811","192.168.1.55","192.168.1.2","TCP","1514","8004  >  35878 [PSH, ACK] Seq=230422 Ack=141 Win=65024 Len=1448 TSval=2916035433 TSecr=3045555206 [TCP segment of a reassembled PDU]"
"22164","31.354829703","192.168.1.2","192.168.1.55","TCP","66","35878  >  8004 [ACK] Seq=141 Ack=139398 Win=117760 Len=0 TSval=3045555207 TSecr=2916035423"
"22165","31.354848129","192.168.1.55","192.168.1.2","TCP","1514","8004  >  35878 [ACK] Seq=231870 Ack=141 Win=65024 Len=1448 TSval=2916035435 TSecr=3045555207 [TCP segment of a reassembled PDU]"
"22166","31.354850332","192.168.1.55","192.168.1.2","TCP","1514","8004  >  35878 [ACK] Seq=233318 Ack=141 Win=65024 Len=1448 TSval=2916035435 TSecr=3045555207 [TCP segment of a reassembled PDU]"
"22167","31.354851221","192.168.1.55","192.168.1.2","TCP","1514","8004  >  35878 [ACK] Seq=234766 Ack=141 Win=65024 Len=1448 TSval=2916035435 TSecr=3045555207 [TCP segment of a reassembled PDU]"
"22168","31.354852110","192.168.1.55","192.168.1.2","TCP","1514","8004  >  35878 [ACK] Seq=236214 Ack=141 Win=65024 Len=1448 TSval=2916035435 TSecr=3045555207 [TCP segment of a reassembled PDU]"
"22169","31.354853018","192.168.1.55","192.168.1.2","TCP","1514","8004  >  35878 [PSH, ACK] Seq=237662 Ack=141 Win=65024 Len=1448 TSval=2916035435 TSecr=3045555207 [TCP segment of a reassembled PDU]"
"22170","31.355134518","192.168.1.2","192.168.1.55","TCP","66","35878  >  8004 [ACK] Seq=141 Ack=145190 Win=117760 Len=0 TSval=3045555207 TSecr=2916035423"
"22171","31.355141036","192.168.1.2","192.168.1.55","TCP","66","35878  >  8004 [ACK] Seq=141 Ack=148086 Win=121856 Len=0 TSval=3045555208 TSecr=2916035423"
"22172","31.355144629","192.168.1.2","192.168.1.55","TCP","66","35878  >  8004 [ACK] Seq=141 Ack=192774 Win=88064 Len=0 TSval=3045555208 TSecr=2916035423"
"22173","31.355177833","192.168.1.55","192.168.1.2","TCP","1514","8004  >  35878 [ACK] Seq=239110 Ack=141 Win=65024 Len=1448 TSval=2916035435 TSecr=3045555208 [TCP segment of a reassembled PDU]"
"22174","31.355179481","192.168.1.55","192.168.1.2","TCP","1514","8004  >  35878 [ACK] Seq=240558 Ack=141 Win=65024 Len=1448 TSval=2916035435 TSecr=3045555208 [TCP segment of a reassembled PDU]"
"22175","31.355180388","192.168.1.55","192.168.1.2","TCP","1514","8004  >  35878 [ACK] Seq=242006 Ack=141 Win=65024 Len=1448 TSval=2916035435 TSecr=3045555208 [TCP segment of a reassembled PDU]"
"22176","31.355181259","192.168.1.55","192.168.1.2","TCP","1514","8004  >  35878 [ACK] Seq=243454 Ack=141 Win=65024 Len=1448 TSval=2916035435 TSecr=3045555208 [TCP segment of a reassembled PDU]"
"22177","31.355182240","192.168.1.55","192.168.1.2","TCP","1514","8004  >  35878 [ACK] Seq=244902 Ack=141 Win=65024 Len=1448 TSval=2916035435 TSecr=3045555208 [TCP segment of a reassembled PDU]"
"22178","31.355183240","192.168.1.55","192.168.1.2","TCP","1514","8004  >  35878 [ACK] Seq=246350 Ack=141 Win=65024 Len=1448 TSval=2916035435 TSecr=3045555208 [TCP segment of a reassembled PDU]"
"22179","31.355184203","192.168.1.55","192.168.1.2","TCP","1514","8004  >  35878 [ACK] Seq=247798 Ack=141 Win=65024 Len=1448 TSval=2916035435 TSecr=3045555208 [TCP segment of a reassembled PDU]"
"22180","31.355185074","192.168.1.55","192.168.1.2","TCP","1514","8004  >  35878 [ACK] Seq=249246 Ack=141 Win=65024 Len=1448 TSval=2916035435 TSecr=3045555208 [TCP segment of a reassembled PDU]"
"22181","31.355186240","192.168.1.55","192.168.1.2","TCP","1514","8004  >  35878 [ACK] Seq=250694 Ack=141 Win=65024 Len=1448 TSval=2916035435 TSecr=3045555208 [TCP segment of a reassembled PDU]"
"22182","31.355187425","192.168.1.55","192.168.1.2","TCP","1514","8004  >  35878 [ACK] Seq=252142 Ack=141 Win=65024 Len=1448 TSval=2916035435 TSecr=3045555208 [TCP segment of a reassembled PDU]"
"22183","31.355188870","192.168.1.55","192.168.1.2","TCP","1514","8004  >  35878 [ACK] Seq=253590 Ack=141 Win=65024 Len=1448 TSval=2916035435 TSecr=3045555208 [TCP segment of a reassembled PDU]"
"22184","31.355189888","192.168.1.55","192.168.1.2","TCP","1514","8004  >  35878 [ACK] Seq=255038 Ack=141 Win=65024 Len=1448 TSval=2916035435 TSecr=3045555208 [TCP segment of a reassembled PDU]"
"22185","31.355190796","192.168.1.55","192.168.1.2","TCP","1514","8004  >  35878 [ACK] Seq=256486 Ack=141 Win=65024 Len=1448 TSval=2916035435 TSecr=3045555208 [TCP segment of a reassembled PDU]"
"22186","31.355191685","192.168.1.55","192.168.1.2","TCP","1514","8004  >  35878 [ACK] Seq=257934 Ack=141 Win=65024 Len=1448 TSval=2916035435 TSecr=3045555208 [TCP segment of a reassembled PDU]"
"22187","31.355192592","192.168.1.55","192.168.1.2","TCP","1514","8004  >  35878 [ACK] Seq=259382 Ack=141 Win=65024 Len=1448 TSval=2916035435 TSecr=3045555208 [TCP segment of a reassembled PDU]"
"22188","31.355193592","192.168.1.55","192.168.1.2","TCP","1514","8004  >  35878 [ACK] Seq=260830 Ack=141 Win=65024 Len=1448 TSval=2916035435 TSecr=3045555208 [TCP segment of a reassembled PDU]"
"22189","31.355199388","192.168.1.55","192.168.1.2","TCP","1514","8004  >  35878 [ACK] Seq=262278 Ack=141 Win=65024 Len=1448 TSval=2916035435 TSecr=3045555208 [TCP segment of a reassembled PDU]"
"22190","31.355200500","192.168.1.55","192.168.1.2","TCP","1514","8004  >  35878 [ACK] Seq=263726 Ack=141 Win=65024 Len=1448 TSval=2916035435 TSecr=3045555208 [TCP segment of a reassembled PDU]"
"22191","31.355201907","192.168.1.55","192.168.1.2","TCP","1514","8004  >  35878 [ACK] Seq=265174 Ack=141 Win=65024 Len=1448 TSval=2916035435 TSecr=3045555208 [TCP segment of a reassembled PDU]"
"22192","31.355202907","192.168.1.55","192.168.1.2","TCP","1514","8004  >  35878 [ACK] Seq=266622 Ack=141 Win=65024 Len=1448 TSval=2916035435 TSecr=3045555208 [TCP segment of a reassembled PDU]"
"22193","31.355203851","192.168.1.55","192.168.1.2","TCP","1514","8004  >  35878 [ACK] Seq=268070 Ack=141 Win=65024 Len=1448 TSval=2916035435 TSecr=3045555208 [TCP segment of a reassembled PDU]"
"22194","31.355204907","192.168.1.55","192.168.1.2","TCP","1514","8004  >  35878 [ACK] Seq=269518 Ack=141 Win=65024 Len=1448 TSval=2916035435 TSecr=3045555208 [TCP segment of a reassembled PDU]"
"22195","31.355205963","192.168.1.55","192.168.1.2","TCP","1514","8004  >  35878 [ACK] Seq=270966 Ack=141 Win=65024 Len=1448 TSval=2916035435 TSecr=3045555208 [TCP segment of a reassembled PDU]"
"22196","31.355206981","192.168.1.55","192.168.1.2","TCP","1514","8004  >  35878 [ACK] Seq=272414 Ack=141 Win=65024 Len=1448 TSval=2916035435 TSecr=3045555208 [TCP segment of a reassembled PDU]"
"22197","31.355207963","192.168.1.55","192.168.1.2","TCP","1514","8004  >  35878 [ACK] Seq=273862 Ack=141 Win=65024 Len=1448 TSval=2916035435 TSecr=3045555208 [TCP segment of a reassembled PDU]"
"22198","31.355208944","192.168.1.55","192.168.1.2","TCP","1514","8004  >  35878 [ACK] Seq=275310 Ack=141 Win=65024 Len=1448 TSval=2916035435 TSecr=3045555208 [TCP segment of a reassembled PDU]"
"22199","31.355210092","192.168.1.55","192.168.1.2","TCP","1514","8004  >  35878 [ACK] Seq=276758 Ack=141 Win=65024 Len=1448 TSval=2916035435 TSecr=3045555208 [TCP segment of a reassembled PDU]"
"22200","31.355211166","192.168.1.55","192.168.1.2","TCP","1514","8004  >  35878 [ACK] Seq=278206 Ack=141 Win=65024 Len=1448 TSval=2916035435 TSecr=3045555208 [TCP segment of a reassembled PDU]"
"22201","31.355212166","192.168.1.55","192.168.1.2","TCP","1250","[TCP Window Full] 8004  >  35878 [PSH, ACK] Seq=279654 Ack=141 Win=65024 Len=1184 TSval=2916035435 TSecr=3045555208 [TCP segment of a reassembled PDU]"
"22202","31.362315640","192.168.1.2","192.168.1.55","TCP","66","35878  >  8004 [ACK] Seq=141 Ack=197118 Win=118784 Len=0 TSval=3045555212 TSecr=2916035433"
"22203","31.362401770","192.168.1.55","192.168.1.2","TCP","330","8004  >  35878 [ACK] Seq=280838 Ack=141 Win=65024 Len=264 TSval=2916035443 TSecr=3045555212 [TCP segment of a reassembled PDU]"
"22204","31.362477955","192.168.1.2","192.168.1.55","TCP","66","35878  >  8004 [ACK] Seq=141 Ack=227526 Win=94208 Len=0 TSval=3045555212 TSecr=2916035433"
"22205","31.362539270","192.168.1.55","192.168.1.2","TCP","1514","8004  >  35878 [ACK] Seq=281102 Ack=141 Win=65024 Len=1448 TSval=2916035443 TSecr=3045555212 [TCP segment of a reassembled PDU]"
"22206","31.362541363","192.168.1.55","192.168.1.2","TCP","1514","8004  >  35878 [ACK] Seq=282550 Ack=141 Win=65024 Len=1448 TSval=2916035443 TSecr=3045555212 [TCP segment of a reassembled PDU]"
"22207","31.362542752","192.168.1.55","192.168.1.2","TCP","1514","8004  >  35878 [ACK] Seq=283998 Ack=141 Win=65024 Len=1448 TSval=2916035443 TSecr=3045555212 [TCP segment of a reassembled PDU]"
"22208","31.362543678","192.168.1.55","192.168.1.2","TCP","1514","8004  >  35878 [ACK] Seq=285446 Ack=141 Win=65024 Len=1448 TSval=2916035443 TSecr=3045555212 [TCP segment of a reassembled PDU]"
"22209","31.362544715","192.168.1.55","192.168.1.2","TCP","1514","8004  >  35878 [ACK] Seq=286894 Ack=141 Win=65024 Len=1448 TSval=2916035443 TSecr=3045555212 [TCP segment of a reassembled PDU]"
"22210","31.362545622","192.168.1.55","192.168.1.2","TCP","1514","8004  >  35878 [ACK] Seq=288342 Ack=141 Win=65024 Len=1448 TSval=2916035443 TSecr=3045555212 [TCP segment of a reassembled PDU]"
"22211","31.362547011","192.168.1.55","192.168.1.2","TCP","1514","8004  >  35878 [ACK] Seq=289790 Ack=141 Win=65024 Len=1448 TSval=2916035443 TSecr=3045555212 [TCP segment of a reassembled PDU]"
"22212","31.362550419","192.168.1.55","192.168.1.2","TCP","1514","8004  >  35878 [ACK] Seq=291238 Ack=141 Win=65024 Len=1448 TSval=2916035443 TSecr=3045555212 [TCP segment of a reassembled PDU]"
"22213","31.362551381","192.168.1.55","192.168.1.2","TCP","1514","8004  >  35878 [ACK] Seq=292686 Ack=141 Win=65024 Len=1448 TSval=2916035443 TSecr=3045555212 [TCP segment of a reassembled PDU]"
"22214","31.362552381","192.168.1.55","192.168.1.2","TCP","1514","8004  >  35878 [ACK] Seq=294134 Ack=141 Win=65024 Len=1448 TSval=2916035443 TSecr=3045555212 [TCP segment of a reassembled PDU]"
"22215","31.362553363","192.168.1.55","192.168.1.2","TCP","1514","8004  >  35878 [ACK] Seq=295582 Ack=141 Win=65024 Len=1448 TSval=2916035443 TSecr=3045555212 [TCP segment of a reassembled PDU]"
"22216","31.362554456","192.168.1.55","192.168.1.2","TCP","1514","8004  >  35878 [ACK] Seq=297030 Ack=141 Win=65024 Len=1448 TSval=2916035443 TSecr=3045555212 [TCP segment of a reassembled PDU]"
"22217","31.362555696","192.168.1.55","192.168.1.2","TCP","1514","8004  >  35878 [ACK] Seq=298478 Ack=141 Win=65024 Len=1448 TSval=2916035443 TSecr=3045555212 [TCP segment of a reassembled PDU]"
"22218","31.362557011","192.168.1.55","192.168.1.2","TCP","1514","8004  >  35878 [ACK] Seq=299926 Ack=141 Win=65024 Len=1448 TSval=2916035443 TSecr=3045555212 [TCP segment of a reassembled PDU]"
"22219","31.362558770","192.168.1.55","192.168.1.2","TCP","1514","8004  >  35878 [ACK] Seq=301374 Ack=141 Win=65024 Len=1448 TSval=2916035443 TSecr=3045555212 [TCP segment of a reassembled PDU]"
"22220","31.362560141","192.168.1.55","192.168.1.2","TCP","1514","8004  >  35878 [ACK] Seq=302822 Ack=141 Win=65024 Len=1448 TSval=2916035443 TSecr=3045555212 [TCP segment of a reassembled PDU]"
"22221","31.362561085","192.168.1.55","192.168.1.2","TCP","1514","8004  >  35878 [ACK] Seq=304270 Ack=141 Win=65024 Len=1448 TSval=2916035443 TSecr=3045555212 [TCP segment of a reassembled PDU]"
"22222","31.362562141","192.168.1.55","192.168.1.2","TCP","1514","8004  >  35878 [ACK] Seq=305718 Ack=141 Win=65024 Len=1448 TSval=2916035443 TSecr=3045555212 [TCP segment of a reassembled PDU]"
"22223","31.362563141","192.168.1.55","192.168.1.2","TCP","1514","8004  >  35878 [ACK] Seq=307166 Ack=141 Win=65024 Len=1448 TSval=2916035443 TSecr=3045555212 [TCP segment of a reassembled PDU]"
"22224","31.362564233","192.168.1.55","192.168.1.2","TCP","1514","8004  >  35878 [ACK] Seq=308614 Ack=141 Win=65024 Len=1448 TSval=2916035443 TSecr=3045555212 [TCP segment of a reassembled PDU]"
"22225","31.362565604","192.168.1.55","192.168.1.2","TCP","1514","8004  >  35878 [ACK] Seq=310062 Ack=141 Win=65024 Len=1448 TSval=2916035443 TSecr=3045555212 [TCP segment of a reassembled PDU]"
"22226","31.362567474","192.168.1.55","192.168.1.2","TCP","1514","8004  >  35878 [ACK] Seq=311510 Ack=141 Win=65024 Len=1448 TSval=2916035443 TSecr=3045555212 [TCP segment of a reassembled PDU]"
"22227","31.362568937","192.168.1.55","192.168.1.2","TCP","1514","8004  >  35878 [ACK] Seq=312958 Ack=141 Win=65024 Len=1448 TSval=2916035443 TSecr=3045555212 [TCP segment of a reassembled PDU]"
"22228","31.362570011","192.168.1.55","192.168.1.2","TCP","1514","8004  >  35878 [ACK] Seq=314406 Ack=141 Win=65024 Len=1448 TSval=2916035443 TSecr=3045555212 [TCP segment of a reassembled PDU]"
"22229","31.362570956","192.168.1.55","192.168.1.2","TCP","1514","8004  >  35878 [ACK] Seq=315854 Ack=141 Win=65024 Len=1448 TSval=2916035443 TSecr=3045555212 [TCP segment of a reassembled PDU]"
"22230","31.362571956","192.168.1.55","192.168.1.2","TCP","1514","8004  >  35878 [ACK] Seq=317302 Ack=141 Win=65024 Len=1448 TSval=2916035443 TSecr=3045555212 [TCP segment of a reassembled PDU]"
"22231","31.362572919","192.168.1.55","192.168.1.2","TCP","1514","8004  >  35878 [ACK] Seq=318750 Ack=141 Win=65024 Len=1448 TSval=2916035443 TSecr=3045555212 [TCP segment of a reassembled PDU]"
"22232","31.362574159","192.168.1.55","192.168.1.2","TCP","1514","8004  >  35878 [PSH, ACK] Seq=320198 Ack=141 Win=65024 Len=1448 TSval=2916035443 TSecr=3045555212 [TCP segment of a reassembled PDU]"
"22233","31.362578900","192.168.1.2","192.168.1.55","TCP","66","35878  >  8004 [ACK] Seq=141 Ack=231870 Win=118784 Len=0 TSval=3045555215 TSecr=2916035433"
"22234","31.362588622","192.168.1.55","192.168.1.2","TCP","1514","8004  >  35878 [PSH, ACK] Seq=321646 Ack=141 Win=65024 Len=1448 TSval=2916035443 TSecr=3045555215 [TCP segment of a reassembled PDU]"
"22235","31.362591641","192.168.1.2","192.168.1.55","TCP","66","35878  >  8004 [ACK] Seq=141 Ack=239110 Win=111616 Len=0 TSval=3045555215 TSecr=2916035435"
"22236","31.362597474","192.168.1.2","192.168.1.55","TCP","66","35878  >  8004 [ACK] Seq=141 Ack=266622 Win=100352 Len=0 TSval=3045555215 TSecr=2916035435"
"22237","31.362653233","192.168.1.55","192.168.1.2","TCP","1514","8004  >  35878 [ACK] Seq=323094 Ack=141 Win=65024 Len=1448 TSval=2916035443 TSecr=3045555215 [TCP segment of a reassembled PDU]"
"22238","31.362655363","192.168.1.55","192.168.1.2","TCP","1514","8004  >  35878 [ACK] Seq=324542 Ack=141 Win=65024 Len=1448 TSval=2916035443 TSecr=3045555215 [TCP segment of a reassembled PDU]"
"22239","31.362656511","192.168.1.55","192.168.1.2","TCP","1514","8004  >  35878 [ACK] Seq=325990 Ack=141 Win=65024 Len=1448 TSval=2916035443 TSecr=3045555215 [TCP segment of a reassembled PDU]"
"22240","31.362657474","192.168.1.55","192.168.1.2","TCP","1514","8004  >  35878 [ACK] Seq=327438 Ack=141 Win=65024 Len=1448 TSval=2916035443 TSecr=3045555215 [TCP segment of a reassembled PDU]"
"22241","31.362658382","192.168.1.55","192.168.1.2","TCP","1514","8004  >  35878 [ACK] Seq=328886 Ack=141 Win=65024 Len=1448 TSval=2916035443 TSecr=3045555215 [TCP segment of a reassembled PDU]"
"22242","31.362659715","192.168.1.55","192.168.1.2","TCP","1514","8004  >  35878 [ACK] Seq=330334 Ack=141 Win=65024 Len=1448 TSval=2916035443 TSecr=3045555215 [TCP segment of a reassembled PDU]"
"22243","31.362661271","192.168.1.55","192.168.1.2","TCP","1514","8004  >  35878 [ACK] Seq=331782 Ack=141 Win=65024 Len=1448 TSval=2916035443 TSecr=3045555215 [TCP segment of a reassembled PDU]"
"22244","31.362662845","192.168.1.55","192.168.1.2","TCP","1514","8004  >  35878 [ACK] Seq=333230 Ack=141 Win=65024 Len=1448 TSval=2916035443 TSecr=3045555215 [TCP segment of a reassembled PDU]"
"22245","31.362664011","192.168.1.55","192.168.1.2","TCP","1514","8004  >  35878 [ACK] Seq=334678 Ack=141 Win=65024 Len=1448 TSval=2916035443 TSecr=3045555215 [TCP segment of a reassembled PDU]"
"22246","31.362664974","192.168.1.55","192.168.1.2","TCP","1514","8004  >  35878 [ACK] Seq=336126 Ack=141 Win=65024 Len=1448 TSval=2916035443 TSecr=3045555215 [TCP segment of a reassembled PDU]"
"22247","31.362665919","192.168.1.55","192.168.1.2","TCP","1514","8004  >  35878 [ACK] Seq=337574 Ack=141 Win=65024 Len=1448 TSval=2916035443 TSecr=3045555215 [TCP segment of a reassembled PDU]"
"22248","31.362666937","192.168.1.55","192.168.1.2","TCP","1514","8004  >  35878 [ACK] Seq=339022 Ack=141 Win=65024 Len=1448 TSval=2916035443 TSecr=3045555215 [TCP segment of a reassembled PDU]"
"22249","31.362667956","192.168.1.55","192.168.1.2","TCP","1514","8004  >  35878 [ACK] Seq=340470 Ack=141 Win=65024 Len=1448 TSval=2916035443 TSecr=3045555215 [TCP segment of a reassembled PDU]"
"22250","31.362669734","192.168.1.55","192.168.1.2","TCP","1514","8004  >  35878 [ACK] Seq=341918 Ack=141 Win=65024 Len=1448 TSval=2916035443 TSecr=3045555215 [TCP segment of a reassembled PDU]"
"22251","31.362671345","192.168.1.55","192.168.1.2","TCP","1514","8004  >  35878 [ACK] Seq=343366 Ack=141 Win=65024 Len=1448 TSval=2916035443 TSecr=3045555215 [TCP segment of a reassembled PDU]"
"22252","31.362672771","192.168.1.55","192.168.1.2","TCP","1514","8004  >  35878 [ACK] Seq=344814 Ack=141 Win=65024 Len=1448 TSval=2916035443 TSecr=3045555215 [TCP segment of a reassembled PDU]"
"22253","31.362674030","192.168.1.55","192.168.1.2","TCP","1514","8004  >  35878 [ACK] Seq=346262 Ack=141 Win=65024 Len=1448 TSval=2916035443 TSecr=3045555215 [TCP segment of a reassembled PDU]"
"22254","31.362674974","192.168.1.55","192.168.1.2","TCP","1514","8004  >  35878 [ACK] Seq=347710 Ack=141 Win=65024 Len=1448 TSval=2916035443 TSecr=3045555215 [TCP segment of a reassembled PDU]"
"22255","31.362676104","192.168.1.55","192.168.1.2","TCP","1514","8004  >  35878 [ACK] Seq=349158 Ack=141 Win=65024 Len=1448 TSval=2916035443 TSecr=3045555215 [TCP segment of a reassembled PDU]"
"22256","31.362677641","192.168.1.55","192.168.1.2","TCP","1514","8004  >  35878 [ACK] Seq=350606 Ack=141 Win=65024 Len=1448 TSval=2916035443 TSecr=3045555215 [TCP segment of a reassembled PDU]"
"22257","31.362679178","192.168.1.55","192.168.1.2","TCP","1514","8004  >  35878 [ACK] Seq=352054 Ack=141 Win=65024 Len=1448 TSval=2916035443 TSecr=3045555215 [TCP segment of a reassembled PDU]"
"22258","31.362680696","192.168.1.55","192.168.1.2","TCP","1514","8004  >  35878 [ACK] Seq=353502 Ack=141 Win=65024 Len=1448 TSval=2916035443 TSecr=3045555215 [TCP segment of a reassembled PDU]"
"22259","31.362681937","192.168.1.55","192.168.1.2","TCP","1514","8004  >  35878 [ACK] Seq=354950 Ack=141 Win=65024 Len=1448 TSval=2916035443 TSecr=3045555215 [TCP segment of a reassembled PDU]"
"22260","31.362682993","192.168.1.55","192.168.1.2","TCP","1514","8004  >  35878 [ACK] Seq=356398 Ack=141 Win=65024 Len=1448 TSval=2916035443 TSecr=3045555215 [TCP segment of a reassembled PDU]"
"22261","31.362683882","192.168.1.55","192.168.1.2","TCP","1514","8004  >  35878 [ACK] Seq=357846 Ack=141 Win=65024 Len=1448 TSval=2916035443 TSecr=3045555215 [TCP segment of a reassembled PDU]"
"22262","31.362685030","192.168.1.55","192.168.1.2","TCP","1514","8004  >  35878 [ACK] Seq=359294 Ack=141 Win=65024 Len=1448 TSval=2916035443 TSecr=3045555215 [TCP segment of a reassembled PDU]"
"22263","31.362686011","192.168.1.55","192.168.1.2","TCP","1514","8004  >  35878 [ACK] Seq=360742 Ack=141 Win=65024 Len=1448 TSval=2916035443 TSecr=3045555215 [TCP segment of a reassembled PDU]"
"22264","31.362687585","192.168.1.55","192.168.1.2","TCP","1514","8004  >  35878 [ACK] Seq=362190 Ack=141 Win=65024 Len=1448 TSval=2916035443 TSecr=3045555215 [TCP segment of a reassembled PDU]"
"22265","31.362688993","192.168.1.55","192.168.1.2","TCP","1514","8004  >  35878 [PSH, ACK] Seq=363638 Ack=141 Win=65024 Len=1448 TSval=2916035443 TSecr=3045555215 [TCP segment of a reassembled PDU]"
"22266","31.362740234","192.168.1.2","192.168.1.55","TCP","66","35878  >  8004 [ACK] Seq=141 Ack=272414 Win=119808 Len=0 TSval=3045555215 TSecr=2916035435"
"22267","31.362746530","192.168.1.2","192.168.1.55","TCP","66","35878  >  8004 [ACK] Seq=141 Ack=278206 Win=119808 Len=0 TSval=3045555215 TSecr=2916035435"
"22268","31.362749641","192.168.1.2","192.168.1.55","TCP","66","35878  >  8004 [ACK] Seq=141 Ack=280838 Win=121856 Len=0 TSval=3045555216 TSecr=2916035435"
"22269","31.363932958","192.168.1.55","192.168.1.2","TCP","1514","8004  >  35878 [ACK] Seq=365086 Ack=141 Win=65024 Len=1448 TSval=2916035444 TSecr=3045555216 [TCP segment of a reassembled PDU]"
"22270","31.363935198","192.168.1.55","192.168.1.2","TCP","1514","8004  >  35878 [ACK] Seq=366534 Ack=141 Win=65024 Len=1448 TSval=2916035444 TSecr=3045555216 [TCP segment of a reassembled PDU]"
"22271","31.363937624","192.168.1.55","192.168.1.2","TCP","1514","8004  >  35878 [ACK] Seq=367982 Ack=141 Win=65024 Len=1448 TSval=2916035444 TSecr=3045555216 [TCP segment of a reassembled PDU]"
"22272","31.363938884","192.168.1.55","192.168.1.2","TCP","1514","8004  >  35878 [ACK] Seq=369430 Ack=141 Win=65024 Len=1448 TSval=2916035444 TSecr=3045555216 [TCP segment of a reassembled PDU]"
"22273","31.363939865","192.168.1.55","192.168.1.2","TCP","1514","8004  >  35878 [ACK] Seq=370878 Ack=141 Win=65024 Len=1448 TSval=2916035444 TSecr=3045555216 [TCP segment of a reassembled PDU]"
"22274","31.363940921","192.168.1.55","192.168.1.2","TCP","1514","8004  >  35878 [ACK] Seq=372326 Ack=141 Win=65024 Len=1448 TSval=2916035444 TSecr=3045555216 [TCP segment of a reassembled PDU]"
"22275","31.363942069","192.168.1.55","192.168.1.2","TCP","1514","8004  >  35878 [ACK] Seq=373774 Ack=141 Win=65024 Len=1448 TSval=2916035444 TSecr=3045555216 [TCP segment of a reassembled PDU]"
"22276","31.363943087","192.168.1.55","192.168.1.2","TCP","1514","8004  >  35878 [ACK] Seq=375222 Ack=141 Win=65024 Len=1448 TSval=2916035444 TSecr=3045555216 [TCP segment of a reassembled PDU]"
"22277","31.363944587","192.168.1.55","192.168.1.2","TCP","1514","8004  >  35878 [ACK] Seq=376670 Ack=141 Win=65024 Len=1448 TSval=2916035444 TSecr=3045555216 [TCP segment of a reassembled PDU]"
"22278","31.363946532","192.168.1.55","192.168.1.2","TCP","1514","8004  >  35878 [ACK] Seq=378118 Ack=141 Win=65024 Len=1448 TSval=2916035444 TSecr=3045555216 [TCP segment of a reassembled PDU]"
"22279","31.363948106","192.168.1.55","192.168.1.2","TCP","1514","8004  >  35878 [ACK] Seq=379566 Ack=141 Win=65024 Len=1448 TSval=2916035444 TSecr=3045555216 [TCP segment of a reassembled PDU]"
"22280","31.363949106","192.168.1.55","192.168.1.2","TCP","1514","8004  >  35878 [ACK] Seq=381014 Ack=141 Win=65024 Len=1448 TSval=2916035444 TSecr=3045555216 [TCP segment of a reassembled PDU]"
"22281","31.363950106","192.168.1.55","192.168.1.2","TCP","1514","8004  >  35878 [ACK] Seq=382462 Ack=141 Win=65024 Len=1448 TSval=2916035444 TSecr=3045555216 [TCP segment of a reassembled PDU]"
"22282","31.363951273","192.168.1.55","192.168.1.2","TCP","1514","8004  >  35878 [ACK] Seq=383910 Ack=141 Win=65024 Len=1448 TSval=2916035444 TSecr=3045555216 [TCP segment of a reassembled PDU]"
"22283","31.363952310","192.168.1.55","192.168.1.2","TCP","1514","8004  >  35878 [ACK] Seq=385358 Ack=141 Win=65024 Len=1448 TSval=2916035444 TSecr=3045555216 [TCP segment of a reassembled PDU]"
"22284","31.363955087","192.168.1.55","192.168.1.2","TCP","1514","8004  >  35878 [ACK] Seq=386806 Ack=141 Win=65024 Len=1448 TSval=2916035444 TSecr=3045555216 [TCP segment of a reassembled PDU]"
"22285","31.363956569","192.168.1.55","192.168.1.2","TCP","1514","8004  >  35878 [ACK] Seq=388254 Ack=141 Win=65024 Len=1448 TSval=2916035444 TSecr=3045555216 [TCP segment of a reassembled PDU]"
"22286","31.363958013","192.168.1.55","192.168.1.2","TCP","1514","8004  >  35878 [ACK] Seq=389702 Ack=141 Win=65024 Len=1448 TSval=2916035444 TSecr=3045555216 [TCP segment of a reassembled PDU]"
"22287","31.363959013","192.168.1.55","192.168.1.2","TCP","1514","8004  >  35878 [ACK] Seq=391150 Ack=141 Win=65024 Len=1448 TSval=2916035444 TSecr=3045555216 [TCP segment of a reassembled PDU]"
"22288","31.363960124","192.168.1.55","192.168.1.2","TCP","1514","8004  >  35878 [ACK] Seq=392598 Ack=141 Win=65024 Len=1448 TSval=2916035444 TSecr=3045555216 [TCP segment of a reassembled PDU]"
"22289","31.363961161","192.168.1.55","192.168.1.2","TCP","1514","8004  >  35878 [ACK] Seq=394046 Ack=141 Win=65024 Len=1448 TSval=2916035444 TSecr=3045555216 [TCP segment of a reassembled PDU]"
"22290","31.363962310","192.168.1.55","192.168.1.2","TCP","1514","8004  >  35878 [ACK] Seq=395494 Ack=141 Win=65024 Len=1448 TSval=2916035444 TSecr=3045555216 [TCP segment of a reassembled PDU]"
"22291","31.363964161","192.168.1.55","192.168.1.2","TCP","1514","8004  >  35878 [ACK] Seq=396942 Ack=141 Win=65024 Len=1448 TSval=2916035444 TSecr=3045555216 [TCP segment of a reassembled PDU]"
"22292","31.363965587","192.168.1.55","192.168.1.2","TCP","1514","8004  >  35878 [ACK] Seq=398390 Ack=141 Win=65024 Len=1448 TSval=2916035444 TSecr=3045555216 [TCP segment of a reassembled PDU]"
"22293","31.363966754","192.168.1.55","192.168.1.2","TCP","1514","8004  >  35878 [PSH, ACK] Seq=399838 Ack=141 Win=65024 Len=1448 TSval=2916035444 TSecr=3045555216 [TCP segment of a reassembled PDU]"
"22294","31.369905356","192.168.1.2","192.168.1.55","TCP","66","35878  >  8004 [ACK] Seq=141 Ack=281102 Win=124928 Len=0 TSval=3045555223 TSecr=2916035443"
"22295","31.369951060","192.168.1.55","192.168.1.2","TCP","1514","8004  >  35878 [ACK] Seq=401286 Ack=141 Win=65024 Len=1448 TSval=2916035450 TSecr=3045555223 [TCP segment of a reassembled PDU]"
"22296","31.369956578","192.168.1.55","192.168.1.2","TCP","1514","8004  >  35878 [ACK] Seq=402734 Ack=141 Win=65024 Len=1448 TSval=2916035450 TSecr=3045555223 [TCP segment of a reassembled PDU]"
"22297","31.369958467","192.168.1.55","192.168.1.2","TCP","1514","8004  >  35878 [ACK] Seq=404182 Ack=141 Win=65024 Len=1448 TSval=2916035450 TSecr=3045555223 [TCP segment of a reassembled PDU]"
"22298","31.369959560","192.168.1.55","192.168.1.2","TCP","466","[TCP Window Full] 8004  >  35878 [PSH, ACK] Seq=405630 Ack=141 Win=65024 Len=400 TSval=2916035450 TSecr=3045555223 [TCP segment of a reassembled PDU]"
"22299","31.370031727","192.168.1.2","192.168.1.55","TCP","66","35878  >  8004 [ACK] Seq=141 Ack=321646 Win=129024 Len=0 TSval=3045555223 TSecr=2916035443"
"22300","31.370050301","192.168.1.55","192.168.1.2","TCP","1514","8004  >  35878 [ACK] Seq=406030 Ack=141 Win=65024 Len=1448 TSval=2916035450 TSecr=3045555223 [TCP segment of a reassembled PDU]"
"22301","31.370051764","192.168.1.55","192.168.1.2","TCP","1514","8004  >  35878 [PSH, ACK] Seq=407478 Ack=141 Win=65024 Len=1448 TSval=2916035450 TSecr=3045555223 [TCP segment of a reassembled PDU]"
"22302","31.370057467","192.168.1.55","192.168.1.2","TCP","1114","8004  >  35878 [PSH, ACK] Seq=408926 Ack=141 Win=65024 Len=1048 TSval=2916035450 TSecr=3045555223 [TCP segment of a reassembled PDU]"
"22303","31.370061078","192.168.1.2","192.168.1.55","TCP","66","35878  >  8004 [ACK] Seq=141 Ack=349158 Win=129024 Len=0 TSval=3045555223 TSecr=2916035443"
"22304","31.370110171","192.168.1.55","192.168.1.2","TCP","1514","8004  >  35878 [ACK] Seq=409974 Ack=141 Win=65024 Len=1448 TSval=2916035450 TSecr=3045555223 [TCP segment of a reassembled PDU]"
"22305","31.370112004","192.168.1.55","192.168.1.2","TCP","1514","8004  >  35878 [ACK] Seq=411422 Ack=141 Win=65024 Len=1448 TSval=2916035450 TSecr=3045555223 [TCP segment of a reassembled PDU]"
"22306","31.370113264","192.168.1.55","192.168.1.2","TCP","1514","8004  >  35878 [ACK] Seq=412870 Ack=141 Win=65024 Len=1448 TSval=2916035450 TSecr=3045555223 [TCP segment of a reassembled PDU]"
"22307","31.370114727","192.168.1.55","192.168.1.2","TCP","1514","8004  >  35878 [ACK] Seq=414318 Ack=141 Win=65024 Len=1448 TSval=2916035450 TSecr=3045555223 [TCP segment of a reassembled PDU]"
"22308","31.370117171","192.168.1.55","192.168.1.2","TCP","1514","8004  >  35878 [ACK] Seq=415766 Ack=141 Win=65024 Len=1448 TSval=2916035450 TSecr=3045555223 [TCP segment of a reassembled PDU]"
"22309","31.370118579","192.168.1.55","192.168.1.2","TCP","1514","8004  >  35878 [ACK] Seq=417214 Ack=141 Win=65024 Len=1448 TSval=2916035450 TSecr=3045555223 [TCP segment of a reassembled PDU]"
"22310","31.370120208","192.168.1.55","192.168.1.2","TCP","1514","8004  >  35878 [ACK] Seq=418662 Ack=141 Win=65024 Len=1448 TSval=2916035450 TSecr=3045555223 [TCP segment of a reassembled PDU]"
"22311","31.370121338","192.168.1.55","192.168.1.2","TCP","1514","8004  >  35878 [ACK] Seq=420110 Ack=141 Win=65024 Len=1448 TSval=2916035450 TSecr=3045555223 [TCP segment of a reassembled PDU]"
"22312","31.370122486","192.168.1.55","192.168.1.2","TCP","1514","8004  >  35878 [ACK] Seq=421558 Ack=141 Win=65024 Len=1448 TSval=2916035450 TSecr=3045555223 [TCP segment of a reassembled PDU]"
"22313","31.370123616","192.168.1.55","192.168.1.2","TCP","1514","8004  >  35878 [ACK] Seq=423006 Ack=141 Win=65024 Len=1448 TSval=2916035450 TSecr=3045555223 [TCP segment of a reassembled PDU]"
"22314","31.370124875","192.168.1.55","192.168.1.2","TCP","1514","8004  >  35878 [ACK] Seq=424454 Ack=141 Win=65024 Len=1448 TSval=2916035450 TSecr=3045555223 [TCP segment of a reassembled PDU]"
"22315","31.370126912","192.168.1.55","192.168.1.2","TCP","1514","8004  >  35878 [ACK] Seq=425902 Ack=141 Win=65024 Len=1448 TSval=2916035450 TSecr=3045555223 [TCP segment of a reassembled PDU]"
"22316","31.370128597","192.168.1.55","192.168.1.2","TCP","1514","8004  >  35878 [ACK] Seq=427350 Ack=141 Win=65024 Len=1448 TSval=2916035450 TSecr=3045555223 [TCP segment of a reassembled PDU]"
"22317","31.370129745","192.168.1.55","192.168.1.2","TCP","1514","8004  >  35878 [ACK] Seq=428798 Ack=141 Win=65024 Len=1448 TSval=2916035450 TSecr=3045555223 [TCP segment of a reassembled PDU]"
"22318","31.370130875","192.168.1.55","192.168.1.2","TCP","1514","8004  >  35878 [ACK] Seq=430246 Ack=141 Win=65024 Len=1448 TSval=2916035450 TSecr=3045555223 [TCP segment of a reassembled PDU]"
"22319","31.370131949","192.168.1.55","192.168.1.2","TCP","1514","8004  >  35878 [ACK] Seq=431694 Ack=141 Win=65024 Len=1448 TSval=2916035450 TSecr=3045555223 [TCP segment of a reassembled PDU]"
"22320","31.370133153","192.168.1.55","192.168.1.2","TCP","1514","8004  >  35878 [ACK] Seq=433142 Ack=141 Win=65024 Len=1448 TSval=2916035450 TSecr=3045555223 [TCP segment of a reassembled PDU]"
"22321","31.370134745","192.168.1.55","192.168.1.2","TCP","1514","8004  >  35878 [ACK] Seq=434590 Ack=141 Win=65024 Len=1448 TSval=2916035450 TSecr=3045555223 [TCP segment of a reassembled PDU]"
"22322","31.370136505","192.168.1.55","192.168.1.2","TCP","1514","8004  >  35878 [ACK] Seq=436038 Ack=141 Win=65024 Len=1448 TSval=2916035450 TSecr=3045555223 [TCP segment of a reassembled PDU]"
"22323","31.370138653","192.168.1.55","192.168.1.2","TCP","1514","8004  >  35878 [ACK] Seq=437486 Ack=141 Win=65024 Len=1448 TSval=2916035450 TSecr=3045555223 [TCP segment of a reassembled PDU]"
"22324","31.370139764","192.168.1.55","192.168.1.2","TCP","1514","8004  >  35878 [ACK] Seq=438934 Ack=141 Win=65024 Len=1448 TSval=2916035450 TSecr=3045555223 [TCP segment of a reassembled PDU]"
"22325","31.370140912","192.168.1.55","192.168.1.2","TCP","1514","8004  >  35878 [ACK] Seq=440382 Ack=141 Win=65024 Len=1448 TSval=2916035450 TSecr=3045555223 [TCP segment of a reassembled PDU]"
"22326","31.370142023","192.168.1.55","192.168.1.2","TCP","1514","8004  >  35878 [ACK] Seq=441830 Ack=141 Win=65024 Len=1448 TSval=2916035450 TSecr=3045555223 [TCP segment of a reassembled PDU]"
"22327","31.370143116","192.168.1.55","192.168.1.2","TCP","1514","8004  >  35878 [ACK] Seq=443278 Ack=141 Win=65024 Len=1448 TSval=2916035450 TSecr=3045555223 [TCP segment of a reassembled PDU]"
"22328","31.370144430","192.168.1.55","192.168.1.2","TCP","1514","8004  >  35878 [ACK] Seq=444726 Ack=141 Win=65024 Len=1448 TSval=2916035450 TSecr=3045555223 [TCP segment of a reassembled PDU]"
"22329","31.370146319","192.168.1.55","192.168.1.2","TCP","1514","8004  >  35878 [ACK] Seq=446174 Ack=141 Win=65024 Len=1448 TSval=2916035450 TSecr=3045555223 [TCP segment of a reassembled PDU]"
"22330","31.370148023","192.168.1.55","192.168.1.2","TCP","1514","8004  >  35878 [ACK] Seq=447622 Ack=141 Win=65024 Len=1448 TSval=2916035450 TSecr=3045555223 [TCP segment of a reassembled PDU]"
"22331","31.370149542","192.168.1.55","192.168.1.2","TCP","1514","8004  >  35878 [ACK] Seq=449070 Ack=141 Win=65024 Len=1448 TSval=2916035450 TSecr=3045555223 [TCP segment of a reassembled PDU]"
"22332","31.370150653","192.168.1.55","192.168.1.2","TCP","1514","8004  >  35878 [ACK] Seq=450518 Ack=141 Win=65024 Len=1448 TSval=2916035450 TSecr=3045555223 [TCP segment of a reassembled PDU]"
"22333","31.370151930","192.168.1.55","192.168.1.2","TCP","1514","8004  >  35878 [ACK] Seq=451966 Ack=141 Win=65024 Len=1448 TSval=2916035450 TSecr=3045555223 [TCP segment of a reassembled PDU]"
"22334","31.370154134","192.168.1.55","192.168.1.2","TCP","1514","8004  >  35878 [PSH, ACK] Seq=453414 Ack=141 Win=65024 Len=1448 TSval=2916035450 TSecr=3045555223 [TCP segment of a reassembled PDU]"
"22335","31.372461230","192.168.1.2","192.168.1.55","TCP","66","35878  >  8004 [ACK] Seq=141 Ack=365086 Win=150528 Len=0 TSval=3045555225 TSecr=2916035443"
"22336","31.372500601","192.168.1.55","192.168.1.2","TCP","1514","8004  >  35878 [ACK] Seq=454862 Ack=141 Win=65024 Len=1448 TSval=2916035453 TSecr=3045555225 [TCP segment of a reassembled PDU]"
"22337","31.372504508","192.168.1.55","192.168.1.2","TCP","1514","8004  >  35878 [ACK] Seq=456310 Ack=141 Win=65024 Len=1448 TSval=2916035453 TSecr=3045555225 [TCP segment of a reassembled PDU]"
"22338","31.372506305","192.168.1.55","192.168.1.2","TCP","1514","8004  >  35878 [ACK] Seq=457758 Ack=141 Win=65024 Len=1448 TSval=2916035453 TSecr=3045555225 [TCP segment of a reassembled PDU]"
"22339","31.372507453","192.168.1.55","192.168.1.2","TCP","1514","8004  >  35878 [ACK] Seq=459206 Ack=141 Win=65024 Len=1448 TSval=2916035453 TSecr=3045555225 [TCP segment of a reassembled PDU]"
"22340","31.372508619","192.168.1.55","192.168.1.2","TCP","1514","8004  >  35878 [ACK] Seq=460654 Ack=141 Win=65024 Len=1448 TSval=2916035453 TSecr=3045555225 [TCP segment of a reassembled PDU]"
"22341","31.372509675","192.168.1.55","192.168.1.2","TCP","1514","8004  >  35878 [ACK] Seq=462102 Ack=141 Win=65024 Len=1448 TSval=2916035453 TSecr=3045555225 [TCP segment of a reassembled PDU]"
"22342","31.372510879","192.168.1.55","192.168.1.2","TCP","1514","8004  >  35878 [ACK] Seq=463550 Ack=141 Win=65024 Len=1448 TSval=2916035453 TSecr=3045555225 [TCP segment of a reassembled PDU]"
"22343","31.372512305","192.168.1.55","192.168.1.2","TCP","1514","8004  >  35878 [ACK] Seq=464998 Ack=141 Win=65024 Len=1448 TSval=2916035453 TSecr=3045555225 [TCP segment of a reassembled PDU]"
"22344","31.372513749","192.168.1.55","192.168.1.2","TCP","1514","8004  >  35878 [ACK] Seq=466446 Ack=141 Win=65024 Len=1448 TSval=2916035453 TSecr=3045555225 [TCP segment of a reassembled PDU]"
"22345","31.372515416","192.168.1.55","192.168.1.2","TCP","1514","8004  >  35878 [ACK] Seq=467894 Ack=141 Win=65024 Len=1448 TSval=2916035453 TSecr=3045555225 [TCP segment of a reassembled PDU]"
"22346","31.372516490","192.168.1.55","192.168.1.2","TCP","1514","8004  >  35878 [ACK] Seq=469342 Ack=141 Win=65024 Len=1448 TSval=2916035453 TSecr=3045555225 [TCP segment of a reassembled PDU]"
"22347","31.372517619","192.168.1.55","192.168.1.2","TCP","1514","8004  >  35878 [ACK] Seq=470790 Ack=141 Win=65024 Len=1448 TSval=2916035453 TSecr=3045555225 [TCP segment of a reassembled PDU]"
"22348","31.372518675","192.168.1.55","192.168.1.2","TCP","1514","8004  >  35878 [ACK] Seq=472238 Ack=141 Win=65024 Len=1448 TSval=2916035453 TSecr=3045555225 [TCP segment of a reassembled PDU]"
"22349","31.372519749","192.168.1.55","192.168.1.2","TCP","1514","8004  >  35878 [ACK] Seq=473686 Ack=141 Win=65024 Len=1448 TSval=2916035453 TSecr=3045555225 [TCP segment of a reassembled PDU]"
"22350","31.372520916","192.168.1.55","192.168.1.2","TCP","1514","8004  >  35878 [ACK] Seq=475134 Ack=141 Win=65024 Len=1448 TSval=2916035453 TSecr=3045555225 [TCP segment of a reassembled PDU]"
"22351","31.372522212","192.168.1.55","192.168.1.2","TCP","1514","8004  >  35878 [ACK] Seq=476582 Ack=141 Win=65024 Len=1448 TSval=2916035453 TSecr=3045555225 [TCP segment of a reassembled PDU]"
"22352","31.372524027","192.168.1.55","192.168.1.2","TCP","1514","8004  >  35878 [ACK] Seq=478030 Ack=141 Win=65024 Len=1448 TSval=2916035453 TSecr=3045555225 [TCP segment of a reassembled PDU]"
"22353","31.372525693","192.168.1.55","192.168.1.2","TCP","1514","8004  >  35878 [ACK] Seq=479478 Ack=141 Win=65024 Len=1448 TSval=2916035453 TSecr=3045555225 [TCP segment of a reassembled PDU]"
"22354","31.372526786","192.168.1.55","192.168.1.2","TCP","1514","8004  >  35878 [ACK] Seq=480926 Ack=141 Win=65024 Len=1448 TSval=2916035453 TSecr=3045555225 [TCP segment of a reassembled PDU]"
"22355","31.372527953","192.168.1.55","192.168.1.2","TCP","1514","8004  >  35878 [ACK] Seq=482374 Ack=141 Win=65024 Len=1448 TSval=2916035453 TSecr=3045555225 [TCP segment of a reassembled PDU]"
"22356","31.372529008","192.168.1.55","192.168.1.2","TCP","1514","8004  >  35878 [ACK] Seq=483822 Ack=141 Win=65024 Len=1448 TSval=2916035453 TSecr=3045555225 [TCP segment of a reassembled PDU]"
"22357","31.372530193","192.168.1.55","192.168.1.2","TCP","1514","8004  >  35878 [ACK] Seq=485270 Ack=141 Win=65024 Len=1448 TSval=2916035453 TSecr=3045555225 [TCP segment of a reassembled PDU]"
"22358","31.372531842","192.168.1.55","192.168.1.2","TCP","1514","8004  >  35878 [ACK] Seq=486718 Ack=141 Win=65024 Len=1448 TSval=2916035453 TSecr=3045555225 [TCP segment of a reassembled PDU]"
"22359","31.372533212","192.168.1.55","192.168.1.2","TCP","1514","8004  >  35878 [ACK] Seq=488166 Ack=141 Win=65024 Len=1448 TSval=2916035453 TSecr=3045555225 [TCP segment of a reassembled PDU]"
"22360","31.372535953","192.168.1.55","192.168.1.2","TCP","1514","8004  >  35878 [ACK] Seq=489614 Ack=141 Win=65024 Len=1448 TSval=2916035453 TSecr=3045555225 [TCP segment of a reassembled PDU]"
"22361","31.372537471","192.168.1.55","192.168.1.2","TCP","1514","8004  >  35878 [ACK] Seq=491062 Ack=141 Win=65024 Len=1448 TSval=2916035453 TSecr=3045555225 [TCP segment of a reassembled PDU]"
"22362","31.372538601","192.168.1.55","192.168.1.2","TCP","1514","8004  >  35878 [ACK] Seq=492510 Ack=141 Win=65024 Len=1448 TSval=2916035453 TSecr=3045555225 [TCP segment of a reassembled PDU]"
"22363","31.372539638","192.168.1.55","192.168.1.2","TCP","1514","8004  >  35878 [ACK] Seq=493958 Ack=141 Win=65024 Len=1448 TSval=2916035453 TSecr=3045555225 [TCP segment of a reassembled PDU]"
"22364","31.372540712","192.168.1.55","192.168.1.2","TCP","1514","8004  >  35878 [ACK] Seq=495406 Ack=141 Win=65024 Len=1448 TSval=2916035453 TSecr=3045555225 [TCP segment of a reassembled PDU]"
"22365","31.372550619","192.168.1.55","192.168.1.2","TCP","1514","8004  >  35878 [PSH, ACK] Seq=496854 Ack=141 Win=65024 Len=1448 TSval=2916035453 TSecr=3045555225 [TCP segment of a reassembled PDU]"
"22366","31.372557601","192.168.1.55","192.168.1.2","HTTP","1472","HTTP/1.0 200 OK  (PNG)"
"22367","31.372585582","192.168.1.2","192.168.1.55","TCP","66","35878  >  8004 [ACK] Seq=141 Ack=395494 Win=137216 Len=0 TSval=3045555225 TSecr=2916035444"
"22368","31.375490365","192.168.1.2","192.168.1.55","TCP","66","35878  >  8004 [ACK] Seq=141 Ack=401286 Win=158720 Len=0 TSval=3045555227 TSecr=2916035444"
"22369","31.375647254","192.168.1.2","192.168.1.55","TCP","66","35878  >  8004 [ACK] Seq=141 Ack=406030 Win=160768 Len=0 TSval=3045555230 TSecr=2916035450"
"22370","31.375653865","192.168.1.2","192.168.1.55","TCP","66","35878  >  8004 [ACK] Seq=141 Ack=408926 Win=160768 Len=0 TSval=3045555230 TSecr=2916035450"
"22371","31.375658810","192.168.1.2","192.168.1.55","TCP","66","35878  >  8004 [ACK] Seq=141 Ack=449070 Win=163840 Len=0 TSval=3045555230 TSecr=2916035450"
"22372","31.377898276","192.168.1.2","192.168.1.55","TCP","66","35878  >  8004 [ACK] Seq=141 Ack=454862 Win=175104 Len=0 TSval=3045555233 TSecr=2916035450"
"22373","31.378007610","192.168.1.2","192.168.1.55","TCP","66","35878  >  8004 [ACK] Seq=141 Ack=498302 Win=178176 Len=0 TSval=3045555233 TSecr=2916035453"
"22374","31.379168759","192.168.1.2","192.168.1.55","TCP","66","35878  >  8004 [FIN, ACK] Seq=141 Ack=499709 Win=178176 Len=0 TSval=3045555233 TSecr=2916035453"
"22375","31.379197926","192.168.1.55","192.168.1.2","TCP","66","8004  >  35878 [ACK] Seq=499709 Ack=142 Win=65024 Len=0 TSval=2916035459 TSecr=3045555233"
"22376","31.379309741","192.168.1.2","192.168.1.55","TCP","74","35886  >  8004 [SYN] Seq=0 Win=64240 Len=0 MSS=1460 SACK_PERM TSval=3045555234 TSecr=0 WS=1024"
"22377","31.379333278","192.168.1.55","192.168.1.2","TCP","74","8004  >  35886 [SYN, ACK] Seq=0 Ack=1 Win=65160 Len=0 MSS=1460 SACK_PERM TSval=2916035460 TSecr=3045555234 WS=128"
"22378","31.382969303","192.168.1.2","192.168.1.55","TCP","66","35886  >  8004 [ACK] Seq=1 Ack=1 Win=64512 Len=0 TSval=3045555237 TSecr=2916035460"
"22379","31.386207993","192.168.1.2","192.168.1.55","HTTP","209","GET /original_benchmark.png HTTP/1.1 "
"22380","31.386226474","192.168.1.55","192.168.1.2","TCP","66","8004  >  35886 [ACK] Seq=1 Ack=144 Win=65024 Len=0 TSval=2916035466 TSecr=3045555237"
"22381","31.386703234","192.168.1.55","192.168.1.2","TCP","255","8004  >  35886 [PSH, ACK] Seq=1 Ack=144 Win=65024 Len=189 TSval=2916035467 TSecr=3045555237 [TCP segment of a reassembled PDU]"
"22382","31.386792549","192.168.1.55","192.168.1.2","TCP","1514","8004  >  35886 [ACK] Seq=190 Ack=144 Win=65024 Len=1448 TSval=2916035467 TSecr=3045555237 [TCP segment of a reassembled PDU]"
"22383","31.386797123","192.168.1.55","192.168.1.2","TCP","1514","8004  >  35886 [ACK] Seq=1638 Ack=144 Win=65024 Len=1448 TSval=2916035467 TSecr=3045555237 [TCP segment of a reassembled PDU]"
"22384","31.386798494","192.168.1.55","192.168.1.2","TCP","1514","8004  >  35886 [ACK] Seq=3086 Ack=144 Win=65024 Len=1448 TSval=2916035467 TSecr=3045555237 [TCP segment of a reassembled PDU]"
"22385","31.386799772","192.168.1.55","192.168.1.2","TCP","1514","8004  >  35886 [ACK] Seq=4534 Ack=144 Win=65024 Len=1448 TSval=2916035467 TSecr=3045555237 [TCP segment of a reassembled PDU]"
"22386","31.386801475","192.168.1.55","192.168.1.2","TCP","1514","8004  >  35886 [PSH, ACK] Seq=5982 Ack=144 Win=65024 Len=1448 TSval=2916035467 TSecr=3045555237 [TCP segment of a reassembled PDU]"
"22387","31.386818568","192.168.1.55","192.168.1.2","TCP","1514","8004  >  35886 [ACK] Seq=7430 Ack=144 Win=65024 Len=1448 TSval=2916035467 TSecr=3045555237 [TCP segment of a reassembled PDU]"
"22388","31.386820272","192.168.1.55","192.168.1.2","TCP","1514","8004  >  35886 [ACK] Seq=8878 Ack=144 Win=65024 Len=1448 TSval=2916035467 TSecr=3045555237 [TCP segment of a reassembled PDU]"
"22389","31.386821660","192.168.1.55","192.168.1.2","TCP","1514","8004  >  35886 [ACK] Seq=10326 Ack=144 Win=65024 Len=1448 TSval=2916035467 TSecr=3045555237 [TCP segment of a reassembled PDU]"
"22390","31.386822864","192.168.1.55","192.168.1.2","TCP","1514","8004  >  35886 [PSH, ACK] Seq=11774 Ack=144 Win=65024 Len=1448 TSval=2916035467 TSecr=3045555237 [TCP segment of a reassembled PDU]"
"22391","31.390426981","192.168.1.2","192.168.1.55","TCP","66","35886  >  8004 [ACK] Seq=144 Ack=190 Win=64512 Len=0 TSval=3045555244 TSecr=2916035467"
"22392","31.390591889","192.168.1.55","192.168.1.2","TCP","1514","8004  >  35886 [ACK] Seq=13222 Ack=144 Win=65024 Len=1448 TSval=2916035471 TSecr=3045555244 [TCP segment of a reassembled PDU]"
"22393","31.390612222","192.168.1.55","192.168.1.2","TCP","1514","8004  >  35886 [PSH, ACK] Seq=14670 Ack=144 Win=65024 Len=1448 TSval=2916035471 TSecr=3045555244 [TCP segment of a reassembled PDU]"
"22394","31.390738167","192.168.1.2","192.168.1.55","TCP","66","35886  >  8004 [ACK] Seq=144 Ack=3086 Win=70656 Len=0 TSval=3045555244 TSecr=2916035467"
"22395","31.390777722","192.168.1.2","192.168.1.55","TCP","66","35886  >  8004 [ACK] Seq=144 Ack=5982 Win=76800 Len=0 TSval=3045555245 TSecr=2916035467"
"22396","31.390849685","192.168.1.55","192.168.1.2","TCP","1514","8004  >  35886 [ACK] Seq=16118 Ack=144 Win=65024 Len=1448 TSval=2916035471 TSecr=3045555245 [TCP segment of a reassembled PDU]"
"22397","31.390854963","192.168.1.55","192.168.1.2","TCP","1514","8004  >  35886 [ACK] Seq=17566 Ack=144 Win=65024 Len=1448 TSval=2916035471 TSecr=3045555245 [TCP segment of a reassembled PDU]"
"22398","31.390857500","192.168.1.55","192.168.1.2","TCP","1514","8004  >  35886 [ACK] Seq=19014 Ack=144 Win=65024 Len=1448 TSval=2916035471 TSecr=3045555245 [TCP segment of a reassembled PDU]"
"22399","31.390859833","192.168.1.55","192.168.1.2","TCP","1514","8004  >  35886 [ACK] Seq=20462 Ack=144 Win=65024 Len=1448 TSval=2916035471 TSecr=3045555245 [TCP segment of a reassembled PDU]"
"22400","31.390862426","192.168.1.55","192.168.1.2","TCP","1514","8004  >  35886 [ACK] Seq=21910 Ack=144 Win=65024 Len=1448 TSval=2916035471 TSecr=3045555245 [TCP segment of a reassembled PDU]"
"22401","31.390865445","192.168.1.55","192.168.1.2","TCP","1514","8004  >  35886 [ACK] Seq=23358 Ack=144 Win=65024 Len=1448 TSval=2916035471 TSecr=3045555245 [TCP segment of a reassembled PDU]"
"22402","31.390867593","192.168.1.55","192.168.1.2","TCP","1514","8004  >  35886 [PSH, ACK] Seq=24806 Ack=144 Win=65024 Len=1448 TSval=2916035471 TSecr=3045555245 [TCP segment of a reassembled PDU]"
"22403","31.391396908","192.168.1.2","192.168.1.55","TCP","66","35886  >  8004 [ACK] Seq=144 Ack=7430 Win=79872 Len=0 TSval=3045555246 TSecr=2916035467"
"22404","31.391442742","192.168.1.2","192.168.1.55","TCP","66","35886  >  8004 [ACK] Seq=144 Ack=13222 Win=84992 Len=0 TSval=3045555246 TSecr=2916035467"
"22405","31.391479557","192.168.1.55","192.168.1.2","TCP","1514","8004  >  35886 [ACK] Seq=26254 Ack=144 Win=65024 Len=1448 TSval=2916035472 TSecr=3045555246 [TCP segment of a reassembled PDU]"
"22406","31.391484520","192.168.1.55","192.168.1.2","TCP","1514","8004  >  35886 [ACK] Seq=27702 Ack=144 Win=65024 Len=1448 TSval=2916035472 TSecr=3045555246 [TCP segment of a reassembled PDU]"
"22407","31.391486371","192.168.1.55","192.168.1.2","TCP","1514","8004  >  35886 [ACK] Seq=29150 Ack=144 Win=65024 Len=1448 TSval=2916035472 TSecr=3045555246 [TCP segment of a reassembled PDU]"
"22408","31.391488927","192.168.1.55","192.168.1.2","TCP","1514","8004  >  35886 [ACK] Seq=30598 Ack=144 Win=65024 Len=1448 TSval=2916035472 TSecr=3045555246 [TCP segment of a reassembled PDU]"
"22409","31.391490760","192.168.1.55","192.168.1.2","TCP","1514","8004  >  35886 [ACK] Seq=32046 Ack=144 Win=65024 Len=1448 TSval=2916035472 TSecr=3045555246 [TCP segment of a reassembled PDU]"
"22410","31.391492279","192.168.1.55","192.168.1.2","TCP","1514","8004  >  35886 [ACK] Seq=33494 Ack=144 Win=65024 Len=1448 TSval=2916035472 TSecr=3045555246 [TCP segment of a reassembled PDU]"
"22411","31.391493649","192.168.1.55","192.168.1.2","TCP","1514","8004  >  35886 [ACK] Seq=34942 Ack=144 Win=65024 Len=1448 TSval=2916035472 TSecr=3045555246 [TCP segment of a reassembled PDU]"
"22412","31.391495223","192.168.1.55","192.168.1.2","TCP","1514","8004  >  35886 [ACK] Seq=36390 Ack=144 Win=65024 Len=1448 TSval=2916035472 TSecr=3045555246 [TCP segment of a reassembled PDU]"
"22413","31.391497186","192.168.1.55","192.168.1.2","TCP","1514","8004  >  35886 [ACK] Seq=37838 Ack=144 Win=65024 Len=1448 TSval=2916035472 TSecr=3045555246 [TCP segment of a reassembled PDU]"
"22414","31.391499316","192.168.1.55","192.168.1.2","TCP","1514","8004  >  35886 [PSH, ACK] Seq=39286 Ack=144 Win=65024 Len=1448 TSval=2916035472 TSecr=3045555246 [TCP segment of a reassembled PDU]"
"22415","31.391516112","192.168.1.55","192.168.1.2","TCP","1514","8004  >  35886 [ACK] Seq=40734 Ack=144 Win=65024 Len=1448 TSval=2916035472 TSecr=3045555246 [TCP segment of a reassembled PDU]"
"22416","31.395955897","192.168.1.2","192.168.1.55","TCP","66","35886  >  8004 [ACK] Seq=144 Ack=16118 Win=90112 Len=0 TSval=3045555250 TSecr=2916035471"
"22417","31.395982082","192.168.1.55","192.168.1.2","TCP","1514","8004  >  35886 [ACK] Seq=42182 Ack=144 Win=65024 Len=1448 TSval=2916035476 TSecr=3045555250 [TCP segment of a reassembled PDU]"
"22418","31.395986230","192.168.1.55","192.168.1.2","TCP","1514","8004  >  35886 [PSH, ACK] Seq=43630 Ack=144 Win=65024 Len=1448 TSval=2916035476 TSecr=3045555250 [TCP segment of a reassembled PDU]"
"22419","31.396204083","192.168.1.2","192.168.1.55","TCP","66","35886  >  8004 [ACK] Seq=144 Ack=26254 Win=83968 Len=0 TSval=3045555250 TSecr=2916035471"
"22420","31.396226490","192.168.1.55","192.168.1.2","TCP","1514","8004  >  35886 [ACK] Seq=45078 Ack=144 Win=65024 Len=1448 TSval=2916035476 TSecr=3045555250 [TCP segment of a reassembled PDU]"
"22421","31.396229342","192.168.1.55","192.168.1.2","TCP","1514","8004  >  35886 [ACK] Seq=46526 Ack=144 Win=65024 Len=1448 TSval=2916035476 TSecr=3045555250 [TCP segment of a reassembled PDU]"
"22422","31.396230731","192.168.1.55","192.168.1.2","TCP","1514","8004  >  35886 [ACK] Seq=47974 Ack=144 Win=65024 Len=1448 TSval=2916035476 TSecr=3045555250 [TCP segment of a reassembled PDU]"
"22423","31.396232009","192.168.1.55","192.168.1.2","TCP","1514","8004  >  35886 [ACK] Seq=49422 Ack=144 Win=65024 Len=1448 TSval=2916035476 TSecr=3045555250 [TCP segment of a reassembled PDU]"
"22424","31.396233509","192.168.1.55","192.168.1.2","TCP","1514","8004  >  35886 [ACK] Seq=50870 Ack=144 Win=65024 Len=1448 TSval=2916035476 TSecr=3045555250 [TCP segment of a reassembled PDU]"
"22425","31.396234953","192.168.1.55","192.168.1.2","TCP","1514","8004  >  35886 [ACK] Seq=52318 Ack=144 Win=65024 Len=1448 TSval=2916035476 TSecr=3045555250 [TCP segment of a reassembled PDU]"
"22426","31.396236305","192.168.1.55","192.168.1.2","TCP","1514","8004  >  35886 [ACK] Seq=53766 Ack=144 Win=65024 Len=1448 TSval=2916035476 TSecr=3045555250 [TCP segment of a reassembled PDU]"
"22427","31.396237583","192.168.1.55","192.168.1.2","TCP","1514","8004  >  35886 [ACK] Seq=55214 Ack=144 Win=65024 Len=1448 TSval=2916035476 TSecr=3045555250 [TCP segment of a reassembled PDU]"
"22428","31.396238953","192.168.1.55","192.168.1.2","TCP","1514","8004  >  35886 [ACK] Seq=56662 Ack=144 Win=65024 Len=1448 TSval=2916035476 TSecr=3045555250 [TCP segment of a reassembled PDU]"
"22429","31.396240360","192.168.1.55","192.168.1.2","TCP","1514","8004  >  35886 [ACK] Seq=58110 Ack=144 Win=65024 Len=1448 TSval=2916035476 TSecr=3045555250 [TCP segment of a reassembled PDU]"
"22430","31.396241823","192.168.1.55","192.168.1.2","TCP","1514","8004  >  35886 [ACK] Seq=59558 Ack=144 Win=65024 Len=1448 TSval=2916035476 TSecr=3045555250 [TCP segment of a reassembled PDU]"
"22431","31.396243120","192.168.1.55","192.168.1.2","TCP","1514","8004  >  35886 [ACK] Seq=61006 Ack=144 Win=65024 Len=1448 TSval=2916035476 TSecr=3045555250 [TCP segment of a reassembled PDU]"
"22432","31.396244453","192.168.1.55","192.168.1.2","TCP","1514","8004  >  35886 [ACK] Seq=62454 Ack=144 Win=65024 Len=1448 TSval=2916035476 TSecr=3045555250 [TCP segment of a reassembled PDU]"
"22433","31.396245823","192.168.1.55","192.168.1.2","TCP","1514","8004  >  35886 [PSH, ACK] Seq=63902 Ack=144 Win=65024 Len=1448 TSval=2916035476 TSecr=3045555250 [TCP segment of a reassembled PDU]"
"22434","31.396250842","192.168.1.2","192.168.1.55","TCP","66","35886  >  8004 [ACK] Seq=144 Ack=36390 Win=74752 Len=0 TSval=3045555250 TSecr=2916035472"
"22435","31.396272175","192.168.1.55","192.168.1.2","TCP","1514","8004  >  35886 [ACK] Seq=65350 Ack=144 Win=65024 Len=1448 TSval=2916035476 TSecr=3045555250 [TCP segment of a reassembled PDU]"
"22436","31.396273953","192.168.1.55","192.168.1.2","TCP","1514","8004  >  35886 [ACK] Seq=66798 Ack=144 Win=65024 Len=1448 TSval=2916035476 TSecr=3045555250 [TCP segment of a reassembled PDU]"
"22437","31.396275342","192.168.1.55","192.168.1.2","TCP","1514","8004  >  35886 [ACK] Seq=68246 Ack=144 Win=65024 Len=1448 TSval=2916035476 TSecr=3045555250 [TCP segment of a reassembled PDU]"
"22438","31.396276712","192.168.1.55","192.168.1.2","TCP","1514","8004  >  35886 [ACK] Seq=69694 Ack=144 Win=65024 Len=1448 TSval=2916035476 TSecr=3045555250 [TCP segment of a reassembled PDU]"
"22439","31.396278027","192.168.1.55","192.168.1.2","TCP","1514","8004  >  35886 [ACK] Seq=71142 Ack=144 Win=65024 Len=1448 TSval=2916035476 TSecr=3045555250 [TCP segment of a reassembled PDU]"
"22440","31.396279323","192.168.1.55","192.168.1.2","TCP","1514","8004  >  35886 [ACK] Seq=72590 Ack=144 Win=65024 Len=1448 TSval=2916035476 TSecr=3045555250 [TCP segment of a reassembled PDU]"
"22441","31.396280712","192.168.1.55","192.168.1.2","TCP","1514","8004  >  35886 [ACK] Seq=74038 Ack=144 Win=65024 Len=1448 TSval=2916035476 TSecr=3045555250 [TCP segment of a reassembled PDU]"
"22442","31.396282268","192.168.1.55","192.168.1.2","TCP","1514","8004  >  35886 [PSH, ACK] Seq=75486 Ack=144 Win=65024 Len=1448 TSval=2916035476 TSecr=3045555250 [TCP segment of a reassembled PDU]"
"22443","31.396288749","192.168.1.2","192.168.1.55","TCP","66","35886  >  8004 [ACK] Seq=144 Ack=39286 Win=90112 Len=0 TSval=3045555250 TSecr=2916035472"
"22444","31.396360620","192.168.1.2","192.168.1.55","TCP","66","35886  >  8004 [ACK] Seq=144 Ack=40734 Win=91136 Len=0 TSval=3045555250 TSecr=2916035472"
"22445","31.396394176","192.168.1.55","192.168.1.2","TCP","1514","8004  >  35886 [ACK] Seq=76934 Ack=144 Win=65024 Len=1448 TSval=2916035477 TSecr=3045555250 [TCP segment of a reassembled PDU]"
"22446","31.396396842","192.168.1.55","192.168.1.2","TCP","1514","8004  >  35886 [ACK] Seq=78382 Ack=144 Win=65024 Len=1448 TSval=2916035477 TSecr=3045555250 [TCP segment of a reassembled PDU]"
"22447","31.396398231","192.168.1.55","192.168.1.2","TCP","1514","8004  >  35886 [ACK] Seq=79830 Ack=144 Win=65024 Len=1448 TSval=2916035477 TSecr=3045555250 [TCP segment of a reassembled PDU]"
"22448","31.396399805","192.168.1.55","192.168.1.2","TCP","1514","8004  >  35886 [ACK] Seq=81278 Ack=144 Win=65024 Len=1448 TSval=2916035477 TSecr=3045555250 [TCP segment of a reassembled PDU]"
"22449","31.396401046","192.168.1.55","192.168.1.2","TCP","1514","8004  >  35886 [ACK] Seq=82726 Ack=144 Win=65024 Len=1448 TSval=2916035477 TSecr=3045555250 [TCP segment of a reassembled PDU]"
"22450","31.396402731","192.168.1.55","192.168.1.2","TCP","1514","8004  >  35886 [ACK] Seq=84174 Ack=144 Win=65024 Len=1448 TSval=2916035477 TSecr=3045555250 [TCP segment of a reassembled PDU]"
"22451","31.396404176","192.168.1.55","192.168.1.2","TCP","1514","8004  >  35886 [ACK] Seq=85622 Ack=144 Win=65024 Len=1448 TSval=2916035477 TSecr=3045555250 [TCP segment of a reassembled PDU]"
"22452","31.396405435","192.168.1.55","192.168.1.2","TCP","1514","8004  >  35886 [ACK] Seq=87070 Ack=144 Win=65024 Len=1448 TSval=2916035477 TSecr=3045555250 [TCP segment of a reassembled PDU]"
"22453","31.396406861","192.168.1.55","192.168.1.2","TCP","1514","8004  >  35886 [ACK] Seq=88518 Ack=144 Win=65024 Len=1448 TSval=2916035477 TSecr=3045555250 [TCP segment of a reassembled PDU]"
"22454","31.396408138","192.168.1.55","192.168.1.2","TCP","1514","8004  >  35886 [ACK] Seq=89966 Ack=144 Win=65024 Len=1448 TSval=2916035477 TSecr=3045555250 [TCP segment of a reassembled PDU]"
"22455","31.396409527","192.168.1.55","192.168.1.2","TCP","1514","8004  >  35886 [ACK] Seq=91414 Ack=144 Win=65024 Len=1448 TSval=2916035477 TSecr=3045555250 [TCP segment of a reassembled PDU]"
"22456","31.396410898","192.168.1.55","192.168.1.2","TCP","1514","8004  >  35886 [ACK] Seq=92862 Ack=144 Win=65024 Len=1448 TSval=2916035477 TSecr=3045555250 [TCP segment of a reassembled PDU]"
"22457","31.396412213","192.168.1.55","192.168.1.2","TCP","1514","8004  >  35886 [ACK] Seq=94310 Ack=144 Win=65024 Len=1448 TSval=2916035477 TSecr=3045555250 [TCP segment of a reassembled PDU]"
"22458","31.396413546","192.168.1.55","192.168.1.2","TCP","1514","8004  >  35886 [PSH, ACK] Seq=95758 Ack=144 Win=65024 Len=1448 TSval=2916035477 TSecr=3045555250 [TCP segment of a reassembled PDU]"
"22459","31.396418676","192.168.1.2","192.168.1.55","TCP","66","35886  >  8004 [ACK] Seq=144 Ack=42182 Win=90112 Len=0 TSval=3045555250 TSecr=2916035472"
"22460","31.397613196","192.168.1.55","192.168.1.2","TCP","1514","8004  >  35886 [ACK] Seq=97206 Ack=144 Win=65024 Len=1448 TSval=2916035478 TSecr=3045555250 [TCP segment of a reassembled PDU]"
"22461","31.397616270","192.168.1.55","192.168.1.2","TCP","1514","8004  >  35886 [PSH, ACK] Seq=98654 Ack=144 Win=65024 Len=1448 TSval=2916035478 TSecr=3045555250 [TCP segment of a reassembled PDU]"
"22462","31.402360481","192.168.1.2","192.168.1.55","TCP","66","35886  >  8004 [ACK] Seq=144 Ack=45078 Win=88064 Len=0 TSval=3045555257 TSecr=2916035476"
"22463","31.402402426","192.168.1.55","192.168.1.2","TCP","1514","8004  >  35886 [ACK] Seq=100102 Ack=144 Win=65024 Len=1448 TSval=2916035483 TSecr=3045555257 [TCP segment of a reassembled PDU]"
"22464","31.402406926","192.168.1.55","192.168.1.2","TCP","1514","8004  >  35886 [ACK] Seq=101550 Ack=144 Win=65024 Len=1448 TSval=2916035483 TSecr=3045555257 [TCP segment of a reassembled PDU]"
"22465","31.402408741","192.168.1.55","192.168.1.2","TCP","1514","8004  >  35886 [ACK] Seq=102998 Ack=144 Win=65024 Len=1448 TSval=2916035483 TSecr=3045555257 [TCP segment of a reassembled PDU]"
"22466","31.402409944","192.168.1.55","192.168.1.2","TCP","1514","8004  >  35886 [PSH, ACK] Seq=104446 Ack=144 Win=65024 Len=1448 TSval=2916035483 TSecr=3045555257 [TCP segment of a reassembled PDU]"
"22467","31.402690056","192.168.1.2","192.168.1.55","TCP","66","35886  >  8004 [ACK] Seq=144 Ack=65350 Win=73728 Len=0 TSval=3045555257 TSecr=2916035476"
"22468","31.402707797","192.168.1.55","192.168.1.2","TCP","1514","8004  >  35886 [ACK] Seq=105894 Ack=144 Win=65024 Len=1448 TSval=2916035483 TSecr=3045555257 [TCP segment of a reassembled PDU]"
"22469","31.402709852","192.168.1.55","192.168.1.2","TCP","1514","8004  >  35886 [ACK] Seq=107342 Ack=144 Win=65024 Len=1448 TSval=2916035483 TSecr=3045555257 [TCP segment of a reassembled PDU]"
"22470","31.402711278","192.168.1.55","192.168.1.2","TCP","1514","8004  >  35886 [ACK] Seq=108790 Ack=144 Win=65024 Len=1448 TSval=2916035483 TSecr=3045555257 [TCP segment of a reassembled PDU]"
"22471","31.402713797","192.168.1.55","192.168.1.2","TCP","1514","8004  >  35886 [ACK] Seq=110238 Ack=144 Win=65024 Len=1448 TSval=2916035483 TSecr=3045555257 [TCP segment of a reassembled PDU]"
"22472","31.402716222","192.168.1.55","192.168.1.2","TCP","1514","8004  >  35886 [ACK] Seq=111686 Ack=144 Win=65024 Len=1448 TSval=2916035483 TSecr=3045555257 [TCP segment of a reassembled PDU]"
"22473","31.402717371","192.168.1.55","192.168.1.2","TCP","1514","8004  >  35886 [ACK] Seq=113134 Ack=144 Win=65024 Len=1448 TSval=2916035483 TSecr=3045555257 [TCP segment of a reassembled PDU]"
"22474","31.402718537","192.168.1.55","192.168.1.2","TCP","1514","8004  >  35886 [ACK] Seq=114582 Ack=144 Win=65024 Len=1448 TSval=2916035483 TSecr=3045555257 [TCP segment of a reassembled PDU]"
"22475","31.402719723","192.168.1.55","192.168.1.2","TCP","1514","8004  >  35886 [ACK] Seq=116030 Ack=144 Win=65024 Len=1448 TSval=2916035483 TSecr=3045555257 [TCP segment of a reassembled PDU]"
"22476","31.402720908","192.168.1.55","192.168.1.2","TCP","1514","8004  >  35886 [PSH, ACK] Seq=117478 Ack=144 Win=65024 Len=1448 TSval=2916035483 TSecr=3045555257 [TCP segment of a reassembled PDU]"
"22477","31.402726593","192.168.1.2","192.168.1.55","TCP","66","35886  >  8004 [ACK] Seq=144 Ack=76934 Win=62464 Len=0 TSval=3045555257 TSecr=2916035476"
"22478","31.402738223","192.168.1.2","192.168.1.55","TCP","66","35886  >  8004 [ACK] Seq=144 Ack=97206 Win=72704 Len=0 TSval=3045555257 TSecr=2916035477"
"22479","31.402791297","192.168.1.55","192.168.1.2","TCP","1514","8004  >  35886 [ACK] Seq=118926 Ack=144 Win=65024 Len=1448 TSval=2916035483 TSecr=3045555257 [TCP segment of a reassembled PDU]"
"22480","31.402795741","192.168.1.55","192.168.1.2","TCP","1514","8004  >  35886 [ACK] Seq=120374 Ack=144 Win=65024 Len=1448 TSval=2916035483 TSecr=3045555257 [TCP segment of a reassembled PDU]"
"22481","31.402797352","192.168.1.55","192.168.1.2","TCP","1514","8004  >  35886 [ACK] Seq=121822 Ack=144 Win=65024 Len=1448 TSval=2916035483 TSecr=3045555257 [TCP segment of a reassembled PDU]"
"22482","31.402798426","192.168.1.55","192.168.1.2","TCP","1514","8004  >  35886 [ACK] Seq=123270 Ack=144 Win=65024 Len=1448 TSval=2916035483 TSecr=3045555257 [TCP segment of a reassembled PDU]"
"22483","31.402799815","192.168.1.55","192.168.1.2","TCP","1514","8004  >  35886 [ACK] Seq=124718 Ack=144 Win=65024 Len=1448 TSval=2916035483 TSecr=3045555257 [TCP segment of a reassembled PDU]"
"22484","31.402801204","192.168.1.55","192.168.1.2","TCP","1514","8004  >  35886 [ACK] Seq=126166 Ack=144 Win=65024 Len=1448 TSval=2916035483 TSecr=3045555257 [TCP segment of a reassembled PDU]"
"22485","31.402802500","192.168.1.55","192.168.1.2","TCP","1514","8004  >  35886 [ACK] Seq=127614 Ack=144 Win=65024 Len=1448 TSval=2916035483 TSecr=3045555257 [TCP segment of a reassembled PDU]"
"22486","31.402804074","192.168.1.55","192.168.1.2","TCP","1514","8004  >  35886 [ACK] Seq=129062 Ack=144 Win=65024 Len=1448 TSval=2916035483 TSecr=3045555257 [TCP segment of a reassembled PDU]"
"22487","31.402806630","192.168.1.55","192.168.1.2","TCP","1514","8004  >  35886 [ACK] Seq=130510 Ack=144 Win=65024 Len=1448 TSval=2916035483 TSecr=3045555257 [TCP segment of a reassembled PDU]"
"22488","31.402808574","192.168.1.55","192.168.1.2","TCP","1514","8004  >  35886 [ACK] Seq=131958 Ack=144 Win=65024 Len=1448 TSval=2916035483 TSecr=3045555257 [TCP segment of a reassembled PDU]"
"22489","31.402809797","192.168.1.55","192.168.1.2","TCP","1514","8004  >  35886 [ACK] Seq=133406 Ack=144 Win=65024 Len=1448 TSval=2916035483 TSecr=3045555257 [TCP segment of a reassembled PDU]"
"22490","31.402810908","192.168.1.55","192.168.1.2","TCP","1514","8004  >  35886 [ACK] Seq=134854 Ack=144 Win=65024 Len=1448 TSval=2916035483 TSecr=3045555257 [TCP segment of a reassembled PDU]"
"22491","31.402812574","192.168.1.55","192.168.1.2","TCP","1514","8004  >  35886 [ACK] Seq=136302 Ack=144 Win=65024 Len=1448 TSval=2916035483 TSecr=3045555257 [TCP segment of a reassembled PDU]"
"22492","31.402813704","192.168.1.55","192.168.1.2","TCP","1514","8004  >  35886 [ACK] Seq=137750 Ack=144 Win=65024 Len=1448 TSval=2916035483 TSecr=3045555257 [TCP segment of a reassembled PDU]"
"22493","31.402815130","192.168.1.55","192.168.1.2","TCP","1514","8004  >  35886 [ACK] Seq=139198 Ack=144 Win=65024 Len=1448 TSval=2916035483 TSecr=3045555257 [TCP segment of a reassembled PDU]"
"22494","31.402817241","192.168.1.55","192.168.1.2","TCP","1514","8004  >  35886 [ACK] Seq=140646 Ack=144 Win=65024 Len=1448 TSval=2916035483 TSecr=3045555257 [TCP segment of a reassembled PDU]"
"22495","31.402818500","192.168.1.55","192.168.1.2","TCP","1514","8004  >  35886 [ACK] Seq=142094 Ack=144 Win=65024 Len=1448 TSval=2916035483 TSecr=3045555257 [TCP segment of a reassembled PDU]"
"22496","31.402820278","192.168.1.55","192.168.1.2","TCP","1514","8004  >  35886 [ACK] Seq=143542 Ack=144 Win=65024 Len=1448 TSval=2916035483 TSecr=3045555257 [TCP segment of a reassembled PDU]"
"22497","31.402821667","192.168.1.55","192.168.1.2","TCP","1514","8004  >  35886 [ACK] Seq=144990 Ack=144 Win=65024 Len=1448 TSval=2916035483 TSecr=3045555257 [TCP segment of a reassembled PDU]"
"22498","31.402822852","192.168.1.55","192.168.1.2","TCP","1514","8004  >  35886 [ACK] Seq=146438 Ack=144 Win=65024 Len=1448 TSval=2916035483 TSecr=3045555257 [TCP segment of a reassembled PDU]"
"22499","31.402824149","192.168.1.55","192.168.1.2","TCP","1514","8004  >  35886 [ACK] Seq=147886 Ack=144 Win=65024 Len=1448 TSval=2916035483 TSecr=3045555257 [TCP segment of a reassembled PDU]"
"22500","31.402825445","192.168.1.55","192.168.1.2","TCP","1514","8004  >  35886 [ACK] Seq=149334 Ack=144 Win=65024 Len=1448 TSval=2916035483 TSecr=3045555257 [TCP segment of a reassembled PDU]"
"22501","31.402828667","192.168.1.55","192.168.1.2","TCP","1514","8004  >  35886 [ACK] Seq=150782 Ack=144 Win=65024 Len=1448 TSval=2916035483 TSecr=3045555257 [TCP segment of a reassembled PDU]"
"22502","31.402830686","192.168.1.55","192.168.1.2","TCP","1514","8004  >  35886 [ACK] Seq=152230 Ack=144 Win=65024 Len=1448 TSval=2916035483 TSecr=3045555257 [TCP segment of a reassembled PDU]"
"22503","31.402832093","192.168.1.55","192.168.1.2","TCP","1514","8004  >  35886 [ACK] Seq=153678 Ack=144 Win=65024 Len=1448 TSval=2916035483 TSecr=3045555257 [TCP segment of a reassembled PDU]"
"22504","31.402833278","192.168.1.55","192.168.1.2","TCP","1514","8004  >  35886 [ACK] Seq=155126 Ack=144 Win=65024 Len=1448 TSval=2916035483 TSecr=3045555257 [TCP segment of a reassembled PDU]"
"22505","31.402834593","192.168.1.55","192.168.1.2","TCP","1514","8004  >  35886 [ACK] Seq=156574 Ack=144 Win=65024 Len=1448 TSval=2916035483 TSecr=3045555257 [TCP segment of a reassembled PDU]"
"22506","31.402835852","192.168.1.55","192.168.1.2","TCP","1514","8004  >  35886 [ACK] Seq=158022 Ack=144 Win=65024 Len=1448 TSval=2916035483 TSecr=3045555257 [TCP segment of a reassembled PDU]"
"22507","31.402837297","192.168.1.55","192.168.1.2","TCP","1514","8004  >  35886 [PSH, ACK] Seq=159470 Ack=144 Win=65024 Len=1448 TSval=2916035483 TSecr=3045555257 [TCP segment of a reassembled PDU]"
"22508","31.402842908","192.168.1.2","192.168.1.55","TCP","66","35886  >  8004 [ACK] Seq=144 Ack=100102 Win=70656 Len=0 TSval=3045555257 TSecr=2916035478"
"22509","31.402878741","192.168.1.55","192.168.1.2","TCP","1514","8004  >  35886 [ACK] Seq=160918 Ack=144 Win=65024 Len=1448 TSval=2916035483 TSecr=3045555257 [TCP segment of a reassembled PDU]"
"22510","31.402882723","192.168.1.55","192.168.1.2","TCP","1514","8004  >  35886 [ACK] Seq=162366 Ack=144 Win=65024 Len=1448 TSval=2916035483 TSecr=3045555257 [TCP segment of a reassembled PDU]"
"22511","31.402884056","192.168.1.55","192.168.1.2","TCP","1514","8004  >  35886 [ACK] Seq=163814 Ack=144 Win=65024 Len=1448 TSval=2916035483 TSecr=3045555257 [TCP segment of a reassembled PDU]"
"22512","31.402885723","192.168.1.55","192.168.1.2","TCP","1514","8004  >  35886 [ACK] Seq=165262 Ack=144 Win=65024 Len=1448 TSval=2916035483 TSecr=3045555257 [TCP segment of a reassembled PDU]"
"22513","31.402887667","192.168.1.55","192.168.1.2","TCP","1514","8004  >  35886 [ACK] Seq=166710 Ack=144 Win=65024 Len=1448 TSval=2916035483 TSecr=3045555257 [TCP segment of a reassembled PDU]"
"22514","31.402889426","192.168.1.55","192.168.1.2","TCP","1514","8004  >  35886 [ACK] Seq=168158 Ack=144 Win=65024 Len=1448 TSval=2916035483 TSecr=3045555257 [TCP segment of a reassembled PDU]"
"22515","31.402891371","192.168.1.55","192.168.1.2","TCP","1218","[TCP Window Full] 8004  >  35886 [PSH, ACK] Seq=169606 Ack=144 Win=65024 Len=1152 TSval=2916035483 TSecr=3045555257 [TCP segment of a reassembled PDU]"
"22516","31.408986232","192.168.1.2","192.168.1.55","TCP","66","35886  >  8004 [ACK] Seq=144 Ack=105894 Win=86016 Len=0 TSval=3045555263 TSecr=2916035483"
"22517","31.409010566","192.168.1.55","192.168.1.2","TCP","1514","8004  >  35886 [ACK] Seq=170758 Ack=144 Win=65024 Len=1448 TSval=2916035489 TSecr=3045555263 [TCP segment of a reassembled PDU]"
"22518","31.409013288","192.168.1.55","192.168.1.2","TCP","1514","8004  >  35886 [ACK] Seq=172206 Ack=144 Win=65024 Len=1448 TSval=2916035489 TSecr=3045555263 [TCP segment of a reassembled PDU]"
"22519","31.409014695","192.168.1.55","192.168.1.2","TCP","1514","8004  >  35886 [ACK] Seq=173654 Ack=144 Win=65024 Len=1448 TSval=2916035489 TSecr=3045555263 [TCP segment of a reassembled PDU]"
"22520","31.409016010","192.168.1.55","192.168.1.2","TCP","1514","8004  >  35886 [ACK] Seq=175102 Ack=144 Win=65024 Len=1448 TSval=2916035489 TSecr=3045555263 [TCP segment of a reassembled PDU]"
"22521","31.409017436","192.168.1.55","192.168.1.2","TCP","1514","8004  >  35886 [ACK] Seq=176550 Ack=144 Win=65024 Len=1448 TSval=2916035489 TSecr=3045555263 [TCP segment of a reassembled PDU]"
"22522","31.409018751","192.168.1.55","192.168.1.2","TCP","1514","8004  >  35886 [ACK] Seq=177998 Ack=144 Win=65024 Len=1448 TSval=2916035489 TSecr=3045555263 [TCP segment of a reassembled PDU]"
"22523","31.409020066","192.168.1.55","192.168.1.2","TCP","1514","8004  >  35886 [ACK] Seq=179446 Ack=144 Win=65024 Len=1448 TSval=2916035489 TSecr=3045555263 [TCP segment of a reassembled PDU]"
"22524","31.409021510","192.168.1.55","192.168.1.2","TCP","1514","8004  >  35886 [ACK] Seq=180894 Ack=144 Win=65024 Len=1448 TSval=2916035489 TSecr=3045555263 [TCP segment of a reassembled PDU]"
"22525","31.409022806","192.168.1.55","192.168.1.2","TCP","1514","8004  >  35886 [ACK] Seq=182342 Ack=144 Win=65024 Len=1448 TSval=2916035489 TSecr=3045555263 [TCP segment of a reassembled PDU]"
"22526","31.409024103","192.168.1.55","192.168.1.2","TCP","1514","8004  >  35886 [ACK] Seq=183790 Ack=144 Win=65024 Len=1448 TSval=2916035489 TSecr=3045555263 [TCP segment of a reassembled PDU]"
"22527","31.409025473","192.168.1.55","192.168.1.2","TCP","1514","8004  >  35886 [ACK] Seq=185238 Ack=144 Win=65024 Len=1448 TSval=2916035489 TSecr=3045555263 [TCP segment of a reassembled PDU]"
"22528","31.409026751","192.168.1.55","192.168.1.2","TCP","1514","8004  >  35886 [ACK] Seq=186686 Ack=144 Win=65024 Len=1448 TSval=2916035489 TSecr=3045555263 [TCP segment of a reassembled PDU]"
"22529","31.409028566","192.168.1.55","192.168.1.2","TCP","1514","8004  >  35886 [ACK] Seq=188134 Ack=144 Win=65024 Len=1448 TSval=2916035489 TSecr=3045555263 [TCP segment of a reassembled PDU]"
"22530","31.409029881","192.168.1.55","192.168.1.2","TCP","1514","8004  >  35886 [PSH, ACK] Seq=189582 Ack=144 Win=65024 Len=1448 TSval=2916035489 TSecr=3045555263 [TCP segment of a reassembled PDU]"
"22531","31.409655252","192.168.1.2","192.168.1.55","TCP","66","35886  >  8004 [ACK] Seq=144 Ack=118926 Win=97280 Len=0 TSval=3045555263 TSecr=2916035483"
"22532","31.409673678","192.168.1.55","192.168.1.2","TCP","1514","8004  >  35886 [ACK] Seq=191030 Ack=144 Win=65024 Len=1448 TSval=2916035490 TSecr=3045555263 [TCP segment of a reassembled PDU]"
"22533","31.409675326","192.168.1.55","192.168.1.2","TCP","1514","8004  >  35886 [ACK] Seq=192478 Ack=144 Win=65024 Len=1448 TSval=2916035490 TSecr=3045555263 [TCP segment of a reassembled PDU]"
"22534","31.409676845","192.168.1.55","192.168.1.2","TCP","1514","8004  >  35886 [ACK] Seq=193926 Ack=144 Win=65024 Len=1448 TSval=2916035490 TSecr=3045555263 [TCP segment of a reassembled PDU]"
"22535","31.409678270","192.168.1.55","192.168.1.2","TCP","1514","8004  >  35886 [ACK] Seq=195374 Ack=144 Win=65024 Len=1448 TSval=2916035490 TSecr=3045555263 [TCP segment of a reassembled PDU]"
"22536","31.409679585","192.168.1.55","192.168.1.2","TCP","1514","8004  >  35886 [ACK] Seq=196822 Ack=144 Win=65024 Len=1448 TSval=2916035490 TSecr=3045555263 [TCP segment of a reassembled PDU]"
"22537","31.409680956","192.168.1.55","192.168.1.2","TCP","1514","8004  >  35886 [ACK] Seq=198270 Ack=144 Win=65024 Len=1448 TSval=2916035490 TSecr=3045555263 [TCP segment of a reassembled PDU]"
"22538","31.409682345","192.168.1.55","192.168.1.2","TCP","1514","8004  >  35886 [ACK] Seq=199718 Ack=144 Win=65024 Len=1448 TSval=2916035490 TSecr=3045555263 [TCP segment of a reassembled PDU]"
"22539","31.409683622","192.168.1.55","192.168.1.2","TCP","1514","8004  >  35886 [ACK] Seq=201166 Ack=144 Win=65024 Len=1448 TSval=2916035490 TSecr=3045555263 [TCP segment of a reassembled PDU]"
"22540","31.409685048","192.168.1.55","192.168.1.2","TCP","1514","8004  >  35886 [ACK] Seq=202614 Ack=144 Win=65024 Len=1448 TSval=2916035490 TSecr=3045555263 [TCP segment of a reassembled PDU]"
"22541","31.409686345","192.168.1.55","192.168.1.2","TCP","1514","8004  >  35886 [PSH, ACK] Seq=204062 Ack=144 Win=65024 Len=1448 TSval=2916035490 TSecr=3045555263 [TCP segment of a reassembled PDU]"
"22542","31.409692456","192.168.1.55","192.168.1.2","TCP","362","8004  >  35886 [PSH, ACK] Seq=205510 Ack=144 Win=65024 Len=296 TSval=2916035490 TSecr=3045555263 [TCP segment of a reassembled PDU]"
"22543","31.409696326","192.168.1.2","192.168.1.55","TCP","66","35886  >  8004 [ACK] Seq=144 Ack=160918 Win=81920 Len=0 TSval=3045555263 TSecr=2916035483"
"22544","31.409733585","192.168.1.55","192.168.1.2","TCP","1514","8004  >  35886 [ACK] Seq=205806 Ack=144 Win=65024 Len=1448 TSval=2916035490 TSecr=3045555263 [TCP segment of a reassembled PDU]"
"22545","31.409735419","192.168.1.55","192.168.1.2","TCP","1514","8004  >  35886 [ACK] Seq=207254 Ack=144 Win=65024 Len=1448 TSval=2916035490 TSecr=3045555263 [TCP segment of a reassembled PDU]"
"22546","31.409736771","192.168.1.55","192.168.1.2","TCP","1514","8004  >  35886 [ACK] Seq=208702 Ack=144 Win=65024 Len=1448 TSval=2916035490 TSecr=3045555263 [TCP segment of a reassembled PDU]"
"22547","31.409738178","192.168.1.55","192.168.1.2","TCP","1514","8004  >  35886 [ACK] Seq=210150 Ack=144 Win=65024 Len=1448 TSval=2916035490 TSecr=3045555263 [TCP segment of a reassembled PDU]"
"22548","31.409739493","192.168.1.55","192.168.1.2","TCP","1514","8004  >  35886 [ACK] Seq=211598 Ack=144 Win=65024 Len=1448 TSval=2916035490 TSecr=3045555263 [TCP segment of a reassembled PDU]"
"22549","31.409740789","192.168.1.55","192.168.1.2","TCP","1514","8004  >  35886 [ACK] Seq=213046 Ack=144 Win=65024 Len=1448 TSval=2916035490 TSecr=3045555263 [TCP segment of a reassembled PDU]"
"22550","31.409742530","192.168.1.55","192.168.1.2","TCP","1514","8004  >  35886 [ACK] Seq=214494 Ack=144 Win=65024 Len=1448 TSval=2916035490 TSecr=3045555263 [TCP segment of a reassembled PDU]"
"22551","31.409743826","192.168.1.55","192.168.1.2","TCP","1514","8004  >  35886 [ACK] Seq=215942 Ack=144 Win=65024 Len=1448 TSval=2916035490 TSecr=3045555263 [TCP segment of a reassembled PDU]"
"22552","31.409745308","192.168.1.55","192.168.1.2","TCP","1514","8004  >  35886 [ACK] Seq=217390 Ack=144 Win=65024 Len=1448 TSval=2916035490 TSecr=3045555263 [TCP segment of a reassembled PDU]"
"22553","31.409746789","192.168.1.55","192.168.1.2","TCP","1514","8004  >  35886 [ACK] Seq=218838 Ack=144 Win=65024 Len=1448 TSval=2916035490 TSecr=3045555263 [TCP segment of a reassembled PDU]"
"22554","31.409748067","192.168.1.55","192.168.1.2","TCP","1514","8004  >  35886 [ACK] Seq=220286 Ack=144 Win=65024 Len=1448 TSval=2916035490 TSecr=3045555263 [TCP segment of a reassembled PDU]"
"22555","31.409749419","192.168.1.55","192.168.1.2","TCP","1514","8004  >  35886 [ACK] Seq=221734 Ack=144 Win=65024 Len=1448 TSval=2916035490 TSecr=3045555263 [TCP segment of a reassembled PDU]"
"22556","31.409750845","192.168.1.55","192.168.1.2","TCP","1514","8004  >  35886 [ACK] Seq=223182 Ack=144 Win=65024 Len=1448 TSval=2916035490 TSecr=3045555263 [TCP segment of a reassembled PDU]"
"22557","31.409752252","192.168.1.55","192.168.1.2","TCP","1514","8004  >  35886 [ACK] Seq=224630 Ack=144 Win=65024 Len=1448 TSval=2916035490 TSecr=3045555263 [TCP segment of a reassembled PDU]"
"22558","31.409753604","192.168.1.55","192.168.1.2","TCP","1514","8004  >  35886 [ACK] Seq=226078 Ack=144 Win=65024 Len=1448 TSval=2916035490 TSecr=3045555263 [TCP segment of a reassembled PDU]"
"22559","31.409754937","192.168.1.55","192.168.1.2","TCP","1514","8004  >  35886 [ACK] Seq=227526 Ack=144 Win=65024 Len=1448 TSval=2916035490 TSecr=3045555263 [TCP segment of a reassembled PDU]"
"22560","31.409761622","192.168.1.55","192.168.1.2","TCP","1514","8004  >  35886 [ACK] Seq=228974 Ack=144 Win=65024 Len=1448 TSval=2916035490 TSecr=3045555263 [TCP segment of a reassembled PDU]"
"22561","31.409763363","192.168.1.55","192.168.1.2","TCP","1514","8004  >  35886 [ACK] Seq=230422 Ack=144 Win=65024 Len=1448 TSval=2916035490 TSecr=3045555263 [TCP segment of a reassembled PDU]"
"22562","31.409764734","192.168.1.55","192.168.1.2","TCP","1514","8004  >  35886 [ACK] Seq=231870 Ack=144 Win=65024 Len=1448 TSval=2916035490 TSecr=3045555263 [TCP segment of a reassembled PDU]"
"22563","31.409766141","192.168.1.55","192.168.1.2","TCP","1514","8004  >  35886 [ACK] Seq=233318 Ack=144 Win=65024 Len=1448 TSval=2916035490 TSecr=3045555263 [TCP segment of a reassembled PDU]"
"22564","31.409767456","192.168.1.55","192.168.1.2","TCP","1514","8004  >  35886 [ACK] Seq=234766 Ack=144 Win=65024 Len=1448 TSval=2916035490 TSecr=3045555263 [TCP segment of a reassembled PDU]"
"22565","31.409768752","192.168.1.55","192.168.1.2","TCP","1514","8004  >  35886 [ACK] Seq=236214 Ack=144 Win=65024 Len=1448 TSval=2916035490 TSecr=3045555263 [TCP segment of a reassembled PDU]"
"22566","31.409770030","192.168.1.55","192.168.1.2","TCP","1514","8004  >  35886 [ACK] Seq=237662 Ack=144 Win=65024 Len=1448 TSval=2916035490 TSecr=3045555263 [TCP segment of a reassembled PDU]"
"22567","31.409771419","192.168.1.55","192.168.1.2","TCP","1514","8004  >  35886 [ACK] Seq=239110 Ack=144 Win=65024 Len=1448 TSval=2916035490 TSecr=3045555263 [TCP segment of a reassembled PDU]"
"22568","31.409772715","192.168.1.55","192.168.1.2","TCP","1514","8004  >  35886 [PSH, ACK] Seq=240558 Ack=144 Win=65024 Len=1448 TSval=2916035490 TSecr=3045555263 [TCP segment of a reassembled PDU]"
"22569","31.409777252","192.168.1.2","192.168.1.55","TCP","66","35886  >  8004 [ACK] Seq=144 Ack=169606 Win=73728 Len=0 TSval=3045555263 TSecr=2916035483"
"22570","31.409785956","192.168.1.2","192.168.1.55","TCP","66","35886  >  8004 [ACK] Seq=144 Ack=170758 Win=100352 Len=0 TSval=3045555263 TSecr=2916035483"
"22571","31.409799826","192.168.1.55","192.168.1.2","TCP","1514","8004  >  35886 [ACK] Seq=242006 Ack=144 Win=65024 Len=1448 TSval=2916035490 TSecr=3045555263 [TCP segment of a reassembled PDU]"
"22572","31.409801530","192.168.1.55","192.168.1.2","TCP","1514","8004  >  35886 [ACK] Seq=243454 Ack=144 Win=65024 Len=1448 TSval=2916035490 TSecr=3045555263 [TCP segment of a reassembled PDU]"
"22573","31.409802956","192.168.1.55","192.168.1.2","TCP","1514","8004  >  35886 [ACK] Seq=244902 Ack=144 Win=65024 Len=1448 TSval=2916035490 TSecr=3045555263 [TCP segment of a reassembled PDU]"
"22574","31.409804548","192.168.1.55","192.168.1.2","TCP","1514","8004  >  35886 [ACK] Seq=246350 Ack=144 Win=65024 Len=1448 TSval=2916035490 TSecr=3045555263 [TCP segment of a reassembled PDU]"
"22575","31.409806123","192.168.1.55","192.168.1.2","TCP","1514","8004  >  35886 [ACK] Seq=247798 Ack=144 Win=65024 Len=1448 TSval=2916035490 TSecr=3045555263 [TCP segment of a reassembled PDU]"
"22576","31.409807474","192.168.1.55","192.168.1.2","TCP","1514","8004  >  35886 [PSH, ACK] Seq=249246 Ack=144 Win=65024 Len=1448 TSval=2916035490 TSecr=3045555263 [TCP segment of a reassembled PDU]"
"22577","31.409829234","192.168.1.55","192.168.1.2","TCP","1514","8004  >  35886 [ACK] Seq=250694 Ack=144 Win=65024 Len=1448 TSval=2916035490 TSecr=3045555263 [TCP segment of a reassembled PDU]"
"22578","31.409830919","192.168.1.55","192.168.1.2","TCP","1514","8004  >  35886 [ACK] Seq=252142 Ack=144 Win=65024 Len=1448 TSval=2916035490 TSecr=3045555263 [TCP segment of a reassembled PDU]"
"22579","31.409832289","192.168.1.55","192.168.1.2","TCP","1514","8004  >  35886 [ACK] Seq=253590 Ack=144 Win=65024 Len=1448 TSval=2916035490 TSecr=3045555263 [TCP segment of a reassembled PDU]"
"22580","31.409833697","192.168.1.55","192.168.1.2","TCP","1514","8004  >  35886 [ACK] Seq=255038 Ack=144 Win=65024 Len=1448 TSval=2916035490 TSecr=3045555263 [TCP segment of a reassembled PDU]"
"22581","31.409835049","192.168.1.55","192.168.1.2","TCP","1514","8004  >  35886 [ACK] Seq=256486 Ack=144 Win=65024 Len=1448 TSval=2916035490 TSecr=3045555263 [TCP segment of a reassembled PDU]"
"22582","31.409836789","192.168.1.55","192.168.1.2","TCP","1514","8004  >  35886 [ACK] Seq=257934 Ack=144 Win=65024 Len=1448 TSval=2916035490 TSecr=3045555263 [TCP segment of a reassembled PDU]"
"22583","31.409838049","192.168.1.55","192.168.1.2","TCP","1514","8004  >  35886 [ACK] Seq=259382 Ack=144 Win=65024 Len=1448 TSval=2916035490 TSecr=3045555263 [TCP segment of a reassembled PDU]"
"22584","31.409839789","192.168.1.55","192.168.1.2","TCP","1514","8004  >  35886 [ACK] Seq=260830 Ack=144 Win=65024 Len=1448 TSval=2916035490 TSecr=3045555263 [TCP segment of a reassembled PDU]"
"22585","31.409841141","192.168.1.55","192.168.1.2","TCP","1514","8004  >  35886 [ACK] Seq=262278 Ack=144 Win=65024 Len=1448 TSval=2916035490 TSecr=3045555263 [TCP segment of a reassembled PDU]"
"22586","31.409842474","192.168.1.55","192.168.1.2","TCP","1514","8004  >  35886 [ACK] Seq=263726 Ack=144 Win=65024 Len=1448 TSval=2916035490 TSecr=3045555263 [TCP segment of a reassembled PDU]"
"22587","31.409843993","192.168.1.55","192.168.1.2","TCP","1514","8004  >  35886 [ACK] Seq=265174 Ack=144 Win=65024 Len=1448 TSval=2916035490 TSecr=3045555263 [TCP segment of a reassembled PDU]"
"22588","31.409845308","192.168.1.55","192.168.1.2","TCP","1514","8004  >  35886 [ACK] Seq=266622 Ack=144 Win=65024 Len=1448 TSval=2916035490 TSecr=3045555263 [TCP segment of a reassembled PDU]"
"22589","31.409846697","192.168.1.55","192.168.1.2","TCP","1514","8004  >  35886 [ACK] Seq=268070 Ack=144 Win=65024 Len=1448 TSval=2916035490 TSecr=3045555263 [TCP segment of a reassembled PDU]"
"22590","31.409848030","192.168.1.55","192.168.1.2","TCP","1514","8004  >  35886 [PSH, ACK] Seq=269518 Ack=144 Win=65024 Len=1448 TSval=2916035490 TSecr=3045555263 [TCP segment of a reassembled PDU]"
"22591","31.415403224","192.168.1.2","192.168.1.55","TCP","66","35886  >  8004 [ACK] Seq=144 Ack=172206 Win=103424 Len=0 TSval=3045555266 TSecr=2916035489"
"22592","31.415416983","192.168.1.55","192.168.1.2","TCP","1514","8004  >  35886 [ACK] Seq=270966 Ack=144 Win=65024 Len=1448 TSval=2916035496 TSecr=3045555266 [TCP segment of a reassembled PDU]"
"22593","31.415419742","192.168.1.55","192.168.1.2","TCP","1514","8004  >  35886 [ACK] Seq=272414 Ack=144 Win=65024 Len=1448 TSval=2916035496 TSecr=3045555266 [TCP segment of a reassembled PDU]"
"22594","31.415421020","192.168.1.55","192.168.1.2","TCP","1514","8004  >  35886 [PSH, ACK] Seq=273862 Ack=144 Win=65024 Len=1448 TSval=2916035496 TSecr=3045555266 [TCP segment of a reassembled PDU]"
"22595","31.415629113","192.168.1.2","192.168.1.55","TCP","66","35886  >  8004 [ACK] Seq=144 Ack=182342 Win=121856 Len=0 TSval=3045555267 TSecr=2916035489"
"22596","31.415648372","192.168.1.55","192.168.1.2","TCP","1514","8004  >  35886 [ACK] Seq=275310 Ack=144 Win=65024 Len=1448 TSval=2916035496 TSecr=3045555267 [TCP segment of a reassembled PDU]"
"22597","31.415650002","192.168.1.55","192.168.1.2","TCP","1514","8004  >  35886 [ACK] Seq=276758 Ack=144 Win=65024 Len=1448 TSval=2916035496 TSecr=3045555267 [TCP segment of a reassembled PDU]"
"22598","31.415651317","192.168.1.55","192.168.1.2","TCP","1514","8004  >  35886 [ACK] Seq=278206 Ack=144 Win=65024 Len=1448 TSval=2916035496 TSecr=3045555267 [TCP segment of a reassembled PDU]"
"22599","31.415652706","192.168.1.55","192.168.1.2","TCP","1514","8004  >  35886 [ACK] Seq=279654 Ack=144 Win=65024 Len=1448 TSval=2916035496 TSecr=3045555267 [TCP segment of a reassembled PDU]"
"22600","31.415654002","192.168.1.55","192.168.1.2","TCP","1514","8004  >  35886 [ACK] Seq=281102 Ack=144 Win=65024 Len=1448 TSval=2916035496 TSecr=3045555267 [TCP segment of a reassembled PDU]"
"22601","31.415655391","192.168.1.55","192.168.1.2","TCP","1514","8004  >  35886 [ACK] Seq=282550 Ack=144 Win=65024 Len=1448 TSval=2916035496 TSecr=3045555267 [TCP segment of a reassembled PDU]"
"22602","31.415656687","192.168.1.55","192.168.1.2","TCP","1514","8004  >  35886 [ACK] Seq=283998 Ack=144 Win=65024 Len=1448 TSval=2916035496 TSecr=3045555267 [TCP segment of a reassembled PDU]"
"22603","31.415657965","192.168.1.55","192.168.1.2","TCP","1514","8004  >  35886 [ACK] Seq=285446 Ack=144 Win=65024 Len=1448 TSval=2916035496 TSecr=3045555267 [TCP segment of a reassembled PDU]"
"22604","31.415659373","192.168.1.55","192.168.1.2","TCP","1514","8004  >  35886 [ACK] Seq=286894 Ack=144 Win=65024 Len=1448 TSval=2916035496 TSecr=3045555267 [TCP segment of a reassembled PDU]"
"22605","31.415660724","192.168.1.55","192.168.1.2","TCP","1514","8004  >  35886 [ACK] Seq=288342 Ack=144 Win=65024 Len=1448 TSval=2916035496 TSecr=3045555267 [TCP segment of a reassembled PDU]"
"22606","31.415662113","192.168.1.55","192.168.1.2","TCP","1514","8004  >  35886 [ACK] Seq=289790 Ack=144 Win=65024 Len=1448 TSval=2916035496 TSecr=3045555267 [TCP segment of a reassembled PDU]"
"22607","31.415663484","192.168.1.55","192.168.1.2","TCP","1514","8004  >  35886 [ACK] Seq=291238 Ack=144 Win=65024 Len=1448 TSval=2916035496 TSecr=3045555267 [TCP segment of a reassembled PDU]"
"22608","31.415664780","192.168.1.55","192.168.1.2","TCP","1514","8004  >  35886 [ACK] Seq=292686 Ack=144 Win=65024 Len=1448 TSval=2916035496 TSecr=3045555267 [TCP segment of a reassembled PDU]"
"22609","31.415666206","192.168.1.55","192.168.1.2","TCP","1514","8004  >  35886 [PSH, ACK] Seq=294134 Ack=144 Win=65024 Len=1448 TSval=2916035496 TSecr=3045555267 [TCP segment of a reassembled PDU]"
"22610","31.418530396","192.168.1.2","192.168.1.55","TCP","66","35886  >  8004 [ACK] Seq=144 Ack=183790 Win=124928 Len=0 TSval=3045555271 TSecr=2916035489"
"22611","31.418553136","192.168.1.55","192.168.1.2","TCP","1514","8004  >  35886 [ACK] Seq=295582 Ack=144 Win=65024 Len=1448 TSval=2916035499 TSecr=3045555271 [TCP segment of a reassembled PDU]"
"22612","31.418555896","192.168.1.55","192.168.1.2","TCP","1514","8004  >  35886 [ACK] Seq=297030 Ack=144 Win=65024 Len=1448 TSval=2916035499 TSecr=3045555271 [TCP segment of a reassembled PDU]"
"22613","31.418557229","192.168.1.55","192.168.1.2","TCP","1514","8004  >  35886 [ACK] Seq=298478 Ack=144 Win=65024 Len=1448 TSval=2916035499 TSecr=3045555271 [TCP segment of a reassembled PDU]"
"22614","31.418558470","192.168.1.55","192.168.1.2","TCP","1514","8004  >  35886 [ACK] Seq=299926 Ack=144 Win=65024 Len=1448 TSval=2916035499 TSecr=3045555271 [TCP segment of a reassembled PDU]"
"22615","31.418559859","192.168.1.55","192.168.1.2","TCP","1514","8004  >  35886 [ACK] Seq=301374 Ack=144 Win=65024 Len=1448 TSval=2916035499 TSecr=3045555271 [TCP segment of a reassembled PDU]"
"22616","31.418561173","192.168.1.55","192.168.1.2","TCP","1514","8004  >  35886 [ACK] Seq=302822 Ack=144 Win=65024 Len=1448 TSval=2916035499 TSecr=3045555271 [TCP segment of a reassembled PDU]"
"22617","31.418562451","192.168.1.55","192.168.1.2","TCP","1514","8004  >  35886 [ACK] Seq=304270 Ack=144 Win=65024 Len=1448 TSval=2916035499 TSecr=3045555271 [TCP segment of a reassembled PDU]"
"22618","31.418563822","192.168.1.55","192.168.1.2","TCP","1514","8004  >  35886 [ACK] Seq=305718 Ack=144 Win=65024 Len=1448 TSval=2916035499 TSecr=3045555271 [TCP segment of a reassembled PDU]"
"22619","31.418565562","192.168.1.55","192.168.1.2","TCP","1514","8004  >  35886 [PSH, ACK] Seq=307166 Ack=144 Win=65024 Len=1448 TSval=2916035499 TSecr=3045555271 [TCP segment of a reassembled PDU]"
"22620","31.419016415","192.168.1.2","192.168.1.55","TCP","66","35886  >  8004 [ACK] Seq=144 Ack=191030 Win=125952 Len=0 TSval=3045555271 TSecr=2916035489"
"22621","31.419024137","192.168.1.2","192.168.1.55","TCP","66","35886  >  8004 [ACK] Seq=144 Ack=205510 Win=112640 Len=0 TSval=3045555271 TSecr=2916035490"
"22622","31.419031211","192.168.1.2","192.168.1.55","TCP","66","35886  >  8004 [ACK] Seq=144 Ack=205806 Win=129024 Len=0 TSval=3045555271 TSecr=2916035490"
"22623","31.419035785","192.168.1.2","192.168.1.55","TCP","66","35886  >  8004 [ACK] Seq=144 Ack=242006 Win=99328 Len=0 TSval=3045555271 TSecr=2916035490"
"22624","31.419061600","192.168.1.55","192.168.1.2","TCP","1514","8004  >  35886 [ACK] Seq=308614 Ack=144 Win=65024 Len=1448 TSval=2916035499 TSecr=3045555271 [TCP segment of a reassembled PDU]"
"22625","31.419063600","192.168.1.55","192.168.1.2","TCP","1514","8004  >  35886 [ACK] Seq=310062 Ack=144 Win=65024 Len=1448 TSval=2916035499 TSecr=3045555271 [TCP segment of a reassembled PDU]"
"22626","31.419065007","192.168.1.55","192.168.1.2","TCP","1514","8004  >  35886 [ACK] Seq=311510 Ack=144 Win=65024 Len=1448 TSval=2916035499 TSecr=3045555271 [TCP segment of a reassembled PDU]"
"22627","31.419066359","192.168.1.55","192.168.1.2","TCP","1514","8004  >  35886 [ACK] Seq=312958 Ack=144 Win=65024 Len=1448 TSval=2916035499 TSecr=3045555271 [TCP segment of a reassembled PDU]"
"22628","31.419067748","192.168.1.55","192.168.1.2","TCP","1514","8004  >  35886 [ACK] Seq=314406 Ack=144 Win=65024 Len=1448 TSval=2916035499 TSecr=3045555271 [TCP segment of a reassembled PDU]"
"22629","31.419069489","192.168.1.55","192.168.1.2","TCP","1514","8004  >  35886 [ACK] Seq=315854 Ack=144 Win=65024 Len=1448 TSval=2916035499 TSecr=3045555271 [TCP segment of a reassembled PDU]"
"22630","31.419071174","192.168.1.55","192.168.1.2","TCP","1514","8004  >  35886 [ACK] Seq=317302 Ack=144 Win=65024 Len=1448 TSval=2916035499 TSecr=3045555271 [TCP segment of a reassembled PDU]"
"22631","31.419072637","192.168.1.55","192.168.1.2","TCP","1514","8004  >  35886 [ACK] Seq=318750 Ack=144 Win=65024 Len=1448 TSval=2916035499 TSecr=3045555271 [TCP segment of a reassembled PDU]"
"22632","31.419074045","192.168.1.55","192.168.1.2","TCP","1514","8004  >  35886 [ACK] Seq=320198 Ack=144 Win=65024 Len=1448 TSval=2916035499 TSecr=3045555271 [TCP segment of a reassembled PDU]"
"22633","31.419075341","192.168.1.55","192.168.1.2","TCP","1514","8004  >  35886 [ACK] Seq=321646 Ack=144 Win=65024 Len=1448 TSval=2916035499 TSecr=3045555271 [TCP segment of a reassembled PDU]"
"22634","31.419076730","192.168.1.55","192.168.1.2","TCP","1514","8004  >  35886 [ACK] Seq=323094 Ack=144 Win=65024 Len=1448 TSval=2916035499 TSecr=3045555271 [TCP segment of a reassembled PDU]"
"22635","31.419078193","192.168.1.55","192.168.1.2","TCP","1514","8004  >  35886 [ACK] Seq=324542 Ack=144 Win=65024 Len=1448 TSval=2916035499 TSecr=3045555271 [TCP segment of a reassembled PDU]"
"22636","31.419079619","192.168.1.55","192.168.1.2","TCP","1514","8004  >  35886 [ACK] Seq=325990 Ack=144 Win=65024 Len=1448 TSval=2916035499 TSecr=3045555271 [TCP segment of a reassembled PDU]"
"22637","31.419080989","192.168.1.55","192.168.1.2","TCP","1514","8004  >  35886 [ACK] Seq=327438 Ack=144 Win=65024 Len=1448 TSval=2916035499 TSecr=3045555271 [TCP segment of a reassembled PDU]"
"22638","31.419082322","192.168.1.55","192.168.1.2","TCP","1514","8004  >  35886 [ACK] Seq=328886 Ack=144 Win=65024 Len=1448 TSval=2916035499 TSecr=3045555271 [TCP segment of a reassembled PDU]"
"22639","31.419084008","192.168.1.55","192.168.1.2","TCP","1514","8004  >  35886 [ACK] Seq=330334 Ack=144 Win=65024 Len=1448 TSval=2916035499 TSecr=3045555271 [TCP segment of a reassembled PDU]"
"22640","31.419085415","192.168.1.55","192.168.1.2","TCP","1514","8004  >  35886 [ACK] Seq=331782 Ack=144 Win=65024 Len=1448 TSval=2916035499 TSecr=3045555271 [TCP segment of a reassembled PDU]"
"22641","31.419087026","192.168.1.55","192.168.1.2","TCP","1514","8004  >  35886 [ACK] Seq=333230 Ack=144 Win=65024 Len=1448 TSval=2916035499 TSecr=3045555271 [TCP segment of a reassembled PDU]"
"22642","31.419088433","192.168.1.55","192.168.1.2","TCP","1514","8004  >  35886 [ACK] Seq=334678 Ack=144 Win=65024 Len=1448 TSval=2916035499 TSecr=3045555271 [TCP segment of a reassembled PDU]"
"22643","31.419089767","192.168.1.55","192.168.1.2","TCP","1514","8004  >  35886 [ACK] Seq=336126 Ack=144 Win=65024 Len=1448 TSval=2916035499 TSecr=3045555271 [TCP segment of a reassembled PDU]"
"22644","31.419091137","192.168.1.55","192.168.1.2","TCP","1514","8004  >  35886 [ACK] Seq=337574 Ack=144 Win=65024 Len=1448 TSval=2916035499 TSecr=3045555271 [TCP segment of a reassembled PDU]"
"22645","31.419092563","192.168.1.55","192.168.1.2","TCP","1514","8004  >  35886 [PSH, ACK] Seq=339022 Ack=144 Win=65024 Len=1448 TSval=2916035499 TSecr=3045555271 [TCP segment of a reassembled PDU]"
"22646","31.419150230","192.168.1.2","192.168.1.55","TCP","66","35886  >  8004 [ACK] Seq=144 Ack=270966 Win=71680 Len=0 TSval=3045555271 TSecr=2916035490"
"22647","31.419164452","192.168.1.55","192.168.1.2","TCP","1514","8004  >  35886 [ACK] Seq=340470 Ack=144 Win=65024 Len=1448 TSval=2916035499 TSecr=3045555271 [TCP segment of a reassembled PDU]"
"22648","31.419166434","192.168.1.55","192.168.1.2","TCP","794","[TCP Window Full] 8004  >  35886 [PSH, ACK] Seq=341918 Ack=144 Win=65024 Len=728 TSval=2916035499 TSecr=3045555271 [TCP segment of a reassembled PDU]"
"22649","31.419170656","192.168.1.2","192.168.1.55","TCP","66","35886  >  8004 [ACK] Seq=144 Ack=275310 Win=126976 Len=0 TSval=3045555273 TSecr=2916035496"
"22650","31.419207323","192.168.1.55","192.168.1.2","TCP","1514","8004  >  35886 [ACK] Seq=342646 Ack=144 Win=65024 Len=1448 TSval=2916035499 TSecr=3045555273 [TCP segment of a reassembled PDU]"
"22651","31.419209137","192.168.1.55","192.168.1.2","TCP","1514","8004  >  35886 [ACK] Seq=344094 Ack=144 Win=65024 Len=1448 TSval=2916035499 TSecr=3045555273 [TCP segment of a reassembled PDU]"
"22652","31.419210600","192.168.1.55","192.168.1.2","TCP","1514","8004  >  35886 [ACK] Seq=345542 Ack=144 Win=65024 Len=1448 TSval=2916035499 TSecr=3045555273 [TCP segment of a reassembled PDU]"
"22653","31.419212156","192.168.1.55","192.168.1.2","TCP","1514","8004  >  35886 [ACK] Seq=346990 Ack=144 Win=65024 Len=1448 TSval=2916035499 TSecr=3045555273 [TCP segment of a reassembled PDU]"
"22654","31.419213545","192.168.1.55","192.168.1.2","TCP","1514","8004  >  35886 [ACK] Seq=348438 Ack=144 Win=65024 Len=1448 TSval=2916035499 TSecr=3045555273 [TCP segment of a reassembled PDU]"
"22655","31.419214841","192.168.1.55","192.168.1.2","TCP","1514","8004  >  35886 [ACK] Seq=349886 Ack=144 Win=65024 Len=1448 TSval=2916035499 TSecr=3045555273 [TCP segment of a reassembled PDU]"
"22656","31.419216230","192.168.1.55","192.168.1.2","TCP","1514","8004  >  35886 [ACK] Seq=351334 Ack=144 Win=65024 Len=1448 TSval=2916035499 TSecr=3045555273 [TCP segment of a reassembled PDU]"
"22657","31.419217693","192.168.1.55","192.168.1.2","TCP","1514","8004  >  35886 [ACK] Seq=352782 Ack=144 Win=65024 Len=1448 TSval=2916035499 TSecr=3045555273 [TCP segment of a reassembled PDU]"
"22658","31.419219045","192.168.1.55","192.168.1.2","TCP","1514","8004  >  35886 [ACK] Seq=354230 Ack=144 Win=65024 Len=1448 TSval=2916035499 TSecr=3045555273 [TCP segment of a reassembled PDU]"
"22659","31.419220434","192.168.1.55","192.168.1.2","TCP","1514","8004  >  35886 [ACK] Seq=355678 Ack=144 Win=65024 Len=1448 TSval=2916035499 TSecr=3045555273 [TCP segment of a reassembled PDU]"
"22660","31.419221748","192.168.1.55","192.168.1.2","TCP","1514","8004  >  35886 [ACK] Seq=357126 Ack=144 Win=65024 Len=1448 TSval=2916035499 TSecr=3045555273 [TCP segment of a reassembled PDU]"
"22661","31.419223174","192.168.1.55","192.168.1.2","TCP","1514","8004  >  35886 [ACK] Seq=358574 Ack=144 Win=65024 Len=1448 TSval=2916035499 TSecr=3045555273 [TCP segment of a reassembled PDU]"
"22662","31.419224582","192.168.1.55","192.168.1.2","TCP","1514","8004  >  35886 [ACK] Seq=360022 Ack=144 Win=65024 Len=1448 TSval=2916035499 TSecr=3045555273 [TCP segment of a reassembled PDU]"
"22663","31.419225952","192.168.1.55","192.168.1.2","TCP","1514","8004  >  35886 [ACK] Seq=361470 Ack=144 Win=65024 Len=1448 TSval=2916035499 TSecr=3045555273 [TCP segment of a reassembled PDU]"
"22664","31.419227248","192.168.1.55","192.168.1.2","TCP","1514","8004  >  35886 [ACK] Seq=362918 Ack=144 Win=65024 Len=1448 TSval=2916035499 TSecr=3045555273 [TCP segment of a reassembled PDU]"
"22665","31.419228545","192.168.1.55","192.168.1.2","TCP","1514","8004  >  35886 [ACK] Seq=364366 Ack=144 Win=65024 Len=1448 TSval=2916035499 TSecr=3045555273 [TCP segment of a reassembled PDU]"
"22666","31.419229860","192.168.1.55","192.168.1.2","TCP","1514","8004  >  35886 [ACK] Seq=365814 Ack=144 Win=65024 Len=1448 TSval=2916035499 TSecr=3045555273 [TCP segment of a reassembled PDU]"
"22667","31.419231248","192.168.1.55","192.168.1.2","TCP","1514","8004  >  35886 [ACK] Seq=367262 Ack=144 Win=65024 Len=1448 TSval=2916035499 TSecr=3045555273 [TCP segment of a reassembled PDU]"
"22668","31.419232545","192.168.1.55","192.168.1.2","TCP","1514","8004  >  35886 [ACK] Seq=368710 Ack=144 Win=65024 Len=1448 TSval=2916035499 TSecr=3045555273 [TCP segment of a reassembled PDU]"
"22669","31.419233934","192.168.1.55","192.168.1.2","TCP","1514","8004  >  35886 [ACK] Seq=370158 Ack=144 Win=65024 Len=1448 TSval=2916035499 TSecr=3045555273 [TCP segment of a reassembled PDU]"
"22670","31.419235656","192.168.1.55","192.168.1.2","TCP","1514","8004  >  35886 [ACK] Seq=371606 Ack=144 Win=65024 Len=1448 TSval=2916035499 TSecr=3045555273 [TCP segment of a reassembled PDU]"
"22671","31.419236952","192.168.1.55","192.168.1.2","TCP","1514","8004  >  35886 [ACK] Seq=373054 Ack=144 Win=65024 Len=1448 TSval=2916035499 TSecr=3045555273 [TCP segment of a reassembled PDU]"
"22672","31.419238508","192.168.1.55","192.168.1.2","TCP","1514","8004  >  35886 [ACK] Seq=374502 Ack=144 Win=65024 Len=1448 TSval=2916035499 TSecr=3045555273 [TCP segment of a reassembled PDU]"
"22673","31.419239915","192.168.1.55","192.168.1.2","TCP","1514","8004  >  35886 [ACK] Seq=375950 Ack=144 Win=65024 Len=1448 TSval=2916035499 TSecr=3045555273 [TCP segment of a reassembled PDU]"
"22674","31.419241211","192.168.1.55","192.168.1.2","TCP","1514","8004  >  35886 [ACK] Seq=377398 Ack=144 Win=65024 Len=1448 TSval=2916035499 TSecr=3045555273 [TCP segment of a reassembled PDU]"
"22675","31.419242600","192.168.1.55","192.168.1.2","TCP","1514","8004  >  35886 [ACK] Seq=378846 Ack=144 Win=65024 Len=1448 TSval=2916035499 TSecr=3045555273 [TCP segment of a reassembled PDU]"
"22676","31.419244378","192.168.1.55","192.168.1.2","TCP","1514","8004  >  35886 [ACK] Seq=380294 Ack=144 Win=65024 Len=1448 TSval=2916035499 TSecr=3045555273 [TCP segment of a reassembled PDU]"
"22677","31.419245804","192.168.1.55","192.168.1.2","TCP","1514","8004  >  35886 [ACK] Seq=381742 Ack=144 Win=65024 Len=1448 TSval=2916035499 TSecr=3045555273 [TCP segment of a reassembled PDU]"
"22678","31.419247137","192.168.1.55","192.168.1.2","TCP","1514","8004  >  35886 [PSH, ACK] Seq=383190 Ack=144 Win=65024 Len=1448 TSval=2916035499 TSecr=3045555273 [TCP segment of a reassembled PDU]"
"22679","31.419252119","192.168.1.55","192.168.1.2","TCP","786","8004  >  35886 [PSH, ACK] Seq=384638 Ack=144 Win=65024 Len=720 TSval=2916035499 TSecr=3045555273 [TCP segment of a reassembled PDU]"
"22680","31.419269860","192.168.1.55","192.168.1.2","TCP","1514","8004  >  35886 [ACK] Seq=385358 Ack=144 Win=65024 Len=1448 TSval=2916035499 TSecr=3045555273 [TCP segment of a reassembled PDU]"
"22681","31.419271397","192.168.1.55","192.168.1.2","TCP","1514","8004  >  35886 [ACK] Seq=386806 Ack=144 Win=65024 Len=1448 TSval=2916035499 TSecr=3045555273 [TCP segment of a reassembled PDU]"
"22682","31.419272693","192.168.1.55","192.168.1.2","TCP","1514","8004  >  35886 [ACK] Seq=388254 Ack=144 Win=65024 Len=1448 TSval=2916035499 TSecr=3045555273 [TCP segment of a reassembled PDU]"
"22683","31.419274174","192.168.1.55","192.168.1.2","TCP","1514","8004  >  35886 [ACK] Seq=389702 Ack=144 Win=65024 Len=1448 TSval=2916035499 TSecr=3045555273 [TCP segment of a reassembled PDU]"
"22684","31.419275637","192.168.1.55","192.168.1.2","TCP","1514","8004  >  35886 [ACK] Seq=391150 Ack=144 Win=65024 Len=1448 TSval=2916035499 TSecr=3045555273 [TCP segment of a reassembled PDU]"
"22685","31.419276934","192.168.1.55","192.168.1.2","TCP","1514","8004  >  35886 [ACK] Seq=392598 Ack=144 Win=65024 Len=1448 TSval=2916035499 TSecr=3045555273 [TCP segment of a reassembled PDU]"
"22686","31.419278249","192.168.1.55","192.168.1.2","TCP","1514","8004  >  35886 [ACK] Seq=394046 Ack=144 Win=65024 Len=1448 TSval=2916035499 TSecr=3045555273 [TCP segment of a reassembled PDU]"
"22687","31.419279656","192.168.1.55","192.168.1.2","TCP","1514","8004  >  35886 [ACK] Seq=395494 Ack=144 Win=65024 Len=1448 TSval=2916035499 TSecr=3045555273 [TCP segment of a reassembled PDU]"
"22688","31.419281082","192.168.1.55","192.168.1.2","TCP","1514","8004  >  35886 [ACK] Seq=396942 Ack=144 Win=65024 Len=1448 TSval=2916035499 TSecr=3045555273 [TCP segment of a reassembled PDU]"
"22689","31.419282545","192.168.1.55","192.168.1.2","TCP","1514","8004  >  35886 [ACK] Seq=398390 Ack=144 Win=65024 Len=1448 TSval=2916035499 TSecr=3045555273 [TCP segment of a reassembled PDU]"
"22690","31.419283860","192.168.1.55","192.168.1.2","TCP","1514","8004  >  35886 [PSH, ACK] Seq=399838 Ack=144 Win=65024 Len=1448 TSval=2916035499 TSecr=3045555273 [TCP segment of a reassembled PDU]"
"22691","31.419287952","192.168.1.2","192.168.1.55","TCP","66","35886  >  8004 [ACK] Seq=144 Ack=281102 Win=128000 Len=0 TSval=3045555273 TSecr=2916035496"
"22692","31.419300582","192.168.1.2","192.168.1.55","TCP","66","35886  >  8004 [ACK] Seq=144 Ack=288342 Win=124928 Len=0 TSval=3045555274 TSecr=2916035496"
"22693","31.425793685","192.168.1.2","192.168.1.55","TCP","66","35886  >  8004 [ACK] Seq=144 Ack=295582 Win=129024 Len=0 TSval=3045555275 TSecr=2916035496"
"22694","31.425818629","192.168.1.55","192.168.1.2","TCP","1514","8004  >  35886 [ACK] Seq=401286 Ack=144 Win=65024 Len=1448 TSval=2916035506 TSecr=3045555275 [TCP segment of a reassembled PDU]"
"22695","31.425821333","192.168.1.55","192.168.1.2","TCP","1514","8004  >  35886 [ACK] Seq=402734 Ack=144 Win=65024 Len=1448 TSval=2916035506 TSecr=3045555275 [TCP segment of a reassembled PDU]"
"22696","31.425822907","192.168.1.55","192.168.1.2","TCP","1514","8004  >  35886 [ACK] Seq=404182 Ack=144 Win=65024 Len=1448 TSval=2916035506 TSecr=3045555275 [TCP segment of a reassembled PDU]"
"22697","31.425824722","192.168.1.55","192.168.1.2","TCP","1514","8004  >  35886 [ACK] Seq=405630 Ack=144 Win=65024 Len=1448 TSval=2916035506 TSecr=3045555275 [TCP segment of a reassembled PDU]"
"22698","31.425826185","192.168.1.55","192.168.1.2","TCP","1514","8004  >  35886 [ACK] Seq=407078 Ack=144 Win=65024 Len=1448 TSval=2916035506 TSecr=3045555275 [TCP segment of a reassembled PDU]"
"22699","31.425827574","192.168.1.55","192.168.1.2","TCP","1514","8004  >  35886 [ACK] Seq=408526 Ack=144 Win=65024 Len=1448 TSval=2916035506 TSecr=3045555275 [TCP segment of a reassembled PDU]"
"22700","31.425828907","192.168.1.55","192.168.1.2","TCP","1514","8004  >  35886 [ACK] Seq=409974 Ack=144 Win=65024 Len=1448 TSval=2916035506 TSecr=3045555275 [TCP segment of a reassembled PDU]"
"22701","31.425830314","192.168.1.55","192.168.1.2","TCP","1514","8004  >  35886 [ACK] Seq=411422 Ack=144 Win=65024 Len=1448 TSval=2916035506 TSecr=3045555275 [TCP segment of a reassembled PDU]"
"22702","31.425831926","192.168.1.55","192.168.1.2","TCP","1514","8004  >  35886 [ACK] Seq=412870 Ack=144 Win=65024 Len=1448 TSval=2916035506 TSecr=3045555275 [TCP segment of a reassembled PDU]"
"22703","31.425833463","192.168.1.55","192.168.1.2","TCP","1514","8004  >  35886 [ACK] Seq=414318 Ack=144 Win=65024 Len=1448 TSval=2916035506 TSecr=3045555275 [TCP segment of a reassembled PDU]"
"22704","31.425834759","192.168.1.55","192.168.1.2","TCP","1514","8004  >  35886 [ACK] Seq=415766 Ack=144 Win=65024 Len=1448 TSval=2916035506 TSecr=3045555275 [TCP segment of a reassembled PDU]"
"22705","31.425836055","192.168.1.55","192.168.1.2","TCP","1514","8004  >  35886 [ACK] Seq=417214 Ack=144 Win=65024 Len=1448 TSval=2916035506 TSecr=3045555275 [TCP segment of a reassembled PDU]"
"22706","31.425837444","192.168.1.55","192.168.1.2","TCP","1514","8004  >  35886 [ACK] Seq=418662 Ack=144 Win=65024 Len=1448 TSval=2916035506 TSecr=3045555275 [TCP segment of a reassembled PDU]"
"22707","31.425838833","192.168.1.55","192.168.1.2","TCP","1514","8004  >  35886 [ACK] Seq=420110 Ack=144 Win=65024 Len=1448 TSval=2916035506 TSecr=3045555275 [TCP segment of a reassembled PDU]"
"22708","31.425840111","192.168.1.55","192.168.1.2","TCP","1514","8004  >  35886 [ACK] Seq=421558 Ack=144 Win=65024 Len=1448 TSval=2916035506 TSecr=3045555275 [TCP segment of a reassembled PDU]"
"22709","31.425841463","192.168.1.55","192.168.1.2","TCP","1514","8004  >  35886 [PSH, ACK] Seq=423006 Ack=144 Win=65024 Len=1448 TSval=2916035506 TSecr=3045555275 [TCP segment of a reassembled PDU]"
"22710","31.426542779","192.168.1.2","192.168.1.55","TCP","66","35886  >  8004 [ACK] Seq=144 Ack=297030 Win=132096 Len=0 TSval=3045555280 TSecr=2916035499"
"22711","31.426549482","192.168.1.2","192.168.1.55","TCP","66","35886  >  8004 [ACK] Seq=144 Ack=308614 Win=154624 Len=0 TSval=3045555281 TSecr=2916035499"
"22712","31.426558538","192.168.1.55","192.168.1.2","TCP","1514","8004  >  35886 [ACK] Seq=424454 Ack=144 Win=65024 Len=1448 TSval=2916035507 TSecr=3045555281 [TCP segment of a reassembled PDU]"
"22713","31.426560334","192.168.1.55","192.168.1.2","TCP","1514","8004  >  35886 [ACK] Seq=425902 Ack=144 Win=65024 Len=1448 TSval=2916035507 TSecr=3045555281 [TCP segment of a reassembled PDU]"
"22714","31.426561723","192.168.1.55","192.168.1.2","TCP","1514","8004  >  35886 [ACK] Seq=427350 Ack=144 Win=65024 Len=1448 TSval=2916035507 TSecr=3045555281 [TCP segment of a reassembled PDU]"
"22715","31.426563038","192.168.1.55","192.168.1.2","TCP","1514","8004  >  35886 [PSH, ACK] Seq=428798 Ack=144 Win=65024 Len=1448 TSval=2916035507 TSecr=3045555281 [TCP segment of a reassembled PDU]"
"22716","31.426567316","192.168.1.2","192.168.1.55","TCP","66","35886  >  8004 [ACK] Seq=144 Ack=340470 Win=193536 Len=0 TSval=3045555281 TSecr=2916035499"
"22717","31.426604075","192.168.1.55","192.168.1.2","TCP","1514","8004  >  35886 [ACK] Seq=430246 Ack=144 Win=65024 Len=1448 TSval=2916035507 TSecr=3045555281 [TCP segment of a reassembled PDU]"
"22718","31.426605945","192.168.1.55","192.168.1.2","TCP","1514","8004  >  35886 [ACK] Seq=431694 Ack=144 Win=65024 Len=1448 TSval=2916035507 TSecr=3045555281 [TCP segment of a reassembled PDU]"
"22719","31.426607427","192.168.1.55","192.168.1.2","TCP","1514","8004  >  35886 [ACK] Seq=433142 Ack=144 Win=65024 Len=1448 TSval=2916035507 TSecr=3045555281 [TCP segment of a reassembled PDU]"
"22720","31.426608742","192.168.1.55","192.168.1.2","TCP","1514","8004  >  35886 [ACK] Seq=434590 Ack=144 Win=65024 Len=1448 TSval=2916035507 TSecr=3045555281 [TCP segment of a reassembled PDU]"
"22721","31.426610056","192.168.1.55","192.168.1.2","TCP","1514","8004  >  35886 [ACK] Seq=436038 Ack=144 Win=65024 Len=1448 TSval=2916035507 TSecr=3045555281 [TCP segment of a reassembled PDU]"
"22722","31.426611334","192.168.1.55","192.168.1.2","TCP","1514","8004  >  35886 [ACK] Seq=437486 Ack=144 Win=65024 Len=1448 TSval=2916035507 TSecr=3045555281 [TCP segment of a reassembled PDU]"
"22723","31.426612630","192.168.1.55","192.168.1.2","TCP","1514","8004  >  35886 [ACK] Seq=438934 Ack=144 Win=65024 Len=1448 TSval=2916035507 TSecr=3045555281 [TCP segment of a reassembled PDU]"
"22724","31.426614056","192.168.1.55","192.168.1.2","TCP","1514","8004  >  35886 [ACK] Seq=440382 Ack=144 Win=65024 Len=1448 TSval=2916035507 TSecr=3045555281 [TCP segment of a reassembled PDU]"
"22725","31.426615445","192.168.1.55","192.168.1.2","TCP","1514","8004  >  35886 [ACK] Seq=441830 Ack=144 Win=65024 Len=1448 TSval=2916035507 TSecr=3045555281 [TCP segment of a reassembled PDU]"
"22726","31.426616797","192.168.1.55","192.168.1.2","TCP","1514","8004  >  35886 [ACK] Seq=443278 Ack=144 Win=65024 Len=1448 TSval=2916035507 TSecr=3045555281 [TCP segment of a reassembled PDU]"
"22727","31.426618334","192.168.1.55","192.168.1.2","TCP","1514","8004  >  35886 [ACK] Seq=444726 Ack=144 Win=65024 Len=1448 TSval=2916035507 TSecr=3045555281 [TCP segment of a reassembled PDU]"
"22728","31.426619686","192.168.1.55","192.168.1.2","TCP","1514","8004  >  35886 [ACK] Seq=446174 Ack=144 Win=65024 Len=1448 TSval=2916035507 TSecr=3045555281 [TCP segment of a reassembled PDU]"
"22729","31.426621149","192.168.1.55","192.168.1.2","TCP","1514","8004  >  35886 [ACK] Seq=447622 Ack=144 Win=65024 Len=1448 TSval=2916035507 TSecr=3045555281 [TCP segment of a reassembled PDU]"
"22730","31.426622445","192.168.1.55","192.168.1.2","TCP","1514","8004  >  35886 [ACK] Seq=449070 Ack=144 Win=65024 Len=1448 TSval=2916035507 TSecr=3045555281 [TCP segment of a reassembled PDU]"
"22731","31.426624019","192.168.1.55","192.168.1.2","TCP","1514","8004  >  35886 [ACK] Seq=450518 Ack=144 Win=65024 Len=1448 TSval=2916035507 TSecr=3045555281 [TCP segment of a reassembled PDU]"
"22732","31.426625464","192.168.1.55","192.168.1.2","TCP","1514","8004  >  35886 [ACK] Seq=451966 Ack=144 Win=65024 Len=1448 TSval=2916035507 TSecr=3045555281 [TCP segment of a reassembled PDU]"
"22733","31.426626760","192.168.1.55","192.168.1.2","TCP","1514","8004  >  35886 [ACK] Seq=453414 Ack=144 Win=65024 Len=1448 TSval=2916035507 TSecr=3045555281 [TCP segment of a reassembled PDU]"
"22734","31.426628168","192.168.1.55","192.168.1.2","TCP","1514","8004  >  35886 [ACK] Seq=454862 Ack=144 Win=65024 Len=1448 TSval=2916035507 TSecr=3045555281 [TCP segment of a reassembled PDU]"
"22735","31.426629649","192.168.1.55","192.168.1.2","TCP","1514","8004  >  35886 [ACK] Seq=456310 Ack=144 Win=65024 Len=1448 TSval=2916035507 TSecr=3045555281 [TCP segment of a reassembled PDU]"
"22736","31.426631001","192.168.1.55","192.168.1.2","TCP","1514","8004  >  35886 [ACK] Seq=457758 Ack=144 Win=65024 Len=1448 TSval=2916035507 TSecr=3045555281 [TCP segment of a reassembled PDU]"
"22737","31.426632705","192.168.1.55","192.168.1.2","TCP","1514","8004  >  35886 [ACK] Seq=459206 Ack=144 Win=65024 Len=1448 TSval=2916035507 TSecr=3045555281 [TCP segment of a reassembled PDU]"
"22738","31.426634019","192.168.1.55","192.168.1.2","TCP","1514","8004  >  35886 [ACK] Seq=460654 Ack=144 Win=65024 Len=1448 TSval=2916035507 TSecr=3045555281 [TCP segment of a reassembled PDU]"
"22739","31.426635316","192.168.1.55","192.168.1.2","TCP","1514","8004  >  35886 [ACK] Seq=462102 Ack=144 Win=65024 Len=1448 TSval=2916035507 TSecr=3045555281 [TCP segment of a reassembled PDU]"
"22740","31.426640797","192.168.1.55","192.168.1.2","TCP","1514","8004  >  35886 [ACK] Seq=463550 Ack=144 Win=65024 Len=1448 TSval=2916035507 TSecr=3045555281 [TCP segment of a reassembled PDU]"
"22741","31.426642501","192.168.1.55","192.168.1.2","TCP","1514","8004  >  35886 [ACK] Seq=464998 Ack=144 Win=65024 Len=1448 TSval=2916035507 TSecr=3045555281 [TCP segment of a reassembled PDU]"
"22742","31.426643945","192.168.1.55","192.168.1.2","TCP","1514","8004  >  35886 [ACK] Seq=466446 Ack=144 Win=65024 Len=1448 TSval=2916035507 TSecr=3045555281 [TCP segment of a reassembled PDU]"
"22743","31.426645260","192.168.1.55","192.168.1.2","TCP","1514","8004  >  35886 [ACK] Seq=467894 Ack=144 Win=65024 Len=1448 TSval=2916035507 TSecr=3045555281 [TCP segment of a reassembled PDU]"
"22744","31.426646556","192.168.1.55","192.168.1.2","TCP","1514","8004  >  35886 [ACK] Seq=469342 Ack=144 Win=65024 Len=1448 TSval=2916035507 TSecr=3045555281 [TCP segment of a reassembled PDU]"
"22745","31.426648131","192.168.1.55","192.168.1.2","TCP","1514","8004  >  35886 [ACK] Seq=470790 Ack=144 Win=65024 Len=1448 TSval=2916035507 TSecr=3045555281 [TCP segment of a reassembled PDU]"
"22746","31.426649445","192.168.1.55","192.168.1.2","TCP","1514","8004  >  35886 [ACK] Seq=472238 Ack=144 Win=65024 Len=1448 TSval=2916035507 TSecr=3045555281 [TCP segment of a reassembled PDU]"
"22747","31.426650816","192.168.1.55","192.168.1.2","TCP","1514","8004  >  35886 [PSH, ACK] Seq=473686 Ack=144 Win=65024 Len=1448 TSval=2916035507 TSecr=3045555281 [TCP segment of a reassembled PDU]"
"22748","31.426672668","192.168.1.55","192.168.1.2","TCP","1514","8004  >  35886 [ACK] Seq=475134 Ack=144 Win=65024 Len=1448 TSval=2916035507 TSecr=3045555281 [TCP segment of a reassembled PDU]"
"22749","31.426674260","192.168.1.55","192.168.1.2","TCP","1514","8004  >  35886 [ACK] Seq=476582 Ack=144 Win=65024 Len=1448 TSval=2916035507 TSecr=3045555281 [TCP segment of a reassembled PDU]"
"22750","31.426675668","192.168.1.55","192.168.1.2","TCP","1514","8004  >  35886 [ACK] Seq=478030 Ack=144 Win=65024 Len=1448 TSval=2916035507 TSecr=3045555281 [TCP segment of a reassembled PDU]"
"22751","31.426676964","192.168.1.55","192.168.1.2","TCP","1514","8004  >  35886 [ACK] Seq=479478 Ack=144 Win=65024 Len=1448 TSval=2916035507 TSecr=3045555281 [TCP segment of a reassembled PDU]"
"22752","31.426678464","192.168.1.55","192.168.1.2","TCP","1514","8004  >  35886 [ACK] Seq=480926 Ack=144 Win=65024 Len=1448 TSval=2916035507 TSecr=3045555281 [TCP segment of a reassembled PDU]"
"22753","31.426679723","192.168.1.55","192.168.1.2","TCP","1514","8004  >  35886 [ACK] Seq=482374 Ack=144 Win=65024 Len=1448 TSval=2916035507 TSecr=3045555281 [TCP segment of a reassembled PDU]"
"22754","31.426681186","192.168.1.55","192.168.1.2","TCP","1514","8004  >  35886 [ACK] Seq=483822 Ack=144 Win=65024 Len=1448 TSval=2916035507 TSecr=3045555281 [TCP segment of a reassembled PDU]"
"22755","31.426682519","192.168.1.55","192.168.1.2","TCP","1514","8004  >  35886 [ACK] Seq=485270 Ack=144 Win=65024 Len=1448 TSval=2916035507 TSecr=3045555281 [TCP segment of a reassembled PDU]"
"22756","31.426684186","192.168.1.55","192.168.1.2","TCP","1514","8004  >  35886 [ACK] Seq=486718 Ack=144 Win=65024 Len=1448 TSval=2916035507 TSecr=3045555281 [TCP segment of a reassembled PDU]"
"22757","31.426685557","192.168.1.55","192.168.1.2","TCP","1514","8004  >  35886 [ACK] Seq=488166 Ack=144 Win=65024 Len=1448 TSval=2916035507 TSecr=3045555281 [TCP segment of a reassembled PDU]"
"22758","31.426686927","192.168.1.55","192.168.1.2","TCP","1514","8004  >  35886 [ACK] Seq=489614 Ack=144 Win=65024 Len=1448 TSval=2916035507 TSecr=3045555281 [TCP segment of a reassembled PDU]"
"22759","31.426688297","192.168.1.55","192.168.1.2","TCP","1514","8004  >  35886 [ACK] Seq=491062 Ack=144 Win=65024 Len=1448 TSval=2916035507 TSecr=3045555281 [TCP segment of a reassembled PDU]"
"22760","31.426689686","192.168.1.55","192.168.1.2","TCP","1514","8004  >  35886 [ACK] Seq=492510 Ack=144 Win=65024 Len=1448 TSval=2916035507 TSecr=3045555281 [TCP segment of a reassembled PDU]"
"22761","31.426691038","192.168.1.55","192.168.1.2","TCP","1514","8004  >  35886 [ACK] Seq=493958 Ack=144 Win=65024 Len=1448 TSval=2916035507 TSecr=3045555281 [TCP segment of a reassembled PDU]"
"22762","31.426692316","192.168.1.55","192.168.1.2","TCP","1514","8004  >  35886 [ACK] Seq=495406 Ack=144 Win=65024 Len=1448 TSval=2916035507 TSecr=3045555281 [TCP segment of a reassembled PDU]"
"22763","31.426693631","192.168.1.55","192.168.1.2","TCP","1514","8004  >  35886 [PSH, ACK] Seq=496854 Ack=144 Win=65024 Len=1448 TSval=2916035507 TSecr=3045555281 [TCP segment of a reassembled PDU]"
"22764","31.426698760","192.168.1.55","192.168.1.2","HTTP","222","HTTP/1.0 200 OK  (PNG)"
"22765","31.426702538","192.168.1.2","192.168.1.55","TCP","66","35886  >  8004 [ACK] Seq=144 Ack=342646 Win=191488 Len=0 TSval=3045555281 TSecr=2916035499"
"22766","31.426766742","192.168.1.2","192.168.1.55","TCP","66","35886  >  8004 [ACK] Seq=144 Ack=346990 Win=193536 Len=0 TSval=3045555281 TSecr=2916035499"
"22767","31.426774223","192.168.1.2","192.168.1.55","TCP","66","35886  >  8004 [ACK] Seq=144 Ack=384638 Win=180224 Len=0 TSval=3045555281 TSecr=2916035499"
"22768","31.426780260","192.168.1.2","192.168.1.55","TCP","66","35886  >  8004 [ACK] Seq=144 Ack=391150 Win=180224 Len=0 TSval=3045555281 TSecr=2916035499"
"22769","31.428752004","192.168.1.2","192.168.1.55","TCP","66","35886  >  8004 [ACK] Seq=144 Ack=401286 Win=211968 Len=0 TSval=3045555284 TSecr=2916035499"
"22770","31.428871560","192.168.1.2","192.168.1.55","TCP","66","35886  >  8004 [ACK] Seq=144 Ack=418662 Win=201728 Len=0 TSval=3045555284 TSecr=2916035506"
"22771","31.428877838","192.168.1.2","192.168.1.55","TCP","66","35886  >  8004 [ACK] Seq=144 Ack=424454 Win=201728 Len=0 TSval=3045555284 TSecr=2916035506"
"22772","31.435110551","192.168.1.2","192.168.1.55","TCP","66","35886  >  8004 [ACK] Seq=144 Ack=430246 Win=216064 Len=0 TSval=3045555288 TSecr=2916035507"
"22773","31.435275163","192.168.1.2","192.168.1.55","TCP","66","35886  >  8004 [ACK] Seq=144 Ack=492510 Win=193536 Len=0 TSval=3045555289 TSecr=2916035507"
"22774","31.435284033","192.168.1.2","192.168.1.55","TCP","66","35886  >  8004 [ACK] Seq=144 Ack=496854 Win=225280 Len=0 TSval=3045555289 TSecr=2916035507"
"22775","31.435288533","192.168.1.2","192.168.1.55","TCP","66","35886  >  8004 [ACK] Seq=144 Ack=498302 Win=228352 Len=0 TSval=3045555290 TSecr=2916035507"
"22776","31.436110534","192.168.1.2","192.168.1.55","TCP","66","35886  >  8004 [FIN, ACK] Seq=144 Ack=498459 Win=230400 Len=0 TSval=3045555291 TSecr=2916035507"
"22777","31.436123312","192.168.1.55","192.168.1.2","TCP","66","8004  >  35886 [ACK] Seq=498459 Ack=145 Win=65024 Len=0 TSval=2916035516 TSecr=3045555291"
"22778","31.436235016","192.168.1.2","192.168.1.55","TCP","74","35900  >  8004 [SYN] Seq=0 Win=64240 Len=0 MSS=1460 SACK_PERM TSval=3045555291 TSecr=0 WS=1024"
"22779","31.436259331","192.168.1.55","192.168.1.2","TCP","74","8004  >  35900 [SYN, ACK] Seq=0 Ack=1 Win=65160 Len=0 MSS=1460 SACK_PERM TSval=2916035516 TSecr=3045555291 WS=128"
"22780","31.439829522","192.168.1.2","192.168.1.55","TCP","66","35900  >  8004 [ACK] Seq=1 Ack=1 Win=64512 Len=0 TSval=3045555294 TSecr=2916035516"
"22781","31.443052008","192.168.1.2","192.168.1.55","HTTP","206","GET /stego_benchmark.png HTTP/1.1 "
"22782","31.443063768","192.168.1.55","192.168.1.2","TCP","66","8004  >  35900 [ACK] Seq=1 Ack=141 Win=65024 Len=0 TSval=2916035523 TSecr=3045555295"
"22783","31.443546805","192.168.1.55","192.168.1.2","TCP","255","8004  >  35900 [PSH, ACK] Seq=1 Ack=141 Win=65024 Len=189 TSval=2916035524 TSecr=3045555295 [TCP segment of a reassembled PDU]"
"22784","31.443629694","192.168.1.55","192.168.1.2","TCP","1514","8004  >  35900 [ACK] Seq=190 Ack=141 Win=65024 Len=1448 TSval=2916035524 TSecr=3045555295 [TCP segment of a reassembled PDU]"
"22785","31.443633565","192.168.1.55","192.168.1.2","TCP","1514","8004  >  35900 [ACK] Seq=1638 Ack=141 Win=65024 Len=1448 TSval=2916035524 TSecr=3045555295 [TCP segment of a reassembled PDU]"
"22786","31.443634991","192.168.1.55","192.168.1.2","TCP","1514","8004  >  35900 [ACK] Seq=3086 Ack=141 Win=65024 Len=1448 TSval=2916035524 TSecr=3045555295 [TCP segment of a reassembled PDU]"
"22787","31.443636361","192.168.1.55","192.168.1.2","TCP","1514","8004  >  35900 [ACK] Seq=4534 Ack=141 Win=65024 Len=1448 TSval=2916035524 TSecr=3045555295 [TCP segment of a reassembled PDU]"
"22788","31.443638305","192.168.1.55","192.168.1.2","TCP","1514","8004  >  35900 [PSH, ACK] Seq=5982 Ack=141 Win=65024 Len=1448 TSval=2916035524 TSecr=3045555295 [TCP segment of a reassembled PDU]"
"22789","31.443656380","192.168.1.55","192.168.1.2","TCP","1514","8004  >  35900 [ACK] Seq=7430 Ack=141 Win=65024 Len=1448 TSval=2916035524 TSecr=3045555295 [TCP segment of a reassembled PDU]"
"22790","31.443657954","192.168.1.55","192.168.1.2","TCP","1514","8004  >  35900 [ACK] Seq=8878 Ack=141 Win=65024 Len=1448 TSval=2916035524 TSecr=3045555295 [TCP segment of a reassembled PDU]"
"22791","31.443659343","192.168.1.55","192.168.1.2","TCP","1514","8004  >  35900 [ACK] Seq=10326 Ack=141 Win=65024 Len=1448 TSval=2916035524 TSecr=3045555295 [TCP segment of a reassembled PDU]"
"22792","31.443660620","192.168.1.55","192.168.1.2","TCP","1514","8004  >  35900 [PSH, ACK] Seq=11774 Ack=141 Win=65024 Len=1448 TSval=2916035524 TSecr=3045555295 [TCP segment of a reassembled PDU]"
"22793","31.447514775","192.168.1.2","192.168.1.55","TCP","66","35900  >  8004 [ACK] Seq=141 Ack=190 Win=64512 Len=0 TSval=3045555301 TSecr=2916035524"
"22794","31.447631478","192.168.1.55","192.168.1.2","TCP","1514","8004  >  35900 [ACK] Seq=13222 Ack=141 Win=65024 Len=1448 TSval=2916035528 TSecr=3045555301 [TCP segment of a reassembled PDU]"
"22795","31.447642608","192.168.1.55","192.168.1.2","TCP","1514","8004  >  35900 [PSH, ACK] Seq=14670 Ack=141 Win=65024 Len=1448 TSval=2916035528 TSecr=3045555301 [TCP segment of a reassembled PDU]"
"22796","31.447799534","192.168.1.2","192.168.1.55","TCP","66","35900  >  8004 [ACK] Seq=141 Ack=5982 Win=76800 Len=0 TSval=3045555302 TSecr=2916035524"
"22797","31.447880849","192.168.1.55","192.168.1.2","TCP","1514","8004  >  35900 [ACK] Seq=16118 Ack=141 Win=65024 Len=1448 TSval=2916035528 TSecr=3045555302 [TCP segment of a reassembled PDU]"
"22798","31.447885942","192.168.1.55","192.168.1.2","TCP","1514","8004  >  35900 [ACK] Seq=17566 Ack=141 Win=65024 Len=1448 TSval=2916035528 TSecr=3045555302 [TCP segment of a reassembled PDU]"
"22799","31.447888868","192.168.1.55","192.168.1.2","TCP","1514","8004  >  35900 [ACK] Seq=19014 Ack=141 Win=65024 Len=1448 TSval=2916035528 TSecr=3045555302 [TCP segment of a reassembled PDU]"
"22800","31.447894183","192.168.1.55","192.168.1.2","TCP","1514","8004  >  35900 [ACK] Seq=20462 Ack=141 Win=65024 Len=1448 TSval=2916035528 TSecr=3045555302 [TCP segment of a reassembled PDU]"
"22801","31.447897201","192.168.1.55","192.168.1.2","TCP","1514","8004  >  35900 [ACK] Seq=21910 Ack=141 Win=65024 Len=1448 TSval=2916035528 TSecr=3045555302 [TCP segment of a reassembled PDU]"
"22802","31.447900090","192.168.1.55","192.168.1.2","TCP","1514","8004  >  35900 [ACK] Seq=23358 Ack=141 Win=65024 Len=1448 TSval=2916035528 TSecr=3045555302 [TCP segment of a reassembled PDU]"
"22803","31.447901868","192.168.1.55","192.168.1.2","TCP","1514","8004  >  35900 [PSH, ACK] Seq=24806 Ack=141 Win=65024 Len=1448 TSval=2916035528 TSecr=3045555302 [TCP segment of a reassembled PDU]"
"22804","31.447912516","192.168.1.2","192.168.1.55","TCP","66","35900  >  8004 [ACK] Seq=141 Ack=7430 Win=79872 Len=0 TSval=3045555302 TSecr=2916035524"
"22805","31.447925849","192.168.1.2","192.168.1.55","TCP","66","35900  >  8004 [ACK] Seq=141 Ack=13222 Win=80896 Len=0 TSval=3045555302 TSecr=2916035524"
"22806","31.448000442","192.168.1.55","192.168.1.2","TCP","1514","8004  >  35900 [ACK] Seq=26254 Ack=141 Win=65024 Len=1448 TSval=2916035528 TSecr=3045555302 [TCP segment of a reassembled PDU]"
"22807","31.448008238","192.168.1.55","192.168.1.2","TCP","1514","8004  >  35900 [ACK] Seq=27702 Ack=141 Win=65024 Len=1448 TSval=2916035528 TSecr=3045555302 [TCP segment of a reassembled PDU]"
"22808","31.448010664","192.168.1.55","192.168.1.2","TCP","1514","8004  >  35900 [ACK] Seq=29150 Ack=141 Win=65024 Len=1448 TSval=2916035528 TSecr=3045555302 [TCP segment of a reassembled PDU]"
"22809","31.448012609","192.168.1.55","192.168.1.2","TCP","1514","8004  >  35900 [ACK] Seq=30598 Ack=141 Win=65024 Len=1448 TSval=2916035528 TSecr=3045555302 [TCP segment of a reassembled PDU]"
"22810","31.448014831","192.168.1.55","192.168.1.2","TCP","1514","8004  >  35900 [ACK] Seq=32046 Ack=141 Win=65024 Len=1448 TSval=2916035528 TSecr=3045555302 [TCP segment of a reassembled PDU]"
"22811","31.448017979","192.168.1.55","192.168.1.2","TCP","1514","8004  >  35900 [ACK] Seq=33494 Ack=141 Win=65024 Len=1448 TSval=2916035528 TSecr=3045555302 [TCP segment of a reassembled PDU]"
"22812","31.448020146","192.168.1.55","192.168.1.2","TCP","1514","8004  >  35900 [ACK] Seq=34942 Ack=141 Win=65024 Len=1448 TSval=2916035528 TSecr=3045555302 [TCP segment of a reassembled PDU]"
"22813","31.448022275","192.168.1.55","192.168.1.2","TCP","1514","8004  >  35900 [ACK] Seq=36390 Ack=141 Win=65024 Len=1448 TSval=2916035528 TSecr=3045555302 [TCP segment of a reassembled PDU]"
"22814","31.448025090","192.168.1.55","192.168.1.2","TCP","1514","8004  >  35900 [ACK] Seq=37838 Ack=141 Win=65024 Len=1448 TSval=2916035528 TSecr=3045555302 [TCP segment of a reassembled PDU]"
"22815","31.448027794","192.168.1.55","192.168.1.2","TCP","1514","8004  >  35900 [PSH, ACK] Seq=39286 Ack=141 Win=65024 Len=1448 TSval=2916035528 TSecr=3045555302 [TCP segment of a reassembled PDU]"
"22816","31.448925166","192.168.1.55","192.168.1.2","TCP","1514","8004  >  35900 [ACK] Seq=40734 Ack=141 Win=65024 Len=1448 TSval=2916035529 TSecr=3045555302 [TCP segment of a reassembled PDU]"
"22817","31.452576134","192.168.1.2","192.168.1.55","TCP","66","35900  >  8004 [ACK] Seq=141 Ack=16118 Win=87040 Len=0 TSval=3045555307 TSecr=2916035528"
"22818","31.452622690","192.168.1.55","192.168.1.2","TCP","1514","8004  >  35900 [ACK] Seq=42182 Ack=141 Win=65024 Len=1448 TSval=2916035533 TSecr=3045555307 [TCP segment of a reassembled PDU]"
"22819","31.452626505","192.168.1.55","192.168.1.2","TCP","1514","8004  >  35900 [PSH, ACK] Seq=43630 Ack=141 Win=65024 Len=1448 TSval=2916035533 TSecr=3045555307 [TCP segment of a reassembled PDU]"
"22820","31.452688468","192.168.1.2","192.168.1.55","TCP","66","35900  >  8004 [ACK] Seq=141 Ack=26254 Win=86016 Len=0 TSval=3045555307 TSecr=2916035528"
"22821","31.452715468","192.168.1.55","192.168.1.2","TCP","1514","8004  >  35900 [ACK] Seq=45078 Ack=141 Win=65024 Len=1448 TSval=2916035533 TSecr=3045555307 [TCP segment of a reassembled PDU]"
"22822","31.452718431","192.168.1.55","192.168.1.2","TCP","1514","8004  >  35900 [ACK] Seq=46526 Ack=141 Win=65024 Len=1448 TSval=2916035533 TSecr=3045555307 [TCP segment of a reassembled PDU]"
"22823","31.452720172","192.168.1.55","192.168.1.2","TCP","1514","8004  >  35900 [ACK] Seq=47974 Ack=141 Win=65024 Len=1448 TSval=2916035533 TSecr=3045555307 [TCP segment of a reassembled PDU]"
"22824","31.452721653","192.168.1.55","192.168.1.2","TCP","1514","8004  >  35900 [ACK] Seq=49422 Ack=141 Win=65024 Len=1448 TSval=2916035533 TSecr=3045555307 [TCP segment of a reassembled PDU]"
"22825","31.452723227","192.168.1.55","192.168.1.2","TCP","1514","8004  >  35900 [ACK] Seq=50870 Ack=141 Win=65024 Len=1448 TSval=2916035533 TSecr=3045555307 [TCP segment of a reassembled PDU]"
"22826","31.452725079","192.168.1.55","192.168.1.2","TCP","1514","8004  >  35900 [ACK] Seq=52318 Ack=141 Win=65024 Len=1448 TSval=2916035533 TSecr=3045555307 [TCP segment of a reassembled PDU]"
"22827","31.452726431","192.168.1.55","192.168.1.2","TCP","1514","8004  >  35900 [ACK] Seq=53766 Ack=141 Win=65024 Len=1448 TSval=2916035533 TSecr=3045555307 [TCP segment of a reassembled PDU]"
"22828","31.452727746","192.168.1.55","192.168.1.2","TCP","1514","8004  >  35900 [ACK] Seq=55214 Ack=141 Win=65024 Len=1448 TSval=2916035533 TSecr=3045555307 [TCP segment of a reassembled PDU]"
"22829","31.452729635","192.168.1.55","192.168.1.2","TCP","1514","8004  >  35900 [ACK] Seq=56662 Ack=141 Win=65024 Len=1448 TSval=2916035533 TSecr=3045555307 [TCP segment of a reassembled PDU]"
"22830","31.452731894","192.168.1.55","192.168.1.2","TCP","1514","8004  >  35900 [ACK] Seq=58110 Ack=141 Win=65024 Len=1448 TSval=2916035533 TSecr=3045555307 [TCP segment of a reassembled PDU]"
"22831","31.452733561","192.168.1.55","192.168.1.2","TCP","1514","8004  >  35900 [ACK] Seq=59558 Ack=141 Win=65024 Len=1448 TSval=2916035533 TSecr=3045555307 [TCP segment of a reassembled PDU]"
"22832","31.452735061","192.168.1.55","192.168.1.2","TCP","1514","8004  >  35900 [ACK] Seq=61006 Ack=141 Win=65024 Len=1448 TSval=2916035533 TSecr=3045555307 [TCP segment of a reassembled PDU]"
"22833","31.452736505","192.168.1.55","192.168.1.2","TCP","1514","8004  >  35900 [ACK] Seq=62454 Ack=141 Win=65024 Len=1448 TSval=2916035533 TSecr=3045555307 [TCP segment of a reassembled PDU]"
"22834","31.452737949","192.168.1.55","192.168.1.2","TCP","1514","8004  >  35900 [PSH, ACK] Seq=63902 Ack=141 Win=65024 Len=1448 TSval=2916035533 TSecr=3045555307 [TCP segment of a reassembled PDU]"
"22835","31.452742746","192.168.1.2","192.168.1.55","TCP","66","35900  >  8004 [ACK] Seq=141 Ack=36390 Win=76800 Len=0 TSval=3045555307 TSecr=2916035528"
"22836","31.452772968","192.168.1.55","192.168.1.2","TCP","1514","8004  >  35900 [ACK] Seq=65350 Ack=141 Win=65024 Len=1448 TSval=2916035533 TSecr=3045555307 [TCP segment of a reassembled PDU]"
"22837","31.452774672","192.168.1.55","192.168.1.2","TCP","1514","8004  >  35900 [ACK] Seq=66798 Ack=141 Win=65024 Len=1448 TSval=2916035533 TSecr=3045555307 [TCP segment of a reassembled PDU]"
"22838","31.452776042","192.168.1.55","192.168.1.2","TCP","1514","8004  >  35900 [ACK] Seq=68246 Ack=141 Win=65024 Len=1448 TSval=2916035533 TSecr=3045555307 [TCP segment of a reassembled PDU]"
"22839","31.452777505","192.168.1.55","192.168.1.2","TCP","1514","8004  >  35900 [ACK] Seq=69694 Ack=141 Win=65024 Len=1448 TSval=2916035533 TSecr=3045555307 [TCP segment of a reassembled PDU]"
"22840","31.452779505","192.168.1.55","192.168.1.2","TCP","1514","8004  >  35900 [ACK] Seq=71142 Ack=141 Win=65024 Len=1448 TSval=2916035533 TSecr=3045555307 [TCP segment of a reassembled PDU]"
"22841","31.452781468","192.168.1.55","192.168.1.2","TCP","1514","8004  >  35900 [ACK] Seq=72590 Ack=141 Win=65024 Len=1448 TSval=2916035533 TSecr=3045555307 [TCP segment of a reassembled PDU]"
"22842","31.452782949","192.168.1.55","192.168.1.2","TCP","1514","8004  >  35900 [ACK] Seq=74038 Ack=141 Win=65024 Len=1448 TSval=2916035533 TSecr=3045555307 [TCP segment of a reassembled PDU]"
"22843","31.452784357","192.168.1.55","192.168.1.2","TCP","1514","8004  >  35900 [PSH, ACK] Seq=75486 Ack=141 Win=65024 Len=1448 TSval=2916035533 TSecr=3045555307 [TCP segment of a reassembled PDU]"
"22844","31.455887325","192.168.1.2","192.168.1.55","TCP","66","35900  >  8004 [ACK] Seq=141 Ack=40734 Win=91136 Len=0 TSval=3045555308 TSecr=2916035528"
"22845","31.455951140","192.168.1.55","192.168.1.2","TCP","1514","8004  >  35900 [ACK] Seq=76934 Ack=141 Win=65024 Len=1448 TSval=2916035536 TSecr=3045555308 [TCP segment of a reassembled PDU]"
"22846","31.455958584","192.168.1.55","192.168.1.2","TCP","1514","8004  >  35900 [ACK] Seq=78382 Ack=141 Win=65024 Len=1448 TSval=2916035536 TSecr=3045555308 [TCP segment of a reassembled PDU]"
"22847","31.455959973","192.168.1.55","192.168.1.2","TCP","1514","8004  >  35900 [ACK] Seq=79830 Ack=141 Win=65024 Len=1448 TSval=2916035536 TSecr=3045555308 [TCP segment of a reassembled PDU]"
"22848","31.455962695","192.168.1.55","192.168.1.2","TCP","1514","8004  >  35900 [ACK] Seq=81278 Ack=141 Win=65024 Len=1448 TSval=2916035536 TSecr=3045555308 [TCP segment of a reassembled PDU]"
"22849","31.455964584","192.168.1.55","192.168.1.2","TCP","1514","8004  >  35900 [ACK] Seq=82726 Ack=141 Win=65024 Len=1448 TSval=2916035536 TSecr=3045555308 [TCP segment of a reassembled PDU]"
"22850","31.455965769","192.168.1.55","192.168.1.2","TCP","1514","8004  >  35900 [ACK] Seq=84174 Ack=141 Win=65024 Len=1448 TSval=2916035536 TSecr=3045555308 [TCP segment of a reassembled PDU]"
"22851","31.455967325","192.168.1.55","192.168.1.2","TCP","1514","8004  >  35900 [ACK] Seq=85622 Ack=141 Win=65024 Len=1448 TSval=2916035536 TSecr=3045555308 [TCP segment of a reassembled PDU]"
"22852","31.455968936","192.168.1.55","192.168.1.2","TCP","1514","8004  >  35900 [ACK] Seq=87070 Ack=141 Win=65024 Len=1448 TSval=2916035536 TSecr=3045555308 [TCP segment of a reassembled PDU]"
"22853","31.455970566","192.168.1.55","192.168.1.2","TCP","1514","8004  >  35900 [ACK] Seq=88518 Ack=141 Win=65024 Len=1448 TSval=2916035536 TSecr=3045555308 [TCP segment of a reassembled PDU]"
"22854","31.455972251","192.168.1.55","192.168.1.2","TCP","1514","8004  >  35900 [ACK] Seq=89966 Ack=141 Win=65024 Len=1448 TSval=2916035536 TSecr=3045555308 [TCP segment of a reassembled PDU]"
"22855","31.455973621","192.168.1.55","192.168.1.2","TCP","1514","8004  >  35900 [ACK] Seq=91414 Ack=141 Win=65024 Len=1448 TSval=2916035536 TSecr=3045555308 [TCP segment of a reassembled PDU]"
"22856","31.455975084","192.168.1.55","192.168.1.2","TCP","1514","8004  >  35900 [ACK] Seq=92862 Ack=141 Win=65024 Len=1448 TSval=2916035536 TSecr=3045555308 [TCP segment of a reassembled PDU]"
"22857","31.455976955","192.168.1.55","192.168.1.2","TCP","1514","8004  >  35900 [ACK] Seq=94310 Ack=141 Win=65024 Len=1448 TSval=2916035536 TSecr=3045555308 [TCP segment of a reassembled PDU]"
"22858","31.455978455","192.168.1.55","192.168.1.2","TCP","1514","8004  >  35900 [PSH, ACK] Seq=95758 Ack=141 Win=65024 Len=1448 TSval=2916035536 TSecr=3045555308 [TCP segment of a reassembled PDU]"
"22859","31.456007843","192.168.1.2","192.168.1.55","TCP","66","35900  >  8004 [ACK] Seq=141 Ack=42182 Win=92160 Len=0 TSval=3045555308 TSecr=2916035529"
"22860","31.458368347","192.168.1.2","192.168.1.55","TCP","66","35900  >  8004 [ACK] Seq=141 Ack=45078 Win=91136 Len=0 TSval=3045555311 TSecr=2916035533"
"22861","31.458382199","192.168.1.55","192.168.1.2","TCP","1514","8004  >  35900 [ACK] Seq=97206 Ack=141 Win=65024 Len=1448 TSval=2916035539 TSecr=3045555311 [TCP segment of a reassembled PDU]"
"22862","31.458384495","192.168.1.55","192.168.1.2","TCP","1514","8004  >  35900 [ACK] Seq=98654 Ack=141 Win=65024 Len=1448 TSval=2916035539 TSecr=3045555311 [TCP segment of a reassembled PDU]"
"22863","31.458385662","192.168.1.55","192.168.1.2","TCP","1514","8004  >  35900 [ACK] Seq=100102 Ack=141 Win=65024 Len=1448 TSval=2916035539 TSecr=3045555311 [TCP segment of a reassembled PDU]"
"22864","31.458386866","192.168.1.55","192.168.1.2","TCP","1514","8004  >  35900 [ACK] Seq=101550 Ack=141 Win=65024 Len=1448 TSval=2916035539 TSecr=3045555311 [TCP segment of a reassembled PDU]"
"22865","31.458387958","192.168.1.55","192.168.1.2","TCP","1514","8004  >  35900 [ACK] Seq=102998 Ack=141 Win=65024 Len=1448 TSval=2916035539 TSecr=3045555311 [TCP segment of a reassembled PDU]"
"22866","31.458389199","192.168.1.55","192.168.1.2","TCP","1514","8004  >  35900 [PSH, ACK] Seq=104446 Ack=141 Win=65024 Len=1448 TSval=2916035539 TSecr=3045555311 [TCP segment of a reassembled PDU]"
"22867","31.458713959","192.168.1.2","192.168.1.55","TCP","66","35900  >  8004 [ACK] Seq=141 Ack=65350 Win=75776 Len=0 TSval=3045555311 TSecr=2916035533"
"22868","31.458725311","192.168.1.55","192.168.1.2","TCP","1514","8004  >  35900 [ACK] Seq=105894 Ack=141 Win=65024 Len=1448 TSval=2916035539 TSecr=3045555311 [TCP segment of a reassembled PDU]"
"22869","31.458726811","192.168.1.55","192.168.1.2","TCP","1514","8004  >  35900 [ACK] Seq=107342 Ack=141 Win=65024 Len=1448 TSval=2916035539 TSecr=3045555311 [TCP segment of a reassembled PDU]"
"22870","31.458728570","192.168.1.55","192.168.1.2","TCP","1514","8004  >  35900 [ACK] Seq=108790 Ack=141 Win=65024 Len=1448 TSval=2916035539 TSecr=3045555311 [TCP segment of a reassembled PDU]"
"22871","31.458729718","192.168.1.55","192.168.1.2","TCP","1514","8004  >  35900 [ACK] Seq=110238 Ack=141 Win=65024 Len=1448 TSval=2916035539 TSecr=3045555311 [TCP segment of a reassembled PDU]"
"22872","31.458730922","192.168.1.55","192.168.1.2","TCP","1514","8004  >  35900 [ACK] Seq=111686 Ack=141 Win=65024 Len=1448 TSval=2916035539 TSecr=3045555311 [TCP segment of a reassembled PDU]"
"22873","31.458732014","192.168.1.55","192.168.1.2","TCP","1514","8004  >  35900 [ACK] Seq=113134 Ack=141 Win=65024 Len=1448 TSval=2916035539 TSecr=3045555311 [TCP segment of a reassembled PDU]"
"22874","31.458733126","192.168.1.55","192.168.1.2","TCP","1514","8004  >  35900 [PSH, ACK] Seq=114582 Ack=141 Win=65024 Len=1448 TSval=2916035539 TSecr=3045555311 [TCP segment of a reassembled PDU]"
"22875","31.458739088","192.168.1.2","192.168.1.55","TCP","66","35900  >  8004 [ACK] Seq=141 Ack=69694 Win=71680 Len=0 TSval=3045555311 TSecr=2916035533"
"22876","31.458766533","192.168.1.55","192.168.1.2","TCP","1514","8004  >  35900 [ACK] Seq=116030 Ack=141 Win=65024 Len=1448 TSval=2916035539 TSecr=3045555311 [TCP segment of a reassembled PDU]"
"22877","31.458768126","192.168.1.55","192.168.1.2","TCP","1514","8004  >  35900 [ACK] Seq=117478 Ack=141 Win=65024 Len=1448 TSval=2916035539 TSecr=3045555311 [TCP segment of a reassembled PDU]"
"22878","31.458769329","192.168.1.55","192.168.1.2","TCP","1514","8004  >  35900 [ACK] Seq=118926 Ack=141 Win=65024 Len=1448 TSval=2916035539 TSecr=3045555311 [TCP segment of a reassembled PDU]"
"22879","31.458770792","192.168.1.55","192.168.1.2","TCP","1514","8004  >  35900 [ACK] Seq=120374 Ack=141 Win=65024 Len=1448 TSval=2916035539 TSecr=3045555311 [TCP segment of a reassembled PDU]"
"22880","31.458771996","192.168.1.55","192.168.1.2","TCP","1514","8004  >  35900 [ACK] Seq=121822 Ack=141 Win=65024 Len=1448 TSval=2916035539 TSecr=3045555311 [TCP segment of a reassembled PDU]"
"22881","31.458773329","192.168.1.55","192.168.1.2","TCP","1514","8004  >  35900 [ACK] Seq=123270 Ack=141 Win=65024 Len=1448 TSval=2916035539 TSecr=3045555311 [TCP segment of a reassembled PDU]"
"22882","31.458774440","192.168.1.55","192.168.1.2","TCP","1514","8004  >  35900 [ACK] Seq=124718 Ack=141 Win=65024 Len=1448 TSval=2916035539 TSecr=3045555311 [TCP segment of a reassembled PDU]"
"22883","31.458775626","192.168.1.55","192.168.1.2","TCP","1514","8004  >  35900 [ACK] Seq=126166 Ack=141 Win=65024 Len=1448 TSval=2916035539 TSecr=3045555311 [TCP segment of a reassembled PDU]"
"22884","31.458776829","192.168.1.55","192.168.1.2","TCP","1514","8004  >  35900 [ACK] Seq=127614 Ack=141 Win=65024 Len=1448 TSval=2916035539 TSecr=3045555311 [TCP segment of a reassembled PDU]"
"22885","31.458777940","192.168.1.55","192.168.1.2","TCP","1514","8004  >  35900 [ACK] Seq=129062 Ack=141 Win=65024 Len=1448 TSval=2916035539 TSecr=3045555311 [TCP segment of a reassembled PDU]"
"22886","31.458779107","192.168.1.55","192.168.1.2","TCP","1514","8004  >  35900 [ACK] Seq=130510 Ack=141 Win=65024 Len=1448 TSval=2916035539 TSecr=3045555311 [TCP segment of a reassembled PDU]"
"22887","31.458780200","192.168.1.55","192.168.1.2","TCP","1514","8004  >  35900 [ACK] Seq=131958 Ack=141 Win=65024 Len=1448 TSval=2916035539 TSecr=3045555311 [TCP segment of a reassembled PDU]"
"22888","31.458781552","192.168.1.55","192.168.1.2","TCP","1514","8004  >  35900 [ACK] Seq=133406 Ack=141 Win=65024 Len=1448 TSval=2916035539 TSecr=3045555311 [TCP segment of a reassembled PDU]"
"22889","31.458782718","192.168.1.55","192.168.1.2","TCP","1514","8004  >  35900 [ACK] Seq=134854 Ack=141 Win=65024 Len=1448 TSval=2916035539 TSecr=3045555311 [TCP segment of a reassembled PDU]"
"22890","31.458783922","192.168.1.55","192.168.1.2","TCP","1514","8004  >  35900 [ACK] Seq=136302 Ack=141 Win=65024 Len=1448 TSval=2916035539 TSecr=3045555311 [TCP segment of a reassembled PDU]"
"22891","31.458785218","192.168.1.55","192.168.1.2","TCP","1514","8004  >  35900 [ACK] Seq=137750 Ack=141 Win=65024 Len=1448 TSval=2916035539 TSecr=3045555311 [TCP segment of a reassembled PDU]"
"22892","31.458786477","192.168.1.55","192.168.1.2","TCP","1514","8004  >  35900 [ACK] Seq=139198 Ack=141 Win=65024 Len=1448 TSval=2916035539 TSecr=3045555311 [TCP segment of a reassembled PDU]"
"22893","31.458788014","192.168.1.55","192.168.1.2","TCP","794","[TCP Window Full] 8004  >  35900 [PSH, ACK] Seq=140646 Ack=141 Win=65024 Len=728 TSval=2916035539 TSecr=3045555311 [TCP segment of a reassembled PDU]"
"22894","31.458791866","192.168.1.2","192.168.1.55","TCP","66","35900  >  8004 [ACK] Seq=141 Ack=76934 Win=87040 Len=0 TSval=3045555311 TSecr=2916035533"
"22895","31.458828644","192.168.1.55","192.168.1.2","TCP","1514","8004  >  35900 [ACK] Seq=141374 Ack=141 Win=65024 Len=1448 TSval=2916035539 TSecr=3045555311 [TCP segment of a reassembled PDU]"
"22896","31.458831996","192.168.1.55","192.168.1.2","TCP","1514","8004  >  35900 [ACK] Seq=142822 Ack=141 Win=65024 Len=1448 TSval=2916035539 TSecr=3045555311 [TCP segment of a reassembled PDU]"
"22897","31.458833237","192.168.1.55","192.168.1.2","TCP","1514","8004  >  35900 [ACK] Seq=144270 Ack=141 Win=65024 Len=1448 TSval=2916035539 TSecr=3045555311 [TCP segment of a reassembled PDU]"
"22898","31.458834422","192.168.1.55","192.168.1.2","TCP","1514","8004  >  35900 [ACK] Seq=145718 Ack=141 Win=65024 Len=1448 TSval=2916035539 TSecr=3045555311 [TCP segment of a reassembled PDU]"
"22899","31.458835589","192.168.1.55","192.168.1.2","TCP","1514","8004  >  35900 [ACK] Seq=147166 Ack=141 Win=65024 Len=1448 TSval=2916035539 TSecr=3045555311 [TCP segment of a reassembled PDU]"
"22900","31.458836792","192.168.1.55","192.168.1.2","TCP","1514","8004  >  35900 [ACK] Seq=148614 Ack=141 Win=65024 Len=1448 TSval=2916035539 TSecr=3045555311 [TCP segment of a reassembled PDU]"
"22901","31.458837959","192.168.1.55","192.168.1.2","TCP","1514","8004  >  35900 [ACK] Seq=150062 Ack=141 Win=65024 Len=1448 TSval=2916035539 TSecr=3045555311 [TCP segment of a reassembled PDU]"
"22902","31.458839052","192.168.1.55","192.168.1.2","TCP","1514","8004  >  35900 [ACK] Seq=151510 Ack=141 Win=65024 Len=1448 TSval=2916035539 TSecr=3045555311 [TCP segment of a reassembled PDU]"
"22903","31.458840163","192.168.1.55","192.168.1.2","TCP","1514","8004  >  35900 [PSH, ACK] Seq=152958 Ack=141 Win=65024 Len=1448 TSval=2916035539 TSecr=3045555311 [TCP segment of a reassembled PDU]"
"22904","31.459703553","192.168.1.55","192.168.1.2","TCP","786","8004  >  35900 [ACK] Seq=154406 Ack=141 Win=65024 Len=720 TSval=2916035540 TSecr=3045555311 [TCP segment of a reassembled PDU]"
"22905","31.459739942","192.168.1.2","192.168.1.55","TCP","66","35900  >  8004 [ACK] Seq=141 Ack=87070 Win=83968 Len=0 TSval=3045555313 TSecr=2916035536"
"22906","31.459769349","192.168.1.2","192.168.1.55","TCP","66","35900  >  8004 [ACK] Seq=141 Ack=88518 Win=82944 Len=0 TSval=3045555313 TSecr=2916035536"
"22907","31.463544837","192.168.1.2","192.168.1.55","TCP","66","35900  >  8004 [ACK] Seq=141 Ack=92862 Win=89088 Len=0 TSval=3045555315 TSecr=2916035536"
"22908","31.463568707","192.168.1.55","192.168.1.2","TCP","1514","8004  >  35900 [ACK] Seq=155126 Ack=141 Win=65024 Len=1448 TSval=2916035544 TSecr=3045555315 [TCP segment of a reassembled PDU]"
"22909","31.463571115","192.168.1.55","192.168.1.2","TCP","1514","8004  >  35900 [ACK] Seq=156574 Ack=141 Win=65024 Len=1448 TSval=2916035544 TSecr=3045555315 [TCP segment of a reassembled PDU]"
"22910","31.463572244","192.168.1.55","192.168.1.2","TCP","1514","8004  >  35900 [ACK] Seq=158022 Ack=141 Win=65024 Len=1448 TSval=2916035544 TSecr=3045555315 [TCP segment of a reassembled PDU]"
"22911","31.463573429","192.168.1.55","192.168.1.2","TCP","1514","8004  >  35900 [ACK] Seq=159470 Ack=141 Win=65024 Len=1448 TSval=2916035544 TSecr=3045555315 [TCP segment of a reassembled PDU]"
"22912","31.463574559","192.168.1.55","192.168.1.2","TCP","1514","8004  >  35900 [ACK] Seq=160918 Ack=141 Win=65024 Len=1448 TSval=2916035544 TSecr=3045555315 [TCP segment of a reassembled PDU]"
"22913","31.463576133","192.168.1.55","192.168.1.2","TCP","1514","8004  >  35900 [ACK] Seq=162366 Ack=141 Win=65024 Len=1448 TSval=2916035544 TSecr=3045555315 [TCP segment of a reassembled PDU]"
"22914","31.463577207","192.168.1.55","192.168.1.2","TCP","1514","8004  >  35900 [ACK] Seq=163814 Ack=141 Win=65024 Len=1448 TSval=2916035544 TSecr=3045555315 [TCP segment of a reassembled PDU]"
"22915","31.463578466","192.168.1.55","192.168.1.2","TCP","1514","8004  >  35900 [ACK] Seq=165262 Ack=141 Win=65024 Len=1448 TSval=2916035544 TSecr=3045555315 [TCP segment of a reassembled PDU]"
"22916","31.463579781","192.168.1.55","192.168.1.2","TCP","1514","8004  >  35900 [ACK] Seq=166710 Ack=141 Win=65024 Len=1448 TSval=2916035544 TSecr=3045555315 [TCP segment of a reassembled PDU]"
"22917","31.463580911","192.168.1.55","192.168.1.2","TCP","1514","8004  >  35900 [ACK] Seq=168158 Ack=141 Win=65024 Len=1448 TSval=2916035544 TSecr=3045555315 [TCP segment of a reassembled PDU]"
"22918","31.463582059","192.168.1.55","192.168.1.2","TCP","1514","8004  >  35900 [ACK] Seq=169606 Ack=141 Win=65024 Len=1448 TSval=2916035544 TSecr=3045555315 [TCP segment of a reassembled PDU]"
"22919","31.463583300","192.168.1.55","192.168.1.2","TCP","1514","8004  >  35900 [ACK] Seq=171054 Ack=141 Win=65024 Len=1448 TSval=2916035544 TSecr=3045555315 [TCP segment of a reassembled PDU]"
"22920","31.463584541","192.168.1.55","192.168.1.2","TCP","1514","8004  >  35900 [ACK] Seq=172502 Ack=141 Win=65024 Len=1448 TSval=2916035544 TSecr=3045555315 [TCP segment of a reassembled PDU]"
"22921","31.463585744","192.168.1.55","192.168.1.2","TCP","1514","8004  >  35900 [ACK] Seq=173950 Ack=141 Win=65024 Len=1448 TSval=2916035544 TSecr=3045555315 [TCP segment of a reassembled PDU]"
"22922","31.463586855","192.168.1.55","192.168.1.2","TCP","1514","8004  >  35900 [ACK] Seq=175398 Ack=141 Win=65024 Len=1448 TSval=2916035544 TSecr=3045555315 [TCP segment of a reassembled PDU]"
"22923","31.463588022","192.168.1.55","192.168.1.2","TCP","1514","8004  >  35900 [ACK] Seq=176846 Ack=141 Win=65024 Len=1448 TSval=2916035544 TSecr=3045555315 [TCP segment of a reassembled PDU]"
"22924","31.463589152","192.168.1.55","192.168.1.2","TCP","1514","8004  >  35900 [ACK] Seq=178294 Ack=141 Win=65024 Len=1448 TSval=2916035544 TSecr=3045555315 [TCP segment of a reassembled PDU]"
"22925","31.463590318","192.168.1.55","192.168.1.2","TCP","1514","8004  >  35900 [PSH, ACK] Seq=179742 Ack=141 Win=65024 Len=1448 TSval=2916035544 TSecr=3045555315 [TCP segment of a reassembled PDU]"
"22926","31.463618392","192.168.1.2","192.168.1.55","TCP","66","35900  >  8004 [ACK] Seq=141 Ack=97206 Win=84992 Len=0 TSval=3045555315 TSecr=2916035536"
"22927","31.465483136","192.168.1.2","192.168.1.55","TCP","66","35900  >  8004 [ACK] Seq=141 Ack=105894 Win=84992 Len=0 TSval=3045555318 TSecr=2916035539"
"22928","31.465497969","192.168.1.55","192.168.1.2","TCP","1514","8004  >  35900 [ACK] Seq=181190 Ack=141 Win=65024 Len=1448 TSval=2916035546 TSecr=3045555318 [TCP segment of a reassembled PDU]"
"22929","31.465500340","192.168.1.55","192.168.1.2","TCP","1514","8004  >  35900 [ACK] Seq=182638 Ack=141 Win=65024 Len=1448 TSval=2916035546 TSecr=3045555318 [TCP segment of a reassembled PDU]"
"22930","31.465501636","192.168.1.55","192.168.1.2","TCP","1514","8004  >  35900 [ACK] Seq=184086 Ack=141 Win=65024 Len=1448 TSval=2916035546 TSecr=3045555318 [TCP segment of a reassembled PDU]"
"22931","31.465502932","192.168.1.55","192.168.1.2","TCP","1514","8004  >  35900 [ACK] Seq=185534 Ack=141 Win=65024 Len=1448 TSval=2916035546 TSecr=3045555318 [TCP segment of a reassembled PDU]"
"22932","31.465504284","192.168.1.55","192.168.1.2","TCP","1514","8004  >  35900 [ACK] Seq=186982 Ack=141 Win=65024 Len=1448 TSval=2916035546 TSecr=3045555318 [TCP segment of a reassembled PDU]"
"22933","31.465505655","192.168.1.55","192.168.1.2","TCP","1514","8004  >  35900 [PSH, ACK] Seq=188430 Ack=141 Win=65024 Len=1448 TSval=2916035546 TSecr=3045555318 [TCP segment of a reassembled PDU]"
"22934","31.465861526","192.168.1.2","192.168.1.55","TCP","66","35900  >  8004 [ACK] Seq=141 Ack=113134 Win=78848 Len=0 TSval=3045555318 TSecr=2916035539"
"22935","31.465868192","192.168.1.2","192.168.1.55","TCP","66","35900  >  8004 [ACK] Seq=141 Ack=116030 Win=93184 Len=0 TSval=3045555319 TSecr=2916035539"
"22936","31.465878655","192.168.1.55","192.168.1.2","TCP","1514","8004  >  35900 [ACK] Seq=189878 Ack=141 Win=65024 Len=1448 TSval=2916035546 TSecr=3045555319 [TCP segment of a reassembled PDU]"
"22937","31.465880859","192.168.1.55","192.168.1.2","TCP","1514","8004  >  35900 [ACK] Seq=191326 Ack=141 Win=65024 Len=1448 TSval=2916035546 TSecr=3045555319 [TCP segment of a reassembled PDU]"
"22938","31.465882155","192.168.1.55","192.168.1.2","TCP","1514","8004  >  35900 [ACK] Seq=192774 Ack=141 Win=65024 Len=1448 TSval=2916035546 TSecr=3045555319 [TCP segment of a reassembled PDU]"
"22939","31.465883470","192.168.1.55","192.168.1.2","TCP","1514","8004  >  35900 [ACK] Seq=194222 Ack=141 Win=65024 Len=1448 TSval=2916035546 TSecr=3045555319 [TCP segment of a reassembled PDU]"
"22940","31.465890026","192.168.1.55","192.168.1.2","TCP","1514","8004  >  35900 [ACK] Seq=195670 Ack=141 Win=65024 Len=1448 TSval=2916035546 TSecr=3045555319 [TCP segment of a reassembled PDU]"
"22941","31.465891544","192.168.1.55","192.168.1.2","TCP","1514","8004  >  35900 [PSH, ACK] Seq=197118 Ack=141 Win=65024 Len=1448 TSval=2916035546 TSecr=3045555319 [TCP segment of a reassembled PDU]"
"22942","31.465895822","192.168.1.2","192.168.1.55","TCP","66","35900  >  8004 [ACK] Seq=141 Ack=136302 Win=73728 Len=0 TSval=3045555319 TSecr=2916035539"
"22943","31.465953767","192.168.1.2","192.168.1.55","TCP","66","35900  >  8004 [ACK] Seq=141 Ack=141374 Win=91136 Len=0 TSval=3045555319 TSecr=2916035539"
"22944","31.465986674","192.168.1.55","192.168.1.2","TCP","1514","8004  >  35900 [ACK] Seq=198566 Ack=141 Win=65024 Len=1448 TSval=2916035546 TSecr=3045555319 [TCP segment of a reassembled PDU]"
"22945","31.465988859","192.168.1.55","192.168.1.2","TCP","1514","8004  >  35900 [ACK] Seq=200014 Ack=141 Win=65024 Len=1448 TSval=2916035546 TSecr=3045555319 [TCP segment of a reassembled PDU]"
"22946","31.465990285","192.168.1.55","192.168.1.2","TCP","1514","8004  >  35900 [ACK] Seq=201462 Ack=141 Win=65024 Len=1448 TSval=2916035546 TSecr=3045555319 [TCP segment of a reassembled PDU]"
"22947","31.465991655","192.168.1.55","192.168.1.2","TCP","1514","8004  >  35900 [ACK] Seq=202910 Ack=141 Win=65024 Len=1448 TSval=2916035546 TSecr=3045555319 [TCP segment of a reassembled PDU]"
"22948","31.465993081","192.168.1.55","192.168.1.2","TCP","1514","8004  >  35900 [ACK] Seq=204358 Ack=141 Win=65024 Len=1448 TSval=2916035546 TSecr=3045555319 [TCP segment of a reassembled PDU]"
"22949","31.465994785","192.168.1.55","192.168.1.2","TCP","1514","8004  >  35900 [ACK] Seq=205806 Ack=141 Win=65024 Len=1448 TSval=2916035546 TSecr=3045555319 [TCP segment of a reassembled PDU]"
"22950","31.465996100","192.168.1.55","192.168.1.2","TCP","1514","8004  >  35900 [ACK] Seq=207254 Ack=141 Win=65024 Len=1448 TSval=2916035546 TSecr=3045555319 [TCP segment of a reassembled PDU]"
"22951","31.465997452","192.168.1.55","192.168.1.2","TCP","1514","8004  >  35900 [ACK] Seq=208702 Ack=141 Win=65024 Len=1448 TSval=2916035546 TSecr=3045555319 [TCP segment of a reassembled PDU]"
"22952","31.465998822","192.168.1.55","192.168.1.2","TCP","1514","8004  >  35900 [ACK] Seq=210150 Ack=141 Win=65024 Len=1448 TSval=2916035546 TSecr=3045555319 [TCP segment of a reassembled PDU]"
"22953","31.466000100","192.168.1.55","192.168.1.2","TCP","1514","8004  >  35900 [ACK] Seq=211598 Ack=141 Win=65024 Len=1448 TSval=2916035546 TSecr=3045555319 [TCP segment of a reassembled PDU]"
"22954","31.466001544","192.168.1.55","192.168.1.2","TCP","1514","8004  >  35900 [ACK] Seq=213046 Ack=141 Win=65024 Len=1448 TSval=2916035546 TSecr=3045555319 [TCP segment of a reassembled PDU]"
"22955","31.466003155","192.168.1.55","192.168.1.2","TCP","1514","8004  >  35900 [ACK] Seq=214494 Ack=141 Win=65024 Len=1448 TSval=2916035546 TSecr=3045555319 [TCP segment of a reassembled PDU]"
"22956","31.466004470","192.168.1.55","192.168.1.2","TCP","1514","8004  >  35900 [ACK] Seq=215942 Ack=141 Win=65024 Len=1448 TSval=2916035546 TSecr=3045555319 [TCP segment of a reassembled PDU]"
"22957","31.466005804","192.168.1.55","192.168.1.2","TCP","1514","8004  >  35900 [ACK] Seq=217390 Ack=141 Win=65024 Len=1448 TSval=2916035546 TSecr=3045555319 [TCP segment of a reassembled PDU]"
"22958","31.466007137","192.168.1.55","192.168.1.2","TCP","1514","8004  >  35900 [ACK] Seq=218838 Ack=141 Win=65024 Len=1448 TSval=2916035546 TSecr=3045555319 [TCP segment of a reassembled PDU]"
"22959","31.466008600","192.168.1.55","192.168.1.2","TCP","1514","8004  >  35900 [ACK] Seq=220286 Ack=141 Win=65024 Len=1448 TSval=2916035546 TSecr=3045555319 [TCP segment of a reassembled PDU]"
"22960","31.466009896","192.168.1.55","192.168.1.2","TCP","1514","8004  >  35900 [ACK] Seq=221734 Ack=141 Win=65024 Len=1448 TSval=2916035546 TSecr=3045555319 [TCP segment of a reassembled PDU]"
"22961","31.466011211","192.168.1.55","192.168.1.2","TCP","1514","8004  >  35900 [ACK] Seq=223182 Ack=141 Win=65024 Len=1448 TSval=2916035546 TSecr=3045555319 [TCP segment of a reassembled PDU]"
"22962","31.466012785","192.168.1.55","192.168.1.2","TCP","1514","8004  >  35900 [ACK] Seq=224630 Ack=141 Win=65024 Len=1448 TSval=2916035546 TSecr=3045555319 [TCP segment of a reassembled PDU]"
"22963","31.466014341","192.168.1.55","192.168.1.2","TCP","1514","8004  >  35900 [ACK] Seq=226078 Ack=141 Win=65024 Len=1448 TSval=2916035546 TSecr=3045555319 [TCP segment of a reassembled PDU]"
"22964","31.466015767","192.168.1.55","192.168.1.2","TCP","1514","8004  >  35900 [ACK] Seq=227526 Ack=141 Win=65024 Len=1448 TSval=2916035546 TSecr=3045555319 [TCP segment of a reassembled PDU]"
"22965","31.466017767","192.168.1.55","192.168.1.2","TCP","1514","8004  >  35900 [ACK] Seq=228974 Ack=141 Win=65024 Len=1448 TSval=2916035546 TSecr=3045555319 [TCP segment of a reassembled PDU]"
"22966","31.466019193","192.168.1.55","192.168.1.2","TCP","1514","8004  >  35900 [PSH, ACK] Seq=230422 Ack=141 Win=65024 Len=1448 TSval=2916035546 TSecr=3045555319 [TCP segment of a reassembled PDU]"
"22967","31.466024433","192.168.1.2","192.168.1.55","TCP","66","35900  >  8004 [ACK] Seq=141 Ack=145718 Win=93184 Len=0 TSval=3045555319 TSecr=2916035539"
"22968","31.469780698","192.168.1.2","192.168.1.55","TCP","66","35900  >  8004 [ACK] Seq=141 Ack=155126 Win=84992 Len=0 TSval=3045555320 TSecr=2916035539"
"22969","31.469830458","192.168.1.55","192.168.1.2","TCP","1514","8004  >  35900 [ACK] Seq=231870 Ack=141 Win=65024 Len=1448 TSval=2916035550 TSecr=3045555320 [TCP segment of a reassembled PDU]"
"22970","31.469837995","192.168.1.55","192.168.1.2","TCP","1514","8004  >  35900 [ACK] Seq=233318 Ack=141 Win=65024 Len=1448 TSval=2916035550 TSecr=3045555320 [TCP segment of a reassembled PDU]"
"22971","31.469840087","192.168.1.55","192.168.1.2","TCP","1514","8004  >  35900 [ACK] Seq=234766 Ack=141 Win=65024 Len=1448 TSval=2916035550 TSecr=3045555320 [TCP segment of a reassembled PDU]"
"22972","31.469841717","192.168.1.55","192.168.1.2","TCP","1514","8004  >  35900 [ACK] Seq=236214 Ack=141 Win=65024 Len=1448 TSval=2916035550 TSecr=3045555320 [TCP segment of a reassembled PDU]"
"22973","31.469843736","192.168.1.55","192.168.1.2","TCP","1514","8004  >  35900 [ACK] Seq=237662 Ack=141 Win=65024 Len=1448 TSval=2916035550 TSecr=3045555320 [TCP segment of a reassembled PDU]"
"22974","31.469845106","192.168.1.55","192.168.1.2","TCP","1074","[TCP Window Full] 8004  >  35900 [PSH, ACK] Seq=239110 Ack=141 Win=65024 Len=1008 TSval=2916035550 TSecr=3045555320 [TCP segment of a reassembled PDU]"
"22975","31.471724202","192.168.1.2","192.168.1.55","TCP","66","35900  >  8004 [ACK] Seq=141 Ack=181190 Win=66560 Len=0 TSval=3045555326 TSecr=2916035544"
"22976","31.471743720","192.168.1.55","192.168.1.2","TCP","1514","8004  >  35900 [ACK] Seq=240118 Ack=141 Win=65024 Len=1448 TSval=2916035552 TSecr=3045555326 [TCP segment of a reassembled PDU]"
"22977","31.471750572","192.168.1.55","192.168.1.2","TCP","506","8004  >  35900 [PSH, ACK] Seq=241566 Ack=141 Win=65024 Len=440 TSval=2916035552 TSecr=3045555326 [TCP segment of a reassembled PDU]"
"22978","31.471940887","192.168.1.2","192.168.1.55","TCP","66","35900  >  8004 [ACK] Seq=141 Ack=198566 Win=50176 Len=0 TSval=3045555326 TSecr=2916035546"
"22979","31.471950424","192.168.1.2","192.168.1.55","TCP","66","35900  >  8004 [ACK] Seq=141 Ack=231870 Win=45056 Len=0 TSval=3045555326 TSecr=2916035546"
"22980","31.471987091","192.168.1.55","192.168.1.2","TCP","1514","8004  >  35900 [ACK] Seq=242006 Ack=141 Win=65024 Len=1448 TSval=2916035552 TSecr=3045555326 [TCP segment of a reassembled PDU]"
"22981","31.471990091","192.168.1.55","192.168.1.2","TCP","1514","8004  >  35900 [ACK] Seq=243454 Ack=141 Win=65024 Len=1448 TSval=2916035552 TSecr=3045555326 [TCP segment of a reassembled PDU]"
"22982","31.471991387","192.168.1.55","192.168.1.2","TCP","1514","8004  >  35900 [ACK] Seq=244902 Ack=141 Win=65024 Len=1448 TSval=2916035552 TSecr=3045555326 [TCP segment of a reassembled PDU]"
"22983","31.471992683","192.168.1.55","192.168.1.2","TCP","1514","8004  >  35900 [ACK] Seq=246350 Ack=141 Win=65024 Len=1448 TSval=2916035552 TSecr=3045555326 [TCP segment of a reassembled PDU]"
"22984","31.471994017","192.168.1.55","192.168.1.2","TCP","1514","8004  >  35900 [ACK] Seq=247798 Ack=141 Win=65024 Len=1448 TSval=2916035552 TSecr=3045555326 [TCP segment of a reassembled PDU]"
"22985","31.471995498","192.168.1.55","192.168.1.2","TCP","1514","8004  >  35900 [ACK] Seq=249246 Ack=141 Win=65024 Len=1448 TSval=2916035552 TSecr=3045555326 [TCP segment of a reassembled PDU]"
"22986","31.471996776","192.168.1.55","192.168.1.2","TCP","1514","8004  >  35900 [ACK] Seq=250694 Ack=141 Win=65024 Len=1448 TSval=2916035552 TSecr=3045555326 [TCP segment of a reassembled PDU]"
"22987","31.471998146","192.168.1.55","192.168.1.2","TCP","1514","8004  >  35900 [ACK] Seq=252142 Ack=141 Win=65024 Len=1448 TSval=2916035552 TSecr=3045555326 [TCP segment of a reassembled PDU]"
"22988","31.471999554","192.168.1.55","192.168.1.2","TCP","1514","8004  >  35900 [ACK] Seq=253590 Ack=141 Win=65024 Len=1448 TSval=2916035552 TSecr=3045555326 [TCP segment of a reassembled PDU]"
"22989","31.472000850","192.168.1.55","192.168.1.2","TCP","1514","8004  >  35900 [ACK] Seq=255038 Ack=141 Win=65024 Len=1448 TSval=2916035552 TSecr=3045555326 [TCP segment of a reassembled PDU]"
"22990","31.472002683","192.168.1.55","192.168.1.2","TCP","1514","8004  >  35900 [ACK] Seq=256486 Ack=141 Win=65024 Len=1448 TSval=2916035552 TSecr=3045555326 [TCP segment of a reassembled PDU]"
"22991","31.472004035","192.168.1.55","192.168.1.2","TCP","1514","8004  >  35900 [ACK] Seq=257934 Ack=141 Win=65024 Len=1448 TSval=2916035552 TSecr=3045555326 [TCP segment of a reassembled PDU]"
"22992","31.472005295","192.168.1.55","192.168.1.2","TCP","1514","8004  >  35900 [ACK] Seq=259382 Ack=141 Win=65024 Len=1448 TSval=2916035552 TSecr=3045555326 [TCP segment of a reassembled PDU]"
"22993","31.472006739","192.168.1.55","192.168.1.2","TCP","1514","8004  >  35900 [ACK] Seq=260830 Ack=141 Win=65024 Len=1448 TSval=2916035552 TSecr=3045555326 [TCP segment of a reassembled PDU]"
"22994","31.472008035","192.168.1.55","192.168.1.2","TCP","1514","8004  >  35900 [ACK] Seq=262278 Ack=141 Win=65024 Len=1448 TSval=2916035552 TSecr=3045555326 [TCP segment of a reassembled PDU]"
"22995","31.472009646","192.168.1.55","192.168.1.2","TCP","1514","8004  >  35900 [ACK] Seq=263726 Ack=141 Win=65024 Len=1448 TSval=2916035552 TSecr=3045555326 [TCP segment of a reassembled PDU]"
"22996","31.472011091","192.168.1.55","192.168.1.2","TCP","1514","8004  >  35900 [ACK] Seq=265174 Ack=141 Win=65024 Len=1448 TSval=2916035552 TSecr=3045555326 [TCP segment of a reassembled PDU]"
"22997","31.472012369","192.168.1.55","192.168.1.2","TCP","1514","8004  >  35900 [ACK] Seq=266622 Ack=141 Win=65024 Len=1448 TSval=2916035552 TSecr=3045555326 [TCP segment of a reassembled PDU]"
"22998","31.472013758","192.168.1.55","192.168.1.2","TCP","1514","8004  >  35900 [ACK] Seq=268070 Ack=141 Win=65024 Len=1448 TSval=2916035552 TSecr=3045555326 [TCP segment of a reassembled PDU]"
"22999","31.472015072","192.168.1.55","192.168.1.2","TCP","1514","8004  >  35900 [ACK] Seq=269518 Ack=141 Win=65024 Len=1448 TSval=2916035552 TSecr=3045555326 [TCP segment of a reassembled PDU]"
"23000","31.472016517","192.168.1.55","192.168.1.2","TCP","1514","8004  >  35900 [ACK] Seq=270966 Ack=141 Win=65024 Len=1448 TSval=2916035552 TSecr=3045555326 [TCP segment of a reassembled PDU]"
"23001","31.472017998","192.168.1.55","192.168.1.2","TCP","1514","8004  >  35900 [ACK] Seq=272414 Ack=141 Win=65024 Len=1448 TSval=2916035552 TSecr=3045555326 [TCP segment of a reassembled PDU]"
"23002","31.472019517","192.168.1.55","192.168.1.2","TCP","1514","8004  >  35900 [ACK] Seq=273862 Ack=141 Win=65024 Len=1448 TSval=2916035552 TSecr=3045555326 [TCP segment of a reassembled PDU]"
"23003","31.472021054","192.168.1.55","192.168.1.2","TCP","1514","8004  >  35900 [PSH, ACK] Seq=275310 Ack=141 Win=65024 Len=1448 TSval=2916035552 TSecr=3045555326 [TCP segment of a reassembled PDU]"
"23004","31.472026091","192.168.1.2","192.168.1.55","TCP","66","[TCP Window Update] 35900  >  8004 [ACK] Seq=141 Ack=231870 Win=93184 Len=0 TSval=3045555326 TSecr=2916035546"
"23005","31.472039017","192.168.1.55","192.168.1.2","TCP","1514","8004  >  35900 [ACK] Seq=276758 Ack=141 Win=65024 Len=1448 TSval=2916035552 TSecr=3045555326 [TCP segment of a reassembled PDU]"
"23006","31.472040702","192.168.1.55","192.168.1.2","TCP","1514","8004  >  35900 [ACK] Seq=278206 Ack=141 Win=65024 Len=1448 TSval=2916035552 TSecr=3045555326 [TCP segment of a reassembled PDU]"
"23007","31.472041980","192.168.1.55","192.168.1.2","TCP","1514","8004  >  35900 [ACK] Seq=279654 Ack=141 Win=65024 Len=1448 TSval=2916035552 TSecr=3045555326 [TCP segment of a reassembled PDU]"
"23008","31.472043332","192.168.1.55","192.168.1.2","TCP","1514","8004  >  35900 [ACK] Seq=281102 Ack=141 Win=65024 Len=1448 TSval=2916035552 TSecr=3045555326 [TCP segment of a reassembled PDU]"
"23009","31.472044684","192.168.1.55","192.168.1.2","TCP","1514","8004  >  35900 [ACK] Seq=282550 Ack=141 Win=65024 Len=1448 TSval=2916035552 TSecr=3045555326 [TCP segment of a reassembled PDU]"
"23010","31.472045924","192.168.1.55","192.168.1.2","TCP","1514","8004  >  35900 [PSH, ACK] Seq=283998 Ack=141 Win=65024 Len=1448 TSval=2916035552 TSecr=3045555326 [TCP segment of a reassembled PDU]"
"23011","31.472084869","192.168.1.55","192.168.1.2","TCP","1514","8004  >  35900 [ACK] Seq=285446 Ack=141 Win=65024 Len=1448 TSval=2916035552 TSecr=3045555326 [TCP segment of a reassembled PDU]"
"23012","31.472086998","192.168.1.55","192.168.1.2","TCP","1514","8004  >  35900 [ACK] Seq=286894 Ack=141 Win=65024 Len=1448 TSval=2916035552 TSecr=3045555326 [TCP segment of a reassembled PDU]"
"23013","31.472088369","192.168.1.55","192.168.1.2","TCP","1514","8004  >  35900 [ACK] Seq=288342 Ack=141 Win=65024 Len=1448 TSval=2916035552 TSecr=3045555326 [TCP segment of a reassembled PDU]"
"23014","31.472089869","192.168.1.55","192.168.1.2","TCP","1514","8004  >  35900 [ACK] Seq=289790 Ack=141 Win=65024 Len=1448 TSval=2916035552 TSecr=3045555326 [TCP segment of a reassembled PDU]"
"23015","31.472091721","192.168.1.55","192.168.1.2","TCP","1514","8004  >  35900 [ACK] Seq=291238 Ack=141 Win=65024 Len=1448 TSval=2916035552 TSecr=3045555326 [TCP segment of a reassembled PDU]"
"23016","31.472093035","192.168.1.55","192.168.1.2","TCP","1514","8004  >  35900 [ACK] Seq=292686 Ack=141 Win=65024 Len=1448 TSval=2916035552 TSecr=3045555326 [TCP segment of a reassembled PDU]"
"23017","31.472094480","192.168.1.55","192.168.1.2","TCP","1514","8004  >  35900 [ACK] Seq=294134 Ack=141 Win=65024 Len=1448 TSval=2916035552 TSecr=3045555326 [TCP segment of a reassembled PDU]"
"23018","31.472096017","192.168.1.55","192.168.1.2","TCP","1514","8004  >  35900 [ACK] Seq=295582 Ack=141 Win=65024 Len=1448 TSval=2916035552 TSecr=3045555326 [TCP segment of a reassembled PDU]"
"23019","31.472097461","192.168.1.55","192.168.1.2","TCP","1514","8004  >  35900 [ACK] Seq=297030 Ack=141 Win=65024 Len=1448 TSval=2916035552 TSecr=3045555326 [TCP segment of a reassembled PDU]"
"23020","31.472098776","192.168.1.55","192.168.1.2","TCP","1514","8004  >  35900 [ACK] Seq=298478 Ack=141 Win=65024 Len=1448 TSval=2916035552 TSecr=3045555326 [TCP segment of a reassembled PDU]"
"23021","31.472100091","192.168.1.55","192.168.1.2","TCP","1514","8004  >  35900 [ACK] Seq=299926 Ack=141 Win=65024 Len=1448 TSval=2916035552 TSecr=3045555326 [TCP segment of a reassembled PDU]"
"23022","31.472101721","192.168.1.55","192.168.1.2","TCP","1514","8004  >  35900 [ACK] Seq=301374 Ack=141 Win=65024 Len=1448 TSval=2916035552 TSecr=3045555326 [TCP segment of a reassembled PDU]"
"23023","31.472103295","192.168.1.55","192.168.1.2","TCP","1514","8004  >  35900 [ACK] Seq=302822 Ack=141 Win=65024 Len=1448 TSval=2916035552 TSecr=3045555326 [TCP segment of a reassembled PDU]"
"23024","31.472104721","192.168.1.55","192.168.1.2","TCP","1514","8004  >  35900 [ACK] Seq=304270 Ack=141 Win=65024 Len=1448 TSval=2916035552 TSecr=3045555326 [TCP segment of a reassembled PDU]"
"23025","31.472106628","192.168.1.55","192.168.1.2","TCP","1514","8004  >  35900 [ACK] Seq=305718 Ack=141 Win=65024 Len=1448 TSval=2916035552 TSecr=3045555326 [TCP segment of a reassembled PDU]"
"23026","31.472107943","192.168.1.55","192.168.1.2","TCP","1514","8004  >  35900 [ACK] Seq=307166 Ack=141 Win=65024 Len=1448 TSval=2916035552 TSecr=3045555326 [TCP segment of a reassembled PDU]"
"23027","31.472109406","192.168.1.55","192.168.1.2","TCP","1514","8004  >  35900 [ACK] Seq=308614 Ack=141 Win=65024 Len=1448 TSval=2916035552 TSecr=3045555326 [TCP segment of a reassembled PDU]"
"23028","31.472111035","192.168.1.55","192.168.1.2","TCP","1514","8004  >  35900 [ACK] Seq=310062 Ack=141 Win=65024 Len=1448 TSval=2916035552 TSecr=3045555326 [TCP segment of a reassembled PDU]"
"23029","31.472112573","192.168.1.55","192.168.1.2","TCP","1514","8004  >  35900 [ACK] Seq=311510 Ack=141 Win=65024 Len=1448 TSval=2916035552 TSecr=3045555326 [TCP segment of a reassembled PDU]"
"23030","31.472114128","192.168.1.55","192.168.1.2","TCP","1514","8004  >  35900 [ACK] Seq=312958 Ack=141 Win=65024 Len=1448 TSval=2916035552 TSecr=3045555326 [TCP segment of a reassembled PDU]"
"23031","31.472115480","192.168.1.55","192.168.1.2","TCP","1514","8004  >  35900 [ACK] Seq=314406 Ack=141 Win=65024 Len=1448 TSval=2916035552 TSecr=3045555326 [TCP segment of a reassembled PDU]"
"23032","31.472116869","192.168.1.55","192.168.1.2","TCP","1514","8004  >  35900 [ACK] Seq=315854 Ack=141 Win=65024 Len=1448 TSval=2916035552 TSecr=3045555326 [TCP segment of a reassembled PDU]"
"23033","31.472118184","192.168.1.55","192.168.1.2","TCP","1514","8004  >  35900 [ACK] Seq=317302 Ack=141 Win=65024 Len=1448 TSval=2916035552 TSecr=3045555326 [TCP segment of a reassembled PDU]"
"23034","31.472120258","192.168.1.55","192.168.1.2","TCP","1514","8004  >  35900 [ACK] Seq=318750 Ack=141 Win=65024 Len=1448 TSval=2916035552 TSecr=3045555326 [TCP segment of a reassembled PDU]"
"23035","31.472121591","192.168.1.55","192.168.1.2","TCP","1514","8004  >  35900 [ACK] Seq=320198 Ack=141 Win=65024 Len=1448 TSval=2916035552 TSecr=3045555326 [TCP segment of a reassembled PDU]"
"23036","31.472122980","192.168.1.55","192.168.1.2","TCP","1514","8004  >  35900 [ACK] Seq=321646 Ack=141 Win=65024 Len=1448 TSval=2916035552 TSecr=3045555326 [TCP segment of a reassembled PDU]"
"23037","31.472124350","192.168.1.55","192.168.1.2","TCP","1514","8004  >  35900 [PSH, ACK] Seq=323094 Ack=141 Win=65024 Len=1448 TSval=2916035552 TSecr=3045555326 [TCP segment of a reassembled PDU]"
"23038","31.473365463","192.168.1.2","192.168.1.55","TCP","66","35900  >  8004 [ACK] Seq=141 Ack=240118 Win=84992 Len=0 TSval=3045555328 TSecr=2916035550"
"23039","31.477785674","192.168.1.2","192.168.1.55","TCP","66","35900  >  8004 [ACK] Seq=141 Ack=242006 Win=94208 Len=0 TSval=3045555333 TSecr=2916035552"
"23040","31.477803563","192.168.1.55","192.168.1.2","TCP","1514","8004  >  35900 [ACK] Seq=324542 Ack=141 Win=65024 Len=1448 TSval=2916035558 TSecr=3045555333 [TCP segment of a reassembled PDU]"
"23041","31.477807230","192.168.1.55","192.168.1.2","TCP","1514","8004  >  35900 [ACK] Seq=325990 Ack=141 Win=65024 Len=1448 TSval=2916035558 TSecr=3045555333 [TCP segment of a reassembled PDU]"
"23042","31.477808230","192.168.1.55","192.168.1.2","TCP","1514","8004  >  35900 [PSH, ACK] Seq=327438 Ack=141 Win=65024 Len=1448 TSval=2916035558 TSecr=3045555333 [TCP segment of a reassembled PDU]"
"23043","31.478031526","192.168.1.2","192.168.1.55","TCP","66","35900  >  8004 [ACK] Seq=141 Ack=276758 Win=103424 Len=0 TSval=3045555333 TSecr=2916035552"
"23044","31.478070730","192.168.1.55","192.168.1.2","TCP","1514","8004  >  35900 [ACK] Seq=328886 Ack=141 Win=65024 Len=1448 TSval=2916035558 TSecr=3045555333 [TCP segment of a reassembled PDU]"
"23045","31.478072934","192.168.1.55","192.168.1.2","TCP","1514","8004  >  35900 [ACK] Seq=330334 Ack=141 Win=65024 Len=1448 TSval=2916035558 TSecr=3045555333 [TCP segment of a reassembled PDU]"
"23046","31.478074082","192.168.1.55","192.168.1.2","TCP","1514","8004  >  35900 [ACK] Seq=331782 Ack=141 Win=65024 Len=1448 TSval=2916035558 TSecr=3045555333 [TCP segment of a reassembled PDU]"
"23047","31.478075212","192.168.1.55","192.168.1.2","TCP","1514","8004  >  35900 [ACK] Seq=333230 Ack=141 Win=65024 Len=1448 TSval=2916035558 TSecr=3045555333 [TCP segment of a reassembled PDU]"
"23048","31.478077063","192.168.1.55","192.168.1.2","TCP","1514","8004  >  35900 [ACK] Seq=334678 Ack=141 Win=65024 Len=1448 TSval=2916035558 TSecr=3045555333 [TCP segment of a reassembled PDU]"
"23049","31.478078100","192.168.1.55","192.168.1.2","TCP","1514","8004  >  35900 [ACK] Seq=336126 Ack=141 Win=65024 Len=1448 TSval=2916035558 TSecr=3045555333 [TCP segment of a reassembled PDU]"
"23050","31.478079174","192.168.1.55","192.168.1.2","TCP","1514","8004  >  35900 [ACK] Seq=337574 Ack=141 Win=65024 Len=1448 TSval=2916035558 TSecr=3045555333 [TCP segment of a reassembled PDU]"
"23051","31.478080489","192.168.1.55","192.168.1.2","TCP","1514","8004  >  35900 [ACK] Seq=339022 Ack=141 Win=65024 Len=1448 TSval=2916035558 TSecr=3045555333 [TCP segment of a reassembled PDU]"
"23052","31.478081545","192.168.1.55","192.168.1.2","TCP","1514","8004  >  35900 [ACK] Seq=340470 Ack=141 Win=65024 Len=1448 TSval=2916035558 TSecr=3045555333 [TCP segment of a reassembled PDU]"
"23053","31.478082693","192.168.1.55","192.168.1.2","TCP","1514","8004  >  35900 [ACK] Seq=341918 Ack=141 Win=65024 Len=1448 TSval=2916035558 TSecr=3045555333 [TCP segment of a reassembled PDU]"
"23054","31.478083674","192.168.1.55","192.168.1.2","TCP","1514","8004  >  35900 [ACK] Seq=343366 Ack=141 Win=65024 Len=1448 TSval=2916035558 TSecr=3045555333 [TCP segment of a reassembled PDU]"
"23055","31.478084823","192.168.1.55","192.168.1.2","TCP","1514","8004  >  35900 [ACK] Seq=344814 Ack=141 Win=65024 Len=1448 TSval=2916035558 TSecr=3045555333 [TCP segment of a reassembled PDU]"
"23056","31.478085823","192.168.1.55","192.168.1.2","TCP","1514","8004  >  35900 [ACK] Seq=346262 Ack=141 Win=65024 Len=1448 TSval=2916035558 TSecr=3045555333 [TCP segment of a reassembled PDU]"
"23057","31.478086841","192.168.1.55","192.168.1.2","TCP","1514","8004  >  35900 [ACK] Seq=347710 Ack=141 Win=65024 Len=1448 TSval=2916035558 TSecr=3045555333 [TCP segment of a reassembled PDU]"
"23058","31.478088045","192.168.1.55","192.168.1.2","TCP","1514","8004  >  35900 [ACK] Seq=349158 Ack=141 Win=65024 Len=1448 TSval=2916035558 TSecr=3045555333 [TCP segment of a reassembled PDU]"
"23059","31.478089063","192.168.1.55","192.168.1.2","TCP","1514","8004  >  35900 [ACK] Seq=350606 Ack=141 Win=65024 Len=1448 TSval=2916035558 TSecr=3045555333 [TCP segment of a reassembled PDU]"
"23060","31.478090175","192.168.1.55","192.168.1.2","TCP","1514","8004  >  35900 [ACK] Seq=352054 Ack=141 Win=65024 Len=1448 TSval=2916035558 TSecr=3045555333 [TCP segment of a reassembled PDU]"
"23061","31.478091786","192.168.1.55","192.168.1.2","TCP","1514","8004  >  35900 [ACK] Seq=353502 Ack=141 Win=65024 Len=1448 TSval=2916035558 TSecr=3045555333 [TCP segment of a reassembled PDU]"
"23062","31.478092804","192.168.1.55","192.168.1.2","TCP","1514","8004  >  35900 [ACK] Seq=354950 Ack=141 Win=65024 Len=1448 TSval=2916035558 TSecr=3045555333 [TCP segment of a reassembled PDU]"
"23063","31.478094008","192.168.1.55","192.168.1.2","TCP","1514","8004  >  35900 [ACK] Seq=356398 Ack=141 Win=65024 Len=1448 TSval=2916035558 TSecr=3045555333 [TCP segment of a reassembled PDU]"
"23064","31.478095193","192.168.1.55","192.168.1.2","TCP","1514","8004  >  35900 [ACK] Seq=357846 Ack=141 Win=65024 Len=1448 TSval=2916035558 TSecr=3045555333 [TCP segment of a reassembled PDU]"
"23065","31.478096341","192.168.1.55","192.168.1.2","TCP","1514","8004  >  35900 [ACK] Seq=359294 Ack=141 Win=65024 Len=1448 TSval=2916035558 TSecr=3045555333 [TCP segment of a reassembled PDU]"
"23066","31.478097897","192.168.1.55","192.168.1.2","TCP","1514","8004  >  35900 [ACK] Seq=360742 Ack=141 Win=65024 Len=1448 TSval=2916035558 TSecr=3045555333 [TCP segment of a reassembled PDU]"
"23067","31.478099063","192.168.1.55","192.168.1.2","TCP","1514","8004  >  35900 [ACK] Seq=362190 Ack=141 Win=65024 Len=1448 TSval=2916035558 TSecr=3045555333 [TCP segment of a reassembled PDU]"
"23068","31.478100286","192.168.1.55","192.168.1.2","TCP","1514","8004  >  35900 [ACK] Seq=363638 Ack=141 Win=65024 Len=1448 TSval=2916035558 TSecr=3045555333 [TCP segment of a reassembled PDU]"
"23069","31.478101637","192.168.1.55","192.168.1.2","TCP","1514","8004  >  35900 [ACK] Seq=365086 Ack=141 Win=65024 Len=1448 TSval=2916035558 TSecr=3045555333 [TCP segment of a reassembled PDU]"
"23070","31.478102712","192.168.1.55","192.168.1.2","TCP","1514","8004  >  35900 [ACK] Seq=366534 Ack=141 Win=65024 Len=1448 TSval=2916035558 TSecr=3045555333 [TCP segment of a reassembled PDU]"
"23071","31.478103675","192.168.1.55","192.168.1.2","TCP","1514","8004  >  35900 [ACK] Seq=367982 Ack=141 Win=65024 Len=1448 TSval=2916035558 TSecr=3045555333 [TCP segment of a reassembled PDU]"
"23072","31.478104730","192.168.1.55","192.168.1.2","TCP","1514","8004  >  35900 [ACK] Seq=369430 Ack=141 Win=65024 Len=1448 TSval=2916035558 TSecr=3045555333 [TCP segment of a reassembled PDU]"
"23073","31.478106471","192.168.1.55","192.168.1.2","TCP","1514","8004  >  35900 [ACK] Seq=370878 Ack=141 Win=65024 Len=1448 TSval=2916035558 TSecr=3045555333 [TCP segment of a reassembled PDU]"
"23074","31.478107730","192.168.1.55","192.168.1.2","TCP","1514","8004  >  35900 [PSH, ACK] Seq=372326 Ack=141 Win=65024 Len=1448 TSval=2916035558 TSecr=3045555333 [TCP segment of a reassembled PDU]"
"23075","31.478111675","192.168.1.2","192.168.1.55","TCP","66","35900  >  8004 [ACK] Seq=141 Ack=285446 Win=120832 Len=0 TSval=3045555333 TSecr=2916035552"
"23076","31.478117563","192.168.1.2","192.168.1.55","TCP","66","35900  >  8004 [ACK] Seq=141 Ack=324542 Win=121856 Len=0 TSval=3045555333 TSecr=2916035552"
"23077","31.478157508","192.168.1.55","192.168.1.2","TCP","1514","8004  >  35900 [ACK] Seq=373774 Ack=141 Win=65024 Len=1448 TSval=2916035558 TSecr=3045555333 [TCP segment of a reassembled PDU]"
"23078","31.478160341","192.168.1.55","192.168.1.2","TCP","1514","8004  >  35900 [ACK] Seq=375222 Ack=141 Win=65024 Len=1448 TSval=2916035558 TSecr=3045555333 [TCP segment of a reassembled PDU]"
"23079","31.478161397","192.168.1.55","192.168.1.2","TCP","1514","8004  >  35900 [ACK] Seq=376670 Ack=141 Win=65024 Len=1448 TSval=2916035558 TSecr=3045555333 [TCP segment of a reassembled PDU]"
"23080","31.478162471","192.168.1.55","192.168.1.2","TCP","1514","8004  >  35900 [ACK] Seq=378118 Ack=141 Win=65024 Len=1448 TSval=2916035558 TSecr=3045555333 [TCP segment of a reassembled PDU]"
"23081","31.478163601","192.168.1.55","192.168.1.2","TCP","1514","8004  >  35900 [ACK] Seq=379566 Ack=141 Win=65024 Len=1448 TSval=2916035558 TSecr=3045555333 [TCP segment of a reassembled PDU]"
"23082","31.478164564","192.168.1.55","192.168.1.2","TCP","1514","8004  >  35900 [ACK] Seq=381014 Ack=141 Win=65024 Len=1448 TSval=2916035558 TSecr=3045555333 [TCP segment of a reassembled PDU]"
"23083","31.478165712","192.168.1.55","192.168.1.2","TCP","1514","8004  >  35900 [ACK] Seq=382462 Ack=141 Win=65024 Len=1448 TSval=2916035558 TSecr=3045555333 [TCP segment of a reassembled PDU]"
"23084","31.478166860","192.168.1.55","192.168.1.2","TCP","1514","8004  >  35900 [ACK] Seq=383910 Ack=141 Win=65024 Len=1448 TSval=2916035558 TSecr=3045555333 [TCP segment of a reassembled PDU]"
"23085","31.478167952","192.168.1.55","192.168.1.2","TCP","1514","8004  >  35900 [ACK] Seq=385358 Ack=141 Win=65024 Len=1448 TSval=2916035558 TSecr=3045555333 [TCP segment of a reassembled PDU]"
"23086","31.478168915","192.168.1.55","192.168.1.2","TCP","1514","8004  >  35900 [ACK] Seq=386806 Ack=141 Win=65024 Len=1448 TSval=2916035558 TSecr=3045555333 [TCP segment of a reassembled PDU]"
"23087","31.478169934","192.168.1.55","192.168.1.2","TCP","1514","8004  >  35900 [ACK] Seq=388254 Ack=141 Win=65024 Len=1448 TSval=2916035558 TSecr=3045555333 [TCP segment of a reassembled PDU]"
"23088","31.478171138","192.168.1.55","192.168.1.2","TCP","1514","8004  >  35900 [ACK] Seq=389702 Ack=141 Win=65024 Len=1448 TSval=2916035558 TSecr=3045555333 [TCP segment of a reassembled PDU]"
"23089","31.478172378","192.168.1.55","192.168.1.2","TCP","1514","8004  >  35900 [ACK] Seq=391150 Ack=141 Win=65024 Len=1448 TSval=2916035558 TSecr=3045555333 [TCP segment of a reassembled PDU]"
"23090","31.478173619","192.168.1.55","192.168.1.2","TCP","1514","8004  >  35900 [ACK] Seq=392598 Ack=141 Win=65024 Len=1448 TSval=2916035558 TSecr=3045555333 [TCP segment of a reassembled PDU]"
"23091","31.478174601","192.168.1.55","192.168.1.2","TCP","1514","8004  >  35900 [ACK] Seq=394046 Ack=141 Win=65024 Len=1448 TSval=2916035558 TSecr=3045555333 [TCP segment of a reassembled PDU]"
"23092","31.478175564","192.168.1.55","192.168.1.2","TCP","1514","8004  >  35900 [ACK] Seq=395494 Ack=141 Win=65024 Len=1448 TSval=2916035558 TSecr=3045555333 [TCP segment of a reassembled PDU]"
"23093","31.478176638","192.168.1.55","192.168.1.2","TCP","1514","8004  >  35900 [ACK] Seq=396942 Ack=141 Win=65024 Len=1448 TSval=2916035558 TSecr=3045555333 [TCP segment of a reassembled PDU]"
"23094","31.478177749","192.168.1.55","192.168.1.2","TCP","1514","8004  >  35900 [ACK] Seq=398390 Ack=141 Win=65024 Len=1448 TSval=2916035558 TSecr=3045555333 [TCP segment of a reassembled PDU]"
"23095","31.478178897","192.168.1.55","192.168.1.2","TCP","1514","8004  >  35900 [ACK] Seq=399838 Ack=141 Win=65024 Len=1448 TSval=2916035558 TSecr=3045555333 [TCP segment of a reassembled PDU]"
"23096","31.478180471","192.168.1.55","192.168.1.2","TCP","1514","8004  >  35900 [ACK] Seq=401286 Ack=141 Win=65024 Len=1448 TSval=2916035558 TSecr=3045555333 [TCP segment of a reassembled PDU]"
"23097","31.478181452","192.168.1.55","192.168.1.2","TCP","1514","8004  >  35900 [ACK] Seq=402734 Ack=141 Win=65024 Len=1448 TSval=2916035558 TSecr=3045555333 [TCP segment of a reassembled PDU]"
"23098","31.478182508","192.168.1.55","192.168.1.2","TCP","1514","8004  >  35900 [ACK] Seq=404182 Ack=141 Win=65024 Len=1448 TSval=2916035558 TSecr=3045555333 [TCP segment of a reassembled PDU]"
"23099","31.478183527","192.168.1.55","192.168.1.2","TCP","1514","8004  >  35900 [ACK] Seq=405630 Ack=141 Win=65024 Len=1448 TSval=2916035558 TSecr=3045555333 [TCP segment of a reassembled PDU]"
"23100","31.478184878","192.168.1.55","192.168.1.2","TCP","1514","8004  >  35900 [ACK] Seq=407078 Ack=141 Win=65024 Len=1448 TSval=2916035558 TSecr=3045555333 [TCP segment of a reassembled PDU]"
"23101","31.478186045","192.168.1.55","192.168.1.2","TCP","1514","8004  >  35900 [ACK] Seq=408526 Ack=141 Win=65024 Len=1448 TSval=2916035558 TSecr=3045555333 [TCP segment of a reassembled PDU]"
"23102","31.478187304","192.168.1.55","192.168.1.2","TCP","1514","8004  >  35900 [ACK] Seq=409974 Ack=141 Win=65024 Len=1448 TSval=2916035558 TSecr=3045555333 [TCP segment of a reassembled PDU]"
"23103","31.478188434","192.168.1.55","192.168.1.2","TCP","1514","8004  >  35900 [ACK] Seq=411422 Ack=141 Win=65024 Len=1448 TSval=2916035558 TSecr=3045555333 [TCP segment of a reassembled PDU]"
"23104","31.478189508","192.168.1.55","192.168.1.2","TCP","1514","8004  >  35900 [ACK] Seq=412870 Ack=141 Win=65024 Len=1448 TSval=2916035558 TSecr=3045555333 [TCP segment of a reassembled PDU]"
"23105","31.478190989","192.168.1.55","192.168.1.2","TCP","1514","8004  >  35900 [ACK] Seq=414318 Ack=141 Win=65024 Len=1448 TSval=2916035558 TSecr=3045555333 [TCP segment of a reassembled PDU]"
"23106","31.478192212","192.168.1.55","192.168.1.2","TCP","1514","8004  >  35900 [ACK] Seq=415766 Ack=141 Win=65024 Len=1448 TSval=2916035558 TSecr=3045555333 [TCP segment of a reassembled PDU]"
"23107","31.478193230","192.168.1.55","192.168.1.2","TCP","1514","8004  >  35900 [PSH, ACK] Seq=417214 Ack=141 Win=65024 Len=1448 TSval=2916035558 TSecr=3045555333 [TCP segment of a reassembled PDU]"
"23108","31.479383399","192.168.1.55","192.168.1.2","TCP","1514","8004  >  35900 [ACK] Seq=418662 Ack=141 Win=65024 Len=1448 TSval=2916035560 TSecr=3045555333 [TCP segment of a reassembled PDU]"
"23109","31.479386306","192.168.1.55","192.168.1.2","TCP","1514","8004  >  35900 [ACK] Seq=420110 Ack=141 Win=65024 Len=1448 TSval=2916035560 TSecr=3045555333 [TCP segment of a reassembled PDU]"
"23110","31.479387288","192.168.1.55","192.168.1.2","TCP","1514","8004  >  35900 [ACK] Seq=421558 Ack=141 Win=65024 Len=1448 TSval=2916035560 TSecr=3045555333 [TCP segment of a reassembled PDU]"
"23111","31.479388436","192.168.1.55","192.168.1.2","TCP","1514","8004  >  35900 [ACK] Seq=423006 Ack=141 Win=65024 Len=1448 TSval=2916035560 TSecr=3045555333 [TCP segment of a reassembled PDU]"
"23112","31.479389547","192.168.1.55","192.168.1.2","TCP","1514","8004  >  35900 [ACK] Seq=424454 Ack=141 Win=65024 Len=1448 TSval=2916035560 TSecr=3045555333 [TCP segment of a reassembled PDU]"
"23113","31.479390695","192.168.1.55","192.168.1.2","TCP","1514","8004  >  35900 [ACK] Seq=425902 Ack=141 Win=65024 Len=1448 TSval=2916035560 TSecr=3045555333 [TCP segment of a reassembled PDU]"
"23114","31.479391899","192.168.1.55","192.168.1.2","TCP","1514","8004  >  35900 [ACK] Seq=427350 Ack=141 Win=65024 Len=1448 TSval=2916035560 TSecr=3045555333 [TCP segment of a reassembled PDU]"
"23115","31.479392825","192.168.1.55","192.168.1.2","TCP","1514","8004  >  35900 [ACK] Seq=428798 Ack=141 Win=65024 Len=1448 TSval=2916035560 TSecr=3045555333 [TCP segment of a reassembled PDU]"
"23116","31.479401714","192.168.1.55","192.168.1.2","TCP","1514","8004  >  35900 [ACK] Seq=430246 Ack=141 Win=65024 Len=1448 TSval=2916035560 TSecr=3045555333 [TCP segment of a reassembled PDU]"
"23117","31.479404214","192.168.1.55","192.168.1.2","TCP","1514","8004  >  35900 [ACK] Seq=431694 Ack=141 Win=65024 Len=1448 TSval=2916035560 TSecr=3045555333 [TCP segment of a reassembled PDU]"
"23118","31.479405862","192.168.1.55","192.168.1.2","TCP","1514","8004  >  35900 [ACK] Seq=433142 Ack=141 Win=65024 Len=1448 TSval=2916035560 TSecr=3045555333 [TCP segment of a reassembled PDU]"
"23119","31.479407065","192.168.1.55","192.168.1.2","TCP","1514","8004  >  35900 [ACK] Seq=434590 Ack=141 Win=65024 Len=1448 TSval=2916035560 TSecr=3045555333 [TCP segment of a reassembled PDU]"
"23120","31.479408547","192.168.1.55","192.168.1.2","TCP","1514","8004  >  35900 [ACK] Seq=436038 Ack=141 Win=65024 Len=1448 TSval=2916035560 TSecr=3045555333 [TCP segment of a reassembled PDU]"
"23121","31.479410510","192.168.1.55","192.168.1.2","TCP","1514","8004  >  35900 [ACK] Seq=437486 Ack=141 Win=65024 Len=1448 TSval=2916035560 TSecr=3045555333 [TCP segment of a reassembled PDU]"
"23122","31.479411788","192.168.1.55","192.168.1.2","TCP","1514","8004  >  35900 [ACK] Seq=438934 Ack=141 Win=65024 Len=1448 TSval=2916035560 TSecr=3045555333 [TCP segment of a reassembled PDU]"
"23123","31.479413010","192.168.1.55","192.168.1.2","TCP","1514","8004  >  35900 [ACK] Seq=440382 Ack=141 Win=65024 Len=1448 TSval=2916035560 TSecr=3045555333 [TCP segment of a reassembled PDU]"
"23124","31.479414251","192.168.1.55","192.168.1.2","TCP","1514","8004  >  35900 [ACK] Seq=441830 Ack=141 Win=65024 Len=1448 TSval=2916035560 TSecr=3045555333 [TCP segment of a reassembled PDU]"
"23125","31.479416065","192.168.1.55","192.168.1.2","TCP","1514","8004  >  35900 [ACK] Seq=443278 Ack=141 Win=65024 Len=1448 TSval=2916035560 TSecr=3045555333 [TCP segment of a reassembled PDU]"
"23126","31.479418491","192.168.1.55","192.168.1.2","TCP","1514","8004  >  35900 [ACK] Seq=444726 Ack=141 Win=65024 Len=1448 TSval=2916035560 TSecr=3045555333 [TCP segment of a reassembled PDU]"
"23127","31.479421121","192.168.1.55","192.168.1.2","TCP","290","[TCP Window Full] 8004  >  35900 [PSH, ACK] Seq=446174 Ack=141 Win=65024 Len=224 TSval=2916035560 TSecr=3045555333 [TCP segment of a reassembled PDU]"
"23128","31.485031667","192.168.1.2","192.168.1.55","TCP","66","35900  >  8004 [ACK] Seq=141 Ack=328886 Win=131072 Len=0 TSval=3045555337 TSecr=2916035558"
"23129","31.485061204","192.168.1.55","192.168.1.2","TCP","1514","8004  >  35900 [ACK] Seq=446398 Ack=141 Win=65024 Len=1448 TSval=2916035565 TSecr=3045555337 [TCP segment of a reassembled PDU]"
"23130","31.485064852","192.168.1.55","192.168.1.2","TCP","1514","8004  >  35900 [ACK] Seq=447846 Ack=141 Win=65024 Len=1448 TSval=2916035565 TSecr=3045555337 [TCP segment of a reassembled PDU]"
"23131","31.485065908","192.168.1.55","192.168.1.2","TCP","1514","8004  >  35900 [ACK] Seq=449294 Ack=141 Win=65024 Len=1448 TSval=2916035565 TSecr=3045555337 [TCP segment of a reassembled PDU]"
"23132","31.485067148","192.168.1.55","192.168.1.2","TCP","1514","8004  >  35900 [ACK] Seq=450742 Ack=141 Win=65024 Len=1448 TSval=2916035565 TSecr=3045555337 [TCP segment of a reassembled PDU]"
"23133","31.485068223","192.168.1.55","192.168.1.2","TCP","1514","8004  >  35900 [ACK] Seq=452190 Ack=141 Win=65024 Len=1448 TSval=2916035565 TSecr=3045555337 [TCP segment of a reassembled PDU]"
"23134","31.485069315","192.168.1.55","192.168.1.2","TCP","1514","8004  >  35900 [ACK] Seq=453638 Ack=141 Win=65024 Len=1448 TSval=2916035565 TSecr=3045555337 [TCP segment of a reassembled PDU]"
"23135","31.485070371","192.168.1.55","192.168.1.2","TCP","1514","8004  >  35900 [ACK] Seq=455086 Ack=141 Win=65024 Len=1448 TSval=2916035565 TSecr=3045555337 [TCP segment of a reassembled PDU]"
"23136","31.485071445","192.168.1.55","192.168.1.2","TCP","1514","8004  >  35900 [ACK] Seq=456534 Ack=141 Win=65024 Len=1448 TSval=2916035565 TSecr=3045555337 [TCP segment of a reassembled PDU]"
"23137","31.485072574","192.168.1.55","192.168.1.2","TCP","1514","8004  >  35900 [PSH, ACK] Seq=457982 Ack=141 Win=65024 Len=1448 TSval=2916035565 TSecr=3045555337 [TCP segment of a reassembled PDU]"
"23138","31.485473927","192.168.1.2","192.168.1.55","TCP","66","35900  >  8004 [ACK] Seq=141 Ack=370878 Win=131072 Len=0 TSval=3045555337 TSecr=2916035558"
"23139","31.485486334","192.168.1.55","192.168.1.2","TCP","1514","8004  >  35900 [ACK] Seq=459430 Ack=141 Win=65024 Len=1448 TSval=2916035566 TSecr=3045555337 [TCP segment of a reassembled PDU]"
"23140","31.485488168","192.168.1.55","192.168.1.2","TCP","1514","8004  >  35900 [PSH, ACK] Seq=460878 Ack=141 Win=65024 Len=1448 TSval=2916035566 TSecr=3045555337 [TCP segment of a reassembled PDU]"
"23141","31.485493205","192.168.1.55","192.168.1.2","TCP","1290","8004  >  35900 [ACK] Seq=462326 Ack=141 Win=65024 Len=1224 TSval=2916035566 TSecr=3045555337 [TCP segment of a reassembled PDU]"
"23142","31.485517205","192.168.1.55","192.168.1.2","TCP","1514","8004  >  35900 [ACK] Seq=463550 Ack=141 Win=65024 Len=1448 TSval=2916035566 TSecr=3045555337 [TCP segment of a reassembled PDU]"
"23143","31.485518390","192.168.1.55","192.168.1.2","TCP","1514","8004  >  35900 [ACK] Seq=464998 Ack=141 Win=65024 Len=1448 TSval=2916035566 TSecr=3045555337 [TCP segment of a reassembled PDU]"
"23144","31.485519501","192.168.1.55","192.168.1.2","TCP","1514","8004  >  35900 [ACK] Seq=466446 Ack=141 Win=65024 Len=1448 TSval=2916035566 TSecr=3045555337 [TCP segment of a reassembled PDU]"
"23145","31.485520483","192.168.1.55","192.168.1.2","TCP","1514","8004  >  35900 [ACK] Seq=467894 Ack=141 Win=65024 Len=1448 TSval=2916035566 TSecr=3045555337 [TCP segment of a reassembled PDU]"
"23146","31.485521816","192.168.1.55","192.168.1.2","TCP","1514","8004  >  35900 [ACK] Seq=469342 Ack=141 Win=65024 Len=1448 TSval=2916035566 TSecr=3045555337 [TCP segment of a reassembled PDU]"
"23147","31.485522871","192.168.1.55","192.168.1.2","TCP","1514","8004  >  35900 [ACK] Seq=470790 Ack=141 Win=65024 Len=1448 TSval=2916035566 TSecr=3045555337 [TCP segment of a reassembled PDU]"
"23148","31.485523853","192.168.1.55","192.168.1.2","TCP","1514","8004  >  35900 [ACK] Seq=472238 Ack=141 Win=65024 Len=1448 TSval=2916035566 TSecr=3045555337 [TCP segment of a reassembled PDU]"
"23149","31.485525020","192.168.1.55","192.168.1.2","TCP","1514","8004  >  35900 [ACK] Seq=473686 Ack=141 Win=65024 Len=1448 TSval=2916035566 TSecr=3045555337 [TCP segment of a reassembled PDU]"
"23150","31.485525964","192.168.1.55","192.168.1.2","TCP","1514","8004  >  35900 [ACK] Seq=475134 Ack=141 Win=65024 Len=1448 TSval=2916035566 TSecr=3045555337 [TCP segment of a reassembled PDU]"
"23151","31.485527020","192.168.1.55","192.168.1.2","TCP","1514","8004  >  35900 [ACK] Seq=476582 Ack=141 Win=65024 Len=1448 TSval=2916035566 TSecr=3045555337 [TCP segment of a reassembled PDU]"
"23152","31.485528427","192.168.1.55","192.168.1.2","TCP","1514","8004  >  35900 [ACK] Seq=478030 Ack=141 Win=65024 Len=1448 TSval=2916035566 TSecr=3045555337 [TCP segment of a reassembled PDU]"
"23153","31.485529427","192.168.1.55","192.168.1.2","TCP","1514","8004  >  35900 [ACK] Seq=479478 Ack=141 Win=65024 Len=1448 TSval=2916035566 TSecr=3045555337 [TCP segment of a reassembled PDU]"
"23154","31.485530538","192.168.1.55","192.168.1.2","TCP","1514","8004  >  35900 [ACK] Seq=480926 Ack=141 Win=65024 Len=1448 TSval=2916035566 TSecr=3045555337 [TCP segment of a reassembled PDU]"
"23155","31.485531483","192.168.1.55","192.168.1.2","TCP","1514","8004  >  35900 [ACK] Seq=482374 Ack=141 Win=65024 Len=1448 TSval=2916035566 TSecr=3045555337 [TCP segment of a reassembled PDU]"
"23156","31.485532483","192.168.1.55","192.168.1.2","TCP","1514","8004  >  35900 [ACK] Seq=483822 Ack=141 Win=65024 Len=1448 TSval=2916035566 TSecr=3045555337 [TCP segment of a reassembled PDU]"
"23157","31.485533483","192.168.1.55","192.168.1.2","TCP","1514","8004  >  35900 [ACK] Seq=485270 Ack=141 Win=65024 Len=1448 TSval=2916035566 TSecr=3045555337 [TCP segment of a reassembled PDU]"
"23158","31.485534557","192.168.1.55","192.168.1.2","TCP","1514","8004  >  35900 [ACK] Seq=486718 Ack=141 Win=65024 Len=1448 TSval=2916035566 TSecr=3045555337 [TCP segment of a reassembled PDU]"
"23159","31.485535723","192.168.1.55","192.168.1.2","TCP","1514","8004  >  35900 [ACK] Seq=488166 Ack=141 Win=65024 Len=1448 TSval=2916035566 TSecr=3045555337 [TCP segment of a reassembled PDU]"
"23160","31.485536760","192.168.1.55","192.168.1.2","TCP","1514","8004  >  35900 [ACK] Seq=489614 Ack=141 Win=65024 Len=1448 TSval=2916035566 TSecr=3045555337 [TCP segment of a reassembled PDU]"
"23161","31.485537945","192.168.1.55","192.168.1.2","TCP","1514","8004  >  35900 [ACK] Seq=491062 Ack=141 Win=65024 Len=1448 TSval=2916035566 TSecr=3045555337 [TCP segment of a reassembled PDU]"
"23162","31.485539094","192.168.1.55","192.168.1.2","TCP","1514","8004  >  35900 [ACK] Seq=492510 Ack=141 Win=65024 Len=1448 TSval=2916035566 TSecr=3045555337 [TCP segment of a reassembled PDU]"
"23163","31.485540223","192.168.1.55","192.168.1.2","TCP","1514","8004  >  35900 [ACK] Seq=493958 Ack=141 Win=65024 Len=1448 TSval=2916035566 TSecr=3045555337 [TCP segment of a reassembled PDU]"
"23164","31.485541242","192.168.1.55","192.168.1.2","TCP","1514","8004  >  35900 [ACK] Seq=495406 Ack=141 Win=65024 Len=1448 TSval=2916035566 TSecr=3045555337 [TCP segment of a reassembled PDU]"
"23165","31.485542242","192.168.1.55","192.168.1.2","TCP","1514","8004  >  35900 [PSH, ACK] Seq=496854 Ack=141 Win=65024 Len=1448 TSval=2916035566 TSecr=3045555337 [TCP segment of a reassembled PDU]"
"23166","31.485545371","192.168.1.55","192.168.1.2","HTTP","1472","HTTP/1.0 200 OK  (PNG)"
"23167","31.487903968","192.168.1.2","192.168.1.55","TCP","66","35900  >  8004 [ACK] Seq=141 Ack=373774 Win=136192 Len=0 TSval=3045555341 TSecr=2916035558"
"23168","31.488030079","192.168.1.2","192.168.1.55","TCP","66","35900  >  8004 [ACK] Seq=141 Ack=418662 Win=131072 Len=0 TSval=3045555341 TSecr=2916035558"
"23169","31.488036727","192.168.1.2","192.168.1.55","TCP","66","35900  >  8004 [ACK] Seq=141 Ack=440382 Win=109568 Len=0 TSval=3045555341 TSecr=2916035560"
"23170","31.489754360","192.168.1.2","192.168.1.55","TCP","66","35900  >  8004 [ACK] Seq=141 Ack=446398 Win=148480 Len=0 TSval=3045555342 TSecr=2916035560"
"23171","31.490718102","192.168.1.2","192.168.1.55","TCP","66","35900  >  8004 [ACK] Seq=141 Ack=459430 Win=174080 Len=0 TSval=3045555346 TSecr=2916035565"
"23172","31.490840713","192.168.1.2","192.168.1.55","TCP","66","35900  >  8004 [ACK] Seq=141 Ack=462326 Win=180224 Len=0 TSval=3045555346 TSecr=2916035566"
"23173","31.490844972","192.168.1.2","192.168.1.55","TCP","66","35900  >  8004 [ACK] Seq=141 Ack=498302 Win=183296 Len=0 TSval=3045555346 TSecr=2916035566"
"23174","31.492189567","192.168.1.2","192.168.1.55","TCP","66","35900  >  8004 [FIN, ACK] Seq=141 Ack=499709 Win=186368 Len=0 TSval=3045555346 TSecr=2916035566"
"23175","31.492204715","192.168.1.55","192.168.1.2","TCP","66","8004  >  35900 [ACK] Seq=499709 Ack=142 Win=65024 Len=0 TSval=2916035572 TSecr=3045555346"
"23176","31.492303382","192.168.1.2","192.168.1.55","TCP","74","35908  >  8004 [SYN] Seq=0 Win=64240 Len=0 MSS=1460 SACK_PERM TSval=3045555347 TSecr=0 WS=1024"
"23177","31.492324530","192.168.1.55","192.168.1.2","TCP","74","8004  >  35908 [SYN, ACK] Seq=0 Ack=1 Win=65160 Len=0 MSS=1460 SACK_PERM TSval=2916035573 TSecr=3045555347 WS=128"
"23178","31.495498276","192.168.1.2","192.168.1.55","TCP","66","35908  >  8004 [ACK] Seq=1 Ack=1 Win=64512 Len=0 TSval=3045555350 TSecr=2916035573"
"23179","31.498755651","192.168.1.2","192.168.1.55","HTTP","209","GET /original_benchmark.png HTTP/1.1 "
"23180","31.498791003","192.168.1.55","192.168.1.2","TCP","66","8004  >  35908 [ACK] Seq=1 Ack=144 Win=65024 Len=0 TSval=2916035579 TSecr=3045555350"
"23181","31.499975302","192.168.1.55","192.168.1.2","TCP","255","8004  >  35908 [PSH, ACK] Seq=1 Ack=144 Win=65024 Len=189 TSval=2916035580 TSecr=3045555350 [TCP segment of a reassembled PDU]"
"23182","31.500152913","192.168.1.55","192.168.1.2","TCP","1514","8004  >  35908 [ACK] Seq=190 Ack=144 Win=65024 Len=1448 TSval=2916035580 TSecr=3045555350 [TCP segment of a reassembled PDU]"
"23183","31.500168635","192.168.1.55","192.168.1.2","TCP","1514","8004  >  35908 [ACK] Seq=1638 Ack=144 Win=65024 Len=1448 TSval=2916035580 TSecr=3045555350 [TCP segment of a reassembled PDU]"
"23184","31.500170283","192.168.1.55","192.168.1.2","TCP","1514","8004  >  35908 [ACK] Seq=3086 Ack=144 Win=65024 Len=1448 TSval=2916035580 TSecr=3045555350 [TCP segment of a reassembled PDU]"
"23185","31.500171765","192.168.1.55","192.168.1.2","TCP","1514","8004  >  35908 [ACK] Seq=4534 Ack=144 Win=65024 Len=1448 TSval=2916035580 TSecr=3045555350 [TCP segment of a reassembled PDU]"
"23186","31.500173117","192.168.1.55","192.168.1.2","TCP","1514","8004  >  35908 [PSH, ACK] Seq=5982 Ack=144 Win=65024 Len=1448 TSval=2916035580 TSecr=3045555350 [TCP segment of a reassembled PDU]"
"23187","31.500218487","192.168.1.55","192.168.1.2","TCP","1514","8004  >  35908 [ACK] Seq=7430 Ack=144 Win=65024 Len=1448 TSval=2916035580 TSecr=3045555350 [TCP segment of a reassembled PDU]"
"23188","31.500223061","192.168.1.55","192.168.1.2","TCP","1514","8004  >  35908 [ACK] Seq=8878 Ack=144 Win=65024 Len=1448 TSval=2916035580 TSecr=3045555350 [TCP segment of a reassembled PDU]"
"23189","31.500225339","192.168.1.55","192.168.1.2","TCP","1514","8004  >  35908 [ACK] Seq=10326 Ack=144 Win=65024 Len=1448 TSval=2916035580 TSecr=3045555350 [TCP segment of a reassembled PDU]"
"23190","31.500226709","192.168.1.55","192.168.1.2","TCP","1514","8004  >  35908 [PSH, ACK] Seq=11774 Ack=144 Win=65024 Len=1448 TSval=2916035580 TSecr=3045555350 [TCP segment of a reassembled PDU]"
"23191","31.503855400","192.168.1.2","192.168.1.55","TCP","66","35908  >  8004 [ACK] Seq=144 Ack=190 Win=64512 Len=0 TSval=3045555358 TSecr=2916035580"
"23192","31.503943086","192.168.1.55","192.168.1.2","TCP","1514","8004  >  35908 [ACK] Seq=13222 Ack=144 Win=65024 Len=1448 TSval=2916035584 TSecr=3045555358 [TCP segment of a reassembled PDU]"
"23193","31.503951715","192.168.1.55","192.168.1.2","TCP","1514","8004  >  35908 [PSH, ACK] Seq=14670 Ack=144 Win=65024 Len=1448 TSval=2916035584 TSecr=3045555358 [TCP segment of a reassembled PDU]"
"23194","31.504072475","192.168.1.2","192.168.1.55","TCP","66","35908  >  8004 [ACK] Seq=144 Ack=4534 Win=64512 Len=0 TSval=3045555358 TSecr=2916035580"
"23195","31.504131475","192.168.1.55","192.168.1.2","TCP","1514","8004  >  35908 [ACK] Seq=16118 Ack=144 Win=65024 Len=1448 TSval=2916035584 TSecr=3045555358 [TCP segment of a reassembled PDU]"
"23196","31.504134641","192.168.1.55","192.168.1.2","TCP","1514","8004  >  35908 [ACK] Seq=17566 Ack=144 Win=65024 Len=1448 TSval=2916035584 TSecr=3045555358 [TCP segment of a reassembled PDU]"
"23197","31.504137234","192.168.1.55","192.168.1.2","TCP","1514","8004  >  35908 [ACK] Seq=19014 Ack=144 Win=65024 Len=1448 TSval=2916035584 TSecr=3045555358 [TCP segment of a reassembled PDU]"
"23198","31.504138790","192.168.1.55","192.168.1.2","TCP","1514","8004  >  35908 [ACK] Seq=20462 Ack=144 Win=65024 Len=1448 TSval=2916035584 TSecr=3045555358 [TCP segment of a reassembled PDU]"
"23199","31.504140938","192.168.1.55","192.168.1.2","TCP","1514","8004  >  35908 [ACK] Seq=21910 Ack=144 Win=65024 Len=1448 TSval=2916035584 TSecr=3045555358 [TCP segment of a reassembled PDU]"
"23200","31.504143549","192.168.1.55","192.168.1.2","TCP","1514","8004  >  35908 [PSH, ACK] Seq=23358 Ack=144 Win=65024 Len=1448 TSval=2916035584 TSecr=3045555358 [TCP segment of a reassembled PDU]"
"23201","31.504149716","192.168.1.2","192.168.1.55","TCP","66","35908  >  8004 [ACK] Seq=144 Ack=7430 Win=67584 Len=0 TSval=3045555359 TSecr=2916035580"
"23202","31.504157919","192.168.1.2","192.168.1.55","TCP","66","35908  >  8004 [ACK] Seq=144 Ack=13222 Win=65536 Len=0 TSval=3045555359 TSecr=2916035580"
"23203","31.504182216","192.168.1.55","192.168.1.2","TCP","1514","8004  >  35908 [ACK] Seq=24806 Ack=144 Win=65024 Len=1448 TSval=2916035584 TSecr=3045555359 [TCP segment of a reassembled PDU]"
"23204","31.504184475","192.168.1.55","192.168.1.2","TCP","1514","8004  >  35908 [ACK] Seq=26254 Ack=144 Win=65024 Len=1448 TSval=2916035584 TSecr=3045555359 [TCP segment of a reassembled PDU]"
"23205","31.504185382","192.168.1.55","192.168.1.2","TCP","1514","8004  >  35908 [ACK] Seq=27702 Ack=144 Win=65024 Len=1448 TSval=2916035584 TSecr=3045555359 [TCP segment of a reassembled PDU]"
"23206","31.504186345","192.168.1.55","192.168.1.2","TCP","1514","8004  >  35908 [ACK] Seq=29150 Ack=144 Win=65024 Len=1448 TSval=2916035584 TSecr=3045555359 [TCP segment of a reassembled PDU]"
"23207","31.504188104","192.168.1.55","192.168.1.2","TCP","1514","8004  >  35908 [ACK] Seq=30598 Ack=144 Win=65024 Len=1448 TSval=2916035584 TSecr=3045555359 [TCP segment of a reassembled PDU]"
"23208","31.504190049","192.168.1.55","192.168.1.2","TCP","1514","8004  >  35908 [ACK] Seq=32046 Ack=144 Win=65024 Len=1448 TSval=2916035584 TSecr=3045555359 [TCP segment of a reassembled PDU]"
"23209","31.504191530","192.168.1.55","192.168.1.2","TCP","1514","8004  >  35908 [ACK] Seq=33494 Ack=144 Win=65024 Len=1448 TSval=2916035584 TSecr=3045555359 [TCP segment of a reassembled PDU]"
"23210","31.504192642","192.168.1.55","192.168.1.2","TCP","1514","8004  >  35908 [ACK] Seq=34942 Ack=144 Win=65024 Len=1448 TSval=2916035584 TSecr=3045555359 [TCP segment of a reassembled PDU]"
"23211","31.504194067","192.168.1.55","192.168.1.2","TCP","1514","8004  >  35908 [ACK] Seq=36390 Ack=144 Win=65024 Len=1448 TSval=2916035584 TSecr=3045555359 [TCP segment of a reassembled PDU]"
"23212","31.504195716","192.168.1.55","192.168.1.2","TCP","1514","8004  >  35908 [PSH, ACK] Seq=37838 Ack=144 Win=65024 Len=1448 TSval=2916035584 TSecr=3045555359 [TCP segment of a reassembled PDU]"
"23213","31.504942902","192.168.1.55","192.168.1.2","TCP","1514","8004  >  35908 [ACK] Seq=39286 Ack=144 Win=65024 Len=1448 TSval=2916035585 TSecr=3045555359 [TCP segment of a reassembled PDU]"
"23214","31.504945272","192.168.1.55","192.168.1.2","TCP","1514","8004  >  35908 [PSH, ACK] Seq=40734 Ack=144 Win=65024 Len=1448 TSval=2916035585 TSecr=3045555359 [TCP segment of a reassembled PDU]"
"23215","31.508507408","192.168.1.2","192.168.1.55","TCP","66","35908  >  8004 [ACK] Seq=144 Ack=16118 Win=67584 Len=0 TSval=3045555363 TSecr=2916035584"
"23216","31.508557685","192.168.1.55","192.168.1.2","TCP","1514","8004  >  35908 [ACK] Seq=42182 Ack=144 Win=65024 Len=1448 TSval=2916035589 TSecr=3045555363 [TCP segment of a reassembled PDU]"
"23217","31.508564074","192.168.1.55","192.168.1.2","TCP","1514","8004  >  35908 [PSH, ACK] Seq=43630 Ack=144 Win=65024 Len=1448 TSval=2916035589 TSecr=3045555363 [TCP segment of a reassembled PDU]"
"23218","31.508667445","192.168.1.2","192.168.1.55","TCP","66","35908  >  8004 [ACK] Seq=144 Ack=24806 Win=63488 Len=0 TSval=3045555363 TSecr=2916035584"
"23219","31.508733963","192.168.1.55","192.168.1.2","TCP","1514","8004  >  35908 [ACK] Seq=45078 Ack=144 Win=65024 Len=1448 TSval=2916035589 TSecr=3045555363 [TCP segment of a reassembled PDU]"
"23220","31.508740649","192.168.1.55","192.168.1.2","TCP","1514","8004  >  35908 [ACK] Seq=46526 Ack=144 Win=65024 Len=1448 TSval=2916035589 TSecr=3045555363 [TCP segment of a reassembled PDU]"
"23221","31.508742038","192.168.1.55","192.168.1.2","TCP","1514","8004  >  35908 [ACK] Seq=47974 Ack=144 Win=65024 Len=1448 TSval=2916035589 TSecr=3045555363 [TCP segment of a reassembled PDU]"
"23222","31.508744464","192.168.1.55","192.168.1.2","TCP","1514","8004  >  35908 [ACK] Seq=49422 Ack=144 Win=65024 Len=1448 TSval=2916035589 TSecr=3045555363 [TCP segment of a reassembled PDU]"
"23223","31.508746186","192.168.1.55","192.168.1.2","TCP","1514","8004  >  35908 [ACK] Seq=50870 Ack=144 Win=65024 Len=1448 TSval=2916035589 TSecr=3045555363 [TCP segment of a reassembled PDU]"
"23224","31.508749075","192.168.1.55","192.168.1.2","TCP","1514","8004  >  35908 [ACK] Seq=52318 Ack=144 Win=65024 Len=1448 TSval=2916035589 TSecr=3045555363 [TCP segment of a reassembled PDU]"
"23225","31.508751630","192.168.1.55","192.168.1.2","TCP","1514","8004  >  35908 [ACK] Seq=53766 Ack=144 Win=65024 Len=1448 TSval=2916035589 TSecr=3045555363 [TCP segment of a reassembled PDU]"
"23226","31.508753001","192.168.1.55","192.168.1.2","TCP","1514","8004  >  35908 [ACK] Seq=55214 Ack=144 Win=65024 Len=1448 TSval=2916035589 TSecr=3045555363 [TCP segment of a reassembled PDU]"
"23227","31.508754426","192.168.1.55","192.168.1.2","TCP","1514","8004  >  35908 [ACK] Seq=56662 Ack=144 Win=65024 Len=1448 TSval=2916035589 TSecr=3045555363 [TCP segment of a reassembled PDU]"
"23228","31.508758112","192.168.1.55","192.168.1.2","TCP","1514","8004  >  35908 [ACK] Seq=58110 Ack=144 Win=65024 Len=1448 TSval=2916035589 TSecr=3045555363 [TCP segment of a reassembled PDU]"
"23229","31.508759889","192.168.1.55","192.168.1.2","TCP","1514","8004  >  35908 [ACK] Seq=59558 Ack=144 Win=65024 Len=1448 TSval=2916035589 TSecr=3045555363 [TCP segment of a reassembled PDU]"
"23230","31.508761852","192.168.1.55","192.168.1.2","TCP","1514","8004  >  35908 [ACK] Seq=61006 Ack=144 Win=65024 Len=1448 TSval=2916035589 TSecr=3045555363 [TCP segment of a reassembled PDU]"
"23231","31.508764593","192.168.1.55","192.168.1.2","TCP","1514","8004  >  35908 [ACK] Seq=62454 Ack=144 Win=65024 Len=1448 TSval=2916035589 TSecr=3045555363 [TCP segment of a reassembled PDU]"
"23232","31.508766889","192.168.1.55","192.168.1.2","TCP","1514","8004  >  35908 [PSH, ACK] Seq=63902 Ack=144 Win=65024 Len=1448 TSval=2916035589 TSecr=3045555363 [TCP segment of a reassembled PDU]"
"23233","31.508778315","192.168.1.2","192.168.1.55","TCP","66","35908  >  8004 [ACK] Seq=144 Ack=36390 Win=55296 Len=0 TSval=3045555363 TSecr=2916035584"
"23234","31.508857056","192.168.1.55","192.168.1.2","TCP","1514","8004  >  35908 [ACK] Seq=65350 Ack=144 Win=65024 Len=1448 TSval=2916035589 TSecr=3045555363 [TCP segment of a reassembled PDU]"
"23235","31.508864464","192.168.1.55","192.168.1.2","TCP","1514","8004  >  35908 [ACK] Seq=66798 Ack=144 Win=65024 Len=1448 TSval=2916035589 TSecr=3045555363 [TCP segment of a reassembled PDU]"
"23236","31.508868130","192.168.1.55","192.168.1.2","TCP","1514","8004  >  35908 [ACK] Seq=68246 Ack=144 Win=65024 Len=1448 TSval=2916035589 TSecr=3045555363 [TCP segment of a reassembled PDU]"
"23237","31.508870019","192.168.1.55","192.168.1.2","TCP","1514","8004  >  35908 [ACK] Seq=69694 Ack=144 Win=65024 Len=1448 TSval=2916035589 TSecr=3045555363 [TCP segment of a reassembled PDU]"
"23238","31.508871760","192.168.1.55","192.168.1.2","TCP","1514","8004  >  35908 [ACK] Seq=71142 Ack=144 Win=65024 Len=1448 TSval=2916035589 TSecr=3045555363 [TCP segment of a reassembled PDU]"
"23239","31.508873593","192.168.1.55","192.168.1.2","TCP","1514","8004  >  35908 [ACK] Seq=72590 Ack=144 Win=65024 Len=1448 TSval=2916035589 TSecr=3045555363 [TCP segment of a reassembled PDU]"
"23240","31.508876945","192.168.1.55","192.168.1.2","TCP","1514","8004  >  35908 [ACK] Seq=74038 Ack=144 Win=65024 Len=1448 TSval=2916035589 TSecr=3045555363 [TCP segment of a reassembled PDU]"
"23241","31.508879482","192.168.1.55","192.168.1.2","TCP","1514","8004  >  35908 [PSH, ACK] Seq=75486 Ack=144 Win=65024 Len=1448 TSval=2916035589 TSecr=3045555363 [TCP segment of a reassembled PDU]"
"23242","31.510040706","192.168.1.55","192.168.1.2","TCP","1514","8004  >  35908 [ACK] Seq=76934 Ack=144 Win=65024 Len=1448 TSval=2916035590 TSecr=3045555363 [TCP segment of a reassembled PDU]"
"23243","31.510055151","192.168.1.55","192.168.1.2","TCP","1514","8004  >  35908 [ACK] Seq=78382 Ack=144 Win=65024 Len=1448 TSval=2916035590 TSecr=3045555363 [TCP segment of a reassembled PDU]"
"23244","31.510057280","192.168.1.55","192.168.1.2","TCP","1514","8004  >  35908 [ACK] Seq=79830 Ack=144 Win=65024 Len=1448 TSval=2916035590 TSecr=3045555363 [TCP segment of a reassembled PDU]"
"23245","31.510059132","192.168.1.55","192.168.1.2","TCP","1514","8004  >  35908 [ACK] Seq=81278 Ack=144 Win=65024 Len=1448 TSval=2916035590 TSecr=3045555363 [TCP segment of a reassembled PDU]"
"23246","31.510060429","192.168.1.55","192.168.1.2","TCP","1514","8004  >  35908 [ACK] Seq=82726 Ack=144 Win=65024 Len=1448 TSval=2916035590 TSecr=3045555363 [TCP segment of a reassembled PDU]"
"23247","31.510063058","192.168.1.55","192.168.1.2","TCP","1514","8004  >  35908 [ACK] Seq=84174 Ack=144 Win=65024 Len=1448 TSval=2916035590 TSecr=3045555363 [TCP segment of a reassembled PDU]"
"23248","31.510067854","192.168.1.55","192.168.1.2","TCP","1514","8004  >  35908 [ACK] Seq=85622 Ack=144 Win=65024 Len=1448 TSval=2916035590 TSecr=3045555363 [TCP segment of a reassembled PDU]"
"23249","31.510069225","192.168.1.55","192.168.1.2","TCP","1514","8004  >  35908 [PSH, ACK] Seq=87070 Ack=144 Win=65024 Len=1448 TSval=2916035590 TSecr=3045555363 [TCP segment of a reassembled PDU]"
"23250","31.511211430","192.168.1.2","192.168.1.55","TCP","66","35908  >  8004 [ACK] Seq=144 Ack=39286 Win=67584 Len=0 TSval=3045555364 TSecr=2916035584"
"23251","31.511247079","192.168.1.55","192.168.1.2","TCP","1514","8004  >  35908 [ACK] Seq=88518 Ack=144 Win=65024 Len=1448 TSval=2916035591 TSecr=3045555364 [TCP segment of a reassembled PDU]"
"23252","31.511249819","192.168.1.55","192.168.1.2","TCP","1514","8004  >  35908 [ACK] Seq=89966 Ack=144 Win=65024 Len=1448 TSval=2916035591 TSecr=3045555364 [TCP segment of a reassembled PDU]"
"23253","31.511251190","192.168.1.55","192.168.1.2","TCP","1514","8004  >  35908 [ACK] Seq=91414 Ack=144 Win=65024 Len=1448 TSval=2916035591 TSecr=3045555364 [TCP segment of a reassembled PDU]"
"23254","31.511254079","192.168.1.55","192.168.1.2","TCP","1514","8004  >  35908 [PSH, ACK] Seq=92862 Ack=144 Win=65024 Len=1448 TSval=2916035591 TSecr=3045555364 [TCP segment of a reassembled PDU]"
"23255","31.511281690","192.168.1.2","192.168.1.55","TCP","66","35908  >  8004 [ACK] Seq=144 Ack=42182 Win=67584 Len=0 TSval=3045555364 TSecr=2916035585"
"23256","31.514822455","192.168.1.2","192.168.1.55","TCP","66","35908  >  8004 [ACK] Seq=144 Ack=45078 Win=65536 Len=0 TSval=3045555368 TSecr=2916035589"
"23257","31.514838269","192.168.1.55","192.168.1.2","TCP","1514","8004  >  35908 [ACK] Seq=94310 Ack=144 Win=65024 Len=1448 TSval=2916035595 TSecr=3045555368 [TCP segment of a reassembled PDU]"
"23258","31.514840177","192.168.1.55","192.168.1.2","TCP","1514","8004  >  35908 [ACK] Seq=95758 Ack=144 Win=65024 Len=1448 TSval=2916035595 TSecr=3045555368 [TCP segment of a reassembled PDU]"
"23259","31.514841232","192.168.1.55","192.168.1.2","TCP","1514","8004  >  35908 [ACK] Seq=97206 Ack=144 Win=65024 Len=1448 TSval=2916035595 TSecr=3045555368 [TCP segment of a reassembled PDU]"
"23260","31.514842232","192.168.1.55","192.168.1.2","TCP","1514","8004  >  35908 [ACK] Seq=98654 Ack=144 Win=65024 Len=1448 TSval=2916035595 TSecr=3045555368 [TCP segment of a reassembled PDU]"
"23261","31.514843677","192.168.1.55","192.168.1.2","TCP","1514","8004  >  35908 [ACK] Seq=100102 Ack=144 Win=65024 Len=1448 TSval=2916035595 TSecr=3045555368 [TCP segment of a reassembled PDU]"
"23262","31.514845029","192.168.1.55","192.168.1.2","TCP","1514","8004  >  35908 [ACK] Seq=101550 Ack=144 Win=65024 Len=1448 TSval=2916035595 TSecr=3045555368 [TCP segment of a reassembled PDU]"
"23263","31.514846510","192.168.1.55","192.168.1.2","TCP","1514","8004  >  35908 [ACK] Seq=102998 Ack=144 Win=65024 Len=1448 TSval=2916035595 TSecr=3045555368 [TCP segment of a reassembled PDU]"
"23264","31.514847973","192.168.1.55","192.168.1.2","TCP","1514","8004  >  35908 [PSH, ACK] Seq=104446 Ack=144 Win=65024 Len=1448 TSval=2916035595 TSecr=3045555368 [TCP segment of a reassembled PDU]"
"23265","31.515276178","192.168.1.2","192.168.1.55","TCP","66","35908  >  8004 [ACK] Seq=144 Ack=46526 Win=67584 Len=0 TSval=3045555368 TSecr=2916035589"
"23266","31.515282418","192.168.1.2","192.168.1.55","TCP","66","35908  >  8004 [ACK] Seq=144 Ack=65350 Win=56320 Len=0 TSval=3045555368 TSecr=2916035589"
"23267","31.515290159","192.168.1.55","192.168.1.2","TCP","1514","8004  >  35908 [ACK] Seq=105894 Ack=144 Win=65024 Len=1448 TSval=2916035595 TSecr=3045555368 [TCP segment of a reassembled PDU]"
"23268","31.515294844","192.168.1.55","192.168.1.2","TCP","1514","8004  >  35908 [ACK] Seq=107342 Ack=144 Win=65024 Len=1448 TSval=2916035595 TSecr=3045555368 [TCP segment of a reassembled PDU]"
"23269","31.515296548","192.168.1.55","192.168.1.2","TCP","1514","8004  >  35908 [PSH, ACK] Seq=108790 Ack=144 Win=65024 Len=1448 TSval=2916035595 TSecr=3045555368 [TCP segment of a reassembled PDU]"
"23270","31.515303066","192.168.1.2","192.168.1.55","TCP","66","35908  >  8004 [ACK] Seq=144 Ack=76934 Win=48128 Len=0 TSval=3045555368 TSecr=2916035589"
"23271","31.515311881","192.168.1.2","192.168.1.55","TCP","66","35908  >  8004 [ACK] Seq=144 Ack=88518 Win=38912 Len=0 TSval=3045555369 TSecr=2916035590"
"23272","31.515384918","192.168.1.55","192.168.1.2","TCP","1514","8004  >  35908 [ACK] Seq=110238 Ack=144 Win=65024 Len=1448 TSval=2916035596 TSecr=3045555369 [TCP segment of a reassembled PDU]"
"23273","31.515390400","192.168.1.55","192.168.1.2","TCP","1514","8004  >  35908 [ACK] Seq=111686 Ack=144 Win=65024 Len=1448 TSval=2916035596 TSecr=3045555369 [TCP segment of a reassembled PDU]"
"23274","31.515391807","192.168.1.55","192.168.1.2","TCP","1514","8004  >  35908 [ACK] Seq=113134 Ack=144 Win=65024 Len=1448 TSval=2916035596 TSecr=3045555369 [TCP segment of a reassembled PDU]"
"23275","31.515393381","192.168.1.55","192.168.1.2","TCP","1514","8004  >  35908 [ACK] Seq=114582 Ack=144 Win=65024 Len=1448 TSval=2916035596 TSecr=3045555369 [TCP segment of a reassembled PDU]"
"23276","31.515395400","192.168.1.55","192.168.1.2","TCP","1514","8004  >  35908 [ACK] Seq=116030 Ack=144 Win=65024 Len=1448 TSval=2916035596 TSecr=3045555369 [TCP segment of a reassembled PDU]"
"23277","31.515396844","192.168.1.55","192.168.1.2","TCP","1514","8004  >  35908 [ACK] Seq=117478 Ack=144 Win=65024 Len=1448 TSval=2916035596 TSecr=3045555369 [TCP segment of a reassembled PDU]"
"23278","31.515397974","192.168.1.55","192.168.1.2","TCP","1514","8004  >  35908 [ACK] Seq=118926 Ack=144 Win=65024 Len=1448 TSval=2916035596 TSecr=3045555369 [TCP segment of a reassembled PDU]"
"23279","31.515399307","192.168.1.55","192.168.1.2","TCP","1514","8004  >  35908 [ACK] Seq=120374 Ack=144 Win=65024 Len=1448 TSval=2916035596 TSecr=3045555369 [TCP segment of a reassembled PDU]"
"23280","31.515400770","192.168.1.55","192.168.1.2","TCP","1514","8004  >  35908 [ACK] Seq=121822 Ack=144 Win=65024 Len=1448 TSval=2916035596 TSecr=3045555369 [TCP segment of a reassembled PDU]"
"23281","31.515402381","192.168.1.55","192.168.1.2","TCP","1514","8004  >  35908 [ACK] Seq=123270 Ack=144 Win=65024 Len=1448 TSval=2916035596 TSecr=3045555369 [TCP segment of a reassembled PDU]"
"23282","31.515403733","192.168.1.55","192.168.1.2","TCP","1514","8004  >  35908 [ACK] Seq=124718 Ack=144 Win=65024 Len=1448 TSval=2916035596 TSecr=3045555369 [TCP segment of a reassembled PDU]"
"23283","31.515404789","192.168.1.55","192.168.1.2","TCP","1330","[TCP Window Full] 8004  >  35908 [PSH, ACK] Seq=126166 Ack=144 Win=65024 Len=1264 TSval=2916035596 TSecr=3045555369 [TCP segment of a reassembled PDU]"
"23284","31.515968086","192.168.1.2","192.168.1.55","TCP","66","35908  >  8004 [ACK] Seq=144 Ack=89966 Win=66560 Len=0 TSval=3045555369 TSecr=2916035591"
"23285","31.515990382","192.168.1.55","192.168.1.2","TCP","1514","8004  >  35908 [ACK] Seq=127430 Ack=144 Win=65024 Len=1448 TSval=2916035596 TSecr=3045555369 [TCP segment of a reassembled PDU]"
"23286","31.515993401","192.168.1.55","192.168.1.2","TCP","1514","8004  >  35908 [ACK] Seq=128878 Ack=144 Win=65024 Len=1448 TSval=2916035596 TSecr=3045555369 [TCP segment of a reassembled PDU]"
"23287","31.515994753","192.168.1.55","192.168.1.2","TCP","1514","8004  >  35908 [ACK] Seq=130326 Ack=144 Win=65024 Len=1448 TSval=2916035596 TSecr=3045555369 [TCP segment of a reassembled PDU]"
"23288","31.515995734","192.168.1.55","192.168.1.2","TCP","1514","8004  >  35908 [ACK] Seq=131774 Ack=144 Win=65024 Len=1448 TSval=2916035596 TSecr=3045555369 [TCP segment of a reassembled PDU]"
"23289","31.515997105","192.168.1.55","192.168.1.2","TCP","1514","8004  >  35908 [ACK] Seq=133222 Ack=144 Win=65024 Len=1448 TSval=2916035596 TSecr=3045555369 [TCP segment of a reassembled PDU]"
"23290","31.515998845","192.168.1.55","192.168.1.2","TCP","1514","8004  >  35908 [ACK] Seq=134670 Ack=144 Win=65024 Len=1448 TSval=2916035596 TSecr=3045555369 [TCP segment of a reassembled PDU]"
"23291","31.516000605","192.168.1.55","192.168.1.2","TCP","1514","8004  >  35908 [ACK] Seq=136118 Ack=144 Win=65024 Len=1448 TSval=2916035596 TSecr=3045555369 [TCP segment of a reassembled PDU]"
"23292","31.516001790","192.168.1.55","192.168.1.2","TCP","1514","8004  >  35908 [ACK] Seq=137566 Ack=144 Win=65024 Len=1448 TSval=2916035596 TSecr=3045555369 [TCP segment of a reassembled PDU]"
"23293","31.516003234","192.168.1.55","192.168.1.2","TCP","1514","8004  >  35908 [ACK] Seq=139014 Ack=144 Win=65024 Len=1448 TSval=2916035596 TSecr=3045555369 [TCP segment of a reassembled PDU]"
"23294","31.516005827","192.168.1.55","192.168.1.2","TCP","1514","8004  >  35908 [ACK] Seq=140462 Ack=144 Win=65024 Len=1448 TSval=2916035596 TSecr=3045555369 [TCP segment of a reassembled PDU]"
"23295","31.516007531","192.168.1.55","192.168.1.2","TCP","1514","8004  >  35908 [PSH, ACK] Seq=141910 Ack=144 Win=65024 Len=1448 TSval=2916035596 TSecr=3045555369 [TCP segment of a reassembled PDU]"
"23296","31.516015697","192.168.1.55","192.168.1.2","TCP","250","8004  >  35908 [ACK] Seq=143358 Ack=144 Win=65024 Len=184 TSval=2916035596 TSecr=3045555369 [TCP segment of a reassembled PDU]"
"23297","31.516042586","192.168.1.2","192.168.1.55","TCP","66","35908  >  8004 [ACK] Seq=144 Ack=91414 Win=66560 Len=0 TSval=3045555370 TSecr=2916035591"
"23298","31.518902980","192.168.1.2","192.168.1.55","TCP","66","35908  >  8004 [ACK] Seq=144 Ack=92862 Win=66560 Len=0 TSval=3045555371 TSecr=2916035591"
"23299","31.518930387","192.168.1.55","192.168.1.2","TCP","1514","8004  >  35908 [ACK] Seq=143542 Ack=144 Win=65024 Len=1448 TSval=2916035599 TSecr=3045555371 [TCP segment of a reassembled PDU]"
"23300","31.518934091","192.168.1.55","192.168.1.2","TCP","1514","8004  >  35908 [ACK] Seq=144990 Ack=144 Win=65024 Len=1448 TSval=2916035599 TSecr=3045555371 [TCP segment of a reassembled PDU]"
"23301","31.518935924","192.168.1.55","192.168.1.2","TCP","1514","8004  >  35908 [ACK] Seq=146438 Ack=144 Win=65024 Len=1448 TSval=2916035599 TSecr=3045555371 [TCP segment of a reassembled PDU]"
"23302","31.518937128","192.168.1.55","192.168.1.2","TCP","1514","8004  >  35908 [ACK] Seq=147886 Ack=144 Win=65024 Len=1448 TSval=2916035599 TSecr=3045555371 [TCP segment of a reassembled PDU]"
"23303","31.518938294","192.168.1.55","192.168.1.2","TCP","1514","8004  >  35908 [ACK] Seq=149334 Ack=144 Win=65024 Len=1448 TSval=2916035599 TSecr=3045555371 [TCP segment of a reassembled PDU]"
"23304","31.518939609","192.168.1.55","192.168.1.2","TCP","1514","8004  >  35908 [ACK] Seq=150782 Ack=144 Win=65024 Len=1448 TSval=2916035599 TSecr=3045555371 [TCP segment of a reassembled PDU]"
"23305","31.518940794","192.168.1.55","192.168.1.2","TCP","1514","8004  >  35908 [ACK] Seq=152230 Ack=144 Win=65024 Len=1448 TSval=2916035599 TSecr=3045555371 [TCP segment of a reassembled PDU]"
"23306","31.518941924","192.168.1.55","192.168.1.2","TCP","1514","8004  >  35908 [ACK] Seq=153678 Ack=144 Win=65024 Len=1448 TSval=2916035599 TSecr=3045555371 [TCP segment of a reassembled PDU]"
"23307","31.518943091","192.168.1.55","192.168.1.2","TCP","1514","8004  >  35908 [ACK] Seq=155126 Ack=144 Win=65024 Len=1448 TSval=2916035599 TSecr=3045555371 [TCP segment of a reassembled PDU]"
"23308","31.518944239","192.168.1.55","192.168.1.2","TCP","1514","8004  >  35908 [PSH, ACK] Seq=156574 Ack=144 Win=65024 Len=1448 TSval=2916035599 TSecr=3045555371 [TCP segment of a reassembled PDU]"
"23309","31.518972276","192.168.1.2","192.168.1.55","TCP","66","35908  >  8004 [ACK] Seq=144 Ack=94310 Win=67584 Len=0 TSval=3045555371 TSecr=2916035591"
"23310","31.521408946","192.168.1.2","192.168.1.55","TCP","66","35908  >  8004 [ACK] Seq=144 Ack=105894 Win=88064 Len=0 TSval=3045555375 TSecr=2916035595"
"23311","31.521428169","192.168.1.55","192.168.1.2","TCP","1514","8004  >  35908 [ACK] Seq=158022 Ack=144 Win=65024 Len=1448 TSval=2916035602 TSecr=3045555375 [TCP segment of a reassembled PDU]"
"23312","31.521430428","192.168.1.55","192.168.1.2","TCP","1514","8004  >  35908 [ACK] Seq=159470 Ack=144 Win=65024 Len=1448 TSval=2916035602 TSecr=3045555375 [TCP segment of a reassembled PDU]"
"23313","31.521431724","192.168.1.55","192.168.1.2","TCP","1514","8004  >  35908 [ACK] Seq=160918 Ack=144 Win=65024 Len=1448 TSval=2916035602 TSecr=3045555375 [TCP segment of a reassembled PDU]"
"23314","31.521437076","192.168.1.55","192.168.1.2","TCP","1514","8004  >  35908 [ACK] Seq=162366 Ack=144 Win=65024 Len=1448 TSval=2916035602 TSecr=3045555375 [TCP segment of a reassembled PDU]"
"23315","31.521438558","192.168.1.55","192.168.1.2","TCP","1514","8004  >  35908 [ACK] Seq=163814 Ack=144 Win=65024 Len=1448 TSval=2916035602 TSecr=3045555375 [TCP segment of a reassembled PDU]"
"23316","31.521439909","192.168.1.55","192.168.1.2","TCP","1514","8004  >  35908 [ACK] Seq=165262 Ack=144 Win=65024 Len=1448 TSval=2916035602 TSecr=3045555375 [TCP segment of a reassembled PDU]"
"23317","31.521441150","192.168.1.55","192.168.1.2","TCP","1514","8004  >  35908 [ACK] Seq=166710 Ack=144 Win=65024 Len=1448 TSval=2916035602 TSecr=3045555375 [TCP segment of a reassembled PDU]"
"23318","31.521442280","192.168.1.55","192.168.1.2","TCP","1514","8004  >  35908 [ACK] Seq=168158 Ack=144 Win=65024 Len=1448 TSval=2916035602 TSecr=3045555375 [TCP segment of a reassembled PDU]"
"23319","31.521443446","192.168.1.55","192.168.1.2","TCP","1514","8004  >  35908 [ACK] Seq=169606 Ack=144 Win=65024 Len=1448 TSval=2916035602 TSecr=3045555375 [TCP segment of a reassembled PDU]"
"23320","31.521444669","192.168.1.55","192.168.1.2","TCP","1514","8004  >  35908 [ACK] Seq=171054 Ack=144 Win=65024 Len=1448 TSval=2916035602 TSecr=3045555375 [TCP segment of a reassembled PDU]"
"23321","31.521446039","192.168.1.55","192.168.1.2","TCP","1514","8004  >  35908 [ACK] Seq=172502 Ack=144 Win=65024 Len=1448 TSval=2916035602 TSecr=3045555375 [TCP segment of a reassembled PDU]"
"23322","31.521447187","192.168.1.55","192.168.1.2","TCP","1514","8004  >  35908 [ACK] Seq=173950 Ack=144 Win=65024 Len=1448 TSval=2916035602 TSecr=3045555375 [TCP segment of a reassembled PDU]"
"23323","31.521448354","192.168.1.55","192.168.1.2","TCP","1514","8004  >  35908 [PSH, ACK] Seq=175398 Ack=144 Win=65024 Len=1448 TSval=2916035602 TSecr=3045555375 [TCP segment of a reassembled PDU]"
"23324","31.522024207","192.168.1.2","192.168.1.55","TCP","66","35908  >  8004 [ACK] Seq=144 Ack=110238 Win=88064 Len=0 TSval=3045555375 TSecr=2916035595"
"23325","31.522032836","192.168.1.2","192.168.1.55","TCP","66","35908  >  8004 [ACK] Seq=144 Ack=127430 Win=79872 Len=0 TSval=3045555375 TSecr=2916035596"
"23326","31.522063188","192.168.1.55","192.168.1.2","TCP","1514","8004  >  35908 [ACK] Seq=176846 Ack=144 Win=65024 Len=1448 TSval=2916035602 TSecr=3045555375 [TCP segment of a reassembled PDU]"
"23327","31.522065299","192.168.1.55","192.168.1.2","TCP","1514","8004  >  35908 [ACK] Seq=178294 Ack=144 Win=65024 Len=1448 TSval=2916035602 TSecr=3045555375 [TCP segment of a reassembled PDU]"
"23328","31.522066670","192.168.1.55","192.168.1.2","TCP","1514","8004  >  35908 [ACK] Seq=179742 Ack=144 Win=65024 Len=1448 TSval=2916035602 TSecr=3045555375 [TCP segment of a reassembled PDU]"
"23329","31.522067818","192.168.1.55","192.168.1.2","TCP","1514","8004  >  35908 [ACK] Seq=181190 Ack=144 Win=65024 Len=1448 TSval=2916035602 TSecr=3045555375 [TCP segment of a reassembled PDU]"
"23330","31.522069022","192.168.1.55","192.168.1.2","TCP","1514","8004  >  35908 [ACK] Seq=182638 Ack=144 Win=65024 Len=1448 TSval=2916035602 TSecr=3045555375 [TCP segment of a reassembled PDU]"
"23331","31.522070281","192.168.1.55","192.168.1.2","TCP","1514","8004  >  35908 [ACK] Seq=184086 Ack=144 Win=65024 Len=1448 TSval=2916035602 TSecr=3045555375 [TCP segment of a reassembled PDU]"
"23332","31.522071522","192.168.1.55","192.168.1.2","TCP","1514","8004  >  35908 [ACK] Seq=185534 Ack=144 Win=65024 Len=1448 TSval=2916035602 TSecr=3045555375 [TCP segment of a reassembled PDU]"
"23333","31.522072818","192.168.1.55","192.168.1.2","TCP","1514","8004  >  35908 [ACK] Seq=186982 Ack=144 Win=65024 Len=1448 TSval=2916035602 TSecr=3045555375 [TCP segment of a reassembled PDU]"
"23334","31.522074077","192.168.1.55","192.168.1.2","TCP","1514","8004  >  35908 [ACK] Seq=188430 Ack=144 Win=65024 Len=1448 TSval=2916035602 TSecr=3045555375 [TCP segment of a reassembled PDU]"
"23335","31.522075262","192.168.1.55","192.168.1.2","TCP","1514","8004  >  35908 [ACK] Seq=189878 Ack=144 Win=65024 Len=1448 TSval=2916035602 TSecr=3045555375 [TCP segment of a reassembled PDU]"
"23336","31.522076873","192.168.1.55","192.168.1.2","TCP","1514","8004  >  35908 [ACK] Seq=191326 Ack=144 Win=65024 Len=1448 TSval=2916035602 TSecr=3045555375 [TCP segment of a reassembled PDU]"
"23337","31.522078022","192.168.1.55","192.168.1.2","TCP","1514","8004  >  35908 [ACK] Seq=192774 Ack=144 Win=65024 Len=1448 TSval=2916035602 TSecr=3045555375 [TCP segment of a reassembled PDU]"
"23338","31.522079392","192.168.1.55","192.168.1.2","TCP","1514","8004  >  35908 [ACK] Seq=194222 Ack=144 Win=65024 Len=1448 TSval=2916035602 TSecr=3045555375 [TCP segment of a reassembled PDU]"
"23339","31.522080670","192.168.1.55","192.168.1.2","TCP","1514","8004  >  35908 [ACK] Seq=195670 Ack=144 Win=65024 Len=1448 TSval=2916035602 TSecr=3045555375 [TCP segment of a reassembled PDU]"
"23340","31.522081966","192.168.1.55","192.168.1.2","TCP","1514","8004  >  35908 [ACK] Seq=197118 Ack=144 Win=65024 Len=1448 TSval=2916035602 TSecr=3045555375 [TCP segment of a reassembled PDU]"
"23341","31.522083244","192.168.1.55","192.168.1.2","TCP","1514","8004  >  35908 [ACK] Seq=198566 Ack=144 Win=65024 Len=1448 TSval=2916035602 TSecr=3045555375 [TCP segment of a reassembled PDU]"
"23342","31.522084392","192.168.1.55","192.168.1.2","TCP","1514","8004  >  35908 [ACK] Seq=200014 Ack=144 Win=65024 Len=1448 TSval=2916035602 TSecr=3045555375 [TCP segment of a reassembled PDU]"
"23343","31.522085651","192.168.1.55","192.168.1.2","TCP","1514","8004  >  35908 [ACK] Seq=201462 Ack=144 Win=65024 Len=1448 TSval=2916035602 TSecr=3045555375 [TCP segment of a reassembled PDU]"
"23344","31.522086892","192.168.1.55","192.168.1.2","TCP","1514","8004  >  35908 [ACK] Seq=202910 Ack=144 Win=65024 Len=1448 TSval=2916035602 TSecr=3045555375 [TCP segment of a reassembled PDU]"
"23345","31.522088077","192.168.1.55","192.168.1.2","TCP","1514","8004  >  35908 [ACK] Seq=204358 Ack=144 Win=65024 Len=1448 TSval=2916035602 TSecr=3045555375 [TCP segment of a reassembled PDU]"
"23346","31.522089336","192.168.1.55","192.168.1.2","TCP","1514","8004  >  35908 [PSH, ACK] Seq=205806 Ack=144 Win=65024 Len=1448 TSval=2916035602 TSecr=3045555375 [TCP segment of a reassembled PDU]"
"23347","31.522093688","192.168.1.2","192.168.1.55","TCP","66","35908  >  8004 [ACK] Seq=144 Ack=143358 Win=76800 Len=0 TSval=3045555375 TSecr=2916035596"
"23348","31.522104559","192.168.1.55","192.168.1.2","TCP","1514","8004  >  35908 [ACK] Seq=207254 Ack=144 Win=65024 Len=1448 TSval=2916035602 TSecr=3045555375 [TCP segment of a reassembled PDU]"
"23349","31.522107059","192.168.1.55","192.168.1.2","TCP","1514","8004  >  35908 [PSH, ACK] Seq=208702 Ack=144 Win=65024 Len=1448 TSval=2916035602 TSecr=3045555375 [TCP segment of a reassembled PDU]"
"23350","31.526641788","192.168.1.2","192.168.1.55","TCP","66","35908  >  8004 [ACK] Seq=144 Ack=143542 Win=91136 Len=0 TSval=3045555377 TSecr=2916035596"
"23351","31.526663381","192.168.1.55","192.168.1.2","TCP","1514","8004  >  35908 [ACK] Seq=210150 Ack=144 Win=65024 Len=1448 TSval=2916035607 TSecr=3045555377 [TCP segment of a reassembled PDU]"
"23352","31.526665936","192.168.1.55","192.168.1.2","TCP","1514","8004  >  35908 [ACK] Seq=211598 Ack=144 Win=65024 Len=1448 TSval=2916035607 TSecr=3045555377 [TCP segment of a reassembled PDU]"
"23353","31.526667510","192.168.1.55","192.168.1.2","TCP","1514","8004  >  35908 [ACK] Seq=213046 Ack=144 Win=65024 Len=1448 TSval=2916035607 TSecr=3045555377 [TCP segment of a reassembled PDU]"
"23354","31.526668658","192.168.1.55","192.168.1.2","TCP","1514","8004  >  35908 [ACK] Seq=214494 Ack=144 Win=65024 Len=1448 TSval=2916035607 TSecr=3045555377 [TCP segment of a reassembled PDU]"
"23355","31.526669918","192.168.1.55","192.168.1.2","TCP","1514","8004  >  35908 [ACK] Seq=215942 Ack=144 Win=65024 Len=1448 TSval=2916035607 TSecr=3045555377 [TCP segment of a reassembled PDU]"
"23356","31.526671288","192.168.1.55","192.168.1.2","TCP","1514","8004  >  35908 [ACK] Seq=217390 Ack=144 Win=65024 Len=1448 TSval=2916035607 TSecr=3045555377 [TCP segment of a reassembled PDU]"
"23357","31.526672547","192.168.1.55","192.168.1.2","TCP","1514","8004  >  35908 [ACK] Seq=218838 Ack=144 Win=65024 Len=1448 TSval=2916035607 TSecr=3045555377 [TCP segment of a reassembled PDU]"
"23358","31.526673825","192.168.1.55","192.168.1.2","TCP","1514","8004  >  35908 [ACK] Seq=220286 Ack=144 Win=65024 Len=1448 TSval=2916035607 TSecr=3045555377 [TCP segment of a reassembled PDU]"
"23359","31.526674973","192.168.1.55","192.168.1.2","TCP","1514","8004  >  35908 [ACK] Seq=221734 Ack=144 Win=65024 Len=1448 TSval=2916035607 TSecr=3045555377 [TCP segment of a reassembled PDU]"
"23360","31.526676232","192.168.1.55","192.168.1.2","TCP","1514","8004  >  35908 [ACK] Seq=223182 Ack=144 Win=65024 Len=1448 TSval=2916035607 TSecr=3045555377 [TCP segment of a reassembled PDU]"
"23361","31.526677381","192.168.1.55","192.168.1.2","TCP","1514","8004  >  35908 [ACK] Seq=224630 Ack=144 Win=65024 Len=1448 TSval=2916035607 TSecr=3045555377 [TCP segment of a reassembled PDU]"
"23362","31.526678566","192.168.1.55","192.168.1.2","TCP","1514","8004  >  35908 [ACK] Seq=226078 Ack=144 Win=65024 Len=1448 TSval=2916035607 TSecr=3045555377 [TCP segment of a reassembled PDU]"
"23363","31.526679714","192.168.1.55","192.168.1.2","TCP","1514","8004  >  35908 [ACK] Seq=227526 Ack=144 Win=65024 Len=1448 TSval=2916035607 TSecr=3045555377 [TCP segment of a reassembled PDU]"
"23364","31.526681029","192.168.1.55","192.168.1.2","TCP","1514","8004  >  35908 [ACK] Seq=228974 Ack=144 Win=65024 Len=1448 TSval=2916035607 TSecr=3045555377 [TCP segment of a reassembled PDU]"
"23365","31.526682270","192.168.1.55","192.168.1.2","TCP","1514","8004  >  35908 [ACK] Seq=230422 Ack=144 Win=65024 Len=1448 TSval=2916035607 TSecr=3045555377 [TCP segment of a reassembled PDU]"
"23366","31.526683418","192.168.1.55","192.168.1.2","TCP","1514","8004  >  35908 [ACK] Seq=231870 Ack=144 Win=65024 Len=1448 TSval=2916035607 TSecr=3045555377 [TCP segment of a reassembled PDU]"
"23367","31.526684584","192.168.1.55","192.168.1.2","TCP","1426","[TCP Window Full] 8004  >  35908 [PSH, ACK] Seq=233318 Ack=144 Win=65024 Len=1360 TSval=2916035607 TSecr=3045555377 [TCP segment of a reassembled PDU]"
"23368","31.526765733","192.168.1.2","192.168.1.55","TCP","66","35908  >  8004 [ACK] Seq=144 Ack=149334 Win=97280 Len=0 TSval=3045555377 TSecr=2916035599"
"23369","31.526777288","192.168.1.55","192.168.1.2","TCP","1514","8004  >  35908 [ACK] Seq=234678 Ack=144 Win=65024 Len=1448 TSval=2916035607 TSecr=3045555377 [TCP segment of a reassembled PDU]"
"23370","31.526778918","192.168.1.55","192.168.1.2","TCP","1514","8004  >  35908 [ACK] Seq=236126 Ack=144 Win=65024 Len=1448 TSval=2916035607 TSecr=3045555377 [TCP segment of a reassembled PDU]"
"23371","31.526780085","192.168.1.55","192.168.1.2","TCP","1514","8004  >  35908 [ACK] Seq=237574 Ack=144 Win=65024 Len=1448 TSval=2916035607 TSecr=3045555377 [TCP segment of a reassembled PDU]"
"23372","31.526781251","192.168.1.55","192.168.1.2","TCP","1514","8004  >  35908 [ACK] Seq=239022 Ack=144 Win=65024 Len=1448 TSval=2916035607 TSecr=3045555377 [TCP segment of a reassembled PDU]"
"23373","31.526782436","192.168.1.55","192.168.1.2","TCP","1514","8004  >  35908 [ACK] Seq=240470 Ack=144 Win=65024 Len=1448 TSval=2916035607 TSecr=3045555377 [TCP segment of a reassembled PDU]"
"23374","31.526783696","192.168.1.55","192.168.1.2","TCP","1514","8004  >  35908 [PSH, ACK] Seq=241918 Ack=144 Win=65024 Len=1448 TSval=2916035607 TSecr=3045555377 [TCP segment of a reassembled PDU]"
"23375","31.526789622","192.168.1.55","192.168.1.2","TCP","154","8004  >  35908 [ACK] Seq=243366 Ack=144 Win=65024 Len=88 TSval=2916035607 TSecr=3045555377 [TCP segment of a reassembled PDU]"
"23376","31.526793010","192.168.1.2","192.168.1.55","TCP","66","35908  >  8004 [ACK] Seq=144 Ack=158022 Win=95232 Len=0 TSval=3045555377 TSecr=2916035599"
"23377","31.529908682","192.168.1.2","192.168.1.55","TCP","66","35908  >  8004 [ACK] Seq=144 Ack=162366 Win=97280 Len=0 TSval=3045555381 TSecr=2916035602"
"23378","31.529924923","192.168.1.55","192.168.1.2","TCP","1514","8004  >  35908 [ACK] Seq=243454 Ack=144 Win=65024 Len=1448 TSval=2916035610 TSecr=3045555381 [TCP segment of a reassembled PDU]"
"23379","31.529927589","192.168.1.55","192.168.1.2","TCP","1514","8004  >  35908 [ACK] Seq=244902 Ack=144 Win=65024 Len=1448 TSval=2916035610 TSecr=3045555381 [TCP segment of a reassembled PDU]"
"23380","31.529928960","192.168.1.55","192.168.1.2","TCP","1514","8004  >  35908 [ACK] Seq=246350 Ack=144 Win=65024 Len=1448 TSval=2916035610 TSecr=3045555381 [TCP segment of a reassembled PDU]"
"23381","31.529930312","192.168.1.55","192.168.1.2","TCP","1514","8004  >  35908 [ACK] Seq=247798 Ack=144 Win=65024 Len=1448 TSval=2916035610 TSecr=3045555381 [TCP segment of a reassembled PDU]"
"23382","31.529931775","192.168.1.55","192.168.1.2","TCP","1514","8004  >  35908 [ACK] Seq=249246 Ack=144 Win=65024 Len=1448 TSval=2916035610 TSecr=3045555381 [TCP segment of a reassembled PDU]"
"23383","31.529933089","192.168.1.55","192.168.1.2","TCP","1514","8004  >  35908 [ACK] Seq=250694 Ack=144 Win=65024 Len=1448 TSval=2916035610 TSecr=3045555381 [TCP segment of a reassembled PDU]"
"23384","31.529934441","192.168.1.55","192.168.1.2","TCP","1514","8004  >  35908 [ACK] Seq=252142 Ack=144 Win=65024 Len=1448 TSval=2916035610 TSecr=3045555381 [TCP segment of a reassembled PDU]"
"23385","31.529935886","192.168.1.55","192.168.1.2","TCP","1514","8004  >  35908 [ACK] Seq=253590 Ack=144 Win=65024 Len=1448 TSval=2916035610 TSecr=3045555381 [TCP segment of a reassembled PDU]"
"23386","31.529937182","192.168.1.55","192.168.1.2","TCP","1514","8004  >  35908 [ACK] Seq=255038 Ack=144 Win=65024 Len=1448 TSval=2916035610 TSecr=3045555381 [TCP segment of a reassembled PDU]"
"23387","31.529938552","192.168.1.55","192.168.1.2","TCP","1514","8004  >  35908 [ACK] Seq=256486 Ack=144 Win=65024 Len=1448 TSval=2916035610 TSecr=3045555381 [TCP segment of a reassembled PDU]"
"23388","31.529939923","192.168.1.55","192.168.1.2","TCP","1514","8004  >  35908 [PSH, ACK] Seq=257934 Ack=144 Win=65024 Len=1448 TSval=2916035610 TSecr=3045555381 [TCP segment of a reassembled PDU]"
"23389","31.530463442","192.168.1.2","192.168.1.55","TCP","66","35908  >  8004 [ACK] Seq=144 Ack=176846 Win=123904 Len=0 TSval=3045555382 TSecr=2916035602"
"23390","31.530483183","192.168.1.55","192.168.1.2","TCP","1514","8004  >  35908 [ACK] Seq=259382 Ack=144 Win=65024 Len=1448 TSval=2916035611 TSecr=3045555382 [TCP segment of a reassembled PDU]"
"23391","31.530484942","192.168.1.55","192.168.1.2","TCP","1514","8004  >  35908 [ACK] Seq=260830 Ack=144 Win=65024 Len=1448 TSval=2916035611 TSecr=3045555382 [TCP segment of a reassembled PDU]"
"23392","31.530486238","192.168.1.55","192.168.1.2","TCP","1514","8004  >  35908 [ACK] Seq=262278 Ack=144 Win=65024 Len=1448 TSval=2916035611 TSecr=3045555382 [TCP segment of a reassembled PDU]"
"23393","31.530487664","192.168.1.55","192.168.1.2","TCP","1514","8004  >  35908 [ACK] Seq=263726 Ack=144 Win=65024 Len=1448 TSval=2916035611 TSecr=3045555382 [TCP segment of a reassembled PDU]"
"23394","31.530489053","192.168.1.55","192.168.1.2","TCP","1514","8004  >  35908 [ACK] Seq=265174 Ack=144 Win=65024 Len=1448 TSval=2916035611 TSecr=3045555382 [TCP segment of a reassembled PDU]"
"23395","31.530490424","192.168.1.55","192.168.1.2","TCP","1514","8004  >  35908 [ACK] Seq=266622 Ack=144 Win=65024 Len=1448 TSval=2916035611 TSecr=3045555382 [TCP segment of a reassembled PDU]"
"23396","31.530492164","192.168.1.55","192.168.1.2","TCP","1514","8004  >  35908 [ACK] Seq=268070 Ack=144 Win=65024 Len=1448 TSval=2916035611 TSecr=3045555382 [TCP segment of a reassembled PDU]"
"23397","31.530493553","192.168.1.55","192.168.1.2","TCP","1514","8004  >  35908 [ACK] Seq=269518 Ack=144 Win=65024 Len=1448 TSval=2916035611 TSecr=3045555382 [TCP segment of a reassembled PDU]"
"23398","31.530494998","192.168.1.55","192.168.1.2","TCP","1514","8004  >  35908 [ACK] Seq=270966 Ack=144 Win=65024 Len=1448 TSval=2916035611 TSecr=3045555382 [TCP segment of a reassembled PDU]"
"23399","31.530496313","192.168.1.55","192.168.1.2","TCP","1514","8004  >  35908 [ACK] Seq=272414 Ack=144 Win=65024 Len=1448 TSval=2916035611 TSecr=3045555382 [TCP segment of a reassembled PDU]"
"23400","31.530497683","192.168.1.55","192.168.1.2","TCP","1514","8004  >  35908 [ACK] Seq=273862 Ack=144 Win=65024 Len=1448 TSval=2916035611 TSecr=3045555382 [TCP segment of a reassembled PDU]"
"23401","31.530499350","192.168.1.55","192.168.1.2","TCP","1514","8004  >  35908 [PSH, ACK] Seq=275310 Ack=144 Win=65024 Len=1448 TSval=2916035611 TSecr=3045555382 [TCP segment of a reassembled PDU]"
"23402","31.530504053","192.168.1.2","192.168.1.55","TCP","66","35908  >  8004 [ACK] Seq=144 Ack=200014 Win=117760 Len=0 TSval=3045555382 TSecr=2916035602"
"23403","31.530536035","192.168.1.55","192.168.1.2","TCP","1514","8004  >  35908 [ACK] Seq=276758 Ack=144 Win=65024 Len=1448 TSval=2916035611 TSecr=3045555382 [TCP segment of a reassembled PDU]"
"23404","31.530538016","192.168.1.55","192.168.1.2","TCP","1514","8004  >  35908 [ACK] Seq=278206 Ack=144 Win=65024 Len=1448 TSval=2916035611 TSecr=3045555382 [TCP segment of a reassembled PDU]"
"23405","31.530539387","192.168.1.55","192.168.1.2","TCP","1514","8004  >  35908 [ACK] Seq=279654 Ack=144 Win=65024 Len=1448 TSval=2916035611 TSecr=3045555382 [TCP segment of a reassembled PDU]"
"23406","31.530540757","192.168.1.55","192.168.1.2","TCP","1514","8004  >  35908 [ACK] Seq=281102 Ack=144 Win=65024 Len=1448 TSval=2916035611 TSecr=3045555382 [TCP segment of a reassembled PDU]"
"23407","31.530542146","192.168.1.55","192.168.1.2","TCP","1514","8004  >  35908 [ACK] Seq=282550 Ack=144 Win=65024 Len=1448 TSval=2916035611 TSecr=3045555382 [TCP segment of a reassembled PDU]"
"23408","31.530543424","192.168.1.55","192.168.1.2","TCP","1514","8004  >  35908 [ACK] Seq=283998 Ack=144 Win=65024 Len=1448 TSval=2916035611 TSecr=3045555382 [TCP segment of a reassembled PDU]"
"23409","31.530544720","192.168.1.55","192.168.1.2","TCP","1514","8004  >  35908 [ACK] Seq=285446 Ack=144 Win=65024 Len=1448 TSval=2916035611 TSecr=3045555382 [TCP segment of a reassembled PDU]"
"23410","31.530546016","192.168.1.55","192.168.1.2","TCP","1514","8004  >  35908 [ACK] Seq=286894 Ack=144 Win=65024 Len=1448 TSval=2916035611 TSecr=3045555382 [TCP segment of a reassembled PDU]"
"23411","31.530547294","192.168.1.55","192.168.1.2","TCP","1514","8004  >  35908 [ACK] Seq=288342 Ack=144 Win=65024 Len=1448 TSval=2916035611 TSecr=3045555382 [TCP segment of a reassembled PDU]"
"23412","31.530548739","192.168.1.55","192.168.1.2","TCP","1514","8004  >  35908 [ACK] Seq=289790 Ack=144 Win=65024 Len=1448 TSval=2916035611 TSecr=3045555382 [TCP segment of a reassembled PDU]"
"23413","31.530550035","192.168.1.55","192.168.1.2","TCP","1514","8004  >  35908 [ACK] Seq=291238 Ack=144 Win=65024 Len=1448 TSval=2916035611 TSecr=3045555382 [TCP segment of a reassembled PDU]"
"23414","31.530551350","192.168.1.55","192.168.1.2","TCP","1514","8004  >  35908 [ACK] Seq=292686 Ack=144 Win=65024 Len=1448 TSval=2916035611 TSecr=3045555382 [TCP segment of a reassembled PDU]"
"23415","31.530552683","192.168.1.55","192.168.1.2","TCP","1514","8004  >  35908 [ACK] Seq=294134 Ack=144 Win=65024 Len=1448 TSval=2916035611 TSecr=3045555382 [TCP segment of a reassembled PDU]"
"23416","31.530553961","192.168.1.55","192.168.1.2","TCP","1514","8004  >  35908 [ACK] Seq=295582 Ack=144 Win=65024 Len=1448 TSval=2916035611 TSecr=3045555382 [TCP segment of a reassembled PDU]"
"23417","31.530555405","192.168.1.55","192.168.1.2","TCP","1514","8004  >  35908 [ACK] Seq=297030 Ack=144 Win=65024 Len=1448 TSval=2916035611 TSecr=3045555382 [TCP segment of a reassembled PDU]"
"23418","31.530556683","192.168.1.55","192.168.1.2","TCP","1514","8004  >  35908 [ACK] Seq=298478 Ack=144 Win=65024 Len=1448 TSval=2916035611 TSecr=3045555382 [TCP segment of a reassembled PDU]"
"23419","31.530558016","192.168.1.55","192.168.1.2","TCP","1514","8004  >  35908 [ACK] Seq=299926 Ack=144 Win=65024 Len=1448 TSval=2916035611 TSecr=3045555382 [TCP segment of a reassembled PDU]"
"23420","31.530559331","192.168.1.55","192.168.1.2","TCP","1514","8004  >  35908 [ACK] Seq=301374 Ack=144 Win=65024 Len=1448 TSval=2916035611 TSecr=3045555382 [TCP segment of a reassembled PDU]"
"23421","31.530560609","192.168.1.55","192.168.1.2","TCP","1514","8004  >  35908 [ACK] Seq=302822 Ack=144 Win=65024 Len=1448 TSval=2916035611 TSecr=3045555382 [TCP segment of a reassembled PDU]"
"23422","31.530562257","192.168.1.55","192.168.1.2","TCP","1514","8004  >  35908 [ACK] Seq=304270 Ack=144 Win=65024 Len=1448 TSval=2916035611 TSecr=3045555382 [TCP segment of a reassembled PDU]"
"23423","31.530563590","192.168.1.55","192.168.1.2","TCP","1514","8004  >  35908 [ACK] Seq=305718 Ack=144 Win=65024 Len=1448 TSval=2916035611 TSecr=3045555382 [TCP segment of a reassembled PDU]"
"23424","31.530565016","192.168.1.55","192.168.1.2","TCP","1514","8004  >  35908 [ACK] Seq=307166 Ack=144 Win=65024 Len=1448 TSval=2916035611 TSecr=3045555382 [TCP segment of a reassembled PDU]"
"23425","31.530566516","192.168.1.55","192.168.1.2","TCP","1514","8004  >  35908 [PSH, ACK] Seq=308614 Ack=144 Win=65024 Len=1448 TSval=2916035611 TSecr=3045555382 [TCP segment of a reassembled PDU]"
"23426","31.530570702","192.168.1.2","192.168.1.55","TCP","66","35908  >  8004 [ACK] Seq=144 Ack=210150 Win=123904 Len=0 TSval=3045555382 TSecr=2916035602"
"23427","31.530578646","192.168.1.2","192.168.1.55","TCP","66","35908  >  8004 [ACK] Seq=144 Ack=234678 Win=114688 Len=0 TSval=3045555385 TSecr=2916035607"
"23428","31.530616739","192.168.1.55","192.168.1.2","TCP","1514","8004  >  35908 [ACK] Seq=310062 Ack=144 Win=65024 Len=1448 TSval=2916035611 TSecr=3045555385 [TCP segment of a reassembled PDU]"
"23429","31.530618591","192.168.1.55","192.168.1.2","TCP","1514","8004  >  35908 [ACK] Seq=311510 Ack=144 Win=65024 Len=1448 TSval=2916035611 TSecr=3045555385 [TCP segment of a reassembled PDU]"
"23430","31.530620054","192.168.1.55","192.168.1.2","TCP","1514","8004  >  35908 [ACK] Seq=312958 Ack=144 Win=65024 Len=1448 TSval=2916035611 TSecr=3045555385 [TCP segment of a reassembled PDU]"
"23431","31.530621442","192.168.1.55","192.168.1.2","TCP","1514","8004  >  35908 [ACK] Seq=314406 Ack=144 Win=65024 Len=1448 TSval=2916035611 TSecr=3045555385 [TCP segment of a reassembled PDU]"
"23432","31.530623016","192.168.1.55","192.168.1.2","TCP","1514","8004  >  35908 [ACK] Seq=315854 Ack=144 Win=65024 Len=1448 TSval=2916035611 TSecr=3045555385 [TCP segment of a reassembled PDU]"
"23433","31.530624461","192.168.1.55","192.168.1.2","TCP","1514","8004  >  35908 [ACK] Seq=317302 Ack=144 Win=65024 Len=1448 TSval=2916035611 TSecr=3045555385 [TCP segment of a reassembled PDU]"
"23434","31.530625905","192.168.1.55","192.168.1.2","TCP","1514","8004  >  35908 [ACK] Seq=318750 Ack=144 Win=65024 Len=1448 TSval=2916035611 TSecr=3045555385 [TCP segment of a reassembled PDU]"
"23435","31.530627368","192.168.1.55","192.168.1.2","TCP","1514","8004  >  35908 [ACK] Seq=320198 Ack=144 Win=65024 Len=1448 TSval=2916035611 TSecr=3045555385 [TCP segment of a reassembled PDU]"
"23436","31.530628887","192.168.1.55","192.168.1.2","TCP","1514","8004  >  35908 [ACK] Seq=321646 Ack=144 Win=65024 Len=1448 TSval=2916035611 TSecr=3045555385 [TCP segment of a reassembled PDU]"
"23437","31.530630276","192.168.1.55","192.168.1.2","TCP","1514","8004  >  35908 [ACK] Seq=323094 Ack=144 Win=65024 Len=1448 TSval=2916035611 TSecr=3045555385 [TCP segment of a reassembled PDU]"
"23438","31.530631868","192.168.1.55","192.168.1.2","TCP","1514","8004  >  35908 [ACK] Seq=324542 Ack=144 Win=65024 Len=1448 TSval=2916035611 TSecr=3045555385 [TCP segment of a reassembled PDU]"
"23439","31.530633535","192.168.1.55","192.168.1.2","TCP","1514","8004  >  35908 [ACK] Seq=325990 Ack=144 Win=65024 Len=1448 TSval=2916035611 TSecr=3045555385 [TCP segment of a reassembled PDU]"
"23440","31.530635054","192.168.1.55","192.168.1.2","TCP","1514","8004  >  35908 [ACK] Seq=327438 Ack=144 Win=65024 Len=1448 TSval=2916035611 TSecr=3045555385 [TCP segment of a reassembled PDU]"
"23441","31.530636516","192.168.1.55","192.168.1.2","TCP","1514","8004  >  35908 [ACK] Seq=328886 Ack=144 Win=65024 Len=1448 TSval=2916035611 TSecr=3045555385 [TCP segment of a reassembled PDU]"
"23442","31.530637961","192.168.1.55","192.168.1.2","TCP","1514","8004  >  35908 [ACK] Seq=330334 Ack=144 Win=65024 Len=1448 TSval=2916035611 TSecr=3045555385 [TCP segment of a reassembled PDU]"
"23443","31.530639239","192.168.1.55","192.168.1.2","TCP","1514","8004  >  35908 [ACK] Seq=331782 Ack=144 Win=65024 Len=1448 TSval=2916035611 TSecr=3045555385 [TCP segment of a reassembled PDU]"
"23444","31.530640924","192.168.1.55","192.168.1.2","TCP","1514","8004  >  35908 [ACK] Seq=333230 Ack=144 Win=65024 Len=1448 TSval=2916035611 TSecr=3045555385 [TCP segment of a reassembled PDU]"
"23445","31.530642313","192.168.1.55","192.168.1.2","TCP","1514","8004  >  35908 [ACK] Seq=334678 Ack=144 Win=65024 Len=1448 TSval=2916035611 TSecr=3045555385 [TCP segment of a reassembled PDU]"
"23446","31.530643646","192.168.1.55","192.168.1.2","TCP","1514","8004  >  35908 [ACK] Seq=336126 Ack=144 Win=65024 Len=1448 TSval=2916035611 TSecr=3045555385 [TCP segment of a reassembled PDU]"
"23447","31.530645146","192.168.1.55","192.168.1.2","TCP","1514","8004  >  35908 [ACK] Seq=337574 Ack=144 Win=65024 Len=1448 TSval=2916035611 TSecr=3045555385 [TCP segment of a reassembled PDU]"
"23448","31.530646572","192.168.1.55","192.168.1.2","TCP","1514","8004  >  35908 [ACK] Seq=339022 Ack=144 Win=65024 Len=1448 TSval=2916035611 TSecr=3045555385 [TCP segment of a reassembled PDU]"
"23449","31.530647942","192.168.1.55","192.168.1.2","TCP","1514","8004  >  35908 [ACK] Seq=340470 Ack=144 Win=65024 Len=1448 TSval=2916035611 TSecr=3045555385 [TCP segment of a reassembled PDU]"
"23450","31.530649368","192.168.1.55","192.168.1.2","TCP","1514","8004  >  35908 [PSH, ACK] Seq=341918 Ack=144 Win=65024 Len=1448 TSval=2916035611 TSecr=3045555385 [TCP segment of a reassembled PDU]"
"23451","31.530680517","192.168.1.2","192.168.1.55","TCP","66","35908  >  8004 [ACK] Seq=144 Ack=243454 Win=108544 Len=0 TSval=3045555385 TSecr=2916035607"
"23452","31.530701554","192.168.1.55","192.168.1.2","TCP","1514","8004  >  35908 [ACK] Seq=343366 Ack=144 Win=65024 Len=1448 TSval=2916035611 TSecr=3045555385 [TCP segment of a reassembled PDU]"
"23453","31.530704146","192.168.1.55","192.168.1.2","TCP","1514","8004  >  35908 [ACK] Seq=344814 Ack=144 Win=65024 Len=1448 TSval=2916035611 TSecr=3045555385 [TCP segment of a reassembled PDU]"
"23454","31.530705609","192.168.1.55","192.168.1.2","TCP","1514","8004  >  35908 [ACK] Seq=346262 Ack=144 Win=65024 Len=1448 TSval=2916035611 TSecr=3045555385 [TCP segment of a reassembled PDU]"
"23455","31.530706998","192.168.1.55","192.168.1.2","TCP","1514","8004  >  35908 [ACK] Seq=347710 Ack=144 Win=65024 Len=1448 TSval=2916035611 TSecr=3045555385 [TCP segment of a reassembled PDU]"
"23456","31.530708554","192.168.1.55","192.168.1.2","TCP","1514","8004  >  35908 [ACK] Seq=349158 Ack=144 Win=65024 Len=1448 TSval=2916035611 TSecr=3045555385 [TCP segment of a reassembled PDU]"
"23457","31.530709887","192.168.1.55","192.168.1.2","TCP","1458","[TCP Window Full] 8004  >  35908 [PSH, ACK] Seq=350606 Ack=144 Win=65024 Len=1392 TSval=2916035611 TSecr=3045555385 [TCP segment of a reassembled PDU]"
"23458","31.538216510","192.168.1.2","192.168.1.55","TCP","66","35908  >  8004 [ACK] Seq=144 Ack=257934 Win=120832 Len=0 TSval=3045555388 TSecr=2916035610"
"23459","31.538269084","192.168.1.55","192.168.1.2","TCP","1514","8004  >  35908 [ACK] Seq=351998 Ack=144 Win=65024 Len=1448 TSval=2916035618 TSecr=3045555388 [TCP segment of a reassembled PDU]"
"23460","31.538272473","192.168.1.55","192.168.1.2","TCP","1514","8004  >  35908 [ACK] Seq=353446 Ack=144 Win=65024 Len=1448 TSval=2916035618 TSecr=3045555388 [TCP segment of a reassembled PDU]"
"23461","31.538273806","192.168.1.55","192.168.1.2","TCP","1514","8004  >  35908 [ACK] Seq=354894 Ack=144 Win=65024 Len=1448 TSval=2916035618 TSecr=3045555388 [TCP segment of a reassembled PDU]"
"23462","31.538275714","192.168.1.55","192.168.1.2","TCP","1514","8004  >  35908 [ACK] Seq=356342 Ack=144 Win=65024 Len=1448 TSval=2916035618 TSecr=3045555388 [TCP segment of a reassembled PDU]"
"23463","31.538277103","192.168.1.55","192.168.1.2","TCP","1514","8004  >  35908 [ACK] Seq=357790 Ack=144 Win=65024 Len=1448 TSval=2916035618 TSecr=3045555388 [TCP segment of a reassembled PDU]"
"23464","31.538278732","192.168.1.55","192.168.1.2","TCP","1514","8004  >  35908 [ACK] Seq=359238 Ack=144 Win=65024 Len=1448 TSval=2916035618 TSecr=3045555388 [TCP segment of a reassembled PDU]"
"23465","31.538281103","192.168.1.55","192.168.1.2","TCP","1514","8004  >  35908 [ACK] Seq=360686 Ack=144 Win=65024 Len=1448 TSval=2916035618 TSecr=3045555388 [TCP segment of a reassembled PDU]"
"23466","31.538282806","192.168.1.55","192.168.1.2","TCP","1514","8004  >  35908 [ACK] Seq=362134 Ack=144 Win=65024 Len=1448 TSval=2916035618 TSecr=3045555388 [TCP segment of a reassembled PDU]"
"23467","31.538284621","192.168.1.55","192.168.1.2","TCP","1514","8004  >  35908 [ACK] Seq=363582 Ack=144 Win=65024 Len=1448 TSval=2916035618 TSecr=3045555388 [TCP segment of a reassembled PDU]"
"23468","31.538287103","192.168.1.55","192.168.1.2","TCP","1514","8004  >  35908 [ACK] Seq=365030 Ack=144 Win=65024 Len=1448 TSval=2916035618 TSecr=3045555388 [TCP segment of a reassembled PDU]"
"23469","31.538288843","192.168.1.55","192.168.1.2","TCP","1514","8004  >  35908 [ACK] Seq=366478 Ack=144 Win=65024 Len=1448 TSval=2916035618 TSecr=3045555388 [TCP segment of a reassembled PDU]"
"23470","31.538290343","192.168.1.55","192.168.1.2","TCP","1514","8004  >  35908 [ACK] Seq=367926 Ack=144 Win=65024 Len=1448 TSval=2916035618 TSecr=3045555388 [TCP segment of a reassembled PDU]"
"23471","31.538298029","192.168.1.55","192.168.1.2","TCP","1514","8004  >  35908 [ACK] Seq=369374 Ack=144 Win=65024 Len=1448 TSval=2916035618 TSecr=3045555388 [TCP segment of a reassembled PDU]"
"23472","31.538301066","192.168.1.55","192.168.1.2","TCP","1514","8004  >  35908 [ACK] Seq=370822 Ack=144 Win=65024 Len=1448 TSval=2916035618 TSecr=3045555388 [TCP segment of a reassembled PDU]"
"23473","31.538302695","192.168.1.55","192.168.1.2","TCP","1514","8004  >  35908 [ACK] Seq=372270 Ack=144 Win=65024 Len=1448 TSval=2916035618 TSecr=3045555388 [TCP segment of a reassembled PDU]"
"23474","31.538304066","192.168.1.55","192.168.1.2","TCP","1514","8004  >  35908 [ACK] Seq=373718 Ack=144 Win=65024 Len=1448 TSval=2916035618 TSecr=3045555388 [TCP segment of a reassembled PDU]"
"23475","31.538305510","192.168.1.55","192.168.1.2","TCP","1514","8004  >  35908 [PSH, ACK] Seq=375166 Ack=144 Win=65024 Len=1448 TSval=2916035618 TSecr=3045555388 [TCP segment of a reassembled PDU]"
"23476","31.538316325","192.168.1.55","192.168.1.2","TCP","122","8004  >  35908 [ACK] Seq=376614 Ack=144 Win=65024 Len=56 TSval=2916035618 TSecr=3045555388 [TCP segment of a reassembled PDU]"
"23477","31.538409325","192.168.1.2","192.168.1.55","TCP","66","35908  >  8004 [ACK] Seq=144 Ack=259382 Win=125952 Len=0 TSval=3045555392 TSecr=2916035610"
"23478","31.538420177","192.168.1.2","192.168.1.55","TCP","66","35908  >  8004 [ACK] Seq=144 Ack=265174 Win=138240 Len=0 TSval=3045555392 TSecr=2916035611"
"23479","31.538426918","192.168.1.2","192.168.1.55","TCP","66","35908  >  8004 [ACK] Seq=144 Ack=276758 Win=139264 Len=0 TSval=3045555393 TSecr=2916035611"
"23480","31.538463825","192.168.1.55","192.168.1.2","TCP","1514","8004  >  35908 [ACK] Seq=376670 Ack=144 Win=65024 Len=1448 TSval=2916035619 TSecr=3045555393 [TCP segment of a reassembled PDU]"
"23481","31.538466325","192.168.1.55","192.168.1.2","TCP","1514","8004  >  35908 [ACK] Seq=378118 Ack=144 Win=65024 Len=1448 TSval=2916035619 TSecr=3045555393 [TCP segment of a reassembled PDU]"
"23482","31.538468492","192.168.1.55","192.168.1.2","TCP","1514","8004  >  35908 [ACK] Seq=379566 Ack=144 Win=65024 Len=1448 TSval=2916035619 TSecr=3045555393 [TCP segment of a reassembled PDU]"
"23483","31.538470510","192.168.1.55","192.168.1.2","TCP","1514","8004  >  35908 [ACK] Seq=381014 Ack=144 Win=65024 Len=1448 TSval=2916035619 TSecr=3045555393 [TCP segment of a reassembled PDU]"
"23484","31.538471899","192.168.1.55","192.168.1.2","TCP","1514","8004  >  35908 [ACK] Seq=382462 Ack=144 Win=65024 Len=1448 TSval=2916035619 TSecr=3045555393 [TCP segment of a reassembled PDU]"
"23485","31.538473214","192.168.1.55","192.168.1.2","TCP","1514","8004  >  35908 [ACK] Seq=383910 Ack=144 Win=65024 Len=1448 TSval=2916035619 TSecr=3045555393 [TCP segment of a reassembled PDU]"
"23486","31.538474862","192.168.1.55","192.168.1.2","TCP","1514","8004  >  35908 [ACK] Seq=385358 Ack=144 Win=65024 Len=1448 TSval=2916035619 TSecr=3045555393 [TCP segment of a reassembled PDU]"
"23487","31.538477640","192.168.1.55","192.168.1.2","TCP","1514","8004  >  35908 [ACK] Seq=386806 Ack=144 Win=65024 Len=1448 TSval=2916035619 TSecr=3045555393 [TCP segment of a reassembled PDU]"
"23488","31.538479399","192.168.1.55","192.168.1.2","TCP","1514","8004  >  35908 [ACK] Seq=388254 Ack=144 Win=65024 Len=1448 TSval=2916035619 TSecr=3045555393 [TCP segment of a reassembled PDU]"
"23489","31.538480807","192.168.1.55","192.168.1.2","TCP","1514","8004  >  35908 [ACK] Seq=389702 Ack=144 Win=65024 Len=1448 TSval=2916035619 TSecr=3045555393 [TCP segment of a reassembled PDU]"
"23490","31.538482084","192.168.1.55","192.168.1.2","TCP","1514","8004  >  35908 [ACK] Seq=391150 Ack=144 Win=65024 Len=1448 TSval=2916035619 TSecr=3045555393 [TCP segment of a reassembled PDU]"
"23491","31.538483547","192.168.1.55","192.168.1.2","TCP","1514","8004  >  35908 [ACK] Seq=392598 Ack=144 Win=65024 Len=1448 TSval=2916035619 TSecr=3045555393 [TCP segment of a reassembled PDU]"
"23492","31.538484862","192.168.1.55","192.168.1.2","TCP","1514","8004  >  35908 [ACK] Seq=394046 Ack=144 Win=65024 Len=1448 TSval=2916035619 TSecr=3045555393 [TCP segment of a reassembled PDU]"
"23493","31.538486214","192.168.1.55","192.168.1.2","TCP","1514","8004  >  35908 [ACK] Seq=395494 Ack=144 Win=65024 Len=1448 TSval=2916035619 TSecr=3045555393 [TCP segment of a reassembled PDU]"
"23494","31.538494436","192.168.1.55","192.168.1.2","TCP","1514","8004  >  35908 [ACK] Seq=396942 Ack=144 Win=65024 Len=1448 TSval=2916035619 TSecr=3045555393 [TCP segment of a reassembled PDU]"
"23495","31.538498473","192.168.1.55","192.168.1.2","TCP","1514","8004  >  35908 [ACK] Seq=398390 Ack=144 Win=65024 Len=1448 TSval=2916035619 TSecr=3045555393 [TCP segment of a reassembled PDU]"
"23496","31.538499881","192.168.1.55","192.168.1.2","TCP","1514","8004  >  35908 [ACK] Seq=399838 Ack=144 Win=65024 Len=1448 TSval=2916035619 TSecr=3045555393 [TCP segment of a reassembled PDU]"
"23497","31.538501159","192.168.1.55","192.168.1.2","TCP","1514","8004  >  35908 [ACK] Seq=401286 Ack=144 Win=65024 Len=1448 TSval=2916035619 TSecr=3045555393 [TCP segment of a reassembled PDU]"
"23498","31.538502510","192.168.1.55","192.168.1.2","TCP","1514","8004  >  35908 [ACK] Seq=402734 Ack=144 Win=65024 Len=1448 TSval=2916035619 TSecr=3045555393 [TCP segment of a reassembled PDU]"
"23499","31.538503844","192.168.1.55","192.168.1.2","TCP","1514","8004  >  35908 [ACK] Seq=404182 Ack=144 Win=65024 Len=1448 TSval=2916035619 TSecr=3045555393 [TCP segment of a reassembled PDU]"
"23500","31.538505159","192.168.1.55","192.168.1.2","TCP","1514","8004  >  35908 [ACK] Seq=405630 Ack=144 Win=65024 Len=1448 TSval=2916035619 TSecr=3045555393 [TCP segment of a reassembled PDU]"
"23501","31.538506936","192.168.1.55","192.168.1.2","TCP","1514","8004  >  35908 [ACK] Seq=407078 Ack=144 Win=65024 Len=1448 TSval=2916035619 TSecr=3045555393 [TCP segment of a reassembled PDU]"
"23502","31.538509029","192.168.1.55","192.168.1.2","TCP","1514","8004  >  35908 [PSH, ACK] Seq=408526 Ack=144 Win=65024 Len=1448 TSval=2916035619 TSecr=3045555393 [TCP segment of a reassembled PDU]"
"23503","31.538514659","192.168.1.2","192.168.1.55","TCP","66","35908  >  8004 [ACK] Seq=144 Ack=285446 Win=133120 Len=0 TSval=3045555393 TSecr=2916035611"
"23504","31.538576622","192.168.1.2","192.168.1.55","TCP","66","35908  >  8004 [ACK] Seq=144 Ack=310062 Win=130048 Len=0 TSval=3045555394 TSecr=2916035611"
"23505","31.538587381","192.168.1.2","192.168.1.55","TCP","66","35908  >  8004 [ACK] Seq=144 Ack=349158 Win=102400 Len=0 TSval=3045555394 TSecr=2916035611"
"23506","31.538626918","192.168.1.55","192.168.1.2","TCP","1514","8004  >  35908 [ACK] Seq=409974 Ack=144 Win=65024 Len=1448 TSval=2916035619 TSecr=3045555394 [TCP segment of a reassembled PDU]"
"23507","31.538628881","192.168.1.55","192.168.1.2","TCP","1514","8004  >  35908 [ACK] Seq=411422 Ack=144 Win=65024 Len=1448 TSval=2916035619 TSecr=3045555394 [TCP segment of a reassembled PDU]"
"23508","31.538630788","192.168.1.55","192.168.1.2","TCP","1514","8004  >  35908 [ACK] Seq=412870 Ack=144 Win=65024 Len=1448 TSval=2916035619 TSecr=3045555394 [TCP segment of a reassembled PDU]"
"23509","31.538633103","192.168.1.55","192.168.1.2","TCP","1514","8004  >  35908 [ACK] Seq=414318 Ack=144 Win=65024 Len=1448 TSval=2916035619 TSecr=3045555394 [TCP segment of a reassembled PDU]"
"23510","31.538634603","192.168.1.55","192.168.1.2","TCP","1514","8004  >  35908 [ACK] Seq=415766 Ack=144 Win=65024 Len=1448 TSval=2916035619 TSecr=3045555394 [TCP segment of a reassembled PDU]"
"23511","31.538635937","192.168.1.55","192.168.1.2","TCP","1514","8004  >  35908 [ACK] Seq=417214 Ack=144 Win=65024 Len=1448 TSval=2916035619 TSecr=3045555394 [TCP segment of a reassembled PDU]"
"23512","31.538637622","192.168.1.55","192.168.1.2","TCP","1514","8004  >  35908 [ACK] Seq=418662 Ack=144 Win=65024 Len=1448 TSval=2916035619 TSecr=3045555394 [TCP segment of a reassembled PDU]"
"23513","31.538639418","192.168.1.55","192.168.1.2","TCP","1514","8004  >  35908 [ACK] Seq=420110 Ack=144 Win=65024 Len=1448 TSval=2916035619 TSecr=3045555394 [TCP segment of a reassembled PDU]"
"23514","31.538641455","192.168.1.55","192.168.1.2","TCP","1514","8004  >  35908 [ACK] Seq=421558 Ack=144 Win=65024 Len=1448 TSval=2916035619 TSecr=3045555394 [TCP segment of a reassembled PDU]"
"23515","31.538642807","192.168.1.55","192.168.1.2","TCP","1514","8004  >  35908 [ACK] Seq=423006 Ack=144 Win=65024 Len=1448 TSval=2916035619 TSecr=3045555394 [TCP segment of a reassembled PDU]"
"23516","31.538644122","192.168.1.55","192.168.1.2","TCP","1514","8004  >  35908 [ACK] Seq=424454 Ack=144 Win=65024 Len=1448 TSval=2916035619 TSecr=3045555394 [TCP segment of a reassembled PDU]"
"23517","31.538645622","192.168.1.55","192.168.1.2","TCP","1514","8004  >  35908 [ACK] Seq=425902 Ack=144 Win=65024 Len=1448 TSval=2916035619 TSecr=3045555394 [TCP segment of a reassembled PDU]"
"23518","31.538647103","192.168.1.55","192.168.1.2","TCP","1514","8004  >  35908 [ACK] Seq=427350 Ack=144 Win=65024 Len=1448 TSval=2916035619 TSecr=3045555394 [TCP segment of a reassembled PDU]"
"23519","31.538648640","192.168.1.55","192.168.1.2","TCP","1514","8004  >  35908 [ACK] Seq=428798 Ack=144 Win=65024 Len=1448 TSval=2916035619 TSecr=3045555394 [TCP segment of a reassembled PDU]"
"23520","31.538650418","192.168.1.55","192.168.1.2","TCP","1514","8004  >  35908 [ACK] Seq=430246 Ack=144 Win=65024 Len=1448 TSval=2916035619 TSecr=3045555394 [TCP segment of a reassembled PDU]"
"23521","31.538651974","192.168.1.55","192.168.1.2","TCP","1514","8004  >  35908 [ACK] Seq=431694 Ack=144 Win=65024 Len=1448 TSval=2916035619 TSecr=3045555394 [TCP segment of a reassembled PDU]"
"23522","31.538653381","192.168.1.55","192.168.1.2","TCP","1514","8004  >  35908 [ACK] Seq=433142 Ack=144 Win=65024 Len=1448 TSval=2916035619 TSecr=3045555394 [TCP segment of a reassembled PDU]"
"23523","31.538655122","192.168.1.55","192.168.1.2","TCP","1514","8004  >  35908 [ACK] Seq=434590 Ack=144 Win=65024 Len=1448 TSval=2916035619 TSecr=3045555394 [TCP segment of a reassembled PDU]"
"23524","31.538657825","192.168.1.55","192.168.1.2","TCP","1514","8004  >  35908 [ACK] Seq=436038 Ack=144 Win=65024 Len=1448 TSval=2916035619 TSecr=3045555394 [TCP segment of a reassembled PDU]"
"23525","31.538659603","192.168.1.55","192.168.1.2","TCP","1514","8004  >  35908 [ACK] Seq=437486 Ack=144 Win=65024 Len=1448 TSval=2916035619 TSecr=3045555394 [TCP segment of a reassembled PDU]"
"23526","31.538661381","192.168.1.55","192.168.1.2","TCP","1514","8004  >  35908 [ACK] Seq=438934 Ack=144 Win=65024 Len=1448 TSval=2916035619 TSecr=3045555394 [TCP segment of a reassembled PDU]"
"23527","31.538662825","192.168.1.55","192.168.1.2","TCP","1514","8004  >  35908 [ACK] Seq=440382 Ack=144 Win=65024 Len=1448 TSval=2916035619 TSecr=3045555394 [TCP segment of a reassembled PDU]"
"23528","31.538664437","192.168.1.55","192.168.1.2","TCP","1514","8004  >  35908 [PSH, ACK] Seq=441830 Ack=144 Win=65024 Len=1448 TSval=2916035619 TSecr=3045555394 [TCP segment of a reassembled PDU]"
"23529","31.539868068","192.168.1.2","192.168.1.55","TCP","66","35908  >  8004 [ACK] Seq=144 Ack=350606 Win=142336 Len=0 TSval=3045555395 TSecr=2916035611"
"23530","31.539911383","192.168.1.55","192.168.1.2","TCP","1514","8004  >  35908 [ACK] Seq=443278 Ack=144 Win=65024 Len=1448 TSval=2916035620 TSecr=3045555395 [TCP segment of a reassembled PDU]"
"23531","31.539914939","192.168.1.55","192.168.1.2","TCP","1514","8004  >  35908 [ACK] Seq=444726 Ack=144 Win=65024 Len=1448 TSval=2916035620 TSecr=3045555395 [TCP segment of a reassembled PDU]"
"23532","31.539916661","192.168.1.55","192.168.1.2","TCP","1514","8004  >  35908 [ACK] Seq=446174 Ack=144 Win=65024 Len=1448 TSval=2916035620 TSecr=3045555395 [TCP segment of a reassembled PDU]"
"23533","31.539918179","192.168.1.55","192.168.1.2","TCP","1514","8004  >  35908 [ACK] Seq=447622 Ack=144 Win=65024 Len=1448 TSval=2916035620 TSecr=3045555395 [TCP segment of a reassembled PDU]"
"23534","31.539920124","192.168.1.55","192.168.1.2","TCP","1514","8004  >  35908 [ACK] Seq=449070 Ack=144 Win=65024 Len=1448 TSval=2916035620 TSecr=3045555395 [TCP segment of a reassembled PDU]"
"23535","31.539922124","192.168.1.55","192.168.1.2","TCP","1514","8004  >  35908 [ACK] Seq=450518 Ack=144 Win=65024 Len=1448 TSval=2916035620 TSecr=3045555395 [TCP segment of a reassembled PDU]"
"23536","31.539923531","192.168.1.55","192.168.1.2","TCP","1514","8004  >  35908 [ACK] Seq=451966 Ack=144 Win=65024 Len=1448 TSval=2916035620 TSecr=3045555395 [TCP segment of a reassembled PDU]"
"23537","31.539925439","192.168.1.55","192.168.1.2","TCP","1514","8004  >  35908 [ACK] Seq=453414 Ack=144 Win=65024 Len=1448 TSval=2916035620 TSecr=3045555395 [TCP segment of a reassembled PDU]"
"23538","31.539927642","192.168.1.55","192.168.1.2","TCP","1514","8004  >  35908 [ACK] Seq=454862 Ack=144 Win=65024 Len=1448 TSval=2916035620 TSecr=3045555395 [TCP segment of a reassembled PDU]"
"23539","31.539929198","192.168.1.55","192.168.1.2","TCP","1514","8004  >  35908 [ACK] Seq=456310 Ack=144 Win=65024 Len=1448 TSval=2916035620 TSecr=3045555395 [TCP segment of a reassembled PDU]"
"23540","31.539930698","192.168.1.55","192.168.1.2","TCP","1514","8004  >  35908 [ACK] Seq=457758 Ack=144 Win=65024 Len=1448 TSval=2916035620 TSecr=3045555395 [TCP segment of a reassembled PDU]"
"23541","31.539932568","192.168.1.55","192.168.1.2","TCP","1514","8004  >  35908 [ACK] Seq=459206 Ack=144 Win=65024 Len=1448 TSval=2916035620 TSecr=3045555395 [TCP segment of a reassembled PDU]"
"23542","31.539934383","192.168.1.55","192.168.1.2","TCP","1514","8004  >  35908 [ACK] Seq=460654 Ack=144 Win=65024 Len=1448 TSval=2916035620 TSecr=3045555395 [TCP segment of a reassembled PDU]"
"23543","31.539936050","192.168.1.55","192.168.1.2","TCP","1514","8004  >  35908 [ACK] Seq=462102 Ack=144 Win=65024 Len=1448 TSval=2916035620 TSecr=3045555395 [TCP segment of a reassembled PDU]"
"23544","31.539937531","192.168.1.55","192.168.1.2","TCP","1514","8004  >  35908 [ACK] Seq=463550 Ack=144 Win=65024 Len=1448 TSval=2916035620 TSecr=3045555395 [TCP segment of a reassembled PDU]"
"23545","31.539939716","192.168.1.55","192.168.1.2","TCP","1514","8004  >  35908 [ACK] Seq=464998 Ack=144 Win=65024 Len=1448 TSval=2916035620 TSecr=3045555395 [TCP segment of a reassembled PDU]"
"23546","31.539942087","192.168.1.55","192.168.1.2","TCP","1514","8004  >  35908 [ACK] Seq=466446 Ack=144 Win=65024 Len=1448 TSval=2916035620 TSecr=3045555395 [TCP segment of a reassembled PDU]"
"23547","31.539943883","192.168.1.55","192.168.1.2","TCP","1514","8004  >  35908 [ACK] Seq=467894 Ack=144 Win=65024 Len=1448 TSval=2916035620 TSecr=3045555395 [TCP segment of a reassembled PDU]"
"23548","31.539946383","192.168.1.55","192.168.1.2","TCP","1514","8004  >  35908 [ACK] Seq=469342 Ack=144 Win=65024 Len=1448 TSval=2916035620 TSecr=3045555395 [TCP segment of a reassembled PDU]"
"23549","31.539948290","192.168.1.55","192.168.1.2","TCP","1514","8004  >  35908 [ACK] Seq=470790 Ack=144 Win=65024 Len=1448 TSval=2916035620 TSecr=3045555395 [TCP segment of a reassembled PDU]"
"23550","31.539949883","192.168.1.55","192.168.1.2","TCP","1514","8004  >  35908 [ACK] Seq=472238 Ack=144 Win=65024 Len=1448 TSval=2916035620 TSecr=3045555395 [TCP segment of a reassembled PDU]"
"23551","31.539951550","192.168.1.55","192.168.1.2","TCP","1514","8004  >  35908 [ACK] Seq=473686 Ack=144 Win=65024 Len=1448 TSval=2916035620 TSecr=3045555395 [TCP segment of a reassembled PDU]"
"23552","31.539953735","192.168.1.55","192.168.1.2","TCP","1514","8004  >  35908 [PSH, ACK] Seq=475134 Ack=144 Win=65024 Len=1448 TSval=2916035620 TSecr=3045555395 [TCP segment of a reassembled PDU]"
"23553","31.539986716","192.168.1.2","192.168.1.55","TCP","66","35908  >  8004 [ACK] Seq=144 Ack=351998 Win=145408 Len=0 TSval=3045555395 TSecr=2916035611"
"23554","31.540014402","192.168.1.55","192.168.1.2","TCP","1514","8004  >  35908 [ACK] Seq=476582 Ack=144 Win=65024 Len=1448 TSval=2916035620 TSecr=3045555395 [TCP segment of a reassembled PDU]"
"23555","31.540017068","192.168.1.55","192.168.1.2","TCP","1514","8004  >  35908 [ACK] Seq=478030 Ack=144 Win=65024 Len=1448 TSval=2916035620 TSecr=3045555395 [TCP segment of a reassembled PDU]"
"23556","31.540018939","192.168.1.55","192.168.1.2","TCP","1514","8004  >  35908 [ACK] Seq=479478 Ack=144 Win=65024 Len=1448 TSval=2916035620 TSecr=3045555395 [TCP segment of a reassembled PDU]"
"23557","31.540020476","192.168.1.55","192.168.1.2","TCP","1514","8004  >  35908 [ACK] Seq=480926 Ack=144 Win=65024 Len=1448 TSval=2916035620 TSecr=3045555395 [TCP segment of a reassembled PDU]"
"23558","31.540021920","192.168.1.55","192.168.1.2","TCP","1514","8004  >  35908 [ACK] Seq=482374 Ack=144 Win=65024 Len=1448 TSval=2916035620 TSecr=3045555395 [TCP segment of a reassembled PDU]"
"23559","31.540024568","192.168.1.55","192.168.1.2","TCP","1514","8004  >  35908 [ACK] Seq=483822 Ack=144 Win=65024 Len=1448 TSval=2916035620 TSecr=3045555395 [TCP segment of a reassembled PDU]"
"23560","31.540026254","192.168.1.55","192.168.1.2","TCP","1514","8004  >  35908 [ACK] Seq=485270 Ack=144 Win=65024 Len=1448 TSval=2916035620 TSecr=3045555395 [TCP segment of a reassembled PDU]"
"23561","31.540027698","192.168.1.55","192.168.1.2","TCP","1514","8004  >  35908 [ACK] Seq=486718 Ack=144 Win=65024 Len=1448 TSval=2916035620 TSecr=3045555395 [TCP segment of a reassembled PDU]"
"23562","31.540030476","192.168.1.55","192.168.1.2","TCP","1514","8004  >  35908 [ACK] Seq=488166 Ack=144 Win=65024 Len=1448 TSval=2916035620 TSecr=3045555395 [TCP segment of a reassembled PDU]"
"23563","31.540032679","192.168.1.55","192.168.1.2","TCP","1514","8004  >  35908 [ACK] Seq=489614 Ack=144 Win=65024 Len=1448 TSval=2916035620 TSecr=3045555395 [TCP segment of a reassembled PDU]"
"23564","31.540034124","192.168.1.55","192.168.1.2","TCP","1514","8004  >  35908 [ACK] Seq=491062 Ack=144 Win=65024 Len=1448 TSval=2916035620 TSecr=3045555395 [TCP segment of a reassembled PDU]"
"23565","31.540035679","192.168.1.55","192.168.1.2","TCP","1514","8004  >  35908 [ACK] Seq=492510 Ack=144 Win=65024 Len=1448 TSval=2916035620 TSecr=3045555395 [TCP segment of a reassembled PDU]"
"23566","31.540037402","192.168.1.55","192.168.1.2","TCP","1514","8004  >  35908 [ACK] Seq=493958 Ack=144 Win=65024 Len=1448 TSval=2916035620 TSecr=3045555395 [TCP segment of a reassembled PDU]"
"23567","31.540039161","192.168.1.55","192.168.1.2","TCP","1514","8004  >  35908 [PSH, ACK] Seq=495406 Ack=144 Win=65024 Len=1448 TSval=2916035620 TSecr=3045555395 [TCP segment of a reassembled PDU]"
"23568","31.545317317","192.168.1.2","192.168.1.55","TCP","66","35908  >  8004 [ACK] Seq=144 Ack=370822 Win=183296 Len=0 TSval=3045555397 TSecr=2916035618"
"23569","31.545331817","192.168.1.55","192.168.1.2","TCP","1514","8004  >  35908 [ACK] Seq=496854 Ack=144 Win=65024 Len=1448 TSval=2916035626 TSecr=3045555397 [TCP segment of a reassembled PDU]"
"23570","31.545337188","192.168.1.55","192.168.1.2","HTTP","222","HTTP/1.0 200 OK  (PNG)"
"23571","31.545505577","192.168.1.2","192.168.1.55","TCP","66","35908  >  8004 [ACK] Seq=144 Ack=376614 Win=194560 Len=0 TSval=3045555401 TSecr=2916035618"
"23572","31.545512299","192.168.1.2","192.168.1.55","TCP","66","35908  >  8004 [ACK] Seq=144 Ack=404182 Win=188416 Len=0 TSval=3045555401 TSecr=2916035618"
"23573","31.547383265","192.168.1.2","192.168.1.55","TCP","66","35908  >  8004 [ACK] Seq=144 Ack=438934 Win=163840 Len=0 TSval=3045555401 TSecr=2916035619"
"23574","31.549792491","192.168.1.2","192.168.1.55","TCP","66","35908  >  8004 [ACK] Seq=144 Ack=440382 Win=197632 Len=0 TSval=3045555405 TSecr=2916035619"
"23575","31.549920325","192.168.1.2","192.168.1.55","TCP","66","35908  >  8004 [ACK] Seq=144 Ack=443278 Win=203776 Len=0 TSval=3045555405 TSecr=2916035619"
"23576","31.549926973","192.168.1.2","192.168.1.55","TCP","66","35908  >  8004 [ACK] Seq=144 Ack=476582 Win=184320 Len=0 TSval=3045555405 TSecr=2916035620"
"23577","31.550230844","192.168.1.2","192.168.1.55","TCP","66","35908  >  8004 [ACK] Seq=144 Ack=498459 Win=167936 Len=0 TSval=3045555405 TSecr=2916035620"
"23578","31.551285179","192.168.1.2","192.168.1.55","TCP","66","35908  >  8004 [FIN, ACK] Seq=144 Ack=498459 Win=203776 Len=0 TSval=3045555405 TSecr=2916035620"
"23579","31.551318382","192.168.1.55","192.168.1.2","TCP","66","8004  >  35908 [ACK] Seq=498459 Ack=145 Win=65024 Len=0 TSval=2916035632 TSecr=3045555405"
"23580","31.551388012","192.168.1.2","192.168.1.55","TCP","74","35912  >  8004 [SYN] Seq=0 Win=64240 Len=0 MSS=1460 SACK_PERM TSval=3045555406 TSecr=0 WS=1024"
"23581","31.551406716","192.168.1.55","192.168.1.2","TCP","74","8004  >  35912 [SYN, ACK] Seq=0 Ack=1 Win=65160 Len=0 MSS=1460 SACK_PERM TSval=2916035632 TSecr=3045555406 WS=128"
"23582","31.554952110","192.168.1.2","192.168.1.55","TCP","66","35912  >  8004 [ACK] Seq=1 Ack=1 Win=64512 Len=0 TSval=3045555409 TSecr=2916035632"
"23583","31.558178875","192.168.1.2","192.168.1.55","HTTP","206","GET /stego_benchmark.png HTTP/1.1 "
"23584","31.558202597","192.168.1.55","192.168.1.2","TCP","66","8004  >  35912 [ACK] Seq=1 Ack=141 Win=65024 Len=0 TSval=2916035638 TSecr=3045555410"
"23585","31.558746839","192.168.1.55","192.168.1.2","TCP","255","8004  >  35912 [PSH, ACK] Seq=1 Ack=141 Win=65024 Len=189 TSval=2916035639 TSecr=3045555410 [TCP segment of a reassembled PDU]"
"23586","31.558882802","192.168.1.55","192.168.1.2","TCP","1514","8004  >  35912 [ACK] Seq=190 Ack=141 Win=65024 Len=1448 TSval=2916035639 TSecr=3045555410 [TCP segment of a reassembled PDU]"
"23587","31.558889728","192.168.1.55","192.168.1.2","TCP","1514","8004  >  35912 [ACK] Seq=1638 Ack=141 Win=65024 Len=1448 TSval=2916035639 TSecr=3045555410 [TCP segment of a reassembled PDU]"
"23588","31.558891117","192.168.1.55","192.168.1.2","TCP","1514","8004  >  35912 [ACK] Seq=3086 Ack=141 Win=65024 Len=1448 TSval=2916035639 TSecr=3045555410 [TCP segment of a reassembled PDU]"
"23589","31.558892839","192.168.1.55","192.168.1.2","TCP","1514","8004  >  35912 [ACK] Seq=4534 Ack=141 Win=65024 Len=1448 TSval=2916035639 TSecr=3045555410 [TCP segment of a reassembled PDU]"
"23590","31.558894394","192.168.1.55","192.168.1.2","TCP","1514","8004  >  35912 [PSH, ACK] Seq=5982 Ack=141 Win=65024 Len=1448 TSval=2916035639 TSecr=3045555410 [TCP segment of a reassembled PDU]"
"23591","31.558920339","192.168.1.55","192.168.1.2","TCP","1514","8004  >  35912 [ACK] Seq=7430 Ack=141 Win=65024 Len=1448 TSval=2916035639 TSecr=3045555410 [TCP segment of a reassembled PDU]"
"23592","31.558922913","192.168.1.55","192.168.1.2","TCP","1514","8004  >  35912 [ACK] Seq=8878 Ack=141 Win=65024 Len=1448 TSval=2916035639 TSecr=3045555410 [TCP segment of a reassembled PDU]"
"23593","31.558924505","192.168.1.55","192.168.1.2","TCP","1514","8004  >  35912 [ACK] Seq=10326 Ack=141 Win=65024 Len=1448 TSval=2916035639 TSecr=3045555410 [TCP segment of a reassembled PDU]"
"23594","31.558925950","192.168.1.55","192.168.1.2","TCP","1514","8004  >  35912 [PSH, ACK] Seq=11774 Ack=141 Win=65024 Len=1448 TSval=2916035639 TSecr=3045555410 [TCP segment of a reassembled PDU]"
"23595","31.562204992","192.168.1.2","192.168.1.55","TCP","66","35912  >  8004 [ACK] Seq=141 Ack=190 Win=64512 Len=0 TSval=3045555416 TSecr=2916035639"
"23596","31.562276659","192.168.1.55","192.168.1.2","TCP","1514","8004  >  35912 [ACK] Seq=13222 Ack=141 Win=65024 Len=1448 TSval=2916035642 TSecr=3045555416 [TCP segment of a reassembled PDU]"
"23597","31.562285640","192.168.1.55","192.168.1.2","TCP","1514","8004  >  35912 [PSH, ACK] Seq=14670 Ack=141 Win=65024 Len=1448 TSval=2916035642 TSecr=3045555416 [TCP segment of a reassembled PDU]"
"23598","31.562376159","192.168.1.2","192.168.1.55","TCP","66","35912  >  8004 [ACK] Seq=141 Ack=4534 Win=64512 Len=0 TSval=3045555416 TSecr=2916035639"
"23599","31.562408418","192.168.1.55","192.168.1.2","TCP","1514","8004  >  35912 [ACK] Seq=16118 Ack=141 Win=65024 Len=1448 TSval=2916035643 TSecr=3045555416 [TCP segment of a reassembled PDU]"
"23600","31.562410585","192.168.1.55","192.168.1.2","TCP","1514","8004  >  35912 [ACK] Seq=17566 Ack=141 Win=65024 Len=1448 TSval=2916035643 TSecr=3045555416 [TCP segment of a reassembled PDU]"
"23601","31.562412844","192.168.1.55","192.168.1.2","TCP","1514","8004  >  35912 [ACK] Seq=19014 Ack=141 Win=65024 Len=1448 TSval=2916035643 TSecr=3045555416 [TCP segment of a reassembled PDU]"
"23602","31.562415307","192.168.1.55","192.168.1.2","TCP","1514","8004  >  35912 [ACK] Seq=20462 Ack=141 Win=65024 Len=1448 TSval=2916035643 TSecr=3045555416 [TCP segment of a reassembled PDU]"
"23603","31.562417048","192.168.1.55","192.168.1.2","TCP","1514","8004  >  35912 [ACK] Seq=21910 Ack=141 Win=65024 Len=1448 TSval=2916035643 TSecr=3045555416 [TCP segment of a reassembled PDU]"
"23604","31.562418807","192.168.1.55","192.168.1.2","TCP","1514","8004  >  35912 [PSH, ACK] Seq=23358 Ack=141 Win=65024 Len=1448 TSval=2916035643 TSecr=3045555416 [TCP segment of a reassembled PDU]"
"23605","31.562423530","192.168.1.2","192.168.1.55","TCP","66","35912  >  8004 [ACK] Seq=141 Ack=7430 Win=67584 Len=0 TSval=3045555417 TSecr=2916035639"
"23606","31.562435659","192.168.1.2","192.168.1.55","TCP","66","35912  >  8004 [ACK] Seq=141 Ack=11774 Win=63488 Len=0 TSval=3045555417 TSecr=2916035639"
"23607","31.562469456","192.168.1.55","192.168.1.2","TCP","1514","8004  >  35912 [ACK] Seq=24806 Ack=141 Win=65024 Len=1448 TSval=2916035643 TSecr=3045555417 [TCP segment of a reassembled PDU]"
"23608","31.562472881","192.168.1.55","192.168.1.2","TCP","1514","8004  >  35912 [ACK] Seq=26254 Ack=141 Win=65024 Len=1448 TSval=2916035643 TSecr=3045555417 [TCP segment of a reassembled PDU]"
"23609","31.562475233","192.168.1.55","192.168.1.2","TCP","1514","8004  >  35912 [ACK] Seq=27702 Ack=141 Win=65024 Len=1448 TSval=2916035643 TSecr=3045555417 [TCP segment of a reassembled PDU]"
"23610","31.562477270","192.168.1.55","192.168.1.2","TCP","1514","8004  >  35912 [ACK] Seq=29150 Ack=141 Win=65024 Len=1448 TSval=2916035643 TSecr=3045555417 [TCP segment of a reassembled PDU]"
"23611","31.562478937","192.168.1.55","192.168.1.2","TCP","1514","8004  >  35912 [ACK] Seq=30598 Ack=141 Win=65024 Len=1448 TSval=2916035643 TSecr=3045555417 [TCP segment of a reassembled PDU]"
"23612","31.562480548","192.168.1.55","192.168.1.2","TCP","1514","8004  >  35912 [ACK] Seq=32046 Ack=141 Win=65024 Len=1448 TSval=2916035643 TSecr=3045555417 [TCP segment of a reassembled PDU]"
"23613","31.562482289","192.168.1.55","192.168.1.2","TCP","1514","8004  >  35912 [ACK] Seq=33494 Ack=141 Win=65024 Len=1448 TSval=2916035643 TSecr=3045555417 [TCP segment of a reassembled PDU]"
"23614","31.562484641","192.168.1.55","192.168.1.2","TCP","1514","8004  >  35912 [ACK] Seq=34942 Ack=141 Win=65024 Len=1448 TSval=2916035643 TSecr=3045555417 [TCP segment of a reassembled PDU]"
"23615","31.562486715","192.168.1.55","192.168.1.2","TCP","1514","8004  >  35912 [PSH, ACK] Seq=36390 Ack=141 Win=65024 Len=1448 TSval=2916035643 TSecr=3045555417 [TCP segment of a reassembled PDU]"
"23616","31.566118387","192.168.1.2","192.168.1.55","TCP","66","35912  >  8004 [ACK] Seq=141 Ack=13222 Win=66560 Len=0 TSval=3045555418 TSecr=2916035639"
"23617","31.566170887","192.168.1.55","192.168.1.2","TCP","1514","8004  >  35912 [ACK] Seq=37838 Ack=141 Win=65024 Len=1448 TSval=2916035646 TSecr=3045555418 [TCP segment of a reassembled PDU]"
"23618","31.566176498","192.168.1.55","192.168.1.2","TCP","1514","8004  >  35912 [ACK] Seq=39286 Ack=141 Win=65024 Len=1448 TSval=2916035646 TSecr=3045555418 [TCP segment of a reassembled PDU]"
"23619","31.566178535","192.168.1.55","192.168.1.2","TCP","1514","8004  >  35912 [PSH, ACK] Seq=40734 Ack=141 Win=65024 Len=1448 TSval=2916035646 TSecr=3045555418 [TCP segment of a reassembled PDU]"
"23620","31.567414019","192.168.1.2","192.168.1.55","TCP","66","35912  >  8004 [ACK] Seq=141 Ack=16118 Win=67584 Len=0 TSval=3045555421 TSecr=2916035642"
"23621","31.567435945","192.168.1.55","192.168.1.2","TCP","1514","8004  >  35912 [ACK] Seq=42182 Ack=141 Win=65024 Len=1448 TSval=2916035648 TSecr=3045555421 [TCP segment of a reassembled PDU]"
"23622","31.567439278","192.168.1.55","192.168.1.2","TCP","1514","8004  >  35912 [PSH, ACK] Seq=43630 Ack=141 Win=65024 Len=1448 TSval=2916035648 TSecr=3045555421 [TCP segment of a reassembled PDU]"
"23623","31.567661167","192.168.1.2","192.168.1.55","TCP","66","35912  >  8004 [ACK] Seq=141 Ack=19014 Win=67584 Len=0 TSval=3045555421 TSecr=2916035643"
"23624","31.567668964","192.168.1.2","192.168.1.55","TCP","66","35912  >  8004 [ACK] Seq=141 Ack=24806 Win=65536 Len=0 TSval=3045555422 TSecr=2916035643"
"23625","31.567707816","192.168.1.55","192.168.1.2","TCP","1514","8004  >  35912 [ACK] Seq=45078 Ack=141 Win=65024 Len=1448 TSval=2916035648 TSecr=3045555422 [TCP segment of a reassembled PDU]"
"23626","31.567712519","192.168.1.55","192.168.1.2","TCP","1514","8004  >  35912 [ACK] Seq=46526 Ack=141 Win=65024 Len=1448 TSval=2916035648 TSecr=3045555422 [TCP segment of a reassembled PDU]"
"23627","31.567714297","192.168.1.55","192.168.1.2","TCP","1514","8004  >  35912 [ACK] Seq=47974 Ack=141 Win=65024 Len=1448 TSval=2916035648 TSecr=3045555422 [TCP segment of a reassembled PDU]"
"23628","31.567717353","192.168.1.55","192.168.1.2","TCP","1514","8004  >  35912 [ACK] Seq=49422 Ack=141 Win=65024 Len=1448 TSval=2916035648 TSecr=3045555422 [TCP segment of a reassembled PDU]"
"23629","31.567719149","192.168.1.55","192.168.1.2","TCP","1514","8004  >  35912 [ACK] Seq=50870 Ack=141 Win=65024 Len=1448 TSval=2916035648 TSecr=3045555422 [TCP segment of a reassembled PDU]"
"23630","31.567720630","192.168.1.55","192.168.1.2","TCP","1514","8004  >  35912 [ACK] Seq=52318 Ack=141 Win=65024 Len=1448 TSval=2916035648 TSecr=3045555422 [TCP segment of a reassembled PDU]"
"23631","31.567722464","192.168.1.55","192.168.1.2","TCP","1514","8004  >  35912 [ACK] Seq=53766 Ack=141 Win=65024 Len=1448 TSval=2916035648 TSecr=3045555422 [TCP segment of a reassembled PDU]"
"23632","31.567724556","192.168.1.55","192.168.1.2","TCP","1514","8004  >  35912 [ACK] Seq=55214 Ack=141 Win=65024 Len=1448 TSval=2916035648 TSecr=3045555422 [TCP segment of a reassembled PDU]"
"23633","31.567727316","192.168.1.55","192.168.1.2","TCP","1514","8004  >  35912 [ACK] Seq=56662 Ack=141 Win=65024 Len=1448 TSval=2916035648 TSecr=3045555422 [TCP segment of a reassembled PDU]"
"23634","31.567728760","192.168.1.55","192.168.1.2","TCP","1514","8004  >  35912 [ACK] Seq=58110 Ack=141 Win=65024 Len=1448 TSval=2916035648 TSecr=3045555422 [TCP segment of a reassembled PDU]"
"23635","31.567730149","192.168.1.55","192.168.1.2","TCP","1514","8004  >  35912 [ACK] Seq=59558 Ack=141 Win=65024 Len=1448 TSval=2916035648 TSecr=3045555422 [TCP segment of a reassembled PDU]"
"23636","31.567732853","192.168.1.55","192.168.1.2","TCP","1514","8004  >  35912 [ACK] Seq=61006 Ack=141 Win=65024 Len=1448 TSval=2916035648 TSecr=3045555422 [TCP segment of a reassembled PDU]"
"23637","31.567734760","192.168.1.55","192.168.1.2","TCP","1514","8004  >  35912 [ACK] Seq=62454 Ack=141 Win=65024 Len=1448 TSval=2916035648 TSecr=3045555422 [TCP segment of a reassembled PDU]"
"23638","31.567736464","192.168.1.55","192.168.1.2","TCP","1514","8004  >  35912 [PSH, ACK] Seq=63902 Ack=141 Win=65024 Len=1448 TSval=2916035648 TSecr=3045555422 [TCP segment of a reassembled PDU]"
"23639","31.567742723","192.168.1.2","192.168.1.55","TCP","66","35912  >  8004 [ACK] Seq=141 Ack=36390 Win=61440 Len=0 TSval=3045555422 TSecr=2916035643"
"23640","31.567776427","192.168.1.55","192.168.1.2","TCP","1514","8004  >  35912 [ACK] Seq=65350 Ack=141 Win=65024 Len=1448 TSval=2916035648 TSecr=3045555422 [TCP segment of a reassembled PDU]"
"23641","31.567779279","192.168.1.55","192.168.1.2","TCP","1514","8004  >  35912 [ACK] Seq=66798 Ack=141 Win=65024 Len=1448 TSval=2916035648 TSecr=3045555422 [TCP segment of a reassembled PDU]"
"23642","31.567781853","192.168.1.55","192.168.1.2","TCP","1514","8004  >  35912 [ACK] Seq=68246 Ack=141 Win=65024 Len=1448 TSval=2916035648 TSecr=3045555422 [TCP segment of a reassembled PDU]"
"23643","31.567783371","192.168.1.55","192.168.1.2","TCP","1514","8004  >  35912 [ACK] Seq=69694 Ack=141 Win=65024 Len=1448 TSval=2916035648 TSecr=3045555422 [TCP segment of a reassembled PDU]"
"23644","31.567785742","192.168.1.55","192.168.1.2","TCP","1514","8004  >  35912 [ACK] Seq=71142 Ack=141 Win=65024 Len=1448 TSval=2916035648 TSecr=3045555422 [TCP segment of a reassembled PDU]"
"23645","31.567787575","192.168.1.55","192.168.1.2","TCP","1514","8004  >  35912 [ACK] Seq=72590 Ack=141 Win=65024 Len=1448 TSval=2916035648 TSecr=3045555422 [TCP segment of a reassembled PDU]"
"23646","31.567789131","192.168.1.55","192.168.1.2","TCP","1514","8004  >  35912 [ACK] Seq=74038 Ack=141 Win=65024 Len=1448 TSval=2916035648 TSecr=3045555422 [TCP segment of a reassembled PDU]"
"23647","31.567790501","192.168.1.55","192.168.1.2","TCP","1514","8004  >  35912 [PSH, ACK] Seq=75486 Ack=141 Win=65024 Len=1448 TSval=2916035648 TSecr=3045555422 [TCP segment of a reassembled PDU]"
"23648","31.567805982","192.168.1.2","192.168.1.55","TCP","66","35912  >  8004 [ACK] Seq=141 Ack=37838 Win=60416 Len=0 TSval=3045555422 TSecr=2916035643"
"23649","31.568691076","192.168.1.55","192.168.1.2","TCP","1514","8004  >  35912 [ACK] Seq=76934 Ack=141 Win=65024 Len=1448 TSval=2916035649 TSecr=3045555422 [TCP segment of a reassembled PDU]"
"23650","31.568697188","192.168.1.55","192.168.1.2","TCP","1514","8004  >  35912 [ACK] Seq=78382 Ack=141 Win=65024 Len=1448 TSval=2916035649 TSecr=3045555422 [TCP segment of a reassembled PDU]"
"23651","31.568699428","192.168.1.55","192.168.1.2","TCP","1514","8004  >  35912 [ACK] Seq=79830 Ack=141 Win=65024 Len=1448 TSval=2916035649 TSecr=3045555422 [TCP segment of a reassembled PDU]"
"23652","31.568701391","192.168.1.55","192.168.1.2","TCP","1514","8004  >  35912 [ACK] Seq=81278 Ack=141 Win=65024 Len=1448 TSval=2916035649 TSecr=3045555422 [TCP segment of a reassembled PDU]"
"23653","31.568702762","192.168.1.55","192.168.1.2","TCP","1514","8004  >  35912 [ACK] Seq=82726 Ack=141 Win=65024 Len=1448 TSval=2916035649 TSecr=3045555422 [TCP segment of a reassembled PDU]"
"23654","31.568704669","192.168.1.55","192.168.1.2","TCP","1514","8004  >  35912 [ACK] Seq=84174 Ack=141 Win=65024 Len=1448 TSval=2916035649 TSecr=3045555422 [TCP segment of a reassembled PDU]"
"23655","31.568706113","192.168.1.55","192.168.1.2","TCP","1514","8004  >  35912 [ACK] Seq=85622 Ack=141 Win=65024 Len=1448 TSval=2916035649 TSecr=3045555422 [TCP segment of a reassembled PDU]"
"23656","31.568707521","192.168.1.55","192.168.1.2","TCP","1514","8004  >  35912 [ACK] Seq=87070 Ack=141 Win=65024 Len=1448 TSval=2916035649 TSecr=3045555422 [TCP segment of a reassembled PDU]"
"23657","31.568710373","192.168.1.55","192.168.1.2","TCP","1514","8004  >  35912 [ACK] Seq=88518 Ack=141 Win=65024 Len=1448 TSval=2916035649 TSecr=3045555422 [TCP segment of a reassembled PDU]"
"23658","31.568711817","192.168.1.55","192.168.1.2","TCP","1514","8004  >  35912 [PSH, ACK] Seq=89966 Ack=141 Win=65024 Len=1448 TSval=2916035649 TSecr=3045555422 [TCP segment of a reassembled PDU]"
"23659","31.573503177","192.168.1.2","192.168.1.55","TCP","66","35912  >  8004 [ACK] Seq=141 Ack=40734 Win=67584 Len=0 TSval=3045555424 TSecr=2916035646"
"23660","31.573539195","192.168.1.55","192.168.1.2","TCP","1514","8004  >  35912 [ACK] Seq=91414 Ack=141 Win=65024 Len=1448 TSval=2916035654 TSecr=3045555424 [TCP segment of a reassembled PDU]"
"23661","31.573543214","192.168.1.55","192.168.1.2","TCP","1514","8004  >  35912 [ACK] Seq=92862 Ack=141 Win=65024 Len=1448 TSval=2916035654 TSecr=3045555424 [TCP segment of a reassembled PDU]"
"23662","31.573546140","192.168.1.55","192.168.1.2","TCP","1514","8004  >  35912 [ACK] Seq=94310 Ack=141 Win=65024 Len=1448 TSval=2916035654 TSecr=3045555424 [TCP segment of a reassembled PDU]"
"23663","31.573547658","192.168.1.55","192.168.1.2","TCP","1514","8004  >  35912 [PSH, ACK] Seq=95758 Ack=141 Win=65024 Len=1448 TSval=2916035654 TSecr=3045555424 [TCP segment of a reassembled PDU]"
"23664","31.573599029","192.168.1.2","192.168.1.55","TCP","66","35912  >  8004 [ACK] Seq=141 Ack=45078 Win=65536 Len=0 TSval=3045555424 TSecr=2916035646"
"23665","31.575202105","192.168.1.2","192.168.1.55","TCP","66","35912  >  8004 [ACK] Seq=141 Ack=52318 Win=62464 Len=0 TSval=3045555428 TSecr=2916035648"
"23666","31.575220439","192.168.1.55","192.168.1.2","TCP","1514","8004  >  35912 [ACK] Seq=97206 Ack=141 Win=65024 Len=1448 TSval=2916035655 TSecr=3045555428 [TCP segment of a reassembled PDU]"
"23667","31.575223013","192.168.1.55","192.168.1.2","TCP","1514","8004  >  35912 [ACK] Seq=98654 Ack=141 Win=65024 Len=1448 TSval=2916035655 TSecr=3045555428 [TCP segment of a reassembled PDU]"
"23668","31.575224476","192.168.1.55","192.168.1.2","TCP","1514","8004  >  35912 [ACK] Seq=100102 Ack=141 Win=65024 Len=1448 TSval=2916035655 TSecr=3045555428 [TCP segment of a reassembled PDU]"
"23669","31.575225976","192.168.1.55","192.168.1.2","TCP","1514","8004  >  35912 [ACK] Seq=101550 Ack=141 Win=65024 Len=1448 TSval=2916035655 TSecr=3045555428 [TCP segment of a reassembled PDU]"
"23670","31.575227772","192.168.1.55","192.168.1.2","TCP","1514","8004  >  35912 [ACK] Seq=102998 Ack=141 Win=65024 Len=1448 TSval=2916035655 TSecr=3045555428 [TCP segment of a reassembled PDU]"
"23671","31.575229309","192.168.1.55","192.168.1.2","TCP","1514","8004  >  35912 [ACK] Seq=104446 Ack=141 Win=65024 Len=1448 TSval=2916035655 TSecr=3045555428 [TCP segment of a reassembled PDU]"
"23672","31.575230772","192.168.1.55","192.168.1.2","TCP","1514","8004  >  35912 [ACK] Seq=105894 Ack=141 Win=65024 Len=1448 TSval=2916035655 TSecr=3045555428 [TCP segment of a reassembled PDU]"
"23673","31.575232420","192.168.1.55","192.168.1.2","TCP","1514","8004  >  35912 [ACK] Seq=107342 Ack=141 Win=65024 Len=1448 TSval=2916035655 TSecr=3045555428 [TCP segment of a reassembled PDU]"
"23674","31.575233698","192.168.1.55","192.168.1.2","TCP","1514","8004  >  35912 [PSH, ACK] Seq=108790 Ack=141 Win=65024 Len=1448 TSval=2916035655 TSecr=3045555428 [TCP segment of a reassembled PDU]"
"23675","31.575668606","192.168.1.2","192.168.1.55","TCP","66","35912  >  8004 [ACK] Seq=141 Ack=65350 Win=60416 Len=0 TSval=3045555429 TSecr=2916035648"
"23676","31.575677032","192.168.1.2","192.168.1.55","TCP","66","35912  >  8004 [ACK] Seq=141 Ack=76934 Win=52224 Len=0 TSval=3045555429 TSecr=2916035648"
"23677","31.575699828","192.168.1.55","192.168.1.2","TCP","1514","8004  >  35912 [ACK] Seq=110238 Ack=141 Win=65024 Len=1448 TSval=2916035656 TSecr=3045555429 [TCP segment of a reassembled PDU]"
"23678","31.575703032","192.168.1.55","192.168.1.2","TCP","1514","8004  >  35912 [ACK] Seq=111686 Ack=141 Win=65024 Len=1448 TSval=2916035656 TSecr=3045555429 [TCP segment of a reassembled PDU]"
"23679","31.575704254","192.168.1.55","192.168.1.2","TCP","1514","8004  >  35912 [ACK] Seq=113134 Ack=141 Win=65024 Len=1448 TSval=2916035656 TSecr=3045555429 [TCP segment of a reassembled PDU]"
"23680","31.575705402","192.168.1.55","192.168.1.2","TCP","1514","8004  >  35912 [ACK] Seq=114582 Ack=141 Win=65024 Len=1448 TSval=2916035656 TSecr=3045555429 [TCP segment of a reassembled PDU]"
"23681","31.575706773","192.168.1.55","192.168.1.2","TCP","1514","8004  >  35912 [ACK] Seq=116030 Ack=141 Win=65024 Len=1448 TSval=2916035656 TSecr=3045555429 [TCP segment of a reassembled PDU]"
"23682","31.575709050","192.168.1.55","192.168.1.2","TCP","1514","8004  >  35912 [ACK] Seq=117478 Ack=141 Win=65024 Len=1448 TSval=2916035656 TSecr=3045555429 [TCP segment of a reassembled PDU]"
"23683","31.575710699","192.168.1.55","192.168.1.2","TCP","1514","8004  >  35912 [ACK] Seq=118926 Ack=141 Win=65024 Len=1448 TSval=2916035656 TSecr=3045555429 [TCP segment of a reassembled PDU]"
"23684","31.575711958","192.168.1.55","192.168.1.2","TCP","1514","8004  >  35912 [ACK] Seq=120374 Ack=141 Win=65024 Len=1448 TSval=2916035656 TSecr=3045555429 [TCP segment of a reassembled PDU]"
"23685","31.575713087","192.168.1.55","192.168.1.2","TCP","1514","8004  >  35912 [ACK] Seq=121822 Ack=141 Win=65024 Len=1448 TSval=2916035656 TSecr=3045555429 [TCP segment of a reassembled PDU]"
"23686","31.575714384","192.168.1.55","192.168.1.2","TCP","1514","8004  >  35912 [ACK] Seq=123270 Ack=141 Win=65024 Len=1448 TSval=2916035656 TSecr=3045555429 [TCP segment of a reassembled PDU]"
"23687","31.575716143","192.168.1.55","192.168.1.2","TCP","1514","8004  >  35912 [ACK] Seq=124718 Ack=141 Win=65024 Len=1448 TSval=2916035656 TSecr=3045555429 [TCP segment of a reassembled PDU]"
"23688","31.575717569","192.168.1.55","192.168.1.2","TCP","1514","8004  >  35912 [ACK] Seq=126166 Ack=141 Win=65024 Len=1448 TSval=2916035656 TSecr=3045555429 [TCP segment of a reassembled PDU]"
"23689","31.575718550","192.168.1.55","192.168.1.2","TCP","1514","8004  >  35912 [ACK] Seq=127614 Ack=141 Win=65024 Len=1448 TSval=2916035656 TSecr=3045555429 [TCP segment of a reassembled PDU]"
"23690","31.575726402","192.168.1.55","192.168.1.2","TCP","162","[TCP Window Full] 8004  >  35912 [PSH, ACK] Seq=129062 Ack=141 Win=65024 Len=96 TSval=2916035656 TSecr=3045555429 [TCP segment of a reassembled PDU]"
"23691","31.575729958","192.168.1.2","192.168.1.55","TCP","66","35912  >  8004 [ACK] Seq=141 Ack=91414 Win=40960 Len=0 TSval=3045555429 TSecr=2916035649"
"23692","31.575797365","192.168.1.55","192.168.1.2","TCP","1514","8004  >  35912 [ACK] Seq=129158 Ack=141 Win=65024 Len=1448 TSval=2916035656 TSecr=3045555429 [TCP segment of a reassembled PDU]"
"23693","31.575804199","192.168.1.55","192.168.1.2","TCP","1514","8004  >  35912 [PSH, ACK] Seq=130606 Ack=141 Win=65024 Len=1448 TSval=2916035656 TSecr=3045555429 [TCP segment of a reassembled PDU]"
"23694","31.577502905","192.168.1.2","192.168.1.55","TCP","66","35912  >  8004 [ACK] Seq=141 Ack=92862 Win=66560 Len=0 TSval=3045555431 TSecr=2916035654"
"23695","31.577578146","192.168.1.55","192.168.1.2","TCP","1514","8004  >  35912 [ACK] Seq=132054 Ack=141 Win=65024 Len=1448 TSval=2916035658 TSecr=3045555431 [TCP segment of a reassembled PDU]"
"23696","31.577584257","192.168.1.55","192.168.1.2","TCP","1514","8004  >  35912 [ACK] Seq=133502 Ack=141 Win=65024 Len=1448 TSval=2916035658 TSecr=3045555431 [TCP segment of a reassembled PDU]"
"23697","31.577585535","192.168.1.55","192.168.1.2","TCP","1514","8004  >  35912 [ACK] Seq=134950 Ack=141 Win=65024 Len=1448 TSval=2916035658 TSecr=3045555431 [TCP segment of a reassembled PDU]"
"23698","31.577586516","192.168.1.55","192.168.1.2","TCP","1514","8004  >  35912 [ACK] Seq=136398 Ack=141 Win=65024 Len=1448 TSval=2916035658 TSecr=3045555431 [TCP segment of a reassembled PDU]"
"23699","31.577588183","192.168.1.55","192.168.1.2","TCP","1514","8004  >  35912 [ACK] Seq=137846 Ack=141 Win=65024 Len=1448 TSval=2916035658 TSecr=3045555431 [TCP segment of a reassembled PDU]"
"23700","31.577589350","192.168.1.55","192.168.1.2","TCP","1514","8004  >  35912 [ACK] Seq=139294 Ack=141 Win=65024 Len=1448 TSval=2916035658 TSecr=3045555431 [TCP segment of a reassembled PDU]"
"23701","31.577591757","192.168.1.55","192.168.1.2","TCP","1514","8004  >  35912 [PSH, ACK] Seq=140742 Ack=141 Win=65024 Len=1448 TSval=2916035658 TSecr=3045555431 [TCP segment of a reassembled PDU]"
"23702","31.577604405","192.168.1.55","192.168.1.2","TCP","1418","8004  >  35912 [ACK] Seq=142190 Ack=141 Win=65024 Len=1352 TSval=2916035658 TSecr=3045555431 [TCP segment of a reassembled PDU]"
"23703","31.580175002","192.168.1.2","192.168.1.55","TCP","66","35912  >  8004 [ACK] Seq=141 Ack=97206 Win=67584 Len=0 TSval=3045555432 TSecr=2916035654"
"23704","31.580209113","192.168.1.55","192.168.1.2","TCP","1514","8004  >  35912 [ACK] Seq=143542 Ack=141 Win=65024 Len=1448 TSval=2916035660 TSecr=3045555432 [TCP segment of a reassembled PDU]"
"23705","31.580212502","192.168.1.55","192.168.1.2","TCP","1514","8004  >  35912 [ACK] Seq=144990 Ack=141 Win=65024 Len=1448 TSval=2916035660 TSecr=3045555432 [TCP segment of a reassembled PDU]"
"23706","31.580213817","192.168.1.55","192.168.1.2","TCP","1514","8004  >  35912 [ACK] Seq=146438 Ack=141 Win=65024 Len=1448 TSval=2916035660 TSecr=3045555432 [TCP segment of a reassembled PDU]"
"23707","31.580215206","192.168.1.55","192.168.1.2","TCP","1514","8004  >  35912 [ACK] Seq=147886 Ack=141 Win=65024 Len=1448 TSval=2916035660 TSecr=3045555432 [TCP segment of a reassembled PDU]"
"23708","31.580216558","192.168.1.55","192.168.1.2","TCP","1514","8004  >  35912 [ACK] Seq=149334 Ack=141 Win=65024 Len=1448 TSval=2916035660 TSecr=3045555432 [TCP segment of a reassembled PDU]"
"23709","31.580217854","192.168.1.55","192.168.1.2","TCP","1514","8004  >  35912 [ACK] Seq=150782 Ack=141 Win=65024 Len=1448 TSval=2916035660 TSecr=3045555432 [TCP segment of a reassembled PDU]"
"23710","31.580219150","192.168.1.55","192.168.1.2","TCP","1514","8004  >  35912 [ACK] Seq=152230 Ack=141 Win=65024 Len=1448 TSval=2916035660 TSecr=3045555432 [TCP segment of a reassembled PDU]"
"23711","31.580220502","192.168.1.55","192.168.1.2","TCP","1514","8004  >  35912 [ACK] Seq=153678 Ack=141 Win=65024 Len=1448 TSval=2916035660 TSecr=3045555432 [TCP segment of a reassembled PDU]"
"23712","31.580221743","192.168.1.55","192.168.1.2","TCP","1514","8004  >  35912 [ACK] Seq=155126 Ack=141 Win=65024 Len=1448 TSval=2916035660 TSecr=3045555432 [TCP segment of a reassembled PDU]"
"23713","31.580222965","192.168.1.55","192.168.1.2","TCP","1514","8004  >  35912 [ACK] Seq=156574 Ack=141 Win=65024 Len=1448 TSval=2916035660 TSecr=3045555432 [TCP segment of a reassembled PDU]"
"23714","31.580224372","192.168.1.55","192.168.1.2","TCP","1514","8004  >  35912 [ACK] Seq=158022 Ack=141 Win=65024 Len=1448 TSval=2916035660 TSecr=3045555432 [TCP segment of a reassembled PDU]"
"23715","31.580225687","192.168.1.55","192.168.1.2","TCP","1514","8004  >  35912 [ACK] Seq=159470 Ack=141 Win=65024 Len=1448 TSval=2916035660 TSecr=3045555432 [TCP segment of a reassembled PDU]"
"23716","31.580227002","192.168.1.55","192.168.1.2","TCP","1514","8004  >  35912 [ACK] Seq=160918 Ack=141 Win=65024 Len=1448 TSval=2916035660 TSecr=3045555432 [TCP segment of a reassembled PDU]"
"23717","31.580228298","192.168.1.55","192.168.1.2","TCP","1514","8004  >  35912 [PSH, ACK] Seq=162366 Ack=141 Win=65024 Len=1448 TSval=2916035660 TSecr=3045555432 [TCP segment of a reassembled PDU]"
"23718","31.582157468","192.168.1.2","192.168.1.55","TCP","66","35912  >  8004 [ACK] Seq=141 Ack=110238 Win=64512 Len=0 TSval=3045555435 TSecr=2916035655"
"23719","31.582180709","192.168.1.55","192.168.1.2","TCP","1514","8004  >  35912 [ACK] Seq=163814 Ack=141 Win=65024 Len=1448 TSval=2916035662 TSecr=3045555435 [TCP segment of a reassembled PDU]"
"23720","31.582183375","192.168.1.55","192.168.1.2","TCP","1514","8004  >  35912 [ACK] Seq=165262 Ack=141 Win=65024 Len=1448 TSval=2916035662 TSecr=3045555435 [TCP segment of a reassembled PDU]"
"23721","31.582184635","192.168.1.55","192.168.1.2","TCP","1514","8004  >  35912 [ACK] Seq=166710 Ack=141 Win=65024 Len=1448 TSval=2916035662 TSecr=3045555435 [TCP segment of a reassembled PDU]"
"23722","31.582185950","192.168.1.55","192.168.1.2","TCP","1514","8004  >  35912 [ACK] Seq=168158 Ack=141 Win=65024 Len=1448 TSval=2916035662 TSecr=3045555435 [TCP segment of a reassembled PDU]"
"23723","31.582187190","192.168.1.55","192.168.1.2","TCP","1514","8004  >  35912 [ACK] Seq=169606 Ack=141 Win=65024 Len=1448 TSval=2916035662 TSecr=3045555435 [TCP segment of a reassembled PDU]"
"23724","31.582188431","192.168.1.55","192.168.1.2","TCP","1514","8004  >  35912 [ACK] Seq=171054 Ack=141 Win=65024 Len=1448 TSval=2916035662 TSecr=3045555435 [TCP segment of a reassembled PDU]"
"23725","31.582189690","192.168.1.55","192.168.1.2","TCP","1514","8004  >  35912 [PSH, ACK] Seq=172502 Ack=141 Win=65024 Len=1448 TSval=2916035662 TSecr=3045555435 [TCP segment of a reassembled PDU]"
"23726","31.582571265","192.168.1.2","192.168.1.55","TCP","66","35912  >  8004 [ACK] Seq=141 Ack=113134 Win=62464 Len=0 TSval=3045555436 TSecr=2916035656"
"23727","31.582579080","192.168.1.2","192.168.1.55","TCP","66","35912  >  8004 [ACK] Seq=141 Ack=129158 Win=63488 Len=0 TSval=3045555436 TSecr=2916035656"
"23728","31.582586358","192.168.1.55","192.168.1.2","TCP","1514","8004  >  35912 [ACK] Seq=173950 Ack=141 Win=65024 Len=1448 TSval=2916035663 TSecr=3045555436 [TCP segment of a reassembled PDU]"
"23729","31.582588617","192.168.1.55","192.168.1.2","TCP","1514","8004  >  35912 [PSH, ACK] Seq=175398 Ack=141 Win=65024 Len=1448 TSval=2916035663 TSecr=3045555436 [TCP segment of a reassembled PDU]"
"23730","31.582592432","192.168.1.2","192.168.1.55","TCP","66","35912  >  8004 [ACK] Seq=141 Ack=142190 Win=54272 Len=0 TSval=3045555436 TSecr=2916035656"
"23731","31.582617061","192.168.1.55","192.168.1.2","TCP","1514","8004  >  35912 [ACK] Seq=176846 Ack=141 Win=65024 Len=1448 TSval=2916035663 TSecr=3045555436 [TCP segment of a reassembled PDU]"
"23732","31.582618672","192.168.1.55","192.168.1.2","TCP","1514","8004  >  35912 [ACK] Seq=178294 Ack=141 Win=65024 Len=1448 TSval=2916035663 TSecr=3045555436 [TCP segment of a reassembled PDU]"
"23733","31.582619987","192.168.1.55","192.168.1.2","TCP","1514","8004  >  35912 [ACK] Seq=179742 Ack=141 Win=65024 Len=1448 TSval=2916035663 TSecr=3045555436 [TCP segment of a reassembled PDU]"
"23734","31.582621284","192.168.1.55","192.168.1.2","TCP","1514","8004  >  35912 [ACK] Seq=181190 Ack=141 Win=65024 Len=1448 TSval=2916035663 TSecr=3045555436 [TCP segment of a reassembled PDU]"
"23735","31.582622561","192.168.1.55","192.168.1.2","TCP","1514","8004  >  35912 [ACK] Seq=182638 Ack=141 Win=65024 Len=1448 TSval=2916035663 TSecr=3045555436 [TCP segment of a reassembled PDU]"
"23736","31.582623784","192.168.1.55","192.168.1.2","TCP","1514","8004  >  35912 [ACK] Seq=184086 Ack=141 Win=65024 Len=1448 TSval=2916035663 TSecr=3045555436 [TCP segment of a reassembled PDU]"
"23737","31.582625043","192.168.1.55","192.168.1.2","TCP","1514","8004  >  35912 [ACK] Seq=185534 Ack=141 Win=65024 Len=1448 TSval=2916035663 TSecr=3045555436 [TCP segment of a reassembled PDU]"
"23738","31.582626358","192.168.1.55","192.168.1.2","TCP","1514","8004  >  35912 [ACK] Seq=186982 Ack=141 Win=65024 Len=1448 TSval=2916035663 TSecr=3045555436 [TCP segment of a reassembled PDU]"
"23739","31.582627598","192.168.1.55","192.168.1.2","TCP","1514","8004  >  35912 [ACK] Seq=188430 Ack=141 Win=65024 Len=1448 TSval=2916035663 TSecr=3045555436 [TCP segment of a reassembled PDU]"
"23740","31.582629209","192.168.1.55","192.168.1.2","TCP","1514","8004  >  35912 [ACK] Seq=189878 Ack=141 Win=65024 Len=1448 TSval=2916035663 TSecr=3045555436 [TCP segment of a reassembled PDU]"
"23741","31.582630506","192.168.1.55","192.168.1.2","TCP","1514","8004  >  35912 [ACK] Seq=191326 Ack=141 Win=65024 Len=1448 TSval=2916035663 TSecr=3045555436 [TCP segment of a reassembled PDU]"
"23742","31.582631709","192.168.1.55","192.168.1.2","TCP","1514","8004  >  35912 [ACK] Seq=192774 Ack=141 Win=65024 Len=1448 TSval=2916035663 TSecr=3045555436 [TCP segment of a reassembled PDU]"
"23743","31.582633098","192.168.1.55","192.168.1.2","TCP","1514","8004  >  35912 [PSH, ACK] Seq=194222 Ack=141 Win=65024 Len=1448 TSval=2916035663 TSecr=3045555436 [TCP segment of a reassembled PDU]"
"23744","31.582637006","192.168.1.2","192.168.1.55","TCP","66","35912  >  8004 [ACK] Seq=141 Ack=143542 Win=67584 Len=0 TSval=3045555436 TSecr=2916035658"
"23745","31.582654191","192.168.1.55","192.168.1.2","TCP","1514","8004  >  35912 [ACK] Seq=195670 Ack=141 Win=65024 Len=1448 TSval=2916035663 TSecr=3045555436 [TCP segment of a reassembled PDU]"
"23746","31.582655895","192.168.1.55","192.168.1.2","TCP","1514","8004  >  35912 [ACK] Seq=197118 Ack=141 Win=65024 Len=1448 TSval=2916035663 TSecr=3045555436 [TCP segment of a reassembled PDU]"
"23747","31.582657228","192.168.1.55","192.168.1.2","TCP","1514","8004  >  35912 [ACK] Seq=198566 Ack=141 Win=65024 Len=1448 TSval=2916035663 TSecr=3045555436 [TCP segment of a reassembled PDU]"
"23748","31.582658580","192.168.1.55","192.168.1.2","TCP","1514","8004  >  35912 [ACK] Seq=200014 Ack=141 Win=65024 Len=1448 TSval=2916035663 TSecr=3045555436 [TCP segment of a reassembled PDU]"
"23749","31.582659821","192.168.1.55","192.168.1.2","TCP","1514","8004  >  35912 [ACK] Seq=201462 Ack=141 Win=65024 Len=1448 TSval=2916035663 TSecr=3045555436 [TCP segment of a reassembled PDU]"
"23750","31.582661080","192.168.1.55","192.168.1.2","TCP","1514","8004  >  35912 [ACK] Seq=202910 Ack=141 Win=65024 Len=1448 TSval=2916035663 TSecr=3045555436 [TCP segment of a reassembled PDU]"
"23751","31.582662469","192.168.1.55","192.168.1.2","TCP","1514","8004  >  35912 [ACK] Seq=204358 Ack=141 Win=65024 Len=1448 TSval=2916035663 TSecr=3045555436 [TCP segment of a reassembled PDU]"
"23752","31.582663728","192.168.1.55","192.168.1.2","TCP","1514","8004  >  35912 [ACK] Seq=205806 Ack=141 Win=65024 Len=1448 TSval=2916035663 TSecr=3045555436 [TCP segment of a reassembled PDU]"
"23753","31.582665024","192.168.1.55","192.168.1.2","TCP","1514","8004  >  35912 [ACK] Seq=207254 Ack=141 Win=65024 Len=1448 TSval=2916035663 TSecr=3045555436 [TCP segment of a reassembled PDU]"
"23754","31.582666635","192.168.1.55","192.168.1.2","TCP","1514","8004  >  35912 [PSH, ACK] Seq=208702 Ack=141 Win=65024 Len=1448 TSval=2916035663 TSecr=3045555436 [TCP segment of a reassembled PDU]"
"23755","31.586108011","192.168.1.2","192.168.1.55","TCP","66","35912  >  8004 [ACK] Seq=141 Ack=155126 Win=63488 Len=0 TSval=3045555438 TSecr=2916035660"
"23756","31.586141641","192.168.1.55","192.168.1.2","TCP","1514","8004  >  35912 [ACK] Seq=210150 Ack=141 Win=65024 Len=1448 TSval=2916035666 TSecr=3045555438 [TCP segment of a reassembled PDU]"
"23757","31.586146159","192.168.1.55","192.168.1.2","TCP","1514","8004  >  35912 [ACK] Seq=211598 Ack=141 Win=65024 Len=1448 TSval=2916035666 TSecr=3045555438 [TCP segment of a reassembled PDU]"
"23758","31.586147437","192.168.1.55","192.168.1.2","TCP","1514","8004  >  35912 [ACK] Seq=213046 Ack=141 Win=65024 Len=1448 TSval=2916035666 TSecr=3045555438 [TCP segment of a reassembled PDU]"
"23759","31.586148752","192.168.1.55","192.168.1.2","TCP","1514","8004  >  35912 [ACK] Seq=214494 Ack=141 Win=65024 Len=1448 TSval=2916035666 TSecr=3045555438 [TCP segment of a reassembled PDU]"
"23760","31.586150141","192.168.1.55","192.168.1.2","TCP","1514","8004  >  35912 [ACK] Seq=215942 Ack=141 Win=65024 Len=1448 TSval=2916035666 TSecr=3045555438 [TCP segment of a reassembled PDU]"
"23761","31.586151456","192.168.1.55","192.168.1.2","TCP","1290","[TCP Window Full] 8004  >  35912 [PSH, ACK] Seq=217390 Ack=141 Win=65024 Len=1224 TSval=2916035666 TSecr=3045555438 [TCP segment of a reassembled PDU]"
"23762","31.586198067","192.168.1.2","192.168.1.55","TCP","66","35912  >  8004 [ACK] Seq=141 Ack=163814 Win=65536 Len=0 TSval=3045555439 TSecr=2916035660"
"23763","31.588254126","192.168.1.2","192.168.1.55","TCP","66","35912  >  8004 [ACK] Seq=141 Ack=173950 Win=66560 Len=0 TSval=3045555442 TSecr=2916035662"
"23764","31.588288978","192.168.1.55","192.168.1.2","TCP","1514","8004  >  35912 [ACK] Seq=218614 Ack=141 Win=65024 Len=1448 TSval=2916035668 TSecr=3045555442 [TCP segment of a reassembled PDU]"
"23765","31.588298922","192.168.1.55","192.168.1.2","TCP","1514","8004  >  35912 [ACK] Seq=220062 Ack=141 Win=65024 Len=1448 TSval=2916035668 TSecr=3045555442 [TCP segment of a reassembled PDU]"
"23766","31.588300959","192.168.1.55","192.168.1.2","TCP","1514","8004  >  35912 [ACK] Seq=221510 Ack=141 Win=65024 Len=1448 TSval=2916035668 TSecr=3045555442 [TCP segment of a reassembled PDU]"
"23767","31.588302607","192.168.1.55","192.168.1.2","TCP","1514","8004  >  35912 [ACK] Seq=222958 Ack=141 Win=65024 Len=1448 TSval=2916035668 TSecr=3045555442 [TCP segment of a reassembled PDU]"
"23768","31.588304033","192.168.1.55","192.168.1.2","TCP","1514","8004  >  35912 [ACK] Seq=224406 Ack=141 Win=65024 Len=1448 TSval=2916035668 TSecr=3045555442 [TCP segment of a reassembled PDU]"
"23769","31.588305441","192.168.1.55","192.168.1.2","TCP","1514","8004  >  35912 [ACK] Seq=225854 Ack=141 Win=65024 Len=1448 TSval=2916035668 TSecr=3045555442 [TCP segment of a reassembled PDU]"
"23770","31.588306663","192.168.1.55","192.168.1.2","TCP","1514","8004  >  35912 [ACK] Seq=227302 Ack=141 Win=65024 Len=1448 TSval=2916035668 TSecr=3045555442 [TCP segment of a reassembled PDU]"
"23771","31.588307867","192.168.1.55","192.168.1.2","TCP","1514","8004  >  35912 [ACK] Seq=228750 Ack=141 Win=65024 Len=1448 TSval=2916035668 TSecr=3045555442 [TCP segment of a reassembled PDU]"
"23772","31.588309237","192.168.1.55","192.168.1.2","TCP","1514","8004  >  35912 [ACK] Seq=230198 Ack=141 Win=65024 Len=1448 TSval=2916035668 TSecr=3045555442 [TCP segment of a reassembled PDU]"
"23773","31.588310478","192.168.1.55","192.168.1.2","TCP","1514","8004  >  35912 [ACK] Seq=231646 Ack=141 Win=65024 Len=1448 TSval=2916035668 TSecr=3045555442 [TCP segment of a reassembled PDU]"
"23774","31.588311755","192.168.1.55","192.168.1.2","TCP","1514","8004  >  35912 [ACK] Seq=233094 Ack=141 Win=65024 Len=1448 TSval=2916035668 TSecr=3045555442 [TCP segment of a reassembled PDU]"
"23775","31.588313181","192.168.1.55","192.168.1.2","TCP","1514","8004  >  35912 [ACK] Seq=234542 Ack=141 Win=65024 Len=1448 TSval=2916035668 TSecr=3045555442 [TCP segment of a reassembled PDU]"
"23776","31.588314552","192.168.1.55","192.168.1.2","TCP","1514","8004  >  35912 [ACK] Seq=235990 Ack=141 Win=65024 Len=1448 TSval=2916035668 TSecr=3045555442 [TCP segment of a reassembled PDU]"
"23777","31.588315885","192.168.1.55","192.168.1.2","TCP","1514","8004  >  35912 [ACK] Seq=237438 Ack=141 Win=65024 Len=1448 TSval=2916035668 TSecr=3045555442 [TCP segment of a reassembled PDU]"
"23778","31.588317070","192.168.1.55","192.168.1.2","TCP","1514","8004  >  35912 [PSH, ACK] Seq=238886 Ack=141 Win=65024 Len=1448 TSval=2916035668 TSecr=3045555442 [TCP segment of a reassembled PDU]"
"23779","31.588418422","192.168.1.2","192.168.1.55","TCP","66","35912  >  8004 [ACK] Seq=141 Ack=176846 Win=67584 Len=0 TSval=3045555442 TSecr=2916035663"
"23780","31.588433996","192.168.1.55","192.168.1.2","TCP","1514","8004  >  35912 [ACK] Seq=240334 Ack=141 Win=65024 Len=1448 TSval=2916035669 TSecr=3045555442 [TCP segment of a reassembled PDU]"
"23781","31.588436793","192.168.1.55","192.168.1.2","TCP","1514","8004  >  35912 [PSH, ACK] Seq=241782 Ack=141 Win=65024 Len=1448 TSval=2916035669 TSecr=3045555442 [TCP segment of a reassembled PDU]"
"23782","31.588445163","192.168.1.55","192.168.1.2","TCP","290","8004  >  35912 [PSH, ACK] Seq=243230 Ack=141 Win=65024 Len=224 TSval=2916035669 TSecr=3045555442 [TCP segment of a reassembled PDU]"
"23783","31.588451089","192.168.1.2","192.168.1.55","TCP","66","35912  >  8004 [ACK] Seq=141 Ack=195670 Win=83968 Len=0 TSval=3045555442 TSecr=2916035663"
"23784","31.588488645","192.168.1.55","192.168.1.2","TCP","1514","8004  >  35912 [ACK] Seq=243454 Ack=141 Win=65024 Len=1448 TSval=2916035669 TSecr=3045555442 [TCP segment of a reassembled PDU]"
"23785","31.588490830","192.168.1.55","192.168.1.2","TCP","1514","8004  >  35912 [ACK] Seq=244902 Ack=141 Win=65024 Len=1448 TSval=2916035669 TSecr=3045555442 [TCP segment of a reassembled PDU]"
"23786","31.588492108","192.168.1.55","192.168.1.2","TCP","1514","8004  >  35912 [ACK] Seq=246350 Ack=141 Win=65024 Len=1448 TSval=2916035669 TSecr=3045555442 [TCP segment of a reassembled PDU]"
"23787","31.588493441","192.168.1.55","192.168.1.2","TCP","1514","8004  >  35912 [ACK] Seq=247798 Ack=141 Win=65024 Len=1448 TSval=2916035669 TSecr=3045555442 [TCP segment of a reassembled PDU]"
"23788","31.588494830","192.168.1.55","192.168.1.2","TCP","1514","8004  >  35912 [ACK] Seq=249246 Ack=141 Win=65024 Len=1448 TSval=2916035669 TSecr=3045555442 [TCP segment of a reassembled PDU]"
"23789","31.588496348","192.168.1.55","192.168.1.2","TCP","1514","8004  >  35912 [ACK] Seq=250694 Ack=141 Win=65024 Len=1448 TSval=2916035669 TSecr=3045555442 [TCP segment of a reassembled PDU]"
"23790","31.588497682","192.168.1.55","192.168.1.2","TCP","1514","8004  >  35912 [ACK] Seq=252142 Ack=141 Win=65024 Len=1448 TSval=2916035669 TSecr=3045555442 [TCP segment of a reassembled PDU]"
"23791","31.588498996","192.168.1.55","192.168.1.2","TCP","1514","8004  >  35912 [ACK] Seq=253590 Ack=141 Win=65024 Len=1448 TSval=2916035669 TSecr=3045555442 [TCP segment of a reassembled PDU]"
"23792","31.588500330","192.168.1.55","192.168.1.2","TCP","1514","8004  >  35912 [ACK] Seq=255038 Ack=141 Win=65024 Len=1448 TSval=2916035669 TSecr=3045555442 [TCP segment of a reassembled PDU]"
"23793","31.588501589","192.168.1.55","192.168.1.2","TCP","1514","8004  >  35912 [ACK] Seq=256486 Ack=141 Win=65024 Len=1448 TSval=2916035669 TSecr=3045555442 [TCP segment of a reassembled PDU]"
"23794","31.588503182","192.168.1.55","192.168.1.2","TCP","1514","8004  >  35912 [ACK] Seq=257934 Ack=141 Win=65024 Len=1448 TSval=2916035669 TSecr=3045555442 [TCP segment of a reassembled PDU]"
"23795","31.588504497","192.168.1.55","192.168.1.2","TCP","1514","8004  >  35912 [ACK] Seq=259382 Ack=141 Win=65024 Len=1448 TSval=2916035669 TSecr=3045555442 [TCP segment of a reassembled PDU]"
"23796","31.588505793","192.168.1.55","192.168.1.2","TCP","1514","8004  >  35912 [ACK] Seq=260830 Ack=141 Win=65024 Len=1448 TSval=2916035669 TSecr=3045555442 [TCP segment of a reassembled PDU]"
"23797","31.588507034","192.168.1.55","192.168.1.2","TCP","1514","8004  >  35912 [ACK] Seq=262278 Ack=141 Win=65024 Len=1448 TSval=2916035669 TSecr=3045555442 [TCP segment of a reassembled PDU]"
"23798","31.588508348","192.168.1.55","192.168.1.2","TCP","1514","8004  >  35912 [ACK] Seq=263726 Ack=141 Win=65024 Len=1448 TSval=2916035669 TSecr=3045555442 [TCP segment of a reassembled PDU]"
"23799","31.588509719","192.168.1.55","192.168.1.2","TCP","1514","8004  >  35912 [ACK] Seq=265174 Ack=141 Win=65024 Len=1448 TSval=2916035669 TSecr=3045555442 [TCP segment of a reassembled PDU]"
"23800","31.588511034","192.168.1.55","192.168.1.2","TCP","1514","8004  >  35912 [ACK] Seq=266622 Ack=141 Win=65024 Len=1448 TSval=2916035669 TSecr=3045555442 [TCP segment of a reassembled PDU]"
"23801","31.588512311","192.168.1.55","192.168.1.2","TCP","1514","8004  >  35912 [ACK] Seq=268070 Ack=141 Win=65024 Len=1448 TSval=2916035669 TSecr=3045555442 [TCP segment of a reassembled PDU]"
"23802","31.588513515","192.168.1.55","192.168.1.2","TCP","1514","8004  >  35912 [ACK] Seq=269518 Ack=141 Win=65024 Len=1448 TSval=2916035669 TSecr=3045555442 [TCP segment of a reassembled PDU]"
"23803","31.588514922","192.168.1.55","192.168.1.2","TCP","1514","8004  >  35912 [ACK] Seq=270966 Ack=141 Win=65024 Len=1448 TSval=2916035669 TSecr=3045555442 [TCP segment of a reassembled PDU]"
"23804","31.588516163","192.168.1.55","192.168.1.2","TCP","1514","8004  >  35912 [ACK] Seq=272414 Ack=141 Win=65024 Len=1448 TSval=2916035669 TSecr=3045555442 [TCP segment of a reassembled PDU]"
"23805","31.588517478","192.168.1.55","192.168.1.2","TCP","1514","8004  >  35912 [ACK] Seq=273862 Ack=141 Win=65024 Len=1448 TSval=2916035669 TSecr=3045555442 [TCP segment of a reassembled PDU]"
"23806","31.588518719","192.168.1.55","192.168.1.2","TCP","1514","8004  >  35912 [PSH, ACK] Seq=275310 Ack=141 Win=65024 Len=1448 TSval=2916035669 TSecr=3045555442 [TCP segment of a reassembled PDU]"
"23807","31.588523959","192.168.1.2","192.168.1.55","TCP","66","35912  >  8004 [ACK] Seq=141 Ack=202910 Win=90112 Len=0 TSval=3045555442 TSecr=2916035663"
"23808","31.588533108","192.168.1.2","192.168.1.55","TCP","66","35912  >  8004 [ACK] Seq=141 Ack=210150 Win=101376 Len=0 TSval=3045555443 TSecr=2916035663"
"23809","31.588591367","192.168.1.2","192.168.1.55","TCP","66","35912  >  8004 [ACK] Seq=141 Ack=211598 Win=104448 Len=0 TSval=3045555444 TSecr=2916035666"
"23810","31.588597441","192.168.1.2","192.168.1.55","TCP","66","35912  >  8004 [ACK] Seq=141 Ack=213046 Win=105472 Len=0 TSval=3045555444 TSecr=2916035666"
"23811","31.589783980","192.168.1.55","192.168.1.2","TCP","1514","8004  >  35912 [ACK] Seq=276758 Ack=141 Win=65024 Len=1448 TSval=2916035670 TSecr=3045555444 [TCP segment of a reassembled PDU]"
"23812","31.589787036","192.168.1.55","192.168.1.2","TCP","1514","8004  >  35912 [ACK] Seq=278206 Ack=141 Win=65024 Len=1448 TSval=2916035670 TSecr=3045555444 [TCP segment of a reassembled PDU]"
"23813","31.589788499","192.168.1.55","192.168.1.2","TCP","1514","8004  >  35912 [ACK] Seq=279654 Ack=141 Win=65024 Len=1448 TSval=2916035670 TSecr=3045555444 [TCP segment of a reassembled PDU]"
"23814","31.589789961","192.168.1.55","192.168.1.2","TCP","1514","8004  >  35912 [ACK] Seq=281102 Ack=141 Win=65024 Len=1448 TSval=2916035670 TSecr=3045555444 [TCP segment of a reassembled PDU]"
"23815","31.589791258","192.168.1.55","192.168.1.2","TCP","1514","8004  >  35912 [ACK] Seq=282550 Ack=141 Win=65024 Len=1448 TSval=2916035670 TSecr=3045555444 [TCP segment of a reassembled PDU]"
"23816","31.589792517","192.168.1.55","192.168.1.2","TCP","1514","8004  >  35912 [ACK] Seq=283998 Ack=141 Win=65024 Len=1448 TSval=2916035670 TSecr=3045555444 [TCP segment of a reassembled PDU]"
"23817","31.589793721","192.168.1.55","192.168.1.2","TCP","1514","8004  >  35912 [ACK] Seq=285446 Ack=141 Win=65024 Len=1448 TSval=2916035670 TSecr=3045555444 [TCP segment of a reassembled PDU]"
"23818","31.589795369","192.168.1.55","192.168.1.2","TCP","1514","8004  >  35912 [ACK] Seq=286894 Ack=141 Win=65024 Len=1448 TSval=2916035670 TSecr=3045555444 [TCP segment of a reassembled PDU]"
"23819","31.589796665","192.168.1.55","192.168.1.2","TCP","1514","8004  >  35912 [ACK] Seq=288342 Ack=141 Win=65024 Len=1448 TSval=2916035670 TSecr=3045555444 [TCP segment of a reassembled PDU]"
"23820","31.589798036","192.168.1.55","192.168.1.2","TCP","1514","8004  >  35912 [ACK] Seq=289790 Ack=141 Win=65024 Len=1448 TSval=2916035670 TSecr=3045555444 [TCP segment of a reassembled PDU]"
"23821","31.589799276","192.168.1.55","192.168.1.2","TCP","1514","8004  >  35912 [ACK] Seq=291238 Ack=141 Win=65024 Len=1448 TSval=2916035670 TSecr=3045555444 [TCP segment of a reassembled PDU]"
"23822","31.589800665","192.168.1.55","192.168.1.2","TCP","1514","8004  >  35912 [ACK] Seq=292686 Ack=141 Win=65024 Len=1448 TSval=2916035670 TSecr=3045555444 [TCP segment of a reassembled PDU]"
"23823","31.589801869","192.168.1.55","192.168.1.2","TCP","1514","8004  >  35912 [ACK] Seq=294134 Ack=141 Win=65024 Len=1448 TSval=2916035670 TSecr=3045555444 [TCP segment of a reassembled PDU]"
"23824","31.589803202","192.168.1.55","192.168.1.2","TCP","1514","8004  >  35912 [ACK] Seq=295582 Ack=141 Win=65024 Len=1448 TSval=2916035670 TSecr=3045555444 [TCP segment of a reassembled PDU]"
"23825","31.589804628","192.168.1.55","192.168.1.2","TCP","1514","8004  >  35912 [ACK] Seq=297030 Ack=141 Win=65024 Len=1448 TSval=2916035670 TSecr=3045555444 [TCP segment of a reassembled PDU]"
"23826","31.589806054","192.168.1.55","192.168.1.2","TCP","1514","8004  >  35912 [ACK] Seq=298478 Ack=141 Win=65024 Len=1448 TSval=2916035670 TSecr=3045555444 [TCP segment of a reassembled PDU]"
"23827","31.589807369","192.168.1.55","192.168.1.2","TCP","1514","8004  >  35912 [ACK] Seq=299926 Ack=141 Win=65024 Len=1448 TSval=2916035670 TSecr=3045555444 [TCP segment of a reassembled PDU]"
"23828","31.589808554","192.168.1.55","192.168.1.2","TCP","1514","8004  >  35912 [ACK] Seq=301374 Ack=141 Win=65024 Len=1448 TSval=2916035670 TSecr=3045555444 [TCP segment of a reassembled PDU]"
"23829","31.589810202","192.168.1.55","192.168.1.2","TCP","1514","8004  >  35912 [ACK] Seq=302822 Ack=141 Win=65024 Len=1448 TSval=2916035670 TSecr=3045555444 [TCP segment of a reassembled PDU]"
"23830","31.589811610","192.168.1.55","192.168.1.2","TCP","1514","8004  >  35912 [ACK] Seq=304270 Ack=141 Win=65024 Len=1448 TSval=2916035670 TSecr=3045555444 [TCP segment of a reassembled PDU]"
"23831","31.589812924","192.168.1.55","192.168.1.2","TCP","1514","8004  >  35912 [ACK] Seq=305718 Ack=141 Win=65024 Len=1448 TSval=2916035670 TSecr=3045555444 [TCP segment of a reassembled PDU]"
"23832","31.589814221","192.168.1.55","192.168.1.2","TCP","1514","8004  >  35912 [ACK] Seq=307166 Ack=141 Win=65024 Len=1448 TSval=2916035670 TSecr=3045555444 [TCP segment of a reassembled PDU]"
"23833","31.589815443","192.168.1.55","192.168.1.2","TCP","1514","8004  >  35912 [PSH, ACK] Seq=308614 Ack=141 Win=65024 Len=1448 TSval=2916035670 TSecr=3045555444 [TCP segment of a reassembled PDU]"
"23834","31.594905007","192.168.1.2","192.168.1.55","TCP","66","35912  >  8004 [ACK] Seq=141 Ack=218614 Win=101376 Len=0 TSval=3045555445 TSecr=2916035666"
"23835","31.594944544","192.168.1.55","192.168.1.2","TCP","1514","8004  >  35912 [ACK] Seq=310062 Ack=141 Win=65024 Len=1448 TSval=2916035675 TSecr=3045555445 [TCP segment of a reassembled PDU]"
"23836","31.594949044","192.168.1.55","192.168.1.2","TCP","1514","8004  >  35912 [ACK] Seq=311510 Ack=141 Win=65024 Len=1448 TSval=2916035675 TSecr=3045555445 [TCP segment of a reassembled PDU]"
"23837","31.594950210","192.168.1.55","192.168.1.2","TCP","1514","8004  >  35912 [ACK] Seq=312958 Ack=141 Win=65024 Len=1448 TSval=2916035675 TSecr=3045555445 [TCP segment of a reassembled PDU]"
"23838","31.594951284","192.168.1.55","192.168.1.2","TCP","1514","8004  >  35912 [ACK] Seq=314406 Ack=141 Win=65024 Len=1448 TSval=2916035675 TSecr=3045555445 [TCP segment of a reassembled PDU]"
"23839","31.594952359","192.168.1.55","192.168.1.2","TCP","1514","8004  >  35912 [ACK] Seq=315854 Ack=141 Win=65024 Len=1448 TSval=2916035675 TSecr=3045555445 [TCP segment of a reassembled PDU]"
"23840","31.594953284","192.168.1.55","192.168.1.2","TCP","1514","8004  >  35912 [PSH, ACK] Seq=317302 Ack=141 Win=65024 Len=1448 TSval=2916035675 TSecr=3045555445 [TCP segment of a reassembled PDU]"
"23841","31.595283637","192.168.1.2","192.168.1.55","TCP","66","35912  >  8004 [ACK] Seq=141 Ack=225854 Win=101376 Len=0 TSval=3045555449 TSecr=2916035668"
"23842","31.595291118","192.168.1.2","192.168.1.55","TCP","66","35912  >  8004 [ACK] Seq=141 Ack=240334 Win=98304 Len=0 TSval=3045555449 TSecr=2916035668"
"23843","31.595305007","192.168.1.2","192.168.1.55","TCP","66","35912  >  8004 [ACK] Seq=141 Ack=243230 Win=106496 Len=0 TSval=3045555450 TSecr=2916035669"
"23844","31.595325304","192.168.1.55","192.168.1.2","TCP","1514","8004  >  35912 [ACK] Seq=318750 Ack=141 Win=65024 Len=1448 TSval=2916035676 TSecr=3045555450 [TCP segment of a reassembled PDU]"
"23845","31.595327692","192.168.1.55","192.168.1.2","TCP","1514","8004  >  35912 [ACK] Seq=320198 Ack=141 Win=65024 Len=1448 TSval=2916035676 TSecr=3045555450 [TCP segment of a reassembled PDU]"
"23846","31.595328748","192.168.1.55","192.168.1.2","TCP","1514","8004  >  35912 [ACK] Seq=321646 Ack=141 Win=65024 Len=1448 TSval=2916035676 TSecr=3045555450 [TCP segment of a reassembled PDU]"
"23847","31.595329692","192.168.1.55","192.168.1.2","TCP","1514","8004  >  35912 [ACK] Seq=323094 Ack=141 Win=65024 Len=1448 TSval=2916035676 TSecr=3045555450 [TCP segment of a reassembled PDU]"
"23848","31.595330618","192.168.1.55","192.168.1.2","TCP","1514","8004  >  35912 [ACK] Seq=324542 Ack=141 Win=65024 Len=1448 TSval=2916035676 TSecr=3045555450 [TCP segment of a reassembled PDU]"
"23849","31.595331600","192.168.1.55","192.168.1.2","TCP","1514","8004  >  35912 [ACK] Seq=325990 Ack=141 Win=65024 Len=1448 TSval=2916035676 TSecr=3045555450 [TCP segment of a reassembled PDU]"
"23850","31.595332544","192.168.1.55","192.168.1.2","TCP","1514","8004  >  35912 [ACK] Seq=327438 Ack=141 Win=65024 Len=1448 TSval=2916035676 TSecr=3045555450 [TCP segment of a reassembled PDU]"
"23851","31.595333637","192.168.1.55","192.168.1.2","TCP","1514","8004  >  35912 [ACK] Seq=328886 Ack=141 Win=65024 Len=1448 TSval=2916035676 TSecr=3045555450 [TCP segment of a reassembled PDU]"
"23852","31.595334544","192.168.1.55","192.168.1.2","TCP","1514","8004  >  35912 [ACK] Seq=330334 Ack=141 Win=65024 Len=1448 TSval=2916035676 TSecr=3045555450 [TCP segment of a reassembled PDU]"
"23853","31.595335896","192.168.1.55","192.168.1.2","TCP","1514","8004  >  35912 [ACK] Seq=331782 Ack=141 Win=65024 Len=1448 TSval=2916035676 TSecr=3045555450 [TCP segment of a reassembled PDU]"
"23854","31.595336915","192.168.1.55","192.168.1.2","TCP","1514","8004  >  35912 [ACK] Seq=333230 Ack=141 Win=65024 Len=1448 TSval=2916035676 TSecr=3045555450 [TCP segment of a reassembled PDU]"
"23855","31.595338118","192.168.1.55","192.168.1.2","TCP","1514","8004  >  35912 [ACK] Seq=334678 Ack=141 Win=65024 Len=1448 TSval=2916035676 TSecr=3045555450 [TCP segment of a reassembled PDU]"
"23856","31.595339192","192.168.1.55","192.168.1.2","TCP","1514","8004  >  35912 [ACK] Seq=336126 Ack=141 Win=65024 Len=1448 TSval=2916035676 TSecr=3045555450 [TCP segment of a reassembled PDU]"
"23857","31.595340378","192.168.1.55","192.168.1.2","TCP","1514","8004  >  35912 [ACK] Seq=337574 Ack=141 Win=65024 Len=1448 TSval=2916035676 TSecr=3045555450 [TCP segment of a reassembled PDU]"
"23858","31.595341767","192.168.1.55","192.168.1.2","TCP","1514","8004  >  35912 [ACK] Seq=339022 Ack=141 Win=65024 Len=1448 TSval=2916035676 TSecr=3045555450 [TCP segment of a reassembled PDU]"
"23859","31.595342729","192.168.1.55","192.168.1.2","TCP","1514","8004  >  35912 [ACK] Seq=340470 Ack=141 Win=65024 Len=1448 TSval=2916035676 TSecr=3045555450 [TCP segment of a reassembled PDU]"
"23860","31.595343674","192.168.1.55","192.168.1.2","TCP","1514","8004  >  35912 [PSH, ACK] Seq=341918 Ack=141 Win=65024 Len=1448 TSval=2916035676 TSecr=3045555450 [TCP segment of a reassembled PDU]"
"23861","31.595347322","192.168.1.2","192.168.1.55","TCP","66","35912  >  8004 [ACK] Seq=141 Ack=276758 Win=84992 Len=0 TSval=3045555450 TSecr=2916035669"
"23862","31.595395711","192.168.1.2","192.168.1.55","TCP","66","35912  >  8004 [ACK] Seq=141 Ack=301374 Win=67584 Len=0 TSval=3045555450 TSecr=2916035670"
"23863","31.595425248","192.168.1.55","192.168.1.2","TCP","1514","8004  >  35912 [ACK] Seq=343366 Ack=141 Win=65024 Len=1448 TSval=2916035676 TSecr=3045555450 [TCP segment of a reassembled PDU]"
"23864","31.595426841","192.168.1.55","192.168.1.2","TCP","1514","8004  >  35912 [ACK] Seq=344814 Ack=141 Win=65024 Len=1448 TSval=2916035676 TSecr=3045555450 [TCP segment of a reassembled PDU]"
"23865","31.595427970","192.168.1.55","192.168.1.2","TCP","1514","8004  >  35912 [ACK] Seq=346262 Ack=141 Win=65024 Len=1448 TSval=2916035676 TSecr=3045555450 [TCP segment of a reassembled PDU]"
"23866","31.595428878","192.168.1.55","192.168.1.2","TCP","1514","8004  >  35912 [ACK] Seq=347710 Ack=141 Win=65024 Len=1448 TSval=2916035676 TSecr=3045555450 [TCP segment of a reassembled PDU]"
"23867","31.595429785","192.168.1.55","192.168.1.2","TCP","1514","8004  >  35912 [ACK] Seq=349158 Ack=141 Win=65024 Len=1448 TSval=2916035676 TSecr=3045555450 [TCP segment of a reassembled PDU]"
"23868","31.595430785","192.168.1.55","192.168.1.2","TCP","1514","8004  >  35912 [ACK] Seq=350606 Ack=141 Win=65024 Len=1448 TSval=2916035676 TSecr=3045555450 [TCP segment of a reassembled PDU]"
"23869","31.595431859","192.168.1.55","192.168.1.2","TCP","1514","8004  >  35912 [ACK] Seq=352054 Ack=141 Win=65024 Len=1448 TSval=2916035676 TSecr=3045555450 [TCP segment of a reassembled PDU]"
"23870","31.595432804","192.168.1.55","192.168.1.2","TCP","1514","8004  >  35912 [ACK] Seq=353502 Ack=141 Win=65024 Len=1448 TSval=2916035676 TSecr=3045555450 [TCP segment of a reassembled PDU]"
"23871","31.595434193","192.168.1.55","192.168.1.2","TCP","1514","8004  >  35912 [ACK] Seq=354950 Ack=141 Win=65024 Len=1448 TSval=2916035676 TSecr=3045555450 [TCP segment of a reassembled PDU]"
"23872","31.595435230","192.168.1.55","192.168.1.2","TCP","1514","8004  >  35912 [ACK] Seq=356398 Ack=141 Win=65024 Len=1448 TSval=2916035676 TSecr=3045555450 [TCP segment of a reassembled PDU]"
"23873","31.595436507","192.168.1.55","192.168.1.2","TCP","1514","8004  >  35912 [ACK] Seq=357846 Ack=141 Win=65024 Len=1448 TSval=2916035676 TSecr=3045555450 [TCP segment of a reassembled PDU]"
"23874","31.595437526","192.168.1.55","192.168.1.2","TCP","1514","8004  >  35912 [ACK] Seq=359294 Ack=141 Win=65024 Len=1448 TSval=2916035676 TSecr=3045555450 [TCP segment of a reassembled PDU]"
"23875","31.595438730","192.168.1.55","192.168.1.2","TCP","1514","8004  >  35912 [ACK] Seq=360742 Ack=141 Win=65024 Len=1448 TSval=2916035676 TSecr=3045555450 [TCP segment of a reassembled PDU]"
"23876","31.595447711","192.168.1.55","192.168.1.2","TCP","1514","8004  >  35912 [ACK] Seq=362190 Ack=141 Win=65024 Len=1448 TSval=2916035676 TSecr=3045555450 [TCP segment of a reassembled PDU]"
"23877","31.595448989","192.168.1.55","192.168.1.2","TCP","1514","8004  >  35912 [ACK] Seq=363638 Ack=141 Win=65024 Len=1448 TSval=2916035676 TSecr=3045555450 [TCP segment of a reassembled PDU]"
"23878","31.595449970","192.168.1.55","192.168.1.2","TCP","1514","8004  >  35912 [ACK] Seq=365086 Ack=141 Win=65024 Len=1448 TSval=2916035676 TSecr=3045555450 [TCP segment of a reassembled PDU]"
"23879","31.595450933","192.168.1.55","192.168.1.2","TCP","1514","8004  >  35912 [ACK] Seq=366534 Ack=141 Win=65024 Len=1448 TSval=2916035676 TSecr=3045555450 [TCP segment of a reassembled PDU]"
"23880","31.595451841","192.168.1.55","192.168.1.2","TCP","1042","[TCP Window Full] 8004  >  35912 [PSH, ACK] Seq=367982 Ack=141 Win=65024 Len=976 TSval=2916035676 TSecr=3045555450 [TCP segment of a reassembled PDU]"
"23881","31.595456526","192.168.1.2","192.168.1.55","TCP","66","35912  >  8004 [ACK] Seq=141 Ack=310062 Win=99328 Len=0 TSval=3045555450 TSecr=2916035670"
"23882","31.596693269","192.168.1.55","192.168.1.2","TCP","1514","8004  >  35912 [ACK] Seq=368958 Ack=141 Win=65024 Len=1448 TSval=2916035677 TSecr=3045555450 [TCP segment of a reassembled PDU]"
"23883","31.596700158","192.168.1.55","192.168.1.2","TCP","1514","8004  >  35912 [ACK] Seq=370406 Ack=141 Win=65024 Len=1448 TSval=2916035677 TSecr=3045555450 [TCP segment of a reassembled PDU]"
"23884","31.596701583","192.168.1.55","192.168.1.2","TCP","1514","8004  >  35912 [ACK] Seq=371854 Ack=141 Win=65024 Len=1448 TSval=2916035677 TSecr=3045555450 [TCP segment of a reassembled PDU]"
"23885","31.596703139","192.168.1.55","192.168.1.2","TCP","1514","8004  >  35912 [ACK] Seq=373302 Ack=141 Win=65024 Len=1448 TSval=2916035677 TSecr=3045555450 [TCP segment of a reassembled PDU]"
"23886","31.596704269","192.168.1.55","192.168.1.2","TCP","1514","8004  >  35912 [PSH, ACK] Seq=374750 Ack=141 Win=65024 Len=1448 TSval=2916035677 TSecr=3045555450 [TCP segment of a reassembled PDU]"
"23887","31.596714287","192.168.1.55","192.168.1.2","TCP","538","8004  >  35912 [ACK] Seq=376198 Ack=141 Win=65024 Len=472 TSval=2916035677 TSecr=3045555450 [TCP segment of a reassembled PDU]"
"23888","31.596747658","192.168.1.55","192.168.1.2","TCP","1514","8004  >  35912 [ACK] Seq=376670 Ack=141 Win=65024 Len=1448 TSval=2916035677 TSecr=3045555450 [TCP segment of a reassembled PDU]"
"23889","31.596748991","192.168.1.55","192.168.1.2","TCP","1514","8004  >  35912 [ACK] Seq=378118 Ack=141 Win=65024 Len=1448 TSval=2916035677 TSecr=3045555450 [TCP segment of a reassembled PDU]"
"23890","31.596750176","192.168.1.55","192.168.1.2","TCP","1514","8004  >  35912 [ACK] Seq=379566 Ack=141 Win=65024 Len=1448 TSval=2916035677 TSecr=3045555450 [TCP segment of a reassembled PDU]"
"23891","31.596751306","192.168.1.55","192.168.1.2","TCP","1514","8004  >  35912 [ACK] Seq=381014 Ack=141 Win=65024 Len=1448 TSval=2916035677 TSecr=3045555450 [TCP segment of a reassembled PDU]"
"23892","31.596752695","192.168.1.55","192.168.1.2","TCP","1514","8004  >  35912 [ACK] Seq=382462 Ack=141 Win=65024 Len=1448 TSval=2916035677 TSecr=3045555450 [TCP segment of a reassembled PDU]"
"23893","31.596756547","192.168.1.55","192.168.1.2","TCP","1514","8004  >  35912 [ACK] Seq=383910 Ack=141 Win=65024 Len=1448 TSval=2916035677 TSecr=3045555450 [TCP segment of a reassembled PDU]"
"23894","31.596758269","192.168.1.55","192.168.1.2","TCP","1514","8004  >  35912 [ACK] Seq=385358 Ack=141 Win=65024 Len=1448 TSval=2916035677 TSecr=3045555450 [TCP segment of a reassembled PDU]"
"23895","31.596759787","192.168.1.55","192.168.1.2","TCP","1514","8004  >  35912 [ACK] Seq=386806 Ack=141 Win=65024 Len=1448 TSval=2916035677 TSecr=3045555450 [TCP segment of a reassembled PDU]"
"23896","31.596760972","192.168.1.55","192.168.1.2","TCP","1514","8004  >  35912 [ACK] Seq=388254 Ack=141 Win=65024 Len=1448 TSval=2916035677 TSecr=3045555450 [TCP segment of a reassembled PDU]"
"23897","31.596762454","192.168.1.55","192.168.1.2","TCP","1514","8004  >  35912 [ACK] Seq=389702 Ack=141 Win=65024 Len=1448 TSval=2916035677 TSecr=3045555450 [TCP segment of a reassembled PDU]"
"23898","31.596764010","192.168.1.55","192.168.1.2","TCP","1514","8004  >  35912 [ACK] Seq=391150 Ack=141 Win=65024 Len=1448 TSval=2916035677 TSecr=3045555450 [TCP segment of a reassembled PDU]"
"23899","31.596765010","192.168.1.55","192.168.1.2","TCP","1514","8004  >  35912 [ACK] Seq=392598 Ack=141 Win=65024 Len=1448 TSval=2916035677 TSecr=3045555450 [TCP segment of a reassembled PDU]"
"23900","31.596766398","192.168.1.55","192.168.1.2","TCP","1514","8004  >  35912 [ACK] Seq=394046 Ack=141 Win=65024 Len=1448 TSval=2916035677 TSecr=3045555450 [TCP segment of a reassembled PDU]"
"23901","31.596767695","192.168.1.55","192.168.1.2","TCP","1514","8004  >  35912 [ACK] Seq=395494 Ack=141 Win=65024 Len=1448 TSval=2916035677 TSecr=3045555450 [TCP segment of a reassembled PDU]"
"23902","31.596768769","192.168.1.55","192.168.1.2","TCP","1514","8004  >  35912 [ACK] Seq=396942 Ack=141 Win=65024 Len=1448 TSval=2916035677 TSecr=3045555450 [TCP segment of a reassembled PDU]"
"23903","31.596769861","192.168.1.55","192.168.1.2","TCP","1514","8004  >  35912 [ACK] Seq=398390 Ack=141 Win=65024 Len=1448 TSval=2916035677 TSecr=3045555450 [TCP segment of a reassembled PDU]"
"23904","31.596771028","192.168.1.55","192.168.1.2","TCP","1514","8004  >  35912 [ACK] Seq=399838 Ack=141 Win=65024 Len=1448 TSval=2916035677 TSecr=3045555450 [TCP segment of a reassembled PDU]"
"23905","31.596773047","192.168.1.55","192.168.1.2","TCP","1514","8004  >  35912 [ACK] Seq=401286 Ack=141 Win=65024 Len=1448 TSval=2916035677 TSecr=3045555450 [TCP segment of a reassembled PDU]"
"23906","31.596774491","192.168.1.55","192.168.1.2","TCP","1514","8004  >  35912 [ACK] Seq=402734 Ack=141 Win=65024 Len=1448 TSval=2916035677 TSecr=3045555450 [TCP segment of a reassembled PDU]"
"23907","31.596775510","192.168.1.55","192.168.1.2","TCP","1514","8004  >  35912 [ACK] Seq=404182 Ack=141 Win=65024 Len=1448 TSval=2916035677 TSecr=3045555450 [TCP segment of a reassembled PDU]"
"23908","31.596776528","192.168.1.55","192.168.1.2","TCP","1514","8004  >  35912 [ACK] Seq=405630 Ack=141 Win=65024 Len=1448 TSval=2916035677 TSecr=3045555450 [TCP segment of a reassembled PDU]"
"23909","31.596777750","192.168.1.55","192.168.1.2","TCP","1514","8004  >  35912 [PSH, ACK] Seq=407078 Ack=141 Win=65024 Len=1448 TSval=2916035677 TSecr=3045555450 [TCP segment of a reassembled PDU]"
"23910","31.601934147","192.168.1.2","192.168.1.55","TCP","66","35912  >  8004 [ACK] Seq=141 Ack=318750 Win=100352 Len=0 TSval=3045555456 TSecr=2916035675"
"23911","31.601971036","192.168.1.55","192.168.1.2","TCP","1514","8004  >  35912 [ACK] Seq=408526 Ack=141 Win=65024 Len=1448 TSval=2916035682 TSecr=3045555456 [TCP segment of a reassembled PDU]"
"23912","31.602125129","192.168.1.2","192.168.1.55","TCP","66","35912  >  8004 [ACK] Seq=141 Ack=343366 Win=125952 Len=0 TSval=3045555456 TSecr=2916035676"
"23913","31.602166648","192.168.1.55","192.168.1.2","TCP","1514","8004  >  35912 [ACK] Seq=409974 Ack=141 Win=65024 Len=1448 TSval=2916035682 TSecr=3045555456 [TCP segment of a reassembled PDU]"
"23914","31.602170203","192.168.1.55","192.168.1.2","TCP","1514","8004  >  35912 [ACK] Seq=411422 Ack=141 Win=65024 Len=1448 TSval=2916035682 TSecr=3045555456 [TCP segment of a reassembled PDU]"
"23915","31.602171407","192.168.1.55","192.168.1.2","TCP","1514","8004  >  35912 [ACK] Seq=412870 Ack=141 Win=65024 Len=1448 TSval=2916035682 TSecr=3045555456 [TCP segment of a reassembled PDU]"
"23916","31.602172611","192.168.1.55","192.168.1.2","TCP","1514","8004  >  35912 [ACK] Seq=414318 Ack=141 Win=65024 Len=1448 TSval=2916035682 TSecr=3045555456 [TCP segment of a reassembled PDU]"
"23917","31.602173629","192.168.1.55","192.168.1.2","TCP","1514","8004  >  35912 [ACK] Seq=415766 Ack=141 Win=65024 Len=1448 TSval=2916035682 TSecr=3045555456 [TCP segment of a reassembled PDU]"
"23918","31.602174574","192.168.1.55","192.168.1.2","TCP","1514","8004  >  35912 [ACK] Seq=417214 Ack=141 Win=65024 Len=1448 TSval=2916035682 TSecr=3045555456 [TCP segment of a reassembled PDU]"
"23919","31.602175648","192.168.1.55","192.168.1.2","TCP","1514","8004  >  35912 [ACK] Seq=418662 Ack=141 Win=65024 Len=1448 TSval=2916035682 TSecr=3045555456 [TCP segment of a reassembled PDU]"
"23920","31.602176759","192.168.1.55","192.168.1.2","TCP","1514","8004  >  35912 [ACK] Seq=420110 Ack=141 Win=65024 Len=1448 TSval=2916035682 TSecr=3045555456 [TCP segment of a reassembled PDU]"
"23921","31.602177907","192.168.1.55","192.168.1.2","TCP","1514","8004  >  35912 [ACK] Seq=421558 Ack=141 Win=65024 Len=1448 TSval=2916035682 TSecr=3045555456 [TCP segment of a reassembled PDU]"
"23922","31.602178833","192.168.1.55","192.168.1.2","TCP","1514","8004  >  35912 [ACK] Seq=423006 Ack=141 Win=65024 Len=1448 TSval=2916035682 TSecr=3045555456 [TCP segment of a reassembled PDU]"
"23923","31.602179777","192.168.1.55","192.168.1.2","TCP","1514","8004  >  35912 [ACK] Seq=424454 Ack=141 Win=65024 Len=1448 TSval=2916035682 TSecr=3045555456 [TCP segment of a reassembled PDU]"
"23924","31.602180703","192.168.1.55","192.168.1.2","TCP","1514","8004  >  35912 [ACK] Seq=425902 Ack=141 Win=65024 Len=1448 TSval=2916035682 TSecr=3045555456 [TCP segment of a reassembled PDU]"
"23925","31.602181722","192.168.1.55","192.168.1.2","TCP","1514","8004  >  35912 [ACK] Seq=427350 Ack=141 Win=65024 Len=1448 TSval=2916035682 TSecr=3045555456 [TCP segment of a reassembled PDU]"
"23926","31.602182648","192.168.1.55","192.168.1.2","TCP","1514","8004  >  35912 [ACK] Seq=428798 Ack=141 Win=65024 Len=1448 TSval=2916035682 TSecr=3045555456 [TCP segment of a reassembled PDU]"
"23927","31.602183574","192.168.1.55","192.168.1.2","TCP","1514","8004  >  35912 [ACK] Seq=430246 Ack=141 Win=65024 Len=1448 TSval=2916035682 TSecr=3045555456 [TCP segment of a reassembled PDU]"
"23928","31.602184685","192.168.1.55","192.168.1.2","TCP","1514","8004  >  35912 [ACK] Seq=431694 Ack=141 Win=65024 Len=1448 TSval=2916035682 TSecr=3045555456 [TCP segment of a reassembled PDU]"
"23929","31.602185722","192.168.1.55","192.168.1.2","TCP","1514","8004  >  35912 [ACK] Seq=433142 Ack=141 Win=65024 Len=1448 TSval=2916035682 TSecr=3045555456 [TCP segment of a reassembled PDU]"
"23930","31.602187037","192.168.1.55","192.168.1.2","TCP","1514","8004  >  35912 [ACK] Seq=434590 Ack=141 Win=65024 Len=1448 TSval=2916035682 TSecr=3045555456 [TCP segment of a reassembled PDU]"
"23931","31.602187981","192.168.1.55","192.168.1.2","TCP","1514","8004  >  35912 [ACK] Seq=436038 Ack=141 Win=65024 Len=1448 TSval=2916035682 TSecr=3045555456 [TCP segment of a reassembled PDU]"
"23932","31.602189314","192.168.1.55","192.168.1.2","TCP","1514","8004  >  35912 [ACK] Seq=437486 Ack=141 Win=65024 Len=1448 TSval=2916035682 TSecr=3045555456 [TCP segment of a reassembled PDU]"
"23933","31.602190592","192.168.1.55","192.168.1.2","TCP","1514","8004  >  35912 [ACK] Seq=438934 Ack=141 Win=65024 Len=1448 TSval=2916035682 TSecr=3045555456 [TCP segment of a reassembled PDU]"
"23934","31.602191666","192.168.1.55","192.168.1.2","TCP","1514","8004  >  35912 [ACK] Seq=440382 Ack=141 Win=65024 Len=1448 TSval=2916035682 TSecr=3045555456 [TCP segment of a reassembled PDU]"
"23935","31.602192685","192.168.1.55","192.168.1.2","TCP","1514","8004  >  35912 [PSH, ACK] Seq=441830 Ack=141 Win=65024 Len=1448 TSval=2916035682 TSecr=3045555456 [TCP segment of a reassembled PDU]"
"23936","31.602197740","192.168.1.2","192.168.1.55","TCP","66","35912  >  8004 [ACK] Seq=141 Ack=346262 Win=132096 Len=0 TSval=3045555456 TSecr=2916035676"
"23937","31.602204777","192.168.1.2","192.168.1.55","TCP","66","35912  >  8004 [ACK] Seq=141 Ack=360742 Win=157696 Len=0 TSval=3045555456 TSecr=2916035676"
"23938","31.602209000","192.168.1.2","192.168.1.55","TCP","66","35912  >  8004 [ACK] Seq=141 Ack=368958 Win=162816 Len=0 TSval=3045555457 TSecr=2916035676"
"23939","31.603131723","192.168.1.55","192.168.1.2","TCP","1514","8004  >  35912 [ACK] Seq=443278 Ack=141 Win=65024 Len=1448 TSval=2916035683 TSecr=3045555457 [TCP segment of a reassembled PDU]"
"23940","31.603136557","192.168.1.55","192.168.1.2","TCP","1514","8004  >  35912 [ACK] Seq=444726 Ack=141 Win=65024 Len=1448 TSval=2916035683 TSecr=3045555457 [TCP segment of a reassembled PDU]"
"23941","31.603137649","192.168.1.55","192.168.1.2","TCP","1514","8004  >  35912 [ACK] Seq=446174 Ack=141 Win=65024 Len=1448 TSval=2916035683 TSecr=3045555457 [TCP segment of a reassembled PDU]"
"23942","31.603139038","192.168.1.55","192.168.1.2","TCP","1514","8004  >  35912 [ACK] Seq=447622 Ack=141 Win=65024 Len=1448 TSval=2916035683 TSecr=3045555457 [TCP segment of a reassembled PDU]"
"23943","31.603140445","192.168.1.55","192.168.1.2","TCP","1514","8004  >  35912 [ACK] Seq=449070 Ack=141 Win=65024 Len=1448 TSval=2916035683 TSecr=3045555457 [TCP segment of a reassembled PDU]"
"23944","31.603141390","192.168.1.55","192.168.1.2","TCP","1514","8004  >  35912 [ACK] Seq=450518 Ack=141 Win=65024 Len=1448 TSval=2916035683 TSecr=3045555457 [TCP segment of a reassembled PDU]"
"23945","31.603142427","192.168.1.55","192.168.1.2","TCP","1514","8004  >  35912 [ACK] Seq=451966 Ack=141 Win=65024 Len=1448 TSval=2916035683 TSecr=3045555457 [TCP segment of a reassembled PDU]"
"23946","31.603143668","192.168.1.55","192.168.1.2","TCP","1514","8004  >  35912 [ACK] Seq=453414 Ack=141 Win=65024 Len=1448 TSval=2916035683 TSecr=3045555457 [TCP segment of a reassembled PDU]"
"23947","31.603144723","192.168.1.55","192.168.1.2","TCP","1514","8004  >  35912 [ACK] Seq=454862 Ack=141 Win=65024 Len=1448 TSval=2916035683 TSecr=3045555457 [TCP segment of a reassembled PDU]"
"23948","31.603145760","192.168.1.55","192.168.1.2","TCP","1514","8004  >  35912 [ACK] Seq=456310 Ack=141 Win=65024 Len=1448 TSval=2916035683 TSecr=3045555457 [TCP segment of a reassembled PDU]"
"23949","31.603146871","192.168.1.55","192.168.1.2","TCP","1514","8004  >  35912 [ACK] Seq=457758 Ack=141 Win=65024 Len=1448 TSval=2916035683 TSecr=3045555457 [TCP segment of a reassembled PDU]"
"23950","31.603147908","192.168.1.55","192.168.1.2","TCP","1514","8004  >  35912 [ACK] Seq=459206 Ack=141 Win=65024 Len=1448 TSval=2916035683 TSecr=3045555457 [TCP segment of a reassembled PDU]"
"23951","31.603149057","192.168.1.55","192.168.1.2","TCP","1514","8004  >  35912 [ACK] Seq=460654 Ack=141 Win=65024 Len=1448 TSval=2916035683 TSecr=3045555457 [TCP segment of a reassembled PDU]"
"23952","31.603150094","192.168.1.55","192.168.1.2","TCP","1514","8004  >  35912 [ACK] Seq=462102 Ack=141 Win=65024 Len=1448 TSval=2916035683 TSecr=3045555457 [TCP segment of a reassembled PDU]"
"23953","31.603151390","192.168.1.55","192.168.1.2","TCP","1514","8004  >  35912 [ACK] Seq=463550 Ack=141 Win=65024 Len=1448 TSval=2916035683 TSecr=3045555457 [TCP segment of a reassembled PDU]"
"23954","31.603152649","192.168.1.55","192.168.1.2","TCP","1514","8004  >  35912 [ACK] Seq=464998 Ack=141 Win=65024 Len=1448 TSval=2916035683 TSecr=3045555457 [TCP segment of a reassembled PDU]"
"23955","31.603153964","192.168.1.55","192.168.1.2","TCP","1514","8004  >  35912 [ACK] Seq=466446 Ack=141 Win=65024 Len=1448 TSval=2916035683 TSecr=3045555457 [TCP segment of a reassembled PDU]"
"23956","31.603150760","192.168.1.2","192.168.1.55","TCP","66","35912  >  8004 [ACK] Seq=141 Ack=376198 Win=157696 Len=0 TSval=3045555457 TSecr=2916035677"
"23957","31.603155131","192.168.1.55","192.168.1.2","TCP","1514","8004  >  35912 [ACK] Seq=467894 Ack=141 Win=65024 Len=1448 TSval=2916035683 TSecr=3045555457 [TCP segment of a reassembled PDU]"
"23958","31.603156205","192.168.1.55","192.168.1.2","TCP","1514","8004  >  35912 [ACK] Seq=469342 Ack=141 Win=65024 Len=1448 TSval=2916035683 TSecr=3045555457 [TCP segment of a reassembled PDU]"
"23959","31.603157427","192.168.1.55","192.168.1.2","TCP","1514","8004  >  35912 [ACK] Seq=470790 Ack=141 Win=65024 Len=1448 TSval=2916035683 TSecr=3045555457 [TCP segment of a reassembled PDU]"
"23960","31.603158464","192.168.1.55","192.168.1.2","TCP","1514","8004  >  35912 [ACK] Seq=472238 Ack=141 Win=65024 Len=1448 TSval=2916035683 TSecr=3045555457 [TCP segment of a reassembled PDU]"
"23961","31.603159427","192.168.1.55","192.168.1.2","TCP","1514","8004  >  35912 [ACK] Seq=473686 Ack=141 Win=65024 Len=1448 TSval=2916035683 TSecr=3045555457 [TCP segment of a reassembled PDU]"
"23962","31.603161057","192.168.1.55","192.168.1.2","TCP","1514","8004  >  35912 [PSH, ACK] Seq=475134 Ack=141 Win=65024 Len=1448 TSval=2916035683 TSecr=3045555457 [TCP segment of a reassembled PDU]"
"23963","31.603177520","192.168.1.2","192.168.1.55","TCP","66","35912  >  8004 [ACK] Seq=141 Ack=401286 Win=151552 Len=0 TSval=3045555457 TSecr=2916035677"
"23964","31.603185223","192.168.1.2","192.168.1.55","TCP","66","35912  >  8004 [ACK] Seq=141 Ack=405630 Win=163840 Len=0 TSval=3045555457 TSecr=2916035677"
"23965","31.603189371","192.168.1.2","192.168.1.55","TCP","66","35912  >  8004 [ACK] Seq=141 Ack=408526 Win=165888 Len=0 TSval=3045555457 TSecr=2916035677"
"23966","31.603955650","192.168.1.55","192.168.1.2","TCP","1514","8004  >  35912 [ACK] Seq=476582 Ack=141 Win=65024 Len=1448 TSval=2916035684 TSecr=3045555457 [TCP segment of a reassembled PDU]"
"23967","31.603963243","192.168.1.55","192.168.1.2","TCP","1514","8004  >  35912 [ACK] Seq=478030 Ack=141 Win=65024 Len=1448 TSval=2916035684 TSecr=3045555457 [TCP segment of a reassembled PDU]"
"23968","31.603964891","192.168.1.55","192.168.1.2","TCP","1514","8004  >  35912 [ACK] Seq=479478 Ack=141 Win=65024 Len=1448 TSval=2916035684 TSecr=3045555457 [TCP segment of a reassembled PDU]"
"23969","31.603966225","192.168.1.55","192.168.1.2","TCP","1514","8004  >  35912 [ACK] Seq=480926 Ack=141 Win=65024 Len=1448 TSval=2916035684 TSecr=3045555457 [TCP segment of a reassembled PDU]"
"23970","31.603967595","192.168.1.55","192.168.1.2","TCP","1514","8004  >  35912 [ACK] Seq=482374 Ack=141 Win=65024 Len=1448 TSval=2916035684 TSecr=3045555457 [TCP segment of a reassembled PDU]"
"23971","31.603968799","192.168.1.55","192.168.1.2","TCP","1514","8004  >  35912 [ACK] Seq=483822 Ack=141 Win=65024 Len=1448 TSval=2916035684 TSecr=3045555457 [TCP segment of a reassembled PDU]"
"23972","31.603970613","192.168.1.55","192.168.1.2","TCP","1514","8004  >  35912 [ACK] Seq=485270 Ack=141 Win=65024 Len=1448 TSval=2916035684 TSecr=3045555457 [TCP segment of a reassembled PDU]"
"23973","31.603972206","192.168.1.55","192.168.1.2","TCP","1514","8004  >  35912 [ACK] Seq=486718 Ack=141 Win=65024 Len=1448 TSval=2916035684 TSecr=3045555457 [TCP segment of a reassembled PDU]"
"23974","31.603973873","192.168.1.55","192.168.1.2","TCP","1514","8004  >  35912 [ACK] Seq=488166 Ack=141 Win=65024 Len=1448 TSval=2916035684 TSecr=3045555457 [TCP segment of a reassembled PDU]"
"23975","31.603975558","192.168.1.55","192.168.1.2","TCP","1514","8004  >  35912 [ACK] Seq=489614 Ack=141 Win=65024 Len=1448 TSval=2916035684 TSecr=3045555457 [TCP segment of a reassembled PDU]"
"23976","31.603976873","192.168.1.55","192.168.1.2","TCP","1514","8004  >  35912 [ACK] Seq=491062 Ack=141 Win=65024 Len=1448 TSval=2916035684 TSecr=3045555457 [TCP segment of a reassembled PDU]"
"23977","31.603978336","192.168.1.55","192.168.1.2","TCP","1514","8004  >  35912 [ACK] Seq=492510 Ack=141 Win=65024 Len=1448 TSval=2916035684 TSecr=3045555457 [TCP segment of a reassembled PDU]"
"23978","31.603980002","192.168.1.55","192.168.1.2","TCP","1514","8004  >  35912 [ACK] Seq=493958 Ack=141 Win=65024 Len=1448 TSval=2916035684 TSecr=3045555457 [TCP segment of a reassembled PDU]"
"23979","31.603981651","192.168.1.55","192.168.1.2","TCP","1514","8004  >  35912 [ACK] Seq=495406 Ack=141 Win=65024 Len=1448 TSval=2916035684 TSecr=3045555457 [TCP segment of a reassembled PDU]"
"23980","31.603983373","192.168.1.55","192.168.1.2","TCP","1514","8004  >  35912 [ACK] Seq=496854 Ack=141 Win=65024 Len=1448 TSval=2916035684 TSecr=3045555457 [TCP segment of a reassembled PDU]"
"23981","31.603985169","192.168.1.55","192.168.1.2","HTTP","1472","HTTP/1.0 200 OK  (PNG)"
"23982","31.609073362","192.168.1.2","192.168.1.55","TCP","66","35912  >  8004 [ACK] Seq=141 Ack=436038 Win=147456 Len=0 TSval=3045555463 TSecr=2916035682"
"23983","31.609470270","192.168.1.2","192.168.1.55","TCP","66","35912  >  8004 [ACK] Seq=141 Ack=443278 Win=162816 Len=0 TSval=3045555465 TSecr=2916035682"
"23984","31.609576178","192.168.1.2","192.168.1.55","TCP","66","35912  >  8004 [ACK] Seq=141 Ack=476582 Win=139264 Len=0 TSval=3045555465 TSecr=2916035683"
"23985","31.610280531","192.168.1.2","192.168.1.55","TCP","66","35912  >  8004 [ACK] Seq=141 Ack=498302 Win=128000 Len=0 TSval=3045555465 TSecr=2916035684"
"23986","31.611753570","192.168.1.2","192.168.1.55","TCP","66","35912  >  8004 [FIN, ACK] Seq=141 Ack=499709 Win=165888 Len=0 TSval=3045555466 TSecr=2916035684"
"23987","31.611790533","192.168.1.55","192.168.1.2","TCP","66","8004  >  35912 [ACK] Seq=499709 Ack=142 Win=65024 Len=0 TSval=2916035692 TSecr=3045555466"
"23988","31.611862274","192.168.1.2","192.168.1.55","TCP","74","35922  >  8004 [SYN] Seq=0 Win=64240 Len=0 MSS=1460 SACK_PERM TSval=3045555466 TSecr=0 WS=1024"
"23989","31.611903978","192.168.1.55","192.168.1.2","TCP","74","8004  >  35922 [SYN, ACK] Seq=0 Ack=1 Win=65160 Len=0 MSS=1460 SACK_PERM TSval=2916035692 TSecr=3045555466 WS=128"
"23990","31.615278798","192.168.1.2","192.168.1.55","TCP","66","35922  >  8004 [ACK] Seq=1 Ack=1 Win=64512 Len=0 TSval=3045555470 TSecr=2916035692"
"23991","31.615617206","192.168.1.2","192.168.1.55","HTTP","209","GET /original_benchmark.png HTTP/1.1 "
"23992","31.615627613","192.168.1.55","192.168.1.2","TCP","66","8004  >  35922 [ACK] Seq=1 Ack=144 Win=65024 Len=0 TSval=2916035696 TSecr=3045555470"
"23993","31.616104651","192.168.1.55","192.168.1.2","TCP","255","8004  >  35922 [PSH, ACK] Seq=1 Ack=144 Win=65024 Len=189 TSval=2916035696 TSecr=3045555470 [TCP segment of a reassembled PDU]"
"23994","31.616198855","192.168.1.55","192.168.1.2","TCP","1514","8004  >  35922 [ACK] Seq=190 Ack=144 Win=65024 Len=1448 TSval=2916035696 TSecr=3045555470 [TCP segment of a reassembled PDU]"
"23995","31.616203336","192.168.1.55","192.168.1.2","TCP","1514","8004  >  35922 [ACK] Seq=1638 Ack=144 Win=65024 Len=1448 TSval=2916035696 TSecr=3045555470 [TCP segment of a reassembled PDU]"
"23996","31.616204633","192.168.1.55","192.168.1.2","TCP","1514","8004  >  35922 [ACK] Seq=3086 Ack=144 Win=65024 Len=1448 TSval=2916035696 TSecr=3045555470 [TCP segment of a reassembled PDU]"
"23997","31.616205670","192.168.1.55","192.168.1.2","TCP","1514","8004  >  35922 [ACK] Seq=4534 Ack=144 Win=65024 Len=1448 TSval=2916035696 TSecr=3045555470 [TCP segment of a reassembled PDU]"
"23998","31.616207188","192.168.1.55","192.168.1.2","TCP","1514","8004  >  35922 [PSH, ACK] Seq=5982 Ack=144 Win=65024 Len=1448 TSval=2916035696 TSecr=3045555470 [TCP segment of a reassembled PDU]"
"23999","31.616224892","192.168.1.55","192.168.1.2","TCP","1514","8004  >  35922 [ACK] Seq=7430 Ack=144 Win=65024 Len=1448 TSval=2916035696 TSecr=3045555470 [TCP segment of a reassembled PDU]"
"24000","31.616226670","192.168.1.55","192.168.1.2","TCP","1514","8004  >  35922 [ACK] Seq=8878 Ack=144 Win=65024 Len=1448 TSval=2916035696 TSecr=3045555470 [TCP segment of a reassembled PDU]"
"24001","31.616227948","192.168.1.55","192.168.1.2","TCP","1514","8004  >  35922 [ACK] Seq=10326 Ack=144 Win=65024 Len=1448 TSval=2916035696 TSecr=3045555470 [TCP segment of a reassembled PDU]"
"24002","31.616229077","192.168.1.55","192.168.1.2","TCP","1514","8004  >  35922 [PSH, ACK] Seq=11774 Ack=144 Win=65024 Len=1448 TSval=2916035696 TSecr=3045555470 [TCP segment of a reassembled PDU]"
"24003","31.620587084","192.168.1.2","192.168.1.55","TCP","66","35922  >  8004 [ACK] Seq=144 Ack=190 Win=64512 Len=0 TSval=3045555474 TSecr=2916035696"
"24004","31.620675399","192.168.1.55","192.168.1.2","TCP","1514","8004  >  35922 [ACK] Seq=13222 Ack=144 Win=65024 Len=1448 TSval=2916035701 TSecr=3045555474 [TCP segment of a reassembled PDU]"
"24005","31.620683121","192.168.1.55","192.168.1.2","TCP","1514","8004  >  35922 [PSH, ACK] Seq=14670 Ack=144 Win=65024 Len=1448 TSval=2916035701 TSecr=3045555474 [TCP segment of a reassembled PDU]"
"24006","31.620759158","192.168.1.2","192.168.1.55","TCP","66","35922  >  8004 [ACK] Seq=144 Ack=4534 Win=64512 Len=0 TSval=3045555474 TSecr=2916035696"
"24007","31.620807955","192.168.1.55","192.168.1.2","TCP","1514","8004  >  35922 [ACK] Seq=16118 Ack=144 Win=65024 Len=1448 TSval=2916035701 TSecr=3045555474 [TCP segment of a reassembled PDU]"
"24008","31.620813084","192.168.1.55","192.168.1.2","TCP","1514","8004  >  35922 [ACK] Seq=17566 Ack=144 Win=65024 Len=1448 TSval=2916035701 TSecr=3045555474 [TCP segment of a reassembled PDU]"
"24009","31.620816121","192.168.1.55","192.168.1.2","TCP","1514","8004  >  35922 [ACK] Seq=19014 Ack=144 Win=65024 Len=1448 TSval=2916035701 TSecr=3045555474 [TCP segment of a reassembled PDU]"
"24010","31.620819177","192.168.1.55","192.168.1.2","TCP","1514","8004  >  35922 [ACK] Seq=20462 Ack=144 Win=65024 Len=1448 TSval=2916035701 TSecr=3045555474 [TCP segment of a reassembled PDU]"
"24011","31.620822047","192.168.1.55","192.168.1.2","TCP","1514","8004  >  35922 [ACK] Seq=21910 Ack=144 Win=65024 Len=1448 TSval=2916035701 TSecr=3045555474 [TCP segment of a reassembled PDU]"
"24012","31.620824973","192.168.1.55","192.168.1.2","TCP","1514","8004  >  35922 [PSH, ACK] Seq=23358 Ack=144 Win=65024 Len=1448 TSval=2916035701 TSecr=3045555474 [TCP segment of a reassembled PDU]"
"24013","31.620837881","192.168.1.2","192.168.1.55","TCP","66","35922  >  8004 [ACK] Seq=144 Ack=7430 Win=67584 Len=0 TSval=3045555475 TSecr=2916035696"
"24014","31.620866140","192.168.1.2","192.168.1.55","TCP","66","35922  >  8004 [ACK] Seq=144 Ack=13222 Win=65536 Len=0 TSval=3045555475 TSecr=2916035696"
"24015","31.620930973","192.168.1.55","192.168.1.2","TCP","1514","8004  >  35922 [ACK] Seq=24806 Ack=144 Win=65024 Len=1448 TSval=2916035701 TSecr=3045555475 [TCP segment of a reassembled PDU]"
"24016","31.620937622","192.168.1.55","192.168.1.2","TCP","1514","8004  >  35922 [ACK] Seq=26254 Ack=144 Win=65024 Len=1448 TSval=2916035701 TSecr=3045555475 [TCP segment of a reassembled PDU]"
"24017","31.620939492","192.168.1.55","192.168.1.2","TCP","1514","8004  >  35922 [ACK] Seq=27702 Ack=144 Win=65024 Len=1448 TSval=2916035701 TSecr=3045555475 [TCP segment of a reassembled PDU]"
"24018","31.620941122","192.168.1.55","192.168.1.2","TCP","1514","8004  >  35922 [ACK] Seq=29150 Ack=144 Win=65024 Len=1448 TSval=2916035701 TSecr=3045555475 [TCP segment of a reassembled PDU]"
"24019","31.620944177","192.168.1.55","192.168.1.2","TCP","1514","8004  >  35922 [ACK] Seq=30598 Ack=144 Win=65024 Len=1448 TSval=2916035701 TSecr=3045555475 [TCP segment of a reassembled PDU]"
"24020","31.620946585","192.168.1.55","192.168.1.2","TCP","1514","8004  >  35922 [ACK] Seq=32046 Ack=144 Win=65024 Len=1448 TSval=2916035701 TSecr=3045555475 [TCP segment of a reassembled PDU]"
"24021","31.620950177","192.168.1.55","192.168.1.2","TCP","1514","8004  >  35922 [ACK] Seq=33494 Ack=144 Win=65024 Len=1448 TSval=2916035701 TSecr=3045555475 [TCP segment of a reassembled PDU]"
"24022","31.620951714","192.168.1.55","192.168.1.2","TCP","1514","8004  >  35922 [ACK] Seq=34942 Ack=144 Win=65024 Len=1448 TSval=2916035701 TSecr=3045555475 [TCP segment of a reassembled PDU]"
"24023","31.620954344","192.168.1.55","192.168.1.2","TCP","1514","8004  >  35922 [ACK] Seq=36390 Ack=144 Win=65024 Len=1448 TSval=2916035701 TSecr=3045555475 [TCP segment of a reassembled PDU]"
"24024","31.620956214","192.168.1.55","192.168.1.2","TCP","1514","8004  >  35922 [PSH, ACK] Seq=37838 Ack=144 Win=65024 Len=1448 TSval=2916035701 TSecr=3045555475 [TCP segment of a reassembled PDU]"
"24025","31.621917142","192.168.1.55","192.168.1.2","TCP","1514","8004  >  35922 [ACK] Seq=39286 Ack=144 Win=65024 Len=1448 TSval=2916035702 TSecr=3045555475 [TCP segment of a reassembled PDU]"
"24026","31.621940068","192.168.1.55","192.168.1.2","TCP","1514","8004  >  35922 [PSH, ACK] Seq=40734 Ack=144 Win=65024 Len=1448 TSval=2916035702 TSecr=3045555475 [TCP segment of a reassembled PDU]"
"24027","31.625580796","192.168.1.2","192.168.1.55","TCP","66","35922  >  8004 [ACK] Seq=144 Ack=16118 Win=67584 Len=0 TSval=3045555480 TSecr=2916035701"
"24028","31.625623018","192.168.1.55","192.168.1.2","TCP","1514","8004  >  35922 [ACK] Seq=42182 Ack=144 Win=65024 Len=1448 TSval=2916035706 TSecr=3045555480 [TCP segment of a reassembled PDU]"
"24029","31.625628222","192.168.1.55","192.168.1.2","TCP","1514","8004  >  35922 [PSH, ACK] Seq=43630 Ack=144 Win=65024 Len=1448 TSval=2916035706 TSecr=3045555480 [TCP segment of a reassembled PDU]"
"24030","31.625691037","192.168.1.2","192.168.1.55","TCP","66","35922  >  8004 [ACK] Seq=144 Ack=24806 Win=61440 Len=0 TSval=3045555480 TSecr=2916035701"
"24031","31.625723444","192.168.1.55","192.168.1.2","TCP","1514","8004  >  35922 [ACK] Seq=45078 Ack=144 Win=65024 Len=1448 TSval=2916035706 TSecr=3045555480 [TCP segment of a reassembled PDU]"
"24032","31.625725296","192.168.1.55","192.168.1.2","TCP","1514","8004  >  35922 [ACK] Seq=46526 Ack=144 Win=65024 Len=1448 TSval=2916035706 TSecr=3045555480 [TCP segment of a reassembled PDU]"
"24033","31.625726888","192.168.1.55","192.168.1.2","TCP","1514","8004  >  35922 [ACK] Seq=47974 Ack=144 Win=65024 Len=1448 TSval=2916035706 TSecr=3045555480 [TCP segment of a reassembled PDU]"
"24034","31.625728833","192.168.1.55","192.168.1.2","TCP","1514","8004  >  35922 [ACK] Seq=49422 Ack=144 Win=65024 Len=1448 TSval=2916035706 TSecr=3045555480 [TCP segment of a reassembled PDU]"
"24035","31.625730407","192.168.1.55","192.168.1.2","TCP","1514","8004  >  35922 [ACK] Seq=50870 Ack=144 Win=65024 Len=1448 TSval=2916035706 TSecr=3045555480 [TCP segment of a reassembled PDU]"
"24036","31.625732111","192.168.1.55","192.168.1.2","TCP","1514","8004  >  35922 [ACK] Seq=52318 Ack=144 Win=65024 Len=1448 TSval=2916035706 TSecr=3045555480 [TCP segment of a reassembled PDU]"
"24037","31.625733426","192.168.1.55","192.168.1.2","TCP","1514","8004  >  35922 [ACK] Seq=53766 Ack=144 Win=65024 Len=1448 TSval=2916035706 TSecr=3045555480 [TCP segment of a reassembled PDU]"
"24038","31.625736333","192.168.1.55","192.168.1.2","TCP","1514","8004  >  35922 [ACK] Seq=55214 Ack=144 Win=65024 Len=1448 TSval=2916035706 TSecr=3045555480 [TCP segment of a reassembled PDU]"
"24039","31.625738018","192.168.1.55","192.168.1.2","TCP","1514","8004  >  35922 [ACK] Seq=56662 Ack=144 Win=65024 Len=1448 TSval=2916035706 TSecr=3045555480 [TCP segment of a reassembled PDU]"
"24040","31.625739555","192.168.1.55","192.168.1.2","TCP","1514","8004  >  35922 [ACK] Seq=58110 Ack=144 Win=65024 Len=1448 TSval=2916035706 TSecr=3045555480 [TCP segment of a reassembled PDU]"
"24041","31.625741055","192.168.1.55","192.168.1.2","TCP","1514","8004  >  35922 [ACK] Seq=59558 Ack=144 Win=65024 Len=1448 TSval=2916035706 TSecr=3045555480 [TCP segment of a reassembled PDU]"
"24042","31.625743407","192.168.1.55","192.168.1.2","TCP","1514","8004  >  35922 [ACK] Seq=61006 Ack=144 Win=65024 Len=1448 TSval=2916035706 TSecr=3045555480 [TCP segment of a reassembled PDU]"
"24043","31.625744981","192.168.1.55","192.168.1.2","TCP","1514","8004  >  35922 [ACK] Seq=62454 Ack=144 Win=65024 Len=1448 TSval=2916035706 TSecr=3045555480 [TCP segment of a reassembled PDU]"
"24044","31.625746185","192.168.1.55","192.168.1.2","TCP","1514","8004  >  35922 [PSH, ACK] Seq=63902 Ack=144 Win=65024 Len=1448 TSval=2916035706 TSecr=3045555480 [TCP segment of a reassembled PDU]"
"24045","31.625752518","192.168.1.2","192.168.1.55","TCP","66","35922  >  8004 [ACK] Seq=144 Ack=36390 Win=53248 Len=0 TSval=3045555480 TSecr=2916035701"
"24046","31.625778111","192.168.1.55","192.168.1.2","TCP","1514","8004  >  35922 [ACK] Seq=65350 Ack=144 Win=65024 Len=1448 TSval=2916035706 TSecr=3045555480 [TCP segment of a reassembled PDU]"
"24047","31.625779814","192.168.1.55","192.168.1.2","TCP","1514","8004  >  35922 [ACK] Seq=66798 Ack=144 Win=65024 Len=1448 TSval=2916035706 TSecr=3045555480 [TCP segment of a reassembled PDU]"
"24048","31.625781759","192.168.1.55","192.168.1.2","TCP","1514","8004  >  35922 [ACK] Seq=68246 Ack=144 Win=65024 Len=1448 TSval=2916035706 TSecr=3045555480 [TCP segment of a reassembled PDU]"
"24049","31.625783537","192.168.1.55","192.168.1.2","TCP","1514","8004  >  35922 [ACK] Seq=69694 Ack=144 Win=65024 Len=1448 TSval=2916035706 TSecr=3045555480 [TCP segment of a reassembled PDU]"
"24050","31.625784889","192.168.1.55","192.168.1.2","TCP","1514","8004  >  35922 [ACK] Seq=71142 Ack=144 Win=65024 Len=1448 TSval=2916035706 TSecr=3045555480 [TCP segment of a reassembled PDU]"
"24051","31.625786352","192.168.1.55","192.168.1.2","TCP","1514","8004  >  35922 [ACK] Seq=72590 Ack=144 Win=65024 Len=1448 TSval=2916035706 TSecr=3045555480 [TCP segment of a reassembled PDU]"
"24052","31.625788852","192.168.1.55","192.168.1.2","TCP","1514","8004  >  35922 [ACK] Seq=74038 Ack=144 Win=65024 Len=1448 TSval=2916035706 TSecr=3045555480 [TCP segment of a reassembled PDU]"
"24053","31.625790611","192.168.1.55","192.168.1.2","TCP","1514","8004  >  35922 [PSH, ACK] Seq=75486 Ack=144 Win=65024 Len=1448 TSval=2916035706 TSecr=3045555480 [TCP segment of a reassembled PDU]"
"24054","31.627657169","192.168.1.2","192.168.1.55","TCP","66","35922  >  8004 [ACK] Seq=144 Ack=39286 Win=67584 Len=0 TSval=3045555481 TSecr=2916035701"
"24055","31.627697540","192.168.1.55","192.168.1.2","TCP","1514","8004  >  35922 [ACK] Seq=76934 Ack=144 Win=65024 Len=1448 TSval=2916035708 TSecr=3045555481 [TCP segment of a reassembled PDU]"
"24056","31.627701318","192.168.1.55","192.168.1.2","TCP","1514","8004  >  35922 [ACK] Seq=78382 Ack=144 Win=65024 Len=1448 TSval=2916035708 TSecr=3045555481 [TCP segment of a reassembled PDU]"
"24057","31.627702780","192.168.1.55","192.168.1.2","TCP","1514","8004  >  35922 [ACK] Seq=79830 Ack=144 Win=65024 Len=1448 TSval=2916035708 TSecr=3045555481 [TCP segment of a reassembled PDU]"
"24058","31.627704077","192.168.1.55","192.168.1.2","TCP","1514","8004  >  35922 [ACK] Seq=81278 Ack=144 Win=65024 Len=1448 TSval=2916035708 TSecr=3045555481 [TCP segment of a reassembled PDU]"
"24059","31.627705336","192.168.1.55","192.168.1.2","TCP","1514","8004  >  35922 [ACK] Seq=82726 Ack=144 Win=65024 Len=1448 TSval=2916035708 TSecr=3045555481 [TCP segment of a reassembled PDU]"
"24060","31.627706818","192.168.1.55","192.168.1.2","TCP","1514","8004  >  35922 [ACK] Seq=84174 Ack=144 Win=65024 Len=1448 TSval=2916035708 TSecr=3045555481 [TCP segment of a reassembled PDU]"
"24061","31.627708188","192.168.1.55","192.168.1.2","TCP","1514","8004  >  35922 [ACK] Seq=85622 Ack=144 Win=65024 Len=1448 TSval=2916035708 TSecr=3045555481 [TCP segment of a reassembled PDU]"
"24062","31.627712355","192.168.1.55","192.168.1.2","TCP","1514","8004  >  35922 [ACK] Seq=87070 Ack=144 Win=65024 Len=1448 TSval=2916035708 TSecr=3045555481 [TCP segment of a reassembled PDU]"
"24063","31.627713614","192.168.1.55","192.168.1.2","TCP","1514","8004  >  35922 [ACK] Seq=88518 Ack=144 Win=65024 Len=1448 TSval=2916035708 TSecr=3045555481 [TCP segment of a reassembled PDU]"
"24064","31.627714966","192.168.1.55","192.168.1.2","TCP","1514","8004  >  35922 [ACK] Seq=89966 Ack=144 Win=65024 Len=1448 TSval=2916035708 TSecr=3045555481 [TCP segment of a reassembled PDU]"
"24065","31.627716447","192.168.1.55","192.168.1.2","TCP","1514","8004  >  35922 [ACK] Seq=91414 Ack=144 Win=65024 Len=1448 TSval=2916035708 TSecr=3045555481 [TCP segment of a reassembled PDU]"
"24066","31.627717799","192.168.1.55","192.168.1.2","TCP","1514","8004  >  35922 [PSH, ACK] Seq=92862 Ack=144 Win=65024 Len=1448 TSval=2916035708 TSecr=3045555481 [TCP segment of a reassembled PDU]"
"24067","31.627762318","192.168.1.2","192.168.1.55","TCP","66","35922  >  8004 [ACK] Seq=144 Ack=42182 Win=67584 Len=0 TSval=3045555481 TSecr=2916035702"
"24068","31.627789077","192.168.1.55","192.168.1.2","TCP","1514","8004  >  35922 [ACK] Seq=94310 Ack=144 Win=65024 Len=1448 TSval=2916035708 TSecr=3045555481 [TCP segment of a reassembled PDU]"
"24069","31.627792058","192.168.1.55","192.168.1.2","TCP","1514","8004  >  35922 [ACK] Seq=95758 Ack=144 Win=65024 Len=1448 TSval=2916035708 TSecr=3045555481 [TCP segment of a reassembled PDU]"
"24070","31.627793355","192.168.1.55","192.168.1.2","TCP","1514","8004  >  35922 [ACK] Seq=97206 Ack=144 Win=65024 Len=1448 TSval=2916035708 TSecr=3045555481 [TCP segment of a reassembled PDU]"
"24071","31.627794540","192.168.1.55","192.168.1.2","TCP","1514","8004  >  35922 [PSH, ACK] Seq=98654 Ack=144 Win=65024 Len=1448 TSval=2916035708 TSecr=3045555481 [TCP segment of a reassembled PDU]"
"24072","31.633177752","192.168.1.2","192.168.1.55","TCP","66","35922  >  8004 [ACK] Seq=144 Ack=45078 Win=65536 Len=0 TSval=3045555486 TSecr=2916035706"
"24073","31.633199752","192.168.1.55","192.168.1.2","TCP","1514","8004  >  35922 [ACK] Seq=100102 Ack=144 Win=65024 Len=1448 TSval=2916035713 TSecr=3045555486 [TCP segment of a reassembled PDU]"
"24074","31.633204252","192.168.1.55","192.168.1.2","TCP","1514","8004  >  35922 [ACK] Seq=101550 Ack=144 Win=65024 Len=1448 TSval=2916035713 TSecr=3045555486 [TCP segment of a reassembled PDU]"
"24075","31.633205382","192.168.1.55","192.168.1.2","TCP","1514","8004  >  35922 [ACK] Seq=102998 Ack=144 Win=65024 Len=1448 TSval=2916035713 TSecr=3045555486 [TCP segment of a reassembled PDU]"
"24076","31.633206604","192.168.1.55","192.168.1.2","TCP","1514","8004  >  35922 [PSH, ACK] Seq=104446 Ack=144 Win=65024 Len=1448 TSval=2916035713 TSecr=3045555486 [TCP segment of a reassembled PDU]"
"24077","31.633306623","192.168.1.2","192.168.1.55","TCP","66","35922  >  8004 [ACK] Seq=144 Ack=52318 Win=64512 Len=0 TSval=3045555486 TSecr=2916035706"
"24078","31.633323438","192.168.1.55","192.168.1.2","TCP","1514","8004  >  35922 [ACK] Seq=105894 Ack=144 Win=65024 Len=1448 TSval=2916035714 TSecr=3045555486 [TCP segment of a reassembled PDU]"
"24079","31.633325030","192.168.1.55","192.168.1.2","TCP","1514","8004  >  35922 [ACK] Seq=107342 Ack=144 Win=65024 Len=1448 TSval=2916035714 TSecr=3045555486 [TCP segment of a reassembled PDU]"
"24080","31.633326197","192.168.1.55","192.168.1.2","TCP","1514","8004  >  35922 [PSH, ACK] Seq=108790 Ack=144 Win=65024 Len=1448 TSval=2916035714 TSecr=3045555486 [TCP segment of a reassembled PDU]"
"24081","31.633330660","192.168.1.2","192.168.1.55","TCP","66","35922  >  8004 [ACK] Seq=144 Ack=65350 Win=60416 Len=0 TSval=3045555487 TSecr=2916035706"
"24082","31.633339438","192.168.1.2","192.168.1.55","TCP","66","35922  >  8004 [ACK] Seq=144 Ack=76934 Win=51200 Len=0 TSval=3045555487 TSecr=2916035706"
"24083","31.633377030","192.168.1.55","192.168.1.2","TCP","1514","8004  >  35922 [ACK] Seq=110238 Ack=144 Win=65024 Len=1448 TSval=2916035714 TSecr=3045555487 [TCP segment of a reassembled PDU]"
"24084","31.633381660","192.168.1.55","192.168.1.2","TCP","1514","8004  >  35922 [ACK] Seq=111686 Ack=144 Win=65024 Len=1448 TSval=2916035714 TSecr=3045555487 [TCP segment of a reassembled PDU]"
"24085","31.633383123","192.168.1.55","192.168.1.2","TCP","1514","8004  >  35922 [ACK] Seq=113134 Ack=144 Win=65024 Len=1448 TSval=2916035714 TSecr=3045555487 [TCP segment of a reassembled PDU]"
"24086","31.633384660","192.168.1.55","192.168.1.2","TCP","1514","8004  >  35922 [ACK] Seq=114582 Ack=144 Win=65024 Len=1448 TSval=2916035714 TSecr=3045555487 [TCP segment of a reassembled PDU]"
"24087","31.633386382","192.168.1.55","192.168.1.2","TCP","1514","8004  >  35922 [ACK] Seq=116030 Ack=144 Win=65024 Len=1448 TSval=2916035714 TSecr=3045555487 [TCP segment of a reassembled PDU]"
"24088","31.633387771","192.168.1.55","192.168.1.2","TCP","1514","8004  >  35922 [ACK] Seq=117478 Ack=144 Win=65024 Len=1448 TSval=2916035714 TSecr=3045555487 [TCP segment of a reassembled PDU]"
"24089","31.633389289","192.168.1.55","192.168.1.2","TCP","1514","8004  >  35922 [ACK] Seq=118926 Ack=144 Win=65024 Len=1448 TSval=2916035714 TSecr=3045555487 [TCP segment of a reassembled PDU]"
"24090","31.633390697","192.168.1.55","192.168.1.2","TCP","1514","8004  >  35922 [ACK] Seq=120374 Ack=144 Win=65024 Len=1448 TSval=2916035714 TSecr=3045555487 [TCP segment of a reassembled PDU]"
"24091","31.633394178","192.168.1.55","192.168.1.2","TCP","1514","8004  >  35922 [ACK] Seq=121822 Ack=144 Win=65024 Len=1448 TSval=2916035714 TSecr=3045555487 [TCP segment of a reassembled PDU]"
"24092","31.633395938","192.168.1.55","192.168.1.2","TCP","1514","8004  >  35922 [ACK] Seq=123270 Ack=144 Win=65024 Len=1448 TSval=2916035714 TSecr=3045555487 [TCP segment of a reassembled PDU]"
"24093","31.633397438","192.168.1.55","192.168.1.2","TCP","1514","8004  >  35922 [ACK] Seq=124718 Ack=144 Win=65024 Len=1448 TSval=2916035714 TSecr=3045555487 [TCP segment of a reassembled PDU]"
"24094","31.633399938","192.168.1.55","192.168.1.2","TCP","1514","8004  >  35922 [ACK] Seq=126166 Ack=144 Win=65024 Len=1448 TSval=2916035714 TSecr=3045555487 [TCP segment of a reassembled PDU]"
"24095","31.633401493","192.168.1.55","192.168.1.2","TCP","586","[TCP Window Full] 8004  >  35922 [PSH, ACK] Seq=127614 Ack=144 Win=65024 Len=520 TSval=2916035714 TSecr=3045555487 [TCP segment of a reassembled PDU]"
"24096","31.633466567","192.168.1.2","192.168.1.55","TCP","66","35922  >  8004 [ACK] Seq=144 Ack=94310 Win=38912 Len=0 TSval=3045555488 TSecr=2916035708"
"24097","31.633472493","192.168.1.2","192.168.1.55","TCP","66","35922  >  8004 [ACK] Seq=144 Ack=100102 Win=53248 Len=0 TSval=3045555488 TSecr=2916035708"
"24098","31.633521419","192.168.1.55","192.168.1.2","TCP","1514","8004  >  35922 [ACK] Seq=128134 Ack=144 Win=65024 Len=1448 TSval=2916035714 TSecr=3045555488 [TCP segment of a reassembled PDU]"
"24099","31.633527345","192.168.1.55","192.168.1.2","TCP","1514","8004  >  35922 [ACK] Seq=129582 Ack=144 Win=65024 Len=1448 TSval=2916035714 TSecr=3045555488 [TCP segment of a reassembled PDU]"
"24100","31.633528919","192.168.1.55","192.168.1.2","TCP","1514","8004  >  35922 [ACK] Seq=131030 Ack=144 Win=65024 Len=1448 TSval=2916035714 TSecr=3045555488 [TCP segment of a reassembled PDU]"
"24101","31.633531475","192.168.1.55","192.168.1.2","TCP","1514","8004  >  35922 [ACK] Seq=132478 Ack=144 Win=65024 Len=1448 TSval=2916035714 TSecr=3045555488 [TCP segment of a reassembled PDU]"
"24102","31.633533160","192.168.1.55","192.168.1.2","TCP","1514","8004  >  35922 [ACK] Seq=133926 Ack=144 Win=65024 Len=1448 TSval=2916035714 TSecr=3045555488 [TCP segment of a reassembled PDU]"
"24103","31.633534493","192.168.1.55","192.168.1.2","TCP","1514","8004  >  35922 [ACK] Seq=135374 Ack=144 Win=65024 Len=1448 TSval=2916035714 TSecr=3045555488 [TCP segment of a reassembled PDU]"
"24104","31.633536123","192.168.1.55","192.168.1.2","TCP","1514","8004  >  35922 [ACK] Seq=136822 Ack=144 Win=65024 Len=1448 TSval=2916035714 TSecr=3045555488 [TCP segment of a reassembled PDU]"
"24105","31.633537234","192.168.1.55","192.168.1.2","TCP","1514","8004  >  35922 [ACK] Seq=138270 Ack=144 Win=65024 Len=1448 TSval=2916035714 TSecr=3045555488 [TCP segment of a reassembled PDU]"
"24106","31.633538568","192.168.1.55","192.168.1.2","TCP","1514","8004  >  35922 [ACK] Seq=139718 Ack=144 Win=65024 Len=1448 TSval=2916035714 TSecr=3045555488 [TCP segment of a reassembled PDU]"
"24107","31.633541290","192.168.1.55","192.168.1.2","TCP","1514","8004  >  35922 [PSH, ACK] Seq=141166 Ack=144 Win=65024 Len=1448 TSval=2916035714 TSecr=3045555488 [TCP segment of a reassembled PDU]"
"24108","31.633550086","192.168.1.55","192.168.1.2","TCP","994","8004  >  35922 [ACK] Seq=142614 Ack=144 Win=65024 Len=928 TSval=2916035714 TSecr=3045555488 [TCP segment of a reassembled PDU]"
"24109","31.633565623","192.168.1.55","192.168.1.2","TCP","1514","8004  >  35922 [ACK] Seq=143542 Ack=144 Win=65024 Len=1448 TSval=2916035714 TSecr=3045555488 [TCP segment of a reassembled PDU]"
"24110","31.633569086","192.168.1.55","192.168.1.2","TCP","1514","8004  >  35922 [ACK] Seq=144990 Ack=144 Win=65024 Len=1448 TSval=2916035714 TSecr=3045555488 [TCP segment of a reassembled PDU]"
"24111","31.633570271","192.168.1.55","192.168.1.2","TCP","1514","8004  >  35922 [ACK] Seq=146438 Ack=144 Win=65024 Len=1448 TSval=2916035714 TSecr=3045555488 [TCP segment of a reassembled PDU]"
"24112","31.633571586","192.168.1.55","192.168.1.2","TCP","1514","8004  >  35922 [ACK] Seq=147886 Ack=144 Win=65024 Len=1448 TSval=2916035714 TSecr=3045555488 [TCP segment of a reassembled PDU]"
"24113","31.633574197","192.168.1.55","192.168.1.2","TCP","1514","8004  >  35922 [ACK] Seq=149334 Ack=144 Win=65024 Len=1448 TSval=2916035714 TSecr=3045555488 [TCP segment of a reassembled PDU]"
"24114","31.633575734","192.168.1.55","192.168.1.2","TCP","1514","8004  >  35922 [PSH, ACK] Seq=150782 Ack=144 Win=65024 Len=1448 TSval=2916035714 TSecr=3045555488 [TCP segment of a reassembled PDU]"
"24115","31.639197447","192.168.1.2","192.168.1.55","TCP","66","35922  >  8004 [ACK] Seq=144 Ack=101550 Win=66560 Len=0 TSval=3045555493 TSecr=2916035713"
"24116","31.639237021","192.168.1.55","192.168.1.2","TCP","1514","8004  >  35922 [ACK] Seq=152230 Ack=144 Win=65024 Len=1448 TSval=2916035719 TSecr=3045555493 [TCP segment of a reassembled PDU]"
"24117","31.639240762","192.168.1.55","192.168.1.2","TCP","1514","8004  >  35922 [ACK] Seq=153678 Ack=144 Win=65024 Len=1448 TSval=2916035719 TSecr=3045555493 [TCP segment of a reassembled PDU]"
"24118","31.639242354","192.168.1.55","192.168.1.2","TCP","1514","8004  >  35922 [ACK] Seq=155126 Ack=144 Win=65024 Len=1448 TSval=2916035719 TSecr=3045555493 [TCP segment of a reassembled PDU]"
"24119","31.639244243","192.168.1.55","192.168.1.2","TCP","1514","8004  >  35922 [ACK] Seq=156574 Ack=144 Win=65024 Len=1448 TSval=2916035719 TSecr=3045555493 [TCP segment of a reassembled PDU]"
"24120","31.639245558","192.168.1.55","192.168.1.2","TCP","1514","8004  >  35922 [ACK] Seq=158022 Ack=144 Win=65024 Len=1448 TSval=2916035719 TSecr=3045555493 [TCP segment of a reassembled PDU]"
"24121","31.639247632","192.168.1.55","192.168.1.2","TCP","1514","8004  >  35922 [ACK] Seq=159470 Ack=144 Win=65024 Len=1448 TSval=2916035719 TSecr=3045555493 [TCP segment of a reassembled PDU]"
"24122","31.639249299","192.168.1.55","192.168.1.2","TCP","1514","8004  >  35922 [ACK] Seq=160918 Ack=144 Win=65024 Len=1448 TSval=2916035719 TSecr=3045555493 [TCP segment of a reassembled PDU]"
"24123","31.639250762","192.168.1.55","192.168.1.2","TCP","1514","8004  >  35922 [ACK] Seq=162366 Ack=144 Win=65024 Len=1448 TSval=2916035719 TSecr=3045555493 [TCP segment of a reassembled PDU]"
"24124","31.639252021","192.168.1.55","192.168.1.2","TCP","1514","8004  >  35922 [ACK] Seq=163814 Ack=144 Win=65024 Len=1448 TSval=2916035719 TSecr=3045555493 [TCP segment of a reassembled PDU]"
"24125","31.639254299","192.168.1.55","192.168.1.2","TCP","1514","8004  >  35922 [PSH, ACK] Seq=165262 Ack=144 Win=65024 Len=1448 TSval=2916035719 TSecr=3045555493 [TCP segment of a reassembled PDU]"
"24126","31.639338410","192.168.1.2","192.168.1.55","TCP","66","35922  >  8004 [ACK] Seq=144 Ack=105894 Win=75776 Len=0 TSval=3045555493 TSecr=2916035713"
"24127","31.639357929","192.168.1.55","192.168.1.2","TCP","1514","8004  >  35922 [ACK] Seq=166710 Ack=144 Win=65024 Len=1448 TSval=2916035720 TSecr=3045555493 [TCP segment of a reassembled PDU]"
"24128","31.639359392","192.168.1.55","192.168.1.2","TCP","1514","8004  >  35922 [ACK] Seq=168158 Ack=144 Win=65024 Len=1448 TSval=2916035720 TSecr=3045555493 [TCP segment of a reassembled PDU]"
"24129","31.639361706","192.168.1.55","192.168.1.2","TCP","1514","8004  >  35922 [ACK] Seq=169606 Ack=144 Win=65024 Len=1448 TSval=2916035720 TSecr=3045555493 [TCP segment of a reassembled PDU]"
"24130","31.639363262","192.168.1.55","192.168.1.2","TCP","1514","8004  >  35922 [ACK] Seq=171054 Ack=144 Win=65024 Len=1448 TSval=2916035720 TSecr=3045555493 [TCP segment of a reassembled PDU]"
"24131","31.639364521","192.168.1.55","192.168.1.2","TCP","1514","8004  >  35922 [ACK] Seq=172502 Ack=144 Win=65024 Len=1448 TSval=2916035720 TSecr=3045555493 [TCP segment of a reassembled PDU]"
"24132","31.639366521","192.168.1.55","192.168.1.2","TCP","1514","8004  >  35922 [ACK] Seq=173950 Ack=144 Win=65024 Len=1448 TSval=2916035720 TSecr=3045555493 [TCP segment of a reassembled PDU]"
"24133","31.639368892","192.168.1.55","192.168.1.2","TCP","1514","8004  >  35922 [PSH, ACK] Seq=175398 Ack=144 Win=65024 Len=1448 TSval=2916035720 TSecr=3045555493 [TCP segment of a reassembled PDU]"
"24134","31.639375021","192.168.1.2","192.168.1.55","TCP","66","35922  >  8004 [ACK] Seq=144 Ack=110238 Win=84992 Len=0 TSval=3045555493 TSecr=2916035714"
"24135","31.639381521","192.168.1.2","192.168.1.55","TCP","66","35922  >  8004 [ACK] Seq=144 Ack=124718 Win=97280 Len=0 TSval=3045555493 TSecr=2916035714"
"24136","31.639428466","192.168.1.55","192.168.1.2","TCP","1514","8004  >  35922 [ACK] Seq=176846 Ack=144 Win=65024 Len=1448 TSval=2916035720 TSecr=3045555493 [TCP segment of a reassembled PDU]"
"24137","31.639430632","192.168.1.55","192.168.1.2","TCP","1514","8004  >  35922 [ACK] Seq=178294 Ack=144 Win=65024 Len=1448 TSval=2916035720 TSecr=3045555493 [TCP segment of a reassembled PDU]"
"24138","31.639431966","192.168.1.55","192.168.1.2","TCP","1514","8004  >  35922 [ACK] Seq=179742 Ack=144 Win=65024 Len=1448 TSval=2916035720 TSecr=3045555493 [TCP segment of a reassembled PDU]"
"24139","31.639434725","192.168.1.55","192.168.1.2","TCP","1514","8004  >  35922 [ACK] Seq=181190 Ack=144 Win=65024 Len=1448 TSval=2916035720 TSecr=3045555493 [TCP segment of a reassembled PDU]"
"24140","31.639436447","192.168.1.55","192.168.1.2","TCP","1514","8004  >  35922 [ACK] Seq=182638 Ack=144 Win=65024 Len=1448 TSval=2916035720 TSecr=3045555493 [TCP segment of a reassembled PDU]"
"24141","31.639437910","192.168.1.55","192.168.1.2","TCP","1514","8004  >  35922 [ACK] Seq=184086 Ack=144 Win=65024 Len=1448 TSval=2916035720 TSecr=3045555493 [TCP segment of a reassembled PDU]"
"24142","31.639440058","192.168.1.55","192.168.1.2","TCP","1514","8004  >  35922 [ACK] Seq=185534 Ack=144 Win=65024 Len=1448 TSval=2916035720 TSecr=3045555493 [TCP segment of a reassembled PDU]"
"24143","31.639441929","192.168.1.55","192.168.1.2","TCP","1514","8004  >  35922 [ACK] Seq=186982 Ack=144 Win=65024 Len=1448 TSval=2916035720 TSecr=3045555493 [TCP segment of a reassembled PDU]"
"24144","31.639443429","192.168.1.55","192.168.1.2","TCP","1514","8004  >  35922 [ACK] Seq=188430 Ack=144 Win=65024 Len=1448 TSval=2916035720 TSecr=3045555493 [TCP segment of a reassembled PDU]"
"24145","31.639444818","192.168.1.55","192.168.1.2","TCP","1514","8004  >  35922 [ACK] Seq=189878 Ack=144 Win=65024 Len=1448 TSval=2916035720 TSecr=3045555493 [TCP segment of a reassembled PDU]"
"24146","31.639447392","192.168.1.55","192.168.1.2","TCP","1514","8004  >  35922 [ACK] Seq=191326 Ack=144 Win=65024 Len=1448 TSval=2916035720 TSecr=3045555493 [TCP segment of a reassembled PDU]"
"24147","31.639449206","192.168.1.55","192.168.1.2","TCP","1514","8004  >  35922 [ACK] Seq=192774 Ack=144 Win=65024 Len=1448 TSval=2916035720 TSecr=3045555493 [TCP segment of a reassembled PDU]"
"24148","31.639450410","192.168.1.55","192.168.1.2","TCP","1514","8004  >  35922 [ACK] Seq=194222 Ack=144 Win=65024 Len=1448 TSval=2916035720 TSecr=3045555493 [TCP segment of a reassembled PDU]"
"24149","31.639452095","192.168.1.55","192.168.1.2","TCP","1514","8004  >  35922 [ACK] Seq=195670 Ack=144 Win=65024 Len=1448 TSval=2916035720 TSecr=3045555493 [TCP segment of a reassembled PDU]"
"24150","31.639453855","192.168.1.55","192.168.1.2","TCP","1514","8004  >  35922 [ACK] Seq=197118 Ack=144 Win=65024 Len=1448 TSval=2916035720 TSecr=3045555493 [TCP segment of a reassembled PDU]"
"24151","31.639455336","192.168.1.55","192.168.1.2","TCP","1514","8004  >  35922 [ACK] Seq=198566 Ack=144 Win=65024 Len=1448 TSval=2916035720 TSecr=3045555493 [TCP segment of a reassembled PDU]"
"24152","31.639456688","192.168.1.55","192.168.1.2","TCP","1514","8004  >  35922 [ACK] Seq=200014 Ack=144 Win=65024 Len=1448 TSval=2916035720 TSecr=3045555493 [TCP segment of a reassembled PDU]"
"24153","31.639458021","192.168.1.55","192.168.1.2","TCP","1514","8004  >  35922 [ACK] Seq=201462 Ack=144 Win=65024 Len=1448 TSval=2916035720 TSecr=3045555493 [TCP segment of a reassembled PDU]"
"24154","31.639460318","192.168.1.55","192.168.1.2","TCP","1514","8004  >  35922 [ACK] Seq=202910 Ack=144 Win=65024 Len=1448 TSval=2916035720 TSecr=3045555493 [TCP segment of a reassembled PDU]"
"24155","31.639461855","192.168.1.55","192.168.1.2","TCP","1514","8004  >  35922 [ACK] Seq=204358 Ack=144 Win=65024 Len=1448 TSval=2916035720 TSecr=3045555493 [TCP segment of a reassembled PDU]"
"24156","31.639463188","192.168.1.55","192.168.1.2","TCP","1514","8004  >  35922 [ACK] Seq=205806 Ack=144 Win=65024 Len=1448 TSval=2916035720 TSecr=3045555493 [TCP segment of a reassembled PDU]"
"24157","31.639464799","192.168.1.55","192.168.1.2","TCP","1514","8004  >  35922 [ACK] Seq=207254 Ack=144 Win=65024 Len=1448 TSval=2916035720 TSecr=3045555493 [TCP segment of a reassembled PDU]"
"24158","31.639466281","192.168.1.55","192.168.1.2","TCP","1514","8004  >  35922 [PSH, ACK] Seq=208702 Ack=144 Win=65024 Len=1448 TSval=2916035720 TSecr=3045555493 [TCP segment of a reassembled PDU]"
"24159","31.639523725","192.168.1.2","192.168.1.55","TCP","66","35922  >  8004 [ACK] Seq=144 Ack=128134 Win=104448 Len=0 TSval=3045555493 TSecr=2916035714"
"24160","31.639532670","192.168.1.2","192.168.1.55","TCP","66","35922  >  8004 [ACK] Seq=144 Ack=152230 Win=92160 Len=0 TSval=3045555493 TSecr=2916035714"
"24161","31.639588355","192.168.1.55","192.168.1.2","TCP","1514","8004  >  35922 [ACK] Seq=210150 Ack=144 Win=65024 Len=1448 TSval=2916035720 TSecr=3045555493 [TCP segment of a reassembled PDU]"
"24162","31.639591873","192.168.1.55","192.168.1.2","TCP","1514","8004  >  35922 [ACK] Seq=211598 Ack=144 Win=65024 Len=1448 TSval=2916035720 TSecr=3045555493 [TCP segment of a reassembled PDU]"
"24163","31.639593484","192.168.1.55","192.168.1.2","TCP","1514","8004  >  35922 [ACK] Seq=213046 Ack=144 Win=65024 Len=1448 TSval=2916035720 TSecr=3045555493 [TCP segment of a reassembled PDU]"
"24164","31.639594596","192.168.1.55","192.168.1.2","TCP","1514","8004  >  35922 [ACK] Seq=214494 Ack=144 Win=65024 Len=1448 TSval=2916035720 TSecr=3045555493 [TCP segment of a reassembled PDU]"
"24165","31.639595855","192.168.1.55","192.168.1.2","TCP","1514","8004  >  35922 [ACK] Seq=215942 Ack=144 Win=65024 Len=1448 TSval=2916035720 TSecr=3045555493 [TCP segment of a reassembled PDU]"
"24166","31.639598318","192.168.1.55","192.168.1.2","TCP","1514","8004  >  35922 [ACK] Seq=217390 Ack=144 Win=65024 Len=1448 TSval=2916035720 TSecr=3045555493 [TCP segment of a reassembled PDU]"
"24167","31.639599947","192.168.1.55","192.168.1.2","TCP","1514","8004  >  35922 [ACK] Seq=218838 Ack=144 Win=65024 Len=1448 TSval=2916035720 TSecr=3045555493 [TCP segment of a reassembled PDU]"
"24168","31.639601262","192.168.1.55","192.168.1.2","TCP","1514","8004  >  35922 [ACK] Seq=220286 Ack=144 Win=65024 Len=1448 TSval=2916035720 TSecr=3045555493 [TCP segment of a reassembled PDU]"
"24169","31.639603188","192.168.1.55","192.168.1.2","TCP","1514","8004  >  35922 [ACK] Seq=221734 Ack=144 Win=65024 Len=1448 TSval=2916035720 TSecr=3045555493 [TCP segment of a reassembled PDU]"
"24170","31.639605299","192.168.1.55","192.168.1.2","TCP","1514","8004  >  35922 [ACK] Seq=223182 Ack=144 Win=65024 Len=1448 TSval=2916035720 TSecr=3045555493 [TCP segment of a reassembled PDU]"
"24171","31.639606892","192.168.1.55","192.168.1.2","TCP","1514","8004  >  35922 [ACK] Seq=224630 Ack=144 Win=65024 Len=1448 TSval=2916035720 TSecr=3045555493 [TCP segment of a reassembled PDU]"
"24172","31.639608133","192.168.1.55","192.168.1.2","TCP","1514","8004  >  35922 [ACK] Seq=226078 Ack=144 Win=65024 Len=1448 TSval=2916035720 TSecr=3045555493 [TCP segment of a reassembled PDU]"
"24173","31.639609559","192.168.1.55","192.168.1.2","TCP","1514","8004  >  35922 [ACK] Seq=227526 Ack=144 Win=65024 Len=1448 TSval=2916035720 TSecr=3045555493 [TCP segment of a reassembled PDU]"
"24174","31.639612133","192.168.1.55","192.168.1.2","TCP","1514","8004  >  35922 [ACK] Seq=228974 Ack=144 Win=65024 Len=1448 TSval=2916035720 TSecr=3045555493 [TCP segment of a reassembled PDU]"
"24175","31.639613522","192.168.1.55","192.168.1.2","TCP","1514","8004  >  35922 [ACK] Seq=230422 Ack=144 Win=65024 Len=1448 TSval=2916035720 TSecr=3045555493 [TCP segment of a reassembled PDU]"
"24176","31.639614836","192.168.1.55","192.168.1.2","TCP","1514","8004  >  35922 [ACK] Seq=231870 Ack=144 Win=65024 Len=1448 TSval=2916035720 TSecr=3045555493 [TCP segment of a reassembled PDU]"
"24177","31.639617096","192.168.1.55","192.168.1.2","TCP","1514","8004  >  35922 [ACK] Seq=233318 Ack=144 Win=65024 Len=1448 TSval=2916035720 TSecr=3045555493 [TCP segment of a reassembled PDU]"
"24178","31.639618429","192.168.1.55","192.168.1.2","TCP","1514","8004  >  35922 [ACK] Seq=234766 Ack=144 Win=65024 Len=1448 TSval=2916035720 TSecr=3045555493 [TCP segment of a reassembled PDU]"
"24179","31.639620225","192.168.1.55","192.168.1.2","TCP","1514","8004  >  35922 [ACK] Seq=236214 Ack=144 Win=65024 Len=1448 TSval=2916035720 TSecr=3045555493 [TCP segment of a reassembled PDU]"
"24180","31.639621707","192.168.1.55","192.168.1.2","TCP","1514","8004  >  35922 [ACK] Seq=237662 Ack=144 Win=65024 Len=1448 TSval=2916035720 TSecr=3045555493 [TCP segment of a reassembled PDU]"
"24181","31.639623966","192.168.1.55","192.168.1.2","TCP","1514","8004  >  35922 [ACK] Seq=239110 Ack=144 Win=65024 Len=1448 TSval=2916035720 TSecr=3045555493 [TCP segment of a reassembled PDU]"
"24182","31.639625633","192.168.1.55","192.168.1.2","TCP","1514","8004  >  35922 [ACK] Seq=240558 Ack=144 Win=65024 Len=1448 TSval=2916035720 TSecr=3045555493 [TCP segment of a reassembled PDU]"
"24183","31.639626744","192.168.1.55","192.168.1.2","TCP","1514","8004  >  35922 [PSH, ACK] Seq=242006 Ack=144 Win=65024 Len=1448 TSval=2916035720 TSecr=3045555493 [TCP segment of a reassembled PDU]"
"24184","31.647399145","192.168.1.2","192.168.1.55","TCP","66","35922  >  8004 [ACK] Seq=144 Ack=166710 Win=101376 Len=0 TSval=3045555501 TSecr=2916035719"
"24185","31.647429719","192.168.1.55","192.168.1.2","TCP","1514","8004  >  35922 [ACK] Seq=243454 Ack=144 Win=65024 Len=1448 TSval=2916035728 TSecr=3045555501 [TCP segment of a reassembled PDU]"
"24186","31.647432756","192.168.1.55","192.168.1.2","TCP","1514","8004  >  35922 [ACK] Seq=244902 Ack=144 Win=65024 Len=1448 TSval=2916035728 TSecr=3045555501 [TCP segment of a reassembled PDU]"
"24187","31.647434164","192.168.1.55","192.168.1.2","TCP","1514","8004  >  35922 [ACK] Seq=246350 Ack=144 Win=65024 Len=1448 TSval=2916035728 TSecr=3045555501 [TCP segment of a reassembled PDU]"
"24188","31.647435441","192.168.1.55","192.168.1.2","TCP","1514","8004  >  35922 [ACK] Seq=247798 Ack=144 Win=65024 Len=1448 TSval=2916035728 TSecr=3045555501 [TCP segment of a reassembled PDU]"
"24189","31.647436812","192.168.1.55","192.168.1.2","TCP","1514","8004  >  35922 [ACK] Seq=249246 Ack=144 Win=65024 Len=1448 TSval=2916035728 TSecr=3045555501 [TCP segment of a reassembled PDU]"
"24190","31.647438275","192.168.1.55","192.168.1.2","TCP","1514","8004  >  35922 [ACK] Seq=250694 Ack=144 Win=65024 Len=1448 TSval=2916035728 TSecr=3045555501 [TCP segment of a reassembled PDU]"
"24191","31.647440330","192.168.1.55","192.168.1.2","TCP","1514","8004  >  35922 [ACK] Seq=252142 Ack=144 Win=65024 Len=1448 TSval=2916035728 TSecr=3045555501 [TCP segment of a reassembled PDU]"
"24192","31.647441608","192.168.1.55","192.168.1.2","TCP","1514","8004  >  35922 [ACK] Seq=253590 Ack=144 Win=65024 Len=1448 TSval=2916035728 TSecr=3045555501 [TCP segment of a reassembled PDU]"
"24193","31.647442904","192.168.1.55","192.168.1.2","TCP","1514","8004  >  35922 [ACK] Seq=255038 Ack=144 Win=65024 Len=1448 TSval=2916035728 TSecr=3045555501 [TCP segment of a reassembled PDU]"
"24194","31.647444330","192.168.1.55","192.168.1.2","TCP","1514","8004  >  35922 [ACK] Seq=256486 Ack=144 Win=65024 Len=1448 TSval=2916035728 TSecr=3045555501 [TCP segment of a reassembled PDU]"
"24195","31.647445812","192.168.1.55","192.168.1.2","TCP","1514","8004  >  35922 [ACK] Seq=257934 Ack=144 Win=65024 Len=1448 TSval=2916035728 TSecr=3045555501 [TCP segment of a reassembled PDU]"
"24196","31.647447256","192.168.1.55","192.168.1.2","TCP","1514","8004  >  35922 [ACK] Seq=259382 Ack=144 Win=65024 Len=1448 TSval=2916035728 TSecr=3045555501 [TCP segment of a reassembled PDU]"
"24197","31.647448552","192.168.1.55","192.168.1.2","TCP","1514","8004  >  35922 [ACK] Seq=260830 Ack=144 Win=65024 Len=1448 TSval=2916035728 TSecr=3045555501 [TCP segment of a reassembled PDU]"
"24198","31.647449923","192.168.1.55","192.168.1.2","TCP","1514","8004  >  35922 [ACK] Seq=262278 Ack=144 Win=65024 Len=1448 TSval=2916035728 TSecr=3045555501 [TCP segment of a reassembled PDU]"
"24199","31.647451219","192.168.1.55","192.168.1.2","TCP","1514","8004  >  35922 [ACK] Seq=263726 Ack=144 Win=65024 Len=1448 TSval=2916035728 TSecr=3045555501 [TCP segment of a reassembled PDU]"
"24200","31.647452608","192.168.1.55","192.168.1.2","TCP","1514","8004  >  35922 [ACK] Seq=265174 Ack=144 Win=65024 Len=1448 TSval=2916035728 TSecr=3045555501 [TCP segment of a reassembled PDU]"
"24201","31.647454015","192.168.1.55","192.168.1.2","TCP","1514","8004  >  35922 [ACK] Seq=266622 Ack=144 Win=65024 Len=1448 TSval=2916035728 TSecr=3045555501 [TCP segment of a reassembled PDU]"
"24202","31.647455330","192.168.1.55","192.168.1.2","TCP","82","[TCP Window Full] 8004  >  35922 [PSH, ACK] Seq=268070 Ack=144 Win=65024 Len=16 TSval=2916035728 TSecr=3045555501 [TCP segment of a reassembled PDU]"
"24203","31.648186591","192.168.1.2","192.168.1.55","TCP","66","35922  >  8004 [ACK] Seq=144 Ack=176846 Win=106496 Len=0 TSval=3045555502 TSecr=2916035720"
"24204","31.648199591","192.168.1.55","192.168.1.2","TCP","1514","8004  >  35922 [ACK] Seq=268086 Ack=144 Win=65024 Len=1448 TSval=2916035728 TSecr=3045555502 [TCP segment of a reassembled PDU]"
"24205","31.648201443","192.168.1.55","192.168.1.2","TCP","1514","8004  >  35922 [ACK] Seq=269534 Ack=144 Win=65024 Len=1448 TSval=2916035728 TSecr=3045555502 [TCP segment of a reassembled PDU]"
"24206","31.648202720","192.168.1.55","192.168.1.2","TCP","1514","8004  >  35922 [ACK] Seq=270982 Ack=144 Win=65024 Len=1448 TSval=2916035728 TSecr=3045555502 [TCP segment of a reassembled PDU]"
"24207","31.648204091","192.168.1.55","192.168.1.2","TCP","1514","8004  >  35922 [ACK] Seq=272430 Ack=144 Win=65024 Len=1448 TSval=2916035728 TSecr=3045555502 [TCP segment of a reassembled PDU]"
"24208","31.648205368","192.168.1.55","192.168.1.2","TCP","1514","8004  >  35922 [PSH, ACK] Seq=273878 Ack=144 Win=65024 Len=1448 TSval=2916035728 TSecr=3045555502 [TCP segment of a reassembled PDU]"
"24209","31.648211572","192.168.1.55","192.168.1.2","TCP","1498","8004  >  35922 [ACK] Seq=275326 Ack=144 Win=65024 Len=1432 TSval=2916035728 TSecr=3045555502 [TCP segment of a reassembled PDU]"
"24210","31.648215628","192.168.1.2","192.168.1.55","TCP","66","35922  >  8004 [ACK] Seq=144 Ack=210150 Win=90112 Len=0 TSval=3045555502 TSecr=2916035720"
"24211","31.648222017","192.168.1.2","192.168.1.55","TCP","66","35922  >  8004 [ACK] Seq=144 Ack=214494 Win=87040 Len=0 TSval=3045555502 TSecr=2916035720"
"24212","31.648227591","192.168.1.2","192.168.1.55","TCP","66","35922  >  8004 [ACK] Seq=144 Ack=243454 Win=90112 Len=0 TSval=3045555502 TSecr=2916035720"
"24213","31.648252757","192.168.1.55","192.168.1.2","TCP","1514","8004  >  35922 [ACK] Seq=276758 Ack=144 Win=65024 Len=1448 TSval=2916035728 TSecr=3045555502 [TCP segment of a reassembled PDU]"
"24214","31.648254924","192.168.1.55","192.168.1.2","TCP","1514","8004  >  35922 [ACK] Seq=278206 Ack=144 Win=65024 Len=1448 TSval=2916035728 TSecr=3045555502 [TCP segment of a reassembled PDU]"
"24215","31.648256665","192.168.1.55","192.168.1.2","TCP","1514","8004  >  35922 [ACK] Seq=279654 Ack=144 Win=65024 Len=1448 TSval=2916035728 TSecr=3045555502 [TCP segment of a reassembled PDU]"
"24216","31.648257980","192.168.1.55","192.168.1.2","TCP","1514","8004  >  35922 [ACK] Seq=281102 Ack=144 Win=65024 Len=1448 TSval=2916035728 TSecr=3045555502 [TCP segment of a reassembled PDU]"
"24217","31.648259332","192.168.1.55","192.168.1.2","TCP","1514","8004  >  35922 [ACK] Seq=282550 Ack=144 Win=65024 Len=1448 TSval=2916035728 TSecr=3045555502 [TCP segment of a reassembled PDU]"
"24218","31.648260665","192.168.1.55","192.168.1.2","TCP","1514","8004  >  35922 [ACK] Seq=283998 Ack=144 Win=65024 Len=1448 TSval=2916035728 TSecr=3045555502 [TCP segment of a reassembled PDU]"
"24219","31.648261943","192.168.1.55","192.168.1.2","TCP","1514","8004  >  35922 [ACK] Seq=285446 Ack=144 Win=65024 Len=1448 TSval=2916035728 TSecr=3045555502 [TCP segment of a reassembled PDU]"
"24220","31.648263332","192.168.1.55","192.168.1.2","TCP","1514","8004  >  35922 [ACK] Seq=286894 Ack=144 Win=65024 Len=1448 TSval=2916035728 TSecr=3045555502 [TCP segment of a reassembled PDU]"
"24221","31.648265035","192.168.1.55","192.168.1.2","TCP","1514","8004  >  35922 [ACK] Seq=288342 Ack=144 Win=65024 Len=1448 TSval=2916035728 TSecr=3045555502 [TCP segment of a reassembled PDU]"
"24222","31.648266350","192.168.1.55","192.168.1.2","TCP","1514","8004  >  35922 [ACK] Seq=289790 Ack=144 Win=65024 Len=1448 TSval=2916035728 TSecr=3045555502 [TCP segment of a reassembled PDU]"
"24223","31.648267813","192.168.1.55","192.168.1.2","TCP","1514","8004  >  35922 [ACK] Seq=291238 Ack=144 Win=65024 Len=1448 TSval=2916035728 TSecr=3045555502 [TCP segment of a reassembled PDU]"
"24224","31.648269535","192.168.1.55","192.168.1.2","TCP","1514","8004  >  35922 [ACK] Seq=292686 Ack=144 Win=65024 Len=1448 TSval=2916035728 TSecr=3045555502 [TCP segment of a reassembled PDU]"
"24225","31.648270980","192.168.1.55","192.168.1.2","TCP","1514","8004  >  35922 [ACK] Seq=294134 Ack=144 Win=65024 Len=1448 TSval=2916035728 TSecr=3045555502 [TCP segment of a reassembled PDU]"
"24226","31.648272332","192.168.1.55","192.168.1.2","TCP","1514","8004  >  35922 [ACK] Seq=295582 Ack=144 Win=65024 Len=1448 TSval=2916035728 TSecr=3045555502 [TCP segment of a reassembled PDU]"
"24227","31.648273832","192.168.1.55","192.168.1.2","TCP","1514","8004  >  35922 [ACK] Seq=297030 Ack=144 Win=65024 Len=1448 TSval=2916035728 TSecr=3045555502 [TCP segment of a reassembled PDU]"
"24228","31.648275313","192.168.1.55","192.168.1.2","TCP","1514","8004  >  35922 [ACK] Seq=298478 Ack=144 Win=65024 Len=1448 TSval=2916035728 TSecr=3045555502 [TCP segment of a reassembled PDU]"
"24229","31.648276776","192.168.1.55","192.168.1.2","TCP","1514","8004  >  35922 [ACK] Seq=299926 Ack=144 Win=65024 Len=1448 TSval=2916035728 TSecr=3045555502 [TCP segment of a reassembled PDU]"
"24230","31.648278146","192.168.1.55","192.168.1.2","TCP","1514","8004  >  35922 [ACK] Seq=301374 Ack=144 Win=65024 Len=1448 TSval=2916035728 TSecr=3045555502 [TCP segment of a reassembled PDU]"
"24231","31.648279498","192.168.1.55","192.168.1.2","TCP","1514","8004  >  35922 [ACK] Seq=302822 Ack=144 Win=65024 Len=1448 TSval=2916035728 TSecr=3045555502 [TCP segment of a reassembled PDU]"
"24232","31.648280850","192.168.1.55","192.168.1.2","TCP","1514","8004  >  35922 [ACK] Seq=304270 Ack=144 Win=65024 Len=1448 TSval=2916035728 TSecr=3045555502 [TCP segment of a reassembled PDU]"
"24233","31.648282257","192.168.1.55","192.168.1.2","TCP","1514","8004  >  35922 [ACK] Seq=305718 Ack=144 Win=65024 Len=1448 TSval=2916035728 TSecr=3045555502 [TCP segment of a reassembled PDU]"
"24234","31.648283591","192.168.1.55","192.168.1.2","TCP","1514","8004  >  35922 [ACK] Seq=307166 Ack=144 Win=65024 Len=1448 TSval=2916035728 TSecr=3045555502 [TCP segment of a reassembled PDU]"
"24235","31.648285054","192.168.1.55","192.168.1.2","TCP","1514","8004  >  35922 [PSH, ACK] Seq=308614 Ack=144 Win=65024 Len=1448 TSval=2916035728 TSecr=3045555502 [TCP segment of a reassembled PDU]"
"24236","31.648311424","192.168.1.55","192.168.1.2","TCP","1514","8004  >  35922 [ACK] Seq=310062 Ack=144 Win=65024 Len=1448 TSval=2916035728 TSecr=3045555502 [TCP segment of a reassembled PDU]"
"24237","31.648313313","192.168.1.55","192.168.1.2","TCP","1514","8004  >  35922 [ACK] Seq=311510 Ack=144 Win=65024 Len=1448 TSval=2916035728 TSecr=3045555502 [TCP segment of a reassembled PDU]"
"24238","31.648314702","192.168.1.55","192.168.1.2","TCP","1514","8004  >  35922 [ACK] Seq=312958 Ack=144 Win=65024 Len=1448 TSval=2916035728 TSecr=3045555502 [TCP segment of a reassembled PDU]"
"24239","31.648315980","192.168.1.55","192.168.1.2","TCP","1514","8004  >  35922 [ACK] Seq=314406 Ack=144 Win=65024 Len=1448 TSval=2916035728 TSecr=3045555502 [TCP segment of a reassembled PDU]"
"24240","31.648317350","192.168.1.55","192.168.1.2","TCP","1514","8004  >  35922 [ACK] Seq=315854 Ack=144 Win=65024 Len=1448 TSval=2916035728 TSecr=3045555502 [TCP segment of a reassembled PDU]"
"24241","31.648318702","192.168.1.55","192.168.1.2","TCP","1514","8004  >  35922 [ACK] Seq=317302 Ack=144 Win=65024 Len=1448 TSval=2916035728 TSecr=3045555502 [TCP segment of a reassembled PDU]"
"24242","31.648319980","192.168.1.55","192.168.1.2","TCP","1514","8004  >  35922 [ACK] Seq=318750 Ack=144 Win=65024 Len=1448 TSval=2916035728 TSecr=3045555502 [TCP segment of a reassembled PDU]"
"24243","31.648321313","192.168.1.55","192.168.1.2","TCP","1514","8004  >  35922 [ACK] Seq=320198 Ack=144 Win=65024 Len=1448 TSval=2916035728 TSecr=3045555502 [TCP segment of a reassembled PDU]"
"24244","31.648322609","192.168.1.55","192.168.1.2","TCP","1514","8004  >  35922 [ACK] Seq=321646 Ack=144 Win=65024 Len=1448 TSval=2916035728 TSecr=3045555502 [TCP segment of a reassembled PDU]"
"24245","31.648323998","192.168.1.55","192.168.1.2","TCP","1514","8004  >  35922 [ACK] Seq=323094 Ack=144 Win=65024 Len=1448 TSval=2916035728 TSecr=3045555502 [TCP segment of a reassembled PDU]"
"24246","31.648325572","192.168.1.55","192.168.1.2","TCP","1514","8004  >  35922 [ACK] Seq=324542 Ack=144 Win=65024 Len=1448 TSval=2916035728 TSecr=3045555502 [TCP segment of a reassembled PDU]"
"24247","31.648327146","192.168.1.55","192.168.1.2","TCP","1514","8004  >  35922 [ACK] Seq=325990 Ack=144 Win=65024 Len=1448 TSval=2916035728 TSecr=3045555502 [TCP segment of a reassembled PDU]"
"24248","31.648333443","192.168.1.55","192.168.1.2","TCP","1514","8004  >  35922 [ACK] Seq=327438 Ack=144 Win=65024 Len=1448 TSval=2916035728 TSecr=3045555502 [TCP segment of a reassembled PDU]"
"24249","31.648335369","192.168.1.55","192.168.1.2","TCP","1514","8004  >  35922 [ACK] Seq=328886 Ack=144 Win=65024 Len=1448 TSval=2916035728 TSecr=3045555502 [TCP segment of a reassembled PDU]"
"24250","31.648336832","192.168.1.55","192.168.1.2","TCP","1514","8004  >  35922 [ACK] Seq=330334 Ack=144 Win=65024 Len=1448 TSval=2916035728 TSecr=3045555502 [TCP segment of a reassembled PDU]"
"24251","31.648338146","192.168.1.55","192.168.1.2","TCP","1514","8004  >  35922 [PSH, ACK] Seq=331782 Ack=144 Win=65024 Len=1448 TSval=2916035728 TSecr=3045555502 [TCP segment of a reassembled PDU]"
"24252","31.655537750","192.168.1.2","192.168.1.55","TCP","66","35922  >  8004 [ACK] Seq=144 Ack=253590 Win=104448 Len=0 TSval=3045555505 TSecr=2916035728"
"24253","31.655557732","192.168.1.55","192.168.1.2","TCP","1514","8004  >  35922 [ACK] Seq=333230 Ack=144 Win=65024 Len=1448 TSval=2916035736 TSecr=3045555505 [TCP segment of a reassembled PDU]"
"24254","31.655560491","192.168.1.55","192.168.1.2","TCP","1514","8004  >  35922 [ACK] Seq=334678 Ack=144 Win=65024 Len=1448 TSval=2916035736 TSecr=3045555505 [TCP segment of a reassembled PDU]"
"24255","31.655561954","192.168.1.55","192.168.1.2","TCP","1514","8004  >  35922 [ACK] Seq=336126 Ack=144 Win=65024 Len=1448 TSval=2916035736 TSecr=3045555505 [TCP segment of a reassembled PDU]"
"24256","31.655563325","192.168.1.55","192.168.1.2","TCP","1514","8004  >  35922 [ACK] Seq=337574 Ack=144 Win=65024 Len=1448 TSval=2916035736 TSecr=3045555505 [TCP segment of a reassembled PDU]"
"24257","31.655564602","192.168.1.55","192.168.1.2","TCP","1514","8004  >  35922 [ACK] Seq=339022 Ack=144 Win=65024 Len=1448 TSval=2916035736 TSecr=3045555505 [TCP segment of a reassembled PDU]"
"24258","31.655565973","192.168.1.55","192.168.1.2","TCP","1514","8004  >  35922 [ACK] Seq=340470 Ack=144 Win=65024 Len=1448 TSval=2916035736 TSecr=3045555505 [TCP segment of a reassembled PDU]"
"24259","31.655567325","192.168.1.55","192.168.1.2","TCP","1514","8004  >  35922 [PSH, ACK] Seq=341918 Ack=144 Win=65024 Len=1448 TSval=2916035736 TSecr=3045555505 [TCP segment of a reassembled PDU]"
"24260","31.655955844","192.168.1.2","192.168.1.55","TCP","66","35922  >  8004 [ACK] Seq=144 Ack=265174 Win=129024 Len=0 TSval=3045555506 TSecr=2916035728"
"24261","31.655986307","192.168.1.55","192.168.1.2","TCP","1514","8004  >  35922 [ACK] Seq=343366 Ack=144 Win=65024 Len=1448 TSval=2916035736 TSecr=3045555506 [TCP segment of a reassembled PDU]"
"24262","31.655989751","192.168.1.55","192.168.1.2","TCP","1514","8004  >  35922 [ACK] Seq=344814 Ack=144 Win=65024 Len=1448 TSval=2916035736 TSecr=3045555506 [TCP segment of a reassembled PDU]"
"24263","31.655991418","192.168.1.55","192.168.1.2","TCP","1514","8004  >  35922 [ACK] Seq=346262 Ack=144 Win=65024 Len=1448 TSval=2916035736 TSecr=3045555506 [TCP segment of a reassembled PDU]"
"24264","31.655992714","192.168.1.55","192.168.1.2","TCP","1514","8004  >  35922 [ACK] Seq=347710 Ack=144 Win=65024 Len=1448 TSval=2916035736 TSecr=3045555506 [TCP segment of a reassembled PDU]"
"24265","31.655994029","192.168.1.55","192.168.1.2","TCP","1514","8004  >  35922 [ACK] Seq=349158 Ack=144 Win=65024 Len=1448 TSval=2916035736 TSecr=3045555506 [TCP segment of a reassembled PDU]"
"24266","31.655995381","192.168.1.55","192.168.1.2","TCP","1514","8004  >  35922 [ACK] Seq=350606 Ack=144 Win=65024 Len=1448 TSval=2916035736 TSecr=3045555506 [TCP segment of a reassembled PDU]"
"24267","31.655996770","192.168.1.55","192.168.1.2","TCP","1514","8004  >  35922 [ACK] Seq=352054 Ack=144 Win=65024 Len=1448 TSval=2916035736 TSecr=3045555506 [TCP segment of a reassembled PDU]"
"24268","31.655998122","192.168.1.55","192.168.1.2","TCP","1514","8004  >  35922 [ACK] Seq=353502 Ack=144 Win=65024 Len=1448 TSval=2916035736 TSecr=3045555506 [TCP segment of a reassembled PDU]"
"24269","31.655999436","192.168.1.55","192.168.1.2","TCP","1514","8004  >  35922 [ACK] Seq=354950 Ack=144 Win=65024 Len=1448 TSval=2916035736 TSecr=3045555506 [TCP segment of a reassembled PDU]"
"24270","31.656000733","192.168.1.55","192.168.1.2","TCP","1514","8004  >  35922 [ACK] Seq=356398 Ack=144 Win=65024 Len=1448 TSval=2916035736 TSecr=3045555506 [TCP segment of a reassembled PDU]"
"24271","31.656002029","192.168.1.55","192.168.1.2","TCP","1514","8004  >  35922 [ACK] Seq=357846 Ack=144 Win=65024 Len=1448 TSval=2916035736 TSecr=3045555506 [TCP segment of a reassembled PDU]"
"24272","31.656003418","192.168.1.55","192.168.1.2","TCP","1514","8004  >  35922 [ACK] Seq=359294 Ack=144 Win=65024 Len=1448 TSval=2916035736 TSecr=3045555506 [TCP segment of a reassembled PDU]"
"24273","31.656004751","192.168.1.55","192.168.1.2","TCP","1514","8004  >  35922 [ACK] Seq=360742 Ack=144 Win=65024 Len=1448 TSval=2916035736 TSecr=3045555506 [TCP segment of a reassembled PDU]"
"24274","31.656006344","192.168.1.55","192.168.1.2","TCP","1514","8004  >  35922 [ACK] Seq=362190 Ack=144 Win=65024 Len=1448 TSval=2916035736 TSecr=3045555506 [TCP segment of a reassembled PDU]"
"24275","31.656007955","192.168.1.55","192.168.1.2","TCP","1514","8004  >  35922 [ACK] Seq=363638 Ack=144 Win=65024 Len=1448 TSval=2916035736 TSecr=3045555506 [TCP segment of a reassembled PDU]"
"24276","31.656009251","192.168.1.55","192.168.1.2","TCP","1514","8004  >  35922 [ACK] Seq=365086 Ack=144 Win=65024 Len=1448 TSval=2916035736 TSecr=3045555506 [TCP segment of a reassembled PDU]"
"24277","31.656010622","192.168.1.55","192.168.1.2","TCP","1514","8004  >  35922 [ACK] Seq=366534 Ack=144 Win=65024 Len=1448 TSval=2916035736 TSecr=3045555506 [TCP segment of a reassembled PDU]"
"24278","31.656011918","192.168.1.55","192.168.1.2","TCP","1514","8004  >  35922 [ACK] Seq=367982 Ack=144 Win=65024 Len=1448 TSval=2916035736 TSecr=3045555506 [TCP segment of a reassembled PDU]"
"24279","31.656013325","192.168.1.55","192.168.1.2","TCP","1514","8004  >  35922 [ACK] Seq=369430 Ack=144 Win=65024 Len=1448 TSval=2916035736 TSecr=3045555506 [TCP segment of a reassembled PDU]"
"24280","31.656014788","192.168.1.55","192.168.1.2","TCP","1514","8004  >  35922 [ACK] Seq=370878 Ack=144 Win=65024 Len=1448 TSval=2916035736 TSecr=3045555506 [TCP segment of a reassembled PDU]"
"24281","31.656016085","192.168.1.55","192.168.1.2","TCP","1514","8004  >  35922 [ACK] Seq=372326 Ack=144 Win=65024 Len=1448 TSval=2916035736 TSecr=3045555506 [TCP segment of a reassembled PDU]"
"24282","31.656017844","192.168.1.55","192.168.1.2","TCP","1514","8004  >  35922 [ACK] Seq=373774 Ack=144 Win=65024 Len=1448 TSval=2916035736 TSecr=3045555506 [TCP segment of a reassembled PDU]"
"24283","31.656019177","192.168.1.55","192.168.1.2","TCP","1514","8004  >  35922 [PSH, ACK] Seq=375222 Ack=144 Win=65024 Len=1448 TSval=2916035736 TSecr=3045555506 [TCP segment of a reassembled PDU]"
"24284","31.656024233","192.168.1.2","192.168.1.55","TCP","66","35922  >  8004 [ACK] Seq=144 Ack=268070 Win=135168 Len=0 TSval=3045555506 TSecr=2916035728"
"24285","31.656031085","192.168.1.2","192.168.1.55","TCP","66","35922  >  8004 [ACK] Seq=144 Ack=275326 Win=149504 Len=0 TSval=3045555509 TSecr=2916035728"
"24286","31.656057992","192.168.1.55","192.168.1.2","TCP","1514","8004  >  35922 [ACK] Seq=376670 Ack=144 Win=65024 Len=1448 TSval=2916035736 TSecr=3045555509 [TCP segment of a reassembled PDU]"
"24287","31.656060103","192.168.1.55","192.168.1.2","TCP","1514","8004  >  35922 [ACK] Seq=378118 Ack=144 Win=65024 Len=1448 TSval=2916035736 TSecr=3045555509 [TCP segment of a reassembled PDU]"
"24288","31.656061399","192.168.1.55","192.168.1.2","TCP","1514","8004  >  35922 [ACK] Seq=379566 Ack=144 Win=65024 Len=1448 TSval=2916035736 TSecr=3045555509 [TCP segment of a reassembled PDU]"
"24289","31.656062899","192.168.1.55","192.168.1.2","TCP","1514","8004  >  35922 [ACK] Seq=381014 Ack=144 Win=65024 Len=1448 TSval=2916035736 TSecr=3045555509 [TCP segment of a reassembled PDU]"
"24290","31.656064381","192.168.1.55","192.168.1.2","TCP","1514","8004  >  35922 [ACK] Seq=382462 Ack=144 Win=65024 Len=1448 TSval=2916035736 TSecr=3045555509 [TCP segment of a reassembled PDU]"
"24291","31.656065696","192.168.1.55","192.168.1.2","TCP","1514","8004  >  35922 [ACK] Seq=383910 Ack=144 Win=65024 Len=1448 TSval=2916035736 TSecr=3045555509 [TCP segment of a reassembled PDU]"
"24292","31.656067159","192.168.1.55","192.168.1.2","TCP","1514","8004  >  35922 [ACK] Seq=385358 Ack=144 Win=65024 Len=1448 TSval=2916035736 TSecr=3045555509 [TCP segment of a reassembled PDU]"
"24293","31.656068992","192.168.1.55","192.168.1.2","TCP","1514","8004  >  35922 [ACK] Seq=386806 Ack=144 Win=65024 Len=1448 TSval=2916035736 TSecr=3045555509 [TCP segment of a reassembled PDU]"
"24294","31.656070288","192.168.1.55","192.168.1.2","TCP","1514","8004  >  35922 [ACK] Seq=388254 Ack=144 Win=65024 Len=1448 TSval=2916035736 TSecr=3045555509 [TCP segment of a reassembled PDU]"
"24295","31.656071696","192.168.1.55","192.168.1.2","TCP","1514","8004  >  35922 [ACK] Seq=389702 Ack=144 Win=65024 Len=1448 TSval=2916035736 TSecr=3045555509 [TCP segment of a reassembled PDU]"
"24296","31.656073196","192.168.1.55","192.168.1.2","TCP","1514","8004  >  35922 [ACK] Seq=391150 Ack=144 Win=65024 Len=1448 TSval=2916035736 TSecr=3045555509 [TCP segment of a reassembled PDU]"
"24297","31.656074622","192.168.1.55","192.168.1.2","TCP","1514","8004  >  35922 [ACK] Seq=392598 Ack=144 Win=65024 Len=1448 TSval=2916035736 TSecr=3045555509 [TCP segment of a reassembled PDU]"
"24298","31.656076066","192.168.1.55","192.168.1.2","TCP","1514","8004  >  35922 [ACK] Seq=394046 Ack=144 Win=65024 Len=1448 TSval=2916035736 TSecr=3045555509 [TCP segment of a reassembled PDU]"
"24299","31.656077677","192.168.1.55","192.168.1.2","TCP","1514","8004  >  35922 [ACK] Seq=395494 Ack=144 Win=65024 Len=1448 TSval=2916035736 TSecr=3045555509 [TCP segment of a reassembled PDU]"
"24300","31.656079048","192.168.1.55","192.168.1.2","TCP","1514","8004  >  35922 [ACK] Seq=396942 Ack=144 Win=65024 Len=1448 TSval=2916035736 TSecr=3045555509 [TCP segment of a reassembled PDU]"
"24301","31.656080566","192.168.1.55","192.168.1.2","TCP","1514","8004  >  35922 [ACK] Seq=398390 Ack=144 Win=65024 Len=1448 TSval=2916035736 TSecr=3045555509 [TCP segment of a reassembled PDU]"
"24302","31.656082066","192.168.1.55","192.168.1.2","TCP","1514","8004  >  35922 [ACK] Seq=399838 Ack=144 Win=65024 Len=1448 TSval=2916035736 TSecr=3045555509 [TCP segment of a reassembled PDU]"
"24303","31.656083659","192.168.1.55","192.168.1.2","TCP","1514","8004  >  35922 [ACK] Seq=401286 Ack=144 Win=65024 Len=1448 TSval=2916035736 TSecr=3045555509 [TCP segment of a reassembled PDU]"
"24304","31.656085307","192.168.1.55","192.168.1.2","TCP","1514","8004  >  35922 [ACK] Seq=402734 Ack=144 Win=65024 Len=1448 TSval=2916035736 TSecr=3045555509 [TCP segment of a reassembled PDU]"
"24305","31.656086733","192.168.1.55","192.168.1.2","TCP","1514","8004  >  35922 [ACK] Seq=404182 Ack=144 Win=65024 Len=1448 TSval=2916035736 TSecr=3045555509 [TCP segment of a reassembled PDU]"
"24306","31.656088251","192.168.1.55","192.168.1.2","TCP","1514","8004  >  35922 [ACK] Seq=405630 Ack=144 Win=65024 Len=1448 TSval=2916035736 TSecr=3045555509 [TCP segment of a reassembled PDU]"
"24307","31.656089677","192.168.1.55","192.168.1.2","TCP","1514","8004  >  35922 [ACK] Seq=407078 Ack=144 Win=65024 Len=1448 TSval=2916035736 TSecr=3045555509 [TCP segment of a reassembled PDU]"
"24308","31.656091251","192.168.1.55","192.168.1.2","TCP","1514","8004  >  35922 [PSH, ACK] Seq=408526 Ack=144 Win=65024 Len=1448 TSval=2916035736 TSecr=3045555509 [TCP segment of a reassembled PDU]"
"24309","31.656149288","192.168.1.2","192.168.1.55","TCP","66","35922  >  8004 [ACK] Seq=144 Ack=323094 Win=135168 Len=0 TSval=3045555509 TSecr=2916035728"
"24310","31.656183844","192.168.1.55","192.168.1.2","TCP","1514","8004  >  35922 [ACK] Seq=409974 Ack=144 Win=65024 Len=1448 TSval=2916035736 TSecr=3045555509 [TCP segment of a reassembled PDU]"
"24311","31.656185937","192.168.1.55","192.168.1.2","TCP","1514","8004  >  35922 [ACK] Seq=411422 Ack=144 Win=65024 Len=1448 TSval=2916035736 TSecr=3045555509 [TCP segment of a reassembled PDU]"
"24312","31.656187270","192.168.1.55","192.168.1.2","TCP","1514","8004  >  35922 [ACK] Seq=412870 Ack=144 Win=65024 Len=1448 TSval=2916035736 TSecr=3045555509 [TCP segment of a reassembled PDU]"
"24313","31.656188900","192.168.1.55","192.168.1.2","TCP","1514","8004  >  35922 [ACK] Seq=414318 Ack=144 Win=65024 Len=1448 TSval=2916035736 TSecr=3045555509 [TCP segment of a reassembled PDU]"
"24314","31.656190233","192.168.1.55","192.168.1.2","TCP","1514","8004  >  35922 [ACK] Seq=415766 Ack=144 Win=65024 Len=1448 TSval=2916035736 TSecr=3045555509 [TCP segment of a reassembled PDU]"
"24315","31.656191548","192.168.1.55","192.168.1.2","TCP","1514","8004  >  35922 [ACK] Seq=417214 Ack=144 Win=65024 Len=1448 TSval=2916035736 TSecr=3045555509 [TCP segment of a reassembled PDU]"
"24316","31.656192974","192.168.1.55","192.168.1.2","TCP","1514","8004  >  35922 [ACK] Seq=418662 Ack=144 Win=65024 Len=1448 TSval=2916035736 TSecr=3045555509 [TCP segment of a reassembled PDU]"
"24317","31.656194400","192.168.1.55","192.168.1.2","TCP","1514","8004  >  35922 [ACK] Seq=420110 Ack=144 Win=65024 Len=1448 TSval=2916035736 TSecr=3045555509 [TCP segment of a reassembled PDU]"
"24318","31.656195751","192.168.1.55","192.168.1.2","TCP","1514","8004  >  35922 [ACK] Seq=421558 Ack=144 Win=65024 Len=1448 TSval=2916035736 TSecr=3045555509 [TCP segment of a reassembled PDU]"
"24319","31.656197122","192.168.1.55","192.168.1.2","TCP","1514","8004  >  35922 [ACK] Seq=423006 Ack=144 Win=65024 Len=1448 TSval=2916035736 TSecr=3045555509 [TCP segment of a reassembled PDU]"
"24320","31.656198511","192.168.1.55","192.168.1.2","TCP","1514","8004  >  35922 [ACK] Seq=424454 Ack=144 Win=65024 Len=1448 TSval=2916035736 TSecr=3045555509 [TCP segment of a reassembled PDU]"
"24321","31.656199992","192.168.1.55","192.168.1.2","TCP","1514","8004  >  35922 [ACK] Seq=425902 Ack=144 Win=65024 Len=1448 TSval=2916035736 TSecr=3045555509 [TCP segment of a reassembled PDU]"
"24322","31.656201344","192.168.1.55","192.168.1.2","TCP","1514","8004  >  35922 [ACK] Seq=427350 Ack=144 Win=65024 Len=1448 TSval=2916035736 TSecr=3045555509 [TCP segment of a reassembled PDU]"
"24323","31.656202789","192.168.1.55","192.168.1.2","TCP","1514","8004  >  35922 [ACK] Seq=428798 Ack=144 Win=65024 Len=1448 TSval=2916035736 TSecr=3045555509 [TCP segment of a reassembled PDU]"
"24324","31.656204103","192.168.1.55","192.168.1.2","TCP","1514","8004  >  35922 [ACK] Seq=430246 Ack=144 Win=65024 Len=1448 TSval=2916035736 TSecr=3045555509 [TCP segment of a reassembled PDU]"
"24325","31.656205400","192.168.1.55","192.168.1.2","TCP","1514","8004  >  35922 [ACK] Seq=431694 Ack=144 Win=65024 Len=1448 TSval=2916035736 TSecr=3045555509 [TCP segment of a reassembled PDU]"
"24326","31.656206900","192.168.1.55","192.168.1.2","TCP","1514","8004  >  35922 [ACK] Seq=433142 Ack=144 Win=65024 Len=1448 TSval=2916035736 TSecr=3045555509 [TCP segment of a reassembled PDU]"
"24327","31.656208196","192.168.1.55","192.168.1.2","TCP","1514","8004  >  35922 [ACK] Seq=434590 Ack=144 Win=65024 Len=1448 TSval=2916035736 TSecr=3045555509 [TCP segment of a reassembled PDU]"
"24328","31.656209511","192.168.1.55","192.168.1.2","TCP","1514","8004  >  35922 [ACK] Seq=436038 Ack=144 Win=65024 Len=1448 TSval=2916035736 TSecr=3045555509 [TCP segment of a reassembled PDU]"
"24329","31.656210918","192.168.1.55","192.168.1.2","TCP","1514","8004  >  35922 [ACK] Seq=437486 Ack=144 Win=65024 Len=1448 TSval=2916035736 TSecr=3045555509 [TCP segment of a reassembled PDU]"
"24330","31.656212252","192.168.1.55","192.168.1.2","TCP","1514","8004  >  35922 [ACK] Seq=438934 Ack=144 Win=65024 Len=1448 TSval=2916035736 TSecr=3045555509 [TCP segment of a reassembled PDU]"
"24331","31.656213659","192.168.1.55","192.168.1.2","TCP","1514","8004  >  35922 [ACK] Seq=440382 Ack=144 Win=65024 Len=1448 TSval=2916035736 TSecr=3045555509 [TCP segment of a reassembled PDU]"
"24332","31.656214974","192.168.1.55","192.168.1.2","TCP","1514","8004  >  35922 [PSH, ACK] Seq=441830 Ack=144 Win=65024 Len=1448 TSval=2916035736 TSecr=3045555509 [TCP segment of a reassembled PDU]"
"24333","31.656220214","192.168.1.2","192.168.1.55","TCP","66","35922  >  8004 [ACK] Seq=144 Ack=333230 Win=158720 Len=0 TSval=3045555510 TSecr=2916035728"
"24334","31.657422679","192.168.1.55","192.168.1.2","TCP","1514","8004  >  35922 [ACK] Seq=443278 Ack=144 Win=65024 Len=1448 TSval=2916035738 TSecr=3045555510 [TCP segment of a reassembled PDU]"
"24335","31.657425605","192.168.1.55","192.168.1.2","TCP","1514","8004  >  35922 [ACK] Seq=444726 Ack=144 Win=65024 Len=1448 TSval=2916035738 TSecr=3045555510 [TCP segment of a reassembled PDU]"
"24336","31.657426994","192.168.1.55","192.168.1.2","TCP","1514","8004  >  35922 [ACK] Seq=446174 Ack=144 Win=65024 Len=1448 TSval=2916035738 TSecr=3045555510 [TCP segment of a reassembled PDU]"
"24337","31.657428494","192.168.1.55","192.168.1.2","TCP","1514","8004  >  35922 [ACK] Seq=447622 Ack=144 Win=65024 Len=1448 TSval=2916035738 TSecr=3045555510 [TCP segment of a reassembled PDU]"
"24338","31.657429772","192.168.1.55","192.168.1.2","TCP","1514","8004  >  35922 [ACK] Seq=449070 Ack=144 Win=65024 Len=1448 TSval=2916035738 TSecr=3045555510 [TCP segment of a reassembled PDU]"
"24339","31.657431050","192.168.1.55","192.168.1.2","TCP","1514","8004  >  35922 [ACK] Seq=450518 Ack=144 Win=65024 Len=1448 TSval=2916035738 TSecr=3045555510 [TCP segment of a reassembled PDU]"
"24340","31.657432605","192.168.1.55","192.168.1.2","TCP","1514","8004  >  35922 [ACK] Seq=451966 Ack=144 Win=65024 Len=1448 TSval=2916035738 TSecr=3045555510 [TCP segment of a reassembled PDU]"
"24341","31.657433865","192.168.1.55","192.168.1.2","TCP","1514","8004  >  35922 [ACK] Seq=453414 Ack=144 Win=65024 Len=1448 TSval=2916035738 TSecr=3045555510 [TCP segment of a reassembled PDU]"
"24342","31.657435198","192.168.1.55","192.168.1.2","TCP","1514","8004  >  35922 [ACK] Seq=454862 Ack=144 Win=65024 Len=1448 TSval=2916035738 TSecr=3045555510 [TCP segment of a reassembled PDU]"
"24343","31.657436587","192.168.1.55","192.168.1.2","TCP","1514","8004  >  35922 [ACK] Seq=456310 Ack=144 Win=65024 Len=1448 TSval=2916035738 TSecr=3045555510 [TCP segment of a reassembled PDU]"
"24344","31.657438365","192.168.1.55","192.168.1.2","TCP","1514","8004  >  35922 [ACK] Seq=457758 Ack=144 Win=65024 Len=1448 TSval=2916035738 TSecr=3045555510 [TCP segment of a reassembled PDU]"
"24345","31.657440161","192.168.1.55","192.168.1.2","TCP","1514","8004  >  35922 [ACK] Seq=459206 Ack=144 Win=65024 Len=1448 TSval=2916035738 TSecr=3045555510 [TCP segment of a reassembled PDU]"
"24346","31.657441439","192.168.1.55","192.168.1.2","TCP","1514","8004  >  35922 [ACK] Seq=460654 Ack=144 Win=65024 Len=1448 TSval=2916035738 TSecr=3045555510 [TCP segment of a reassembled PDU]"
"24347","31.657442735","192.168.1.55","192.168.1.2","TCP","1514","8004  >  35922 [ACK] Seq=462102 Ack=144 Win=65024 Len=1448 TSval=2916035738 TSecr=3045555510 [TCP segment of a reassembled PDU]"
"24348","31.657444105","192.168.1.55","192.168.1.2","TCP","1514","8004  >  35922 [ACK] Seq=463550 Ack=144 Win=65024 Len=1448 TSval=2916035738 TSecr=3045555510 [TCP segment of a reassembled PDU]"
"24349","31.657445402","192.168.1.55","192.168.1.2","TCP","1514","8004  >  35922 [ACK] Seq=464998 Ack=144 Win=65024 Len=1448 TSval=2916035738 TSecr=3045555510 [TCP segment of a reassembled PDU]"
"24350","31.657446920","192.168.1.55","192.168.1.2","TCP","1514","8004  >  35922 [ACK] Seq=466446 Ack=144 Win=65024 Len=1448 TSval=2916035738 TSecr=3045555510 [TCP segment of a reassembled PDU]"
"24351","31.657448198","192.168.1.55","192.168.1.2","TCP","1514","8004  >  35922 [ACK] Seq=467894 Ack=144 Win=65024 Len=1448 TSval=2916035738 TSecr=3045555510 [TCP segment of a reassembled PDU]"
"24352","31.657449716","192.168.1.55","192.168.1.2","TCP","1514","8004  >  35922 [ACK] Seq=469342 Ack=144 Win=65024 Len=1448 TSval=2916035738 TSecr=3045555510 [TCP segment of a reassembled PDU]"
"24353","31.657451383","192.168.1.55","192.168.1.2","TCP","1514","8004  >  35922 [ACK] Seq=470790 Ack=144 Win=65024 Len=1448 TSval=2916035738 TSecr=3045555510 [TCP segment of a reassembled PDU]"
"24354","31.657452828","192.168.1.55","192.168.1.2","TCP","1514","8004  >  35922 [ACK] Seq=472238 Ack=144 Win=65024 Len=1448 TSval=2916035738 TSecr=3045555510 [TCP segment of a reassembled PDU]"
"24355","31.657462679","192.168.1.55","192.168.1.2","TCP","1514","8004  >  35922 [ACK] Seq=473686 Ack=144 Win=65024 Len=1448 TSval=2916035738 TSecr=3045555510 [TCP segment of a reassembled PDU]"
"24356","31.657463976","192.168.1.55","192.168.1.2","TCP","1514","8004  >  35922 [PSH, ACK] Seq=475134 Ack=144 Win=65024 Len=1448 TSval=2916035738 TSecr=3045555510 [TCP segment of a reassembled PDU]"
"24357","31.657481087","192.168.1.55","192.168.1.2","TCP","1514","8004  >  35922 [ACK] Seq=476582 Ack=144 Win=65024 Len=1448 TSval=2916035738 TSecr=3045555510 [TCP segment of a reassembled PDU]"
"24358","31.657482865","192.168.1.55","192.168.1.2","TCP","1514","8004  >  35922 [ACK] Seq=478030 Ack=144 Win=65024 Len=1448 TSval=2916035738 TSecr=3045555510 [TCP segment of a reassembled PDU]"
"24359","31.657484605","192.168.1.55","192.168.1.2","TCP","1514","8004  >  35922 [ACK] Seq=479478 Ack=144 Win=65024 Len=1448 TSval=2916035738 TSecr=3045555510 [TCP segment of a reassembled PDU]"
"24360","31.657485976","192.168.1.55","192.168.1.2","TCP","1514","8004  >  35922 [ACK] Seq=480926 Ack=144 Win=65024 Len=1448 TSval=2916035738 TSecr=3045555510 [TCP segment of a reassembled PDU]"
"24361","31.657487254","192.168.1.55","192.168.1.2","TCP","1514","8004  >  35922 [ACK] Seq=482374 Ack=144 Win=65024 Len=1448 TSval=2916035738 TSecr=3045555510 [TCP segment of a reassembled PDU]"
"24362","31.657488605","192.168.1.55","192.168.1.2","TCP","1514","8004  >  35922 [ACK] Seq=483822 Ack=144 Win=65024 Len=1448 TSval=2916035738 TSecr=3045555510 [TCP segment of a reassembled PDU]"
"24363","31.657490013","192.168.1.55","192.168.1.2","TCP","1514","8004  >  35922 [ACK] Seq=485270 Ack=144 Win=65024 Len=1448 TSval=2916035738 TSecr=3045555510 [TCP segment of a reassembled PDU]"
"24364","31.657491254","192.168.1.55","192.168.1.2","TCP","1514","8004  >  35922 [ACK] Seq=486718 Ack=144 Win=65024 Len=1448 TSval=2916035738 TSecr=3045555510 [TCP segment of a reassembled PDU]"
"24365","31.657492550","192.168.1.55","192.168.1.2","TCP","1514","8004  >  35922 [ACK] Seq=488166 Ack=144 Win=65024 Len=1448 TSval=2916035738 TSecr=3045555510 [TCP segment of a reassembled PDU]"
"24366","31.657493828","192.168.1.55","192.168.1.2","TCP","1514","8004  >  35922 [ACK] Seq=489614 Ack=144 Win=65024 Len=1448 TSval=2916035738 TSecr=3045555510 [TCP segment of a reassembled PDU]"
"24367","31.657495179","192.168.1.55","192.168.1.2","TCP","954","[TCP Window Full] 8004  >  35922 [PSH, ACK] Seq=491062 Ack=144 Win=65024 Len=888 TSval=2916035738 TSecr=3045555510 [TCP segment of a reassembled PDU]"
"24368","31.668369567","192.168.1.2","192.168.1.55","TCP","66","35922  >  8004 [ACK] Seq=144 Ack=343366 Win=158720 Len=0 TSval=3045555518 TSecr=2916035736"
"24369","31.668401160","192.168.1.55","192.168.1.2","TCP","1514","8004  >  35922 [ACK] Seq=491950 Ack=144 Win=65024 Len=1448 TSval=2916035749 TSecr=3045555518 [TCP segment of a reassembled PDU]"
"24370","31.668405271","192.168.1.55","192.168.1.2","TCP","1514","8004  >  35922 [ACK] Seq=493398 Ack=144 Win=65024 Len=1448 TSval=2916035749 TSecr=3045555518 [TCP segment of a reassembled PDU]"
"24371","31.668406660","192.168.1.55","192.168.1.2","TCP","1514","8004  >  35922 [ACK] Seq=494846 Ack=144 Win=65024 Len=1448 TSval=2916035749 TSecr=3045555518 [TCP segment of a reassembled PDU]"
"24372","31.668408104","192.168.1.55","192.168.1.2","TCP","1514","8004  >  35922 [PSH, ACK] Seq=496294 Ack=144 Win=65024 Len=1448 TSval=2916035749 TSecr=3045555518 [TCP segment of a reassembled PDU]"
"24373","31.668414900","192.168.1.55","192.168.1.2","HTTP","782","HTTP/1.0 200 OK  (PNG)"
"24374","31.668501234","192.168.1.2","192.168.1.55","TCP","66","35922  >  8004 [ACK] Seq=144 Ack=363638 Win=153600 Len=0 TSval=3045555518 TSecr=2916035736"
"24375","31.668510215","192.168.1.2","192.168.1.55","TCP","66","35922  >  8004 [ACK] Seq=144 Ack=372326 Win=161792 Len=0 TSval=3045555519 TSecr=2916035736"
"24376","31.669347161","192.168.1.2","192.168.1.55","TCP","66","35922  >  8004 [ACK] Seq=144 Ack=376670 Win=163840 Len=0 TSval=3045555524 TSecr=2916035736"
"24377","31.669529643","192.168.1.2","192.168.1.55","TCP","66","35922  >  8004 [ACK] Seq=144 Ack=381014 Win=163840 Len=0 TSval=3045555524 TSecr=2916035736"
"24378","31.669536161","192.168.1.2","192.168.1.55","TCP","66","35922  >  8004 [ACK] Seq=144 Ack=409974 Win=147456 Len=0 TSval=3045555524 TSecr=2916035736"
"24379","31.669542458","192.168.1.2","192.168.1.55","TCP","66","35922  >  8004 [ACK] Seq=144 Ack=443278 Win=123904 Len=0 TSval=3045555524 TSecr=2916035736"
"24380","31.669548958","192.168.1.2","192.168.1.55","TCP","66","35922  >  8004 [ACK] Seq=144 Ack=476582 Win=100352 Len=0 TSval=3045555524 TSecr=2916035738"
"24381","31.669661069","192.168.1.2","192.168.1.55","TCP","66","35922  >  8004 [ACK] Seq=144 Ack=485270 Win=114688 Len=0 TSval=3045555524 TSecr=2916035738"
"24382","31.669667551","192.168.1.2","192.168.1.55","TCP","66","35922  >  8004 [ACK] Seq=144 Ack=491950 Win=160768 Len=0 TSval=3045555525 TSecr=2916035738"
"24383","31.670550570","192.168.1.2","192.168.1.55","TCP","66","35922  >  8004 [ACK] Seq=144 Ack=493398 Win=164864 Len=0 TSval=3045555526 TSecr=2916035749"
"24384","31.671982351","192.168.1.2","192.168.1.55","TCP","66","35922  >  8004 [ACK] Seq=144 Ack=496294 Win=164864 Len=0 TSval=3045555527 TSecr=2916035749"
"24385","31.672089147","192.168.1.2","192.168.1.55","TCP","66","35922  >  8004 [ACK] Seq=144 Ack=497742 Win=164864 Len=0 TSval=3045555527 TSecr=2916035749"
"24386","31.673998669","192.168.1.2","192.168.1.55","TCP","66","35922  >  8004 [FIN, ACK] Seq=144 Ack=498459 Win=164864 Len=0 TSval=3045555528 TSecr=2916035749"
"24387","31.674009965","192.168.1.55","192.168.1.2","TCP","66","8004  >  35922 [ACK] Seq=498459 Ack=145 Win=65024 Len=0 TSval=2916035754 TSecr=3045555528"
"24388","31.674124298","192.168.1.2","192.168.1.55","TCP","74","35924  >  8004 [SYN] Seq=0 Win=64240 Len=0 MSS=1460 SACK_PERM TSval=3045555529 TSecr=0 WS=1024"
"24389","31.674148502","192.168.1.55","192.168.1.2","TCP","74","8004  >  35924 [SYN, ACK] Seq=0 Ack=1 Win=65160 Len=0 MSS=1460 SACK_PERM TSval=2916035754 TSecr=3045555529 WS=128"
"24390","31.677473878","192.168.1.2","192.168.1.55","TCP","66","35924  >  8004 [ACK] Seq=1 Ack=1 Win=64512 Len=0 TSval=3045555532 TSecr=2916035754"
"24391","31.680689309","192.168.1.2","192.168.1.55","HTTP","206","GET /stego_benchmark.png HTTP/1.1 "
"24392","31.680700661","192.168.1.55","192.168.1.2","TCP","66","8004  >  35924 [ACK] Seq=1 Ack=141 Win=65024 Len=0 TSval=2916035761 TSecr=3045555532"
"24393","31.681182865","192.168.1.55","192.168.1.2","TCP","255","8004  >  35924 [PSH, ACK] Seq=1 Ack=141 Win=65024 Len=189 TSval=2916035761 TSecr=3045555532 [TCP segment of a reassembled PDU]"
"24394","31.681264199","192.168.1.55","192.168.1.2","TCP","1514","8004  >  35924 [ACK] Seq=190 Ack=141 Win=65024 Len=1448 TSval=2916035761 TSecr=3045555532 [TCP segment of a reassembled PDU]"
"24395","31.681270587","192.168.1.55","192.168.1.2","TCP","1514","8004  >  35924 [ACK] Seq=1638 Ack=141 Win=65024 Len=1448 TSval=2916035761 TSecr=3045555532 [TCP segment of a reassembled PDU]"
"24396","31.681272050","192.168.1.55","192.168.1.2","TCP","1514","8004  >  35924 [ACK] Seq=3086 Ack=141 Win=65024 Len=1448 TSval=2916035761 TSecr=3045555532 [TCP segment of a reassembled PDU]"
"24397","31.681273476","192.168.1.55","192.168.1.2","TCP","1514","8004  >  35924 [ACK] Seq=4534 Ack=141 Win=65024 Len=1448 TSval=2916035761 TSecr=3045555532 [TCP segment of a reassembled PDU]"
"24398","31.681275476","192.168.1.55","192.168.1.2","TCP","1514","8004  >  35924 [PSH, ACK] Seq=5982 Ack=141 Win=65024 Len=1448 TSval=2916035761 TSecr=3045555532 [TCP segment of a reassembled PDU]"
"24399","31.681303680","192.168.1.55","192.168.1.2","TCP","1514","8004  >  35924 [ACK] Seq=7430 Ack=141 Win=65024 Len=1448 TSval=2916035761 TSecr=3045555532 [TCP segment of a reassembled PDU]"
"24400","31.681305939","192.168.1.55","192.168.1.2","TCP","1514","8004  >  35924 [ACK] Seq=8878 Ack=141 Win=65024 Len=1448 TSval=2916035761 TSecr=3045555532 [TCP segment of a reassembled PDU]"
"24401","31.681307495","192.168.1.55","192.168.1.2","TCP","1514","8004  >  35924 [ACK] Seq=10326 Ack=141 Win=65024 Len=1448 TSval=2916035761 TSecr=3045555532 [TCP segment of a reassembled PDU]"
"24402","31.681308921","192.168.1.55","192.168.1.2","TCP","1514","8004  >  35924 [PSH, ACK] Seq=11774 Ack=141 Win=65024 Len=1448 TSval=2916035761 TSecr=3045555532 [TCP segment of a reassembled PDU]"
"24403","31.684589982","192.168.1.2","192.168.1.55","TCP","66","35924  >  8004 [ACK] Seq=141 Ack=190 Win=64512 Len=0 TSval=3045555539 TSecr=2916035761"
"24404","31.684633833","192.168.1.55","192.168.1.2","TCP","1514","8004  >  35924 [ACK] Seq=13222 Ack=141 Win=65024 Len=1448 TSval=2916035765 TSecr=3045555539 [TCP segment of a reassembled PDU]"
"24405","31.684637630","192.168.1.55","192.168.1.2","TCP","1514","8004  >  35924 [PSH, ACK] Seq=14670 Ack=141 Win=65024 Len=1448 TSval=2916035765 TSecr=3045555539 [TCP segment of a reassembled PDU]"
"24406","31.684671556","192.168.1.2","192.168.1.55","TCP","66","35924  >  8004 [ACK] Seq=141 Ack=5982 Win=76800 Len=0 TSval=3045555539 TSecr=2916035761"
"24407","31.684694019","192.168.1.55","192.168.1.2","TCP","1514","8004  >  35924 [ACK] Seq=16118 Ack=141 Win=65024 Len=1448 TSval=2916035765 TSecr=3045555539 [TCP segment of a reassembled PDU]"
"24408","31.684696334","192.168.1.55","192.168.1.2","TCP","1514","8004  >  35924 [ACK] Seq=17566 Ack=141 Win=65024 Len=1448 TSval=2916035765 TSecr=3045555539 [TCP segment of a reassembled PDU]"
"24409","31.684697797","192.168.1.55","192.168.1.2","TCP","1514","8004  >  35924 [ACK] Seq=19014 Ack=141 Win=65024 Len=1448 TSval=2916035765 TSecr=3045555539 [TCP segment of a reassembled PDU]"
"24410","31.684699519","192.168.1.55","192.168.1.2","TCP","1514","8004  >  35924 [ACK] Seq=20462 Ack=141 Win=65024 Len=1448 TSval=2916035765 TSecr=3045555539 [TCP segment of a reassembled PDU]"
"24411","31.684700908","192.168.1.55","192.168.1.2","TCP","1514","8004  >  35924 [ACK] Seq=21910 Ack=141 Win=65024 Len=1448 TSval=2916035765 TSecr=3045555539 [TCP segment of a reassembled PDU]"
"24412","31.684702426","192.168.1.55","192.168.1.2","TCP","1514","8004  >  35924 [ACK] Seq=23358 Ack=141 Win=65024 Len=1448 TSval=2916035765 TSecr=3045555539 [TCP segment of a reassembled PDU]"
"24413","31.684703815","192.168.1.55","192.168.1.2","TCP","1514","8004  >  35924 [PSH, ACK] Seq=24806 Ack=141 Win=65024 Len=1448 TSval=2916035765 TSecr=3045555539 [TCP segment of a reassembled PDU]"
"24414","31.690523324","192.168.1.2","192.168.1.55","TCP","66","35924  >  8004 [ACK] Seq=141 Ack=7430 Win=79872 Len=0 TSval=3045555540 TSecr=2916035761"
"24415","31.690576547","192.168.1.55","192.168.1.2","TCP","1514","8004  >  35924 [ACK] Seq=26254 Ack=141 Win=65024 Len=1448 TSval=2916035771 TSecr=3045555540 [TCP segment of a reassembled PDU]"
"24416","31.690580898","192.168.1.55","192.168.1.2","TCP","1514","8004  >  35924 [ACK] Seq=27702 Ack=141 Win=65024 Len=1448 TSval=2916035771 TSecr=3045555540 [TCP segment of a reassembled PDU]"
"24417","31.690582287","192.168.1.55","192.168.1.2","TCP","1514","8004  >  35924 [PSH, ACK] Seq=29150 Ack=141 Win=65024 Len=1448 TSval=2916035771 TSecr=3045555540 [TCP segment of a reassembled PDU]"
"24418","31.690611954","192.168.1.2","192.168.1.55","TCP","66","35924  >  8004 [ACK] Seq=141 Ack=13222 Win=80896 Len=0 TSval=3045555540 TSecr=2916035761"
"24419","31.690639954","192.168.1.55","192.168.1.2","TCP","1514","8004  >  35924 [ACK] Seq=30598 Ack=141 Win=65024 Len=1448 TSval=2916035771 TSecr=3045555540 [TCP segment of a reassembled PDU]"
"24420","31.690642084","192.168.1.55","192.168.1.2","TCP","1514","8004  >  35924 [ACK] Seq=32046 Ack=141 Win=65024 Len=1448 TSval=2916035771 TSecr=3045555540 [TCP segment of a reassembled PDU]"
"24421","31.690643510","192.168.1.55","192.168.1.2","TCP","1514","8004  >  35924 [ACK] Seq=33494 Ack=141 Win=65024 Len=1448 TSval=2916035771 TSecr=3045555540 [TCP segment of a reassembled PDU]"
"24422","31.690644769","192.168.1.55","192.168.1.2","TCP","1514","8004  >  35924 [ACK] Seq=34942 Ack=141 Win=65024 Len=1448 TSval=2916035771 TSecr=3045555540 [TCP segment of a reassembled PDU]"
"24423","31.690645954","192.168.1.55","192.168.1.2","TCP","1514","8004  >  35924 [ACK] Seq=36390 Ack=141 Win=65024 Len=1448 TSval=2916035771 TSecr=3045555540 [TCP segment of a reassembled PDU]"
"24424","31.690647195","192.168.1.55","192.168.1.2","TCP","1514","8004  >  35924 [ACK] Seq=37838 Ack=141 Win=65024 Len=1448 TSval=2916035771 TSecr=3045555540 [TCP segment of a reassembled PDU]"
"24425","31.690648380","192.168.1.55","192.168.1.2","TCP","1514","8004  >  35924 [ACK] Seq=39286 Ack=141 Win=65024 Len=1448 TSval=2916035771 TSecr=3045555540 [TCP segment of a reassembled PDU]"
"24426","31.690649676","192.168.1.55","192.168.1.2","TCP","1514","8004  >  35924 [PSH, ACK] Seq=40734 Ack=141 Win=65024 Len=1448 TSval=2916035771 TSecr=3045555540 [TCP segment of a reassembled PDU]"
"24427","31.692510124","192.168.1.2","192.168.1.55","TCP","66","35924  >  8004 [ACK] Seq=141 Ack=16118 Win=87040 Len=0 TSval=3045555546 TSecr=2916035765"
"24428","31.692521809","192.168.1.55","192.168.1.2","TCP","1514","8004  >  35924 [ACK] Seq=42182 Ack=141 Win=65024 Len=1448 TSval=2916035773 TSecr=3045555546 [TCP segment of a reassembled PDU]"
"24429","31.692524235","192.168.1.55","192.168.1.2","TCP","1514","8004  >  35924 [PSH, ACK] Seq=43630 Ack=141 Win=65024 Len=1448 TSval=2916035773 TSecr=3045555546 [TCP segment of a reassembled PDU]"
"24430","31.693815700","192.168.1.2","192.168.1.55","TCP","66","35924  >  8004 [ACK] Seq=141 Ack=26254 Win=81920 Len=0 TSval=3045555547 TSecr=2916035765"
"24431","31.693849126","192.168.1.55","192.168.1.2","TCP","1514","8004  >  35924 [ACK] Seq=45078 Ack=141 Win=65024 Len=1448 TSval=2916035774 TSecr=3045555547 [TCP segment of a reassembled PDU]"
"24432","31.693852089","192.168.1.55","192.168.1.2","TCP","1514","8004  >  35924 [ACK] Seq=46526 Ack=141 Win=65024 Len=1448 TSval=2916035774 TSecr=3045555547 [TCP segment of a reassembled PDU]"
"24433","31.693853404","192.168.1.55","192.168.1.2","TCP","1514","8004  >  35924 [ACK] Seq=47974 Ack=141 Win=65024 Len=1448 TSval=2916035774 TSecr=3045555547 [TCP segment of a reassembled PDU]"
"24434","31.693855052","192.168.1.55","192.168.1.2","TCP","1514","8004  >  35924 [ACK] Seq=49422 Ack=141 Win=65024 Len=1448 TSval=2916035774 TSecr=3045555547 [TCP segment of a reassembled PDU]"
"24435","31.693856367","192.168.1.55","192.168.1.2","TCP","1514","8004  >  35924 [ACK] Seq=50870 Ack=141 Win=65024 Len=1448 TSval=2916035774 TSecr=3045555547 [TCP segment of a reassembled PDU]"
"24436","31.693857718","192.168.1.55","192.168.1.2","TCP","1514","8004  >  35924 [ACK] Seq=52318 Ack=141 Win=65024 Len=1448 TSval=2916035774 TSecr=3045555547 [TCP segment of a reassembled PDU]"
"24437","31.693859200","192.168.1.55","192.168.1.2","TCP","1514","8004  >  35924 [ACK] Seq=53766 Ack=141 Win=65024 Len=1448 TSval=2916035774 TSecr=3045555547 [TCP segment of a reassembled PDU]"
"24438","31.693861144","192.168.1.55","192.168.1.2","TCP","1514","8004  >  35924 [ACK] Seq=55214 Ack=141 Win=65024 Len=1448 TSval=2916035774 TSecr=3045555547 [TCP segment of a reassembled PDU]"
"24439","31.693863089","192.168.1.55","192.168.1.2","TCP","1514","8004  >  35924 [ACK] Seq=56662 Ack=141 Win=65024 Len=1448 TSval=2916035774 TSecr=3045555547 [TCP segment of a reassembled PDU]"
"24440","31.693864348","192.168.1.55","192.168.1.2","TCP","1514","8004  >  35924 [ACK] Seq=58110 Ack=141 Win=65024 Len=1448 TSval=2916035774 TSecr=3045555547 [TCP segment of a reassembled PDU]"
"24441","31.693865755","192.168.1.55","192.168.1.2","TCP","1514","8004  >  35924 [ACK] Seq=59558 Ack=141 Win=65024 Len=1448 TSval=2916035774 TSecr=3045555547 [TCP segment of a reassembled PDU]"
"24442","31.693874774","192.168.1.55","192.168.1.2","TCP","1514","8004  >  35924 [ACK] Seq=61006 Ack=141 Win=65024 Len=1448 TSval=2916035774 TSecr=3045555547 [TCP segment of a reassembled PDU]"
"24443","31.693876644","192.168.1.55","192.168.1.2","TCP","1514","8004  >  35924 [ACK] Seq=62454 Ack=141 Win=65024 Len=1448 TSval=2916035774 TSecr=3045555547 [TCP segment of a reassembled PDU]"
"24444","31.693878274","192.168.1.55","192.168.1.2","TCP","1514","8004  >  35924 [PSH, ACK] Seq=63902 Ack=141 Win=65024 Len=1448 TSval=2916035774 TSecr=3045555547 [TCP segment of a reassembled PDU]"
"24445","31.696880260","192.168.1.2","192.168.1.55","TCP","66","35924  >  8004 [ACK] Seq=141 Ack=30598 Win=91136 Len=0 TSval=3045555549 TSecr=2916035771"
"24446","31.696939057","192.168.1.55","192.168.1.2","TCP","1514","8004  >  35924 [ACK] Seq=65350 Ack=141 Win=65024 Len=1448 TSval=2916035777 TSecr=3045555549 [TCP segment of a reassembled PDU]"
"24447","31.696944575","192.168.1.55","192.168.1.2","TCP","1514","8004  >  35924 [ACK] Seq=66798 Ack=141 Win=65024 Len=1448 TSval=2916035777 TSecr=3045555549 [TCP segment of a reassembled PDU]"
"24448","31.696945909","192.168.1.55","192.168.1.2","TCP","1514","8004  >  35924 [ACK] Seq=68246 Ack=141 Win=65024 Len=1448 TSval=2916035777 TSecr=3045555549 [TCP segment of a reassembled PDU]"
"24449","31.696947205","192.168.1.55","192.168.1.2","TCP","1514","8004  >  35924 [ACK] Seq=69694 Ack=141 Win=65024 Len=1448 TSval=2916035777 TSecr=3045555549 [TCP segment of a reassembled PDU]"
"24450","31.696948409","192.168.1.55","192.168.1.2","TCP","1514","8004  >  35924 [ACK] Seq=71142 Ack=141 Win=65024 Len=1448 TSval=2916035777 TSecr=3045555549 [TCP segment of a reassembled PDU]"
"24451","31.696949946","192.168.1.55","192.168.1.2","TCP","1514","8004  >  35924 [ACK] Seq=72590 Ack=141 Win=65024 Len=1448 TSval=2916035777 TSecr=3045555549 [TCP segment of a reassembled PDU]"
"24452","31.696951242","192.168.1.55","192.168.1.2","TCP","1514","8004  >  35924 [ACK] Seq=74038 Ack=141 Win=65024 Len=1448 TSval=2916035777 TSecr=3045555549 [TCP segment of a reassembled PDU]"
"24453","31.696952520","192.168.1.55","192.168.1.2","TCP","1514","8004  >  35924 [PSH, ACK] Seq=75486 Ack=141 Win=65024 Len=1448 TSval=2916035777 TSecr=3045555549 [TCP segment of a reassembled PDU]"
"24454","31.697028723","192.168.1.2","192.168.1.55","TCP","66","35924  >  8004 [ACK] Seq=141 Ack=40734 Win=86016 Len=0 TSval=3045555550 TSecr=2916035771"
"24455","31.697063112","192.168.1.55","192.168.1.2","TCP","1514","8004  >  35924 [ACK] Seq=76934 Ack=141 Win=65024 Len=1448 TSval=2916035777 TSecr=3045555550 [TCP segment of a reassembled PDU]"
"24456","31.697069446","192.168.1.55","192.168.1.2","TCP","1514","8004  >  35924 [ACK] Seq=78382 Ack=141 Win=65024 Len=1448 TSval=2916035777 TSecr=3045555550 [TCP segment of a reassembled PDU]"
"24457","31.697070835","192.168.1.55","192.168.1.2","TCP","1514","8004  >  35924 [ACK] Seq=79830 Ack=141 Win=65024 Len=1448 TSval=2916035777 TSecr=3045555550 [TCP segment of a reassembled PDU]"
"24458","31.697072075","192.168.1.55","192.168.1.2","TCP","1514","8004  >  35924 [ACK] Seq=81278 Ack=141 Win=65024 Len=1448 TSval=2916035777 TSecr=3045555550 [TCP segment of a reassembled PDU]"
"24459","31.697073353","192.168.1.55","192.168.1.2","TCP","1514","8004  >  35924 [ACK] Seq=82726 Ack=141 Win=65024 Len=1448 TSval=2916035777 TSecr=3045555550 [TCP segment of a reassembled PDU]"
"24460","31.697074686","192.168.1.55","192.168.1.2","TCP","1514","8004  >  35924 [ACK] Seq=84174 Ack=141 Win=65024 Len=1448 TSval=2916035777 TSecr=3045555550 [TCP segment of a reassembled PDU]"
"24461","31.697077186","192.168.1.55","192.168.1.2","TCP","1514","8004  >  35924 [ACK] Seq=85622 Ack=141 Win=65024 Len=1448 TSval=2916035777 TSecr=3045555550 [TCP segment of a reassembled PDU]"
"24462","31.697078816","192.168.1.55","192.168.1.2","TCP","1514","8004  >  35924 [ACK] Seq=87070 Ack=141 Win=65024 Len=1448 TSval=2916035777 TSecr=3045555550 [TCP segment of a reassembled PDU]"
"24463","31.697081427","192.168.1.55","192.168.1.2","TCP","1514","8004  >  35924 [ACK] Seq=88518 Ack=141 Win=65024 Len=1448 TSval=2916035777 TSecr=3045555550 [TCP segment of a reassembled PDU]"
"24464","31.697083705","192.168.1.55","192.168.1.2","TCP","1514","8004  >  35924 [ACK] Seq=89966 Ack=141 Win=65024 Len=1448 TSval=2916035777 TSecr=3045555550 [TCP segment of a reassembled PDU]"
"24465","31.697085964","192.168.1.55","192.168.1.2","TCP","1514","8004  >  35924 [ACK] Seq=91414 Ack=141 Win=65024 Len=1448 TSval=2916035777 TSecr=3045555550 [TCP segment of a reassembled PDU]"
"24466","31.697087168","192.168.1.55","192.168.1.2","TCP","1514","8004  >  35924 [ACK] Seq=92862 Ack=141 Win=65024 Len=1448 TSval=2916035777 TSecr=3045555550 [TCP segment of a reassembled PDU]"
"24467","31.697088631","192.168.1.55","192.168.1.2","TCP","1514","8004  >  35924 [ACK] Seq=94310 Ack=141 Win=65024 Len=1448 TSval=2916035777 TSecr=3045555550 [TCP segment of a reassembled PDU]"
"24468","31.697089872","192.168.1.55","192.168.1.2","TCP","1514","8004  >  35924 [PSH, ACK] Seq=95758 Ack=141 Win=65024 Len=1448 TSval=2916035777 TSecr=3045555550 [TCP segment of a reassembled PDU]"
"24469","31.697095501","192.168.1.2","192.168.1.55","TCP","66","35924  >  8004 [ACK] Seq=141 Ack=42182 Win=92160 Len=0 TSval=3045555550 TSecr=2916035771"
"24470","31.697106520","192.168.1.2","192.168.1.55","TCP","66","35924  >  8004 [ACK] Seq=141 Ack=45078 Win=93184 Len=0 TSval=3045555550 TSecr=2916035773"
"24471","31.700059913","192.168.1.2","192.168.1.55","TCP","66","35924  >  8004 [ACK] Seq=141 Ack=59558 Win=78848 Len=0 TSval=3045555552 TSecr=2916035774"
"24472","31.700093951","192.168.1.55","192.168.1.2","TCP","1514","8004  >  35924 [ACK] Seq=97206 Ack=141 Win=65024 Len=1448 TSval=2916035780 TSecr=3045555552 [TCP segment of a reassembled PDU]"
"24473","31.700096765","192.168.1.55","192.168.1.2","TCP","1514","8004  >  35924 [ACK] Seq=98654 Ack=141 Win=65024 Len=1448 TSval=2916035780 TSecr=3045555552 [TCP segment of a reassembled PDU]"
"24474","31.700097969","192.168.1.55","192.168.1.2","TCP","1514","8004  >  35924 [ACK] Seq=100102 Ack=141 Win=65024 Len=1448 TSval=2916035780 TSecr=3045555552 [TCP segment of a reassembled PDU]"
"24475","31.700099154","192.168.1.55","192.168.1.2","TCP","1514","8004  >  35924 [ACK] Seq=101550 Ack=141 Win=65024 Len=1448 TSval=2916035780 TSecr=3045555552 [TCP segment of a reassembled PDU]"
"24476","31.700100358","192.168.1.55","192.168.1.2","TCP","1514","8004  >  35924 [ACK] Seq=102998 Ack=141 Win=65024 Len=1448 TSval=2916035780 TSecr=3045555552 [TCP segment of a reassembled PDU]"
"24477","31.700101673","192.168.1.55","192.168.1.2","TCP","1514","8004  >  35924 [ACK] Seq=104446 Ack=141 Win=65024 Len=1448 TSval=2916035780 TSecr=3045555552 [TCP segment of a reassembled PDU]"
"24478","31.700102765","192.168.1.55","192.168.1.2","TCP","1514","8004  >  35924 [ACK] Seq=105894 Ack=141 Win=65024 Len=1448 TSval=2916035780 TSecr=3045555552 [TCP segment of a reassembled PDU]"
"24479","31.700103969","192.168.1.55","192.168.1.2","TCP","1514","8004  >  35924 [ACK] Seq=107342 Ack=141 Win=65024 Len=1448 TSval=2916035780 TSecr=3045555552 [TCP segment of a reassembled PDU]"
"24480","31.700105339","192.168.1.55","192.168.1.2","TCP","1514","8004  >  35924 [ACK] Seq=108790 Ack=141 Win=65024 Len=1448 TSval=2916035780 TSecr=3045555552 [TCP segment of a reassembled PDU]"
"24481","31.700106802","192.168.1.55","192.168.1.2","TCP","1514","8004  >  35924 [ACK] Seq=110238 Ack=141 Win=65024 Len=1448 TSval=2916035780 TSecr=3045555552 [TCP segment of a reassembled PDU]"
"24482","31.700108043","192.168.1.55","192.168.1.2","TCP","1514","8004  >  35924 [ACK] Seq=111686 Ack=141 Win=65024 Len=1448 TSval=2916035780 TSecr=3045555552 [TCP segment of a reassembled PDU]"
"24483","31.700109136","192.168.1.55","192.168.1.2","TCP","1514","8004  >  35924 [ACK] Seq=113134 Ack=141 Win=65024 Len=1448 TSval=2916035780 TSecr=3045555552 [TCP segment of a reassembled PDU]"
"24484","31.700110339","192.168.1.55","192.168.1.2","TCP","1514","8004  >  35924 [ACK] Seq=114582 Ack=141 Win=65024 Len=1448 TSval=2916035780 TSecr=3045555552 [TCP segment of a reassembled PDU]"
"24485","31.700111580","192.168.1.55","192.168.1.2","TCP","1514","8004  >  35924 [ACK] Seq=116030 Ack=141 Win=65024 Len=1448 TSval=2916035780 TSecr=3045555552 [TCP segment of a reassembled PDU]"
"24486","31.700112691","192.168.1.55","192.168.1.2","TCP","1514","8004  >  35924 [ACK] Seq=117478 Ack=141 Win=65024 Len=1448 TSval=2916035780 TSecr=3045555552 [TCP segment of a reassembled PDU]"
"24487","31.700113932","192.168.1.55","192.168.1.2","TCP","1514","8004  >  35924 [PSH, ACK] Seq=118926 Ack=141 Win=65024 Len=1448 TSval=2916035780 TSecr=3045555552 [TCP segment of a reassembled PDU]"
"24488","31.700141599","192.168.1.2","192.168.1.55","TCP","66","35924  >  8004 [ACK] Seq=141 Ack=65350 Win=86016 Len=0 TSval=3045555552 TSecr=2916035774"
"24489","31.701686916","192.168.1.2","192.168.1.55","TCP","66","35924  >  8004 [ACK] Seq=141 Ack=76934 Win=81920 Len=0 TSval=3045555555 TSecr=2916035777"
"24490","31.701740286","192.168.1.55","192.168.1.2","TCP","1514","8004  >  35924 [ACK] Seq=120374 Ack=141 Win=65024 Len=1448 TSval=2916035782 TSecr=3045555555 [TCP segment of a reassembled PDU]"
"24491","31.701745509","192.168.1.55","192.168.1.2","TCP","1514","8004  >  35924 [ACK] Seq=121822 Ack=141 Win=65024 Len=1448 TSval=2916035782 TSecr=3045555555 [TCP segment of a reassembled PDU]"
"24492","31.701746675","192.168.1.55","192.168.1.2","TCP","1514","8004  >  35924 [ACK] Seq=123270 Ack=141 Win=65024 Len=1448 TSval=2916035782 TSecr=3045555555 [TCP segment of a reassembled PDU]"
"24493","31.701747786","192.168.1.55","192.168.1.2","TCP","1514","8004  >  35924 [ACK] Seq=124718 Ack=141 Win=65024 Len=1448 TSval=2916035782 TSecr=3045555555 [TCP segment of a reassembled PDU]"
"24494","31.701749175","192.168.1.55","192.168.1.2","TCP","1514","8004  >  35924 [ACK] Seq=126166 Ack=141 Win=65024 Len=1448 TSval=2916035782 TSecr=3045555555 [TCP segment of a reassembled PDU]"
"24495","31.701750305","192.168.1.55","192.168.1.2","TCP","1514","8004  >  35924 [ACK] Seq=127614 Ack=141 Win=65024 Len=1448 TSval=2916035782 TSecr=3045555555 [TCP segment of a reassembled PDU]"
"24496","31.701751601","192.168.1.55","192.168.1.2","TCP","1514","8004  >  35924 [ACK] Seq=129062 Ack=141 Win=65024 Len=1448 TSval=2916035782 TSecr=3045555555 [TCP segment of a reassembled PDU]"
"24497","31.701753342","192.168.1.55","192.168.1.2","TCP","1514","8004  >  35924 [ACK] Seq=130510 Ack=141 Win=65024 Len=1448 TSval=2916035782 TSecr=3045555555 [TCP segment of a reassembled PDU]"
"24498","31.701754898","192.168.1.55","192.168.1.2","TCP","1514","8004  >  35924 [ACK] Seq=131958 Ack=141 Win=65024 Len=1448 TSval=2916035782 TSecr=3045555555 [TCP segment of a reassembled PDU]"
"24499","31.701756620","192.168.1.55","192.168.1.2","TCP","1514","8004  >  35924 [ACK] Seq=133406 Ack=141 Win=65024 Len=1448 TSval=2916035782 TSecr=3045555555 [TCP segment of a reassembled PDU]"
"24500","31.701758138","192.168.1.55","192.168.1.2","TCP","1514","8004  >  35924 [ACK] Seq=134854 Ack=141 Win=65024 Len=1448 TSval=2916035782 TSecr=3045555555 [TCP segment of a reassembled PDU]"
"24501","31.701759879","192.168.1.55","192.168.1.2","TCP","1514","8004  >  35924 [ACK] Seq=136302 Ack=141 Win=65024 Len=1448 TSval=2916035782 TSecr=3045555555 [TCP segment of a reassembled PDU]"
"24502","31.701761435","192.168.1.55","192.168.1.2","TCP","1514","8004  >  35924 [ACK] Seq=137750 Ack=141 Win=65024 Len=1448 TSval=2916035782 TSecr=3045555555 [TCP segment of a reassembled PDU]"
"24503","31.701763435","192.168.1.55","192.168.1.2","TCP","1514","8004  >  35924 [ACK] Seq=139198 Ack=141 Win=65024 Len=1448 TSval=2916035782 TSecr=3045555555 [TCP segment of a reassembled PDU]"
"24504","31.701765138","192.168.1.55","192.168.1.2","TCP","1514","8004  >  35924 [ACK] Seq=140646 Ack=141 Win=65024 Len=1448 TSval=2916035782 TSecr=3045555555 [TCP segment of a reassembled PDU]"
"24505","31.701766990","192.168.1.55","192.168.1.2","TCP","1514","8004  >  35924 [ACK] Seq=142094 Ack=141 Win=65024 Len=1448 TSval=2916035782 TSecr=3045555555 [TCP segment of a reassembled PDU]"
"24506","31.701768453","192.168.1.55","192.168.1.2","TCP","1514","8004  >  35924 [ACK] Seq=143542 Ack=141 Win=65024 Len=1448 TSval=2916035782 TSecr=3045555555 [TCP segment of a reassembled PDU]"
"24507","31.701769805","192.168.1.55","192.168.1.2","TCP","1514","8004  >  35924 [ACK] Seq=144990 Ack=141 Win=65024 Len=1448 TSval=2916035782 TSecr=3045555555 [TCP segment of a reassembled PDU]"
"24508","31.701771361","192.168.1.55","192.168.1.2","TCP","1514","8004  >  35924 [ACK] Seq=146438 Ack=141 Win=65024 Len=1448 TSval=2916035782 TSecr=3045555555 [TCP segment of a reassembled PDU]"
"24509","31.701773472","192.168.1.55","192.168.1.2","TCP","1514","8004  >  35924 [ACK] Seq=147886 Ack=141 Win=65024 Len=1448 TSval=2916035782 TSecr=3045555555 [TCP segment of a reassembled PDU]"
"24510","31.701775249","192.168.1.55","192.168.1.2","TCP","1514","8004  >  35924 [ACK] Seq=149334 Ack=141 Win=65024 Len=1448 TSval=2916035782 TSecr=3045555555 [TCP segment of a reassembled PDU]"
"24511","31.701777342","192.168.1.55","192.168.1.2","TCP","1514","8004  >  35924 [ACK] Seq=150782 Ack=141 Win=65024 Len=1448 TSval=2916035782 TSecr=3045555555 [TCP segment of a reassembled PDU]"
"24512","31.701779287","192.168.1.55","192.168.1.2","TCP","1514","8004  >  35924 [ACK] Seq=152230 Ack=141 Win=65024 Len=1448 TSval=2916035782 TSecr=3045555555 [TCP segment of a reassembled PDU]"
"24513","31.701780935","192.168.1.55","192.168.1.2","TCP","1514","8004  >  35924 [ACK] Seq=153678 Ack=141 Win=65024 Len=1448 TSval=2916035782 TSecr=3045555555 [TCP segment of a reassembled PDU]"
"24514","31.701783898","192.168.1.55","192.168.1.2","TCP","1514","8004  >  35924 [ACK] Seq=155126 Ack=141 Win=65024 Len=1448 TSval=2916035782 TSecr=3045555555 [TCP segment of a reassembled PDU]"
"24515","31.701785972","192.168.1.55","192.168.1.2","TCP","1514","8004  >  35924 [ACK] Seq=156574 Ack=141 Win=65024 Len=1448 TSval=2916035782 TSecr=3045555555 [TCP segment of a reassembled PDU]"
"24516","31.701788231","192.168.1.55","192.168.1.2","TCP","898","[TCP Window Full] 8004  >  35924 [PSH, ACK] Seq=158022 Ack=141 Win=65024 Len=832 TSval=2916035782 TSecr=3045555555 [TCP segment of a reassembled PDU]"
"24517","31.706395072","192.168.1.2","192.168.1.55","TCP","66","35924  >  8004 [ACK] Seq=141 Ack=89966 Win=69632 Len=0 TSval=3045555555 TSecr=2916035777"
"24518","31.706506850","192.168.1.2","192.168.1.55","TCP","66","35924  >  8004 [ACK] Seq=141 Ack=97206 Win=86016 Len=0 TSval=3045555557 TSecr=2916035777"
"24519","31.706531164","192.168.1.55","192.168.1.2","TCP","1514","8004  >  35924 [ACK] Seq=158854 Ack=141 Win=65024 Len=1448 TSval=2916035787 TSecr=3045555557 [TCP segment of a reassembled PDU]"
"24520","31.706534961","192.168.1.55","192.168.1.2","TCP","1514","8004  >  35924 [ACK] Seq=160302 Ack=141 Win=65024 Len=1448 TSval=2916035787 TSecr=3045555557 [TCP segment of a reassembled PDU]"
"24521","31.706536313","192.168.1.55","192.168.1.2","TCP","1514","8004  >  35924 [PSH, ACK] Seq=161750 Ack=141 Win=65024 Len=1448 TSval=2916035787 TSecr=3045555557 [TCP segment of a reassembled PDU]"
"24522","31.706543350","192.168.1.55","192.168.1.2","TCP","682","8004  >  35924 [ACK] Seq=163198 Ack=141 Win=65024 Len=616 TSval=2916035787 TSecr=3045555557 [TCP segment of a reassembled PDU]"
"24523","31.706547590","192.168.1.2","192.168.1.55","TCP","66","35924  >  8004 [ACK] Seq=141 Ack=111686 Win=77824 Len=0 TSval=3045555559 TSecr=2916035780"
"24524","31.708142130","192.168.1.2","192.168.1.55","TCP","66","35924  >  8004 [ACK] Seq=141 Ack=113134 Win=92160 Len=0 TSval=3045555562 TSecr=2916035780"
"24525","31.708179204","192.168.1.55","192.168.1.2","TCP","1514","8004  >  35924 [ACK] Seq=163814 Ack=141 Win=65024 Len=1448 TSval=2916035788 TSecr=3045555562 [TCP segment of a reassembled PDU]"
"24526","31.708181889","192.168.1.55","192.168.1.2","TCP","1514","8004  >  35924 [ACK] Seq=165262 Ack=141 Win=65024 Len=1448 TSval=2916035788 TSecr=3045555562 [TCP segment of a reassembled PDU]"
"24527","31.708183111","192.168.1.55","192.168.1.2","TCP","1514","8004  >  35924 [ACK] Seq=166710 Ack=141 Win=65024 Len=1448 TSval=2916035788 TSecr=3045555562 [TCP segment of a reassembled PDU]"
"24528","31.708184648","192.168.1.55","192.168.1.2","TCP","1514","8004  >  35924 [ACK] Seq=168158 Ack=141 Win=65024 Len=1448 TSval=2916035788 TSecr=3045555562 [TCP segment of a reassembled PDU]"
"24529","31.708185630","192.168.1.55","192.168.1.2","TCP","1514","8004  >  35924 [ACK] Seq=169606 Ack=141 Win=65024 Len=1448 TSval=2916035788 TSecr=3045555562 [TCP segment of a reassembled PDU]"
"24530","31.708186611","192.168.1.55","192.168.1.2","TCP","1514","8004  >  35924 [ACK] Seq=171054 Ack=141 Win=65024 Len=1448 TSval=2916035788 TSecr=3045555562 [TCP segment of a reassembled PDU]"
"24531","31.708187593","192.168.1.55","192.168.1.2","TCP","1514","8004  >  35924 [ACK] Seq=172502 Ack=141 Win=65024 Len=1448 TSval=2916035788 TSecr=3045555562 [TCP segment of a reassembled PDU]"
"24532","31.708188630","192.168.1.55","192.168.1.2","TCP","1514","8004  >  35924 [ACK] Seq=173950 Ack=141 Win=65024 Len=1448 TSval=2916035788 TSecr=3045555562 [TCP segment of a reassembled PDU]"
"24533","31.708189556","192.168.1.55","192.168.1.2","TCP","1514","8004  >  35924 [ACK] Seq=175398 Ack=141 Win=65024 Len=1448 TSval=2916035788 TSecr=3045555562 [TCP segment of a reassembled PDU]"
"24534","31.708190963","192.168.1.55","192.168.1.2","TCP","1514","8004  >  35924 [ACK] Seq=176846 Ack=141 Win=65024 Len=1448 TSval=2916035788 TSecr=3045555562 [TCP segment of a reassembled PDU]"
"24535","31.708192019","192.168.1.55","192.168.1.2","TCP","1514","8004  >  35924 [ACK] Seq=178294 Ack=141 Win=65024 Len=1448 TSval=2916035788 TSecr=3045555562 [TCP segment of a reassembled PDU]"
"24536","31.708193037","192.168.1.55","192.168.1.2","TCP","1514","8004  >  35924 [ACK] Seq=179742 Ack=141 Win=65024 Len=1448 TSval=2916035788 TSecr=3045555562 [TCP segment of a reassembled PDU]"
"24537","31.708194130","192.168.1.55","192.168.1.2","TCP","1514","8004  >  35924 [ACK] Seq=181190 Ack=141 Win=65024 Len=1448 TSval=2916035788 TSecr=3045555562 [TCP segment of a reassembled PDU]"
"24538","31.708195574","192.168.1.55","192.168.1.2","TCP","1514","8004  >  35924 [ACK] Seq=182638 Ack=141 Win=65024 Len=1448 TSval=2916035788 TSecr=3045555562 [TCP segment of a reassembled PDU]"
"24539","31.708196760","192.168.1.55","192.168.1.2","TCP","1514","8004  >  35924 [ACK] Seq=184086 Ack=141 Win=65024 Len=1448 TSval=2916035788 TSecr=3045555562 [TCP segment of a reassembled PDU]"
"24540","31.708197760","192.168.1.55","192.168.1.2","TCP","1514","8004  >  35924 [ACK] Seq=185534 Ack=141 Win=65024 Len=1448 TSval=2916035788 TSecr=3045555562 [TCP segment of a reassembled PDU]"
"24541","31.708199260","192.168.1.55","192.168.1.2","TCP","1514","8004  >  35924 [ACK] Seq=186982 Ack=141 Win=65024 Len=1448 TSval=2916035788 TSecr=3045555562 [TCP segment of a reassembled PDU]"
"24542","31.708200297","192.168.1.55","192.168.1.2","TCP","1514","8004  >  35924 [ACK] Seq=188430 Ack=141 Win=65024 Len=1448 TSval=2916035788 TSecr=3045555562 [TCP segment of a reassembled PDU]"
"24543","31.708201408","192.168.1.55","192.168.1.2","TCP","1514","8004  >  35924 [ACK] Seq=189878 Ack=141 Win=65024 Len=1448 TSval=2916035788 TSecr=3045555562 [TCP segment of a reassembled PDU]"
"24544","31.708202686","192.168.1.55","192.168.1.2","TCP","1514","8004  >  35924 [ACK] Seq=191326 Ack=141 Win=65024 Len=1448 TSval=2916035788 TSecr=3045555562 [TCP segment of a reassembled PDU]"
"24545","31.708203723","192.168.1.55","192.168.1.2","TCP","1514","8004  >  35924 [ACK] Seq=192774 Ack=141 Win=65024 Len=1448 TSval=2916035788 TSecr=3045555562 [TCP segment of a reassembled PDU]"
"24546","31.708204741","192.168.1.55","192.168.1.2","TCP","1514","8004  >  35924 [ACK] Seq=194222 Ack=141 Win=65024 Len=1448 TSval=2916035788 TSecr=3045555562 [TCP segment of a reassembled PDU]"
"24547","31.708205908","192.168.1.55","192.168.1.2","TCP","1514","8004  >  35924 [ACK] Seq=195670 Ack=141 Win=65024 Len=1448 TSval=2916035788 TSecr=3045555562 [TCP segment of a reassembled PDU]"
"24548","31.708206834","192.168.1.55","192.168.1.2","TCP","1514","8004  >  35924 [ACK] Seq=197118 Ack=141 Win=65024 Len=1448 TSval=2916035788 TSecr=3045555562 [TCP segment of a reassembled PDU]"
"24549","31.708207778","192.168.1.55","192.168.1.2","TCP","1514","8004  >  35924 [ACK] Seq=198566 Ack=141 Win=65024 Len=1448 TSval=2916035788 TSecr=3045555562 [TCP segment of a reassembled PDU]"
"24550","31.708208815","192.168.1.55","192.168.1.2","TCP","1514","8004  >  35924 [ACK] Seq=200014 Ack=141 Win=65024 Len=1448 TSval=2916035788 TSecr=3045555562 [TCP segment of a reassembled PDU]"
"24551","31.708210537","192.168.1.55","192.168.1.2","TCP","1514","8004  >  35924 [ACK] Seq=201462 Ack=141 Win=65024 Len=1448 TSval=2916035788 TSecr=3045555562 [TCP segment of a reassembled PDU]"
"24552","31.708211519","192.168.1.55","192.168.1.2","TCP","1514","8004  >  35924 [PSH, ACK] Seq=202910 Ack=141 Win=65024 Len=1448 TSval=2916035788 TSecr=3045555562 [TCP segment of a reassembled PDU]"
"24553","31.708263149","192.168.1.2","192.168.1.55","TCP","66","35924  >  8004 [ACK] Seq=141 Ack=120374 Win=89088 Len=0 TSval=3045555562 TSecr=2916035780"
"24554","31.708270519","192.168.1.2","192.168.1.55","TCP","66","35924  >  8004 [ACK] Seq=141 Ack=158854 Win=58368 Len=0 TSval=3045555562 TSecr=2916035782"
"24555","31.708281260","192.168.1.55","192.168.1.2","TCP","1514","8004  >  35924 [ACK] Seq=204358 Ack=141 Win=65024 Len=1448 TSval=2916035788 TSecr=3045555562 [TCP segment of a reassembled PDU]"
"24556","31.708282649","192.168.1.55","192.168.1.2","TCP","1514","8004  >  35924 [ACK] Seq=205806 Ack=141 Win=65024 Len=1448 TSval=2916035788 TSecr=3045555562 [TCP segment of a reassembled PDU]"
"24557","31.708283926","192.168.1.55","192.168.1.2","TCP","1514","8004  >  35924 [ACK] Seq=207254 Ack=141 Win=65024 Len=1448 TSval=2916035788 TSecr=3045555562 [TCP segment of a reassembled PDU]"
"24558","31.708284797","192.168.1.55","192.168.1.2","TCP","1514","8004  >  35924 [PSH, ACK] Seq=208702 Ack=141 Win=65024 Len=1448 TSval=2916035788 TSecr=3045555562 [TCP segment of a reassembled PDU]"
"24559","31.708298556","192.168.1.55","192.168.1.2","TCP","1514","8004  >  35924 [ACK] Seq=210150 Ack=141 Win=65024 Len=1448 TSval=2916035788 TSecr=3045555562 [TCP segment of a reassembled PDU]"
"24560","31.708300019","192.168.1.55","192.168.1.2","TCP","1514","8004  >  35924 [ACK] Seq=211598 Ack=141 Win=65024 Len=1448 TSval=2916035788 TSecr=3045555562 [TCP segment of a reassembled PDU]"
"24561","31.708301001","192.168.1.55","192.168.1.2","TCP","1514","8004  >  35924 [ACK] Seq=213046 Ack=141 Win=65024 Len=1448 TSval=2916035788 TSecr=3045555562 [TCP segment of a reassembled PDU]"
"24562","31.708301871","192.168.1.55","192.168.1.2","TCP","1514","8004  >  35924 [PSH, ACK] Seq=214494 Ack=141 Win=65024 Len=1448 TSval=2916035788 TSecr=3045555562 [TCP segment of a reassembled PDU]"
"24563","31.712912582","192.168.1.2","192.168.1.55","TCP","66","35924  >  8004 [ACK] Seq=141 Ack=161750 Win=92160 Len=0 TSval=3045555564 TSecr=2916035787"
"24564","31.712998378","192.168.1.55","192.168.1.2","TCP","1514","8004  >  35924 [ACK] Seq=215942 Ack=141 Win=65024 Len=1448 TSval=2916035793 TSecr=3045555564 [TCP segment of a reassembled PDU]"
"24565","31.713004712","192.168.1.55","192.168.1.2","TCP","1514","8004  >  35924 [ACK] Seq=217390 Ack=141 Win=65024 Len=1448 TSval=2916035793 TSecr=3045555564 [TCP segment of a reassembled PDU]"
"24566","31.713006693","192.168.1.55","192.168.1.2","TCP","1514","8004  >  35924 [ACK] Seq=218838 Ack=141 Win=65024 Len=1448 TSval=2916035793 TSecr=3045555564 [TCP segment of a reassembled PDU]"
"24567","31.713008415","192.168.1.55","192.168.1.2","TCP","1514","8004  >  35924 [ACK] Seq=220286 Ack=141 Win=65024 Len=1448 TSval=2916035793 TSecr=3045555564 [TCP segment of a reassembled PDU]"
"24568","31.713011175","192.168.1.55","192.168.1.2","TCP","1514","8004  >  35924 [ACK] Seq=221734 Ack=141 Win=65024 Len=1448 TSval=2916035793 TSecr=3045555564 [TCP segment of a reassembled PDU]"
"24569","31.713012656","192.168.1.55","192.168.1.2","TCP","1514","8004  >  35924 [ACK] Seq=223182 Ack=141 Win=65024 Len=1448 TSval=2916035793 TSecr=3045555564 [TCP segment of a reassembled PDU]"
"24570","31.713015360","192.168.1.55","192.168.1.2","TCP","1514","8004  >  35924 [ACK] Seq=224630 Ack=141 Win=65024 Len=1448 TSval=2916035793 TSecr=3045555564 [TCP segment of a reassembled PDU]"
"24571","31.713016897","192.168.1.55","192.168.1.2","TCP","1514","8004  >  35924 [ACK] Seq=226078 Ack=141 Win=65024 Len=1448 TSval=2916035793 TSecr=3045555564 [TCP segment of a reassembled PDU]"
"24572","31.713018286","192.168.1.55","192.168.1.2","TCP","1514","8004  >  35924 [ACK] Seq=227526 Ack=141 Win=65024 Len=1448 TSval=2916035793 TSecr=3045555564 [TCP segment of a reassembled PDU]"
"24573","31.713020008","192.168.1.55","192.168.1.2","TCP","1514","8004  >  35924 [ACK] Seq=228974 Ack=141 Win=65024 Len=1448 TSval=2916035793 TSecr=3045555564 [TCP segment of a reassembled PDU]"
"24574","31.713021064","192.168.1.55","192.168.1.2","TCP","1514","8004  >  35924 [ACK] Seq=230422 Ack=141 Win=65024 Len=1448 TSval=2916035793 TSecr=3045555564 [TCP segment of a reassembled PDU]"
"24575","31.713022249","192.168.1.55","192.168.1.2","TCP","1514","8004  >  35924 [ACK] Seq=231870 Ack=141 Win=65024 Len=1448 TSval=2916035793 TSecr=3045555564 [TCP segment of a reassembled PDU]"
"24576","31.713023397","192.168.1.55","192.168.1.2","TCP","1514","8004  >  35924 [ACK] Seq=233318 Ack=141 Win=65024 Len=1448 TSval=2916035793 TSecr=3045555564 [TCP segment of a reassembled PDU]"
"24577","31.713024971","192.168.1.55","192.168.1.2","TCP","1514","8004  >  35924 [ACK] Seq=234766 Ack=141 Win=65024 Len=1448 TSval=2916035793 TSecr=3045555564 [TCP segment of a reassembled PDU]"
"24578","31.713026452","192.168.1.55","192.168.1.2","TCP","1514","8004  >  35924 [ACK] Seq=236214 Ack=141 Win=65024 Len=1448 TSval=2916035793 TSecr=3045555564 [TCP segment of a reassembled PDU]"
"24579","31.713027564","192.168.1.55","192.168.1.2","TCP","1514","8004  >  35924 [ACK] Seq=237662 Ack=141 Win=65024 Len=1448 TSval=2916035793 TSecr=3045555564 [TCP segment of a reassembled PDU]"
"24580","31.713028989","192.168.1.55","192.168.1.2","TCP","1514","8004  >  35924 [ACK] Seq=239110 Ack=141 Win=65024 Len=1448 TSval=2916035793 TSecr=3045555564 [TCP segment of a reassembled PDU]"
"24581","31.713030193","192.168.1.55","192.168.1.2","TCP","1514","8004  >  35924 [ACK] Seq=240558 Ack=141 Win=65024 Len=1448 TSval=2916035793 TSecr=3045555564 [TCP segment of a reassembled PDU]"
"24582","31.713031323","192.168.1.55","192.168.1.2","TCP","1514","8004  >  35924 [ACK] Seq=242006 Ack=141 Win=65024 Len=1448 TSval=2916035793 TSecr=3045555564 [TCP segment of a reassembled PDU]"
"24583","31.713032527","192.168.1.55","192.168.1.2","TCP","1514","8004  >  35924 [ACK] Seq=243454 Ack=141 Win=65024 Len=1448 TSval=2916035793 TSecr=3045555564 [TCP segment of a reassembled PDU]"
"24584","31.713033601","192.168.1.55","192.168.1.2","TCP","1514","8004  >  35924 [ACK] Seq=244902 Ack=141 Win=65024 Len=1448 TSval=2916035793 TSecr=3045555564 [TCP segment of a reassembled PDU]"
"24585","31.713034730","192.168.1.55","192.168.1.2","TCP","1514","8004  >  35924 [ACK] Seq=246350 Ack=141 Win=65024 Len=1448 TSval=2916035793 TSecr=3045555564 [TCP segment of a reassembled PDU]"
"24586","31.713035952","192.168.1.55","192.168.1.2","TCP","1514","8004  >  35924 [ACK] Seq=247798 Ack=141 Win=65024 Len=1448 TSval=2916035793 TSecr=3045555564 [TCP segment of a reassembled PDU]"
"24587","31.713037564","192.168.1.55","192.168.1.2","TCP","1514","8004  >  35924 [ACK] Seq=249246 Ack=141 Win=65024 Len=1448 TSval=2916035793 TSecr=3045555564 [TCP segment of a reassembled PDU]"
"24588","31.713039027","192.168.1.55","192.168.1.2","TCP","1514","8004  >  35924 [ACK] Seq=250694 Ack=141 Win=65024 Len=1448 TSval=2916035793 TSecr=3045555564 [TCP segment of a reassembled PDU]"
"24589","31.713040952","192.168.1.55","192.168.1.2","TCP","1514","8004  >  35924 [PSH, ACK] Seq=252142 Ack=141 Win=65024 Len=1448 TSval=2916035793 TSecr=3045555564 [TCP segment of a reassembled PDU]"
"24590","31.713100045","192.168.1.2","192.168.1.55","TCP","66","35924  >  8004 [ACK] Seq=141 Ack=163198 Win=94208 Len=0 TSval=3045555565 TSecr=2916035787"
"24591","31.713116175","192.168.1.55","192.168.1.2","TCP","1514","8004  >  35924 [ACK] Seq=253590 Ack=141 Win=65024 Len=1448 TSval=2916035793 TSecr=3045555565 [TCP segment of a reassembled PDU]"
"24592","31.713119767","192.168.1.55","192.168.1.2","TCP","1514","8004  >  35924 [PSH, ACK] Seq=255038 Ack=141 Win=65024 Len=1448 TSval=2916035793 TSecr=3045555565 [TCP segment of a reassembled PDU]"
"24593","31.713123230","192.168.1.2","192.168.1.55","TCP","66","35924  >  8004 [ACK] Seq=141 Ack=163814 Win=94208 Len=0 TSval=3045555565 TSecr=2916035787"
"24594","31.716319421","192.168.1.2","192.168.1.55","TCP","66","35924  >  8004 [ACK] Seq=141 Ack=205806 Win=52224 Len=0 TSval=3045555568 TSecr=2916035788"
"24595","31.716334328","192.168.1.55","192.168.1.2","TCP","1514","8004  >  35924 [ACK] Seq=256486 Ack=141 Win=65024 Len=1448 TSval=2916035797 TSecr=3045555568 [TCP segment of a reassembled PDU]"
"24596","31.716336754","192.168.1.55","192.168.1.2","TCP","162","[TCP Window Full] 8004  >  35924 [PSH, ACK] Seq=257934 Ack=141 Win=65024 Len=96 TSval=2916035797 TSecr=3045555568 [TCP segment of a reassembled PDU]"
"24597","31.716484625","192.168.1.2","192.168.1.55","TCP","66","35924  >  8004 [ACK] Seq=141 Ack=210150 Win=48128 Len=0 TSval=3045555568 TSecr=2916035788"
"24598","31.716489569","192.168.1.2","192.168.1.55","TCP","66","35924  >  8004 [ACK] Seq=141 Ack=215942 Win=82944 Len=0 TSval=3045555568 TSecr=2916035788"
"24599","31.716516995","192.168.1.55","192.168.1.2","TCP","1514","8004  >  35924 [ACK] Seq=258030 Ack=141 Win=65024 Len=1448 TSval=2916035797 TSecr=3045555568 [TCP segment of a reassembled PDU]"
"24600","31.716519032","192.168.1.55","192.168.1.2","TCP","1514","8004  >  35924 [ACK] Seq=259478 Ack=141 Win=65024 Len=1448 TSval=2916035797 TSecr=3045555568 [TCP segment of a reassembled PDU]"
"24601","31.716520032","192.168.1.55","192.168.1.2","TCP","1514","8004  >  35924 [ACK] Seq=260926 Ack=141 Win=65024 Len=1448 TSval=2916035797 TSecr=3045555568 [TCP segment of a reassembled PDU]"
"24602","31.716521551","192.168.1.55","192.168.1.2","TCP","1514","8004  >  35924 [ACK] Seq=262374 Ack=141 Win=65024 Len=1448 TSval=2916035797 TSecr=3045555568 [TCP segment of a reassembled PDU]"
"24603","31.716522736","192.168.1.55","192.168.1.2","TCP","1514","8004  >  35924 [ACK] Seq=263822 Ack=141 Win=65024 Len=1448 TSval=2916035797 TSecr=3045555568 [TCP segment of a reassembled PDU]"
"24604","31.716523995","192.168.1.55","192.168.1.2","TCP","1514","8004  >  35924 [ACK] Seq=265270 Ack=141 Win=65024 Len=1448 TSval=2916035797 TSecr=3045555568 [TCP segment of a reassembled PDU]"
"24605","31.716525310","192.168.1.55","192.168.1.2","TCP","1514","8004  >  35924 [ACK] Seq=266718 Ack=141 Win=65024 Len=1448 TSval=2916035797 TSecr=3045555568 [TCP segment of a reassembled PDU]"
"24606","31.716526291","192.168.1.55","192.168.1.2","TCP","1514","8004  >  35924 [ACK] Seq=268166 Ack=141 Win=65024 Len=1448 TSval=2916035797 TSecr=3045555568 [TCP segment of a reassembled PDU]"
"24607","31.716527347","192.168.1.55","192.168.1.2","TCP","1514","8004  >  35924 [ACK] Seq=269614 Ack=141 Win=65024 Len=1448 TSval=2916035797 TSecr=3045555568 [TCP segment of a reassembled PDU]"
"24608","31.716528606","192.168.1.55","192.168.1.2","TCP","1514","8004  >  35924 [ACK] Seq=271062 Ack=141 Win=65024 Len=1448 TSval=2916035797 TSecr=3045555568 [TCP segment of a reassembled PDU]"
"24609","31.716530291","192.168.1.55","192.168.1.2","TCP","1514","8004  >  35924 [ACK] Seq=272510 Ack=141 Win=65024 Len=1448 TSval=2916035797 TSecr=3045555568 [TCP segment of a reassembled PDU]"
"24610","31.716531402","192.168.1.55","192.168.1.2","TCP","1514","8004  >  35924 [ACK] Seq=273958 Ack=141 Win=65024 Len=1448 TSval=2916035797 TSecr=3045555568 [TCP segment of a reassembled PDU]"
"24611","31.716532384","192.168.1.55","192.168.1.2","TCP","1514","8004  >  35924 [ACK] Seq=275406 Ack=141 Win=65024 Len=1448 TSval=2916035797 TSecr=3045555568 [TCP segment of a reassembled PDU]"
"24612","31.716533717","192.168.1.55","192.168.1.2","TCP","1514","8004  >  35924 [ACK] Seq=276854 Ack=141 Win=65024 Len=1448 TSval=2916035797 TSecr=3045555568 [TCP segment of a reassembled PDU]"
"24613","31.716534643","192.168.1.55","192.168.1.2","TCP","1514","8004  >  35924 [ACK] Seq=278302 Ack=141 Win=65024 Len=1448 TSval=2916035797 TSecr=3045555568 [TCP segment of a reassembled PDU]"
"24614","31.716536495","192.168.1.55","192.168.1.2","TCP","1514","8004  >  35924 [ACK] Seq=279750 Ack=141 Win=65024 Len=1448 TSval=2916035797 TSecr=3045555568 [TCP segment of a reassembled PDU]"
"24615","31.716537495","192.168.1.55","192.168.1.2","TCP","1514","8004  >  35924 [ACK] Seq=281198 Ack=141 Win=65024 Len=1448 TSval=2916035797 TSecr=3045555568 [TCP segment of a reassembled PDU]"
"24616","31.716538458","192.168.1.55","192.168.1.2","TCP","1514","8004  >  35924 [ACK] Seq=282646 Ack=141 Win=65024 Len=1448 TSval=2916035797 TSecr=3045555568 [TCP segment of a reassembled PDU]"
"24617","31.716539365","192.168.1.55","192.168.1.2","TCP","1514","8004  >  35924 [ACK] Seq=284094 Ack=141 Win=65024 Len=1448 TSval=2916035797 TSecr=3045555568 [TCP segment of a reassembled PDU]"
"24618","31.716540254","192.168.1.55","192.168.1.2","TCP","1514","8004  >  35924 [ACK] Seq=285542 Ack=141 Win=65024 Len=1448 TSval=2916035797 TSecr=3045555568 [TCP segment of a reassembled PDU]"
"24619","31.716541291","192.168.1.55","192.168.1.2","TCP","1514","8004  >  35924 [ACK] Seq=286990 Ack=141 Win=65024 Len=1448 TSval=2916035797 TSecr=3045555568 [TCP segment of a reassembled PDU]"
"24620","31.716542439","192.168.1.55","192.168.1.2","TCP","1514","8004  >  35924 [ACK] Seq=288438 Ack=141 Win=65024 Len=1448 TSval=2916035797 TSecr=3045555568 [TCP segment of a reassembled PDU]"
"24621","31.716543347","192.168.1.55","192.168.1.2","TCP","1514","8004  >  35924 [ACK] Seq=289886 Ack=141 Win=65024 Len=1448 TSval=2916035797 TSecr=3045555568 [TCP segment of a reassembled PDU]"
"24622","31.716544291","192.168.1.55","192.168.1.2","TCP","1514","8004  >  35924 [ACK] Seq=291334 Ack=141 Win=65024 Len=1448 TSval=2916035797 TSecr=3045555568 [TCP segment of a reassembled PDU]"
"24623","31.716545236","192.168.1.55","192.168.1.2","TCP","1514","8004  >  35924 [ACK] Seq=292782 Ack=141 Win=65024 Len=1448 TSval=2916035797 TSecr=3045555568 [TCP segment of a reassembled PDU]"
"24624","31.716551995","192.168.1.55","192.168.1.2","TCP","1514","8004  >  35924 [ACK] Seq=294230 Ack=141 Win=65024 Len=1448 TSval=2916035797 TSecr=3045555568 [TCP segment of a reassembled PDU]"
"24625","31.716553458","192.168.1.55","192.168.1.2","TCP","1514","8004  >  35924 [ACK] Seq=295678 Ack=141 Win=65024 Len=1448 TSval=2916035797 TSecr=3045555568 [TCP segment of a reassembled PDU]"
"24626","31.716554773","192.168.1.55","192.168.1.2","TCP","1514","8004  >  35924 [PSH, ACK] Seq=297126 Ack=141 Win=65024 Len=1448 TSval=2916035797 TSecr=3045555568 [TCP segment of a reassembled PDU]"
"24627","31.719957223","192.168.1.2","192.168.1.55","TCP","66","35924  >  8004 [ACK] Seq=141 Ack=220286 Win=89088 Len=0 TSval=3045555572 TSecr=2916035793"
"24628","31.720000019","192.168.1.55","192.168.1.2","TCP","1514","8004  >  35924 [ACK] Seq=298574 Ack=141 Win=65024 Len=1448 TSval=2916035800 TSecr=3045555572 [TCP segment of a reassembled PDU]"
"24629","31.720004056","192.168.1.55","192.168.1.2","TCP","1514","8004  >  35924 [PSH, ACK] Seq=300022 Ack=141 Win=65024 Len=1448 TSval=2916035800 TSecr=3045555572 [TCP segment of a reassembled PDU]"
"24630","31.720010167","192.168.1.55","192.168.1.2","TCP","1418","8004  >  35924 [ACK] Seq=301470 Ack=141 Win=65024 Len=1352 TSval=2916035800 TSecr=3045555572 [TCP segment of a reassembled PDU]"
"24631","31.720032945","192.168.1.2","192.168.1.55","TCP","66","35924  >  8004 [ACK] Seq=141 Ack=250694 Win=64512 Len=0 TSval=3045555572 TSecr=2916035793"
"24632","31.721903800","192.168.1.2","192.168.1.55","TCP","66","35924  >  8004 [ACK] Seq=141 Ack=253590 Win=91136 Len=0 TSval=3045555575 TSecr=2916035793"
"24633","31.722001337","192.168.1.55","192.168.1.2","TCP","1514","8004  >  35924 [ACK] Seq=302822 Ack=141 Win=65024 Len=1448 TSval=2916035802 TSecr=3045555575 [TCP segment of a reassembled PDU]"
"24634","31.722007615","192.168.1.55","192.168.1.2","TCP","1514","8004  >  35924 [ACK] Seq=304270 Ack=141 Win=65024 Len=1448 TSval=2916035802 TSecr=3045555575 [TCP segment of a reassembled PDU]"
"24635","31.722008930","192.168.1.55","192.168.1.2","TCP","1514","8004  >  35924 [ACK] Seq=305718 Ack=141 Win=65024 Len=1448 TSval=2916035802 TSecr=3045555575 [TCP segment of a reassembled PDU]"
"24636","31.722010022","192.168.1.55","192.168.1.2","TCP","1514","8004  >  35924 [ACK] Seq=307166 Ack=141 Win=65024 Len=1448 TSval=2916035802 TSecr=3045555575 [TCP segment of a reassembled PDU]"
"24637","31.722011059","192.168.1.55","192.168.1.2","TCP","1514","8004  >  35924 [ACK] Seq=308614 Ack=141 Win=65024 Len=1448 TSval=2916035802 TSecr=3045555575 [TCP segment of a reassembled PDU]"
"24638","31.722012189","192.168.1.55","192.168.1.2","TCP","1514","8004  >  35924 [ACK] Seq=310062 Ack=141 Win=65024 Len=1448 TSval=2916035802 TSecr=3045555575 [TCP segment of a reassembled PDU]"
"24639","31.722013652","192.168.1.55","192.168.1.2","TCP","1514","8004  >  35924 [ACK] Seq=311510 Ack=141 Win=65024 Len=1448 TSval=2916035802 TSecr=3045555575 [TCP segment of a reassembled PDU]"
"24640","31.722014670","192.168.1.55","192.168.1.2","TCP","1514","8004  >  35924 [ACK] Seq=312958 Ack=141 Win=65024 Len=1448 TSval=2916035802 TSecr=3045555575 [TCP segment of a reassembled PDU]"
"24641","31.722015689","192.168.1.55","192.168.1.2","TCP","1514","8004  >  35924 [ACK] Seq=314406 Ack=141 Win=65024 Len=1448 TSval=2916035802 TSecr=3045555575 [TCP segment of a reassembled PDU]"
"24642","31.722016800","192.168.1.55","192.168.1.2","TCP","1514","8004  >  35924 [ACK] Seq=315854 Ack=141 Win=65024 Len=1448 TSval=2916035802 TSecr=3045555575 [TCP segment of a reassembled PDU]"
"24643","31.722018096","192.168.1.55","192.168.1.2","TCP","1514","8004  >  35924 [ACK] Seq=317302 Ack=141 Win=65024 Len=1448 TSval=2916035802 TSecr=3045555575 [TCP segment of a reassembled PDU]"
"24644","31.722019226","192.168.1.55","192.168.1.2","TCP","1514","8004  >  35924 [ACK] Seq=318750 Ack=141 Win=65024 Len=1448 TSval=2916035802 TSecr=3045555575 [TCP segment of a reassembled PDU]"
"24645","31.722020689","192.168.1.55","192.168.1.2","TCP","1514","8004  >  35924 [ACK] Seq=320198 Ack=141 Win=65024 Len=1448 TSval=2916035802 TSecr=3045555575 [TCP segment of a reassembled PDU]"
"24646","31.722021800","192.168.1.55","192.168.1.2","TCP","1514","8004  >  35924 [ACK] Seq=321646 Ack=141 Win=65024 Len=1448 TSval=2916035802 TSecr=3045555575 [TCP segment of a reassembled PDU]"
"24647","31.722022874","192.168.1.55","192.168.1.2","TCP","1514","8004  >  35924 [ACK] Seq=323094 Ack=141 Win=65024 Len=1448 TSval=2916035802 TSecr=3045555575 [TCP segment of a reassembled PDU]"
"24648","31.722023874","192.168.1.55","192.168.1.2","TCP","1514","8004  >  35924 [ACK] Seq=324542 Ack=141 Win=65024 Len=1448 TSval=2916035802 TSecr=3045555575 [TCP segment of a reassembled PDU]"
"24649","31.722025189","192.168.1.55","192.168.1.2","TCP","1514","8004  >  35924 [ACK] Seq=325990 Ack=141 Win=65024 Len=1448 TSval=2916035802 TSecr=3045555575 [TCP segment of a reassembled PDU]"
"24650","31.722026615","192.168.1.55","192.168.1.2","TCP","1514","8004  >  35924 [ACK] Seq=327438 Ack=141 Win=65024 Len=1448 TSval=2916035802 TSecr=3045555575 [TCP segment of a reassembled PDU]"
"24651","31.722028319","192.168.1.55","192.168.1.2","TCP","1514","8004  >  35924 [ACK] Seq=328886 Ack=141 Win=65024 Len=1448 TSval=2916035802 TSecr=3045555575 [TCP segment of a reassembled PDU]"
"24652","31.722029596","192.168.1.55","192.168.1.2","TCP","1514","8004  >  35924 [ACK] Seq=330334 Ack=141 Win=65024 Len=1448 TSval=2916035802 TSecr=3045555575 [TCP segment of a reassembled PDU]"
"24653","31.722030781","192.168.1.55","192.168.1.2","TCP","1514","8004  >  35924 [ACK] Seq=331782 Ack=141 Win=65024 Len=1448 TSval=2916035802 TSecr=3045555575 [TCP segment of a reassembled PDU]"
"24654","31.722032504","192.168.1.55","192.168.1.2","TCP","1514","8004  >  35924 [ACK] Seq=333230 Ack=141 Win=65024 Len=1448 TSval=2916035802 TSecr=3045555575 [TCP segment of a reassembled PDU]"
"24655","31.722033504","192.168.1.55","192.168.1.2","TCP","1514","8004  >  35924 [ACK] Seq=334678 Ack=141 Win=65024 Len=1448 TSval=2916035802 TSecr=3045555575 [TCP segment of a reassembled PDU]"
"24656","31.722034856","192.168.1.55","192.168.1.2","TCP","1514","8004  >  35924 [ACK] Seq=336126 Ack=141 Win=65024 Len=1448 TSval=2916035802 TSecr=3045555575 [TCP segment of a reassembled PDU]"
"24657","31.722036263","192.168.1.55","192.168.1.2","TCP","1514","8004  >  35924 [ACK] Seq=337574 Ack=141 Win=65024 Len=1448 TSval=2916035802 TSecr=3045555575 [TCP segment of a reassembled PDU]"
"24658","31.722037411","192.168.1.55","192.168.1.2","TCP","1514","8004  >  35924 [ACK] Seq=339022 Ack=141 Win=65024 Len=1448 TSval=2916035802 TSecr=3045555575 [TCP segment of a reassembled PDU]"
"24659","31.722038930","192.168.1.55","192.168.1.2","TCP","1514","8004  >  35924 [ACK] Seq=340470 Ack=141 Win=65024 Len=1448 TSval=2916035802 TSecr=3045555575 [TCP segment of a reassembled PDU]"
"24660","31.722040115","192.168.1.55","192.168.1.2","TCP","1514","8004  >  35924 [PSH, ACK] Seq=341918 Ack=141 Win=65024 Len=1448 TSval=2916035802 TSecr=3045555575 [TCP segment of a reassembled PDU]"
"24661","31.722113226","192.168.1.2","192.168.1.55","TCP","66","35924  >  8004 [ACK] Seq=141 Ack=289886 Win=69632 Len=0 TSval=3045555575 TSecr=2916035793"
"24662","31.722157022","192.168.1.55","192.168.1.2","TCP","1514","8004  >  35924 [ACK] Seq=343366 Ack=141 Win=65024 Len=1448 TSval=2916035802 TSecr=3045555575 [TCP segment of a reassembled PDU]"
"24663","31.722160763","192.168.1.55","192.168.1.2","TCP","1514","8004  >  35924 [ACK] Seq=344814 Ack=141 Win=65024 Len=1448 TSval=2916035802 TSecr=3045555575 [TCP segment of a reassembled PDU]"
"24664","31.722162059","192.168.1.55","192.168.1.2","TCP","1514","8004  >  35924 [ACK] Seq=346262 Ack=141 Win=65024 Len=1448 TSval=2916035802 TSecr=3045555575 [TCP segment of a reassembled PDU]"
"24665","31.722163263","192.168.1.55","192.168.1.2","TCP","1514","8004  >  35924 [PSH, ACK] Seq=347710 Ack=141 Win=65024 Len=1448 TSval=2916035802 TSecr=3045555575 [TCP segment of a reassembled PDU]"
"24666","31.722168578","192.168.1.2","192.168.1.55","TCP","66","35924  >  8004 [ACK] Seq=141 Ack=298574 Win=99328 Len=0 TSval=3045555577 TSecr=2916035797"
"24667","31.722243023","192.168.1.55","192.168.1.2","TCP","1514","8004  >  35924 [ACK] Seq=349158 Ack=141 Win=65024 Len=1448 TSval=2916035802 TSecr=3045555577 [TCP segment of a reassembled PDU]"
"24668","31.722245208","192.168.1.55","192.168.1.2","TCP","1514","8004  >  35924 [ACK] Seq=350606 Ack=141 Win=65024 Len=1448 TSval=2916035802 TSecr=3045555577 [TCP segment of a reassembled PDU]"
"24669","31.722246449","192.168.1.55","192.168.1.2","TCP","1514","8004  >  35924 [ACK] Seq=352054 Ack=141 Win=65024 Len=1448 TSval=2916035802 TSecr=3045555577 [TCP segment of a reassembled PDU]"
"24670","31.722247708","192.168.1.55","192.168.1.2","TCP","1514","8004  >  35924 [ACK] Seq=353502 Ack=141 Win=65024 Len=1448 TSval=2916035802 TSecr=3045555577 [TCP segment of a reassembled PDU]"
"24671","31.722248708","192.168.1.55","192.168.1.2","TCP","1514","8004  >  35924 [ACK] Seq=354950 Ack=141 Win=65024 Len=1448 TSval=2916035802 TSecr=3045555577 [TCP segment of a reassembled PDU]"
"24672","31.722249763","192.168.1.55","192.168.1.2","TCP","1514","8004  >  35924 [ACK] Seq=356398 Ack=141 Win=65024 Len=1448 TSval=2916035802 TSecr=3045555577 [TCP segment of a reassembled PDU]"
"24673","31.722250819","192.168.1.55","192.168.1.2","TCP","1514","8004  >  35924 [ACK] Seq=357846 Ack=141 Win=65024 Len=1448 TSval=2916035802 TSecr=3045555577 [TCP segment of a reassembled PDU]"
"24674","31.722251967","192.168.1.55","192.168.1.2","TCP","1514","8004  >  35924 [ACK] Seq=359294 Ack=141 Win=65024 Len=1448 TSval=2916035802 TSecr=3045555577 [TCP segment of a reassembled PDU]"
"24675","31.722253078","192.168.1.55","192.168.1.2","TCP","1514","8004  >  35924 [ACK] Seq=360742 Ack=141 Win=65024 Len=1448 TSval=2916035802 TSecr=3045555577 [TCP segment of a reassembled PDU]"
"24676","31.722254819","192.168.1.55","192.168.1.2","TCP","1514","8004  >  35924 [ACK] Seq=362190 Ack=141 Win=65024 Len=1448 TSval=2916035802 TSecr=3045555577 [TCP segment of a reassembled PDU]"
"24677","31.722256023","192.168.1.55","192.168.1.2","TCP","1514","8004  >  35924 [ACK] Seq=363638 Ack=141 Win=65024 Len=1448 TSval=2916035802 TSecr=3045555577 [TCP segment of a reassembled PDU]"
"24678","31.722257152","192.168.1.55","192.168.1.2","TCP","1514","8004  >  35924 [ACK] Seq=365086 Ack=141 Win=65024 Len=1448 TSval=2916035802 TSecr=3045555577 [TCP segment of a reassembled PDU]"
"24679","31.722258208","192.168.1.55","192.168.1.2","TCP","1514","8004  >  35924 [ACK] Seq=366534 Ack=141 Win=65024 Len=1448 TSval=2916035802 TSecr=3045555577 [TCP segment of a reassembled PDU]"
"24680","31.722259652","192.168.1.55","192.168.1.2","TCP","1514","8004  >  35924 [ACK] Seq=367982 Ack=141 Win=65024 Len=1448 TSval=2916035802 TSecr=3045555577 [TCP segment of a reassembled PDU]"
"24681","31.722260986","192.168.1.55","192.168.1.2","TCP","1514","8004  >  35924 [ACK] Seq=369430 Ack=141 Win=65024 Len=1448 TSval=2916035802 TSecr=3045555577 [TCP segment of a reassembled PDU]"
"24682","31.722262189","192.168.1.55","192.168.1.2","TCP","1514","8004  >  35924 [ACK] Seq=370878 Ack=141 Win=65024 Len=1448 TSval=2916035802 TSecr=3045555577 [TCP segment of a reassembled PDU]"
"24683","31.722263134","192.168.1.55","192.168.1.2","TCP","1514","8004  >  35924 [ACK] Seq=372326 Ack=141 Win=65024 Len=1448 TSval=2916035802 TSecr=3045555577 [TCP segment of a reassembled PDU]"
"24684","31.722264171","192.168.1.55","192.168.1.2","TCP","1514","8004  >  35924 [ACK] Seq=373774 Ack=141 Win=65024 Len=1448 TSval=2916035802 TSecr=3045555577 [TCP segment of a reassembled PDU]"
"24685","31.722265337","192.168.1.55","192.168.1.2","TCP","1514","8004  >  35924 [ACK] Seq=375222 Ack=141 Win=65024 Len=1448 TSval=2916035802 TSecr=3045555577 [TCP segment of a reassembled PDU]"
"24686","31.722266523","192.168.1.55","192.168.1.2","TCP","1514","8004  >  35924 [ACK] Seq=376670 Ack=141 Win=65024 Len=1448 TSval=2916035802 TSecr=3045555577 [TCP segment of a reassembled PDU]"
"24687","31.722273912","192.168.1.55","192.168.1.2","TCP","1514","8004  >  35924 [ACK] Seq=378118 Ack=141 Win=65024 Len=1448 TSval=2916035802 TSecr=3045555577 [TCP segment of a reassembled PDU]"
"24688","31.722274874","192.168.1.55","192.168.1.2","TCP","1514","8004  >  35924 [ACK] Seq=379566 Ack=141 Win=65024 Len=1448 TSval=2916035802 TSecr=3045555577 [TCP segment of a reassembled PDU]"
"24689","31.722276245","192.168.1.55","192.168.1.2","TCP","1514","8004  >  35924 [ACK] Seq=381014 Ack=141 Win=65024 Len=1448 TSval=2916035802 TSecr=3045555577 [TCP segment of a reassembled PDU]"
"24690","31.722277263","192.168.1.55","192.168.1.2","TCP","1514","8004  >  35924 [ACK] Seq=382462 Ack=141 Win=65024 Len=1448 TSval=2916035802 TSecr=3045555577 [TCP segment of a reassembled PDU]"
"24691","31.722278208","192.168.1.55","192.168.1.2","TCP","1514","8004  >  35924 [ACK] Seq=383910 Ack=141 Win=65024 Len=1448 TSval=2916035802 TSecr=3045555577 [TCP segment of a reassembled PDU]"
"24692","31.722279356","192.168.1.55","192.168.1.2","TCP","1514","8004  >  35924 [ACK] Seq=385358 Ack=141 Win=65024 Len=1448 TSval=2916035802 TSecr=3045555577 [TCP segment of a reassembled PDU]"
"24693","31.722280745","192.168.1.55","192.168.1.2","TCP","1514","8004  >  35924 [ACK] Seq=386806 Ack=141 Win=65024 Len=1448 TSval=2916035802 TSecr=3045555577 [TCP segment of a reassembled PDU]"
"24694","31.722281800","192.168.1.55","192.168.1.2","TCP","1514","8004  >  35924 [ACK] Seq=388254 Ack=141 Win=65024 Len=1448 TSval=2916035802 TSecr=3045555577 [TCP segment of a reassembled PDU]"
"24695","31.722282930","192.168.1.55","192.168.1.2","TCP","1514","8004  >  35924 [ACK] Seq=389702 Ack=141 Win=65024 Len=1448 TSval=2916035802 TSecr=3045555577 [TCP segment of a reassembled PDU]"
"24696","31.722284467","192.168.1.55","192.168.1.2","TCP","1514","8004  >  35924 [ACK] Seq=391150 Ack=141 Win=65024 Len=1448 TSval=2916035802 TSecr=3045555577 [TCP segment of a reassembled PDU]"
"24697","31.722285986","192.168.1.55","192.168.1.2","TCP","1514","8004  >  35924 [ACK] Seq=392598 Ack=141 Win=65024 Len=1448 TSval=2916035802 TSecr=3045555577 [TCP segment of a reassembled PDU]"
"24698","31.722287078","192.168.1.55","192.168.1.2","TCP","1514","8004  >  35924 [PSH, ACK] Seq=394046 Ack=141 Win=65024 Len=1448 TSval=2916035802 TSecr=3045555577 [TCP segment of a reassembled PDU]"
"24699","31.722341189","192.168.1.2","192.168.1.55","TCP","66","35924  >  8004 [ACK] Seq=141 Ack=301470 Win=104448 Len=0 TSval=3045555578 TSecr=2916035800"
"24700","31.723889414","192.168.1.2","192.168.1.55","TCP","66","35924  >  8004 [ACK] Seq=141 Ack=302822 Win=104448 Len=0 TSval=3045555578 TSecr=2916035800"
"24701","31.723900470","192.168.1.55","192.168.1.2","TCP","1514","8004  >  35924 [ACK] Seq=395494 Ack=141 Win=65024 Len=1448 TSval=2916035804 TSecr=3045555578 [TCP segment of a reassembled PDU]"
"24702","31.723970377","192.168.1.55","192.168.1.2","TCP","1514","8004  >  35924 [ACK] Seq=396942 Ack=141 Win=65024 Len=1448 TSval=2916035804 TSecr=3045555578 [TCP segment of a reassembled PDU]"
"24703","31.723975396","192.168.1.55","192.168.1.2","TCP","1514","8004  >  35924 [ACK] Seq=398390 Ack=141 Win=65024 Len=1448 TSval=2916035804 TSecr=3045555578 [TCP segment of a reassembled PDU]"
"24704","31.723976710","192.168.1.55","192.168.1.2","TCP","1514","8004  >  35924 [ACK] Seq=399838 Ack=141 Win=65024 Len=1448 TSval=2916035804 TSecr=3045555578 [TCP segment of a reassembled PDU]"
"24705","31.723978118","192.168.1.55","192.168.1.2","TCP","1514","8004  >  35924 [ACK] Seq=401286 Ack=141 Win=65024 Len=1448 TSval=2916035804 TSecr=3045555578 [TCP segment of a reassembled PDU]"
"24706","31.723979155","192.168.1.55","192.168.1.2","TCP","1514","8004  >  35924 [ACK] Seq=402734 Ack=141 Win=65024 Len=1448 TSval=2916035804 TSecr=3045555578 [TCP segment of a reassembled PDU]"
"24707","31.723980433","192.168.1.55","192.168.1.2","TCP","1514","8004  >  35924 [ACK] Seq=404182 Ack=141 Win=65024 Len=1448 TSval=2916035804 TSecr=3045555578 [TCP segment of a reassembled PDU]"
"24708","31.723981562","192.168.1.55","192.168.1.2","TCP","1514","8004  >  35924 [ACK] Seq=405630 Ack=141 Win=65024 Len=1448 TSval=2916035804 TSecr=3045555578 [TCP segment of a reassembled PDU]"
"24709","31.723982673","192.168.1.55","192.168.1.2","TCP","258","[TCP Window Full] 8004  >  35924 [PSH, ACK] Seq=407078 Ack=141 Win=65024 Len=192 TSval=2916035804 TSecr=3045555578 [TCP segment of a reassembled PDU]"
"24710","31.728546070","192.168.1.2","192.168.1.55","TCP","66","35924  >  8004 [ACK] Seq=141 Ack=349158 Win=62464 Len=0 TSval=3045555582 TSecr=2916035802"
"24711","31.728587273","192.168.1.55","192.168.1.2","TCP","1514","8004  >  35924 [ACK] Seq=407270 Ack=141 Win=65024 Len=1448 TSval=2916035809 TSecr=3045555582 [TCP segment of a reassembled PDU]"
"24712","31.728591699","192.168.1.55","192.168.1.2","TCP","1514","8004  >  35924 [ACK] Seq=408718 Ack=141 Win=65024 Len=1448 TSval=2916035809 TSecr=3045555582 [TCP segment of a reassembled PDU]"
"24713","31.728593403","192.168.1.55","192.168.1.2","TCP","1514","8004  >  35924 [PSH, ACK] Seq=410166 Ack=141 Win=65024 Len=1448 TSval=2916035809 TSecr=3045555582 [TCP segment of a reassembled PDU]"
"24714","31.729830349","192.168.1.2","192.168.1.55","TCP","66","35924  >  8004 [ACK] Seq=141 Ack=395494 Win=64512 Len=0 TSval=3045555585 TSecr=2916035802"
"24715","31.729877498","192.168.1.55","192.168.1.2","TCP","1514","8004  >  35924 [ACK] Seq=411614 Ack=141 Win=65024 Len=1448 TSval=2916035810 TSecr=3045555585 [TCP segment of a reassembled PDU]"
"24716","31.729880164","192.168.1.55","192.168.1.2","TCP","1514","8004  >  35924 [ACK] Seq=413062 Ack=141 Win=65024 Len=1448 TSval=2916035810 TSecr=3045555585 [TCP segment of a reassembled PDU]"
"24717","31.729882442","192.168.1.55","192.168.1.2","TCP","1514","8004  >  35924 [ACK] Seq=414510 Ack=141 Win=65024 Len=1448 TSval=2916035810 TSecr=3045555585 [TCP segment of a reassembled PDU]"
"24718","31.729884572","192.168.1.55","192.168.1.2","TCP","1514","8004  >  35924 [ACK] Seq=415958 Ack=141 Win=65024 Len=1448 TSval=2916035810 TSecr=3045555585 [TCP segment of a reassembled PDU]"
"24719","31.729885887","192.168.1.55","192.168.1.2","TCP","1514","8004  >  35924 [ACK] Seq=417406 Ack=141 Win=65024 Len=1448 TSval=2916035810 TSecr=3045555585 [TCP segment of a reassembled PDU]"
"24720","31.729887201","192.168.1.55","192.168.1.2","TCP","1514","8004  >  35924 [ACK] Seq=418854 Ack=141 Win=65024 Len=1448 TSval=2916035810 TSecr=3045555585 [TCP segment of a reassembled PDU]"
"24721","31.729888887","192.168.1.55","192.168.1.2","TCP","1514","8004  >  35924 [ACK] Seq=420302 Ack=141 Win=65024 Len=1448 TSval=2916035810 TSecr=3045555585 [TCP segment of a reassembled PDU]"
"24722","31.729890294","192.168.1.55","192.168.1.2","TCP","1514","8004  >  35924 [ACK] Seq=421750 Ack=141 Win=65024 Len=1448 TSval=2916035810 TSecr=3045555585 [TCP segment of a reassembled PDU]"
"24723","31.729891683","192.168.1.55","192.168.1.2","TCP","1514","8004  >  35924 [ACK] Seq=423198 Ack=141 Win=65024 Len=1448 TSval=2916035810 TSecr=3045555585 [TCP segment of a reassembled PDU]"
"24724","31.729893368","192.168.1.55","192.168.1.2","TCP","1514","8004  >  35924 [ACK] Seq=424646 Ack=141 Win=65024 Len=1448 TSval=2916035810 TSecr=3045555585 [TCP segment of a reassembled PDU]"
"24725","31.729895072","192.168.1.55","192.168.1.2","TCP","1514","8004  >  35924 [ACK] Seq=426094 Ack=141 Win=65024 Len=1448 TSval=2916035810 TSecr=3045555585 [TCP segment of a reassembled PDU]"
"24726","31.729896553","192.168.1.55","192.168.1.2","TCP","1514","8004  >  35924 [ACK] Seq=427542 Ack=141 Win=65024 Len=1448 TSval=2916035810 TSecr=3045555585 [TCP segment of a reassembled PDU]"
"24727","31.729897887","192.168.1.55","192.168.1.2","TCP","1514","8004  >  35924 [ACK] Seq=428990 Ack=141 Win=65024 Len=1448 TSval=2916035810 TSecr=3045555585 [TCP segment of a reassembled PDU]"
"24728","31.729900090","192.168.1.55","192.168.1.2","TCP","1514","8004  >  35924 [ACK] Seq=430438 Ack=141 Win=65024 Len=1448 TSval=2916035810 TSecr=3045555585 [TCP segment of a reassembled PDU]"
"24729","31.729901442","192.168.1.55","192.168.1.2","TCP","1514","8004  >  35924 [ACK] Seq=431886 Ack=141 Win=65024 Len=1448 TSval=2916035810 TSecr=3045555585 [TCP segment of a reassembled PDU]"
"24730","31.729902979","192.168.1.55","192.168.1.2","TCP","1514","8004  >  35924 [ACK] Seq=433334 Ack=141 Win=65024 Len=1448 TSval=2916035810 TSecr=3045555585 [TCP segment of a reassembled PDU]"
"24731","31.729904201","192.168.1.55","192.168.1.2","TCP","1514","8004  >  35924 [ACK] Seq=434782 Ack=141 Win=65024 Len=1448 TSval=2916035810 TSecr=3045555585 [TCP segment of a reassembled PDU]"
"24732","31.729906350","192.168.1.55","192.168.1.2","TCP","1514","8004  >  35924 [ACK] Seq=436230 Ack=141 Win=65024 Len=1448 TSval=2916035810 TSecr=3045555585 [TCP segment of a reassembled PDU]"
"24733","31.729907998","192.168.1.55","192.168.1.2","TCP","1514","8004  >  35924 [ACK] Seq=437678 Ack=141 Win=65024 Len=1448 TSval=2916035810 TSecr=3045555585 [TCP segment of a reassembled PDU]"
"24734","31.729909035","192.168.1.55","192.168.1.2","TCP","1514","8004  >  35924 [PSH, ACK] Seq=439126 Ack=141 Win=65024 Len=1448 TSval=2916035810 TSecr=3045555585 [TCP segment of a reassembled PDU]"
"24735","31.729915831","192.168.1.55","192.168.1.2","TCP","1322","8004  >  35924 [ACK] Seq=440574 Ack=141 Win=65024 Len=1256 TSval=2916035810 TSecr=3045555585 [TCP segment of a reassembled PDU]"
"24736","31.729965479","192.168.1.2","192.168.1.55","TCP","66","35924  >  8004 [ACK] Seq=141 Ack=405630 Win=55296 Len=0 TSval=3045555585 TSecr=2916035804"
"24737","31.729997146","192.168.1.55","192.168.1.2","TCP","1514","8004  >  35924 [ACK] Seq=441830 Ack=141 Win=65024 Len=1448 TSval=2916035810 TSecr=3045555585 [TCP segment of a reassembled PDU]"
"24738","31.729999590","192.168.1.55","192.168.1.2","TCP","1514","8004  >  35924 [ACK] Seq=443278 Ack=141 Win=65024 Len=1448 TSval=2916035810 TSecr=3045555585 [TCP segment of a reassembled PDU]"
"24739","31.730000831","192.168.1.55","192.168.1.2","TCP","1514","8004  >  35924 [ACK] Seq=444726 Ack=141 Win=65024 Len=1448 TSval=2916035810 TSecr=3045555585 [TCP segment of a reassembled PDU]"
"24740","31.730003016","192.168.1.55","192.168.1.2","TCP","1514","8004  >  35924 [ACK] Seq=446174 Ack=141 Win=65024 Len=1448 TSval=2916035810 TSecr=3045555585 [TCP segment of a reassembled PDU]"
"24741","31.730004683","192.168.1.55","192.168.1.2","TCP","1514","8004  >  35924 [ACK] Seq=447622 Ack=141 Win=65024 Len=1448 TSval=2916035810 TSecr=3045555585 [TCP segment of a reassembled PDU]"
"24742","31.730007498","192.168.1.55","192.168.1.2","TCP","1514","8004  >  35924 [ACK] Seq=449070 Ack=141 Win=65024 Len=1448 TSval=2916035810 TSecr=3045555585 [TCP segment of a reassembled PDU]"
"24743","31.730008979","192.168.1.55","192.168.1.2","TCP","1514","8004  >  35924 [ACK] Seq=450518 Ack=141 Win=65024 Len=1448 TSval=2916035810 TSecr=3045555585 [TCP segment of a reassembled PDU]"
"24744","31.730010109","192.168.1.55","192.168.1.2","TCP","1514","8004  >  35924 [ACK] Seq=451966 Ack=141 Win=65024 Len=1448 TSval=2916035810 TSecr=3045555585 [TCP segment of a reassembled PDU]"
"24745","31.730011776","192.168.1.55","192.168.1.2","TCP","1514","8004  >  35924 [ACK] Seq=453414 Ack=141 Win=65024 Len=1448 TSval=2916035810 TSecr=3045555585 [TCP segment of a reassembled PDU]"
"24746","31.730013479","192.168.1.55","192.168.1.2","TCP","1514","8004  >  35924 [ACK] Seq=454862 Ack=141 Win=65024 Len=1448 TSval=2916035810 TSecr=3045555585 [TCP segment of a reassembled PDU]"
"24747","31.730015035","192.168.1.55","192.168.1.2","TCP","1514","8004  >  35924 [ACK] Seq=456310 Ack=141 Win=65024 Len=1448 TSval=2916035810 TSecr=3045555585 [TCP segment of a reassembled PDU]"
"24748","31.730016146","192.168.1.55","192.168.1.2","TCP","1514","8004  >  35924 [ACK] Seq=457758 Ack=141 Win=65024 Len=1448 TSval=2916035810 TSecr=3045555585 [TCP segment of a reassembled PDU]"
"24749","31.730018035","192.168.1.55","192.168.1.2","TCP","1514","8004  >  35924 [PSH, ACK] Seq=459206 Ack=141 Win=65024 Len=1448 TSval=2916035810 TSecr=3045555585 [TCP segment of a reassembled PDU]"
"24750","31.730021646","192.168.1.2","192.168.1.55","TCP","66","35924  >  8004 [ACK] Seq=141 Ack=407270 Win=107520 Len=0 TSval=3045555585 TSecr=2916035804"
"24751","31.730053942","192.168.1.55","192.168.1.2","TCP","1514","8004  >  35924 [ACK] Seq=460654 Ack=141 Win=65024 Len=1448 TSval=2916035810 TSecr=3045555585 [TCP segment of a reassembled PDU]"
"24752","31.730055757","192.168.1.55","192.168.1.2","TCP","1514","8004  >  35924 [ACK] Seq=462102 Ack=141 Win=65024 Len=1448 TSval=2916035810 TSecr=3045555585 [TCP segment of a reassembled PDU]"
"24753","31.730057350","192.168.1.55","192.168.1.2","TCP","1514","8004  >  35924 [ACK] Seq=463550 Ack=141 Win=65024 Len=1448 TSval=2916035810 TSecr=3045555585 [TCP segment of a reassembled PDU]"
"24754","31.730059165","192.168.1.55","192.168.1.2","TCP","1514","8004  >  35924 [ACK] Seq=464998 Ack=141 Win=65024 Len=1448 TSval=2916035810 TSecr=3045555585 [TCP segment of a reassembled PDU]"
"24755","31.730061739","192.168.1.55","192.168.1.2","TCP","1514","8004  >  35924 [ACK] Seq=466446 Ack=141 Win=65024 Len=1448 TSval=2916035810 TSecr=3045555585 [TCP segment of a reassembled PDU]"
"24756","31.730063368","192.168.1.55","192.168.1.2","TCP","1514","8004  >  35924 [ACK] Seq=467894 Ack=141 Win=65024 Len=1448 TSval=2916035810 TSecr=3045555585 [TCP segment of a reassembled PDU]"
"24757","31.730064868","192.168.1.55","192.168.1.2","TCP","1514","8004  >  35924 [ACK] Seq=469342 Ack=141 Win=65024 Len=1448 TSval=2916035810 TSecr=3045555585 [TCP segment of a reassembled PDU]"
"24758","31.730066387","192.168.1.55","192.168.1.2","TCP","1514","8004  >  35924 [ACK] Seq=470790 Ack=141 Win=65024 Len=1448 TSval=2916035810 TSecr=3045555585 [TCP segment of a reassembled PDU]"
"24759","31.730067424","192.168.1.55","192.168.1.2","TCP","1514","8004  >  35924 [ACK] Seq=472238 Ack=141 Win=65024 Len=1448 TSval=2916035810 TSecr=3045555585 [TCP segment of a reassembled PDU]"
"24760","31.730069091","192.168.1.55","192.168.1.2","TCP","1514","8004  >  35924 [ACK] Seq=473686 Ack=141 Win=65024 Len=1448 TSval=2916035810 TSecr=3045555585 [TCP segment of a reassembled PDU]"
"24761","31.730070553","192.168.1.55","192.168.1.2","TCP","1514","8004  >  35924 [ACK] Seq=475134 Ack=141 Win=65024 Len=1448 TSval=2916035810 TSecr=3045555585 [TCP segment of a reassembled PDU]"
"24762","31.730072035","192.168.1.55","192.168.1.2","TCP","1514","8004  >  35924 [ACK] Seq=476582 Ack=141 Win=65024 Len=1448 TSval=2916035810 TSecr=3045555585 [TCP segment of a reassembled PDU]"
"24763","31.730073776","192.168.1.55","192.168.1.2","TCP","1514","8004  >  35924 [ACK] Seq=478030 Ack=141 Win=65024 Len=1448 TSval=2916035810 TSecr=3045555585 [TCP segment of a reassembled PDU]"
"24764","31.730075628","192.168.1.55","192.168.1.2","TCP","1514","8004  >  35924 [ACK] Seq=479478 Ack=141 Win=65024 Len=1448 TSval=2916035810 TSecr=3045555585 [TCP segment of a reassembled PDU]"
"24765","31.730077516","192.168.1.55","192.168.1.2","TCP","1514","8004  >  35924 [ACK] Seq=480926 Ack=141 Win=65024 Len=1448 TSval=2916035810 TSecr=3045555585 [TCP segment of a reassembled PDU]"
"24766","31.730078979","192.168.1.55","192.168.1.2","TCP","1514","8004  >  35924 [ACK] Seq=482374 Ack=141 Win=65024 Len=1448 TSval=2916035810 TSecr=3045555585 [TCP segment of a reassembled PDU]"
"24767","31.730081646","192.168.1.55","192.168.1.2","TCP","1514","8004  >  35924 [ACK] Seq=483822 Ack=141 Win=65024 Len=1448 TSval=2916035810 TSecr=3045555585 [TCP segment of a reassembled PDU]"
"24768","31.730083165","192.168.1.55","192.168.1.2","TCP","1514","8004  >  35924 [ACK] Seq=485270 Ack=141 Win=65024 Len=1448 TSval=2916035810 TSecr=3045555585 [TCP segment of a reassembled PDU]"
"24769","31.730084461","192.168.1.55","192.168.1.2","TCP","1514","8004  >  35924 [PSH, ACK] Seq=486718 Ack=141 Win=65024 Len=1448 TSval=2916035810 TSecr=3045555585 [TCP segment of a reassembled PDU]"
"24770","31.731286037","192.168.1.55","192.168.1.2","TCP","1514","8004  >  35924 [ACK] Seq=488166 Ack=141 Win=65024 Len=1448 TSval=2916035811 TSecr=3045555585 [TCP segment of a reassembled PDU]"
"24771","31.731289259","192.168.1.55","192.168.1.2","TCP","1514","8004  >  35924 [ACK] Seq=489614 Ack=141 Win=65024 Len=1448 TSval=2916035811 TSecr=3045555585 [TCP segment of a reassembled PDU]"
"24772","31.731290611","192.168.1.55","192.168.1.2","TCP","1514","8004  >  35924 [ACK] Seq=491062 Ack=141 Win=65024 Len=1448 TSval=2916035811 TSecr=3045555585 [TCP segment of a reassembled PDU]"
"24773","31.731298092","192.168.1.55","192.168.1.2","TCP","1514","8004  >  35924 [ACK] Seq=492510 Ack=141 Win=65024 Len=1448 TSval=2916035811 TSecr=3045555585 [TCP segment of a reassembled PDU]"
"24774","31.731299444","192.168.1.55","192.168.1.2","TCP","1514","8004  >  35924 [ACK] Seq=493958 Ack=141 Win=65024 Len=1448 TSval=2916035811 TSecr=3045555585 [TCP segment of a reassembled PDU]"
"24775","31.731300629","192.168.1.55","192.168.1.2","TCP","1514","8004  >  35924 [ACK] Seq=495406 Ack=141 Win=65024 Len=1448 TSval=2916035811 TSecr=3045555585 [TCP segment of a reassembled PDU]"
"24776","31.731301704","192.168.1.55","192.168.1.2","TCP","1514","8004  >  35924 [PSH, ACK] Seq=496854 Ack=141 Win=65024 Len=1448 TSval=2916035811 TSecr=3045555585 [TCP segment of a reassembled PDU]"
"24777","31.731307481","192.168.1.55","192.168.1.2","HTTP","1472","HTTP/1.0 200 OK  (PNG)"
"24778","31.737406176","192.168.1.2","192.168.1.55","TCP","66","35924  >  8004 [ACK] Seq=141 Ack=410166 Win=107520 Len=0 TSval=3045555587 TSecr=2916035809"
"24779","31.737555380","192.168.1.2","192.168.1.55","TCP","66","35924  >  8004 [ACK] Seq=141 Ack=440574 Win=107520 Len=0 TSval=3045555590 TSecr=2916035809"
"24780","31.737568769","192.168.1.2","192.168.1.55","TCP","66","35924  >  8004 [ACK] Seq=141 Ack=441830 Win=110592 Len=0 TSval=3045555590 TSecr=2916035810"
"24781","31.737573936","192.168.1.2","192.168.1.55","TCP","66","35924  >  8004 [ACK] Seq=141 Ack=460654 Win=109568 Len=0 TSval=3045555590 TSecr=2916035810"
"24782","31.738425400","192.168.1.2","192.168.1.55","TCP","66","35924  >  8004 [ACK] Seq=141 Ack=488166 Win=128000 Len=0 TSval=3045555593 TSecr=2916035810"
"24783","31.738532215","192.168.1.2","192.168.1.55","TCP","66","35924  >  8004 [ACK] Seq=141 Ack=498302 Win=118784 Len=0 TSval=3045555593 TSecr=2916035811"
"24784","31.740052866","192.168.1.2","192.168.1.55","TCP","66","35924  >  8004 [FIN, ACK] Seq=141 Ack=499709 Win=131072 Len=0 TSval=3045555594 TSecr=2916035811"
"24785","31.740067773","192.168.1.55","192.168.1.2","TCP","66","8004  >  35924 [ACK] Seq=499709 Ack=142 Win=65024 Len=0 TSval=2916035820 TSecr=3045555594"
"24786","31.740176181","192.168.1.2","192.168.1.55","TCP","74","35936  >  8004 [SYN] Seq=0 Win=64240 Len=0 MSS=1460 SACK_PERM TSval=3045555595 TSecr=0 WS=1024"
"24787","31.740200458","192.168.1.55","192.168.1.2","TCP","74","8004  >  35936 [SYN, ACK] Seq=0 Ack=1 Win=65160 Len=0 MSS=1460 SACK_PERM TSval=2916035820 TSecr=3045555595 WS=128"
"24788","31.743068185","192.168.1.2","192.168.1.55","TCP","66","35936  >  8004 [ACK] Seq=1 Ack=1 Win=64512 Len=0 TSval=3045555598 TSecr=2916035820"
"24789","31.746303412","192.168.1.2","192.168.1.55","HTTP","209","GET /original_benchmark.png HTTP/1.1 "
"24790","31.746321542","192.168.1.55","192.168.1.2","TCP","66","8004  >  35936 [ACK] Seq=1 Ack=144 Win=65024 Len=0 TSval=2916035827 TSecr=3045555598"
"24791","31.746793043","192.168.1.55","192.168.1.2","TCP","255","8004  >  35936 [PSH, ACK] Seq=1 Ack=144 Win=65024 Len=189 TSval=2916035827 TSecr=3045555598 [TCP segment of a reassembled PDU]"
"24792","31.746888080","192.168.1.55","192.168.1.2","TCP","1514","8004  >  35936 [ACK] Seq=190 Ack=144 Win=65024 Len=1448 TSval=2916035827 TSecr=3045555598 [TCP segment of a reassembled PDU]"
"24793","31.746892673","192.168.1.55","192.168.1.2","TCP","1514","8004  >  35936 [ACK] Seq=1638 Ack=144 Win=65024 Len=1448 TSval=2916035827 TSecr=3045555598 [TCP segment of a reassembled PDU]"
"24794","31.746894043","192.168.1.55","192.168.1.2","TCP","1514","8004  >  35936 [ACK] Seq=3086 Ack=144 Win=65024 Len=1448 TSval=2916035827 TSecr=3045555598 [TCP segment of a reassembled PDU]"
"24795","31.746895450","192.168.1.55","192.168.1.2","TCP","1514","8004  >  35936 [ACK] Seq=4534 Ack=144 Win=65024 Len=1448 TSval=2916035827 TSecr=3045555598 [TCP segment of a reassembled PDU]"
"24796","31.746897302","192.168.1.55","192.168.1.2","TCP","1514","8004  >  35936 [PSH, ACK] Seq=5982 Ack=144 Win=65024 Len=1448 TSval=2916035827 TSecr=3045555598 [TCP segment of a reassembled PDU]"
"24797","31.746916450","192.168.1.55","192.168.1.2","TCP","1514","8004  >  35936 [ACK] Seq=7430 Ack=144 Win=65024 Len=1448 TSval=2916035827 TSecr=3045555598 [TCP segment of a reassembled PDU]"
"24798","31.746918580","192.168.1.55","192.168.1.2","TCP","1514","8004  >  35936 [ACK] Seq=8878 Ack=144 Win=65024 Len=1448 TSval=2916035827 TSecr=3045555598 [TCP segment of a reassembled PDU]"
"24799","31.746919895","192.168.1.55","192.168.1.2","TCP","1514","8004  >  35936 [ACK] Seq=10326 Ack=144 Win=65024 Len=1448 TSval=2916035827 TSecr=3045555598 [TCP segment of a reassembled PDU]"
"24800","31.746921691","192.168.1.55","192.168.1.2","TCP","1514","8004  >  35936 [PSH, ACK] Seq=11774 Ack=144 Win=65024 Len=1448 TSval=2916035827 TSecr=3045555598 [TCP segment of a reassembled PDU]"
"24801","31.750627253","192.168.1.2","192.168.1.55","TCP","66","35936  >  8004 [ACK] Seq=144 Ack=190 Win=64512 Len=0 TSval=3045555605 TSecr=2916035827"
"24802","31.750815605","192.168.1.55","192.168.1.2","TCP","1514","8004  >  35936 [ACK] Seq=13222 Ack=144 Win=65024 Len=1448 TSval=2916035831 TSecr=3045555605 [TCP segment of a reassembled PDU]"
"24803","31.750829846","192.168.1.55","192.168.1.2","TCP","1514","8004  >  35936 [PSH, ACK] Seq=14670 Ack=144 Win=65024 Len=1448 TSval=2916035831 TSecr=3045555605 [TCP segment of a reassembled PDU]"
"24804","31.750998161","192.168.1.2","192.168.1.55","TCP","66","35936  >  8004 [ACK] Seq=144 Ack=5982 Win=76800 Len=0 TSval=3045555605 TSecr=2916035827"
"24805","31.751090735","192.168.1.55","192.168.1.2","TCP","1514","8004  >  35936 [ACK] Seq=16118 Ack=144 Win=65024 Len=1448 TSval=2916035831 TSecr=3045555605 [TCP segment of a reassembled PDU]"
"24806","31.751097790","192.168.1.55","192.168.1.2","TCP","1514","8004  >  35936 [ACK] Seq=17566 Ack=144 Win=65024 Len=1448 TSval=2916035831 TSecr=3045555605 [TCP segment of a reassembled PDU]"
"24807","31.751100902","192.168.1.55","192.168.1.2","TCP","1514","8004  >  35936 [ACK] Seq=19014 Ack=144 Win=65024 Len=1448 TSval=2916035831 TSecr=3045555605 [TCP segment of a reassembled PDU]"
"24808","31.751103290","192.168.1.55","192.168.1.2","TCP","1514","8004  >  35936 [ACK] Seq=20462 Ack=144 Win=65024 Len=1448 TSval=2916035831 TSecr=3045555605 [TCP segment of a reassembled PDU]"
"24809","31.751105439","192.168.1.55","192.168.1.2","TCP","1514","8004  >  35936 [ACK] Seq=21910 Ack=144 Win=65024 Len=1448 TSval=2916035831 TSecr=3045555605 [TCP segment of a reassembled PDU]"
"24810","31.751107476","192.168.1.55","192.168.1.2","TCP","1514","8004  >  35936 [ACK] Seq=23358 Ack=144 Win=65024 Len=1448 TSval=2916035831 TSecr=3045555605 [TCP segment of a reassembled PDU]"
"24811","31.751111420","192.168.1.55","192.168.1.2","TCP","1514","8004  >  35936 [PSH, ACK] Seq=24806 Ack=144 Win=65024 Len=1448 TSval=2916035831 TSecr=3045555605 [TCP segment of a reassembled PDU]"
"24812","31.751123642","192.168.1.2","192.168.1.55","TCP","66","35936  >  8004 [ACK] Seq=144 Ack=7430 Win=79872 Len=0 TSval=3045555606 TSecr=2916035827"
"24813","31.751174883","192.168.1.2","192.168.1.55","TCP","66","35936  >  8004 [ACK] Seq=144 Ack=13222 Win=80896 Len=0 TSval=3045555606 TSecr=2916035827"
"24814","31.751253180","192.168.1.55","192.168.1.2","TCP","1514","8004  >  35936 [ACK] Seq=26254 Ack=144 Win=65024 Len=1448 TSval=2916035831 TSecr=3045555606 [TCP segment of a reassembled PDU]"
"24815","31.751261643","192.168.1.55","192.168.1.2","TCP","1514","8004  >  35936 [ACK] Seq=27702 Ack=144 Win=65024 Len=1448 TSval=2916035831 TSecr=3045555606 [TCP segment of a reassembled PDU]"
"24816","31.751264605","192.168.1.55","192.168.1.2","TCP","1514","8004  >  35936 [ACK] Seq=29150 Ack=144 Win=65024 Len=1448 TSval=2916035831 TSecr=3045555606 [TCP segment of a reassembled PDU]"
"24817","31.751269254","192.168.1.55","192.168.1.2","TCP","1514","8004  >  35936 [ACK] Seq=30598 Ack=144 Win=65024 Len=1448 TSval=2916035831 TSecr=3045555606 [TCP segment of a reassembled PDU]"
"24818","31.751271754","192.168.1.55","192.168.1.2","TCP","1514","8004  >  35936 [ACK] Seq=32046 Ack=144 Win=65024 Len=1448 TSval=2916035831 TSecr=3045555606 [TCP segment of a reassembled PDU]"
"24819","31.751275994","192.168.1.55","192.168.1.2","TCP","1514","8004  >  35936 [ACK] Seq=33494 Ack=144 Win=65024 Len=1448 TSval=2916035831 TSecr=3045555606 [TCP segment of a reassembled PDU]"
"24820","31.751279161","192.168.1.55","192.168.1.2","TCP","1514","8004  >  35936 [ACK] Seq=34942 Ack=144 Win=65024 Len=1448 TSval=2916035831 TSecr=3045555606 [TCP segment of a reassembled PDU]"
"24821","31.751288735","192.168.1.55","192.168.1.2","TCP","1514","8004  >  35936 [ACK] Seq=36390 Ack=144 Win=65024 Len=1448 TSval=2916035831 TSecr=3045555606 [TCP segment of a reassembled PDU]"
"24822","31.751308383","192.168.1.55","192.168.1.2","TCP","1514","8004  >  35936 [ACK] Seq=37838 Ack=144 Win=65024 Len=1448 TSval=2916035831 TSecr=3045555606 [TCP segment of a reassembled PDU]"
"24823","31.751309994","192.168.1.55","192.168.1.2","TCP","1514","8004  >  35936 [PSH, ACK] Seq=39286 Ack=144 Win=65024 Len=1448 TSval=2916035831 TSecr=3045555606 [TCP segment of a reassembled PDU]"
"24824","31.752384070","192.168.1.55","192.168.1.2","TCP","1514","8004  >  35936 [ACK] Seq=40734 Ack=144 Win=65024 Len=1448 TSval=2916035833 TSecr=3045555606 [TCP segment of a reassembled PDU]"
"24825","31.756045298","192.168.1.2","192.168.1.55","TCP","66","35936  >  8004 [ACK] Seq=144 Ack=16118 Win=87040 Len=0 TSval=3045555610 TSecr=2916035831"
"24826","31.756094761","192.168.1.55","192.168.1.2","TCP","1514","8004  >  35936 [ACK] Seq=42182 Ack=144 Win=65024 Len=1448 TSval=2916035836 TSecr=3045555610 [TCP segment of a reassembled PDU]"
"24827","31.756100835","192.168.1.55","192.168.1.2","TCP","1514","8004  >  35936 [PSH, ACK] Seq=43630 Ack=144 Win=65024 Len=1448 TSval=2916035836 TSecr=3045555610 [TCP segment of a reassembled PDU]"
"24828","31.756167891","192.168.1.2","192.168.1.55","TCP","66","35936  >  8004 [ACK] Seq=144 Ack=26254 Win=86016 Len=0 TSval=3045555610 TSecr=2916035831"
"24829","31.756200947","192.168.1.55","192.168.1.2","TCP","1514","8004  >  35936 [ACK] Seq=45078 Ack=144 Win=65024 Len=1448 TSval=2916035836 TSecr=3045555610 [TCP segment of a reassembled PDU]"
"24830","31.756203410","192.168.1.55","192.168.1.2","TCP","1514","8004  >  35936 [ACK] Seq=46526 Ack=144 Win=65024 Len=1448 TSval=2916035836 TSecr=3045555610 [TCP segment of a reassembled PDU]"
"24831","31.756204836","192.168.1.55","192.168.1.2","TCP","1514","8004  >  35936 [ACK] Seq=47974 Ack=144 Win=65024 Len=1448 TSval=2916035836 TSecr=3045555610 [TCP segment of a reassembled PDU]"
"24832","31.756206391","192.168.1.55","192.168.1.2","TCP","1514","8004  >  35936 [ACK] Seq=49422 Ack=144 Win=65024 Len=1448 TSval=2916035836 TSecr=3045555610 [TCP segment of a reassembled PDU]"
"24833","31.756207836","192.168.1.55","192.168.1.2","TCP","1514","8004  >  35936 [ACK] Seq=50870 Ack=144 Win=65024 Len=1448 TSval=2916035836 TSecr=3045555610 [TCP segment of a reassembled PDU]"
"24834","31.756209336","192.168.1.55","192.168.1.2","TCP","1514","8004  >  35936 [ACK] Seq=52318 Ack=144 Win=65024 Len=1448 TSval=2916035836 TSecr=3045555610 [TCP segment of a reassembled PDU]"
"24835","31.756210873","192.168.1.55","192.168.1.2","TCP","1514","8004  >  35936 [ACK] Seq=53766 Ack=144 Win=65024 Len=1448 TSval=2916035836 TSecr=3045555610 [TCP segment of a reassembled PDU]"
"24836","31.756212317","192.168.1.55","192.168.1.2","TCP","1514","8004  >  35936 [ACK] Seq=55214 Ack=144 Win=65024 Len=1448 TSval=2916035836 TSecr=3045555610 [TCP segment of a reassembled PDU]"
"24837","31.756214687","192.168.1.55","192.168.1.2","TCP","1514","8004  >  35936 [ACK] Seq=56662 Ack=144 Win=65024 Len=1448 TSval=2916035836 TSecr=3045555610 [TCP segment of a reassembled PDU]"
"24838","31.756216150","192.168.1.55","192.168.1.2","TCP","1514","8004  >  35936 [ACK] Seq=58110 Ack=144 Win=65024 Len=1448 TSval=2916035836 TSecr=3045555610 [TCP segment of a reassembled PDU]"
"24839","31.756217521","192.168.1.55","192.168.1.2","TCP","1514","8004  >  35936 [ACK] Seq=59558 Ack=144 Win=65024 Len=1448 TSval=2916035836 TSecr=3045555610 [TCP segment of a reassembled PDU]"
"24840","31.756219280","192.168.1.55","192.168.1.2","TCP","1514","8004  >  35936 [ACK] Seq=61006 Ack=144 Win=65024 Len=1448 TSval=2916035836 TSecr=3045555610 [TCP segment of a reassembled PDU]"
"24841","31.756220539","192.168.1.55","192.168.1.2","TCP","1514","8004  >  35936 [ACK] Seq=62454 Ack=144 Win=65024 Len=1448 TSval=2916035836 TSecr=3045555610 [TCP segment of a reassembled PDU]"
"24842","31.756222039","192.168.1.55","192.168.1.2","TCP","1514","8004  >  35936 [PSH, ACK] Seq=63902 Ack=144 Win=65024 Len=1448 TSval=2916035836 TSecr=3045555610 [TCP segment of a reassembled PDU]"
"24843","31.756228539","192.168.1.2","192.168.1.55","TCP","66","35936  >  8004 [ACK] Seq=144 Ack=36390 Win=76800 Len=0 TSval=3045555610 TSecr=2916035831"
"24844","31.756254613","192.168.1.55","192.168.1.2","TCP","1514","8004  >  35936 [ACK] Seq=65350 Ack=144 Win=65024 Len=1448 TSval=2916035836 TSecr=3045555610 [TCP segment of a reassembled PDU]"
"24845","31.756256613","192.168.1.55","192.168.1.2","TCP","1514","8004  >  35936 [ACK] Seq=66798 Ack=144 Win=65024 Len=1448 TSval=2916035836 TSecr=3045555610 [TCP segment of a reassembled PDU]"
"24846","31.756258113","192.168.1.55","192.168.1.2","TCP","1514","8004  >  35936 [ACK] Seq=68246 Ack=144 Win=65024 Len=1448 TSval=2916035836 TSecr=3045555610 [TCP segment of a reassembled PDU]"
"24847","31.756260113","192.168.1.55","192.168.1.2","TCP","1514","8004  >  35936 [ACK] Seq=69694 Ack=144 Win=65024 Len=1448 TSval=2916035836 TSecr=3045555610 [TCP segment of a reassembled PDU]"
"24848","31.756262317","192.168.1.55","192.168.1.2","TCP","1514","8004  >  35936 [ACK] Seq=71142 Ack=144 Win=65024 Len=1448 TSval=2916035836 TSecr=3045555610 [TCP segment of a reassembled PDU]"
"24849","31.756263799","192.168.1.55","192.168.1.2","TCP","1514","8004  >  35936 [ACK] Seq=72590 Ack=144 Win=65024 Len=1448 TSval=2916035836 TSecr=3045555610 [TCP segment of a reassembled PDU]"
"24850","31.756265206","192.168.1.55","192.168.1.2","TCP","1514","8004  >  35936 [ACK] Seq=74038 Ack=144 Win=65024 Len=1448 TSval=2916035836 TSecr=3045555610 [TCP segment of a reassembled PDU]"
"24851","31.756266687","192.168.1.55","192.168.1.2","TCP","1514","8004  >  35936 [PSH, ACK] Seq=75486 Ack=144 Win=65024 Len=1448 TSval=2916035836 TSecr=3045555610 [TCP segment of a reassembled PDU]"
"24852","31.756274817","192.168.1.2","192.168.1.55","TCP","66","35936  >  8004 [ACK] Seq=144 Ack=39286 Win=92160 Len=0 TSval=3045555611 TSecr=2916035831"
"24853","31.756626281","192.168.1.2","192.168.1.55","TCP","66","35936  >  8004 [ACK] Seq=144 Ack=40734 Win=94208 Len=0 TSval=3045555611 TSecr=2916035831"
"24854","31.756649484","192.168.1.2","192.168.1.55","TCP","66","35936  >  8004 [ACK] Seq=144 Ack=42182 Win=93184 Len=0 TSval=3045555611 TSecr=2916035833"
"24855","31.756691799","192.168.1.55","192.168.1.2","TCP","1514","8004  >  35936 [ACK] Seq=76934 Ack=144 Win=65024 Len=1448 TSval=2916035837 TSecr=3045555611 [TCP segment of a reassembled PDU]"
"24856","31.756695021","192.168.1.55","192.168.1.2","TCP","1514","8004  >  35936 [ACK] Seq=78382 Ack=144 Win=65024 Len=1448 TSval=2916035837 TSecr=3045555611 [TCP segment of a reassembled PDU]"
"24857","31.756696781","192.168.1.55","192.168.1.2","TCP","1514","8004  >  35936 [ACK] Seq=79830 Ack=144 Win=65024 Len=1448 TSval=2916035837 TSecr=3045555611 [TCP segment of a reassembled PDU]"
"24858","31.756699225","192.168.1.55","192.168.1.2","TCP","1514","8004  >  35936 [ACK] Seq=81278 Ack=144 Win=65024 Len=1448 TSval=2916035837 TSecr=3045555611 [TCP segment of a reassembled PDU]"
"24859","31.756701040","192.168.1.55","192.168.1.2","TCP","1514","8004  >  35936 [ACK] Seq=82726 Ack=144 Win=65024 Len=1448 TSval=2916035837 TSecr=3045555611 [TCP segment of a reassembled PDU]"
"24860","31.756702522","192.168.1.55","192.168.1.2","TCP","1514","8004  >  35936 [ACK] Seq=84174 Ack=144 Win=65024 Len=1448 TSval=2916035837 TSecr=3045555611 [TCP segment of a reassembled PDU]"
"24861","31.756703929","192.168.1.55","192.168.1.2","TCP","1514","8004  >  35936 [ACK] Seq=85622 Ack=144 Win=65024 Len=1448 TSval=2916035837 TSecr=3045555611 [TCP segment of a reassembled PDU]"
"24862","31.756705244","192.168.1.55","192.168.1.2","TCP","1514","8004  >  35936 [ACK] Seq=87070 Ack=144 Win=65024 Len=1448 TSval=2916035837 TSecr=3045555611 [TCP segment of a reassembled PDU]"
"24863","31.756706670","192.168.1.55","192.168.1.2","TCP","1514","8004  >  35936 [ACK] Seq=88518 Ack=144 Win=65024 Len=1448 TSval=2916035837 TSecr=3045555611 [TCP segment of a reassembled PDU]"
"24864","31.756708003","192.168.1.55","192.168.1.2","TCP","1514","8004  >  35936 [ACK] Seq=89966 Ack=144 Win=65024 Len=1448 TSval=2916035837 TSecr=3045555611 [TCP segment of a reassembled PDU]"
"24865","31.756709447","192.168.1.55","192.168.1.2","TCP","1514","8004  >  35936 [ACK] Seq=91414 Ack=144 Win=65024 Len=1448 TSval=2916035837 TSecr=3045555611 [TCP segment of a reassembled PDU]"
"24866","31.756711762","192.168.1.55","192.168.1.2","TCP","1514","8004  >  35936 [ACK] Seq=92862 Ack=144 Win=65024 Len=1448 TSval=2916035837 TSecr=3045555611 [TCP segment of a reassembled PDU]"
"24867","31.756713336","192.168.1.55","192.168.1.2","TCP","1514","8004  >  35936 [ACK] Seq=94310 Ack=144 Win=65024 Len=1448 TSval=2916035837 TSecr=3045555611 [TCP segment of a reassembled PDU]"
"24868","31.756715003","192.168.1.55","192.168.1.2","TCP","1514","8004  >  35936 [PSH, ACK] Seq=95758 Ack=144 Win=65024 Len=1448 TSval=2916035837 TSecr=3045555611 [TCP segment of a reassembled PDU]"
"24869","31.758049450","192.168.1.55","192.168.1.2","TCP","1514","8004  >  35936 [ACK] Seq=97206 Ack=144 Win=65024 Len=1448 TSval=2916035838 TSecr=3045555611 [TCP segment of a reassembled PDU]"
"24870","31.758053098","192.168.1.55","192.168.1.2","TCP","1514","8004  >  35936 [PSH, ACK] Seq=98654 Ack=144 Win=65024 Len=1448 TSval=2916035838 TSecr=3045555611 [TCP segment of a reassembled PDU]"
"24871","31.766494407","192.168.1.2","192.168.1.55","TCP","66","35936  >  8004 [ACK] Seq=144 Ack=45078 Win=91136 Len=0 TSval=3045555617 TSecr=2916035836"
"24872","31.766516981","192.168.1.55","192.168.1.2","TCP","1514","8004  >  35936 [ACK] Seq=100102 Ack=144 Win=65024 Len=1448 TSval=2916035847 TSecr=3045555617 [TCP segment of a reassembled PDU]"
"24873","31.766520167","192.168.1.55","192.168.1.2","TCP","1514","8004  >  35936 [ACK] Seq=101550 Ack=144 Win=65024 Len=1448 TSval=2916035847 TSecr=3045555617 [TCP segment of a reassembled PDU]"
"24874","31.766521648","192.168.1.55","192.168.1.2","TCP","1514","8004  >  35936 [ACK] Seq=102998 Ack=144 Win=65024 Len=1448 TSval=2916035847 TSecr=3045555617 [TCP segment of a reassembled PDU]"
"24875","31.766522778","192.168.1.55","192.168.1.2","TCP","1514","8004  >  35936 [PSH, ACK] Seq=104446 Ack=144 Win=65024 Len=1448 TSval=2916035847 TSecr=3045555617 [TCP segment of a reassembled PDU]"
"24876","31.766786574","192.168.1.2","192.168.1.55","TCP","66","35936  >  8004 [ACK] Seq=144 Ack=58110 Win=82944 Len=0 TSval=3045555617 TSecr=2916035836"
"24877","31.766799593","192.168.1.55","192.168.1.2","TCP","1514","8004  >  35936 [ACK] Seq=105894 Ack=144 Win=65024 Len=1448 TSval=2916035847 TSecr=3045555617 [TCP segment of a reassembled PDU]"
"24878","31.766801593","192.168.1.55","192.168.1.2","TCP","1514","8004  >  35936 [ACK] Seq=107342 Ack=144 Win=65024 Len=1448 TSval=2916035847 TSecr=3045555617 [TCP segment of a reassembled PDU]"
"24879","31.766803019","192.168.1.55","192.168.1.2","TCP","1514","8004  >  35936 [ACK] Seq=108790 Ack=144 Win=65024 Len=1448 TSval=2916035847 TSecr=3045555617 [TCP segment of a reassembled PDU]"
"24880","31.766804204","192.168.1.55","192.168.1.2","TCP","1514","8004  >  35936 [ACK] Seq=110238 Ack=144 Win=65024 Len=1448 TSval=2916035847 TSecr=3045555617 [TCP segment of a reassembled PDU]"
"24881","31.766805371","192.168.1.55","192.168.1.2","TCP","1514","8004  >  35936 [ACK] Seq=111686 Ack=144 Win=65024 Len=1448 TSval=2916035847 TSecr=3045555617 [TCP segment of a reassembled PDU]"
"24882","31.766806445","192.168.1.55","192.168.1.2","TCP","1514","8004  >  35936 [ACK] Seq=113134 Ack=144 Win=65024 Len=1448 TSval=2916035847 TSecr=3045555617 [TCP segment of a reassembled PDU]"
"24883","31.766807612","192.168.1.55","192.168.1.2","TCP","1514","8004  >  35936 [PSH, ACK] Seq=114582 Ack=144 Win=65024 Len=1448 TSval=2916035847 TSecr=3045555617 [TCP segment of a reassembled PDU]"
"24884","31.766811426","192.168.1.2","192.168.1.55","TCP","66","35936  >  8004 [ACK] Seq=144 Ack=65350 Win=89088 Len=0 TSval=3045555617 TSecr=2916035836"
"24885","31.766841556","192.168.1.55","192.168.1.2","TCP","1514","8004  >  35936 [ACK] Seq=116030 Ack=144 Win=65024 Len=1448 TSval=2916035847 TSecr=3045555617 [TCP segment of a reassembled PDU]"
"24886","31.766843186","192.168.1.55","192.168.1.2","TCP","1514","8004  >  35936 [ACK] Seq=117478 Ack=144 Win=65024 Len=1448 TSval=2916035847 TSecr=3045555617 [TCP segment of a reassembled PDU]"
"24887","31.766844445","192.168.1.55","192.168.1.2","TCP","1514","8004  >  35936 [ACK] Seq=118926 Ack=144 Win=65024 Len=1448 TSval=2916035847 TSecr=3045555617 [TCP segment of a reassembled PDU]"
"24888","31.766845556","192.168.1.55","192.168.1.2","TCP","1514","8004  >  35936 [ACK] Seq=120374 Ack=144 Win=65024 Len=1448 TSval=2916035847 TSecr=3045555617 [TCP segment of a reassembled PDU]"
"24889","31.766846778","192.168.1.55","192.168.1.2","TCP","1514","8004  >  35936 [ACK] Seq=121822 Ack=144 Win=65024 Len=1448 TSval=2916035847 TSecr=3045555617 [TCP segment of a reassembled PDU]"
"24890","31.766847889","192.168.1.55","192.168.1.2","TCP","1514","8004  >  35936 [ACK] Seq=123270 Ack=144 Win=65024 Len=1448 TSval=2916035847 TSecr=3045555617 [TCP segment of a reassembled PDU]"
"24891","31.766849019","192.168.1.55","192.168.1.2","TCP","1514","8004  >  35936 [ACK] Seq=124718 Ack=144 Win=65024 Len=1448 TSval=2916035847 TSecr=3045555617 [TCP segment of a reassembled PDU]"
"24892","31.766850241","192.168.1.55","192.168.1.2","TCP","1514","8004  >  35936 [ACK] Seq=126166 Ack=144 Win=65024 Len=1448 TSval=2916035847 TSecr=3045555617 [TCP segment of a reassembled PDU]"
"24893","31.766851575","192.168.1.55","192.168.1.2","TCP","1514","8004  >  35936 [ACK] Seq=127614 Ack=144 Win=65024 Len=1448 TSval=2916035847 TSecr=3045555617 [TCP segment of a reassembled PDU]"
"24894","31.766852741","192.168.1.55","192.168.1.2","TCP","1514","8004  >  35936 [ACK] Seq=129062 Ack=144 Win=65024 Len=1448 TSval=2916035847 TSecr=3045555617 [TCP segment of a reassembled PDU]"
"24895","31.766854112","192.168.1.55","192.168.1.2","TCP","1514","8004  >  35936 [ACK] Seq=130510 Ack=144 Win=65024 Len=1448 TSval=2916035847 TSecr=3045555617 [TCP segment of a reassembled PDU]"
"24896","31.766855501","192.168.1.55","192.168.1.2","TCP","1514","8004  >  35936 [ACK] Seq=131958 Ack=144 Win=65024 Len=1448 TSval=2916035847 TSecr=3045555617 [TCP segment of a reassembled PDU]"
"24897","31.766856704","192.168.1.55","192.168.1.2","TCP","1514","8004  >  35936 [ACK] Seq=133406 Ack=144 Win=65024 Len=1448 TSval=2916035847 TSecr=3045555617 [TCP segment of a reassembled PDU]"
"24898","31.766857852","192.168.1.55","192.168.1.2","TCP","1514","8004  >  35936 [ACK] Seq=134854 Ack=144 Win=65024 Len=1448 TSval=2916035847 TSecr=3045555617 [TCP segment of a reassembled PDU]"
"24899","31.766859019","192.168.1.55","192.168.1.2","TCP","1514","8004  >  35936 [ACK] Seq=136302 Ack=144 Win=65024 Len=1448 TSval=2916035847 TSecr=3045555617 [TCP segment of a reassembled PDU]"
"24900","31.766860186","192.168.1.55","192.168.1.2","TCP","1514","8004  >  35936 [ACK] Seq=137750 Ack=144 Win=65024 Len=1448 TSval=2916035847 TSecr=3045555617 [TCP segment of a reassembled PDU]"
"24901","31.766861278","192.168.1.55","192.168.1.2","TCP","1514","8004  >  35936 [ACK] Seq=139198 Ack=144 Win=65024 Len=1448 TSval=2916035847 TSecr=3045555617 [TCP segment of a reassembled PDU]"
"24902","31.766862612","192.168.1.55","192.168.1.2","TCP","1514","8004  >  35936 [ACK] Seq=140646 Ack=144 Win=65024 Len=1448 TSval=2916035847 TSecr=3045555617 [TCP segment of a reassembled PDU]"
"24903","31.766863778","192.168.1.55","192.168.1.2","TCP","1514","8004  >  35936 [ACK] Seq=142094 Ack=144 Win=65024 Len=1448 TSval=2916035847 TSecr=3045555617 [TCP segment of a reassembled PDU]"
"24904","31.766865093","192.168.1.55","192.168.1.2","TCP","1514","8004  >  35936 [ACK] Seq=143542 Ack=144 Win=65024 Len=1448 TSval=2916035847 TSecr=3045555617 [TCP segment of a reassembled PDU]"
"24905","31.766866167","192.168.1.55","192.168.1.2","TCP","1514","8004  >  35936 [PSH, ACK] Seq=144990 Ack=144 Win=65024 Len=1448 TSval=2916035847 TSecr=3045555617 [TCP segment of a reassembled PDU]"
"24906","31.766869815","192.168.1.2","192.168.1.55","TCP","66","35936  >  8004 [ACK] Seq=144 Ack=76934 Win=77824 Len=0 TSval=3045555617 TSecr=2916035836"
"24907","31.766926241","192.168.1.2","192.168.1.55","TCP","66","35936  >  8004 [ACK] Seq=144 Ack=97206 Win=58368 Len=0 TSval=3045555617 TSecr=2916035837"
"24908","31.766933834","192.168.1.2","192.168.1.55","TCP","66","35936  >  8004 [ACK] Seq=144 Ack=100102 Win=91136 Len=0 TSval=3045555617 TSecr=2916035838"
"24909","31.767979280","192.168.1.55","192.168.1.2","TCP","1514","8004  >  35936 [ACK] Seq=146438 Ack=144 Win=65024 Len=1448 TSval=2916035848 TSecr=3045555617 [TCP segment of a reassembled PDU]"
"24910","31.767983910","192.168.1.55","192.168.1.2","TCP","1514","8004  >  35936 [ACK] Seq=147886 Ack=144 Win=65024 Len=1448 TSval=2916035848 TSecr=3045555617 [TCP segment of a reassembled PDU]"
"24911","31.767985132","192.168.1.55","192.168.1.2","TCP","1514","8004  >  35936 [ACK] Seq=149334 Ack=144 Win=65024 Len=1448 TSval=2916035848 TSecr=3045555617 [TCP segment of a reassembled PDU]"
"24912","31.767986336","192.168.1.55","192.168.1.2","TCP","1514","8004  >  35936 [ACK] Seq=150782 Ack=144 Win=65024 Len=1448 TSval=2916035848 TSecr=3045555617 [TCP segment of a reassembled PDU]"
"24913","31.767987502","192.168.1.55","192.168.1.2","TCP","1514","8004  >  35936 [ACK] Seq=152230 Ack=144 Win=65024 Len=1448 TSval=2916035848 TSecr=3045555617 [TCP segment of a reassembled PDU]"
"24914","31.767989002","192.168.1.55","192.168.1.2","TCP","1514","8004  >  35936 [PSH, ACK] Seq=153678 Ack=144 Win=65024 Len=1448 TSval=2916035848 TSecr=3045555617 [TCP segment of a reassembled PDU]"
"24915","31.768019984","192.168.1.55","192.168.1.2","TCP","1514","8004  >  35936 [ACK] Seq=155126 Ack=144 Win=65024 Len=1448 TSval=2916035848 TSecr=3045555617 [TCP segment of a reassembled PDU]"
"24916","31.768021558","192.168.1.55","192.168.1.2","TCP","1514","8004  >  35936 [ACK] Seq=156574 Ack=144 Win=65024 Len=1448 TSval=2916035848 TSecr=3045555617 [TCP segment of a reassembled PDU]"
"24917","31.768022780","192.168.1.55","192.168.1.2","TCP","1514","8004  >  35936 [ACK] Seq=158022 Ack=144 Win=65024 Len=1448 TSval=2916035848 TSecr=3045555617 [TCP segment of a reassembled PDU]"
"24918","31.768024039","192.168.1.55","192.168.1.2","TCP","1514","8004  >  35936 [ACK] Seq=159470 Ack=144 Win=65024 Len=1448 TSval=2916035848 TSecr=3045555617 [TCP segment of a reassembled PDU]"
"24919","31.768025206","192.168.1.55","192.168.1.2","TCP","1514","8004  >  35936 [ACK] Seq=160918 Ack=144 Win=65024 Len=1448 TSval=2916035848 TSecr=3045555617 [TCP segment of a reassembled PDU]"
"24920","31.768026447","192.168.1.55","192.168.1.2","TCP","1514","8004  >  35936 [ACK] Seq=162366 Ack=144 Win=65024 Len=1448 TSval=2916035848 TSecr=3045555617 [TCP segment of a reassembled PDU]"
"24921","31.768027576","192.168.1.55","192.168.1.2","TCP","1514","8004  >  35936 [ACK] Seq=163814 Ack=144 Win=65024 Len=1448 TSval=2916035848 TSecr=3045555617 [TCP segment of a reassembled PDU]"
"24922","31.768028780","192.168.1.55","192.168.1.2","TCP","1514","8004  >  35936 [ACK] Seq=165262 Ack=144 Win=65024 Len=1448 TSval=2916035848 TSecr=3045555617 [TCP segment of a reassembled PDU]"
"24923","31.768029928","192.168.1.55","192.168.1.2","TCP","1514","8004  >  35936 [ACK] Seq=166710 Ack=144 Win=65024 Len=1448 TSval=2916035848 TSecr=3045555617 [TCP segment of a reassembled PDU]"
"24924","31.768031132","192.168.1.55","192.168.1.2","TCP","1514","8004  >  35936 [ACK] Seq=168158 Ack=144 Win=65024 Len=1448 TSval=2916035848 TSecr=3045555617 [TCP segment of a reassembled PDU]"
"24925","31.768032428","192.168.1.55","192.168.1.2","TCP","1514","8004  >  35936 [ACK] Seq=169606 Ack=144 Win=65024 Len=1448 TSval=2916035848 TSecr=3045555617 [TCP segment of a reassembled PDU]"
"24926","31.768033521","192.168.1.55","192.168.1.2","TCP","1514","8004  >  35936 [ACK] Seq=171054 Ack=144 Win=65024 Len=1448 TSval=2916035848 TSecr=3045555617 [TCP segment of a reassembled PDU]"
"24927","31.768034651","192.168.1.55","192.168.1.2","TCP","1514","8004  >  35936 [ACK] Seq=172502 Ack=144 Win=65024 Len=1448 TSval=2916035848 TSecr=3045555617 [TCP segment of a reassembled PDU]"
"24928","31.768036021","192.168.1.55","192.168.1.2","TCP","1514","8004  >  35936 [ACK] Seq=173950 Ack=144 Win=65024 Len=1448 TSval=2916035848 TSecr=3045555617 [TCP segment of a reassembled PDU]"
"24929","31.768037317","192.168.1.55","192.168.1.2","TCP","1514","8004  >  35936 [ACK] Seq=175398 Ack=144 Win=65024 Len=1448 TSval=2916035848 TSecr=3045555617 [TCP segment of a reassembled PDU]"
"24930","31.768038651","192.168.1.55","192.168.1.2","TCP","1514","8004  >  35936 [ACK] Seq=176846 Ack=144 Win=65024 Len=1448 TSval=2916035848 TSecr=3045555617 [TCP segment of a reassembled PDU]"
"24931","31.768039817","192.168.1.55","192.168.1.2","TCP","1514","8004  >  35936 [ACK] Seq=178294 Ack=144 Win=65024 Len=1448 TSval=2916035848 TSecr=3045555617 [TCP segment of a reassembled PDU]"
"24932","31.768040947","192.168.1.55","192.168.1.2","TCP","1514","8004  >  35936 [ACK] Seq=179742 Ack=144 Win=65024 Len=1448 TSval=2916035848 TSecr=3045555617 [TCP segment of a reassembled PDU]"
"24933","31.768042095","192.168.1.55","192.168.1.2","TCP","1514","8004  >  35936 [ACK] Seq=181190 Ack=144 Win=65024 Len=1448 TSval=2916035848 TSecr=3045555617 [TCP segment of a reassembled PDU]"
"24934","31.768043206","192.168.1.55","192.168.1.2","TCP","1514","8004  >  35936 [ACK] Seq=182638 Ack=144 Win=65024 Len=1448 TSval=2916035848 TSecr=3045555617 [TCP segment of a reassembled PDU]"
"24935","31.768044521","192.168.1.55","192.168.1.2","TCP","1514","8004  >  35936 [ACK] Seq=184086 Ack=144 Win=65024 Len=1448 TSval=2916035848 TSecr=3045555617 [TCP segment of a reassembled PDU]"
"24936","31.768045614","192.168.1.55","192.168.1.2","TCP","1514","8004  >  35936 [ACK] Seq=185534 Ack=144 Win=65024 Len=1448 TSval=2916035848 TSecr=3045555617 [TCP segment of a reassembled PDU]"
"24937","31.768046762","192.168.1.55","192.168.1.2","TCP","1514","8004  >  35936 [ACK] Seq=186982 Ack=144 Win=65024 Len=1448 TSval=2916035848 TSecr=3045555617 [TCP segment of a reassembled PDU]"
"24938","31.768047984","192.168.1.55","192.168.1.2","TCP","1514","8004  >  35936 [ACK] Seq=188430 Ack=144 Win=65024 Len=1448 TSval=2916035848 TSecr=3045555617 [TCP segment of a reassembled PDU]"
"24939","31.768049169","192.168.1.55","192.168.1.2","TCP","1426","[TCP Window Full] 8004  >  35936 [PSH, ACK] Seq=189878 Ack=144 Win=65024 Len=1360 TSval=2916035848 TSecr=3045555617 [TCP segment of a reassembled PDU]"
"24940","31.776857757","192.168.1.2","192.168.1.55","TCP","66","35936  >  8004 [ACK] Seq=144 Ack=105894 Win=88064 Len=0 TSval=3045555629 TSecr=2916035847"
"24941","31.776873850","192.168.1.55","192.168.1.2","TCP","1514","8004  >  35936 [ACK] Seq=191238 Ack=144 Win=65024 Len=1448 TSval=2916035857 TSecr=3045555629 [TCP segment of a reassembled PDU]"
"24942","31.776933516","192.168.1.2","192.168.1.55","TCP","66","35936  >  8004 [ACK] Seq=144 Ack=116030 Win=102400 Len=0 TSval=3045555629 TSecr=2916035847"
"24943","31.776946516","192.168.1.55","192.168.1.2","TCP","1514","8004  >  35936 [ACK] Seq=192686 Ack=144 Win=65024 Len=1448 TSval=2916035857 TSecr=3045555629 [TCP segment of a reassembled PDU]"
"24944","31.776948350","192.168.1.55","192.168.1.2","TCP","1514","8004  >  35936 [ACK] Seq=194134 Ack=144 Win=65024 Len=1448 TSval=2916035857 TSecr=3045555629 [TCP segment of a reassembled PDU]"
"24945","31.776949628","192.168.1.55","192.168.1.2","TCP","1514","8004  >  35936 [ACK] Seq=195582 Ack=144 Win=65024 Len=1448 TSval=2916035857 TSecr=3045555629 [TCP segment of a reassembled PDU]"
"24946","31.776951424","192.168.1.55","192.168.1.2","TCP","1514","8004  >  35936 [ACK] Seq=197030 Ack=144 Win=65024 Len=1448 TSval=2916035857 TSecr=3045555629 [TCP segment of a reassembled PDU]"
"24947","31.776952813","192.168.1.55","192.168.1.2","TCP","1514","8004  >  35936 [PSH, ACK] Seq=198478 Ack=144 Win=65024 Len=1448 TSval=2916035857 TSecr=3045555629 [TCP segment of a reassembled PDU]"
"24948","31.776957591","192.168.1.55","192.168.1.2","TCP","154","8004  >  35936 [ACK] Seq=199926 Ack=144 Win=65024 Len=88 TSval=2916035857 TSecr=3045555629 [TCP segment of a reassembled PDU]"
"24949","31.776961387","192.168.1.2","192.168.1.55","TCP","66","35936  >  8004 [ACK] Seq=144 Ack=130510 Win=98304 Len=0 TSval=3045555629 TSecr=2916035847"
"24950","31.778556982","192.168.1.2","192.168.1.55","TCP","66","35936  >  8004 [ACK] Seq=144 Ack=146438 Win=106496 Len=0 TSval=3045555632 TSecr=2916035847"
"24951","31.778595352","192.168.1.55","192.168.1.2","TCP","1514","8004  >  35936 [ACK] Seq=200014 Ack=144 Win=65024 Len=1448 TSval=2916035859 TSecr=3045555632 [TCP segment of a reassembled PDU]"
"24952","31.778597908","192.168.1.55","192.168.1.2","TCP","1514","8004  >  35936 [ACK] Seq=201462 Ack=144 Win=65024 Len=1448 TSval=2916035859 TSecr=3045555632 [TCP segment of a reassembled PDU]"
"24953","31.778599426","192.168.1.55","192.168.1.2","TCP","1514","8004  >  35936 [ACK] Seq=202910 Ack=144 Win=65024 Len=1448 TSval=2916035859 TSecr=3045555632 [TCP segment of a reassembled PDU]"
"24954","31.778600760","192.168.1.55","192.168.1.2","TCP","1514","8004  >  35936 [ACK] Seq=204358 Ack=144 Win=65024 Len=1448 TSval=2916035859 TSecr=3045555632 [TCP segment of a reassembled PDU]"
"24955","31.778602260","192.168.1.55","192.168.1.2","TCP","1514","8004  >  35936 [ACK] Seq=205806 Ack=144 Win=65024 Len=1448 TSval=2916035859 TSecr=3045555632 [TCP segment of a reassembled PDU]"
"24956","31.778603556","192.168.1.55","192.168.1.2","TCP","1514","8004  >  35936 [ACK] Seq=207254 Ack=144 Win=65024 Len=1448 TSval=2916035859 TSecr=3045555632 [TCP segment of a reassembled PDU]"
"24957","31.778604926","192.168.1.55","192.168.1.2","TCP","1514","8004  >  35936 [ACK] Seq=208702 Ack=144 Win=65024 Len=1448 TSval=2916035859 TSecr=3045555632 [TCP segment of a reassembled PDU]"
"24958","31.778606204","192.168.1.55","192.168.1.2","TCP","1514","8004  >  35936 [ACK] Seq=210150 Ack=144 Win=65024 Len=1448 TSval=2916035859 TSecr=3045555632 [TCP segment of a reassembled PDU]"
"24959","31.778607630","192.168.1.55","192.168.1.2","TCP","1514","8004  >  35936 [ACK] Seq=211598 Ack=144 Win=65024 Len=1448 TSval=2916035859 TSecr=3045555632 [TCP segment of a reassembled PDU]"
"24960","31.778609130","192.168.1.55","192.168.1.2","TCP","1514","8004  >  35936 [ACK] Seq=213046 Ack=144 Win=65024 Len=1448 TSval=2916035859 TSecr=3045555632 [TCP segment of a reassembled PDU]"
"24961","31.778610686","192.168.1.55","192.168.1.2","TCP","1514","8004  >  35936 [ACK] Seq=214494 Ack=144 Win=65024 Len=1448 TSval=2916035859 TSecr=3045555632 [TCP segment of a reassembled PDU]"
"24962","31.778612186","192.168.1.55","192.168.1.2","TCP","1514","8004  >  35936 [ACK] Seq=215942 Ack=144 Win=65024 Len=1448 TSval=2916035859 TSecr=3045555632 [TCP segment of a reassembled PDU]"
"24963","31.778613575","192.168.1.55","192.168.1.2","TCP","1514","8004  >  35936 [ACK] Seq=217390 Ack=144 Win=65024 Len=1448 TSval=2916035859 TSecr=3045555632 [TCP segment of a reassembled PDU]"
"24964","31.778615001","192.168.1.55","192.168.1.2","TCP","1514","8004  >  35936 [ACK] Seq=218838 Ack=144 Win=65024 Len=1448 TSval=2916035859 TSecr=3045555632 [TCP segment of a reassembled PDU]"
"24965","31.778616667","192.168.1.55","192.168.1.2","TCP","1514","8004  >  35936 [ACK] Seq=220286 Ack=144 Win=65024 Len=1448 TSval=2916035859 TSecr=3045555632 [TCP segment of a reassembled PDU]"
"24966","31.778618019","192.168.1.55","192.168.1.2","TCP","1514","8004  >  35936 [ACK] Seq=221734 Ack=144 Win=65024 Len=1448 TSval=2916035859 TSecr=3045555632 [TCP segment of a reassembled PDU]"
"24967","31.778619408","192.168.1.55","192.168.1.2","TCP","1514","8004  >  35936 [ACK] Seq=223182 Ack=144 Win=65024 Len=1448 TSval=2916035859 TSecr=3045555632 [TCP segment of a reassembled PDU]"
"24968","31.778620982","192.168.1.55","192.168.1.2","TCP","1514","8004  >  35936 [ACK] Seq=224630 Ack=144 Win=65024 Len=1448 TSval=2916035859 TSecr=3045555632 [TCP segment of a reassembled PDU]"
"24969","31.778622464","192.168.1.55","192.168.1.2","TCP","1514","8004  >  35936 [ACK] Seq=226078 Ack=144 Win=65024 Len=1448 TSval=2916035859 TSecr=3045555632 [TCP segment of a reassembled PDU]"
"24970","31.778623982","192.168.1.55","192.168.1.2","TCP","1514","8004  >  35936 [ACK] Seq=227526 Ack=144 Win=65024 Len=1448 TSval=2916035859 TSecr=3045555632 [TCP segment of a reassembled PDU]"
"24971","31.778625686","192.168.1.55","192.168.1.2","TCP","1514","8004  >  35936 [ACK] Seq=228974 Ack=144 Win=65024 Len=1448 TSval=2916035859 TSecr=3045555632 [TCP segment of a reassembled PDU]"
"24972","31.778627204","192.168.1.55","192.168.1.2","TCP","1514","8004  >  35936 [ACK] Seq=230422 Ack=144 Win=65024 Len=1448 TSval=2916035859 TSecr=3045555632 [TCP segment of a reassembled PDU]"
"24973","31.778628797","192.168.1.55","192.168.1.2","TCP","1514","8004  >  35936 [ACK] Seq=231870 Ack=144 Win=65024 Len=1448 TSval=2916035859 TSecr=3045555632 [TCP segment of a reassembled PDU]"
"24974","31.778630130","192.168.1.55","192.168.1.2","TCP","1514","8004  >  35936 [ACK] Seq=233318 Ack=144 Win=65024 Len=1448 TSval=2916035859 TSecr=3045555632 [TCP segment of a reassembled PDU]"
"24975","31.778631741","192.168.1.55","192.168.1.2","TCP","1514","8004  >  35936 [ACK] Seq=234766 Ack=144 Win=65024 Len=1448 TSval=2916035859 TSecr=3045555632 [TCP segment of a reassembled PDU]"
"24976","31.778633334","192.168.1.55","192.168.1.2","TCP","1514","8004  >  35936 [ACK] Seq=236214 Ack=144 Win=65024 Len=1448 TSval=2916035859 TSecr=3045555632 [TCP segment of a reassembled PDU]"
"24977","31.778634723","192.168.1.55","192.168.1.2","TCP","1514","8004  >  35936 [ACK] Seq=237662 Ack=144 Win=65024 Len=1448 TSval=2916035859 TSecr=3045555632 [TCP segment of a reassembled PDU]"
"24978","31.778636149","192.168.1.55","192.168.1.2","TCP","1514","8004  >  35936 [ACK] Seq=239110 Ack=144 Win=65024 Len=1448 TSval=2916035859 TSecr=3045555632 [TCP segment of a reassembled PDU]"
"24979","31.778637630","192.168.1.55","192.168.1.2","TCP","1514","8004  >  35936 [ACK] Seq=240558 Ack=144 Win=65024 Len=1448 TSval=2916035859 TSecr=3045555632 [TCP segment of a reassembled PDU]"
"24980","31.778639056","192.168.1.55","192.168.1.2","TCP","1514","8004  >  35936 [ACK] Seq=242006 Ack=144 Win=65024 Len=1448 TSval=2916035859 TSecr=3045555632 [TCP segment of a reassembled PDU]"
"24981","31.778640815","192.168.1.55","192.168.1.2","TCP","1514","8004  >  35936 [PSH, ACK] Seq=243454 Ack=144 Win=65024 Len=1448 TSval=2916035859 TSecr=3045555632 [TCP segment of a reassembled PDU]"
"24982","31.778697167","192.168.1.2","192.168.1.55","TCP","66","35936  >  8004 [ACK] Seq=144 Ack=155126 Win=113664 Len=0 TSval=3045555633 TSecr=2916035848"
"24983","31.778706093","192.168.1.2","192.168.1.55","TCP","66","35936  >  8004 [ACK] Seq=144 Ack=191238 Win=78848 Len=0 TSval=3045555633 TSecr=2916035848"
"24984","31.778732816","192.168.1.55","192.168.1.2","TCP","1514","8004  >  35936 [ACK] Seq=244902 Ack=144 Win=65024 Len=1448 TSval=2916035859 TSecr=3045555633 [TCP segment of a reassembled PDU]"
"24985","31.778734945","192.168.1.55","192.168.1.2","TCP","1514","8004  >  35936 [ACK] Seq=246350 Ack=144 Win=65024 Len=1448 TSval=2916035859 TSecr=3045555633 [TCP segment of a reassembled PDU]"
"24986","31.778736371","192.168.1.55","192.168.1.2","TCP","1514","8004  >  35936 [ACK] Seq=247798 Ack=144 Win=65024 Len=1448 TSval=2916035859 TSecr=3045555633 [TCP segment of a reassembled PDU]"
"24987","31.778737742","192.168.1.55","192.168.1.2","TCP","1514","8004  >  35936 [ACK] Seq=249246 Ack=144 Win=65024 Len=1448 TSval=2916035859 TSecr=3045555633 [TCP segment of a reassembled PDU]"
"24988","31.778739075","192.168.1.55","192.168.1.2","TCP","1514","8004  >  35936 [ACK] Seq=250694 Ack=144 Win=65024 Len=1448 TSval=2916035859 TSecr=3045555633 [TCP segment of a reassembled PDU]"
"24989","31.778740445","192.168.1.55","192.168.1.2","TCP","1514","8004  >  35936 [ACK] Seq=252142 Ack=144 Win=65024 Len=1448 TSval=2916035859 TSecr=3045555633 [TCP segment of a reassembled PDU]"
"24990","31.778742038","192.168.1.55","192.168.1.2","TCP","1514","8004  >  35936 [ACK] Seq=253590 Ack=144 Win=65024 Len=1448 TSval=2916035859 TSecr=3045555633 [TCP segment of a reassembled PDU]"
"24991","31.778743908","192.168.1.55","192.168.1.2","TCP","1514","8004  >  35936 [ACK] Seq=255038 Ack=144 Win=65024 Len=1448 TSval=2916035859 TSecr=3045555633 [TCP segment of a reassembled PDU]"
"24992","31.778745223","192.168.1.55","192.168.1.2","TCP","1514","8004  >  35936 [ACK] Seq=256486 Ack=144 Win=65024 Len=1448 TSval=2916035859 TSecr=3045555633 [TCP segment of a reassembled PDU]"
"24993","31.778746649","192.168.1.55","192.168.1.2","TCP","1514","8004  >  35936 [ACK] Seq=257934 Ack=144 Win=65024 Len=1448 TSval=2916035859 TSecr=3045555633 [TCP segment of a reassembled PDU]"
"24994","31.778747945","192.168.1.55","192.168.1.2","TCP","1514","8004  >  35936 [ACK] Seq=259382 Ack=144 Win=65024 Len=1448 TSval=2916035859 TSecr=3045555633 [TCP segment of a reassembled PDU]"
"24995","31.778754112","192.168.1.55","192.168.1.2","TCP","1514","8004  >  35936 [ACK] Seq=260830 Ack=144 Win=65024 Len=1448 TSval=2916035859 TSecr=3045555633 [TCP segment of a reassembled PDU]"
"24996","31.778755908","192.168.1.55","192.168.1.2","TCP","1514","8004  >  35936 [ACK] Seq=262278 Ack=144 Win=65024 Len=1448 TSval=2916035859 TSecr=3045555633 [TCP segment of a reassembled PDU]"
"24997","31.778757612","192.168.1.55","192.168.1.2","TCP","1514","8004  >  35936 [ACK] Seq=263726 Ack=144 Win=65024 Len=1448 TSval=2916035859 TSecr=3045555633 [TCP segment of a reassembled PDU]"
"24998","31.778758908","192.168.1.55","192.168.1.2","TCP","1514","8004  >  35936 [ACK] Seq=265174 Ack=144 Win=65024 Len=1448 TSval=2916035859 TSecr=3045555633 [TCP segment of a reassembled PDU]"
"24999","31.778760223","192.168.1.55","192.168.1.2","TCP","1514","8004  >  35936 [ACK] Seq=266622 Ack=144 Win=65024 Len=1448 TSval=2916035859 TSecr=3045555633 [TCP segment of a reassembled PDU]"
"25000","31.778761538","192.168.1.55","192.168.1.2","TCP","1514","8004  >  35936 [PSH, ACK] Seq=268070 Ack=144 Win=65024 Len=1448 TSval=2916035859 TSecr=3045555633 [TCP segment of a reassembled PDU]"
"25001","31.783839787","192.168.1.2","192.168.1.55","TCP","66","35936  >  8004 [ACK] Seq=144 Ack=199926 Win=111616 Len=0 TSval=3045555634 TSecr=2916035857"
"25002","31.783865213","192.168.1.55","192.168.1.2","TCP","1514","8004  >  35936 [ACK] Seq=269518 Ack=144 Win=65024 Len=1448 TSval=2916035864 TSecr=3045555634 [TCP segment of a reassembled PDU]"
"25003","31.783867768","192.168.1.55","192.168.1.2","TCP","1514","8004  >  35936 [ACK] Seq=270966 Ack=144 Win=65024 Len=1448 TSval=2916035864 TSecr=3045555634 [TCP segment of a reassembled PDU]"
"25004","31.783869213","192.168.1.55","192.168.1.2","TCP","1514","8004  >  35936 [ACK] Seq=272414 Ack=144 Win=65024 Len=1448 TSval=2916035864 TSecr=3045555634 [TCP segment of a reassembled PDU]"
"25005","31.783870564","192.168.1.55","192.168.1.2","TCP","1514","8004  >  35936 [ACK] Seq=273862 Ack=144 Win=65024 Len=1448 TSval=2916035864 TSecr=3045555634 [TCP segment of a reassembled PDU]"
"25006","31.783872083","192.168.1.55","192.168.1.2","TCP","1514","8004  >  35936 [ACK] Seq=275310 Ack=144 Win=65024 Len=1448 TSval=2916035864 TSecr=3045555634 [TCP segment of a reassembled PDU]"
"25007","31.783873546","192.168.1.55","192.168.1.2","TCP","1514","8004  >  35936 [ACK] Seq=276758 Ack=144 Win=65024 Len=1448 TSval=2916035864 TSecr=3045555634 [TCP segment of a reassembled PDU]"
"25008","31.783875046","192.168.1.55","192.168.1.2","TCP","1514","8004  >  35936 [ACK] Seq=278206 Ack=144 Win=65024 Len=1448 TSval=2916035864 TSecr=3045555634 [TCP segment of a reassembled PDU]"
"25009","31.783876398","192.168.1.55","192.168.1.2","TCP","1514","8004  >  35936 [ACK] Seq=279654 Ack=144 Win=65024 Len=1448 TSval=2916035864 TSecr=3045555634 [TCP segment of a reassembled PDU]"
"25010","31.783878157","192.168.1.55","192.168.1.2","TCP","1514","8004  >  35936 [ACK] Seq=281102 Ack=144 Win=65024 Len=1448 TSval=2916035864 TSecr=3045555634 [TCP segment of a reassembled PDU]"
"25011","31.783879546","192.168.1.55","192.168.1.2","TCP","1514","8004  >  35936 [ACK] Seq=282550 Ack=144 Win=65024 Len=1448 TSval=2916035864 TSecr=3045555634 [TCP segment of a reassembled PDU]"
"25012","31.783880935","192.168.1.55","192.168.1.2","TCP","1514","8004  >  35936 [ACK] Seq=283998 Ack=144 Win=65024 Len=1448 TSval=2916035864 TSecr=3045555634 [TCP segment of a reassembled PDU]"
"25013","31.783882416","192.168.1.55","192.168.1.2","TCP","1514","8004  >  35936 [ACK] Seq=285446 Ack=144 Win=65024 Len=1448 TSval=2916035864 TSecr=3045555634 [TCP segment of a reassembled PDU]"
"25014","31.783884027","192.168.1.55","192.168.1.2","TCP","1514","8004  >  35936 [ACK] Seq=286894 Ack=144 Win=65024 Len=1448 TSval=2916035864 TSecr=3045555634 [TCP segment of a reassembled PDU]"
"25015","31.783885416","192.168.1.55","192.168.1.2","TCP","1514","8004  >  35936 [PSH, ACK] Seq=288342 Ack=144 Win=65024 Len=1448 TSval=2916035864 TSecr=3045555634 [TCP segment of a reassembled PDU]"
"25016","31.783918435","192.168.1.2","192.168.1.55","TCP","66","35936  >  8004 [ACK] Seq=144 Ack=200014 Win=113664 Len=0 TSval=3045555634 TSecr=2916035857"
"25017","31.785992253","192.168.1.2","192.168.1.55","TCP","66","35936  >  8004 [ACK] Seq=144 Ack=244902 Win=132096 Len=0 TSval=3045555639 TSecr=2916035859"
"25018","31.786031049","192.168.1.55","192.168.1.2","TCP","1514","8004  >  35936 [ACK] Seq=289790 Ack=144 Win=65024 Len=1448 TSval=2916035866 TSecr=3045555639 [TCP segment of a reassembled PDU]"
"25019","31.786034123","192.168.1.55","192.168.1.2","TCP","1514","8004  >  35936 [ACK] Seq=291238 Ack=144 Win=65024 Len=1448 TSval=2916035866 TSecr=3045555639 [TCP segment of a reassembled PDU]"
"25020","31.786035605","192.168.1.55","192.168.1.2","TCP","1514","8004  >  35936 [ACK] Seq=292686 Ack=144 Win=65024 Len=1448 TSval=2916035866 TSecr=3045555639 [TCP segment of a reassembled PDU]"
"25021","31.786036994","192.168.1.55","192.168.1.2","TCP","1514","8004  >  35936 [ACK] Seq=294134 Ack=144 Win=65024 Len=1448 TSval=2916035866 TSecr=3045555639 [TCP segment of a reassembled PDU]"
"25022","31.786038531","192.168.1.55","192.168.1.2","TCP","1514","8004  >  35936 [ACK] Seq=295582 Ack=144 Win=65024 Len=1448 TSval=2916035866 TSecr=3045555639 [TCP segment of a reassembled PDU]"
"25023","31.786039975","192.168.1.55","192.168.1.2","TCP","1514","8004  >  35936 [ACK] Seq=297030 Ack=144 Win=65024 Len=1448 TSval=2916035866 TSecr=3045555639 [TCP segment of a reassembled PDU]"
"25024","31.786041457","192.168.1.55","192.168.1.2","TCP","1514","8004  >  35936 [ACK] Seq=298478 Ack=144 Win=65024 Len=1448 TSval=2916035866 TSecr=3045555639 [TCP segment of a reassembled PDU]"
"25025","31.786042901","192.168.1.55","192.168.1.2","TCP","1514","8004  >  35936 [ACK] Seq=299926 Ack=144 Win=65024 Len=1448 TSval=2916035866 TSecr=3045555639 [TCP segment of a reassembled PDU]"
"25026","31.786044494","192.168.1.55","192.168.1.2","TCP","1514","8004  >  35936 [ACK] Seq=301374 Ack=144 Win=65024 Len=1448 TSval=2916035866 TSecr=3045555639 [TCP segment of a reassembled PDU]"
"25027","31.786045864","192.168.1.55","192.168.1.2","TCP","1514","8004  >  35936 [ACK] Seq=302822 Ack=144 Win=65024 Len=1448 TSval=2916035866 TSecr=3045555639 [TCP segment of a reassembled PDU]"
"25028","31.786047586","192.168.1.55","192.168.1.2","TCP","1514","8004  >  35936 [ACK] Seq=304270 Ack=144 Win=65024 Len=1448 TSval=2916035866 TSecr=3045555639 [TCP segment of a reassembled PDU]"
"25029","31.786049105","192.168.1.55","192.168.1.2","TCP","1514","8004  >  35936 [ACK] Seq=305718 Ack=144 Win=65024 Len=1448 TSval=2916035866 TSecr=3045555639 [TCP segment of a reassembled PDU]"
"25030","31.786050623","192.168.1.55","192.168.1.2","TCP","1514","8004  >  35936 [ACK] Seq=307166 Ack=144 Win=65024 Len=1448 TSval=2916035866 TSecr=3045555639 [TCP segment of a reassembled PDU]"
"25031","31.786052383","192.168.1.55","192.168.1.2","TCP","1514","8004  >  35936 [ACK] Seq=308614 Ack=144 Win=65024 Len=1448 TSval=2916035866 TSecr=3045555639 [TCP segment of a reassembled PDU]"
"25032","31.786053753","192.168.1.55","192.168.1.2","TCP","1514","8004  >  35936 [ACK] Seq=310062 Ack=144 Win=65024 Len=1448 TSval=2916035866 TSecr=3045555639 [TCP segment of a reassembled PDU]"
"25033","31.786055235","192.168.1.55","192.168.1.2","TCP","1514","8004  >  35936 [ACK] Seq=311510 Ack=144 Win=65024 Len=1448 TSval=2916035866 TSecr=3045555639 [TCP segment of a reassembled PDU]"
"25034","31.786056586","192.168.1.55","192.168.1.2","TCP","1514","8004  >  35936 [ACK] Seq=312958 Ack=144 Win=65024 Len=1448 TSval=2916035866 TSecr=3045555639 [TCP segment of a reassembled PDU]"
"25035","31.786058142","192.168.1.55","192.168.1.2","TCP","1514","8004  >  35936 [ACK] Seq=314406 Ack=144 Win=65024 Len=1448 TSval=2916035866 TSecr=3045555639 [TCP segment of a reassembled PDU]"
"25036","31.786059531","192.168.1.55","192.168.1.2","TCP","1514","8004  >  35936 [ACK] Seq=315854 Ack=144 Win=65024 Len=1448 TSval=2916035866 TSecr=3045555639 [TCP segment of a reassembled PDU]"
"25037","31.786061105","192.168.1.55","192.168.1.2","TCP","1514","8004  >  35936 [ACK] Seq=317302 Ack=144 Win=65024 Len=1448 TSval=2916035866 TSecr=3045555639 [TCP segment of a reassembled PDU]"
"25038","31.786062846","192.168.1.55","192.168.1.2","TCP","1514","8004  >  35936 [ACK] Seq=318750 Ack=144 Win=65024 Len=1448 TSval=2916035866 TSecr=3045555639 [TCP segment of a reassembled PDU]"
"25039","31.786064364","192.168.1.55","192.168.1.2","TCP","1514","8004  >  35936 [ACK] Seq=320198 Ack=144 Win=65024 Len=1448 TSval=2916035866 TSecr=3045555639 [TCP segment of a reassembled PDU]"
"25040","31.786065735","192.168.1.55","192.168.1.2","TCP","1514","8004  >  35936 [ACK] Seq=321646 Ack=144 Win=65024 Len=1448 TSval=2916035866 TSecr=3045555639 [TCP segment of a reassembled PDU]"
"25041","31.786067161","192.168.1.55","192.168.1.2","TCP","1514","8004  >  35936 [ACK] Seq=323094 Ack=144 Win=65024 Len=1448 TSval=2916035866 TSecr=3045555639 [TCP segment of a reassembled PDU]"
"25042","31.786068605","192.168.1.55","192.168.1.2","TCP","1514","8004  >  35936 [ACK] Seq=324542 Ack=144 Win=65024 Len=1448 TSval=2916035866 TSecr=3045555639 [TCP segment of a reassembled PDU]"
"25043","31.786070105","192.168.1.55","192.168.1.2","TCP","1514","8004  >  35936 [ACK] Seq=325990 Ack=144 Win=65024 Len=1448 TSval=2916035866 TSecr=3045555639 [TCP segment of a reassembled PDU]"
"25044","31.786071531","192.168.1.55","192.168.1.2","TCP","1514","8004  >  35936 [ACK] Seq=327438 Ack=144 Win=65024 Len=1448 TSval=2916035866 TSecr=3045555639 [TCP segment of a reassembled PDU]"
"25045","31.786073049","192.168.1.55","192.168.1.2","TCP","1514","8004  >  35936 [ACK] Seq=328886 Ack=144 Win=65024 Len=1448 TSval=2916035866 TSecr=3045555639 [TCP segment of a reassembled PDU]"
"25046","31.786074642","192.168.1.55","192.168.1.2","TCP","1514","8004  >  35936 [ACK] Seq=330334 Ack=144 Win=65024 Len=1448 TSval=2916035866 TSecr=3045555639 [TCP segment of a reassembled PDU]"
"25047","31.786076012","192.168.1.55","192.168.1.2","TCP","1514","8004  >  35936 [ACK] Seq=331782 Ack=144 Win=65024 Len=1448 TSval=2916035866 TSecr=3045555639 [TCP segment of a reassembled PDU]"
"25048","31.786077494","192.168.1.55","192.168.1.2","TCP","1514","8004  >  35936 [PSH, ACK] Seq=333230 Ack=144 Win=65024 Len=1448 TSval=2916035866 TSecr=3045555639 [TCP segment of a reassembled PDU]"
"25049","31.786109438","192.168.1.2","192.168.1.55","TCP","66","35936  >  8004 [ACK] Seq=144 Ack=269518 Win=107520 Len=0 TSval=3045555640 TSecr=2916035859"
"25050","31.786155179","192.168.1.55","192.168.1.2","TCP","1514","8004  >  35936 [ACK] Seq=334678 Ack=144 Win=65024 Len=1448 TSval=2916035866 TSecr=3045555640 [TCP segment of a reassembled PDU]"
"25051","31.786157364","192.168.1.55","192.168.1.2","TCP","1514","8004  >  35936 [ACK] Seq=336126 Ack=144 Win=65024 Len=1448 TSval=2916035866 TSecr=3045555640 [TCP segment of a reassembled PDU]"
"25052","31.786159161","192.168.1.55","192.168.1.2","TCP","1514","8004  >  35936 [ACK] Seq=337574 Ack=144 Win=65024 Len=1448 TSval=2916035866 TSecr=3045555640 [TCP segment of a reassembled PDU]"
"25053","31.786160605","192.168.1.55","192.168.1.2","TCP","1514","8004  >  35936 [ACK] Seq=339022 Ack=144 Win=65024 Len=1448 TSval=2916035866 TSecr=3045555640 [TCP segment of a reassembled PDU]"
"25054","31.786162327","192.168.1.55","192.168.1.2","TCP","1514","8004  >  35936 [ACK] Seq=340470 Ack=144 Win=65024 Len=1448 TSval=2916035866 TSecr=3045555640 [TCP segment of a reassembled PDU]"
"25055","31.786163698","192.168.1.55","192.168.1.2","TCP","1514","8004  >  35936 [ACK] Seq=341918 Ack=144 Win=65024 Len=1448 TSval=2916035866 TSecr=3045555640 [TCP segment of a reassembled PDU]"
"25056","31.786165383","192.168.1.55","192.168.1.2","TCP","1514","8004  >  35936 [ACK] Seq=343366 Ack=144 Win=65024 Len=1448 TSval=2916035866 TSecr=3045555640 [TCP segment of a reassembled PDU]"
"25057","31.786166864","192.168.1.55","192.168.1.2","TCP","1514","8004  >  35936 [ACK] Seq=344814 Ack=144 Win=65024 Len=1448 TSval=2916035866 TSecr=3045555640 [TCP segment of a reassembled PDU]"
"25058","31.786168253","192.168.1.55","192.168.1.2","TCP","1514","8004  >  35936 [ACK] Seq=346262 Ack=144 Win=65024 Len=1448 TSval=2916035866 TSecr=3045555640 [TCP segment of a reassembled PDU]"
"25059","31.786169883","192.168.1.55","192.168.1.2","TCP","1514","8004  >  35936 [ACK] Seq=347710 Ack=144 Win=65024 Len=1448 TSval=2916035866 TSecr=3045555640 [TCP segment of a reassembled PDU]"
"25060","31.786171494","192.168.1.55","192.168.1.2","TCP","1514","8004  >  35936 [ACK] Seq=349158 Ack=144 Win=65024 Len=1448 TSval=2916035866 TSecr=3045555640 [TCP segment of a reassembled PDU]"
"25061","31.786173253","192.168.1.55","192.168.1.2","TCP","1514","8004  >  35936 [ACK] Seq=350606 Ack=144 Win=65024 Len=1448 TSval=2916035866 TSecr=3045555640 [TCP segment of a reassembled PDU]"
"25062","31.786174772","192.168.1.55","192.168.1.2","TCP","1514","8004  >  35936 [ACK] Seq=352054 Ack=144 Win=65024 Len=1448 TSval=2916035866 TSecr=3045555640 [TCP segment of a reassembled PDU]"
"25063","31.786176272","192.168.1.55","192.168.1.2","TCP","1514","8004  >  35936 [ACK] Seq=353502 Ack=144 Win=65024 Len=1448 TSval=2916035866 TSecr=3045555640 [TCP segment of a reassembled PDU]"
"25064","31.786177661","192.168.1.55","192.168.1.2","TCP","1514","8004  >  35936 [ACK] Seq=354950 Ack=144 Win=65024 Len=1448 TSval=2916035866 TSecr=3045555640 [TCP segment of a reassembled PDU]"
"25065","31.786179253","192.168.1.55","192.168.1.2","TCP","1514","8004  >  35936 [ACK] Seq=356398 Ack=144 Win=65024 Len=1448 TSval=2916035866 TSecr=3045555640 [TCP segment of a reassembled PDU]"
"25066","31.786181216","192.168.1.55","192.168.1.2","TCP","1514","8004  >  35936 [ACK] Seq=357846 Ack=144 Win=65024 Len=1448 TSval=2916035866 TSecr=3045555640 [TCP segment of a reassembled PDU]"
"25067","31.786182735","192.168.1.55","192.168.1.2","TCP","1514","8004  >  35936 [ACK] Seq=359294 Ack=144 Win=65024 Len=1448 TSval=2916035866 TSecr=3045555640 [TCP segment of a reassembled PDU]"
"25068","31.786184216","192.168.1.55","192.168.1.2","TCP","1514","8004  >  35936 [ACK] Seq=360742 Ack=144 Win=65024 Len=1448 TSval=2916035866 TSecr=3045555640 [TCP segment of a reassembled PDU]"
"25069","31.786185753","192.168.1.55","192.168.1.2","TCP","1514","8004  >  35936 [ACK] Seq=362190 Ack=144 Win=65024 Len=1448 TSval=2916035866 TSecr=3045555640 [TCP segment of a reassembled PDU]"
"25070","31.786187253","192.168.1.55","192.168.1.2","TCP","1514","8004  >  35936 [ACK] Seq=363638 Ack=144 Win=65024 Len=1448 TSval=2916035866 TSecr=3045555640 [TCP segment of a reassembled PDU]"
"25071","31.786188605","192.168.1.55","192.168.1.2","TCP","1514","8004  >  35936 [ACK] Seq=365086 Ack=144 Win=65024 Len=1448 TSval=2916035866 TSecr=3045555640 [TCP segment of a reassembled PDU]"
"25072","31.786190124","192.168.1.55","192.168.1.2","TCP","1514","8004  >  35936 [ACK] Seq=366534 Ack=144 Win=65024 Len=1448 TSval=2916035866 TSecr=3045555640 [TCP segment of a reassembled PDU]"
"25073","31.786191476","192.168.1.55","192.168.1.2","TCP","1514","8004  >  35936 [ACK] Seq=367982 Ack=144 Win=65024 Len=1448 TSval=2916035866 TSecr=3045555640 [TCP segment of a reassembled PDU]"
"25074","31.786192846","192.168.1.55","192.168.1.2","TCP","1514","8004  >  35936 [ACK] Seq=369430 Ack=144 Win=65024 Len=1448 TSval=2916035866 TSecr=3045555640 [TCP segment of a reassembled PDU]"
"25075","31.786194494","192.168.1.55","192.168.1.2","TCP","1514","8004  >  35936 [ACK] Seq=370878 Ack=144 Win=65024 Len=1448 TSval=2916035866 TSecr=3045555640 [TCP segment of a reassembled PDU]"
"25076","31.786196161","192.168.1.55","192.168.1.2","TCP","1514","8004  >  35936 [ACK] Seq=372326 Ack=144 Win=65024 Len=1448 TSval=2916035866 TSecr=3045555640 [TCP segment of a reassembled PDU]"
"25077","31.786197698","192.168.1.55","192.168.1.2","TCP","1514","8004  >  35936 [ACK] Seq=373774 Ack=144 Win=65024 Len=1448 TSval=2916035866 TSecr=3045555640 [TCP segment of a reassembled PDU]"
"25078","31.786199142","192.168.1.55","192.168.1.2","TCP","1514","8004  >  35936 [ACK] Seq=375222 Ack=144 Win=65024 Len=1448 TSval=2916035866 TSecr=3045555640 [TCP segment of a reassembled PDU]"
"25079","31.786200698","192.168.1.55","192.168.1.2","TCP","434","[TCP Window Full] 8004  >  35936 [PSH, ACK] Seq=376670 Ack=144 Win=65024 Len=368 TSval=2916035866 TSecr=3045555640 [TCP segment of a reassembled PDU]"
"25080","31.789689685","192.168.1.2","192.168.1.55","TCP","66","35936  >  8004 [ACK] Seq=144 Ack=282550 Win=158720 Len=0 TSval=3045555642 TSecr=2916035864"
"25081","31.789701463","192.168.1.55","192.168.1.2","TCP","1514","8004  >  35936 [ACK] Seq=377038 Ack=144 Win=65024 Len=1448 TSval=2916035870 TSecr=3045555642 [TCP segment of a reassembled PDU]"
"25082","31.789704574","192.168.1.55","192.168.1.2","TCP","1514","8004  >  35936 [PSH, ACK] Seq=378486 Ack=144 Win=65024 Len=1448 TSval=2916035870 TSecr=3045555642 [TCP segment of a reassembled PDU]"
"25083","31.789709648","192.168.1.55","192.168.1.2","TCP","1146","8004  >  35936 [PSH, ACK] Seq=379934 Ack=144 Win=65024 Len=1080 TSval=2916035870 TSecr=3045555642 [TCP segment of a reassembled PDU]"
"25084","31.789742722","192.168.1.55","192.168.1.2","TCP","1514","8004  >  35936 [ACK] Seq=381014 Ack=144 Win=65024 Len=1448 TSval=2916035870 TSecr=3045555642 [TCP segment of a reassembled PDU]"
"25085","31.789744148","192.168.1.55","192.168.1.2","TCP","1514","8004  >  35936 [ACK] Seq=382462 Ack=144 Win=65024 Len=1448 TSval=2916035870 TSecr=3045555642 [TCP segment of a reassembled PDU]"
"25086","31.789745518","192.168.1.55","192.168.1.2","TCP","1514","8004  >  35936 [ACK] Seq=383910 Ack=144 Win=65024 Len=1448 TSval=2916035870 TSecr=3045555642 [TCP segment of a reassembled PDU]"
"25087","31.789747055","192.168.1.55","192.168.1.2","TCP","1514","8004  >  35936 [ACK] Seq=385358 Ack=144 Win=65024 Len=1448 TSval=2916035870 TSecr=3045555642 [TCP segment of a reassembled PDU]"
"25088","31.789748426","192.168.1.55","192.168.1.2","TCP","1514","8004  >  35936 [ACK] Seq=386806 Ack=144 Win=65024 Len=1448 TSval=2916035870 TSecr=3045555642 [TCP segment of a reassembled PDU]"
"25089","31.789749870","192.168.1.55","192.168.1.2","TCP","1514","8004  >  35936 [ACK] Seq=388254 Ack=144 Win=65024 Len=1448 TSval=2916035870 TSecr=3045555642 [TCP segment of a reassembled PDU]"
"25090","31.789751518","192.168.1.55","192.168.1.2","TCP","1514","8004  >  35936 [ACK] Seq=389702 Ack=144 Win=65024 Len=1448 TSval=2916035870 TSecr=3045555642 [TCP segment of a reassembled PDU]"
"25091","31.789752907","192.168.1.55","192.168.1.2","TCP","1514","8004  >  35936 [ACK] Seq=391150 Ack=144 Win=65024 Len=1448 TSval=2916035870 TSecr=3045555642 [TCP segment of a reassembled PDU]"
"25092","31.789754352","192.168.1.55","192.168.1.2","TCP","1514","8004  >  35936 [ACK] Seq=392598 Ack=144 Win=65024 Len=1448 TSval=2916035870 TSecr=3045555642 [TCP segment of a reassembled PDU]"
"25093","31.789755703","192.168.1.55","192.168.1.2","TCP","1514","8004  >  35936 [ACK] Seq=394046 Ack=144 Win=65024 Len=1448 TSval=2916035870 TSecr=3045555642 [TCP segment of a reassembled PDU]"
"25094","31.789757259","192.168.1.55","192.168.1.2","TCP","1514","8004  >  35936 [ACK] Seq=395494 Ack=144 Win=65024 Len=1448 TSval=2916035870 TSecr=3045555642 [TCP segment of a reassembled PDU]"
"25095","31.789758666","192.168.1.55","192.168.1.2","TCP","1514","8004  >  35936 [ACK] Seq=396942 Ack=144 Win=65024 Len=1448 TSval=2916035870 TSecr=3045555642 [TCP segment of a reassembled PDU]"
"25096","31.789760018","192.168.1.55","192.168.1.2","TCP","1514","8004  >  35936 [ACK] Seq=398390 Ack=144 Win=65024 Len=1448 TSval=2916035870 TSecr=3045555642 [TCP segment of a reassembled PDU]"
"25097","31.789761500","192.168.1.55","192.168.1.2","TCP","1514","8004  >  35936 [ACK] Seq=399838 Ack=144 Win=65024 Len=1448 TSval=2916035870 TSecr=3045555642 [TCP segment of a reassembled PDU]"
"25098","31.789762907","192.168.1.55","192.168.1.2","TCP","1514","8004  >  35936 [ACK] Seq=401286 Ack=144 Win=65024 Len=1448 TSval=2916035870 TSecr=3045555642 [TCP segment of a reassembled PDU]"
"25099","31.789764296","192.168.1.55","192.168.1.2","TCP","1514","8004  >  35936 [ACK] Seq=402734 Ack=144 Win=65024 Len=1448 TSval=2916035870 TSecr=3045555642 [TCP segment of a reassembled PDU]"
"25100","31.789766259","192.168.1.55","192.168.1.2","TCP","1514","8004  >  35936 [ACK] Seq=404182 Ack=144 Win=65024 Len=1448 TSval=2916035870 TSecr=3045555642 [TCP segment of a reassembled PDU]"
"25101","31.789767666","192.168.1.55","192.168.1.2","TCP","1514","8004  >  35936 [ACK] Seq=405630 Ack=144 Win=65024 Len=1448 TSval=2916035870 TSecr=3045555642 [TCP segment of a reassembled PDU]"
"25102","31.789769277","192.168.1.55","192.168.1.2","TCP","1514","8004  >  35936 [ACK] Seq=407078 Ack=144 Win=65024 Len=1448 TSval=2916035870 TSecr=3045555642 [TCP segment of a reassembled PDU]"
"25103","31.789770722","192.168.1.55","192.168.1.2","TCP","1514","8004  >  35936 [ACK] Seq=408526 Ack=144 Win=65024 Len=1448 TSval=2916035870 TSecr=3045555642 [TCP segment of a reassembled PDU]"
"25104","31.789772370","192.168.1.55","192.168.1.2","TCP","1514","8004  >  35936 [ACK] Seq=409974 Ack=144 Win=65024 Len=1448 TSval=2916035870 TSecr=3045555642 [TCP segment of a reassembled PDU]"
"25105","31.789774296","192.168.1.55","192.168.1.2","TCP","1514","8004  >  35936 [ACK] Seq=411422 Ack=144 Win=65024 Len=1448 TSval=2916035870 TSecr=3045555642 [TCP segment of a reassembled PDU]"
"25106","31.789775685","192.168.1.55","192.168.1.2","TCP","1514","8004  >  35936 [ACK] Seq=412870 Ack=144 Win=65024 Len=1448 TSval=2916035870 TSecr=3045555642 [TCP segment of a reassembled PDU]"
"25107","31.789777222","192.168.1.55","192.168.1.2","TCP","1514","8004  >  35936 [ACK] Seq=414318 Ack=144 Win=65024 Len=1448 TSval=2916035870 TSecr=3045555642 [TCP segment of a reassembled PDU]"
"25108","31.789778629","192.168.1.55","192.168.1.2","TCP","1514","8004  >  35936 [ACK] Seq=415766 Ack=144 Win=65024 Len=1448 TSval=2916035870 TSecr=3045555642 [TCP segment of a reassembled PDU]"
"25109","31.789780166","192.168.1.55","192.168.1.2","TCP","1514","8004  >  35936 [ACK] Seq=417214 Ack=144 Win=65024 Len=1448 TSval=2916035870 TSecr=3045555642 [TCP segment of a reassembled PDU]"
"25110","31.789781592","192.168.1.55","192.168.1.2","TCP","1514","8004  >  35936 [ACK] Seq=418662 Ack=144 Win=65024 Len=1448 TSval=2916035870 TSecr=3045555642 [TCP segment of a reassembled PDU]"
"25111","31.789782944","192.168.1.55","192.168.1.2","TCP","1514","8004  >  35936 [ACK] Seq=420110 Ack=144 Win=65024 Len=1448 TSval=2916035870 TSecr=3045555642 [TCP segment of a reassembled PDU]"
"25112","31.789784370","192.168.1.55","192.168.1.2","TCP","1514","8004  >  35936 [ACK] Seq=421558 Ack=144 Win=65024 Len=1448 TSval=2916035870 TSecr=3045555642 [TCP segment of a reassembled PDU]"
"25113","31.789785740","192.168.1.55","192.168.1.2","TCP","1514","8004  >  35936 [ACK] Seq=423006 Ack=144 Win=65024 Len=1448 TSval=2916035870 TSecr=3045555642 [TCP segment of a reassembled PDU]"
"25114","31.789787166","192.168.1.55","192.168.1.2","TCP","1514","8004  >  35936 [ACK] Seq=424454 Ack=144 Win=65024 Len=1448 TSval=2916035870 TSecr=3045555642 [TCP segment of a reassembled PDU]"
"25115","31.789788796","192.168.1.55","192.168.1.2","TCP","1514","8004  >  35936 [PSH, ACK] Seq=425902 Ack=144 Win=65024 Len=1448 TSval=2916035870 TSecr=3045555642 [TCP segment of a reassembled PDU]"
"25116","31.793349302","192.168.1.2","192.168.1.55","TCP","66","35936  >  8004 [ACK] Seq=144 Ack=289790 Win=168960 Len=0 TSval=3045555643 TSecr=2916035864"
"25117","31.793374635","192.168.1.55","192.168.1.2","TCP","1514","8004  >  35936 [ACK] Seq=427350 Ack=144 Win=65024 Len=1448 TSval=2916035874 TSecr=3045555643 [TCP segment of a reassembled PDU]"
"25118","31.793377135","192.168.1.55","192.168.1.2","TCP","1514","8004  >  35936 [ACK] Seq=428798 Ack=144 Win=65024 Len=1448 TSval=2916035874 TSecr=3045555643 [TCP segment of a reassembled PDU]"
"25119","31.793378913","192.168.1.55","192.168.1.2","TCP","1514","8004  >  35936 [ACK] Seq=430246 Ack=144 Win=65024 Len=1448 TSval=2916035874 TSecr=3045555643 [TCP segment of a reassembled PDU]"
"25120","31.793380246","192.168.1.55","192.168.1.2","TCP","1514","8004  >  35936 [ACK] Seq=431694 Ack=144 Win=65024 Len=1448 TSval=2916035874 TSecr=3045555643 [TCP segment of a reassembled PDU]"
"25121","31.793381691","192.168.1.55","192.168.1.2","TCP","1514","8004  >  35936 [ACK] Seq=433142 Ack=144 Win=65024 Len=1448 TSval=2916035874 TSecr=3045555643 [TCP segment of a reassembled PDU]"
"25122","31.793383191","192.168.1.55","192.168.1.2","TCP","1514","8004  >  35936 [ACK] Seq=434590 Ack=144 Win=65024 Len=1448 TSval=2916035874 TSecr=3045555643 [TCP segment of a reassembled PDU]"
"25123","31.793384542","192.168.1.55","192.168.1.2","TCP","1514","8004  >  35936 [ACK] Seq=436038 Ack=144 Win=65024 Len=1448 TSval=2916035874 TSecr=3045555643 [TCP segment of a reassembled PDU]"
"25124","31.793386209","192.168.1.55","192.168.1.2","TCP","1514","8004  >  35936 [ACK] Seq=437486 Ack=144 Win=65024 Len=1448 TSval=2916035874 TSecr=3045555643 [TCP segment of a reassembled PDU]"
"25125","31.793387542","192.168.1.55","192.168.1.2","TCP","1514","8004  >  35936 [ACK] Seq=438934 Ack=144 Win=65024 Len=1448 TSval=2916035874 TSecr=3045555643 [TCP segment of a reassembled PDU]"
"25126","31.793388950","192.168.1.55","192.168.1.2","TCP","1514","8004  >  35936 [ACK] Seq=440382 Ack=144 Win=65024 Len=1448 TSval=2916035874 TSecr=3045555643 [TCP segment of a reassembled PDU]"
"25127","31.793390450","192.168.1.55","192.168.1.2","TCP","1514","8004  >  35936 [ACK] Seq=441830 Ack=144 Win=65024 Len=1448 TSval=2916035874 TSecr=3045555643 [TCP segment of a reassembled PDU]"
"25128","31.793391709","192.168.1.55","192.168.1.2","TCP","1514","8004  >  35936 [ACK] Seq=443278 Ack=144 Win=65024 Len=1448 TSval=2916035874 TSecr=3045555643 [TCP segment of a reassembled PDU]"
"25129","31.793393172","192.168.1.55","192.168.1.2","TCP","1514","8004  >  35936 [ACK] Seq=444726 Ack=144 Win=65024 Len=1448 TSval=2916035874 TSecr=3045555643 [TCP segment of a reassembled PDU]"
"25130","31.793394802","192.168.1.55","192.168.1.2","TCP","1514","8004  >  35936 [ACK] Seq=446174 Ack=144 Win=65024 Len=1448 TSval=2916035874 TSecr=3045555643 [TCP segment of a reassembled PDU]"
"25131","31.793396246","192.168.1.55","192.168.1.2","TCP","1514","8004  >  35936 [ACK] Seq=447622 Ack=144 Win=65024 Len=1448 TSval=2916035874 TSecr=3045555643 [TCP segment of a reassembled PDU]"
"25132","31.793397598","192.168.1.55","192.168.1.2","TCP","1514","8004  >  35936 [ACK] Seq=449070 Ack=144 Win=65024 Len=1448 TSval=2916035874 TSecr=3045555643 [TCP segment of a reassembled PDU]"
"25133","31.793398894","192.168.1.55","192.168.1.2","TCP","1514","8004  >  35936 [ACK] Seq=450518 Ack=144 Win=65024 Len=1448 TSval=2916035874 TSecr=3045555643 [TCP segment of a reassembled PDU]"
"25134","31.793400376","192.168.1.55","192.168.1.2","TCP","1514","8004  >  35936 [ACK] Seq=451966 Ack=144 Win=65024 Len=1448 TSval=2916035874 TSecr=3045555643 [TCP segment of a reassembled PDU]"
"25135","31.793402042","192.168.1.55","192.168.1.2","TCP","1514","8004  >  35936 [ACK] Seq=453414 Ack=144 Win=65024 Len=1448 TSval=2916035874 TSecr=3045555643 [TCP segment of a reassembled PDU]"
"25136","31.793403524","192.168.1.55","192.168.1.2","TCP","1514","8004  >  35936 [ACK] Seq=454862 Ack=144 Win=65024 Len=1448 TSval=2916035874 TSecr=3045555643 [TCP segment of a reassembled PDU]"
"25137","31.793405024","192.168.1.55","192.168.1.2","TCP","1514","8004  >  35936 [PSH, ACK] Seq=456310 Ack=144 Win=65024 Len=1448 TSval=2916035874 TSecr=3045555643 [TCP segment of a reassembled PDU]"
"25138","31.793480876","192.168.1.2","192.168.1.55","TCP","66","35936  >  8004 [ACK] Seq=144 Ack=334678 Win=132096 Len=0 TSval=3045555648 TSecr=2916035866"
"25139","31.793489913","192.168.1.2","192.168.1.55","TCP","66","35936  >  8004 [ACK] Seq=144 Ack=376670 Win=90112 Len=0 TSval=3045555648 TSecr=2916035866"
"25140","31.797099511","192.168.1.2","192.168.1.55","TCP","66","35936  >  8004 [ACK] Seq=144 Ack=377038 Win=172032 Len=0 TSval=3045555651 TSecr=2916035866"
"25141","31.797116104","192.168.1.55","192.168.1.2","TCP","1514","8004  >  35936 [ACK] Seq=457758 Ack=144 Win=65024 Len=1448 TSval=2916035877 TSecr=3045555651 [TCP segment of a reassembled PDU]"
"25142","31.797118419","192.168.1.55","192.168.1.2","TCP","1514","8004  >  35936 [ACK] Seq=459206 Ack=144 Win=65024 Len=1448 TSval=2916035877 TSecr=3045555651 [TCP segment of a reassembled PDU]"
"25143","31.797119734","192.168.1.55","192.168.1.2","TCP","1514","8004  >  35936 [ACK] Seq=460654 Ack=144 Win=65024 Len=1448 TSval=2916035877 TSecr=3045555651 [TCP segment of a reassembled PDU]"
"25144","31.797121141","192.168.1.55","192.168.1.2","TCP","1514","8004  >  35936 [ACK] Seq=462102 Ack=144 Win=65024 Len=1448 TSval=2916035877 TSecr=3045555651 [TCP segment of a reassembled PDU]"
"25145","31.797122419","192.168.1.55","192.168.1.2","TCP","1514","8004  >  35936 [ACK] Seq=463550 Ack=144 Win=65024 Len=1448 TSval=2916035877 TSecr=3045555651 [TCP segment of a reassembled PDU]"
"25146","31.797124048","192.168.1.55","192.168.1.2","TCP","1514","8004  >  35936 [ACK] Seq=464998 Ack=144 Win=65024 Len=1448 TSval=2916035877 TSecr=3045555651 [TCP segment of a reassembled PDU]"
"25147","31.797125511","192.168.1.55","192.168.1.2","TCP","1514","8004  >  35936 [ACK] Seq=466446 Ack=144 Win=65024 Len=1448 TSval=2916035877 TSecr=3045555651 [TCP segment of a reassembled PDU]"
"25148","31.797126789","192.168.1.55","192.168.1.2","TCP","1514","8004  >  35936 [ACK] Seq=467894 Ack=144 Win=65024 Len=1448 TSval=2916035877 TSecr=3045555651 [TCP segment of a reassembled PDU]"
"25149","31.797128215","192.168.1.55","192.168.1.2","TCP","1514","8004  >  35936 [ACK] Seq=469342 Ack=144 Win=65024 Len=1448 TSval=2916035877 TSecr=3045555651 [TCP segment of a reassembled PDU]"
"25150","31.797129678","192.168.1.55","192.168.1.2","TCP","1514","8004  >  35936 [ACK] Seq=470790 Ack=144 Win=65024 Len=1448 TSval=2916035877 TSecr=3045555651 [TCP segment of a reassembled PDU]"
"25151","31.797131104","192.168.1.55","192.168.1.2","TCP","1514","8004  >  35936 [PSH, ACK] Seq=472238 Ack=144 Win=65024 Len=1448 TSval=2916035877 TSecr=3045555651 [TCP segment of a reassembled PDU]"
"25152","31.797148734","192.168.1.55","192.168.1.2","TCP","1514","8004  >  35936 [ACK] Seq=473686 Ack=144 Win=65024 Len=1448 TSval=2916035877 TSecr=3045555651 [TCP segment of a reassembled PDU]"
"25153","31.797150178","192.168.1.55","192.168.1.2","TCP","1514","8004  >  35936 [ACK] Seq=475134 Ack=144 Win=65024 Len=1448 TSval=2916035877 TSecr=3045555651 [TCP segment of a reassembled PDU]"
"25154","31.797151456","192.168.1.55","192.168.1.2","TCP","1514","8004  >  35936 [ACK] Seq=476582 Ack=144 Win=65024 Len=1448 TSval=2916035877 TSecr=3045555651 [TCP segment of a reassembled PDU]"
"25155","31.797152771","192.168.1.55","192.168.1.2","TCP","1514","8004  >  35936 [ACK] Seq=478030 Ack=144 Win=65024 Len=1448 TSval=2916035877 TSecr=3045555651 [TCP segment of a reassembled PDU]"
"25156","31.797154048","192.168.1.55","192.168.1.2","TCP","1514","8004  >  35936 [ACK] Seq=479478 Ack=144 Win=65024 Len=1448 TSval=2916035877 TSecr=3045555651 [TCP segment of a reassembled PDU]"
"25157","31.797155493","192.168.1.55","192.168.1.2","TCP","1514","8004  >  35936 [ACK] Seq=480926 Ack=144 Win=65024 Len=1448 TSval=2916035877 TSecr=3045555651 [TCP segment of a reassembled PDU]"
"25158","31.797156845","192.168.1.55","192.168.1.2","TCP","1514","8004  >  35936 [ACK] Seq=482374 Ack=144 Win=65024 Len=1448 TSval=2916035877 TSecr=3045555651 [TCP segment of a reassembled PDU]"
"25159","31.797158715","192.168.1.55","192.168.1.2","TCP","1514","8004  >  35936 [ACK] Seq=483822 Ack=144 Win=65024 Len=1448 TSval=2916035877 TSecr=3045555651 [TCP segment of a reassembled PDU]"
"25160","31.797160067","192.168.1.55","192.168.1.2","TCP","1514","8004  >  35936 [ACK] Seq=485270 Ack=144 Win=65024 Len=1448 TSval=2916035877 TSecr=3045555651 [TCP segment of a reassembled PDU]"
"25161","31.797161456","192.168.1.55","192.168.1.2","TCP","1514","8004  >  35936 [ACK] Seq=486718 Ack=144 Win=65024 Len=1448 TSval=2916035877 TSecr=3045555651 [TCP segment of a reassembled PDU]"
"25162","31.797162919","192.168.1.55","192.168.1.2","TCP","1514","8004  >  35936 [ACK] Seq=488166 Ack=144 Win=65024 Len=1448 TSval=2916035877 TSecr=3045555651 [TCP segment of a reassembled PDU]"
"25163","31.797164363","192.168.1.55","192.168.1.2","TCP","1514","8004  >  35936 [ACK] Seq=489614 Ack=144 Win=65024 Len=1448 TSval=2916035877 TSecr=3045555651 [TCP segment of a reassembled PDU]"
"25164","31.797165641","192.168.1.55","192.168.1.2","TCP","1514","8004  >  35936 [ACK] Seq=491062 Ack=144 Win=65024 Len=1448 TSval=2916035877 TSecr=3045555651 [TCP segment of a reassembled PDU]"
"25165","31.797167011","192.168.1.55","192.168.1.2","TCP","1514","8004  >  35936 [ACK] Seq=492510 Ack=144 Win=65024 Len=1448 TSval=2916035877 TSecr=3045555651 [TCP segment of a reassembled PDU]"
"25166","31.797168289","192.168.1.55","192.168.1.2","TCP","1514","8004  >  35936 [ACK] Seq=493958 Ack=144 Win=65024 Len=1448 TSval=2916035877 TSecr=3045555651 [TCP segment of a reassembled PDU]"
"25167","31.797174456","192.168.1.55","192.168.1.2","TCP","1514","8004  >  35936 [ACK] Seq=495406 Ack=144 Win=65024 Len=1448 TSval=2916035877 TSecr=3045555651 [TCP segment of a reassembled PDU]"
"25168","31.797176141","192.168.1.55","192.168.1.2","TCP","1514","8004  >  35936 [PSH, ACK] Seq=496854 Ack=144 Win=65024 Len=1448 TSval=2916035877 TSecr=3045555651 [TCP segment of a reassembled PDU]"
"25169","31.797180289","192.168.1.55","192.168.1.2","HTTP","222","HTTP/1.0 200 OK  (PNG)"
"25170","31.797234604","192.168.1.2","192.168.1.55","TCP","66","35936  >  8004 [ACK] Seq=144 Ack=379934 Win=172032 Len=0 TSval=3045555651 TSecr=2916035870"
"25171","31.797241567","192.168.1.2","192.168.1.55","TCP","66","35936  >  8004 [ACK] Seq=144 Ack=427350 Win=124928 Len=0 TSval=3045555651 TSecr=2916035870"
"25172","31.798332347","192.168.1.2","192.168.1.55","TCP","66","35936  >  8004 [ACK] Seq=144 Ack=456310 Win=146432 Len=0 TSval=3045555653 TSecr=2916035874"
"25173","31.802517575","192.168.1.2","192.168.1.55","TCP","66","35936  >  8004 [ACK] Seq=144 Ack=457758 Win=174080 Len=0 TSval=3045555656 TSecr=2916035874"
"25174","31.802679909","192.168.1.2","192.168.1.55","TCP","66","35936  >  8004 [ACK] Seq=144 Ack=473686 Win=206848 Len=0 TSval=3045555656 TSecr=2916035877"
"25175","31.802702853","192.168.1.2","192.168.1.55","TCP","66","35936  >  8004 [ACK] Seq=144 Ack=486718 Win=232448 Len=0 TSval=3045555656 TSecr=2916035877"
"25176","31.802708502","192.168.1.2","192.168.1.55","TCP","66","35936  >  8004 [ACK] Seq=144 Ack=493958 Win=246784 Len=0 TSval=3045555656 TSecr=2916035877"
"25177","31.802937780","192.168.1.2","192.168.1.55","TCP","66","35936  >  8004 [ACK] Seq=144 Ack=498302 Win=256000 Len=0 TSval=3045555658 TSecr=2916035877"
"25178","31.803988948","192.168.1.2","192.168.1.55","TCP","66","35936  >  8004 [FIN, ACK] Seq=144 Ack=498459 Win=258048 Len=0 TSval=3045555658 TSecr=2916035877"
"25179","31.804006244","192.168.1.55","192.168.1.2","TCP","66","8004  >  35936 [ACK] Seq=498459 Ack=145 Win=65024 Len=0 TSval=2916035884 TSecr=3045555658"
"25180","31.804122319","192.168.1.2","192.168.1.55","TCP","74","35950  >  8004 [SYN] Seq=0 Win=64240 Len=0 MSS=1460 SACK_PERM TSval=3045555659 TSecr=0 WS=1024"
"25181","31.804148837","192.168.1.55","192.168.1.2","TCP","74","8004  >  35950 [SYN, ACK] Seq=0 Ack=1 Win=65160 Len=0 MSS=1460 SACK_PERM TSval=2916035884 TSecr=3045555659 WS=128"
"25182","31.807283546","192.168.1.2","192.168.1.55","TCP","66","35950  >  8004 [ACK] Seq=1 Ack=1 Win=64512 Len=0 TSval=3045555662 TSecr=2916035884"
"25183","31.810529551","192.168.1.2","192.168.1.55","HTTP","206","GET /stego_benchmark.png HTTP/1.1 "
"25184","31.810558736","192.168.1.55","192.168.1.2","TCP","66","8004  >  35950 [ACK] Seq=1 Ack=141 Win=65024 Len=0 TSval=2916035891 TSecr=3045555662"
"25185","31.811120330","192.168.1.55","192.168.1.2","TCP","255","8004  >  35950 [PSH, ACK] Seq=1 Ack=141 Win=65024 Len=189 TSval=2916035891 TSecr=3045555662 [TCP segment of a reassembled PDU]"
"25186","31.811233719","192.168.1.55","192.168.1.2","TCP","1514","8004  >  35950 [ACK] Seq=190 Ack=141 Win=65024 Len=1448 TSval=2916035891 TSecr=3045555662 [TCP segment of a reassembled PDU]"
"25187","31.811239423","192.168.1.55","192.168.1.2","TCP","1514","8004  >  35950 [ACK] Seq=1638 Ack=141 Win=65024 Len=1448 TSval=2916035891 TSecr=3045555662 [TCP segment of a reassembled PDU]"
"25188","31.811240848","192.168.1.55","192.168.1.2","TCP","1514","8004  >  35950 [ACK] Seq=3086 Ack=141 Win=65024 Len=1448 TSval=2916035891 TSecr=3045555662 [TCP segment of a reassembled PDU]"
"25189","31.811242367","192.168.1.55","192.168.1.2","TCP","1514","8004  >  35950 [ACK] Seq=4534 Ack=141 Win=65024 Len=1448 TSval=2916035891 TSecr=3045555662 [TCP segment of a reassembled PDU]"
"25190","31.811243848","192.168.1.55","192.168.1.2","TCP","1514","8004  >  35950 [PSH, ACK] Seq=5982 Ack=141 Win=65024 Len=1448 TSval=2916035891 TSecr=3045555662 [TCP segment of a reassembled PDU]"
"25191","31.811284237","192.168.1.55","192.168.1.2","TCP","1514","8004  >  35950 [ACK] Seq=7430 Ack=141 Win=65024 Len=1448 TSval=2916035891 TSecr=3045555662 [TCP segment of a reassembled PDU]"
"25192","31.811289145","192.168.1.55","192.168.1.2","TCP","1514","8004  >  35950 [ACK] Seq=8878 Ack=141 Win=65024 Len=1448 TSval=2916035891 TSecr=3045555662 [TCP segment of a reassembled PDU]"
"25193","31.811306997","192.168.1.55","192.168.1.2","TCP","1514","8004  >  35950 [ACK] Seq=10326 Ack=141 Win=65024 Len=1448 TSval=2916035891 TSecr=3045555662 [TCP segment of a reassembled PDU]"
"25194","31.811309960","192.168.1.55","192.168.1.2","TCP","1514","8004  >  35950 [PSH, ACK] Seq=11774 Ack=141 Win=65024 Len=1448 TSval=2916035891 TSecr=3045555662 [TCP segment of a reassembled PDU]"
"25195","31.815120947","192.168.1.2","192.168.1.55","TCP","66","35950  >  8004 [ACK] Seq=141 Ack=190 Win=64512 Len=0 TSval=3045555670 TSecr=2916035891"
"25196","31.815159688","192.168.1.55","192.168.1.2","TCP","1514","8004  >  35950 [ACK] Seq=13222 Ack=141 Win=65024 Len=1448 TSval=2916035895 TSecr=3045555670 [TCP segment of a reassembled PDU]"
"25197","31.815163151","192.168.1.55","192.168.1.2","TCP","1514","8004  >  35950 [PSH, ACK] Seq=14670 Ack=141 Win=65024 Len=1448 TSval=2916035895 TSecr=3045555670 [TCP segment of a reassembled PDU]"
"25198","31.815191466","192.168.1.2","192.168.1.55","TCP","66","35950  >  8004 [ACK] Seq=141 Ack=13222 Win=64512 Len=0 TSval=3045555670 TSecr=2916035891"
"25199","31.815214484","192.168.1.55","192.168.1.2","TCP","1514","8004  >  35950 [ACK] Seq=16118 Ack=141 Win=65024 Len=1448 TSval=2916035895 TSecr=3045555670 [TCP segment of a reassembled PDU]"
"25200","31.815216558","192.168.1.55","192.168.1.2","TCP","1514","8004  >  35950 [ACK] Seq=17566 Ack=141 Win=65024 Len=1448 TSval=2916035895 TSecr=3045555670 [TCP segment of a reassembled PDU]"
"25201","31.815218058","192.168.1.55","192.168.1.2","TCP","1514","8004  >  35950 [ACK] Seq=19014 Ack=141 Win=65024 Len=1448 TSval=2916035895 TSecr=3045555670 [TCP segment of a reassembled PDU]"
"25202","31.815219077","192.168.1.55","192.168.1.2","TCP","1514","8004  >  35950 [ACK] Seq=20462 Ack=141 Win=65024 Len=1448 TSval=2916035895 TSecr=3045555670 [TCP segment of a reassembled PDU]"
"25203","31.815220077","192.168.1.55","192.168.1.2","TCP","1514","8004  >  35950 [ACK] Seq=21910 Ack=141 Win=65024 Len=1448 TSval=2916035895 TSecr=3045555670 [TCP segment of a reassembled PDU]"
"25204","31.815221077","192.168.1.55","192.168.1.2","TCP","1514","8004  >  35950 [ACK] Seq=23358 Ack=141 Win=65024 Len=1448 TSval=2916035895 TSecr=3045555670 [TCP segment of a reassembled PDU]"
"25205","31.815222040","192.168.1.55","192.168.1.2","TCP","1514","8004  >  35950 [ACK] Seq=24806 Ack=141 Win=65024 Len=1448 TSval=2916035895 TSecr=3045555670 [TCP segment of a reassembled PDU]"
"25206","31.815223170","192.168.1.55","192.168.1.2","TCP","1514","8004  >  35950 [ACK] Seq=26254 Ack=141 Win=65024 Len=1448 TSval=2916035895 TSecr=3045555670 [TCP segment of a reassembled PDU]"
"25207","31.815224410","192.168.1.55","192.168.1.2","TCP","1514","8004  >  35950 [ACK] Seq=27702 Ack=141 Win=65024 Len=1448 TSval=2916035895 TSecr=3045555670 [TCP segment of a reassembled PDU]"
"25208","31.815225503","192.168.1.55","192.168.1.2","TCP","1514","8004  >  35950 [PSH, ACK] Seq=29150 Ack=141 Win=65024 Len=1448 TSval=2916035895 TSecr=3045555670 [TCP segment of a reassembled PDU]"
"25209","31.815245281","192.168.1.55","192.168.1.2","TCP","1514","8004  >  35950 [ACK] Seq=30598 Ack=141 Win=65024 Len=1448 TSval=2916035895 TSecr=3045555670 [TCP segment of a reassembled PDU]"
"25210","31.815247466","192.168.1.55","192.168.1.2","TCP","1514","8004  >  35950 [ACK] Seq=32046 Ack=141 Win=65024 Len=1448 TSval=2916035895 TSecr=3045555670 [TCP segment of a reassembled PDU]"
"25211","31.815248447","192.168.1.55","192.168.1.2","TCP","1514","8004  >  35950 [ACK] Seq=33494 Ack=141 Win=65024 Len=1448 TSval=2916035895 TSecr=3045555670 [TCP segment of a reassembled PDU]"
"25212","31.815249355","192.168.1.55","192.168.1.2","TCP","1514","8004  >  35950 [ACK] Seq=34942 Ack=141 Win=65024 Len=1448 TSval=2916035895 TSecr=3045555670 [TCP segment of a reassembled PDU]"
"25213","31.815250281","192.168.1.55","192.168.1.2","TCP","1514","8004  >  35950 [ACK] Seq=36390 Ack=141 Win=65024 Len=1448 TSval=2916035895 TSecr=3045555670 [TCP segment of a reassembled PDU]"
"25214","31.815251355","192.168.1.55","192.168.1.2","TCP","1514","8004  >  35950 [ACK] Seq=37838 Ack=141 Win=65024 Len=1448 TSval=2916035895 TSecr=3045555670 [TCP segment of a reassembled PDU]"
"25215","31.815252429","192.168.1.55","192.168.1.2","TCP","1514","8004  >  35950 [ACK] Seq=39286 Ack=141 Win=65024 Len=1448 TSval=2916035895 TSecr=3045555670 [TCP segment of a reassembled PDU]"
"25216","31.815253466","192.168.1.55","192.168.1.2","TCP","1514","8004  >  35950 [PSH, ACK] Seq=40734 Ack=141 Win=65024 Len=1448 TSval=2916035895 TSecr=3045555670 [TCP segment of a reassembled PDU]"
"25217","31.820181177","192.168.1.2","192.168.1.55","TCP","66","35950  >  8004 [ACK] Seq=141 Ack=16118 Win=70656 Len=0 TSval=3045555674 TSecr=2916035895"
"25218","31.820273307","192.168.1.55","192.168.1.2","TCP","1514","8004  >  35950 [ACK] Seq=42182 Ack=141 Win=65024 Len=1448 TSval=2916035900 TSecr=3045555674 [TCP segment of a reassembled PDU]"
"25219","31.820280307","192.168.1.55","192.168.1.2","TCP","1514","8004  >  35950 [PSH, ACK] Seq=43630 Ack=141 Win=65024 Len=1448 TSval=2916035900 TSecr=3045555674 [TCP segment of a reassembled PDU]"
"25220","31.820361159","192.168.1.2","192.168.1.55","TCP","66","35950  >  8004 [ACK] Seq=141 Ack=30598 Win=70656 Len=0 TSval=3045555674 TSecr=2916035895"
"25221","31.820402715","192.168.1.55","192.168.1.2","TCP","1514","8004  >  35950 [ACK] Seq=45078 Ack=141 Win=65024 Len=1448 TSval=2916035901 TSecr=3045555674 [TCP segment of a reassembled PDU]"
"25222","31.820406752","192.168.1.55","192.168.1.2","TCP","1514","8004  >  35950 [ACK] Seq=46526 Ack=141 Win=65024 Len=1448 TSval=2916035901 TSecr=3045555674 [TCP segment of a reassembled PDU]"
"25223","31.820408344","192.168.1.55","192.168.1.2","TCP","1514","8004  >  35950 [ACK] Seq=47974 Ack=141 Win=65024 Len=1448 TSval=2916035901 TSecr=3045555674 [TCP segment of a reassembled PDU]"
"25224","31.820409733","192.168.1.55","192.168.1.2","TCP","1514","8004  >  35950 [ACK] Seq=49422 Ack=141 Win=65024 Len=1448 TSval=2916035901 TSecr=3045555674 [TCP segment of a reassembled PDU]"
"25225","31.820410900","192.168.1.55","192.168.1.2","TCP","1514","8004  >  35950 [ACK] Seq=50870 Ack=141 Win=65024 Len=1448 TSval=2916035901 TSecr=3045555674 [TCP segment of a reassembled PDU]"
"25226","31.820412381","192.168.1.55","192.168.1.2","TCP","1514","8004  >  35950 [ACK] Seq=52318 Ack=141 Win=65024 Len=1448 TSval=2916035901 TSecr=3045555674 [TCP segment of a reassembled PDU]"
"25227","31.820413919","192.168.1.55","192.168.1.2","TCP","1514","8004  >  35950 [ACK] Seq=53766 Ack=141 Win=65024 Len=1448 TSval=2916035901 TSecr=3045555674 [TCP segment of a reassembled PDU]"
"25228","31.820415011","192.168.1.55","192.168.1.2","TCP","1514","8004  >  35950 [ACK] Seq=55214 Ack=141 Win=65024 Len=1448 TSval=2916035901 TSecr=3045555674 [TCP segment of a reassembled PDU]"
"25229","31.820416807","192.168.1.55","192.168.1.2","TCP","1514","8004  >  35950 [ACK] Seq=56662 Ack=141 Win=65024 Len=1448 TSval=2916035901 TSecr=3045555674 [TCP segment of a reassembled PDU]"
"25230","31.820418622","192.168.1.55","192.168.1.2","TCP","1514","8004  >  35950 [ACK] Seq=58110 Ack=141 Win=65024 Len=1448 TSval=2916035901 TSecr=3045555674 [TCP segment of a reassembled PDU]"
"25231","31.820420733","192.168.1.55","192.168.1.2","TCP","1514","8004  >  35950 [ACK] Seq=59558 Ack=141 Win=65024 Len=1448 TSval=2916035901 TSecr=3045555674 [TCP segment of a reassembled PDU]"
"25232","31.820422437","192.168.1.55","192.168.1.2","TCP","1514","8004  >  35950 [ACK] Seq=61006 Ack=141 Win=65024 Len=1448 TSval=2916035901 TSecr=3045555674 [TCP segment of a reassembled PDU]"
"25233","31.820424104","192.168.1.55","192.168.1.2","TCP","1514","8004  >  35950 [ACK] Seq=62454 Ack=141 Win=65024 Len=1448 TSval=2916035901 TSecr=3045555674 [TCP segment of a reassembled PDU]"
"25234","31.820425141","192.168.1.55","192.168.1.2","TCP","1514","8004  >  35950 [ACK] Seq=63902 Ack=141 Win=65024 Len=1448 TSval=2916035901 TSecr=3045555674 [TCP segment of a reassembled PDU]"
"25235","31.820426326","192.168.1.55","192.168.1.2","TCP","1514","8004  >  35950 [ACK] Seq=65350 Ack=141 Win=65024 Len=1448 TSval=2916035901 TSecr=3045555674 [TCP segment of a reassembled PDU]"
"25236","31.820427696","192.168.1.55","192.168.1.2","TCP","1514","8004  >  35950 [PSH, ACK] Seq=66798 Ack=141 Win=65024 Len=1448 TSval=2916035901 TSecr=3045555674 [TCP segment of a reassembled PDU]"
"25237","31.820454233","192.168.1.55","192.168.1.2","TCP","1514","8004  >  35950 [ACK] Seq=68246 Ack=141 Win=65024 Len=1448 TSval=2916035901 TSecr=3045555674 [TCP segment of a reassembled PDU]"
"25238","31.820456289","192.168.1.55","192.168.1.2","TCP","1514","8004  >  35950 [ACK] Seq=69694 Ack=141 Win=65024 Len=1448 TSval=2916035901 TSecr=3045555674 [TCP segment of a reassembled PDU]"
"25239","31.820457789","192.168.1.55","192.168.1.2","TCP","1514","8004  >  35950 [ACK] Seq=71142 Ack=141 Win=65024 Len=1448 TSval=2916035901 TSecr=3045555674 [TCP segment of a reassembled PDU]"
"25240","31.820458770","192.168.1.55","192.168.1.2","TCP","1514","8004  >  35950 [ACK] Seq=72590 Ack=141 Win=65024 Len=1448 TSval=2916035901 TSecr=3045555674 [TCP segment of a reassembled PDU]"
"25241","31.820460326","192.168.1.55","192.168.1.2","TCP","1514","8004  >  35950 [ACK] Seq=74038 Ack=141 Win=65024 Len=1448 TSval=2916035901 TSecr=3045555674 [TCP segment of a reassembled PDU]"
"25242","31.820461604","192.168.1.55","192.168.1.2","TCP","1514","8004  >  35950 [PSH, ACK] Seq=75486 Ack=141 Win=65024 Len=1448 TSval=2916035901 TSecr=3045555674 [TCP segment of a reassembled PDU]"
"25243","31.820467474","192.168.1.2","192.168.1.55","TCP","66","35950  >  8004 [ACK] Seq=141 Ack=36390 Win=69632 Len=0 TSval=3045555674 TSecr=2916035895"
"25244","31.820473993","192.168.1.2","192.168.1.55","TCP","66","35950  >  8004 [ACK] Seq=141 Ack=39286 Win=76800 Len=0 TSval=3045555674 TSecr=2916035895"
"25245","31.820478289","192.168.1.2","192.168.1.55","TCP","66","35950  >  8004 [ACK] Seq=141 Ack=42182 Win=81920 Len=0 TSval=3045555675 TSecr=2916035895"
"25246","31.820588215","192.168.1.55","192.168.1.2","TCP","1514","8004  >  35950 [ACK] Seq=76934 Ack=141 Win=65024 Len=1448 TSval=2916035901 TSecr=3045555675 [TCP segment of a reassembled PDU]"
"25247","31.820594160","192.168.1.55","192.168.1.2","TCP","1514","8004  >  35950 [ACK] Seq=78382 Ack=141 Win=65024 Len=1448 TSval=2916035901 TSecr=3045555675 [TCP segment of a reassembled PDU]"
"25248","31.820595808","192.168.1.55","192.168.1.2","TCP","1514","8004  >  35950 [ACK] Seq=79830 Ack=141 Win=65024 Len=1448 TSval=2916035901 TSecr=3045555675 [TCP segment of a reassembled PDU]"
"25249","31.820597011","192.168.1.55","192.168.1.2","TCP","1514","8004  >  35950 [ACK] Seq=81278 Ack=141 Win=65024 Len=1448 TSval=2916035901 TSecr=3045555675 [TCP segment of a reassembled PDU]"
"25250","31.820598604","192.168.1.55","192.168.1.2","TCP","1514","8004  >  35950 [ACK] Seq=82726 Ack=141 Win=65024 Len=1448 TSval=2916035901 TSecr=3045555675 [TCP segment of a reassembled PDU]"
"25251","31.820600326","192.168.1.55","192.168.1.2","TCP","1514","8004  >  35950 [ACK] Seq=84174 Ack=141 Win=65024 Len=1448 TSval=2916035901 TSecr=3045555675 [TCP segment of a reassembled PDU]"
"25252","31.820601530","192.168.1.55","192.168.1.2","TCP","1514","8004  >  35950 [ACK] Seq=85622 Ack=141 Win=65024 Len=1448 TSval=2916035901 TSecr=3045555675 [TCP segment of a reassembled PDU]"
"25253","31.820602493","192.168.1.55","192.168.1.2","TCP","1514","8004  >  35950 [ACK] Seq=87070 Ack=141 Win=65024 Len=1448 TSval=2916035901 TSecr=3045555675 [TCP segment of a reassembled PDU]"
"25254","31.820604437","192.168.1.55","192.168.1.2","TCP","1514","8004  >  35950 [ACK] Seq=88518 Ack=141 Win=65024 Len=1448 TSval=2916035901 TSecr=3045555675 [TCP segment of a reassembled PDU]"
"25255","31.820606086","192.168.1.55","192.168.1.2","TCP","1514","8004  >  35950 [ACK] Seq=89966 Ack=141 Win=65024 Len=1448 TSval=2916035901 TSecr=3045555675 [TCP segment of a reassembled PDU]"
"25256","31.820607400","192.168.1.55","192.168.1.2","TCP","1514","8004  >  35950 [ACK] Seq=91414 Ack=141 Win=65024 Len=1448 TSval=2916035901 TSecr=3045555675 [TCP segment of a reassembled PDU]"
"25257","31.820608734","192.168.1.55","192.168.1.2","TCP","1514","8004  >  35950 [ACK] Seq=92862 Ack=141 Win=65024 Len=1448 TSval=2916035901 TSecr=3045555675 [TCP segment of a reassembled PDU]"
"25258","31.820609734","192.168.1.55","192.168.1.2","TCP","1514","8004  >  35950 [ACK] Seq=94310 Ack=141 Win=65024 Len=1448 TSval=2916035901 TSecr=3045555675 [TCP segment of a reassembled PDU]"
"25259","31.820610863","192.168.1.55","192.168.1.2","TCP","1514","8004  >  35950 [ACK] Seq=95758 Ack=141 Win=65024 Len=1448 TSval=2916035901 TSecr=3045555675 [TCP segment of a reassembled PDU]"
"25260","31.820612104","192.168.1.55","192.168.1.2","TCP","1514","8004  >  35950 [ACK] Seq=97206 Ack=141 Win=65024 Len=1448 TSval=2916035901 TSecr=3045555675 [TCP segment of a reassembled PDU]"
"25261","31.820613586","192.168.1.55","192.168.1.2","TCP","1514","8004  >  35950 [PSH, ACK] Seq=98654 Ack=141 Win=65024 Len=1448 TSval=2916035901 TSecr=3045555675 [TCP segment of a reassembled PDU]"
"25262","31.827448004","192.168.1.2","192.168.1.55","TCP","66","35950  >  8004 [ACK] Seq=141 Ack=43630 Win=83968 Len=0 TSval=3045555681 TSecr=2916035900"
"25263","31.827477115","192.168.1.55","192.168.1.2","TCP","1514","8004  >  35950 [ACK] Seq=100102 Ack=141 Win=65024 Len=1448 TSval=2916035908 TSecr=3045555681 [TCP segment of a reassembled PDU]"
"25264","31.827480707","192.168.1.55","192.168.1.2","TCP","1514","8004  >  35950 [PSH, ACK] Seq=101550 Ack=141 Win=65024 Len=1448 TSval=2916035908 TSecr=3045555681 [TCP segment of a reassembled PDU]"
"25265","31.827662911","192.168.1.2","192.168.1.55","TCP","66","35950  >  8004 [ACK] Seq=141 Ack=45078 Win=86016 Len=0 TSval=3045555682 TSecr=2916035900"
"25266","31.827669930","192.168.1.2","192.168.1.55","TCP","66","35950  >  8004 [ACK] Seq=141 Ack=68246 Win=65536 Len=0 TSval=3045555682 TSecr=2916035901"
"25267","31.827680152","192.168.1.55","192.168.1.2","TCP","1514","8004  >  35950 [ACK] Seq=102998 Ack=141 Win=65024 Len=1448 TSval=2916035908 TSecr=3045555682 [TCP segment of a reassembled PDU]"
"25268","31.827681393","192.168.1.55","192.168.1.2","TCP","1514","8004  >  35950 [ACK] Seq=104446 Ack=141 Win=65024 Len=1448 TSval=2916035908 TSecr=3045555682 [TCP segment of a reassembled PDU]"
"25269","31.827682282","192.168.1.55","192.168.1.2","TCP","1514","8004  >  35950 [ACK] Seq=105894 Ack=141 Win=65024 Len=1448 TSval=2916035908 TSecr=3045555682 [TCP segment of a reassembled PDU]"
"25270","31.827683486","192.168.1.55","192.168.1.2","TCP","1514","8004  >  35950 [PSH, ACK] Seq=107342 Ack=141 Win=65024 Len=1448 TSval=2916035908 TSecr=3045555682 [TCP segment of a reassembled PDU]"
"25271","31.827708078","192.168.1.55","192.168.1.2","TCP","1514","8004  >  35950 [ACK] Seq=108790 Ack=141 Win=65024 Len=1448 TSval=2916035908 TSecr=3045555682 [TCP segment of a reassembled PDU]"
"25272","31.827709856","192.168.1.55","192.168.1.2","TCP","1514","8004  >  35950 [ACK] Seq=110238 Ack=141 Win=65024 Len=1448 TSval=2916035908 TSecr=3045555682 [TCP segment of a reassembled PDU]"
"25273","31.827710893","192.168.1.55","192.168.1.2","TCP","1514","8004  >  35950 [ACK] Seq=111686 Ack=141 Win=65024 Len=1448 TSval=2916035908 TSecr=3045555682 [TCP segment of a reassembled PDU]"
"25274","31.827711893","192.168.1.55","192.168.1.2","TCP","1514","8004  >  35950 [ACK] Seq=113134 Ack=141 Win=65024 Len=1448 TSval=2916035908 TSecr=3045555682 [TCP segment of a reassembled PDU]"
"25275","31.827712967","192.168.1.55","192.168.1.2","TCP","1514","8004  >  35950 [ACK] Seq=114582 Ack=141 Win=65024 Len=1448 TSval=2916035908 TSecr=3045555682 [TCP segment of a reassembled PDU]"
"25276","31.827713967","192.168.1.55","192.168.1.2","TCP","1514","8004  >  35950 [ACK] Seq=116030 Ack=141 Win=65024 Len=1448 TSval=2916035908 TSecr=3045555682 [TCP segment of a reassembled PDU]"
"25277","31.827715023","192.168.1.55","192.168.1.2","TCP","1514","8004  >  35950 [ACK] Seq=117478 Ack=141 Win=65024 Len=1448 TSval=2916035908 TSecr=3045555682 [TCP segment of a reassembled PDU]"
"25278","31.827715912","192.168.1.55","192.168.1.2","TCP","1514","8004  >  35950 [ACK] Seq=118926 Ack=141 Win=65024 Len=1448 TSval=2916035908 TSecr=3045555682 [TCP segment of a reassembled PDU]"
"25279","31.827716800","192.168.1.55","192.168.1.2","TCP","1514","8004  >  35950 [ACK] Seq=120374 Ack=141 Win=65024 Len=1448 TSval=2916035908 TSecr=3045555682 [TCP segment of a reassembled PDU]"
"25280","31.827717763","192.168.1.55","192.168.1.2","TCP","1514","8004  >  35950 [ACK] Seq=121822 Ack=141 Win=65024 Len=1448 TSval=2916035908 TSecr=3045555682 [TCP segment of a reassembled PDU]"
"25281","31.827718745","192.168.1.55","192.168.1.2","TCP","1514","8004  >  35950 [ACK] Seq=123270 Ack=141 Win=65024 Len=1448 TSval=2916035908 TSecr=3045555682 [TCP segment of a reassembled PDU]"
"25282","31.827719967","192.168.1.55","192.168.1.2","TCP","1514","8004  >  35950 [ACK] Seq=124718 Ack=141 Win=65024 Len=1448 TSval=2916035908 TSecr=3045555682 [TCP segment of a reassembled PDU]"
"25283","31.827721726","192.168.1.55","192.168.1.2","TCP","1514","8004  >  35950 [ACK] Seq=126166 Ack=141 Win=65024 Len=1448 TSval=2916035908 TSecr=3045555682 [TCP segment of a reassembled PDU]"
"25284","31.827722930","192.168.1.55","192.168.1.2","TCP","1514","8004  >  35950 [ACK] Seq=127614 Ack=141 Win=65024 Len=1448 TSval=2916035908 TSecr=3045555682 [TCP segment of a reassembled PDU]"
"25285","31.827723930","192.168.1.55","192.168.1.2","TCP","1514","8004  >  35950 [ACK] Seq=129062 Ack=141 Win=65024 Len=1448 TSval=2916035908 TSecr=3045555682 [TCP segment of a reassembled PDU]"
"25286","31.827724893","192.168.1.55","192.168.1.2","TCP","1514","8004  >  35950 [ACK] Seq=130510 Ack=141 Win=65024 Len=1448 TSval=2916035908 TSecr=3045555682 [TCP segment of a reassembled PDU]"
"25287","31.827726097","192.168.1.55","192.168.1.2","TCP","1514","8004  >  35950 [ACK] Seq=131958 Ack=141 Win=65024 Len=1448 TSval=2916035908 TSecr=3045555682 [TCP segment of a reassembled PDU]"
"25288","31.827727356","192.168.1.55","192.168.1.2","TCP","442","[TCP Window Full] 8004  >  35950 [PSH, ACK] Seq=133406 Ack=141 Win=65024 Len=376 TSval=2916035908 TSecr=3045555682 [TCP segment of a reassembled PDU]"
"25289","31.827731245","192.168.1.2","192.168.1.55","TCP","66","35950  >  8004 [ACK] Seq=141 Ack=69694 Win=64512 Len=0 TSval=3045555682 TSecr=2916035901"
"25290","31.827781504","192.168.1.2","192.168.1.55","TCP","66","35950  >  8004 [ACK] Seq=141 Ack=76934 Win=80896 Len=0 TSval=3045555682 TSecr=2916035901"
"25291","31.827802449","192.168.1.55","192.168.1.2","TCP","1514","8004  >  35950 [ACK] Seq=133782 Ack=141 Win=65024 Len=1448 TSval=2916035908 TSecr=3045555682 [TCP segment of a reassembled PDU]"
"25292","31.827804301","192.168.1.55","192.168.1.2","TCP","1514","8004  >  35950 [ACK] Seq=135230 Ack=141 Win=65024 Len=1448 TSval=2916035908 TSecr=3045555682 [TCP segment of a reassembled PDU]"
"25293","31.827805356","192.168.1.55","192.168.1.2","TCP","1514","8004  >  35950 [ACK] Seq=136678 Ack=141 Win=65024 Len=1448 TSval=2916035908 TSecr=3045555682 [TCP segment of a reassembled PDU]"
"25294","31.827806245","192.168.1.55","192.168.1.2","TCP","1514","8004  >  35950 [PSH, ACK] Seq=138126 Ack=141 Win=65024 Len=1448 TSval=2916035908 TSecr=3045555682 [TCP segment of a reassembled PDU]"
"25295","31.827812134","192.168.1.55","192.168.1.2","TCP","1138","8004  >  35950 [ACK] Seq=139574 Ack=141 Win=65024 Len=1072 TSval=2916035908 TSecr=3045555682 [TCP segment of a reassembled PDU]"
"25296","31.827815486","192.168.1.2","192.168.1.55","TCP","66","35950  >  8004 [ACK] Seq=141 Ack=100102 Win=58368 Len=0 TSval=3045555682 TSecr=2916035901"
"25297","31.827863986","192.168.1.55","192.168.1.2","TCP","1514","8004  >  35950 [ACK] Seq=140646 Ack=141 Win=65024 Len=1448 TSval=2916035908 TSecr=3045555682 [TCP segment of a reassembled PDU]"
"25298","31.827868819","192.168.1.55","192.168.1.2","TCP","1514","8004  >  35950 [ACK] Seq=142094 Ack=141 Win=65024 Len=1448 TSval=2916035908 TSecr=3045555682 [TCP segment of a reassembled PDU]"
"25299","31.827869912","192.168.1.55","192.168.1.2","TCP","1514","8004  >  35950 [ACK] Seq=143542 Ack=141 Win=65024 Len=1448 TSval=2916035908 TSecr=3045555682 [TCP segment of a reassembled PDU]"
"25300","31.827870949","192.168.1.55","192.168.1.2","TCP","1514","8004  >  35950 [ACK] Seq=144990 Ack=141 Win=65024 Len=1448 TSval=2916035908 TSecr=3045555682 [TCP segment of a reassembled PDU]"
"25301","31.827872004","192.168.1.55","192.168.1.2","TCP","1514","8004  >  35950 [ACK] Seq=146438 Ack=141 Win=65024 Len=1448 TSval=2916035908 TSecr=3045555682 [TCP segment of a reassembled PDU]"
"25302","31.827873116","192.168.1.55","192.168.1.2","TCP","1514","8004  >  35950 [ACK] Seq=147886 Ack=141 Win=65024 Len=1448 TSval=2916035908 TSecr=3045555682 [TCP segment of a reassembled PDU]"
"25303","31.827874023","192.168.1.55","192.168.1.2","TCP","1514","8004  >  35950 [ACK] Seq=149334 Ack=141 Win=65024 Len=1448 TSval=2916035908 TSecr=3045555682 [TCP segment of a reassembled PDU]"
"25304","31.827875041","192.168.1.55","192.168.1.2","TCP","1514","8004  >  35950 [ACK] Seq=150782 Ack=141 Win=65024 Len=1448 TSval=2916035908 TSecr=3045555682 [TCP segment of a reassembled PDU]"
"25305","31.827876227","192.168.1.55","192.168.1.2","TCP","1514","8004  >  35950 [ACK] Seq=152230 Ack=141 Win=65024 Len=1448 TSval=2916035908 TSecr=3045555682 [TCP segment of a reassembled PDU]"
"25306","31.827877264","192.168.1.55","192.168.1.2","TCP","1514","8004  >  35950 [ACK] Seq=153678 Ack=141 Win=65024 Len=1448 TSval=2916035908 TSecr=3045555682 [TCP segment of a reassembled PDU]"
"25307","31.827878375","192.168.1.55","192.168.1.2","TCP","1514","8004  >  35950 [ACK] Seq=155126 Ack=141 Win=65024 Len=1448 TSval=2916035908 TSecr=3045555682 [TCP segment of a reassembled PDU]"
"25308","31.827879356","192.168.1.55","192.168.1.2","TCP","1514","8004  >  35950 [PSH, ACK] Seq=156574 Ack=141 Win=65024 Len=1448 TSval=2916035908 TSecr=3045555682 [TCP segment of a reassembled PDU]"
"25309","31.833441254","192.168.1.2","192.168.1.55","TCP","66","35950  >  8004 [ACK] Seq=141 Ack=101550 Win=83968 Len=0 TSval=3045555687 TSecr=2916035908"
"25310","31.833538773","192.168.1.55","192.168.1.2","TCP","1514","8004  >  35950 [ACK] Seq=158022 Ack=141 Win=65024 Len=1448 TSval=2916035914 TSecr=3045555687 [TCP segment of a reassembled PDU]"
"25311","31.833547532","192.168.1.55","192.168.1.2","TCP","1514","8004  >  35950 [ACK] Seq=159470 Ack=141 Win=65024 Len=1448 TSval=2916035914 TSecr=3045555687 [TCP segment of a reassembled PDU]"
"25312","31.833548939","192.168.1.55","192.168.1.2","TCP","1514","8004  >  35950 [ACK] Seq=160918 Ack=141 Win=65024 Len=1448 TSval=2916035914 TSecr=3045555687 [TCP segment of a reassembled PDU]"
"25313","31.833550236","192.168.1.55","192.168.1.2","TCP","1514","8004  >  35950 [ACK] Seq=162366 Ack=141 Win=65024 Len=1448 TSval=2916035914 TSecr=3045555687 [TCP segment of a reassembled PDU]"
"25314","31.833551124","192.168.1.55","192.168.1.2","TCP","1514","8004  >  35950 [ACK] Seq=163814 Ack=141 Win=65024 Len=1448 TSval=2916035914 TSecr=3045555687 [TCP segment of a reassembled PDU]"
"25315","31.833552106","192.168.1.55","192.168.1.2","TCP","1514","8004  >  35950 [ACK] Seq=165262 Ack=141 Win=65024 Len=1448 TSval=2916035914 TSecr=3045555687 [TCP segment of a reassembled PDU]"
"25316","31.833553495","192.168.1.55","192.168.1.2","TCP","1514","8004  >  35950 [ACK] Seq=166710 Ack=141 Win=65024 Len=1448 TSval=2916035914 TSecr=3045555687 [TCP segment of a reassembled PDU]"
"25317","31.833555347","192.168.1.55","192.168.1.2","TCP","1514","8004  >  35950 [ACK] Seq=168158 Ack=141 Win=65024 Len=1448 TSval=2916035914 TSecr=3045555687 [TCP segment of a reassembled PDU]"
"25318","31.833556958","192.168.1.55","192.168.1.2","TCP","1514","8004  >  35950 [ACK] Seq=169606 Ack=141 Win=65024 Len=1448 TSval=2916035914 TSecr=3045555687 [TCP segment of a reassembled PDU]"
"25319","31.833558791","192.168.1.55","192.168.1.2","TCP","1514","8004  >  35950 [PSH, ACK] Seq=171054 Ack=141 Win=65024 Len=1448 TSval=2916035914 TSecr=3045555687 [TCP segment of a reassembled PDU]"
"25320","31.833671402","192.168.1.2","192.168.1.55","TCP","66","35950  >  8004 [ACK] Seq=141 Ack=102998 Win=88064 Len=0 TSval=3045555688 TSecr=2916035908"
"25321","31.833685717","192.168.1.2","192.168.1.55","TCP","66","35950  >  8004 [ACK] Seq=141 Ack=133782 Win=88064 Len=0 TSval=3045555688 TSecr=2916035908"
"25322","31.833744199","192.168.1.55","192.168.1.2","TCP","1514","8004  >  35950 [ACK] Seq=172502 Ack=141 Win=65024 Len=1448 TSval=2916035914 TSecr=3045555688 [TCP segment of a reassembled PDU]"
"25323","31.833746329","192.168.1.55","192.168.1.2","TCP","1514","8004  >  35950 [ACK] Seq=173950 Ack=141 Win=65024 Len=1448 TSval=2916035914 TSecr=3045555688 [TCP segment of a reassembled PDU]"
"25324","31.833747310","192.168.1.55","192.168.1.2","TCP","1514","8004  >  35950 [ACK] Seq=175398 Ack=141 Win=65024 Len=1448 TSval=2916035914 TSecr=3045555688 [TCP segment of a reassembled PDU]"
"25325","31.833748347","192.168.1.55","192.168.1.2","TCP","1514","8004  >  35950 [ACK] Seq=176846 Ack=141 Win=65024 Len=1448 TSval=2916035914 TSecr=3045555688 [TCP segment of a reassembled PDU]"
"25326","31.833749495","192.168.1.55","192.168.1.2","TCP","1514","8004  >  35950 [ACK] Seq=178294 Ack=141 Win=65024 Len=1448 TSval=2916035914 TSecr=3045555688 [TCP segment of a reassembled PDU]"
"25327","31.833752477","192.168.1.55","192.168.1.2","TCP","1514","8004  >  35950 [ACK] Seq=179742 Ack=141 Win=65024 Len=1448 TSval=2916035914 TSecr=3045555688 [TCP segment of a reassembled PDU]"
"25328","31.833753995","192.168.1.55","192.168.1.2","TCP","1514","8004  >  35950 [ACK] Seq=181190 Ack=141 Win=65024 Len=1448 TSval=2916035914 TSecr=3045555688 [TCP segment of a reassembled PDU]"
"25329","31.833755236","192.168.1.55","192.168.1.2","TCP","1514","8004  >  35950 [ACK] Seq=182638 Ack=141 Win=65024 Len=1448 TSval=2916035914 TSecr=3045555688 [TCP segment of a reassembled PDU]"
"25330","31.833756310","192.168.1.55","192.168.1.2","TCP","1514","8004  >  35950 [ACK] Seq=184086 Ack=141 Win=65024 Len=1448 TSval=2916035914 TSecr=3045555688 [TCP segment of a reassembled PDU]"
"25331","31.833757291","192.168.1.55","192.168.1.2","TCP","1514","8004  >  35950 [ACK] Seq=185534 Ack=141 Win=65024 Len=1448 TSval=2916035914 TSecr=3045555688 [TCP segment of a reassembled PDU]"
"25332","31.833758180","192.168.1.55","192.168.1.2","TCP","1514","8004  >  35950 [ACK] Seq=186982 Ack=141 Win=65024 Len=1448 TSval=2916035914 TSecr=3045555688 [TCP segment of a reassembled PDU]"
"25333","31.833759458","192.168.1.55","192.168.1.2","TCP","1514","8004  >  35950 [ACK] Seq=188430 Ack=141 Win=65024 Len=1448 TSval=2916035914 TSecr=3045555688 [TCP segment of a reassembled PDU]"
"25334","31.833761180","192.168.1.55","192.168.1.2","TCP","1514","8004  >  35950 [ACK] Seq=189878 Ack=141 Win=65024 Len=1448 TSval=2916035914 TSecr=3045555688 [TCP segment of a reassembled PDU]"
"25335","31.833762588","192.168.1.55","192.168.1.2","TCP","1514","8004  >  35950 [ACK] Seq=191326 Ack=141 Win=65024 Len=1448 TSval=2916035914 TSecr=3045555688 [TCP segment of a reassembled PDU]"
"25336","31.833764069","192.168.1.55","192.168.1.2","TCP","1514","8004  >  35950 [ACK] Seq=192774 Ack=141 Win=65024 Len=1448 TSval=2916035914 TSecr=3045555688 [TCP segment of a reassembled PDU]"
"25337","31.833764958","192.168.1.55","192.168.1.2","TCP","1514","8004  >  35950 [ACK] Seq=194222 Ack=141 Win=65024 Len=1448 TSval=2916035914 TSecr=3045555688 [TCP segment of a reassembled PDU]"
"25338","31.833766088","192.168.1.55","192.168.1.2","TCP","1514","8004  >  35950 [ACK] Seq=195670 Ack=141 Win=65024 Len=1448 TSval=2916035914 TSecr=3045555688 [TCP segment of a reassembled PDU]"
"25339","31.833767032","192.168.1.55","192.168.1.2","TCP","1514","8004  >  35950 [ACK] Seq=197118 Ack=141 Win=65024 Len=1448 TSval=2916035914 TSecr=3045555688 [TCP segment of a reassembled PDU]"
"25340","31.833768088","192.168.1.55","192.168.1.2","TCP","1514","8004  >  35950 [ACK] Seq=198566 Ack=141 Win=65024 Len=1448 TSval=2916035914 TSecr=3045555688 [TCP segment of a reassembled PDU]"
"25341","31.833769310","192.168.1.55","192.168.1.2","TCP","1514","8004  >  35950 [ACK] Seq=200014 Ack=141 Win=65024 Len=1448 TSval=2916035914 TSecr=3045555688 [TCP segment of a reassembled PDU]"
"25342","31.833771773","192.168.1.55","192.168.1.2","TCP","1514","8004  >  35950 [ACK] Seq=201462 Ack=141 Win=65024 Len=1448 TSval=2916035914 TSecr=3045555688 [TCP segment of a reassembled PDU]"
"25343","31.833773347","192.168.1.55","192.168.1.2","TCP","1514","8004  >  35950 [ACK] Seq=202910 Ack=141 Win=65024 Len=1448 TSval=2916035914 TSecr=3045555688 [TCP segment of a reassembled PDU]"
"25344","31.833774477","192.168.1.55","192.168.1.2","TCP","1514","8004  >  35950 [ACK] Seq=204358 Ack=141 Win=65024 Len=1448 TSval=2916035914 TSecr=3045555688 [TCP segment of a reassembled PDU]"
"25345","31.833775458","192.168.1.55","192.168.1.2","TCP","1514","8004  >  35950 [PSH, ACK] Seq=205806 Ack=141 Win=65024 Len=1448 TSval=2916035914 TSecr=3045555688 [TCP segment of a reassembled PDU]"
"25346","31.833781273","192.168.1.2","192.168.1.55","TCP","66","35950  >  8004 [ACK] Seq=141 Ack=139574 Win=83968 Len=0 TSval=3045555688 TSecr=2916035908"
"25347","31.833832477","192.168.1.2","192.168.1.55","TCP","66","35950  >  8004 [ACK] Seq=141 Ack=140646 Win=82944 Len=0 TSval=3045555688 TSecr=2916035908"
"25348","31.833838551","192.168.1.2","192.168.1.55","TCP","66","35950  >  8004 [ACK] Seq=141 Ack=155126 Win=68608 Len=0 TSval=3045555688 TSecr=2916035908"
"25349","31.837820891","192.168.1.2","192.168.1.55","TCP","66","35950  >  8004 [ACK] Seq=141 Ack=156574 Win=91136 Len=0 TSval=3045555689 TSecr=2916035908"
"25350","31.837872779","192.168.1.55","192.168.1.2","TCP","1514","8004  >  35950 [ACK] Seq=207254 Ack=141 Win=65024 Len=1448 TSval=2916035918 TSecr=3045555689 [TCP segment of a reassembled PDU]"
"25351","31.837877483","192.168.1.55","192.168.1.2","TCP","1514","8004  >  35950 [ACK] Seq=208702 Ack=141 Win=65024 Len=1448 TSval=2916035918 TSecr=3045555689 [TCP segment of a reassembled PDU]"
"25352","31.837879020","192.168.1.55","192.168.1.2","TCP","1514","8004  >  35950 [ACK] Seq=210150 Ack=141 Win=65024 Len=1448 TSval=2916035918 TSecr=3045555689 [TCP segment of a reassembled PDU]"
"25353","31.837880335","192.168.1.55","192.168.1.2","TCP","1514","8004  >  35950 [ACK] Seq=211598 Ack=141 Win=65024 Len=1448 TSval=2916035918 TSecr=3045555689 [TCP segment of a reassembled PDU]"
"25354","31.837881928","192.168.1.55","192.168.1.2","TCP","1514","8004  >  35950 [ACK] Seq=213046 Ack=141 Win=65024 Len=1448 TSval=2916035918 TSecr=3045555689 [TCP segment of a reassembled PDU]"
"25355","31.837884613","192.168.1.55","192.168.1.2","TCP","1514","8004  >  35950 [ACK] Seq=214494 Ack=141 Win=65024 Len=1448 TSval=2916035918 TSecr=3045555689 [TCP segment of a reassembled PDU]"
"25356","31.837885687","192.168.1.55","192.168.1.2","TCP","1514","8004  >  35950 [ACK] Seq=215942 Ack=141 Win=65024 Len=1448 TSval=2916035918 TSecr=3045555689 [TCP segment of a reassembled PDU]"
"25357","31.837886650","192.168.1.55","192.168.1.2","TCP","1514","8004  >  35950 [ACK] Seq=217390 Ack=141 Win=65024 Len=1448 TSval=2916035918 TSecr=3045555689 [TCP segment of a reassembled PDU]"
"25358","31.837888002","192.168.1.55","192.168.1.2","TCP","1514","8004  >  35950 [ACK] Seq=218838 Ack=141 Win=65024 Len=1448 TSval=2916035918 TSecr=3045555689 [TCP segment of a reassembled PDU]"
"25359","31.837890428","192.168.1.55","192.168.1.2","TCP","1514","8004  >  35950 [ACK] Seq=220286 Ack=141 Win=65024 Len=1448 TSval=2916035918 TSecr=3045555689 [TCP segment of a reassembled PDU]"
"25360","31.837891798","192.168.1.55","192.168.1.2","TCP","1514","8004  >  35950 [ACK] Seq=221734 Ack=141 Win=65024 Len=1448 TSval=2916035918 TSecr=3045555689 [TCP segment of a reassembled PDU]"
"25361","31.837892909","192.168.1.55","192.168.1.2","TCP","1514","8004  >  35950 [ACK] Seq=223182 Ack=141 Win=65024 Len=1448 TSval=2916035918 TSecr=3045555689 [TCP segment of a reassembled PDU]"
"25362","31.837895539","192.168.1.55","192.168.1.2","TCP","1514","8004  >  35950 [ACK] Seq=224630 Ack=141 Win=65024 Len=1448 TSval=2916035918 TSecr=3045555689 [TCP segment of a reassembled PDU]"
"25363","31.837897242","192.168.1.55","192.168.1.2","TCP","1514","8004  >  35950 [ACK] Seq=226078 Ack=141 Win=65024 Len=1448 TSval=2916035918 TSecr=3045555689 [TCP segment of a reassembled PDU]"
"25364","31.837910502","192.168.1.55","192.168.1.2","TCP","1514","8004  >  35950 [ACK] Seq=227526 Ack=141 Win=65024 Len=1448 TSval=2916035918 TSecr=3045555689 [TCP segment of a reassembled PDU]"
"25365","31.837912113","192.168.1.55","192.168.1.2","TCP","1514","8004  >  35950 [ACK] Seq=228974 Ack=141 Win=65024 Len=1448 TSval=2916035918 TSecr=3045555689 [TCP segment of a reassembled PDU]"
"25366","31.837914280","192.168.1.55","192.168.1.2","TCP","1514","8004  >  35950 [ACK] Seq=230422 Ack=141 Win=65024 Len=1448 TSval=2916035918 TSecr=3045555689 [TCP segment of a reassembled PDU]"
"25367","31.837916187","192.168.1.55","192.168.1.2","TCP","1514","8004  >  35950 [ACK] Seq=231870 Ack=141 Win=65024 Len=1448 TSval=2916035918 TSecr=3045555689 [TCP segment of a reassembled PDU]"
"25368","31.837917668","192.168.1.55","192.168.1.2","TCP","1514","8004  >  35950 [ACK] Seq=233318 Ack=141 Win=65024 Len=1448 TSval=2916035918 TSecr=3045555689 [TCP segment of a reassembled PDU]"
"25369","31.837918983","192.168.1.55","192.168.1.2","TCP","1514","8004  >  35950 [ACK] Seq=234766 Ack=141 Win=65024 Len=1448 TSval=2916035918 TSecr=3045555689 [TCP segment of a reassembled PDU]"
"25370","31.837920280","192.168.1.55","192.168.1.2","TCP","1514","8004  >  35950 [ACK] Seq=236214 Ack=141 Win=65024 Len=1448 TSval=2916035918 TSecr=3045555689 [TCP segment of a reassembled PDU]"
"25371","31.837922428","192.168.1.55","192.168.1.2","TCP","1514","8004  >  35950 [ACK] Seq=237662 Ack=141 Win=65024 Len=1448 TSval=2916035918 TSecr=3045555689 [TCP segment of a reassembled PDU]"
"25372","31.837923520","192.168.1.55","192.168.1.2","TCP","1514","8004  >  35950 [ACK] Seq=239110 Ack=141 Win=65024 Len=1448 TSval=2916035918 TSecr=3045555689 [TCP segment of a reassembled PDU]"
"25373","31.837924835","192.168.1.55","192.168.1.2","TCP","1514","8004  >  35950 [PSH, ACK] Seq=240558 Ack=141 Win=65024 Len=1448 TSval=2916035918 TSecr=3045555689 [TCP segment of a reassembled PDU]"
"25374","31.837955224","192.168.1.2","192.168.1.55","TCP","66","35950  >  8004 [ACK] Seq=141 Ack=158022 Win=94208 Len=0 TSval=3045555690 TSecr=2916035908"
"25375","31.840452376","192.168.1.2","192.168.1.55","TCP","66","35950  >  8004 [ACK] Seq=141 Ack=172502 Win=101376 Len=0 TSval=3045555693 TSecr=2916035914"
"25376","31.840497339","192.168.1.55","192.168.1.2","TCP","1514","8004  >  35950 [ACK] Seq=242006 Ack=141 Win=65024 Len=1448 TSval=2916035921 TSecr=3045555693 [TCP segment of a reassembled PDU]"
"25377","31.840500987","192.168.1.55","192.168.1.2","TCP","1514","8004  >  35950 [ACK] Seq=243454 Ack=141 Win=65024 Len=1448 TSval=2916035921 TSecr=3045555693 [TCP segment of a reassembled PDU]"
"25378","31.840502080","192.168.1.55","192.168.1.2","TCP","1514","8004  >  35950 [ACK] Seq=244902 Ack=141 Win=65024 Len=1448 TSval=2916035921 TSecr=3045555693 [TCP segment of a reassembled PDU]"
"25379","31.840503135","192.168.1.55","192.168.1.2","TCP","1514","8004  >  35950 [ACK] Seq=246350 Ack=141 Win=65024 Len=1448 TSval=2916035921 TSecr=3045555693 [TCP segment of a reassembled PDU]"
"25380","31.840504173","192.168.1.55","192.168.1.2","TCP","1514","8004  >  35950 [ACK] Seq=247798 Ack=141 Win=65024 Len=1448 TSval=2916035921 TSecr=3045555693 [TCP segment of a reassembled PDU]"
"25381","31.840505284","192.168.1.55","192.168.1.2","TCP","1514","8004  >  35950 [ACK] Seq=249246 Ack=141 Win=65024 Len=1448 TSval=2916035921 TSecr=3045555693 [TCP segment of a reassembled PDU]"
"25382","31.840506876","192.168.1.55","192.168.1.2","TCP","1514","8004  >  35950 [ACK] Seq=250694 Ack=141 Win=65024 Len=1448 TSval=2916035921 TSecr=3045555693 [TCP segment of a reassembled PDU]"
"25383","31.840507876","192.168.1.55","192.168.1.2","TCP","1514","8004  >  35950 [ACK] Seq=252142 Ack=141 Win=65024 Len=1448 TSval=2916035921 TSecr=3045555693 [TCP segment of a reassembled PDU]"
"25384","31.840509154","192.168.1.55","192.168.1.2","TCP","1514","8004  >  35950 [ACK] Seq=253590 Ack=141 Win=65024 Len=1448 TSval=2916035921 TSecr=3045555693 [TCP segment of a reassembled PDU]"
"25385","31.840510191","192.168.1.55","192.168.1.2","TCP","1514","8004  >  35950 [ACK] Seq=255038 Ack=141 Win=65024 Len=1448 TSval=2916035921 TSecr=3045555693 [TCP segment of a reassembled PDU]"
"25386","31.840511524","192.168.1.55","192.168.1.2","TCP","1514","8004  >  35950 [ACK] Seq=256486 Ack=141 Win=65024 Len=1448 TSval=2916035921 TSecr=3045555693 [TCP segment of a reassembled PDU]"
"25387","31.840512524","192.168.1.55","192.168.1.2","TCP","1514","8004  >  35950 [ACK] Seq=257934 Ack=141 Win=65024 Len=1448 TSval=2916035921 TSecr=3045555693 [TCP segment of a reassembled PDU]"
"25388","31.840513969","192.168.1.55","192.168.1.2","TCP","1514","8004  >  35950 [ACK] Seq=259382 Ack=141 Win=65024 Len=1448 TSval=2916035921 TSecr=3045555693 [TCP segment of a reassembled PDU]"
"25389","31.840515043","192.168.1.55","192.168.1.2","TCP","1514","8004  >  35950 [ACK] Seq=260830 Ack=141 Win=65024 Len=1448 TSval=2916035921 TSecr=3045555693 [TCP segment of a reassembled PDU]"
"25390","31.840516136","192.168.1.55","192.168.1.2","TCP","1514","8004  >  35950 [ACK] Seq=262278 Ack=141 Win=65024 Len=1448 TSval=2916035921 TSecr=3045555693 [TCP segment of a reassembled PDU]"
"25391","31.840517413","192.168.1.55","192.168.1.2","TCP","1514","8004  >  35950 [ACK] Seq=263726 Ack=141 Win=65024 Len=1448 TSval=2916035921 TSecr=3045555693 [TCP segment of a reassembled PDU]"
"25392","31.840518469","192.168.1.55","192.168.1.2","TCP","1514","8004  >  35950 [ACK] Seq=265174 Ack=141 Win=65024 Len=1448 TSval=2916035921 TSecr=3045555693 [TCP segment of a reassembled PDU]"
"25393","31.840519876","192.168.1.55","192.168.1.2","TCP","1514","8004  >  35950 [ACK] Seq=266622 Ack=141 Win=65024 Len=1448 TSval=2916035921 TSecr=3045555693 [TCP segment of a reassembled PDU]"
"25394","31.840520876","192.168.1.55","192.168.1.2","TCP","1514","8004  >  35950 [ACK] Seq=268070 Ack=141 Win=65024 Len=1448 TSval=2916035921 TSecr=3045555693 [TCP segment of a reassembled PDU]"
"25395","31.840522117","192.168.1.55","192.168.1.2","TCP","1514","8004  >  35950 [ACK] Seq=269518 Ack=141 Win=65024 Len=1448 TSval=2916035921 TSecr=3045555693 [TCP segment of a reassembled PDU]"
"25396","31.840523432","192.168.1.55","192.168.1.2","TCP","1514","8004  >  35950 [ACK] Seq=270966 Ack=141 Win=65024 Len=1448 TSval=2916035921 TSecr=3045555693 [TCP segment of a reassembled PDU]"
"25397","31.840524747","192.168.1.55","192.168.1.2","TCP","1514","8004  >  35950 [ACK] Seq=272414 Ack=141 Win=65024 Len=1448 TSval=2916035921 TSecr=3045555693 [TCP segment of a reassembled PDU]"
"25398","31.840525802","192.168.1.55","192.168.1.2","TCP","82","[TCP Window Full] 8004  >  35950 [PSH, ACK] Seq=273862 Ack=141 Win=65024 Len=16 TSval=2916035921 TSecr=3045555693 [TCP segment of a reassembled PDU]"
"25399","31.840573839","192.168.1.2","192.168.1.55","TCP","66","35950  >  8004 [ACK] Seq=141 Ack=204358 Win=87040 Len=0 TSval=3045555693 TSecr=2916035914"
"25400","31.840590228","192.168.1.55","192.168.1.2","TCP","1514","8004  >  35950 [ACK] Seq=273878 Ack=141 Win=65024 Len=1448 TSval=2916035921 TSecr=3045555693 [TCP segment of a reassembled PDU]"
"25401","31.840591450","192.168.1.55","192.168.1.2","TCP","1514","8004  >  35950 [ACK] Seq=275326 Ack=141 Win=65024 Len=1448 TSval=2916035921 TSecr=3045555693 [TCP segment of a reassembled PDU]"
"25402","31.840592339","192.168.1.55","192.168.1.2","TCP","1514","8004  >  35950 [ACK] Seq=276774 Ack=141 Win=65024 Len=1448 TSval=2916035921 TSecr=3045555693 [TCP segment of a reassembled PDU]"
"25403","31.840593413","192.168.1.55","192.168.1.2","TCP","1514","8004  >  35950 [ACK] Seq=278222 Ack=141 Win=65024 Len=1448 TSval=2916035921 TSecr=3045555693 [TCP segment of a reassembled PDU]"
"25404","31.840594302","192.168.1.55","192.168.1.2","TCP","1514","8004  >  35950 [PSH, ACK] Seq=279670 Ack=141 Win=65024 Len=1448 TSval=2916035921 TSecr=3045555693 [TCP segment of a reassembled PDU]"
"25405","31.840599969","192.168.1.55","192.168.1.2","TCP","1498","8004  >  35950 [ACK] Seq=281118 Ack=141 Win=65024 Len=1432 TSval=2916035921 TSecr=3045555693 [TCP segment of a reassembled PDU]"
"25406","31.840602784","192.168.1.2","192.168.1.55","TCP","66","35950  >  8004 [ACK] Seq=141 Ack=207254 Win=107520 Len=0 TSval=3045555694 TSecr=2916035914"
"25407","31.840631839","192.168.1.55","192.168.1.2","TCP","1514","8004  >  35950 [ACK] Seq=282550 Ack=141 Win=65024 Len=1448 TSval=2916035921 TSecr=3045555694 [TCP segment of a reassembled PDU]"
"25408","31.840633265","192.168.1.55","192.168.1.2","TCP","1514","8004  >  35950 [ACK] Seq=283998 Ack=141 Win=65024 Len=1448 TSval=2916035921 TSecr=3045555694 [TCP segment of a reassembled PDU]"
"25409","31.840634395","192.168.1.55","192.168.1.2","TCP","1514","8004  >  35950 [ACK] Seq=285446 Ack=141 Win=65024 Len=1448 TSval=2916035921 TSecr=3045555694 [TCP segment of a reassembled PDU]"
"25410","31.840635358","192.168.1.55","192.168.1.2","TCP","1514","8004  >  35950 [ACK] Seq=286894 Ack=141 Win=65024 Len=1448 TSval=2916035921 TSecr=3045555694 [TCP segment of a reassembled PDU]"
"25411","31.840636321","192.168.1.55","192.168.1.2","TCP","1514","8004  >  35950 [ACK] Seq=288342 Ack=141 Win=65024 Len=1448 TSval=2916035921 TSecr=3045555694 [TCP segment of a reassembled PDU]"
"25412","31.840637247","192.168.1.55","192.168.1.2","TCP","1514","8004  >  35950 [ACK] Seq=289790 Ack=141 Win=65024 Len=1448 TSval=2916035921 TSecr=3045555694 [TCP segment of a reassembled PDU]"
"25413","31.840638247","192.168.1.55","192.168.1.2","TCP","1514","8004  >  35950 [ACK] Seq=291238 Ack=141 Win=65024 Len=1448 TSval=2916035921 TSecr=3045555694 [TCP segment of a reassembled PDU]"
"25414","31.840639284","192.168.1.55","192.168.1.2","TCP","1514","8004  >  35950 [ACK] Seq=292686 Ack=141 Win=65024 Len=1448 TSval=2916035921 TSecr=3045555694 [TCP segment of a reassembled PDU]"
"25415","31.840640284","192.168.1.55","192.168.1.2","TCP","1514","8004  >  35950 [ACK] Seq=294134 Ack=141 Win=65024 Len=1448 TSval=2916035921 TSecr=3045555694 [TCP segment of a reassembled PDU]"
"25416","31.840641265","192.168.1.55","192.168.1.2","TCP","1514","8004  >  35950 [ACK] Seq=295582 Ack=141 Win=65024 Len=1448 TSval=2916035921 TSecr=3045555694 [TCP segment of a reassembled PDU]"
"25417","31.840642265","192.168.1.55","192.168.1.2","TCP","1514","8004  >  35950 [ACK] Seq=297030 Ack=141 Win=65024 Len=1448 TSval=2916035921 TSecr=3045555694 [TCP segment of a reassembled PDU]"
"25418","31.840643265","192.168.1.55","192.168.1.2","TCP","1514","8004  >  35950 [ACK] Seq=298478 Ack=141 Win=65024 Len=1448 TSval=2916035921 TSecr=3045555694 [TCP segment of a reassembled PDU]"
"25419","31.840644321","192.168.1.55","192.168.1.2","TCP","1514","8004  >  35950 [ACK] Seq=299926 Ack=141 Win=65024 Len=1448 TSval=2916035921 TSecr=3045555694 [TCP segment of a reassembled PDU]"
"25420","31.840645302","192.168.1.55","192.168.1.2","TCP","1514","8004  >  35950 [ACK] Seq=301374 Ack=141 Win=65024 Len=1448 TSval=2916035921 TSecr=3045555694 [TCP segment of a reassembled PDU]"
"25421","31.840646339","192.168.1.55","192.168.1.2","TCP","1514","8004  >  35950 [ACK] Seq=302822 Ack=141 Win=65024 Len=1448 TSval=2916035921 TSecr=3045555694 [TCP segment of a reassembled PDU]"
"25422","31.840647747","192.168.1.55","192.168.1.2","TCP","1514","8004  >  35950 [ACK] Seq=304270 Ack=141 Win=65024 Len=1448 TSval=2916035921 TSecr=3045555694 [TCP segment of a reassembled PDU]"
"25423","31.840648969","192.168.1.55","192.168.1.2","TCP","1514","8004  >  35950 [ACK] Seq=305718 Ack=141 Win=65024 Len=1448 TSval=2916035921 TSecr=3045555694 [TCP segment of a reassembled PDU]"
"25424","31.840650043","192.168.1.55","192.168.1.2","TCP","1514","8004  >  35950 [ACK] Seq=307166 Ack=141 Win=65024 Len=1448 TSval=2916035921 TSecr=3045555694 [TCP segment of a reassembled PDU]"
"25425","31.840651173","192.168.1.55","192.168.1.2","TCP","1514","8004  >  35950 [ACK] Seq=308614 Ack=141 Win=65024 Len=1448 TSval=2916035921 TSecr=3045555694 [TCP segment of a reassembled PDU]"
"25426","31.840652210","192.168.1.55","192.168.1.2","TCP","1514","8004  >  35950 [ACK] Seq=310062 Ack=141 Win=65024 Len=1448 TSval=2916035921 TSecr=3045555694 [TCP segment of a reassembled PDU]"
"25427","31.840653358","192.168.1.55","192.168.1.2","TCP","1514","8004  >  35950 [ACK] Seq=311510 Ack=141 Win=65024 Len=1448 TSval=2916035921 TSecr=3045555694 [TCP segment of a reassembled PDU]"
"25428","31.840654876","192.168.1.55","192.168.1.2","TCP","1514","8004  >  35950 [PSH, ACK] Seq=312958 Ack=141 Win=65024 Len=1448 TSval=2916035921 TSecr=3045555694 [TCP segment of a reassembled PDU]"
"25429","31.848026777","192.168.1.2","192.168.1.55","TCP","66","35950  >  8004 [ACK] Seq=141 Ack=242006 Win=81920 Len=0 TSval=3045555697 TSecr=2916035918"
"25430","31.848042851","192.168.1.55","192.168.1.2","TCP","1514","8004  >  35950 [ACK] Seq=314406 Ack=141 Win=65024 Len=1448 TSval=2916035928 TSecr=3045555697 [TCP segment of a reassembled PDU]"
"25431","31.848045407","192.168.1.55","192.168.1.2","TCP","1514","8004  >  35950 [ACK] Seq=315854 Ack=141 Win=65024 Len=1448 TSval=2916035928 TSecr=3045555697 [TCP segment of a reassembled PDU]"
"25432","31.848046629","192.168.1.55","192.168.1.2","TCP","1514","8004  >  35950 [ACK] Seq=317302 Ack=141 Win=65024 Len=1448 TSval=2916035928 TSecr=3045555697 [TCP segment of a reassembled PDU]"
"25433","31.848047870","192.168.1.55","192.168.1.2","TCP","1514","8004  >  35950 [ACK] Seq=318750 Ack=141 Win=65024 Len=1448 TSval=2916035928 TSecr=3045555697 [TCP segment of a reassembled PDU]"
"25434","31.848048944","192.168.1.55","192.168.1.2","TCP","1514","8004  >  35950 [ACK] Seq=320198 Ack=141 Win=65024 Len=1448 TSval=2916035928 TSecr=3045555697 [TCP segment of a reassembled PDU]"
"25435","31.848050110","192.168.1.55","192.168.1.2","TCP","1514","8004  >  35950 [PSH, ACK] Seq=321646 Ack=141 Win=65024 Len=1448 TSval=2916035928 TSecr=3045555697 [TCP segment of a reassembled PDU]"
"25436","31.848359852","192.168.1.2","192.168.1.55","TCP","66","35950  >  8004 [ACK] Seq=141 Ack=273878 Win=86016 Len=0 TSval=3045555702 TSecr=2916035921"
"25437","31.848367963","192.168.1.55","192.168.1.2","TCP","1514","8004  >  35950 [PSH, ACK] Seq=323094 Ack=141 Win=65024 Len=1448 TSval=2916035929 TSecr=3045555702 [TCP segment of a reassembled PDU]"
"25438","31.848392074","192.168.1.55","192.168.1.2","TCP","1514","8004  >  35950 [ACK] Seq=324542 Ack=141 Win=65024 Len=1448 TSval=2916035929 TSecr=3045555702 [TCP segment of a reassembled PDU]"
"25439","31.848393407","192.168.1.55","192.168.1.2","TCP","1514","8004  >  35950 [ACK] Seq=325990 Ack=141 Win=65024 Len=1448 TSval=2916035929 TSecr=3045555702 [TCP segment of a reassembled PDU]"
"25440","31.848394592","192.168.1.55","192.168.1.2","TCP","1514","8004  >  35950 [ACK] Seq=327438 Ack=141 Win=65024 Len=1448 TSval=2916035929 TSecr=3045555702 [TCP segment of a reassembled PDU]"
"25441","31.848395870","192.168.1.55","192.168.1.2","TCP","1514","8004  >  35950 [ACK] Seq=328886 Ack=141 Win=65024 Len=1448 TSval=2916035929 TSecr=3045555702 [TCP segment of a reassembled PDU]"
"25442","31.848397074","192.168.1.55","192.168.1.2","TCP","1514","8004  >  35950 [ACK] Seq=330334 Ack=141 Win=65024 Len=1448 TSval=2916035929 TSecr=3045555702 [TCP segment of a reassembled PDU]"
"25443","31.848398222","192.168.1.55","192.168.1.2","TCP","1514","8004  >  35950 [ACK] Seq=331782 Ack=141 Win=65024 Len=1448 TSval=2916035929 TSecr=3045555702 [TCP segment of a reassembled PDU]"
"25444","31.848399407","192.168.1.55","192.168.1.2","TCP","1514","8004  >  35950 [ACK] Seq=333230 Ack=141 Win=65024 Len=1448 TSval=2916035929 TSecr=3045555702 [TCP segment of a reassembled PDU]"
"25445","31.848400555","192.168.1.55","192.168.1.2","TCP","1514","8004  >  35950 [ACK] Seq=334678 Ack=141 Win=65024 Len=1448 TSval=2916035929 TSecr=3045555702 [TCP segment of a reassembled PDU]"
"25446","31.848401685","192.168.1.55","192.168.1.2","TCP","1514","8004  >  35950 [ACK] Seq=336126 Ack=141 Win=65024 Len=1448 TSval=2916035929 TSecr=3045555702 [TCP segment of a reassembled PDU]"
"25447","31.848403166","192.168.1.55","192.168.1.2","TCP","1514","8004  >  35950 [ACK] Seq=337574 Ack=141 Win=65024 Len=1448 TSval=2916035929 TSecr=3045555702 [TCP segment of a reassembled PDU]"
"25448","31.848404278","192.168.1.55","192.168.1.2","TCP","1514","8004  >  35950 [ACK] Seq=339022 Ack=141 Win=65024 Len=1448 TSval=2916035929 TSecr=3045555702 [TCP segment of a reassembled PDU]"
"25449","31.848405463","192.168.1.55","192.168.1.2","TCP","1514","8004  >  35950 [ACK] Seq=340470 Ack=141 Win=65024 Len=1448 TSval=2916035929 TSecr=3045555702 [TCP segment of a reassembled PDU]"
"25450","31.848406592","192.168.1.55","192.168.1.2","TCP","1514","8004  >  35950 [ACK] Seq=341918 Ack=141 Win=65024 Len=1448 TSval=2916035929 TSecr=3045555702 [TCP segment of a reassembled PDU]"
"25451","31.848407759","192.168.1.55","192.168.1.2","TCP","1514","8004  >  35950 [ACK] Seq=343366 Ack=141 Win=65024 Len=1448 TSval=2916035929 TSecr=3045555702 [TCP segment of a reassembled PDU]"
"25452","31.848408944","192.168.1.55","192.168.1.2","TCP","1514","8004  >  35950 [ACK] Seq=344814 Ack=141 Win=65024 Len=1448 TSval=2916035929 TSecr=3045555702 [TCP segment of a reassembled PDU]"
"25453","31.848410055","192.168.1.55","192.168.1.2","TCP","1514","8004  >  35950 [ACK] Seq=346262 Ack=141 Win=65024 Len=1448 TSval=2916035929 TSecr=3045555702 [TCP segment of a reassembled PDU]"
"25454","31.848411259","192.168.1.55","192.168.1.2","TCP","1514","8004  >  35950 [ACK] Seq=347710 Ack=141 Win=65024 Len=1448 TSval=2916035929 TSecr=3045555702 [TCP segment of a reassembled PDU]"
"25455","31.848412463","192.168.1.55","192.168.1.2","TCP","1514","8004  >  35950 [ACK] Seq=349158 Ack=141 Win=65024 Len=1448 TSval=2916035929 TSecr=3045555702 [TCP segment of a reassembled PDU]"
"25456","31.848413685","192.168.1.55","192.168.1.2","TCP","1514","8004  >  35950 [ACK] Seq=350606 Ack=141 Win=65024 Len=1448 TSval=2916035929 TSecr=3045555702 [TCP segment of a reassembled PDU]"
"25457","31.848414852","192.168.1.55","192.168.1.2","TCP","1514","8004  >  35950 [ACK] Seq=352054 Ack=141 Win=65024 Len=1448 TSval=2916035929 TSecr=3045555702 [TCP segment of a reassembled PDU]"
"25458","31.848415944","192.168.1.55","192.168.1.2","TCP","1514","8004  >  35950 [ACK] Seq=353502 Ack=141 Win=65024 Len=1448 TSval=2916035929 TSecr=3045555702 [TCP segment of a reassembled PDU]"
"25459","31.848417167","192.168.1.55","192.168.1.2","TCP","1514","8004  >  35950 [ACK] Seq=354950 Ack=141 Win=65024 Len=1448 TSval=2916035929 TSecr=3045555702 [TCP segment of a reassembled PDU]"
"25460","31.848418407","192.168.1.55","192.168.1.2","TCP","1514","8004  >  35950 [ACK] Seq=356398 Ack=141 Win=65024 Len=1448 TSval=2916035929 TSecr=3045555702 [TCP segment of a reassembled PDU]"
"25461","31.848419592","192.168.1.55","192.168.1.2","TCP","1514","8004  >  35950 [PSH, ACK] Seq=357846 Ack=141 Win=65024 Len=1448 TSval=2916035929 TSecr=3045555702 [TCP segment of a reassembled PDU]"
"25462","31.849432909","192.168.1.2","192.168.1.55","TCP","66","35950  >  8004 [ACK] Seq=141 Ack=281118 Win=109568 Len=0 TSval=3045555702 TSecr=2916035921"
"25463","31.849453298","192.168.1.55","192.168.1.2","TCP","1514","8004  >  35950 [ACK] Seq=359294 Ack=141 Win=65024 Len=1448 TSval=2916035930 TSecr=3045555702 [TCP segment of a reassembled PDU]"
"25464","31.849456872","192.168.1.55","192.168.1.2","TCP","1514","8004  >  35950 [ACK] Seq=360742 Ack=141 Win=65024 Len=1448 TSval=2916035930 TSecr=3045555702 [TCP segment of a reassembled PDU]"
"25465","31.849458705","192.168.1.55","192.168.1.2","TCP","1514","8004  >  35950 [ACK] Seq=362190 Ack=141 Win=65024 Len=1448 TSval=2916035930 TSecr=3045555702 [TCP segment of a reassembled PDU]"
"25466","31.849460150","192.168.1.55","192.168.1.2","TCP","1514","8004  >  35950 [ACK] Seq=363638 Ack=141 Win=65024 Len=1448 TSval=2916035930 TSecr=3045555702 [TCP segment of a reassembled PDU]"
"25467","31.849461464","192.168.1.55","192.168.1.2","TCP","1514","8004  >  35950 [PSH, ACK] Seq=365086 Ack=141 Win=65024 Len=1448 TSval=2916035930 TSecr=3045555702 [TCP segment of a reassembled PDU]"
"25468","31.849467668","192.168.1.2","192.168.1.55","TCP","66","35950  >  8004 [ACK] Seq=141 Ack=312958 Win=89088 Len=0 TSval=3045555702 TSecr=2916035921"
"25469","31.849508983","192.168.1.55","192.168.1.2","TCP","1514","8004  >  35950 [ACK] Seq=366534 Ack=141 Win=65024 Len=1448 TSval=2916035930 TSecr=3045555702 [TCP segment of a reassembled PDU]"
"25470","31.849510705","192.168.1.55","192.168.1.2","TCP","1514","8004  >  35950 [ACK] Seq=367982 Ack=141 Win=65024 Len=1448 TSval=2916035930 TSecr=3045555702 [TCP segment of a reassembled PDU]"
"25471","31.849512946","192.168.1.55","192.168.1.2","TCP","1514","8004  >  35950 [ACK] Seq=369430 Ack=141 Win=65024 Len=1448 TSval=2916035930 TSecr=3045555702 [TCP segment of a reassembled PDU]"
"25472","31.849515594","192.168.1.55","192.168.1.2","TCP","1514","8004  >  35950 [ACK] Seq=370878 Ack=141 Win=65024 Len=1448 TSval=2916035930 TSecr=3045555702 [TCP segment of a reassembled PDU]"
"25473","31.849517205","192.168.1.55","192.168.1.2","TCP","1514","8004  >  35950 [ACK] Seq=372326 Ack=141 Win=65024 Len=1448 TSval=2916035930 TSecr=3045555702 [TCP segment of a reassembled PDU]"
"25474","31.849519872","192.168.1.55","192.168.1.2","TCP","1514","8004  >  35950 [ACK] Seq=373774 Ack=141 Win=65024 Len=1448 TSval=2916035930 TSecr=3045555702 [TCP segment of a reassembled PDU]"
"25475","31.849521372","192.168.1.55","192.168.1.2","TCP","1514","8004  >  35950 [ACK] Seq=375222 Ack=141 Win=65024 Len=1448 TSval=2916035930 TSecr=3045555702 [TCP segment of a reassembled PDU]"
"25476","31.849522613","192.168.1.55","192.168.1.2","TCP","1514","8004  >  35950 [ACK] Seq=376670 Ack=141 Win=65024 Len=1448 TSval=2916035930 TSecr=3045555702 [TCP segment of a reassembled PDU]"
"25477","31.849524131","192.168.1.55","192.168.1.2","TCP","1514","8004  >  35950 [ACK] Seq=378118 Ack=141 Win=65024 Len=1448 TSval=2916035930 TSecr=3045555702 [TCP segment of a reassembled PDU]"
"25478","31.849526168","192.168.1.55","192.168.1.2","TCP","1514","8004  >  35950 [ACK] Seq=379566 Ack=141 Win=65024 Len=1448 TSval=2916035930 TSecr=3045555702 [TCP segment of a reassembled PDU]"
"25479","31.849527705","192.168.1.55","192.168.1.2","TCP","1514","8004  >  35950 [ACK] Seq=381014 Ack=141 Win=65024 Len=1448 TSval=2916035930 TSecr=3045555702 [TCP segment of a reassembled PDU]"
"25480","31.849529298","192.168.1.55","192.168.1.2","TCP","1514","8004  >  35950 [ACK] Seq=382462 Ack=141 Win=65024 Len=1448 TSval=2916035930 TSecr=3045555702 [TCP segment of a reassembled PDU]"
"25481","31.849530891","192.168.1.55","192.168.1.2","TCP","1514","8004  >  35950 [ACK] Seq=383910 Ack=141 Win=65024 Len=1448 TSval=2916035930 TSecr=3045555702 [TCP segment of a reassembled PDU]"
"25482","31.849532150","192.168.1.55","192.168.1.2","TCP","1514","8004  >  35950 [ACK] Seq=385358 Ack=141 Win=65024 Len=1448 TSval=2916035930 TSecr=3045555702 [TCP segment of a reassembled PDU]"
"25483","31.849533891","192.168.1.55","192.168.1.2","TCP","1514","8004  >  35950 [ACK] Seq=386806 Ack=141 Win=65024 Len=1448 TSval=2916035930 TSecr=3045555702 [TCP segment of a reassembled PDU]"
"25484","31.849535187","192.168.1.55","192.168.1.2","TCP","1514","8004  >  35950 [ACK] Seq=388254 Ack=141 Win=65024 Len=1448 TSval=2916035930 TSecr=3045555702 [TCP segment of a reassembled PDU]"
"25485","31.849536539","192.168.1.55","192.168.1.2","TCP","1514","8004  >  35950 [ACK] Seq=389702 Ack=141 Win=65024 Len=1448 TSval=2916035930 TSecr=3045555702 [TCP segment of a reassembled PDU]"
"25486","31.849537724","192.168.1.55","192.168.1.2","TCP","1514","8004  >  35950 [ACK] Seq=391150 Ack=141 Win=65024 Len=1448 TSval=2916035930 TSecr=3045555702 [TCP segment of a reassembled PDU]"
"25487","31.849539483","192.168.1.55","192.168.1.2","TCP","1514","8004  >  35950 [ACK] Seq=392598 Ack=141 Win=65024 Len=1448 TSval=2916035930 TSecr=3045555702 [TCP segment of a reassembled PDU]"
"25488","31.849540983","192.168.1.55","192.168.1.2","TCP","1514","8004  >  35950 [ACK] Seq=394046 Ack=141 Win=65024 Len=1448 TSval=2916035930 TSecr=3045555702 [TCP segment of a reassembled PDU]"
"25489","31.849542446","192.168.1.55","192.168.1.2","TCP","1514","8004  >  35950 [ACK] Seq=395494 Ack=141 Win=65024 Len=1448 TSval=2916035930 TSecr=3045555702 [TCP segment of a reassembled PDU]"
"25490","31.849544205","192.168.1.55","192.168.1.2","TCP","1514","8004  >  35950 [ACK] Seq=396942 Ack=141 Win=65024 Len=1448 TSval=2916035930 TSecr=3045555702 [TCP segment of a reassembled PDU]"
"25491","31.849546002","192.168.1.55","192.168.1.2","TCP","1514","8004  >  35950 [ACK] Seq=398390 Ack=141 Win=65024 Len=1448 TSval=2916035930 TSecr=3045555702 [TCP segment of a reassembled PDU]"
"25492","31.849547835","192.168.1.55","192.168.1.2","TCP","1514","8004  >  35950 [ACK] Seq=399838 Ack=141 Win=65024 Len=1448 TSval=2916035930 TSecr=3045555702 [TCP segment of a reassembled PDU]"
"25493","31.849549316","192.168.1.55","192.168.1.2","TCP","826","[TCP Window Full] 8004  >  35950 [PSH, ACK] Seq=401286 Ack=141 Win=65024 Len=760 TSval=2916035930 TSecr=3045555702 [TCP segment of a reassembled PDU]"
"25494","31.849553668","192.168.1.2","192.168.1.55","TCP","66","35950  >  8004 [ACK] Seq=141 Ack=314406 Win=112640 Len=0 TSval=3045555703 TSecr=2916035921"
"25495","31.849571705","192.168.1.55","192.168.1.2","TCP","1514","8004  >  35950 [ACK] Seq=402046 Ack=141 Win=65024 Len=1448 TSval=2916035930 TSecr=3045555703 [TCP segment of a reassembled PDU]"
"25496","31.849574520","192.168.1.55","192.168.1.2","TCP","1514","8004  >  35950 [ACK] Seq=403494 Ack=141 Win=65024 Len=1448 TSval=2916035930 TSecr=3045555703 [TCP segment of a reassembled PDU]"
"25497","31.849575946","192.168.1.55","192.168.1.2","TCP","1514","8004  >  35950 [ACK] Seq=404942 Ack=141 Win=65024 Len=1448 TSval=2916035930 TSecr=3045555703 [TCP segment of a reassembled PDU]"
"25498","31.849577798","192.168.1.55","192.168.1.2","TCP","1514","8004  >  35950 [PSH, ACK] Seq=406390 Ack=141 Win=65024 Len=1448 TSval=2916035930 TSecr=3045555703 [TCP segment of a reassembled PDU]"
"25499","31.849585668","192.168.1.55","192.168.1.2","TCP","754","8004  >  35950 [ACK] Seq=407838 Ack=141 Win=65024 Len=688 TSval=2916035930 TSecr=3045555703 [TCP segment of a reassembled PDU]"
"25500","31.849609428","192.168.1.55","192.168.1.2","TCP","1514","8004  >  35950 [ACK] Seq=408526 Ack=141 Win=65024 Len=1448 TSval=2916035930 TSecr=3045555703 [TCP segment of a reassembled PDU]"
"25501","31.849611446","192.168.1.55","192.168.1.2","TCP","1514","8004  >  35950 [ACK] Seq=409974 Ack=141 Win=65024 Len=1448 TSval=2916035930 TSecr=3045555703 [TCP segment of a reassembled PDU]"
"25502","31.849612705","192.168.1.55","192.168.1.2","TCP","1514","8004  >  35950 [ACK] Seq=411422 Ack=141 Win=65024 Len=1448 TSval=2916035930 TSecr=3045555703 [TCP segment of a reassembled PDU]"
"25503","31.849614057","192.168.1.55","192.168.1.2","TCP","1514","8004  >  35950 [ACK] Seq=412870 Ack=141 Win=65024 Len=1448 TSval=2916035930 TSecr=3045555703 [TCP segment of a reassembled PDU]"
"25504","31.849616761","192.168.1.55","192.168.1.2","TCP","1514","8004  >  35950 [ACK] Seq=414318 Ack=141 Win=65024 Len=1448 TSval=2916035930 TSecr=3045555703 [TCP segment of a reassembled PDU]"
"25505","31.849618965","192.168.1.55","192.168.1.2","TCP","1514","8004  >  35950 [ACK] Seq=415766 Ack=141 Win=65024 Len=1448 TSval=2916035930 TSecr=3045555703 [TCP segment of a reassembled PDU]"
"25506","31.849620354","192.168.1.55","192.168.1.2","TCP","1514","8004  >  35950 [ACK] Seq=417214 Ack=141 Win=65024 Len=1448 TSval=2916035930 TSecr=3045555703 [TCP segment of a reassembled PDU]"
"25507","31.849622483","192.168.1.55","192.168.1.2","TCP","1514","8004  >  35950 [ACK] Seq=418662 Ack=141 Win=65024 Len=1448 TSval=2916035930 TSecr=3045555703 [TCP segment of a reassembled PDU]"
"25508","31.849624280","192.168.1.55","192.168.1.2","TCP","1514","8004  >  35950 [ACK] Seq=420110 Ack=141 Win=65024 Len=1448 TSval=2916035930 TSecr=3045555703 [TCP segment of a reassembled PDU]"
"25509","31.849625557","192.168.1.55","192.168.1.2","TCP","1514","8004  >  35950 [ACK] Seq=421558 Ack=141 Win=65024 Len=1448 TSval=2916035930 TSecr=3045555703 [TCP segment of a reassembled PDU]"
"25510","31.849627076","192.168.1.55","192.168.1.2","TCP","1514","8004  >  35950 [ACK] Seq=423006 Ack=141 Win=65024 Len=1448 TSval=2916035930 TSecr=3045555703 [TCP segment of a reassembled PDU]"
"25511","31.849628372","192.168.1.55","192.168.1.2","TCP","1514","8004  >  35950 [PSH, ACK] Seq=424454 Ack=141 Win=65024 Len=1448 TSval=2916035930 TSecr=3045555703 [TCP segment of a reassembled PDU]"
"25512","31.849659280","192.168.1.2","192.168.1.55","TCP","66","35950  >  8004 [ACK] Seq=141 Ack=315854 Win=112640 Len=0 TSval=3045555705 TSecr=2916035928"
"25513","31.849673446","192.168.1.55","192.168.1.2","TCP","1514","8004  >  35950 [ACK] Seq=425902 Ack=141 Win=65024 Len=1448 TSval=2916035930 TSecr=3045555705 [TCP segment of a reassembled PDU]"
"25514","31.855690011","192.168.1.2","192.168.1.55","TCP","66","35950  >  8004 [ACK] Seq=141 Ack=333230 Win=105472 Len=0 TSval=3045555710 TSecr=2916035928"
"25515","31.855717715","192.168.1.55","192.168.1.2","TCP","1514","8004  >  35950 [ACK] Seq=427350 Ack=141 Win=65024 Len=1448 TSval=2916035936 TSecr=3045555710 [TCP segment of a reassembled PDU]"
"25516","31.855722160","192.168.1.55","192.168.1.2","TCP","1514","8004  >  35950 [ACK] Seq=428798 Ack=141 Win=65024 Len=1448 TSval=2916035936 TSecr=3045555710 [TCP segment of a reassembled PDU]"
"25517","31.855724067","192.168.1.55","192.168.1.2","TCP","1514","8004  >  35950 [ACK] Seq=430246 Ack=141 Win=65024 Len=1448 TSval=2916035936 TSecr=3045555710 [TCP segment of a reassembled PDU]"
"25518","31.855725623","192.168.1.55","192.168.1.2","TCP","1514","8004  >  35950 [ACK] Seq=431694 Ack=141 Win=65024 Len=1448 TSval=2916035936 TSecr=3045555710 [TCP segment of a reassembled PDU]"
"25519","31.855727808","192.168.1.55","192.168.1.2","TCP","1514","8004  >  35950 [ACK] Seq=433142 Ack=141 Win=65024 Len=1448 TSval=2916035936 TSecr=3045555710 [TCP segment of a reassembled PDU]"
"25520","31.855729734","192.168.1.55","192.168.1.2","TCP","1514","8004  >  35950 [ACK] Seq=434590 Ack=141 Win=65024 Len=1448 TSval=2916035936 TSecr=3045555710 [TCP segment of a reassembled PDU]"
"25521","31.855731345","192.168.1.55","192.168.1.2","TCP","1514","8004  >  35950 [PSH, ACK] Seq=436038 Ack=141 Win=65024 Len=1448 TSval=2916035936 TSecr=3045555710 [TCP segment of a reassembled PDU]"
"25522","31.856129660","192.168.1.2","192.168.1.55","TCP","66","35950  >  8004 [ACK] Seq=141 Ack=359294 Win=98304 Len=0 TSval=3045555710 TSecr=2916035929"
"25523","31.856145512","192.168.1.55","192.168.1.2","TCP","1514","8004  >  35950 [ACK] Seq=437486 Ack=141 Win=65024 Len=1448 TSval=2916035936 TSecr=3045555710 [TCP segment of a reassembled PDU]"
"25524","31.856148086","192.168.1.55","192.168.1.2","TCP","1514","8004  >  35950 [ACK] Seq=438934 Ack=141 Win=65024 Len=1448 TSval=2916035936 TSecr=3045555710 [TCP segment of a reassembled PDU]"
"25525","31.856149586","192.168.1.55","192.168.1.2","TCP","1514","8004  >  35950 [ACK] Seq=440382 Ack=141 Win=65024 Len=1448 TSval=2916035936 TSecr=3045555710 [TCP segment of a reassembled PDU]"
"25526","31.856151419","192.168.1.55","192.168.1.2","TCP","1514","8004  >  35950 [ACK] Seq=441830 Ack=141 Win=65024 Len=1448 TSval=2916035936 TSecr=3045555710 [TCP segment of a reassembled PDU]"
"25527","31.856152864","192.168.1.55","192.168.1.2","TCP","1514","8004  >  35950 [ACK] Seq=443278 Ack=141 Win=65024 Len=1448 TSval=2916035936 TSecr=3045555710 [TCP segment of a reassembled PDU]"
"25528","31.856154975","192.168.1.55","192.168.1.2","TCP","1514","8004  >  35950 [ACK] Seq=444726 Ack=141 Win=65024 Len=1448 TSval=2916035936 TSecr=3045555710 [TCP segment of a reassembled PDU]"
"25529","31.856156716","192.168.1.55","192.168.1.2","TCP","1514","8004  >  35950 [ACK] Seq=446174 Ack=141 Win=65024 Len=1448 TSval=2916035936 TSecr=3045555710 [TCP segment of a reassembled PDU]"
"25530","31.856158290","192.168.1.55","192.168.1.2","TCP","1514","8004  >  35950 [ACK] Seq=447622 Ack=141 Win=65024 Len=1448 TSval=2916035936 TSecr=3045555710 [TCP segment of a reassembled PDU]"
"25531","31.856159975","192.168.1.55","192.168.1.2","TCP","1514","8004  >  35950 [PSH, ACK] Seq=449070 Ack=141 Win=65024 Len=1448 TSval=2916035936 TSecr=3045555710 [TCP segment of a reassembled PDU]"
"25532","31.856165475","192.168.1.2","192.168.1.55","TCP","66","35950  >  8004 [ACK] Seq=141 Ack=366534 Win=91136 Len=0 TSval=3045555710 TSecr=2916035930"
"25533","31.856337938","192.168.1.2","192.168.1.55","TCP","66","35950  >  8004 [ACK] Seq=141 Ack=417214 Win=74752 Len=0 TSval=3045555710 TSecr=2916035930"
"25534","31.856403975","192.168.1.55","192.168.1.2","TCP","1514","8004  >  35950 [ACK] Seq=450518 Ack=141 Win=65024 Len=1448 TSval=2916035937 TSecr=3045555710 [TCP segment of a reassembled PDU]"
"25535","31.856405809","192.168.1.55","192.168.1.2","TCP","1514","8004  >  35950 [ACK] Seq=451966 Ack=141 Win=65024 Len=1448 TSval=2916035937 TSecr=3045555710 [TCP segment of a reassembled PDU]"
"25536","31.856407883","192.168.1.55","192.168.1.2","TCP","1514","8004  >  35950 [ACK] Seq=453414 Ack=141 Win=65024 Len=1448 TSval=2916035937 TSecr=3045555710 [TCP segment of a reassembled PDU]"
"25537","31.856409698","192.168.1.55","192.168.1.2","TCP","1514","8004  >  35950 [ACK] Seq=454862 Ack=141 Win=65024 Len=1448 TSval=2916035937 TSecr=3045555710 [TCP segment of a reassembled PDU]"
"25538","31.856411068","192.168.1.55","192.168.1.2","TCP","1514","8004  >  35950 [ACK] Seq=456310 Ack=141 Win=65024 Len=1448 TSval=2916035937 TSecr=3045555710 [TCP segment of a reassembled PDU]"
"25539","31.856412568","192.168.1.55","192.168.1.2","TCP","1514","8004  >  35950 [ACK] Seq=457758 Ack=141 Win=65024 Len=1448 TSval=2916035937 TSecr=3045555710 [TCP segment of a reassembled PDU]"
"25540","31.856414494","192.168.1.55","192.168.1.2","TCP","1514","8004  >  35950 [ACK] Seq=459206 Ack=141 Win=65024 Len=1448 TSval=2916035937 TSecr=3045555710 [TCP segment of a reassembled PDU]"
"25541","31.856416420","192.168.1.55","192.168.1.2","TCP","1514","8004  >  35950 [ACK] Seq=460654 Ack=141 Win=65024 Len=1448 TSval=2916035937 TSecr=3045555710 [TCP segment of a reassembled PDU]"
"25542","31.856425827","192.168.1.55","192.168.1.2","TCP","1514","8004  >  35950 [ACK] Seq=462102 Ack=141 Win=65024 Len=1448 TSval=2916035937 TSecr=3045555710 [TCP segment of a reassembled PDU]"
"25543","31.856428975","192.168.1.55","192.168.1.2","TCP","1514","8004  >  35950 [ACK] Seq=463550 Ack=141 Win=65024 Len=1448 TSval=2916035937 TSecr=3045555710 [TCP segment of a reassembled PDU]"
"25544","31.856430661","192.168.1.55","192.168.1.2","TCP","1514","8004  >  35950 [ACK] Seq=464998 Ack=141 Win=65024 Len=1448 TSval=2916035937 TSecr=3045555710 [TCP segment of a reassembled PDU]"
"25545","31.856433031","192.168.1.55","192.168.1.2","TCP","1514","8004  >  35950 [ACK] Seq=466446 Ack=141 Win=65024 Len=1448 TSval=2916035937 TSecr=3045555710 [TCP segment of a reassembled PDU]"
"25546","31.856434975","192.168.1.55","192.168.1.2","TCP","1514","8004  >  35950 [ACK] Seq=467894 Ack=141 Win=65024 Len=1448 TSval=2916035937 TSecr=3045555710 [TCP segment of a reassembled PDU]"
"25547","31.856436698","192.168.1.55","192.168.1.2","TCP","1514","8004  >  35950 [ACK] Seq=469342 Ack=141 Win=65024 Len=1448 TSval=2916035937 TSecr=3045555710 [TCP segment of a reassembled PDU]"
"25548","31.856438624","192.168.1.55","192.168.1.2","TCP","1514","8004  >  35950 [ACK] Seq=470790 Ack=141 Win=65024 Len=1448 TSval=2916035937 TSecr=3045555710 [TCP segment of a reassembled PDU]"
"25549","31.856440438","192.168.1.55","192.168.1.2","TCP","1514","8004  >  35950 [ACK] Seq=472238 Ack=141 Win=65024 Len=1448 TSval=2916035937 TSecr=3045555710 [TCP segment of a reassembled PDU]"
"25550","31.856442161","192.168.1.55","192.168.1.2","TCP","1514","8004  >  35950 [ACK] Seq=473686 Ack=141 Win=65024 Len=1448 TSval=2916035937 TSecr=3045555710 [TCP segment of a reassembled PDU]"
"25551","31.856443994","192.168.1.55","192.168.1.2","TCP","1514","8004  >  35950 [ACK] Seq=475134 Ack=141 Win=65024 Len=1448 TSval=2916035937 TSecr=3045555710 [TCP segment of a reassembled PDU]"
"25552","31.856445661","192.168.1.55","192.168.1.2","TCP","1514","8004  >  35950 [ACK] Seq=476582 Ack=141 Win=65024 Len=1448 TSval=2916035937 TSecr=3045555710 [TCP segment of a reassembled PDU]"
"25553","31.856447216","192.168.1.55","192.168.1.2","TCP","1514","8004  >  35950 [ACK] Seq=478030 Ack=141 Win=65024 Len=1448 TSval=2916035937 TSecr=3045555710 [TCP segment of a reassembled PDU]"
"25554","31.856449031","192.168.1.55","192.168.1.2","TCP","1514","8004  >  35950 [ACK] Seq=479478 Ack=141 Win=65024 Len=1448 TSval=2916035937 TSecr=3045555710 [TCP segment of a reassembled PDU]"
"25555","31.856451124","192.168.1.55","192.168.1.2","TCP","1514","8004  >  35950 [ACK] Seq=480926 Ack=141 Win=65024 Len=1448 TSval=2916035937 TSecr=3045555710 [TCP segment of a reassembled PDU]"
"25556","31.856452716","192.168.1.55","192.168.1.2","TCP","1514","8004  >  35950 [ACK] Seq=482374 Ack=141 Win=65024 Len=1448 TSval=2916035937 TSecr=3045555710 [TCP segment of a reassembled PDU]"
"25557","31.856454346","192.168.1.55","192.168.1.2","TCP","1514","8004  >  35950 [ACK] Seq=483822 Ack=141 Win=65024 Len=1448 TSval=2916035937 TSecr=3045555710 [TCP segment of a reassembled PDU]"
"25558","31.856456735","192.168.1.55","192.168.1.2","TCP","1514","8004  >  35950 [ACK] Seq=485270 Ack=141 Win=65024 Len=1448 TSval=2916035937 TSecr=3045555710 [TCP segment of a reassembled PDU]"
"25559","31.856458457","192.168.1.55","192.168.1.2","TCP","1514","8004  >  35950 [ACK] Seq=486718 Ack=141 Win=65024 Len=1448 TSval=2916035937 TSecr=3045555710 [TCP segment of a reassembled PDU]"
"25560","31.856460087","192.168.1.55","192.168.1.2","TCP","1514","8004  >  35950 [ACK] Seq=488166 Ack=141 Win=65024 Len=1448 TSval=2916035937 TSecr=3045555710 [TCP segment of a reassembled PDU]"
"25561","31.856461624","192.168.1.55","192.168.1.2","TCP","1514","8004  >  35950 [ACK] Seq=489614 Ack=141 Win=65024 Len=1448 TSval=2916035937 TSecr=3045555710 [TCP segment of a reassembled PDU]"
"25562","31.856464550","192.168.1.55","192.168.1.2","TCP","970","[TCP Window Full] 8004  >  35950 [PSH, ACK] Seq=491062 Ack=141 Win=65024 Len=904 TSval=2916035937 TSecr=3045555710 [TCP segment of a reassembled PDU]"
"25563","31.856499179","192.168.1.2","192.168.1.55","TCP","66","35950  >  8004 [ACK] Seq=141 Ack=425902 Win=111616 Len=0 TSval=3045555711 TSecr=2916035930"
"25564","31.856517068","192.168.1.55","192.168.1.2","TCP","610","8004  >  35950 [ACK] Seq=491966 Ack=141 Win=65024 Len=544 TSval=2916035937 TSecr=3045555711 [TCP segment of a reassembled PDU]"
"25565","31.856532050","192.168.1.55","192.168.1.2","TCP","1514","8004  >  35950 [ACK] Seq=492510 Ack=141 Win=65024 Len=1448 TSval=2916035937 TSecr=3045555711 [TCP segment of a reassembled PDU]"
"25566","31.856533735","192.168.1.55","192.168.1.2","TCP","1514","8004  >  35950 [ACK] Seq=493958 Ack=141 Win=65024 Len=1448 TSval=2916035937 TSecr=3045555711 [TCP segment of a reassembled PDU]"
"25567","31.856535809","192.168.1.55","192.168.1.2","TCP","1514","8004  >  35950 [ACK] Seq=495406 Ack=141 Win=65024 Len=1448 TSval=2916035937 TSecr=3045555711 [TCP segment of a reassembled PDU]"
"25568","31.856537550","192.168.1.55","192.168.1.2","TCP","1514","8004  >  35950 [PSH, ACK] Seq=496854 Ack=141 Win=65024 Len=1448 TSval=2916035937 TSecr=3045555711 [TCP segment of a reassembled PDU]"
"25569","31.856543513","192.168.1.55","192.168.1.2","HTTP","1472","HTTP/1.0 200 OK  (PNG)"
"25570","31.857781996","192.168.1.2","192.168.1.55","TCP","66","35950  >  8004 [ACK] Seq=141 Ack=428798 Win=115712 Len=0 TSval=3045555713 TSecr=2916035930"
"25571","31.857818867","192.168.1.2","192.168.1.55","TCP","66","35950  >  8004 [ACK] Seq=141 Ack=430246 Win=117760 Len=0 TSval=3045555713 TSecr=2916035936"
"25572","31.862297374","192.168.1.2","192.168.1.55","TCP","66","35950  >  8004 [ACK] Seq=141 Ack=437486 Win=117760 Len=0 TSval=3045555717 TSecr=2916035936"
"25573","31.862453985","192.168.1.2","192.168.1.55","TCP","66","35950  >  8004 [ACK] Seq=141 Ack=450518 Win=144384 Len=0 TSval=3045555717 TSecr=2916035936"
"25574","31.862460078","192.168.1.2","192.168.1.55","TCP","66","35950  >  8004 [ACK] Seq=141 Ack=491966 Win=187392 Len=0 TSval=3045555717 TSecr=2916035937"
"25575","31.862467652","192.168.1.2","192.168.1.55","TCP","66","35950  >  8004 [ACK] Seq=141 Ack=493958 Win=186368 Len=0 TSval=3045555717 TSecr=2916035937"
"25576","31.862576411","192.168.1.2","192.168.1.55","TCP","66","35950  >  8004 [ACK] Seq=141 Ack=495406 Win=190464 Len=0 TSval=3045555717 TSecr=2916035937"
"25577","31.862581652","192.168.1.2","192.168.1.55","TCP","66","35950  >  8004 [ACK] Seq=141 Ack=498302 Win=196608 Len=0 TSval=3045555718 TSecr=2916035937"
"25578","31.864206951","192.168.1.2","192.168.1.55","TCP","66","35950  >  8004 [FIN, ACK] Seq=141 Ack=499709 Win=198656 Len=0 TSval=3045555719 TSecr=2916035937"
"25579","31.864221025","192.168.1.55","192.168.1.2","TCP","66","8004  >  35950 [ACK] Seq=499709 Ack=142 Win=65024 Len=0 TSval=2916035944 TSecr=3045555719"
"25580","31.864335544","192.168.1.2","192.168.1.55","TCP","74","35954  >  8004 [SYN] Seq=0 Win=64240 Len=0 MSS=1460 SACK_PERM TSval=3045555719 TSecr=0 WS=1024"
"25581","31.864360673","192.168.1.55","192.168.1.2","TCP","74","8004  >  35954 [SYN, ACK] Seq=0 Ack=1 Win=65160 Len=0 MSS=1460 SACK_PERM TSval=2916035945 TSecr=3045555719 WS=128"
"25582","31.867603123","192.168.1.2","192.168.1.55","TCP","66","35954  >  8004 [ACK] Seq=1 Ack=1 Win=64512 Len=0 TSval=3045555722 TSecr=2916035945"
"25583","31.870832517","192.168.1.2","192.168.1.55","HTTP","209","GET /original_benchmark.png HTTP/1.1 "
"25584","31.870855739","192.168.1.55","192.168.1.2","TCP","66","8004  >  35954 [ACK] Seq=1 Ack=144 Win=65024 Len=0 TSval=2916035951 TSecr=3045555722"
"25585","31.871363055","192.168.1.55","192.168.1.2","TCP","255","8004  >  35954 [PSH, ACK] Seq=1 Ack=144 Win=65024 Len=189 TSval=2916035952 TSecr=3045555722 [TCP segment of a reassembled PDU]"
"25586","31.871454444","192.168.1.55","192.168.1.2","TCP","1514","8004  >  35954 [ACK] Seq=190 Ack=144 Win=65024 Len=1448 TSval=2916035952 TSecr=3045555722 [TCP segment of a reassembled PDU]"
"25587","31.871459073","192.168.1.55","192.168.1.2","TCP","1514","8004  >  35954 [ACK] Seq=1638 Ack=144 Win=65024 Len=1448 TSval=2916035952 TSecr=3045555722 [TCP segment of a reassembled PDU]"
"25588","31.871460592","192.168.1.55","192.168.1.2","TCP","1514","8004  >  35954 [ACK] Seq=3086 Ack=144 Win=65024 Len=1448 TSval=2916035952 TSecr=3045555722 [TCP segment of a reassembled PDU]"
"25589","31.871461907","192.168.1.55","192.168.1.2","TCP","1514","8004  >  35954 [ACK] Seq=4534 Ack=144 Win=65024 Len=1448 TSval=2916035952 TSecr=3045555722 [TCP segment of a reassembled PDU]"
"25590","31.871463759","192.168.1.55","192.168.1.2","TCP","1514","8004  >  35954 [PSH, ACK] Seq=5982 Ack=144 Win=65024 Len=1448 TSval=2916035952 TSecr=3045555722 [TCP segment of a reassembled PDU]"
"25591","31.871480555","192.168.1.55","192.168.1.2","TCP","1514","8004  >  35954 [ACK] Seq=7430 Ack=144 Win=65024 Len=1448 TSval=2916035952 TSecr=3045555722 [TCP segment of a reassembled PDU]"
"25592","31.871482166","192.168.1.55","192.168.1.2","TCP","1514","8004  >  35954 [ACK] Seq=8878 Ack=144 Win=65024 Len=1448 TSval=2916035952 TSecr=3045555722 [TCP segment of a reassembled PDU]"
"25593","31.871483536","192.168.1.55","192.168.1.2","TCP","1514","8004  >  35954 [ACK] Seq=10326 Ack=144 Win=65024 Len=1448 TSval=2916035952 TSecr=3045555722 [TCP segment of a reassembled PDU]"
"25594","31.871484888","192.168.1.55","192.168.1.2","TCP","1514","8004  >  35954 [PSH, ACK] Seq=11774 Ack=144 Win=65024 Len=1448 TSval=2916035952 TSecr=3045555722 [TCP segment of a reassembled PDU]"
"25595","31.875569672","192.168.1.2","192.168.1.55","TCP","66","35954  >  8004 [ACK] Seq=144 Ack=190 Win=64512 Len=0 TSval=3045555730 TSecr=2916035952"
"25596","31.875706524","192.168.1.55","192.168.1.2","TCP","1514","8004  >  35954 [ACK] Seq=13222 Ack=144 Win=65024 Len=1448 TSval=2916035956 TSecr=3045555730 [TCP segment of a reassembled PDU]"
"25597","31.875725154","192.168.1.55","192.168.1.2","TCP","1514","8004  >  35954 [PSH, ACK] Seq=14670 Ack=144 Win=65024 Len=1448 TSval=2916035956 TSecr=3045555730 [TCP segment of a reassembled PDU]"
"25598","31.875871710","192.168.1.2","192.168.1.55","TCP","66","35954  >  8004 [ACK] Seq=144 Ack=7430 Win=79872 Len=0 TSval=3045555730 TSecr=2916035952"
"25599","31.875931543","192.168.1.55","192.168.1.2","TCP","1514","8004  >  35954 [ACK] Seq=16118 Ack=144 Win=65024 Len=1448 TSval=2916035956 TSecr=3045555730 [TCP segment of a reassembled PDU]"
"25600","31.875935136","192.168.1.55","192.168.1.2","TCP","1514","8004  >  35954 [ACK] Seq=17566 Ack=144 Win=65024 Len=1448 TSval=2916035956 TSecr=3045555730 [TCP segment of a reassembled PDU]"
"25601","31.875936710","192.168.1.55","192.168.1.2","TCP","1514","8004  >  35954 [ACK] Seq=19014 Ack=144 Win=65024 Len=1448 TSval=2916035956 TSecr=3045555730 [TCP segment of a reassembled PDU]"
"25602","31.875938080","192.168.1.55","192.168.1.2","TCP","1514","8004  >  35954 [ACK] Seq=20462 Ack=144 Win=65024 Len=1448 TSval=2916035956 TSecr=3045555730 [TCP segment of a reassembled PDU]"
"25603","31.875939506","192.168.1.55","192.168.1.2","TCP","1514","8004  >  35954 [ACK] Seq=21910 Ack=144 Win=65024 Len=1448 TSval=2916035956 TSecr=3045555730 [TCP segment of a reassembled PDU]"
"25604","31.875940858","192.168.1.55","192.168.1.2","TCP","1514","8004  >  35954 [ACK] Seq=23358 Ack=144 Win=65024 Len=1448 TSval=2916035956 TSecr=3045555730 [TCP segment of a reassembled PDU]"
"25605","31.875942858","192.168.1.55","192.168.1.2","TCP","1514","8004  >  35954 [ACK] Seq=24806 Ack=144 Win=65024 Len=1448 TSval=2916035956 TSecr=3045555730 [TCP segment of a reassembled PDU]"
"25606","31.875944525","192.168.1.55","192.168.1.2","TCP","1514","8004  >  35954 [PSH, ACK] Seq=26254 Ack=144 Win=65024 Len=1448 TSval=2916035956 TSecr=3045555730 [TCP segment of a reassembled PDU]"
"25607","31.875952580","192.168.1.2","192.168.1.55","TCP","66","35954  >  8004 [ACK] Seq=144 Ack=11774 Win=84992 Len=0 TSval=3045555731 TSecr=2916035952"
"25608","31.875988655","192.168.1.55","192.168.1.2","TCP","1514","8004  >  35954 [ACK] Seq=27702 Ack=144 Win=65024 Len=1448 TSval=2916035956 TSecr=3045555731 [TCP segment of a reassembled PDU]"
"25609","31.875993562","192.168.1.55","192.168.1.2","TCP","1514","8004  >  35954 [ACK] Seq=29150 Ack=144 Win=65024 Len=1448 TSval=2916035956 TSecr=3045555731 [TCP segment of a reassembled PDU]"
"25610","31.875995655","192.168.1.55","192.168.1.2","TCP","1514","8004  >  35954 [ACK] Seq=30598 Ack=144 Win=65024 Len=1448 TSval=2916035956 TSecr=3045555731 [TCP segment of a reassembled PDU]"
"25611","31.875997192","192.168.1.55","192.168.1.2","TCP","1514","8004  >  35954 [ACK] Seq=32046 Ack=144 Win=65024 Len=1448 TSval=2916035956 TSecr=3045555731 [TCP segment of a reassembled PDU]"
"25612","31.875999081","192.168.1.55","192.168.1.2","TCP","1514","8004  >  35954 [ACK] Seq=33494 Ack=144 Win=65024 Len=1448 TSval=2916035956 TSecr=3045555731 [TCP segment of a reassembled PDU]"
"25613","31.876001266","192.168.1.55","192.168.1.2","TCP","1514","8004  >  35954 [ACK] Seq=34942 Ack=144 Win=65024 Len=1448 TSval=2916035956 TSecr=3045555731 [TCP segment of a reassembled PDU]"
"25614","31.876003377","192.168.1.55","192.168.1.2","TCP","1514","8004  >  35954 [ACK] Seq=36390 Ack=144 Win=65024 Len=1448 TSval=2916035956 TSecr=3045555731 [TCP segment of a reassembled PDU]"
"25615","31.876004988","192.168.1.55","192.168.1.2","TCP","1514","8004  >  35954 [PSH, ACK] Seq=37838 Ack=144 Win=65024 Len=1448 TSval=2916035956 TSecr=3045555731 [TCP segment of a reassembled PDU]"
"25616","31.876011840","192.168.1.2","192.168.1.55","TCP","66","35954  >  8004 [ACK] Seq=144 Ack=13222 Win=83968 Len=0 TSval=3045555731 TSecr=2916035952"
"25617","31.876778322","192.168.1.55","192.168.1.2","TCP","1514","8004  >  35954 [ACK] Seq=39286 Ack=144 Win=65024 Len=1448 TSval=2916035957 TSecr=3045555731 [TCP segment of a reassembled PDU]"
"25618","31.876781841","192.168.1.55","192.168.1.2","TCP","1514","8004  >  35954 [PSH, ACK] Seq=40734 Ack=144 Win=65024 Len=1448 TSval=2916035957 TSecr=3045555731 [TCP segment of a reassembled PDU]"
"25619","31.881755275","192.168.1.2","192.168.1.55","TCP","66","35954  >  8004 [ACK] Seq=144 Ack=16118 Win=91136 Len=0 TSval=3045555735 TSecr=2916035956"
"25620","31.881776034","192.168.1.55","192.168.1.2","TCP","1514","8004  >  35954 [ACK] Seq=42182 Ack=144 Win=65024 Len=1448 TSval=2916035962 TSecr=3045555735 [TCP segment of a reassembled PDU]"
"25621","31.881778775","192.168.1.55","192.168.1.2","TCP","1514","8004  >  35954 [PSH, ACK] Seq=43630 Ack=144 Win=65024 Len=1448 TSval=2916035962 TSecr=3045555735 [TCP segment of a reassembled PDU]"
"25622","31.881986868","192.168.1.2","192.168.1.55","TCP","66","35954  >  8004 [ACK] Seq=144 Ack=27702 Win=84992 Len=0 TSval=3045555735 TSecr=2916035956"
"25623","31.882009460","192.168.1.55","192.168.1.2","TCP","1514","8004  >  35954 [ACK] Seq=45078 Ack=144 Win=65024 Len=1448 TSval=2916035962 TSecr=3045555735 [TCP segment of a reassembled PDU]"
"25624","31.882011386","192.168.1.55","192.168.1.2","TCP","1514","8004  >  35954 [ACK] Seq=46526 Ack=144 Win=65024 Len=1448 TSval=2916035962 TSecr=3045555735 [TCP segment of a reassembled PDU]"
"25625","31.882012831","192.168.1.55","192.168.1.2","TCP","1514","8004  >  35954 [ACK] Seq=47974 Ack=144 Win=65024 Len=1448 TSval=2916035962 TSecr=3045555735 [TCP segment of a reassembled PDU]"
"25626","31.882014220","192.168.1.55","192.168.1.2","TCP","1514","8004  >  35954 [ACK] Seq=49422 Ack=144 Win=65024 Len=1448 TSval=2916035962 TSecr=3045555735 [TCP segment of a reassembled PDU]"
"25627","31.882015720","192.168.1.55","192.168.1.2","TCP","1514","8004  >  35954 [ACK] Seq=50870 Ack=144 Win=65024 Len=1448 TSval=2916035962 TSecr=3045555735 [TCP segment of a reassembled PDU]"
"25628","31.882017183","192.168.1.55","192.168.1.2","TCP","1514","8004  >  35954 [ACK] Seq=52318 Ack=144 Win=65024 Len=1448 TSval=2916035962 TSecr=3045555735 [TCP segment of a reassembled PDU]"
"25629","31.882018627","192.168.1.55","192.168.1.2","TCP","1514","8004  >  35954 [ACK] Seq=53766 Ack=144 Win=65024 Len=1448 TSval=2916035962 TSecr=3045555735 [TCP segment of a reassembled PDU]"
"25630","31.882020034","192.168.1.55","192.168.1.2","TCP","1514","8004  >  35954 [ACK] Seq=55214 Ack=144 Win=65024 Len=1448 TSval=2916035962 TSecr=3045555735 [TCP segment of a reassembled PDU]"
"25631","31.882021572","192.168.1.55","192.168.1.2","TCP","1514","8004  >  35954 [ACK] Seq=56662 Ack=144 Win=65024 Len=1448 TSval=2916035962 TSecr=3045555735 [TCP segment of a reassembled PDU]"
"25632","31.882022979","192.168.1.55","192.168.1.2","TCP","1514","8004  >  35954 [ACK] Seq=58110 Ack=144 Win=65024 Len=1448 TSval=2916035962 TSecr=3045555735 [TCP segment of a reassembled PDU]"
"25633","31.882024423","192.168.1.55","192.168.1.2","TCP","1514","8004  >  35954 [ACK] Seq=59558 Ack=144 Win=65024 Len=1448 TSval=2916035962 TSecr=3045555735 [TCP segment of a reassembled PDU]"
"25634","31.882025720","192.168.1.55","192.168.1.2","TCP","1514","8004  >  35954 [ACK] Seq=61006 Ack=144 Win=65024 Len=1448 TSval=2916035962 TSecr=3045555735 [TCP segment of a reassembled PDU]"
"25635","31.882027016","192.168.1.55","192.168.1.2","TCP","1514","8004  >  35954 [ACK] Seq=62454 Ack=144 Win=65024 Len=1448 TSval=2916035962 TSecr=3045555735 [TCP segment of a reassembled PDU]"
"25636","31.882028349","192.168.1.55","192.168.1.2","TCP","1514","8004  >  35954 [ACK] Seq=63902 Ack=144 Win=65024 Len=1448 TSval=2916035962 TSecr=3045555735 [TCP segment of a reassembled PDU]"
"25637","31.882029738","192.168.1.55","192.168.1.2","TCP","1514","8004  >  35954 [PSH, ACK] Seq=65350 Ack=144 Win=65024 Len=1448 TSval=2916035962 TSecr=3045555735 [TCP segment of a reassembled PDU]"
"25638","31.882034683","192.168.1.2","192.168.1.55","TCP","66","35954  >  8004 [ACK] Seq=144 Ack=36390 Win=88064 Len=0 TSval=3045555735 TSecr=2916035956"
"25639","31.882053294","192.168.1.55","192.168.1.2","TCP","1514","8004  >  35954 [ACK] Seq=66798 Ack=144 Win=65024 Len=1448 TSval=2916035962 TSecr=3045555735 [TCP segment of a reassembled PDU]"
"25640","31.882054886","192.168.1.55","192.168.1.2","TCP","1514","8004  >  35954 [ACK] Seq=68246 Ack=144 Win=65024 Len=1448 TSval=2916035962 TSecr=3045555735 [TCP segment of a reassembled PDU]"
"25641","31.882056183","192.168.1.55","192.168.1.2","TCP","1514","8004  >  35954 [ACK] Seq=69694 Ack=144 Win=65024 Len=1448 TSval=2916035962 TSecr=3045555735 [TCP segment of a reassembled PDU]"
"25642","31.882057553","192.168.1.55","192.168.1.2","TCP","1514","8004  >  35954 [ACK] Seq=71142 Ack=144 Win=65024 Len=1448 TSval=2916035962 TSecr=3045555735 [TCP segment of a reassembled PDU]"
"25643","31.882059238","192.168.1.55","192.168.1.2","TCP","1514","8004  >  35954 [ACK] Seq=72590 Ack=144 Win=65024 Len=1448 TSval=2916035962 TSecr=3045555735 [TCP segment of a reassembled PDU]"
"25644","31.882060497","192.168.1.55","192.168.1.2","TCP","1514","8004  >  35954 [ACK] Seq=74038 Ack=144 Win=65024 Len=1448 TSval=2916035962 TSecr=3045555735 [TCP segment of a reassembled PDU]"
"25645","31.882061775","192.168.1.55","192.168.1.2","TCP","1514","8004  >  35954 [PSH, ACK] Seq=75486 Ack=144 Win=65024 Len=1448 TSval=2916035962 TSecr=3045555735 [TCP segment of a reassembled PDU]"
"25646","31.882067646","192.168.1.2","192.168.1.55","TCP","66","35954  >  8004 [ACK] Seq=144 Ack=39286 Win=86016 Len=0 TSval=3045555735 TSecr=2916035956"
"25647","31.882073646","192.168.1.2","192.168.1.55","TCP","66","35954  >  8004 [ACK] Seq=144 Ack=42182 Win=94208 Len=0 TSval=3045555735 TSecr=2916035957"
"25648","31.882938814","192.168.1.55","192.168.1.2","TCP","1514","8004  >  35954 [ACK] Seq=76934 Ack=144 Win=65024 Len=1448 TSval=2916035963 TSecr=3045555735 [TCP segment of a reassembled PDU]"
"25649","31.882945369","192.168.1.55","192.168.1.2","TCP","1514","8004  >  35954 [ACK] Seq=78382 Ack=144 Win=65024 Len=1448 TSval=2916035963 TSecr=3045555735 [TCP segment of a reassembled PDU]"
"25650","31.882948166","192.168.1.55","192.168.1.2","TCP","1514","8004  >  35954 [ACK] Seq=79830 Ack=144 Win=65024 Len=1448 TSval=2916035963 TSecr=3045555735 [TCP segment of a reassembled PDU]"
"25651","31.882949554","192.168.1.55","192.168.1.2","TCP","1514","8004  >  35954 [ACK] Seq=81278 Ack=144 Win=65024 Len=1448 TSval=2916035963 TSecr=3045555735 [TCP segment of a reassembled PDU]"
"25652","31.882950832","192.168.1.55","192.168.1.2","TCP","1514","8004  >  35954 [ACK] Seq=82726 Ack=144 Win=65024 Len=1448 TSval=2916035963 TSecr=3045555735 [TCP segment of a reassembled PDU]"
"25653","31.882952777","192.168.1.55","192.168.1.2","TCP","1514","8004  >  35954 [ACK] Seq=84174 Ack=144 Win=65024 Len=1448 TSval=2916035963 TSecr=3045555735 [TCP segment of a reassembled PDU]"
"25654","31.882954629","192.168.1.55","192.168.1.2","TCP","1514","8004  >  35954 [ACK] Seq=85622 Ack=144 Win=65024 Len=1448 TSval=2916035963 TSecr=3045555735 [TCP segment of a reassembled PDU]"
"25655","31.882956406","192.168.1.55","192.168.1.2","TCP","1514","8004  >  35954 [ACK] Seq=87070 Ack=144 Win=65024 Len=1448 TSval=2916035963 TSecr=3045555735 [TCP segment of a reassembled PDU]"
"25656","31.882958962","192.168.1.55","192.168.1.2","TCP","1514","8004  >  35954 [ACK] Seq=88518 Ack=144 Win=65024 Len=1448 TSval=2916035963 TSecr=3045555735 [TCP segment of a reassembled PDU]"
"25657","31.882960369","192.168.1.55","192.168.1.2","TCP","1514","8004  >  35954 [ACK] Seq=89966 Ack=144 Win=65024 Len=1448 TSval=2916035963 TSecr=3045555735 [TCP segment of a reassembled PDU]"
"25658","31.882961888","192.168.1.55","192.168.1.2","TCP","1514","8004  >  35954 [ACK] Seq=91414 Ack=144 Win=65024 Len=1448 TSval=2916035963 TSecr=3045555735 [TCP segment of a reassembled PDU]"
"25659","31.882963332","192.168.1.55","192.168.1.2","TCP","1514","8004  >  35954 [ACK] Seq=92862 Ack=144 Win=65024 Len=1448 TSval=2916035963 TSecr=3045555735 [TCP segment of a reassembled PDU]"
"25660","31.882965036","192.168.1.55","192.168.1.2","TCP","1514","8004  >  35954 [ACK] Seq=94310 Ack=144 Win=65024 Len=1448 TSval=2916035963 TSecr=3045555735 [TCP segment of a reassembled PDU]"
"25661","31.882967054","192.168.1.55","192.168.1.2","TCP","1514","8004  >  35954 [ACK] Seq=95758 Ack=144 Win=65024 Len=1448 TSval=2916035963 TSecr=3045555735 [TCP segment of a reassembled PDU]"
"25662","31.882968554","192.168.1.55","192.168.1.2","TCP","1514","8004  >  35954 [ACK] Seq=97206 Ack=144 Win=65024 Len=1448 TSval=2916035963 TSecr=3045555735 [TCP segment of a reassembled PDU]"
"25663","31.882970017","192.168.1.55","192.168.1.2","TCP","1514","8004  >  35954 [PSH, ACK] Seq=98654 Ack=144 Win=65024 Len=1448 TSval=2916035963 TSecr=3045555735 [TCP segment of a reassembled PDU]"
"25664","31.887501895","192.168.1.2","192.168.1.55","TCP","66","35954  >  8004 [ACK] Seq=144 Ack=45078 Win=92160 Len=0 TSval=3045555741 TSecr=2916035962"
"25665","31.887549154","192.168.1.55","192.168.1.2","TCP","1514","8004  >  35954 [ACK] Seq=100102 Ack=144 Win=65024 Len=1448 TSval=2916035968 TSecr=3045555741 [TCP segment of a reassembled PDU]"
"25666","31.887553821","192.168.1.55","192.168.1.2","TCP","1514","8004  >  35954 [ACK] Seq=101550 Ack=144 Win=65024 Len=1448 TSval=2916035968 TSecr=3045555741 [TCP segment of a reassembled PDU]"
"25667","31.887555154","192.168.1.55","192.168.1.2","TCP","1514","8004  >  35954 [ACK] Seq=102998 Ack=144 Win=65024 Len=1448 TSval=2916035968 TSecr=3045555741 [TCP segment of a reassembled PDU]"
"25668","31.887556617","192.168.1.55","192.168.1.2","TCP","1514","8004  >  35954 [PSH, ACK] Seq=104446 Ack=144 Win=65024 Len=1448 TSval=2916035968 TSecr=3045555741 [TCP segment of a reassembled PDU]"
"25669","31.887652654","192.168.1.2","192.168.1.55","TCP","66","35954  >  8004 [ACK] Seq=144 Ack=66798 Win=75776 Len=0 TSval=3045555741 TSecr=2916035962"
"25670","31.887682488","192.168.1.55","192.168.1.2","TCP","1514","8004  >  35954 [ACK] Seq=105894 Ack=144 Win=65024 Len=1448 TSval=2916035968 TSecr=3045555741 [TCP segment of a reassembled PDU]"
"25671","31.887684321","192.168.1.55","192.168.1.2","TCP","1514","8004  >  35954 [ACK] Seq=107342 Ack=144 Win=65024 Len=1448 TSval=2916035968 TSecr=3045555741 [TCP segment of a reassembled PDU]"
"25672","31.887685580","192.168.1.55","192.168.1.2","TCP","1514","8004  >  35954 [ACK] Seq=108790 Ack=144 Win=65024 Len=1448 TSval=2916035968 TSecr=3045555741 [TCP segment of a reassembled PDU]"
"25673","31.887686932","192.168.1.55","192.168.1.2","TCP","1514","8004  >  35954 [ACK] Seq=110238 Ack=144 Win=65024 Len=1448 TSval=2916035968 TSecr=3045555741 [TCP segment of a reassembled PDU]"
"25674","31.887688525","192.168.1.55","192.168.1.2","TCP","1514","8004  >  35954 [ACK] Seq=111686 Ack=144 Win=65024 Len=1448 TSval=2916035968 TSecr=3045555741 [TCP segment of a reassembled PDU]"
"25675","31.887690173","192.168.1.55","192.168.1.2","TCP","1514","8004  >  35954 [ACK] Seq=113134 Ack=144 Win=65024 Len=1448 TSval=2916035968 TSecr=3045555741 [TCP segment of a reassembled PDU]"
"25676","31.887692340","192.168.1.55","192.168.1.2","TCP","1514","8004  >  35954 [ACK] Seq=114582 Ack=144 Win=65024 Len=1448 TSval=2916035968 TSecr=3045555741 [TCP segment of a reassembled PDU]"
"25677","31.887693488","192.168.1.55","192.168.1.2","TCP","1514","8004  >  35954 [ACK] Seq=116030 Ack=144 Win=65024 Len=1448 TSval=2916035968 TSecr=3045555741 [TCP segment of a reassembled PDU]"
"25678","31.887694636","192.168.1.55","192.168.1.2","TCP","1514","8004  >  35954 [PSH, ACK] Seq=117478 Ack=144 Win=65024 Len=1448 TSval=2916035968 TSecr=3045555741 [TCP segment of a reassembled PDU]"
"25679","31.887699358","192.168.1.2","192.168.1.55","TCP","66","35954  >  8004 [ACK] Seq=144 Ack=72590 Win=70656 Len=0 TSval=3045555741 TSecr=2916035962"
"25680","31.887734766","192.168.1.55","192.168.1.2","TCP","1514","8004  >  35954 [ACK] Seq=118926 Ack=144 Win=65024 Len=1448 TSval=2916035968 TSecr=3045555741 [TCP segment of a reassembled PDU]"
"25681","31.887739062","192.168.1.55","192.168.1.2","TCP","1514","8004  >  35954 [ACK] Seq=120374 Ack=144 Win=65024 Len=1448 TSval=2916035968 TSecr=3045555741 [TCP segment of a reassembled PDU]"
"25682","31.887740636","192.168.1.55","192.168.1.2","TCP","1514","8004  >  35954 [ACK] Seq=121822 Ack=144 Win=65024 Len=1448 TSval=2916035968 TSecr=3045555741 [TCP segment of a reassembled PDU]"
"25683","31.887741969","192.168.1.55","192.168.1.2","TCP","1514","8004  >  35954 [ACK] Seq=123270 Ack=144 Win=65024 Len=1448 TSval=2916035968 TSecr=3045555741 [TCP segment of a reassembled PDU]"
"25684","31.887743136","192.168.1.55","192.168.1.2","TCP","1514","8004  >  35954 [ACK] Seq=124718 Ack=144 Win=65024 Len=1448 TSval=2916035968 TSecr=3045555741 [TCP segment of a reassembled PDU]"
"25685","31.887744303","192.168.1.55","192.168.1.2","TCP","1514","8004  >  35954 [ACK] Seq=126166 Ack=144 Win=65024 Len=1448 TSval=2916035968 TSecr=3045555741 [TCP segment of a reassembled PDU]"
"25686","31.887745673","192.168.1.55","192.168.1.2","TCP","1514","8004  >  35954 [ACK] Seq=127614 Ack=144 Win=65024 Len=1448 TSval=2916035968 TSecr=3045555741 [TCP segment of a reassembled PDU]"
"25687","31.887746803","192.168.1.55","192.168.1.2","TCP","1514","8004  >  35954 [ACK] Seq=129062 Ack=144 Win=65024 Len=1448 TSval=2916035968 TSecr=3045555741 [TCP segment of a reassembled PDU]"
"25688","31.887748062","192.168.1.55","192.168.1.2","TCP","1514","8004  >  35954 [ACK] Seq=130510 Ack=144 Win=65024 Len=1448 TSval=2916035968 TSecr=3045555741 [TCP segment of a reassembled PDU]"
"25689","31.887749951","192.168.1.55","192.168.1.2","TCP","1514","8004  >  35954 [ACK] Seq=131958 Ack=144 Win=65024 Len=1448 TSval=2916035968 TSecr=3045555741 [TCP segment of a reassembled PDU]"
"25690","31.887752006","192.168.1.55","192.168.1.2","TCP","1514","8004  >  35954 [ACK] Seq=133406 Ack=144 Win=65024 Len=1448 TSval=2916035968 TSecr=3045555741 [TCP segment of a reassembled PDU]"
"25691","31.887753655","192.168.1.55","192.168.1.2","TCP","1514","8004  >  35954 [ACK] Seq=134854 Ack=144 Win=65024 Len=1448 TSval=2916035968 TSecr=3045555741 [TCP segment of a reassembled PDU]"
"25692","31.887754877","192.168.1.55","192.168.1.2","TCP","1514","8004  >  35954 [ACK] Seq=136302 Ack=144 Win=65024 Len=1448 TSval=2916035968 TSecr=3045555741 [TCP segment of a reassembled PDU]"
"25693","31.887756062","192.168.1.55","192.168.1.2","TCP","1514","8004  >  35954 [ACK] Seq=137750 Ack=144 Win=65024 Len=1448 TSval=2916035968 TSecr=3045555741 [TCP segment of a reassembled PDU]"
"25694","31.887757562","192.168.1.55","192.168.1.2","TCP","1514","8004  >  35954 [ACK] Seq=139198 Ack=144 Win=65024 Len=1448 TSval=2916035968 TSecr=3045555741 [TCP segment of a reassembled PDU]"
"25695","31.887758840","192.168.1.55","192.168.1.2","TCP","1514","8004  >  35954 [ACK] Seq=140646 Ack=144 Win=65024 Len=1448 TSval=2916035968 TSecr=3045555741 [TCP segment of a reassembled PDU]"
"25696","31.887760358","192.168.1.55","192.168.1.2","TCP","1218","[TCP Window Full] 8004  >  35954 [PSH, ACK] Seq=142094 Ack=144 Win=65024 Len=1152 TSval=2916035968 TSecr=3045555741 [TCP segment of a reassembled PDU]"
"25697","31.887767210","192.168.1.2","192.168.1.55","TCP","66","35954  >  8004 [ACK] Seq=144 Ack=76934 Win=66560 Len=0 TSval=3045555741 TSecr=2916035962"
"25698","31.887824766","192.168.1.2","192.168.1.55","TCP","66","35954  >  8004 [ACK] Seq=144 Ack=84174 Win=59392 Len=0 TSval=3045555741 TSecr=2916035963"
"25699","31.887834118","192.168.1.2","192.168.1.55","TCP","66","35954  >  8004 [ACK] Seq=144 Ack=95758 Win=81920 Len=0 TSval=3045555742 TSecr=2916035963"
"25700","31.887864210","192.168.1.55","192.168.1.2","TCP","1514","8004  >  35954 [ACK] Seq=143246 Ack=144 Win=65024 Len=1448 TSval=2916035968 TSecr=3045555742 [TCP segment of a reassembled PDU]"
"25701","31.887866155","192.168.1.55","192.168.1.2","TCP","1514","8004  >  35954 [ACK] Seq=144694 Ack=144 Win=65024 Len=1448 TSval=2916035968 TSecr=3045555742 [TCP segment of a reassembled PDU]"
"25702","31.887867710","192.168.1.55","192.168.1.2","TCP","1514","8004  >  35954 [ACK] Seq=146142 Ack=144 Win=65024 Len=1448 TSval=2916035968 TSecr=3045555742 [TCP segment of a reassembled PDU]"
"25703","31.887869451","192.168.1.55","192.168.1.2","TCP","1514","8004  >  35954 [ACK] Seq=147590 Ack=144 Win=65024 Len=1448 TSval=2916035968 TSecr=3045555742 [TCP segment of a reassembled PDU]"
"25704","31.887871396","192.168.1.55","192.168.1.2","TCP","1514","8004  >  35954 [ACK] Seq=149038 Ack=144 Win=65024 Len=1448 TSval=2916035968 TSecr=3045555742 [TCP segment of a reassembled PDU]"
"25705","31.887873284","192.168.1.55","192.168.1.2","TCP","1514","8004  >  35954 [ACK] Seq=150486 Ack=144 Win=65024 Len=1448 TSval=2916035968 TSecr=3045555742 [TCP segment of a reassembled PDU]"
"25706","31.887874562","192.168.1.55","192.168.1.2","TCP","1514","8004  >  35954 [ACK] Seq=151934 Ack=144 Win=65024 Len=1448 TSval=2916035968 TSecr=3045555742 [TCP segment of a reassembled PDU]"
"25707","31.887875784","192.168.1.55","192.168.1.2","TCP","1514","8004  >  35954 [ACK] Seq=153382 Ack=144 Win=65024 Len=1448 TSval=2916035968 TSecr=3045555742 [TCP segment of a reassembled PDU]"
"25708","31.887876988","192.168.1.55","192.168.1.2","TCP","1514","8004  >  35954 [ACK] Seq=154830 Ack=144 Win=65024 Len=1448 TSval=2916035968 TSecr=3045555742 [TCP segment of a reassembled PDU]"
"25709","31.887878303","192.168.1.55","192.168.1.2","TCP","1514","8004  >  35954 [ACK] Seq=156278 Ack=144 Win=65024 Len=1448 TSval=2916035968 TSecr=3045555742 [TCP segment of a reassembled PDU]"
"25710","31.887879636","192.168.1.55","192.168.1.2","TCP","1514","8004  >  35954 [ACK] Seq=157726 Ack=144 Win=65024 Len=1448 TSval=2916035968 TSecr=3045555742 [TCP segment of a reassembled PDU]"
"25711","31.887881210","192.168.1.55","192.168.1.2","TCP","1514","8004  >  35954 [PSH, ACK] Seq=159174 Ack=144 Win=65024 Len=1448 TSval=2916035968 TSecr=3045555742 [TCP segment of a reassembled PDU]"
"25712","31.889105398","192.168.1.55","192.168.1.2","TCP","362","8004  >  35954 [ACK] Seq=160622 Ack=144 Win=65024 Len=296 TSval=2916035969 TSecr=3045555742 [TCP segment of a reassembled PDU]"
"25713","31.892798329","192.168.1.2","192.168.1.55","TCP","66","35954  >  8004 [ACK] Seq=144 Ack=100102 Win=90112 Len=0 TSval=3045555744 TSecr=2916035963"
"25714","31.892831255","192.168.1.55","192.168.1.2","TCP","1514","8004  >  35954 [ACK] Seq=160918 Ack=144 Win=65024 Len=1448 TSval=2916035973 TSecr=3045555744 [TCP segment of a reassembled PDU]"
"25715","31.892834237","192.168.1.55","192.168.1.2","TCP","1514","8004  >  35954 [ACK] Seq=162366 Ack=144 Win=65024 Len=1448 TSval=2916035973 TSecr=3045555744 [TCP segment of a reassembled PDU]"
"25716","31.892835626","192.168.1.55","192.168.1.2","TCP","1514","8004  >  35954 [ACK] Seq=163814 Ack=144 Win=65024 Len=1448 TSval=2916035973 TSecr=3045555744 [TCP segment of a reassembled PDU]"
"25717","31.892836792","192.168.1.55","192.168.1.2","TCP","1514","8004  >  35954 [ACK] Seq=165262 Ack=144 Win=65024 Len=1448 TSval=2916035973 TSecr=3045555744 [TCP segment of a reassembled PDU]"
"25718","31.892837940","192.168.1.55","192.168.1.2","TCP","1514","8004  >  35954 [ACK] Seq=166710 Ack=144 Win=65024 Len=1448 TSval=2916035973 TSecr=3045555744 [TCP segment of a reassembled PDU]"
"25719","31.892839329","192.168.1.55","192.168.1.2","TCP","1514","8004  >  35954 [ACK] Seq=168158 Ack=144 Win=65024 Len=1448 TSval=2916035973 TSecr=3045555744 [TCP segment of a reassembled PDU]"
"25720","31.892840459","192.168.1.55","192.168.1.2","TCP","1514","8004  >  35954 [ACK] Seq=169606 Ack=144 Win=65024 Len=1448 TSval=2916035973 TSecr=3045555744 [TCP segment of a reassembled PDU]"
"25721","31.892841774","192.168.1.55","192.168.1.2","TCP","1514","8004  >  35954 [ACK] Seq=171054 Ack=144 Win=65024 Len=1448 TSval=2916035973 TSecr=3045555744 [TCP segment of a reassembled PDU]"
"25722","31.892842922","192.168.1.55","192.168.1.2","TCP","1514","8004  >  35954 [ACK] Seq=172502 Ack=144 Win=65024 Len=1448 TSval=2916035973 TSecr=3045555744 [TCP segment of a reassembled PDU]"
"25723","31.892844107","192.168.1.55","192.168.1.2","TCP","1514","8004  >  35954 [ACK] Seq=173950 Ack=144 Win=65024 Len=1448 TSval=2916035973 TSecr=3045555744 [TCP segment of a reassembled PDU]"
"25724","31.892845348","192.168.1.55","192.168.1.2","TCP","1514","8004  >  35954 [ACK] Seq=175398 Ack=144 Win=65024 Len=1448 TSval=2916035973 TSecr=3045555744 [TCP segment of a reassembled PDU]"
"25725","31.892846626","192.168.1.55","192.168.1.2","TCP","1514","8004  >  35954 [ACK] Seq=176846 Ack=144 Win=65024 Len=1448 TSval=2916035973 TSecr=3045555744 [TCP segment of a reassembled PDU]"
"25726","31.892847774","192.168.1.55","192.168.1.2","TCP","1514","8004  >  35954 [ACK] Seq=178294 Ack=144 Win=65024 Len=1448 TSval=2916035973 TSecr=3045555744 [TCP segment of a reassembled PDU]"
"25727","31.892849107","192.168.1.55","192.168.1.2","TCP","1514","8004  >  35954 [ACK] Seq=179742 Ack=144 Win=65024 Len=1448 TSval=2916035973 TSecr=3045555744 [TCP segment of a reassembled PDU]"
"25728","31.892850255","192.168.1.55","192.168.1.2","TCP","1514","8004  >  35954 [ACK] Seq=181190 Ack=144 Win=65024 Len=1448 TSval=2916035973 TSecr=3045555744 [TCP segment of a reassembled PDU]"
"25729","31.892851515","192.168.1.55","192.168.1.2","TCP","1514","8004  >  35954 [ACK] Seq=182638 Ack=144 Win=65024 Len=1448 TSval=2916035973 TSecr=3045555744 [TCP segment of a reassembled PDU]"
"25730","31.892852663","192.168.1.55","192.168.1.2","TCP","1514","8004  >  35954 [ACK] Seq=184086 Ack=144 Win=65024 Len=1448 TSval=2916035973 TSecr=3045555744 [TCP segment of a reassembled PDU]"
"25731","31.892853848","192.168.1.55","192.168.1.2","TCP","1514","8004  >  35954 [ACK] Seq=185534 Ack=144 Win=65024 Len=1448 TSval=2916035973 TSecr=3045555744 [TCP segment of a reassembled PDU]"
"25732","31.892855033","192.168.1.55","192.168.1.2","TCP","1514","8004  >  35954 [ACK] Seq=186982 Ack=144 Win=65024 Len=1448 TSval=2916035973 TSecr=3045555744 [TCP segment of a reassembled PDU]"
"25733","31.892856181","192.168.1.55","192.168.1.2","TCP","1514","8004  >  35954 [PSH, ACK] Seq=188430 Ack=144 Win=65024 Len=1448 TSval=2916035973 TSecr=3045555744 [TCP segment of a reassembled PDU]"
"25734","31.894910351","192.168.1.2","192.168.1.55","TCP","66","35954  >  8004 [ACK] Seq=144 Ack=104446 Win=90112 Len=0 TSval=3045555747 TSecr=2916035968"
"25735","31.894922277","192.168.1.55","192.168.1.2","TCP","1514","8004  >  35954 [ACK] Seq=189878 Ack=144 Win=65024 Len=1448 TSval=2916035975 TSecr=3045555747 [TCP segment of a reassembled PDU]"
"25736","31.894924573","192.168.1.55","192.168.1.2","TCP","1514","8004  >  35954 [ACK] Seq=191326 Ack=144 Win=65024 Len=1448 TSval=2916035975 TSecr=3045555747 [TCP segment of a reassembled PDU]"
"25737","31.894925870","192.168.1.55","192.168.1.2","TCP","1514","8004  >  35954 [PSH, ACK] Seq=192774 Ack=144 Win=65024 Len=1448 TSval=2916035975 TSecr=3045555747 [TCP segment of a reassembled PDU]"
"25738","31.895180240","192.168.1.2","192.168.1.55","TCP","66","35954  >  8004 [ACK] Seq=144 Ack=105894 Win=96256 Len=0 TSval=3045555748 TSecr=2916035968"
"25739","31.895188574","192.168.1.2","192.168.1.55","TCP","66","35954  >  8004 [ACK] Seq=144 Ack=118926 Win=96256 Len=0 TSval=3045555748 TSecr=2916035968"
"25740","31.895201852","192.168.1.55","192.168.1.2","TCP","1514","8004  >  35954 [ACK] Seq=194222 Ack=144 Win=65024 Len=1448 TSval=2916035975 TSecr=3045555748 [TCP segment of a reassembled PDU]"
"25741","31.895204981","192.168.1.55","192.168.1.2","TCP","1514","8004  >  35954 [ACK] Seq=195670 Ack=144 Win=65024 Len=1448 TSval=2916035975 TSecr=3045555748 [TCP segment of a reassembled PDU]"
"25742","31.895206426","192.168.1.55","192.168.1.2","TCP","1514","8004  >  35954 [ACK] Seq=197118 Ack=144 Win=65024 Len=1448 TSval=2916035975 TSecr=3045555748 [TCP segment of a reassembled PDU]"
"25743","31.895207759","192.168.1.55","192.168.1.2","TCP","1514","8004  >  35954 [ACK] Seq=198566 Ack=144 Win=65024 Len=1448 TSval=2916035975 TSecr=3045555748 [TCP segment of a reassembled PDU]"
"25744","31.895209129","192.168.1.55","192.168.1.2","TCP","1514","8004  >  35954 [ACK] Seq=200014 Ack=144 Win=65024 Len=1448 TSval=2916035975 TSecr=3045555748 [TCP segment of a reassembled PDU]"
"25745","31.895210481","192.168.1.55","192.168.1.2","TCP","1514","8004  >  35954 [ACK] Seq=201462 Ack=144 Win=65024 Len=1448 TSval=2916035975 TSecr=3045555748 [TCP segment of a reassembled PDU]"
"25746","31.895211944","192.168.1.55","192.168.1.2","TCP","1514","8004  >  35954 [ACK] Seq=202910 Ack=144 Win=65024 Len=1448 TSval=2916035975 TSecr=3045555748 [TCP segment of a reassembled PDU]"
"25747","31.895213352","192.168.1.55","192.168.1.2","TCP","1514","8004  >  35954 [PSH, ACK] Seq=204358 Ack=144 Win=65024 Len=1448 TSval=2916035975 TSecr=3045555748 [TCP segment of a reassembled PDU]"
"25748","31.895217741","192.168.1.2","192.168.1.55","TCP","66","35954  >  8004 [ACK] Seq=144 Ack=150486 Win=74752 Len=0 TSval=3045555748 TSecr=2916035968"
"25749","31.895225778","192.168.1.2","192.168.1.55","TCP","66","35954  >  8004 [ACK] Seq=144 Ack=157726 Win=79872 Len=0 TSval=3045555748 TSecr=2916035968"
"25750","31.895252907","192.168.1.55","192.168.1.2","TCP","1514","8004  >  35954 [ACK] Seq=205806 Ack=144 Win=65024 Len=1448 TSval=2916035975 TSecr=3045555748 [TCP segment of a reassembled PDU]"
"25751","31.895254629","192.168.1.55","192.168.1.2","TCP","1514","8004  >  35954 [ACK] Seq=207254 Ack=144 Win=65024 Len=1448 TSval=2916035975 TSecr=3045555748 [TCP segment of a reassembled PDU]"
"25752","31.895256129","192.168.1.55","192.168.1.2","TCP","1514","8004  >  35954 [ACK] Seq=208702 Ack=144 Win=65024 Len=1448 TSval=2916035975 TSecr=3045555748 [TCP segment of a reassembled PDU]"
"25753","31.895257518","192.168.1.55","192.168.1.2","TCP","1514","8004  >  35954 [ACK] Seq=210150 Ack=144 Win=65024 Len=1448 TSval=2916035975 TSecr=3045555748 [TCP segment of a reassembled PDU]"
"25754","31.895259296","192.168.1.55","192.168.1.2","TCP","1514","8004  >  35954 [ACK] Seq=211598 Ack=144 Win=65024 Len=1448 TSval=2916035975 TSecr=3045555748 [TCP segment of a reassembled PDU]"
"25755","31.895260685","192.168.1.55","192.168.1.2","TCP","1514","8004  >  35954 [ACK] Seq=213046 Ack=144 Win=65024 Len=1448 TSval=2916035975 TSecr=3045555748 [TCP segment of a reassembled PDU]"
"25756","31.895262537","192.168.1.55","192.168.1.2","TCP","1514","8004  >  35954 [ACK] Seq=214494 Ack=144 Win=65024 Len=1448 TSval=2916035975 TSecr=3045555748 [TCP segment of a reassembled PDU]"
"25757","31.895263833","192.168.1.55","192.168.1.2","TCP","1514","8004  >  35954 [ACK] Seq=215942 Ack=144 Win=65024 Len=1448 TSval=2916035975 TSecr=3045555748 [TCP segment of a reassembled PDU]"
"25758","31.895265259","192.168.1.55","192.168.1.2","TCP","1514","8004  >  35954 [ACK] Seq=217390 Ack=144 Win=65024 Len=1448 TSval=2916035975 TSecr=3045555748 [TCP segment of a reassembled PDU]"
"25759","31.895266667","192.168.1.55","192.168.1.2","TCP","1514","8004  >  35954 [ACK] Seq=218838 Ack=144 Win=65024 Len=1448 TSval=2916035975 TSecr=3045555748 [TCP segment of a reassembled PDU]"
"25760","31.895268018","192.168.1.55","192.168.1.2","TCP","1514","8004  >  35954 [ACK] Seq=220286 Ack=144 Win=65024 Len=1448 TSval=2916035975 TSecr=3045555748 [TCP segment of a reassembled PDU]"
"25761","31.895269463","192.168.1.55","192.168.1.2","TCP","1514","8004  >  35954 [ACK] Seq=221734 Ack=144 Win=65024 Len=1448 TSval=2916035975 TSecr=3045555748 [TCP segment of a reassembled PDU]"
"25762","31.895270944","192.168.1.55","192.168.1.2","TCP","1514","8004  >  35954 [ACK] Seq=223182 Ack=144 Win=65024 Len=1448 TSval=2916035975 TSecr=3045555748 [TCP segment of a reassembled PDU]"
"25763","31.895272370","192.168.1.55","192.168.1.2","TCP","1514","8004  >  35954 [ACK] Seq=224630 Ack=144 Win=65024 Len=1448 TSval=2916035975 TSecr=3045555748 [TCP segment of a reassembled PDU]"
"25764","31.895273796","192.168.1.55","192.168.1.2","TCP","1514","8004  >  35954 [ACK] Seq=226078 Ack=144 Win=65024 Len=1448 TSval=2916035975 TSecr=3045555748 [TCP segment of a reassembled PDU]"
"25765","31.895275241","192.168.1.55","192.168.1.2","TCP","1514","8004  >  35954 [ACK] Seq=227526 Ack=144 Win=65024 Len=1448 TSval=2916035975 TSecr=3045555748 [TCP segment of a reassembled PDU]"
"25766","31.895276592","192.168.1.55","192.168.1.2","TCP","1514","8004  >  35954 [ACK] Seq=228974 Ack=144 Win=65024 Len=1448 TSval=2916035975 TSecr=3045555748 [TCP segment of a reassembled PDU]"
"25767","31.895278167","192.168.1.55","192.168.1.2","TCP","1514","8004  >  35954 [ACK] Seq=230422 Ack=144 Win=65024 Len=1448 TSval=2916035975 TSecr=3045555748 [TCP segment of a reassembled PDU]"
"25768","31.895279704","192.168.1.55","192.168.1.2","TCP","1514","8004  >  35954 [ACK] Seq=231870 Ack=144 Win=65024 Len=1448 TSval=2916035975 TSecr=3045555748 [TCP segment of a reassembled PDU]"
"25769","31.895281389","192.168.1.55","192.168.1.2","TCP","1514","8004  >  35954 [ACK] Seq=233318 Ack=144 Win=65024 Len=1448 TSval=2916035975 TSecr=3045555748 [TCP segment of a reassembled PDU]"
"25770","31.895282722","192.168.1.55","192.168.1.2","TCP","1514","8004  >  35954 [PSH, ACK] Seq=234766 Ack=144 Win=65024 Len=1448 TSval=2916035975 TSecr=3045555748 [TCP segment of a reassembled PDU]"
"25771","31.899163728","192.168.1.2","192.168.1.55","TCP","66","35954  >  8004 [ACK] Seq=144 Ack=160622 Win=102400 Len=0 TSval=3045555750 TSecr=2916035968"
"25772","31.899182580","192.168.1.55","192.168.1.2","TCP","1514","8004  >  35954 [ACK] Seq=236214 Ack=144 Win=65024 Len=1448 TSval=2916035979 TSecr=3045555750 [TCP segment of a reassembled PDU]"
"25773","31.899185173","192.168.1.55","192.168.1.2","TCP","1514","8004  >  35954 [ACK] Seq=237662 Ack=144 Win=65024 Len=1448 TSval=2916035979 TSecr=3045555750 [TCP segment of a reassembled PDU]"
"25774","31.899186469","192.168.1.55","192.168.1.2","TCP","1514","8004  >  35954 [ACK] Seq=239110 Ack=144 Win=65024 Len=1448 TSval=2916035979 TSecr=3045555750 [TCP segment of a reassembled PDU]"
"25775","31.899187876","192.168.1.55","192.168.1.2","TCP","1514","8004  >  35954 [ACK] Seq=240558 Ack=144 Win=65024 Len=1448 TSval=2916035979 TSecr=3045555750 [TCP segment of a reassembled PDU]"
"25776","31.899189136","192.168.1.55","192.168.1.2","TCP","1514","8004  >  35954 [ACK] Seq=242006 Ack=144 Win=65024 Len=1448 TSval=2916035979 TSecr=3045555750 [TCP segment of a reassembled PDU]"
"25777","31.899190506","192.168.1.55","192.168.1.2","TCP","1514","8004  >  35954 [ACK] Seq=243454 Ack=144 Win=65024 Len=1448 TSval=2916035979 TSecr=3045555750 [TCP segment of a reassembled PDU]"
"25778","31.899191988","192.168.1.55","192.168.1.2","TCP","1514","8004  >  35954 [ACK] Seq=244902 Ack=144 Win=65024 Len=1448 TSval=2916035979 TSecr=3045555750 [TCP segment of a reassembled PDU]"
"25779","31.899193302","192.168.1.55","192.168.1.2","TCP","1514","8004  >  35954 [ACK] Seq=246350 Ack=144 Win=65024 Len=1448 TSval=2916035979 TSecr=3045555750 [TCP segment of a reassembled PDU]"
"25780","31.899194728","192.168.1.55","192.168.1.2","TCP","1514","8004  >  35954 [ACK] Seq=247798 Ack=144 Win=65024 Len=1448 TSval=2916035979 TSecr=3045555750 [TCP segment of a reassembled PDU]"
"25781","31.899196025","192.168.1.55","192.168.1.2","TCP","1514","8004  >  35954 [PSH, ACK] Seq=249246 Ack=144 Win=65024 Len=1448 TSval=2916035979 TSecr=3045555750 [TCP segment of a reassembled PDU]"
"25782","31.899226432","192.168.1.2","192.168.1.55","TCP","66","35954  >  8004 [ACK] Seq=144 Ack=160918 Win=105472 Len=0 TSval=3045555750 TSecr=2916035969"
"25783","31.900228711","192.168.1.2","192.168.1.55","TCP","66","35954  >  8004 [ACK] Seq=144 Ack=181190 Win=95232 Len=0 TSval=3045555752 TSecr=2916035973"
"25784","31.900254026","192.168.1.55","192.168.1.2","TCP","1514","8004  >  35954 [ACK] Seq=250694 Ack=144 Win=65024 Len=1448 TSval=2916035980 TSecr=3045555752 [TCP segment of a reassembled PDU]"
"25785","31.900256508","192.168.1.55","192.168.1.2","TCP","1514","8004  >  35954 [ACK] Seq=252142 Ack=144 Win=65024 Len=1448 TSval=2916035980 TSecr=3045555752 [TCP segment of a reassembled PDU]"
"25786","31.900257804","192.168.1.55","192.168.1.2","TCP","1514","8004  >  35954 [ACK] Seq=253590 Ack=144 Win=65024 Len=1448 TSval=2916035980 TSecr=3045555752 [TCP segment of a reassembled PDU]"
"25787","31.900259193","192.168.1.55","192.168.1.2","TCP","1514","8004  >  35954 [ACK] Seq=255038 Ack=144 Win=65024 Len=1448 TSval=2916035980 TSecr=3045555752 [TCP segment of a reassembled PDU]"
"25788","31.900260582","192.168.1.55","192.168.1.2","TCP","1514","8004  >  35954 [ACK] Seq=256486 Ack=144 Win=65024 Len=1448 TSval=2916035980 TSecr=3045555752 [TCP segment of a reassembled PDU]"
"25789","31.900261897","192.168.1.55","192.168.1.2","TCP","1514","8004  >  35954 [ACK] Seq=257934 Ack=144 Win=65024 Len=1448 TSval=2916035980 TSecr=3045555752 [TCP segment of a reassembled PDU]"
"25790","31.900263378","192.168.1.55","192.168.1.2","TCP","1514","8004  >  35954 [ACK] Seq=259382 Ack=144 Win=65024 Len=1448 TSval=2916035980 TSecr=3045555752 [TCP segment of a reassembled PDU]"
"25791","31.900264674","192.168.1.55","192.168.1.2","TCP","1514","8004  >  35954 [ACK] Seq=260830 Ack=144 Win=65024 Len=1448 TSval=2916035980 TSecr=3045555752 [TCP segment of a reassembled PDU]"
"25792","31.900266082","192.168.1.55","192.168.1.2","TCP","1514","8004  >  35954 [ACK] Seq=262278 Ack=144 Win=65024 Len=1448 TSval=2916035980 TSecr=3045555752 [TCP segment of a reassembled PDU]"
"25793","31.900267452","192.168.1.55","192.168.1.2","TCP","1514","8004  >  35954 [ACK] Seq=263726 Ack=144 Win=65024 Len=1448 TSval=2916035980 TSecr=3045555752 [TCP segment of a reassembled PDU]"
"25794","31.900268952","192.168.1.55","192.168.1.2","TCP","1514","8004  >  35954 [ACK] Seq=265174 Ack=144 Win=65024 Len=1448 TSval=2916035980 TSecr=3045555752 [TCP segment of a reassembled PDU]"
"25795","31.900270341","192.168.1.55","192.168.1.2","TCP","1514","8004  >  35954 [ACK] Seq=266622 Ack=144 Win=65024 Len=1448 TSval=2916035980 TSecr=3045555752 [TCP segment of a reassembled PDU]"
"25796","31.900271656","192.168.1.55","192.168.1.2","TCP","1514","8004  >  35954 [ACK] Seq=268070 Ack=144 Win=65024 Len=1448 TSval=2916035980 TSecr=3045555752 [TCP segment of a reassembled PDU]"
"25797","31.900273045","192.168.1.55","192.168.1.2","TCP","1514","8004  >  35954 [ACK] Seq=269518 Ack=144 Win=65024 Len=1448 TSval=2916035980 TSecr=3045555752 [TCP segment of a reassembled PDU]"
"25798","31.900274415","192.168.1.55","192.168.1.2","TCP","1514","8004  >  35954 [ACK] Seq=270966 Ack=144 Win=65024 Len=1448 TSval=2916035980 TSecr=3045555752 [TCP segment of a reassembled PDU]"
"25799","31.900276119","192.168.1.55","192.168.1.2","TCP","1514","8004  >  35954 [ACK] Seq=272414 Ack=144 Win=65024 Len=1448 TSval=2916035980 TSecr=3045555752 [TCP segment of a reassembled PDU]"
"25800","31.900277508","192.168.1.55","192.168.1.2","TCP","1514","8004  >  35954 [ACK] Seq=273862 Ack=144 Win=65024 Len=1448 TSval=2916035980 TSecr=3045555752 [TCP segment of a reassembled PDU]"
"25801","31.900279008","192.168.1.55","192.168.1.2","TCP","1178","[TCP Window Full] 8004  >  35954 [PSH, ACK] Seq=275310 Ack=144 Win=65024 Len=1112 TSval=2916035980 TSecr=3045555752 [TCP segment of a reassembled PDU]"
"25802","31.902655660","192.168.1.2","192.168.1.55","TCP","66","35954  >  8004 [ACK] Seq=144 Ack=189878 Win=108544 Len=0 TSval=3045555755 TSecr=2916035973"
"25803","31.902678956","192.168.1.55","192.168.1.2","TCP","1514","8004  >  35954 [ACK] Seq=276422 Ack=144 Win=65024 Len=1448 TSval=2916035983 TSecr=3045555755 [TCP segment of a reassembled PDU]"
"25804","31.902681789","192.168.1.55","192.168.1.2","TCP","1514","8004  >  35954 [ACK] Seq=277870 Ack=144 Win=65024 Len=1448 TSval=2916035983 TSecr=3045555755 [TCP segment of a reassembled PDU]"
"25805","31.902683086","192.168.1.55","192.168.1.2","TCP","1514","8004  >  35954 [ACK] Seq=279318 Ack=144 Win=65024 Len=1448 TSval=2916035983 TSecr=3045555755 [TCP segment of a reassembled PDU]"
"25806","31.902684919","192.168.1.55","192.168.1.2","TCP","1514","8004  >  35954 [ACK] Seq=280766 Ack=144 Win=65024 Len=1448 TSval=2916035983 TSecr=3045555755 [TCP segment of a reassembled PDU]"
"25807","31.902686289","192.168.1.55","192.168.1.2","TCP","1514","8004  >  35954 [ACK] Seq=282214 Ack=144 Win=65024 Len=1448 TSval=2916035983 TSecr=3045555755 [TCP segment of a reassembled PDU]"
"25808","31.902687678","192.168.1.55","192.168.1.2","TCP","1514","8004  >  35954 [ACK] Seq=283662 Ack=144 Win=65024 Len=1448 TSval=2916035983 TSecr=3045555755 [TCP segment of a reassembled PDU]"
"25809","31.902689012","192.168.1.55","192.168.1.2","TCP","1514","8004  >  35954 [ACK] Seq=285110 Ack=144 Win=65024 Len=1448 TSval=2916035983 TSecr=3045555755 [TCP segment of a reassembled PDU]"
"25810","31.902690308","192.168.1.55","192.168.1.2","TCP","1514","8004  >  35954 [ACK] Seq=286558 Ack=144 Win=65024 Len=1448 TSval=2916035983 TSecr=3045555755 [TCP segment of a reassembled PDU]"
"25811","31.902691697","192.168.1.55","192.168.1.2","TCP","1514","8004  >  35954 [ACK] Seq=288006 Ack=144 Win=65024 Len=1448 TSval=2916035983 TSecr=3045555755 [TCP segment of a reassembled PDU]"
"25812","31.902693012","192.168.1.55","192.168.1.2","TCP","1514","8004  >  35954 [ACK] Seq=289454 Ack=144 Win=65024 Len=1448 TSval=2916035983 TSecr=3045555755 [TCP segment of a reassembled PDU]"
"25813","31.902694308","192.168.1.55","192.168.1.2","TCP","1514","8004  >  35954 [ACK] Seq=290902 Ack=144 Win=65024 Len=1448 TSval=2916035983 TSecr=3045555755 [TCP segment of a reassembled PDU]"
"25814","31.902695697","192.168.1.55","192.168.1.2","TCP","1514","8004  >  35954 [ACK] Seq=292350 Ack=144 Win=65024 Len=1448 TSval=2916035983 TSecr=3045555755 [TCP segment of a reassembled PDU]"
"25815","31.902697012","192.168.1.55","192.168.1.2","TCP","1514","8004  >  35954 [ACK] Seq=293798 Ack=144 Win=65024 Len=1448 TSval=2916035983 TSecr=3045555755 [TCP segment of a reassembled PDU]"
"25816","31.902698289","192.168.1.55","192.168.1.2","TCP","1514","8004  >  35954 [PSH, ACK] Seq=295246 Ack=144 Win=65024 Len=1448 TSval=2916035983 TSecr=3045555755 [TCP segment of a reassembled PDU]"
"25817","31.902704067","192.168.1.55","192.168.1.2","TCP","402","8004  >  35954 [ACK] Seq=296694 Ack=144 Win=65024 Len=336 TSval=2916035983 TSecr=3045555755 [TCP segment of a reassembled PDU]"
"25818","31.903343050","192.168.1.2","192.168.1.55","TCP","66","35954  >  8004 [ACK] Seq=144 Ack=194222 Win=116736 Len=0 TSval=3045555755 TSecr=2916035975"
"25819","31.903350902","192.168.1.2","192.168.1.55","TCP","66","35954  >  8004 [ACK] Seq=144 Ack=205806 Win=140288 Len=0 TSval=3045555755 TSecr=2916035975"
"25820","31.903383624","192.168.1.55","192.168.1.2","TCP","1514","8004  >  35954 [ACK] Seq=297030 Ack=144 Win=65024 Len=1448 TSval=2916035984 TSecr=3045555755 [TCP segment of a reassembled PDU]"
"25821","31.903385828","192.168.1.55","192.168.1.2","TCP","1514","8004  >  35954 [ACK] Seq=298478 Ack=144 Win=65024 Len=1448 TSval=2916035984 TSecr=3045555755 [TCP segment of a reassembled PDU]"
"25822","31.903387179","192.168.1.55","192.168.1.2","TCP","1514","8004  >  35954 [ACK] Seq=299926 Ack=144 Win=65024 Len=1448 TSval=2916035984 TSecr=3045555755 [TCP segment of a reassembled PDU]"
"25823","31.903388494","192.168.1.55","192.168.1.2","TCP","1514","8004  >  35954 [ACK] Seq=301374 Ack=144 Win=65024 Len=1448 TSval=2916035984 TSecr=3045555755 [TCP segment of a reassembled PDU]"
"25824","31.903389902","192.168.1.55","192.168.1.2","TCP","1514","8004  >  35954 [ACK] Seq=302822 Ack=144 Win=65024 Len=1448 TSval=2916035984 TSecr=3045555755 [TCP segment of a reassembled PDU]"
"25825","31.903391198","192.168.1.55","192.168.1.2","TCP","1514","8004  >  35954 [ACK] Seq=304270 Ack=144 Win=65024 Len=1448 TSval=2916035984 TSecr=3045555755 [TCP segment of a reassembled PDU]"
"25826","31.903392587","192.168.1.55","192.168.1.2","TCP","1514","8004  >  35954 [ACK] Seq=305718 Ack=144 Win=65024 Len=1448 TSval=2916035984 TSecr=3045555755 [TCP segment of a reassembled PDU]"
"25827","31.903394309","192.168.1.55","192.168.1.2","TCP","1514","8004  >  35954 [ACK] Seq=307166 Ack=144 Win=65024 Len=1448 TSval=2916035984 TSecr=3045555755 [TCP segment of a reassembled PDU]"
"25828","31.903396050","192.168.1.55","192.168.1.2","TCP","1514","8004  >  35954 [ACK] Seq=308614 Ack=144 Win=65024 Len=1448 TSval=2916035984 TSecr=3045555755 [TCP segment of a reassembled PDU]"
"25829","31.903397568","192.168.1.55","192.168.1.2","TCP","1514","8004  >  35954 [ACK] Seq=310062 Ack=144 Win=65024 Len=1448 TSval=2916035984 TSecr=3045555755 [TCP segment of a reassembled PDU]"
"25830","31.903398846","192.168.1.55","192.168.1.2","TCP","1514","8004  >  35954 [ACK] Seq=311510 Ack=144 Win=65024 Len=1448 TSval=2916035984 TSecr=3045555755 [TCP segment of a reassembled PDU]"
"25831","31.903400124","192.168.1.55","192.168.1.2","TCP","1514","8004  >  35954 [ACK] Seq=312958 Ack=144 Win=65024 Len=1448 TSval=2916035984 TSecr=3045555755 [TCP segment of a reassembled PDU]"
"25832","31.903401902","192.168.1.55","192.168.1.2","TCP","1514","8004  >  35954 [ACK] Seq=314406 Ack=144 Win=65024 Len=1448 TSval=2916035984 TSecr=3045555755 [TCP segment of a reassembled PDU]"
"25833","31.903403216","192.168.1.55","192.168.1.2","TCP","1514","8004  >  35954 [ACK] Seq=315854 Ack=144 Win=65024 Len=1448 TSval=2916035984 TSecr=3045555755 [TCP segment of a reassembled PDU]"
"25834","31.903404679","192.168.1.55","192.168.1.2","TCP","1514","8004  >  35954 [ACK] Seq=317302 Ack=144 Win=65024 Len=1448 TSval=2916035984 TSecr=3045555755 [TCP segment of a reassembled PDU]"
"25835","31.903405994","192.168.1.55","192.168.1.2","TCP","1514","8004  >  35954 [ACK] Seq=318750 Ack=144 Win=65024 Len=1448 TSval=2916035984 TSecr=3045555755 [TCP segment of a reassembled PDU]"
"25836","31.903407383","192.168.1.55","192.168.1.2","TCP","1514","8004  >  35954 [ACK] Seq=320198 Ack=144 Win=65024 Len=1448 TSval=2916035984 TSecr=3045555755 [TCP segment of a reassembled PDU]"
"25837","31.903408976","192.168.1.55","192.168.1.2","TCP","1514","8004  >  35954 [ACK] Seq=321646 Ack=144 Win=65024 Len=1448 TSval=2916035984 TSecr=3045555755 [TCP segment of a reassembled PDU]"
"25838","31.903410809","192.168.1.55","192.168.1.2","TCP","1514","8004  >  35954 [ACK] Seq=323094 Ack=144 Win=65024 Len=1448 TSval=2916035984 TSecr=3045555755 [TCP segment of a reassembled PDU]"
"25839","31.903412124","192.168.1.55","192.168.1.2","TCP","1514","8004  >  35954 [ACK] Seq=324542 Ack=144 Win=65024 Len=1448 TSval=2916035984 TSecr=3045555755 [TCP segment of a reassembled PDU]"
"25840","31.903413568","192.168.1.55","192.168.1.2","TCP","1514","8004  >  35954 [ACK] Seq=325990 Ack=144 Win=65024 Len=1448 TSval=2916035984 TSecr=3045555755 [TCP segment of a reassembled PDU]"
"25841","31.903414976","192.168.1.55","192.168.1.2","TCP","1514","8004  >  35954 [ACK] Seq=327438 Ack=144 Win=65024 Len=1448 TSval=2916035984 TSecr=3045555755 [TCP segment of a reassembled PDU]"
"25842","31.903416365","192.168.1.55","192.168.1.2","TCP","1514","8004  >  35954 [ACK] Seq=328886 Ack=144 Win=65024 Len=1448 TSval=2916035984 TSecr=3045555755 [TCP segment of a reassembled PDU]"
"25843","31.903417642","192.168.1.55","192.168.1.2","TCP","1514","8004  >  35954 [ACK] Seq=330334 Ack=144 Win=65024 Len=1448 TSval=2916035984 TSecr=3045555755 [TCP segment of a reassembled PDU]"
"25844","31.903418976","192.168.1.55","192.168.1.2","TCP","1514","8004  >  35954 [ACK] Seq=331782 Ack=144 Win=65024 Len=1448 TSval=2916035984 TSecr=3045555755 [TCP segment of a reassembled PDU]"
"25845","31.903420253","192.168.1.55","192.168.1.2","TCP","1514","8004  >  35954 [ACK] Seq=333230 Ack=144 Win=65024 Len=1448 TSval=2916035984 TSecr=3045555755 [TCP segment of a reassembled PDU]"
"25846","31.903421568","192.168.1.55","192.168.1.2","TCP","1514","8004  >  35954 [ACK] Seq=334678 Ack=144 Win=65024 Len=1448 TSval=2916035984 TSecr=3045555755 [TCP segment of a reassembled PDU]"
"25847","31.903422976","192.168.1.55","192.168.1.2","TCP","1514","8004  >  35954 [ACK] Seq=336126 Ack=144 Win=65024 Len=1448 TSval=2916035984 TSecr=3045555755 [TCP segment of a reassembled PDU]"
"25848","31.903424309","192.168.1.55","192.168.1.2","TCP","1514","8004  >  35954 [ACK] Seq=337574 Ack=144 Win=65024 Len=1448 TSval=2916035984 TSecr=3045555755 [TCP segment of a reassembled PDU]"
"25849","31.903425883","192.168.1.55","192.168.1.2","TCP","1514","8004  >  35954 [ACK] Seq=339022 Ack=144 Win=65024 Len=1448 TSval=2916035984 TSecr=3045555755 [TCP segment of a reassembled PDU]"
"25850","31.903427309","192.168.1.55","192.168.1.2","TCP","1514","8004  >  35954 [ACK] Seq=340470 Ack=144 Win=65024 Len=1448 TSval=2916035984 TSecr=3045555755 [TCP segment of a reassembled PDU]"
"25851","31.903428587","192.168.1.55","192.168.1.2","TCP","1514","8004  >  35954 [PSH, ACK] Seq=341918 Ack=144 Win=65024 Len=1448 TSval=2916035984 TSecr=3045555755 [TCP segment of a reassembled PDU]"
"25852","31.903433679","192.168.1.2","192.168.1.55","TCP","66","35954  >  8004 [ACK] Seq=144 Ack=236214 Win=111616 Len=0 TSval=3045555755 TSecr=2916035975"
"25853","31.904412588","192.168.1.2","192.168.1.55","TCP","66","35954  >  8004 [ACK] Seq=144 Ack=250694 Win=152576 Len=0 TSval=3045555758 TSecr=2916035979"
"25854","31.904451311","192.168.1.55","192.168.1.2","TCP","1514","8004  >  35954 [ACK] Seq=343366 Ack=144 Win=65024 Len=1448 TSval=2916035985 TSecr=3045555758 [TCP segment of a reassembled PDU]"
"25855","31.904453311","192.168.1.55","192.168.1.2","TCP","1514","8004  >  35954 [ACK] Seq=344814 Ack=144 Win=65024 Len=1448 TSval=2916035985 TSecr=3045555758 [TCP segment of a reassembled PDU]"
"25856","31.904454607","192.168.1.55","192.168.1.2","TCP","1514","8004  >  35954 [ACK] Seq=346262 Ack=144 Win=65024 Len=1448 TSval=2916035985 TSecr=3045555758 [TCP segment of a reassembled PDU]"
"25857","31.904456181","192.168.1.55","192.168.1.2","TCP","1514","8004  >  35954 [ACK] Seq=347710 Ack=144 Win=65024 Len=1448 TSval=2916035985 TSecr=3045555758 [TCP segment of a reassembled PDU]"
"25858","31.904457626","192.168.1.55","192.168.1.2","TCP","1514","8004  >  35954 [ACK] Seq=349158 Ack=144 Win=65024 Len=1448 TSval=2916035985 TSecr=3045555758 [TCP segment of a reassembled PDU]"
"25859","31.904459144","192.168.1.55","192.168.1.2","TCP","1514","8004  >  35954 [ACK] Seq=350606 Ack=144 Win=65024 Len=1448 TSval=2916035985 TSecr=3045555758 [TCP segment of a reassembled PDU]"
"25860","31.904460459","192.168.1.55","192.168.1.2","TCP","1514","8004  >  35954 [ACK] Seq=352054 Ack=144 Win=65024 Len=1448 TSval=2916035985 TSecr=3045555758 [TCP segment of a reassembled PDU]"
"25861","31.904461811","192.168.1.55","192.168.1.2","TCP","1514","8004  >  35954 [ACK] Seq=353502 Ack=144 Win=65024 Len=1448 TSval=2916035985 TSecr=3045555758 [TCP segment of a reassembled PDU]"
"25862","31.904463274","192.168.1.55","192.168.1.2","TCP","1514","8004  >  35954 [ACK] Seq=354950 Ack=144 Win=65024 Len=1448 TSval=2916035985 TSecr=3045555758 [TCP segment of a reassembled PDU]"
"25863","31.904464588","192.168.1.55","192.168.1.2","TCP","1514","8004  >  35954 [ACK] Seq=356398 Ack=144 Win=65024 Len=1448 TSval=2916035985 TSecr=3045555758 [TCP segment of a reassembled PDU]"
"25864","31.904465996","192.168.1.55","192.168.1.2","TCP","1514","8004  >  35954 [ACK] Seq=357846 Ack=144 Win=65024 Len=1448 TSval=2916035985 TSecr=3045555758 [TCP segment of a reassembled PDU]"
"25865","31.904467329","192.168.1.55","192.168.1.2","TCP","1514","8004  >  35954 [ACK] Seq=359294 Ack=144 Win=65024 Len=1448 TSval=2916035985 TSecr=3045555758 [TCP segment of a reassembled PDU]"
"25866","31.904468626","192.168.1.55","192.168.1.2","TCP","1514","8004  >  35954 [ACK] Seq=360742 Ack=144 Win=65024 Len=1448 TSval=2916035985 TSecr=3045555758 [TCP segment of a reassembled PDU]"
"25867","31.904469996","192.168.1.55","192.168.1.2","TCP","1514","8004  >  35954 [ACK] Seq=362190 Ack=144 Win=65024 Len=1448 TSval=2916035985 TSecr=3045555758 [TCP segment of a reassembled PDU]"
"25868","31.904471348","192.168.1.55","192.168.1.2","TCP","1514","8004  >  35954 [ACK] Seq=363638 Ack=144 Win=65024 Len=1448 TSval=2916035985 TSecr=3045555758 [TCP segment of a reassembled PDU]"
"25869","31.904472829","192.168.1.55","192.168.1.2","TCP","1514","8004  >  35954 [ACK] Seq=365086 Ack=144 Win=65024 Len=1448 TSval=2916035985 TSecr=3045555758 [TCP segment of a reassembled PDU]"
"25870","31.904474274","192.168.1.55","192.168.1.2","TCP","1514","8004  >  35954 [ACK] Seq=366534 Ack=144 Win=65024 Len=1448 TSval=2916035985 TSecr=3045555758 [TCP segment of a reassembled PDU]"
"25871","31.904475718","192.168.1.55","192.168.1.2","TCP","1514","8004  >  35954 [ACK] Seq=367982 Ack=144 Win=65024 Len=1448 TSval=2916035985 TSecr=3045555758 [TCP segment of a reassembled PDU]"
"25872","31.904477996","192.168.1.55","192.168.1.2","TCP","1514","8004  >  35954 [ACK] Seq=369430 Ack=144 Win=65024 Len=1448 TSval=2916035985 TSecr=3045555758 [TCP segment of a reassembled PDU]"
"25873","31.904479311","192.168.1.55","192.168.1.2","TCP","1514","8004  >  35954 [ACK] Seq=370878 Ack=144 Win=65024 Len=1448 TSval=2916035985 TSecr=3045555758 [TCP segment of a reassembled PDU]"
"25874","31.904480607","192.168.1.55","192.168.1.2","TCP","1514","8004  >  35954 [ACK] Seq=372326 Ack=144 Win=65024 Len=1448 TSval=2916035985 TSecr=3045555758 [TCP segment of a reassembled PDU]"
"25875","31.904482089","192.168.1.55","192.168.1.2","TCP","1514","8004  >  35954 [ACK] Seq=373774 Ack=144 Win=65024 Len=1448 TSval=2916035985 TSecr=3045555758 [TCP segment of a reassembled PDU]"
"25876","31.904483440","192.168.1.55","192.168.1.2","TCP","1514","8004  >  35954 [ACK] Seq=375222 Ack=144 Win=65024 Len=1448 TSval=2916035985 TSecr=3045555758 [TCP segment of a reassembled PDU]"
"25877","31.904485089","192.168.1.55","192.168.1.2","TCP","1514","8004  >  35954 [ACK] Seq=376670 Ack=144 Win=65024 Len=1448 TSval=2916035985 TSecr=3045555758 [TCP segment of a reassembled PDU]"
"25878","31.904486385","192.168.1.55","192.168.1.2","TCP","1514","8004  >  35954 [ACK] Seq=378118 Ack=144 Win=65024 Len=1448 TSval=2916035985 TSecr=3045555758 [TCP segment of a reassembled PDU]"
"25879","31.904487681","192.168.1.55","192.168.1.2","TCP","1514","8004  >  35954 [ACK] Seq=379566 Ack=144 Win=65024 Len=1448 TSval=2916035985 TSecr=3045555758 [TCP segment of a reassembled PDU]"
"25880","31.904489089","192.168.1.55","192.168.1.2","TCP","1514","8004  >  35954 [ACK] Seq=381014 Ack=144 Win=65024 Len=1448 TSval=2916035985 TSecr=3045555758 [TCP segment of a reassembled PDU]"
"25881","31.904490366","192.168.1.55","192.168.1.2","TCP","1514","8004  >  35954 [ACK] Seq=382462 Ack=144 Win=65024 Len=1448 TSval=2916035985 TSecr=3045555758 [TCP segment of a reassembled PDU]"
"25882","31.904492163","192.168.1.55","192.168.1.2","TCP","1514","8004  >  35954 [ACK] Seq=383910 Ack=144 Win=65024 Len=1448 TSval=2916035985 TSecr=3045555758 [TCP segment of a reassembled PDU]"
"25883","31.904493533","192.168.1.55","192.168.1.2","TCP","1514","8004  >  35954 [ACK] Seq=385358 Ack=144 Win=65024 Len=1448 TSval=2916035985 TSecr=3045555758 [TCP segment of a reassembled PDU]"
"25884","31.904495144","192.168.1.55","192.168.1.2","TCP","1514","8004  >  35954 [ACK] Seq=386806 Ack=144 Win=65024 Len=1448 TSval=2916035985 TSecr=3045555758 [TCP segment of a reassembled PDU]"
"25885","31.904496626","192.168.1.55","192.168.1.2","TCP","1514","8004  >  35954 [PSH, ACK] Seq=388254 Ack=144 Win=65024 Len=1448 TSval=2916035985 TSecr=3045555758 [TCP segment of a reassembled PDU]"
"25886","31.904555385","192.168.1.2","192.168.1.55","TCP","66","35954  >  8004 [ACK] Seq=144 Ack=273862 Win=145408 Len=0 TSval=3045555759 TSecr=2916035980"
"25887","31.904563866","192.168.1.2","192.168.1.55","TCP","66","35954  >  8004 [ACK] Seq=144 Ack=275310 Win=155648 Len=0 TSval=3045555759 TSecr=2916035980"
"25888","31.904568255","192.168.1.2","192.168.1.55","TCP","66","35954  >  8004 [ACK] Seq=144 Ack=276422 Win=158720 Len=0 TSval=3045555759 TSecr=2916035980"
"25889","31.904608533","192.168.1.55","192.168.1.2","TCP","1514","8004  >  35954 [ACK] Seq=389702 Ack=144 Win=65024 Len=1448 TSval=2916035985 TSecr=3045555759 [TCP segment of a reassembled PDU]"
"25890","31.904611274","192.168.1.55","192.168.1.2","TCP","1514","8004  >  35954 [ACK] Seq=391150 Ack=144 Win=65024 Len=1448 TSval=2916035985 TSecr=3045555759 [TCP segment of a reassembled PDU]"
"25891","31.904612626","192.168.1.55","192.168.1.2","TCP","1514","8004  >  35954 [ACK] Seq=392598 Ack=144 Win=65024 Len=1448 TSval=2916035985 TSecr=3045555759 [TCP segment of a reassembled PDU]"
"25892","31.904613922","192.168.1.55","192.168.1.2","TCP","1514","8004  >  35954 [ACK] Seq=394046 Ack=144 Win=65024 Len=1448 TSval=2916035985 TSecr=3045555759 [TCP segment of a reassembled PDU]"
"25893","31.904615311","192.168.1.55","192.168.1.2","TCP","1514","8004  >  35954 [ACK] Seq=395494 Ack=144 Win=65024 Len=1448 TSval=2916035985 TSecr=3045555759 [TCP segment of a reassembled PDU]"
"25894","31.904616626","192.168.1.55","192.168.1.2","TCP","1514","8004  >  35954 [ACK] Seq=396942 Ack=144 Win=65024 Len=1448 TSval=2916035985 TSecr=3045555759 [TCP segment of a reassembled PDU]"
"25895","31.904618441","192.168.1.55","192.168.1.2","TCP","1514","8004  >  35954 [ACK] Seq=398390 Ack=144 Win=65024 Len=1448 TSval=2916035985 TSecr=3045555759 [TCP segment of a reassembled PDU]"
"25896","31.904619848","192.168.1.55","192.168.1.2","TCP","1514","8004  >  35954 [ACK] Seq=399838 Ack=144 Win=65024 Len=1448 TSval=2916035985 TSecr=3045555759 [TCP segment of a reassembled PDU]"
"25897","31.904621163","192.168.1.55","192.168.1.2","TCP","1514","8004  >  35954 [ACK] Seq=401286 Ack=144 Win=65024 Len=1448 TSval=2916035985 TSecr=3045555759 [TCP segment of a reassembled PDU]"
"25898","31.904622681","192.168.1.55","192.168.1.2","TCP","1514","8004  >  35954 [ACK] Seq=402734 Ack=144 Win=65024 Len=1448 TSval=2916035985 TSecr=3045555759 [TCP segment of a reassembled PDU]"
"25899","31.904623941","192.168.1.55","192.168.1.2","TCP","1514","8004  >  35954 [ACK] Seq=404182 Ack=144 Win=65024 Len=1448 TSval=2916035985 TSecr=3045555759 [TCP segment of a reassembled PDU]"
"25900","31.904626089","192.168.1.55","192.168.1.2","TCP","1514","8004  >  35954 [ACK] Seq=405630 Ack=144 Win=65024 Len=1448 TSval=2916035985 TSecr=3045555759 [TCP segment of a reassembled PDU]"
"25901","31.904627441","192.168.1.55","192.168.1.2","TCP","1514","8004  >  35954 [ACK] Seq=407078 Ack=144 Win=65024 Len=1448 TSval=2916035985 TSecr=3045555759 [TCP segment of a reassembled PDU]"
"25902","31.904628959","192.168.1.55","192.168.1.2","TCP","1514","8004  >  35954 [ACK] Seq=408526 Ack=144 Win=65024 Len=1448 TSval=2916035985 TSecr=3045555759 [TCP segment of a reassembled PDU]"
"25903","31.904630385","192.168.1.55","192.168.1.2","TCP","1514","8004  >  35954 [ACK] Seq=409974 Ack=144 Win=65024 Len=1448 TSval=2916035985 TSecr=3045555759 [TCP segment of a reassembled PDU]"
"25904","31.904631737","192.168.1.55","192.168.1.2","TCP","1514","8004  >  35954 [ACK] Seq=411422 Ack=144 Win=65024 Len=1448 TSval=2916035985 TSecr=3045555759 [TCP segment of a reassembled PDU]"
"25905","31.904633107","192.168.1.55","192.168.1.2","TCP","1514","8004  >  35954 [ACK] Seq=412870 Ack=144 Win=65024 Len=1448 TSval=2916035985 TSecr=3045555759 [TCP segment of a reassembled PDU]"
"25906","31.904634441","192.168.1.55","192.168.1.2","TCP","1514","8004  >  35954 [ACK] Seq=414318 Ack=144 Win=65024 Len=1448 TSval=2916035985 TSecr=3045555759 [TCP segment of a reassembled PDU]"
"25907","31.904635848","192.168.1.55","192.168.1.2","TCP","1514","8004  >  35954 [ACK] Seq=415766 Ack=144 Win=65024 Len=1448 TSval=2916035985 TSecr=3045555759 [TCP segment of a reassembled PDU]"
"25908","31.904637533","192.168.1.55","192.168.1.2","TCP","1514","8004  >  35954 [ACK] Seq=417214 Ack=144 Win=65024 Len=1448 TSval=2916035985 TSecr=3045555759 [TCP segment of a reassembled PDU]"
"25909","31.904638829","192.168.1.55","192.168.1.2","TCP","1514","8004  >  35954 [ACK] Seq=418662 Ack=144 Win=65024 Len=1448 TSval=2916035985 TSecr=3045555759 [TCP segment of a reassembled PDU]"
"25910","31.904640478","192.168.1.55","192.168.1.2","TCP","1514","8004  >  35954 [ACK] Seq=420110 Ack=144 Win=65024 Len=1448 TSval=2916035985 TSecr=3045555759 [TCP segment of a reassembled PDU]"
"25911","31.904641774","192.168.1.55","192.168.1.2","TCP","1514","8004  >  35954 [ACK] Seq=421558 Ack=144 Win=65024 Len=1448 TSval=2916035985 TSecr=3045555759 [TCP segment of a reassembled PDU]"
"25912","31.904643255","192.168.1.55","192.168.1.2","TCP","1514","8004  >  35954 [ACK] Seq=423006 Ack=144 Win=65024 Len=1448 TSval=2916035985 TSecr=3045555759 [TCP segment of a reassembled PDU]"
"25913","31.904644663","192.168.1.55","192.168.1.2","TCP","1514","8004  >  35954 [ACK] Seq=424454 Ack=144 Win=65024 Len=1448 TSval=2916035985 TSecr=3045555759 [TCP segment of a reassembled PDU]"
"25914","31.904645959","192.168.1.55","192.168.1.2","TCP","1514","8004  >  35954 [ACK] Seq=425902 Ack=144 Win=65024 Len=1448 TSval=2916035985 TSecr=3045555759 [TCP segment of a reassembled PDU]"
"25915","31.904647255","192.168.1.55","192.168.1.2","TCP","1514","8004  >  35954 [ACK] Seq=427350 Ack=144 Win=65024 Len=1448 TSval=2916035985 TSecr=3045555759 [TCP segment of a reassembled PDU]"
"25916","31.904653070","192.168.1.55","192.168.1.2","TCP","1514","8004  >  35954 [ACK] Seq=428798 Ack=144 Win=65024 Len=1448 TSval=2916035985 TSecr=3045555759 [TCP segment of a reassembled PDU]"
"25917","31.904654607","192.168.1.55","192.168.1.2","TCP","1514","8004  >  35954 [ACK] Seq=430246 Ack=144 Win=65024 Len=1448 TSval=2916035985 TSecr=3045555759 [TCP segment of a reassembled PDU]"
"25918","31.904656200","192.168.1.55","192.168.1.2","TCP","1514","8004  >  35954 [ACK] Seq=431694 Ack=144 Win=65024 Len=1448 TSval=2916035985 TSecr=3045555759 [TCP segment of a reassembled PDU]"
"25919","31.904658033","192.168.1.55","192.168.1.2","TCP","1514","8004  >  35954 [PSH, ACK] Seq=433142 Ack=144 Win=65024 Len=1448 TSval=2916035985 TSecr=3045555759 [TCP segment of a reassembled PDU]"
"25920","31.912030675","192.168.1.2","192.168.1.55","TCP","66","35954  >  8004 [ACK] Seq=144 Ack=296694 Win=147456 Len=0 TSval=3045555766 TSecr=2916035983"
"25921","31.912077267","192.168.1.55","192.168.1.2","TCP","1514","8004  >  35954 [ACK] Seq=434590 Ack=144 Win=65024 Len=1448 TSval=2916035992 TSecr=3045555766 [TCP segment of a reassembled PDU]"
"25922","31.912180934","192.168.1.2","192.168.1.55","TCP","66","35954  >  8004 [ACK] Seq=144 Ack=297030 Win=161792 Len=0 TSval=3045555767 TSecr=2916035983"
"25923","31.912188916","192.168.1.2","192.168.1.55","TCP","66","35954  >  8004 [ACK] Seq=144 Ack=343366 Win=123904 Len=0 TSval=3045555767 TSecr=2916035984"
"25924","31.912195693","192.168.1.2","192.168.1.55","TCP","66","35954  >  8004 [ACK] Seq=144 Ack=376670 Win=136192 Len=0 TSval=3045555767 TSecr=2916035985"
"25925","31.912246212","192.168.1.55","192.168.1.2","TCP","1514","8004  >  35954 [ACK] Seq=436038 Ack=144 Win=65024 Len=1448 TSval=2916035992 TSecr=3045555767 [TCP segment of a reassembled PDU]"
"25926","31.912248656","192.168.1.55","192.168.1.2","TCP","1514","8004  >  35954 [ACK] Seq=437486 Ack=144 Win=65024 Len=1448 TSval=2916035992 TSecr=3045555767 [TCP segment of a reassembled PDU]"
"25927","31.912250045","192.168.1.55","192.168.1.2","TCP","1514","8004  >  35954 [ACK] Seq=438934 Ack=144 Win=65024 Len=1448 TSval=2916035992 TSecr=3045555767 [TCP segment of a reassembled PDU]"
"25928","31.912251416","192.168.1.55","192.168.1.2","TCP","1514","8004  >  35954 [ACK] Seq=440382 Ack=144 Win=65024 Len=1448 TSval=2916035992 TSecr=3045555767 [TCP segment of a reassembled PDU]"
"25929","31.912252823","192.168.1.55","192.168.1.2","TCP","1514","8004  >  35954 [ACK] Seq=441830 Ack=144 Win=65024 Len=1448 TSval=2916035992 TSecr=3045555767 [TCP segment of a reassembled PDU]"
"25930","31.912254342","192.168.1.55","192.168.1.2","TCP","1514","8004  >  35954 [ACK] Seq=443278 Ack=144 Win=65024 Len=1448 TSval=2916035992 TSecr=3045555767 [TCP segment of a reassembled PDU]"
"25931","31.912255693","192.168.1.55","192.168.1.2","TCP","1514","8004  >  35954 [ACK] Seq=444726 Ack=144 Win=65024 Len=1448 TSval=2916035992 TSecr=3045555767 [TCP segment of a reassembled PDU]"
"25932","31.912257286","192.168.1.55","192.168.1.2","TCP","1514","8004  >  35954 [ACK] Seq=446174 Ack=144 Win=65024 Len=1448 TSval=2916035992 TSecr=3045555767 [TCP segment of a reassembled PDU]"
"25933","31.912258786","192.168.1.55","192.168.1.2","TCP","1514","8004  >  35954 [ACK] Seq=447622 Ack=144 Win=65024 Len=1448 TSval=2916035992 TSecr=3045555767 [TCP segment of a reassembled PDU]"
"25934","31.912260286","192.168.1.55","192.168.1.2","TCP","1514","8004  >  35954 [ACK] Seq=449070 Ack=144 Win=65024 Len=1448 TSval=2916035992 TSecr=3045555767 [TCP segment of a reassembled PDU]"
"25935","31.912261638","192.168.1.55","192.168.1.2","TCP","1514","8004  >  35954 [ACK] Seq=450518 Ack=144 Win=65024 Len=1448 TSval=2916035992 TSecr=3045555767 [TCP segment of a reassembled PDU]"
"25936","31.912263101","192.168.1.55","192.168.1.2","TCP","1514","8004  >  35954 [ACK] Seq=451966 Ack=144 Win=65024 Len=1448 TSval=2916035992 TSecr=3045555767 [TCP segment of a reassembled PDU]"
"25937","31.912264508","192.168.1.55","192.168.1.2","TCP","1514","8004  >  35954 [ACK] Seq=453414 Ack=144 Win=65024 Len=1448 TSval=2916035992 TSecr=3045555767 [TCP segment of a reassembled PDU]"
"25938","31.912265953","192.168.1.55","192.168.1.2","TCP","1514","8004  >  35954 [ACK] Seq=454862 Ack=144 Win=65024 Len=1448 TSval=2916035992 TSecr=3045555767 [TCP segment of a reassembled PDU]"
"25939","31.912267379","192.168.1.55","192.168.1.2","TCP","1514","8004  >  35954 [ACK] Seq=456310 Ack=144 Win=65024 Len=1448 TSval=2916035992 TSecr=3045555767 [TCP segment of a reassembled PDU]"
"25940","31.912269008","192.168.1.55","192.168.1.2","TCP","1514","8004  >  35954 [ACK] Seq=457758 Ack=144 Win=65024 Len=1448 TSval=2916035992 TSecr=3045555767 [TCP segment of a reassembled PDU]"
"25941","31.912270638","192.168.1.55","192.168.1.2","TCP","1514","8004  >  35954 [ACK] Seq=459206 Ack=144 Win=65024 Len=1448 TSval=2916035992 TSecr=3045555767 [TCP segment of a reassembled PDU]"
"25942","31.912272064","192.168.1.55","192.168.1.2","TCP","1514","8004  >  35954 [ACK] Seq=460654 Ack=144 Win=65024 Len=1448 TSval=2916035992 TSecr=3045555767 [TCP segment of a reassembled PDU]"
"25943","31.912273564","192.168.1.55","192.168.1.2","TCP","1514","8004  >  35954 [ACK] Seq=462102 Ack=144 Win=65024 Len=1448 TSval=2916035992 TSecr=3045555767 [TCP segment of a reassembled PDU]"
"25944","31.912275045","192.168.1.55","192.168.1.2","TCP","1514","8004  >  35954 [ACK] Seq=463550 Ack=144 Win=65024 Len=1448 TSval=2916035992 TSecr=3045555767 [TCP segment of a reassembled PDU]"
"25945","31.912276693","192.168.1.55","192.168.1.2","TCP","1514","8004  >  35954 [ACK] Seq=464998 Ack=144 Win=65024 Len=1448 TSval=2916035992 TSecr=3045555767 [TCP segment of a reassembled PDU]"
"25946","31.912278045","192.168.1.55","192.168.1.2","TCP","1514","8004  >  35954 [ACK] Seq=466446 Ack=144 Win=65024 Len=1448 TSval=2916035992 TSecr=3045555767 [TCP segment of a reassembled PDU]"
"25947","31.912279638","192.168.1.55","192.168.1.2","TCP","1514","8004  >  35954 [ACK] Seq=467894 Ack=144 Win=65024 Len=1448 TSval=2916035992 TSecr=3045555767 [TCP segment of a reassembled PDU]"
"25948","31.912281230","192.168.1.55","192.168.1.2","TCP","1514","8004  >  35954 [ACK] Seq=469342 Ack=144 Win=65024 Len=1448 TSval=2916035992 TSecr=3045555767 [TCP segment of a reassembled PDU]"
"25949","31.912282842","192.168.1.55","192.168.1.2","TCP","1514","8004  >  35954 [ACK] Seq=470790 Ack=144 Win=65024 Len=1448 TSval=2916035992 TSecr=3045555767 [TCP segment of a reassembled PDU]"
"25950","31.912284268","192.168.1.55","192.168.1.2","TCP","1514","8004  >  35954 [ACK] Seq=472238 Ack=144 Win=65024 Len=1448 TSval=2916035992 TSecr=3045555767 [TCP segment of a reassembled PDU]"
"25951","31.912285619","192.168.1.55","192.168.1.2","TCP","1514","8004  >  35954 [ACK] Seq=473686 Ack=144 Win=65024 Len=1448 TSval=2916035992 TSecr=3045555767 [TCP segment of a reassembled PDU]"
"25952","31.912287268","192.168.1.55","192.168.1.2","TCP","1514","8004  >  35954 [ACK] Seq=475134 Ack=144 Win=65024 Len=1448 TSval=2916035992 TSecr=3045555767 [TCP segment of a reassembled PDU]"
"25953","31.912288749","192.168.1.55","192.168.1.2","TCP","1514","8004  >  35954 [ACK] Seq=476582 Ack=144 Win=65024 Len=1448 TSval=2916035992 TSecr=3045555767 [TCP segment of a reassembled PDU]"
"25954","31.912290101","192.168.1.55","192.168.1.2","TCP","1514","8004  >  35954 [ACK] Seq=478030 Ack=144 Win=65024 Len=1448 TSval=2916035992 TSecr=3045555767 [TCP segment of a reassembled PDU]"
"25955","31.912297323","192.168.1.55","192.168.1.2","TCP","1514","8004  >  35954 [ACK] Seq=479478 Ack=144 Win=65024 Len=1448 TSval=2916035992 TSecr=3045555767 [TCP segment of a reassembled PDU]"
"25956","31.912298971","192.168.1.55","192.168.1.2","TCP","1514","8004  >  35954 [PSH, ACK] Seq=480926 Ack=144 Win=65024 Len=1448 TSval=2916035992 TSecr=3045555767 [TCP segment of a reassembled PDU]"
"25957","31.912320656","192.168.1.55","192.168.1.2","TCP","1514","8004  >  35954 [ACK] Seq=482374 Ack=144 Win=65024 Len=1448 TSval=2916035992 TSecr=3045555767 [TCP segment of a reassembled PDU]"
"25958","31.912322656","192.168.1.55","192.168.1.2","TCP","1514","8004  >  35954 [ACK] Seq=483822 Ack=144 Win=65024 Len=1448 TSval=2916035992 TSecr=3045555767 [TCP segment of a reassembled PDU]"
"25959","31.912324008","192.168.1.55","192.168.1.2","TCP","1514","8004  >  35954 [ACK] Seq=485270 Ack=144 Win=65024 Len=1448 TSval=2916035992 TSecr=3045555767 [TCP segment of a reassembled PDU]"
"25960","31.912325397","192.168.1.55","192.168.1.2","TCP","1514","8004  >  35954 [ACK] Seq=486718 Ack=144 Win=65024 Len=1448 TSval=2916035992 TSecr=3045555767 [TCP segment of a reassembled PDU]"
"25961","31.912326675","192.168.1.55","192.168.1.2","TCP","1514","8004  >  35954 [ACK] Seq=488166 Ack=144 Win=65024 Len=1448 TSval=2916035992 TSecr=3045555767 [TCP segment of a reassembled PDU]"
"25962","31.912327990","192.168.1.55","192.168.1.2","TCP","1514","8004  >  35954 [ACK] Seq=489614 Ack=144 Win=65024 Len=1448 TSval=2916035992 TSecr=3045555767 [TCP segment of a reassembled PDU]"
"25963","31.912329490","192.168.1.55","192.168.1.2","TCP","1514","8004  >  35954 [ACK] Seq=491062 Ack=144 Win=65024 Len=1448 TSval=2916035992 TSecr=3045555767 [TCP segment of a reassembled PDU]"
"25964","31.912330879","192.168.1.55","192.168.1.2","TCP","1514","8004  >  35954 [ACK] Seq=492510 Ack=144 Win=65024 Len=1448 TSval=2916035992 TSecr=3045555767 [TCP segment of a reassembled PDU]"
"25965","31.912332305","192.168.1.55","192.168.1.2","TCP","1514","8004  >  35954 [ACK] Seq=493958 Ack=144 Win=65024 Len=1448 TSval=2916035992 TSecr=3045555767 [TCP segment of a reassembled PDU]"
"25966","31.912333786","192.168.1.55","192.168.1.2","TCP","1514","8004  >  35954 [ACK] Seq=495406 Ack=144 Win=65024 Len=1448 TSval=2916035992 TSecr=3045555767 [TCP segment of a reassembled PDU]"
"25967","31.912335342","192.168.1.55","192.168.1.2","TCP","1514","8004  >  35954 [ACK] Seq=496854 Ack=144 Win=65024 Len=1448 TSval=2916035992 TSecr=3045555767 [TCP segment of a reassembled PDU]"
"25968","31.912337231","192.168.1.55","192.168.1.2","HTTP","222","HTTP/1.0 200 OK  (PNG)"
"25969","31.912398768","192.168.1.2","192.168.1.55","TCP","66","35954  >  8004 [ACK] Seq=144 Ack=389702 Win=156672 Len=0 TSval=3045555767 TSecr=2916035985"
"25970","31.912409249","192.168.1.2","192.168.1.55","TCP","66","35954  >  8004 [ACK] Seq=144 Ack=428798 Win=131072 Len=0 TSval=3045555767 TSecr=2916035985"
"25971","31.912467046","192.168.1.2","192.168.1.55","TCP","66","35954  >  8004 [ACK] Seq=144 Ack=434590 Win=159744 Len=0 TSval=3045555768 TSecr=2916035985"
"25972","31.917232886","192.168.1.2","192.168.1.55","TCP","66","35954  >  8004 [ACK] Seq=144 Ack=436038 Win=164864 Len=0 TSval=3045555772 TSecr=2916035992"
"25973","31.917391776","192.168.1.2","192.168.1.55","TCP","66","35954  >  8004 [ACK] Seq=144 Ack=482374 Win=164864 Len=0 TSval=3045555772 TSecr=2916035992"
"25974","31.917404887","192.168.1.2","192.168.1.55","TCP","66","35954  >  8004 [ACK] Seq=144 Ack=492510 Win=185344 Len=0 TSval=3045555772 TSecr=2916035992"
"25975","31.917409535","192.168.1.2","192.168.1.55","TCP","66","35954  >  8004 [ACK] Seq=144 Ack=498302 Win=196608 Len=0 TSval=3045555773 TSecr=2916035992"
"25976","31.919164334","192.168.1.2","192.168.1.55","TCP","66","35954  >  8004 [FIN, ACK] Seq=144 Ack=498459 Win=199680 Len=0 TSval=3045555774 TSecr=2916035992"
"25977","31.919181167","192.168.1.55","192.168.1.2","TCP","66","8004  >  35954 [ACK] Seq=498459 Ack=145 Win=65024 Len=0 TSval=2916035999 TSecr=3045555774"
"25978","31.919271167","192.168.1.2","192.168.1.55","TCP","74","35960  >  8004 [SYN] Seq=0 Win=64240 Len=0 MSS=1460 SACK_PERM TSval=3045555774 TSecr=0 WS=1024"
"25979","31.919297223","192.168.1.55","192.168.1.2","TCP","74","8004  >  35960 [SYN, ACK] Seq=0 Ack=1 Win=65160 Len=0 MSS=1460 SACK_PERM TSval=2916035999 TSecr=3045555774 WS=128"
"25980","31.922441858","192.168.1.2","192.168.1.55","TCP","66","35960  >  8004 [ACK] Seq=1 Ack=1 Win=64512 Len=0 TSval=3045555777 TSecr=2916035999"
"25981","31.922865229","192.168.1.2","192.168.1.55","HTTP","206","GET /stego_benchmark.png HTTP/1.1 "
"25982","31.922890377","192.168.1.55","192.168.1.2","TCP","66","8004  >  35960 [ACK] Seq=1 Ack=141 Win=65024 Len=0 TSval=2916036003 TSecr=3045555777"
"25983","31.923395118","192.168.1.55","192.168.1.2","TCP","255","8004  >  35960 [PSH, ACK] Seq=1 Ack=141 Win=65024 Len=189 TSval=2916036004 TSecr=3045555777 [TCP segment of a reassembled PDU]"
"25984","31.923520507","192.168.1.55","192.168.1.2","TCP","1514","8004  >  35960 [ACK] Seq=190 Ack=141 Win=65024 Len=1448 TSval=2916036004 TSecr=3045555777 [TCP segment of a reassembled PDU]"
"25985","31.923525545","192.168.1.55","192.168.1.2","TCP","1514","8004  >  35960 [ACK] Seq=1638 Ack=141 Win=65024 Len=1448 TSval=2916036004 TSecr=3045555777 [TCP segment of a reassembled PDU]"
"25986","31.923526822","192.168.1.55","192.168.1.2","TCP","1514","8004  >  35960 [ACK] Seq=3086 Ack=141 Win=65024 Len=1448 TSval=2916036004 TSecr=3045555777 [TCP segment of a reassembled PDU]"
"25987","31.923528193","192.168.1.55","192.168.1.2","TCP","1514","8004  >  35960 [ACK] Seq=4534 Ack=141 Win=65024 Len=1448 TSval=2916036004 TSecr=3045555777 [TCP segment of a reassembled PDU]"
"25988","31.923529822","192.168.1.55","192.168.1.2","TCP","1514","8004  >  35960 [PSH, ACK] Seq=5982 Ack=141 Win=65024 Len=1448 TSval=2916036004 TSecr=3045555777 [TCP segment of a reassembled PDU]"
"25989","31.923552045","192.168.1.55","192.168.1.2","TCP","1514","8004  >  35960 [ACK] Seq=7430 Ack=141 Win=65024 Len=1448 TSval=2916036004 TSecr=3045555777 [TCP segment of a reassembled PDU]"
"25990","31.923554045","192.168.1.55","192.168.1.2","TCP","1514","8004  >  35960 [ACK] Seq=8878 Ack=141 Win=65024 Len=1448 TSval=2916036004 TSecr=3045555777 [TCP segment of a reassembled PDU]"
"25991","31.923555322","192.168.1.55","192.168.1.2","TCP","1514","8004  >  35960 [ACK] Seq=10326 Ack=141 Win=65024 Len=1448 TSval=2916036004 TSecr=3045555777 [TCP segment of a reassembled PDU]"
"25992","31.923556933","192.168.1.55","192.168.1.2","TCP","1514","8004  >  35960 [PSH, ACK] Seq=11774 Ack=141 Win=65024 Len=1448 TSval=2916036004 TSecr=3045555777 [TCP segment of a reassembled PDU]"
"25993","31.926990809","192.168.1.2","192.168.1.55","TCP","66","35960  >  8004 [ACK] Seq=141 Ack=190 Win=64512 Len=0 TSval=3045555781 TSecr=2916036004"
"25994","31.927049772","192.168.1.55","192.168.1.2","TCP","1514","8004  >  35960 [ACK] Seq=13222 Ack=141 Win=65024 Len=1448 TSval=2916036007 TSecr=3045555781 [TCP segment of a reassembled PDU]"
"25995","31.927054939","192.168.1.55","192.168.1.2","TCP","1514","8004  >  35960 [PSH, ACK] Seq=14670 Ack=141 Win=65024 Len=1448 TSval=2916036007 TSecr=3045555781 [TCP segment of a reassembled PDU]"
"25996","31.927085828","192.168.1.2","192.168.1.55","TCP","66","35960  >  8004 [ACK] Seq=141 Ack=4534 Win=64512 Len=0 TSval=3045555781 TSecr=2916036004"
"25997","31.927107939","192.168.1.55","192.168.1.2","TCP","1514","8004  >  35960 [ACK] Seq=16118 Ack=141 Win=65024 Len=1448 TSval=2916036007 TSecr=3045555781 [TCP segment of a reassembled PDU]"
"25998","31.927110976","192.168.1.55","192.168.1.2","TCP","1514","8004  >  35960 [ACK] Seq=17566 Ack=141 Win=65024 Len=1448 TSval=2916036007 TSecr=3045555781 [TCP segment of a reassembled PDU]"
"25999","31.927112384","192.168.1.55","192.168.1.2","TCP","1514","8004  >  35960 [ACK] Seq=19014 Ack=141 Win=65024 Len=1448 TSval=2916036007 TSecr=3045555781 [TCP segment of a reassembled PDU]"
"26000","31.927113532","192.168.1.55","192.168.1.2","TCP","1514","8004  >  35960 [ACK] Seq=20462 Ack=141 Win=65024 Len=1448 TSval=2916036007 TSecr=3045555781 [TCP segment of a reassembled PDU]"
"26001","31.927114717","192.168.1.55","192.168.1.2","TCP","1514","8004  >  35960 [ACK] Seq=21910 Ack=141 Win=65024 Len=1448 TSval=2916036007 TSecr=3045555781 [TCP segment of a reassembled PDU]"
"26002","31.927115995","192.168.1.55","192.168.1.2","TCP","1514","8004  >  35960 [PSH, ACK] Seq=23358 Ack=141 Win=65024 Len=1448 TSval=2916036007 TSecr=3045555781 [TCP segment of a reassembled PDU]"
"26003","31.930404444","192.168.1.2","192.168.1.55","TCP","66","35960  >  8004 [ACK] Seq=141 Ack=7430 Win=67584 Len=0 TSval=3045555782 TSecr=2916036004"
"26004","31.930461222","192.168.1.55","192.168.1.2","TCP","1514","8004  >  35960 [ACK] Seq=24806 Ack=141 Win=65024 Len=1448 TSval=2916036011 TSecr=3045555782 [TCP segment of a reassembled PDU]"
"26005","31.930467130","192.168.1.55","192.168.1.2","TCP","1514","8004  >  35960 [ACK] Seq=26254 Ack=141 Win=65024 Len=1448 TSval=2916036011 TSecr=3045555782 [TCP segment of a reassembled PDU]"
"26006","31.930468370","192.168.1.55","192.168.1.2","TCP","1514","8004  >  35960 [ACK] Seq=27702 Ack=141 Win=65024 Len=1448 TSval=2916036011 TSecr=3045555782 [TCP segment of a reassembled PDU]"
"26007","31.930469481","192.168.1.55","192.168.1.2","TCP","1514","8004  >  35960 [PSH, ACK] Seq=29150 Ack=141 Win=65024 Len=1448 TSval=2916036011 TSecr=3045555782 [TCP segment of a reassembled PDU]"
"26008","31.930497944","192.168.1.2","192.168.1.55","TCP","66","35960  >  8004 [ACK] Seq=141 Ack=13222 Win=65536 Len=0 TSval=3045555782 TSecr=2916036004"
"26009","31.930524130","192.168.1.55","192.168.1.2","TCP","1514","8004  >  35960 [ACK] Seq=30598 Ack=141 Win=65024 Len=1448 TSval=2916036011 TSecr=3045555782 [TCP segment of a reassembled PDU]"
"26010","31.930526148","192.168.1.55","192.168.1.2","TCP","1514","8004  >  35960 [ACK] Seq=32046 Ack=141 Win=65024 Len=1448 TSval=2916036011 TSecr=3045555782 [TCP segment of a reassembled PDU]"
"26011","31.930527482","192.168.1.55","192.168.1.2","TCP","1514","8004  >  35960 [ACK] Seq=33494 Ack=141 Win=65024 Len=1448 TSval=2916036011 TSecr=3045555782 [TCP segment of a reassembled PDU]"
"26012","31.930528500","192.168.1.55","192.168.1.2","TCP","1514","8004  >  35960 [ACK] Seq=34942 Ack=141 Win=65024 Len=1448 TSval=2916036011 TSecr=3045555782 [TCP segment of a reassembled PDU]"
"26013","31.930529815","192.168.1.55","192.168.1.2","TCP","1514","8004  >  35960 [ACK] Seq=36390 Ack=141 Win=65024 Len=1448 TSval=2916036011 TSecr=3045555782 [TCP segment of a reassembled PDU]"
"26014","31.930530889","192.168.1.55","192.168.1.2","TCP","1514","8004  >  35960 [ACK] Seq=37838 Ack=141 Win=65024 Len=1448 TSval=2916036011 TSecr=3045555782 [TCP segment of a reassembled PDU]"
"26015","31.930531926","192.168.1.55","192.168.1.2","TCP","1514","8004  >  35960 [ACK] Seq=39286 Ack=141 Win=65024 Len=1448 TSval=2916036011 TSecr=3045555782 [TCP segment of a reassembled PDU]"
"26016","31.930533333","192.168.1.55","192.168.1.2","TCP","1514","8004  >  35960 [PSH, ACK] Seq=40734 Ack=141 Win=65024 Len=1448 TSval=2916036011 TSecr=3045555782 [TCP segment of a reassembled PDU]"
"26017","31.930601111","192.168.1.2","192.168.1.55","TCP","66","35960  >  8004 [ACK] Seq=141 Ack=14670 Win=66560 Len=0 TSval=3045555785 TSecr=2916036007"
"26018","31.930618648","192.168.1.55","192.168.1.2","TCP","1514","8004  >  35960 [ACK] Seq=42182 Ack=141 Win=65024 Len=1448 TSval=2916036011 TSecr=3045555785 [TCP segment of a reassembled PDU]"
"26019","31.930621259","192.168.1.55","192.168.1.2","TCP","1514","8004  >  35960 [PSH, ACK] Seq=43630 Ack=141 Win=65024 Len=1448 TSval=2916036011 TSecr=3045555785 [TCP segment of a reassembled PDU]"
"26020","31.930625722","192.168.1.2","192.168.1.55","TCP","66","35960  >  8004 [ACK] Seq=141 Ack=16118 Win=68608 Len=0 TSval=3045555786 TSecr=2916036007"
"26021","31.930642834","192.168.1.2","192.168.1.55","TCP","66","35960  >  8004 [ACK] Seq=141 Ack=24806 Win=62464 Len=0 TSval=3045555786 TSecr=2916036007"
"26022","31.930676630","192.168.1.55","192.168.1.2","TCP","1514","8004  >  35960 [ACK] Seq=45078 Ack=141 Win=65024 Len=1448 TSval=2916036011 TSecr=3045555786 [TCP segment of a reassembled PDU]"
"26023","31.930679648","192.168.1.55","192.168.1.2","TCP","1514","8004  >  35960 [ACK] Seq=46526 Ack=141 Win=65024 Len=1448 TSval=2916036011 TSecr=3045555786 [TCP segment of a reassembled PDU]"
"26024","31.930681352","192.168.1.55","192.168.1.2","TCP","1514","8004  >  35960 [ACK] Seq=47974 Ack=141 Win=65024 Len=1448 TSval=2916036011 TSecr=3045555786 [TCP segment of a reassembled PDU]"
"26025","31.930682723","192.168.1.55","192.168.1.2","TCP","1514","8004  >  35960 [ACK] Seq=49422 Ack=141 Win=65024 Len=1448 TSval=2916036011 TSecr=3045555786 [TCP segment of a reassembled PDU]"
"26026","31.930684019","192.168.1.55","192.168.1.2","TCP","1514","8004  >  35960 [ACK] Seq=50870 Ack=141 Win=65024 Len=1448 TSval=2916036011 TSecr=3045555786 [TCP segment of a reassembled PDU]"
"26027","31.930685204","192.168.1.55","192.168.1.2","TCP","1514","8004  >  35960 [ACK] Seq=52318 Ack=141 Win=65024 Len=1448 TSval=2916036011 TSecr=3045555786 [TCP segment of a reassembled PDU]"
"26028","31.930686371","192.168.1.55","192.168.1.2","TCP","1514","8004  >  35960 [ACK] Seq=53766 Ack=141 Win=65024 Len=1448 TSval=2916036011 TSecr=3045555786 [TCP segment of a reassembled PDU]"
"26029","31.930687556","192.168.1.55","192.168.1.2","TCP","1514","8004  >  35960 [ACK] Seq=55214 Ack=141 Win=65024 Len=1448 TSval=2916036011 TSecr=3045555786 [TCP segment of a reassembled PDU]"
"26030","31.930688834","192.168.1.55","192.168.1.2","TCP","1514","8004  >  35960 [ACK] Seq=56662 Ack=141 Win=65024 Len=1448 TSval=2916036011 TSecr=3045555786 [TCP segment of a reassembled PDU]"
"26031","31.930690315","192.168.1.55","192.168.1.2","TCP","1514","8004  >  35960 [ACK] Seq=58110 Ack=141 Win=65024 Len=1448 TSval=2916036011 TSecr=3045555786 [TCP segment of a reassembled PDU]"
"26032","31.930691685","192.168.1.55","192.168.1.2","TCP","1514","8004  >  35960 [ACK] Seq=59558 Ack=141 Win=65024 Len=1448 TSval=2916036011 TSecr=3045555786 [TCP segment of a reassembled PDU]"
"26033","31.930692667","192.168.1.55","192.168.1.2","TCP","1514","8004  >  35960 [ACK] Seq=61006 Ack=141 Win=65024 Len=1448 TSval=2916036011 TSecr=3045555786 [TCP segment of a reassembled PDU]"
"26034","31.930693908","192.168.1.55","192.168.1.2","TCP","1514","8004  >  35960 [ACK] Seq=62454 Ack=141 Win=65024 Len=1448 TSval=2916036011 TSecr=3045555786 [TCP segment of a reassembled PDU]"
"26035","31.930695223","192.168.1.55","192.168.1.2","TCP","1514","8004  >  35960 [PSH, ACK] Seq=63902 Ack=141 Win=65024 Len=1448 TSval=2916036011 TSecr=3045555786 [TCP segment of a reassembled PDU]"
"26036","31.936131990","192.168.1.2","192.168.1.55","TCP","66","35960  >  8004 [ACK] Seq=141 Ack=30598 Win=65536 Len=0 TSval=3045555790 TSecr=2916036011"
"26037","31.936214453","192.168.1.55","192.168.1.2","TCP","1514","8004  >  35960 [ACK] Seq=65350 Ack=141 Win=65024 Len=1448 TSval=2916036016 TSecr=3045555790 [TCP segment of a reassembled PDU]"
"26038","31.936218972","192.168.1.55","192.168.1.2","TCP","1514","8004  >  35960 [ACK] Seq=66798 Ack=141 Win=65024 Len=1448 TSval=2916036016 TSecr=3045555790 [TCP segment of a reassembled PDU]"
"26039","31.936220361","192.168.1.55","192.168.1.2","TCP","1514","8004  >  35960 [ACK] Seq=68246 Ack=141 Win=65024 Len=1448 TSval=2916036016 TSecr=3045555790 [TCP segment of a reassembled PDU]"
"26040","31.936222287","192.168.1.55","192.168.1.2","TCP","1514","8004  >  35960 [ACK] Seq=69694 Ack=141 Win=65024 Len=1448 TSval=2916036016 TSecr=3045555790 [TCP segment of a reassembled PDU]"
"26041","31.936224065","192.168.1.55","192.168.1.2","TCP","1514","8004  >  35960 [ACK] Seq=71142 Ack=141 Win=65024 Len=1448 TSval=2916036016 TSecr=3045555790 [TCP segment of a reassembled PDU]"
"26042","31.936225379","192.168.1.55","192.168.1.2","TCP","1514","8004  >  35960 [ACK] Seq=72590 Ack=141 Win=65024 Len=1448 TSval=2916036016 TSecr=3045555790 [TCP segment of a reassembled PDU]"
"26043","31.936226361","192.168.1.55","192.168.1.2","TCP","1514","8004  >  35960 [ACK] Seq=74038 Ack=141 Win=65024 Len=1448 TSval=2916036016 TSecr=3045555790 [TCP segment of a reassembled PDU]"
"26044","31.936227305","192.168.1.55","192.168.1.2","TCP","1514","8004  >  35960 [PSH, ACK] Seq=75486 Ack=141 Win=65024 Len=1448 TSval=2916036016 TSecr=3045555790 [TCP segment of a reassembled PDU]"
"26045","31.936329806","192.168.1.2","192.168.1.55","TCP","66","35960  >  8004 [ACK] Seq=141 Ack=42182 Win=61440 Len=0 TSval=3045555790 TSecr=2916036011"
"26046","31.936387139","192.168.1.55","192.168.1.2","TCP","1514","8004  >  35960 [ACK] Seq=76934 Ack=141 Win=65024 Len=1448 TSval=2916036017 TSecr=3045555790 [TCP segment of a reassembled PDU]"
"26047","31.936389713","192.168.1.55","192.168.1.2","TCP","1514","8004  >  35960 [ACK] Seq=78382 Ack=141 Win=65024 Len=1448 TSval=2916036017 TSecr=3045555790 [TCP segment of a reassembled PDU]"
"26048","31.936390880","192.168.1.55","192.168.1.2","TCP","1514","8004  >  35960 [ACK] Seq=79830 Ack=141 Win=65024 Len=1448 TSval=2916036017 TSecr=3045555790 [TCP segment of a reassembled PDU]"
"26049","31.936392732","192.168.1.55","192.168.1.2","TCP","1514","8004  >  35960 [ACK] Seq=81278 Ack=141 Win=65024 Len=1448 TSval=2916036017 TSecr=3045555790 [TCP segment of a reassembled PDU]"
"26050","31.936394195","192.168.1.55","192.168.1.2","TCP","1514","8004  >  35960 [ACK] Seq=82726 Ack=141 Win=65024 Len=1448 TSval=2916036017 TSecr=3045555790 [TCP segment of a reassembled PDU]"
"26051","31.936395509","192.168.1.55","192.168.1.2","TCP","1514","8004  >  35960 [ACK] Seq=84174 Ack=141 Win=65024 Len=1448 TSval=2916036017 TSecr=3045555790 [TCP segment of a reassembled PDU]"
"26052","31.936396713","192.168.1.55","192.168.1.2","TCP","1514","8004  >  35960 [ACK] Seq=85622 Ack=141 Win=65024 Len=1448 TSval=2916036017 TSecr=3045555790 [TCP segment of a reassembled PDU]"
"26053","31.936397769","192.168.1.55","192.168.1.2","TCP","1514","8004  >  35960 [ACK] Seq=87070 Ack=141 Win=65024 Len=1448 TSval=2916036017 TSecr=3045555790 [TCP segment of a reassembled PDU]"
"26054","31.936399917","192.168.1.55","192.168.1.2","TCP","1514","8004  >  35960 [ACK] Seq=88518 Ack=141 Win=65024 Len=1448 TSval=2916036017 TSecr=3045555790 [TCP segment of a reassembled PDU]"
"26055","31.936401269","192.168.1.55","192.168.1.2","TCP","1514","8004  >  35960 [ACK] Seq=89966 Ack=141 Win=65024 Len=1448 TSval=2916036017 TSecr=3045555790 [TCP segment of a reassembled PDU]"
"26056","31.936402602","192.168.1.55","192.168.1.2","TCP","1514","8004  >  35960 [ACK] Seq=91414 Ack=141 Win=65024 Len=1448 TSval=2916036017 TSecr=3045555790 [TCP segment of a reassembled PDU]"
"26057","31.936403787","192.168.1.55","192.168.1.2","TCP","1514","8004  >  35960 [ACK] Seq=92862 Ack=141 Win=65024 Len=1448 TSval=2916036017 TSecr=3045555790 [TCP segment of a reassembled PDU]"
"26058","31.936405157","192.168.1.55","192.168.1.2","TCP","1514","8004  >  35960 [ACK] Seq=94310 Ack=141 Win=65024 Len=1448 TSval=2916036017 TSecr=3045555790 [TCP segment of a reassembled PDU]"
"26059","31.936407195","192.168.1.55","192.168.1.2","TCP","1514","8004  >  35960 [ACK] Seq=95758 Ack=141 Win=65024 Len=1448 TSval=2916036017 TSecr=3045555790 [TCP segment of a reassembled PDU]"
"26060","31.936408806","192.168.1.55","192.168.1.2","TCP","1514","8004  >  35960 [ACK] Seq=97206 Ack=141 Win=65024 Len=1448 TSval=2916036017 TSecr=3045555790 [TCP segment of a reassembled PDU]"
"26061","31.936409898","192.168.1.55","192.168.1.2","TCP","1514","8004  >  35960 [PSH, ACK] Seq=98654 Ack=141 Win=65024 Len=1448 TSval=2916036017 TSecr=3045555790 [TCP segment of a reassembled PDU]"
"26062","31.936416620","192.168.1.2","192.168.1.55","TCP","66","35960  >  8004 [ACK] Seq=141 Ack=45078 Win=59392 Len=0 TSval=3045555790 TSecr=2916036011"
"26063","31.936427324","192.168.1.2","192.168.1.55","TCP","66","35960  >  8004 [ACK] Seq=141 Ack=47974 Win=57344 Len=0 TSval=3045555790 TSecr=2916036011"
"26064","31.936486047","192.168.1.2","192.168.1.55","TCP","78","[TCP Dup ACK 26063#1] 35960  >  8004 [ACK] Seq=141 Ack=47974 Win=57344 Len=0 TSval=3045555790 TSecr=2916036011 SLE=59558 SRE=65350"
"26065","31.936491158","192.168.1.2","192.168.1.55","TCP","66","35960  >  8004 [ACK] Seq=141 Ack=65350 Win=57344 Len=0 TSval=3045555790 TSecr=2916036011"
"26066","31.936554695","192.168.1.55","192.168.1.2","TCP","1514","8004  >  35960 [ACK] Seq=100102 Ack=141 Win=65024 Len=1448 TSval=2916036017 TSecr=3045555790 [TCP segment of a reassembled PDU]"
"26067","31.936563473","192.168.1.55","192.168.1.2","TCP","1514","8004  >  35960 [ACK] Seq=101550 Ack=141 Win=65024 Len=1448 TSval=2916036017 TSecr=3045555790 [TCP segment of a reassembled PDU]"
"26068","31.936564917","192.168.1.55","192.168.1.2","TCP","1514","8004  >  35960 [ACK] Seq=102998 Ack=141 Win=65024 Len=1448 TSval=2916036017 TSecr=3045555790 [TCP segment of a reassembled PDU]"
"26069","31.936566417","192.168.1.55","192.168.1.2","TCP","938","8004  >  35960 [PSH, ACK] Seq=104446 Ack=141 Win=65024 Len=872 TSval=2916036017 TSecr=3045555790 [TCP segment of a reassembled PDU]"
"26070","31.937580789","192.168.1.55","192.168.1.2","TCP","1514","8004  >  35960 [ACK] Seq=105318 Ack=141 Win=65024 Len=1448 TSval=2916036018 TSecr=3045555790 [TCP segment of a reassembled PDU]"
"26071","31.937595808","192.168.1.55","192.168.1.2","TCP","1514","8004  >  35960 [ACK] Seq=106766 Ack=141 Win=65024 Len=1448 TSval=2916036018 TSecr=3045555790 [TCP segment of a reassembled PDU]"
"26072","31.937598882","192.168.1.55","192.168.1.2","TCP","1514","8004  >  35960 [PSH, ACK] Seq=108214 Ack=141 Win=65024 Len=1448 TSval=2916036018 TSecr=3045555790 [TCP segment of a reassembled PDU]"
"26073","31.937623863","192.168.1.55","192.168.1.2","TCP","642","8004  >  35960 [PSH, ACK] Seq=109662 Ack=141 Win=65024 Len=576 TSval=2916036018 TSecr=3045555790 [TCP segment of a reassembled PDU]"
"26074","31.937664548","192.168.1.55","192.168.1.2","TCP","1514","8004  >  35960 [ACK] Seq=110238 Ack=141 Win=65024 Len=1448 TSval=2916036018 TSecr=3045555790 [TCP segment of a reassembled PDU]"
"26075","31.937668345","192.168.1.55","192.168.1.2","TCP","1514","8004  >  35960 [ACK] Seq=111686 Ack=141 Win=65024 Len=1448 TSval=2916036018 TSecr=3045555790 [TCP segment of a reassembled PDU]"
"26076","31.937670085","192.168.1.55","192.168.1.2","TCP","1514","8004  >  35960 [ACK] Seq=113134 Ack=141 Win=65024 Len=1448 TSval=2916036018 TSecr=3045555790 [TCP segment of a reassembled PDU]"
"26077","31.937672456","192.168.1.55","192.168.1.2","TCP","1514","8004  >  35960 [ACK] Seq=114582 Ack=141 Win=65024 Len=1448 TSval=2916036018 TSecr=3045555790 [TCP segment of a reassembled PDU]"
"26078","31.937673863","192.168.1.55","192.168.1.2","TCP","1514","8004  >  35960 [ACK] Seq=116030 Ack=141 Win=65024 Len=1448 TSval=2916036018 TSecr=3045555790 [TCP segment of a reassembled PDU]"
"26079","31.937675530","192.168.1.55","192.168.1.2","TCP","1514","8004  >  35960 [ACK] Seq=117478 Ack=141 Win=65024 Len=1448 TSval=2916036018 TSecr=3045555790 [TCP segment of a reassembled PDU]"
"26080","31.937678678","192.168.1.55","192.168.1.2","TCP","1514","8004  >  35960 [ACK] Seq=118926 Ack=141 Win=65024 Len=1448 TSval=2916036018 TSecr=3045555790 [TCP segment of a reassembled PDU]"
"26081","31.937681400","192.168.1.55","192.168.1.2","TCP","1514","8004  >  35960 [PSH, ACK] Seq=120374 Ack=141 Win=65024 Len=1448 TSval=2916036018 TSecr=3045555790 [TCP segment of a reassembled PDU]"
"26082","31.942716908","192.168.1.2","192.168.1.55","TCP","66","35960  >  8004 [ACK] Seq=141 Ack=76934 Win=59392 Len=0 TSval=3045555795 TSecr=2916036016"
"26083","31.942820631","192.168.1.55","192.168.1.2","TCP","1514","8004  >  35960 [ACK] Seq=121822 Ack=141 Win=65024 Len=1448 TSval=2916036023 TSecr=3045555795 [TCP segment of a reassembled PDU]"
"26084","31.942828038","192.168.1.55","192.168.1.2","TCP","1514","8004  >  35960 [ACK] Seq=123270 Ack=141 Win=65024 Len=1448 TSval=2916036023 TSecr=3045555795 [TCP segment of a reassembled PDU]"
"26085","31.942829445","192.168.1.55","192.168.1.2","TCP","1514","8004  >  35960 [ACK] Seq=124718 Ack=141 Win=65024 Len=1448 TSval=2916036023 TSecr=3045555795 [TCP segment of a reassembled PDU]"
"26086","31.942830612","192.168.1.55","192.168.1.2","TCP","1514","8004  >  35960 [ACK] Seq=126166 Ack=141 Win=65024 Len=1448 TSval=2916036023 TSecr=3045555795 [TCP segment of a reassembled PDU]"
"26087","31.942831520","192.168.1.55","192.168.1.2","TCP","1514","8004  >  35960 [ACK] Seq=127614 Ack=141 Win=65024 Len=1448 TSval=2916036023 TSecr=3045555795 [TCP segment of a reassembled PDU]"
"26088","31.942833057","192.168.1.55","192.168.1.2","TCP","1514","8004  >  35960 [ACK] Seq=129062 Ack=141 Win=65024 Len=1448 TSval=2916036023 TSecr=3045555795 [TCP segment of a reassembled PDU]"
"26089","31.942834482","192.168.1.55","192.168.1.2","TCP","1514","8004  >  35960 [ACK] Seq=130510 Ack=141 Win=65024 Len=1448 TSval=2916036023 TSecr=3045555795 [TCP segment of a reassembled PDU]"
"26090","31.942836186","192.168.1.55","192.168.1.2","TCP","1514","8004  >  35960 [ACK] Seq=131958 Ack=141 Win=65024 Len=1448 TSval=2916036023 TSecr=3045555795 [TCP segment of a reassembled PDU]"
"26091","31.942837334","192.168.1.55","192.168.1.2","TCP","1514","8004  >  35960 [ACK] Seq=133406 Ack=141 Win=65024 Len=1448 TSval=2916036023 TSecr=3045555795 [TCP segment of a reassembled PDU]"
"26092","31.942838242","192.168.1.55","192.168.1.2","TCP","1514","8004  >  35960 [PSH, ACK] Seq=134854 Ack=141 Win=65024 Len=1448 TSval=2916036023 TSecr=3045555795 [TCP segment of a reassembled PDU]"
"26093","31.942917223","192.168.1.2","192.168.1.55","TCP","66","35960  >  8004 [ACK] Seq=141 Ack=100102 Win=41984 Len=0 TSval=3045555795 TSecr=2916036017"
"26094","31.942934909","192.168.1.2","192.168.1.55","TCP","66","35960  >  8004 [ACK] Seq=141 Ack=105318 Win=64512 Len=0 TSval=3045555796 TSecr=2916036017"
"26095","31.942951964","192.168.1.55","192.168.1.2","TCP","1514","8004  >  35960 [ACK] Seq=136302 Ack=141 Win=65024 Len=1448 TSval=2916036023 TSecr=3045555796 [TCP segment of a reassembled PDU]"
"26096","31.942954909","192.168.1.55","192.168.1.2","TCP","1514","8004  >  35960 [ACK] Seq=137750 Ack=141 Win=65024 Len=1448 TSval=2916036023 TSecr=3045555796 [TCP segment of a reassembled PDU]"
"26097","31.942955946","192.168.1.55","192.168.1.2","TCP","1514","8004  >  35960 [ACK] Seq=139198 Ack=141 Win=65024 Len=1448 TSval=2916036023 TSecr=3045555796 [TCP segment of a reassembled PDU]"
"26098","31.942957390","192.168.1.55","192.168.1.2","TCP","1514","8004  >  35960 [ACK] Seq=140646 Ack=141 Win=65024 Len=1448 TSval=2916036023 TSecr=3045555796 [TCP segment of a reassembled PDU]"
"26099","31.942958835","192.168.1.55","192.168.1.2","TCP","1514","8004  >  35960 [PSH, ACK] Seq=142094 Ack=141 Win=65024 Len=1448 TSval=2916036023 TSecr=3045555796 [TCP segment of a reassembled PDU]"
"26100","31.942998631","192.168.1.55","192.168.1.2","TCP","1514","8004  >  35960 [ACK] Seq=143542 Ack=141 Win=65024 Len=1448 TSval=2916036023 TSecr=3045555796 [TCP segment of a reassembled PDU]"
"26101","31.942999964","192.168.1.55","192.168.1.2","TCP","1514","8004  >  35960 [ACK] Seq=144990 Ack=141 Win=65024 Len=1448 TSval=2916036023 TSecr=3045555796 [TCP segment of a reassembled PDU]"
"26102","31.943000946","192.168.1.55","192.168.1.2","TCP","1514","8004  >  35960 [ACK] Seq=146438 Ack=141 Win=65024 Len=1448 TSval=2916036023 TSecr=3045555796 [TCP segment of a reassembled PDU]"
"26103","31.943001872","192.168.1.55","192.168.1.2","TCP","1514","8004  >  35960 [ACK] Seq=147886 Ack=141 Win=65024 Len=1448 TSval=2916036023 TSecr=3045555796 [TCP segment of a reassembled PDU]"
"26104","31.943003372","192.168.1.55","192.168.1.2","TCP","1514","8004  >  35960 [ACK] Seq=149334 Ack=141 Win=65024 Len=1448 TSval=2916036023 TSecr=3045555796 [TCP segment of a reassembled PDU]"
"26105","31.943004742","192.168.1.55","192.168.1.2","TCP","1514","8004  >  35960 [ACK] Seq=150782 Ack=141 Win=65024 Len=1448 TSval=2916036023 TSecr=3045555796 [TCP segment of a reassembled PDU]"
"26106","31.943006520","192.168.1.55","192.168.1.2","TCP","1514","8004  >  35960 [ACK] Seq=152230 Ack=141 Win=65024 Len=1448 TSval=2916036023 TSecr=3045555796 [TCP segment of a reassembled PDU]"
"26107","31.943007705","192.168.1.55","192.168.1.2","TCP","1514","8004  >  35960 [ACK] Seq=153678 Ack=141 Win=65024 Len=1448 TSval=2916036023 TSecr=3045555796 [TCP segment of a reassembled PDU]"
"26108","31.943008575","192.168.1.55","192.168.1.2","TCP","1514","8004  >  35960 [ACK] Seq=155126 Ack=141 Win=65024 Len=1448 TSval=2916036023 TSecr=3045555796 [TCP segment of a reassembled PDU]"
"26109","31.943009501","192.168.1.55","192.168.1.2","TCP","1514","8004  >  35960 [ACK] Seq=156574 Ack=141 Win=65024 Len=1448 TSval=2916036023 TSecr=3045555796 [TCP segment of a reassembled PDU]"
"26110","31.943011020","192.168.1.55","192.168.1.2","TCP","1514","8004  >  35960 [ACK] Seq=158022 Ack=141 Win=65024 Len=1448 TSval=2916036023 TSecr=3045555796 [TCP segment of a reassembled PDU]"
"26111","31.943012020","192.168.1.55","192.168.1.2","TCP","1514","8004  >  35960 [ACK] Seq=159470 Ack=141 Win=65024 Len=1448 TSval=2916036023 TSecr=3045555796 [TCP segment of a reassembled PDU]"
"26112","31.943020335","192.168.1.55","192.168.1.2","TCP","1514","8004  >  35960 [ACK] Seq=160918 Ack=141 Win=65024 Len=1448 TSval=2916036023 TSecr=3045555796 [TCP segment of a reassembled PDU]"
"26113","31.943021427","192.168.1.55","192.168.1.2","TCP","1514","8004  >  35960 [ACK] Seq=162366 Ack=141 Win=65024 Len=1448 TSval=2916036023 TSecr=3045555796 [TCP segment of a reassembled PDU]"
"26114","31.943022779","192.168.1.55","192.168.1.2","TCP","1514","8004  >  35960 [ACK] Seq=163814 Ack=141 Win=65024 Len=1448 TSval=2916036023 TSecr=3045555796 [TCP segment of a reassembled PDU]"
"26115","31.943023927","192.168.1.55","192.168.1.2","TCP","1514","8004  >  35960 [ACK] Seq=165262 Ack=141 Win=65024 Len=1448 TSval=2916036023 TSecr=3045555796 [TCP segment of a reassembled PDU]"
"26116","31.943025575","192.168.1.55","192.168.1.2","TCP","1514","8004  >  35960 [ACK] Seq=166710 Ack=141 Win=65024 Len=1448 TSval=2916036023 TSecr=3045555796 [TCP segment of a reassembled PDU]"
"26117","31.943026872","192.168.1.55","192.168.1.2","TCP","1514","8004  >  35960 [PSH, ACK] Seq=168158 Ack=141 Win=65024 Len=1448 TSval=2916036023 TSecr=3045555796 [TCP segment of a reassembled PDU]"
"26118","31.943030205","192.168.1.2","192.168.1.55","TCP","66","35960  >  8004 [ACK] Seq=141 Ack=109662 Win=61440 Len=0 TSval=3045555796 TSecr=2916036018"
"26119","31.943037112","192.168.1.2","192.168.1.55","TCP","66","35960  >  8004 [ACK] Seq=141 Ack=110238 Win=61440 Len=0 TSval=3045555796 TSecr=2916036018"
"26120","31.943093094","192.168.1.2","192.168.1.55","TCP","66","35960  >  8004 [ACK] Seq=141 Ack=120374 Win=52224 Len=0 TSval=3045555796 TSecr=2916036018"
"26121","31.943102835","192.168.1.2","192.168.1.55","TCP","66","35960  >  8004 [ACK] Seq=141 Ack=121822 Win=68608 Len=0 TSval=3045555797 TSecr=2916036018"
"26122","31.943121316","192.168.1.55","192.168.1.2","TCP","1514","8004  >  35960 [ACK] Seq=169606 Ack=141 Win=65024 Len=1448 TSval=2916036023 TSecr=3045555797 [TCP segment of a reassembled PDU]"
"26123","31.943125872","192.168.1.55","192.168.1.2","TCP","1514","8004  >  35960 [ACK] Seq=171054 Ack=141 Win=65024 Len=1448 TSval=2916036023 TSecr=3045555797 [TCP segment of a reassembled PDU]"
"26124","31.943127094","192.168.1.55","192.168.1.2","TCP","1514","8004  >  35960 [ACK] Seq=172502 Ack=141 Win=65024 Len=1448 TSval=2916036023 TSecr=3045555797 [TCP segment of a reassembled PDU]"
"26125","31.943129613","192.168.1.55","192.168.1.2","TCP","1514","8004  >  35960 [ACK] Seq=173950 Ack=141 Win=65024 Len=1448 TSval=2916036023 TSecr=3045555797 [TCP segment of a reassembled PDU]"
"26126","31.943130742","192.168.1.55","192.168.1.2","TCP","1514","8004  >  35960 [PSH, ACK] Seq=175398 Ack=141 Win=65024 Len=1448 TSval=2916036023 TSecr=3045555797 [TCP segment of a reassembled PDU]"
"26127","31.943162594","192.168.1.55","192.168.1.2","TCP","1514","8004  >  35960 [ACK] Seq=176846 Ack=141 Win=65024 Len=1448 TSval=2916036023 TSecr=3045555797 [TCP segment of a reassembled PDU]"
"26128","31.943165761","192.168.1.55","192.168.1.2","TCP","1514","8004  >  35960 [ACK] Seq=178294 Ack=141 Win=65024 Len=1448 TSval=2916036023 TSecr=3045555797 [TCP segment of a reassembled PDU]"
"26129","31.943167390","192.168.1.55","192.168.1.2","TCP","1514","8004  >  35960 [ACK] Seq=179742 Ack=141 Win=65024 Len=1448 TSval=2916036023 TSecr=3045555797 [TCP segment of a reassembled PDU]"
"26130","31.943169409","192.168.1.55","192.168.1.2","TCP","1514","8004  >  35960 [ACK] Seq=181190 Ack=141 Win=65024 Len=1448 TSval=2916036023 TSecr=3045555797 [TCP segment of a reassembled PDU]"
"26131","31.943171279","192.168.1.55","192.168.1.2","TCP","1514","8004  >  35960 [ACK] Seq=182638 Ack=141 Win=65024 Len=1448 TSval=2916036023 TSecr=3045555797 [TCP segment of a reassembled PDU]"
"26132","31.943172390","192.168.1.55","192.168.1.2","TCP","1514","8004  >  35960 [ACK] Seq=184086 Ack=141 Win=65024 Len=1448 TSval=2916036023 TSecr=3045555797 [TCP segment of a reassembled PDU]"
"26133","31.943174076","192.168.1.55","192.168.1.2","TCP","1514","8004  >  35960 [ACK] Seq=185534 Ack=141 Win=65024 Len=1448 TSval=2916036023 TSecr=3045555797 [TCP segment of a reassembled PDU]"
"26134","31.943174983","192.168.1.55","192.168.1.2","TCP","1514","8004  >  35960 [ACK] Seq=186982 Ack=141 Win=65024 Len=1448 TSval=2916036023 TSecr=3045555797 [TCP segment of a reassembled PDU]"
"26135","31.943176076","192.168.1.55","192.168.1.2","TCP","1514","8004  >  35960 [ACK] Seq=188430 Ack=141 Win=65024 Len=1448 TSval=2916036023 TSecr=3045555797 [TCP segment of a reassembled PDU]"
"26136","31.943178131","192.168.1.55","192.168.1.2","TCP","618","[TCP Window Full] 8004  >  35960 [PSH, ACK] Seq=189878 Ack=141 Win=65024 Len=552 TSval=2916036023 TSecr=3045555797 [TCP segment of a reassembled PDU]"
"26137","31.950190235","192.168.1.2","192.168.1.55","TCP","66","35960  >  8004 [ACK] Seq=141 Ack=136302 Win=68608 Len=0 TSval=3045555804 TSecr=2916036023"
"26138","31.950216531","192.168.1.55","192.168.1.2","TCP","1514","8004  >  35960 [ACK] Seq=190430 Ack=141 Win=65024 Len=1448 TSval=2916036030 TSecr=3045555804 [TCP segment of a reassembled PDU]"
"26139","31.950219105","192.168.1.55","192.168.1.2","TCP","1514","8004  >  35960 [ACK] Seq=191878 Ack=141 Win=65024 Len=1448 TSval=2916036030 TSecr=3045555804 [TCP segment of a reassembled PDU]"
"26140","31.950220272","192.168.1.55","192.168.1.2","TCP","1514","8004  >  35960 [ACK] Seq=193326 Ack=141 Win=65024 Len=1448 TSval=2916036030 TSecr=3045555804 [TCP segment of a reassembled PDU]"
"26141","31.950221476","192.168.1.55","192.168.1.2","TCP","1514","8004  >  35960 [ACK] Seq=194774 Ack=141 Win=65024 Len=1448 TSval=2916036030 TSecr=3045555804 [TCP segment of a reassembled PDU]"
"26142","31.950222902","192.168.1.55","192.168.1.2","TCP","1514","8004  >  35960 [ACK] Seq=196222 Ack=141 Win=65024 Len=1448 TSval=2916036030 TSecr=3045555804 [TCP segment of a reassembled PDU]"
"26143","31.950224142","192.168.1.55","192.168.1.2","TCP","1514","8004  >  35960 [ACK] Seq=197670 Ack=141 Win=65024 Len=1448 TSval=2916036030 TSecr=3045555804 [TCP segment of a reassembled PDU]"
"26144","31.950225550","192.168.1.55","192.168.1.2","TCP","1514","8004  >  35960 [ACK] Seq=199118 Ack=141 Win=65024 Len=1448 TSval=2916036030 TSecr=3045555804 [TCP segment of a reassembled PDU]"
"26145","31.950226661","192.168.1.55","192.168.1.2","TCP","1514","8004  >  35960 [ACK] Seq=200566 Ack=141 Win=65024 Len=1448 TSval=2916036030 TSecr=3045555804 [TCP segment of a reassembled PDU]"
"26146","31.950227661","192.168.1.55","192.168.1.2","TCP","1514","8004  >  35960 [ACK] Seq=202014 Ack=141 Win=65024 Len=1448 TSval=2916036030 TSecr=3045555804 [TCP segment of a reassembled PDU]"
"26147","31.950228753","192.168.1.55","192.168.1.2","TCP","1514","[TCP Window Full] 8004  >  35960 [PSH, ACK] Seq=203462 Ack=141 Win=65024 Len=1448 TSval=2916036030 TSecr=3045555804 [TCP segment of a reassembled PDU]"
"26148","31.950688476","192.168.1.2","192.168.1.55","TCP","66","35960  >  8004 [ACK] Seq=141 Ack=143542 Win=71680 Len=0 TSval=3045555804 TSecr=2916036023"
"26149","31.950697291","192.168.1.55","192.168.1.2","TCP","1514","8004  >  35960 [ACK] Seq=204910 Ack=141 Win=65024 Len=1448 TSval=2916036031 TSecr=3045555804 [TCP segment of a reassembled PDU]"
"26150","31.950698828","192.168.1.55","192.168.1.2","TCP","1514","8004  >  35960 [ACK] Seq=206358 Ack=141 Win=65024 Len=1448 TSval=2916036031 TSecr=3045555804 [TCP segment of a reassembled PDU]"
"26151","31.950699884","192.168.1.55","192.168.1.2","TCP","1514","8004  >  35960 [PSH, ACK] Seq=207806 Ack=141 Win=65024 Len=1448 TSval=2916036031 TSecr=3045555804 [TCP segment of a reassembled PDU]"
"26152","31.950704847","192.168.1.55","192.168.1.2","TCP","962","8004  >  35960 [PSH, ACK] Seq=209254 Ack=141 Win=65024 Len=896 TSval=2916036031 TSecr=3045555804 [TCP segment of a reassembled PDU]"
"26153","31.950707976","192.168.1.2","192.168.1.55","TCP","66","35960  >  8004 [ACK] Seq=141 Ack=169606 Win=53248 Len=0 TSval=3045555804 TSecr=2916036023"
"26154","31.950713791","192.168.1.2","192.168.1.55","TCP","66","35960  >  8004 [ACK] Seq=141 Ack=190430 Win=55296 Len=0 TSval=3045555804 TSecr=2916036023"
"26155","31.950737939","192.168.1.55","192.168.1.2","TCP","1514","8004  >  35960 [ACK] Seq=210150 Ack=141 Win=65024 Len=1448 TSval=2916036031 TSecr=3045555804 [TCP segment of a reassembled PDU]"
"26156","31.950739532","192.168.1.55","192.168.1.2","TCP","1514","8004  >  35960 [ACK] Seq=211598 Ack=141 Win=65024 Len=1448 TSval=2916036031 TSecr=3045555804 [TCP segment of a reassembled PDU]"
"26157","31.950740606","192.168.1.55","192.168.1.2","TCP","1514","8004  >  35960 [ACK] Seq=213046 Ack=141 Win=65024 Len=1448 TSval=2916036031 TSecr=3045555804 [TCP segment of a reassembled PDU]"
"26158","31.950741736","192.168.1.55","192.168.1.2","TCP","1514","8004  >  35960 [ACK] Seq=214494 Ack=141 Win=65024 Len=1448 TSval=2916036031 TSecr=3045555804 [TCP segment of a reassembled PDU]"
"26159","31.950742847","192.168.1.55","192.168.1.2","TCP","1514","8004  >  35960 [ACK] Seq=215942 Ack=141 Win=65024 Len=1448 TSval=2916036031 TSecr=3045555804 [TCP segment of a reassembled PDU]"
"26160","31.950744162","192.168.1.55","192.168.1.2","TCP","1514","8004  >  35960 [ACK] Seq=217390 Ack=141 Win=65024 Len=1448 TSval=2916036031 TSecr=3045555804 [TCP segment of a reassembled PDU]"
"26161","31.950745458","192.168.1.55","192.168.1.2","TCP","1514","8004  >  35960 [ACK] Seq=218838 Ack=141 Win=65024 Len=1448 TSval=2916036031 TSecr=3045555804 [TCP segment of a reassembled PDU]"
"26162","31.950746476","192.168.1.55","192.168.1.2","TCP","1514","8004  >  35960 [ACK] Seq=220286 Ack=141 Win=65024 Len=1448 TSval=2916036031 TSecr=3045555804 [TCP segment of a reassembled PDU]"
"26163","31.950747588","192.168.1.55","192.168.1.2","TCP","1514","8004  >  35960 [ACK] Seq=221734 Ack=141 Win=65024 Len=1448 TSval=2916036031 TSecr=3045555804 [TCP segment of a reassembled PDU]"
"26164","31.950748865","192.168.1.55","192.168.1.2","TCP","1514","8004  >  35960 [ACK] Seq=223182 Ack=141 Win=65024 Len=1448 TSval=2916036031 TSecr=3045555804 [TCP segment of a reassembled PDU]"
"26165","31.950749902","192.168.1.55","192.168.1.2","TCP","1514","8004  >  35960 [ACK] Seq=224630 Ack=141 Win=65024 Len=1448 TSval=2916036031 TSecr=3045555804 [TCP segment of a reassembled PDU]"
"26166","31.950750958","192.168.1.55","192.168.1.2","TCP","1514","8004  >  35960 [ACK] Seq=226078 Ack=141 Win=65024 Len=1448 TSval=2916036031 TSecr=3045555804 [TCP segment of a reassembled PDU]"
"26167","31.950752162","192.168.1.55","192.168.1.2","TCP","1514","8004  >  35960 [ACK] Seq=227526 Ack=141 Win=65024 Len=1448 TSval=2916036031 TSecr=3045555804 [TCP segment of a reassembled PDU]"
"26168","31.950753273","192.168.1.55","192.168.1.2","TCP","1514","8004  >  35960 [ACK] Seq=228974 Ack=141 Win=65024 Len=1448 TSval=2916036031 TSecr=3045555804 [TCP segment of a reassembled PDU]"
"26169","31.950754514","192.168.1.55","192.168.1.2","TCP","1514","8004  >  35960 [ACK] Seq=230422 Ack=141 Win=65024 Len=1448 TSval=2916036031 TSecr=3045555804 [TCP segment of a reassembled PDU]"
"26170","31.950755606","192.168.1.55","192.168.1.2","TCP","1514","8004  >  35960 [ACK] Seq=231870 Ack=141 Win=65024 Len=1448 TSval=2916036031 TSecr=3045555804 [TCP segment of a reassembled PDU]"
"26171","31.950756717","192.168.1.55","192.168.1.2","TCP","1514","8004  >  35960 [ACK] Seq=233318 Ack=141 Win=65024 Len=1448 TSval=2916036031 TSecr=3045555804 [TCP segment of a reassembled PDU]"
"26172","31.950757717","192.168.1.55","192.168.1.2","TCP","1514","8004  >  35960 [ACK] Seq=234766 Ack=141 Win=65024 Len=1448 TSval=2916036031 TSecr=3045555804 [TCP segment of a reassembled PDU]"
"26173","31.950758884","192.168.1.55","192.168.1.2","TCP","1514","8004  >  35960 [ACK] Seq=236214 Ack=141 Win=65024 Len=1448 TSval=2916036031 TSecr=3045555804 [TCP segment of a reassembled PDU]"
"26174","31.950759958","192.168.1.55","192.168.1.2","TCP","1514","8004  >  35960 [ACK] Seq=237662 Ack=141 Win=65024 Len=1448 TSval=2916036031 TSecr=3045555804 [TCP segment of a reassembled PDU]"
"26175","31.950761014","192.168.1.55","192.168.1.2","TCP","1514","8004  >  35960 [ACK] Seq=239110 Ack=141 Win=65024 Len=1448 TSval=2916036031 TSecr=3045555804 [TCP segment of a reassembled PDU]"
"26176","31.950762125","192.168.1.55","192.168.1.2","TCP","1514","8004  >  35960 [ACK] Seq=240558 Ack=141 Win=65024 Len=1448 TSval=2916036031 TSecr=3045555804 [TCP segment of a reassembled PDU]"
"26177","31.950763458","192.168.1.55","192.168.1.2","TCP","1514","8004  >  35960 [PSH, ACK] Seq=242006 Ack=141 Win=65024 Len=1448 TSval=2916036031 TSecr=3045555804 [TCP segment of a reassembled PDU]"
"26178","31.950768569","192.168.1.55","192.168.1.2","TCP","1514","8004  >  35960 [ACK] Seq=243454 Ack=141 Win=65024 Len=1448 TSval=2916036031 TSecr=3045555804 [TCP segment of a reassembled PDU]"
"26179","31.955415558","192.168.1.2","192.168.1.55","TCP","66","35960  >  8004 [ACK] Seq=141 Ack=204910 Win=76800 Len=0 TSval=3045555809 TSecr=2916036030"
"26180","31.955446484","192.168.1.55","192.168.1.2","TCP","1514","8004  >  35960 [ACK] Seq=244902 Ack=141 Win=65024 Len=1448 TSval=2916036036 TSecr=3045555809 [TCP segment of a reassembled PDU]"
"26181","31.955448947","192.168.1.55","192.168.1.2","TCP","1514","8004  >  35960 [ACK] Seq=246350 Ack=141 Win=65024 Len=1448 TSval=2916036036 TSecr=3045555809 [TCP segment of a reassembled PDU]"
"26182","31.955450132","192.168.1.55","192.168.1.2","TCP","1514","8004  >  35960 [ACK] Seq=247798 Ack=141 Win=65024 Len=1448 TSval=2916036036 TSecr=3045555809 [TCP segment of a reassembled PDU]"
"26183","31.955451188","192.168.1.55","192.168.1.2","TCP","1514","8004  >  35960 [ACK] Seq=249246 Ack=141 Win=65024 Len=1448 TSval=2916036036 TSecr=3045555809 [TCP segment of a reassembled PDU]"
"26184","31.955452243","192.168.1.55","192.168.1.2","TCP","1514","8004  >  35960 [ACK] Seq=250694 Ack=141 Win=65024 Len=1448 TSval=2916036036 TSecr=3045555809 [TCP segment of a reassembled PDU]"
"26185","31.955453410","192.168.1.55","192.168.1.2","TCP","1514","8004  >  35960 [ACK] Seq=252142 Ack=141 Win=65024 Len=1448 TSval=2916036036 TSecr=3045555809 [TCP segment of a reassembled PDU]"
"26186","31.955454465","192.168.1.55","192.168.1.2","TCP","1514","8004  >  35960 [ACK] Seq=253590 Ack=141 Win=65024 Len=1448 TSval=2916036036 TSecr=3045555809 [TCP segment of a reassembled PDU]"
"26187","31.955455577","192.168.1.55","192.168.1.2","TCP","1514","8004  >  35960 [ACK] Seq=255038 Ack=141 Win=65024 Len=1448 TSval=2916036036 TSecr=3045555809 [TCP segment of a reassembled PDU]"
"26188","31.955456595","192.168.1.55","192.168.1.2","TCP","1514","8004  >  35960 [ACK] Seq=256486 Ack=141 Win=65024 Len=1448 TSval=2916036036 TSecr=3045555809 [TCP segment of a reassembled PDU]"
"26189","31.955457651","192.168.1.55","192.168.1.2","TCP","1514","8004  >  35960 [ACK] Seq=257934 Ack=141 Win=65024 Len=1448 TSval=2916036036 TSecr=3045555809 [TCP segment of a reassembled PDU]"
"26190","31.955458669","192.168.1.55","192.168.1.2","TCP","1514","8004  >  35960 [ACK] Seq=259382 Ack=141 Win=65024 Len=1448 TSval=2916036036 TSecr=3045555809 [TCP segment of a reassembled PDU]"
"26191","31.955459873","192.168.1.55","192.168.1.2","TCP","1514","8004  >  35960 [ACK] Seq=260830 Ack=141 Win=65024 Len=1448 TSval=2916036036 TSecr=3045555809 [TCP segment of a reassembled PDU]"
"26192","31.955460965","192.168.1.55","192.168.1.2","TCP","1514","8004  >  35960 [ACK] Seq=262278 Ack=141 Win=65024 Len=1448 TSval=2916036036 TSecr=3045555809 [TCP segment of a reassembled PDU]"
"26193","31.955461984","192.168.1.55","192.168.1.2","TCP","1514","8004  >  35960 [ACK] Seq=263726 Ack=141 Win=65024 Len=1448 TSval=2916036036 TSecr=3045555809 [TCP segment of a reassembled PDU]"
"26194","31.955463021","192.168.1.55","192.168.1.2","TCP","1514","8004  >  35960 [ACK] Seq=265174 Ack=141 Win=65024 Len=1448 TSval=2916036036 TSecr=3045555809 [TCP segment of a reassembled PDU]"
"26195","31.955464188","192.168.1.55","192.168.1.2","TCP","1514","8004  >  35960 [ACK] Seq=266622 Ack=141 Win=65024 Len=1448 TSval=2916036036 TSecr=3045555809 [TCP segment of a reassembled PDU]"
"26196","31.955465225","192.168.1.55","192.168.1.2","TCP","1514","8004  >  35960 [ACK] Seq=268070 Ack=141 Win=65024 Len=1448 TSval=2916036036 TSecr=3045555809 [TCP segment of a reassembled PDU]"
"26197","31.955466354","192.168.1.55","192.168.1.2","TCP","1514","8004  >  35960 [ACK] Seq=269518 Ack=141 Win=65024 Len=1448 TSval=2916036036 TSecr=3045555809 [TCP segment of a reassembled PDU]"
"26198","31.955467373","192.168.1.55","192.168.1.2","TCP","1514","8004  >  35960 [ACK] Seq=270966 Ack=141 Win=65024 Len=1448 TSval=2916036036 TSecr=3045555809 [TCP segment of a reassembled PDU]"
"26199","31.955468428","192.168.1.55","192.168.1.2","TCP","1514","8004  >  35960 [ACK] Seq=272414 Ack=141 Win=65024 Len=1448 TSval=2916036036 TSecr=3045555809 [TCP segment of a reassembled PDU]"
"26200","31.955469891","192.168.1.55","192.168.1.2","TCP","1514","8004  >  35960 [ACK] Seq=273862 Ack=141 Win=65024 Len=1448 TSval=2916036036 TSecr=3045555809 [TCP segment of a reassembled PDU]"
"26201","31.955471114","192.168.1.55","192.168.1.2","TCP","1514","8004  >  35960 [PSH, ACK] Seq=275310 Ack=141 Win=65024 Len=1448 TSval=2916036036 TSecr=3045555809 [TCP segment of a reassembled PDU]"
"26202","31.956362819","192.168.1.2","192.168.1.55","TCP","66","35960  >  8004 [ACK] Seq=141 Ack=209254 Win=86016 Len=0 TSval=3045555809 TSecr=2916036031"
"26203","31.956371634","192.168.1.2","192.168.1.55","TCP","66","35960  >  8004 [ACK] Seq=141 Ack=210150 Win=89088 Len=0 TSval=3045555809 TSecr=2916036031"
"26204","31.956375893","192.168.1.2","192.168.1.55","TCP","66","35960  >  8004 [ACK] Seq=141 Ack=234766 Win=93184 Len=0 TSval=3045555809 TSecr=2916036031"
"26205","31.956403171","192.168.1.55","192.168.1.2","TCP","1514","8004  >  35960 [ACK] Seq=276758 Ack=141 Win=65024 Len=1448 TSval=2916036037 TSecr=3045555809 [TCP segment of a reassembled PDU]"
"26206","31.956405004","192.168.1.55","192.168.1.2","TCP","1514","8004  >  35960 [ACK] Seq=278206 Ack=141 Win=65024 Len=1448 TSval=2916036037 TSecr=3045555809 [TCP segment of a reassembled PDU]"
"26207","31.956406652","192.168.1.55","192.168.1.2","TCP","1514","8004  >  35960 [ACK] Seq=279654 Ack=141 Win=65024 Len=1448 TSval=2916036037 TSecr=3045555809 [TCP segment of a reassembled PDU]"
"26208","31.956408208","192.168.1.55","192.168.1.2","TCP","1514","8004  >  35960 [ACK] Seq=281102 Ack=141 Win=65024 Len=1448 TSval=2916036037 TSecr=3045555809 [TCP segment of a reassembled PDU]"
"26209","31.956409559","192.168.1.55","192.168.1.2","TCP","1514","8004  >  35960 [ACK] Seq=282550 Ack=141 Win=65024 Len=1448 TSval=2916036037 TSecr=3045555809 [TCP segment of a reassembled PDU]"
"26210","31.956411208","192.168.1.55","192.168.1.2","TCP","1514","8004  >  35960 [ACK] Seq=283998 Ack=141 Win=65024 Len=1448 TSval=2916036037 TSecr=3045555809 [TCP segment of a reassembled PDU]"
"26211","31.956412485","192.168.1.55","192.168.1.2","TCP","1514","8004  >  35960 [ACK] Seq=285446 Ack=141 Win=65024 Len=1448 TSval=2916036037 TSecr=3045555809 [TCP segment of a reassembled PDU]"
"26212","31.956413948","192.168.1.55","192.168.1.2","TCP","1514","8004  >  35960 [ACK] Seq=286894 Ack=141 Win=65024 Len=1448 TSval=2916036037 TSecr=3045555809 [TCP segment of a reassembled PDU]"
"26213","31.956415504","192.168.1.55","192.168.1.2","TCP","1514","8004  >  35960 [ACK] Seq=288342 Ack=141 Win=65024 Len=1448 TSval=2916036037 TSecr=3045555809 [TCP segment of a reassembled PDU]"
"26214","31.956416800","192.168.1.55","192.168.1.2","TCP","1514","8004  >  35960 [ACK] Seq=289790 Ack=141 Win=65024 Len=1448 TSval=2916036037 TSecr=3045555809 [TCP segment of a reassembled PDU]"
"26215","31.956418689","192.168.1.55","192.168.1.2","TCP","1514","8004  >  35960 [ACK] Seq=291238 Ack=141 Win=65024 Len=1448 TSval=2916036037 TSecr=3045555809 [TCP segment of a reassembled PDU]"
"26216","31.956420004","192.168.1.55","192.168.1.2","TCP","1514","8004  >  35960 [ACK] Seq=292686 Ack=141 Win=65024 Len=1448 TSval=2916036037 TSecr=3045555809 [TCP segment of a reassembled PDU]"
"26217","31.956421374","192.168.1.55","192.168.1.2","TCP","1514","8004  >  35960 [ACK] Seq=294134 Ack=141 Win=65024 Len=1448 TSval=2916036037 TSecr=3045555809 [TCP segment of a reassembled PDU]"
"26218","31.956422874","192.168.1.55","192.168.1.2","TCP","1514","8004  >  35960 [ACK] Seq=295582 Ack=141 Win=65024 Len=1448 TSval=2916036037 TSecr=3045555809 [TCP segment of a reassembled PDU]"
"26219","31.956424189","192.168.1.55","192.168.1.2","TCP","1514","8004  >  35960 [ACK] Seq=297030 Ack=141 Win=65024 Len=1448 TSval=2916036037 TSecr=3045555809 [TCP segment of a reassembled PDU]"
"26220","31.956425485","192.168.1.55","192.168.1.2","TCP","1514","8004  >  35960 [ACK] Seq=298478 Ack=141 Win=65024 Len=1448 TSval=2916036037 TSecr=3045555809 [TCP segment of a reassembled PDU]"
"26221","31.956426837","192.168.1.55","192.168.1.2","TCP","1514","8004  >  35960 [ACK] Seq=299926 Ack=141 Win=65024 Len=1448 TSval=2916036037 TSecr=3045555809 [TCP segment of a reassembled PDU]"
"26222","31.956428189","192.168.1.55","192.168.1.2","TCP","1514","8004  >  35960 [ACK] Seq=301374 Ack=141 Win=65024 Len=1448 TSval=2916036037 TSecr=3045555809 [TCP segment of a reassembled PDU]"
"26223","31.956429597","192.168.1.55","192.168.1.2","TCP","1514","8004  >  35960 [ACK] Seq=302822 Ack=141 Win=65024 Len=1448 TSval=2916036037 TSecr=3045555809 [TCP segment of a reassembled PDU]"
"26224","31.956430967","192.168.1.55","192.168.1.2","TCP","1514","8004  >  35960 [ACK] Seq=304270 Ack=141 Win=65024 Len=1448 TSval=2916036037 TSecr=3045555809 [TCP segment of a reassembled PDU]"
"26225","31.956432263","192.168.1.55","192.168.1.2","TCP","1514","8004  >  35960 [ACK] Seq=305718 Ack=141 Win=65024 Len=1448 TSval=2916036037 TSecr=3045555809 [TCP segment of a reassembled PDU]"
"26226","31.956433671","192.168.1.55","192.168.1.2","TCP","1514","8004  >  35960 [ACK] Seq=307166 Ack=141 Win=65024 Len=1448 TSval=2916036037 TSecr=3045555809 [TCP segment of a reassembled PDU]"
"26227","31.956434948","192.168.1.55","192.168.1.2","TCP","1514","8004  >  35960 [PSH, ACK] Seq=308614 Ack=141 Win=65024 Len=1448 TSval=2916036037 TSecr=3045555809 [TCP segment of a reassembled PDU]"
"26228","31.956489708","192.168.1.2","192.168.1.55","TCP","66","35960  >  8004 [ACK] Seq=141 Ack=243454 Win=110592 Len=0 TSval=3045555810 TSecr=2916036031"
"26229","31.956523874","192.168.1.55","192.168.1.2","TCP","1514","8004  >  35960 [ACK] Seq=310062 Ack=141 Win=65024 Len=1448 TSval=2916036037 TSecr=3045555810 [TCP segment of a reassembled PDU]"
"26230","31.956525856","192.168.1.55","192.168.1.2","TCP","1514","8004  >  35960 [ACK] Seq=311510 Ack=141 Win=65024 Len=1448 TSval=2916036037 TSecr=3045555810 [TCP segment of a reassembled PDU]"
"26231","31.956527319","192.168.1.55","192.168.1.2","TCP","1514","8004  >  35960 [ACK] Seq=312958 Ack=141 Win=65024 Len=1448 TSval=2916036037 TSecr=3045555810 [TCP segment of a reassembled PDU]"
"26232","31.956528745","192.168.1.55","192.168.1.2","TCP","1514","8004  >  35960 [ACK] Seq=314406 Ack=141 Win=65024 Len=1448 TSval=2916036037 TSecr=3045555810 [TCP segment of a reassembled PDU]"
"26233","31.956530041","192.168.1.55","192.168.1.2","TCP","1514","8004  >  35960 [ACK] Seq=315854 Ack=141 Win=65024 Len=1448 TSval=2916036037 TSecr=3045555810 [TCP segment of a reassembled PDU]"
"26234","31.956531449","192.168.1.55","192.168.1.2","TCP","1514","8004  >  35960 [ACK] Seq=317302 Ack=141 Win=65024 Len=1448 TSval=2916036037 TSecr=3045555810 [TCP segment of a reassembled PDU]"
"26235","31.956532782","192.168.1.55","192.168.1.2","TCP","1514","8004  >  35960 [ACK] Seq=318750 Ack=141 Win=65024 Len=1448 TSval=2916036037 TSecr=3045555810 [TCP segment of a reassembled PDU]"
"26236","31.956534060","192.168.1.55","192.168.1.2","TCP","1514","8004  >  35960 [ACK] Seq=320198 Ack=141 Win=65024 Len=1448 TSval=2916036037 TSecr=3045555810 [TCP segment of a reassembled PDU]"
"26237","31.956535375","192.168.1.55","192.168.1.2","TCP","1514","8004  >  35960 [ACK] Seq=321646 Ack=141 Win=65024 Len=1448 TSval=2916036037 TSecr=3045555810 [TCP segment of a reassembled PDU]"
"26238","31.956536949","192.168.1.55","192.168.1.2","TCP","1514","8004  >  35960 [ACK] Seq=323094 Ack=141 Win=65024 Len=1448 TSval=2916036037 TSecr=3045555810 [TCP segment of a reassembled PDU]"
"26239","31.956538467","192.168.1.55","192.168.1.2","TCP","1514","8004  >  35960 [ACK] Seq=324542 Ack=141 Win=65024 Len=1448 TSval=2916036037 TSecr=3045555810 [TCP segment of a reassembled PDU]"
"26240","31.956539819","192.168.1.55","192.168.1.2","TCP","1514","8004  >  35960 [ACK] Seq=325990 Ack=141 Win=65024 Len=1448 TSval=2916036037 TSecr=3045555810 [TCP segment of a reassembled PDU]"
"26241","31.956541060","192.168.1.55","192.168.1.2","TCP","1514","8004  >  35960 [ACK] Seq=327438 Ack=141 Win=65024 Len=1448 TSval=2916036037 TSecr=3045555810 [TCP segment of a reassembled PDU]"
"26242","31.956542504","192.168.1.55","192.168.1.2","TCP","1514","8004  >  35960 [ACK] Seq=328886 Ack=141 Win=65024 Len=1448 TSval=2916036037 TSecr=3045555810 [TCP segment of a reassembled PDU]"
"26243","31.956543763","192.168.1.55","192.168.1.2","TCP","1514","8004  >  35960 [ACK] Seq=330334 Ack=141 Win=65024 Len=1448 TSval=2916036037 TSecr=3045555810 [TCP segment of a reassembled PDU]"
"26244","31.956545226","192.168.1.55","192.168.1.2","TCP","1514","8004  >  35960 [ACK] Seq=331782 Ack=141 Win=65024 Len=1448 TSval=2916036037 TSecr=3045555810 [TCP segment of a reassembled PDU]"
"26245","31.956546504","192.168.1.55","192.168.1.2","TCP","1514","8004  >  35960 [ACK] Seq=333230 Ack=141 Win=65024 Len=1448 TSval=2916036037 TSecr=3045555810 [TCP segment of a reassembled PDU]"
"26246","31.956547800","192.168.1.55","192.168.1.2","TCP","1514","8004  >  35960 [ACK] Seq=334678 Ack=141 Win=65024 Len=1448 TSval=2916036037 TSecr=3045555810 [TCP segment of a reassembled PDU]"
"26247","31.956549560","192.168.1.55","192.168.1.2","TCP","1514","8004  >  35960 [ACK] Seq=336126 Ack=141 Win=65024 Len=1448 TSval=2916036037 TSecr=3045555810 [TCP segment of a reassembled PDU]"
"26248","31.956550819","192.168.1.55","192.168.1.2","TCP","1514","8004  >  35960 [ACK] Seq=337574 Ack=141 Win=65024 Len=1448 TSval=2916036037 TSecr=3045555810 [TCP segment of a reassembled PDU]"
"26249","31.956552412","192.168.1.55","192.168.1.2","TCP","1514","8004  >  35960 [ACK] Seq=339022 Ack=141 Win=65024 Len=1448 TSval=2916036037 TSecr=3045555810 [TCP segment of a reassembled PDU]"
"26250","31.956553763","192.168.1.55","192.168.1.2","TCP","1514","8004  >  35960 [ACK] Seq=340470 Ack=141 Win=65024 Len=1448 TSval=2916036037 TSecr=3045555810 [TCP segment of a reassembled PDU]"
"26251","31.956555115","192.168.1.55","192.168.1.2","TCP","1514","8004  >  35960 [PSH, ACK] Seq=341918 Ack=141 Win=65024 Len=1448 TSval=2916036037 TSecr=3045555810 [TCP segment of a reassembled PDU]"
"26252","31.956560208","192.168.1.2","192.168.1.55","TCP","66","35960  >  8004 [ACK] Seq=141 Ack=244902 Win=113664 Len=0 TSval=3045555811 TSecr=2916036031"
"26253","31.956582023","192.168.1.55","192.168.1.2","TCP","1514","8004  >  35960 [ACK] Seq=343366 Ack=141 Win=65024 Len=1448 TSval=2916036037 TSecr=3045555811 [TCP segment of a reassembled PDU]"
"26254","31.956584226","192.168.1.55","192.168.1.2","TCP","1514","8004  >  35960 [ACK] Seq=344814 Ack=141 Win=65024 Len=1448 TSval=2916036037 TSecr=3045555811 [TCP segment of a reassembled PDU]"
"26255","31.956585504","192.168.1.55","192.168.1.2","TCP","1514","8004  >  35960 [ACK] Seq=346262 Ack=141 Win=65024 Len=1448 TSval=2916036037 TSecr=3045555811 [TCP segment of a reassembled PDU]"
"26256","31.956586875","192.168.1.55","192.168.1.2","TCP","1514","8004  >  35960 [ACK] Seq=347710 Ack=141 Win=65024 Len=1448 TSval=2916036037 TSecr=3045555811 [TCP segment of a reassembled PDU]"
"26257","31.956588356","192.168.1.55","192.168.1.2","TCP","1514","8004  >  35960 [ACK] Seq=349158 Ack=141 Win=65024 Len=1448 TSval=2916036037 TSecr=3045555811 [TCP segment of a reassembled PDU]"
"26258","31.956589597","192.168.1.55","192.168.1.2","TCP","1514","8004  >  35960 [ACK] Seq=350606 Ack=141 Win=65024 Len=1448 TSval=2916036037 TSecr=3045555811 [TCP segment of a reassembled PDU]"
"26259","31.956590875","192.168.1.55","192.168.1.2","TCP","1514","8004  >  35960 [ACK] Seq=352054 Ack=141 Win=65024 Len=1448 TSval=2916036037 TSecr=3045555811 [TCP segment of a reassembled PDU]"
"26260","31.956592208","192.168.1.55","192.168.1.2","TCP","1514","8004  >  35960 [ACK] Seq=353502 Ack=141 Win=65024 Len=1448 TSval=2916036037 TSecr=3045555811 [TCP segment of a reassembled PDU]"
"26261","31.956593597","192.168.1.55","192.168.1.2","TCP","1514","8004  >  35960 [ACK] Seq=354950 Ack=141 Win=65024 Len=1448 TSval=2916036037 TSecr=3045555811 [TCP segment of a reassembled PDU]"
"26262","31.956595134","192.168.1.55","192.168.1.2","TCP","1514","8004  >  35960 [ACK] Seq=356398 Ack=141 Win=65024 Len=1448 TSval=2916036037 TSecr=3045555811 [TCP segment of a reassembled PDU]"
"26263","31.956596578","192.168.1.55","192.168.1.2","TCP","786","[TCP Window Full] 8004  >  35960 [PSH, ACK] Seq=357846 Ack=141 Win=65024 Len=720 TSval=2916036037 TSecr=3045555811 [TCP segment of a reassembled PDU]"
"26264","31.961520938","192.168.1.2","192.168.1.55","TCP","66","35960  >  8004 [ACK] Seq=141 Ack=270966 Win=110592 Len=0 TSval=3045555814 TSecr=2916036036"
"26265","31.961547271","192.168.1.55","192.168.1.2","TCP","1514","8004  >  35960 [ACK] Seq=358566 Ack=141 Win=65024 Len=1448 TSval=2916036042 TSecr=3045555814 [TCP segment of a reassembled PDU]"
"26266","31.961549994","192.168.1.55","192.168.1.2","TCP","1514","8004  >  35960 [ACK] Seq=360014 Ack=141 Win=65024 Len=1448 TSval=2916036042 TSecr=3045555814 [TCP segment of a reassembled PDU]"
"26267","31.961551382","192.168.1.55","192.168.1.2","TCP","1514","8004  >  35960 [ACK] Seq=361462 Ack=141 Win=65024 Len=1448 TSval=2916036042 TSecr=3045555814 [TCP segment of a reassembled PDU]"
"26268","31.961552660","192.168.1.55","192.168.1.2","TCP","1514","8004  >  35960 [ACK] Seq=362910 Ack=141 Win=65024 Len=1448 TSval=2916036042 TSecr=3045555814 [TCP segment of a reassembled PDU]"
"26269","31.961553957","192.168.1.55","192.168.1.2","TCP","1514","8004  >  35960 [ACK] Seq=364358 Ack=141 Win=65024 Len=1448 TSval=2916036042 TSecr=3045555814 [TCP segment of a reassembled PDU]"
"26270","31.961555345","192.168.1.55","192.168.1.2","TCP","1514","8004  >  35960 [ACK] Seq=365806 Ack=141 Win=65024 Len=1448 TSval=2916036042 TSecr=3045555814 [TCP segment of a reassembled PDU]"
"26271","31.961556679","192.168.1.55","192.168.1.2","TCP","1514","8004  >  35960 [ACK] Seq=367254 Ack=141 Win=65024 Len=1448 TSval=2916036042 TSecr=3045555814 [TCP segment of a reassembled PDU]"
"26272","31.961558123","192.168.1.55","192.168.1.2","TCP","1514","8004  >  35960 [ACK] Seq=368702 Ack=141 Win=65024 Len=1448 TSval=2916036042 TSecr=3045555814 [TCP segment of a reassembled PDU]"
"26273","31.961559494","192.168.1.55","192.168.1.2","TCP","1514","8004  >  35960 [ACK] Seq=370150 Ack=141 Win=65024 Len=1448 TSval=2916036042 TSecr=3045555814 [TCP segment of a reassembled PDU]"
"26274","31.961560808","192.168.1.55","192.168.1.2","TCP","1514","8004  >  35960 [ACK] Seq=371598 Ack=141 Win=65024 Len=1448 TSval=2916036042 TSecr=3045555814 [TCP segment of a reassembled PDU]"
"26275","31.961562179","192.168.1.55","192.168.1.2","TCP","1514","8004  >  35960 [ACK] Seq=373046 Ack=141 Win=65024 Len=1448 TSval=2916036042 TSecr=3045555814 [TCP segment of a reassembled PDU]"
"26276","31.961563623","192.168.1.55","192.168.1.2","TCP","1514","8004  >  35960 [PSH, ACK] Seq=374494 Ack=141 Win=65024 Len=1448 TSval=2916036042 TSecr=3045555814 [TCP segment of a reassembled PDU]"
"26277","31.961569327","192.168.1.55","192.168.1.2","TCP","794","8004  >  35960 [PSH, ACK] Seq=375942 Ack=141 Win=65024 Len=728 TSval=2916036042 TSecr=3045555814 [TCP segment of a reassembled PDU]"
"26278","31.964623017","192.168.1.2","192.168.1.55","TCP","66","35960  >  8004 [ACK] Seq=141 Ack=276758 Win=124928 Len=0 TSval=3045555817 TSecr=2916036036"
"26279","31.964646054","192.168.1.55","192.168.1.2","TCP","1514","8004  >  35960 [ACK] Seq=376670 Ack=141 Win=65024 Len=1448 TSval=2916036045 TSecr=3045555817 [TCP segment of a reassembled PDU]"
"26280","31.964648517","192.168.1.55","192.168.1.2","TCP","1514","8004  >  35960 [ACK] Seq=378118 Ack=141 Win=65024 Len=1448 TSval=2916036045 TSecr=3045555817 [TCP segment of a reassembled PDU]"
"26281","31.964649943","192.168.1.55","192.168.1.2","TCP","1514","8004  >  35960 [ACK] Seq=379566 Ack=141 Win=65024 Len=1448 TSval=2916036045 TSecr=3045555817 [TCP segment of a reassembled PDU]"
"26282","31.964651313","192.168.1.55","192.168.1.2","TCP","1514","8004  >  35960 [ACK] Seq=381014 Ack=141 Win=65024 Len=1448 TSval=2916036045 TSecr=3045555817 [TCP segment of a reassembled PDU]"
"26283","31.964652591","192.168.1.55","192.168.1.2","TCP","1514","8004  >  35960 [ACK] Seq=382462 Ack=141 Win=65024 Len=1448 TSval=2916036045 TSecr=3045555817 [TCP segment of a reassembled PDU]"
"26284","31.964654054","192.168.1.55","192.168.1.2","TCP","1514","8004  >  35960 [ACK] Seq=383910 Ack=141 Win=65024 Len=1448 TSval=2916036045 TSecr=3045555817 [TCP segment of a reassembled PDU]"
"26285","31.964655406","192.168.1.55","192.168.1.2","TCP","1514","8004  >  35960 [ACK] Seq=385358 Ack=141 Win=65024 Len=1448 TSval=2916036045 TSecr=3045555817 [TCP segment of a reassembled PDU]"
"26286","31.964656850","192.168.1.55","192.168.1.2","TCP","1514","8004  >  35960 [ACK] Seq=386806 Ack=141 Win=65024 Len=1448 TSval=2916036045 TSecr=3045555817 [TCP segment of a reassembled PDU]"
"26287","31.964658147","192.168.1.55","192.168.1.2","TCP","1514","8004  >  35960 [ACK] Seq=388254 Ack=141 Win=65024 Len=1448 TSval=2916036045 TSecr=3045555817 [TCP segment of a reassembled PDU]"
"26288","31.964659443","192.168.1.55","192.168.1.2","TCP","1514","8004  >  35960 [ACK] Seq=389702 Ack=141 Win=65024 Len=1448 TSval=2916036045 TSecr=3045555817 [TCP segment of a reassembled PDU]"
"26289","31.964660850","192.168.1.55","192.168.1.2","TCP","1514","8004  >  35960 [ACK] Seq=391150 Ack=141 Win=65024 Len=1448 TSval=2916036045 TSecr=3045555817 [TCP segment of a reassembled PDU]"
"26290","31.964662369","192.168.1.55","192.168.1.2","TCP","1514","8004  >  35960 [ACK] Seq=392598 Ack=141 Win=65024 Len=1448 TSval=2916036045 TSecr=3045555817 [TCP segment of a reassembled PDU]"
"26291","31.964663869","192.168.1.55","192.168.1.2","TCP","1514","8004  >  35960 [ACK] Seq=394046 Ack=141 Win=65024 Len=1448 TSval=2916036045 TSecr=3045555817 [TCP segment of a reassembled PDU]"
"26292","31.964669536","192.168.1.55","192.168.1.2","TCP","1514","8004  >  35960 [ACK] Seq=395494 Ack=141 Win=65024 Len=1448 TSval=2916036045 TSecr=3045555817 [TCP segment of a reassembled PDU]"
"26293","31.964671665","192.168.1.55","192.168.1.2","TCP","1514","8004  >  35960 [ACK] Seq=396942 Ack=141 Win=65024 Len=1448 TSval=2916036045 TSecr=3045555817 [TCP segment of a reassembled PDU]"
"26294","31.964673128","192.168.1.55","192.168.1.2","TCP","1514","8004  >  35960 [ACK] Seq=398390 Ack=141 Win=65024 Len=1448 TSval=2916036045 TSecr=3045555817 [TCP segment of a reassembled PDU]"
"26295","31.964674573","192.168.1.55","192.168.1.2","TCP","1514","8004  >  35960 [PSH, ACK] Seq=399838 Ack=141 Win=65024 Len=1448 TSval=2916036045 TSecr=3045555817 [TCP segment of a reassembled PDU]"
"26296","31.965461907","192.168.1.2","192.168.1.55","TCP","66","35960  >  8004 [ACK] Seq=141 Ack=310062 Win=108544 Len=0 TSval=3045555817 TSecr=2916036037"
"26297","31.965484592","192.168.1.55","192.168.1.2","TCP","1514","8004  >  35960 [ACK] Seq=401286 Ack=141 Win=65024 Len=1448 TSval=2916036046 TSecr=3045555817 [TCP segment of a reassembled PDU]"
"26298","31.965487129","192.168.1.55","192.168.1.2","TCP","1514","8004  >  35960 [ACK] Seq=402734 Ack=141 Win=65024 Len=1448 TSval=2916036046 TSecr=3045555817 [TCP segment of a reassembled PDU]"
"26299","31.965488407","192.168.1.55","192.168.1.2","TCP","1514","8004  >  35960 [ACK] Seq=404182 Ack=141 Win=65024 Len=1448 TSval=2916036046 TSecr=3045555817 [TCP segment of a reassembled PDU]"
"26300","31.965489815","192.168.1.55","192.168.1.2","TCP","1514","8004  >  35960 [ACK] Seq=405630 Ack=141 Win=65024 Len=1448 TSval=2916036046 TSecr=3045555817 [TCP segment of a reassembled PDU]"
"26301","31.965491074","192.168.1.55","192.168.1.2","TCP","1514","8004  >  35960 [ACK] Seq=407078 Ack=141 Win=65024 Len=1448 TSval=2916036046 TSecr=3045555817 [TCP segment of a reassembled PDU]"
"26302","31.965492389","192.168.1.55","192.168.1.2","TCP","1514","8004  >  35960 [PSH, ACK] Seq=408526 Ack=141 Win=65024 Len=1448 TSval=2916036046 TSecr=3045555817 [TCP segment of a reassembled PDU]"
"26303","31.965497518","192.168.1.2","192.168.1.55","TCP","66","35960  >  8004 [ACK] Seq=141 Ack=343366 Win=84992 Len=0 TSval=3045555818 TSecr=2916036037"
"26304","31.965540611","192.168.1.2","192.168.1.55","TCP","66","35960  >  8004 [ACK] Seq=141 Ack=349158 Win=79872 Len=0 TSval=3045555818 TSecr=2916036037"
"26305","31.965606333","192.168.1.2","192.168.1.55","TCP","66","35960  >  8004 [ACK] Seq=141 Ack=358566 Win=123904 Len=0 TSval=3045555820 TSecr=2916036037"
"26306","31.965639611","192.168.1.55","192.168.1.2","TCP","1514","8004  >  35960 [ACK] Seq=409974 Ack=141 Win=65024 Len=1448 TSval=2916036046 TSecr=3045555820 [TCP segment of a reassembled PDU]"
"26307","31.965642278","192.168.1.55","192.168.1.2","TCP","1514","8004  >  35960 [ACK] Seq=411422 Ack=141 Win=65024 Len=1448 TSval=2916036046 TSecr=3045555820 [TCP segment of a reassembled PDU]"
"26308","31.965643759","192.168.1.55","192.168.1.2","TCP","1514","8004  >  35960 [ACK] Seq=412870 Ack=141 Win=65024 Len=1448 TSval=2916036046 TSecr=3045555820 [TCP segment of a reassembled PDU]"
"26309","31.965645296","192.168.1.55","192.168.1.2","TCP","1514","8004  >  35960 [ACK] Seq=414318 Ack=141 Win=65024 Len=1448 TSval=2916036046 TSecr=3045555820 [TCP segment of a reassembled PDU]"
"26310","31.965646796","192.168.1.55","192.168.1.2","TCP","1514","8004  >  35960 [ACK] Seq=415766 Ack=141 Win=65024 Len=1448 TSval=2916036046 TSecr=3045555820 [TCP segment of a reassembled PDU]"
"26311","31.965648093","192.168.1.55","192.168.1.2","TCP","1514","8004  >  35960 [ACK] Seq=417214 Ack=141 Win=65024 Len=1448 TSval=2916036046 TSecr=3045555820 [TCP segment of a reassembled PDU]"
"26312","31.965649500","192.168.1.55","192.168.1.2","TCP","1514","8004  >  35960 [ACK] Seq=418662 Ack=141 Win=65024 Len=1448 TSval=2916036046 TSecr=3045555820 [TCP segment of a reassembled PDU]"
"26313","31.965650982","192.168.1.55","192.168.1.2","TCP","1514","8004  >  35960 [ACK] Seq=420110 Ack=141 Win=65024 Len=1448 TSval=2916036046 TSecr=3045555820 [TCP segment of a reassembled PDU]"
"26314","31.965652500","192.168.1.55","192.168.1.2","TCP","1514","8004  >  35960 [ACK] Seq=421558 Ack=141 Win=65024 Len=1448 TSval=2916036046 TSecr=3045555820 [TCP segment of a reassembled PDU]"
"26315","31.965653815","192.168.1.55","192.168.1.2","TCP","1514","8004  >  35960 [ACK] Seq=423006 Ack=141 Win=65024 Len=1448 TSval=2916036046 TSecr=3045555820 [TCP segment of a reassembled PDU]"
"26316","31.965655259","192.168.1.55","192.168.1.2","TCP","1514","8004  >  35960 [ACK] Seq=424454 Ack=141 Win=65024 Len=1448 TSval=2916036046 TSecr=3045555820 [TCP segment of a reassembled PDU]"
"26317","31.965656593","192.168.1.55","192.168.1.2","TCP","1514","8004  >  35960 [ACK] Seq=425902 Ack=141 Win=65024 Len=1448 TSval=2916036046 TSecr=3045555820 [TCP segment of a reassembled PDU]"
"26318","31.965658056","192.168.1.55","192.168.1.2","TCP","1514","8004  >  35960 [ACK] Seq=427350 Ack=141 Win=65024 Len=1448 TSval=2916036046 TSecr=3045555820 [TCP segment of a reassembled PDU]"
"26319","31.965659500","192.168.1.55","192.168.1.2","TCP","1514","8004  >  35960 [ACK] Seq=428798 Ack=141 Win=65024 Len=1448 TSval=2916036046 TSecr=3045555820 [TCP segment of a reassembled PDU]"
"26320","31.965660889","192.168.1.55","192.168.1.2","TCP","1514","8004  >  35960 [ACK] Seq=430246 Ack=141 Win=65024 Len=1448 TSval=2916036046 TSecr=3045555820 [TCP segment of a reassembled PDU]"
"26321","31.965662667","192.168.1.55","192.168.1.2","TCP","1514","8004  >  35960 [ACK] Seq=431694 Ack=141 Win=65024 Len=1448 TSval=2916036046 TSecr=3045555820 [TCP segment of a reassembled PDU]"
"26322","31.965664056","192.168.1.55","192.168.1.2","TCP","1514","8004  >  35960 [ACK] Seq=433142 Ack=141 Win=65024 Len=1448 TSval=2916036046 TSecr=3045555820 [TCP segment of a reassembled PDU]"
"26323","31.965665500","192.168.1.55","192.168.1.2","TCP","1514","8004  >  35960 [ACK] Seq=434590 Ack=141 Win=65024 Len=1448 TSval=2916036046 TSecr=3045555820 [TCP segment of a reassembled PDU]"
"26324","31.965666963","192.168.1.55","192.168.1.2","TCP","1514","8004  >  35960 [ACK] Seq=436038 Ack=141 Win=65024 Len=1448 TSval=2916036046 TSecr=3045555820 [TCP segment of a reassembled PDU]"
"26325","31.965668500","192.168.1.55","192.168.1.2","TCP","1514","8004  >  35960 [ACK] Seq=437486 Ack=141 Win=65024 Len=1448 TSval=2916036046 TSecr=3045555820 [TCP segment of a reassembled PDU]"
"26326","31.965670074","192.168.1.55","192.168.1.2","TCP","1514","8004  >  35960 [ACK] Seq=438934 Ack=141 Win=65024 Len=1448 TSval=2916036046 TSecr=3045555820 [TCP segment of a reassembled PDU]"
"26327","31.965671445","192.168.1.55","192.168.1.2","TCP","1514","8004  >  35960 [ACK] Seq=440382 Ack=141 Win=65024 Len=1448 TSval=2916036046 TSecr=3045555820 [TCP segment of a reassembled PDU]"
"26328","31.965673019","192.168.1.55","192.168.1.2","TCP","1514","8004  >  35960 [PSH, ACK] Seq=441830 Ack=141 Win=65024 Len=1448 TSval=2916036046 TSecr=3045555820 [TCP segment of a reassembled PDU]"
"26329","31.965703445","192.168.1.55","192.168.1.2","TCP","1514","8004  >  35960 [ACK] Seq=443278 Ack=141 Win=65024 Len=1448 TSval=2916036046 TSecr=3045555820 [TCP segment of a reassembled PDU]"
"26330","31.965705056","192.168.1.55","192.168.1.2","TCP","1514","8004  >  35960 [ACK] Seq=444726 Ack=141 Win=65024 Len=1448 TSval=2916036046 TSecr=3045555820 [TCP segment of a reassembled PDU]"
"26331","31.965707445","192.168.1.55","192.168.1.2","TCP","1514","8004  >  35960 [ACK] Seq=446174 Ack=141 Win=65024 Len=1448 TSval=2916036046 TSecr=3045555820 [TCP segment of a reassembled PDU]"
"26332","31.965709519","192.168.1.55","192.168.1.2","TCP","1514","8004  >  35960 [ACK] Seq=447622 Ack=141 Win=65024 Len=1448 TSval=2916036046 TSecr=3045555820 [TCP segment of a reassembled PDU]"
"26333","31.965710963","192.168.1.55","192.168.1.2","TCP","1514","8004  >  35960 [ACK] Seq=449070 Ack=141 Win=65024 Len=1448 TSval=2916036046 TSecr=3045555820 [TCP segment of a reassembled PDU]"
"26334","31.965712426","192.168.1.55","192.168.1.2","TCP","1514","8004  >  35960 [ACK] Seq=450518 Ack=141 Win=65024 Len=1448 TSval=2916036046 TSecr=3045555820 [TCP segment of a reassembled PDU]"
"26335","31.965713945","192.168.1.55","192.168.1.2","TCP","1514","8004  >  35960 [ACK] Seq=451966 Ack=141 Win=65024 Len=1448 TSval=2916036046 TSecr=3045555820 [TCP segment of a reassembled PDU]"
"26336","31.965715648","192.168.1.55","192.168.1.2","TCP","1514","8004  >  35960 [ACK] Seq=453414 Ack=141 Win=65024 Len=1448 TSval=2916036046 TSecr=3045555820 [TCP segment of a reassembled PDU]"
"26337","31.965717204","192.168.1.55","192.168.1.2","TCP","1514","8004  >  35960 [ACK] Seq=454862 Ack=141 Win=65024 Len=1448 TSval=2916036046 TSecr=3045555820 [TCP segment of a reassembled PDU]"
"26338","31.965718685","192.168.1.55","192.168.1.2","TCP","1514","8004  >  35960 [ACK] Seq=456310 Ack=141 Win=65024 Len=1448 TSval=2916036046 TSecr=3045555820 [TCP segment of a reassembled PDU]"
"26339","31.965720019","192.168.1.55","192.168.1.2","TCP","1514","8004  >  35960 [ACK] Seq=457758 Ack=141 Win=65024 Len=1448 TSval=2916036046 TSecr=3045555820 [TCP segment of a reassembled PDU]"
"26340","31.965721926","192.168.1.55","192.168.1.2","TCP","1514","8004  >  35960 [ACK] Seq=459206 Ack=141 Win=65024 Len=1448 TSval=2916036046 TSecr=3045555820 [TCP segment of a reassembled PDU]"
"26341","31.965723389","192.168.1.55","192.168.1.2","TCP","1514","8004  >  35960 [ACK] Seq=460654 Ack=141 Win=65024 Len=1448 TSval=2916036046 TSecr=3045555820 [TCP segment of a reassembled PDU]"
"26342","31.965724963","192.168.1.55","192.168.1.2","TCP","1514","8004  >  35960 [ACK] Seq=462102 Ack=141 Win=65024 Len=1448 TSval=2916036046 TSecr=3045555820 [TCP segment of a reassembled PDU]"
"26343","31.965726333","192.168.1.55","192.168.1.2","TCP","1514","8004  >  35960 [ACK] Seq=463550 Ack=141 Win=65024 Len=1448 TSval=2916036046 TSecr=3045555820 [TCP segment of a reassembled PDU]"
"26344","31.965727796","192.168.1.55","192.168.1.2","TCP","1514","8004  >  35960 [ACK] Seq=464998 Ack=141 Win=65024 Len=1448 TSval=2916036046 TSecr=3045555820 [TCP segment of a reassembled PDU]"
"26345","31.965729148","192.168.1.55","192.168.1.2","TCP","1514","8004  >  35960 [ACK] Seq=466446 Ack=141 Win=65024 Len=1448 TSval=2916036046 TSecr=3045555820 [TCP segment of a reassembled PDU]"
"26346","31.965730611","192.168.1.55","192.168.1.2","TCP","1514","8004  >  35960 [ACK] Seq=467894 Ack=141 Win=65024 Len=1448 TSval=2916036046 TSecr=3045555820 [TCP segment of a reassembled PDU]"
"26347","31.965731945","192.168.1.55","192.168.1.2","TCP","1514","8004  >  35960 [ACK] Seq=469342 Ack=141 Win=65024 Len=1448 TSval=2916036046 TSecr=3045555820 [TCP segment of a reassembled PDU]"
"26348","31.965733389","192.168.1.55","192.168.1.2","TCP","1514","8004  >  35960 [ACK] Seq=470790 Ack=141 Win=65024 Len=1448 TSval=2916036046 TSecr=3045555820 [TCP segment of a reassembled PDU]"
"26349","31.965734963","192.168.1.55","192.168.1.2","TCP","1514","8004  >  35960 [ACK] Seq=472238 Ack=141 Win=65024 Len=1448 TSval=2916036046 TSecr=3045555820 [TCP segment of a reassembled PDU]"
"26350","31.965736926","192.168.1.55","192.168.1.2","TCP","1514","8004  >  35960 [ACK] Seq=473686 Ack=141 Win=65024 Len=1448 TSval=2916036046 TSecr=3045555820 [TCP segment of a reassembled PDU]"
"26351","31.965738445","192.168.1.55","192.168.1.2","TCP","1514","8004  >  35960 [PSH, ACK] Seq=475134 Ack=141 Win=65024 Len=1448 TSval=2916036046 TSecr=3045555820 [TCP segment of a reassembled PDU]"
"26352","31.965743889","192.168.1.2","192.168.1.55","TCP","66","35960  >  8004 [ACK] Seq=141 Ack=375942 Win=151552 Len=0 TSval=3045555820 TSecr=2916036042"
"26353","31.965779871","192.168.1.55","192.168.1.2","TCP","1514","8004  >  35960 [ACK] Seq=476582 Ack=141 Win=65024 Len=1448 TSval=2916036046 TSecr=3045555820 [TCP segment of a reassembled PDU]"
"26354","31.965782704","192.168.1.55","192.168.1.2","TCP","1514","8004  >  35960 [ACK] Seq=478030 Ack=141 Win=65024 Len=1448 TSval=2916036046 TSecr=3045555820 [TCP segment of a reassembled PDU]"
"26355","31.965784093","192.168.1.55","192.168.1.2","TCP","1514","8004  >  35960 [ACK] Seq=479478 Ack=141 Win=65024 Len=1448 TSval=2916036046 TSecr=3045555820 [TCP segment of a reassembled PDU]"
"26356","31.965785371","192.168.1.55","192.168.1.2","TCP","1514","8004  >  35960 [ACK] Seq=480926 Ack=141 Win=65024 Len=1448 TSval=2916036046 TSecr=3045555820 [TCP segment of a reassembled PDU]"
"26357","31.965786778","192.168.1.55","192.168.1.2","TCP","1514","8004  >  35960 [ACK] Seq=482374 Ack=141 Win=65024 Len=1448 TSval=2916036046 TSecr=3045555820 [TCP segment of a reassembled PDU]"
"26358","31.965788074","192.168.1.55","192.168.1.2","TCP","1514","8004  >  35960 [ACK] Seq=483822 Ack=141 Win=65024 Len=1448 TSval=2916036046 TSecr=3045555820 [TCP segment of a reassembled PDU]"
"26359","31.965789537","192.168.1.55","192.168.1.2","TCP","1514","8004  >  35960 [ACK] Seq=485270 Ack=141 Win=65024 Len=1448 TSval=2916036046 TSecr=3045555820 [TCP segment of a reassembled PDU]"
"26360","31.965790908","192.168.1.55","192.168.1.2","TCP","1514","8004  >  35960 [ACK] Seq=486718 Ack=141 Win=65024 Len=1448 TSval=2916036046 TSecr=3045555820 [TCP segment of a reassembled PDU]"
"26361","31.965792315","192.168.1.55","192.168.1.2","TCP","1514","8004  >  35960 [ACK] Seq=488166 Ack=141 Win=65024 Len=1448 TSval=2916036046 TSecr=3045555820 [TCP segment of a reassembled PDU]"
"26362","31.965793945","192.168.1.55","192.168.1.2","TCP","1514","8004  >  35960 [ACK] Seq=489614 Ack=141 Win=65024 Len=1448 TSval=2916036046 TSecr=3045555820 [TCP segment of a reassembled PDU]"
"26363","31.965795278","192.168.1.55","192.168.1.2","TCP","1514","8004  >  35960 [ACK] Seq=491062 Ack=141 Win=65024 Len=1448 TSval=2916036046 TSecr=3045555820 [TCP segment of a reassembled PDU]"
"26364","31.965796685","192.168.1.55","192.168.1.2","TCP","1514","8004  >  35960 [ACK] Seq=492510 Ack=141 Win=65024 Len=1448 TSval=2916036046 TSecr=3045555820 [TCP segment of a reassembled PDU]"
"26365","31.965798130","192.168.1.55","192.168.1.2","TCP","1514","8004  >  35960 [ACK] Seq=493958 Ack=141 Win=65024 Len=1448 TSval=2916036046 TSecr=3045555820 [TCP segment of a reassembled PDU]"
"26366","31.965799519","192.168.1.55","192.168.1.2","TCP","1514","8004  >  35960 [ACK] Seq=495406 Ack=141 Win=65024 Len=1448 TSval=2916036046 TSecr=3045555820 [TCP segment of a reassembled PDU]"
"26367","31.965800778","192.168.1.55","192.168.1.2","TCP","1514","8004  >  35960 [PSH, ACK] Seq=496854 Ack=141 Win=65024 Len=1448 TSval=2916036046 TSecr=3045555820 [TCP segment of a reassembled PDU]"
"26368","31.965805815","192.168.1.2","192.168.1.55","TCP","66","35960  >  8004 [ACK] Seq=141 Ack=376670 Win=154624 Len=0 TSval=3045555820 TSecr=2916036042"
"26369","31.965817611","192.168.1.55","192.168.1.2","HTTP","1472","HTTP/1.0 200 OK  (PNG)"
"26370","31.972477196","192.168.1.2","192.168.1.55","TCP","66","35960  >  8004 [ACK] Seq=141 Ack=401286 Win=165888 Len=0 TSval=3045555827 TSecr=2916036045"
"26371","31.972620881","192.168.1.2","192.168.1.55","TCP","66","35960  >  8004 [ACK] Seq=141 Ack=409974 Win=179200 Len=0 TSval=3045555828 TSecr=2916036046"
"26372","31.972627067","192.168.1.2","192.168.1.55","TCP","66","35960  >  8004 [ACK] Seq=141 Ack=443278 Win=155648 Len=0 TSval=3045555828 TSecr=2916036046"
"26373","31.972632252","192.168.1.2","192.168.1.55","TCP","66","35960  >  8004 [ACK] Seq=141 Ack=476582 Win=161792 Len=0 TSval=3045555828 TSecr=2916036046"
"26374","31.972744715","192.168.1.2","192.168.1.55","TCP","66","35960  >  8004 [ACK] Seq=141 Ack=493958 Win=173056 Len=0 TSval=3045555828 TSecr=2916036046"
"26375","31.972756604","192.168.1.2","192.168.1.55","TCP","66","35960  >  8004 [ACK] Seq=141 Ack=495406 Win=181248 Len=0 TSval=3045555828 TSecr=2916036046"
"26376","31.973782587","192.168.1.2","192.168.1.55","TCP","66","35960  >  8004 [ACK] Seq=141 Ack=498302 Win=183296 Len=0 TSval=3045555828 TSecr=2916036046"
"26377","31.974838996","192.168.1.2","192.168.1.55","TCP","66","35960  >  8004 [FIN, ACK] Seq=141 Ack=499709 Win=183296 Len=0 TSval=3045555829 TSecr=2916036046"
"26378","31.974855663","192.168.1.55","192.168.1.2","TCP","66","8004  >  35960 [ACK] Seq=499709 Ack=142 Win=65024 Len=0 TSval=2916036055 TSecr=3045555829"
"26379","31.974962830","192.168.1.2","192.168.1.55","TCP","74","35970  >  8004 [SYN] Seq=0 Win=64240 Len=0 MSS=1460 SACK_PERM TSval=3045555830 TSecr=0 WS=1024"
"26380","31.974987941","192.168.1.55","192.168.1.2","TCP","74","8004  >  35970 [SYN, ACK] Seq=0 Ack=1 Win=65160 Len=0 MSS=1460 SACK_PERM TSval=2916036055 TSecr=3045555830 WS=128"
"26381","31.978113631","192.168.1.2","192.168.1.55","TCP","66","35970  >  8004 [ACK] Seq=1 Ack=1 Win=64512 Len=0 TSval=3045555833 TSecr=2916036055"
"26382","31.981337747","192.168.1.2","192.168.1.55","HTTP","209","GET /original_benchmark.png HTTP/1.1 "
"26383","31.981351229","192.168.1.55","192.168.1.2","TCP","66","8004  >  35970 [ACK] Seq=1 Ack=144 Win=65024 Len=0 TSval=2916036062 TSecr=3045555833"
"26384","31.981814266","192.168.1.55","192.168.1.2","TCP","255","8004  >  35970 [PSH, ACK] Seq=1 Ack=144 Win=65024 Len=189 TSval=2916036062 TSecr=3045555833 [TCP segment of a reassembled PDU]"
"26385","31.981902489","192.168.1.55","192.168.1.2","TCP","1514","8004  >  35970 [ACK] Seq=190 Ack=144 Win=65024 Len=1448 TSval=2916036062 TSecr=3045555833 [TCP segment of a reassembled PDU]"
"26386","31.981906896","192.168.1.55","192.168.1.2","TCP","1514","8004  >  35970 [ACK] Seq=1638 Ack=144 Win=65024 Len=1448 TSval=2916036062 TSecr=3045555833 [TCP segment of a reassembled PDU]"
"26387","31.981908359","192.168.1.55","192.168.1.2","TCP","1514","8004  >  35970 [ACK] Seq=3086 Ack=144 Win=65024 Len=1448 TSval=2916036062 TSecr=3045555833 [TCP segment of a reassembled PDU]"
"26388","31.981909674","192.168.1.55","192.168.1.2","TCP","1514","8004  >  35970 [ACK] Seq=4534 Ack=144 Win=65024 Len=1448 TSval=2916036062 TSecr=3045555833 [TCP segment of a reassembled PDU]"
"26389","31.981911378","192.168.1.55","192.168.1.2","TCP","1514","8004  >  35970 [PSH, ACK] Seq=5982 Ack=144 Win=65024 Len=1448 TSval=2916036062 TSecr=3045555833 [TCP segment of a reassembled PDU]"
"26390","31.981927822","192.168.1.55","192.168.1.2","TCP","1514","8004  >  35970 [ACK] Seq=7430 Ack=144 Win=65024 Len=1448 TSval=2916036062 TSecr=3045555833 [TCP segment of a reassembled PDU]"
"26391","31.981930174","192.168.1.55","192.168.1.2","TCP","1514","8004  >  35970 [ACK] Seq=8878 Ack=144 Win=65024 Len=1448 TSval=2916036062 TSecr=3045555833 [TCP segment of a reassembled PDU]"
"26392","31.981931470","192.168.1.55","192.168.1.2","TCP","1514","8004  >  35970 [ACK] Seq=10326 Ack=144 Win=65024 Len=1448 TSval=2916036062 TSecr=3045555833 [TCP segment of a reassembled PDU]"
"26393","31.981932655","192.168.1.55","192.168.1.2","TCP","1514","8004  >  35970 [PSH, ACK] Seq=11774 Ack=144 Win=65024 Len=1448 TSval=2916036062 TSecr=3045555833 [TCP segment of a reassembled PDU]"
"26394","31.986035458","192.168.1.2","192.168.1.55","TCP","66","35970  >  8004 [ACK] Seq=144 Ack=190 Win=64512 Len=0 TSval=3045555840 TSecr=2916036062"
"26395","31.986145421","192.168.1.55","192.168.1.2","TCP","1514","8004  >  35970 [ACK] Seq=13222 Ack=144 Win=65024 Len=1448 TSval=2916036066 TSecr=3045555840 [TCP segment of a reassembled PDU]"
"26396","31.986156903","192.168.1.55","192.168.1.2","TCP","1514","8004  >  35970 [PSH, ACK] Seq=14670 Ack=144 Win=65024 Len=1448 TSval=2916036066 TSecr=3045555840 [TCP segment of a reassembled PDU]"
"26397","31.986317588","192.168.1.2","192.168.1.55","TCP","66","35970  >  8004 [ACK] Seq=144 Ack=3086 Win=70656 Len=0 TSval=3045555840 TSecr=2916036062"
"26398","31.986352699","192.168.1.2","192.168.1.55","TCP","66","35970  >  8004 [ACK] Seq=144 Ack=5982 Win=76800 Len=0 TSval=3045555840 TSecr=2916036062"
"26399","31.986422829","192.168.1.55","192.168.1.2","TCP","1514","8004  >  35970 [ACK] Seq=16118 Ack=144 Win=65024 Len=1448 TSval=2916036067 TSecr=3045555840 [TCP segment of a reassembled PDU]"
"26400","31.986430811","192.168.1.55","192.168.1.2","TCP","1514","8004  >  35970 [ACK] Seq=17566 Ack=144 Win=65024 Len=1448 TSval=2916036067 TSecr=3045555840 [TCP segment of a reassembled PDU]"
"26401","31.986434292","192.168.1.55","192.168.1.2","TCP","1514","8004  >  35970 [ACK] Seq=19014 Ack=144 Win=65024 Len=1448 TSval=2916036067 TSecr=3045555840 [TCP segment of a reassembled PDU]"
"26402","31.986436774","192.168.1.55","192.168.1.2","TCP","1514","8004  >  35970 [ACK] Seq=20462 Ack=144 Win=65024 Len=1448 TSval=2916036067 TSecr=3045555840 [TCP segment of a reassembled PDU]"
"26403","31.986438570","192.168.1.55","192.168.1.2","TCP","1514","8004  >  35970 [ACK] Seq=21910 Ack=144 Win=65024 Len=1448 TSval=2916036067 TSecr=3045555840 [TCP segment of a reassembled PDU]"
"26404","31.986440922","192.168.1.55","192.168.1.2","TCP","1514","8004  >  35970 [ACK] Seq=23358 Ack=144 Win=65024 Len=1448 TSval=2916036067 TSecr=3045555840 [TCP segment of a reassembled PDU]"
"26405","31.986443218","192.168.1.55","192.168.1.2","TCP","1514","8004  >  35970 [PSH, ACK] Seq=24806 Ack=144 Win=65024 Len=1448 TSval=2916036067 TSecr=3045555840 [TCP segment of a reassembled PDU]"
"26406","31.986455718","192.168.1.2","192.168.1.55","TCP","66","35970  >  8004 [ACK] Seq=144 Ack=7430 Win=79872 Len=0 TSval=3045555840 TSecr=2916036062"
"26407","31.986472274","192.168.1.2","192.168.1.55","TCP","66","35970  >  8004 [ACK] Seq=144 Ack=13222 Win=84992 Len=0 TSval=3045555840 TSecr=2916036062"
"26408","31.986530496","192.168.1.55","192.168.1.2","TCP","1514","8004  >  35970 [ACK] Seq=26254 Ack=144 Win=65024 Len=1448 TSval=2916036067 TSecr=3045555840 [TCP segment of a reassembled PDU]"
"26409","31.986538422","192.168.1.55","192.168.1.2","TCP","1514","8004  >  35970 [ACK] Seq=27702 Ack=144 Win=65024 Len=1448 TSval=2916036067 TSecr=3045555840 [TCP segment of a reassembled PDU]"
"26410","31.986540792","192.168.1.55","192.168.1.2","TCP","1514","8004  >  35970 [ACK] Seq=29150 Ack=144 Win=65024 Len=1448 TSval=2916036067 TSecr=3045555840 [TCP segment of a reassembled PDU]"
"26411","31.986543052","192.168.1.55","192.168.1.2","TCP","1514","8004  >  35970 [ACK] Seq=30598 Ack=144 Win=65024 Len=1448 TSval=2916036067 TSecr=3045555840 [TCP segment of a reassembled PDU]"
"26412","31.986547459","192.168.1.55","192.168.1.2","TCP","1514","8004  >  35970 [ACK] Seq=32046 Ack=144 Win=65024 Len=1448 TSval=2916036067 TSecr=3045555840 [TCP segment of a reassembled PDU]"
"26413","31.986549348","192.168.1.55","192.168.1.2","TCP","1514","8004  >  35970 [ACK] Seq=33494 Ack=144 Win=65024 Len=1448 TSval=2916036067 TSecr=3045555840 [TCP segment of a reassembled PDU]"
"26414","31.986552033","192.168.1.55","192.168.1.2","TCP","1514","8004  >  35970 [ACK] Seq=34942 Ack=144 Win=65024 Len=1448 TSval=2916036067 TSecr=3045555840 [TCP segment of a reassembled PDU]"
"26415","31.986554218","192.168.1.55","192.168.1.2","TCP","1514","8004  >  35970 [ACK] Seq=36390 Ack=144 Win=65024 Len=1448 TSval=2916036067 TSecr=3045555840 [TCP segment of a reassembled PDU]"
"26416","31.986556089","192.168.1.55","192.168.1.2","TCP","1514","8004  >  35970 [ACK] Seq=37838 Ack=144 Win=65024 Len=1448 TSval=2916036067 TSecr=3045555840 [TCP segment of a reassembled PDU]"
"26417","31.986559422","192.168.1.55","192.168.1.2","TCP","1514","8004  >  35970 [PSH, ACK] Seq=39286 Ack=144 Win=65024 Len=1448 TSval=2916036067 TSecr=3045555840 [TCP segment of a reassembled PDU]"
"26418","31.987477275","192.168.1.55","192.168.1.2","TCP","1514","8004  >  35970 [ACK] Seq=40734 Ack=144 Win=65024 Len=1448 TSval=2916036068 TSecr=3045555840 [TCP segment of a reassembled PDU]"
"26419","31.991844801","192.168.1.2","192.168.1.55","TCP","66","35970  >  8004 [ACK] Seq=144 Ack=16118 Win=90112 Len=0 TSval=3045555845 TSecr=2916036066"
"26420","31.991893023","192.168.1.55","192.168.1.2","TCP","1514","8004  >  35970 [ACK] Seq=42182 Ack=144 Win=65024 Len=1448 TSval=2916036072 TSecr=3045555845 [TCP segment of a reassembled PDU]"
"26421","31.991897301","192.168.1.55","192.168.1.2","TCP","1514","8004  >  35970 [PSH, ACK] Seq=43630 Ack=144 Win=65024 Len=1448 TSval=2916036072 TSecr=3045555845 [TCP segment of a reassembled PDU]"
"26422","31.991969023","192.168.1.2","192.168.1.55","TCP","66","35970  >  8004 [ACK] Seq=144 Ack=26254 Win=83968 Len=0 TSval=3045555845 TSecr=2916036067"
"26423","31.992005875","192.168.1.55","192.168.1.2","TCP","1514","8004  >  35970 [ACK] Seq=45078 Ack=144 Win=65024 Len=1448 TSval=2916036072 TSecr=3045555845 [TCP segment of a reassembled PDU]"
"26424","31.992007986","192.168.1.55","192.168.1.2","TCP","1514","8004  >  35970 [ACK] Seq=46526 Ack=144 Win=65024 Len=1448 TSval=2916036072 TSecr=3045555845 [TCP segment of a reassembled PDU]"
"26425","31.992009208","192.168.1.55","192.168.1.2","TCP","1514","8004  >  35970 [ACK] Seq=47974 Ack=144 Win=65024 Len=1448 TSval=2916036072 TSecr=3045555845 [TCP segment of a reassembled PDU]"
"26426","31.992010505","192.168.1.55","192.168.1.2","TCP","1514","8004  >  35970 [ACK] Seq=49422 Ack=144 Win=65024 Len=1448 TSval=2916036072 TSecr=3045555845 [TCP segment of a reassembled PDU]"
"26427","31.992012394","192.168.1.55","192.168.1.2","TCP","1514","8004  >  35970 [ACK] Seq=50870 Ack=144 Win=65024 Len=1448 TSval=2916036072 TSecr=3045555845 [TCP segment of a reassembled PDU]"
"26428","31.992014153","192.168.1.55","192.168.1.2","TCP","1514","8004  >  35970 [ACK] Seq=52318 Ack=144 Win=65024 Len=1448 TSval=2916036072 TSecr=3045555845 [TCP segment of a reassembled PDU]"
"26429","31.992015579","192.168.1.55","192.168.1.2","TCP","1514","8004  >  35970 [ACK] Seq=53766 Ack=144 Win=65024 Len=1448 TSval=2916036072 TSecr=3045555845 [TCP segment of a reassembled PDU]"
"26430","31.992016801","192.168.1.55","192.168.1.2","TCP","1514","8004  >  35970 [ACK] Seq=55214 Ack=144 Win=65024 Len=1448 TSval=2916036072 TSecr=3045555845 [TCP segment of a reassembled PDU]"
"26431","31.992018208","192.168.1.55","192.168.1.2","TCP","1514","8004  >  35970 [ACK] Seq=56662 Ack=144 Win=65024 Len=1448 TSval=2916036072 TSecr=3045555845 [TCP segment of a reassembled PDU]"
"26432","31.992019597","192.168.1.55","192.168.1.2","TCP","1514","8004  >  35970 [ACK] Seq=58110 Ack=144 Win=65024 Len=1448 TSval=2916036072 TSecr=3045555845 [TCP segment of a reassembled PDU]"
"26433","31.992020764","192.168.1.55","192.168.1.2","TCP","1514","8004  >  35970 [ACK] Seq=59558 Ack=144 Win=65024 Len=1448 TSval=2916036072 TSecr=3045555845 [TCP segment of a reassembled PDU]"
"26434","31.992022282","192.168.1.55","192.168.1.2","TCP","1514","8004  >  35970 [ACK] Seq=61006 Ack=144 Win=65024 Len=1448 TSval=2916036072 TSecr=3045555845 [TCP segment of a reassembled PDU]"
"26435","31.992024153","192.168.1.55","192.168.1.2","TCP","1514","8004  >  35970 [ACK] Seq=62454 Ack=144 Win=65024 Len=1448 TSval=2916036072 TSecr=3045555845 [TCP segment of a reassembled PDU]"
"26436","31.992025708","192.168.1.55","192.168.1.2","TCP","1514","8004  >  35970 [PSH, ACK] Seq=63902 Ack=144 Win=65024 Len=1448 TSval=2916036072 TSecr=3045555845 [TCP segment of a reassembled PDU]"
"26437","31.992030357","192.168.1.2","192.168.1.55","TCP","66","35970  >  8004 [ACK] Seq=144 Ack=36390 Win=74752 Len=0 TSval=3045555845 TSecr=2916036067"
"26438","31.992058949","192.168.1.55","192.168.1.2","TCP","1514","8004  >  35970 [ACK] Seq=65350 Ack=144 Win=65024 Len=1448 TSval=2916036072 TSecr=3045555845 [TCP segment of a reassembled PDU]"
"26439","31.992061671","192.168.1.55","192.168.1.2","TCP","1514","8004  >  35970 [ACK] Seq=66798 Ack=144 Win=65024 Len=1448 TSval=2916036072 TSecr=3045555845 [TCP segment of a reassembled PDU]"
"26440","31.992063208","192.168.1.55","192.168.1.2","TCP","1514","8004  >  35970 [ACK] Seq=68246 Ack=144 Win=65024 Len=1448 TSval=2916036072 TSecr=3045555845 [TCP segment of a reassembled PDU]"
"26441","31.992064375","192.168.1.55","192.168.1.2","TCP","1514","8004  >  35970 [ACK] Seq=69694 Ack=144 Win=65024 Len=1448 TSval=2916036072 TSecr=3045555845 [TCP segment of a reassembled PDU]"
"26442","31.992065708","192.168.1.55","192.168.1.2","TCP","1514","8004  >  35970 [ACK] Seq=71142 Ack=144 Win=65024 Len=1448 TSval=2916036072 TSecr=3045555845 [TCP segment of a reassembled PDU]"
"26443","31.992067116","192.168.1.55","192.168.1.2","TCP","1514","8004  >  35970 [ACK] Seq=72590 Ack=144 Win=65024 Len=1448 TSval=2916036072 TSecr=3045555845 [TCP segment of a reassembled PDU]"
"26444","31.992068468","192.168.1.55","192.168.1.2","TCP","1514","8004  >  35970 [ACK] Seq=74038 Ack=144 Win=65024 Len=1448 TSval=2916036072 TSecr=3045555845 [TCP segment of a reassembled PDU]"
"26445","31.992070857","192.168.1.55","192.168.1.2","TCP","1514","8004  >  35970 [PSH, ACK] Seq=75486 Ack=144 Win=65024 Len=1448 TSval=2916036072 TSecr=3045555845 [TCP segment of a reassembled PDU]"
"26446","31.992077634","192.168.1.2","192.168.1.55","TCP","66","35970  >  8004 [ACK] Seq=144 Ack=39286 Win=90112 Len=0 TSval=3045555846 TSecr=2916036067"
"26447","31.992187949","192.168.1.2","192.168.1.55","TCP","66","35970  >  8004 [ACK] Seq=144 Ack=40734 Win=91136 Len=0 TSval=3045555846 TSecr=2916036067"
"26448","31.992214542","192.168.1.2","192.168.1.55","TCP","66","35970  >  8004 [ACK] Seq=144 Ack=42182 Win=90112 Len=0 TSval=3045555846 TSecr=2916036068"
"26449","31.993168932","192.168.1.55","192.168.1.2","TCP","1514","8004  >  35970 [ACK] Seq=76934 Ack=144 Win=65024 Len=1448 TSval=2916036073 TSecr=3045555846 [TCP segment of a reassembled PDU]"
"26450","31.993173229","192.168.1.55","192.168.1.2","TCP","1514","8004  >  35970 [ACK] Seq=78382 Ack=144 Win=65024 Len=1448 TSval=2916036073 TSecr=3045555846 [TCP segment of a reassembled PDU]"
"26451","31.993174618","192.168.1.55","192.168.1.2","TCP","1514","8004  >  35970 [ACK] Seq=79830 Ack=144 Win=65024 Len=1448 TSval=2916036073 TSecr=3045555846 [TCP segment of a reassembled PDU]"
"26452","31.993176192","192.168.1.55","192.168.1.2","TCP","1514","8004  >  35970 [ACK] Seq=81278 Ack=144 Win=65024 Len=1448 TSval=2916036073 TSecr=3045555846 [TCP segment of a reassembled PDU]"
"26453","31.993178488","192.168.1.55","192.168.1.2","TCP","1514","8004  >  35970 [ACK] Seq=82726 Ack=144 Win=65024 Len=1448 TSval=2916036073 TSecr=3045555846 [TCP segment of a reassembled PDU]"
"26454","31.993180840","192.168.1.55","192.168.1.2","TCP","1514","8004  >  35970 [ACK] Seq=84174 Ack=144 Win=65024 Len=1448 TSval=2916036073 TSecr=3045555846 [TCP segment of a reassembled PDU]"
"26455","31.993182062","192.168.1.55","192.168.1.2","TCP","1514","8004  >  35970 [ACK] Seq=85622 Ack=144 Win=65024 Len=1448 TSval=2916036073 TSecr=3045555846 [TCP segment of a reassembled PDU]"
"26456","31.993183284","192.168.1.55","192.168.1.2","TCP","1514","8004  >  35970 [ACK] Seq=87070 Ack=144 Win=65024 Len=1448 TSval=2916036073 TSecr=3045555846 [TCP segment of a reassembled PDU]"
"26457","31.993184544","192.168.1.55","192.168.1.2","TCP","1514","8004  >  35970 [ACK] Seq=88518 Ack=144 Win=65024 Len=1448 TSval=2916036073 TSecr=3045555846 [TCP segment of a reassembled PDU]"
"26458","31.993186247","192.168.1.55","192.168.1.2","TCP","1514","8004  >  35970 [ACK] Seq=89966 Ack=144 Win=65024 Len=1448 TSval=2916036073 TSecr=3045555846 [TCP segment of a reassembled PDU]"
"26459","31.993188784","192.168.1.55","192.168.1.2","TCP","1514","8004  >  35970 [ACK] Seq=91414 Ack=144 Win=65024 Len=1448 TSval=2916036073 TSecr=3045555846 [TCP segment of a reassembled PDU]"
"26460","31.993190432","192.168.1.55","192.168.1.2","TCP","1514","8004  >  35970 [ACK] Seq=92862 Ack=144 Win=65024 Len=1448 TSval=2916036073 TSecr=3045555846 [TCP segment of a reassembled PDU]"
"26461","31.993192247","192.168.1.55","192.168.1.2","TCP","1514","8004  >  35970 [ACK] Seq=94310 Ack=144 Win=65024 Len=1448 TSval=2916036073 TSecr=3045555846 [TCP segment of a reassembled PDU]"
"26462","31.993193488","192.168.1.55","192.168.1.2","TCP","1514","8004  >  35970 [PSH, ACK] Seq=95758 Ack=144 Win=65024 Len=1448 TSval=2916036073 TSecr=3045555846 [TCP segment of a reassembled PDU]"
"26463","31.993202025","192.168.1.55","192.168.1.2","TCP","1514","8004  >  35970 [ACK] Seq=97206 Ack=144 Win=65024 Len=1448 TSval=2916036073 TSecr=3045555846 [TCP segment of a reassembled PDU]"
"26464","31.993203599","192.168.1.55","192.168.1.2","TCP","1514","8004  >  35970 [PSH, ACK] Seq=98654 Ack=144 Win=65024 Len=1448 TSval=2916036073 TSecr=3045555846 [TCP segment of a reassembled PDU]"
"26465","31.997742366","192.168.1.2","192.168.1.55","TCP","66","35970  >  8004 [ACK] Seq=144 Ack=45078 Win=88064 Len=0 TSval=3045555852 TSecr=2916036072"
"26466","31.997758551","192.168.1.55","192.168.1.2","TCP","1514","8004  >  35970 [ACK] Seq=100102 Ack=144 Win=65024 Len=1448 TSval=2916036078 TSecr=3045555852 [TCP segment of a reassembled PDU]"
"26467","31.997761514","192.168.1.55","192.168.1.2","TCP","1514","8004  >  35970 [ACK] Seq=101550 Ack=144 Win=65024 Len=1448 TSval=2916036078 TSecr=3045555852 [TCP segment of a reassembled PDU]"
"26468","31.997762606","192.168.1.55","192.168.1.2","TCP","1514","8004  >  35970 [ACK] Seq=102998 Ack=144 Win=65024 Len=1448 TSval=2916036078 TSecr=3045555852 [TCP segment of a reassembled PDU]"
"26469","31.997763680","192.168.1.55","192.168.1.2","TCP","1514","8004  >  35970 [PSH, ACK] Seq=104446 Ack=144 Win=65024 Len=1448 TSval=2916036078 TSecr=3045555852 [TCP segment of a reassembled PDU]"
"26470","31.998025922","192.168.1.2","192.168.1.55","TCP","66","35970  >  8004 [ACK] Seq=144 Ack=65350 Win=69632 Len=0 TSval=3045555852 TSecr=2916036072"
"26471","31.998041681","192.168.1.55","192.168.1.2","TCP","1514","8004  >  35970 [ACK] Seq=105894 Ack=144 Win=65024 Len=1448 TSval=2916036078 TSecr=3045555852 [TCP segment of a reassembled PDU]"
"26472","31.998043162","192.168.1.55","192.168.1.2","TCP","1514","8004  >  35970 [ACK] Seq=107342 Ack=144 Win=65024 Len=1448 TSval=2916036078 TSecr=3045555852 [TCP segment of a reassembled PDU]"
"26473","31.998044311","192.168.1.55","192.168.1.2","TCP","1514","8004  >  35970 [ACK] Seq=108790 Ack=144 Win=65024 Len=1448 TSval=2916036078 TSecr=3045555852 [TCP segment of a reassembled PDU]"
"26474","31.998045403","192.168.1.55","192.168.1.2","TCP","1514","8004  >  35970 [ACK] Seq=110238 Ack=144 Win=65024 Len=1448 TSval=2916036078 TSecr=3045555852 [TCP segment of a reassembled PDU]"
"26475","31.998046588","192.168.1.55","192.168.1.2","TCP","1514","8004  >  35970 [ACK] Seq=111686 Ack=144 Win=65024 Len=1448 TSval=2916036078 TSecr=3045555852 [TCP segment of a reassembled PDU]"
"26476","31.998047866","192.168.1.55","192.168.1.2","TCP","1514","8004  >  35970 [ACK] Seq=113134 Ack=144 Win=65024 Len=1448 TSval=2916036078 TSecr=3045555852 [TCP segment of a reassembled PDU]"
"26477","31.998048959","192.168.1.55","192.168.1.2","TCP","1514","8004  >  35970 [ACK] Seq=114582 Ack=144 Win=65024 Len=1448 TSval=2916036078 TSecr=3045555852 [TCP segment of a reassembled PDU]"
"26478","31.998050181","192.168.1.55","192.168.1.2","TCP","1514","8004  >  35970 [ACK] Seq=116030 Ack=144 Win=65024 Len=1448 TSval=2916036078 TSecr=3045555852 [TCP segment of a reassembled PDU]"
"26479","31.998051366","192.168.1.55","192.168.1.2","TCP","1514","8004  >  35970 [PSH, ACK] Seq=117478 Ack=144 Win=65024 Len=1448 TSval=2916036078 TSecr=3045555852 [TCP segment of a reassembled PDU]"
"26480","31.998055533","192.168.1.2","192.168.1.55","TCP","66","35970  >  8004 [ACK] Seq=144 Ack=76934 Win=58368 Len=0 TSval=3045555852 TSecr=2916036072"
"26481","31.998064885","192.168.1.2","192.168.1.55","TCP","66","35970  >  8004 [ACK] Seq=144 Ack=97206 Win=73728 Len=0 TSval=3045555852 TSecr=2916036073"
"26482","31.998102996","192.168.1.55","192.168.1.2","TCP","1514","8004  >  35970 [ACK] Seq=118926 Ack=144 Win=65024 Len=1448 TSval=2916036078 TSecr=3045555852 [TCP segment of a reassembled PDU]"
"26483","31.998105014","192.168.1.55","192.168.1.2","TCP","1514","8004  >  35970 [ACK] Seq=120374 Ack=144 Win=65024 Len=1448 TSval=2916036078 TSecr=3045555852 [TCP segment of a reassembled PDU]"
"26484","31.998106237","192.168.1.55","192.168.1.2","TCP","1514","8004  >  35970 [ACK] Seq=121822 Ack=144 Win=65024 Len=1448 TSval=2916036078 TSecr=3045555852 [TCP segment of a reassembled PDU]"
"26485","31.998107662","192.168.1.55","192.168.1.2","TCP","1514","8004  >  35970 [ACK] Seq=123270 Ack=144 Win=65024 Len=1448 TSval=2916036078 TSecr=3045555852 [TCP segment of a reassembled PDU]"
"26486","31.998109070","192.168.1.55","192.168.1.2","TCP","1514","8004  >  35970 [ACK] Seq=124718 Ack=144 Win=65024 Len=1448 TSval=2916036078 TSecr=3045555852 [TCP segment of a reassembled PDU]"
"26487","31.998110274","192.168.1.55","192.168.1.2","TCP","1514","8004  >  35970 [ACK] Seq=126166 Ack=144 Win=65024 Len=1448 TSval=2916036078 TSecr=3045555852 [TCP segment of a reassembled PDU]"
"26488","31.998116625","192.168.1.55","192.168.1.2","TCP","1514","8004  >  35970 [ACK] Seq=127614 Ack=144 Win=65024 Len=1448 TSval=2916036078 TSecr=3045555852 [TCP segment of a reassembled PDU]"
"26489","31.998118200","192.168.1.55","192.168.1.2","TCP","1514","8004  >  35970 [ACK] Seq=129062 Ack=144 Win=65024 Len=1448 TSval=2916036078 TSecr=3045555852 [TCP segment of a reassembled PDU]"
"26490","31.998119533","192.168.1.55","192.168.1.2","TCP","1514","8004  >  35970 [ACK] Seq=130510 Ack=144 Win=65024 Len=1448 TSval=2916036078 TSecr=3045555852 [TCP segment of a reassembled PDU]"
"26491","31.998121107","192.168.1.55","192.168.1.2","TCP","1514","8004  >  35970 [ACK] Seq=131958 Ack=144 Win=65024 Len=1448 TSval=2916036078 TSecr=3045555852 [TCP segment of a reassembled PDU]"
"26492","31.998122200","192.168.1.55","192.168.1.2","TCP","1514","8004  >  35970 [ACK] Seq=133406 Ack=144 Win=65024 Len=1448 TSval=2916036078 TSecr=3045555852 [TCP segment of a reassembled PDU]"
"26493","31.998123385","192.168.1.55","192.168.1.2","TCP","1514","8004  >  35970 [ACK] Seq=134854 Ack=144 Win=65024 Len=1448 TSval=2916036078 TSecr=3045555852 [TCP segment of a reassembled PDU]"
"26494","31.998124533","192.168.1.55","192.168.1.2","TCP","1514","8004  >  35970 [ACK] Seq=136302 Ack=144 Win=65024 Len=1448 TSval=2916036078 TSecr=3045555852 [TCP segment of a reassembled PDU]"
"26495","31.998126255","192.168.1.55","192.168.1.2","TCP","1514","8004  >  35970 [ACK] Seq=137750 Ack=144 Win=65024 Len=1448 TSval=2916036078 TSecr=3045555852 [TCP segment of a reassembled PDU]"
"26496","31.998127570","192.168.1.55","192.168.1.2","TCP","1514","8004  >  35970 [ACK] Seq=139198 Ack=144 Win=65024 Len=1448 TSval=2916036078 TSecr=3045555852 [TCP segment of a reassembled PDU]"
"26497","31.998128681","192.168.1.55","192.168.1.2","TCP","1514","8004  >  35970 [ACK] Seq=140646 Ack=144 Win=65024 Len=1448 TSval=2916036078 TSecr=3045555852 [TCP segment of a reassembled PDU]"
"26498","31.998129811","192.168.1.55","192.168.1.2","TCP","1514","8004  >  35970 [ACK] Seq=142094 Ack=144 Win=65024 Len=1448 TSval=2916036078 TSecr=3045555852 [TCP segment of a reassembled PDU]"
"26499","31.998130940","192.168.1.55","192.168.1.2","TCP","1514","8004  >  35970 [ACK] Seq=143542 Ack=144 Win=65024 Len=1448 TSval=2916036078 TSecr=3045555852 [TCP segment of a reassembled PDU]"
"26500","31.998132144","192.168.1.55","192.168.1.2","TCP","1514","8004  >  35970 [ACK] Seq=144990 Ack=144 Win=65024 Len=1448 TSval=2916036078 TSecr=3045555852 [TCP segment of a reassembled PDU]"
"26501","31.998133385","192.168.1.55","192.168.1.2","TCP","1514","8004  >  35970 [ACK] Seq=146438 Ack=144 Win=65024 Len=1448 TSval=2916036078 TSecr=3045555852 [TCP segment of a reassembled PDU]"
"26502","31.998134570","192.168.1.55","192.168.1.2","TCP","1514","8004  >  35970 [ACK] Seq=147886 Ack=144 Win=65024 Len=1448 TSval=2916036078 TSecr=3045555852 [TCP segment of a reassembled PDU]"
"26503","31.998135959","192.168.1.55","192.168.1.2","TCP","1514","8004  >  35970 [ACK] Seq=149334 Ack=144 Win=65024 Len=1448 TSval=2916036078 TSecr=3045555852 [TCP segment of a reassembled PDU]"
"26504","31.998137255","192.168.1.55","192.168.1.2","TCP","1514","8004  >  35970 [ACK] Seq=150782 Ack=144 Win=65024 Len=1448 TSval=2916036078 TSecr=3045555852 [TCP segment of a reassembled PDU]"
"26505","31.998138459","192.168.1.55","192.168.1.2","TCP","1514","8004  >  35970 [ACK] Seq=152230 Ack=144 Win=65024 Len=1448 TSval=2916036078 TSecr=3045555852 [TCP segment of a reassembled PDU]"
"26506","31.998139663","192.168.1.55","192.168.1.2","TCP","1514","8004  >  35970 [ACK] Seq=153678 Ack=144 Win=65024 Len=1448 TSval=2916036078 TSecr=3045555852 [TCP segment of a reassembled PDU]"
"26507","31.998140866","192.168.1.55","192.168.1.2","TCP","1514","8004  >  35970 [ACK] Seq=155126 Ack=144 Win=65024 Len=1448 TSval=2916036078 TSecr=3045555852 [TCP segment of a reassembled PDU]"
"26508","31.998142125","192.168.1.55","192.168.1.2","TCP","1514","8004  >  35970 [ACK] Seq=156574 Ack=144 Win=65024 Len=1448 TSval=2916036078 TSecr=3045555852 [TCP segment of a reassembled PDU]"
"26509","31.998143533","192.168.1.55","192.168.1.2","TCP","1514","8004  >  35970 [ACK] Seq=158022 Ack=144 Win=65024 Len=1448 TSval=2916036078 TSecr=3045555852 [TCP segment of a reassembled PDU]"
"26510","31.998144755","192.168.1.55","192.168.1.2","TCP","1514","8004  >  35970 [PSH, ACK] Seq=159470 Ack=144 Win=65024 Len=1448 TSval=2916036078 TSecr=3045555852 [TCP segment of a reassembled PDU]"
"26511","31.998149107","192.168.1.2","192.168.1.55","TCP","66","35970  >  8004 [ACK] Seq=144 Ack=100102 Win=71680 Len=0 TSval=3045555852 TSecr=2916036073"
"26512","31.998189163","192.168.1.55","192.168.1.2","TCP","1514","8004  >  35970 [ACK] Seq=160918 Ack=144 Win=65024 Len=1448 TSval=2916036078 TSecr=3045555852 [TCP segment of a reassembled PDU]"
"26513","31.998192940","192.168.1.55","192.168.1.2","TCP","1514","8004  >  35970 [ACK] Seq=162366 Ack=144 Win=65024 Len=1448 TSval=2916036078 TSecr=3045555852 [TCP segment of a reassembled PDU]"
"26514","31.998194570","192.168.1.55","192.168.1.2","TCP","1514","8004  >  35970 [ACK] Seq=163814 Ack=144 Win=65024 Len=1448 TSval=2916036078 TSecr=3045555852 [TCP segment of a reassembled PDU]"
"26515","31.998196255","192.168.1.55","192.168.1.2","TCP","1514","8004  >  35970 [ACK] Seq=165262 Ack=144 Win=65024 Len=1448 TSval=2916036078 TSecr=3045555852 [TCP segment of a reassembled PDU]"
"26516","31.998197626","192.168.1.55","192.168.1.2","TCP","1514","8004  >  35970 [ACK] Seq=166710 Ack=144 Win=65024 Len=1448 TSval=2916036078 TSecr=3045555852 [TCP segment of a reassembled PDU]"
"26517","31.998198866","192.168.1.55","192.168.1.2","TCP","1514","8004  >  35970 [ACK] Seq=168158 Ack=144 Win=65024 Len=1448 TSval=2916036078 TSecr=3045555852 [TCP segment of a reassembled PDU]"
"26518","31.998200274","192.168.1.55","192.168.1.2","TCP","1514","8004  >  35970 [ACK] Seq=169606 Ack=144 Win=65024 Len=1448 TSval=2916036078 TSecr=3045555852 [TCP segment of a reassembled PDU]"
"26519","31.998202959","192.168.1.55","192.168.1.2","TCP","794","[TCP Window Full] 8004  >  35970 [PSH, ACK] Seq=171054 Ack=144 Win=65024 Len=728 TSval=2916036078 TSecr=3045555852 [TCP segment of a reassembled PDU]"
"26520","32.002813874","192.168.1.2","192.168.1.55","TCP","66","35970  >  8004 [ACK] Seq=144 Ack=105894 Win=83968 Len=0 TSval=3045555855 TSecr=2916036078"
"26521","32.002841244","192.168.1.55","192.168.1.2","TCP","1514","8004  >  35970 [ACK] Seq=171782 Ack=144 Win=65024 Len=1448 TSval=2916036083 TSecr=3045555855 [TCP segment of a reassembled PDU]"
"26522","32.002844448","192.168.1.55","192.168.1.2","TCP","1514","8004  >  35970 [ACK] Seq=173230 Ack=144 Win=65024 Len=1448 TSval=2916036083 TSecr=3045555855 [TCP segment of a reassembled PDU]"
"26523","32.002845781","192.168.1.55","192.168.1.2","TCP","1514","8004  >  35970 [ACK] Seq=174678 Ack=144 Win=65024 Len=1448 TSval=2916036083 TSecr=3045555855 [TCP segment of a reassembled PDU]"
"26524","32.002846985","192.168.1.55","192.168.1.2","TCP","1514","8004  >  35970 [ACK] Seq=176126 Ack=144 Win=65024 Len=1448 TSval=2916036083 TSecr=3045555855 [TCP segment of a reassembled PDU]"
"26525","32.002848133","192.168.1.55","192.168.1.2","TCP","1514","8004  >  35970 [ACK] Seq=177574 Ack=144 Win=65024 Len=1448 TSval=2916036083 TSecr=3045555855 [TCP segment of a reassembled PDU]"
"26526","32.002849318","192.168.1.55","192.168.1.2","TCP","1514","8004  >  35970 [ACK] Seq=179022 Ack=144 Win=65024 Len=1448 TSval=2916036083 TSecr=3045555855 [TCP segment of a reassembled PDU]"
"26527","32.002850651","192.168.1.55","192.168.1.2","TCP","1514","8004  >  35970 [ACK] Seq=180470 Ack=144 Win=65024 Len=1448 TSval=2916036083 TSecr=3045555855 [TCP segment of a reassembled PDU]"
"26528","32.002851948","192.168.1.55","192.168.1.2","TCP","1514","8004  >  35970 [ACK] Seq=181918 Ack=144 Win=65024 Len=1448 TSval=2916036083 TSecr=3045555855 [TCP segment of a reassembled PDU]"
"26529","32.002853355","192.168.1.55","192.168.1.2","TCP","1514","8004  >  35970 [ACK] Seq=183366 Ack=144 Win=65024 Len=1448 TSval=2916036083 TSecr=3045555855 [TCP segment of a reassembled PDU]"
"26530","32.002854596","192.168.1.55","192.168.1.2","TCP","1514","8004  >  35970 [ACK] Seq=184814 Ack=144 Win=65024 Len=1448 TSval=2916036083 TSecr=3045555855 [TCP segment of a reassembled PDU]"
"26531","32.002855874","192.168.1.55","192.168.1.2","TCP","1514","8004  >  35970 [ACK] Seq=186262 Ack=144 Win=65024 Len=1448 TSval=2916036083 TSecr=3045555855 [TCP segment of a reassembled PDU]"
"26532","32.002857040","192.168.1.55","192.168.1.2","TCP","1514","8004  >  35970 [PSH, ACK] Seq=187710 Ack=144 Win=65024 Len=1448 TSval=2916036083 TSecr=3045555855 [TCP segment of a reassembled PDU]"
"26533","32.005290026","192.168.1.2","192.168.1.55","TCP","66","35970  >  8004 [ACK] Seq=144 Ack=118926 Win=78848 Len=0 TSval=3045555858 TSecr=2916036078"
"26534","32.005304859","192.168.1.55","192.168.1.2","TCP","1514","8004  >  35970 [ACK] Seq=189158 Ack=144 Win=65024 Len=1448 TSval=2916036086 TSecr=3045555858 [TCP segment of a reassembled PDU]"
"26535","32.005307303","192.168.1.55","192.168.1.2","TCP","1514","8004  >  35970 [ACK] Seq=190606 Ack=144 Win=65024 Len=1448 TSval=2916036086 TSecr=3045555858 [TCP segment of a reassembled PDU]"
"26536","32.005308544","192.168.1.55","192.168.1.2","TCP","1514","8004  >  35970 [ACK] Seq=192054 Ack=144 Win=65024 Len=1448 TSval=2916036086 TSecr=3045555858 [TCP segment of a reassembled PDU]"
"26537","32.005309785","192.168.1.55","192.168.1.2","TCP","1514","8004  >  35970 [ACK] Seq=193502 Ack=144 Win=65024 Len=1448 TSval=2916036086 TSecr=3045555858 [TCP segment of a reassembled PDU]"
"26538","32.005311063","192.168.1.55","192.168.1.2","TCP","1514","8004  >  35970 [PSH, ACK] Seq=194950 Ack=144 Win=65024 Len=1448 TSval=2916036086 TSecr=3045555858 [TCP segment of a reassembled PDU]"
"26539","32.005616434","192.168.1.2","192.168.1.55","TCP","66","35970  >  8004 [ACK] Seq=144 Ack=160918 Win=53248 Len=0 TSval=3045555858 TSecr=2916036078"
"26540","32.005631360","192.168.1.55","192.168.1.2","TCP","1514","8004  >  35970 [ACK] Seq=196398 Ack=144 Win=65024 Len=1448 TSval=2916036086 TSecr=3045555858 [TCP segment of a reassembled PDU]"
"26541","32.005633804","192.168.1.55","192.168.1.2","TCP","1514","8004  >  35970 [ACK] Seq=197846 Ack=144 Win=65024 Len=1448 TSval=2916036086 TSecr=3045555858 [TCP segment of a reassembled PDU]"
"26542","32.005635008","192.168.1.55","192.168.1.2","TCP","1514","8004  >  35970 [ACK] Seq=199294 Ack=144 Win=65024 Len=1448 TSval=2916036086 TSecr=3045555858 [TCP segment of a reassembled PDU]"
"26543","32.005636156","192.168.1.55","192.168.1.2","TCP","1514","8004  >  35970 [ACK] Seq=200742 Ack=144 Win=65024 Len=1448 TSval=2916036086 TSecr=3045555858 [TCP segment of a reassembled PDU]"
"26544","32.005637378","192.168.1.55","192.168.1.2","TCP","1514","8004  >  35970 [ACK] Seq=202190 Ack=144 Win=65024 Len=1448 TSval=2916036086 TSecr=3045555858 [TCP segment of a reassembled PDU]"
"26545","32.005638619","192.168.1.55","192.168.1.2","TCP","1514","8004  >  35970 [PSH, ACK] Seq=203638 Ack=144 Win=65024 Len=1448 TSval=2916036086 TSecr=3045555858 [TCP segment of a reassembled PDU]"
"26546","32.005644193","192.168.1.55","192.168.1.2","TCP","786","8004  >  35970 [PSH, ACK] Seq=205086 Ack=144 Win=65024 Len=720 TSval=2916036086 TSecr=3045555858 [TCP segment of a reassembled PDU]"
"26547","32.005647711","192.168.1.2","192.168.1.55","TCP","66","35970  >  8004 [ACK] Seq=144 Ack=162366 Win=52224 Len=0 TSval=3045555858 TSecr=2916036078"
"26548","32.007833659","192.168.1.2","192.168.1.55","TCP","66","35970  >  8004 [ACK] Seq=144 Ack=171782 Win=81920 Len=0 TSval=3045555859 TSecr=2916036078"
"26549","32.007871696","192.168.1.55","192.168.1.2","TCP","1514","8004  >  35970 [ACK] Seq=205806 Ack=144 Win=65024 Len=1448 TSval=2916036088 TSecr=3045555859 [TCP segment of a reassembled PDU]"
"26550","32.007874215","192.168.1.55","192.168.1.2","TCP","1514","8004  >  35970 [ACK] Seq=207254 Ack=144 Win=65024 Len=1448 TSval=2916036088 TSecr=3045555859 [TCP segment of a reassembled PDU]"
"26551","32.007875400","192.168.1.55","192.168.1.2","TCP","1514","8004  >  35970 [ACK] Seq=208702 Ack=144 Win=65024 Len=1448 TSval=2916036088 TSecr=3045555859 [TCP segment of a reassembled PDU]"
"26552","32.007876567","192.168.1.55","192.168.1.2","TCP","1514","8004  >  35970 [ACK] Seq=210150 Ack=144 Win=65024 Len=1448 TSval=2916036088 TSecr=3045555859 [TCP segment of a reassembled PDU]"
"26553","32.007877808","192.168.1.55","192.168.1.2","TCP","1514","8004  >  35970 [ACK] Seq=211598 Ack=144 Win=65024 Len=1448 TSval=2916036088 TSecr=3045555859 [TCP segment of a reassembled PDU]"
"26554","32.007879011","192.168.1.55","192.168.1.2","TCP","1514","8004  >  35970 [ACK] Seq=213046 Ack=144 Win=65024 Len=1448 TSval=2916036088 TSecr=3045555859 [TCP segment of a reassembled PDU]"
"26555","32.007880659","192.168.1.55","192.168.1.2","TCP","1514","8004  >  35970 [ACK] Seq=214494 Ack=144 Win=65024 Len=1448 TSval=2916036088 TSecr=3045555859 [TCP segment of a reassembled PDU]"
"26556","32.007881826","192.168.1.55","192.168.1.2","TCP","1514","8004  >  35970 [ACK] Seq=215942 Ack=144 Win=65024 Len=1448 TSval=2916036088 TSecr=3045555859 [TCP segment of a reassembled PDU]"
"26557","32.007883104","192.168.1.55","192.168.1.2","TCP","1514","8004  >  35970 [ACK] Seq=217390 Ack=144 Win=65024 Len=1448 TSval=2916036088 TSecr=3045555859 [TCP segment of a reassembled PDU]"
"26558","32.007884900","192.168.1.55","192.168.1.2","TCP","1514","8004  >  35970 [ACK] Seq=218838 Ack=144 Win=65024 Len=1448 TSval=2916036088 TSecr=3045555859 [TCP segment of a reassembled PDU]"
"26559","32.007886159","192.168.1.55","192.168.1.2","TCP","1514","8004  >  35970 [ACK] Seq=220286 Ack=144 Win=65024 Len=1448 TSval=2916036088 TSecr=3045555859 [TCP segment of a reassembled PDU]"
"26560","32.007887419","192.168.1.55","192.168.1.2","TCP","1514","8004  >  35970 [ACK] Seq=221734 Ack=144 Win=65024 Len=1448 TSval=2916036088 TSecr=3045555859 [TCP segment of a reassembled PDU]"
"26561","32.007888622","192.168.1.55","192.168.1.2","TCP","1514","8004  >  35970 [ACK] Seq=223182 Ack=144 Win=65024 Len=1448 TSval=2916036088 TSecr=3045555859 [TCP segment of a reassembled PDU]"
"26562","32.007889752","192.168.1.55","192.168.1.2","TCP","1514","8004  >  35970 [ACK] Seq=224630 Ack=144 Win=65024 Len=1448 TSval=2916036088 TSecr=3045555859 [TCP segment of a reassembled PDU]"
"26563","32.007890993","192.168.1.55","192.168.1.2","TCP","1514","8004  >  35970 [ACK] Seq=226078 Ack=144 Win=65024 Len=1448 TSval=2916036088 TSecr=3045555859 [TCP segment of a reassembled PDU]"
"26564","32.007892326","192.168.1.55","192.168.1.2","TCP","1514","8004  >  35970 [ACK] Seq=227526 Ack=144 Win=65024 Len=1448 TSval=2916036088 TSecr=3045555859 [TCP segment of a reassembled PDU]"
"26565","32.007893622","192.168.1.55","192.168.1.2","TCP","1514","8004  >  35970 [ACK] Seq=228974 Ack=144 Win=65024 Len=1448 TSval=2916036088 TSecr=3045555859 [TCP segment of a reassembled PDU]"
"26566","32.007894882","192.168.1.55","192.168.1.2","TCP","1514","8004  >  35970 [ACK] Seq=230422 Ack=144 Win=65024 Len=1448 TSval=2916036088 TSecr=3045555859 [TCP segment of a reassembled PDU]"
"26567","32.007896493","192.168.1.55","192.168.1.2","TCP","1514","8004  >  35970 [ACK] Seq=231870 Ack=144 Win=65024 Len=1448 TSval=2916036088 TSecr=3045555859 [TCP segment of a reassembled PDU]"
"26568","32.007897752","192.168.1.55","192.168.1.2","TCP","1514","8004  >  35970 [ACK] Seq=233318 Ack=144 Win=65024 Len=1448 TSval=2916036088 TSecr=3045555859 [TCP segment of a reassembled PDU]"
"26569","32.007898993","192.168.1.55","192.168.1.2","TCP","1514","8004  >  35970 [ACK] Seq=234766 Ack=144 Win=65024 Len=1448 TSval=2916036088 TSecr=3045555859 [TCP segment of a reassembled PDU]"
"26570","32.007900141","192.168.1.55","192.168.1.2","TCP","1514","8004  >  35970 [ACK] Seq=236214 Ack=144 Win=65024 Len=1448 TSval=2916036088 TSecr=3045555859 [TCP segment of a reassembled PDU]"
"26571","32.007901604","192.168.1.55","192.168.1.2","TCP","1514","8004  >  35970 [ACK] Seq=237662 Ack=144 Win=65024 Len=1448 TSval=2916036088 TSecr=3045555859 [TCP segment of a reassembled PDU]"
"26572","32.007902993","192.168.1.55","192.168.1.2","TCP","1514","8004  >  35970 [ACK] Seq=239110 Ack=144 Win=65024 Len=1448 TSval=2916036088 TSecr=3045555859 [TCP segment of a reassembled PDU]"
"26573","32.007904530","192.168.1.55","192.168.1.2","TCP","1514","8004  >  35970 [ACK] Seq=240558 Ack=144 Win=65024 Len=1448 TSval=2916036088 TSecr=3045555859 [TCP segment of a reassembled PDU]"
"26574","32.007905715","192.168.1.55","192.168.1.2","TCP","1514","8004  >  35970 [ACK] Seq=242006 Ack=144 Win=65024 Len=1448 TSval=2916036088 TSecr=3045555859 [TCP segment of a reassembled PDU]"
"26575","32.007906993","192.168.1.55","192.168.1.2","TCP","1514","8004  >  35970 [ACK] Seq=243454 Ack=144 Win=65024 Len=1448 TSval=2916036088 TSecr=3045555859 [TCP segment of a reassembled PDU]"
"26576","32.007908122","192.168.1.55","192.168.1.2","TCP","1514","8004  >  35970 [ACK] Seq=244902 Ack=144 Win=65024 Len=1448 TSval=2916036088 TSecr=3045555859 [TCP segment of a reassembled PDU]"
"26577","32.007909326","192.168.1.55","192.168.1.2","TCP","1514","8004  >  35970 [ACK] Seq=246350 Ack=144 Win=65024 Len=1448 TSval=2916036088 TSecr=3045555859 [TCP segment of a reassembled PDU]"
"26578","32.007910604","192.168.1.55","192.168.1.2","TCP","1514","8004  >  35970 [ACK] Seq=247798 Ack=144 Win=65024 Len=1448 TSval=2916036088 TSecr=3045555859 [TCP segment of a reassembled PDU]"
"26579","32.007911863","192.168.1.55","192.168.1.2","TCP","1514","8004  >  35970 [PSH, ACK] Seq=249246 Ack=144 Win=65024 Len=1448 TSval=2916036088 TSecr=3045555859 [TCP segment of a reassembled PDU]"
"26580","32.011562813","192.168.1.2","192.168.1.55","TCP","66","35970  >  8004 [ACK] Seq=144 Ack=186262 Win=75776 Len=0 TSval=3045555861 TSecr=2916036083"
"26581","32.011577110","192.168.1.55","192.168.1.2","TCP","1514","8004  >  35970 [ACK] Seq=250694 Ack=144 Win=65024 Len=1448 TSval=2916036092 TSecr=3045555861 [TCP segment of a reassembled PDU]"
"26582","32.011579962","192.168.1.55","192.168.1.2","TCP","1514","8004  >  35970 [ACK] Seq=252142 Ack=144 Win=65024 Len=1448 TSval=2916036092 TSecr=3045555861 [TCP segment of a reassembled PDU]"
"26583","32.011581258","192.168.1.55","192.168.1.2","TCP","1514","8004  >  35970 [ACK] Seq=253590 Ack=144 Win=65024 Len=1448 TSval=2916036092 TSecr=3045555861 [TCP segment of a reassembled PDU]"
"26584","32.011582628","192.168.1.55","192.168.1.2","TCP","1514","8004  >  35970 [ACK] Seq=255038 Ack=144 Win=65024 Len=1448 TSval=2916036092 TSecr=3045555861 [TCP segment of a reassembled PDU]"
"26585","32.011583962","192.168.1.55","192.168.1.2","TCP","1514","8004  >  35970 [ACK] Seq=256486 Ack=144 Win=65024 Len=1448 TSval=2916036092 TSecr=3045555861 [TCP segment of a reassembled PDU]"
"26586","32.011585221","192.168.1.55","192.168.1.2","TCP","1514","8004  >  35970 [ACK] Seq=257934 Ack=144 Win=65024 Len=1448 TSval=2916036092 TSecr=3045555861 [TCP segment of a reassembled PDU]"
"26587","32.011586906","192.168.1.55","192.168.1.2","TCP","1514","8004  >  35970 [PSH, ACK] Seq=259382 Ack=144 Win=65024 Len=1448 TSval=2916036092 TSecr=3045555861 [TCP segment of a reassembled PDU]"
"26588","32.011976184","192.168.1.2","192.168.1.55","TCP","66","35970  >  8004 [ACK] Seq=144 Ack=189158 Win=88064 Len=0 TSval=3045555864 TSecr=2916036083"
"26589","32.011983277","192.168.1.2","192.168.1.55","TCP","66","35970  >  8004 [ACK] Seq=144 Ack=205086 Win=91136 Len=0 TSval=3045555864 TSecr=2916036086"
"26590","32.012013296","192.168.1.55","192.168.1.2","TCP","1514","8004  >  35970 [ACK] Seq=260830 Ack=144 Win=65024 Len=1448 TSval=2916036092 TSecr=3045555864 [TCP segment of a reassembled PDU]"
"26591","32.012015907","192.168.1.55","192.168.1.2","TCP","1514","8004  >  35970 [ACK] Seq=262278 Ack=144 Win=65024 Len=1448 TSval=2916036092 TSecr=3045555864 [TCP segment of a reassembled PDU]"
"26592","32.012017240","192.168.1.55","192.168.1.2","TCP","1514","8004  >  35970 [ACK] Seq=263726 Ack=144 Win=65024 Len=1448 TSval=2916036092 TSecr=3045555864 [TCP segment of a reassembled PDU]"
"26593","32.012018925","192.168.1.55","192.168.1.2","TCP","1514","8004  >  35970 [ACK] Seq=265174 Ack=144 Win=65024 Len=1448 TSval=2916036092 TSecr=3045555864 [TCP segment of a reassembled PDU]"
"26594","32.012020296","192.168.1.55","192.168.1.2","TCP","1514","8004  >  35970 [ACK] Seq=266622 Ack=144 Win=65024 Len=1448 TSval=2916036092 TSecr=3045555864 [TCP segment of a reassembled PDU]"
"26595","32.012021592","192.168.1.55","192.168.1.2","TCP","1514","8004  >  35970 [ACK] Seq=268070 Ack=144 Win=65024 Len=1448 TSval=2916036092 TSecr=3045555864 [TCP segment of a reassembled PDU]"
"26596","32.012023073","192.168.1.55","192.168.1.2","TCP","1514","8004  >  35970 [ACK] Seq=269518 Ack=144 Win=65024 Len=1448 TSval=2916036092 TSecr=3045555864 [TCP segment of a reassembled PDU]"
"26597","32.012024462","192.168.1.55","192.168.1.2","TCP","1514","8004  >  35970 [ACK] Seq=270966 Ack=144 Win=65024 Len=1448 TSval=2916036092 TSecr=3045555864 [TCP segment of a reassembled PDU]"
"26598","32.012025759","192.168.1.55","192.168.1.2","TCP","1514","8004  >  35970 [ACK] Seq=272414 Ack=144 Win=65024 Len=1448 TSval=2916036092 TSecr=3045555864 [TCP segment of a reassembled PDU]"
"26599","32.012027222","192.168.1.55","192.168.1.2","TCP","1514","8004  >  35970 [ACK] Seq=273862 Ack=144 Win=65024 Len=1448 TSval=2916036092 TSecr=3045555864 [TCP segment of a reassembled PDU]"
"26600","32.012028629","192.168.1.55","192.168.1.2","TCP","1514","8004  >  35970 [ACK] Seq=275310 Ack=144 Win=65024 Len=1448 TSval=2916036092 TSecr=3045555864 [TCP segment of a reassembled PDU]"
"26601","32.012030055","192.168.1.55","192.168.1.2","TCP","1514","8004  >  35970 [ACK] Seq=276758 Ack=144 Win=65024 Len=1448 TSval=2916036092 TSecr=3045555864 [TCP segment of a reassembled PDU]"
"26602","32.012031351","192.168.1.55","192.168.1.2","TCP","1514","8004  >  35970 [ACK] Seq=278206 Ack=144 Win=65024 Len=1448 TSval=2916036092 TSecr=3045555864 [TCP segment of a reassembled PDU]"
"26603","32.012033092","192.168.1.55","192.168.1.2","TCP","1514","8004  >  35970 [ACK] Seq=279654 Ack=144 Win=65024 Len=1448 TSval=2916036092 TSecr=3045555864 [TCP segment of a reassembled PDU]"
"26604","32.012034759","192.168.1.55","192.168.1.2","TCP","1514","8004  >  35970 [ACK] Seq=281102 Ack=144 Win=65024 Len=1448 TSval=2916036092 TSecr=3045555864 [TCP segment of a reassembled PDU]"
"26605","32.012036129","192.168.1.55","192.168.1.2","TCP","1514","8004  >  35970 [ACK] Seq=282550 Ack=144 Win=65024 Len=1448 TSval=2916036092 TSecr=3045555864 [TCP segment of a reassembled PDU]"
"26606","32.012037592","192.168.1.55","192.168.1.2","TCP","1514","8004  >  35970 [ACK] Seq=283998 Ack=144 Win=65024 Len=1448 TSval=2916036092 TSecr=3045555864 [TCP segment of a reassembled PDU]"
"26607","32.012038925","192.168.1.55","192.168.1.2","TCP","1514","8004  >  35970 [ACK] Seq=285446 Ack=144 Win=65024 Len=1448 TSval=2916036092 TSecr=3045555864 [TCP segment of a reassembled PDU]"
"26608","32.012040333","192.168.1.55","192.168.1.2","TCP","1514","8004  >  35970 [ACK] Seq=286894 Ack=144 Win=65024 Len=1448 TSval=2916036092 TSecr=3045555864 [TCP segment of a reassembled PDU]"
"26609","32.012041759","192.168.1.55","192.168.1.2","TCP","1514","8004  >  35970 [ACK] Seq=288342 Ack=144 Win=65024 Len=1448 TSval=2916036092 TSecr=3045555864 [TCP segment of a reassembled PDU]"
"26610","32.012043055","192.168.1.55","192.168.1.2","TCP","1514","8004  >  35970 [ACK] Seq=289790 Ack=144 Win=65024 Len=1448 TSval=2916036092 TSecr=3045555864 [TCP segment of a reassembled PDU]"
"26611","32.012044703","192.168.1.55","192.168.1.2","TCP","1514","8004  >  35970 [ACK] Seq=291238 Ack=144 Win=65024 Len=1448 TSval=2916036092 TSecr=3045555864 [TCP segment of a reassembled PDU]"
"26612","32.012046129","192.168.1.55","192.168.1.2","TCP","1514","8004  >  35970 [ACK] Seq=292686 Ack=144 Win=65024 Len=1448 TSval=2916036092 TSecr=3045555864 [TCP segment of a reassembled PDU]"
"26613","32.012047962","192.168.1.55","192.168.1.2","TCP","1514","8004  >  35970 [PSH, ACK] Seq=294134 Ack=144 Win=65024 Len=1448 TSval=2916036092 TSecr=3045555864 [TCP segment of a reassembled PDU]"
"26614","32.012052685","192.168.1.2","192.168.1.55","TCP","66","35970  >  8004 [ACK] Seq=144 Ack=205806 Win=94208 Len=0 TSval=3045555864 TSecr=2916036086"
"26615","32.014420966","192.168.1.2","192.168.1.55","TCP","66","35970  >  8004 [ACK] Seq=144 Ack=242006 Win=97280 Len=0 TSval=3045555867 TSecr=2916036088"
"26616","32.014458725","192.168.1.55","192.168.1.2","TCP","1514","8004  >  35970 [ACK] Seq=295582 Ack=144 Win=65024 Len=1448 TSval=2916036095 TSecr=3045555867 [TCP segment of a reassembled PDU]"
"26617","32.014461374","192.168.1.55","192.168.1.2","TCP","1514","8004  >  35970 [ACK] Seq=297030 Ack=144 Win=65024 Len=1448 TSval=2916036095 TSecr=3045555867 [TCP segment of a reassembled PDU]"
"26618","32.014462929","192.168.1.55","192.168.1.2","TCP","1514","8004  >  35970 [ACK] Seq=298478 Ack=144 Win=65024 Len=1448 TSval=2916036095 TSecr=3045555867 [TCP segment of a reassembled PDU]"
"26619","32.014464244","192.168.1.55","192.168.1.2","TCP","1514","8004  >  35970 [ACK] Seq=299926 Ack=144 Win=65024 Len=1448 TSval=2916036095 TSecr=3045555867 [TCP segment of a reassembled PDU]"
"26620","32.014465688","192.168.1.55","192.168.1.2","TCP","1514","8004  >  35970 [ACK] Seq=301374 Ack=144 Win=65024 Len=1448 TSval=2916036095 TSecr=3045555867 [TCP segment of a reassembled PDU]"
"26621","32.014467225","192.168.1.55","192.168.1.2","TCP","1514","8004  >  35970 [ACK] Seq=302822 Ack=144 Win=65024 Len=1448 TSval=2916036095 TSecr=3045555867 [TCP segment of a reassembled PDU]"
"26622","32.014468688","192.168.1.55","192.168.1.2","TCP","1514","8004  >  35970 [ACK] Seq=304270 Ack=144 Win=65024 Len=1448 TSval=2916036095 TSecr=3045555867 [TCP segment of a reassembled PDU]"
"26623","32.014470392","192.168.1.55","192.168.1.2","TCP","1514","8004  >  35970 [ACK] Seq=305718 Ack=144 Win=65024 Len=1448 TSval=2916036095 TSecr=3045555867 [TCP segment of a reassembled PDU]"
"26624","32.014471892","192.168.1.55","192.168.1.2","TCP","1514","8004  >  35970 [ACK] Seq=307166 Ack=144 Win=65024 Len=1448 TSval=2916036095 TSecr=3045555867 [TCP segment of a reassembled PDU]"
"26625","32.014473244","192.168.1.55","192.168.1.2","TCP","1514","8004  >  35970 [ACK] Seq=308614 Ack=144 Win=65024 Len=1448 TSval=2916036095 TSecr=3045555867 [TCP segment of a reassembled PDU]"
"26626","32.014474633","192.168.1.55","192.168.1.2","TCP","1514","8004  >  35970 [ACK] Seq=310062 Ack=144 Win=65024 Len=1448 TSval=2916036095 TSecr=3045555867 [TCP segment of a reassembled PDU]"
"26627","32.014476022","192.168.1.55","192.168.1.2","TCP","1514","8004  >  35970 [ACK] Seq=311510 Ack=144 Win=65024 Len=1448 TSval=2916036095 TSecr=3045555867 [TCP segment of a reassembled PDU]"
"26628","32.014477688","192.168.1.55","192.168.1.2","TCP","1514","8004  >  35970 [ACK] Seq=312958 Ack=144 Win=65024 Len=1448 TSval=2916036095 TSecr=3045555867 [TCP segment of a reassembled PDU]"
"26629","32.014479151","192.168.1.55","192.168.1.2","TCP","1514","8004  >  35970 [ACK] Seq=314406 Ack=144 Win=65024 Len=1448 TSval=2916036095 TSecr=3045555867 [TCP segment of a reassembled PDU]"
"26630","32.014480411","192.168.1.55","192.168.1.2","TCP","1514","8004  >  35970 [ACK] Seq=315854 Ack=144 Win=65024 Len=1448 TSval=2916036095 TSecr=3045555867 [TCP segment of a reassembled PDU]"
"26631","32.014481892","192.168.1.55","192.168.1.2","TCP","1514","8004  >  35970 [ACK] Seq=317302 Ack=144 Win=65024 Len=1448 TSval=2916036095 TSecr=3045555867 [TCP segment of a reassembled PDU]"
"26632","32.014483281","192.168.1.55","192.168.1.2","TCP","1514","8004  >  35970 [ACK] Seq=318750 Ack=144 Win=65024 Len=1448 TSval=2916036095 TSecr=3045555867 [TCP segment of a reassembled PDU]"
"26633","32.014484559","192.168.1.55","192.168.1.2","TCP","1514","8004  >  35970 [ACK] Seq=320198 Ack=144 Win=65024 Len=1448 TSval=2916036095 TSecr=3045555867 [TCP segment of a reassembled PDU]"
"26634","32.014486096","192.168.1.55","192.168.1.2","TCP","1514","8004  >  35970 [ACK] Seq=321646 Ack=144 Win=65024 Len=1448 TSval=2916036095 TSecr=3045555867 [TCP segment of a reassembled PDU]"
"26635","32.014487448","192.168.1.55","192.168.1.2","TCP","1514","8004  >  35970 [ACK] Seq=323094 Ack=144 Win=65024 Len=1448 TSval=2916036095 TSecr=3045555867 [TCP segment of a reassembled PDU]"
"26636","32.014488781","192.168.1.55","192.168.1.2","TCP","1514","8004  >  35970 [ACK] Seq=324542 Ack=144 Win=65024 Len=1448 TSval=2916036095 TSecr=3045555867 [TCP segment of a reassembled PDU]"
"26637","32.014490225","192.168.1.55","192.168.1.2","TCP","1514","8004  >  35970 [ACK] Seq=325990 Ack=144 Win=65024 Len=1448 TSval=2916036095 TSecr=3045555867 [TCP segment of a reassembled PDU]"
"26638","32.014491522","192.168.1.55","192.168.1.2","TCP","1514","8004  >  35970 [ACK] Seq=327438 Ack=144 Win=65024 Len=1448 TSval=2916036095 TSecr=3045555867 [TCP segment of a reassembled PDU]"
"26639","32.014492948","192.168.1.55","192.168.1.2","TCP","1514","8004  >  35970 [ACK] Seq=328886 Ack=144 Win=65024 Len=1448 TSval=2916036095 TSecr=3045555867 [TCP segment of a reassembled PDU]"
"26640","32.014494485","192.168.1.55","192.168.1.2","TCP","1514","8004  >  35970 [ACK] Seq=330334 Ack=144 Win=65024 Len=1448 TSval=2916036095 TSecr=3045555867 [TCP segment of a reassembled PDU]"
"26641","32.014495781","192.168.1.55","192.168.1.2","TCP","1514","8004  >  35970 [ACK] Seq=331782 Ack=144 Win=65024 Len=1448 TSval=2916036095 TSecr=3045555867 [TCP segment of a reassembled PDU]"
"26642","32.014497170","192.168.1.55","192.168.1.2","TCP","1514","8004  >  35970 [ACK] Seq=333230 Ack=144 Win=65024 Len=1448 TSval=2916036095 TSecr=3045555867 [TCP segment of a reassembled PDU]"
"26643","32.014498559","192.168.1.55","192.168.1.2","TCP","1514","8004  >  35970 [ACK] Seq=334678 Ack=144 Win=65024 Len=1448 TSval=2916036095 TSecr=3045555867 [TCP segment of a reassembled PDU]"
"26644","32.014500244","192.168.1.55","192.168.1.2","TCP","1514","8004  >  35970 [ACK] Seq=336126 Ack=144 Win=65024 Len=1448 TSval=2916036095 TSecr=3045555867 [TCP segment of a reassembled PDU]"
"26645","32.014501837","192.168.1.55","192.168.1.2","TCP","1514","8004  >  35970 [ACK] Seq=337574 Ack=144 Win=65024 Len=1448 TSval=2916036095 TSecr=3045555867 [TCP segment of a reassembled PDU]"
"26646","32.014503188","192.168.1.55","192.168.1.2","TCP","330","[TCP Window Full] 8004  >  35970 [PSH, ACK] Seq=339022 Ack=144 Win=65024 Len=264 TSval=2916036095 TSecr=3045555867 [TCP segment of a reassembled PDU]"
"26647","32.014585985","192.168.1.2","192.168.1.55","TCP","66","35970  >  8004 [ACK] Seq=144 Ack=250694 Win=114688 Len=0 TSval=3045555868 TSecr=2916036088"
"26648","32.014595837","192.168.1.55","192.168.1.2","TCP","1250","8004  >  35970 [ACK] Seq=339286 Ack=144 Win=65024 Len=1184 TSval=2916036095 TSecr=3045555868 [TCP segment of a reassembled PDU]"
"26649","32.014617281","192.168.1.55","192.168.1.2","TCP","1514","8004  >  35970 [ACK] Seq=340470 Ack=144 Win=65024 Len=1448 TSval=2916036095 TSecr=3045555868 [TCP segment of a reassembled PDU]"
"26650","32.014618929","192.168.1.55","192.168.1.2","TCP","1514","8004  >  35970 [ACK] Seq=341918 Ack=144 Win=65024 Len=1448 TSval=2916036095 TSecr=3045555868 [TCP segment of a reassembled PDU]"
"26651","32.014620337","192.168.1.55","192.168.1.2","TCP","1514","8004  >  35970 [ACK] Seq=343366 Ack=144 Win=65024 Len=1448 TSval=2916036095 TSecr=3045555868 [TCP segment of a reassembled PDU]"
"26652","32.014621596","192.168.1.55","192.168.1.2","TCP","1514","8004  >  35970 [ACK] Seq=344814 Ack=144 Win=65024 Len=1448 TSval=2916036095 TSecr=3045555868 [TCP segment of a reassembled PDU]"
"26653","32.014622929","192.168.1.55","192.168.1.2","TCP","1514","8004  >  35970 [ACK] Seq=346262 Ack=144 Win=65024 Len=1448 TSval=2916036095 TSecr=3045555868 [TCP segment of a reassembled PDU]"
"26654","32.014624281","192.168.1.55","192.168.1.2","TCP","1514","8004  >  35970 [ACK] Seq=347710 Ack=144 Win=65024 Len=1448 TSval=2916036095 TSecr=3045555868 [TCP segment of a reassembled PDU]"
"26655","32.014625800","192.168.1.55","192.168.1.2","TCP","1514","8004  >  35970 [ACK] Seq=349158 Ack=144 Win=65024 Len=1448 TSval=2916036095 TSecr=3045555868 [TCP segment of a reassembled PDU]"
"26656","32.014627189","192.168.1.55","192.168.1.2","TCP","1514","8004  >  35970 [ACK] Seq=350606 Ack=144 Win=65024 Len=1448 TSval=2916036095 TSecr=3045555868 [TCP segment of a reassembled PDU]"
"26657","32.014628726","192.168.1.55","192.168.1.2","TCP","1514","8004  >  35970 [ACK] Seq=352054 Ack=144 Win=65024 Len=1448 TSval=2916036095 TSecr=3045555868 [TCP segment of a reassembled PDU]"
"26658","32.014630003","192.168.1.55","192.168.1.2","TCP","1514","8004  >  35970 [ACK] Seq=353502 Ack=144 Win=65024 Len=1448 TSval=2916036095 TSecr=3045555868 [TCP segment of a reassembled PDU]"
"26659","32.014631485","192.168.1.55","192.168.1.2","TCP","1514","8004  >  35970 [ACK] Seq=354950 Ack=144 Win=65024 Len=1448 TSval=2916036095 TSecr=3045555868 [TCP segment of a reassembled PDU]"
"26660","32.014633077","192.168.1.55","192.168.1.2","TCP","1514","8004  >  35970 [ACK] Seq=356398 Ack=144 Win=65024 Len=1448 TSval=2916036095 TSecr=3045555868 [TCP segment of a reassembled PDU]"
"26661","32.014634522","192.168.1.55","192.168.1.2","TCP","1514","8004  >  35970 [ACK] Seq=357846 Ack=144 Win=65024 Len=1448 TSval=2916036095 TSecr=3045555868 [TCP segment of a reassembled PDU]"
"26662","32.014635763","192.168.1.55","192.168.1.2","TCP","1514","8004  >  35970 [ACK] Seq=359294 Ack=144 Win=65024 Len=1448 TSval=2916036095 TSecr=3045555868 [TCP segment of a reassembled PDU]"
"26663","32.014637077","192.168.1.55","192.168.1.2","TCP","1514","8004  >  35970 [ACK] Seq=360742 Ack=144 Win=65024 Len=1448 TSval=2916036095 TSecr=3045555868 [TCP segment of a reassembled PDU]"
"26664","32.014642707","192.168.1.55","192.168.1.2","TCP","1514","8004  >  35970 [ACK] Seq=362190 Ack=144 Win=65024 Len=1448 TSval=2916036095 TSecr=3045555868 [TCP segment of a reassembled PDU]"
"26665","32.014644448","192.168.1.55","192.168.1.2","TCP","1514","8004  >  35970 [PSH, ACK] Seq=363638 Ack=144 Win=65024 Len=1448 TSval=2916036095 TSecr=3045555868 [TCP segment of a reassembled PDU]"
"26666","32.014648929","192.168.1.2","192.168.1.55","TCP","66","35970  >  8004 [ACK] Seq=144 Ack=252142 Win=117760 Len=0 TSval=3045555869 TSecr=2916036092"
"26667","32.014660800","192.168.1.55","192.168.1.2","TCP","1514","8004  >  35970 [ACK] Seq=365086 Ack=144 Win=65024 Len=1448 TSval=2916036095 TSecr=3045555869 [TCP segment of a reassembled PDU]"
"26668","32.014662448","192.168.1.55","192.168.1.2","TCP","1514","8004  >  35970 [ACK] Seq=366534 Ack=144 Win=65024 Len=1448 TSval=2916036095 TSecr=3045555869 [TCP segment of a reassembled PDU]"
"26669","32.014663948","192.168.1.55","192.168.1.2","TCP","1514","8004  >  35970 [PSH, ACK] Seq=367982 Ack=144 Win=65024 Len=1448 TSval=2916036095 TSecr=3045555869 [TCP segment of a reassembled PDU]"
"26670","32.014667948","192.168.1.2","192.168.1.55","TCP","66","35970  >  8004 [ACK] Seq=144 Ack=253590 Win=119808 Len=0 TSval=3045555869 TSecr=2916036092"
"26671","32.019555956","192.168.1.2","192.168.1.55","TCP","66","35970  >  8004 [ACK] Seq=144 Ack=260830 Win=124928 Len=0 TSval=3045555872 TSecr=2916036092"
"26672","32.019584974","192.168.1.55","192.168.1.2","TCP","1514","8004  >  35970 [ACK] Seq=369430 Ack=144 Win=65024 Len=1448 TSval=2916036100 TSecr=3045555872 [TCP segment of a reassembled PDU]"
"26673","32.019587974","192.168.1.55","192.168.1.2","TCP","1514","8004  >  35970 [ACK] Seq=370878 Ack=144 Win=65024 Len=1448 TSval=2916036100 TSecr=3045555872 [TCP segment of a reassembled PDU]"
"26674","32.019589493","192.168.1.55","192.168.1.2","TCP","1514","8004  >  35970 [ACK] Seq=372326 Ack=144 Win=65024 Len=1448 TSval=2916036100 TSecr=3045555872 [TCP segment of a reassembled PDU]"
"26675","32.019590808","192.168.1.55","192.168.1.2","TCP","1514","8004  >  35970 [ACK] Seq=373774 Ack=144 Win=65024 Len=1448 TSval=2916036100 TSecr=3045555872 [TCP segment of a reassembled PDU]"
"26676","32.019592233","192.168.1.55","192.168.1.2","TCP","1514","8004  >  35970 [ACK] Seq=375222 Ack=144 Win=65024 Len=1448 TSval=2916036100 TSecr=3045555872 [TCP segment of a reassembled PDU]"
"26677","32.019593530","192.168.1.55","192.168.1.2","TCP","1514","8004  >  35970 [ACK] Seq=376670 Ack=144 Win=65024 Len=1448 TSval=2916036100 TSecr=3045555872 [TCP segment of a reassembled PDU]"
"26678","32.019594956","192.168.1.55","192.168.1.2","TCP","1514","8004  >  35970 [ACK] Seq=378118 Ack=144 Win=65024 Len=1448 TSval=2916036100 TSecr=3045555872 [TCP segment of a reassembled PDU]"
"26679","32.019596530","192.168.1.55","192.168.1.2","TCP","1514","8004  >  35970 [ACK] Seq=379566 Ack=144 Win=65024 Len=1448 TSval=2916036100 TSecr=3045555872 [TCP segment of a reassembled PDU]"
"26680","32.019597826","192.168.1.55","192.168.1.2","TCP","1514","8004  >  35970 [ACK] Seq=381014 Ack=144 Win=65024 Len=1448 TSval=2916036100 TSecr=3045555872 [TCP segment of a reassembled PDU]"
"26681","32.019599178","192.168.1.55","192.168.1.2","TCP","1514","8004  >  35970 [ACK] Seq=382462 Ack=144 Win=65024 Len=1448 TSval=2916036100 TSecr=3045555872 [TCP segment of a reassembled PDU]"
"26682","32.019600493","192.168.1.55","192.168.1.2","TCP","1514","8004  >  35970 [PSH, ACK] Seq=383910 Ack=144 Win=65024 Len=1448 TSval=2916036100 TSecr=3045555872 [TCP segment of a reassembled PDU]"
"26683","32.019656863","192.168.1.2","192.168.1.55","TCP","66","35970  >  8004 [ACK] Seq=144 Ack=295582 Win=91136 Len=0 TSval=3045555872 TSecr=2916036092"
"26684","32.020148086","192.168.1.2","192.168.1.55","TCP","66","35970  >  8004 [ACK] Seq=144 Ack=339286 Win=90112 Len=0 TSval=3045555875 TSecr=2916036095"
"26685","32.020197586","192.168.1.55","192.168.1.2","TCP","1514","8004  >  35970 [ACK] Seq=385358 Ack=144 Win=65024 Len=1448 TSval=2916036100 TSecr=3045555875 [TCP segment of a reassembled PDU]"
"26686","32.020200753","192.168.1.55","192.168.1.2","TCP","1514","8004  >  35970 [ACK] Seq=386806 Ack=144 Win=65024 Len=1448 TSval=2916036100 TSecr=3045555875 [TCP segment of a reassembled PDU]"
"26687","32.020202142","192.168.1.55","192.168.1.2","TCP","1514","8004  >  35970 [ACK] Seq=388254 Ack=144 Win=65024 Len=1448 TSval=2916036100 TSecr=3045555875 [TCP segment of a reassembled PDU]"
"26688","32.020203994","192.168.1.55","192.168.1.2","TCP","1514","8004  >  35970 [ACK] Seq=389702 Ack=144 Win=65024 Len=1448 TSval=2916036100 TSecr=3045555875 [TCP segment of a reassembled PDU]"
"26689","32.020205271","192.168.1.55","192.168.1.2","TCP","1514","8004  >  35970 [ACK] Seq=391150 Ack=144 Win=65024 Len=1448 TSval=2916036100 TSecr=3045555875 [TCP segment of a reassembled PDU]"
"26690","32.020206623","192.168.1.55","192.168.1.2","TCP","1514","8004  >  35970 [ACK] Seq=392598 Ack=144 Win=65024 Len=1448 TSval=2916036100 TSecr=3045555875 [TCP segment of a reassembled PDU]"
"26691","32.020208031","192.168.1.55","192.168.1.2","TCP","1514","8004  >  35970 [ACK] Seq=394046 Ack=144 Win=65024 Len=1448 TSval=2916036100 TSecr=3045555875 [TCP segment of a reassembled PDU]"
"26692","32.020209586","192.168.1.55","192.168.1.2","TCP","1514","8004  >  35970 [ACK] Seq=395494 Ack=144 Win=65024 Len=1448 TSval=2916036100 TSecr=3045555875 [TCP segment of a reassembled PDU]"
"26693","32.020211031","192.168.1.55","192.168.1.2","TCP","1514","8004  >  35970 [ACK] Seq=396942 Ack=144 Win=65024 Len=1448 TSval=2916036100 TSecr=3045555875 [TCP segment of a reassembled PDU]"
"26694","32.020212531","192.168.1.55","192.168.1.2","TCP","1514","8004  >  35970 [ACK] Seq=398390 Ack=144 Win=65024 Len=1448 TSval=2916036100 TSecr=3045555875 [TCP segment of a reassembled PDU]"
"26695","32.020214253","192.168.1.55","192.168.1.2","TCP","1514","8004  >  35970 [ACK] Seq=399838 Ack=144 Win=65024 Len=1448 TSval=2916036100 TSecr=3045555875 [TCP segment of a reassembled PDU]"
"26696","32.020216049","192.168.1.55","192.168.1.2","TCP","1514","8004  >  35970 [ACK] Seq=401286 Ack=144 Win=65024 Len=1448 TSval=2916036100 TSecr=3045555875 [TCP segment of a reassembled PDU]"
"26697","32.020217457","192.168.1.55","192.168.1.2","TCP","1514","8004  >  35970 [ACK] Seq=402734 Ack=144 Win=65024 Len=1448 TSval=2916036100 TSecr=3045555875 [TCP segment of a reassembled PDU]"
"26698","32.020218864","192.168.1.55","192.168.1.2","TCP","1514","8004  >  35970 [ACK] Seq=404182 Ack=144 Win=65024 Len=1448 TSval=2916036100 TSecr=3045555875 [TCP segment of a reassembled PDU]"
"26699","32.020220160","192.168.1.55","192.168.1.2","TCP","1514","8004  >  35970 [ACK] Seq=405630 Ack=144 Win=65024 Len=1448 TSval=2916036100 TSecr=3045555875 [TCP segment of a reassembled PDU]"
"26700","32.020221494","192.168.1.55","192.168.1.2","TCP","1514","8004  >  35970 [ACK] Seq=407078 Ack=144 Win=65024 Len=1448 TSval=2916036100 TSecr=3045555875 [TCP segment of a reassembled PDU]"
"26701","32.020222938","192.168.1.55","192.168.1.2","TCP","1514","8004  >  35970 [ACK] Seq=408526 Ack=144 Win=65024 Len=1448 TSval=2916036100 TSecr=3045555875 [TCP segment of a reassembled PDU]"
"26702","32.020224216","192.168.1.55","192.168.1.2","TCP","1514","8004  >  35970 [ACK] Seq=409974 Ack=144 Win=65024 Len=1448 TSval=2916036100 TSecr=3045555875 [TCP segment of a reassembled PDU]"
"26703","32.020225846","192.168.1.55","192.168.1.2","TCP","1514","8004  >  35970 [ACK] Seq=411422 Ack=144 Win=65024 Len=1448 TSval=2916036100 TSecr=3045555875 [TCP segment of a reassembled PDU]"
"26704","32.020227383","192.168.1.55","192.168.1.2","TCP","1514","8004  >  35970 [ACK] Seq=412870 Ack=144 Win=65024 Len=1448 TSval=2916036100 TSecr=3045555875 [TCP segment of a reassembled PDU]"
"26705","32.020228772","192.168.1.55","192.168.1.2","TCP","1514","8004  >  35970 [ACK] Seq=414318 Ack=144 Win=65024 Len=1448 TSval=2916036100 TSecr=3045555875 [TCP segment of a reassembled PDU]"
"26706","32.020230142","192.168.1.55","192.168.1.2","TCP","1514","8004  >  35970 [ACK] Seq=415766 Ack=144 Win=65024 Len=1448 TSval=2916036100 TSecr=3045555875 [TCP segment of a reassembled PDU]"
"26707","32.020231605","192.168.1.55","192.168.1.2","TCP","1514","8004  >  35970 [ACK] Seq=417214 Ack=144 Win=65024 Len=1448 TSval=2916036100 TSecr=3045555875 [TCP segment of a reassembled PDU]"
"26708","32.020233012","192.168.1.55","192.168.1.2","TCP","1514","8004  >  35970 [ACK] Seq=418662 Ack=144 Win=65024 Len=1448 TSval=2916036100 TSecr=3045555875 [TCP segment of a reassembled PDU]"
"26709","32.020234457","192.168.1.55","192.168.1.2","TCP","1514","8004  >  35970 [ACK] Seq=420110 Ack=144 Win=65024 Len=1448 TSval=2916036100 TSecr=3045555875 [TCP segment of a reassembled PDU]"
"26710","32.020235846","192.168.1.55","192.168.1.2","TCP","1514","8004  >  35970 [ACK] Seq=421558 Ack=144 Win=65024 Len=1448 TSval=2916036100 TSecr=3045555875 [TCP segment of a reassembled PDU]"
"26711","32.020237142","192.168.1.55","192.168.1.2","TCP","1514","8004  >  35970 [ACK] Seq=423006 Ack=144 Win=65024 Len=1448 TSval=2916036100 TSecr=3045555875 [TCP segment of a reassembled PDU]"
"26712","32.020238920","192.168.1.55","192.168.1.2","TCP","1514","8004  >  35970 [ACK] Seq=424454 Ack=144 Win=65024 Len=1448 TSval=2916036100 TSecr=3045555875 [TCP segment of a reassembled PDU]"
"26713","32.020240901","192.168.1.55","192.168.1.2","TCP","1514","8004  >  35970 [ACK] Seq=425902 Ack=144 Win=65024 Len=1448 TSval=2916036100 TSecr=3045555875 [TCP segment of a reassembled PDU]"
"26714","32.020242272","192.168.1.55","192.168.1.2","TCP","1514","8004  >  35970 [PSH, ACK] Seq=427350 Ack=144 Win=65024 Len=1448 TSval=2916036100 TSecr=3045555875 [TCP segment of a reassembled PDU]"
"26715","32.020312383","192.168.1.2","192.168.1.55","TCP","66","35970  >  8004 [ACK] Seq=144 Ack=365086 Win=64512 Len=0 TSval=3045555875 TSecr=2916036095"
"26716","32.024481186","192.168.1.2","192.168.1.55","TCP","66","35970  >  8004 [ACK] Seq=144 Ack=369430 Win=130048 Len=0 TSval=3045555880 TSecr=2916036095"
"26717","32.024499130","192.168.1.55","192.168.1.2","TCP","1514","8004  >  35970 [ACK] Seq=428798 Ack=144 Win=65024 Len=1448 TSval=2916036105 TSecr=3045555880 [TCP segment of a reassembled PDU]"
"26718","32.024537649","192.168.1.55","192.168.1.2","TCP","1514","8004  >  35970 [ACK] Seq=430246 Ack=144 Win=65024 Len=1448 TSval=2916036105 TSecr=3045555880 [TCP segment of a reassembled PDU]"
"26719","32.024538926","192.168.1.55","192.168.1.2","TCP","1514","8004  >  35970 [ACK] Seq=431694 Ack=144 Win=65024 Len=1448 TSval=2916036105 TSecr=3045555880 [TCP segment of a reassembled PDU]"
"26720","32.024540167","192.168.1.55","192.168.1.2","TCP","1514","8004  >  35970 [ACK] Seq=433142 Ack=144 Win=65024 Len=1448 TSval=2916036105 TSecr=3045555880 [TCP segment of a reassembled PDU]"
"26721","32.024541334","192.168.1.55","192.168.1.2","TCP","1514","8004  >  35970 [ACK] Seq=434590 Ack=144 Win=65024 Len=1448 TSval=2916036105 TSecr=3045555880 [TCP segment of a reassembled PDU]"
"26722","32.024542723","192.168.1.55","192.168.1.2","TCP","1514","8004  >  35970 [ACK] Seq=436038 Ack=144 Win=65024 Len=1448 TSval=2916036105 TSecr=3045555880 [TCP segment of a reassembled PDU]"
"26723","32.024543908","192.168.1.55","192.168.1.2","TCP","1514","8004  >  35970 [ACK] Seq=437486 Ack=144 Win=65024 Len=1448 TSval=2916036105 TSecr=3045555880 [TCP segment of a reassembled PDU]"
"26724","32.024545019","192.168.1.55","192.168.1.2","TCP","1514","8004  >  35970 [ACK] Seq=438934 Ack=144 Win=65024 Len=1448 TSval=2916036105 TSecr=3045555880 [TCP segment of a reassembled PDU]"
"26725","32.024546130","192.168.1.55","192.168.1.2","TCP","1514","8004  >  35970 [ACK] Seq=440382 Ack=144 Win=65024 Len=1448 TSval=2916036105 TSecr=3045555880 [TCP segment of a reassembled PDU]"
"26726","32.024547315","192.168.1.55","192.168.1.2","TCP","1514","8004  >  35970 [ACK] Seq=441830 Ack=144 Win=65024 Len=1448 TSval=2916036105 TSecr=3045555880 [TCP segment of a reassembled PDU]"
"26727","32.024548501","192.168.1.55","192.168.1.2","TCP","1514","8004  >  35970 [ACK] Seq=443278 Ack=144 Win=65024 Len=1448 TSval=2916036105 TSecr=3045555880 [TCP segment of a reassembled PDU]"
"26728","32.024549667","192.168.1.55","192.168.1.2","TCP","1514","8004  >  35970 [ACK] Seq=444726 Ack=144 Win=65024 Len=1448 TSval=2916036105 TSecr=3045555880 [TCP segment of a reassembled PDU]"
"26729","32.024550797","192.168.1.55","192.168.1.2","TCP","1514","8004  >  35970 [ACK] Seq=446174 Ack=144 Win=65024 Len=1448 TSval=2916036105 TSecr=3045555880 [TCP segment of a reassembled PDU]"
"26730","32.024551964","192.168.1.55","192.168.1.2","TCP","1514","8004  >  35970 [ACK] Seq=447622 Ack=144 Win=65024 Len=1448 TSval=2916036105 TSecr=3045555880 [TCP segment of a reassembled PDU]"
"26731","32.024553241","192.168.1.55","192.168.1.2","TCP","1514","8004  >  35970 [ACK] Seq=449070 Ack=144 Win=65024 Len=1448 TSval=2916036105 TSecr=3045555880 [TCP segment of a reassembled PDU]"
"26732","32.024554371","192.168.1.55","192.168.1.2","TCP","1514","8004  >  35970 [ACK] Seq=450518 Ack=144 Win=65024 Len=1448 TSval=2916036105 TSecr=3045555880 [TCP segment of a reassembled PDU]"
"26733","32.024555519","192.168.1.55","192.168.1.2","TCP","1514","8004  >  35970 [ACK] Seq=451966 Ack=144 Win=65024 Len=1448 TSval=2916036105 TSecr=3045555880 [TCP segment of a reassembled PDU]"
"26734","32.024556797","192.168.1.55","192.168.1.2","TCP","1514","8004  >  35970 [ACK] Seq=453414 Ack=144 Win=65024 Len=1448 TSval=2916036105 TSecr=3045555880 [TCP segment of a reassembled PDU]"
"26735","32.024558001","192.168.1.55","192.168.1.2","TCP","1514","8004  >  35970 [ACK] Seq=454862 Ack=144 Win=65024 Len=1448 TSval=2916036105 TSecr=3045555880 [TCP segment of a reassembled PDU]"
"26736","32.024559204","192.168.1.55","192.168.1.2","TCP","1514","8004  >  35970 [ACK] Seq=456310 Ack=144 Win=65024 Len=1448 TSval=2916036105 TSecr=3045555880 [TCP segment of a reassembled PDU]"
"26737","32.024560427","192.168.1.55","192.168.1.2","TCP","1514","8004  >  35970 [ACK] Seq=457758 Ack=144 Win=65024 Len=1448 TSval=2916036105 TSecr=3045555880 [TCP segment of a reassembled PDU]"
"26738","32.024561704","192.168.1.55","192.168.1.2","TCP","1514","8004  >  35970 [ACK] Seq=459206 Ack=144 Win=65024 Len=1448 TSval=2916036105 TSecr=3045555880 [TCP segment of a reassembled PDU]"
"26739","32.024562964","192.168.1.55","192.168.1.2","TCP","1514","8004  >  35970 [ACK] Seq=460654 Ack=144 Win=65024 Len=1448 TSval=2916036105 TSecr=3045555880 [TCP segment of a reassembled PDU]"
"26740","32.024564130","192.168.1.55","192.168.1.2","TCP","1514","8004  >  35970 [ACK] Seq=462102 Ack=144 Win=65024 Len=1448 TSval=2916036105 TSecr=3045555880 [TCP segment of a reassembled PDU]"
"26741","32.024565352","192.168.1.55","192.168.1.2","TCP","1514","8004  >  35970 [ACK] Seq=463550 Ack=144 Win=65024 Len=1448 TSval=2916036105 TSecr=3045555880 [TCP segment of a reassembled PDU]"
"26742","32.024566982","192.168.1.55","192.168.1.2","TCP","1514","8004  >  35970 [ACK] Seq=464998 Ack=144 Win=65024 Len=1448 TSval=2916036105 TSecr=3045555880 [TCP segment of a reassembled PDU]"
"26743","32.024569075","192.168.1.55","192.168.1.2","TCP","1514","8004  >  35970 [ACK] Seq=466446 Ack=144 Win=65024 Len=1448 TSval=2916036105 TSecr=3045555880 [TCP segment of a reassembled PDU]"
"26744","32.024570315","192.168.1.55","192.168.1.2","TCP","1514","8004  >  35970 [ACK] Seq=467894 Ack=144 Win=65024 Len=1448 TSval=2916036105 TSecr=3045555880 [TCP segment of a reassembled PDU]"
"26745","32.024571538","192.168.1.55","192.168.1.2","TCP","1514","8004  >  35970 [ACK] Seq=469342 Ack=144 Win=65024 Len=1448 TSval=2916036105 TSecr=3045555880 [TCP segment of a reassembled PDU]"
"26746","32.024573075","192.168.1.55","192.168.1.2","TCP","1514","8004  >  35970 [ACK] Seq=470790 Ack=144 Win=65024 Len=1448 TSval=2916036105 TSecr=3045555880 [TCP segment of a reassembled PDU]"
"26747","32.024574556","192.168.1.55","192.168.1.2","TCP","1514","8004  >  35970 [ACK] Seq=472238 Ack=144 Win=65024 Len=1448 TSval=2916036105 TSecr=3045555880 [TCP segment of a reassembled PDU]"
"26748","32.024575852","192.168.1.55","192.168.1.2","TCP","1514","8004  >  35970 [PSH, ACK] Seq=473686 Ack=144 Win=65024 Len=1448 TSval=2916036105 TSecr=3045555880 [TCP segment of a reassembled PDU]"
"26749","32.024611890","192.168.1.55","192.168.1.2","TCP","1514","8004  >  35970 [ACK] Seq=475134 Ack=144 Win=65024 Len=1448 TSval=2916036105 TSecr=3045555880 [TCP segment of a reassembled PDU]"
"26750","32.024613630","192.168.1.55","192.168.1.2","TCP","1514","8004  >  35970 [ACK] Seq=476582 Ack=144 Win=65024 Len=1448 TSval=2916036105 TSecr=3045555880 [TCP segment of a reassembled PDU]"
"26751","32.024614723","192.168.1.55","192.168.1.2","TCP","1514","8004  >  35970 [ACK] Seq=478030 Ack=144 Win=65024 Len=1448 TSval=2916036105 TSecr=3045555880 [TCP segment of a reassembled PDU]"
"26752","32.024615908","192.168.1.55","192.168.1.2","TCP","1514","8004  >  35970 [ACK] Seq=479478 Ack=144 Win=65024 Len=1448 TSval=2916036105 TSecr=3045555880 [TCP segment of a reassembled PDU]"
"26753","32.024617038","192.168.1.55","192.168.1.2","TCP","1514","8004  >  35970 [ACK] Seq=480926 Ack=144 Win=65024 Len=1448 TSval=2916036105 TSecr=3045555880 [TCP segment of a reassembled PDU]"
"26754","32.024618241","192.168.1.55","192.168.1.2","TCP","1514","8004  >  35970 [ACK] Seq=482374 Ack=144 Win=65024 Len=1448 TSval=2916036105 TSecr=3045555880 [TCP segment of a reassembled PDU]"
"26755","32.024619371","192.168.1.55","192.168.1.2","TCP","1514","8004  >  35970 [ACK] Seq=483822 Ack=144 Win=65024 Len=1448 TSval=2916036105 TSecr=3045555880 [TCP segment of a reassembled PDU]"
"26756","32.024620575","192.168.1.55","192.168.1.2","TCP","1514","8004  >  35970 [ACK] Seq=485270 Ack=144 Win=65024 Len=1448 TSval=2916036105 TSecr=3045555880 [TCP segment of a reassembled PDU]"
"26757","32.024621741","192.168.1.55","192.168.1.2","TCP","1514","8004  >  35970 [ACK] Seq=486718 Ack=144 Win=65024 Len=1448 TSval=2916036105 TSecr=3045555880 [TCP segment of a reassembled PDU]"
"26758","32.024622815","192.168.1.55","192.168.1.2","TCP","1514","8004  >  35970 [ACK] Seq=488166 Ack=144 Win=65024 Len=1448 TSval=2916036105 TSecr=3045555880 [TCP segment of a reassembled PDU]"
"26759","32.024623982","192.168.1.55","192.168.1.2","TCP","1514","8004  >  35970 [ACK] Seq=489614 Ack=144 Win=65024 Len=1448 TSval=2916036105 TSecr=3045555880 [TCP segment of a reassembled PDU]"
"26760","32.024625612","192.168.1.55","192.168.1.2","TCP","1514","8004  >  35970 [ACK] Seq=491062 Ack=144 Win=65024 Len=1448 TSval=2916036105 TSecr=3045555880 [TCP segment of a reassembled PDU]"
"26761","32.024626816","192.168.1.55","192.168.1.2","TCP","1514","8004  >  35970 [ACK] Seq=492510 Ack=144 Win=65024 Len=1448 TSval=2916036105 TSecr=3045555880 [TCP segment of a reassembled PDU]"
"26762","32.024628001","192.168.1.55","192.168.1.2","TCP","1514","8004  >  35970 [ACK] Seq=493958 Ack=144 Win=65024 Len=1448 TSval=2916036105 TSecr=3045555880 [TCP segment of a reassembled PDU]"
"26763","32.024629334","192.168.1.55","192.168.1.2","TCP","1514","8004  >  35970 [ACK] Seq=495406 Ack=144 Win=65024 Len=1448 TSval=2916036105 TSecr=3045555880 [TCP segment of a reassembled PDU]"
"26764","32.024630408","192.168.1.55","192.168.1.2","TCP","1514","8004  >  35970 [ACK] Seq=496854 Ack=144 Win=65024 Len=1448 TSval=2916036105 TSecr=3045555880 [TCP segment of a reassembled PDU]"
"26765","32.024631519","192.168.1.55","192.168.1.2","HTTP","222","HTTP/1.0 200 OK  (PNG)"
"26766","32.024660223","192.168.1.2","192.168.1.55","TCP","66","35970  >  8004 [ACK] Seq=144 Ack=385358 Win=115712 Len=0 TSval=3045555880 TSecr=2916036100"
"26767","32.025868558","192.168.1.2","192.168.1.55","TCP","66","35970  >  8004 [ACK] Seq=144 Ack=428798 Win=90112 Len=0 TSval=3045555880 TSecr=2916036100"
"26768","32.030268565","192.168.1.2","192.168.1.55","TCP","66","35970  >  8004 [ACK] Seq=144 Ack=475134 Win=130048 Len=0 TSval=3045555886 TSecr=2916036105"
"26769","32.030379732","192.168.1.2","192.168.1.55","TCP","66","35970  >  8004 [ACK] Seq=144 Ack=498302 Win=111616 Len=0 TSval=3045555886 TSecr=2916036105"
"26770","32.031783345","192.168.1.2","192.168.1.55","TCP","66","35970  >  8004 [FIN, ACK] Seq=144 Ack=498459 Win=130048 Len=0 TSval=3045555886 TSecr=2916036105"
"26771","32.031797938","192.168.1.55","192.168.1.2","TCP","66","8004  >  35970 [ACK] Seq=498459 Ack=145 Win=65024 Len=0 TSval=2916036112 TSecr=3045555886"
"26772","32.031895012","192.168.1.2","192.168.1.55","TCP","74","35986  >  8004 [SYN] Seq=0 Win=64240 Len=0 MSS=1460 SACK_PERM TSval=3045555886 TSecr=0 WS=1024"
"26773","32.031917142","192.168.1.55","192.168.1.2","TCP","74","8004  >  35986 [SYN, ACK] Seq=0 Ack=1 Win=65160 Len=0 MSS=1460 SACK_PERM TSval=2916036112 TSecr=3045555886 WS=128"
"26774","32.035037554","192.168.1.2","192.168.1.55","TCP","66","35986  >  8004 [ACK] Seq=1 Ack=1 Win=64512 Len=0 TSval=3045555890 TSecr=2916036112"
"26775","32.035450666","192.168.1.2","192.168.1.55","HTTP","206","GET /stego_benchmark.png HTTP/1.1 "
"26776","32.035512277","192.168.1.55","192.168.1.2","TCP","66","8004  >  35986 [ACK] Seq=1 Ack=141 Win=65024 Len=0 TSval=2916036116 TSecr=3045555890"
"26777","32.036194260","192.168.1.55","192.168.1.2","TCP","255","8004  >  35986 [PSH, ACK] Seq=1 Ack=141 Win=65024 Len=189 TSval=2916036116 TSecr=3045555890 [TCP segment of a reassembled PDU]"
"26778","32.036317908","192.168.1.55","192.168.1.2","TCP","1514","8004  >  35986 [ACK] Seq=190 Ack=141 Win=65024 Len=1448 TSval=2916036116 TSecr=3045555890 [TCP segment of a reassembled PDU]"
"26779","32.036322667","192.168.1.55","192.168.1.2","TCP","1514","8004  >  35986 [ACK] Seq=1638 Ack=141 Win=65024 Len=1448 TSval=2916036116 TSecr=3045555890 [TCP segment of a reassembled PDU]"
"26780","32.036323927","192.168.1.55","192.168.1.2","TCP","1514","8004  >  35986 [ACK] Seq=3086 Ack=141 Win=65024 Len=1448 TSval=2916036116 TSecr=3045555890 [TCP segment of a reassembled PDU]"
"26781","32.036325038","192.168.1.55","192.168.1.2","TCP","1514","8004  >  35986 [ACK] Seq=4534 Ack=141 Win=65024 Len=1448 TSval=2916036116 TSecr=3045555890 [TCP segment of a reassembled PDU]"
"26782","32.036326260","192.168.1.55","192.168.1.2","TCP","1514","8004  >  35986 [PSH, ACK] Seq=5982 Ack=141 Win=65024 Len=1448 TSval=2916036116 TSecr=3045555890 [TCP segment of a reassembled PDU]"
"26783","32.036342816","192.168.1.55","192.168.1.2","TCP","1514","8004  >  35986 [ACK] Seq=7430 Ack=141 Win=65024 Len=1448 TSval=2916036117 TSecr=3045555890 [TCP segment of a reassembled PDU]"
"26784","32.036344890","192.168.1.55","192.168.1.2","TCP","1514","8004  >  35986 [ACK] Seq=8878 Ack=141 Win=65024 Len=1448 TSval=2916036117 TSecr=3045555890 [TCP segment of a reassembled PDU]"
"26785","32.036346112","192.168.1.55","192.168.1.2","TCP","1514","8004  >  35986 [ACK] Seq=10326 Ack=141 Win=65024 Len=1448 TSval=2916036117 TSecr=3045555890 [TCP segment of a reassembled PDU]"
"26786","32.036347334","192.168.1.55","192.168.1.2","TCP","1514","8004  >  35986 [PSH, ACK] Seq=11774 Ack=141 Win=65024 Len=1448 TSval=2916036117 TSecr=3045555890 [TCP segment of a reassembled PDU]"
"26787","32.039423950","192.168.1.2","192.168.1.55","TCP","66","35986  >  8004 [ACK] Seq=141 Ack=190 Win=64512 Len=0 TSval=3045555894 TSecr=2916036116"
"26788","32.039478654","192.168.1.55","192.168.1.2","TCP","1514","8004  >  35986 [ACK] Seq=13222 Ack=141 Win=65024 Len=1448 TSval=2916036120 TSecr=3045555894 [TCP segment of a reassembled PDU]"
"26789","32.039483469","192.168.1.55","192.168.1.2","TCP","1514","8004  >  35986 [PSH, ACK] Seq=14670 Ack=141 Win=65024 Len=1448 TSval=2916036120 TSecr=3045555894 [TCP segment of a reassembled PDU]"
"26790","32.039589710","192.168.1.2","192.168.1.55","TCP","66","35986  >  8004 [ACK] Seq=141 Ack=3086 Win=70656 Len=0 TSval=3045555894 TSecr=2916036116"
"26791","32.039609895","192.168.1.2","192.168.1.55","TCP","66","35986  >  8004 [ACK] Seq=141 Ack=4534 Win=73728 Len=0 TSval=3045555894 TSecr=2916036116"
"26792","32.039635969","192.168.1.55","192.168.1.2","TCP","1514","8004  >  35986 [ACK] Seq=16118 Ack=141 Win=65024 Len=1448 TSval=2916036120 TSecr=3045555894 [TCP segment of a reassembled PDU]"
"26793","32.039638228","192.168.1.55","192.168.1.2","TCP","1514","8004  >  35986 [ACK] Seq=17566 Ack=141 Win=65024 Len=1448 TSval=2916036120 TSecr=3045555894 [TCP segment of a reassembled PDU]"
"26794","32.039639839","192.168.1.55","192.168.1.2","TCP","1514","8004  >  35986 [ACK] Seq=19014 Ack=141 Win=65024 Len=1448 TSval=2916036120 TSecr=3045555894 [TCP segment of a reassembled PDU]"
"26795","32.039641136","192.168.1.55","192.168.1.2","TCP","1514","8004  >  35986 [ACK] Seq=20462 Ack=141 Win=65024 Len=1448 TSval=2916036120 TSecr=3045555894 [TCP segment of a reassembled PDU]"
"26796","32.039642321","192.168.1.55","192.168.1.2","TCP","1514","8004  >  35986 [ACK] Seq=21910 Ack=141 Win=65024 Len=1448 TSval=2916036120 TSecr=3045555894 [TCP segment of a reassembled PDU]"
"26797","32.039643339","192.168.1.55","192.168.1.2","TCP","1514","8004  >  35986 [PSH, ACK] Seq=23358 Ack=141 Win=65024 Len=1448 TSval=2916036120 TSecr=3045555894 [TCP segment of a reassembled PDU]"
"26798","32.043385475","192.168.1.2","192.168.1.55","TCP","66","35986  >  8004 [ACK] Seq=141 Ack=7430 Win=79872 Len=0 TSval=3045555895 TSecr=2916036116"
"26799","32.043420864","192.168.1.55","192.168.1.2","TCP","1514","8004  >  35986 [ACK] Seq=24806 Ack=141 Win=65024 Len=1448 TSval=2916036124 TSecr=3045555895 [TCP segment of a reassembled PDU]"
"26800","32.043425179","192.168.1.55","192.168.1.2","TCP","1514","8004  >  35986 [ACK] Seq=26254 Ack=141 Win=65024 Len=1448 TSval=2916036124 TSecr=3045555895 [TCP segment of a reassembled PDU]"
"26801","32.043426104","192.168.1.55","192.168.1.2","TCP","1514","8004  >  35986 [ACK] Seq=27702 Ack=141 Win=65024 Len=1448 TSval=2916036124 TSecr=3045555895 [TCP segment of a reassembled PDU]"
"26802","32.043426993","192.168.1.55","192.168.1.2","TCP","1514","8004  >  35986 [PSH, ACK] Seq=29150 Ack=141 Win=65024 Len=1448 TSval=2916036124 TSecr=3045555895 [TCP segment of a reassembled PDU]"
"26803","32.043451623","192.168.1.2","192.168.1.55","TCP","66","35986  >  8004 [ACK] Seq=141 Ack=13222 Win=84992 Len=0 TSval=3045555895 TSecr=2916036117"
"26804","32.043473160","192.168.1.55","192.168.1.2","TCP","1514","8004  >  35986 [ACK] Seq=30598 Ack=141 Win=65024 Len=1448 TSval=2916036124 TSecr=3045555895 [TCP segment of a reassembled PDU]"
"26805","32.043475105","192.168.1.55","192.168.1.2","TCP","1514","8004  >  35986 [ACK] Seq=32046 Ack=141 Win=65024 Len=1448 TSval=2916036124 TSecr=3045555895 [TCP segment of a reassembled PDU]"
"26806","32.043476123","192.168.1.55","192.168.1.2","TCP","1514","8004  >  35986 [ACK] Seq=33494 Ack=141 Win=65024 Len=1448 TSval=2916036124 TSecr=3045555895 [TCP segment of a reassembled PDU]"
"26807","32.043477030","192.168.1.55","192.168.1.2","TCP","1514","8004  >  35986 [ACK] Seq=34942 Ack=141 Win=65024 Len=1448 TSval=2916036124 TSecr=3045555895 [TCP segment of a reassembled PDU]"
"26808","32.043478030","192.168.1.55","192.168.1.2","TCP","1514","8004  >  35986 [ACK] Seq=36390 Ack=141 Win=65024 Len=1448 TSval=2916036124 TSecr=3045555895 [TCP segment of a reassembled PDU]"
"26809","32.043479012","192.168.1.55","192.168.1.2","TCP","1514","8004  >  35986 [ACK] Seq=37838 Ack=141 Win=65024 Len=1448 TSval=2916036124 TSecr=3045555895 [TCP segment of a reassembled PDU]"
"26810","32.043479975","192.168.1.55","192.168.1.2","TCP","1514","8004  >  35986 [ACK] Seq=39286 Ack=141 Win=65024 Len=1448 TSval=2916036124 TSecr=3045555895 [TCP segment of a reassembled PDU]"
"26811","32.043480919","192.168.1.55","192.168.1.2","TCP","1514","8004  >  35986 [PSH, ACK] Seq=40734 Ack=141 Win=65024 Len=1448 TSval=2916036124 TSecr=3045555895 [TCP segment of a reassembled PDU]"
"26812","32.044036976","192.168.1.2","192.168.1.55","TCP","66","35986  >  8004 [ACK] Seq=141 Ack=14670 Win=88064 Len=0 TSval=3045555897 TSecr=2916036120"
"26813","32.044066735","192.168.1.55","192.168.1.2","TCP","1514","8004  >  35986 [ACK] Seq=42182 Ack=141 Win=65024 Len=1448 TSval=2916036124 TSecr=3045555897 [TCP segment of a reassembled PDU]"
"26814","32.044070698","192.168.1.55","192.168.1.2","TCP","1514","8004  >  35986 [PSH, ACK] Seq=43630 Ack=141 Win=65024 Len=1448 TSval=2916036124 TSecr=3045555897 [TCP segment of a reassembled PDU]"
"26815","32.044129106","192.168.1.2","192.168.1.55","TCP","66","35986  >  8004 [ACK] Seq=141 Ack=16118 Win=91136 Len=0 TSval=3045555898 TSecr=2916036120"
"26816","32.044144513","192.168.1.2","192.168.1.55","TCP","66","35986  >  8004 [ACK] Seq=141 Ack=24806 Win=82944 Len=0 TSval=3045555898 TSecr=2916036120"
"26817","32.044177976","192.168.1.55","192.168.1.2","TCP","1514","8004  >  35986 [ACK] Seq=45078 Ack=141 Win=65024 Len=1448 TSval=2916036124 TSecr=3045555898 [TCP segment of a reassembled PDU]"
"26818","32.044180495","192.168.1.55","192.168.1.2","TCP","1514","8004  >  35986 [ACK] Seq=46526 Ack=141 Win=65024 Len=1448 TSval=2916036124 TSecr=3045555898 [TCP segment of a reassembled PDU]"
"26819","32.044181883","192.168.1.55","192.168.1.2","TCP","1514","8004  >  35986 [ACK] Seq=47974 Ack=141 Win=65024 Len=1448 TSval=2916036124 TSecr=3045555898 [TCP segment of a reassembled PDU]"
"26820","32.044183865","192.168.1.55","192.168.1.2","TCP","1514","8004  >  35986 [ACK] Seq=49422 Ack=141 Win=65024 Len=1448 TSval=2916036124 TSecr=3045555898 [TCP segment of a reassembled PDU]"
"26821","32.044185383","192.168.1.55","192.168.1.2","TCP","1514","8004  >  35986 [ACK] Seq=50870 Ack=141 Win=65024 Len=1448 TSval=2916036124 TSecr=3045555898 [TCP segment of a reassembled PDU]"
"26822","32.044186458","192.168.1.55","192.168.1.2","TCP","1514","8004  >  35986 [ACK] Seq=52318 Ack=141 Win=65024 Len=1448 TSval=2916036124 TSecr=3045555898 [TCP segment of a reassembled PDU]"
"26823","32.044187846","192.168.1.55","192.168.1.2","TCP","1514","8004  >  35986 [ACK] Seq=53766 Ack=141 Win=65024 Len=1448 TSval=2916036124 TSecr=3045555898 [TCP segment of a reassembled PDU]"
"26824","32.044189809","192.168.1.55","192.168.1.2","TCP","1514","8004  >  35986 [ACK] Seq=55214 Ack=141 Win=65024 Len=1448 TSval=2916036124 TSecr=3045555898 [TCP segment of a reassembled PDU]"
"26825","32.044191235","192.168.1.55","192.168.1.2","TCP","1514","8004  >  35986 [ACK] Seq=56662 Ack=141 Win=65024 Len=1448 TSval=2916036124 TSecr=3045555898 [TCP segment of a reassembled PDU]"
"26826","32.044192606","192.168.1.55","192.168.1.2","TCP","1514","8004  >  35986 [ACK] Seq=58110 Ack=141 Win=65024 Len=1448 TSval=2916036124 TSecr=3045555898 [TCP segment of a reassembled PDU]"
"26827","32.044194458","192.168.1.55","192.168.1.2","TCP","1514","8004  >  35986 [ACK] Seq=59558 Ack=141 Win=65024 Len=1448 TSval=2916036124 TSecr=3045555898 [TCP segment of a reassembled PDU]"
"26828","32.044196198","192.168.1.55","192.168.1.2","TCP","1514","8004  >  35986 [ACK] Seq=61006 Ack=141 Win=65024 Len=1448 TSval=2916036124 TSecr=3045555898 [TCP segment of a reassembled PDU]"
"26829","32.044198143","192.168.1.55","192.168.1.2","TCP","1514","8004  >  35986 [ACK] Seq=62454 Ack=141 Win=65024 Len=1448 TSval=2916036124 TSecr=3045555898 [TCP segment of a reassembled PDU]"
"26830","32.044199439","192.168.1.55","192.168.1.2","TCP","1514","8004  >  35986 [PSH, ACK] Seq=63902 Ack=141 Win=65024 Len=1448 TSval=2916036124 TSecr=3045555898 [TCP segment of a reassembled PDU]"
"26831","32.049625503","192.168.1.2","192.168.1.55","TCP","66","35986  >  8004 [ACK] Seq=141 Ack=30598 Win=88064 Len=0 TSval=3045555903 TSecr=2916036124"
"26832","32.049822392","192.168.1.55","192.168.1.2","TCP","1514","8004  >  35986 [ACK] Seq=65350 Ack=141 Win=65024 Len=1448 TSval=2916036130 TSecr=3045555903 [TCP segment of a reassembled PDU]"
"26833","32.049838466","192.168.1.55","192.168.1.2","TCP","1514","8004  >  35986 [ACK] Seq=66798 Ack=141 Win=65024 Len=1448 TSval=2916036130 TSecr=3045555903 [TCP segment of a reassembled PDU]"
"26834","32.049841115","192.168.1.55","192.168.1.2","TCP","1514","8004  >  35986 [ACK] Seq=68246 Ack=141 Win=65024 Len=1448 TSval=2916036130 TSecr=3045555903 [TCP segment of a reassembled PDU]"
"26835","32.049842726","192.168.1.55","192.168.1.2","TCP","1514","8004  >  35986 [ACK] Seq=69694 Ack=141 Win=65024 Len=1448 TSval=2916036130 TSecr=3045555903 [TCP segment of a reassembled PDU]"
"26836","32.049844300","192.168.1.55","192.168.1.2","TCP","1514","8004  >  35986 [ACK] Seq=71142 Ack=141 Win=65024 Len=1448 TSval=2916036130 TSecr=3045555903 [TCP segment of a reassembled PDU]"
"26837","32.049845800","192.168.1.55","192.168.1.2","TCP","1514","8004  >  35986 [ACK] Seq=72590 Ack=141 Win=65024 Len=1448 TSval=2916036130 TSecr=3045555903 [TCP segment of a reassembled PDU]"
"26838","32.049847096","192.168.1.55","192.168.1.2","TCP","1514","8004  >  35986 [ACK] Seq=74038 Ack=141 Win=65024 Len=1448 TSval=2916036130 TSecr=3045555903 [TCP segment of a reassembled PDU]"
"26839","32.049848707","192.168.1.55","192.168.1.2","TCP","1514","8004  >  35986 [PSH, ACK] Seq=75486 Ack=141 Win=65024 Len=1448 TSval=2916036130 TSecr=3045555903 [TCP segment of a reassembled PDU]"
"26840","32.049961189","192.168.1.2","192.168.1.55","TCP","66","35986  >  8004 [ACK] Seq=141 Ack=42182 Win=76800 Len=0 TSval=3045555903 TSecr=2916036124"
"26841","32.050042967","192.168.1.55","192.168.1.2","TCP","1514","8004  >  35986 [ACK] Seq=76934 Ack=141 Win=65024 Len=1448 TSval=2916036130 TSecr=3045555903 [TCP segment of a reassembled PDU]"
"26842","32.050047356","192.168.1.55","192.168.1.2","TCP","1514","8004  >  35986 [ACK] Seq=78382 Ack=141 Win=65024 Len=1448 TSval=2916036130 TSecr=3045555903 [TCP segment of a reassembled PDU]"
"26843","32.050048763","192.168.1.55","192.168.1.2","TCP","1514","8004  >  35986 [ACK] Seq=79830 Ack=141 Win=65024 Len=1448 TSval=2916036130 TSecr=3045555903 [TCP segment of a reassembled PDU]"
"26844","32.050050263","192.168.1.55","192.168.1.2","TCP","1514","8004  >  35986 [ACK] Seq=81278 Ack=141 Win=65024 Len=1448 TSval=2916036130 TSecr=3045555903 [TCP segment of a reassembled PDU]"
"26845","32.050051819","192.168.1.55","192.168.1.2","TCP","1514","8004  >  35986 [ACK] Seq=82726 Ack=141 Win=65024 Len=1448 TSval=2916036130 TSecr=3045555903 [TCP segment of a reassembled PDU]"
"26846","32.050053282","192.168.1.55","192.168.1.2","TCP","1514","8004  >  35986 [ACK] Seq=84174 Ack=141 Win=65024 Len=1448 TSval=2916036130 TSecr=3045555903 [TCP segment of a reassembled PDU]"
"26847","32.050054430","192.168.1.55","192.168.1.2","TCP","1514","8004  >  35986 [ACK] Seq=85622 Ack=141 Win=65024 Len=1448 TSval=2916036130 TSecr=3045555903 [TCP segment of a reassembled PDU]"
"26848","32.050055985","192.168.1.55","192.168.1.2","TCP","1514","8004  >  35986 [ACK] Seq=87070 Ack=141 Win=65024 Len=1448 TSval=2916036130 TSecr=3045555903 [TCP segment of a reassembled PDU]"
"26849","32.050057208","192.168.1.55","192.168.1.2","TCP","1514","8004  >  35986 [ACK] Seq=88518 Ack=141 Win=65024 Len=1448 TSval=2916036130 TSecr=3045555903 [TCP segment of a reassembled PDU]"
"26850","32.050058652","192.168.1.55","192.168.1.2","TCP","1514","8004  >  35986 [ACK] Seq=89966 Ack=141 Win=65024 Len=1448 TSval=2916036130 TSecr=3045555903 [TCP segment of a reassembled PDU]"
"26851","32.050060448","192.168.1.55","192.168.1.2","TCP","1514","8004  >  35986 [ACK] Seq=91414 Ack=141 Win=65024 Len=1448 TSval=2916036130 TSecr=3045555903 [TCP segment of a reassembled PDU]"
"26852","32.050061893","192.168.1.55","192.168.1.2","TCP","1514","8004  >  35986 [ACK] Seq=92862 Ack=141 Win=65024 Len=1448 TSval=2916036130 TSecr=3045555903 [TCP segment of a reassembled PDU]"
"26853","32.050063448","192.168.1.55","192.168.1.2","TCP","1514","8004  >  35986 [ACK] Seq=94310 Ack=141 Win=65024 Len=1448 TSval=2916036130 TSecr=3045555903 [TCP segment of a reassembled PDU]"
"26854","32.050073041","192.168.1.55","192.168.1.2","TCP","1514","8004  >  35986 [ACK] Seq=95758 Ack=141 Win=65024 Len=1448 TSval=2916036130 TSecr=3045555903 [TCP segment of a reassembled PDU]"
"26855","32.050075022","192.168.1.55","192.168.1.2","TCP","1514","8004  >  35986 [ACK] Seq=97206 Ack=141 Win=65024 Len=1448 TSval=2916036130 TSecr=3045555903 [TCP segment of a reassembled PDU]"
"26856","32.050076467","192.168.1.55","192.168.1.2","TCP","1514","8004  >  35986 [PSH, ACK] Seq=98654 Ack=141 Win=65024 Len=1448 TSval=2916036130 TSecr=3045555903 [TCP segment of a reassembled PDU]"
"26857","32.050085263","192.168.1.2","192.168.1.55","TCP","78","[TCP Dup ACK 26840#1] 35986  >  8004 [ACK] Seq=141 Ack=42182 Win=76800 Len=0 TSval=3045555903 TSecr=2916036124 SLE=58110 SRE=61006"
"26858","32.051625951","192.168.1.55","192.168.1.2","TCP","1514","8004  >  35986 [ACK] Seq=100102 Ack=141 Win=65024 Len=1448 TSval=2916036132 TSecr=3045555903 [TCP segment of a reassembled PDU]"
"26859","32.051638506","192.168.1.55","192.168.1.2","TCP","1514","8004  >  35986 [PSH, ACK] Seq=101550 Ack=141 Win=65024 Len=1448 TSval=2916036132 TSecr=3045555903 [TCP segment of a reassembled PDU]"
"26860","32.051677432","192.168.1.2","192.168.1.55","TCP","78","35986  >  8004 [ACK] Seq=141 Ack=45078 Win=87040 Len=0 TSval=3045555903 TSecr=2916036124 SLE=58110 SRE=61006"
"26861","32.051821099","192.168.1.2","192.168.1.55","TCP","66","35986  >  8004 [ACK] Seq=141 Ack=61006 Win=73728 Len=0 TSval=3045555903 TSecr=2916036124"
"26862","32.051897136","192.168.1.55","192.168.1.2","TCP","1514","8004  >  35986 [ACK] Seq=102998 Ack=141 Win=65024 Len=1448 TSval=2916036132 TSecr=3045555903 [TCP segment of a reassembled PDU]"
"26863","32.051902840","192.168.1.55","192.168.1.2","TCP","1514","8004  >  35986 [ACK] Seq=104446 Ack=141 Win=65024 Len=1448 TSval=2916036132 TSecr=3045555903 [TCP segment of a reassembled PDU]"
"26864","32.051904581","192.168.1.55","192.168.1.2","TCP","1514","8004  >  35986 [ACK] Seq=105894 Ack=141 Win=65024 Len=1448 TSval=2916036132 TSecr=3045555903 [TCP segment of a reassembled PDU]"
"26865","32.051905933","192.168.1.55","192.168.1.2","TCP","1514","8004  >  35986 [ACK] Seq=107342 Ack=141 Win=65024 Len=1448 TSval=2916036132 TSecr=3045555903 [TCP segment of a reassembled PDU]"
"26866","32.051907822","192.168.1.55","192.168.1.2","TCP","1514","8004  >  35986 [ACK] Seq=108790 Ack=141 Win=65024 Len=1448 TSval=2916036132 TSecr=3045555903 [TCP segment of a reassembled PDU]"
"26867","32.051909155","192.168.1.55","192.168.1.2","TCP","1514","8004  >  35986 [ACK] Seq=110238 Ack=141 Win=65024 Len=1448 TSval=2916036132 TSecr=3045555903 [TCP segment of a reassembled PDU]"
"26868","32.051910636","192.168.1.55","192.168.1.2","TCP","1514","8004  >  35986 [ACK] Seq=111686 Ack=141 Win=65024 Len=1448 TSval=2916036132 TSecr=3045555903 [TCP segment of a reassembled PDU]"
"26869","32.051911803","192.168.1.55","192.168.1.2","TCP","1514","8004  >  35986 [ACK] Seq=113134 Ack=141 Win=65024 Len=1448 TSval=2916036132 TSecr=3045555903 [TCP segment of a reassembled PDU]"
"26870","32.051913229","192.168.1.55","192.168.1.2","TCP","1514","8004  >  35986 [ACK] Seq=114582 Ack=141 Win=65024 Len=1448 TSval=2916036132 TSecr=3045555903 [TCP segment of a reassembled PDU]"
"26871","32.051915229","192.168.1.55","192.168.1.2","TCP","1514","8004  >  35986 [ACK] Seq=116030 Ack=141 Win=65024 Len=1448 TSval=2916036132 TSecr=3045555903 [TCP segment of a reassembled PDU]"
"26872","32.051917340","192.168.1.55","192.168.1.2","TCP","1514","8004  >  35986 [ACK] Seq=117478 Ack=141 Win=65024 Len=1448 TSval=2916036132 TSecr=3045555903 [TCP segment of a reassembled PDU]"
"26873","32.051918562","192.168.1.55","192.168.1.2","TCP","1514","8004  >  35986 [ACK] Seq=118926 Ack=141 Win=65024 Len=1448 TSval=2916036132 TSecr=3045555903 [TCP segment of a reassembled PDU]"
"26874","32.051919673","192.168.1.55","192.168.1.2","TCP","1514","8004  >  35986 [PSH, ACK] Seq=120374 Ack=141 Win=65024 Len=1448 TSval=2916036132 TSecr=3045555903 [TCP segment of a reassembled PDU]"
"26875","32.051930322","192.168.1.2","192.168.1.55","TCP","66","35986  >  8004 [ACK] Seq=141 Ack=62454 Win=90112 Len=0 TSval=3045555905 TSecr=2916036124"
"26876","32.051939748","192.168.1.2","192.168.1.55","TCP","66","35986  >  8004 [ACK] Seq=141 Ack=65350 Win=90112 Len=0 TSval=3045555905 TSecr=2916036124"
"26877","32.051986340","192.168.1.55","192.168.1.2","TCP","1514","8004  >  35986 [ACK] Seq=121822 Ack=141 Win=65024 Len=1448 TSval=2916036132 TSecr=3045555905 [TCP segment of a reassembled PDU]"
"26878","32.051990359","192.168.1.55","192.168.1.2","TCP","1514","8004  >  35986 [ACK] Seq=123270 Ack=141 Win=65024 Len=1448 TSval=2916036132 TSecr=3045555905 [TCP segment of a reassembled PDU]"
"26879","32.051991748","192.168.1.55","192.168.1.2","TCP","1514","8004  >  35986 [ACK] Seq=124718 Ack=141 Win=65024 Len=1448 TSval=2916036132 TSecr=3045555905 [TCP segment of a reassembled PDU]"
"26880","32.051993118","192.168.1.55","192.168.1.2","TCP","1514","8004  >  35986 [ACK] Seq=126166 Ack=141 Win=65024 Len=1448 TSval=2916036132 TSecr=3045555905 [TCP segment of a reassembled PDU]"
"26881","32.051994859","192.168.1.55","192.168.1.2","TCP","1514","8004  >  35986 [ACK] Seq=127614 Ack=141 Win=65024 Len=1448 TSval=2916036132 TSecr=3045555905 [TCP segment of a reassembled PDU]"
"26882","32.051996544","192.168.1.55","192.168.1.2","TCP","1514","8004  >  35986 [ACK] Seq=129062 Ack=141 Win=65024 Len=1448 TSval=2916036132 TSecr=3045555905 [TCP segment of a reassembled PDU]"
"26883","32.051997729","192.168.1.55","192.168.1.2","TCP","1514","8004  >  35986 [ACK] Seq=130510 Ack=141 Win=65024 Len=1448 TSval=2916036132 TSecr=3045555905 [TCP segment of a reassembled PDU]"
"26884","32.052000229","192.168.1.55","192.168.1.2","TCP","1514","8004  >  35986 [ACK] Seq=131958 Ack=141 Win=65024 Len=1448 TSval=2916036132 TSecr=3045555905 [TCP segment of a reassembled PDU]"
"26885","32.052001803","192.168.1.55","192.168.1.2","TCP","1514","8004  >  35986 [ACK] Seq=133406 Ack=141 Win=65024 Len=1448 TSval=2916036132 TSecr=3045555905 [TCP segment of a reassembled PDU]"
"26886","32.052004303","192.168.1.55","192.168.1.2","TCP","1514","8004  >  35986 [ACK] Seq=134854 Ack=141 Win=65024 Len=1448 TSval=2916036132 TSecr=3045555905 [TCP segment of a reassembled PDU]"
"26887","32.052005748","192.168.1.55","192.168.1.2","TCP","1514","8004  >  35986 [ACK] Seq=136302 Ack=141 Win=65024 Len=1448 TSval=2916036132 TSecr=3045555905 [TCP segment of a reassembled PDU]"
"26888","32.052007025","192.168.1.55","192.168.1.2","TCP","1514","8004  >  35986 [ACK] Seq=137750 Ack=141 Win=65024 Len=1448 TSval=2916036132 TSecr=3045555905 [TCP segment of a reassembled PDU]"
"26889","32.052008377","192.168.1.55","192.168.1.2","TCP","1514","8004  >  35986 [ACK] Seq=139198 Ack=141 Win=65024 Len=1448 TSval=2916036132 TSecr=3045555905 [TCP segment of a reassembled PDU]"
"26890","32.052009914","192.168.1.55","192.168.1.2","TCP","1514","8004  >  35986 [ACK] Seq=140646 Ack=141 Win=65024 Len=1448 TSval=2916036132 TSecr=3045555905 [TCP segment of a reassembled PDU]"
"26891","32.052011618","192.168.1.55","192.168.1.2","TCP","1514","8004  >  35986 [PSH, ACK] Seq=142094 Ack=141 Win=65024 Len=1448 TSval=2916036132 TSecr=3045555905 [TCP segment of a reassembled PDU]"
"26892","32.056404440","192.168.1.2","192.168.1.55","TCP","66","35986  >  8004 [ACK] Seq=141 Ack=76934 Win=79872 Len=0 TSval=3045555909 TSecr=2916036130"
"26893","32.056465421","192.168.1.55","192.168.1.2","TCP","1514","8004  >  35986 [ACK] Seq=143542 Ack=141 Win=65024 Len=1448 TSval=2916036137 TSecr=3045555909 [TCP segment of a reassembled PDU]"
"26894","32.056469699","192.168.1.55","192.168.1.2","TCP","1514","8004  >  35986 [ACK] Seq=144990 Ack=141 Win=65024 Len=1448 TSval=2916036137 TSecr=3045555909 [TCP segment of a reassembled PDU]"
"26895","32.056471458","192.168.1.55","192.168.1.2","TCP","1514","8004  >  35986 [ACK] Seq=146438 Ack=141 Win=65024 Len=1448 TSval=2916036137 TSecr=3045555909 [TCP segment of a reassembled PDU]"
"26896","32.056472921","192.168.1.55","192.168.1.2","TCP","1514","8004  >  35986 [ACK] Seq=147886 Ack=141 Win=65024 Len=1448 TSval=2916036137 TSecr=3045555909 [TCP segment of a reassembled PDU]"
"26897","32.056474144","192.168.1.55","192.168.1.2","TCP","1514","8004  >  35986 [ACK] Seq=149334 Ack=141 Win=65024 Len=1448 TSval=2916036137 TSecr=3045555909 [TCP segment of a reassembled PDU]"
"26898","32.056475107","192.168.1.55","192.168.1.2","TCP","1514","8004  >  35986 [ACK] Seq=150782 Ack=141 Win=65024 Len=1448 TSval=2916036137 TSecr=3045555909 [TCP segment of a reassembled PDU]"
"26899","32.056476125","192.168.1.55","192.168.1.2","TCP","1514","8004  >  35986 [ACK] Seq=152230 Ack=141 Win=65024 Len=1448 TSval=2916036137 TSecr=3045555909 [TCP segment of a reassembled PDU]"
"26900","32.056477829","192.168.1.55","192.168.1.2","TCP","1514","8004  >  35986 [ACK] Seq=153678 Ack=141 Win=65024 Len=1448 TSval=2916036137 TSecr=3045555909 [TCP segment of a reassembled PDU]"
"26901","32.056479125","192.168.1.55","192.168.1.2","TCP","1514","8004  >  35986 [ACK] Seq=155126 Ack=141 Win=65024 Len=1448 TSval=2916036137 TSecr=3045555909 [TCP segment of a reassembled PDU]"
"26902","32.056481996","192.168.1.55","192.168.1.2","TCP","298","[TCP Window Full] 8004  >  35986 [PSH, ACK] Seq=156574 Ack=141 Win=65024 Len=232 TSval=2916036137 TSecr=3045555909 [TCP segment of a reassembled PDU]"
"26903","32.056512718","192.168.1.2","192.168.1.55","TCP","66","35986  >  8004 [ACK] Seq=141 Ack=89966 Win=67584 Len=0 TSval=3045555909 TSecr=2916036130"
"26904","32.058847684","192.168.1.2","192.168.1.55","TCP","66","35986  >  8004 [ACK] Seq=141 Ack=100102 Win=81920 Len=0 TSval=3045555912 TSecr=2916036130"
"26905","32.058898740","192.168.1.55","192.168.1.2","TCP","1514","8004  >  35986 [ACK] Seq=156806 Ack=141 Win=65024 Len=1448 TSval=2916036139 TSecr=3045555912 [TCP segment of a reassembled PDU]"
"26906","32.058904222","192.168.1.55","192.168.1.2","TCP","1514","8004  >  35986 [ACK] Seq=158254 Ack=141 Win=65024 Len=1448 TSval=2916036139 TSecr=3045555912 [TCP segment of a reassembled PDU]"
"26907","32.058905203","192.168.1.55","192.168.1.2","TCP","1514","8004  >  35986 [ACK] Seq=159702 Ack=141 Win=65024 Len=1448 TSval=2916036139 TSecr=3045555912 [TCP segment of a reassembled PDU]"
"26908","32.058906203","192.168.1.55","192.168.1.2","TCP","1514","8004  >  35986 [ACK] Seq=161150 Ack=141 Win=65024 Len=1448 TSval=2916036139 TSecr=3045555912 [TCP segment of a reassembled PDU]"
"26909","32.058907407","192.168.1.55","192.168.1.2","TCP","1514","8004  >  35986 [ACK] Seq=162598 Ack=141 Win=65024 Len=1448 TSval=2916036139 TSecr=3045555912 [TCP segment of a reassembled PDU]"
"26910","32.058909499","192.168.1.55","192.168.1.2","TCP","1514","8004  >  35986 [PSH, ACK] Seq=164046 Ack=141 Win=65024 Len=1448 TSval=2916036139 TSecr=3045555912 [TCP segment of a reassembled PDU]"
"26911","32.058918944","192.168.1.55","192.168.1.2","TCP","1282","8004  >  35986 [ACK] Seq=165494 Ack=141 Win=65024 Len=1216 TSval=2916036139 TSecr=3045555912 [TCP segment of a reassembled PDU]"
"26912","32.058977370","192.168.1.2","192.168.1.55","TCP","66","35986  >  8004 [ACK] Seq=141 Ack=102998 Win=79872 Len=0 TSval=3045555912 TSecr=2916036132"
"26913","32.058986796","192.168.1.2","192.168.1.55","TCP","66","35986  >  8004 [ACK] Seq=141 Ack=121822 Win=61440 Len=0 TSval=3045555912 TSecr=2916036132"
"26914","32.058993185","192.168.1.2","192.168.1.55","TCP","66","35986  >  8004 [ACK] Seq=141 Ack=134854 Win=49152 Len=0 TSval=3045555912 TSecr=2916036132"
"26915","32.059026907","192.168.1.55","192.168.1.2","TCP","1514","8004  >  35986 [ACK] Seq=166710 Ack=141 Win=65024 Len=1448 TSval=2916036139 TSecr=3045555912 [TCP segment of a reassembled PDU]"
"26916","32.059030314","192.168.1.55","192.168.1.2","TCP","1514","8004  >  35986 [ACK] Seq=168158 Ack=141 Win=65024 Len=1448 TSval=2916036139 TSecr=3045555912 [TCP segment of a reassembled PDU]"
"26917","32.059031944","192.168.1.55","192.168.1.2","TCP","1514","8004  >  35986 [ACK] Seq=169606 Ack=141 Win=65024 Len=1448 TSval=2916036139 TSecr=3045555912 [TCP segment of a reassembled PDU]"
"26918","32.059033148","192.168.1.55","192.168.1.2","TCP","1514","8004  >  35986 [ACK] Seq=171054 Ack=141 Win=65024 Len=1448 TSval=2916036139 TSecr=3045555912 [TCP segment of a reassembled PDU]"
"26919","32.059034666","192.168.1.55","192.168.1.2","TCP","1514","8004  >  35986 [ACK] Seq=172502 Ack=141 Win=65024 Len=1448 TSval=2916036139 TSecr=3045555912 [TCP segment of a reassembled PDU]"
"26920","32.059036185","192.168.1.55","192.168.1.2","TCP","1514","8004  >  35986 [ACK] Seq=173950 Ack=141 Win=65024 Len=1448 TSval=2916036139 TSecr=3045555912 [TCP segment of a reassembled PDU]"
"26921","32.059037722","192.168.1.55","192.168.1.2","TCP","1514","8004  >  35986 [ACK] Seq=175398 Ack=141 Win=65024 Len=1448 TSval=2916036139 TSecr=3045555912 [TCP segment of a reassembled PDU]"
"26922","32.059038925","192.168.1.55","192.168.1.2","TCP","1514","8004  >  35986 [ACK] Seq=176846 Ack=141 Win=65024 Len=1448 TSval=2916036139 TSecr=3045555912 [TCP segment of a reassembled PDU]"
"26923","32.059041351","192.168.1.55","192.168.1.2","TCP","1514","8004  >  35986 [ACK] Seq=178294 Ack=141 Win=65024 Len=1448 TSval=2916036139 TSecr=3045555912 [TCP segment of a reassembled PDU]"
"26924","32.059042574","192.168.1.55","192.168.1.2","TCP","1514","8004  >  35986 [ACK] Seq=179742 Ack=141 Win=65024 Len=1448 TSval=2916036139 TSecr=3045555912 [TCP segment of a reassembled PDU]"
"26925","32.059044074","192.168.1.55","192.168.1.2","TCP","1514","8004  >  35986 [PSH, ACK] Seq=181190 Ack=141 Win=65024 Len=1448 TSval=2916036139 TSecr=3045555912 [TCP segment of a reassembled PDU]"
"26926","32.061707485","192.168.1.2","192.168.1.55","TCP","66","35986  >  8004 [ACK] Seq=141 Ack=143542 Win=80896 Len=0 TSval=3045555913 TSecr=2916036132"
"26927","32.061751485","192.168.1.55","192.168.1.2","TCP","1514","8004  >  35986 [ACK] Seq=182638 Ack=141 Win=65024 Len=1448 TSval=2916036142 TSecr=3045555913 [TCP segment of a reassembled PDU]"
"26928","32.061754948","192.168.1.55","192.168.1.2","TCP","1514","8004  >  35986 [ACK] Seq=184086 Ack=141 Win=65024 Len=1448 TSval=2916036142 TSecr=3045555913 [TCP segment of a reassembled PDU]"
"26929","32.061756300","192.168.1.55","192.168.1.2","TCP","1514","8004  >  35986 [ACK] Seq=185534 Ack=141 Win=65024 Len=1448 TSval=2916036142 TSecr=3045555913 [TCP segment of a reassembled PDU]"
"26930","32.061757485","192.168.1.55","192.168.1.2","TCP","1514","8004  >  35986 [ACK] Seq=186982 Ack=141 Win=65024 Len=1448 TSval=2916036142 TSecr=3045555913 [TCP segment of a reassembled PDU]"
"26931","32.061758911","192.168.1.55","192.168.1.2","TCP","1514","8004  >  35986 [ACK] Seq=188430 Ack=141 Win=65024 Len=1448 TSval=2916036142 TSecr=3045555913 [TCP segment of a reassembled PDU]"
"26932","32.061760226","192.168.1.55","192.168.1.2","TCP","1514","8004  >  35986 [ACK] Seq=189878 Ack=141 Win=65024 Len=1448 TSval=2916036142 TSecr=3045555913 [TCP segment of a reassembled PDU]"
"26933","32.061761726","192.168.1.55","192.168.1.2","TCP","1514","8004  >  35986 [ACK] Seq=191326 Ack=141 Win=65024 Len=1448 TSval=2916036142 TSecr=3045555913 [TCP segment of a reassembled PDU]"
"26934","32.061763171","192.168.1.55","192.168.1.2","TCP","1514","8004  >  35986 [ACK] Seq=192774 Ack=141 Win=65024 Len=1448 TSval=2916036142 TSecr=3045555913 [TCP segment of a reassembled PDU]"
"26935","32.061764671","192.168.1.55","192.168.1.2","TCP","1514","8004  >  35986 [ACK] Seq=194222 Ack=141 Win=65024 Len=1448 TSval=2916036142 TSecr=3045555913 [TCP segment of a reassembled PDU]"
"26936","32.061766671","192.168.1.55","192.168.1.2","TCP","1514","8004  >  35986 [ACK] Seq=195670 Ack=141 Win=65024 Len=1448 TSval=2916036142 TSecr=3045555913 [TCP segment of a reassembled PDU]"
"26937","32.061767967","192.168.1.55","192.168.1.2","TCP","1514","8004  >  35986 [ACK] Seq=197118 Ack=141 Win=65024 Len=1448 TSval=2916036142 TSecr=3045555913 [TCP segment of a reassembled PDU]"
"26938","32.061769485","192.168.1.55","192.168.1.2","TCP","1514","8004  >  35986 [ACK] Seq=198566 Ack=141 Win=65024 Len=1448 TSval=2916036142 TSecr=3045555913 [TCP segment of a reassembled PDU]"
"26939","32.061770930","192.168.1.55","192.168.1.2","TCP","1514","8004  >  35986 [ACK] Seq=200014 Ack=141 Win=65024 Len=1448 TSval=2916036142 TSecr=3045555913 [TCP segment of a reassembled PDU]"
"26940","32.061772208","192.168.1.55","192.168.1.2","TCP","1514","8004  >  35986 [ACK] Seq=201462 Ack=141 Win=65024 Len=1448 TSval=2916036142 TSecr=3045555913 [TCP segment of a reassembled PDU]"
"26941","32.061773430","192.168.1.55","192.168.1.2","TCP","1514","8004  >  35986 [ACK] Seq=202910 Ack=141 Win=65024 Len=1448 TSval=2916036142 TSecr=3045555913 [TCP segment of a reassembled PDU]"
"26942","32.061775115","192.168.1.55","192.168.1.2","TCP","1514","8004  >  35986 [ACK] Seq=204358 Ack=141 Win=65024 Len=1448 TSval=2916036142 TSecr=3045555913 [TCP segment of a reassembled PDU]"
"26943","32.061776189","192.168.1.55","192.168.1.2","TCP","1514","8004  >  35986 [ACK] Seq=205806 Ack=141 Win=65024 Len=1448 TSval=2916036142 TSecr=3045555913 [TCP segment of a reassembled PDU]"
"26944","32.061777763","192.168.1.55","192.168.1.2","TCP","1514","8004  >  35986 [ACK] Seq=207254 Ack=141 Win=65024 Len=1448 TSval=2916036142 TSecr=3045555913 [TCP segment of a reassembled PDU]"
"26945","32.061779078","192.168.1.55","192.168.1.2","TCP","1514","8004  >  35986 [ACK] Seq=208702 Ack=141 Win=65024 Len=1448 TSval=2916036142 TSecr=3045555913 [TCP segment of a reassembled PDU]"
"26946","32.061780208","192.168.1.55","192.168.1.2","TCP","1514","8004  >  35986 [PSH, ACK] Seq=210150 Ack=141 Win=65024 Len=1448 TSval=2916036142 TSecr=3045555913 [TCP segment of a reassembled PDU]"
"26947","32.061816226","192.168.1.2","192.168.1.55","TCP","66","35986  >  8004 [ACK] Seq=141 Ack=156806 Win=91136 Len=0 TSval=3045555914 TSecr=2916036137"
"26948","32.061854985","192.168.1.55","192.168.1.2","TCP","1514","8004  >  35986 [ACK] Seq=211598 Ack=141 Win=65024 Len=1448 TSval=2916036142 TSecr=3045555914 [TCP segment of a reassembled PDU]"
"26949","32.061857060","192.168.1.55","192.168.1.2","TCP","1514","8004  >  35986 [ACK] Seq=213046 Ack=141 Win=65024 Len=1448 TSval=2916036142 TSecr=3045555914 [TCP segment of a reassembled PDU]"
"26950","32.061858208","192.168.1.55","192.168.1.2","TCP","1514","8004  >  35986 [ACK] Seq=214494 Ack=141 Win=65024 Len=1448 TSval=2916036142 TSecr=3045555914 [TCP segment of a reassembled PDU]"
"26951","32.061859319","192.168.1.55","192.168.1.2","TCP","1514","8004  >  35986 [ACK] Seq=215942 Ack=141 Win=65024 Len=1448 TSval=2916036142 TSecr=3045555914 [TCP segment of a reassembled PDU]"
"26952","32.061860485","192.168.1.55","192.168.1.2","TCP","1514","8004  >  35986 [ACK] Seq=217390 Ack=141 Win=65024 Len=1448 TSval=2916036142 TSecr=3045555914 [TCP segment of a reassembled PDU]"
"26953","32.061861726","192.168.1.55","192.168.1.2","TCP","1514","8004  >  35986 [ACK] Seq=218838 Ack=141 Win=65024 Len=1448 TSval=2916036142 TSecr=3045555914 [TCP segment of a reassembled PDU]"
"26954","32.061862985","192.168.1.55","192.168.1.2","TCP","1514","8004  >  35986 [ACK] Seq=220286 Ack=141 Win=65024 Len=1448 TSval=2916036142 TSecr=3045555914 [TCP segment of a reassembled PDU]"
"26955","32.061864134","192.168.1.55","192.168.1.2","TCP","1514","8004  >  35986 [ACK] Seq=221734 Ack=141 Win=65024 Len=1448 TSval=2916036142 TSecr=3045555914 [TCP segment of a reassembled PDU]"
"26956","32.061865300","192.168.1.55","192.168.1.2","TCP","1514","8004  >  35986 [ACK] Seq=223182 Ack=141 Win=65024 Len=1448 TSval=2916036142 TSecr=3045555914 [TCP segment of a reassembled PDU]"
"26957","32.061866819","192.168.1.55","192.168.1.2","TCP","1514","8004  >  35986 [ACK] Seq=224630 Ack=141 Win=65024 Len=1448 TSval=2916036142 TSecr=3045555914 [TCP segment of a reassembled PDU]"
"26958","32.061868134","192.168.1.55","192.168.1.2","TCP","1514","8004  >  35986 [ACK] Seq=226078 Ack=141 Win=65024 Len=1448 TSval=2916036142 TSecr=3045555914 [TCP segment of a reassembled PDU]"
"26959","32.061869430","192.168.1.55","192.168.1.2","TCP","1514","8004  >  35986 [ACK] Seq=227526 Ack=141 Win=65024 Len=1448 TSval=2916036142 TSecr=3045555914 [TCP segment of a reassembled PDU]"
"26960","32.061870726","192.168.1.55","192.168.1.2","TCP","1514","8004  >  35986 [ACK] Seq=228974 Ack=141 Win=65024 Len=1448 TSval=2916036142 TSecr=3045555914 [TCP segment of a reassembled PDU]"
"26961","32.061871948","192.168.1.55","192.168.1.2","TCP","1514","8004  >  35986 [ACK] Seq=230422 Ack=141 Win=65024 Len=1448 TSval=2916036142 TSecr=3045555914 [TCP segment of a reassembled PDU]"
"26962","32.061873152","192.168.1.55","192.168.1.2","TCP","1514","8004  >  35986 [ACK] Seq=231870 Ack=141 Win=65024 Len=1448 TSval=2916036142 TSecr=3045555914 [TCP segment of a reassembled PDU]"
"26963","32.061874708","192.168.1.55","192.168.1.2","TCP","1514","8004  >  35986 [ACK] Seq=233318 Ack=141 Win=65024 Len=1448 TSval=2916036142 TSecr=3045555914 [TCP segment of a reassembled PDU]"
"26964","32.061875837","192.168.1.55","192.168.1.2","TCP","1514","8004  >  35986 [ACK] Seq=234766 Ack=141 Win=65024 Len=1448 TSval=2916036142 TSecr=3045555914 [TCP segment of a reassembled PDU]"
"26965","32.061877097","192.168.1.55","192.168.1.2","TCP","1514","8004  >  35986 [ACK] Seq=236214 Ack=141 Win=65024 Len=1448 TSval=2916036142 TSecr=3045555914 [TCP segment of a reassembled PDU]"
"26966","32.061878652","192.168.1.55","192.168.1.2","TCP","1514","8004  >  35986 [ACK] Seq=237662 Ack=141 Win=65024 Len=1448 TSval=2916036142 TSecr=3045555914 [TCP segment of a reassembled PDU]"
"26967","32.061879819","192.168.1.55","192.168.1.2","TCP","1514","8004  >  35986 [ACK] Seq=239110 Ack=141 Win=65024 Len=1448 TSval=2916036142 TSecr=3045555914 [TCP segment of a reassembled PDU]"
"26968","32.061881134","192.168.1.55","192.168.1.2","TCP","1514","8004  >  35986 [ACK] Seq=240558 Ack=141 Win=65024 Len=1448 TSval=2916036142 TSecr=3045555914 [TCP segment of a reassembled PDU]"
"26969","32.061882523","192.168.1.55","192.168.1.2","TCP","1514","8004  >  35986 [ACK] Seq=242006 Ack=141 Win=65024 Len=1448 TSval=2916036142 TSecr=3045555914 [TCP segment of a reassembled PDU]"
"26970","32.061883726","192.168.1.55","192.168.1.2","TCP","1514","8004  >  35986 [ACK] Seq=243454 Ack=141 Win=65024 Len=1448 TSval=2916036142 TSecr=3045555914 [TCP segment of a reassembled PDU]"
"26971","32.061885467","192.168.1.55","192.168.1.2","TCP","1514","8004  >  35986 [ACK] Seq=244902 Ack=141 Win=65024 Len=1448 TSval=2916036142 TSecr=3045555914 [TCP segment of a reassembled PDU]"
"26972","32.061886597","192.168.1.55","192.168.1.2","TCP","1514","8004  >  35986 [PSH, ACK] Seq=246350 Ack=141 Win=65024 Len=1448 TSval=2916036142 TSecr=3045555914 [TCP segment of a reassembled PDU]"
"26973","32.066258196","192.168.1.2","192.168.1.55","TCP","66","35986  >  8004 [ACK] Seq=141 Ack=165494 Win=107520 Len=0 TSval=3045555918 TSecr=2916036139"
"26974","32.066270807","192.168.1.55","192.168.1.2","TCP","1514","8004  >  35986 [ACK] Seq=247798 Ack=141 Win=65024 Len=1448 TSval=2916036146 TSecr=3045555918 [TCP segment of a reassembled PDU]"
"26975","32.066272974","192.168.1.55","192.168.1.2","TCP","1514","8004  >  35986 [ACK] Seq=249246 Ack=141 Win=65024 Len=1448 TSval=2916036146 TSecr=3045555918 [TCP segment of a reassembled PDU]"
"26976","32.066274178","192.168.1.55","192.168.1.2","TCP","1514","8004  >  35986 [ACK] Seq=250694 Ack=141 Win=65024 Len=1448 TSval=2916036146 TSecr=3045555918 [TCP segment of a reassembled PDU]"
"26977","32.066275344","192.168.1.55","192.168.1.2","TCP","1514","8004  >  35986 [ACK] Seq=252142 Ack=141 Win=65024 Len=1448 TSval=2916036146 TSecr=3045555918 [TCP segment of a reassembled PDU]"
"26978","32.066276437","192.168.1.55","192.168.1.2","TCP","1514","8004  >  35986 [ACK] Seq=253590 Ack=141 Win=65024 Len=1448 TSval=2916036146 TSecr=3045555918 [TCP segment of a reassembled PDU]"
"26979","32.066277530","192.168.1.55","192.168.1.2","TCP","1514","8004  >  35986 [PSH, ACK] Seq=255038 Ack=141 Win=65024 Len=1448 TSval=2916036146 TSecr=3045555918 [TCP segment of a reassembled PDU]"
"26980","32.066595382","192.168.1.2","192.168.1.55","TCP","66","35986  >  8004 [ACK] Seq=141 Ack=182638 Win=107520 Len=0 TSval=3045555918 TSecr=2916036139"
"26981","32.067947680","192.168.1.2","192.168.1.55","TCP","66","35986  >  8004 [ACK] Seq=141 Ack=211598 Win=116736 Len=0 TSval=3045555922 TSecr=2916036142"
"26982","32.067985995","192.168.1.55","192.168.1.2","TCP","1514","8004  >  35986 [ACK] Seq=256486 Ack=141 Win=65024 Len=1448 TSval=2916036148 TSecr=3045555922 [TCP segment of a reassembled PDU]"
"26983","32.067988958","192.168.1.55","192.168.1.2","TCP","1514","8004  >  35986 [ACK] Seq=257934 Ack=141 Win=65024 Len=1448 TSval=2916036148 TSecr=3045555922 [TCP segment of a reassembled PDU]"
"26984","32.067990199","192.168.1.55","192.168.1.2","TCP","1514","8004  >  35986 [ACK] Seq=259382 Ack=141 Win=65024 Len=1448 TSval=2916036148 TSecr=3045555922 [TCP segment of a reassembled PDU]"
"26985","32.067991495","192.168.1.55","192.168.1.2","TCP","1514","8004  >  35986 [ACK] Seq=260830 Ack=141 Win=65024 Len=1448 TSval=2916036148 TSecr=3045555922 [TCP segment of a reassembled PDU]"
"26986","32.067992643","192.168.1.55","192.168.1.2","TCP","1514","8004  >  35986 [ACK] Seq=262278 Ack=141 Win=65024 Len=1448 TSval=2916036148 TSecr=3045555922 [TCP segment of a reassembled PDU]"
"26987","32.067993829","192.168.1.55","192.168.1.2","TCP","1514","8004  >  35986 [ACK] Seq=263726 Ack=141 Win=65024 Len=1448 TSval=2916036148 TSecr=3045555922 [TCP segment of a reassembled PDU]"
"26988","32.067994903","192.168.1.55","192.168.1.2","TCP","1514","8004  >  35986 [ACK] Seq=265174 Ack=141 Win=65024 Len=1448 TSval=2916036148 TSecr=3045555922 [TCP segment of a reassembled PDU]"
"26989","32.067996217","192.168.1.55","192.168.1.2","TCP","1514","8004  >  35986 [ACK] Seq=266622 Ack=141 Win=65024 Len=1448 TSval=2916036148 TSecr=3045555922 [TCP segment of a reassembled PDU]"
"26990","32.067997329","192.168.1.55","192.168.1.2","TCP","1514","8004  >  35986 [ACK] Seq=268070 Ack=141 Win=65024 Len=1448 TSval=2916036148 TSecr=3045555922 [TCP segment of a reassembled PDU]"
"26991","32.067998458","192.168.1.55","192.168.1.2","TCP","1514","8004  >  35986 [ACK] Seq=269518 Ack=141 Win=65024 Len=1448 TSval=2916036148 TSecr=3045555922 [TCP segment of a reassembled PDU]"
"26992","32.067999773","192.168.1.55","192.168.1.2","TCP","1514","8004  >  35986 [ACK] Seq=270966 Ack=141 Win=65024 Len=1448 TSval=2916036148 TSecr=3045555922 [TCP segment of a reassembled PDU]"
"26993","32.068000995","192.168.1.55","192.168.1.2","TCP","1514","8004  >  35986 [ACK] Seq=272414 Ack=141 Win=65024 Len=1448 TSval=2916036148 TSecr=3045555922 [TCP segment of a reassembled PDU]"
"26994","32.068002199","192.168.1.55","192.168.1.2","TCP","1514","8004  >  35986 [ACK] Seq=273862 Ack=141 Win=65024 Len=1448 TSval=2916036148 TSecr=3045555922 [TCP segment of a reassembled PDU]"
"26995","32.068003366","192.168.1.55","192.168.1.2","TCP","1514","8004  >  35986 [ACK] Seq=275310 Ack=141 Win=65024 Len=1448 TSval=2916036148 TSecr=3045555922 [TCP segment of a reassembled PDU]"
"26996","32.068004606","192.168.1.55","192.168.1.2","TCP","1514","8004  >  35986 [ACK] Seq=276758 Ack=141 Win=65024 Len=1448 TSval=2916036148 TSecr=3045555922 [TCP segment of a reassembled PDU]"
"26997","32.068005921","192.168.1.55","192.168.1.2","TCP","1514","8004  >  35986 [ACK] Seq=278206 Ack=141 Win=65024 Len=1448 TSval=2916036148 TSecr=3045555922 [TCP segment of a reassembled PDU]"
"26998","32.068007032","192.168.1.55","192.168.1.2","TCP","1514","8004  >  35986 [ACK] Seq=279654 Ack=141 Win=65024 Len=1448 TSval=2916036148 TSecr=3045555922 [TCP segment of a reassembled PDU]"
"26999","32.068008236","192.168.1.55","192.168.1.2","TCP","1514","8004  >  35986 [ACK] Seq=281102 Ack=141 Win=65024 Len=1448 TSval=2916036148 TSecr=3045555922 [TCP segment of a reassembled PDU]"
"27000","32.068009384","192.168.1.55","192.168.1.2","TCP","1514","8004  >  35986 [ACK] Seq=282550 Ack=141 Win=65024 Len=1448 TSval=2916036148 TSecr=3045555922 [TCP segment of a reassembled PDU]"
"27001","32.068010662","192.168.1.55","192.168.1.2","TCP","1514","8004  >  35986 [ACK] Seq=283998 Ack=141 Win=65024 Len=1448 TSval=2916036148 TSecr=3045555922 [TCP segment of a reassembled PDU]"
"27002","32.068011829","192.168.1.55","192.168.1.2","TCP","1514","8004  >  35986 [ACK] Seq=285446 Ack=141 Win=65024 Len=1448 TSval=2916036148 TSecr=3045555922 [TCP segment of a reassembled PDU]"
"27003","32.068013051","192.168.1.55","192.168.1.2","TCP","1514","8004  >  35986 [ACK] Seq=286894 Ack=141 Win=65024 Len=1448 TSval=2916036148 TSecr=3045555922 [TCP segment of a reassembled PDU]"
"27004","32.068014162","192.168.1.55","192.168.1.2","TCP","1514","8004  >  35986 [ACK] Seq=288342 Ack=141 Win=65024 Len=1448 TSval=2916036148 TSecr=3045555922 [TCP segment of a reassembled PDU]"
"27005","32.068015347","192.168.1.55","192.168.1.2","TCP","1514","8004  >  35986 [ACK] Seq=289790 Ack=141 Win=65024 Len=1448 TSval=2916036148 TSecr=3045555922 [TCP segment of a reassembled PDU]"
"27006","32.068016458","192.168.1.55","192.168.1.2","TCP","1514","8004  >  35986 [ACK] Seq=291238 Ack=141 Win=65024 Len=1448 TSval=2916036148 TSecr=3045555922 [TCP segment of a reassembled PDU]"
"27007","32.068017792","192.168.1.55","192.168.1.2","TCP","1514","8004  >  35986 [ACK] Seq=292686 Ack=141 Win=65024 Len=1448 TSval=2916036148 TSecr=3045555922 [TCP segment of a reassembled PDU]"
"27008","32.068018995","192.168.1.55","192.168.1.2","TCP","1514","8004  >  35986 [ACK] Seq=294134 Ack=141 Win=65024 Len=1448 TSval=2916036148 TSecr=3045555922 [TCP segment of a reassembled PDU]"
"27009","32.068020143","192.168.1.55","192.168.1.2","TCP","1514","8004  >  35986 [ACK] Seq=295582 Ack=141 Win=65024 Len=1448 TSval=2916036148 TSecr=3045555922 [TCP segment of a reassembled PDU]"
"27010","32.068021292","192.168.1.55","192.168.1.2","TCP","1514","8004  >  35986 [ACK] Seq=297030 Ack=141 Win=65024 Len=1448 TSval=2916036148 TSecr=3045555922 [TCP segment of a reassembled PDU]"
"27011","32.068022384","192.168.1.55","192.168.1.2","TCP","1514","8004  >  35986 [ACK] Seq=298478 Ack=141 Win=65024 Len=1448 TSval=2916036148 TSecr=3045555922 [TCP segment of a reassembled PDU]"
"27012","32.068023588","192.168.1.55","192.168.1.2","TCP","1514","8004  >  35986 [PSH, ACK] Seq=299926 Ack=141 Win=65024 Len=1448 TSval=2916036148 TSecr=3045555922 [TCP segment of a reassembled PDU]"
"27013","32.068050403","192.168.1.2","192.168.1.55","TCP","66","35986  >  8004 [ACK] Seq=141 Ack=247798 Win=111616 Len=0 TSval=3045555922 TSecr=2916036142"
"27014","32.068091366","192.168.1.55","192.168.1.2","TCP","1514","8004  >  35986 [ACK] Seq=301374 Ack=141 Win=65024 Len=1448 TSval=2916036148 TSecr=3045555922 [TCP segment of a reassembled PDU]"
"27015","32.068093588","192.168.1.55","192.168.1.2","TCP","1514","8004  >  35986 [ACK] Seq=302822 Ack=141 Win=65024 Len=1448 TSval=2916036148 TSecr=3045555922 [TCP segment of a reassembled PDU]"
"27016","32.068094718","192.168.1.55","192.168.1.2","TCP","1514","8004  >  35986 [ACK] Seq=304270 Ack=141 Win=65024 Len=1448 TSval=2916036148 TSecr=3045555922 [TCP segment of a reassembled PDU]"
"27017","32.068096181","192.168.1.55","192.168.1.2","TCP","1514","8004  >  35986 [ACK] Seq=305718 Ack=141 Win=65024 Len=1448 TSval=2916036148 TSecr=3045555922 [TCP segment of a reassembled PDU]"
"27018","32.068097495","192.168.1.55","192.168.1.2","TCP","1514","8004  >  35986 [ACK] Seq=307166 Ack=141 Win=65024 Len=1448 TSval=2916036148 TSecr=3045555922 [TCP segment of a reassembled PDU]"
"27019","32.068098606","192.168.1.55","192.168.1.2","TCP","1514","8004  >  35986 [ACK] Seq=308614 Ack=141 Win=65024 Len=1448 TSval=2916036148 TSecr=3045555922 [TCP segment of a reassembled PDU]"
"27020","32.068099884","192.168.1.55","192.168.1.2","TCP","1514","8004  >  35986 [ACK] Seq=310062 Ack=141 Win=65024 Len=1448 TSval=2916036148 TSecr=3045555922 [TCP segment of a reassembled PDU]"
"27021","32.068101144","192.168.1.55","192.168.1.2","TCP","1514","8004  >  35986 [ACK] Seq=311510 Ack=141 Win=65024 Len=1448 TSval=2916036148 TSecr=3045555922 [TCP segment of a reassembled PDU]"
"27022","32.068102255","192.168.1.55","192.168.1.2","TCP","1514","8004  >  35986 [ACK] Seq=312958 Ack=141 Win=65024 Len=1448 TSval=2916036148 TSecr=3045555922 [TCP segment of a reassembled PDU]"
"27023","32.068103495","192.168.1.55","192.168.1.2","TCP","1514","8004  >  35986 [ACK] Seq=314406 Ack=141 Win=65024 Len=1448 TSval=2916036148 TSecr=3045555922 [TCP segment of a reassembled PDU]"
"27024","32.068104606","192.168.1.55","192.168.1.2","TCP","1514","8004  >  35986 [ACK] Seq=315854 Ack=141 Win=65024 Len=1448 TSval=2916036148 TSecr=3045555922 [TCP segment of a reassembled PDU]"
"27025","32.068105977","192.168.1.55","192.168.1.2","TCP","1514","8004  >  35986 [ACK] Seq=317302 Ack=141 Win=65024 Len=1448 TSval=2916036148 TSecr=3045555922 [TCP segment of a reassembled PDU]"
"27026","32.068107329","192.168.1.55","192.168.1.2","TCP","1514","8004  >  35986 [ACK] Seq=318750 Ack=141 Win=65024 Len=1448 TSval=2916036148 TSecr=3045555922 [TCP segment of a reassembled PDU]"
"27027","32.068108495","192.168.1.55","192.168.1.2","TCP","1514","8004  >  35986 [ACK] Seq=320198 Ack=141 Win=65024 Len=1448 TSval=2916036148 TSecr=3045555922 [TCP segment of a reassembled PDU]"
"27028","32.068109773","192.168.1.55","192.168.1.2","TCP","1514","8004  >  35986 [ACK] Seq=321646 Ack=141 Win=65024 Len=1448 TSval=2916036148 TSecr=3045555922 [TCP segment of a reassembled PDU]"
"27029","32.068110958","192.168.1.55","192.168.1.2","TCP","1514","8004  >  35986 [ACK] Seq=323094 Ack=141 Win=65024 Len=1448 TSval=2916036148 TSecr=3045555922 [TCP segment of a reassembled PDU]"
"27030","32.068112106","192.168.1.55","192.168.1.2","TCP","1514","8004  >  35986 [ACK] Seq=324542 Ack=141 Win=65024 Len=1448 TSval=2916036148 TSecr=3045555922 [TCP segment of a reassembled PDU]"
"27031","32.068113458","192.168.1.55","192.168.1.2","TCP","1514","8004  >  35986 [ACK] Seq=325990 Ack=141 Win=65024 Len=1448 TSval=2916036148 TSecr=3045555922 [TCP segment of a reassembled PDU]"
"27032","32.068114569","192.168.1.55","192.168.1.2","TCP","1514","8004  >  35986 [ACK] Seq=327438 Ack=141 Win=65024 Len=1448 TSval=2916036148 TSecr=3045555922 [TCP segment of a reassembled PDU]"
"27033","32.068115681","192.168.1.55","192.168.1.2","TCP","1514","8004  >  35986 [ACK] Seq=328886 Ack=141 Win=65024 Len=1448 TSval=2916036148 TSecr=3045555922 [TCP segment of a reassembled PDU]"
"27034","32.068123014","192.168.1.55","192.168.1.2","TCP","1514","8004  >  35986 [ACK] Seq=330334 Ack=141 Win=65024 Len=1448 TSval=2916036148 TSecr=3045555922 [TCP segment of a reassembled PDU]"
"27035","32.068124366","192.168.1.55","192.168.1.2","TCP","1514","8004  >  35986 [ACK] Seq=331782 Ack=141 Win=65024 Len=1448 TSval=2916036148 TSecr=3045555922 [TCP segment of a reassembled PDU]"
"27036","32.068125681","192.168.1.55","192.168.1.2","TCP","1514","8004  >  35986 [ACK] Seq=333230 Ack=141 Win=65024 Len=1448 TSval=2916036148 TSecr=3045555922 [TCP segment of a reassembled PDU]"
"27037","32.068126810","192.168.1.55","192.168.1.2","TCP","1514","8004  >  35986 [ACK] Seq=334678 Ack=141 Win=65024 Len=1448 TSval=2916036148 TSecr=3045555922 [TCP segment of a reassembled PDU]"
"27038","32.068127940","192.168.1.55","192.168.1.2","TCP","1514","8004  >  35986 [ACK] Seq=336126 Ack=141 Win=65024 Len=1448 TSval=2916036148 TSecr=3045555922 [TCP segment of a reassembled PDU]"
"27039","32.068129181","192.168.1.55","192.168.1.2","TCP","1514","8004  >  35986 [ACK] Seq=337574 Ack=141 Win=65024 Len=1448 TSval=2916036148 TSecr=3045555922 [TCP segment of a reassembled PDU]"
"27040","32.068130514","192.168.1.55","192.168.1.2","TCP","1514","8004  >  35986 [ACK] Seq=339022 Ack=141 Win=65024 Len=1448 TSval=2916036148 TSecr=3045555922 [TCP segment of a reassembled PDU]"
"27041","32.068131792","192.168.1.55","192.168.1.2","TCP","1514","8004  >  35986 [ACK] Seq=340470 Ack=141 Win=65024 Len=1448 TSval=2916036148 TSecr=3045555922 [TCP segment of a reassembled PDU]"
"27042","32.068133236","192.168.1.55","192.168.1.2","TCP","1514","8004  >  35986 [ACK] Seq=341918 Ack=141 Win=65024 Len=1448 TSval=2916036148 TSecr=3045555922 [TCP segment of a reassembled PDU]"
"27043","32.068134421","192.168.1.55","192.168.1.2","TCP","1514","8004  >  35986 [ACK] Seq=343366 Ack=141 Win=65024 Len=1448 TSval=2916036148 TSecr=3045555922 [TCP segment of a reassembled PDU]"
"27044","32.068135644","192.168.1.55","192.168.1.2","TCP","1514","8004  >  35986 [PSH, ACK] Seq=344814 Ack=141 Win=65024 Len=1448 TSval=2916036148 TSecr=3045555922 [TCP segment of a reassembled PDU]"
"27045","32.069336442","192.168.1.55","192.168.1.2","TCP","1514","8004  >  35986 [ACK] Seq=346262 Ack=141 Win=65024 Len=1448 TSval=2916036150 TSecr=3045555922 [TCP segment of a reassembled PDU]"
"27046","32.069338979","192.168.1.55","192.168.1.2","TCP","1514","8004  >  35986 [ACK] Seq=347710 Ack=141 Win=65024 Len=1448 TSval=2916036150 TSecr=3045555922 [TCP segment of a reassembled PDU]"
"27047","32.069340108","192.168.1.55","192.168.1.2","TCP","1514","8004  >  35986 [ACK] Seq=349158 Ack=141 Win=65024 Len=1448 TSval=2916036150 TSecr=3045555922 [TCP segment of a reassembled PDU]"
"27048","32.069341405","192.168.1.55","192.168.1.2","TCP","1514","8004  >  35986 [ACK] Seq=350606 Ack=141 Win=65024 Len=1448 TSval=2916036150 TSecr=3045555922 [TCP segment of a reassembled PDU]"
"27049","32.069342757","192.168.1.55","192.168.1.2","TCP","1514","8004  >  35986 [ACK] Seq=352054 Ack=141 Win=65024 Len=1448 TSval=2916036150 TSecr=3045555922 [TCP segment of a reassembled PDU]"
"27050","32.069343960","192.168.1.55","192.168.1.2","TCP","1514","8004  >  35986 [ACK] Seq=353502 Ack=141 Win=65024 Len=1448 TSval=2916036150 TSecr=3045555922 [TCP segment of a reassembled PDU]"
"27051","32.069345331","192.168.1.55","192.168.1.2","TCP","1514","8004  >  35986 [ACK] Seq=354950 Ack=141 Win=65024 Len=1448 TSval=2916036150 TSecr=3045555922 [TCP segment of a reassembled PDU]"
"27052","32.069346497","192.168.1.55","192.168.1.2","TCP","1514","8004  >  35986 [ACK] Seq=356398 Ack=141 Win=65024 Len=1448 TSval=2916036150 TSecr=3045555922 [TCP segment of a reassembled PDU]"
"27053","32.069347571","192.168.1.55","192.168.1.2","TCP","1514","8004  >  35986 [ACK] Seq=357846 Ack=141 Win=65024 Len=1448 TSval=2916036150 TSecr=3045555922 [TCP segment of a reassembled PDU]"
"27054","32.069348757","192.168.1.55","192.168.1.2","TCP","186","[TCP Window Full] 8004  >  35986 [PSH, ACK] Seq=359294 Ack=141 Win=65024 Len=120 TSval=2916036150 TSecr=3045555922 [TCP segment of a reassembled PDU]"
"27055","32.072209613","192.168.1.2","192.168.1.55","TCP","66","35986  >  8004 [ACK] Seq=141 Ack=249246 Win=119808 Len=0 TSval=3045555923 TSecr=2916036146"
"27056","32.072231687","192.168.1.55","192.168.1.2","TCP","1514","8004  >  35986 [ACK] Seq=359414 Ack=141 Win=65024 Len=1448 TSval=2916036152 TSecr=3045555923 [TCP segment of a reassembled PDU]"
"27057","32.072234835","192.168.1.55","192.168.1.2","TCP","1514","8004  >  35986 [ACK] Seq=360862 Ack=141 Win=65024 Len=1448 TSval=2916036152 TSecr=3045555923 [TCP segment of a reassembled PDU]"
"27058","32.072236076","192.168.1.55","192.168.1.2","TCP","1514","8004  >  35986 [ACK] Seq=362310 Ack=141 Win=65024 Len=1448 TSval=2916036152 TSecr=3045555923 [TCP segment of a reassembled PDU]"
"27059","32.072237169","192.168.1.55","192.168.1.2","TCP","1514","8004  >  35986 [ACK] Seq=363758 Ack=141 Win=65024 Len=1448 TSval=2916036152 TSecr=3045555923 [TCP segment of a reassembled PDU]"
"27060","32.072238280","192.168.1.55","192.168.1.2","TCP","1514","8004  >  35986 [ACK] Seq=365206 Ack=141 Win=65024 Len=1448 TSval=2916036152 TSecr=3045555923 [TCP segment of a reassembled PDU]"
"27061","32.072239391","192.168.1.55","192.168.1.2","TCP","1514","8004  >  35986 [PSH, ACK] Seq=366654 Ack=141 Win=65024 Len=1448 TSval=2916036152 TSecr=3045555923 [TCP segment of a reassembled PDU]"
"27062","32.072585225","192.168.1.2","192.168.1.55","TCP","66","35986  >  8004 [ACK] Seq=141 Ack=250694 Win=121856 Len=0 TSval=3045555923 TSecr=2916036146"
"27063","32.072593391","192.168.1.2","192.168.1.55","TCP","66","35986  >  8004 [ACK] Seq=141 Ack=256486 Win=134144 Len=0 TSval=3045555925 TSecr=2916036146"
"27064","32.075706711","192.168.1.2","192.168.1.55","TCP","66","35986  >  8004 [ACK] Seq=141 Ack=301374 Win=101376 Len=0 TSval=3045555930 TSecr=2916036148"
"27065","32.075730563","192.168.1.55","192.168.1.2","TCP","1514","8004  >  35986 [ACK] Seq=368102 Ack=141 Win=65024 Len=1448 TSval=2916036156 TSecr=3045555930 [TCP segment of a reassembled PDU]"
"27066","32.075733100","192.168.1.55","192.168.1.2","TCP","1514","8004  >  35986 [ACK] Seq=369550 Ack=141 Win=65024 Len=1448 TSval=2916036156 TSecr=3045555930 [TCP segment of a reassembled PDU]"
"27067","32.075734470","192.168.1.55","192.168.1.2","TCP","1514","8004  >  35986 [ACK] Seq=370998 Ack=141 Win=65024 Len=1448 TSval=2916036156 TSecr=3045555930 [TCP segment of a reassembled PDU]"
"27068","32.075735952","192.168.1.55","192.168.1.2","TCP","1514","8004  >  35986 [ACK] Seq=372446 Ack=141 Win=65024 Len=1448 TSval=2916036156 TSecr=3045555930 [TCP segment of a reassembled PDU]"
"27069","32.075737230","192.168.1.55","192.168.1.2","TCP","1514","8004  >  35986 [ACK] Seq=373894 Ack=141 Win=65024 Len=1448 TSval=2916036156 TSecr=3045555930 [TCP segment of a reassembled PDU]"
"27070","32.075738637","192.168.1.55","192.168.1.2","TCP","1514","8004  >  35986 [ACK] Seq=375342 Ack=141 Win=65024 Len=1448 TSval=2916036156 TSecr=3045555930 [TCP segment of a reassembled PDU]"
"27071","32.075740026","192.168.1.55","192.168.1.2","TCP","1514","8004  >  35986 [ACK] Seq=376790 Ack=141 Win=65024 Len=1448 TSval=2916036156 TSecr=3045555930 [TCP segment of a reassembled PDU]"
"27072","32.075741322","192.168.1.55","192.168.1.2","TCP","1514","8004  >  35986 [ACK] Seq=378238 Ack=141 Win=65024 Len=1448 TSval=2916036156 TSecr=3045555930 [TCP segment of a reassembled PDU]"
"27073","32.075742637","192.168.1.55","192.168.1.2","TCP","1514","8004  >  35986 [ACK] Seq=379686 Ack=141 Win=65024 Len=1448 TSval=2916036156 TSecr=3045555930 [TCP segment of a reassembled PDU]"
"27074","32.075744026","192.168.1.55","192.168.1.2","TCP","1514","8004  >  35986 [ACK] Seq=381134 Ack=141 Win=65024 Len=1448 TSval=2916036156 TSecr=3045555930 [TCP segment of a reassembled PDU]"
"27075","32.075745304","192.168.1.55","192.168.1.2","TCP","1514","8004  >  35986 [ACK] Seq=382582 Ack=141 Win=65024 Len=1448 TSval=2916036156 TSecr=3045555930 [TCP segment of a reassembled PDU]"
"27076","32.075746711","192.168.1.55","192.168.1.2","TCP","1514","8004  >  35986 [ACK] Seq=384030 Ack=141 Win=65024 Len=1448 TSval=2916036156 TSecr=3045555930 [TCP segment of a reassembled PDU]"
"27077","32.075748100","192.168.1.55","192.168.1.2","TCP","1514","8004  >  35986 [ACK] Seq=385478 Ack=141 Win=65024 Len=1448 TSval=2916036156 TSecr=3045555930 [TCP segment of a reassembled PDU]"
"27078","32.075749378","192.168.1.55","192.168.1.2","TCP","1514","8004  >  35986 [ACK] Seq=386926 Ack=141 Win=65024 Len=1448 TSval=2916036156 TSecr=3045555930 [TCP segment of a reassembled PDU]"
"27079","32.075750785","192.168.1.55","192.168.1.2","TCP","1514","8004  >  35986 [PSH, ACK] Seq=388374 Ack=141 Win=65024 Len=1448 TSval=2916036156 TSecr=3045555930 [TCP segment of a reassembled PDU]"
"27080","32.075756785","192.168.1.55","192.168.1.2","TCP","1394","8004  >  35986 [PSH, ACK] Seq=389822 Ack=141 Win=65024 Len=1328 TSval=2916036156 TSecr=3045555930 [TCP segment of a reassembled PDU]"
"27081","32.076452379","192.168.1.2","192.168.1.55","TCP","66","35986  >  8004 [ACK] Seq=141 Ack=346262 Win=58368 Len=0 TSval=3045555931 TSecr=2916036148"
"27082","32.076461083","192.168.1.2","192.168.1.55","TCP","66","35986  >  8004 [ACK] Seq=141 Ack=357846 Win=47104 Len=0 TSval=3045555931 TSecr=2916036150"
"27083","32.076466490","192.168.1.2","192.168.1.55","TCP","66","[TCP Window Update] 35986  >  8004 [ACK] Seq=141 Ack=357846 Win=131072 Len=0 TSval=3045555931 TSecr=2916036150"
"27084","32.076502101","192.168.1.55","192.168.1.2","TCP","1514","8004  >  35986 [ACK] Seq=391150 Ack=141 Win=65024 Len=1448 TSval=2916036157 TSecr=3045555931 [TCP segment of a reassembled PDU]"
"27085","32.076503990","192.168.1.55","192.168.1.2","TCP","1514","8004  >  35986 [ACK] Seq=392598 Ack=141 Win=65024 Len=1448 TSval=2916036157 TSecr=3045555931 [TCP segment of a reassembled PDU]"
"27086","32.076505305","192.168.1.55","192.168.1.2","TCP","1514","8004  >  35986 [ACK] Seq=394046 Ack=141 Win=65024 Len=1448 TSval=2916036157 TSecr=3045555931 [TCP segment of a reassembled PDU]"
"27087","32.076506601","192.168.1.55","192.168.1.2","TCP","1514","8004  >  35986 [ACK] Seq=395494 Ack=141 Win=65024 Len=1448 TSval=2916036157 TSecr=3045555931 [TCP segment of a reassembled PDU]"
"27088","32.076507898","192.168.1.55","192.168.1.2","TCP","1514","8004  >  35986 [ACK] Seq=396942 Ack=141 Win=65024 Len=1448 TSval=2916036157 TSecr=3045555931 [TCP segment of a reassembled PDU]"
"27089","32.076509323","192.168.1.55","192.168.1.2","TCP","1514","8004  >  35986 [ACK] Seq=398390 Ack=141 Win=65024 Len=1448 TSval=2916036157 TSecr=3045555931 [TCP segment of a reassembled PDU]"
"27090","32.076510620","192.168.1.55","192.168.1.2","TCP","1514","8004  >  35986 [ACK] Seq=399838 Ack=141 Win=65024 Len=1448 TSval=2916036157 TSecr=3045555931 [TCP segment of a reassembled PDU]"
"27091","32.076511916","192.168.1.55","192.168.1.2","TCP","1514","8004  >  35986 [ACK] Seq=401286 Ack=141 Win=65024 Len=1448 TSval=2916036157 TSecr=3045555931 [TCP segment of a reassembled PDU]"
"27092","32.076513342","192.168.1.55","192.168.1.2","TCP","1514","8004  >  35986 [ACK] Seq=402734 Ack=141 Win=65024 Len=1448 TSval=2916036157 TSecr=3045555931 [TCP segment of a reassembled PDU]"
"27093","32.076514712","192.168.1.55","192.168.1.2","TCP","1514","8004  >  35986 [ACK] Seq=404182 Ack=141 Win=65024 Len=1448 TSval=2916036157 TSecr=3045555931 [TCP segment of a reassembled PDU]"
"27094","32.076516101","192.168.1.55","192.168.1.2","TCP","1514","8004  >  35986 [ACK] Seq=405630 Ack=141 Win=65024 Len=1448 TSval=2916036157 TSecr=3045555931 [TCP segment of a reassembled PDU]"
"27095","32.076517379","192.168.1.55","192.168.1.2","TCP","1514","8004  >  35986 [ACK] Seq=407078 Ack=141 Win=65024 Len=1448 TSval=2916036157 TSecr=3045555931 [TCP segment of a reassembled PDU]"
"27096","32.076518712","192.168.1.55","192.168.1.2","TCP","1514","8004  >  35986 [ACK] Seq=408526 Ack=141 Win=65024 Len=1448 TSval=2916036157 TSecr=3045555931 [TCP segment of a reassembled PDU]"
"27097","32.076520120","192.168.1.55","192.168.1.2","TCP","1514","8004  >  35986 [ACK] Seq=409974 Ack=141 Win=65024 Len=1448 TSval=2916036157 TSecr=3045555931 [TCP segment of a reassembled PDU]"
"27098","32.076521472","192.168.1.55","192.168.1.2","TCP","1514","8004  >  35986 [ACK] Seq=411422 Ack=141 Win=65024 Len=1448 TSval=2916036157 TSecr=3045555931 [TCP segment of a reassembled PDU]"
"27099","32.076522749","192.168.1.55","192.168.1.2","TCP","1514","8004  >  35986 [ACK] Seq=412870 Ack=141 Win=65024 Len=1448 TSval=2916036157 TSecr=3045555931 [TCP segment of a reassembled PDU]"
"27100","32.076524120","192.168.1.55","192.168.1.2","TCP","1514","8004  >  35986 [ACK] Seq=414318 Ack=141 Win=65024 Len=1448 TSval=2916036157 TSecr=3045555931 [TCP segment of a reassembled PDU]"
"27101","32.076525435","192.168.1.55","192.168.1.2","TCP","1514","8004  >  35986 [ACK] Seq=415766 Ack=141 Win=65024 Len=1448 TSval=2916036157 TSecr=3045555931 [TCP segment of a reassembled PDU]"
"27102","32.076526953","192.168.1.55","192.168.1.2","TCP","1514","8004  >  35986 [ACK] Seq=417214 Ack=141 Win=65024 Len=1448 TSval=2916036157 TSecr=3045555931 [TCP segment of a reassembled PDU]"
"27103","32.076528398","192.168.1.55","192.168.1.2","TCP","1514","8004  >  35986 [ACK] Seq=418662 Ack=141 Win=65024 Len=1448 TSval=2916036157 TSecr=3045555931 [TCP segment of a reassembled PDU]"
"27104","32.076529694","192.168.1.55","192.168.1.2","TCP","1514","8004  >  35986 [ACK] Seq=420110 Ack=141 Win=65024 Len=1448 TSval=2916036157 TSecr=3045555931 [TCP segment of a reassembled PDU]"
"27105","32.076531009","192.168.1.55","192.168.1.2","TCP","1514","8004  >  35986 [ACK] Seq=421558 Ack=141 Win=65024 Len=1448 TSval=2916036157 TSecr=3045555931 [TCP segment of a reassembled PDU]"
"27106","32.076532286","192.168.1.55","192.168.1.2","TCP","1514","8004  >  35986 [ACK] Seq=423006 Ack=141 Win=65024 Len=1448 TSval=2916036157 TSecr=3045555931 [TCP segment of a reassembled PDU]"
"27107","32.076533657","192.168.1.55","192.168.1.2","TCP","1514","8004  >  35986 [ACK] Seq=424454 Ack=141 Win=65024 Len=1448 TSval=2916036157 TSecr=3045555931 [TCP segment of a reassembled PDU]"
"27108","32.076534935","192.168.1.55","192.168.1.2","TCP","1514","8004  >  35986 [ACK] Seq=425902 Ack=141 Win=65024 Len=1448 TSval=2916036157 TSecr=3045555931 [TCP segment of a reassembled PDU]"
"27109","32.076536212","192.168.1.55","192.168.1.2","TCP","1514","8004  >  35986 [ACK] Seq=427350 Ack=141 Win=65024 Len=1448 TSval=2916036157 TSecr=3045555931 [TCP segment of a reassembled PDU]"
"27110","32.076537768","192.168.1.55","192.168.1.2","TCP","1514","8004  >  35986 [ACK] Seq=428798 Ack=141 Win=65024 Len=1448 TSval=2916036157 TSecr=3045555931 [TCP segment of a reassembled PDU]"
"27111","32.076539083","192.168.1.55","192.168.1.2","TCP","1514","8004  >  35986 [ACK] Seq=430246 Ack=141 Win=65024 Len=1448 TSval=2916036157 TSecr=3045555931 [TCP segment of a reassembled PDU]"
"27112","32.076540472","192.168.1.55","192.168.1.2","TCP","1514","8004  >  35986 [ACK] Seq=431694 Ack=141 Win=65024 Len=1448 TSval=2916036157 TSecr=3045555931 [TCP segment of a reassembled PDU]"
"27113","32.076541749","192.168.1.55","192.168.1.2","TCP","1514","8004  >  35986 [ACK] Seq=433142 Ack=141 Win=65024 Len=1448 TSval=2916036157 TSecr=3045555931 [TCP segment of a reassembled PDU]"
"27114","32.076543101","192.168.1.55","192.168.1.2","TCP","1514","8004  >  35986 [PSH, ACK] Seq=434590 Ack=141 Win=65024 Len=1448 TSval=2916036157 TSecr=3045555931 [TCP segment of a reassembled PDU]"
"27115","32.076578953","192.168.1.55","192.168.1.2","TCP","1514","8004  >  35986 [ACK] Seq=436038 Ack=141 Win=65024 Len=1448 TSval=2916036157 TSecr=3045555931 [TCP segment of a reassembled PDU]"
"27116","32.076580657","192.168.1.55","192.168.1.2","TCP","1514","8004  >  35986 [ACK] Seq=437486 Ack=141 Win=65024 Len=1448 TSval=2916036157 TSecr=3045555931 [TCP segment of a reassembled PDU]"
"27117","32.076582009","192.168.1.55","192.168.1.2","TCP","1514","8004  >  35986 [ACK] Seq=438934 Ack=141 Win=65024 Len=1448 TSval=2916036157 TSecr=3045555931 [TCP segment of a reassembled PDU]"
"27118","32.076583305","192.168.1.55","192.168.1.2","TCP","1514","8004  >  35986 [ACK] Seq=440382 Ack=141 Win=65024 Len=1448 TSval=2916036157 TSecr=3045555931 [TCP segment of a reassembled PDU]"
"27119","32.076584824","192.168.1.55","192.168.1.2","TCP","1514","8004  >  35986 [ACK] Seq=441830 Ack=141 Win=65024 Len=1448 TSval=2916036157 TSecr=3045555931 [TCP segment of a reassembled PDU]"
"27120","32.076586435","192.168.1.55","192.168.1.2","TCP","1514","8004  >  35986 [ACK] Seq=443278 Ack=141 Win=65024 Len=1448 TSval=2916036157 TSecr=3045555931 [TCP segment of a reassembled PDU]"
"27121","32.076587750","192.168.1.55","192.168.1.2","TCP","1514","8004  >  35986 [ACK] Seq=444726 Ack=141 Win=65024 Len=1448 TSval=2916036157 TSecr=3045555931 [TCP segment of a reassembled PDU]"
"27122","32.076589212","192.168.1.55","192.168.1.2","TCP","1514","8004  >  35986 [ACK] Seq=446174 Ack=141 Win=65024 Len=1448 TSval=2916036157 TSecr=3045555931 [TCP segment of a reassembled PDU]"
"27123","32.076590768","192.168.1.55","192.168.1.2","TCP","1514","8004  >  35986 [ACK] Seq=447622 Ack=141 Win=65024 Len=1448 TSval=2916036157 TSecr=3045555931 [TCP segment of a reassembled PDU]"
"27124","32.076592101","192.168.1.55","192.168.1.2","TCP","1514","8004  >  35986 [ACK] Seq=449070 Ack=141 Win=65024 Len=1448 TSval=2916036157 TSecr=3045555931 [TCP segment of a reassembled PDU]"
"27125","32.076593527","192.168.1.55","192.168.1.2","TCP","1514","8004  >  35986 [ACK] Seq=450518 Ack=141 Win=65024 Len=1448 TSval=2916036157 TSecr=3045555931 [TCP segment of a reassembled PDU]"
"27126","32.076594842","192.168.1.55","192.168.1.2","TCP","1514","8004  >  35986 [ACK] Seq=451966 Ack=141 Win=65024 Len=1448 TSval=2916036157 TSecr=3045555931 [TCP segment of a reassembled PDU]"
"27127","32.076596305","192.168.1.55","192.168.1.2","TCP","1514","8004  >  35986 [ACK] Seq=453414 Ack=141 Win=65024 Len=1448 TSval=2916036157 TSecr=3045555931 [TCP segment of a reassembled PDU]"
"27128","32.076597750","192.168.1.55","192.168.1.2","TCP","1514","8004  >  35986 [ACK] Seq=454862 Ack=141 Win=65024 Len=1448 TSval=2916036157 TSecr=3045555931 [TCP segment of a reassembled PDU]"
"27129","32.076599083","192.168.1.55","192.168.1.2","TCP","1514","8004  >  35986 [ACK] Seq=456310 Ack=141 Win=65024 Len=1448 TSval=2916036157 TSecr=3045555931 [TCP segment of a reassembled PDU]"
"27130","32.076600527","192.168.1.55","192.168.1.2","TCP","1514","8004  >  35986 [ACK] Seq=457758 Ack=141 Win=65024 Len=1448 TSval=2916036157 TSecr=3045555931 [TCP segment of a reassembled PDU]"
"27131","32.076601916","192.168.1.55","192.168.1.2","TCP","1514","8004  >  35986 [ACK] Seq=459206 Ack=141 Win=65024 Len=1448 TSval=2916036157 TSecr=3045555931 [TCP segment of a reassembled PDU]"
"27132","32.076603250","192.168.1.55","192.168.1.2","TCP","1514","8004  >  35986 [ACK] Seq=460654 Ack=141 Win=65024 Len=1448 TSval=2916036157 TSecr=3045555931 [TCP segment of a reassembled PDU]"
"27133","32.076604713","192.168.1.55","192.168.1.2","TCP","1514","8004  >  35986 [ACK] Seq=462102 Ack=141 Win=65024 Len=1448 TSval=2916036157 TSecr=3045555931 [TCP segment of a reassembled PDU]"
"27134","32.076606064","192.168.1.55","192.168.1.2","TCP","1514","8004  >  35986 [ACK] Seq=463550 Ack=141 Win=65024 Len=1448 TSval=2916036157 TSecr=3045555931 [TCP segment of a reassembled PDU]"
"27135","32.076607601","192.168.1.55","192.168.1.2","TCP","1514","8004  >  35986 [ACK] Seq=464998 Ack=141 Win=65024 Len=1448 TSval=2916036157 TSecr=3045555931 [TCP segment of a reassembled PDU]"
"27136","32.076609064","192.168.1.55","192.168.1.2","TCP","1514","8004  >  35986 [ACK] Seq=466446 Ack=141 Win=65024 Len=1448 TSval=2916036157 TSecr=3045555931 [TCP segment of a reassembled PDU]"
"27137","32.076610416","192.168.1.55","192.168.1.2","TCP","1514","8004  >  35986 [ACK] Seq=467894 Ack=141 Win=65024 Len=1448 TSval=2916036157 TSecr=3045555931 [TCP segment of a reassembled PDU]"
"27138","32.076611805","192.168.1.55","192.168.1.2","TCP","1514","8004  >  35986 [ACK] Seq=469342 Ack=141 Win=65024 Len=1448 TSval=2916036157 TSecr=3045555931 [TCP segment of a reassembled PDU]"
"27139","32.076613120","192.168.1.55","192.168.1.2","TCP","1514","8004  >  35986 [ACK] Seq=470790 Ack=141 Win=65024 Len=1448 TSval=2916036157 TSecr=3045555931 [TCP segment of a reassembled PDU]"
"27140","32.076614435","192.168.1.55","192.168.1.2","TCP","1514","8004  >  35986 [ACK] Seq=472238 Ack=141 Win=65024 Len=1448 TSval=2916036157 TSecr=3045555931 [TCP segment of a reassembled PDU]"
"27141","32.076615879","192.168.1.55","192.168.1.2","TCP","1514","8004  >  35986 [ACK] Seq=473686 Ack=141 Win=65024 Len=1448 TSval=2916036157 TSecr=3045555931 [TCP segment of a reassembled PDU]"
"27142","32.076617250","192.168.1.55","192.168.1.2","TCP","1514","8004  >  35986 [ACK] Seq=475134 Ack=141 Win=65024 Len=1448 TSval=2916036157 TSecr=3045555931 [TCP segment of a reassembled PDU]"
"27143","32.076618657","192.168.1.55","192.168.1.2","TCP","1514","8004  >  35986 [ACK] Seq=476582 Ack=141 Win=65024 Len=1448 TSval=2916036157 TSecr=3045555931 [TCP segment of a reassembled PDU]"
"27144","32.076620009","192.168.1.55","192.168.1.2","TCP","1514","8004  >  35986 [ACK] Seq=478030 Ack=141 Win=65024 Len=1448 TSval=2916036157 TSecr=3045555931 [TCP segment of a reassembled PDU]"
"27145","32.076621361","192.168.1.55","192.168.1.2","TCP","1514","8004  >  35986 [PSH, ACK] Seq=479478 Ack=141 Win=65024 Len=1448 TSval=2916036157 TSecr=3045555931 [TCP segment of a reassembled PDU]"
"27146","32.076625676","192.168.1.2","192.168.1.55","TCP","66","35986  >  8004 [ACK] Seq=141 Ack=359414 Win=134144 Len=0 TSval=3045555931 TSecr=2916036150"
"27147","32.083363464","192.168.1.2","192.168.1.55","TCP","66","35986  >  8004 [ACK] Seq=141 Ack=368102 Win=134144 Len=0 TSval=3045555932 TSecr=2916036152"
"27148","32.083398316","192.168.1.55","192.168.1.2","TCP","1514","8004  >  35986 [ACK] Seq=480926 Ack=141 Win=65024 Len=1448 TSval=2916036164 TSecr=3045555932 [TCP segment of a reassembled PDU]"
"27149","32.083402390","192.168.1.55","192.168.1.2","TCP","1514","8004  >  35986 [ACK] Seq=482374 Ack=141 Win=65024 Len=1448 TSval=2916036164 TSecr=3045555932 [TCP segment of a reassembled PDU]"
"27150","32.083404001","192.168.1.55","192.168.1.2","TCP","1514","8004  >  35986 [ACK] Seq=483822 Ack=141 Win=65024 Len=1448 TSval=2916036164 TSecr=3045555932 [TCP segment of a reassembled PDU]"
"27151","32.083405445","192.168.1.55","192.168.1.2","TCP","1514","8004  >  35986 [ACK] Seq=485270 Ack=141 Win=65024 Len=1448 TSval=2916036164 TSecr=3045555932 [TCP segment of a reassembled PDU]"
"27152","32.083407575","192.168.1.55","192.168.1.2","TCP","1514","8004  >  35986 [ACK] Seq=486718 Ack=141 Win=65024 Len=1448 TSval=2916036164 TSecr=3045555932 [TCP segment of a reassembled PDU]"
"27153","32.083409334","192.168.1.55","192.168.1.2","TCP","1514","8004  >  35986 [ACK] Seq=488166 Ack=141 Win=65024 Len=1448 TSval=2916036164 TSecr=3045555932 [TCP segment of a reassembled PDU]"
"27154","32.083411334","192.168.1.55","192.168.1.2","TCP","1514","8004  >  35986 [ACK] Seq=489614 Ack=141 Win=65024 Len=1448 TSval=2916036164 TSecr=3045555932 [TCP segment of a reassembled PDU]"
"27155","32.083413020","192.168.1.55","192.168.1.2","TCP","1514","8004  >  35986 [ACK] Seq=491062 Ack=141 Win=65024 Len=1448 TSval=2916036164 TSecr=3045555932 [TCP segment of a reassembled PDU]"
"27156","32.083414983","192.168.1.55","192.168.1.2","TCP","1514","8004  >  35986 [ACK] Seq=492510 Ack=141 Win=65024 Len=1448 TSval=2916036164 TSecr=3045555932 [TCP segment of a reassembled PDU]"
"27157","32.083416483","192.168.1.55","192.168.1.2","TCP","1514","8004  >  35986 [ACK] Seq=493958 Ack=141 Win=65024 Len=1448 TSval=2916036164 TSecr=3045555932 [TCP segment of a reassembled PDU]"
"27158","32.083418038","192.168.1.55","192.168.1.2","TCP","1514","8004  >  35986 [ACK] Seq=495406 Ack=141 Win=65024 Len=1448 TSval=2916036164 TSecr=3045555932 [TCP segment of a reassembled PDU]"
"27159","32.083419908","192.168.1.55","192.168.1.2","TCP","1514","8004  >  35986 [PSH, ACK] Seq=496854 Ack=141 Win=65024 Len=1448 TSval=2916036164 TSecr=3045555932 [TCP segment of a reassembled PDU]"
"27160","32.083428501","192.168.1.55","192.168.1.2","HTTP","1472","HTTP/1.0 200 OK  (PNG)"
"27161","32.083526260","192.168.1.2","192.168.1.55","TCP","66","35986  >  8004 [ACK] Seq=141 Ack=389822 Win=134144 Len=0 TSval=3045555938 TSecr=2916036156"
"27162","32.083534538","192.168.1.2","192.168.1.55","TCP","66","35986  >  8004 [ACK] Seq=141 Ack=391150 Win=137216 Len=0 TSval=3045555938 TSecr=2916036156"
"27163","32.083538927","192.168.1.2","192.168.1.55","TCP","66","35986  >  8004 [ACK] Seq=141 Ack=436038 Win=129024 Len=0 TSval=3045555938 TSecr=2916036157"
"27164","32.083600816","192.168.1.2","192.168.1.55","TCP","66","35986  >  8004 [ACK] Seq=141 Ack=475134 Win=133120 Len=0 TSval=3045555938 TSecr=2916036157"
"27165","32.083610631","192.168.1.2","192.168.1.55","TCP","66","35986  >  8004 [ACK] Seq=141 Ack=480926 Win=148480 Len=0 TSval=3045555939 TSecr=2916036157"
"27166","32.086220857","192.168.1.2","192.168.1.55","TCP","66","35986  >  8004 [ACK] Seq=141 Ack=492510 Win=156672 Len=0 TSval=3045555941 TSecr=2916036164"
"27167","32.086606025","192.168.1.2","192.168.1.55","TCP","66","35986  >  8004 [ACK] Seq=141 Ack=498302 Win=162816 Len=0 TSval=3045555942 TSecr=2916036164"
"27168","32.088503139","192.168.1.2","192.168.1.55","TCP","66","35986  >  8004 [FIN, ACK] Seq=141 Ack=499709 Win=164864 Len=0 TSval=3045555943 TSecr=2916036164"
"27169","32.088519787","192.168.1.55","192.168.1.2","TCP","66","8004  >  35986 [ACK] Seq=499709 Ack=142 Win=65024 Len=0 TSval=2916036169 TSecr=3045555943"
"27170","32.088644120","192.168.1.2","192.168.1.55","TCP","74","36000  >  8004 [SYN] Seq=0 Win=64240 Len=0 MSS=1460 SACK_PERM TSval=3045555943 TSecr=0 WS=1024"
"27171","32.088679602","192.168.1.55","192.168.1.2","TCP","74","8004  >  36000 [SYN, ACK] Seq=0 Ack=1 Win=65160 Len=0 MSS=1460 SACK_PERM TSval=2916036169 TSecr=3045555943 WS=128"
"27172","32.091816348","192.168.1.2","192.168.1.55","TCP","66","36000  >  8004 [ACK] Seq=1 Ack=1 Win=64512 Len=0 TSval=3045555946 TSecr=2916036169"
"27173","32.095025816","192.168.1.2","192.168.1.55","HTTP","209","GET /original_benchmark.png HTTP/1.1 "
"27174","32.095038316","192.168.1.55","192.168.1.2","TCP","66","8004  >  36000 [ACK] Seq=1 Ack=144 Win=65024 Len=0 TSval=2916036175 TSecr=3045555946"
"27175","32.095518668","192.168.1.55","192.168.1.2","TCP","255","8004  >  36000 [PSH, ACK] Seq=1 Ack=144 Win=65024 Len=189 TSval=2916036176 TSecr=3045555946 [TCP segment of a reassembled PDU]"
"27176","32.095604965","192.168.1.55","192.168.1.2","TCP","1514","8004  >  36000 [ACK] Seq=190 Ack=144 Win=65024 Len=1448 TSval=2916036176 TSecr=3045555946 [TCP segment of a reassembled PDU]"
"27177","32.095609168","192.168.1.55","192.168.1.2","TCP","1514","8004  >  36000 [ACK] Seq=1638 Ack=144 Win=65024 Len=1448 TSval=2916036176 TSecr=3045555946 [TCP segment of a reassembled PDU]"
"27178","32.095610539","192.168.1.55","192.168.1.2","TCP","1514","8004  >  36000 [ACK] Seq=3086 Ack=144 Win=65024 Len=1448 TSval=2916036176 TSecr=3045555946 [TCP segment of a reassembled PDU]"
"27179","32.095611928","192.168.1.55","192.168.1.2","TCP","1514","8004  >  36000 [ACK] Seq=4534 Ack=144 Win=65024 Len=1448 TSval=2916036176 TSecr=3045555946 [TCP segment of a reassembled PDU]"
"27180","32.095613724","192.168.1.55","192.168.1.2","TCP","1514","8004  >  36000 [PSH, ACK] Seq=5982 Ack=144 Win=65024 Len=1448 TSval=2916036176 TSecr=3045555946 [TCP segment of a reassembled PDU]"
"27181","32.095628817","192.168.1.55","192.168.1.2","TCP","1514","8004  >  36000 [ACK] Seq=7430 Ack=144 Win=65024 Len=1448 TSval=2916036176 TSecr=3045555946 [TCP segment of a reassembled PDU]"
"27182","32.095630780","192.168.1.55","192.168.1.2","TCP","1514","8004  >  36000 [ACK] Seq=8878 Ack=144 Win=65024 Len=1448 TSval=2916036176 TSecr=3045555946 [TCP segment of a reassembled PDU]"
"27183","32.095632076","192.168.1.55","192.168.1.2","TCP","1514","8004  >  36000 [ACK] Seq=10326 Ack=144 Win=65024 Len=1448 TSval=2916036176 TSecr=3045555946 [TCP segment of a reassembled PDU]"
"27184","32.095633520","192.168.1.55","192.168.1.2","TCP","1514","8004  >  36000 [PSH, ACK] Seq=11774 Ack=144 Win=65024 Len=1448 TSval=2916036176 TSecr=3045555946 [TCP segment of a reassembled PDU]"
"27185","32.099220156","192.168.1.2","192.168.1.55","TCP","66","36000  >  8004 [ACK] Seq=144 Ack=190 Win=64512 Len=0 TSval=3045555953 TSecr=2916036176"
"27186","32.099350841","192.168.1.55","192.168.1.2","TCP","1514","8004  >  36000 [ACK] Seq=13222 Ack=144 Win=65024 Len=1448 TSval=2916036180 TSecr=3045555953 [TCP segment of a reassembled PDU]"
"27187","32.099362545","192.168.1.55","192.168.1.2","TCP","1514","8004  >  36000 [PSH, ACK] Seq=14670 Ack=144 Win=65024 Len=1448 TSval=2916036180 TSecr=3045555953 [TCP segment of a reassembled PDU]"
"27188","32.099541008","192.168.1.2","192.168.1.55","TCP","66","36000  >  8004 [ACK] Seq=144 Ack=3086 Win=70656 Len=0 TSval=3045555953 TSecr=2916036176"
"27189","32.099578508","192.168.1.2","192.168.1.55","TCP","66","36000  >  8004 [ACK] Seq=144 Ack=5982 Win=76800 Len=0 TSval=3045555953 TSecr=2916036176"
"27190","32.099640971","192.168.1.55","192.168.1.2","TCP","1514","8004  >  36000 [ACK] Seq=16118 Ack=144 Win=65024 Len=1448 TSval=2916036180 TSecr=3045555953 [TCP segment of a reassembled PDU]"
"27191","32.099648045","192.168.1.55","192.168.1.2","TCP","1514","8004  >  36000 [ACK] Seq=17566 Ack=144 Win=65024 Len=1448 TSval=2916036180 TSecr=3045555953 [TCP segment of a reassembled PDU]"
"27192","32.099649823","192.168.1.55","192.168.1.2","TCP","1514","8004  >  36000 [ACK] Seq=19014 Ack=144 Win=65024 Len=1448 TSval=2916036180 TSecr=3045555953 [TCP segment of a reassembled PDU]"
"27193","32.099651471","192.168.1.55","192.168.1.2","TCP","1514","8004  >  36000 [ACK] Seq=20462 Ack=144 Win=65024 Len=1448 TSval=2916036180 TSecr=3045555953 [TCP segment of a reassembled PDU]"
"27194","32.099653230","192.168.1.55","192.168.1.2","TCP","1514","8004  >  36000 [ACK] Seq=21910 Ack=144 Win=65024 Len=1448 TSval=2916036180 TSecr=3045555953 [TCP segment of a reassembled PDU]"
"27195","32.099655693","192.168.1.55","192.168.1.2","TCP","1514","8004  >  36000 [ACK] Seq=23358 Ack=144 Win=65024 Len=1448 TSval=2916036180 TSecr=3045555953 [TCP segment of a reassembled PDU]"
"27196","32.099658156","192.168.1.55","192.168.1.2","TCP","1514","8004  >  36000 [PSH, ACK] Seq=24806 Ack=144 Win=65024 Len=1448 TSval=2916036180 TSecr=3045555953 [TCP segment of a reassembled PDU]"
"27197","32.099668990","192.168.1.2","192.168.1.55","TCP","66","36000  >  8004 [ACK] Seq=144 Ack=7430 Win=79872 Len=0 TSval=3045555954 TSecr=2916036176"
"27198","32.099684342","192.168.1.2","192.168.1.55","TCP","66","36000  >  8004 [ACK] Seq=144 Ack=13222 Win=84992 Len=0 TSval=3045555954 TSecr=2916036176"
"27199","32.099748990","192.168.1.55","192.168.1.2","TCP","1514","8004  >  36000 [ACK] Seq=26254 Ack=144 Win=65024 Len=1448 TSval=2916036180 TSecr=3045555954 [TCP segment of a reassembled PDU]"
"27200","32.099756379","192.168.1.55","192.168.1.2","TCP","1514","8004  >  36000 [ACK] Seq=27702 Ack=144 Win=65024 Len=1448 TSval=2916036180 TSecr=3045555954 [TCP segment of a reassembled PDU]"
"27201","32.099761397","192.168.1.55","192.168.1.2","TCP","1514","8004  >  36000 [ACK] Seq=29150 Ack=144 Win=65024 Len=1448 TSval=2916036180 TSecr=3045555954 [TCP segment of a reassembled PDU]"
"27202","32.099764138","192.168.1.55","192.168.1.2","TCP","1514","8004  >  36000 [ACK] Seq=30598 Ack=144 Win=65024 Len=1448 TSval=2916036180 TSecr=3045555954 [TCP segment of a reassembled PDU]"
"27203","32.099766045","192.168.1.55","192.168.1.2","TCP","1514","8004  >  36000 [ACK] Seq=32046 Ack=144 Win=65024 Len=1448 TSval=2916036180 TSecr=3045555954 [TCP segment of a reassembled PDU]"
"27204","32.099769082","192.168.1.55","192.168.1.2","TCP","1514","8004  >  36000 [ACK] Seq=33494 Ack=144 Win=65024 Len=1448 TSval=2916036180 TSecr=3045555954 [TCP segment of a reassembled PDU]"
"27205","32.099771638","192.168.1.55","192.168.1.2","TCP","1514","8004  >  36000 [ACK] Seq=34942 Ack=144 Win=65024 Len=1448 TSval=2916036180 TSecr=3045555954 [TCP segment of a reassembled PDU]"
"27206","32.099774749","192.168.1.55","192.168.1.2","TCP","1514","8004  >  36000 [ACK] Seq=36390 Ack=144 Win=65024 Len=1448 TSval=2916036180 TSecr=3045555954 [TCP segment of a reassembled PDU]"
"27207","32.099778027","192.168.1.55","192.168.1.2","TCP","1514","8004  >  36000 [ACK] Seq=37838 Ack=144 Win=65024 Len=1448 TSval=2916036180 TSecr=3045555954 [TCP segment of a reassembled PDU]"
"27208","32.099780360","192.168.1.55","192.168.1.2","TCP","1514","8004  >  36000 [PSH, ACK] Seq=39286 Ack=144 Win=65024 Len=1448 TSval=2916036180 TSecr=3045555954 [TCP segment of a reassembled PDU]"
"27209","32.100725788","192.168.1.55","192.168.1.2","TCP","1514","8004  >  36000 [ACK] Seq=40734 Ack=144 Win=65024 Len=1448 TSval=2916036181 TSecr=3045555954 [TCP segment of a reassembled PDU]"
"27210","32.104142886","192.168.1.2","192.168.1.55","TCP","66","36000  >  8004 [ACK] Seq=144 Ack=16118 Win=90112 Len=0 TSval=3045555958 TSecr=2916036180"
"27211","32.104206367","192.168.1.55","192.168.1.2","TCP","1514","8004  >  36000 [ACK] Seq=42182 Ack=144 Win=65024 Len=1448 TSval=2916036184 TSecr=3045555958 [TCP segment of a reassembled PDU]"
"27212","32.104212534","192.168.1.55","192.168.1.2","TCP","1514","8004  >  36000 [PSH, ACK] Seq=43630 Ack=144 Win=65024 Len=1448 TSval=2916036184 TSecr=3045555958 [TCP segment of a reassembled PDU]"
"27213","32.104318904","192.168.1.2","192.168.1.55","TCP","66","36000  >  8004 [ACK] Seq=144 Ack=26254 Win=83968 Len=0 TSval=3045555959 TSecr=2916036180"
"27214","32.104354405","192.168.1.55","192.168.1.2","TCP","1514","8004  >  36000 [ACK] Seq=45078 Ack=144 Win=65024 Len=1448 TSval=2916036185 TSecr=3045555959 [TCP segment of a reassembled PDU]"
"27215","32.104356682","192.168.1.55","192.168.1.2","TCP","1514","8004  >  36000 [ACK] Seq=46526 Ack=144 Win=65024 Len=1448 TSval=2916036185 TSecr=3045555959 [TCP segment of a reassembled PDU]"
"27216","32.104358108","192.168.1.55","192.168.1.2","TCP","1514","8004  >  36000 [ACK] Seq=47974 Ack=144 Win=65024 Len=1448 TSval=2916036185 TSecr=3045555959 [TCP segment of a reassembled PDU]"
"27217","32.104359664","192.168.1.55","192.168.1.2","TCP","1514","8004  >  36000 [ACK] Seq=49422 Ack=144 Win=65024 Len=1448 TSval=2916036185 TSecr=3045555959 [TCP segment of a reassembled PDU]"
"27218","32.104361793","192.168.1.55","192.168.1.2","TCP","1514","8004  >  36000 [ACK] Seq=50870 Ack=144 Win=65024 Len=1448 TSval=2916036185 TSecr=3045555959 [TCP segment of a reassembled PDU]"
"27219","32.104363775","192.168.1.55","192.168.1.2","TCP","1514","8004  >  36000 [ACK] Seq=52318 Ack=144 Win=65024 Len=1448 TSval=2916036185 TSecr=3045555959 [TCP segment of a reassembled PDU]"
"27220","32.104365145","192.168.1.55","192.168.1.2","TCP","1514","8004  >  36000 [ACK] Seq=53766 Ack=144 Win=65024 Len=1448 TSval=2916036185 TSecr=3045555959 [TCP segment of a reassembled PDU]"
"27221","32.104366849","192.168.1.55","192.168.1.2","TCP","1514","8004  >  36000 [ACK] Seq=55214 Ack=144 Win=65024 Len=1448 TSval=2916036185 TSecr=3045555959 [TCP segment of a reassembled PDU]"
"27222","32.104368256","192.168.1.55","192.168.1.2","TCP","1514","8004  >  36000 [ACK] Seq=56662 Ack=144 Win=65024 Len=1448 TSval=2916036185 TSecr=3045555959 [TCP segment of a reassembled PDU]"
"27223","32.104369534","192.168.1.55","192.168.1.2","TCP","1514","8004  >  36000 [ACK] Seq=58110 Ack=144 Win=65024 Len=1448 TSval=2916036185 TSecr=3045555959 [TCP segment of a reassembled PDU]"
"27224","32.104370905","192.168.1.55","192.168.1.2","TCP","1514","8004  >  36000 [ACK] Seq=59558 Ack=144 Win=65024 Len=1448 TSval=2916036185 TSecr=3045555959 [TCP segment of a reassembled PDU]"
"27225","32.104372775","192.168.1.55","192.168.1.2","TCP","1514","8004  >  36000 [ACK] Seq=61006 Ack=144 Win=65024 Len=1448 TSval=2916036185 TSecr=3045555959 [TCP segment of a reassembled PDU]"
"27226","32.104381664","192.168.1.55","192.168.1.2","TCP","1514","8004  >  36000 [ACK] Seq=62454 Ack=144 Win=65024 Len=1448 TSval=2916036185 TSecr=3045555959 [TCP segment of a reassembled PDU]"
"27227","32.104383238","192.168.1.55","192.168.1.2","TCP","1514","8004  >  36000 [PSH, ACK] Seq=63902 Ack=144 Win=65024 Len=1448 TSval=2916036185 TSecr=3045555959 [TCP segment of a reassembled PDU]"
"27228","32.104390090","192.168.1.2","192.168.1.55","TCP","66","36000  >  8004 [ACK] Seq=144 Ack=36390 Win=74752 Len=0 TSval=3045555959 TSecr=2916036180"
"27229","32.104415238","192.168.1.55","192.168.1.2","TCP","1514","8004  >  36000 [ACK] Seq=65350 Ack=144 Win=65024 Len=1448 TSval=2916036185 TSecr=3045555959 [TCP segment of a reassembled PDU]"
"27230","32.104417997","192.168.1.55","192.168.1.2","TCP","1514","8004  >  36000 [ACK] Seq=66798 Ack=144 Win=65024 Len=1448 TSval=2916036185 TSecr=3045555959 [TCP segment of a reassembled PDU]"
"27231","32.104419423","192.168.1.55","192.168.1.2","TCP","1514","8004  >  36000 [ACK] Seq=68246 Ack=144 Win=65024 Len=1448 TSval=2916036185 TSecr=3045555959 [TCP segment of a reassembled PDU]"
"27232","32.104420756","192.168.1.55","192.168.1.2","TCP","1514","8004  >  36000 [ACK] Seq=69694 Ack=144 Win=65024 Len=1448 TSval=2916036185 TSecr=3045555959 [TCP segment of a reassembled PDU]"
"27233","32.104422016","192.168.1.55","192.168.1.2","TCP","1514","8004  >  36000 [ACK] Seq=71142 Ack=144 Win=65024 Len=1448 TSval=2916036185 TSecr=3045555959 [TCP segment of a reassembled PDU]"
"27234","32.104423423","192.168.1.55","192.168.1.2","TCP","1514","8004  >  36000 [ACK] Seq=72590 Ack=144 Win=65024 Len=1448 TSval=2916036185 TSecr=3045555959 [TCP segment of a reassembled PDU]"
"27235","32.104425256","192.168.1.55","192.168.1.2","TCP","1514","8004  >  36000 [ACK] Seq=74038 Ack=144 Win=65024 Len=1448 TSval=2916036185 TSecr=3045555959 [TCP segment of a reassembled PDU]"
"27236","32.104427312","192.168.1.55","192.168.1.2","TCP","1514","8004  >  36000 [PSH, ACK] Seq=75486 Ack=144 Win=65024 Len=1448 TSval=2916036185 TSecr=3045555959 [TCP segment of a reassembled PDU]"
"27237","32.106347574","192.168.1.2","192.168.1.55","TCP","66","36000  >  8004 [ACK] Seq=144 Ack=39286 Win=90112 Len=0 TSval=3045555959 TSecr=2916036180"
"27238","32.106393315","192.168.1.55","192.168.1.2","TCP","1514","8004  >  36000 [ACK] Seq=76934 Ack=144 Win=65024 Len=1448 TSval=2916036187 TSecr=3045555959 [TCP segment of a reassembled PDU]"
"27239","32.106398149","192.168.1.55","192.168.1.2","TCP","1514","8004  >  36000 [ACK] Seq=78382 Ack=144 Win=65024 Len=1448 TSval=2916036187 TSecr=3045555959 [TCP segment of a reassembled PDU]"
"27240","32.106399426","192.168.1.55","192.168.1.2","TCP","1514","8004  >  36000 [ACK] Seq=79830 Ack=144 Win=65024 Len=1448 TSval=2916036187 TSecr=3045555959 [TCP segment of a reassembled PDU]"
"27241","32.106400630","192.168.1.55","192.168.1.2","TCP","1514","8004  >  36000 [ACK] Seq=81278 Ack=144 Win=65024 Len=1448 TSval=2916036187 TSecr=3045555959 [TCP segment of a reassembled PDU]"
"27242","32.106401741","192.168.1.55","192.168.1.2","TCP","1514","8004  >  36000 [ACK] Seq=82726 Ack=144 Win=65024 Len=1448 TSval=2916036187 TSecr=3045555959 [TCP segment of a reassembled PDU]"
"27243","32.106402834","192.168.1.55","192.168.1.2","TCP","1514","8004  >  36000 [ACK] Seq=84174 Ack=144 Win=65024 Len=1448 TSval=2916036187 TSecr=3045555959 [TCP segment of a reassembled PDU]"
"27244","32.106404389","192.168.1.55","192.168.1.2","TCP","1514","8004  >  36000 [ACK] Seq=85622 Ack=144 Win=65024 Len=1448 TSval=2916036187 TSecr=3045555959 [TCP segment of a reassembled PDU]"
"27245","32.106406241","192.168.1.55","192.168.1.2","TCP","1514","8004  >  36000 [ACK] Seq=87070 Ack=144 Win=65024 Len=1448 TSval=2916036187 TSecr=3045555959 [TCP segment of a reassembled PDU]"
"27246","32.106408056","192.168.1.55","192.168.1.2","TCP","1514","8004  >  36000 [ACK] Seq=88518 Ack=144 Win=65024 Len=1448 TSval=2916036187 TSecr=3045555959 [TCP segment of a reassembled PDU]"
"27247","32.106409278","192.168.1.55","192.168.1.2","TCP","1514","8004  >  36000 [ACK] Seq=89966 Ack=144 Win=65024 Len=1448 TSval=2916036187 TSecr=3045555959 [TCP segment of a reassembled PDU]"
"27248","32.106410482","192.168.1.55","192.168.1.2","TCP","1514","8004  >  36000 [ACK] Seq=91414 Ack=144 Win=65024 Len=1448 TSval=2916036187 TSecr=3045555959 [TCP segment of a reassembled PDU]"
"27249","32.106411556","192.168.1.55","192.168.1.2","TCP","1514","8004  >  36000 [PSH, ACK] Seq=92862 Ack=144 Win=65024 Len=1448 TSval=2916036187 TSecr=3045555959 [TCP segment of a reassembled PDU]"
"27250","32.106465445","192.168.1.2","192.168.1.55","TCP","66","36000  >  8004 [ACK] Seq=144 Ack=40734 Win=91136 Len=0 TSval=3045555960 TSecr=2916036180"
"27251","32.106474704","192.168.1.2","192.168.1.55","TCP","66","36000  >  8004 [ACK] Seq=144 Ack=42182 Win=91136 Len=0 TSval=3045555960 TSecr=2916036181"
"27252","32.106487797","192.168.1.55","192.168.1.2","TCP","1514","8004  >  36000 [ACK] Seq=94310 Ack=144 Win=65024 Len=1448 TSval=2916036187 TSecr=3045555960 [TCP segment of a reassembled PDU]"
"27253","32.106490556","192.168.1.55","192.168.1.2","TCP","1514","8004  >  36000 [ACK] Seq=95758 Ack=144 Win=65024 Len=1448 TSval=2916036187 TSecr=3045555960 [TCP segment of a reassembled PDU]"
"27254","32.106492538","192.168.1.55","192.168.1.2","TCP","1514","8004  >  36000 [ACK] Seq=97206 Ack=144 Win=65024 Len=1448 TSval=2916036187 TSecr=3045555960 [TCP segment of a reassembled PDU]"
"27255","32.106493612","192.168.1.55","192.168.1.2","TCP","1514","8004  >  36000 [PSH, ACK] Seq=98654 Ack=144 Win=65024 Len=1448 TSval=2916036187 TSecr=3045555960 [TCP segment of a reassembled PDU]"
"27256","32.111264564","192.168.1.2","192.168.1.55","TCP","66","36000  >  8004 [ACK] Seq=144 Ack=45078 Win=89088 Len=0 TSval=3045555964 TSecr=2916036184"
"27257","32.111274527","192.168.1.55","192.168.1.2","TCP","1514","8004  >  36000 [ACK] Seq=100102 Ack=144 Win=65024 Len=1448 TSval=2916036191 TSecr=3045555964 [TCP segment of a reassembled PDU]"
"27258","32.111276786","192.168.1.55","192.168.1.2","TCP","1514","8004  >  36000 [ACK] Seq=101550 Ack=144 Win=65024 Len=1448 TSval=2916036191 TSecr=3045555964 [TCP segment of a reassembled PDU]"
"27259","32.111277878","192.168.1.55","192.168.1.2","TCP","1514","8004  >  36000 [ACK] Seq=102998 Ack=144 Win=65024 Len=1448 TSval=2916036191 TSecr=3045555964 [TCP segment of a reassembled PDU]"
"27260","32.111279064","192.168.1.55","192.168.1.2","TCP","1514","8004  >  36000 [PSH, ACK] Seq=104446 Ack=144 Win=65024 Len=1448 TSval=2916036191 TSecr=3045555964 [TCP segment of a reassembled PDU]"
"27261","32.111543046","192.168.1.2","192.168.1.55","TCP","66","36000  >  8004 [ACK] Seq=144 Ack=65350 Win=73728 Len=0 TSval=3045555964 TSecr=2916036185"
"27262","32.111555860","192.168.1.55","192.168.1.2","TCP","1514","8004  >  36000 [ACK] Seq=105894 Ack=144 Win=65024 Len=1448 TSval=2916036192 TSecr=3045555964 [TCP segment of a reassembled PDU]"
"27263","32.111557916","192.168.1.55","192.168.1.2","TCP","1514","8004  >  36000 [ACK] Seq=107342 Ack=144 Win=65024 Len=1448 TSval=2916036192 TSecr=3045555964 [TCP segment of a reassembled PDU]"
"27264","32.111559583","192.168.1.55","192.168.1.2","TCP","1514","8004  >  36000 [ACK] Seq=108790 Ack=144 Win=65024 Len=1448 TSval=2916036192 TSecr=3045555964 [TCP segment of a reassembled PDU]"
"27265","32.111560675","192.168.1.55","192.168.1.2","TCP","1514","8004  >  36000 [ACK] Seq=110238 Ack=144 Win=65024 Len=1448 TSval=2916036192 TSecr=3045555964 [TCP segment of a reassembled PDU]"
"27266","32.111561879","192.168.1.55","192.168.1.2","TCP","1514","8004  >  36000 [ACK] Seq=111686 Ack=144 Win=65024 Len=1448 TSval=2916036192 TSecr=3045555964 [TCP segment of a reassembled PDU]"
"27267","32.111563120","192.168.1.55","192.168.1.2","TCP","1514","8004  >  36000 [ACK] Seq=113134 Ack=144 Win=65024 Len=1448 TSval=2916036192 TSecr=3045555964 [TCP segment of a reassembled PDU]"
"27268","32.111564175","192.168.1.55","192.168.1.2","TCP","1514","8004  >  36000 [ACK] Seq=114582 Ack=144 Win=65024 Len=1448 TSval=2916036192 TSecr=3045555964 [TCP segment of a reassembled PDU]"
"27269","32.111565342","192.168.1.55","192.168.1.2","TCP","1514","8004  >  36000 [ACK] Seq=116030 Ack=144 Win=65024 Len=1448 TSval=2916036192 TSecr=3045555964 [TCP segment of a reassembled PDU]"
"27270","32.111566768","192.168.1.55","192.168.1.2","TCP","1514","8004  >  36000 [PSH, ACK] Seq=117478 Ack=144 Win=65024 Len=1448 TSval=2916036192 TSecr=3045555964 [TCP segment of a reassembled PDU]"
"27271","32.111572323","192.168.1.2","192.168.1.55","TCP","66","36000  >  8004 [ACK] Seq=144 Ack=76934 Win=62464 Len=0 TSval=3045555964 TSecr=2916036185"
"27272","32.111579749","192.168.1.2","192.168.1.55","TCP","66","36000  >  8004 [ACK] Seq=144 Ack=91414 Win=75776 Len=0 TSval=3045555965 TSecr=2916036187"
"27273","32.111651268","192.168.1.55","192.168.1.2","TCP","1514","8004  >  36000 [ACK] Seq=118926 Ack=144 Win=65024 Len=1448 TSval=2916036192 TSecr=3045555965 [TCP segment of a reassembled PDU]"
"27274","32.111655286","192.168.1.55","192.168.1.2","TCP","1514","8004  >  36000 [ACK] Seq=120374 Ack=144 Win=65024 Len=1448 TSval=2916036192 TSecr=3045555965 [TCP segment of a reassembled PDU]"
"27275","32.111656453","192.168.1.55","192.168.1.2","TCP","1514","8004  >  36000 [ACK] Seq=121822 Ack=144 Win=65024 Len=1448 TSval=2916036192 TSecr=3045555965 [TCP segment of a reassembled PDU]"
"27276","32.111657675","192.168.1.55","192.168.1.2","TCP","1514","8004  >  36000 [ACK] Seq=123270 Ack=144 Win=65024 Len=1448 TSval=2916036192 TSecr=3045555965 [TCP segment of a reassembled PDU]"
"27277","32.111658768","192.168.1.55","192.168.1.2","TCP","1514","8004  >  36000 [ACK] Seq=124718 Ack=144 Win=65024 Len=1448 TSval=2916036192 TSecr=3045555965 [TCP segment of a reassembled PDU]"
"27278","32.111659953","192.168.1.55","192.168.1.2","TCP","1514","8004  >  36000 [ACK] Seq=126166 Ack=144 Win=65024 Len=1448 TSval=2916036192 TSecr=3045555965 [TCP segment of a reassembled PDU]"
"27279","32.111661509","192.168.1.55","192.168.1.2","TCP","1514","8004  >  36000 [ACK] Seq=127614 Ack=144 Win=65024 Len=1448 TSval=2916036192 TSecr=3045555965 [TCP segment of a reassembled PDU]"
"27280","32.111662879","192.168.1.55","192.168.1.2","TCP","1514","8004  >  36000 [ACK] Seq=129062 Ack=144 Win=65024 Len=1448 TSval=2916036192 TSecr=3045555965 [TCP segment of a reassembled PDU]"
"27281","32.111664101","192.168.1.55","192.168.1.2","TCP","1514","8004  >  36000 [ACK] Seq=130510 Ack=144 Win=65024 Len=1448 TSval=2916036192 TSecr=3045555965 [TCP segment of a reassembled PDU]"
"27282","32.111665194","192.168.1.55","192.168.1.2","TCP","1514","8004  >  36000 [ACK] Seq=131958 Ack=144 Win=65024 Len=1448 TSval=2916036192 TSecr=3045555965 [TCP segment of a reassembled PDU]"
"27283","32.111666398","192.168.1.55","192.168.1.2","TCP","1514","8004  >  36000 [ACK] Seq=133406 Ack=144 Win=65024 Len=1448 TSval=2916036192 TSecr=3045555965 [TCP segment of a reassembled PDU]"
"27284","32.111667583","192.168.1.55","192.168.1.2","TCP","1514","8004  >  36000 [ACK] Seq=134854 Ack=144 Win=65024 Len=1448 TSval=2916036192 TSecr=3045555965 [TCP segment of a reassembled PDU]"
"27285","32.111668694","192.168.1.55","192.168.1.2","TCP","1514","8004  >  36000 [ACK] Seq=136302 Ack=144 Win=65024 Len=1448 TSval=2916036192 TSecr=3045555965 [TCP segment of a reassembled PDU]"
"27286","32.111669935","192.168.1.55","192.168.1.2","TCP","1514","8004  >  36000 [ACK] Seq=137750 Ack=144 Win=65024 Len=1448 TSval=2916036192 TSecr=3045555965 [TCP segment of a reassembled PDU]"
"27287","32.111671064","192.168.1.55","192.168.1.2","TCP","1514","8004  >  36000 [ACK] Seq=139198 Ack=144 Win=65024 Len=1448 TSval=2916036192 TSecr=3045555965 [TCP segment of a reassembled PDU]"
"27288","32.111672212","192.168.1.55","192.168.1.2","TCP","1514","8004  >  36000 [ACK] Seq=140646 Ack=144 Win=65024 Len=1448 TSval=2916036192 TSecr=3045555965 [TCP segment of a reassembled PDU]"
"27289","32.111673472","192.168.1.55","192.168.1.2","TCP","1514","8004  >  36000 [ACK] Seq=142094 Ack=144 Win=65024 Len=1448 TSval=2916036192 TSecr=3045555965 [TCP segment of a reassembled PDU]"
"27290","32.111674546","192.168.1.55","192.168.1.2","TCP","1514","8004  >  36000 [ACK] Seq=143542 Ack=144 Win=65024 Len=1448 TSval=2916036192 TSecr=3045555965 [TCP segment of a reassembled PDU]"
"27291","32.111675712","192.168.1.55","192.168.1.2","TCP","1514","8004  >  36000 [ACK] Seq=144990 Ack=144 Win=65024 Len=1448 TSval=2916036192 TSecr=3045555965 [TCP segment of a reassembled PDU]"
"27292","32.111677546","192.168.1.55","192.168.1.2","TCP","1514","8004  >  36000 [ACK] Seq=146438 Ack=144 Win=65024 Len=1448 TSval=2916036192 TSecr=3045555965 [TCP segment of a reassembled PDU]"
"27293","32.111678657","192.168.1.55","192.168.1.2","TCP","1514","8004  >  36000 [ACK] Seq=147886 Ack=144 Win=65024 Len=1448 TSval=2916036192 TSecr=3045555965 [TCP segment of a reassembled PDU]"
"27294","32.111679953","192.168.1.55","192.168.1.2","TCP","1514","8004  >  36000 [ACK] Seq=149334 Ack=144 Win=65024 Len=1448 TSval=2916036192 TSecr=3045555965 [TCP segment of a reassembled PDU]"
"27295","32.111681138","192.168.1.55","192.168.1.2","TCP","1514","8004  >  36000 [ACK] Seq=150782 Ack=144 Win=65024 Len=1448 TSval=2916036192 TSecr=3045555965 [TCP segment of a reassembled PDU]"
"27296","32.111682231","192.168.1.55","192.168.1.2","TCP","1514","8004  >  36000 [ACK] Seq=152230 Ack=144 Win=65024 Len=1448 TSval=2916036192 TSecr=3045555965 [TCP segment of a reassembled PDU]"
"27297","32.111683342","192.168.1.55","192.168.1.2","TCP","1514","8004  >  36000 [ACK] Seq=153678 Ack=144 Win=65024 Len=1448 TSval=2916036192 TSecr=3045555965 [TCP segment of a reassembled PDU]"
"27298","32.111684657","192.168.1.55","192.168.1.2","TCP","1514","8004  >  36000 [ACK] Seq=155126 Ack=144 Win=65024 Len=1448 TSval=2916036192 TSecr=3045555965 [TCP segment of a reassembled PDU]"
"27299","32.111685824","192.168.1.55","192.168.1.2","TCP","1514","8004  >  36000 [ACK] Seq=156574 Ack=144 Win=65024 Len=1448 TSval=2916036192 TSecr=3045555965 [TCP segment of a reassembled PDU]"
"27300","32.111686935","192.168.1.55","192.168.1.2","TCP","1514","8004  >  36000 [ACK] Seq=158022 Ack=144 Win=65024 Len=1448 TSval=2916036192 TSecr=3045555965 [TCP segment of a reassembled PDU]"
"27301","32.111688249","192.168.1.55","192.168.1.2","TCP","1514","8004  >  36000 [PSH, ACK] Seq=159470 Ack=144 Win=65024 Len=1448 TSval=2916036192 TSecr=3045555965 [TCP segment of a reassembled PDU]"
"27302","32.111706453","192.168.1.2","192.168.1.55","TCP","66","36000  >  8004 [ACK] Seq=144 Ack=94310 Win=88064 Len=0 TSval=3045555966 TSecr=2916036187"
"27303","32.111712638","192.168.1.2","192.168.1.55","TCP","66","36000  >  8004 [ACK] Seq=144 Ack=100102 Win=86016 Len=0 TSval=3045555966 TSecr=2916036187"
"27304","32.111743453","192.168.1.55","192.168.1.2","TCP","1514","8004  >  36000 [ACK] Seq=160918 Ack=144 Win=65024 Len=1448 TSval=2916036192 TSecr=3045555966 [TCP segment of a reassembled PDU]"
"27305","32.111745879","192.168.1.55","192.168.1.2","TCP","1514","8004  >  36000 [ACK] Seq=162366 Ack=144 Win=65024 Len=1448 TSval=2916036192 TSecr=3045555966 [TCP segment of a reassembled PDU]"
"27306","32.111747157","192.168.1.55","192.168.1.2","TCP","1514","8004  >  36000 [ACK] Seq=163814 Ack=144 Win=65024 Len=1448 TSval=2916036192 TSecr=3045555966 [TCP segment of a reassembled PDU]"
"27307","32.111748305","192.168.1.55","192.168.1.2","TCP","1514","8004  >  36000 [ACK] Seq=165262 Ack=144 Win=65024 Len=1448 TSval=2916036192 TSecr=3045555966 [TCP segment of a reassembled PDU]"
"27308","32.111749435","192.168.1.55","192.168.1.2","TCP","1514","8004  >  36000 [ACK] Seq=166710 Ack=144 Win=65024 Len=1448 TSval=2916036192 TSecr=3045555966 [TCP segment of a reassembled PDU]"
"27309","32.111750842","192.168.1.55","192.168.1.2","TCP","1514","8004  >  36000 [ACK] Seq=168158 Ack=144 Win=65024 Len=1448 TSval=2916036192 TSecr=3045555966 [TCP segment of a reassembled PDU]"
"27310","32.111752138","192.168.1.55","192.168.1.2","TCP","1514","8004  >  36000 [ACK] Seq=169606 Ack=144 Win=65024 Len=1448 TSval=2916036192 TSecr=3045555966 [TCP segment of a reassembled PDU]"
"27311","32.111753435","192.168.1.55","192.168.1.2","TCP","1514","8004  >  36000 [ACK] Seq=171054 Ack=144 Win=65024 Len=1448 TSval=2916036192 TSecr=3045555966 [TCP segment of a reassembled PDU]"
"27312","32.111754657","192.168.1.55","192.168.1.2","TCP","1514","8004  >  36000 [ACK] Seq=172502 Ack=144 Win=65024 Len=1448 TSval=2916036192 TSecr=3045555966 [TCP segment of a reassembled PDU]"
"27313","32.111755768","192.168.1.55","192.168.1.2","TCP","1514","8004  >  36000 [ACK] Seq=173950 Ack=144 Win=65024 Len=1448 TSval=2916036192 TSecr=3045555966 [TCP segment of a reassembled PDU]"
"27314","32.111756990","192.168.1.55","192.168.1.2","TCP","1514","8004  >  36000 [ACK] Seq=175398 Ack=144 Win=65024 Len=1448 TSval=2916036192 TSecr=3045555966 [TCP segment of a reassembled PDU]"
"27315","32.111758157","192.168.1.55","192.168.1.2","TCP","1514","8004  >  36000 [ACK] Seq=176846 Ack=144 Win=65024 Len=1448 TSval=2916036192 TSecr=3045555966 [TCP segment of a reassembled PDU]"
"27316","32.111759490","192.168.1.55","192.168.1.2","TCP","1514","8004  >  36000 [ACK] Seq=178294 Ack=144 Win=65024 Len=1448 TSval=2916036192 TSecr=3045555966 [TCP segment of a reassembled PDU]"
"27317","32.111760620","192.168.1.55","192.168.1.2","TCP","1514","8004  >  36000 [ACK] Seq=179742 Ack=144 Win=65024 Len=1448 TSval=2916036192 TSecr=3045555966 [TCP segment of a reassembled PDU]"
"27318","32.111761713","192.168.1.55","192.168.1.2","TCP","1514","8004  >  36000 [ACK] Seq=181190 Ack=144 Win=65024 Len=1448 TSval=2916036192 TSecr=3045555966 [TCP segment of a reassembled PDU]"
"27319","32.111763213","192.168.1.55","192.168.1.2","TCP","1514","8004  >  36000 [ACK] Seq=182638 Ack=144 Win=65024 Len=1448 TSval=2916036192 TSecr=3045555966 [TCP segment of a reassembled PDU]"
"27320","32.111764509","192.168.1.55","192.168.1.2","TCP","1514","8004  >  36000 [ACK] Seq=184086 Ack=144 Win=65024 Len=1448 TSval=2916036192 TSecr=3045555966 [TCP segment of a reassembled PDU]"
"27321","32.111765638","192.168.1.55","192.168.1.2","TCP","650","[TCP Window Full] 8004  >  36000 [PSH, ACK] Seq=185534 Ack=144 Win=65024 Len=584 TSval=2916036192 TSecr=3045555966 [TCP segment of a reassembled PDU]"
"27322","32.118224408","192.168.1.2","192.168.1.55","TCP","66","36000  >  8004 [ACK] Seq=144 Ack=105894 Win=83968 Len=0 TSval=3045555968 TSecr=2916036191"
"27323","32.118245056","192.168.1.55","192.168.1.2","TCP","1514","8004  >  36000 [ACK] Seq=186118 Ack=144 Win=65024 Len=1448 TSval=2916036198 TSecr=3045555968 [TCP segment of a reassembled PDU]"
"27324","32.118248593","192.168.1.55","192.168.1.2","TCP","1514","8004  >  36000 [PSH, ACK] Seq=187566 Ack=144 Win=65024 Len=1448 TSval=2916036198 TSecr=3045555968 [TCP segment of a reassembled PDU]"
"27325","32.118457205","192.168.1.2","192.168.1.55","TCP","66","36000  >  8004 [ACK] Seq=144 Ack=118926 Win=107520 Len=0 TSval=3045555972 TSecr=2916036192"
"27326","32.118476556","192.168.1.55","192.168.1.2","TCP","1514","8004  >  36000 [ACK] Seq=189014 Ack=144 Win=65024 Len=1448 TSval=2916036199 TSecr=3045555972 [TCP segment of a reassembled PDU]"
"27327","32.118478816","192.168.1.55","192.168.1.2","TCP","1514","8004  >  36000 [ACK] Seq=190462 Ack=144 Win=65024 Len=1448 TSval=2916036199 TSecr=3045555972 [TCP segment of a reassembled PDU]"
"27328","32.118480075","192.168.1.55","192.168.1.2","TCP","1514","8004  >  36000 [ACK] Seq=191910 Ack=144 Win=65024 Len=1448 TSval=2916036199 TSecr=3045555972 [TCP segment of a reassembled PDU]"
"27329","32.118481427","192.168.1.55","192.168.1.2","TCP","1514","8004  >  36000 [ACK] Seq=193358 Ack=144 Win=65024 Len=1448 TSval=2916036199 TSecr=3045555972 [TCP segment of a reassembled PDU]"
"27330","32.118482649","192.168.1.55","192.168.1.2","TCP","1514","8004  >  36000 [ACK] Seq=194806 Ack=144 Win=65024 Len=1448 TSval=2916036199 TSecr=3045555972 [TCP segment of a reassembled PDU]"
"27331","32.118483871","192.168.1.55","192.168.1.2","TCP","1514","8004  >  36000 [ACK] Seq=196254 Ack=144 Win=65024 Len=1448 TSval=2916036199 TSecr=3045555972 [TCP segment of a reassembled PDU]"
"27332","32.118485186","192.168.1.55","192.168.1.2","TCP","1514","8004  >  36000 [ACK] Seq=197702 Ack=144 Win=65024 Len=1448 TSval=2916036199 TSecr=3045555972 [TCP segment of a reassembled PDU]"
"27333","32.118486408","192.168.1.55","192.168.1.2","TCP","1514","8004  >  36000 [ACK] Seq=199150 Ack=144 Win=65024 Len=1448 TSval=2916036199 TSecr=3045555972 [TCP segment of a reassembled PDU]"
"27334","32.118487779","192.168.1.55","192.168.1.2","TCP","1514","8004  >  36000 [ACK] Seq=200598 Ack=144 Win=65024 Len=1448 TSval=2916036199 TSecr=3045555972 [TCP segment of a reassembled PDU]"
"27335","32.118488982","192.168.1.55","192.168.1.2","TCP","1514","8004  >  36000 [ACK] Seq=202046 Ack=144 Win=65024 Len=1448 TSval=2916036199 TSecr=3045555972 [TCP segment of a reassembled PDU]"
"27336","32.118490205","192.168.1.55","192.168.1.2","TCP","1514","8004  >  36000 [PSH, ACK] Seq=203494 Ack=144 Win=65024 Len=1448 TSval=2916036199 TSecr=3045555972 [TCP segment of a reassembled PDU]"
"27337","32.118495205","192.168.1.55","192.168.1.2","TCP","930","8004  >  36000 [PSH, ACK] Seq=204942 Ack=144 Win=65024 Len=864 TSval=2916036199 TSecr=3045555972 [TCP segment of a reassembled PDU]"
"27338","32.118498871","192.168.1.2","192.168.1.55","TCP","66","36000  >  8004 [ACK] Seq=144 Ack=160918 Win=81920 Len=0 TSval=3045555972 TSecr=2916036192"
"27339","32.118531797","192.168.1.55","192.168.1.2","TCP","1514","8004  >  36000 [ACK] Seq=205806 Ack=144 Win=65024 Len=1448 TSval=2916036199 TSecr=3045555972 [TCP segment of a reassembled PDU]"
"27340","32.118533668","192.168.1.55","192.168.1.2","TCP","1514","8004  >  36000 [ACK] Seq=207254 Ack=144 Win=65024 Len=1448 TSval=2916036199 TSecr=3045555972 [TCP segment of a reassembled PDU]"
"27341","32.118535020","192.168.1.55","192.168.1.2","TCP","1514","8004  >  36000 [ACK] Seq=208702 Ack=144 Win=65024 Len=1448 TSval=2916036199 TSecr=3045555972 [TCP segment of a reassembled PDU]"
"27342","32.118536242","192.168.1.55","192.168.1.2","TCP","1514","8004  >  36000 [ACK] Seq=210150 Ack=144 Win=65024 Len=1448 TSval=2916036199 TSecr=3045555972 [TCP segment of a reassembled PDU]"
"27343","32.118537631","192.168.1.55","192.168.1.2","TCP","1514","8004  >  36000 [ACK] Seq=211598 Ack=144 Win=65024 Len=1448 TSval=2916036199 TSecr=3045555972 [TCP segment of a reassembled PDU]"
"27344","32.118539001","192.168.1.55","192.168.1.2","TCP","1514","8004  >  36000 [ACK] Seq=213046 Ack=144 Win=65024 Len=1448 TSval=2916036199 TSecr=3045555972 [TCP segment of a reassembled PDU]"
"27345","32.118540186","192.168.1.55","192.168.1.2","TCP","1514","8004  >  36000 [ACK] Seq=214494 Ack=144 Win=65024 Len=1448 TSval=2916036199 TSecr=3045555972 [TCP segment of a reassembled PDU]"
"27346","32.118541483","192.168.1.55","192.168.1.2","TCP","1514","8004  >  36000 [ACK] Seq=215942 Ack=144 Win=65024 Len=1448 TSval=2916036199 TSecr=3045555972 [TCP segment of a reassembled PDU]"
"27347","32.118542705","192.168.1.55","192.168.1.2","TCP","1514","8004  >  36000 [ACK] Seq=217390 Ack=144 Win=65024 Len=1448 TSval=2916036199 TSecr=3045555972 [TCP segment of a reassembled PDU]"
"27348","32.118544020","192.168.1.55","192.168.1.2","TCP","1514","8004  >  36000 [ACK] Seq=218838 Ack=144 Win=65024 Len=1448 TSval=2916036199 TSecr=3045555972 [TCP segment of a reassembled PDU]"
"27349","32.118545205","192.168.1.55","192.168.1.2","TCP","1514","8004  >  36000 [ACK] Seq=220286 Ack=144 Win=65024 Len=1448 TSval=2916036199 TSecr=3045555972 [TCP segment of a reassembled PDU]"
"27350","32.118546408","192.168.1.55","192.168.1.2","TCP","1514","8004  >  36000 [ACK] Seq=221734 Ack=144 Win=65024 Len=1448 TSval=2916036199 TSecr=3045555972 [TCP segment of a reassembled PDU]"
"27351","32.118547908","192.168.1.55","192.168.1.2","TCP","1514","8004  >  36000 [ACK] Seq=223182 Ack=144 Win=65024 Len=1448 TSval=2916036199 TSecr=3045555972 [TCP segment of a reassembled PDU]"
"27352","32.118549112","192.168.1.55","192.168.1.2","TCP","1514","8004  >  36000 [ACK] Seq=224630 Ack=144 Win=65024 Len=1448 TSval=2916036199 TSecr=3045555972 [TCP segment of a reassembled PDU]"
"27353","32.118550390","192.168.1.55","192.168.1.2","TCP","1514","8004  >  36000 [ACK] Seq=226078 Ack=144 Win=65024 Len=1448 TSval=2916036199 TSecr=3045555972 [TCP segment of a reassembled PDU]"
"27354","32.118551983","192.168.1.55","192.168.1.2","TCP","1514","8004  >  36000 [ACK] Seq=227526 Ack=144 Win=65024 Len=1448 TSval=2916036199 TSecr=3045555972 [TCP segment of a reassembled PDU]"
"27355","32.118553186","192.168.1.55","192.168.1.2","TCP","1514","8004  >  36000 [ACK] Seq=228974 Ack=144 Win=65024 Len=1448 TSval=2916036199 TSecr=3045555972 [TCP segment of a reassembled PDU]"
"27356","32.118554760","192.168.1.55","192.168.1.2","TCP","1514","8004  >  36000 [ACK] Seq=230422 Ack=144 Win=65024 Len=1448 TSval=2916036199 TSecr=3045555972 [TCP segment of a reassembled PDU]"
"27357","32.118556112","192.168.1.55","192.168.1.2","TCP","1514","8004  >  36000 [ACK] Seq=231870 Ack=144 Win=65024 Len=1448 TSval=2916036199 TSecr=3045555972 [TCP segment of a reassembled PDU]"
"27358","32.118557483","192.168.1.55","192.168.1.2","TCP","1514","8004  >  36000 [ACK] Seq=233318 Ack=144 Win=65024 Len=1448 TSval=2916036199 TSecr=3045555972 [TCP segment of a reassembled PDU]"
"27359","32.118558705","192.168.1.55","192.168.1.2","TCP","1514","8004  >  36000 [ACK] Seq=234766 Ack=144 Win=65024 Len=1448 TSval=2916036199 TSecr=3045555972 [TCP segment of a reassembled PDU]"
"27360","32.118560038","192.168.1.55","192.168.1.2","TCP","1514","8004  >  36000 [ACK] Seq=236214 Ack=144 Win=65024 Len=1448 TSval=2916036199 TSecr=3045555972 [TCP segment of a reassembled PDU]"
"27361","32.118561427","192.168.1.55","192.168.1.2","TCP","1514","8004  >  36000 [ACK] Seq=237662 Ack=144 Win=65024 Len=1448 TSval=2916036199 TSecr=3045555972 [TCP segment of a reassembled PDU]"
"27362","32.118562631","192.168.1.55","192.168.1.2","TCP","1514","8004  >  36000 [ACK] Seq=239110 Ack=144 Win=65024 Len=1448 TSval=2916036199 TSecr=3045555972 [TCP segment of a reassembled PDU]"
"27363","32.118563853","192.168.1.55","192.168.1.2","TCP","1514","8004  >  36000 [PSH, ACK] Seq=240558 Ack=144 Win=65024 Len=1448 TSval=2916036199 TSecr=3045555972 [TCP segment of a reassembled PDU]"
"27364","32.118568149","192.168.1.2","192.168.1.55","TCP","66","36000  >  8004 [ACK] Seq=144 Ack=178294 Win=104448 Len=0 TSval=3045555972 TSecr=2916036192"
"27365","32.118582594","192.168.1.55","192.168.1.2","TCP","1514","8004  >  36000 [ACK] Seq=242006 Ack=144 Win=65024 Len=1448 TSval=2916036199 TSecr=3045555972 [TCP segment of a reassembled PDU]"
"27366","32.118584446","192.168.1.55","192.168.1.2","TCP","1514","8004  >  36000 [ACK] Seq=243454 Ack=144 Win=65024 Len=1448 TSval=2916036199 TSecr=3045555972 [TCP segment of a reassembled PDU]"
"27367","32.118585742","192.168.1.55","192.168.1.2","TCP","1514","8004  >  36000 [ACK] Seq=244902 Ack=144 Win=65024 Len=1448 TSval=2916036199 TSecr=3045555972 [TCP segment of a reassembled PDU]"
"27368","32.118586946","192.168.1.55","192.168.1.2","TCP","1514","8004  >  36000 [ACK] Seq=246350 Ack=144 Win=65024 Len=1448 TSval=2916036199 TSecr=3045555972 [TCP segment of a reassembled PDU]"
"27369","32.118588168","192.168.1.55","192.168.1.2","TCP","1514","8004  >  36000 [ACK] Seq=247798 Ack=144 Win=65024 Len=1448 TSval=2916036199 TSecr=3045555972 [TCP segment of a reassembled PDU]"
"27370","32.118589371","192.168.1.55","192.168.1.2","TCP","1514","8004  >  36000 [PSH, ACK] Seq=249246 Ack=144 Win=65024 Len=1448 TSval=2916036199 TSecr=3045555972 [TCP segment of a reassembled PDU]"
"27371","32.122955397","192.168.1.2","192.168.1.55","TCP","66","36000  >  8004 [ACK] Seq=144 Ack=186118 Win=112640 Len=0 TSval=3045555974 TSecr=2916036192"
"27372","32.122996397","192.168.1.55","192.168.1.2","TCP","1514","8004  >  36000 [ACK] Seq=250694 Ack=144 Win=65024 Len=1448 TSval=2916036203 TSecr=3045555974 [TCP segment of a reassembled PDU]"
"27373","32.122999582","192.168.1.55","192.168.1.2","TCP","1514","8004  >  36000 [ACK] Seq=252142 Ack=144 Win=65024 Len=1448 TSval=2916036203 TSecr=3045555974 [TCP segment of a reassembled PDU]"
"27374","32.123000860","192.168.1.55","192.168.1.2","TCP","1514","8004  >  36000 [ACK] Seq=253590 Ack=144 Win=65024 Len=1448 TSval=2916036203 TSecr=3045555974 [TCP segment of a reassembled PDU]"
"27375","32.123002138","192.168.1.55","192.168.1.2","TCP","1514","8004  >  36000 [ACK] Seq=255038 Ack=144 Win=65024 Len=1448 TSval=2916036203 TSecr=3045555974 [TCP segment of a reassembled PDU]"
"27376","32.123003378","192.168.1.55","192.168.1.2","TCP","1514","8004  >  36000 [ACK] Seq=256486 Ack=144 Win=65024 Len=1448 TSval=2916036203 TSecr=3045555974 [TCP segment of a reassembled PDU]"
"27377","32.123004675","192.168.1.55","192.168.1.2","TCP","1514","8004  >  36000 [ACK] Seq=257934 Ack=144 Win=65024 Len=1448 TSval=2916036203 TSecr=3045555974 [TCP segment of a reassembled PDU]"
"27378","32.123005990","192.168.1.55","192.168.1.2","TCP","1514","8004  >  36000 [ACK] Seq=259382 Ack=144 Win=65024 Len=1448 TSval=2916036203 TSecr=3045555974 [TCP segment of a reassembled PDU]"
"27379","32.123007193","192.168.1.55","192.168.1.2","TCP","1514","8004  >  36000 [ACK] Seq=260830 Ack=144 Win=65024 Len=1448 TSval=2916036203 TSecr=3045555974 [TCP segment of a reassembled PDU]"
"27380","32.123008416","192.168.1.55","192.168.1.2","TCP","1514","8004  >  36000 [ACK] Seq=262278 Ack=144 Win=65024 Len=1448 TSval=2916036203 TSecr=3045555974 [TCP segment of a reassembled PDU]"
"27381","32.123009656","192.168.1.55","192.168.1.2","TCP","1514","8004  >  36000 [ACK] Seq=263726 Ack=144 Win=65024 Len=1448 TSval=2916036203 TSecr=3045555974 [TCP segment of a reassembled PDU]"
"27382","32.123011101","192.168.1.55","192.168.1.2","TCP","1514","8004  >  36000 [ACK] Seq=265174 Ack=144 Win=65024 Len=1448 TSval=2916036203 TSecr=3045555974 [TCP segment of a reassembled PDU]"
"27383","32.123012508","192.168.1.55","192.168.1.2","TCP","1514","8004  >  36000 [ACK] Seq=266622 Ack=144 Win=65024 Len=1448 TSval=2916036203 TSecr=3045555974 [TCP segment of a reassembled PDU]"
"27384","32.123013841","192.168.1.55","192.168.1.2","TCP","1514","8004  >  36000 [ACK] Seq=268070 Ack=144 Win=65024 Len=1448 TSval=2916036203 TSecr=3045555974 [TCP segment of a reassembled PDU]"
"27385","32.123015267","192.168.1.55","192.168.1.2","TCP","1514","8004  >  36000 [ACK] Seq=269518 Ack=144 Win=65024 Len=1448 TSval=2916036203 TSecr=3045555974 [TCP segment of a reassembled PDU]"
"27386","32.123016730","192.168.1.55","192.168.1.2","TCP","1514","8004  >  36000 [ACK] Seq=270966 Ack=144 Win=65024 Len=1448 TSval=2916036203 TSecr=3045555974 [TCP segment of a reassembled PDU]"
"27387","32.123018119","192.168.1.55","192.168.1.2","TCP","1514","8004  >  36000 [ACK] Seq=272414 Ack=144 Win=65024 Len=1448 TSval=2916036203 TSecr=3045555974 [TCP segment of a reassembled PDU]"
"27388","32.123019434","192.168.1.55","192.168.1.2","TCP","1514","8004  >  36000 [ACK] Seq=273862 Ack=144 Win=65024 Len=1448 TSval=2916036203 TSecr=3045555974 [TCP segment of a reassembled PDU]"
"27389","32.123020712","192.168.1.55","192.168.1.2","TCP","1514","8004  >  36000 [ACK] Seq=275310 Ack=144 Win=65024 Len=1448 TSval=2916036203 TSecr=3045555974 [TCP segment of a reassembled PDU]"
"27390","32.123021897","192.168.1.55","192.168.1.2","TCP","1514","8004  >  36000 [ACK] Seq=276758 Ack=144 Win=65024 Len=1448 TSval=2916036203 TSecr=3045555974 [TCP segment of a reassembled PDU]"
"27391","32.123023434","192.168.1.55","192.168.1.2","TCP","1514","8004  >  36000 [ACK] Seq=278206 Ack=144 Win=65024 Len=1448 TSval=2916036203 TSecr=3045555974 [TCP segment of a reassembled PDU]"
"27392","32.123024749","192.168.1.55","192.168.1.2","TCP","1514","8004  >  36000 [ACK] Seq=279654 Ack=144 Win=65024 Len=1448 TSval=2916036203 TSecr=3045555974 [TCP segment of a reassembled PDU]"
"27393","32.123026119","192.168.1.55","192.168.1.2","TCP","1514","8004  >  36000 [ACK] Seq=281102 Ack=144 Win=65024 Len=1448 TSval=2916036203 TSecr=3045555974 [TCP segment of a reassembled PDU]"
"27394","32.123027508","192.168.1.55","192.168.1.2","TCP","1514","8004  >  36000 [ACK] Seq=282550 Ack=144 Win=65024 Len=1448 TSval=2916036203 TSecr=3045555974 [TCP segment of a reassembled PDU]"
"27395","32.123028878","192.168.1.55","192.168.1.2","TCP","1514","8004  >  36000 [ACK] Seq=283998 Ack=144 Win=65024 Len=1448 TSval=2916036203 TSecr=3045555974 [TCP segment of a reassembled PDU]"
"27396","32.123030175","192.168.1.55","192.168.1.2","TCP","1514","8004  >  36000 [ACK] Seq=285446 Ack=144 Win=65024 Len=1448 TSval=2916036203 TSecr=3045555974 [TCP segment of a reassembled PDU]"
"27397","32.123031397","192.168.1.55","192.168.1.2","TCP","1514","8004  >  36000 [ACK] Seq=286894 Ack=144 Win=65024 Len=1448 TSval=2916036203 TSecr=3045555974 [TCP segment of a reassembled PDU]"
"27398","32.123032953","192.168.1.55","192.168.1.2","TCP","1514","8004  >  36000 [ACK] Seq=288342 Ack=144 Win=65024 Len=1448 TSval=2916036203 TSecr=3045555974 [TCP segment of a reassembled PDU]"
"27399","32.123034267","192.168.1.55","192.168.1.2","TCP","1514","8004  >  36000 [ACK] Seq=289790 Ack=144 Win=65024 Len=1448 TSval=2916036203 TSecr=3045555974 [TCP segment of a reassembled PDU]"
"27400","32.123035693","192.168.1.55","192.168.1.2","TCP","1514","8004  >  36000 [ACK] Seq=291238 Ack=144 Win=65024 Len=1448 TSval=2916036203 TSecr=3045555974 [TCP segment of a reassembled PDU]"
"27401","32.123037045","192.168.1.55","192.168.1.2","TCP","1514","8004  >  36000 [ACK] Seq=292686 Ack=144 Win=65024 Len=1448 TSval=2916036203 TSecr=3045555974 [TCP segment of a reassembled PDU]"
"27402","32.123038323","192.168.1.55","192.168.1.2","TCP","1514","8004  >  36000 [PSH, ACK] Seq=294134 Ack=144 Win=65024 Len=1448 TSval=2916036203 TSecr=3045555974 [TCP segment of a reassembled PDU]"
"27403","32.125876864","192.168.1.2","192.168.1.55","TCP","66","36000  >  8004 [ACK] Seq=144 Ack=189014 Win=117760 Len=0 TSval=3045555977 TSecr=2916036198"
"27404","32.125892365","192.168.1.55","192.168.1.2","TCP","1514","8004  >  36000 [ACK] Seq=295582 Ack=144 Win=65024 Len=1448 TSval=2916036206 TSecr=3045555977 [TCP segment of a reassembled PDU]"
"27405","32.125898790","192.168.1.55","192.168.1.2","TCP","1514","8004  >  36000 [ACK] Seq=297030 Ack=144 Win=65024 Len=1448 TSval=2916036206 TSecr=3045555977 [TCP segment of a reassembled PDU]"
"27406","32.125900383","192.168.1.55","192.168.1.2","TCP","1514","8004  >  36000 [ACK] Seq=298478 Ack=144 Win=65024 Len=1448 TSval=2916036206 TSecr=3045555977 [TCP segment of a reassembled PDU]"
"27407","32.125901846","192.168.1.55","192.168.1.2","TCP","1514","8004  >  36000 [ACK] Seq=299926 Ack=144 Win=65024 Len=1448 TSval=2916036206 TSecr=3045555977 [TCP segment of a reassembled PDU]"
"27408","32.125903142","192.168.1.55","192.168.1.2","TCP","1514","8004  >  36000 [ACK] Seq=301374 Ack=144 Win=65024 Len=1448 TSval=2916036206 TSecr=3045555977 [TCP segment of a reassembled PDU]"
"27409","32.125904402","192.168.1.55","192.168.1.2","TCP","1514","8004  >  36000 [ACK] Seq=302822 Ack=144 Win=65024 Len=1448 TSval=2916036206 TSecr=3045555977 [TCP segment of a reassembled PDU]"
"27410","32.125905661","192.168.1.55","192.168.1.2","TCP","1514","8004  >  36000 [PSH, ACK] Seq=304270 Ack=144 Win=65024 Len=1448 TSval=2916036206 TSecr=3045555977 [TCP segment of a reassembled PDU]"
"27411","32.127014977","192.168.1.2","192.168.1.55","TCP","66","36000  >  8004 [ACK] Seq=144 Ack=204942 Win=117760 Len=0 TSval=3045555977 TSecr=2916036199"
"27412","32.127045681","192.168.1.55","192.168.1.2","TCP","1514","8004  >  36000 [ACK] Seq=305718 Ack=144 Win=65024 Len=1448 TSval=2916036207 TSecr=3045555977 [TCP segment of a reassembled PDU]"
"27413","32.127050163","192.168.1.55","192.168.1.2","TCP","1514","8004  >  36000 [ACK] Seq=307166 Ack=144 Win=65024 Len=1448 TSval=2916036207 TSecr=3045555977 [TCP segment of a reassembled PDU]"
"27414","32.127052070","192.168.1.55","192.168.1.2","TCP","1514","8004  >  36000 [ACK] Seq=308614 Ack=144 Win=65024 Len=1448 TSval=2916036207 TSecr=3045555977 [TCP segment of a reassembled PDU]"
"27415","32.127053922","192.168.1.55","192.168.1.2","TCP","1514","8004  >  36000 [ACK] Seq=310062 Ack=144 Win=65024 Len=1448 TSval=2916036207 TSecr=3045555977 [TCP segment of a reassembled PDU]"
"27416","32.127055903","192.168.1.55","192.168.1.2","TCP","1514","8004  >  36000 [ACK] Seq=311510 Ack=144 Win=65024 Len=1448 TSval=2916036207 TSecr=3045555977 [TCP segment of a reassembled PDU]"
"27417","32.127057459","192.168.1.55","192.168.1.2","TCP","1514","8004  >  36000 [ACK] Seq=312958 Ack=144 Win=65024 Len=1448 TSval=2916036207 TSecr=3045555977 [TCP segment of a reassembled PDU]"
"27418","32.127058903","192.168.1.55","192.168.1.2","TCP","1514","8004  >  36000 [ACK] Seq=314406 Ack=144 Win=65024 Len=1448 TSval=2916036207 TSecr=3045555977 [TCP segment of a reassembled PDU]"
"27419","32.127060329","192.168.1.55","192.168.1.2","TCP","1514","8004  >  36000 [ACK] Seq=315854 Ack=144 Win=65024 Len=1448 TSval=2916036207 TSecr=3045555977 [TCP segment of a reassembled PDU]"
"27420","32.127061792","192.168.1.55","192.168.1.2","TCP","1514","8004  >  36000 [ACK] Seq=317302 Ack=144 Win=65024 Len=1448 TSval=2916036207 TSecr=3045555977 [TCP segment of a reassembled PDU]"
"27421","32.127063200","192.168.1.55","192.168.1.2","TCP","1514","8004  >  36000 [ACK] Seq=318750 Ack=144 Win=65024 Len=1448 TSval=2916036207 TSecr=3045555977 [TCP segment of a reassembled PDU]"
"27422","32.127064644","192.168.1.55","192.168.1.2","TCP","1514","8004  >  36000 [PSH, ACK] Seq=320198 Ack=144 Win=65024 Len=1448 TSval=2916036207 TSecr=3045555977 [TCP segment of a reassembled PDU]"
"27423","32.127070496","192.168.1.2","192.168.1.55","TCP","66","36000  >  8004 [ACK] Seq=144 Ack=205806 Win=120832 Len=0 TSval=3045555978 TSecr=2916036199"
"27424","32.127078070","192.168.1.2","192.168.1.55","TCP","66","36000  >  8004 [ACK] Seq=144 Ack=231870 Win=115712 Len=0 TSval=3045555978 TSecr=2916036199"
"27425","32.127099737","192.168.1.55","192.168.1.2","TCP","1514","8004  >  36000 [ACK] Seq=321646 Ack=144 Win=65024 Len=1448 TSval=2916036207 TSecr=3045555978 [TCP segment of a reassembled PDU]"
"27426","32.127101663","192.168.1.55","192.168.1.2","TCP","1514","8004  >  36000 [ACK] Seq=323094 Ack=144 Win=65024 Len=1448 TSval=2916036207 TSecr=3045555978 [TCP segment of a reassembled PDU]"
"27427","32.127102959","192.168.1.55","192.168.1.2","TCP","1514","8004  >  36000 [ACK] Seq=324542 Ack=144 Win=65024 Len=1448 TSval=2916036207 TSecr=3045555978 [TCP segment of a reassembled PDU]"
"27428","32.127104329","192.168.1.55","192.168.1.2","TCP","1514","8004  >  36000 [ACK] Seq=325990 Ack=144 Win=65024 Len=1448 TSval=2916036207 TSecr=3045555978 [TCP segment of a reassembled PDU]"
"27429","32.127105941","192.168.1.55","192.168.1.2","TCP","1514","8004  >  36000 [ACK] Seq=327438 Ack=144 Win=65024 Len=1448 TSval=2916036207 TSecr=3045555978 [TCP segment of a reassembled PDU]"
"27430","32.127107311","192.168.1.55","192.168.1.2","TCP","1514","8004  >  36000 [ACK] Seq=328886 Ack=144 Win=65024 Len=1448 TSval=2916036207 TSecr=3045555978 [TCP segment of a reassembled PDU]"
"27431","32.127108829","192.168.1.55","192.168.1.2","TCP","1514","8004  >  36000 [ACK] Seq=330334 Ack=144 Win=65024 Len=1448 TSval=2916036207 TSecr=3045555978 [TCP segment of a reassembled PDU]"
"27432","32.127110126","192.168.1.55","192.168.1.2","TCP","1514","8004  >  36000 [ACK] Seq=331782 Ack=144 Win=65024 Len=1448 TSval=2916036207 TSecr=3045555978 [TCP segment of a reassembled PDU]"
"27433","32.127111496","192.168.1.55","192.168.1.2","TCP","1514","8004  >  36000 [ACK] Seq=333230 Ack=144 Win=65024 Len=1448 TSval=2916036207 TSecr=3045555978 [TCP segment of a reassembled PDU]"
"27434","32.127112829","192.168.1.55","192.168.1.2","TCP","1514","8004  >  36000 [ACK] Seq=334678 Ack=144 Win=65024 Len=1448 TSval=2916036207 TSecr=3045555978 [TCP segment of a reassembled PDU]"
"27435","32.127114811","192.168.1.55","192.168.1.2","TCP","1514","8004  >  36000 [ACK] Seq=336126 Ack=144 Win=65024 Len=1448 TSval=2916036207 TSecr=3045555978 [TCP segment of a reassembled PDU]"
"27436","32.127116163","192.168.1.55","192.168.1.2","TCP","1514","8004  >  36000 [ACK] Seq=337574 Ack=144 Win=65024 Len=1448 TSval=2916036207 TSecr=3045555978 [TCP segment of a reassembled PDU]"
"27437","32.127117570","192.168.1.55","192.168.1.2","TCP","1514","8004  >  36000 [PSH, ACK] Seq=339022 Ack=144 Win=65024 Len=1448 TSval=2916036207 TSecr=3045555978 [TCP segment of a reassembled PDU]"
"27438","32.128068016","192.168.1.2","192.168.1.55","TCP","66","36000  >  8004 [ACK] Seq=144 Ack=242006 Win=130048 Len=0 TSval=3045555980 TSecr=2916036199"
"27439","32.128127035","192.168.1.2","192.168.1.55","TCP","66","36000  >  8004 [ACK] Seq=144 Ack=250694 Win=122880 Len=0 TSval=3045555980 TSecr=2916036199"
"27440","32.128156405","192.168.1.55","192.168.1.2","TCP","1514","8004  >  36000 [ACK] Seq=340470 Ack=144 Win=65024 Len=1448 TSval=2916036208 TSecr=3045555980 [TCP segment of a reassembled PDU]"
"27441","32.128158646","192.168.1.55","192.168.1.2","TCP","1514","8004  >  36000 [ACK] Seq=341918 Ack=144 Win=65024 Len=1448 TSval=2916036208 TSecr=3045555980 [TCP segment of a reassembled PDU]"
"27442","32.128160090","192.168.1.55","192.168.1.2","TCP","1514","8004  >  36000 [ACK] Seq=343366 Ack=144 Win=65024 Len=1448 TSval=2916036208 TSecr=3045555980 [TCP segment of a reassembled PDU]"
"27443","32.128161387","192.168.1.55","192.168.1.2","TCP","1514","8004  >  36000 [ACK] Seq=344814 Ack=144 Win=65024 Len=1448 TSval=2916036208 TSecr=3045555980 [TCP segment of a reassembled PDU]"
"27444","32.128162720","192.168.1.55","192.168.1.2","TCP","1514","8004  >  36000 [ACK] Seq=346262 Ack=144 Win=65024 Len=1448 TSval=2916036208 TSecr=3045555980 [TCP segment of a reassembled PDU]"
"27445","32.128164201","192.168.1.55","192.168.1.2","TCP","1514","8004  >  36000 [ACK] Seq=347710 Ack=144 Win=65024 Len=1448 TSval=2916036208 TSecr=3045555980 [TCP segment of a reassembled PDU]"
"27446","32.128165683","192.168.1.55","192.168.1.2","TCP","1514","8004  >  36000 [ACK] Seq=349158 Ack=144 Win=65024 Len=1448 TSval=2916036208 TSecr=3045555980 [TCP segment of a reassembled PDU]"
"27447","32.128167109","192.168.1.55","192.168.1.2","TCP","1514","8004  >  36000 [ACK] Seq=350606 Ack=144 Win=65024 Len=1448 TSval=2916036208 TSecr=3045555980 [TCP segment of a reassembled PDU]"
"27448","32.128168516","192.168.1.55","192.168.1.2","TCP","1514","8004  >  36000 [ACK] Seq=352054 Ack=144 Win=65024 Len=1448 TSval=2916036208 TSecr=3045555980 [TCP segment of a reassembled PDU]"
"27449","32.128169813","192.168.1.55","192.168.1.2","TCP","1514","8004  >  36000 [ACK] Seq=353502 Ack=144 Win=65024 Len=1448 TSval=2916036208 TSecr=3045555980 [TCP segment of a reassembled PDU]"
"27450","32.128171313","192.168.1.55","192.168.1.2","TCP","1514","8004  >  36000 [ACK] Seq=354950 Ack=144 Win=65024 Len=1448 TSval=2916036208 TSecr=3045555980 [TCP segment of a reassembled PDU]"
"27451","32.128172572","192.168.1.55","192.168.1.2","TCP","1514","8004  >  36000 [ACK] Seq=356398 Ack=144 Win=65024 Len=1448 TSval=2916036208 TSecr=3045555980 [TCP segment of a reassembled PDU]"
"27452","32.128173868","192.168.1.55","192.168.1.2","TCP","1514","8004  >  36000 [ACK] Seq=357846 Ack=144 Win=65024 Len=1448 TSval=2916036208 TSecr=3045555980 [TCP segment of a reassembled PDU]"
"27453","32.128175294","192.168.1.55","192.168.1.2","TCP","1514","8004  >  36000 [ACK] Seq=359294 Ack=144 Win=65024 Len=1448 TSval=2916036208 TSecr=3045555980 [TCP segment of a reassembled PDU]"
"27454","32.128176664","192.168.1.55","192.168.1.2","TCP","1514","8004  >  36000 [ACK] Seq=360742 Ack=144 Win=65024 Len=1448 TSval=2916036208 TSecr=3045555980 [TCP segment of a reassembled PDU]"
"27455","32.128178053","192.168.1.55","192.168.1.2","TCP","1514","8004  >  36000 [ACK] Seq=362190 Ack=144 Win=65024 Len=1448 TSval=2916036208 TSecr=3045555980 [TCP segment of a reassembled PDU]"
"27456","32.128179350","192.168.1.55","192.168.1.2","TCP","1514","8004  >  36000 [ACK] Seq=363638 Ack=144 Win=65024 Len=1448 TSval=2916036208 TSecr=3045555980 [TCP segment of a reassembled PDU]"
"27457","32.128180683","192.168.1.55","192.168.1.2","TCP","1514","8004  >  36000 [ACK] Seq=365086 Ack=144 Win=65024 Len=1448 TSval=2916036208 TSecr=3045555980 [TCP segment of a reassembled PDU]"
"27458","32.128182257","192.168.1.55","192.168.1.2","TCP","1514","8004  >  36000 [ACK] Seq=366534 Ack=144 Win=65024 Len=1448 TSval=2916036208 TSecr=3045555980 [TCP segment of a reassembled PDU]"
"27459","32.128183516","192.168.1.55","192.168.1.2","TCP","1514","8004  >  36000 [ACK] Seq=367982 Ack=144 Win=65024 Len=1448 TSval=2916036208 TSecr=3045555980 [TCP segment of a reassembled PDU]"
"27460","32.128184905","192.168.1.55","192.168.1.2","TCP","1514","8004  >  36000 [ACK] Seq=369430 Ack=144 Win=65024 Len=1448 TSval=2916036208 TSecr=3045555980 [TCP segment of a reassembled PDU]"
"27461","32.128186313","192.168.1.55","192.168.1.2","TCP","1514","8004  >  36000 [ACK] Seq=370878 Ack=144 Win=65024 Len=1448 TSval=2916036208 TSecr=3045555980 [TCP segment of a reassembled PDU]"
"27462","32.128187701","192.168.1.55","192.168.1.2","TCP","1314","[TCP Window Full] 8004  >  36000 [PSH, ACK] Seq=372326 Ack=144 Win=65024 Len=1248 TSval=2916036208 TSecr=3045555980 [TCP segment of a reassembled PDU]"
"27463","32.128192368","192.168.1.2","192.168.1.55","TCP","66","36000  >  8004 [ACK] Seq=144 Ack=266622 Win=124928 Len=0 TSval=3045555983 TSecr=2916036203"
"27464","32.128208146","192.168.1.55","192.168.1.2","TCP","1514","8004  >  36000 [ACK] Seq=373574 Ack=144 Win=65024 Len=1448 TSval=2916036208 TSecr=3045555983 [TCP segment of a reassembled PDU]"
"27465","32.128209868","192.168.1.55","192.168.1.2","TCP","1514","8004  >  36000 [ACK] Seq=375022 Ack=144 Win=65024 Len=1448 TSval=2916036208 TSecr=3045555983 [TCP segment of a reassembled PDU]"
"27466","32.128211276","192.168.1.55","192.168.1.2","TCP","1514","8004  >  36000 [ACK] Seq=376470 Ack=144 Win=65024 Len=1448 TSval=2916036208 TSecr=3045555983 [TCP segment of a reassembled PDU]"
"27467","32.128212572","192.168.1.55","192.168.1.2","TCP","1514","8004  >  36000 [ACK] Seq=377918 Ack=144 Win=65024 Len=1448 TSval=2916036208 TSecr=3045555983 [TCP segment of a reassembled PDU]"
"27468","32.128213868","192.168.1.55","192.168.1.2","TCP","1514","8004  >  36000 [ACK] Seq=379366 Ack=144 Win=65024 Len=1448 TSval=2916036208 TSecr=3045555983 [TCP segment of a reassembled PDU]"
"27469","32.128215331","192.168.1.55","192.168.1.2","TCP","1514","8004  >  36000 [ACK] Seq=380814 Ack=144 Win=65024 Len=1448 TSval=2916036208 TSecr=3045555983 [TCP segment of a reassembled PDU]"
"27470","32.128216627","192.168.1.55","192.168.1.2","TCP","1514","8004  >  36000 [ACK] Seq=382262 Ack=144 Win=65024 Len=1448 TSval=2916036208 TSecr=3045555983 [TCP segment of a reassembled PDU]"
"27471","32.128218127","192.168.1.55","192.168.1.2","TCP","1514","8004  >  36000 [PSH, ACK] Seq=383710 Ack=144 Win=65024 Len=1448 TSval=2916036208 TSecr=3045555983 [TCP segment of a reassembled PDU]"
"27472","32.128223183","192.168.1.55","192.168.1.2","TCP","266","8004  >  36000 [ACK] Seq=385158 Ack=144 Win=65024 Len=200 TSval=2916036208 TSecr=3045555983 [TCP segment of a reassembled PDU]"
"27473","32.133601099","192.168.1.2","192.168.1.55","TCP","66","36000  >  8004 [ACK] Seq=144 Ack=295582 Win=114688 Len=0 TSval=3045555983 TSecr=2916036203"
"27474","32.133637729","192.168.1.55","192.168.1.2","TCP","1514","8004  >  36000 [ACK] Seq=385358 Ack=144 Win=65024 Len=1448 TSval=2916036214 TSecr=3045555983 [TCP segment of a reassembled PDU]"
"27475","32.133641655","192.168.1.55","192.168.1.2","TCP","1514","8004  >  36000 [ACK] Seq=386806 Ack=144 Win=65024 Len=1448 TSval=2916036214 TSecr=3045555983 [TCP segment of a reassembled PDU]"
"27476","32.133642969","192.168.1.55","192.168.1.2","TCP","1514","8004  >  36000 [ACK] Seq=388254 Ack=144 Win=65024 Len=1448 TSval=2916036214 TSecr=3045555983 [TCP segment of a reassembled PDU]"
"27477","32.133644247","192.168.1.55","192.168.1.2","TCP","1514","8004  >  36000 [ACK] Seq=389702 Ack=144 Win=65024 Len=1448 TSval=2916036214 TSecr=3045555983 [TCP segment of a reassembled PDU]"
"27478","32.133645636","192.168.1.55","192.168.1.2","TCP","1514","8004  >  36000 [ACK] Seq=391150 Ack=144 Win=65024 Len=1448 TSval=2916036214 TSecr=3045555983 [TCP segment of a reassembled PDU]"
"27479","32.133646914","192.168.1.55","192.168.1.2","TCP","1514","8004  >  36000 [ACK] Seq=392598 Ack=144 Win=65024 Len=1448 TSval=2916036214 TSecr=3045555983 [TCP segment of a reassembled PDU]"
"27480","32.133648525","192.168.1.55","192.168.1.2","TCP","1514","8004  >  36000 [ACK] Seq=394046 Ack=144 Win=65024 Len=1448 TSval=2916036214 TSecr=3045555983 [TCP segment of a reassembled PDU]"
"27481","32.133649969","192.168.1.55","192.168.1.2","TCP","1514","8004  >  36000 [ACK] Seq=395494 Ack=144 Win=65024 Len=1448 TSval=2916036214 TSecr=3045555983 [TCP segment of a reassembled PDU]"
"27482","32.133651414","192.168.1.55","192.168.1.2","TCP","1514","8004  >  36000 [ACK] Seq=396942 Ack=144 Win=65024 Len=1448 TSval=2916036214 TSecr=3045555983 [TCP segment of a reassembled PDU]"
"27483","32.133652784","192.168.1.55","192.168.1.2","TCP","1514","8004  >  36000 [ACK] Seq=398390 Ack=144 Win=65024 Len=1448 TSval=2916036214 TSecr=3045555983 [TCP segment of a reassembled PDU]"
"27484","32.133654043","192.168.1.55","192.168.1.2","TCP","1514","8004  >  36000 [ACK] Seq=399838 Ack=144 Win=65024 Len=1448 TSval=2916036214 TSecr=3045555983 [TCP segment of a reassembled PDU]"
"27485","32.133655580","192.168.1.55","192.168.1.2","TCP","1514","8004  >  36000 [ACK] Seq=401286 Ack=144 Win=65024 Len=1448 TSval=2916036214 TSecr=3045555983 [TCP segment of a reassembled PDU]"
"27486","32.133656932","192.168.1.55","192.168.1.2","TCP","1514","8004  >  36000 [ACK] Seq=402734 Ack=144 Win=65024 Len=1448 TSval=2916036214 TSecr=3045555983 [TCP segment of a reassembled PDU]"
"27487","32.133658414","192.168.1.55","192.168.1.2","TCP","1514","8004  >  36000 [ACK] Seq=404182 Ack=144 Win=65024 Len=1448 TSval=2916036214 TSecr=3045555983 [TCP segment of a reassembled PDU]"
"27488","32.133659710","192.168.1.55","192.168.1.2","TCP","1514","8004  >  36000 [ACK] Seq=405630 Ack=144 Win=65024 Len=1448 TSval=2916036214 TSecr=3045555983 [TCP segment of a reassembled PDU]"
"27489","32.133661080","192.168.1.55","192.168.1.2","TCP","1514","8004  >  36000 [ACK] Seq=407078 Ack=144 Win=65024 Len=1448 TSval=2916036214 TSecr=3045555983 [TCP segment of a reassembled PDU]"
"27490","32.133662395","192.168.1.55","192.168.1.2","TCP","1514","8004  >  36000 [PSH, ACK] Seq=408526 Ack=144 Win=65024 Len=1448 TSval=2916036214 TSecr=3045555983 [TCP segment of a reassembled PDU]"
"27491","32.134400711","192.168.1.2","192.168.1.55","TCP","66","36000  >  8004 [ACK] Seq=144 Ack=305718 Win=130048 Len=0 TSval=3045555988 TSecr=2916036206"
"27492","32.134422971","192.168.1.55","192.168.1.2","TCP","1514","8004  >  36000 [ACK] Seq=409974 Ack=144 Win=65024 Len=1448 TSval=2916036215 TSecr=3045555988 [TCP segment of a reassembled PDU]"
"27493","32.134425341","192.168.1.55","192.168.1.2","TCP","1514","8004  >  36000 [ACK] Seq=411422 Ack=144 Win=65024 Len=1448 TSval=2916036215 TSecr=3045555988 [TCP segment of a reassembled PDU]"
"27494","32.134426600","192.168.1.55","192.168.1.2","TCP","1514","8004  >  36000 [ACK] Seq=412870 Ack=144 Win=65024 Len=1448 TSval=2916036215 TSecr=3045555988 [TCP segment of a reassembled PDU]"
"27495","32.134428156","192.168.1.55","192.168.1.2","TCP","1514","8004  >  36000 [ACK] Seq=414318 Ack=144 Win=65024 Len=1448 TSval=2916036215 TSecr=3045555988 [TCP segment of a reassembled PDU]"
"27496","32.134429508","192.168.1.55","192.168.1.2","TCP","1514","8004  >  36000 [ACK] Seq=415766 Ack=144 Win=65024 Len=1448 TSval=2916036215 TSecr=3045555988 [TCP segment of a reassembled PDU]"
"27497","32.134430934","192.168.1.55","192.168.1.2","TCP","1514","8004  >  36000 [ACK] Seq=417214 Ack=144 Win=65024 Len=1448 TSval=2916036215 TSecr=3045555988 [TCP segment of a reassembled PDU]"
"27498","32.134432563","192.168.1.55","192.168.1.2","TCP","1514","8004  >  36000 [ACK] Seq=418662 Ack=144 Win=65024 Len=1448 TSval=2916036215 TSecr=3045555988 [TCP segment of a reassembled PDU]"
"27499","32.134433897","192.168.1.55","192.168.1.2","TCP","1514","8004  >  36000 [ACK] Seq=420110 Ack=144 Win=65024 Len=1448 TSval=2916036215 TSecr=3045555988 [TCP segment of a reassembled PDU]"
"27500","32.134435211","192.168.1.55","192.168.1.2","TCP","1514","8004  >  36000 [ACK] Seq=421558 Ack=144 Win=65024 Len=1448 TSval=2916036215 TSecr=3045555988 [TCP segment of a reassembled PDU]"
"27501","32.134436582","192.168.1.55","192.168.1.2","TCP","1514","8004  >  36000 [ACK] Seq=423006 Ack=144 Win=65024 Len=1448 TSval=2916036215 TSecr=3045555988 [TCP segment of a reassembled PDU]"
"27502","32.134437989","192.168.1.55","192.168.1.2","TCP","1514","8004  >  36000 [ACK] Seq=424454 Ack=144 Win=65024 Len=1448 TSval=2916036215 TSecr=3045555988 [TCP segment of a reassembled PDU]"
"27503","32.134439378","192.168.1.55","192.168.1.2","TCP","1514","8004  >  36000 [ACK] Seq=425902 Ack=144 Win=65024 Len=1448 TSval=2916036215 TSecr=3045555988 [TCP segment of a reassembled PDU]"
"27504","32.134440971","192.168.1.55","192.168.1.2","TCP","1514","8004  >  36000 [ACK] Seq=427350 Ack=144 Win=65024 Len=1448 TSval=2916036215 TSecr=3045555988 [TCP segment of a reassembled PDU]"
"27505","32.134442748","192.168.1.55","192.168.1.2","TCP","1514","8004  >  36000 [PSH, ACK] Seq=428798 Ack=144 Win=65024 Len=1448 TSval=2916036215 TSecr=3045555988 [TCP segment of a reassembled PDU]"
"27506","32.134447600","192.168.1.2","192.168.1.55","TCP","66","36000  >  8004 [ACK] Seq=144 Ack=340470 Win=109568 Len=0 TSval=3045555988 TSecr=2916036207"
"27507","32.134456637","192.168.1.2","192.168.1.55","TCP","66","36000  >  8004 [ACK] Seq=144 Ack=373574 Win=110592 Len=0 TSval=3045555989 TSecr=2916036208"
"27508","32.134501471","192.168.1.55","192.168.1.2","TCP","1514","8004  >  36000 [ACK] Seq=430246 Ack=144 Win=65024 Len=1448 TSval=2916036215 TSecr=3045555989 [TCP segment of a reassembled PDU]"
"27509","32.134503730","192.168.1.55","192.168.1.2","TCP","1514","8004  >  36000 [ACK] Seq=431694 Ack=144 Win=65024 Len=1448 TSval=2916036215 TSecr=3045555989 [TCP segment of a reassembled PDU]"
"27510","32.134505119","192.168.1.55","192.168.1.2","TCP","1514","8004  >  36000 [ACK] Seq=433142 Ack=144 Win=65024 Len=1448 TSval=2916036215 TSecr=3045555989 [TCP segment of a reassembled PDU]"
"27511","32.134506415","192.168.1.55","192.168.1.2","TCP","1514","8004  >  36000 [ACK] Seq=434590 Ack=144 Win=65024 Len=1448 TSval=2916036215 TSecr=3045555989 [TCP segment of a reassembled PDU]"
"27512","32.134507767","192.168.1.55","192.168.1.2","TCP","1514","8004  >  36000 [ACK] Seq=436038 Ack=144 Win=65024 Len=1448 TSval=2916036215 TSecr=3045555989 [TCP segment of a reassembled PDU]"
"27513","32.134509230","192.168.1.55","192.168.1.2","TCP","1514","8004  >  36000 [ACK] Seq=437486 Ack=144 Win=65024 Len=1448 TSval=2916036215 TSecr=3045555989 [TCP segment of a reassembled PDU]"
"27514","32.134510860","192.168.1.55","192.168.1.2","TCP","1514","8004  >  36000 [ACK] Seq=438934 Ack=144 Win=65024 Len=1448 TSval=2916036215 TSecr=3045555989 [TCP segment of a reassembled PDU]"
"27515","32.134512156","192.168.1.55","192.168.1.2","TCP","1514","8004  >  36000 [ACK] Seq=440382 Ack=144 Win=65024 Len=1448 TSval=2916036215 TSecr=3045555989 [TCP segment of a reassembled PDU]"
"27516","32.134513471","192.168.1.55","192.168.1.2","TCP","1514","8004  >  36000 [ACK] Seq=441830 Ack=144 Win=65024 Len=1448 TSval=2916036215 TSecr=3045555989 [TCP segment of a reassembled PDU]"
"27517","32.134514860","192.168.1.55","192.168.1.2","TCP","1514","8004  >  36000 [ACK] Seq=443278 Ack=144 Win=65024 Len=1448 TSval=2916036215 TSecr=3045555989 [TCP segment of a reassembled PDU]"
"27518","32.134516360","192.168.1.55","192.168.1.2","TCP","1514","8004  >  36000 [ACK] Seq=444726 Ack=144 Win=65024 Len=1448 TSval=2916036215 TSecr=3045555989 [TCP segment of a reassembled PDU]"
"27519","32.134517823","192.168.1.55","192.168.1.2","TCP","1514","8004  >  36000 [ACK] Seq=446174 Ack=144 Win=65024 Len=1448 TSval=2916036215 TSecr=3045555989 [TCP segment of a reassembled PDU]"
"27520","32.134519100","192.168.1.55","192.168.1.2","TCP","1514","8004  >  36000 [ACK] Seq=447622 Ack=144 Win=65024 Len=1448 TSval=2916036215 TSecr=3045555989 [TCP segment of a reassembled PDU]"
"27521","32.134520508","192.168.1.55","192.168.1.2","TCP","1514","8004  >  36000 [ACK] Seq=449070 Ack=144 Win=65024 Len=1448 TSval=2916036215 TSecr=3045555989 [TCP segment of a reassembled PDU]"
"27522","32.134522119","192.168.1.55","192.168.1.2","TCP","1514","8004  >  36000 [ACK] Seq=450518 Ack=144 Win=65024 Len=1448 TSval=2916036215 TSecr=3045555989 [TCP segment of a reassembled PDU]"
"27523","32.134523360","192.168.1.55","192.168.1.2","TCP","1514","8004  >  36000 [ACK] Seq=451966 Ack=144 Win=65024 Len=1448 TSval=2916036215 TSecr=3045555989 [TCP segment of a reassembled PDU]"
"27524","32.134524749","192.168.1.55","192.168.1.2","TCP","1514","8004  >  36000 [ACK] Seq=453414 Ack=144 Win=65024 Len=1448 TSval=2916036215 TSecr=3045555989 [TCP segment of a reassembled PDU]"
"27525","32.134526471","192.168.1.55","192.168.1.2","TCP","1514","8004  >  36000 [ACK] Seq=454862 Ack=144 Win=65024 Len=1448 TSval=2916036215 TSecr=3045555989 [TCP segment of a reassembled PDU]"
"27526","32.134527934","192.168.1.55","192.168.1.2","TCP","1514","8004  >  36000 [ACK] Seq=456310 Ack=144 Win=65024 Len=1448 TSval=2916036215 TSecr=3045555989 [TCP segment of a reassembled PDU]"
"27527","32.134529323","192.168.1.55","192.168.1.2","TCP","1514","8004  >  36000 [ACK] Seq=457758 Ack=144 Win=65024 Len=1448 TSval=2916036215 TSecr=3045555989 [TCP segment of a reassembled PDU]"
"27528","32.134530674","192.168.1.55","192.168.1.2","TCP","1514","8004  >  36000 [ACK] Seq=459206 Ack=144 Win=65024 Len=1448 TSval=2916036215 TSecr=3045555989 [TCP segment of a reassembled PDU]"
"27529","32.134532045","192.168.1.55","192.168.1.2","TCP","1514","8004  >  36000 [ACK] Seq=460654 Ack=144 Win=65024 Len=1448 TSval=2916036215 TSecr=3045555989 [TCP segment of a reassembled PDU]"
"27530","32.134533582","192.168.1.55","192.168.1.2","TCP","1514","8004  >  36000 [ACK] Seq=462102 Ack=144 Win=65024 Len=1448 TSval=2916036215 TSecr=3045555989 [TCP segment of a reassembled PDU]"
"27531","32.134534897","192.168.1.55","192.168.1.2","TCP","1514","8004  >  36000 [ACK] Seq=463550 Ack=144 Win=65024 Len=1448 TSval=2916036215 TSecr=3045555989 [TCP segment of a reassembled PDU]"
"27532","32.134536323","192.168.1.55","192.168.1.2","TCP","1514","8004  >  36000 [ACK] Seq=464998 Ack=144 Win=65024 Len=1448 TSval=2916036215 TSecr=3045555989 [TCP segment of a reassembled PDU]"
"27533","32.134537730","192.168.1.55","192.168.1.2","TCP","1514","8004  >  36000 [ACK] Seq=466446 Ack=144 Win=65024 Len=1448 TSval=2916036215 TSecr=3045555989 [TCP segment of a reassembled PDU]"
"27534","32.134539971","192.168.1.55","192.168.1.2","TCP","1514","8004  >  36000 [ACK] Seq=467894 Ack=144 Win=65024 Len=1448 TSval=2916036215 TSecr=3045555989 [TCP segment of a reassembled PDU]"
"27535","32.134542693","192.168.1.55","192.168.1.2","TCP","1514","8004  >  36000 [ACK] Seq=469342 Ack=144 Win=65024 Len=1448 TSval=2916036215 TSecr=3045555989 [TCP segment of a reassembled PDU]"
"27536","32.134544341","192.168.1.55","192.168.1.2","TCP","1514","8004  >  36000 [ACK] Seq=470790 Ack=144 Win=65024 Len=1448 TSval=2916036215 TSecr=3045555989 [TCP segment of a reassembled PDU]"
"27537","32.134545841","192.168.1.55","192.168.1.2","TCP","1514","8004  >  36000 [ACK] Seq=472238 Ack=144 Win=65024 Len=1448 TSval=2916036215 TSecr=3045555989 [TCP segment of a reassembled PDU]"
"27538","32.134547119","192.168.1.55","192.168.1.2","TCP","1514","8004  >  36000 [PSH, ACK] Seq=473686 Ack=144 Win=65024 Len=1448 TSval=2916036215 TSecr=3045555989 [TCP segment of a reassembled PDU]"
"27539","32.134552267","192.168.1.2","192.168.1.55","TCP","66","36000  >  8004 [ACK] Seq=144 Ack=379366 Win=105472 Len=0 TSval=3045555989 TSecr=2916036208"
"27540","32.135471102","192.168.1.2","192.168.1.55","TCP","66","36000  >  8004 [ACK] Seq=144 Ack=385158 Win=134144 Len=0 TSval=3045555989 TSecr=2916036208"
"27541","32.135500454","192.168.1.55","192.168.1.2","TCP","1514","8004  >  36000 [ACK] Seq=475134 Ack=144 Win=65024 Len=1448 TSval=2916036216 TSecr=3045555989 [TCP segment of a reassembled PDU]"
"27542","32.135502843","192.168.1.55","192.168.1.2","TCP","1514","8004  >  36000 [ACK] Seq=476582 Ack=144 Win=65024 Len=1448 TSval=2916036216 TSecr=3045555989 [TCP segment of a reassembled PDU]"
"27543","32.135504139","192.168.1.55","192.168.1.2","TCP","1514","8004  >  36000 [ACK] Seq=478030 Ack=144 Win=65024 Len=1448 TSval=2916036216 TSecr=3045555989 [TCP segment of a reassembled PDU]"
"27544","32.135505509","192.168.1.55","192.168.1.2","TCP","1514","8004  >  36000 [ACK] Seq=479478 Ack=144 Win=65024 Len=1448 TSval=2916036216 TSecr=3045555989 [TCP segment of a reassembled PDU]"
"27545","32.135506917","192.168.1.55","192.168.1.2","TCP","1514","8004  >  36000 [ACK] Seq=480926 Ack=144 Win=65024 Len=1448 TSval=2916036216 TSecr=3045555989 [TCP segment of a reassembled PDU]"
"27546","32.135508398","192.168.1.55","192.168.1.2","TCP","1514","8004  >  36000 [ACK] Seq=482374 Ack=144 Win=65024 Len=1448 TSval=2916036216 TSecr=3045555989 [TCP segment of a reassembled PDU]"
"27547","32.135509769","192.168.1.55","192.168.1.2","TCP","1514","8004  >  36000 [ACK] Seq=483822 Ack=144 Win=65024 Len=1448 TSval=2916036216 TSecr=3045555989 [TCP segment of a reassembled PDU]"
"27548","32.135511120","192.168.1.55","192.168.1.2","TCP","1514","8004  >  36000 [ACK] Seq=485270 Ack=144 Win=65024 Len=1448 TSval=2916036216 TSecr=3045555989 [TCP segment of a reassembled PDU]"
"27549","32.135512509","192.168.1.55","192.168.1.2","TCP","1514","8004  >  36000 [ACK] Seq=486718 Ack=144 Win=65024 Len=1448 TSval=2916036216 TSecr=3045555989 [TCP segment of a reassembled PDU]"
"27550","32.135513880","192.168.1.55","192.168.1.2","TCP","1514","8004  >  36000 [ACK] Seq=488166 Ack=144 Win=65024 Len=1448 TSval=2916036216 TSecr=3045555989 [TCP segment of a reassembled PDU]"
"27551","32.135515287","192.168.1.55","192.168.1.2","TCP","1514","8004  >  36000 [ACK] Seq=489614 Ack=144 Win=65024 Len=1448 TSval=2916036216 TSecr=3045555989 [TCP segment of a reassembled PDU]"
"27552","32.135516806","192.168.1.55","192.168.1.2","TCP","1514","8004  >  36000 [ACK] Seq=491062 Ack=144 Win=65024 Len=1448 TSval=2916036216 TSecr=3045555989 [TCP segment of a reassembled PDU]"
"27553","32.135518195","192.168.1.55","192.168.1.2","TCP","1514","8004  >  36000 [ACK] Seq=492510 Ack=144 Win=65024 Len=1448 TSval=2916036216 TSecr=3045555989 [TCP segment of a reassembled PDU]"
"27554","32.135519695","192.168.1.55","192.168.1.2","TCP","1514","8004  >  36000 [ACK] Seq=493958 Ack=144 Win=65024 Len=1448 TSval=2916036216 TSecr=3045555989 [TCP segment of a reassembled PDU]"
"27555","32.135521139","192.168.1.55","192.168.1.2","TCP","1514","8004  >  36000 [ACK] Seq=495406 Ack=144 Win=65024 Len=1448 TSval=2916036216 TSecr=3045555989 [TCP segment of a reassembled PDU]"
"27556","32.135522491","192.168.1.55","192.168.1.2","TCP","1514","8004  >  36000 [PSH, ACK] Seq=496854 Ack=144 Win=65024 Len=1448 TSval=2916036216 TSecr=3045555989 [TCP segment of a reassembled PDU]"
"27557","32.135527824","192.168.1.55","192.168.1.2","HTTP","222","HTTP/1.0 200 OK  (PNG)"
"27558","32.135557472","192.168.1.2","192.168.1.55","TCP","66","36000  >  8004 [ACK] Seq=144 Ack=385358 Win=137216 Len=0 TSval=3045555989 TSecr=2916036208"
"27559","32.141642741","192.168.1.2","192.168.1.55","TCP","66","36000  >  8004 [ACK] Seq=144 Ack=408526 Win=116736 Len=0 TSval=3045555992 TSecr=2916036214"
"27560","32.141833371","192.168.1.2","192.168.1.55","TCP","66","36000  >  8004 [ACK] Seq=144 Ack=409974 Win=138240 Len=0 TSval=3045555996 TSecr=2916036214"
"27561","32.141838982","192.168.1.2","192.168.1.55","TCP","66","36000  >  8004 [ACK] Seq=144 Ack=430246 Win=171008 Len=0 TSval=3045555997 TSecr=2916036215"
"27562","32.141871149","192.168.1.2","192.168.1.55","TCP","66","36000  >  8004 [ACK] Seq=144 Ack=475134 Win=169984 Len=0 TSval=3045555997 TSecr=2916036215"
"27563","32.141876649","192.168.1.2","192.168.1.55","TCP","66","36000  >  8004 [ACK] Seq=144 Ack=498302 Win=147456 Len=0 TSval=3045555997 TSecr=2916036216"
"27564","32.142600465","192.168.1.2","192.168.1.55","TCP","66","36000  >  8004 [FIN, ACK] Seq=144 Ack=498459 Win=174080 Len=0 TSval=3045555997 TSecr=2916036216"
"27565","32.142620169","192.168.1.55","192.168.1.2","TCP","66","8004  >  36000 [ACK] Seq=498459 Ack=145 Win=65024 Len=0 TSval=2916036223 TSecr=3045555997"
"27566","32.142750262","192.168.1.2","192.168.1.55","TCP","74","36006  >  8004 [SYN] Seq=0 Win=64240 Len=0 MSS=1460 SACK_PERM TSval=3045555997 TSecr=0 WS=1024"
"27567","32.142814169","192.168.1.55","192.168.1.2","TCP","74","8004  >  36006 [SYN, ACK] Seq=0 Ack=1 Win=65160 Len=0 MSS=1460 SACK_PERM TSval=2916036223 TSecr=3045555997 WS=128"
"27568","32.145904285","192.168.1.2","192.168.1.55","TCP","66","36006  >  8004 [ACK] Seq=1 Ack=1 Win=64512 Len=0 TSval=3045556000 TSecr=2916036223"
"27569","32.149089827","192.168.1.2","192.168.1.55","HTTP","206","GET /stego_benchmark.png HTTP/1.1 "
"27570","32.149112420","192.168.1.55","192.168.1.2","TCP","66","8004  >  36006 [ACK] Seq=1 Ack=141 Win=65024 Len=0 TSval=2916036229 TSecr=3045556000"
"27571","32.149605680","192.168.1.55","192.168.1.2","TCP","255","8004  >  36006 [PSH, ACK] Seq=1 Ack=141 Win=65024 Len=189 TSval=2916036230 TSecr=3045556000 [TCP segment of a reassembled PDU]"
"27572","32.149720476","192.168.1.55","192.168.1.2","TCP","1514","8004  >  36006 [ACK] Seq=190 Ack=141 Win=65024 Len=1448 TSval=2916036230 TSecr=3045556000 [TCP segment of a reassembled PDU]"
"27573","32.149725624","192.168.1.55","192.168.1.2","TCP","1514","8004  >  36006 [ACK] Seq=1638 Ack=141 Win=65024 Len=1448 TSval=2916036230 TSecr=3045556000 [TCP segment of a reassembled PDU]"
"27574","32.149726661","192.168.1.55","192.168.1.2","TCP","1514","8004  >  36006 [ACK] Seq=3086 Ack=141 Win=65024 Len=1448 TSval=2916036230 TSecr=3045556000 [TCP segment of a reassembled PDU]"
"27575","32.149728013","192.168.1.55","192.168.1.2","TCP","1514","8004  >  36006 [ACK] Seq=4534 Ack=141 Win=65024 Len=1448 TSval=2916036230 TSecr=3045556000 [TCP segment of a reassembled PDU]"
"27576","32.149729495","192.168.1.55","192.168.1.2","TCP","1514","8004  >  36006 [PSH, ACK] Seq=5982 Ack=141 Win=65024 Len=1448 TSval=2916036230 TSecr=3045556000 [TCP segment of a reassembled PDU]"
"27577","32.149746902","192.168.1.55","192.168.1.2","TCP","1514","8004  >  36006 [ACK] Seq=7430 Ack=141 Win=65024 Len=1448 TSval=2916036230 TSecr=3045556000 [TCP segment of a reassembled PDU]"
"27578","32.149749013","192.168.1.55","192.168.1.2","TCP","1514","8004  >  36006 [ACK] Seq=8878 Ack=141 Win=65024 Len=1448 TSval=2916036230 TSecr=3045556000 [TCP segment of a reassembled PDU]"
"27579","32.149750013","192.168.1.55","192.168.1.2","TCP","1514","8004  >  36006 [ACK] Seq=10326 Ack=141 Win=65024 Len=1448 TSval=2916036230 TSecr=3045556000 [TCP segment of a reassembled PDU]"
"27580","32.149751810","192.168.1.55","192.168.1.2","TCP","1514","8004  >  36006 [PSH, ACK] Seq=11774 Ack=141 Win=65024 Len=1448 TSval=2916036230 TSecr=3045556000 [TCP segment of a reassembled PDU]"
"27581","32.155056392","192.168.1.2","192.168.1.55","TCP","66","36006  >  8004 [ACK] Seq=141 Ack=190 Win=64512 Len=0 TSval=3045556009 TSecr=2916036230"
"27582","32.155116892","192.168.1.55","192.168.1.2","TCP","1514","8004  >  36006 [ACK] Seq=13222 Ack=141 Win=65024 Len=1448 TSval=2916036235 TSecr=3045556009 [TCP segment of a reassembled PDU]"
"27583","32.155124151","192.168.1.55","192.168.1.2","TCP","1514","8004  >  36006 [PSH, ACK] Seq=14670 Ack=141 Win=65024 Len=1448 TSval=2916036235 TSecr=3045556009 [TCP segment of a reassembled PDU]"
"27584","32.155161633","192.168.1.2","192.168.1.55","TCP","66","36006  >  8004 [ACK] Seq=141 Ack=13222 Win=64512 Len=0 TSval=3045556010 TSecr=2916036230"
"27585","32.155200929","192.168.1.55","192.168.1.2","TCP","1514","8004  >  36006 [ACK] Seq=16118 Ack=141 Win=65024 Len=1448 TSval=2916036235 TSecr=3045556010 [TCP segment of a reassembled PDU]"
"27586","32.155204448","192.168.1.55","192.168.1.2","TCP","1514","8004  >  36006 [ACK] Seq=17566 Ack=141 Win=65024 Len=1448 TSval=2916036235 TSecr=3045556010 [TCP segment of a reassembled PDU]"
"27587","32.155205652","192.168.1.55","192.168.1.2","TCP","1514","8004  >  36006 [ACK] Seq=19014 Ack=141 Win=65024 Len=1448 TSval=2916036235 TSecr=3045556010 [TCP segment of a reassembled PDU]"
"27588","32.155206948","192.168.1.55","192.168.1.2","TCP","1514","8004  >  36006 [ACK] Seq=20462 Ack=141 Win=65024 Len=1448 TSval=2916036235 TSecr=3045556010 [TCP segment of a reassembled PDU]"
"27589","32.155207929","192.168.1.55","192.168.1.2","TCP","1514","8004  >  36006 [ACK] Seq=21910 Ack=141 Win=65024 Len=1448 TSval=2916036235 TSecr=3045556010 [TCP segment of a reassembled PDU]"
"27590","32.155209374","192.168.1.55","192.168.1.2","TCP","1514","8004  >  36006 [ACK] Seq=23358 Ack=141 Win=65024 Len=1448 TSval=2916036235 TSecr=3045556010 [TCP segment of a reassembled PDU]"
"27591","32.155210300","192.168.1.55","192.168.1.2","TCP","1514","8004  >  36006 [ACK] Seq=24806 Ack=141 Win=65024 Len=1448 TSval=2916036235 TSecr=3045556010 [TCP segment of a reassembled PDU]"
"27592","32.155211355","192.168.1.55","192.168.1.2","TCP","1514","8004  >  36006 [ACK] Seq=26254 Ack=141 Win=65024 Len=1448 TSval=2916036235 TSecr=3045556010 [TCP segment of a reassembled PDU]"
"27593","32.155212318","192.168.1.55","192.168.1.2","TCP","1514","8004  >  36006 [ACK] Seq=27702 Ack=141 Win=65024 Len=1448 TSval=2916036235 TSecr=3045556010 [TCP segment of a reassembled PDU]"
"27594","32.155213466","192.168.1.55","192.168.1.2","TCP","1514","8004  >  36006 [PSH, ACK] Seq=29150 Ack=141 Win=65024 Len=1448 TSval=2916036235 TSecr=3045556010 [TCP segment of a reassembled PDU]"
"27595","32.155248966","192.168.1.55","192.168.1.2","TCP","1514","8004  >  36006 [ACK] Seq=30598 Ack=141 Win=65024 Len=1448 TSval=2916036235 TSecr=3045556010 [TCP segment of a reassembled PDU]"
"27596","32.155252763","192.168.1.55","192.168.1.2","TCP","1514","8004  >  36006 [ACK] Seq=32046 Ack=141 Win=65024 Len=1448 TSval=2916036235 TSecr=3045556010 [TCP segment of a reassembled PDU]"
"27597","32.155255078","192.168.1.55","192.168.1.2","TCP","1514","8004  >  36006 [ACK] Seq=33494 Ack=141 Win=65024 Len=1448 TSval=2916036235 TSecr=3045556010 [TCP segment of a reassembled PDU]"
"27598","32.155256300","192.168.1.55","192.168.1.2","TCP","1514","8004  >  36006 [ACK] Seq=34942 Ack=141 Win=65024 Len=1448 TSval=2916036235 TSecr=3045556010 [TCP segment of a reassembled PDU]"
"27599","32.155257689","192.168.1.55","192.168.1.2","TCP","1514","8004  >  36006 [ACK] Seq=36390 Ack=141 Win=65024 Len=1448 TSval=2916036235 TSecr=3045556010 [TCP segment of a reassembled PDU]"
"27600","32.155259189","192.168.1.55","192.168.1.2","TCP","1514","8004  >  36006 [ACK] Seq=37838 Ack=141 Win=65024 Len=1448 TSval=2916036235 TSecr=3045556010 [TCP segment of a reassembled PDU]"
"27601","32.155260244","192.168.1.55","192.168.1.2","TCP","1514","8004  >  36006 [ACK] Seq=39286 Ack=141 Win=65024 Len=1448 TSval=2916036235 TSecr=3045556010 [TCP segment of a reassembled PDU]"
"27602","32.155261689","192.168.1.55","192.168.1.2","TCP","1514","8004  >  36006 [PSH, ACK] Seq=40734 Ack=141 Win=65024 Len=1448 TSval=2916036235 TSecr=3045556010 [TCP segment of a reassembled PDU]"
"27603","32.160166993","192.168.1.2","192.168.1.55","TCP","66","36006  >  8004 [ACK] Seq=141 Ack=16118 Win=70656 Len=0 TSval=3045556014 TSecr=2916036235"
"27604","32.160252567","192.168.1.55","192.168.1.2","TCP","1514","8004  >  36006 [ACK] Seq=42182 Ack=141 Win=65024 Len=1448 TSval=2916036240 TSecr=3045556014 [TCP segment of a reassembled PDU]"
"27605","32.160266030","192.168.1.55","192.168.1.2","TCP","1514","8004  >  36006 [PSH, ACK] Seq=43630 Ack=141 Win=65024 Len=1448 TSval=2916036240 TSecr=3045556014 [TCP segment of a reassembled PDU]"
"27606","32.160376141","192.168.1.2","192.168.1.55","TCP","66","36006  >  8004 [ACK] Seq=141 Ack=30598 Win=70656 Len=0 TSval=3045556014 TSecr=2916036235"
"27607","32.160452660","192.168.1.55","192.168.1.2","TCP","1514","8004  >  36006 [ACK] Seq=45078 Ack=141 Win=65024 Len=1448 TSval=2916036241 TSecr=3045556014 [TCP segment of a reassembled PDU]"
"27608","32.160458382","192.168.1.55","192.168.1.2","TCP","1514","8004  >  36006 [ACK] Seq=46526 Ack=141 Win=65024 Len=1448 TSval=2916036241 TSecr=3045556014 [TCP segment of a reassembled PDU]"
"27609","32.160460382","192.168.1.55","192.168.1.2","TCP","1514","8004  >  36006 [ACK] Seq=47974 Ack=141 Win=65024 Len=1448 TSval=2916036241 TSecr=3045556014 [TCP segment of a reassembled PDU]"
"27610","32.160461586","192.168.1.55","192.168.1.2","TCP","1514","8004  >  36006 [ACK] Seq=49422 Ack=141 Win=65024 Len=1448 TSval=2916036241 TSecr=3045556014 [TCP segment of a reassembled PDU]"
"27611","32.160463308","192.168.1.55","192.168.1.2","TCP","1514","8004  >  36006 [ACK] Seq=50870 Ack=141 Win=65024 Len=1448 TSval=2916036241 TSecr=3045556014 [TCP segment of a reassembled PDU]"
"27612","32.160465012","192.168.1.55","192.168.1.2","TCP","1514","8004  >  36006 [ACK] Seq=52318 Ack=141 Win=65024 Len=1448 TSval=2916036241 TSecr=3045556014 [TCP segment of a reassembled PDU]"
"27613","32.160466401","192.168.1.55","192.168.1.2","TCP","1514","8004  >  36006 [ACK] Seq=53766 Ack=141 Win=65024 Len=1448 TSval=2916036241 TSecr=3045556014 [TCP segment of a reassembled PDU]"
"27614","32.160467882","192.168.1.55","192.168.1.2","TCP","1514","8004  >  36006 [ACK] Seq=55214 Ack=141 Win=65024 Len=1448 TSval=2916036241 TSecr=3045556014 [TCP segment of a reassembled PDU]"
"27615","32.160469604","192.168.1.55","192.168.1.2","TCP","1514","8004  >  36006 [ACK] Seq=56662 Ack=141 Win=65024 Len=1448 TSval=2916036241 TSecr=3045556014 [TCP segment of a reassembled PDU]"
"27616","32.160471271","192.168.1.55","192.168.1.2","TCP","1514","8004  >  36006 [ACK] Seq=58110 Ack=141 Win=65024 Len=1448 TSval=2916036241 TSecr=3045556014 [TCP segment of a reassembled PDU]"
"27617","32.160473364","192.168.1.55","192.168.1.2","TCP","1514","8004  >  36006 [ACK] Seq=59558 Ack=141 Win=65024 Len=1448 TSval=2916036241 TSecr=3045556014 [TCP segment of a reassembled PDU]"
"27618","32.160474641","192.168.1.55","192.168.1.2","TCP","1514","8004  >  36006 [ACK] Seq=61006 Ack=141 Win=65024 Len=1448 TSval=2916036241 TSecr=3045556014 [TCP segment of a reassembled PDU]"
"27619","32.160476141","192.168.1.55","192.168.1.2","TCP","1514","8004  >  36006 [ACK] Seq=62454 Ack=141 Win=65024 Len=1448 TSval=2916036241 TSecr=3045556014 [TCP segment of a reassembled PDU]"
"27620","32.160478178","192.168.1.55","192.168.1.2","TCP","1514","8004  >  36006 [ACK] Seq=63902 Ack=141 Win=65024 Len=1448 TSval=2916036241 TSecr=3045556014 [TCP segment of a reassembled PDU]"
"27621","32.160480067","192.168.1.55","192.168.1.2","TCP","1514","8004  >  36006 [ACK] Seq=65350 Ack=141 Win=65024 Len=1448 TSval=2916036241 TSecr=3045556014 [TCP segment of a reassembled PDU]"
"27622","32.160481512","192.168.1.55","192.168.1.2","TCP","1514","8004  >  36006 [PSH, ACK] Seq=66798 Ack=141 Win=65024 Len=1448 TSval=2916036241 TSecr=3045556014 [TCP segment of a reassembled PDU]"
"27623","32.160511030","192.168.1.55","192.168.1.2","TCP","1514","8004  >  36006 [ACK] Seq=68246 Ack=141 Win=65024 Len=1448 TSval=2916036241 TSecr=3045556014 [TCP segment of a reassembled PDU]"
"27624","32.160512790","192.168.1.55","192.168.1.2","TCP","1514","8004  >  36006 [ACK] Seq=69694 Ack=141 Win=65024 Len=1448 TSval=2916036241 TSecr=3045556014 [TCP segment of a reassembled PDU]"
"27625","32.160514179","192.168.1.55","192.168.1.2","TCP","1514","8004  >  36006 [ACK] Seq=71142 Ack=141 Win=65024 Len=1448 TSval=2916036241 TSecr=3045556014 [TCP segment of a reassembled PDU]"
"27626","32.160515697","192.168.1.55","192.168.1.2","TCP","1514","8004  >  36006 [ACK] Seq=72590 Ack=141 Win=65024 Len=1448 TSval=2916036241 TSecr=3045556014 [TCP segment of a reassembled PDU]"
"27627","32.160517530","192.168.1.55","192.168.1.2","TCP","1514","8004  >  36006 [ACK] Seq=74038 Ack=141 Win=65024 Len=1448 TSval=2916036241 TSecr=3045556014 [TCP segment of a reassembled PDU]"
"27628","32.160518938","192.168.1.55","192.168.1.2","TCP","1514","8004  >  36006 [PSH, ACK] Seq=75486 Ack=141 Win=65024 Len=1448 TSval=2916036241 TSecr=3045556014 [TCP segment of a reassembled PDU]"
"27629","32.160525364","192.168.1.2","192.168.1.55","TCP","66","36006  >  8004 [ACK] Seq=141 Ack=36390 Win=69632 Len=0 TSval=3045556014 TSecr=2916036235"
"27630","32.160534623","192.168.1.2","192.168.1.55","TCP","66","36006  >  8004 [ACK] Seq=141 Ack=39286 Win=76800 Len=0 TSval=3045556015 TSecr=2916036235"
"27631","32.160538567","192.168.1.2","192.168.1.55","TCP","66","36006  >  8004 [ACK] Seq=141 Ack=42182 Win=81920 Len=0 TSval=3045556015 TSecr=2916036235"
"27632","32.161510495","192.168.1.55","192.168.1.2","TCP","1514","8004  >  36006 [ACK] Seq=76934 Ack=141 Win=65024 Len=1448 TSval=2916036242 TSecr=3045556015 [TCP segment of a reassembled PDU]"
"27633","32.161516532","192.168.1.55","192.168.1.2","TCP","1514","8004  >  36006 [ACK] Seq=78382 Ack=141 Win=65024 Len=1448 TSval=2916036242 TSecr=3045556015 [TCP segment of a reassembled PDU]"
"27634","32.161517773","192.168.1.55","192.168.1.2","TCP","1514","8004  >  36006 [ACK] Seq=79830 Ack=141 Win=65024 Len=1448 TSval=2916036242 TSecr=3045556015 [TCP segment of a reassembled PDU]"
"27635","32.161519347","192.168.1.55","192.168.1.2","TCP","1514","8004  >  36006 [ACK] Seq=81278 Ack=141 Win=65024 Len=1448 TSval=2916036242 TSecr=3045556015 [TCP segment of a reassembled PDU]"
"27636","32.161520754","192.168.1.55","192.168.1.2","TCP","1514","8004  >  36006 [ACK] Seq=82726 Ack=141 Win=65024 Len=1448 TSval=2916036242 TSecr=3045556015 [TCP segment of a reassembled PDU]"
"27637","32.161522310","192.168.1.55","192.168.1.2","TCP","1514","8004  >  36006 [ACK] Seq=84174 Ack=141 Win=65024 Len=1448 TSval=2916036242 TSecr=3045556015 [TCP segment of a reassembled PDU]"
"27638","32.161523384","192.168.1.55","192.168.1.2","TCP","1514","8004  >  36006 [ACK] Seq=85622 Ack=141 Win=65024 Len=1448 TSval=2916036242 TSecr=3045556015 [TCP segment of a reassembled PDU]"
"27639","32.161524476","192.168.1.55","192.168.1.2","TCP","1514","8004  >  36006 [ACK] Seq=87070 Ack=141 Win=65024 Len=1448 TSval=2916036242 TSecr=3045556015 [TCP segment of a reassembled PDU]"
"27640","32.161525921","192.168.1.55","192.168.1.2","TCP","1514","8004  >  36006 [ACK] Seq=88518 Ack=141 Win=65024 Len=1448 TSval=2916036242 TSecr=3045556015 [TCP segment of a reassembled PDU]"
"27641","32.161527347","192.168.1.55","192.168.1.2","TCP","1514","8004  >  36006 [ACK] Seq=89966 Ack=141 Win=65024 Len=1448 TSval=2916036242 TSecr=3045556015 [TCP segment of a reassembled PDU]"
"27642","32.161528847","192.168.1.55","192.168.1.2","TCP","1514","8004  >  36006 [ACK] Seq=91414 Ack=141 Win=65024 Len=1448 TSval=2916036242 TSecr=3045556015 [TCP segment of a reassembled PDU]"
"27643","32.161531069","192.168.1.55","192.168.1.2","TCP","1514","8004  >  36006 [ACK] Seq=92862 Ack=141 Win=65024 Len=1448 TSval=2916036242 TSecr=3045556015 [TCP segment of a reassembled PDU]"
"27644","32.161532180","192.168.1.55","192.168.1.2","TCP","1514","8004  >  36006 [ACK] Seq=94310 Ack=141 Win=65024 Len=1448 TSval=2916036242 TSecr=3045556015 [TCP segment of a reassembled PDU]"
"27645","32.161533439","192.168.1.55","192.168.1.2","TCP","1514","8004  >  36006 [ACK] Seq=95758 Ack=141 Win=65024 Len=1448 TSval=2916036242 TSecr=3045556015 [TCP segment of a reassembled PDU]"
"27646","32.161534680","192.168.1.55","192.168.1.2","TCP","1514","8004  >  36006 [ACK] Seq=97206 Ack=141 Win=65024 Len=1448 TSval=2916036242 TSecr=3045556015 [TCP segment of a reassembled PDU]"
"27647","32.161536013","192.168.1.55","192.168.1.2","TCP","1514","8004  >  36006 [PSH, ACK] Seq=98654 Ack=141 Win=65024 Len=1448 TSval=2916036242 TSecr=3045556015 [TCP segment of a reassembled PDU]"
"27648","32.166025965","192.168.1.2","192.168.1.55","TCP","66","36006  >  8004 [ACK] Seq=141 Ack=45078 Win=82944 Len=0 TSval=3045556020 TSecr=2916036240"
"27649","32.166095891","192.168.1.55","192.168.1.2","TCP","1514","8004  >  36006 [ACK] Seq=100102 Ack=141 Win=65024 Len=1448 TSval=2916036246 TSecr=3045556020 [TCP segment of a reassembled PDU]"
"27650","32.166102039","192.168.1.55","192.168.1.2","TCP","1514","8004  >  36006 [ACK] Seq=101550 Ack=141 Win=65024 Len=1448 TSval=2916036246 TSecr=3045556020 [TCP segment of a reassembled PDU]"
"27651","32.166103521","192.168.1.55","192.168.1.2","TCP","1514","8004  >  36006 [ACK] Seq=102998 Ack=141 Win=65024 Len=1448 TSval=2916036246 TSecr=3045556020 [TCP segment of a reassembled PDU]"
"27652","32.166104965","192.168.1.55","192.168.1.2","TCP","1514","8004  >  36006 [PSH, ACK] Seq=104446 Ack=141 Win=65024 Len=1448 TSval=2916036246 TSecr=3045556020 [TCP segment of a reassembled PDU]"
"27653","32.166212336","192.168.1.2","192.168.1.55","TCP","66","36006  >  8004 [ACK] Seq=141 Ack=68246 Win=66560 Len=0 TSval=3045556020 TSecr=2916036241"
"27654","32.166250299","192.168.1.55","192.168.1.2","TCP","1514","8004  >  36006 [ACK] Seq=105894 Ack=141 Win=65024 Len=1448 TSval=2916036246 TSecr=3045556020 [TCP segment of a reassembled PDU]"
"27655","32.166253428","192.168.1.55","192.168.1.2","TCP","1514","8004  >  36006 [PSH, ACK] Seq=107342 Ack=141 Win=65024 Len=1448 TSval=2916036246 TSecr=3045556020 [TCP segment of a reassembled PDU]"
"27656","32.166302780","192.168.1.55","192.168.1.2","TCP","1514","8004  >  36006 [ACK] Seq=108790 Ack=141 Win=65024 Len=1448 TSval=2916036246 TSecr=3045556020 [TCP segment of a reassembled PDU]"
"27657","32.166305410","192.168.1.55","192.168.1.2","TCP","1514","8004  >  36006 [ACK] Seq=110238 Ack=141 Win=65024 Len=1448 TSval=2916036246 TSecr=3045556020 [TCP segment of a reassembled PDU]"
"27658","32.166306762","192.168.1.55","192.168.1.2","TCP","1514","8004  >  36006 [ACK] Seq=111686 Ack=141 Win=65024 Len=1448 TSval=2916036246 TSecr=3045556020 [TCP segment of a reassembled PDU]"
"27659","32.166308114","192.168.1.55","192.168.1.2","TCP","1514","8004  >  36006 [ACK] Seq=113134 Ack=141 Win=65024 Len=1448 TSval=2916036246 TSecr=3045556020 [TCP segment of a reassembled PDU]"
"27660","32.166309373","192.168.1.55","192.168.1.2","TCP","1514","8004  >  36006 [ACK] Seq=114582 Ack=141 Win=65024 Len=1448 TSval=2916036246 TSecr=3045556020 [TCP segment of a reassembled PDU]"
"27661","32.166310447","192.168.1.55","192.168.1.2","TCP","1514","8004  >  36006 [ACK] Seq=116030 Ack=141 Win=65024 Len=1448 TSval=2916036246 TSecr=3045556020 [TCP segment of a reassembled PDU]"
"27662","32.166312021","192.168.1.55","192.168.1.2","TCP","1514","8004  >  36006 [ACK] Seq=117478 Ack=141 Win=65024 Len=1448 TSval=2916036246 TSecr=3045556020 [TCP segment of a reassembled PDU]"
"27663","32.166313484","192.168.1.55","192.168.1.2","TCP","1514","8004  >  36006 [ACK] Seq=118926 Ack=141 Win=65024 Len=1448 TSval=2916036246 TSecr=3045556020 [TCP segment of a reassembled PDU]"
"27664","32.166314891","192.168.1.55","192.168.1.2","TCP","1514","8004  >  36006 [ACK] Seq=120374 Ack=141 Win=65024 Len=1448 TSval=2916036246 TSecr=3045556020 [TCP segment of a reassembled PDU]"
"27665","32.166316262","192.168.1.55","192.168.1.2","TCP","1514","8004  >  36006 [ACK] Seq=121822 Ack=141 Win=65024 Len=1448 TSval=2916036246 TSecr=3045556020 [TCP segment of a reassembled PDU]"
"27666","32.166317354","192.168.1.55","192.168.1.2","TCP","1514","8004  >  36006 [ACK] Seq=123270 Ack=141 Win=65024 Len=1448 TSval=2916036246 TSecr=3045556020 [TCP segment of a reassembled PDU]"
"27667","32.166318614","192.168.1.55","192.168.1.2","TCP","1514","8004  >  36006 [ACK] Seq=124718 Ack=141 Win=65024 Len=1448 TSval=2916036246 TSecr=3045556020 [TCP segment of a reassembled PDU]"
"27668","32.166319836","192.168.1.55","192.168.1.2","TCP","1514","8004  >  36006 [ACK] Seq=126166 Ack=141 Win=65024 Len=1448 TSval=2916036246 TSecr=3045556020 [TCP segment of a reassembled PDU]"
"27669","32.166321169","192.168.1.55","192.168.1.2","TCP","1514","8004  >  36006 [ACK] Seq=127614 Ack=141 Win=65024 Len=1448 TSval=2916036246 TSecr=3045556020 [TCP segment of a reassembled PDU]"
"27670","32.166322447","192.168.1.55","192.168.1.2","TCP","1514","8004  >  36006 [ACK] Seq=129062 Ack=141 Win=65024 Len=1448 TSval=2916036246 TSecr=3045556020 [TCP segment of a reassembled PDU]"
"27671","32.166323725","192.168.1.55","192.168.1.2","TCP","1514","8004  >  36006 [ACK] Seq=130510 Ack=141 Win=65024 Len=1448 TSval=2916036246 TSecr=3045556020 [TCP segment of a reassembled PDU]"
"27672","32.166325003","192.168.1.55","192.168.1.2","TCP","1514","8004  >  36006 [ACK] Seq=131958 Ack=141 Win=65024 Len=1448 TSval=2916036246 TSecr=3045556020 [TCP segment of a reassembled PDU]"
"27673","32.166326336","192.168.1.55","192.168.1.2","TCP","1466","[TCP Window Full] 8004  >  36006 [PSH, ACK] Seq=133406 Ack=141 Win=65024 Len=1400 TSval=2916036246 TSecr=3045556020 [TCP segment of a reassembled PDU]"
"27674","32.166336484","192.168.1.2","192.168.1.55","TCP","66","36006  >  8004 [ACK] Seq=141 Ack=76934 Win=58368 Len=0 TSval=3045556021 TSecr=2916036241"
"27675","32.166341558","192.168.1.2","192.168.1.55","TCP","66","36006  >  8004 [ACK] Seq=141 Ack=100102 Win=57344 Len=0 TSval=3045556021 TSecr=2916036242"
"27676","32.166368984","192.168.1.55","192.168.1.2","TCP","1514","8004  >  36006 [ACK] Seq=134806 Ack=141 Win=65024 Len=1448 TSval=2916036247 TSecr=3045556021 [TCP segment of a reassembled PDU]"
"27677","32.166373021","192.168.1.55","192.168.1.2","TCP","1514","8004  >  36006 [ACK] Seq=136254 Ack=141 Win=65024 Len=1448 TSval=2916036247 TSecr=3045556021 [TCP segment of a reassembled PDU]"
"27678","32.166374484","192.168.1.55","192.168.1.2","TCP","1514","8004  >  36006 [ACK] Seq=137702 Ack=141 Win=65024 Len=1448 TSval=2916036247 TSecr=3045556021 [TCP segment of a reassembled PDU]"
"27679","32.166376429","192.168.1.55","192.168.1.2","TCP","1514","8004  >  36006 [PSH, ACK] Seq=139150 Ack=141 Win=65024 Len=1448 TSval=2916036247 TSecr=3045556021 [TCP segment of a reassembled PDU]"
"27680","32.166383984","192.168.1.55","192.168.1.2","TCP","114","8004  >  36006 [ACK] Seq=140598 Ack=141 Win=65024 Len=48 TSval=2916036247 TSecr=3045556021 [TCP segment of a reassembled PDU]"
"27681","32.166409188","192.168.1.55","192.168.1.2","TCP","1514","8004  >  36006 [ACK] Seq=140646 Ack=141 Win=65024 Len=1448 TSval=2916036247 TSecr=3045556021 [TCP segment of a reassembled PDU]"
"27682","32.166411021","192.168.1.55","192.168.1.2","TCP","1514","8004  >  36006 [ACK] Seq=142094 Ack=141 Win=65024 Len=1448 TSval=2916036247 TSecr=3045556021 [TCP segment of a reassembled PDU]"
"27683","32.166412743","192.168.1.55","192.168.1.2","TCP","1514","8004  >  36006 [ACK] Seq=143542 Ack=141 Win=65024 Len=1448 TSval=2916036247 TSecr=3045556021 [TCP segment of a reassembled PDU]"
"27684","32.166413799","192.168.1.55","192.168.1.2","TCP","1514","8004  >  36006 [ACK] Seq=144990 Ack=141 Win=65024 Len=1448 TSval=2916036247 TSecr=3045556021 [TCP segment of a reassembled PDU]"
"27685","32.166415410","192.168.1.55","192.168.1.2","TCP","1514","8004  >  36006 [ACK] Seq=146438 Ack=141 Win=65024 Len=1448 TSval=2916036247 TSecr=3045556021 [TCP segment of a reassembled PDU]"
"27686","32.166416503","192.168.1.55","192.168.1.2","TCP","1514","8004  >  36006 [ACK] Seq=147886 Ack=141 Win=65024 Len=1448 TSval=2916036247 TSecr=3045556021 [TCP segment of a reassembled PDU]"
"27687","32.166418503","192.168.1.55","192.168.1.2","TCP","1514","8004  >  36006 [ACK] Seq=149334 Ack=141 Win=65024 Len=1448 TSval=2916036247 TSecr=3045556021 [TCP segment of a reassembled PDU]"
"27688","32.166419873","192.168.1.55","192.168.1.2","TCP","1514","8004  >  36006 [ACK] Seq=150782 Ack=141 Win=65024 Len=1448 TSval=2916036247 TSecr=3045556021 [TCP segment of a reassembled PDU]"
"27689","32.166421077","192.168.1.55","192.168.1.2","TCP","1514","8004  >  36006 [ACK] Seq=152230 Ack=141 Win=65024 Len=1448 TSval=2916036247 TSecr=3045556021 [TCP segment of a reassembled PDU]"
"27690","32.166422225","192.168.1.55","192.168.1.2","TCP","1514","8004  >  36006 [ACK] Seq=153678 Ack=141 Win=65024 Len=1448 TSval=2916036247 TSecr=3045556021 [TCP segment of a reassembled PDU]"
"27691","32.166423521","192.168.1.55","192.168.1.2","TCP","1514","8004  >  36006 [PSH, ACK] Seq=155126 Ack=141 Win=65024 Len=1448 TSval=2916036247 TSecr=3045556021 [TCP segment of a reassembled PDU]"
"27692","32.171991178","192.168.1.2","192.168.1.55","TCP","66","36006  >  8004 [ACK] Seq=141 Ack=105894 Win=79872 Len=0 TSval=3045556026 TSecr=2916036246"
"27693","32.172047845","192.168.1.55","192.168.1.2","TCP","1514","8004  >  36006 [ACK] Seq=156574 Ack=141 Win=65024 Len=1448 TSval=2916036252 TSecr=3045556026 [TCP segment of a reassembled PDU]"
"27694","32.172053067","192.168.1.55","192.168.1.2","TCP","1514","8004  >  36006 [ACK] Seq=158022 Ack=141 Win=65024 Len=1448 TSval=2916036252 TSecr=3045556026 [TCP segment of a reassembled PDU]"
"27695","32.172054512","192.168.1.55","192.168.1.2","TCP","1514","8004  >  36006 [ACK] Seq=159470 Ack=141 Win=65024 Len=1448 TSval=2916036252 TSecr=3045556026 [TCP segment of a reassembled PDU]"
"27696","32.172055641","192.168.1.55","192.168.1.2","TCP","1514","8004  >  36006 [ACK] Seq=160918 Ack=141 Win=65024 Len=1448 TSval=2916036252 TSecr=3045556026 [TCP segment of a reassembled PDU]"
"27697","32.172057067","192.168.1.55","192.168.1.2","TCP","1514","8004  >  36006 [ACK] Seq=162366 Ack=141 Win=65024 Len=1448 TSval=2916036252 TSecr=3045556026 [TCP segment of a reassembled PDU]"
"27698","32.172059197","192.168.1.55","192.168.1.2","TCP","1514","8004  >  36006 [ACK] Seq=163814 Ack=141 Win=65024 Len=1448 TSval=2916036252 TSecr=3045556026 [TCP segment of a reassembled PDU]"
"27699","32.172060808","192.168.1.55","192.168.1.2","TCP","1514","8004  >  36006 [ACK] Seq=165262 Ack=141 Win=65024 Len=1448 TSval=2916036252 TSecr=3045556026 [TCP segment of a reassembled PDU]"
"27700","32.172062049","192.168.1.55","192.168.1.2","TCP","1514","8004  >  36006 [ACK] Seq=166710 Ack=141 Win=65024 Len=1448 TSval=2916036252 TSecr=3045556026 [TCP segment of a reassembled PDU]"
"27701","32.172063734","192.168.1.55","192.168.1.2","TCP","1514","8004  >  36006 [ACK] Seq=168158 Ack=141 Win=65024 Len=1448 TSval=2916036252 TSecr=3045556026 [TCP segment of a reassembled PDU]"
"27702","32.172065900","192.168.1.55","192.168.1.2","TCP","1514","8004  >  36006 [ACK] Seq=169606 Ack=141 Win=65024 Len=1448 TSval=2916036252 TSecr=3045556026 [TCP segment of a reassembled PDU]"
"27703","32.172067271","192.168.1.55","192.168.1.2","TCP","1514","8004  >  36006 [PSH, ACK] Seq=171054 Ack=141 Win=65024 Len=1448 TSval=2916036252 TSecr=3045556026 [TCP segment of a reassembled PDU]"
"27704","32.172123438","192.168.1.2","192.168.1.55","TCP","66","36006  >  8004 [ACK] Seq=141 Ack=134806 Win=54272 Len=0 TSval=3045556026 TSecr=2916036246"
"27705","32.172135289","192.168.1.2","192.168.1.55","TCP","66","36006  >  8004 [ACK] Seq=141 Ack=156574 Win=44032 Len=0 TSval=3045556026 TSecr=2916036247"
"27706","32.172181882","192.168.1.55","192.168.1.2","TCP","1514","8004  >  36006 [ACK] Seq=172502 Ack=141 Win=65024 Len=1448 TSval=2916036252 TSecr=3045556026 [TCP segment of a reassembled PDU]"
"27707","32.172183512","192.168.1.55","192.168.1.2","TCP","1514","8004  >  36006 [ACK] Seq=173950 Ack=141 Win=65024 Len=1448 TSval=2916036252 TSecr=3045556026 [TCP segment of a reassembled PDU]"
"27708","32.172185234","192.168.1.55","192.168.1.2","TCP","1514","8004  >  36006 [ACK] Seq=175398 Ack=141 Win=65024 Len=1448 TSval=2916036252 TSecr=3045556026 [TCP segment of a reassembled PDU]"
"27709","32.172187623","192.168.1.55","192.168.1.2","TCP","1514","8004  >  36006 [ACK] Seq=176846 Ack=141 Win=65024 Len=1448 TSval=2916036252 TSecr=3045556026 [TCP segment of a reassembled PDU]"
"27710","32.172188790","192.168.1.55","192.168.1.2","TCP","1514","8004  >  36006 [ACK] Seq=178294 Ack=141 Win=65024 Len=1448 TSval=2916036252 TSecr=3045556026 [TCP segment of a reassembled PDU]"
"27711","32.172190141","192.168.1.55","192.168.1.2","TCP","1514","8004  >  36006 [ACK] Seq=179742 Ack=141 Win=65024 Len=1448 TSval=2916036252 TSecr=3045556026 [TCP segment of a reassembled PDU]"
"27712","32.172191827","192.168.1.55","192.168.1.2","TCP","1514","8004  >  36006 [ACK] Seq=181190 Ack=141 Win=65024 Len=1448 TSval=2916036252 TSecr=3045556026 [TCP segment of a reassembled PDU]"
"27713","32.172193067","192.168.1.55","192.168.1.2","TCP","1514","8004  >  36006 [ACK] Seq=182638 Ack=141 Win=65024 Len=1448 TSval=2916036252 TSecr=3045556026 [TCP segment of a reassembled PDU]"
"27714","32.172194660","192.168.1.55","192.168.1.2","TCP","1514","8004  >  36006 [ACK] Seq=184086 Ack=141 Win=65024 Len=1448 TSval=2916036252 TSecr=3045556026 [TCP segment of a reassembled PDU]"
"27715","32.172196845","192.168.1.55","192.168.1.2","TCP","1514","8004  >  36006 [ACK] Seq=185534 Ack=141 Win=65024 Len=1448 TSval=2916036252 TSecr=3045556026 [TCP segment of a reassembled PDU]"
"27716","32.172198975","192.168.1.55","192.168.1.2","TCP","1514","8004  >  36006 [ACK] Seq=186982 Ack=141 Win=65024 Len=1448 TSval=2916036252 TSecr=3045556026 [TCP segment of a reassembled PDU]"
"27717","32.172200716","192.168.1.55","192.168.1.2","TCP","1514","8004  >  36006 [ACK] Seq=188430 Ack=141 Win=65024 Len=1448 TSval=2916036252 TSecr=3045556026 [TCP segment of a reassembled PDU]"
"27718","32.172202067","192.168.1.55","192.168.1.2","TCP","1514","8004  >  36006 [ACK] Seq=189878 Ack=141 Win=65024 Len=1448 TSval=2916036252 TSecr=3045556026 [TCP segment of a reassembled PDU]"
"27719","32.172203641","192.168.1.55","192.168.1.2","TCP","1514","8004  >  36006 [ACK] Seq=191326 Ack=141 Win=65024 Len=1448 TSval=2916036252 TSecr=3045556026 [TCP segment of a reassembled PDU]"
"27720","32.172205197","192.168.1.55","192.168.1.2","TCP","1514","8004  >  36006 [ACK] Seq=192774 Ack=141 Win=65024 Len=1448 TSval=2916036252 TSecr=3045556026 [TCP segment of a reassembled PDU]"
"27721","32.172206790","192.168.1.55","192.168.1.2","TCP","1514","8004  >  36006 [ACK] Seq=194222 Ack=141 Win=65024 Len=1448 TSval=2916036252 TSecr=3045556026 [TCP segment of a reassembled PDU]"
"27722","32.172208271","192.168.1.55","192.168.1.2","TCP","1514","8004  >  36006 [ACK] Seq=195670 Ack=141 Win=65024 Len=1448 TSval=2916036252 TSecr=3045556026 [TCP segment of a reassembled PDU]"
"27723","32.172209975","192.168.1.55","192.168.1.2","TCP","1514","8004  >  36006 [ACK] Seq=197118 Ack=141 Win=65024 Len=1448 TSval=2916036252 TSecr=3045556026 [TCP segment of a reassembled PDU]"
"27724","32.172211827","192.168.1.55","192.168.1.2","TCP","1514","8004  >  36006 [ACK] Seq=198566 Ack=141 Win=65024 Len=1448 TSval=2916036252 TSecr=3045556026 [TCP segment of a reassembled PDU]"
"27725","32.172213216","192.168.1.55","192.168.1.2","TCP","658","[TCP Window Full] 8004  >  36006 [PSH, ACK] Seq=200014 Ack=141 Win=65024 Len=592 TSval=2916036252 TSecr=3045556026 [TCP segment of a reassembled PDU]"
"27726","32.176660871","192.168.1.2","192.168.1.55","TCP","66","36006  >  8004 [ACK] Seq=141 Ack=172502 Win=70656 Len=0 TSval=3045556031 TSecr=2916036252"
"27727","32.176675260","192.168.1.55","192.168.1.2","TCP","1514","8004  >  36006 [ACK] Seq=200606 Ack=141 Win=65024 Len=1448 TSval=2916036257 TSecr=3045556031 [TCP segment of a reassembled PDU]"
"27728","32.176677815","192.168.1.55","192.168.1.2","TCP","1514","8004  >  36006 [ACK] Seq=202054 Ack=141 Win=65024 Len=1448 TSval=2916036257 TSecr=3045556031 [TCP segment of a reassembled PDU]"
"27729","32.176679149","192.168.1.55","192.168.1.2","TCP","1514","8004  >  36006 [ACK] Seq=203502 Ack=141 Win=65024 Len=1448 TSval=2916036257 TSecr=3045556031 [TCP segment of a reassembled PDU]"
"27730","32.176680482","192.168.1.55","192.168.1.2","TCP","1514","8004  >  36006 [PSH, ACK] Seq=204950 Ack=141 Win=65024 Len=1448 TSval=2916036257 TSecr=3045556031 [TCP segment of a reassembled PDU]"
"27731","32.176686537","192.168.1.55","192.168.1.2","TCP","922","8004  >  36006 [PSH, ACK] Seq=206398 Ack=141 Win=65024 Len=856 TSval=2916036257 TSecr=3045556031 [TCP segment of a reassembled PDU]"
"27732","32.176711686","192.168.1.55","192.168.1.2","TCP","1514","8004  >  36006 [ACK] Seq=207254 Ack=141 Win=65024 Len=1448 TSval=2916036257 TSecr=3045556031 [TCP segment of a reassembled PDU]"
"27733","32.176713241","192.168.1.55","192.168.1.2","TCP","1514","8004  >  36006 [ACK] Seq=208702 Ack=141 Win=65024 Len=1448 TSval=2916036257 TSecr=3045556031 [TCP segment of a reassembled PDU]"
"27734","32.176715130","192.168.1.55","192.168.1.2","TCP","1514","8004  >  36006 [ACK] Seq=210150 Ack=141 Win=65024 Len=1448 TSval=2916036257 TSecr=3045556031 [TCP segment of a reassembled PDU]"
"27735","32.176716482","192.168.1.55","192.168.1.2","TCP","1514","8004  >  36006 [ACK] Seq=211598 Ack=141 Win=65024 Len=1448 TSval=2916036257 TSecr=3045556031 [TCP segment of a reassembled PDU]"
"27736","32.176717889","192.168.1.55","192.168.1.2","TCP","1514","8004  >  36006 [ACK] Seq=213046 Ack=141 Win=65024 Len=1448 TSval=2916036257 TSecr=3045556031 [TCP segment of a reassembled PDU]"
"27737","32.176719223","192.168.1.55","192.168.1.2","TCP","1514","8004  >  36006 [ACK] Seq=214494 Ack=141 Win=65024 Len=1448 TSval=2916036257 TSecr=3045556031 [TCP segment of a reassembled PDU]"
"27738","32.176720667","192.168.1.55","192.168.1.2","TCP","1514","8004  >  36006 [ACK] Seq=215942 Ack=141 Win=65024 Len=1448 TSval=2916036257 TSecr=3045556031 [TCP segment of a reassembled PDU]"
"27739","32.176722204","192.168.1.55","192.168.1.2","TCP","1514","8004  >  36006 [ACK] Seq=217390 Ack=141 Win=65024 Len=1448 TSval=2916036257 TSecr=3045556031 [TCP segment of a reassembled PDU]"
"27740","32.176723556","192.168.1.55","192.168.1.2","TCP","1514","8004  >  36006 [ACK] Seq=218838 Ack=141 Win=65024 Len=1448 TSval=2916036257 TSecr=3045556031 [TCP segment of a reassembled PDU]"
"27741","32.176724926","192.168.1.55","192.168.1.2","TCP","1514","8004  >  36006 [ACK] Seq=220286 Ack=141 Win=65024 Len=1448 TSval=2916036257 TSecr=3045556031 [TCP segment of a reassembled PDU]"
"27742","32.176726297","192.168.1.55","192.168.1.2","TCP","1514","8004  >  36006 [ACK] Seq=221734 Ack=141 Win=65024 Len=1448 TSval=2916036257 TSecr=3045556031 [TCP segment of a reassembled PDU]"
"27743","32.176727556","192.168.1.55","192.168.1.2","TCP","1514","8004  >  36006 [ACK] Seq=223182 Ack=141 Win=65024 Len=1448 TSval=2916036257 TSecr=3045556031 [TCP segment of a reassembled PDU]"
"27744","32.176728982","192.168.1.55","192.168.1.2","TCP","1514","8004  >  36006 [ACK] Seq=224630 Ack=141 Win=65024 Len=1448 TSval=2916036257 TSecr=3045556031 [TCP segment of a reassembled PDU]"
"27745","32.176730297","192.168.1.55","192.168.1.2","TCP","1514","8004  >  36006 [ACK] Seq=226078 Ack=141 Win=65024 Len=1448 TSval=2916036257 TSecr=3045556031 [TCP segment of a reassembled PDU]"
"27746","32.176731686","192.168.1.55","192.168.1.2","TCP","1514","8004  >  36006 [ACK] Seq=227526 Ack=141 Win=65024 Len=1448 TSval=2916036257 TSecr=3045556031 [TCP segment of a reassembled PDU]"
"27747","32.176733000","192.168.1.55","192.168.1.2","TCP","1514","8004  >  36006 [ACK] Seq=228974 Ack=141 Win=65024 Len=1448 TSval=2916036257 TSecr=3045556031 [TCP segment of a reassembled PDU]"
"27748","32.176734297","192.168.1.55","192.168.1.2","TCP","1514","8004  >  36006 [ACK] Seq=230422 Ack=141 Win=65024 Len=1448 TSval=2916036257 TSecr=3045556031 [TCP segment of a reassembled PDU]"
"27749","32.176735778","192.168.1.55","192.168.1.2","TCP","1514","8004  >  36006 [ACK] Seq=231870 Ack=141 Win=65024 Len=1448 TSval=2916036257 TSecr=3045556031 [TCP segment of a reassembled PDU]"
"27750","32.176737056","192.168.1.55","192.168.1.2","TCP","1514","8004  >  36006 [ACK] Seq=233318 Ack=141 Win=65024 Len=1448 TSval=2916036257 TSecr=3045556031 [TCP segment of a reassembled PDU]"
"27751","32.176738575","192.168.1.55","192.168.1.2","TCP","1514","8004  >  36006 [ACK] Seq=234766 Ack=141 Win=65024 Len=1448 TSval=2916036257 TSecr=3045556031 [TCP segment of a reassembled PDU]"
"27752","32.176739889","192.168.1.55","192.168.1.2","TCP","1514","8004  >  36006 [ACK] Seq=236214 Ack=141 Win=65024 Len=1448 TSval=2916036257 TSecr=3045556031 [TCP segment of a reassembled PDU]"
"27753","32.176741278","192.168.1.55","192.168.1.2","TCP","1514","8004  >  36006 [ACK] Seq=237662 Ack=141 Win=65024 Len=1448 TSval=2916036257 TSecr=3045556031 [TCP segment of a reassembled PDU]"
"27754","32.176742649","192.168.1.55","192.168.1.2","TCP","1514","8004  >  36006 [ACK] Seq=239110 Ack=141 Win=65024 Len=1448 TSval=2916036257 TSecr=3045556031 [TCP segment of a reassembled PDU]"
"27755","32.176744389","192.168.1.55","192.168.1.2","TCP","1514","8004  >  36006 [PSH, ACK] Seq=240558 Ack=141 Win=65024 Len=1448 TSval=2916036257 TSecr=3045556031 [TCP segment of a reassembled PDU]"
"27756","32.176800464","192.168.1.2","192.168.1.55","TCP","66","36006  >  8004 [ACK] Seq=141 Ack=191326 Win=80896 Len=0 TSval=3045556031 TSecr=2916036252"
"27757","32.176833630","192.168.1.55","192.168.1.2","TCP","1514","8004  >  36006 [ACK] Seq=242006 Ack=141 Win=65024 Len=1448 TSval=2916036257 TSecr=3045556031 [TCP segment of a reassembled PDU]"
"27758","32.176835593","192.168.1.55","192.168.1.2","TCP","1514","8004  >  36006 [ACK] Seq=243454 Ack=141 Win=65024 Len=1448 TSval=2916036257 TSecr=3045556031 [TCP segment of a reassembled PDU]"
"27759","32.176836982","192.168.1.55","192.168.1.2","TCP","1514","8004  >  36006 [ACK] Seq=244902 Ack=141 Win=65024 Len=1448 TSval=2916036257 TSecr=3045556031 [TCP segment of a reassembled PDU]"
"27760","32.176838482","192.168.1.55","192.168.1.2","TCP","1514","8004  >  36006 [ACK] Seq=246350 Ack=141 Win=65024 Len=1448 TSval=2916036257 TSecr=3045556031 [TCP segment of a reassembled PDU]"
"27761","32.176839778","192.168.1.55","192.168.1.2","TCP","1514","8004  >  36006 [ACK] Seq=247798 Ack=141 Win=65024 Len=1448 TSval=2916036257 TSecr=3045556031 [TCP segment of a reassembled PDU]"
"27762","32.176841075","192.168.1.55","192.168.1.2","TCP","1514","8004  >  36006 [ACK] Seq=249246 Ack=141 Win=65024 Len=1448 TSval=2916036257 TSecr=3045556031 [TCP segment of a reassembled PDU]"
"27763","32.176842371","192.168.1.55","192.168.1.2","TCP","1514","8004  >  36006 [ACK] Seq=250694 Ack=141 Win=65024 Len=1448 TSval=2916036257 TSecr=3045556031 [TCP segment of a reassembled PDU]"
"27764","32.176843704","192.168.1.55","192.168.1.2","TCP","1514","8004  >  36006 [ACK] Seq=252142 Ack=141 Win=65024 Len=1448 TSval=2916036257 TSecr=3045556031 [TCP segment of a reassembled PDU]"
"27765","32.176845186","192.168.1.55","192.168.1.2","TCP","1514","8004  >  36006 [ACK] Seq=253590 Ack=141 Win=65024 Len=1448 TSval=2916036257 TSecr=3045556031 [TCP segment of a reassembled PDU]"
"27766","32.176846482","192.168.1.55","192.168.1.2","TCP","1514","8004  >  36006 [ACK] Seq=255038 Ack=141 Win=65024 Len=1448 TSval=2916036257 TSecr=3045556031 [TCP segment of a reassembled PDU]"
"27767","32.176848334","192.168.1.55","192.168.1.2","TCP","1514","8004  >  36006 [ACK] Seq=256486 Ack=141 Win=65024 Len=1448 TSval=2916036257 TSecr=3045556031 [TCP segment of a reassembled PDU]"
"27768","32.176849686","192.168.1.55","192.168.1.2","TCP","1514","8004  >  36006 [ACK] Seq=257934 Ack=141 Win=65024 Len=1448 TSval=2916036257 TSecr=3045556031 [TCP segment of a reassembled PDU]"
"27769","32.176851038","192.168.1.55","192.168.1.2","TCP","1514","8004  >  36006 [ACK] Seq=259382 Ack=141 Win=65024 Len=1448 TSval=2916036257 TSecr=3045556031 [TCP segment of a reassembled PDU]"
"27770","32.176852538","192.168.1.55","192.168.1.2","TCP","1514","8004  >  36006 [ACK] Seq=260830 Ack=141 Win=65024 Len=1448 TSval=2916036257 TSecr=3045556031 [TCP segment of a reassembled PDU]"
"27771","32.176853815","192.168.1.55","192.168.1.2","TCP","1514","8004  >  36006 [ACK] Seq=262278 Ack=141 Win=65024 Len=1448 TSval=2916036257 TSecr=3045556031 [TCP segment of a reassembled PDU]"
"27772","32.176855093","192.168.1.55","192.168.1.2","TCP","1514","8004  >  36006 [ACK] Seq=263726 Ack=141 Win=65024 Len=1448 TSval=2916036257 TSecr=3045556031 [TCP segment of a reassembled PDU]"
"27773","32.176863167","192.168.1.55","192.168.1.2","TCP","1514","8004  >  36006 [ACK] Seq=265174 Ack=141 Win=65024 Len=1448 TSval=2916036257 TSecr=3045556031 [TCP segment of a reassembled PDU]"
"27774","32.176865241","192.168.1.55","192.168.1.2","TCP","1514","8004  >  36006 [ACK] Seq=266622 Ack=141 Win=65024 Len=1448 TSval=2916036257 TSecr=3045556031 [TCP segment of a reassembled PDU]"
"27775","32.176866612","192.168.1.55","192.168.1.2","TCP","1514","8004  >  36006 [ACK] Seq=268070 Ack=141 Win=65024 Len=1448 TSval=2916036257 TSecr=3045556031 [TCP segment of a reassembled PDU]"
"27776","32.176867890","192.168.1.55","192.168.1.2","TCP","1514","8004  >  36006 [PSH, ACK] Seq=269518 Ack=141 Win=65024 Len=1448 TSval=2916036257 TSecr=3045556031 [TCP segment of a reassembled PDU]"
"27777","32.176872612","192.168.1.2","192.168.1.55","TCP","66","36006  >  8004 [ACK] Seq=141 Ack=200606 Win=89088 Len=0 TSval=3045556032 TSecr=2916036252"
"27778","32.176889723","192.168.1.55","192.168.1.2","TCP","1514","8004  >  36006 [ACK] Seq=270966 Ack=141 Win=65024 Len=1448 TSval=2916036257 TSecr=3045556032 [TCP segment of a reassembled PDU]"
"27779","32.176891556","192.168.1.55","192.168.1.2","TCP","1514","8004  >  36006 [ACK] Seq=272414 Ack=141 Win=65024 Len=1448 TSval=2916036257 TSecr=3045556032 [TCP segment of a reassembled PDU]"
"27780","32.176892853","192.168.1.55","192.168.1.2","TCP","1514","8004  >  36006 [ACK] Seq=273862 Ack=141 Win=65024 Len=1448 TSval=2916036257 TSecr=3045556032 [TCP segment of a reassembled PDU]"
"27781","32.176894297","192.168.1.55","192.168.1.2","TCP","1514","8004  >  36006 [ACK] Seq=275310 Ack=141 Win=65024 Len=1448 TSval=2916036257 TSecr=3045556032 [TCP segment of a reassembled PDU]"
"27782","32.176895704","192.168.1.55","192.168.1.2","TCP","1514","8004  >  36006 [ACK] Seq=276758 Ack=141 Win=65024 Len=1448 TSval=2916036257 TSecr=3045556032 [TCP segment of a reassembled PDU]"
"27783","32.176897149","192.168.1.55","192.168.1.2","TCP","1514","8004  >  36006 [ACK] Seq=278206 Ack=141 Win=65024 Len=1448 TSval=2916036257 TSecr=3045556032 [TCP segment of a reassembled PDU]"
"27784","32.176898556","192.168.1.55","192.168.1.2","TCP","1514","8004  >  36006 [ACK] Seq=279654 Ack=141 Win=65024 Len=1448 TSval=2916036257 TSecr=3045556032 [TCP segment of a reassembled PDU]"
"27785","32.176899853","192.168.1.55","192.168.1.2","TCP","1514","8004  >  36006 [PSH, ACK] Seq=281102 Ack=141 Win=65024 Len=1448 TSval=2916036257 TSecr=3045556032 [TCP segment of a reassembled PDU]"
"27786","32.176912241","192.168.1.55","192.168.1.2","TCP","1514","8004  >  36006 [ACK] Seq=282550 Ack=141 Win=65024 Len=1448 TSval=2916036257 TSecr=3045556032 [TCP segment of a reassembled PDU]"
"27787","32.176914075","192.168.1.55","192.168.1.2","TCP","1514","8004  >  36006 [ACK] Seq=283998 Ack=141 Win=65024 Len=1448 TSval=2916036257 TSecr=3045556032 [TCP segment of a reassembled PDU]"
"27788","32.176915741","192.168.1.55","192.168.1.2","TCP","1514","8004  >  36006 [ACK] Seq=285446 Ack=141 Win=65024 Len=1448 TSval=2916036257 TSecr=3045556032 [TCP segment of a reassembled PDU]"
"27789","32.176917019","192.168.1.55","192.168.1.2","TCP","1514","8004  >  36006 [PSH, ACK] Seq=286894 Ack=141 Win=65024 Len=1448 TSval=2916036257 TSecr=3045556032 [TCP segment of a reassembled PDU]"
"27790","32.186979369","192.168.1.2","192.168.1.55","TCP","66","36006  >  8004 [ACK] Seq=141 Ack=206398 Win=92160 Len=0 TSval=3045556040 TSecr=2916036257"
"27791","32.187036461","192.168.1.55","192.168.1.2","TCP","1514","8004  >  36006 [ACK] Seq=288342 Ack=141 Win=65024 Len=1448 TSval=2916036267 TSecr=3045556040 [TCP segment of a reassembled PDU]"
"27792","32.187040609","192.168.1.55","192.168.1.2","TCP","1514","8004  >  36006 [ACK] Seq=289790 Ack=141 Win=65024 Len=1448 TSval=2916036267 TSecr=3045556040 [TCP segment of a reassembled PDU]"
"27793","32.187041887","192.168.1.55","192.168.1.2","TCP","1514","8004  >  36006 [ACK] Seq=291238 Ack=141 Win=65024 Len=1448 TSval=2916036267 TSecr=3045556040 [TCP segment of a reassembled PDU]"
"27794","32.187043572","192.168.1.55","192.168.1.2","TCP","1514","8004  >  36006 [ACK] Seq=292686 Ack=141 Win=65024 Len=1448 TSval=2916036267 TSecr=3045556040 [TCP segment of a reassembled PDU]"
"27795","32.187046517","192.168.1.55","192.168.1.2","TCP","1514","8004  >  36006 [ACK] Seq=294134 Ack=141 Win=65024 Len=1448 TSval=2916036267 TSecr=3045556040 [TCP segment of a reassembled PDU]"
"27796","32.187047906","192.168.1.55","192.168.1.2","TCP","1514","8004  >  36006 [ACK] Seq=295582 Ack=141 Win=65024 Len=1448 TSval=2916036267 TSecr=3045556040 [TCP segment of a reassembled PDU]"
"27797","32.187049480","192.168.1.55","192.168.1.2","TCP","1514","8004  >  36006 [PSH, ACK] Seq=297030 Ack=141 Win=65024 Len=1448 TSval=2916036267 TSecr=3045556040 [TCP segment of a reassembled PDU]"
"27798","32.187079665","192.168.1.2","192.168.1.55","TCP","66","36006  >  8004 [ACK] Seq=141 Ack=230422 Win=70656 Len=0 TSval=3045556040 TSecr=2916036257"
"27799","32.189299631","192.168.1.2","192.168.1.55","TCP","66","36006  >  8004 [ACK] Seq=141 Ack=242006 Win=89088 Len=0 TSval=3045556042 TSecr=2916036257"
"27800","32.189332724","192.168.1.55","192.168.1.2","TCP","1514","8004  >  36006 [ACK] Seq=298478 Ack=141 Win=65024 Len=1448 TSval=2916036270 TSecr=3045556042 [TCP segment of a reassembled PDU]"
"27801","32.189336150","192.168.1.55","192.168.1.2","TCP","1514","8004  >  36006 [ACK] Seq=299926 Ack=141 Win=65024 Len=1448 TSval=2916036270 TSecr=3045556042 [TCP segment of a reassembled PDU]"
"27802","32.189338169","192.168.1.55","192.168.1.2","TCP","1514","8004  >  36006 [ACK] Seq=301374 Ack=141 Win=65024 Len=1448 TSval=2916036270 TSecr=3045556042 [TCP segment of a reassembled PDU]"
"27803","32.189339650","192.168.1.55","192.168.1.2","TCP","1514","8004  >  36006 [ACK] Seq=302822 Ack=141 Win=65024 Len=1448 TSval=2916036270 TSecr=3045556042 [TCP segment of a reassembled PDU]"
"27804","32.189341131","192.168.1.55","192.168.1.2","TCP","1514","8004  >  36006 [ACK] Seq=304270 Ack=141 Win=65024 Len=1448 TSval=2916036270 TSecr=3045556042 [TCP segment of a reassembled PDU]"
"27805","32.189344039","192.168.1.55","192.168.1.2","TCP","1514","8004  >  36006 [ACK] Seq=305718 Ack=141 Win=65024 Len=1448 TSval=2916036270 TSecr=3045556042 [TCP segment of a reassembled PDU]"
"27806","32.189345594","192.168.1.55","192.168.1.2","TCP","1514","8004  >  36006 [ACK] Seq=307166 Ack=141 Win=65024 Len=1448 TSval=2916036270 TSecr=3045556042 [TCP segment of a reassembled PDU]"
"27807","32.189347909","192.168.1.55","192.168.1.2","TCP","1514","8004  >  36006 [ACK] Seq=308614 Ack=141 Win=65024 Len=1448 TSval=2916036270 TSecr=3045556042 [TCP segment of a reassembled PDU]"
"27808","32.189349909","192.168.1.55","192.168.1.2","TCP","1514","8004  >  36006 [ACK] Seq=310062 Ack=141 Win=65024 Len=1448 TSval=2916036270 TSecr=3045556042 [TCP segment of a reassembled PDU]"
"27809","32.189351909","192.168.1.55","192.168.1.2","TCP","1514","8004  >  36006 [ACK] Seq=311510 Ack=141 Win=65024 Len=1448 TSval=2916036270 TSecr=3045556042 [TCP segment of a reassembled PDU]"
"27810","32.189353317","192.168.1.55","192.168.1.2","TCP","1514","8004  >  36006 [ACK] Seq=312958 Ack=141 Win=65024 Len=1448 TSval=2916036270 TSecr=3045556042 [TCP segment of a reassembled PDU]"
"27811","32.189355743","192.168.1.55","192.168.1.2","TCP","1514","8004  >  36006 [ACK] Seq=314406 Ack=141 Win=65024 Len=1448 TSval=2916036270 TSecr=3045556042 [TCP segment of a reassembled PDU]"
"27812","32.189357502","192.168.1.55","192.168.1.2","TCP","1514","8004  >  36006 [ACK] Seq=315854 Ack=141 Win=65024 Len=1448 TSval=2916036270 TSecr=3045556042 [TCP segment of a reassembled PDU]"
"27813","32.189358928","192.168.1.55","192.168.1.2","TCP","1514","8004  >  36006 [ACK] Seq=317302 Ack=141 Win=65024 Len=1448 TSval=2916036270 TSecr=3045556042 [TCP segment of a reassembled PDU]"
"27814","32.189360872","192.168.1.55","192.168.1.2","TCP","1514","8004  >  36006 [ACK] Seq=318750 Ack=141 Win=65024 Len=1448 TSval=2916036270 TSecr=3045556042 [TCP segment of a reassembled PDU]"
"27815","32.189362557","192.168.1.55","192.168.1.2","TCP","1514","8004  >  36006 [ACK] Seq=320198 Ack=141 Win=65024 Len=1448 TSval=2916036270 TSecr=3045556042 [TCP segment of a reassembled PDU]"
"27816","32.189364409","192.168.1.55","192.168.1.2","TCP","1514","8004  >  36006 [PSH, ACK] Seq=321646 Ack=141 Win=65024 Len=1448 TSval=2916036270 TSecr=3045556042 [TCP segment of a reassembled PDU]"
"27817","32.189438335","192.168.1.2","192.168.1.55","TCP","66","36006  >  8004 [ACK] Seq=141 Ack=270966 Win=73728 Len=0 TSval=3045556042 TSecr=2916036257"
"27818","32.189449761","192.168.1.2","192.168.1.55","TCP","66","36006  >  8004 [ACK] Seq=141 Ack=282550 Win=63488 Len=0 TSval=3045556042 TSecr=2916036257"
"27819","32.189483909","192.168.1.55","192.168.1.2","TCP","1514","8004  >  36006 [ACK] Seq=323094 Ack=141 Win=65024 Len=1448 TSval=2916036270 TSecr=3045556042 [TCP segment of a reassembled PDU]"
"27820","32.189487372","192.168.1.55","192.168.1.2","TCP","1514","8004  >  36006 [ACK] Seq=324542 Ack=141 Win=65024 Len=1448 TSval=2916036270 TSecr=3045556042 [TCP segment of a reassembled PDU]"
"27821","32.189489021","192.168.1.55","192.168.1.2","TCP","1514","8004  >  36006 [ACK] Seq=325990 Ack=141 Win=65024 Len=1448 TSval=2916036270 TSecr=3045556042 [TCP segment of a reassembled PDU]"
"27822","32.189491780","192.168.1.55","192.168.1.2","TCP","1514","8004  >  36006 [ACK] Seq=327438 Ack=141 Win=65024 Len=1448 TSval=2916036270 TSecr=3045556042 [TCP segment of a reassembled PDU]"
"27823","32.189493595","192.168.1.55","192.168.1.2","TCP","1514","8004  >  36006 [ACK] Seq=328886 Ack=141 Win=65024 Len=1448 TSval=2916036270 TSecr=3045556042 [TCP segment of a reassembled PDU]"
"27824","32.189495076","192.168.1.55","192.168.1.2","TCP","1514","8004  >  36006 [ACK] Seq=330334 Ack=141 Win=65024 Len=1448 TSval=2916036270 TSecr=3045556042 [TCP segment of a reassembled PDU]"
"27825","32.189496539","192.168.1.55","192.168.1.2","TCP","1514","8004  >  36006 [ACK] Seq=331782 Ack=141 Win=65024 Len=1448 TSval=2916036270 TSecr=3045556042 [TCP segment of a reassembled PDU]"
"27826","32.189498706","192.168.1.55","192.168.1.2","TCP","1514","8004  >  36006 [ACK] Seq=333230 Ack=141 Win=65024 Len=1448 TSval=2916036270 TSecr=3045556042 [TCP segment of a reassembled PDU]"
"27827","32.189500650","192.168.1.55","192.168.1.2","TCP","1514","8004  >  36006 [ACK] Seq=334678 Ack=141 Win=65024 Len=1448 TSval=2916036270 TSecr=3045556042 [TCP segment of a reassembled PDU]"
"27828","32.189502076","192.168.1.55","192.168.1.2","TCP","1514","8004  >  36006 [ACK] Seq=336126 Ack=141 Win=65024 Len=1448 TSval=2916036270 TSecr=3045556042 [TCP segment of a reassembled PDU]"
"27829","32.189503502","192.168.1.55","192.168.1.2","TCP","1514","8004  >  36006 [ACK] Seq=337574 Ack=141 Win=65024 Len=1448 TSval=2916036270 TSecr=3045556042 [TCP segment of a reassembled PDU]"
"27830","32.189505854","192.168.1.55","192.168.1.2","TCP","1514","8004  >  36006 [ACK] Seq=339022 Ack=141 Win=65024 Len=1448 TSval=2916036270 TSecr=3045556042 [TCP segment of a reassembled PDU]"
"27831","32.189507613","192.168.1.55","192.168.1.2","TCP","1514","8004  >  36006 [ACK] Seq=340470 Ack=141 Win=65024 Len=1448 TSval=2916036270 TSecr=3045556042 [TCP segment of a reassembled PDU]"
"27832","32.189509076","192.168.1.55","192.168.1.2","TCP","1514","8004  >  36006 [ACK] Seq=341918 Ack=141 Win=65024 Len=1448 TSval=2916036270 TSecr=3045556042 [TCP segment of a reassembled PDU]"
"27833","32.189511521","192.168.1.55","192.168.1.2","TCP","1514","8004  >  36006 [ACK] Seq=343366 Ack=141 Win=65024 Len=1448 TSval=2916036270 TSecr=3045556042 [TCP segment of a reassembled PDU]"
"27834","32.189513298","192.168.1.55","192.168.1.2","TCP","1290","[TCP Window Full] 8004  >  36006 [PSH, ACK] Seq=344814 Ack=141 Win=65024 Len=1224 TSval=2916036270 TSecr=3045556042 [TCP segment of a reassembled PDU]"
"27835","32.192675822","192.168.1.2","192.168.1.55","TCP","66","36006  >  8004 [ACK] Seq=141 Ack=288342 Win=90112 Len=0 TSval=3045556044 TSecr=2916036257"
"27836","32.192693766","192.168.1.55","192.168.1.2","TCP","1514","8004  >  36006 [ACK] Seq=346038 Ack=141 Win=65024 Len=1448 TSval=2916036273 TSecr=3045556044 [TCP segment of a reassembled PDU]"
"27837","32.192696285","192.168.1.55","192.168.1.2","TCP","1514","8004  >  36006 [ACK] Seq=347486 Ack=141 Win=65024 Len=1448 TSval=2916036273 TSecr=3045556044 [TCP segment of a reassembled PDU]"
"27838","32.192697766","192.168.1.55","192.168.1.2","TCP","1514","8004  >  36006 [ACK] Seq=348934 Ack=141 Win=65024 Len=1448 TSval=2916036273 TSecr=3045556044 [TCP segment of a reassembled PDU]"
"27839","32.192699044","192.168.1.55","192.168.1.2","TCP","1514","8004  >  36006 [ACK] Seq=350382 Ack=141 Win=65024 Len=1448 TSval=2916036273 TSecr=3045556044 [TCP segment of a reassembled PDU]"
"27840","32.192700507","192.168.1.55","192.168.1.2","TCP","1514","8004  >  36006 [ACK] Seq=351830 Ack=141 Win=65024 Len=1448 TSval=2916036273 TSecr=3045556044 [TCP segment of a reassembled PDU]"
"27841","32.192701785","192.168.1.55","192.168.1.2","TCP","1514","8004  >  36006 [ACK] Seq=353278 Ack=141 Win=65024 Len=1448 TSval=2916036273 TSecr=3045556044 [TCP segment of a reassembled PDU]"
"27842","32.192703155","192.168.1.55","192.168.1.2","TCP","1514","8004  >  36006 [ACK] Seq=354726 Ack=141 Win=65024 Len=1448 TSval=2916036273 TSecr=3045556044 [TCP segment of a reassembled PDU]"
"27843","32.192704489","192.168.1.55","192.168.1.2","TCP","1514","8004  >  36006 [ACK] Seq=356174 Ack=141 Win=65024 Len=1448 TSval=2916036273 TSecr=3045556044 [TCP segment of a reassembled PDU]"
"27844","32.192705896","192.168.1.55","192.168.1.2","TCP","1514","8004  >  36006 [ACK] Seq=357622 Ack=141 Win=65024 Len=1448 TSval=2916036273 TSecr=3045556044 [TCP segment of a reassembled PDU]"
"27845","32.192707192","192.168.1.55","192.168.1.2","TCP","1514","8004  >  36006 [ACK] Seq=359070 Ack=141 Win=65024 Len=1448 TSval=2916036273 TSecr=3045556044 [TCP segment of a reassembled PDU]"
"27846","32.192708452","192.168.1.55","192.168.1.2","TCP","1514","8004  >  36006 [ACK] Seq=360518 Ack=141 Win=65024 Len=1448 TSval=2916036273 TSecr=3045556044 [TCP segment of a reassembled PDU]"
"27847","32.192709748","192.168.1.55","192.168.1.2","TCP","1514","8004  >  36006 [PSH, ACK] Seq=361966 Ack=141 Win=65024 Len=1448 TSval=2916036273 TSecr=3045556044 [TCP segment of a reassembled PDU]"
"27848","32.192716007","192.168.1.55","192.168.1.2","TCP","290","8004  >  36006 [ACK] Seq=363414 Ack=141 Win=65024 Len=224 TSval=2916036273 TSecr=3045556044 [TCP segment of a reassembled PDU]"
"27849","32.192802915","192.168.1.2","192.168.1.55","TCP","66","36006  >  8004 [ACK] Seq=141 Ack=289790 Win=95232 Len=0 TSval=3045556044 TSecr=2916036267"
"27850","32.192809415","192.168.1.2","192.168.1.55","TCP","66","36006  >  8004 [ACK] Seq=141 Ack=291238 Win=97280 Len=0 TSval=3045556044 TSecr=2916036267"
"27851","32.193409582","192.168.1.2","192.168.1.55","TCP","66","36006  >  8004 [ACK] Seq=141 Ack=298478 Win=112640 Len=0 TSval=3045556046 TSecr=2916036267"
"27852","32.193440953","192.168.1.55","192.168.1.2","TCP","1514","8004  >  36006 [ACK] Seq=363638 Ack=141 Win=65024 Len=1448 TSval=2916036274 TSecr=3045556046 [TCP segment of a reassembled PDU]"
"27853","32.193443527","192.168.1.55","192.168.1.2","TCP","1514","8004  >  36006 [ACK] Seq=365086 Ack=141 Win=65024 Len=1448 TSval=2916036274 TSecr=3045556046 [TCP segment of a reassembled PDU]"
"27854","32.193444934","192.168.1.55","192.168.1.2","TCP","1514","8004  >  36006 [ACK] Seq=366534 Ack=141 Win=65024 Len=1448 TSval=2916036274 TSecr=3045556046 [TCP segment of a reassembled PDU]"
"27855","32.193446305","192.168.1.55","192.168.1.2","TCP","1514","8004  >  36006 [ACK] Seq=367982 Ack=141 Win=65024 Len=1448 TSval=2916036274 TSecr=3045556046 [TCP segment of a reassembled PDU]"
"27856","32.193447657","192.168.1.55","192.168.1.2","TCP","1514","8004  >  36006 [ACK] Seq=369430 Ack=141 Win=65024 Len=1448 TSval=2916036274 TSecr=3045556046 [TCP segment of a reassembled PDU]"
"27857","32.193448971","192.168.1.55","192.168.1.2","TCP","1514","8004  >  36006 [ACK] Seq=370878 Ack=141 Win=65024 Len=1448 TSval=2916036274 TSecr=3045556046 [TCP segment of a reassembled PDU]"
"27858","32.193450305","192.168.1.55","192.168.1.2","TCP","1514","8004  >  36006 [ACK] Seq=372326 Ack=141 Win=65024 Len=1448 TSval=2916036274 TSecr=3045556046 [TCP segment of a reassembled PDU]"
"27859","32.193451675","192.168.1.55","192.168.1.2","TCP","1514","8004  >  36006 [ACK] Seq=373774 Ack=141 Win=65024 Len=1448 TSval=2916036274 TSecr=3045556046 [TCP segment of a reassembled PDU]"
"27860","32.193452953","192.168.1.55","192.168.1.2","TCP","1514","8004  >  36006 [ACK] Seq=375222 Ack=141 Win=65024 Len=1448 TSval=2916036274 TSecr=3045556046 [TCP segment of a reassembled PDU]"
"27861","32.193454249","192.168.1.55","192.168.1.2","TCP","1514","8004  >  36006 [ACK] Seq=376670 Ack=141 Win=65024 Len=1448 TSval=2916036274 TSecr=3045556046 [TCP segment of a reassembled PDU]"
"27862","32.193455990","192.168.1.55","192.168.1.2","TCP","1514","8004  >  36006 [ACK] Seq=378118 Ack=141 Win=65024 Len=1448 TSval=2916036274 TSecr=3045556046 [TCP segment of a reassembled PDU]"
"27863","32.193457286","192.168.1.55","192.168.1.2","TCP","1514","8004  >  36006 [ACK] Seq=379566 Ack=141 Win=65024 Len=1448 TSval=2916036274 TSecr=3045556046 [TCP segment of a reassembled PDU]"
"27864","32.193458786","192.168.1.55","192.168.1.2","TCP","1514","8004  >  36006 [ACK] Seq=381014 Ack=141 Win=65024 Len=1448 TSval=2916036274 TSecr=3045556046 [TCP segment of a reassembled PDU]"
"27865","32.193460082","192.168.1.55","192.168.1.2","TCP","1514","8004  >  36006 [ACK] Seq=382462 Ack=141 Win=65024 Len=1448 TSval=2916036274 TSecr=3045556046 [TCP segment of a reassembled PDU]"
"27866","32.193461360","192.168.1.55","192.168.1.2","TCP","1514","8004  >  36006 [ACK] Seq=383910 Ack=141 Win=65024 Len=1448 TSval=2916036274 TSecr=3045556046 [TCP segment of a reassembled PDU]"
"27867","32.193462768","192.168.1.55","192.168.1.2","TCP","1514","8004  >  36006 [ACK] Seq=385358 Ack=141 Win=65024 Len=1448 TSval=2916036274 TSecr=3045556046 [TCP segment of a reassembled PDU]"
"27868","32.193464119","192.168.1.55","192.168.1.2","TCP","1514","8004  >  36006 [ACK] Seq=386806 Ack=141 Win=65024 Len=1448 TSval=2916036274 TSecr=3045556046 [TCP segment of a reassembled PDU]"
"27869","32.193465545","192.168.1.55","192.168.1.2","TCP","1514","8004  >  36006 [ACK] Seq=388254 Ack=141 Win=65024 Len=1448 TSval=2916036274 TSecr=3045556046 [TCP segment of a reassembled PDU]"
"27870","32.193466897","192.168.1.55","192.168.1.2","TCP","1514","8004  >  36006 [ACK] Seq=389702 Ack=141 Win=65024 Len=1448 TSval=2916036274 TSecr=3045556046 [TCP segment of a reassembled PDU]"
"27871","32.193468249","192.168.1.55","192.168.1.2","TCP","1514","8004  >  36006 [ACK] Seq=391150 Ack=141 Win=65024 Len=1448 TSval=2916036274 TSecr=3045556046 [TCP segment of a reassembled PDU]"
"27872","32.193469675","192.168.1.55","192.168.1.2","TCP","1514","8004  >  36006 [ACK] Seq=392598 Ack=141 Win=65024 Len=1448 TSval=2916036274 TSecr=3045556046 [TCP segment of a reassembled PDU]"
"27873","32.193471064","192.168.1.55","192.168.1.2","TCP","1514","8004  >  36006 [ACK] Seq=394046 Ack=141 Win=65024 Len=1448 TSval=2916036274 TSecr=3045556046 [TCP segment of a reassembled PDU]"
"27874","32.193472416","192.168.1.55","192.168.1.2","TCP","1514","8004  >  36006 [ACK] Seq=395494 Ack=141 Win=65024 Len=1448 TSval=2916036274 TSecr=3045556046 [TCP segment of a reassembled PDU]"
"27875","32.193473731","192.168.1.55","192.168.1.2","TCP","1514","8004  >  36006 [ACK] Seq=396942 Ack=141 Win=65024 Len=1448 TSval=2916036274 TSecr=3045556046 [TCP segment of a reassembled PDU]"
"27876","32.193475082","192.168.1.55","192.168.1.2","TCP","1514","8004  >  36006 [ACK] Seq=398390 Ack=141 Win=65024 Len=1448 TSval=2916036274 TSecr=3045556046 [TCP segment of a reassembled PDU]"
"27877","32.193476453","192.168.1.55","192.168.1.2","TCP","1514","8004  >  36006 [ACK] Seq=399838 Ack=141 Win=65024 Len=1448 TSval=2916036274 TSecr=3045556046 [TCP segment of a reassembled PDU]"
"27878","32.193477731","192.168.1.55","192.168.1.2","TCP","1514","8004  >  36006 [ACK] Seq=401286 Ack=141 Win=65024 Len=1448 TSval=2916036274 TSecr=3045556046 [TCP segment of a reassembled PDU]"
"27879","32.193479120","192.168.1.55","192.168.1.2","TCP","1514","8004  >  36006 [PSH, ACK] Seq=402734 Ack=141 Win=65024 Len=1448 TSval=2916036274 TSecr=3045556046 [TCP segment of a reassembled PDU]"
"27880","32.197543219","192.168.1.2","192.168.1.55","TCP","66","36006  >  8004 [ACK] Seq=141 Ack=323094 Win=146432 Len=0 TSval=3045556049 TSecr=2916036270"
"27881","32.197576256","192.168.1.55","192.168.1.2","TCP","1514","8004  >  36006 [ACK] Seq=404182 Ack=141 Win=65024 Len=1448 TSval=2916036278 TSecr=3045556049 [TCP segment of a reassembled PDU]"
"27882","32.197578811","192.168.1.55","192.168.1.2","TCP","1514","8004  >  36006 [ACK] Seq=405630 Ack=141 Win=65024 Len=1448 TSval=2916036278 TSecr=3045556049 [TCP segment of a reassembled PDU]"
"27883","32.197580219","192.168.1.55","192.168.1.2","TCP","1514","8004  >  36006 [ACK] Seq=407078 Ack=141 Win=65024 Len=1448 TSval=2916036278 TSecr=3045556049 [TCP segment of a reassembled PDU]"
"27884","32.197581719","192.168.1.55","192.168.1.2","TCP","1514","8004  >  36006 [ACK] Seq=408526 Ack=141 Win=65024 Len=1448 TSval=2916036278 TSecr=3045556049 [TCP segment of a reassembled PDU]"
"27885","32.197583107","192.168.1.55","192.168.1.2","TCP","1514","8004  >  36006 [ACK] Seq=409974 Ack=141 Win=65024 Len=1448 TSval=2916036278 TSecr=3045556049 [TCP segment of a reassembled PDU]"
"27886","32.197584515","192.168.1.55","192.168.1.2","TCP","1514","8004  >  36006 [ACK] Seq=411422 Ack=141 Win=65024 Len=1448 TSval=2916036278 TSecr=3045556049 [TCP segment of a reassembled PDU]"
"27887","32.197585793","192.168.1.55","192.168.1.2","TCP","1514","8004  >  36006 [ACK] Seq=412870 Ack=141 Win=65024 Len=1448 TSval=2916036278 TSecr=3045556049 [TCP segment of a reassembled PDU]"
"27888","32.197587237","192.168.1.55","192.168.1.2","TCP","1514","8004  >  36006 [ACK] Seq=414318 Ack=141 Win=65024 Len=1448 TSval=2916036278 TSecr=3045556049 [TCP segment of a reassembled PDU]"
"27889","32.197589108","192.168.1.55","192.168.1.2","TCP","1514","8004  >  36006 [ACK] Seq=415766 Ack=141 Win=65024 Len=1448 TSval=2916036278 TSecr=3045556049 [TCP segment of a reassembled PDU]"
"27890","32.197590404","192.168.1.55","192.168.1.2","TCP","1514","8004  >  36006 [ACK] Seq=417214 Ack=141 Win=65024 Len=1448 TSval=2916036278 TSecr=3045556049 [TCP segment of a reassembled PDU]"
"27891","32.197591848","192.168.1.55","192.168.1.2","TCP","1514","8004  >  36006 [ACK] Seq=418662 Ack=141 Win=65024 Len=1448 TSval=2916036278 TSecr=3045556049 [TCP segment of a reassembled PDU]"
"27892","32.197593163","192.168.1.55","192.168.1.2","TCP","1514","8004  >  36006 [ACK] Seq=420110 Ack=141 Win=65024 Len=1448 TSval=2916036278 TSecr=3045556049 [TCP segment of a reassembled PDU]"
"27893","32.197594552","192.168.1.55","192.168.1.2","TCP","1514","8004  >  36006 [ACK] Seq=421558 Ack=141 Win=65024 Len=1448 TSval=2916036278 TSecr=3045556049 [TCP segment of a reassembled PDU]"
"27894","32.197595959","192.168.1.55","192.168.1.2","TCP","1514","8004  >  36006 [ACK] Seq=423006 Ack=141 Win=65024 Len=1448 TSval=2916036278 TSecr=3045556049 [TCP segment of a reassembled PDU]"
"27895","32.197597404","192.168.1.55","192.168.1.2","TCP","1514","8004  >  36006 [ACK] Seq=424454 Ack=141 Win=65024 Len=1448 TSval=2916036278 TSecr=3045556049 [TCP segment of a reassembled PDU]"
"27896","32.197598774","192.168.1.55","192.168.1.2","TCP","1514","8004  >  36006 [ACK] Seq=425902 Ack=141 Win=65024 Len=1448 TSval=2916036278 TSecr=3045556049 [TCP segment of a reassembled PDU]"
"27897","32.197600070","192.168.1.55","192.168.1.2","TCP","1514","8004  >  36006 [ACK] Seq=427350 Ack=141 Win=65024 Len=1448 TSval=2916036278 TSecr=3045556049 [TCP segment of a reassembled PDU]"
"27898","32.197601700","192.168.1.55","192.168.1.2","TCP","1514","8004  >  36006 [ACK] Seq=428798 Ack=141 Win=65024 Len=1448 TSval=2916036278 TSecr=3045556049 [TCP segment of a reassembled PDU]"
"27899","32.197603089","192.168.1.55","192.168.1.2","TCP","1514","8004  >  36006 [ACK] Seq=430246 Ack=141 Win=65024 Len=1448 TSval=2916036278 TSecr=3045556049 [TCP segment of a reassembled PDU]"
"27900","32.197604404","192.168.1.55","192.168.1.2","TCP","1514","8004  >  36006 [ACK] Seq=431694 Ack=141 Win=65024 Len=1448 TSval=2916036278 TSecr=3045556049 [TCP segment of a reassembled PDU]"
"27901","32.197605848","192.168.1.55","192.168.1.2","TCP","1514","8004  >  36006 [ACK] Seq=433142 Ack=141 Win=65024 Len=1448 TSval=2916036278 TSecr=3045556049 [TCP segment of a reassembled PDU]"
"27902","32.197607145","192.168.1.55","192.168.1.2","TCP","1514","8004  >  36006 [ACK] Seq=434590 Ack=141 Win=65024 Len=1448 TSval=2916036278 TSecr=3045556049 [TCP segment of a reassembled PDU]"
"27903","32.197608533","192.168.1.55","192.168.1.2","TCP","1514","8004  >  36006 [ACK] Seq=436038 Ack=141 Win=65024 Len=1448 TSval=2916036278 TSecr=3045556049 [TCP segment of a reassembled PDU]"
"27904","32.197609996","192.168.1.55","192.168.1.2","TCP","1514","8004  >  36006 [ACK] Seq=437486 Ack=141 Win=65024 Len=1448 TSval=2916036278 TSecr=3045556049 [TCP segment of a reassembled PDU]"
"27905","32.197611311","192.168.1.55","192.168.1.2","TCP","1514","8004  >  36006 [ACK] Seq=438934 Ack=141 Win=65024 Len=1448 TSval=2916036278 TSecr=3045556049 [TCP segment of a reassembled PDU]"
"27906","32.197612830","192.168.1.55","192.168.1.2","TCP","1514","8004  >  36006 [ACK] Seq=440382 Ack=141 Win=65024 Len=1448 TSval=2916036278 TSecr=3045556049 [TCP segment of a reassembled PDU]"
"27907","32.197614293","192.168.1.55","192.168.1.2","TCP","1514","8004  >  36006 [ACK] Seq=441830 Ack=141 Win=65024 Len=1448 TSval=2916036278 TSecr=3045556049 [TCP segment of a reassembled PDU]"
"27908","32.197615663","192.168.1.55","192.168.1.2","TCP","1514","8004  >  36006 [PSH, ACK] Seq=443278 Ack=141 Win=65024 Len=1448 TSval=2916036278 TSecr=3045556049 [TCP segment of a reassembled PDU]"
"27909","32.197670997","192.168.1.2","192.168.1.55","TCP","66","36006  >  8004 [ACK] Seq=141 Ack=336126 Win=134144 Len=0 TSval=3045556049 TSecr=2916036270"
"27910","32.197680774","192.168.1.2","192.168.1.55","TCP","66","36006  >  8004 [ACK] Seq=141 Ack=346038 Win=158720 Len=0 TSval=3045556050 TSecr=2916036270"
"27911","32.197715774","192.168.1.55","192.168.1.2","TCP","1514","8004  >  36006 [ACK] Seq=444726 Ack=141 Win=65024 Len=1448 TSval=2916036278 TSecr=3045556050 [TCP segment of a reassembled PDU]"
"27912","32.197717774","192.168.1.55","192.168.1.2","TCP","1514","8004  >  36006 [ACK] Seq=446174 Ack=141 Win=65024 Len=1448 TSval=2916036278 TSecr=3045556050 [TCP segment of a reassembled PDU]"
"27913","32.197719163","192.168.1.55","192.168.1.2","TCP","1514","8004  >  36006 [ACK] Seq=447622 Ack=141 Win=65024 Len=1448 TSval=2916036278 TSecr=3045556050 [TCP segment of a reassembled PDU]"
"27914","32.197720460","192.168.1.55","192.168.1.2","TCP","1514","8004  >  36006 [ACK] Seq=449070 Ack=141 Win=65024 Len=1448 TSval=2916036278 TSecr=3045556050 [TCP segment of a reassembled PDU]"
"27915","32.197721719","192.168.1.55","192.168.1.2","TCP","1514","8004  >  36006 [ACK] Seq=450518 Ack=141 Win=65024 Len=1448 TSval=2916036278 TSecr=3045556050 [TCP segment of a reassembled PDU]"
"27916","32.197722997","192.168.1.55","192.168.1.2","TCP","1514","8004  >  36006 [ACK] Seq=451966 Ack=141 Win=65024 Len=1448 TSval=2916036278 TSecr=3045556050 [TCP segment of a reassembled PDU]"
"27917","32.197724311","192.168.1.55","192.168.1.2","TCP","1514","8004  >  36006 [ACK] Seq=453414 Ack=141 Win=65024 Len=1448 TSval=2916036278 TSecr=3045556050 [TCP segment of a reassembled PDU]"
"27918","32.197725700","192.168.1.55","192.168.1.2","TCP","1514","8004  >  36006 [ACK] Seq=454862 Ack=141 Win=65024 Len=1448 TSval=2916036278 TSecr=3045556050 [TCP segment of a reassembled PDU]"
"27919","32.197726978","192.168.1.55","192.168.1.2","TCP","1514","8004  >  36006 [ACK] Seq=456310 Ack=141 Win=65024 Len=1448 TSval=2916036278 TSecr=3045556050 [TCP segment of a reassembled PDU]"
"27920","32.197728237","192.168.1.55","192.168.1.2","TCP","1514","8004  >  36006 [ACK] Seq=457758 Ack=141 Win=65024 Len=1448 TSval=2916036278 TSecr=3045556050 [TCP segment of a reassembled PDU]"
"27921","32.197729756","192.168.1.55","192.168.1.2","TCP","1514","8004  >  36006 [ACK] Seq=459206 Ack=141 Win=65024 Len=1448 TSval=2916036278 TSecr=3045556050 [TCP segment of a reassembled PDU]"
"27922","32.197731015","192.168.1.55","192.168.1.2","TCP","1514","8004  >  36006 [ACK] Seq=460654 Ack=141 Win=65024 Len=1448 TSval=2916036278 TSecr=3045556050 [TCP segment of a reassembled PDU]"
"27923","32.197732460","192.168.1.55","192.168.1.2","TCP","1514","8004  >  36006 [ACK] Seq=462102 Ack=141 Win=65024 Len=1448 TSval=2916036278 TSecr=3045556050 [TCP segment of a reassembled PDU]"
"27924","32.197733848","192.168.1.55","192.168.1.2","TCP","1514","8004  >  36006 [ACK] Seq=463550 Ack=141 Win=65024 Len=1448 TSval=2916036278 TSecr=3045556050 [TCP segment of a reassembled PDU]"
"27925","32.197735219","192.168.1.55","192.168.1.2","TCP","1514","8004  >  36006 [ACK] Seq=464998 Ack=141 Win=65024 Len=1448 TSval=2916036278 TSecr=3045556050 [TCP segment of a reassembled PDU]"
"27926","32.197737071","192.168.1.55","192.168.1.2","TCP","1514","8004  >  36006 [ACK] Seq=466446 Ack=141 Win=65024 Len=1448 TSval=2916036278 TSecr=3045556050 [TCP segment of a reassembled PDU]"
"27927","32.197738330","192.168.1.55","192.168.1.2","TCP","1514","8004  >  36006 [ACK] Seq=467894 Ack=141 Win=65024 Len=1448 TSval=2916036278 TSecr=3045556050 [TCP segment of a reassembled PDU]"
"27928","32.197739737","192.168.1.55","192.168.1.2","TCP","1514","8004  >  36006 [ACK] Seq=469342 Ack=141 Win=65024 Len=1448 TSval=2916036278 TSecr=3045556050 [TCP segment of a reassembled PDU]"
"27929","32.197741108","192.168.1.55","192.168.1.2","TCP","1514","8004  >  36006 [ACK] Seq=470790 Ack=141 Win=65024 Len=1448 TSval=2916036278 TSecr=3045556050 [TCP segment of a reassembled PDU]"
"27930","32.197742367","192.168.1.55","192.168.1.2","TCP","1514","8004  >  36006 [ACK] Seq=472238 Ack=141 Win=65024 Len=1448 TSval=2916036278 TSecr=3045556050 [TCP segment of a reassembled PDU]"
"27931","32.197743774","192.168.1.55","192.168.1.2","TCP","1514","8004  >  36006 [ACK] Seq=473686 Ack=141 Win=65024 Len=1448 TSval=2916036278 TSecr=3045556050 [TCP segment of a reassembled PDU]"
"27932","32.197745182","192.168.1.55","192.168.1.2","TCP","1514","8004  >  36006 [ACK] Seq=475134 Ack=141 Win=65024 Len=1448 TSval=2916036278 TSecr=3045556050 [TCP segment of a reassembled PDU]"
"27933","32.197746441","192.168.1.55","192.168.1.2","TCP","1514","8004  >  36006 [ACK] Seq=476582 Ack=141 Win=65024 Len=1448 TSval=2916036278 TSecr=3045556050 [TCP segment of a reassembled PDU]"
"27934","32.197747737","192.168.1.55","192.168.1.2","TCP","1514","8004  >  36006 [ACK] Seq=478030 Ack=141 Win=65024 Len=1448 TSval=2916036278 TSecr=3045556050 [TCP segment of a reassembled PDU]"
"27935","32.197749015","192.168.1.55","192.168.1.2","TCP","1514","8004  >  36006 [ACK] Seq=479478 Ack=141 Win=65024 Len=1448 TSval=2916036278 TSecr=3045556050 [TCP segment of a reassembled PDU]"
"27936","32.197750404","192.168.1.55","192.168.1.2","TCP","1514","8004  >  36006 [ACK] Seq=480926 Ack=141 Win=65024 Len=1448 TSval=2916036278 TSecr=3045556050 [TCP segment of a reassembled PDU]"
"27937","32.197752071","192.168.1.55","192.168.1.2","TCP","1514","8004  >  36006 [ACK] Seq=482374 Ack=141 Win=65024 Len=1448 TSval=2916036278 TSecr=3045556050 [TCP segment of a reassembled PDU]"
"27938","32.197753349","192.168.1.55","192.168.1.2","TCP","1514","8004  >  36006 [PSH, ACK] Seq=483822 Ack=141 Win=65024 Len=1448 TSval=2916036278 TSecr=3045556050 [TCP segment of a reassembled PDU]"
"27939","32.198948573","192.168.1.55","192.168.1.2","TCP","1514","8004  >  36006 [ACK] Seq=485270 Ack=141 Win=65024 Len=1448 TSval=2916036279 TSecr=3045556050 [TCP segment of a reassembled PDU]"
"27940","32.198950924","192.168.1.55","192.168.1.2","TCP","1514","8004  >  36006 [ACK] Seq=486718 Ack=141 Win=65024 Len=1448 TSval=2916036279 TSecr=3045556050 [TCP segment of a reassembled PDU]"
"27941","32.198952647","192.168.1.55","192.168.1.2","TCP","1514","8004  >  36006 [ACK] Seq=488166 Ack=141 Win=65024 Len=1448 TSval=2916036279 TSecr=3045556050 [TCP segment of a reassembled PDU]"
"27942","32.198954036","192.168.1.55","192.168.1.2","TCP","1514","8004  >  36006 [ACK] Seq=489614 Ack=141 Win=65024 Len=1448 TSval=2916036279 TSecr=3045556050 [TCP segment of a reassembled PDU]"
"27943","32.198955313","192.168.1.55","192.168.1.2","TCP","1514","8004  >  36006 [ACK] Seq=491062 Ack=141 Win=65024 Len=1448 TSval=2916036279 TSecr=3045556050 [TCP segment of a reassembled PDU]"
"27944","32.198956684","192.168.1.55","192.168.1.2","TCP","1514","8004  >  36006 [ACK] Seq=492510 Ack=141 Win=65024 Len=1448 TSval=2916036279 TSecr=3045556050 [TCP segment of a reassembled PDU]"
"27945","32.198957980","192.168.1.55","192.168.1.2","TCP","1514","8004  >  36006 [ACK] Seq=493958 Ack=141 Win=65024 Len=1448 TSval=2916036279 TSecr=3045556050 [TCP segment of a reassembled PDU]"
"27946","32.198959332","192.168.1.55","192.168.1.2","TCP","1514","8004  >  36006 [ACK] Seq=495406 Ack=141 Win=65024 Len=1448 TSval=2916036279 TSecr=3045556050 [TCP segment of a reassembled PDU]"
"27947","32.198960591","192.168.1.55","192.168.1.2","TCP","1514","8004  >  36006 [PSH, ACK] Seq=496854 Ack=141 Win=65024 Len=1448 TSval=2916036279 TSecr=3045556050 [TCP segment of a reassembled PDU]"
"27948","32.198966387","192.168.1.55","192.168.1.2","HTTP","1472","HTTP/1.0 200 OK  (PNG)"
"27949","32.201061594","192.168.1.2","192.168.1.55","TCP","66","36006  >  8004 [ACK] Seq=141 Ack=363414 Win=152576 Len=0 TSval=3045556053 TSecr=2916036273"
"27950","32.201128854","192.168.1.2","192.168.1.55","TCP","66","36006  >  8004 [ACK] Seq=141 Ack=401286 Win=116736 Len=0 TSval=3045556053 TSecr=2916036273"
"27951","32.201136446","192.168.1.2","192.168.1.55","TCP","66","36006  >  8004 [ACK] Seq=141 Ack=402734 Win=161792 Len=0 TSval=3045556054 TSecr=2916036274"
"27952","32.201141113","192.168.1.2","192.168.1.55","TCP","66","36006  >  8004 [ACK] Seq=141 Ack=404182 Win=164864 Len=0 TSval=3045556054 TSecr=2916036274"
"27953","32.206208306","192.168.1.2","192.168.1.55","TCP","66","36006  >  8004 [ACK] Seq=141 Ack=453414 Win=147456 Len=0 TSval=3045556058 TSecr=2916036278"
"27954","32.206322936","192.168.1.2","192.168.1.55","TCP","66","36006  >  8004 [ACK] Seq=141 Ack=485270 Win=164864 Len=0 TSval=3045556060 TSecr=2916036278"
"27955","32.206330584","192.168.1.2","192.168.1.55","TCP","66","36006  >  8004 [ACK] Seq=141 Ack=498302 Win=152576 Len=0 TSval=3045556061 TSecr=2916036279"
"27956","32.207081937","192.168.1.2","192.168.1.55","TCP","66","36006  >  8004 [FIN, ACK] Seq=141 Ack=499709 Win=166912 Len=0 TSval=3045556062 TSecr=2916036279"
"27957","32.207095808","192.168.1.55","192.168.1.2","TCP","66","8004  >  36006 [ACK] Seq=499709 Ack=142 Win=65024 Len=0 TSval=2916036287 TSecr=3045556062"
"27958","32.207208123","192.168.1.2","192.168.1.55","TCP","74","36012  >  8004 [SYN] Seq=0 Win=64240 Len=0 MSS=1460 SACK_PERM TSval=3045556062 TSecr=0 WS=1024"
"27959","32.207232734","192.168.1.55","192.168.1.2","TCP","74","8004  >  36012 [SYN, ACK] Seq=0 Ack=1 Win=65160 Len=0 MSS=1460 SACK_PERM TSval=2916036287 TSecr=3045556062 WS=128"
"27960","32.210372443","192.168.1.2","192.168.1.55","TCP","66","36012  >  8004 [ACK] Seq=1 Ack=1 Win=64512 Len=0 TSval=3045556065 TSecr=2916036287"
"27961","32.213566170","192.168.1.2","192.168.1.55","HTTP","209","GET /original_benchmark.png HTTP/1.1 "
"27962","32.213579077","192.168.1.55","192.168.1.2","TCP","66","8004  >  36012 [ACK] Seq=1 Ack=144 Win=65024 Len=0 TSval=2916036294 TSecr=3045556065"
"27963","32.214054578","192.168.1.55","192.168.1.2","TCP","255","8004  >  36012 [PSH, ACK] Seq=1 Ack=144 Win=65024 Len=189 TSval=2916036294 TSecr=3045556065 [TCP segment of a reassembled PDU]"
"27964","32.214140671","192.168.1.55","192.168.1.2","TCP","1514","8004  >  36012 [ACK] Seq=190 Ack=144 Win=65024 Len=1448 TSval=2916036294 TSecr=3045556065 [TCP segment of a reassembled PDU]"
"27965","32.214145300","192.168.1.55","192.168.1.2","TCP","1514","8004  >  36012 [ACK] Seq=1638 Ack=144 Win=65024 Len=1448 TSval=2916036294 TSecr=3045556065 [TCP segment of a reassembled PDU]"
"27966","32.214146763","192.168.1.55","192.168.1.2","TCP","1514","8004  >  36012 [ACK] Seq=3086 Ack=144 Win=65024 Len=1448 TSval=2916036294 TSecr=3045556065 [TCP segment of a reassembled PDU]"
"27967","32.214148152","192.168.1.55","192.168.1.2","TCP","1514","8004  >  36012 [ACK] Seq=4534 Ack=144 Win=65024 Len=1448 TSval=2916036294 TSecr=3045556065 [TCP segment of a reassembled PDU]"
"27968","32.214150078","192.168.1.55","192.168.1.2","TCP","1514","8004  >  36012 [PSH, ACK] Seq=5982 Ack=144 Win=65024 Len=1448 TSval=2916036294 TSecr=3045556065 [TCP segment of a reassembled PDU]"
"27969","32.214167837","192.168.1.55","192.168.1.2","TCP","1514","8004  >  36012 [ACK] Seq=7430 Ack=144 Win=65024 Len=1448 TSval=2916036294 TSecr=3045556065 [TCP segment of a reassembled PDU]"
"27970","32.214169671","192.168.1.55","192.168.1.2","TCP","1514","8004  >  36012 [ACK] Seq=8878 Ack=144 Win=65024 Len=1448 TSval=2916036294 TSecr=3045556065 [TCP segment of a reassembled PDU]"
"27971","32.214171115","192.168.1.55","192.168.1.2","TCP","1514","8004  >  36012 [ACK] Seq=10326 Ack=144 Win=65024 Len=1448 TSval=2916036294 TSecr=3045556065 [TCP segment of a reassembled PDU]"
"27972","32.214172486","192.168.1.55","192.168.1.2","TCP","1514","8004  >  36012 [PSH, ACK] Seq=11774 Ack=144 Win=65024 Len=1448 TSval=2916036294 TSecr=3045556065 [TCP segment of a reassembled PDU]"
"27973","32.217776139","192.168.1.2","192.168.1.55","TCP","66","36012  >  8004 [ACK] Seq=144 Ack=190 Win=64512 Len=0 TSval=3045556072 TSecr=2916036294"
"27974","32.217908751","192.168.1.55","192.168.1.2","TCP","1514","8004  >  36012 [ACK] Seq=13222 Ack=144 Win=65024 Len=1448 TSval=2916036298 TSecr=3045556072 [TCP segment of a reassembled PDU]"
"27975","32.217922529","192.168.1.55","192.168.1.2","TCP","1514","8004  >  36012 [PSH, ACK] Seq=14670 Ack=144 Win=65024 Len=1448 TSval=2916036298 TSecr=3045556072 [TCP segment of a reassembled PDU]"
"27976","32.218066732","192.168.1.2","192.168.1.55","TCP","66","36012  >  8004 [ACK] Seq=144 Ack=3086 Win=70656 Len=0 TSval=3045556072 TSecr=2916036294"
"27977","32.218102547","192.168.1.2","192.168.1.55","TCP","66","36012  >  8004 [ACK] Seq=144 Ack=5982 Win=76800 Len=0 TSval=3045556072 TSecr=2916036294"
"27978","32.218161751","192.168.1.55","192.168.1.2","TCP","1514","8004  >  36012 [ACK] Seq=16118 Ack=144 Win=65024 Len=1448 TSval=2916036298 TSecr=3045556072 [TCP segment of a reassembled PDU]"
"27979","32.218171159","192.168.1.55","192.168.1.2","TCP","1514","8004  >  36012 [ACK] Seq=17566 Ack=144 Win=65024 Len=1448 TSval=2916036298 TSecr=3045556072 [TCP segment of a reassembled PDU]"
"27980","32.218177584","192.168.1.55","192.168.1.2","TCP","1514","8004  >  36012 [ACK] Seq=19014 Ack=144 Win=65024 Len=1448 TSval=2916036298 TSecr=3045556072 [TCP segment of a reassembled PDU]"
"27981","32.218180566","192.168.1.55","192.168.1.2","TCP","1514","8004  >  36012 [ACK] Seq=20462 Ack=144 Win=65024 Len=1448 TSval=2916036298 TSecr=3045556072 [TCP segment of a reassembled PDU]"
"27982","32.218183733","192.168.1.55","192.168.1.2","TCP","1514","8004  >  36012 [ACK] Seq=21910 Ack=144 Win=65024 Len=1448 TSval=2916036298 TSecr=3045556072 [TCP segment of a reassembled PDU]"
"27983","32.218187770","192.168.1.55","192.168.1.2","TCP","1514","8004  >  36012 [ACK] Seq=23358 Ack=144 Win=65024 Len=1448 TSval=2916036298 TSecr=3045556072 [TCP segment of a reassembled PDU]"
"27984","32.218190085","192.168.1.55","192.168.1.2","TCP","1514","8004  >  36012 [PSH, ACK] Seq=24806 Ack=144 Win=65024 Len=1448 TSval=2916036298 TSecr=3045556072 [TCP segment of a reassembled PDU]"
"27985","32.218208510","192.168.1.2","192.168.1.55","TCP","66","36012  >  8004 [ACK] Seq=144 Ack=7430 Win=79872 Len=0 TSval=3045556073 TSecr=2916036294"
"27986","32.218227325","192.168.1.2","192.168.1.55","TCP","66","36012  >  8004 [ACK] Seq=144 Ack=13222 Win=78848 Len=0 TSval=3045556073 TSecr=2916036294"
"27987","32.218313085","192.168.1.55","192.168.1.2","TCP","1514","8004  >  36012 [ACK] Seq=26254 Ack=144 Win=65024 Len=1448 TSval=2916036298 TSecr=3045556073 [TCP segment of a reassembled PDU]"
"27988","32.218317714","192.168.1.55","192.168.1.2","TCP","1514","8004  >  36012 [ACK] Seq=27702 Ack=144 Win=65024 Len=1448 TSval=2916036298 TSecr=3045556073 [TCP segment of a reassembled PDU]"
"27989","32.218320140","192.168.1.55","192.168.1.2","TCP","1514","8004  >  36012 [ACK] Seq=29150 Ack=144 Win=65024 Len=1448 TSval=2916036298 TSecr=3045556073 [TCP segment of a reassembled PDU]"
"27990","32.218322325","192.168.1.55","192.168.1.2","TCP","1514","8004  >  36012 [ACK] Seq=30598 Ack=144 Win=65024 Len=1448 TSval=2916036298 TSecr=3045556073 [TCP segment of a reassembled PDU]"
"27991","32.218324992","192.168.1.55","192.168.1.2","TCP","1514","8004  >  36012 [ACK] Seq=32046 Ack=144 Win=65024 Len=1448 TSval=2916036298 TSecr=3045556073 [TCP segment of a reassembled PDU]"
"27992","32.218327400","192.168.1.55","192.168.1.2","TCP","1514","8004  >  36012 [ACK] Seq=33494 Ack=144 Win=65024 Len=1448 TSval=2916036298 TSecr=3045556073 [TCP segment of a reassembled PDU]"
"27993","32.218329955","192.168.1.55","192.168.1.2","TCP","1514","8004  >  36012 [ACK] Seq=34942 Ack=144 Win=65024 Len=1448 TSval=2916036298 TSecr=3045556073 [TCP segment of a reassembled PDU]"
"27994","32.218333214","192.168.1.55","192.168.1.2","TCP","1514","8004  >  36012 [ACK] Seq=36390 Ack=144 Win=65024 Len=1448 TSval=2916036298 TSecr=3045556073 [TCP segment of a reassembled PDU]"
"27995","32.218336103","192.168.1.55","192.168.1.2","TCP","1514","8004  >  36012 [ACK] Seq=37838 Ack=144 Win=65024 Len=1448 TSval=2916036298 TSecr=3045556073 [TCP segment of a reassembled PDU]"
"27996","32.218339233","192.168.1.55","192.168.1.2","TCP","1514","8004  >  36012 [PSH, ACK] Seq=39286 Ack=144 Win=65024 Len=1448 TSval=2916036298 TSecr=3045556073 [TCP segment of a reassembled PDU]"
"27997","32.219302216","192.168.1.55","192.168.1.2","TCP","1514","8004  >  36012 [ACK] Seq=40734 Ack=144 Win=65024 Len=1448 TSval=2916036299 TSecr=3045556073 [TCP segment of a reassembled PDU]"
"27998","32.223210574","192.168.1.2","192.168.1.55","TCP","66","36012  >  8004 [ACK] Seq=144 Ack=16118 Win=84992 Len=0 TSval=3045556077 TSecr=2916036298"
"27999","32.223264963","192.168.1.55","192.168.1.2","TCP","1514","8004  >  36012 [ACK] Seq=42182 Ack=144 Win=65024 Len=1448 TSval=2916036303 TSecr=3045556077 [TCP segment of a reassembled PDU]"
"28000","32.223269741","192.168.1.55","192.168.1.2","TCP","1514","8004  >  36012 [PSH, ACK] Seq=43630 Ack=144 Win=65024 Len=1448 TSval=2916036303 TSecr=3045556077 [TCP segment of a reassembled PDU]"
"28001","32.223335037","192.168.1.2","192.168.1.55","TCP","66","36012  >  8004 [ACK] Seq=144 Ack=26254 Win=80896 Len=0 TSval=3045556077 TSecr=2916036298"
"28002","32.223375093","192.168.1.55","192.168.1.2","TCP","1514","8004  >  36012 [ACK] Seq=45078 Ack=144 Win=65024 Len=1448 TSval=2916036304 TSecr=3045556077 [TCP segment of a reassembled PDU]"
"28003","32.223379315","192.168.1.55","192.168.1.2","TCP","1514","8004  >  36012 [ACK] Seq=46526 Ack=144 Win=65024 Len=1448 TSval=2916036304 TSecr=3045556077 [TCP segment of a reassembled PDU]"
"28004","32.223381519","192.168.1.55","192.168.1.2","TCP","1514","8004  >  36012 [ACK] Seq=47974 Ack=144 Win=65024 Len=1448 TSval=2916036304 TSecr=3045556077 [TCP segment of a reassembled PDU]"
"28005","32.223383408","192.168.1.55","192.168.1.2","TCP","1514","8004  >  36012 [ACK] Seq=49422 Ack=144 Win=65024 Len=1448 TSval=2916036304 TSecr=3045556077 [TCP segment of a reassembled PDU]"
"28006","32.223385111","192.168.1.55","192.168.1.2","TCP","1514","8004  >  36012 [ACK] Seq=50870 Ack=144 Win=65024 Len=1448 TSval=2916036304 TSecr=3045556077 [TCP segment of a reassembled PDU]"
"28007","32.223386537","192.168.1.55","192.168.1.2","TCP","1514","8004  >  36012 [ACK] Seq=52318 Ack=144 Win=65024 Len=1448 TSval=2916036304 TSecr=3045556077 [TCP segment of a reassembled PDU]"
"28008","32.223387815","192.168.1.55","192.168.1.2","TCP","1514","8004  >  36012 [ACK] Seq=53766 Ack=144 Win=65024 Len=1448 TSval=2916036304 TSecr=3045556077 [TCP segment of a reassembled PDU]"
"28009","32.223389611","192.168.1.55","192.168.1.2","TCP","1514","8004  >  36012 [ACK] Seq=55214 Ack=144 Win=65024 Len=1448 TSval=2916036304 TSecr=3045556077 [TCP segment of a reassembled PDU]"
"28010","32.223391611","192.168.1.55","192.168.1.2","TCP","1514","8004  >  36012 [ACK] Seq=56662 Ack=144 Win=65024 Len=1448 TSval=2916036304 TSecr=3045556077 [TCP segment of a reassembled PDU]"
"28011","32.223393463","192.168.1.55","192.168.1.2","TCP","1514","8004  >  36012 [ACK] Seq=58110 Ack=144 Win=65024 Len=1448 TSval=2916036304 TSecr=3045556077 [TCP segment of a reassembled PDU]"
"28012","32.223395630","192.168.1.55","192.168.1.2","TCP","1514","8004  >  36012 [ACK] Seq=59558 Ack=144 Win=65024 Len=1448 TSval=2916036304 TSecr=3045556077 [TCP segment of a reassembled PDU]"
"28013","32.223397185","192.168.1.55","192.168.1.2","TCP","1514","8004  >  36012 [ACK] Seq=61006 Ack=144 Win=65024 Len=1448 TSval=2916036304 TSecr=3045556077 [TCP segment of a reassembled PDU]"
"28014","32.223398556","192.168.1.55","192.168.1.2","TCP","1514","8004  >  36012 [ACK] Seq=62454 Ack=144 Win=65024 Len=1448 TSval=2916036304 TSecr=3045556077 [TCP segment of a reassembled PDU]"
"28015","32.223399778","192.168.1.55","192.168.1.2","TCP","1514","8004  >  36012 [PSH, ACK] Seq=63902 Ack=144 Win=65024 Len=1448 TSval=2916036304 TSecr=3045556077 [TCP segment of a reassembled PDU]"
"28016","32.223405371","192.168.1.2","192.168.1.55","TCP","66","36012  >  8004 [ACK] Seq=144 Ack=36390 Win=71680 Len=0 TSval=3045556077 TSecr=2916036298"
"28017","32.223435815","192.168.1.55","192.168.1.2","TCP","1514","8004  >  36012 [ACK] Seq=65350 Ack=144 Win=65024 Len=1448 TSval=2916036304 TSecr=3045556077 [TCP segment of a reassembled PDU]"
"28018","32.223439463","192.168.1.55","192.168.1.2","TCP","1514","8004  >  36012 [ACK] Seq=66798 Ack=144 Win=65024 Len=1448 TSval=2916036304 TSecr=3045556077 [TCP segment of a reassembled PDU]"
"28019","32.223441593","192.168.1.55","192.168.1.2","TCP","1514","8004  >  36012 [ACK] Seq=68246 Ack=144 Win=65024 Len=1448 TSval=2916036304 TSecr=3045556077 [TCP segment of a reassembled PDU]"
"28020","32.223443408","192.168.1.55","192.168.1.2","TCP","1514","8004  >  36012 [ACK] Seq=69694 Ack=144 Win=65024 Len=1448 TSval=2916036304 TSecr=3045556077 [TCP segment of a reassembled PDU]"
"28021","32.223444926","192.168.1.55","192.168.1.2","TCP","1514","8004  >  36012 [ACK] Seq=71142 Ack=144 Win=65024 Len=1448 TSval=2916036304 TSecr=3045556077 [TCP segment of a reassembled PDU]"
"28022","32.223446371","192.168.1.55","192.168.1.2","TCP","1514","8004  >  36012 [ACK] Seq=72590 Ack=144 Win=65024 Len=1448 TSval=2916036304 TSecr=3045556077 [TCP segment of a reassembled PDU]"
"28023","32.223447667","192.168.1.55","192.168.1.2","TCP","1514","8004  >  36012 [ACK] Seq=74038 Ack=144 Win=65024 Len=1448 TSval=2916036304 TSecr=3045556077 [TCP segment of a reassembled PDU]"
"28024","32.223449074","192.168.1.55","192.168.1.2","TCP","1514","8004  >  36012 [PSH, ACK] Seq=75486 Ack=144 Win=65024 Len=1448 TSval=2916036304 TSecr=3045556077 [TCP segment of a reassembled PDU]"
"28025","32.226045356","192.168.1.2","192.168.1.55","TCP","66","36012  >  8004 [ACK] Seq=144 Ack=40734 Win=67584 Len=0 TSval=3045556078 TSecr=2916036298"
"28026","32.226099004","192.168.1.55","192.168.1.2","TCP","1514","8004  >  36012 [ACK] Seq=76934 Ack=144 Win=65024 Len=1448 TSval=2916036306 TSecr=3045556078 [TCP segment of a reassembled PDU]"
"28027","32.226102838","192.168.1.55","192.168.1.2","TCP","1514","8004  >  36012 [ACK] Seq=78382 Ack=144 Win=65024 Len=1448 TSval=2916036306 TSecr=3045556078 [TCP segment of a reassembled PDU]"
"28028","32.226104523","192.168.1.55","192.168.1.2","TCP","1514","8004  >  36012 [ACK] Seq=79830 Ack=144 Win=65024 Len=1448 TSval=2916036306 TSecr=3045556078 [TCP segment of a reassembled PDU]"
"28029","32.226107393","192.168.1.55","192.168.1.2","TCP","1514","8004  >  36012 [ACK] Seq=81278 Ack=144 Win=65024 Len=1448 TSval=2916036306 TSecr=3045556078 [TCP segment of a reassembled PDU]"
"28030","32.226110190","192.168.1.55","192.168.1.2","TCP","1514","8004  >  36012 [ACK] Seq=82726 Ack=144 Win=65024 Len=1448 TSval=2916036306 TSecr=3045556078 [TCP segment of a reassembled PDU]"
"28031","32.226111912","192.168.1.55","192.168.1.2","TCP","1514","8004  >  36012 [ACK] Seq=84174 Ack=144 Win=65024 Len=1448 TSval=2916036306 TSecr=3045556078 [TCP segment of a reassembled PDU]"
"28032","32.226113393","192.168.1.55","192.168.1.2","TCP","1514","8004  >  36012 [ACK] Seq=85622 Ack=144 Win=65024 Len=1448 TSval=2916036306 TSecr=3045556078 [TCP segment of a reassembled PDU]"
"28033","32.226114856","192.168.1.55","192.168.1.2","TCP","1514","8004  >  36012 [ACK] Seq=87070 Ack=144 Win=65024 Len=1448 TSval=2916036306 TSecr=3045556078 [TCP segment of a reassembled PDU]"
"28034","32.226116430","192.168.1.55","192.168.1.2","TCP","1514","8004  >  36012 [ACK] Seq=88518 Ack=144 Win=65024 Len=1448 TSval=2916036306 TSecr=3045556078 [TCP segment of a reassembled PDU]"
"28035","32.226117782","192.168.1.55","192.168.1.2","TCP","1514","8004  >  36012 [ACK] Seq=89966 Ack=144 Win=65024 Len=1448 TSval=2916036306 TSecr=3045556078 [TCP segment of a reassembled PDU]"
"28036","32.226119616","192.168.1.55","192.168.1.2","TCP","1514","8004  >  36012 [ACK] Seq=91414 Ack=144 Win=65024 Len=1448 TSval=2916036306 TSecr=3045556078 [TCP segment of a reassembled PDU]"
"28037","32.226121449","192.168.1.55","192.168.1.2","TCP","1514","8004  >  36012 [ACK] Seq=92862 Ack=144 Win=65024 Len=1448 TSval=2916036306 TSecr=3045556078 [TCP segment of a reassembled PDU]"
"28038","32.226122745","192.168.1.55","192.168.1.2","TCP","1514","8004  >  36012 [ACK] Seq=94310 Ack=144 Win=65024 Len=1448 TSval=2916036306 TSecr=3045556078 [TCP segment of a reassembled PDU]"
"28039","32.226124079","192.168.1.55","192.168.1.2","TCP","1514","8004  >  36012 [PSH, ACK] Seq=95758 Ack=144 Win=65024 Len=1448 TSval=2916036306 TSecr=3045556078 [TCP segment of a reassembled PDU]"
"28040","32.226155616","192.168.1.2","192.168.1.55","TCP","66","36012  >  8004 [ACK] Seq=144 Ack=42182 Win=66560 Len=0 TSval=3045556079 TSecr=2916036299"
"28041","32.228309989","192.168.1.2","192.168.1.55","TCP","66","36012  >  8004 [ACK] Seq=144 Ack=45078 Win=88064 Len=0 TSval=3045556082 TSecr=2916036303"
"28042","32.228327730","192.168.1.55","192.168.1.2","TCP","1514","8004  >  36012 [ACK] Seq=97206 Ack=144 Win=65024 Len=1448 TSval=2916036309 TSecr=3045556082 [TCP segment of a reassembled PDU]"
"28043","32.228330952","192.168.1.55","192.168.1.2","TCP","1514","8004  >  36012 [ACK] Seq=98654 Ack=144 Win=65024 Len=1448 TSval=2916036309 TSecr=3045556082 [TCP segment of a reassembled PDU]"
"28044","32.228332823","192.168.1.55","192.168.1.2","TCP","1514","8004  >  36012 [ACK] Seq=100102 Ack=144 Win=65024 Len=1448 TSval=2916036309 TSecr=3045556082 [TCP segment of a reassembled PDU]"
"28045","32.228334564","192.168.1.55","192.168.1.2","TCP","1514","8004  >  36012 [ACK] Seq=101550 Ack=144 Win=65024 Len=1448 TSval=2916036309 TSecr=3045556082 [TCP segment of a reassembled PDU]"
"28046","32.228336175","192.168.1.55","192.168.1.2","TCP","1514","8004  >  36012 [ACK] Seq=102998 Ack=144 Win=65024 Len=1448 TSval=2916036309 TSecr=3045556082 [TCP segment of a reassembled PDU]"
"28047","32.228337601","192.168.1.55","192.168.1.2","TCP","1514","8004  >  36012 [PSH, ACK] Seq=104446 Ack=144 Win=65024 Len=1448 TSval=2916036309 TSecr=3045556082 [TCP segment of a reassembled PDU]"
"28048","32.228428008","192.168.1.2","192.168.1.55","TCP","66","36012  >  8004 [ACK] Seq=144 Ack=65350 Win=73728 Len=0 TSval=3045556082 TSecr=2916036304"
"28049","32.228442767","192.168.1.55","192.168.1.2","TCP","1514","8004  >  36012 [ACK] Seq=105894 Ack=144 Win=65024 Len=1448 TSval=2916036309 TSecr=3045556082 [TCP segment of a reassembled PDU]"
"28050","32.228444879","192.168.1.55","192.168.1.2","TCP","1514","8004  >  36012 [ACK] Seq=107342 Ack=144 Win=65024 Len=1448 TSval=2916036309 TSecr=3045556082 [TCP segment of a reassembled PDU]"
"28051","32.228446397","192.168.1.55","192.168.1.2","TCP","1514","8004  >  36012 [ACK] Seq=108790 Ack=144 Win=65024 Len=1448 TSval=2916036309 TSecr=3045556082 [TCP segment of a reassembled PDU]"
"28052","32.228448416","192.168.1.55","192.168.1.2","TCP","1514","8004  >  36012 [ACK] Seq=110238 Ack=144 Win=65024 Len=1448 TSval=2916036309 TSecr=3045556082 [TCP segment of a reassembled PDU]"
"28053","32.228450379","192.168.1.55","192.168.1.2","TCP","1514","8004  >  36012 [ACK] Seq=111686 Ack=144 Win=65024 Len=1448 TSval=2916036309 TSecr=3045556082 [TCP segment of a reassembled PDU]"
"28054","32.228451638","192.168.1.55","192.168.1.2","TCP","1514","8004  >  36012 [ACK] Seq=113134 Ack=144 Win=65024 Len=1448 TSval=2916036309 TSecr=3045556082 [TCP segment of a reassembled PDU]"
"28055","32.228453230","192.168.1.55","192.168.1.2","TCP","1514","8004  >  36012 [PSH, ACK] Seq=114582 Ack=144 Win=65024 Len=1448 TSval=2916036309 TSecr=3045556082 [TCP segment of a reassembled PDU]"
"28056","32.228460064","192.168.1.2","192.168.1.55","TCP","66","36012  >  8004 [ACK] Seq=144 Ack=76934 Win=62464 Len=0 TSval=3045556082 TSecr=2916036304"
"28057","32.228554101","192.168.1.55","192.168.1.2","TCP","1514","8004  >  36012 [ACK] Seq=116030 Ack=144 Win=65024 Len=1448 TSval=2916036309 TSecr=3045556082 [TCP segment of a reassembled PDU]"
"28058","32.228558638","192.168.1.55","192.168.1.2","TCP","1514","8004  >  36012 [ACK] Seq=117478 Ack=144 Win=65024 Len=1448 TSval=2916036309 TSecr=3045556082 [TCP segment of a reassembled PDU]"
"28059","32.228560564","192.168.1.55","192.168.1.2","TCP","1514","8004  >  36012 [ACK] Seq=118926 Ack=144 Win=65024 Len=1448 TSval=2916036309 TSecr=3045556082 [TCP segment of a reassembled PDU]"
"28060","32.228561971","192.168.1.55","192.168.1.2","TCP","1514","8004  >  36012 [ACK] Seq=120374 Ack=144 Win=65024 Len=1448 TSval=2916036309 TSecr=3045556082 [TCP segment of a reassembled PDU]"
"28061","32.228563749","192.168.1.55","192.168.1.2","TCP","1514","8004  >  36012 [ACK] Seq=121822 Ack=144 Win=65024 Len=1448 TSval=2916036309 TSecr=3045556082 [TCP segment of a reassembled PDU]"
"28062","32.228565860","192.168.1.55","192.168.1.2","TCP","1514","8004  >  36012 [ACK] Seq=123270 Ack=144 Win=65024 Len=1448 TSval=2916036309 TSecr=3045556082 [TCP segment of a reassembled PDU]"
"28063","32.228567860","192.168.1.55","192.168.1.2","TCP","1514","8004  >  36012 [ACK] Seq=124718 Ack=144 Win=65024 Len=1448 TSval=2916036309 TSecr=3045556082 [TCP segment of a reassembled PDU]"
"28064","32.228570175","192.168.1.55","192.168.1.2","TCP","1514","8004  >  36012 [ACK] Seq=126166 Ack=144 Win=65024 Len=1448 TSval=2916036309 TSecr=3045556082 [TCP segment of a reassembled PDU]"
"28065","32.228572119","192.168.1.55","192.168.1.2","TCP","1514","8004  >  36012 [ACK] Seq=127614 Ack=144 Win=65024 Len=1448 TSval=2916036309 TSecr=3045556082 [TCP segment of a reassembled PDU]"
"28066","32.228574323","192.168.1.55","192.168.1.2","TCP","1514","8004  >  36012 [ACK] Seq=129062 Ack=144 Win=65024 Len=1448 TSval=2916036309 TSecr=3045556082 [TCP segment of a reassembled PDU]"
"28067","32.228575860","192.168.1.55","192.168.1.2","TCP","1514","8004  >  36012 [ACK] Seq=130510 Ack=144 Win=65024 Len=1448 TSval=2916036309 TSecr=3045556082 [TCP segment of a reassembled PDU]"
"28068","32.228578453","192.168.1.55","192.168.1.2","TCP","1514","8004  >  36012 [ACK] Seq=131958 Ack=144 Win=65024 Len=1448 TSval=2916036309 TSecr=3045556082 [TCP segment of a reassembled PDU]"
"28069","32.228580082","192.168.1.55","192.168.1.2","TCP","1514","8004  >  36012 [ACK] Seq=133406 Ack=144 Win=65024 Len=1448 TSval=2916036309 TSecr=3045556082 [TCP segment of a reassembled PDU]"
"28070","32.228582453","192.168.1.55","192.168.1.2","TCP","1514","8004  >  36012 [ACK] Seq=134854 Ack=144 Win=65024 Len=1448 TSval=2916036309 TSecr=3045556082 [TCP segment of a reassembled PDU]"
"28071","32.228585249","192.168.1.55","192.168.1.2","TCP","1514","8004  >  36012 [ACK] Seq=136302 Ack=144 Win=65024 Len=1448 TSval=2916036309 TSecr=3045556082 [TCP segment of a reassembled PDU]"
"28072","32.228586805","192.168.1.55","192.168.1.2","TCP","1514","8004  >  36012 [ACK] Seq=137750 Ack=144 Win=65024 Len=1448 TSval=2916036309 TSecr=3045556082 [TCP segment of a reassembled PDU]"
"28073","32.228588768","192.168.1.55","192.168.1.2","TCP","266","[TCP Window Full] 8004  >  36012 [PSH, ACK] Seq=139198 Ack=144 Win=65024 Len=200 TSval=2916036309 TSecr=3045556082 [TCP segment of a reassembled PDU]"
"28074","32.230793827","192.168.1.2","192.168.1.55","TCP","66","36012  >  8004 [ACK] Seq=144 Ack=91414 Win=75776 Len=0 TSval=3045556084 TSecr=2916036306"
"28075","32.230809604","192.168.1.55","192.168.1.2","TCP","1514","8004  >  36012 [ACK] Seq=139398 Ack=144 Win=65024 Len=1448 TSval=2916036311 TSecr=3045556084 [TCP segment of a reassembled PDU]"
"28076","32.230811679","192.168.1.55","192.168.1.2","TCP","1514","8004  >  36012 [ACK] Seq=140846 Ack=144 Win=65024 Len=1448 TSval=2916036311 TSecr=3045556084 [TCP segment of a reassembled PDU]"
"28077","32.230812790","192.168.1.55","192.168.1.2","TCP","1514","8004  >  36012 [ACK] Seq=142294 Ack=144 Win=65024 Len=1448 TSval=2916036311 TSecr=3045556084 [TCP segment of a reassembled PDU]"
"28078","32.230813993","192.168.1.55","192.168.1.2","TCP","1514","8004  >  36012 [ACK] Seq=143742 Ack=144 Win=65024 Len=1448 TSval=2916036311 TSecr=3045556084 [TCP segment of a reassembled PDU]"
"28079","32.230815086","192.168.1.55","192.168.1.2","TCP","1514","8004  >  36012 [ACK] Seq=145190 Ack=144 Win=65024 Len=1448 TSval=2916036311 TSecr=3045556084 [TCP segment of a reassembled PDU]"
"28080","32.230816567","192.168.1.55","192.168.1.2","TCP","1514","8004  >  36012 [ACK] Seq=146638 Ack=144 Win=65024 Len=1448 TSval=2916036311 TSecr=3045556084 [TCP segment of a reassembled PDU]"
"28081","32.230817753","192.168.1.55","192.168.1.2","TCP","1514","8004  >  36012 [ACK] Seq=148086 Ack=144 Win=65024 Len=1448 TSval=2916036311 TSecr=3045556084 [TCP segment of a reassembled PDU]"
"28082","32.230818827","192.168.1.55","192.168.1.2","TCP","1514","8004  >  36012 [ACK] Seq=149534 Ack=144 Win=65024 Len=1448 TSval=2916036311 TSecr=3045556084 [TCP segment of a reassembled PDU]"
"28083","32.230820012","192.168.1.55","192.168.1.2","TCP","1514","8004  >  36012 [ACK] Seq=150982 Ack=144 Win=65024 Len=1448 TSval=2916036311 TSecr=3045556084 [TCP segment of a reassembled PDU]"
"28084","32.230821123","192.168.1.55","192.168.1.2","TCP","1514","8004  >  36012 [PSH, ACK] Seq=152430 Ack=144 Win=65024 Len=1448 TSval=2916036311 TSecr=3045556084 [TCP segment of a reassembled PDU]"
"28085","32.230826530","192.168.1.55","192.168.1.2","TCP","1314","8004  >  36012 [ACK] Seq=153878 Ack=144 Win=65024 Len=1248 TSval=2916036311 TSecr=3045556084 [TCP segment of a reassembled PDU]"
"28086","32.233532442","192.168.1.2","192.168.1.55","TCP","66","36012  >  8004 [ACK] Seq=144 Ack=97206 Win=83968 Len=0 TSval=3045556085 TSecr=2916036306"
"28087","32.233554442","192.168.1.55","192.168.1.2","TCP","1514","8004  >  36012 [ACK] Seq=155126 Ack=144 Win=65024 Len=1448 TSval=2916036314 TSecr=3045556085 [TCP segment of a reassembled PDU]"
"28088","32.233556535","192.168.1.55","192.168.1.2","TCP","1514","8004  >  36012 [ACK] Seq=156574 Ack=144 Win=65024 Len=1448 TSval=2916036314 TSecr=3045556085 [TCP segment of a reassembled PDU]"
"28089","32.233557738","192.168.1.55","192.168.1.2","TCP","1514","8004  >  36012 [ACK] Seq=158022 Ack=144 Win=65024 Len=1448 TSval=2916036314 TSecr=3045556085 [TCP segment of a reassembled PDU]"
"28090","32.233559331","192.168.1.55","192.168.1.2","TCP","1514","8004  >  36012 [ACK] Seq=159470 Ack=144 Win=65024 Len=1448 TSval=2916036314 TSecr=3045556085 [TCP segment of a reassembled PDU]"
"28091","32.233560516","192.168.1.55","192.168.1.2","TCP","1514","8004  >  36012 [ACK] Seq=160918 Ack=144 Win=65024 Len=1448 TSval=2916036314 TSecr=3045556085 [TCP segment of a reassembled PDU]"
"28092","32.233561701","192.168.1.55","192.168.1.2","TCP","1514","8004  >  36012 [ACK] Seq=162366 Ack=144 Win=65024 Len=1448 TSval=2916036314 TSecr=3045556085 [TCP segment of a reassembled PDU]"
"28093","32.233562887","192.168.1.55","192.168.1.2","TCP","1514","8004  >  36012 [ACK] Seq=163814 Ack=144 Win=65024 Len=1448 TSval=2916036314 TSecr=3045556085 [TCP segment of a reassembled PDU]"
"28094","32.233564127","192.168.1.55","192.168.1.2","TCP","1514","8004  >  36012 [ACK] Seq=165262 Ack=144 Win=65024 Len=1448 TSval=2916036314 TSecr=3045556085 [TCP segment of a reassembled PDU]"
"28095","32.233565220","192.168.1.55","192.168.1.2","TCP","1514","8004  >  36012 [ACK] Seq=166710 Ack=144 Win=65024 Len=1448 TSval=2916036314 TSecr=3045556085 [TCP segment of a reassembled PDU]"
"28096","32.233566461","192.168.1.55","192.168.1.2","TCP","1514","8004  >  36012 [ACK] Seq=168158 Ack=144 Win=65024 Len=1448 TSval=2916036314 TSecr=3045556085 [TCP segment of a reassembled PDU]"
"28097","32.233567553","192.168.1.55","192.168.1.2","TCP","1514","8004  >  36012 [ACK] Seq=169606 Ack=144 Win=65024 Len=1448 TSval=2916036314 TSecr=3045556085 [TCP segment of a reassembled PDU]"
"28098","32.233568813","192.168.1.55","192.168.1.2","TCP","1514","8004  >  36012 [ACK] Seq=171054 Ack=144 Win=65024 Len=1448 TSval=2916036314 TSecr=3045556085 [TCP segment of a reassembled PDU]"
"28099","32.233570090","192.168.1.55","192.168.1.2","TCP","1514","8004  >  36012 [ACK] Seq=172502 Ack=144 Win=65024 Len=1448 TSval=2916036314 TSecr=3045556085 [TCP segment of a reassembled PDU]"
"28100","32.233571405","192.168.1.55","192.168.1.2","TCP","1514","8004  >  36012 [ACK] Seq=173950 Ack=144 Win=65024 Len=1448 TSval=2916036314 TSecr=3045556085 [TCP segment of a reassembled PDU]"
"28101","32.233572720","192.168.1.55","192.168.1.2","TCP","1514","8004  >  36012 [ACK] Seq=175398 Ack=144 Win=65024 Len=1448 TSval=2916036314 TSecr=3045556085 [TCP segment of a reassembled PDU]"
"28102","32.233574146","192.168.1.55","192.168.1.2","TCP","1514","8004  >  36012 [ACK] Seq=176846 Ack=144 Win=65024 Len=1448 TSval=2916036314 TSecr=3045556085 [TCP segment of a reassembled PDU]"
"28103","32.233575516","192.168.1.55","192.168.1.2","TCP","1514","8004  >  36012 [PSH, ACK] Seq=178294 Ack=144 Win=65024 Len=1448 TSval=2916036314 TSecr=3045556085 [TCP segment of a reassembled PDU]"
"28104","32.238502950","192.168.1.2","192.168.1.55","TCP","66","36012  >  8004 [ACK] Seq=144 Ack=105894 Win=105472 Len=0 TSval=3045556088 TSecr=2916036309"
"28105","32.238524894","192.168.1.55","192.168.1.2","TCP","1514","8004  >  36012 [ACK] Seq=179742 Ack=144 Win=65024 Len=1448 TSval=2916036319 TSecr=3045556088 [TCP segment of a reassembled PDU]"
"28106","32.238527413","192.168.1.55","192.168.1.2","TCP","1514","8004  >  36012 [ACK] Seq=181190 Ack=144 Win=65024 Len=1448 TSval=2916036319 TSecr=3045556088 [TCP segment of a reassembled PDU]"
"28107","32.238528543","192.168.1.55","192.168.1.2","TCP","1514","8004  >  36012 [ACK] Seq=182638 Ack=144 Win=65024 Len=1448 TSval=2916036319 TSecr=3045556088 [TCP segment of a reassembled PDU]"
"28108","32.238529617","192.168.1.55","192.168.1.2","TCP","1514","8004  >  36012 [ACK] Seq=184086 Ack=144 Win=65024 Len=1448 TSval=2916036319 TSecr=3045556088 [TCP segment of a reassembled PDU]"
"28109","32.238530765","192.168.1.55","192.168.1.2","TCP","1514","8004  >  36012 [ACK] Seq=185534 Ack=144 Win=65024 Len=1448 TSval=2916036319 TSecr=3045556088 [TCP segment of a reassembled PDU]"
"28110","32.238531987","192.168.1.55","192.168.1.2","TCP","1514","8004  >  36012 [ACK] Seq=186982 Ack=144 Win=65024 Len=1448 TSval=2916036319 TSecr=3045556088 [TCP segment of a reassembled PDU]"
"28111","32.238533080","192.168.1.55","192.168.1.2","TCP","1514","8004  >  36012 [ACK] Seq=188430 Ack=144 Win=65024 Len=1448 TSval=2916036319 TSecr=3045556088 [TCP segment of a reassembled PDU]"
"28112","32.238534209","192.168.1.55","192.168.1.2","TCP","1514","8004  >  36012 [ACK] Seq=189878 Ack=144 Win=65024 Len=1448 TSval=2916036319 TSecr=3045556088 [TCP segment of a reassembled PDU]"
"28113","32.238535450","192.168.1.55","192.168.1.2","TCP","1514","8004  >  36012 [ACK] Seq=191326 Ack=144 Win=65024 Len=1448 TSval=2916036319 TSecr=3045556088 [TCP segment of a reassembled PDU]"
"28114","32.238536746","192.168.1.55","192.168.1.2","TCP","1514","8004  >  36012 [ACK] Seq=192774 Ack=144 Win=65024 Len=1448 TSval=2916036319 TSecr=3045556088 [TCP segment of a reassembled PDU]"
"28115","32.238537913","192.168.1.55","192.168.1.2","TCP","1514","8004  >  36012 [ACK] Seq=194222 Ack=144 Win=65024 Len=1448 TSval=2916036319 TSecr=3045556088 [TCP segment of a reassembled PDU]"
"28116","32.238538987","192.168.1.55","192.168.1.2","TCP","1514","8004  >  36012 [PSH, ACK] Seq=195670 Ack=144 Win=65024 Len=1448 TSval=2916036319 TSecr=3045556088 [TCP segment of a reassembled PDU]"
"28117","32.239083655","192.168.1.2","192.168.1.55","TCP","66","36012  >  8004 [ACK] Seq=144 Ack=107342 Win=108544 Len=0 TSval=3045556088 TSecr=2916036309"
"28118","32.239090358","192.168.1.2","192.168.1.55","TCP","66","36012  >  8004 [ACK] Seq=144 Ack=116030 Win=125952 Len=0 TSval=3045556089 TSecr=2916036309"
"28119","32.239118210","192.168.1.55","192.168.1.2","TCP","1514","8004  >  36012 [ACK] Seq=197118 Ack=144 Win=65024 Len=1448 TSval=2916036319 TSecr=3045556089 [TCP segment of a reassembled PDU]"
"28120","32.239119895","192.168.1.55","192.168.1.2","TCP","1514","8004  >  36012 [ACK] Seq=198566 Ack=144 Win=65024 Len=1448 TSval=2916036319 TSecr=3045556089 [TCP segment of a reassembled PDU]"
"28121","32.239121081","192.168.1.55","192.168.1.2","TCP","1514","8004  >  36012 [ACK] Seq=200014 Ack=144 Win=65024 Len=1448 TSval=2916036319 TSecr=3045556089 [TCP segment of a reassembled PDU]"
"28122","32.239122432","192.168.1.55","192.168.1.2","TCP","1514","8004  >  36012 [ACK] Seq=201462 Ack=144 Win=65024 Len=1448 TSval=2916036319 TSecr=3045556089 [TCP segment of a reassembled PDU]"
"28123","32.239123914","192.168.1.55","192.168.1.2","TCP","1514","8004  >  36012 [ACK] Seq=202910 Ack=144 Win=65024 Len=1448 TSval=2916036319 TSecr=3045556089 [TCP segment of a reassembled PDU]"
"28124","32.239125229","192.168.1.55","192.168.1.2","TCP","1514","8004  >  36012 [ACK] Seq=204358 Ack=144 Win=65024 Len=1448 TSval=2916036319 TSecr=3045556089 [TCP segment of a reassembled PDU]"
"28125","32.239126432","192.168.1.55","192.168.1.2","TCP","1514","8004  >  36012 [ACK] Seq=205806 Ack=144 Win=65024 Len=1448 TSval=2916036319 TSecr=3045556089 [TCP segment of a reassembled PDU]"
"28126","32.239127618","192.168.1.55","192.168.1.2","TCP","1514","8004  >  36012 [ACK] Seq=207254 Ack=144 Win=65024 Len=1448 TSval=2916036319 TSecr=3045556089 [TCP segment of a reassembled PDU]"
"28127","32.239128951","192.168.1.55","192.168.1.2","TCP","1514","8004  >  36012 [ACK] Seq=208702 Ack=144 Win=65024 Len=1448 TSval=2916036319 TSecr=3045556089 [TCP segment of a reassembled PDU]"
"28128","32.239130210","192.168.1.55","192.168.1.2","TCP","1514","8004  >  36012 [ACK] Seq=210150 Ack=144 Win=65024 Len=1448 TSval=2916036319 TSecr=3045556089 [TCP segment of a reassembled PDU]"
"28129","32.239131321","192.168.1.55","192.168.1.2","TCP","1514","8004  >  36012 [ACK] Seq=211598 Ack=144 Win=65024 Len=1448 TSval=2916036319 TSecr=3045556089 [TCP segment of a reassembled PDU]"
"28130","32.239132544","192.168.1.55","192.168.1.2","TCP","1514","8004  >  36012 [ACK] Seq=213046 Ack=144 Win=65024 Len=1448 TSval=2916036319 TSecr=3045556089 [TCP segment of a reassembled PDU]"
"28131","32.239133877","192.168.1.55","192.168.1.2","TCP","1514","8004  >  36012 [ACK] Seq=214494 Ack=144 Win=65024 Len=1448 TSval=2916036319 TSecr=3045556089 [TCP segment of a reassembled PDU]"
"28132","32.239135062","192.168.1.55","192.168.1.2","TCP","1514","8004  >  36012 [ACK] Seq=215942 Ack=144 Win=65024 Len=1448 TSval=2916036319 TSecr=3045556089 [TCP segment of a reassembled PDU]"
"28133","32.239136192","192.168.1.55","192.168.1.2","TCP","1514","8004  >  36012 [ACK] Seq=217390 Ack=144 Win=65024 Len=1448 TSval=2916036319 TSecr=3045556089 [TCP segment of a reassembled PDU]"
"28134","32.239137395","192.168.1.55","192.168.1.2","TCP","1514","8004  >  36012 [ACK] Seq=218838 Ack=144 Win=65024 Len=1448 TSval=2916036319 TSecr=3045556089 [TCP segment of a reassembled PDU]"
"28135","32.239138599","192.168.1.55","192.168.1.2","TCP","1514","8004  >  36012 [ACK] Seq=220286 Ack=144 Win=65024 Len=1448 TSval=2916036319 TSecr=3045556089 [TCP segment of a reassembled PDU]"
"28136","32.239139692","192.168.1.55","192.168.1.2","TCP","1514","8004  >  36012 [ACK] Seq=221734 Ack=144 Win=65024 Len=1448 TSval=2916036319 TSecr=3045556089 [TCP segment of a reassembled PDU]"
"28137","32.239140803","192.168.1.55","192.168.1.2","TCP","1514","8004  >  36012 [ACK] Seq=223182 Ack=144 Win=65024 Len=1448 TSval=2916036319 TSecr=3045556089 [TCP segment of a reassembled PDU]"
"28138","32.239142025","192.168.1.55","192.168.1.2","TCP","1514","8004  >  36012 [ACK] Seq=224630 Ack=144 Win=65024 Len=1448 TSval=2916036319 TSecr=3045556089 [TCP segment of a reassembled PDU]"
"28139","32.239143155","192.168.1.55","192.168.1.2","TCP","1514","8004  >  36012 [ACK] Seq=226078 Ack=144 Win=65024 Len=1448 TSval=2916036319 TSecr=3045556089 [TCP segment of a reassembled PDU]"
"28140","32.239144618","192.168.1.55","192.168.1.2","TCP","1514","8004  >  36012 [ACK] Seq=227526 Ack=144 Win=65024 Len=1448 TSval=2916036319 TSecr=3045556089 [TCP segment of a reassembled PDU]"
"28141","32.239145766","192.168.1.55","192.168.1.2","TCP","1514","8004  >  36012 [ACK] Seq=228974 Ack=144 Win=65024 Len=1448 TSval=2916036319 TSecr=3045556089 [TCP segment of a reassembled PDU]"
"28142","32.239146970","192.168.1.55","192.168.1.2","TCP","1514","8004  >  36012 [ACK] Seq=230422 Ack=144 Win=65024 Len=1448 TSval=2916036319 TSecr=3045556089 [TCP segment of a reassembled PDU]"
"28143","32.239152488","192.168.1.55","192.168.1.2","TCP","1514","8004  >  36012 [ACK] Seq=231870 Ack=144 Win=65024 Len=1448 TSval=2916036319 TSecr=3045556089 [TCP segment of a reassembled PDU]"
"28144","32.239153821","192.168.1.55","192.168.1.2","TCP","1514","8004  >  36012 [ACK] Seq=233318 Ack=144 Win=65024 Len=1448 TSval=2916036319 TSecr=3045556089 [TCP segment of a reassembled PDU]"
"28145","32.239155210","192.168.1.55","192.168.1.2","TCP","1514","8004  >  36012 [ACK] Seq=234766 Ack=144 Win=65024 Len=1448 TSval=2916036319 TSecr=3045556089 [TCP segment of a reassembled PDU]"
"28146","32.239156284","192.168.1.55","192.168.1.2","TCP","1514","8004  >  36012 [ACK] Seq=236214 Ack=144 Win=65024 Len=1448 TSval=2916036319 TSecr=3045556089 [TCP segment of a reassembled PDU]"
"28147","32.239157470","192.168.1.55","192.168.1.2","TCP","1514","8004  >  36012 [PSH, ACK] Seq=237662 Ack=144 Win=65024 Len=1448 TSval=2916036319 TSecr=3045556089 [TCP segment of a reassembled PDU]"
"28148","32.239161544","192.168.1.2","192.168.1.55","TCP","66","36012  >  8004 [ACK] Seq=144 Ack=134854 Win=123904 Len=0 TSval=3045556089 TSecr=2916036309"
"28149","32.239168470","192.168.1.2","192.168.1.55","TCP","66","36012  >  8004 [ACK] Seq=144 Ack=139398 Win=135168 Len=0 TSval=3045556091 TSecr=2916036309"
"28150","32.239248414","192.168.1.2","192.168.1.55","TCP","66","36012  >  8004 [ACK] Seq=144 Ack=142294 Win=140288 Len=0 TSval=3045556091 TSecr=2916036311"
"28151","32.239297507","192.168.1.55","192.168.1.2","TCP","1514","8004  >  36012 [ACK] Seq=239110 Ack=144 Win=65024 Len=1448 TSval=2916036319 TSecr=3045556091 [TCP segment of a reassembled PDU]"
"28152","32.239299710","192.168.1.55","192.168.1.2","TCP","1514","8004  >  36012 [ACK] Seq=240558 Ack=144 Win=65024 Len=1448 TSval=2916036319 TSecr=3045556091 [TCP segment of a reassembled PDU]"
"28153","32.239301173","192.168.1.55","192.168.1.2","TCP","1514","8004  >  36012 [ACK] Seq=242006 Ack=144 Win=65024 Len=1448 TSval=2916036319 TSecr=3045556091 [TCP segment of a reassembled PDU]"
"28154","32.239302396","192.168.1.55","192.168.1.2","TCP","1514","8004  >  36012 [ACK] Seq=243454 Ack=144 Win=65024 Len=1448 TSval=2916036319 TSecr=3045556091 [TCP segment of a reassembled PDU]"
"28155","32.239303710","192.168.1.55","192.168.1.2","TCP","1514","8004  >  36012 [ACK] Seq=244902 Ack=144 Win=65024 Len=1448 TSval=2916036319 TSecr=3045556091 [TCP segment of a reassembled PDU]"
"28156","32.239304803","192.168.1.55","192.168.1.2","TCP","1514","8004  >  36012 [ACK] Seq=246350 Ack=144 Win=65024 Len=1448 TSval=2916036319 TSecr=3045556091 [TCP segment of a reassembled PDU]"
"28157","32.239305951","192.168.1.55","192.168.1.2","TCP","1514","8004  >  36012 [ACK] Seq=247798 Ack=144 Win=65024 Len=1448 TSval=2916036319 TSecr=3045556091 [TCP segment of a reassembled PDU]"
"28158","32.239307692","192.168.1.55","192.168.1.2","TCP","1514","8004  >  36012 [ACK] Seq=249246 Ack=144 Win=65024 Len=1448 TSval=2916036319 TSecr=3045556091 [TCP segment of a reassembled PDU]"
"28159","32.239309007","192.168.1.55","192.168.1.2","TCP","1514","8004  >  36012 [ACK] Seq=250694 Ack=144 Win=65024 Len=1448 TSval=2916036319 TSecr=3045556091 [TCP segment of a reassembled PDU]"
"28160","32.239310248","192.168.1.55","192.168.1.2","TCP","1514","8004  >  36012 [ACK] Seq=252142 Ack=144 Win=65024 Len=1448 TSval=2916036319 TSecr=3045556091 [TCP segment of a reassembled PDU]"
"28161","32.239311451","192.168.1.55","192.168.1.2","TCP","1514","8004  >  36012 [ACK] Seq=253590 Ack=144 Win=65024 Len=1448 TSval=2916036319 TSecr=3045556091 [TCP segment of a reassembled PDU]"
"28162","32.239312562","192.168.1.55","192.168.1.2","TCP","1514","8004  >  36012 [ACK] Seq=255038 Ack=144 Win=65024 Len=1448 TSval=2916036319 TSecr=3045556091 [TCP segment of a reassembled PDU]"
"28163","32.239313822","192.168.1.55","192.168.1.2","TCP","1514","8004  >  36012 [ACK] Seq=256486 Ack=144 Win=65024 Len=1448 TSval=2916036319 TSecr=3045556091 [TCP segment of a reassembled PDU]"
"28164","32.239314951","192.168.1.55","192.168.1.2","TCP","1514","8004  >  36012 [ACK] Seq=257934 Ack=144 Win=65024 Len=1448 TSval=2916036319 TSecr=3045556091 [TCP segment of a reassembled PDU]"
"28165","32.239316136","192.168.1.55","192.168.1.2","TCP","1514","8004  >  36012 [ACK] Seq=259382 Ack=144 Win=65024 Len=1448 TSval=2916036319 TSecr=3045556091 [TCP segment of a reassembled PDU]"
"28166","32.239317340","192.168.1.55","192.168.1.2","TCP","1514","8004  >  36012 [ACK] Seq=260830 Ack=144 Win=65024 Len=1448 TSval=2916036319 TSecr=3045556091 [TCP segment of a reassembled PDU]"
"28167","32.239318507","192.168.1.55","192.168.1.2","TCP","1514","8004  >  36012 [ACK] Seq=262278 Ack=144 Win=65024 Len=1448 TSval=2916036319 TSecr=3045556091 [TCP segment of a reassembled PDU]"
"28168","32.239319822","192.168.1.55","192.168.1.2","TCP","1514","8004  >  36012 [ACK] Seq=263726 Ack=144 Win=65024 Len=1448 TSval=2916036319 TSecr=3045556091 [TCP segment of a reassembled PDU]"
"28169","32.239321007","192.168.1.55","192.168.1.2","TCP","1514","8004  >  36012 [ACK] Seq=265174 Ack=144 Win=65024 Len=1448 TSval=2916036319 TSecr=3045556091 [TCP segment of a reassembled PDU]"
"28170","32.239322359","192.168.1.55","192.168.1.2","TCP","1514","8004  >  36012 [ACK] Seq=266622 Ack=144 Win=65024 Len=1448 TSval=2916036319 TSecr=3045556091 [TCP segment of a reassembled PDU]"
"28171","32.239323729","192.168.1.55","192.168.1.2","TCP","1514","8004  >  36012 [ACK] Seq=268070 Ack=144 Win=65024 Len=1448 TSval=2916036319 TSecr=3045556091 [TCP segment of a reassembled PDU]"
"28172","32.239324914","192.168.1.55","192.168.1.2","TCP","1514","8004  >  36012 [ACK] Seq=269518 Ack=144 Win=65024 Len=1448 TSval=2916036319 TSecr=3045556091 [TCP segment of a reassembled PDU]"
"28173","32.239326118","192.168.1.55","192.168.1.2","TCP","1514","8004  >  36012 [ACK] Seq=270966 Ack=144 Win=65024 Len=1448 TSval=2916036319 TSecr=3045556091 [TCP segment of a reassembled PDU]"
"28174","32.239327322","192.168.1.55","192.168.1.2","TCP","1514","8004  >  36012 [ACK] Seq=272414 Ack=144 Win=65024 Len=1448 TSval=2916036319 TSecr=3045556091 [TCP segment of a reassembled PDU]"
"28175","32.239328599","192.168.1.55","192.168.1.2","TCP","1514","8004  >  36012 [ACK] Seq=273862 Ack=144 Win=65024 Len=1448 TSval=2916036319 TSecr=3045556091 [TCP segment of a reassembled PDU]"
"28176","32.239329896","192.168.1.55","192.168.1.2","TCP","1514","8004  >  36012 [ACK] Seq=275310 Ack=144 Win=65024 Len=1448 TSval=2916036319 TSecr=3045556091 [TCP segment of a reassembled PDU]"
"28177","32.239331155","192.168.1.55","192.168.1.2","TCP","1514","8004  >  36012 [ACK] Seq=276758 Ack=144 Win=65024 Len=1448 TSval=2916036319 TSecr=3045556091 [TCP segment of a reassembled PDU]"
"28178","32.239332488","192.168.1.55","192.168.1.2","TCP","1514","8004  >  36012 [ACK] Seq=278206 Ack=144 Win=65024 Len=1448 TSval=2916036319 TSecr=3045556091 [TCP segment of a reassembled PDU]"
"28179","32.239333748","192.168.1.55","192.168.1.2","TCP","1514","8004  >  36012 [PSH, ACK] Seq=279654 Ack=144 Win=65024 Len=1448 TSval=2916036319 TSecr=3045556091 [TCP segment of a reassembled PDU]"
"28180","32.239341322","192.168.1.2","192.168.1.55","TCP","66","36012  >  8004 [ACK] Seq=144 Ack=148086 Win=143360 Len=0 TSval=3045556091 TSecr=2916036311"
"28181","32.239347933","192.168.1.2","192.168.1.55","TCP","66","36012  >  8004 [ACK] Seq=144 Ack=153878 Win=146432 Len=0 TSval=3045556091 TSecr=2916036311"
"28182","32.239354729","192.168.1.2","192.168.1.55","TCP","66","36012  >  8004 [ACK] Seq=144 Ack=155126 Win=146432 Len=0 TSval=3045556091 TSecr=2916036311"
"28183","32.239358896","192.168.1.2","192.168.1.55","TCP","66","36012  >  8004 [ACK] Seq=144 Ack=165262 Win=140288 Len=0 TSval=3045556092 TSecr=2916036314"
"28184","32.239365025","192.168.1.2","192.168.1.55","TCP","66","36012  >  8004 [ACK] Seq=144 Ack=176846 Win=129024 Len=0 TSval=3045556092 TSecr=2916036314"
"28185","32.239369822","192.168.1.2","192.168.1.55","TCP","66","36012  >  8004 [ACK] Seq=144 Ack=179742 Win=145408 Len=0 TSval=3045556093 TSecr=2916036314"
"28186","32.241585473","192.168.1.55","192.168.1.2","TCP","1514","8004  >  36012 [ACK] Seq=281102 Ack=144 Win=65024 Len=1448 TSval=2916036322 TSecr=3045556093 [TCP segment of a reassembled PDU]"
"28187","32.241590399","192.168.1.55","192.168.1.2","TCP","1514","8004  >  36012 [ACK] Seq=282550 Ack=144 Win=65024 Len=1448 TSval=2916036322 TSecr=3045556093 [TCP segment of a reassembled PDU]"
"28188","32.241591807","192.168.1.55","192.168.1.2","TCP","1514","8004  >  36012 [ACK] Seq=283998 Ack=144 Win=65024 Len=1448 TSval=2916036322 TSecr=3045556093 [TCP segment of a reassembled PDU]"
"28189","32.241593233","192.168.1.55","192.168.1.2","TCP","1514","8004  >  36012 [ACK] Seq=285446 Ack=144 Win=65024 Len=1448 TSval=2916036322 TSecr=3045556093 [TCP segment of a reassembled PDU]"
"28190","32.241594714","192.168.1.55","192.168.1.2","TCP","1514","8004  >  36012 [ACK] Seq=286894 Ack=144 Win=65024 Len=1448 TSval=2916036322 TSecr=3045556093 [TCP segment of a reassembled PDU]"
"28191","32.241596640","192.168.1.55","192.168.1.2","TCP","1514","8004  >  36012 [ACK] Seq=288342 Ack=144 Win=65024 Len=1448 TSval=2916036322 TSecr=3045556093 [TCP segment of a reassembled PDU]"
"28192","32.241598196","192.168.1.55","192.168.1.2","TCP","1514","8004  >  36012 [ACK] Seq=289790 Ack=144 Win=65024 Len=1448 TSval=2916036322 TSecr=3045556093 [TCP segment of a reassembled PDU]"
"28193","32.241601714","192.168.1.55","192.168.1.2","TCP","1514","8004  >  36012 [ACK] Seq=291238 Ack=144 Win=65024 Len=1448 TSval=2916036322 TSecr=3045556093 [TCP segment of a reassembled PDU]"
"28194","32.241603177","192.168.1.55","192.168.1.2","TCP","1514","8004  >  36012 [ACK] Seq=292686 Ack=144 Win=65024 Len=1448 TSval=2916036322 TSecr=3045556093 [TCP segment of a reassembled PDU]"
"28195","32.241604585","192.168.1.55","192.168.1.2","TCP","1514","8004  >  36012 [ACK] Seq=294134 Ack=144 Win=65024 Len=1448 TSval=2916036322 TSecr=3045556093 [TCP segment of a reassembled PDU]"
"28196","32.241606103","192.168.1.55","192.168.1.2","TCP","1514","8004  >  36012 [ACK] Seq=295582 Ack=144 Win=65024 Len=1448 TSval=2916036322 TSecr=3045556093 [TCP segment of a reassembled PDU]"
"28197","32.241607677","192.168.1.55","192.168.1.2","TCP","1514","8004  >  36012 [ACK] Seq=297030 Ack=144 Win=65024 Len=1448 TSval=2916036322 TSecr=3045556093 [TCP segment of a reassembled PDU]"
"28198","32.241609233","192.168.1.55","192.168.1.2","TCP","1514","8004  >  36012 [ACK] Seq=298478 Ack=144 Win=65024 Len=1448 TSval=2916036322 TSecr=3045556093 [TCP segment of a reassembled PDU]"
"28199","32.241610659","192.168.1.55","192.168.1.2","TCP","1514","8004  >  36012 [ACK] Seq=299926 Ack=144 Win=65024 Len=1448 TSval=2916036322 TSecr=3045556093 [TCP segment of a reassembled PDU]"
"28200","32.241612029","192.168.1.55","192.168.1.2","TCP","1514","8004  >  36012 [ACK] Seq=301374 Ack=144 Win=65024 Len=1448 TSval=2916036322 TSecr=3045556093 [TCP segment of a reassembled PDU]"
"28201","32.241613510","192.168.1.55","192.168.1.2","TCP","1514","8004  >  36012 [ACK] Seq=302822 Ack=144 Win=65024 Len=1448 TSval=2916036322 TSecr=3045556093 [TCP segment of a reassembled PDU]"
"28202","32.241614955","192.168.1.55","192.168.1.2","TCP","1514","8004  >  36012 [ACK] Seq=304270 Ack=144 Win=65024 Len=1448 TSval=2916036322 TSecr=3045556093 [TCP segment of a reassembled PDU]"
"28203","32.241616381","192.168.1.55","192.168.1.2","TCP","1514","8004  >  36012 [ACK] Seq=305718 Ack=144 Win=65024 Len=1448 TSval=2916036322 TSecr=3045556093 [TCP segment of a reassembled PDU]"
"28204","32.241617733","192.168.1.55","192.168.1.2","TCP","1514","8004  >  36012 [ACK] Seq=307166 Ack=144 Win=65024 Len=1448 TSval=2916036322 TSecr=3045556093 [TCP segment of a reassembled PDU]"
"28205","32.241619140","192.168.1.55","192.168.1.2","TCP","1514","8004  >  36012 [ACK] Seq=308614 Ack=144 Win=65024 Len=1448 TSval=2916036322 TSecr=3045556093 [TCP segment of a reassembled PDU]"
"28206","32.241620547","192.168.1.55","192.168.1.2","TCP","1514","8004  >  36012 [ACK] Seq=310062 Ack=144 Win=65024 Len=1448 TSval=2916036322 TSecr=3045556093 [TCP segment of a reassembled PDU]"
"28207","32.241622085","192.168.1.55","192.168.1.2","TCP","1514","8004  >  36012 [ACK] Seq=311510 Ack=144 Win=65024 Len=1448 TSval=2916036322 TSecr=3045556093 [TCP segment of a reassembled PDU]"
"28208","32.241623640","192.168.1.55","192.168.1.2","TCP","1514","8004  >  36012 [ACK] Seq=312958 Ack=144 Win=65024 Len=1448 TSval=2916036322 TSecr=3045556093 [TCP segment of a reassembled PDU]"
"28209","32.241625047","192.168.1.55","192.168.1.2","TCP","1514","8004  >  36012 [ACK] Seq=314406 Ack=144 Win=65024 Len=1448 TSval=2916036322 TSecr=3045556093 [TCP segment of a reassembled PDU]"
"28210","32.241626473","192.168.1.55","192.168.1.2","TCP","1514","8004  >  36012 [ACK] Seq=315854 Ack=144 Win=65024 Len=1448 TSval=2916036322 TSecr=3045556093 [TCP segment of a reassembled PDU]"
"28211","32.241627936","192.168.1.55","192.168.1.2","TCP","1514","8004  >  36012 [ACK] Seq=317302 Ack=144 Win=65024 Len=1448 TSval=2916036322 TSecr=3045556093 [TCP segment of a reassembled PDU]"
"28212","32.241629344","192.168.1.55","192.168.1.2","TCP","1514","8004  >  36012 [ACK] Seq=318750 Ack=144 Win=65024 Len=1448 TSval=2916036322 TSecr=3045556093 [TCP segment of a reassembled PDU]"
"28213","32.241630751","192.168.1.55","192.168.1.2","TCP","1514","8004  >  36012 [ACK] Seq=320198 Ack=144 Win=65024 Len=1448 TSval=2916036322 TSecr=3045556093 [TCP segment of a reassembled PDU]"
"28214","32.241632140","192.168.1.55","192.168.1.2","TCP","1514","8004  >  36012 [PSH, ACK] Seq=321646 Ack=144 Win=65024 Len=1448 TSval=2916036322 TSecr=3045556093 [TCP segment of a reassembled PDU]"
"28215","32.241853326","192.168.1.55","192.168.1.2","TCP","1514","8004  >  36012 [ACK] Seq=323094 Ack=144 Win=65024 Len=1448 TSval=2916036322 TSecr=3045556093 [TCP segment of a reassembled PDU]"
"28216","32.241856955","192.168.1.55","192.168.1.2","TCP","674","[TCP Window Full] 8004  >  36012 [PSH, ACK] Seq=324542 Ack=144 Win=65024 Len=608 TSval=2916036322 TSecr=3045556093 [TCP segment of a reassembled PDU]"
"28217","32.249629264","192.168.1.2","192.168.1.55","TCP","66","36012  >  8004 [ACK] Seq=144 Ack=181190 Win=148480 Len=0 TSval=3045556101 TSecr=2916036319"
"28218","32.249660449","192.168.1.55","192.168.1.2","TCP","1514","8004  >  36012 [ACK] Seq=325150 Ack=144 Win=65024 Len=1448 TSval=2916036330 TSecr=3045556101 [TCP segment of a reassembled PDU]"
"28219","32.249664023","192.168.1.55","192.168.1.2","TCP","1514","8004  >  36012 [ACK] Seq=326598 Ack=144 Win=65024 Len=1448 TSval=2916036330 TSecr=3045556101 [TCP segment of a reassembled PDU]"
"28220","32.249665319","192.168.1.55","192.168.1.2","TCP","1514","8004  >  36012 [PSH, ACK] Seq=328046 Ack=144 Win=65024 Len=1448 TSval=2916036330 TSecr=3045556101 [TCP segment of a reassembled PDU]"
"28221","32.249919264","192.168.1.2","192.168.1.55","TCP","66","36012  >  8004 [ACK] Seq=144 Ack=197118 Win=135168 Len=0 TSval=3045556104 TSecr=2916036319"
"28222","32.249930375","192.168.1.2","192.168.1.55","TCP","66","36012  >  8004 [ACK] Seq=144 Ack=239110 Win=112640 Len=0 TSval=3045556105 TSecr=2916036319"
"28223","32.249937820","192.168.1.2","192.168.1.55","TCP","66","36012  >  8004 [ACK] Seq=144 Ack=252142 Win=139264 Len=0 TSval=3045556105 TSecr=2916036319"
"28224","32.249970338","192.168.1.55","192.168.1.2","TCP","1514","8004  >  36012 [ACK] Seq=329494 Ack=144 Win=65024 Len=1448 TSval=2916036330 TSecr=3045556105 [TCP segment of a reassembled PDU]"
"28225","32.249972968","192.168.1.55","192.168.1.2","TCP","1514","8004  >  36012 [ACK] Seq=330942 Ack=144 Win=65024 Len=1448 TSval=2916036330 TSecr=3045556105 [TCP segment of a reassembled PDU]"
"28226","32.249974468","192.168.1.55","192.168.1.2","TCP","1514","8004  >  36012 [ACK] Seq=332390 Ack=144 Win=65024 Len=1448 TSval=2916036330 TSecr=3045556105 [TCP segment of a reassembled PDU]"
"28227","32.249976005","192.168.1.55","192.168.1.2","TCP","1514","8004  >  36012 [ACK] Seq=333838 Ack=144 Win=65024 Len=1448 TSval=2916036330 TSecr=3045556105 [TCP segment of a reassembled PDU]"
"28228","32.249977264","192.168.1.55","192.168.1.2","TCP","1514","8004  >  36012 [ACK] Seq=335286 Ack=144 Win=65024 Len=1448 TSval=2916036330 TSecr=3045556105 [TCP segment of a reassembled PDU]"
"28229","32.249978746","192.168.1.55","192.168.1.2","TCP","1514","8004  >  36012 [ACK] Seq=336734 Ack=144 Win=65024 Len=1448 TSval=2916036330 TSecr=3045556105 [TCP segment of a reassembled PDU]"
"28230","32.249980153","192.168.1.55","192.168.1.2","TCP","1514","8004  >  36012 [ACK] Seq=338182 Ack=144 Win=65024 Len=1448 TSval=2916036330 TSecr=3045556105 [TCP segment of a reassembled PDU]"
"28231","32.249981450","192.168.1.55","192.168.1.2","TCP","1514","8004  >  36012 [ACK] Seq=339630 Ack=144 Win=65024 Len=1448 TSval=2916036330 TSecr=3045556105 [TCP segment of a reassembled PDU]"
"28232","32.249982783","192.168.1.55","192.168.1.2","TCP","1514","8004  >  36012 [ACK] Seq=341078 Ack=144 Win=65024 Len=1448 TSval=2916036330 TSecr=3045556105 [TCP segment of a reassembled PDU]"
"28233","32.249984098","192.168.1.55","192.168.1.2","TCP","1514","8004  >  36012 [ACK] Seq=342526 Ack=144 Win=65024 Len=1448 TSval=2916036330 TSecr=3045556105 [TCP segment of a reassembled PDU]"
"28234","32.249985505","192.168.1.55","192.168.1.2","TCP","1514","8004  >  36012 [ACK] Seq=343974 Ack=144 Win=65024 Len=1448 TSval=2916036330 TSecr=3045556105 [TCP segment of a reassembled PDU]"
"28235","32.249986987","192.168.1.55","192.168.1.2","TCP","1514","8004  >  36012 [ACK] Seq=345422 Ack=144 Win=65024 Len=1448 TSval=2916036330 TSecr=3045556105 [TCP segment of a reassembled PDU]"
"28236","32.249988320","192.168.1.55","192.168.1.2","TCP","1514","8004  >  36012 [ACK] Seq=346870 Ack=144 Win=65024 Len=1448 TSval=2916036330 TSecr=3045556105 [TCP segment of a reassembled PDU]"
"28237","32.249989746","192.168.1.55","192.168.1.2","TCP","1514","8004  >  36012 [ACK] Seq=348318 Ack=144 Win=65024 Len=1448 TSval=2916036330 TSecr=3045556105 [TCP segment of a reassembled PDU]"
"28238","32.249991042","192.168.1.55","192.168.1.2","TCP","1514","8004  >  36012 [ACK] Seq=349766 Ack=144 Win=65024 Len=1448 TSval=2916036330 TSecr=3045556105 [TCP segment of a reassembled PDU]"
"28239","32.249992505","192.168.1.55","192.168.1.2","TCP","1514","8004  >  36012 [ACK] Seq=351214 Ack=144 Win=65024 Len=1448 TSval=2916036330 TSecr=3045556105 [TCP segment of a reassembled PDU]"
"28240","32.249994116","192.168.1.55","192.168.1.2","TCP","1514","8004  >  36012 [ACK] Seq=352662 Ack=144 Win=65024 Len=1448 TSval=2916036330 TSecr=3045556105 [TCP segment of a reassembled PDU]"
"28241","32.249995579","192.168.1.55","192.168.1.2","TCP","1514","8004  >  36012 [ACK] Seq=354110 Ack=144 Win=65024 Len=1448 TSval=2916036330 TSecr=3045556105 [TCP segment of a reassembled PDU]"
"28242","32.249996987","192.168.1.55","192.168.1.2","TCP","1514","8004  >  36012 [ACK] Seq=355558 Ack=144 Win=65024 Len=1448 TSval=2916036330 TSecr=3045556105 [TCP segment of a reassembled PDU]"
"28243","32.249998264","192.168.1.55","192.168.1.2","TCP","1514","8004  >  36012 [ACK] Seq=357006 Ack=144 Win=65024 Len=1448 TSval=2916036330 TSecr=3045556105 [TCP segment of a reassembled PDU]"
"28244","32.249999690","192.168.1.55","192.168.1.2","TCP","1514","8004  >  36012 [ACK] Seq=358454 Ack=144 Win=65024 Len=1448 TSval=2916036330 TSecr=3045556105 [TCP segment of a reassembled PDU]"
"28245","32.250001098","192.168.1.55","192.168.1.2","TCP","1514","8004  >  36012 [ACK] Seq=359902 Ack=144 Win=65024 Len=1448 TSval=2916036330 TSecr=3045556105 [TCP segment of a reassembled PDU]"
"28246","32.250002357","192.168.1.55","192.168.1.2","TCP","1514","8004  >  36012 [ACK] Seq=361350 Ack=144 Win=65024 Len=1448 TSval=2916036330 TSecr=3045556105 [TCP segment of a reassembled PDU]"
"28247","32.250004061","192.168.1.55","192.168.1.2","TCP","1514","8004  >  36012 [ACK] Seq=362798 Ack=144 Win=65024 Len=1448 TSval=2916036330 TSecr=3045556105 [TCP segment of a reassembled PDU]"
"28248","32.250005468","192.168.1.55","192.168.1.2","TCP","1514","8004  >  36012 [PSH, ACK] Seq=364246 Ack=144 Win=65024 Len=1448 TSval=2916036330 TSecr=3045556105 [TCP segment of a reassembled PDU]"
"28249","32.250944803","192.168.1.55","192.168.1.2","TCP","906","8004  >  36012 [PSH, ACK] Seq=365694 Ack=144 Win=65024 Len=840 TSval=2916036331 TSecr=3045556105 [TCP segment of a reassembled PDU]"
"28250","32.250982525","192.168.1.2","192.168.1.55","TCP","66","36012  >  8004 [ACK] Seq=144 Ack=281102 Win=124928 Len=0 TSval=3045556105 TSecr=2916036319"
"28251","32.251037322","192.168.1.2","192.168.1.55","TCP","66","36012  >  8004 [ACK] Seq=144 Ack=323094 Win=84992 Len=0 TSval=3045556105 TSecr=2916036322"
"28252","32.251066970","192.168.1.55","192.168.1.2","TCP","1514","8004  >  36012 [ACK] Seq=366534 Ack=144 Win=65024 Len=1448 TSval=2916036331 TSecr=3045556105 [TCP segment of a reassembled PDU]"
"28253","32.251068711","192.168.1.55","192.168.1.2","TCP","1514","8004  >  36012 [ACK] Seq=367982 Ack=144 Win=65024 Len=1448 TSval=2916036331 TSecr=3045556105 [TCP segment of a reassembled PDU]"
"28254","32.251069785","192.168.1.55","192.168.1.2","TCP","1514","8004  >  36012 [ACK] Seq=369430 Ack=144 Win=65024 Len=1448 TSval=2916036331 TSecr=3045556105 [TCP segment of a reassembled PDU]"
"28255","32.251070914","192.168.1.55","192.168.1.2","TCP","1514","8004  >  36012 [ACK] Seq=370878 Ack=144 Win=65024 Len=1448 TSval=2916036331 TSecr=3045556105 [TCP segment of a reassembled PDU]"
"28256","32.251072081","192.168.1.55","192.168.1.2","TCP","1514","8004  >  36012 [ACK] Seq=372326 Ack=144 Win=65024 Len=1448 TSval=2916036331 TSecr=3045556105 [TCP segment of a reassembled PDU]"
"28257","32.251073211","192.168.1.55","192.168.1.2","TCP","1514","8004  >  36012 [ACK] Seq=373774 Ack=144 Win=65024 Len=1448 TSval=2916036331 TSecr=3045556105 [TCP segment of a reassembled PDU]"
"28258","32.251074211","192.168.1.55","192.168.1.2","TCP","1514","8004  >  36012 [ACK] Seq=375222 Ack=144 Win=65024 Len=1448 TSval=2916036331 TSecr=3045556105 [TCP segment of a reassembled PDU]"
"28259","32.251075433","192.168.1.55","192.168.1.2","TCP","1514","8004  >  36012 [ACK] Seq=376670 Ack=144 Win=65024 Len=1448 TSval=2916036331 TSecr=3045556105 [TCP segment of a reassembled PDU]"
"28260","32.251076488","192.168.1.55","192.168.1.2","TCP","1514","8004  >  36012 [ACK] Seq=378118 Ack=144 Win=65024 Len=1448 TSval=2916036331 TSecr=3045556105 [TCP segment of a reassembled PDU]"
"28261","32.251077470","192.168.1.55","192.168.1.2","TCP","1514","8004  >  36012 [ACK] Seq=379566 Ack=144 Win=65024 Len=1448 TSval=2916036331 TSecr=3045556105 [TCP segment of a reassembled PDU]"
"28262","32.251078674","192.168.1.55","192.168.1.2","TCP","1514","8004  >  36012 [ACK] Seq=381014 Ack=144 Win=65024 Len=1448 TSval=2916036331 TSecr=3045556105 [TCP segment of a reassembled PDU]"
"28263","32.251079655","192.168.1.55","192.168.1.2","TCP","1514","8004  >  36012 [ACK] Seq=382462 Ack=144 Win=65024 Len=1448 TSval=2916036331 TSecr=3045556105 [TCP segment of a reassembled PDU]"
"28264","32.251080711","192.168.1.55","192.168.1.2","TCP","1514","8004  >  36012 [ACK] Seq=383910 Ack=144 Win=65024 Len=1448 TSval=2916036331 TSecr=3045556105 [TCP segment of a reassembled PDU]"
"28265","32.251081692","192.168.1.55","192.168.1.2","TCP","1514","8004  >  36012 [ACK] Seq=385358 Ack=144 Win=65024 Len=1448 TSval=2916036331 TSecr=3045556105 [TCP segment of a reassembled PDU]"
"28266","32.251082840","192.168.1.55","192.168.1.2","TCP","1514","8004  >  36012 [ACK] Seq=386806 Ack=144 Win=65024 Len=1448 TSval=2916036331 TSecr=3045556105 [TCP segment of a reassembled PDU]"
"28267","32.251083933","192.168.1.55","192.168.1.2","TCP","1514","8004  >  36012 [ACK] Seq=388254 Ack=144 Win=65024 Len=1448 TSval=2916036331 TSecr=3045556105 [TCP segment of a reassembled PDU]"
"28268","32.251084988","192.168.1.55","192.168.1.2","TCP","1514","8004  >  36012 [ACK] Seq=389702 Ack=144 Win=65024 Len=1448 TSval=2916036331 TSecr=3045556105 [TCP segment of a reassembled PDU]"
"28269","32.251085988","192.168.1.55","192.168.1.2","TCP","1514","8004  >  36012 [ACK] Seq=391150 Ack=144 Win=65024 Len=1448 TSval=2916036331 TSecr=3045556105 [TCP segment of a reassembled PDU]"
"28270","32.251087137","192.168.1.55","192.168.1.2","TCP","1514","8004  >  36012 [ACK] Seq=392598 Ack=144 Win=65024 Len=1448 TSval=2916036331 TSecr=3045556105 [TCP segment of a reassembled PDU]"
"28271","32.251088303","192.168.1.55","192.168.1.2","TCP","1514","8004  >  36012 [ACK] Seq=394046 Ack=144 Win=65024 Len=1448 TSval=2916036331 TSecr=3045556105 [TCP segment of a reassembled PDU]"
"28272","32.251089470","192.168.1.55","192.168.1.2","TCP","1514","8004  >  36012 [ACK] Seq=395494 Ack=144 Win=65024 Len=1448 TSval=2916036331 TSecr=3045556105 [TCP segment of a reassembled PDU]"
"28273","32.251090451","192.168.1.55","192.168.1.2","TCP","1514","8004  >  36012 [ACK] Seq=396942 Ack=144 Win=65024 Len=1448 TSval=2916036331 TSecr=3045556105 [TCP segment of a reassembled PDU]"
"28274","32.251091451","192.168.1.55","192.168.1.2","TCP","1514","8004  >  36012 [ACK] Seq=398390 Ack=144 Win=65024 Len=1448 TSval=2916036331 TSecr=3045556105 [TCP segment of a reassembled PDU]"
"28275","32.251092470","192.168.1.55","192.168.1.2","TCP","1514","8004  >  36012 [ACK] Seq=399838 Ack=144 Win=65024 Len=1448 TSval=2916036331 TSecr=3045556105 [TCP segment of a reassembled PDU]"
"28276","32.251093451","192.168.1.55","192.168.1.2","TCP","1514","8004  >  36012 [ACK] Seq=401286 Ack=144 Win=65024 Len=1448 TSval=2916036331 TSecr=3045556105 [TCP segment of a reassembled PDU]"
"28277","32.251094562","192.168.1.55","192.168.1.2","TCP","1514","8004  >  36012 [ACK] Seq=402734 Ack=144 Win=65024 Len=1448 TSval=2916036331 TSecr=3045556105 [TCP segment of a reassembled PDU]"
"28278","32.251095562","192.168.1.55","192.168.1.2","TCP","1514","8004  >  36012 [ACK] Seq=404182 Ack=144 Win=65024 Len=1448 TSval=2916036331 TSecr=3045556105 [TCP segment of a reassembled PDU]"
"28279","32.251096562","192.168.1.55","192.168.1.2","TCP","1514","8004  >  36012 [PSH, ACK] Seq=405630 Ack=144 Win=65024 Len=1448 TSval=2916036331 TSecr=3045556105 [TCP segment of a reassembled PDU]"
"28280","32.251100840","192.168.1.2","192.168.1.55","TCP","66","36012  >  8004 [ACK] Seq=144 Ack=325150 Win=82944 Len=0 TSval=3045556105 TSecr=2916036322"
"28281","32.256599293","192.168.1.2","192.168.1.55","TCP","66","36012  >  8004 [ACK] Seq=144 Ack=329494 Win=145408 Len=0 TSval=3045556111 TSecr=2916036330"
"28282","32.256622756","192.168.1.55","192.168.1.2","TCP","1514","8004  >  36012 [ACK] Seq=407078 Ack=144 Win=65024 Len=1448 TSval=2916036337 TSecr=3045556111 [TCP segment of a reassembled PDU]"
"28283","32.256627275","192.168.1.55","192.168.1.2","TCP","1514","8004  >  36012 [PSH, ACK] Seq=408526 Ack=144 Win=65024 Len=1448 TSval=2916036337 TSecr=3045556111 [TCP segment of a reassembled PDU]"
"28284","32.256677849","192.168.1.55","192.168.1.2","TCP","1514","8004  >  36012 [ACK] Seq=409974 Ack=144 Win=65024 Len=1448 TSval=2916036337 TSecr=3045556111 [TCP segment of a reassembled PDU]"
"28285","32.256679405","192.168.1.55","192.168.1.2","TCP","1514","8004  >  36012 [ACK] Seq=411422 Ack=144 Win=65024 Len=1448 TSval=2916036337 TSecr=3045556111 [TCP segment of a reassembled PDU]"
"28286","32.256681090","192.168.1.55","192.168.1.2","TCP","1514","8004  >  36012 [ACK] Seq=412870 Ack=144 Win=65024 Len=1448 TSval=2916036337 TSecr=3045556111 [TCP segment of a reassembled PDU]"
"28287","32.256682682","192.168.1.55","192.168.1.2","TCP","1514","8004  >  36012 [ACK] Seq=414318 Ack=144 Win=65024 Len=1448 TSval=2916036337 TSecr=3045556111 [TCP segment of a reassembled PDU]"
"28288","32.256683775","192.168.1.55","192.168.1.2","TCP","1514","8004  >  36012 [ACK] Seq=415766 Ack=144 Win=65024 Len=1448 TSval=2916036337 TSecr=3045556111 [TCP segment of a reassembled PDU]"
"28289","32.256685275","192.168.1.55","192.168.1.2","TCP","1514","8004  >  36012 [ACK] Seq=417214 Ack=144 Win=65024 Len=1448 TSval=2916036337 TSecr=3045556111 [TCP segment of a reassembled PDU]"
"28290","32.256686368","192.168.1.55","192.168.1.2","TCP","1514","8004  >  36012 [ACK] Seq=418662 Ack=144 Win=65024 Len=1448 TSval=2916036337 TSecr=3045556111 [TCP segment of a reassembled PDU]"
"28291","32.256687608","192.168.1.55","192.168.1.2","TCP","1514","8004  >  36012 [ACK] Seq=420110 Ack=144 Win=65024 Len=1448 TSval=2916036337 TSecr=3045556111 [TCP segment of a reassembled PDU]"
"28292","32.256689349","192.168.1.55","192.168.1.2","TCP","1514","8004  >  36012 [ACK] Seq=421558 Ack=144 Win=65024 Len=1448 TSval=2916036337 TSecr=3045556111 [TCP segment of a reassembled PDU]"
"28293","32.256690405","192.168.1.55","192.168.1.2","TCP","1514","8004  >  36012 [ACK] Seq=423006 Ack=144 Win=65024 Len=1448 TSval=2916036337 TSecr=3045556111 [TCP segment of a reassembled PDU]"
"28294","32.256691719","192.168.1.55","192.168.1.2","TCP","1514","8004  >  36012 [ACK] Seq=424454 Ack=144 Win=65024 Len=1448 TSval=2916036337 TSecr=3045556111 [TCP segment of a reassembled PDU]"
"28295","32.256692905","192.168.1.55","192.168.1.2","TCP","1514","8004  >  36012 [ACK] Seq=425902 Ack=144 Win=65024 Len=1448 TSval=2916036337 TSecr=3045556111 [TCP segment of a reassembled PDU]"
"28296","32.256694016","192.168.1.55","192.168.1.2","TCP","1514","8004  >  36012 [ACK] Seq=427350 Ack=144 Win=65024 Len=1448 TSval=2916036337 TSecr=3045556111 [TCP segment of a reassembled PDU]"
"28297","32.256695108","192.168.1.55","192.168.1.2","TCP","1514","8004  >  36012 [ACK] Seq=428798 Ack=144 Win=65024 Len=1448 TSval=2916036337 TSecr=3045556111 [TCP segment of a reassembled PDU]"
"28298","32.256696294","192.168.1.55","192.168.1.2","TCP","1514","8004  >  36012 [ACK] Seq=430246 Ack=144 Win=65024 Len=1448 TSval=2916036337 TSecr=3045556111 [TCP segment of a reassembled PDU]"
"28299","32.256697645","192.168.1.55","192.168.1.2","TCP","1514","8004  >  36012 [ACK] Seq=431694 Ack=144 Win=65024 Len=1448 TSval=2916036337 TSecr=3045556111 [TCP segment of a reassembled PDU]"
"28300","32.256698831","192.168.1.55","192.168.1.2","TCP","1514","8004  >  36012 [ACK] Seq=433142 Ack=144 Win=65024 Len=1448 TSval=2916036337 TSecr=3045556111 [TCP segment of a reassembled PDU]"
"28301","32.256700034","192.168.1.55","192.168.1.2","TCP","1514","8004  >  36012 [ACK] Seq=434590 Ack=144 Win=65024 Len=1448 TSval=2916036337 TSecr=3045556111 [TCP segment of a reassembled PDU]"
"28302","32.256701571","192.168.1.55","192.168.1.2","TCP","1514","8004  >  36012 [ACK] Seq=436038 Ack=144 Win=65024 Len=1448 TSval=2916036337 TSecr=3045556111 [TCP segment of a reassembled PDU]"
"28303","32.256702997","192.168.1.55","192.168.1.2","TCP","1514","8004  >  36012 [ACK] Seq=437486 Ack=144 Win=65024 Len=1448 TSval=2916036337 TSecr=3045556111 [TCP segment of a reassembled PDU]"
"28304","32.256704812","192.168.1.55","192.168.1.2","TCP","1514","8004  >  36012 [ACK] Seq=438934 Ack=144 Win=65024 Len=1448 TSval=2916036337 TSecr=3045556111 [TCP segment of a reassembled PDU]"
"28305","32.256706016","192.168.1.55","192.168.1.2","TCP","1514","8004  >  36012 [ACK] Seq=440382 Ack=144 Win=65024 Len=1448 TSval=2916036337 TSecr=3045556111 [TCP segment of a reassembled PDU]"
"28306","32.256707423","192.168.1.55","192.168.1.2","TCP","1514","8004  >  36012 [ACK] Seq=441830 Ack=144 Win=65024 Len=1448 TSval=2916036337 TSecr=3045556111 [TCP segment of a reassembled PDU]"
"28307","32.256708757","192.168.1.55","192.168.1.2","TCP","1514","8004  >  36012 [ACK] Seq=443278 Ack=144 Win=65024 Len=1448 TSval=2916036337 TSecr=3045556111 [TCP segment of a reassembled PDU]"
"28308","32.256709775","192.168.1.55","192.168.1.2","TCP","1514","8004  >  36012 [ACK] Seq=444726 Ack=144 Win=65024 Len=1448 TSval=2916036337 TSecr=3045556111 [TCP segment of a reassembled PDU]"
"28309","32.256711053","192.168.1.55","192.168.1.2","TCP","1514","8004  >  36012 [ACK] Seq=446174 Ack=144 Win=65024 Len=1448 TSval=2916036337 TSecr=3045556111 [TCP segment of a reassembled PDU]"
"28310","32.256712997","192.168.1.55","192.168.1.2","TCP","1514","8004  >  36012 [ACK] Seq=447622 Ack=144 Win=65024 Len=1448 TSval=2916036337 TSecr=3045556111 [TCP segment of a reassembled PDU]"
"28311","32.256714868","192.168.1.55","192.168.1.2","TCP","1514","8004  >  36012 [ACK] Seq=449070 Ack=144 Win=65024 Len=1448 TSval=2916036337 TSecr=3045556111 [TCP segment of a reassembled PDU]"
"28312","32.256716423","192.168.1.55","192.168.1.2","TCP","1514","8004  >  36012 [ACK] Seq=450518 Ack=144 Win=65024 Len=1448 TSval=2916036337 TSecr=3045556111 [TCP segment of a reassembled PDU]"
"28313","32.256718145","192.168.1.55","192.168.1.2","TCP","1514","8004  >  36012 [PSH, ACK] Seq=451966 Ack=144 Win=65024 Len=1448 TSval=2916036337 TSecr=3045556111 [TCP segment of a reassembled PDU]"
"28314","32.256774571","192.168.1.2","192.168.1.55","TCP","66","36012  >  8004 [ACK] Seq=144 Ack=365694 Win=148480 Len=0 TSval=3045556111 TSecr=2916036330"
"28315","32.256783516","192.168.1.2","192.168.1.55","TCP","66","36012  >  8004 [ACK] Seq=144 Ack=396942 Win=151552 Len=0 TSval=3045556111 TSecr=2916036331"
"28316","32.257998888","192.168.1.55","192.168.1.2","TCP","1514","8004  >  36012 [ACK] Seq=453414 Ack=144 Win=65024 Len=1448 TSval=2916036338 TSecr=3045556111 [TCP segment of a reassembled PDU]"
"28317","32.258001777","192.168.1.55","192.168.1.2","TCP","1514","8004  >  36012 [ACK] Seq=454862 Ack=144 Win=65024 Len=1448 TSval=2916036338 TSecr=3045556111 [TCP segment of a reassembled PDU]"
"28318","32.258003203","192.168.1.55","192.168.1.2","TCP","1514","8004  >  36012 [ACK] Seq=456310 Ack=144 Win=65024 Len=1448 TSval=2916036338 TSecr=3045556111 [TCP segment of a reassembled PDU]"
"28319","32.258004870","192.168.1.55","192.168.1.2","TCP","1514","8004  >  36012 [ACK] Seq=457758 Ack=144 Win=65024 Len=1448 TSval=2916036338 TSecr=3045556111 [TCP segment of a reassembled PDU]"
"28320","32.258006055","192.168.1.55","192.168.1.2","TCP","1514","8004  >  36012 [ACK] Seq=459206 Ack=144 Win=65024 Len=1448 TSval=2916036338 TSecr=3045556111 [TCP segment of a reassembled PDU]"
"28321","32.258007610","192.168.1.55","192.168.1.2","TCP","1514","8004  >  36012 [ACK] Seq=460654 Ack=144 Win=65024 Len=1448 TSval=2916036338 TSecr=3045556111 [TCP segment of a reassembled PDU]"
"28322","32.258008888","192.168.1.55","192.168.1.2","TCP","1514","8004  >  36012 [ACK] Seq=462102 Ack=144 Win=65024 Len=1448 TSval=2916036338 TSecr=3045556111 [TCP segment of a reassembled PDU]"
"28323","32.258010240","192.168.1.55","192.168.1.2","TCP","1514","8004  >  36012 [ACK] Seq=463550 Ack=144 Win=65024 Len=1448 TSval=2916036338 TSecr=3045556111 [TCP segment of a reassembled PDU]"
"28324","32.258014444","192.168.1.2","192.168.1.55","TCP","66","36012  >  8004 [ACK] Seq=144 Ack=407078 Win=172032 Len=0 TSval=3045556112 TSecr=2916036331"
"28325","32.258021981","192.168.1.55","192.168.1.2","TCP","1514","8004  >  36012 [ACK] Seq=464998 Ack=144 Win=65024 Len=1448 TSval=2916036338 TSecr=3045556111 [TCP segment of a reassembled PDU]"
"28326","32.258024759","192.168.1.55","192.168.1.2","TCP","1514","8004  >  36012 [ACK] Seq=466446 Ack=144 Win=65024 Len=1448 TSval=2916036338 TSecr=3045556111 [TCP segment of a reassembled PDU]"
"28327","32.258026018","192.168.1.55","192.168.1.2","TCP","1514","8004  >  36012 [ACK] Seq=467894 Ack=144 Win=65024 Len=1448 TSval=2916036338 TSecr=3045556111 [TCP segment of a reassembled PDU]"
"28328","32.258027259","192.168.1.55","192.168.1.2","TCP","1514","8004  >  36012 [ACK] Seq=469342 Ack=144 Win=65024 Len=1448 TSval=2916036338 TSecr=3045556111 [TCP segment of a reassembled PDU]"
"28329","32.258028703","192.168.1.55","192.168.1.2","TCP","1514","8004  >  36012 [ACK] Seq=470790 Ack=144 Win=65024 Len=1448 TSval=2916036338 TSecr=3045556111 [TCP segment of a reassembled PDU]"
"28330","32.258029833","192.168.1.55","192.168.1.2","TCP","1514","8004  >  36012 [ACK] Seq=472238 Ack=144 Win=65024 Len=1448 TSval=2916036338 TSecr=3045556111 [TCP segment of a reassembled PDU]"
"28331","32.258031240","192.168.1.55","192.168.1.2","TCP","1514","8004  >  36012 [ACK] Seq=473686 Ack=144 Win=65024 Len=1448 TSval=2916036338 TSecr=3045556111 [TCP segment of a reassembled PDU]"
"28332","32.258032536","192.168.1.55","192.168.1.2","TCP","1514","8004  >  36012 [ACK] Seq=475134 Ack=144 Win=65024 Len=1448 TSval=2916036338 TSecr=3045556111 [TCP segment of a reassembled PDU]"
"28333","32.258033888","192.168.1.55","192.168.1.2","TCP","1514","8004  >  36012 [ACK] Seq=476582 Ack=144 Win=65024 Len=1448 TSval=2916036338 TSecr=3045556111 [TCP segment of a reassembled PDU]"
"28334","32.258035036","192.168.1.55","192.168.1.2","TCP","1514","8004  >  36012 [ACK] Seq=478030 Ack=144 Win=65024 Len=1448 TSval=2916036338 TSecr=3045556111 [TCP segment of a reassembled PDU]"
"28335","32.258036240","192.168.1.55","192.168.1.2","TCP","1514","8004  >  36012 [ACK] Seq=479478 Ack=144 Win=65024 Len=1448 TSval=2916036338 TSecr=3045556111 [TCP segment of a reassembled PDU]"
"28336","32.258037481","192.168.1.55","192.168.1.2","TCP","1514","8004  >  36012 [ACK] Seq=480926 Ack=144 Win=65024 Len=1448 TSval=2916036338 TSecr=3045556111 [TCP segment of a reassembled PDU]"
"28337","32.258038592","192.168.1.55","192.168.1.2","TCP","1514","8004  >  36012 [ACK] Seq=482374 Ack=144 Win=65024 Len=1448 TSval=2916036338 TSecr=3045556111 [TCP segment of a reassembled PDU]"
"28338","32.258040240","192.168.1.55","192.168.1.2","TCP","1514","8004  >  36012 [ACK] Seq=483822 Ack=144 Win=65024 Len=1448 TSval=2916036338 TSecr=3045556111 [TCP segment of a reassembled PDU]"
"28339","32.258041573","192.168.1.55","192.168.1.2","TCP","1514","8004  >  36012 [ACK] Seq=485270 Ack=144 Win=65024 Len=1448 TSval=2916036338 TSecr=3045556111 [TCP segment of a reassembled PDU]"
"28340","32.258042796","192.168.1.55","192.168.1.2","TCP","1514","8004  >  36012 [ACK] Seq=486718 Ack=144 Win=65024 Len=1448 TSval=2916036338 TSecr=3045556111 [TCP segment of a reassembled PDU]"
"28341","32.258043944","192.168.1.55","192.168.1.2","TCP","1514","8004  >  36012 [ACK] Seq=488166 Ack=144 Win=65024 Len=1448 TSval=2916036338 TSecr=3045556111 [TCP segment of a reassembled PDU]"
"28342","32.258045277","192.168.1.55","192.168.1.2","TCP","1514","8004  >  36012 [ACK] Seq=489614 Ack=144 Win=65024 Len=1448 TSval=2916036338 TSecr=3045556111 [TCP segment of a reassembled PDU]"
"28343","32.258046925","192.168.1.55","192.168.1.2","TCP","1514","8004  >  36012 [ACK] Seq=491062 Ack=144 Win=65024 Len=1448 TSval=2916036338 TSecr=3045556111 [TCP segment of a reassembled PDU]"
"28344","32.258048685","192.168.1.55","192.168.1.2","TCP","1514","8004  >  36012 [ACK] Seq=492510 Ack=144 Win=65024 Len=1448 TSval=2916036338 TSecr=3045556111 [TCP segment of a reassembled PDU]"
"28345","32.258050111","192.168.1.55","192.168.1.2","TCP","1514","8004  >  36012 [ACK] Seq=493958 Ack=144 Win=65024 Len=1448 TSval=2916036338 TSecr=3045556111 [TCP segment of a reassembled PDU]"
"28346","32.258051536","192.168.1.55","192.168.1.2","TCP","1514","8004  >  36012 [PSH, ACK] Seq=495406 Ack=144 Win=65024 Len=1448 TSval=2916036338 TSecr=3045556111 [TCP segment of a reassembled PDU]"
"28347","32.259090834","192.168.1.55","192.168.1.2","TCP","1514","8004  >  36012 [ACK] Seq=496854 Ack=144 Win=65024 Len=1448 TSval=2916036339 TSecr=3045556112 [TCP segment of a reassembled PDU]"
"28348","32.259095594","192.168.1.55","192.168.1.2","HTTP","222","HTTP/1.0 200 OK  (PNG)"
"28349","32.263320119","192.168.1.2","192.168.1.55","TCP","66","36012  >  8004 [ACK] Seq=144 Ack=409974 Win=177152 Len=0 TSval=3045556118 TSecr=2916036337"
"28350","32.263433045","192.168.1.2","192.168.1.55","TCP","66","36012  >  8004 [ACK] Seq=144 Ack=453414 Win=177152 Len=0 TSval=3045556118 TSecr=2916036337"
"28351","32.263442897","192.168.1.2","192.168.1.55","TCP","66","36012  >  8004 [ACK] Seq=144 Ack=491062 Win=147456 Len=0 TSval=3045556118 TSecr=2916036338"
"28352","32.264139250","192.168.1.2","192.168.1.55","TCP","66","36012  >  8004 [ACK] Seq=144 Ack=496854 Win=189440 Len=0 TSval=3045556119 TSecr=2916036338"
"28353","32.264245861","192.168.1.2","192.168.1.55","TCP","66","36012  >  8004 [ACK] Seq=144 Ack=498302 Win=191488 Len=0 TSval=3045556119 TSecr=2916036339"
"28354","32.266135679","192.168.1.2","192.168.1.55","TCP","66","36012  >  8004 [FIN, ACK] Seq=144 Ack=498459 Win=194560 Len=0 TSval=3045556120 TSecr=2916036339"
"28355","32.266166920","192.168.1.55","192.168.1.2","TCP","66","8004  >  36012 [ACK] Seq=498459 Ack=145 Win=65024 Len=0 TSval=2916036346 TSecr=3045556120"
"28356","32.267216588","192.168.1.2","192.168.1.55","TCP","74","36014  >  8004 [SYN] Seq=0 Win=64240 Len=0 MSS=1460 SACK_PERM TSval=3045556122 TSecr=0 WS=1024"
"28357","32.267270551","192.168.1.55","192.168.1.2","TCP","74","8004  >  36014 [SYN, ACK] Seq=0 Ack=1 Win=65160 Len=0 MSS=1460 SACK_PERM TSval=2916036347 TSecr=3045556122 WS=128"
"28358","32.270662982","192.168.1.2","192.168.1.55","TCP","66","36014  >  8004 [ACK] Seq=1 Ack=1 Win=64512 Len=0 TSval=3045556125 TSecr=2916036347"
"28359","32.271655669","192.168.1.2","192.168.1.55","HTTP","206","GET /stego_benchmark.png HTTP/1.1 "
"28360","32.271701262","192.168.1.55","192.168.1.2","TCP","66","8004  >  36014 [ACK] Seq=1 Ack=141 Win=65024 Len=0 TSval=2916036352 TSecr=3045556126"
"28361","32.272381466","192.168.1.55","192.168.1.2","TCP","255","8004  >  36014 [PSH, ACK] Seq=1 Ack=141 Win=65024 Len=189 TSval=2916036353 TSecr=3045556126 [TCP segment of a reassembled PDU]"
"28362","32.272501930","192.168.1.55","192.168.1.2","TCP","1514","8004  >  36014 [ACK] Seq=190 Ack=141 Win=65024 Len=1448 TSval=2916036353 TSecr=3045556126 [TCP segment of a reassembled PDU]"
"28363","32.272506170","192.168.1.55","192.168.1.2","TCP","1514","8004  >  36014 [ACK] Seq=1638 Ack=141 Win=65024 Len=1448 TSval=2916036353 TSecr=3045556126 [TCP segment of a reassembled PDU]"
"28364","32.272508096","192.168.1.55","192.168.1.2","TCP","1514","8004  >  36014 [ACK] Seq=3086 Ack=141 Win=65024 Len=1448 TSval=2916036353 TSecr=3045556126 [TCP segment of a reassembled PDU]"
"28365","32.272509874","192.168.1.55","192.168.1.2","TCP","1514","8004  >  36014 [ACK] Seq=4534 Ack=141 Win=65024 Len=1448 TSval=2916036353 TSecr=3045556126 [TCP segment of a reassembled PDU]"
"28366","32.272511522","192.168.1.55","192.168.1.2","TCP","1514","8004  >  36014 [PSH, ACK] Seq=5982 Ack=141 Win=65024 Len=1448 TSval=2916036353 TSecr=3045556126 [TCP segment of a reassembled PDU]"
"28367","32.272533893","192.168.1.55","192.168.1.2","TCP","1514","8004  >  36014 [ACK] Seq=7430 Ack=141 Win=65024 Len=1448 TSval=2916036353 TSecr=3045556126 [TCP segment of a reassembled PDU]"
"28368","32.272535411","192.168.1.55","192.168.1.2","TCP","1514","8004  >  36014 [ACK] Seq=8878 Ack=141 Win=65024 Len=1448 TSval=2916036353 TSecr=3045556126 [TCP segment of a reassembled PDU]"
"28369","32.272537319","192.168.1.55","192.168.1.2","TCP","1514","8004  >  36014 [ACK] Seq=10326 Ack=141 Win=65024 Len=1448 TSval=2916036353 TSecr=3045556126 [TCP segment of a reassembled PDU]"
"28370","32.272539448","192.168.1.55","192.168.1.2","TCP","1514","8004  >  36014 [PSH, ACK] Seq=11774 Ack=141 Win=65024 Len=1448 TSval=2916036353 TSecr=3045556126 [TCP segment of a reassembled PDU]"
"28371","32.279271607","192.168.1.2","192.168.1.55","TCP","66","36014  >  8004 [ACK] Seq=141 Ack=190 Win=64512 Len=0 TSval=3045556133 TSecr=2916036353"
"28372","32.279422459","192.168.1.55","192.168.1.2","TCP","1514","8004  >  36014 [ACK] Seq=13222 Ack=141 Win=65024 Len=1448 TSval=2916036360 TSecr=3045556133 [TCP segment of a reassembled PDU]"
"28373","32.279437755","192.168.1.55","192.168.1.2","TCP","1514","8004  >  36014 [PSH, ACK] Seq=14670 Ack=141 Win=65024 Len=1448 TSval=2916036360 TSecr=3045556133 [TCP segment of a reassembled PDU]"
"28374","32.279512552","192.168.1.2","192.168.1.55","TCP","66","36014  >  8004 [ACK] Seq=141 Ack=13222 Win=64512 Len=0 TSval=3045556133 TSecr=2916036353"
"28375","32.279586996","192.168.1.55","192.168.1.2","TCP","1514","8004  >  36014 [ACK] Seq=16118 Ack=141 Win=65024 Len=1448 TSval=2916036360 TSecr=3045556133 [TCP segment of a reassembled PDU]"
"28376","32.279591867","192.168.1.55","192.168.1.2","TCP","1514","8004  >  36014 [ACK] Seq=17566 Ack=141 Win=65024 Len=1448 TSval=2916036360 TSecr=3045556133 [TCP segment of a reassembled PDU]"
"28377","32.279594330","192.168.1.55","192.168.1.2","TCP","1514","8004  >  36014 [ACK] Seq=19014 Ack=141 Win=65024 Len=1448 TSval=2916036360 TSecr=3045556133 [TCP segment of a reassembled PDU]"
"28378","32.279596422","192.168.1.55","192.168.1.2","TCP","1514","8004  >  36014 [ACK] Seq=20462 Ack=141 Win=65024 Len=1448 TSval=2916036360 TSecr=3045556133 [TCP segment of a reassembled PDU]"
"28379","32.279598256","192.168.1.55","192.168.1.2","TCP","1514","8004  >  36014 [ACK] Seq=21910 Ack=141 Win=65024 Len=1448 TSval=2916036360 TSecr=3045556133 [TCP segment of a reassembled PDU]"
"28380","32.279599682","192.168.1.55","192.168.1.2","TCP","1514","8004  >  36014 [ACK] Seq=23358 Ack=141 Win=65024 Len=1448 TSval=2916036360 TSecr=3045556133 [TCP segment of a reassembled PDU]"
"28381","32.279601256","192.168.1.55","192.168.1.2","TCP","1514","8004  >  36014 [ACK] Seq=24806 Ack=141 Win=65024 Len=1448 TSval=2916036360 TSecr=3045556133 [TCP segment of a reassembled PDU]"
"28382","32.279602608","192.168.1.55","192.168.1.2","TCP","1514","8004  >  36014 [ACK] Seq=26254 Ack=141 Win=65024 Len=1448 TSval=2916036360 TSecr=3045556133 [TCP segment of a reassembled PDU]"
"28383","32.279604126","192.168.1.55","192.168.1.2","TCP","1514","8004  >  36014 [ACK] Seq=27702 Ack=141 Win=65024 Len=1448 TSval=2916036360 TSecr=3045556133 [TCP segment of a reassembled PDU]"
"28384","32.279605608","192.168.1.55","192.168.1.2","TCP","1514","8004  >  36014 [PSH, ACK] Seq=29150 Ack=141 Win=65024 Len=1448 TSval=2916036360 TSecr=3045556133 [TCP segment of a reassembled PDU]"
"28385","32.279647830","192.168.1.55","192.168.1.2","TCP","1514","8004  >  36014 [ACK] Seq=30598 Ack=141 Win=65024 Len=1448 TSval=2916036360 TSecr=3045556133 [TCP segment of a reassembled PDU]"
"28386","32.279651774","192.168.1.55","192.168.1.2","TCP","1514","8004  >  36014 [ACK] Seq=32046 Ack=141 Win=65024 Len=1448 TSval=2916036360 TSecr=3045556133 [TCP segment of a reassembled PDU]"
"28387","32.279653552","192.168.1.55","192.168.1.2","TCP","1514","8004  >  36014 [ACK] Seq=33494 Ack=141 Win=65024 Len=1448 TSval=2916036360 TSecr=3045556133 [TCP segment of a reassembled PDU]"
"28388","32.279654811","192.168.1.55","192.168.1.2","TCP","1514","8004  >  36014 [ACK] Seq=34942 Ack=141 Win=65024 Len=1448 TSval=2916036360 TSecr=3045556133 [TCP segment of a reassembled PDU]"
"28389","32.279656182","192.168.1.55","192.168.1.2","TCP","1514","8004  >  36014 [ACK] Seq=36390 Ack=141 Win=65024 Len=1448 TSval=2916036360 TSecr=3045556133 [TCP segment of a reassembled PDU]"
"28390","32.279657422","192.168.1.55","192.168.1.2","TCP","1514","8004  >  36014 [ACK] Seq=37838 Ack=141 Win=65024 Len=1448 TSval=2916036360 TSecr=3045556133 [TCP segment of a reassembled PDU]"
"28391","32.279658645","192.168.1.55","192.168.1.2","TCP","1514","8004  >  36014 [ACK] Seq=39286 Ack=141 Win=65024 Len=1448 TSval=2916036360 TSecr=3045556133 [TCP segment of a reassembled PDU]"
"28392","32.279660219","192.168.1.55","192.168.1.2","TCP","1514","8004  >  36014 [PSH, ACK] Seq=40734 Ack=141 Win=65024 Len=1448 TSval=2916036360 TSecr=3045556133 [TCP segment of a reassembled PDU]"
"28393","32.284900486","192.168.1.2","192.168.1.55","TCP","66","36014  >  8004 [ACK] Seq=141 Ack=16118 Win=70656 Len=0 TSval=3045556139 TSecr=2916036360"
"28394","32.284948486","192.168.1.55","192.168.1.2","TCP","1514","8004  >  36014 [ACK] Seq=42182 Ack=141 Win=65024 Len=1448 TSval=2916036365 TSecr=3045556139 [TCP segment of a reassembled PDU]"
"28395","32.284954468","192.168.1.55","192.168.1.2","TCP","1514","8004  >  36014 [PSH, ACK] Seq=43630 Ack=141 Win=65024 Len=1448 TSval=2916036365 TSecr=3045556139 [TCP segment of a reassembled PDU]"
"28396","32.285054098","192.168.1.2","192.168.1.55","TCP","66","36014  >  8004 [ACK] Seq=141 Ack=30598 Win=71680 Len=0 TSval=3045556139 TSecr=2916036360"
"28397","32.285091672","192.168.1.55","192.168.1.2","TCP","1514","8004  >  36014 [ACK] Seq=45078 Ack=141 Win=65024 Len=1448 TSval=2916036365 TSecr=3045556139 [TCP segment of a reassembled PDU]"
"28398","32.285093672","192.168.1.55","192.168.1.2","TCP","1514","8004  >  36014 [ACK] Seq=46526 Ack=141 Win=65024 Len=1448 TSval=2916036365 TSecr=3045556139 [TCP segment of a reassembled PDU]"
"28399","32.285096468","192.168.1.55","192.168.1.2","TCP","1514","8004  >  36014 [ACK] Seq=47974 Ack=141 Win=65024 Len=1448 TSval=2916036365 TSecr=3045556139 [TCP segment of a reassembled PDU]"
"28400","32.285098024","192.168.1.55","192.168.1.2","TCP","1514","8004  >  36014 [ACK] Seq=49422 Ack=141 Win=65024 Len=1448 TSval=2916036365 TSecr=3045556139 [TCP segment of a reassembled PDU]"
"28401","32.285099320","192.168.1.55","192.168.1.2","TCP","1514","8004  >  36014 [ACK] Seq=50870 Ack=141 Win=65024 Len=1448 TSval=2916036365 TSecr=3045556139 [TCP segment of a reassembled PDU]"
"28402","32.285100672","192.168.1.55","192.168.1.2","TCP","1514","8004  >  36014 [ACK] Seq=52318 Ack=141 Win=65024 Len=1448 TSval=2916036365 TSecr=3045556139 [TCP segment of a reassembled PDU]"
"28403","32.285102246","192.168.1.55","192.168.1.2","TCP","1514","8004  >  36014 [ACK] Seq=53766 Ack=141 Win=65024 Len=1448 TSval=2916036365 TSecr=3045556139 [TCP segment of a reassembled PDU]"
"28404","32.285104079","192.168.1.55","192.168.1.2","TCP","1514","8004  >  36014 [ACK] Seq=55214 Ack=141 Win=65024 Len=1448 TSval=2916036365 TSecr=3045556139 [TCP segment of a reassembled PDU]"
"28405","32.285105172","192.168.1.55","192.168.1.2","TCP","1514","8004  >  36014 [ACK] Seq=56662 Ack=141 Win=65024 Len=1448 TSval=2916036365 TSecr=3045556139 [TCP segment of a reassembled PDU]"
"28406","32.285106505","192.168.1.55","192.168.1.2","TCP","1514","8004  >  36014 [ACK] Seq=58110 Ack=141 Win=65024 Len=1448 TSval=2916036365 TSecr=3045556139 [TCP segment of a reassembled PDU]"
"28407","32.285109561","192.168.1.55","192.168.1.2","TCP","1514","8004  >  36014 [ACK] Seq=59558 Ack=141 Win=65024 Len=1448 TSval=2916036365 TSecr=3045556139 [TCP segment of a reassembled PDU]"
"28408","32.285111246","192.168.1.55","192.168.1.2","TCP","1514","8004  >  36014 [ACK] Seq=61006 Ack=141 Win=65024 Len=1448 TSval=2916036365 TSecr=3045556139 [TCP segment of a reassembled PDU]"
"28409","32.285112561","192.168.1.55","192.168.1.2","TCP","1514","8004  >  36014 [ACK] Seq=62454 Ack=141 Win=65024 Len=1448 TSval=2916036365 TSecr=3045556139 [TCP segment of a reassembled PDU]"
"28410","32.285113764","192.168.1.55","192.168.1.2","TCP","1514","8004  >  36014 [ACK] Seq=63902 Ack=141 Win=65024 Len=1448 TSval=2916036365 TSecr=3045556139 [TCP segment of a reassembled PDU]"
"28411","32.285115394","192.168.1.55","192.168.1.2","TCP","1514","8004  >  36014 [ACK] Seq=65350 Ack=141 Win=65024 Len=1448 TSval=2916036365 TSecr=3045556139 [TCP segment of a reassembled PDU]"
"28412","32.285117320","192.168.1.55","192.168.1.2","TCP","1514","8004  >  36014 [PSH, ACK] Seq=66798 Ack=141 Win=65024 Len=1448 TSval=2916036365 TSecr=3045556139 [TCP segment of a reassembled PDU]"
"28413","32.285129061","192.168.1.55","192.168.1.2","TCP","1514","8004  >  36014 [ACK] Seq=68246 Ack=141 Win=65024 Len=1448 TSval=2916036365 TSecr=3045556139 [TCP segment of a reassembled PDU]"
"28414","32.285130524","192.168.1.55","192.168.1.2","TCP","1514","8004  >  36014 [ACK] Seq=69694 Ack=141 Win=65024 Len=1448 TSval=2916036365 TSecr=3045556139 [TCP segment of a reassembled PDU]"
"28415","32.285131801","192.168.1.55","192.168.1.2","TCP","1514","8004  >  36014 [ACK] Seq=71142 Ack=141 Win=65024 Len=1448 TSval=2916036365 TSecr=3045556139 [TCP segment of a reassembled PDU]"
"28416","32.285133357","192.168.1.55","192.168.1.2","TCP","1514","8004  >  36014 [ACK] Seq=72590 Ack=141 Win=65024 Len=1448 TSval=2916036365 TSecr=3045556139 [TCP segment of a reassembled PDU]"
"28417","32.285135061","192.168.1.55","192.168.1.2","TCP","1514","8004  >  36014 [ACK] Seq=74038 Ack=141 Win=65024 Len=1448 TSval=2916036365 TSecr=3045556139 [TCP segment of a reassembled PDU]"
"28418","32.285136579","192.168.1.55","192.168.1.2","TCP","1514","8004  >  36014 [PSH, ACK] Seq=75486 Ack=141 Win=65024 Len=1448 TSval=2916036365 TSecr=3045556139 [TCP segment of a reassembled PDU]"
"28419","32.285139987","192.168.1.2","192.168.1.55","TCP","66","36014  >  8004 [ACK] Seq=141 Ack=39286 Win=64512 Len=0 TSval=3045556139 TSecr=2916036360"
"28420","32.285144283","192.168.1.2","192.168.1.55","TCP","66","36014  >  8004 [ACK] Seq=141 Ack=42182 Win=62464 Len=0 TSval=3045556139 TSecr=2916036360"
"28421","32.286088359","192.168.1.55","192.168.1.2","TCP","1514","8004  >  36014 [ACK] Seq=76934 Ack=141 Win=65024 Len=1448 TSval=2916036366 TSecr=3045556139 [TCP segment of a reassembled PDU]"
"28422","32.286094525","192.168.1.55","192.168.1.2","TCP","1514","8004  >  36014 [ACK] Seq=78382 Ack=141 Win=65024 Len=1448 TSval=2916036366 TSecr=3045556139 [TCP segment of a reassembled PDU]"
"28423","32.286096377","192.168.1.55","192.168.1.2","TCP","1514","8004  >  36014 [ACK] Seq=79830 Ack=141 Win=65024 Len=1448 TSval=2916036366 TSecr=3045556139 [TCP segment of a reassembled PDU]"
"28424","32.286097896","192.168.1.55","192.168.1.2","TCP","1514","8004  >  36014 [ACK] Seq=81278 Ack=141 Win=65024 Len=1448 TSval=2916036366 TSecr=3045556139 [TCP segment of a reassembled PDU]"
"28425","32.286099988","192.168.1.55","192.168.1.2","TCP","1514","8004  >  36014 [ACK] Seq=82726 Ack=141 Win=65024 Len=1448 TSval=2916036366 TSecr=3045556139 [TCP segment of a reassembled PDU]"
"28426","32.286102488","192.168.1.55","192.168.1.2","TCP","1514","8004  >  36014 [ACK] Seq=84174 Ack=141 Win=65024 Len=1448 TSval=2916036366 TSecr=3045556139 [TCP segment of a reassembled PDU]"
"28427","32.286103914","192.168.1.55","192.168.1.2","TCP","1514","8004  >  36014 [ACK] Seq=85622 Ack=141 Win=65024 Len=1448 TSval=2916036366 TSecr=3045556139 [TCP segment of a reassembled PDU]"
"28428","32.286105729","192.168.1.55","192.168.1.2","TCP","1514","8004  >  36014 [ACK] Seq=87070 Ack=141 Win=65024 Len=1448 TSval=2916036366 TSecr=3045556139 [TCP segment of a reassembled PDU]"
"28429","32.286108025","192.168.1.55","192.168.1.2","TCP","1514","8004  >  36014 [ACK] Seq=88518 Ack=141 Win=65024 Len=1448 TSval=2916036366 TSecr=3045556139 [TCP segment of a reassembled PDU]"
"28430","32.286109988","192.168.1.55","192.168.1.2","TCP","1514","8004  >  36014 [ACK] Seq=89966 Ack=141 Win=65024 Len=1448 TSval=2916036366 TSecr=3045556139 [TCP segment of a reassembled PDU]"
"28431","32.286111729","192.168.1.55","192.168.1.2","TCP","1514","8004  >  36014 [ACK] Seq=91414 Ack=141 Win=65024 Len=1448 TSval=2916036366 TSecr=3045556139 [TCP segment of a reassembled PDU]"
"28432","32.286114173","192.168.1.55","192.168.1.2","TCP","1514","8004  >  36014 [ACK] Seq=92862 Ack=141 Win=65024 Len=1448 TSval=2916036366 TSecr=3045556139 [TCP segment of a reassembled PDU]"
"28433","32.286115729","192.168.1.55","192.168.1.2","TCP","1514","8004  >  36014 [ACK] Seq=94310 Ack=141 Win=65024 Len=1448 TSval=2916036366 TSecr=3045556139 [TCP segment of a reassembled PDU]"
"28434","32.286116970","192.168.1.55","192.168.1.2","TCP","1514","8004  >  36014 [ACK] Seq=95758 Ack=141 Win=65024 Len=1448 TSval=2916036366 TSecr=3045556139 [TCP segment of a reassembled PDU]"
"28435","32.286118247","192.168.1.55","192.168.1.2","TCP","1514","8004  >  36014 [ACK] Seq=97206 Ack=141 Win=65024 Len=1448 TSval=2916036366 TSecr=3045556139 [TCP segment of a reassembled PDU]"
"28436","32.286120118","192.168.1.55","192.168.1.2","TCP","1514","8004  >  36014 [PSH, ACK] Seq=98654 Ack=141 Win=65024 Len=1448 TSval=2916036366 TSecr=3045556139 [TCP segment of a reassembled PDU]"
"28437","32.290440328","192.168.1.2","192.168.1.55","TCP","66","36014  >  8004 [ACK] Seq=141 Ack=45078 Win=77824 Len=0 TSval=3045556145 TSecr=2916036365"
"28438","32.290468606","192.168.1.55","192.168.1.2","TCP","1514","8004  >  36014 [ACK] Seq=100102 Ack=141 Win=65024 Len=1448 TSval=2916036371 TSecr=3045556145 [TCP segment of a reassembled PDU]"
"28439","32.290471625","192.168.1.55","192.168.1.2","TCP","1514","8004  >  36014 [ACK] Seq=101550 Ack=141 Win=65024 Len=1448 TSval=2916036371 TSecr=3045556145 [TCP segment of a reassembled PDU]"
"28440","32.290472903","192.168.1.55","192.168.1.2","TCP","1514","8004  >  36014 [ACK] Seq=102998 Ack=141 Win=65024 Len=1448 TSval=2916036371 TSecr=3045556145 [TCP segment of a reassembled PDU]"
"28441","32.290473977","192.168.1.55","192.168.1.2","TCP","1514","8004  >  36014 [PSH, ACK] Seq=104446 Ack=141 Win=65024 Len=1448 TSval=2916036371 TSecr=3045556145 [TCP segment of a reassembled PDU]"
"28442","32.290734570","192.168.1.2","192.168.1.55","TCP","66","36014  >  8004 [ACK] Seq=141 Ack=68246 Win=62464 Len=0 TSval=3045556145 TSecr=2916036365"
"28443","32.290744977","192.168.1.55","192.168.1.2","TCP","1514","8004  >  36014 [ACK] Seq=105894 Ack=141 Win=65024 Len=1448 TSval=2916036371 TSecr=3045556145 [TCP segment of a reassembled PDU]"
"28444","32.290746699","192.168.1.55","192.168.1.2","TCP","1514","8004  >  36014 [PSH, ACK] Seq=107342 Ack=141 Win=65024 Len=1448 TSval=2916036371 TSecr=3045556145 [TCP segment of a reassembled PDU]"
"28445","32.290766292","192.168.1.55","192.168.1.2","TCP","1514","8004  >  36014 [ACK] Seq=108790 Ack=141 Win=65024 Len=1448 TSval=2916036371 TSecr=3045556145 [TCP segment of a reassembled PDU]"
"28446","32.290767662","192.168.1.55","192.168.1.2","TCP","1514","8004  >  36014 [ACK] Seq=110238 Ack=141 Win=65024 Len=1448 TSval=2916036371 TSecr=3045556145 [TCP segment of a reassembled PDU]"
"28447","32.290768921","192.168.1.55","192.168.1.2","TCP","1514","8004  >  36014 [ACK] Seq=111686 Ack=141 Win=65024 Len=1448 TSval=2916036371 TSecr=3045556145 [TCP segment of a reassembled PDU]"
"28448","32.290770199","192.168.1.55","192.168.1.2","TCP","1514","8004  >  36014 [ACK] Seq=113134 Ack=141 Win=65024 Len=1448 TSval=2916036371 TSecr=3045556145 [TCP segment of a reassembled PDU]"
"28449","32.290771384","192.168.1.55","192.168.1.2","TCP","1514","8004  >  36014 [ACK] Seq=114582 Ack=141 Win=65024 Len=1448 TSval=2916036371 TSecr=3045556145 [TCP segment of a reassembled PDU]"
"28450","32.290772514","192.168.1.55","192.168.1.2","TCP","1514","8004  >  36014 [ACK] Seq=116030 Ack=141 Win=65024 Len=1448 TSval=2916036371 TSecr=3045556145 [TCP segment of a reassembled PDU]"
"28451","32.290774255","192.168.1.55","192.168.1.2","TCP","1514","8004  >  36014 [ACK] Seq=117478 Ack=141 Win=65024 Len=1448 TSval=2916036371 TSecr=3045556145 [TCP segment of a reassembled PDU]"
"28452","32.290775422","192.168.1.55","192.168.1.2","TCP","1514","8004  >  36014 [ACK] Seq=118926 Ack=141 Win=65024 Len=1448 TSval=2916036371 TSecr=3045556145 [TCP segment of a reassembled PDU]"
"28453","32.290776662","192.168.1.55","192.168.1.2","TCP","1514","8004  >  36014 [ACK] Seq=120374 Ack=141 Win=65024 Len=1448 TSval=2916036371 TSecr=3045556145 [TCP segment of a reassembled PDU]"
"28454","32.290777922","192.168.1.55","192.168.1.2","TCP","1514","8004  >  36014 [ACK] Seq=121822 Ack=141 Win=65024 Len=1448 TSval=2916036371 TSecr=3045556145 [TCP segment of a reassembled PDU]"
"28455","32.290779181","192.168.1.55","192.168.1.2","TCP","1514","8004  >  36014 [ACK] Seq=123270 Ack=141 Win=65024 Len=1448 TSval=2916036371 TSecr=3045556145 [TCP segment of a reassembled PDU]"
"28456","32.290780440","192.168.1.55","192.168.1.2","TCP","1514","8004  >  36014 [ACK] Seq=124718 Ack=141 Win=65024 Len=1448 TSval=2916036371 TSecr=3045556145 [TCP segment of a reassembled PDU]"
"28457","32.290781625","192.168.1.55","192.168.1.2","TCP","1514","8004  >  36014 [ACK] Seq=126166 Ack=141 Win=65024 Len=1448 TSval=2916036371 TSecr=3045556145 [TCP segment of a reassembled PDU]"
"28458","32.290782884","192.168.1.55","192.168.1.2","TCP","1514","8004  >  36014 [ACK] Seq=127614 Ack=141 Win=65024 Len=1448 TSval=2916036371 TSecr=3045556145 [TCP segment of a reassembled PDU]"
"28459","32.290784088","192.168.1.55","192.168.1.2","TCP","1514","8004  >  36014 [ACK] Seq=129062 Ack=141 Win=65024 Len=1448 TSval=2916036371 TSecr=3045556145 [TCP segment of a reassembled PDU]"
"28460","32.290785236","192.168.1.55","192.168.1.2","TCP","266","[TCP Window Full] 8004  >  36014 [PSH, ACK] Seq=130510 Ack=141 Win=65024 Len=200 TSval=2916036371 TSecr=3045556145 [TCP segment of a reassembled PDU]"
"28461","32.290788681","192.168.1.2","192.168.1.55","TCP","66","36014  >  8004 [ACK] Seq=141 Ack=76934 Win=54272 Len=0 TSval=3045556145 TSecr=2916036365"
"28462","32.290792199","192.168.1.2","192.168.1.55","TCP","66","36014  >  8004 [ACK] Seq=141 Ack=100102 Win=35840 Len=0 TSval=3045556145 TSecr=2916036366"
"28463","32.290794959","192.168.1.2","192.168.1.55","TCP","66","[TCP Window Update] 36014  >  8004 [ACK] Seq=141 Ack=100102 Win=77824 Len=0 TSval=3045556145 TSecr=2916036366"
"28464","32.290827885","192.168.1.55","192.168.1.2","TCP","1514","8004  >  36014 [ACK] Seq=130710 Ack=141 Win=65024 Len=1448 TSval=2916036371 TSecr=3045556145 [TCP segment of a reassembled PDU]"
"28465","32.290832162","192.168.1.55","192.168.1.2","TCP","1514","8004  >  36014 [ACK] Seq=132158 Ack=141 Win=65024 Len=1448 TSval=2916036371 TSecr=3045556145 [TCP segment of a reassembled PDU]"
"28466","32.290833644","192.168.1.55","192.168.1.2","TCP","1514","8004  >  36014 [ACK] Seq=133606 Ack=141 Win=65024 Len=1448 TSval=2916036371 TSecr=3045556145 [TCP segment of a reassembled PDU]"
"28467","32.290834773","192.168.1.55","192.168.1.2","TCP","1514","8004  >  36014 [ACK] Seq=135054 Ack=141 Win=65024 Len=1448 TSval=2916036371 TSecr=3045556145 [TCP segment of a reassembled PDU]"
"28468","32.290835922","192.168.1.55","192.168.1.2","TCP","1514","8004  >  36014 [ACK] Seq=136502 Ack=141 Win=65024 Len=1448 TSval=2916036371 TSecr=3045556145 [TCP segment of a reassembled PDU]"
"28469","32.290838773","192.168.1.55","192.168.1.2","TCP","1514","8004  >  36014 [PSH, ACK] Seq=137950 Ack=141 Win=65024 Len=1448 TSval=2916036371 TSecr=3045556145 [TCP segment of a reassembled PDU]"
"28470","32.290845218","192.168.1.55","192.168.1.2","TCP","1314","8004  >  36014 [ACK] Seq=139398 Ack=141 Win=65024 Len=1248 TSval=2916036371 TSecr=3045556145 [TCP segment of a reassembled PDU]"
"28471","32.290873922","192.168.1.55","192.168.1.2","TCP","1514","8004  >  36014 [ACK] Seq=140646 Ack=141 Win=65024 Len=1448 TSval=2916036371 TSecr=3045556145 [TCP segment of a reassembled PDU]"
"28472","32.290875736","192.168.1.55","192.168.1.2","TCP","1514","8004  >  36014 [ACK] Seq=142094 Ack=141 Win=65024 Len=1448 TSval=2916036371 TSecr=3045556145 [TCP segment of a reassembled PDU]"
"28473","32.290876940","192.168.1.55","192.168.1.2","TCP","1514","8004  >  36014 [ACK] Seq=143542 Ack=141 Win=65024 Len=1448 TSval=2916036371 TSecr=3045556145 [TCP segment of a reassembled PDU]"
"28474","32.290878033","192.168.1.55","192.168.1.2","TCP","1514","8004  >  36014 [ACK] Seq=144990 Ack=141 Win=65024 Len=1448 TSval=2916036371 TSecr=3045556145 [TCP segment of a reassembled PDU]"
"28475","32.290879533","192.168.1.55","192.168.1.2","TCP","1514","8004  >  36014 [ACK] Seq=146438 Ack=141 Win=65024 Len=1448 TSval=2916036371 TSecr=3045556145 [TCP segment of a reassembled PDU]"
"28476","32.290880644","192.168.1.55","192.168.1.2","TCP","1514","8004  >  36014 [ACK] Seq=147886 Ack=141 Win=65024 Len=1448 TSval=2916036371 TSecr=3045556145 [TCP segment of a reassembled PDU]"
"28477","32.290881811","192.168.1.55","192.168.1.2","TCP","1514","8004  >  36014 [ACK] Seq=149334 Ack=141 Win=65024 Len=1448 TSval=2916036371 TSecr=3045556145 [TCP segment of a reassembled PDU]"
"28478","32.290883014","192.168.1.55","192.168.1.2","TCP","1514","8004  >  36014 [ACK] Seq=150782 Ack=141 Win=65024 Len=1448 TSval=2916036371 TSecr=3045556145 [TCP segment of a reassembled PDU]"
"28479","32.290884125","192.168.1.55","192.168.1.2","TCP","1514","8004  >  36014 [ACK] Seq=152230 Ack=141 Win=65024 Len=1448 TSval=2916036371 TSecr=3045556145 [TCP segment of a reassembled PDU]"
"28480","32.290885236","192.168.1.55","192.168.1.2","TCP","1514","8004  >  36014 [ACK] Seq=153678 Ack=141 Win=65024 Len=1448 TSval=2916036371 TSecr=3045556145 [TCP segment of a reassembled PDU]"
"28481","32.290886329","192.168.1.55","192.168.1.2","TCP","1514","8004  >  36014 [ACK] Seq=155126 Ack=141 Win=65024 Len=1448 TSval=2916036371 TSecr=3045556145 [TCP segment of a reassembled PDU]"
"28482","32.290887459","192.168.1.55","192.168.1.2","TCP","1514","8004  >  36014 [ACK] Seq=156574 Ack=141 Win=65024 Len=1448 TSval=2916036371 TSecr=3045556145 [TCP segment of a reassembled PDU]"
"28483","32.290888644","192.168.1.55","192.168.1.2","TCP","1514","8004  >  36014 [ACK] Seq=158022 Ack=141 Win=65024 Len=1448 TSval=2916036371 TSecr=3045556145 [TCP segment of a reassembled PDU]"
"28484","32.290889755","192.168.1.55","192.168.1.2","TCP","1514","8004  >  36014 [ACK] Seq=159470 Ack=141 Win=65024 Len=1448 TSval=2916036371 TSecr=3045556145 [TCP segment of a reassembled PDU]"
"28485","32.290890940","192.168.1.55","192.168.1.2","TCP","1514","8004  >  36014 [ACK] Seq=160918 Ack=141 Win=65024 Len=1448 TSval=2916036371 TSecr=3045556145 [TCP segment of a reassembled PDU]"
"28486","32.290892940","192.168.1.55","192.168.1.2","TCP","1514","8004  >  36014 [ACK] Seq=162366 Ack=141 Win=65024 Len=1448 TSval=2916036371 TSecr=3045556145 [TCP segment of a reassembled PDU]"
"28487","32.290894014","192.168.1.55","192.168.1.2","TCP","1514","8004  >  36014 [ACK] Seq=163814 Ack=141 Win=65024 Len=1448 TSval=2916036371 TSecr=3045556145 [TCP segment of a reassembled PDU]"
"28488","32.290895218","192.168.1.55","192.168.1.2","TCP","1514","8004  >  36014 [ACK] Seq=165262 Ack=141 Win=65024 Len=1448 TSval=2916036371 TSecr=3045556145 [TCP segment of a reassembled PDU]"
"28489","32.290896403","192.168.1.55","192.168.1.2","TCP","1514","8004  >  36014 [ACK] Seq=166710 Ack=141 Win=65024 Len=1448 TSval=2916036371 TSecr=3045556145 [TCP segment of a reassembled PDU]"
"28490","32.290897625","192.168.1.55","192.168.1.2","TCP","1514","8004  >  36014 [ACK] Seq=168158 Ack=141 Win=65024 Len=1448 TSval=2916036371 TSecr=3045556145 [TCP segment of a reassembled PDU]"
"28491","32.290898848","192.168.1.55","192.168.1.2","TCP","1514","8004  >  36014 [ACK] Seq=169606 Ack=141 Win=65024 Len=1448 TSval=2916036371 TSecr=3045556145 [TCP segment of a reassembled PDU]"
"28492","32.290900348","192.168.1.55","192.168.1.2","TCP","1514","8004  >  36014 [PSH, ACK] Seq=171054 Ack=141 Win=65024 Len=1448 TSval=2916036371 TSecr=3045556145 [TCP segment of a reassembled PDU]"
"28493","32.291460274","192.168.1.55","192.168.1.2","TCP","1514","8004  >  36014 [ACK] Seq=172502 Ack=141 Win=65024 Len=1448 TSval=2916036372 TSecr=3045556145 [TCP segment of a reassembled PDU]"
"28494","32.291461997","192.168.1.55","192.168.1.2","TCP","1514","8004  >  36014 [ACK] Seq=173950 Ack=141 Win=65024 Len=1448 TSval=2916036372 TSecr=3045556145 [TCP segment of a reassembled PDU]"
"28495","32.291463182","192.168.1.55","192.168.1.2","TCP","1514","8004  >  36014 [PSH, ACK] Seq=175398 Ack=141 Win=65024 Len=1448 TSval=2916036372 TSecr=3045556145 [TCP segment of a reassembled PDU]"
"28496","32.297116561","192.168.1.2","192.168.1.55","TCP","66","36014  >  8004 [ACK] Seq=141 Ack=105894 Win=79872 Len=0 TSval=3045556151 TSecr=2916036371"
"28497","32.297132024","192.168.1.55","192.168.1.2","TCP","1514","8004  >  36014 [ACK] Seq=176846 Ack=141 Win=65024 Len=1448 TSval=2916036377 TSecr=3045556151 [TCP segment of a reassembled PDU]"
"28498","32.297134487","192.168.1.55","192.168.1.2","TCP","1514","8004  >  36014 [ACK] Seq=178294 Ack=141 Win=65024 Len=1448 TSval=2916036377 TSecr=3045556151 [TCP segment of a reassembled PDU]"
"28499","32.297135839","192.168.1.55","192.168.1.2","TCP","1514","8004  >  36014 [ACK] Seq=179742 Ack=141 Win=65024 Len=1448 TSval=2916036377 TSecr=3045556151 [TCP segment of a reassembled PDU]"
"28500","32.297137080","192.168.1.55","192.168.1.2","TCP","1514","8004  >  36014 [ACK] Seq=181190 Ack=141 Win=65024 Len=1448 TSval=2916036377 TSecr=3045556151 [TCP segment of a reassembled PDU]"
"28501","32.297138283","192.168.1.55","192.168.1.2","TCP","1514","8004  >  36014 [ACK] Seq=182638 Ack=141 Win=65024 Len=1448 TSval=2916036377 TSecr=3045556151 [TCP segment of a reassembled PDU]"
"28502","32.297139580","192.168.1.55","192.168.1.2","TCP","1514","8004  >  36014 [PSH, ACK] Seq=184086 Ack=141 Win=65024 Len=1448 TSval=2916036377 TSecr=3045556151 [TCP segment of a reassembled PDU]"
"28503","32.297481895","192.168.1.2","192.168.1.55","TCP","66","36014  >  8004 [ACK] Seq=141 Ack=130710 Win=79872 Len=0 TSval=3045556151 TSecr=2916036371"
"28504","32.297503173","192.168.1.55","192.168.1.2","TCP","1514","8004  >  36014 [ACK] Seq=185534 Ack=141 Win=65024 Len=1448 TSval=2916036378 TSecr=3045556151 [TCP segment of a reassembled PDU]"
"28505","32.297505451","192.168.1.55","192.168.1.2","TCP","1514","8004  >  36014 [ACK] Seq=186982 Ack=141 Win=65024 Len=1448 TSval=2916036378 TSecr=3045556151 [TCP segment of a reassembled PDU]"
"28506","32.297506728","192.168.1.55","192.168.1.2","TCP","1514","8004  >  36014 [ACK] Seq=188430 Ack=141 Win=65024 Len=1448 TSval=2916036378 TSecr=3045556151 [TCP segment of a reassembled PDU]"
"28507","32.297507951","192.168.1.55","192.168.1.2","TCP","1514","8004  >  36014 [ACK] Seq=189878 Ack=141 Win=65024 Len=1448 TSval=2916036378 TSecr=3045556151 [TCP segment of a reassembled PDU]"
"28508","32.297509265","192.168.1.55","192.168.1.2","TCP","1514","8004  >  36014 [ACK] Seq=191326 Ack=141 Win=65024 Len=1448 TSval=2916036378 TSecr=3045556151 [TCP segment of a reassembled PDU]"
"28509","32.297510488","192.168.1.55","192.168.1.2","TCP","1514","8004  >  36014 [ACK] Seq=192774 Ack=141 Win=65024 Len=1448 TSval=2916036378 TSecr=3045556151 [TCP segment of a reassembled PDU]"
"28510","32.297511969","192.168.1.55","192.168.1.2","TCP","1514","8004  >  36014 [ACK] Seq=194222 Ack=141 Win=65024 Len=1448 TSval=2916036378 TSecr=3045556151 [TCP segment of a reassembled PDU]"
"28511","32.297513247","192.168.1.55","192.168.1.2","TCP","1514","8004  >  36014 [ACK] Seq=195670 Ack=141 Win=65024 Len=1448 TSval=2916036378 TSecr=3045556151 [TCP segment of a reassembled PDU]"
"28512","32.297515043","192.168.1.55","192.168.1.2","TCP","1514","8004  >  36014 [ACK] Seq=197118 Ack=141 Win=65024 Len=1448 TSval=2916036378 TSecr=3045556151 [TCP segment of a reassembled PDU]"
"28513","32.297521377","192.168.1.55","192.168.1.2","TCP","1514","8004  >  36014 [ACK] Seq=198566 Ack=141 Win=65024 Len=1448 TSval=2916036378 TSecr=3045556151 [TCP segment of a reassembled PDU]"
"28514","32.297522840","192.168.1.55","192.168.1.2","TCP","1514","8004  >  36014 [ACK] Seq=200014 Ack=141 Win=65024 Len=1448 TSval=2916036378 TSecr=3045556151 [TCP segment of a reassembled PDU]"
"28515","32.297524173","192.168.1.55","192.168.1.2","TCP","1514","8004  >  36014 [ACK] Seq=201462 Ack=141 Win=65024 Len=1448 TSval=2916036378 TSecr=3045556151 [TCP segment of a reassembled PDU]"
"28516","32.297525377","192.168.1.55","192.168.1.2","TCP","1514","8004  >  36014 [ACK] Seq=202910 Ack=141 Win=65024 Len=1448 TSval=2916036378 TSecr=3045556151 [TCP segment of a reassembled PDU]"
"28517","32.297526636","192.168.1.55","192.168.1.2","TCP","1514","8004  >  36014 [ACK] Seq=204358 Ack=141 Win=65024 Len=1448 TSval=2916036378 TSecr=3045556151 [TCP segment of a reassembled PDU]"
"28518","32.297527858","192.168.1.55","192.168.1.2","TCP","1514","8004  >  36014 [PSH, ACK] Seq=205806 Ack=141 Win=65024 Len=1448 TSval=2916036378 TSecr=3045556151 [TCP segment of a reassembled PDU]"
"28519","32.297532321","192.168.1.2","192.168.1.55","TCP","66","36014  >  8004 [ACK] Seq=141 Ack=139398 Win=90112 Len=0 TSval=3045556151 TSecr=2916036371"
"28520","32.297539784","192.168.1.2","192.168.1.55","TCP","66","36014  >  8004 [ACK] Seq=141 Ack=168158 Win=73728 Len=0 TSval=3045556151 TSecr=2916036371"
"28521","32.297576729","192.168.1.55","192.168.1.2","TCP","1514","8004  >  36014 [ACK] Seq=207254 Ack=141 Win=65024 Len=1448 TSval=2916036378 TSecr=3045556151 [TCP segment of a reassembled PDU]"
"28522","32.297578673","192.168.1.55","192.168.1.2","TCP","1514","8004  >  36014 [ACK] Seq=208702 Ack=141 Win=65024 Len=1448 TSval=2916036378 TSecr=3045556151 [TCP segment of a reassembled PDU]"
"28523","32.297579895","192.168.1.55","192.168.1.2","TCP","1514","8004  >  36014 [ACK] Seq=210150 Ack=141 Win=65024 Len=1448 TSval=2916036378 TSecr=3045556151 [TCP segment of a reassembled PDU]"
"28524","32.297581321","192.168.1.55","192.168.1.2","TCP","1514","8004  >  36014 [ACK] Seq=211598 Ack=141 Win=65024 Len=1448 TSval=2916036378 TSecr=3045556151 [TCP segment of a reassembled PDU]"
"28525","32.297582858","192.168.1.55","192.168.1.2","TCP","1514","8004  >  36014 [ACK] Seq=213046 Ack=141 Win=65024 Len=1448 TSval=2916036378 TSecr=3045556151 [TCP segment of a reassembled PDU]"
"28526","32.297584173","192.168.1.55","192.168.1.2","TCP","1514","8004  >  36014 [ACK] Seq=214494 Ack=141 Win=65024 Len=1448 TSval=2916036378 TSecr=3045556151 [TCP segment of a reassembled PDU]"
"28527","32.297585506","192.168.1.55","192.168.1.2","TCP","1514","8004  >  36014 [ACK] Seq=215942 Ack=141 Win=65024 Len=1448 TSval=2916036378 TSecr=3045556151 [TCP segment of a reassembled PDU]"
"28528","32.297586747","192.168.1.55","192.168.1.2","TCP","1514","8004  >  36014 [ACK] Seq=217390 Ack=141 Win=65024 Len=1448 TSval=2916036378 TSecr=3045556151 [TCP segment of a reassembled PDU]"
"28529","32.297588192","192.168.1.55","192.168.1.2","TCP","1514","8004  >  36014 [ACK] Seq=218838 Ack=141 Win=65024 Len=1448 TSval=2916036378 TSecr=3045556151 [TCP segment of a reassembled PDU]"
"28530","32.297589377","192.168.1.55","192.168.1.2","TCP","1514","8004  >  36014 [ACK] Seq=220286 Ack=141 Win=65024 Len=1448 TSval=2916036378 TSecr=3045556151 [TCP segment of a reassembled PDU]"
"28531","32.297590617","192.168.1.55","192.168.1.2","TCP","1514","8004  >  36014 [ACK] Seq=221734 Ack=141 Win=65024 Len=1448 TSval=2916036378 TSecr=3045556151 [TCP segment of a reassembled PDU]"
"28532","32.297591951","192.168.1.55","192.168.1.2","TCP","1514","8004  >  36014 [ACK] Seq=223182 Ack=141 Win=65024 Len=1448 TSval=2916036378 TSecr=3045556151 [TCP segment of a reassembled PDU]"
"28533","32.297593192","192.168.1.55","192.168.1.2","TCP","1514","8004  >  36014 [ACK] Seq=224630 Ack=141 Win=65024 Len=1448 TSval=2916036378 TSecr=3045556151 [TCP segment of a reassembled PDU]"
"28534","32.297594525","192.168.1.55","192.168.1.2","TCP","1514","8004  >  36014 [ACK] Seq=226078 Ack=141 Win=65024 Len=1448 TSval=2916036378 TSecr=3045556151 [TCP segment of a reassembled PDU]"
"28535","32.297596117","192.168.1.55","192.168.1.2","TCP","1514","8004  >  36014 [ACK] Seq=227526 Ack=141 Win=65024 Len=1448 TSval=2916036378 TSecr=3045556151 [TCP segment of a reassembled PDU]"
"28536","32.297597451","192.168.1.55","192.168.1.2","TCP","1514","8004  >  36014 [ACK] Seq=228974 Ack=141 Win=65024 Len=1448 TSval=2916036378 TSecr=3045556151 [TCP segment of a reassembled PDU]"
"28537","32.297598969","192.168.1.55","192.168.1.2","TCP","1514","8004  >  36014 [ACK] Seq=230422 Ack=141 Win=65024 Len=1448 TSval=2916036378 TSecr=3045556151 [TCP segment of a reassembled PDU]"
"28538","32.297600284","192.168.1.55","192.168.1.2","TCP","1514","8004  >  36014 [ACK] Seq=231870 Ack=141 Win=65024 Len=1448 TSval=2916036378 TSecr=3045556151 [TCP segment of a reassembled PDU]"
"28539","32.297601562","192.168.1.55","192.168.1.2","TCP","1514","8004  >  36014 [ACK] Seq=233318 Ack=141 Win=65024 Len=1448 TSval=2916036378 TSecr=3045556151 [TCP segment of a reassembled PDU]"
"28540","32.297602988","192.168.1.55","192.168.1.2","TCP","1514","8004  >  36014 [ACK] Seq=234766 Ack=141 Win=65024 Len=1448 TSval=2916036378 TSecr=3045556151 [TCP segment of a reassembled PDU]"
"28541","32.297604303","192.168.1.55","192.168.1.2","TCP","1514","8004  >  36014 [ACK] Seq=236214 Ack=141 Win=65024 Len=1448 TSval=2916036378 TSecr=3045556151 [TCP segment of a reassembled PDU]"
"28542","32.297605655","192.168.1.55","192.168.1.2","TCP","1514","8004  >  36014 [ACK] Seq=237662 Ack=141 Win=65024 Len=1448 TSval=2916036378 TSecr=3045556151 [TCP segment of a reassembled PDU]"
"28543","32.297607136","192.168.1.55","192.168.1.2","TCP","1514","8004  >  36014 [ACK] Seq=239110 Ack=141 Win=65024 Len=1448 TSval=2916036378 TSecr=3045556151 [TCP segment of a reassembled PDU]"
"28544","32.297608543","192.168.1.55","192.168.1.2","TCP","1394","[TCP Window Full] 8004  >  36014 [PSH, ACK] Seq=240558 Ack=141 Win=65024 Len=1328 TSval=2916036378 TSecr=3045556151 [TCP segment of a reassembled PDU]"
"28545","32.297667803","192.168.1.2","192.168.1.55","TCP","66","36014  >  8004 [ACK] Seq=141 Ack=172502 Win=98304 Len=0 TSval=3045556152 TSecr=2916036371"
"28546","32.297677636","192.168.1.55","192.168.1.2","TCP","186","8004  >  36014 [PSH, ACK] Seq=241886 Ack=141 Win=65024 Len=120 TSval=2916036378 TSecr=3045556152 [TCP segment of a reassembled PDU]"
"28547","32.297681914","192.168.1.2","192.168.1.55","TCP","66","36014  >  8004 [ACK] Seq=141 Ack=176846 Win=107520 Len=0 TSval=3045556152 TSecr=2916036372"
"28548","32.297715414","192.168.1.55","192.168.1.2","TCP","1514","8004  >  36014 [ACK] Seq=242006 Ack=141 Win=65024 Len=1448 TSval=2916036378 TSecr=3045556152 [TCP segment of a reassembled PDU]"
"28549","32.297717155","192.168.1.55","192.168.1.2","TCP","1514","8004  >  36014 [ACK] Seq=243454 Ack=141 Win=65024 Len=1448 TSval=2916036378 TSecr=3045556152 [TCP segment of a reassembled PDU]"
"28550","32.297718488","192.168.1.55","192.168.1.2","TCP","1514","8004  >  36014 [ACK] Seq=244902 Ack=141 Win=65024 Len=1448 TSval=2916036378 TSecr=3045556152 [TCP segment of a reassembled PDU]"
"28551","32.297719858","192.168.1.55","192.168.1.2","TCP","1514","8004  >  36014 [ACK] Seq=246350 Ack=141 Win=65024 Len=1448 TSval=2916036378 TSecr=3045556152 [TCP segment of a reassembled PDU]"
"28552","32.297721136","192.168.1.55","192.168.1.2","TCP","1514","8004  >  36014 [ACK] Seq=247798 Ack=141 Win=65024 Len=1448 TSval=2916036378 TSecr=3045556152 [TCP segment of a reassembled PDU]"
"28553","32.297722544","192.168.1.55","192.168.1.2","TCP","1514","8004  >  36014 [ACK] Seq=249246 Ack=141 Win=65024 Len=1448 TSval=2916036378 TSecr=3045556152 [TCP segment of a reassembled PDU]"
"28554","32.297724118","192.168.1.55","192.168.1.2","TCP","1514","8004  >  36014 [ACK] Seq=250694 Ack=141 Win=65024 Len=1448 TSval=2916036378 TSecr=3045556152 [TCP segment of a reassembled PDU]"
"28555","32.297725914","192.168.1.55","192.168.1.2","TCP","1514","8004  >  36014 [ACK] Seq=252142 Ack=141 Win=65024 Len=1448 TSval=2916036378 TSecr=3045556152 [TCP segment of a reassembled PDU]"
"28556","32.297727173","192.168.1.55","192.168.1.2","TCP","1514","8004  >  36014 [ACK] Seq=253590 Ack=141 Win=65024 Len=1448 TSval=2916036378 TSecr=3045556152 [TCP segment of a reassembled PDU]"
"28557","32.297728414","192.168.1.55","192.168.1.2","TCP","1514","8004  >  36014 [ACK] Seq=255038 Ack=141 Win=65024 Len=1448 TSval=2916036378 TSecr=3045556152 [TCP segment of a reassembled PDU]"
"28558","32.297729840","192.168.1.55","192.168.1.2","TCP","1514","8004  >  36014 [ACK] Seq=256486 Ack=141 Win=65024 Len=1448 TSval=2916036378 TSecr=3045556152 [TCP segment of a reassembled PDU]"
"28559","32.297731303","192.168.1.55","192.168.1.2","TCP","1514","8004  >  36014 [ACK] Seq=257934 Ack=141 Win=65024 Len=1448 TSval=2916036378 TSecr=3045556152 [TCP segment of a reassembled PDU]"
"28560","32.297732655","192.168.1.55","192.168.1.2","TCP","1514","8004  >  36014 [ACK] Seq=259382 Ack=141 Win=65024 Len=1448 TSval=2916036378 TSecr=3045556152 [TCP segment of a reassembled PDU]"
"28561","32.297733858","192.168.1.55","192.168.1.2","TCP","1514","8004  >  36014 [ACK] Seq=260830 Ack=141 Win=65024 Len=1448 TSval=2916036378 TSecr=3045556152 [TCP segment of a reassembled PDU]"
"28562","32.297735099","192.168.1.55","192.168.1.2","TCP","1514","8004  >  36014 [ACK] Seq=262278 Ack=141 Win=65024 Len=1448 TSval=2916036378 TSecr=3045556152 [TCP segment of a reassembled PDU]"
"28563","32.297736488","192.168.1.55","192.168.1.2","TCP","1514","8004  >  36014 [ACK] Seq=263726 Ack=141 Win=65024 Len=1448 TSval=2916036378 TSecr=3045556152 [TCP segment of a reassembled PDU]"
"28564","32.297737747","192.168.1.55","192.168.1.2","TCP","1514","8004  >  36014 [ACK] Seq=265174 Ack=141 Win=65024 Len=1448 TSval=2916036378 TSecr=3045556152 [TCP segment of a reassembled PDU]"
"28565","32.297738988","192.168.1.55","192.168.1.2","TCP","1514","8004  >  36014 [ACK] Seq=266622 Ack=141 Win=65024 Len=1448 TSval=2916036378 TSecr=3045556152 [TCP segment of a reassembled PDU]"
"28566","32.297740395","192.168.1.55","192.168.1.2","TCP","1514","8004  >  36014 [ACK] Seq=268070 Ack=141 Win=65024 Len=1448 TSval=2916036378 TSecr=3045556152 [TCP segment of a reassembled PDU]"
"28567","32.297741710","192.168.1.55","192.168.1.2","TCP","1514","8004  >  36014 [ACK] Seq=269518 Ack=141 Win=65024 Len=1448 TSval=2916036378 TSecr=3045556152 [TCP segment of a reassembled PDU]"
"28568","32.297743007","192.168.1.55","192.168.1.2","TCP","1514","8004  >  36014 [ACK] Seq=270966 Ack=141 Win=65024 Len=1448 TSval=2916036378 TSecr=3045556152 [TCP segment of a reassembled PDU]"
"28569","32.297744247","192.168.1.55","192.168.1.2","TCP","1514","8004  >  36014 [ACK] Seq=272414 Ack=141 Win=65024 Len=1448 TSval=2916036378 TSecr=3045556152 [TCP segment of a reassembled PDU]"
"28570","32.297745470","192.168.1.55","192.168.1.2","TCP","1514","8004  >  36014 [ACK] Seq=273862 Ack=141 Win=65024 Len=1448 TSval=2916036378 TSecr=3045556152 [TCP segment of a reassembled PDU]"
"28571","32.297746766","192.168.1.55","192.168.1.2","TCP","1514","8004  >  36014 [PSH, ACK] Seq=275310 Ack=141 Win=65024 Len=1448 TSval=2916036378 TSecr=3045556152 [TCP segment of a reassembled PDU]"
"28572","32.298934731","192.168.1.55","192.168.1.2","TCP","1514","8004  >  36014 [ACK] Seq=276758 Ack=141 Win=65024 Len=1448 TSval=2916036379 TSecr=3045556152 [TCP segment of a reassembled PDU]"
"28573","32.298937823","192.168.1.55","192.168.1.2","TCP","1514","8004  >  36014 [ACK] Seq=278206 Ack=141 Win=65024 Len=1448 TSval=2916036379 TSecr=3045556152 [TCP segment of a reassembled PDU]"
"28574","32.298939157","192.168.1.55","192.168.1.2","TCP","1514","8004  >  36014 [ACK] Seq=279654 Ack=141 Win=65024 Len=1448 TSval=2916036379 TSecr=3045556152 [TCP segment of a reassembled PDU]"
"28575","32.298940675","192.168.1.55","192.168.1.2","TCP","1514","8004  >  36014 [ACK] Seq=281102 Ack=141 Win=65024 Len=1448 TSval=2916036379 TSecr=3045556152 [TCP segment of a reassembled PDU]"
"28576","32.298942101","192.168.1.55","192.168.1.2","TCP","1514","8004  >  36014 [PSH, ACK] Seq=282550 Ack=141 Win=65024 Len=1448 TSval=2916036379 TSecr=3045556152 [TCP segment of a reassembled PDU]"
"28577","32.305405259","192.168.1.2","192.168.1.55","TCP","66","36014  >  8004 [ACK] Seq=141 Ack=185534 Win=117760 Len=0 TSval=3045556159 TSecr=2916036377"
"28578","32.305468556","192.168.1.55","192.168.1.2","TCP","1514","8004  >  36014 [ACK] Seq=283998 Ack=141 Win=65024 Len=1448 TSval=2916036386 TSecr=3045556159 [TCP segment of a reassembled PDU]"
"28579","32.305473537","192.168.1.55","192.168.1.2","TCP","1514","8004  >  36014 [ACK] Seq=285446 Ack=141 Win=65024 Len=1448 TSval=2916036386 TSecr=3045556159 [TCP segment of a reassembled PDU]"
"28580","32.305474908","192.168.1.55","192.168.1.2","TCP","1514","8004  >  36014 [ACK] Seq=286894 Ack=141 Win=65024 Len=1448 TSval=2916036386 TSecr=3045556159 [TCP segment of a reassembled PDU]"
"28581","32.305476426","192.168.1.55","192.168.1.2","TCP","1514","8004  >  36014 [ACK] Seq=288342 Ack=141 Win=65024 Len=1448 TSval=2916036386 TSecr=3045556159 [TCP segment of a reassembled PDU]"
"28582","32.305479241","192.168.1.55","192.168.1.2","TCP","1514","8004  >  36014 [ACK] Seq=289790 Ack=141 Win=65024 Len=1448 TSval=2916036386 TSecr=3045556159 [TCP segment of a reassembled PDU]"
"28583","32.305480982","192.168.1.55","192.168.1.2","TCP","1514","8004  >  36014 [ACK] Seq=291238 Ack=141 Win=65024 Len=1448 TSval=2916036386 TSecr=3045556159 [TCP segment of a reassembled PDU]"
"28584","32.305482334","192.168.1.55","192.168.1.2","TCP","1514","8004  >  36014 [ACK] Seq=292686 Ack=141 Win=65024 Len=1448 TSval=2916036386 TSecr=3045556159 [TCP segment of a reassembled PDU]"
"28585","32.305483648","192.168.1.55","192.168.1.2","TCP","1514","8004  >  36014 [ACK] Seq=294134 Ack=141 Win=65024 Len=1448 TSval=2916036386 TSecr=3045556159 [TCP segment of a reassembled PDU]"
"28586","32.305485778","192.168.1.55","192.168.1.2","TCP","1514","8004  >  36014 [ACK] Seq=295582 Ack=141 Win=65024 Len=1448 TSval=2916036386 TSecr=3045556159 [TCP segment of a reassembled PDU]"
"28587","32.305487389","192.168.1.55","192.168.1.2","TCP","1514","8004  >  36014 [ACK] Seq=297030 Ack=141 Win=65024 Len=1448 TSval=2916036386 TSecr=3045556159 [TCP segment of a reassembled PDU]"
"28588","32.305488574","192.168.1.55","192.168.1.2","TCP","1514","8004  >  36014 [ACK] Seq=298478 Ack=141 Win=65024 Len=1448 TSval=2916036386 TSecr=3045556159 [TCP segment of a reassembled PDU]"
"28589","32.305489797","192.168.1.55","192.168.1.2","TCP","1514","8004  >  36014 [ACK] Seq=299926 Ack=141 Win=65024 Len=1448 TSval=2916036386 TSecr=3045556159 [TCP segment of a reassembled PDU]"
"28590","32.305491111","192.168.1.55","192.168.1.2","TCP","1514","8004  >  36014 [PSH, ACK] Seq=301374 Ack=141 Win=65024 Len=1448 TSval=2916036386 TSecr=3045556159 [TCP segment of a reassembled PDU]"
"28591","32.305589889","192.168.1.2","192.168.1.55","TCP","66","36014  >  8004 [ACK] Seq=141 Ack=207254 Win=117760 Len=0 TSval=3045556159 TSecr=2916036378"
"28592","32.305616612","192.168.1.55","192.168.1.2","TCP","1514","8004  >  36014 [ACK] Seq=302822 Ack=141 Win=65024 Len=1448 TSval=2916036386 TSecr=3045556159 [TCP segment of a reassembled PDU]"
"28593","32.305619093","192.168.1.55","192.168.1.2","TCP","1514","8004  >  36014 [ACK] Seq=304270 Ack=141 Win=65024 Len=1448 TSval=2916036386 TSecr=3045556159 [TCP segment of a reassembled PDU]"
"28594","32.305620797","192.168.1.55","192.168.1.2","TCP","1514","8004  >  36014 [ACK] Seq=305718 Ack=141 Win=65024 Len=1448 TSval=2916036386 TSecr=3045556159 [TCP segment of a reassembled PDU]"
"28595","32.305622667","192.168.1.55","192.168.1.2","TCP","1514","8004  >  36014 [ACK] Seq=307166 Ack=141 Win=65024 Len=1448 TSval=2916036386 TSecr=3045556159 [TCP segment of a reassembled PDU]"
"28596","32.305623871","192.168.1.55","192.168.1.2","TCP","1514","8004  >  36014 [ACK] Seq=308614 Ack=141 Win=65024 Len=1448 TSval=2916036386 TSecr=3045556159 [TCP segment of a reassembled PDU]"
"28597","32.305625519","192.168.1.55","192.168.1.2","TCP","1514","8004  >  36014 [ACK] Seq=310062 Ack=141 Win=65024 Len=1448 TSval=2916036386 TSecr=3045556159 [TCP segment of a reassembled PDU]"
"28598","32.305627871","192.168.1.55","192.168.1.2","TCP","1514","8004  >  36014 [ACK] Seq=311510 Ack=141 Win=65024 Len=1448 TSval=2916036386 TSecr=3045556159 [TCP segment of a reassembled PDU]"
"28599","32.305629612","192.168.1.55","192.168.1.2","TCP","1514","8004  >  36014 [PSH, ACK] Seq=312958 Ack=141 Win=65024 Len=1448 TSval=2916036386 TSecr=3045556159 [TCP segment of a reassembled PDU]"
"28600","32.305634130","192.168.1.2","192.168.1.55","TCP","66","36014  >  8004 [ACK] Seq=141 Ack=241886 Win=90112 Len=0 TSval=3045556159 TSecr=2916036378"
"28601","32.305643741","192.168.1.2","192.168.1.55","TCP","66","36014  >  8004 [ACK] Seq=141 Ack=276758 Win=108544 Len=0 TSval=3045556159 TSecr=2916036378"
"28602","32.305707649","192.168.1.55","192.168.1.2","TCP","1514","8004  >  36014 [ACK] Seq=314406 Ack=141 Win=65024 Len=1448 TSval=2916036386 TSecr=3045556159 [TCP segment of a reassembled PDU]"
"28603","32.305710501","192.168.1.55","192.168.1.2","TCP","1514","8004  >  36014 [ACK] Seq=315854 Ack=141 Win=65024 Len=1448 TSval=2916036386 TSecr=3045556159 [TCP segment of a reassembled PDU]"
"28604","32.305711797","192.168.1.55","192.168.1.2","TCP","1514","8004  >  36014 [ACK] Seq=317302 Ack=141 Win=65024 Len=1448 TSval=2916036386 TSecr=3045556159 [TCP segment of a reassembled PDU]"
"28605","32.305713464","192.168.1.55","192.168.1.2","TCP","1514","8004  >  36014 [ACK] Seq=318750 Ack=141 Win=65024 Len=1448 TSval=2916036386 TSecr=3045556159 [TCP segment of a reassembled PDU]"
"28606","32.305715167","192.168.1.55","192.168.1.2","TCP","1514","8004  >  36014 [ACK] Seq=320198 Ack=141 Win=65024 Len=1448 TSval=2916036386 TSecr=3045556159 [TCP segment of a reassembled PDU]"
"28607","32.305716519","192.168.1.55","192.168.1.2","TCP","1514","8004  >  36014 [ACK] Seq=321646 Ack=141 Win=65024 Len=1448 TSval=2916036386 TSecr=3045556159 [TCP segment of a reassembled PDU]"
"28608","32.305717927","192.168.1.55","192.168.1.2","TCP","1514","8004  >  36014 [ACK] Seq=323094 Ack=141 Win=65024 Len=1448 TSval=2916036386 TSecr=3045556159 [TCP segment of a reassembled PDU]"
"28609","32.305719741","192.168.1.55","192.168.1.2","TCP","1514","8004  >  36014 [ACK] Seq=324542 Ack=141 Win=65024 Len=1448 TSval=2916036386 TSecr=3045556159 [TCP segment of a reassembled PDU]"
"28610","32.305721630","192.168.1.55","192.168.1.2","TCP","1514","8004  >  36014 [ACK] Seq=325990 Ack=141 Win=65024 Len=1448 TSval=2916036386 TSecr=3045556159 [TCP segment of a reassembled PDU]"
"28611","32.305722871","192.168.1.55","192.168.1.2","TCP","1514","8004  >  36014 [ACK] Seq=327438 Ack=141 Win=65024 Len=1448 TSval=2916036386 TSecr=3045556159 [TCP segment of a reassembled PDU]"
"28612","32.305724334","192.168.1.55","192.168.1.2","TCP","1514","8004  >  36014 [ACK] Seq=328886 Ack=141 Win=65024 Len=1448 TSval=2916036386 TSecr=3045556159 [TCP segment of a reassembled PDU]"
"28613","32.305726278","192.168.1.55","192.168.1.2","TCP","1514","8004  >  36014 [ACK] Seq=330334 Ack=141 Win=65024 Len=1448 TSval=2916036386 TSecr=3045556159 [TCP segment of a reassembled PDU]"
"28614","32.305728278","192.168.1.55","192.168.1.2","TCP","1514","8004  >  36014 [ACK] Seq=331782 Ack=141 Win=65024 Len=1448 TSval=2916036386 TSecr=3045556159 [TCP segment of a reassembled PDU]"
"28615","32.305729834","192.168.1.55","192.168.1.2","TCP","1514","8004  >  36014 [ACK] Seq=333230 Ack=141 Win=65024 Len=1448 TSval=2916036386 TSecr=3045556159 [TCP segment of a reassembled PDU]"
"28616","32.305731390","192.168.1.55","192.168.1.2","TCP","1514","8004  >  36014 [ACK] Seq=334678 Ack=141 Win=65024 Len=1448 TSval=2916036386 TSecr=3045556159 [TCP segment of a reassembled PDU]"
"28617","32.305733334","192.168.1.55","192.168.1.2","TCP","1514","8004  >  36014 [ACK] Seq=336126 Ack=141 Win=65024 Len=1448 TSval=2916036386 TSecr=3045556159 [TCP segment of a reassembled PDU]"
"28618","32.305735093","192.168.1.55","192.168.1.2","TCP","1514","8004  >  36014 [ACK] Seq=337574 Ack=141 Win=65024 Len=1448 TSval=2916036386 TSecr=3045556159 [TCP segment of a reassembled PDU]"
"28619","32.305736538","192.168.1.55","192.168.1.2","TCP","1514","8004  >  36014 [ACK] Seq=339022 Ack=141 Win=65024 Len=1448 TSval=2916036386 TSecr=3045556159 [TCP segment of a reassembled PDU]"
"28620","32.305738816","192.168.1.55","192.168.1.2","TCP","1514","8004  >  36014 [ACK] Seq=340470 Ack=141 Win=65024 Len=1448 TSval=2916036386 TSecr=3045556159 [TCP segment of a reassembled PDU]"
"28621","32.305740316","192.168.1.55","192.168.1.2","TCP","1514","8004  >  36014 [ACK] Seq=341918 Ack=141 Win=65024 Len=1448 TSval=2916036386 TSecr=3045556159 [TCP segment of a reassembled PDU]"
"28622","32.305742056","192.168.1.55","192.168.1.2","TCP","1514","8004  >  36014 [ACK] Seq=343366 Ack=141 Win=65024 Len=1448 TSval=2916036386 TSecr=3045556159 [TCP segment of a reassembled PDU]"
"28623","32.305743464","192.168.1.55","192.168.1.2","TCP","1514","8004  >  36014 [ACK] Seq=344814 Ack=141 Win=65024 Len=1448 TSval=2916036386 TSecr=3045556159 [TCP segment of a reassembled PDU]"
"28624","32.305745538","192.168.1.55","192.168.1.2","TCP","1514","8004  >  36014 [ACK] Seq=346262 Ack=141 Win=65024 Len=1448 TSval=2916036386 TSecr=3045556159 [TCP segment of a reassembled PDU]"
"28625","32.305747464","192.168.1.55","192.168.1.2","TCP","1514","8004  >  36014 [ACK] Seq=347710 Ack=141 Win=65024 Len=1448 TSval=2916036386 TSecr=3045556159 [TCP segment of a reassembled PDU]"
"28626","32.305748704","192.168.1.55","192.168.1.2","TCP","1514","8004  >  36014 [ACK] Seq=349158 Ack=141 Win=65024 Len=1448 TSval=2916036386 TSecr=3045556159 [TCP segment of a reassembled PDU]"
"28627","32.305750130","192.168.1.55","192.168.1.2","TCP","1514","8004  >  36014 [PSH, ACK] Seq=350606 Ack=141 Win=65024 Len=1448 TSval=2916036386 TSecr=3045556159 [TCP segment of a reassembled PDU]"
"28628","32.305755723","192.168.1.2","192.168.1.55","TCP","66","36014  >  8004 [ACK] Seq=141 Ack=283998 Win=131072 Len=0 TSval=3045556160 TSecr=2916036379"
"28629","32.305818186","192.168.1.55","192.168.1.2","TCP","1514","8004  >  36014 [ACK] Seq=352054 Ack=141 Win=65024 Len=1448 TSval=2916036386 TSecr=3045556160 [TCP segment of a reassembled PDU]"
"28630","32.305822371","192.168.1.55","192.168.1.2","TCP","1514","8004  >  36014 [ACK] Seq=353502 Ack=141 Win=65024 Len=1448 TSval=2916036386 TSecr=3045556160 [TCP segment of a reassembled PDU]"
"28631","32.305823816","192.168.1.55","192.168.1.2","TCP","1514","8004  >  36014 [ACK] Seq=354950 Ack=141 Win=65024 Len=1448 TSval=2916036386 TSecr=3045556160 [TCP segment of a reassembled PDU]"
"28632","32.305825223","192.168.1.55","192.168.1.2","TCP","1514","8004  >  36014 [ACK] Seq=356398 Ack=141 Win=65024 Len=1448 TSval=2916036386 TSecr=3045556160 [TCP segment of a reassembled PDU]"
"28633","32.305826816","192.168.1.55","192.168.1.2","TCP","1514","8004  >  36014 [ACK] Seq=357846 Ack=141 Win=65024 Len=1448 TSval=2916036386 TSecr=3045556160 [TCP segment of a reassembled PDU]"
"28634","32.305828908","192.168.1.55","192.168.1.2","TCP","1514","8004  >  36014 [ACK] Seq=359294 Ack=141 Win=65024 Len=1448 TSval=2916036386 TSecr=3045556160 [TCP segment of a reassembled PDU]"
"28635","32.305830612","192.168.1.55","192.168.1.2","TCP","1514","8004  >  36014 [ACK] Seq=360742 Ack=141 Win=65024 Len=1448 TSval=2916036386 TSecr=3045556160 [TCP segment of a reassembled PDU]"
"28636","32.305832168","192.168.1.55","192.168.1.2","TCP","1514","8004  >  36014 [ACK] Seq=362190 Ack=141 Win=65024 Len=1448 TSval=2916036386 TSecr=3045556160 [TCP segment of a reassembled PDU]"
"28637","32.305833927","192.168.1.55","192.168.1.2","TCP","1514","8004  >  36014 [ACK] Seq=363638 Ack=141 Win=65024 Len=1448 TSval=2916036386 TSecr=3045556160 [TCP segment of a reassembled PDU]"
"28638","32.305835445","192.168.1.55","192.168.1.2","TCP","1514","8004  >  36014 [ACK] Seq=365086 Ack=141 Win=65024 Len=1448 TSval=2916036386 TSecr=3045556160 [TCP segment of a reassembled PDU]"
"28639","32.305837075","192.168.1.55","192.168.1.2","TCP","1514","8004  >  36014 [ACK] Seq=366534 Ack=141 Win=65024 Len=1448 TSval=2916036386 TSecr=3045556160 [TCP segment of a reassembled PDU]"
"28640","32.305838445","192.168.1.55","192.168.1.2","TCP","1514","8004  >  36014 [ACK] Seq=367982 Ack=141 Win=65024 Len=1448 TSval=2916036386 TSecr=3045556160 [TCP segment of a reassembled PDU]"
"28641","32.305839964","192.168.1.55","192.168.1.2","TCP","1514","8004  >  36014 [ACK] Seq=369430 Ack=141 Win=65024 Len=1448 TSval=2916036386 TSecr=3045556160 [TCP segment of a reassembled PDU]"
"28642","32.305842408","192.168.1.55","192.168.1.2","TCP","1514","8004  >  36014 [ACK] Seq=370878 Ack=141 Win=65024 Len=1448 TSval=2916036386 TSecr=3045556160 [TCP segment of a reassembled PDU]"
"28643","32.305844131","192.168.1.55","192.168.1.2","TCP","1514","8004  >  36014 [ACK] Seq=372326 Ack=141 Win=65024 Len=1448 TSval=2916036386 TSecr=3045556160 [TCP segment of a reassembled PDU]"
"28644","32.305845686","192.168.1.55","192.168.1.2","TCP","1514","8004  >  36014 [ACK] Seq=373774 Ack=141 Win=65024 Len=1448 TSval=2916036386 TSecr=3045556160 [TCP segment of a reassembled PDU]"
"28645","32.305847705","192.168.1.55","192.168.1.2","TCP","1514","8004  >  36014 [ACK] Seq=375222 Ack=141 Win=65024 Len=1448 TSval=2916036386 TSecr=3045556160 [TCP segment of a reassembled PDU]"
"28646","32.305849464","192.168.1.55","192.168.1.2","TCP","1514","8004  >  36014 [ACK] Seq=376670 Ack=141 Win=65024 Len=1448 TSval=2916036386 TSecr=3045556160 [TCP segment of a reassembled PDU]"
"28647","32.305851131","192.168.1.55","192.168.1.2","TCP","1514","8004  >  36014 [ACK] Seq=378118 Ack=141 Win=65024 Len=1448 TSval=2916036386 TSecr=3045556160 [TCP segment of a reassembled PDU]"
"28648","32.305852631","192.168.1.55","192.168.1.2","TCP","1514","8004  >  36014 [ACK] Seq=379566 Ack=141 Win=65024 Len=1448 TSval=2916036386 TSecr=3045556160 [TCP segment of a reassembled PDU]"
"28649","32.305854353","192.168.1.55","192.168.1.2","TCP","1514","8004  >  36014 [ACK] Seq=381014 Ack=141 Win=65024 Len=1448 TSval=2916036386 TSecr=3045556160 [TCP segment of a reassembled PDU]"
"28650","32.305856168","192.168.1.55","192.168.1.2","TCP","1514","8004  >  36014 [ACK] Seq=382462 Ack=141 Win=65024 Len=1448 TSval=2916036386 TSecr=3045556160 [TCP segment of a reassembled PDU]"
"28651","32.305857427","192.168.1.55","192.168.1.2","TCP","1514","8004  >  36014 [ACK] Seq=383910 Ack=141 Win=65024 Len=1448 TSval=2916036386 TSecr=3045556160 [TCP segment of a reassembled PDU]"
"28652","32.305858834","192.168.1.55","192.168.1.2","TCP","1514","8004  >  36014 [ACK] Seq=385358 Ack=141 Win=65024 Len=1448 TSval=2916036386 TSecr=3045556160 [TCP segment of a reassembled PDU]"
"28653","32.305860612","192.168.1.55","192.168.1.2","TCP","1514","8004  >  36014 [ACK] Seq=386806 Ack=141 Win=65024 Len=1448 TSval=2916036386 TSecr=3045556160 [TCP segment of a reassembled PDU]"
"28654","32.305862427","192.168.1.55","192.168.1.2","TCP","1514","8004  >  36014 [PSH, ACK] Seq=388254 Ack=141 Win=65024 Len=1448 TSval=2916036386 TSecr=3045556160 [TCP segment of a reassembled PDU]"
"28655","32.307097392","192.168.1.55","192.168.1.2","TCP","1514","8004  >  36014 [ACK] Seq=389702 Ack=141 Win=65024 Len=1448 TSval=2916036387 TSecr=3045556160 [TCP segment of a reassembled PDU]"
"28656","32.307101447","192.168.1.55","192.168.1.2","TCP","1514","8004  >  36014 [ACK] Seq=391150 Ack=141 Win=65024 Len=1448 TSval=2916036387 TSecr=3045556160 [TCP segment of a reassembled PDU]"
"28657","32.307103244","192.168.1.55","192.168.1.2","TCP","1514","8004  >  36014 [ACK] Seq=392598 Ack=141 Win=65024 Len=1448 TSval=2916036387 TSecr=3045556160 [TCP segment of a reassembled PDU]"
"28658","32.307104929","192.168.1.55","192.168.1.2","TCP","1514","8004  >  36014 [ACK] Seq=394046 Ack=141 Win=65024 Len=1448 TSval=2916036387 TSecr=3045556160 [TCP segment of a reassembled PDU]"
"28659","32.307106244","192.168.1.55","192.168.1.2","TCP","1514","8004  >  36014 [ACK] Seq=395494 Ack=141 Win=65024 Len=1448 TSval=2916036387 TSecr=3045556160 [TCP segment of a reassembled PDU]"
"28660","32.307108114","192.168.1.55","192.168.1.2","TCP","1514","8004  >  36014 [ACK] Seq=396942 Ack=141 Win=65024 Len=1448 TSval=2916036387 TSecr=3045556160 [TCP segment of a reassembled PDU]"
"28661","32.307109855","192.168.1.55","192.168.1.2","TCP","1514","8004  >  36014 [ACK] Seq=398390 Ack=141 Win=65024 Len=1448 TSval=2916036387 TSecr=3045556160 [TCP segment of a reassembled PDU]"
"28662","32.307111392","192.168.1.55","192.168.1.2","TCP","1514","8004  >  36014 [ACK] Seq=399838 Ack=141 Win=65024 Len=1448 TSval=2916036387 TSecr=3045556160 [TCP segment of a reassembled PDU]"
"28663","32.307112670","192.168.1.55","192.168.1.2","TCP","1514","8004  >  36014 [ACK] Seq=401286 Ack=141 Win=65024 Len=1448 TSval=2916036387 TSecr=3045556160 [TCP segment of a reassembled PDU]"
"28664","32.307115244","192.168.1.55","192.168.1.2","TCP","1514","8004  >  36014 [ACK] Seq=402734 Ack=141 Win=65024 Len=1448 TSval=2916036387 TSecr=3045556160 [TCP segment of a reassembled PDU]"
"28665","32.307116818","192.168.1.55","192.168.1.2","TCP","1514","8004  >  36014 [ACK] Seq=404182 Ack=141 Win=65024 Len=1448 TSval=2916036387 TSecr=3045556160 [TCP segment of a reassembled PDU]"
"28666","32.307118262","192.168.1.55","192.168.1.2","TCP","1514","8004  >  36014 [ACK] Seq=405630 Ack=141 Win=65024 Len=1448 TSval=2916036387 TSecr=3045556160 [TCP segment of a reassembled PDU]"
"28667","32.307120466","192.168.1.55","192.168.1.2","TCP","1514","8004  >  36014 [ACK] Seq=407078 Ack=141 Win=65024 Len=1448 TSval=2916036387 TSecr=3045556160 [TCP segment of a reassembled PDU]"
"28668","32.307122077","192.168.1.55","192.168.1.2","TCP","1514","8004  >  36014 [ACK] Seq=408526 Ack=141 Win=65024 Len=1448 TSval=2916036387 TSecr=3045556160 [TCP segment of a reassembled PDU]"
"28669","32.307123503","192.168.1.55","192.168.1.2","TCP","1514","8004  >  36014 [ACK] Seq=409974 Ack=141 Win=65024 Len=1448 TSval=2916036387 TSecr=3045556160 [TCP segment of a reassembled PDU]"
"28670","32.307125725","192.168.1.55","192.168.1.2","TCP","1514","8004  >  36014 [ACK] Seq=411422 Ack=141 Win=65024 Len=1448 TSval=2916036387 TSecr=3045556160 [TCP segment of a reassembled PDU]"
"28671","32.307127540","192.168.1.55","192.168.1.2","TCP","1514","8004  >  36014 [ACK] Seq=412870 Ack=141 Win=65024 Len=1448 TSval=2916036387 TSecr=3045556160 [TCP segment of a reassembled PDU]"
"28672","32.307129225","192.168.1.55","192.168.1.2","TCP","818","[TCP Window Full] 8004  >  36014 [PSH, ACK] Seq=414318 Ack=141 Win=65024 Len=752 TSval=2916036387 TSecr=3045556160 [TCP segment of a reassembled PDU]"
"28673","32.315222386","192.168.1.2","192.168.1.55","TCP","66","36014  >  8004 [ACK] Seq=141 Ack=302822 Win=131072 Len=0 TSval=3045556168 TSecr=2916036386"
"28674","32.315252997","192.168.1.55","192.168.1.2","TCP","1514","8004  >  36014 [ACK] Seq=415070 Ack=141 Win=65024 Len=1448 TSval=2916036395 TSecr=3045556168 [TCP segment of a reassembled PDU]"
"28675","32.315256664","192.168.1.55","192.168.1.2","TCP","1514","8004  >  36014 [ACK] Seq=416518 Ack=141 Win=65024 Len=1448 TSval=2916036395 TSecr=3045556168 [TCP segment of a reassembled PDU]"
"28676","32.315258090","192.168.1.55","192.168.1.2","TCP","1514","8004  >  36014 [ACK] Seq=417966 Ack=141 Win=65024 Len=1448 TSval=2916036395 TSecr=3045556168 [TCP segment of a reassembled PDU]"
"28677","32.315259386","192.168.1.55","192.168.1.2","TCP","1514","8004  >  36014 [ACK] Seq=419414 Ack=141 Win=65024 Len=1448 TSval=2916036395 TSecr=3045556168 [TCP segment of a reassembled PDU]"
"28678","32.315260738","192.168.1.55","192.168.1.2","TCP","1514","8004  >  36014 [ACK] Seq=420862 Ack=141 Win=65024 Len=1448 TSval=2916036395 TSecr=3045556168 [TCP segment of a reassembled PDU]"
"28679","32.315262108","192.168.1.55","192.168.1.2","TCP","1514","8004  >  36014 [ACK] Seq=422310 Ack=141 Win=65024 Len=1448 TSval=2916036395 TSecr=3045556168 [TCP segment of a reassembled PDU]"
"28680","32.315263368","192.168.1.55","192.168.1.2","TCP","1514","8004  >  36014 [ACK] Seq=423758 Ack=141 Win=65024 Len=1448 TSval=2916036395 TSecr=3045556168 [TCP segment of a reassembled PDU]"
"28681","32.315264608","192.168.1.55","192.168.1.2","TCP","1514","8004  >  36014 [PSH, ACK] Seq=425206 Ack=141 Win=65024 Len=1448 TSval=2916036395 TSecr=3045556168 [TCP segment of a reassembled PDU]"
"28682","32.315270645","192.168.1.55","192.168.1.2","TCP","762","8004  >  36014 [ACK] Seq=426654 Ack=141 Win=65024 Len=696 TSval=2916036395 TSecr=3045556168 [TCP segment of a reassembled PDU]"
"28683","32.315329034","192.168.1.2","192.168.1.55","TCP","66","36014  >  8004 [ACK] Seq=141 Ack=314406 Win=144384 Len=0 TSval=3045556168 TSecr=2916036386"
"28684","32.317734538","192.168.1.2","192.168.1.55","TCP","66","36014  >  8004 [ACK] Seq=141 Ack=352054 Win=150528 Len=0 TSval=3045556171 TSecr=2916036386"
"28685","32.317767353","192.168.1.55","192.168.1.2","TCP","1514","8004  >  36014 [ACK] Seq=427350 Ack=141 Win=65024 Len=1448 TSval=2916036398 TSecr=3045556171 [TCP segment of a reassembled PDU]"
"28686","32.317770464","192.168.1.55","192.168.1.2","TCP","1514","8004  >  36014 [ACK] Seq=428798 Ack=141 Win=65024 Len=1448 TSval=2916036398 TSecr=3045556171 [TCP segment of a reassembled PDU]"
"28687","32.317772001","192.168.1.55","192.168.1.2","TCP","1514","8004  >  36014 [ACK] Seq=430246 Ack=141 Win=65024 Len=1448 TSval=2916036398 TSecr=3045556171 [TCP segment of a reassembled PDU]"
"28688","32.317773279","192.168.1.55","192.168.1.2","TCP","1514","8004  >  36014 [ACK] Seq=431694 Ack=141 Win=65024 Len=1448 TSval=2916036398 TSecr=3045556171 [TCP segment of a reassembled PDU]"
"28689","32.317780186","192.168.1.55","192.168.1.2","TCP","1514","8004  >  36014 [ACK] Seq=433142 Ack=141 Win=65024 Len=1448 TSval=2916036398 TSecr=3045556171 [TCP segment of a reassembled PDU]"
"28690","32.317781872","192.168.1.55","192.168.1.2","TCP","1514","8004  >  36014 [ACK] Seq=434590 Ack=141 Win=65024 Len=1448 TSval=2916036398 TSecr=3045556171 [TCP segment of a reassembled PDU]"
"28691","32.317783242","192.168.1.55","192.168.1.2","TCP","1514","8004  >  36014 [ACK] Seq=436038 Ack=141 Win=65024 Len=1448 TSval=2916036398 TSecr=3045556171 [TCP segment of a reassembled PDU]"
"28692","32.317784557","192.168.1.55","192.168.1.2","TCP","1514","8004  >  36014 [ACK] Seq=437486 Ack=141 Win=65024 Len=1448 TSval=2916036398 TSecr=3045556171 [TCP segment of a reassembled PDU]"
"28693","32.317785872","192.168.1.55","192.168.1.2","TCP","1514","8004  >  36014 [ACK] Seq=438934 Ack=141 Win=65024 Len=1448 TSval=2916036398 TSecr=3045556171 [TCP segment of a reassembled PDU]"
"28694","32.317787316","192.168.1.55","192.168.1.2","TCP","1514","8004  >  36014 [ACK] Seq=440382 Ack=141 Win=65024 Len=1448 TSval=2916036398 TSecr=3045556171 [TCP segment of a reassembled PDU]"
"28695","32.317788668","192.168.1.55","192.168.1.2","TCP","1514","8004  >  36014 [ACK] Seq=441830 Ack=141 Win=65024 Len=1448 TSval=2916036398 TSecr=3045556171 [TCP segment of a reassembled PDU]"
"28696","32.317790075","192.168.1.55","192.168.1.2","TCP","1514","8004  >  36014 [ACK] Seq=443278 Ack=141 Win=65024 Len=1448 TSval=2916036398 TSecr=3045556171 [TCP segment of a reassembled PDU]"
"28697","32.317791390","192.168.1.55","192.168.1.2","TCP","1514","8004  >  36014 [ACK] Seq=444726 Ack=141 Win=65024 Len=1448 TSval=2916036398 TSecr=3045556171 [TCP segment of a reassembled PDU]"
"28698","32.317792761","192.168.1.55","192.168.1.2","TCP","1514","8004  >  36014 [ACK] Seq=446174 Ack=141 Win=65024 Len=1448 TSval=2916036398 TSecr=3045556171 [TCP segment of a reassembled PDU]"
"28699","32.317794094","192.168.1.55","192.168.1.2","TCP","1514","8004  >  36014 [ACK] Seq=447622 Ack=141 Win=65024 Len=1448 TSval=2916036398 TSecr=3045556171 [TCP segment of a reassembled PDU]"
"28700","32.317795390","192.168.1.55","192.168.1.2","TCP","1514","8004  >  36014 [ACK] Seq=449070 Ack=141 Win=65024 Len=1448 TSval=2916036398 TSecr=3045556171 [TCP segment of a reassembled PDU]"
"28701","32.317796779","192.168.1.55","192.168.1.2","TCP","1514","8004  >  36014 [ACK] Seq=450518 Ack=141 Win=65024 Len=1448 TSval=2916036398 TSecr=3045556171 [TCP segment of a reassembled PDU]"
"28702","32.317798112","192.168.1.55","192.168.1.2","TCP","1514","8004  >  36014 [ACK] Seq=451966 Ack=141 Win=65024 Len=1448 TSval=2916036398 TSecr=3045556171 [TCP segment of a reassembled PDU]"
"28703","32.317799538","192.168.1.55","192.168.1.2","TCP","1514","8004  >  36014 [ACK] Seq=453414 Ack=141 Win=65024 Len=1448 TSval=2916036398 TSecr=3045556171 [TCP segment of a reassembled PDU]"
"28704","32.317801483","192.168.1.55","192.168.1.2","TCP","1514","8004  >  36014 [ACK] Seq=454862 Ack=141 Win=65024 Len=1448 TSval=2916036398 TSecr=3045556171 [TCP segment of a reassembled PDU]"
"28705","32.317802853","192.168.1.55","192.168.1.2","TCP","1514","8004  >  36014 [ACK] Seq=456310 Ack=141 Win=65024 Len=1448 TSval=2916036398 TSecr=3045556171 [TCP segment of a reassembled PDU]"
"28706","32.317804372","192.168.1.55","192.168.1.2","TCP","1514","8004  >  36014 [ACK] Seq=457758 Ack=141 Win=65024 Len=1448 TSval=2916036398 TSecr=3045556171 [TCP segment of a reassembled PDU]"
"28707","32.317805761","192.168.1.55","192.168.1.2","TCP","1514","8004  >  36014 [ACK] Seq=459206 Ack=141 Win=65024 Len=1448 TSval=2916036398 TSecr=3045556171 [TCP segment of a reassembled PDU]"
"28708","32.317807094","192.168.1.55","192.168.1.2","TCP","1514","8004  >  36014 [ACK] Seq=460654 Ack=141 Win=65024 Len=1448 TSval=2916036398 TSecr=3045556171 [TCP segment of a reassembled PDU]"
"28709","32.317808538","192.168.1.55","192.168.1.2","TCP","1514","8004  >  36014 [ACK] Seq=462102 Ack=141 Win=65024 Len=1448 TSval=2916036398 TSecr=3045556171 [TCP segment of a reassembled PDU]"
"28710","32.317809927","192.168.1.55","192.168.1.2","TCP","1514","8004  >  36014 [PSH, ACK] Seq=463550 Ack=141 Win=65024 Len=1448 TSval=2916036398 TSecr=3045556171 [TCP segment of a reassembled PDU]"
"28711","32.317840205","192.168.1.55","192.168.1.2","TCP","1514","8004  >  36014 [ACK] Seq=464998 Ack=141 Win=65024 Len=1448 TSval=2916036398 TSecr=3045556171 [TCP segment of a reassembled PDU]"
"28712","32.317841835","192.168.1.55","192.168.1.2","TCP","1514","8004  >  36014 [ACK] Seq=466446 Ack=141 Win=65024 Len=1448 TSval=2916036398 TSecr=3045556171 [TCP segment of a reassembled PDU]"
"28713","32.317843205","192.168.1.55","192.168.1.2","TCP","1514","8004  >  36014 [ACK] Seq=467894 Ack=141 Win=65024 Len=1448 TSval=2916036398 TSecr=3045556171 [TCP segment of a reassembled PDU]"
"28714","32.317844668","192.168.1.55","192.168.1.2","TCP","1514","8004  >  36014 [ACK] Seq=469342 Ack=141 Win=65024 Len=1448 TSval=2916036398 TSecr=3045556171 [TCP segment of a reassembled PDU]"
"28715","32.317845946","192.168.1.55","192.168.1.2","TCP","1514","8004  >  36014 [ACK] Seq=470790 Ack=141 Win=65024 Len=1448 TSval=2916036398 TSecr=3045556171 [TCP segment of a reassembled PDU]"
"28716","32.317847335","192.168.1.55","192.168.1.2","TCP","1514","8004  >  36014 [ACK] Seq=472238 Ack=141 Win=65024 Len=1448 TSval=2916036398 TSecr=3045556171 [TCP segment of a reassembled PDU]"
"28717","32.317848649","192.168.1.55","192.168.1.2","TCP","1514","8004  >  36014 [ACK] Seq=473686 Ack=141 Win=65024 Len=1448 TSval=2916036398 TSecr=3045556171 [TCP segment of a reassembled PDU]"
"28718","32.317850316","192.168.1.55","192.168.1.2","TCP","1514","8004  >  36014 [ACK] Seq=475134 Ack=141 Win=65024 Len=1448 TSval=2916036398 TSecr=3045556171 [TCP segment of a reassembled PDU]"
"28719","32.317851761","192.168.1.55","192.168.1.2","TCP","1514","8004  >  36014 [ACK] Seq=476582 Ack=141 Win=65024 Len=1448 TSval=2916036398 TSecr=3045556171 [TCP segment of a reassembled PDU]"
"28720","32.317853075","192.168.1.55","192.168.1.2","TCP","1514","8004  >  36014 [ACK] Seq=478030 Ack=141 Win=65024 Len=1448 TSval=2916036398 TSecr=3045556171 [TCP segment of a reassembled PDU]"
"28721","32.317854409","192.168.1.55","192.168.1.2","TCP","1514","8004  >  36014 [ACK] Seq=479478 Ack=141 Win=65024 Len=1448 TSval=2916036398 TSecr=3045556171 [TCP segment of a reassembled PDU]"
"28722","32.317855705","192.168.1.55","192.168.1.2","TCP","1514","8004  >  36014 [ACK] Seq=480926 Ack=141 Win=65024 Len=1448 TSval=2916036398 TSecr=3045556171 [TCP segment of a reassembled PDU]"
"28723","32.317857057","192.168.1.55","192.168.1.2","TCP","1514","8004  >  36014 [ACK] Seq=482374 Ack=141 Win=65024 Len=1448 TSval=2916036398 TSecr=3045556171 [TCP segment of a reassembled PDU]"
"28724","32.317858464","192.168.1.55","192.168.1.2","TCP","1514","8004  >  36014 [ACK] Seq=483822 Ack=141 Win=65024 Len=1448 TSval=2916036398 TSecr=3045556171 [TCP segment of a reassembled PDU]"
"28725","32.317860038","192.168.1.55","192.168.1.2","TCP","1514","8004  >  36014 [ACK] Seq=485270 Ack=141 Win=65024 Len=1448 TSval=2916036398 TSecr=3045556171 [TCP segment of a reassembled PDU]"
"28726","32.317861409","192.168.1.55","192.168.1.2","TCP","1514","8004  >  36014 [ACK] Seq=486718 Ack=141 Win=65024 Len=1448 TSval=2916036398 TSecr=3045556171 [TCP segment of a reassembled PDU]"
"28727","32.317862909","192.168.1.55","192.168.1.2","TCP","1514","8004  >  36014 [ACK] Seq=488166 Ack=141 Win=65024 Len=1448 TSval=2916036398 TSecr=3045556171 [TCP segment of a reassembled PDU]"
"28728","32.317864242","192.168.1.55","192.168.1.2","TCP","1514","8004  >  36014 [ACK] Seq=489614 Ack=141 Win=65024 Len=1448 TSval=2916036398 TSecr=3045556171 [TCP segment of a reassembled PDU]"
"28729","32.317865631","192.168.1.55","192.168.1.2","TCP","1514","8004  >  36014 [ACK] Seq=491062 Ack=141 Win=65024 Len=1448 TSval=2916036398 TSecr=3045556171 [TCP segment of a reassembled PDU]"
"28730","32.317866946","192.168.1.55","192.168.1.2","TCP","1514","8004  >  36014 [ACK] Seq=492510 Ack=141 Win=65024 Len=1448 TSval=2916036398 TSecr=3045556171 [TCP segment of a reassembled PDU]"
"28731","32.317868224","192.168.1.55","192.168.1.2","TCP","1514","8004  >  36014 [ACK] Seq=493958 Ack=141 Win=65024 Len=1448 TSval=2916036398 TSecr=3045556171 [TCP segment of a reassembled PDU]"
"28732","32.317869687","192.168.1.55","192.168.1.2","TCP","1514","8004  >  36014 [ACK] Seq=495406 Ack=141 Win=65024 Len=1448 TSval=2916036398 TSecr=3045556171 [TCP segment of a reassembled PDU]"
"28733","32.317871446","192.168.1.55","192.168.1.2","TCP","1514","8004  >  36014 [PSH, ACK] Seq=496854 Ack=141 Win=65024 Len=1448 TSval=2916036398 TSecr=3045556171 [TCP segment of a reassembled PDU]"
"28734","32.317878205","192.168.1.55","192.168.1.2","HTTP","1472","HTTP/1.0 200 OK  (PNG)"
"28735","32.317989409","192.168.1.2","192.168.1.55","TCP","66","36014  >  8004 [ACK] Seq=141 Ack=389702 Win=150528 Len=0 TSval=3045556171 TSecr=2916036386"
"28736","32.318027835","192.168.1.2","192.168.1.55","TCP","66","36014  >  8004 [ACK] Seq=141 Ack=411422 Win=162816 Len=0 TSval=3045556171 TSecr=2916036387"
"28737","32.323125473","192.168.1.2","192.168.1.55","TCP","66","36014  >  8004 [ACK] Seq=141 Ack=415070 Win=169984 Len=0 TSval=3045556172 TSecr=2916036387"
"28738","32.323290251","192.168.1.2","192.168.1.55","TCP","66","36014  >  8004 [ACK] Seq=141 Ack=416518 Win=173056 Len=0 TSval=3045556173 TSecr=2916036395"
"28739","32.323303862","192.168.1.2","192.168.1.55","TCP","66","36014  >  8004 [ACK] Seq=141 Ack=417966 Win=176128 Len=0 TSval=3045556173 TSecr=2916036395"
"28740","32.323308417","192.168.1.2","192.168.1.55","TCP","66","36014  >  8004 [ACK] Seq=141 Ack=427350 Win=176128 Len=0 TSval=3045556175 TSecr=2916036395"
"28741","32.323864826","192.168.1.2","192.168.1.55","TCP","66","36014  >  8004 [ACK] Seq=141 Ack=464998 Win=210944 Len=0 TSval=3045556179 TSecr=2916036398"
"28742","32.323977511","192.168.1.2","192.168.1.55","TCP","66","36014  >  8004 [ACK] Seq=141 Ack=498302 Win=216064 Len=0 TSval=3045556179 TSecr=2916036398"
"28743","32.325520865","192.168.1.2","192.168.1.55","TCP","66","36014  >  8004 [FIN, ACK] Seq=141 Ack=499709 Win=219136 Len=0 TSval=3045556180 TSecr=2916036398"
"28744","32.325537143","192.168.1.55","192.168.1.2","TCP","66","8004  >  36014 [ACK] Seq=499709 Ack=142 Win=65024 Len=0 TSval=2916036406 TSecr=3045556180"
"28745","32.325648347","192.168.1.2","192.168.1.55","TCP","74","36022  >  8004 [SYN] Seq=0 Win=64240 Len=0 MSS=1460 SACK_PERM TSval=3045556180 TSecr=0 WS=1024"
"28746","32.325672773","192.168.1.55","192.168.1.2","TCP","74","8004  >  36022 [SYN, ACK] Seq=0 Ack=1 Win=65160 Len=0 MSS=1460 SACK_PERM TSval=2916036406 TSecr=3045556180 WS=128"
"28747","32.328765148","192.168.1.2","192.168.1.55","TCP","66","36022  >  8004 [ACK] Seq=1 Ack=1 Win=64512 Len=0 TSval=3045556183 TSecr=2916036406"
"28748","32.332028098","192.168.1.2","192.168.1.55","HTTP","209","GET /original_benchmark.png HTTP/1.1 "
"28749","32.332047005","192.168.1.55","192.168.1.2","TCP","66","8004  >  36022 [ACK] Seq=1 Ack=144 Win=65024 Len=0 TSval=2916036412 TSecr=3045556183"
"28750","32.332538099","192.168.1.55","192.168.1.2","TCP","255","8004  >  36022 [PSH, ACK] Seq=1 Ack=144 Win=65024 Len=189 TSval=2916036413 TSecr=3045556183 [TCP segment of a reassembled PDU]"
"28751","32.332636469","192.168.1.55","192.168.1.2","TCP","1514","8004  >  36022 [ACK] Seq=190 Ack=144 Win=65024 Len=1448 TSval=2916036413 TSecr=3045556183 [TCP segment of a reassembled PDU]"
"28752","32.332640691","192.168.1.55","192.168.1.2","TCP","1514","8004  >  36022 [ACK] Seq=1638 Ack=144 Win=65024 Len=1448 TSval=2916036413 TSecr=3045556183 [TCP segment of a reassembled PDU]"
"28753","32.332642117","192.168.1.55","192.168.1.2","TCP","1514","8004  >  36022 [ACK] Seq=3086 Ack=144 Win=65024 Len=1448 TSval=2916036413 TSecr=3045556183 [TCP segment of a reassembled PDU]"
"28754","32.332643506","192.168.1.55","192.168.1.2","TCP","1514","8004  >  36022 [ACK] Seq=4534 Ack=144 Win=65024 Len=1448 TSval=2916036413 TSecr=3045556183 [TCP segment of a reassembled PDU]"
"28755","32.332644895","192.168.1.55","192.168.1.2","TCP","1514","8004  >  36022 [PSH, ACK] Seq=5982 Ack=144 Win=65024 Len=1448 TSval=2916036413 TSecr=3045556183 [TCP segment of a reassembled PDU]"
"28756","32.332662821","192.168.1.55","192.168.1.2","TCP","1514","8004  >  36022 [ACK] Seq=7430 Ack=144 Win=65024 Len=1448 TSval=2916036413 TSecr=3045556183 [TCP segment of a reassembled PDU]"
"28757","32.332664654","192.168.1.55","192.168.1.2","TCP","1514","8004  >  36022 [ACK] Seq=8878 Ack=144 Win=65024 Len=1448 TSval=2916036413 TSecr=3045556183 [TCP segment of a reassembled PDU]"
"28758","32.332665951","192.168.1.55","192.168.1.2","TCP","1514","8004  >  36022 [ACK] Seq=10326 Ack=144 Win=65024 Len=1448 TSval=2916036413 TSecr=3045556183 [TCP segment of a reassembled PDU]"
"28759","32.332667303","192.168.1.55","192.168.1.2","TCP","1514","8004  >  36022 [PSH, ACK] Seq=11774 Ack=144 Win=65024 Len=1448 TSval=2916036413 TSecr=3045556183 [TCP segment of a reassembled PDU]"
"28760","32.338423478","192.168.1.2","192.168.1.55","TCP","66","36022  >  8004 [ACK] Seq=144 Ack=190 Win=64512 Len=0 TSval=3045556190 TSecr=2916036413"
"28761","32.338471330","192.168.1.55","192.168.1.2","TCP","1514","8004  >  36022 [ACK] Seq=13222 Ack=144 Win=65024 Len=1448 TSval=2916036419 TSecr=3045556190 [TCP segment of a reassembled PDU]"
"28762","32.338475719","192.168.1.55","192.168.1.2","TCP","1514","8004  >  36022 [PSH, ACK] Seq=14670 Ack=144 Win=65024 Len=1448 TSval=2916036419 TSecr=3045556190 [TCP segment of a reassembled PDU]"
"28763","32.338554071","192.168.1.2","192.168.1.55","TCP","66","36022  >  8004 [ACK] Seq=144 Ack=3086 Win=70656 Len=0 TSval=3045556190 TSecr=2916036413"
"28764","32.338564719","192.168.1.2","192.168.1.55","TCP","66","36022  >  8004 [ACK] Seq=144 Ack=5982 Win=76800 Len=0 TSval=3045556190 TSecr=2916036413"
"28765","32.338587405","192.168.1.55","192.168.1.2","TCP","1514","8004  >  36022 [ACK] Seq=16118 Ack=144 Win=65024 Len=1448 TSval=2916036419 TSecr=3045556190 [TCP segment of a reassembled PDU]"
"28766","32.338589886","192.168.1.55","192.168.1.2","TCP","1514","8004  >  36022 [ACK] Seq=17566 Ack=144 Win=65024 Len=1448 TSval=2916036419 TSecr=3045556190 [TCP segment of a reassembled PDU]"
"28767","32.338591516","192.168.1.55","192.168.1.2","TCP","1514","8004  >  36022 [ACK] Seq=19014 Ack=144 Win=65024 Len=1448 TSval=2916036419 TSecr=3045556190 [TCP segment of a reassembled PDU]"
"28768","32.338592905","192.168.1.55","192.168.1.2","TCP","1514","8004  >  36022 [ACK] Seq=20462 Ack=144 Win=65024 Len=1448 TSval=2916036419 TSecr=3045556190 [TCP segment of a reassembled PDU]"
"28769","32.338594367","192.168.1.55","192.168.1.2","TCP","1514","8004  >  36022 [ACK] Seq=21910 Ack=144 Win=65024 Len=1448 TSval=2916036419 TSecr=3045556190 [TCP segment of a reassembled PDU]"
"28770","32.338595738","192.168.1.55","192.168.1.2","TCP","1514","8004  >  36022 [ACK] Seq=23358 Ack=144 Win=65024 Len=1448 TSval=2916036419 TSecr=3045556190 [TCP segment of a reassembled PDU]"
"28771","32.338597219","192.168.1.55","192.168.1.2","TCP","1514","8004  >  36022 [PSH, ACK] Seq=24806 Ack=144 Win=65024 Len=1448 TSval=2916036419 TSecr=3045556190 [TCP segment of a reassembled PDU]"
"28772","32.338663219","192.168.1.2","192.168.1.55","TCP","66","36022  >  8004 [ACK] Seq=144 Ack=7430 Win=79872 Len=0 TSval=3045556191 TSecr=2916036413"
"28773","32.338670831","192.168.1.2","192.168.1.55","TCP","66","36022  >  8004 [ACK] Seq=144 Ack=13222 Win=84992 Len=0 TSval=3045556191 TSecr=2916036413"
"28774","32.338694775","192.168.1.55","192.168.1.2","TCP","1514","8004  >  36022 [ACK] Seq=26254 Ack=144 Win=65024 Len=1448 TSval=2916036419 TSecr=3045556191 [TCP segment of a reassembled PDU]"
"28775","32.338697812","192.168.1.55","192.168.1.2","TCP","1514","8004  >  36022 [ACK] Seq=27702 Ack=144 Win=65024 Len=1448 TSval=2916036419 TSecr=3045556191 [TCP segment of a reassembled PDU]"
"28776","32.338699294","192.168.1.55","192.168.1.2","TCP","1514","8004  >  36022 [ACK] Seq=29150 Ack=144 Win=65024 Len=1448 TSval=2916036419 TSecr=3045556191 [TCP segment of a reassembled PDU]"
"28777","32.338700775","192.168.1.55","192.168.1.2","TCP","1514","8004  >  36022 [ACK] Seq=30598 Ack=144 Win=65024 Len=1448 TSval=2916036419 TSecr=3045556191 [TCP segment of a reassembled PDU]"
"28778","32.338702164","192.168.1.55","192.168.1.2","TCP","1514","8004  >  36022 [ACK] Seq=32046 Ack=144 Win=65024 Len=1448 TSval=2916036419 TSecr=3045556191 [TCP segment of a reassembled PDU]"
"28779","32.338703979","192.168.1.55","192.168.1.2","TCP","1514","8004  >  36022 [ACK] Seq=33494 Ack=144 Win=65024 Len=1448 TSval=2916036419 TSecr=3045556191 [TCP segment of a reassembled PDU]"
"28780","32.338705442","192.168.1.55","192.168.1.2","TCP","1514","8004  >  36022 [ACK] Seq=34942 Ack=144 Win=65024 Len=1448 TSval=2916036419 TSecr=3045556191 [TCP segment of a reassembled PDU]"
"28781","32.338707053","192.168.1.55","192.168.1.2","TCP","1514","8004  >  36022 [ACK] Seq=36390 Ack=144 Win=65024 Len=1448 TSval=2916036419 TSecr=3045556191 [TCP segment of a reassembled PDU]"
"28782","32.338708460","192.168.1.55","192.168.1.2","TCP","1514","8004  >  36022 [ACK] Seq=37838 Ack=144 Win=65024 Len=1448 TSval=2916036419 TSecr=3045556191 [TCP segment of a reassembled PDU]"
"28783","32.338709868","192.168.1.55","192.168.1.2","TCP","1514","8004  >  36022 [PSH, ACK] Seq=39286 Ack=144 Win=65024 Len=1448 TSval=2916036419 TSecr=3045556191 [TCP segment of a reassembled PDU]"
"28784","32.339478795","192.168.1.55","192.168.1.2","TCP","1514","8004  >  36022 [ACK] Seq=40734 Ack=144 Win=65024 Len=1448 TSval=2916036420 TSecr=3045556191 [TCP segment of a reassembled PDU]"
"28785","32.343196097","192.168.1.2","192.168.1.55","TCP","66","36022  >  8004 [ACK] Seq=144 Ack=16118 Win=90112 Len=0 TSval=3045556197 TSecr=2916036419"
"28786","32.343240579","192.168.1.55","192.168.1.2","TCP","1514","8004  >  36022 [ACK] Seq=42182 Ack=144 Win=65024 Len=1448 TSval=2916036423 TSecr=3045556197 [TCP segment of a reassembled PDU]"
"28787","32.343244653","192.168.1.55","192.168.1.2","TCP","1514","8004  >  36022 [PSH, ACK] Seq=43630 Ack=144 Win=65024 Len=1448 TSval=2916036423 TSecr=3045556197 [TCP segment of a reassembled PDU]"
"28788","32.343352616","192.168.1.2","192.168.1.55","TCP","66","36022  >  8004 [ACK] Seq=144 Ack=26254 Win=83968 Len=0 TSval=3045556197 TSecr=2916036419"
"28789","32.343400023","192.168.1.55","192.168.1.2","TCP","1514","8004  >  36022 [ACK] Seq=45078 Ack=144 Win=65024 Len=1448 TSval=2916036424 TSecr=3045556197 [TCP segment of a reassembled PDU]"
"28790","32.343402745","192.168.1.55","192.168.1.2","TCP","1514","8004  >  36022 [ACK] Seq=46526 Ack=144 Win=65024 Len=1448 TSval=2916036424 TSecr=3045556197 [TCP segment of a reassembled PDU]"
"28791","32.343404745","192.168.1.55","192.168.1.2","TCP","1514","8004  >  36022 [ACK] Seq=47974 Ack=144 Win=65024 Len=1448 TSval=2916036424 TSecr=3045556197 [TCP segment of a reassembled PDU]"
"28792","32.343406282","192.168.1.55","192.168.1.2","TCP","1514","8004  >  36022 [ACK] Seq=49422 Ack=144 Win=65024 Len=1448 TSval=2916036424 TSecr=3045556197 [TCP segment of a reassembled PDU]"
"28793","32.343407764","192.168.1.55","192.168.1.2","TCP","1514","8004  >  36022 [ACK] Seq=50870 Ack=144 Win=65024 Len=1448 TSval=2916036424 TSecr=3045556197 [TCP segment of a reassembled PDU]"
"28794","32.343409912","192.168.1.55","192.168.1.2","TCP","1514","8004  >  36022 [ACK] Seq=52318 Ack=144 Win=65024 Len=1448 TSval=2916036424 TSecr=3045556197 [TCP segment of a reassembled PDU]"
"28795","32.343412283","192.168.1.55","192.168.1.2","TCP","1514","8004  >  36022 [ACK] Seq=53766 Ack=144 Win=65024 Len=1448 TSval=2916036424 TSecr=3045556197 [TCP segment of a reassembled PDU]"
"28796","32.343413745","192.168.1.55","192.168.1.2","TCP","1514","8004  >  36022 [ACK] Seq=55214 Ack=144 Win=65024 Len=1448 TSval=2916036424 TSecr=3045556197 [TCP segment of a reassembled PDU]"
"28797","32.343415468","192.168.1.55","192.168.1.2","TCP","1514","8004  >  36022 [ACK] Seq=56662 Ack=144 Win=65024 Len=1448 TSval=2916036424 TSecr=3045556197 [TCP segment of a reassembled PDU]"
"28798","32.343418097","192.168.1.55","192.168.1.2","TCP","1514","8004  >  36022 [ACK] Seq=58110 Ack=144 Win=65024 Len=1448 TSval=2916036424 TSecr=3045556197 [TCP segment of a reassembled PDU]"
"28799","32.343420023","192.168.1.55","192.168.1.2","TCP","1514","8004  >  36022 [ACK] Seq=59558 Ack=144 Win=65024 Len=1448 TSval=2916036424 TSecr=3045556197 [TCP segment of a reassembled PDU]"
"28800","32.343421616","192.168.1.55","192.168.1.2","TCP","1514","8004  >  36022 [ACK] Seq=61006 Ack=144 Win=65024 Len=1448 TSval=2916036424 TSecr=3045556197 [TCP segment of a reassembled PDU]"
"28801","32.343423171","192.168.1.55","192.168.1.2","TCP","1514","8004  >  36022 [ACK] Seq=62454 Ack=144 Win=65024 Len=1448 TSval=2916036424 TSecr=3045556197 [TCP segment of a reassembled PDU]"
"28802","32.343425283","192.168.1.55","192.168.1.2","TCP","1514","8004  >  36022 [PSH, ACK] Seq=63902 Ack=144 Win=65024 Len=1448 TSval=2916036424 TSecr=3045556197 [TCP segment of a reassembled PDU]"
"28803","32.343430560","192.168.1.2","192.168.1.55","TCP","66","36022  >  8004 [ACK] Seq=144 Ack=36390 Win=74752 Len=0 TSval=3045556198 TSecr=2916036419"
"28804","32.343464412","192.168.1.55","192.168.1.2","TCP","1514","8004  >  36022 [ACK] Seq=65350 Ack=144 Win=65024 Len=1448 TSval=2916036424 TSecr=3045556198 [TCP segment of a reassembled PDU]"
"28805","32.343466468","192.168.1.55","192.168.1.2","TCP","1514","8004  >  36022 [ACK] Seq=66798 Ack=144 Win=65024 Len=1448 TSval=2916036424 TSecr=3045556198 [TCP segment of a reassembled PDU]"
"28806","32.343467838","192.168.1.55","192.168.1.2","TCP","1514","8004  >  36022 [ACK] Seq=68246 Ack=144 Win=65024 Len=1448 TSval=2916036424 TSecr=3045556198 [TCP segment of a reassembled PDU]"
"28807","32.343469412","192.168.1.55","192.168.1.2","TCP","1514","8004  >  36022 [ACK] Seq=69694 Ack=144 Win=65024 Len=1448 TSval=2916036424 TSecr=3045556198 [TCP segment of a reassembled PDU]"
"28808","32.343471431","192.168.1.55","192.168.1.2","TCP","1514","8004  >  36022 [ACK] Seq=71142 Ack=144 Win=65024 Len=1448 TSval=2916036424 TSecr=3045556198 [TCP segment of a reassembled PDU]"
"28809","32.343473171","192.168.1.55","192.168.1.2","TCP","1514","8004  >  36022 [ACK] Seq=72590 Ack=144 Win=65024 Len=1448 TSval=2916036424 TSecr=3045556198 [TCP segment of a reassembled PDU]"
"28810","32.343474616","192.168.1.55","192.168.1.2","TCP","1514","8004  >  36022 [ACK] Seq=74038 Ack=144 Win=65024 Len=1448 TSval=2916036424 TSecr=3045556198 [TCP segment of a reassembled PDU]"
"28811","32.343476023","192.168.1.55","192.168.1.2","TCP","1514","8004  >  36022 [PSH, ACK] Seq=75486 Ack=144 Win=65024 Len=1448 TSval=2916036424 TSecr=3045556198 [TCP segment of a reassembled PDU]"
"28812","32.343483134","192.168.1.2","192.168.1.55","TCP","66","36022  >  8004 [ACK] Seq=144 Ack=39286 Win=90112 Len=0 TSval=3045556198 TSecr=2916036419"
"28813","32.343551172","192.168.1.2","192.168.1.55","TCP","66","36022  >  8004 [ACK] Seq=144 Ack=40734 Win=91136 Len=0 TSval=3045556198 TSecr=2916036419"
"28814","32.343562875","192.168.1.2","192.168.1.55","TCP","66","36022  >  8004 [ACK] Seq=144 Ack=42182 Win=91136 Len=0 TSval=3045556198 TSecr=2916036420"
"28815","32.344522821","192.168.1.55","192.168.1.2","TCP","1514","8004  >  36022 [ACK] Seq=76934 Ack=144 Win=65024 Len=1448 TSval=2916036425 TSecr=3045556198 [TCP segment of a reassembled PDU]"
"28816","32.344527247","192.168.1.55","192.168.1.2","TCP","1514","8004  >  36022 [ACK] Seq=78382 Ack=144 Win=65024 Len=1448 TSval=2916036425 TSecr=3045556198 [TCP segment of a reassembled PDU]"
"28817","32.344528840","192.168.1.55","192.168.1.2","TCP","1514","8004  >  36022 [ACK] Seq=79830 Ack=144 Win=65024 Len=1448 TSval=2916036425 TSecr=3045556198 [TCP segment of a reassembled PDU]"
"28818","32.344530784","192.168.1.55","192.168.1.2","TCP","1514","8004  >  36022 [ACK] Seq=81278 Ack=144 Win=65024 Len=1448 TSval=2916036425 TSecr=3045556198 [TCP segment of a reassembled PDU]"
"28819","32.344533118","192.168.1.55","192.168.1.2","TCP","1514","8004  >  36022 [ACK] Seq=82726 Ack=144 Win=65024 Len=1448 TSval=2916036425 TSecr=3045556198 [TCP segment of a reassembled PDU]"
"28820","32.344534747","192.168.1.55","192.168.1.2","TCP","1514","8004  >  36022 [ACK] Seq=84174 Ack=144 Win=65024 Len=1448 TSval=2916036425 TSecr=3045556198 [TCP segment of a reassembled PDU]"
"28821","32.344536969","192.168.1.55","192.168.1.2","TCP","1514","8004  >  36022 [ACK] Seq=85622 Ack=144 Win=65024 Len=1448 TSval=2916036425 TSecr=3045556198 [TCP segment of a reassembled PDU]"
"28822","32.344538673","192.168.1.55","192.168.1.2","TCP","1514","8004  >  36022 [ACK] Seq=87070 Ack=144 Win=65024 Len=1448 TSval=2916036425 TSecr=3045556198 [TCP segment of a reassembled PDU]"
"28823","32.344540507","192.168.1.55","192.168.1.2","TCP","1514","8004  >  36022 [ACK] Seq=88518 Ack=144 Win=65024 Len=1448 TSval=2916036425 TSecr=3045556198 [TCP segment of a reassembled PDU]"
"28824","32.344542025","192.168.1.55","192.168.1.2","TCP","1514","8004  >  36022 [ACK] Seq=89966 Ack=144 Win=65024 Len=1448 TSval=2916036425 TSecr=3045556198 [TCP segment of a reassembled PDU]"
"28825","32.344544155","192.168.1.55","192.168.1.2","TCP","1514","8004  >  36022 [ACK] Seq=91414 Ack=144 Win=65024 Len=1448 TSval=2916036425 TSecr=3045556198 [TCP segment of a reassembled PDU]"
"28826","32.344546655","192.168.1.55","192.168.1.2","TCP","1514","8004  >  36022 [ACK] Seq=92862 Ack=144 Win=65024 Len=1448 TSval=2916036425 TSecr=3045556198 [TCP segment of a reassembled PDU]"
"28827","32.344548062","192.168.1.55","192.168.1.2","TCP","1514","8004  >  36022 [ACK] Seq=94310 Ack=144 Win=65024 Len=1448 TSval=2916036425 TSecr=3045556198 [TCP segment of a reassembled PDU]"
"28828","32.344549525","192.168.1.55","192.168.1.2","TCP","1514","8004  >  36022 [PSH, ACK] Seq=95758 Ack=144 Win=65024 Len=1448 TSval=2916036425 TSecr=3045556198 [TCP segment of a reassembled PDU]"
"28829","32.344559655","192.168.1.55","192.168.1.2","TCP","1514","8004  >  36022 [ACK] Seq=97206 Ack=144 Win=65024 Len=1448 TSval=2916036425 TSecr=3045556198 [TCP segment of a reassembled PDU]"
"28830","32.344561451","192.168.1.55","192.168.1.2","TCP","1514","8004  >  36022 [PSH, ACK] Seq=98654 Ack=144 Win=65024 Len=1448 TSval=2916036425 TSecr=3045556198 [TCP segment of a reassembled PDU]"
"28831","32.348992791","192.168.1.2","192.168.1.55","TCP","66","36022  >  8004 [ACK] Seq=144 Ack=45078 Win=89088 Len=0 TSval=3045556203 TSecr=2916036423"
"28832","32.349014828","192.168.1.55","192.168.1.2","TCP","1514","8004  >  36022 [ACK] Seq=100102 Ack=144 Win=65024 Len=1448 TSval=2916036429 TSecr=3045556203 [TCP segment of a reassembled PDU]"
"28833","32.349018328","192.168.1.55","192.168.1.2","TCP","1514","8004  >  36022 [ACK] Seq=101550 Ack=144 Win=65024 Len=1448 TSval=2916036429 TSecr=3045556203 [TCP segment of a reassembled PDU]"
"28834","32.349019514","192.168.1.55","192.168.1.2","TCP","1514","8004  >  36022 [ACK] Seq=102998 Ack=144 Win=65024 Len=1448 TSval=2916036429 TSecr=3045556203 [TCP segment of a reassembled PDU]"
"28835","32.349020699","192.168.1.55","192.168.1.2","TCP","1514","8004  >  36022 [PSH, ACK] Seq=104446 Ack=144 Win=65024 Len=1448 TSval=2916036429 TSecr=3045556203 [TCP segment of a reassembled PDU]"
"28836","32.349286347","192.168.1.2","192.168.1.55","TCP","66","36022  >  8004 [ACK] Seq=144 Ack=65350 Win=69632 Len=0 TSval=3045556203 TSecr=2916036424"
"28837","32.349307940","192.168.1.55","192.168.1.2","TCP","1514","8004  >  36022 [ACK] Seq=105894 Ack=144 Win=65024 Len=1448 TSval=2916036430 TSecr=3045556203 [TCP segment of a reassembled PDU]"
"28838","32.349310088","192.168.1.55","192.168.1.2","TCP","1514","8004  >  36022 [ACK] Seq=107342 Ack=144 Win=65024 Len=1448 TSval=2916036430 TSecr=3045556203 [TCP segment of a reassembled PDU]"
"28839","32.349311199","192.168.1.55","192.168.1.2","TCP","1514","8004  >  36022 [ACK] Seq=108790 Ack=144 Win=65024 Len=1448 TSval=2916036430 TSecr=3045556203 [TCP segment of a reassembled PDU]"
"28840","32.349312366","192.168.1.55","192.168.1.2","TCP","1514","8004  >  36022 [ACK] Seq=110238 Ack=144 Win=65024 Len=1448 TSval=2916036430 TSecr=3045556203 [TCP segment of a reassembled PDU]"
"28841","32.349313699","192.168.1.55","192.168.1.2","TCP","1514","8004  >  36022 [ACK] Seq=111686 Ack=144 Win=65024 Len=1448 TSval=2916036430 TSecr=3045556203 [TCP segment of a reassembled PDU]"
"28842","32.349314792","192.168.1.55","192.168.1.2","TCP","1514","8004  >  36022 [ACK] Seq=113134 Ack=144 Win=65024 Len=1448 TSval=2916036430 TSecr=3045556203 [TCP segment of a reassembled PDU]"
"28843","32.349315959","192.168.1.55","192.168.1.2","TCP","1514","8004  >  36022 [ACK] Seq=114582 Ack=144 Win=65024 Len=1448 TSval=2916036430 TSecr=3045556203 [TCP segment of a reassembled PDU]"
"28844","32.349317051","192.168.1.55","192.168.1.2","TCP","1514","8004  >  36022 [ACK] Seq=116030 Ack=144 Win=65024 Len=1448 TSval=2916036430 TSecr=3045556203 [TCP segment of a reassembled PDU]"
"28845","32.349318255","192.168.1.55","192.168.1.2","TCP","1514","8004  >  36022 [PSH, ACK] Seq=117478 Ack=144 Win=65024 Len=1448 TSval=2916036430 TSecr=3045556203 [TCP segment of a reassembled PDU]"
"28846","32.349323459","192.168.1.2","192.168.1.55","TCP","66","36022  >  8004 [ACK] Seq=144 Ack=76934 Win=58368 Len=0 TSval=3045556203 TSecr=2916036424"
"28847","32.349339236","192.168.1.2","192.168.1.55","TCP","66","36022  >  8004 [ACK] Seq=144 Ack=97206 Win=73728 Len=0 TSval=3045556203 TSecr=2916036425"
"28848","32.349373959","192.168.1.55","192.168.1.2","TCP","1514","8004  >  36022 [ACK] Seq=118926 Ack=144 Win=65024 Len=1448 TSval=2916036430 TSecr=3045556203 [TCP segment of a reassembled PDU]"
"28849","32.349375996","192.168.1.55","192.168.1.2","TCP","1514","8004  >  36022 [ACK] Seq=120374 Ack=144 Win=65024 Len=1448 TSval=2916036430 TSecr=3045556203 [TCP segment of a reassembled PDU]"
"28850","32.349377199","192.168.1.55","192.168.1.2","TCP","1514","8004  >  36022 [ACK] Seq=121822 Ack=144 Win=65024 Len=1448 TSval=2916036430 TSecr=3045556203 [TCP segment of a reassembled PDU]"
"28851","32.349378385","192.168.1.55","192.168.1.2","TCP","1514","8004  >  36022 [ACK] Seq=123270 Ack=144 Win=65024 Len=1448 TSval=2916036430 TSecr=3045556203 [TCP segment of a reassembled PDU]"
"28852","32.349379570","192.168.1.55","192.168.1.2","TCP","1514","8004  >  36022 [ACK] Seq=124718 Ack=144 Win=65024 Len=1448 TSval=2916036430 TSecr=3045556203 [TCP segment of a reassembled PDU]"
"28853","32.349380662","192.168.1.55","192.168.1.2","TCP","1514","8004  >  36022 [ACK] Seq=126166 Ack=144 Win=65024 Len=1448 TSval=2916036430 TSecr=3045556203 [TCP segment of a reassembled PDU]"
"28854","32.349381977","192.168.1.55","192.168.1.2","TCP","1514","8004  >  36022 [ACK] Seq=127614 Ack=144 Win=65024 Len=1448 TSval=2916036430 TSecr=3045556203 [TCP segment of a reassembled PDU]"
"28855","32.349383107","192.168.1.55","192.168.1.2","TCP","1514","8004  >  36022 [ACK] Seq=129062 Ack=144 Win=65024 Len=1448 TSval=2916036430 TSecr=3045556203 [TCP segment of a reassembled PDU]"
"28856","32.349384366","192.168.1.55","192.168.1.2","TCP","1514","8004  >  36022 [ACK] Seq=130510 Ack=144 Win=65024 Len=1448 TSval=2916036430 TSecr=3045556203 [TCP segment of a reassembled PDU]"
"28857","32.349385551","192.168.1.55","192.168.1.2","TCP","1514","8004  >  36022 [ACK] Seq=131958 Ack=144 Win=65024 Len=1448 TSval=2916036430 TSecr=3045556203 [TCP segment of a reassembled PDU]"
"28858","32.349386644","192.168.1.55","192.168.1.2","TCP","1514","8004  >  36022 [ACK] Seq=133406 Ack=144 Win=65024 Len=1448 TSval=2916036430 TSecr=3045556203 [TCP segment of a reassembled PDU]"
"28859","32.349387736","192.168.1.55","192.168.1.2","TCP","1514","8004  >  36022 [ACK] Seq=134854 Ack=144 Win=65024 Len=1448 TSval=2916036430 TSecr=3045556203 [TCP segment of a reassembled PDU]"
"28860","32.349388922","192.168.1.55","192.168.1.2","TCP","1514","8004  >  36022 [ACK] Seq=136302 Ack=144 Win=65024 Len=1448 TSval=2916036430 TSecr=3045556203 [TCP segment of a reassembled PDU]"
"28861","32.349390255","192.168.1.55","192.168.1.2","TCP","1514","8004  >  36022 [ACK] Seq=137750 Ack=144 Win=65024 Len=1448 TSval=2916036430 TSecr=3045556203 [TCP segment of a reassembled PDU]"
"28862","32.349391440","192.168.1.55","192.168.1.2","TCP","1514","8004  >  36022 [ACK] Seq=139198 Ack=144 Win=65024 Len=1448 TSval=2916036430 TSecr=3045556203 [TCP segment of a reassembled PDU]"
"28863","32.349392533","192.168.1.55","192.168.1.2","TCP","1514","8004  >  36022 [ACK] Seq=140646 Ack=144 Win=65024 Len=1448 TSval=2916036430 TSecr=3045556203 [TCP segment of a reassembled PDU]"
"28864","32.349393718","192.168.1.55","192.168.1.2","TCP","1514","8004  >  36022 [ACK] Seq=142094 Ack=144 Win=65024 Len=1448 TSval=2916036430 TSecr=3045556203 [TCP segment of a reassembled PDU]"
"28865","32.349395107","192.168.1.55","192.168.1.2","TCP","1514","8004  >  36022 [ACK] Seq=143542 Ack=144 Win=65024 Len=1448 TSval=2916036430 TSecr=3045556203 [TCP segment of a reassembled PDU]"
"28866","32.349396570","192.168.1.55","192.168.1.2","TCP","1514","8004  >  36022 [ACK] Seq=144990 Ack=144 Win=65024 Len=1448 TSval=2916036430 TSecr=3045556203 [TCP segment of a reassembled PDU]"
"28867","32.349398014","192.168.1.55","192.168.1.2","TCP","1514","8004  >  36022 [ACK] Seq=146438 Ack=144 Win=65024 Len=1448 TSval=2916036430 TSecr=3045556203 [TCP segment of a reassembled PDU]"
"28868","32.349399199","192.168.1.55","192.168.1.2","TCP","1514","8004  >  36022 [ACK] Seq=147886 Ack=144 Win=65024 Len=1448 TSval=2916036430 TSecr=3045556203 [TCP segment of a reassembled PDU]"
"28869","32.349400329","192.168.1.55","192.168.1.2","TCP","1514","8004  >  36022 [ACK] Seq=149334 Ack=144 Win=65024 Len=1448 TSval=2916036430 TSecr=3045556203 [TCP segment of a reassembled PDU]"
"28870","32.349401718","192.168.1.55","192.168.1.2","TCP","1514","8004  >  36022 [ACK] Seq=150782 Ack=144 Win=65024 Len=1448 TSval=2916036430 TSecr=3045556203 [TCP segment of a reassembled PDU]"
"28871","32.349402959","192.168.1.55","192.168.1.2","TCP","1514","8004  >  36022 [ACK] Seq=152230 Ack=144 Win=65024 Len=1448 TSval=2916036430 TSecr=3045556203 [TCP segment of a reassembled PDU]"
"28872","32.349404162","192.168.1.55","192.168.1.2","TCP","1514","8004  >  36022 [ACK] Seq=153678 Ack=144 Win=65024 Len=1448 TSval=2916036430 TSecr=3045556203 [TCP segment of a reassembled PDU]"
"28873","32.349405255","192.168.1.55","192.168.1.2","TCP","1514","8004  >  36022 [ACK] Seq=155126 Ack=144 Win=65024 Len=1448 TSval=2916036430 TSecr=3045556203 [TCP segment of a reassembled PDU]"
"28874","32.349406440","192.168.1.55","192.168.1.2","TCP","1514","8004  >  36022 [ACK] Seq=156574 Ack=144 Win=65024 Len=1448 TSval=2916036430 TSecr=3045556203 [TCP segment of a reassembled PDU]"
"28875","32.349407644","192.168.1.55","192.168.1.2","TCP","1514","8004  >  36022 [ACK] Seq=158022 Ack=144 Win=65024 Len=1448 TSval=2916036430 TSecr=3045556203 [TCP segment of a reassembled PDU]"
"28876","32.349408755","192.168.1.55","192.168.1.2","TCP","1514","8004  >  36022 [PSH, ACK] Seq=159470 Ack=144 Win=65024 Len=1448 TSval=2916036430 TSecr=3045556203 [TCP segment of a reassembled PDU]"
"28877","32.349412366","192.168.1.2","192.168.1.55","TCP","66","36022  >  8004 [ACK] Seq=144 Ack=100102 Win=71680 Len=0 TSval=3045556204 TSecr=2916036425"
"28878","32.349440366","192.168.1.55","192.168.1.2","TCP","1514","8004  >  36022 [ACK] Seq=160918 Ack=144 Win=65024 Len=1448 TSval=2916036430 TSecr=3045556204 [TCP segment of a reassembled PDU]"
"28879","32.349444144","192.168.1.55","192.168.1.2","TCP","1514","8004  >  36022 [ACK] Seq=162366 Ack=144 Win=65024 Len=1448 TSval=2916036430 TSecr=3045556204 [TCP segment of a reassembled PDU]"
"28880","32.349445866","192.168.1.55","192.168.1.2","TCP","1514","8004  >  36022 [ACK] Seq=163814 Ack=144 Win=65024 Len=1448 TSval=2916036430 TSecr=3045556204 [TCP segment of a reassembled PDU]"
"28881","32.349454681","192.168.1.55","192.168.1.2","TCP","1514","8004  >  36022 [ACK] Seq=165262 Ack=144 Win=65024 Len=1448 TSval=2916036430 TSecr=3045556204 [TCP segment of a reassembled PDU]"
"28882","32.349456588","192.168.1.55","192.168.1.2","TCP","1514","8004  >  36022 [ACK] Seq=166710 Ack=144 Win=65024 Len=1448 TSval=2916036430 TSecr=3045556204 [TCP segment of a reassembled PDU]"
"28883","32.349457792","192.168.1.55","192.168.1.2","TCP","1514","8004  >  36022 [ACK] Seq=168158 Ack=144 Win=65024 Len=1448 TSval=2916036430 TSecr=3045556204 [TCP segment of a reassembled PDU]"
"28884","32.349458922","192.168.1.55","192.168.1.2","TCP","1514","8004  >  36022 [ACK] Seq=169606 Ack=144 Win=65024 Len=1448 TSval=2916036430 TSecr=3045556204 [TCP segment of a reassembled PDU]"
"28885","32.349460070","192.168.1.55","192.168.1.2","TCP","794","[TCP Window Full] 8004  >  36022 [PSH, ACK] Seq=171054 Ack=144 Win=65024 Len=728 TSval=2916036430 TSecr=3045556204 [TCP segment of a reassembled PDU]"
"28886","32.353895744","192.168.1.2","192.168.1.55","TCP","66","36022  >  8004 [ACK] Seq=144 Ack=105894 Win=83968 Len=0 TSval=3045556206 TSecr=2916036429"
"28887","32.353947040","192.168.1.55","192.168.1.2","TCP","1514","8004  >  36022 [ACK] Seq=171782 Ack=144 Win=65024 Len=1448 TSval=2916036434 TSecr=3045556206 [TCP segment of a reassembled PDU]"
"28888","32.353951521","192.168.1.55","192.168.1.2","TCP","1514","8004  >  36022 [ACK] Seq=173230 Ack=144 Win=65024 Len=1448 TSval=2916036434 TSecr=3045556206 [TCP segment of a reassembled PDU]"
"28889","32.353952688","192.168.1.55","192.168.1.2","TCP","1514","8004  >  36022 [ACK] Seq=174678 Ack=144 Win=65024 Len=1448 TSval=2916036434 TSecr=3045556206 [TCP segment of a reassembled PDU]"
"28890","32.353953929","192.168.1.55","192.168.1.2","TCP","1514","8004  >  36022 [ACK] Seq=176126 Ack=144 Win=65024 Len=1448 TSval=2916036434 TSecr=3045556206 [TCP segment of a reassembled PDU]"
"28891","32.353955170","192.168.1.55","192.168.1.2","TCP","1514","8004  >  36022 [ACK] Seq=177574 Ack=144 Win=65024 Len=1448 TSval=2916036434 TSecr=3045556206 [TCP segment of a reassembled PDU]"
"28892","32.353956355","192.168.1.55","192.168.1.2","TCP","1514","8004  >  36022 [ACK] Seq=179022 Ack=144 Win=65024 Len=1448 TSval=2916036434 TSecr=3045556206 [TCP segment of a reassembled PDU]"
"28893","32.353957744","192.168.1.55","192.168.1.2","TCP","1514","8004  >  36022 [ACK] Seq=180470 Ack=144 Win=65024 Len=1448 TSval=2916036434 TSecr=3045556206 [TCP segment of a reassembled PDU]"
"28894","32.353959114","192.168.1.55","192.168.1.2","TCP","1514","8004  >  36022 [ACK] Seq=181918 Ack=144 Win=65024 Len=1448 TSval=2916036434 TSecr=3045556206 [TCP segment of a reassembled PDU]"
"28895","32.353960207","192.168.1.55","192.168.1.2","TCP","1514","8004  >  36022 [ACK] Seq=183366 Ack=144 Win=65024 Len=1448 TSval=2916036434 TSecr=3045556206 [TCP segment of a reassembled PDU]"
"28896","32.353961355","192.168.1.55","192.168.1.2","TCP","1514","8004  >  36022 [ACK] Seq=184814 Ack=144 Win=65024 Len=1448 TSval=2916036434 TSecr=3045556206 [TCP segment of a reassembled PDU]"
"28897","32.353962595","192.168.1.55","192.168.1.2","TCP","1514","8004  >  36022 [ACK] Seq=186262 Ack=144 Win=65024 Len=1448 TSval=2916036434 TSecr=3045556206 [TCP segment of a reassembled PDU]"
"28898","32.353963818","192.168.1.55","192.168.1.2","TCP","1514","8004  >  36022 [PSH, ACK] Seq=187710 Ack=144 Win=65024 Len=1448 TSval=2916036434 TSecr=3045556206 [TCP segment of a reassembled PDU]"
"28899","32.357516083","192.168.1.2","192.168.1.55","TCP","66","36022  >  8004 [ACK] Seq=144 Ack=118926 Win=78848 Len=0 TSval=3045556209 TSecr=2916036430"
"28900","32.357536157","192.168.1.55","192.168.1.2","TCP","1514","8004  >  36022 [ACK] Seq=189158 Ack=144 Win=65024 Len=1448 TSval=2916036438 TSecr=3045556209 [TCP segment of a reassembled PDU]"
"28901","32.357539009","192.168.1.55","192.168.1.2","TCP","1514","8004  >  36022 [ACK] Seq=190606 Ack=144 Win=65024 Len=1448 TSval=2916036438 TSecr=3045556209 [TCP segment of a reassembled PDU]"
"28902","32.357540138","192.168.1.55","192.168.1.2","TCP","1514","8004  >  36022 [ACK] Seq=192054 Ack=144 Win=65024 Len=1448 TSval=2916036438 TSecr=3045556209 [TCP segment of a reassembled PDU]"
"28903","32.357541490","192.168.1.55","192.168.1.2","TCP","1514","8004  >  36022 [ACK] Seq=193502 Ack=144 Win=65024 Len=1448 TSval=2916036438 TSecr=3045556209 [TCP segment of a reassembled PDU]"
"28904","32.357542601","192.168.1.55","192.168.1.2","TCP","1514","8004  >  36022 [PSH, ACK] Seq=194950 Ack=144 Win=65024 Len=1448 TSval=2916036438 TSecr=3045556209 [TCP segment of a reassembled PDU]"
"28905","32.357847342","192.168.1.2","192.168.1.55","TCP","66","36022  >  8004 [ACK] Seq=144 Ack=160918 Win=53248 Len=0 TSval=3045556210 TSecr=2916036430"
"28906","32.357865528","192.168.1.55","192.168.1.2","TCP","1514","8004  >  36022 [ACK] Seq=196398 Ack=144 Win=65024 Len=1448 TSval=2916036438 TSecr=3045556210 [TCP segment of a reassembled PDU]"
"28907","32.357867842","192.168.1.55","192.168.1.2","TCP","1514","8004  >  36022 [ACK] Seq=197846 Ack=144 Win=65024 Len=1448 TSval=2916036438 TSecr=3045556210 [TCP segment of a reassembled PDU]"
"28908","32.357868916","192.168.1.55","192.168.1.2","TCP","1514","8004  >  36022 [ACK] Seq=199294 Ack=144 Win=65024 Len=1448 TSval=2916036438 TSecr=3045556210 [TCP segment of a reassembled PDU]"
"28909","32.357870787","192.168.1.55","192.168.1.2","TCP","1514","8004  >  36022 [ACK] Seq=200742 Ack=144 Win=65024 Len=1448 TSval=2916036438 TSecr=3045556210 [TCP segment of a reassembled PDU]"
"28910","32.357872009","192.168.1.55","192.168.1.2","TCP","1514","8004  >  36022 [ACK] Seq=202190 Ack=144 Win=65024 Len=1448 TSval=2916036438 TSecr=3045556210 [TCP segment of a reassembled PDU]"
"28911","32.357873435","192.168.1.55","192.168.1.2","TCP","1514","8004  >  36022 [PSH, ACK] Seq=203638 Ack=144 Win=65024 Len=1448 TSval=2916036438 TSecr=3045556210 [TCP segment of a reassembled PDU]"
"28912","32.357879028","192.168.1.55","192.168.1.2","TCP","786","8004  >  36022 [PSH, ACK] Seq=205086 Ack=144 Win=65024 Len=720 TSval=2916036438 TSecr=3045556210 [TCP segment of a reassembled PDU]"
"28913","32.357882398","192.168.1.2","192.168.1.55","TCP","66","36022  >  8004 [ACK] Seq=144 Ack=162366 Win=52224 Len=0 TSval=3045556210 TSecr=2916036430"
"28914","32.360283976","192.168.1.2","192.168.1.55","TCP","66","36022  >  8004 [ACK] Seq=144 Ack=171782 Win=81920 Len=0 TSval=3045556211 TSecr=2916036430"
"28915","32.360331383","192.168.1.55","192.168.1.2","TCP","1514","8004  >  36022 [ACK] Seq=205806 Ack=144 Win=65024 Len=1448 TSval=2916036441 TSecr=3045556211 [TCP segment of a reassembled PDU]"
"28916","32.360334087","192.168.1.55","192.168.1.2","TCP","1514","8004  >  36022 [ACK] Seq=207254 Ack=144 Win=65024 Len=1448 TSval=2916036441 TSecr=3045556211 [TCP segment of a reassembled PDU]"
"28917","32.360335217","192.168.1.55","192.168.1.2","TCP","1514","8004  >  36022 [ACK] Seq=208702 Ack=144 Win=65024 Len=1448 TSval=2916036441 TSecr=3045556211 [TCP segment of a reassembled PDU]"
"28918","32.360336346","192.168.1.55","192.168.1.2","TCP","1514","8004  >  36022 [ACK] Seq=210150 Ack=144 Win=65024 Len=1448 TSval=2916036441 TSecr=3045556211 [TCP segment of a reassembled PDU]"
"28919","32.360337698","192.168.1.55","192.168.1.2","TCP","1514","8004  >  36022 [ACK] Seq=211598 Ack=144 Win=65024 Len=1448 TSval=2916036441 TSecr=3045556211 [TCP segment of a reassembled PDU]"
"28920","32.360338865","192.168.1.55","192.168.1.2","TCP","1514","8004  >  36022 [ACK] Seq=213046 Ack=144 Win=65024 Len=1448 TSval=2916036441 TSecr=3045556211 [TCP segment of a reassembled PDU]"
"28921","32.360339957","192.168.1.55","192.168.1.2","TCP","1514","8004  >  36022 [ACK] Seq=214494 Ack=144 Win=65024 Len=1448 TSval=2916036441 TSecr=3045556211 [TCP segment of a reassembled PDU]"
"28922","32.360341198","192.168.1.55","192.168.1.2","TCP","1514","8004  >  36022 [ACK] Seq=215942 Ack=144 Win=65024 Len=1448 TSval=2916036441 TSecr=3045556211 [TCP segment of a reassembled PDU]"
"28923","32.360342254","192.168.1.55","192.168.1.2","TCP","1514","8004  >  36022 [ACK] Seq=217390 Ack=144 Win=65024 Len=1448 TSval=2916036441 TSecr=3045556211 [TCP segment of a reassembled PDU]"
"28924","32.360343754","192.168.1.55","192.168.1.2","TCP","1514","8004  >  36022 [ACK] Seq=218838 Ack=144 Win=65024 Len=1448 TSval=2916036441 TSecr=3045556211 [TCP segment of a reassembled PDU]"
"28925","32.360344939","192.168.1.55","192.168.1.2","TCP","1514","8004  >  36022 [ACK] Seq=220286 Ack=144 Win=65024 Len=1448 TSval=2916036441 TSecr=3045556211 [TCP segment of a reassembled PDU]"
"28926","32.360346143","192.168.1.55","192.168.1.2","TCP","1514","8004  >  36022 [ACK] Seq=221734 Ack=144 Win=65024 Len=1448 TSval=2916036441 TSecr=3045556211 [TCP segment of a reassembled PDU]"
"28927","32.360347402","192.168.1.55","192.168.1.2","TCP","1514","8004  >  36022 [ACK] Seq=223182 Ack=144 Win=65024 Len=1448 TSval=2916036441 TSecr=3045556211 [TCP segment of a reassembled PDU]"
"28928","32.360348569","192.168.1.55","192.168.1.2","TCP","1514","8004  >  36022 [ACK] Seq=224630 Ack=144 Win=65024 Len=1448 TSval=2916036441 TSecr=3045556211 [TCP segment of a reassembled PDU]"
"28929","32.360349883","192.168.1.55","192.168.1.2","TCP","1514","8004  >  36022 [ACK] Seq=226078 Ack=144 Win=65024 Len=1448 TSval=2916036441 TSecr=3045556211 [TCP segment of a reassembled PDU]"
"28930","32.360351013","192.168.1.55","192.168.1.2","TCP","1514","8004  >  36022 [ACK] Seq=227526 Ack=144 Win=65024 Len=1448 TSval=2916036441 TSecr=3045556211 [TCP segment of a reassembled PDU]"
"28931","32.360352143","192.168.1.55","192.168.1.2","TCP","1514","8004  >  36022 [ACK] Seq=228974 Ack=144 Win=65024 Len=1448 TSval=2916036441 TSecr=3045556211 [TCP segment of a reassembled PDU]"
"28932","32.360353346","192.168.1.55","192.168.1.2","TCP","1514","8004  >  36022 [ACK] Seq=230422 Ack=144 Win=65024 Len=1448 TSval=2916036441 TSecr=3045556211 [TCP segment of a reassembled PDU]"
"28933","32.360354439","192.168.1.55","192.168.1.2","TCP","1514","8004  >  36022 [ACK] Seq=231870 Ack=144 Win=65024 Len=1448 TSval=2916036441 TSecr=3045556211 [TCP segment of a reassembled PDU]"
"28934","32.360355698","192.168.1.55","192.168.1.2","TCP","1514","8004  >  36022 [ACK] Seq=233318 Ack=144 Win=65024 Len=1448 TSval=2916036441 TSecr=3045556211 [TCP segment of a reassembled PDU]"
"28935","32.360356828","192.168.1.55","192.168.1.2","TCP","1514","8004  >  36022 [ACK] Seq=234766 Ack=144 Win=65024 Len=1448 TSval=2916036441 TSecr=3045556211 [TCP segment of a reassembled PDU]"
"28936","32.360358106","192.168.1.55","192.168.1.2","TCP","1514","8004  >  36022 [ACK] Seq=236214 Ack=144 Win=65024 Len=1448 TSval=2916036441 TSecr=3045556211 [TCP segment of a reassembled PDU]"
"28937","32.360359994","192.168.1.55","192.168.1.2","TCP","1514","8004  >  36022 [ACK] Seq=237662 Ack=144 Win=65024 Len=1448 TSval=2916036441 TSecr=3045556211 [TCP segment of a reassembled PDU]"
"28938","32.360361439","192.168.1.55","192.168.1.2","TCP","1514","8004  >  36022 [ACK] Seq=239110 Ack=144 Win=65024 Len=1448 TSval=2916036441 TSecr=3045556211 [TCP segment of a reassembled PDU]"
"28939","32.360362606","192.168.1.55","192.168.1.2","TCP","1514","8004  >  36022 [ACK] Seq=240558 Ack=144 Win=65024 Len=1448 TSval=2916036441 TSecr=3045556211 [TCP segment of a reassembled PDU]"
"28940","32.360363717","192.168.1.55","192.168.1.2","TCP","1514","8004  >  36022 [ACK] Seq=242006 Ack=144 Win=65024 Len=1448 TSval=2916036441 TSecr=3045556211 [TCP segment of a reassembled PDU]"
"28941","32.360364846","192.168.1.55","192.168.1.2","TCP","1514","8004  >  36022 [ACK] Seq=243454 Ack=144 Win=65024 Len=1448 TSval=2916036441 TSecr=3045556211 [TCP segment of a reassembled PDU]"
"28942","32.360366013","192.168.1.55","192.168.1.2","TCP","1514","8004  >  36022 [ACK] Seq=244902 Ack=144 Win=65024 Len=1448 TSval=2916036441 TSecr=3045556211 [TCP segment of a reassembled PDU]"
"28943","32.360367383","192.168.1.55","192.168.1.2","TCP","1514","8004  >  36022 [ACK] Seq=246350 Ack=144 Win=65024 Len=1448 TSval=2916036441 TSecr=3045556211 [TCP segment of a reassembled PDU]"
"28944","32.360368532","192.168.1.55","192.168.1.2","TCP","1514","8004  >  36022 [ACK] Seq=247798 Ack=144 Win=65024 Len=1448 TSval=2916036441 TSecr=3045556211 [TCP segment of a reassembled PDU]"
"28945","32.360369717","192.168.1.55","192.168.1.2","TCP","1514","8004  >  36022 [PSH, ACK] Seq=249246 Ack=144 Win=65024 Len=1448 TSval=2916036441 TSecr=3045556211 [TCP segment of a reassembled PDU]"
"28946","32.360448143","192.168.1.2","192.168.1.55","TCP","66","36022  >  8004 [ACK] Seq=144 Ack=186262 Win=75776 Len=0 TSval=3045556213 TSecr=2916036434"
"28947","32.360455495","192.168.1.2","192.168.1.55","TCP","66","36022  >  8004 [ACK] Seq=144 Ack=187710 Win=94208 Len=0 TSval=3045556214 TSecr=2916036434"
"28948","32.360459309","192.168.1.2","192.168.1.55","TCP","66","36022  >  8004 [ACK] Seq=144 Ack=189158 Win=97280 Len=0 TSval=3045556214 TSecr=2916036434"
"28949","32.360498921","192.168.1.55","192.168.1.2","TCP","1514","8004  >  36022 [ACK] Seq=250694 Ack=144 Win=65024 Len=1448 TSval=2916036441 TSecr=3045556214 [TCP segment of a reassembled PDU]"
"28950","32.360501217","192.168.1.55","192.168.1.2","TCP","1514","8004  >  36022 [ACK] Seq=252142 Ack=144 Win=65024 Len=1448 TSval=2916036441 TSecr=3045556214 [TCP segment of a reassembled PDU]"
"28951","32.360502513","192.168.1.55","192.168.1.2","TCP","1514","8004  >  36022 [ACK] Seq=253590 Ack=144 Win=65024 Len=1448 TSval=2916036441 TSecr=3045556214 [TCP segment of a reassembled PDU]"
"28952","32.360503643","192.168.1.55","192.168.1.2","TCP","1514","8004  >  36022 [ACK] Seq=255038 Ack=144 Win=65024 Len=1448 TSval=2916036441 TSecr=3045556214 [TCP segment of a reassembled PDU]"
"28953","32.360504958","192.168.1.55","192.168.1.2","TCP","1514","8004  >  36022 [ACK] Seq=256486 Ack=144 Win=65024 Len=1448 TSval=2916036441 TSecr=3045556214 [TCP segment of a reassembled PDU]"
"28954","32.360506365","192.168.1.55","192.168.1.2","TCP","1514","8004  >  36022 [ACK] Seq=257934 Ack=144 Win=65024 Len=1448 TSval=2916036441 TSecr=3045556214 [TCP segment of a reassembled PDU]"
"28955","32.360508402","192.168.1.55","192.168.1.2","TCP","1514","8004  >  36022 [ACK] Seq=259382 Ack=144 Win=65024 Len=1448 TSval=2916036441 TSecr=3045556214 [TCP segment of a reassembled PDU]"
"28956","32.360509513","192.168.1.55","192.168.1.2","TCP","1514","8004  >  36022 [ACK] Seq=260830 Ack=144 Win=65024 Len=1448 TSval=2916036441 TSecr=3045556214 [TCP segment of a reassembled PDU]"
"28957","32.360510698","192.168.1.55","192.168.1.2","TCP","1514","8004  >  36022 [ACK] Seq=262278 Ack=144 Win=65024 Len=1448 TSval=2916036441 TSecr=3045556214 [TCP segment of a reassembled PDU]"
"28958","32.360512161","192.168.1.55","192.168.1.2","TCP","1514","8004  >  36022 [ACK] Seq=263726 Ack=144 Win=65024 Len=1448 TSval=2916036441 TSecr=3045556214 [TCP segment of a reassembled PDU]"
"28959","32.360513439","192.168.1.55","192.168.1.2","TCP","1514","8004  >  36022 [ACK] Seq=265174 Ack=144 Win=65024 Len=1448 TSval=2916036441 TSecr=3045556214 [TCP segment of a reassembled PDU]"
"28960","32.360514717","192.168.1.55","192.168.1.2","TCP","1514","8004  >  36022 [ACK] Seq=266622 Ack=144 Win=65024 Len=1448 TSval=2916036441 TSecr=3045556214 [TCP segment of a reassembled PDU]"
"28961","32.360515958","192.168.1.55","192.168.1.2","TCP","1514","8004  >  36022 [ACK] Seq=268070 Ack=144 Win=65024 Len=1448 TSval=2916036441 TSecr=3045556214 [TCP segment of a reassembled PDU]"
"28962","32.360517254","192.168.1.55","192.168.1.2","TCP","1514","8004  >  36022 [ACK] Seq=269518 Ack=144 Win=65024 Len=1448 TSval=2916036441 TSecr=3045556214 [TCP segment of a reassembled PDU]"
"28963","32.360518643","192.168.1.55","192.168.1.2","TCP","1514","8004  >  36022 [ACK] Seq=270966 Ack=144 Win=65024 Len=1448 TSval=2916036441 TSecr=3045556214 [TCP segment of a reassembled PDU]"
"28964","32.360520013","192.168.1.55","192.168.1.2","TCP","1514","8004  >  36022 [ACK] Seq=272414 Ack=144 Win=65024 Len=1448 TSval=2916036441 TSecr=3045556214 [TCP segment of a reassembled PDU]"
"28965","32.360521291","192.168.1.55","192.168.1.2","TCP","1514","8004  >  36022 [ACK] Seq=273862 Ack=144 Win=65024 Len=1448 TSval=2916036441 TSecr=3045556214 [TCP segment of a reassembled PDU]"
"28966","32.360522550","192.168.1.55","192.168.1.2","TCP","1514","8004  >  36022 [ACK] Seq=275310 Ack=144 Win=65024 Len=1448 TSval=2916036441 TSecr=3045556214 [TCP segment of a reassembled PDU]"
"28967","32.360523976","192.168.1.55","192.168.1.2","TCP","1514","8004  >  36022 [ACK] Seq=276758 Ack=144 Win=65024 Len=1448 TSval=2916036441 TSecr=3045556214 [TCP segment of a reassembled PDU]"
"28968","32.360525217","192.168.1.55","192.168.1.2","TCP","1514","8004  >  36022 [ACK] Seq=278206 Ack=144 Win=65024 Len=1448 TSval=2916036441 TSecr=3045556214 [TCP segment of a reassembled PDU]"
"28969","32.360526495","192.168.1.55","192.168.1.2","TCP","1514","8004  >  36022 [ACK] Seq=279654 Ack=144 Win=65024 Len=1448 TSval=2916036441 TSecr=3045556214 [TCP segment of a reassembled PDU]"
"28970","32.360527847","192.168.1.55","192.168.1.2","TCP","1514","8004  >  36022 [ACK] Seq=281102 Ack=144 Win=65024 Len=1448 TSval=2916036441 TSecr=3045556214 [TCP segment of a reassembled PDU]"
"28971","32.360529791","192.168.1.55","192.168.1.2","TCP","1514","8004  >  36022 [ACK] Seq=282550 Ack=144 Win=65024 Len=1448 TSval=2916036441 TSecr=3045556214 [TCP segment of a reassembled PDU]"
"28972","32.360530921","192.168.1.55","192.168.1.2","TCP","1514","8004  >  36022 [PSH, ACK] Seq=283998 Ack=144 Win=65024 Len=1448 TSval=2916036441 TSecr=3045556214 [TCP segment of a reassembled PDU]"
"28973","32.371499586","192.168.1.2","192.168.1.55","TCP","66","36022  >  8004 [ACK] Seq=144 Ack=196398 Win=111616 Len=0 TSval=3045556217 TSecr=2916036438"
"28974","32.371556346","192.168.1.55","192.168.1.2","TCP","1514","8004  >  36022 [ACK] Seq=285446 Ack=144 Win=65024 Len=1448 TSval=2916036452 TSecr=3045556217 [TCP segment of a reassembled PDU]"
"28975","32.371561271","192.168.1.55","192.168.1.2","TCP","1514","8004  >  36022 [ACK] Seq=286894 Ack=144 Win=65024 Len=1448 TSval=2916036452 TSecr=3045556217 [TCP segment of a reassembled PDU]"
"28976","32.371562234","192.168.1.55","192.168.1.2","TCP","1514","8004  >  36022 [ACK] Seq=288342 Ack=144 Win=65024 Len=1448 TSval=2916036452 TSecr=3045556217 [TCP segment of a reassembled PDU]"
"28977","32.371563234","192.168.1.55","192.168.1.2","TCP","1514","8004  >  36022 [ACK] Seq=289790 Ack=144 Win=65024 Len=1448 TSval=2916036452 TSecr=3045556217 [TCP segment of a reassembled PDU]"
"28978","32.371564253","192.168.1.55","192.168.1.2","TCP","1514","8004  >  36022 [ACK] Seq=291238 Ack=144 Win=65024 Len=1448 TSval=2916036452 TSecr=3045556217 [TCP segment of a reassembled PDU]"
"28979","32.371565216","192.168.1.55","192.168.1.2","TCP","1514","8004  >  36022 [ACK] Seq=292686 Ack=144 Win=65024 Len=1448 TSval=2916036452 TSecr=3045556217 [TCP segment of a reassembled PDU]"
"28980","32.371566197","192.168.1.55","192.168.1.2","TCP","1514","8004  >  36022 [PSH, ACK] Seq=294134 Ack=144 Win=65024 Len=1448 TSval=2916036452 TSecr=3045556217 [TCP segment of a reassembled PDU]"
"28981","32.371662772","192.168.1.2","192.168.1.55","TCP","66","36022  >  8004 [ACK] Seq=144 Ack=205086 Win=129024 Len=0 TSval=3045556217 TSecr=2916036438"
"28982","32.371682753","192.168.1.2","192.168.1.55","TCP","66","36022  >  8004 [ACK] Seq=144 Ack=205806 Win=132096 Len=0 TSval=3045556217 TSecr=2916036438"
"28983","32.371686790","192.168.1.2","192.168.1.55","TCP","66","36022  >  8004 [ACK] Seq=144 Ack=236214 Win=126976 Len=0 TSval=3045556221 TSecr=2916036441"
"28984","32.371731031","192.168.1.55","192.168.1.2","TCP","1514","8004  >  36022 [ACK] Seq=295582 Ack=144 Win=65024 Len=1448 TSval=2916036452 TSecr=3045556221 [TCP segment of a reassembled PDU]"
"28985","32.371733438","192.168.1.55","192.168.1.2","TCP","1514","8004  >  36022 [ACK] Seq=297030 Ack=144 Win=65024 Len=1448 TSval=2916036452 TSecr=3045556221 [TCP segment of a reassembled PDU]"
"28986","32.371734401","192.168.1.55","192.168.1.2","TCP","1514","8004  >  36022 [ACK] Seq=298478 Ack=144 Win=65024 Len=1448 TSval=2916036452 TSecr=3045556221 [TCP segment of a reassembled PDU]"
"28987","32.371735568","192.168.1.55","192.168.1.2","TCP","1514","8004  >  36022 [ACK] Seq=299926 Ack=144 Win=65024 Len=1448 TSval=2916036452 TSecr=3045556221 [TCP segment of a reassembled PDU]"
"28988","32.371736661","192.168.1.55","192.168.1.2","TCP","1514","8004  >  36022 [ACK] Seq=301374 Ack=144 Win=65024 Len=1448 TSval=2916036452 TSecr=3045556221 [TCP segment of a reassembled PDU]"
"28989","32.371737883","192.168.1.55","192.168.1.2","TCP","1514","8004  >  36022 [ACK] Seq=302822 Ack=144 Win=65024 Len=1448 TSval=2916036452 TSecr=3045556221 [TCP segment of a reassembled PDU]"
"28990","32.371738809","192.168.1.55","192.168.1.2","TCP","1514","8004  >  36022 [ACK] Seq=304270 Ack=144 Win=65024 Len=1448 TSval=2916036452 TSecr=3045556221 [TCP segment of a reassembled PDU]"
"28991","32.371739846","192.168.1.55","192.168.1.2","TCP","1514","8004  >  36022 [ACK] Seq=305718 Ack=144 Win=65024 Len=1448 TSval=2916036452 TSecr=3045556221 [TCP segment of a reassembled PDU]"
"28992","32.371740846","192.168.1.55","192.168.1.2","TCP","1514","8004  >  36022 [ACK] Seq=307166 Ack=144 Win=65024 Len=1448 TSval=2916036452 TSecr=3045556221 [TCP segment of a reassembled PDU]"
"28993","32.371741753","192.168.1.55","192.168.1.2","TCP","1514","8004  >  36022 [ACK] Seq=308614 Ack=144 Win=65024 Len=1448 TSval=2916036452 TSecr=3045556221 [TCP segment of a reassembled PDU]"
"28994","32.371742679","192.168.1.55","192.168.1.2","TCP","1514","8004  >  36022 [ACK] Seq=310062 Ack=144 Win=65024 Len=1448 TSval=2916036452 TSecr=3045556221 [TCP segment of a reassembled PDU]"
"28995","32.371743716","192.168.1.55","192.168.1.2","TCP","1514","8004  >  36022 [ACK] Seq=311510 Ack=144 Win=65024 Len=1448 TSval=2916036452 TSecr=3045556221 [TCP segment of a reassembled PDU]"
"28996","32.371744716","192.168.1.55","192.168.1.2","TCP","1514","8004  >  36022 [ACK] Seq=312958 Ack=144 Win=65024 Len=1448 TSval=2916036452 TSecr=3045556221 [TCP segment of a reassembled PDU]"
"28997","32.371745809","192.168.1.55","192.168.1.2","TCP","1514","8004  >  36022 [ACK] Seq=314406 Ack=144 Win=65024 Len=1448 TSval=2916036452 TSecr=3045556221 [TCP segment of a reassembled PDU]"
"28998","32.371746883","192.168.1.55","192.168.1.2","TCP","1514","8004  >  36022 [ACK] Seq=315854 Ack=144 Win=65024 Len=1448 TSval=2916036452 TSecr=3045556221 [TCP segment of a reassembled PDU]"
"28999","32.371747846","192.168.1.55","192.168.1.2","TCP","1514","8004  >  36022 [ACK] Seq=317302 Ack=144 Win=65024 Len=1448 TSval=2916036452 TSecr=3045556221 [TCP segment of a reassembled PDU]"
"29000","32.371748901","192.168.1.55","192.168.1.2","TCP","1514","8004  >  36022 [ACK] Seq=318750 Ack=144 Win=65024 Len=1448 TSval=2916036452 TSecr=3045556221 [TCP segment of a reassembled PDU]"
"29001","32.371749883","192.168.1.55","192.168.1.2","TCP","1514","8004  >  36022 [ACK] Seq=320198 Ack=144 Win=65024 Len=1448 TSval=2916036452 TSecr=3045556221 [TCP segment of a reassembled PDU]"
"29002","32.371750957","192.168.1.55","192.168.1.2","TCP","1514","8004  >  36022 [ACK] Seq=321646 Ack=144 Win=65024 Len=1448 TSval=2916036452 TSecr=3045556221 [TCP segment of a reassembled PDU]"
"29003","32.371752290","192.168.1.55","192.168.1.2","TCP","1514","8004  >  36022 [ACK] Seq=323094 Ack=144 Win=65024 Len=1448 TSval=2916036452 TSecr=3045556221 [TCP segment of a reassembled PDU]"
"29004","32.371753272","192.168.1.55","192.168.1.2","TCP","1514","8004  >  36022 [ACK] Seq=324542 Ack=144 Win=65024 Len=1448 TSval=2916036452 TSecr=3045556221 [TCP segment of a reassembled PDU]"
"29005","32.371754513","192.168.1.55","192.168.1.2","TCP","1514","8004  >  36022 [ACK] Seq=325990 Ack=144 Win=65024 Len=1448 TSval=2916036452 TSecr=3045556221 [TCP segment of a reassembled PDU]"
"29006","32.371755846","192.168.1.55","192.168.1.2","TCP","1514","8004  >  36022 [ACK] Seq=327438 Ack=144 Win=65024 Len=1448 TSval=2916036452 TSecr=3045556221 [TCP segment of a reassembled PDU]"
"29007","32.371757013","192.168.1.55","192.168.1.2","TCP","1514","8004  >  36022 [ACK] Seq=328886 Ack=144 Win=65024 Len=1448 TSval=2916036452 TSecr=3045556221 [TCP segment of a reassembled PDU]"
"29008","32.371758013","192.168.1.55","192.168.1.2","TCP","1514","8004  >  36022 [ACK] Seq=330334 Ack=144 Win=65024 Len=1448 TSval=2916036452 TSecr=3045556221 [TCP segment of a reassembled PDU]"
"29009","32.371759013","192.168.1.55","192.168.1.2","TCP","1514","8004  >  36022 [ACK] Seq=331782 Ack=144 Win=65024 Len=1448 TSval=2916036452 TSecr=3045556221 [TCP segment of a reassembled PDU]"
"29010","32.371760475","192.168.1.55","192.168.1.2","TCP","1514","8004  >  36022 [ACK] Seq=333230 Ack=144 Win=65024 Len=1448 TSval=2916036452 TSecr=3045556221 [TCP segment of a reassembled PDU]"
"29011","32.371761475","192.168.1.55","192.168.1.2","TCP","1514","8004  >  36022 [ACK] Seq=334678 Ack=144 Win=65024 Len=1448 TSval=2916036452 TSecr=3045556221 [TCP segment of a reassembled PDU]"
"29012","32.371762420","192.168.1.55","192.168.1.2","TCP","1514","8004  >  36022 [ACK] Seq=336126 Ack=144 Win=65024 Len=1448 TSval=2916036452 TSecr=3045556221 [TCP segment of a reassembled PDU]"
"29013","32.371763383","192.168.1.55","192.168.1.2","TCP","1514","8004  >  36022 [ACK] Seq=337574 Ack=144 Win=65024 Len=1448 TSval=2916036452 TSecr=3045556221 [TCP segment of a reassembled PDU]"
"29014","32.371764494","192.168.1.55","192.168.1.2","TCP","1514","8004  >  36022 [PSH, ACK] Seq=339022 Ack=144 Win=65024 Len=1448 TSval=2916036452 TSecr=3045556221 [TCP segment of a reassembled PDU]"
"29015","32.371768679","192.168.1.2","192.168.1.55","TCP","66","36022  >  8004 [ACK] Seq=144 Ack=250694 Win=143360 Len=0 TSval=3045556221 TSecr=2916036441"
"29016","32.371809883","192.168.1.55","192.168.1.2","TCP","1514","8004  >  36022 [ACK] Seq=340470 Ack=144 Win=65024 Len=1448 TSval=2916036452 TSecr=3045556221 [TCP segment of a reassembled PDU]"
"29017","32.371811994","192.168.1.55","192.168.1.2","TCP","1514","8004  >  36022 [ACK] Seq=341918 Ack=144 Win=65024 Len=1448 TSval=2916036452 TSecr=3045556221 [TCP segment of a reassembled PDU]"
"29018","32.371812901","192.168.1.55","192.168.1.2","TCP","1514","8004  >  36022 [ACK] Seq=343366 Ack=144 Win=65024 Len=1448 TSval=2916036452 TSecr=3045556221 [TCP segment of a reassembled PDU]"
"29019","32.371813846","192.168.1.55","192.168.1.2","TCP","1514","8004  >  36022 [ACK] Seq=344814 Ack=144 Win=65024 Len=1448 TSval=2916036452 TSecr=3045556221 [TCP segment of a reassembled PDU]"
"29020","32.371814772","192.168.1.55","192.168.1.2","TCP","1514","8004  >  36022 [ACK] Seq=346262 Ack=144 Win=65024 Len=1448 TSval=2916036452 TSecr=3045556221 [TCP segment of a reassembled PDU]"
"29021","32.371815753","192.168.1.55","192.168.1.2","TCP","1514","8004  >  36022 [ACK] Seq=347710 Ack=144 Win=65024 Len=1448 TSval=2916036452 TSecr=3045556221 [TCP segment of a reassembled PDU]"
"29022","32.371816753","192.168.1.55","192.168.1.2","TCP","1514","8004  >  36022 [ACK] Seq=349158 Ack=144 Win=65024 Len=1448 TSval=2916036452 TSecr=3045556221 [TCP segment of a reassembled PDU]"
"29023","32.371817624","192.168.1.55","192.168.1.2","TCP","1514","8004  >  36022 [ACK] Seq=350606 Ack=144 Win=65024 Len=1448 TSval=2916036452 TSecr=3045556221 [TCP segment of a reassembled PDU]"
"29024","32.371818735","192.168.1.55","192.168.1.2","TCP","1514","8004  >  36022 [ACK] Seq=352054 Ack=144 Win=65024 Len=1448 TSval=2916036452 TSecr=3045556221 [TCP segment of a reassembled PDU]"
"29025","32.371819939","192.168.1.55","192.168.1.2","TCP","1514","8004  >  36022 [ACK] Seq=353502 Ack=144 Win=65024 Len=1448 TSval=2916036452 TSecr=3045556221 [TCP segment of a reassembled PDU]"
"29026","32.371820939","192.168.1.55","192.168.1.2","TCP","1514","8004  >  36022 [ACK] Seq=354950 Ack=144 Win=65024 Len=1448 TSval=2916036452 TSecr=3045556221 [TCP segment of a reassembled PDU]"
"29027","32.371821957","192.168.1.55","192.168.1.2","TCP","1514","8004  >  36022 [ACK] Seq=356398 Ack=144 Win=65024 Len=1448 TSval=2916036452 TSecr=3045556221 [TCP segment of a reassembled PDU]"
"29028","32.371823198","192.168.1.55","192.168.1.2","TCP","1514","8004  >  36022 [ACK] Seq=357846 Ack=144 Win=65024 Len=1448 TSval=2916036452 TSecr=3045556221 [TCP segment of a reassembled PDU]"
"29029","32.371824198","192.168.1.55","192.168.1.2","TCP","1514","8004  >  36022 [ACK] Seq=359294 Ack=144 Win=65024 Len=1448 TSval=2916036452 TSecr=3045556221 [TCP segment of a reassembled PDU]"
"29030","32.371825105","192.168.1.55","192.168.1.2","TCP","1514","8004  >  36022 [ACK] Seq=360742 Ack=144 Win=65024 Len=1448 TSval=2916036452 TSecr=3045556221 [TCP segment of a reassembled PDU]"
"29031","32.371826216","192.168.1.55","192.168.1.2","TCP","1514","8004  >  36022 [ACK] Seq=362190 Ack=144 Win=65024 Len=1448 TSval=2916036452 TSecr=3045556221 [TCP segment of a reassembled PDU]"
"29032","32.371827105","192.168.1.55","192.168.1.2","TCP","1514","8004  >  36022 [ACK] Seq=363638 Ack=144 Win=65024 Len=1448 TSval=2916036452 TSecr=3045556221 [TCP segment of a reassembled PDU]"
"29033","32.371828013","192.168.1.55","192.168.1.2","TCP","1514","8004  >  36022 [ACK] Seq=365086 Ack=144 Win=65024 Len=1448 TSval=2916036452 TSecr=3045556221 [TCP segment of a reassembled PDU]"
"29034","32.371829198","192.168.1.55","192.168.1.2","TCP","1514","8004  >  36022 [ACK] Seq=366534 Ack=144 Win=65024 Len=1448 TSval=2916036452 TSecr=3045556221 [TCP segment of a reassembled PDU]"
"29035","32.371830087","192.168.1.55","192.168.1.2","TCP","1514","8004  >  36022 [ACK] Seq=367982 Ack=144 Win=65024 Len=1448 TSval=2916036452 TSecr=3045556221 [TCP segment of a reassembled PDU]"
"29036","32.371831161","192.168.1.55","192.168.1.2","TCP","1514","8004  >  36022 [ACK] Seq=369430 Ack=144 Win=65024 Len=1448 TSval=2916036452 TSecr=3045556221 [TCP segment of a reassembled PDU]"
"29037","32.371832309","192.168.1.55","192.168.1.2","TCP","1514","8004  >  36022 [ACK] Seq=370878 Ack=144 Win=65024 Len=1448 TSval=2916036452 TSecr=3045556221 [TCP segment of a reassembled PDU]"
"29038","32.371833216","192.168.1.55","192.168.1.2","TCP","1514","8004  >  36022 [ACK] Seq=372326 Ack=144 Win=65024 Len=1448 TSval=2916036452 TSecr=3045556221 [TCP segment of a reassembled PDU]"
"29039","32.371834235","192.168.1.55","192.168.1.2","TCP","1514","8004  >  36022 [ACK] Seq=373774 Ack=144 Win=65024 Len=1448 TSval=2916036452 TSecr=3045556221 [TCP segment of a reassembled PDU]"
"29040","32.371835161","192.168.1.55","192.168.1.2","TCP","1514","8004  >  36022 [ACK] Seq=375222 Ack=144 Win=65024 Len=1448 TSval=2916036452 TSecr=3045556221 [TCP segment of a reassembled PDU]"
"29041","32.371836198","192.168.1.55","192.168.1.2","TCP","1514","8004  >  36022 [ACK] Seq=376670 Ack=144 Win=65024 Len=1448 TSval=2916036452 TSecr=3045556221 [TCP segment of a reassembled PDU]"
"29042","32.371837105","192.168.1.55","192.168.1.2","TCP","1514","8004  >  36022 [ACK] Seq=378118 Ack=144 Win=65024 Len=1448 TSval=2916036452 TSecr=3045556221 [TCP segment of a reassembled PDU]"
"29043","32.371838050","192.168.1.55","192.168.1.2","TCP","1514","8004  >  36022 [ACK] Seq=379566 Ack=144 Win=65024 Len=1448 TSval=2916036452 TSecr=3045556221 [TCP segment of a reassembled PDU]"
"29044","32.371839050","192.168.1.55","192.168.1.2","TCP","1514","8004  >  36022 [ACK] Seq=381014 Ack=144 Win=65024 Len=1448 TSval=2916036452 TSecr=3045556221 [TCP segment of a reassembled PDU]"
"29045","32.371839976","192.168.1.55","192.168.1.2","TCP","1514","8004  >  36022 [ACK] Seq=382462 Ack=144 Win=65024 Len=1448 TSval=2916036452 TSecr=3045556221 [TCP segment of a reassembled PDU]"
"29046","32.371841050","192.168.1.55","192.168.1.2","TCP","1514","8004  >  36022 [PSH, ACK] Seq=383910 Ack=144 Win=65024 Len=1448 TSval=2916036452 TSecr=3045556221 [TCP segment of a reassembled PDU]"
"29047","32.371887790","192.168.1.2","192.168.1.55","TCP","66","36022  >  8004 [ACK] Seq=144 Ack=278206 Win=116736 Len=0 TSval=3045556221 TSecr=2916036441"
"29048","32.371895550","192.168.1.2","192.168.1.55","TCP","66","36022  >  8004 [ACK] Seq=144 Ack=285446 Win=148480 Len=0 TSval=3045556222 TSecr=2916036441"
"29049","32.373101496","192.168.1.55","192.168.1.2","TCP","1514","8004  >  36022 [ACK] Seq=385358 Ack=144 Win=65024 Len=1448 TSval=2916036453 TSecr=3045556222 [TCP segment of a reassembled PDU]"
"29050","32.373105015","192.168.1.55","192.168.1.2","TCP","1514","8004  >  36022 [ACK] Seq=386806 Ack=144 Win=65024 Len=1448 TSval=2916036453 TSecr=3045556222 [TCP segment of a reassembled PDU]"
"29051","32.373106070","192.168.1.55","192.168.1.2","TCP","1514","8004  >  36022 [ACK] Seq=388254 Ack=144 Win=65024 Len=1448 TSval=2916036453 TSecr=3045556222 [TCP segment of a reassembled PDU]"
"29052","32.373106996","192.168.1.55","192.168.1.2","TCP","1514","8004  >  36022 [ACK] Seq=389702 Ack=144 Win=65024 Len=1448 TSval=2916036453 TSecr=3045556222 [TCP segment of a reassembled PDU]"
"29053","32.373107996","192.168.1.55","192.168.1.2","TCP","1514","8004  >  36022 [ACK] Seq=391150 Ack=144 Win=65024 Len=1448 TSval=2916036453 TSecr=3045556222 [TCP segment of a reassembled PDU]"
"29054","32.373108996","192.168.1.55","192.168.1.2","TCP","1514","8004  >  36022 [ACK] Seq=392598 Ack=144 Win=65024 Len=1448 TSval=2916036453 TSecr=3045556222 [TCP segment of a reassembled PDU]"
"29055","32.373109996","192.168.1.55","192.168.1.2","TCP","1514","8004  >  36022 [ACK] Seq=394046 Ack=144 Win=65024 Len=1448 TSval=2916036453 TSecr=3045556222 [TCP segment of a reassembled PDU]"
"29056","32.373111033","192.168.1.55","192.168.1.2","TCP","1514","8004  >  36022 [ACK] Seq=395494 Ack=144 Win=65024 Len=1448 TSval=2916036453 TSecr=3045556222 [TCP segment of a reassembled PDU]"
"29057","32.373112107","192.168.1.55","192.168.1.2","TCP","1514","8004  >  36022 [ACK] Seq=396942 Ack=144 Win=65024 Len=1448 TSval=2916036453 TSecr=3045556222 [TCP segment of a reassembled PDU]"
"29058","32.373113144","192.168.1.55","192.168.1.2","TCP","1514","8004  >  36022 [ACK] Seq=398390 Ack=144 Win=65024 Len=1448 TSval=2916036453 TSecr=3045556222 [TCP segment of a reassembled PDU]"
"29059","32.373120681","192.168.1.55","192.168.1.2","TCP","1514","8004  >  36022 [ACK] Seq=399838 Ack=144 Win=65024 Len=1448 TSval=2916036453 TSecr=3045556222 [TCP segment of a reassembled PDU]"
"29060","32.373121922","192.168.1.55","192.168.1.2","TCP","1514","8004  >  36022 [ACK] Seq=401286 Ack=144 Win=65024 Len=1448 TSval=2916036453 TSecr=3045556222 [TCP segment of a reassembled PDU]"
"29061","32.373122978","192.168.1.55","192.168.1.2","TCP","1514","8004  >  36022 [ACK] Seq=402734 Ack=144 Win=65024 Len=1448 TSval=2916036453 TSecr=3045556222 [TCP segment of a reassembled PDU]"
"29062","32.373123904","192.168.1.55","192.168.1.2","TCP","1514","8004  >  36022 [ACK] Seq=404182 Ack=144 Win=65024 Len=1448 TSval=2916036453 TSecr=3045556222 [TCP segment of a reassembled PDU]"
"29063","32.373124959","192.168.1.55","192.168.1.2","TCP","1514","8004  >  36022 [ACK] Seq=405630 Ack=144 Win=65024 Len=1448 TSval=2916036453 TSecr=3045556222 [TCP segment of a reassembled PDU]"
"29064","32.373125996","192.168.1.55","192.168.1.2","TCP","1514","8004  >  36022 [ACK] Seq=407078 Ack=144 Win=65024 Len=1448 TSval=2916036453 TSecr=3045556222 [TCP segment of a reassembled PDU]"
"29065","32.373127015","192.168.1.55","192.168.1.2","TCP","1514","8004  >  36022 [ACK] Seq=408526 Ack=144 Win=65024 Len=1448 TSval=2916036453 TSecr=3045556222 [TCP segment of a reassembled PDU]"
"29066","32.373128033","192.168.1.55","192.168.1.2","TCP","1514","8004  >  36022 [ACK] Seq=409974 Ack=144 Win=65024 Len=1448 TSval=2916036453 TSecr=3045556222 [TCP segment of a reassembled PDU]"
"29067","32.373129126","192.168.1.55","192.168.1.2","TCP","1514","8004  >  36022 [ACK] Seq=411422 Ack=144 Win=65024 Len=1448 TSval=2916036453 TSecr=3045556222 [TCP segment of a reassembled PDU]"
"29068","32.373130607","192.168.1.55","192.168.1.2","TCP","1514","8004  >  36022 [ACK] Seq=412870 Ack=144 Win=65024 Len=1448 TSval=2916036453 TSecr=3045556222 [TCP segment of a reassembled PDU]"
"29069","32.373131959","192.168.1.55","192.168.1.2","TCP","1514","8004  >  36022 [ACK] Seq=414318 Ack=144 Win=65024 Len=1448 TSval=2916036453 TSecr=3045556222 [TCP segment of a reassembled PDU]"
"29070","32.373132996","192.168.1.55","192.168.1.2","TCP","1514","8004  >  36022 [ACK] Seq=415766 Ack=144 Win=65024 Len=1448 TSval=2916036453 TSecr=3045556222 [TCP segment of a reassembled PDU]"
"29071","32.373134089","192.168.1.55","192.168.1.2","TCP","1514","8004  >  36022 [ACK] Seq=417214 Ack=144 Win=65024 Len=1448 TSval=2916036453 TSecr=3045556222 [TCP segment of a reassembled PDU]"
"29072","32.373135181","192.168.1.55","192.168.1.2","TCP","1514","8004  >  36022 [ACK] Seq=418662 Ack=144 Win=65024 Len=1448 TSval=2916036453 TSecr=3045556222 [TCP segment of a reassembled PDU]"
"29073","32.373136107","192.168.1.55","192.168.1.2","TCP","1514","8004  >  36022 [ACK] Seq=420110 Ack=144 Win=65024 Len=1448 TSval=2916036453 TSecr=3045556222 [TCP segment of a reassembled PDU]"
"29074","32.373137311","192.168.1.55","192.168.1.2","TCP","1514","8004  >  36022 [ACK] Seq=421558 Ack=144 Win=65024 Len=1448 TSval=2916036453 TSecr=3045556222 [TCP segment of a reassembled PDU]"
"29075","32.373138330","192.168.1.55","192.168.1.2","TCP","1514","8004  >  36022 [ACK] Seq=423006 Ack=144 Win=65024 Len=1448 TSval=2916036453 TSecr=3045556222 [TCP segment of a reassembled PDU]"
"29076","32.373139404","192.168.1.55","192.168.1.2","TCP","1514","8004  >  36022 [ACK] Seq=424454 Ack=144 Win=65024 Len=1448 TSval=2916036453 TSecr=3045556222 [TCP segment of a reassembled PDU]"
"29077","32.373140607","192.168.1.55","192.168.1.2","TCP","1514","8004  >  36022 [ACK] Seq=425902 Ack=144 Win=65024 Len=1448 TSval=2916036453 TSecr=3045556222 [TCP segment of a reassembled PDU]"
"29078","32.373141533","192.168.1.55","192.168.1.2","TCP","1514","8004  >  36022 [ACK] Seq=427350 Ack=144 Win=65024 Len=1448 TSval=2916036453 TSecr=3045556222 [TCP segment of a reassembled PDU]"
"29079","32.373142941","192.168.1.55","192.168.1.2","TCP","1514","8004  >  36022 [PSH, ACK] Seq=428798 Ack=144 Win=65024 Len=1448 TSval=2916036453 TSecr=3045556222 [TCP segment of a reassembled PDU]"
"29080","32.375180999","192.168.1.55","192.168.1.2","TCP","1514","8004  >  36022 [ACK] Seq=430246 Ack=144 Win=65024 Len=1448 TSval=2916036455 TSecr=3045556222 [TCP segment of a reassembled PDU]"
"29081","32.375187759","192.168.1.55","192.168.1.2","TCP","1514","8004  >  36022 [ACK] Seq=431694 Ack=144 Win=65024 Len=1448 TSval=2916036455 TSecr=3045556222 [TCP segment of a reassembled PDU]"
"29082","32.375189240","192.168.1.55","192.168.1.2","TCP","850","[TCP Window Full] 8004  >  36022 [PSH, ACK] Seq=433142 Ack=144 Win=65024 Len=784 TSval=2916036455 TSecr=3045556222 [TCP segment of a reassembled PDU]"
"29083","32.381554472","192.168.1.2","192.168.1.55","TCP","66","36022  >  8004 [ACK] Seq=144 Ack=315854 Win=126976 Len=0 TSval=3045556233 TSecr=2916036452"
"29084","32.381635584","192.168.1.55","192.168.1.2","TCP","1514","8004  >  36022 [ACK] Seq=433926 Ack=144 Win=65024 Len=1448 TSval=2916036462 TSecr=3045556233 [TCP segment of a reassembled PDU]"
"29085","32.381642399","192.168.1.55","192.168.1.2","TCP","1514","8004  >  36022 [ACK] Seq=435374 Ack=144 Win=65024 Len=1448 TSval=2916036462 TSecr=3045556233 [TCP segment of a reassembled PDU]"
"29086","32.381643361","192.168.1.55","192.168.1.2","TCP","1514","8004  >  36022 [ACK] Seq=436822 Ack=144 Win=65024 Len=1448 TSval=2916036462 TSecr=3045556233 [TCP segment of a reassembled PDU]"
"29087","32.381644250","192.168.1.55","192.168.1.2","TCP","1514","8004  >  36022 [ACK] Seq=438270 Ack=144 Win=65024 Len=1448 TSval=2916036462 TSecr=3045556233 [TCP segment of a reassembled PDU]"
"29088","32.381645213","192.168.1.55","192.168.1.2","TCP","1514","8004  >  36022 [ACK] Seq=439718 Ack=144 Win=65024 Len=1448 TSval=2916036462 TSecr=3045556233 [TCP segment of a reassembled PDU]"
"29089","32.381646361","192.168.1.55","192.168.1.2","TCP","1514","8004  >  36022 [PSH, ACK] Seq=441166 Ack=144 Win=65024 Len=1448 TSval=2916036462 TSecr=3045556233 [TCP segment of a reassembled PDU]"
"29090","32.381703380","192.168.1.2","192.168.1.55","TCP","66","36022  >  8004 [ACK] Seq=144 Ack=333230 Win=141312 Len=0 TSval=3045556235 TSecr=2916036452"
"29091","32.381711713","192.168.1.2","192.168.1.55","TCP","66","36022  >  8004 [ACK] Seq=144 Ack=340470 Win=150528 Len=0 TSval=3045556237 TSecr=2916036452"
"29092","32.381753991","192.168.1.55","192.168.1.2","TCP","1514","8004  >  36022 [ACK] Seq=442614 Ack=144 Win=65024 Len=1448 TSval=2916036462 TSecr=3045556237 [TCP segment of a reassembled PDU]"
"29093","32.381756399","192.168.1.55","192.168.1.2","TCP","1514","8004  >  36022 [ACK] Seq=444062 Ack=144 Win=65024 Len=1448 TSval=2916036462 TSecr=3045556237 [TCP segment of a reassembled PDU]"
"29094","32.381757306","192.168.1.55","192.168.1.2","TCP","1514","8004  >  36022 [ACK] Seq=445510 Ack=144 Win=65024 Len=1448 TSval=2916036462 TSecr=3045556237 [TCP segment of a reassembled PDU]"
"29095","32.381758343","192.168.1.55","192.168.1.2","TCP","1514","8004  >  36022 [ACK] Seq=446958 Ack=144 Win=65024 Len=1448 TSval=2916036462 TSecr=3045556237 [TCP segment of a reassembled PDU]"
"29096","32.381759343","192.168.1.55","192.168.1.2","TCP","1514","8004  >  36022 [ACK] Seq=448406 Ack=144 Win=65024 Len=1448 TSval=2916036462 TSecr=3045556237 [TCP segment of a reassembled PDU]"
"29097","32.381760991","192.168.1.55","192.168.1.2","TCP","1514","8004  >  36022 [ACK] Seq=449854 Ack=144 Win=65024 Len=1448 TSval=2916036462 TSecr=3045556237 [TCP segment of a reassembled PDU]"
"29098","32.381762380","192.168.1.55","192.168.1.2","TCP","1514","8004  >  36022 [ACK] Seq=451302 Ack=144 Win=65024 Len=1448 TSval=2916036462 TSecr=3045556237 [TCP segment of a reassembled PDU]"
"29099","32.381763417","192.168.1.55","192.168.1.2","TCP","1514","8004  >  36022 [ACK] Seq=452750 Ack=144 Win=65024 Len=1448 TSval=2916036462 TSecr=3045556237 [TCP segment of a reassembled PDU]"
"29100","32.381764917","192.168.1.55","192.168.1.2","TCP","1514","8004  >  36022 [ACK] Seq=454198 Ack=144 Win=65024 Len=1448 TSval=2916036462 TSecr=3045556237 [TCP segment of a reassembled PDU]"
"29101","32.381765806","192.168.1.55","192.168.1.2","TCP","1514","8004  >  36022 [ACK] Seq=455646 Ack=144 Win=65024 Len=1448 TSval=2916036462 TSecr=3045556237 [TCP segment of a reassembled PDU]"
"29102","32.381766788","192.168.1.55","192.168.1.2","TCP","1514","8004  >  36022 [ACK] Seq=457094 Ack=144 Win=65024 Len=1448 TSval=2916036462 TSecr=3045556237 [TCP segment of a reassembled PDU]"
"29103","32.381767843","192.168.1.55","192.168.1.2","TCP","1514","8004  >  36022 [ACK] Seq=458542 Ack=144 Win=65024 Len=1448 TSval=2916036462 TSecr=3045556237 [TCP segment of a reassembled PDU]"
"29104","32.381769288","192.168.1.55","192.168.1.2","TCP","1514","8004  >  36022 [ACK] Seq=459990 Ack=144 Win=65024 Len=1448 TSval=2916036462 TSecr=3045556237 [TCP segment of a reassembled PDU]"
"29105","32.381771343","192.168.1.55","192.168.1.2","TCP","1514","8004  >  36022 [ACK] Seq=461438 Ack=144 Win=65024 Len=1448 TSval=2916036462 TSecr=3045556237 [TCP segment of a reassembled PDU]"
"29106","32.381772769","192.168.1.55","192.168.1.2","TCP","1514","8004  >  36022 [ACK] Seq=462886 Ack=144 Win=65024 Len=1448 TSval=2916036462 TSecr=3045556237 [TCP segment of a reassembled PDU]"
"29107","32.381774010","192.168.1.55","192.168.1.2","TCP","1514","8004  >  36022 [ACK] Seq=464334 Ack=144 Win=65024 Len=1448 TSval=2916036462 TSecr=3045556237 [TCP segment of a reassembled PDU]"
"29108","32.381774973","192.168.1.55","192.168.1.2","TCP","1514","8004  >  36022 [ACK] Seq=465782 Ack=144 Win=65024 Len=1448 TSval=2916036462 TSecr=3045556237 [TCP segment of a reassembled PDU]"
"29109","32.381776121","192.168.1.55","192.168.1.2","TCP","1514","8004  >  36022 [ACK] Seq=467230 Ack=144 Win=65024 Len=1448 TSval=2916036462 TSecr=3045556237 [TCP segment of a reassembled PDU]"
"29110","32.381777195","192.168.1.55","192.168.1.2","TCP","1514","8004  >  36022 [ACK] Seq=468678 Ack=144 Win=65024 Len=1448 TSval=2916036462 TSecr=3045556237 [TCP segment of a reassembled PDU]"
"29111","32.381778695","192.168.1.55","192.168.1.2","TCP","1514","8004  >  36022 [ACK] Seq=470126 Ack=144 Win=65024 Len=1448 TSval=2916036462 TSecr=3045556237 [TCP segment of a reassembled PDU]"
"29112","32.381779917","192.168.1.55","192.168.1.2","TCP","1514","8004  >  36022 [ACK] Seq=471574 Ack=144 Win=65024 Len=1448 TSval=2916036462 TSecr=3045556237 [TCP segment of a reassembled PDU]"
"29113","32.381781936","192.168.1.55","192.168.1.2","TCP","1514","8004  >  36022 [PSH, ACK] Seq=473022 Ack=144 Win=65024 Len=1448 TSval=2916036462 TSecr=3045556237 [TCP segment of a reassembled PDU]"
"29114","32.381790677","192.168.1.55","192.168.1.2","TCP","730","8004  >  36022 [ACK] Seq=474470 Ack=144 Win=65024 Len=664 TSval=2916036462 TSecr=3045556237 [TCP segment of a reassembled PDU]"
"29115","32.382869863","192.168.1.2","192.168.1.55","TCP","66","36022  >  8004 [ACK] Seq=144 Ack=392598 Win=106496 Len=0 TSval=3045556237 TSecr=2916036452"
"29116","32.382896456","192.168.1.55","192.168.1.2","TCP","1514","8004  >  36022 [ACK] Seq=475134 Ack=144 Win=65024 Len=1448 TSval=2916036463 TSecr=3045556237 [TCP segment of a reassembled PDU]"
"29117","32.382898641","192.168.1.55","192.168.1.2","TCP","1514","8004  >  36022 [ACK] Seq=476582 Ack=144 Win=65024 Len=1448 TSval=2916036463 TSecr=3045556237 [TCP segment of a reassembled PDU]"
"29118","32.382900475","192.168.1.55","192.168.1.2","TCP","1514","8004  >  36022 [ACK] Seq=478030 Ack=144 Win=65024 Len=1448 TSval=2916036463 TSecr=3045556237 [TCP segment of a reassembled PDU]"
"29119","32.382901901","192.168.1.55","192.168.1.2","TCP","1514","8004  >  36022 [ACK] Seq=479478 Ack=144 Win=65024 Len=1448 TSval=2916036463 TSecr=3045556237 [TCP segment of a reassembled PDU]"
"29120","32.382902901","192.168.1.55","192.168.1.2","TCP","1514","8004  >  36022 [ACK] Seq=480926 Ack=144 Win=65024 Len=1448 TSval=2916036463 TSecr=3045556237 [TCP segment of a reassembled PDU]"
"29121","32.382903789","192.168.1.55","192.168.1.2","TCP","1514","8004  >  36022 [ACK] Seq=482374 Ack=144 Win=65024 Len=1448 TSval=2916036463 TSecr=3045556237 [TCP segment of a reassembled PDU]"
"29122","32.382904845","192.168.1.55","192.168.1.2","TCP","1514","8004  >  36022 [ACK] Seq=483822 Ack=144 Win=65024 Len=1448 TSval=2916036463 TSecr=3045556237 [TCP segment of a reassembled PDU]"
"29123","32.382905734","192.168.1.55","192.168.1.2","TCP","1514","8004  >  36022 [ACK] Seq=485270 Ack=144 Win=65024 Len=1448 TSval=2916036463 TSecr=3045556237 [TCP segment of a reassembled PDU]"
"29124","32.382907604","192.168.1.55","192.168.1.2","TCP","1514","8004  >  36022 [ACK] Seq=486718 Ack=144 Win=65024 Len=1448 TSval=2916036463 TSecr=3045556237 [TCP segment of a reassembled PDU]"
"29125","32.382909326","192.168.1.55","192.168.1.2","TCP","1514","8004  >  36022 [ACK] Seq=488166 Ack=144 Win=65024 Len=1448 TSval=2916036463 TSecr=3045556237 [TCP segment of a reassembled PDU]"
"29126","32.382910549","192.168.1.55","192.168.1.2","TCP","1514","8004  >  36022 [ACK] Seq=489614 Ack=144 Win=65024 Len=1448 TSval=2916036463 TSecr=3045556237 [TCP segment of a reassembled PDU]"
"29127","32.382911512","192.168.1.55","192.168.1.2","TCP","1514","8004  >  36022 [ACK] Seq=491062 Ack=144 Win=65024 Len=1448 TSval=2916036463 TSecr=3045556237 [TCP segment of a reassembled PDU]"
"29128","32.382912419","192.168.1.55","192.168.1.2","TCP","1514","8004  >  36022 [ACK] Seq=492510 Ack=144 Win=65024 Len=1448 TSval=2916036463 TSecr=3045556237 [TCP segment of a reassembled PDU]"
"29129","32.382913475","192.168.1.55","192.168.1.2","TCP","1514","8004  >  36022 [ACK] Seq=493958 Ack=144 Win=65024 Len=1448 TSval=2916036463 TSecr=3045556237 [TCP segment of a reassembled PDU]"
"29130","32.382914401","192.168.1.55","192.168.1.2","TCP","1514","8004  >  36022 [ACK] Seq=495406 Ack=144 Win=65024 Len=1448 TSval=2916036463 TSecr=3045556237 [TCP segment of a reassembled PDU]"
"29131","32.382915586","192.168.1.55","192.168.1.2","TCP","1514","8004  >  36022 [PSH, ACK] Seq=496854 Ack=144 Win=65024 Len=1448 TSval=2916036463 TSecr=3045556237 [TCP segment of a reassembled PDU]"
"29132","32.382921252","192.168.1.55","192.168.1.2","HTTP","222","HTTP/1.0 200 OK  (PNG)"
"29133","32.389209762","192.168.1.2","192.168.1.55","TCP","66","36022  >  8004 [ACK] Seq=144 Ack=430246 Win=119808 Len=0 TSval=3045556244 TSecr=2916036453"
"29134","32.389404077","192.168.1.2","192.168.1.55","TCP","66","36022  >  8004 [ACK] Seq=144 Ack=442614 Win=107520 Len=0 TSval=3045556244 TSecr=2916036455"
"29135","32.389411170","192.168.1.2","192.168.1.55","TCP","66","36022  >  8004 [ACK] Seq=144 Ack=474470 Win=126976 Len=0 TSval=3045556244 TSecr=2916036462"
"29136","32.389435411","192.168.1.2","192.168.1.55","TCP","66","36022  >  8004 [ACK] Seq=144 Ack=475134 Win=153600 Len=0 TSval=3045556244 TSecr=2916036462"
"29137","32.389439263","192.168.1.2","192.168.1.55","TCP","66","36022  >  8004 [ACK] Seq=144 Ack=489614 Win=143360 Len=0 TSval=3045556244 TSecr=2916036463"
"29138","32.389955004","192.168.1.2","192.168.1.55","TCP","66","36022  >  8004 [ACK] Seq=144 Ack=498302 Win=145408 Len=0 TSval=3045556245 TSecr=2916036463"
"29139","32.391444803","192.168.1.2","192.168.1.55","TCP","66","36022  >  8004 [FIN, ACK] Seq=144 Ack=498459 Win=156672 Len=0 TSval=3045556246 TSecr=2916036463"
"29140","32.391455970","192.168.1.55","192.168.1.2","TCP","66","8004  >  36022 [ACK] Seq=498459 Ack=145 Win=65024 Len=0 TSval=2916036472 TSecr=3045556246"
"29141","32.391556136","192.168.1.2","192.168.1.55","TCP","74","36034  >  8004 [SYN] Seq=0 Win=64240 Len=0 MSS=1460 SACK_PERM TSval=3045556246 TSecr=0 WS=1024"
"29142","32.391578822","192.168.1.55","192.168.1.2","TCP","74","8004  >  36034 [SYN, ACK] Seq=0 Ack=1 Win=65160 Len=0 MSS=1460 SACK_PERM TSval=2916036472 TSecr=3045556246 WS=128"
"29143","32.394694215","192.168.1.2","192.168.1.55","TCP","66","36034  >  8004 [ACK] Seq=1 Ack=1 Win=64512 Len=0 TSval=3045556249 TSecr=2916036472"
"29144","32.397921572","192.168.1.2","192.168.1.55","HTTP","206","GET /stego_benchmark.png HTTP/1.1 "
"29145","32.397931980","192.168.1.55","192.168.1.2","TCP","66","8004  >  36034 [ACK] Seq=1 Ack=141 Win=65024 Len=0 TSval=2916036478 TSecr=3045556249"
"29146","32.398367666","192.168.1.55","192.168.1.2","TCP","255","8004  >  36034 [PSH, ACK] Seq=1 Ack=141 Win=65024 Len=189 TSval=2916036479 TSecr=3045556249 [TCP segment of a reassembled PDU]"
"29147","32.398441036","192.168.1.55","192.168.1.2","TCP","1514","8004  >  36034 [ACK] Seq=190 Ack=141 Win=65024 Len=1448 TSval=2916036479 TSecr=3045556249 [TCP segment of a reassembled PDU]"
"29148","32.398445110","192.168.1.55","192.168.1.2","TCP","1514","8004  >  36034 [ACK] Seq=1638 Ack=141 Win=65024 Len=1448 TSval=2916036479 TSecr=3045556249 [TCP segment of a reassembled PDU]"
"29149","32.398446351","192.168.1.55","192.168.1.2","TCP","1514","8004  >  36034 [ACK] Seq=3086 Ack=141 Win=65024 Len=1448 TSval=2916036479 TSecr=3045556249 [TCP segment of a reassembled PDU]"
"29150","32.398447555","192.168.1.55","192.168.1.2","TCP","1514","8004  >  36034 [ACK] Seq=4534 Ack=141 Win=65024 Len=1448 TSval=2916036479 TSecr=3045556249 [TCP segment of a reassembled PDU]"
"29151","32.398449092","192.168.1.55","192.168.1.2","TCP","1514","8004  >  36034 [PSH, ACK] Seq=5982 Ack=141 Win=65024 Len=1448 TSval=2916036479 TSecr=3045556249 [TCP segment of a reassembled PDU]"
"29152","32.398465481","192.168.1.55","192.168.1.2","TCP","1514","8004  >  36034 [ACK] Seq=7430 Ack=141 Win=65024 Len=1448 TSval=2916036479 TSecr=3045556249 [TCP segment of a reassembled PDU]"
"29153","32.398467129","192.168.1.55","192.168.1.2","TCP","1514","8004  >  36034 [ACK] Seq=8878 Ack=141 Win=65024 Len=1448 TSval=2916036479 TSecr=3045556249 [TCP segment of a reassembled PDU]"
"29154","32.398468258","192.168.1.55","192.168.1.2","TCP","1514","8004  >  36034 [ACK] Seq=10326 Ack=141 Win=65024 Len=1448 TSval=2916036479 TSecr=3045556249 [TCP segment of a reassembled PDU]"
"29155","32.398469518","192.168.1.55","192.168.1.2","TCP","1514","8004  >  36034 [PSH, ACK] Seq=11774 Ack=141 Win=65024 Len=1448 TSval=2916036479 TSecr=3045556249 [TCP segment of a reassembled PDU]"
"29156","32.402462191","192.168.1.2","192.168.1.55","TCP","66","36034  >  8004 [ACK] Seq=141 Ack=190 Win=64512 Len=0 TSval=3045556256 TSecr=2916036479"
"29157","32.402496839","192.168.1.55","192.168.1.2","TCP","1514","8004  >  36034 [ACK] Seq=13222 Ack=141 Win=65024 Len=1448 TSval=2916036483 TSecr=3045556256 [TCP segment of a reassembled PDU]"
"29158","32.402500987","192.168.1.55","192.168.1.2","TCP","1514","8004  >  36034 [PSH, ACK] Seq=14670 Ack=141 Win=65024 Len=1448 TSval=2916036483 TSecr=3045556256 [TCP segment of a reassembled PDU]"
"29159","32.402579709","192.168.1.2","192.168.1.55","TCP","66","36034  >  8004 [ACK] Seq=141 Ack=3086 Win=70656 Len=0 TSval=3045556256 TSecr=2916036479"
"29160","32.402587895","192.168.1.2","192.168.1.55","TCP","66","36034  >  8004 [ACK] Seq=141 Ack=5982 Win=76800 Len=0 TSval=3045556256 TSecr=2916036479"
"29161","32.402607691","192.168.1.55","192.168.1.2","TCP","1514","8004  >  36034 [ACK] Seq=16118 Ack=141 Win=65024 Len=1448 TSval=2916036483 TSecr=3045556256 [TCP segment of a reassembled PDU]"
"29162","32.402609821","192.168.1.55","192.168.1.2","TCP","1514","8004  >  36034 [ACK] Seq=17566 Ack=141 Win=65024 Len=1448 TSval=2916036483 TSecr=3045556256 [TCP segment of a reassembled PDU]"
"29163","32.402611950","192.168.1.55","192.168.1.2","TCP","1514","8004  >  36034 [ACK] Seq=19014 Ack=141 Win=65024 Len=1448 TSval=2916036483 TSecr=3045556256 [TCP segment of a reassembled PDU]"
"29164","32.402613413","192.168.1.55","192.168.1.2","TCP","1514","8004  >  36034 [ACK] Seq=20462 Ack=141 Win=65024 Len=1448 TSval=2916036483 TSecr=3045556256 [TCP segment of a reassembled PDU]"
"29165","32.402614839","192.168.1.55","192.168.1.2","TCP","1514","8004  >  36034 [ACK] Seq=21910 Ack=141 Win=65024 Len=1448 TSval=2916036483 TSecr=3045556256 [TCP segment of a reassembled PDU]"
"29166","32.402616339","192.168.1.55","192.168.1.2","TCP","1514","8004  >  36034 [ACK] Seq=23358 Ack=141 Win=65024 Len=1448 TSval=2916036483 TSecr=3045556256 [TCP segment of a reassembled PDU]"
"29167","32.402618098","192.168.1.55","192.168.1.2","TCP","1514","8004  >  36034 [PSH, ACK] Seq=24806 Ack=141 Win=65024 Len=1448 TSval=2916036483 TSecr=3045556256 [TCP segment of a reassembled PDU]"
"29168","32.402623135","192.168.1.2","192.168.1.55","TCP","66","36034  >  8004 [ACK] Seq=141 Ack=7430 Win=79872 Len=0 TSval=3045556257 TSecr=2916036479"
"29169","32.402630358","192.168.1.2","192.168.1.55","TCP","66","36034  >  8004 [ACK] Seq=141 Ack=13222 Win=79872 Len=0 TSval=3045556257 TSecr=2916036479"
"29170","32.402655358","192.168.1.55","192.168.1.2","TCP","1514","8004  >  36034 [ACK] Seq=26254 Ack=141 Win=65024 Len=1448 TSval=2916036483 TSecr=3045556257 [TCP segment of a reassembled PDU]"
"29171","32.402657802","192.168.1.55","192.168.1.2","TCP","1514","8004  >  36034 [ACK] Seq=27702 Ack=141 Win=65024 Len=1448 TSval=2916036483 TSecr=3045556257 [TCP segment of a reassembled PDU]"
"29172","32.402659432","192.168.1.55","192.168.1.2","TCP","1514","8004  >  36034 [ACK] Seq=29150 Ack=141 Win=65024 Len=1448 TSval=2916036483 TSecr=3045556257 [TCP segment of a reassembled PDU]"
"29173","32.402661061","192.168.1.55","192.168.1.2","TCP","1514","8004  >  36034 [ACK] Seq=30598 Ack=141 Win=65024 Len=1448 TSval=2916036483 TSecr=3045556257 [TCP segment of a reassembled PDU]"
"29174","32.402662543","192.168.1.55","192.168.1.2","TCP","1514","8004  >  36034 [ACK] Seq=32046 Ack=141 Win=65024 Len=1448 TSval=2916036483 TSecr=3045556257 [TCP segment of a reassembled PDU]"
"29175","32.402664154","192.168.1.55","192.168.1.2","TCP","1514","8004  >  36034 [ACK] Seq=33494 Ack=141 Win=65024 Len=1448 TSval=2916036483 TSecr=3045556257 [TCP segment of a reassembled PDU]"
"29176","32.402665561","192.168.1.55","192.168.1.2","TCP","1514","8004  >  36034 [ACK] Seq=34942 Ack=141 Win=65024 Len=1448 TSval=2916036483 TSecr=3045556257 [TCP segment of a reassembled PDU]"
"29177","32.402667024","192.168.1.55","192.168.1.2","TCP","1514","8004  >  36034 [ACK] Seq=36390 Ack=141 Win=65024 Len=1448 TSval=2916036483 TSecr=3045556257 [TCP segment of a reassembled PDU]"
"29178","32.402668691","192.168.1.55","192.168.1.2","TCP","1514","8004  >  36034 [ACK] Seq=37838 Ack=141 Win=65024 Len=1448 TSval=2916036483 TSecr=3045556257 [TCP segment of a reassembled PDU]"
"29179","32.402670080","192.168.1.55","192.168.1.2","TCP","1514","8004  >  36034 [PSH, ACK] Seq=39286 Ack=141 Win=65024 Len=1448 TSval=2916036483 TSecr=3045556257 [TCP segment of a reassembled PDU]"
"29180","32.403525970","192.168.1.55","192.168.1.2","TCP","1514","8004  >  36034 [ACK] Seq=40734 Ack=141 Win=65024 Len=1448 TSval=2916036484 TSecr=3045556257 [TCP segment of a reassembled PDU]"
"29181","32.407438754","192.168.1.2","192.168.1.55","TCP","66","36034  >  8004 [ACK] Seq=141 Ack=16118 Win=84992 Len=0 TSval=3045556261 TSecr=2916036483"
"29182","32.407473791","192.168.1.55","192.168.1.2","TCP","1514","8004  >  36034 [ACK] Seq=42182 Ack=141 Win=65024 Len=1448 TSval=2916036488 TSecr=3045556261 [TCP segment of a reassembled PDU]"
"29183","32.407479810","192.168.1.55","192.168.1.2","TCP","1514","8004  >  36034 [PSH, ACK] Seq=43630 Ack=141 Win=65024 Len=1448 TSval=2916036488 TSecr=3045556261 [TCP segment of a reassembled PDU]"
"29184","32.407568254","192.168.1.2","192.168.1.55","TCP","66","36034  >  8004 [ACK] Seq=141 Ack=26254 Win=83968 Len=0 TSval=3045556261 TSecr=2916036483"
"29185","32.407601106","192.168.1.55","192.168.1.2","TCP","1514","8004  >  36034 [ACK] Seq=45078 Ack=141 Win=65024 Len=1448 TSval=2916036488 TSecr=3045556261 [TCP segment of a reassembled PDU]"
"29186","32.407604162","192.168.1.55","192.168.1.2","TCP","1514","8004  >  36034 [ACK] Seq=46526 Ack=141 Win=65024 Len=1448 TSval=2916036488 TSecr=3045556261 [TCP segment of a reassembled PDU]"
"29187","32.407606254","192.168.1.55","192.168.1.2","TCP","1514","8004  >  36034 [ACK] Seq=47974 Ack=141 Win=65024 Len=1448 TSval=2916036488 TSecr=3045556261 [TCP segment of a reassembled PDU]"
"29188","32.407607773","192.168.1.55","192.168.1.2","TCP","1514","8004  >  36034 [ACK] Seq=49422 Ack=141 Win=65024 Len=1448 TSval=2916036488 TSecr=3045556261 [TCP segment of a reassembled PDU]"
"29189","32.407609273","192.168.1.55","192.168.1.2","TCP","1514","8004  >  36034 [ACK] Seq=50870 Ack=141 Win=65024 Len=1448 TSval=2916036488 TSecr=3045556261 [TCP segment of a reassembled PDU]"
"29190","32.407610884","192.168.1.55","192.168.1.2","TCP","1514","8004  >  36034 [ACK] Seq=52318 Ack=141 Win=65024 Len=1448 TSval=2916036488 TSecr=3045556261 [TCP segment of a reassembled PDU]"
"29191","32.407612699","192.168.1.55","192.168.1.2","TCP","1514","8004  >  36034 [ACK] Seq=53766 Ack=141 Win=65024 Len=1448 TSval=2916036488 TSecr=3045556261 [TCP segment of a reassembled PDU]"
"29192","32.407614477","192.168.1.55","192.168.1.2","TCP","1514","8004  >  36034 [ACK] Seq=55214 Ack=141 Win=65024 Len=1448 TSval=2916036488 TSecr=3045556261 [TCP segment of a reassembled PDU]"
"29193","32.407616032","192.168.1.55","192.168.1.2","TCP","1514","8004  >  36034 [ACK] Seq=56662 Ack=141 Win=65024 Len=1448 TSval=2916036488 TSecr=3045556261 [TCP segment of a reassembled PDU]"
"29194","32.407617421","192.168.1.55","192.168.1.2","TCP","1514","8004  >  36034 [ACK] Seq=58110 Ack=141 Win=65024 Len=1448 TSval=2916036488 TSecr=3045556261 [TCP segment of a reassembled PDU]"
"29195","32.407619236","192.168.1.55","192.168.1.2","TCP","1514","8004  >  36034 [ACK] Seq=59558 Ack=141 Win=65024 Len=1448 TSval=2916036488 TSecr=3045556261 [TCP segment of a reassembled PDU]"
"29196","32.407620828","192.168.1.55","192.168.1.2","TCP","1514","8004  >  36034 [ACK] Seq=61006 Ack=141 Win=65024 Len=1448 TSval=2916036488 TSecr=3045556261 [TCP segment of a reassembled PDU]"
"29197","32.407622810","192.168.1.55","192.168.1.2","TCP","1514","8004  >  36034 [ACK] Seq=62454 Ack=141 Win=65024 Len=1448 TSval=2916036488 TSecr=3045556261 [TCP segment of a reassembled PDU]"
"29198","32.407624606","192.168.1.55","192.168.1.2","TCP","1514","8004  >  36034 [PSH, ACK] Seq=63902 Ack=141 Win=65024 Len=1448 TSval=2916036488 TSecr=3045556261 [TCP segment of a reassembled PDU]"
"29199","32.407630310","192.168.1.2","192.168.1.55","TCP","66","36034  >  8004 [ACK] Seq=141 Ack=36390 Win=74752 Len=0 TSval=3045556261 TSecr=2916036483"
"29200","32.407657143","192.168.1.55","192.168.1.2","TCP","1514","8004  >  36034 [ACK] Seq=65350 Ack=141 Win=65024 Len=1448 TSval=2916036488 TSecr=3045556261 [TCP segment of a reassembled PDU]"
"29201","32.407659440","192.168.1.55","192.168.1.2","TCP","1514","8004  >  36034 [ACK] Seq=66798 Ack=141 Win=65024 Len=1448 TSval=2916036488 TSecr=3045556261 [TCP segment of a reassembled PDU]"
"29202","32.407661162","192.168.1.55","192.168.1.2","TCP","1514","8004  >  36034 [ACK] Seq=68246 Ack=141 Win=65024 Len=1448 TSval=2916036488 TSecr=3045556261 [TCP segment of a reassembled PDU]"
"29203","32.407662754","192.168.1.55","192.168.1.2","TCP","1514","8004  >  36034 [ACK] Seq=69694 Ack=141 Win=65024 Len=1448 TSval=2916036488 TSecr=3045556261 [TCP segment of a reassembled PDU]"
"29204","32.407664569","192.168.1.55","192.168.1.2","TCP","1514","8004  >  36034 [ACK] Seq=71142 Ack=141 Win=65024 Len=1448 TSval=2916036488 TSecr=3045556261 [TCP segment of a reassembled PDU]"
"29205","32.407666088","192.168.1.55","192.168.1.2","TCP","1514","8004  >  36034 [ACK] Seq=72590 Ack=141 Win=65024 Len=1448 TSval=2916036488 TSecr=3045556261 [TCP segment of a reassembled PDU]"
"29206","32.407667736","192.168.1.55","192.168.1.2","TCP","1514","8004  >  36034 [ACK] Seq=74038 Ack=141 Win=65024 Len=1448 TSval=2916036488 TSecr=3045556261 [TCP segment of a reassembled PDU]"
"29207","32.407669329","192.168.1.55","192.168.1.2","TCP","1514","8004  >  36034 [PSH, ACK] Seq=75486 Ack=141 Win=65024 Len=1448 TSval=2916036488 TSecr=3045556261 [TCP segment of a reassembled PDU]"
"29208","32.407677421","192.168.1.2","192.168.1.55","TCP","66","36034  >  8004 [ACK] Seq=141 Ack=39286 Win=90112 Len=0 TSval=3045556262 TSecr=2916036483"
"29209","32.407743699","192.168.1.2","192.168.1.55","TCP","66","36034  >  8004 [ACK] Seq=141 Ack=40734 Win=91136 Len=0 TSval=3045556262 TSecr=2916036483"
"29210","32.407754199","192.168.1.2","192.168.1.55","TCP","66","36034  >  8004 [ACK] Seq=141 Ack=42182 Win=90112 Len=0 TSval=3045556262 TSecr=2916036484"
"29211","32.407820884","192.168.1.55","192.168.1.2","TCP","1514","8004  >  36034 [ACK] Seq=76934 Ack=141 Win=65024 Len=1448 TSval=2916036488 TSecr=3045556262 [TCP segment of a reassembled PDU]"
"29212","32.407827829","192.168.1.55","192.168.1.2","TCP","1514","8004  >  36034 [ACK] Seq=78382 Ack=141 Win=65024 Len=1448 TSval=2916036488 TSecr=3045556262 [TCP segment of a reassembled PDU]"
"29213","32.407829718","192.168.1.55","192.168.1.2","TCP","1514","8004  >  36034 [ACK] Seq=79830 Ack=141 Win=65024 Len=1448 TSval=2916036488 TSecr=3045556262 [TCP segment of a reassembled PDU]"
"29214","32.407831792","192.168.1.55","192.168.1.2","TCP","1514","8004  >  36034 [ACK] Seq=81278 Ack=141 Win=65024 Len=1448 TSval=2916036488 TSecr=3045556262 [TCP segment of a reassembled PDU]"
"29215","32.407833310","192.168.1.55","192.168.1.2","TCP","1514","8004  >  36034 [ACK] Seq=82726 Ack=141 Win=65024 Len=1448 TSval=2916036488 TSecr=3045556262 [TCP segment of a reassembled PDU]"
"29216","32.407835366","192.168.1.55","192.168.1.2","TCP","1514","8004  >  36034 [ACK] Seq=84174 Ack=141 Win=65024 Len=1448 TSval=2916036488 TSecr=3045556262 [TCP segment of a reassembled PDU]"
"29217","32.407837051","192.168.1.55","192.168.1.2","TCP","1514","8004  >  36034 [ACK] Seq=85622 Ack=141 Win=65024 Len=1448 TSval=2916036488 TSecr=3045556262 [TCP segment of a reassembled PDU]"
"29218","32.407839162","192.168.1.55","192.168.1.2","TCP","1514","8004  >  36034 [ACK] Seq=87070 Ack=141 Win=65024 Len=1448 TSval=2916036488 TSecr=3045556262 [TCP segment of a reassembled PDU]"
"29219","32.407841625","192.168.1.55","192.168.1.2","TCP","1514","8004  >  36034 [ACK] Seq=88518 Ack=141 Win=65024 Len=1448 TSval=2916036488 TSecr=3045556262 [TCP segment of a reassembled PDU]"
"29220","32.407844014","192.168.1.55","192.168.1.2","TCP","1514","8004  >  36034 [ACK] Seq=89966 Ack=141 Win=65024 Len=1448 TSval=2916036488 TSecr=3045556262 [TCP segment of a reassembled PDU]"
"29221","32.407846051","192.168.1.55","192.168.1.2","TCP","1514","8004  >  36034 [ACK] Seq=91414 Ack=141 Win=65024 Len=1448 TSval=2916036488 TSecr=3045556262 [TCP segment of a reassembled PDU]"
"29222","32.407848181","192.168.1.55","192.168.1.2","TCP","1514","8004  >  36034 [ACK] Seq=92862 Ack=141 Win=65024 Len=1448 TSval=2916036488 TSecr=3045556262 [TCP segment of a reassembled PDU]"
"29223","32.407850162","192.168.1.55","192.168.1.2","TCP","1514","8004  >  36034 [ACK] Seq=94310 Ack=141 Win=65024 Len=1448 TSval=2916036488 TSecr=3045556262 [TCP segment of a reassembled PDU]"
"29224","32.407852681","192.168.1.55","192.168.1.2","TCP","1514","8004  >  36034 [PSH, ACK] Seq=95758 Ack=141 Win=65024 Len=1448 TSval=2916036488 TSecr=3045556262 [TCP segment of a reassembled PDU]"
"29225","32.409101831","192.168.1.55","192.168.1.2","TCP","1514","8004  >  36034 [ACK] Seq=97206 Ack=141 Win=65024 Len=1448 TSval=2916036489 TSecr=3045556262 [TCP segment of a reassembled PDU]"
"29226","32.409106275","192.168.1.55","192.168.1.2","TCP","1514","8004  >  36034 [PSH, ACK] Seq=98654 Ack=141 Win=65024 Len=1448 TSval=2916036489 TSecr=3045556262 [TCP segment of a reassembled PDU]"
"29227","32.413412875","192.168.1.2","192.168.1.55","TCP","66","36034  >  8004 [ACK] Seq=141 Ack=45078 Win=88064 Len=0 TSval=3045556268 TSecr=2916036488"
"29228","32.413476041","192.168.1.55","192.168.1.2","TCP","1514","8004  >  36034 [ACK] Seq=100102 Ack=141 Win=65024 Len=1448 TSval=2916036494 TSecr=3045556268 [TCP segment of a reassembled PDU]"
"29229","32.413480393","192.168.1.55","192.168.1.2","TCP","1514","8004  >  36034 [ACK] Seq=101550 Ack=141 Win=65024 Len=1448 TSval=2916036494 TSecr=3045556268 [TCP segment of a reassembled PDU]"
"29230","32.413482486","192.168.1.55","192.168.1.2","TCP","1514","8004  >  36034 [ACK] Seq=102998 Ack=141 Win=65024 Len=1448 TSval=2916036494 TSecr=3045556268 [TCP segment of a reassembled PDU]"
"29231","32.413485523","192.168.1.55","192.168.1.2","TCP","1514","8004  >  36034 [PSH, ACK] Seq=104446 Ack=141 Win=65024 Len=1448 TSval=2916036494 TSecr=3045556268 [TCP segment of a reassembled PDU]"
"29232","32.413767634","192.168.1.2","192.168.1.55","TCP","66","36034  >  8004 [ACK] Seq=141 Ack=65350 Win=73728 Len=0 TSval=3045556268 TSecr=2916036488"
"29233","32.413785190","192.168.1.55","192.168.1.2","TCP","1514","8004  >  36034 [ACK] Seq=105894 Ack=141 Win=65024 Len=1448 TSval=2916036494 TSecr=3045556268 [TCP segment of a reassembled PDU]"
"29234","32.413786931","192.168.1.55","192.168.1.2","TCP","1514","8004  >  36034 [ACK] Seq=107342 Ack=141 Win=65024 Len=1448 TSval=2916036494 TSecr=3045556268 [TCP segment of a reassembled PDU]"
"29235","32.413788505","192.168.1.55","192.168.1.2","TCP","1514","8004  >  36034 [ACK] Seq=108790 Ack=141 Win=65024 Len=1448 TSval=2916036494 TSecr=3045556268 [TCP segment of a reassembled PDU]"
"29236","32.413789727","192.168.1.55","192.168.1.2","TCP","1514","8004  >  36034 [ACK] Seq=110238 Ack=141 Win=65024 Len=1448 TSval=2916036494 TSecr=3045556268 [TCP segment of a reassembled PDU]"
"29237","32.413791079","192.168.1.55","192.168.1.2","TCP","1514","8004  >  36034 [ACK] Seq=111686 Ack=141 Win=65024 Len=1448 TSval=2916036494 TSecr=3045556268 [TCP segment of a reassembled PDU]"
"29238","32.413792468","192.168.1.55","192.168.1.2","TCP","1514","8004  >  36034 [ACK] Seq=113134 Ack=141 Win=65024 Len=1448 TSval=2916036494 TSecr=3045556268 [TCP segment of a reassembled PDU]"
"29239","32.413794042","192.168.1.55","192.168.1.2","TCP","1514","8004  >  36034 [PSH, ACK] Seq=114582 Ack=141 Win=65024 Len=1448 TSval=2916036494 TSecr=3045556268 [TCP segment of a reassembled PDU]"
"29240","32.413800209","192.168.1.2","192.168.1.55","TCP","66","36034  >  8004 [ACK] Seq=141 Ack=76934 Win=62464 Len=0 TSval=3045556268 TSecr=2916036488"
"29241","32.413834023","192.168.1.55","192.168.1.2","TCP","1514","8004  >  36034 [ACK] Seq=116030 Ack=141 Win=65024 Len=1448 TSval=2916036494 TSecr=3045556268 [TCP segment of a reassembled PDU]"
"29242","32.413836061","192.168.1.55","192.168.1.2","TCP","1514","8004  >  36034 [ACK] Seq=117478 Ack=141 Win=65024 Len=1448 TSval=2916036494 TSecr=3045556268 [TCP segment of a reassembled PDU]"
"29243","32.413837616","192.168.1.55","192.168.1.2","TCP","1514","8004  >  36034 [ACK] Seq=118926 Ack=141 Win=65024 Len=1448 TSval=2916036494 TSecr=3045556268 [TCP segment of a reassembled PDU]"
"29244","32.413838820","192.168.1.55","192.168.1.2","TCP","1514","8004  >  36034 [ACK] Seq=120374 Ack=141 Win=65024 Len=1448 TSval=2916036494 TSecr=3045556268 [TCP segment of a reassembled PDU]"
"29245","32.413840283","192.168.1.55","192.168.1.2","TCP","1514","8004  >  36034 [ACK] Seq=121822 Ack=141 Win=65024 Len=1448 TSval=2916036494 TSecr=3045556268 [TCP segment of a reassembled PDU]"
"29246","32.413842505","192.168.1.55","192.168.1.2","TCP","1514","8004  >  36034 [ACK] Seq=123270 Ack=141 Win=65024 Len=1448 TSval=2916036494 TSecr=3045556268 [TCP segment of a reassembled PDU]"
"29247","32.413844116","192.168.1.55","192.168.1.2","TCP","1514","8004  >  36034 [ACK] Seq=124718 Ack=141 Win=65024 Len=1448 TSval=2916036494 TSecr=3045556268 [TCP segment of a reassembled PDU]"
"29248","32.413845579","192.168.1.55","192.168.1.2","TCP","1514","8004  >  36034 [ACK] Seq=126166 Ack=141 Win=65024 Len=1448 TSval=2916036494 TSecr=3045556268 [TCP segment of a reassembled PDU]"
"29249","32.413847042","192.168.1.55","192.168.1.2","TCP","1514","8004  >  36034 [ACK] Seq=127614 Ack=141 Win=65024 Len=1448 TSval=2916036494 TSecr=3045556268 [TCP segment of a reassembled PDU]"
"29250","32.413849061","192.168.1.55","192.168.1.2","TCP","1514","8004  >  36034 [ACK] Seq=129062 Ack=141 Win=65024 Len=1448 TSval=2916036494 TSecr=3045556268 [TCP segment of a reassembled PDU]"
"29251","32.413850838","192.168.1.55","192.168.1.2","TCP","1514","8004  >  36034 [ACK] Seq=130510 Ack=141 Win=65024 Len=1448 TSval=2916036494 TSecr=3045556268 [TCP segment of a reassembled PDU]"
"29252","32.413852079","192.168.1.55","192.168.1.2","TCP","1514","8004  >  36034 [ACK] Seq=131958 Ack=141 Win=65024 Len=1448 TSval=2916036494 TSecr=3045556268 [TCP segment of a reassembled PDU]"
"29253","32.413861542","192.168.1.55","192.168.1.2","TCP","1514","8004  >  36034 [ACK] Seq=133406 Ack=141 Win=65024 Len=1448 TSval=2916036494 TSecr=3045556268 [TCP segment of a reassembled PDU]"
"29254","32.413864283","192.168.1.55","192.168.1.2","TCP","1514","8004  >  36034 [ACK] Seq=134854 Ack=141 Win=65024 Len=1448 TSval=2916036494 TSecr=3045556268 [TCP segment of a reassembled PDU]"
"29255","32.413865468","192.168.1.55","192.168.1.2","TCP","1514","8004  >  36034 [ACK] Seq=136302 Ack=141 Win=65024 Len=1448 TSval=2916036494 TSecr=3045556268 [TCP segment of a reassembled PDU]"
"29256","32.413866894","192.168.1.55","192.168.1.2","TCP","1514","8004  >  36034 [ACK] Seq=137750 Ack=141 Win=65024 Len=1448 TSval=2916036494 TSecr=3045556268 [TCP segment of a reassembled PDU]"
"29257","32.413868412","192.168.1.55","192.168.1.2","TCP","266","[TCP Window Full] 8004  >  36034 [PSH, ACK] Seq=139198 Ack=141 Win=65024 Len=200 TSval=2916036494 TSecr=3045556268 [TCP segment of a reassembled PDU]"
"29258","32.413872135","192.168.1.2","192.168.1.55","TCP","66","36034  >  8004 [ACK] Seq=141 Ack=97206 Win=62464 Len=0 TSval=3045556268 TSecr=2916036488"
"29259","32.413879505","192.168.1.2","192.168.1.55","TCP","66","36034  >  8004 [ACK] Seq=141 Ack=100102 Win=60416 Len=0 TSval=3045556268 TSecr=2916036489"
"29260","32.413930801","192.168.1.55","192.168.1.2","TCP","1514","8004  >  36034 [ACK] Seq=139398 Ack=141 Win=65024 Len=1448 TSval=2916036494 TSecr=3045556268 [TCP segment of a reassembled PDU]"
"29261","32.413939320","192.168.1.55","192.168.1.2","TCP","1514","8004  >  36034 [ACK] Seq=140846 Ack=141 Win=65024 Len=1448 TSval=2916036494 TSecr=3045556268 [TCP segment of a reassembled PDU]"
"29262","32.413944061","192.168.1.55","192.168.1.2","TCP","1514","8004  >  36034 [ACK] Seq=142294 Ack=141 Win=65024 Len=1448 TSval=2916036494 TSecr=3045556268 [TCP segment of a reassembled PDU]"
"29263","32.413945931","192.168.1.55","192.168.1.2","TCP","1514","8004  >  36034 [ACK] Seq=143742 Ack=141 Win=65024 Len=1448 TSval=2916036494 TSecr=3045556268 [TCP segment of a reassembled PDU]"
"29264","32.413947894","192.168.1.55","192.168.1.2","TCP","1514","8004  >  36034 [ACK] Seq=145190 Ack=141 Win=65024 Len=1448 TSval=2916036494 TSecr=3045556268 [TCP segment of a reassembled PDU]"
"29265","32.413949913","192.168.1.55","192.168.1.2","TCP","1514","8004  >  36034 [ACK] Seq=146638 Ack=141 Win=65024 Len=1448 TSval=2916036494 TSecr=3045556268 [TCP segment of a reassembled PDU]"
"29266","32.413951561","192.168.1.55","192.168.1.2","TCP","1514","8004  >  36034 [ACK] Seq=148086 Ack=141 Win=65024 Len=1448 TSval=2916036494 TSecr=3045556268 [TCP segment of a reassembled PDU]"
"29267","32.413953209","192.168.1.55","192.168.1.2","TCP","1514","8004  >  36034 [ACK] Seq=149534 Ack=141 Win=65024 Len=1448 TSval=2916036494 TSecr=3045556268 [TCP segment of a reassembled PDU]"
"29268","32.413955394","192.168.1.55","192.168.1.2","TCP","1514","8004  >  36034 [ACK] Seq=150982 Ack=141 Win=65024 Len=1448 TSval=2916036494 TSecr=3045556268 [TCP segment of a reassembled PDU]"
"29269","32.413957394","192.168.1.55","192.168.1.2","TCP","1514","8004  >  36034 [PSH, ACK] Seq=152430 Ack=141 Win=65024 Len=1448 TSval=2916036494 TSecr=3045556268 [TCP segment of a reassembled PDU]"
"29270","32.413969135","192.168.1.55","192.168.1.2","TCP","1314","8004  >  36034 [ACK] Seq=153878 Ack=141 Win=65024 Len=1248 TSval=2916036494 TSecr=3045556268 [TCP segment of a reassembled PDU]"
"29271","32.413988802","192.168.1.55","192.168.1.2","TCP","1514","8004  >  36034 [ACK] Seq=155126 Ack=141 Win=65024 Len=1448 TSval=2916036494 TSecr=3045556268 [TCP segment of a reassembled PDU]"
"29272","32.413991727","192.168.1.55","192.168.1.2","TCP","1514","8004  >  36034 [ACK] Seq=156574 Ack=141 Win=65024 Len=1448 TSval=2916036494 TSecr=3045556268 [TCP segment of a reassembled PDU]"
"29273","32.413994505","192.168.1.55","192.168.1.2","TCP","1514","8004  >  36034 [PSH, ACK] Seq=158022 Ack=141 Win=65024 Len=1448 TSval=2916036494 TSecr=3045556268 [TCP segment of a reassembled PDU]"
"29274","32.419373754","192.168.1.2","192.168.1.55","TCP","66","36034  >  8004 [ACK] Seq=141 Ack=105894 Win=83968 Len=0 TSval=3045556271 TSecr=2916036494"
"29275","32.419406940","192.168.1.55","192.168.1.2","TCP","1514","8004  >  36034 [ACK] Seq=159470 Ack=141 Win=65024 Len=1448 TSval=2916036500 TSecr=3045556271 [TCP segment of a reassembled PDU]"
"29276","32.419409384","192.168.1.55","192.168.1.2","TCP","1514","8004  >  36034 [ACK] Seq=160918 Ack=141 Win=65024 Len=1448 TSval=2916036500 TSecr=3045556271 [TCP segment of a reassembled PDU]"
"29277","32.419410625","192.168.1.55","192.168.1.2","TCP","1514","8004  >  36034 [ACK] Seq=162366 Ack=141 Win=65024 Len=1448 TSval=2916036500 TSecr=3045556271 [TCP segment of a reassembled PDU]"
"29278","32.419411810","192.168.1.55","192.168.1.2","TCP","1514","8004  >  36034 [ACK] Seq=163814 Ack=141 Win=65024 Len=1448 TSval=2916036500 TSecr=3045556271 [TCP segment of a reassembled PDU]"
"29279","32.419412995","192.168.1.55","192.168.1.2","TCP","1514","8004  >  36034 [ACK] Seq=165262 Ack=141 Win=65024 Len=1448 TSval=2916036500 TSecr=3045556271 [TCP segment of a reassembled PDU]"
"29280","32.419414106","192.168.1.55","192.168.1.2","TCP","1514","8004  >  36034 [ACK] Seq=166710 Ack=141 Win=65024 Len=1448 TSval=2916036500 TSecr=3045556271 [TCP segment of a reassembled PDU]"
"29281","32.419415199","192.168.1.55","192.168.1.2","TCP","1514","8004  >  36034 [ACK] Seq=168158 Ack=141 Win=65024 Len=1448 TSval=2916036500 TSecr=3045556271 [TCP segment of a reassembled PDU]"
"29282","32.419416329","192.168.1.55","192.168.1.2","TCP","1514","8004  >  36034 [ACK] Seq=169606 Ack=141 Win=65024 Len=1448 TSval=2916036500 TSecr=3045556271 [TCP segment of a reassembled PDU]"
"29283","32.419417495","192.168.1.55","192.168.1.2","TCP","1514","8004  >  36034 [ACK] Seq=171054 Ack=141 Win=65024 Len=1448 TSval=2916036500 TSecr=3045556271 [TCP segment of a reassembled PDU]"
"29284","32.419418773","192.168.1.55","192.168.1.2","TCP","1514","8004  >  36034 [ACK] Seq=172502 Ack=141 Win=65024 Len=1448 TSval=2916036500 TSecr=3045556271 [TCP segment of a reassembled PDU]"
"29285","32.419419884","192.168.1.55","192.168.1.2","TCP","1514","8004  >  36034 [ACK] Seq=173950 Ack=141 Win=65024 Len=1448 TSval=2916036500 TSecr=3045556271 [TCP segment of a reassembled PDU]"
"29286","32.419420977","192.168.1.55","192.168.1.2","TCP","1514","8004  >  36034 [ACK] Seq=175398 Ack=141 Win=65024 Len=1448 TSval=2916036500 TSecr=3045556271 [TCP segment of a reassembled PDU]"
"29287","32.419422458","192.168.1.55","192.168.1.2","TCP","1514","8004  >  36034 [ACK] Seq=176846 Ack=141 Win=65024 Len=1448 TSval=2916036500 TSecr=3045556271 [TCP segment of a reassembled PDU]"
"29288","32.419423606","192.168.1.55","192.168.1.2","TCP","1514","8004  >  36034 [ACK] Seq=178294 Ack=141 Win=65024 Len=1448 TSval=2916036500 TSecr=3045556271 [TCP segment of a reassembled PDU]"
"29289","32.419424829","192.168.1.55","192.168.1.2","TCP","1514","8004  >  36034 [ACK] Seq=179742 Ack=141 Win=65024 Len=1448 TSval=2916036500 TSecr=3045556271 [TCP segment of a reassembled PDU]"
"29290","32.419426347","192.168.1.55","192.168.1.2","TCP","1514","8004  >  36034 [ACK] Seq=181190 Ack=141 Win=65024 Len=1448 TSval=2916036500 TSecr=3045556271 [TCP segment of a reassembled PDU]"
"29291","32.419427606","192.168.1.55","192.168.1.2","TCP","1514","8004  >  36034 [ACK] Seq=182638 Ack=141 Win=65024 Len=1448 TSval=2916036500 TSecr=3045556271 [TCP segment of a reassembled PDU]"
"29292","32.419428847","192.168.1.55","192.168.1.2","TCP","1514","8004  >  36034 [ACK] Seq=184086 Ack=141 Win=65024 Len=1448 TSval=2916036500 TSecr=3045556271 [TCP segment of a reassembled PDU]"
"29293","32.419430218","192.168.1.55","192.168.1.2","TCP","1514","8004  >  36034 [ACK] Seq=185534 Ack=141 Win=65024 Len=1448 TSval=2916036500 TSecr=3045556271 [TCP segment of a reassembled PDU]"
"29294","32.419431551","192.168.1.55","192.168.1.2","TCP","1514","8004  >  36034 [PSH, ACK] Seq=186982 Ack=141 Win=65024 Len=1448 TSval=2916036500 TSecr=3045556271 [TCP segment of a reassembled PDU]"
"29295","32.419458329","192.168.1.2","192.168.1.55","TCP","66","36034  >  8004 [ACK] Seq=141 Ack=107342 Win=94208 Len=0 TSval=3045556273 TSecr=2916036494"
"29296","32.419472866","192.168.1.55","192.168.1.2","TCP","1514","8004  >  36034 [ACK] Seq=188430 Ack=141 Win=65024 Len=1448 TSval=2916036500 TSecr=3045556273 [TCP segment of a reassembled PDU]"
"29297","32.419474255","192.168.1.55","192.168.1.2","TCP","1514","8004  >  36034 [ACK] Seq=189878 Ack=141 Win=65024 Len=1448 TSval=2916036500 TSecr=3045556273 [TCP segment of a reassembled PDU]"
"29298","32.419475569","192.168.1.55","192.168.1.2","TCP","1514","8004  >  36034 [ACK] Seq=191326 Ack=141 Win=65024 Len=1448 TSval=2916036500 TSecr=3045556273 [TCP segment of a reassembled PDU]"
"29299","32.419476773","192.168.1.55","192.168.1.2","TCP","1514","8004  >  36034 [ACK] Seq=192774 Ack=141 Win=65024 Len=1448 TSval=2916036500 TSecr=3045556273 [TCP segment of a reassembled PDU]"
"29300","32.419477921","192.168.1.55","192.168.1.2","TCP","1514","8004  >  36034 [ACK] Seq=194222 Ack=141 Win=65024 Len=1448 TSval=2916036500 TSecr=3045556273 [TCP segment of a reassembled PDU]"
"29301","32.419479106","192.168.1.55","192.168.1.2","TCP","1514","8004  >  36034 [ACK] Seq=195670 Ack=141 Win=65024 Len=1448 TSval=2916036500 TSecr=3045556273 [TCP segment of a reassembled PDU]"
"29302","32.419480310","192.168.1.55","192.168.1.2","TCP","1514","8004  >  36034 [ACK] Seq=197118 Ack=141 Win=65024 Len=1448 TSval=2916036500 TSecr=3045556273 [TCP segment of a reassembled PDU]"
"29303","32.419481495","192.168.1.55","192.168.1.2","TCP","1514","8004  >  36034 [PSH, ACK] Seq=198566 Ack=141 Win=65024 Len=1448 TSval=2916036500 TSecr=3045556273 [TCP segment of a reassembled PDU]"
"29304","32.422851630","192.168.1.2","192.168.1.55","TCP","66","36034  >  8004 [ACK] Seq=141 Ack=116030 Win=111616 Len=0 TSval=3045556274 TSecr=2916036494"
"29305","32.422876667","192.168.1.55","192.168.1.2","TCP","1514","8004  >  36034 [ACK] Seq=200014 Ack=141 Win=65024 Len=1448 TSval=2916036503 TSecr=3045556274 [TCP segment of a reassembled PDU]"
"29306","32.422879390","192.168.1.55","192.168.1.2","TCP","1514","8004  >  36034 [ACK] Seq=201462 Ack=141 Win=65024 Len=1448 TSval=2916036503 TSecr=3045556274 [TCP segment of a reassembled PDU]"
"29307","32.422880686","192.168.1.55","192.168.1.2","TCP","1514","8004  >  36034 [ACK] Seq=202910 Ack=141 Win=65024 Len=1448 TSval=2916036503 TSecr=3045556274 [TCP segment of a reassembled PDU]"
"29308","32.422881964","192.168.1.55","192.168.1.2","TCP","1514","8004  >  36034 [ACK] Seq=204358 Ack=141 Win=65024 Len=1448 TSval=2916036503 TSecr=3045556274 [TCP segment of a reassembled PDU]"
"29309","32.422883334","192.168.1.55","192.168.1.2","TCP","1514","8004  >  36034 [ACK] Seq=205806 Ack=141 Win=65024 Len=1448 TSval=2916036503 TSecr=3045556274 [TCP segment of a reassembled PDU]"
"29310","32.422884816","192.168.1.55","192.168.1.2","TCP","1514","8004  >  36034 [ACK] Seq=207254 Ack=141 Win=65024 Len=1448 TSval=2916036503 TSecr=3045556274 [TCP segment of a reassembled PDU]"
"29311","32.422886075","192.168.1.55","192.168.1.2","TCP","1514","8004  >  36034 [ACK] Seq=208702 Ack=141 Win=65024 Len=1448 TSval=2916036503 TSecr=3045556274 [TCP segment of a reassembled PDU]"
"29312","32.422887427","192.168.1.55","192.168.1.2","TCP","1514","8004  >  36034 [ACK] Seq=210150 Ack=141 Win=65024 Len=1448 TSval=2916036503 TSecr=3045556274 [TCP segment of a reassembled PDU]"
"29313","32.422888834","192.168.1.55","192.168.1.2","TCP","1514","8004  >  36034 [ACK] Seq=211598 Ack=141 Win=65024 Len=1448 TSval=2916036503 TSecr=3045556274 [TCP segment of a reassembled PDU]"
"29314","32.422890279","192.168.1.55","192.168.1.2","TCP","1514","8004  >  36034 [ACK] Seq=213046 Ack=141 Win=65024 Len=1448 TSval=2916036503 TSecr=3045556274 [TCP segment of a reassembled PDU]"
"29315","32.422891519","192.168.1.55","192.168.1.2","TCP","1514","8004  >  36034 [ACK] Seq=214494 Ack=141 Win=65024 Len=1448 TSval=2916036503 TSecr=3045556274 [TCP segment of a reassembled PDU]"
"29316","32.422893186","192.168.1.55","192.168.1.2","TCP","1514","8004  >  36034 [ACK] Seq=215942 Ack=141 Win=65024 Len=1448 TSval=2916036503 TSecr=3045556274 [TCP segment of a reassembled PDU]"
"29317","32.422894538","192.168.1.55","192.168.1.2","TCP","1514","8004  >  36034 [ACK] Seq=217390 Ack=141 Win=65024 Len=1448 TSval=2916036503 TSecr=3045556274 [TCP segment of a reassembled PDU]"
"29318","32.422895853","192.168.1.55","192.168.1.2","TCP","1514","8004  >  36034 [ACK] Seq=218838 Ack=141 Win=65024 Len=1448 TSval=2916036503 TSecr=3045556274 [TCP segment of a reassembled PDU]"
"29319","32.422897353","192.168.1.55","192.168.1.2","TCP","1514","8004  >  36034 [ACK] Seq=220286 Ack=141 Win=65024 Len=1448 TSval=2916036503 TSecr=3045556274 [TCP segment of a reassembled PDU]"
"29320","32.422898612","192.168.1.55","192.168.1.2","TCP","1514","8004  >  36034 [ACK] Seq=221734 Ack=141 Win=65024 Len=1448 TSval=2916036503 TSecr=3045556274 [TCP segment of a reassembled PDU]"
"29321","32.422899908","192.168.1.55","192.168.1.2","TCP","1514","8004  >  36034 [ACK] Seq=223182 Ack=141 Win=65024 Len=1448 TSval=2916036503 TSecr=3045556274 [TCP segment of a reassembled PDU]"
"29322","32.422901649","192.168.1.55","192.168.1.2","TCP","1514","8004  >  36034 [ACK] Seq=224630 Ack=141 Win=65024 Len=1448 TSval=2916036503 TSecr=3045556274 [TCP segment of a reassembled PDU]"
"29323","32.422902890","192.168.1.55","192.168.1.2","TCP","1514","8004  >  36034 [PSH, ACK] Seq=226078 Ack=141 Win=65024 Len=1448 TSval=2916036503 TSecr=3045556274 [TCP segment of a reassembled PDU]"
"29324","32.422999223","192.168.1.2","192.168.1.55","TCP","66","36034  >  8004 [ACK] Seq=141 Ack=139398 Win=91136 Len=0 TSval=3045556274 TSecr=2916036494"
"29325","32.423009205","192.168.1.2","192.168.1.55","TCP","66","36034  >  8004 [ACK] Seq=141 Ack=153878 Win=77824 Len=0 TSval=3045556274 TSecr=2916036494"
"29326","32.423014834","192.168.1.2","192.168.1.55","TCP","66","36034  >  8004 [ACK] Seq=141 Ack=156574 Win=82944 Len=0 TSval=3045556274 TSecr=2916036494"
"29327","32.423805447","192.168.1.2","192.168.1.55","TCP","66","36034  >  8004 [ACK] Seq=141 Ack=158022 Win=114688 Len=0 TSval=3045556275 TSecr=2916036494"
"29328","32.423822873","192.168.1.55","192.168.1.2","TCP","1514","8004  >  36034 [ACK] Seq=227526 Ack=141 Win=65024 Len=1448 TSval=2916036504 TSecr=3045556275 [TCP segment of a reassembled PDU]"
"29329","32.423824558","192.168.1.55","192.168.1.2","TCP","1514","8004  >  36034 [ACK] Seq=228974 Ack=141 Win=65024 Len=1448 TSval=2916036504 TSecr=3045556275 [TCP segment of a reassembled PDU]"
"29330","32.423825854","192.168.1.55","192.168.1.2","TCP","1514","8004  >  36034 [ACK] Seq=230422 Ack=141 Win=65024 Len=1448 TSval=2916036504 TSecr=3045556275 [TCP segment of a reassembled PDU]"
"29331","32.423827169","192.168.1.55","192.168.1.2","TCP","1514","8004  >  36034 [ACK] Seq=231870 Ack=141 Win=65024 Len=1448 TSval=2916036504 TSecr=3045556275 [TCP segment of a reassembled PDU]"
"29332","32.423828447","192.168.1.55","192.168.1.2","TCP","1514","8004  >  36034 [ACK] Seq=233318 Ack=141 Win=65024 Len=1448 TSval=2916036504 TSecr=3045556275 [TCP segment of a reassembled PDU]"
"29333","32.423829780","192.168.1.55","192.168.1.2","TCP","1514","8004  >  36034 [ACK] Seq=234766 Ack=141 Win=65024 Len=1448 TSval=2916036504 TSecr=3045556275 [TCP segment of a reassembled PDU]"
"29334","32.423831058","192.168.1.55","192.168.1.2","TCP","1514","8004  >  36034 [ACK] Seq=236214 Ack=141 Win=65024 Len=1448 TSval=2916036504 TSecr=3045556275 [TCP segment of a reassembled PDU]"
"29335","32.423832336","192.168.1.55","192.168.1.2","TCP","1514","8004  >  36034 [ACK] Seq=237662 Ack=141 Win=65024 Len=1448 TSval=2916036504 TSecr=3045556275 [TCP segment of a reassembled PDU]"
"29336","32.423833613","192.168.1.55","192.168.1.2","TCP","1514","8004  >  36034 [ACK] Seq=239110 Ack=141 Win=65024 Len=1448 TSval=2916036504 TSecr=3045556275 [TCP segment of a reassembled PDU]"
"29337","32.423834891","192.168.1.55","192.168.1.2","TCP","1514","8004  >  36034 [ACK] Seq=240558 Ack=141 Win=65024 Len=1448 TSval=2916036504 TSecr=3045556275 [TCP segment of a reassembled PDU]"
"29338","32.423836280","192.168.1.55","192.168.1.2","TCP","1514","8004  >  36034 [ACK] Seq=242006 Ack=141 Win=65024 Len=1448 TSval=2916036504 TSecr=3045556275 [TCP segment of a reassembled PDU]"
"29339","32.423837576","192.168.1.55","192.168.1.2","TCP","1514","8004  >  36034 [PSH, ACK] Seq=243454 Ack=141 Win=65024 Len=1448 TSval=2916036504 TSecr=3045556275 [TCP segment of a reassembled PDU]"
"29340","32.423842150","192.168.1.2","192.168.1.55","TCP","66","36034  >  8004 [ACK] Seq=141 Ack=159470 Win=114688 Len=0 TSval=3045556275 TSecr=2916036494"
"29341","32.426290339","192.168.1.2","192.168.1.55","TCP","66","36034  >  8004 [ACK] Seq=141 Ack=200014 Win=79872 Len=0 TSval=3045556279 TSecr=2916036500"
"29342","32.426355580","192.168.1.55","192.168.1.2","TCP","1514","8004  >  36034 [ACK] Seq=244902 Ack=141 Win=65024 Len=1448 TSval=2916036507 TSecr=3045556279 [TCP segment of a reassembled PDU]"
"29343","32.426359766","192.168.1.55","192.168.1.2","TCP","1514","8004  >  36034 [ACK] Seq=246350 Ack=141 Win=65024 Len=1448 TSval=2916036507 TSecr=3045556279 [TCP segment of a reassembled PDU]"
"29344","32.426361173","192.168.1.55","192.168.1.2","TCP","1514","8004  >  36034 [ACK] Seq=247798 Ack=141 Win=65024 Len=1448 TSval=2916036507 TSecr=3045556279 [TCP segment of a reassembled PDU]"
"29345","32.426362710","192.168.1.55","192.168.1.2","TCP","1514","8004  >  36034 [ACK] Seq=249246 Ack=141 Win=65024 Len=1448 TSval=2916036507 TSecr=3045556279 [TCP segment of a reassembled PDU]"
"29346","32.426364136","192.168.1.55","192.168.1.2","TCP","1514","8004  >  36034 [ACK] Seq=250694 Ack=141 Win=65024 Len=1448 TSval=2916036507 TSecr=3045556279 [TCP segment of a reassembled PDU]"
"29347","32.426365562","192.168.1.55","192.168.1.2","TCP","1514","8004  >  36034 [ACK] Seq=252142 Ack=141 Win=65024 Len=1448 TSval=2916036507 TSecr=3045556279 [TCP segment of a reassembled PDU]"
"29348","32.426366988","192.168.1.55","192.168.1.2","TCP","1514","8004  >  36034 [ACK] Seq=253590 Ack=141 Win=65024 Len=1448 TSval=2916036507 TSecr=3045556279 [TCP segment of a reassembled PDU]"
"29349","32.426368340","192.168.1.55","192.168.1.2","TCP","1514","8004  >  36034 [ACK] Seq=255038 Ack=141 Win=65024 Len=1448 TSval=2916036507 TSecr=3045556279 [TCP segment of a reassembled PDU]"
"29350","32.426369766","192.168.1.55","192.168.1.2","TCP","1514","8004  >  36034 [ACK] Seq=256486 Ack=141 Win=65024 Len=1448 TSval=2916036507 TSecr=3045556279 [TCP segment of a reassembled PDU]"
"29351","32.426371247","192.168.1.55","192.168.1.2","TCP","1514","8004  >  36034 [ACK] Seq=257934 Ack=141 Win=65024 Len=1448 TSval=2916036507 TSecr=3045556279 [TCP segment of a reassembled PDU]"
"29352","32.426372691","192.168.1.55","192.168.1.2","TCP","1514","8004  >  36034 [ACK] Seq=259382 Ack=141 Win=65024 Len=1448 TSval=2916036507 TSecr=3045556279 [TCP segment of a reassembled PDU]"
"29353","32.426374469","192.168.1.55","192.168.1.2","TCP","1514","8004  >  36034 [ACK] Seq=260830 Ack=141 Win=65024 Len=1448 TSval=2916036507 TSecr=3045556279 [TCP segment of a reassembled PDU]"
"29354","32.426375747","192.168.1.55","192.168.1.2","TCP","1514","8004  >  36034 [ACK] Seq=262278 Ack=141 Win=65024 Len=1448 TSval=2916036507 TSecr=3045556279 [TCP segment of a reassembled PDU]"
"29355","32.426377191","192.168.1.55","192.168.1.2","TCP","1514","8004  >  36034 [ACK] Seq=263726 Ack=141 Win=65024 Len=1448 TSval=2916036507 TSecr=3045556279 [TCP segment of a reassembled PDU]"
"29356","32.426378488","192.168.1.55","192.168.1.2","TCP","1514","8004  >  36034 [ACK] Seq=265174 Ack=141 Win=65024 Len=1448 TSval=2916036507 TSecr=3045556279 [TCP segment of a reassembled PDU]"
"29357","32.426379932","192.168.1.55","192.168.1.2","TCP","1514","8004  >  36034 [ACK] Seq=266622 Ack=141 Win=65024 Len=1448 TSval=2916036507 TSecr=3045556279 [TCP segment of a reassembled PDU]"
"29358","32.426381321","192.168.1.55","192.168.1.2","TCP","1514","8004  >  36034 [ACK] Seq=268070 Ack=141 Win=65024 Len=1448 TSval=2916036507 TSecr=3045556279 [TCP segment of a reassembled PDU]"
"29359","32.426382673","192.168.1.55","192.168.1.2","TCP","1514","8004  >  36034 [ACK] Seq=269518 Ack=141 Win=65024 Len=1448 TSval=2916036507 TSecr=3045556279 [TCP segment of a reassembled PDU]"
"29360","32.426384025","192.168.1.55","192.168.1.2","TCP","1514","8004  >  36034 [ACK] Seq=270966 Ack=141 Win=65024 Len=1448 TSval=2916036507 TSecr=3045556279 [TCP segment of a reassembled PDU]"
"29361","32.426385451","192.168.1.55","192.168.1.2","TCP","1514","8004  >  36034 [ACK] Seq=272414 Ack=141 Win=65024 Len=1448 TSval=2916036507 TSecr=3045556279 [TCP segment of a reassembled PDU]"
"29362","32.426386840","192.168.1.55","192.168.1.2","TCP","1514","8004  >  36034 [ACK] Seq=273862 Ack=141 Win=65024 Len=1448 TSval=2916036507 TSecr=3045556279 [TCP segment of a reassembled PDU]"
"29363","32.426388266","192.168.1.55","192.168.1.2","TCP","1514","8004  >  36034 [ACK] Seq=275310 Ack=141 Win=65024 Len=1448 TSval=2916036507 TSecr=3045556279 [TCP segment of a reassembled PDU]"
"29364","32.426389599","192.168.1.55","192.168.1.2","TCP","1514","8004  >  36034 [ACK] Seq=276758 Ack=141 Win=65024 Len=1448 TSval=2916036507 TSecr=3045556279 [TCP segment of a reassembled PDU]"
"29365","32.426390969","192.168.1.55","192.168.1.2","TCP","1514","8004  >  36034 [ACK] Seq=278206 Ack=141 Win=65024 Len=1448 TSval=2916036507 TSecr=3045556279 [TCP segment of a reassembled PDU]"
"29366","32.426392506","192.168.1.55","192.168.1.2","TCP","298","[TCP Window Full] 8004  >  36034 [PSH, ACK] Seq=279654 Ack=141 Win=65024 Len=232 TSval=2916036507 TSecr=3045556279 [TCP segment of a reassembled PDU]"
"29367","32.429452252","192.168.1.2","192.168.1.55","TCP","66","36034  >  8004 [ACK] Seq=141 Ack=227526 Win=94208 Len=0 TSval=3045556282 TSecr=2916036503"
"29368","32.429467067","192.168.1.55","192.168.1.2","TCP","1514","8004  >  36034 [ACK] Seq=279886 Ack=141 Win=65024 Len=1448 TSval=2916036510 TSecr=3045556282 [TCP segment of a reassembled PDU]"
"29369","32.429469511","192.168.1.55","192.168.1.2","TCP","1514","8004  >  36034 [ACK] Seq=281334 Ack=141 Win=65024 Len=1448 TSval=2916036510 TSecr=3045556282 [TCP segment of a reassembled PDU]"
"29370","32.429470974","192.168.1.55","192.168.1.2","TCP","1514","8004  >  36034 [ACK] Seq=282782 Ack=141 Win=65024 Len=1448 TSval=2916036510 TSecr=3045556282 [TCP segment of a reassembled PDU]"
"29371","32.429472252","192.168.1.55","192.168.1.2","TCP","1514","8004  >  36034 [ACK] Seq=284230 Ack=141 Win=65024 Len=1448 TSval=2916036510 TSecr=3045556282 [TCP segment of a reassembled PDU]"
"29372","32.429473530","192.168.1.55","192.168.1.2","TCP","1514","8004  >  36034 [ACK] Seq=285678 Ack=141 Win=65024 Len=1448 TSval=2916036510 TSecr=3045556282 [TCP segment of a reassembled PDU]"
"29373","32.429474974","192.168.1.55","192.168.1.2","TCP","1514","8004  >  36034 [PSH, ACK] Seq=287126 Ack=141 Win=65024 Len=1448 TSval=2916036510 TSecr=3045556282 [TCP segment of a reassembled PDU]"
"29374","32.429479974","192.168.1.55","192.168.1.2","TCP","1282","8004  >  36034 [ACK] Seq=288574 Ack=141 Win=65024 Len=1216 TSval=2916036510 TSecr=3045556282 [TCP segment of a reassembled PDU]"
"29375","32.429503326","192.168.1.55","192.168.1.2","TCP","1514","8004  >  36034 [ACK] Seq=289790 Ack=141 Win=65024 Len=1448 TSval=2916036510 TSecr=3045556282 [TCP segment of a reassembled PDU]"
"29376","32.429505011","192.168.1.55","192.168.1.2","TCP","1514","8004  >  36034 [ACK] Seq=291238 Ack=141 Win=65024 Len=1448 TSval=2916036510 TSecr=3045556282 [TCP segment of a reassembled PDU]"
"29377","32.429506326","192.168.1.55","192.168.1.2","TCP","1514","8004  >  36034 [ACK] Seq=292686 Ack=141 Win=65024 Len=1448 TSval=2916036510 TSecr=3045556282 [TCP segment of a reassembled PDU]"
"29378","32.429507808","192.168.1.55","192.168.1.2","TCP","1514","8004  >  36034 [ACK] Seq=294134 Ack=141 Win=65024 Len=1448 TSval=2916036510 TSecr=3045556282 [TCP segment of a reassembled PDU]"
"29379","32.429509085","192.168.1.55","192.168.1.2","TCP","1514","8004  >  36034 [ACK] Seq=295582 Ack=141 Win=65024 Len=1448 TSval=2916036510 TSecr=3045556282 [TCP segment of a reassembled PDU]"
"29380","32.429510548","192.168.1.55","192.168.1.2","TCP","1514","8004  >  36034 [ACK] Seq=297030 Ack=141 Win=65024 Len=1448 TSval=2916036510 TSecr=3045556282 [TCP segment of a reassembled PDU]"
"29381","32.429511826","192.168.1.55","192.168.1.2","TCP","1514","8004  >  36034 [ACK] Seq=298478 Ack=141 Win=65024 Len=1448 TSval=2916036510 TSecr=3045556282 [TCP segment of a reassembled PDU]"
"29382","32.429513085","192.168.1.55","192.168.1.2","TCP","1514","8004  >  36034 [ACK] Seq=299926 Ack=141 Win=65024 Len=1448 TSval=2916036510 TSecr=3045556282 [TCP segment of a reassembled PDU]"
"29383","32.429514437","192.168.1.55","192.168.1.2","TCP","1514","8004  >  36034 [ACK] Seq=301374 Ack=141 Win=65024 Len=1448 TSval=2916036510 TSecr=3045556282 [TCP segment of a reassembled PDU]"
"29384","32.429515752","192.168.1.55","192.168.1.2","TCP","1514","8004  >  36034 [ACK] Seq=302822 Ack=141 Win=65024 Len=1448 TSval=2916036510 TSecr=3045556282 [TCP segment of a reassembled PDU]"
"29385","32.429517122","192.168.1.55","192.168.1.2","TCP","1514","8004  >  36034 [ACK] Seq=304270 Ack=141 Win=65024 Len=1448 TSval=2916036510 TSecr=3045556282 [TCP segment of a reassembled PDU]"
"29386","32.429518382","192.168.1.55","192.168.1.2","TCP","1514","8004  >  36034 [ACK] Seq=305718 Ack=141 Win=65024 Len=1448 TSval=2916036510 TSecr=3045556282 [TCP segment of a reassembled PDU]"
"29387","32.429519696","192.168.1.55","192.168.1.2","TCP","1514","8004  >  36034 [ACK] Seq=307166 Ack=141 Win=65024 Len=1448 TSval=2916036510 TSecr=3045556282 [TCP segment of a reassembled PDU]"
"29388","32.429521215","192.168.1.55","192.168.1.2","TCP","1514","8004  >  36034 [ACK] Seq=308614 Ack=141 Win=65024 Len=1448 TSval=2916036510 TSecr=3045556282 [TCP segment of a reassembled PDU]"
"29389","32.429522474","192.168.1.55","192.168.1.2","TCP","1514","8004  >  36034 [ACK] Seq=310062 Ack=141 Win=65024 Len=1448 TSval=2916036510 TSecr=3045556282 [TCP segment of a reassembled PDU]"
"29390","32.429523771","192.168.1.55","192.168.1.2","TCP","1514","8004  >  36034 [ACK] Seq=311510 Ack=141 Win=65024 Len=1448 TSval=2916036510 TSecr=3045556282 [TCP segment of a reassembled PDU]"
"29391","32.429525122","192.168.1.55","192.168.1.2","TCP","1514","8004  >  36034 [ACK] Seq=312958 Ack=141 Win=65024 Len=1448 TSval=2916036510 TSecr=3045556282 [TCP segment of a reassembled PDU]"
"29392","32.429526659","192.168.1.55","192.168.1.2","TCP","1514","8004  >  36034 [ACK] Seq=314406 Ack=141 Win=65024 Len=1448 TSval=2916036510 TSecr=3045556282 [TCP segment of a reassembled PDU]"
"29393","32.429528196","192.168.1.55","192.168.1.2","TCP","1514","8004  >  36034 [ACK] Seq=315854 Ack=141 Win=65024 Len=1448 TSval=2916036510 TSecr=3045556282 [TCP segment of a reassembled PDU]"
"29394","32.429530030","192.168.1.55","192.168.1.2","TCP","1514","8004  >  36034 [ACK] Seq=317302 Ack=141 Win=65024 Len=1448 TSval=2916036510 TSecr=3045556282 [TCP segment of a reassembled PDU]"
"29395","32.429531308","192.168.1.55","192.168.1.2","TCP","1514","8004  >  36034 [ACK] Seq=318750 Ack=141 Win=65024 Len=1448 TSval=2916036510 TSecr=3045556282 [TCP segment of a reassembled PDU]"
"29396","32.429532604","192.168.1.55","192.168.1.2","TCP","1514","8004  >  36034 [PSH, ACK] Seq=320198 Ack=141 Win=65024 Len=1448 TSval=2916036510 TSecr=3045556282 [TCP segment of a reassembled PDU]"
"29397","32.429562511","192.168.1.2","192.168.1.55","TCP","66","36034  >  8004 [ACK] Seq=141 Ack=244902 Win=77824 Len=0 TSval=3045556282 TSecr=2916036504"
"29398","32.432970072","192.168.1.2","192.168.1.55","TCP","66","36034  >  8004 [ACK] Seq=141 Ack=279654 Win=86016 Len=0 TSval=3045556285 TSecr=2916036507"
"29399","32.432986498","192.168.1.55","192.168.1.2","TCP","1514","8004  >  36034 [ACK] Seq=321646 Ack=141 Win=65024 Len=1448 TSval=2916036513 TSecr=3045556285 [TCP segment of a reassembled PDU]"
"29400","32.432989109","192.168.1.55","192.168.1.2","TCP","1514","8004  >  36034 [ACK] Seq=323094 Ack=141 Win=65024 Len=1448 TSval=2916036513 TSecr=3045556285 [TCP segment of a reassembled PDU]"
"29401","32.432990480","192.168.1.55","192.168.1.2","TCP","1514","8004  >  36034 [ACK] Seq=324542 Ack=141 Win=65024 Len=1448 TSval=2916036513 TSecr=3045556285 [TCP segment of a reassembled PDU]"
"29402","32.432991887","192.168.1.55","192.168.1.2","TCP","1514","8004  >  36034 [ACK] Seq=325990 Ack=141 Win=65024 Len=1448 TSval=2916036513 TSecr=3045556285 [TCP segment of a reassembled PDU]"
"29403","32.432993257","192.168.1.55","192.168.1.2","TCP","1514","8004  >  36034 [ACK] Seq=327438 Ack=141 Win=65024 Len=1448 TSval=2916036513 TSecr=3045556285 [TCP segment of a reassembled PDU]"
"29404","32.432994609","192.168.1.55","192.168.1.2","TCP","1514","8004  >  36034 [ACK] Seq=328886 Ack=141 Win=65024 Len=1448 TSval=2916036513 TSecr=3045556285 [TCP segment of a reassembled PDU]"
"29405","32.432996072","192.168.1.55","192.168.1.2","TCP","1514","8004  >  36034 [ACK] Seq=330334 Ack=141 Win=65024 Len=1448 TSval=2916036513 TSecr=3045556285 [TCP segment of a reassembled PDU]"
"29406","32.432997443","192.168.1.55","192.168.1.2","TCP","1514","8004  >  36034 [ACK] Seq=331782 Ack=141 Win=65024 Len=1448 TSval=2916036513 TSecr=3045556285 [TCP segment of a reassembled PDU]"
"29407","32.432998943","192.168.1.55","192.168.1.2","TCP","1514","8004  >  36034 [PSH, ACK] Seq=333230 Ack=141 Win=65024 Len=1448 TSval=2916036513 TSecr=3045556285 [TCP segment of a reassembled PDU]"
"29408","32.433025554","192.168.1.55","192.168.1.2","TCP","1514","8004  >  36034 [ACK] Seq=334678 Ack=141 Win=65024 Len=1448 TSval=2916036513 TSecr=3045556285 [TCP segment of a reassembled PDU]"
"29409","32.433027128","192.168.1.55","192.168.1.2","TCP","1514","8004  >  36034 [ACK] Seq=336126 Ack=141 Win=65024 Len=1448 TSval=2916036513 TSecr=3045556285 [TCP segment of a reassembled PDU]"
"29410","32.433028720","192.168.1.55","192.168.1.2","TCP","1514","8004  >  36034 [ACK] Seq=337574 Ack=141 Win=65024 Len=1448 TSval=2916036513 TSecr=3045556285 [TCP segment of a reassembled PDU]"
"29411","32.433030072","192.168.1.55","192.168.1.2","TCP","1514","8004  >  36034 [ACK] Seq=339022 Ack=141 Win=65024 Len=1448 TSval=2916036513 TSecr=3045556285 [TCP segment of a reassembled PDU]"
"29412","32.433031443","192.168.1.55","192.168.1.2","TCP","1514","8004  >  36034 [ACK] Seq=340470 Ack=141 Win=65024 Len=1448 TSval=2916036513 TSecr=3045556285 [TCP segment of a reassembled PDU]"
"29413","32.433032906","192.168.1.55","192.168.1.2","TCP","1514","8004  >  36034 [ACK] Seq=341918 Ack=141 Win=65024 Len=1448 TSval=2916036513 TSecr=3045556285 [TCP segment of a reassembled PDU]"
"29414","32.433034258","192.168.1.55","192.168.1.2","TCP","1514","8004  >  36034 [ACK] Seq=343366 Ack=141 Win=65024 Len=1448 TSval=2916036513 TSecr=3045556285 [TCP segment of a reassembled PDU]"
"29415","32.433035739","192.168.1.55","192.168.1.2","TCP","1514","8004  >  36034 [ACK] Seq=344814 Ack=141 Win=65024 Len=1448 TSval=2916036513 TSecr=3045556285 [TCP segment of a reassembled PDU]"
"29416","32.433037109","192.168.1.55","192.168.1.2","TCP","1514","8004  >  36034 [ACK] Seq=346262 Ack=141 Win=65024 Len=1448 TSval=2916036513 TSecr=3045556285 [TCP segment of a reassembled PDU]"
"29417","32.433038591","192.168.1.55","192.168.1.2","TCP","1514","8004  >  36034 [ACK] Seq=347710 Ack=141 Win=65024 Len=1448 TSval=2916036513 TSecr=3045556285 [TCP segment of a reassembled PDU]"
"29418","32.433040035","192.168.1.55","192.168.1.2","TCP","1514","8004  >  36034 [ACK] Seq=349158 Ack=141 Win=65024 Len=1448 TSval=2916036513 TSecr=3045556285 [TCP segment of a reassembled PDU]"
"29419","32.433041406","192.168.1.55","192.168.1.2","TCP","1514","8004  >  36034 [ACK] Seq=350606 Ack=141 Win=65024 Len=1448 TSval=2916036513 TSecr=3045556285 [TCP segment of a reassembled PDU]"
"29420","32.433042869","192.168.1.55","192.168.1.2","TCP","1514","8004  >  36034 [ACK] Seq=352054 Ack=141 Win=65024 Len=1448 TSval=2916036513 TSecr=3045556285 [TCP segment of a reassembled PDU]"
"29421","32.433044313","192.168.1.55","192.168.1.2","TCP","1514","8004  >  36034 [ACK] Seq=353502 Ack=141 Win=65024 Len=1448 TSval=2916036513 TSecr=3045556285 [TCP segment of a reassembled PDU]"
"29422","32.433045758","192.168.1.55","192.168.1.2","TCP","1514","8004  >  36034 [ACK] Seq=354950 Ack=141 Win=65024 Len=1448 TSval=2916036513 TSecr=3045556285 [TCP segment of a reassembled PDU]"
"29423","32.433047202","192.168.1.55","192.168.1.2","TCP","1514","8004  >  36034 [ACK] Seq=356398 Ack=141 Win=65024 Len=1448 TSval=2916036513 TSecr=3045556285 [TCP segment of a reassembled PDU]"
"29424","32.433048628","192.168.1.55","192.168.1.2","TCP","1514","8004  >  36034 [ACK] Seq=357846 Ack=141 Win=65024 Len=1448 TSval=2916036513 TSecr=3045556285 [TCP segment of a reassembled PDU]"
"29425","32.433049998","192.168.1.55","192.168.1.2","TCP","1514","8004  >  36034 [ACK] Seq=359294 Ack=141 Win=65024 Len=1448 TSval=2916036513 TSecr=3045556285 [TCP segment of a reassembled PDU]"
"29426","32.433051443","192.168.1.55","192.168.1.2","TCP","1514","8004  >  36034 [ACK] Seq=360742 Ack=141 Win=65024 Len=1448 TSval=2916036513 TSecr=3045556285 [TCP segment of a reassembled PDU]"
"29427","32.433052832","192.168.1.55","192.168.1.2","TCP","1514","8004  >  36034 [ACK] Seq=362190 Ack=141 Win=65024 Len=1448 TSval=2916036513 TSecr=3045556285 [TCP segment of a reassembled PDU]"
"29428","32.433054332","192.168.1.55","192.168.1.2","TCP","1514","8004  >  36034 [PSH, ACK] Seq=363638 Ack=141 Win=65024 Len=1448 TSval=2916036513 TSecr=3045556285 [TCP segment of a reassembled PDU]"
"29429","32.433086072","192.168.1.2","192.168.1.55","TCP","66","36034  >  8004 [ACK] Seq=141 Ack=279886 Win=117760 Len=0 TSval=3045556286 TSecr=2916036507"
"29430","32.433104776","192.168.1.55","192.168.1.2","TCP","1514","8004  >  36034 [ACK] Seq=365086 Ack=141 Win=65024 Len=1448 TSval=2916036513 TSecr=3045556286 [TCP segment of a reassembled PDU]"
"29431","32.433106813","192.168.1.55","192.168.1.2","TCP","1514","8004  >  36034 [ACK] Seq=366534 Ack=141 Win=65024 Len=1448 TSval=2916036513 TSecr=3045556286 [TCP segment of a reassembled PDU]"
"29432","32.433112813","192.168.1.55","192.168.1.2","TCP","1514","8004  >  36034 [ACK] Seq=367982 Ack=141 Win=65024 Len=1448 TSval=2916036513 TSecr=3045556286 [TCP segment of a reassembled PDU]"
"29433","32.433114498","192.168.1.55","192.168.1.2","TCP","1514","8004  >  36034 [ACK] Seq=369430 Ack=141 Win=65024 Len=1448 TSval=2916036513 TSecr=3045556286 [TCP segment of a reassembled PDU]"
"29434","32.433115943","192.168.1.55","192.168.1.2","TCP","1514","8004  >  36034 [ACK] Seq=370878 Ack=141 Win=65024 Len=1448 TSval=2916036513 TSecr=3045556286 [TCP segment of a reassembled PDU]"
"29435","32.433117313","192.168.1.55","192.168.1.2","TCP","1514","8004  >  36034 [ACK] Seq=372326 Ack=141 Win=65024 Len=1448 TSval=2916036513 TSecr=3045556286 [TCP segment of a reassembled PDU]"
"29436","32.433118684","192.168.1.55","192.168.1.2","TCP","1514","8004  >  36034 [ACK] Seq=373774 Ack=141 Win=65024 Len=1448 TSval=2916036513 TSecr=3045556286 [TCP segment of a reassembled PDU]"
"29437","32.433120128","192.168.1.55","192.168.1.2","TCP","1514","8004  >  36034 [ACK] Seq=375222 Ack=141 Win=65024 Len=1448 TSval=2916036513 TSecr=3045556286 [TCP segment of a reassembled PDU]"
"29438","32.433121684","192.168.1.55","192.168.1.2","TCP","1514","8004  >  36034 [ACK] Seq=376670 Ack=141 Win=65024 Len=1448 TSval=2916036513 TSecr=3045556286 [TCP segment of a reassembled PDU]"
"29439","32.433123184","192.168.1.55","192.168.1.2","TCP","1514","8004  >  36034 [PSH, ACK] Seq=378118 Ack=141 Win=65024 Len=1448 TSval=2916036513 TSecr=3045556286 [TCP segment of a reassembled PDU]"
"29440","32.434356297","192.168.1.2","192.168.1.55","TCP","66","36034  >  8004 [ACK] Seq=141 Ack=321646 Win=79872 Len=0 TSval=3045556289 TSecr=2916036510"
"29441","32.434386352","192.168.1.55","192.168.1.2","TCP","1514","8004  >  36034 [ACK] Seq=379566 Ack=141 Win=65024 Len=1448 TSval=2916036515 TSecr=3045556289 [TCP segment of a reassembled PDU]"
"29442","32.434388352","192.168.1.55","192.168.1.2","TCP","1514","8004  >  36034 [ACK] Seq=381014 Ack=141 Win=65024 Len=1448 TSval=2916036515 TSecr=3045556289 [TCP segment of a reassembled PDU]"
"29443","32.434389760","192.168.1.55","192.168.1.2","TCP","1514","8004  >  36034 [ACK] Seq=382462 Ack=141 Win=65024 Len=1448 TSval=2916036515 TSecr=3045556289 [TCP segment of a reassembled PDU]"
"29444","32.434391204","192.168.1.55","192.168.1.2","TCP","1514","8004  >  36034 [ACK] Seq=383910 Ack=141 Win=65024 Len=1448 TSval=2916036515 TSecr=3045556289 [TCP segment of a reassembled PDU]"
"29445","32.434392686","192.168.1.55","192.168.1.2","TCP","1514","8004  >  36034 [ACK] Seq=385358 Ack=141 Win=65024 Len=1448 TSval=2916036515 TSecr=3045556289 [TCP segment of a reassembled PDU]"
"29446","32.434394223","192.168.1.55","192.168.1.2","TCP","1514","8004  >  36034 [ACK] Seq=386806 Ack=141 Win=65024 Len=1448 TSval=2916036515 TSecr=3045556289 [TCP segment of a reassembled PDU]"
"29447","32.434395704","192.168.1.55","192.168.1.2","TCP","1514","8004  >  36034 [ACK] Seq=388254 Ack=141 Win=65024 Len=1448 TSval=2916036515 TSecr=3045556289 [TCP segment of a reassembled PDU]"
"29448","32.434397334","192.168.1.55","192.168.1.2","TCP","1514","8004  >  36034 [ACK] Seq=389702 Ack=141 Win=65024 Len=1448 TSval=2916036515 TSecr=3045556289 [TCP segment of a reassembled PDU]"
"29449","32.434398704","192.168.1.55","192.168.1.2","TCP","1514","8004  >  36034 [ACK] Seq=391150 Ack=141 Win=65024 Len=1448 TSval=2916036515 TSecr=3045556289 [TCP segment of a reassembled PDU]"
"29450","32.434400186","192.168.1.55","192.168.1.2","TCP","1514","8004  >  36034 [ACK] Seq=392598 Ack=141 Win=65024 Len=1448 TSval=2916036515 TSecr=3045556289 [TCP segment of a reassembled PDU]"
"29451","32.434401575","192.168.1.55","192.168.1.2","TCP","1514","8004  >  36034 [ACK] Seq=394046 Ack=141 Win=65024 Len=1448 TSval=2916036515 TSecr=3045556289 [TCP segment of a reassembled PDU]"
"29452","32.434402963","192.168.1.55","192.168.1.2","TCP","1514","8004  >  36034 [ACK] Seq=395494 Ack=141 Win=65024 Len=1448 TSval=2916036515 TSecr=3045556289 [TCP segment of a reassembled PDU]"
"29453","32.434404630","192.168.1.55","192.168.1.2","TCP","1514","8004  >  36034 [ACK] Seq=396942 Ack=141 Win=65024 Len=1448 TSval=2916036515 TSecr=3045556289 [TCP segment of a reassembled PDU]"
"29454","32.434406112","192.168.1.55","192.168.1.2","TCP","1514","8004  >  36034 [ACK] Seq=398390 Ack=141 Win=65024 Len=1448 TSval=2916036515 TSecr=3045556289 [TCP segment of a reassembled PDU]"
"29455","32.434407593","192.168.1.55","192.168.1.2","TCP","1514","8004  >  36034 [ACK] Seq=399838 Ack=141 Win=65024 Len=1448 TSval=2916036515 TSecr=3045556289 [TCP segment of a reassembled PDU]"
"29456","32.434409056","192.168.1.55","192.168.1.2","TCP","298","[TCP Window Full] 8004  >  36034 [PSH, ACK] Seq=401286 Ack=141 Win=65024 Len=232 TSval=2916036515 TSecr=3045556289 [TCP segment of a reassembled PDU]"
"29457","32.438629396","192.168.1.2","192.168.1.55","TCP","66","36034  >  8004 [ACK] Seq=141 Ack=334678 Win=107520 Len=0 TSval=3045556294 TSecr=2916036513"
"29458","32.438650303","192.168.1.55","192.168.1.2","TCP","1514","8004  >  36034 [ACK] Seq=401518 Ack=141 Win=65024 Len=1448 TSval=2916036519 TSecr=3045556294 [TCP segment of a reassembled PDU]"
"29459","32.438652803","192.168.1.55","192.168.1.2","TCP","1514","8004  >  36034 [ACK] Seq=402966 Ack=141 Win=65024 Len=1448 TSval=2916036519 TSecr=3045556294 [TCP segment of a reassembled PDU]"
"29460","32.438654229","192.168.1.55","192.168.1.2","TCP","1514","8004  >  36034 [ACK] Seq=404414 Ack=141 Win=65024 Len=1448 TSval=2916036519 TSecr=3045556294 [TCP segment of a reassembled PDU]"
"29461","32.438656100","192.168.1.55","192.168.1.2","TCP","1514","8004  >  36034 [ACK] Seq=405862 Ack=141 Win=65024 Len=1448 TSval=2916036519 TSecr=3045556294 [TCP segment of a reassembled PDU]"
"29462","32.438657563","192.168.1.55","192.168.1.2","TCP","1514","8004  >  36034 [ACK] Seq=407310 Ack=141 Win=65024 Len=1448 TSval=2916036519 TSecr=3045556294 [TCP segment of a reassembled PDU]"
"29463","32.438659007","192.168.1.55","192.168.1.2","TCP","1514","8004  >  36034 [ACK] Seq=408758 Ack=141 Win=65024 Len=1448 TSval=2916036519 TSecr=3045556294 [TCP segment of a reassembled PDU]"
"29464","32.438660378","192.168.1.55","192.168.1.2","TCP","1514","8004  >  36034 [ACK] Seq=410206 Ack=141 Win=65024 Len=1448 TSval=2916036519 TSecr=3045556294 [TCP segment of a reassembled PDU]"
"29465","32.438661841","192.168.1.55","192.168.1.2","TCP","1514","8004  >  36034 [ACK] Seq=411654 Ack=141 Win=65024 Len=1448 TSval=2916036519 TSecr=3045556294 [TCP segment of a reassembled PDU]"
"29466","32.438663359","192.168.1.55","192.168.1.2","TCP","1514","8004  >  36034 [ACK] Seq=413102 Ack=141 Win=65024 Len=1448 TSval=2916036519 TSecr=3045556294 [TCP segment of a reassembled PDU]"
"29467","32.438664841","192.168.1.55","192.168.1.2","TCP","1514","8004  >  36034 [ACK] Seq=414550 Ack=141 Win=65024 Len=1448 TSval=2916036519 TSecr=3045556294 [TCP segment of a reassembled PDU]"
"29468","32.438666229","192.168.1.55","192.168.1.2","TCP","1514","8004  >  36034 [ACK] Seq=415998 Ack=141 Win=65024 Len=1448 TSval=2916036519 TSecr=3045556294 [TCP segment of a reassembled PDU]"
"29469","32.438668063","192.168.1.55","192.168.1.2","TCP","1514","8004  >  36034 [ACK] Seq=417446 Ack=141 Win=65024 Len=1448 TSval=2916036519 TSecr=3045556294 [TCP segment of a reassembled PDU]"
"29470","32.438669600","192.168.1.55","192.168.1.2","TCP","1514","8004  >  36034 [ACK] Seq=418894 Ack=141 Win=65024 Len=1448 TSval=2916036519 TSecr=3045556294 [TCP segment of a reassembled PDU]"
"29471","32.438671007","192.168.1.55","192.168.1.2","TCP","1514","8004  >  36034 [ACK] Seq=420342 Ack=141 Win=65024 Len=1448 TSval=2916036519 TSecr=3045556294 [TCP segment of a reassembled PDU]"
"29472","32.438672489","192.168.1.55","192.168.1.2","TCP","1514","8004  >  36034 [PSH, ACK] Seq=421790 Ack=141 Win=65024 Len=1448 TSval=2916036519 TSecr=3045556294 [TCP segment of a reassembled PDU]"
"29473","32.438677507","192.168.1.55","192.168.1.2","TCP","1282","8004  >  36034 [ACK] Seq=423238 Ack=141 Win=65024 Len=1216 TSval=2916036519 TSecr=3045556294 [TCP segment of a reassembled PDU]"
"29474","32.439363045","192.168.1.2","192.168.1.55","TCP","66","36034  >  8004 [ACK] Seq=141 Ack=365086 Win=117760 Len=0 TSval=3045556294 TSecr=2916036513"
"29475","32.439401805","192.168.1.55","192.168.1.2","TCP","1514","8004  >  36034 [ACK] Seq=424454 Ack=141 Win=65024 Len=1448 TSval=2916036520 TSecr=3045556294 [TCP segment of a reassembled PDU]"
"29476","32.439403860","192.168.1.55","192.168.1.2","TCP","1514","8004  >  36034 [ACK] Seq=425902 Ack=141 Win=65024 Len=1448 TSval=2916036520 TSecr=3045556294 [TCP segment of a reassembled PDU]"
"29477","32.439405231","192.168.1.55","192.168.1.2","TCP","1514","8004  >  36034 [ACK] Seq=427350 Ack=141 Win=65024 Len=1448 TSval=2916036520 TSecr=3045556294 [TCP segment of a reassembled PDU]"
"29478","32.439406619","192.168.1.55","192.168.1.2","TCP","1514","8004  >  36034 [ACK] Seq=428798 Ack=141 Win=65024 Len=1448 TSval=2916036520 TSecr=3045556294 [TCP segment of a reassembled PDU]"
"29479","32.439407990","192.168.1.55","192.168.1.2","TCP","1514","8004  >  36034 [ACK] Seq=430246 Ack=141 Win=65024 Len=1448 TSval=2916036520 TSecr=3045556294 [TCP segment of a reassembled PDU]"
"29480","32.439409360","192.168.1.55","192.168.1.2","TCP","1514","8004  >  36034 [ACK] Seq=431694 Ack=141 Win=65024 Len=1448 TSval=2916036520 TSecr=3045556294 [TCP segment of a reassembled PDU]"
"29481","32.439410897","192.168.1.55","192.168.1.2","TCP","1514","8004  >  36034 [ACK] Seq=433142 Ack=141 Win=65024 Len=1448 TSval=2916036520 TSecr=3045556294 [TCP segment of a reassembled PDU]"
"29482","32.439412305","192.168.1.55","192.168.1.2","TCP","1514","8004  >  36034 [ACK] Seq=434590 Ack=141 Win=65024 Len=1448 TSval=2916036520 TSecr=3045556294 [TCP segment of a reassembled PDU]"
"29483","32.439413694","192.168.1.55","192.168.1.2","TCP","1514","8004  >  36034 [ACK] Seq=436038 Ack=141 Win=65024 Len=1448 TSval=2916036520 TSecr=3045556294 [TCP segment of a reassembled PDU]"
"29484","32.439415082","192.168.1.55","192.168.1.2","TCP","1514","8004  >  36034 [ACK] Seq=437486 Ack=141 Win=65024 Len=1448 TSval=2916036520 TSecr=3045556294 [TCP segment of a reassembled PDU]"
"29485","32.439416564","192.168.1.55","192.168.1.2","TCP","1514","8004  >  36034 [ACK] Seq=438934 Ack=141 Win=65024 Len=1448 TSval=2916036520 TSecr=3045556294 [TCP segment of a reassembled PDU]"
"29486","32.439418064","192.168.1.55","192.168.1.2","TCP","1514","8004  >  36034 [ACK] Seq=440382 Ack=141 Win=65024 Len=1448 TSval=2916036520 TSecr=3045556294 [TCP segment of a reassembled PDU]"
"29487","32.439419416","192.168.1.55","192.168.1.2","TCP","1514","8004  >  36034 [ACK] Seq=441830 Ack=141 Win=65024 Len=1448 TSval=2916036520 TSecr=3045556294 [TCP segment of a reassembled PDU]"
"29488","32.439420805","192.168.1.55","192.168.1.2","TCP","1514","8004  >  36034 [ACK] Seq=443278 Ack=141 Win=65024 Len=1448 TSval=2916036520 TSecr=3045556294 [TCP segment of a reassembled PDU]"
"29489","32.439422620","192.168.1.55","192.168.1.2","TCP","1514","8004  >  36034 [ACK] Seq=444726 Ack=141 Win=65024 Len=1448 TSval=2916036520 TSecr=3045556294 [TCP segment of a reassembled PDU]"
"29490","32.439424194","192.168.1.55","192.168.1.2","TCP","1514","8004  >  36034 [ACK] Seq=446174 Ack=141 Win=65024 Len=1448 TSval=2916036520 TSecr=3045556294 [TCP segment of a reassembled PDU]"
"29491","32.439425675","192.168.1.55","192.168.1.2","TCP","1514","8004  >  36034 [ACK] Seq=447622 Ack=141 Win=65024 Len=1448 TSval=2916036520 TSecr=3045556294 [TCP segment of a reassembled PDU]"
"29492","32.439427323","192.168.1.55","192.168.1.2","TCP","1514","8004  >  36034 [ACK] Seq=449070 Ack=141 Win=65024 Len=1448 TSval=2916036520 TSecr=3045556294 [TCP segment of a reassembled PDU]"
"29493","32.439428749","192.168.1.55","192.168.1.2","TCP","1514","8004  >  36034 [ACK] Seq=450518 Ack=141 Win=65024 Len=1448 TSval=2916036520 TSecr=3045556294 [TCP segment of a reassembled PDU]"
"29494","32.439430231","192.168.1.55","192.168.1.2","TCP","1514","8004  >  36034 [ACK] Seq=451966 Ack=141 Win=65024 Len=1448 TSval=2916036520 TSecr=3045556294 [TCP segment of a reassembled PDU]"
"29495","32.439431731","192.168.1.55","192.168.1.2","TCP","1514","8004  >  36034 [ACK] Seq=453414 Ack=141 Win=65024 Len=1448 TSval=2916036520 TSecr=3045556294 [TCP segment of a reassembled PDU]"
"29496","32.439433120","192.168.1.55","192.168.1.2","TCP","1514","8004  >  36034 [ACK] Seq=454862 Ack=141 Win=65024 Len=1448 TSval=2916036520 TSecr=3045556294 [TCP segment of a reassembled PDU]"
"29497","32.439434545","192.168.1.55","192.168.1.2","TCP","1514","8004  >  36034 [ACK] Seq=456310 Ack=141 Win=65024 Len=1448 TSval=2916036520 TSecr=3045556294 [TCP segment of a reassembled PDU]"
"29498","32.439435990","192.168.1.55","192.168.1.2","TCP","1514","8004  >  36034 [ACK] Seq=457758 Ack=141 Win=65024 Len=1448 TSval=2916036520 TSecr=3045556294 [TCP segment of a reassembled PDU]"
"29499","32.439437823","192.168.1.55","192.168.1.2","TCP","1514","8004  >  36034 [ACK] Seq=459206 Ack=141 Win=65024 Len=1448 TSval=2916036520 TSecr=3045556294 [TCP segment of a reassembled PDU]"
"29500","32.439439342","192.168.1.55","192.168.1.2","TCP","1514","8004  >  36034 [ACK] Seq=460654 Ack=141 Win=65024 Len=1448 TSval=2916036520 TSecr=3045556294 [TCP segment of a reassembled PDU]"
"29501","32.439440749","192.168.1.55","192.168.1.2","TCP","1514","8004  >  36034 [ACK] Seq=462102 Ack=141 Win=65024 Len=1448 TSval=2916036520 TSecr=3045556294 [TCP segment of a reassembled PDU]"
"29502","32.439442101","192.168.1.55","192.168.1.2","TCP","1514","8004  >  36034 [ACK] Seq=463550 Ack=141 Win=65024 Len=1448 TSval=2916036520 TSecr=3045556294 [TCP segment of a reassembled PDU]"
"29503","32.439443471","192.168.1.55","192.168.1.2","TCP","1514","8004  >  36034 [ACK] Seq=464998 Ack=141 Win=65024 Len=1448 TSval=2916036520 TSecr=3045556294 [TCP segment of a reassembled PDU]"
"29504","32.439444953","192.168.1.55","192.168.1.2","TCP","1514","8004  >  36034 [ACK] Seq=466446 Ack=141 Win=65024 Len=1448 TSval=2916036520 TSecr=3045556294 [TCP segment of a reassembled PDU]"
"29505","32.439446453","192.168.1.55","192.168.1.2","TCP","1514","8004  >  36034 [PSH, ACK] Seq=467894 Ack=141 Win=65024 Len=1448 TSval=2916036520 TSecr=3045556294 [TCP segment of a reassembled PDU]"
"29506","32.439451564","192.168.1.2","192.168.1.55","TCP","66","36034  >  8004 [ACK] Seq=141 Ack=379566 Win=109568 Len=0 TSval=3045556294 TSecr=2916036513"
"29507","32.439458768","192.168.1.2","192.168.1.55","TCP","66","36034  >  8004 [ACK] Seq=141 Ack=394046 Win=95232 Len=0 TSval=3045556294 TSecr=2916036515"
"29508","32.439492027","192.168.1.2","192.168.1.55","TCP","66","36034  >  8004 [ACK] Seq=141 Ack=401518 Win=133120 Len=0 TSval=3045556294 TSecr=2916036515"
"29509","32.439522268","192.168.1.55","192.168.1.2","TCP","1514","8004  >  36034 [ACK] Seq=469342 Ack=141 Win=65024 Len=1448 TSval=2916036520 TSecr=3045556294 [TCP segment of a reassembled PDU]"
"29510","32.439524768","192.168.1.55","192.168.1.2","TCP","1514","8004  >  36034 [ACK] Seq=470790 Ack=141 Win=65024 Len=1448 TSval=2916036520 TSecr=3045556294 [TCP segment of a reassembled PDU]"
"29511","32.439526268","192.168.1.55","192.168.1.2","TCP","1514","8004  >  36034 [ACK] Seq=472238 Ack=141 Win=65024 Len=1448 TSval=2916036520 TSecr=3045556294 [TCP segment of a reassembled PDU]"
"29512","32.439527731","192.168.1.55","192.168.1.2","TCP","1514","8004  >  36034 [ACK] Seq=473686 Ack=141 Win=65024 Len=1448 TSval=2916036520 TSecr=3045556294 [TCP segment of a reassembled PDU]"
"29513","32.439529212","192.168.1.55","192.168.1.2","TCP","1514","8004  >  36034 [ACK] Seq=475134 Ack=141 Win=65024 Len=1448 TSval=2916036520 TSecr=3045556294 [TCP segment of a reassembled PDU]"
"29514","32.439530731","192.168.1.55","192.168.1.2","TCP","1514","8004  >  36034 [ACK] Seq=476582 Ack=141 Win=65024 Len=1448 TSval=2916036520 TSecr=3045556294 [TCP segment of a reassembled PDU]"
"29515","32.439532360","192.168.1.55","192.168.1.2","TCP","1514","8004  >  36034 [ACK] Seq=478030 Ack=141 Win=65024 Len=1448 TSval=2916036520 TSecr=3045556294 [TCP segment of a reassembled PDU]"
"29516","32.439533897","192.168.1.55","192.168.1.2","TCP","1514","8004  >  36034 [ACK] Seq=479478 Ack=141 Win=65024 Len=1448 TSval=2916036520 TSecr=3045556294 [TCP segment of a reassembled PDU]"
"29517","32.439535360","192.168.1.55","192.168.1.2","TCP","1514","8004  >  36034 [ACK] Seq=480926 Ack=141 Win=65024 Len=1448 TSval=2916036520 TSecr=3045556294 [TCP segment of a reassembled PDU]"
"29518","32.439536897","192.168.1.55","192.168.1.2","TCP","1514","8004  >  36034 [ACK] Seq=482374 Ack=141 Win=65024 Len=1448 TSval=2916036520 TSecr=3045556294 [TCP segment of a reassembled PDU]"
"29519","32.439538268","192.168.1.55","192.168.1.2","TCP","1514","8004  >  36034 [ACK] Seq=483822 Ack=141 Win=65024 Len=1448 TSval=2916036520 TSecr=3045556294 [TCP segment of a reassembled PDU]"
"29520","32.439540138","192.168.1.55","192.168.1.2","TCP","1514","8004  >  36034 [ACK] Seq=485270 Ack=141 Win=65024 Len=1448 TSval=2916036520 TSecr=3045556294 [TCP segment of a reassembled PDU]"
"29521","32.439541527","192.168.1.55","192.168.1.2","TCP","1514","8004  >  36034 [ACK] Seq=486718 Ack=141 Win=65024 Len=1448 TSval=2916036520 TSecr=3045556294 [TCP segment of a reassembled PDU]"
"29522","32.439543009","192.168.1.55","192.168.1.2","TCP","1514","8004  >  36034 [ACK] Seq=488166 Ack=141 Win=65024 Len=1448 TSval=2916036520 TSecr=3045556294 [TCP segment of a reassembled PDU]"
"29523","32.439545027","192.168.1.55","192.168.1.2","TCP","1514","8004  >  36034 [ACK] Seq=489614 Ack=141 Win=65024 Len=1448 TSval=2916036520 TSecr=3045556294 [TCP segment of a reassembled PDU]"
"29524","32.439546527","192.168.1.55","192.168.1.2","TCP","1514","8004  >  36034 [ACK] Seq=491062 Ack=141 Win=65024 Len=1448 TSval=2916036520 TSecr=3045556294 [TCP segment of a reassembled PDU]"
"29525","32.439548435","192.168.1.55","192.168.1.2","TCP","1514","8004  >  36034 [ACK] Seq=492510 Ack=141 Win=65024 Len=1448 TSval=2916036520 TSecr=3045556294 [TCP segment of a reassembled PDU]"
"29526","32.439549990","192.168.1.55","192.168.1.2","TCP","1514","8004  >  36034 [ACK] Seq=493958 Ack=141 Win=65024 Len=1448 TSval=2916036520 TSecr=3045556294 [TCP segment of a reassembled PDU]"
"29527","32.439551472","192.168.1.55","192.168.1.2","TCP","1514","8004  >  36034 [ACK] Seq=495406 Ack=141 Win=65024 Len=1448 TSval=2916036520 TSecr=3045556294 [TCP segment of a reassembled PDU]"
"29528","32.439552897","192.168.1.55","192.168.1.2","TCP","1514","8004  >  36034 [PSH, ACK] Seq=496854 Ack=141 Win=65024 Len=1448 TSval=2916036520 TSecr=3045556294 [TCP segment of a reassembled PDU]"
"29529","32.439558231","192.168.1.55","192.168.1.2","HTTP","1472","HTTP/1.0 200 OK  (PNG)"
"29530","32.445297240","192.168.1.2","192.168.1.55","TCP","66","36034  >  8004 [ACK] Seq=141 Ack=423238 Win=128000 Len=0 TSval=3045556300 TSecr=2916036519"
"29531","32.445461388","192.168.1.2","192.168.1.55","TCP","66","36034  >  8004 [ACK] Seq=141 Ack=469342 Win=83968 Len=0 TSval=3045556300 TSecr=2916036519"
"29532","32.445491388","192.168.1.2","192.168.1.55","TCP","66","36034  >  8004 [ACK] Seq=141 Ack=496854 Win=82944 Len=0 TSval=3045556300 TSecr=2916036520"
"29533","32.445496851","192.168.1.2","192.168.1.55","TCP","66","36034  >  8004 [ACK] Seq=141 Ack=498302 Win=136192 Len=0 TSval=3045556301 TSecr=2916036520"
"29534","32.447314725","192.168.1.2","192.168.1.55","TCP","66","36034  >  8004 [FIN, ACK] Seq=141 Ack=499709 Win=138240 Len=0 TSval=3045556302 TSecr=2916036520"
"29535","32.447326447","192.168.1.55","192.168.1.2","TCP","66","8004  >  36034 [ACK] Seq=499709 Ack=142 Win=65024 Len=0 TSval=2916036528 TSecr=3045556302"
"29536","32.447438114","192.168.1.2","192.168.1.55","TCP","74","36048  >  8004 [SYN] Seq=0 Win=64240 Len=0 MSS=1460 SACK_PERM TSval=3045556302 TSecr=0 WS=1024"
"29537","32.447463521","192.168.1.55","192.168.1.2","TCP","74","8004  >  36048 [SYN, ACK] Seq=0 Ack=1 Win=65160 Len=0 MSS=1460 SACK_PERM TSval=2916036528 TSecr=3045556302 WS=128"
"29538","32.450559933","192.168.1.2","192.168.1.55","TCP","66","36048  >  8004 [ACK] Seq=1 Ack=1 Win=64512 Len=0 TSval=3045556305 TSecr=2916036528"
"29539","32.453784216","192.168.1.2","192.168.1.55","HTTP","209","GET /original_benchmark.png HTTP/1.1 "
"29540","32.453794827","192.168.1.55","192.168.1.2","TCP","66","8004  >  36048 [ACK] Seq=1 Ack=144 Win=65024 Len=0 TSval=2916036534 TSecr=3045556305"
"29541","32.454287402","192.168.1.55","192.168.1.2","TCP","255","8004  >  36048 [PSH, ACK] Seq=1 Ack=144 Win=65024 Len=189 TSval=2916036534 TSecr=3045556305 [TCP segment of a reassembled PDU]"
"29542","32.454390958","192.168.1.55","192.168.1.2","TCP","1514","8004  >  36048 [ACK] Seq=190 Ack=144 Win=65024 Len=1448 TSval=2916036535 TSecr=3045556305 [TCP segment of a reassembled PDU]"
"29543","32.454395532","192.168.1.55","192.168.1.2","TCP","1514","8004  >  36048 [ACK] Seq=1638 Ack=144 Win=65024 Len=1448 TSval=2916036535 TSecr=3045556305 [TCP segment of a reassembled PDU]"
"29544","32.454397088","192.168.1.55","192.168.1.2","TCP","1514","8004  >  36048 [ACK] Seq=3086 Ack=144 Win=65024 Len=1448 TSval=2916036535 TSecr=3045556305 [TCP segment of a reassembled PDU]"
"29545","32.454398458","192.168.1.55","192.168.1.2","TCP","1514","8004  >  36048 [ACK] Seq=4534 Ack=144 Win=65024 Len=1448 TSval=2916036535 TSecr=3045556305 [TCP segment of a reassembled PDU]"
"29546","32.454400477","192.168.1.55","192.168.1.2","TCP","1514","8004  >  36048 [PSH, ACK] Seq=5982 Ack=144 Win=65024 Len=1448 TSval=2916036535 TSecr=3045556305 [TCP segment of a reassembled PDU]"
"29547","32.454415791","192.168.1.55","192.168.1.2","TCP","1514","8004  >  36048 [ACK] Seq=7430 Ack=144 Win=65024 Len=1448 TSval=2916036535 TSecr=3045556305 [TCP segment of a reassembled PDU]"
"29548","32.454417643","192.168.1.55","192.168.1.2","TCP","1514","8004  >  36048 [ACK] Seq=8878 Ack=144 Win=65024 Len=1448 TSval=2916036535 TSecr=3045556305 [TCP segment of a reassembled PDU]"
"29549","32.454419273","192.168.1.55","192.168.1.2","TCP","1514","8004  >  36048 [ACK] Seq=10326 Ack=144 Win=65024 Len=1448 TSval=2916036535 TSecr=3045556305 [TCP segment of a reassembled PDU]"
"29550","32.454420773","192.168.1.55","192.168.1.2","TCP","1514","8004  >  36048 [PSH, ACK] Seq=11774 Ack=144 Win=65024 Len=1448 TSval=2916036535 TSecr=3045556305 [TCP segment of a reassembled PDU]"
"29551","32.458635650","192.168.1.2","192.168.1.55","TCP","66","36048  >  8004 [ACK] Seq=144 Ack=190 Win=64512 Len=0 TSval=3045556312 TSecr=2916036534"
"29552","32.458793298","192.168.1.55","192.168.1.2","TCP","1514","8004  >  36048 [ACK] Seq=13222 Ack=144 Win=65024 Len=1448 TSval=2916036539 TSecr=3045556312 [TCP segment of a reassembled PDU]"
"29553","32.458812021","192.168.1.55","192.168.1.2","TCP","1514","8004  >  36048 [PSH, ACK] Seq=14670 Ack=144 Win=65024 Len=1448 TSval=2916036539 TSecr=3045556312 [TCP segment of a reassembled PDU]"
"29554","32.459002132","192.168.1.2","192.168.1.55","TCP","66","36048  >  8004 [ACK] Seq=144 Ack=5982 Win=76800 Len=0 TSval=3045556312 TSecr=2916036535"
"29555","32.459108762","192.168.1.55","192.168.1.2","TCP","1514","8004  >  36048 [ACK] Seq=16118 Ack=144 Win=65024 Len=1448 TSval=2916036539 TSecr=3045556312 [TCP segment of a reassembled PDU]"
"29556","32.459119132","192.168.1.55","192.168.1.2","TCP","1514","8004  >  36048 [ACK] Seq=17566 Ack=144 Win=65024 Len=1448 TSval=2916036539 TSecr=3045556312 [TCP segment of a reassembled PDU]"
"29557","32.459121725","192.168.1.55","192.168.1.2","TCP","1514","8004  >  36048 [ACK] Seq=19014 Ack=144 Win=65024 Len=1448 TSval=2916036539 TSecr=3045556312 [TCP segment of a reassembled PDU]"
"29558","32.459125984","192.168.1.55","192.168.1.2","TCP","1514","8004  >  36048 [ACK] Seq=20462 Ack=144 Win=65024 Len=1448 TSval=2916036539 TSecr=3045556312 [TCP segment of a reassembled PDU]"
"29559","32.459128595","192.168.1.55","192.168.1.2","TCP","1514","8004  >  36048 [ACK] Seq=21910 Ack=144 Win=65024 Len=1448 TSval=2916036539 TSecr=3045556312 [TCP segment of a reassembled PDU]"
"29560","32.459134132","192.168.1.55","192.168.1.2","TCP","1514","8004  >  36048 [ACK] Seq=23358 Ack=144 Win=65024 Len=1448 TSval=2916036539 TSecr=3045556312 [TCP segment of a reassembled PDU]"
"29561","32.459136947","192.168.1.55","192.168.1.2","TCP","1514","8004  >  36048 [PSH, ACK] Seq=24806 Ack=144 Win=65024 Len=1448 TSval=2916036539 TSecr=3045556312 [TCP segment of a reassembled PDU]"
"29562","32.459154484","192.168.1.2","192.168.1.55","TCP","66","36048  >  8004 [ACK] Seq=144 Ack=7430 Win=79872 Len=0 TSval=3045556313 TSecr=2916036535"
"29563","32.459175873","192.168.1.2","192.168.1.55","TCP","66","36048  >  8004 [ACK] Seq=144 Ack=13222 Win=80896 Len=0 TSval=3045556313 TSecr=2916036535"
"29564","32.459254558","192.168.1.55","192.168.1.2","TCP","1514","8004  >  36048 [ACK] Seq=26254 Ack=144 Win=65024 Len=1448 TSval=2916036539 TSecr=3045556313 [TCP segment of a reassembled PDU]"
"29565","32.459262466","192.168.1.55","192.168.1.2","TCP","1514","8004  >  36048 [ACK] Seq=27702 Ack=144 Win=65024 Len=1448 TSval=2916036539 TSecr=3045556313 [TCP segment of a reassembled PDU]"
"29566","32.459265318","192.168.1.55","192.168.1.2","TCP","1514","8004  >  36048 [ACK] Seq=29150 Ack=144 Win=65024 Len=1448 TSval=2916036539 TSecr=3045556313 [TCP segment of a reassembled PDU]"
"29567","32.459269225","192.168.1.55","192.168.1.2","TCP","1514","8004  >  36048 [ACK] Seq=30598 Ack=144 Win=65024 Len=1448 TSval=2916036539 TSecr=3045556313 [TCP segment of a reassembled PDU]"
"29568","32.459271892","192.168.1.55","192.168.1.2","TCP","1514","8004  >  36048 [ACK] Seq=32046 Ack=144 Win=65024 Len=1448 TSval=2916036539 TSecr=3045556313 [TCP segment of a reassembled PDU]"
"29569","32.459274818","192.168.1.55","192.168.1.2","TCP","1514","8004  >  36048 [ACK] Seq=33494 Ack=144 Win=65024 Len=1448 TSval=2916036539 TSecr=3045556313 [TCP segment of a reassembled PDU]"
"29570","32.459278188","192.168.1.55","192.168.1.2","TCP","1514","8004  >  36048 [ACK] Seq=34942 Ack=144 Win=65024 Len=1448 TSval=2916036539 TSecr=3045556313 [TCP segment of a reassembled PDU]"
"29571","32.459280336","192.168.1.55","192.168.1.2","TCP","1514","8004  >  36048 [ACK] Seq=36390 Ack=144 Win=65024 Len=1448 TSval=2916036539 TSecr=3045556313 [TCP segment of a reassembled PDU]"
"29572","32.459283540","192.168.1.55","192.168.1.2","TCP","1514","8004  >  36048 [ACK] Seq=37838 Ack=144 Win=65024 Len=1448 TSval=2916036539 TSecr=3045556313 [TCP segment of a reassembled PDU]"
"29573","32.459286614","192.168.1.55","192.168.1.2","TCP","1514","8004  >  36048 [PSH, ACK] Seq=39286 Ack=144 Win=65024 Len=1448 TSval=2916036539 TSecr=3045556313 [TCP segment of a reassembled PDU]"
"29574","32.460153467","192.168.1.55","192.168.1.2","TCP","1514","8004  >  36048 [ACK] Seq=40734 Ack=144 Win=65024 Len=1448 TSval=2916036540 TSecr=3045556313 [TCP segment of a reassembled PDU]"
"29575","32.464646345","192.168.1.2","192.168.1.55","TCP","66","36048  >  8004 [ACK] Seq=144 Ack=16118 Win=87040 Len=0 TSval=3045556319 TSecr=2916036539"
"29576","32.464708919","192.168.1.55","192.168.1.2","TCP","1514","8004  >  36048 [ACK] Seq=42182 Ack=144 Win=65024 Len=1448 TSval=2916036545 TSecr=3045556319 [TCP segment of a reassembled PDU]"
"29577","32.464716048","192.168.1.55","192.168.1.2","TCP","1514","8004  >  36048 [PSH, ACK] Seq=43630 Ack=144 Win=65024 Len=1448 TSval=2916036545 TSecr=3045556319 [TCP segment of a reassembled PDU]"
"29578","32.464797937","192.168.1.2","192.168.1.55","TCP","66","36048  >  8004 [ACK] Seq=144 Ack=26254 Win=86016 Len=0 TSval=3045556319 TSecr=2916036539"
"29579","32.464826882","192.168.1.55","192.168.1.2","TCP","1514","8004  >  36048 [ACK] Seq=45078 Ack=144 Win=65024 Len=1448 TSval=2916036545 TSecr=3045556319 [TCP segment of a reassembled PDU]"
"29580","32.464829382","192.168.1.55","192.168.1.2","TCP","1514","8004  >  36048 [ACK] Seq=46526 Ack=144 Win=65024 Len=1448 TSval=2916036545 TSecr=3045556319 [TCP segment of a reassembled PDU]"
"29581","32.464830623","192.168.1.55","192.168.1.2","TCP","1514","8004  >  36048 [ACK] Seq=47974 Ack=144 Win=65024 Len=1448 TSval=2916036545 TSecr=3045556319 [TCP segment of a reassembled PDU]"
"29582","32.464831882","192.168.1.55","192.168.1.2","TCP","1514","8004  >  36048 [ACK] Seq=49422 Ack=144 Win=65024 Len=1448 TSval=2916036545 TSecr=3045556319 [TCP segment of a reassembled PDU]"
"29583","32.464832993","192.168.1.55","192.168.1.2","TCP","1514","8004  >  36048 [ACK] Seq=50870 Ack=144 Win=65024 Len=1448 TSval=2916036545 TSecr=3045556319 [TCP segment of a reassembled PDU]"
"29584","32.464834456","192.168.1.55","192.168.1.2","TCP","1514","8004  >  36048 [ACK] Seq=52318 Ack=144 Win=65024 Len=1448 TSval=2916036545 TSecr=3045556319 [TCP segment of a reassembled PDU]"
"29585","32.464835641","192.168.1.55","192.168.1.2","TCP","1514","8004  >  36048 [ACK] Seq=53766 Ack=144 Win=65024 Len=1448 TSval=2916036545 TSecr=3045556319 [TCP segment of a reassembled PDU]"
"29586","32.464836882","192.168.1.55","192.168.1.2","TCP","1514","8004  >  36048 [ACK] Seq=55214 Ack=144 Win=65024 Len=1448 TSval=2916036545 TSecr=3045556319 [TCP segment of a reassembled PDU]"
"29587","32.464838382","192.168.1.55","192.168.1.2","TCP","1514","8004  >  36048 [ACK] Seq=56662 Ack=144 Win=65024 Len=1448 TSval=2916036545 TSecr=3045556319 [TCP segment of a reassembled PDU]"
"29588","32.464840771","192.168.1.55","192.168.1.2","TCP","1514","8004  >  36048 [ACK] Seq=58110 Ack=144 Win=65024 Len=1448 TSval=2916036545 TSecr=3045556319 [TCP segment of a reassembled PDU]"
"29589","32.464842363","192.168.1.55","192.168.1.2","TCP","1514","8004  >  36048 [ACK] Seq=59558 Ack=144 Win=65024 Len=1448 TSval=2916036545 TSecr=3045556319 [TCP segment of a reassembled PDU]"
"29590","32.464843567","192.168.1.55","192.168.1.2","TCP","1514","8004  >  36048 [ACK] Seq=61006 Ack=144 Win=65024 Len=1448 TSval=2916036545 TSecr=3045556319 [TCP segment of a reassembled PDU]"
"29591","32.464844826","192.168.1.55","192.168.1.2","TCP","1514","8004  >  36048 [ACK] Seq=62454 Ack=144 Win=65024 Len=1448 TSval=2916036545 TSecr=3045556319 [TCP segment of a reassembled PDU]"
"29592","32.464846030","192.168.1.55","192.168.1.2","TCP","1514","8004  >  36048 [PSH, ACK] Seq=63902 Ack=144 Win=65024 Len=1448 TSval=2916036545 TSecr=3045556319 [TCP segment of a reassembled PDU]"
"29593","32.464850160","192.168.1.2","192.168.1.55","TCP","66","36048  >  8004 [ACK] Seq=144 Ack=39286 Win=73728 Len=0 TSval=3045556319 TSecr=2916036539"
"29594","32.464876067","192.168.1.55","192.168.1.2","TCP","1514","8004  >  36048 [ACK] Seq=65350 Ack=144 Win=65024 Len=1448 TSval=2916036545 TSecr=3045556319 [TCP segment of a reassembled PDU]"
"29595","32.464877530","192.168.1.55","192.168.1.2","TCP","1514","8004  >  36048 [ACK] Seq=66798 Ack=144 Win=65024 Len=1448 TSval=2916036545 TSecr=3045556319 [TCP segment of a reassembled PDU]"
"29596","32.464878993","192.168.1.55","192.168.1.2","TCP","1514","8004  >  36048 [ACK] Seq=68246 Ack=144 Win=65024 Len=1448 TSval=2916036545 TSecr=3045556319 [TCP segment of a reassembled PDU]"
"29597","32.464880586","192.168.1.55","192.168.1.2","TCP","1514","8004  >  36048 [ACK] Seq=69694 Ack=144 Win=65024 Len=1448 TSval=2916036545 TSecr=3045556319 [TCP segment of a reassembled PDU]"
"29598","32.464882160","192.168.1.55","192.168.1.2","TCP","1514","8004  >  36048 [ACK] Seq=71142 Ack=144 Win=65024 Len=1448 TSval=2916036545 TSecr=3045556319 [TCP segment of a reassembled PDU]"
"29599","32.464883660","192.168.1.55","192.168.1.2","TCP","1514","8004  >  36048 [ACK] Seq=72590 Ack=144 Win=65024 Len=1448 TSval=2916036545 TSecr=3045556319 [TCP segment of a reassembled PDU]"
"29600","32.464884789","192.168.1.55","192.168.1.2","TCP","1514","8004  >  36048 [ACK] Seq=74038 Ack=144 Win=65024 Len=1448 TSval=2916036545 TSecr=3045556319 [TCP segment of a reassembled PDU]"
"29601","32.464886141","192.168.1.55","192.168.1.2","TCP","1514","8004  >  36048 [PSH, ACK] Seq=75486 Ack=144 Win=65024 Len=1448 TSval=2916036545 TSecr=3045556319 [TCP segment of a reassembled PDU]"
"29602","32.464891845","192.168.1.2","192.168.1.55","TCP","66","36048  >  8004 [ACK] Seq=144 Ack=40734 Win=72704 Len=0 TSval=3045556319 TSecr=2916036539"
"29603","32.464898956","192.168.1.2","192.168.1.55","TCP","66","36048  >  8004 [ACK] Seq=144 Ack=42182 Win=71680 Len=0 TSval=3045556319 TSecr=2916036540"
"29604","32.465834939","192.168.1.55","192.168.1.2","TCP","1514","8004  >  36048 [ACK] Seq=76934 Ack=144 Win=65024 Len=1448 TSval=2916036546 TSecr=3045556319 [TCP segment of a reassembled PDU]"
"29605","32.465841254","192.168.1.55","192.168.1.2","TCP","1514","8004  >  36048 [ACK] Seq=78382 Ack=144 Win=65024 Len=1448 TSval=2916036546 TSecr=3045556319 [TCP segment of a reassembled PDU]"
"29606","32.465842717","192.168.1.55","192.168.1.2","TCP","1514","8004  >  36048 [ACK] Seq=79830 Ack=144 Win=65024 Len=1448 TSval=2916036546 TSecr=3045556319 [TCP segment of a reassembled PDU]"
"29607","32.465844921","192.168.1.55","192.168.1.2","TCP","1514","8004  >  36048 [ACK] Seq=81278 Ack=144 Win=65024 Len=1448 TSval=2916036546 TSecr=3045556319 [TCP segment of a reassembled PDU]"
"29608","32.465846235","192.168.1.55","192.168.1.2","TCP","1514","8004  >  36048 [ACK] Seq=82726 Ack=144 Win=65024 Len=1448 TSval=2916036546 TSecr=3045556319 [TCP segment of a reassembled PDU]"
"29609","32.465848902","192.168.1.55","192.168.1.2","TCP","1514","8004  >  36048 [ACK] Seq=84174 Ack=144 Win=65024 Len=1448 TSval=2916036546 TSecr=3045556319 [TCP segment of a reassembled PDU]"
"29610","32.465850772","192.168.1.55","192.168.1.2","TCP","1514","8004  >  36048 [ACK] Seq=85622 Ack=144 Win=65024 Len=1448 TSval=2916036546 TSecr=3045556319 [TCP segment of a reassembled PDU]"
"29611","32.465852087","192.168.1.55","192.168.1.2","TCP","1514","8004  >  36048 [ACK] Seq=87070 Ack=144 Win=65024 Len=1448 TSval=2916036546 TSecr=3045556319 [TCP segment of a reassembled PDU]"
"29612","32.465853476","192.168.1.55","192.168.1.2","TCP","1514","8004  >  36048 [ACK] Seq=88518 Ack=144 Win=65024 Len=1448 TSval=2916036546 TSecr=3045556319 [TCP segment of a reassembled PDU]"
"29613","32.465856643","192.168.1.55","192.168.1.2","TCP","1514","8004  >  36048 [ACK] Seq=89966 Ack=144 Win=65024 Len=1448 TSval=2916036546 TSecr=3045556319 [TCP segment of a reassembled PDU]"
"29614","32.465858680","192.168.1.55","192.168.1.2","TCP","1514","8004  >  36048 [ACK] Seq=91414 Ack=144 Win=65024 Len=1448 TSval=2916036546 TSecr=3045556319 [TCP segment of a reassembled PDU]"
"29615","32.465860291","192.168.1.55","192.168.1.2","TCP","1514","8004  >  36048 [ACK] Seq=92862 Ack=144 Win=65024 Len=1448 TSval=2916036546 TSecr=3045556319 [TCP segment of a reassembled PDU]"
"29616","32.465862365","192.168.1.55","192.168.1.2","TCP","1514","8004  >  36048 [ACK] Seq=94310 Ack=144 Win=65024 Len=1448 TSval=2916036546 TSecr=3045556319 [TCP segment of a reassembled PDU]"
"29617","32.465863884","192.168.1.55","192.168.1.2","TCP","1514","8004  >  36048 [PSH, ACK] Seq=95758 Ack=144 Win=65024 Len=1448 TSval=2916036546 TSecr=3045556319 [TCP segment of a reassembled PDU]"
"29618","32.465872458","192.168.1.55","192.168.1.2","TCP","1514","8004  >  36048 [ACK] Seq=97206 Ack=144 Win=65024 Len=1448 TSval=2916036546 TSecr=3045556319 [TCP segment of a reassembled PDU]"
"29619","32.465874754","192.168.1.55","192.168.1.2","TCP","1514","8004  >  36048 [PSH, ACK] Seq=98654 Ack=144 Win=65024 Len=1448 TSval=2916036546 TSecr=3045556319 [TCP segment of a reassembled PDU]"
"29620","32.470236613","192.168.1.2","192.168.1.55","TCP","66","36048  >  8004 [ACK] Seq=144 Ack=45078 Win=91136 Len=0 TSval=3045556324 TSecr=2916036545"
"29621","32.470296242","192.168.1.55","192.168.1.2","TCP","1514","8004  >  36048 [ACK] Seq=100102 Ack=144 Win=65024 Len=1448 TSval=2916036550 TSecr=3045556324 [TCP segment of a reassembled PDU]"
"29622","32.470302372","192.168.1.55","192.168.1.2","TCP","1514","8004  >  36048 [ACK] Seq=101550 Ack=144 Win=65024 Len=1448 TSval=2916036550 TSecr=3045556324 [TCP segment of a reassembled PDU]"
"29623","32.470303687","192.168.1.55","192.168.1.2","TCP","1514","8004  >  36048 [ACK] Seq=102998 Ack=144 Win=65024 Len=1448 TSval=2916036550 TSecr=3045556324 [TCP segment of a reassembled PDU]"
"29624","32.470305094","192.168.1.55","192.168.1.2","TCP","1514","8004  >  36048 [PSH, ACK] Seq=104446 Ack=144 Win=65024 Len=1448 TSval=2916036550 TSecr=3045556324 [TCP segment of a reassembled PDU]"
"29625","32.470398780","192.168.1.2","192.168.1.55","TCP","66","36048  >  8004 [ACK] Seq=144 Ack=65350 Win=75776 Len=0 TSval=3045556324 TSecr=2916036545"
"29626","32.470415020","192.168.1.55","192.168.1.2","TCP","1514","8004  >  36048 [ACK] Seq=105894 Ack=144 Win=65024 Len=1448 TSval=2916036551 TSecr=3045556324 [TCP segment of a reassembled PDU]"
"29627","32.470416483","192.168.1.55","192.168.1.2","TCP","1514","8004  >  36048 [ACK] Seq=107342 Ack=144 Win=65024 Len=1448 TSval=2916036551 TSecr=3045556324 [TCP segment of a reassembled PDU]"
"29628","32.470417650","192.168.1.55","192.168.1.2","TCP","1514","8004  >  36048 [ACK] Seq=108790 Ack=144 Win=65024 Len=1448 TSval=2916036551 TSecr=3045556324 [TCP segment of a reassembled PDU]"
"29629","32.470419094","192.168.1.55","192.168.1.2","TCP","1514","8004  >  36048 [ACK] Seq=110238 Ack=144 Win=65024 Len=1448 TSval=2916036551 TSecr=3045556324 [TCP segment of a reassembled PDU]"
"29630","32.470420317","192.168.1.55","192.168.1.2","TCP","1514","8004  >  36048 [ACK] Seq=111686 Ack=144 Win=65024 Len=1448 TSval=2916036551 TSecr=3045556324 [TCP segment of a reassembled PDU]"
"29631","32.470421576","192.168.1.55","192.168.1.2","TCP","1514","8004  >  36048 [ACK] Seq=113134 Ack=144 Win=65024 Len=1448 TSval=2916036551 TSecr=3045556324 [TCP segment of a reassembled PDU]"
"29632","32.470422669","192.168.1.55","192.168.1.2","TCP","1514","8004  >  36048 [PSH, ACK] Seq=114582 Ack=144 Win=65024 Len=1448 TSval=2916036551 TSecr=3045556324 [TCP segment of a reassembled PDU]"
"29633","32.470428409","192.168.1.2","192.168.1.55","TCP","66","36048  >  8004 [ACK] Seq=144 Ack=76934 Win=64512 Len=0 TSval=3045556324 TSecr=2916036545"
"29634","32.470462409","192.168.1.55","192.168.1.2","TCP","1514","8004  >  36048 [ACK] Seq=116030 Ack=144 Win=65024 Len=1448 TSval=2916036551 TSecr=3045556324 [TCP segment of a reassembled PDU]"
"29635","32.470464298","192.168.1.55","192.168.1.2","TCP","1514","8004  >  36048 [ACK] Seq=117478 Ack=144 Win=65024 Len=1448 TSval=2916036551 TSecr=3045556324 [TCP segment of a reassembled PDU]"
"29636","32.470465539","192.168.1.55","192.168.1.2","TCP","1514","8004  >  36048 [ACK] Seq=118926 Ack=144 Win=65024 Len=1448 TSval=2916036551 TSecr=3045556324 [TCP segment of a reassembled PDU]"
"29637","32.470466743","192.168.1.55","192.168.1.2","TCP","1514","8004  >  36048 [ACK] Seq=120374 Ack=144 Win=65024 Len=1448 TSval=2916036551 TSecr=3045556324 [TCP segment of a reassembled PDU]"
"29638","32.470467872","192.168.1.55","192.168.1.2","TCP","1514","8004  >  36048 [ACK] Seq=121822 Ack=144 Win=65024 Len=1448 TSval=2916036551 TSecr=3045556324 [TCP segment of a reassembled PDU]"
"29639","32.470469020","192.168.1.55","192.168.1.2","TCP","1514","8004  >  36048 [ACK] Seq=123270 Ack=144 Win=65024 Len=1448 TSval=2916036551 TSecr=3045556324 [TCP segment of a reassembled PDU]"
"29640","32.470470206","192.168.1.55","192.168.1.2","TCP","1514","8004  >  36048 [ACK] Seq=124718 Ack=144 Win=65024 Len=1448 TSval=2916036551 TSecr=3045556324 [TCP segment of a reassembled PDU]"
"29641","32.470471298","192.168.1.55","192.168.1.2","TCP","1514","8004  >  36048 [ACK] Seq=126166 Ack=144 Win=65024 Len=1448 TSval=2916036551 TSecr=3045556324 [TCP segment of a reassembled PDU]"
"29642","32.470472428","192.168.1.55","192.168.1.2","TCP","1514","8004  >  36048 [ACK] Seq=127614 Ack=144 Win=65024 Len=1448 TSval=2916036551 TSecr=3045556324 [TCP segment of a reassembled PDU]"
"29643","32.470473706","192.168.1.55","192.168.1.2","TCP","1514","8004  >  36048 [ACK] Seq=129062 Ack=144 Win=65024 Len=1448 TSval=2916036551 TSecr=3045556324 [TCP segment of a reassembled PDU]"
"29644","32.470474909","192.168.1.55","192.168.1.2","TCP","1514","8004  >  36048 [ACK] Seq=130510 Ack=144 Win=65024 Len=1448 TSval=2916036551 TSecr=3045556324 [TCP segment of a reassembled PDU]"
"29645","32.470476076","192.168.1.55","192.168.1.2","TCP","1514","8004  >  36048 [ACK] Seq=131958 Ack=144 Win=65024 Len=1448 TSval=2916036551 TSecr=3045556324 [TCP segment of a reassembled PDU]"
"29646","32.470477206","192.168.1.55","192.168.1.2","TCP","1514","8004  >  36048 [ACK] Seq=133406 Ack=144 Win=65024 Len=1448 TSval=2916036551 TSecr=3045556324 [TCP segment of a reassembled PDU]"
"29647","32.470478409","192.168.1.55","192.168.1.2","TCP","1514","8004  >  36048 [ACK] Seq=134854 Ack=144 Win=65024 Len=1448 TSval=2916036551 TSecr=3045556324 [TCP segment of a reassembled PDU]"
"29648","32.470479669","192.168.1.55","192.168.1.2","TCP","1514","8004  >  36048 [ACK] Seq=136302 Ack=144 Win=65024 Len=1448 TSval=2916036551 TSecr=3045556324 [TCP segment of a reassembled PDU]"
"29649","32.470480817","192.168.1.55","192.168.1.2","TCP","1514","8004  >  36048 [ACK] Seq=137750 Ack=144 Win=65024 Len=1448 TSval=2916036551 TSecr=3045556324 [TCP segment of a reassembled PDU]"
"29650","32.470482039","192.168.1.55","192.168.1.2","TCP","1514","8004  >  36048 [ACK] Seq=139198 Ack=144 Win=65024 Len=1448 TSval=2916036551 TSecr=3045556324 [TCP segment of a reassembled PDU]"
"29651","32.470483169","192.168.1.55","192.168.1.2","TCP","866","[TCP Window Full] 8004  >  36048 [PSH, ACK] Seq=140646 Ack=144 Win=65024 Len=800 TSval=2916036551 TSecr=3045556324 [TCP segment of a reassembled PDU]"
"29652","32.470487206","192.168.1.2","192.168.1.55","TCP","66","36048  >  8004 [ACK] Seq=144 Ack=84174 Win=57344 Len=0 TSval=3045556324 TSecr=2916036546"
"29653","32.470491002","192.168.1.2","192.168.1.55","TCP","66","36048  >  8004 [ACK] Seq=144 Ack=92862 Win=68608 Len=0 TSval=3045556324 TSecr=2916036546"
"29654","32.470542372","192.168.1.55","192.168.1.2","TCP","1514","8004  >  36048 [ACK] Seq=141446 Ack=144 Win=65024 Len=1448 TSval=2916036551 TSecr=3045556324 [TCP segment of a reassembled PDU]"
"29655","32.470547280","192.168.1.55","192.168.1.2","TCP","1514","8004  >  36048 [ACK] Seq=142894 Ack=144 Win=65024 Len=1448 TSval=2916036551 TSecr=3045556324 [TCP segment of a reassembled PDU]"
"29656","32.470548558","192.168.1.55","192.168.1.2","TCP","1514","8004  >  36048 [ACK] Seq=144342 Ack=144 Win=65024 Len=1448 TSval=2916036551 TSecr=3045556324 [TCP segment of a reassembled PDU]"
"29657","32.470549780","192.168.1.55","192.168.1.2","TCP","1514","8004  >  36048 [ACK] Seq=145790 Ack=144 Win=65024 Len=1448 TSval=2916036551 TSecr=3045556324 [TCP segment of a reassembled PDU]"
"29658","32.470550984","192.168.1.55","192.168.1.2","TCP","1514","8004  >  36048 [ACK] Seq=147238 Ack=144 Win=65024 Len=1448 TSval=2916036551 TSecr=3045556324 [TCP segment of a reassembled PDU]"
"29659","32.470552280","192.168.1.55","192.168.1.2","TCP","1514","8004  >  36048 [ACK] Seq=148686 Ack=144 Win=65024 Len=1448 TSval=2916036551 TSecr=3045556324 [TCP segment of a reassembled PDU]"
"29660","32.470553502","192.168.1.55","192.168.1.2","TCP","1514","8004  >  36048 [ACK] Seq=150134 Ack=144 Win=65024 Len=1448 TSval=2916036551 TSecr=3045556324 [TCP segment of a reassembled PDU]"
"29661","32.470554595","192.168.1.55","192.168.1.2","TCP","1514","8004  >  36048 [ACK] Seq=151582 Ack=144 Win=65024 Len=1448 TSval=2916036551 TSecr=3045556324 [TCP segment of a reassembled PDU]"
"29662","32.470555817","192.168.1.55","192.168.1.2","TCP","1514","8004  >  36048 [PSH, ACK] Seq=153030 Ack=144 Win=65024 Len=1448 TSval=2916036551 TSecr=3045556324 [TCP segment of a reassembled PDU]"
"29663","32.470611169","192.168.1.2","192.168.1.55","TCP","66","36048  >  8004 [ACK] Seq=144 Ack=97206 Win=82944 Len=0 TSval=3045556325 TSecr=2916036546"
"29664","32.470612613","192.168.1.55","192.168.1.2","TCP","714","8004  >  36048 [ACK] Seq=154478 Ack=144 Win=65024 Len=648 TSval=2916036551 TSecr=3045556324 [TCP segment of a reassembled PDU]"
"29665","32.470615687","192.168.1.2","192.168.1.55","TCP","66","36048  >  8004 [ACK] Seq=144 Ack=100102 Win=91136 Len=0 TSval=3045556325 TSecr=2916036546"
"29666","32.470673113","192.168.1.55","192.168.1.2","TCP","1514","8004  >  36048 [ACK] Seq=155126 Ack=144 Win=65024 Len=1448 TSval=2916036551 TSecr=3045556325 [TCP segment of a reassembled PDU]"
"29667","32.470675058","192.168.1.55","192.168.1.2","TCP","1514","8004  >  36048 [ACK] Seq=156574 Ack=144 Win=65024 Len=1448 TSval=2916036551 TSecr=3045556325 [TCP segment of a reassembled PDU]"
"29668","32.470676262","192.168.1.55","192.168.1.2","TCP","1514","8004  >  36048 [ACK] Seq=158022 Ack=144 Win=65024 Len=1448 TSval=2916036551 TSecr=3045556325 [TCP segment of a reassembled PDU]"
"29669","32.470677428","192.168.1.55","192.168.1.2","TCP","1514","8004  >  36048 [ACK] Seq=159470 Ack=144 Win=65024 Len=1448 TSval=2916036551 TSecr=3045556325 [TCP segment of a reassembled PDU]"
"29670","32.470678650","192.168.1.55","192.168.1.2","TCP","1514","8004  >  36048 [ACK] Seq=160918 Ack=144 Win=65024 Len=1448 TSval=2916036551 TSecr=3045556325 [TCP segment of a reassembled PDU]"
"29671","32.470679780","192.168.1.55","192.168.1.2","TCP","1514","8004  >  36048 [ACK] Seq=162366 Ack=144 Win=65024 Len=1448 TSval=2916036551 TSecr=3045556325 [TCP segment of a reassembled PDU]"
"29672","32.470681002","192.168.1.55","192.168.1.2","TCP","1514","8004  >  36048 [ACK] Seq=163814 Ack=144 Win=65024 Len=1448 TSval=2916036551 TSecr=3045556325 [TCP segment of a reassembled PDU]"
"29673","32.470682299","192.168.1.55","192.168.1.2","TCP","1514","8004  >  36048 [ACK] Seq=165262 Ack=144 Win=65024 Len=1448 TSval=2916036551 TSecr=3045556325 [TCP segment of a reassembled PDU]"
"29674","32.470683410","192.168.1.55","192.168.1.2","TCP","1514","8004  >  36048 [ACK] Seq=166710 Ack=144 Win=65024 Len=1448 TSval=2916036551 TSecr=3045556325 [TCP segment of a reassembled PDU]"
"29675","32.470684650","192.168.1.55","192.168.1.2","TCP","1514","8004  >  36048 [ACK] Seq=168158 Ack=144 Win=65024 Len=1448 TSval=2916036551 TSecr=3045556325 [TCP segment of a reassembled PDU]"
"29676","32.470685743","192.168.1.55","192.168.1.2","TCP","1514","8004  >  36048 [ACK] Seq=169606 Ack=144 Win=65024 Len=1448 TSval=2916036551 TSecr=3045556325 [TCP segment of a reassembled PDU]"
"29677","32.470686854","192.168.1.55","192.168.1.2","TCP","1514","8004  >  36048 [ACK] Seq=171054 Ack=144 Win=65024 Len=1448 TSval=2916036551 TSecr=3045556325 [TCP segment of a reassembled PDU]"
"29678","32.470688447","192.168.1.55","192.168.1.2","TCP","1514","8004  >  36048 [ACK] Seq=172502 Ack=144 Win=65024 Len=1448 TSval=2916036551 TSecr=3045556325 [TCP segment of a reassembled PDU]"
"29679","32.470689576","192.168.1.55","192.168.1.2","TCP","1514","8004  >  36048 [ACK] Seq=173950 Ack=144 Win=65024 Len=1448 TSval=2916036551 TSecr=3045556325 [TCP segment of a reassembled PDU]"
"29680","32.470690836","192.168.1.55","192.168.1.2","TCP","1514","8004  >  36048 [ACK] Seq=175398 Ack=144 Win=65024 Len=1448 TSval=2916036551 TSecr=3045556325 [TCP segment of a reassembled PDU]"
"29681","32.470692058","192.168.1.55","192.168.1.2","TCP","1514","8004  >  36048 [ACK] Seq=176846 Ack=144 Win=65024 Len=1448 TSval=2916036551 TSecr=3045556325 [TCP segment of a reassembled PDU]"
"29682","32.470693243","192.168.1.55","192.168.1.2","TCP","1514","8004  >  36048 [ACK] Seq=178294 Ack=144 Win=65024 Len=1448 TSval=2916036551 TSecr=3045556325 [TCP segment of a reassembled PDU]"
"29683","32.470694669","192.168.1.55","192.168.1.2","TCP","1514","8004  >  36048 [ACK] Seq=179742 Ack=144 Win=65024 Len=1448 TSval=2916036551 TSecr=3045556325 [TCP segment of a reassembled PDU]"
"29684","32.470695891","192.168.1.55","192.168.1.2","TCP","1514","8004  >  36048 [ACK] Seq=181190 Ack=144 Win=65024 Len=1448 TSval=2916036551 TSecr=3045556325 [TCP segment of a reassembled PDU]"
"29685","32.470697058","192.168.1.55","192.168.1.2","TCP","1514","8004  >  36048 [ACK] Seq=182638 Ack=144 Win=65024 Len=1448 TSval=2916036551 TSecr=3045556325 [TCP segment of a reassembled PDU]"
"29686","32.470698780","192.168.1.55","192.168.1.2","TCP","1514","8004  >  36048 [ACK] Seq=184086 Ack=144 Win=65024 Len=1448 TSval=2916036551 TSecr=3045556325 [TCP segment of a reassembled PDU]"
"29687","32.470700836","192.168.1.55","192.168.1.2","TCP","1514","8004  >  36048 [ACK] Seq=185534 Ack=144 Win=65024 Len=1448 TSval=2916036551 TSecr=3045556325 [TCP segment of a reassembled PDU]"
"29688","32.470703225","192.168.1.55","192.168.1.2","TCP","1514","8004  >  36048 [ACK] Seq=186982 Ack=144 Win=65024 Len=1448 TSval=2916036551 TSecr=3045556325 [TCP segment of a reassembled PDU]"
"29689","32.470704650","192.168.1.55","192.168.1.2","TCP","1514","8004  >  36048 [PSH, ACK] Seq=188430 Ack=144 Win=65024 Len=1448 TSval=2916036551 TSecr=3045556325 [TCP segment of a reassembled PDU]"
"29690","32.477975403","192.168.1.2","192.168.1.55","TCP","66","36048  >  8004 [ACK] Seq=144 Ack=105894 Win=88064 Len=0 TSval=3045556332 TSecr=2916036550"
"29691","32.478010181","192.168.1.55","192.168.1.2","TCP","1514","8004  >  36048 [ACK] Seq=189878 Ack=144 Win=65024 Len=1448 TSval=2916036558 TSecr=3045556332 [TCP segment of a reassembled PDU]"
"29692","32.478013958","192.168.1.55","192.168.1.2","TCP","1514","8004  >  36048 [PSH, ACK] Seq=191326 Ack=144 Win=65024 Len=1448 TSval=2916036558 TSecr=3045556332 [TCP segment of a reassembled PDU]"
"29693","32.478241848","192.168.1.2","192.168.1.55","TCP","66","36048  >  8004 [ACK] Seq=144 Ack=116030 Win=102400 Len=0 TSval=3045556332 TSecr=2916036551"
"29694","32.478252459","192.168.1.55","192.168.1.2","TCP","1514","8004  >  36048 [ACK] Seq=192774 Ack=144 Win=65024 Len=1448 TSval=2916036558 TSecr=3045556332 [TCP segment of a reassembled PDU]"
"29695","32.478254162","192.168.1.55","192.168.1.2","TCP","1514","8004  >  36048 [ACK] Seq=194222 Ack=144 Win=65024 Len=1448 TSval=2916036558 TSecr=3045556332 [TCP segment of a reassembled PDU]"
"29696","32.478255218","192.168.1.55","192.168.1.2","TCP","1514","8004  >  36048 [ACK] Seq=195670 Ack=144 Win=65024 Len=1448 TSval=2916036558 TSecr=3045556332 [TCP segment of a reassembled PDU]"
"29697","32.478256292","192.168.1.55","192.168.1.2","TCP","1514","8004  >  36048 [PSH, ACK] Seq=197118 Ack=144 Win=65024 Len=1448 TSval=2916036558 TSecr=3045556332 [TCP segment of a reassembled PDU]"
"29698","32.478260162","192.168.1.2","192.168.1.55","TCP","66","36048  >  8004 [ACK] Seq=144 Ack=130510 Win=107520 Len=0 TSval=3045556332 TSecr=2916036551"
"29699","32.478301662","192.168.1.55","192.168.1.2","TCP","1514","8004  >  36048 [ACK] Seq=198566 Ack=144 Win=65024 Len=1448 TSval=2916036558 TSecr=3045556332 [TCP segment of a reassembled PDU]"
"29700","32.478303848","192.168.1.55","192.168.1.2","TCP","1514","8004  >  36048 [ACK] Seq=200014 Ack=144 Win=65024 Len=1448 TSval=2916036558 TSecr=3045556332 [TCP segment of a reassembled PDU]"
"29701","32.478305162","192.168.1.55","192.168.1.2","TCP","1514","8004  >  36048 [ACK] Seq=201462 Ack=144 Win=65024 Len=1448 TSval=2916036558 TSecr=3045556332 [TCP segment of a reassembled PDU]"
"29702","32.478306218","192.168.1.55","192.168.1.2","TCP","1514","8004  >  36048 [ACK] Seq=202910 Ack=144 Win=65024 Len=1448 TSval=2916036558 TSecr=3045556332 [TCP segment of a reassembled PDU]"
"29703","32.478307348","192.168.1.55","192.168.1.2","TCP","1514","8004  >  36048 [ACK] Seq=204358 Ack=144 Win=65024 Len=1448 TSval=2916036558 TSecr=3045556332 [TCP segment of a reassembled PDU]"
"29704","32.478308533","192.168.1.55","192.168.1.2","TCP","1514","8004  >  36048 [ACK] Seq=205806 Ack=144 Win=65024 Len=1448 TSval=2916036558 TSecr=3045556332 [TCP segment of a reassembled PDU]"
"29705","32.478309811","192.168.1.55","192.168.1.2","TCP","1514","8004  >  36048 [ACK] Seq=207254 Ack=144 Win=65024 Len=1448 TSval=2916036558 TSecr=3045556332 [TCP segment of a reassembled PDU]"
"29706","32.478310977","192.168.1.55","192.168.1.2","TCP","1514","8004  >  36048 [ACK] Seq=208702 Ack=144 Win=65024 Len=1448 TSval=2916036558 TSecr=3045556332 [TCP segment of a reassembled PDU]"
"29707","32.478312181","192.168.1.55","192.168.1.2","TCP","1514","8004  >  36048 [ACK] Seq=210150 Ack=144 Win=65024 Len=1448 TSval=2916036558 TSecr=3045556332 [TCP segment of a reassembled PDU]"
"29708","32.478313681","192.168.1.55","192.168.1.2","TCP","1514","8004  >  36048 [ACK] Seq=211598 Ack=144 Win=65024 Len=1448 TSval=2916036558 TSecr=3045556332 [TCP segment of a reassembled PDU]"
"29709","32.478315292","192.168.1.55","192.168.1.2","TCP","1514","8004  >  36048 [ACK] Seq=213046 Ack=144 Win=65024 Len=1448 TSval=2916036558 TSecr=3045556332 [TCP segment of a reassembled PDU]"
"29710","32.478316422","192.168.1.55","192.168.1.2","TCP","1514","8004  >  36048 [ACK] Seq=214494 Ack=144 Win=65024 Len=1448 TSval=2916036558 TSecr=3045556332 [TCP segment of a reassembled PDU]"
"29711","32.478317829","192.168.1.55","192.168.1.2","TCP","1514","8004  >  36048 [ACK] Seq=215942 Ack=144 Win=65024 Len=1448 TSval=2916036558 TSecr=3045556332 [TCP segment of a reassembled PDU]"
"29712","32.478319051","192.168.1.55","192.168.1.2","TCP","1514","8004  >  36048 [ACK] Seq=217390 Ack=144 Win=65024 Len=1448 TSval=2916036558 TSecr=3045556332 [TCP segment of a reassembled PDU]"
"29713","32.478320181","192.168.1.55","192.168.1.2","TCP","1514","8004  >  36048 [ACK] Seq=218838 Ack=144 Win=65024 Len=1448 TSval=2916036558 TSecr=3045556332 [TCP segment of a reassembled PDU]"
"29714","32.478321403","192.168.1.55","192.168.1.2","TCP","1514","8004  >  36048 [ACK] Seq=220286 Ack=144 Win=65024 Len=1448 TSval=2916036558 TSecr=3045556332 [TCP segment of a reassembled PDU]"
"29715","32.478322551","192.168.1.55","192.168.1.2","TCP","1514","8004  >  36048 [ACK] Seq=221734 Ack=144 Win=65024 Len=1448 TSval=2916036558 TSecr=3045556332 [TCP segment of a reassembled PDU]"
"29716","32.478323718","192.168.1.55","192.168.1.2","TCP","1514","8004  >  36048 [ACK] Seq=223182 Ack=144 Win=65024 Len=1448 TSval=2916036558 TSecr=3045556332 [TCP segment of a reassembled PDU]"
"29717","32.478324866","192.168.1.55","192.168.1.2","TCP","1514","8004  >  36048 [ACK] Seq=224630 Ack=144 Win=65024 Len=1448 TSval=2916036558 TSecr=3045556332 [TCP segment of a reassembled PDU]"
"29718","32.478326014","192.168.1.55","192.168.1.2","TCP","1514","8004  >  36048 [ACK] Seq=226078 Ack=144 Win=65024 Len=1448 TSval=2916036558 TSecr=3045556332 [TCP segment of a reassembled PDU]"
"29719","32.478327533","192.168.1.55","192.168.1.2","TCP","1514","8004  >  36048 [ACK] Seq=227526 Ack=144 Win=65024 Len=1448 TSval=2916036558 TSecr=3045556332 [TCP segment of a reassembled PDU]"
"29720","32.478328662","192.168.1.55","192.168.1.2","TCP","1514","8004  >  36048 [ACK] Seq=228974 Ack=144 Win=65024 Len=1448 TSval=2916036558 TSecr=3045556332 [TCP segment of a reassembled PDU]"
"29721","32.478330107","192.168.1.55","192.168.1.2","TCP","1514","8004  >  36048 [ACK] Seq=230422 Ack=144 Win=65024 Len=1448 TSval=2916036558 TSecr=3045556332 [TCP segment of a reassembled PDU]"
"29722","32.478331218","192.168.1.55","192.168.1.2","TCP","1514","8004  >  36048 [ACK] Seq=231870 Ack=144 Win=65024 Len=1448 TSval=2916036558 TSecr=3045556332 [TCP segment of a reassembled PDU]"
"29723","32.478332385","192.168.1.55","192.168.1.2","TCP","1514","8004  >  36048 [ACK] Seq=233318 Ack=144 Win=65024 Len=1448 TSval=2916036558 TSecr=3045556332 [TCP segment of a reassembled PDU]"
"29724","32.478333570","192.168.1.55","192.168.1.2","TCP","1514","8004  >  36048 [ACK] Seq=234766 Ack=144 Win=65024 Len=1448 TSval=2916036558 TSecr=3045556332 [TCP segment of a reassembled PDU]"
"29725","32.478334644","192.168.1.55","192.168.1.2","TCP","1514","8004  >  36048 [PSH, ACK] Seq=236214 Ack=144 Win=65024 Len=1448 TSval=2916036558 TSecr=3045556332 [TCP segment of a reassembled PDU]"
"29726","32.478343644","192.168.1.2","192.168.1.55","TCP","66","36048  >  8004 [ACK] Seq=144 Ack=141446 Win=111616 Len=0 TSval=3045556332 TSecr=2916036551"
"29727","32.478358440","192.168.1.55","192.168.1.2","TCP","1514","8004  >  36048 [ACK] Seq=237662 Ack=144 Win=65024 Len=1448 TSval=2916036559 TSecr=3045556332 [TCP segment of a reassembled PDU]"
"29728","32.478360477","192.168.1.55","192.168.1.2","TCP","1514","8004  >  36048 [ACK] Seq=239110 Ack=144 Win=65024 Len=1448 TSval=2916036559 TSecr=3045556332 [TCP segment of a reassembled PDU]"
"29729","32.478361570","192.168.1.55","192.168.1.2","TCP","1514","8004  >  36048 [PSH, ACK] Seq=240558 Ack=144 Win=65024 Len=1448 TSval=2916036559 TSecr=3045556332 [TCP segment of a reassembled PDU]"
"29730","32.478365533","192.168.1.2","192.168.1.55","TCP","66","36048  >  8004 [ACK] Seq=144 Ack=154478 Win=99328 Len=0 TSval=3045556332 TSecr=2916036551"
"29731","32.478420181","192.168.1.2","192.168.1.55","TCP","66","36048  >  8004 [ACK] Seq=144 Ack=155126 Win=113664 Len=0 TSval=3045556333 TSecr=2916036551"
"29732","32.478425811","192.168.1.2","192.168.1.55","TCP","66","36048  >  8004 [ACK] Seq=144 Ack=189878 Win=87040 Len=0 TSval=3045556333 TSecr=2916036551"
"29733","32.478479348","192.168.1.55","192.168.1.2","TCP","1514","8004  >  36048 [ACK] Seq=242006 Ack=144 Win=65024 Len=1448 TSval=2916036559 TSecr=3045556333 [TCP segment of a reassembled PDU]"
"29734","32.478482292","192.168.1.55","192.168.1.2","TCP","1514","8004  >  36048 [ACK] Seq=243454 Ack=144 Win=65024 Len=1448 TSval=2916036559 TSecr=3045556333 [TCP segment of a reassembled PDU]"
"29735","32.478483811","192.168.1.55","192.168.1.2","TCP","1514","8004  >  36048 [ACK] Seq=244902 Ack=144 Win=65024 Len=1448 TSval=2916036559 TSecr=3045556333 [TCP segment of a reassembled PDU]"
"29736","32.478484996","192.168.1.55","192.168.1.2","TCP","1514","8004  >  36048 [ACK] Seq=246350 Ack=144 Win=65024 Len=1448 TSval=2916036559 TSecr=3045556333 [TCP segment of a reassembled PDU]"
"29737","32.478486181","192.168.1.55","192.168.1.2","TCP","1514","8004  >  36048 [ACK] Seq=247798 Ack=144 Win=65024 Len=1448 TSval=2916036559 TSecr=3045556333 [TCP segment of a reassembled PDU]"
"29738","32.478487403","192.168.1.55","192.168.1.2","TCP","1514","8004  >  36048 [ACK] Seq=249246 Ack=144 Win=65024 Len=1448 TSval=2916036559 TSecr=3045556333 [TCP segment of a reassembled PDU]"
"29739","32.478488607","192.168.1.55","192.168.1.2","TCP","1514","8004  >  36048 [ACK] Seq=250694 Ack=144 Win=65024 Len=1448 TSval=2916036559 TSecr=3045556333 [TCP segment of a reassembled PDU]"
"29740","32.478489755","192.168.1.55","192.168.1.2","TCP","1514","8004  >  36048 [ACK] Seq=252142 Ack=144 Win=65024 Len=1448 TSval=2916036559 TSecr=3045556333 [TCP segment of a reassembled PDU]"
"29741","32.478490978","192.168.1.55","192.168.1.2","TCP","1514","8004  >  36048 [ACK] Seq=253590 Ack=144 Win=65024 Len=1448 TSval=2916036559 TSecr=3045556333 [TCP segment of a reassembled PDU]"
"29742","32.478492126","192.168.1.55","192.168.1.2","TCP","1514","8004  >  36048 [ACK] Seq=255038 Ack=144 Win=65024 Len=1448 TSval=2916036559 TSecr=3045556333 [TCP segment of a reassembled PDU]"
"29743","32.478493422","192.168.1.55","192.168.1.2","TCP","1514","8004  >  36048 [ACK] Seq=256486 Ack=144 Win=65024 Len=1448 TSval=2916036559 TSecr=3045556333 [TCP segment of a reassembled PDU]"
"29744","32.478494644","192.168.1.55","192.168.1.2","TCP","1514","8004  >  36048 [ACK] Seq=257934 Ack=144 Win=65024 Len=1448 TSval=2916036559 TSecr=3045556333 [TCP segment of a reassembled PDU]"
"29745","32.478495718","192.168.1.55","192.168.1.2","TCP","1514","8004  >  36048 [ACK] Seq=259382 Ack=144 Win=65024 Len=1448 TSval=2916036559 TSecr=3045556333 [TCP segment of a reassembled PDU]"
"29746","32.478496885","192.168.1.55","192.168.1.2","TCP","1514","8004  >  36048 [ACK] Seq=260830 Ack=144 Win=65024 Len=1448 TSval=2916036559 TSecr=3045556333 [TCP segment of a reassembled PDU]"
"29747","32.478498126","192.168.1.55","192.168.1.2","TCP","1514","8004  >  36048 [ACK] Seq=262278 Ack=144 Win=65024 Len=1448 TSval=2916036559 TSecr=3045556333 [TCP segment of a reassembled PDU]"
"29748","32.478499422","192.168.1.55","192.168.1.2","TCP","1514","8004  >  36048 [ACK] Seq=263726 Ack=144 Win=65024 Len=1448 TSval=2916036559 TSecr=3045556333 [TCP segment of a reassembled PDU]"
"29749","32.478500774","192.168.1.55","192.168.1.2","TCP","1514","8004  >  36048 [ACK] Seq=265174 Ack=144 Win=65024 Len=1448 TSval=2916036559 TSecr=3045556333 [TCP segment of a reassembled PDU]"
"29750","32.478501996","192.168.1.55","192.168.1.2","TCP","1514","8004  >  36048 [ACK] Seq=266622 Ack=144 Win=65024 Len=1448 TSval=2916036559 TSecr=3045556333 [TCP segment of a reassembled PDU]"
"29751","32.478503181","192.168.1.55","192.168.1.2","TCP","1514","8004  >  36048 [ACK] Seq=268070 Ack=144 Win=65024 Len=1448 TSval=2916036559 TSecr=3045556333 [TCP segment of a reassembled PDU]"
"29752","32.478504237","192.168.1.55","192.168.1.2","TCP","1514","8004  >  36048 [ACK] Seq=269518 Ack=144 Win=65024 Len=1448 TSval=2916036559 TSecr=3045556333 [TCP segment of a reassembled PDU]"
"29753","32.478505385","192.168.1.55","192.168.1.2","TCP","1514","8004  >  36048 [ACK] Seq=270966 Ack=144 Win=65024 Len=1448 TSval=2916036559 TSecr=3045556333 [TCP segment of a reassembled PDU]"
"29754","32.478506570","192.168.1.55","192.168.1.2","TCP","1514","8004  >  36048 [ACK] Seq=272414 Ack=144 Win=65024 Len=1448 TSval=2916036559 TSecr=3045556333 [TCP segment of a reassembled PDU]"
"29755","32.478507885","192.168.1.55","192.168.1.2","TCP","1514","8004  >  36048 [ACK] Seq=273862 Ack=144 Win=65024 Len=1448 TSval=2916036559 TSecr=3045556333 [TCP segment of a reassembled PDU]"
"29756","32.478509515","192.168.1.55","192.168.1.2","TCP","1514","8004  >  36048 [ACK] Seq=275310 Ack=144 Win=65024 Len=1448 TSval=2916036559 TSecr=3045556333 [TCP segment of a reassembled PDU]"
"29757","32.478510700","192.168.1.55","192.168.1.2","TCP","226","[TCP Window Full] 8004  >  36048 [PSH, ACK] Seq=276758 Ack=144 Win=65024 Len=160 TSval=2916036559 TSecr=3045556333 [TCP segment of a reassembled PDU]"
"29758","32.485592637","192.168.1.2","192.168.1.55","TCP","66","36048  >  8004 [ACK] Seq=144 Ack=192774 Win=115712 Len=0 TSval=3045556339 TSecr=2916036558"
"29759","32.485646933","192.168.1.55","192.168.1.2","TCP","1514","8004  >  36048 [ACK] Seq=276918 Ack=144 Win=65024 Len=1448 TSval=2916036566 TSecr=3045556339 [TCP segment of a reassembled PDU]"
"29760","32.485650878","192.168.1.55","192.168.1.2","TCP","1514","8004  >  36048 [ACK] Seq=278366 Ack=144 Win=65024 Len=1448 TSval=2916036566 TSecr=3045556339 [TCP segment of a reassembled PDU]"
"29761","32.485652026","192.168.1.55","192.168.1.2","TCP","1514","8004  >  36048 [ACK] Seq=279814 Ack=144 Win=65024 Len=1448 TSval=2916036566 TSecr=3045556339 [TCP segment of a reassembled PDU]"
"29762","32.485653137","192.168.1.55","192.168.1.2","TCP","1514","8004  >  36048 [ACK] Seq=281262 Ack=144 Win=65024 Len=1448 TSval=2916036566 TSecr=3045556339 [TCP segment of a reassembled PDU]"
"29763","32.485654619","192.168.1.55","192.168.1.2","TCP","1514","8004  >  36048 [PSH, ACK] Seq=282710 Ack=144 Win=65024 Len=1448 TSval=2916036566 TSecr=3045556339 [TCP segment of a reassembled PDU]"
"29764","32.485661785","192.168.1.55","192.168.1.2","TCP","1354","8004  >  36048 [ACK] Seq=284158 Ack=144 Win=65024 Len=1288 TSval=2916036566 TSecr=3045556339 [TCP segment of a reassembled PDU]"
"29765","32.485689619","192.168.1.2","192.168.1.55","TCP","66","36048  >  8004 [ACK] Seq=144 Ack=213046 Win=135168 Len=0 TSval=3045556339 TSecr=2916036558"
"29766","32.485742933","192.168.1.55","192.168.1.2","TCP","1514","8004  >  36048 [ACK] Seq=285446 Ack=144 Win=65024 Len=1448 TSval=2916036566 TSecr=3045556339 [TCP segment of a reassembled PDU]"
"29767","32.485745952","192.168.1.55","192.168.1.2","TCP","1514","8004  >  36048 [ACK] Seq=286894 Ack=144 Win=65024 Len=1448 TSval=2916036566 TSecr=3045556339 [TCP segment of a reassembled PDU]"
"29768","32.485747285","192.168.1.55","192.168.1.2","TCP","1514","8004  >  36048 [ACK] Seq=288342 Ack=144 Win=65024 Len=1448 TSval=2916036566 TSecr=3045556339 [TCP segment of a reassembled PDU]"
"29769","32.485748730","192.168.1.55","192.168.1.2","TCP","1514","8004  >  36048 [ACK] Seq=289790 Ack=144 Win=65024 Len=1448 TSval=2916036566 TSecr=3045556339 [TCP segment of a reassembled PDU]"
"29770","32.485749804","192.168.1.55","192.168.1.2","TCP","1514","8004  >  36048 [ACK] Seq=291238 Ack=144 Win=65024 Len=1448 TSval=2916036566 TSecr=3045556339 [TCP segment of a reassembled PDU]"
"29771","32.485751100","192.168.1.55","192.168.1.2","TCP","1514","8004  >  36048 [ACK] Seq=292686 Ack=144 Win=65024 Len=1448 TSval=2916036566 TSecr=3045556339 [TCP segment of a reassembled PDU]"
"29772","32.485752656","192.168.1.55","192.168.1.2","TCP","1514","8004  >  36048 [ACK] Seq=294134 Ack=144 Win=65024 Len=1448 TSval=2916036566 TSecr=3045556339 [TCP segment of a reassembled PDU]"
"29773","32.485753896","192.168.1.55","192.168.1.2","TCP","1514","8004  >  36048 [ACK] Seq=295582 Ack=144 Win=65024 Len=1448 TSval=2916036566 TSecr=3045556339 [TCP segment of a reassembled PDU]"
"29774","32.485755156","192.168.1.55","192.168.1.2","TCP","1514","8004  >  36048 [ACK] Seq=297030 Ack=144 Win=65024 Len=1448 TSval=2916036566 TSecr=3045556339 [TCP segment of a reassembled PDU]"
"29775","32.485756211","192.168.1.55","192.168.1.2","TCP","1514","8004  >  36048 [ACK] Seq=298478 Ack=144 Win=65024 Len=1448 TSval=2916036566 TSecr=3045556339 [TCP segment of a reassembled PDU]"
"29776","32.485757396","192.168.1.55","192.168.1.2","TCP","1514","8004  >  36048 [ACK] Seq=299926 Ack=144 Win=65024 Len=1448 TSval=2916036566 TSecr=3045556339 [TCP segment of a reassembled PDU]"
"29777","32.485758489","192.168.1.55","192.168.1.2","TCP","1514","8004  >  36048 [ACK] Seq=301374 Ack=144 Win=65024 Len=1448 TSval=2916036566 TSecr=3045556339 [TCP segment of a reassembled PDU]"
"29778","32.485759693","192.168.1.55","192.168.1.2","TCP","1514","8004  >  36048 [ACK] Seq=302822 Ack=144 Win=65024 Len=1448 TSval=2916036566 TSecr=3045556339 [TCP segment of a reassembled PDU]"
"29779","32.485761193","192.168.1.55","192.168.1.2","TCP","1514","8004  >  36048 [ACK] Seq=304270 Ack=144 Win=65024 Len=1448 TSval=2916036566 TSecr=3045556339 [TCP segment of a reassembled PDU]"
"29780","32.485762545","192.168.1.55","192.168.1.2","TCP","1514","8004  >  36048 [ACK] Seq=305718 Ack=144 Win=65024 Len=1448 TSval=2916036566 TSecr=3045556339 [TCP segment of a reassembled PDU]"
"29781","32.485763656","192.168.1.55","192.168.1.2","TCP","1514","8004  >  36048 [ACK] Seq=307166 Ack=144 Win=65024 Len=1448 TSval=2916036566 TSecr=3045556339 [TCP segment of a reassembled PDU]"
"29782","32.485764804","192.168.1.55","192.168.1.2","TCP","1514","8004  >  36048 [ACK] Seq=308614 Ack=144 Win=65024 Len=1448 TSval=2916036566 TSecr=3045556339 [TCP segment of a reassembled PDU]"
"29783","32.485766026","192.168.1.55","192.168.1.2","TCP","1514","8004  >  36048 [ACK] Seq=310062 Ack=144 Win=65024 Len=1448 TSval=2916036566 TSecr=3045556339 [TCP segment of a reassembled PDU]"
"29784","32.485767545","192.168.1.55","192.168.1.2","TCP","1514","8004  >  36048 [ACK] Seq=311510 Ack=144 Win=65024 Len=1448 TSval=2916036566 TSecr=3045556339 [TCP segment of a reassembled PDU]"
"29785","32.485768711","192.168.1.55","192.168.1.2","TCP","1514","8004  >  36048 [ACK] Seq=312958 Ack=144 Win=65024 Len=1448 TSval=2916036566 TSecr=3045556339 [TCP segment of a reassembled PDU]"
"29786","32.485770322","192.168.1.55","192.168.1.2","TCP","1514","8004  >  36048 [ACK] Seq=314406 Ack=144 Win=65024 Len=1448 TSval=2916036566 TSecr=3045556339 [TCP segment of a reassembled PDU]"
"29787","32.485772100","192.168.1.55","192.168.1.2","TCP","1514","8004  >  36048 [ACK] Seq=315854 Ack=144 Win=65024 Len=1448 TSval=2916036566 TSecr=3045556339 [TCP segment of a reassembled PDU]"
"29788","32.485773174","192.168.1.55","192.168.1.2","TCP","1514","8004  >  36048 [ACK] Seq=317302 Ack=144 Win=65024 Len=1448 TSval=2916036566 TSecr=3045556339 [TCP segment of a reassembled PDU]"
"29789","32.485774785","192.168.1.55","192.168.1.2","TCP","1514","8004  >  36048 [ACK] Seq=318750 Ack=144 Win=65024 Len=1448 TSval=2916036566 TSecr=3045556339 [TCP segment of a reassembled PDU]"
"29790","32.485776045","192.168.1.55","192.168.1.2","TCP","1514","8004  >  36048 [ACK] Seq=320198 Ack=144 Win=65024 Len=1448 TSval=2916036566 TSecr=3045556339 [TCP segment of a reassembled PDU]"
"29791","32.485777100","192.168.1.55","192.168.1.2","TCP","1514","8004  >  36048 [ACK] Seq=321646 Ack=144 Win=65024 Len=1448 TSval=2916036566 TSecr=3045556339 [TCP segment of a reassembled PDU]"
"29792","32.485778785","192.168.1.55","192.168.1.2","TCP","1514","8004  >  36048 [ACK] Seq=323094 Ack=144 Win=65024 Len=1448 TSval=2916036566 TSecr=3045556339 [TCP segment of a reassembled PDU]"
"29793","32.485779878","192.168.1.55","192.168.1.2","TCP","1514","8004  >  36048 [ACK] Seq=324542 Ack=144 Win=65024 Len=1448 TSval=2916036566 TSecr=3045556339 [TCP segment of a reassembled PDU]"
"29794","32.485781730","192.168.1.55","192.168.1.2","TCP","1514","8004  >  36048 [ACK] Seq=325990 Ack=144 Win=65024 Len=1448 TSval=2916036566 TSecr=3045556339 [TCP segment of a reassembled PDU]"
"29795","32.485782859","192.168.1.55","192.168.1.2","TCP","1514","8004  >  36048 [PSH, ACK] Seq=327438 Ack=144 Win=65024 Len=1448 TSval=2916036566 TSecr=3045556339 [TCP segment of a reassembled PDU]"
"29796","32.489900866","192.168.1.2","192.168.1.55","TCP","66","36048  >  8004 [ACK] Seq=144 Ack=237662 Win=150528 Len=0 TSval=3045556340 TSecr=2916036558"
"29797","32.489948551","192.168.1.55","192.168.1.2","TCP","1514","8004  >  36048 [ACK] Seq=328886 Ack=144 Win=65024 Len=1448 TSval=2916036570 TSecr=3045556340 [TCP segment of a reassembled PDU]"
"29798","32.489951625","192.168.1.55","192.168.1.2","TCP","1514","8004  >  36048 [ACK] Seq=330334 Ack=144 Win=65024 Len=1448 TSval=2916036570 TSecr=3045556340 [TCP segment of a reassembled PDU]"
"29799","32.489952625","192.168.1.55","192.168.1.2","TCP","1514","8004  >  36048 [ACK] Seq=331782 Ack=144 Win=65024 Len=1448 TSval=2916036570 TSecr=3045556340 [TCP segment of a reassembled PDU]"
"29800","32.489953625","192.168.1.55","192.168.1.2","TCP","1514","8004  >  36048 [ACK] Seq=333230 Ack=144 Win=65024 Len=1448 TSval=2916036570 TSecr=3045556340 [TCP segment of a reassembled PDU]"
"29801","32.489961366","192.168.1.55","192.168.1.2","TCP","1514","8004  >  36048 [ACK] Seq=334678 Ack=144 Win=65024 Len=1448 TSval=2916036570 TSecr=3045556340 [TCP segment of a reassembled PDU]"
"29802","32.489962570","192.168.1.55","192.168.1.2","TCP","1514","8004  >  36048 [ACK] Seq=336126 Ack=144 Win=65024 Len=1448 TSval=2916036570 TSecr=3045556340 [TCP segment of a reassembled PDU]"
"29803","32.489963625","192.168.1.55","192.168.1.2","TCP","1514","8004  >  36048 [ACK] Seq=337574 Ack=144 Win=65024 Len=1448 TSval=2916036570 TSecr=3045556340 [TCP segment of a reassembled PDU]"
"29804","32.489964514","192.168.1.55","192.168.1.2","TCP","1514","8004  >  36048 [ACK] Seq=339022 Ack=144 Win=65024 Len=1448 TSval=2916036570 TSecr=3045556340 [TCP segment of a reassembled PDU]"
"29805","32.489965403","192.168.1.55","192.168.1.2","TCP","1514","8004  >  36048 [ACK] Seq=340470 Ack=144 Win=65024 Len=1448 TSval=2916036570 TSecr=3045556340 [TCP segment of a reassembled PDU]"
"29806","32.489966348","192.168.1.55","192.168.1.2","TCP","1514","8004  >  36048 [ACK] Seq=341918 Ack=144 Win=65024 Len=1448 TSval=2916036570 TSecr=3045556340 [TCP segment of a reassembled PDU]"
"29807","32.489967329","192.168.1.55","192.168.1.2","TCP","1514","8004  >  36048 [ACK] Seq=343366 Ack=144 Win=65024 Len=1448 TSval=2916036570 TSecr=3045556340 [TCP segment of a reassembled PDU]"
"29808","32.489968311","192.168.1.55","192.168.1.2","TCP","1514","8004  >  36048 [ACK] Seq=344814 Ack=144 Win=65024 Len=1448 TSval=2916036570 TSecr=3045556340 [TCP segment of a reassembled PDU]"
"29809","32.489969218","192.168.1.55","192.168.1.2","TCP","1514","8004  >  36048 [ACK] Seq=346262 Ack=144 Win=65024 Len=1448 TSval=2916036570 TSecr=3045556340 [TCP segment of a reassembled PDU]"
"29810","32.489970236","192.168.1.55","192.168.1.2","TCP","1514","8004  >  36048 [ACK] Seq=347710 Ack=144 Win=65024 Len=1448 TSval=2916036570 TSecr=3045556340 [TCP segment of a reassembled PDU]"
"29811","32.489971236","192.168.1.55","192.168.1.2","TCP","1514","8004  >  36048 [ACK] Seq=349158 Ack=144 Win=65024 Len=1448 TSval=2916036570 TSecr=3045556340 [TCP segment of a reassembled PDU]"
"29812","32.489972107","192.168.1.55","192.168.1.2","TCP","1514","8004  >  36048 [ACK] Seq=350606 Ack=144 Win=65024 Len=1448 TSval=2916036570 TSecr=3045556340 [TCP segment of a reassembled PDU]"
"29813","32.489973162","192.168.1.55","192.168.1.2","TCP","1514","8004  >  36048 [ACK] Seq=352054 Ack=144 Win=65024 Len=1448 TSval=2916036570 TSecr=3045556340 [TCP segment of a reassembled PDU]"
"29814","32.489974570","192.168.1.55","192.168.1.2","TCP","1514","8004  >  36048 [ACK] Seq=353502 Ack=144 Win=65024 Len=1448 TSval=2916036570 TSecr=3045556340 [TCP segment of a reassembled PDU]"
"29815","32.489975533","192.168.1.55","192.168.1.2","TCP","1514","8004  >  36048 [ACK] Seq=354950 Ack=144 Win=65024 Len=1448 TSval=2916036570 TSecr=3045556340 [TCP segment of a reassembled PDU]"
"29816","32.489976644","192.168.1.55","192.168.1.2","TCP","1514","8004  >  36048 [ACK] Seq=356398 Ack=144 Win=65024 Len=1448 TSval=2916036570 TSecr=3045556340 [TCP segment of a reassembled PDU]"
"29817","32.489977533","192.168.1.55","192.168.1.2","TCP","1514","8004  >  36048 [ACK] Seq=357846 Ack=144 Win=65024 Len=1448 TSval=2916036570 TSecr=3045556340 [TCP segment of a reassembled PDU]"
"29818","32.489978533","192.168.1.55","192.168.1.2","TCP","1514","8004  >  36048 [ACK] Seq=359294 Ack=144 Win=65024 Len=1448 TSval=2916036570 TSecr=3045556340 [TCP segment of a reassembled PDU]"
"29819","32.489979644","192.168.1.55","192.168.1.2","TCP","1514","8004  >  36048 [ACK] Seq=360742 Ack=144 Win=65024 Len=1448 TSval=2916036570 TSecr=3045556340 [TCP segment of a reassembled PDU]"
"29820","32.489980588","192.168.1.55","192.168.1.2","TCP","1514","8004  >  36048 [ACK] Seq=362190 Ack=144 Win=65024 Len=1448 TSval=2916036570 TSecr=3045556340 [TCP segment of a reassembled PDU]"
"29821","32.489981774","192.168.1.55","192.168.1.2","TCP","1514","8004  >  36048 [ACK] Seq=363638 Ack=144 Win=65024 Len=1448 TSval=2916036570 TSecr=3045556340 [TCP segment of a reassembled PDU]"
"29822","32.489982792","192.168.1.55","192.168.1.2","TCP","1514","8004  >  36048 [ACK] Seq=365086 Ack=144 Win=65024 Len=1448 TSval=2916036570 TSecr=3045556340 [TCP segment of a reassembled PDU]"
"29823","32.489983755","192.168.1.55","192.168.1.2","TCP","1514","8004  >  36048 [ACK] Seq=366534 Ack=144 Win=65024 Len=1448 TSval=2916036570 TSecr=3045556340 [TCP segment of a reassembled PDU]"
"29824","32.489984811","192.168.1.55","192.168.1.2","TCP","1514","8004  >  36048 [ACK] Seq=367982 Ack=144 Win=65024 Len=1448 TSval=2916036570 TSecr=3045556340 [TCP segment of a reassembled PDU]"
"29825","32.489985829","192.168.1.55","192.168.1.2","TCP","1514","8004  >  36048 [ACK] Seq=369430 Ack=144 Win=65024 Len=1448 TSval=2916036570 TSecr=3045556340 [TCP segment of a reassembled PDU]"
"29826","32.489986811","192.168.1.55","192.168.1.2","TCP","1514","8004  >  36048 [ACK] Seq=370878 Ack=144 Win=65024 Len=1448 TSval=2916036570 TSecr=3045556340 [TCP segment of a reassembled PDU]"
"29827","32.489987829","192.168.1.55","192.168.1.2","TCP","1514","8004  >  36048 [PSH, ACK] Seq=372326 Ack=144 Win=65024 Len=1448 TSval=2916036570 TSecr=3045556340 [TCP segment of a reassembled PDU]"
"29828","32.490039162","192.168.1.2","192.168.1.55","TCP","66","36048  >  8004 [ACK] Seq=144 Ack=272414 Win=116736 Len=0 TSval=3045556340 TSecr=2916036559"
"29829","32.490050311","192.168.1.2","192.168.1.55","TCP","66","36048  >  8004 [ACK] Seq=144 Ack=276918 Win=159744 Len=0 TSval=3045556341 TSecr=2916036559"
"29830","32.490094014","192.168.1.55","192.168.1.2","TCP","1514","8004  >  36048 [ACK] Seq=373774 Ack=144 Win=65024 Len=1448 TSval=2916036570 TSecr=3045556341 [TCP segment of a reassembled PDU]"
"29831","32.490096255","192.168.1.55","192.168.1.2","TCP","1514","8004  >  36048 [ACK] Seq=375222 Ack=144 Win=65024 Len=1448 TSval=2916036570 TSecr=3045556341 [TCP segment of a reassembled PDU]"
"29832","32.490097144","192.168.1.55","192.168.1.2","TCP","1514","8004  >  36048 [ACK] Seq=376670 Ack=144 Win=65024 Len=1448 TSval=2916036570 TSecr=3045556341 [TCP segment of a reassembled PDU]"
"29833","32.490098311","192.168.1.55","192.168.1.2","TCP","1514","8004  >  36048 [ACK] Seq=378118 Ack=144 Win=65024 Len=1448 TSval=2916036570 TSecr=3045556341 [TCP segment of a reassembled PDU]"
"29834","32.490099292","192.168.1.55","192.168.1.2","TCP","1514","8004  >  36048 [ACK] Seq=379566 Ack=144 Win=65024 Len=1448 TSval=2916036570 TSecr=3045556341 [TCP segment of a reassembled PDU]"
"29835","32.490100237","192.168.1.55","192.168.1.2","TCP","1514","8004  >  36048 [ACK] Seq=381014 Ack=144 Win=65024 Len=1448 TSval=2916036570 TSecr=3045556341 [TCP segment of a reassembled PDU]"
"29836","32.490101589","192.168.1.55","192.168.1.2","TCP","1514","8004  >  36048 [ACK] Seq=382462 Ack=144 Win=65024 Len=1448 TSval=2916036570 TSecr=3045556341 [TCP segment of a reassembled PDU]"
"29837","32.490102589","192.168.1.55","192.168.1.2","TCP","1514","8004  >  36048 [ACK] Seq=383910 Ack=144 Win=65024 Len=1448 TSval=2916036570 TSecr=3045556341 [TCP segment of a reassembled PDU]"
"29838","32.490103866","192.168.1.55","192.168.1.2","TCP","1514","8004  >  36048 [ACK] Seq=385358 Ack=144 Win=65024 Len=1448 TSval=2916036570 TSecr=3045556341 [TCP segment of a reassembled PDU]"
"29839","32.490104774","192.168.1.55","192.168.1.2","TCP","1514","8004  >  36048 [ACK] Seq=386806 Ack=144 Win=65024 Len=1448 TSval=2916036570 TSecr=3045556341 [TCP segment of a reassembled PDU]"
"29840","32.490105681","192.168.1.55","192.168.1.2","TCP","1514","8004  >  36048 [ACK] Seq=388254 Ack=144 Win=65024 Len=1448 TSval=2916036570 TSecr=3045556341 [TCP segment of a reassembled PDU]"
"29841","32.490107700","192.168.1.55","192.168.1.2","TCP","1514","8004  >  36048 [ACK] Seq=389702 Ack=144 Win=65024 Len=1448 TSval=2916036570 TSecr=3045556341 [TCP segment of a reassembled PDU]"
"29842","32.490108737","192.168.1.55","192.168.1.2","TCP","1514","8004  >  36048 [ACK] Seq=391150 Ack=144 Win=65024 Len=1448 TSval=2916036570 TSecr=3045556341 [TCP segment of a reassembled PDU]"
"29843","32.490110237","192.168.1.55","192.168.1.2","TCP","1514","8004  >  36048 [ACK] Seq=392598 Ack=144 Win=65024 Len=1448 TSval=2916036570 TSecr=3045556341 [TCP segment of a reassembled PDU]"
"29844","32.490111181","192.168.1.55","192.168.1.2","TCP","1514","8004  >  36048 [ACK] Seq=394046 Ack=144 Win=65024 Len=1448 TSval=2916036570 TSecr=3045556341 [TCP segment of a reassembled PDU]"
"29845","32.490112366","192.168.1.55","192.168.1.2","TCP","1514","8004  >  36048 [ACK] Seq=395494 Ack=144 Win=65024 Len=1448 TSval=2916036570 TSecr=3045556341 [TCP segment of a reassembled PDU]"
"29846","32.490113403","192.168.1.55","192.168.1.2","TCP","1514","8004  >  36048 [ACK] Seq=396942 Ack=144 Win=65024 Len=1448 TSval=2916036570 TSecr=3045556341 [TCP segment of a reassembled PDU]"
"29847","32.490114514","192.168.1.55","192.168.1.2","TCP","1514","8004  >  36048 [ACK] Seq=398390 Ack=144 Win=65024 Len=1448 TSval=2916036570 TSecr=3045556341 [TCP segment of a reassembled PDU]"
"29848","32.490115552","192.168.1.55","192.168.1.2","TCP","1514","8004  >  36048 [ACK] Seq=399838 Ack=144 Win=65024 Len=1448 TSval=2916036570 TSecr=3045556341 [TCP segment of a reassembled PDU]"
"29849","32.490117292","192.168.1.55","192.168.1.2","TCP","1514","8004  >  36048 [ACK] Seq=401286 Ack=144 Win=65024 Len=1448 TSval=2916036570 TSecr=3045556341 [TCP segment of a reassembled PDU]"
"29850","32.490118181","192.168.1.55","192.168.1.2","TCP","1514","8004  >  36048 [ACK] Seq=402734 Ack=144 Win=65024 Len=1448 TSval=2916036570 TSecr=3045556341 [TCP segment of a reassembled PDU]"
"29851","32.490119774","192.168.1.55","192.168.1.2","TCP","1514","8004  >  36048 [ACK] Seq=404182 Ack=144 Win=65024 Len=1448 TSval=2916036570 TSecr=3045556341 [TCP segment of a reassembled PDU]"
"29852","32.490120700","192.168.1.55","192.168.1.2","TCP","1514","8004  >  36048 [ACK] Seq=405630 Ack=144 Win=65024 Len=1448 TSval=2916036570 TSecr=3045556341 [TCP segment of a reassembled PDU]"
"29853","32.490121885","192.168.1.55","192.168.1.2","TCP","1514","8004  >  36048 [ACK] Seq=407078 Ack=144 Win=65024 Len=1448 TSval=2916036570 TSecr=3045556341 [TCP segment of a reassembled PDU]"
"29854","32.490123329","192.168.1.55","192.168.1.2","TCP","1514","8004  >  36048 [ACK] Seq=408526 Ack=144 Win=65024 Len=1448 TSval=2916036570 TSecr=3045556341 [TCP segment of a reassembled PDU]"
"29855","32.490124644","192.168.1.55","192.168.1.2","TCP","1514","8004  >  36048 [ACK] Seq=409974 Ack=144 Win=65024 Len=1448 TSval=2916036570 TSecr=3045556341 [TCP segment of a reassembled PDU]"
"29856","32.490125644","192.168.1.55","192.168.1.2","TCP","1514","8004  >  36048 [ACK] Seq=411422 Ack=144 Win=65024 Len=1448 TSval=2916036570 TSecr=3045556341 [TCP segment of a reassembled PDU]"
"29857","32.490126977","192.168.1.55","192.168.1.2","TCP","1514","8004  >  36048 [ACK] Seq=412870 Ack=144 Win=65024 Len=1448 TSval=2916036570 TSecr=3045556341 [TCP segment of a reassembled PDU]"
"29858","32.490127940","192.168.1.55","192.168.1.2","TCP","1514","8004  >  36048 [ACK] Seq=414318 Ack=144 Win=65024 Len=1448 TSval=2916036570 TSecr=3045556341 [TCP segment of a reassembled PDU]"
"29859","32.490128996","192.168.1.55","192.168.1.2","TCP","1514","8004  >  36048 [ACK] Seq=415766 Ack=144 Win=65024 Len=1448 TSval=2916036570 TSecr=3045556341 [TCP segment of a reassembled PDU]"
"29860","32.490130589","192.168.1.55","192.168.1.2","TCP","1514","8004  >  36048 [PSH, ACK] Seq=417214 Ack=144 Win=65024 Len=1448 TSval=2916036570 TSecr=3045556341 [TCP segment of a reassembled PDU]"
"29861","32.493604316","192.168.1.2","192.168.1.55","TCP","66","36048  >  8004 [ACK] Seq=144 Ack=284158 Win=164864 Len=0 TSval=3045556345 TSecr=2916036566"
"29862","32.493818187","192.168.1.55","192.168.1.2","TCP","1514","8004  >  36048 [ACK] Seq=418662 Ack=144 Win=65024 Len=1448 TSval=2916036574 TSecr=3045556345 [TCP segment of a reassembled PDU]"
"29863","32.493838298","192.168.1.55","192.168.1.2","TCP","1514","8004  >  36048 [ACK] Seq=420110 Ack=144 Win=65024 Len=1448 TSval=2916036574 TSecr=3045556345 [TCP segment of a reassembled PDU]"
"29864","32.493841057","192.168.1.55","192.168.1.2","TCP","1514","8004  >  36048 [ACK] Seq=421558 Ack=144 Win=65024 Len=1448 TSval=2916036574 TSecr=3045556345 [TCP segment of a reassembled PDU]"
"29865","32.493843317","192.168.1.55","192.168.1.2","TCP","1514","8004  >  36048 [ACK] Seq=423006 Ack=144 Win=65024 Len=1448 TSval=2916036574 TSecr=3045556345 [TCP segment of a reassembled PDU]"
"29866","32.493845446","192.168.1.55","192.168.1.2","TCP","1514","8004  >  36048 [ACK] Seq=424454 Ack=144 Win=65024 Len=1448 TSval=2916036574 TSecr=3045556345 [TCP segment of a reassembled PDU]"
"29867","32.493848335","192.168.1.55","192.168.1.2","TCP","1514","8004  >  36048 [ACK] Seq=425902 Ack=144 Win=65024 Len=1448 TSval=2916036574 TSecr=3045556345 [TCP segment of a reassembled PDU]"
"29868","32.493850761","192.168.1.55","192.168.1.2","TCP","1514","8004  >  36048 [ACK] Seq=427350 Ack=144 Win=65024 Len=1448 TSval=2916036574 TSecr=3045556345 [TCP segment of a reassembled PDU]"
"29869","32.493852669","192.168.1.55","192.168.1.2","TCP","1514","8004  >  36048 [ACK] Seq=428798 Ack=144 Win=65024 Len=1448 TSval=2916036574 TSecr=3045556345 [TCP segment of a reassembled PDU]"
"29870","32.493854798","192.168.1.55","192.168.1.2","TCP","1514","8004  >  36048 [ACK] Seq=430246 Ack=144 Win=65024 Len=1448 TSval=2916036574 TSecr=3045556345 [TCP segment of a reassembled PDU]"
"29871","32.493857965","192.168.1.55","192.168.1.2","TCP","1514","8004  >  36048 [ACK] Seq=431694 Ack=144 Win=65024 Len=1448 TSval=2916036574 TSecr=3045556345 [TCP segment of a reassembled PDU]"
"29872","32.493863483","192.168.1.55","192.168.1.2","TCP","1514","8004  >  36048 [ACK] Seq=433142 Ack=144 Win=65024 Len=1448 TSval=2916036574 TSecr=3045556345 [TCP segment of a reassembled PDU]"
"29873","32.493865502","192.168.1.55","192.168.1.2","TCP","1514","8004  >  36048 [ACK] Seq=434590 Ack=144 Win=65024 Len=1448 TSval=2916036574 TSecr=3045556345 [TCP segment of a reassembled PDU]"
"29874","32.493868520","192.168.1.55","192.168.1.2","TCP","1514","8004  >  36048 [ACK] Seq=436038 Ack=144 Win=65024 Len=1448 TSval=2916036574 TSecr=3045556345 [TCP segment of a reassembled PDU]"
"29875","32.493871965","192.168.1.55","192.168.1.2","TCP","1514","8004  >  36048 [ACK] Seq=437486 Ack=144 Win=65024 Len=1448 TSval=2916036574 TSecr=3045556345 [TCP segment of a reassembled PDU]"
"29876","32.493874428","192.168.1.55","192.168.1.2","TCP","1514","8004  >  36048 [ACK] Seq=438934 Ack=144 Win=65024 Len=1448 TSval=2916036574 TSecr=3045556345 [TCP segment of a reassembled PDU]"
"29877","32.493877261","192.168.1.55","192.168.1.2","TCP","1514","8004  >  36048 [ACK] Seq=440382 Ack=144 Win=65024 Len=1448 TSval=2916036574 TSecr=3045556345 [TCP segment of a reassembled PDU]"
"29878","32.493879594","192.168.1.55","192.168.1.2","TCP","1514","8004  >  36048 [ACK] Seq=441830 Ack=144 Win=65024 Len=1448 TSval=2916036574 TSecr=3045556345 [TCP segment of a reassembled PDU]"
"29879","32.493881428","192.168.1.55","192.168.1.2","TCP","1514","8004  >  36048 [ACK] Seq=443278 Ack=144 Win=65024 Len=1448 TSval=2916036574 TSecr=3045556345 [TCP segment of a reassembled PDU]"
"29880","32.493883817","192.168.1.55","192.168.1.2","TCP","1514","8004  >  36048 [ACK] Seq=444726 Ack=144 Win=65024 Len=1448 TSval=2916036574 TSecr=3045556345 [TCP segment of a reassembled PDU]"
"29881","32.493886298","192.168.1.55","192.168.1.2","TCP","1514","8004  >  36048 [PSH, ACK] Seq=446174 Ack=144 Win=65024 Len=1448 TSval=2916036574 TSecr=3045556345 [TCP segment of a reassembled PDU]"
"29882","32.494010187","192.168.1.2","192.168.1.55","TCP","66","36048  >  8004 [ACK] Seq=144 Ack=323094 Win=136192 Len=0 TSval=3045556346 TSecr=2916036566"
"29883","32.498691176","192.168.1.2","192.168.1.55","TCP","66","36048  >  8004 [ACK] Seq=144 Ack=328886 Win=164864 Len=0 TSval=3045556347 TSecr=2916036566"
"29884","32.498741639","192.168.1.55","192.168.1.2","TCP","1514","8004  >  36048 [ACK] Seq=447622 Ack=144 Win=65024 Len=1448 TSval=2916036579 TSecr=3045556347 [TCP segment of a reassembled PDU]"
"29885","32.498746584","192.168.1.55","192.168.1.2","TCP","1514","8004  >  36048 [ACK] Seq=449070 Ack=144 Win=65024 Len=1448 TSval=2916036579 TSecr=3045556347 [TCP segment of a reassembled PDU]"
"29886","32.498747528","192.168.1.55","192.168.1.2","TCP","1514","8004  >  36048 [ACK] Seq=450518 Ack=144 Win=65024 Len=1448 TSval=2916036579 TSecr=3045556347 [TCP segment of a reassembled PDU]"
"29887","32.498748565","192.168.1.55","192.168.1.2","TCP","1514","8004  >  36048 [ACK] Seq=451966 Ack=144 Win=65024 Len=1448 TSval=2916036579 TSecr=3045556347 [TCP segment of a reassembled PDU]"
"29888","32.498749565","192.168.1.55","192.168.1.2","TCP","1514","8004  >  36048 [ACK] Seq=453414 Ack=144 Win=65024 Len=1448 TSval=2916036579 TSecr=3045556347 [TCP segment of a reassembled PDU]"
"29889","32.498750602","192.168.1.55","192.168.1.2","TCP","1514","8004  >  36048 [ACK] Seq=454862 Ack=144 Win=65024 Len=1448 TSval=2916036579 TSecr=3045556347 [TCP segment of a reassembled PDU]"
"29890","32.498751787","192.168.1.55","192.168.1.2","TCP","1514","8004  >  36048 [ACK] Seq=456310 Ack=144 Win=65024 Len=1448 TSval=2916036579 TSecr=3045556347 [TCP segment of a reassembled PDU]"
"29891","32.498752843","192.168.1.55","192.168.1.2","TCP","1514","8004  >  36048 [ACK] Seq=457758 Ack=144 Win=65024 Len=1448 TSval=2916036579 TSecr=3045556347 [TCP segment of a reassembled PDU]"
"29892","32.498753843","192.168.1.55","192.168.1.2","TCP","1514","8004  >  36048 [ACK] Seq=459206 Ack=144 Win=65024 Len=1448 TSval=2916036579 TSecr=3045556347 [TCP segment of a reassembled PDU]"
"29893","32.498754861","192.168.1.55","192.168.1.2","TCP","1514","8004  >  36048 [ACK] Seq=460654 Ack=144 Win=65024 Len=1448 TSval=2916036579 TSecr=3045556347 [TCP segment of a reassembled PDU]"
"29894","32.498755769","192.168.1.55","192.168.1.2","TCP","1514","8004  >  36048 [PSH, ACK] Seq=462102 Ack=144 Win=65024 Len=1448 TSval=2916036579 TSecr=3045556347 [TCP segment of a reassembled PDU]"
"29895","32.498831325","192.168.1.2","192.168.1.55","TCP","66","36048  >  8004 [ACK] Seq=144 Ack=373774 Win=129024 Len=0 TSval=3045556354 TSecr=2916036570"
"29896","32.498872232","192.168.1.55","192.168.1.2","TCP","1514","8004  >  36048 [ACK] Seq=463550 Ack=144 Win=65024 Len=1448 TSval=2916036579 TSecr=3045556354 [TCP segment of a reassembled PDU]"
"29897","32.498874380","192.168.1.55","192.168.1.2","TCP","1514","8004  >  36048 [ACK] Seq=464998 Ack=144 Win=65024 Len=1448 TSval=2916036579 TSecr=3045556354 [TCP segment of a reassembled PDU]"
"29898","32.498875399","192.168.1.55","192.168.1.2","TCP","1514","8004  >  36048 [ACK] Seq=466446 Ack=144 Win=65024 Len=1448 TSval=2916036579 TSecr=3045556354 [TCP segment of a reassembled PDU]"
"29899","32.498876288","192.168.1.55","192.168.1.2","TCP","1514","8004  >  36048 [ACK] Seq=467894 Ack=144 Win=65024 Len=1448 TSval=2916036579 TSecr=3045556354 [TCP segment of a reassembled PDU]"
"29900","32.498877176","192.168.1.55","192.168.1.2","TCP","1514","8004  >  36048 [ACK] Seq=469342 Ack=144 Win=65024 Len=1448 TSval=2916036579 TSecr=3045556354 [TCP segment of a reassembled PDU]"
"29901","32.498878195","192.168.1.55","192.168.1.2","TCP","1514","8004  >  36048 [ACK] Seq=470790 Ack=144 Win=65024 Len=1448 TSval=2916036579 TSecr=3045556354 [TCP segment of a reassembled PDU]"
"29902","32.498879139","192.168.1.55","192.168.1.2","TCP","1514","8004  >  36048 [ACK] Seq=472238 Ack=144 Win=65024 Len=1448 TSval=2916036579 TSecr=3045556354 [TCP segment of a reassembled PDU]"
"29903","32.498880251","192.168.1.55","192.168.1.2","TCP","1514","8004  >  36048 [ACK] Seq=473686 Ack=144 Win=65024 Len=1448 TSval=2916036579 TSecr=3045556354 [TCP segment of a reassembled PDU]"
"29904","32.498881195","192.168.1.55","192.168.1.2","TCP","1514","8004  >  36048 [ACK] Seq=475134 Ack=144 Win=65024 Len=1448 TSval=2916036579 TSecr=3045556354 [TCP segment of a reassembled PDU]"
"29905","32.498882139","192.168.1.55","192.168.1.2","TCP","1514","8004  >  36048 [ACK] Seq=476582 Ack=144 Win=65024 Len=1448 TSval=2916036579 TSecr=3045556354 [TCP segment of a reassembled PDU]"
"29906","32.498883158","192.168.1.55","192.168.1.2","TCP","1514","8004  >  36048 [ACK] Seq=478030 Ack=144 Win=65024 Len=1448 TSval=2916036579 TSecr=3045556354 [TCP segment of a reassembled PDU]"
"29907","32.498884084","192.168.1.55","192.168.1.2","TCP","1514","8004  >  36048 [ACK] Seq=479478 Ack=144 Win=65024 Len=1448 TSval=2916036579 TSecr=3045556354 [TCP segment of a reassembled PDU]"
"29908","32.498885343","192.168.1.55","192.168.1.2","TCP","1514","8004  >  36048 [ACK] Seq=480926 Ack=144 Win=65024 Len=1448 TSval=2916036579 TSecr=3045556354 [TCP segment of a reassembled PDU]"
"29909","32.498886380","192.168.1.55","192.168.1.2","TCP","1514","8004  >  36048 [ACK] Seq=482374 Ack=144 Win=65024 Len=1448 TSval=2916036579 TSecr=3045556354 [TCP segment of a reassembled PDU]"
"29910","32.498887288","192.168.1.55","192.168.1.2","TCP","1514","8004  >  36048 [ACK] Seq=483822 Ack=144 Win=65024 Len=1448 TSval=2916036579 TSecr=3045556354 [TCP segment of a reassembled PDU]"
"29911","32.498888343","192.168.1.55","192.168.1.2","TCP","1514","8004  >  36048 [ACK] Seq=485270 Ack=144 Win=65024 Len=1448 TSval=2916036579 TSecr=3045556354 [TCP segment of a reassembled PDU]"
"29912","32.498889306","192.168.1.55","192.168.1.2","TCP","1514","8004  >  36048 [ACK] Seq=486718 Ack=144 Win=65024 Len=1448 TSval=2916036579 TSecr=3045556354 [TCP segment of a reassembled PDU]"
"29913","32.498890399","192.168.1.55","192.168.1.2","TCP","1514","8004  >  36048 [ACK] Seq=488166 Ack=144 Win=65024 Len=1448 TSval=2916036579 TSecr=3045556354 [TCP segment of a reassembled PDU]"
"29914","32.498891269","192.168.1.55","192.168.1.2","TCP","1514","8004  >  36048 [ACK] Seq=489614 Ack=144 Win=65024 Len=1448 TSval=2916036579 TSecr=3045556354 [TCP segment of a reassembled PDU]"
"29915","32.498892195","192.168.1.55","192.168.1.2","TCP","1514","8004  >  36048 [ACK] Seq=491062 Ack=144 Win=65024 Len=1448 TSval=2916036579 TSecr=3045556354 [TCP segment of a reassembled PDU]"
"29916","32.498893380","192.168.1.55","192.168.1.2","TCP","1514","8004  >  36048 [ACK] Seq=492510 Ack=144 Win=65024 Len=1448 TSval=2916036579 TSecr=3045556354 [TCP segment of a reassembled PDU]"
"29917","32.498894343","192.168.1.55","192.168.1.2","TCP","1514","8004  >  36048 [ACK] Seq=493958 Ack=144 Win=65024 Len=1448 TSval=2916036579 TSecr=3045556354 [TCP segment of a reassembled PDU]"
"29918","32.498895380","192.168.1.55","192.168.1.2","TCP","1514","8004  >  36048 [ACK] Seq=495406 Ack=144 Win=65024 Len=1448 TSval=2916036579 TSecr=3045556354 [TCP segment of a reassembled PDU]"
"29919","32.498896288","192.168.1.55","192.168.1.2","TCP","1514","8004  >  36048 [ACK] Seq=496854 Ack=144 Win=65024 Len=1448 TSval=2916036579 TSecr=3045556354 [TCP segment of a reassembled PDU]"
"29920","32.498897232","192.168.1.55","192.168.1.2","HTTP","222","HTTP/1.0 200 OK  (PNG)"
"29921","32.498901214","192.168.1.2","192.168.1.55","TCP","66","36048  >  8004 [ACK] Seq=144 Ack=418662 Win=84992 Len=0 TSval=3045556354 TSecr=2916036570"
"29922","32.498908454","192.168.1.2","192.168.1.55","TCP","66","36048  >  8004 [ACK] Seq=144 Ack=444726 Win=103424 Len=0 TSval=3045556354 TSecr=2916036574"
"29923","32.500114215","192.168.1.2","192.168.1.55","TCP","66","36048  >  8004 [ACK] Seq=144 Ack=446174 Win=167936 Len=0 TSval=3045556355 TSecr=2916036574"
"29924","32.500155938","192.168.1.2","192.168.1.55","TCP","66","36048  >  8004 [ACK] Seq=144 Ack=447622 Win=171008 Len=0 TSval=3045556355 TSecr=2916036574"
"29925","32.503285072","192.168.1.2","192.168.1.55","TCP","66","36048  >  8004 [ACK] Seq=144 Ack=463550 Win=156672 Len=0 TSval=3045556358 TSecr=2916036579"
"29926","32.503391498","192.168.1.2","192.168.1.55","TCP","66","36048  >  8004 [ACK] Seq=144 Ack=496854 Win=123904 Len=0 TSval=3045556358 TSecr=2916036579"
"29927","32.504430352","192.168.1.2","192.168.1.55","TCP","66","36048  >  8004 [ACK] Seq=144 Ack=498459 Win=173056 Len=0 TSval=3045556360 TSecr=2916036579"
"29928","32.505474520","192.168.1.2","192.168.1.55","TCP","66","36048  >  8004 [FIN, ACK] Seq=144 Ack=498459 Win=173056 Len=0 TSval=3045556360 TSecr=2916036579"
"29929","32.505512650","192.168.1.55","192.168.1.2","TCP","66","8004  >  36048 [ACK] Seq=498459 Ack=145 Win=65024 Len=0 TSval=2916036586 TSecr=3045556360"
"29930","32.505598446","192.168.1.2","192.168.1.55","TCP","74","36058  >  8004 [SYN] Seq=0 Win=64240 Len=0 MSS=1460 SACK_PERM TSval=3045556360 TSecr=0 WS=1024"
"29931","32.505625983","192.168.1.55","192.168.1.2","TCP","74","8004  >  36058 [SYN, ACK] Seq=0 Ack=1 Win=65160 Len=0 MSS=1460 SACK_PERM TSval=2916036586 TSecr=3045556360 WS=128"
"29932","32.508805933","192.168.1.2","192.168.1.55","TCP","66","36058  >  8004 [ACK] Seq=1 Ack=1 Win=64512 Len=0 TSval=3045556363 TSecr=2916036586"
"29933","32.512021679","192.168.1.2","192.168.1.55","HTTP","206","GET /stego_benchmark.png HTTP/1.1 "
"29934","32.512037308","192.168.1.55","192.168.1.2","TCP","66","8004  >  36058 [ACK] Seq=1 Ack=141 Win=65024 Len=0 TSval=2916036592 TSecr=3045556363"
"29935","32.512487365","192.168.1.55","192.168.1.2","TCP","255","8004  >  36058 [PSH, ACK] Seq=1 Ack=141 Win=65024 Len=189 TSval=2916036593 TSecr=3045556363 [TCP segment of a reassembled PDU]"
"29936","32.512560994","192.168.1.55","192.168.1.2","TCP","1514","8004  >  36058 [ACK] Seq=190 Ack=141 Win=65024 Len=1448 TSval=2916036593 TSecr=3045556363 [TCP segment of a reassembled PDU]"
"29937","32.512565272","192.168.1.55","192.168.1.2","TCP","1514","8004  >  36058 [ACK] Seq=1638 Ack=141 Win=65024 Len=1448 TSval=2916036593 TSecr=3045556363 [TCP segment of a reassembled PDU]"
"29938","32.512566698","192.168.1.55","192.168.1.2","TCP","1514","8004  >  36058 [ACK] Seq=3086 Ack=141 Win=65024 Len=1448 TSval=2916036593 TSecr=3045556363 [TCP segment of a reassembled PDU]"
"29939","32.512567846","192.168.1.55","192.168.1.2","TCP","1514","8004  >  36058 [ACK] Seq=4534 Ack=141 Win=65024 Len=1448 TSval=2916036593 TSecr=3045556363 [TCP segment of a reassembled PDU]"
"29940","32.512569568","192.168.1.55","192.168.1.2","TCP","1514","8004  >  36058 [PSH, ACK] Seq=5982 Ack=141 Win=65024 Len=1448 TSval=2916036593 TSecr=3045556363 [TCP segment of a reassembled PDU]"
"29941","32.512583235","192.168.1.55","192.168.1.2","TCP","1514","8004  >  36058 [ACK] Seq=7430 Ack=141 Win=65024 Len=1448 TSval=2916036593 TSecr=3045556363 [TCP segment of a reassembled PDU]"
"29942","32.512584791","192.168.1.55","192.168.1.2","TCP","1514","8004  >  36058 [ACK] Seq=8878 Ack=141 Win=65024 Len=1448 TSval=2916036593 TSecr=3045556363 [TCP segment of a reassembled PDU]"
"29943","32.512586217","192.168.1.55","192.168.1.2","TCP","1514","8004  >  36058 [ACK] Seq=10326 Ack=141 Win=65024 Len=1448 TSval=2916036593 TSecr=3045556363 [TCP segment of a reassembled PDU]"
"29944","32.512587494","192.168.1.55","192.168.1.2","TCP","1514","8004  >  36058 [PSH, ACK] Seq=11774 Ack=141 Win=65024 Len=1448 TSval=2916036593 TSecr=3045556363 [TCP segment of a reassembled PDU]"
"29945","32.516171704","192.168.1.2","192.168.1.55","TCP","66","36058  >  8004 [ACK] Seq=141 Ack=190 Win=64512 Len=0 TSval=3045556370 TSecr=2916036593"
"29946","32.516280945","192.168.1.55","192.168.1.2","TCP","1514","8004  >  36058 [ACK] Seq=13222 Ack=141 Win=65024 Len=1448 TSval=2916036596 TSecr=3045556370 [TCP segment of a reassembled PDU]"
"29947","32.516306186","192.168.1.55","192.168.1.2","TCP","1514","8004  >  36058 [PSH, ACK] Seq=14670 Ack=141 Win=65024 Len=1448 TSval=2916036596 TSecr=3045556370 [TCP segment of a reassembled PDU]"
"29948","32.516469741","192.168.1.2","192.168.1.55","TCP","66","36058  >  8004 [ACK] Seq=141 Ack=5982 Win=76800 Len=0 TSval=3045556370 TSecr=2916036593"
"29949","32.516545538","192.168.1.55","192.168.1.2","TCP","1514","8004  >  36058 [ACK] Seq=16118 Ack=141 Win=65024 Len=1448 TSval=2916036597 TSecr=3045556370 [TCP segment of a reassembled PDU]"
"29950","32.516554038","192.168.1.55","192.168.1.2","TCP","1514","8004  >  36058 [ACK] Seq=17566 Ack=141 Win=65024 Len=1448 TSval=2916036597 TSecr=3045556370 [TCP segment of a reassembled PDU]"
"29951","32.516555667","192.168.1.55","192.168.1.2","TCP","1514","8004  >  36058 [ACK] Seq=19014 Ack=141 Win=65024 Len=1448 TSval=2916036597 TSecr=3045556370 [TCP segment of a reassembled PDU]"
"29952","32.516557204","192.168.1.55","192.168.1.2","TCP","1514","8004  >  36058 [ACK] Seq=20462 Ack=141 Win=65024 Len=1448 TSval=2916036597 TSecr=3045556370 [TCP segment of a reassembled PDU]"
"29953","32.516559019","192.168.1.55","192.168.1.2","TCP","1514","8004  >  36058 [ACK] Seq=21910 Ack=141 Win=65024 Len=1448 TSval=2916036597 TSecr=3045556370 [TCP segment of a reassembled PDU]"
"29954","32.516560371","192.168.1.55","192.168.1.2","TCP","1514","8004  >  36058 [ACK] Seq=23358 Ack=141 Win=65024 Len=1448 TSval=2916036597 TSecr=3045556370 [TCP segment of a reassembled PDU]"
"29955","32.516562556","192.168.1.55","192.168.1.2","TCP","1514","8004  >  36058 [PSH, ACK] Seq=24806 Ack=141 Win=65024 Len=1448 TSval=2916036597 TSecr=3045556370 [TCP segment of a reassembled PDU]"
"29956","32.516575704","192.168.1.2","192.168.1.55","TCP","66","36058  >  8004 [ACK] Seq=141 Ack=7430 Win=79872 Len=0 TSval=3045556371 TSecr=2916036593"
"29957","32.516596908","192.168.1.2","192.168.1.55","TCP","66","36058  >  8004 [ACK] Seq=141 Ack=13222 Win=80896 Len=0 TSval=3045556371 TSecr=2916036593"
"29958","32.516659964","192.168.1.55","192.168.1.2","TCP","1514","8004  >  36058 [ACK] Seq=26254 Ack=141 Win=65024 Len=1448 TSval=2916036597 TSecr=3045556371 [TCP segment of a reassembled PDU]"
"29959","32.516663612","192.168.1.55","192.168.1.2","TCP","1514","8004  >  36058 [ACK] Seq=27702 Ack=141 Win=65024 Len=1448 TSval=2916036597 TSecr=3045556371 [TCP segment of a reassembled PDU]"
"29960","32.516666631","192.168.1.55","192.168.1.2","TCP","1514","8004  >  36058 [ACK] Seq=29150 Ack=141 Win=65024 Len=1448 TSval=2916036597 TSecr=3045556371 [TCP segment of a reassembled PDU]"
"29961","32.516667890","192.168.1.55","192.168.1.2","TCP","1514","8004  >  36058 [ACK] Seq=30598 Ack=141 Win=65024 Len=1448 TSval=2916036597 TSecr=3045556371 [TCP segment of a reassembled PDU]"
"29962","32.516673131","192.168.1.55","192.168.1.2","TCP","1514","8004  >  36058 [ACK] Seq=32046 Ack=141 Win=65024 Len=1448 TSval=2916036597 TSecr=3045556371 [TCP segment of a reassembled PDU]"
"29963","32.516676760","192.168.1.55","192.168.1.2","TCP","1514","8004  >  36058 [ACK] Seq=33494 Ack=141 Win=65024 Len=1448 TSval=2916036597 TSecr=3045556371 [TCP segment of a reassembled PDU]"
"29964","32.516679316","192.168.1.55","192.168.1.2","TCP","1514","8004  >  36058 [ACK] Seq=34942 Ack=141 Win=65024 Len=1448 TSval=2916036597 TSecr=3045556371 [TCP segment of a reassembled PDU]"
"29965","32.516682334","192.168.1.55","192.168.1.2","TCP","1514","8004  >  36058 [ACK] Seq=36390 Ack=141 Win=65024 Len=1448 TSval=2916036597 TSecr=3045556371 [TCP segment of a reassembled PDU]"
"29966","32.516686297","192.168.1.55","192.168.1.2","TCP","1514","8004  >  36058 [ACK] Seq=37838 Ack=141 Win=65024 Len=1448 TSval=2916036597 TSecr=3045556371 [TCP segment of a reassembled PDU]"
"29967","32.516689019","192.168.1.55","192.168.1.2","TCP","1514","8004  >  36058 [PSH, ACK] Seq=39286 Ack=141 Win=65024 Len=1448 TSval=2916036597 TSecr=3045556371 [TCP segment of a reassembled PDU]"
"29968","32.517571521","192.168.1.55","192.168.1.2","TCP","1514","8004  >  36058 [ACK] Seq=40734 Ack=141 Win=65024 Len=1448 TSval=2916036598 TSecr=3045556371 [TCP segment of a reassembled PDU]"
"29969","32.521096100","192.168.1.2","192.168.1.55","TCP","66","36058  >  8004 [ACK] Seq=141 Ack=16118 Win=87040 Len=0 TSval=3045556375 TSecr=2916036596"
"29970","32.521147026","192.168.1.55","192.168.1.2","TCP","1514","8004  >  36058 [ACK] Seq=42182 Ack=141 Win=65024 Len=1448 TSval=2916036601 TSecr=3045556375 [TCP segment of a reassembled PDU]"
"29971","32.521151304","192.168.1.55","192.168.1.2","TCP","1514","8004  >  36058 [PSH, ACK] Seq=43630 Ack=141 Win=65024 Len=1448 TSval=2916036601 TSecr=3045556375 [TCP segment of a reassembled PDU]"
"29972","32.521214027","192.168.1.2","192.168.1.55","TCP","66","36058  >  8004 [ACK] Seq=141 Ack=26254 Win=82944 Len=0 TSval=3045556375 TSecr=2916036597"
"29973","32.521244416","192.168.1.55","192.168.1.2","TCP","1514","8004  >  36058 [ACK] Seq=45078 Ack=141 Win=65024 Len=1448 TSval=2916036601 TSecr=3045556375 [TCP segment of a reassembled PDU]"
"29974","32.521249082","192.168.1.55","192.168.1.2","TCP","1514","8004  >  36058 [ACK] Seq=46526 Ack=141 Win=65024 Len=1448 TSval=2916036601 TSecr=3045556375 [TCP segment of a reassembled PDU]"
"29975","32.521250916","192.168.1.55","192.168.1.2","TCP","1514","8004  >  36058 [ACK] Seq=47974 Ack=141 Win=65024 Len=1448 TSval=2916036601 TSecr=3045556375 [TCP segment of a reassembled PDU]"
"29976","32.521252119","192.168.1.55","192.168.1.2","TCP","1514","8004  >  36058 [ACK] Seq=49422 Ack=141 Win=65024 Len=1448 TSval=2916036601 TSecr=3045556375 [TCP segment of a reassembled PDU]"
"29977","32.521253434","192.168.1.55","192.168.1.2","TCP","1514","8004  >  36058 [ACK] Seq=50870 Ack=141 Win=65024 Len=1448 TSval=2916036601 TSecr=3045556375 [TCP segment of a reassembled PDU]"
"29978","32.521254656","192.168.1.55","192.168.1.2","TCP","1514","8004  >  36058 [ACK] Seq=52318 Ack=141 Win=65024 Len=1448 TSval=2916036601 TSecr=3045556375 [TCP segment of a reassembled PDU]"
"29979","32.521256064","192.168.1.55","192.168.1.2","TCP","1514","8004  >  36058 [ACK] Seq=53766 Ack=141 Win=65024 Len=1448 TSval=2916036601 TSecr=3045556375 [TCP segment of a reassembled PDU]"
"29980","32.521258064","192.168.1.55","192.168.1.2","TCP","1514","8004  >  36058 [ACK] Seq=55214 Ack=141 Win=65024 Len=1448 TSval=2916036601 TSecr=3045556375 [TCP segment of a reassembled PDU]"
"29981","32.521260101","192.168.1.55","192.168.1.2","TCP","1514","8004  >  36058 [ACK] Seq=56662 Ack=141 Win=65024 Len=1448 TSval=2916036601 TSecr=3045556375 [TCP segment of a reassembled PDU]"
"29982","32.521261434","192.168.1.55","192.168.1.2","TCP","1514","8004  >  36058 [ACK] Seq=58110 Ack=141 Win=65024 Len=1448 TSval=2916036601 TSecr=3045556375 [TCP segment of a reassembled PDU]"
"29983","32.521262841","192.168.1.55","192.168.1.2","TCP","1514","8004  >  36058 [ACK] Seq=59558 Ack=141 Win=65024 Len=1448 TSval=2916036601 TSecr=3045556375 [TCP segment of a reassembled PDU]"
"29984","32.521264156","192.168.1.55","192.168.1.2","TCP","1514","8004  >  36058 [ACK] Seq=61006 Ack=141 Win=65024 Len=1448 TSval=2916036601 TSecr=3045556375 [TCP segment of a reassembled PDU]"
"29985","32.521265471","192.168.1.55","192.168.1.2","TCP","1514","8004  >  36058 [ACK] Seq=62454 Ack=141 Win=65024 Len=1448 TSval=2916036601 TSecr=3045556375 [TCP segment of a reassembled PDU]"
"29986","32.521266619","192.168.1.55","192.168.1.2","TCP","1514","8004  >  36058 [PSH, ACK] Seq=63902 Ack=141 Win=65024 Len=1448 TSval=2916036601 TSecr=3045556375 [TCP segment of a reassembled PDU]"
"29987","32.521271101","192.168.1.2","192.168.1.55","TCP","66","36058  >  8004 [ACK] Seq=141 Ack=36390 Win=73728 Len=0 TSval=3045556375 TSecr=2916036597"
"29988","32.521303879","192.168.1.55","192.168.1.2","TCP","1514","8004  >  36058 [ACK] Seq=65350 Ack=141 Win=65024 Len=1448 TSval=2916036601 TSecr=3045556375 [TCP segment of a reassembled PDU]"
"29989","32.521306379","192.168.1.55","192.168.1.2","TCP","1514","8004  >  36058 [ACK] Seq=66798 Ack=141 Win=65024 Len=1448 TSval=2916036601 TSecr=3045556375 [TCP segment of a reassembled PDU]"
"29990","32.521317805","192.168.1.55","192.168.1.2","TCP","1514","8004  >  36058 [ACK] Seq=68246 Ack=141 Win=65024 Len=1448 TSval=2916036601 TSecr=3045556375 [TCP segment of a reassembled PDU]"
"29991","32.521321119","192.168.1.55","192.168.1.2","TCP","1514","8004  >  36058 [ACK] Seq=69694 Ack=141 Win=65024 Len=1448 TSval=2916036601 TSecr=3045556375 [TCP segment of a reassembled PDU]"
"29992","32.521323379","192.168.1.55","192.168.1.2","TCP","1514","8004  >  36058 [ACK] Seq=71142 Ack=141 Win=65024 Len=1448 TSval=2916036601 TSecr=3045556375 [TCP segment of a reassembled PDU]"
"29993","32.521324675","192.168.1.55","192.168.1.2","TCP","1514","8004  >  36058 [ACK] Seq=72590 Ack=141 Win=65024 Len=1448 TSval=2916036601 TSecr=3045556375 [TCP segment of a reassembled PDU]"
"29994","32.521326008","192.168.1.55","192.168.1.2","TCP","1514","8004  >  36058 [ACK] Seq=74038 Ack=141 Win=65024 Len=1448 TSval=2916036601 TSecr=3045556375 [TCP segment of a reassembled PDU]"
"29995","32.521327286","192.168.1.55","192.168.1.2","TCP","1514","8004  >  36058 [PSH, ACK] Seq=75486 Ack=141 Win=65024 Len=1448 TSval=2916036601 TSecr=3045556375 [TCP segment of a reassembled PDU]"
"29996","32.521333786","192.168.1.2","192.168.1.55","TCP","66","36058  >  8004 [ACK] Seq=141 Ack=39286 Win=92160 Len=0 TSval=3045556376 TSecr=2916036597"
"29997","32.522338288","192.168.1.55","192.168.1.2","TCP","1514","8004  >  36058 [ACK] Seq=76934 Ack=141 Win=65024 Len=1448 TSval=2916036603 TSecr=3045556376 [TCP segment of a reassembled PDU]"
"29998","32.522342788","192.168.1.55","192.168.1.2","TCP","1514","8004  >  36058 [ACK] Seq=78382 Ack=141 Win=65024 Len=1448 TSval=2916036603 TSecr=3045556376 [TCP segment of a reassembled PDU]"
"29999","32.522344214","192.168.1.55","192.168.1.2","TCP","1514","8004  >  36058 [ACK] Seq=79830 Ack=141 Win=65024 Len=1448 TSval=2916036603 TSecr=3045556376 [TCP segment of a reassembled PDU]"
"30000","32.522345695","192.168.1.55","192.168.1.2","TCP","1514","8004  >  36058 [ACK] Seq=81278 Ack=141 Win=65024 Len=1448 TSval=2916036603 TSecr=3045556376 [TCP segment of a reassembled PDU]"
"30001","32.522347454","192.168.1.55","192.168.1.2","TCP","1514","8004  >  36058 [ACK] Seq=82726 Ack=141 Win=65024 Len=1448 TSval=2916036603 TSecr=3045556376 [TCP segment of a reassembled PDU]"
"30002","32.522349084","192.168.1.55","192.168.1.2","TCP","1514","8004  >  36058 [ACK] Seq=84174 Ack=141 Win=65024 Len=1448 TSval=2916036603 TSecr=3045556376 [TCP segment of a reassembled PDU]"
"30003","32.522350510","192.168.1.55","192.168.1.2","TCP","1514","8004  >  36058 [ACK] Seq=85622 Ack=141 Win=65024 Len=1448 TSval=2916036603 TSecr=3045556376 [TCP segment of a reassembled PDU]"
"30004","32.522351788","192.168.1.55","192.168.1.2","TCP","1514","8004  >  36058 [ACK] Seq=87070 Ack=141 Win=65024 Len=1448 TSval=2916036603 TSecr=3045556376 [TCP segment of a reassembled PDU]"
"30005","32.522353232","192.168.1.55","192.168.1.2","TCP","1514","8004  >  36058 [ACK] Seq=88518 Ack=141 Win=65024 Len=1448 TSval=2916036603 TSecr=3045556376 [TCP segment of a reassembled PDU]"
"30006","32.522355121","192.168.1.55","192.168.1.2","TCP","1514","8004  >  36058 [ACK] Seq=89966 Ack=141 Win=65024 Len=1448 TSval=2916036603 TSecr=3045556376 [TCP segment of a reassembled PDU]"
"30007","32.522356991","192.168.1.55","192.168.1.2","TCP","1514","8004  >  36058 [ACK] Seq=91414 Ack=141 Win=65024 Len=1448 TSval=2916036603 TSecr=3045556376 [TCP segment of a reassembled PDU]"
"30008","32.522359417","192.168.1.55","192.168.1.2","TCP","1514","8004  >  36058 [PSH, ACK] Seq=92862 Ack=141 Win=65024 Len=1448 TSval=2916036603 TSecr=3045556376 [TCP segment of a reassembled PDU]"
"30009","32.523527956","192.168.1.2","192.168.1.55","TCP","66","36058  >  8004 [ACK] Seq=141 Ack=40734 Win=91136 Len=0 TSval=3045556376 TSecr=2916036597"
"30010","32.523567678","192.168.1.55","192.168.1.2","TCP","1514","8004  >  36058 [ACK] Seq=94310 Ack=141 Win=65024 Len=1448 TSval=2916036604 TSecr=3045556376 [TCP segment of a reassembled PDU]"
"30011","32.523571141","192.168.1.55","192.168.1.2","TCP","1514","8004  >  36058 [PSH, ACK] Seq=95758 Ack=141 Win=65024 Len=1448 TSval=2916036604 TSecr=3045556376 [TCP segment of a reassembled PDU]"
"30012","32.525831312","192.168.1.2","192.168.1.55","TCP","66","36058  >  8004 [ACK] Seq=141 Ack=42182 Win=90112 Len=0 TSval=3045556376 TSecr=2916036598"
"30013","32.525844256","192.168.1.55","192.168.1.2","TCP","1514","8004  >  36058 [ACK] Seq=97206 Ack=141 Win=65024 Len=1448 TSval=2916036606 TSecr=3045556376 [TCP segment of a reassembled PDU]"
"30014","32.525847071","192.168.1.55","192.168.1.2","TCP","1514","8004  >  36058 [PSH, ACK] Seq=98654 Ack=141 Win=65024 Len=1448 TSval=2916036606 TSecr=3045556376 [TCP segment of a reassembled PDU]"
"30015","32.527966185","192.168.1.2","192.168.1.55","TCP","66","36058  >  8004 [ACK] Seq=141 Ack=45078 Win=91136 Len=0 TSval=3045556381 TSecr=2916036601"
"30016","32.527979260","192.168.1.55","192.168.1.2","TCP","1514","8004  >  36058 [ACK] Seq=100102 Ack=141 Win=65024 Len=1448 TSval=2916036608 TSecr=3045556381 [TCP segment of a reassembled PDU]"
"30017","32.527981445","192.168.1.55","192.168.1.2","TCP","1514","8004  >  36058 [ACK] Seq=101550 Ack=141 Win=65024 Len=1448 TSval=2916036608 TSecr=3045556381 [TCP segment of a reassembled PDU]"
"30018","32.527982611","192.168.1.55","192.168.1.2","TCP","1514","8004  >  36058 [ACK] Seq=102998 Ack=141 Win=65024 Len=1448 TSval=2916036608 TSecr=3045556381 [TCP segment of a reassembled PDU]"
"30019","32.527983797","192.168.1.55","192.168.1.2","TCP","1514","8004  >  36058 [PSH, ACK] Seq=104446 Ack=141 Win=65024 Len=1448 TSval=2916036608 TSecr=3045556381 [TCP segment of a reassembled PDU]"
"30020","32.528251223","192.168.1.2","192.168.1.55","TCP","66","36058  >  8004 [ACK] Seq=141 Ack=65350 Win=75776 Len=0 TSval=3045556381 TSecr=2916036601"
"30021","32.528266223","192.168.1.55","192.168.1.2","TCP","1514","8004  >  36058 [ACK] Seq=105894 Ack=141 Win=65024 Len=1448 TSval=2916036608 TSecr=3045556381 [TCP segment of a reassembled PDU]"
"30022","32.528268371","192.168.1.55","192.168.1.2","TCP","1514","8004  >  36058 [ACK] Seq=107342 Ack=141 Win=65024 Len=1448 TSval=2916036608 TSecr=3045556381 [TCP segment of a reassembled PDU]"
"30023","32.528269464","192.168.1.55","192.168.1.2","TCP","1514","8004  >  36058 [ACK] Seq=108790 Ack=141 Win=65024 Len=1448 TSval=2916036608 TSecr=3045556381 [TCP segment of a reassembled PDU]"
"30024","32.528270945","192.168.1.55","192.168.1.2","TCP","1514","8004  >  36058 [ACK] Seq=110238 Ack=141 Win=65024 Len=1448 TSval=2916036608 TSecr=3045556381 [TCP segment of a reassembled PDU]"
"30025","32.528272038","192.168.1.55","192.168.1.2","TCP","1514","8004  >  36058 [ACK] Seq=111686 Ack=141 Win=65024 Len=1448 TSval=2916036608 TSecr=3045556381 [TCP segment of a reassembled PDU]"
"30026","32.528273149","192.168.1.55","192.168.1.2","TCP","1514","8004  >  36058 [ACK] Seq=113134 Ack=141 Win=65024 Len=1448 TSval=2916036608 TSecr=3045556381 [TCP segment of a reassembled PDU]"
"30027","32.528274334","192.168.1.55","192.168.1.2","TCP","1514","8004  >  36058 [PSH, ACK] Seq=114582 Ack=141 Win=65024 Len=1448 TSval=2916036608 TSecr=3045556381 [TCP segment of a reassembled PDU]"
"30028","32.528278945","192.168.1.2","192.168.1.55","TCP","66","36058  >  8004 [ACK] Seq=141 Ack=76934 Win=64512 Len=0 TSval=3045556381 TSecr=2916036601"
"30029","32.528310779","192.168.1.55","192.168.1.2","TCP","1514","8004  >  36058 [ACK] Seq=116030 Ack=141 Win=65024 Len=1448 TSval=2916036608 TSecr=3045556381 [TCP segment of a reassembled PDU]"
"30030","32.528312630","192.168.1.55","192.168.1.2","TCP","1514","8004  >  36058 [ACK] Seq=117478 Ack=141 Win=65024 Len=1448 TSval=2916036608 TSecr=3045556381 [TCP segment of a reassembled PDU]"
"30031","32.528313834","192.168.1.55","192.168.1.2","TCP","1514","8004  >  36058 [ACK] Seq=118926 Ack=141 Win=65024 Len=1448 TSval=2916036608 TSecr=3045556381 [TCP segment of a reassembled PDU]"
"30032","32.528315445","192.168.1.55","192.168.1.2","TCP","1514","8004  >  36058 [ACK] Seq=120374 Ack=141 Win=65024 Len=1448 TSval=2916036608 TSecr=3045556381 [TCP segment of a reassembled PDU]"
"30033","32.528316686","192.168.1.55","192.168.1.2","TCP","1514","8004  >  36058 [ACK] Seq=121822 Ack=141 Win=65024 Len=1448 TSval=2916036608 TSecr=3045556381 [TCP segment of a reassembled PDU]"
"30034","32.528317760","192.168.1.55","192.168.1.2","TCP","1514","8004  >  36058 [ACK] Seq=123270 Ack=141 Win=65024 Len=1448 TSval=2916036608 TSecr=3045556381 [TCP segment of a reassembled PDU]"
"30035","32.528318871","192.168.1.55","192.168.1.2","TCP","1514","8004  >  36058 [ACK] Seq=124718 Ack=141 Win=65024 Len=1448 TSval=2916036608 TSecr=3045556381 [TCP segment of a reassembled PDU]"
"30036","32.528320093","192.168.1.55","192.168.1.2","TCP","1514","8004  >  36058 [ACK] Seq=126166 Ack=141 Win=65024 Len=1448 TSval=2916036608 TSecr=3045556381 [TCP segment of a reassembled PDU]"
"30037","32.528321223","192.168.1.55","192.168.1.2","TCP","1514","8004  >  36058 [ACK] Seq=127614 Ack=141 Win=65024 Len=1448 TSval=2916036608 TSecr=3045556381 [TCP segment of a reassembled PDU]"
"30038","32.528322427","192.168.1.55","192.168.1.2","TCP","1514","8004  >  36058 [ACK] Seq=129062 Ack=141 Win=65024 Len=1448 TSval=2916036608 TSecr=3045556381 [TCP segment of a reassembled PDU]"
"30039","32.528323501","192.168.1.55","192.168.1.2","TCP","1514","8004  >  36058 [ACK] Seq=130510 Ack=141 Win=65024 Len=1448 TSval=2916036608 TSecr=3045556381 [TCP segment of a reassembled PDU]"
"30040","32.528324649","192.168.1.55","192.168.1.2","TCP","1514","8004  >  36058 [ACK] Seq=131958 Ack=141 Win=65024 Len=1448 TSval=2916036608 TSecr=3045556381 [TCP segment of a reassembled PDU]"
"30041","32.528325816","192.168.1.55","192.168.1.2","TCP","1514","8004  >  36058 [ACK] Seq=133406 Ack=141 Win=65024 Len=1448 TSval=2916036608 TSecr=3045556381 [TCP segment of a reassembled PDU]"
"30042","32.528326927","192.168.1.55","192.168.1.2","TCP","1514","8004  >  36058 [ACK] Seq=134854 Ack=141 Win=65024 Len=1448 TSval=2916036608 TSecr=3045556381 [TCP segment of a reassembled PDU]"
"30043","32.528328075","192.168.1.55","192.168.1.2","TCP","1514","8004  >  36058 [ACK] Seq=136302 Ack=141 Win=65024 Len=1448 TSval=2916036608 TSecr=3045556381 [TCP segment of a reassembled PDU]"
"30044","32.528329205","192.168.1.55","192.168.1.2","TCP","1514","8004  >  36058 [ACK] Seq=137750 Ack=141 Win=65024 Len=1448 TSval=2916036608 TSecr=3045556381 [TCP segment of a reassembled PDU]"
"30045","32.528330556","192.168.1.55","192.168.1.2","TCP","1514","8004  >  36058 [ACK] Seq=139198 Ack=141 Win=65024 Len=1448 TSval=2916036608 TSecr=3045556381 [TCP segment of a reassembled PDU]"
"30046","32.528331816","192.168.1.55","192.168.1.2","TCP","866","[TCP Window Full] 8004  >  36058 [PSH, ACK] Seq=140646 Ack=141 Win=65024 Len=800 TSval=2916036608 TSecr=3045556381 [TCP segment of a reassembled PDU]"
"30047","32.528339945","192.168.1.2","192.168.1.55","TCP","66","36058  >  8004 [ACK] Seq=141 Ack=88518 Win=53248 Len=0 TSval=3045556381 TSecr=2916036603"
"30048","32.528343871","192.168.1.2","192.168.1.55","TCP","66","36058  >  8004 [ACK] Seq=141 Ack=94310 Win=86016 Len=0 TSval=3045556382 TSecr=2916036603"
"30049","32.528372908","192.168.1.55","192.168.1.2","TCP","1514","8004  >  36058 [ACK] Seq=141446 Ack=141 Win=65024 Len=1448 TSval=2916036609 TSecr=3045556382 [TCP segment of a reassembled PDU]"
"30050","32.528376390","192.168.1.55","192.168.1.2","TCP","1514","8004  >  36058 [ACK] Seq=142894 Ack=141 Win=65024 Len=1448 TSval=2916036609 TSecr=3045556382 [TCP segment of a reassembled PDU]"
"30051","32.528377649","192.168.1.55","192.168.1.2","TCP","1514","8004  >  36058 [ACK] Seq=144342 Ack=141 Win=65024 Len=1448 TSval=2916036609 TSecr=3045556382 [TCP segment of a reassembled PDU]"
"30052","32.528379056","192.168.1.55","192.168.1.2","TCP","1514","8004  >  36058 [ACK] Seq=145790 Ack=141 Win=65024 Len=1448 TSval=2916036609 TSecr=3045556382 [TCP segment of a reassembled PDU]"
"30053","32.528380519","192.168.1.55","192.168.1.2","TCP","1514","8004  >  36058 [ACK] Seq=147238 Ack=141 Win=65024 Len=1448 TSval=2916036609 TSecr=3045556382 [TCP segment of a reassembled PDU]"
"30054","32.528381760","192.168.1.55","192.168.1.2","TCP","1514","8004  >  36058 [ACK] Seq=148686 Ack=141 Win=65024 Len=1448 TSval=2916036609 TSecr=3045556382 [TCP segment of a reassembled PDU]"
"30055","32.528382982","192.168.1.55","192.168.1.2","TCP","1514","8004  >  36058 [ACK] Seq=150134 Ack=141 Win=65024 Len=1448 TSval=2916036609 TSecr=3045556382 [TCP segment of a reassembled PDU]"
"30056","32.528384168","192.168.1.55","192.168.1.2","TCP","1514","8004  >  36058 [ACK] Seq=151582 Ack=141 Win=65024 Len=1448 TSval=2916036609 TSecr=3045556382 [TCP segment of a reassembled PDU]"
"30057","32.528385575","192.168.1.55","192.168.1.2","TCP","1514","8004  >  36058 [PSH, ACK] Seq=153030 Ack=141 Win=65024 Len=1448 TSval=2916036609 TSecr=3045556382 [TCP segment of a reassembled PDU]"
"30058","32.528391927","192.168.1.55","192.168.1.2","TCP","714","8004  >  36058 [ACK] Seq=154478 Ack=141 Win=65024 Len=648 TSval=2916036609 TSecr=3045556382 [TCP segment of a reassembled PDU]"
"30059","32.529299373","192.168.1.2","192.168.1.55","TCP","66","36058  >  8004 [ACK] Seq=141 Ack=95758 Win=92160 Len=0 TSval=3045556383 TSecr=2916036604"
"30060","32.529324762","192.168.1.55","192.168.1.2","TCP","1514","8004  >  36058 [ACK] Seq=155126 Ack=141 Win=65024 Len=1448 TSval=2916036610 TSecr=3045556383 [TCP segment of a reassembled PDU]"
"30061","32.529326539","192.168.1.55","192.168.1.2","TCP","1514","8004  >  36058 [ACK] Seq=156574 Ack=141 Win=65024 Len=1448 TSval=2916036610 TSecr=3045556383 [TCP segment of a reassembled PDU]"
"30062","32.529327762","192.168.1.55","192.168.1.2","TCP","1514","8004  >  36058 [ACK] Seq=158022 Ack=141 Win=65024 Len=1448 TSval=2916036610 TSecr=3045556383 [TCP segment of a reassembled PDU]"
"30063","32.529328854","192.168.1.55","192.168.1.2","TCP","1514","8004  >  36058 [ACK] Seq=159470 Ack=141 Win=65024 Len=1448 TSval=2916036610 TSecr=3045556383 [TCP segment of a reassembled PDU]"
"30064","32.529330076","192.168.1.55","192.168.1.2","TCP","1514","8004  >  36058 [ACK] Seq=160918 Ack=141 Win=65024 Len=1448 TSval=2916036610 TSecr=3045556383 [TCP segment of a reassembled PDU]"
"30065","32.529331354","192.168.1.55","192.168.1.2","TCP","1514","8004  >  36058 [ACK] Seq=162366 Ack=141 Win=65024 Len=1448 TSval=2916036610 TSecr=3045556383 [TCP segment of a reassembled PDU]"
"30066","32.529332595","192.168.1.55","192.168.1.2","TCP","1514","8004  >  36058 [ACK] Seq=163814 Ack=141 Win=65024 Len=1448 TSval=2916036610 TSecr=3045556383 [TCP segment of a reassembled PDU]"
"30067","32.529333688","192.168.1.55","192.168.1.2","TCP","1514","8004  >  36058 [ACK] Seq=165262 Ack=141 Win=65024 Len=1448 TSval=2916036610 TSecr=3045556383 [TCP segment of a reassembled PDU]"
"30068","32.529334780","192.168.1.55","192.168.1.2","TCP","1514","8004  >  36058 [ACK] Seq=166710 Ack=141 Win=65024 Len=1448 TSval=2916036610 TSecr=3045556383 [TCP segment of a reassembled PDU]"
"30069","32.529335873","192.168.1.55","192.168.1.2","TCP","1514","8004  >  36058 [ACK] Seq=168158 Ack=141 Win=65024 Len=1448 TSval=2916036610 TSecr=3045556383 [TCP segment of a reassembled PDU]"
"30070","32.529337447","192.168.1.55","192.168.1.2","TCP","1514","8004  >  36058 [ACK] Seq=169606 Ack=141 Win=65024 Len=1448 TSval=2916036610 TSecr=3045556383 [TCP segment of a reassembled PDU]"
"30071","32.529338632","192.168.1.55","192.168.1.2","TCP","1514","8004  >  36058 [ACK] Seq=171054 Ack=141 Win=65024 Len=1448 TSval=2916036610 TSecr=3045556383 [TCP segment of a reassembled PDU]"
"30072","32.529339725","192.168.1.55","192.168.1.2","TCP","1514","8004  >  36058 [ACK] Seq=172502 Ack=141 Win=65024 Len=1448 TSval=2916036610 TSecr=3045556383 [TCP segment of a reassembled PDU]"
"30073","32.529340910","192.168.1.55","192.168.1.2","TCP","1514","8004  >  36058 [ACK] Seq=173950 Ack=141 Win=65024 Len=1448 TSval=2916036610 TSecr=3045556383 [TCP segment of a reassembled PDU]"
"30074","32.529342206","192.168.1.55","192.168.1.2","TCP","1514","8004  >  36058 [ACK] Seq=175398 Ack=141 Win=65024 Len=1448 TSval=2916036610 TSecr=3045556383 [TCP segment of a reassembled PDU]"
"30075","32.529343614","192.168.1.55","192.168.1.2","TCP","1514","8004  >  36058 [ACK] Seq=176846 Ack=141 Win=65024 Len=1448 TSval=2916036610 TSecr=3045556383 [TCP segment of a reassembled PDU]"
"30076","32.529344743","192.168.1.55","192.168.1.2","TCP","1514","8004  >  36058 [ACK] Seq=178294 Ack=141 Win=65024 Len=1448 TSval=2916036610 TSecr=3045556383 [TCP segment of a reassembled PDU]"
"30077","32.529345836","192.168.1.55","192.168.1.2","TCP","1514","8004  >  36058 [ACK] Seq=179742 Ack=141 Win=65024 Len=1448 TSval=2916036610 TSecr=3045556383 [TCP segment of a reassembled PDU]"
"30078","32.529347188","192.168.1.55","192.168.1.2","TCP","1514","8004  >  36058 [ACK] Seq=181190 Ack=141 Win=65024 Len=1448 TSval=2916036610 TSecr=3045556383 [TCP segment of a reassembled PDU]"
"30079","32.529348299","192.168.1.55","192.168.1.2","TCP","1514","8004  >  36058 [ACK] Seq=182638 Ack=141 Win=65024 Len=1448 TSval=2916036610 TSecr=3045556383 [TCP segment of a reassembled PDU]"
"30080","32.529349669","192.168.1.55","192.168.1.2","TCP","1514","8004  >  36058 [ACK] Seq=184086 Ack=141 Win=65024 Len=1448 TSval=2916036610 TSecr=3045556383 [TCP segment of a reassembled PDU]"
"30081","32.529350854","192.168.1.55","192.168.1.2","TCP","1514","8004  >  36058 [PSH, ACK] Seq=185534 Ack=141 Win=65024 Len=1448 TSval=2916036610 TSecr=3045556383 [TCP segment of a reassembled PDU]"
"30082","32.529376614","192.168.1.2","192.168.1.55","TCP","66","36058  >  8004 [ACK] Seq=141 Ack=97206 Win=92160 Len=0 TSval=3045556383 TSecr=2916036604"
"30083","32.534075640","192.168.1.2","192.168.1.55","TCP","66","36058  >  8004 [ACK] Seq=141 Ack=98654 Win=92160 Len=0 TSval=3045556385 TSecr=2916036606"
"30084","32.534085028","192.168.1.55","192.168.1.2","TCP","1514","8004  >  36058 [ACK] Seq=186982 Ack=141 Win=65024 Len=1448 TSval=2916036614 TSecr=3045556385 [TCP segment of a reassembled PDU]"
"30085","32.534087232","192.168.1.55","192.168.1.2","TCP","1514","8004  >  36058 [PSH, ACK] Seq=188430 Ack=141 Win=65024 Len=1448 TSval=2916036614 TSecr=3045556385 [TCP segment of a reassembled PDU]"
"30086","32.534130991","192.168.1.2","192.168.1.55","TCP","66","36058  >  8004 [ACK] Seq=141 Ack=100102 Win=92160 Len=0 TSval=3045556385 TSecr=2916036606"
"30087","32.535555846","192.168.1.2","192.168.1.55","TCP","66","36058  >  8004 [ACK] Seq=141 Ack=105894 Win=88064 Len=0 TSval=3045556389 TSecr=2916036608"
"30088","32.535568160","192.168.1.55","192.168.1.2","TCP","1514","8004  >  36058 [ACK] Seq=189878 Ack=141 Win=65024 Len=1448 TSval=2916036616 TSecr=3045556389 [TCP segment of a reassembled PDU]"
"30089","32.535570512","192.168.1.55","192.168.1.2","TCP","1514","8004  >  36058 [PSH, ACK] Seq=191326 Ack=141 Win=65024 Len=1448 TSval=2916036616 TSecr=3045556389 [TCP segment of a reassembled PDU]"
"30090","32.535802605","192.168.1.2","192.168.1.55","TCP","66","36058  >  8004 [ACK] Seq=141 Ack=116030 Win=102400 Len=0 TSval=3045556389 TSecr=2916036608"
"30091","32.535824105","192.168.1.55","192.168.1.2","TCP","1514","8004  >  36058 [ACK] Seq=192774 Ack=141 Win=65024 Len=1448 TSval=2916036616 TSecr=3045556389 [TCP segment of a reassembled PDU]"
"30092","32.535826346","192.168.1.55","192.168.1.2","TCP","1514","8004  >  36058 [ACK] Seq=194222 Ack=141 Win=65024 Len=1448 TSval=2916036616 TSecr=3045556389 [TCP segment of a reassembled PDU]"
"30093","32.535827513","192.168.1.55","192.168.1.2","TCP","1514","8004  >  36058 [ACK] Seq=195670 Ack=141 Win=65024 Len=1448 TSval=2916036616 TSecr=3045556389 [TCP segment of a reassembled PDU]"
"30094","32.535828716","192.168.1.55","192.168.1.2","TCP","1514","8004  >  36058 [ACK] Seq=197118 Ack=141 Win=65024 Len=1448 TSval=2916036616 TSecr=3045556389 [TCP segment of a reassembled PDU]"
"30095","32.535829902","192.168.1.55","192.168.1.2","TCP","1514","8004  >  36058 [PSH, ACK] Seq=198566 Ack=141 Win=65024 Len=1448 TSval=2916036616 TSecr=3045556389 [TCP segment of a reassembled PDU]"
"30096","32.535834605","192.168.1.2","192.168.1.55","TCP","66","36058  >  8004 [ACK] Seq=141 Ack=141446 Win=97280 Len=0 TSval=3045556390 TSecr=2916036608"
"30097","32.535870828","192.168.1.55","192.168.1.2","TCP","1514","8004  >  36058 [ACK] Seq=200014 Ack=141 Win=65024 Len=1448 TSval=2916036616 TSecr=3045556390 [TCP segment of a reassembled PDU]"
"30098","32.535872328","192.168.1.55","192.168.1.2","TCP","1514","8004  >  36058 [ACK] Seq=201462 Ack=141 Win=65024 Len=1448 TSval=2916036616 TSecr=3045556390 [TCP segment of a reassembled PDU]"
"30099","32.535873420","192.168.1.55","192.168.1.2","TCP","1514","8004  >  36058 [ACK] Seq=202910 Ack=141 Win=65024 Len=1448 TSval=2916036616 TSecr=3045556390 [TCP segment of a reassembled PDU]"
"30100","32.535874587","192.168.1.55","192.168.1.2","TCP","1514","8004  >  36058 [ACK] Seq=204358 Ack=141 Win=65024 Len=1448 TSval=2916036616 TSecr=3045556390 [TCP segment of a reassembled PDU]"
"30101","32.535875846","192.168.1.55","192.168.1.2","TCP","1514","8004  >  36058 [ACK] Seq=205806 Ack=141 Win=65024 Len=1448 TSval=2916036616 TSecr=3045556390 [TCP segment of a reassembled PDU]"
"30102","32.535877031","192.168.1.55","192.168.1.2","TCP","1514","8004  >  36058 [ACK] Seq=207254 Ack=141 Win=65024 Len=1448 TSval=2916036616 TSecr=3045556390 [TCP segment of a reassembled PDU]"
"30103","32.535878161","192.168.1.55","192.168.1.2","TCP","1514","8004  >  36058 [ACK] Seq=208702 Ack=141 Win=65024 Len=1448 TSval=2916036616 TSecr=3045556390 [TCP segment of a reassembled PDU]"
"30104","32.535879346","192.168.1.55","192.168.1.2","TCP","1514","8004  >  36058 [ACK] Seq=210150 Ack=141 Win=65024 Len=1448 TSval=2916036616 TSecr=3045556390 [TCP segment of a reassembled PDU]"
"30105","32.535880439","192.168.1.55","192.168.1.2","TCP","1514","8004  >  36058 [ACK] Seq=211598 Ack=141 Win=65024 Len=1448 TSval=2916036616 TSecr=3045556390 [TCP segment of a reassembled PDU]"
"30106","32.535881828","192.168.1.55","192.168.1.2","TCP","1514","8004  >  36058 [ACK] Seq=213046 Ack=141 Win=65024 Len=1448 TSval=2916036616 TSecr=3045556390 [TCP segment of a reassembled PDU]"
"30107","32.535883050","192.168.1.55","192.168.1.2","TCP","1514","8004  >  36058 [ACK] Seq=214494 Ack=141 Win=65024 Len=1448 TSval=2916036616 TSecr=3045556390 [TCP segment of a reassembled PDU]"
"30108","32.535884179","192.168.1.55","192.168.1.2","TCP","1514","8004  >  36058 [ACK] Seq=215942 Ack=141 Win=65024 Len=1448 TSval=2916036616 TSecr=3045556390 [TCP segment of a reassembled PDU]"
"30109","32.535885791","192.168.1.55","192.168.1.2","TCP","1514","8004  >  36058 [ACK] Seq=217390 Ack=141 Win=65024 Len=1448 TSval=2916036616 TSecr=3045556390 [TCP segment of a reassembled PDU]"
"30110","32.535886883","192.168.1.55","192.168.1.2","TCP","1514","8004  >  36058 [ACK] Seq=218838 Ack=141 Win=65024 Len=1448 TSval=2916036616 TSecr=3045556390 [TCP segment of a reassembled PDU]"
"30111","32.535888198","192.168.1.55","192.168.1.2","TCP","1514","8004  >  36058 [ACK] Seq=220286 Ack=141 Win=65024 Len=1448 TSval=2916036616 TSecr=3045556390 [TCP segment of a reassembled PDU]"
"30112","32.535889365","192.168.1.55","192.168.1.2","TCP","1514","8004  >  36058 [ACK] Seq=221734 Ack=141 Win=65024 Len=1448 TSval=2916036616 TSecr=3045556390 [TCP segment of a reassembled PDU]"
"30113","32.535890494","192.168.1.55","192.168.1.2","TCP","1514","8004  >  36058 [ACK] Seq=223182 Ack=141 Win=65024 Len=1448 TSval=2916036616 TSecr=3045556390 [TCP segment of a reassembled PDU]"
"30114","32.535891920","192.168.1.55","192.168.1.2","TCP","1514","8004  >  36058 [ACK] Seq=224630 Ack=141 Win=65024 Len=1448 TSval=2916036616 TSecr=3045556390 [TCP segment of a reassembled PDU]"
"30115","32.535893031","192.168.1.55","192.168.1.2","TCP","1514","8004  >  36058 [ACK] Seq=226078 Ack=141 Win=65024 Len=1448 TSval=2916036616 TSecr=3045556390 [TCP segment of a reassembled PDU]"
"30116","32.535894216","192.168.1.55","192.168.1.2","TCP","1514","8004  >  36058 [ACK] Seq=227526 Ack=141 Win=65024 Len=1448 TSval=2916036616 TSecr=3045556390 [TCP segment of a reassembled PDU]"
"30117","32.535895328","192.168.1.55","192.168.1.2","TCP","1514","8004  >  36058 [ACK] Seq=228974 Ack=141 Win=65024 Len=1448 TSval=2916036616 TSecr=3045556390 [TCP segment of a reassembled PDU]"
"30118","32.535896476","192.168.1.55","192.168.1.2","TCP","1514","8004  >  36058 [ACK] Seq=230422 Ack=141 Win=65024 Len=1448 TSval=2916036616 TSecr=3045556390 [TCP segment of a reassembled PDU]"
"30119","32.535897698","192.168.1.55","192.168.1.2","TCP","1514","8004  >  36058 [ACK] Seq=231870 Ack=141 Win=65024 Len=1448 TSval=2916036616 TSecr=3045556390 [TCP segment of a reassembled PDU]"
"30120","32.535898791","192.168.1.55","192.168.1.2","TCP","1514","8004  >  36058 [ACK] Seq=233318 Ack=141 Win=65024 Len=1448 TSval=2916036616 TSecr=3045556390 [TCP segment of a reassembled PDU]"
"30121","32.535899902","192.168.1.55","192.168.1.2","TCP","1514","8004  >  36058 [ACK] Seq=234766 Ack=141 Win=65024 Len=1448 TSval=2916036616 TSecr=3045556390 [TCP segment of a reassembled PDU]"
"30122","32.535901031","192.168.1.55","192.168.1.2","TCP","1514","8004  >  36058 [PSH, ACK] Seq=236214 Ack=141 Win=65024 Len=1448 TSval=2916036616 TSecr=3045556390 [TCP segment of a reassembled PDU]"
"30123","32.535904772","192.168.1.2","192.168.1.55","TCP","66","36058  >  8004 [ACK] Seq=141 Ack=154478 Win=102400 Len=0 TSval=3045556390 TSecr=2916036609"
"30124","32.535915291","192.168.1.55","192.168.1.2","TCP","1514","8004  >  36058 [ACK] Seq=237662 Ack=141 Win=65024 Len=1448 TSval=2916036616 TSecr=3045556390 [TCP segment of a reassembled PDU]"
"30125","32.535916772","192.168.1.55","192.168.1.2","TCP","1514","8004  >  36058 [ACK] Seq=239110 Ack=141 Win=65024 Len=1448 TSval=2916036616 TSecr=3045556390 [TCP segment of a reassembled PDU]"
"30126","32.535917994","192.168.1.55","192.168.1.2","TCP","1514","8004  >  36058 [ACK] Seq=240558 Ack=141 Win=65024 Len=1448 TSval=2916036616 TSecr=3045556390 [TCP segment of a reassembled PDU]"
"30127","32.535919105","192.168.1.55","192.168.1.2","TCP","1514","8004  >  36058 [ACK] Seq=242006 Ack=141 Win=65024 Len=1448 TSval=2916036616 TSecr=3045556390 [TCP segment of a reassembled PDU]"
"30128","32.535920291","192.168.1.55","192.168.1.2","TCP","1514","8004  >  36058 [PSH, ACK] Seq=243454 Ack=141 Win=65024 Len=1448 TSval=2916036616 TSecr=3045556390 [TCP segment of a reassembled PDU]"
"30129","32.535973161","192.168.1.2","192.168.1.55","TCP","66","36058  >  8004 [ACK] Seq=141 Ack=155126 Win=105472 Len=0 TSval=3045556390 TSecr=2916036609"
"30130","32.535979643","192.168.1.2","192.168.1.55","TCP","66","36058  >  8004 [ACK] Seq=141 Ack=185534 Win=92160 Len=0 TSval=3045556390 TSecr=2916036610"
"30131","32.536012346","192.168.1.55","192.168.1.2","TCP","1514","8004  >  36058 [ACK] Seq=244902 Ack=141 Win=65024 Len=1448 TSval=2916036616 TSecr=3045556390 [TCP segment of a reassembled PDU]"
"30132","32.536014198","192.168.1.55","192.168.1.2","TCP","1514","8004  >  36058 [ACK] Seq=246350 Ack=141 Win=65024 Len=1448 TSval=2916036616 TSecr=3045556390 [TCP segment of a reassembled PDU]"
"30133","32.536015291","192.168.1.55","192.168.1.2","TCP","1514","8004  >  36058 [ACK] Seq=247798 Ack=141 Win=65024 Len=1448 TSval=2916036616 TSecr=3045556390 [TCP segment of a reassembled PDU]"
"30134","32.536016420","192.168.1.55","192.168.1.2","TCP","1514","8004  >  36058 [ACK] Seq=249246 Ack=141 Win=65024 Len=1448 TSval=2916036616 TSecr=3045556390 [TCP segment of a reassembled PDU]"
"30135","32.536017939","192.168.1.55","192.168.1.2","TCP","1514","8004  >  36058 [ACK] Seq=250694 Ack=141 Win=65024 Len=1448 TSval=2916036616 TSecr=3045556390 [TCP segment of a reassembled PDU]"
"30136","32.536019069","192.168.1.55","192.168.1.2","TCP","1514","8004  >  36058 [ACK] Seq=252142 Ack=141 Win=65024 Len=1448 TSval=2916036616 TSecr=3045556390 [TCP segment of a reassembled PDU]"
"30137","32.536020402","192.168.1.55","192.168.1.2","TCP","1514","8004  >  36058 [ACK] Seq=253590 Ack=141 Win=65024 Len=1448 TSval=2916036616 TSecr=3045556390 [TCP segment of a reassembled PDU]"
"30138","32.536021494","192.168.1.55","192.168.1.2","TCP","1514","8004  >  36058 [ACK] Seq=255038 Ack=141 Win=65024 Len=1448 TSval=2916036616 TSecr=3045556390 [TCP segment of a reassembled PDU]"
"30139","32.536022735","192.168.1.55","192.168.1.2","TCP","1514","8004  >  36058 [ACK] Seq=256486 Ack=141 Win=65024 Len=1448 TSval=2916036616 TSecr=3045556390 [TCP segment of a reassembled PDU]"
"30140","32.536023902","192.168.1.55","192.168.1.2","TCP","1514","8004  >  36058 [ACK] Seq=257934 Ack=141 Win=65024 Len=1448 TSval=2916036616 TSecr=3045556390 [TCP segment of a reassembled PDU]"
"30141","32.536025013","192.168.1.55","192.168.1.2","TCP","1514","8004  >  36058 [ACK] Seq=259382 Ack=141 Win=65024 Len=1448 TSval=2916036616 TSecr=3045556390 [TCP segment of a reassembled PDU]"
"30142","32.536026198","192.168.1.55","192.168.1.2","TCP","1514","8004  >  36058 [ACK] Seq=260830 Ack=141 Win=65024 Len=1448 TSval=2916036616 TSecr=3045556390 [TCP segment of a reassembled PDU]"
"30143","32.536027291","192.168.1.55","192.168.1.2","TCP","1514","8004  >  36058 [ACK] Seq=262278 Ack=141 Win=65024 Len=1448 TSval=2916036616 TSecr=3045556390 [TCP segment of a reassembled PDU]"
"30144","32.536028383","192.168.1.55","192.168.1.2","TCP","1514","8004  >  36058 [ACK] Seq=263726 Ack=141 Win=65024 Len=1448 TSval=2916036616 TSecr=3045556390 [TCP segment of a reassembled PDU]"
"30145","32.536029698","192.168.1.55","192.168.1.2","TCP","1514","8004  >  36058 [ACK] Seq=265174 Ack=141 Win=65024 Len=1448 TSval=2916036616 TSecr=3045556390 [TCP segment of a reassembled PDU]"
"30146","32.536030809","192.168.1.55","192.168.1.2","TCP","1514","8004  >  36058 [ACK] Seq=266622 Ack=141 Win=65024 Len=1448 TSval=2916036616 TSecr=3045556390 [TCP segment of a reassembled PDU]"
"30147","32.536031976","192.168.1.55","192.168.1.2","TCP","1514","8004  >  36058 [ACK] Seq=268070 Ack=141 Win=65024 Len=1448 TSval=2916036616 TSecr=3045556390 [TCP segment of a reassembled PDU]"
"30148","32.536033069","192.168.1.55","192.168.1.2","TCP","1514","8004  >  36058 [ACK] Seq=269518 Ack=141 Win=65024 Len=1448 TSval=2916036616 TSecr=3045556390 [TCP segment of a reassembled PDU]"
"30149","32.536034309","192.168.1.55","192.168.1.2","TCP","1514","8004  >  36058 [ACK] Seq=270966 Ack=141 Win=65024 Len=1448 TSval=2916036616 TSecr=3045556390 [TCP segment of a reassembled PDU]"
"30150","32.536035624","192.168.1.55","192.168.1.2","TCP","1514","8004  >  36058 [ACK] Seq=272414 Ack=141 Win=65024 Len=1448 TSval=2916036616 TSecr=3045556390 [TCP segment of a reassembled PDU]"
"30151","32.536036698","192.168.1.55","192.168.1.2","TCP","1514","8004  >  36058 [ACK] Seq=273862 Ack=141 Win=65024 Len=1448 TSval=2916036616 TSecr=3045556390 [TCP segment of a reassembled PDU]"
"30152","32.536037939","192.168.1.55","192.168.1.2","TCP","1514","8004  >  36058 [ACK] Seq=275310 Ack=141 Win=65024 Len=1448 TSval=2916036616 TSecr=3045556390 [TCP segment of a reassembled PDU]"
"30153","32.536039050","192.168.1.55","192.168.1.2","TCP","1002","[TCP Window Full] 8004  >  36058 [PSH, ACK] Seq=276758 Ack=141 Win=65024 Len=936 TSval=2916036616 TSecr=3045556390 [TCP segment of a reassembled PDU]"
"30154","32.539356315","192.168.1.2","192.168.1.55","TCP","66","36058  >  8004 [ACK] Seq=141 Ack=186982 Win=108544 Len=0 TSval=3045556391 TSecr=2916036610"
"30155","32.539371740","192.168.1.55","192.168.1.2","TCP","1514","8004  >  36058 [ACK] Seq=277694 Ack=141 Win=65024 Len=1448 TSval=2916036620 TSecr=3045556391 [TCP segment of a reassembled PDU]"
"30156","32.539374648","192.168.1.55","192.168.1.2","TCP","1514","8004  >  36058 [ACK] Seq=279142 Ack=141 Win=65024 Len=1448 TSval=2916036620 TSecr=3045556391 [TCP segment of a reassembled PDU]"
"30157","32.539376074","192.168.1.55","192.168.1.2","TCP","1514","8004  >  36058 [ACK] Seq=280590 Ack=141 Win=65024 Len=1448 TSval=2916036620 TSecr=3045556391 [TCP segment of a reassembled PDU]"
"30158","32.539377370","192.168.1.55","192.168.1.2","TCP","1514","8004  >  36058 [ACK] Seq=282038 Ack=141 Win=65024 Len=1448 TSval=2916036620 TSecr=3045556391 [TCP segment of a reassembled PDU]"
"30159","32.539378907","192.168.1.55","192.168.1.2","TCP","1514","8004  >  36058 [ACK] Seq=283486 Ack=141 Win=65024 Len=1448 TSval=2916036620 TSecr=3045556391 [TCP segment of a reassembled PDU]"
"30160","32.539380203","192.168.1.55","192.168.1.2","TCP","1514","8004  >  36058 [ACK] Seq=284934 Ack=141 Win=65024 Len=1448 TSval=2916036620 TSecr=3045556391 [TCP segment of a reassembled PDU]"
"30161","32.539382055","192.168.1.55","192.168.1.2","TCP","1514","8004  >  36058 [ACK] Seq=286382 Ack=141 Win=65024 Len=1448 TSval=2916036620 TSecr=3045556391 [TCP segment of a reassembled PDU]"
"30162","32.539383315","192.168.1.55","192.168.1.2","TCP","1514","8004  >  36058 [PSH, ACK] Seq=287830 Ack=141 Win=65024 Len=1448 TSval=2916036620 TSecr=3045556391 [TCP segment of a reassembled PDU]"
"30163","32.539388666","192.168.1.55","192.168.1.2","TCP","578","8004  >  36058 [ACK] Seq=289278 Ack=141 Win=65024 Len=512 TSval=2916036620 TSecr=3045556391 [TCP segment of a reassembled PDU]"
"30164","32.539480093","192.168.1.2","192.168.1.55","TCP","66","36058  >  8004 [ACK] Seq=141 Ack=188430 Win=110592 Len=0 TSval=3045556392 TSecr=2916036614"
"30165","32.539486074","192.168.1.2","192.168.1.55","TCP","66","36058  >  8004 [ACK] Seq=141 Ack=189878 Win=113664 Len=0 TSval=3045556392 TSecr=2916036614"
"30166","32.542962617","192.168.1.2","192.168.1.55","TCP","66","36058  >  8004 [ACK] Seq=141 Ack=191326 Win=116736 Len=0 TSval=3045556398 TSecr=2916036616"
"30167","32.542979394","192.168.1.55","192.168.1.2","TCP","1514","8004  >  36058 [ACK] Seq=289790 Ack=141 Win=65024 Len=1448 TSval=2916036623 TSecr=3045556398 [TCP segment of a reassembled PDU]"
"30168","32.542981728","192.168.1.55","192.168.1.2","TCP","1514","8004  >  36058 [ACK] Seq=291238 Ack=141 Win=65024 Len=1448 TSval=2916036623 TSecr=3045556398 [TCP segment of a reassembled PDU]"
"30169","32.542983098","192.168.1.55","192.168.1.2","TCP","1514","8004  >  36058 [ACK] Seq=292686 Ack=141 Win=65024 Len=1448 TSval=2916036623 TSecr=3045556398 [TCP segment of a reassembled PDU]"
"30170","32.542984561","192.168.1.55","192.168.1.2","TCP","1514","8004  >  36058 [ACK] Seq=294134 Ack=141 Win=65024 Len=1448 TSval=2916036623 TSecr=3045556398 [TCP segment of a reassembled PDU]"
"30171","32.542985857","192.168.1.55","192.168.1.2","TCP","1514","8004  >  36058 [ACK] Seq=295582 Ack=141 Win=65024 Len=1448 TSval=2916036623 TSecr=3045556398 [TCP segment of a reassembled PDU]"
"30172","32.542987265","192.168.1.55","192.168.1.2","TCP","1514","8004  >  36058 [ACK] Seq=297030 Ack=141 Win=65024 Len=1448 TSval=2916036623 TSecr=3045556398 [TCP segment of a reassembled PDU]"
"30173","32.542988543","192.168.1.55","192.168.1.2","TCP","1514","8004  >  36058 [ACK] Seq=298478 Ack=141 Win=65024 Len=1448 TSval=2916036623 TSecr=3045556398 [TCP segment of a reassembled PDU]"
"30174","32.542990246","192.168.1.55","192.168.1.2","TCP","1514","8004  >  36058 [ACK] Seq=299926 Ack=141 Win=65024 Len=1448 TSval=2916036623 TSecr=3045556398 [TCP segment of a reassembled PDU]"
"30175","32.542996172","192.168.1.55","192.168.1.2","TCP","1514","8004  >  36058 [ACK] Seq=301374 Ack=141 Win=65024 Len=1448 TSval=2916036623 TSecr=3045556398 [TCP segment of a reassembled PDU]"
"30176","32.542997691","192.168.1.55","192.168.1.2","TCP","1514","8004  >  36058 [ACK] Seq=302822 Ack=141 Win=65024 Len=1448 TSval=2916036623 TSecr=3045556398 [TCP segment of a reassembled PDU]"
"30177","32.542999154","192.168.1.55","192.168.1.2","TCP","1514","8004  >  36058 [ACK] Seq=304270 Ack=141 Win=65024 Len=1448 TSval=2916036623 TSecr=3045556398 [TCP segment of a reassembled PDU]"
"30178","32.543000413","192.168.1.55","192.168.1.2","TCP","1514","8004  >  36058 [PSH, ACK] Seq=305718 Ack=141 Win=65024 Len=1448 TSval=2916036623 TSecr=3045556398 [TCP segment of a reassembled PDU]"
"30179","32.543643803","192.168.1.2","192.168.1.55","TCP","66","36058  >  8004 [ACK] Seq=141 Ack=192774 Win=119808 Len=0 TSval=3045556399 TSecr=2916036616"
"30180","32.543878674","192.168.1.2","192.168.1.55","TCP","66","36058  >  8004 [ACK] Seq=141 Ack=223182 Win=134144 Len=0 TSval=3045556399 TSecr=2916036616"
"30181","32.543904211","192.168.1.55","192.168.1.2","TCP","1514","8004  >  36058 [ACK] Seq=307166 Ack=141 Win=65024 Len=1448 TSval=2916036624 TSecr=3045556399 [TCP segment of a reassembled PDU]"
"30182","32.543906470","192.168.1.55","192.168.1.2","TCP","1514","8004  >  36058 [ACK] Seq=308614 Ack=141 Win=65024 Len=1448 TSval=2916036624 TSecr=3045556399 [TCP segment of a reassembled PDU]"
"30183","32.543907766","192.168.1.55","192.168.1.2","TCP","1514","8004  >  36058 [ACK] Seq=310062 Ack=141 Win=65024 Len=1448 TSval=2916036624 TSecr=3045556399 [TCP segment of a reassembled PDU]"
"30184","32.543909174","192.168.1.55","192.168.1.2","TCP","1514","8004  >  36058 [ACK] Seq=311510 Ack=141 Win=65024 Len=1448 TSval=2916036624 TSecr=3045556399 [TCP segment of a reassembled PDU]"
"30185","32.543910433","192.168.1.55","192.168.1.2","TCP","1514","8004  >  36058 [ACK] Seq=312958 Ack=141 Win=65024 Len=1448 TSval=2916036624 TSecr=3045556399 [TCP segment of a reassembled PDU]"
"30186","32.543911859","192.168.1.55","192.168.1.2","TCP","1514","8004  >  36058 [ACK] Seq=314406 Ack=141 Win=65024 Len=1448 TSval=2916036624 TSecr=3045556399 [TCP segment of a reassembled PDU]"
"30187","32.543913507","192.168.1.55","192.168.1.2","TCP","1514","8004  >  36058 [ACK] Seq=315854 Ack=141 Win=65024 Len=1448 TSval=2916036624 TSecr=3045556399 [TCP segment of a reassembled PDU]"
"30188","32.543914803","192.168.1.55","192.168.1.2","TCP","1514","8004  >  36058 [ACK] Seq=317302 Ack=141 Win=65024 Len=1448 TSval=2916036624 TSecr=3045556399 [TCP segment of a reassembled PDU]"
"30189","32.543916248","192.168.1.55","192.168.1.2","TCP","1514","8004  >  36058 [ACK] Seq=318750 Ack=141 Win=65024 Len=1448 TSval=2916036624 TSecr=3045556399 [TCP segment of a reassembled PDU]"
"30190","32.543917525","192.168.1.55","192.168.1.2","TCP","1514","8004  >  36058 [ACK] Seq=320198 Ack=141 Win=65024 Len=1448 TSval=2916036624 TSecr=3045556399 [TCP segment of a reassembled PDU]"
"30191","32.543918951","192.168.1.55","192.168.1.2","TCP","1514","8004  >  36058 [ACK] Seq=321646 Ack=141 Win=65024 Len=1448 TSval=2916036624 TSecr=3045556399 [TCP segment of a reassembled PDU]"
"30192","32.543920322","192.168.1.55","192.168.1.2","TCP","1514","8004  >  36058 [ACK] Seq=323094 Ack=141 Win=65024 Len=1448 TSval=2916036624 TSecr=3045556399 [TCP segment of a reassembled PDU]"
"30193","32.543921600","192.168.1.55","192.168.1.2","TCP","1514","8004  >  36058 [ACK] Seq=324542 Ack=141 Win=65024 Len=1448 TSval=2916036624 TSecr=3045556399 [TCP segment of a reassembled PDU]"
"30194","32.543923155","192.168.1.55","192.168.1.2","TCP","1514","8004  >  36058 [ACK] Seq=325990 Ack=141 Win=65024 Len=1448 TSval=2916036624 TSecr=3045556399 [TCP segment of a reassembled PDU]"
"30195","32.543924470","192.168.1.55","192.168.1.2","TCP","1514","8004  >  36058 [ACK] Seq=327438 Ack=141 Win=65024 Len=1448 TSval=2916036624 TSecr=3045556399 [TCP segment of a reassembled PDU]"
"30196","32.543925970","192.168.1.55","192.168.1.2","TCP","1514","8004  >  36058 [ACK] Seq=328886 Ack=141 Win=65024 Len=1448 TSval=2916036624 TSecr=3045556399 [TCP segment of a reassembled PDU]"
"30197","32.543927377","192.168.1.55","192.168.1.2","TCP","1514","8004  >  36058 [ACK] Seq=330334 Ack=141 Win=65024 Len=1448 TSval=2916036624 TSecr=3045556399 [TCP segment of a reassembled PDU]"
"30198","32.543928803","192.168.1.55","192.168.1.2","TCP","1514","8004  >  36058 [ACK] Seq=331782 Ack=141 Win=65024 Len=1448 TSval=2916036624 TSecr=3045556399 [TCP segment of a reassembled PDU]"
"30199","32.543930618","192.168.1.55","192.168.1.2","TCP","1514","8004  >  36058 [PSH, ACK] Seq=333230 Ack=141 Win=65024 Len=1448 TSval=2916036624 TSecr=3045556399 [TCP segment of a reassembled PDU]"
"30200","32.543935563","192.168.1.2","192.168.1.55","TCP","66","36058  >  8004 [ACK] Seq=141 Ack=237662 Win=157696 Len=0 TSval=3045556399 TSecr=2916036616"
"30201","32.543973951","192.168.1.55","192.168.1.2","TCP","1514","8004  >  36058 [ACK] Seq=334678 Ack=141 Win=65024 Len=1448 TSval=2916036624 TSecr=3045556399 [TCP segment of a reassembled PDU]"
"30202","32.543975507","192.168.1.55","192.168.1.2","TCP","1514","8004  >  36058 [ACK] Seq=336126 Ack=141 Win=65024 Len=1448 TSval=2916036624 TSecr=3045556399 [TCP segment of a reassembled PDU]"
"30203","32.543976859","192.168.1.55","192.168.1.2","TCP","1514","8004  >  36058 [ACK] Seq=337574 Ack=141 Win=65024 Len=1448 TSval=2916036624 TSecr=3045556399 [TCP segment of a reassembled PDU]"
"30204","32.543978285","192.168.1.55","192.168.1.2","TCP","1514","8004  >  36058 [ACK] Seq=339022 Ack=141 Win=65024 Len=1448 TSval=2916036624 TSecr=3045556399 [TCP segment of a reassembled PDU]"
"30205","32.543979914","192.168.1.55","192.168.1.2","TCP","1514","8004  >  36058 [ACK] Seq=340470 Ack=141 Win=65024 Len=1448 TSval=2916036624 TSecr=3045556399 [TCP segment of a reassembled PDU]"
"30206","32.543981248","192.168.1.55","192.168.1.2","TCP","1514","8004  >  36058 [ACK] Seq=341918 Ack=141 Win=65024 Len=1448 TSval=2916036624 TSecr=3045556399 [TCP segment of a reassembled PDU]"
"30207","32.543982618","192.168.1.55","192.168.1.2","TCP","1514","8004  >  36058 [ACK] Seq=343366 Ack=141 Win=65024 Len=1448 TSval=2916036624 TSecr=3045556399 [TCP segment of a reassembled PDU]"
"30208","32.543984211","192.168.1.55","192.168.1.2","TCP","1514","8004  >  36058 [ACK] Seq=344814 Ack=141 Win=65024 Len=1448 TSval=2916036624 TSecr=3045556399 [TCP segment of a reassembled PDU]"
"30209","32.543985489","192.168.1.55","192.168.1.2","TCP","1514","8004  >  36058 [ACK] Seq=346262 Ack=141 Win=65024 Len=1448 TSval=2916036624 TSecr=3045556399 [TCP segment of a reassembled PDU]"
"30210","32.543986914","192.168.1.55","192.168.1.2","TCP","1514","8004  >  36058 [ACK] Seq=347710 Ack=141 Win=65024 Len=1448 TSval=2916036624 TSecr=3045556399 [TCP segment of a reassembled PDU]"
"30211","32.543988396","192.168.1.55","192.168.1.2","TCP","1514","8004  >  36058 [ACK] Seq=349158 Ack=141 Win=65024 Len=1448 TSval=2916036624 TSecr=3045556399 [TCP segment of a reassembled PDU]"
"30212","32.543989951","192.168.1.55","192.168.1.2","TCP","1514","8004  >  36058 [ACK] Seq=350606 Ack=141 Win=65024 Len=1448 TSval=2916036624 TSecr=3045556399 [TCP segment of a reassembled PDU]"
"30213","32.543991526","192.168.1.55","192.168.1.2","TCP","1514","8004  >  36058 [ACK] Seq=352054 Ack=141 Win=65024 Len=1448 TSval=2916036624 TSecr=3045556399 [TCP segment of a reassembled PDU]"
"30214","32.543992859","192.168.1.55","192.168.1.2","TCP","1514","8004  >  36058 [ACK] Seq=353502 Ack=141 Win=65024 Len=1448 TSval=2916036624 TSecr=3045556399 [TCP segment of a reassembled PDU]"
"30215","32.543994155","192.168.1.55","192.168.1.2","TCP","1514","8004  >  36058 [ACK] Seq=354950 Ack=141 Win=65024 Len=1448 TSval=2916036624 TSecr=3045556399 [TCP segment of a reassembled PDU]"
"30216","32.543995674","192.168.1.55","192.168.1.2","TCP","1514","8004  >  36058 [ACK] Seq=356398 Ack=141 Win=65024 Len=1448 TSval=2916036624 TSecr=3045556399 [TCP segment of a reassembled PDU]"
"30217","32.543997081","192.168.1.55","192.168.1.2","TCP","1514","8004  >  36058 [ACK] Seq=357846 Ack=141 Win=65024 Len=1448 TSval=2916036624 TSecr=3045556399 [TCP segment of a reassembled PDU]"
"30218","32.543998748","192.168.1.55","192.168.1.2","TCP","1514","8004  >  36058 [ACK] Seq=359294 Ack=141 Win=65024 Len=1448 TSval=2916036624 TSecr=3045556399 [TCP segment of a reassembled PDU]"
"30219","32.544000896","192.168.1.55","192.168.1.2","TCP","1514","8004  >  36058 [ACK] Seq=360742 Ack=141 Win=65024 Len=1448 TSval=2916036624 TSecr=3045556399 [TCP segment of a reassembled PDU]"
"30220","32.544002396","192.168.1.55","192.168.1.2","TCP","1514","8004  >  36058 [ACK] Seq=362190 Ack=141 Win=65024 Len=1448 TSval=2916036624 TSecr=3045556399 [TCP segment of a reassembled PDU]"
"30221","32.544004377","192.168.1.55","192.168.1.2","TCP","1514","8004  >  36058 [ACK] Seq=363638 Ack=141 Win=65024 Len=1448 TSval=2916036624 TSecr=3045556399 [TCP segment of a reassembled PDU]"
"30222","32.544005785","192.168.1.55","192.168.1.2","TCP","1514","8004  >  36058 [ACK] Seq=365086 Ack=141 Win=65024 Len=1448 TSval=2916036624 TSecr=3045556399 [TCP segment of a reassembled PDU]"
"30223","32.544007174","192.168.1.55","192.168.1.2","TCP","1514","8004  >  36058 [ACK] Seq=366534 Ack=141 Win=65024 Len=1448 TSval=2916036624 TSecr=3045556399 [TCP segment of a reassembled PDU]"
"30224","32.544008674","192.168.1.55","192.168.1.2","TCP","1514","8004  >  36058 [ACK] Seq=367982 Ack=141 Win=65024 Len=1448 TSval=2916036624 TSecr=3045556399 [TCP segment of a reassembled PDU]"
"30225","32.544010359","192.168.1.55","192.168.1.2","TCP","1514","8004  >  36058 [ACK] Seq=369430 Ack=141 Win=65024 Len=1448 TSval=2916036624 TSecr=3045556399 [TCP segment of a reassembled PDU]"
"30226","32.544011877","192.168.1.55","192.168.1.2","TCP","1514","8004  >  36058 [ACK] Seq=370878 Ack=141 Win=65024 Len=1448 TSval=2916036624 TSecr=3045556399 [TCP segment of a reassembled PDU]"
"30227","32.544013229","192.168.1.55","192.168.1.2","TCP","1514","8004  >  36058 [ACK] Seq=372326 Ack=141 Win=65024 Len=1448 TSval=2916036624 TSecr=3045556399 [TCP segment of a reassembled PDU]"
"30228","32.544014674","192.168.1.55","192.168.1.2","TCP","1514","8004  >  36058 [ACK] Seq=373774 Ack=141 Win=65024 Len=1448 TSval=2916036624 TSecr=3045556399 [TCP segment of a reassembled PDU]"
"30229","32.544016044","192.168.1.55","192.168.1.2","TCP","1514","8004  >  36058 [ACK] Seq=375222 Ack=141 Win=65024 Len=1448 TSval=2916036624 TSecr=3045556399 [TCP segment of a reassembled PDU]"
"30230","32.544017340","192.168.1.55","192.168.1.2","TCP","1514","8004  >  36058 [ACK] Seq=376670 Ack=141 Win=65024 Len=1448 TSval=2916036624 TSecr=3045556399 [TCP segment of a reassembled PDU]"
"30231","32.544019396","192.168.1.55","192.168.1.2","TCP","1514","8004  >  36058 [PSH, ACK] Seq=378118 Ack=141 Win=65024 Len=1448 TSval=2916036624 TSecr=3045556399 [TCP segment of a reassembled PDU]"
"30232","32.544023859","192.168.1.2","192.168.1.55","TCP","66","36058  >  8004 [ACK] Seq=141 Ack=244902 Win=163840 Len=0 TSval=3045556399 TSecr=2916036616"
"30233","32.544030137","192.168.1.2","192.168.1.55","TCP","66","36058  >  8004 [ACK] Seq=141 Ack=277694 Win=131072 Len=0 TSval=3045556399 TSecr=2916036616"
"30234","32.544035915","192.168.1.2","192.168.1.55","TCP","66","36058  >  8004 [ACK] Seq=141 Ack=289790 Win=126976 Len=0 TSval=3045556399 TSecr=2916036620"
"30235","32.544071618","192.168.1.55","192.168.1.2","TCP","1514","8004  >  36058 [ACK] Seq=379566 Ack=141 Win=65024 Len=1448 TSval=2916036624 TSecr=3045556399 [TCP segment of a reassembled PDU]"
"30236","32.544074192","192.168.1.55","192.168.1.2","TCP","1514","8004  >  36058 [ACK] Seq=381014 Ack=141 Win=65024 Len=1448 TSval=2916036624 TSecr=3045556399 [TCP segment of a reassembled PDU]"
"30237","32.544075470","192.168.1.55","192.168.1.2","TCP","1514","8004  >  36058 [ACK] Seq=382462 Ack=141 Win=65024 Len=1448 TSval=2916036624 TSecr=3045556399 [TCP segment of a reassembled PDU]"
"30238","32.544077248","192.168.1.55","192.168.1.2","TCP","1514","8004  >  36058 [ACK] Seq=383910 Ack=141 Win=65024 Len=1448 TSval=2916036624 TSecr=3045556399 [TCP segment of a reassembled PDU]"
"30239","32.544078581","192.168.1.55","192.168.1.2","TCP","1514","8004  >  36058 [ACK] Seq=385358 Ack=141 Win=65024 Len=1448 TSval=2916036624 TSecr=3045556399 [TCP segment of a reassembled PDU]"
"30240","32.544080118","192.168.1.55","192.168.1.2","TCP","1514","8004  >  36058 [ACK] Seq=386806 Ack=141 Win=65024 Len=1448 TSval=2916036624 TSecr=3045556399 [TCP segment of a reassembled PDU]"
"30241","32.544081637","192.168.1.55","192.168.1.2","TCP","1514","8004  >  36058 [ACK] Seq=388254 Ack=141 Win=65024 Len=1448 TSval=2916036624 TSecr=3045556399 [TCP segment of a reassembled PDU]"
"30242","32.544082915","192.168.1.55","192.168.1.2","TCP","1514","8004  >  36058 [ACK] Seq=389702 Ack=141 Win=65024 Len=1448 TSval=2916036624 TSecr=3045556399 [TCP segment of a reassembled PDU]"
"30243","32.544084433","192.168.1.55","192.168.1.2","TCP","1514","8004  >  36058 [ACK] Seq=391150 Ack=141 Win=65024 Len=1448 TSval=2916036624 TSecr=3045556399 [TCP segment of a reassembled PDU]"
"30244","32.544085804","192.168.1.55","192.168.1.2","TCP","1514","8004  >  36058 [ACK] Seq=392598 Ack=141 Win=65024 Len=1448 TSval=2916036624 TSecr=3045556399 [TCP segment of a reassembled PDU]"
"30245","32.544087155","192.168.1.55","192.168.1.2","TCP","1514","8004  >  36058 [ACK] Seq=394046 Ack=141 Win=65024 Len=1448 TSval=2916036624 TSecr=3045556399 [TCP segment of a reassembled PDU]"
"30246","32.544088526","192.168.1.55","192.168.1.2","TCP","1514","8004  >  36058 [ACK] Seq=395494 Ack=141 Win=65024 Len=1448 TSval=2916036624 TSecr=3045556399 [TCP segment of a reassembled PDU]"
"30247","32.544090026","192.168.1.55","192.168.1.2","TCP","1514","8004  >  36058 [ACK] Seq=396942 Ack=141 Win=65024 Len=1448 TSval=2916036624 TSecr=3045556399 [TCP segment of a reassembled PDU]"
"30248","32.544091285","192.168.1.55","192.168.1.2","TCP","1514","8004  >  36058 [ACK] Seq=398390 Ack=141 Win=65024 Len=1448 TSval=2916036624 TSecr=3045556399 [TCP segment of a reassembled PDU]"
"30249","32.544093174","192.168.1.55","192.168.1.2","TCP","1514","8004  >  36058 [ACK] Seq=399838 Ack=141 Win=65024 Len=1448 TSval=2916036624 TSecr=3045556399 [TCP segment of a reassembled PDU]"
"30250","32.544094674","192.168.1.55","192.168.1.2","TCP","1514","8004  >  36058 [ACK] Seq=401286 Ack=141 Win=65024 Len=1448 TSval=2916036624 TSecr=3045556399 [TCP segment of a reassembled PDU]"
"30251","32.544095915","192.168.1.55","192.168.1.2","TCP","1514","8004  >  36058 [ACK] Seq=402734 Ack=141 Win=65024 Len=1448 TSval=2916036624 TSecr=3045556399 [TCP segment of a reassembled PDU]"
"30252","32.544097266","192.168.1.55","192.168.1.2","TCP","1514","8004  >  36058 [ACK] Seq=404182 Ack=141 Win=65024 Len=1448 TSval=2916036624 TSecr=3045556399 [TCP segment of a reassembled PDU]"
"30253","32.544098637","192.168.1.55","192.168.1.2","TCP","1514","8004  >  36058 [ACK] Seq=405630 Ack=141 Win=65024 Len=1448 TSval=2916036624 TSecr=3045556399 [TCP segment of a reassembled PDU]"
"30254","32.544100118","192.168.1.55","192.168.1.2","TCP","1514","8004  >  36058 [ACK] Seq=407078 Ack=141 Win=65024 Len=1448 TSval=2916036624 TSecr=3045556399 [TCP segment of a reassembled PDU]"
"30255","32.544101378","192.168.1.55","192.168.1.2","TCP","1514","8004  >  36058 [ACK] Seq=408526 Ack=141 Win=65024 Len=1448 TSval=2916036624 TSecr=3045556399 [TCP segment of a reassembled PDU]"
"30256","32.544102989","192.168.1.55","192.168.1.2","TCP","1514","8004  >  36058 [ACK] Seq=409974 Ack=141 Win=65024 Len=1448 TSval=2916036624 TSecr=3045556399 [TCP segment of a reassembled PDU]"
"30257","32.544104415","192.168.1.55","192.168.1.2","TCP","1514","8004  >  36058 [ACK] Seq=411422 Ack=141 Win=65024 Len=1448 TSval=2916036624 TSecr=3045556399 [TCP segment of a reassembled PDU]"
"30258","32.544105674","192.168.1.55","192.168.1.2","TCP","1514","8004  >  36058 [ACK] Seq=412870 Ack=141 Win=65024 Len=1448 TSval=2916036624 TSecr=3045556399 [TCP segment of a reassembled PDU]"
"30259","32.544107063","192.168.1.55","192.168.1.2","TCP","1514","8004  >  36058 [ACK] Seq=414318 Ack=141 Win=65024 Len=1448 TSval=2916036624 TSecr=3045556399 [TCP segment of a reassembled PDU]"
"30260","32.544108341","192.168.1.55","192.168.1.2","TCP","1066","[TCP Window Full] 8004  >  36058 [PSH, ACK] Seq=415766 Ack=141 Win=65024 Len=1000 TSval=2916036624 TSecr=3045556399 [TCP segment of a reassembled PDU]"
"30261","32.550460480","192.168.1.2","192.168.1.55","TCP","66","36058  >  8004 [ACK] Seq=141 Ack=304270 Win=153600 Len=0 TSval=3045556401 TSecr=2916036623"
"30262","32.550474443","192.168.1.55","192.168.1.2","TCP","1514","8004  >  36058 [ACK] Seq=416766 Ack=141 Win=65024 Len=1448 TSval=2916036631 TSecr=3045556401 [TCP segment of a reassembled PDU]"
"30263","32.550476980","192.168.1.55","192.168.1.2","TCP","1514","8004  >  36058 [ACK] Seq=418214 Ack=141 Win=65024 Len=1448 TSval=2916036631 TSecr=3045556401 [TCP segment of a reassembled PDU]"
"30264","32.550478499","192.168.1.55","192.168.1.2","TCP","1514","8004  >  36058 [ACK] Seq=419662 Ack=141 Win=65024 Len=1448 TSval=2916036631 TSecr=3045556401 [TCP segment of a reassembled PDU]"
"30265","32.550479869","192.168.1.55","192.168.1.2","TCP","1514","8004  >  36058 [ACK] Seq=421110 Ack=141 Win=65024 Len=1448 TSval=2916036631 TSecr=3045556401 [TCP segment of a reassembled PDU]"
"30266","32.550481221","192.168.1.55","192.168.1.2","TCP","1514","8004  >  36058 [PSH, ACK] Seq=422558 Ack=141 Win=65024 Len=1448 TSval=2916036631 TSecr=3045556401 [TCP segment of a reassembled PDU]"
"30267","32.550485573","192.168.1.55","192.168.1.2","TCP","514","8004  >  36058 [ACK] Seq=424006 Ack=141 Win=65024 Len=448 TSval=2916036631 TSecr=3045556401 [TCP segment of a reassembled PDU]"
"30268","32.551576778","192.168.1.2","192.168.1.55","TCP","66","36058  >  8004 [ACK] Seq=141 Ack=307166 Win=165888 Len=0 TSval=3045556406 TSecr=2916036623"
"30269","32.551610797","192.168.1.55","192.168.1.2","TCP","1514","8004  >  36058 [ACK] Seq=424454 Ack=141 Win=65024 Len=1448 TSval=2916036632 TSecr=3045556406 [TCP segment of a reassembled PDU]"
"30270","32.551613408","192.168.1.55","192.168.1.2","TCP","1514","8004  >  36058 [ACK] Seq=425902 Ack=141 Win=65024 Len=1448 TSval=2916036632 TSecr=3045556406 [TCP segment of a reassembled PDU]"
"30271","32.551614964","192.168.1.55","192.168.1.2","TCP","1514","8004  >  36058 [ACK] Seq=427350 Ack=141 Win=65024 Len=1448 TSval=2916036632 TSecr=3045556406 [TCP segment of a reassembled PDU]"
"30272","32.551616389","192.168.1.55","192.168.1.2","TCP","1514","8004  >  36058 [ACK] Seq=428798 Ack=141 Win=65024 Len=1448 TSval=2916036632 TSecr=3045556406 [TCP segment of a reassembled PDU]"
"30273","32.551617815","192.168.1.55","192.168.1.2","TCP","1514","8004  >  36058 [ACK] Seq=430246 Ack=141 Win=65024 Len=1448 TSval=2916036632 TSecr=3045556406 [TCP segment of a reassembled PDU]"
"30274","32.551619130","192.168.1.55","192.168.1.2","TCP","1514","8004  >  36058 [ACK] Seq=431694 Ack=141 Win=65024 Len=1448 TSval=2916036632 TSecr=3045556406 [TCP segment of a reassembled PDU]"
"30275","32.551620538","192.168.1.55","192.168.1.2","TCP","1514","8004  >  36058 [ACK] Seq=433142 Ack=141 Win=65024 Len=1448 TSval=2916036632 TSecr=3045556406 [TCP segment of a reassembled PDU]"
"30276","32.551622093","192.168.1.55","192.168.1.2","TCP","1514","8004  >  36058 [ACK] Seq=434590 Ack=141 Win=65024 Len=1448 TSval=2916036632 TSecr=3045556406 [TCP segment of a reassembled PDU]"
"30277","32.551623593","192.168.1.55","192.168.1.2","TCP","1514","8004  >  36058 [ACK] Seq=436038 Ack=141 Win=65024 Len=1448 TSval=2916036632 TSecr=3045556406 [TCP segment of a reassembled PDU]"
"30278","32.551625075","192.168.1.55","192.168.1.2","TCP","1514","8004  >  36058 [ACK] Seq=437486 Ack=141 Win=65024 Len=1448 TSval=2916036632 TSecr=3045556406 [TCP segment of a reassembled PDU]"
"30279","32.551626556","192.168.1.55","192.168.1.2","TCP","1514","8004  >  36058 [ACK] Seq=438934 Ack=141 Win=65024 Len=1448 TSval=2916036632 TSecr=3045556406 [TCP segment of a reassembled PDU]"
"30280","32.551628223","192.168.1.55","192.168.1.2","TCP","1514","8004  >  36058 [ACK] Seq=440382 Ack=141 Win=65024 Len=1448 TSval=2916036632 TSecr=3045556406 [TCP segment of a reassembled PDU]"
"30281","32.551629667","192.168.1.55","192.168.1.2","TCP","1514","8004  >  36058 [ACK] Seq=441830 Ack=141 Win=65024 Len=1448 TSval=2916036632 TSecr=3045556406 [TCP segment of a reassembled PDU]"
"30282","32.551631130","192.168.1.55","192.168.1.2","TCP","1514","8004  >  36058 [ACK] Seq=443278 Ack=141 Win=65024 Len=1448 TSval=2916036632 TSecr=3045556406 [TCP segment of a reassembled PDU]"
"30283","32.551632612","192.168.1.55","192.168.1.2","TCP","1514","8004  >  36058 [ACK] Seq=444726 Ack=141 Win=65024 Len=1448 TSval=2916036632 TSecr=3045556406 [TCP segment of a reassembled PDU]"
"30284","32.551634075","192.168.1.55","192.168.1.2","TCP","1514","8004  >  36058 [ACK] Seq=446174 Ack=141 Win=65024 Len=1448 TSval=2916036632 TSecr=3045556406 [TCP segment of a reassembled PDU]"
"30285","32.551635927","192.168.1.55","192.168.1.2","TCP","1514","8004  >  36058 [ACK] Seq=447622 Ack=141 Win=65024 Len=1448 TSval=2916036632 TSecr=3045556406 [TCP segment of a reassembled PDU]"
"30286","32.551637241","192.168.1.55","192.168.1.2","TCP","1514","8004  >  36058 [ACK] Seq=449070 Ack=141 Win=65024 Len=1448 TSval=2916036632 TSecr=3045556406 [TCP segment of a reassembled PDU]"
"30287","32.551638593","192.168.1.55","192.168.1.2","TCP","1514","8004  >  36058 [ACK] Seq=450518 Ack=141 Win=65024 Len=1448 TSval=2916036632 TSecr=3045556406 [TCP segment of a reassembled PDU]"
"30288","32.551639908","192.168.1.55","192.168.1.2","TCP","1514","8004  >  36058 [ACK] Seq=451966 Ack=141 Win=65024 Len=1448 TSval=2916036632 TSecr=3045556406 [TCP segment of a reassembled PDU]"
"30289","32.551641260","192.168.1.55","192.168.1.2","TCP","1514","8004  >  36058 [ACK] Seq=453414 Ack=141 Win=65024 Len=1448 TSval=2916036632 TSecr=3045556406 [TCP segment of a reassembled PDU]"
"30290","32.551642667","192.168.1.55","192.168.1.2","TCP","1514","8004  >  36058 [ACK] Seq=454862 Ack=141 Win=65024 Len=1448 TSval=2916036632 TSecr=3045556406 [TCP segment of a reassembled PDU]"
"30291","32.551644019","192.168.1.55","192.168.1.2","TCP","1514","8004  >  36058 [ACK] Seq=456310 Ack=141 Win=65024 Len=1448 TSval=2916036632 TSecr=3045556406 [TCP segment of a reassembled PDU]"
"30292","32.551645408","192.168.1.55","192.168.1.2","TCP","1514","8004  >  36058 [ACK] Seq=457758 Ack=141 Win=65024 Len=1448 TSval=2916036632 TSecr=3045556406 [TCP segment of a reassembled PDU]"
"30293","32.551646741","192.168.1.55","192.168.1.2","TCP","1514","8004  >  36058 [ACK] Seq=459206 Ack=141 Win=65024 Len=1448 TSval=2916036632 TSecr=3045556406 [TCP segment of a reassembled PDU]"
"30294","32.551648149","192.168.1.55","192.168.1.2","TCP","1514","8004  >  36058 [ACK] Seq=460654 Ack=141 Win=65024 Len=1448 TSval=2916036632 TSecr=3045556406 [TCP segment of a reassembled PDU]"
"30295","32.551649630","192.168.1.55","192.168.1.2","TCP","1514","8004  >  36058 [ACK] Seq=462102 Ack=141 Win=65024 Len=1448 TSval=2916036632 TSecr=3045556406 [TCP segment of a reassembled PDU]"
"30296","32.551651427","192.168.1.55","192.168.1.2","TCP","1514","8004  >  36058 [ACK] Seq=463550 Ack=141 Win=65024 Len=1448 TSval=2916036632 TSecr=3045556406 [TCP segment of a reassembled PDU]"
"30297","32.551652908","192.168.1.55","192.168.1.2","TCP","1514","8004  >  36058 [ACK] Seq=464998 Ack=141 Win=65024 Len=1448 TSval=2916036632 TSecr=3045556406 [TCP segment of a reassembled PDU]"
"30298","32.551654575","192.168.1.55","192.168.1.2","TCP","1514","8004  >  36058 [ACK] Seq=466446 Ack=141 Win=65024 Len=1448 TSval=2916036632 TSecr=3045556406 [TCP segment of a reassembled PDU]"
"30299","32.551655982","192.168.1.55","192.168.1.2","TCP","1514","8004  >  36058 [PSH, ACK] Seq=467894 Ack=141 Win=65024 Len=1448 TSval=2916036632 TSecr=3045556406 [TCP segment of a reassembled PDU]"
"30300","32.551742112","192.168.1.2","192.168.1.55","TCP","66","36058  >  8004 [ACK] Seq=141 Ack=334678 Win=178176 Len=0 TSval=3045556406 TSecr=2916036624"
"30301","32.551769612","192.168.1.55","192.168.1.2","TCP","1514","8004  >  36058 [ACK] Seq=469342 Ack=141 Win=65024 Len=1448 TSval=2916036632 TSecr=3045556406 [TCP segment of a reassembled PDU]"
"30302","32.551771556","192.168.1.55","192.168.1.2","TCP","1514","8004  >  36058 [ACK] Seq=470790 Ack=141 Win=65024 Len=1448 TSval=2916036632 TSecr=3045556406 [TCP segment of a reassembled PDU]"
"30303","32.551773223","192.168.1.55","192.168.1.2","TCP","1514","8004  >  36058 [ACK] Seq=472238 Ack=141 Win=65024 Len=1448 TSval=2916036632 TSecr=3045556406 [TCP segment of a reassembled PDU]"
"30304","32.551774779","192.168.1.55","192.168.1.2","TCP","1514","8004  >  36058 [ACK] Seq=473686 Ack=141 Win=65024 Len=1448 TSval=2916036632 TSecr=3045556406 [TCP segment of a reassembled PDU]"
"30305","32.551776186","192.168.1.55","192.168.1.2","TCP","1514","8004  >  36058 [ACK] Seq=475134 Ack=141 Win=65024 Len=1448 TSval=2916036632 TSecr=3045556406 [TCP segment of a reassembled PDU]"
"30306","32.551777649","192.168.1.55","192.168.1.2","TCP","1514","8004  >  36058 [ACK] Seq=476582 Ack=141 Win=65024 Len=1448 TSval=2916036632 TSecr=3045556406 [TCP segment of a reassembled PDU]"
"30307","32.551778964","192.168.1.55","192.168.1.2","TCP","1514","8004  >  36058 [ACK] Seq=478030 Ack=141 Win=65024 Len=1448 TSval=2916036632 TSecr=3045556406 [TCP segment of a reassembled PDU]"
"30308","32.551780482","192.168.1.55","192.168.1.2","TCP","1514","8004  >  36058 [ACK] Seq=479478 Ack=141 Win=65024 Len=1448 TSval=2916036632 TSecr=3045556406 [TCP segment of a reassembled PDU]"
"30309","32.551781908","192.168.1.55","192.168.1.2","TCP","1514","8004  >  36058 [ACK] Seq=480926 Ack=141 Win=65024 Len=1448 TSval=2916036632 TSecr=3045556406 [TCP segment of a reassembled PDU]"
"30310","32.551783205","192.168.1.55","192.168.1.2","TCP","1514","8004  >  36058 [ACK] Seq=482374 Ack=141 Win=65024 Len=1448 TSval=2916036632 TSecr=3045556406 [TCP segment of a reassembled PDU]"
"30311","32.551784538","192.168.1.55","192.168.1.2","TCP","1514","8004  >  36058 [ACK] Seq=483822 Ack=141 Win=65024 Len=1448 TSval=2916036632 TSecr=3045556406 [TCP segment of a reassembled PDU]"
"30312","32.551785834","192.168.1.55","192.168.1.2","TCP","1514","8004  >  36058 [ACK] Seq=485270 Ack=141 Win=65024 Len=1448 TSval=2916036632 TSecr=3045556406 [TCP segment of a reassembled PDU]"
"30313","32.551787242","192.168.1.55","192.168.1.2","TCP","1514","8004  >  36058 [ACK] Seq=486718 Ack=141 Win=65024 Len=1448 TSval=2916036632 TSecr=3045556406 [TCP segment of a reassembled PDU]"
"30314","32.551788649","192.168.1.55","192.168.1.2","TCP","1514","8004  >  36058 [ACK] Seq=488166 Ack=141 Win=65024 Len=1448 TSval=2916036632 TSecr=3045556406 [TCP segment of a reassembled PDU]"
"30315","32.551790056","192.168.1.55","192.168.1.2","TCP","1514","8004  >  36058 [ACK] Seq=489614 Ack=141 Win=65024 Len=1448 TSval=2916036632 TSecr=3045556406 [TCP segment of a reassembled PDU]"
"30316","32.551791649","192.168.1.55","192.168.1.2","TCP","1514","8004  >  36058 [ACK] Seq=491062 Ack=141 Win=65024 Len=1448 TSval=2916036632 TSecr=3045556406 [TCP segment of a reassembled PDU]"
"30317","32.551792945","192.168.1.55","192.168.1.2","TCP","1514","8004  >  36058 [ACK] Seq=492510 Ack=141 Win=65024 Len=1448 TSval=2916036632 TSecr=3045556406 [TCP segment of a reassembled PDU]"
"30318","32.551794501","192.168.1.55","192.168.1.2","TCP","1514","8004  >  36058 [ACK] Seq=493958 Ack=141 Win=65024 Len=1448 TSval=2916036632 TSecr=3045556406 [TCP segment of a reassembled PDU]"
"30319","32.551795908","192.168.1.55","192.168.1.2","TCP","1514","8004  >  36058 [ACK] Seq=495406 Ack=141 Win=65024 Len=1448 TSval=2916036632 TSecr=3045556406 [TCP segment of a reassembled PDU]"
"30320","32.551797223","192.168.1.55","192.168.1.2","TCP","1514","8004  >  36058 [PSH, ACK] Seq=496854 Ack=141 Win=65024 Len=1448 TSval=2916036632 TSecr=3045556406 [TCP segment of a reassembled PDU]"
"30321","32.551801890","192.168.1.55","192.168.1.2","HTTP","1472","HTTP/1.0 200 OK  (PNG)"
"30322","32.551806260","192.168.1.2","192.168.1.55","TCP","66","36058  >  8004 [ACK] Seq=141 Ack=379566 Win=188416 Len=0 TSval=3045556406 TSecr=2916036624"
"30323","32.551813279","192.168.1.2","192.168.1.55","TCP","66","36058  >  8004 [ACK] Seq=141 Ack=411422 Win=199680 Len=0 TSval=3045556406 TSecr=2916036624"
"30324","32.553028781","192.168.1.2","192.168.1.55","TCP","66","36058  >  8004 [ACK] Seq=141 Ack=416766 Win=209920 Len=0 TSval=3045556407 TSecr=2916036624"
"30325","32.557105417","192.168.1.2","192.168.1.55","TCP","66","36058  >  8004 [ACK] Seq=141 Ack=424006 Win=223232 Len=0 TSval=3045556413 TSecr=2916036631"
"30326","32.557710325","192.168.1.2","192.168.1.55","TCP","66","36058  >  8004 [ACK] Seq=141 Ack=469342 Win=188416 Len=0 TSval=3045556413 TSecr=2916036631"
"30327","32.557795455","192.168.1.2","192.168.1.55","TCP","66","36058  >  8004 [ACK] Seq=141 Ack=498302 Win=159744 Len=0 TSval=3045556413 TSecr=2916036632"
"30328","32.558555882","192.168.1.2","192.168.1.55","TCP","66","36058  >  8004 [FIN, ACK] Seq=141 Ack=499709 Win=223232 Len=0 TSval=3045556413 TSecr=2916036632"
"30329","32.558567641","192.168.1.55","192.168.1.2","TCP","66","8004  >  36058 [ACK] Seq=499709 Ack=142 Win=65024 Len=0 TSval=2916036639 TSecr=3045556413"
"30330","32.558679938","192.168.1.2","192.168.1.55","TCP","74","36072  >  8004 [SYN] Seq=0 Win=64240 Len=0 MSS=1460 SACK_PERM TSval=3045556413 TSecr=0 WS=1024"
"30331","32.558704567","192.168.1.55","192.168.1.2","TCP","74","8004  >  36072 [SYN, ACK] Seq=0 Ack=1 Win=65160 Len=0 MSS=1460 SACK_PERM TSval=2916036639 TSecr=3045556413 WS=128"
"30332","32.562285814","192.168.1.2","192.168.1.55","TCP","66","36072  >  8004 [ACK] Seq=1 Ack=1 Win=64512 Len=0 TSval=3045556417 TSecr=2916036639"
"30333","32.565515837","192.168.1.2","192.168.1.55","HTTP","209","GET /original_benchmark.png HTTP/1.1 "
"30334","32.565532708","192.168.1.55","192.168.1.2","TCP","66","8004  >  36072 [ACK] Seq=1 Ack=144 Win=65024 Len=0 TSval=2916036646 TSecr=3045556417"
"30335","32.566031635","192.168.1.55","192.168.1.2","TCP","255","8004  >  36072 [PSH, ACK] Seq=1 Ack=144 Win=65024 Len=189 TSval=2916036646 TSecr=3045556417 [TCP segment of a reassembled PDU]"
"30336","32.566134264","192.168.1.55","192.168.1.2","TCP","1514","8004  >  36072 [ACK] Seq=190 Ack=144 Win=65024 Len=1448 TSval=2916036646 TSecr=3045556417 [TCP segment of a reassembled PDU]"
"30337","32.566139283","192.168.1.55","192.168.1.2","TCP","1514","8004  >  36072 [ACK] Seq=1638 Ack=144 Win=65024 Len=1448 TSval=2916036646 TSecr=3045556417 [TCP segment of a reassembled PDU]"
"30338","32.566140801","192.168.1.55","192.168.1.2","TCP","1514","8004  >  36072 [ACK] Seq=3086 Ack=144 Win=65024 Len=1448 TSval=2916036646 TSecr=3045556417 [TCP segment of a reassembled PDU]"
"30339","32.566142431","192.168.1.55","192.168.1.2","TCP","1514","8004  >  36072 [ACK] Seq=4534 Ack=144 Win=65024 Len=1448 TSval=2916036646 TSecr=3045556417 [TCP segment of a reassembled PDU]"
"30340","32.566143820","192.168.1.55","192.168.1.2","TCP","1514","8004  >  36072 [PSH, ACK] Seq=5982 Ack=144 Win=65024 Len=1448 TSval=2916036646 TSecr=3045556417 [TCP segment of a reassembled PDU]"
"30341","32.566164227","192.168.1.55","192.168.1.2","TCP","1514","8004  >  36072 [ACK] Seq=7430 Ack=144 Win=65024 Len=1448 TSval=2916036646 TSecr=3045556417 [TCP segment of a reassembled PDU]"
"30342","32.566166190","192.168.1.55","192.168.1.2","TCP","1514","8004  >  36072 [ACK] Seq=8878 Ack=144 Win=65024 Len=1448 TSval=2916036646 TSecr=3045556417 [TCP segment of a reassembled PDU]"
"30343","32.566167616","192.168.1.55","192.168.1.2","TCP","1514","8004  >  36072 [ACK] Seq=10326 Ack=144 Win=65024 Len=1448 TSval=2916036646 TSecr=3045556417 [TCP segment of a reassembled PDU]"
"30344","32.566169042","192.168.1.55","192.168.1.2","TCP","1514","8004  >  36072 [PSH, ACK] Seq=11774 Ack=144 Win=65024 Len=1448 TSval=2916036646 TSecr=3045556417 [TCP segment of a reassembled PDU]"
"30345","32.569662918","192.168.1.2","192.168.1.55","TCP","66","36072  >  8004 [ACK] Seq=144 Ack=190 Win=64512 Len=0 TSval=3045556424 TSecr=2916036646"
"30346","32.569746622","192.168.1.55","192.168.1.2","TCP","1514","8004  >  36072 [ACK] Seq=13222 Ack=144 Win=65024 Len=1448 TSval=2916036650 TSecr=3045556424 [TCP segment of a reassembled PDU]"
"30347","32.569760826","192.168.1.55","192.168.1.2","TCP","1514","8004  >  36072 [PSH, ACK] Seq=14670 Ack=144 Win=65024 Len=1448 TSval=2916036650 TSecr=3045556424 [TCP segment of a reassembled PDU]"
"30348","32.569904826","192.168.1.2","192.168.1.55","TCP","66","36072  >  8004 [ACK] Seq=144 Ack=3086 Win=70656 Len=0 TSval=3045556424 TSecr=2916036646"
"30349","32.569941715","192.168.1.2","192.168.1.55","TCP","66","36072  >  8004 [ACK] Seq=144 Ack=5982 Win=76800 Len=0 TSval=3045556424 TSecr=2916036646"
"30350","32.570014622","192.168.1.55","192.168.1.2","TCP","1514","8004  >  36072 [ACK] Seq=16118 Ack=144 Win=65024 Len=1448 TSval=2916036650 TSecr=3045556424 [TCP segment of a reassembled PDU]"
"30351","32.570020678","192.168.1.55","192.168.1.2","TCP","1514","8004  >  36072 [ACK] Seq=17566 Ack=144 Win=65024 Len=1448 TSval=2916036650 TSecr=3045556424 [TCP segment of a reassembled PDU]"
"30352","32.570023178","192.168.1.55","192.168.1.2","TCP","1514","8004  >  36072 [ACK] Seq=19014 Ack=144 Win=65024 Len=1448 TSval=2916036650 TSecr=3045556424 [TCP segment of a reassembled PDU]"
"30353","32.570025326","192.168.1.55","192.168.1.2","TCP","1514","8004  >  36072 [ACK] Seq=20462 Ack=144 Win=65024 Len=1448 TSval=2916036650 TSecr=3045556424 [TCP segment of a reassembled PDU]"
"30354","32.570027419","192.168.1.55","192.168.1.2","TCP","1514","8004  >  36072 [ACK] Seq=21910 Ack=144 Win=65024 Len=1448 TSval=2916036650 TSecr=3045556424 [TCP segment of a reassembled PDU]"
"30355","32.570030141","192.168.1.55","192.168.1.2","TCP","1514","8004  >  36072 [ACK] Seq=23358 Ack=144 Win=65024 Len=1448 TSval=2916036650 TSecr=3045556424 [TCP segment of a reassembled PDU]"
"30356","32.570032956","192.168.1.55","192.168.1.2","TCP","1514","8004  >  36072 [PSH, ACK] Seq=24806 Ack=144 Win=65024 Len=1448 TSval=2916036650 TSecr=3045556424 [TCP segment of a reassembled PDU]"
"30357","32.571370773","192.168.1.2","192.168.1.55","TCP","66","36072  >  8004 [ACK] Seq=144 Ack=7430 Win=79872 Len=0 TSval=3045556425 TSecr=2916036646"
"30358","32.571405124","192.168.1.55","192.168.1.2","TCP","1514","8004  >  36072 [ACK] Seq=26254 Ack=144 Win=65024 Len=1448 TSval=2916036652 TSecr=3045556425 [TCP segment of a reassembled PDU]"
"30359","32.571410124","192.168.1.55","192.168.1.2","TCP","1514","8004  >  36072 [ACK] Seq=27702 Ack=144 Win=65024 Len=1448 TSval=2916036652 TSecr=3045556425 [TCP segment of a reassembled PDU]"
"30360","32.571411921","192.168.1.55","192.168.1.2","TCP","1514","8004  >  36072 [PSH, ACK] Seq=29150 Ack=144 Win=65024 Len=1448 TSval=2916036652 TSecr=3045556425 [TCP segment of a reassembled PDU]"
"30361","32.571468273","192.168.1.2","192.168.1.55","TCP","66","36072  >  8004 [ACK] Seq=144 Ack=13222 Win=84992 Len=0 TSval=3045556425 TSecr=2916036646"
"30362","32.571491588","192.168.1.55","192.168.1.2","TCP","1514","8004  >  36072 [ACK] Seq=30598 Ack=144 Win=65024 Len=1448 TSval=2916036652 TSecr=3045556425 [TCP segment of a reassembled PDU]"
"30363","32.571494625","192.168.1.55","192.168.1.2","TCP","1514","8004  >  36072 [ACK] Seq=32046 Ack=144 Win=65024 Len=1448 TSval=2916036652 TSecr=3045556425 [TCP segment of a reassembled PDU]"
"30364","32.571505736","192.168.1.55","192.168.1.2","TCP","1514","8004  >  36072 [ACK] Seq=33494 Ack=144 Win=65024 Len=1448 TSval=2916036652 TSecr=3045556425 [TCP segment of a reassembled PDU]"
"30365","32.571507328","192.168.1.55","192.168.1.2","TCP","1514","8004  >  36072 [ACK] Seq=34942 Ack=144 Win=65024 Len=1448 TSval=2916036652 TSecr=3045556425 [TCP segment of a reassembled PDU]"
"30366","32.571508699","192.168.1.55","192.168.1.2","TCP","1514","8004  >  36072 [ACK] Seq=36390 Ack=144 Win=65024 Len=1448 TSval=2916036652 TSecr=3045556425 [TCP segment of a reassembled PDU]"
"30367","32.571510088","192.168.1.55","192.168.1.2","TCP","1514","8004  >  36072 [ACK] Seq=37838 Ack=144 Win=65024 Len=1448 TSval=2916036652 TSecr=3045556425 [TCP segment of a reassembled PDU]"
"30368","32.571511884","192.168.1.55","192.168.1.2","TCP","1514","8004  >  36072 [ACK] Seq=39286 Ack=144 Win=65024 Len=1448 TSval=2916036652 TSecr=3045556425 [TCP segment of a reassembled PDU]"
"30369","32.571513199","192.168.1.55","192.168.1.2","TCP","1514","8004  >  36072 [PSH, ACK] Seq=40734 Ack=144 Win=65024 Len=1448 TSval=2916036652 TSecr=3045556425 [TCP segment of a reassembled PDU]"
"30370","32.576099632","192.168.1.2","192.168.1.55","TCP","66","36072  >  8004 [ACK] Seq=144 Ack=16118 Win=90112 Len=0 TSval=3045556429 TSecr=2916036650"
"30371","32.576171447","192.168.1.55","192.168.1.2","TCP","1514","8004  >  36072 [ACK] Seq=42182 Ack=144 Win=65024 Len=1448 TSval=2916036656 TSecr=3045556429 [TCP segment of a reassembled PDU]"
"30372","32.576179225","192.168.1.55","192.168.1.2","TCP","1514","8004  >  36072 [PSH, ACK] Seq=43630 Ack=144 Win=65024 Len=1448 TSval=2916036656 TSecr=3045556429 [TCP segment of a reassembled PDU]"
"30373","32.576279317","192.168.1.2","192.168.1.55","TCP","66","36072  >  8004 [ACK] Seq=144 Ack=26254 Win=81920 Len=0 TSval=3045556429 TSecr=2916036650"
"30374","32.576338688","192.168.1.55","192.168.1.2","TCP","1514","8004  >  36072 [ACK] Seq=45078 Ack=144 Win=65024 Len=1448 TSval=2916036657 TSecr=3045556429 [TCP segment of a reassembled PDU]"
"30375","32.576341947","192.168.1.55","192.168.1.2","TCP","1514","8004  >  36072 [ACK] Seq=46526 Ack=144 Win=65024 Len=1448 TSval=2916036657 TSecr=3045556429 [TCP segment of a reassembled PDU]"
"30376","32.576343614","192.168.1.55","192.168.1.2","TCP","1514","8004  >  36072 [ACK] Seq=47974 Ack=144 Win=65024 Len=1448 TSval=2916036657 TSecr=3045556429 [TCP segment of a reassembled PDU]"
"30377","32.576346021","192.168.1.55","192.168.1.2","TCP","1514","8004  >  36072 [ACK] Seq=49422 Ack=144 Win=65024 Len=1448 TSval=2916036657 TSecr=3045556429 [TCP segment of a reassembled PDU]"
"30378","32.576348373","192.168.1.55","192.168.1.2","TCP","1514","8004  >  36072 [ACK] Seq=50870 Ack=144 Win=65024 Len=1448 TSval=2916036657 TSecr=3045556429 [TCP segment of a reassembled PDU]"
"30379","32.576350095","192.168.1.55","192.168.1.2","TCP","1514","8004  >  36072 [ACK] Seq=52318 Ack=144 Win=65024 Len=1448 TSval=2916036657 TSecr=3045556429 [TCP segment of a reassembled PDU]"
"30380","32.576351817","192.168.1.55","192.168.1.2","TCP","1514","8004  >  36072 [ACK] Seq=53766 Ack=144 Win=65024 Len=1448 TSval=2916036657 TSecr=3045556429 [TCP segment of a reassembled PDU]"
"30381","32.576353243","192.168.1.55","192.168.1.2","TCP","1514","8004  >  36072 [ACK] Seq=55214 Ack=144 Win=65024 Len=1448 TSval=2916036657 TSecr=3045556429 [TCP segment of a reassembled PDU]"
"30382","32.576354558","192.168.1.55","192.168.1.2","TCP","1514","8004  >  36072 [ACK] Seq=56662 Ack=144 Win=65024 Len=1448 TSval=2916036657 TSecr=3045556429 [TCP segment of a reassembled PDU]"
"30383","32.576355966","192.168.1.55","192.168.1.2","TCP","1514","8004  >  36072 [ACK] Seq=58110 Ack=144 Win=65024 Len=1448 TSval=2916036657 TSecr=3045556429 [TCP segment of a reassembled PDU]"
"30384","32.576357317","192.168.1.55","192.168.1.2","TCP","1514","8004  >  36072 [ACK] Seq=59558 Ack=144 Win=65024 Len=1448 TSval=2916036657 TSecr=3045556429 [TCP segment of a reassembled PDU]"
"30385","32.576358929","192.168.1.55","192.168.1.2","TCP","1514","8004  >  36072 [ACK] Seq=61006 Ack=144 Win=65024 Len=1448 TSval=2916036657 TSecr=3045556429 [TCP segment of a reassembled PDU]"
"30386","32.576361243","192.168.1.55","192.168.1.2","TCP","1514","8004  >  36072 [ACK] Seq=62454 Ack=144 Win=65024 Len=1448 TSval=2916036657 TSecr=3045556429 [TCP segment of a reassembled PDU]"
"30387","32.576363095","192.168.1.55","192.168.1.2","TCP","1514","8004  >  36072 [PSH, ACK] Seq=63902 Ack=144 Win=65024 Len=1448 TSval=2916036657 TSecr=3045556429 [TCP segment of a reassembled PDU]"
"30388","32.576380410","192.168.1.2","192.168.1.55","TCP","66","36072  >  8004 [ACK] Seq=144 Ack=30598 Win=89088 Len=0 TSval=3045556430 TSecr=2916036652"
"30389","32.576417651","192.168.1.55","192.168.1.2","TCP","1514","8004  >  36072 [ACK] Seq=65350 Ack=144 Win=65024 Len=1448 TSval=2916036657 TSecr=3045556430 [TCP segment of a reassembled PDU]"
"30390","32.576420410","192.168.1.55","192.168.1.2","TCP","1514","8004  >  36072 [ACK] Seq=66798 Ack=144 Win=65024 Len=1448 TSval=2916036657 TSecr=3045556430 [TCP segment of a reassembled PDU]"
"30391","32.576421910","192.168.1.55","192.168.1.2","TCP","1514","8004  >  36072 [ACK] Seq=68246 Ack=144 Win=65024 Len=1448 TSval=2916036657 TSecr=3045556430 [TCP segment of a reassembled PDU]"
"30392","32.576423595","192.168.1.55","192.168.1.2","TCP","1514","8004  >  36072 [ACK] Seq=69694 Ack=144 Win=65024 Len=1448 TSval=2916036657 TSecr=3045556430 [TCP segment of a reassembled PDU]"
"30393","32.576425466","192.168.1.55","192.168.1.2","TCP","1514","8004  >  36072 [ACK] Seq=71142 Ack=144 Win=65024 Len=1448 TSval=2916036657 TSecr=3045556430 [TCP segment of a reassembled PDU]"
"30394","32.576427021","192.168.1.55","192.168.1.2","TCP","1514","8004  >  36072 [ACK] Seq=72590 Ack=144 Win=65024 Len=1448 TSval=2916036657 TSecr=3045556430 [TCP segment of a reassembled PDU]"
"30395","32.576428410","192.168.1.55","192.168.1.2","TCP","1514","8004  >  36072 [ACK] Seq=74038 Ack=144 Win=65024 Len=1448 TSval=2916036657 TSecr=3045556430 [TCP segment of a reassembled PDU]"
"30396","32.576429706","192.168.1.55","192.168.1.2","TCP","1514","8004  >  36072 [PSH, ACK] Seq=75486 Ack=144 Win=65024 Len=1448 TSval=2916036657 TSecr=3045556430 [TCP segment of a reassembled PDU]"
"30397","32.576437577","192.168.1.2","192.168.1.55","TCP","66","36072  >  8004 [ACK] Seq=144 Ack=37838 Win=81920 Len=0 TSval=3045556430 TSecr=2916036652"
"30398","32.576442262","192.168.1.2","192.168.1.55","TCP","66","36072  >  8004 [ACK] Seq=144 Ack=39286 Win=90112 Len=0 TSval=3045556431 TSecr=2916036652"
"30399","32.579130877","192.168.1.2","192.168.1.55","TCP","66","36072  >  8004 [ACK] Seq=144 Ack=42182 Win=90112 Len=0 TSval=3045556432 TSecr=2916036652"
"30400","32.579199878","192.168.1.55","192.168.1.2","TCP","1514","8004  >  36072 [ACK] Seq=76934 Ack=144 Win=65024 Len=1448 TSval=2916036659 TSecr=3045556432 [TCP segment of a reassembled PDU]"
"30401","32.579206618","192.168.1.55","192.168.1.2","TCP","1514","8004  >  36072 [ACK] Seq=78382 Ack=144 Win=65024 Len=1448 TSval=2916036659 TSecr=3045556432 [TCP segment of a reassembled PDU]"
"30402","32.579209266","192.168.1.55","192.168.1.2","TCP","1514","8004  >  36072 [ACK] Seq=79830 Ack=144 Win=65024 Len=1448 TSval=2916036659 TSecr=3045556432 [TCP segment of a reassembled PDU]"
"30403","32.579210674","192.168.1.55","192.168.1.2","TCP","1514","8004  >  36072 [ACK] Seq=81278 Ack=144 Win=65024 Len=1448 TSval=2916036659 TSecr=3045556432 [TCP segment of a reassembled PDU]"
"30404","32.579212415","192.168.1.55","192.168.1.2","TCP","1514","8004  >  36072 [ACK] Seq=82726 Ack=144 Win=65024 Len=1448 TSval=2916036659 TSecr=3045556432 [TCP segment of a reassembled PDU]"
"30405","32.579213766","192.168.1.55","192.168.1.2","TCP","1514","8004  >  36072 [ACK] Seq=84174 Ack=144 Win=65024 Len=1448 TSval=2916036659 TSecr=3045556432 [TCP segment of a reassembled PDU]"
"30406","32.579214989","192.168.1.55","192.168.1.2","TCP","1514","8004  >  36072 [ACK] Seq=85622 Ack=144 Win=65024 Len=1448 TSval=2916036659 TSecr=3045556432 [TCP segment of a reassembled PDU]"
"30407","32.579216433","192.168.1.55","192.168.1.2","TCP","1514","8004  >  36072 [ACK] Seq=87070 Ack=144 Win=65024 Len=1448 TSval=2916036659 TSecr=3045556432 [TCP segment of a reassembled PDU]"
"30408","32.579218618","192.168.1.55","192.168.1.2","TCP","1514","8004  >  36072 [ACK] Seq=88518 Ack=144 Win=65024 Len=1448 TSval=2916036659 TSecr=3045556432 [TCP segment of a reassembled PDU]"
"30409","32.579220489","192.168.1.55","192.168.1.2","TCP","1514","8004  >  36072 [ACK] Seq=89966 Ack=144 Win=65024 Len=1448 TSval=2916036659 TSecr=3045556432 [TCP segment of a reassembled PDU]"
"30410","32.579221841","192.168.1.55","192.168.1.2","TCP","1514","8004  >  36072 [ACK] Seq=91414 Ack=144 Win=65024 Len=1448 TSval=2916036659 TSecr=3045556432 [TCP segment of a reassembled PDU]"
"30411","32.579223044","192.168.1.55","192.168.1.2","TCP","1514","8004  >  36072 [ACK] Seq=92862 Ack=144 Win=65024 Len=1448 TSval=2916036659 TSecr=3045556432 [TCP segment of a reassembled PDU]"
"30412","32.579224526","192.168.1.55","192.168.1.2","TCP","1514","8004  >  36072 [ACK] Seq=94310 Ack=144 Win=65024 Len=1448 TSval=2916036659 TSecr=3045556432 [TCP segment of a reassembled PDU]"
"30413","32.579226600","192.168.1.55","192.168.1.2","TCP","1514","8004  >  36072 [ACK] Seq=95758 Ack=144 Win=65024 Len=1448 TSval=2916036659 TSecr=3045556432 [TCP segment of a reassembled PDU]"
"30414","32.579228341","192.168.1.55","192.168.1.2","TCP","1514","8004  >  36072 [ACK] Seq=97206 Ack=144 Win=65024 Len=1448 TSval=2916036659 TSecr=3045556432 [TCP segment of a reassembled PDU]"
"30415","32.579229896","192.168.1.55","192.168.1.2","TCP","1514","8004  >  36072 [PSH, ACK] Seq=98654 Ack=144 Win=65024 Len=1448 TSval=2916036659 TSecr=3045556432 [TCP segment of a reassembled PDU]"
"30416","32.582466938","192.168.1.2","192.168.1.55","TCP","66","36072  >  8004 [ACK] Seq=144 Ack=45078 Win=88064 Len=0 TSval=3045556435 TSecr=2916036656"
"30417","32.582484235","192.168.1.55","192.168.1.2","TCP","1514","8004  >  36072 [ACK] Seq=100102 Ack=144 Win=65024 Len=1448 TSval=2916036663 TSecr=3045556435 [TCP segment of a reassembled PDU]"
"30418","32.582486920","192.168.1.55","192.168.1.2","TCP","1514","8004  >  36072 [ACK] Seq=101550 Ack=144 Win=65024 Len=1448 TSval=2916036663 TSecr=3045556435 [TCP segment of a reassembled PDU]"
"30419","32.582487975","192.168.1.55","192.168.1.2","TCP","1514","8004  >  36072 [ACK] Seq=102998 Ack=144 Win=65024 Len=1448 TSval=2916036663 TSecr=3045556435 [TCP segment of a reassembled PDU]"
"30420","32.582489086","192.168.1.55","192.168.1.2","TCP","1514","8004  >  36072 [PSH, ACK] Seq=104446 Ack=144 Win=65024 Len=1448 TSval=2916036663 TSecr=3045556435 [TCP segment of a reassembled PDU]"
"30421","32.582751254","192.168.1.2","192.168.1.55","TCP","66","36072  >  8004 [ACK] Seq=144 Ack=65350 Win=73728 Len=0 TSval=3045556435 TSecr=2916036657"
"30422","32.582768309","192.168.1.55","192.168.1.2","TCP","1514","8004  >  36072 [ACK] Seq=105894 Ack=144 Win=65024 Len=1448 TSval=2916036663 TSecr=3045556435 [TCP segment of a reassembled PDU]"
"30423","32.582770272","192.168.1.55","192.168.1.2","TCP","1514","8004  >  36072 [ACK] Seq=107342 Ack=144 Win=65024 Len=1448 TSval=2916036663 TSecr=3045556435 [TCP segment of a reassembled PDU]"
"30424","32.582771402","192.168.1.55","192.168.1.2","TCP","1514","8004  >  36072 [ACK] Seq=108790 Ack=144 Win=65024 Len=1448 TSval=2916036663 TSecr=3045556435 [TCP segment of a reassembled PDU]"
"30425","32.582772439","192.168.1.55","192.168.1.2","TCP","1514","8004  >  36072 [ACK] Seq=110238 Ack=144 Win=65024 Len=1448 TSval=2916036663 TSecr=3045556435 [TCP segment of a reassembled PDU]"
"30426","32.582773494","192.168.1.55","192.168.1.2","TCP","1514","8004  >  36072 [ACK] Seq=111686 Ack=144 Win=65024 Len=1448 TSval=2916036663 TSecr=3045556435 [TCP segment of a reassembled PDU]"
"30427","32.582774772","192.168.1.55","192.168.1.2","TCP","1514","8004  >  36072 [ACK] Seq=113134 Ack=144 Win=65024 Len=1448 TSval=2916036663 TSecr=3045556435 [TCP segment of a reassembled PDU]"
"30428","32.582775754","192.168.1.55","192.168.1.2","TCP","1514","8004  >  36072 [ACK] Seq=114582 Ack=144 Win=65024 Len=1448 TSval=2916036663 TSecr=3045556435 [TCP segment of a reassembled PDU]"
"30429","32.582776809","192.168.1.55","192.168.1.2","TCP","1514","8004  >  36072 [ACK] Seq=116030 Ack=144 Win=65024 Len=1448 TSval=2916036663 TSecr=3045556435 [TCP segment of a reassembled PDU]"
"30430","32.582777865","192.168.1.55","192.168.1.2","TCP","1514","8004  >  36072 [ACK] Seq=117478 Ack=144 Win=65024 Len=1448 TSval=2916036663 TSecr=3045556435 [TCP segment of a reassembled PDU]"
"30431","32.582778920","192.168.1.55","192.168.1.2","TCP","1514","8004  >  36072 [ACK] Seq=118926 Ack=144 Win=65024 Len=1448 TSval=2916036663 TSecr=3045556435 [TCP segment of a reassembled PDU]"
"30432","32.582780068","192.168.1.55","192.168.1.2","TCP","1514","8004  >  36072 [PSH, ACK] Seq=120374 Ack=144 Win=65024 Len=1448 TSval=2916036663 TSecr=3045556435 [TCP segment of a reassembled PDU]"
"30433","32.582785642","192.168.1.2","192.168.1.55","TCP","66","36072  >  8004 [ACK] Seq=144 Ack=68246 Win=71680 Len=0 TSval=3045556435 TSecr=2916036657"
"30434","32.584155534","192.168.1.2","192.168.1.55","TCP","66","36072  >  8004 [ACK] Seq=144 Ack=76934 Win=80896 Len=0 TSval=3045556438 TSecr=2916036657"
"30435","32.584196089","192.168.1.55","192.168.1.2","TCP","1514","8004  >  36072 [ACK] Seq=121822 Ack=144 Win=65024 Len=1448 TSval=2916036664 TSecr=3045556438 [TCP segment of a reassembled PDU]"
"30436","32.584199404","192.168.1.55","192.168.1.2","TCP","1514","8004  >  36072 [ACK] Seq=123270 Ack=144 Win=65024 Len=1448 TSval=2916036664 TSecr=3045556438 [TCP segment of a reassembled PDU]"
"30437","32.584200663","192.168.1.55","192.168.1.2","TCP","1514","8004  >  36072 [ACK] Seq=124718 Ack=144 Win=65024 Len=1448 TSval=2916036664 TSecr=3045556438 [TCP segment of a reassembled PDU]"
"30438","32.584201848","192.168.1.55","192.168.1.2","TCP","1514","8004  >  36072 [ACK] Seq=126166 Ack=144 Win=65024 Len=1448 TSval=2916036664 TSecr=3045556438 [TCP segment of a reassembled PDU]"
"30439","32.584203126","192.168.1.55","192.168.1.2","TCP","1514","8004  >  36072 [ACK] Seq=127614 Ack=144 Win=65024 Len=1448 TSval=2916036664 TSecr=3045556438 [TCP segment of a reassembled PDU]"
"30440","32.584204404","192.168.1.55","192.168.1.2","TCP","1514","8004  >  36072 [ACK] Seq=129062 Ack=144 Win=65024 Len=1448 TSval=2916036664 TSecr=3045556438 [TCP segment of a reassembled PDU]"
"30441","32.584205793","192.168.1.55","192.168.1.2","TCP","1514","8004  >  36072 [ACK] Seq=130510 Ack=144 Win=65024 Len=1448 TSval=2916036664 TSecr=3045556438 [TCP segment of a reassembled PDU]"
"30442","32.584207015","192.168.1.55","192.168.1.2","TCP","1514","8004  >  36072 [ACK] Seq=131958 Ack=144 Win=65024 Len=1448 TSval=2916036664 TSecr=3045556438 [TCP segment of a reassembled PDU]"
"30443","32.584208034","192.168.1.55","192.168.1.2","TCP","1514","8004  >  36072 [ACK] Seq=133406 Ack=144 Win=65024 Len=1448 TSval=2916036664 TSecr=3045556438 [TCP segment of a reassembled PDU]"
"30444","32.584209219","192.168.1.55","192.168.1.2","TCP","1514","8004  >  36072 [ACK] Seq=134854 Ack=144 Win=65024 Len=1448 TSval=2916036664 TSecr=3045556438 [TCP segment of a reassembled PDU]"
"30445","32.584210293","192.168.1.55","192.168.1.2","TCP","1514","8004  >  36072 [ACK] Seq=136302 Ack=144 Win=65024 Len=1448 TSval=2916036664 TSecr=3045556438 [TCP segment of a reassembled PDU]"
"30446","32.584212108","192.168.1.55","192.168.1.2","TCP","1514","8004  >  36072 [ACK] Seq=137750 Ack=144 Win=65024 Len=1448 TSval=2916036664 TSecr=3045556438 [TCP segment of a reassembled PDU]"
"30447","32.584213256","192.168.1.55","192.168.1.2","TCP","1514","8004  >  36072 [ACK] Seq=139198 Ack=144 Win=65024 Len=1448 TSval=2916036664 TSecr=3045556438 [TCP segment of a reassembled PDU]"
"30448","32.584214682","192.168.1.55","192.168.1.2","TCP","1514","8004  >  36072 [ACK] Seq=140646 Ack=144 Win=65024 Len=1448 TSval=2916036664 TSecr=3045556438 [TCP segment of a reassembled PDU]"
"30449","32.584215830","192.168.1.55","192.168.1.2","TCP","1514","8004  >  36072 [ACK] Seq=142094 Ack=144 Win=65024 Len=1448 TSval=2916036664 TSecr=3045556438 [TCP segment of a reassembled PDU]"
"30450","32.584216960","192.168.1.55","192.168.1.2","TCP","1514","8004  >  36072 [ACK] Seq=143542 Ack=144 Win=65024 Len=1448 TSval=2916036664 TSecr=3045556438 [TCP segment of a reassembled PDU]"
"30451","32.584218552","192.168.1.55","192.168.1.2","TCP","1514","8004  >  36072 [ACK] Seq=144990 Ack=144 Win=65024 Len=1448 TSval=2916036664 TSecr=3045556438 [TCP segment of a reassembled PDU]"
"30452","32.584220441","192.168.1.55","192.168.1.2","TCP","1514","8004  >  36072 [ACK] Seq=146438 Ack=144 Win=65024 Len=1448 TSval=2916036664 TSecr=3045556438 [TCP segment of a reassembled PDU]"
"30453","32.584221978","192.168.1.55","192.168.1.2","TCP","1514","8004  >  36072 [ACK] Seq=147886 Ack=144 Win=65024 Len=1448 TSval=2916036664 TSecr=3045556438 [TCP segment of a reassembled PDU]"
"30454","32.584223774","192.168.1.55","192.168.1.2","TCP","1514","8004  >  36072 [ACK] Seq=149334 Ack=144 Win=65024 Len=1448 TSval=2916036664 TSecr=3045556438 [TCP segment of a reassembled PDU]"
"30455","32.584225534","192.168.1.55","192.168.1.2","TCP","1514","8004  >  36072 [ACK] Seq=150782 Ack=144 Win=65024 Len=1448 TSval=2916036664 TSecr=3045556438 [TCP segment of a reassembled PDU]"
"30456","32.584226978","192.168.1.55","192.168.1.2","TCP","1514","8004  >  36072 [ACK] Seq=152230 Ack=144 Win=65024 Len=1448 TSval=2916036664 TSecr=3045556438 [TCP segment of a reassembled PDU]"
"30457","32.584229719","192.168.1.55","192.168.1.2","TCP","1514","8004  >  36072 [ACK] Seq=153678 Ack=144 Win=65024 Len=1448 TSval=2916036664 TSecr=3045556438 [TCP segment of a reassembled PDU]"
"30458","32.584231237","192.168.1.55","192.168.1.2","TCP","1514","8004  >  36072 [ACK] Seq=155126 Ack=144 Win=65024 Len=1448 TSval=2916036664 TSecr=3045556438 [TCP segment of a reassembled PDU]"
"30459","32.584232293","192.168.1.55","192.168.1.2","TCP","1322","[TCP Window Full] 8004  >  36072 [PSH, ACK] Seq=156574 Ack=144 Win=65024 Len=1256 TSval=2916036664 TSecr=3045556438 [TCP segment of a reassembled PDU]"
"30460","32.586552241","192.168.1.2","192.168.1.55","TCP","66","36072  >  8004 [ACK] Seq=144 Ack=100102 Win=71680 Len=0 TSval=3045556438 TSecr=2916036659"
"30461","32.586590389","192.168.1.55","192.168.1.2","TCP","1514","8004  >  36072 [ACK] Seq=157830 Ack=144 Win=65024 Len=1448 TSval=2916036667 TSecr=3045556438 [TCP segment of a reassembled PDU]"
"30462","32.586594686","192.168.1.55","192.168.1.2","TCP","1514","8004  >  36072 [ACK] Seq=159278 Ack=144 Win=65024 Len=1448 TSval=2916036667 TSecr=3045556438 [TCP segment of a reassembled PDU]"
"30463","32.586595963","192.168.1.55","192.168.1.2","TCP","1514","8004  >  36072 [ACK] Seq=160726 Ack=144 Win=65024 Len=1448 TSval=2916036667 TSecr=3045556438 [TCP segment of a reassembled PDU]"
"30464","32.586597000","192.168.1.55","192.168.1.2","TCP","1514","8004  >  36072 [ACK] Seq=162174 Ack=144 Win=65024 Len=1448 TSval=2916036667 TSecr=3045556438 [TCP segment of a reassembled PDU]"
"30465","32.586598111","192.168.1.55","192.168.1.2","TCP","1514","8004  >  36072 [ACK] Seq=163622 Ack=144 Win=65024 Len=1448 TSval=2916036667 TSecr=3045556438 [TCP segment of a reassembled PDU]"
"30466","32.586599130","192.168.1.55","192.168.1.2","TCP","1514","8004  >  36072 [PSH, ACK] Seq=165070 Ack=144 Win=65024 Len=1448 TSval=2916036667 TSecr=3045556438 [TCP segment of a reassembled PDU]"
"30467","32.586605371","192.168.1.55","192.168.1.2","TCP","258","8004  >  36072 [ACK] Seq=166518 Ack=144 Win=65024 Len=192 TSval=2916036667 TSecr=3045556438 [TCP segment of a reassembled PDU]"
"30468","32.586630260","192.168.1.2","192.168.1.55","TCP","66","36072  >  8004 [ACK] Seq=144 Ack=102998 Win=93184 Len=0 TSval=3045556439 TSecr=2916036663"
"30469","32.590189154","192.168.1.2","192.168.1.55","TCP","66","36072  >  8004 [ACK] Seq=144 Ack=105894 Win=99328 Len=0 TSval=3045556441 TSecr=2916036663"
"30470","32.590267432","192.168.1.55","192.168.1.2","TCP","1514","8004  >  36072 [ACK] Seq=166710 Ack=144 Win=65024 Len=1448 TSval=2916036670 TSecr=3045556441 [TCP segment of a reassembled PDU]"
"30471","32.590271414","192.168.1.55","192.168.1.2","TCP","1514","8004  >  36072 [ACK] Seq=168158 Ack=144 Win=65024 Len=1448 TSval=2916036670 TSecr=3045556441 [TCP segment of a reassembled PDU]"
"30472","32.590272432","192.168.1.55","192.168.1.2","TCP","1514","8004  >  36072 [ACK] Seq=169606 Ack=144 Win=65024 Len=1448 TSval=2916036670 TSecr=3045556441 [TCP segment of a reassembled PDU]"
"30473","32.590273710","192.168.1.55","192.168.1.2","TCP","1514","8004  >  36072 [ACK] Seq=171054 Ack=144 Win=65024 Len=1448 TSval=2916036670 TSecr=3045556441 [TCP segment of a reassembled PDU]"
"30474","32.590274895","192.168.1.55","192.168.1.2","TCP","1514","8004  >  36072 [ACK] Seq=172502 Ack=144 Win=65024 Len=1448 TSval=2916036670 TSecr=3045556441 [TCP segment of a reassembled PDU]"
"30475","32.590276284","192.168.1.55","192.168.1.2","TCP","1514","8004  >  36072 [ACK] Seq=173950 Ack=144 Win=65024 Len=1448 TSval=2916036670 TSecr=3045556441 [TCP segment of a reassembled PDU]"
"30476","32.590277728","192.168.1.55","192.168.1.2","TCP","1514","8004  >  36072 [ACK] Seq=175398 Ack=144 Win=65024 Len=1448 TSval=2916036670 TSecr=3045556441 [TCP segment of a reassembled PDU]"
"30477","32.590278969","192.168.1.55","192.168.1.2","TCP","1514","8004  >  36072 [ACK] Seq=176846 Ack=144 Win=65024 Len=1448 TSval=2916036670 TSecr=3045556441 [TCP segment of a reassembled PDU]"
"30478","32.590280395","192.168.1.55","192.168.1.2","TCP","1514","8004  >  36072 [ACK] Seq=178294 Ack=144 Win=65024 Len=1448 TSval=2916036670 TSecr=3045556441 [TCP segment of a reassembled PDU]"
"30479","32.590282043","192.168.1.55","192.168.1.2","TCP","1514","8004  >  36072 [ACK] Seq=179742 Ack=144 Win=65024 Len=1448 TSval=2916036670 TSecr=3045556441 [TCP segment of a reassembled PDU]"
"30480","32.590283691","192.168.1.55","192.168.1.2","TCP","1514","8004  >  36072 [ACK] Seq=181190 Ack=144 Win=65024 Len=1448 TSval=2916036670 TSecr=3045556441 [TCP segment of a reassembled PDU]"
"30481","32.590284821","192.168.1.55","192.168.1.2","TCP","1514","8004  >  36072 [ACK] Seq=182638 Ack=144 Win=65024 Len=1448 TSval=2916036670 TSecr=3045556441 [TCP segment of a reassembled PDU]"
"30482","32.590286358","192.168.1.55","192.168.1.2","TCP","1514","8004  >  36072 [ACK] Seq=184086 Ack=144 Win=65024 Len=1448 TSval=2916036670 TSecr=3045556441 [TCP segment of a reassembled PDU]"
"30483","32.590287451","192.168.1.55","192.168.1.2","TCP","1514","8004  >  36072 [ACK] Seq=185534 Ack=144 Win=65024 Len=1448 TSval=2916036670 TSecr=3045556441 [TCP segment of a reassembled PDU]"
"30484","32.590288451","192.168.1.55","192.168.1.2","TCP","1514","8004  >  36072 [ACK] Seq=186982 Ack=144 Win=65024 Len=1448 TSval=2916036670 TSecr=3045556441 [TCP segment of a reassembled PDU]"
"30485","32.590289451","192.168.1.55","192.168.1.2","TCP","1514","8004  >  36072 [ACK] Seq=188430 Ack=144 Win=65024 Len=1448 TSval=2916036670 TSecr=3045556441 [TCP segment of a reassembled PDU]"
"30486","32.590291117","192.168.1.55","192.168.1.2","TCP","1514","8004  >  36072 [ACK] Seq=189878 Ack=144 Win=65024 Len=1448 TSval=2916036670 TSecr=3045556441 [TCP segment of a reassembled PDU]"
"30487","32.590304525","192.168.1.55","192.168.1.2","TCP","1514","8004  >  36072 [ACK] Seq=191326 Ack=144 Win=65024 Len=1448 TSval=2916036670 TSecr=3045556441 [TCP segment of a reassembled PDU]"
"30488","32.590305821","192.168.1.55","192.168.1.2","TCP","1514","8004  >  36072 [ACK] Seq=192774 Ack=144 Win=65024 Len=1448 TSval=2916036670 TSecr=3045556441 [TCP segment of a reassembled PDU]"
"30489","32.590308358","192.168.1.55","192.168.1.2","TCP","1514","8004  >  36072 [ACK] Seq=194222 Ack=144 Win=65024 Len=1448 TSval=2916036670 TSecr=3045556441 [TCP segment of a reassembled PDU]"
"30490","32.590310580","192.168.1.55","192.168.1.2","TCP","1514","8004  >  36072 [ACK] Seq=195670 Ack=144 Win=65024 Len=1448 TSval=2916036670 TSecr=3045556441 [TCP segment of a reassembled PDU]"
"30491","32.590312006","192.168.1.55","192.168.1.2","TCP","1514","8004  >  36072 [ACK] Seq=197118 Ack=144 Win=65024 Len=1448 TSval=2916036670 TSecr=3045556441 [TCP segment of a reassembled PDU]"
"30492","32.590313395","192.168.1.55","192.168.1.2","TCP","1514","8004  >  36072 [ACK] Seq=198566 Ack=144 Win=65024 Len=1448 TSval=2916036670 TSecr=3045556441 [TCP segment of a reassembled PDU]"
"30493","32.590314784","192.168.1.55","192.168.1.2","TCP","1514","8004  >  36072 [ACK] Seq=200014 Ack=144 Win=65024 Len=1448 TSval=2916036670 TSecr=3045556441 [TCP segment of a reassembled PDU]"
"30494","32.590316858","192.168.1.55","192.168.1.2","TCP","1514","8004  >  36072 [ACK] Seq=201462 Ack=144 Win=65024 Len=1448 TSval=2916036670 TSecr=3045556441 [TCP segment of a reassembled PDU]"
"30495","32.590318062","192.168.1.55","192.168.1.2","TCP","1514","8004  >  36072 [PSH, ACK] Seq=202910 Ack=144 Win=65024 Len=1448 TSval=2916036670 TSecr=3045556441 [TCP segment of a reassembled PDU]"
"30496","32.590347691","192.168.1.2","192.168.1.55","TCP","66","36072  >  8004 [ACK] Seq=144 Ack=111686 Win=99328 Len=0 TSval=3045556441 TSecr=2916036663"
"30497","32.593717438","192.168.1.2","192.168.1.55","TCP","66","36072  >  8004 [ACK] Seq=144 Ack=121822 Win=101376 Len=0 TSval=3045556444 TSecr=2916036663"
"30498","32.593737289","192.168.1.55","192.168.1.2","TCP","1514","8004  >  36072 [ACK] Seq=204358 Ack=144 Win=65024 Len=1448 TSval=2916036674 TSecr=3045556444 [TCP segment of a reassembled PDU]"
"30499","32.593740197","192.168.1.55","192.168.1.2","TCP","1514","8004  >  36072 [ACK] Seq=205806 Ack=144 Win=65024 Len=1448 TSval=2916036674 TSecr=3045556444 [TCP segment of a reassembled PDU]"
"30500","32.593741289","192.168.1.55","192.168.1.2","TCP","1514","8004  >  36072 [ACK] Seq=207254 Ack=144 Win=65024 Len=1448 TSval=2916036674 TSecr=3045556444 [TCP segment of a reassembled PDU]"
"30501","32.593742271","192.168.1.55","192.168.1.2","TCP","1514","8004  >  36072 [ACK] Seq=208702 Ack=144 Win=65024 Len=1448 TSval=2916036674 TSecr=3045556444 [TCP segment of a reassembled PDU]"
"30502","32.593743215","192.168.1.55","192.168.1.2","TCP","1514","8004  >  36072 [PSH, ACK] Seq=210150 Ack=144 Win=65024 Len=1448 TSval=2916036674 TSecr=3045556444 [TCP segment of a reassembled PDU]"
"30503","32.594032308","192.168.1.2","192.168.1.55","TCP","66","36072  >  8004 [ACK] Seq=144 Ack=156574 Win=80896 Len=0 TSval=3045556445 TSecr=2916036664"
"30504","32.594040697","192.168.1.2","192.168.1.55","TCP","66","36072  >  8004 [ACK] Seq=144 Ack=157830 Win=104448 Len=0 TSval=3045556446 TSecr=2916036664"
"30505","32.594075716","192.168.1.55","192.168.1.2","TCP","1514","8004  >  36072 [ACK] Seq=211598 Ack=144 Win=65024 Len=1448 TSval=2916036674 TSecr=3045556446 [TCP segment of a reassembled PDU]"
"30506","32.594077864","192.168.1.55","192.168.1.2","TCP","1514","8004  >  36072 [ACK] Seq=213046 Ack=144 Win=65024 Len=1448 TSval=2916036674 TSecr=3045556446 [TCP segment of a reassembled PDU]"
"30507","32.594078790","192.168.1.55","192.168.1.2","TCP","1514","8004  >  36072 [ACK] Seq=214494 Ack=144 Win=65024 Len=1448 TSval=2916036674 TSecr=3045556446 [TCP segment of a reassembled PDU]"
"30508","32.594079920","192.168.1.55","192.168.1.2","TCP","1514","8004  >  36072 [ACK] Seq=215942 Ack=144 Win=65024 Len=1448 TSval=2916036674 TSecr=3045556446 [TCP segment of a reassembled PDU]"
"30509","32.594081012","192.168.1.55","192.168.1.2","TCP","1514","8004  >  36072 [ACK] Seq=217390 Ack=144 Win=65024 Len=1448 TSval=2916036674 TSecr=3045556446 [TCP segment of a reassembled PDU]"
"30510","32.594082160","192.168.1.55","192.168.1.2","TCP","1514","8004  >  36072 [ACK] Seq=218838 Ack=144 Win=65024 Len=1448 TSval=2916036674 TSecr=3045556446 [TCP segment of a reassembled PDU]"
"30511","32.594083105","192.168.1.55","192.168.1.2","TCP","1514","8004  >  36072 [ACK] Seq=220286 Ack=144 Win=65024 Len=1448 TSval=2916036674 TSecr=3045556446 [TCP segment of a reassembled PDU]"
"30512","32.594084642","192.168.1.55","192.168.1.2","TCP","1514","8004  >  36072 [ACK] Seq=221734 Ack=144 Win=65024 Len=1448 TSval=2916036674 TSecr=3045556446 [TCP segment of a reassembled PDU]"
"30513","32.594085901","192.168.1.55","192.168.1.2","TCP","1514","8004  >  36072 [ACK] Seq=223182 Ack=144 Win=65024 Len=1448 TSval=2916036674 TSecr=3045556446 [TCP segment of a reassembled PDU]"
"30514","32.594086901","192.168.1.55","192.168.1.2","TCP","1514","8004  >  36072 [ACK] Seq=224630 Ack=144 Win=65024 Len=1448 TSval=2916036674 TSecr=3045556446 [TCP segment of a reassembled PDU]"
"30515","32.594087957","192.168.1.55","192.168.1.2","TCP","1514","8004  >  36072 [ACK] Seq=226078 Ack=144 Win=65024 Len=1448 TSval=2916036674 TSecr=3045556446 [TCP segment of a reassembled PDU]"
"30516","32.594089012","192.168.1.55","192.168.1.2","TCP","1514","8004  >  36072 [ACK] Seq=227526 Ack=144 Win=65024 Len=1448 TSval=2916036674 TSecr=3045556446 [TCP segment of a reassembled PDU]"
"30517","32.594090216","192.168.1.55","192.168.1.2","TCP","1514","8004  >  36072 [ACK] Seq=228974 Ack=144 Win=65024 Len=1448 TSval=2916036674 TSecr=3045556446 [TCP segment of a reassembled PDU]"
"30518","32.594091271","192.168.1.55","192.168.1.2","TCP","1514","8004  >  36072 [ACK] Seq=230422 Ack=144 Win=65024 Len=1448 TSval=2916036674 TSecr=3045556446 [TCP segment of a reassembled PDU]"
"30519","32.594092420","192.168.1.55","192.168.1.2","TCP","1514","8004  >  36072 [ACK] Seq=231870 Ack=144 Win=65024 Len=1448 TSval=2916036674 TSecr=3045556446 [TCP segment of a reassembled PDU]"
"30520","32.594093660","192.168.1.55","192.168.1.2","TCP","1514","8004  >  36072 [ACK] Seq=233318 Ack=144 Win=65024 Len=1448 TSval=2916036674 TSecr=3045556446 [TCP segment of a reassembled PDU]"
"30521","32.594094864","192.168.1.55","192.168.1.2","TCP","1514","8004  >  36072 [ACK] Seq=234766 Ack=144 Win=65024 Len=1448 TSval=2916036674 TSecr=3045556446 [TCP segment of a reassembled PDU]"
"30522","32.594095790","192.168.1.55","192.168.1.2","TCP","1514","8004  >  36072 [ACK] Seq=236214 Ack=144 Win=65024 Len=1448 TSval=2916036674 TSecr=3045556446 [TCP segment of a reassembled PDU]"
"30523","32.594096883","192.168.1.55","192.168.1.2","TCP","1514","8004  >  36072 [ACK] Seq=237662 Ack=144 Win=65024 Len=1448 TSval=2916036674 TSecr=3045556446 [TCP segment of a reassembled PDU]"
"30524","32.594097864","192.168.1.55","192.168.1.2","TCP","1514","8004  >  36072 [ACK] Seq=239110 Ack=144 Win=65024 Len=1448 TSval=2916036674 TSecr=3045556446 [TCP segment of a reassembled PDU]"
"30525","32.594098846","192.168.1.55","192.168.1.2","TCP","1514","8004  >  36072 [ACK] Seq=240558 Ack=144 Win=65024 Len=1448 TSval=2916036674 TSecr=3045556446 [TCP segment of a reassembled PDU]"
"30526","32.594100012","192.168.1.55","192.168.1.2","TCP","1514","8004  >  36072 [ACK] Seq=242006 Ack=144 Win=65024 Len=1448 TSval=2916036674 TSecr=3045556446 [TCP segment of a reassembled PDU]"
"30527","32.594100975","192.168.1.55","192.168.1.2","TCP","1514","8004  >  36072 [ACK] Seq=243454 Ack=144 Win=65024 Len=1448 TSval=2916036674 TSecr=3045556446 [TCP segment of a reassembled PDU]"
"30528","32.594102271","192.168.1.55","192.168.1.2","TCP","1514","8004  >  36072 [ACK] Seq=244902 Ack=144 Win=65024 Len=1448 TSval=2916036674 TSecr=3045556446 [TCP segment of a reassembled PDU]"
"30529","32.594103271","192.168.1.55","192.168.1.2","TCP","1514","8004  >  36072 [ACK] Seq=246350 Ack=144 Win=65024 Len=1448 TSval=2916036674 TSecr=3045556446 [TCP segment of a reassembled PDU]"
"30530","32.594104549","192.168.1.55","192.168.1.2","TCP","1514","8004  >  36072 [ACK] Seq=247798 Ack=144 Win=65024 Len=1448 TSval=2916036674 TSecr=3045556446 [TCP segment of a reassembled PDU]"
"30531","32.594105809","192.168.1.55","192.168.1.2","TCP","1514","8004  >  36072 [ACK] Seq=249246 Ack=144 Win=65024 Len=1448 TSval=2916036674 TSecr=3045556446 [TCP segment of a reassembled PDU]"
"30532","32.594107327","192.168.1.55","192.168.1.2","TCP","1514","8004  >  36072 [ACK] Seq=250694 Ack=144 Win=65024 Len=1448 TSval=2916036674 TSecr=3045556446 [TCP segment of a reassembled PDU]"
"30533","32.594108920","192.168.1.55","192.168.1.2","TCP","1514","8004  >  36072 [ACK] Seq=252142 Ack=144 Win=65024 Len=1448 TSval=2916036674 TSecr=3045556446 [TCP segment of a reassembled PDU]"
"30534","32.594109920","192.168.1.55","192.168.1.2","TCP","1514","8004  >  36072 [ACK] Seq=253590 Ack=144 Win=65024 Len=1448 TSval=2916036674 TSecr=3045556446 [TCP segment of a reassembled PDU]"
"30535","32.594111031","192.168.1.55","192.168.1.2","TCP","1514","8004  >  36072 [PSH, ACK] Seq=255038 Ack=144 Win=65024 Len=1448 TSval=2916036674 TSecr=3045556446 [TCP segment of a reassembled PDU]"
"30536","32.594115327","192.168.1.2","192.168.1.55","TCP","66","36072  >  8004 [ACK] Seq=144 Ack=159278 Win=107520 Len=0 TSval=3045556446 TSecr=2916036667"
"30537","32.597420536","192.168.1.2","192.168.1.55","TCP","66","36072  >  8004 [ACK] Seq=144 Ack=201462 Win=70656 Len=0 TSval=3045556449 TSecr=2916036667"
"30538","32.597446925","192.168.1.55","192.168.1.2","TCP","1514","8004  >  36072 [ACK] Seq=256486 Ack=144 Win=65024 Len=1448 TSval=2916036678 TSecr=3045556449 [TCP segment of a reassembled PDU]"
"30539","32.597449369","192.168.1.55","192.168.1.2","TCP","1514","8004  >  36072 [ACK] Seq=257934 Ack=144 Win=65024 Len=1448 TSval=2916036678 TSecr=3045556449 [TCP segment of a reassembled PDU]"
"30540","32.597450388","192.168.1.55","192.168.1.2","TCP","1514","8004  >  36072 [ACK] Seq=259382 Ack=144 Win=65024 Len=1448 TSval=2916036678 TSecr=3045556449 [TCP segment of a reassembled PDU]"
"30541","32.597451295","192.168.1.55","192.168.1.2","TCP","1514","8004  >  36072 [ACK] Seq=260830 Ack=144 Win=65024 Len=1448 TSval=2916036678 TSecr=3045556449 [TCP segment of a reassembled PDU]"
"30542","32.597452406","192.168.1.55","192.168.1.2","TCP","1514","8004  >  36072 [ACK] Seq=262278 Ack=144 Win=65024 Len=1448 TSval=2916036678 TSecr=3045556449 [TCP segment of a reassembled PDU]"
"30543","32.597453388","192.168.1.55","192.168.1.2","TCP","1514","8004  >  36072 [ACK] Seq=263726 Ack=144 Win=65024 Len=1448 TSval=2916036678 TSecr=3045556449 [TCP segment of a reassembled PDU]"
"30544","32.597454499","192.168.1.55","192.168.1.2","TCP","1514","8004  >  36072 [ACK] Seq=265174 Ack=144 Win=65024 Len=1448 TSval=2916036678 TSecr=3045556449 [TCP segment of a reassembled PDU]"
"30545","32.597461295","192.168.1.55","192.168.1.2","TCP","1514","8004  >  36072 [ACK] Seq=266622 Ack=144 Win=65024 Len=1448 TSval=2916036678 TSecr=3045556449 [TCP segment of a reassembled PDU]"
"30546","32.597462555","192.168.1.55","192.168.1.2","TCP","1514","8004  >  36072 [ACK] Seq=268070 Ack=144 Win=65024 Len=1448 TSval=2916036678 TSecr=3045556449 [TCP segment of a reassembled PDU]"
"30547","32.597463536","192.168.1.55","192.168.1.2","TCP","1514","8004  >  36072 [ACK] Seq=269518 Ack=144 Win=65024 Len=1448 TSval=2916036678 TSecr=3045556449 [TCP segment of a reassembled PDU]"
"30548","32.597464425","192.168.1.55","192.168.1.2","TCP","1218","[TCP Window Full] 8004  >  36072 [PSH, ACK] Seq=270966 Ack=144 Win=65024 Len=1152 TSval=2916036678 TSecr=3045556449 [TCP segment of a reassembled PDU]"
"30549","32.597545018","192.168.1.2","192.168.1.55","TCP","66","36072  >  8004 [ACK] Seq=144 Ack=202910 Win=109568 Len=0 TSval=3045556450 TSecr=2916036670"
"30550","32.597578277","192.168.1.55","192.168.1.2","TCP","1514","8004  >  36072 [ACK] Seq=272118 Ack=144 Win=65024 Len=1448 TSval=2916036678 TSecr=3045556450 [TCP segment of a reassembled PDU]"
"30551","32.597580795","192.168.1.55","192.168.1.2","TCP","1514","8004  >  36072 [ACK] Seq=273566 Ack=144 Win=65024 Len=1448 TSval=2916036678 TSecr=3045556450 [TCP segment of a reassembled PDU]"
"30552","32.597581703","192.168.1.55","192.168.1.2","TCP","1514","8004  >  36072 [ACK] Seq=275014 Ack=144 Win=65024 Len=1448 TSval=2916036678 TSecr=3045556450 [TCP segment of a reassembled PDU]"
"30553","32.597582962","192.168.1.55","192.168.1.2","TCP","1514","8004  >  36072 [ACK] Seq=276462 Ack=144 Win=65024 Len=1448 TSval=2916036678 TSecr=3045556450 [TCP segment of a reassembled PDU]"
"30554","32.597584203","192.168.1.55","192.168.1.2","TCP","1514","8004  >  36072 [ACK] Seq=277910 Ack=144 Win=65024 Len=1448 TSval=2916036678 TSecr=3045556450 [TCP segment of a reassembled PDU]"
"30555","32.597585184","192.168.1.55","192.168.1.2","TCP","1514","8004  >  36072 [ACK] Seq=279358 Ack=144 Win=65024 Len=1448 TSval=2916036678 TSecr=3045556450 [TCP segment of a reassembled PDU]"
"30556","32.597586203","192.168.1.55","192.168.1.2","TCP","1514","8004  >  36072 [ACK] Seq=280806 Ack=144 Win=65024 Len=1448 TSval=2916036678 TSecr=3045556450 [TCP segment of a reassembled PDU]"
"30557","32.597587351","192.168.1.55","192.168.1.2","TCP","1514","8004  >  36072 [ACK] Seq=282254 Ack=144 Win=65024 Len=1448 TSval=2916036678 TSecr=3045556450 [TCP segment of a reassembled PDU]"
"30558","32.597588740","192.168.1.55","192.168.1.2","TCP","1514","8004  >  36072 [ACK] Seq=283702 Ack=144 Win=65024 Len=1448 TSval=2916036678 TSecr=3045556450 [TCP segment of a reassembled PDU]"
"30559","32.597590036","192.168.1.55","192.168.1.2","TCP","1514","8004  >  36072 [ACK] Seq=285150 Ack=144 Win=65024 Len=1448 TSval=2916036678 TSecr=3045556450 [TCP segment of a reassembled PDU]"
"30560","32.597591592","192.168.1.55","192.168.1.2","TCP","1514","8004  >  36072 [ACK] Seq=286598 Ack=144 Win=65024 Len=1448 TSval=2916036678 TSecr=3045556450 [TCP segment of a reassembled PDU]"
"30561","32.597593018","192.168.1.55","192.168.1.2","TCP","1514","8004  >  36072 [ACK] Seq=288046 Ack=144 Win=65024 Len=1448 TSval=2916036678 TSecr=3045556450 [TCP segment of a reassembled PDU]"
"30562","32.597594314","192.168.1.55","192.168.1.2","TCP","1514","8004  >  36072 [ACK] Seq=289494 Ack=144 Win=65024 Len=1448 TSval=2916036678 TSecr=3045556450 [TCP segment of a reassembled PDU]"
"30563","32.597595555","192.168.1.55","192.168.1.2","TCP","1514","8004  >  36072 [ACK] Seq=290942 Ack=144 Win=65024 Len=1448 TSval=2916036678 TSecr=3045556450 [TCP segment of a reassembled PDU]"
"30564","32.597596499","192.168.1.55","192.168.1.2","TCP","1514","8004  >  36072 [ACK] Seq=292390 Ack=144 Win=65024 Len=1448 TSval=2916036678 TSecr=3045556450 [TCP segment of a reassembled PDU]"
"30565","32.597597851","192.168.1.55","192.168.1.2","TCP","1514","8004  >  36072 [ACK] Seq=293838 Ack=144 Win=65024 Len=1448 TSval=2916036678 TSecr=3045556450 [TCP segment of a reassembled PDU]"
"30566","32.597598925","192.168.1.55","192.168.1.2","TCP","1514","8004  >  36072 [ACK] Seq=295286 Ack=144 Win=65024 Len=1448 TSval=2916036678 TSecr=3045556450 [TCP segment of a reassembled PDU]"
"30567","32.597600147","192.168.1.55","192.168.1.2","TCP","1514","8004  >  36072 [ACK] Seq=296734 Ack=144 Win=65024 Len=1448 TSval=2916036678 TSecr=3045556450 [TCP segment of a reassembled PDU]"
"30568","32.597601258","192.168.1.55","192.168.1.2","TCP","1514","8004  >  36072 [ACK] Seq=298182 Ack=144 Win=65024 Len=1448 TSval=2916036678 TSecr=3045556450 [TCP segment of a reassembled PDU]"
"30569","32.597602203","192.168.1.55","192.168.1.2","TCP","1514","8004  >  36072 [PSH, ACK] Seq=299630 Ack=144 Win=65024 Len=1448 TSval=2916036678 TSecr=3045556450 [TCP segment of a reassembled PDU]"
"30570","32.597609147","192.168.1.55","192.168.1.2","TCP","362","8004  >  36072 [ACK] Seq=301078 Ack=144 Win=65024 Len=296 TSval=2916036678 TSecr=3045556450 [TCP segment of a reassembled PDU]"
"30571","32.597613555","192.168.1.2","192.168.1.55","TCP","66","36072  >  8004 [ACK] Seq=144 Ack=204358 Win=109568 Len=0 TSval=3045556450 TSecr=2916036670"
"30572","32.597632851","192.168.1.55","192.168.1.2","TCP","1514","8004  >  36072 [ACK] Seq=301374 Ack=144 Win=65024 Len=1448 TSval=2916036678 TSecr=3045556450 [TCP segment of a reassembled PDU]"
"30573","32.597635370","192.168.1.55","192.168.1.2","TCP","1514","8004  >  36072 [ACK] Seq=302822 Ack=144 Win=65024 Len=1448 TSval=2916036678 TSecr=3045556450 [TCP segment of a reassembled PDU]"
"30574","32.597636999","192.168.1.55","192.168.1.2","TCP","1514","8004  >  36072 [ACK] Seq=304270 Ack=144 Win=65024 Len=1448 TSval=2916036678 TSecr=3045556450 [TCP segment of a reassembled PDU]"
"30575","32.597637962","192.168.1.55","192.168.1.2","TCP","1514","8004  >  36072 [ACK] Seq=305718 Ack=144 Win=65024 Len=1448 TSval=2916036678 TSecr=3045556450 [TCP segment of a reassembled PDU]"
"30576","32.597639073","192.168.1.55","192.168.1.2","TCP","1514","8004  >  36072 [ACK] Seq=307166 Ack=144 Win=65024 Len=1448 TSval=2916036678 TSecr=3045556450 [TCP segment of a reassembled PDU]"
"30577","32.597640499","192.168.1.55","192.168.1.2","TCP","1514","8004  >  36072 [ACK] Seq=308614 Ack=144 Win=65024 Len=1448 TSval=2916036678 TSecr=3045556450 [TCP segment of a reassembled PDU]"
"30578","32.597641740","192.168.1.55","192.168.1.2","TCP","1514","8004  >  36072 [ACK] Seq=310062 Ack=144 Win=65024 Len=1448 TSval=2916036678 TSecr=3045556450 [TCP segment of a reassembled PDU]"
"30579","32.597642740","192.168.1.55","192.168.1.2","TCP","1514","8004  >  36072 [PSH, ACK] Seq=311510 Ack=144 Win=65024 Len=1448 TSval=2916036678 TSecr=3045556450 [TCP segment of a reassembled PDU]"
"30580","32.603447657","192.168.1.2","192.168.1.55","TCP","66","36072  >  8004 [ACK] Seq=144 Ack=253590 Win=63488 Len=0 TSval=3045556453 TSecr=2916036674"
"30581","32.603567694","192.168.1.55","192.168.1.2","TCP","1514","8004  >  36072 [ACK] Seq=312958 Ack=144 Win=65024 Len=1448 TSval=2916036684 TSecr=3045556453 [TCP segment of a reassembled PDU]"
"30582","32.603576583","192.168.1.55","192.168.1.2","TCP","1514","8004  >  36072 [PSH, ACK] Seq=314406 Ack=144 Win=65024 Len=1448 TSval=2916036684 TSecr=3045556453 [TCP segment of a reassembled PDU]"
"30583","32.603675453","192.168.1.2","192.168.1.55","TCP","66","36072  >  8004 [ACK] Seq=144 Ack=256486 Win=112640 Len=0 TSval=3045556454 TSecr=2916036674"
"30584","32.603743361","192.168.1.55","192.168.1.2","TCP","1514","8004  >  36072 [ACK] Seq=315854 Ack=144 Win=65024 Len=1448 TSval=2916036684 TSecr=3045556454 [TCP segment of a reassembled PDU]"
"30585","32.603750083","192.168.1.55","192.168.1.2","TCP","1514","8004  >  36072 [ACK] Seq=317302 Ack=144 Win=65024 Len=1448 TSval=2916036684 TSecr=3045556454 [TCP segment of a reassembled PDU]"
"30586","32.603751120","192.168.1.55","192.168.1.2","TCP","1514","8004  >  36072 [ACK] Seq=318750 Ack=144 Win=65024 Len=1448 TSval=2916036684 TSecr=3045556454 [TCP segment of a reassembled PDU]"
"30587","32.603753083","192.168.1.55","192.168.1.2","TCP","1514","8004  >  36072 [ACK] Seq=320198 Ack=144 Win=65024 Len=1448 TSval=2916036684 TSecr=3045556454 [TCP segment of a reassembled PDU]"
"30588","32.603755324","192.168.1.55","192.168.1.2","TCP","1514","8004  >  36072 [ACK] Seq=321646 Ack=144 Win=65024 Len=1448 TSval=2916036684 TSecr=3045556454 [TCP segment of a reassembled PDU]"
"30589","32.603757324","192.168.1.55","192.168.1.2","TCP","1514","8004  >  36072 [ACK] Seq=323094 Ack=144 Win=65024 Len=1448 TSval=2916036684 TSecr=3045556454 [TCP segment of a reassembled PDU]"
"30590","32.603759842","192.168.1.55","192.168.1.2","TCP","1514","8004  >  36072 [ACK] Seq=324542 Ack=144 Win=65024 Len=1448 TSval=2916036684 TSecr=3045556454 [TCP segment of a reassembled PDU]"
"30591","32.603761287","192.168.1.55","192.168.1.2","TCP","1514","8004  >  36072 [ACK] Seq=325990 Ack=144 Win=65024 Len=1448 TSval=2916036684 TSecr=3045556454 [TCP segment of a reassembled PDU]"
"30592","32.603762490","192.168.1.55","192.168.1.2","TCP","1514","8004  >  36072 [ACK] Seq=327438 Ack=144 Win=65024 Len=1448 TSval=2916036684 TSecr=3045556454 [TCP segment of a reassembled PDU]"
"30593","32.603764361","192.168.1.55","192.168.1.2","TCP","1514","8004  >  36072 [ACK] Seq=328886 Ack=144 Win=65024 Len=1448 TSval=2916036684 TSecr=3045556454 [TCP segment of a reassembled PDU]"
"30594","32.603765824","192.168.1.55","192.168.1.2","TCP","1514","8004  >  36072 [ACK] Seq=330334 Ack=144 Win=65024 Len=1448 TSval=2916036684 TSecr=3045556454 [TCP segment of a reassembled PDU]"
"30595","32.603768268","192.168.1.55","192.168.1.2","TCP","1514","8004  >  36072 [ACK] Seq=331782 Ack=144 Win=65024 Len=1448 TSval=2916036684 TSecr=3045556454 [TCP segment of a reassembled PDU]"
"30596","32.603769842","192.168.1.55","192.168.1.2","TCP","1514","8004  >  36072 [ACK] Seq=333230 Ack=144 Win=65024 Len=1448 TSval=2916036684 TSecr=3045556454 [TCP segment of a reassembled PDU]"
"30597","32.603771194","192.168.1.55","192.168.1.2","TCP","1514","8004  >  36072 [ACK] Seq=334678 Ack=144 Win=65024 Len=1448 TSval=2916036684 TSecr=3045556454 [TCP segment of a reassembled PDU]"
"30598","32.603772139","192.168.1.55","192.168.1.2","TCP","1514","8004  >  36072 [ACK] Seq=336126 Ack=144 Win=65024 Len=1448 TSval=2916036684 TSecr=3045556454 [TCP segment of a reassembled PDU]"
"30599","32.603773046","192.168.1.55","192.168.1.2","TCP","1514","8004  >  36072 [ACK] Seq=337574 Ack=144 Win=65024 Len=1448 TSval=2916036684 TSecr=3045556454 [TCP segment of a reassembled PDU]"
"30600","32.603774176","192.168.1.55","192.168.1.2","TCP","1514","8004  >  36072 [ACK] Seq=339022 Ack=144 Win=65024 Len=1448 TSval=2916036684 TSecr=3045556454 [TCP segment of a reassembled PDU]"
"30601","32.603775120","192.168.1.55","192.168.1.2","TCP","1514","8004  >  36072 [ACK] Seq=340470 Ack=144 Win=65024 Len=1448 TSval=2916036684 TSecr=3045556454 [TCP segment of a reassembled PDU]"
"30602","32.603776342","192.168.1.55","192.168.1.2","TCP","1514","8004  >  36072 [ACK] Seq=341918 Ack=144 Win=65024 Len=1448 TSval=2916036684 TSecr=3045556454 [TCP segment of a reassembled PDU]"
"30603","32.603778750","192.168.1.55","192.168.1.2","TCP","1514","8004  >  36072 [ACK] Seq=343366 Ack=144 Win=65024 Len=1448 TSval=2916036684 TSecr=3045556454 [TCP segment of a reassembled PDU]"
"30604","32.603780213","192.168.1.55","192.168.1.2","TCP","1514","8004  >  36072 [PSH, ACK] Seq=344814 Ack=144 Win=65024 Len=1448 TSval=2916036684 TSecr=3045556454 [TCP segment of a reassembled PDU]"
"30605","32.603785528","192.168.1.2","192.168.1.55","TCP","66","36072  >  8004 [ACK] Seq=144 Ack=272118 Win=144384 Len=0 TSval=3045556459 TSecr=2916036678"
"30606","32.603856139","192.168.1.55","192.168.1.2","TCP","1514","8004  >  36072 [ACK] Seq=346262 Ack=144 Win=65024 Len=1448 TSval=2916036684 TSecr=3045556459 [TCP segment of a reassembled PDU]"
"30607","32.603859305","192.168.1.55","192.168.1.2","TCP","1514","8004  >  36072 [ACK] Seq=347710 Ack=144 Win=65024 Len=1448 TSval=2916036684 TSecr=3045556459 [TCP segment of a reassembled PDU]"
"30608","32.603860398","192.168.1.55","192.168.1.2","TCP","1514","8004  >  36072 [ACK] Seq=349158 Ack=144 Win=65024 Len=1448 TSval=2916036684 TSecr=3045556459 [TCP segment of a reassembled PDU]"
"30609","32.603861583","192.168.1.55","192.168.1.2","TCP","1514","8004  >  36072 [ACK] Seq=350606 Ack=144 Win=65024 Len=1448 TSval=2916036684 TSecr=3045556459 [TCP segment of a reassembled PDU]"
"30610","32.603862917","192.168.1.55","192.168.1.2","TCP","1514","8004  >  36072 [ACK] Seq=352054 Ack=144 Win=65024 Len=1448 TSval=2916036684 TSecr=3045556459 [TCP segment of a reassembled PDU]"
"30611","32.603864417","192.168.1.55","192.168.1.2","TCP","1514","8004  >  36072 [ACK] Seq=353502 Ack=144 Win=65024 Len=1448 TSval=2916036684 TSecr=3045556459 [TCP segment of a reassembled PDU]"
"30612","32.603865417","192.168.1.55","192.168.1.2","TCP","1514","8004  >  36072 [ACK] Seq=354950 Ack=144 Win=65024 Len=1448 TSval=2916036684 TSecr=3045556459 [TCP segment of a reassembled PDU]"
"30613","32.603866454","192.168.1.55","192.168.1.2","TCP","1514","8004  >  36072 [ACK] Seq=356398 Ack=144 Win=65024 Len=1448 TSval=2916036684 TSecr=3045556459 [TCP segment of a reassembled PDU]"
"30614","32.603868231","192.168.1.55","192.168.1.2","TCP","1514","8004  >  36072 [ACK] Seq=357846 Ack=144 Win=65024 Len=1448 TSval=2916036684 TSecr=3045556459 [TCP segment of a reassembled PDU]"
"30615","32.603869454","192.168.1.55","192.168.1.2","TCP","1514","8004  >  36072 [ACK] Seq=359294 Ack=144 Win=65024 Len=1448 TSval=2916036684 TSecr=3045556459 [TCP segment of a reassembled PDU]"
"30616","32.603871287","192.168.1.55","192.168.1.2","TCP","1514","8004  >  36072 [ACK] Seq=360742 Ack=144 Win=65024 Len=1448 TSval=2916036684 TSecr=3045556459 [TCP segment of a reassembled PDU]"
"30617","32.603873305","192.168.1.55","192.168.1.2","TCP","1514","8004  >  36072 [ACK] Seq=362190 Ack=144 Win=65024 Len=1448 TSval=2916036684 TSecr=3045556459 [TCP segment of a reassembled PDU]"
"30618","32.603874380","192.168.1.55","192.168.1.2","TCP","1514","8004  >  36072 [ACK] Seq=363638 Ack=144 Win=65024 Len=1448 TSval=2916036684 TSecr=3045556459 [TCP segment of a reassembled PDU]"
"30619","32.603875398","192.168.1.55","192.168.1.2","TCP","1514","8004  >  36072 [ACK] Seq=365086 Ack=144 Win=65024 Len=1448 TSval=2916036684 TSecr=3045556459 [TCP segment of a reassembled PDU]"
"30620","32.603876805","192.168.1.55","192.168.1.2","TCP","1514","8004  >  36072 [ACK] Seq=366534 Ack=144 Win=65024 Len=1448 TSval=2916036684 TSecr=3045556459 [TCP segment of a reassembled PDU]"
"30621","32.603877842","192.168.1.55","192.168.1.2","TCP","1514","8004  >  36072 [ACK] Seq=367982 Ack=144 Win=65024 Len=1448 TSval=2916036684 TSecr=3045556459 [TCP segment of a reassembled PDU]"
"30622","32.603878972","192.168.1.55","192.168.1.2","TCP","1514","8004  >  36072 [ACK] Seq=369430 Ack=144 Win=65024 Len=1448 TSval=2916036684 TSecr=3045556459 [TCP segment of a reassembled PDU]"
"30623","32.603880805","192.168.1.55","192.168.1.2","TCP","1514","8004  >  36072 [ACK] Seq=370878 Ack=144 Win=65024 Len=1448 TSval=2916036684 TSecr=3045556459 [TCP segment of a reassembled PDU]"
"30624","32.603882176","192.168.1.55","192.168.1.2","TCP","1514","8004  >  36072 [ACK] Seq=372326 Ack=144 Win=65024 Len=1448 TSval=2916036684 TSecr=3045556459 [TCP segment of a reassembled PDU]"
"30625","32.603883342","192.168.1.55","192.168.1.2","TCP","1514","8004  >  36072 [ACK] Seq=373774 Ack=144 Win=65024 Len=1448 TSval=2916036684 TSecr=3045556459 [TCP segment of a reassembled PDU]"
"30626","32.603884565","192.168.1.55","192.168.1.2","TCP","1514","8004  >  36072 [ACK] Seq=375222 Ack=144 Win=65024 Len=1448 TSval=2916036684 TSecr=3045556459 [TCP segment of a reassembled PDU]"
"30627","32.603885954","192.168.1.55","192.168.1.2","TCP","1514","8004  >  36072 [ACK] Seq=376670 Ack=144 Win=65024 Len=1448 TSval=2916036684 TSecr=3045556459 [TCP segment of a reassembled PDU]"
"30628","32.603887509","192.168.1.55","192.168.1.2","TCP","1514","8004  >  36072 [ACK] Seq=378118 Ack=144 Win=65024 Len=1448 TSval=2916036684 TSecr=3045556459 [TCP segment of a reassembled PDU]"
"30629","32.603890250","192.168.1.55","192.168.1.2","TCP","1514","8004  >  36072 [ACK] Seq=379566 Ack=144 Win=65024 Len=1448 TSval=2916036684 TSecr=3045556459 [TCP segment of a reassembled PDU]"
"30630","32.603891639","192.168.1.55","192.168.1.2","TCP","1514","8004  >  36072 [ACK] Seq=381014 Ack=144 Win=65024 Len=1448 TSval=2916036684 TSecr=3045556459 [TCP segment of a reassembled PDU]"
"30631","32.603894454","192.168.1.55","192.168.1.2","TCP","1514","8004  >  36072 [ACK] Seq=382462 Ack=144 Win=65024 Len=1448 TSval=2916036684 TSecr=3045556459 [TCP segment of a reassembled PDU]"
"30632","32.603897287","192.168.1.55","192.168.1.2","TCP","1514","8004  >  36072 [ACK] Seq=383910 Ack=144 Win=65024 Len=1448 TSval=2916036684 TSecr=3045556459 [TCP segment of a reassembled PDU]"
"30633","32.603898324","192.168.1.55","192.168.1.2","TCP","1514","8004  >  36072 [ACK] Seq=385358 Ack=144 Win=65024 Len=1448 TSval=2916036684 TSecr=3045556459 [TCP segment of a reassembled PDU]"
"30634","32.603899972","192.168.1.55","192.168.1.2","TCP","1514","8004  >  36072 [ACK] Seq=386806 Ack=144 Win=65024 Len=1448 TSval=2916036684 TSecr=3045556459 [TCP segment of a reassembled PDU]"
"30635","32.603901102","192.168.1.55","192.168.1.2","TCP","1514","8004  >  36072 [ACK] Seq=388254 Ack=144 Win=65024 Len=1448 TSval=2916036684 TSecr=3045556459 [TCP segment of a reassembled PDU]"
"30636","32.603902546","192.168.1.55","192.168.1.2","TCP","1514","8004  >  36072 [PSH, ACK] Seq=389702 Ack=144 Win=65024 Len=1448 TSval=2916036684 TSecr=3045556459 [TCP segment of a reassembled PDU]"
"30637","32.603912713","192.168.1.2","192.168.1.55","TCP","66","36072  >  8004 [ACK] Seq=144 Ack=301078 Win=152576 Len=0 TSval=3045556459 TSecr=2916036678"
"30638","32.604001769","192.168.1.55","192.168.1.2","TCP","1514","8004  >  36072 [ACK] Seq=391150 Ack=144 Win=65024 Len=1448 TSval=2916036684 TSecr=3045556459 [TCP segment of a reassembled PDU]"
"30639","32.604005861","192.168.1.55","192.168.1.2","TCP","1514","8004  >  36072 [ACK] Seq=392598 Ack=144 Win=65024 Len=1448 TSval=2916036684 TSecr=3045556459 [TCP segment of a reassembled PDU]"
"30640","32.604007065","192.168.1.55","192.168.1.2","TCP","1514","8004  >  36072 [ACK] Seq=394046 Ack=144 Win=65024 Len=1448 TSval=2916036684 TSecr=3045556459 [TCP segment of a reassembled PDU]"
"30641","32.604007991","192.168.1.55","192.168.1.2","TCP","1514","8004  >  36072 [ACK] Seq=395494 Ack=144 Win=65024 Len=1448 TSval=2916036684 TSecr=3045556459 [TCP segment of a reassembled PDU]"
"30642","32.604009046","192.168.1.55","192.168.1.2","TCP","1514","8004  >  36072 [ACK] Seq=396942 Ack=144 Win=65024 Len=1448 TSval=2916036684 TSecr=3045556459 [TCP segment of a reassembled PDU]"
"30643","32.604010046","192.168.1.55","192.168.1.2","TCP","1514","8004  >  36072 [ACK] Seq=398390 Ack=144 Win=65024 Len=1448 TSval=2916036684 TSecr=3045556459 [TCP segment of a reassembled PDU]"
"30644","32.604011343","192.168.1.55","192.168.1.2","TCP","1514","8004  >  36072 [ACK] Seq=399838 Ack=144 Win=65024 Len=1448 TSval=2916036684 TSecr=3045556459 [TCP segment of a reassembled PDU]"
"30645","32.604012454","192.168.1.55","192.168.1.2","TCP","1514","8004  >  36072 [ACK] Seq=401286 Ack=144 Win=65024 Len=1448 TSval=2916036684 TSecr=3045556459 [TCP segment of a reassembled PDU]"
"30646","32.604013472","192.168.1.55","192.168.1.2","TCP","1514","8004  >  36072 [ACK] Seq=402734 Ack=144 Win=65024 Len=1448 TSval=2916036684 TSecr=3045556459 [TCP segment of a reassembled PDU]"
"30647","32.604015009","192.168.1.55","192.168.1.2","TCP","1514","8004  >  36072 [ACK] Seq=404182 Ack=144 Win=65024 Len=1448 TSval=2916036684 TSecr=3045556459 [TCP segment of a reassembled PDU]"
"30648","32.604016732","192.168.1.55","192.168.1.2","TCP","1514","8004  >  36072 [ACK] Seq=405630 Ack=144 Win=65024 Len=1448 TSval=2916036684 TSecr=3045556459 [TCP segment of a reassembled PDU]"
"30649","32.604018028","192.168.1.55","192.168.1.2","TCP","1514","8004  >  36072 [ACK] Seq=407078 Ack=144 Win=65024 Len=1448 TSval=2916036684 TSecr=3045556459 [TCP segment of a reassembled PDU]"
"30650","32.604019139","192.168.1.55","192.168.1.2","TCP","1514","8004  >  36072 [ACK] Seq=408526 Ack=144 Win=65024 Len=1448 TSval=2916036684 TSecr=3045556459 [TCP segment of a reassembled PDU]"
"30651","32.604020083","192.168.1.55","192.168.1.2","TCP","1514","8004  >  36072 [ACK] Seq=409974 Ack=144 Win=65024 Len=1448 TSval=2916036684 TSecr=3045556459 [TCP segment of a reassembled PDU]"
"30652","32.604021195","192.168.1.55","192.168.1.2","TCP","1514","8004  >  36072 [ACK] Seq=411422 Ack=144 Win=65024 Len=1448 TSval=2916036684 TSecr=3045556459 [TCP segment of a reassembled PDU]"
"30653","32.604022306","192.168.1.55","192.168.1.2","TCP","1514","8004  >  36072 [ACK] Seq=412870 Ack=144 Win=65024 Len=1448 TSval=2916036684 TSecr=3045556459 [TCP segment of a reassembled PDU]"
"30654","32.604023787","192.168.1.55","192.168.1.2","TCP","1514","8004  >  36072 [ACK] Seq=414318 Ack=144 Win=65024 Len=1448 TSval=2916036684 TSecr=3045556459 [TCP segment of a reassembled PDU]"
"30655","32.604026028","192.168.1.55","192.168.1.2","TCP","1514","8004  >  36072 [ACK] Seq=415766 Ack=144 Win=65024 Len=1448 TSval=2916036684 TSecr=3045556459 [TCP segment of a reassembled PDU]"
"30656","32.604027787","192.168.1.55","192.168.1.2","TCP","1514","8004  >  36072 [ACK] Seq=417214 Ack=144 Win=65024 Len=1448 TSval=2916036684 TSecr=3045556459 [TCP segment of a reassembled PDU]"
"30657","32.604029083","192.168.1.55","192.168.1.2","TCP","1514","8004  >  36072 [ACK] Seq=418662 Ack=144 Win=65024 Len=1448 TSval=2916036684 TSecr=3045556459 [TCP segment of a reassembled PDU]"
"30658","32.604030083","192.168.1.55","192.168.1.2","TCP","1514","8004  >  36072 [ACK] Seq=420110 Ack=144 Win=65024 Len=1448 TSval=2916036684 TSecr=3045556459 [TCP segment of a reassembled PDU]"
"30659","32.604031083","192.168.1.55","192.168.1.2","TCP","1514","8004  >  36072 [ACK] Seq=421558 Ack=144 Win=65024 Len=1448 TSval=2916036684 TSecr=3045556459 [TCP segment of a reassembled PDU]"
"30660","32.604032158","192.168.1.55","192.168.1.2","TCP","1514","8004  >  36072 [ACK] Seq=423006 Ack=144 Win=65024 Len=1448 TSval=2916036684 TSecr=3045556459 [TCP segment of a reassembled PDU]"
"30661","32.604033843","192.168.1.55","192.168.1.2","TCP","1514","8004  >  36072 [ACK] Seq=424454 Ack=144 Win=65024 Len=1448 TSval=2916036684 TSecr=3045556459 [TCP segment of a reassembled PDU]"
"30662","32.604034917","192.168.1.55","192.168.1.2","TCP","1514","8004  >  36072 [ACK] Seq=425902 Ack=144 Win=65024 Len=1448 TSval=2916036684 TSecr=3045556459 [TCP segment of a reassembled PDU]"
"30663","32.604037102","192.168.1.55","192.168.1.2","TCP","1514","8004  >  36072 [ACK] Seq=427350 Ack=144 Win=65024 Len=1448 TSval=2916036684 TSecr=3045556459 [TCP segment of a reassembled PDU]"
"30664","32.604038954","192.168.1.55","192.168.1.2","TCP","1514","8004  >  36072 [ACK] Seq=428798 Ack=144 Win=65024 Len=1448 TSval=2916036684 TSecr=3045556459 [TCP segment of a reassembled PDU]"
"30665","32.604040380","192.168.1.55","192.168.1.2","TCP","1514","8004  >  36072 [ACK] Seq=430246 Ack=144 Win=65024 Len=1448 TSval=2916036684 TSecr=3045556459 [TCP segment of a reassembled PDU]"
"30666","32.604042028","192.168.1.55","192.168.1.2","TCP","1514","8004  >  36072 [ACK] Seq=431694 Ack=144 Win=65024 Len=1448 TSval=2916036684 TSecr=3045556459 [TCP segment of a reassembled PDU]"
"30667","32.604043065","192.168.1.55","192.168.1.2","TCP","1514","8004  >  36072 [ACK] Seq=433142 Ack=144 Win=65024 Len=1448 TSval=2916036684 TSecr=3045556459 [TCP segment of a reassembled PDU]"
"30668","32.604044491","192.168.1.55","192.168.1.2","TCP","1514","8004  >  36072 [PSH, ACK] Seq=434590 Ack=144 Win=65024 Len=1448 TSval=2916036684 TSecr=3045556459 [TCP segment of a reassembled PDU]"
"30669","32.604079250","192.168.1.2","192.168.1.55","TCP","66","36072  >  8004 [ACK] Seq=144 Ack=312958 Win=141312 Len=0 TSval=3045556459 TSecr=2916036678"
"30670","32.605337641","192.168.1.55","192.168.1.2","TCP","1514","8004  >  36072 [ACK] Seq=436038 Ack=144 Win=65024 Len=1448 TSval=2916036686 TSecr=3045556459 [TCP segment of a reassembled PDU]"
"30671","32.605344882","192.168.1.55","192.168.1.2","TCP","1514","8004  >  36072 [ACK] Seq=437486 Ack=144 Win=65024 Len=1448 TSval=2916036686 TSecr=3045556459 [TCP segment of a reassembled PDU]"
"30672","32.605347011","192.168.1.55","192.168.1.2","TCP","1514","8004  >  36072 [ACK] Seq=438934 Ack=144 Win=65024 Len=1448 TSval=2916036686 TSecr=3045556459 [TCP segment of a reassembled PDU]"
"30673","32.605348974","192.168.1.55","192.168.1.2","TCP","1514","8004  >  36072 [ACK] Seq=440382 Ack=144 Win=65024 Len=1448 TSval=2916036686 TSecr=3045556459 [TCP segment of a reassembled PDU]"
"30674","32.605350049","192.168.1.55","192.168.1.2","TCP","1514","8004  >  36072 [ACK] Seq=441830 Ack=144 Win=65024 Len=1448 TSval=2916036686 TSecr=3045556459 [TCP segment of a reassembled PDU]"
"30675","32.605351678","192.168.1.55","192.168.1.2","TCP","1514","8004  >  36072 [ACK] Seq=443278 Ack=144 Win=65024 Len=1448 TSval=2916036686 TSecr=3045556459 [TCP segment of a reassembled PDU]"
"30676","32.605352771","192.168.1.55","192.168.1.2","TCP","1514","8004  >  36072 [ACK] Seq=444726 Ack=144 Win=65024 Len=1448 TSval=2916036686 TSecr=3045556459 [TCP segment of a reassembled PDU]"
"30677","32.605354215","192.168.1.55","192.168.1.2","TCP","1514","8004  >  36072 [ACK] Seq=446174 Ack=144 Win=65024 Len=1448 TSval=2916036686 TSecr=3045556459 [TCP segment of a reassembled PDU]"
"30678","32.605355511","192.168.1.55","192.168.1.2","TCP","1514","8004  >  36072 [ACK] Seq=447622 Ack=144 Win=65024 Len=1448 TSval=2916036686 TSecr=3045556459 [TCP segment of a reassembled PDU]"
"30679","32.605356826","192.168.1.55","192.168.1.2","TCP","1514","8004  >  36072 [ACK] Seq=449070 Ack=144 Win=65024 Len=1448 TSval=2916036686 TSecr=3045556459 [TCP segment of a reassembled PDU]"
"30680","32.605358863","192.168.1.55","192.168.1.2","TCP","1514","8004  >  36072 [ACK] Seq=450518 Ack=144 Win=65024 Len=1448 TSval=2916036686 TSecr=3045556459 [TCP segment of a reassembled PDU]"
"30681","32.605360641","192.168.1.55","192.168.1.2","TCP","1514","8004  >  36072 [ACK] Seq=451966 Ack=144 Win=65024 Len=1448 TSval=2916036686 TSecr=3045556459 [TCP segment of a reassembled PDU]"
"30682","32.605361919","192.168.1.55","192.168.1.2","TCP","922","[TCP Window Full] 8004  >  36072 [PSH, ACK] Seq=453414 Ack=144 Win=65024 Len=856 TSval=2916036686 TSecr=3045556459 [TCP segment of a reassembled PDU]"
"30683","32.613436024","192.168.1.2","192.168.1.55","TCP","66","36072  >  8004 [ACK] Seq=144 Ack=315854 Win=158720 Len=0 TSval=3045556464 TSecr=2916036684"
"30684","32.613496728","192.168.1.55","192.168.1.2","TCP","1514","8004  >  36072 [ACK] Seq=454270 Ack=144 Win=65024 Len=1448 TSval=2916036694 TSecr=3045556464 [TCP segment of a reassembled PDU]"
"30685","32.613500598","192.168.1.55","192.168.1.2","TCP","1514","8004  >  36072 [ACK] Seq=455718 Ack=144 Win=65024 Len=1448 TSval=2916036694 TSecr=3045556464 [TCP segment of a reassembled PDU]"
"30686","32.613501784","192.168.1.55","192.168.1.2","TCP","1514","8004  >  36072 [ACK] Seq=457166 Ack=144 Win=65024 Len=1448 TSval=2916036694 TSecr=3045556464 [TCP segment of a reassembled PDU]"
"30687","32.613502858","192.168.1.55","192.168.1.2","TCP","1514","8004  >  36072 [ACK] Seq=458614 Ack=144 Win=65024 Len=1448 TSval=2916036694 TSecr=3045556464 [TCP segment of a reassembled PDU]"
"30688","32.613504024","192.168.1.55","192.168.1.2","TCP","1514","8004  >  36072 [ACK] Seq=460062 Ack=144 Win=65024 Len=1448 TSval=2916036694 TSecr=3045556464 [TCP segment of a reassembled PDU]"
"30689","32.613505173","192.168.1.55","192.168.1.2","TCP","1514","8004  >  36072 [ACK] Seq=461510 Ack=144 Win=65024 Len=1448 TSval=2916036694 TSecr=3045556464 [TCP segment of a reassembled PDU]"
"30690","32.613506543","192.168.1.55","192.168.1.2","TCP","1514","8004  >  36072 [ACK] Seq=462958 Ack=144 Win=65024 Len=1448 TSval=2916036694 TSecr=3045556464 [TCP segment of a reassembled PDU]"
"30691","32.613508580","192.168.1.55","192.168.1.2","TCP","1514","8004  >  36072 [ACK] Seq=464406 Ack=144 Win=65024 Len=1448 TSval=2916036694 TSecr=3045556464 [TCP segment of a reassembled PDU]"
"30692","32.613510135","192.168.1.55","192.168.1.2","TCP","1514","8004  >  36072 [ACK] Seq=465854 Ack=144 Win=65024 Len=1448 TSval=2916036694 TSecr=3045556464 [TCP segment of a reassembled PDU]"
"30693","32.613511321","192.168.1.55","192.168.1.2","TCP","1514","8004  >  36072 [ACK] Seq=467302 Ack=144 Win=65024 Len=1448 TSval=2916036694 TSecr=3045556464 [TCP segment of a reassembled PDU]"
"30694","32.613512635","192.168.1.55","192.168.1.2","TCP","1514","8004  >  36072 [ACK] Seq=468750 Ack=144 Win=65024 Len=1448 TSval=2916036694 TSecr=3045556464 [TCP segment of a reassembled PDU]"
"30695","32.613513710","192.168.1.55","192.168.1.2","TCP","1514","8004  >  36072 [ACK] Seq=470198 Ack=144 Win=65024 Len=1448 TSval=2916036694 TSecr=3045556464 [TCP segment of a reassembled PDU]"
"30696","32.613514987","192.168.1.55","192.168.1.2","TCP","1514","8004  >  36072 [ACK] Seq=471646 Ack=144 Win=65024 Len=1448 TSval=2916036694 TSecr=3045556464 [TCP segment of a reassembled PDU]"
"30697","32.613516117","192.168.1.55","192.168.1.2","TCP","1514","8004  >  36072 [PSH, ACK] Seq=473094 Ack=144 Win=65024 Len=1448 TSval=2916036694 TSecr=3045556464 [TCP segment of a reassembled PDU]"
"30698","32.614136229","192.168.1.2","192.168.1.55","TCP","66","36072  >  8004 [ACK] Seq=144 Ack=346262 Win=151552 Len=0 TSval=3045556464 TSecr=2916036684"
"30699","32.614152359","192.168.1.55","192.168.1.2","TCP","1514","8004  >  36072 [ACK] Seq=474542 Ack=144 Win=65024 Len=1448 TSval=2916036694 TSecr=3045556464 [TCP segment of a reassembled PDU]"
"30700","32.614153859","192.168.1.55","192.168.1.2","TCP","1514","8004  >  36072 [ACK] Seq=475990 Ack=144 Win=65024 Len=1448 TSval=2916036694 TSecr=3045556464 [TCP segment of a reassembled PDU]"
"30701","32.614155044","192.168.1.55","192.168.1.2","TCP","1514","8004  >  36072 [ACK] Seq=477438 Ack=144 Win=65024 Len=1448 TSval=2916036694 TSecr=3045556464 [TCP segment of a reassembled PDU]"
"30702","32.614156192","192.168.1.55","192.168.1.2","TCP","1514","8004  >  36072 [PSH, ACK] Seq=478886 Ack=144 Win=65024 Len=1448 TSval=2916036694 TSecr=3045556464 [TCP segment of a reassembled PDU]"
"30703","32.614162933","192.168.1.55","192.168.1.2","TCP","658","8004  >  36072 [ACK] Seq=480334 Ack=144 Win=65024 Len=592 TSval=2916036694 TSecr=3045556464 [TCP segment of a reassembled PDU]"
"30704","32.614166229","192.168.1.2","192.168.1.55","TCP","66","36072  >  8004 [ACK] Seq=144 Ack=382462 Win=115712 Len=0 TSval=3045556465 TSecr=2916036684"
"30705","32.614174618","192.168.1.2","192.168.1.55","TCP","66","36072  >  8004 [ACK] Seq=144 Ack=391150 Win=169984 Len=0 TSval=3045556468 TSecr=2916036684"
"30706","32.614192674","192.168.1.55","192.168.1.2","TCP","1514","8004  >  36072 [ACK] Seq=480926 Ack=144 Win=65024 Len=1448 TSval=2916036694 TSecr=3045556468 [TCP segment of a reassembled PDU]"
"30707","32.614194063","192.168.1.55","192.168.1.2","TCP","1514","8004  >  36072 [ACK] Seq=482374 Ack=144 Win=65024 Len=1448 TSval=2916036694 TSecr=3045556468 [TCP segment of a reassembled PDU]"
"30708","32.614195137","192.168.1.55","192.168.1.2","TCP","1514","8004  >  36072 [ACK] Seq=483822 Ack=144 Win=65024 Len=1448 TSval=2916036694 TSecr=3045556468 [TCP segment of a reassembled PDU]"
"30709","32.614196248","192.168.1.55","192.168.1.2","TCP","1514","8004  >  36072 [ACK] Seq=485270 Ack=144 Win=65024 Len=1448 TSval=2916036694 TSecr=3045556468 [TCP segment of a reassembled PDU]"
"30710","32.614198044","192.168.1.55","192.168.1.2","TCP","1514","8004  >  36072 [ACK] Seq=486718 Ack=144 Win=65024 Len=1448 TSval=2916036694 TSecr=3045556468 [TCP segment of a reassembled PDU]"
"30711","32.614199933","192.168.1.55","192.168.1.2","TCP","1514","8004  >  36072 [ACK] Seq=488166 Ack=144 Win=65024 Len=1448 TSval=2916036694 TSecr=3045556468 [TCP segment of a reassembled PDU]"
"30712","32.614201748","192.168.1.55","192.168.1.2","TCP","1514","8004  >  36072 [ACK] Seq=489614 Ack=144 Win=65024 Len=1448 TSval=2916036694 TSecr=3045556468 [TCP segment of a reassembled PDU]"
"30713","32.614202877","192.168.1.55","192.168.1.2","TCP","1514","8004  >  36072 [ACK] Seq=491062 Ack=144 Win=65024 Len=1448 TSval=2916036694 TSecr=3045556468 [TCP segment of a reassembled PDU]"
"30714","32.614204100","192.168.1.55","192.168.1.2","TCP","1514","8004  >  36072 [ACK] Seq=492510 Ack=144 Win=65024 Len=1448 TSval=2916036694 TSecr=3045556468 [TCP segment of a reassembled PDU]"
"30715","32.614205340","192.168.1.55","192.168.1.2","TCP","1514","8004  >  36072 [ACK] Seq=493958 Ack=144 Win=65024 Len=1448 TSval=2916036694 TSecr=3045556468 [TCP segment of a reassembled PDU]"
"30716","32.614206396","192.168.1.55","192.168.1.2","TCP","1514","8004  >  36072 [ACK] Seq=495406 Ack=144 Win=65024 Len=1448 TSval=2916036694 TSecr=3045556468 [TCP segment of a reassembled PDU]"
"30717","32.614207766","192.168.1.55","192.168.1.2","TCP","1514","8004  >  36072 [PSH, ACK] Seq=496854 Ack=144 Win=65024 Len=1448 TSval=2916036694 TSecr=3045556468 [TCP segment of a reassembled PDU]"
"30718","32.614212822","192.168.1.55","192.168.1.2","HTTP","222","HTTP/1.0 200 OK  (PNG)"
"30719","32.614215896","192.168.1.2","192.168.1.55","TCP","66","36072  >  8004 [ACK] Seq=144 Ack=412870 Win=159744 Len=0 TSval=3045556468 TSecr=2916036684"
"30720","32.614244729","192.168.1.2","192.168.1.55","TCP","66","36072  >  8004 [ACK] Seq=144 Ack=436038 Win=158720 Len=0 TSval=3045556469 TSecr=2916036684"
"30721","32.614277322","192.168.1.2","192.168.1.55","TCP","66","36072  >  8004 [ACK] Seq=144 Ack=451966 Win=143360 Len=0 TSval=3045556469 TSecr=2916036686"
"30722","32.617818272","192.168.1.2","192.168.1.55","TCP","66","36072  >  8004 [ACK] Seq=144 Ack=454270 Win=175104 Len=0 TSval=3045556473 TSecr=2916036686"
"30723","32.617984513","192.168.1.2","192.168.1.55","TCP","66","36072  >  8004 [ACK] Seq=144 Ack=474542 Win=215040 Len=0 TSval=3045556473 TSecr=2916036694"
"30724","32.617998550","192.168.1.2","192.168.1.55","TCP","66","36072  >  8004 [ACK] Seq=144 Ack=480334 Win=226304 Len=0 TSval=3045556473 TSecr=2916036694"
"30725","32.618003050","192.168.1.2","192.168.1.55","TCP","66","36072  >  8004 [ACK] Seq=144 Ack=498302 Win=229376 Len=0 TSval=3045556473 TSecr=2916036694"
"30726","32.618775440","192.168.1.2","192.168.1.55","TCP","66","36072  >  8004 [FIN, ACK] Seq=144 Ack=498459 Win=232448 Len=0 TSval=3045556473 TSecr=2916036694"
"30727","32.618786773","192.168.1.55","192.168.1.2","TCP","66","8004  >  36072 [ACK] Seq=498459 Ack=145 Win=65024 Len=0 TSval=2916036699 TSecr=3045556473"
"30728","32.618884737","192.168.1.2","192.168.1.55","TCP","74","36080  >  8004 [SYN] Seq=0 Win=64240 Len=0 MSS=1460 SACK_PERM TSval=3045556474 TSecr=0 WS=1024"
"30729","32.618906663","192.168.1.55","192.168.1.2","TCP","74","8004  >  36080 [SYN, ACK] Seq=0 Ack=1 Win=65160 Len=0 MSS=1460 SACK_PERM TSval=2916036699 TSecr=3045556474 WS=128"
"30730","32.621991316","192.168.1.2","192.168.1.55","TCP","66","36080  >  8004 [ACK] Seq=1 Ack=1 Win=64512 Len=0 TSval=3045556476 TSecr=2916036699"
"30731","32.625193302","192.168.1.2","192.168.1.55","HTTP","206","GET /stego_benchmark.png HTTP/1.1 "
"30732","32.625204691","192.168.1.55","192.168.1.2","TCP","66","8004  >  36080 [ACK] Seq=1 Ack=141 Win=65024 Len=0 TSval=2916036705 TSecr=3045556477"
"30733","32.625708544","192.168.1.55","192.168.1.2","TCP","255","8004  >  36080 [PSH, ACK] Seq=1 Ack=141 Win=65024 Len=189 TSval=2916036706 TSecr=3045556477 [TCP segment of a reassembled PDU]"
"30734","32.625799136","192.168.1.55","192.168.1.2","TCP","1514","8004  >  36080 [ACK] Seq=190 Ack=141 Win=65024 Len=1448 TSval=2916036706 TSecr=3045556477 [TCP segment of a reassembled PDU]"
"30735","32.625804673","192.168.1.55","192.168.1.2","TCP","1514","8004  >  36080 [ACK] Seq=1638 Ack=141 Win=65024 Len=1448 TSval=2916036706 TSecr=3045556477 [TCP segment of a reassembled PDU]"
"30736","32.625806099","192.168.1.55","192.168.1.2","TCP","1514","8004  >  36080 [ACK] Seq=3086 Ack=141 Win=65024 Len=1448 TSval=2916036706 TSecr=3045556477 [TCP segment of a reassembled PDU]"
"30737","32.625807414","192.168.1.55","192.168.1.2","TCP","1514","8004  >  36080 [ACK] Seq=4534 Ack=141 Win=65024 Len=1448 TSval=2916036706 TSecr=3045556477 [TCP segment of a reassembled PDU]"
"30738","32.625808748","192.168.1.55","192.168.1.2","TCP","1514","8004  >  36080 [PSH, ACK] Seq=5982 Ack=141 Win=65024 Len=1448 TSval=2916036706 TSecr=3045556477 [TCP segment of a reassembled PDU]"
"30739","32.625827618","192.168.1.55","192.168.1.2","TCP","1514","8004  >  36080 [ACK] Seq=7430 Ack=141 Win=65024 Len=1448 TSval=2916036706 TSecr=3045556477 [TCP segment of a reassembled PDU]"
"30740","32.625829729","192.168.1.55","192.168.1.2","TCP","1514","8004  >  36080 [ACK] Seq=8878 Ack=141 Win=65024 Len=1448 TSval=2916036706 TSecr=3045556477 [TCP segment of a reassembled PDU]"
"30741","32.625830988","192.168.1.55","192.168.1.2","TCP","1514","8004  >  36080 [ACK] Seq=10326 Ack=141 Win=65024 Len=1448 TSval=2916036706 TSecr=3045556477 [TCP segment of a reassembled PDU]"
"30742","32.625832396","192.168.1.55","192.168.1.2","TCP","1514","8004  >  36080 [PSH, ACK] Seq=11774 Ack=141 Win=65024 Len=1448 TSval=2916036706 TSecr=3045556477 [TCP segment of a reassembled PDU]"
"30743","32.630374977","192.168.1.2","192.168.1.55","TCP","66","36080  >  8004 [ACK] Seq=141 Ack=190 Win=64512 Len=0 TSval=3045556485 TSecr=2916036706"
"30744","32.630488644","192.168.1.55","192.168.1.2","TCP","1514","8004  >  36080 [ACK] Seq=13222 Ack=141 Win=65024 Len=1448 TSval=2916036711 TSecr=3045556485 [TCP segment of a reassembled PDU]"
"30745","32.630502311","192.168.1.55","192.168.1.2","TCP","1514","8004  >  36080 [PSH, ACK] Seq=14670 Ack=141 Win=65024 Len=1448 TSval=2916036711 TSecr=3045556485 [TCP segment of a reassembled PDU]"
"30746","32.630545922","192.168.1.2","192.168.1.55","TCP","66","36080  >  8004 [ACK] Seq=141 Ack=13222 Win=64512 Len=0 TSval=3045556485 TSecr=2916036706"
"30747","32.630594366","192.168.1.55","192.168.1.2","TCP","1514","8004  >  36080 [ACK] Seq=16118 Ack=141 Win=65024 Len=1448 TSval=2916036711 TSecr=3045556485 [TCP segment of a reassembled PDU]"
"30748","32.630598589","192.168.1.55","192.168.1.2","TCP","1514","8004  >  36080 [ACK] Seq=17566 Ack=141 Win=65024 Len=1448 TSval=2916036711 TSecr=3045556485 [TCP segment of a reassembled PDU]"
"30749","32.630600459","192.168.1.55","192.168.1.2","TCP","1514","8004  >  36080 [ACK] Seq=19014 Ack=141 Win=65024 Len=1448 TSval=2916036711 TSecr=3045556485 [TCP segment of a reassembled PDU]"
"30750","32.630602181","192.168.1.55","192.168.1.2","TCP","1514","8004  >  36080 [ACK] Seq=20462 Ack=141 Win=65024 Len=1448 TSval=2916036711 TSecr=3045556485 [TCP segment of a reassembled PDU]"
"30751","32.630603848","192.168.1.55","192.168.1.2","TCP","1514","8004  >  36080 [ACK] Seq=21910 Ack=141 Win=65024 Len=1448 TSval=2916036711 TSecr=3045556485 [TCP segment of a reassembled PDU]"
"30752","32.630606070","192.168.1.55","192.168.1.2","TCP","1514","8004  >  36080 [ACK] Seq=23358 Ack=141 Win=65024 Len=1448 TSval=2916036711 TSecr=3045556485 [TCP segment of a reassembled PDU]"
"30753","32.630607718","192.168.1.55","192.168.1.2","TCP","1514","8004  >  36080 [ACK] Seq=24806 Ack=141 Win=65024 Len=1448 TSval=2916036711 TSecr=3045556485 [TCP segment of a reassembled PDU]"
"30754","32.630609385","192.168.1.55","192.168.1.2","TCP","1514","8004  >  36080 [ACK] Seq=26254 Ack=141 Win=65024 Len=1448 TSval=2916036711 TSecr=3045556485 [TCP segment of a reassembled PDU]"
"30755","32.630610829","192.168.1.55","192.168.1.2","TCP","1514","8004  >  36080 [ACK] Seq=27702 Ack=141 Win=65024 Len=1448 TSval=2916036711 TSecr=3045556485 [TCP segment of a reassembled PDU]"
"30756","32.630613533","192.168.1.55","192.168.1.2","TCP","1514","8004  >  36080 [PSH, ACK] Seq=29150 Ack=141 Win=65024 Len=1448 TSval=2916036711 TSecr=3045556485 [TCP segment of a reassembled PDU]"
"30757","32.630645570","192.168.1.55","192.168.1.2","TCP","1514","8004  >  36080 [ACK] Seq=30598 Ack=141 Win=65024 Len=1448 TSval=2916036711 TSecr=3045556485 [TCP segment of a reassembled PDU]"
"30758","32.630648644","192.168.1.55","192.168.1.2","TCP","1514","8004  >  36080 [ACK] Seq=32046 Ack=141 Win=65024 Len=1448 TSval=2916036711 TSecr=3045556485 [TCP segment of a reassembled PDU]"
"30759","32.630650052","192.168.1.55","192.168.1.2","TCP","1514","8004  >  36080 [ACK] Seq=33494 Ack=141 Win=65024 Len=1448 TSval=2916036711 TSecr=3045556485 [TCP segment of a reassembled PDU]"
"30760","32.630651700","192.168.1.55","192.168.1.2","TCP","1514","8004  >  36080 [ACK] Seq=34942 Ack=141 Win=65024 Len=1448 TSval=2916036711 TSecr=3045556485 [TCP segment of a reassembled PDU]"
"30761","32.630653348","192.168.1.55","192.168.1.2","TCP","1514","8004  >  36080 [ACK] Seq=36390 Ack=141 Win=65024 Len=1448 TSval=2916036711 TSecr=3045556485 [TCP segment of a reassembled PDU]"
"30762","32.630654940","192.168.1.55","192.168.1.2","TCP","1514","8004  >  36080 [ACK] Seq=37838 Ack=141 Win=65024 Len=1448 TSval=2916036711 TSecr=3045556485 [TCP segment of a reassembled PDU]"
"30763","32.630656940","192.168.1.55","192.168.1.2","TCP","1514","8004  >  36080 [ACK] Seq=39286 Ack=141 Win=65024 Len=1448 TSval=2916036711 TSecr=3045556485 [TCP segment of a reassembled PDU]"
"30764","32.630658718","192.168.1.55","192.168.1.2","TCP","1514","8004  >  36080 [PSH, ACK] Seq=40734 Ack=141 Win=65024 Len=1448 TSval=2916036711 TSecr=3045556485 [TCP segment of a reassembled PDU]"
"30765","32.634985225","192.168.1.2","192.168.1.55","TCP","66","36080  >  8004 [ACK] Seq=141 Ack=16118 Win=70656 Len=0 TSval=3045556489 TSecr=2916036711"
"30766","32.635034873","192.168.1.55","192.168.1.2","TCP","1514","8004  >  36080 [ACK] Seq=42182 Ack=141 Win=65024 Len=1448 TSval=2916036715 TSecr=3045556489 [TCP segment of a reassembled PDU]"
"30767","32.635042596","192.168.1.55","192.168.1.2","TCP","1514","8004  >  36080 [PSH, ACK] Seq=43630 Ack=141 Win=65024 Len=1448 TSval=2916036715 TSecr=3045556489 [TCP segment of a reassembled PDU]"
"30768","32.635259781","192.168.1.2","192.168.1.55","TCP","66","36080  >  8004 [ACK] Seq=141 Ack=30598 Win=70656 Len=0 TSval=3045556489 TSecr=2916036711"
"30769","32.635289244","192.168.1.55","192.168.1.2","TCP","1514","8004  >  36080 [ACK] Seq=45078 Ack=141 Win=65024 Len=1448 TSval=2916036715 TSecr=3045556489 [TCP segment of a reassembled PDU]"
"30770","32.635298726","192.168.1.55","192.168.1.2","TCP","1514","8004  >  36080 [ACK] Seq=46526 Ack=141 Win=65024 Len=1448 TSval=2916036715 TSecr=3045556489 [TCP segment of a reassembled PDU]"
"30771","32.635300226","192.168.1.55","192.168.1.2","TCP","1514","8004  >  36080 [ACK] Seq=47974 Ack=141 Win=65024 Len=1448 TSval=2916036715 TSecr=3045556489 [TCP segment of a reassembled PDU]"
"30772","32.635301929","192.168.1.55","192.168.1.2","TCP","1514","8004  >  36080 [ACK] Seq=49422 Ack=141 Win=65024 Len=1448 TSval=2916036715 TSecr=3045556489 [TCP segment of a reassembled PDU]"
"30773","32.635303837","192.168.1.55","192.168.1.2","TCP","1514","8004  >  36080 [ACK] Seq=50870 Ack=141 Win=65024 Len=1448 TSval=2916036715 TSecr=3045556489 [TCP segment of a reassembled PDU]"
"30774","32.635305022","192.168.1.55","192.168.1.2","TCP","1514","8004  >  36080 [ACK] Seq=52318 Ack=141 Win=65024 Len=1448 TSval=2916036715 TSecr=3045556489 [TCP segment of a reassembled PDU]"
"30775","32.635306152","192.168.1.55","192.168.1.2","TCP","1514","8004  >  36080 [ACK] Seq=53766 Ack=141 Win=65024 Len=1448 TSval=2916036715 TSecr=3045556489 [TCP segment of a reassembled PDU]"
"30776","32.635307411","192.168.1.55","192.168.1.2","TCP","1514","8004  >  36080 [ACK] Seq=55214 Ack=141 Win=65024 Len=1448 TSval=2916036715 TSecr=3045556489 [TCP segment of a reassembled PDU]"
"30777","32.635308726","192.168.1.55","192.168.1.2","TCP","1514","8004  >  36080 [ACK] Seq=56662 Ack=141 Win=65024 Len=1448 TSval=2916036715 TSecr=3045556489 [TCP segment of a reassembled PDU]"
"30778","32.635309837","192.168.1.55","192.168.1.2","TCP","1514","8004  >  36080 [ACK] Seq=58110 Ack=141 Win=65024 Len=1448 TSval=2916036715 TSecr=3045556489 [TCP segment of a reassembled PDU]"
"30779","32.635311263","192.168.1.55","192.168.1.2","TCP","1514","8004  >  36080 [ACK] Seq=59558 Ack=141 Win=65024 Len=1448 TSval=2916036715 TSecr=3045556489 [TCP segment of a reassembled PDU]"
"30780","32.635313670","192.168.1.55","192.168.1.2","TCP","1514","8004  >  36080 [ACK] Seq=61006 Ack=141 Win=65024 Len=1448 TSval=2916036715 TSecr=3045556489 [TCP segment of a reassembled PDU]"
"30781","32.635315355","192.168.1.55","192.168.1.2","TCP","1514","8004  >  36080 [ACK] Seq=62454 Ack=141 Win=65024 Len=1448 TSval=2916036715 TSecr=3045556489 [TCP segment of a reassembled PDU]"
"30782","32.635316429","192.168.1.55","192.168.1.2","TCP","1514","8004  >  36080 [ACK] Seq=63902 Ack=141 Win=65024 Len=1448 TSval=2916036715 TSecr=3045556489 [TCP segment of a reassembled PDU]"
"30783","32.635317596","192.168.1.55","192.168.1.2","TCP","1514","8004  >  36080 [ACK] Seq=65350 Ack=141 Win=65024 Len=1448 TSval=2916036715 TSecr=3045556489 [TCP segment of a reassembled PDU]"
"30784","32.635318818","192.168.1.55","192.168.1.2","TCP","1514","8004  >  36080 [PSH, ACK] Seq=66798 Ack=141 Win=65024 Len=1448 TSval=2916036715 TSecr=3045556489 [TCP segment of a reassembled PDU]"
"30785","32.635337429","192.168.1.55","192.168.1.2","TCP","1514","8004  >  36080 [ACK] Seq=68246 Ack=141 Win=65024 Len=1448 TSval=2916036715 TSecr=3045556489 [TCP segment of a reassembled PDU]"
"30786","32.635339392","192.168.1.55","192.168.1.2","TCP","1514","8004  >  36080 [ACK] Seq=69694 Ack=141 Win=65024 Len=1448 TSval=2916036715 TSecr=3045556489 [TCP segment of a reassembled PDU]"
"30787","32.635340559","192.168.1.55","192.168.1.2","TCP","1514","8004  >  36080 [ACK] Seq=71142 Ack=141 Win=65024 Len=1448 TSval=2916036715 TSecr=3045556489 [TCP segment of a reassembled PDU]"
"30788","32.635341707","192.168.1.55","192.168.1.2","TCP","1514","8004  >  36080 [ACK] Seq=72590 Ack=141 Win=65024 Len=1448 TSval=2916036715 TSecr=3045556489 [TCP segment of a reassembled PDU]"
"30789","32.635343003","192.168.1.55","192.168.1.2","TCP","1514","8004  >  36080 [ACK] Seq=74038 Ack=141 Win=65024 Len=1448 TSval=2916036715 TSecr=3045556489 [TCP segment of a reassembled PDU]"
"30790","32.635344633","192.168.1.55","192.168.1.2","TCP","1514","8004  >  36080 [PSH, ACK] Seq=75486 Ack=141 Win=65024 Len=1448 TSval=2916036715 TSecr=3045556489 [TCP segment of a reassembled PDU]"
"30791","32.635350503","192.168.1.2","192.168.1.55","TCP","66","36080  >  8004 [ACK] Seq=141 Ack=36390 Win=69632 Len=0 TSval=3045556489 TSecr=2916036711"
"30792","32.635356022","192.168.1.2","192.168.1.55","TCP","66","36080  >  8004 [ACK] Seq=141 Ack=39286 Win=76800 Len=0 TSval=3045556490 TSecr=2916036711"
"30793","32.635359337","192.168.1.2","192.168.1.55","TCP","66","36080  >  8004 [ACK] Seq=141 Ack=42182 Win=81920 Len=0 TSval=3045556490 TSecr=2916036711"
"30794","32.635443985","192.168.1.55","192.168.1.2","TCP","1514","8004  >  36080 [ACK] Seq=76934 Ack=141 Win=65024 Len=1448 TSval=2916036716 TSecr=3045556490 [TCP segment of a reassembled PDU]"
"30795","32.635451170","192.168.1.55","192.168.1.2","TCP","1514","8004  >  36080 [ACK] Seq=78382 Ack=141 Win=65024 Len=1448 TSval=2916036716 TSecr=3045556490 [TCP segment of a reassembled PDU]"
"30796","32.635452522","192.168.1.55","192.168.1.2","TCP","1514","8004  >  36080 [ACK] Seq=79830 Ack=141 Win=65024 Len=1448 TSval=2916036716 TSecr=3045556490 [TCP segment of a reassembled PDU]"
"30797","32.635453744","192.168.1.55","192.168.1.2","TCP","1514","8004  >  36080 [ACK] Seq=81278 Ack=141 Win=65024 Len=1448 TSval=2916036716 TSecr=3045556490 [TCP segment of a reassembled PDU]"
"30798","32.635455115","192.168.1.55","192.168.1.2","TCP","1514","8004  >  36080 [ACK] Seq=82726 Ack=141 Win=65024 Len=1448 TSval=2916036716 TSecr=3045556490 [TCP segment of a reassembled PDU]"
"30799","32.635457096","192.168.1.55","192.168.1.2","TCP","1514","8004  >  36080 [ACK] Seq=84174 Ack=141 Win=65024 Len=1448 TSval=2916036716 TSecr=3045556490 [TCP segment of a reassembled PDU]"
"30800","32.635458578","192.168.1.55","192.168.1.2","TCP","1514","8004  >  36080 [ACK] Seq=85622 Ack=141 Win=65024 Len=1448 TSval=2916036716 TSecr=3045556490 [TCP segment of a reassembled PDU]"
"30801","32.635460226","192.168.1.55","192.168.1.2","TCP","1514","8004  >  36080 [ACK] Seq=87070 Ack=141 Win=65024 Len=1448 TSval=2916036716 TSecr=3045556490 [TCP segment of a reassembled PDU]"
"30802","32.635461522","192.168.1.55","192.168.1.2","TCP","1514","8004  >  36080 [ACK] Seq=88518 Ack=141 Win=65024 Len=1448 TSval=2916036716 TSecr=3045556490 [TCP segment of a reassembled PDU]"
"30803","32.635462670","192.168.1.55","192.168.1.2","TCP","1514","8004  >  36080 [ACK] Seq=89966 Ack=141 Win=65024 Len=1448 TSval=2916036716 TSecr=3045556490 [TCP segment of a reassembled PDU]"
"30804","32.635464244","192.168.1.55","192.168.1.2","TCP","1514","8004  >  36080 [ACK] Seq=91414 Ack=141 Win=65024 Len=1448 TSval=2916036716 TSecr=3045556490 [TCP segment of a reassembled PDU]"
"30805","32.635465800","192.168.1.55","192.168.1.2","TCP","1514","8004  >  36080 [ACK] Seq=92862 Ack=141 Win=65024 Len=1448 TSval=2916036716 TSecr=3045556490 [TCP segment of a reassembled PDU]"
"30806","32.635467430","192.168.1.55","192.168.1.2","TCP","1514","8004  >  36080 [ACK] Seq=94310 Ack=141 Win=65024 Len=1448 TSval=2916036716 TSecr=3045556490 [TCP segment of a reassembled PDU]"
"30807","32.635469281","192.168.1.55","192.168.1.2","TCP","1514","8004  >  36080 [ACK] Seq=95758 Ack=141 Win=65024 Len=1448 TSval=2916036716 TSecr=3045556490 [TCP segment of a reassembled PDU]"
"30808","32.635471004","192.168.1.55","192.168.1.2","TCP","1514","8004  >  36080 [ACK] Seq=97206 Ack=141 Win=65024 Len=1448 TSval=2916036716 TSecr=3045556490 [TCP segment of a reassembled PDU]"
"30809","32.635472152","192.168.1.55","192.168.1.2","TCP","1514","8004  >  36080 [PSH, ACK] Seq=98654 Ack=141 Win=65024 Len=1448 TSval=2916036716 TSecr=3045556490 [TCP segment of a reassembled PDU]"
"30810","32.640870068","192.168.1.2","192.168.1.55","TCP","66","36080  >  8004 [ACK] Seq=141 Ack=45078 Win=82944 Len=0 TSval=3045556494 TSecr=2916036715"
"30811","32.640884568","192.168.1.55","192.168.1.2","TCP","1514","8004  >  36080 [ACK] Seq=100102 Ack=141 Win=65024 Len=1448 TSval=2916036721 TSecr=3045556494 [TCP segment of a reassembled PDU]"
"30812","32.640886716","192.168.1.55","192.168.1.2","TCP","1514","8004  >  36080 [ACK] Seq=101550 Ack=141 Win=65024 Len=1448 TSval=2916036721 TSecr=3045556494 [TCP segment of a reassembled PDU]"
"30813","32.640887920","192.168.1.55","192.168.1.2","TCP","1514","8004  >  36080 [ACK] Seq=102998 Ack=141 Win=65024 Len=1448 TSval=2916036721 TSecr=3045556494 [TCP segment of a reassembled PDU]"
"30814","32.640889142","192.168.1.55","192.168.1.2","TCP","1514","8004  >  36080 [PSH, ACK] Seq=104446 Ack=141 Win=65024 Len=1448 TSval=2916036721 TSecr=3045556494 [TCP segment of a reassembled PDU]"
"30815","32.641128198","192.168.1.2","192.168.1.55","TCP","66","36080  >  8004 [ACK] Seq=141 Ack=49422 Win=82944 Len=0 TSval=3045556494 TSecr=2916036715"
"30816","32.641135679","192.168.1.55","192.168.1.2","TCP","1514","8004  >  36080 [ACK] Seq=105894 Ack=141 Win=65024 Len=1448 TSval=2916036721 TSecr=3045556494 [TCP segment of a reassembled PDU]"
"30817","32.641137735","192.168.1.55","192.168.1.2","TCP","1514","8004  >  36080 [PSH, ACK] Seq=107342 Ack=141 Win=65024 Len=1448 TSval=2916036721 TSecr=3045556494 [TCP segment of a reassembled PDU]"
"30818","32.642968516","192.168.1.2","192.168.1.55","TCP","66","36080  >  8004 [ACK] Seq=141 Ack=68246 Win=70656 Len=0 TSval=3045556497 TSecr=2916036715"
"30819","32.642995071","192.168.1.55","192.168.1.2","TCP","1514","8004  >  36080 [ACK] Seq=108790 Ack=141 Win=65024 Len=1448 TSval=2916036723 TSecr=3045556497 [TCP segment of a reassembled PDU]"
"30820","32.642997145","192.168.1.55","192.168.1.2","TCP","1514","8004  >  36080 [ACK] Seq=110238 Ack=141 Win=65024 Len=1448 TSval=2916036723 TSecr=3045556497 [TCP segment of a reassembled PDU]"
"30821","32.642998404","192.168.1.55","192.168.1.2","TCP","1514","8004  >  36080 [ACK] Seq=111686 Ack=141 Win=65024 Len=1448 TSval=2916036723 TSecr=3045556497 [TCP segment of a reassembled PDU]"
"30822","32.642999608","192.168.1.55","192.168.1.2","TCP","1514","8004  >  36080 [ACK] Seq=113134 Ack=141 Win=65024 Len=1448 TSval=2916036723 TSecr=3045556497 [TCP segment of a reassembled PDU]"
"30823","32.643000849","192.168.1.55","192.168.1.2","TCP","1514","8004  >  36080 [ACK] Seq=114582 Ack=141 Win=65024 Len=1448 TSval=2916036723 TSecr=3045556497 [TCP segment of a reassembled PDU]"
"30824","32.643002238","192.168.1.55","192.168.1.2","TCP","1514","8004  >  36080 [ACK] Seq=116030 Ack=141 Win=65024 Len=1448 TSval=2916036723 TSecr=3045556497 [TCP segment of a reassembled PDU]"
"30825","32.643003497","192.168.1.55","192.168.1.2","TCP","1514","8004  >  36080 [ACK] Seq=117478 Ack=141 Win=65024 Len=1448 TSval=2916036723 TSecr=3045556497 [TCP segment of a reassembled PDU]"
"30826","32.643004812","192.168.1.55","192.168.1.2","TCP","1514","8004  >  36080 [ACK] Seq=118926 Ack=141 Win=65024 Len=1448 TSval=2916036723 TSecr=3045556497 [TCP segment of a reassembled PDU]"
"30827","32.643006016","192.168.1.55","192.168.1.2","TCP","1514","8004  >  36080 [ACK] Seq=120374 Ack=141 Win=65024 Len=1448 TSval=2916036723 TSecr=3045556497 [TCP segment of a reassembled PDU]"
"30828","32.643007164","192.168.1.55","192.168.1.2","TCP","1514","8004  >  36080 [ACK] Seq=121822 Ack=141 Win=65024 Len=1448 TSval=2916036723 TSecr=3045556497 [TCP segment of a reassembled PDU]"
"30829","32.643008479","192.168.1.55","192.168.1.2","TCP","1514","8004  >  36080 [ACK] Seq=123270 Ack=141 Win=65024 Len=1448 TSval=2916036723 TSecr=3045556497 [TCP segment of a reassembled PDU]"
"30830","32.643009960","192.168.1.55","192.168.1.2","TCP","1514","8004  >  36080 [ACK] Seq=124718 Ack=141 Win=65024 Len=1448 TSval=2916036723 TSecr=3045556497 [TCP segment of a reassembled PDU]"
"30831","32.643011145","192.168.1.55","192.168.1.2","TCP","1514","8004  >  36080 [ACK] Seq=126166 Ack=141 Win=65024 Len=1448 TSval=2916036723 TSecr=3045556497 [TCP segment of a reassembled PDU]"
"30832","32.643012330","192.168.1.55","192.168.1.2","TCP","1514","8004  >  36080 [ACK] Seq=127614 Ack=141 Win=65024 Len=1448 TSval=2916036723 TSecr=3045556497 [TCP segment of a reassembled PDU]"
"30833","32.643013516","192.168.1.55","192.168.1.2","TCP","1514","8004  >  36080 [ACK] Seq=129062 Ack=141 Win=65024 Len=1448 TSval=2916036723 TSecr=3045556497 [TCP segment of a reassembled PDU]"
"30834","32.643014719","192.168.1.55","192.168.1.2","TCP","1514","8004  >  36080 [ACK] Seq=130510 Ack=141 Win=65024 Len=1448 TSval=2916036723 TSecr=3045556497 [TCP segment of a reassembled PDU]"
"30835","32.643015942","192.168.1.55","192.168.1.2","TCP","1514","8004  >  36080 [ACK] Seq=131958 Ack=141 Win=65024 Len=1448 TSval=2916036723 TSecr=3045556497 [TCP segment of a reassembled PDU]"
"30836","32.643017145","192.168.1.55","192.168.1.2","TCP","1514","8004  >  36080 [ACK] Seq=133406 Ack=141 Win=65024 Len=1448 TSval=2916036723 TSecr=3045556497 [TCP segment of a reassembled PDU]"
"30837","32.643018330","192.168.1.55","192.168.1.2","TCP","1514","8004  >  36080 [ACK] Seq=134854 Ack=141 Win=65024 Len=1448 TSval=2916036723 TSecr=3045556497 [TCP segment of a reassembled PDU]"
"30838","32.643019553","192.168.1.55","192.168.1.2","TCP","1514","8004  >  36080 [ACK] Seq=136302 Ack=141 Win=65024 Len=1448 TSval=2916036723 TSecr=3045556497 [TCP segment of a reassembled PDU]"
"30839","32.643020701","192.168.1.55","192.168.1.2","TCP","1218","[TCP Window Full] 8004  >  36080 [PSH, ACK] Seq=137750 Ack=141 Win=65024 Len=1152 TSval=2916036723 TSecr=3045556497 [TCP segment of a reassembled PDU]"
"30840","32.643870350","192.168.1.2","192.168.1.55","TCP","66","36080  >  8004 [ACK] Seq=141 Ack=76934 Win=62464 Len=0 TSval=3045556497 TSecr=2916036715"
"30841","32.643879517","192.168.1.2","192.168.1.55","TCP","66","36080  >  8004 [ACK] Seq=141 Ack=100102 Win=39936 Len=0 TSval=3045556497 TSecr=2916036716"
"30842","32.643894776","192.168.1.2","192.168.1.55","TCP","66","[TCP Window Update] 36080  >  8004 [ACK] Seq=141 Ack=100102 Win=82944 Len=0 TSval=3045556497 TSecr=2916036716"
"30843","32.643901869","192.168.1.55","192.168.1.2","TCP","1514","8004  >  36080 [ACK] Seq=138902 Ack=141 Win=65024 Len=1448 TSval=2916036724 TSecr=3045556497 [TCP segment of a reassembled PDU]"
"30844","32.643903406","192.168.1.55","192.168.1.2","TCP","362","8004  >  36080 [PSH, ACK] Seq=140350 Ack=141 Win=65024 Len=296 TSval=2916036724 TSecr=3045556497 [TCP segment of a reassembled PDU]"
"30845","32.643922758","192.168.1.55","192.168.1.2","TCP","1514","8004  >  36080 [ACK] Seq=140646 Ack=141 Win=65024 Len=1448 TSval=2916036724 TSecr=3045556497 [TCP segment of a reassembled PDU]"
"30846","32.643923924","192.168.1.55","192.168.1.2","TCP","1514","8004  >  36080 [ACK] Seq=142094 Ack=141 Win=65024 Len=1448 TSval=2916036724 TSecr=3045556497 [TCP segment of a reassembled PDU]"
"30847","32.643925036","192.168.1.55","192.168.1.2","TCP","1514","8004  >  36080 [ACK] Seq=143542 Ack=141 Win=65024 Len=1448 TSval=2916036724 TSecr=3045556497 [TCP segment of a reassembled PDU]"
"30848","32.643926128","192.168.1.55","192.168.1.2","TCP","1514","8004  >  36080 [ACK] Seq=144990 Ack=141 Win=65024 Len=1448 TSval=2916036724 TSecr=3045556497 [TCP segment of a reassembled PDU]"
"30849","32.643927332","192.168.1.55","192.168.1.2","TCP","1514","8004  >  36080 [ACK] Seq=146438 Ack=141 Win=65024 Len=1448 TSval=2916036724 TSecr=3045556497 [TCP segment of a reassembled PDU]"
"30850","32.643928721","192.168.1.55","192.168.1.2","TCP","1514","8004  >  36080 [ACK] Seq=147886 Ack=141 Win=65024 Len=1448 TSval=2916036724 TSecr=3045556497 [TCP segment of a reassembled PDU]"
"30851","32.643929795","192.168.1.55","192.168.1.2","TCP","1514","8004  >  36080 [ACK] Seq=149334 Ack=141 Win=65024 Len=1448 TSval=2916036724 TSecr=3045556497 [TCP segment of a reassembled PDU]"
"30852","32.643930962","192.168.1.55","192.168.1.2","TCP","1514","8004  >  36080 [ACK] Seq=150782 Ack=141 Win=65024 Len=1448 TSval=2916036724 TSecr=3045556497 [TCP segment of a reassembled PDU]"
"30853","32.643932036","192.168.1.55","192.168.1.2","TCP","1514","8004  >  36080 [ACK] Seq=152230 Ack=141 Win=65024 Len=1448 TSval=2916036724 TSecr=3045556497 [TCP segment of a reassembled PDU]"
"30854","32.643933276","192.168.1.55","192.168.1.2","TCP","1514","8004  >  36080 [ACK] Seq=153678 Ack=141 Win=65024 Len=1448 TSval=2916036724 TSecr=3045556497 [TCP segment of a reassembled PDU]"
"30855","32.643934387","192.168.1.55","192.168.1.2","TCP","1514","8004  >  36080 [ACK] Seq=155126 Ack=141 Win=65024 Len=1448 TSval=2916036724 TSecr=3045556497 [TCP segment of a reassembled PDU]"
"30856","32.643935517","192.168.1.55","192.168.1.2","TCP","1514","8004  >  36080 [ACK] Seq=156574 Ack=141 Win=65024 Len=1448 TSval=2916036724 TSecr=3045556497 [TCP segment of a reassembled PDU]"
"30857","32.643936758","192.168.1.55","192.168.1.2","TCP","1514","8004  >  36080 [ACK] Seq=158022 Ack=141 Win=65024 Len=1448 TSval=2916036724 TSecr=3045556497 [TCP segment of a reassembled PDU]"
"30858","32.643937962","192.168.1.55","192.168.1.2","TCP","1514","8004  >  36080 [ACK] Seq=159470 Ack=141 Win=65024 Len=1448 TSval=2916036724 TSecr=3045556497 [TCP segment of a reassembled PDU]"
"30859","32.643939147","192.168.1.55","192.168.1.2","TCP","1514","8004  >  36080 [ACK] Seq=160918 Ack=141 Win=65024 Len=1448 TSval=2916036724 TSecr=3045556497 [TCP segment of a reassembled PDU]"
"30860","32.643940239","192.168.1.55","192.168.1.2","TCP","1514","8004  >  36080 [ACK] Seq=162366 Ack=141 Win=65024 Len=1448 TSval=2916036724 TSecr=3045556497 [TCP segment of a reassembled PDU]"
"30861","32.643941369","192.168.1.55","192.168.1.2","TCP","1514","8004  >  36080 [ACK] Seq=163814 Ack=141 Win=65024 Len=1448 TSval=2916036724 TSecr=3045556497 [TCP segment of a reassembled PDU]"
"30862","32.643942554","192.168.1.55","192.168.1.2","TCP","1514","8004  >  36080 [ACK] Seq=165262 Ack=141 Win=65024 Len=1448 TSval=2916036724 TSecr=3045556497 [TCP segment of a reassembled PDU]"
"30863","32.643943665","192.168.1.55","192.168.1.2","TCP","1514","8004  >  36080 [ACK] Seq=166710 Ack=141 Win=65024 Len=1448 TSval=2916036724 TSecr=3045556497 [TCP segment of a reassembled PDU]"
"30864","32.643945258","192.168.1.55","192.168.1.2","TCP","1514","8004  >  36080 [ACK] Seq=168158 Ack=141 Win=65024 Len=1448 TSval=2916036724 TSecr=3045556497 [TCP segment of a reassembled PDU]"
"30865","32.643946425","192.168.1.55","192.168.1.2","TCP","1514","8004  >  36080 [ACK] Seq=169606 Ack=141 Win=65024 Len=1448 TSval=2916036724 TSecr=3045556497 [TCP segment of a reassembled PDU]"
"30866","32.643947536","192.168.1.55","192.168.1.2","TCP","1514","8004  >  36080 [PSH, ACK] Seq=171054 Ack=141 Win=65024 Len=1448 TSval=2916036724 TSecr=3045556497 [TCP segment of a reassembled PDU]"
"30867","32.645655075","192.168.1.2","192.168.1.55","TCP","66","36080  >  8004 [ACK] Seq=141 Ack=101550 Win=83968 Len=0 TSval=3045556498 TSecr=2916036721"
"30868","32.645669668","192.168.1.55","192.168.1.2","TCP","1514","8004  >  36080 [ACK] Seq=172502 Ack=141 Win=65024 Len=1448 TSval=2916036726 TSecr=3045556498 [TCP segment of a reassembled PDU]"
"30869","32.645672131","192.168.1.55","192.168.1.2","TCP","1514","8004  >  36080 [ACK] Seq=173950 Ack=141 Win=65024 Len=1448 TSval=2916036726 TSecr=3045556498 [TCP segment of a reassembled PDU]"
"30870","32.645673409","192.168.1.55","192.168.1.2","TCP","1514","8004  >  36080 [ACK] Seq=175398 Ack=141 Win=65024 Len=1448 TSval=2916036726 TSecr=3045556498 [TCP segment of a reassembled PDU]"
"30871","32.645674872","192.168.1.55","192.168.1.2","TCP","1514","8004  >  36080 [ACK] Seq=176846 Ack=141 Win=65024 Len=1448 TSval=2916036726 TSecr=3045556498 [TCP segment of a reassembled PDU]"
"30872","32.645676187","192.168.1.55","192.168.1.2","TCP","1514","8004  >  36080 [ACK] Seq=178294 Ack=141 Win=65024 Len=1448 TSval=2916036726 TSecr=3045556498 [TCP segment of a reassembled PDU]"
"30873","32.645677649","192.168.1.55","192.168.1.2","TCP","1514","8004  >  36080 [ACK] Seq=179742 Ack=141 Win=65024 Len=1448 TSval=2916036726 TSecr=3045556498 [TCP segment of a reassembled PDU]"
"30874","32.645678909","192.168.1.55","192.168.1.2","TCP","1514","8004  >  36080 [ACK] Seq=181190 Ack=141 Win=65024 Len=1448 TSval=2916036726 TSecr=3045556498 [TCP segment of a reassembled PDU]"
"30875","32.645680224","192.168.1.55","192.168.1.2","TCP","1514","8004  >  36080 [PSH, ACK] Seq=182638 Ack=141 Win=65024 Len=1448 TSval=2916036726 TSecr=3045556498 [TCP segment of a reassembled PDU]"
"30876","32.647190244","192.168.1.2","192.168.1.55","TCP","66","36080  >  8004 [ACK] Seq=141 Ack=108790 Win=83968 Len=0 TSval=3045556499 TSecr=2916036721"
"30877","32.647202189","192.168.1.55","192.168.1.2","TCP","1514","8004  >  36080 [ACK] Seq=184086 Ack=141 Win=65024 Len=1448 TSval=2916036727 TSecr=3045556499 [TCP segment of a reassembled PDU]"
"30878","32.647204282","192.168.1.55","192.168.1.2","TCP","1514","8004  >  36080 [ACK] Seq=185534 Ack=141 Win=65024 Len=1448 TSval=2916036727 TSecr=3045556499 [TCP segment of a reassembled PDU]"
"30879","32.647205726","192.168.1.55","192.168.1.2","TCP","1514","8004  >  36080 [ACK] Seq=186982 Ack=141 Win=65024 Len=1448 TSval=2916036727 TSecr=3045556499 [TCP segment of a reassembled PDU]"
"30880","32.647207004","192.168.1.55","192.168.1.2","TCP","1514","8004  >  36080 [ACK] Seq=188430 Ack=141 Win=65024 Len=1448 TSval=2916036727 TSecr=3045556499 [TCP segment of a reassembled PDU]"
"30881","32.647208282","192.168.1.55","192.168.1.2","TCP","1514","8004  >  36080 [PSH, ACK] Seq=189878 Ack=141 Win=65024 Len=1448 TSval=2916036727 TSecr=3045556499 [TCP segment of a reassembled PDU]"
"30882","32.650473065","192.168.1.2","192.168.1.55","TCP","66","36080  >  8004 [ACK] Seq=141 Ack=138902 Win=91136 Len=0 TSval=3045556503 TSecr=2916036723"
"30883","32.650491731","192.168.1.55","192.168.1.2","TCP","1514","8004  >  36080 [ACK] Seq=191326 Ack=141 Win=65024 Len=1448 TSval=2916036731 TSecr=3045556503 [TCP segment of a reassembled PDU]"
"30884","32.650494435","192.168.1.55","192.168.1.2","TCP","1514","8004  >  36080 [ACK] Seq=192774 Ack=141 Win=65024 Len=1448 TSval=2916036731 TSecr=3045556503 [TCP segment of a reassembled PDU]"
"30885","32.650495805","192.168.1.55","192.168.1.2","TCP","1514","8004  >  36080 [ACK] Seq=194222 Ack=141 Win=65024 Len=1448 TSval=2916036731 TSecr=3045556503 [TCP segment of a reassembled PDU]"
"30886","32.650497157","192.168.1.55","192.168.1.2","TCP","1514","8004  >  36080 [ACK] Seq=195670 Ack=141 Win=65024 Len=1448 TSval=2916036731 TSecr=3045556503 [TCP segment of a reassembled PDU]"
"30887","32.650498453","192.168.1.55","192.168.1.2","TCP","1514","8004  >  36080 [ACK] Seq=197118 Ack=141 Win=65024 Len=1448 TSval=2916036731 TSecr=3045556503 [TCP segment of a reassembled PDU]"
"30888","32.650499768","192.168.1.55","192.168.1.2","TCP","1514","8004  >  36080 [ACK] Seq=198566 Ack=141 Win=65024 Len=1448 TSval=2916036731 TSecr=3045556503 [TCP segment of a reassembled PDU]"
"30889","32.650501398","192.168.1.55","192.168.1.2","TCP","1514","8004  >  36080 [ACK] Seq=200014 Ack=141 Win=65024 Len=1448 TSval=2916036731 TSecr=3045556503 [TCP segment of a reassembled PDU]"
"30890","32.650502824","192.168.1.55","192.168.1.2","TCP","1514","8004  >  36080 [ACK] Seq=201462 Ack=141 Win=65024 Len=1448 TSval=2916036731 TSecr=3045556503 [TCP segment of a reassembled PDU]"
"30891","32.650504194","192.168.1.55","192.168.1.2","TCP","1514","8004  >  36080 [ACK] Seq=202910 Ack=141 Win=65024 Len=1448 TSval=2916036731 TSecr=3045556503 [TCP segment of a reassembled PDU]"
"30892","32.650505453","192.168.1.55","192.168.1.2","TCP","1514","8004  >  36080 [ACK] Seq=204358 Ack=141 Win=65024 Len=1448 TSval=2916036731 TSecr=3045556503 [TCP segment of a reassembled PDU]"
"30893","32.650506824","192.168.1.55","192.168.1.2","TCP","1514","8004  >  36080 [PSH, ACK] Seq=205806 Ack=141 Win=65024 Len=1448 TSval=2916036731 TSecr=3045556503 [TCP segment of a reassembled PDU]"
"30894","32.650563935","192.168.1.2","192.168.1.55","TCP","66","36080  >  8004 [ACK] Seq=141 Ack=140646 Win=94208 Len=0 TSval=3045556503 TSecr=2916036724"
"30895","32.650571139","192.168.1.2","192.168.1.55","TCP","66","36080  >  8004 [ACK] Seq=141 Ack=168158 Win=94208 Len=0 TSval=3045556503 TSecr=2916036724"
"30896","32.650600935","192.168.1.55","192.168.1.2","TCP","1514","8004  >  36080 [ACK] Seq=207254 Ack=141 Win=65024 Len=1448 TSval=2916036731 TSecr=3045556503 [TCP segment of a reassembled PDU]"
"30897","32.650602991","192.168.1.55","192.168.1.2","TCP","1514","8004  >  36080 [ACK] Seq=208702 Ack=141 Win=65024 Len=1448 TSval=2916036731 TSecr=3045556503 [TCP segment of a reassembled PDU]"
"30898","32.650604380","192.168.1.55","192.168.1.2","TCP","1514","8004  >  36080 [ACK] Seq=210150 Ack=141 Win=65024 Len=1448 TSval=2916036731 TSecr=3045556503 [TCP segment of a reassembled PDU]"
"30899","32.650605954","192.168.1.55","192.168.1.2","TCP","1514","8004  >  36080 [ACK] Seq=211598 Ack=141 Win=65024 Len=1448 TSval=2916036731 TSecr=3045556503 [TCP segment of a reassembled PDU]"
"30900","32.650607435","192.168.1.55","192.168.1.2","TCP","1514","8004  >  36080 [ACK] Seq=213046 Ack=141 Win=65024 Len=1448 TSval=2916036731 TSecr=3045556503 [TCP segment of a reassembled PDU]"
"30901","32.650608805","192.168.1.55","192.168.1.2","TCP","1514","8004  >  36080 [ACK] Seq=214494 Ack=141 Win=65024 Len=1448 TSval=2916036731 TSecr=3045556503 [TCP segment of a reassembled PDU]"
"30902","32.650610231","192.168.1.55","192.168.1.2","TCP","1514","8004  >  36080 [ACK] Seq=215942 Ack=141 Win=65024 Len=1448 TSval=2916036731 TSecr=3045556503 [TCP segment of a reassembled PDU]"
"30903","32.650611972","192.168.1.55","192.168.1.2","TCP","1514","8004  >  36080 [ACK] Seq=217390 Ack=141 Win=65024 Len=1448 TSval=2916036731 TSecr=3045556503 [TCP segment of a reassembled PDU]"
"30904","32.650613268","192.168.1.55","192.168.1.2","TCP","1514","8004  >  36080 [ACK] Seq=218838 Ack=141 Win=65024 Len=1448 TSval=2916036731 TSecr=3045556503 [TCP segment of a reassembled PDU]"
"30905","32.650614750","192.168.1.55","192.168.1.2","TCP","1514","8004  >  36080 [ACK] Seq=220286 Ack=141 Win=65024 Len=1448 TSval=2916036731 TSecr=3045556503 [TCP segment of a reassembled PDU]"
"30906","32.650616268","192.168.1.55","192.168.1.2","TCP","1514","8004  >  36080 [ACK] Seq=221734 Ack=141 Win=65024 Len=1448 TSval=2916036731 TSecr=3045556503 [TCP segment of a reassembled PDU]"
"30907","32.650617528","192.168.1.55","192.168.1.2","TCP","1514","8004  >  36080 [ACK] Seq=223182 Ack=141 Win=65024 Len=1448 TSval=2916036731 TSecr=3045556503 [TCP segment of a reassembled PDU]"
"30908","32.650619268","192.168.1.55","192.168.1.2","TCP","1514","8004  >  36080 [ACK] Seq=224630 Ack=141 Win=65024 Len=1448 TSval=2916036731 TSecr=3045556503 [TCP segment of a reassembled PDU]"
"30909","32.650620565","192.168.1.55","192.168.1.2","TCP","1514","8004  >  36080 [ACK] Seq=226078 Ack=141 Win=65024 Len=1448 TSval=2916036731 TSecr=3045556503 [TCP segment of a reassembled PDU]"
"30910","32.650621935","192.168.1.55","192.168.1.2","TCP","1514","8004  >  36080 [ACK] Seq=227526 Ack=141 Win=65024 Len=1448 TSval=2916036731 TSecr=3045556503 [TCP segment of a reassembled PDU]"
"30911","32.650623268","192.168.1.55","192.168.1.2","TCP","1514","8004  >  36080 [ACK] Seq=228974 Ack=141 Win=65024 Len=1448 TSval=2916036731 TSecr=3045556503 [TCP segment of a reassembled PDU]"
"30912","32.650624528","192.168.1.55","192.168.1.2","TCP","1514","8004  >  36080 [ACK] Seq=230422 Ack=141 Win=65024 Len=1448 TSval=2916036731 TSecr=3045556503 [TCP segment of a reassembled PDU]"
"30913","32.650625880","192.168.1.55","192.168.1.2","TCP","1514","8004  >  36080 [ACK] Seq=231870 Ack=141 Win=65024 Len=1448 TSval=2916036731 TSecr=3045556503 [TCP segment of a reassembled PDU]"
"30914","32.650627305","192.168.1.55","192.168.1.2","TCP","1514","8004  >  36080 [ACK] Seq=233318 Ack=141 Win=65024 Len=1448 TSval=2916036731 TSecr=3045556503 [TCP segment of a reassembled PDU]"
"30915","32.650633806","192.168.1.55","192.168.1.2","TCP","1514","8004  >  36080 [ACK] Seq=234766 Ack=141 Win=65024 Len=1448 TSval=2916036731 TSecr=3045556503 [TCP segment of a reassembled PDU]"
"30916","32.650635676","192.168.1.55","192.168.1.2","TCP","1514","8004  >  36080 [ACK] Seq=236214 Ack=141 Win=65024 Len=1448 TSval=2916036731 TSecr=3045556503 [TCP segment of a reassembled PDU]"
"30917","32.650637083","192.168.1.55","192.168.1.2","TCP","1514","8004  >  36080 [ACK] Seq=237662 Ack=141 Win=65024 Len=1448 TSval=2916036731 TSecr=3045556503 [TCP segment of a reassembled PDU]"
"30918","32.650638454","192.168.1.55","192.168.1.2","TCP","1514","8004  >  36080 [ACK] Seq=239110 Ack=141 Win=65024 Len=1448 TSval=2916036731 TSecr=3045556503 [TCP segment of a reassembled PDU]"
"30919","32.650639972","192.168.1.55","192.168.1.2","TCP","1514","8004  >  36080 [PSH, ACK] Seq=240558 Ack=141 Win=65024 Len=1448 TSval=2916036731 TSecr=3045556503 [TCP segment of a reassembled PDU]"
"30920","32.652882309","192.168.1.2","192.168.1.55","TCP","66","36080  >  8004 [ACK] Seq=141 Ack=172502 Win=103424 Len=0 TSval=3045556505 TSecr=2916036724"
"30921","32.652907587","192.168.1.55","192.168.1.2","TCP","1514","8004  >  36080 [ACK] Seq=242006 Ack=141 Win=65024 Len=1448 TSval=2916036733 TSecr=3045556505 [TCP segment of a reassembled PDU]"
"30922","32.652910309","192.168.1.55","192.168.1.2","TCP","1514","8004  >  36080 [ACK] Seq=243454 Ack=141 Win=65024 Len=1448 TSval=2916036733 TSecr=3045556505 [TCP segment of a reassembled PDU]"
"30923","32.652911754","192.168.1.55","192.168.1.2","TCP","1514","8004  >  36080 [ACK] Seq=244902 Ack=141 Win=65024 Len=1448 TSval=2916036733 TSecr=3045556505 [TCP segment of a reassembled PDU]"
"30924","32.652913124","192.168.1.55","192.168.1.2","TCP","1514","8004  >  36080 [ACK] Seq=246350 Ack=141 Win=65024 Len=1448 TSval=2916036733 TSecr=3045556505 [TCP segment of a reassembled PDU]"
"30925","32.652914494","192.168.1.55","192.168.1.2","TCP","1514","8004  >  36080 [ACK] Seq=247798 Ack=141 Win=65024 Len=1448 TSval=2916036733 TSecr=3045556505 [TCP segment of a reassembled PDU]"
"30926","32.652915772","192.168.1.55","192.168.1.2","TCP","1514","8004  >  36080 [ACK] Seq=249246 Ack=141 Win=65024 Len=1448 TSval=2916036733 TSecr=3045556505 [TCP segment of a reassembled PDU]"
"30927","32.652917142","192.168.1.55","192.168.1.2","TCP","1514","8004  >  36080 [ACK] Seq=250694 Ack=141 Win=65024 Len=1448 TSval=2916036733 TSecr=3045556505 [TCP segment of a reassembled PDU]"
"30928","32.652918513","192.168.1.55","192.168.1.2","TCP","1514","8004  >  36080 [ACK] Seq=252142 Ack=141 Win=65024 Len=1448 TSval=2916036733 TSecr=3045556505 [TCP segment of a reassembled PDU]"
"30929","32.652919902","192.168.1.55","192.168.1.2","TCP","1514","8004  >  36080 [ACK] Seq=253590 Ack=141 Win=65024 Len=1448 TSval=2916036733 TSecr=3045556505 [TCP segment of a reassembled PDU]"
"30930","32.652921291","192.168.1.55","192.168.1.2","TCP","1514","8004  >  36080 [ACK] Seq=255038 Ack=141 Win=65024 Len=1448 TSval=2916036733 TSecr=3045556505 [TCP segment of a reassembled PDU]"
"30931","32.652923087","192.168.1.55","192.168.1.2","TCP","1514","8004  >  36080 [ACK] Seq=256486 Ack=141 Win=65024 Len=1448 TSval=2916036733 TSecr=3045556505 [TCP segment of a reassembled PDU]"
"30932","32.652924513","192.168.1.55","192.168.1.2","TCP","1514","8004  >  36080 [PSH, ACK] Seq=257934 Ack=141 Win=65024 Len=1448 TSval=2916036733 TSecr=3045556505 [TCP segment of a reassembled PDU]"
"30933","32.652999180","192.168.1.2","192.168.1.55","TCP","66","36080  >  8004 [ACK] Seq=141 Ack=184086 Win=103424 Len=0 TSval=3045556505 TSecr=2916036726"
"30934","32.653006846","192.168.1.2","192.168.1.55","TCP","66","36080  >  8004 [ACK] Seq=141 Ack=191326 Win=118784 Len=0 TSval=3045556506 TSecr=2916036727"
"30935","32.653028254","192.168.1.55","192.168.1.2","TCP","1514","8004  >  36080 [ACK] Seq=259382 Ack=141 Win=65024 Len=1448 TSval=2916036733 TSecr=3045556506 [TCP segment of a reassembled PDU]"
"30936","32.653030069","192.168.1.55","192.168.1.2","TCP","1514","8004  >  36080 [ACK] Seq=260830 Ack=141 Win=65024 Len=1448 TSval=2916036733 TSecr=3045556506 [TCP segment of a reassembled PDU]"
"30937","32.653031383","192.168.1.55","192.168.1.2","TCP","1514","8004  >  36080 [ACK] Seq=262278 Ack=141 Win=65024 Len=1448 TSval=2916036733 TSecr=3045556506 [TCP segment of a reassembled PDU]"
"30938","32.653032809","192.168.1.55","192.168.1.2","TCP","1514","8004  >  36080 [ACK] Seq=263726 Ack=141 Win=65024 Len=1448 TSval=2916036733 TSecr=3045556506 [TCP segment of a reassembled PDU]"
"30939","32.653034235","192.168.1.55","192.168.1.2","TCP","1514","8004  >  36080 [ACK] Seq=265174 Ack=141 Win=65024 Len=1448 TSval=2916036733 TSecr=3045556506 [TCP segment of a reassembled PDU]"
"30940","32.653035643","192.168.1.55","192.168.1.2","TCP","1514","8004  >  36080 [ACK] Seq=266622 Ack=141 Win=65024 Len=1448 TSval=2916036733 TSecr=3045556506 [TCP segment of a reassembled PDU]"
"30941","32.653037013","192.168.1.55","192.168.1.2","TCP","1514","8004  >  36080 [ACK] Seq=268070 Ack=141 Win=65024 Len=1448 TSval=2916036733 TSecr=3045556506 [TCP segment of a reassembled PDU]"
"30942","32.653038495","192.168.1.55","192.168.1.2","TCP","1514","8004  >  36080 [ACK] Seq=269518 Ack=141 Win=65024 Len=1448 TSval=2916036733 TSecr=3045556506 [TCP segment of a reassembled PDU]"
"30943","32.653039902","192.168.1.55","192.168.1.2","TCP","1514","8004  >  36080 [ACK] Seq=270966 Ack=141 Win=65024 Len=1448 TSval=2916036733 TSecr=3045556506 [TCP segment of a reassembled PDU]"
"30944","32.653041809","192.168.1.55","192.168.1.2","TCP","1514","8004  >  36080 [ACK] Seq=272414 Ack=141 Win=65024 Len=1448 TSval=2916036733 TSecr=3045556506 [TCP segment of a reassembled PDU]"
"30945","32.653043365","192.168.1.55","192.168.1.2","TCP","1514","8004  >  36080 [ACK] Seq=273862 Ack=141 Win=65024 Len=1448 TSval=2916036733 TSecr=3045556506 [TCP segment of a reassembled PDU]"
"30946","32.653044883","192.168.1.55","192.168.1.2","TCP","1514","8004  >  36080 [ACK] Seq=275310 Ack=141 Win=65024 Len=1448 TSval=2916036733 TSecr=3045556506 [TCP segment of a reassembled PDU]"
"30947","32.653046272","192.168.1.55","192.168.1.2","TCP","1514","8004  >  36080 [ACK] Seq=276758 Ack=141 Win=65024 Len=1448 TSval=2916036733 TSecr=3045556506 [TCP segment of a reassembled PDU]"
"30948","32.653047735","192.168.1.55","192.168.1.2","TCP","1514","8004  >  36080 [PSH, ACK] Seq=278206 Ack=141 Win=65024 Len=1448 TSval=2916036733 TSecr=3045556506 [TCP segment of a reassembled PDU]"
"30949","32.657863891","192.168.1.2","192.168.1.55","TCP","66","36080  >  8004 [ACK] Seq=141 Ack=207254 Win=114688 Len=0 TSval=3045556510 TSecr=2916036731"
"30950","32.657875595","192.168.1.55","192.168.1.2","TCP","1514","8004  >  36080 [ACK] Seq=279654 Ack=141 Win=65024 Len=1448 TSval=2916036738 TSecr=3045556510 [TCP segment of a reassembled PDU]"
"30951","32.657877910","192.168.1.55","192.168.1.2","TCP","1514","8004  >  36080 [PSH, ACK] Seq=281102 Ack=141 Win=65024 Len=1448 TSval=2916036738 TSecr=3045556510 [TCP segment of a reassembled PDU]"
"30952","32.658086873","192.168.1.2","192.168.1.55","TCP","66","36080  >  8004 [ACK] Seq=141 Ack=242006 Win=81920 Len=0 TSval=3045556510 TSecr=2916036731"
"30953","32.658121058","192.168.1.55","192.168.1.2","TCP","1514","8004  >  36080 [ACK] Seq=282550 Ack=141 Win=65024 Len=1448 TSval=2916036738 TSecr=3045556510 [TCP segment of a reassembled PDU]"
"30954","32.658124169","192.168.1.55","192.168.1.2","TCP","1514","8004  >  36080 [ACK] Seq=283998 Ack=141 Win=65024 Len=1448 TSval=2916036738 TSecr=3045556510 [TCP segment of a reassembled PDU]"
"30955","32.658125706","192.168.1.55","192.168.1.2","TCP","1514","8004  >  36080 [ACK] Seq=285446 Ack=141 Win=65024 Len=1448 TSval=2916036738 TSecr=3045556510 [TCP segment of a reassembled PDU]"
"30956","32.658127040","192.168.1.55","192.168.1.2","TCP","1514","8004  >  36080 [ACK] Seq=286894 Ack=141 Win=65024 Len=1448 TSval=2916036738 TSecr=3045556510 [TCP segment of a reassembled PDU]"
"30957","32.658128410","192.168.1.55","192.168.1.2","TCP","1514","8004  >  36080 [ACK] Seq=288342 Ack=141 Win=65024 Len=1448 TSval=2916036738 TSecr=3045556510 [TCP segment of a reassembled PDU]"
"30958","32.658129706","192.168.1.55","192.168.1.2","TCP","1514","8004  >  36080 [ACK] Seq=289790 Ack=141 Win=65024 Len=1448 TSval=2916036738 TSecr=3045556510 [TCP segment of a reassembled PDU]"
"30959","32.658131188","192.168.1.55","192.168.1.2","TCP","1514","8004  >  36080 [ACK] Seq=291238 Ack=141 Win=65024 Len=1448 TSval=2916036738 TSecr=3045556510 [TCP segment of a reassembled PDU]"
"30960","32.658132632","192.168.1.55","192.168.1.2","TCP","1514","8004  >  36080 [ACK] Seq=292686 Ack=141 Win=65024 Len=1448 TSval=2916036738 TSecr=3045556510 [TCP segment of a reassembled PDU]"
"30961","32.658133929","192.168.1.55","192.168.1.2","TCP","1514","8004  >  36080 [ACK] Seq=294134 Ack=141 Win=65024 Len=1448 TSval=2916036738 TSecr=3045556510 [TCP segment of a reassembled PDU]"
"30962","32.658135206","192.168.1.55","192.168.1.2","TCP","1514","8004  >  36080 [ACK] Seq=295582 Ack=141 Win=65024 Len=1448 TSval=2916036738 TSecr=3045556510 [TCP segment of a reassembled PDU]"
"30963","32.658136688","192.168.1.55","192.168.1.2","TCP","1514","8004  >  36080 [ACK] Seq=297030 Ack=141 Win=65024 Len=1448 TSval=2916036738 TSecr=3045556510 [TCP segment of a reassembled PDU]"
"30964","32.658138021","192.168.1.55","192.168.1.2","TCP","1514","8004  >  36080 [ACK] Seq=298478 Ack=141 Win=65024 Len=1448 TSval=2916036738 TSecr=3045556510 [TCP segment of a reassembled PDU]"
"30965","32.658139410","192.168.1.55","192.168.1.2","TCP","1514","8004  >  36080 [ACK] Seq=299926 Ack=141 Win=65024 Len=1448 TSval=2916036738 TSecr=3045556510 [TCP segment of a reassembled PDU]"
"30966","32.658140966","192.168.1.55","192.168.1.2","TCP","1514","8004  >  36080 [ACK] Seq=301374 Ack=141 Win=65024 Len=1448 TSval=2916036738 TSecr=3045556510 [TCP segment of a reassembled PDU]"
"30967","32.658142354","192.168.1.55","192.168.1.2","TCP","1514","8004  >  36080 [ACK] Seq=302822 Ack=141 Win=65024 Len=1448 TSval=2916036738 TSecr=3045556510 [TCP segment of a reassembled PDU]"
"30968","32.658143669","192.168.1.55","192.168.1.2","TCP","1514","8004  >  36080 [ACK] Seq=304270 Ack=141 Win=65024 Len=1448 TSval=2916036738 TSecr=3045556510 [TCP segment of a reassembled PDU]"
"30969","32.658144966","192.168.1.55","192.168.1.2","TCP","1514","8004  >  36080 [ACK] Seq=305718 Ack=141 Win=65024 Len=1448 TSval=2916036738 TSecr=3045556510 [TCP segment of a reassembled PDU]"
"30970","32.658146447","192.168.1.55","192.168.1.2","TCP","1514","8004  >  36080 [ACK] Seq=307166 Ack=141 Win=65024 Len=1448 TSval=2916036738 TSecr=3045556510 [TCP segment of a reassembled PDU]"
"30971","32.658147706","192.168.1.55","192.168.1.2","TCP","1514","8004  >  36080 [ACK] Seq=308614 Ack=141 Win=65024 Len=1448 TSval=2916036738 TSecr=3045556510 [TCP segment of a reassembled PDU]"
"30972","32.658149040","192.168.1.55","192.168.1.2","TCP","1514","8004  >  36080 [ACK] Seq=310062 Ack=141 Win=65024 Len=1448 TSval=2916036738 TSecr=3045556510 [TCP segment of a reassembled PDU]"
"30973","32.658150503","192.168.1.55","192.168.1.2","TCP","1514","8004  >  36080 [ACK] Seq=311510 Ack=141 Win=65024 Len=1448 TSval=2916036738 TSecr=3045556510 [TCP segment of a reassembled PDU]"
"30974","32.658151799","192.168.1.55","192.168.1.2","TCP","1514","8004  >  36080 [ACK] Seq=312958 Ack=141 Win=65024 Len=1448 TSval=2916036738 TSecr=3045556510 [TCP segment of a reassembled PDU]"
"30975","32.658153225","192.168.1.55","192.168.1.2","TCP","1514","8004  >  36080 [ACK] Seq=314406 Ack=141 Win=65024 Len=1448 TSval=2916036738 TSecr=3045556510 [TCP segment of a reassembled PDU]"
"30976","32.658154651","192.168.1.55","192.168.1.2","TCP","1514","8004  >  36080 [ACK] Seq=315854 Ack=141 Win=65024 Len=1448 TSval=2916036738 TSecr=3045556510 [TCP segment of a reassembled PDU]"
"30977","32.658156058","192.168.1.55","192.168.1.2","TCP","1514","8004  >  36080 [ACK] Seq=317302 Ack=141 Win=65024 Len=1448 TSval=2916036738 TSecr=3045556510 [TCP segment of a reassembled PDU]"
"30978","32.658157706","192.168.1.55","192.168.1.2","TCP","1514","8004  >  36080 [ACK] Seq=318750 Ack=141 Win=65024 Len=1448 TSval=2916036738 TSecr=3045556510 [TCP segment of a reassembled PDU]"
"30979","32.658159003","192.168.1.55","192.168.1.2","TCP","1514","8004  >  36080 [ACK] Seq=320198 Ack=141 Win=65024 Len=1448 TSval=2916036738 TSecr=3045556510 [TCP segment of a reassembled PDU]"
"30980","32.658160632","192.168.1.55","192.168.1.2","TCP","1514","8004  >  36080 [PSH, ACK] Seq=321646 Ack=141 Win=65024 Len=1448 TSval=2916036738 TSecr=3045556510 [TCP segment of a reassembled PDU]"
"30981","32.658165669","192.168.1.2","192.168.1.55","TCP","66","36080  >  8004 [ACK] Seq=141 Ack=259382 Win=113664 Len=0 TSval=3045556512 TSecr=2916036733"
"30982","32.658172706","192.168.1.2","192.168.1.55","TCP","66","36080  >  8004 [ACK] Seq=141 Ack=279654 Win=111616 Len=0 TSval=3045556512 TSecr=2916036733"
"30983","32.659243634","192.168.1.55","192.168.1.2","TCP","1514","8004  >  36080 [ACK] Seq=323094 Ack=141 Win=65024 Len=1448 TSval=2916036739 TSecr=3045556512 [TCP segment of a reassembled PDU]"
"30984","32.659248301","192.168.1.55","192.168.1.2","TCP","1514","8004  >  36080 [ACK] Seq=324542 Ack=141 Win=65024 Len=1448 TSval=2916036739 TSecr=3045556512 [TCP segment of a reassembled PDU]"
"30985","32.659249856","192.168.1.55","192.168.1.2","TCP","1514","8004  >  36080 [ACK] Seq=325990 Ack=141 Win=65024 Len=1448 TSval=2916036739 TSecr=3045556512 [TCP segment of a reassembled PDU]"
"30986","32.659251282","192.168.1.55","192.168.1.2","TCP","1514","8004  >  36080 [ACK] Seq=327438 Ack=141 Win=65024 Len=1448 TSval=2916036739 TSecr=3045556512 [TCP segment of a reassembled PDU]"
"30987","32.659252708","192.168.1.55","192.168.1.2","TCP","1514","8004  >  36080 [ACK] Seq=328886 Ack=141 Win=65024 Len=1448 TSval=2916036739 TSecr=3045556512 [TCP segment of a reassembled PDU]"
"30988","32.659254097","192.168.1.55","192.168.1.2","TCP","1514","8004  >  36080 [ACK] Seq=330334 Ack=141 Win=65024 Len=1448 TSval=2916036739 TSecr=3045556512 [TCP segment of a reassembled PDU]"
"30989","32.659255467","192.168.1.55","192.168.1.2","TCP","1514","8004  >  36080 [ACK] Seq=331782 Ack=141 Win=65024 Len=1448 TSval=2916036739 TSecr=3045556512 [TCP segment of a reassembled PDU]"
"30990","32.659256930","192.168.1.55","192.168.1.2","TCP","1514","8004  >  36080 [ACK] Seq=333230 Ack=141 Win=65024 Len=1448 TSval=2916036739 TSecr=3045556512 [TCP segment of a reassembled PDU]"
"30991","32.659258893","192.168.1.55","192.168.1.2","TCP","1514","8004  >  36080 [ACK] Seq=334678 Ack=141 Win=65024 Len=1448 TSval=2916036739 TSecr=3045556512 [TCP segment of a reassembled PDU]"
"30992","32.659260504","192.168.1.55","192.168.1.2","TCP","1514","8004  >  36080 [ACK] Seq=336126 Ack=141 Win=65024 Len=1448 TSval=2916036739 TSecr=3045556512 [TCP segment of a reassembled PDU]"
"30993","32.659264838","192.168.1.55","192.168.1.2","TCP","1514","8004  >  36080 [ACK] Seq=337574 Ack=141 Win=65024 Len=1448 TSval=2916036739 TSecr=3045556512 [TCP segment of a reassembled PDU]"
"30994","32.659266208","192.168.1.55","192.168.1.2","TCP","1514","8004  >  36080 [ACK] Seq=339022 Ack=141 Win=65024 Len=1448 TSval=2916036739 TSecr=3045556512 [TCP segment of a reassembled PDU]"
"30995","32.659267616","192.168.1.55","192.168.1.2","TCP","1514","8004  >  36080 [ACK] Seq=340470 Ack=141 Win=65024 Len=1448 TSval=2916036739 TSecr=3045556512 [TCP segment of a reassembled PDU]"
"30996","32.659268912","192.168.1.55","192.168.1.2","TCP","1514","8004  >  36080 [ACK] Seq=341918 Ack=141 Win=65024 Len=1448 TSval=2916036739 TSecr=3045556512 [TCP segment of a reassembled PDU]"
"30997","32.659270449","192.168.1.55","192.168.1.2","TCP","1514","8004  >  36080 [ACK] Seq=343366 Ack=141 Win=65024 Len=1448 TSval=2916036739 TSecr=3045556512 [TCP segment of a reassembled PDU]"
"30998","32.659271949","192.168.1.55","192.168.1.2","TCP","1514","8004  >  36080 [ACK] Seq=344814 Ack=141 Win=65024 Len=1448 TSval=2916036739 TSecr=3045556512 [TCP segment of a reassembled PDU]"
"30999","32.659273597","192.168.1.55","192.168.1.2","TCP","1514","8004  >  36080 [ACK] Seq=346262 Ack=141 Win=65024 Len=1448 TSval=2916036739 TSecr=3045556512 [TCP segment of a reassembled PDU]"
"31000","32.659275153","192.168.1.55","192.168.1.2","TCP","1514","8004  >  36080 [ACK] Seq=347710 Ack=141 Win=65024 Len=1448 TSval=2916036739 TSecr=3045556512 [TCP segment of a reassembled PDU]"
"31001","32.659276616","192.168.1.55","192.168.1.2","TCP","1514","8004  >  36080 [ACK] Seq=349158 Ack=141 Win=65024 Len=1448 TSval=2916036739 TSecr=3045556512 [TCP segment of a reassembled PDU]"
"31002","32.659277967","192.168.1.55","192.168.1.2","TCP","1514","8004  >  36080 [ACK] Seq=350606 Ack=141 Win=65024 Len=1448 TSval=2916036739 TSecr=3045556512 [TCP segment of a reassembled PDU]"
"31003","32.659279430","192.168.1.55","192.168.1.2","TCP","1514","8004  >  36080 [ACK] Seq=352054 Ack=141 Win=65024 Len=1448 TSval=2916036739 TSecr=3045556512 [TCP segment of a reassembled PDU]"
"31004","32.659280856","192.168.1.55","192.168.1.2","TCP","1514","8004  >  36080 [ACK] Seq=353502 Ack=141 Win=65024 Len=1448 TSval=2916036739 TSecr=3045556512 [TCP segment of a reassembled PDU]"
"31005","32.659282319","192.168.1.55","192.168.1.2","TCP","1514","8004  >  36080 [ACK] Seq=354950 Ack=141 Win=65024 Len=1448 TSval=2916036739 TSecr=3045556512 [TCP segment of a reassembled PDU]"
"31006","32.659283764","192.168.1.55","192.168.1.2","TCP","1514","8004  >  36080 [ACK] Seq=356398 Ack=141 Win=65024 Len=1448 TSval=2916036739 TSecr=3045556512 [TCP segment of a reassembled PDU]"
"31007","32.659285153","192.168.1.55","192.168.1.2","TCP","1514","8004  >  36080 [ACK] Seq=357846 Ack=141 Win=65024 Len=1448 TSval=2916036739 TSecr=3045556512 [TCP segment of a reassembled PDU]"
"31008","32.659286653","192.168.1.55","192.168.1.2","TCP","1514","8004  >  36080 [ACK] Seq=359294 Ack=141 Win=65024 Len=1448 TSval=2916036739 TSecr=3045556512 [TCP segment of a reassembled PDU]"
"31009","32.659288041","192.168.1.55","192.168.1.2","TCP","1514","8004  >  36080 [ACK] Seq=360742 Ack=141 Win=65024 Len=1448 TSval=2916036739 TSecr=3045556512 [TCP segment of a reassembled PDU]"
"31010","32.659289616","192.168.1.55","192.168.1.2","TCP","1514","8004  >  36080 [PSH, ACK] Seq=362190 Ack=141 Win=65024 Len=1448 TSval=2916036739 TSecr=3045556512 [TCP segment of a reassembled PDU]"
"31011","32.660440803","192.168.1.55","192.168.1.2","TCP","1514","8004  >  36080 [ACK] Seq=363638 Ack=141 Win=65024 Len=1448 TSval=2916036741 TSecr=3045556512 [TCP segment of a reassembled PDU]"
"31012","32.660446006","192.168.1.55","192.168.1.2","TCP","1514","8004  >  36080 [ACK] Seq=365086 Ack=141 Win=65024 Len=1448 TSval=2916036741 TSecr=3045556512 [TCP segment of a reassembled PDU]"
"31013","32.660447506","192.168.1.55","192.168.1.2","TCP","1514","8004  >  36080 [ACK] Seq=366534 Ack=141 Win=65024 Len=1448 TSval=2916036741 TSecr=3045556512 [TCP segment of a reassembled PDU]"
"31014","32.660449062","192.168.1.55","192.168.1.2","TCP","1514","8004  >  36080 [ACK] Seq=367982 Ack=141 Win=65024 Len=1448 TSval=2916036741 TSecr=3045556512 [TCP segment of a reassembled PDU]"
"31015","32.660450340","192.168.1.55","192.168.1.2","TCP","1514","8004  >  36080 [ACK] Seq=369430 Ack=141 Win=65024 Len=1448 TSval=2916036741 TSecr=3045556512 [TCP segment of a reassembled PDU]"
"31016","32.660451654","192.168.1.55","192.168.1.2","TCP","1514","8004  >  36080 [PSH, ACK] Seq=370878 Ack=141 Win=65024 Len=1448 TSval=2916036741 TSecr=3045556512 [TCP segment of a reassembled PDU]"
"31017","32.665972534","192.168.1.2","192.168.1.55","TCP","66","36080  >  8004 [ACK] Seq=141 Ack=282550 Win=123904 Len=0 TSval=3045556517 TSecr=2916036738"
"31018","32.665992015","192.168.1.55","192.168.1.2","TCP","1514","8004  >  36080 [ACK] Seq=372326 Ack=141 Win=65024 Len=1448 TSval=2916036746 TSecr=3045556517 [TCP segment of a reassembled PDU]"
"31019","32.665994608","192.168.1.55","192.168.1.2","TCP","1514","8004  >  36080 [PSH, ACK] Seq=373774 Ack=141 Win=65024 Len=1448 TSval=2916036746 TSecr=3045556517 [TCP segment of a reassembled PDU]"
"31020","32.666241201","192.168.1.2","192.168.1.55","TCP","66","36080  >  8004 [ACK] Seq=141 Ack=321646 Win=123904 Len=0 TSval=3045556517 TSecr=2916036738"
"31021","32.666270978","192.168.1.55","192.168.1.2","TCP","1514","8004  >  36080 [ACK] Seq=375222 Ack=141 Win=65024 Len=1448 TSval=2916036746 TSecr=3045556517 [TCP segment of a reassembled PDU]"
"31022","32.666273219","192.168.1.55","192.168.1.2","TCP","1514","8004  >  36080 [ACK] Seq=376670 Ack=141 Win=65024 Len=1448 TSval=2916036746 TSecr=3045556517 [TCP segment of a reassembled PDU]"
"31023","32.666274534","192.168.1.55","192.168.1.2","TCP","1514","8004  >  36080 [ACK] Seq=378118 Ack=141 Win=65024 Len=1448 TSval=2916036746 TSecr=3045556517 [TCP segment of a reassembled PDU]"
"31024","32.666275812","192.168.1.55","192.168.1.2","TCP","1514","8004  >  36080 [ACK] Seq=379566 Ack=141 Win=65024 Len=1448 TSval=2916036746 TSecr=3045556517 [TCP segment of a reassembled PDU]"
"31025","32.666277238","192.168.1.55","192.168.1.2","TCP","1514","8004  >  36080 [ACK] Seq=381014 Ack=141 Win=65024 Len=1448 TSval=2916036746 TSecr=3045556517 [TCP segment of a reassembled PDU]"
"31026","32.666278627","192.168.1.55","192.168.1.2","TCP","1514","8004  >  36080 [ACK] Seq=382462 Ack=141 Win=65024 Len=1448 TSval=2916036746 TSecr=3045556517 [TCP segment of a reassembled PDU]"
"31027","32.666279997","192.168.1.55","192.168.1.2","TCP","1514","8004  >  36080 [ACK] Seq=383910 Ack=141 Win=65024 Len=1448 TSval=2916036746 TSecr=3045556517 [TCP segment of a reassembled PDU]"
"31028","32.666281349","192.168.1.55","192.168.1.2","TCP","1514","8004  >  36080 [ACK] Seq=385358 Ack=141 Win=65024 Len=1448 TSval=2916036746 TSecr=3045556517 [TCP segment of a reassembled PDU]"
"31029","32.666282701","192.168.1.55","192.168.1.2","TCP","1514","8004  >  36080 [ACK] Seq=386806 Ack=141 Win=65024 Len=1448 TSval=2916036746 TSecr=3045556517 [TCP segment of a reassembled PDU]"
"31030","32.666284090","192.168.1.55","192.168.1.2","TCP","1514","8004  >  36080 [ACK] Seq=388254 Ack=141 Win=65024 Len=1448 TSval=2916036746 TSecr=3045556517 [TCP segment of a reassembled PDU]"
"31031","32.666285534","192.168.1.55","192.168.1.2","TCP","1514","8004  >  36080 [ACK] Seq=389702 Ack=141 Win=65024 Len=1448 TSval=2916036746 TSecr=3045556517 [TCP segment of a reassembled PDU]"
"31032","32.666286830","192.168.1.55","192.168.1.2","TCP","1514","8004  >  36080 [ACK] Seq=391150 Ack=141 Win=65024 Len=1448 TSval=2916036746 TSecr=3045556517 [TCP segment of a reassembled PDU]"
"31033","32.666288145","192.168.1.55","192.168.1.2","TCP","1514","8004  >  36080 [ACK] Seq=392598 Ack=141 Win=65024 Len=1448 TSval=2916036746 TSecr=3045556517 [TCP segment of a reassembled PDU]"
"31034","32.666289423","192.168.1.55","192.168.1.2","TCP","1514","8004  >  36080 [ACK] Seq=394046 Ack=141 Win=65024 Len=1448 TSval=2916036746 TSecr=3045556517 [TCP segment of a reassembled PDU]"
"31035","32.666291108","192.168.1.55","192.168.1.2","TCP","1514","8004  >  36080 [ACK] Seq=395494 Ack=141 Win=65024 Len=1448 TSval=2916036746 TSecr=3045556517 [TCP segment of a reassembled PDU]"
"31036","32.666298182","192.168.1.55","192.168.1.2","TCP","1514","8004  >  36080 [ACK] Seq=396942 Ack=141 Win=65024 Len=1448 TSval=2916036746 TSecr=3045556517 [TCP segment of a reassembled PDU]"
"31037","32.666299701","192.168.1.55","192.168.1.2","TCP","1514","8004  >  36080 [ACK] Seq=398390 Ack=141 Win=65024 Len=1448 TSval=2916036746 TSecr=3045556517 [TCP segment of a reassembled PDU]"
"31038","32.666301164","192.168.1.55","192.168.1.2","TCP","1514","8004  >  36080 [ACK] Seq=399838 Ack=141 Win=65024 Len=1448 TSval=2916036746 TSecr=3045556517 [TCP segment of a reassembled PDU]"
"31039","32.666302608","192.168.1.55","192.168.1.2","TCP","1514","8004  >  36080 [ACK] Seq=401286 Ack=141 Win=65024 Len=1448 TSval=2916036746 TSecr=3045556517 [TCP segment of a reassembled PDU]"
"31040","32.666304108","192.168.1.55","192.168.1.2","TCP","1514","8004  >  36080 [PSH, ACK] Seq=402734 Ack=141 Win=65024 Len=1448 TSval=2916036746 TSecr=3045556517 [TCP segment of a reassembled PDU]"
"31041","32.666311256","192.168.1.2","192.168.1.55","TCP","66","36080  >  8004 [ACK] Seq=141 Ack=323094 Win=126976 Len=0 TSval=3045556519 TSecr=2916036738"
"31042","32.666319034","192.168.1.2","192.168.1.55","TCP","66","36080  >  8004 [ACK] Seq=141 Ack=325990 Win=133120 Len=0 TSval=3045556519 TSecr=2916036739"
"31043","32.666323201","192.168.1.2","192.168.1.55","TCP","66","36080  >  8004 [ACK] Seq=141 Ack=363638 Win=138240 Len=0 TSval=3045556520 TSecr=2916036739"
"31044","32.666383423","192.168.1.2","192.168.1.55","TCP","66","36080  >  8004 [ACK] Seq=141 Ack=367982 Win=134144 Len=0 TSval=3045556520 TSecr=2916036741"
"31045","32.666390423","192.168.1.2","192.168.1.55","TCP","66","36080  >  8004 [ACK] Seq=141 Ack=369430 Win=141312 Len=0 TSval=3045556521 TSecr=2916036741"
"31046","32.666394386","192.168.1.2","192.168.1.55","TCP","66","36080  >  8004 [ACK] Seq=141 Ack=372326 Win=147456 Len=0 TSval=3045556521 TSecr=2916036741"
"31047","32.667176795","192.168.1.55","192.168.1.2","TCP","1514","8004  >  36080 [ACK] Seq=404182 Ack=141 Win=65024 Len=1448 TSval=2916036747 TSecr=3045556521 [TCP segment of a reassembled PDU]"
"31048","32.667181073","192.168.1.55","192.168.1.2","TCP","1514","8004  >  36080 [ACK] Seq=405630 Ack=141 Win=65024 Len=1448 TSval=2916036747 TSecr=3045556521 [TCP segment of a reassembled PDU]"
"31049","32.667182424","192.168.1.55","192.168.1.2","TCP","1514","8004  >  36080 [ACK] Seq=407078 Ack=141 Win=65024 Len=1448 TSval=2916036747 TSecr=3045556521 [TCP segment of a reassembled PDU]"
"31050","32.667183795","192.168.1.55","192.168.1.2","TCP","1514","8004  >  36080 [ACK] Seq=408526 Ack=141 Win=65024 Len=1448 TSval=2916036747 TSecr=3045556521 [TCP segment of a reassembled PDU]"
"31051","32.667185684","192.168.1.55","192.168.1.2","TCP","1514","8004  >  36080 [ACK] Seq=409974 Ack=141 Win=65024 Len=1448 TSval=2916036747 TSecr=3045556521 [TCP segment of a reassembled PDU]"
"31052","32.667187202","192.168.1.55","192.168.1.2","TCP","1514","8004  >  36080 [ACK] Seq=411422 Ack=141 Win=65024 Len=1448 TSval=2916036747 TSecr=3045556521 [TCP segment of a reassembled PDU]"
"31053","32.667189832","192.168.1.55","192.168.1.2","TCP","1514","8004  >  36080 [ACK] Seq=412870 Ack=141 Win=65024 Len=1448 TSval=2916036747 TSecr=3045556521 [TCP segment of a reassembled PDU]"
"31054","32.667191313","192.168.1.55","192.168.1.2","TCP","1514","8004  >  36080 [ACK] Seq=414318 Ack=141 Win=65024 Len=1448 TSval=2916036747 TSecr=3045556521 [TCP segment of a reassembled PDU]"
"31055","32.667192665","192.168.1.55","192.168.1.2","TCP","1514","8004  >  36080 [ACK] Seq=415766 Ack=141 Win=65024 Len=1448 TSval=2916036747 TSecr=3045556521 [TCP segment of a reassembled PDU]"
"31056","32.667194480","192.168.1.55","192.168.1.2","TCP","1514","8004  >  36080 [ACK] Seq=417214 Ack=141 Win=65024 Len=1448 TSval=2916036747 TSecr=3045556521 [TCP segment of a reassembled PDU]"
"31057","32.667195813","192.168.1.55","192.168.1.2","TCP","1514","8004  >  36080 [ACK] Seq=418662 Ack=141 Win=65024 Len=1448 TSval=2916036747 TSecr=3045556521 [TCP segment of a reassembled PDU]"
"31058","32.667197387","192.168.1.55","192.168.1.2","TCP","1514","8004  >  36080 [ACK] Seq=420110 Ack=141 Win=65024 Len=1448 TSval=2916036747 TSecr=3045556521 [TCP segment of a reassembled PDU]"
"31059","32.667198869","192.168.1.55","192.168.1.2","TCP","1514","8004  >  36080 [ACK] Seq=421558 Ack=141 Win=65024 Len=1448 TSval=2916036747 TSecr=3045556521 [TCP segment of a reassembled PDU]"
"31060","32.667200258","192.168.1.55","192.168.1.2","TCP","1514","8004  >  36080 [ACK] Seq=423006 Ack=141 Win=65024 Len=1448 TSval=2916036747 TSecr=3045556521 [TCP segment of a reassembled PDU]"
"31061","32.667201739","192.168.1.55","192.168.1.2","TCP","1514","8004  >  36080 [ACK] Seq=424454 Ack=141 Win=65024 Len=1448 TSval=2916036747 TSecr=3045556521 [TCP segment of a reassembled PDU]"
"31062","32.667203165","192.168.1.55","192.168.1.2","TCP","1514","8004  >  36080 [ACK] Seq=425902 Ack=141 Win=65024 Len=1448 TSval=2916036747 TSecr=3045556521 [TCP segment of a reassembled PDU]"
"31063","32.667204943","192.168.1.55","192.168.1.2","TCP","1514","8004  >  36080 [ACK] Seq=427350 Ack=141 Win=65024 Len=1448 TSval=2916036747 TSecr=3045556521 [TCP segment of a reassembled PDU]"
"31064","32.667206369","192.168.1.55","192.168.1.2","TCP","1514","8004  >  36080 [ACK] Seq=428798 Ack=141 Win=65024 Len=1448 TSval=2916036747 TSecr=3045556521 [TCP segment of a reassembled PDU]"
"31065","32.667207832","192.168.1.55","192.168.1.2","TCP","1514","8004  >  36080 [ACK] Seq=430246 Ack=141 Win=65024 Len=1448 TSval=2916036747 TSecr=3045556521 [TCP segment of a reassembled PDU]"
"31066","32.667209313","192.168.1.55","192.168.1.2","TCP","1514","8004  >  36080 [ACK] Seq=431694 Ack=141 Win=65024 Len=1448 TSval=2916036747 TSecr=3045556521 [TCP segment of a reassembled PDU]"
"31067","32.667210998","192.168.1.55","192.168.1.2","TCP","1514","8004  >  36080 [ACK] Seq=433142 Ack=141 Win=65024 Len=1448 TSval=2916036747 TSecr=3045556521 [TCP segment of a reassembled PDU]"
"31068","32.667212350","192.168.1.55","192.168.1.2","TCP","1514","8004  >  36080 [ACK] Seq=434590 Ack=141 Win=65024 Len=1448 TSval=2916036747 TSecr=3045556521 [TCP segment of a reassembled PDU]"
"31069","32.667213832","192.168.1.55","192.168.1.2","TCP","1514","8004  >  36080 [ACK] Seq=436038 Ack=141 Win=65024 Len=1448 TSval=2916036747 TSecr=3045556521 [TCP segment of a reassembled PDU]"
"31070","32.667215165","192.168.1.55","192.168.1.2","TCP","1514","8004  >  36080 [ACK] Seq=437486 Ack=141 Win=65024 Len=1448 TSval=2916036747 TSecr=3045556521 [TCP segment of a reassembled PDU]"
"31071","32.667216776","192.168.1.55","192.168.1.2","TCP","1514","8004  >  36080 [ACK] Seq=438934 Ack=141 Win=65024 Len=1448 TSval=2916036747 TSecr=3045556521 [TCP segment of a reassembled PDU]"
"31072","32.667218239","192.168.1.55","192.168.1.2","TCP","1514","8004  >  36080 [ACK] Seq=440382 Ack=141 Win=65024 Len=1448 TSval=2916036747 TSecr=3045556521 [TCP segment of a reassembled PDU]"
"31073","32.667219758","192.168.1.55","192.168.1.2","TCP","1514","8004  >  36080 [ACK] Seq=441830 Ack=141 Win=65024 Len=1448 TSval=2916036747 TSecr=3045556521 [TCP segment of a reassembled PDU]"
"31074","32.667221369","192.168.1.55","192.168.1.2","TCP","1514","8004  >  36080 [PSH, ACK] Seq=443278 Ack=141 Win=65024 Len=1448 TSval=2916036747 TSecr=3045556521 [TCP segment of a reassembled PDU]"
"31075","32.667904685","192.168.1.55","192.168.1.2","TCP","1514","8004  >  36080 [ACK] Seq=444726 Ack=141 Win=65024 Len=1448 TSval=2916036748 TSecr=3045556521 [TCP segment of a reassembled PDU]"
"31076","32.667908407","192.168.1.55","192.168.1.2","TCP","1514","8004  >  36080 [ACK] Seq=446174 Ack=141 Win=65024 Len=1448 TSval=2916036748 TSecr=3045556521 [TCP segment of a reassembled PDU]"
"31077","32.667909963","192.168.1.55","192.168.1.2","TCP","1514","8004  >  36080 [ACK] Seq=447622 Ack=141 Win=65024 Len=1448 TSval=2916036748 TSecr=3045556521 [TCP segment of a reassembled PDU]"
"31078","32.667911314","192.168.1.55","192.168.1.2","TCP","1514","8004  >  36080 [ACK] Seq=449070 Ack=141 Win=65024 Len=1448 TSval=2916036748 TSecr=3045556521 [TCP segment of a reassembled PDU]"
"31079","32.667912703","192.168.1.55","192.168.1.2","TCP","1514","8004  >  36080 [ACK] Seq=450518 Ack=141 Win=65024 Len=1448 TSval=2916036748 TSecr=3045556521 [TCP segment of a reassembled PDU]"
"31080","32.667914537","192.168.1.55","192.168.1.2","TCP","1514","8004  >  36080 [ACK] Seq=451966 Ack=141 Win=65024 Len=1448 TSval=2916036748 TSecr=3045556521 [TCP segment of a reassembled PDU]"
"31081","32.667915796","192.168.1.55","192.168.1.2","TCP","1514","8004  >  36080 [ACK] Seq=453414 Ack=141 Win=65024 Len=1448 TSval=2916036748 TSecr=3045556521 [TCP segment of a reassembled PDU]"
"31082","32.667917092","192.168.1.55","192.168.1.2","TCP","1514","8004  >  36080 [ACK] Seq=454862 Ack=141 Win=65024 Len=1448 TSval=2916036748 TSecr=3045556521 [TCP segment of a reassembled PDU]"
"31083","32.667918407","192.168.1.55","192.168.1.2","TCP","1514","8004  >  36080 [ACK] Seq=456310 Ack=141 Win=65024 Len=1448 TSval=2916036748 TSecr=3045556521 [TCP segment of a reassembled PDU]"
"31084","32.667919870","192.168.1.55","192.168.1.2","TCP","1514","8004  >  36080 [ACK] Seq=457758 Ack=141 Win=65024 Len=1448 TSval=2916036748 TSecr=3045556521 [TCP segment of a reassembled PDU]"
"31085","32.667921296","192.168.1.55","192.168.1.2","TCP","1514","8004  >  36080 [ACK] Seq=459206 Ack=141 Win=65024 Len=1448 TSval=2916036748 TSecr=3045556521 [TCP segment of a reassembled PDU]"
"31086","32.667922703","192.168.1.55","192.168.1.2","TCP","1514","8004  >  36080 [ACK] Seq=460654 Ack=141 Win=65024 Len=1448 TSval=2916036748 TSecr=3045556521 [TCP segment of a reassembled PDU]"
"31087","32.667924426","192.168.1.55","192.168.1.2","TCP","1514","8004  >  36080 [ACK] Seq=462102 Ack=141 Win=65024 Len=1448 TSval=2916036748 TSecr=3045556521 [TCP segment of a reassembled PDU]"
"31088","32.667925833","192.168.1.55","192.168.1.2","TCP","1514","8004  >  36080 [ACK] Seq=463550 Ack=141 Win=65024 Len=1448 TSval=2916036748 TSecr=3045556521 [TCP segment of a reassembled PDU]"
"31089","32.667927240","192.168.1.55","192.168.1.2","TCP","1514","8004  >  36080 [ACK] Seq=464998 Ack=141 Win=65024 Len=1448 TSval=2916036748 TSecr=3045556521 [TCP segment of a reassembled PDU]"
"31090","32.667928629","192.168.1.55","192.168.1.2","TCP","1514","8004  >  36080 [ACK] Seq=466446 Ack=141 Win=65024 Len=1448 TSval=2916036748 TSecr=3045556521 [TCP segment of a reassembled PDU]"
"31091","32.667929926","192.168.1.55","192.168.1.2","TCP","1514","8004  >  36080 [PSH, ACK] Seq=467894 Ack=141 Win=65024 Len=1448 TSval=2916036748 TSecr=3045556521 [TCP segment of a reassembled PDU]"
"31092","32.672616396","192.168.1.2","192.168.1.55","TCP","66","36080  >  8004 [ACK] Seq=141 Ack=375222 Win=152576 Len=0 TSval=3045556528 TSecr=2916036746"
"31093","32.672630340","192.168.1.55","192.168.1.2","TCP","1514","8004  >  36080 [ACK] Seq=469342 Ack=141 Win=65024 Len=1448 TSval=2916036753 TSecr=3045556528 [TCP segment of a reassembled PDU]"
"31094","32.672633063","192.168.1.55","192.168.1.2","TCP","1514","8004  >  36080 [PSH, ACK] Seq=470790 Ack=141 Win=65024 Len=1448 TSval=2916036753 TSecr=3045556528 [TCP segment of a reassembled PDU]"
"31095","32.672848563","192.168.1.2","192.168.1.55","TCP","66","36080  >  8004 [ACK] Seq=141 Ack=404182 Win=152576 Len=0 TSval=3045556528 TSecr=2916036746"
"31096","32.672866415","192.168.1.55","192.168.1.2","TCP","1514","8004  >  36080 [ACK] Seq=472238 Ack=141 Win=65024 Len=1448 TSval=2916036753 TSecr=3045556528 [TCP segment of a reassembled PDU]"
"31097","32.672868841","192.168.1.55","192.168.1.2","TCP","1514","8004  >  36080 [ACK] Seq=473686 Ack=141 Win=65024 Len=1448 TSval=2916036753 TSecr=3045556528 [TCP segment of a reassembled PDU]"
"31098","32.672870341","192.168.1.55","192.168.1.2","TCP","1514","8004  >  36080 [ACK] Seq=475134 Ack=141 Win=65024 Len=1448 TSval=2916036753 TSecr=3045556528 [TCP segment of a reassembled PDU]"
"31099","32.672872119","192.168.1.55","192.168.1.2","TCP","1514","8004  >  36080 [ACK] Seq=476582 Ack=141 Win=65024 Len=1448 TSval=2916036753 TSecr=3045556528 [TCP segment of a reassembled PDU]"
"31100","32.672873619","192.168.1.55","192.168.1.2","TCP","1514","8004  >  36080 [ACK] Seq=478030 Ack=141 Win=65024 Len=1448 TSval=2916036753 TSecr=3045556528 [TCP segment of a reassembled PDU]"
"31101","32.672875193","192.168.1.55","192.168.1.2","TCP","1514","8004  >  36080 [ACK] Seq=479478 Ack=141 Win=65024 Len=1448 TSval=2916036753 TSecr=3045556528 [TCP segment of a reassembled PDU]"
"31102","32.672876674","192.168.1.55","192.168.1.2","TCP","1514","8004  >  36080 [ACK] Seq=480926 Ack=141 Win=65024 Len=1448 TSval=2916036753 TSecr=3045556528 [TCP segment of a reassembled PDU]"
"31103","32.672878119","192.168.1.55","192.168.1.2","TCP","1514","8004  >  36080 [ACK] Seq=482374 Ack=141 Win=65024 Len=1448 TSval=2916036753 TSecr=3045556528 [TCP segment of a reassembled PDU]"
"31104","32.672879582","192.168.1.55","192.168.1.2","TCP","1514","8004  >  36080 [PSH, ACK] Seq=483822 Ack=141 Win=65024 Len=1448 TSval=2916036753 TSecr=3045556528 [TCP segment of a reassembled PDU]"
"31105","32.672893656","192.168.1.55","192.168.1.2","TCP","1514","8004  >  36080 [ACK] Seq=485270 Ack=141 Win=65024 Len=1448 TSval=2916036753 TSecr=3045556528 [TCP segment of a reassembled PDU]"
"31106","32.672895619","192.168.1.55","192.168.1.2","TCP","1514","8004  >  36080 [ACK] Seq=486718 Ack=141 Win=65024 Len=1448 TSval=2916036753 TSecr=3045556528 [TCP segment of a reassembled PDU]"
"31107","32.672897008","192.168.1.55","192.168.1.2","TCP","1514","8004  >  36080 [ACK] Seq=488166 Ack=141 Win=65024 Len=1448 TSval=2916036753 TSecr=3045556528 [TCP segment of a reassembled PDU]"
"31108","32.672898359","192.168.1.55","192.168.1.2","TCP","1514","8004  >  36080 [ACK] Seq=489614 Ack=141 Win=65024 Len=1448 TSval=2916036753 TSecr=3045556528 [TCP segment of a reassembled PDU]"
"31109","32.672899804","192.168.1.55","192.168.1.2","TCP","1514","8004  >  36080 [ACK] Seq=491062 Ack=141 Win=65024 Len=1448 TSval=2916036753 TSecr=3045556528 [TCP segment of a reassembled PDU]"
"31110","32.672901193","192.168.1.55","192.168.1.2","TCP","1514","8004  >  36080 [ACK] Seq=492510 Ack=141 Win=65024 Len=1448 TSval=2916036753 TSecr=3045556528 [TCP segment of a reassembled PDU]"
"31111","32.672902878","192.168.1.55","192.168.1.2","TCP","1514","8004  >  36080 [ACK] Seq=493958 Ack=141 Win=65024 Len=1448 TSval=2916036753 TSecr=3045556528 [TCP segment of a reassembled PDU]"
"31112","32.672904304","192.168.1.55","192.168.1.2","TCP","1514","8004  >  36080 [ACK] Seq=495406 Ack=141 Win=65024 Len=1448 TSval=2916036753 TSecr=3045556528 [TCP segment of a reassembled PDU]"
"31113","32.672905711","192.168.1.55","192.168.1.2","TCP","1514","8004  >  36080 [ACK] Seq=496854 Ack=141 Win=65024 Len=1448 TSval=2916036753 TSecr=3045556528 [TCP segment of a reassembled PDU]"
"31114","32.672907082","192.168.1.55","192.168.1.2","HTTP","1472","HTTP/1.0 200 OK  (PNG)"
"31115","32.672911156","192.168.1.2","192.168.1.55","TCP","66","36080  >  8004 [ACK] Seq=141 Ack=444726 Win=150528 Len=0 TSval=3045556528 TSecr=2916036747"
"31116","32.672919378","192.168.1.2","192.168.1.55","TCP","66","36080  >  8004 [ACK] Seq=141 Ack=460654 Win=136192 Len=0 TSval=3045556528 TSecr=2916036748"
"31117","32.673695435","192.168.1.2","192.168.1.55","TCP","66","36080  >  8004 [ACK] Seq=141 Ack=467894 Win=167936 Len=0 TSval=3045556528 TSecr=2916036748"
"31118","32.676762088","192.168.1.2","192.168.1.55","TCP","66","36080  >  8004 [ACK] Seq=141 Ack=469342 Win=169984 Len=0 TSval=3045556531 TSecr=2916036748"
"31119","32.676949088","192.168.1.2","192.168.1.55","TCP","66","36080  >  8004 [ACK] Seq=141 Ack=485270 Win=169984 Len=0 TSval=3045556531 TSecr=2916036753"
"31120","32.676956903","192.168.1.2","192.168.1.55","TCP","66","36080  >  8004 [ACK] Seq=141 Ack=493958 Win=162816 Len=0 TSval=3045556531 TSecr=2916036753"
"31121","32.676962755","192.168.1.2","192.168.1.55","TCP","66","36080  >  8004 [ACK] Seq=141 Ack=495406 Win=173056 Len=0 TSval=3045556532 TSecr=2916036753"
"31122","32.676967144","192.168.1.2","192.168.1.55","TCP","66","36080  >  8004 [ACK] Seq=141 Ack=498302 Win=179200 Len=0 TSval=3045556532 TSecr=2916036753"
"31123","32.678722054","192.168.1.2","192.168.1.55","TCP","66","36080  >  8004 [FIN, ACK] Seq=141 Ack=499709 Win=182272 Len=0 TSval=3045556533 TSecr=2916036753"
"31124","32.678735183","192.168.1.55","192.168.1.2","TCP","66","8004  >  36080 [ACK] Seq=499709 Ack=142 Win=65024 Len=0 TSval=2916036759 TSecr=3045556533"
"31125","32.678850054","192.168.1.2","192.168.1.55","TCP","74","36084  >  8004 [SYN] Seq=0 Win=64240 Len=0 MSS=1460 SACK_PERM TSval=3045556534 TSecr=0 WS=1024"
"31126","32.678875758","192.168.1.55","192.168.1.2","TCP","74","8004  >  36084 [SYN, ACK] Seq=0 Ack=1 Win=65160 Len=0 MSS=1460 SACK_PERM TSval=2916036759 TSecr=3045556534 WS=128"
"31127","32.681997170","192.168.1.2","192.168.1.55","TCP","66","36084  >  8004 [ACK] Seq=1 Ack=1 Win=64512 Len=0 TSval=3045556536 TSecr=2916036759"
"31128","32.685219990","192.168.1.2","192.168.1.55","HTTP","209","GET /original_benchmark.png HTTP/1.1 "
"31129","32.685231157","192.168.1.55","192.168.1.2","TCP","66","8004  >  36084 [ACK] Seq=1 Ack=144 Win=65024 Len=0 TSval=2916036765 TSecr=3045556537"
"31130","32.685701139","192.168.1.55","192.168.1.2","TCP","255","8004  >  36084 [PSH, ACK] Seq=1 Ack=144 Win=65024 Len=189 TSval=2916036766 TSecr=3045556537 [TCP segment of a reassembled PDU]"
"31131","32.685793509","192.168.1.55","192.168.1.2","TCP","1514","8004  >  36084 [ACK] Seq=190 Ack=144 Win=65024 Len=1448 TSval=2916036766 TSecr=3045556537 [TCP segment of a reassembled PDU]"
"31132","32.685798121","192.168.1.55","192.168.1.2","TCP","1514","8004  >  36084 [ACK] Seq=1638 Ack=144 Win=65024 Len=1448 TSval=2916036766 TSecr=3045556537 [TCP segment of a reassembled PDU]"
"31133","32.685799787","192.168.1.55","192.168.1.2","TCP","1514","8004  >  36084 [ACK] Seq=3086 Ack=144 Win=65024 Len=1448 TSval=2916036766 TSecr=3045556537 [TCP segment of a reassembled PDU]"
"31134","32.685801121","192.168.1.55","192.168.1.2","TCP","1514","8004  >  36084 [ACK] Seq=4534 Ack=144 Win=65024 Len=1448 TSval=2916036766 TSecr=3045556537 [TCP segment of a reassembled PDU]"
"31135","32.685802880","192.168.1.55","192.168.1.2","TCP","1514","8004  >  36084 [PSH, ACK] Seq=5982 Ack=144 Win=65024 Len=1448 TSval=2916036766 TSecr=3045556537 [TCP segment of a reassembled PDU]"
"31136","32.685819843","192.168.1.55","192.168.1.2","TCP","1514","8004  >  36084 [ACK] Seq=7430 Ack=144 Win=65024 Len=1448 TSval=2916036766 TSecr=3045556537 [TCP segment of a reassembled PDU]"
"31137","32.685822102","192.168.1.55","192.168.1.2","TCP","1514","8004  >  36084 [ACK] Seq=8878 Ack=144 Win=65024 Len=1448 TSval=2916036766 TSecr=3045556537 [TCP segment of a reassembled PDU]"
"31138","32.685823528","192.168.1.55","192.168.1.2","TCP","1514","8004  >  36084 [ACK] Seq=10326 Ack=144 Win=65024 Len=1448 TSval=2916036766 TSecr=3045556537 [TCP segment of a reassembled PDU]"
"31139","32.685824935","192.168.1.55","192.168.1.2","TCP","1514","8004  >  36084 [PSH, ACK] Seq=11774 Ack=144 Win=65024 Len=1448 TSval=2916036766 TSecr=3045556537 [TCP segment of a reassembled PDU]"
"31140","32.689270811","192.168.1.2","192.168.1.55","TCP","66","36084  >  8004 [ACK] Seq=144 Ack=190 Win=64512 Len=0 TSval=3045556544 TSecr=2916036766"
"31141","32.689311422","192.168.1.55","192.168.1.2","TCP","1514","8004  >  36084 [ACK] Seq=13222 Ack=144 Win=65024 Len=1448 TSval=2916036769 TSecr=3045556544 [TCP segment of a reassembled PDU]"
"31142","32.689317626","192.168.1.55","192.168.1.2","TCP","1514","8004  >  36084 [PSH, ACK] Seq=14670 Ack=144 Win=65024 Len=1448 TSval=2916036769 TSecr=3045556544 [TCP segment of a reassembled PDU]"
"31143","32.689488867","192.168.1.2","192.168.1.55","TCP","66","36084  >  8004 [ACK] Seq=144 Ack=5982 Win=76800 Len=0 TSval=3045556544 TSecr=2916036766"
"31144","32.689567553","192.168.1.55","192.168.1.2","TCP","1514","8004  >  36084 [ACK] Seq=16118 Ack=144 Win=65024 Len=1448 TSval=2916036770 TSecr=3045556544 [TCP segment of a reassembled PDU]"
"31145","32.689577256","192.168.1.55","192.168.1.2","TCP","1514","8004  >  36084 [ACK] Seq=17566 Ack=144 Win=65024 Len=1448 TSval=2916036770 TSecr=3045556544 [TCP segment of a reassembled PDU]"
"31146","32.689579238","192.168.1.55","192.168.1.2","TCP","1514","8004  >  36084 [ACK] Seq=19014 Ack=144 Win=65024 Len=1448 TSval=2916036770 TSecr=3045556544 [TCP segment of a reassembled PDU]"
"31147","32.689582571","192.168.1.55","192.168.1.2","TCP","1514","8004  >  36084 [ACK] Seq=20462 Ack=144 Win=65024 Len=1448 TSval=2916036770 TSecr=3045556544 [TCP segment of a reassembled PDU]"
"31148","32.689586201","192.168.1.55","192.168.1.2","TCP","1514","8004  >  36084 [ACK] Seq=21910 Ack=144 Win=65024 Len=1448 TSval=2916036770 TSecr=3045556544 [TCP segment of a reassembled PDU]"
"31149","32.689588701","192.168.1.55","192.168.1.2","TCP","1514","8004  >  36084 [ACK] Seq=23358 Ack=144 Win=65024 Len=1448 TSval=2916036770 TSecr=3045556544 [TCP segment of a reassembled PDU]"
"31150","32.689592182","192.168.1.55","192.168.1.2","TCP","1514","8004  >  36084 [PSH, ACK] Seq=24806 Ack=144 Win=65024 Len=1448 TSval=2916036770 TSecr=3045556544 [TCP segment of a reassembled PDU]"
"31151","32.689606034","192.168.1.2","192.168.1.55","TCP","66","36084  >  8004 [ACK] Seq=144 Ack=7430 Win=79872 Len=0 TSval=3045556544 TSecr=2916036766"
"31152","32.689630201","192.168.1.2","192.168.1.55","TCP","66","36084  >  8004 [ACK] Seq=144 Ack=13222 Win=80896 Len=0 TSval=3045556544 TSecr=2916036766"
"31153","32.689691682","192.168.1.55","192.168.1.2","TCP","1514","8004  >  36084 [ACK] Seq=26254 Ack=144 Win=65024 Len=1448 TSval=2916036770 TSecr=3045556544 [TCP segment of a reassembled PDU]"
"31154","32.689696664","192.168.1.55","192.168.1.2","TCP","1514","8004  >  36084 [ACK] Seq=27702 Ack=144 Win=65024 Len=1448 TSval=2916036770 TSecr=3045556544 [TCP segment of a reassembled PDU]"
"31155","32.689698553","192.168.1.55","192.168.1.2","TCP","1514","8004  >  36084 [ACK] Seq=29150 Ack=144 Win=65024 Len=1448 TSval=2916036770 TSecr=3045556544 [TCP segment of a reassembled PDU]"
"31156","32.689700830","192.168.1.55","192.168.1.2","TCP","1514","8004  >  36084 [ACK] Seq=30598 Ack=144 Win=65024 Len=1448 TSval=2916036770 TSecr=3045556544 [TCP segment of a reassembled PDU]"
"31157","32.689703738","192.168.1.55","192.168.1.2","TCP","1514","8004  >  36084 [ACK] Seq=32046 Ack=144 Win=65024 Len=1448 TSval=2916036770 TSecr=3045556544 [TCP segment of a reassembled PDU]"
"31158","32.689706664","192.168.1.55","192.168.1.2","TCP","1514","8004  >  36084 [ACK] Seq=33494 Ack=144 Win=65024 Len=1448 TSval=2916036770 TSecr=3045556544 [TCP segment of a reassembled PDU]"
"31159","32.689709460","192.168.1.55","192.168.1.2","TCP","1514","8004  >  36084 [ACK] Seq=34942 Ack=144 Win=65024 Len=1448 TSval=2916036770 TSecr=3045556544 [TCP segment of a reassembled PDU]"
"31160","32.689712256","192.168.1.55","192.168.1.2","TCP","1514","8004  >  36084 [ACK] Seq=36390 Ack=144 Win=65024 Len=1448 TSval=2916036770 TSecr=3045556544 [TCP segment of a reassembled PDU]"
"31161","32.689714405","192.168.1.55","192.168.1.2","TCP","1514","8004  >  36084 [ACK] Seq=37838 Ack=144 Win=65024 Len=1448 TSval=2916036770 TSecr=3045556544 [TCP segment of a reassembled PDU]"
"31162","32.689716701","192.168.1.55","192.168.1.2","TCP","1514","8004  >  36084 [PSH, ACK] Seq=39286 Ack=144 Win=65024 Len=1448 TSval=2916036770 TSecr=3045556544 [TCP segment of a reassembled PDU]"
"31163","32.690619313","192.168.1.55","192.168.1.2","TCP","1514","8004  >  36084 [ACK] Seq=40734 Ack=144 Win=65024 Len=1448 TSval=2916036771 TSecr=3045556544 [TCP segment of a reassembled PDU]"
"31164","32.694886857","192.168.1.2","192.168.1.55","TCP","66","36084  >  8004 [ACK] Seq=144 Ack=16118 Win=87040 Len=0 TSval=3045556549 TSecr=2916036769"
"31165","32.694943302","192.168.1.55","192.168.1.2","TCP","1514","8004  >  36084 [ACK] Seq=42182 Ack=144 Win=65024 Len=1448 TSval=2916036775 TSecr=3045556549 [TCP segment of a reassembled PDU]"
"31166","32.694948450","192.168.1.55","192.168.1.2","TCP","1514","8004  >  36084 [PSH, ACK] Seq=43630 Ack=144 Win=65024 Len=1448 TSval=2916036775 TSecr=3045556549 [TCP segment of a reassembled PDU]"
"31167","32.695062765","192.168.1.2","192.168.1.55","TCP","66","36084  >  8004 [ACK] Seq=144 Ack=26254 Win=86016 Len=0 TSval=3045556549 TSecr=2916036770"
"31168","32.695114432","192.168.1.55","192.168.1.2","TCP","1514","8004  >  36084 [ACK] Seq=45078 Ack=144 Win=65024 Len=1448 TSval=2916036775 TSecr=3045556549 [TCP segment of a reassembled PDU]"
"31169","32.695117839","192.168.1.55","192.168.1.2","TCP","1514","8004  >  36084 [ACK] Seq=46526 Ack=144 Win=65024 Len=1448 TSval=2916036775 TSecr=3045556549 [TCP segment of a reassembled PDU]"
"31170","32.695120024","192.168.1.55","192.168.1.2","TCP","1514","8004  >  36084 [ACK] Seq=47974 Ack=144 Win=65024 Len=1448 TSval=2916036775 TSecr=3045556549 [TCP segment of a reassembled PDU]"
"31171","32.695121839","192.168.1.55","192.168.1.2","TCP","1514","8004  >  36084 [ACK] Seq=49422 Ack=144 Win=65024 Len=1448 TSval=2916036775 TSecr=3045556549 [TCP segment of a reassembled PDU]"
"31172","32.695123135","192.168.1.55","192.168.1.2","TCP","1514","8004  >  36084 [ACK] Seq=50870 Ack=144 Win=65024 Len=1448 TSval=2916036775 TSecr=3045556549 [TCP segment of a reassembled PDU]"
"31173","32.695124358","192.168.1.55","192.168.1.2","TCP","1514","8004  >  36084 [ACK] Seq=52318 Ack=144 Win=65024 Len=1448 TSval=2916036775 TSecr=3045556549 [TCP segment of a reassembled PDU]"
"31174","32.695125784","192.168.1.55","192.168.1.2","TCP","1514","8004  >  36084 [ACK] Seq=53766 Ack=144 Win=65024 Len=1448 TSval=2916036775 TSecr=3045556549 [TCP segment of a reassembled PDU]"
"31175","32.695127321","192.168.1.55","192.168.1.2","TCP","1514","8004  >  36084 [ACK] Seq=55214 Ack=144 Win=65024 Len=1448 TSval=2916036775 TSecr=3045556549 [TCP segment of a reassembled PDU]"
"31176","32.695129135","192.168.1.55","192.168.1.2","TCP","1514","8004  >  36084 [ACK] Seq=56662 Ack=144 Win=65024 Len=1448 TSval=2916036775 TSecr=3045556549 [TCP segment of a reassembled PDU]"
"31177","32.695131302","192.168.1.55","192.168.1.2","TCP","1514","8004  >  36084 [ACK] Seq=58110 Ack=144 Win=65024 Len=1448 TSval=2916036775 TSecr=3045556549 [TCP segment of a reassembled PDU]"
"31178","32.695132802","192.168.1.55","192.168.1.2","TCP","1514","8004  >  36084 [ACK] Seq=59558 Ack=144 Win=65024 Len=1448 TSval=2916036775 TSecr=3045556549 [TCP segment of a reassembled PDU]"
"31179","32.695134043","192.168.1.55","192.168.1.2","TCP","1514","8004  >  36084 [ACK] Seq=61006 Ack=144 Win=65024 Len=1448 TSval=2916036775 TSecr=3045556549 [TCP segment of a reassembled PDU]"
"31180","32.695135339","192.168.1.55","192.168.1.2","TCP","1514","8004  >  36084 [ACK] Seq=62454 Ack=144 Win=65024 Len=1448 TSval=2916036775 TSecr=3045556549 [TCP segment of a reassembled PDU]"
"31181","32.695136635","192.168.1.55","192.168.1.2","TCP","1514","8004  >  36084 [PSH, ACK] Seq=63902 Ack=144 Win=65024 Len=1448 TSval=2916036775 TSecr=3045556549 [TCP segment of a reassembled PDU]"
"31182","32.695142913","192.168.1.2","192.168.1.55","TCP","66","36084  >  8004 [ACK] Seq=144 Ack=32046 Win=80896 Len=0 TSval=3045556549 TSecr=2916036770"
"31183","32.695164191","192.168.1.55","192.168.1.2","TCP","1514","8004  >  36084 [ACK] Seq=65350 Ack=144 Win=65024 Len=1448 TSval=2916036775 TSecr=3045556549 [TCP segment of a reassembled PDU]"
"31184","32.695166413","192.168.1.55","192.168.1.2","TCP","1514","8004  >  36084 [ACK] Seq=66798 Ack=144 Win=65024 Len=1448 TSval=2916036775 TSecr=3045556549 [TCP segment of a reassembled PDU]"
"31185","32.695167673","192.168.1.55","192.168.1.2","TCP","1514","8004  >  36084 [ACK] Seq=68246 Ack=144 Win=65024 Len=1448 TSval=2916036775 TSecr=3045556549 [TCP segment of a reassembled PDU]"
"31186","32.695169061","192.168.1.55","192.168.1.2","TCP","1514","8004  >  36084 [ACK] Seq=69694 Ack=144 Win=65024 Len=1448 TSval=2916036775 TSecr=3045556549 [TCP segment of a reassembled PDU]"
"31187","32.695170450","192.168.1.55","192.168.1.2","TCP","1514","8004  >  36084 [ACK] Seq=71142 Ack=144 Win=65024 Len=1448 TSval=2916036775 TSecr=3045556549 [TCP segment of a reassembled PDU]"
"31188","32.695171802","192.168.1.55","192.168.1.2","TCP","1514","8004  >  36084 [ACK] Seq=72590 Ack=144 Win=65024 Len=1448 TSval=2916036775 TSecr=3045556549 [TCP segment of a reassembled PDU]"
"31189","32.695173728","192.168.1.55","192.168.1.2","TCP","1514","8004  >  36084 [ACK] Seq=74038 Ack=144 Win=65024 Len=1448 TSval=2916036775 TSecr=3045556549 [TCP segment of a reassembled PDU]"
"31190","32.695175284","192.168.1.55","192.168.1.2","TCP","1514","8004  >  36084 [PSH, ACK] Seq=75486 Ack=144 Win=65024 Len=1448 TSval=2916036775 TSecr=3045556549 [TCP segment of a reassembled PDU]"
"31191","32.695181376","192.168.1.2","192.168.1.55","TCP","66","36084  >  8004 [ACK] Seq=144 Ack=40734 Win=87040 Len=0 TSval=3045556549 TSecr=2916036770"
"31192","32.695195302","192.168.1.2","192.168.1.55","TCP","66","36084  >  8004 [ACK] Seq=144 Ack=42182 Win=86016 Len=0 TSval=3045556549 TSecr=2916036771"
"31193","32.695253080","192.168.1.55","192.168.1.2","TCP","1514","8004  >  36084 [ACK] Seq=76934 Ack=144 Win=65024 Len=1448 TSval=2916036775 TSecr=3045556549 [TCP segment of a reassembled PDU]"
"31194","32.695257710","192.168.1.55","192.168.1.2","TCP","1514","8004  >  36084 [ACK] Seq=78382 Ack=144 Win=65024 Len=1448 TSval=2916036775 TSecr=3045556549 [TCP segment of a reassembled PDU]"
"31195","32.695259580","192.168.1.55","192.168.1.2","TCP","1514","8004  >  36084 [ACK] Seq=79830 Ack=144 Win=65024 Len=1448 TSval=2916036775 TSecr=3045556549 [TCP segment of a reassembled PDU]"
"31196","32.695261006","192.168.1.55","192.168.1.2","TCP","1514","8004  >  36084 [ACK] Seq=81278 Ack=144 Win=65024 Len=1448 TSval=2916036775 TSecr=3045556549 [TCP segment of a reassembled PDU]"
"31197","32.695263136","192.168.1.55","192.168.1.2","TCP","1514","8004  >  36084 [ACK] Seq=82726 Ack=144 Win=65024 Len=1448 TSval=2916036775 TSecr=3045556549 [TCP segment of a reassembled PDU]"
"31198","32.695265506","192.168.1.55","192.168.1.2","TCP","1514","8004  >  36084 [ACK] Seq=84174 Ack=144 Win=65024 Len=1448 TSval=2916036775 TSecr=3045556549 [TCP segment of a reassembled PDU]"
"31199","32.695266913","192.168.1.55","192.168.1.2","TCP","1514","8004  >  36084 [ACK] Seq=85622 Ack=144 Win=65024 Len=1448 TSval=2916036775 TSecr=3045556549 [TCP segment of a reassembled PDU]"
"31200","32.695268543","192.168.1.55","192.168.1.2","TCP","1514","8004  >  36084 [ACK] Seq=87070 Ack=144 Win=65024 Len=1448 TSval=2916036775 TSecr=3045556549 [TCP segment of a reassembled PDU]"
"31201","32.695270358","192.168.1.55","192.168.1.2","TCP","1514","8004  >  36084 [ACK] Seq=88518 Ack=144 Win=65024 Len=1448 TSval=2916036775 TSecr=3045556549 [TCP segment of a reassembled PDU]"
"31202","32.695272210","192.168.1.55","192.168.1.2","TCP","1514","8004  >  36084 [ACK] Seq=89966 Ack=144 Win=65024 Len=1448 TSval=2916036775 TSecr=3045556549 [TCP segment of a reassembled PDU]"
"31203","32.695273525","192.168.1.55","192.168.1.2","TCP","1514","8004  >  36084 [ACK] Seq=91414 Ack=144 Win=65024 Len=1448 TSval=2916036775 TSecr=3045556549 [TCP segment of a reassembled PDU]"
"31204","32.695274821","192.168.1.55","192.168.1.2","TCP","1514","8004  >  36084 [ACK] Seq=92862 Ack=144 Win=65024 Len=1448 TSval=2916036775 TSecr=3045556549 [TCP segment of a reassembled PDU]"
"31205","32.695277006","192.168.1.55","192.168.1.2","TCP","1514","8004  >  36084 [ACK] Seq=94310 Ack=144 Win=65024 Len=1448 TSval=2916036775 TSecr=3045556549 [TCP segment of a reassembled PDU]"
"31206","32.695279191","192.168.1.55","192.168.1.2","TCP","1514","8004  >  36084 [PSH, ACK] Seq=95758 Ack=144 Win=65024 Len=1448 TSval=2916036775 TSecr=3045556549 [TCP segment of a reassembled PDU]"
"31207","32.696122933","192.168.1.55","192.168.1.2","TCP","1514","8004  >  36084 [ACK] Seq=97206 Ack=144 Win=65024 Len=1448 TSval=2916036776 TSecr=3045556549 [TCP segment of a reassembled PDU]"
"31208","32.696125507","192.168.1.55","192.168.1.2","TCP","1514","8004  >  36084 [PSH, ACK] Seq=98654 Ack=144 Win=65024 Len=1448 TSval=2916036776 TSecr=3045556549 [TCP segment of a reassembled PDU]"
"31209","32.700570607","192.168.1.2","192.168.1.55","TCP","66","36084  >  8004 [ACK] Seq=144 Ack=45078 Win=91136 Len=0 TSval=3045556555 TSecr=2916036775"
"31210","32.700592514","192.168.1.55","192.168.1.2","TCP","1514","8004  >  36084 [ACK] Seq=100102 Ack=144 Win=65024 Len=1448 TSval=2916036781 TSecr=3045556555 [TCP segment of a reassembled PDU]"
"31211","32.700595607","192.168.1.55","192.168.1.2","TCP","1514","8004  >  36084 [ACK] Seq=101550 Ack=144 Win=65024 Len=1448 TSval=2916036781 TSecr=3045556555 [TCP segment of a reassembled PDU]"
"31212","32.700597348","192.168.1.55","192.168.1.2","TCP","1514","8004  >  36084 [ACK] Seq=102998 Ack=144 Win=65024 Len=1448 TSval=2916036781 TSecr=3045556555 [TCP segment of a reassembled PDU]"
"31213","32.700598774","192.168.1.55","192.168.1.2","TCP","1514","8004  >  36084 [PSH, ACK] Seq=104446 Ack=144 Win=65024 Len=1448 TSval=2916036781 TSecr=3045556555 [TCP segment of a reassembled PDU]"
"31214","32.700882904","192.168.1.2","192.168.1.55","TCP","66","36084  >  8004 [ACK] Seq=144 Ack=65350 Win=75776 Len=0 TSval=3045556555 TSecr=2916036775"
"31215","32.700899422","192.168.1.55","192.168.1.2","TCP","1514","8004  >  36084 [ACK] Seq=105894 Ack=144 Win=65024 Len=1448 TSval=2916036781 TSecr=3045556555 [TCP segment of a reassembled PDU]"
"31216","32.700901126","192.168.1.55","192.168.1.2","TCP","1514","8004  >  36084 [ACK] Seq=107342 Ack=144 Win=65024 Len=1448 TSval=2916036781 TSecr=3045556555 [TCP segment of a reassembled PDU]"
"31217","32.700902608","192.168.1.55","192.168.1.2","TCP","1514","8004  >  36084 [ACK] Seq=108790 Ack=144 Win=65024 Len=1448 TSval=2916036781 TSecr=3045556555 [TCP segment of a reassembled PDU]"
"31218","32.700904219","192.168.1.55","192.168.1.2","TCP","1514","8004  >  36084 [ACK] Seq=110238 Ack=144 Win=65024 Len=1448 TSval=2916036781 TSecr=3045556555 [TCP segment of a reassembled PDU]"
"31219","32.700905830","192.168.1.55","192.168.1.2","TCP","1514","8004  >  36084 [ACK] Seq=111686 Ack=144 Win=65024 Len=1448 TSval=2916036781 TSecr=3045556555 [TCP segment of a reassembled PDU]"
"31220","32.700907311","192.168.1.55","192.168.1.2","TCP","1514","8004  >  36084 [ACK] Seq=113134 Ack=144 Win=65024 Len=1448 TSval=2916036781 TSecr=3045556555 [TCP segment of a reassembled PDU]"
"31221","32.700908626","192.168.1.55","192.168.1.2","TCP","1514","8004  >  36084 [PSH, ACK] Seq=114582 Ack=144 Win=65024 Len=1448 TSval=2916036781 TSecr=3045556555 [TCP segment of a reassembled PDU]"
"31222","32.700919108","192.168.1.2","192.168.1.55","TCP","66","36084  >  8004 [ACK] Seq=144 Ack=76934 Win=64512 Len=0 TSval=3045556555 TSecr=2916036775"
"31223","32.700944626","192.168.1.55","192.168.1.2","TCP","1514","8004  >  36084 [ACK] Seq=116030 Ack=144 Win=65024 Len=1448 TSval=2916036781 TSecr=3045556555 [TCP segment of a reassembled PDU]"
"31224","32.700946311","192.168.1.55","192.168.1.2","TCP","1514","8004  >  36084 [ACK] Seq=117478 Ack=144 Win=65024 Len=1448 TSval=2916036781 TSecr=3045556555 [TCP segment of a reassembled PDU]"
"31225","32.700947515","192.168.1.55","192.168.1.2","TCP","1514","8004  >  36084 [ACK] Seq=118926 Ack=144 Win=65024 Len=1448 TSval=2916036781 TSecr=3045556555 [TCP segment of a reassembled PDU]"
"31226","32.700948996","192.168.1.55","192.168.1.2","TCP","1514","8004  >  36084 [ACK] Seq=120374 Ack=144 Win=65024 Len=1448 TSval=2916036781 TSecr=3045556555 [TCP segment of a reassembled PDU]"
"31227","32.700950256","192.168.1.55","192.168.1.2","TCP","1514","8004  >  36084 [ACK] Seq=121822 Ack=144 Win=65024 Len=1448 TSval=2916036781 TSecr=3045556555 [TCP segment of a reassembled PDU]"
"31228","32.700951478","192.168.1.55","192.168.1.2","TCP","1514","8004  >  36084 [ACK] Seq=123270 Ack=144 Win=65024 Len=1448 TSval=2916036781 TSecr=3045556555 [TCP segment of a reassembled PDU]"
"31229","32.700952922","192.168.1.55","192.168.1.2","TCP","1514","8004  >  36084 [ACK] Seq=124718 Ack=144 Win=65024 Len=1448 TSval=2916036781 TSecr=3045556555 [TCP segment of a reassembled PDU]"
"31230","32.700954200","192.168.1.55","192.168.1.2","TCP","1514","8004  >  36084 [ACK] Seq=126166 Ack=144 Win=65024 Len=1448 TSval=2916036781 TSecr=3045556555 [TCP segment of a reassembled PDU]"
"31231","32.700955534","192.168.1.55","192.168.1.2","TCP","1514","8004  >  36084 [ACK] Seq=127614 Ack=144 Win=65024 Len=1448 TSval=2916036781 TSecr=3045556555 [TCP segment of a reassembled PDU]"
"31232","32.700956774","192.168.1.55","192.168.1.2","TCP","1514","8004  >  36084 [ACK] Seq=129062 Ack=144 Win=65024 Len=1448 TSval=2916036781 TSecr=3045556555 [TCP segment of a reassembled PDU]"
"31233","32.700958182","192.168.1.55","192.168.1.2","TCP","1514","8004  >  36084 [ACK] Seq=130510 Ack=144 Win=65024 Len=1448 TSval=2916036781 TSecr=3045556555 [TCP segment of a reassembled PDU]"
"31234","32.700959626","192.168.1.55","192.168.1.2","TCP","1514","8004  >  36084 [ACK] Seq=131958 Ack=144 Win=65024 Len=1448 TSval=2916036781 TSecr=3045556555 [TCP segment of a reassembled PDU]"
"31235","32.700960867","192.168.1.55","192.168.1.2","TCP","1514","8004  >  36084 [ACK] Seq=133406 Ack=144 Win=65024 Len=1448 TSval=2916036781 TSecr=3045556555 [TCP segment of a reassembled PDU]"
"31236","32.700962163","192.168.1.55","192.168.1.2","TCP","1514","8004  >  36084 [ACK] Seq=134854 Ack=144 Win=65024 Len=1448 TSval=2916036781 TSecr=3045556555 [TCP segment of a reassembled PDU]"
"31237","32.700963385","192.168.1.55","192.168.1.2","TCP","1514","8004  >  36084 [ACK] Seq=136302 Ack=144 Win=65024 Len=1448 TSval=2916036781 TSecr=3045556555 [TCP segment of a reassembled PDU]"
"31238","32.700964608","192.168.1.55","192.168.1.2","TCP","1514","8004  >  36084 [ACK] Seq=137750 Ack=144 Win=65024 Len=1448 TSval=2916036781 TSecr=3045556555 [TCP segment of a reassembled PDU]"
"31239","32.700965848","192.168.1.55","192.168.1.2","TCP","1514","8004  >  36084 [ACK] Seq=139198 Ack=144 Win=65024 Len=1448 TSval=2916036781 TSecr=3045556555 [TCP segment of a reassembled PDU]"
"31240","32.700967534","192.168.1.55","192.168.1.2","TCP","866","[TCP Window Full] 8004  >  36084 [PSH, ACK] Seq=140646 Ack=144 Win=65024 Len=800 TSval=2916036781 TSecr=3045556555 [TCP segment of a reassembled PDU]"
"31241","32.700971571","192.168.1.2","192.168.1.55","TCP","66","36084  >  8004 [ACK] Seq=144 Ack=97206 Win=64512 Len=0 TSval=3045556555 TSecr=2916036775"
"31242","32.700975034","192.168.1.2","192.168.1.55","TCP","66","36084  >  8004 [ACK] Seq=144 Ack=100102 Win=71680 Len=0 TSval=3045556555 TSecr=2916036776"
"31243","32.701020404","192.168.1.55","192.168.1.2","TCP","1514","8004  >  36084 [ACK] Seq=141446 Ack=144 Win=65024 Len=1448 TSval=2916036781 TSecr=3045556555 [TCP segment of a reassembled PDU]"
"31244","32.701025534","192.168.1.55","192.168.1.2","TCP","1514","8004  >  36084 [ACK] Seq=142894 Ack=144 Win=65024 Len=1448 TSval=2916036781 TSecr=3045556555 [TCP segment of a reassembled PDU]"
"31245","32.701027089","192.168.1.55","192.168.1.2","TCP","1514","8004  >  36084 [ACK] Seq=144342 Ack=144 Win=65024 Len=1448 TSval=2916036781 TSecr=3045556555 [TCP segment of a reassembled PDU]"
"31246","32.701028663","192.168.1.55","192.168.1.2","TCP","1514","8004  >  36084 [ACK] Seq=145790 Ack=144 Win=65024 Len=1448 TSval=2916036781 TSecr=3045556555 [TCP segment of a reassembled PDU]"
"31247","32.701029997","192.168.1.55","192.168.1.2","TCP","1514","8004  >  36084 [ACK] Seq=147238 Ack=144 Win=65024 Len=1448 TSval=2916036781 TSecr=3045556555 [TCP segment of a reassembled PDU]"
"31248","32.701031237","192.168.1.55","192.168.1.2","TCP","1514","8004  >  36084 [ACK] Seq=148686 Ack=144 Win=65024 Len=1448 TSval=2916036781 TSecr=3045556555 [TCP segment of a reassembled PDU]"
"31249","32.701032645","192.168.1.55","192.168.1.2","TCP","1514","8004  >  36084 [ACK] Seq=150134 Ack=144 Win=65024 Len=1448 TSval=2916036781 TSecr=3045556555 [TCP segment of a reassembled PDU]"
"31250","32.701033997","192.168.1.55","192.168.1.2","TCP","1514","8004  >  36084 [ACK] Seq=151582 Ack=144 Win=65024 Len=1448 TSval=2916036781 TSecr=3045556555 [TCP segment of a reassembled PDU]"
"31251","32.701035330","192.168.1.55","192.168.1.2","TCP","1514","8004  >  36084 [PSH, ACK] Seq=153030 Ack=144 Win=65024 Len=1448 TSval=2916036781 TSecr=3045556555 [TCP segment of a reassembled PDU]"
"31252","32.701042497","192.168.1.55","192.168.1.2","TCP","714","8004  >  36084 [ACK] Seq=154478 Ack=144 Win=65024 Len=648 TSval=2916036781 TSecr=3045556555 [TCP segment of a reassembled PDU]"
"31253","32.701064867","192.168.1.55","192.168.1.2","TCP","1514","8004  >  36084 [ACK] Seq=155126 Ack=144 Win=65024 Len=1448 TSval=2916036781 TSecr=3045556555 [TCP segment of a reassembled PDU]"
"31254","32.701066404","192.168.1.55","192.168.1.2","TCP","1514","8004  >  36084 [ACK] Seq=156574 Ack=144 Win=65024 Len=1448 TSval=2916036781 TSecr=3045556555 [TCP segment of a reassembled PDU]"
"31255","32.701067682","192.168.1.55","192.168.1.2","TCP","1514","8004  >  36084 [ACK] Seq=158022 Ack=144 Win=65024 Len=1448 TSval=2916036781 TSecr=3045556555 [TCP segment of a reassembled PDU]"
"31256","32.701068867","192.168.1.55","192.168.1.2","TCP","1514","8004  >  36084 [ACK] Seq=159470 Ack=144 Win=65024 Len=1448 TSval=2916036781 TSecr=3045556555 [TCP segment of a reassembled PDU]"
"31257","32.701070274","192.168.1.55","192.168.1.2","TCP","1514","8004  >  36084 [ACK] Seq=160918 Ack=144 Win=65024 Len=1448 TSval=2916036781 TSecr=3045556555 [TCP segment of a reassembled PDU]"
"31258","32.701071571","192.168.1.55","192.168.1.2","TCP","1514","8004  >  36084 [ACK] Seq=162366 Ack=144 Win=65024 Len=1448 TSval=2916036781 TSecr=3045556555 [TCP segment of a reassembled PDU]"
"31259","32.701072886","192.168.1.55","192.168.1.2","TCP","1514","8004  >  36084 [ACK] Seq=163814 Ack=144 Win=65024 Len=1448 TSval=2916036781 TSecr=3045556555 [TCP segment of a reassembled PDU]"
"31260","32.701074108","192.168.1.55","192.168.1.2","TCP","1514","8004  >  36084 [ACK] Seq=165262 Ack=144 Win=65024 Len=1448 TSval=2916036781 TSecr=3045556555 [TCP segment of a reassembled PDU]"
"31261","32.701075386","192.168.1.55","192.168.1.2","TCP","1514","8004  >  36084 [ACK] Seq=166710 Ack=144 Win=65024 Len=1448 TSval=2916036781 TSecr=3045556555 [TCP segment of a reassembled PDU]"
"31262","32.701076774","192.168.1.55","192.168.1.2","TCP","1514","8004  >  36084 [ACK] Seq=168158 Ack=144 Win=65024 Len=1448 TSval=2916036781 TSecr=3045556555 [TCP segment of a reassembled PDU]"
"31263","32.701077960","192.168.1.55","192.168.1.2","TCP","1514","8004  >  36084 [PSH, ACK] Seq=169606 Ack=144 Win=65024 Len=1448 TSval=2916036781 TSecr=3045556555 [TCP segment of a reassembled PDU]"
"31264","32.707061562","192.168.1.2","192.168.1.55","TCP","66","36084  >  8004 [ACK] Seq=144 Ack=105894 Win=88064 Len=0 TSval=3045556561 TSecr=2916036781"
"31265","32.707086340","192.168.1.55","192.168.1.2","TCP","1514","8004  >  36084 [ACK] Seq=171054 Ack=144 Win=65024 Len=1448 TSval=2916036787 TSecr=3045556561 [TCP segment of a reassembled PDU]"
"31266","32.707088895","192.168.1.55","192.168.1.2","TCP","1514","8004  >  36084 [ACK] Seq=172502 Ack=144 Win=65024 Len=1448 TSval=2916036787 TSecr=3045556561 [TCP segment of a reassembled PDU]"
"31267","32.707090117","192.168.1.55","192.168.1.2","TCP","1514","8004  >  36084 [ACK] Seq=173950 Ack=144 Win=65024 Len=1448 TSval=2916036787 TSecr=3045556561 [TCP segment of a reassembled PDU]"
"31268","32.707091395","192.168.1.55","192.168.1.2","TCP","1514","8004  >  36084 [ACK] Seq=175398 Ack=144 Win=65024 Len=1448 TSval=2916036787 TSecr=3045556561 [TCP segment of a reassembled PDU]"
"31269","32.707092654","192.168.1.55","192.168.1.2","TCP","1514","8004  >  36084 [ACK] Seq=176846 Ack=144 Win=65024 Len=1448 TSval=2916036787 TSecr=3045556561 [TCP segment of a reassembled PDU]"
"31270","32.707093914","192.168.1.55","192.168.1.2","TCP","1514","8004  >  36084 [ACK] Seq=178294 Ack=144 Win=65024 Len=1448 TSval=2916036787 TSecr=3045556561 [TCP segment of a reassembled PDU]"
"31271","32.707095173","192.168.1.55","192.168.1.2","TCP","1514","8004  >  36084 [ACK] Seq=179742 Ack=144 Win=65024 Len=1448 TSval=2916036787 TSecr=3045556561 [TCP segment of a reassembled PDU]"
"31272","32.707096303","192.168.1.55","192.168.1.2","TCP","1514","8004  >  36084 [ACK] Seq=181190 Ack=144 Win=65024 Len=1448 TSval=2916036787 TSecr=3045556561 [TCP segment of a reassembled PDU]"
"31273","32.707097562","192.168.1.55","192.168.1.2","TCP","1514","8004  >  36084 [ACK] Seq=182638 Ack=144 Win=65024 Len=1448 TSval=2916036787 TSecr=3045556561 [TCP segment of a reassembled PDU]"
"31274","32.707098710","192.168.1.55","192.168.1.2","TCP","1514","8004  >  36084 [ACK] Seq=184086 Ack=144 Win=65024 Len=1448 TSval=2916036787 TSecr=3045556561 [TCP segment of a reassembled PDU]"
"31275","32.707100117","192.168.1.55","192.168.1.2","TCP","1514","8004  >  36084 [ACK] Seq=185534 Ack=144 Win=65024 Len=1448 TSval=2916036787 TSecr=3045556561 [TCP segment of a reassembled PDU]"
"31276","32.707101358","192.168.1.55","192.168.1.2","TCP","1514","8004  >  36084 [ACK] Seq=186982 Ack=144 Win=65024 Len=1448 TSval=2916036787 TSecr=3045556561 [TCP segment of a reassembled PDU]"
"31277","32.707102599","192.168.1.55","192.168.1.2","TCP","1514","8004  >  36084 [ACK] Seq=188430 Ack=144 Win=65024 Len=1448 TSval=2916036787 TSecr=3045556561 [TCP segment of a reassembled PDU]"
"31278","32.707103858","192.168.1.55","192.168.1.2","TCP","1514","8004  >  36084 [ACK] Seq=189878 Ack=144 Win=65024 Len=1448 TSval=2916036787 TSecr=3045556561 [TCP segment of a reassembled PDU]"
"31279","32.707105154","192.168.1.55","192.168.1.2","TCP","1514","8004  >  36084 [PSH, ACK] Seq=191326 Ack=144 Win=65024 Len=1448 TSval=2916036787 TSecr=3045556561 [TCP segment of a reassembled PDU]"
"31280","32.707748915","192.168.1.2","192.168.1.55","TCP","66","36084  >  8004 [ACK] Seq=144 Ack=116030 Win=102400 Len=0 TSval=3045556561 TSecr=2916036781"
"31281","32.707759581","192.168.1.55","192.168.1.2","TCP","1514","8004  >  36084 [ACK] Seq=192774 Ack=144 Win=65024 Len=1448 TSval=2916036788 TSecr=3045556561 [TCP segment of a reassembled PDU]"
"31282","32.707761230","192.168.1.55","192.168.1.2","TCP","1514","8004  >  36084 [ACK] Seq=194222 Ack=144 Win=65024 Len=1448 TSval=2916036788 TSecr=3045556561 [TCP segment of a reassembled PDU]"
"31283","32.707762433","192.168.1.55","192.168.1.2","TCP","1514","8004  >  36084 [ACK] Seq=195670 Ack=144 Win=65024 Len=1448 TSval=2916036788 TSecr=3045556561 [TCP segment of a reassembled PDU]"
"31284","32.707763767","192.168.1.55","192.168.1.2","TCP","1514","8004  >  36084 [PSH, ACK] Seq=197118 Ack=144 Win=65024 Len=1448 TSval=2916036788 TSecr=3045556561 [TCP segment of a reassembled PDU]"
"31285","32.707767841","192.168.1.2","192.168.1.55","TCP","66","36084  >  8004 [ACK] Seq=144 Ack=141446 Win=87040 Len=0 TSval=3045556561 TSecr=2916036781"
"31286","32.707791063","192.168.1.55","192.168.1.2","TCP","1514","8004  >  36084 [ACK] Seq=198566 Ack=144 Win=65024 Len=1448 TSval=2916036788 TSecr=3045556561 [TCP segment of a reassembled PDU]"
"31287","32.707792693","192.168.1.55","192.168.1.2","TCP","1514","8004  >  36084 [ACK] Seq=200014 Ack=144 Win=65024 Len=1448 TSval=2916036788 TSecr=3045556561 [TCP segment of a reassembled PDU]"
"31288","32.707798230","192.168.1.55","192.168.1.2","TCP","1514","8004  >  36084 [ACK] Seq=201462 Ack=144 Win=65024 Len=1448 TSval=2916036788 TSecr=3045556561 [TCP segment of a reassembled PDU]"
"31289","32.707799711","192.168.1.55","192.168.1.2","TCP","1514","8004  >  36084 [ACK] Seq=202910 Ack=144 Win=65024 Len=1448 TSval=2916036788 TSecr=3045556561 [TCP segment of a reassembled PDU]"
"31290","32.707800989","192.168.1.55","192.168.1.2","TCP","1514","8004  >  36084 [ACK] Seq=204358 Ack=144 Win=65024 Len=1448 TSval=2916036788 TSecr=3045556561 [TCP segment of a reassembled PDU]"
"31291","32.707802137","192.168.1.55","192.168.1.2","TCP","1514","8004  >  36084 [ACK] Seq=205806 Ack=144 Win=65024 Len=1448 TSval=2916036788 TSecr=3045556561 [TCP segment of a reassembled PDU]"
"31292","32.707803304","192.168.1.55","192.168.1.2","TCP","1514","8004  >  36084 [ACK] Seq=207254 Ack=144 Win=65024 Len=1448 TSval=2916036788 TSecr=3045556561 [TCP segment of a reassembled PDU]"
"31293","32.707804470","192.168.1.55","192.168.1.2","TCP","1514","8004  >  36084 [ACK] Seq=208702 Ack=144 Win=65024 Len=1448 TSval=2916036788 TSecr=3045556561 [TCP segment of a reassembled PDU]"
"31294","32.707805637","192.168.1.55","192.168.1.2","TCP","1514","8004  >  36084 [ACK] Seq=210150 Ack=144 Win=65024 Len=1448 TSval=2916036788 TSecr=3045556561 [TCP segment of a reassembled PDU]"
"31295","32.707806952","192.168.1.55","192.168.1.2","TCP","1514","8004  >  36084 [ACK] Seq=211598 Ack=144 Win=65024 Len=1448 TSval=2916036788 TSecr=3045556561 [TCP segment of a reassembled PDU]"
"31296","32.707808137","192.168.1.55","192.168.1.2","TCP","1514","8004  >  36084 [ACK] Seq=213046 Ack=144 Win=65024 Len=1448 TSval=2916036788 TSecr=3045556561 [TCP segment of a reassembled PDU]"
"31297","32.707809304","192.168.1.55","192.168.1.2","TCP","1514","8004  >  36084 [ACK] Seq=214494 Ack=144 Win=65024 Len=1448 TSval=2916036788 TSecr=3045556561 [TCP segment of a reassembled PDU]"
"31298","32.707810563","192.168.1.55","192.168.1.2","TCP","1514","8004  >  36084 [ACK] Seq=215942 Ack=144 Win=65024 Len=1448 TSval=2916036788 TSecr=3045556561 [TCP segment of a reassembled PDU]"
"31299","32.707812026","192.168.1.55","192.168.1.2","TCP","1514","8004  >  36084 [ACK] Seq=217390 Ack=144 Win=65024 Len=1448 TSval=2916036788 TSecr=3045556561 [TCP segment of a reassembled PDU]"
"31300","32.707813285","192.168.1.55","192.168.1.2","TCP","1514","8004  >  36084 [ACK] Seq=218838 Ack=144 Win=65024 Len=1448 TSval=2916036788 TSecr=3045556561 [TCP segment of a reassembled PDU]"
"31301","32.707814489","192.168.1.55","192.168.1.2","TCP","1514","8004  >  36084 [ACK] Seq=220286 Ack=144 Win=65024 Len=1448 TSval=2916036788 TSecr=3045556561 [TCP segment of a reassembled PDU]"
"31302","32.707815785","192.168.1.55","192.168.1.2","TCP","1514","8004  >  36084 [ACK] Seq=221734 Ack=144 Win=65024 Len=1448 TSval=2916036788 TSecr=3045556561 [TCP segment of a reassembled PDU]"
"31303","32.707817100","192.168.1.55","192.168.1.2","TCP","1514","8004  >  36084 [ACK] Seq=223182 Ack=144 Win=65024 Len=1448 TSval=2916036788 TSecr=3045556561 [TCP segment of a reassembled PDU]"
"31304","32.707818267","192.168.1.55","192.168.1.2","TCP","1514","8004  >  36084 [ACK] Seq=224630 Ack=144 Win=65024 Len=1448 TSval=2916036788 TSecr=3045556561 [TCP segment of a reassembled PDU]"
"31305","32.707819526","192.168.1.55","192.168.1.2","TCP","1514","8004  >  36084 [PSH, ACK] Seq=226078 Ack=144 Win=65024 Len=1448 TSval=2916036788 TSecr=3045556561 [TCP segment of a reassembled PDU]"
"31306","32.707823674","192.168.1.2","192.168.1.55","TCP","66","36084  >  8004 [ACK] Seq=144 Ack=154478 Win=84992 Len=0 TSval=3045556561 TSecr=2916036781"
"31307","32.707877045","192.168.1.2","192.168.1.55","TCP","66","36084  >  8004 [ACK] Seq=144 Ack=155126 Win=105472 Len=0 TSval=3045556562 TSecr=2916036781"
"31308","32.707894785","192.168.1.55","192.168.1.2","TCP","1514","8004  >  36084 [ACK] Seq=227526 Ack=144 Win=65024 Len=1448 TSval=2916036788 TSecr=3045556562 [TCP segment of a reassembled PDU]"
"31309","32.707896711","192.168.1.55","192.168.1.2","TCP","1514","8004  >  36084 [ACK] Seq=228974 Ack=144 Win=65024 Len=1448 TSval=2916036788 TSecr=3045556562 [TCP segment of a reassembled PDU]"
"31310","32.707897878","192.168.1.55","192.168.1.2","TCP","1514","8004  >  36084 [ACK] Seq=230422 Ack=144 Win=65024 Len=1448 TSval=2916036788 TSecr=3045556562 [TCP segment of a reassembled PDU]"
"31311","32.707899211","192.168.1.55","192.168.1.2","TCP","1514","8004  >  36084 [ACK] Seq=231870 Ack=144 Win=65024 Len=1448 TSval=2916036788 TSecr=3045556562 [TCP segment of a reassembled PDU]"
"31312","32.707900952","192.168.1.55","192.168.1.2","TCP","1514","8004  >  36084 [ACK] Seq=233318 Ack=144 Win=65024 Len=1448 TSval=2916036788 TSecr=3045556562 [TCP segment of a reassembled PDU]"
"31313","32.707902119","192.168.1.55","192.168.1.2","TCP","1514","8004  >  36084 [ACK] Seq=234766 Ack=144 Win=65024 Len=1448 TSval=2916036788 TSecr=3045556562 [TCP segment of a reassembled PDU]"
"31314","32.707903433","192.168.1.55","192.168.1.2","TCP","1514","8004  >  36084 [ACK] Seq=236214 Ack=144 Win=65024 Len=1448 TSval=2916036788 TSecr=3045556562 [TCP segment of a reassembled PDU]"
"31315","32.707904971","192.168.1.55","192.168.1.2","TCP","1514","8004  >  36084 [ACK] Seq=237662 Ack=144 Win=65024 Len=1448 TSval=2916036788 TSecr=3045556562 [TCP segment of a reassembled PDU]"
"31316","32.707906174","192.168.1.55","192.168.1.2","TCP","1514","8004  >  36084 [ACK] Seq=239110 Ack=144 Win=65024 Len=1448 TSval=2916036788 TSecr=3045556562 [TCP segment of a reassembled PDU]"
"31317","32.707907452","192.168.1.55","192.168.1.2","TCP","1514","8004  >  36084 [PSH, ACK] Seq=240558 Ack=144 Win=65024 Len=1448 TSval=2916036788 TSecr=3045556562 [TCP segment of a reassembled PDU]"
"31318","32.707911619","192.168.1.2","192.168.1.55","TCP","66","36084  >  8004 [ACK] Seq=144 Ack=171054 Win=105472 Len=0 TSval=3045556562 TSecr=2916036781"
"31319","32.707955526","192.168.1.55","192.168.1.2","TCP","1514","8004  >  36084 [ACK] Seq=242006 Ack=144 Win=65024 Len=1448 TSval=2916036788 TSecr=3045556562 [TCP segment of a reassembled PDU]"
"31320","32.707957471","192.168.1.55","192.168.1.2","TCP","1514","8004  >  36084 [ACK] Seq=243454 Ack=144 Win=65024 Len=1448 TSval=2916036788 TSecr=3045556562 [TCP segment of a reassembled PDU]"
"31321","32.707959063","192.168.1.55","192.168.1.2","TCP","1514","8004  >  36084 [ACK] Seq=244902 Ack=144 Win=65024 Len=1448 TSval=2916036788 TSecr=3045556562 [TCP segment of a reassembled PDU]"
"31322","32.707960304","192.168.1.55","192.168.1.2","TCP","1514","8004  >  36084 [ACK] Seq=246350 Ack=144 Win=65024 Len=1448 TSval=2916036788 TSecr=3045556562 [TCP segment of a reassembled PDU]"
"31323","32.707961971","192.168.1.55","192.168.1.2","TCP","1514","8004  >  36084 [ACK] Seq=247798 Ack=144 Win=65024 Len=1448 TSval=2916036788 TSecr=3045556562 [TCP segment of a reassembled PDU]"
"31324","32.707963174","192.168.1.55","192.168.1.2","TCP","1514","8004  >  36084 [ACK] Seq=249246 Ack=144 Win=65024 Len=1448 TSval=2916036788 TSecr=3045556562 [TCP segment of a reassembled PDU]"
"31325","32.707964526","192.168.1.55","192.168.1.2","TCP","1514","8004  >  36084 [ACK] Seq=250694 Ack=144 Win=65024 Len=1448 TSval=2916036788 TSecr=3045556562 [TCP segment of a reassembled PDU]"
"31326","32.707965804","192.168.1.55","192.168.1.2","TCP","1514","8004  >  36084 [ACK] Seq=252142 Ack=144 Win=65024 Len=1448 TSval=2916036788 TSecr=3045556562 [TCP segment of a reassembled PDU]"
"31327","32.707967008","192.168.1.55","192.168.1.2","TCP","1514","8004  >  36084 [ACK] Seq=253590 Ack=144 Win=65024 Len=1448 TSval=2916036788 TSecr=3045556562 [TCP segment of a reassembled PDU]"
"31328","32.707968341","192.168.1.55","192.168.1.2","TCP","1514","8004  >  36084 [ACK] Seq=255038 Ack=144 Win=65024 Len=1448 TSval=2916036788 TSecr=3045556562 [TCP segment of a reassembled PDU]"
"31329","32.707969582","192.168.1.55","192.168.1.2","TCP","1514","8004  >  36084 [ACK] Seq=256486 Ack=144 Win=65024 Len=1448 TSval=2916036788 TSecr=3045556562 [TCP segment of a reassembled PDU]"
"31330","32.707970860","192.168.1.55","192.168.1.2","TCP","1514","8004  >  36084 [ACK] Seq=257934 Ack=144 Win=65024 Len=1448 TSval=2916036788 TSecr=3045556562 [TCP segment of a reassembled PDU]"
"31331","32.707972230","192.168.1.55","192.168.1.2","TCP","1514","8004  >  36084 [ACK] Seq=259382 Ack=144 Win=65024 Len=1448 TSval=2916036788 TSecr=3045556562 [TCP segment of a reassembled PDU]"
"31332","32.707973415","192.168.1.55","192.168.1.2","TCP","1514","8004  >  36084 [ACK] Seq=260830 Ack=144 Win=65024 Len=1448 TSval=2916036788 TSecr=3045556562 [TCP segment of a reassembled PDU]"
"31333","32.707975360","192.168.1.55","192.168.1.2","TCP","1514","8004  >  36084 [ACK] Seq=262278 Ack=144 Win=65024 Len=1448 TSval=2916036788 TSecr=3045556562 [TCP segment of a reassembled PDU]"
"31334","32.707976897","192.168.1.55","192.168.1.2","TCP","1514","8004  >  36084 [ACK] Seq=263726 Ack=144 Win=65024 Len=1448 TSval=2916036788 TSecr=3045556562 [TCP segment of a reassembled PDU]"
"31335","32.707978360","192.168.1.55","192.168.1.2","TCP","1514","8004  >  36084 [ACK] Seq=265174 Ack=144 Win=65024 Len=1448 TSval=2916036788 TSecr=3045556562 [TCP segment of a reassembled PDU]"
"31336","32.707979693","192.168.1.55","192.168.1.2","TCP","1514","8004  >  36084 [ACK] Seq=266622 Ack=144 Win=65024 Len=1448 TSval=2916036788 TSecr=3045556562 [TCP segment of a reassembled PDU]"
"31337","32.707981100","192.168.1.55","192.168.1.2","TCP","1514","8004  >  36084 [ACK] Seq=268070 Ack=144 Win=65024 Len=1448 TSval=2916036788 TSecr=3045556562 [TCP segment of a reassembled PDU]"
"31338","32.707982360","192.168.1.55","192.168.1.2","TCP","1514","8004  >  36084 [ACK] Seq=269518 Ack=144 Win=65024 Len=1448 TSval=2916036788 TSecr=3045556562 [TCP segment of a reassembled PDU]"
"31339","32.707983637","192.168.1.55","192.168.1.2","TCP","1514","8004  >  36084 [ACK] Seq=270966 Ack=144 Win=65024 Len=1448 TSval=2916036788 TSecr=3045556562 [TCP segment of a reassembled PDU]"
"31340","32.707984878","192.168.1.55","192.168.1.2","TCP","1514","8004  >  36084 [ACK] Seq=272414 Ack=144 Win=65024 Len=1448 TSval=2916036788 TSecr=3045556562 [TCP segment of a reassembled PDU]"
"31341","32.707986267","192.168.1.55","192.168.1.2","TCP","1514","8004  >  36084 [ACK] Seq=273862 Ack=144 Win=65024 Len=1448 TSval=2916036788 TSecr=3045556562 [TCP segment of a reassembled PDU]"
"31342","32.707987637","192.168.1.55","192.168.1.2","TCP","1282","[TCP Window Full] 8004  >  36084 [PSH, ACK] Seq=275310 Ack=144 Win=65024 Len=1216 TSval=2916036788 TSecr=3045556562 [TCP segment of a reassembled PDU]"
"31343","32.713881924","192.168.1.2","192.168.1.55","TCP","66","36084  >  8004 [ACK] Seq=144 Ack=186982 Win=104448 Len=0 TSval=3045556565 TSecr=2916036787"
"31344","32.713916443","192.168.1.55","192.168.1.2","TCP","1514","8004  >  36084 [ACK] Seq=276526 Ack=144 Win=65024 Len=1448 TSval=2916036794 TSecr=3045556565 [TCP segment of a reassembled PDU]"
"31345","32.713920295","192.168.1.55","192.168.1.2","TCP","1514","8004  >  36084 [ACK] Seq=277974 Ack=144 Win=65024 Len=1448 TSval=2916036794 TSecr=3045556565 [TCP segment of a reassembled PDU]"
"31346","32.713921758","192.168.1.55","192.168.1.2","TCP","1514","8004  >  36084 [ACK] Seq=279422 Ack=144 Win=65024 Len=1448 TSval=2916036794 TSecr=3045556565 [TCP segment of a reassembled PDU]"
"31347","32.713922906","192.168.1.55","192.168.1.2","TCP","1514","8004  >  36084 [ACK] Seq=280870 Ack=144 Win=65024 Len=1448 TSval=2916036794 TSecr=3045556565 [TCP segment of a reassembled PDU]"
"31348","32.713924147","192.168.1.55","192.168.1.2","TCP","1514","8004  >  36084 [ACK] Seq=282318 Ack=144 Win=65024 Len=1448 TSval=2916036794 TSecr=3045556565 [TCP segment of a reassembled PDU]"
"31349","32.713925369","192.168.1.55","192.168.1.2","TCP","1514","8004  >  36084 [PSH, ACK] Seq=283766 Ack=144 Win=65024 Len=1448 TSval=2916036794 TSecr=3045556565 [TCP segment of a reassembled PDU]"
"31350","32.713932869","192.168.1.55","192.168.1.2","TCP","298","8004  >  36084 [ACK] Seq=285214 Ack=144 Win=65024 Len=232 TSval=2916036794 TSecr=3045556565 [TCP segment of a reassembled PDU]"
"31351","32.715420186","192.168.1.2","192.168.1.55","TCP","66","36084  >  8004 [ACK] Seq=144 Ack=192774 Win=114688 Len=0 TSval=3045556569 TSecr=2916036787"
"31352","32.715443982","192.168.1.55","192.168.1.2","TCP","1514","8004  >  36084 [ACK] Seq=285446 Ack=144 Win=65024 Len=1448 TSval=2916036796 TSecr=3045556569 [TCP segment of a reassembled PDU]"
"31353","32.715446501","192.168.1.55","192.168.1.2","TCP","1514","8004  >  36084 [ACK] Seq=286894 Ack=144 Win=65024 Len=1448 TSval=2916036796 TSecr=3045556569 [TCP segment of a reassembled PDU]"
"31354","32.715447816","192.168.1.55","192.168.1.2","TCP","1514","8004  >  36084 [ACK] Seq=288342 Ack=144 Win=65024 Len=1448 TSval=2916036796 TSecr=3045556569 [TCP segment of a reassembled PDU]"
"31355","32.715448982","192.168.1.55","192.168.1.2","TCP","1514","8004  >  36084 [ACK] Seq=289790 Ack=144 Win=65024 Len=1448 TSval=2916036796 TSecr=3045556569 [TCP segment of a reassembled PDU]"
"31356","32.715450112","192.168.1.55","192.168.1.2","TCP","1514","8004  >  36084 [ACK] Seq=291238 Ack=144 Win=65024 Len=1448 TSval=2916036796 TSecr=3045556569 [TCP segment of a reassembled PDU]"
"31357","32.715451334","192.168.1.55","192.168.1.2","TCP","1514","8004  >  36084 [ACK] Seq=292686 Ack=144 Win=65024 Len=1448 TSval=2916036796 TSecr=3045556569 [TCP segment of a reassembled PDU]"
"31358","32.715452557","192.168.1.55","192.168.1.2","TCP","1514","8004  >  36084 [ACK] Seq=294134 Ack=144 Win=65024 Len=1448 TSval=2916036796 TSecr=3045556569 [TCP segment of a reassembled PDU]"
"31359","32.715453890","192.168.1.55","192.168.1.2","TCP","1514","8004  >  36084 [ACK] Seq=295582 Ack=144 Win=65024 Len=1448 TSval=2916036796 TSecr=3045556569 [TCP segment of a reassembled PDU]"
"31360","32.715454982","192.168.1.55","192.168.1.2","TCP","1514","8004  >  36084 [ACK] Seq=297030 Ack=144 Win=65024 Len=1448 TSval=2916036796 TSecr=3045556569 [TCP segment of a reassembled PDU]"
"31361","32.715456427","192.168.1.55","192.168.1.2","TCP","1514","8004  >  36084 [ACK] Seq=298478 Ack=144 Win=65024 Len=1448 TSval=2916036796 TSecr=3045556569 [TCP segment of a reassembled PDU]"
"31362","32.715457760","192.168.1.55","192.168.1.2","TCP","1514","8004  >  36084 [ACK] Seq=299926 Ack=144 Win=65024 Len=1448 TSval=2916036796 TSecr=3045556569 [TCP segment of a reassembled PDU]"
"31363","32.715458983","192.168.1.55","192.168.1.2","TCP","1514","8004  >  36084 [ACK] Seq=301374 Ack=144 Win=65024 Len=1448 TSval=2916036796 TSecr=3045556569 [TCP segment of a reassembled PDU]"
"31364","32.715460316","192.168.1.55","192.168.1.2","TCP","1514","8004  >  36084 [ACK] Seq=302822 Ack=144 Win=65024 Len=1448 TSval=2916036796 TSecr=3045556569 [TCP segment of a reassembled PDU]"
"31365","32.715461501","192.168.1.55","192.168.1.2","TCP","1514","8004  >  36084 [ACK] Seq=304270 Ack=144 Win=65024 Len=1448 TSval=2916036796 TSecr=3045556569 [TCP segment of a reassembled PDU]"
"31366","32.715462631","192.168.1.55","192.168.1.2","TCP","1514","8004  >  36084 [PSH, ACK] Seq=305718 Ack=144 Win=65024 Len=1448 TSval=2916036796 TSecr=3045556569 [TCP segment of a reassembled PDU]"
"31367","32.716116243","192.168.1.2","192.168.1.55","TCP","66","36084  >  8004 [ACK] Seq=144 Ack=198566 Win=125952 Len=0 TSval=3045556569 TSecr=2916036788"
"31368","32.716127909","192.168.1.2","192.168.1.55","TCP","66","36084  >  8004 [ACK] Seq=144 Ack=227526 Win=119808 Len=0 TSval=3045556569 TSecr=2916036788"
"31369","32.716147076","192.168.1.55","192.168.1.2","TCP","1514","8004  >  36084 [ACK] Seq=307166 Ack=144 Win=65024 Len=1448 TSval=2916036796 TSecr=3045556569 [TCP segment of a reassembled PDU]"
"31370","32.716149039","192.168.1.55","192.168.1.2","TCP","1514","8004  >  36084 [ACK] Seq=308614 Ack=144 Win=65024 Len=1448 TSval=2916036796 TSecr=3045556569 [TCP segment of a reassembled PDU]"
"31371","32.716150261","192.168.1.55","192.168.1.2","TCP","1514","8004  >  36084 [ACK] Seq=310062 Ack=144 Win=65024 Len=1448 TSval=2916036796 TSecr=3045556569 [TCP segment of a reassembled PDU]"
"31372","32.716151428","192.168.1.55","192.168.1.2","TCP","1514","8004  >  36084 [ACK] Seq=311510 Ack=144 Win=65024 Len=1448 TSval=2916036796 TSecr=3045556569 [TCP segment of a reassembled PDU]"
"31373","32.716152743","192.168.1.55","192.168.1.2","TCP","1514","8004  >  36084 [ACK] Seq=312958 Ack=144 Win=65024 Len=1448 TSval=2916036796 TSecr=3045556569 [TCP segment of a reassembled PDU]"
"31374","32.716153965","192.168.1.55","192.168.1.2","TCP","1514","8004  >  36084 [ACK] Seq=314406 Ack=144 Win=65024 Len=1448 TSval=2916036796 TSecr=3045556569 [TCP segment of a reassembled PDU]"
"31375","32.716155206","192.168.1.55","192.168.1.2","TCP","1514","8004  >  36084 [ACK] Seq=315854 Ack=144 Win=65024 Len=1448 TSval=2916036796 TSecr=3045556569 [TCP segment of a reassembled PDU]"
"31376","32.716156317","192.168.1.55","192.168.1.2","TCP","1514","8004  >  36084 [ACK] Seq=317302 Ack=144 Win=65024 Len=1448 TSval=2916036796 TSecr=3045556569 [TCP segment of a reassembled PDU]"
"31377","32.716157465","192.168.1.55","192.168.1.2","TCP","1514","8004  >  36084 [ACK] Seq=318750 Ack=144 Win=65024 Len=1448 TSval=2916036796 TSecr=3045556569 [TCP segment of a reassembled PDU]"
"31378","32.716158613","192.168.1.55","192.168.1.2","TCP","1514","8004  >  36084 [ACK] Seq=320198 Ack=144 Win=65024 Len=1448 TSval=2916036796 TSecr=3045556569 [TCP segment of a reassembled PDU]"
"31379","32.716159854","192.168.1.55","192.168.1.2","TCP","1514","8004  >  36084 [ACK] Seq=321646 Ack=144 Win=65024 Len=1448 TSval=2916036796 TSecr=3045556569 [TCP segment of a reassembled PDU]"
"31380","32.716161150","192.168.1.55","192.168.1.2","TCP","1514","8004  >  36084 [ACK] Seq=323094 Ack=144 Win=65024 Len=1448 TSval=2916036796 TSecr=3045556569 [TCP segment of a reassembled PDU]"
"31381","32.716162354","192.168.1.55","192.168.1.2","TCP","1514","8004  >  36084 [ACK] Seq=324542 Ack=144 Win=65024 Len=1448 TSval=2916036796 TSecr=3045556569 [TCP segment of a reassembled PDU]"
"31382","32.716163613","192.168.1.55","192.168.1.2","TCP","1514","8004  >  36084 [ACK] Seq=325990 Ack=144 Win=65024 Len=1448 TSval=2916036796 TSecr=3045556569 [TCP segment of a reassembled PDU]"
"31383","32.716164780","192.168.1.55","192.168.1.2","TCP","1514","8004  >  36084 [ACK] Seq=327438 Ack=144 Win=65024 Len=1448 TSval=2916036796 TSecr=3045556569 [TCP segment of a reassembled PDU]"
"31384","32.716166021","192.168.1.55","192.168.1.2","TCP","1514","8004  >  36084 [PSH, ACK] Seq=328886 Ack=144 Win=65024 Len=1448 TSval=2916036796 TSecr=3045556569 [TCP segment of a reassembled PDU]"
"31385","32.716170947","192.168.1.2","192.168.1.55","TCP","66","36084  >  8004 [ACK] Seq=144 Ack=242006 Win=119808 Len=0 TSval=3045556570 TSecr=2916036788"
"31386","32.716178039","192.168.1.2","192.168.1.55","TCP","66","36084  >  8004 [ACK] Seq=144 Ack=275310 Win=114688 Len=0 TSval=3045556570 TSecr=2916036788"
"31387","32.716219150","192.168.1.55","192.168.1.2","TCP","1514","8004  >  36084 [ACK] Seq=330334 Ack=144 Win=65024 Len=1448 TSval=2916036796 TSecr=3045556570 [TCP segment of a reassembled PDU]"
"31388","32.716221132","192.168.1.55","192.168.1.2","TCP","1514","8004  >  36084 [ACK] Seq=331782 Ack=144 Win=65024 Len=1448 TSval=2916036796 TSecr=3045556570 [TCP segment of a reassembled PDU]"
"31389","32.716222706","192.168.1.55","192.168.1.2","TCP","1514","8004  >  36084 [ACK] Seq=333230 Ack=144 Win=65024 Len=1448 TSval=2916036796 TSecr=3045556570 [TCP segment of a reassembled PDU]"
"31390","32.716224132","192.168.1.55","192.168.1.2","TCP","1514","8004  >  36084 [ACK] Seq=334678 Ack=144 Win=65024 Len=1448 TSval=2916036796 TSecr=3045556570 [TCP segment of a reassembled PDU]"
"31391","32.716225410","192.168.1.55","192.168.1.2","TCP","1514","8004  >  36084 [ACK] Seq=336126 Ack=144 Win=65024 Len=1448 TSval=2916036796 TSecr=3045556570 [TCP segment of a reassembled PDU]"
"31392","32.716226836","192.168.1.55","192.168.1.2","TCP","1514","8004  >  36084 [ACK] Seq=337574 Ack=144 Win=65024 Len=1448 TSval=2916036796 TSecr=3045556570 [TCP segment of a reassembled PDU]"
"31393","32.716228299","192.168.1.55","192.168.1.2","TCP","1514","8004  >  36084 [ACK] Seq=339022 Ack=144 Win=65024 Len=1448 TSval=2916036796 TSecr=3045556570 [TCP segment of a reassembled PDU]"
"31394","32.716229595","192.168.1.55","192.168.1.2","TCP","1514","8004  >  36084 [ACK] Seq=340470 Ack=144 Win=65024 Len=1448 TSval=2916036796 TSecr=3045556570 [TCP segment of a reassembled PDU]"
"31395","32.716230873","192.168.1.55","192.168.1.2","TCP","1514","8004  >  36084 [ACK] Seq=341918 Ack=144 Win=65024 Len=1448 TSval=2916036796 TSecr=3045556570 [TCP segment of a reassembled PDU]"
"31396","32.716232132","192.168.1.55","192.168.1.2","TCP","1514","8004  >  36084 [ACK] Seq=343366 Ack=144 Win=65024 Len=1448 TSval=2916036796 TSecr=3045556570 [TCP segment of a reassembled PDU]"
"31397","32.716233521","192.168.1.55","192.168.1.2","TCP","1514","8004  >  36084 [ACK] Seq=344814 Ack=144 Win=65024 Len=1448 TSval=2916036796 TSecr=3045556570 [TCP segment of a reassembled PDU]"
"31398","32.716234984","192.168.1.55","192.168.1.2","TCP","1514","8004  >  36084 [ACK] Seq=346262 Ack=144 Win=65024 Len=1448 TSval=2916036796 TSecr=3045556570 [TCP segment of a reassembled PDU]"
"31399","32.716236280","192.168.1.55","192.168.1.2","TCP","1514","8004  >  36084 [ACK] Seq=347710 Ack=144 Win=65024 Len=1448 TSval=2916036796 TSecr=3045556570 [TCP segment of a reassembled PDU]"
"31400","32.716237447","192.168.1.55","192.168.1.2","TCP","1514","8004  >  36084 [ACK] Seq=349158 Ack=144 Win=65024 Len=1448 TSval=2916036796 TSecr=3045556570 [TCP segment of a reassembled PDU]"
"31401","32.716238762","192.168.1.55","192.168.1.2","TCP","1514","8004  >  36084 [ACK] Seq=350606 Ack=144 Win=65024 Len=1448 TSval=2916036796 TSecr=3045556570 [TCP segment of a reassembled PDU]"
"31402","32.716240058","192.168.1.55","192.168.1.2","TCP","1514","8004  >  36084 [ACK] Seq=352054 Ack=144 Win=65024 Len=1448 TSval=2916036796 TSecr=3045556570 [TCP segment of a reassembled PDU]"
"31403","32.716241706","192.168.1.55","192.168.1.2","TCP","1514","8004  >  36084 [ACK] Seq=353502 Ack=144 Win=65024 Len=1448 TSval=2916036796 TSecr=3045556570 [TCP segment of a reassembled PDU]"
"31404","32.716242965","192.168.1.55","192.168.1.2","TCP","1514","8004  >  36084 [ACK] Seq=354950 Ack=144 Win=65024 Len=1448 TSval=2916036796 TSecr=3045556570 [TCP segment of a reassembled PDU]"
"31405","32.716244262","192.168.1.55","192.168.1.2","TCP","1514","8004  >  36084 [ACK] Seq=356398 Ack=144 Win=65024 Len=1448 TSval=2916036796 TSecr=3045556570 [TCP segment of a reassembled PDU]"
"31406","32.716245410","192.168.1.55","192.168.1.2","TCP","1514","8004  >  36084 [ACK] Seq=357846 Ack=144 Win=65024 Len=1448 TSval=2916036796 TSecr=3045556570 [TCP segment of a reassembled PDU]"
"31407","32.716246613","192.168.1.55","192.168.1.2","TCP","1514","8004  >  36084 [ACK] Seq=359294 Ack=144 Win=65024 Len=1448 TSval=2916036796 TSecr=3045556570 [TCP segment of a reassembled PDU]"
"31408","32.716247928","192.168.1.55","192.168.1.2","TCP","1514","8004  >  36084 [ACK] Seq=360742 Ack=144 Win=65024 Len=1448 TSval=2916036796 TSecr=3045556570 [TCP segment of a reassembled PDU]"
"31409","32.716249391","192.168.1.55","192.168.1.2","TCP","1514","8004  >  36084 [ACK] Seq=362190 Ack=144 Win=65024 Len=1448 TSval=2916036796 TSecr=3045556570 [TCP segment of a reassembled PDU]"
"31410","32.716250558","192.168.1.55","192.168.1.2","TCP","1514","8004  >  36084 [ACK] Seq=363638 Ack=144 Win=65024 Len=1448 TSval=2916036796 TSecr=3045556570 [TCP segment of a reassembled PDU]"
"31411","32.716251799","192.168.1.55","192.168.1.2","TCP","1514","8004  >  36084 [ACK] Seq=365086 Ack=144 Win=65024 Len=1448 TSval=2916036796 TSecr=3045556570 [TCP segment of a reassembled PDU]"
"31412","32.716252965","192.168.1.55","192.168.1.2","TCP","1514","8004  >  36084 [ACK] Seq=366534 Ack=144 Win=65024 Len=1448 TSval=2916036796 TSecr=3045556570 [TCP segment of a reassembled PDU]"
"31413","32.716254262","192.168.1.55","192.168.1.2","TCP","1514","8004  >  36084 [ACK] Seq=367982 Ack=144 Win=65024 Len=1448 TSval=2916036796 TSecr=3045556570 [TCP segment of a reassembled PDU]"
"31414","32.716255502","192.168.1.55","192.168.1.2","TCP","1514","8004  >  36084 [ACK] Seq=369430 Ack=144 Win=65024 Len=1448 TSval=2916036796 TSecr=3045556570 [TCP segment of a reassembled PDU]"
"31415","32.716256687","192.168.1.55","192.168.1.2","TCP","1514","8004  >  36084 [ACK] Seq=370878 Ack=144 Win=65024 Len=1448 TSval=2916036796 TSecr=3045556570 [TCP segment of a reassembled PDU]"
"31416","32.716257873","192.168.1.55","192.168.1.2","TCP","1514","8004  >  36084 [ACK] Seq=372326 Ack=144 Win=65024 Len=1448 TSval=2916036796 TSecr=3045556570 [TCP segment of a reassembled PDU]"
"31417","32.716259113","192.168.1.55","192.168.1.2","TCP","1514","8004  >  36084 [PSH, ACK] Seq=373774 Ack=144 Win=65024 Len=1448 TSval=2916036796 TSecr=3045556570 [TCP segment of a reassembled PDU]"
"31418","32.720406953","192.168.1.2","192.168.1.55","TCP","66","36084  >  8004 [ACK] Seq=144 Ack=276526 Win=129024 Len=0 TSval=3045556571 TSecr=2916036788"
"31419","32.720445046","192.168.1.55","192.168.1.2","TCP","1514","8004  >  36084 [ACK] Seq=375222 Ack=144 Win=65024 Len=1448 TSval=2916036801 TSecr=3045556571 [TCP segment of a reassembled PDU]"
"31420","32.720448898","192.168.1.55","192.168.1.2","TCP","1514","8004  >  36084 [ACK] Seq=376670 Ack=144 Win=65024 Len=1448 TSval=2916036801 TSecr=3045556571 [TCP segment of a reassembled PDU]"
"31421","32.720450046","192.168.1.55","192.168.1.2","TCP","1514","8004  >  36084 [ACK] Seq=378118 Ack=144 Win=65024 Len=1448 TSval=2916036801 TSecr=3045556571 [TCP segment of a reassembled PDU]"
"31422","32.720451268","192.168.1.55","192.168.1.2","TCP","1514","8004  >  36084 [ACK] Seq=379566 Ack=144 Win=65024 Len=1448 TSval=2916036801 TSecr=3045556571 [TCP segment of a reassembled PDU]"
"31423","32.720452509","192.168.1.55","192.168.1.2","TCP","1514","8004  >  36084 [ACK] Seq=381014 Ack=144 Win=65024 Len=1448 TSval=2916036801 TSecr=3045556571 [TCP segment of a reassembled PDU]"
"31424","32.720453842","192.168.1.55","192.168.1.2","TCP","1514","8004  >  36084 [ACK] Seq=382462 Ack=144 Win=65024 Len=1448 TSval=2916036801 TSecr=3045556571 [TCP segment of a reassembled PDU]"
"31425","32.720455083","192.168.1.55","192.168.1.2","TCP","1514","8004  >  36084 [ACK] Seq=383910 Ack=144 Win=65024 Len=1448 TSval=2916036801 TSecr=3045556571 [TCP segment of a reassembled PDU]"
"31426","32.720456287","192.168.1.55","192.168.1.2","TCP","1514","8004  >  36084 [ACK] Seq=385358 Ack=144 Win=65024 Len=1448 TSval=2916036801 TSecr=3045556571 [TCP segment of a reassembled PDU]"
"31427","32.720457490","192.168.1.55","192.168.1.2","TCP","1514","8004  >  36084 [ACK] Seq=386806 Ack=144 Win=65024 Len=1448 TSval=2916036801 TSecr=3045556571 [TCP segment of a reassembled PDU]"
"31428","32.720458750","192.168.1.55","192.168.1.2","TCP","1514","8004  >  36084 [ACK] Seq=388254 Ack=144 Win=65024 Len=1448 TSval=2916036801 TSecr=3045556571 [TCP segment of a reassembled PDU]"
"31429","32.720459879","192.168.1.55","192.168.1.2","TCP","1514","8004  >  36084 [ACK] Seq=389702 Ack=144 Win=65024 Len=1448 TSval=2916036801 TSecr=3045556571 [TCP segment of a reassembled PDU]"
"31430","32.720461231","192.168.1.55","192.168.1.2","TCP","1514","8004  >  36084 [ACK] Seq=391150 Ack=144 Win=65024 Len=1448 TSval=2916036801 TSecr=3045556571 [TCP segment of a reassembled PDU]"
"31431","32.720462602","192.168.1.55","192.168.1.2","TCP","1514","8004  >  36084 [ACK] Seq=392598 Ack=144 Win=65024 Len=1448 TSval=2916036801 TSecr=3045556571 [TCP segment of a reassembled PDU]"
"31432","32.720463861","192.168.1.55","192.168.1.2","TCP","1514","8004  >  36084 [ACK] Seq=394046 Ack=144 Win=65024 Len=1448 TSval=2916036801 TSecr=3045556571 [TCP segment of a reassembled PDU]"
"31433","32.720465176","192.168.1.55","192.168.1.2","TCP","1514","8004  >  36084 [ACK] Seq=395494 Ack=144 Win=65024 Len=1448 TSval=2916036801 TSecr=3045556571 [TCP segment of a reassembled PDU]"
"31434","32.720466435","192.168.1.55","192.168.1.2","TCP","1514","8004  >  36084 [ACK] Seq=396942 Ack=144 Win=65024 Len=1448 TSval=2916036801 TSecr=3045556571 [TCP segment of a reassembled PDU]"
"31435","32.720467620","192.168.1.55","192.168.1.2","TCP","1514","8004  >  36084 [ACK] Seq=398390 Ack=144 Win=65024 Len=1448 TSval=2916036801 TSecr=3045556571 [TCP segment of a reassembled PDU]"
"31436","32.720468935","192.168.1.55","192.168.1.2","TCP","1514","8004  >  36084 [ACK] Seq=399838 Ack=144 Win=65024 Len=1448 TSval=2916036801 TSecr=3045556571 [TCP segment of a reassembled PDU]"
"31437","32.720470453","192.168.1.55","192.168.1.2","TCP","1514","8004  >  36084 [ACK] Seq=401286 Ack=144 Win=65024 Len=1448 TSval=2916036801 TSecr=3045556571 [TCP segment of a reassembled PDU]"
"31438","32.720471768","192.168.1.55","192.168.1.2","TCP","1514","8004  >  36084 [PSH, ACK] Seq=402734 Ack=144 Win=65024 Len=1448 TSval=2916036801 TSecr=3045556571 [TCP segment of a reassembled PDU]"
"31439","32.720521083","192.168.1.2","192.168.1.55","TCP","66","36084  >  8004 [ACK] Seq=144 Ack=279422 Win=134144 Len=0 TSval=3045556571 TSecr=2916036794"
"31440","32.721860845","192.168.1.2","192.168.1.55","TCP","66","36084  >  8004 [ACK] Seq=144 Ack=285214 Win=146432 Len=0 TSval=3045556576 TSecr=2916036794"
"31441","32.721880808","192.168.1.55","192.168.1.2","TCP","1514","8004  >  36084 [ACK] Seq=404182 Ack=144 Win=65024 Len=1448 TSval=2916036802 TSecr=3045556576 [TCP segment of a reassembled PDU]"
"31442","32.721883326","192.168.1.55","192.168.1.2","TCP","1514","8004  >  36084 [ACK] Seq=405630 Ack=144 Win=65024 Len=1448 TSval=2916036802 TSecr=3045556576 [TCP segment of a reassembled PDU]"
"31443","32.721884474","192.168.1.55","192.168.1.2","TCP","1514","8004  >  36084 [ACK] Seq=407078 Ack=144 Win=65024 Len=1448 TSval=2916036802 TSecr=3045556576 [TCP segment of a reassembled PDU]"
"31444","32.721886159","192.168.1.55","192.168.1.2","TCP","1514","8004  >  36084 [ACK] Seq=408526 Ack=144 Win=65024 Len=1448 TSval=2916036802 TSecr=3045556576 [TCP segment of a reassembled PDU]"
"31445","32.721887400","192.168.1.55","192.168.1.2","TCP","1514","8004  >  36084 [ACK] Seq=409974 Ack=144 Win=65024 Len=1448 TSval=2916036802 TSecr=3045556576 [TCP segment of a reassembled PDU]"
"31446","32.721888567","192.168.1.55","192.168.1.2","TCP","1514","8004  >  36084 [ACK] Seq=411422 Ack=144 Win=65024 Len=1448 TSval=2916036802 TSecr=3045556576 [TCP segment of a reassembled PDU]"
"31447","32.721889808","192.168.1.55","192.168.1.2","TCP","1514","8004  >  36084 [ACK] Seq=412870 Ack=144 Win=65024 Len=1448 TSval=2916036802 TSecr=3045556576 [TCP segment of a reassembled PDU]"
"31448","32.721891326","192.168.1.55","192.168.1.2","TCP","1514","8004  >  36084 [ACK] Seq=414318 Ack=144 Win=65024 Len=1448 TSval=2916036802 TSecr=3045556576 [TCP segment of a reassembled PDU]"
"31449","32.721892493","192.168.1.55","192.168.1.2","TCP","1514","8004  >  36084 [ACK] Seq=415766 Ack=144 Win=65024 Len=1448 TSval=2916036802 TSecr=3045556576 [TCP segment of a reassembled PDU]"
"31450","32.721893715","192.168.1.55","192.168.1.2","TCP","1514","8004  >  36084 [ACK] Seq=417214 Ack=144 Win=65024 Len=1448 TSval=2916036802 TSecr=3045556576 [TCP segment of a reassembled PDU]"
"31451","32.721894845","192.168.1.55","192.168.1.2","TCP","1514","8004  >  36084 [PSH, ACK] Seq=418662 Ack=144 Win=65024 Len=1448 TSval=2916036802 TSecr=3045556576 [TCP segment of a reassembled PDU]"
"31452","32.722408679","192.168.1.2","192.168.1.55","TCP","66","36084  >  8004 [ACK] Seq=144 Ack=307166 Win=149504 Len=0 TSval=3045556576 TSecr=2916036794"
"31453","32.722418271","192.168.1.2","192.168.1.55","TCP","66","36084  >  8004 [ACK] Seq=144 Ack=330334 Win=147456 Len=0 TSval=3045556576 TSecr=2916036796"
"31454","32.722452308","192.168.1.55","192.168.1.2","TCP","1514","8004  >  36084 [ACK] Seq=420110 Ack=144 Win=65024 Len=1448 TSval=2916036803 TSecr=3045556576 [TCP segment of a reassembled PDU]"
"31455","32.722454086","192.168.1.55","192.168.1.2","TCP","1514","8004  >  36084 [ACK] Seq=421558 Ack=144 Win=65024 Len=1448 TSval=2916036803 TSecr=3045556576 [TCP segment of a reassembled PDU]"
"31456","32.722455253","192.168.1.55","192.168.1.2","TCP","1514","8004  >  36084 [ACK] Seq=423006 Ack=144 Win=65024 Len=1448 TSval=2916036803 TSecr=3045556576 [TCP segment of a reassembled PDU]"
"31457","32.722456531","192.168.1.55","192.168.1.2","TCP","1514","8004  >  36084 [ACK] Seq=424454 Ack=144 Win=65024 Len=1448 TSval=2916036803 TSecr=3045556576 [TCP segment of a reassembled PDU]"
"31458","32.722457697","192.168.1.55","192.168.1.2","TCP","1514","8004  >  36084 [ACK] Seq=425902 Ack=144 Win=65024 Len=1448 TSval=2916036803 TSecr=3045556576 [TCP segment of a reassembled PDU]"
"31459","32.722458994","192.168.1.55","192.168.1.2","TCP","1514","8004  >  36084 [ACK] Seq=427350 Ack=144 Win=65024 Len=1448 TSval=2916036803 TSecr=3045556576 [TCP segment of a reassembled PDU]"
"31460","32.722460420","192.168.1.55","192.168.1.2","TCP","1514","8004  >  36084 [ACK] Seq=428798 Ack=144 Win=65024 Len=1448 TSval=2916036803 TSecr=3045556576 [TCP segment of a reassembled PDU]"
"31461","32.722461679","192.168.1.55","192.168.1.2","TCP","1514","8004  >  36084 [ACK] Seq=430246 Ack=144 Win=65024 Len=1448 TSval=2916036803 TSecr=3045556576 [TCP segment of a reassembled PDU]"
"31462","32.722462920","192.168.1.55","192.168.1.2","TCP","1514","8004  >  36084 [ACK] Seq=431694 Ack=144 Win=65024 Len=1448 TSval=2916036803 TSecr=3045556576 [TCP segment of a reassembled PDU]"
"31463","32.722464086","192.168.1.55","192.168.1.2","TCP","1514","8004  >  36084 [ACK] Seq=433142 Ack=144 Win=65024 Len=1448 TSval=2916036803 TSecr=3045556576 [TCP segment of a reassembled PDU]"
"31464","32.722465290","192.168.1.55","192.168.1.2","TCP","1514","8004  >  36084 [ACK] Seq=434590 Ack=144 Win=65024 Len=1448 TSval=2916036803 TSecr=3045556576 [TCP segment of a reassembled PDU]"
"31465","32.722471401","192.168.1.55","192.168.1.2","TCP","1514","8004  >  36084 [ACK] Seq=436038 Ack=144 Win=65024 Len=1448 TSval=2916036803 TSecr=3045556576 [TCP segment of a reassembled PDU]"
"31466","32.722473012","192.168.1.55","192.168.1.2","TCP","1514","8004  >  36084 [ACK] Seq=437486 Ack=144 Win=65024 Len=1448 TSval=2916036803 TSecr=3045556576 [TCP segment of a reassembled PDU]"
"31467","32.722474401","192.168.1.55","192.168.1.2","TCP","1514","8004  >  36084 [ACK] Seq=438934 Ack=144 Win=65024 Len=1448 TSval=2916036803 TSecr=3045556576 [TCP segment of a reassembled PDU]"
"31468","32.722475568","192.168.1.55","192.168.1.2","TCP","1514","8004  >  36084 [ACK] Seq=440382 Ack=144 Win=65024 Len=1448 TSval=2916036803 TSecr=3045556576 [TCP segment of a reassembled PDU]"
"31469","32.722476716","192.168.1.55","192.168.1.2","TCP","1514","8004  >  36084 [ACK] Seq=441830 Ack=144 Win=65024 Len=1448 TSval=2916036803 TSecr=3045556576 [TCP segment of a reassembled PDU]"
"31470","32.722478031","192.168.1.55","192.168.1.2","TCP","1514","8004  >  36084 [ACK] Seq=443278 Ack=144 Win=65024 Len=1448 TSval=2916036803 TSecr=3045556576 [TCP segment of a reassembled PDU]"
"31471","32.722479179","192.168.1.55","192.168.1.2","TCP","1514","8004  >  36084 [ACK] Seq=444726 Ack=144 Win=65024 Len=1448 TSval=2916036803 TSecr=3045556576 [TCP segment of a reassembled PDU]"
"31472","32.722480568","192.168.1.55","192.168.1.2","TCP","1514","8004  >  36084 [ACK] Seq=446174 Ack=144 Win=65024 Len=1448 TSval=2916036803 TSecr=3045556576 [TCP segment of a reassembled PDU]"
"31473","32.722481827","192.168.1.55","192.168.1.2","TCP","1514","8004  >  36084 [ACK] Seq=447622 Ack=144 Win=65024 Len=1448 TSval=2916036803 TSecr=3045556576 [TCP segment of a reassembled PDU]"
"31474","32.722483031","192.168.1.55","192.168.1.2","TCP","1514","8004  >  36084 [ACK] Seq=449070 Ack=144 Win=65024 Len=1448 TSval=2916036803 TSecr=3045556576 [TCP segment of a reassembled PDU]"
"31475","32.722484401","192.168.1.55","192.168.1.2","TCP","1514","8004  >  36084 [ACK] Seq=450518 Ack=144 Win=65024 Len=1448 TSval=2916036803 TSecr=3045556576 [TCP segment of a reassembled PDU]"
"31476","32.722485549","192.168.1.55","192.168.1.2","TCP","1514","8004  >  36084 [ACK] Seq=451966 Ack=144 Win=65024 Len=1448 TSval=2916036803 TSecr=3045556576 [TCP segment of a reassembled PDU]"
"31477","32.722486920","192.168.1.55","192.168.1.2","TCP","1514","8004  >  36084 [ACK] Seq=453414 Ack=144 Win=65024 Len=1448 TSval=2916036803 TSecr=3045556576 [TCP segment of a reassembled PDU]"
"31478","32.722488271","192.168.1.55","192.168.1.2","TCP","1514","8004  >  36084 [ACK] Seq=454862 Ack=144 Win=65024 Len=1448 TSval=2916036803 TSecr=3045556576 [TCP segment of a reassembled PDU]"
"31479","32.722489846","192.168.1.55","192.168.1.2","TCP","1514","8004  >  36084 [ACK] Seq=456310 Ack=144 Win=65024 Len=1448 TSval=2916036803 TSecr=3045556576 [TCP segment of a reassembled PDU]"
"31480","32.722491290","192.168.1.55","192.168.1.2","TCP","1514","8004  >  36084 [ACK] Seq=457758 Ack=144 Win=65024 Len=1448 TSval=2916036803 TSecr=3045556576 [TCP segment of a reassembled PDU]"
"31481","32.722492568","192.168.1.55","192.168.1.2","TCP","1514","8004  >  36084 [ACK] Seq=459206 Ack=144 Win=65024 Len=1448 TSval=2916036803 TSecr=3045556576 [TCP segment of a reassembled PDU]"
"31482","32.722493920","192.168.1.55","192.168.1.2","TCP","1514","8004  >  36084 [ACK] Seq=460654 Ack=144 Win=65024 Len=1448 TSval=2916036803 TSecr=3045556576 [TCP segment of a reassembled PDU]"
"31483","32.722495271","192.168.1.55","192.168.1.2","TCP","1514","8004  >  36084 [ACK] Seq=462102 Ack=144 Win=65024 Len=1448 TSval=2916036803 TSecr=3045556576 [TCP segment of a reassembled PDU]"
"31484","32.722496457","192.168.1.55","192.168.1.2","TCP","1514","8004  >  36084 [PSH, ACK] Seq=463550 Ack=144 Win=65024 Len=1448 TSval=2916036803 TSecr=3045556576 [TCP segment of a reassembled PDU]"
"31485","32.722502475","192.168.1.2","192.168.1.55","TCP","66","36084  >  8004 [ACK] Seq=144 Ack=366534 Win=111616 Len=0 TSval=3045556576 TSecr=2916036796"
"31486","32.725322443","192.168.1.2","192.168.1.55","TCP","66","36084  >  8004 [ACK] Seq=144 Ack=375222 Win=166912 Len=0 TSval=3045556577 TSecr=2916036796"
"31487","32.725355591","192.168.1.55","192.168.1.2","TCP","1514","8004  >  36084 [ACK] Seq=464998 Ack=144 Win=65024 Len=1448 TSval=2916036806 TSecr=3045556577 [TCP segment of a reassembled PDU]"
"31488","32.725358646","192.168.1.55","192.168.1.2","TCP","1514","8004  >  36084 [ACK] Seq=466446 Ack=144 Win=65024 Len=1448 TSval=2916036806 TSecr=3045556577 [TCP segment of a reassembled PDU]"
"31489","32.725359683","192.168.1.55","192.168.1.2","TCP","1514","8004  >  36084 [ACK] Seq=467894 Ack=144 Win=65024 Len=1448 TSval=2916036806 TSecr=3045556577 [TCP segment of a reassembled PDU]"
"31490","32.725360591","192.168.1.55","192.168.1.2","TCP","1514","8004  >  36084 [ACK] Seq=469342 Ack=144 Win=65024 Len=1448 TSval=2916036806 TSecr=3045556577 [TCP segment of a reassembled PDU]"
"31491","32.725361461","192.168.1.55","192.168.1.2","TCP","1514","8004  >  36084 [ACK] Seq=470790 Ack=144 Win=65024 Len=1448 TSval=2916036806 TSecr=3045556577 [TCP segment of a reassembled PDU]"
"31492","32.725362572","192.168.1.55","192.168.1.2","TCP","1514","8004  >  36084 [ACK] Seq=472238 Ack=144 Win=65024 Len=1448 TSval=2916036806 TSecr=3045556577 [TCP segment of a reassembled PDU]"
"31493","32.725363535","192.168.1.55","192.168.1.2","TCP","1514","8004  >  36084 [ACK] Seq=473686 Ack=144 Win=65024 Len=1448 TSval=2916036806 TSecr=3045556577 [TCP segment of a reassembled PDU]"
"31494","32.725364554","192.168.1.55","192.168.1.2","TCP","1514","8004  >  36084 [ACK] Seq=475134 Ack=144 Win=65024 Len=1448 TSval=2916036806 TSecr=3045556577 [TCP segment of a reassembled PDU]"
"31495","32.725365646","192.168.1.55","192.168.1.2","TCP","1514","8004  >  36084 [ACK] Seq=476582 Ack=144 Win=65024 Len=1448 TSval=2916036806 TSecr=3045556577 [TCP segment of a reassembled PDU]"
"31496","32.725366535","192.168.1.55","192.168.1.2","TCP","1514","8004  >  36084 [ACK] Seq=478030 Ack=144 Win=65024 Len=1448 TSval=2916036806 TSecr=3045556577 [TCP segment of a reassembled PDU]"
"31497","32.725367646","192.168.1.55","192.168.1.2","TCP","1514","8004  >  36084 [ACK] Seq=479478 Ack=144 Win=65024 Len=1448 TSval=2916036806 TSecr=3045556577 [TCP segment of a reassembled PDU]"
"31498","32.725368572","192.168.1.55","192.168.1.2","TCP","1514","8004  >  36084 [ACK] Seq=480926 Ack=144 Win=65024 Len=1448 TSval=2916036806 TSecr=3045556577 [TCP segment of a reassembled PDU]"
"31499","32.725369498","192.168.1.55","192.168.1.2","TCP","1514","8004  >  36084 [ACK] Seq=482374 Ack=144 Win=65024 Len=1448 TSval=2916036806 TSecr=3045556577 [TCP segment of a reassembled PDU]"
"31500","32.725370424","192.168.1.55","192.168.1.2","TCP","1514","8004  >  36084 [ACK] Seq=483822 Ack=144 Win=65024 Len=1448 TSval=2916036806 TSecr=3045556577 [TCP segment of a reassembled PDU]"
"31501","32.725371332","192.168.1.55","192.168.1.2","TCP","1514","8004  >  36084 [ACK] Seq=485270 Ack=144 Win=65024 Len=1448 TSval=2916036806 TSecr=3045556577 [TCP segment of a reassembled PDU]"
"31502","32.725372313","192.168.1.55","192.168.1.2","TCP","1514","8004  >  36084 [ACK] Seq=486718 Ack=144 Win=65024 Len=1448 TSval=2916036806 TSecr=3045556577 [TCP segment of a reassembled PDU]"
"31503","32.725373295","192.168.1.55","192.168.1.2","TCP","1514","8004  >  36084 [ACK] Seq=488166 Ack=144 Win=65024 Len=1448 TSval=2916036806 TSecr=3045556577 [TCP segment of a reassembled PDU]"
"31504","32.725374202","192.168.1.55","192.168.1.2","TCP","1514","8004  >  36084 [ACK] Seq=489614 Ack=144 Win=65024 Len=1448 TSval=2916036806 TSecr=3045556577 [TCP segment of a reassembled PDU]"
"31505","32.725375146","192.168.1.55","192.168.1.2","TCP","1514","8004  >  36084 [ACK] Seq=491062 Ack=144 Win=65024 Len=1448 TSval=2916036806 TSecr=3045556577 [TCP segment of a reassembled PDU]"
"31506","32.725376072","192.168.1.55","192.168.1.2","TCP","1514","8004  >  36084 [ACK] Seq=492510 Ack=144 Win=65024 Len=1448 TSval=2916036806 TSecr=3045556577 [TCP segment of a reassembled PDU]"
"31507","32.725377128","192.168.1.55","192.168.1.2","TCP","1514","8004  >  36084 [ACK] Seq=493958 Ack=144 Win=65024 Len=1448 TSval=2916036806 TSecr=3045556577 [TCP segment of a reassembled PDU]"
"31508","32.725378109","192.168.1.55","192.168.1.2","TCP","1514","8004  >  36084 [ACK] Seq=495406 Ack=144 Win=65024 Len=1448 TSval=2916036806 TSecr=3045556577 [TCP segment of a reassembled PDU]"
"31509","32.725379109","192.168.1.55","192.168.1.2","TCP","1514","8004  >  36084 [ACK] Seq=496854 Ack=144 Win=65024 Len=1448 TSval=2916036806 TSecr=3045556577 [TCP segment of a reassembled PDU]"
"31510","32.725380128","192.168.1.55","192.168.1.2","HTTP","222","HTTP/1.0 200 OK  (PNG)"
"31511","32.729713024","192.168.1.2","192.168.1.55","TCP","66","36084  >  8004 [ACK] Seq=144 Ack=404182 Win=161792 Len=0 TSval=3045556583 TSecr=2916036801"
"31512","32.729861672","192.168.1.2","192.168.1.55","TCP","66","36084  >  8004 [ACK] Seq=144 Ack=420110 Win=146432 Len=0 TSval=3045556583 TSecr=2916036802"
"31513","32.729867154","192.168.1.2","192.168.1.55","TCP","66","36084  >  8004 [ACK] Seq=144 Ack=464998 Win=102400 Len=0 TSval=3045556583 TSecr=2916036803"
"31514","32.729874654","192.168.1.2","192.168.1.55","TCP","66","36084  >  8004 [ACK] Seq=144 Ack=491062 Win=161792 Len=0 TSval=3045556585 TSecr=2916036806"
"31515","32.731009563","192.168.1.2","192.168.1.55","TCP","66","36084  >  8004 [ACK] Seq=144 Ack=498302 Win=181248 Len=0 TSval=3045556586 TSecr=2916036806"
"31516","32.732409102","192.168.1.2","192.168.1.55","TCP","66","36084  >  8004 [FIN, ACK] Seq=144 Ack=498459 Win=183296 Len=0 TSval=3045556587 TSecr=2916036806"
"31517","32.732423695","192.168.1.55","192.168.1.2","TCP","66","8004  >  36084 [ACK] Seq=498459 Ack=145 Win=65024 Len=0 TSval=2916036813 TSecr=3045556587"
"31518","32.732519713","192.168.1.2","192.168.1.55","TCP","74","36100  >  8004 [SYN] Seq=0 Win=64240 Len=0 MSS=1460 SACK_PERM TSval=3045556587 TSecr=0 WS=1024"
"31519","32.732543565","192.168.1.55","192.168.1.2","TCP","74","8004  >  36100 [SYN, ACK] Seq=0 Ack=1 Win=65160 Len=0 MSS=1460 SACK_PERM TSval=2916036813 TSecr=3045556587 WS=128"
"31520","32.735607496","192.168.1.2","192.168.1.55","TCP","66","36100  >  8004 [ACK] Seq=1 Ack=1 Win=64512 Len=0 TSval=3045556590 TSecr=2916036813"
"31521","32.735991960","192.168.1.2","192.168.1.55","HTTP","206","GET /stego_benchmark.png HTTP/1.1 "
"31522","32.736020497","192.168.1.55","192.168.1.2","TCP","66","8004  >  36100 [ACK] Seq=1 Ack=141 Win=65024 Len=0 TSval=2916036816 TSecr=3045556590"
"31523","32.736490868","192.168.1.55","192.168.1.2","TCP","255","8004  >  36100 [PSH, ACK] Seq=1 Ack=141 Win=65024 Len=189 TSval=2916036817 TSecr=3045556590 [TCP segment of a reassembled PDU]"
"31524","32.736597831","192.168.1.55","192.168.1.2","TCP","1514","8004  >  36100 [ACK] Seq=190 Ack=141 Win=65024 Len=1448 TSval=2916036817 TSecr=3045556590 [TCP segment of a reassembled PDU]"
"31525","32.736604183","192.168.1.55","192.168.1.2","TCP","1514","8004  >  36100 [ACK] Seq=1638 Ack=141 Win=65024 Len=1448 TSval=2916036817 TSecr=3045556590 [TCP segment of a reassembled PDU]"
"31526","32.736605146","192.168.1.55","192.168.1.2","TCP","1514","8004  >  36100 [ACK] Seq=3086 Ack=141 Win=65024 Len=1448 TSval=2916036817 TSecr=3045556590 [TCP segment of a reassembled PDU]"
"31527","32.736606257","192.168.1.55","192.168.1.2","TCP","1514","8004  >  36100 [ACK] Seq=4534 Ack=141 Win=65024 Len=1448 TSval=2916036817 TSecr=3045556590 [TCP segment of a reassembled PDU]"
"31528","32.736607423","192.168.1.55","192.168.1.2","TCP","1514","8004  >  36100 [PSH, ACK] Seq=5982 Ack=141 Win=65024 Len=1448 TSval=2916036817 TSecr=3045556590 [TCP segment of a reassembled PDU]"
"31529","32.736625461","192.168.1.55","192.168.1.2","TCP","1514","8004  >  36100 [ACK] Seq=7430 Ack=141 Win=65024 Len=1448 TSval=2916036817 TSecr=3045556590 [TCP segment of a reassembled PDU]"
"31530","32.736628201","192.168.1.55","192.168.1.2","TCP","1514","8004  >  36100 [ACK] Seq=8878 Ack=141 Win=65024 Len=1448 TSval=2916036817 TSecr=3045556590 [TCP segment of a reassembled PDU]"
"31531","32.736629257","192.168.1.55","192.168.1.2","TCP","1514","8004  >  36100 [ACK] Seq=10326 Ack=141 Win=65024 Len=1448 TSval=2916036817 TSecr=3045556590 [TCP segment of a reassembled PDU]"
"31532","32.736630257","192.168.1.55","192.168.1.2","TCP","1514","8004  >  36100 [PSH, ACK] Seq=11774 Ack=141 Win=65024 Len=1448 TSval=2916036817 TSecr=3045556590 [TCP segment of a reassembled PDU]"
"31533","32.739857929","192.168.1.2","192.168.1.55","TCP","66","36100  >  8004 [ACK] Seq=141 Ack=190 Win=64512 Len=0 TSval=3045556594 TSecr=2916036817"
"31534","32.739977910","192.168.1.55","192.168.1.2","TCP","1514","8004  >  36100 [ACK] Seq=13222 Ack=141 Win=65024 Len=1448 TSval=2916036820 TSecr=3045556594 [TCP segment of a reassembled PDU]"
"31535","32.739993540","192.168.1.55","192.168.1.2","TCP","1514","8004  >  36100 [PSH, ACK] Seq=14670 Ack=141 Win=65024 Len=1448 TSval=2916036820 TSecr=3045556594 [TCP segment of a reassembled PDU]"
"31536","32.740111448","192.168.1.2","192.168.1.55","TCP","66","36100  >  8004 [ACK] Seq=141 Ack=3086 Win=70656 Len=0 TSval=3045556594 TSecr=2916036817"
"31537","32.741017634","192.168.1.2","192.168.1.55","TCP","66","36100  >  8004 [ACK] Seq=141 Ack=5982 Win=76800 Len=0 TSval=3045556595 TSecr=2916036817"
"31538","32.741089801","192.168.1.55","192.168.1.2","TCP","1514","8004  >  36100 [ACK] Seq=16118 Ack=141 Win=65024 Len=1448 TSval=2916036821 TSecr=3045556595 [TCP segment of a reassembled PDU]"
"31539","32.741097153","192.168.1.55","192.168.1.2","TCP","1514","8004  >  36100 [ACK] Seq=17566 Ack=141 Win=65024 Len=1448 TSval=2916036821 TSecr=3045556595 [TCP segment of a reassembled PDU]"
"31540","32.741098560","192.168.1.55","192.168.1.2","TCP","1514","8004  >  36100 [ACK] Seq=19014 Ack=141 Win=65024 Len=1448 TSval=2916036821 TSecr=3045556595 [TCP segment of a reassembled PDU]"
"31541","32.741100023","192.168.1.55","192.168.1.2","TCP","1514","8004  >  36100 [ACK] Seq=20462 Ack=141 Win=65024 Len=1448 TSval=2916036821 TSecr=3045556595 [TCP segment of a reassembled PDU]"
"31542","32.741103468","192.168.1.55","192.168.1.2","TCP","1514","8004  >  36100 [ACK] Seq=21910 Ack=141 Win=65024 Len=1448 TSval=2916036821 TSecr=3045556595 [TCP segment of a reassembled PDU]"
"31543","32.741105412","192.168.1.55","192.168.1.2","TCP","1514","8004  >  36100 [ACK] Seq=23358 Ack=141 Win=65024 Len=1448 TSval=2916036821 TSecr=3045556595 [TCP segment of a reassembled PDU]"
"31544","32.741106986","192.168.1.55","192.168.1.2","TCP","1514","8004  >  36100 [PSH, ACK] Seq=24806 Ack=141 Win=65024 Len=1448 TSval=2916036821 TSecr=3045556595 [TCP segment of a reassembled PDU]"
"31545","32.741261635","192.168.1.2","192.168.1.55","TCP","66","36100  >  8004 [ACK] Seq=141 Ack=7430 Win=79872 Len=0 TSval=3045556595 TSecr=2916036817"
"31546","32.741285357","192.168.1.2","192.168.1.55","TCP","66","36100  >  8004 [ACK] Seq=141 Ack=13222 Win=79872 Len=0 TSval=3045556595 TSecr=2916036817"
"31547","32.741347875","192.168.1.55","192.168.1.2","TCP","1514","8004  >  36100 [ACK] Seq=26254 Ack=141 Win=65024 Len=1448 TSval=2916036822 TSecr=3045556595 [TCP segment of a reassembled PDU]"
"31548","32.741353542","192.168.1.55","192.168.1.2","TCP","1514","8004  >  36100 [ACK] Seq=27702 Ack=141 Win=65024 Len=1448 TSval=2916036822 TSecr=3045556595 [TCP segment of a reassembled PDU]"
"31549","32.741354838","192.168.1.55","192.168.1.2","TCP","1514","8004  >  36100 [ACK] Seq=29150 Ack=141 Win=65024 Len=1448 TSval=2916036822 TSecr=3045556595 [TCP segment of a reassembled PDU]"
"31550","32.741355894","192.168.1.55","192.168.1.2","TCP","1514","8004  >  36100 [ACK] Seq=30598 Ack=141 Win=65024 Len=1448 TSval=2916036822 TSecr=3045556595 [TCP segment of a reassembled PDU]"
"31551","32.741357172","192.168.1.55","192.168.1.2","TCP","1514","8004  >  36100 [ACK] Seq=32046 Ack=141 Win=65024 Len=1448 TSval=2916036822 TSecr=3045556595 [TCP segment of a reassembled PDU]"
"31552","32.741358875","192.168.1.55","192.168.1.2","TCP","1514","8004  >  36100 [ACK] Seq=33494 Ack=141 Win=65024 Len=1448 TSval=2916036822 TSecr=3045556595 [TCP segment of a reassembled PDU]"
"31553","32.741360079","192.168.1.55","192.168.1.2","TCP","1514","8004  >  36100 [ACK] Seq=34942 Ack=141 Win=65024 Len=1448 TSval=2916036822 TSecr=3045556595 [TCP segment of a reassembled PDU]"
"31554","32.741361894","192.168.1.55","192.168.1.2","TCP","1514","8004  >  36100 [ACK] Seq=36390 Ack=141 Win=65024 Len=1448 TSval=2916036822 TSecr=3045556595 [TCP segment of a reassembled PDU]"
"31555","32.741363264","192.168.1.55","192.168.1.2","TCP","1514","8004  >  36100 [ACK] Seq=37838 Ack=141 Win=65024 Len=1448 TSval=2916036822 TSecr=3045556595 [TCP segment of a reassembled PDU]"
"31556","32.741364394","192.168.1.55","192.168.1.2","TCP","1514","8004  >  36100 [PSH, ACK] Seq=39286 Ack=141 Win=65024 Len=1448 TSval=2916036822 TSecr=3045556595 [TCP segment of a reassembled PDU]"
"31557","32.742133821","192.168.1.55","192.168.1.2","TCP","1514","8004  >  36100 [ACK] Seq=40734 Ack=141 Win=65024 Len=1448 TSval=2916036822 TSecr=3045556595 [TCP segment of a reassembled PDU]"
"31558","32.745481826","192.168.1.2","192.168.1.55","TCP","66","36100  >  8004 [ACK] Seq=141 Ack=16118 Win=84992 Len=0 TSval=3045556599 TSecr=2916036820"
"31559","32.745552160","192.168.1.55","192.168.1.2","TCP","1514","8004  >  36100 [ACK] Seq=42182 Ack=141 Win=65024 Len=1448 TSval=2916036826 TSecr=3045556599 [TCP segment of a reassembled PDU]"
"31560","32.745559012","192.168.1.55","192.168.1.2","TCP","1514","8004  >  36100 [PSH, ACK] Seq=43630 Ack=141 Win=65024 Len=1448 TSval=2916036826 TSecr=3045556599 [TCP segment of a reassembled PDU]"
"31561","32.745660438","192.168.1.2","192.168.1.55","TCP","66","36100  >  8004 [ACK] Seq=141 Ack=19014 Win=90112 Len=0 TSval=3045556600 TSecr=2916036821"
"31562","32.745684456","192.168.1.2","192.168.1.55","TCP","66","36100  >  8004 [ACK] Seq=141 Ack=26254 Win=86016 Len=0 TSval=3045556600 TSecr=2916036821"
"31563","32.745722494","192.168.1.55","192.168.1.2","TCP","1514","8004  >  36100 [ACK] Seq=45078 Ack=141 Win=65024 Len=1448 TSval=2916036826 TSecr=3045556600 [TCP segment of a reassembled PDU]"
"31564","32.745725864","192.168.1.55","192.168.1.2","TCP","1514","8004  >  36100 [ACK] Seq=46526 Ack=141 Win=65024 Len=1448 TSval=2916036826 TSecr=3045556600 [TCP segment of a reassembled PDU]"
"31565","32.745726956","192.168.1.55","192.168.1.2","TCP","1514","8004  >  36100 [ACK] Seq=47974 Ack=141 Win=65024 Len=1448 TSval=2916036826 TSecr=3045556600 [TCP segment of a reassembled PDU]"
"31566","32.745728345","192.168.1.55","192.168.1.2","TCP","1514","8004  >  36100 [ACK] Seq=49422 Ack=141 Win=65024 Len=1448 TSval=2916036826 TSecr=3045556600 [TCP segment of a reassembled PDU]"
"31567","32.745729401","192.168.1.55","192.168.1.2","TCP","1514","8004  >  36100 [ACK] Seq=50870 Ack=141 Win=65024 Len=1448 TSval=2916036826 TSecr=3045556600 [TCP segment of a reassembled PDU]"
"31568","32.745730919","192.168.1.55","192.168.1.2","TCP","1514","8004  >  36100 [ACK] Seq=52318 Ack=141 Win=65024 Len=1448 TSval=2916036826 TSecr=3045556600 [TCP segment of a reassembled PDU]"
"31569","32.745732049","192.168.1.55","192.168.1.2","TCP","1514","8004  >  36100 [ACK] Seq=53766 Ack=141 Win=65024 Len=1448 TSval=2916036826 TSecr=3045556600 [TCP segment of a reassembled PDU]"
"31570","32.745733271","192.168.1.55","192.168.1.2","TCP","1514","8004  >  36100 [ACK] Seq=55214 Ack=141 Win=65024 Len=1448 TSval=2916036826 TSecr=3045556600 [TCP segment of a reassembled PDU]"
"31571","32.745734419","192.168.1.55","192.168.1.2","TCP","1514","8004  >  36100 [ACK] Seq=56662 Ack=141 Win=65024 Len=1448 TSval=2916036826 TSecr=3045556600 [TCP segment of a reassembled PDU]"
"31572","32.745735512","192.168.1.55","192.168.1.2","TCP","1514","8004  >  36100 [ACK] Seq=58110 Ack=141 Win=65024 Len=1448 TSval=2916036826 TSecr=3045556600 [TCP segment of a reassembled PDU]"
"31573","32.745736679","192.168.1.55","192.168.1.2","TCP","1514","8004  >  36100 [ACK] Seq=59558 Ack=141 Win=65024 Len=1448 TSval=2916036826 TSecr=3045556600 [TCP segment of a reassembled PDU]"
"31574","32.745738623","192.168.1.55","192.168.1.2","TCP","1514","8004  >  36100 [ACK] Seq=61006 Ack=141 Win=65024 Len=1448 TSval=2916036826 TSecr=3045556600 [TCP segment of a reassembled PDU]"
"31575","32.745739901","192.168.1.55","192.168.1.2","TCP","1514","8004  >  36100 [ACK] Seq=62454 Ack=141 Win=65024 Len=1448 TSval=2916036826 TSecr=3045556600 [TCP segment of a reassembled PDU]"
"31576","32.745741419","192.168.1.55","192.168.1.2","TCP","1514","8004  >  36100 [PSH, ACK] Seq=63902 Ack=141 Win=65024 Len=1448 TSval=2916036826 TSecr=3045556600 [TCP segment of a reassembled PDU]"
"31577","32.745745882","192.168.1.2","192.168.1.55","TCP","66","36100  >  8004 [ACK] Seq=141 Ack=39286 Win=73728 Len=0 TSval=3045556600 TSecr=2916036822"
"31578","32.745766957","192.168.1.55","192.168.1.2","TCP","1514","8004  >  36100 [ACK] Seq=65350 Ack=141 Win=65024 Len=1448 TSval=2916036826 TSecr=3045556600 [TCP segment of a reassembled PDU]"
"31579","32.745768808","192.168.1.55","192.168.1.2","TCP","1514","8004  >  36100 [ACK] Seq=66798 Ack=141 Win=65024 Len=1448 TSval=2916036826 TSecr=3045556600 [TCP segment of a reassembled PDU]"
"31580","32.745769716","192.168.1.55","192.168.1.2","TCP","1514","8004  >  36100 [ACK] Seq=68246 Ack=141 Win=65024 Len=1448 TSval=2916036826 TSecr=3045556600 [TCP segment of a reassembled PDU]"
"31581","32.745770920","192.168.1.55","192.168.1.2","TCP","1514","8004  >  36100 [ACK] Seq=69694 Ack=141 Win=65024 Len=1448 TSval=2916036826 TSecr=3045556600 [TCP segment of a reassembled PDU]"
"31582","32.745771975","192.168.1.55","192.168.1.2","TCP","1514","8004  >  36100 [ACK] Seq=71142 Ack=141 Win=65024 Len=1448 TSval=2916036826 TSecr=3045556600 [TCP segment of a reassembled PDU]"
"31583","32.745772975","192.168.1.55","192.168.1.2","TCP","1514","8004  >  36100 [ACK] Seq=72590 Ack=141 Win=65024 Len=1448 TSval=2916036826 TSecr=3045556600 [TCP segment of a reassembled PDU]"
"31584","32.745773938","192.168.1.55","192.168.1.2","TCP","1514","8004  >  36100 [ACK] Seq=74038 Ack=141 Win=65024 Len=1448 TSval=2916036826 TSecr=3045556600 [TCP segment of a reassembled PDU]"
"31585","32.745775364","192.168.1.55","192.168.1.2","TCP","1514","8004  >  36100 [PSH, ACK] Seq=75486 Ack=141 Win=65024 Len=1448 TSval=2916036826 TSecr=3045556600 [TCP segment of a reassembled PDU]"
"31586","32.749101740","192.168.1.2","192.168.1.55","TCP","66","36100  >  8004 [ACK] Seq=141 Ack=40734 Win=91136 Len=0 TSval=3045556602 TSecr=2916036822"
"31587","32.749158314","192.168.1.55","192.168.1.2","TCP","1514","8004  >  36100 [ACK] Seq=76934 Ack=141 Win=65024 Len=1448 TSval=2916036829 TSecr=3045556602 [TCP segment of a reassembled PDU]"
"31588","32.749166055","192.168.1.55","192.168.1.2","TCP","1514","8004  >  36100 [ACK] Seq=78382 Ack=141 Win=65024 Len=1448 TSval=2916036829 TSecr=3045556602 [TCP segment of a reassembled PDU]"
"31589","32.749167055","192.168.1.55","192.168.1.2","TCP","1514","8004  >  36100 [ACK] Seq=79830 Ack=141 Win=65024 Len=1448 TSval=2916036829 TSecr=3045556602 [TCP segment of a reassembled PDU]"
"31590","32.749168166","192.168.1.55","192.168.1.2","TCP","1514","8004  >  36100 [ACK] Seq=81278 Ack=141 Win=65024 Len=1448 TSval=2916036829 TSecr=3045556602 [TCP segment of a reassembled PDU]"
"31591","32.749169295","192.168.1.55","192.168.1.2","TCP","1514","8004  >  36100 [ACK] Seq=82726 Ack=141 Win=65024 Len=1448 TSval=2916036829 TSecr=3045556602 [TCP segment of a reassembled PDU]"
"31592","32.749170610","192.168.1.55","192.168.1.2","TCP","1514","8004  >  36100 [ACK] Seq=84174 Ack=141 Win=65024 Len=1448 TSval=2916036829 TSecr=3045556602 [TCP segment of a reassembled PDU]"
"31593","32.749172369","192.168.1.55","192.168.1.2","TCP","1514","8004  >  36100 [ACK] Seq=85622 Ack=141 Win=65024 Len=1448 TSval=2916036829 TSecr=3045556602 [TCP segment of a reassembled PDU]"
"31594","32.749173610","192.168.1.55","192.168.1.2","TCP","1514","8004  >  36100 [ACK] Seq=87070 Ack=141 Win=65024 Len=1448 TSval=2916036829 TSecr=3045556602 [TCP segment of a reassembled PDU]"
"31595","32.749175166","192.168.1.55","192.168.1.2","TCP","1514","8004  >  36100 [ACK] Seq=88518 Ack=141 Win=65024 Len=1448 TSval=2916036829 TSecr=3045556602 [TCP segment of a reassembled PDU]"
"31596","32.749176184","192.168.1.55","192.168.1.2","TCP","1514","8004  >  36100 [ACK] Seq=89966 Ack=141 Win=65024 Len=1448 TSval=2916036829 TSecr=3045556602 [TCP segment of a reassembled PDU]"
"31597","32.749177221","192.168.1.55","192.168.1.2","TCP","1514","8004  >  36100 [ACK] Seq=91414 Ack=141 Win=65024 Len=1448 TSval=2916036829 TSecr=3045556602 [TCP segment of a reassembled PDU]"
"31598","32.749178425","192.168.1.55","192.168.1.2","TCP","1514","8004  >  36100 [ACK] Seq=92862 Ack=141 Win=65024 Len=1448 TSval=2916036829 TSecr=3045556602 [TCP segment of a reassembled PDU]"
"31599","32.749179499","192.168.1.55","192.168.1.2","TCP","1514","8004  >  36100 [ACK] Seq=94310 Ack=141 Win=65024 Len=1448 TSval=2916036829 TSecr=3045556602 [TCP segment of a reassembled PDU]"
"31600","32.749180906","192.168.1.55","192.168.1.2","TCP","1514","8004  >  36100 [PSH, ACK] Seq=95758 Ack=141 Win=65024 Len=1448 TSval=2916036829 TSecr=3045556602 [TCP segment of a reassembled PDU]"
"31601","32.749219332","192.168.1.2","192.168.1.55","TCP","66","36100  >  8004 [ACK] Seq=141 Ack=42182 Win=91136 Len=0 TSval=3045556602 TSecr=2916036822"
"31602","32.750658612","192.168.1.2","192.168.1.55","TCP","66","36100  >  8004 [ACK] Seq=141 Ack=45078 Win=89088 Len=0 TSval=3045556604 TSecr=2916036826"
"31603","32.750682298","192.168.1.55","192.168.1.2","TCP","1514","8004  >  36100 [ACK] Seq=97206 Ack=141 Win=65024 Len=1448 TSval=2916036831 TSecr=3045556604 [TCP segment of a reassembled PDU]"
"31604","32.750685446","192.168.1.55","192.168.1.2","TCP","1514","8004  >  36100 [ACK] Seq=98654 Ack=141 Win=65024 Len=1448 TSval=2916036831 TSecr=3045556604 [TCP segment of a reassembled PDU]"
"31605","32.750686872","192.168.1.55","192.168.1.2","TCP","1514","8004  >  36100 [ACK] Seq=100102 Ack=141 Win=65024 Len=1448 TSval=2916036831 TSecr=3045556604 [TCP segment of a reassembled PDU]"
"31606","32.750688094","192.168.1.55","192.168.1.2","TCP","1514","8004  >  36100 [ACK] Seq=101550 Ack=141 Win=65024 Len=1448 TSval=2916036831 TSecr=3045556604 [TCP segment of a reassembled PDU]"
"31607","32.750689724","192.168.1.55","192.168.1.2","TCP","1514","8004  >  36100 [ACK] Seq=102998 Ack=141 Win=65024 Len=1448 TSval=2916036831 TSecr=3045556604 [TCP segment of a reassembled PDU]"
"31608","32.750690946","192.168.1.55","192.168.1.2","TCP","1514","8004  >  36100 [PSH, ACK] Seq=104446 Ack=141 Win=65024 Len=1448 TSval=2916036831 TSecr=3045556604 [TCP segment of a reassembled PDU]"
"31609","32.751010650","192.168.1.2","192.168.1.55","TCP","66","36100  >  8004 [ACK] Seq=141 Ack=65350 Win=73728 Len=0 TSval=3045556604 TSecr=2916036826"
"31610","32.751024557","192.168.1.55","192.168.1.2","TCP","1514","8004  >  36100 [ACK] Seq=105894 Ack=141 Win=65024 Len=1448 TSval=2916036831 TSecr=3045556604 [TCP segment of a reassembled PDU]"
"31611","32.751028502","192.168.1.55","192.168.1.2","TCP","1514","8004  >  36100 [ACK] Seq=107342 Ack=141 Win=65024 Len=1448 TSval=2916036831 TSecr=3045556604 [TCP segment of a reassembled PDU]"
"31612","32.751029428","192.168.1.55","192.168.1.2","TCP","1514","8004  >  36100 [ACK] Seq=108790 Ack=141 Win=65024 Len=1448 TSval=2916036831 TSecr=3045556604 [TCP segment of a reassembled PDU]"
"31613","32.751030409","192.168.1.55","192.168.1.2","TCP","1514","8004  >  36100 [ACK] Seq=110238 Ack=141 Win=65024 Len=1448 TSval=2916036831 TSecr=3045556604 [TCP segment of a reassembled PDU]"
"31614","32.751031650","192.168.1.55","192.168.1.2","TCP","1514","8004  >  36100 [ACK] Seq=111686 Ack=141 Win=65024 Len=1448 TSval=2916036831 TSecr=3045556604 [TCP segment of a reassembled PDU]"
"31615","32.751032780","192.168.1.55","192.168.1.2","TCP","1514","8004  >  36100 [ACK] Seq=113134 Ack=141 Win=65024 Len=1448 TSval=2916036831 TSecr=3045556604 [TCP segment of a reassembled PDU]"
"31616","32.751034502","192.168.1.55","192.168.1.2","TCP","1514","8004  >  36100 [PSH, ACK] Seq=114582 Ack=141 Win=65024 Len=1448 TSval=2916036831 TSecr=3045556604 [TCP segment of a reassembled PDU]"
"31617","32.751039613","192.168.1.2","192.168.1.55","TCP","66","36100  >  8004 [ACK] Seq=141 Ack=68246 Win=71680 Len=0 TSval=3045556604 TSecr=2916036826"
"31618","32.751074132","192.168.1.55","192.168.1.2","TCP","1514","8004  >  36100 [ACK] Seq=116030 Ack=141 Win=65024 Len=1448 TSval=2916036831 TSecr=3045556604 [TCP segment of a reassembled PDU]"
"31619","32.751076650","192.168.1.55","192.168.1.2","TCP","1514","8004  >  36100 [ACK] Seq=117478 Ack=141 Win=65024 Len=1448 TSval=2916036831 TSecr=3045556604 [TCP segment of a reassembled PDU]"
"31620","32.751078465","192.168.1.55","192.168.1.2","TCP","1514","8004  >  36100 [ACK] Seq=118926 Ack=141 Win=65024 Len=1448 TSval=2916036831 TSecr=3045556604 [TCP segment of a reassembled PDU]"
"31621","32.751079743","192.168.1.55","192.168.1.2","TCP","1514","8004  >  36100 [ACK] Seq=120374 Ack=141 Win=65024 Len=1448 TSval=2916036831 TSecr=3045556604 [TCP segment of a reassembled PDU]"
"31622","32.751080835","192.168.1.55","192.168.1.2","TCP","1514","8004  >  36100 [ACK] Seq=121822 Ack=141 Win=65024 Len=1448 TSval=2916036831 TSecr=3045556604 [TCP segment of a reassembled PDU]"
"31623","32.751082039","192.168.1.55","192.168.1.2","TCP","1514","8004  >  36100 [ACK] Seq=123270 Ack=141 Win=65024 Len=1448 TSval=2916036831 TSecr=3045556604 [TCP segment of a reassembled PDU]"
"31624","32.751084613","192.168.1.55","192.168.1.2","TCP","1514","8004  >  36100 [ACK] Seq=124718 Ack=141 Win=65024 Len=1448 TSval=2916036831 TSecr=3045556604 [TCP segment of a reassembled PDU]"
"31625","32.751086076","192.168.1.55","192.168.1.2","TCP","1514","8004  >  36100 [ACK] Seq=126166 Ack=141 Win=65024 Len=1448 TSval=2916036831 TSecr=3045556604 [TCP segment of a reassembled PDU]"
"31626","32.751087298","192.168.1.55","192.168.1.2","TCP","1514","8004  >  36100 [ACK] Seq=127614 Ack=141 Win=65024 Len=1448 TSval=2916036831 TSecr=3045556604 [TCP segment of a reassembled PDU]"
"31627","32.751088298","192.168.1.55","192.168.1.2","TCP","1514","8004  >  36100 [ACK] Seq=129062 Ack=141 Win=65024 Len=1448 TSval=2916036831 TSecr=3045556604 [TCP segment of a reassembled PDU]"
"31628","32.751089354","192.168.1.55","192.168.1.2","TCP","1514","8004  >  36100 [ACK] Seq=130510 Ack=141 Win=65024 Len=1448 TSval=2916036831 TSecr=3045556604 [TCP segment of a reassembled PDU]"
"31629","32.751090409","192.168.1.55","192.168.1.2","TCP","1514","8004  >  36100 [ACK] Seq=131958 Ack=141 Win=65024 Len=1448 TSval=2916036831 TSecr=3045556604 [TCP segment of a reassembled PDU]"
"31630","32.751091558","192.168.1.55","192.168.1.2","TCP","1514","8004  >  36100 [ACK] Seq=133406 Ack=141 Win=65024 Len=1448 TSval=2916036831 TSecr=3045556604 [TCP segment of a reassembled PDU]"
"31631","32.751092613","192.168.1.55","192.168.1.2","TCP","1514","8004  >  36100 [ACK] Seq=134854 Ack=141 Win=65024 Len=1448 TSval=2916036831 TSecr=3045556604 [TCP segment of a reassembled PDU]"
"31632","32.751094039","192.168.1.55","192.168.1.2","TCP","1514","8004  >  36100 [ACK] Seq=136302 Ack=141 Win=65024 Len=1448 TSval=2916036831 TSecr=3045556604 [TCP segment of a reassembled PDU]"
"31633","32.751094909","192.168.1.55","192.168.1.2","TCP","1514","8004  >  36100 [ACK] Seq=137750 Ack=141 Win=65024 Len=1448 TSval=2916036831 TSecr=3045556604 [TCP segment of a reassembled PDU]"
"31634","32.751095835","192.168.1.55","192.168.1.2","TCP","794","[TCP Window Full] 8004  >  36100 [PSH, ACK] Seq=139198 Ack=141 Win=65024 Len=728 TSval=2916036831 TSecr=3045556604 [TCP segment of a reassembled PDU]"
"31635","32.753164950","192.168.1.2","192.168.1.55","TCP","66","36100  >  8004 [ACK] Seq=141 Ack=76934 Win=80896 Len=0 TSval=3045556606 TSecr=2916036826"
"31636","32.753185765","192.168.1.55","192.168.1.2","TCP","1514","8004  >  36100 [ACK] Seq=139926 Ack=141 Win=65024 Len=1448 TSval=2916036833 TSecr=3045556606 [TCP segment of a reassembled PDU]"
"31637","32.753188005","192.168.1.55","192.168.1.2","TCP","1514","8004  >  36100 [ACK] Seq=141374 Ack=141 Win=65024 Len=1448 TSval=2916036833 TSecr=3045556606 [TCP segment of a reassembled PDU]"
"31638","32.753189820","192.168.1.55","192.168.1.2","TCP","1514","8004  >  36100 [ACK] Seq=142822 Ack=141 Win=65024 Len=1448 TSval=2916036833 TSecr=3045556606 [TCP segment of a reassembled PDU]"
"31639","32.753190968","192.168.1.55","192.168.1.2","TCP","1514","8004  >  36100 [ACK] Seq=144270 Ack=141 Win=65024 Len=1448 TSval=2916036833 TSecr=3045556606 [TCP segment of a reassembled PDU]"
"31640","32.753192228","192.168.1.55","192.168.1.2","TCP","1514","8004  >  36100 [ACK] Seq=145718 Ack=141 Win=65024 Len=1448 TSval=2916036833 TSecr=3045556606 [TCP segment of a reassembled PDU]"
"31641","32.753193598","192.168.1.55","192.168.1.2","TCP","1514","8004  >  36100 [ACK] Seq=147166 Ack=141 Win=65024 Len=1448 TSval=2916036833 TSecr=3045556606 [TCP segment of a reassembled PDU]"
"31642","32.753194950","192.168.1.55","192.168.1.2","TCP","1514","8004  >  36100 [ACK] Seq=148614 Ack=141 Win=65024 Len=1448 TSval=2916036833 TSecr=3045556606 [TCP segment of a reassembled PDU]"
"31643","32.753196468","192.168.1.55","192.168.1.2","TCP","1514","8004  >  36100 [ACK] Seq=150062 Ack=141 Win=65024 Len=1448 TSval=2916036833 TSecr=3045556606 [TCP segment of a reassembled PDU]"
"31644","32.753197968","192.168.1.55","192.168.1.2","TCP","1514","8004  >  36100 [ACK] Seq=151510 Ack=141 Win=65024 Len=1448 TSval=2916036833 TSecr=3045556606 [TCP segment of a reassembled PDU]"
"31645","32.753199450","192.168.1.55","192.168.1.2","TCP","1514","8004  >  36100 [PSH, ACK] Seq=152958 Ack=141 Win=65024 Len=1448 TSval=2916036833 TSecr=3045556606 [TCP segment of a reassembled PDU]"
"31646","32.753207487","192.168.1.55","192.168.1.2","TCP","786","8004  >  36100 [ACK] Seq=154406 Ack=141 Win=65024 Len=720 TSval=2916036833 TSecr=3045556606 [TCP segment of a reassembled PDU]"
"31647","32.756978289","192.168.1.2","192.168.1.55","TCP","66","36100  >  8004 [ACK] Seq=141 Ack=97206 Win=70656 Len=0 TSval=3045556608 TSecr=2916036829"
"31648","32.756992030","192.168.1.55","192.168.1.2","TCP","1514","8004  >  36100 [ACK] Seq=155126 Ack=141 Win=65024 Len=1448 TSval=2916036837 TSecr=3045556608 [TCP segment of a reassembled PDU]"
"31649","32.756994011","192.168.1.55","192.168.1.2","TCP","1514","8004  >  36100 [ACK] Seq=156574 Ack=141 Win=65024 Len=1448 TSval=2916036837 TSecr=3045556608 [TCP segment of a reassembled PDU]"
"31650","32.756995178","192.168.1.55","192.168.1.2","TCP","1514","8004  >  36100 [ACK] Seq=158022 Ack=141 Win=65024 Len=1448 TSval=2916036837 TSecr=3045556608 [TCP segment of a reassembled PDU]"
"31651","32.756996271","192.168.1.55","192.168.1.2","TCP","1514","8004  >  36100 [ACK] Seq=159470 Ack=141 Win=65024 Len=1448 TSval=2916036837 TSecr=3045556608 [TCP segment of a reassembled PDU]"
"31652","32.756997345","192.168.1.55","192.168.1.2","TCP","1514","8004  >  36100 [ACK] Seq=160918 Ack=141 Win=65024 Len=1448 TSval=2916036837 TSecr=3045556608 [TCP segment of a reassembled PDU]"
"31653","32.756998493","192.168.1.55","192.168.1.2","TCP","1514","8004  >  36100 [ACK] Seq=162366 Ack=141 Win=65024 Len=1448 TSval=2916036837 TSecr=3045556608 [TCP segment of a reassembled PDU]"
"31654","32.756999567","192.168.1.55","192.168.1.2","TCP","1514","8004  >  36100 [ACK] Seq=163814 Ack=141 Win=65024 Len=1448 TSval=2916036837 TSecr=3045556608 [TCP segment of a reassembled PDU]"
"31655","32.757000715","192.168.1.55","192.168.1.2","TCP","1514","8004  >  36100 [PSH, ACK] Seq=165262 Ack=141 Win=65024 Len=1448 TSval=2916036837 TSecr=3045556608 [TCP segment of a reassembled PDU]"
"31656","32.757700679","192.168.1.2","192.168.1.55","TCP","66","36100  >  8004 [ACK] Seq=141 Ack=105894 Win=82944 Len=0 TSval=3045556611 TSecr=2916036831"
"31657","32.757895902","192.168.1.2","192.168.1.55","TCP","66","36100  >  8004 [ACK] Seq=141 Ack=116030 Win=76800 Len=0 TSval=3045556611 TSecr=2916036831"
"31658","32.757912957","192.168.1.55","192.168.1.2","TCP","1514","8004  >  36100 [ACK] Seq=166710 Ack=141 Win=65024 Len=1448 TSval=2916036838 TSecr=3045556611 [TCP segment of a reassembled PDU]"
"31659","32.757915031","192.168.1.55","192.168.1.2","TCP","1514","8004  >  36100 [ACK] Seq=168158 Ack=141 Win=65024 Len=1448 TSval=2916036838 TSecr=3045556611 [TCP segment of a reassembled PDU]"
"31660","32.757921550","192.168.1.55","192.168.1.2","TCP","1514","8004  >  36100 [ACK] Seq=169606 Ack=141 Win=65024 Len=1448 TSval=2916036838 TSecr=3045556611 [TCP segment of a reassembled PDU]"
"31661","32.757923050","192.168.1.55","192.168.1.2","TCP","1514","8004  >  36100 [ACK] Seq=171054 Ack=141 Win=65024 Len=1448 TSval=2916036838 TSecr=3045556611 [TCP segment of a reassembled PDU]"
"31662","32.757924439","192.168.1.55","192.168.1.2","TCP","1514","8004  >  36100 [ACK] Seq=172502 Ack=141 Win=65024 Len=1448 TSval=2916036838 TSecr=3045556611 [TCP segment of a reassembled PDU]"
"31663","32.757925494","192.168.1.55","192.168.1.2","TCP","1514","8004  >  36100 [ACK] Seq=173950 Ack=141 Win=65024 Len=1448 TSval=2916036838 TSecr=3045556611 [TCP segment of a reassembled PDU]"
"31664","32.757926568","192.168.1.55","192.168.1.2","TCP","1514","8004  >  36100 [ACK] Seq=175398 Ack=141 Win=65024 Len=1448 TSval=2916036838 TSecr=3045556611 [TCP segment of a reassembled PDU]"
"31665","32.757927624","192.168.1.55","192.168.1.2","TCP","1514","8004  >  36100 [ACK] Seq=176846 Ack=141 Win=65024 Len=1448 TSval=2916036838 TSecr=3045556611 [TCP segment of a reassembled PDU]"
"31666","32.757928680","192.168.1.55","192.168.1.2","TCP","1514","8004  >  36100 [ACK] Seq=178294 Ack=141 Win=65024 Len=1448 TSval=2916036838 TSecr=3045556611 [TCP segment of a reassembled PDU]"
"31667","32.757929828","192.168.1.55","192.168.1.2","TCP","1514","8004  >  36100 [ACK] Seq=179742 Ack=141 Win=65024 Len=1448 TSval=2916036838 TSecr=3045556611 [TCP segment of a reassembled PDU]"
"31668","32.757930920","192.168.1.55","192.168.1.2","TCP","1514","8004  >  36100 [ACK] Seq=181190 Ack=141 Win=65024 Len=1448 TSval=2916036838 TSecr=3045556611 [TCP segment of a reassembled PDU]"
"31669","32.757932013","192.168.1.55","192.168.1.2","TCP","1514","8004  >  36100 [ACK] Seq=182638 Ack=141 Win=65024 Len=1448 TSval=2916036838 TSecr=3045556611 [TCP segment of a reassembled PDU]"
"31670","32.757933180","192.168.1.55","192.168.1.2","TCP","1514","8004  >  36100 [ACK] Seq=184086 Ack=141 Win=65024 Len=1448 TSval=2916036838 TSecr=3045556611 [TCP segment of a reassembled PDU]"
"31671","32.757934476","192.168.1.55","192.168.1.2","TCP","1514","8004  >  36100 [ACK] Seq=185534 Ack=141 Win=65024 Len=1448 TSval=2916036838 TSecr=3045556611 [TCP segment of a reassembled PDU]"
"31672","32.757935605","192.168.1.55","192.168.1.2","TCP","1514","8004  >  36100 [ACK] Seq=186982 Ack=141 Win=65024 Len=1448 TSval=2916036838 TSecr=3045556611 [TCP segment of a reassembled PDU]"
"31673","32.757936680","192.168.1.55","192.168.1.2","TCP","1514","8004  >  36100 [ACK] Seq=188430 Ack=141 Win=65024 Len=1448 TSval=2916036838 TSecr=3045556611 [TCP segment of a reassembled PDU]"
"31674","32.757937957","192.168.1.55","192.168.1.2","TCP","1514","8004  >  36100 [ACK] Seq=189878 Ack=141 Win=65024 Len=1448 TSval=2916036838 TSecr=3045556611 [TCP segment of a reassembled PDU]"
"31675","32.757939143","192.168.1.55","192.168.1.2","TCP","1514","8004  >  36100 [PSH, ACK] Seq=191326 Ack=141 Win=65024 Len=1448 TSval=2916036838 TSecr=3045556611 [TCP segment of a reassembled PDU]"
"31676","32.757943235","192.168.1.2","192.168.1.55","TCP","66","36100  >  8004 [ACK] Seq=141 Ack=121822 Win=71680 Len=0 TSval=3045556612 TSecr=2916036831"
"31677","32.757948994","192.168.1.2","192.168.1.55","TCP","66","36100  >  8004 [ACK] Seq=141 Ack=139926 Win=77824 Len=0 TSval=3045556612 TSecr=2916036831"
"31678","32.757959198","192.168.1.55","192.168.1.2","TCP","1514","8004  >  36100 [ACK] Seq=192774 Ack=141 Win=65024 Len=1448 TSval=2916036838 TSecr=3045556612 [TCP segment of a reassembled PDU]"
"31679","32.757960569","192.168.1.55","192.168.1.2","TCP","1514","8004  >  36100 [ACK] Seq=194222 Ack=141 Win=65024 Len=1448 TSval=2916036838 TSecr=3045556612 [TCP segment of a reassembled PDU]"
"31680","32.757961791","192.168.1.55","192.168.1.2","TCP","1514","8004  >  36100 [ACK] Seq=195670 Ack=141 Win=65024 Len=1448 TSval=2916036838 TSecr=3045556612 [TCP segment of a reassembled PDU]"
"31681","32.757962939","192.168.1.55","192.168.1.2","TCP","1514","8004  >  36100 [ACK] Seq=197118 Ack=141 Win=65024 Len=1448 TSval=2916036838 TSecr=3045556612 [TCP segment of a reassembled PDU]"
"31682","32.757964402","192.168.1.55","192.168.1.2","TCP","1514","8004  >  36100 [PSH, ACK] Seq=198566 Ack=141 Win=65024 Len=1448 TSval=2916036838 TSecr=3045556612 [TCP segment of a reassembled PDU]"
"31683","32.757967846","192.168.1.2","192.168.1.55","TCP","66","36100  >  8004 [ACK] Seq=141 Ack=151510 Win=66560 Len=0 TSval=3045556612 TSecr=2916036833"
"31684","32.762183797","192.168.1.2","192.168.1.55","TCP","66","36100  >  8004 [ACK] Seq=141 Ack=154406 Win=92160 Len=0 TSval=3045556615 TSecr=2916036833"
"31685","32.762270631","192.168.1.55","192.168.1.2","TCP","1514","8004  >  36100 [ACK] Seq=200014 Ack=141 Win=65024 Len=1448 TSval=2916036842 TSecr=3045556615 [TCP segment of a reassembled PDU]"
"31686","32.762278149","192.168.1.55","192.168.1.2","TCP","1514","8004  >  36100 [ACK] Seq=201462 Ack=141 Win=65024 Len=1448 TSval=2916036842 TSecr=3045556615 [TCP segment of a reassembled PDU]"
"31687","32.762279390","192.168.1.55","192.168.1.2","TCP","1514","8004  >  36100 [ACK] Seq=202910 Ack=141 Win=65024 Len=1448 TSval=2916036842 TSecr=3045556615 [TCP segment of a reassembled PDU]"
"31688","32.762280520","192.168.1.55","192.168.1.2","TCP","1514","8004  >  36100 [ACK] Seq=204358 Ack=141 Win=65024 Len=1448 TSval=2916036842 TSecr=3045556615 [TCP segment of a reassembled PDU]"
"31689","32.762281705","192.168.1.55","192.168.1.2","TCP","1514","8004  >  36100 [ACK] Seq=205806 Ack=141 Win=65024 Len=1448 TSval=2916036842 TSecr=3045556615 [TCP segment of a reassembled PDU]"
"31690","32.762283409","192.168.1.55","192.168.1.2","TCP","1514","8004  >  36100 [ACK] Seq=207254 Ack=141 Win=65024 Len=1448 TSval=2916036842 TSecr=3045556615 [TCP segment of a reassembled PDU]"
"31691","32.762285501","192.168.1.55","192.168.1.2","TCP","1514","8004  >  36100 [ACK] Seq=208702 Ack=141 Win=65024 Len=1448 TSval=2916036842 TSecr=3045556615 [TCP segment of a reassembled PDU]"
"31692","32.762287075","192.168.1.55","192.168.1.2","TCP","1514","8004  >  36100 [ACK] Seq=210150 Ack=141 Win=65024 Len=1448 TSval=2916036842 TSecr=3045556615 [TCP segment of a reassembled PDU]"
"31693","32.762288186","192.168.1.55","192.168.1.2","TCP","1514","8004  >  36100 [ACK] Seq=211598 Ack=141 Win=65024 Len=1448 TSval=2916036842 TSecr=3045556615 [TCP segment of a reassembled PDU]"
"31694","32.762289390","192.168.1.55","192.168.1.2","TCP","1514","8004  >  36100 [ACK] Seq=213046 Ack=141 Win=65024 Len=1448 TSval=2916036842 TSecr=3045556615 [TCP segment of a reassembled PDU]"
"31695","32.762290835","192.168.1.55","192.168.1.2","TCP","1514","8004  >  36100 [ACK] Seq=214494 Ack=141 Win=65024 Len=1448 TSval=2916036842 TSecr=3045556615 [TCP segment of a reassembled PDU]"
"31696","32.762297038","192.168.1.55","192.168.1.2","TCP","1514","8004  >  36100 [ACK] Seq=215942 Ack=141 Win=65024 Len=1448 TSval=2916036842 TSecr=3045556615 [TCP segment of a reassembled PDU]"
"31697","32.762298557","192.168.1.55","192.168.1.2","TCP","1514","8004  >  36100 [ACK] Seq=217390 Ack=141 Win=65024 Len=1448 TSval=2916036842 TSecr=3045556615 [TCP segment of a reassembled PDU]"
"31698","32.762299612","192.168.1.55","192.168.1.2","TCP","1514","8004  >  36100 [ACK] Seq=218838 Ack=141 Win=65024 Len=1448 TSval=2916036842 TSecr=3045556615 [TCP segment of a reassembled PDU]"
"31699","32.762301242","192.168.1.55","192.168.1.2","TCP","1514","8004  >  36100 [ACK] Seq=220286 Ack=141 Win=65024 Len=1448 TSval=2916036842 TSecr=3045556615 [TCP segment of a reassembled PDU]"
"31700","32.762302612","192.168.1.55","192.168.1.2","TCP","1514","8004  >  36100 [ACK] Seq=221734 Ack=141 Win=65024 Len=1448 TSval=2916036842 TSecr=3045556615 [TCP segment of a reassembled PDU]"
"31701","32.762304853","192.168.1.55","192.168.1.2","TCP","1514","8004  >  36100 [ACK] Seq=223182 Ack=141 Win=65024 Len=1448 TSval=2916036842 TSecr=3045556615 [TCP segment of a reassembled PDU]"
"31702","32.762306612","192.168.1.55","192.168.1.2","TCP","1514","8004  >  36100 [ACK] Seq=224630 Ack=141 Win=65024 Len=1448 TSval=2916036842 TSecr=3045556615 [TCP segment of a reassembled PDU]"
"31703","32.762307761","192.168.1.55","192.168.1.2","TCP","1514","8004  >  36100 [ACK] Seq=226078 Ack=141 Win=65024 Len=1448 TSval=2916036842 TSecr=3045556615 [TCP segment of a reassembled PDU]"
"31704","32.762309020","192.168.1.55","192.168.1.2","TCP","1514","8004  >  36100 [ACK] Seq=227526 Ack=141 Win=65024 Len=1448 TSval=2916036842 TSecr=3045556615 [TCP segment of a reassembled PDU]"
"31705","32.762310224","192.168.1.55","192.168.1.2","TCP","1514","8004  >  36100 [ACK] Seq=228974 Ack=141 Win=65024 Len=1448 TSval=2916036842 TSecr=3045556615 [TCP segment of a reassembled PDU]"
"31706","32.762311390","192.168.1.55","192.168.1.2","TCP","1514","8004  >  36100 [ACK] Seq=230422 Ack=141 Win=65024 Len=1448 TSval=2916036842 TSecr=3045556615 [TCP segment of a reassembled PDU]"
"31707","32.762313761","192.168.1.55","192.168.1.2","TCP","1514","8004  >  36100 [ACK] Seq=231870 Ack=141 Win=65024 Len=1448 TSval=2916036842 TSecr=3045556615 [TCP segment of a reassembled PDU]"
"31708","32.762316075","192.168.1.55","192.168.1.2","TCP","1514","8004  >  36100 [ACK] Seq=233318 Ack=141 Win=65024 Len=1448 TSval=2916036842 TSecr=3045556615 [TCP segment of a reassembled PDU]"
"31709","32.762317835","192.168.1.55","192.168.1.2","TCP","1514","8004  >  36100 [ACK] Seq=234766 Ack=141 Win=65024 Len=1448 TSval=2916036842 TSecr=3045556615 [TCP segment of a reassembled PDU]"
"31710","32.762319020","192.168.1.55","192.168.1.2","TCP","1514","8004  >  36100 [ACK] Seq=236214 Ack=141 Win=65024 Len=1448 TSval=2916036842 TSecr=3045556615 [TCP segment of a reassembled PDU]"
"31711","32.762320242","192.168.1.55","192.168.1.2","TCP","1514","8004  >  36100 [ACK] Seq=237662 Ack=141 Win=65024 Len=1448 TSval=2916036842 TSecr=3045556615 [TCP segment of a reassembled PDU]"
"31712","32.762321705","192.168.1.55","192.168.1.2","TCP","1514","8004  >  36100 [ACK] Seq=239110 Ack=141 Win=65024 Len=1448 TSval=2916036842 TSecr=3045556615 [TCP segment of a reassembled PDU]"
"31713","32.762323538","192.168.1.55","192.168.1.2","TCP","1514","8004  >  36100 [ACK] Seq=240558 Ack=141 Win=65024 Len=1448 TSval=2916036842 TSecr=3045556615 [TCP segment of a reassembled PDU]"
"31714","32.762325205","192.168.1.55","192.168.1.2","TCP","1514","8004  >  36100 [ACK] Seq=242006 Ack=141 Win=65024 Len=1448 TSval=2916036842 TSecr=3045556615 [TCP segment of a reassembled PDU]"
"31715","32.762326742","192.168.1.55","192.168.1.2","TCP","1514","8004  >  36100 [PSH, ACK] Seq=243454 Ack=141 Win=65024 Len=1448 TSval=2916036842 TSecr=3045556615 [TCP segment of a reassembled PDU]"
"31716","32.762362446","192.168.1.2","192.168.1.55","TCP","66","36100  >  8004 [ACK] Seq=141 Ack=166710 Win=84992 Len=0 TSval=3045556615 TSecr=2916036833"
"31717","32.765752636","192.168.1.2","192.168.1.55","TCP","66","36100  >  8004 [ACK] Seq=141 Ack=189878 Win=89088 Len=0 TSval=3045556617 TSecr=2916036838"
"31718","32.765797766","192.168.1.55","192.168.1.2","TCP","1514","8004  >  36100 [ACK] Seq=244902 Ack=141 Win=65024 Len=1448 TSval=2916036846 TSecr=3045556617 [TCP segment of a reassembled PDU]"
"31719","32.765802618","192.168.1.55","192.168.1.2","TCP","1514","8004  >  36100 [ACK] Seq=246350 Ack=141 Win=65024 Len=1448 TSval=2916036846 TSecr=3045556617 [TCP segment of a reassembled PDU]"
"31720","32.765803877","192.168.1.55","192.168.1.2","TCP","1514","8004  >  36100 [ACK] Seq=247798 Ack=141 Win=65024 Len=1448 TSval=2916036846 TSecr=3045556617 [TCP segment of a reassembled PDU]"
"31721","32.765806637","192.168.1.55","192.168.1.2","TCP","1514","8004  >  36100 [ACK] Seq=249246 Ack=141 Win=65024 Len=1448 TSval=2916036846 TSecr=3045556617 [TCP segment of a reassembled PDU]"
"31722","32.765808248","192.168.1.55","192.168.1.2","TCP","1514","8004  >  36100 [ACK] Seq=250694 Ack=141 Win=65024 Len=1448 TSval=2916036846 TSecr=3045556617 [TCP segment of a reassembled PDU]"
"31723","32.765809470","192.168.1.55","192.168.1.2","TCP","1514","8004  >  36100 [ACK] Seq=252142 Ack=141 Win=65024 Len=1448 TSval=2916036846 TSecr=3045556617 [TCP segment of a reassembled PDU]"
"31724","32.765810840","192.168.1.55","192.168.1.2","TCP","1514","8004  >  36100 [ACK] Seq=253590 Ack=141 Win=65024 Len=1448 TSval=2916036846 TSecr=3045556617 [TCP segment of a reassembled PDU]"
"31725","32.765812099","192.168.1.55","192.168.1.2","TCP","1514","8004  >  36100 [ACK] Seq=255038 Ack=141 Win=65024 Len=1448 TSval=2916036846 TSecr=3045556617 [TCP segment of a reassembled PDU]"
"31726","32.765813766","192.168.1.55","192.168.1.2","TCP","1514","8004  >  36100 [ACK] Seq=256486 Ack=141 Win=65024 Len=1448 TSval=2916036846 TSecr=3045556617 [TCP segment of a reassembled PDU]"
"31727","32.765816248","192.168.1.55","192.168.1.2","TCP","1514","8004  >  36100 [ACK] Seq=257934 Ack=141 Win=65024 Len=1448 TSval=2916036846 TSecr=3045556617 [TCP segment of a reassembled PDU]"
"31728","32.765817970","192.168.1.55","192.168.1.2","TCP","1514","8004  >  36100 [ACK] Seq=259382 Ack=141 Win=65024 Len=1448 TSval=2916036846 TSecr=3045556617 [TCP segment of a reassembled PDU]"
"31729","32.765819414","192.168.1.55","192.168.1.2","TCP","1514","8004  >  36100 [ACK] Seq=260830 Ack=141 Win=65024 Len=1448 TSval=2916036846 TSecr=3045556617 [TCP segment of a reassembled PDU]"
"31730","32.765821692","192.168.1.55","192.168.1.2","TCP","1514","8004  >  36100 [ACK] Seq=262278 Ack=141 Win=65024 Len=1448 TSval=2916036846 TSecr=3045556617 [TCP segment of a reassembled PDU]"
"31731","32.765823600","192.168.1.55","192.168.1.2","TCP","1514","8004  >  36100 [ACK] Seq=263726 Ack=141 Win=65024 Len=1448 TSval=2916036846 TSecr=3045556617 [TCP segment of a reassembled PDU]"
"31732","32.765825081","192.168.1.55","192.168.1.2","TCP","1514","8004  >  36100 [ACK] Seq=265174 Ack=141 Win=65024 Len=1448 TSval=2916036846 TSecr=3045556617 [TCP segment of a reassembled PDU]"
"31733","32.765826285","192.168.1.55","192.168.1.2","TCP","1514","8004  >  36100 [ACK] Seq=266622 Ack=141 Win=65024 Len=1448 TSval=2916036846 TSecr=3045556617 [TCP segment of a reassembled PDU]"
"31734","32.765827637","192.168.1.55","192.168.1.2","TCP","1514","8004  >  36100 [ACK] Seq=268070 Ack=141 Win=65024 Len=1448 TSval=2916036846 TSecr=3045556617 [TCP segment of a reassembled PDU]"
"31735","32.765828840","192.168.1.55","192.168.1.2","TCP","1514","8004  >  36100 [ACK] Seq=269518 Ack=141 Win=65024 Len=1448 TSval=2916036846 TSecr=3045556617 [TCP segment of a reassembled PDU]"
"31736","32.765830137","192.168.1.55","192.168.1.2","TCP","1514","8004  >  36100 [ACK] Seq=270966 Ack=141 Win=65024 Len=1448 TSval=2916036846 TSecr=3045556617 [TCP segment of a reassembled PDU]"
"31737","32.765831544","192.168.1.55","192.168.1.2","TCP","1514","8004  >  36100 [ACK] Seq=272414 Ack=141 Win=65024 Len=1448 TSval=2916036846 TSecr=3045556617 [TCP segment of a reassembled PDU]"
"31738","32.765833692","192.168.1.55","192.168.1.2","TCP","1514","8004  >  36100 [ACK] Seq=273862 Ack=141 Win=65024 Len=1448 TSval=2916036846 TSecr=3045556617 [TCP segment of a reassembled PDU]"
"31739","32.765835785","192.168.1.55","192.168.1.2","TCP","1514","8004  >  36100 [ACK] Seq=275310 Ack=141 Win=65024 Len=1448 TSval=2916036846 TSecr=3045556617 [TCP segment of a reassembled PDU]"
"31740","32.765837192","192.168.1.55","192.168.1.2","TCP","1514","8004  >  36100 [ACK] Seq=276758 Ack=141 Win=65024 Len=1448 TSval=2916036846 TSecr=3045556617 [TCP segment of a reassembled PDU]"
"31741","32.765838544","192.168.1.55","192.168.1.2","TCP","826","[TCP Window Full] 8004  >  36100 [PSH, ACK] Seq=278206 Ack=141 Win=65024 Len=760 TSval=2916036846 TSecr=3045556617 [TCP segment of a reassembled PDU]"
"31742","32.765870544","192.168.1.2","192.168.1.55","TCP","66","36100  >  8004 [ACK] Seq=141 Ack=200014 Win=79872 Len=0 TSval=3045556617 TSecr=2916036838"
"31743","32.771734979","192.168.1.2","192.168.1.55","TCP","66","36100  >  8004 [ACK] Seq=141 Ack=201462 Win=94208 Len=0 TSval=3045556623 TSecr=2916036842"
"31744","32.771767368","192.168.1.55","192.168.1.2","TCP","1514","8004  >  36100 [ACK] Seq=278966 Ack=141 Win=65024 Len=1448 TSval=2916036852 TSecr=3045556623 [TCP segment of a reassembled PDU]"
"31745","32.771771646","192.168.1.55","192.168.1.2","TCP","1514","8004  >  36100 [ACK] Seq=280414 Ack=141 Win=65024 Len=1448 TSval=2916036852 TSecr=3045556623 [TCP segment of a reassembled PDU]"
"31746","32.771772979","192.168.1.55","192.168.1.2","TCP","1514","8004  >  36100 [ACK] Seq=281862 Ack=141 Win=65024 Len=1448 TSval=2916036852 TSecr=3045556623 [TCP segment of a reassembled PDU]"
"31747","32.771774276","192.168.1.55","192.168.1.2","TCP","1514","8004  >  36100 [ACK] Seq=283310 Ack=141 Win=65024 Len=1448 TSval=2916036852 TSecr=3045556623 [TCP segment of a reassembled PDU]"
"31748","32.771775479","192.168.1.55","192.168.1.2","TCP","1514","8004  >  36100 [ACK] Seq=284758 Ack=141 Win=65024 Len=1448 TSval=2916036852 TSecr=3045556623 [TCP segment of a reassembled PDU]"
"31749","32.771776850","192.168.1.55","192.168.1.2","TCP","1514","8004  >  36100 [ACK] Seq=286206 Ack=141 Win=65024 Len=1448 TSval=2916036852 TSecr=3045556623 [TCP segment of a reassembled PDU]"
"31750","32.771778053","192.168.1.55","192.168.1.2","TCP","1514","8004  >  36100 [PSH, ACK] Seq=287654 Ack=141 Win=65024 Len=1448 TSval=2916036852 TSecr=3045556623 [TCP segment of a reassembled PDU]"
"31751","32.771784461","192.168.1.55","192.168.1.2","TCP","754","8004  >  36100 [ACK] Seq=289102 Ack=141 Win=65024 Len=688 TSval=2916036852 TSecr=3045556623 [TCP segment of a reassembled PDU]"
"31752","32.772188443","192.168.1.2","192.168.1.55","TCP","66","36100  >  8004 [ACK] Seq=141 Ack=224630 Win=93184 Len=0 TSval=3045556623 TSecr=2916036842"
"31753","32.772196536","192.168.1.2","192.168.1.55","TCP","66","36100  >  8004 [ACK] Seq=141 Ack=244902 Win=73728 Len=0 TSval=3045556623 TSecr=2916036842"
"31754","32.772220610","192.168.1.55","192.168.1.2","TCP","1514","8004  >  36100 [ACK] Seq=289790 Ack=141 Win=65024 Len=1448 TSval=2916036852 TSecr=3045556623 [TCP segment of a reassembled PDU]"
"31755","32.772223091","192.168.1.55","192.168.1.2","TCP","1514","8004  >  36100 [ACK] Seq=291238 Ack=141 Win=65024 Len=1448 TSval=2916036852 TSecr=3045556623 [TCP segment of a reassembled PDU]"
"31756","32.772224480","192.168.1.55","192.168.1.2","TCP","1514","8004  >  36100 [ACK] Seq=292686 Ack=141 Win=65024 Len=1448 TSval=2916036852 TSecr=3045556623 [TCP segment of a reassembled PDU]"
"31757","32.772225702","192.168.1.55","192.168.1.2","TCP","1514","8004  >  36100 [ACK] Seq=294134 Ack=141 Win=65024 Len=1448 TSval=2916036852 TSecr=3045556623 [TCP segment of a reassembled PDU]"
"31758","32.772226999","192.168.1.55","192.168.1.2","TCP","1514","8004  >  36100 [ACK] Seq=295582 Ack=141 Win=65024 Len=1448 TSval=2916036852 TSecr=3045556623 [TCP segment of a reassembled PDU]"
"31759","32.772228295","192.168.1.55","192.168.1.2","TCP","1514","8004  >  36100 [ACK] Seq=297030 Ack=141 Win=65024 Len=1448 TSval=2916036852 TSecr=3045556623 [TCP segment of a reassembled PDU]"
"31760","32.772229536","192.168.1.55","192.168.1.2","TCP","1514","8004  >  36100 [ACK] Seq=298478 Ack=141 Win=65024 Len=1448 TSval=2916036852 TSecr=3045556623 [TCP segment of a reassembled PDU]"
"31761","32.772230795","192.168.1.55","192.168.1.2","TCP","1514","8004  >  36100 [ACK] Seq=299926 Ack=141 Win=65024 Len=1448 TSval=2916036852 TSecr=3045556623 [TCP segment of a reassembled PDU]"
"31762","32.772232036","192.168.1.55","192.168.1.2","TCP","1514","8004  >  36100 [ACK] Seq=301374 Ack=141 Win=65024 Len=1448 TSval=2916036852 TSecr=3045556623 [TCP segment of a reassembled PDU]"
"31763","32.772233276","192.168.1.55","192.168.1.2","TCP","1514","8004  >  36100 [ACK] Seq=302822 Ack=141 Win=65024 Len=1448 TSval=2916036852 TSecr=3045556623 [TCP segment of a reassembled PDU]"
"31764","32.772234610","192.168.1.55","192.168.1.2","TCP","1514","8004  >  36100 [ACK] Seq=304270 Ack=141 Win=65024 Len=1448 TSval=2916036852 TSecr=3045556623 [TCP segment of a reassembled PDU]"
"31765","32.772235850","192.168.1.55","192.168.1.2","TCP","1514","8004  >  36100 [ACK] Seq=305718 Ack=141 Win=65024 Len=1448 TSval=2916036852 TSecr=3045556623 [TCP segment of a reassembled PDU]"
"31766","32.772237073","192.168.1.55","192.168.1.2","TCP","1514","8004  >  36100 [ACK] Seq=307166 Ack=141 Win=65024 Len=1448 TSval=2916036852 TSecr=3045556623 [TCP segment of a reassembled PDU]"
"31767","32.772238276","192.168.1.55","192.168.1.2","TCP","1514","8004  >  36100 [ACK] Seq=308614 Ack=141 Win=65024 Len=1448 TSval=2916036852 TSecr=3045556623 [TCP segment of a reassembled PDU]"
"31768","32.772239573","192.168.1.55","192.168.1.2","TCP","1514","8004  >  36100 [ACK] Seq=310062 Ack=141 Win=65024 Len=1448 TSval=2916036852 TSecr=3045556623 [TCP segment of a reassembled PDU]"
"31769","32.772240962","192.168.1.55","192.168.1.2","TCP","1514","8004  >  36100 [ACK] Seq=311510 Ack=141 Win=65024 Len=1448 TSval=2916036852 TSecr=3045556623 [TCP segment of a reassembled PDU]"
"31770","32.772242184","192.168.1.55","192.168.1.2","TCP","1514","8004  >  36100 [ACK] Seq=312958 Ack=141 Win=65024 Len=1448 TSval=2916036852 TSecr=3045556623 [TCP segment of a reassembled PDU]"
"31771","32.772243499","192.168.1.55","192.168.1.2","TCP","1514","8004  >  36100 [ACK] Seq=314406 Ack=141 Win=65024 Len=1448 TSval=2916036852 TSecr=3045556623 [TCP segment of a reassembled PDU]"
"31772","32.772244850","192.168.1.55","192.168.1.2","TCP","1514","8004  >  36100 [PSH, ACK] Seq=315854 Ack=141 Win=65024 Len=1448 TSval=2916036852 TSecr=3045556623 [TCP segment of a reassembled PDU]"
"31773","32.772249202","192.168.1.2","192.168.1.55","TCP","66","36100  >  8004 [ACK] Seq=141 Ack=257934 Win=100352 Len=0 TSval=3045556627 TSecr=2916036846"
"31774","32.772269925","192.168.1.55","192.168.1.2","TCP","1514","8004  >  36100 [ACK] Seq=317302 Ack=141 Win=65024 Len=1448 TSval=2916036852 TSecr=3045556627 [TCP segment of a reassembled PDU]"
"31775","32.772271850","192.168.1.55","192.168.1.2","TCP","1514","8004  >  36100 [ACK] Seq=318750 Ack=141 Win=65024 Len=1448 TSval=2916036852 TSecr=3045556627 [TCP segment of a reassembled PDU]"
"31776","32.772273128","192.168.1.55","192.168.1.2","TCP","1514","8004  >  36100 [ACK] Seq=320198 Ack=141 Win=65024 Len=1448 TSval=2916036852 TSecr=3045556627 [TCP segment of a reassembled PDU]"
"31777","32.772274425","192.168.1.55","192.168.1.2","TCP","1514","8004  >  36100 [ACK] Seq=321646 Ack=141 Win=65024 Len=1448 TSval=2916036852 TSecr=3045556627 [TCP segment of a reassembled PDU]"
"31778","32.772275739","192.168.1.55","192.168.1.2","TCP","1514","8004  >  36100 [ACK] Seq=323094 Ack=141 Win=65024 Len=1448 TSval=2916036852 TSecr=3045556627 [TCP segment of a reassembled PDU]"
"31779","32.772276962","192.168.1.55","192.168.1.2","TCP","1514","8004  >  36100 [ACK] Seq=324542 Ack=141 Win=65024 Len=1448 TSval=2916036852 TSecr=3045556627 [TCP segment of a reassembled PDU]"
"31780","32.772278350","192.168.1.55","192.168.1.2","TCP","1514","8004  >  36100 [ACK] Seq=325990 Ack=141 Win=65024 Len=1448 TSval=2916036852 TSecr=3045556627 [TCP segment of a reassembled PDU]"
"31781","32.772279554","192.168.1.55","192.168.1.2","TCP","1514","8004  >  36100 [ACK] Seq=327438 Ack=141 Win=65024 Len=1448 TSval=2916036852 TSecr=3045556627 [TCP segment of a reassembled PDU]"
"31782","32.772280813","192.168.1.55","192.168.1.2","TCP","1514","8004  >  36100 [ACK] Seq=328886 Ack=141 Win=65024 Len=1448 TSval=2916036852 TSecr=3045556627 [TCP segment of a reassembled PDU]"
"31783","32.772282110","192.168.1.55","192.168.1.2","TCP","1514","8004  >  36100 [ACK] Seq=330334 Ack=141 Win=65024 Len=1448 TSval=2916036852 TSecr=3045556627 [TCP segment of a reassembled PDU]"
"31784","32.772283332","192.168.1.55","192.168.1.2","TCP","1514","8004  >  36100 [ACK] Seq=331782 Ack=141 Win=65024 Len=1448 TSval=2916036852 TSecr=3045556627 [TCP segment of a reassembled PDU]"
"31785","32.772284591","192.168.1.55","192.168.1.2","TCP","1514","8004  >  36100 [PSH, ACK] Seq=333230 Ack=141 Win=65024 Len=1448 TSval=2916036852 TSecr=3045556627 [TCP segment of a reassembled PDU]"
"31786","32.772289202","192.168.1.2","192.168.1.55","TCP","66","36100  >  8004 [ACK] Seq=141 Ack=278966 Win=93184 Len=0 TSval=3045556627 TSecr=2916036846"
"31787","32.772333036","192.168.1.55","192.168.1.2","TCP","1514","8004  >  36100 [ACK] Seq=334678 Ack=141 Win=65024 Len=1448 TSval=2916036853 TSecr=3045556627 [TCP segment of a reassembled PDU]"
"31788","32.772335073","192.168.1.55","192.168.1.2","TCP","1514","8004  >  36100 [ACK] Seq=336126 Ack=141 Win=65024 Len=1448 TSval=2916036853 TSecr=3045556627 [TCP segment of a reassembled PDU]"
"31789","32.772336462","192.168.1.55","192.168.1.2","TCP","1514","8004  >  36100 [ACK] Seq=337574 Ack=141 Win=65024 Len=1448 TSval=2916036853 TSecr=3045556627 [TCP segment of a reassembled PDU]"
"31790","32.772337665","192.168.1.55","192.168.1.2","TCP","1514","8004  >  36100 [ACK] Seq=339022 Ack=141 Win=65024 Len=1448 TSval=2916036853 TSecr=3045556627 [TCP segment of a reassembled PDU]"
"31791","32.772338943","192.168.1.55","192.168.1.2","TCP","1514","8004  >  36100 [ACK] Seq=340470 Ack=141 Win=65024 Len=1448 TSval=2916036853 TSecr=3045556627 [TCP segment of a reassembled PDU]"
"31792","32.772340480","192.168.1.55","192.168.1.2","TCP","1514","8004  >  36100 [ACK] Seq=341918 Ack=141 Win=65024 Len=1448 TSval=2916036853 TSecr=3045556627 [TCP segment of a reassembled PDU]"
"31793","32.772341739","192.168.1.55","192.168.1.2","TCP","1514","8004  >  36100 [ACK] Seq=343366 Ack=141 Win=65024 Len=1448 TSval=2916036853 TSecr=3045556627 [TCP segment of a reassembled PDU]"
"31794","32.772343165","192.168.1.55","192.168.1.2","TCP","1514","8004  >  36100 [ACK] Seq=344814 Ack=141 Win=65024 Len=1448 TSval=2916036853 TSecr=3045556627 [TCP segment of a reassembled PDU]"
"31795","32.772344406","192.168.1.55","192.168.1.2","TCP","1514","8004  >  36100 [ACK] Seq=346262 Ack=141 Win=65024 Len=1448 TSval=2916036853 TSecr=3045556627 [TCP segment of a reassembled PDU]"
"31796","32.772345591","192.168.1.55","192.168.1.2","TCP","1514","8004  >  36100 [ACK] Seq=347710 Ack=141 Win=65024 Len=1448 TSval=2916036853 TSecr=3045556627 [TCP segment of a reassembled PDU]"
"31797","32.772346814","192.168.1.55","192.168.1.2","TCP","1514","8004  >  36100 [ACK] Seq=349158 Ack=141 Win=65024 Len=1448 TSval=2916036853 TSecr=3045556627 [TCP segment of a reassembled PDU]"
"31798","32.772348054","192.168.1.55","192.168.1.2","TCP","1514","8004  >  36100 [ACK] Seq=350606 Ack=141 Win=65024 Len=1448 TSval=2916036853 TSecr=3045556627 [TCP segment of a reassembled PDU]"
"31799","32.772349332","192.168.1.55","192.168.1.2","TCP","1514","8004  >  36100 [ACK] Seq=352054 Ack=141 Win=65024 Len=1448 TSval=2916036853 TSecr=3045556627 [TCP segment of a reassembled PDU]"
"31800","32.772350721","192.168.1.55","192.168.1.2","TCP","1514","8004  >  36100 [ACK] Seq=353502 Ack=141 Win=65024 Len=1448 TSval=2916036853 TSecr=3045556627 [TCP segment of a reassembled PDU]"
"31801","32.772352165","192.168.1.55","192.168.1.2","TCP","1514","8004  >  36100 [ACK] Seq=354950 Ack=141 Win=65024 Len=1448 TSval=2916036853 TSecr=3045556627 [TCP segment of a reassembled PDU]"
"31802","32.772353554","192.168.1.55","192.168.1.2","TCP","1514","8004  >  36100 [ACK] Seq=356398 Ack=141 Win=65024 Len=1448 TSval=2916036853 TSecr=3045556627 [TCP segment of a reassembled PDU]"
"31803","32.772354906","192.168.1.55","192.168.1.2","TCP","1514","8004  >  36100 [ACK] Seq=357846 Ack=141 Win=65024 Len=1448 TSval=2916036853 TSecr=3045556627 [TCP segment of a reassembled PDU]"
"31804","32.772356221","192.168.1.55","192.168.1.2","TCP","1514","8004  >  36100 [ACK] Seq=359294 Ack=141 Win=65024 Len=1448 TSval=2916036853 TSecr=3045556627 [TCP segment of a reassembled PDU]"
"31805","32.772357425","192.168.1.55","192.168.1.2","TCP","1514","8004  >  36100 [ACK] Seq=360742 Ack=141 Win=65024 Len=1448 TSval=2916036853 TSecr=3045556627 [TCP segment of a reassembled PDU]"
"31806","32.772358702","192.168.1.55","192.168.1.2","TCP","1514","8004  >  36100 [ACK] Seq=362190 Ack=141 Win=65024 Len=1448 TSval=2916036853 TSecr=3045556627 [TCP segment of a reassembled PDU]"
"31807","32.772360425","192.168.1.55","192.168.1.2","TCP","1514","8004  >  36100 [ACK] Seq=363638 Ack=141 Win=65024 Len=1448 TSval=2916036853 TSecr=3045556627 [TCP segment of a reassembled PDU]"
"31808","32.772361684","192.168.1.55","192.168.1.2","TCP","1514","8004  >  36100 [ACK] Seq=365086 Ack=141 Win=65024 Len=1448 TSval=2916036853 TSecr=3045556627 [TCP segment of a reassembled PDU]"
"31809","32.772363054","192.168.1.55","192.168.1.2","TCP","1514","8004  >  36100 [ACK] Seq=366534 Ack=141 Win=65024 Len=1448 TSval=2916036853 TSecr=3045556627 [TCP segment of a reassembled PDU]"
"31810","32.772364425","192.168.1.55","192.168.1.2","TCP","1514","8004  >  36100 [ACK] Seq=367982 Ack=141 Win=65024 Len=1448 TSval=2916036853 TSecr=3045556627 [TCP segment of a reassembled PDU]"
"31811","32.772365702","192.168.1.55","192.168.1.2","TCP","1514","8004  >  36100 [PSH, ACK] Seq=369430 Ack=141 Win=65024 Len=1448 TSval=2916036853 TSecr=3045556627 [TCP segment of a reassembled PDU]"
"31812","32.774503669","192.168.1.2","192.168.1.55","TCP","66","36100  >  8004 [ACK] Seq=141 Ack=283310 Win=108544 Len=0 TSval=3045556629 TSecr=2916036852"
"31813","32.774519595","192.168.1.55","192.168.1.2","TCP","1514","8004  >  36100 [ACK] Seq=370878 Ack=141 Win=65024 Len=1448 TSval=2916036855 TSecr=3045556629 [TCP segment of a reassembled PDU]"
"31814","32.774521484","192.168.1.55","192.168.1.2","TCP","1514","8004  >  36100 [ACK] Seq=372326 Ack=141 Win=65024 Len=1448 TSval=2916036855 TSecr=3045556629 [TCP segment of a reassembled PDU]"
"31815","32.774523169","192.168.1.55","192.168.1.2","TCP","1514","8004  >  36100 [ACK] Seq=373774 Ack=141 Win=65024 Len=1448 TSval=2916036855 TSecr=3045556629 [TCP segment of a reassembled PDU]"
"31816","32.774524428","192.168.1.55","192.168.1.2","TCP","1514","8004  >  36100 [ACK] Seq=375222 Ack=141 Win=65024 Len=1448 TSval=2916036855 TSecr=3045556629 [TCP segment of a reassembled PDU]"
"31817","32.774525706","192.168.1.55","192.168.1.2","TCP","1514","8004  >  36100 [ACK] Seq=376670 Ack=141 Win=65024 Len=1448 TSval=2916036855 TSecr=3045556629 [TCP segment of a reassembled PDU]"
"31818","32.774527076","192.168.1.55","192.168.1.2","TCP","1514","8004  >  36100 [PSH, ACK] Seq=378118 Ack=141 Win=65024 Len=1448 TSval=2916036855 TSecr=3045556629 [TCP segment of a reassembled PDU]"
"31819","32.774540150","192.168.1.55","192.168.1.2","TCP","1514","8004  >  36100 [ACK] Seq=379566 Ack=141 Win=65024 Len=1448 TSval=2916036855 TSecr=3045556629 [TCP segment of a reassembled PDU]"
"31820","32.774541465","192.168.1.55","192.168.1.2","TCP","1514","8004  >  36100 [ACK] Seq=381014 Ack=141 Win=65024 Len=1448 TSval=2916036855 TSecr=3045556629 [TCP segment of a reassembled PDU]"
"31821","32.774542724","192.168.1.55","192.168.1.2","TCP","1514","8004  >  36100 [ACK] Seq=382462 Ack=141 Win=65024 Len=1448 TSval=2916036855 TSecr=3045556629 [TCP segment of a reassembled PDU]"
"31822","32.774544002","192.168.1.55","192.168.1.2","TCP","1514","8004  >  36100 [ACK] Seq=383910 Ack=141 Win=65024 Len=1448 TSval=2916036855 TSecr=3045556629 [TCP segment of a reassembled PDU]"
"31823","32.774545410","192.168.1.55","192.168.1.2","TCP","1514","8004  >  36100 [ACK] Seq=385358 Ack=141 Win=65024 Len=1448 TSval=2916036855 TSecr=3045556629 [TCP segment of a reassembled PDU]"
"31824","32.774546669","192.168.1.55","192.168.1.2","TCP","1514","8004  >  36100 [ACK] Seq=386806 Ack=141 Win=65024 Len=1448 TSval=2916036855 TSecr=3045556629 [TCP segment of a reassembled PDU]"
"31825","32.774547910","192.168.1.55","192.168.1.2","TCP","1514","8004  >  36100 [ACK] Seq=388254 Ack=141 Win=65024 Len=1448 TSval=2916036855 TSecr=3045556629 [TCP segment of a reassembled PDU]"
"31826","32.774549280","192.168.1.55","192.168.1.2","TCP","1514","8004  >  36100 [PSH, ACK] Seq=389702 Ack=141 Win=65024 Len=1448 TSval=2916036855 TSecr=3045556629 [TCP segment of a reassembled PDU]"
"31827","32.780109752","192.168.1.2","192.168.1.55","TCP","66","36100  >  8004 [ACK] Seq=141 Ack=289102 Win=119808 Len=0 TSval=3045556630 TSecr=2916036852"
"31828","32.780128178","192.168.1.55","192.168.1.2","TCP","1514","8004  >  36100 [ACK] Seq=391150 Ack=141 Win=65024 Len=1448 TSval=2916036860 TSecr=3045556630 [TCP segment of a reassembled PDU]"
"31829","32.780130807","192.168.1.55","192.168.1.2","TCP","1514","8004  >  36100 [ACK] Seq=392598 Ack=141 Win=65024 Len=1448 TSval=2916036860 TSecr=3045556630 [TCP segment of a reassembled PDU]"
"31830","32.780132104","192.168.1.55","192.168.1.2","TCP","1514","8004  >  36100 [ACK] Seq=394046 Ack=141 Win=65024 Len=1448 TSval=2916036860 TSecr=3045556630 [TCP segment of a reassembled PDU]"
"31831","32.780133437","192.168.1.55","192.168.1.2","TCP","1514","8004  >  36100 [ACK] Seq=395494 Ack=141 Win=65024 Len=1448 TSval=2916036860 TSecr=3045556630 [TCP segment of a reassembled PDU]"
"31832","32.780134863","192.168.1.55","192.168.1.2","TCP","1514","8004  >  36100 [ACK] Seq=396942 Ack=141 Win=65024 Len=1448 TSval=2916036860 TSecr=3045556630 [TCP segment of a reassembled PDU]"
"31833","32.780136141","192.168.1.55","192.168.1.2","TCP","1514","8004  >  36100 [ACK] Seq=398390 Ack=141 Win=65024 Len=1448 TSval=2916036860 TSecr=3045556630 [TCP segment of a reassembled PDU]"
"31834","32.780137511","192.168.1.55","192.168.1.2","TCP","1514","8004  >  36100 [ACK] Seq=399838 Ack=141 Win=65024 Len=1448 TSval=2916036860 TSecr=3045556630 [TCP segment of a reassembled PDU]"
"31835","32.780138807","192.168.1.55","192.168.1.2","TCP","1514","8004  >  36100 [ACK] Seq=401286 Ack=141 Win=65024 Len=1448 TSval=2916036860 TSecr=3045556630 [TCP segment of a reassembled PDU]"
"31836","32.780140104","192.168.1.55","192.168.1.2","TCP","1514","8004  >  36100 [ACK] Seq=402734 Ack=141 Win=65024 Len=1448 TSval=2916036860 TSecr=3045556630 [TCP segment of a reassembled PDU]"
"31837","32.780145789","192.168.1.55","192.168.1.2","TCP","1514","8004  >  36100 [ACK] Seq=404182 Ack=141 Win=65024 Len=1448 TSval=2916036860 TSecr=3045556630 [TCP segment of a reassembled PDU]"
"31838","32.780147419","192.168.1.55","192.168.1.2","TCP","1514","8004  >  36100 [ACK] Seq=405630 Ack=141 Win=65024 Len=1448 TSval=2916036860 TSecr=3045556630 [TCP segment of a reassembled PDU]"
"31839","32.780148807","192.168.1.55","192.168.1.2","TCP","1514","8004  >  36100 [PSH, ACK] Seq=407078 Ack=141 Win=65024 Len=1448 TSval=2916036860 TSecr=3045556630 [TCP segment of a reassembled PDU]"
"31840","32.780719919","192.168.1.2","192.168.1.55","TCP","66","36100  >  8004 [ACK] Seq=141 Ack=289790 Win=122880 Len=0 TSval=3045556630 TSecr=2916036852"
"31841","32.780734160","192.168.1.2","192.168.1.55","TCP","66","36100  >  8004 [ACK] Seq=141 Ack=317302 Win=136192 Len=0 TSval=3045556635 TSecr=2916036852"
"31842","32.780756642","192.168.1.55","192.168.1.2","TCP","1514","8004  >  36100 [ACK] Seq=408526 Ack=141 Win=65024 Len=1448 TSval=2916036861 TSecr=3045556635 [TCP segment of a reassembled PDU]"
"31843","32.780760271","192.168.1.55","192.168.1.2","TCP","1514","8004  >  36100 [ACK] Seq=409974 Ack=141 Win=65024 Len=1448 TSval=2916036861 TSecr=3045556635 [TCP segment of a reassembled PDU]"
"31844","32.780761734","192.168.1.55","192.168.1.2","TCP","1514","8004  >  36100 [ACK] Seq=411422 Ack=141 Win=65024 Len=1448 TSval=2916036861 TSecr=3045556635 [TCP segment of a reassembled PDU]"
"31845","32.780763160","192.168.1.55","192.168.1.2","TCP","1514","8004  >  36100 [ACK] Seq=412870 Ack=141 Win=65024 Len=1448 TSval=2916036861 TSecr=3045556635 [TCP segment of a reassembled PDU]"
"31846","32.780764512","192.168.1.55","192.168.1.2","TCP","1514","8004  >  36100 [ACK] Seq=414318 Ack=141 Win=65024 Len=1448 TSval=2916036861 TSecr=3045556635 [TCP segment of a reassembled PDU]"
"31847","32.780765808","192.168.1.55","192.168.1.2","TCP","1514","8004  >  36100 [ACK] Seq=415766 Ack=141 Win=65024 Len=1448 TSval=2916036861 TSecr=3045556635 [TCP segment of a reassembled PDU]"
"31848","32.780767123","192.168.1.55","192.168.1.2","TCP","1514","8004  >  36100 [ACK] Seq=417214 Ack=141 Win=65024 Len=1448 TSval=2916036861 TSecr=3045556635 [TCP segment of a reassembled PDU]"
"31849","32.780768531","192.168.1.55","192.168.1.2","TCP","1514","8004  >  36100 [ACK] Seq=418662 Ack=141 Win=65024 Len=1448 TSval=2916036861 TSecr=3045556635 [TCP segment of a reassembled PDU]"
"31850","32.780769790","192.168.1.55","192.168.1.2","TCP","1514","8004  >  36100 [ACK] Seq=420110 Ack=141 Win=65024 Len=1448 TSval=2916036861 TSecr=3045556635 [TCP segment of a reassembled PDU]"
"31851","32.780771234","192.168.1.55","192.168.1.2","TCP","1514","8004  >  36100 [ACK] Seq=421558 Ack=141 Win=65024 Len=1448 TSval=2916036861 TSecr=3045556635 [TCP segment of a reassembled PDU]"
"31852","32.780772605","192.168.1.55","192.168.1.2","TCP","1514","8004  >  36100 [PSH, ACK] Seq=423006 Ack=141 Win=65024 Len=1448 TSval=2916036861 TSecr=3045556635 [TCP segment of a reassembled PDU]"
"31853","32.780777753","192.168.1.2","192.168.1.55","TCP","66","36100  >  8004 [ACK] Seq=141 Ack=337574 Win=116736 Len=0 TSval=3045556635 TSecr=2916036852"
"31854","32.780836901","192.168.1.2","192.168.1.55","TCP","66","36100  >  8004 [ACK] Seq=141 Ack=370878 Win=133120 Len=0 TSval=3045556635 TSecr=2916036853"
"31855","32.780878605","192.168.1.55","192.168.1.2","TCP","1514","8004  >  36100 [ACK] Seq=424454 Ack=141 Win=65024 Len=1448 TSval=2916036861 TSecr=3045556635 [TCP segment of a reassembled PDU]"
"31856","32.780880660","192.168.1.55","192.168.1.2","TCP","1514","8004  >  36100 [ACK] Seq=425902 Ack=141 Win=65024 Len=1448 TSval=2916036861 TSecr=3045556635 [TCP segment of a reassembled PDU]"
"31857","32.780882123","192.168.1.55","192.168.1.2","TCP","1514","8004  >  36100 [ACK] Seq=427350 Ack=141 Win=65024 Len=1448 TSval=2916036861 TSecr=3045556635 [TCP segment of a reassembled PDU]"
"31858","32.780883605","192.168.1.55","192.168.1.2","TCP","1514","8004  >  36100 [ACK] Seq=428798 Ack=141 Win=65024 Len=1448 TSval=2916036861 TSecr=3045556635 [TCP segment of a reassembled PDU]"
"31859","32.780885012","192.168.1.55","192.168.1.2","TCP","1514","8004  >  36100 [ACK] Seq=430246 Ack=141 Win=65024 Len=1448 TSval=2916036861 TSecr=3045556635 [TCP segment of a reassembled PDU]"
"31860","32.780886364","192.168.1.55","192.168.1.2","TCP","1514","8004  >  36100 [ACK] Seq=431694 Ack=141 Win=65024 Len=1448 TSval=2916036861 TSecr=3045556635 [TCP segment of a reassembled PDU]"
"31861","32.780887716","192.168.1.55","192.168.1.2","TCP","1514","8004  >  36100 [ACK] Seq=433142 Ack=141 Win=65024 Len=1448 TSval=2916036861 TSecr=3045556635 [TCP segment of a reassembled PDU]"
"31862","32.780889142","192.168.1.55","192.168.1.2","TCP","1514","8004  >  36100 [ACK] Seq=434590 Ack=141 Win=65024 Len=1448 TSval=2916036861 TSecr=3045556635 [TCP segment of a reassembled PDU]"
"31863","32.780890623","192.168.1.55","192.168.1.2","TCP","1514","8004  >  36100 [ACK] Seq=436038 Ack=141 Win=65024 Len=1448 TSval=2916036861 TSecr=3045556635 [TCP segment of a reassembled PDU]"
"31864","32.780892753","192.168.1.55","192.168.1.2","TCP","1514","8004  >  36100 [ACK] Seq=437486 Ack=141 Win=65024 Len=1448 TSval=2916036861 TSecr=3045556635 [TCP segment of a reassembled PDU]"
"31865","32.780894123","192.168.1.55","192.168.1.2","TCP","1514","8004  >  36100 [ACK] Seq=438934 Ack=141 Win=65024 Len=1448 TSval=2916036861 TSecr=3045556635 [TCP segment of a reassembled PDU]"
"31866","32.780895512","192.168.1.55","192.168.1.2","TCP","1514","8004  >  36100 [ACK] Seq=440382 Ack=141 Win=65024 Len=1448 TSval=2916036861 TSecr=3045556635 [TCP segment of a reassembled PDU]"
"31867","32.780896975","192.168.1.55","192.168.1.2","TCP","1514","8004  >  36100 [ACK] Seq=441830 Ack=141 Win=65024 Len=1448 TSval=2916036861 TSecr=3045556635 [TCP segment of a reassembled PDU]"
"31868","32.780898438","192.168.1.55","192.168.1.2","TCP","1514","8004  >  36100 [ACK] Seq=443278 Ack=141 Win=65024 Len=1448 TSval=2916036861 TSecr=3045556635 [TCP segment of a reassembled PDU]"
"31869","32.780899735","192.168.1.55","192.168.1.2","TCP","1514","8004  >  36100 [ACK] Seq=444726 Ack=141 Win=65024 Len=1448 TSval=2916036861 TSecr=3045556635 [TCP segment of a reassembled PDU]"
"31870","32.780901272","192.168.1.55","192.168.1.2","TCP","1514","8004  >  36100 [ACK] Seq=446174 Ack=141 Win=65024 Len=1448 TSval=2916036861 TSecr=3045556635 [TCP segment of a reassembled PDU]"
"31871","32.780902642","192.168.1.55","192.168.1.2","TCP","1514","8004  >  36100 [ACK] Seq=447622 Ack=141 Win=65024 Len=1448 TSval=2916036861 TSecr=3045556635 [TCP segment of a reassembled PDU]"
"31872","32.780903975","192.168.1.55","192.168.1.2","TCP","1514","8004  >  36100 [ACK] Seq=449070 Ack=141 Win=65024 Len=1448 TSval=2916036861 TSecr=3045556635 [TCP segment of a reassembled PDU]"
"31873","32.780905698","192.168.1.55","192.168.1.2","TCP","1514","8004  >  36100 [ACK] Seq=450518 Ack=141 Win=65024 Len=1448 TSval=2916036861 TSecr=3045556635 [TCP segment of a reassembled PDU]"
"31874","32.780907568","192.168.1.55","192.168.1.2","TCP","1514","8004  >  36100 [ACK] Seq=451966 Ack=141 Win=65024 Len=1448 TSval=2916036861 TSecr=3045556635 [TCP segment of a reassembled PDU]"
"31875","32.780908920","192.168.1.55","192.168.1.2","TCP","1514","8004  >  36100 [ACK] Seq=453414 Ack=141 Win=65024 Len=1448 TSval=2916036861 TSecr=3045556635 [TCP segment of a reassembled PDU]"
"31876","32.780910401","192.168.1.55","192.168.1.2","TCP","1514","8004  >  36100 [ACK] Seq=454862 Ack=141 Win=65024 Len=1448 TSval=2916036861 TSecr=3045556635 [TCP segment of a reassembled PDU]"
"31877","32.780911938","192.168.1.55","192.168.1.2","TCP","1514","8004  >  36100 [ACK] Seq=456310 Ack=141 Win=65024 Len=1448 TSval=2916036861 TSecr=3045556635 [TCP segment of a reassembled PDU]"
"31878","32.780913512","192.168.1.55","192.168.1.2","TCP","1514","8004  >  36100 [ACK] Seq=457758 Ack=141 Win=65024 Len=1448 TSval=2916036861 TSecr=3045556635 [TCP segment of a reassembled PDU]"
"31879","32.780914883","192.168.1.55","192.168.1.2","TCP","1514","8004  >  36100 [ACK] Seq=459206 Ack=141 Win=65024 Len=1448 TSval=2916036861 TSecr=3045556635 [TCP segment of a reassembled PDU]"
"31880","32.780916216","192.168.1.55","192.168.1.2","TCP","1514","8004  >  36100 [ACK] Seq=460654 Ack=141 Win=65024 Len=1448 TSval=2916036861 TSecr=3045556635 [TCP segment of a reassembled PDU]"
"31881","32.780917827","192.168.1.55","192.168.1.2","TCP","1514","8004  >  36100 [ACK] Seq=462102 Ack=141 Win=65024 Len=1448 TSval=2916036861 TSecr=3045556635 [TCP segment of a reassembled PDU]"
"31882","32.780919235","192.168.1.55","192.168.1.2","TCP","1514","8004  >  36100 [ACK] Seq=463550 Ack=141 Win=65024 Len=1448 TSval=2916036861 TSecr=3045556635 [TCP segment of a reassembled PDU]"
"31883","32.780920772","192.168.1.55","192.168.1.2","TCP","1514","8004  >  36100 [ACK] Seq=464998 Ack=141 Win=65024 Len=1448 TSval=2916036861 TSecr=3045556635 [TCP segment of a reassembled PDU]"
"31884","32.780922142","192.168.1.55","192.168.1.2","TCP","1514","8004  >  36100 [ACK] Seq=466446 Ack=141 Win=65024 Len=1448 TSval=2916036861 TSecr=3045556635 [TCP segment of a reassembled PDU]"
"31885","32.780923716","192.168.1.55","192.168.1.2","TCP","1514","8004  >  36100 [PSH, ACK] Seq=467894 Ack=141 Win=65024 Len=1448 TSval=2916036861 TSecr=3045556635 [TCP segment of a reassembled PDU]"
"31886","32.780953679","192.168.1.55","192.168.1.2","TCP","1514","8004  >  36100 [ACK] Seq=469342 Ack=141 Win=65024 Len=1448 TSval=2916036861 TSecr=3045556635 [TCP segment of a reassembled PDU]"
"31887","32.780955438","192.168.1.55","192.168.1.2","TCP","1514","8004  >  36100 [ACK] Seq=470790 Ack=141 Win=65024 Len=1448 TSval=2916036861 TSecr=3045556635 [TCP segment of a reassembled PDU]"
"31888","32.780956938","192.168.1.55","192.168.1.2","TCP","1514","8004  >  36100 [ACK] Seq=472238 Ack=141 Win=65024 Len=1448 TSval=2916036861 TSecr=3045556635 [TCP segment of a reassembled PDU]"
"31889","32.780958309","192.168.1.55","192.168.1.2","TCP","1514","8004  >  36100 [ACK] Seq=473686 Ack=141 Win=65024 Len=1448 TSval=2916036861 TSecr=3045556635 [TCP segment of a reassembled PDU]"
"31890","32.780959568","192.168.1.55","192.168.1.2","TCP","1514","8004  >  36100 [ACK] Seq=475134 Ack=141 Win=65024 Len=1448 TSval=2916036861 TSecr=3045556635 [TCP segment of a reassembled PDU]"
"31891","32.780961087","192.168.1.55","192.168.1.2","TCP","1514","8004  >  36100 [ACK] Seq=476582 Ack=141 Win=65024 Len=1448 TSval=2916036861 TSecr=3045556635 [TCP segment of a reassembled PDU]"
"31892","32.780962790","192.168.1.55","192.168.1.2","TCP","1514","8004  >  36100 [ACK] Seq=478030 Ack=141 Win=65024 Len=1448 TSval=2916036861 TSecr=3045556635 [TCP segment of a reassembled PDU]"
"31893","32.780964179","192.168.1.55","192.168.1.2","TCP","1514","8004  >  36100 [ACK] Seq=479478 Ack=141 Win=65024 Len=1448 TSval=2916036861 TSecr=3045556635 [TCP segment of a reassembled PDU]"
"31894","32.780965568","192.168.1.55","192.168.1.2","TCP","1514","8004  >  36100 [ACK] Seq=480926 Ack=141 Win=65024 Len=1448 TSval=2916036861 TSecr=3045556635 [TCP segment of a reassembled PDU]"
"31895","32.780966920","192.168.1.55","192.168.1.2","TCP","1514","8004  >  36100 [ACK] Seq=482374 Ack=141 Win=65024 Len=1448 TSval=2916036861 TSecr=3045556635 [TCP segment of a reassembled PDU]"
"31896","32.780968438","192.168.1.55","192.168.1.2","TCP","1514","8004  >  36100 [ACK] Seq=483822 Ack=141 Win=65024 Len=1448 TSval=2916036861 TSecr=3045556635 [TCP segment of a reassembled PDU]"
"31897","32.780970124","192.168.1.55","192.168.1.2","TCP","1514","8004  >  36100 [ACK] Seq=485270 Ack=141 Win=65024 Len=1448 TSval=2916036861 TSecr=3045556635 [TCP segment of a reassembled PDU]"
"31898","32.780971661","192.168.1.55","192.168.1.2","TCP","1514","8004  >  36100 [ACK] Seq=486718 Ack=141 Win=65024 Len=1448 TSval=2916036861 TSecr=3045556635 [TCP segment of a reassembled PDU]"
"31899","32.780973087","192.168.1.55","192.168.1.2","TCP","1514","8004  >  36100 [ACK] Seq=488166 Ack=141 Win=65024 Len=1448 TSval=2916036861 TSecr=3045556635 [TCP segment of a reassembled PDU]"
"31900","32.780974568","192.168.1.55","192.168.1.2","TCP","1514","8004  >  36100 [ACK] Seq=489614 Ack=141 Win=65024 Len=1448 TSval=2916036861 TSecr=3045556635 [TCP segment of a reassembled PDU]"
"31901","32.780975938","192.168.1.55","192.168.1.2","TCP","1514","8004  >  36100 [ACK] Seq=491062 Ack=141 Win=65024 Len=1448 TSval=2916036861 TSecr=3045556635 [TCP segment of a reassembled PDU]"
"31902","32.780977568","192.168.1.55","192.168.1.2","TCP","1514","8004  >  36100 [ACK] Seq=492510 Ack=141 Win=65024 Len=1448 TSval=2916036861 TSecr=3045556635 [TCP segment of a reassembled PDU]"
"31903","32.780979012","192.168.1.55","192.168.1.2","TCP","1514","8004  >  36100 [ACK] Seq=493958 Ack=141 Win=65024 Len=1448 TSval=2916036861 TSecr=3045556635 [TCP segment of a reassembled PDU]"
"31904","32.780980438","192.168.1.55","192.168.1.2","TCP","1514","8004  >  36100 [ACK] Seq=495406 Ack=141 Win=65024 Len=1448 TSval=2916036861 TSecr=3045556635 [TCP segment of a reassembled PDU]"
"31905","32.780981864","192.168.1.55","192.168.1.2","TCP","1514","8004  >  36100 [ACK] Seq=496854 Ack=141 Win=65024 Len=1448 TSval=2916036861 TSecr=3045556635 [TCP segment of a reassembled PDU]"
"31906","32.780983290","192.168.1.55","192.168.1.2","HTTP","1472","HTTP/1.0 200 OK  (PNG)"
"31907","32.780988401","192.168.1.2","192.168.1.55","TCP","66","36100  >  8004 [ACK] Seq=141 Ack=381014 Win=123904 Len=0 TSval=3045556635 TSecr=2916036855"
"31908","32.783310849","192.168.1.2","192.168.1.55","TCP","66","36100  >  8004 [ACK] Seq=141 Ack=391150 Win=152576 Len=0 TSval=3045556637 TSecr=2916036855"
"31909","32.789491452","192.168.1.2","192.168.1.55","TCP","66","36100  >  8004 [ACK] Seq=141 Ack=407078 Win=147456 Len=0 TSval=3045556638 TSecr=2916036860"
"31910","32.789673304","192.168.1.2","192.168.1.55","TCP","66","36100  >  8004 [ACK] Seq=141 Ack=408526 Win=155648 Len=0 TSval=3045556642 TSecr=2916036860"
"31911","32.789682045","192.168.1.2","192.168.1.55","TCP","66","36100  >  8004 [ACK] Seq=141 Ack=424454 Win=155648 Len=0 TSval=3045556642 TSecr=2916036861"
"31912","32.789686767","192.168.1.2","192.168.1.55","TCP","66","36100  >  8004 [ACK] Seq=141 Ack=437486 Win=181248 Len=0 TSval=3045556642 TSecr=2916036861"
"31913","32.789692304","192.168.1.2","192.168.1.55","TCP","66","36100  >  8004 [ACK] Seq=141 Ack=454862 Win=184320 Len=0 TSval=3045556642 TSecr=2916036861"
"31914","32.789802360","192.168.1.2","192.168.1.55","TCP","66","36100  >  8004 [ACK] Seq=141 Ack=469342 Win=187392 Len=0 TSval=3045556644 TSecr=2916036861"
"31915","32.789809378","192.168.1.2","192.168.1.55","TCP","66","36100  >  8004 [ACK] Seq=141 Ack=498302 Win=158720 Len=0 TSval=3045556644 TSecr=2916036861"
"31916","32.790222120","192.168.1.2","192.168.1.55","TCP","66","36100  >  8004 [FIN, ACK] Seq=141 Ack=499709 Win=190464 Len=0 TSval=3045556645 TSecr=2916036861"
"31917","32.790237342","192.168.1.55","192.168.1.2","TCP","66","8004  >  36100 [ACK] Seq=499709 Ack=142 Win=65024 Len=0 TSval=2916036870 TSecr=3045556645"
"31918","32.790359342","192.168.1.2","192.168.1.55","TCP","74","36116  >  8004 [SYN] Seq=0 Win=64240 Len=0 MSS=1460 SACK_PERM TSval=3045556645 TSecr=0 WS=1024"
"31919","32.790383787","192.168.1.55","192.168.1.2","TCP","74","8004  >  36116 [SYN, ACK] Seq=0 Ack=1 Win=65160 Len=0 MSS=1460 SACK_PERM TSval=2916036871 TSecr=3045556645 WS=128"
"31920","32.793631181","192.168.1.2","192.168.1.55","TCP","66","36116  >  8004 [ACK] Seq=1 Ack=1 Win=64512 Len=0 TSval=3045556648 TSecr=2916036871"
"31921","32.796829575","192.168.1.2","192.168.1.55","HTTP","209","GET /original_benchmark.png HTTP/1.1 "
"31922","32.796840760","192.168.1.55","192.168.1.2","TCP","66","8004  >  36116 [ACK] Seq=1 Ack=144 Win=65024 Len=0 TSval=2916036877 TSecr=3045556648"
"31923","32.797350038","192.168.1.55","192.168.1.2","TCP","255","8004  >  36116 [PSH, ACK] Seq=1 Ack=144 Win=65024 Len=189 TSval=2916036878 TSecr=3045556648 [TCP segment of a reassembled PDU]"
"31924","32.797442557","192.168.1.55","192.168.1.2","TCP","1514","8004  >  36116 [ACK] Seq=190 Ack=144 Win=65024 Len=1448 TSval=2916036878 TSecr=3045556648 [TCP segment of a reassembled PDU]"
"31925","32.797449039","192.168.1.55","192.168.1.2","TCP","1514","8004  >  36116 [ACK] Seq=1638 Ack=144 Win=65024 Len=1448 TSval=2916036878 TSecr=3045556648 [TCP segment of a reassembled PDU]"
"31926","32.797450613","192.168.1.55","192.168.1.2","TCP","1514","8004  >  36116 [ACK] Seq=3086 Ack=144 Win=65024 Len=1448 TSval=2916036878 TSecr=3045556648 [TCP segment of a reassembled PDU]"
"31927","32.797452131","192.168.1.55","192.168.1.2","TCP","1514","8004  >  36116 [ACK] Seq=4534 Ack=144 Win=65024 Len=1448 TSval=2916036878 TSecr=3045556648 [TCP segment of a reassembled PDU]"
"31928","32.797453520","192.168.1.55","192.168.1.2","TCP","1514","8004  >  36116 [PSH, ACK] Seq=5982 Ack=144 Win=65024 Len=1448 TSval=2916036878 TSecr=3045556648 [TCP segment of a reassembled PDU]"
"31929","32.797471076","192.168.1.55","192.168.1.2","TCP","1514","8004  >  36116 [ACK] Seq=7430 Ack=144 Win=65024 Len=1448 TSval=2916036878 TSecr=3045556648 [TCP segment of a reassembled PDU]"
"31930","32.797473150","192.168.1.55","192.168.1.2","TCP","1514","8004  >  36116 [ACK] Seq=8878 Ack=144 Win=65024 Len=1448 TSval=2916036878 TSecr=3045556648 [TCP segment of a reassembled PDU]"
"31931","32.797474668","192.168.1.55","192.168.1.2","TCP","1514","8004  >  36116 [ACK] Seq=10326 Ack=144 Win=65024 Len=1448 TSval=2916036878 TSecr=3045556648 [TCP segment of a reassembled PDU]"
"31932","32.797476094","192.168.1.55","192.168.1.2","TCP","1514","8004  >  36116 [PSH, ACK] Seq=11774 Ack=144 Win=65024 Len=1448 TSval=2916036878 TSecr=3045556648 [TCP segment of a reassembled PDU]"
"31933","32.801505508","192.168.1.2","192.168.1.55","TCP","66","36116  >  8004 [ACK] Seq=144 Ack=190 Win=64512 Len=0 TSval=3045556655 TSecr=2916036878"
"31934","32.801542082","192.168.1.55","192.168.1.2","TCP","1514","8004  >  36116 [ACK] Seq=13222 Ack=144 Win=65024 Len=1448 TSval=2916036882 TSecr=3045556655 [TCP segment of a reassembled PDU]"
"31935","32.801546656","192.168.1.55","192.168.1.2","TCP","1514","8004  >  36116 [PSH, ACK] Seq=14670 Ack=144 Win=65024 Len=1448 TSval=2916036882 TSecr=3045556655 [TCP segment of a reassembled PDU]"
"31936","32.801793971","192.168.1.2","192.168.1.55","TCP","66","36116  >  8004 [ACK] Seq=144 Ack=5982 Win=76800 Len=0 TSval=3045556655 TSecr=2916036878"
"31937","32.801888046","192.168.1.55","192.168.1.2","TCP","1514","8004  >  36116 [ACK] Seq=16118 Ack=144 Win=65024 Len=1448 TSval=2916036882 TSecr=3045556655 [TCP segment of a reassembled PDU]"
"31938","32.801893027","192.168.1.55","192.168.1.2","TCP","1514","8004  >  36116 [ACK] Seq=17566 Ack=144 Win=65024 Len=1448 TSval=2916036882 TSecr=3045556655 [TCP segment of a reassembled PDU]"
"31939","32.801895712","192.168.1.55","192.168.1.2","TCP","1514","8004  >  36116 [ACK] Seq=19014 Ack=144 Win=65024 Len=1448 TSval=2916036882 TSecr=3045556655 [TCP segment of a reassembled PDU]"
"31940","32.801899083","192.168.1.55","192.168.1.2","TCP","1514","8004  >  36116 [ACK] Seq=20462 Ack=144 Win=65024 Len=1448 TSval=2916036882 TSecr=3045556655 [TCP segment of a reassembled PDU]"
"31941","32.801902379","192.168.1.55","192.168.1.2","TCP","1514","8004  >  36116 [ACK] Seq=21910 Ack=144 Win=65024 Len=1448 TSval=2916036882 TSecr=3045556655 [TCP segment of a reassembled PDU]"
"31942","32.801904009","192.168.1.55","192.168.1.2","TCP","1514","8004  >  36116 [ACK] Seq=23358 Ack=144 Win=65024 Len=1448 TSval=2916036882 TSecr=3045556655 [TCP segment of a reassembled PDU]"
"31943","32.801906175","192.168.1.55","192.168.1.2","TCP","1514","8004  >  36116 [PSH, ACK] Seq=24806 Ack=144 Win=65024 Len=1448 TSval=2916036882 TSecr=3045556655 [TCP segment of a reassembled PDU]"
"31944","32.801920768","192.168.1.2","192.168.1.55","TCP","66","36116  >  8004 [ACK] Seq=144 Ack=7430 Win=79872 Len=0 TSval=3045556656 TSecr=2916036878"
"31945","32.801936138","192.168.1.2","192.168.1.55","TCP","66","36116  >  8004 [ACK] Seq=144 Ack=13222 Win=80896 Len=0 TSval=3045556656 TSecr=2916036878"
"31946","32.801993138","192.168.1.55","192.168.1.2","TCP","1514","8004  >  36116 [ACK] Seq=26254 Ack=144 Win=65024 Len=1448 TSval=2916036882 TSecr=3045556656 [TCP segment of a reassembled PDU]"
"31947","32.802000305","192.168.1.55","192.168.1.2","TCP","1514","8004  >  36116 [ACK] Seq=27702 Ack=144 Win=65024 Len=1448 TSval=2916036882 TSecr=3045556656 [TCP segment of a reassembled PDU]"
"31948","32.802003101","192.168.1.55","192.168.1.2","TCP","1514","8004  >  36116 [ACK] Seq=29150 Ack=144 Win=65024 Len=1448 TSval=2916036882 TSecr=3045556656 [TCP segment of a reassembled PDU]"
"31949","32.802005361","192.168.1.55","192.168.1.2","TCP","1514","8004  >  36116 [ACK] Seq=30598 Ack=144 Win=65024 Len=1448 TSval=2916036882 TSecr=3045556656 [TCP segment of a reassembled PDU]"
"31950","32.802007157","192.168.1.55","192.168.1.2","TCP","1514","8004  >  36116 [ACK] Seq=32046 Ack=144 Win=65024 Len=1448 TSval=2916036882 TSecr=3045556656 [TCP segment of a reassembled PDU]"
"31951","32.802009898","192.168.1.55","192.168.1.2","TCP","1514","8004  >  36116 [ACK] Seq=33494 Ack=144 Win=65024 Len=1448 TSval=2916036882 TSecr=3045556656 [TCP segment of a reassembled PDU]"
"31952","32.802012324","192.168.1.55","192.168.1.2","TCP","1514","8004  >  36116 [ACK] Seq=34942 Ack=144 Win=65024 Len=1448 TSval=2916036882 TSecr=3045556656 [TCP segment of a reassembled PDU]"
"31953","32.802014268","192.168.1.55","192.168.1.2","TCP","1514","8004  >  36116 [ACK] Seq=36390 Ack=144 Win=65024 Len=1448 TSval=2916036882 TSecr=3045556656 [TCP segment of a reassembled PDU]"
"31954","32.802016731","192.168.1.55","192.168.1.2","TCP","1514","8004  >  36116 [ACK] Seq=37838 Ack=144 Win=65024 Len=1448 TSval=2916036882 TSecr=3045556656 [TCP segment of a reassembled PDU]"
"31955","32.802018657","192.168.1.55","192.168.1.2","TCP","1514","8004  >  36116 [PSH, ACK] Seq=39286 Ack=144 Win=65024 Len=1448 TSval=2916036882 TSecr=3045556656 [TCP segment of a reassembled PDU]"
"31956","32.802877344","192.168.1.55","192.168.1.2","TCP","1514","8004  >  36116 [ACK] Seq=40734 Ack=144 Win=65024 Len=1448 TSval=2916036883 TSecr=3045556656 [TCP segment of a reassembled PDU]"
"31957","32.805665274","192.168.1.2","192.168.1.55","TCP","66","36116  >  8004 [ACK] Seq=144 Ack=16118 Win=87040 Len=0 TSval=3045556660 TSecr=2916036882"
"31958","32.805727070","192.168.1.55","192.168.1.2","TCP","1514","8004  >  36116 [ACK] Seq=42182 Ack=144 Win=65024 Len=1448 TSval=2916036886 TSecr=3045556660 [TCP segment of a reassembled PDU]"
"31959","32.805732811","192.168.1.55","192.168.1.2","TCP","1514","8004  >  36116 [PSH, ACK] Seq=43630 Ack=144 Win=65024 Len=1448 TSval=2916036886 TSecr=3045556660 [TCP segment of a reassembled PDU]"
"31960","32.806365905","192.168.1.2","192.168.1.55","TCP","66","36116  >  8004 [ACK] Seq=144 Ack=27702 Win=83968 Len=0 TSval=3045556660 TSecr=2916036882"
"31961","32.806402775","192.168.1.55","192.168.1.2","TCP","1514","8004  >  36116 [ACK] Seq=45078 Ack=144 Win=65024 Len=1448 TSval=2916036887 TSecr=3045556660 [TCP segment of a reassembled PDU]"
"31962","32.806406257","192.168.1.55","192.168.1.2","TCP","1514","8004  >  36116 [ACK] Seq=46526 Ack=144 Win=65024 Len=1448 TSval=2916036887 TSecr=3045556660 [TCP segment of a reassembled PDU]"
"31963","32.806408831","192.168.1.55","192.168.1.2","TCP","1514","8004  >  36116 [ACK] Seq=47974 Ack=144 Win=65024 Len=1448 TSval=2916036887 TSecr=3045556660 [TCP segment of a reassembled PDU]"
"31964","32.806410201","192.168.1.55","192.168.1.2","TCP","1514","8004  >  36116 [ACK] Seq=49422 Ack=144 Win=65024 Len=1448 TSval=2916036887 TSecr=3045556660 [TCP segment of a reassembled PDU]"
"31965","32.806411627","192.168.1.55","192.168.1.2","TCP","1514","8004  >  36116 [ACK] Seq=50870 Ack=144 Win=65024 Len=1448 TSval=2916036887 TSecr=3045556660 [TCP segment of a reassembled PDU]"
"31966","32.806413090","192.168.1.55","192.168.1.2","TCP","1514","8004  >  36116 [ACK] Seq=52318 Ack=144 Win=65024 Len=1448 TSval=2916036887 TSecr=3045556660 [TCP segment of a reassembled PDU]"
"31967","32.806414497","192.168.1.55","192.168.1.2","TCP","1514","8004  >  36116 [ACK] Seq=53766 Ack=144 Win=65024 Len=1448 TSval=2916036887 TSecr=3045556660 [TCP segment of a reassembled PDU]"
"31968","32.806415960","192.168.1.55","192.168.1.2","TCP","1514","8004  >  36116 [ACK] Seq=55214 Ack=144 Win=65024 Len=1448 TSval=2916036887 TSecr=3045556660 [TCP segment of a reassembled PDU]"
"31969","32.806417312","192.168.1.55","192.168.1.2","TCP","1514","8004  >  36116 [ACK] Seq=56662 Ack=144 Win=65024 Len=1448 TSval=2916036887 TSecr=3045556660 [TCP segment of a reassembled PDU]"
"31970","32.806418923","192.168.1.55","192.168.1.2","TCP","1514","8004  >  36116 [ACK] Seq=58110 Ack=144 Win=65024 Len=1448 TSval=2916036887 TSecr=3045556660 [TCP segment of a reassembled PDU]"
"31971","32.806421071","192.168.1.55","192.168.1.2","TCP","1514","8004  >  36116 [ACK] Seq=59558 Ack=144 Win=65024 Len=1448 TSval=2916036887 TSecr=3045556660 [TCP segment of a reassembled PDU]"
"31972","32.806422960","192.168.1.55","192.168.1.2","TCP","1514","8004  >  36116 [ACK] Seq=61006 Ack=144 Win=65024 Len=1448 TSval=2916036887 TSecr=3045556660 [TCP segment of a reassembled PDU]"
"31973","32.806424775","192.168.1.55","192.168.1.2","TCP","1514","8004  >  36116 [ACK] Seq=62454 Ack=144 Win=65024 Len=1448 TSval=2916036887 TSecr=3045556660 [TCP segment of a reassembled PDU]"
"31974","32.806426108","192.168.1.55","192.168.1.2","TCP","1514","8004  >  36116 [ACK] Seq=63902 Ack=144 Win=65024 Len=1448 TSval=2916036887 TSecr=3045556660 [TCP segment of a reassembled PDU]"
"31975","32.806427627","192.168.1.55","192.168.1.2","TCP","1514","8004  >  36116 [PSH, ACK] Seq=65350 Ack=144 Win=65024 Len=1448 TSval=2916036887 TSecr=3045556660 [TCP segment of a reassembled PDU]"
"31976","32.807616147","192.168.1.2","192.168.1.55","TCP","66","36116  >  8004 [ACK] Seq=144 Ack=40734 Win=81920 Len=0 TSval=3045556661 TSecr=2916036882"
"31977","32.807632758","192.168.1.55","192.168.1.2","TCP","1514","8004  >  36116 [ACK] Seq=66798 Ack=144 Win=65024 Len=1448 TSval=2916036888 TSecr=3045556661 [TCP segment of a reassembled PDU]"
"31978","32.807635518","192.168.1.55","192.168.1.2","TCP","1514","8004  >  36116 [ACK] Seq=68246 Ack=144 Win=65024 Len=1448 TSval=2916036888 TSecr=3045556661 [TCP segment of a reassembled PDU]"
"31979","32.807637296","192.168.1.55","192.168.1.2","TCP","1514","8004  >  36116 [ACK] Seq=69694 Ack=144 Win=65024 Len=1448 TSval=2916036888 TSecr=3045556661 [TCP segment of a reassembled PDU]"
"31980","32.807638851","192.168.1.55","192.168.1.2","TCP","1514","8004  >  36116 [ACK] Seq=71142 Ack=144 Win=65024 Len=1448 TSval=2916036888 TSecr=3045556661 [TCP segment of a reassembled PDU]"
"31981","32.807640018","192.168.1.55","192.168.1.2","TCP","1514","8004  >  36116 [ACK] Seq=72590 Ack=144 Win=65024 Len=1448 TSval=2916036888 TSecr=3045556661 [TCP segment of a reassembled PDU]"
"31982","32.807641240","192.168.1.55","192.168.1.2","TCP","1514","8004  >  36116 [ACK] Seq=74038 Ack=144 Win=65024 Len=1448 TSval=2916036888 TSecr=3045556661 [TCP segment of a reassembled PDU]"
"31983","32.807642462","192.168.1.55","192.168.1.2","TCP","1514","8004  >  36116 [PSH, ACK] Seq=75486 Ack=144 Win=65024 Len=1448 TSval=2916036888 TSecr=3045556661 [TCP segment of a reassembled PDU]"
"31984","32.807670333","192.168.1.55","192.168.1.2","TCP","1514","8004  >  36116 [ACK] Seq=76934 Ack=144 Win=65024 Len=1448 TSval=2916036888 TSecr=3045556661 [TCP segment of a reassembled PDU]"
"31985","32.807672647","192.168.1.55","192.168.1.2","TCP","1514","8004  >  36116 [ACK] Seq=78382 Ack=144 Win=65024 Len=1448 TSval=2916036888 TSecr=3045556661 [TCP segment of a reassembled PDU]"
"31986","32.807673833","192.168.1.55","192.168.1.2","TCP","1514","8004  >  36116 [ACK] Seq=79830 Ack=144 Win=65024 Len=1448 TSval=2916036888 TSecr=3045556661 [TCP segment of a reassembled PDU]"
"31987","32.807675277","192.168.1.55","192.168.1.2","TCP","1514","8004  >  36116 [ACK] Seq=81278 Ack=144 Win=65024 Len=1448 TSval=2916036888 TSecr=3045556661 [TCP segment of a reassembled PDU]"
"31988","32.807676481","192.168.1.55","192.168.1.2","TCP","1514","8004  >  36116 [ACK] Seq=82726 Ack=144 Win=65024 Len=1448 TSval=2916036888 TSecr=3045556661 [TCP segment of a reassembled PDU]"
"31989","32.807678240","192.168.1.55","192.168.1.2","TCP","1514","8004  >  36116 [ACK] Seq=84174 Ack=144 Win=65024 Len=1448 TSval=2916036888 TSecr=3045556661 [TCP segment of a reassembled PDU]"
"31990","32.807679740","192.168.1.55","192.168.1.2","TCP","1514","8004  >  36116 [ACK] Seq=85622 Ack=144 Win=65024 Len=1448 TSval=2916036888 TSecr=3045556661 [TCP segment of a reassembled PDU]"
"31991","32.807681351","192.168.1.55","192.168.1.2","TCP","1514","8004  >  36116 [ACK] Seq=87070 Ack=144 Win=65024 Len=1448 TSval=2916036888 TSecr=3045556661 [TCP segment of a reassembled PDU]"
"31992","32.807682888","192.168.1.55","192.168.1.2","TCP","1514","8004  >  36116 [ACK] Seq=88518 Ack=144 Win=65024 Len=1448 TSval=2916036888 TSecr=3045556661 [TCP segment of a reassembled PDU]"
"31993","32.807683999","192.168.1.55","192.168.1.2","TCP","1514","8004  >  36116 [ACK] Seq=89966 Ack=144 Win=65024 Len=1448 TSval=2916036888 TSecr=3045556661 [TCP segment of a reassembled PDU]"
"31994","32.807685147","192.168.1.55","192.168.1.2","TCP","1514","8004  >  36116 [ACK] Seq=91414 Ack=144 Win=65024 Len=1448 TSval=2916036888 TSecr=3045556661 [TCP segment of a reassembled PDU]"
"31995","32.807686407","192.168.1.55","192.168.1.2","TCP","1514","8004  >  36116 [ACK] Seq=92862 Ack=144 Win=65024 Len=1448 TSval=2916036888 TSecr=3045556661 [TCP segment of a reassembled PDU]"
"31996","32.807687647","192.168.1.55","192.168.1.2","TCP","1514","8004  >  36116 [ACK] Seq=94310 Ack=144 Win=65024 Len=1448 TSval=2916036888 TSecr=3045556661 [TCP segment of a reassembled PDU]"
"31997","32.807688925","192.168.1.55","192.168.1.2","TCP","1514","8004  >  36116 [PSH, ACK] Seq=95758 Ack=144 Win=65024 Len=1448 TSval=2916036888 TSecr=3045556661 [TCP segment of a reassembled PDU]"
"31998","32.810898004","192.168.1.2","192.168.1.55","TCP","66","36116  >  8004 [ACK] Seq=144 Ack=42182 Win=90112 Len=0 TSval=3045556662 TSecr=2916036883"
"31999","32.810919671","192.168.1.55","192.168.1.2","TCP","1514","8004  >  36116 [ACK] Seq=97206 Ack=144 Win=65024 Len=1448 TSval=2916036891 TSecr=3045556662 [TCP segment of a reassembled PDU]"
"32000","32.810923597","192.168.1.55","192.168.1.2","TCP","1514","8004  >  36116 [PSH, ACK] Seq=98654 Ack=144 Win=65024 Len=1448 TSval=2916036891 TSecr=3045556662 [TCP segment of a reassembled PDU]"
"32001","32.812535266","192.168.1.2","192.168.1.55","TCP","66","36116  >  8004 [ACK] Seq=144 Ack=45078 Win=91136 Len=0 TSval=3045556666 TSecr=2916036886"
"32002","32.812546859","192.168.1.55","192.168.1.2","TCP","1514","8004  >  36116 [ACK] Seq=100102 Ack=144 Win=65024 Len=1448 TSval=2916036893 TSecr=3045556666 [TCP segment of a reassembled PDU]"
"32003","32.812550026","192.168.1.55","192.168.1.2","TCP","1514","8004  >  36116 [ACK] Seq=101550 Ack=144 Win=65024 Len=1448 TSval=2916036893 TSecr=3045556666 [TCP segment of a reassembled PDU]"
"32004","32.812551359","192.168.1.55","192.168.1.2","TCP","1514","8004  >  36116 [ACK] Seq=102998 Ack=144 Win=65024 Len=1448 TSval=2916036893 TSecr=3045556666 [TCP segment of a reassembled PDU]"
"32005","32.812553359","192.168.1.55","192.168.1.2","TCP","1514","8004  >  36116 [PSH, ACK] Seq=104446 Ack=144 Win=65024 Len=1448 TSval=2916036893 TSecr=3045556666 [TCP segment of a reassembled PDU]"
"32006","32.812820656","192.168.1.2","192.168.1.55","TCP","66","36116  >  8004 [ACK] Seq=144 Ack=66798 Win=74752 Len=0 TSval=3045556666 TSecr=2916036887"
"32007","32.812835896","192.168.1.55","192.168.1.2","TCP","1514","8004  >  36116 [ACK] Seq=105894 Ack=144 Win=65024 Len=1448 TSval=2916036893 TSecr=3045556666 [TCP segment of a reassembled PDU]"
"32008","32.812837952","192.168.1.55","192.168.1.2","TCP","1514","8004  >  36116 [ACK] Seq=107342 Ack=144 Win=65024 Len=1448 TSval=2916036893 TSecr=3045556666 [TCP segment of a reassembled PDU]"
"32009","32.812839545","192.168.1.55","192.168.1.2","TCP","1514","8004  >  36116 [ACK] Seq=108790 Ack=144 Win=65024 Len=1448 TSval=2916036893 TSecr=3045556666 [TCP segment of a reassembled PDU]"
"32010","32.812840859","192.168.1.55","192.168.1.2","TCP","1514","8004  >  36116 [ACK] Seq=110238 Ack=144 Win=65024 Len=1448 TSval=2916036893 TSecr=3045556666 [TCP segment of a reassembled PDU]"
"32011","32.812842933","192.168.1.55","192.168.1.2","TCP","1514","8004  >  36116 [ACK] Seq=111686 Ack=144 Win=65024 Len=1448 TSval=2916036893 TSecr=3045556666 [TCP segment of a reassembled PDU]"
"32012","32.812844526","192.168.1.55","192.168.1.2","TCP","1514","8004  >  36116 [ACK] Seq=113134 Ack=144 Win=65024 Len=1448 TSval=2916036893 TSecr=3045556666 [TCP segment of a reassembled PDU]"
"32013","32.812845841","192.168.1.55","192.168.1.2","TCP","1514","8004  >  36116 [PSH, ACK] Seq=114582 Ack=144 Win=65024 Len=1448 TSval=2916036893 TSecr=3045556666 [TCP segment of a reassembled PDU]"
"32014","32.812874767","192.168.1.55","192.168.1.2","TCP","1514","8004  >  36116 [ACK] Seq=116030 Ack=144 Win=65024 Len=1448 TSval=2916036893 TSecr=3045556666 [TCP segment of a reassembled PDU]"
"32015","32.812879933","192.168.1.55","192.168.1.2","TCP","1514","8004  >  36116 [ACK] Seq=117478 Ack=144 Win=65024 Len=1448 TSval=2916036893 TSecr=3045556666 [TCP segment of a reassembled PDU]"
"32016","32.812881711","192.168.1.55","192.168.1.2","TCP","1514","8004  >  36116 [ACK] Seq=118926 Ack=144 Win=65024 Len=1448 TSval=2916036893 TSecr=3045556666 [TCP segment of a reassembled PDU]"
"32017","32.812883841","192.168.1.55","192.168.1.2","TCP","1514","8004  >  36116 [ACK] Seq=120374 Ack=144 Win=65024 Len=1448 TSval=2916036893 TSecr=3045556666 [TCP segment of a reassembled PDU]"
"32018","32.812885396","192.168.1.55","192.168.1.2","TCP","1514","8004  >  36116 [ACK] Seq=121822 Ack=144 Win=65024 Len=1448 TSval=2916036893 TSecr=3045556666 [TCP segment of a reassembled PDU]"
"32019","32.812886711","192.168.1.55","192.168.1.2","TCP","1514","8004  >  36116 [ACK] Seq=123270 Ack=144 Win=65024 Len=1448 TSval=2916036893 TSecr=3045556666 [TCP segment of a reassembled PDU]"
"32020","32.812888433","192.168.1.55","192.168.1.2","TCP","1514","8004  >  36116 [ACK] Seq=124718 Ack=144 Win=65024 Len=1448 TSval=2916036893 TSecr=3045556666 [TCP segment of a reassembled PDU]"
"32021","32.812890211","192.168.1.55","192.168.1.2","TCP","1514","8004  >  36116 [ACK] Seq=126166 Ack=144 Win=65024 Len=1448 TSval=2916036893 TSecr=3045556666 [TCP segment of a reassembled PDU]"
"32022","32.812891693","192.168.1.55","192.168.1.2","TCP","1514","8004  >  36116 [ACK] Seq=127614 Ack=144 Win=65024 Len=1448 TSval=2916036893 TSecr=3045556666 [TCP segment of a reassembled PDU]"
"32023","32.812893045","192.168.1.55","192.168.1.2","TCP","1514","8004  >  36116 [ACK] Seq=129062 Ack=144 Win=65024 Len=1448 TSval=2916036893 TSecr=3045556666 [TCP segment of a reassembled PDU]"
"32024","32.812895545","192.168.1.55","192.168.1.2","TCP","1514","8004  >  36116 [ACK] Seq=130510 Ack=144 Win=65024 Len=1448 TSval=2916036893 TSecr=3045556666 [TCP segment of a reassembled PDU]"
"32025","32.812897471","192.168.1.55","192.168.1.2","TCP","1514","8004  >  36116 [ACK] Seq=131958 Ack=144 Win=65024 Len=1448 TSval=2916036893 TSecr=3045556666 [TCP segment of a reassembled PDU]"
"32026","32.812899563","192.168.1.55","192.168.1.2","TCP","1514","8004  >  36116 [ACK] Seq=133406 Ack=144 Win=65024 Len=1448 TSval=2916036893 TSecr=3045556666 [TCP segment of a reassembled PDU]"
"32027","32.812901434","192.168.1.55","192.168.1.2","TCP","1514","8004  >  36116 [ACK] Seq=134854 Ack=144 Win=65024 Len=1448 TSval=2916036893 TSecr=3045556666 [TCP segment of a reassembled PDU]"
"32028","32.812913230","192.168.1.55","192.168.1.2","TCP","1514","8004  >  36116 [ACK] Seq=136302 Ack=144 Win=65024 Len=1448 TSval=2916036893 TSecr=3045556666 [TCP segment of a reassembled PDU]"
"32029","32.812915119","192.168.1.55","192.168.1.2","TCP","1514","8004  >  36116 [ACK] Seq=137750 Ack=144 Win=65024 Len=1448 TSval=2916036893 TSecr=3045556666 [TCP segment of a reassembled PDU]"
"32030","32.812917600","192.168.1.55","192.168.1.2","TCP","1514","8004  >  36116 [ACK] Seq=139198 Ack=144 Win=65024 Len=1448 TSval=2916036893 TSecr=3045556666 [TCP segment of a reassembled PDU]"
"32031","32.812919285","192.168.1.55","192.168.1.2","TCP","970","[TCP Window Full] 8004  >  36116 [PSH, ACK] Seq=140646 Ack=144 Win=65024 Len=904 TSval=2916036893 TSecr=3045556666 [TCP segment of a reassembled PDU]"
"32032","32.812922952","192.168.1.2","192.168.1.55","TCP","66","36116  >  8004 [ACK] Seq=144 Ack=76934 Win=65536 Len=0 TSval=3045556666 TSecr=2916036888"
"32033","32.812927804","192.168.1.2","192.168.1.55","TCP","66","36116  >  8004 [ACK] Seq=144 Ack=81278 Win=61440 Len=0 TSval=3045556666 TSecr=2916036888"
"32034","32.812933767","192.168.1.2","192.168.1.55","TCP","66","36116  >  8004 [ACK] Seq=144 Ack=97206 Win=64512 Len=0 TSval=3045556667 TSecr=2916036888"
"32035","32.812989230","192.168.1.55","192.168.1.2","TCP","1514","8004  >  36116 [ACK] Seq=141550 Ack=144 Win=65024 Len=1448 TSval=2916036893 TSecr=3045556667 [TCP segment of a reassembled PDU]"
"32036","32.812995934","192.168.1.55","192.168.1.2","TCP","1514","8004  >  36116 [ACK] Seq=142998 Ack=144 Win=65024 Len=1448 TSval=2916036893 TSecr=3045556667 [TCP segment of a reassembled PDU]"
"32037","32.812997711","192.168.1.55","192.168.1.2","TCP","1514","8004  >  36116 [ACK] Seq=144446 Ack=144 Win=65024 Len=1448 TSval=2916036893 TSecr=3045556667 [TCP segment of a reassembled PDU]"
"32038","32.812999860","192.168.1.55","192.168.1.2","TCP","1514","8004  >  36116 [ACK] Seq=145894 Ack=144 Win=65024 Len=1448 TSval=2916036893 TSecr=3045556667 [TCP segment of a reassembled PDU]"
"32039","32.813001378","192.168.1.55","192.168.1.2","TCP","1514","8004  >  36116 [ACK] Seq=147342 Ack=144 Win=65024 Len=1448 TSval=2916036893 TSecr=3045556667 [TCP segment of a reassembled PDU]"
"32040","32.813003211","192.168.1.55","192.168.1.2","TCP","1514","8004  >  36116 [ACK] Seq=148790 Ack=144 Win=65024 Len=1448 TSval=2916036893 TSecr=3045556667 [TCP segment of a reassembled PDU]"
"32041","32.813007582","192.168.1.55","192.168.1.2","TCP","1514","8004  >  36116 [ACK] Seq=150238 Ack=144 Win=65024 Len=1448 TSval=2916036893 TSecr=3045556667 [TCP segment of a reassembled PDU]"
"32042","32.813009360","192.168.1.55","192.168.1.2","TCP","1514","8004  >  36116 [ACK] Seq=151686 Ack=144 Win=65024 Len=1448 TSval=2916036893 TSecr=3045556667 [TCP segment of a reassembled PDU]"
"32043","32.813011100","192.168.1.55","192.168.1.2","TCP","1514","8004  >  36116 [PSH, ACK] Seq=153134 Ack=144 Win=65024 Len=1448 TSval=2916036893 TSecr=3045556667 [TCP segment of a reassembled PDU]"
"32044","32.813021730","192.168.1.55","192.168.1.2","TCP","610","8004  >  36116 [ACK] Seq=154582 Ack=144 Win=65024 Len=544 TSval=2916036893 TSecr=3045556667 [TCP segment of a reassembled PDU]"
"32045","32.813034656","192.168.1.55","192.168.1.2","TCP","1514","8004  >  36116 [ACK] Seq=155126 Ack=144 Win=65024 Len=1448 TSval=2916036893 TSecr=3045556667 [TCP segment of a reassembled PDU]"
"32046","32.813036082","192.168.1.55","192.168.1.2","TCP","1514","8004  >  36116 [ACK] Seq=156574 Ack=144 Win=65024 Len=1448 TSval=2916036893 TSecr=3045556667 [TCP segment of a reassembled PDU]"
"32047","32.813037267","192.168.1.55","192.168.1.2","TCP","1514","8004  >  36116 [ACK] Seq=158022 Ack=144 Win=65024 Len=1448 TSval=2916036893 TSecr=3045556667 [TCP segment of a reassembled PDU]"
"32048","32.813039526","192.168.1.55","192.168.1.2","TCP","1514","8004  >  36116 [PSH, ACK] Seq=159470 Ack=144 Win=65024 Len=1448 TSval=2916036893 TSecr=3045556667 [TCP segment of a reassembled PDU]"
"32049","32.813936694","192.168.1.2","192.168.1.55","TCP","66","36116  >  8004 [ACK] Seq=144 Ack=98654 Win=92160 Len=0 TSval=3045556668 TSecr=2916036891"
"32050","32.814520103","192.168.1.2","192.168.1.55","TCP","66","36116  >  8004 [ACK] Seq=144 Ack=100102 Win=92160 Len=0 TSval=3045556668 TSecr=2916036891"
"32051","32.814562677","192.168.1.55","192.168.1.2","TCP","1514","8004  >  36116 [ACK] Seq=160918 Ack=144 Win=65024 Len=1448 TSval=2916036895 TSecr=3045556668 [TCP segment of a reassembled PDU]"
"32052","32.814565844","192.168.1.55","192.168.1.2","TCP","1514","8004  >  36116 [ACK] Seq=162366 Ack=144 Win=65024 Len=1448 TSval=2916036895 TSecr=3045556668 [TCP segment of a reassembled PDU]"
"32053","32.814567807","192.168.1.55","192.168.1.2","TCP","1514","8004  >  36116 [ACK] Seq=163814 Ack=144 Win=65024 Len=1448 TSval=2916036895 TSecr=3045556668 [TCP segment of a reassembled PDU]"
"32054","32.814568955","192.168.1.55","192.168.1.2","TCP","1514","8004  >  36116 [ACK] Seq=165262 Ack=144 Win=65024 Len=1448 TSval=2916036895 TSecr=3045556668 [TCP segment of a reassembled PDU]"
"32055","32.814570288","192.168.1.55","192.168.1.2","TCP","1514","8004  >  36116 [ACK] Seq=166710 Ack=144 Win=65024 Len=1448 TSval=2916036895 TSecr=3045556668 [TCP segment of a reassembled PDU]"
"32056","32.814571714","192.168.1.55","192.168.1.2","TCP","1514","8004  >  36116 [ACK] Seq=168158 Ack=144 Win=65024 Len=1448 TSval=2916036895 TSecr=3045556668 [TCP segment of a reassembled PDU]"
"32057","32.814572992","192.168.1.55","192.168.1.2","TCP","1514","8004  >  36116 [ACK] Seq=169606 Ack=144 Win=65024 Len=1448 TSval=2916036895 TSecr=3045556668 [TCP segment of a reassembled PDU]"
"32058","32.814574084","192.168.1.55","192.168.1.2","TCP","1514","8004  >  36116 [ACK] Seq=171054 Ack=144 Win=65024 Len=1448 TSval=2916036895 TSecr=3045556668 [TCP segment of a reassembled PDU]"
"32059","32.814575547","192.168.1.55","192.168.1.2","TCP","1514","8004  >  36116 [ACK] Seq=172502 Ack=144 Win=65024 Len=1448 TSval=2916036895 TSecr=3045556668 [TCP segment of a reassembled PDU]"
"32060","32.814577010","192.168.1.55","192.168.1.2","TCP","1514","8004  >  36116 [ACK] Seq=173950 Ack=144 Win=65024 Len=1448 TSval=2916036895 TSecr=3045556668 [TCP segment of a reassembled PDU]"
"32061","32.814578566","192.168.1.55","192.168.1.2","TCP","1514","8004  >  36116 [ACK] Seq=175398 Ack=144 Win=65024 Len=1448 TSval=2916036895 TSecr=3045556668 [TCP segment of a reassembled PDU]"
"32062","32.814579807","192.168.1.55","192.168.1.2","TCP","1514","8004  >  36116 [ACK] Seq=176846 Ack=144 Win=65024 Len=1448 TSval=2916036895 TSecr=3045556668 [TCP segment of a reassembled PDU]"
"32063","32.814580936","192.168.1.55","192.168.1.2","TCP","1514","8004  >  36116 [ACK] Seq=178294 Ack=144 Win=65024 Len=1448 TSval=2916036895 TSecr=3045556668 [TCP segment of a reassembled PDU]"
"32064","32.814582936","192.168.1.55","192.168.1.2","TCP","1514","8004  >  36116 [ACK] Seq=179742 Ack=144 Win=65024 Len=1448 TSval=2916036895 TSecr=3045556668 [TCP segment of a reassembled PDU]"
"32065","32.814584066","192.168.1.55","192.168.1.2","TCP","1514","8004  >  36116 [ACK] Seq=181190 Ack=144 Win=65024 Len=1448 TSval=2916036895 TSecr=3045556668 [TCP segment of a reassembled PDU]"
"32066","32.814585325","192.168.1.55","192.168.1.2","TCP","1514","8004  >  36116 [ACK] Seq=182638 Ack=144 Win=65024 Len=1448 TSval=2916036895 TSecr=3045556668 [TCP segment of a reassembled PDU]"
"32067","32.814586418","192.168.1.55","192.168.1.2","TCP","1514","8004  >  36116 [ACK] Seq=184086 Ack=144 Win=65024 Len=1448 TSval=2916036895 TSecr=3045556668 [TCP segment of a reassembled PDU]"
"32068","32.814587529","192.168.1.55","192.168.1.2","TCP","1514","8004  >  36116 [ACK] Seq=185534 Ack=144 Win=65024 Len=1448 TSval=2916036895 TSecr=3045556668 [TCP segment of a reassembled PDU]"
"32069","32.814588751","192.168.1.55","192.168.1.2","TCP","1514","8004  >  36116 [ACK] Seq=186982 Ack=144 Win=65024 Len=1448 TSval=2916036895 TSecr=3045556668 [TCP segment of a reassembled PDU]"
"32070","32.814589936","192.168.1.55","192.168.1.2","TCP","1514","8004  >  36116 [ACK] Seq=188430 Ack=144 Win=65024 Len=1448 TSval=2916036895 TSecr=3045556668 [TCP segment of a reassembled PDU]"
"32071","32.814591658","192.168.1.55","192.168.1.2","TCP","1514","8004  >  36116 [PSH, ACK] Seq=189878 Ack=144 Win=65024 Len=1448 TSval=2916036895 TSecr=3045556668 [TCP segment of a reassembled PDU]"
"32072","32.820446334","192.168.1.2","192.168.1.55","TCP","66","36116  >  8004 [ACK] Seq=144 Ack=105894 Win=87040 Len=0 TSval=3045556670 TSecr=2916036893"
"32073","32.820477964","192.168.1.55","192.168.1.2","TCP","1514","8004  >  36116 [ACK] Seq=191326 Ack=144 Win=65024 Len=1448 TSval=2916036901 TSecr=3045556670 [TCP segment of a reassembled PDU]"
"32074","32.820653946","192.168.1.2","192.168.1.55","TCP","66","36116  >  8004 [ACK] Seq=144 Ack=116030 Win=83968 Len=0 TSval=3045556674 TSecr=2916036893"
"32075","32.820667687","192.168.1.55","192.168.1.2","TCP","1514","8004  >  36116 [ACK] Seq=192774 Ack=144 Win=65024 Len=1448 TSval=2916036901 TSecr=3045556674 [TCP segment of a reassembled PDU]"
"32076","32.820670224","192.168.1.55","192.168.1.2","TCP","1514","8004  >  36116 [ACK] Seq=194222 Ack=144 Win=65024 Len=1448 TSval=2916036901 TSecr=3045556674 [TCP segment of a reassembled PDU]"
"32077","32.820671687","192.168.1.55","192.168.1.2","TCP","1514","8004  >  36116 [ACK] Seq=195670 Ack=144 Win=65024 Len=1448 TSval=2916036901 TSecr=3045556674 [TCP segment of a reassembled PDU]"
"32078","32.820673020","192.168.1.55","192.168.1.2","TCP","1514","8004  >  36116 [PSH, ACK] Seq=197118 Ack=144 Win=65024 Len=1448 TSval=2916036901 TSecr=3045556674 [TCP segment of a reassembled PDU]"
"32079","32.820677501","192.168.1.2","192.168.1.55","TCP","66","36116  >  8004 [ACK] Seq=144 Ack=141550 Win=80896 Len=0 TSval=3045556675 TSecr=2916036893"
"32080","32.820685409","192.168.1.2","192.168.1.55","TCP","66","36116  >  8004 [ACK] Seq=144 Ack=154582 Win=68608 Len=0 TSval=3045556675 TSecr=2916036893"
"32081","32.820711909","192.168.1.55","192.168.1.2","TCP","1514","8004  >  36116 [ACK] Seq=198566 Ack=144 Win=65024 Len=1448 TSval=2916036901 TSecr=3045556675 [TCP segment of a reassembled PDU]"
"32082","32.820713724","192.168.1.55","192.168.1.2","TCP","1514","8004  >  36116 [ACK] Seq=200014 Ack=144 Win=65024 Len=1448 TSval=2916036901 TSecr=3045556675 [TCP segment of a reassembled PDU]"
"32083","32.820715001","192.168.1.55","192.168.1.2","TCP","1514","8004  >  36116 [ACK] Seq=201462 Ack=144 Win=65024 Len=1448 TSval=2916036901 TSecr=3045556675 [TCP segment of a reassembled PDU]"
"32084","32.820716261","192.168.1.55","192.168.1.2","TCP","1514","8004  >  36116 [ACK] Seq=202910 Ack=144 Win=65024 Len=1448 TSval=2916036901 TSecr=3045556675 [TCP segment of a reassembled PDU]"
"32085","32.820717687","192.168.1.55","192.168.1.2","TCP","1514","8004  >  36116 [ACK] Seq=204358 Ack=144 Win=65024 Len=1448 TSval=2916036901 TSecr=3045556675 [TCP segment of a reassembled PDU]"
"32086","32.820718909","192.168.1.55","192.168.1.2","TCP","1514","8004  >  36116 [ACK] Seq=205806 Ack=144 Win=65024 Len=1448 TSval=2916036901 TSecr=3045556675 [TCP segment of a reassembled PDU]"
"32087","32.820720261","192.168.1.55","192.168.1.2","TCP","1514","8004  >  36116 [ACK] Seq=207254 Ack=144 Win=65024 Len=1448 TSval=2916036901 TSecr=3045556675 [TCP segment of a reassembled PDU]"
"32088","32.820721520","192.168.1.55","192.168.1.2","TCP","1514","8004  >  36116 [ACK] Seq=208702 Ack=144 Win=65024 Len=1448 TSval=2916036901 TSecr=3045556675 [TCP segment of a reassembled PDU]"
"32089","32.820722835","192.168.1.55","192.168.1.2","TCP","1514","8004  >  36116 [ACK] Seq=210150 Ack=144 Win=65024 Len=1448 TSval=2916036901 TSecr=3045556675 [TCP segment of a reassembled PDU]"
"32090","32.820724150","192.168.1.55","192.168.1.2","TCP","1514","8004  >  36116 [ACK] Seq=211598 Ack=144 Win=65024 Len=1448 TSval=2916036901 TSecr=3045556675 [TCP segment of a reassembled PDU]"
"32091","32.820725409","192.168.1.55","192.168.1.2","TCP","1514","8004  >  36116 [ACK] Seq=213046 Ack=144 Win=65024 Len=1448 TSval=2916036901 TSecr=3045556675 [TCP segment of a reassembled PDU]"
"32092","32.820726594","192.168.1.55","192.168.1.2","TCP","1514","8004  >  36116 [ACK] Seq=214494 Ack=144 Win=65024 Len=1448 TSval=2916036901 TSecr=3045556675 [TCP segment of a reassembled PDU]"
"32093","32.820727909","192.168.1.55","192.168.1.2","TCP","1514","8004  >  36116 [ACK] Seq=215942 Ack=144 Win=65024 Len=1448 TSval=2916036901 TSecr=3045556675 [TCP segment of a reassembled PDU]"
"32094","32.820729446","192.168.1.55","192.168.1.2","TCP","1514","8004  >  36116 [ACK] Seq=217390 Ack=144 Win=65024 Len=1448 TSval=2916036901 TSecr=3045556675 [TCP segment of a reassembled PDU]"
"32095","32.820731020","192.168.1.55","192.168.1.2","TCP","1514","8004  >  36116 [ACK] Seq=218838 Ack=144 Win=65024 Len=1448 TSval=2916036901 TSecr=3045556675 [TCP segment of a reassembled PDU]"
"32096","32.820732242","192.168.1.55","192.168.1.2","TCP","1514","8004  >  36116 [ACK] Seq=220286 Ack=144 Win=65024 Len=1448 TSval=2916036901 TSecr=3045556675 [TCP segment of a reassembled PDU]"
"32097","32.820733446","192.168.1.55","192.168.1.2","TCP","1514","8004  >  36116 [PSH, ACK] Seq=221734 Ack=144 Win=65024 Len=1448 TSval=2916036901 TSecr=3045556675 [TCP segment of a reassembled PDU]"
"32098","32.820737779","192.168.1.2","192.168.1.55","TCP","66","36116  >  8004 [ACK] Seq=144 Ack=155126 Win=95232 Len=0 TSval=3045556675 TSecr=2916036893"
"32099","32.820763965","192.168.1.55","192.168.1.2","TCP","1514","8004  >  36116 [ACK] Seq=223182 Ack=144 Win=65024 Len=1448 TSval=2916036901 TSecr=3045556675 [TCP segment of a reassembled PDU]"
"32100","32.820766002","192.168.1.55","192.168.1.2","TCP","1514","8004  >  36116 [ACK] Seq=224630 Ack=144 Win=65024 Len=1448 TSval=2916036901 TSecr=3045556675 [TCP segment of a reassembled PDU]"
"32101","32.820767613","192.168.1.55","192.168.1.2","TCP","1514","8004  >  36116 [ACK] Seq=226078 Ack=144 Win=65024 Len=1448 TSval=2916036901 TSecr=3045556675 [TCP segment of a reassembled PDU]"
"32102","32.820768927","192.168.1.55","192.168.1.2","TCP","1514","8004  >  36116 [ACK] Seq=227526 Ack=144 Win=65024 Len=1448 TSval=2916036901 TSecr=3045556675 [TCP segment of a reassembled PDU]"
"32103","32.820770168","192.168.1.55","192.168.1.2","TCP","1514","8004  >  36116 [ACK] Seq=228974 Ack=144 Win=65024 Len=1448 TSval=2916036901 TSecr=3045556675 [TCP segment of a reassembled PDU]"
"32104","32.820771539","192.168.1.55","192.168.1.2","TCP","1514","8004  >  36116 [ACK] Seq=230422 Ack=144 Win=65024 Len=1448 TSval=2916036901 TSecr=3045556675 [TCP segment of a reassembled PDU]"
"32105","32.820772724","192.168.1.55","192.168.1.2","TCP","1514","8004  >  36116 [ACK] Seq=231870 Ack=144 Win=65024 Len=1448 TSval=2916036901 TSecr=3045556675 [TCP segment of a reassembled PDU]"
"32106","32.820774002","192.168.1.55","192.168.1.2","TCP","1514","8004  >  36116 [ACK] Seq=233318 Ack=144 Win=65024 Len=1448 TSval=2916036901 TSecr=3045556675 [TCP segment of a reassembled PDU]"
"32107","32.820775205","192.168.1.55","192.168.1.2","TCP","1514","8004  >  36116 [ACK] Seq=234766 Ack=144 Win=65024 Len=1448 TSval=2916036901 TSecr=3045556675 [TCP segment of a reassembled PDU]"
"32108","32.820776761","192.168.1.55","192.168.1.2","TCP","1514","8004  >  36116 [ACK] Seq=236214 Ack=144 Win=65024 Len=1448 TSval=2916036901 TSecr=3045556675 [TCP segment of a reassembled PDU]"
"32109","32.820778113","192.168.1.55","192.168.1.2","TCP","1514","8004  >  36116 [ACK] Seq=237662 Ack=144 Win=65024 Len=1448 TSval=2916036901 TSecr=3045556675 [TCP segment of a reassembled PDU]"
"32110","32.820779483","192.168.1.55","192.168.1.2","TCP","1514","8004  >  36116 [ACK] Seq=239110 Ack=144 Win=65024 Len=1448 TSval=2916036901 TSecr=3045556675 [TCP segment of a reassembled PDU]"
"32111","32.820780761","192.168.1.55","192.168.1.2","TCP","1514","8004  >  36116 [PSH, ACK] Seq=240558 Ack=144 Win=65024 Len=1448 TSval=2916036901 TSecr=3045556675 [TCP segment of a reassembled PDU]"
"32112","32.820835594","192.168.1.2","192.168.1.55","TCP","66","36116  >  8004 [ACK] Seq=144 Ack=160918 Win=100352 Len=0 TSval=3045556675 TSecr=2916036893"
"32113","32.820842742","192.168.1.2","192.168.1.55","TCP","66","36116  >  8004 [ACK] Seq=144 Ack=182638 Win=78848 Len=0 TSval=3045556675 TSecr=2916036895"
"32114","32.823026468","192.168.1.2","192.168.1.55","TCP","66","36116  >  8004 [ACK] Seq=144 Ack=191326 Win=93184 Len=0 TSval=3045556676 TSecr=2916036895"
"32115","32.823069857","192.168.1.55","192.168.1.2","TCP","1514","8004  >  36116 [ACK] Seq=242006 Ack=144 Win=65024 Len=1448 TSval=2916036903 TSecr=3045556676 [TCP segment of a reassembled PDU]"
"32116","32.823072913","192.168.1.55","192.168.1.2","TCP","1514","8004  >  36116 [ACK] Seq=243454 Ack=144 Win=65024 Len=1448 TSval=2916036903 TSecr=3045556676 [TCP segment of a reassembled PDU]"
"32117","32.823074376","192.168.1.55","192.168.1.2","TCP","1514","8004  >  36116 [ACK] Seq=244902 Ack=144 Win=65024 Len=1448 TSval=2916036903 TSecr=3045556676 [TCP segment of a reassembled PDU]"
"32118","32.823075616","192.168.1.55","192.168.1.2","TCP","1514","8004  >  36116 [ACK] Seq=246350 Ack=144 Win=65024 Len=1448 TSval=2916036903 TSecr=3045556676 [TCP segment of a reassembled PDU]"
"32119","32.823077005","192.168.1.55","192.168.1.2","TCP","1514","8004  >  36116 [ACK] Seq=247798 Ack=144 Win=65024 Len=1448 TSval=2916036903 TSecr=3045556676 [TCP segment of a reassembled PDU]"
"32120","32.823078690","192.168.1.55","192.168.1.2","TCP","1514","8004  >  36116 [ACK] Seq=249246 Ack=144 Win=65024 Len=1448 TSval=2916036903 TSecr=3045556676 [TCP segment of a reassembled PDU]"
"32121","32.823080302","192.168.1.55","192.168.1.2","TCP","1514","8004  >  36116 [ACK] Seq=250694 Ack=144 Win=65024 Len=1448 TSval=2916036903 TSecr=3045556676 [TCP segment of a reassembled PDU]"
"32122","32.823081913","192.168.1.55","192.168.1.2","TCP","1514","8004  >  36116 [ACK] Seq=252142 Ack=144 Win=65024 Len=1448 TSval=2916036903 TSecr=3045556676 [TCP segment of a reassembled PDU]"
"32123","32.823083450","192.168.1.55","192.168.1.2","TCP","1514","8004  >  36116 [ACK] Seq=253590 Ack=144 Win=65024 Len=1448 TSval=2916036903 TSecr=3045556676 [TCP segment of a reassembled PDU]"
"32124","32.823084894","192.168.1.55","192.168.1.2","TCP","1514","8004  >  36116 [ACK] Seq=255038 Ack=144 Win=65024 Len=1448 TSval=2916036903 TSecr=3045556676 [TCP segment of a reassembled PDU]"
"32125","32.823086339","192.168.1.55","192.168.1.2","TCP","1514","8004  >  36116 [ACK] Seq=256486 Ack=144 Win=65024 Len=1448 TSval=2916036903 TSecr=3045556676 [TCP segment of a reassembled PDU]"
"32126","32.823087653","192.168.1.55","192.168.1.2","TCP","1514","8004  >  36116 [ACK] Seq=257934 Ack=144 Win=65024 Len=1448 TSval=2916036903 TSecr=3045556676 [TCP segment of a reassembled PDU]"
"32127","32.823088987","192.168.1.55","192.168.1.2","TCP","1514","8004  >  36116 [ACK] Seq=259382 Ack=144 Win=65024 Len=1448 TSval=2916036903 TSecr=3045556676 [TCP segment of a reassembled PDU]"
"32128","32.823091079","192.168.1.55","192.168.1.2","TCP","1514","8004  >  36116 [ACK] Seq=260830 Ack=144 Win=65024 Len=1448 TSval=2916036903 TSecr=3045556676 [TCP segment of a reassembled PDU]"
"32129","32.823092542","192.168.1.55","192.168.1.2","TCP","1514","8004  >  36116 [ACK] Seq=262278 Ack=144 Win=65024 Len=1448 TSval=2916036903 TSecr=3045556676 [TCP segment of a reassembled PDU]"
"32130","32.823093802","192.168.1.55","192.168.1.2","TCP","1514","8004  >  36116 [ACK] Seq=263726 Ack=144 Win=65024 Len=1448 TSval=2916036903 TSecr=3045556676 [TCP segment of a reassembled PDU]"
"32131","32.823095042","192.168.1.55","192.168.1.2","TCP","1514","8004  >  36116 [ACK] Seq=265174 Ack=144 Win=65024 Len=1448 TSval=2916036903 TSecr=3045556676 [TCP segment of a reassembled PDU]"
"32132","32.823096783","192.168.1.55","192.168.1.2","TCP","1514","8004  >  36116 [ACK] Seq=266622 Ack=144 Win=65024 Len=1448 TSval=2916036903 TSecr=3045556676 [TCP segment of a reassembled PDU]"
"32133","32.823098209","192.168.1.55","192.168.1.2","TCP","1514","8004  >  36116 [ACK] Seq=268070 Ack=144 Win=65024 Len=1448 TSval=2916036903 TSecr=3045556676 [TCP segment of a reassembled PDU]"
"32134","32.823099635","192.168.1.55","192.168.1.2","TCP","1514","8004  >  36116 [ACK] Seq=269518 Ack=144 Win=65024 Len=1448 TSval=2916036903 TSecr=3045556676 [TCP segment of a reassembled PDU]"
"32135","32.823101598","192.168.1.55","192.168.1.2","TCP","1514","8004  >  36116 [ACK] Seq=270966 Ack=144 Win=65024 Len=1448 TSval=2916036903 TSecr=3045556676 [TCP segment of a reassembled PDU]"
"32136","32.823103098","192.168.1.55","192.168.1.2","TCP","1514","8004  >  36116 [ACK] Seq=272414 Ack=144 Win=65024 Len=1448 TSval=2916036903 TSecr=3045556676 [TCP segment of a reassembled PDU]"
"32137","32.823104505","192.168.1.55","192.168.1.2","TCP","1514","8004  >  36116 [ACK] Seq=273862 Ack=144 Win=65024 Len=1448 TSval=2916036903 TSecr=3045556676 [TCP segment of a reassembled PDU]"
"32138","32.823105765","192.168.1.55","192.168.1.2","TCP","1514","8004  >  36116 [ACK] Seq=275310 Ack=144 Win=65024 Len=1448 TSval=2916036903 TSecr=3045556676 [TCP segment of a reassembled PDU]"
"32139","32.823107265","192.168.1.55","192.168.1.2","TCP","1514","8004  >  36116 [ACK] Seq=276758 Ack=144 Win=65024 Len=1448 TSval=2916036903 TSecr=3045556676 [TCP segment of a reassembled PDU]"
"32140","32.823108820","192.168.1.55","192.168.1.2","TCP","1514","8004  >  36116 [ACK] Seq=278206 Ack=144 Win=65024 Len=1448 TSval=2916036903 TSecr=3045556676 [TCP segment of a reassembled PDU]"
"32141","32.823110190","192.168.1.55","192.168.1.2","TCP","1514","8004  >  36116 [ACK] Seq=279654 Ack=144 Win=65024 Len=1448 TSval=2916036903 TSecr=3045556676 [TCP segment of a reassembled PDU]"
"32142","32.823111468","192.168.1.55","192.168.1.2","TCP","1514","8004  >  36116 [ACK] Seq=281102 Ack=144 Win=65024 Len=1448 TSval=2916036903 TSecr=3045556676 [TCP segment of a reassembled PDU]"
"32143","32.823112931","192.168.1.55","192.168.1.2","TCP","1514","8004  >  36116 [ACK] Seq=282550 Ack=144 Win=65024 Len=1448 TSval=2916036903 TSecr=3045556676 [TCP segment of a reassembled PDU]"
"32144","32.823114394","192.168.1.55","192.168.1.2","TCP","578","[TCP Window Full] 8004  >  36116 [PSH, ACK] Seq=283998 Ack=144 Win=65024 Len=512 TSval=2916036903 TSecr=3045556676 [TCP segment of a reassembled PDU]"
"32145","32.825708176","192.168.1.2","192.168.1.55","TCP","66","36116  >  8004 [ACK] Seq=144 Ack=192774 Win=102400 Len=0 TSval=3045556677 TSecr=2916036901"
"32146","32.825726472","192.168.1.55","192.168.1.2","TCP","1002","8004  >  36116 [ACK] Seq=284510 Ack=144 Win=65024 Len=936 TSval=2916036906 TSecr=3045556677 [TCP segment of a reassembled PDU]"
"32147","32.829602886","192.168.1.2","192.168.1.55","TCP","66","36116  >  8004 [ACK] Seq=144 Ack=223182 Win=96256 Len=0 TSval=3045556680 TSecr=2916036901"
"32148","32.829634182","192.168.1.55","192.168.1.2","TCP","1514","8004  >  36116 [ACK] Seq=285446 Ack=144 Win=65024 Len=1448 TSval=2916036910 TSecr=3045556680 [TCP segment of a reassembled PDU]"
"32149","32.829636608","192.168.1.55","192.168.1.2","TCP","1514","8004  >  36116 [ACK] Seq=286894 Ack=144 Win=65024 Len=1448 TSval=2916036910 TSecr=3045556680 [TCP segment of a reassembled PDU]"
"32150","32.829637608","192.168.1.55","192.168.1.2","TCP","1514","8004  >  36116 [ACK] Seq=288342 Ack=144 Win=65024 Len=1448 TSval=2916036910 TSecr=3045556680 [TCP segment of a reassembled PDU]"
"32151","32.829638627","192.168.1.55","192.168.1.2","TCP","1514","8004  >  36116 [ACK] Seq=289790 Ack=144 Win=65024 Len=1448 TSval=2916036910 TSecr=3045556680 [TCP segment of a reassembled PDU]"
"32152","32.829639719","192.168.1.55","192.168.1.2","TCP","1514","8004  >  36116 [ACK] Seq=291238 Ack=144 Win=65024 Len=1448 TSval=2916036910 TSecr=3045556680 [TCP segment of a reassembled PDU]"
"32153","32.829640701","192.168.1.55","192.168.1.2","TCP","1514","8004  >  36116 [ACK] Seq=292686 Ack=144 Win=65024 Len=1448 TSval=2916036910 TSecr=3045556680 [TCP segment of a reassembled PDU]"
"32154","32.829641867","192.168.1.55","192.168.1.2","TCP","1514","8004  >  36116 [ACK] Seq=294134 Ack=144 Win=65024 Len=1448 TSval=2916036910 TSecr=3045556680 [TCP segment of a reassembled PDU]"
"32155","32.829642868","192.168.1.55","192.168.1.2","TCP","1514","8004  >  36116 [ACK] Seq=295582 Ack=144 Win=65024 Len=1448 TSval=2916036910 TSecr=3045556680 [TCP segment of a reassembled PDU]"
"32156","32.829643868","192.168.1.55","192.168.1.2","TCP","1514","8004  >  36116 [ACK] Seq=297030 Ack=144 Win=65024 Len=1448 TSval=2916036910 TSecr=3045556680 [TCP segment of a reassembled PDU]"
"32157","32.829645090","192.168.1.55","192.168.1.2","TCP","1514","8004  >  36116 [ACK] Seq=298478 Ack=144 Win=65024 Len=1448 TSval=2916036910 TSecr=3045556680 [TCP segment of a reassembled PDU]"
"32158","32.829646219","192.168.1.55","192.168.1.2","TCP","1514","8004  >  36116 [ACK] Seq=299926 Ack=144 Win=65024 Len=1448 TSval=2916036910 TSecr=3045556680 [TCP segment of a reassembled PDU]"
"32159","32.829647405","192.168.1.55","192.168.1.2","TCP","1514","8004  >  36116 [ACK] Seq=301374 Ack=144 Win=65024 Len=1448 TSval=2916036910 TSecr=3045556680 [TCP segment of a reassembled PDU]"
"32160","32.829648312","192.168.1.55","192.168.1.2","TCP","1514","8004  >  36116 [ACK] Seq=302822 Ack=144 Win=65024 Len=1448 TSval=2916036910 TSecr=3045556680 [TCP segment of a reassembled PDU]"
"32161","32.829649293","192.168.1.55","192.168.1.2","TCP","1514","8004  >  36116 [ACK] Seq=304270 Ack=144 Win=65024 Len=1448 TSval=2916036910 TSecr=3045556680 [TCP segment of a reassembled PDU]"
"32162","32.829650442","192.168.1.55","192.168.1.2","TCP","1514","8004  >  36116 [ACK] Seq=305718 Ack=144 Win=65024 Len=1448 TSval=2916036910 TSecr=3045556680 [TCP segment of a reassembled PDU]"
"32163","32.829651423","192.168.1.55","192.168.1.2","TCP","1514","8004  >  36116 [ACK] Seq=307166 Ack=144 Win=65024 Len=1448 TSval=2916036910 TSecr=3045556680 [TCP segment of a reassembled PDU]"
"32164","32.829652516","192.168.1.55","192.168.1.2","TCP","1514","8004  >  36116 [ACK] Seq=308614 Ack=144 Win=65024 Len=1448 TSval=2916036910 TSecr=3045556680 [TCP segment of a reassembled PDU]"
"32165","32.829653571","192.168.1.55","192.168.1.2","TCP","1514","8004  >  36116 [ACK] Seq=310062 Ack=144 Win=65024 Len=1448 TSval=2916036910 TSecr=3045556680 [TCP segment of a reassembled PDU]"
"32166","32.829654608","192.168.1.55","192.168.1.2","TCP","1514","8004  >  36116 [ACK] Seq=311510 Ack=144 Win=65024 Len=1448 TSval=2916036910 TSecr=3045556680 [TCP segment of a reassembled PDU]"
"32167","32.829655719","192.168.1.55","192.168.1.2","TCP","1514","8004  >  36116 [ACK] Seq=312958 Ack=144 Win=65024 Len=1448 TSval=2916036910 TSecr=3045556680 [TCP segment of a reassembled PDU]"
"32168","32.829656701","192.168.1.55","192.168.1.2","TCP","1514","8004  >  36116 [ACK] Seq=314406 Ack=144 Win=65024 Len=1448 TSval=2916036910 TSecr=3045556680 [TCP segment of a reassembled PDU]"
"32169","32.829657775","192.168.1.55","192.168.1.2","TCP","1514","8004  >  36116 [ACK] Seq=315854 Ack=144 Win=65024 Len=1448 TSval=2916036910 TSecr=3045556680 [TCP segment of a reassembled PDU]"
"32170","32.829659016","192.168.1.55","192.168.1.2","TCP","1514","8004  >  36116 [PSH, ACK] Seq=317302 Ack=144 Win=65024 Len=1448 TSval=2916036910 TSecr=3045556680 [TCP segment of a reassembled PDU]"
"32171","32.830617036","192.168.1.2","192.168.1.55","TCP","66","36116  >  8004 [ACK] Seq=144 Ack=231870 Win=96256 Len=0 TSval=3045556680 TSecr=2916036901"
"32172","32.830658499","192.168.1.55","192.168.1.2","TCP","1514","8004  >  36116 [ACK] Seq=318750 Ack=144 Win=65024 Len=1448 TSval=2916036911 TSecr=3045556680 [TCP segment of a reassembled PDU]"
"32173","32.830660277","192.168.1.55","192.168.1.2","TCP","1514","8004  >  36116 [ACK] Seq=320198 Ack=144 Win=65024 Len=1448 TSval=2916036911 TSecr=3045556680 [TCP segment of a reassembled PDU]"
"32174","32.830662277","192.168.1.55","192.168.1.2","TCP","1514","8004  >  36116 [ACK] Seq=321646 Ack=144 Win=65024 Len=1448 TSval=2916036911 TSecr=3045556680 [TCP segment of a reassembled PDU]"
"32175","32.830663388","192.168.1.55","192.168.1.2","TCP","1514","8004  >  36116 [ACK] Seq=323094 Ack=144 Win=65024 Len=1448 TSval=2916036911 TSecr=3045556680 [TCP segment of a reassembled PDU]"
"32176","32.830665054","192.168.1.55","192.168.1.2","TCP","1514","8004  >  36116 [ACK] Seq=324542 Ack=144 Win=65024 Len=1448 TSval=2916036911 TSecr=3045556680 [TCP segment of a reassembled PDU]"
"32177","32.830666795","192.168.1.55","192.168.1.2","TCP","1514","8004  >  36116 [PSH, ACK] Seq=325990 Ack=144 Win=65024 Len=1448 TSval=2916036911 TSecr=3045556680 [TCP segment of a reassembled PDU]"
"32178","32.830671795","192.168.1.2","192.168.1.55","TCP","66","36116  >  8004 [ACK] Seq=144 Ack=242006 Win=116736 Len=0 TSval=3045556683 TSecr=2916036901"
"32179","32.830679851","192.168.1.55","192.168.1.2","TCP","1514","8004  >  36116 [ACK] Seq=327438 Ack=144 Win=65024 Len=1448 TSval=2916036911 TSecr=3045556683 [TCP segment of a reassembled PDU]"
"32180","32.830683017","192.168.1.2","192.168.1.55","TCP","66","36116  >  8004 [ACK] Seq=144 Ack=250694 Win=108544 Len=0 TSval=3045556684 TSecr=2916036903"
"32181","32.830726925","192.168.1.2","192.168.1.55","TCP","66","36116  >  8004 [ACK] Seq=144 Ack=276758 Win=103424 Len=0 TSval=3045556684 TSecr=2916036903"
"32182","32.830779277","192.168.1.55","192.168.1.2","TCP","1514","8004  >  36116 [ACK] Seq=328886 Ack=144 Win=65024 Len=1448 TSval=2916036911 TSecr=3045556684 [TCP segment of a reassembled PDU]"
"32183","32.830781184","192.168.1.55","192.168.1.2","TCP","1514","8004  >  36116 [ACK] Seq=330334 Ack=144 Win=65024 Len=1448 TSval=2916036911 TSecr=3045556684 [TCP segment of a reassembled PDU]"
"32184","32.830782443","192.168.1.55","192.168.1.2","TCP","1514","8004  >  36116 [ACK] Seq=331782 Ack=144 Win=65024 Len=1448 TSval=2916036911 TSecr=3045556684 [TCP segment of a reassembled PDU]"
"32185","32.830783684","192.168.1.55","192.168.1.2","TCP","1514","8004  >  36116 [ACK] Seq=333230 Ack=144 Win=65024 Len=1448 TSval=2916036911 TSecr=3045556684 [TCP segment of a reassembled PDU]"
"32186","32.830785555","192.168.1.55","192.168.1.2","TCP","1514","8004  >  36116 [ACK] Seq=334678 Ack=144 Win=65024 Len=1448 TSval=2916036911 TSecr=3045556684 [TCP segment of a reassembled PDU]"
"32187","32.830787036","192.168.1.55","192.168.1.2","TCP","1514","8004  >  36116 [ACK] Seq=336126 Ack=144 Win=65024 Len=1448 TSval=2916036911 TSecr=3045556684 [TCP segment of a reassembled PDU]"
"32188","32.830787943","192.168.1.55","192.168.1.2","TCP","1514","8004  >  36116 [ACK] Seq=337574 Ack=144 Win=65024 Len=1448 TSval=2916036911 TSecr=3045556684 [TCP segment of a reassembled PDU]"
"32189","32.830790184","192.168.1.55","192.168.1.2","TCP","1514","8004  >  36116 [ACK] Seq=339022 Ack=144 Win=65024 Len=1448 TSval=2916036911 TSecr=3045556684 [TCP segment of a reassembled PDU]"
"32190","32.830791721","192.168.1.55","192.168.1.2","TCP","1514","8004  >  36116 [ACK] Seq=340470 Ack=144 Win=65024 Len=1448 TSval=2916036911 TSecr=3045556684 [TCP segment of a reassembled PDU]"
"32191","32.830792851","192.168.1.55","192.168.1.2","TCP","1514","8004  >  36116 [ACK] Seq=341918 Ack=144 Win=65024 Len=1448 TSval=2916036911 TSecr=3045556684 [TCP segment of a reassembled PDU]"
"32192","32.830794573","192.168.1.55","192.168.1.2","TCP","1514","8004  >  36116 [ACK] Seq=343366 Ack=144 Win=65024 Len=1448 TSval=2916036911 TSecr=3045556684 [TCP segment of a reassembled PDU]"
"32193","32.830796406","192.168.1.55","192.168.1.2","TCP","1514","8004  >  36116 [ACK] Seq=344814 Ack=144 Win=65024 Len=1448 TSval=2916036911 TSecr=3045556684 [TCP segment of a reassembled PDU]"
"32194","32.830798129","192.168.1.55","192.168.1.2","TCP","1514","8004  >  36116 [ACK] Seq=346262 Ack=144 Win=65024 Len=1448 TSval=2916036911 TSecr=3045556684 [TCP segment of a reassembled PDU]"
"32195","32.830799610","192.168.1.55","192.168.1.2","TCP","1514","8004  >  36116 [ACK] Seq=347710 Ack=144 Win=65024 Len=1448 TSval=2916036911 TSecr=3045556684 [TCP segment of a reassembled PDU]"
"32196","32.830800592","192.168.1.55","192.168.1.2","TCP","1514","8004  >  36116 [ACK] Seq=349158 Ack=144 Win=65024 Len=1448 TSval=2916036911 TSecr=3045556684 [TCP segment of a reassembled PDU]"
"32197","32.830801795","192.168.1.55","192.168.1.2","TCP","1514","8004  >  36116 [ACK] Seq=350606 Ack=144 Win=65024 Len=1448 TSval=2916036911 TSecr=3045556684 [TCP segment of a reassembled PDU]"
"32198","32.830803092","192.168.1.55","192.168.1.2","TCP","1514","8004  >  36116 [ACK] Seq=352054 Ack=144 Win=65024 Len=1448 TSval=2916036911 TSecr=3045556684 [TCP segment of a reassembled PDU]"
"32199","32.830804869","192.168.1.55","192.168.1.2","TCP","1514","8004  >  36116 [ACK] Seq=353502 Ack=144 Win=65024 Len=1448 TSval=2916036911 TSecr=3045556684 [TCP segment of a reassembled PDU]"
"32200","32.830806092","192.168.1.55","192.168.1.2","TCP","1514","8004  >  36116 [ACK] Seq=354950 Ack=144 Win=65024 Len=1448 TSval=2916036911 TSecr=3045556684 [TCP segment of a reassembled PDU]"
"32201","32.830807425","192.168.1.55","192.168.1.2","TCP","1514","8004  >  36116 [ACK] Seq=356398 Ack=144 Win=65024 Len=1448 TSval=2916036911 TSecr=3045556684 [TCP segment of a reassembled PDU]"
"32202","32.830808666","192.168.1.55","192.168.1.2","TCP","1514","8004  >  36116 [ACK] Seq=357846 Ack=144 Win=65024 Len=1448 TSval=2916036911 TSecr=3045556684 [TCP segment of a reassembled PDU]"
"32203","32.830810184","192.168.1.55","192.168.1.2","TCP","1514","8004  >  36116 [ACK] Seq=359294 Ack=144 Win=65024 Len=1448 TSval=2916036911 TSecr=3045556684 [TCP segment of a reassembled PDU]"
"32204","32.830812073","192.168.1.55","192.168.1.2","TCP","1514","8004  >  36116 [ACK] Seq=360742 Ack=144 Win=65024 Len=1448 TSval=2916036911 TSecr=3045556684 [TCP segment of a reassembled PDU]"
"32205","32.830813536","192.168.1.55","192.168.1.2","TCP","1514","8004  >  36116 [ACK] Seq=362190 Ack=144 Win=65024 Len=1448 TSval=2916036911 TSecr=3045556684 [TCP segment of a reassembled PDU]"
"32206","32.830814980","192.168.1.55","192.168.1.2","TCP","1514","8004  >  36116 [ACK] Seq=363638 Ack=144 Win=65024 Len=1448 TSval=2916036911 TSecr=3045556684 [TCP segment of a reassembled PDU]"
"32207","32.830816425","192.168.1.55","192.168.1.2","TCP","1514","8004  >  36116 [ACK] Seq=365086 Ack=144 Win=65024 Len=1448 TSval=2916036911 TSecr=3045556684 [TCP segment of a reassembled PDU]"
"32208","32.830817647","192.168.1.55","192.168.1.2","TCP","1514","8004  >  36116 [ACK] Seq=366534 Ack=144 Win=65024 Len=1448 TSval=2916036911 TSecr=3045556684 [TCP segment of a reassembled PDU]"
"32209","32.830819518","192.168.1.55","192.168.1.2","TCP","1514","8004  >  36116 [ACK] Seq=367982 Ack=144 Win=65024 Len=1448 TSval=2916036911 TSecr=3045556684 [TCP segment of a reassembled PDU]"
"32210","32.830829184","192.168.1.55","192.168.1.2","TCP","1514","8004  >  36116 [ACK] Seq=369430 Ack=144 Win=65024 Len=1448 TSval=2916036911 TSecr=3045556684 [TCP segment of a reassembled PDU]"
"32211","32.830831814","192.168.1.55","192.168.1.2","TCP","1514","8004  >  36116 [ACK] Seq=370878 Ack=144 Win=65024 Len=1448 TSval=2916036911 TSecr=3045556684 [TCP segment of a reassembled PDU]"
"32212","32.830832888","192.168.1.55","192.168.1.2","TCP","1514","8004  >  36116 [PSH, ACK] Seq=372326 Ack=144 Win=65024 Len=1448 TSval=2916036911 TSecr=3045556684 [TCP segment of a reassembled PDU]"
"32213","32.830837592","192.168.1.2","192.168.1.55","TCP","66","36116  >  8004 [ACK] Seq=144 Ack=284510 Win=118784 Len=0 TSval=3045556685 TSecr=2916036903"
"32214","32.832342724","192.168.1.2","192.168.1.55","TCP","66","36116  >  8004 [ACK] Seq=144 Ack=285446 Win=120832 Len=0 TSval=3045556686 TSecr=2916036906"
"32215","32.832377798","192.168.1.55","192.168.1.2","TCP","1514","8004  >  36116 [ACK] Seq=373774 Ack=144 Win=65024 Len=1448 TSval=2916036913 TSecr=3045556686 [TCP segment of a reassembled PDU]"
"32216","32.832380335","192.168.1.55","192.168.1.2","TCP","1514","8004  >  36116 [ACK] Seq=375222 Ack=144 Win=65024 Len=1448 TSval=2916036913 TSecr=3045556686 [TCP segment of a reassembled PDU]"
"32217","32.832381261","192.168.1.55","192.168.1.2","TCP","1514","8004  >  36116 [ACK] Seq=376670 Ack=144 Win=65024 Len=1448 TSval=2916036913 TSecr=3045556686 [TCP segment of a reassembled PDU]"
"32218","32.832382131","192.168.1.55","192.168.1.2","TCP","1514","8004  >  36116 [ACK] Seq=378118 Ack=144 Win=65024 Len=1448 TSval=2916036913 TSecr=3045556686 [TCP segment of a reassembled PDU]"
"32219","32.832383113","192.168.1.55","192.168.1.2","TCP","1514","8004  >  36116 [ACK] Seq=379566 Ack=144 Win=65024 Len=1448 TSval=2916036913 TSecr=3045556686 [TCP segment of a reassembled PDU]"
"32220","32.832384001","192.168.1.55","192.168.1.2","TCP","1514","8004  >  36116 [ACK] Seq=381014 Ack=144 Win=65024 Len=1448 TSval=2916036913 TSecr=3045556686 [TCP segment of a reassembled PDU]"
"32221","32.832384890","192.168.1.55","192.168.1.2","TCP","1514","8004  >  36116 [ACK] Seq=382462 Ack=144 Win=65024 Len=1448 TSval=2916036913 TSecr=3045556686 [TCP segment of a reassembled PDU]"
"32222","32.832385872","192.168.1.55","192.168.1.2","TCP","1514","8004  >  36116 [ACK] Seq=383910 Ack=144 Win=65024 Len=1448 TSval=2916036913 TSecr=3045556686 [TCP segment of a reassembled PDU]"
"32223","32.832386779","192.168.1.55","192.168.1.2","TCP","1514","8004  >  36116 [ACK] Seq=385358 Ack=144 Win=65024 Len=1448 TSval=2916036913 TSecr=3045556686 [TCP segment of a reassembled PDU]"
"32224","32.832387798","192.168.1.55","192.168.1.2","TCP","1514","8004  >  36116 [ACK] Seq=386806 Ack=144 Win=65024 Len=1448 TSval=2916036913 TSecr=3045556686 [TCP segment of a reassembled PDU]"
"32225","32.832388705","192.168.1.55","192.168.1.2","TCP","1514","8004  >  36116 [ACK] Seq=388254 Ack=144 Win=65024 Len=1448 TSval=2916036913 TSecr=3045556686 [TCP segment of a reassembled PDU]"
"32226","32.832389742","192.168.1.55","192.168.1.2","TCP","1514","8004  >  36116 [ACK] Seq=389702 Ack=144 Win=65024 Len=1448 TSval=2916036913 TSecr=3045556686 [TCP segment of a reassembled PDU]"
"32227","32.832390668","192.168.1.55","192.168.1.2","TCP","1514","8004  >  36116 [ACK] Seq=391150 Ack=144 Win=65024 Len=1448 TSval=2916036913 TSecr=3045556686 [TCP segment of a reassembled PDU]"
"32228","32.832391594","192.168.1.55","192.168.1.2","TCP","1514","8004  >  36116 [ACK] Seq=392598 Ack=144 Win=65024 Len=1448 TSval=2916036913 TSecr=3045556686 [TCP segment of a reassembled PDU]"
"32229","32.832392631","192.168.1.55","192.168.1.2","TCP","1514","8004  >  36116 [ACK] Seq=394046 Ack=144 Win=65024 Len=1448 TSval=2916036913 TSecr=3045556686 [TCP segment of a reassembled PDU]"
"32230","32.832393520","192.168.1.55","192.168.1.2","TCP","1514","8004  >  36116 [ACK] Seq=395494 Ack=144 Win=65024 Len=1448 TSval=2916036913 TSecr=3045556686 [TCP segment of a reassembled PDU]"
"32231","32.832394557","192.168.1.55","192.168.1.2","TCP","1514","8004  >  36116 [ACK] Seq=396942 Ack=144 Win=65024 Len=1448 TSval=2916036913 TSecr=3045556686 [TCP segment of a reassembled PDU]"
"32232","32.832395446","192.168.1.55","192.168.1.2","TCP","1514","8004  >  36116 [ACK] Seq=398390 Ack=144 Win=65024 Len=1448 TSval=2916036913 TSecr=3045556686 [TCP segment of a reassembled PDU]"
"32233","32.832396483","192.168.1.55","192.168.1.2","TCP","1514","8004  >  36116 [ACK] Seq=399838 Ack=144 Win=65024 Len=1448 TSval=2916036913 TSecr=3045556686 [TCP segment of a reassembled PDU]"
"32234","32.832397502","192.168.1.55","192.168.1.2","TCP","1514","8004  >  36116 [ACK] Seq=401286 Ack=144 Win=65024 Len=1448 TSval=2916036913 TSecr=3045556686 [TCP segment of a reassembled PDU]"
"32235","32.832398409","192.168.1.55","192.168.1.2","TCP","1514","8004  >  36116 [ACK] Seq=402734 Ack=144 Win=65024 Len=1448 TSval=2916036913 TSecr=3045556686 [TCP segment of a reassembled PDU]"
"32236","32.832399353","192.168.1.55","192.168.1.2","TCP","1514","8004  >  36116 [ACK] Seq=404182 Ack=144 Win=65024 Len=1448 TSval=2916036913 TSecr=3045556686 [TCP segment of a reassembled PDU]"
"32237","32.832400446","192.168.1.55","192.168.1.2","TCP","714","[TCP Window Full] 8004  >  36116 [PSH, ACK] Seq=405630 Ack=144 Win=65024 Len=648 TSval=2916036913 TSecr=3045556686 [TCP segment of a reassembled PDU]"
"32238","32.835427969","192.168.1.2","192.168.1.55","TCP","66","36116  >  8004 [ACK] Seq=144 Ack=311510 Win=123904 Len=0 TSval=3045556688 TSecr=2916036910"
"32239","32.835472247","192.168.1.55","192.168.1.2","TCP","1514","8004  >  36116 [ACK] Seq=406278 Ack=144 Win=65024 Len=1448 TSval=2916036916 TSecr=3045556688 [TCP segment of a reassembled PDU]"
"32240","32.835475877","192.168.1.55","192.168.1.2","TCP","1514","8004  >  36116 [ACK] Seq=407726 Ack=144 Win=65024 Len=1448 TSval=2916036916 TSecr=3045556688 [TCP segment of a reassembled PDU]"
"32241","32.835476895","192.168.1.55","192.168.1.2","TCP","1514","8004  >  36116 [ACK] Seq=409174 Ack=144 Win=65024 Len=1448 TSval=2916036916 TSecr=3045556688 [TCP segment of a reassembled PDU]"
"32242","32.835478006","192.168.1.55","192.168.1.2","TCP","1514","8004  >  36116 [ACK] Seq=410622 Ack=144 Win=65024 Len=1448 TSval=2916036916 TSecr=3045556688 [TCP segment of a reassembled PDU]"
"32243","32.835479284","192.168.1.55","192.168.1.2","TCP","1514","8004  >  36116 [ACK] Seq=412070 Ack=144 Win=65024 Len=1448 TSval=2916036916 TSecr=3045556688 [TCP segment of a reassembled PDU]"
"32244","32.835480192","192.168.1.55","192.168.1.2","TCP","1514","8004  >  36116 [ACK] Seq=413518 Ack=144 Win=65024 Len=1448 TSval=2916036916 TSecr=3045556688 [TCP segment of a reassembled PDU]"
"32245","32.835481210","192.168.1.55","192.168.1.2","TCP","1514","8004  >  36116 [ACK] Seq=414966 Ack=144 Win=65024 Len=1448 TSval=2916036916 TSecr=3045556688 [TCP segment of a reassembled PDU]"
"32246","32.835482173","192.168.1.55","192.168.1.2","TCP","1514","8004  >  36116 [PSH, ACK] Seq=416414 Ack=144 Win=65024 Len=1448 TSval=2916036916 TSecr=3045556688 [TCP segment of a reassembled PDU]"
"32247","32.835489136","192.168.1.55","192.168.1.2","TCP","866","8004  >  36116 [ACK] Seq=417862 Ack=144 Win=65024 Len=800 TSval=2916036916 TSecr=3045556688 [TCP segment of a reassembled PDU]"
"32248","32.841449757","192.168.1.2","192.168.1.55","TCP","66","36116  >  8004 [ACK] Seq=144 Ack=318750 Win=138240 Len=0 TSval=3045556694 TSecr=2916036910"
"32249","32.841536072","192.168.1.55","192.168.1.2","TCP","1514","8004  >  36116 [ACK] Seq=418662 Ack=144 Win=65024 Len=1448 TSval=2916036922 TSecr=3045556694 [TCP segment of a reassembled PDU]"
"32250","32.841540775","192.168.1.55","192.168.1.2","TCP","1514","8004  >  36116 [ACK] Seq=420110 Ack=144 Win=65024 Len=1448 TSval=2916036922 TSecr=3045556694 [TCP segment of a reassembled PDU]"
"32251","32.841541998","192.168.1.55","192.168.1.2","TCP","1514","8004  >  36116 [ACK] Seq=421558 Ack=144 Win=65024 Len=1448 TSval=2916036922 TSecr=3045556694 [TCP segment of a reassembled PDU]"
"32252","32.841543220","192.168.1.55","192.168.1.2","TCP","1514","8004  >  36116 [ACK] Seq=423006 Ack=144 Win=65024 Len=1448 TSval=2916036922 TSecr=3045556694 [TCP segment of a reassembled PDU]"
"32253","32.841544738","192.168.1.55","192.168.1.2","TCP","1514","8004  >  36116 [ACK] Seq=424454 Ack=144 Win=65024 Len=1448 TSval=2916036922 TSecr=3045556694 [TCP segment of a reassembled PDU]"
"32254","32.841545886","192.168.1.55","192.168.1.2","TCP","1514","8004  >  36116 [ACK] Seq=425902 Ack=144 Win=65024 Len=1448 TSval=2916036922 TSecr=3045556694 [TCP segment of a reassembled PDU]"
"32255","32.841546998","192.168.1.55","192.168.1.2","TCP","1514","8004  >  36116 [ACK] Seq=427350 Ack=144 Win=65024 Len=1448 TSval=2916036922 TSecr=3045556694 [TCP segment of a reassembled PDU]"
"32256","32.841548016","192.168.1.55","192.168.1.2","TCP","1514","8004  >  36116 [ACK] Seq=428798 Ack=144 Win=65024 Len=1448 TSval=2916036922 TSecr=3045556694 [TCP segment of a reassembled PDU]"
"32257","32.841549109","192.168.1.55","192.168.1.2","TCP","1514","8004  >  36116 [ACK] Seq=430246 Ack=144 Win=65024 Len=1448 TSval=2916036922 TSecr=3045556694 [TCP segment of a reassembled PDU]"
"32258","32.841550368","192.168.1.55","192.168.1.2","TCP","1514","8004  >  36116 [ACK] Seq=431694 Ack=144 Win=65024 Len=1448 TSval=2916036922 TSecr=3045556694 [TCP segment of a reassembled PDU]"
"32259","32.841551423","192.168.1.55","192.168.1.2","TCP","1514","8004  >  36116 [ACK] Seq=433142 Ack=144 Win=65024 Len=1448 TSval=2916036922 TSecr=3045556694 [TCP segment of a reassembled PDU]"
"32260","32.841552960","192.168.1.55","192.168.1.2","TCP","1514","8004  >  36116 [ACK] Seq=434590 Ack=144 Win=65024 Len=1448 TSval=2916036922 TSecr=3045556694 [TCP segment of a reassembled PDU]"
"32261","32.841554072","192.168.1.55","192.168.1.2","TCP","1514","8004  >  36116 [ACK] Seq=436038 Ack=144 Win=65024 Len=1448 TSval=2916036922 TSecr=3045556694 [TCP segment of a reassembled PDU]"
"32262","32.841555016","192.168.1.55","192.168.1.2","TCP","1514","8004  >  36116 [ACK] Seq=437486 Ack=144 Win=65024 Len=1448 TSval=2916036922 TSecr=3045556694 [TCP segment of a reassembled PDU]"
"32263","32.841556016","192.168.1.55","192.168.1.2","TCP","1514","8004  >  36116 [ACK] Seq=438934 Ack=144 Win=65024 Len=1448 TSval=2916036922 TSecr=3045556694 [TCP segment of a reassembled PDU]"
"32264","32.841557109","192.168.1.55","192.168.1.2","TCP","1514","8004  >  36116 [ACK] Seq=440382 Ack=144 Win=65024 Len=1448 TSval=2916036922 TSecr=3045556694 [TCP segment of a reassembled PDU]"
"32265","32.841558238","192.168.1.55","192.168.1.2","TCP","1514","8004  >  36116 [ACK] Seq=441830 Ack=144 Win=65024 Len=1448 TSval=2916036922 TSecr=3045556694 [TCP segment of a reassembled PDU]"
"32266","32.841559146","192.168.1.55","192.168.1.2","TCP","1514","8004  >  36116 [ACK] Seq=443278 Ack=144 Win=65024 Len=1448 TSval=2916036922 TSecr=3045556694 [TCP segment of a reassembled PDU]"
"32267","32.841560275","192.168.1.55","192.168.1.2","TCP","1514","8004  >  36116 [ACK] Seq=444726 Ack=144 Win=65024 Len=1448 TSval=2916036922 TSecr=3045556694 [TCP segment of a reassembled PDU]"
"32268","32.841561238","192.168.1.55","192.168.1.2","TCP","1514","8004  >  36116 [ACK] Seq=446174 Ack=144 Win=65024 Len=1448 TSval=2916036922 TSecr=3045556694 [TCP segment of a reassembled PDU]"
"32269","32.841562201","192.168.1.55","192.168.1.2","TCP","1514","8004  >  36116 [ACK] Seq=447622 Ack=144 Win=65024 Len=1448 TSval=2916036922 TSecr=3045556694 [TCP segment of a reassembled PDU]"
"32270","32.841563423","192.168.1.55","192.168.1.2","TCP","1514","8004  >  36116 [ACK] Seq=449070 Ack=144 Win=65024 Len=1448 TSval=2916036922 TSecr=3045556694 [TCP segment of a reassembled PDU]"
"32271","32.841564794","192.168.1.55","192.168.1.2","TCP","1514","8004  >  36116 [ACK] Seq=450518 Ack=144 Win=65024 Len=1448 TSval=2916036922 TSecr=3045556694 [TCP segment of a reassembled PDU]"
"32272","32.841565886","192.168.1.55","192.168.1.2","TCP","1514","8004  >  36116 [ACK] Seq=451966 Ack=144 Win=65024 Len=1448 TSval=2916036922 TSecr=3045556694 [TCP segment of a reassembled PDU]"
"32273","32.841567386","192.168.1.55","192.168.1.2","TCP","1514","8004  >  36116 [ACK] Seq=453414 Ack=144 Win=65024 Len=1448 TSval=2916036922 TSecr=3045556694 [TCP segment of a reassembled PDU]"
"32274","32.841568294","192.168.1.55","192.168.1.2","TCP","1514","8004  >  36116 [PSH, ACK] Seq=454862 Ack=144 Win=65024 Len=1448 TSval=2916036922 TSecr=3045556694 [TCP segment of a reassembled PDU]"
"32275","32.841636183","192.168.1.2","192.168.1.55","TCP","66","36116  >  8004 [ACK] Seq=144 Ack=327438 Win=138240 Len=0 TSval=3045556694 TSecr=2916036911"
"32276","32.841672720","192.168.1.55","192.168.1.2","TCP","1514","8004  >  36116 [ACK] Seq=456310 Ack=144 Win=65024 Len=1448 TSval=2916036922 TSecr=3045556694 [TCP segment of a reassembled PDU]"
"32277","32.841674868","192.168.1.55","192.168.1.2","TCP","1514","8004  >  36116 [ACK] Seq=457758 Ack=144 Win=65024 Len=1448 TSval=2916036922 TSecr=3045556694 [TCP segment of a reassembled PDU]"
"32278","32.841675942","192.168.1.55","192.168.1.2","TCP","1514","8004  >  36116 [ACK] Seq=459206 Ack=144 Win=65024 Len=1448 TSval=2916036922 TSecr=3045556694 [TCP segment of a reassembled PDU]"
"32279","32.841679757","192.168.1.55","192.168.1.2","TCP","1514","8004  >  36116 [ACK] Seq=460654 Ack=144 Win=65024 Len=1448 TSval=2916036922 TSecr=3045556694 [TCP segment of a reassembled PDU]"
"32280","32.841680942","192.168.1.55","192.168.1.2","TCP","1514","8004  >  36116 [PSH, ACK] Seq=462102 Ack=144 Win=65024 Len=1448 TSval=2916036922 TSecr=3045556694 [TCP segment of a reassembled PDU]"
"32281","32.841685831","192.168.1.2","192.168.1.55","TCP","66","36116  >  8004 [ACK] Seq=144 Ack=328886 Win=140288 Len=0 TSval=3045556694 TSecr=2916036911"
"32282","32.841793665","192.168.1.2","192.168.1.55","TCP","66","36116  >  8004 [ACK] Seq=144 Ack=344814 Win=136192 Len=0 TSval=3045556694 TSecr=2916036911"
"32283","32.841803331","192.168.1.2","192.168.1.55","TCP","66","36116  >  8004 [ACK] Seq=144 Ack=373774 Win=124928 Len=0 TSval=3045556695 TSecr=2916036911"
"32284","32.841870702","192.168.1.55","192.168.1.2","TCP","1514","8004  >  36116 [ACK] Seq=463550 Ack=144 Win=65024 Len=1448 TSval=2916036922 TSecr=3045556695 [TCP segment of a reassembled PDU]"
"32285","32.841874702","192.168.1.55","192.168.1.2","TCP","1514","8004  >  36116 [ACK] Seq=464998 Ack=144 Win=65024 Len=1448 TSval=2916036922 TSecr=3045556695 [TCP segment of a reassembled PDU]"
"32286","32.841876054","192.168.1.55","192.168.1.2","TCP","1514","8004  >  36116 [ACK] Seq=466446 Ack=144 Win=65024 Len=1448 TSval=2916036922 TSecr=3045556695 [TCP segment of a reassembled PDU]"
"32287","32.841877276","192.168.1.55","192.168.1.2","TCP","1514","8004  >  36116 [ACK] Seq=467894 Ack=144 Win=65024 Len=1448 TSval=2916036922 TSecr=3045556695 [TCP segment of a reassembled PDU]"
"32288","32.841878609","192.168.1.55","192.168.1.2","TCP","1514","8004  >  36116 [ACK] Seq=469342 Ack=144 Win=65024 Len=1448 TSval=2916036922 TSecr=3045556695 [TCP segment of a reassembled PDU]"
"32289","32.841880405","192.168.1.55","192.168.1.2","TCP","1514","8004  >  36116 [ACK] Seq=470790 Ack=144 Win=65024 Len=1448 TSval=2916036922 TSecr=3045556695 [TCP segment of a reassembled PDU]"
"32290","32.841882146","192.168.1.55","192.168.1.2","TCP","1514","8004  >  36116 [ACK] Seq=472238 Ack=144 Win=65024 Len=1448 TSval=2916036922 TSecr=3045556695 [TCP segment of a reassembled PDU]"
"32291","32.841883220","192.168.1.55","192.168.1.2","TCP","1514","8004  >  36116 [ACK] Seq=473686 Ack=144 Win=65024 Len=1448 TSval=2916036922 TSecr=3045556695 [TCP segment of a reassembled PDU]"
"32292","32.841884868","192.168.1.55","192.168.1.2","TCP","1514","8004  >  36116 [ACK] Seq=475134 Ack=144 Win=65024 Len=1448 TSval=2916036922 TSecr=3045556695 [TCP segment of a reassembled PDU]"
"32293","32.841886850","192.168.1.55","192.168.1.2","TCP","1514","8004  >  36116 [ACK] Seq=476582 Ack=144 Win=65024 Len=1448 TSval=2916036922 TSecr=3045556695 [TCP segment of a reassembled PDU]"
"32294","32.841888220","192.168.1.55","192.168.1.2","TCP","1514","8004  >  36116 [ACK] Seq=478030 Ack=144 Win=65024 Len=1448 TSval=2916036922 TSecr=3045556695 [TCP segment of a reassembled PDU]"
"32295","32.841889665","192.168.1.55","192.168.1.2","TCP","1514","8004  >  36116 [ACK] Seq=479478 Ack=144 Win=65024 Len=1448 TSval=2916036922 TSecr=3045556695 [TCP segment of a reassembled PDU]"
"32296","32.841890980","192.168.1.55","192.168.1.2","TCP","1514","8004  >  36116 [ACK] Seq=480926 Ack=144 Win=65024 Len=1448 TSval=2916036922 TSecr=3045556695 [TCP segment of a reassembled PDU]"
"32297","32.841892517","192.168.1.55","192.168.1.2","TCP","1514","8004  >  36116 [ACK] Seq=482374 Ack=144 Win=65024 Len=1448 TSval=2916036922 TSecr=3045556695 [TCP segment of a reassembled PDU]"
"32298","32.841893887","192.168.1.55","192.168.1.2","TCP","1514","8004  >  36116 [ACK] Seq=483822 Ack=144 Win=65024 Len=1448 TSval=2916036922 TSecr=3045556695 [TCP segment of a reassembled PDU]"
"32299","32.841895257","192.168.1.55","192.168.1.2","TCP","1514","8004  >  36116 [ACK] Seq=485270 Ack=144 Win=65024 Len=1448 TSval=2916036922 TSecr=3045556695 [TCP segment of a reassembled PDU]"
"32300","32.841896998","192.168.1.55","192.168.1.2","TCP","1514","8004  >  36116 [ACK] Seq=486718 Ack=144 Win=65024 Len=1448 TSval=2916036922 TSecr=3045556695 [TCP segment of a reassembled PDU]"
"32301","32.841898146","192.168.1.55","192.168.1.2","TCP","1514","8004  >  36116 [ACK] Seq=488166 Ack=144 Win=65024 Len=1448 TSval=2916036922 TSecr=3045556695 [TCP segment of a reassembled PDU]"
"32302","32.841899517","192.168.1.55","192.168.1.2","TCP","1514","8004  >  36116 [ACK] Seq=489614 Ack=144 Win=65024 Len=1448 TSval=2916036922 TSecr=3045556695 [TCP segment of a reassembled PDU]"
"32303","32.841901128","192.168.1.55","192.168.1.2","TCP","1514","8004  >  36116 [ACK] Seq=491062 Ack=144 Win=65024 Len=1448 TSval=2916036922 TSecr=3045556695 [TCP segment of a reassembled PDU]"
"32304","32.841905128","192.168.1.55","192.168.1.2","TCP","1514","8004  >  36116 [ACK] Seq=492510 Ack=144 Win=65024 Len=1448 TSval=2916036922 TSecr=3045556695 [TCP segment of a reassembled PDU]"
"32305","32.841907239","192.168.1.55","192.168.1.2","TCP","1514","8004  >  36116 [ACK] Seq=493958 Ack=144 Win=65024 Len=1448 TSval=2916036922 TSecr=3045556695 [TCP segment of a reassembled PDU]"
"32306","32.841908480","192.168.1.55","192.168.1.2","TCP","1514","8004  >  36116 [ACK] Seq=495406 Ack=144 Win=65024 Len=1448 TSval=2916036922 TSecr=3045556695 [TCP segment of a reassembled PDU]"
"32307","32.841909905","192.168.1.55","192.168.1.2","TCP","1514","8004  >  36116 [PSH, ACK] Seq=496854 Ack=144 Win=65024 Len=1448 TSval=2916036922 TSecr=3045556695 [TCP segment of a reassembled PDU]"
"32308","32.841924517","192.168.1.55","192.168.1.2","HTTP","222","HTTP/1.0 200 OK  (PNG)"
"32309","32.841995461","192.168.1.2","192.168.1.55","TCP","66","36116  >  8004 [ACK] Seq=144 Ack=376670 Win=146432 Len=0 TSval=3045556696 TSecr=2916036913"
"32310","32.842013091","192.168.1.2","192.168.1.55","TCP","66","36116  >  8004 [ACK] Seq=144 Ack=417862 Win=108544 Len=0 TSval=3045556696 TSecr=2916036913"
"32311","32.845543337","192.168.1.2","192.168.1.55","TCP","66","36116  >  8004 [ACK] Seq=144 Ack=418662 Win=149504 Len=0 TSval=3045556698 TSecr=2916036916"
"32312","32.847764785","192.168.1.2","192.168.1.55","TCP","66","36116  >  8004 [ACK] Seq=144 Ack=456310 Win=116736 Len=0 TSval=3045556703 TSecr=2916036922"
"32313","32.848153934","192.168.1.2","192.168.1.55","TCP","66","36116  >  8004 [ACK] Seq=144 Ack=498302 Win=74752 Len=0 TSval=3045556703 TSecr=2916036922"
"32314","32.849237102","192.168.1.2","192.168.1.55","TCP","66","36116  >  8004 [FIN, ACK] Seq=144 Ack=498459 Win=149504 Len=0 TSval=3045556704 TSecr=2916036922"
"32315","32.849273010","192.168.1.55","192.168.1.2","TCP","66","8004  >  36116 [ACK] Seq=498459 Ack=145 Win=65024 Len=0 TSval=2916036929 TSecr=3045556704"
"32316","32.849344843","192.168.1.2","192.168.1.55","TCP","74","36132  >  8004 [SYN] Seq=0 Win=64240 Len=0 MSS=1460 SACK_PERM TSval=3045556704 TSecr=0 WS=1024"
"32317","32.849393047","192.168.1.55","192.168.1.2","TCP","74","8004  >  36132 [SYN, ACK] Seq=0 Ack=1 Win=65160 Len=0 MSS=1460 SACK_PERM TSval=2916036930 TSecr=3045556704 WS=128"
"32318","32.852731960","192.168.1.2","192.168.1.55","TCP","66","36132  >  8004 [ACK] Seq=1 Ack=1 Win=64512 Len=0 TSval=3045556707 TSecr=2916036930"
"32319","32.855971206","192.168.1.2","192.168.1.55","HTTP","206","GET /stego_benchmark.png HTTP/1.1 "
"32320","32.855994298","192.168.1.55","192.168.1.2","TCP","66","8004  >  36132 [ACK] Seq=1 Ack=141 Win=65024 Len=0 TSval=2916036936 TSecr=3045556707"
"32321","32.856643744","192.168.1.55","192.168.1.2","TCP","255","8004  >  36132 [PSH, ACK] Seq=1 Ack=141 Win=65024 Len=189 TSval=2916036937 TSecr=3045556707 [TCP segment of a reassembled PDU]"
"32322","32.856757540","192.168.1.55","192.168.1.2","TCP","1514","8004  >  36132 [ACK] Seq=190 Ack=141 Win=65024 Len=1448 TSval=2916036937 TSecr=3045556707 [TCP segment of a reassembled PDU]"
"32323","32.856762522","192.168.1.55","192.168.1.2","TCP","1514","8004  >  36132 [ACK] Seq=1638 Ack=141 Win=65024 Len=1448 TSval=2916036937 TSecr=3045556707 [TCP segment of a reassembled PDU]"
"32324","32.856763725","192.168.1.55","192.168.1.2","TCP","1514","8004  >  36132 [ACK] Seq=3086 Ack=141 Win=65024 Len=1448 TSval=2916036937 TSecr=3045556707 [TCP segment of a reassembled PDU]"
"32325","32.856765281","192.168.1.55","192.168.1.2","TCP","1514","8004  >  36132 [ACK] Seq=4534 Ack=141 Win=65024 Len=1448 TSval=2916036937 TSecr=3045556707 [TCP segment of a reassembled PDU]"
"32326","32.856767466","192.168.1.55","192.168.1.2","TCP","1514","8004  >  36132 [PSH, ACK] Seq=5982 Ack=141 Win=65024 Len=1448 TSval=2916036937 TSecr=3045556707 [TCP segment of a reassembled PDU]"
"32327","32.856790559","192.168.1.55","192.168.1.2","TCP","1514","8004  >  36132 [ACK] Seq=7430 Ack=141 Win=65024 Len=1448 TSval=2916036937 TSecr=3045556707 [TCP segment of a reassembled PDU]"
"32328","32.856792077","192.168.1.55","192.168.1.2","TCP","1514","8004  >  36132 [ACK] Seq=8878 Ack=141 Win=65024 Len=1448 TSval=2916036937 TSecr=3045556707 [TCP segment of a reassembled PDU]"
"32329","32.856794392","192.168.1.55","192.168.1.2","TCP","1514","8004  >  36132 [ACK] Seq=10326 Ack=141 Win=65024 Len=1448 TSval=2916036937 TSecr=3045556707 [TCP segment of a reassembled PDU]"
"32330","32.856795762","192.168.1.55","192.168.1.2","TCP","1514","8004  >  36132 [PSH, ACK] Seq=11774 Ack=141 Win=65024 Len=1448 TSval=2916036937 TSecr=3045556707 [TCP segment of a reassembled PDU]"
"32331","32.860405953","192.168.1.2","192.168.1.55","TCP","66","36132  >  8004 [ACK] Seq=141 Ack=190 Win=64512 Len=0 TSval=3045556715 TSecr=2916036937"
"32332","32.860443472","192.168.1.55","192.168.1.2","TCP","1514","8004  >  36132 [ACK] Seq=13222 Ack=141 Win=65024 Len=1448 TSval=2916036941 TSecr=3045556715 [TCP segment of a reassembled PDU]"
"32333","32.860449453","192.168.1.55","192.168.1.2","TCP","1514","8004  >  36132 [PSH, ACK] Seq=14670 Ack=141 Win=65024 Len=1448 TSval=2916036941 TSecr=3045556715 [TCP segment of a reassembled PDU]"
"32334","32.860546342","192.168.1.2","192.168.1.55","TCP","66","36132  >  8004 [ACK] Seq=141 Ack=4534 Win=64512 Len=0 TSval=3045556715 TSecr=2916036937"
"32335","32.860566935","192.168.1.55","192.168.1.2","TCP","1514","8004  >  36132 [ACK] Seq=16118 Ack=141 Win=65024 Len=1448 TSval=2916036941 TSecr=3045556715 [TCP segment of a reassembled PDU]"
"32336","32.860569472","192.168.1.55","192.168.1.2","TCP","1514","8004  >  36132 [ACK] Seq=17566 Ack=141 Win=65024 Len=1448 TSval=2916036941 TSecr=3045556715 [TCP segment of a reassembled PDU]"
"32337","32.860570750","192.168.1.55","192.168.1.2","TCP","1514","8004  >  36132 [ACK] Seq=19014 Ack=141 Win=65024 Len=1448 TSval=2916036941 TSecr=3045556715 [TCP segment of a reassembled PDU]"
"32338","32.860572213","192.168.1.55","192.168.1.2","TCP","1514","8004  >  36132 [ACK] Seq=20462 Ack=141 Win=65024 Len=1448 TSval=2916036941 TSecr=3045556715 [TCP segment of a reassembled PDU]"
"32339","32.860573491","192.168.1.55","192.168.1.2","TCP","1514","8004  >  36132 [ACK] Seq=21910 Ack=141 Win=65024 Len=1448 TSval=2916036941 TSecr=3045556715 [TCP segment of a reassembled PDU]"
"32340","32.860574843","192.168.1.55","192.168.1.2","TCP","1514","8004  >  36132 [PSH, ACK] Seq=23358 Ack=141 Win=65024 Len=1448 TSval=2916036941 TSecr=3045556715 [TCP segment of a reassembled PDU]"
"32341","32.860579083","192.168.1.2","192.168.1.55","TCP","66","36132  >  8004 [ACK] Seq=141 Ack=7430 Win=67584 Len=0 TSval=3045556715 TSecr=2916036937"
"32342","32.860587768","192.168.1.2","192.168.1.55","TCP","66","36132  >  8004 [ACK] Seq=141 Ack=13222 Win=63488 Len=0 TSval=3045556715 TSecr=2916036937"
"32343","32.860610713","192.168.1.55","192.168.1.2","TCP","1514","8004  >  36132 [ACK] Seq=24806 Ack=141 Win=65024 Len=1448 TSval=2916036941 TSecr=3045556715 [TCP segment of a reassembled PDU]"
"32344","32.860612694","192.168.1.55","192.168.1.2","TCP","1514","8004  >  36132 [ACK] Seq=26254 Ack=141 Win=65024 Len=1448 TSval=2916036941 TSecr=3045556715 [TCP segment of a reassembled PDU]"
"32345","32.860614139","192.168.1.55","192.168.1.2","TCP","1514","8004  >  36132 [ACK] Seq=27702 Ack=141 Win=65024 Len=1448 TSval=2916036941 TSecr=3045556715 [TCP segment of a reassembled PDU]"
"32346","32.860615417","192.168.1.55","192.168.1.2","TCP","1514","8004  >  36132 [ACK] Seq=29150 Ack=141 Win=65024 Len=1448 TSval=2916036941 TSecr=3045556715 [TCP segment of a reassembled PDU]"
"32347","32.860616639","192.168.1.55","192.168.1.2","TCP","1514","8004  >  36132 [ACK] Seq=30598 Ack=141 Win=65024 Len=1448 TSval=2916036941 TSecr=3045556715 [TCP segment of a reassembled PDU]"
"32348","32.860617898","192.168.1.55","192.168.1.2","TCP","1514","8004  >  36132 [ACK] Seq=32046 Ack=141 Win=65024 Len=1448 TSval=2916036941 TSecr=3045556715 [TCP segment of a reassembled PDU]"
"32349","32.860619250","192.168.1.55","192.168.1.2","TCP","1514","8004  >  36132 [ACK] Seq=33494 Ack=141 Win=65024 Len=1448 TSval=2916036941 TSecr=3045556715 [TCP segment of a reassembled PDU]"
"32350","32.860620713","192.168.1.55","192.168.1.2","TCP","1514","8004  >  36132 [ACK] Seq=34942 Ack=141 Win=65024 Len=1448 TSval=2916036941 TSecr=3045556715 [TCP segment of a reassembled PDU]"
"32351","32.860622213","192.168.1.55","192.168.1.2","TCP","1514","8004  >  36132 [ACK] Seq=36390 Ack=141 Win=65024 Len=1448 TSval=2916036941 TSecr=3045556715 [TCP segment of a reassembled PDU]"
"32352","32.860623676","192.168.1.55","192.168.1.2","TCP","1514","8004  >  36132 [PSH, ACK] Seq=37838 Ack=141 Win=65024 Len=1448 TSval=2916036941 TSecr=3045556715 [TCP segment of a reassembled PDU]"
"32353","32.861334473","192.168.1.55","192.168.1.2","TCP","1514","8004  >  36132 [ACK] Seq=39286 Ack=141 Win=65024 Len=1448 TSval=2916036942 TSecr=3045556715 [TCP segment of a reassembled PDU]"
"32354","32.861337455","192.168.1.55","192.168.1.2","TCP","1514","8004  >  36132 [PSH, ACK] Seq=40734 Ack=141 Win=65024 Len=1448 TSval=2916036942 TSecr=3045556715 [TCP segment of a reassembled PDU]"
"32355","32.865018442","192.168.1.2","192.168.1.55","TCP","66","36132  >  8004 [ACK] Seq=141 Ack=16118 Win=67584 Len=0 TSval=3045556719 TSecr=2916036941"
"32356","32.865057387","192.168.1.55","192.168.1.2","TCP","1514","8004  >  36132 [ACK] Seq=42182 Ack=141 Win=65024 Len=1448 TSval=2916036945 TSecr=3045556719 [TCP segment of a reassembled PDU]"
"32357","32.865061720","192.168.1.55","192.168.1.2","TCP","1514","8004  >  36132 [PSH, ACK] Seq=43630 Ack=141 Win=65024 Len=1448 TSval=2916036945 TSecr=3045556719 [TCP segment of a reassembled PDU]"
"32358","32.865283739","192.168.1.2","192.168.1.55","TCP","66","36132  >  8004 [ACK] Seq=141 Ack=24806 Win=61440 Len=0 TSval=3045556719 TSecr=2916036941"
"32359","32.865331702","192.168.1.55","192.168.1.2","TCP","1514","8004  >  36132 [ACK] Seq=45078 Ack=141 Win=65024 Len=1448 TSval=2916036946 TSecr=3045556719 [TCP segment of a reassembled PDU]"
"32360","32.865334498","192.168.1.55","192.168.1.2","TCP","1514","8004  >  36132 [ACK] Seq=46526 Ack=141 Win=65024 Len=1448 TSval=2916036946 TSecr=3045556719 [TCP segment of a reassembled PDU]"
"32361","32.865335961","192.168.1.55","192.168.1.2","TCP","1514","8004  >  36132 [ACK] Seq=47974 Ack=141 Win=65024 Len=1448 TSval=2916036946 TSecr=3045556719 [TCP segment of a reassembled PDU]"
"32362","32.865337350","192.168.1.55","192.168.1.2","TCP","1514","8004  >  36132 [ACK] Seq=49422 Ack=141 Win=65024 Len=1448 TSval=2916036946 TSecr=3045556719 [TCP segment of a reassembled PDU]"
"32363","32.865338665","192.168.1.55","192.168.1.2","TCP","1514","8004  >  36132 [ACK] Seq=50870 Ack=141 Win=65024 Len=1448 TSval=2916036946 TSecr=3045556719 [TCP segment of a reassembled PDU]"
"32364","32.865339887","192.168.1.55","192.168.1.2","TCP","1514","8004  >  36132 [ACK] Seq=52318 Ack=141 Win=65024 Len=1448 TSval=2916036946 TSecr=3045556719 [TCP segment of a reassembled PDU]"
"32365","32.865341146","192.168.1.55","192.168.1.2","TCP","1514","8004  >  36132 [ACK] Seq=53766 Ack=141 Win=65024 Len=1448 TSval=2916036946 TSecr=3045556719 [TCP segment of a reassembled PDU]"
"32366","32.865342424","192.168.1.55","192.168.1.2","TCP","1514","8004  >  36132 [ACK] Seq=55214 Ack=141 Win=65024 Len=1448 TSval=2916036946 TSecr=3045556719 [TCP segment of a reassembled PDU]"
"32367","32.865343646","192.168.1.55","192.168.1.2","TCP","1514","8004  >  36132 [ACK] Seq=56662 Ack=141 Win=65024 Len=1448 TSval=2916036946 TSecr=3045556719 [TCP segment of a reassembled PDU]"
"32368","32.865344961","192.168.1.55","192.168.1.2","TCP","1514","8004  >  36132 [ACK] Seq=58110 Ack=141 Win=65024 Len=1448 TSval=2916036946 TSecr=3045556719 [TCP segment of a reassembled PDU]"
"32369","32.865346258","192.168.1.55","192.168.1.2","TCP","1514","8004  >  36132 [ACK] Seq=59558 Ack=141 Win=65024 Len=1448 TSval=2916036946 TSecr=3045556719 [TCP segment of a reassembled PDU]"
"32370","32.865347443","192.168.1.55","192.168.1.2","TCP","1514","8004  >  36132 [ACK] Seq=61006 Ack=141 Win=65024 Len=1448 TSval=2916036946 TSecr=3045556719 [TCP segment of a reassembled PDU]"
"32371","32.865348924","192.168.1.55","192.168.1.2","TCP","1514","8004  >  36132 [ACK] Seq=62454 Ack=141 Win=65024 Len=1448 TSval=2916036946 TSecr=3045556719 [TCP segment of a reassembled PDU]"
"32372","32.865350239","192.168.1.55","192.168.1.2","TCP","1514","8004  >  36132 [PSH, ACK] Seq=63902 Ack=141 Win=65024 Len=1448 TSval=2916036946 TSecr=3045556719 [TCP segment of a reassembled PDU]"
"32373","32.865361109","192.168.1.2","192.168.1.55","TCP","66","36132  >  8004 [ACK] Seq=141 Ack=36390 Win=53248 Len=0 TSval=3045556719 TSecr=2916036941"
"32374","32.865382184","192.168.1.55","192.168.1.2","TCP","1514","8004  >  36132 [ACK] Seq=65350 Ack=141 Win=65024 Len=1448 TSval=2916036946 TSecr=3045556719 [TCP segment of a reassembled PDU]"
"32375","32.865383869","192.168.1.55","192.168.1.2","TCP","1514","8004  >  36132 [ACK] Seq=66798 Ack=141 Win=65024 Len=1448 TSval=2916036946 TSecr=3045556719 [TCP segment of a reassembled PDU]"
"32376","32.865385035","192.168.1.55","192.168.1.2","TCP","1514","8004  >  36132 [ACK] Seq=68246 Ack=141 Win=65024 Len=1448 TSval=2916036946 TSecr=3045556719 [TCP segment of a reassembled PDU]"
"32377","32.865386313","192.168.1.55","192.168.1.2","TCP","1514","8004  >  36132 [ACK] Seq=69694 Ack=141 Win=65024 Len=1448 TSval=2916036946 TSecr=3045556719 [TCP segment of a reassembled PDU]"
"32378","32.865387498","192.168.1.55","192.168.1.2","TCP","1514","8004  >  36132 [ACK] Seq=71142 Ack=141 Win=65024 Len=1448 TSval=2916036946 TSecr=3045556719 [TCP segment of a reassembled PDU]"
"32379","32.865388684","192.168.1.55","192.168.1.2","TCP","1514","8004  >  36132 [ACK] Seq=72590 Ack=141 Win=65024 Len=1448 TSval=2916036946 TSecr=3045556719 [TCP segment of a reassembled PDU]"
"32380","32.865390091","192.168.1.55","192.168.1.2","TCP","1514","8004  >  36132 [ACK] Seq=74038 Ack=141 Win=65024 Len=1448 TSval=2916036946 TSecr=3045556719 [TCP segment of a reassembled PDU]"
"32381","32.865391276","192.168.1.55","192.168.1.2","TCP","1514","8004  >  36132 [PSH, ACK] Seq=75486 Ack=141 Win=65024 Len=1448 TSval=2916036946 TSecr=3045556719 [TCP segment of a reassembled PDU]"
"32382","32.865398350","192.168.1.2","192.168.1.55","TCP","66","36132  >  8004 [ACK] Seq=141 Ack=39286 Win=67584 Len=0 TSval=3045556720 TSecr=2916036941"
"32383","32.865405350","192.168.1.2","192.168.1.55","TCP","66","36132  >  8004 [ACK] Seq=141 Ack=42182 Win=67584 Len=0 TSval=3045556720 TSecr=2916036942"
"32384","32.865432387","192.168.1.55","192.168.1.2","TCP","1514","8004  >  36132 [ACK] Seq=76934 Ack=141 Win=65024 Len=1448 TSval=2916036946 TSecr=3045556720 [TCP segment of a reassembled PDU]"
"32385","32.865434165","192.168.1.55","192.168.1.2","TCP","1514","8004  >  36132 [ACK] Seq=78382 Ack=141 Win=65024 Len=1448 TSval=2916036946 TSecr=3045556720 [TCP segment of a reassembled PDU]"
"32386","32.865435387","192.168.1.55","192.168.1.2","TCP","1514","8004  >  36132 [ACK] Seq=79830 Ack=141 Win=65024 Len=1448 TSval=2916036946 TSecr=3045556720 [TCP segment of a reassembled PDU]"
"32387","32.865436665","192.168.1.55","192.168.1.2","TCP","1514","8004  >  36132 [ACK] Seq=81278 Ack=141 Win=65024 Len=1448 TSval=2916036946 TSecr=3045556720 [TCP segment of a reassembled PDU]"
"32388","32.865437924","192.168.1.55","192.168.1.2","TCP","1514","8004  >  36132 [ACK] Seq=82726 Ack=141 Win=65024 Len=1448 TSval=2916036946 TSecr=3045556720 [TCP segment of a reassembled PDU]"
"32389","32.865439258","192.168.1.55","192.168.1.2","TCP","1514","8004  >  36132 [ACK] Seq=84174 Ack=141 Win=65024 Len=1448 TSval=2916036946 TSecr=3045556720 [TCP segment of a reassembled PDU]"
"32390","32.865440572","192.168.1.55","192.168.1.2","TCP","1514","8004  >  36132 [ACK] Seq=85622 Ack=141 Win=65024 Len=1448 TSval=2916036946 TSecr=3045556720 [TCP segment of a reassembled PDU]"
"32391","32.865442035","192.168.1.55","192.168.1.2","TCP","1514","8004  >  36132 [ACK] Seq=87070 Ack=141 Win=65024 Len=1448 TSval=2916036946 TSecr=3045556720 [TCP segment of a reassembled PDU]"
"32392","32.865443665","192.168.1.55","192.168.1.2","TCP","1514","8004  >  36132 [ACK] Seq=88518 Ack=141 Win=65024 Len=1448 TSval=2916036946 TSecr=3045556720 [TCP segment of a reassembled PDU]"
"32393","32.865444869","192.168.1.55","192.168.1.2","TCP","1514","8004  >  36132 [ACK] Seq=89966 Ack=141 Win=65024 Len=1448 TSval=2916036946 TSecr=3045556720 [TCP segment of a reassembled PDU]"
"32394","32.865446221","192.168.1.55","192.168.1.2","TCP","1514","8004  >  36132 [ACK] Seq=91414 Ack=141 Win=65024 Len=1448 TSval=2916036946 TSecr=3045556720 [TCP segment of a reassembled PDU]"
"32395","32.865447443","192.168.1.55","192.168.1.2","TCP","1514","8004  >  36132 [ACK] Seq=92862 Ack=141 Win=65024 Len=1448 TSval=2916036946 TSecr=3045556720 [TCP segment of a reassembled PDU]"
"32396","32.865448758","192.168.1.55","192.168.1.2","TCP","1514","8004  >  36132 [ACK] Seq=94310 Ack=141 Win=65024 Len=1448 TSval=2916036946 TSecr=3045556720 [TCP segment of a reassembled PDU]"
"32397","32.865450110","192.168.1.55","192.168.1.2","TCP","1514","8004  >  36132 [ACK] Seq=95758 Ack=141 Win=65024 Len=1448 TSval=2916036946 TSecr=3045556720 [TCP segment of a reassembled PDU]"
"32398","32.865451369","192.168.1.55","192.168.1.2","TCP","1514","8004  >  36132 [ACK] Seq=97206 Ack=141 Win=65024 Len=1448 TSval=2916036946 TSecr=3045556720 [TCP segment of a reassembled PDU]"
"32399","32.865452739","192.168.1.55","192.168.1.2","TCP","1514","8004  >  36132 [PSH, ACK] Seq=98654 Ack=141 Win=65024 Len=1448 TSval=2916036946 TSecr=3045556720 [TCP segment of a reassembled PDU]"
"32400","32.869867302","192.168.1.2","192.168.1.55","TCP","66","36132  >  8004 [ACK] Seq=141 Ack=45078 Win=65536 Len=0 TSval=3045556722 TSecr=2916036945"
"32401","32.869904283","192.168.1.55","192.168.1.2","TCP","1514","8004  >  36132 [ACK] Seq=100102 Ack=141 Win=65024 Len=1448 TSval=2916036950 TSecr=3045556722 [TCP segment of a reassembled PDU]"
"32402","32.869907876","192.168.1.55","192.168.1.2","TCP","1514","8004  >  36132 [ACK] Seq=101550 Ack=141 Win=65024 Len=1448 TSval=2916036950 TSecr=3045556722 [TCP segment of a reassembled PDU]"
"32403","32.869918413","192.168.1.55","192.168.1.2","TCP","1514","8004  >  36132 [ACK] Seq=102998 Ack=141 Win=65024 Len=1448 TSval=2916036950 TSecr=3045556722 [TCP segment of a reassembled PDU]"
"32404","32.869919839","192.168.1.55","192.168.1.2","TCP","1514","8004  >  36132 [PSH, ACK] Seq=104446 Ack=141 Win=65024 Len=1448 TSval=2916036950 TSecr=3045556722 [TCP segment of a reassembled PDU]"
"32405","32.872837029","192.168.1.2","192.168.1.55","TCP","66","36132  >  8004 [ACK] Seq=141 Ack=65350 Win=54272 Len=0 TSval=3045556726 TSecr=2916036946"
"32406","32.872855269","192.168.1.55","192.168.1.2","TCP","1514","8004  >  36132 [ACK] Seq=105894 Ack=141 Win=65024 Len=1448 TSval=2916036953 TSecr=3045556726 [TCP segment of a reassembled PDU]"
"32407","32.872858714","192.168.1.55","192.168.1.2","TCP","1514","8004  >  36132 [ACK] Seq=107342 Ack=141 Win=65024 Len=1448 TSval=2916036953 TSecr=3045556726 [TCP segment of a reassembled PDU]"
"32408","32.872861214","192.168.1.55","192.168.1.2","TCP","1514","8004  >  36132 [PSH, ACK] Seq=108790 Ack=141 Win=65024 Len=1448 TSval=2916036953 TSecr=3045556726 [TCP segment of a reassembled PDU]"
"32409","32.872922084","192.168.1.2","192.168.1.55","TCP","66","36132  >  8004 [ACK] Seq=141 Ack=76934 Win=45056 Len=0 TSval=3045556726 TSecr=2916036946"
"32410","32.872933158","192.168.1.2","192.168.1.55","TCP","66","36132  >  8004 [ACK] Seq=141 Ack=94310 Win=56320 Len=0 TSval=3045556726 TSecr=2916036946"
"32411","32.872980603","192.168.1.55","192.168.1.2","TCP","1514","8004  >  36132 [ACK] Seq=110238 Ack=141 Win=65024 Len=1448 TSval=2916036953 TSecr=3045556726 [TCP segment of a reassembled PDU]"
"32412","32.872984510","192.168.1.55","192.168.1.2","TCP","1514","8004  >  36132 [ACK] Seq=111686 Ack=141 Win=65024 Len=1448 TSval=2916036953 TSecr=3045556726 [TCP segment of a reassembled PDU]"
"32413","32.872987770","192.168.1.55","192.168.1.2","TCP","1514","8004  >  36132 [ACK] Seq=113134 Ack=141 Win=65024 Len=1448 TSval=2916036953 TSecr=3045556726 [TCP segment of a reassembled PDU]"
"32414","32.872989622","192.168.1.55","192.168.1.2","TCP","1514","8004  >  36132 [ACK] Seq=114582 Ack=141 Win=65024 Len=1448 TSval=2916036953 TSecr=3045556726 [TCP segment of a reassembled PDU]"
"32415","32.872991640","192.168.1.55","192.168.1.2","TCP","1514","8004  >  36132 [ACK] Seq=116030 Ack=141 Win=65024 Len=1448 TSval=2916036953 TSecr=3045556726 [TCP segment of a reassembled PDU]"
"32416","32.872993251","192.168.1.55","192.168.1.2","TCP","1514","8004  >  36132 [ACK] Seq=117478 Ack=141 Win=65024 Len=1448 TSval=2916036953 TSecr=3045556726 [TCP segment of a reassembled PDU]"
"32417","32.872995066","192.168.1.55","192.168.1.2","TCP","1514","8004  >  36132 [ACK] Seq=118926 Ack=141 Win=65024 Len=1448 TSval=2916036953 TSecr=3045556726 [TCP segment of a reassembled PDU]"
"32418","32.872998029","192.168.1.55","192.168.1.2","TCP","1514","8004  >  36132 [ACK] Seq=120374 Ack=141 Win=65024 Len=1448 TSval=2916036953 TSecr=3045556726 [TCP segment of a reassembled PDU]"
"32419","32.872999992","192.168.1.55","192.168.1.2","TCP","1514","8004  >  36132 [ACK] Seq=121822 Ack=141 Win=65024 Len=1448 TSval=2916036953 TSecr=3045556726 [TCP segment of a reassembled PDU]"
"32420","32.873001307","192.168.1.55","192.168.1.2","TCP","1514","8004  >  36132 [ACK] Seq=123270 Ack=141 Win=65024 Len=1448 TSval=2916036953 TSecr=3045556726 [TCP segment of a reassembled PDU]"
"32421","32.873002659","192.168.1.55","192.168.1.2","TCP","1514","8004  >  36132 [ACK] Seq=124718 Ack=141 Win=65024 Len=1448 TSval=2916036953 TSecr=3045556726 [TCP segment of a reassembled PDU]"
"32422","32.873004973","192.168.1.55","192.168.1.2","TCP","1514","8004  >  36132 [ACK] Seq=126166 Ack=141 Win=65024 Len=1448 TSval=2916036953 TSecr=3045556726 [TCP segment of a reassembled PDU]"
"32423","32.873006918","192.168.1.55","192.168.1.2","TCP","1514","8004  >  36132 [ACK] Seq=127614 Ack=141 Win=65024 Len=1448 TSval=2916036953 TSecr=3045556726 [TCP segment of a reassembled PDU]"
"32424","32.873008066","192.168.1.55","192.168.1.2","TCP","1514","8004  >  36132 [ACK] Seq=129062 Ack=141 Win=65024 Len=1448 TSval=2916036953 TSecr=3045556726 [TCP segment of a reassembled PDU]"
"32425","32.873009399","192.168.1.55","192.168.1.2","TCP","1514","8004  >  36132 [ACK] Seq=130510 Ack=141 Win=65024 Len=1448 TSval=2916036953 TSecr=3045556726 [TCP segment of a reassembled PDU]"
"32426","32.873011455","192.168.1.55","192.168.1.2","TCP","1514","8004  >  36132 [ACK] Seq=131958 Ack=141 Win=65024 Len=1448 TSval=2916036953 TSecr=3045556726 [TCP segment of a reassembled PDU]"
"32427","32.873013418","192.168.1.55","192.168.1.2","TCP","1514","8004  >  36132 [ACK] Seq=133406 Ack=141 Win=65024 Len=1448 TSval=2916036953 TSecr=3045556726 [TCP segment of a reassembled PDU]"
"32428","32.873015177","192.168.1.55","192.168.1.2","TCP","1514","8004  >  36132 [ACK] Seq=134854 Ack=141 Win=65024 Len=1448 TSval=2916036953 TSecr=3045556726 [TCP segment of a reassembled PDU]"
"32429","32.873016510","192.168.1.55","192.168.1.2","TCP","1514","8004  >  36132 [ACK] Seq=136302 Ack=141 Win=65024 Len=1448 TSval=2916036953 TSecr=3045556726 [TCP segment of a reassembled PDU]"
"32430","32.873017899","192.168.1.55","192.168.1.2","TCP","1514","8004  >  36132 [ACK] Seq=137750 Ack=141 Win=65024 Len=1448 TSval=2916036953 TSecr=3045556726 [TCP segment of a reassembled PDU]"
"32431","32.873022029","192.168.1.55","192.168.1.2","TCP","1514","8004  >  36132 [ACK] Seq=139198 Ack=141 Win=65024 Len=1448 TSval=2916036953 TSecr=3045556726 [TCP segment of a reassembled PDU]"
"32432","32.873023844","192.168.1.55","192.168.1.2","TCP","1514","8004  >  36132 [ACK] Seq=140646 Ack=141 Win=65024 Len=1448 TSval=2916036953 TSecr=3045556726 [TCP segment of a reassembled PDU]"
"32433","32.873025270","192.168.1.55","192.168.1.2","TCP","1514","8004  >  36132 [PSH, ACK] Seq=142094 Ack=141 Win=65024 Len=1448 TSval=2916036953 TSecr=3045556726 [TCP segment of a reassembled PDU]"
"32434","32.874050642","192.168.1.55","192.168.1.2","TCP","1514","8004  >  36132 [ACK] Seq=143542 Ack=141 Win=65024 Len=1448 TSval=2916036954 TSecr=3045556726 [TCP segment of a reassembled PDU]"
"32435","32.874055586","192.168.1.55","192.168.1.2","TCP","1514","8004  >  36132 [ACK] Seq=144990 Ack=141 Win=65024 Len=1448 TSval=2916036954 TSecr=3045556726 [TCP segment of a reassembled PDU]"
"32436","32.874057364","192.168.1.55","192.168.1.2","TCP","1514","8004  >  36132 [ACK] Seq=146438 Ack=141 Win=65024 Len=1448 TSval=2916036954 TSecr=3045556726 [TCP segment of a reassembled PDU]"
"32437","32.874058568","192.168.1.55","192.168.1.2","TCP","1514","8004  >  36132 [ACK] Seq=147886 Ack=141 Win=65024 Len=1448 TSval=2916036954 TSecr=3045556726 [TCP segment of a reassembled PDU]"
"32438","32.874060345","192.168.1.55","192.168.1.2","TCP","1362","[TCP Window Full] 8004  >  36132 [PSH, ACK] Seq=149334 Ack=141 Win=65024 Len=1296 TSval=2916036954 TSecr=3045556726 [TCP segment of a reassembled PDU]"
"32439","32.876139127","192.168.1.2","192.168.1.55","TCP","66","36132  >  8004 [ACK] Seq=141 Ack=100102 Win=62464 Len=0 TSval=3045556727 TSecr=2916036946"
"32440","32.876172460","192.168.1.55","192.168.1.2","TCP","1514","8004  >  36132 [ACK] Seq=150630 Ack=141 Win=65024 Len=1448 TSval=2916036956 TSecr=3045556727 [TCP segment of a reassembled PDU]"
"32441","32.876175441","192.168.1.55","192.168.1.2","TCP","1514","8004  >  36132 [ACK] Seq=152078 Ack=141 Win=65024 Len=1448 TSval=2916036956 TSecr=3045556727 [TCP segment of a reassembled PDU]"
"32442","32.876176645","192.168.1.55","192.168.1.2","TCP","1514","8004  >  36132 [ACK] Seq=153526 Ack=141 Win=65024 Len=1448 TSval=2916036956 TSecr=3045556727 [TCP segment of a reassembled PDU]"
"32443","32.876177738","192.168.1.55","192.168.1.2","TCP","1514","8004  >  36132 [ACK] Seq=154974 Ack=141 Win=65024 Len=1448 TSval=2916036956 TSecr=3045556727 [TCP segment of a reassembled PDU]"
"32444","32.876178923","192.168.1.55","192.168.1.2","TCP","1514","8004  >  36132 [ACK] Seq=156422 Ack=141 Win=65024 Len=1448 TSval=2916036956 TSecr=3045556727 [TCP segment of a reassembled PDU]"
"32445","32.876180053","192.168.1.55","192.168.1.2","TCP","1514","8004  >  36132 [ACK] Seq=157870 Ack=141 Win=65024 Len=1448 TSval=2916036956 TSecr=3045556727 [TCP segment of a reassembled PDU]"
"32446","32.876181201","192.168.1.55","192.168.1.2","TCP","1514","8004  >  36132 [ACK] Seq=159318 Ack=141 Win=65024 Len=1448 TSval=2916036956 TSecr=3045556727 [TCP segment of a reassembled PDU]"
"32447","32.876182719","192.168.1.55","192.168.1.2","TCP","1514","8004  >  36132 [PSH, ACK] Seq=160766 Ack=141 Win=65024 Len=1448 TSval=2916036956 TSecr=3045556727 [TCP segment of a reassembled PDU]"
"32448","32.876212701","192.168.1.2","192.168.1.55","TCP","66","36132  >  8004 [ACK] Seq=141 Ack=105894 Win=62464 Len=0 TSval=3045556728 TSecr=2916036950"
"32449","32.878795057","192.168.1.2","192.168.1.55","TCP","66","36132  >  8004 [ACK] Seq=141 Ack=110238 Win=64512 Len=0 TSval=3045556732 TSecr=2916036953"
"32450","32.878811797","192.168.1.55","192.168.1.2","TCP","1514","8004  >  36132 [ACK] Seq=162214 Ack=141 Win=65024 Len=1448 TSval=2916036959 TSecr=3045556732 [TCP segment of a reassembled PDU]"
"32451","32.878814186","192.168.1.55","192.168.1.2","TCP","1514","8004  >  36132 [ACK] Seq=163662 Ack=141 Win=65024 Len=1448 TSval=2916036959 TSecr=3045556732 [TCP segment of a reassembled PDU]"
"32452","32.878815520","192.168.1.55","192.168.1.2","TCP","1514","8004  >  36132 [ACK] Seq=165110 Ack=141 Win=65024 Len=1448 TSval=2916036959 TSecr=3045556732 [TCP segment of a reassembled PDU]"
"32453","32.878816760","192.168.1.55","192.168.1.2","TCP","1514","8004  >  36132 [ACK] Seq=166558 Ack=141 Win=65024 Len=1448 TSval=2916036959 TSecr=3045556732 [TCP segment of a reassembled PDU]"
"32454","32.878818057","192.168.1.55","192.168.1.2","TCP","1514","8004  >  36132 [ACK] Seq=168006 Ack=141 Win=65024 Len=1448 TSval=2916036959 TSecr=3045556732 [TCP segment of a reassembled PDU]"
"32455","32.878819742","192.168.1.55","192.168.1.2","TCP","1514","8004  >  36132 [ACK] Seq=169454 Ack=141 Win=65024 Len=1448 TSval=2916036959 TSecr=3045556732 [TCP segment of a reassembled PDU]"
"32456","32.878821020","192.168.1.55","192.168.1.2","TCP","1514","8004  >  36132 [ACK] Seq=170902 Ack=141 Win=65024 Len=1448 TSval=2916036959 TSecr=3045556732 [TCP segment of a reassembled PDU]"
"32457","32.878822279","192.168.1.55","192.168.1.2","TCP","1514","8004  >  36132 [PSH, ACK] Seq=172350 Ack=141 Win=65024 Len=1448 TSval=2916036959 TSecr=3045556732 [TCP segment of a reassembled PDU]"
"32458","32.879209465","192.168.1.2","192.168.1.55","TCP","66","36132  >  8004 [ACK] Seq=141 Ack=140646 Win=67584 Len=0 TSval=3045556732 TSecr=2916036953"
"32459","32.879219428","192.168.1.55","192.168.1.2","TCP","1514","8004  >  36132 [ACK] Seq=173798 Ack=141 Win=65024 Len=1448 TSval=2916036959 TSecr=3045556732 [TCP segment of a reassembled PDU]"
"32460","32.879221539","192.168.1.55","192.168.1.2","TCP","1514","8004  >  36132 [PSH, ACK] Seq=175246 Ack=141 Win=65024 Len=1448 TSval=2916036959 TSecr=3045556732 [TCP segment of a reassembled PDU]"
"32461","32.879226668","192.168.1.55","192.168.1.2","TCP","218","8004  >  36132 [PSH, ACK] Seq=176694 Ack=141 Win=65024 Len=152 TSval=2916036959 TSecr=3045556732 [TCP segment of a reassembled PDU]"
"32462","32.879246206","192.168.1.55","192.168.1.2","TCP","1514","8004  >  36132 [ACK] Seq=176846 Ack=141 Win=65024 Len=1448 TSval=2916036959 TSecr=3045556732 [TCP segment of a reassembled PDU]"
"32463","32.879247687","192.168.1.55","192.168.1.2","TCP","1514","8004  >  36132 [ACK] Seq=178294 Ack=141 Win=65024 Len=1448 TSval=2916036959 TSecr=3045556732 [TCP segment of a reassembled PDU]"
"32464","32.879249557","192.168.1.55","192.168.1.2","TCP","1514","8004  >  36132 [ACK] Seq=179742 Ack=141 Win=65024 Len=1448 TSval=2916036959 TSecr=3045556732 [TCP segment of a reassembled PDU]"
"32465","32.879250854","192.168.1.55","192.168.1.2","TCP","1514","8004  >  36132 [ACK] Seq=181190 Ack=141 Win=65024 Len=1448 TSval=2916036959 TSecr=3045556732 [TCP segment of a reassembled PDU]"
"32466","32.879252168","192.168.1.55","192.168.1.2","TCP","1514","8004  >  36132 [ACK] Seq=182638 Ack=141 Win=65024 Len=1448 TSval=2916036959 TSecr=3045556732 [TCP segment of a reassembled PDU]"
"32467","32.879253428","192.168.1.55","192.168.1.2","TCP","1514","8004  >  36132 [ACK] Seq=184086 Ack=141 Win=65024 Len=1448 TSval=2916036959 TSecr=3045556732 [TCP segment of a reassembled PDU]"
"32468","32.879254650","192.168.1.55","192.168.1.2","TCP","1514","8004  >  36132 [ACK] Seq=185534 Ack=141 Win=65024 Len=1448 TSval=2916036959 TSecr=3045556732 [TCP segment of a reassembled PDU]"
"32469","32.879255891","192.168.1.55","192.168.1.2","TCP","1514","8004  >  36132 [ACK] Seq=186982 Ack=141 Win=65024 Len=1448 TSval=2916036959 TSecr=3045556732 [TCP segment of a reassembled PDU]"
"32470","32.879257113","192.168.1.55","192.168.1.2","TCP","1514","8004  >  36132 [ACK] Seq=188430 Ack=141 Win=65024 Len=1448 TSval=2916036959 TSecr=3045556732 [TCP segment of a reassembled PDU]"
"32471","32.879258502","192.168.1.55","192.168.1.2","TCP","1514","8004  >  36132 [ACK] Seq=189878 Ack=141 Win=65024 Len=1448 TSval=2916036959 TSecr=3045556732 [TCP segment of a reassembled PDU]"
"32472","32.879259724","192.168.1.55","192.168.1.2","TCP","1514","8004  >  36132 [ACK] Seq=191326 Ack=141 Win=65024 Len=1448 TSval=2916036959 TSecr=3045556732 [TCP segment of a reassembled PDU]"
"32473","32.879260965","192.168.1.55","192.168.1.2","TCP","1514","8004  >  36132 [ACK] Seq=192774 Ack=141 Win=65024 Len=1448 TSval=2916036959 TSecr=3045556732 [TCP segment of a reassembled PDU]"
"32474","32.879262539","192.168.1.55","192.168.1.2","TCP","1514","8004  >  36132 [ACK] Seq=194222 Ack=141 Win=65024 Len=1448 TSval=2916036959 TSecr=3045556732 [TCP segment of a reassembled PDU]"
"32475","32.879264169","192.168.1.55","192.168.1.2","TCP","1514","8004  >  36132 [ACK] Seq=195670 Ack=141 Win=65024 Len=1448 TSval=2916036959 TSecr=3045556732 [TCP segment of a reassembled PDU]"
"32476","32.879265502","192.168.1.55","192.168.1.2","TCP","1514","8004  >  36132 [ACK] Seq=197118 Ack=141 Win=65024 Len=1448 TSval=2916036959 TSecr=3045556732 [TCP segment of a reassembled PDU]"
"32477","32.879266724","192.168.1.55","192.168.1.2","TCP","1514","8004  >  36132 [ACK] Seq=198566 Ack=141 Win=65024 Len=1448 TSval=2916036959 TSecr=3045556732 [TCP segment of a reassembled PDU]"
"32478","32.879267946","192.168.1.55","192.168.1.2","TCP","1514","8004  >  36132 [ACK] Seq=200014 Ack=141 Win=65024 Len=1448 TSval=2916036959 TSecr=3045556732 [TCP segment of a reassembled PDU]"
"32479","32.879269354","192.168.1.55","192.168.1.2","TCP","1514","8004  >  36132 [ACK] Seq=201462 Ack=141 Win=65024 Len=1448 TSval=2916036959 TSecr=3045556732 [TCP segment of a reassembled PDU]"
"32480","32.879270594","192.168.1.55","192.168.1.2","TCP","1514","8004  >  36132 [ACK] Seq=202910 Ack=141 Win=65024 Len=1448 TSval=2916036959 TSecr=3045556732 [TCP segment of a reassembled PDU]"
"32481","32.879271946","192.168.1.55","192.168.1.2","TCP","1514","8004  >  36132 [ACK] Seq=204358 Ack=141 Win=65024 Len=1448 TSval=2916036959 TSecr=3045556732 [TCP segment of a reassembled PDU]"
"32482","32.879273169","192.168.1.55","192.168.1.2","TCP","1514","8004  >  36132 [PSH, ACK] Seq=205806 Ack=141 Win=65024 Len=1448 TSval=2916036959 TSecr=3045556732 [TCP segment of a reassembled PDU]"
"32483","32.880487152","192.168.1.2","192.168.1.55","TCP","66","36132  >  8004 [ACK] Seq=141 Ack=143542 Win=73728 Len=0 TSval=3045556733 TSecr=2916036953"
"32484","32.880506448","192.168.1.55","192.168.1.2","TCP","1514","8004  >  36132 [ACK] Seq=207254 Ack=141 Win=65024 Len=1448 TSval=2916036961 TSecr=3045556733 [TCP segment of a reassembled PDU]"
"32485","32.880509522","192.168.1.55","192.168.1.2","TCP","1514","8004  >  36132 [PSH, ACK] Seq=208702 Ack=141 Win=65024 Len=1448 TSval=2916036961 TSecr=3045556733 [TCP segment of a reassembled PDU]"
"32486","32.880691800","192.168.1.2","192.168.1.55","TCP","66","36132  >  8004 [ACK] Seq=141 Ack=150630 Win=87040 Len=0 TSval=3045556733 TSecr=2916036954"
"32487","32.883408953","192.168.1.2","192.168.1.55","TCP","66","36132  >  8004 [ACK] Seq=141 Ack=162214 Win=99328 Len=0 TSval=3045556734 TSecr=2916036956"
"32488","32.883443083","192.168.1.55","192.168.1.2","TCP","1514","8004  >  36132 [ACK] Seq=210150 Ack=141 Win=65024 Len=1448 TSval=2916036964 TSecr=3045556734 [TCP segment of a reassembled PDU]"
"32489","32.883445731","192.168.1.55","192.168.1.2","TCP","1514","8004  >  36132 [ACK] Seq=211598 Ack=141 Win=65024 Len=1448 TSval=2916036964 TSecr=3045556734 [TCP segment of a reassembled PDU]"
"32490","32.883446953","192.168.1.55","192.168.1.2","TCP","1514","8004  >  36132 [ACK] Seq=213046 Ack=141 Win=65024 Len=1448 TSval=2916036964 TSecr=3045556734 [TCP segment of a reassembled PDU]"
"32491","32.883448268","192.168.1.55","192.168.1.2","TCP","1514","8004  >  36132 [ACK] Seq=214494 Ack=141 Win=65024 Len=1448 TSval=2916036964 TSecr=3045556734 [TCP segment of a reassembled PDU]"
"32492","32.883449620","192.168.1.55","192.168.1.2","TCP","1514","8004  >  36132 [ACK] Seq=215942 Ack=141 Win=65024 Len=1448 TSval=2916036964 TSecr=3045556734 [TCP segment of a reassembled PDU]"
"32493","32.883450823","192.168.1.55","192.168.1.2","TCP","1514","8004  >  36132 [ACK] Seq=217390 Ack=141 Win=65024 Len=1448 TSval=2916036964 TSecr=3045556734 [TCP segment of a reassembled PDU]"
"32494","32.883452286","192.168.1.55","192.168.1.2","TCP","1514","8004  >  36132 [ACK] Seq=218838 Ack=141 Win=65024 Len=1448 TSval=2916036964 TSecr=3045556734 [TCP segment of a reassembled PDU]"
"32495","32.883453583","192.168.1.55","192.168.1.2","TCP","1514","8004  >  36132 [ACK] Seq=220286 Ack=141 Win=65024 Len=1448 TSval=2916036964 TSecr=3045556734 [TCP segment of a reassembled PDU]"
"32496","32.883454916","192.168.1.55","192.168.1.2","TCP","1514","8004  >  36132 [ACK] Seq=221734 Ack=141 Win=65024 Len=1448 TSval=2916036964 TSecr=3045556734 [TCP segment of a reassembled PDU]"
"32497","32.883456657","192.168.1.55","192.168.1.2","TCP","1514","8004  >  36132 [ACK] Seq=223182 Ack=141 Win=65024 Len=1448 TSval=2916036964 TSecr=3045556734 [TCP segment of a reassembled PDU]"
"32498","32.883457879","192.168.1.55","192.168.1.2","TCP","1514","8004  >  36132 [ACK] Seq=224630 Ack=141 Win=65024 Len=1448 TSval=2916036964 TSecr=3045556734 [TCP segment of a reassembled PDU]"
"32499","32.883459268","192.168.1.55","192.168.1.2","TCP","1514","8004  >  36132 [ACK] Seq=226078 Ack=141 Win=65024 Len=1448 TSval=2916036964 TSecr=3045556734 [TCP segment of a reassembled PDU]"
"32500","32.883460564","192.168.1.55","192.168.1.2","TCP","1514","8004  >  36132 [ACK] Seq=227526 Ack=141 Win=65024 Len=1448 TSval=2916036964 TSecr=3045556734 [TCP segment of a reassembled PDU]"
"32501","32.883461897","192.168.1.55","192.168.1.2","TCP","1514","8004  >  36132 [ACK] Seq=228974 Ack=141 Win=65024 Len=1448 TSval=2916036964 TSecr=3045556734 [TCP segment of a reassembled PDU]"
"32502","32.883463453","192.168.1.55","192.168.1.2","TCP","1514","8004  >  36132 [ACK] Seq=230422 Ack=141 Win=65024 Len=1448 TSval=2916036964 TSecr=3045556734 [TCP segment of a reassembled PDU]"
"32503","32.883464805","192.168.1.55","192.168.1.2","TCP","1514","8004  >  36132 [ACK] Seq=231870 Ack=141 Win=65024 Len=1448 TSval=2916036964 TSecr=3045556734 [TCP segment of a reassembled PDU]"
"32504","32.883466046","192.168.1.55","192.168.1.2","TCP","1514","8004  >  36132 [ACK] Seq=233318 Ack=141 Win=65024 Len=1448 TSval=2916036964 TSecr=3045556734 [TCP segment of a reassembled PDU]"
"32505","32.883467249","192.168.1.55","192.168.1.2","TCP","1514","8004  >  36132 [ACK] Seq=234766 Ack=141 Win=65024 Len=1448 TSval=2916036964 TSecr=3045556734 [TCP segment of a reassembled PDU]"
"32506","32.883468564","192.168.1.55","192.168.1.2","TCP","1514","8004  >  36132 [ACK] Seq=236214 Ack=141 Win=65024 Len=1448 TSval=2916036964 TSecr=3045556734 [TCP segment of a reassembled PDU]"
"32507","32.883469897","192.168.1.55","192.168.1.2","TCP","1514","8004  >  36132 [ACK] Seq=237662 Ack=141 Win=65024 Len=1448 TSval=2916036964 TSecr=3045556734 [TCP segment of a reassembled PDU]"
"32508","32.883471657","192.168.1.55","192.168.1.2","TCP","1514","8004  >  36132 [ACK] Seq=239110 Ack=141 Win=65024 Len=1448 TSval=2916036964 TSecr=3045556734 [TCP segment of a reassembled PDU]"
"32509","32.883472879","192.168.1.55","192.168.1.2","TCP","1514","8004  >  36132 [ACK] Seq=240558 Ack=141 Win=65024 Len=1448 TSval=2916036964 TSecr=3045556734 [TCP segment of a reassembled PDU]"
"32510","32.883474157","192.168.1.55","192.168.1.2","TCP","1514","8004  >  36132 [PSH, ACK] Seq=242006 Ack=141 Win=65024 Len=1448 TSval=2916036964 TSecr=3045556734 [TCP segment of a reassembled PDU]"
"32511","32.883518212","192.168.1.2","192.168.1.55","TCP","66","36132  >  8004 [ACK] Seq=141 Ack=173798 Win=99328 Len=0 TSval=3045556736 TSecr=2916036959"
"32512","32.886243624","192.168.1.2","192.168.1.55","TCP","66","36132  >  8004 [ACK] Seq=141 Ack=176694 Win=105472 Len=0 TSval=3045556739 TSecr=2916036959"
"32513","32.886280198","192.168.1.55","192.168.1.2","TCP","1514","8004  >  36132 [ACK] Seq=243454 Ack=141 Win=65024 Len=1448 TSval=2916036966 TSecr=3045556739 [TCP segment of a reassembled PDU]"
"32514","32.886283457","192.168.1.55","192.168.1.2","TCP","1514","8004  >  36132 [ACK] Seq=244902 Ack=141 Win=65024 Len=1448 TSval=2916036966 TSecr=3045556739 [TCP segment of a reassembled PDU]"
"32515","32.886284717","192.168.1.55","192.168.1.2","TCP","1514","8004  >  36132 [ACK] Seq=246350 Ack=141 Win=65024 Len=1448 TSval=2916036966 TSecr=3045556739 [TCP segment of a reassembled PDU]"
"32516","32.886286476","192.168.1.55","192.168.1.2","TCP","1514","8004  >  36132 [ACK] Seq=247798 Ack=141 Win=65024 Len=1448 TSval=2916036966 TSecr=3045556739 [TCP segment of a reassembled PDU]"
"32517","32.886287828","192.168.1.55","192.168.1.2","TCP","1514","8004  >  36132 [ACK] Seq=249246 Ack=141 Win=65024 Len=1448 TSval=2916036966 TSecr=3045556739 [TCP segment of a reassembled PDU]"
"32518","32.886289198","192.168.1.55","192.168.1.2","TCP","1514","8004  >  36132 [ACK] Seq=250694 Ack=141 Win=65024 Len=1448 TSval=2916036966 TSecr=3045556739 [TCP segment of a reassembled PDU]"
"32519","32.886290587","192.168.1.55","192.168.1.2","TCP","1514","8004  >  36132 [ACK] Seq=252142 Ack=141 Win=65024 Len=1448 TSval=2916036966 TSecr=3045556739 [TCP segment of a reassembled PDU]"
"32520","32.886296494","192.168.1.55","192.168.1.2","TCP","1514","8004  >  36132 [ACK] Seq=253590 Ack=141 Win=65024 Len=1448 TSval=2916036966 TSecr=3045556739 [TCP segment of a reassembled PDU]"
"32521","32.886297939","192.168.1.55","192.168.1.2","TCP","1514","8004  >  36132 [ACK] Seq=255038 Ack=141 Win=65024 Len=1448 TSval=2916036966 TSecr=3045556739 [TCP segment of a reassembled PDU]"
"32522","32.886299272","192.168.1.55","192.168.1.2","TCP","1514","8004  >  36132 [ACK] Seq=256486 Ack=141 Win=65024 Len=1448 TSval=2916036966 TSecr=3045556739 [TCP segment of a reassembled PDU]"
"32523","32.886300513","192.168.1.55","192.168.1.2","TCP","1514","8004  >  36132 [ACK] Seq=257934 Ack=141 Win=65024 Len=1448 TSval=2916036966 TSecr=3045556739 [TCP segment of a reassembled PDU]"
"32524","32.886301828","192.168.1.55","192.168.1.2","TCP","1514","8004  >  36132 [ACK] Seq=259382 Ack=141 Win=65024 Len=1448 TSval=2916036966 TSecr=3045556739 [TCP segment of a reassembled PDU]"
"32525","32.886303124","192.168.1.55","192.168.1.2","TCP","1514","8004  >  36132 [ACK] Seq=260830 Ack=141 Win=65024 Len=1448 TSval=2916036966 TSecr=3045556739 [TCP segment of a reassembled PDU]"
"32526","32.886304532","192.168.1.55","192.168.1.2","TCP","1514","8004  >  36132 [ACK] Seq=262278 Ack=141 Win=65024 Len=1448 TSval=2916036966 TSecr=3045556739 [TCP segment of a reassembled PDU]"
"32527","32.886306087","192.168.1.55","192.168.1.2","TCP","1514","8004  >  36132 [ACK] Seq=263726 Ack=141 Win=65024 Len=1448 TSval=2916036966 TSecr=3045556739 [TCP segment of a reassembled PDU]"
"32528","32.886307328","192.168.1.55","192.168.1.2","TCP","1514","8004  >  36132 [ACK] Seq=265174 Ack=141 Win=65024 Len=1448 TSval=2916036966 TSecr=3045556739 [TCP segment of a reassembled PDU]"
"32529","32.886308643","192.168.1.55","192.168.1.2","TCP","1514","8004  >  36132 [ACK] Seq=266622 Ack=141 Win=65024 Len=1448 TSval=2916036966 TSecr=3045556739 [TCP segment of a reassembled PDU]"
"32530","32.886309995","192.168.1.55","192.168.1.2","TCP","1514","8004  >  36132 [ACK] Seq=268070 Ack=141 Win=65024 Len=1448 TSval=2916036966 TSecr=3045556739 [TCP segment of a reassembled PDU]"
"32531","32.886311309","192.168.1.55","192.168.1.2","TCP","1514","8004  >  36132 [ACK] Seq=269518 Ack=141 Win=65024 Len=1448 TSval=2916036966 TSecr=3045556739 [TCP segment of a reassembled PDU]"
"32532","32.886312698","192.168.1.55","192.168.1.2","TCP","1514","8004  >  36132 [ACK] Seq=270966 Ack=141 Win=65024 Len=1448 TSval=2916036966 TSecr=3045556739 [TCP segment of a reassembled PDU]"
"32533","32.886314328","192.168.1.55","192.168.1.2","TCP","1514","8004  >  36132 [ACK] Seq=272414 Ack=141 Win=65024 Len=1448 TSval=2916036966 TSecr=3045556739 [TCP segment of a reassembled PDU]"
"32534","32.886315976","192.168.1.55","192.168.1.2","TCP","1514","8004  >  36132 [ACK] Seq=273862 Ack=141 Win=65024 Len=1448 TSval=2916036966 TSecr=3045556739 [TCP segment of a reassembled PDU]"
"32535","32.886317309","192.168.1.55","192.168.1.2","TCP","1514","8004  >  36132 [PSH, ACK] Seq=275310 Ack=141 Win=65024 Len=1448 TSval=2916036966 TSecr=3045556739 [TCP segment of a reassembled PDU]"
"32536","32.886374384","192.168.1.2","192.168.1.55","TCP","66","36132  >  8004 [ACK] Seq=141 Ack=195670 Win=96256 Len=0 TSval=3045556739 TSecr=2916036959"
"32537","32.886383346","192.168.1.2","192.168.1.55","TCP","66","36132  >  8004 [ACK] Seq=141 Ack=210150 Win=86016 Len=0 TSval=3045556739 TSecr=2916036959"
"32538","32.886414124","192.168.1.55","192.168.1.2","TCP","1514","8004  >  36132 [ACK] Seq=276758 Ack=141 Win=65024 Len=1448 TSval=2916036967 TSecr=3045556739 [TCP segment of a reassembled PDU]"
"32539","32.886416550","192.168.1.55","192.168.1.2","TCP","1514","8004  >  36132 [ACK] Seq=278206 Ack=141 Win=65024 Len=1448 TSval=2916036967 TSecr=3045556739 [TCP segment of a reassembled PDU]"
"32540","32.886417976","192.168.1.55","192.168.1.2","TCP","1514","8004  >  36132 [ACK] Seq=279654 Ack=141 Win=65024 Len=1448 TSval=2916036967 TSecr=3045556739 [TCP segment of a reassembled PDU]"
"32541","32.886419717","192.168.1.55","192.168.1.2","TCP","1514","8004  >  36132 [ACK] Seq=281102 Ack=141 Win=65024 Len=1448 TSval=2916036967 TSecr=3045556739 [TCP segment of a reassembled PDU]"
"32542","32.886420958","192.168.1.55","192.168.1.2","TCP","1514","8004  >  36132 [ACK] Seq=282550 Ack=141 Win=65024 Len=1448 TSval=2916036967 TSecr=3045556739 [TCP segment of a reassembled PDU]"
"32543","32.886422347","192.168.1.55","192.168.1.2","TCP","1514","8004  >  36132 [ACK] Seq=283998 Ack=141 Win=65024 Len=1448 TSval=2916036967 TSecr=3045556739 [TCP segment of a reassembled PDU]"
"32544","32.886423735","192.168.1.55","192.168.1.2","TCP","1514","8004  >  36132 [ACK] Seq=285446 Ack=141 Win=65024 Len=1448 TSval=2916036967 TSecr=3045556739 [TCP segment of a reassembled PDU]"
"32545","32.886425069","192.168.1.55","192.168.1.2","TCP","1514","8004  >  36132 [ACK] Seq=286894 Ack=141 Win=65024 Len=1448 TSval=2916036967 TSecr=3045556739 [TCP segment of a reassembled PDU]"
"32546","32.886426476","192.168.1.55","192.168.1.2","TCP","1514","8004  >  36132 [ACK] Seq=288342 Ack=141 Win=65024 Len=1448 TSval=2916036967 TSecr=3045556739 [TCP segment of a reassembled PDU]"
"32547","32.886427754","192.168.1.55","192.168.1.2","TCP","1514","8004  >  36132 [ACK] Seq=289790 Ack=141 Win=65024 Len=1448 TSval=2916036967 TSecr=3045556739 [TCP segment of a reassembled PDU]"
"32548","32.886429050","192.168.1.55","192.168.1.2","TCP","1514","8004  >  36132 [ACK] Seq=291238 Ack=141 Win=65024 Len=1448 TSval=2916036967 TSecr=3045556739 [TCP segment of a reassembled PDU]"
"32549","32.886430402","192.168.1.55","192.168.1.2","TCP","1514","8004  >  36132 [ACK] Seq=292686 Ack=141 Win=65024 Len=1448 TSval=2916036967 TSecr=3045556739 [TCP segment of a reassembled PDU]"
"32550","32.886431865","192.168.1.55","192.168.1.2","TCP","1514","8004  >  36132 [ACK] Seq=294134 Ack=141 Win=65024 Len=1448 TSval=2916036967 TSecr=3045556739 [TCP segment of a reassembled PDU]"
"32551","32.886433087","192.168.1.55","192.168.1.2","TCP","650","[TCP Window Full] 8004  >  36132 [PSH, ACK] Seq=295582 Ack=141 Win=65024 Len=584 TSval=2916036967 TSecr=3045556739 [TCP segment of a reassembled PDU]"
"32552","32.890280908","192.168.1.2","192.168.1.55","TCP","66","36132  >  8004 [ACK] Seq=141 Ack=236214 Win=89088 Len=0 TSval=3045556742 TSecr=2916036964"
"32553","32.890305686","192.168.1.55","192.168.1.2","TCP","1514","8004  >  36132 [ACK] Seq=296166 Ack=141 Win=65024 Len=1448 TSval=2916036970 TSecr=3045556742 [TCP segment of a reassembled PDU]"
"32554","32.890308353","192.168.1.55","192.168.1.2","TCP","1514","8004  >  36132 [ACK] Seq=297614 Ack=141 Win=65024 Len=1448 TSval=2916036970 TSecr=3045556742 [TCP segment of a reassembled PDU]"
"32555","32.890309742","192.168.1.55","192.168.1.2","TCP","1514","8004  >  36132 [ACK] Seq=299062 Ack=141 Win=65024 Len=1448 TSval=2916036970 TSecr=3045556742 [TCP segment of a reassembled PDU]"
"32556","32.890311205","192.168.1.55","192.168.1.2","TCP","1514","8004  >  36132 [ACK] Seq=300510 Ack=141 Win=65024 Len=1448 TSval=2916036970 TSecr=3045556742 [TCP segment of a reassembled PDU]"
"32557","32.890312556","192.168.1.55","192.168.1.2","TCP","1514","8004  >  36132 [ACK] Seq=301958 Ack=141 Win=65024 Len=1448 TSval=2916036970 TSecr=3045556742 [TCP segment of a reassembled PDU]"
"32558","32.890314019","192.168.1.55","192.168.1.2","TCP","1514","8004  >  36132 [ACK] Seq=303406 Ack=141 Win=65024 Len=1448 TSval=2916036970 TSecr=3045556742 [TCP segment of a reassembled PDU]"
"32559","32.890315371","192.168.1.55","192.168.1.2","TCP","1514","8004  >  36132 [ACK] Seq=304854 Ack=141 Win=65024 Len=1448 TSval=2916036970 TSecr=3045556742 [TCP segment of a reassembled PDU]"
"32560","32.890316816","192.168.1.55","192.168.1.2","TCP","1514","8004  >  36132 [ACK] Seq=306302 Ack=141 Win=65024 Len=1448 TSval=2916036970 TSecr=3045556742 [TCP segment of a reassembled PDU]"
"32561","32.890318538","192.168.1.55","192.168.1.2","TCP","1514","8004  >  36132 [PSH, ACK] Seq=307750 Ack=141 Win=65024 Len=1448 TSval=2916036970 TSecr=3045556742 [TCP segment of a reassembled PDU]"
"32562","32.890324297","192.168.1.55","192.168.1.2","TCP","930","8004  >  36132 [PSH, ACK] Seq=309198 Ack=141 Win=65024 Len=864 TSval=2916036970 TSecr=3045556742 [TCP segment of a reassembled PDU]"
"32563","32.892218208","192.168.1.2","192.168.1.55","TCP","66","36132  >  8004 [ACK] Seq=141 Ack=243454 Win=103424 Len=0 TSval=3045556743 TSecr=2916036964"
"32564","32.892247134","192.168.1.55","192.168.1.2","TCP","1514","8004  >  36132 [ACK] Seq=310062 Ack=141 Win=65024 Len=1448 TSval=2916036972 TSecr=3045556743 [TCP segment of a reassembled PDU]"
"32565","32.892249634","192.168.1.55","192.168.1.2","TCP","1514","8004  >  36132 [ACK] Seq=311510 Ack=141 Win=65024 Len=1448 TSval=2916036972 TSecr=3045556743 [TCP segment of a reassembled PDU]"
"32566","32.892251041","192.168.1.55","192.168.1.2","TCP","1514","8004  >  36132 [ACK] Seq=312958 Ack=141 Win=65024 Len=1448 TSval=2916036972 TSecr=3045556743 [TCP segment of a reassembled PDU]"
"32567","32.892252597","192.168.1.55","192.168.1.2","TCP","1514","8004  >  36132 [ACK] Seq=314406 Ack=141 Win=65024 Len=1448 TSval=2916036972 TSecr=3045556743 [TCP segment of a reassembled PDU]"
"32568","32.892253948","192.168.1.55","192.168.1.2","TCP","1514","8004  >  36132 [ACK] Seq=315854 Ack=141 Win=65024 Len=1448 TSval=2916036972 TSecr=3045556743 [TCP segment of a reassembled PDU]"
"32569","32.892255393","192.168.1.55","192.168.1.2","TCP","1514","8004  >  36132 [ACK] Seq=317302 Ack=141 Win=65024 Len=1448 TSval=2916036972 TSecr=3045556743 [TCP segment of a reassembled PDU]"
"32570","32.892257004","192.168.1.55","192.168.1.2","TCP","1514","8004  >  36132 [ACK] Seq=318750 Ack=141 Win=65024 Len=1448 TSval=2916036972 TSecr=3045556743 [TCP segment of a reassembled PDU]"
"32571","32.892258448","192.168.1.55","192.168.1.2","TCP","1514","8004  >  36132 [ACK] Seq=320198 Ack=141 Win=65024 Len=1448 TSval=2916036972 TSecr=3045556743 [TCP segment of a reassembled PDU]"
"32572","32.892259948","192.168.1.55","192.168.1.2","TCP","1514","8004  >  36132 [ACK] Seq=321646 Ack=141 Win=65024 Len=1448 TSval=2916036972 TSecr=3045556743 [TCP segment of a reassembled PDU]"
"32573","32.892261300","192.168.1.55","192.168.1.2","TCP","1514","8004  >  36132 [ACK] Seq=323094 Ack=141 Win=65024 Len=1448 TSval=2916036972 TSecr=3045556743 [TCP segment of a reassembled PDU]"
"32574","32.892262726","192.168.1.55","192.168.1.2","TCP","1514","8004  >  36132 [ACK] Seq=324542 Ack=141 Win=65024 Len=1448 TSval=2916036972 TSecr=3045556743 [TCP segment of a reassembled PDU]"
"32575","32.892264245","192.168.1.55","192.168.1.2","TCP","1514","8004  >  36132 [ACK] Seq=325990 Ack=141 Win=65024 Len=1448 TSval=2916036972 TSecr=3045556743 [TCP segment of a reassembled PDU]"
"32576","32.892265634","192.168.1.55","192.168.1.2","TCP","1514","8004  >  36132 [ACK] Seq=327438 Ack=141 Win=65024 Len=1448 TSval=2916036972 TSecr=3045556743 [TCP segment of a reassembled PDU]"
"32577","32.892267115","192.168.1.55","192.168.1.2","TCP","1514","8004  >  36132 [ACK] Seq=328886 Ack=141 Win=65024 Len=1448 TSval=2916036972 TSecr=3045556743 [TCP segment of a reassembled PDU]"
"32578","32.892268615","192.168.1.55","192.168.1.2","TCP","1514","8004  >  36132 [ACK] Seq=330334 Ack=141 Win=65024 Len=1448 TSval=2916036972 TSecr=3045556743 [TCP segment of a reassembled PDU]"
"32579","32.892270041","192.168.1.55","192.168.1.2","TCP","1514","8004  >  36132 [ACK] Seq=331782 Ack=141 Win=65024 Len=1448 TSval=2916036972 TSecr=3045556743 [TCP segment of a reassembled PDU]"
"32580","32.892271837","192.168.1.55","192.168.1.2","TCP","1514","8004  >  36132 [ACK] Seq=333230 Ack=141 Win=65024 Len=1448 TSval=2916036972 TSecr=3045556743 [TCP segment of a reassembled PDU]"
"32581","32.892273226","192.168.1.55","192.168.1.2","TCP","1514","8004  >  36132 [ACK] Seq=334678 Ack=141 Win=65024 Len=1448 TSval=2916036972 TSecr=3045556743 [TCP segment of a reassembled PDU]"
"32582","32.892274597","192.168.1.55","192.168.1.2","TCP","1514","8004  >  36132 [ACK] Seq=336126 Ack=141 Win=65024 Len=1448 TSval=2916036972 TSecr=3045556743 [TCP segment of a reassembled PDU]"
"32583","32.892280689","192.168.1.55","192.168.1.2","TCP","1514","8004  >  36132 [ACK] Seq=337574 Ack=141 Win=65024 Len=1448 TSval=2916036972 TSecr=3045556743 [TCP segment of a reassembled PDU]"
"32584","32.892282411","192.168.1.55","192.168.1.2","TCP","1514","8004  >  36132 [ACK] Seq=339022 Ack=141 Win=65024 Len=1448 TSval=2916036972 TSecr=3045556743 [TCP segment of a reassembled PDU]"
"32585","32.892283893","192.168.1.55","192.168.1.2","TCP","1514","8004  >  36132 [ACK] Seq=340470 Ack=141 Win=65024 Len=1448 TSval=2916036972 TSecr=3045556743 [TCP segment of a reassembled PDU]"
"32586","32.892285541","192.168.1.55","192.168.1.2","TCP","1514","8004  >  36132 [PSH, ACK] Seq=341918 Ack=141 Win=65024 Len=1448 TSval=2916036972 TSecr=3045556743 [TCP segment of a reassembled PDU]"
"32587","32.893254431","192.168.1.2","192.168.1.55","TCP","66","36132  >  8004 [ACK] Seq=141 Ack=276758 Win=84992 Len=0 TSval=3045556746 TSecr=2916036966"
"32588","32.893279672","192.168.1.55","192.168.1.2","TCP","1514","8004  >  36132 [ACK] Seq=343366 Ack=141 Win=65024 Len=1448 TSval=2916036973 TSecr=3045556746 [TCP segment of a reassembled PDU]"
"32589","32.893281765","192.168.1.55","192.168.1.2","TCP","1514","8004  >  36132 [ACK] Seq=344814 Ack=141 Win=65024 Len=1448 TSval=2916036973 TSecr=3045556746 [TCP segment of a reassembled PDU]"
"32590","32.893283246","192.168.1.55","192.168.1.2","TCP","1514","8004  >  36132 [ACK] Seq=346262 Ack=141 Win=65024 Len=1448 TSval=2916036973 TSecr=3045556746 [TCP segment of a reassembled PDU]"
"32591","32.893284728","192.168.1.55","192.168.1.2","TCP","1514","8004  >  36132 [ACK] Seq=347710 Ack=141 Win=65024 Len=1448 TSval=2916036973 TSecr=3045556746 [TCP segment of a reassembled PDU]"
"32592","32.893286357","192.168.1.55","192.168.1.2","TCP","1514","8004  >  36132 [ACK] Seq=349158 Ack=141 Win=65024 Len=1448 TSval=2916036973 TSecr=3045556746 [TCP segment of a reassembled PDU]"
"32593","32.893287969","192.168.1.55","192.168.1.2","TCP","1514","8004  >  36132 [ACK] Seq=350606 Ack=141 Win=65024 Len=1448 TSval=2916036973 TSecr=3045556746 [TCP segment of a reassembled PDU]"
"32594","32.893289469","192.168.1.55","192.168.1.2","TCP","1514","8004  >  36132 [ACK] Seq=352054 Ack=141 Win=65024 Len=1448 TSval=2916036973 TSecr=3045556746 [TCP segment of a reassembled PDU]"
"32595","32.893290969","192.168.1.55","192.168.1.2","TCP","1514","8004  >  36132 [ACK] Seq=353502 Ack=141 Win=65024 Len=1448 TSval=2916036973 TSecr=3045556746 [TCP segment of a reassembled PDU]"
"32596","32.893296950","192.168.1.55","192.168.1.2","TCP","1514","8004  >  36132 [ACK] Seq=354950 Ack=141 Win=65024 Len=1448 TSval=2916036973 TSecr=3045556746 [TCP segment of a reassembled PDU]"
"32597","32.893298413","192.168.1.55","192.168.1.2","TCP","1514","8004  >  36132 [ACK] Seq=356398 Ack=141 Win=65024 Len=1448 TSval=2916036973 TSecr=3045556746 [TCP segment of a reassembled PDU]"
"32598","32.893299876","192.168.1.55","192.168.1.2","TCP","1514","8004  >  36132 [ACK] Seq=357846 Ack=141 Win=65024 Len=1448 TSval=2916036973 TSecr=3045556746 [TCP segment of a reassembled PDU]"
"32599","32.893301357","192.168.1.55","192.168.1.2","TCP","1514","8004  >  36132 [PSH, ACK] Seq=359294 Ack=141 Win=65024 Len=1448 TSval=2916036973 TSecr=3045556746 [TCP segment of a reassembled PDU]"
"32600","32.893308302","192.168.1.2","192.168.1.55","TCP","66","36132  >  8004 [ACK] Seq=141 Ack=292686 Win=72704 Len=0 TSval=3045556746 TSecr=2916036967"
"32601","32.893315746","192.168.1.2","192.168.1.55","TCP","66","36132  >  8004 [ACK] Seq=141 Ack=294134 Win=107520 Len=0 TSval=3045556747 TSecr=2916036967"
"32602","32.893331265","192.168.1.55","192.168.1.2","TCP","1514","8004  >  36132 [ACK] Seq=360742 Ack=141 Win=65024 Len=1448 TSval=2916036974 TSecr=3045556747 [TCP segment of a reassembled PDU]"
"32603","32.893332969","192.168.1.55","192.168.1.2","TCP","1514","8004  >  36132 [ACK] Seq=362190 Ack=141 Win=65024 Len=1448 TSval=2916036974 TSecr=3045556747 [TCP segment of a reassembled PDU]"
"32604","32.893334358","192.168.1.55","192.168.1.2","TCP","1514","8004  >  36132 [ACK] Seq=363638 Ack=141 Win=65024 Len=1448 TSval=2916036974 TSecr=3045556747 [TCP segment of a reassembled PDU]"
"32605","32.893335746","192.168.1.55","192.168.1.2","TCP","1514","8004  >  36132 [ACK] Seq=365086 Ack=141 Win=65024 Len=1448 TSval=2916036974 TSecr=3045556747 [TCP segment of a reassembled PDU]"
"32606","32.893337320","192.168.1.55","192.168.1.2","TCP","1514","8004  >  36132 [ACK] Seq=366534 Ack=141 Win=65024 Len=1448 TSval=2916036974 TSecr=3045556747 [TCP segment of a reassembled PDU]"
"32607","32.893338709","192.168.1.55","192.168.1.2","TCP","1514","8004  >  36132 [ACK] Seq=367982 Ack=141 Win=65024 Len=1448 TSval=2916036974 TSecr=3045556747 [TCP segment of a reassembled PDU]"
"32608","32.893340191","192.168.1.55","192.168.1.2","TCP","1514","8004  >  36132 [ACK] Seq=369430 Ack=141 Win=65024 Len=1448 TSval=2916036974 TSecr=3045556747 [TCP segment of a reassembled PDU]"
"32609","32.893341561","192.168.1.55","192.168.1.2","TCP","1514","8004  >  36132 [ACK] Seq=370878 Ack=141 Win=65024 Len=1448 TSval=2916036974 TSecr=3045556747 [TCP segment of a reassembled PDU]"
"32610","32.893342932","192.168.1.55","192.168.1.2","TCP","1514","8004  >  36132 [ACK] Seq=372326 Ack=141 Win=65024 Len=1448 TSval=2916036974 TSecr=3045556747 [TCP segment of a reassembled PDU]"
"32611","32.893344376","192.168.1.55","192.168.1.2","TCP","1514","8004  >  36132 [ACK] Seq=373774 Ack=141 Win=65024 Len=1448 TSval=2916036974 TSecr=3045556747 [TCP segment of a reassembled PDU]"
"32612","32.893345765","192.168.1.55","192.168.1.2","TCP","1514","8004  >  36132 [PSH, ACK] Seq=375222 Ack=141 Win=65024 Len=1448 TSval=2916036974 TSecr=3045556747 [TCP segment of a reassembled PDU]"
"32613","32.893350691","192.168.1.2","192.168.1.55","TCP","66","36132  >  8004 [ACK] Seq=141 Ack=296166 Win=111616 Len=0 TSval=3045556747 TSecr=2916036967"
"32614","32.893386265","192.168.1.55","192.168.1.2","TCP","1514","8004  >  36132 [ACK] Seq=376670 Ack=141 Win=65024 Len=1448 TSval=2916036974 TSecr=3045556747 [TCP segment of a reassembled PDU]"
"32615","32.893388839","192.168.1.55","192.168.1.2","TCP","1514","8004  >  36132 [ACK] Seq=378118 Ack=141 Win=65024 Len=1448 TSval=2916036974 TSecr=3045556747 [TCP segment of a reassembled PDU]"
"32616","32.893390284","192.168.1.55","192.168.1.2","TCP","1514","8004  >  36132 [ACK] Seq=379566 Ack=141 Win=65024 Len=1448 TSval=2916036974 TSecr=3045556747 [TCP segment of a reassembled PDU]"
"32617","32.893391858","192.168.1.55","192.168.1.2","TCP","1514","8004  >  36132 [ACK] Seq=381014 Ack=141 Win=65024 Len=1448 TSval=2916036974 TSecr=3045556747 [TCP segment of a reassembled PDU]"
"32618","32.893393321","192.168.1.55","192.168.1.2","TCP","1514","8004  >  36132 [ACK] Seq=382462 Ack=141 Win=65024 Len=1448 TSval=2916036974 TSecr=3045556747 [TCP segment of a reassembled PDU]"
"32619","32.893394802","192.168.1.55","192.168.1.2","TCP","1514","8004  >  36132 [ACK] Seq=383910 Ack=141 Win=65024 Len=1448 TSval=2916036974 TSecr=3045556747 [TCP segment of a reassembled PDU]"
"32620","32.893396376","192.168.1.55","192.168.1.2","TCP","1514","8004  >  36132 [ACK] Seq=385358 Ack=141 Win=65024 Len=1448 TSval=2916036974 TSecr=3045556747 [TCP segment of a reassembled PDU]"
"32621","32.893397913","192.168.1.55","192.168.1.2","TCP","1514","8004  >  36132 [ACK] Seq=386806 Ack=141 Win=65024 Len=1448 TSval=2916036974 TSecr=3045556747 [TCP segment of a reassembled PDU]"
"32622","32.893399487","192.168.1.55","192.168.1.2","TCP","1514","8004  >  36132 [ACK] Seq=388254 Ack=141 Win=65024 Len=1448 TSval=2916036974 TSecr=3045556747 [TCP segment of a reassembled PDU]"
"32623","32.893400895","192.168.1.55","192.168.1.2","TCP","1514","8004  >  36132 [ACK] Seq=389702 Ack=141 Win=65024 Len=1448 TSval=2916036974 TSecr=3045556747 [TCP segment of a reassembled PDU]"
"32624","32.893402432","192.168.1.55","192.168.1.2","TCP","1514","8004  >  36132 [ACK] Seq=391150 Ack=141 Win=65024 Len=1448 TSval=2916036974 TSecr=3045556747 [TCP segment of a reassembled PDU]"
"32625","32.893403821","192.168.1.55","192.168.1.2","TCP","1514","8004  >  36132 [ACK] Seq=392598 Ack=141 Win=65024 Len=1448 TSval=2916036974 TSecr=3045556747 [TCP segment of a reassembled PDU]"
"32626","32.893405247","192.168.1.55","192.168.1.2","TCP","1514","8004  >  36132 [ACK] Seq=394046 Ack=141 Win=65024 Len=1448 TSval=2916036974 TSecr=3045556747 [TCP segment of a reassembled PDU]"
"32627","32.893406895","192.168.1.55","192.168.1.2","TCP","1514","8004  >  36132 [ACK] Seq=395494 Ack=141 Win=65024 Len=1448 TSval=2916036974 TSecr=3045556747 [TCP segment of a reassembled PDU]"
"32628","32.893408358","192.168.1.55","192.168.1.2","TCP","1514","8004  >  36132 [ACK] Seq=396942 Ack=141 Win=65024 Len=1448 TSval=2916036974 TSecr=3045556747 [TCP segment of a reassembled PDU]"
"32629","32.893409987","192.168.1.55","192.168.1.2","TCP","1514","8004  >  36132 [ACK] Seq=398390 Ack=141 Win=65024 Len=1448 TSval=2916036974 TSecr=3045556747 [TCP segment of a reassembled PDU]"
"32630","32.893411580","192.168.1.55","192.168.1.2","TCP","1514","8004  >  36132 [ACK] Seq=399838 Ack=141 Win=65024 Len=1448 TSval=2916036974 TSecr=3045556747 [TCP segment of a reassembled PDU]"
"32631","32.893413098","192.168.1.55","192.168.1.2","TCP","1514","8004  >  36132 [ACK] Seq=401286 Ack=141 Win=65024 Len=1448 TSval=2916036974 TSecr=3045556747 [TCP segment of a reassembled PDU]"
"32632","32.893414691","192.168.1.55","192.168.1.2","TCP","1514","8004  >  36132 [ACK] Seq=402734 Ack=141 Win=65024 Len=1448 TSval=2916036974 TSecr=3045556747 [TCP segment of a reassembled PDU]"
"32633","32.893416135","192.168.1.55","192.168.1.2","TCP","1514","8004  >  36132 [ACK] Seq=404182 Ack=141 Win=65024 Len=1448 TSval=2916036974 TSecr=3045556747 [TCP segment of a reassembled PDU]"
"32634","32.893417580","192.168.1.55","192.168.1.2","TCP","1514","8004  >  36132 [PSH, ACK] Seq=405630 Ack=141 Win=65024 Len=1448 TSval=2916036974 TSecr=3045556747 [TCP segment of a reassembled PDU]"
"32635","32.899821775","192.168.1.2","192.168.1.55","TCP","66","36132  >  8004 [ACK] Seq=141 Ack=309198 Win=137216 Len=0 TSval=3045556749 TSecr=2916036970"
"32636","32.899834035","192.168.1.55","192.168.1.2","TCP","1514","8004  >  36132 [ACK] Seq=407078 Ack=141 Win=65024 Len=1448 TSval=2916036980 TSecr=3045556749 [TCP segment of a reassembled PDU]"
"32637","32.899836775","192.168.1.55","192.168.1.2","TCP","1514","8004  >  36132 [PSH, ACK] Seq=408526 Ack=141 Win=65024 Len=1448 TSval=2916036980 TSecr=3045556749 [TCP segment of a reassembled PDU]"
"32638","32.899862664","192.168.1.55","192.168.1.2","TCP","1514","8004  >  36132 [ACK] Seq=409974 Ack=141 Win=65024 Len=1448 TSval=2916036980 TSecr=3045556749 [TCP segment of a reassembled PDU]"
"32639","32.899864331","192.168.1.55","192.168.1.2","TCP","1514","8004  >  36132 [ACK] Seq=411422 Ack=141 Win=65024 Len=1448 TSval=2916036980 TSecr=3045556749 [TCP segment of a reassembled PDU]"
"32640","32.899865849","192.168.1.55","192.168.1.2","TCP","1514","8004  >  36132 [ACK] Seq=412870 Ack=141 Win=65024 Len=1448 TSval=2916036980 TSecr=3045556749 [TCP segment of a reassembled PDU]"
"32641","32.899867349","192.168.1.55","192.168.1.2","TCP","1514","8004  >  36132 [ACK] Seq=414318 Ack=141 Win=65024 Len=1448 TSval=2916036980 TSecr=3045556749 [TCP segment of a reassembled PDU]"
"32642","32.899868775","192.168.1.55","192.168.1.2","TCP","1514","8004  >  36132 [ACK] Seq=415766 Ack=141 Win=65024 Len=1448 TSval=2916036980 TSecr=3045556749 [TCP segment of a reassembled PDU]"
"32643","32.899870312","192.168.1.55","192.168.1.2","TCP","1514","8004  >  36132 [ACK] Seq=417214 Ack=141 Win=65024 Len=1448 TSval=2916036980 TSecr=3045556749 [TCP segment of a reassembled PDU]"
"32644","32.899871794","192.168.1.55","192.168.1.2","TCP","1514","8004  >  36132 [ACK] Seq=418662 Ack=141 Win=65024 Len=1448 TSval=2916036980 TSecr=3045556749 [TCP segment of a reassembled PDU]"
"32645","32.899873201","192.168.1.55","192.168.1.2","TCP","1514","8004  >  36132 [ACK] Seq=420110 Ack=141 Win=65024 Len=1448 TSval=2916036980 TSecr=3045556749 [TCP segment of a reassembled PDU]"
"32646","32.899874979","192.168.1.55","192.168.1.2","TCP","1514","8004  >  36132 [ACK] Seq=421558 Ack=141 Win=65024 Len=1448 TSval=2916036980 TSecr=3045556749 [TCP segment of a reassembled PDU]"
"32647","32.899876386","192.168.1.55","192.168.1.2","TCP","1514","8004  >  36132 [ACK] Seq=423006 Ack=141 Win=65024 Len=1448 TSval=2916036980 TSecr=3045556749 [TCP segment of a reassembled PDU]"
"32648","32.899878072","192.168.1.55","192.168.1.2","TCP","1514","8004  >  36132 [ACK] Seq=424454 Ack=141 Win=65024 Len=1448 TSval=2916036980 TSecr=3045556749 [TCP segment of a reassembled PDU]"
"32649","32.899879516","192.168.1.55","192.168.1.2","TCP","1514","8004  >  36132 [ACK] Seq=425902 Ack=141 Win=65024 Len=1448 TSval=2916036980 TSecr=3045556749 [TCP segment of a reassembled PDU]"
"32650","32.899880905","192.168.1.55","192.168.1.2","TCP","1514","8004  >  36132 [ACK] Seq=427350 Ack=141 Win=65024 Len=1448 TSval=2916036980 TSecr=3045556749 [TCP segment of a reassembled PDU]"
"32651","32.899882405","192.168.1.55","192.168.1.2","TCP","1514","8004  >  36132 [ACK] Seq=428798 Ack=141 Win=65024 Len=1448 TSval=2916036980 TSecr=3045556749 [TCP segment of a reassembled PDU]"
"32652","32.899883812","192.168.1.55","192.168.1.2","TCP","1514","8004  >  36132 [ACK] Seq=430246 Ack=141 Win=65024 Len=1448 TSval=2916036980 TSecr=3045556749 [TCP segment of a reassembled PDU]"
"32653","32.899885164","192.168.1.55","192.168.1.2","TCP","1514","8004  >  36132 [ACK] Seq=431694 Ack=141 Win=65024 Len=1448 TSval=2916036980 TSecr=3045556749 [TCP segment of a reassembled PDU]"
"32654","32.899886794","192.168.1.55","192.168.1.2","TCP","1514","8004  >  36132 [ACK] Seq=433142 Ack=141 Win=65024 Len=1448 TSval=2916036980 TSecr=3045556749 [TCP segment of a reassembled PDU]"
"32655","32.899888238","192.168.1.55","192.168.1.2","TCP","1514","8004  >  36132 [ACK] Seq=434590 Ack=141 Win=65024 Len=1448 TSval=2916036980 TSecr=3045556749 [TCP segment of a reassembled PDU]"
"32656","32.899890035","192.168.1.55","192.168.1.2","TCP","1514","8004  >  36132 [ACK] Seq=436038 Ack=141 Win=65024 Len=1448 TSval=2916036980 TSecr=3045556749 [TCP segment of a reassembled PDU]"
"32657","32.899891553","192.168.1.55","192.168.1.2","TCP","1514","8004  >  36132 [ACK] Seq=437486 Ack=141 Win=65024 Len=1448 TSval=2916036980 TSecr=3045556749 [TCP segment of a reassembled PDU]"
"32658","32.899892942","192.168.1.55","192.168.1.2","TCP","1514","8004  >  36132 [ACK] Seq=438934 Ack=141 Win=65024 Len=1448 TSval=2916036980 TSecr=3045556749 [TCP segment of a reassembled PDU]"
"32659","32.899894349","192.168.1.55","192.168.1.2","TCP","1514","8004  >  36132 [ACK] Seq=440382 Ack=141 Win=65024 Len=1448 TSval=2916036980 TSecr=3045556749 [TCP segment of a reassembled PDU]"
"32660","32.899895794","192.168.1.55","192.168.1.2","TCP","1514","8004  >  36132 [PSH, ACK] Seq=441830 Ack=141 Win=65024 Len=1448 TSval=2916036980 TSecr=3045556749 [TCP segment of a reassembled PDU]"
"32661","32.899958183","192.168.1.2","192.168.1.55","TCP","66","36132  >  8004 [ACK] Seq=141 Ack=310062 Win=140288 Len=0 TSval=3045556749 TSecr=2916036970"
"32662","32.899965683","192.168.1.2","192.168.1.55","TCP","66","36132  >  8004 [ACK] Seq=141 Ack=343366 Win=135168 Len=0 TSval=3045556753 TSecr=2916036972"
"32663","32.899996757","192.168.1.55","192.168.1.2","TCP","1514","8004  >  36132 [ACK] Seq=443278 Ack=141 Win=65024 Len=1448 TSval=2916036980 TSecr=3045556753 [TCP segment of a reassembled PDU]"
"32664","32.899998738","192.168.1.55","192.168.1.2","TCP","1514","8004  >  36132 [ACK] Seq=444726 Ack=141 Win=65024 Len=1448 TSval=2916036980 TSecr=3045556753 [TCP segment of a reassembled PDU]"
"32665","32.900000276","192.168.1.55","192.168.1.2","TCP","1514","8004  >  36132 [ACK] Seq=446174 Ack=141 Win=65024 Len=1448 TSval=2916036980 TSecr=3045556753 [TCP segment of a reassembled PDU]"
"32666","32.900001850","192.168.1.55","192.168.1.2","TCP","1514","8004  >  36132 [ACK] Seq=447622 Ack=141 Win=65024 Len=1448 TSval=2916036980 TSecr=3045556753 [TCP segment of a reassembled PDU]"
"32667","32.900003331","192.168.1.55","192.168.1.2","TCP","1514","8004  >  36132 [ACK] Seq=449070 Ack=141 Win=65024 Len=1448 TSval=2916036980 TSecr=3045556753 [TCP segment of a reassembled PDU]"
"32668","32.900005257","192.168.1.55","192.168.1.2","TCP","1514","8004  >  36132 [ACK] Seq=450518 Ack=141 Win=65024 Len=1448 TSval=2916036980 TSecr=3045556753 [TCP segment of a reassembled PDU]"
"32669","32.900006646","192.168.1.55","192.168.1.2","TCP","1514","8004  >  36132 [ACK] Seq=451966 Ack=141 Win=65024 Len=1448 TSval=2916036980 TSecr=3045556753 [TCP segment of a reassembled PDU]"
"32670","32.900008257","192.168.1.55","192.168.1.2","TCP","1514","8004  >  36132 [ACK] Seq=453414 Ack=141 Win=65024 Len=1448 TSval=2916036980 TSecr=3045556753 [TCP segment of a reassembled PDU]"
"32671","32.900009738","192.168.1.55","192.168.1.2","TCP","1514","8004  >  36132 [ACK] Seq=454862 Ack=141 Win=65024 Len=1448 TSval=2916036980 TSecr=3045556753 [TCP segment of a reassembled PDU]"
"32672","32.900011146","192.168.1.55","192.168.1.2","TCP","1514","8004  >  36132 [ACK] Seq=456310 Ack=141 Win=65024 Len=1448 TSval=2916036980 TSecr=3045556753 [TCP segment of a reassembled PDU]"
"32673","32.900012664","192.168.1.55","192.168.1.2","TCP","1514","8004  >  36132 [ACK] Seq=457758 Ack=141 Win=65024 Len=1448 TSval=2916036980 TSecr=3045556753 [TCP segment of a reassembled PDU]"
"32674","32.900014035","192.168.1.55","192.168.1.2","TCP","1514","8004  >  36132 [ACK] Seq=459206 Ack=141 Win=65024 Len=1448 TSval=2916036980 TSecr=3045556753 [TCP segment of a reassembled PDU]"
"32675","32.900015535","192.168.1.55","192.168.1.2","TCP","1514","8004  >  36132 [ACK] Seq=460654 Ack=141 Win=65024 Len=1448 TSval=2916036980 TSecr=3045556753 [TCP segment of a reassembled PDU]"
"32676","32.900017072","192.168.1.55","192.168.1.2","TCP","1514","8004  >  36132 [ACK] Seq=462102 Ack=141 Win=65024 Len=1448 TSval=2916036980 TSecr=3045556753 [TCP segment of a reassembled PDU]"
"32677","32.900018479","192.168.1.55","192.168.1.2","TCP","1514","8004  >  36132 [ACK] Seq=463550 Ack=141 Win=65024 Len=1448 TSval=2916036980 TSecr=3045556753 [TCP segment of a reassembled PDU]"
"32678","32.900019998","192.168.1.55","192.168.1.2","TCP","1514","8004  >  36132 [ACK] Seq=464998 Ack=141 Win=65024 Len=1448 TSval=2916036980 TSecr=3045556753 [TCP segment of a reassembled PDU]"
"32679","32.900021387","192.168.1.55","192.168.1.2","TCP","1514","8004  >  36132 [ACK] Seq=466446 Ack=141 Win=65024 Len=1448 TSval=2916036980 TSecr=3045556753 [TCP segment of a reassembled PDU]"
"32680","32.900022776","192.168.1.55","192.168.1.2","TCP","1514","8004  >  36132 [ACK] Seq=467894 Ack=141 Win=65024 Len=1448 TSval=2916036980 TSecr=3045556753 [TCP segment of a reassembled PDU]"
"32681","32.900024257","192.168.1.55","192.168.1.2","TCP","1514","8004  >  36132 [ACK] Seq=469342 Ack=141 Win=65024 Len=1448 TSval=2916036980 TSecr=3045556753 [TCP segment of a reassembled PDU]"
"32682","32.900025683","192.168.1.55","192.168.1.2","TCP","1514","8004  >  36132 [ACK] Seq=470790 Ack=141 Win=65024 Len=1448 TSval=2916036980 TSecr=3045556753 [TCP segment of a reassembled PDU]"
"32683","32.900027164","192.168.1.55","192.168.1.2","TCP","1514","8004  >  36132 [ACK] Seq=472238 Ack=141 Win=65024 Len=1448 TSval=2916036980 TSecr=3045556753 [TCP segment of a reassembled PDU]"
"32684","32.900028646","192.168.1.55","192.168.1.2","TCP","1514","8004  >  36132 [ACK] Seq=473686 Ack=141 Win=65024 Len=1448 TSval=2916036980 TSecr=3045556753 [TCP segment of a reassembled PDU]"
"32685","32.900030016","192.168.1.55","192.168.1.2","TCP","1514","8004  >  36132 [PSH, ACK] Seq=475134 Ack=141 Win=65024 Len=1448 TSval=2916036980 TSecr=3045556753 [TCP segment of a reassembled PDU]"
"32686","32.900035164","192.168.1.2","192.168.1.55","TCP","66","36132  >  8004 [ACK] Seq=141 Ack=360742 Win=122880 Len=0 TSval=3045556753 TSecr=2916036973"
"32687","32.900097590","192.168.1.2","192.168.1.55","TCP","66","36132  >  8004 [ACK] Seq=141 Ack=376670 Win=111616 Len=0 TSval=3045556753 TSecr=2916036974"
"32688","32.900104405","192.168.1.2","192.168.1.55","TCP","66","36132  >  8004 [ACK] Seq=141 Ack=386806 Win=104448 Len=0 TSval=3045556753 TSecr=2916036974"
"32689","32.905159450","192.168.1.2","192.168.1.55","TCP","66","36132  >  8004 [ACK] Seq=141 Ack=407078 Win=143360 Len=0 TSval=3045556757 TSecr=2916036974"
"32690","32.905181265","192.168.1.55","192.168.1.2","TCP","1514","8004  >  36132 [ACK] Seq=476582 Ack=141 Win=65024 Len=1448 TSval=2916036985 TSecr=3045556757 [TCP segment of a reassembled PDU]"
"32691","32.905183710","192.168.1.55","192.168.1.2","TCP","1514","8004  >  36132 [ACK] Seq=478030 Ack=141 Win=65024 Len=1448 TSval=2916036985 TSecr=3045556757 [TCP segment of a reassembled PDU]"
"32692","32.905185154","192.168.1.55","192.168.1.2","TCP","1514","8004  >  36132 [ACK] Seq=479478 Ack=141 Win=65024 Len=1448 TSval=2916036985 TSecr=3045556757 [TCP segment of a reassembled PDU]"
"32693","32.905186487","192.168.1.55","192.168.1.2","TCP","1514","8004  >  36132 [ACK] Seq=480926 Ack=141 Win=65024 Len=1448 TSval=2916036985 TSecr=3045556757 [TCP segment of a reassembled PDU]"
"32694","32.905187784","192.168.1.55","192.168.1.2","TCP","1514","8004  >  36132 [ACK] Seq=482374 Ack=141 Win=65024 Len=1448 TSval=2916036985 TSecr=3045556757 [TCP segment of a reassembled PDU]"
"32695","32.905189173","192.168.1.55","192.168.1.2","TCP","1514","8004  >  36132 [ACK] Seq=483822 Ack=141 Win=65024 Len=1448 TSval=2916036985 TSecr=3045556757 [TCP segment of a reassembled PDU]"
"32696","32.905190599","192.168.1.55","192.168.1.2","TCP","1514","8004  >  36132 [ACK] Seq=485270 Ack=141 Win=65024 Len=1448 TSval=2916036985 TSecr=3045556757 [TCP segment of a reassembled PDU]"
"32697","32.905192024","192.168.1.55","192.168.1.2","TCP","1514","8004  >  36132 [ACK] Seq=486718 Ack=141 Win=65024 Len=1448 TSval=2916036985 TSecr=3045556757 [TCP segment of a reassembled PDU]"
"32698","32.905193358","192.168.1.55","192.168.1.2","TCP","1514","8004  >  36132 [ACK] Seq=488166 Ack=141 Win=65024 Len=1448 TSval=2916036985 TSecr=3045556757 [TCP segment of a reassembled PDU]"
"32699","32.905194784","192.168.1.55","192.168.1.2","TCP","1514","8004  >  36132 [ACK] Seq=489614 Ack=141 Win=65024 Len=1448 TSval=2916036985 TSecr=3045556757 [TCP segment of a reassembled PDU]"
"32700","32.905196173","192.168.1.55","192.168.1.2","TCP","1514","8004  >  36132 [ACK] Seq=491062 Ack=141 Win=65024 Len=1448 TSval=2916036985 TSecr=3045556757 [TCP segment of a reassembled PDU]"
"32701","32.905197506","192.168.1.55","192.168.1.2","TCP","1514","8004  >  36132 [ACK] Seq=492510 Ack=141 Win=65024 Len=1448 TSval=2916036985 TSecr=3045556757 [TCP segment of a reassembled PDU]"
"32702","32.905198858","192.168.1.55","192.168.1.2","TCP","1514","8004  >  36132 [ACK] Seq=493958 Ack=141 Win=65024 Len=1448 TSval=2916036985 TSecr=3045556757 [TCP segment of a reassembled PDU]"
"32703","32.905200191","192.168.1.55","192.168.1.2","TCP","1514","8004  >  36132 [ACK] Seq=495406 Ack=141 Win=65024 Len=1448 TSval=2916036985 TSecr=3045556757 [TCP segment of a reassembled PDU]"
"32704","32.905201506","192.168.1.55","192.168.1.2","TCP","1514","8004  >  36132 [ACK] Seq=496854 Ack=141 Win=65024 Len=1448 TSval=2916036985 TSecr=3045556757 [TCP segment of a reassembled PDU]"
"32705","32.905202932","192.168.1.55","192.168.1.2","HTTP","1472","HTTP/1.0 200 OK  (PNG)"
"32706","32.905898674","192.168.1.2","192.168.1.55","TCP","66","36132  >  8004 [ACK] Seq=141 Ack=409974 Win=149504 Len=0 TSval=3045556760 TSecr=2916036980"
"32707","32.905905655","192.168.1.2","192.168.1.55","TCP","66","36132  >  8004 [ACK] Seq=141 Ack=443278 Win=137216 Len=0 TSval=3045556760 TSecr=2916036980"
"32708","32.905912007","192.168.1.2","192.168.1.55","TCP","66","36132  >  8004 [ACK] Seq=141 Ack=467894 Win=118784 Len=0 TSval=3045556760 TSecr=2916036980"
"32709","32.905942470","192.168.1.2","192.168.1.55","TCP","66","36132  >  8004 [ACK] Seq=141 Ack=476582 Win=151552 Len=0 TSval=3045556761 TSecr=2916036980"
"32710","32.908093437","192.168.1.2","192.168.1.55","TCP","66","36132  >  8004 [ACK] Seq=141 Ack=491062 Win=147456 Len=0 TSval=3045556763 TSecr=2916036985"
"32711","32.908486011","192.168.1.2","192.168.1.55","TCP","66","36132  >  8004 [ACK] Seq=141 Ack=498302 Win=153600 Len=0 TSval=3045556764 TSecr=2916036985"
"32712","32.910448681","192.168.1.2","192.168.1.55","TCP","66","36132  >  8004 [FIN, ACK] Seq=141 Ack=499709 Win=156672 Len=0 TSval=3045556765 TSecr=2916036985"
"32713","32.910460700","192.168.1.55","192.168.1.2","TCP","66","8004  >  36132 [ACK] Seq=499709 Ack=142 Win=65024 Len=0 TSval=2916036991 TSecr=3045556765"
"32714","32.910574533","192.168.1.2","192.168.1.55","TCP","74","36136  >  8004 [SYN] Seq=0 Win=64240 Len=0 MSS=1460 SACK_PERM TSval=3045556765 TSecr=0 WS=1024"
"32715","32.910599774","192.168.1.55","192.168.1.2","TCP","74","8004  >  36136 [SYN, ACK] Seq=0 Ack=1 Win=65160 Len=0 MSS=1460 SACK_PERM TSval=2916036991 TSecr=3045556765 WS=128"
"32716","32.913778890","192.168.1.2","192.168.1.55","TCP","66","36136  >  8004 [ACK] Seq=1 Ack=1 Win=64512 Len=0 TSval=3045556768 TSecr=2916036991"
"32717","32.916997006","192.168.1.2","192.168.1.55","HTTP","209","GET /original_benchmark.png HTTP/1.1 "
"32718","32.917007099","192.168.1.55","192.168.1.2","TCP","66","8004  >  36136 [ACK] Seq=1 Ack=144 Win=65024 Len=0 TSval=2916036997 TSecr=3045556768"
"32719","32.917496211","192.168.1.55","192.168.1.2","TCP","255","8004  >  36136 [PSH, ACK] Seq=1 Ack=144 Win=65024 Len=189 TSval=2916036998 TSecr=3045556768 [TCP segment of a reassembled PDU]"
"32720","32.917587970","192.168.1.55","192.168.1.2","TCP","1514","8004  >  36136 [ACK] Seq=190 Ack=144 Win=65024 Len=1448 TSval=2916036998 TSecr=3045556768 [TCP segment of a reassembled PDU]"
"32721","32.917594544","192.168.1.55","192.168.1.2","TCP","1514","8004  >  36136 [ACK] Seq=1638 Ack=144 Win=65024 Len=1448 TSval=2916036998 TSecr=3045556768 [TCP segment of a reassembled PDU]"
"32722","32.917596026","192.168.1.55","192.168.1.2","TCP","1514","8004  >  36136 [ACK] Seq=3086 Ack=144 Win=65024 Len=1448 TSval=2916036998 TSecr=3045556768 [TCP segment of a reassembled PDU]"
"32723","32.917597359","192.168.1.55","192.168.1.2","TCP","1514","8004  >  36136 [ACK] Seq=4534 Ack=144 Win=65024 Len=1448 TSval=2916036998 TSecr=3045556768 [TCP segment of a reassembled PDU]"
"32724","32.917598692","192.168.1.55","192.168.1.2","TCP","1514","8004  >  36136 [PSH, ACK] Seq=5982 Ack=144 Win=65024 Len=1448 TSval=2916036998 TSecr=3045556768 [TCP segment of a reassembled PDU]"
"32725","32.917613618","192.168.1.55","192.168.1.2","TCP","1514","8004  >  36136 [ACK] Seq=7430 Ack=144 Win=65024 Len=1448 TSval=2916036998 TSecr=3045556768 [TCP segment of a reassembled PDU]"
"32726","32.917615322","192.168.1.55","192.168.1.2","TCP","1514","8004  >  36136 [ACK] Seq=8878 Ack=144 Win=65024 Len=1448 TSval=2916036998 TSecr=3045556768 [TCP segment of a reassembled PDU]"
"32727","32.917616618","192.168.1.55","192.168.1.2","TCP","1514","8004  >  36136 [ACK] Seq=10326 Ack=144 Win=65024 Len=1448 TSval=2916036998 TSecr=3045556768 [TCP segment of a reassembled PDU]"
"32728","32.917618007","192.168.1.55","192.168.1.2","TCP","1514","8004  >  36136 [PSH, ACK] Seq=11774 Ack=144 Win=65024 Len=1448 TSval=2916036998 TSecr=3045556768 [TCP segment of a reassembled PDU]"
"32729","32.921126513","192.168.1.2","192.168.1.55","TCP","66","36136  >  8004 [ACK] Seq=144 Ack=190 Win=64512 Len=0 TSval=3045556775 TSecr=2916036998"
"32730","32.921225087","192.168.1.55","192.168.1.2","TCP","1514","8004  >  36136 [ACK] Seq=13222 Ack=144 Win=65024 Len=1448 TSval=2916037001 TSecr=3045556775 [TCP segment of a reassembled PDU]"
"32731","32.921230828","192.168.1.55","192.168.1.2","TCP","1514","8004  >  36136 [PSH, ACK] Seq=14670 Ack=144 Win=65024 Len=1448 TSval=2916037001 TSecr=3045556775 [TCP segment of a reassembled PDU]"
"32732","32.921390884","192.168.1.2","192.168.1.55","TCP","66","36136  >  8004 [ACK] Seq=144 Ack=5982 Win=76800 Len=0 TSval=3045556775 TSecr=2916036998"
"32733","32.921460976","192.168.1.55","192.168.1.2","TCP","1514","8004  >  36136 [ACK] Seq=16118 Ack=144 Win=65024 Len=1448 TSval=2916037002 TSecr=3045556775 [TCP segment of a reassembled PDU]"
"32734","32.921468069","192.168.1.55","192.168.1.2","TCP","1514","8004  >  36136 [ACK] Seq=17566 Ack=144 Win=65024 Len=1448 TSval=2916037002 TSecr=3045556775 [TCP segment of a reassembled PDU]"
"32735","32.921471884","192.168.1.55","192.168.1.2","TCP","1514","8004  >  36136 [ACK] Seq=19014 Ack=144 Win=65024 Len=1448 TSval=2916037002 TSecr=3045556775 [TCP segment of a reassembled PDU]"
"32736","32.921474273","192.168.1.55","192.168.1.2","TCP","1514","8004  >  36136 [ACK] Seq=20462 Ack=144 Win=65024 Len=1448 TSval=2916037002 TSecr=3045556775 [TCP segment of a reassembled PDU]"
"32737","32.921477606","192.168.1.55","192.168.1.2","TCP","1514","8004  >  36136 [ACK] Seq=21910 Ack=144 Win=65024 Len=1448 TSval=2916037002 TSecr=3045556775 [TCP segment of a reassembled PDU]"
"32738","32.921480161","192.168.1.55","192.168.1.2","TCP","1514","8004  >  36136 [ACK] Seq=23358 Ack=144 Win=65024 Len=1448 TSval=2916037002 TSecr=3045556775 [TCP segment of a reassembled PDU]"
"32739","32.921485143","192.168.1.55","192.168.1.2","TCP","1514","8004  >  36136 [PSH, ACK] Seq=24806 Ack=144 Win=65024 Len=1448 TSval=2916037002 TSecr=3045556775 [TCP segment of a reassembled PDU]"
"32740","32.921497384","192.168.1.2","192.168.1.55","TCP","66","36136  >  8004 [ACK] Seq=144 Ack=7430 Win=79872 Len=0 TSval=3045556776 TSecr=2916036998"
"32741","32.921514124","192.168.1.2","192.168.1.55","TCP","66","36136  >  8004 [ACK] Seq=144 Ack=13222 Win=80896 Len=0 TSval=3045556776 TSecr=2916036998"
"32742","32.921566217","192.168.1.55","192.168.1.2","TCP","1514","8004  >  36136 [ACK] Seq=26254 Ack=144 Win=65024 Len=1448 TSval=2916037002 TSecr=3045556776 [TCP segment of a reassembled PDU]"
"32743","32.921572365","192.168.1.55","192.168.1.2","TCP","1514","8004  >  36136 [ACK] Seq=27702 Ack=144 Win=65024 Len=1448 TSval=2916037002 TSecr=3045556776 [TCP segment of a reassembled PDU]"
"32744","32.921575513","192.168.1.55","192.168.1.2","TCP","1514","8004  >  36136 [ACK] Seq=29150 Ack=144 Win=65024 Len=1448 TSval=2916037002 TSecr=3045556776 [TCP segment of a reassembled PDU]"
"32745","32.921580939","192.168.1.55","192.168.1.2","TCP","1514","8004  >  36136 [ACK] Seq=30598 Ack=144 Win=65024 Len=1448 TSval=2916037002 TSecr=3045556776 [TCP segment of a reassembled PDU]"
"32746","32.921584069","192.168.1.55","192.168.1.2","TCP","1514","8004  >  36136 [ACK] Seq=32046 Ack=144 Win=65024 Len=1448 TSval=2916037002 TSecr=3045556776 [TCP segment of a reassembled PDU]"
"32747","32.921585902","192.168.1.55","192.168.1.2","TCP","1514","8004  >  36136 [ACK] Seq=33494 Ack=144 Win=65024 Len=1448 TSval=2916037002 TSecr=3045556776 [TCP segment of a reassembled PDU]"
"32748","32.921587495","192.168.1.55","192.168.1.2","TCP","1514","8004  >  36136 [ACK] Seq=34942 Ack=144 Win=65024 Len=1448 TSval=2916037002 TSecr=3045556776 [TCP segment of a reassembled PDU]"
"32749","32.921590865","192.168.1.55","192.168.1.2","TCP","1514","8004  >  36136 [ACK] Seq=36390 Ack=144 Win=65024 Len=1448 TSval=2916037002 TSecr=3045556776 [TCP segment of a reassembled PDU]"
"32750","32.921594625","192.168.1.55","192.168.1.2","TCP","1514","8004  >  36136 [ACK] Seq=37838 Ack=144 Win=65024 Len=1448 TSval=2916037002 TSecr=3045556776 [TCP segment of a reassembled PDU]"
"32751","32.921597051","192.168.1.55","192.168.1.2","TCP","1514","8004  >  36136 [PSH, ACK] Seq=39286 Ack=144 Win=65024 Len=1448 TSval=2916037002 TSecr=3045556776 [TCP segment of a reassembled PDU]"
"32752","32.922530774","192.168.1.55","192.168.1.2","TCP","1514","8004  >  36136 [ACK] Seq=40734 Ack=144 Win=65024 Len=1448 TSval=2916037003 TSecr=3045556776 [TCP segment of a reassembled PDU]"
"32753","32.927621208","192.168.1.2","192.168.1.55","TCP","66","36136  >  8004 [ACK] Seq=144 Ack=16118 Win=87040 Len=0 TSval=3045556781 TSecr=2916037001"
"32754","32.927672653","192.168.1.55","192.168.1.2","TCP","1514","8004  >  36136 [ACK] Seq=42182 Ack=144 Win=65024 Len=1448 TSval=2916037008 TSecr=3045556781 [TCP segment of a reassembled PDU]"
"32755","32.927679912","192.168.1.55","192.168.1.2","TCP","1514","8004  >  36136 [PSH, ACK] Seq=43630 Ack=144 Win=65024 Len=1448 TSval=2916037008 TSecr=3045556781 [TCP segment of a reassembled PDU]"
"32756","32.927904727","192.168.1.2","192.168.1.55","TCP","66","36136  >  8004 [ACK] Seq=144 Ack=24806 Win=83968 Len=0 TSval=3045556781 TSecr=2916037002"
"32757","32.927966875","192.168.1.55","192.168.1.2","TCP","1514","8004  >  36136 [ACK] Seq=45078 Ack=144 Win=65024 Len=1448 TSval=2916037008 TSecr=3045556781 [TCP segment of a reassembled PDU]"
"32758","32.927971968","192.168.1.55","192.168.1.2","TCP","1514","8004  >  36136 [ACK] Seq=46526 Ack=144 Win=65024 Len=1448 TSval=2916037008 TSecr=3045556781 [TCP segment of a reassembled PDU]"
"32759","32.927973690","192.168.1.55","192.168.1.2","TCP","1514","8004  >  36136 [ACK] Seq=47974 Ack=144 Win=65024 Len=1448 TSval=2916037008 TSecr=3045556781 [TCP segment of a reassembled PDU]"
"32760","32.927975820","192.168.1.55","192.168.1.2","TCP","1514","8004  >  36136 [ACK] Seq=49422 Ack=144 Win=65024 Len=1448 TSval=2916037008 TSecr=3045556781 [TCP segment of a reassembled PDU]"
"32761","32.927977079","192.168.1.55","192.168.1.2","TCP","1514","8004  >  36136 [ACK] Seq=50870 Ack=144 Win=65024 Len=1448 TSval=2916037008 TSecr=3045556781 [TCP segment of a reassembled PDU]"
"32762","32.927978375","192.168.1.55","192.168.1.2","TCP","1514","8004  >  36136 [ACK] Seq=52318 Ack=144 Win=65024 Len=1448 TSval=2916037008 TSecr=3045556781 [TCP segment of a reassembled PDU]"
"32763","32.927979616","192.168.1.55","192.168.1.2","TCP","1514","8004  >  36136 [ACK] Seq=53766 Ack=144 Win=65024 Len=1448 TSval=2916037008 TSecr=3045556781 [TCP segment of a reassembled PDU]"
"32764","32.927980931","192.168.1.55","192.168.1.2","TCP","1514","8004  >  36136 [ACK] Seq=55214 Ack=144 Win=65024 Len=1448 TSval=2916037008 TSecr=3045556781 [TCP segment of a reassembled PDU]"
"32765","32.927982283","192.168.1.55","192.168.1.2","TCP","1514","8004  >  36136 [ACK] Seq=56662 Ack=144 Win=65024 Len=1448 TSval=2916037008 TSecr=3045556781 [TCP segment of a reassembled PDU]"
"32766","32.927984079","192.168.1.55","192.168.1.2","TCP","1514","8004  >  36136 [ACK] Seq=58110 Ack=144 Win=65024 Len=1448 TSval=2916037008 TSecr=3045556781 [TCP segment of a reassembled PDU]"
"32767","32.927986172","192.168.1.55","192.168.1.2","TCP","1514","8004  >  36136 [ACK] Seq=59558 Ack=144 Win=65024 Len=1448 TSval=2916037008 TSecr=3045556781 [TCP segment of a reassembled PDU]"
"32768","32.927987468","192.168.1.55","192.168.1.2","TCP","1514","8004  >  36136 [ACK] Seq=61006 Ack=144 Win=65024 Len=1448 TSval=2916037008 TSecr=3045556781 [TCP segment of a reassembled PDU]"
"32769","32.927988690","192.168.1.55","192.168.1.2","TCP","1514","8004  >  36136 [ACK] Seq=62454 Ack=144 Win=65024 Len=1448 TSval=2916037008 TSecr=3045556781 [TCP segment of a reassembled PDU]"
"32770","32.927990301","192.168.1.55","192.168.1.2","TCP","1514","8004  >  36136 [PSH, ACK] Seq=63902 Ack=144 Win=65024 Len=1448 TSval=2916037008 TSecr=3045556781 [TCP segment of a reassembled PDU]"
"32771","32.927997116","192.168.1.2","192.168.1.55","TCP","66","36136  >  8004 [ACK] Seq=144 Ack=26254 Win=90112 Len=0 TSval=3045556782 TSecr=2916037002"
"32772","32.928004690","192.168.1.2","192.168.1.55","TCP","66","36136  >  8004 [ACK] Seq=144 Ack=40734 Win=79872 Len=0 TSval=3045556782 TSecr=2916037002"
"32773","32.928028727","192.168.1.55","192.168.1.2","TCP","1514","8004  >  36136 [ACK] Seq=65350 Ack=144 Win=65024 Len=1448 TSval=2916037008 TSecr=3045556782 [TCP segment of a reassembled PDU]"
"32774","32.928030301","192.168.1.55","192.168.1.2","TCP","1514","8004  >  36136 [ACK] Seq=66798 Ack=144 Win=65024 Len=1448 TSval=2916037008 TSecr=3045556782 [TCP segment of a reassembled PDU]"
"32775","32.928032153","192.168.1.55","192.168.1.2","TCP","1514","8004  >  36136 [ACK] Seq=68246 Ack=144 Win=65024 Len=1448 TSval=2916037008 TSecr=3045556782 [TCP segment of a reassembled PDU]"
"32776","32.928041283","192.168.1.55","192.168.1.2","TCP","1514","8004  >  36136 [ACK] Seq=69694 Ack=144 Win=65024 Len=1448 TSval=2916037008 TSecr=3045556782 [TCP segment of a reassembled PDU]"
"32777","32.928043320","192.168.1.55","192.168.1.2","TCP","1514","8004  >  36136 [ACK] Seq=71142 Ack=144 Win=65024 Len=1448 TSval=2916037008 TSecr=3045556782 [TCP segment of a reassembled PDU]"
"32778","32.928045246","192.168.1.55","192.168.1.2","TCP","1514","8004  >  36136 [ACK] Seq=72590 Ack=144 Win=65024 Len=1448 TSval=2916037008 TSecr=3045556782 [TCP segment of a reassembled PDU]"
"32779","32.928047116","192.168.1.55","192.168.1.2","TCP","1514","8004  >  36136 [ACK] Seq=74038 Ack=144 Win=65024 Len=1448 TSval=2916037008 TSecr=3045556782 [TCP segment of a reassembled PDU]"
"32780","32.928048487","192.168.1.55","192.168.1.2","TCP","1514","8004  >  36136 [PSH, ACK] Seq=75486 Ack=144 Win=65024 Len=1448 TSval=2916037008 TSecr=3045556782 [TCP segment of a reassembled PDU]"
"32781","32.928057283","192.168.1.2","192.168.1.55","TCP","66","36136  >  8004 [ACK] Seq=144 Ack=42182 Win=78848 Len=0 TSval=3045556782 TSecr=2916037003"
"32782","32.928971099","192.168.1.55","192.168.1.2","TCP","1514","8004  >  36136 [ACK] Seq=76934 Ack=144 Win=65024 Len=1448 TSval=2916037009 TSecr=3045556782 [TCP segment of a reassembled PDU]"
"32783","32.928979525","192.168.1.55","192.168.1.2","TCP","1514","8004  >  36136 [ACK] Seq=78382 Ack=144 Win=65024 Len=1448 TSval=2916037009 TSecr=3045556782 [TCP segment of a reassembled PDU]"
"32784","32.928981766","192.168.1.55","192.168.1.2","TCP","1514","8004  >  36136 [ACK] Seq=79830 Ack=144 Win=65024 Len=1448 TSval=2916037009 TSecr=3045556782 [TCP segment of a reassembled PDU]"
"32785","32.928983284","192.168.1.55","192.168.1.2","TCP","1514","8004  >  36136 [ACK] Seq=81278 Ack=144 Win=65024 Len=1448 TSval=2916037009 TSecr=3045556782 [TCP segment of a reassembled PDU]"
"32786","32.928984618","192.168.1.55","192.168.1.2","TCP","1514","8004  >  36136 [ACK] Seq=82726 Ack=144 Win=65024 Len=1448 TSval=2916037009 TSecr=3045556782 [TCP segment of a reassembled PDU]"
"32787","32.928986007","192.168.1.55","192.168.1.2","TCP","1514","8004  >  36136 [ACK] Seq=84174 Ack=144 Win=65024 Len=1448 TSval=2916037009 TSecr=3045556782 [TCP segment of a reassembled PDU]"
"32788","32.928987396","192.168.1.55","192.168.1.2","TCP","1514","8004  >  36136 [ACK] Seq=85622 Ack=144 Win=65024 Len=1448 TSval=2916037009 TSecr=3045556782 [TCP segment of a reassembled PDU]"
"32789","32.928989303","192.168.1.55","192.168.1.2","TCP","1514","8004  >  36136 [ACK] Seq=87070 Ack=144 Win=65024 Len=1448 TSval=2916037009 TSecr=3045556782 [TCP segment of a reassembled PDU]"
"32790","32.928992673","192.168.1.55","192.168.1.2","TCP","1514","8004  >  36136 [ACK] Seq=88518 Ack=144 Win=65024 Len=1448 TSval=2916037009 TSecr=3045556782 [TCP segment of a reassembled PDU]"
"32791","32.928993914","192.168.1.55","192.168.1.2","TCP","1514","8004  >  36136 [ACK] Seq=89966 Ack=144 Win=65024 Len=1448 TSval=2916037009 TSecr=3045556782 [TCP segment of a reassembled PDU]"
"32792","32.928995173","192.168.1.55","192.168.1.2","TCP","1514","8004  >  36136 [ACK] Seq=91414 Ack=144 Win=65024 Len=1448 TSval=2916037009 TSecr=3045556782 [TCP segment of a reassembled PDU]"
"32793","32.928999414","192.168.1.55","192.168.1.2","TCP","1514","8004  >  36136 [ACK] Seq=92862 Ack=144 Win=65024 Len=1448 TSval=2916037009 TSecr=3045556782 [TCP segment of a reassembled PDU]"
"32794","32.929001581","192.168.1.55","192.168.1.2","TCP","1514","8004  >  36136 [ACK] Seq=94310 Ack=144 Win=65024 Len=1448 TSval=2916037009 TSecr=3045556782 [TCP segment of a reassembled PDU]"
"32795","32.929003840","192.168.1.55","192.168.1.2","TCP","1514","8004  >  36136 [PSH, ACK] Seq=95758 Ack=144 Win=65024 Len=1448 TSval=2916037009 TSecr=3045556782 [TCP segment of a reassembled PDU]"
"32796","32.929016710","192.168.1.55","192.168.1.2","TCP","1514","8004  >  36136 [ACK] Seq=97206 Ack=144 Win=65024 Len=1448 TSval=2916037009 TSecr=3045556782 [TCP segment of a reassembled PDU]"
"32797","32.929018248","192.168.1.55","192.168.1.2","TCP","1514","8004  >  36136 [PSH, ACK] Seq=98654 Ack=144 Win=65024 Len=1448 TSval=2916037009 TSecr=3045556782 [TCP segment of a reassembled PDU]"
"32798","32.934070570","192.168.1.2","192.168.1.55","TCP","66","36136  >  8004 [ACK] Seq=144 Ack=45078 Win=91136 Len=0 TSval=3045556787 TSecr=2916037008"
"32799","32.934110348","192.168.1.55","192.168.1.2","TCP","1514","8004  >  36136 [ACK] Seq=100102 Ack=144 Win=65024 Len=1448 TSval=2916037014 TSecr=3045556787 [TCP segment of a reassembled PDU]"
"32800","32.934114144","192.168.1.55","192.168.1.2","TCP","1514","8004  >  36136 [ACK] Seq=101550 Ack=144 Win=65024 Len=1448 TSval=2916037014 TSecr=3045556787 [TCP segment of a reassembled PDU]"
"32801","32.934115200","192.168.1.55","192.168.1.2","TCP","1514","8004  >  36136 [ACK] Seq=102998 Ack=144 Win=65024 Len=1448 TSval=2916037014 TSecr=3045556787 [TCP segment of a reassembled PDU]"
"32802","32.934116682","192.168.1.55","192.168.1.2","TCP","1514","8004  >  36136 [PSH, ACK] Seq=104446 Ack=144 Win=65024 Len=1448 TSval=2916037014 TSecr=3045556787 [TCP segment of a reassembled PDU]"
"32803","32.934382645","192.168.1.2","192.168.1.55","TCP","66","36136  >  8004 [ACK] Seq=144 Ack=49422 Win=91136 Len=0 TSval=3045556787 TSecr=2916037008"
"32804","32.934391182","192.168.1.2","192.168.1.55","TCP","66","36136  >  8004 [ACK] Seq=144 Ack=63902 Win=81920 Len=0 TSval=3045556788 TSecr=2916037008"
"32805","32.934401775","192.168.1.55","192.168.1.2","TCP","1514","8004  >  36136 [ACK] Seq=105894 Ack=144 Win=65024 Len=1448 TSval=2916037015 TSecr=3045556788 [TCP segment of a reassembled PDU]"
"32806","32.934403163","192.168.1.55","192.168.1.2","TCP","1514","8004  >  36136 [ACK] Seq=107342 Ack=144 Win=65024 Len=1448 TSval=2916037015 TSecr=3045556788 [TCP segment of a reassembled PDU]"
"32807","32.934404238","192.168.1.55","192.168.1.2","TCP","1514","8004  >  36136 [ACK] Seq=108790 Ack=144 Win=65024 Len=1448 TSval=2916037015 TSecr=3045556788 [TCP segment of a reassembled PDU]"
"32808","32.934405349","192.168.1.55","192.168.1.2","TCP","1514","8004  >  36136 [ACK] Seq=110238 Ack=144 Win=65024 Len=1448 TSval=2916037015 TSecr=3045556788 [TCP segment of a reassembled PDU]"
"32809","32.934406404","192.168.1.55","192.168.1.2","TCP","1514","8004  >  36136 [ACK] Seq=111686 Ack=144 Win=65024 Len=1448 TSval=2916037015 TSecr=3045556788 [TCP segment of a reassembled PDU]"
"32810","32.934407441","192.168.1.55","192.168.1.2","TCP","1514","8004  >  36136 [ACK] Seq=113134 Ack=144 Win=65024 Len=1448 TSval=2916037015 TSecr=3045556788 [TCP segment of a reassembled PDU]"
"32811","32.934408478","192.168.1.55","192.168.1.2","TCP","1514","8004  >  36136 [PSH, ACK] Seq=114582 Ack=144 Win=65024 Len=1448 TSval=2916037015 TSecr=3045556788 [TCP segment of a reassembled PDU]"
"32812","32.934436552","192.168.1.55","192.168.1.2","TCP","1514","8004  >  36136 [ACK] Seq=116030 Ack=144 Win=65024 Len=1448 TSval=2916037015 TSecr=3045556788 [TCP segment of a reassembled PDU]"
"32813","32.934438108","192.168.1.55","192.168.1.2","TCP","1514","8004  >  36136 [ACK] Seq=117478 Ack=144 Win=65024 Len=1448 TSval=2916037015 TSecr=3045556788 [TCP segment of a reassembled PDU]"
"32814","32.934439201","192.168.1.55","192.168.1.2","TCP","1514","8004  >  36136 [ACK] Seq=118926 Ack=144 Win=65024 Len=1448 TSval=2916037015 TSecr=3045556788 [TCP segment of a reassembled PDU]"
"32815","32.934440293","192.168.1.55","192.168.1.2","TCP","1514","8004  >  36136 [ACK] Seq=120374 Ack=144 Win=65024 Len=1448 TSval=2916037015 TSecr=3045556788 [TCP segment of a reassembled PDU]"
"32816","32.934441293","192.168.1.55","192.168.1.2","TCP","1514","8004  >  36136 [ACK] Seq=121822 Ack=144 Win=65024 Len=1448 TSval=2916037015 TSecr=3045556788 [TCP segment of a reassembled PDU]"
"32817","32.934442367","192.168.1.55","192.168.1.2","TCP","1514","8004  >  36136 [ACK] Seq=123270 Ack=144 Win=65024 Len=1448 TSval=2916037015 TSecr=3045556788 [TCP segment of a reassembled PDU]"
"32818","32.934443515","192.168.1.55","192.168.1.2","TCP","1514","8004  >  36136 [ACK] Seq=124718 Ack=144 Win=65024 Len=1448 TSval=2916037015 TSecr=3045556788 [TCP segment of a reassembled PDU]"
"32819","32.934444626","192.168.1.55","192.168.1.2","TCP","1514","8004  >  36136 [ACK] Seq=126166 Ack=144 Win=65024 Len=1448 TSval=2916037015 TSecr=3045556788 [TCP segment of a reassembled PDU]"
"32820","32.934445923","192.168.1.55","192.168.1.2","TCP","1514","8004  >  36136 [ACK] Seq=127614 Ack=144 Win=65024 Len=1448 TSval=2916037015 TSecr=3045556788 [TCP segment of a reassembled PDU]"
"32821","32.934446941","192.168.1.55","192.168.1.2","TCP","1514","8004  >  36136 [ACK] Seq=129062 Ack=144 Win=65024 Len=1448 TSval=2916037015 TSecr=3045556788 [TCP segment of a reassembled PDU]"
"32822","32.934447960","192.168.1.55","192.168.1.2","TCP","1514","8004  >  36136 [ACK] Seq=130510 Ack=144 Win=65024 Len=1448 TSval=2916037015 TSecr=3045556788 [TCP segment of a reassembled PDU]"
"32823","32.934449034","192.168.1.55","192.168.1.2","TCP","1514","8004  >  36136 [ACK] Seq=131958 Ack=144 Win=65024 Len=1448 TSval=2916037015 TSecr=3045556788 [TCP segment of a reassembled PDU]"
"32824","32.934450238","192.168.1.55","192.168.1.2","TCP","1514","8004  >  36136 [ACK] Seq=133406 Ack=144 Win=65024 Len=1448 TSval=2916037015 TSecr=3045556788 [TCP segment of a reassembled PDU]"
"32825","32.934451367","192.168.1.55","192.168.1.2","TCP","1514","8004  >  36136 [ACK] Seq=134854 Ack=144 Win=65024 Len=1448 TSval=2916037015 TSecr=3045556788 [TCP segment of a reassembled PDU]"
"32826","32.934452515","192.168.1.55","192.168.1.2","TCP","1514","8004  >  36136 [ACK] Seq=136302 Ack=144 Win=65024 Len=1448 TSval=2916037015 TSecr=3045556788 [TCP segment of a reassembled PDU]"
"32827","32.934453664","192.168.1.55","192.168.1.2","TCP","1514","8004  >  36136 [ACK] Seq=137750 Ack=144 Win=65024 Len=1448 TSval=2916037015 TSecr=3045556788 [TCP segment of a reassembled PDU]"
"32828","32.934454867","192.168.1.55","192.168.1.2","TCP","1514","8004  >  36136 [ACK] Seq=139198 Ack=144 Win=65024 Len=1448 TSval=2916037015 TSecr=3045556788 [TCP segment of a reassembled PDU]"
"32829","32.934455960","192.168.1.55","192.168.1.2","TCP","1514","8004  >  36136 [ACK] Seq=140646 Ack=144 Win=65024 Len=1448 TSval=2916037015 TSecr=3045556788 [TCP segment of a reassembled PDU]"
"32830","32.934457145","192.168.1.55","192.168.1.2","TCP","1514","8004  >  36136 [PSH, ACK] Seq=142094 Ack=144 Win=65024 Len=1448 TSval=2916037015 TSecr=3045556788 [TCP segment of a reassembled PDU]"
"32831","32.934461775","192.168.1.2","192.168.1.55","TCP","66","36136  >  8004 [ACK] Seq=144 Ack=65350 Win=93184 Len=0 TSval=3045556788 TSecr=2916037008"
"32832","32.934467960","192.168.1.2","192.168.1.55","TCP","66","36136  >  8004 [ACK] Seq=144 Ack=76934 Win=82944 Len=0 TSval=3045556788 TSecr=2916037008"
"32833","32.934483701","192.168.1.55","192.168.1.2","TCP","1514","8004  >  36136 [ACK] Seq=143542 Ack=144 Win=65024 Len=1448 TSval=2916037015 TSecr=3045556788 [TCP segment of a reassembled PDU]"
"32834","32.934485238","192.168.1.55","192.168.1.2","TCP","1514","8004  >  36136 [ACK] Seq=144990 Ack=144 Win=65024 Len=1448 TSval=2916037015 TSecr=3045556788 [TCP segment of a reassembled PDU]"
"32835","32.934486441","192.168.1.55","192.168.1.2","TCP","1514","8004  >  36136 [ACK] Seq=146438 Ack=144 Win=65024 Len=1448 TSval=2916037015 TSecr=3045556788 [TCP segment of a reassembled PDU]"
"32836","32.934487552","192.168.1.55","192.168.1.2","TCP","1514","8004  >  36136 [ACK] Seq=147886 Ack=144 Win=65024 Len=1448 TSval=2916037015 TSecr=3045556788 [TCP segment of a reassembled PDU]"
"32837","32.934488608","192.168.1.55","192.168.1.2","TCP","1514","8004  >  36136 [ACK] Seq=149334 Ack=144 Win=65024 Len=1448 TSval=2916037015 TSecr=3045556788 [TCP segment of a reassembled PDU]"
"32838","32.934489682","192.168.1.55","192.168.1.2","TCP","1514","8004  >  36136 [ACK] Seq=150782 Ack=144 Win=65024 Len=1448 TSval=2916037015 TSecr=3045556788 [TCP segment of a reassembled PDU]"
"32839","32.934490701","192.168.1.55","192.168.1.2","TCP","1514","8004  >  36136 [ACK] Seq=152230 Ack=144 Win=65024 Len=1448 TSval=2916037015 TSecr=3045556788 [TCP segment of a reassembled PDU]"
"32840","32.934491812","192.168.1.55","192.168.1.2","TCP","1514","8004  >  36136 [PSH, ACK] Seq=153678 Ack=144 Win=65024 Len=1448 TSval=2916037015 TSecr=3045556788 [TCP segment of a reassembled PDU]"
"32841","32.934547312","192.168.1.2","192.168.1.55","TCP","66","36136  >  8004 [ACK] Seq=144 Ack=94310 Win=66560 Len=0 TSval=3045556788 TSecr=2916037009"
"32842","32.934665219","192.168.1.2","192.168.1.55","TCP","66","36136  >  8004 [ACK] Seq=144 Ack=97206 Win=91136 Len=0 TSval=3045556788 TSecr=2916037009"
"32843","32.934727312","192.168.1.55","192.168.1.2","TCP","1514","8004  >  36136 [ACK] Seq=155126 Ack=144 Win=65024 Len=1448 TSval=2916037015 TSecr=3045556788 [TCP segment of a reassembled PDU]"
"32844","32.934732516","192.168.1.55","192.168.1.2","TCP","1514","8004  >  36136 [ACK] Seq=156574 Ack=144 Win=65024 Len=1448 TSval=2916037015 TSecr=3045556788 [TCP segment of a reassembled PDU]"
"32845","32.934734331","192.168.1.55","192.168.1.2","TCP","1514","8004  >  36136 [ACK] Seq=158022 Ack=144 Win=65024 Len=1448 TSval=2916037015 TSecr=3045556788 [TCP segment of a reassembled PDU]"
"32846","32.934735442","192.168.1.55","192.168.1.2","TCP","1514","8004  >  36136 [ACK] Seq=159470 Ack=144 Win=65024 Len=1448 TSval=2916037015 TSecr=3045556788 [TCP segment of a reassembled PDU]"
"32847","32.934736645","192.168.1.55","192.168.1.2","TCP","1514","8004  >  36136 [ACK] Seq=160918 Ack=144 Win=65024 Len=1448 TSval=2916037015 TSecr=3045556788 [TCP segment of a reassembled PDU]"
"32848","32.934737831","192.168.1.55","192.168.1.2","TCP","1514","8004  >  36136 [ACK] Seq=162366 Ack=144 Win=65024 Len=1448 TSval=2916037015 TSecr=3045556788 [TCP segment of a reassembled PDU]"
"32849","32.934739720","192.168.1.55","192.168.1.2","TCP","1514","8004  >  36136 [ACK] Seq=163814 Ack=144 Win=65024 Len=1448 TSval=2916037015 TSecr=3045556788 [TCP segment of a reassembled PDU]"
"32850","32.934741016","192.168.1.55","192.168.1.2","TCP","1514","8004  >  36136 [ACK] Seq=165262 Ack=144 Win=65024 Len=1448 TSval=2916037015 TSecr=3045556788 [TCP segment of a reassembled PDU]"
"32851","32.934742127","192.168.1.55","192.168.1.2","TCP","1514","8004  >  36136 [ACK] Seq=166710 Ack=144 Win=65024 Len=1448 TSval=2916037015 TSecr=3045556788 [TCP segment of a reassembled PDU]"
"32852","32.934743460","192.168.1.55","192.168.1.2","TCP","1514","8004  >  36136 [ACK] Seq=168158 Ack=144 Win=65024 Len=1448 TSval=2916037015 TSecr=3045556788 [TCP segment of a reassembled PDU]"
"32853","32.934744590","192.168.1.55","192.168.1.2","TCP","1514","8004  >  36136 [ACK] Seq=169606 Ack=144 Win=65024 Len=1448 TSval=2916037015 TSecr=3045556788 [TCP segment of a reassembled PDU]"
"32854","32.934746108","192.168.1.55","192.168.1.2","TCP","1514","8004  >  36136 [ACK] Seq=171054 Ack=144 Win=65024 Len=1448 TSval=2916037015 TSecr=3045556788 [TCP segment of a reassembled PDU]"
"32855","32.934747349","192.168.1.55","192.168.1.2","TCP","1514","8004  >  36136 [ACK] Seq=172502 Ack=144 Win=65024 Len=1448 TSval=2916037015 TSecr=3045556788 [TCP segment of a reassembled PDU]"
"32856","32.934748831","192.168.1.55","192.168.1.2","TCP","1514","8004  >  36136 [ACK] Seq=173950 Ack=144 Win=65024 Len=1448 TSval=2916037015 TSecr=3045556788 [TCP segment of a reassembled PDU]"
"32857","32.934750516","192.168.1.55","192.168.1.2","TCP","1514","8004  >  36136 [ACK] Seq=175398 Ack=144 Win=65024 Len=1448 TSval=2916037015 TSecr=3045556788 [TCP segment of a reassembled PDU]"
"32858","32.934751683","192.168.1.55","192.168.1.2","TCP","1514","8004  >  36136 [ACK] Seq=176846 Ack=144 Win=65024 Len=1448 TSval=2916037015 TSecr=3045556788 [TCP segment of a reassembled PDU]"
"32859","32.934752757","192.168.1.55","192.168.1.2","TCP","1514","8004  >  36136 [ACK] Seq=178294 Ack=144 Win=65024 Len=1448 TSval=2916037015 TSecr=3045556788 [TCP segment of a reassembled PDU]"
"32860","32.934754127","192.168.1.55","192.168.1.2","TCP","1514","8004  >  36136 [ACK] Seq=179742 Ack=144 Win=65024 Len=1448 TSval=2916037015 TSecr=3045556788 [TCP segment of a reassembled PDU]"
"32861","32.934755479","192.168.1.55","192.168.1.2","TCP","1514","8004  >  36136 [ACK] Seq=181190 Ack=144 Win=65024 Len=1448 TSval=2916037015 TSecr=3045556788 [TCP segment of a reassembled PDU]"
"32862","32.934757183","192.168.1.55","192.168.1.2","TCP","1514","8004  >  36136 [ACK] Seq=182638 Ack=144 Win=65024 Len=1448 TSval=2916037015 TSecr=3045556788 [TCP segment of a reassembled PDU]"
"32863","32.934758460","192.168.1.55","192.168.1.2","TCP","1514","8004  >  36136 [ACK] Seq=184086 Ack=144 Win=65024 Len=1448 TSval=2916037015 TSecr=3045556788 [TCP segment of a reassembled PDU]"
"32864","32.934759757","192.168.1.55","192.168.1.2","TCP","1514","8004  >  36136 [ACK] Seq=185534 Ack=144 Win=65024 Len=1448 TSval=2916037015 TSecr=3045556788 [TCP segment of a reassembled PDU]"
"32865","32.934761312","192.168.1.55","192.168.1.2","TCP","1426","[TCP Window Full] 8004  >  36136 [PSH, ACK] Seq=186982 Ack=144 Win=65024 Len=1360 TSval=2916037015 TSecr=3045556788 [TCP segment of a reassembled PDU]"
"32866","32.934767812","192.168.1.2","192.168.1.55","TCP","66","36136  >  8004 [ACK] Seq=144 Ack=100102 Win=91136 Len=0 TSval=3045556788 TSecr=2916037009"
"32867","32.935983444","192.168.1.55","192.168.1.2","TCP","1514","8004  >  36136 [ACK] Seq=188342 Ack=144 Win=65024 Len=1448 TSval=2916037016 TSecr=3045556788 [TCP segment of a reassembled PDU]"
"32868","32.935986703","192.168.1.55","192.168.1.2","TCP","1514","[TCP Window Full] 8004  >  36136 [PSH, ACK] Seq=189790 Ack=144 Win=65024 Len=1448 TSval=2916037016 TSecr=3045556788 [TCP segment of a reassembled PDU]"
"32869","32.941341749","192.168.1.2","192.168.1.55","TCP","66","36136  >  8004 [ACK] Seq=144 Ack=101550 Win=92160 Len=0 TSval=3045556791 TSecr=2916037014"
"32870","32.941376545","192.168.1.55","192.168.1.2","TCP","1514","8004  >  36136 [ACK] Seq=191238 Ack=144 Win=65024 Len=1448 TSval=2916037022 TSecr=3045556791 [TCP segment of a reassembled PDU]"
"32871","32.943015473","192.168.1.2","192.168.1.55","TCP","66","36136  >  8004 [ACK] Seq=144 Ack=105894 Win=90112 Len=0 TSval=3045556796 TSecr=2916037014"
"32872","32.943036270","192.168.1.55","192.168.1.2","TCP","1514","8004  >  36136 [ACK] Seq=192686 Ack=144 Win=65024 Len=1448 TSval=2916037023 TSecr=3045556796 [TCP segment of a reassembled PDU]"
"32873","32.943038344","192.168.1.55","192.168.1.2","TCP","1514","8004  >  36136 [PSH, ACK] Seq=194134 Ack=144 Win=65024 Len=1448 TSval=2916037023 TSecr=3045556796 [TCP segment of a reassembled PDU]"
"32874","32.943236844","192.168.1.2","192.168.1.55","TCP","66","36136  >  8004 [ACK] Seq=144 Ack=108790 Win=99328 Len=0 TSval=3045556796 TSecr=2916037015"
"32875","32.943261066","192.168.1.55","192.168.1.2","TCP","1514","8004  >  36136 [ACK] Seq=195582 Ack=144 Win=65024 Len=1448 TSval=2916037023 TSecr=3045556796 [TCP segment of a reassembled PDU]"
"32876","32.943263270","192.168.1.55","192.168.1.2","TCP","1514","8004  >  36136 [ACK] Seq=197030 Ack=144 Win=65024 Len=1448 TSval=2916037023 TSecr=3045556796 [TCP segment of a reassembled PDU]"
"32877","32.943264622","192.168.1.55","192.168.1.2","TCP","1514","8004  >  36136 [PSH, ACK] Seq=198478 Ack=144 Win=65024 Len=1448 TSval=2916037023 TSecr=3045556796 [TCP segment of a reassembled PDU]"
"32878","32.943270029","192.168.1.55","192.168.1.2","TCP","154","8004  >  36136 [ACK] Seq=199926 Ack=144 Win=65024 Len=88 TSval=2916037023 TSecr=3045556796 [TCP segment of a reassembled PDU]"
"32879","32.943273881","192.168.1.2","192.168.1.55","TCP","66","36136  >  8004 [ACK] Seq=144 Ack=116030 Win=113664 Len=0 TSval=3045556797 TSecr=2916037015"
"32880","32.943279066","192.168.1.2","192.168.1.55","TCP","66","36136  >  8004 [ACK] Seq=144 Ack=143542 Win=88064 Len=0 TSval=3045556797 TSecr=2916037015"
"32881","32.943324826","192.168.1.55","192.168.1.2","TCP","1514","8004  >  36136 [ACK] Seq=200014 Ack=144 Win=65024 Len=1448 TSval=2916037023 TSecr=3045556797 [TCP segment of a reassembled PDU]"
"32882","32.943326641","192.168.1.55","192.168.1.2","TCP","1514","8004  >  36136 [ACK] Seq=201462 Ack=144 Win=65024 Len=1448 TSval=2916037023 TSecr=3045556797 [TCP segment of a reassembled PDU]"
"32883","32.943327752","192.168.1.55","192.168.1.2","TCP","1514","8004  >  36136 [ACK] Seq=202910 Ack=144 Win=65024 Len=1448 TSval=2916037023 TSecr=3045556797 [TCP segment of a reassembled PDU]"
"32884","32.943328900","192.168.1.55","192.168.1.2","TCP","1514","8004  >  36136 [ACK] Seq=204358 Ack=144 Win=65024 Len=1448 TSval=2916037023 TSecr=3045556797 [TCP segment of a reassembled PDU]"
"32885","32.943330141","192.168.1.55","192.168.1.2","TCP","1514","8004  >  36136 [ACK] Seq=205806 Ack=144 Win=65024 Len=1448 TSval=2916037023 TSecr=3045556797 [TCP segment of a reassembled PDU]"
"32886","32.943331289","192.168.1.55","192.168.1.2","TCP","1514","8004  >  36136 [ACK] Seq=207254 Ack=144 Win=65024 Len=1448 TSval=2916037023 TSecr=3045556797 [TCP segment of a reassembled PDU]"
"32887","32.943332344","192.168.1.55","192.168.1.2","TCP","1514","8004  >  36136 [ACK] Seq=208702 Ack=144 Win=65024 Len=1448 TSval=2916037023 TSecr=3045556797 [TCP segment of a reassembled PDU]"
"32888","32.943333381","192.168.1.55","192.168.1.2","TCP","1514","8004  >  36136 [ACK] Seq=210150 Ack=144 Win=65024 Len=1448 TSval=2916037023 TSecr=3045556797 [TCP segment of a reassembled PDU]"
"32889","32.943334567","192.168.1.55","192.168.1.2","TCP","1514","8004  >  36136 [ACK] Seq=211598 Ack=144 Win=65024 Len=1448 TSval=2916037023 TSecr=3045556797 [TCP segment of a reassembled PDU]"
"32890","32.943335604","192.168.1.55","192.168.1.2","TCP","1514","8004  >  36136 [ACK] Seq=213046 Ack=144 Win=65024 Len=1448 TSval=2916037023 TSecr=3045556797 [TCP segment of a reassembled PDU]"
"32891","32.943336918","192.168.1.55","192.168.1.2","TCP","1514","8004  >  36136 [ACK] Seq=214494 Ack=144 Win=65024 Len=1448 TSval=2916037023 TSecr=3045556797 [TCP segment of a reassembled PDU]"
"32892","32.943338363","192.168.1.55","192.168.1.2","TCP","1514","8004  >  36136 [ACK] Seq=215942 Ack=144 Win=65024 Len=1448 TSval=2916037023 TSecr=3045556797 [TCP segment of a reassembled PDU]"
"32893","32.943339400","192.168.1.55","192.168.1.2","TCP","1514","8004  >  36136 [ACK] Seq=217390 Ack=144 Win=65024 Len=1448 TSval=2916037023 TSecr=3045556797 [TCP segment of a reassembled PDU]"
"32894","32.943340492","192.168.1.55","192.168.1.2","TCP","1514","8004  >  36136 [ACK] Seq=218838 Ack=144 Win=65024 Len=1448 TSval=2916037023 TSecr=3045556797 [TCP segment of a reassembled PDU]"
"32895","32.943341530","192.168.1.55","192.168.1.2","TCP","1514","8004  >  36136 [ACK] Seq=220286 Ack=144 Win=65024 Len=1448 TSval=2916037023 TSecr=3045556797 [TCP segment of a reassembled PDU]"
"32896","32.943342530","192.168.1.55","192.168.1.2","TCP","1514","8004  >  36136 [ACK] Seq=221734 Ack=144 Win=65024 Len=1448 TSval=2916037023 TSecr=3045556797 [TCP segment of a reassembled PDU]"
"32897","32.943343604","192.168.1.55","192.168.1.2","TCP","1514","8004  >  36136 [ACK] Seq=223182 Ack=144 Win=65024 Len=1448 TSval=2916037023 TSecr=3045556797 [TCP segment of a reassembled PDU]"
"32898","32.943344659","192.168.1.55","192.168.1.2","TCP","1514","8004  >  36136 [ACK] Seq=224630 Ack=144 Win=65024 Len=1448 TSval=2916037023 TSecr=3045556797 [TCP segment of a reassembled PDU]"
"32899","32.943345770","192.168.1.55","192.168.1.2","TCP","1514","8004  >  36136 [ACK] Seq=226078 Ack=144 Win=65024 Len=1448 TSval=2916037023 TSecr=3045556797 [TCP segment of a reassembled PDU]"
"32900","32.943346863","192.168.1.55","192.168.1.2","TCP","1514","8004  >  36136 [ACK] Seq=227526 Ack=144 Win=65024 Len=1448 TSval=2916037023 TSecr=3045556797 [TCP segment of a reassembled PDU]"
"32901","32.943347937","192.168.1.55","192.168.1.2","TCP","1514","8004  >  36136 [PSH, ACK] Seq=228974 Ack=144 Win=65024 Len=1448 TSval=2916037023 TSecr=3045556797 [TCP segment of a reassembled PDU]"
"32902","32.943353400","192.168.1.2","192.168.1.55","TCP","66","36136  >  8004 [ACK] Seq=144 Ack=155126 Win=76800 Len=0 TSval=3045556797 TSecr=2916037015"
"32903","32.943405826","192.168.1.2","192.168.1.55","TCP","66","36136  >  8004 [ACK] Seq=144 Ack=188342 Win=46080 Len=0 TSval=3045556797 TSecr=2916037015"
"32904","32.943412530","192.168.1.2","192.168.1.55","TCP","66","36136  >  8004 [ACK] Seq=144 Ack=191238 Win=46080 Len=0 TSval=3045556797 TSecr=2916037016"
"32905","32.943421900","192.168.1.55","192.168.1.2","TCP","1514","8004  >  36136 [ACK] Seq=230422 Ack=144 Win=65024 Len=1448 TSval=2916037024 TSecr=3045556797 [TCP segment of a reassembled PDU]"
"32906","32.943423289","192.168.1.55","192.168.1.2","TCP","1514","8004  >  36136 [ACK] Seq=231870 Ack=144 Win=65024 Len=1448 TSval=2916037024 TSecr=3045556797 [TCP segment of a reassembled PDU]"
"32907","32.943424381","192.168.1.55","192.168.1.2","TCP","1514","8004  >  36136 [ACK] Seq=233318 Ack=144 Win=65024 Len=1448 TSval=2916037024 TSecr=3045556797 [TCP segment of a reassembled PDU]"
"32908","32.943425456","192.168.1.55","192.168.1.2","TCP","1514","8004  >  36136 [PSH, ACK] Seq=234766 Ack=144 Win=65024 Len=1448 TSval=2916037024 TSecr=3045556797 [TCP segment of a reassembled PDU]"
"32909","32.943429326","192.168.1.2","192.168.1.55","TCP","66","[TCP Window Update] 36136  >  8004 [ACK] Seq=144 Ack=191238 Win=113664 Len=0 TSval=3045556797 TSecr=2916037016"
"32910","32.943439382","192.168.1.55","192.168.1.2","TCP","1514","8004  >  36136 [ACK] Seq=236214 Ack=144 Win=65024 Len=1448 TSval=2916037024 TSecr=3045556797 [TCP segment of a reassembled PDU]"
"32911","32.943440548","192.168.1.55","192.168.1.2","TCP","1514","8004  >  36136 [ACK] Seq=237662 Ack=144 Win=65024 Len=1448 TSval=2916037024 TSecr=3045556797 [TCP segment of a reassembled PDU]"
"32912","32.943441844","192.168.1.55","192.168.1.2","TCP","1514","8004  >  36136 [ACK] Seq=239110 Ack=144 Win=65024 Len=1448 TSval=2916037024 TSecr=3045556797 [TCP segment of a reassembled PDU]"
"32913","32.943443030","192.168.1.55","192.168.1.2","TCP","1514","8004  >  36136 [ACK] Seq=240558 Ack=144 Win=65024 Len=1448 TSval=2916037024 TSecr=3045556797 [TCP segment of a reassembled PDU]"
"32914","32.943444067","192.168.1.55","192.168.1.2","TCP","1514","8004  >  36136 [ACK] Seq=242006 Ack=144 Win=65024 Len=1448 TSval=2916037024 TSecr=3045556797 [TCP segment of a reassembled PDU]"
"32915","32.943445178","192.168.1.55","192.168.1.2","TCP","1514","8004  >  36136 [PSH, ACK] Seq=243454 Ack=144 Win=65024 Len=1448 TSval=2916037024 TSecr=3045556797 [TCP segment of a reassembled PDU]"
"32916","32.943490345","192.168.1.55","192.168.1.2","TCP","1514","8004  >  36136 [ACK] Seq=244902 Ack=144 Win=65024 Len=1448 TSval=2916037024 TSecr=3045556797 [TCP segment of a reassembled PDU]"
"32917","32.943492030","192.168.1.55","192.168.1.2","TCP","1514","8004  >  36136 [ACK] Seq=246350 Ack=144 Win=65024 Len=1448 TSval=2916037024 TSecr=3045556797 [TCP segment of a reassembled PDU]"
"32918","32.943493159","192.168.1.55","192.168.1.2","TCP","1514","8004  >  36136 [ACK] Seq=247798 Ack=144 Win=65024 Len=1448 TSval=2916037024 TSecr=3045556797 [TCP segment of a reassembled PDU]"
"32919","32.943494252","192.168.1.55","192.168.1.2","TCP","1514","8004  >  36136 [ACK] Seq=249246 Ack=144 Win=65024 Len=1448 TSval=2916037024 TSecr=3045556797 [TCP segment of a reassembled PDU]"
"32920","32.943495345","192.168.1.55","192.168.1.2","TCP","1514","8004  >  36136 [ACK] Seq=250694 Ack=144 Win=65024 Len=1448 TSval=2916037024 TSecr=3045556797 [TCP segment of a reassembled PDU]"
"32921","32.943496437","192.168.1.55","192.168.1.2","TCP","1514","8004  >  36136 [ACK] Seq=252142 Ack=144 Win=65024 Len=1448 TSval=2916037024 TSecr=3045556797 [TCP segment of a reassembled PDU]"
"32922","32.943497437","192.168.1.55","192.168.1.2","TCP","1514","8004  >  36136 [ACK] Seq=253590 Ack=144 Win=65024 Len=1448 TSval=2916037024 TSecr=3045556797 [TCP segment of a reassembled PDU]"
"32923","32.943498548","192.168.1.55","192.168.1.2","TCP","1514","8004  >  36136 [ACK] Seq=255038 Ack=144 Win=65024 Len=1448 TSval=2916037024 TSecr=3045556797 [TCP segment of a reassembled PDU]"
"32924","32.943499567","192.168.1.55","192.168.1.2","TCP","1514","8004  >  36136 [ACK] Seq=256486 Ack=144 Win=65024 Len=1448 TSval=2916037024 TSecr=3045556797 [TCP segment of a reassembled PDU]"
"32925","32.943501215","192.168.1.55","192.168.1.2","TCP","1514","8004  >  36136 [ACK] Seq=257934 Ack=144 Win=65024 Len=1448 TSval=2916037024 TSecr=3045556797 [TCP segment of a reassembled PDU]"
"32926","32.943502419","192.168.1.55","192.168.1.2","TCP","1514","8004  >  36136 [ACK] Seq=259382 Ack=144 Win=65024 Len=1448 TSval=2916037024 TSecr=3045556797 [TCP segment of a reassembled PDU]"
"32927","32.943503456","192.168.1.55","192.168.1.2","TCP","1514","8004  >  36136 [ACK] Seq=260830 Ack=144 Win=65024 Len=1448 TSval=2916037024 TSecr=3045556797 [TCP segment of a reassembled PDU]"
"32928","32.943504567","192.168.1.55","192.168.1.2","TCP","1514","8004  >  36136 [ACK] Seq=262278 Ack=144 Win=65024 Len=1448 TSval=2916037024 TSecr=3045556797 [TCP segment of a reassembled PDU]"
"32929","32.943505604","192.168.1.55","192.168.1.2","TCP","1514","8004  >  36136 [ACK] Seq=263726 Ack=144 Win=65024 Len=1448 TSval=2916037024 TSecr=3045556797 [TCP segment of a reassembled PDU]"
"32930","32.943506659","192.168.1.55","192.168.1.2","TCP","1514","8004  >  36136 [ACK] Seq=265174 Ack=144 Win=65024 Len=1448 TSval=2916037024 TSecr=3045556797 [TCP segment of a reassembled PDU]"
"32931","32.943507937","192.168.1.55","192.168.1.2","TCP","1514","8004  >  36136 [ACK] Seq=266622 Ack=144 Win=65024 Len=1448 TSval=2916037024 TSecr=3045556797 [TCP segment of a reassembled PDU]"
"32932","32.943508956","192.168.1.55","192.168.1.2","TCP","1514","8004  >  36136 [ACK] Seq=268070 Ack=144 Win=65024 Len=1448 TSval=2916037024 TSecr=3045556797 [TCP segment of a reassembled PDU]"
"32933","32.943510067","192.168.1.55","192.168.1.2","TCP","1514","8004  >  36136 [ACK] Seq=269518 Ack=144 Win=65024 Len=1448 TSval=2916037024 TSecr=3045556797 [TCP segment of a reassembled PDU]"
"32934","32.943511104","192.168.1.55","192.168.1.2","TCP","1514","8004  >  36136 [ACK] Seq=270966 Ack=144 Win=65024 Len=1448 TSval=2916037024 TSecr=3045556797 [TCP segment of a reassembled PDU]"
"32935","32.943512196","192.168.1.55","192.168.1.2","TCP","1514","8004  >  36136 [ACK] Seq=272414 Ack=144 Win=65024 Len=1448 TSval=2916037024 TSecr=3045556797 [TCP segment of a reassembled PDU]"
"32936","32.943513382","192.168.1.55","192.168.1.2","TCP","1514","8004  >  36136 [ACK] Seq=273862 Ack=144 Win=65024 Len=1448 TSval=2916037024 TSecr=3045556797 [TCP segment of a reassembled PDU]"
"32937","32.943514419","192.168.1.55","192.168.1.2","TCP","1514","8004  >  36136 [ACK] Seq=275310 Ack=144 Win=65024 Len=1448 TSval=2916037024 TSecr=3045556797 [TCP segment of a reassembled PDU]"
"32938","32.943515919","192.168.1.55","192.168.1.2","TCP","1514","8004  >  36136 [ACK] Seq=276758 Ack=144 Win=65024 Len=1448 TSval=2916037024 TSecr=3045556797 [TCP segment of a reassembled PDU]"
"32939","32.943516956","192.168.1.55","192.168.1.2","TCP","1514","8004  >  36136 [ACK] Seq=278206 Ack=144 Win=65024 Len=1448 TSval=2916037024 TSecr=3045556797 [TCP segment of a reassembled PDU]"
"32940","32.943518085","192.168.1.55","192.168.1.2","TCP","1514","8004  >  36136 [ACK] Seq=279654 Ack=144 Win=65024 Len=1448 TSval=2916037024 TSecr=3045556797 [TCP segment of a reassembled PDU]"
"32941","32.943519196","192.168.1.55","192.168.1.2","TCP","1514","8004  >  36136 [ACK] Seq=281102 Ack=144 Win=65024 Len=1448 TSval=2916037024 TSecr=3045556797 [TCP segment of a reassembled PDU]"
"32942","32.943520252","192.168.1.55","192.168.1.2","TCP","1514","8004  >  36136 [ACK] Seq=282550 Ack=144 Win=65024 Len=1448 TSval=2916037024 TSecr=3045556797 [TCP segment of a reassembled PDU]"
"32943","32.943521289","192.168.1.55","192.168.1.2","TCP","1514","8004  >  36136 [ACK] Seq=283998 Ack=144 Win=65024 Len=1448 TSval=2916037024 TSecr=3045556797 [TCP segment of a reassembled PDU]"
"32944","32.943522548","192.168.1.55","192.168.1.2","TCP","1514","8004  >  36136 [ACK] Seq=285446 Ack=144 Win=65024 Len=1448 TSval=2916037024 TSecr=3045556797 [TCP segment of a reassembled PDU]"
"32945","32.943523604","192.168.1.55","192.168.1.2","TCP","1514","8004  >  36136 [ACK] Seq=286894 Ack=144 Win=65024 Len=1448 TSval=2916037024 TSecr=3045556797 [TCP segment of a reassembled PDU]"
"32946","32.943524771","192.168.1.55","192.168.1.2","TCP","1514","8004  >  36136 [PSH, ACK] Seq=288342 Ack=144 Win=65024 Len=1448 TSval=2916037024 TSecr=3045556797 [TCP segment of a reassembled PDU]"
"32947","32.944671291","192.168.1.55","192.168.1.2","TCP","1514","8004  >  36136 [ACK] Seq=289790 Ack=144 Win=65024 Len=1448 TSval=2916037025 TSecr=3045556797 [TCP segment of a reassembled PDU]"
"32948","32.944673476","192.168.1.55","192.168.1.2","TCP","1514","8004  >  36136 [ACK] Seq=291238 Ack=144 Win=65024 Len=1448 TSval=2916037025 TSecr=3045556797 [TCP segment of a reassembled PDU]"
"32949","32.944674513","192.168.1.55","192.168.1.2","TCP","1514","8004  >  36136 [ACK] Seq=292686 Ack=144 Win=65024 Len=1448 TSval=2916037025 TSecr=3045556797 [TCP segment of a reassembled PDU]"
"32950","32.944675495","192.168.1.55","192.168.1.2","TCP","1514","8004  >  36136 [ACK] Seq=294134 Ack=144 Win=65024 Len=1448 TSval=2916037025 TSecr=3045556797 [TCP segment of a reassembled PDU]"
"32951","32.944676495","192.168.1.55","192.168.1.2","TCP","1514","8004  >  36136 [ACK] Seq=295582 Ack=144 Win=65024 Len=1448 TSval=2916037025 TSecr=3045556797 [TCP segment of a reassembled PDU]"
"32952","32.944677458","192.168.1.55","192.168.1.2","TCP","1514","8004  >  36136 [ACK] Seq=297030 Ack=144 Win=65024 Len=1448 TSval=2916037025 TSecr=3045556797 [TCP segment of a reassembled PDU]"
"32953","32.944678476","192.168.1.55","192.168.1.2","TCP","1514","8004  >  36136 [ACK] Seq=298478 Ack=144 Win=65024 Len=1448 TSval=2916037025 TSecr=3045556797 [TCP segment of a reassembled PDU]"
"32954","32.944679606","192.168.1.55","192.168.1.2","TCP","1514","8004  >  36136 [ACK] Seq=299926 Ack=144 Win=65024 Len=1448 TSval=2916037025 TSecr=3045556797 [TCP segment of a reassembled PDU]"
"32955","32.944680735","192.168.1.55","192.168.1.2","TCP","1514","8004  >  36136 [ACK] Seq=301374 Ack=144 Win=65024 Len=1448 TSval=2916037025 TSecr=3045556797 [TCP segment of a reassembled PDU]"
"32956","32.944681958","192.168.1.55","192.168.1.2","TCP","1514","8004  >  36136 [PSH, ACK] Seq=302822 Ack=144 Win=65024 Len=1448 TSval=2916037025 TSecr=3045556797 [TCP segment of a reassembled PDU]"
"32957","32.951274079","192.168.1.2","192.168.1.55","TCP","66","36136  >  8004 [ACK] Seq=144 Ack=192686 Win=116736 Len=0 TSval=3045556798 TSecr=2916037022"
"32958","32.951308061","192.168.1.55","192.168.1.2","TCP","1514","8004  >  36136 [ACK] Seq=304270 Ack=144 Win=65024 Len=1448 TSval=2916037032 TSecr=3045556798 [TCP segment of a reassembled PDU]"
"32959","32.951311394","192.168.1.55","192.168.1.2","TCP","1514","8004  >  36136 [ACK] Seq=305718 Ack=144 Win=65024 Len=1448 TSval=2916037032 TSecr=3045556798 [TCP segment of a reassembled PDU]"
"32960","32.951312709","192.168.1.55","192.168.1.2","TCP","1514","8004  >  36136 [PSH, ACK] Seq=307166 Ack=144 Win=65024 Len=1448 TSval=2916037032 TSecr=3045556798 [TCP segment of a reassembled PDU]"
"32961","32.951548580","192.168.1.2","192.168.1.55","TCP","66","36136  >  8004 [ACK] Seq=144 Ack=195582 Win=118784 Len=0 TSval=3045556803 TSecr=2916037023"
"32962","32.951556524","192.168.1.2","192.168.1.55","TCP","66","36136  >  8004 [ACK] Seq=144 Ack=230422 Win=84992 Len=0 TSval=3045556803 TSecr=2916037023"
"32963","32.951563931","192.168.1.2","192.168.1.55","TCP","66","36136  >  8004 [ACK] Seq=144 Ack=244902 Win=78848 Len=0 TSval=3045556803 TSecr=2916037024"
"32964","32.956942310","192.168.1.2","192.168.1.55","TCP","66","36136  >  8004 [ACK] Seq=144 Ack=289790 Win=62464 Len=0 TSval=3045556811 TSecr=2916037024"
"32965","32.957046088","192.168.1.55","192.168.1.2","TCP","1514","8004  >  36136 [ACK] Seq=308614 Ack=144 Win=65024 Len=1448 TSval=2916037037 TSecr=3045556811 [TCP segment of a reassembled PDU]"
"32966","32.957053311","192.168.1.55","192.168.1.2","TCP","1514","8004  >  36136 [ACK] Seq=310062 Ack=144 Win=65024 Len=1448 TSval=2916037037 TSecr=3045556811 [TCP segment of a reassembled PDU]"
"32967","32.957054477","192.168.1.55","192.168.1.2","TCP","1514","8004  >  36136 [ACK] Seq=311510 Ack=144 Win=65024 Len=1448 TSval=2916037037 TSecr=3045556811 [TCP segment of a reassembled PDU]"
"32968","32.957055514","192.168.1.55","192.168.1.2","TCP","1514","8004  >  36136 [ACK] Seq=312958 Ack=144 Win=65024 Len=1448 TSval=2916037037 TSecr=3045556811 [TCP segment of a reassembled PDU]"
"32969","32.957056903","192.168.1.55","192.168.1.2","TCP","1514","8004  >  36136 [ACK] Seq=314406 Ack=144 Win=65024 Len=1448 TSval=2916037037 TSecr=3045556811 [TCP segment of a reassembled PDU]"
"32970","32.957057829","192.168.1.55","192.168.1.2","TCP","1514","8004  >  36136 [ACK] Seq=315854 Ack=144 Win=65024 Len=1448 TSval=2916037037 TSecr=3045556811 [TCP segment of a reassembled PDU]"
"32971","32.957059218","192.168.1.55","192.168.1.2","TCP","1514","8004  >  36136 [ACK] Seq=317302 Ack=144 Win=65024 Len=1448 TSval=2916037037 TSecr=3045556811 [TCP segment of a reassembled PDU]"
"32972","32.957060477","192.168.1.55","192.168.1.2","TCP","1514","8004  >  36136 [ACK] Seq=318750 Ack=144 Win=65024 Len=1448 TSval=2916037037 TSecr=3045556811 [TCP segment of a reassembled PDU]"
"32973","32.957061681","192.168.1.55","192.168.1.2","TCP","1514","8004  >  36136 [ACK] Seq=320198 Ack=144 Win=65024 Len=1448 TSval=2916037037 TSecr=3045556811 [TCP segment of a reassembled PDU]"
"32974","32.957062940","192.168.1.55","192.168.1.2","TCP","1514","8004  >  36136 [ACK] Seq=321646 Ack=144 Win=65024 Len=1448 TSval=2916037037 TSecr=3045556811 [TCP segment of a reassembled PDU]"
"32975","32.957064162","192.168.1.55","192.168.1.2","TCP","1514","8004  >  36136 [ACK] Seq=323094 Ack=144 Win=65024 Len=1448 TSval=2916037037 TSecr=3045556811 [TCP segment of a reassembled PDU]"
"32976","32.957065496","192.168.1.55","192.168.1.2","TCP","1514","8004  >  36136 [ACK] Seq=324542 Ack=144 Win=65024 Len=1448 TSval=2916037037 TSecr=3045556811 [TCP segment of a reassembled PDU]"
"32977","32.957066533","192.168.1.55","192.168.1.2","TCP","1514","8004  >  36136 [ACK] Seq=325990 Ack=144 Win=65024 Len=1448 TSval=2916037037 TSecr=3045556811 [TCP segment of a reassembled PDU]"
"32978","32.957067774","192.168.1.55","192.168.1.2","TCP","1514","8004  >  36136 [ACK] Seq=327438 Ack=144 Win=65024 Len=1448 TSval=2916037037 TSecr=3045556811 [TCP segment of a reassembled PDU]"
"32979","32.957069496","192.168.1.55","192.168.1.2","TCP","1514","8004  >  36136 [ACK] Seq=328886 Ack=144 Win=65024 Len=1448 TSval=2916037037 TSecr=3045556811 [TCP segment of a reassembled PDU]"
"32980","32.957070570","192.168.1.55","192.168.1.2","TCP","1514","8004  >  36136 [ACK] Seq=330334 Ack=144 Win=65024 Len=1448 TSval=2916037037 TSecr=3045556811 [TCP segment of a reassembled PDU]"
"32981","32.957072236","192.168.1.55","192.168.1.2","TCP","1514","8004  >  36136 [ACK] Seq=331782 Ack=144 Win=65024 Len=1448 TSval=2916037037 TSecr=3045556811 [TCP segment of a reassembled PDU]"
"32982","32.957073736","192.168.1.55","192.168.1.2","TCP","1514","8004  >  36136 [PSH, ACK] Seq=333230 Ack=144 Win=65024 Len=1448 TSval=2916037037 TSecr=3045556811 [TCP segment of a reassembled PDU]"
"32983","32.957143922","192.168.1.2","192.168.1.55","TCP","66","36136  >  8004 [ACK] Seq=144 Ack=307166 Win=58368 Len=0 TSval=3045556811 TSecr=2916037025"
"32984","32.957200644","192.168.1.55","192.168.1.2","TCP","1514","8004  >  36136 [ACK] Seq=334678 Ack=144 Win=65024 Len=1448 TSval=2916037037 TSecr=3045556811 [TCP segment of a reassembled PDU]"
"32985","32.957203866","192.168.1.55","192.168.1.2","TCP","1514","8004  >  36136 [ACK] Seq=336126 Ack=144 Win=65024 Len=1448 TSval=2916037037 TSecr=3045556811 [TCP segment of a reassembled PDU]"
"32986","32.957205274","192.168.1.55","192.168.1.2","TCP","1514","8004  >  36136 [ACK] Seq=337574 Ack=144 Win=65024 Len=1448 TSval=2916037037 TSecr=3045556811 [TCP segment of a reassembled PDU]"
"32987","32.957206607","192.168.1.55","192.168.1.2","TCP","1514","8004  >  36136 [ACK] Seq=339022 Ack=144 Win=65024 Len=1448 TSval=2916037037 TSecr=3045556811 [TCP segment of a reassembled PDU]"
"32988","32.957207885","192.168.1.55","192.168.1.2","TCP","1514","8004  >  36136 [ACK] Seq=340470 Ack=144 Win=65024 Len=1448 TSval=2916037037 TSecr=3045556811 [TCP segment of a reassembled PDU]"
"32989","32.957208959","192.168.1.55","192.168.1.2","TCP","1514","8004  >  36136 [ACK] Seq=341918 Ack=144 Win=65024 Len=1448 TSval=2916037037 TSecr=3045556811 [TCP segment of a reassembled PDU]"
"32990","32.957210218","192.168.1.55","192.168.1.2","TCP","1514","8004  >  36136 [ACK] Seq=343366 Ack=144 Win=65024 Len=1448 TSval=2916037037 TSecr=3045556811 [TCP segment of a reassembled PDU]"
"32991","32.957211459","192.168.1.55","192.168.1.2","TCP","1514","8004  >  36136 [ACK] Seq=344814 Ack=144 Win=65024 Len=1448 TSval=2916037037 TSecr=3045556811 [TCP segment of a reassembled PDU]"
"32992","32.957212552","192.168.1.55","192.168.1.2","TCP","1514","8004  >  36136 [ACK] Seq=346262 Ack=144 Win=65024 Len=1448 TSval=2916037037 TSecr=3045556811 [TCP segment of a reassembled PDU]"
"32993","32.957213626","192.168.1.55","192.168.1.2","TCP","1514","8004  >  36136 [ACK] Seq=347710 Ack=144 Win=65024 Len=1448 TSval=2916037037 TSecr=3045556811 [TCP segment of a reassembled PDU]"
"32994","32.957214700","192.168.1.55","192.168.1.2","TCP","1514","8004  >  36136 [ACK] Seq=349158 Ack=144 Win=65024 Len=1448 TSval=2916037037 TSecr=3045556811 [TCP segment of a reassembled PDU]"
"32995","32.957216163","192.168.1.55","192.168.1.2","TCP","1514","8004  >  36136 [ACK] Seq=350606 Ack=144 Win=65024 Len=1448 TSval=2916037037 TSecr=3045556811 [TCP segment of a reassembled PDU]"
"32996","32.957217163","192.168.1.55","192.168.1.2","TCP","1514","8004  >  36136 [ACK] Seq=352054 Ack=144 Win=65024 Len=1448 TSval=2916037037 TSecr=3045556811 [TCP segment of a reassembled PDU]"
"32997","32.957218570","192.168.1.55","192.168.1.2","TCP","1514","8004  >  36136 [ACK] Seq=353502 Ack=144 Win=65024 Len=1448 TSval=2916037037 TSecr=3045556811 [TCP segment of a reassembled PDU]"
"32998","32.957219959","192.168.1.55","192.168.1.2","TCP","1514","8004  >  36136 [ACK] Seq=354950 Ack=144 Win=65024 Len=1448 TSval=2916037037 TSecr=3045556811 [TCP segment of a reassembled PDU]"
"32999","32.957220977","192.168.1.55","192.168.1.2","TCP","1514","8004  >  36136 [ACK] Seq=356398 Ack=144 Win=65024 Len=1448 TSval=2916037037 TSecr=3045556811 [TCP segment of a reassembled PDU]"
"33000","32.957222459","192.168.1.55","192.168.1.2","TCP","1514","8004  >  36136 [ACK] Seq=357846 Ack=144 Win=65024 Len=1448 TSval=2916037037 TSecr=3045556811 [TCP segment of a reassembled PDU]"
"33001","32.957224089","192.168.1.55","192.168.1.2","TCP","1514","8004  >  36136 [ACK] Seq=359294 Ack=144 Win=65024 Len=1448 TSval=2916037037 TSecr=3045556811 [TCP segment of a reassembled PDU]"
"33002","32.957225126","192.168.1.55","192.168.1.2","TCP","1514","8004  >  36136 [ACK] Seq=360742 Ack=144 Win=65024 Len=1448 TSval=2916037037 TSecr=3045556811 [TCP segment of a reassembled PDU]"
"33003","32.957226533","192.168.1.55","192.168.1.2","TCP","1514","8004  >  36136 [ACK] Seq=362190 Ack=144 Win=65024 Len=1448 TSval=2916037037 TSecr=3045556811 [TCP segment of a reassembled PDU]"
"33004","32.957228163","192.168.1.55","192.168.1.2","TCP","1514","8004  >  36136 [ACK] Seq=363638 Ack=144 Win=65024 Len=1448 TSval=2916037037 TSecr=3045556811 [TCP segment of a reassembled PDU]"
"33005","32.957229477","192.168.1.55","192.168.1.2","TCP","514","[TCP Window Full] 8004  >  36136 [PSH, ACK] Seq=365086 Ack=144 Win=65024 Len=448 TSval=2916037037 TSecr=3045556811 [TCP segment of a reassembled PDU]"
"33006","32.957235885","192.168.1.2","192.168.1.55","TCP","66","[TCP Window Update] 36136  >  8004 [ACK] Seq=144 Ack=307166 Win=118784 Len=0 TSval=3045556812 TSecr=2916037025"
"33007","32.957266070","192.168.1.55","192.168.1.2","TCP","1514","8004  >  36136 [ACK] Seq=365534 Ack=144 Win=65024 Len=1448 TSval=2916037037 TSecr=3045556812 [TCP segment of a reassembled PDU]"
"33008","32.957268681","192.168.1.55","192.168.1.2","TCP","1514","8004  >  36136 [ACK] Seq=366982 Ack=144 Win=65024 Len=1448 TSval=2916037037 TSecr=3045556812 [TCP segment of a reassembled PDU]"
"33009","32.957269626","192.168.1.55","192.168.1.2","TCP","1514","8004  >  36136 [ACK] Seq=368430 Ack=144 Win=65024 Len=1448 TSval=2916037037 TSecr=3045556812 [TCP segment of a reassembled PDU]"
"33010","32.957271033","192.168.1.55","192.168.1.2","TCP","1514","8004  >  36136 [ACK] Seq=369878 Ack=144 Win=65024 Len=1448 TSval=2916037037 TSecr=3045556812 [TCP segment of a reassembled PDU]"
"33011","32.957272515","192.168.1.55","192.168.1.2","TCP","1514","8004  >  36136 [ACK] Seq=371326 Ack=144 Win=65024 Len=1448 TSval=2916037037 TSecr=3045556812 [TCP segment of a reassembled PDU]"
"33012","32.957274496","192.168.1.55","192.168.1.2","TCP","1514","8004  >  36136 [ACK] Seq=372774 Ack=144 Win=65024 Len=1448 TSval=2916037037 TSecr=3045556812 [TCP segment of a reassembled PDU]"
"33013","32.957275774","192.168.1.55","192.168.1.2","TCP","1514","8004  >  36136 [ACK] Seq=374222 Ack=144 Win=65024 Len=1448 TSval=2916037037 TSecr=3045556812 [TCP segment of a reassembled PDU]"
"33014","32.957276737","192.168.1.55","192.168.1.2","TCP","1514","8004  >  36136 [ACK] Seq=375670 Ack=144 Win=65024 Len=1448 TSval=2916037037 TSecr=3045556812 [TCP segment of a reassembled PDU]"
"33015","32.957277755","192.168.1.55","192.168.1.2","TCP","1514","8004  >  36136 [ACK] Seq=377118 Ack=144 Win=65024 Len=1448 TSval=2916037037 TSecr=3045556812 [TCP segment of a reassembled PDU]"
"33016","32.957279200","192.168.1.55","192.168.1.2","TCP","1514","8004  >  36136 [PSH, ACK] Seq=378566 Ack=144 Win=65024 Len=1448 TSval=2916037037 TSecr=3045556812 [TCP segment of a reassembled PDU]"
"33017","32.957320126","192.168.1.2","192.168.1.55","TCP","66","36136  >  8004 [ACK] Seq=144 Ack=308614 Win=118784 Len=0 TSval=3045556812 TSecr=2916037032"
"33018","32.957338626","192.168.1.55","192.168.1.2","TCP","1066","8004  >  36136 [PSH, ACK] Seq=380014 Ack=144 Win=65024 Len=1000 TSval=2916037038 TSecr=3045556812 [TCP segment of a reassembled PDU]"
"33019","32.957404107","192.168.1.55","192.168.1.2","TCP","1514","8004  >  36136 [ACK] Seq=381014 Ack=144 Win=65024 Len=1448 TSval=2916037038 TSecr=3045556812 [TCP segment of a reassembled PDU]"
"33020","32.957406385","192.168.1.55","192.168.1.2","TCP","1514","8004  >  36136 [ACK] Seq=382462 Ack=144 Win=65024 Len=1448 TSval=2916037038 TSecr=3045556812 [TCP segment of a reassembled PDU]"
"33021","32.957407533","192.168.1.55","192.168.1.2","TCP","1514","8004  >  36136 [ACK] Seq=383910 Ack=144 Win=65024 Len=1448 TSval=2916037038 TSecr=3045556812 [TCP segment of a reassembled PDU]"
"33022","32.957408552","192.168.1.55","192.168.1.2","TCP","1514","8004  >  36136 [ACK] Seq=385358 Ack=144 Win=65024 Len=1448 TSval=2916037038 TSecr=3045556812 [TCP segment of a reassembled PDU]"
"33023","32.957409941","192.168.1.55","192.168.1.2","TCP","1514","8004  >  36136 [ACK] Seq=386806 Ack=144 Win=65024 Len=1448 TSval=2916037038 TSecr=3045556812 [TCP segment of a reassembled PDU]"
"33024","32.957411107","192.168.1.55","192.168.1.2","TCP","1514","8004  >  36136 [ACK] Seq=388254 Ack=144 Win=65024 Len=1448 TSval=2916037038 TSecr=3045556812 [TCP segment of a reassembled PDU]"
"33025","32.957412478","192.168.1.55","192.168.1.2","TCP","1514","8004  >  36136 [ACK] Seq=389702 Ack=144 Win=65024 Len=1448 TSval=2916037038 TSecr=3045556812 [TCP segment of a reassembled PDU]"
"33026","32.957413737","192.168.1.55","192.168.1.2","TCP","1514","8004  >  36136 [ACK] Seq=391150 Ack=144 Win=65024 Len=1448 TSval=2916037038 TSecr=3045556812 [TCP segment of a reassembled PDU]"
"33027","32.957415237","192.168.1.55","192.168.1.2","TCP","1514","8004  >  36136 [ACK] Seq=392598 Ack=144 Win=65024 Len=1448 TSval=2916037038 TSecr=3045556812 [TCP segment of a reassembled PDU]"
"33028","32.957416293","192.168.1.55","192.168.1.2","TCP","1514","8004  >  36136 [ACK] Seq=394046 Ack=144 Win=65024 Len=1448 TSval=2916037038 TSecr=3045556812 [TCP segment of a reassembled PDU]"
"33029","32.957417533","192.168.1.55","192.168.1.2","TCP","1514","8004  >  36136 [ACK] Seq=395494 Ack=144 Win=65024 Len=1448 TSval=2916037038 TSecr=3045556812 [TCP segment of a reassembled PDU]"
"33030","32.957418570","192.168.1.55","192.168.1.2","TCP","1514","8004  >  36136 [ACK] Seq=396942 Ack=144 Win=65024 Len=1448 TSval=2916037038 TSecr=3045556812 [TCP segment of a reassembled PDU]"
"33031","32.957419793","192.168.1.55","192.168.1.2","TCP","1514","8004  >  36136 [ACK] Seq=398390 Ack=144 Win=65024 Len=1448 TSval=2916037038 TSecr=3045556812 [TCP segment of a reassembled PDU]"
"33032","32.957421015","192.168.1.55","192.168.1.2","TCP","1514","8004  >  36136 [ACK] Seq=399838 Ack=144 Win=65024 Len=1448 TSval=2916037038 TSecr=3045556812 [TCP segment of a reassembled PDU]"
"33033","32.957422422","192.168.1.55","192.168.1.2","TCP","1514","8004  >  36136 [ACK] Seq=401286 Ack=144 Win=65024 Len=1448 TSval=2916037038 TSecr=3045556812 [TCP segment of a reassembled PDU]"
"33034","32.957423756","192.168.1.55","192.168.1.2","TCP","1514","8004  >  36136 [ACK] Seq=402734 Ack=144 Win=65024 Len=1448 TSval=2916037038 TSecr=3045556812 [TCP segment of a reassembled PDU]"
"33035","32.957424848","192.168.1.55","192.168.1.2","TCP","1514","8004  >  36136 [ACK] Seq=404182 Ack=144 Win=65024 Len=1448 TSval=2916037038 TSecr=3045556812 [TCP segment of a reassembled PDU]"
"33036","32.957426533","192.168.1.55","192.168.1.2","TCP","1514","8004  >  36136 [ACK] Seq=405630 Ack=144 Win=65024 Len=1448 TSval=2916037038 TSecr=3045556812 [TCP segment of a reassembled PDU]"
"33037","32.957427756","192.168.1.55","192.168.1.2","TCP","1514","8004  >  36136 [ACK] Seq=407078 Ack=144 Win=65024 Len=1448 TSval=2916037038 TSecr=3045556812 [TCP segment of a reassembled PDU]"
"33038","32.957428737","192.168.1.55","192.168.1.2","TCP","1514","8004  >  36136 [ACK] Seq=408526 Ack=144 Win=65024 Len=1448 TSval=2916037038 TSecr=3045556812 [TCP segment of a reassembled PDU]"
"33039","32.957429941","192.168.1.55","192.168.1.2","TCP","1514","8004  >  36136 [ACK] Seq=409974 Ack=144 Win=65024 Len=1448 TSval=2916037038 TSecr=3045556812 [TCP segment of a reassembled PDU]"
"33040","32.957430885","192.168.1.55","192.168.1.2","TCP","1514","8004  >  36136 [ACK] Seq=411422 Ack=144 Win=65024 Len=1448 TSval=2916037038 TSecr=3045556812 [TCP segment of a reassembled PDU]"
"33041","32.957432163","192.168.1.55","192.168.1.2","TCP","1514","8004  >  36136 [ACK] Seq=412870 Ack=144 Win=65024 Len=1448 TSval=2916037038 TSecr=3045556812 [TCP segment of a reassembled PDU]"
"33042","32.957433478","192.168.1.55","192.168.1.2","TCP","1514","8004  >  36136 [ACK] Seq=414318 Ack=144 Win=65024 Len=1448 TSval=2916037038 TSecr=3045556812 [TCP segment of a reassembled PDU]"
"33043","32.957434626","192.168.1.55","192.168.1.2","TCP","1514","8004  >  36136 [ACK] Seq=415766 Ack=144 Win=65024 Len=1448 TSval=2916037038 TSecr=3045556812 [TCP segment of a reassembled PDU]"
"33044","32.957435922","192.168.1.55","192.168.1.2","TCP","1514","8004  >  36136 [ACK] Seq=417214 Ack=144 Win=65024 Len=1448 TSval=2916037038 TSecr=3045556812 [TCP segment of a reassembled PDU]"
"33045","32.957437274","192.168.1.55","192.168.1.2","TCP","1514","8004  >  36136 [ACK] Seq=418662 Ack=144 Win=65024 Len=1448 TSval=2916037038 TSecr=3045556812 [TCP segment of a reassembled PDU]"
"33046","32.957438422","192.168.1.55","192.168.1.2","TCP","1514","8004  >  36136 [ACK] Seq=420110 Ack=144 Win=65024 Len=1448 TSval=2916037038 TSecr=3045556812 [TCP segment of a reassembled PDU]"
"33047","32.957439552","192.168.1.55","192.168.1.2","TCP","1514","8004  >  36136 [ACK] Seq=421558 Ack=144 Win=65024 Len=1448 TSval=2916037038 TSecr=3045556812 [TCP segment of a reassembled PDU]"
"33048","32.957441126","192.168.1.55","192.168.1.2","TCP","1514","8004  >  36136 [ACK] Seq=423006 Ack=144 Win=65024 Len=1448 TSval=2916037038 TSecr=3045556812 [TCP segment of a reassembled PDU]"
"33049","32.957442700","192.168.1.55","192.168.1.2","TCP","1514","8004  >  36136 [ACK] Seq=424454 Ack=144 Win=65024 Len=1448 TSval=2916037038 TSecr=3045556812 [TCP segment of a reassembled PDU]"
"33050","32.957443774","192.168.1.55","192.168.1.2","TCP","1514","8004  >  36136 [PSH, ACK] Seq=425902 Ack=144 Win=65024 Len=1448 TSval=2916037038 TSecr=3045556812 [TCP segment of a reassembled PDU]"
"33051","32.967960920","192.168.1.2","192.168.1.55","TCP","66","36136  >  8004 [ACK] Seq=144 Ack=334678 Win=94208 Len=0 TSval=3045556818 TSecr=2916037037"
"33052","32.968025680","192.168.1.55","192.168.1.2","TCP","1514","8004  >  36136 [ACK] Seq=427350 Ack=144 Win=65024 Len=1448 TSval=2916037048 TSecr=3045556818 [TCP segment of a reassembled PDU]"
"33053","32.968144050","192.168.1.2","192.168.1.55","TCP","66","36136  >  8004 [ACK] Seq=144 Ack=365534 Win=64512 Len=0 TSval=3045556818 TSecr=2916037037"
"33054","32.968161995","192.168.1.2","192.168.1.55","TCP","66","36136  >  8004 [ACK] Seq=144 Ack=377118 Win=53248 Len=0 TSval=3045556818 TSecr=2916037037"
"33055","32.968168273","192.168.1.2","192.168.1.55","TCP","66","[TCP Window Update] 36136  >  8004 [ACK] Seq=144 Ack=377118 Win=110592 Len=0 TSval=3045556818 TSecr=2916037037"
"33056","32.968221162","192.168.1.55","192.168.1.2","TCP","1514","8004  >  36136 [ACK] Seq=428798 Ack=144 Win=65024 Len=1448 TSval=2916037048 TSecr=3045556818 [TCP segment of a reassembled PDU]"
"33057","32.968223588","192.168.1.55","192.168.1.2","TCP","1514","8004  >  36136 [ACK] Seq=430246 Ack=144 Win=65024 Len=1448 TSval=2916037048 TSecr=3045556818 [TCP segment of a reassembled PDU]"
"33058","32.968224902","192.168.1.55","192.168.1.2","TCP","1514","8004  >  36136 [ACK] Seq=431694 Ack=144 Win=65024 Len=1448 TSval=2916037048 TSecr=3045556818 [TCP segment of a reassembled PDU]"
"33059","32.968226273","192.168.1.55","192.168.1.2","TCP","1514","8004  >  36136 [ACK] Seq=433142 Ack=144 Win=65024 Len=1448 TSval=2916037048 TSecr=3045556818 [TCP segment of a reassembled PDU]"
"33060","32.968228662","192.168.1.55","192.168.1.2","TCP","1514","8004  >  36136 [ACK] Seq=434590 Ack=144 Win=65024 Len=1448 TSval=2916037048 TSecr=3045556818 [TCP segment of a reassembled PDU]"
"33061","32.968230365","192.168.1.55","192.168.1.2","TCP","1514","8004  >  36136 [ACK] Seq=436038 Ack=144 Win=65024 Len=1448 TSval=2916037048 TSecr=3045556818 [TCP segment of a reassembled PDU]"
"33062","32.968231495","192.168.1.55","192.168.1.2","TCP","1514","8004  >  36136 [ACK] Seq=437486 Ack=144 Win=65024 Len=1448 TSval=2916037048 TSecr=3045556818 [TCP segment of a reassembled PDU]"
"33063","32.968232754","192.168.1.55","192.168.1.2","TCP","1514","8004  >  36136 [ACK] Seq=438934 Ack=144 Win=65024 Len=1448 TSval=2916037048 TSecr=3045556818 [TCP segment of a reassembled PDU]"
"33064","32.968234254","192.168.1.55","192.168.1.2","TCP","1514","8004  >  36136 [ACK] Seq=440382 Ack=144 Win=65024 Len=1448 TSval=2916037048 TSecr=3045556818 [TCP segment of a reassembled PDU]"
"33065","32.968235384","192.168.1.55","192.168.1.2","TCP","1514","8004  >  36136 [ACK] Seq=441830 Ack=144 Win=65024 Len=1448 TSval=2916037048 TSecr=3045556818 [TCP segment of a reassembled PDU]"
"33066","32.968236828","192.168.1.55","192.168.1.2","TCP","1514","8004  >  36136 [ACK] Seq=443278 Ack=144 Win=65024 Len=1448 TSval=2916037048 TSecr=3045556818 [TCP segment of a reassembled PDU]"
"33067","32.968238680","192.168.1.55","192.168.1.2","TCP","1514","8004  >  36136 [ACK] Seq=444726 Ack=144 Win=65024 Len=1448 TSval=2916037048 TSecr=3045556818 [TCP segment of a reassembled PDU]"
"33068","32.968240773","192.168.1.55","192.168.1.2","TCP","1514","8004  >  36136 [ACK] Seq=446174 Ack=144 Win=65024 Len=1448 TSval=2916037048 TSecr=3045556818 [TCP segment of a reassembled PDU]"
"33069","32.968242106","192.168.1.55","192.168.1.2","TCP","1514","8004  >  36136 [ACK] Seq=447622 Ack=144 Win=65024 Len=1448 TSval=2916037048 TSecr=3045556818 [TCP segment of a reassembled PDU]"
"33070","32.968243291","192.168.1.55","192.168.1.2","TCP","1514","8004  >  36136 [ACK] Seq=449070 Ack=144 Win=65024 Len=1448 TSval=2916037048 TSecr=3045556818 [TCP segment of a reassembled PDU]"
"33071","32.968244680","192.168.1.55","192.168.1.2","TCP","1514","8004  >  36136 [ACK] Seq=450518 Ack=144 Win=65024 Len=1448 TSval=2916037048 TSecr=3045556818 [TCP segment of a reassembled PDU]"
"33072","32.968245810","192.168.1.55","192.168.1.2","TCP","1514","8004  >  36136 [ACK] Seq=451966 Ack=144 Win=65024 Len=1448 TSval=2916037048 TSecr=3045556818 [TCP segment of a reassembled PDU]"
"33073","32.968249051","192.168.1.55","192.168.1.2","TCP","1514","8004  >  36136 [ACK] Seq=453414 Ack=144 Win=65024 Len=1448 TSval=2916037048 TSecr=3045556818 [TCP segment of a reassembled PDU]"
"33074","32.968251013","192.168.1.55","192.168.1.2","TCP","1514","8004  >  36136 [ACK] Seq=454862 Ack=144 Win=65024 Len=1448 TSval=2916037048 TSecr=3045556818 [TCP segment of a reassembled PDU]"
"33075","32.968252236","192.168.1.55","192.168.1.2","TCP","1514","8004  >  36136 [ACK] Seq=456310 Ack=144 Win=65024 Len=1448 TSval=2916037048 TSecr=3045556818 [TCP segment of a reassembled PDU]"
"33076","32.968253384","192.168.1.55","192.168.1.2","TCP","1514","8004  >  36136 [ACK] Seq=457758 Ack=144 Win=65024 Len=1448 TSval=2916037048 TSecr=3045556818 [TCP segment of a reassembled PDU]"
"33077","32.968254569","192.168.1.55","192.168.1.2","TCP","1514","8004  >  36136 [ACK] Seq=459206 Ack=144 Win=65024 Len=1448 TSval=2916037048 TSecr=3045556818 [TCP segment of a reassembled PDU]"
"33078","32.968255773","192.168.1.55","192.168.1.2","TCP","1514","8004  >  36136 [ACK] Seq=460654 Ack=144 Win=65024 Len=1448 TSval=2916037048 TSecr=3045556818 [TCP segment of a reassembled PDU]"
"33079","32.968257162","192.168.1.55","192.168.1.2","TCP","1514","8004  >  36136 [ACK] Seq=462102 Ack=144 Win=65024 Len=1448 TSval=2916037048 TSecr=3045556818 [TCP segment of a reassembled PDU]"
"33080","32.968260051","192.168.1.55","192.168.1.2","TCP","1514","8004  >  36136 [ACK] Seq=463550 Ack=144 Win=65024 Len=1448 TSval=2916037048 TSecr=3045556818 [TCP segment of a reassembled PDU]"
"33081","32.968262254","192.168.1.55","192.168.1.2","TCP","1514","8004  >  36136 [ACK] Seq=464998 Ack=144 Win=65024 Len=1448 TSval=2916037048 TSecr=3045556818 [TCP segment of a reassembled PDU]"
"33082","32.968263402","192.168.1.55","192.168.1.2","TCP","1514","8004  >  36136 [ACK] Seq=466446 Ack=144 Win=65024 Len=1448 TSval=2916037048 TSecr=3045556818 [TCP segment of a reassembled PDU]"
"33083","32.968264643","192.168.1.55","192.168.1.2","TCP","1514","8004  >  36136 [ACK] Seq=467894 Ack=144 Win=65024 Len=1448 TSval=2916037048 TSecr=3045556818 [TCP segment of a reassembled PDU]"
"33084","32.968266069","192.168.1.55","192.168.1.2","TCP","1514","8004  >  36136 [ACK] Seq=469342 Ack=144 Win=65024 Len=1448 TSval=2916037048 TSecr=3045556818 [TCP segment of a reassembled PDU]"
"33085","32.968267291","192.168.1.55","192.168.1.2","TCP","1514","8004  >  36136 [ACK] Seq=470790 Ack=144 Win=65024 Len=1448 TSval=2916037048 TSecr=3045556818 [TCP segment of a reassembled PDU]"
"33086","32.968269476","192.168.1.55","192.168.1.2","TCP","1514","8004  >  36136 [PSH, ACK] Seq=472238 Ack=144 Win=65024 Len=1448 TSval=2916037048 TSecr=3045556818 [TCP segment of a reassembled PDU]"
"33087","32.968336051","192.168.1.2","192.168.1.55","TCP","66","36136  >  8004 [ACK] Seq=144 Ack=380014 Win=116736 Len=0 TSval=3045556821 TSecr=2916037037"
"33088","32.968344310","192.168.1.2","192.168.1.55","TCP","66","36136  >  8004 [ACK] Seq=144 Ack=407078 Win=97280 Len=0 TSval=3045556821 TSecr=2916037038"
"33089","32.968383551","192.168.1.55","192.168.1.2","TCP","1514","8004  >  36136 [ACK] Seq=473686 Ack=144 Win=65024 Len=1448 TSval=2916037049 TSecr=3045556821 [TCP segment of a reassembled PDU]"
"33090","32.968385995","192.168.1.55","192.168.1.2","TCP","1514","8004  >  36136 [ACK] Seq=475134 Ack=144 Win=65024 Len=1448 TSval=2916037049 TSecr=3045556821 [TCP segment of a reassembled PDU]"
"33091","32.968387810","192.168.1.55","192.168.1.2","TCP","1514","8004  >  36136 [ACK] Seq=476582 Ack=144 Win=65024 Len=1448 TSval=2916037049 TSecr=3045556821 [TCP segment of a reassembled PDU]"
"33092","32.968389569","192.168.1.55","192.168.1.2","TCP","1514","8004  >  36136 [ACK] Seq=478030 Ack=144 Win=65024 Len=1448 TSval=2916037049 TSecr=3045556821 [TCP segment of a reassembled PDU]"
"33093","32.968391051","192.168.1.55","192.168.1.2","TCP","1514","8004  >  36136 [ACK] Seq=479478 Ack=144 Win=65024 Len=1448 TSval=2916037049 TSecr=3045556821 [TCP segment of a reassembled PDU]"
"33094","32.968392162","192.168.1.55","192.168.1.2","TCP","1514","8004  >  36136 [ACK] Seq=480926 Ack=144 Win=65024 Len=1448 TSval=2916037049 TSecr=3045556821 [TCP segment of a reassembled PDU]"
"33095","32.968393921","192.168.1.55","192.168.1.2","TCP","1514","8004  >  36136 [ACK] Seq=482374 Ack=144 Win=65024 Len=1448 TSval=2916037049 TSecr=3045556821 [TCP segment of a reassembled PDU]"
"33096","32.968395884","192.168.1.55","192.168.1.2","TCP","1514","8004  >  36136 [ACK] Seq=483822 Ack=144 Win=65024 Len=1448 TSval=2916037049 TSecr=3045556821 [TCP segment of a reassembled PDU]"
"33097","32.968397495","192.168.1.55","192.168.1.2","TCP","1514","8004  >  36136 [ACK] Seq=485270 Ack=144 Win=65024 Len=1448 TSval=2916037049 TSecr=3045556821 [TCP segment of a reassembled PDU]"
"33098","32.968398921","192.168.1.55","192.168.1.2","TCP","1514","8004  >  36136 [ACK] Seq=486718 Ack=144 Win=65024 Len=1448 TSval=2916037049 TSecr=3045556821 [TCP segment of a reassembled PDU]"
"33099","32.968400588","192.168.1.55","192.168.1.2","TCP","1514","8004  >  36136 [ACK] Seq=488166 Ack=144 Win=65024 Len=1448 TSval=2916037049 TSecr=3045556821 [TCP segment of a reassembled PDU]"
"33100","32.968402754","192.168.1.55","192.168.1.2","TCP","1514","8004  >  36136 [ACK] Seq=489614 Ack=144 Win=65024 Len=1448 TSval=2916037049 TSecr=3045556821 [TCP segment of a reassembled PDU]"
"33101","32.968404143","192.168.1.55","192.168.1.2","TCP","1514","8004  >  36136 [ACK] Seq=491062 Ack=144 Win=65024 Len=1448 TSval=2916037049 TSecr=3045556821 [TCP segment of a reassembled PDU]"
"33102","32.968405847","192.168.1.55","192.168.1.2","TCP","1514","8004  >  36136 [ACK] Seq=492510 Ack=144 Win=65024 Len=1448 TSval=2916037049 TSecr=3045556821 [TCP segment of a reassembled PDU]"
"33103","32.968406995","192.168.1.55","192.168.1.2","TCP","1514","8004  >  36136 [ACK] Seq=493958 Ack=144 Win=65024 Len=1448 TSval=2916037049 TSecr=3045556821 [TCP segment of a reassembled PDU]"
"33104","32.968408366","192.168.1.55","192.168.1.2","TCP","1514","8004  >  36136 [ACK] Seq=495406 Ack=144 Win=65024 Len=1448 TSval=2916037049 TSecr=3045556821 [TCP segment of a reassembled PDU]"
"33105","32.968409977","192.168.1.55","192.168.1.2","TCP","1514","8004  >  36136 [ACK] Seq=496854 Ack=144 Win=65024 Len=1448 TSval=2916037049 TSecr=3045556821 [TCP segment of a reassembled PDU]"
"33106","32.968411773","192.168.1.55","192.168.1.2","HTTP","222","HTTP/1.0 200 OK  (PNG)"
"33107","32.968439403","192.168.1.2","192.168.1.55","TCP","66","36136  >  8004 [ACK] Seq=144 Ack=427350 Win=99328 Len=0 TSval=3045556824 TSecr=2916037038"
"33109","32.975068284","192.168.1.2","192.168.1.55","TCP","66","36136  >  8004 [ACK] Seq=144 Ack=473686 Win=114688 Len=0 TSval=3045556830 TSecr=2916037048"
"33110","32.975193487","192.168.1.2","192.168.1.55","TCP","66","36136  >  8004 [ACK] Seq=144 Ack=492510 Win=96256 Len=0 TSval=3045556830 TSecr=2916037049"
"33111","32.975199099","192.168.1.2","192.168.1.55","TCP","66","36136  >  8004 [ACK] Seq=144 Ack=496854 Win=128000 Len=0 TSval=3045556831 TSecr=2916037049"
"33112","32.976074415","192.168.1.2","192.168.1.55","TCP","66","36136  >  8004 [ACK] Seq=144 Ack=498302 Win=131072 Len=0 TSval=3045556832 TSecr=2916037049"
"33113","32.978327048","192.168.1.2","192.168.1.55","TCP","66","36136  >  8004 [FIN, ACK] Seq=144 Ack=498459 Win=134144 Len=0 TSval=3045556833 TSecr=2916037049"
"33114","32.978339678","192.168.1.55","192.168.1.2","TCP","66","8004  >  36136 [ACK] Seq=498459 Ack=145 Win=65024 Len=0 TSval=2916037059 TSecr=3045556833"
"33115","32.978450641","192.168.1.2","192.168.1.55","TCP","74","36140  >  8004 [SYN] Seq=0 Win=64240 Len=0 MSS=1460 SACK_PERM TSval=3045556833 TSecr=0 WS=1024"
"33116","32.978471196","192.168.1.55","192.168.1.2","TCP","74","8004  >  36140 [SYN, ACK] Seq=0 Ack=1 Win=65160 Len=0 MSS=1460 SACK_PERM TSval=2916037059 TSecr=3045556833 WS=128"
"33117","32.981561886","192.168.1.2","192.168.1.55","TCP","66","36140  >  8004 [ACK] Seq=1 Ack=1 Win=64512 Len=0 TSval=3045556836 TSecr=2916037059"
"33118","32.984794484","192.168.1.2","192.168.1.55","HTTP","206","GET /stego_benchmark.png HTTP/1.1 "
"33119","32.984807095","192.168.1.55","192.168.1.2","TCP","66","8004  >  36140 [ACK] Seq=1 Ack=141 Win=65024 Len=0 TSval=2916037065 TSecr=3045556836"
"33120","32.985268041","192.168.1.55","192.168.1.2","TCP","255","8004  >  36140 [PSH, ACK] Seq=1 Ack=141 Win=65024 Len=189 TSval=2916037065 TSecr=3045556836 [TCP segment of a reassembled PDU]"
"33121","32.985358170","192.168.1.55","192.168.1.2","TCP","1514","8004  >  36140 [ACK] Seq=190 Ack=141 Win=65024 Len=1448 TSval=2916037066 TSecr=3045556836 [TCP segment of a reassembled PDU]"
"33122","32.985363059","192.168.1.55","192.168.1.2","TCP","1514","8004  >  36140 [ACK] Seq=1638 Ack=141 Win=65024 Len=1448 TSval=2916037066 TSecr=3045556836 [TCP segment of a reassembled PDU]"
"33123","32.985364430","192.168.1.55","192.168.1.2","TCP","1514","8004  >  36140 [ACK] Seq=3086 Ack=141 Win=65024 Len=1448 TSval=2916037066 TSecr=3045556836 [TCP segment of a reassembled PDU]"
"33124","32.985365837","192.168.1.55","192.168.1.2","TCP","1514","8004  >  36140 [ACK] Seq=4534 Ack=141 Win=65024 Len=1448 TSval=2916037066 TSecr=3045556836 [TCP segment of a reassembled PDU]"
"33125","32.985367393","192.168.1.55","192.168.1.2","TCP","1514","8004  >  36140 [PSH, ACK] Seq=5982 Ack=141 Win=65024 Len=1448 TSval=2916037066 TSecr=3045556836 [TCP segment of a reassembled PDU]"
"33126","32.985383522","192.168.1.55","192.168.1.2","TCP","1514","8004  >  36140 [ACK] Seq=7430 Ack=141 Win=65024 Len=1448 TSval=2916037066 TSecr=3045556836 [TCP segment of a reassembled PDU]"
"33127","32.985385337","192.168.1.55","192.168.1.2","TCP","1514","8004  >  36140 [ACK] Seq=8878 Ack=141 Win=65024 Len=1448 TSval=2916037066 TSecr=3045556836 [TCP segment of a reassembled PDU]"
"33128","32.985386707","192.168.1.55","192.168.1.2","TCP","1514","8004  >  36140 [ACK] Seq=10326 Ack=141 Win=65024 Len=1448 TSval=2916037066 TSecr=3045556836 [TCP segment of a reassembled PDU]"
"33129","32.985388078","192.168.1.55","192.168.1.2","TCP","1514","8004  >  36140 [PSH, ACK] Seq=11774 Ack=141 Win=65024 Len=1448 TSval=2916037066 TSecr=3045556836 [TCP segment of a reassembled PDU]"
"33130","32.991413513","192.168.1.2","192.168.1.55","TCP","66","36140  >  8004 [ACK] Seq=141 Ack=190 Win=64512 Len=0 TSval=3045556843 TSecr=2916037065"
"33131","32.991459791","192.168.1.55","192.168.1.2","TCP","1514","8004  >  36140 [ACK] Seq=13222 Ack=141 Win=65024 Len=1448 TSval=2916037072 TSecr=3045556843 [TCP segment of a reassembled PDU]"
"33132","32.991465161","192.168.1.55","192.168.1.2","TCP","1514","8004  >  36140 [PSH, ACK] Seq=14670 Ack=141 Win=65024 Len=1448 TSval=2916037072 TSecr=3045556843 [TCP segment of a reassembled PDU]"
"33133","32.991539810","192.168.1.2","192.168.1.55","TCP","66","36140  >  8004 [ACK] Seq=141 Ack=5982 Win=76800 Len=0 TSval=3045556843 TSecr=2916037066"
"33134","32.991566532","192.168.1.55","192.168.1.2","TCP","1514","8004  >  36140 [ACK] Seq=16118 Ack=141 Win=65024 Len=1448 TSval=2916037072 TSecr=3045556843 [TCP segment of a reassembled PDU]"
"33135","32.991568532","192.168.1.55","192.168.1.2","TCP","1514","8004  >  36140 [ACK] Seq=17566 Ack=141 Win=65024 Len=1448 TSval=2916037072 TSecr=3045556843 [TCP segment of a reassembled PDU]"
"33136","32.991570051","192.168.1.55","192.168.1.2","TCP","1514","8004  >  36140 [ACK] Seq=19014 Ack=141 Win=65024 Len=1448 TSval=2916037072 TSecr=3045556843 [TCP segment of a reassembled PDU]"
"33137","32.991571439","192.168.1.55","192.168.1.2","TCP","1514","8004  >  36140 [ACK] Seq=20462 Ack=141 Win=65024 Len=1448 TSval=2916037072 TSecr=3045556843 [TCP segment of a reassembled PDU]"
"33138","32.991572976","192.168.1.55","192.168.1.2","TCP","1514","8004  >  36140 [ACK] Seq=21910 Ack=141 Win=65024 Len=1448 TSval=2916037072 TSecr=3045556843 [TCP segment of a reassembled PDU]"
"33139","32.991574421","192.168.1.55","192.168.1.2","TCP","1514","8004  >  36140 [ACK] Seq=23358 Ack=141 Win=65024 Len=1448 TSval=2916037072 TSecr=3045556843 [TCP segment of a reassembled PDU]"
"33140","32.991576088","192.168.1.55","192.168.1.2","TCP","1514","8004  >  36140 [PSH, ACK] Seq=24806 Ack=141 Win=65024 Len=1448 TSval=2916037072 TSecr=3045556843 [TCP segment of a reassembled PDU]"
"33141","32.991581514","192.168.1.2","192.168.1.55","TCP","66","36140  >  8004 [ACK] Seq=141 Ack=7430 Win=79872 Len=0 TSval=3045556844 TSecr=2916037066"
"33142","32.991589051","192.168.1.2","192.168.1.55","TCP","66","36140  >  8004 [ACK] Seq=141 Ack=13222 Win=80896 Len=0 TSval=3045556844 TSecr=2916037066"
"33143","32.991610791","192.168.1.55","192.168.1.2","TCP","1514","8004  >  36140 [ACK] Seq=26254 Ack=141 Win=65024 Len=1448 TSval=2916037072 TSecr=3045556844 [TCP segment of a reassembled PDU]"
"33144","32.991612977","192.168.1.55","192.168.1.2","TCP","1514","8004  >  36140 [ACK] Seq=27702 Ack=141 Win=65024 Len=1448 TSval=2916037072 TSecr=3045556844 [TCP segment of a reassembled PDU]"
"33145","32.991614810","192.168.1.55","192.168.1.2","TCP","1514","8004  >  36140 [ACK] Seq=29150 Ack=141 Win=65024 Len=1448 TSval=2916037072 TSecr=3045556844 [TCP segment of a reassembled PDU]"
"33146","32.991616402","192.168.1.55","192.168.1.2","TCP","1514","8004  >  36140 [ACK] Seq=30598 Ack=141 Win=65024 Len=1448 TSval=2916037072 TSecr=3045556844 [TCP segment of a reassembled PDU]"
"33147","32.991617977","192.168.1.55","192.168.1.2","TCP","1514","8004  >  36140 [ACK] Seq=32046 Ack=141 Win=65024 Len=1448 TSval=2916037072 TSecr=3045556844 [TCP segment of a reassembled PDU]"
"33148","32.991620143","192.168.1.55","192.168.1.2","TCP","1514","8004  >  36140 [ACK] Seq=33494 Ack=141 Win=65024 Len=1448 TSval=2916037072 TSecr=3045556844 [TCP segment of a reassembled PDU]"
"33149","32.991621884","192.168.1.55","192.168.1.2","TCP","1514","8004  >  36140 [ACK] Seq=34942 Ack=141 Win=65024 Len=1448 TSval=2916037072 TSecr=3045556844 [TCP segment of a reassembled PDU]"
"33150","32.991623643","192.168.1.55","192.168.1.2","TCP","1514","8004  >  36140 [ACK] Seq=36390 Ack=141 Win=65024 Len=1448 TSval=2916037072 TSecr=3045556844 [TCP segment of a reassembled PDU]"
"33151","32.991632458","192.168.1.55","192.168.1.2","TCP","1514","8004  >  36140 [ACK] Seq=37838 Ack=141 Win=65024 Len=1448 TSval=2916037072 TSecr=3045556844 [TCP segment of a reassembled PDU]"
"33152","32.991635569","192.168.1.55","192.168.1.2","TCP","1514","8004  >  36140 [PSH, ACK] Seq=39286 Ack=141 Win=65024 Len=1448 TSval=2916037072 TSecr=3045556844 [TCP segment of a reassembled PDU]"
"33153","32.992413033","192.168.1.55","192.168.1.2","TCP","1514","8004  >  36140 [ACK] Seq=40734 Ack=141 Win=65024 Len=1448 TSval=2916037073 TSecr=3045556844 [TCP segment of a reassembled PDU]"
"33154","32.997550856","192.168.1.2","192.168.1.55","TCP","66","36140  >  8004 [ACK] Seq=141 Ack=16118 Win=87040 Len=0 TSval=3045556850 TSecr=2916037072"
"33155","32.997580819","192.168.1.55","192.168.1.2","TCP","1514","8004  >  36140 [ACK] Seq=42182 Ack=141 Win=65024 Len=1448 TSval=2916037078 TSecr=3045556850 [TCP segment of a reassembled PDU]"
"33156","32.997584301","192.168.1.55","192.168.1.2","TCP","1514","8004  >  36140 [PSH, ACK] Seq=43630 Ack=141 Win=65024 Len=1448 TSval=2916037078 TSecr=3045556850 [TCP segment of a reassembled PDU]"
"33157","32.997674986","192.168.1.2","192.168.1.55","TCP","66","36140  >  8004 [ACK] Seq=141 Ack=26254 Win=82944 Len=0 TSval=3045556850 TSecr=2916037072"
"33158","32.997702171","192.168.1.55","192.168.1.2","TCP","1514","8004  >  36140 [ACK] Seq=45078 Ack=141 Win=65024 Len=1448 TSval=2916037078 TSecr=3045556850 [TCP segment of a reassembled PDU]"
"33159","32.997704579","192.168.1.55","192.168.1.2","TCP","1514","8004  >  36140 [ACK] Seq=46526 Ack=141 Win=65024 Len=1448 TSval=2916037078 TSecr=3045556850 [TCP segment of a reassembled PDU]"
"33160","32.997706227","192.168.1.55","192.168.1.2","TCP","1514","8004  >  36140 [ACK] Seq=47974 Ack=141 Win=65024 Len=1448 TSval=2916037078 TSecr=3045556850 [TCP segment of a reassembled PDU]"
"33161","32.997708190","192.168.1.55","192.168.1.2","TCP","1514","8004  >  36140 [ACK] Seq=49422 Ack=141 Win=65024 Len=1448 TSval=2916037078 TSecr=3045556850 [TCP segment of a reassembled PDU]"
"33162","32.997710782","192.168.1.55","192.168.1.2","TCP","1514","8004  >  36140 [ACK] Seq=50870 Ack=141 Win=65024 Len=1448 TSval=2916037078 TSecr=3045556850 [TCP segment of a reassembled PDU]"
"33163","32.997712153","192.168.1.55","192.168.1.2","TCP","1514","8004  >  36140 [ACK] Seq=52318 Ack=141 Win=65024 Len=1448 TSval=2916037078 TSecr=3045556850 [TCP segment of a reassembled PDU]"
"33164","32.997713560","192.168.1.55","192.168.1.2","TCP","1514","8004  >  36140 [ACK] Seq=53766 Ack=141 Win=65024 Len=1448 TSval=2916037078 TSecr=3045556850 [TCP segment of a reassembled PDU]"
"33165","32.997715097","192.168.1.55","192.168.1.2","TCP","1514","8004  >  36140 [ACK] Seq=55214 Ack=141 Win=65024 Len=1448 TSval=2916037078 TSecr=3045556850 [TCP segment of a reassembled PDU]"
"33166","32.997716486","192.168.1.55","192.168.1.2","TCP","1514","8004  >  36140 [ACK] Seq=56662 Ack=141 Win=65024 Len=1448 TSval=2916037078 TSecr=3045556850 [TCP segment of a reassembled PDU]"
"33167","32.997717968","192.168.1.55","192.168.1.2","TCP","1514","8004  >  36140 [ACK] Seq=58110 Ack=141 Win=65024 Len=1448 TSval=2916037078 TSecr=3045556850 [TCP segment of a reassembled PDU]"
"33168","32.997719338","192.168.1.55","192.168.1.2","TCP","1514","8004  >  36140 [ACK] Seq=59558 Ack=141 Win=65024 Len=1448 TSval=2916037078 TSecr=3045556850 [TCP segment of a reassembled PDU]"
"33169","32.997720894","192.168.1.55","192.168.1.2","TCP","1514","8004  >  36140 [ACK] Seq=61006 Ack=141 Win=65024 Len=1448 TSval=2916037078 TSecr=3045556850 [TCP segment of a reassembled PDU]"
"33170","32.997722968","192.168.1.55","192.168.1.2","TCP","1514","8004  >  36140 [ACK] Seq=62454 Ack=141 Win=65024 Len=1448 TSval=2916037078 TSecr=3045556850 [TCP segment of a reassembled PDU]"
"33171","32.997724949","192.168.1.55","192.168.1.2","TCP","1514","8004  >  36140 [PSH, ACK] Seq=63902 Ack=141 Win=65024 Len=1448 TSval=2916037078 TSecr=3045556850 [TCP segment of a reassembled PDU]"
"33172","32.997730116","192.168.1.2","192.168.1.55","TCP","66","36140  >  8004 [ACK] Seq=141 Ack=36390 Win=73728 Len=0 TSval=3045556850 TSecr=2916037072"
"33173","32.997758616","192.168.1.55","192.168.1.2","TCP","1514","8004  >  36140 [ACK] Seq=65350 Ack=141 Win=65024 Len=1448 TSval=2916037078 TSecr=3045556850 [TCP segment of a reassembled PDU]"
"33174","32.997761042","192.168.1.55","192.168.1.2","TCP","1514","8004  >  36140 [ACK] Seq=66798 Ack=141 Win=65024 Len=1448 TSval=2916037078 TSecr=3045556850 [TCP segment of a reassembled PDU]"
"33175","32.997762986","192.168.1.55","192.168.1.2","TCP","1514","8004  >  36140 [ACK] Seq=68246 Ack=141 Win=65024 Len=1448 TSval=2916037078 TSecr=3045556850 [TCP segment of a reassembled PDU]"
"33176","32.997764912","192.168.1.55","192.168.1.2","TCP","1514","8004  >  36140 [ACK] Seq=69694 Ack=141 Win=65024 Len=1448 TSval=2916037078 TSecr=3045556850 [TCP segment of a reassembled PDU]"
"33177","32.997766468","192.168.1.55","192.168.1.2","TCP","1514","8004  >  36140 [ACK] Seq=71142 Ack=141 Win=65024 Len=1448 TSval=2916037078 TSecr=3045556850 [TCP segment of a reassembled PDU]"
"33178","32.997768264","192.168.1.55","192.168.1.2","TCP","1514","8004  >  36140 [ACK] Seq=72590 Ack=141 Win=65024 Len=1448 TSval=2916037078 TSecr=3045556850 [TCP segment of a reassembled PDU]"
"33179","32.997769801","192.168.1.55","192.168.1.2","TCP","1514","8004  >  36140 [ACK] Seq=74038 Ack=141 Win=65024 Len=1448 TSval=2916037078 TSecr=3045556850 [TCP segment of a reassembled PDU]"
"33180","32.997771190","192.168.1.55","192.168.1.2","TCP","1514","8004  >  36140 [PSH, ACK] Seq=75486 Ack=141 Win=65024 Len=1448 TSval=2916037078 TSecr=3045556850 [TCP segment of a reassembled PDU]"
"33181","32.997778986","192.168.1.2","192.168.1.55","TCP","66","36140  >  8004 [ACK] Seq=141 Ack=39286 Win=92160 Len=0 TSval=3045556851 TSecr=2916037072"
"33182","32.997840986","192.168.1.2","192.168.1.55","TCP","66","36140  >  8004 [ACK] Seq=141 Ack=40734 Win=94208 Len=0 TSval=3045556852 TSecr=2916037072"
"33183","32.997850949","192.168.1.2","192.168.1.55","TCP","66","36140  >  8004 [ACK] Seq=141 Ack=42182 Win=93184 Len=0 TSval=3045556852 TSecr=2916037073"
"33184","32.998802747","192.168.1.55","192.168.1.2","TCP","1514","8004  >  36140 [ACK] Seq=76934 Ack=141 Win=65024 Len=1448 TSval=2916037079 TSecr=3045556852 [TCP segment of a reassembled PDU]"
"33185","32.998809303","192.168.1.55","192.168.1.2","TCP","1514","8004  >  36140 [ACK] Seq=78382 Ack=141 Win=65024 Len=1448 TSval=2916037079 TSecr=3045556852 [TCP segment of a reassembled PDU]"
"33186","32.998810618","192.168.1.55","192.168.1.2","TCP","1514","8004  >  36140 [ACK] Seq=79830 Ack=141 Win=65024 Len=1448 TSval=2916037079 TSecr=3045556852 [TCP segment of a reassembled PDU]"
"33187","32.998812469","192.168.1.55","192.168.1.2","TCP","1514","8004  >  36140 [ACK] Seq=81278 Ack=141 Win=65024 Len=1448 TSval=2916037079 TSecr=3045556852 [TCP segment of a reassembled PDU]"
"33188","32.998813692","192.168.1.55","192.168.1.2","TCP","1514","8004  >  36140 [ACK] Seq=82726 Ack=141 Win=65024 Len=1448 TSval=2916037079 TSecr=3045556852 [TCP segment of a reassembled PDU]"
"33189","32.998815655","192.168.1.55","192.168.1.2","TCP","1514","8004  >  36140 [ACK] Seq=84174 Ack=141 Win=65024 Len=1448 TSval=2916037079 TSecr=3045556852 [TCP segment of a reassembled PDU]"
"33190","32.998817266","192.168.1.55","192.168.1.2","TCP","1514","8004  >  36140 [ACK] Seq=85622 Ack=141 Win=65024 Len=1448 TSval=2916037079 TSecr=3045556852 [TCP segment of a reassembled PDU]"
"33191","32.998819618","192.168.1.55","192.168.1.2","TCP","1514","8004  >  36140 [ACK] Seq=87070 Ack=141 Win=65024 Len=1448 TSval=2916037079 TSecr=3045556852 [TCP segment of a reassembled PDU]"
"33192","32.998821692","192.168.1.55","192.168.1.2","TCP","1514","8004  >  36140 [ACK] Seq=88518 Ack=141 Win=65024 Len=1448 TSval=2916037079 TSecr=3045556852 [TCP segment of a reassembled PDU]"
"33193","32.998823340","192.168.1.55","192.168.1.2","TCP","1514","8004  >  36140 [ACK] Seq=89966 Ack=141 Win=65024 Len=1448 TSval=2916037079 TSecr=3045556852 [TCP segment of a reassembled PDU]"
"33194","32.998825266","192.168.1.55","192.168.1.2","TCP","1514","8004  >  36140 [ACK] Seq=91414 Ack=141 Win=65024 Len=1448 TSval=2916037079 TSecr=3045556852 [TCP segment of a reassembled PDU]"
"33195","32.998826469","192.168.1.55","192.168.1.2","TCP","1514","8004  >  36140 [ACK] Seq=92862 Ack=141 Win=65024 Len=1448 TSval=2916037079 TSecr=3045556852 [TCP segment of a reassembled PDU]"
"33196","32.998827914","192.168.1.55","192.168.1.2","TCP","1514","8004  >  36140 [ACK] Seq=94310 Ack=141 Win=65024 Len=1448 TSval=2916037079 TSecr=3045556852 [TCP segment of a reassembled PDU]"
"33197","32.998829951","192.168.1.55","192.168.1.2","TCP","1514","8004  >  36140 [PSH, ACK] Seq=95758 Ack=141 Win=65024 Len=1448 TSval=2916037079 TSecr=3045556852 [TCP segment of a reassembled PDU]"
"33198","32.998840951","192.168.1.55","192.168.1.2","TCP","1514","8004  >  36140 [ACK] Seq=97206 Ack=141 Win=65024 Len=1448 TSval=2916037079 TSecr=3045556852 [TCP segment of a reassembled PDU]"
"33199","32.998842358","192.168.1.55","192.168.1.2","TCP","1514","8004  >  36140 [PSH, ACK] Seq=98654 Ack=141 Win=65024 Len=1448 TSval=2916037079 TSecr=3045556852 [TCP segment of a reassembled PDU]"
"33200","33.003857663","192.168.1.2","192.168.1.55","TCP","66","36140  >  8004 [ACK] Seq=141 Ack=45078 Win=91136 Len=0 TSval=3045556857 TSecr=2916037078"
"33201","33.003885644","192.168.1.55","192.168.1.2","TCP","1514","8004  >  36140 [ACK] Seq=100102 Ack=141 Win=65024 Len=1448 TSval=2916037084 TSecr=3045556857 [TCP segment of a reassembled PDU]"
"33202","33.003888922","192.168.1.55","192.168.1.2","TCP","1514","8004  >  36140 [ACK] Seq=101550 Ack=141 Win=65024 Len=1448 TSval=2916037084 TSecr=3045556857 [TCP segment of a reassembled PDU]"
"33203","33.003890311","192.168.1.55","192.168.1.2","TCP","1514","8004  >  36140 [ACK] Seq=102998 Ack=141 Win=65024 Len=1448 TSval=2916037084 TSecr=3045556857 [TCP segment of a reassembled PDU]"
"33204","33.003891385","192.168.1.55","192.168.1.2","TCP","1514","8004  >  36140 [PSH, ACK] Seq=104446 Ack=141 Win=65024 Len=1448 TSval=2916037084 TSecr=3045556857 [TCP segment of a reassembled PDU]"
"33205","33.004160348","192.168.1.2","192.168.1.55","TCP","66","36140  >  8004 [ACK] Seq=141 Ack=65350 Win=75776 Len=0 TSval=3045556857 TSecr=2916037078"
"33206","33.004186200","192.168.1.55","192.168.1.2","TCP","1514","8004  >  36140 [ACK] Seq=105894 Ack=141 Win=65024 Len=1448 TSval=2916037084 TSecr=3045556857 [TCP segment of a reassembled PDU]"
"33207","33.004188719","192.168.1.55","192.168.1.2","TCP","1514","8004  >  36140 [ACK] Seq=107342 Ack=141 Win=65024 Len=1448 TSval=2916037084 TSecr=3045556857 [TCP segment of a reassembled PDU]"
"33208","33.004189830","192.168.1.55","192.168.1.2","TCP","1514","8004  >  36140 [ACK] Seq=108790 Ack=141 Win=65024 Len=1448 TSval=2916037084 TSecr=3045556857 [TCP segment of a reassembled PDU]"
"33209","33.004191089","192.168.1.55","192.168.1.2","TCP","1514","8004  >  36140 [ACK] Seq=110238 Ack=141 Win=65024 Len=1448 TSval=2916037084 TSecr=3045556857 [TCP segment of a reassembled PDU]"
"33210","33.004192200","192.168.1.55","192.168.1.2","TCP","1514","8004  >  36140 [ACK] Seq=111686 Ack=141 Win=65024 Len=1448 TSval=2916037084 TSecr=3045556857 [TCP segment of a reassembled PDU]"
"33211","33.004193367","192.168.1.55","192.168.1.2","TCP","1514","8004  >  36140 [ACK] Seq=113134 Ack=141 Win=65024 Len=1448 TSval=2916037084 TSecr=3045556857 [TCP segment of a reassembled PDU]"
"33212","33.004194459","192.168.1.55","192.168.1.2","TCP","1514","8004  >  36140 [PSH, ACK] Seq=114582 Ack=141 Win=65024 Len=1448 TSval=2916037084 TSecr=3045556857 [TCP segment of a reassembled PDU]"
"33213","33.004200034","192.168.1.2","192.168.1.55","TCP","66","36140  >  8004 [ACK] Seq=141 Ack=66798 Win=74752 Len=0 TSval=3045556857 TSecr=2916037078"
"33214","33.004229071","192.168.1.55","192.168.1.2","TCP","1514","8004  >  36140 [ACK] Seq=116030 Ack=141 Win=65024 Len=1448 TSval=2916037084 TSecr=3045556857 [TCP segment of a reassembled PDU]"
"33215","33.004230793","192.168.1.55","192.168.1.2","TCP","1514","8004  >  36140 [ACK] Seq=117478 Ack=141 Win=65024 Len=1448 TSval=2916037084 TSecr=3045556857 [TCP segment of a reassembled PDU]"
"33216","33.004231867","192.168.1.55","192.168.1.2","TCP","1514","8004  >  36140 [ACK] Seq=118926 Ack=141 Win=65024 Len=1448 TSval=2916037084 TSecr=3045556857 [TCP segment of a reassembled PDU]"
"33217","33.004233089","192.168.1.55","192.168.1.2","TCP","1514","8004  >  36140 [ACK] Seq=120374 Ack=141 Win=65024 Len=1448 TSval=2916037084 TSecr=3045556857 [TCP segment of a reassembled PDU]"
"33218","33.004234385","192.168.1.55","192.168.1.2","TCP","1514","8004  >  36140 [ACK] Seq=121822 Ack=141 Win=65024 Len=1448 TSval=2916037084 TSecr=3045556857 [TCP segment of a reassembled PDU]"
"33219","33.004235682","192.168.1.55","192.168.1.2","TCP","1514","8004  >  36140 [ACK] Seq=123270 Ack=141 Win=65024 Len=1448 TSval=2916037084 TSecr=3045556857 [TCP segment of a reassembled PDU]"
"33220","33.004236978","192.168.1.55","192.168.1.2","TCP","1514","8004  >  36140 [ACK] Seq=124718 Ack=141 Win=65024 Len=1448 TSval=2916037084 TSecr=3045556857 [TCP segment of a reassembled PDU]"
"33221","33.004238182","192.168.1.55","192.168.1.2","TCP","1514","8004  >  36140 [ACK] Seq=126166 Ack=141 Win=65024 Len=1448 TSval=2916037084 TSecr=3045556857 [TCP segment of a reassembled PDU]"
"33222","33.004239311","192.168.1.55","192.168.1.2","TCP","1514","8004  >  36140 [ACK] Seq=127614 Ack=141 Win=65024 Len=1448 TSval=2916037084 TSecr=3045556857 [TCP segment of a reassembled PDU]"
"33223","33.004240460","192.168.1.55","192.168.1.2","TCP","1514","8004  >  36140 [ACK] Seq=129062 Ack=141 Win=65024 Len=1448 TSval=2916037084 TSecr=3045556857 [TCP segment of a reassembled PDU]"
"33224","33.004242385","192.168.1.55","192.168.1.2","TCP","1514","8004  >  36140 [ACK] Seq=130510 Ack=141 Win=65024 Len=1448 TSval=2916037084 TSecr=3045556857 [TCP segment of a reassembled PDU]"
"33225","33.004243811","192.168.1.55","192.168.1.2","TCP","1514","8004  >  36140 [ACK] Seq=131958 Ack=141 Win=65024 Len=1448 TSval=2916037084 TSecr=3045556857 [TCP segment of a reassembled PDU]"
"33226","33.004244960","192.168.1.55","192.168.1.2","TCP","1514","8004  >  36140 [ACK] Seq=133406 Ack=141 Win=65024 Len=1448 TSval=2916037084 TSecr=3045556857 [TCP segment of a reassembled PDU]"
"33227","33.004246126","192.168.1.55","192.168.1.2","TCP","1514","8004  >  36140 [ACK] Seq=134854 Ack=141 Win=65024 Len=1448 TSval=2916037084 TSecr=3045556857 [TCP segment of a reassembled PDU]"
"33228","33.004247311","192.168.1.55","192.168.1.2","TCP","1514","8004  >  36140 [ACK] Seq=136302 Ack=141 Win=65024 Len=1448 TSval=2916037084 TSecr=3045556857 [TCP segment of a reassembled PDU]"
"33229","33.004248460","192.168.1.55","192.168.1.2","TCP","1514","8004  >  36140 [ACK] Seq=137750 Ack=141 Win=65024 Len=1448 TSval=2916037084 TSecr=3045556857 [TCP segment of a reassembled PDU]"
"33230","33.004249626","192.168.1.55","192.168.1.2","TCP","1514","8004  >  36140 [ACK] Seq=139198 Ack=141 Win=65024 Len=1448 TSval=2916037084 TSecr=3045556857 [TCP segment of a reassembled PDU]"
"33231","33.004250756","192.168.1.55","192.168.1.2","TCP","970","[TCP Window Full] 8004  >  36140 [PSH, ACK] Seq=140646 Ack=141 Win=65024 Len=904 TSval=2916037084 TSecr=3045556857 [TCP segment of a reassembled PDU]"
"33232","33.004254571","192.168.1.2","192.168.1.55","TCP","66","36140  >  8004 [ACK] Seq=141 Ack=75486 Win=66560 Len=0 TSval=3045556857 TSecr=2916037078"
"33233","33.005208220","192.168.1.2","192.168.1.55","TCP","66","36140  >  8004 [ACK] Seq=141 Ack=76934 Win=94208 Len=0 TSval=3045556858 TSecr=2916037078"
"33234","33.005223850","192.168.1.55","192.168.1.2","TCP","1514","8004  >  36140 [ACK] Seq=141550 Ack=141 Win=65024 Len=1448 TSval=2916037085 TSecr=3045556858 [TCP segment of a reassembled PDU]"
"33235","33.005225591","192.168.1.55","192.168.1.2","TCP","1514","8004  >  36140 [ACK] Seq=142998 Ack=141 Win=65024 Len=1448 TSval=2916037085 TSecr=3045556858 [TCP segment of a reassembled PDU]"
"33236","33.005226794","192.168.1.55","192.168.1.2","TCP","1514","8004  >  36140 [ACK] Seq=144446 Ack=141 Win=65024 Len=1448 TSval=2916037085 TSecr=3045556858 [TCP segment of a reassembled PDU]"
"33237","33.005227906","192.168.1.55","192.168.1.2","TCP","1514","8004  >  36140 [ACK] Seq=145894 Ack=141 Win=65024 Len=1448 TSval=2916037085 TSecr=3045556858 [TCP segment of a reassembled PDU]"
"33238","33.005229017","192.168.1.55","192.168.1.2","TCP","1514","8004  >  36140 [ACK] Seq=147342 Ack=141 Win=65024 Len=1448 TSval=2916037085 TSecr=3045556858 [TCP segment of a reassembled PDU]"
"33239","33.005230239","192.168.1.55","192.168.1.2","TCP","1514","8004  >  36140 [ACK] Seq=148790 Ack=141 Win=65024 Len=1448 TSval=2916037085 TSecr=3045556858 [TCP segment of a reassembled PDU]"
"33240","33.005231406","192.168.1.55","192.168.1.2","TCP","1514","8004  >  36140 [ACK] Seq=150238 Ack=141 Win=65024 Len=1448 TSval=2916037085 TSecr=3045556858 [TCP segment of a reassembled PDU]"
"33241","33.005232498","192.168.1.55","192.168.1.2","TCP","1514","8004  >  36140 [ACK] Seq=151686 Ack=141 Win=65024 Len=1448 TSval=2916037085 TSecr=3045556858 [TCP segment of a reassembled PDU]"
"33242","33.005233609","192.168.1.55","192.168.1.2","TCP","1514","8004  >  36140 [ACK] Seq=153134 Ack=141 Win=65024 Len=1448 TSval=2916037085 TSecr=3045556858 [TCP segment of a reassembled PDU]"
"33243","33.005234831","192.168.1.55","192.168.1.2","TCP","610","8004  >  36140 [PSH, ACK] Seq=154582 Ack=141 Win=65024 Len=544 TSval=2916037085 TSecr=3045556858 [TCP segment of a reassembled PDU]"
"33244","33.005284220","192.168.1.2","192.168.1.55","TCP","66","36140  >  8004 [ACK] Seq=141 Ack=91414 Win=79872 Len=0 TSval=3045556858 TSecr=2916037079"
"33245","33.005290276","192.168.1.2","192.168.1.55","TCP","66","36140  >  8004 [ACK] Seq=141 Ack=97206 Win=88064 Len=0 TSval=3045556859 TSecr=2916037079"
"33246","33.005315572","192.168.1.55","192.168.1.2","TCP","1514","8004  >  36140 [ACK] Seq=155126 Ack=141 Win=65024 Len=1448 TSval=2916037086 TSecr=3045556859 [TCP segment of a reassembled PDU]"
"33247","33.005317387","192.168.1.55","192.168.1.2","TCP","1514","8004  >  36140 [ACK] Seq=156574 Ack=141 Win=65024 Len=1448 TSval=2916037086 TSecr=3045556859 [TCP segment of a reassembled PDU]"
"33248","33.005318572","192.168.1.55","192.168.1.2","TCP","1514","8004  >  36140 [ACK] Seq=158022 Ack=141 Win=65024 Len=1448 TSval=2916037086 TSecr=3045556859 [TCP segment of a reassembled PDU]"
"33249","33.005319795","192.168.1.55","192.168.1.2","TCP","1514","8004  >  36140 [ACK] Seq=159470 Ack=141 Win=65024 Len=1448 TSval=2916037086 TSecr=3045556859 [TCP segment of a reassembled PDU]"
"33250","33.005321017","192.168.1.55","192.168.1.2","TCP","1514","8004  >  36140 [ACK] Seq=160918 Ack=141 Win=65024 Len=1448 TSval=2916037086 TSecr=3045556859 [TCP segment of a reassembled PDU]"
"33251","33.005322239","192.168.1.55","192.168.1.2","TCP","1514","8004  >  36140 [ACK] Seq=162366 Ack=141 Win=65024 Len=1448 TSval=2916037086 TSecr=3045556859 [TCP segment of a reassembled PDU]"
"33252","33.005323572","192.168.1.55","192.168.1.2","TCP","1514","8004  >  36140 [ACK] Seq=163814 Ack=141 Win=65024 Len=1448 TSval=2916037086 TSecr=3045556859 [TCP segment of a reassembled PDU]"
"33253","33.005324665","192.168.1.55","192.168.1.2","TCP","1514","8004  >  36140 [ACK] Seq=165262 Ack=141 Win=65024 Len=1448 TSval=2916037086 TSecr=3045556859 [TCP segment of a reassembled PDU]"
"33254","33.005325850","192.168.1.55","192.168.1.2","TCP","1514","8004  >  36140 [ACK] Seq=166710 Ack=141 Win=65024 Len=1448 TSval=2916037086 TSecr=3045556859 [TCP segment of a reassembled PDU]"
"33255","33.005327183","192.168.1.55","192.168.1.2","TCP","1514","8004  >  36140 [ACK] Seq=168158 Ack=141 Win=65024 Len=1448 TSval=2916037086 TSecr=3045556859 [TCP segment of a reassembled PDU]"
"33256","33.005328535","192.168.1.55","192.168.1.2","TCP","1514","8004  >  36140 [ACK] Seq=169606 Ack=141 Win=65024 Len=1448 TSval=2916037086 TSecr=3045556859 [TCP segment of a reassembled PDU]"
"33257","33.005329721","192.168.1.55","192.168.1.2","TCP","1514","8004  >  36140 [ACK] Seq=171054 Ack=141 Win=65024 Len=1448 TSval=2916037086 TSecr=3045556859 [TCP segment of a reassembled PDU]"
"33258","33.005330943","192.168.1.55","192.168.1.2","TCP","1514","8004  >  36140 [ACK] Seq=172502 Ack=141 Win=65024 Len=1448 TSval=2916037086 TSecr=3045556859 [TCP segment of a reassembled PDU]"
"33259","33.005331998","192.168.1.55","192.168.1.2","TCP","1514","8004  >  36140 [ACK] Seq=173950 Ack=141 Win=65024 Len=1448 TSval=2916037086 TSecr=3045556859 [TCP segment of a reassembled PDU]"
"33260","33.005333295","192.168.1.55","192.168.1.2","TCP","1514","8004  >  36140 [ACK] Seq=175398 Ack=141 Win=65024 Len=1448 TSval=2916037086 TSecr=3045556859 [TCP segment of a reassembled PDU]"
"33261","33.005334517","192.168.1.55","192.168.1.2","TCP","1514","8004  >  36140 [ACK] Seq=176846 Ack=141 Win=65024 Len=1448 TSval=2916037086 TSecr=3045556859 [TCP segment of a reassembled PDU]"
"33262","33.005335980","192.168.1.55","192.168.1.2","TCP","1514","8004  >  36140 [ACK] Seq=178294 Ack=141 Win=65024 Len=1448 TSval=2916037086 TSecr=3045556859 [TCP segment of a reassembled PDU]"
"33263","33.005337165","192.168.1.55","192.168.1.2","TCP","1514","8004  >  36140 [ACK] Seq=179742 Ack=141 Win=65024 Len=1448 TSval=2916037086 TSecr=3045556859 [TCP segment of a reassembled PDU]"
"33264","33.005338350","192.168.1.55","192.168.1.2","TCP","1514","8004  >  36140 [ACK] Seq=181190 Ack=141 Win=65024 Len=1448 TSval=2916037086 TSecr=3045556859 [TCP segment of a reassembled PDU]"
"33265","33.005339461","192.168.1.55","192.168.1.2","TCP","1514","8004  >  36140 [PSH, ACK] Seq=182638 Ack=141 Win=65024 Len=1448 TSval=2916037086 TSecr=3045556859 [TCP segment of a reassembled PDU]"
"33266","33.005343295","192.168.1.2","192.168.1.55","TCP","66","36140  >  8004 [ACK] Seq=141 Ack=100102 Win=86016 Len=0 TSval=3045556859 TSecr=2916037079"
"33267","33.005353424","192.168.1.55","192.168.1.2","TCP","1514","8004  >  36140 [ACK] Seq=184086 Ack=141 Win=65024 Len=1448 TSval=2916037086 TSecr=3045556859 [TCP segment of a reassembled PDU]"
"33268","33.011026618","192.168.1.2","192.168.1.55","TCP","66","36140  >  8004 [ACK] Seq=141 Ack=105894 Win=86016 Len=0 TSval=3045556861 TSecr=2916037084"
"33269","33.011038730","192.168.1.55","192.168.1.2","TCP","1514","8004  >  36140 [ACK] Seq=185534 Ack=141 Win=65024 Len=1448 TSval=2916037091 TSecr=3045556861 [TCP segment of a reassembled PDU]"
"33270","33.011041711","192.168.1.55","192.168.1.2","TCP","1514","8004  >  36140 [ACK] Seq=186982 Ack=141 Win=65024 Len=1448 TSval=2916037091 TSecr=3045556861 [TCP segment of a reassembled PDU]"
"33271","33.011042989","192.168.1.55","192.168.1.2","TCP","1514","8004  >  36140 [ACK] Seq=188430 Ack=141 Win=65024 Len=1448 TSval=2916037091 TSecr=3045556861 [TCP segment of a reassembled PDU]"
"33272","33.011044378","192.168.1.55","192.168.1.2","TCP","1514","8004  >  36140 [PSH, ACK] Seq=189878 Ack=141 Win=65024 Len=1448 TSval=2916037091 TSecr=3045556861 [TCP segment of a reassembled PDU]"
"33273","33.011322841","192.168.1.2","192.168.1.55","TCP","66","36140  >  8004 [ACK] Seq=141 Ack=116030 Win=110592 Len=0 TSval=3045556865 TSecr=2916037084"
"33274","33.011337637","192.168.1.55","192.168.1.2","TCP","1514","8004  >  36140 [ACK] Seq=191326 Ack=141 Win=65024 Len=1448 TSval=2916037092 TSecr=3045556865 [TCP segment of a reassembled PDU]"
"33275","33.011340045","192.168.1.55","192.168.1.2","TCP","1514","8004  >  36140 [ACK] Seq=192774 Ack=141 Win=65024 Len=1448 TSval=2916037092 TSecr=3045556865 [TCP segment of a reassembled PDU]"
"33276","33.011341786","192.168.1.55","192.168.1.2","TCP","1514","8004  >  36140 [ACK] Seq=194222 Ack=141 Win=65024 Len=1448 TSval=2916037092 TSecr=3045556865 [TCP segment of a reassembled PDU]"
"33277","33.011343063","192.168.1.55","192.168.1.2","TCP","1514","8004  >  36140 [ACK] Seq=195670 Ack=141 Win=65024 Len=1448 TSval=2916037092 TSecr=3045556865 [TCP segment of a reassembled PDU]"
"33278","33.011344434","192.168.1.55","192.168.1.2","TCP","1514","8004  >  36140 [ACK] Seq=197118 Ack=141 Win=65024 Len=1448 TSval=2916037092 TSecr=3045556865 [TCP segment of a reassembled PDU]"
"33279","33.011345712","192.168.1.55","192.168.1.2","TCP","1514","8004  >  36140 [ACK] Seq=198566 Ack=141 Win=65024 Len=1448 TSval=2916037092 TSecr=3045556865 [TCP segment of a reassembled PDU]"
"33280","33.011347008","192.168.1.55","192.168.1.2","TCP","1514","8004  >  36140 [PSH, ACK] Seq=200014 Ack=141 Win=65024 Len=1448 TSval=2916037092 TSecr=3045556865 [TCP segment of a reassembled PDU]"
"33281","33.011351656","192.168.1.2","192.168.1.55","TCP","66","36140  >  8004 [ACK] Seq=141 Ack=141550 Win=97280 Len=0 TSval=3045556865 TSecr=2916037084"
"33282","33.011386841","192.168.1.55","192.168.1.2","TCP","1514","8004  >  36140 [ACK] Seq=201462 Ack=141 Win=65024 Len=1448 TSval=2916037092 TSecr=3045556865 [TCP segment of a reassembled PDU]"
"33283","33.011388452","192.168.1.55","192.168.1.2","TCP","1514","8004  >  36140 [ACK] Seq=202910 Ack=141 Win=65024 Len=1448 TSval=2916037092 TSecr=3045556865 [TCP segment of a reassembled PDU]"
"33284","33.011389749","192.168.1.55","192.168.1.2","TCP","1514","8004  >  36140 [ACK] Seq=204358 Ack=141 Win=65024 Len=1448 TSval=2916037092 TSecr=3045556865 [TCP segment of a reassembled PDU]"
"33285","33.011391026","192.168.1.55","192.168.1.2","TCP","1514","8004  >  36140 [ACK] Seq=205806 Ack=141 Win=65024 Len=1448 TSval=2916037092 TSecr=3045556865 [TCP segment of a reassembled PDU]"
"33286","33.011392360","192.168.1.55","192.168.1.2","TCP","1514","8004  >  36140 [ACK] Seq=207254 Ack=141 Win=65024 Len=1448 TSval=2916037092 TSecr=3045556865 [TCP segment of a reassembled PDU]"
"33287","33.011393749","192.168.1.55","192.168.1.2","TCP","1514","8004  >  36140 [ACK] Seq=208702 Ack=141 Win=65024 Len=1448 TSval=2916037092 TSecr=3045556865 [TCP segment of a reassembled PDU]"
"33288","33.011395045","192.168.1.55","192.168.1.2","TCP","1514","8004  >  36140 [ACK] Seq=210150 Ack=141 Win=65024 Len=1448 TSval=2916037092 TSecr=3045556865 [TCP segment of a reassembled PDU]"
"33289","33.011396378","192.168.1.55","192.168.1.2","TCP","1514","8004  >  36140 [ACK] Seq=211598 Ack=141 Win=65024 Len=1448 TSval=2916037092 TSecr=3045556865 [TCP segment of a reassembled PDU]"
"33290","33.011397971","192.168.1.55","192.168.1.2","TCP","1514","8004  >  36140 [ACK] Seq=213046 Ack=141 Win=65024 Len=1448 TSval=2916037092 TSecr=3045556865 [TCP segment of a reassembled PDU]"
"33291","33.011399415","192.168.1.55","192.168.1.2","TCP","1514","8004  >  36140 [ACK] Seq=214494 Ack=141 Win=65024 Len=1448 TSval=2916037092 TSecr=3045556865 [TCP segment of a reassembled PDU]"
"33292","33.011400786","192.168.1.55","192.168.1.2","TCP","1514","8004  >  36140 [ACK] Seq=215942 Ack=141 Win=65024 Len=1448 TSval=2916037092 TSecr=3045556865 [TCP segment of a reassembled PDU]"
"33293","33.011402156","192.168.1.55","192.168.1.2","TCP","1514","8004  >  36140 [ACK] Seq=217390 Ack=141 Win=65024 Len=1448 TSval=2916037092 TSecr=3045556865 [TCP segment of a reassembled PDU]"
"33294","33.011403508","192.168.1.55","192.168.1.2","TCP","1514","8004  >  36140 [ACK] Seq=218838 Ack=141 Win=65024 Len=1448 TSval=2916037092 TSecr=3045556865 [TCP segment of a reassembled PDU]"
"33295","33.011405045","192.168.1.55","192.168.1.2","TCP","1514","8004  >  36140 [ACK] Seq=220286 Ack=141 Win=65024 Len=1448 TSval=2916037092 TSecr=3045556865 [TCP segment of a reassembled PDU]"
"33296","33.011406415","192.168.1.55","192.168.1.2","TCP","1514","8004  >  36140 [ACK] Seq=221734 Ack=141 Win=65024 Len=1448 TSval=2916037092 TSecr=3045556865 [TCP segment of a reassembled PDU]"
"33297","33.011407804","192.168.1.55","192.168.1.2","TCP","1514","8004  >  36140 [ACK] Seq=223182 Ack=141 Win=65024 Len=1448 TSval=2916037092 TSecr=3045556865 [TCP segment of a reassembled PDU]"
"33298","33.011409064","192.168.1.55","192.168.1.2","TCP","1514","8004  >  36140 [ACK] Seq=224630 Ack=141 Win=65024 Len=1448 TSval=2916037092 TSecr=3045556865 [TCP segment of a reassembled PDU]"
"33299","33.011410360","192.168.1.55","192.168.1.2","TCP","1514","8004  >  36140 [ACK] Seq=226078 Ack=141 Win=65024 Len=1448 TSval=2916037092 TSecr=3045556865 [TCP segment of a reassembled PDU]"
"33300","33.011411786","192.168.1.55","192.168.1.2","TCP","1514","8004  >  36140 [ACK] Seq=227526 Ack=141 Win=65024 Len=1448 TSval=2916037092 TSecr=3045556865 [TCP segment of a reassembled PDU]"
"33301","33.011413119","192.168.1.55","192.168.1.2","TCP","1514","8004  >  36140 [ACK] Seq=228974 Ack=141 Win=65024 Len=1448 TSval=2916037092 TSecr=3045556865 [TCP segment of a reassembled PDU]"
"33302","33.011414564","192.168.1.55","192.168.1.2","TCP","1514","8004  >  36140 [ACK] Seq=230422 Ack=141 Win=65024 Len=1448 TSval=2916037092 TSecr=3045556865 [TCP segment of a reassembled PDU]"
"33303","33.011415934","192.168.1.55","192.168.1.2","TCP","1514","8004  >  36140 [ACK] Seq=231870 Ack=141 Win=65024 Len=1448 TSval=2916037092 TSecr=3045556865 [TCP segment of a reassembled PDU]"
"33304","33.011417341","192.168.1.55","192.168.1.2","TCP","1514","8004  >  36140 [ACK] Seq=233318 Ack=141 Win=65024 Len=1448 TSval=2916037092 TSecr=3045556865 [TCP segment of a reassembled PDU]"
"33305","33.011418841","192.168.1.55","192.168.1.2","TCP","1514","8004  >  36140 [ACK] Seq=234766 Ack=141 Win=65024 Len=1448 TSval=2916037092 TSecr=3045556865 [TCP segment of a reassembled PDU]"
"33306","33.011420119","192.168.1.55","192.168.1.2","TCP","1514","8004  >  36140 [PSH, ACK] Seq=236214 Ack=141 Win=65024 Len=1448 TSval=2916037092 TSecr=3045556865 [TCP segment of a reassembled PDU]"
"33307","33.011424341","192.168.1.2","192.168.1.55","TCP","66","36140  >  8004 [ACK] Seq=141 Ack=144446 Win=95232 Len=0 TSval=3045556865 TSecr=2916037085"
"33308","33.011481508","192.168.1.2","192.168.1.55","TCP","66","36140  >  8004 [ACK] Seq=141 Ack=155126 Win=111616 Len=0 TSval=3045556865 TSecr=2916037085"
"33309","33.011498619","192.168.1.55","192.168.1.2","TCP","1514","8004  >  36140 [ACK] Seq=237662 Ack=141 Win=65024 Len=1448 TSval=2916037092 TSecr=3045556865 [TCP segment of a reassembled PDU]"
"33310","33.011500267","192.168.1.55","192.168.1.2","TCP","1514","8004  >  36140 [ACK] Seq=239110 Ack=141 Win=65024 Len=1448 TSval=2916037092 TSecr=3045556865 [TCP segment of a reassembled PDU]"
"33311","33.011501545","192.168.1.55","192.168.1.2","TCP","1514","8004  >  36140 [ACK] Seq=240558 Ack=141 Win=65024 Len=1448 TSval=2916037092 TSecr=3045556865 [TCP segment of a reassembled PDU]"
"33312","33.011502990","192.168.1.55","192.168.1.2","TCP","1514","8004  >  36140 [ACK] Seq=242006 Ack=141 Win=65024 Len=1448 TSval=2916037092 TSecr=3045556865 [TCP segment of a reassembled PDU]"
"33313","33.011504416","192.168.1.55","192.168.1.2","TCP","1514","8004  >  36140 [ACK] Seq=243454 Ack=141 Win=65024 Len=1448 TSval=2916037092 TSecr=3045556865 [TCP segment of a reassembled PDU]"
"33314","33.011505841","192.168.1.55","192.168.1.2","TCP","1514","8004  >  36140 [ACK] Seq=244902 Ack=141 Win=65024 Len=1448 TSval=2916037092 TSecr=3045556865 [TCP segment of a reassembled PDU]"
"33315","33.011507119","192.168.1.55","192.168.1.2","TCP","1514","8004  >  36140 [PSH, ACK] Seq=246350 Ack=141 Win=65024 Len=1448 TSval=2916037092 TSecr=3045556865 [TCP segment of a reassembled PDU]"
"33316","33.011511471","192.168.1.2","192.168.1.55","TCP","66","36140  >  8004 [ACK] Seq=141 Ack=181190 Win=95232 Len=0 TSval=3045556865 TSecr=2916037086"
"33317","33.012909807","192.168.1.2","192.168.1.55","TCP","66","36140  >  8004 [ACK] Seq=141 Ack=182638 Win=114688 Len=0 TSval=3045556866 TSecr=2916037086"
"33318","33.012946584","192.168.1.55","192.168.1.2","TCP","1514","8004  >  36140 [ACK] Seq=247798 Ack=141 Win=65024 Len=1448 TSval=2916037093 TSecr=3045556866 [TCP segment of a reassembled PDU]"
"33319","33.012949159","192.168.1.55","192.168.1.2","TCP","1514","8004  >  36140 [ACK] Seq=249246 Ack=141 Win=65024 Len=1448 TSval=2916037093 TSecr=3045556866 [TCP segment of a reassembled PDU]"
"33320","33.012950455","192.168.1.55","192.168.1.2","TCP","1514","8004  >  36140 [ACK] Seq=250694 Ack=141 Win=65024 Len=1448 TSval=2916037093 TSecr=3045556866 [TCP segment of a reassembled PDU]"
"33321","33.012952029","192.168.1.55","192.168.1.2","TCP","1514","8004  >  36140 [ACK] Seq=252142 Ack=141 Win=65024 Len=1448 TSval=2916037093 TSecr=3045556866 [TCP segment of a reassembled PDU]"
"33322","33.012953325","192.168.1.55","192.168.1.2","TCP","1514","8004  >  36140 [ACK] Seq=253590 Ack=141 Win=65024 Len=1448 TSval=2916037093 TSecr=3045556866 [TCP segment of a reassembled PDU]"
"33323","33.012954584","192.168.1.55","192.168.1.2","TCP","1514","8004  >  36140 [ACK] Seq=255038 Ack=141 Win=65024 Len=1448 TSval=2916037093 TSecr=3045556866 [TCP segment of a reassembled PDU]"
"33324","33.012956103","192.168.1.55","192.168.1.2","TCP","1514","8004  >  36140 [ACK] Seq=256486 Ack=141 Win=65024 Len=1448 TSval=2916037093 TSecr=3045556866 [TCP segment of a reassembled PDU]"
"33325","33.012957473","192.168.1.55","192.168.1.2","TCP","1514","8004  >  36140 [ACK] Seq=257934 Ack=141 Win=65024 Len=1448 TSval=2916037093 TSecr=3045556866 [TCP segment of a reassembled PDU]"
"33326","33.012958733","192.168.1.55","192.168.1.2","TCP","1514","8004  >  36140 [ACK] Seq=259382 Ack=141 Win=65024 Len=1448 TSval=2916037093 TSecr=3045556866 [TCP segment of a reassembled PDU]"
"33327","33.012960029","192.168.1.55","192.168.1.2","TCP","1514","8004  >  36140 [ACK] Seq=260830 Ack=141 Win=65024 Len=1448 TSval=2916037093 TSecr=3045556866 [TCP segment of a reassembled PDU]"
"33328","33.012961288","192.168.1.55","192.168.1.2","TCP","1514","8004  >  36140 [ACK] Seq=262278 Ack=141 Win=65024 Len=1448 TSval=2916037093 TSecr=3045556866 [TCP segment of a reassembled PDU]"
"33329","33.012962640","192.168.1.55","192.168.1.2","TCP","1514","8004  >  36140 [ACK] Seq=263726 Ack=141 Win=65024 Len=1448 TSval=2916037093 TSecr=3045556866 [TCP segment of a reassembled PDU]"
"33330","33.012963918","192.168.1.55","192.168.1.2","TCP","1514","8004  >  36140 [ACK] Seq=265174 Ack=141 Win=65024 Len=1448 TSval=2916037093 TSecr=3045556866 [TCP segment of a reassembled PDU]"
"33331","33.012965177","192.168.1.55","192.168.1.2","TCP","1514","8004  >  36140 [ACK] Seq=266622 Ack=141 Win=65024 Len=1448 TSval=2916037093 TSecr=3045556866 [TCP segment of a reassembled PDU]"
"33332","33.012966510","192.168.1.55","192.168.1.2","TCP","1514","8004  >  36140 [ACK] Seq=268070 Ack=141 Win=65024 Len=1448 TSval=2916037093 TSecr=3045556866 [TCP segment of a reassembled PDU]"
"33333","33.012968251","192.168.1.55","192.168.1.2","TCP","1514","8004  >  36140 [ACK] Seq=269518 Ack=141 Win=65024 Len=1448 TSval=2916037093 TSecr=3045556866 [TCP segment of a reassembled PDU]"
"33334","33.012974214","192.168.1.55","192.168.1.2","TCP","1514","8004  >  36140 [ACK] Seq=270966 Ack=141 Win=65024 Len=1448 TSval=2916037093 TSecr=3045556866 [TCP segment of a reassembled PDU]"
"33335","33.012975751","192.168.1.55","192.168.1.2","TCP","1514","8004  >  36140 [ACK] Seq=272414 Ack=141 Win=65024 Len=1448 TSval=2916037093 TSecr=3045556866 [TCP segment of a reassembled PDU]"
"33336","33.012977140","192.168.1.55","192.168.1.2","TCP","1514","8004  >  36140 [ACK] Seq=273862 Ack=141 Win=65024 Len=1448 TSval=2916037093 TSecr=3045556866 [TCP segment of a reassembled PDU]"
"33337","33.012978436","192.168.1.55","192.168.1.2","TCP","1514","8004  >  36140 [ACK] Seq=275310 Ack=141 Win=65024 Len=1448 TSval=2916037093 TSecr=3045556866 [TCP segment of a reassembled PDU]"
"33338","33.012979733","192.168.1.55","192.168.1.2","TCP","1514","8004  >  36140 [ACK] Seq=276758 Ack=141 Win=65024 Len=1448 TSval=2916037093 TSecr=3045556866 [TCP segment of a reassembled PDU]"
"33339","33.012981029","192.168.1.55","192.168.1.2","TCP","1514","8004  >  36140 [ACK] Seq=278206 Ack=141 Win=65024 Len=1448 TSval=2916037093 TSecr=3045556866 [TCP segment of a reassembled PDU]"
"33340","33.012982473","192.168.1.55","192.168.1.2","TCP","1514","8004  >  36140 [ACK] Seq=279654 Ack=141 Win=65024 Len=1448 TSval=2916037093 TSecr=3045556866 [TCP segment of a reassembled PDU]"
"33341","33.012983862","192.168.1.55","192.168.1.2","TCP","1514","8004  >  36140 [ACK] Seq=281102 Ack=141 Win=65024 Len=1448 TSval=2916037093 TSecr=3045556866 [TCP segment of a reassembled PDU]"
"33342","33.012985140","192.168.1.55","192.168.1.2","TCP","1514","8004  >  36140 [ACK] Seq=282550 Ack=141 Win=65024 Len=1448 TSval=2916037093 TSecr=3045556866 [TCP segment of a reassembled PDU]"
"33343","33.012986492","192.168.1.55","192.168.1.2","TCP","1514","8004  >  36140 [ACK] Seq=283998 Ack=141 Win=65024 Len=1448 TSval=2916037093 TSecr=3045556866 [TCP segment of a reassembled PDU]"
"33344","33.012987844","192.168.1.55","192.168.1.2","TCP","1514","8004  >  36140 [ACK] Seq=285446 Ack=141 Win=65024 Len=1448 TSval=2916037093 TSecr=3045556866 [TCP segment of a reassembled PDU]"
"33345","33.012989288","192.168.1.55","192.168.1.2","TCP","1514","8004  >  36140 [ACK] Seq=286894 Ack=141 Win=65024 Len=1448 TSval=2916037093 TSecr=3045556866 [TCP segment of a reassembled PDU]"
"33346","33.012990973","192.168.1.55","192.168.1.2","TCP","1514","8004  >  36140 [ACK] Seq=288342 Ack=141 Win=65024 Len=1448 TSval=2916037093 TSecr=3045556866 [TCP segment of a reassembled PDU]"
"33347","33.012992270","192.168.1.55","192.168.1.2","TCP","1514","8004  >  36140 [ACK] Seq=289790 Ack=141 Win=65024 Len=1448 TSval=2916037093 TSecr=3045556866 [TCP segment of a reassembled PDU]"
"33348","33.012993751","192.168.1.55","192.168.1.2","TCP","1514","8004  >  36140 [ACK] Seq=291238 Ack=141 Win=65024 Len=1448 TSval=2916037093 TSecr=3045556866 [TCP segment of a reassembled PDU]"
"33349","33.012995177","192.168.1.55","192.168.1.2","TCP","1514","8004  >  36140 [PSH, ACK] Seq=292686 Ack=141 Win=65024 Len=1448 TSval=2916037093 TSecr=3045556866 [TCP segment of a reassembled PDU]"
"33350","33.013050585","192.168.1.2","192.168.1.55","TCP","66","36140  >  8004 [ACK] Seq=141 Ack=184086 Win=116736 Len=0 TSval=3045556866 TSecr=2916037086"
"33351","33.013058066","192.168.1.2","192.168.1.55","TCP","66","36140  >  8004 [ACK] Seq=141 Ack=185534 Win=119808 Len=0 TSval=3045556867 TSecr=2916037086"
"33352","33.013071770","192.168.1.55","192.168.1.2","TCP","1514","8004  >  36140 [ACK] Seq=294134 Ack=141 Win=65024 Len=1448 TSval=2916037093 TSecr=3045556867 [TCP segment of a reassembled PDU]"
"33353","33.013073548","192.168.1.55","192.168.1.2","TCP","1514","8004  >  36140 [ACK] Seq=295582 Ack=141 Win=65024 Len=1448 TSval=2916037093 TSecr=3045556867 [TCP segment of a reassembled PDU]"
"33354","33.013074937","192.168.1.55","192.168.1.2","TCP","1514","8004  >  36140 [ACK] Seq=297030 Ack=141 Win=65024 Len=1448 TSval=2916037093 TSecr=3045556867 [TCP segment of a reassembled PDU]"
"33355","33.013076307","192.168.1.55","192.168.1.2","TCP","1514","8004  >  36140 [ACK] Seq=298478 Ack=141 Win=65024 Len=1448 TSval=2916037093 TSecr=3045556867 [TCP segment of a reassembled PDU]"
"33356","33.013077659","192.168.1.55","192.168.1.2","TCP","1514","8004  >  36140 [ACK] Seq=299926 Ack=141 Win=65024 Len=1448 TSval=2916037093 TSecr=3045556867 [TCP segment of a reassembled PDU]"
"33357","33.013079029","192.168.1.55","192.168.1.2","TCP","1514","8004  >  36140 [ACK] Seq=301374 Ack=141 Win=65024 Len=1448 TSval=2916037093 TSecr=3045556867 [TCP segment of a reassembled PDU]"
"33358","33.013080474","192.168.1.55","192.168.1.2","TCP","1514","8004  >  36140 [ACK] Seq=302822 Ack=141 Win=65024 Len=1448 TSval=2916037093 TSecr=3045556867 [TCP segment of a reassembled PDU]"
"33359","33.013081770","192.168.1.55","192.168.1.2","TCP","1138","[TCP Window Full] 8004  >  36140 [PSH, ACK] Seq=304270 Ack=141 Win=65024 Len=1072 TSval=2916037093 TSecr=3045556867 [TCP segment of a reassembled PDU]"
"33360","33.018496723","192.168.1.2","192.168.1.55","TCP","66","36140  >  8004 [ACK] Seq=141 Ack=186982 Win=122880 Len=0 TSval=3045556868 TSecr=2916037091"
"33361","33.018508982","192.168.1.55","192.168.1.2","TCP","1514","8004  >  36140 [ACK] Seq=305342 Ack=141 Win=65024 Len=1448 TSval=2916037099 TSecr=3045556868 [TCP segment of a reassembled PDU]"
"33362","33.018511741","192.168.1.55","192.168.1.2","TCP","1514","8004  >  36140 [ACK] Seq=306790 Ack=141 Win=65024 Len=1448 TSval=2916037099 TSecr=3045556868 [TCP segment of a reassembled PDU]"
"33363","33.018513001","192.168.1.55","192.168.1.2","TCP","1514","8004  >  36140 [PSH, ACK] Seq=308238 Ack=141 Win=65024 Len=1448 TSval=2916037099 TSecr=3045556868 [TCP segment of a reassembled PDU]"
"33364","33.018756742","192.168.1.2","192.168.1.55","TCP","66","36140  >  8004 [ACK] Seq=141 Ack=189878 Win=129024 Len=0 TSval=3045556868 TSecr=2916037091"
"33365","33.018763946","192.168.1.2","192.168.1.55","TCP","66","36140  >  8004 [ACK] Seq=141 Ack=191326 Win=132096 Len=0 TSval=3045556874 TSecr=2916037091"
"33366","33.018768760","192.168.1.2","192.168.1.55","TCP","66","36140  >  8004 [ACK] Seq=141 Ack=201462 Win=134144 Len=0 TSval=3045556874 TSecr=2916037092"
"33367","33.019440373","192.168.1.2","192.168.1.55","TCP","66","36140  >  8004 [ACK] Seq=141 Ack=237662 Win=118784 Len=0 TSval=3045556874 TSecr=2916037092"
"33368","33.019466150","192.168.1.55","192.168.1.2","TCP","1514","8004  >  36140 [ACK] Seq=309686 Ack=141 Win=65024 Len=1448 TSval=2916037100 TSecr=3045556874 [TCP segment of a reassembled PDU]"
"33369","33.019468576","192.168.1.55","192.168.1.2","TCP","1514","8004  >  36140 [ACK] Seq=311134 Ack=141 Win=65024 Len=1448 TSval=2916037100 TSecr=3045556874 [TCP segment of a reassembled PDU]"
"33370","33.019469854","192.168.1.55","192.168.1.2","TCP","1514","8004  >  36140 [ACK] Seq=312582 Ack=141 Win=65024 Len=1448 TSval=2916037100 TSecr=3045556874 [TCP segment of a reassembled PDU]"
"33371","33.019471132","192.168.1.55","192.168.1.2","TCP","1514","8004  >  36140 [ACK] Seq=314030 Ack=141 Win=65024 Len=1448 TSval=2916037100 TSecr=3045556874 [TCP segment of a reassembled PDU]"
"33372","33.019472465","192.168.1.55","192.168.1.2","TCP","1514","8004  >  36140 [ACK] Seq=315478 Ack=141 Win=65024 Len=1448 TSval=2916037100 TSecr=3045556874 [TCP segment of a reassembled PDU]"
"33373","33.019473928","192.168.1.55","192.168.1.2","TCP","1514","8004  >  36140 [ACK] Seq=316926 Ack=141 Win=65024 Len=1448 TSval=2916037100 TSecr=3045556874 [TCP segment of a reassembled PDU]"
"33374","33.019475224","192.168.1.55","192.168.1.2","TCP","1514","8004  >  36140 [ACK] Seq=318374 Ack=141 Win=65024 Len=1448 TSval=2916037100 TSecr=3045556874 [TCP segment of a reassembled PDU]"
"33375","33.019476539","192.168.1.55","192.168.1.2","TCP","1514","8004  >  36140 [ACK] Seq=319822 Ack=141 Win=65024 Len=1448 TSval=2916037100 TSecr=3045556874 [TCP segment of a reassembled PDU]"
"33376","33.019477947","192.168.1.55","192.168.1.2","TCP","1514","8004  >  36140 [ACK] Seq=321270 Ack=141 Win=65024 Len=1448 TSval=2916037100 TSecr=3045556874 [TCP segment of a reassembled PDU]"
"33377","33.019479262","192.168.1.55","192.168.1.2","TCP","1514","8004  >  36140 [ACK] Seq=322718 Ack=141 Win=65024 Len=1448 TSval=2916037100 TSecr=3045556874 [TCP segment of a reassembled PDU]"
"33378","33.019480762","192.168.1.55","192.168.1.2","TCP","1514","8004  >  36140 [ACK] Seq=324166 Ack=141 Win=65024 Len=1448 TSval=2916037100 TSecr=3045556874 [TCP segment of a reassembled PDU]"
"33379","33.019482262","192.168.1.55","192.168.1.2","TCP","1514","8004  >  36140 [ACK] Seq=325614 Ack=141 Win=65024 Len=1448 TSval=2916037100 TSecr=3045556874 [TCP segment of a reassembled PDU]"
"33380","33.019483558","192.168.1.55","192.168.1.2","TCP","1514","8004  >  36140 [ACK] Seq=327062 Ack=141 Win=65024 Len=1448 TSval=2916037100 TSecr=3045556874 [TCP segment of a reassembled PDU]"
"33381","33.019484984","192.168.1.55","192.168.1.2","TCP","1514","8004  >  36140 [ACK] Seq=328510 Ack=141 Win=65024 Len=1448 TSval=2916037100 TSecr=3045556874 [TCP segment of a reassembled PDU]"
"33382","33.019486854","192.168.1.55","192.168.1.2","TCP","1514","8004  >  36140 [ACK] Seq=329958 Ack=141 Win=65024 Len=1448 TSval=2916037100 TSecr=3045556874 [TCP segment of a reassembled PDU]"
"33383","33.019488150","192.168.1.55","192.168.1.2","TCP","1514","8004  >  36140 [ACK] Seq=331406 Ack=141 Win=65024 Len=1448 TSval=2916037100 TSecr=3045556874 [TCP segment of a reassembled PDU]"
"33384","33.019489539","192.168.1.55","192.168.1.2","TCP","1514","8004  >  36140 [ACK] Seq=332854 Ack=141 Win=65024 Len=1448 TSval=2916037100 TSecr=3045556874 [TCP segment of a reassembled PDU]"
"33385","33.019490928","192.168.1.55","192.168.1.2","TCP","1514","8004  >  36140 [ACK] Seq=334302 Ack=141 Win=65024 Len=1448 TSval=2916037100 TSecr=3045556874 [TCP segment of a reassembled PDU]"
"33386","33.019492539","192.168.1.55","192.168.1.2","TCP","1514","8004  >  36140 [ACK] Seq=335750 Ack=141 Win=65024 Len=1448 TSval=2916037100 TSecr=3045556874 [TCP segment of a reassembled PDU]"
"33387","33.019493817","192.168.1.55","192.168.1.2","TCP","1514","8004  >  36140 [ACK] Seq=337198 Ack=141 Win=65024 Len=1448 TSval=2916037100 TSecr=3045556874 [TCP segment of a reassembled PDU]"
"33388","33.019495095","192.168.1.55","192.168.1.2","TCP","1514","8004  >  36140 [PSH, ACK] Seq=338646 Ack=141 Win=65024 Len=1448 TSval=2916037100 TSecr=3045556874 [TCP segment of a reassembled PDU]"
"33389","33.019501132","192.168.1.55","192.168.1.2","TCP","442","8004  >  36140 [ACK] Seq=340094 Ack=141 Win=65024 Len=376 TSval=2916037100 TSecr=3045556874 [TCP segment of a reassembled PDU]"
"33390","33.019562706","192.168.1.2","192.168.1.55","TCP","66","36140  >  8004 [ACK] Seq=141 Ack=247798 Win=144384 Len=0 TSval=3045556874 TSecr=2916037092"
"33391","33.019598799","192.168.1.55","192.168.1.2","TCP","1514","8004  >  36140 [ACK] Seq=340470 Ack=141 Win=65024 Len=1448 TSval=2916037100 TSecr=3045556874 [TCP segment of a reassembled PDU]"
"33392","33.019600725","192.168.1.55","192.168.1.2","TCP","1514","8004  >  36140 [ACK] Seq=341918 Ack=141 Win=65024 Len=1448 TSval=2916037100 TSecr=3045556874 [TCP segment of a reassembled PDU]"
"33393","33.019602521","192.168.1.55","192.168.1.2","TCP","1514","8004  >  36140 [ACK] Seq=343366 Ack=141 Win=65024 Len=1448 TSval=2916037100 TSecr=3045556874 [TCP segment of a reassembled PDU]"
"33394","33.019604021","192.168.1.55","192.168.1.2","TCP","1514","8004  >  36140 [ACK] Seq=344814 Ack=141 Win=65024 Len=1448 TSval=2916037100 TSecr=3045556874 [TCP segment of a reassembled PDU]"
"33395","33.019605428","192.168.1.55","192.168.1.2","TCP","1514","8004  >  36140 [ACK] Seq=346262 Ack=141 Win=65024 Len=1448 TSval=2916037100 TSecr=3045556874 [TCP segment of a reassembled PDU]"
"33396","33.019606836","192.168.1.55","192.168.1.2","TCP","1514","8004  >  36140 [ACK] Seq=347710 Ack=141 Win=65024 Len=1448 TSval=2916037100 TSecr=3045556874 [TCP segment of a reassembled PDU]"
"33397","33.019608391","192.168.1.55","192.168.1.2","TCP","1514","8004  >  36140 [ACK] Seq=349158 Ack=141 Win=65024 Len=1448 TSval=2916037100 TSecr=3045556874 [TCP segment of a reassembled PDU]"
"33398","33.019610021","192.168.1.55","192.168.1.2","TCP","1514","8004  >  36140 [ACK] Seq=350606 Ack=141 Win=65024 Len=1448 TSval=2916037100 TSecr=3045556874 [TCP segment of a reassembled PDU]"
"33399","33.019611410","192.168.1.55","192.168.1.2","TCP","1514","8004  >  36140 [ACK] Seq=352054 Ack=141 Win=65024 Len=1448 TSval=2916037100 TSecr=3045556874 [TCP segment of a reassembled PDU]"
"33400","33.019612836","192.168.1.55","192.168.1.2","TCP","1514","8004  >  36140 [ACK] Seq=353502 Ack=141 Win=65024 Len=1448 TSval=2916037100 TSecr=3045556874 [TCP segment of a reassembled PDU]"
"33401","33.019614151","192.168.1.55","192.168.1.2","TCP","1514","8004  >  36140 [ACK] Seq=354950 Ack=141 Win=65024 Len=1448 TSval=2916037100 TSecr=3045556874 [TCP segment of a reassembled PDU]"
"33402","33.019615558","192.168.1.55","192.168.1.2","TCP","1514","8004  >  36140 [ACK] Seq=356398 Ack=141 Win=65024 Len=1448 TSval=2916037100 TSecr=3045556874 [TCP segment of a reassembled PDU]"
"33403","33.019617002","192.168.1.55","192.168.1.2","TCP","1514","8004  >  36140 [ACK] Seq=357846 Ack=141 Win=65024 Len=1448 TSval=2916037100 TSecr=3045556874 [TCP segment of a reassembled PDU]"
"33404","33.019618410","192.168.1.55","192.168.1.2","TCP","1514","8004  >  36140 [ACK] Seq=359294 Ack=141 Win=65024 Len=1448 TSval=2916037100 TSecr=3045556874 [TCP segment of a reassembled PDU]"
"33405","33.019620114","192.168.1.55","192.168.1.2","TCP","1514","8004  >  36140 [ACK] Seq=360742 Ack=141 Win=65024 Len=1448 TSval=2916037100 TSecr=3045556874 [TCP segment of a reassembled PDU]"
"33406","33.019621428","192.168.1.55","192.168.1.2","TCP","1514","8004  >  36140 [ACK] Seq=362190 Ack=141 Win=65024 Len=1448 TSval=2916037100 TSecr=3045556874 [TCP segment of a reassembled PDU]"
"33407","33.019622725","192.168.1.55","192.168.1.2","TCP","1514","8004  >  36140 [ACK] Seq=363638 Ack=141 Win=65024 Len=1448 TSval=2916037100 TSecr=3045556874 [TCP segment of a reassembled PDU]"
"33408","33.019624114","192.168.1.55","192.168.1.2","TCP","1514","8004  >  36140 [ACK] Seq=365086 Ack=141 Win=65024 Len=1448 TSval=2916037100 TSecr=3045556874 [TCP segment of a reassembled PDU]"
"33409","33.019625521","192.168.1.55","192.168.1.2","TCP","1514","8004  >  36140 [ACK] Seq=366534 Ack=141 Win=65024 Len=1448 TSval=2916037100 TSecr=3045556874 [TCP segment of a reassembled PDU]"
"33410","33.019626854","192.168.1.55","192.168.1.2","TCP","1514","8004  >  36140 [ACK] Seq=367982 Ack=141 Win=65024 Len=1448 TSval=2916037100 TSecr=3045556874 [TCP segment of a reassembled PDU]"
"33411","33.019628428","192.168.1.55","192.168.1.2","TCP","1514","8004  >  36140 [ACK] Seq=369430 Ack=141 Win=65024 Len=1448 TSval=2916037100 TSecr=3045556874 [TCP segment of a reassembled PDU]"
"33412","33.019629725","192.168.1.55","192.168.1.2","TCP","1514","8004  >  36140 [ACK] Seq=370878 Ack=141 Win=65024 Len=1448 TSval=2916037100 TSecr=3045556874 [TCP segment of a reassembled PDU]"
"33413","33.019631151","192.168.1.55","192.168.1.2","TCP","1514","8004  >  36140 [ACK] Seq=372326 Ack=141 Win=65024 Len=1448 TSval=2916037100 TSecr=3045556874 [TCP segment of a reassembled PDU]"
"33414","33.019632521","192.168.1.55","192.168.1.2","TCP","1514","8004  >  36140 [ACK] Seq=373774 Ack=141 Win=65024 Len=1448 TSval=2916037100 TSecr=3045556874 [TCP segment of a reassembled PDU]"
"33415","33.019634817","192.168.1.55","192.168.1.2","TCP","1514","8004  >  36140 [ACK] Seq=375222 Ack=141 Win=65024 Len=1448 TSval=2916037100 TSecr=3045556874 [TCP segment of a reassembled PDU]"
"33416","33.019636206","192.168.1.55","192.168.1.2","TCP","1514","8004  >  36140 [ACK] Seq=376670 Ack=141 Win=65024 Len=1448 TSval=2916037100 TSecr=3045556874 [TCP segment of a reassembled PDU]"
"33417","33.019637577","192.168.1.55","192.168.1.2","TCP","1514","8004  >  36140 [ACK] Seq=378118 Ack=141 Win=65024 Len=1448 TSval=2916037100 TSecr=3045556874 [TCP segment of a reassembled PDU]"
"33418","33.019639021","192.168.1.55","192.168.1.2","TCP","1514","8004  >  36140 [ACK] Seq=379566 Ack=141 Win=65024 Len=1448 TSval=2916037100 TSecr=3045556874 [TCP segment of a reassembled PDU]"
"33419","33.019640410","192.168.1.55","192.168.1.2","TCP","1514","8004  >  36140 [ACK] Seq=381014 Ack=141 Win=65024 Len=1448 TSval=2916037100 TSecr=3045556874 [TCP segment of a reassembled PDU]"
"33420","33.019641743","192.168.1.55","192.168.1.2","TCP","1514","8004  >  36140 [ACK] Seq=382462 Ack=141 Win=65024 Len=1448 TSval=2916037100 TSecr=3045556874 [TCP segment of a reassembled PDU]"
"33421","33.019643095","192.168.1.55","192.168.1.2","TCP","1514","8004  >  36140 [ACK] Seq=383910 Ack=141 Win=65024 Len=1448 TSval=2916037100 TSecr=3045556874 [TCP segment of a reassembled PDU]"
"33422","33.019644428","192.168.1.55","192.168.1.2","TCP","1514","8004  >  36140 [PSH, ACK] Seq=385358 Ack=141 Win=65024 Len=1448 TSval=2916037100 TSecr=3045556874 [TCP segment of a reassembled PDU]"
"33423","33.019649706","192.168.1.2","192.168.1.55","TCP","66","36140  >  8004 [ACK] Seq=141 Ack=294134 Win=99328 Len=0 TSval=3045556874 TSecr=2916037093"
"33424","33.019657003","192.168.1.2","192.168.1.55","TCP","66","36140  >  8004 [ACK] Seq=141 Ack=298478 Win=95232 Len=0 TSval=3045556874 TSecr=2916037093"
"33425","33.020851078","192.168.1.2","192.168.1.55","TCP","66","36140  >  8004 [ACK] Seq=141 Ack=305342 Win=145408 Len=0 TSval=3045556875 TSecr=2916037093"
"33426","33.020889986","192.168.1.55","192.168.1.2","TCP","1514","8004  >  36140 [ACK] Seq=386806 Ack=141 Win=65024 Len=1448 TSval=2916037101 TSecr=3045556875 [TCP segment of a reassembled PDU]"
"33427","33.020891782","192.168.1.55","192.168.1.2","TCP","1514","8004  >  36140 [ACK] Seq=388254 Ack=141 Win=65024 Len=1448 TSval=2916037101 TSecr=3045556875 [TCP segment of a reassembled PDU]"
"33428","33.020893079","192.168.1.55","192.168.1.2","TCP","1514","8004  >  36140 [ACK] Seq=389702 Ack=141 Win=65024 Len=1448 TSval=2916037101 TSecr=3045556875 [TCP segment of a reassembled PDU]"
"33429","33.020894449","192.168.1.55","192.168.1.2","TCP","1514","8004  >  36140 [ACK] Seq=391150 Ack=141 Win=65024 Len=1448 TSval=2916037101 TSecr=3045556875 [TCP segment of a reassembled PDU]"
"33430","33.020895856","192.168.1.55","192.168.1.2","TCP","1514","8004  >  36140 [ACK] Seq=392598 Ack=141 Win=65024 Len=1448 TSval=2916037101 TSecr=3045556875 [TCP segment of a reassembled PDU]"
"33431","33.020897264","192.168.1.55","192.168.1.2","TCP","1514","8004  >  36140 [ACK] Seq=394046 Ack=141 Win=65024 Len=1448 TSval=2916037101 TSecr=3045556875 [TCP segment of a reassembled PDU]"
"33432","33.020898708","192.168.1.55","192.168.1.2","TCP","1514","8004  >  36140 [ACK] Seq=395494 Ack=141 Win=65024 Len=1448 TSval=2916037101 TSecr=3045556875 [TCP segment of a reassembled PDU]"
"33433","33.020900079","192.168.1.55","192.168.1.2","TCP","1514","8004  >  36140 [ACK] Seq=396942 Ack=141 Win=65024 Len=1448 TSval=2916037101 TSecr=3045556875 [TCP segment of a reassembled PDU]"
"33434","33.020901486","192.168.1.55","192.168.1.2","TCP","1514","8004  >  36140 [ACK] Seq=398390 Ack=141 Win=65024 Len=1448 TSval=2916037101 TSecr=3045556875 [TCP segment of a reassembled PDU]"
"33435","33.020902838","192.168.1.55","192.168.1.2","TCP","1514","8004  >  36140 [ACK] Seq=399838 Ack=141 Win=65024 Len=1448 TSval=2916037101 TSecr=3045556875 [TCP segment of a reassembled PDU]"
"33436","33.020904282","192.168.1.55","192.168.1.2","TCP","1514","8004  >  36140 [ACK] Seq=401286 Ack=141 Win=65024 Len=1448 TSval=2916037101 TSecr=3045556875 [TCP segment of a reassembled PDU]"
"33437","33.020905597","192.168.1.55","192.168.1.2","TCP","1514","8004  >  36140 [ACK] Seq=402734 Ack=141 Win=65024 Len=1448 TSval=2916037101 TSecr=3045556875 [TCP segment of a reassembled PDU]"
"33438","33.020907060","192.168.1.55","192.168.1.2","TCP","1514","8004  >  36140 [ACK] Seq=404182 Ack=141 Win=65024 Len=1448 TSval=2916037101 TSecr=3045556875 [TCP segment of a reassembled PDU]"
"33439","33.020908745","192.168.1.55","192.168.1.2","TCP","1514","8004  >  36140 [ACK] Seq=405630 Ack=141 Win=65024 Len=1448 TSval=2916037101 TSecr=3045556875 [TCP segment of a reassembled PDU]"
"33440","33.020910245","192.168.1.55","192.168.1.2","TCP","1514","8004  >  36140 [ACK] Seq=407078 Ack=141 Win=65024 Len=1448 TSval=2916037101 TSecr=3045556875 [TCP segment of a reassembled PDU]"
"33441","33.020911560","192.168.1.55","192.168.1.2","TCP","1514","8004  >  36140 [ACK] Seq=408526 Ack=141 Win=65024 Len=1448 TSval=2916037101 TSecr=3045556875 [TCP segment of a reassembled PDU]"
"33442","33.020912856","192.168.1.55","192.168.1.2","TCP","1514","8004  >  36140 [ACK] Seq=409974 Ack=141 Win=65024 Len=1448 TSval=2916037101 TSecr=3045556875 [TCP segment of a reassembled PDU]"
"33443","33.020914319","192.168.1.55","192.168.1.2","TCP","1514","8004  >  36140 [ACK] Seq=411422 Ack=141 Win=65024 Len=1448 TSval=2916037101 TSecr=3045556875 [TCP segment of a reassembled PDU]"
"33444","33.020915727","192.168.1.55","192.168.1.2","TCP","1514","8004  >  36140 [ACK] Seq=412870 Ack=141 Win=65024 Len=1448 TSval=2916037101 TSecr=3045556875 [TCP segment of a reassembled PDU]"
"33445","33.020917171","192.168.1.55","192.168.1.2","TCP","1514","8004  >  36140 [ACK] Seq=414318 Ack=141 Win=65024 Len=1448 TSval=2916037101 TSecr=3045556875 [TCP segment of a reassembled PDU]"
"33446","33.020918653","192.168.1.55","192.168.1.2","TCP","1514","8004  >  36140 [ACK] Seq=415766 Ack=141 Win=65024 Len=1448 TSval=2916037101 TSecr=3045556875 [TCP segment of a reassembled PDU]"
"33447","33.020920079","192.168.1.55","192.168.1.2","TCP","1514","8004  >  36140 [ACK] Seq=417214 Ack=141 Win=65024 Len=1448 TSval=2916037101 TSecr=3045556875 [TCP segment of a reassembled PDU]"
"33448","33.020921430","192.168.1.55","192.168.1.2","TCP","1514","8004  >  36140 [ACK] Seq=418662 Ack=141 Win=65024 Len=1448 TSval=2916037101 TSecr=3045556875 [TCP segment of a reassembled PDU]"
"33449","33.020922838","192.168.1.55","192.168.1.2","TCP","1514","8004  >  36140 [ACK] Seq=420110 Ack=141 Win=65024 Len=1448 TSval=2916037101 TSecr=3045556875 [TCP segment of a reassembled PDU]"
"33450","33.020924134","192.168.1.55","192.168.1.2","TCP","1514","8004  >  36140 [ACK] Seq=421558 Ack=141 Win=65024 Len=1448 TSval=2916037101 TSecr=3045556875 [TCP segment of a reassembled PDU]"
"33451","33.020925486","192.168.1.55","192.168.1.2","TCP","1514","8004  >  36140 [ACK] Seq=423006 Ack=141 Win=65024 Len=1448 TSval=2916037101 TSecr=3045556875 [TCP segment of a reassembled PDU]"
"33452","33.020926893","192.168.1.55","192.168.1.2","TCP","1514","8004  >  36140 [ACK] Seq=424454 Ack=141 Win=65024 Len=1448 TSval=2916037101 TSecr=3045556875 [TCP segment of a reassembled PDU]"
"33453","33.020928282","192.168.1.55","192.168.1.2","TCP","1514","8004  >  36140 [ACK] Seq=425902 Ack=141 Win=65024 Len=1448 TSval=2916037101 TSecr=3045556875 [TCP segment of a reassembled PDU]"
"33454","33.020930023","192.168.1.55","192.168.1.2","TCP","1514","8004  >  36140 [ACK] Seq=427350 Ack=141 Win=65024 Len=1448 TSval=2916037101 TSecr=3045556875 [TCP segment of a reassembled PDU]"
"33455","33.020931375","192.168.1.55","192.168.1.2","TCP","1514","8004  >  36140 [ACK] Seq=428798 Ack=141 Win=65024 Len=1448 TSval=2916037101 TSecr=3045556875 [TCP segment of a reassembled PDU]"
"33456","33.020932801","192.168.1.55","192.168.1.2","TCP","1514","8004  >  36140 [ACK] Seq=430246 Ack=141 Win=65024 Len=1448 TSval=2916037101 TSecr=3045556875 [TCP segment of a reassembled PDU]"
"33457","33.020934227","192.168.1.55","192.168.1.2","TCP","1514","8004  >  36140 [PSH, ACK] Seq=431694 Ack=141 Win=65024 Len=1448 TSval=2916037101 TSecr=3045556875 [TCP segment of a reassembled PDU]"
"33458","33.020955542","192.168.1.55","192.168.1.2","TCP","1514","8004  >  36140 [ACK] Seq=433142 Ack=141 Win=65024 Len=1448 TSval=2916037101 TSecr=3045556875 [TCP segment of a reassembled PDU]"
"33459","33.020957449","192.168.1.55","192.168.1.2","TCP","1514","8004  >  36140 [ACK] Seq=434590 Ack=141 Win=65024 Len=1448 TSval=2916037101 TSecr=3045556875 [TCP segment of a reassembled PDU]"
"33460","33.020958819","192.168.1.55","192.168.1.2","TCP","1514","8004  >  36140 [ACK] Seq=436038 Ack=141 Win=65024 Len=1448 TSval=2916037101 TSecr=3045556875 [TCP segment of a reassembled PDU]"
"33461","33.020960116","192.168.1.55","192.168.1.2","TCP","1514","8004  >  36140 [ACK] Seq=437486 Ack=141 Win=65024 Len=1448 TSval=2916037101 TSecr=3045556875 [TCP segment of a reassembled PDU]"
"33462","33.020961505","192.168.1.55","192.168.1.2","TCP","1514","8004  >  36140 [ACK] Seq=438934 Ack=141 Win=65024 Len=1448 TSval=2916037101 TSecr=3045556875 [TCP segment of a reassembled PDU]"
"33463","33.020962801","192.168.1.55","192.168.1.2","TCP","1514","8004  >  36140 [ACK] Seq=440382 Ack=141 Win=65024 Len=1448 TSval=2916037101 TSecr=3045556875 [TCP segment of a reassembled PDU]"
"33464","33.020964171","192.168.1.55","192.168.1.2","TCP","1514","8004  >  36140 [ACK] Seq=441830 Ack=141 Win=65024 Len=1448 TSval=2916037101 TSecr=3045556875 [TCP segment of a reassembled PDU]"
"33465","33.020965431","192.168.1.55","192.168.1.2","TCP","1514","8004  >  36140 [ACK] Seq=443278 Ack=141 Win=65024 Len=1448 TSval=2916037101 TSecr=3045556875 [TCP segment of a reassembled PDU]"
"33466","33.020966745","192.168.1.55","192.168.1.2","TCP","1514","8004  >  36140 [ACK] Seq=444726 Ack=141 Win=65024 Len=1448 TSval=2916037101 TSecr=3045556875 [TCP segment of a reassembled PDU]"
"33467","33.020968671","192.168.1.55","192.168.1.2","TCP","1514","8004  >  36140 [ACK] Seq=446174 Ack=141 Win=65024 Len=1448 TSval=2916037101 TSecr=3045556875 [TCP segment of a reassembled PDU]"
"33468","33.020969986","192.168.1.55","192.168.1.2","TCP","1514","8004  >  36140 [ACK] Seq=447622 Ack=141 Win=65024 Len=1448 TSval=2916037101 TSecr=3045556875 [TCP segment of a reassembled PDU]"
"33469","33.020971431","192.168.1.55","192.168.1.2","TCP","1514","8004  >  36140 [PSH, ACK] Seq=449070 Ack=141 Win=65024 Len=1448 TSval=2916037101 TSecr=3045556875 [TCP segment of a reassembled PDU]"
"33470","33.029177721","192.168.1.2","192.168.1.55","TCP","66","36140  >  8004 [ACK] Seq=141 Ack=309686 Win=147456 Len=0 TSval=3045556881 TSecr=2916037099"
"33471","33.029189425","192.168.1.55","192.168.1.2","TCP","1514","8004  >  36140 [ACK] Seq=450518 Ack=141 Win=65024 Len=1448 TSval=2916037109 TSecr=3045556881 [TCP segment of a reassembled PDU]"
"33472","33.029191888","192.168.1.55","192.168.1.2","TCP","1514","8004  >  36140 [ACK] Seq=451966 Ack=141 Win=65024 Len=1448 TSval=2916037109 TSecr=3045556881 [TCP segment of a reassembled PDU]"
"33473","33.029193277","192.168.1.55","192.168.1.2","TCP","1514","8004  >  36140 [ACK] Seq=453414 Ack=141 Win=65024 Len=1448 TSval=2916037109 TSecr=3045556881 [TCP segment of a reassembled PDU]"
"33474","33.029194647","192.168.1.55","192.168.1.2","TCP","1514","8004  >  36140 [PSH, ACK] Seq=454862 Ack=141 Win=65024 Len=1448 TSval=2916037109 TSecr=3045556881 [TCP segment of a reassembled PDU]"
"33475","33.029480018","192.168.1.2","192.168.1.55","TCP","66","36140  >  8004 [ACK] Seq=141 Ack=340094 Win=146432 Len=0 TSval=3045556881 TSecr=2916037100"
"33476","33.029503259","192.168.1.55","192.168.1.2","TCP","1514","8004  >  36140 [ACK] Seq=456310 Ack=141 Win=65024 Len=1448 TSval=2916037110 TSecr=3045556881 [TCP segment of a reassembled PDU]"
"33477","33.029505722","192.168.1.55","192.168.1.2","TCP","1514","8004  >  36140 [ACK] Seq=457758 Ack=141 Win=65024 Len=1448 TSval=2916037110 TSecr=3045556881 [TCP segment of a reassembled PDU]"
"33478","33.029507129","192.168.1.55","192.168.1.2","TCP","1514","8004  >  36140 [ACK] Seq=459206 Ack=141 Win=65024 Len=1448 TSval=2916037110 TSecr=3045556881 [TCP segment of a reassembled PDU]"
"33479","33.029508574","192.168.1.55","192.168.1.2","TCP","1514","8004  >  36140 [ACK] Seq=460654 Ack=141 Win=65024 Len=1448 TSval=2916037110 TSecr=3045556881 [TCP segment of a reassembled PDU]"
"33480","33.029509889","192.168.1.55","192.168.1.2","TCP","1514","8004  >  36140 [ACK] Seq=462102 Ack=141 Win=65024 Len=1448 TSval=2916037110 TSecr=3045556881 [TCP segment of a reassembled PDU]"
"33481","33.029511592","192.168.1.55","192.168.1.2","TCP","1514","8004  >  36140 [ACK] Seq=463550 Ack=141 Win=65024 Len=1448 TSval=2916037110 TSecr=3045556881 [TCP segment of a reassembled PDU]"
"33482","33.029513055","192.168.1.55","192.168.1.2","TCP","1514","8004  >  36140 [ACK] Seq=464998 Ack=141 Win=65024 Len=1448 TSval=2916037110 TSecr=3045556881 [TCP segment of a reassembled PDU]"
"33483","33.029514333","192.168.1.55","192.168.1.2","TCP","1514","8004  >  36140 [ACK] Seq=466446 Ack=141 Win=65024 Len=1448 TSval=2916037110 TSecr=3045556881 [TCP segment of a reassembled PDU]"
"33484","33.029515740","192.168.1.55","192.168.1.2","TCP","1514","8004  >  36140 [ACK] Seq=467894 Ack=141 Win=65024 Len=1448 TSval=2916037110 TSecr=3045556881 [TCP segment of a reassembled PDU]"
"33485","33.029517111","192.168.1.55","192.168.1.2","TCP","1514","8004  >  36140 [ACK] Seq=469342 Ack=141 Win=65024 Len=1448 TSval=2916037110 TSecr=3045556881 [TCP segment of a reassembled PDU]"
"33486","33.029518389","192.168.1.55","192.168.1.2","TCP","1514","8004  >  36140 [ACK] Seq=470790 Ack=141 Win=65024 Len=1448 TSval=2916037110 TSecr=3045556881 [TCP segment of a reassembled PDU]"
"33487","33.029520055","192.168.1.55","192.168.1.2","TCP","1514","8004  >  36140 [ACK] Seq=472238 Ack=141 Win=65024 Len=1448 TSval=2916037110 TSecr=3045556881 [TCP segment of a reassembled PDU]"
"33488","33.029521314","192.168.1.55","192.168.1.2","TCP","1514","8004  >  36140 [ACK] Seq=473686 Ack=141 Win=65024 Len=1448 TSval=2916037110 TSecr=3045556881 [TCP segment of a reassembled PDU]"
"33489","33.029522574","192.168.1.55","192.168.1.2","TCP","1514","8004  >  36140 [ACK] Seq=475134 Ack=141 Win=65024 Len=1448 TSval=2916037110 TSecr=3045556881 [TCP segment of a reassembled PDU]"
"33490","33.029523944","192.168.1.55","192.168.1.2","TCP","1514","8004  >  36140 [ACK] Seq=476582 Ack=141 Win=65024 Len=1448 TSval=2916037110 TSecr=3045556881 [TCP segment of a reassembled PDU]"
"33491","33.029525259","192.168.1.55","192.168.1.2","TCP","1514","8004  >  36140 [PSH, ACK] Seq=478030 Ack=141 Win=65024 Len=1448 TSval=2916037110 TSecr=3045556881 [TCP segment of a reassembled PDU]"
"33492","33.029530240","192.168.1.2","192.168.1.55","TCP","66","36140  >  8004 [ACK] Seq=141 Ack=340470 Win=150528 Len=0 TSval=3045556882 TSecr=2916037100"
"33493","33.029536185","192.168.1.2","192.168.1.55","TCP","66","36140  >  8004 [ACK] Seq=141 Ack=386806 Win=131072 Len=0 TSval=3045556882 TSecr=2916037100"
"33494","33.029555648","192.168.1.55","192.168.1.2","TCP","1514","8004  >  36140 [ACK] Seq=479478 Ack=141 Win=65024 Len=1448 TSval=2916037110 TSecr=3045556882 [TCP segment of a reassembled PDU]"
"33495","33.029557333","192.168.1.55","192.168.1.2","TCP","1514","8004  >  36140 [ACK] Seq=480926 Ack=141 Win=65024 Len=1448 TSval=2916037110 TSecr=3045556882 [TCP segment of a reassembled PDU]"
"33496","33.029559055","192.168.1.55","192.168.1.2","TCP","1514","8004  >  36140 [ACK] Seq=482374 Ack=141 Win=65024 Len=1448 TSval=2916037110 TSecr=3045556882 [TCP segment of a reassembled PDU]"
"33497","33.029560796","192.168.1.55","192.168.1.2","TCP","1514","8004  >  36140 [ACK] Seq=483822 Ack=141 Win=65024 Len=1448 TSval=2916037110 TSecr=3045556882 [TCP segment of a reassembled PDU]"
"33498","33.029562092","192.168.1.55","192.168.1.2","TCP","1514","8004  >  36140 [ACK] Seq=485270 Ack=141 Win=65024 Len=1448 TSval=2916037110 TSecr=3045556882 [TCP segment of a reassembled PDU]"
"33499","33.029563463","192.168.1.55","192.168.1.2","TCP","1514","8004  >  36140 [ACK] Seq=486718 Ack=141 Win=65024 Len=1448 TSval=2916037110 TSecr=3045556882 [TCP segment of a reassembled PDU]"
"33500","33.029564778","192.168.1.55","192.168.1.2","TCP","1514","8004  >  36140 [ACK] Seq=488166 Ack=141 Win=65024 Len=1448 TSval=2916037110 TSecr=3045556882 [TCP segment of a reassembled PDU]"
"33501","33.029566074","192.168.1.55","192.168.1.2","TCP","1514","8004  >  36140 [ACK] Seq=489614 Ack=141 Win=65024 Len=1448 TSval=2916037110 TSecr=3045556882 [TCP segment of a reassembled PDU]"
"33502","33.029567518","192.168.1.55","192.168.1.2","TCP","1514","8004  >  36140 [ACK] Seq=491062 Ack=141 Win=65024 Len=1448 TSval=2916037110 TSecr=3045556882 [TCP segment of a reassembled PDU]"
"33503","33.029568889","192.168.1.55","192.168.1.2","TCP","1514","8004  >  36140 [ACK] Seq=492510 Ack=141 Win=65024 Len=1448 TSval=2916037110 TSecr=3045556882 [TCP segment of a reassembled PDU]"
"33504","33.029570259","192.168.1.55","192.168.1.2","TCP","1514","8004  >  36140 [ACK] Seq=493958 Ack=141 Win=65024 Len=1448 TSval=2916037110 TSecr=3045556882 [TCP segment of a reassembled PDU]"
"33505","33.029571555","192.168.1.55","192.168.1.2","TCP","1514","8004  >  36140 [ACK] Seq=495406 Ack=141 Win=65024 Len=1448 TSval=2916037110 TSecr=3045556882 [TCP segment of a reassembled PDU]"
"33506","33.029572833","192.168.1.55","192.168.1.2","TCP","1514","8004  >  36140 [ACK] Seq=496854 Ack=141 Win=65024 Len=1448 TSval=2916037110 TSecr=3045556882 [TCP segment of a reassembled PDU]"
"33507","33.029574129","192.168.1.55","192.168.1.2","HTTP","1472","HTTP/1.0 200 OK  (PNG)"
"33508","33.029578370","192.168.1.2","192.168.1.55","TCP","66","36140  >  8004 [ACK] Seq=141 Ack=411422 Win=107520 Len=0 TSval=3045556882 TSecr=2916037101"
"33509","33.029635222","192.168.1.2","192.168.1.55","TCP","66","36140  >  8004 [ACK] Seq=141 Ack=433142 Win=153600 Len=0 TSval=3045556884 TSecr=2916037101"
"33510","33.029642426","192.168.1.2","192.168.1.55","TCP","66","36140  >  8004 [ACK] Seq=141 Ack=441830 Win=153600 Len=0 TSval=3045556884 TSecr=2916037101"
"33511","33.030789187","192.168.1.2","192.168.1.55","TCP","66","36140  >  8004 [ACK] Seq=141 Ack=450518 Win=164864 Len=0 TSval=3045556885 TSecr=2916037101"
"33512","33.033619914","192.168.1.2","192.168.1.55","TCP","66","36140  >  8004 [ACK] Seq=141 Ack=456310 Win=168960 Len=0 TSval=3045556888 TSecr=2916037109"
"33513","33.033748895","192.168.1.2","192.168.1.55","TCP","66","36140  >  8004 [ACK] Seq=141 Ack=479478 Win=168960 Len=0 TSval=3045556888 TSecr=2916037110"
"33514","33.033756192","192.168.1.2","192.168.1.55","TCP","66","36140  >  8004 [ACK] Seq=141 Ack=491062 Win=185344 Len=0 TSval=3045556888 TSecr=2916037110"
"33515","33.034493285","192.168.1.2","192.168.1.55","TCP","66","36140  >  8004 [ACK] Seq=141 Ack=498302 Win=199680 Len=0 TSval=3045556889 TSecr=2916037110"
"33516","33.035938695","192.168.1.2","192.168.1.55","TCP","66","36140  >  8004 [FIN, ACK] Seq=141 Ack=499709 Win=202752 Len=0 TSval=3045556890 TSecr=2916037110"
"33517","33.035950325","192.168.1.55","192.168.1.2","TCP","66","8004  >  36140 [ACK] Seq=499709 Ack=142 Win=65024 Len=0 TSval=2916037116 TSecr=3045556890"
"33518","33.036063529","192.168.1.2","192.168.1.55","TCP","74","36146  >  8004 [SYN] Seq=0 Win=64240 Len=0 MSS=1460 SACK_PERM TSval=3045556891 TSecr=0 WS=1024"
"33519","33.036087547","192.168.1.55","192.168.1.2","TCP","74","8004  >  36146 [SYN, ACK] Seq=0 Ack=1 Win=65160 Len=0 MSS=1460 SACK_PERM TSval=2916037116 TSecr=3045556891 WS=128"
"33520","33.039173830","192.168.1.2","192.168.1.55","TCP","66","36146  >  8004 [ACK] Seq=1 Ack=1 Win=64512 Len=0 TSval=3045556894 TSecr=2916037116"
"33521","33.042363335","192.168.1.2","192.168.1.55","HTTP","209","GET /original_benchmark.png HTTP/1.1 "
"33522","33.042380853","192.168.1.55","192.168.1.2","TCP","66","8004  >  36146 [ACK] Seq=1 Ack=144 Win=65024 Len=0 TSval=2916037123 TSecr=3045556894"
"33523","33.042851650","192.168.1.55","192.168.1.2","TCP","255","8004  >  36146 [PSH, ACK] Seq=1 Ack=144 Win=65024 Len=189 TSval=2916037123 TSecr=3045556894 [TCP segment of a reassembled PDU]"
"33524","33.042942039","192.168.1.55","192.168.1.2","TCP","1514","8004  >  36146 [ACK] Seq=190 Ack=144 Win=65024 Len=1448 TSval=2916037123 TSecr=3045556894 [TCP segment of a reassembled PDU]"
"33525","33.042946891","192.168.1.55","192.168.1.2","TCP","1514","8004  >  36146 [ACK] Seq=1638 Ack=144 Win=65024 Len=1448 TSval=2916037123 TSecr=3045556894 [TCP segment of a reassembled PDU]"
"33526","33.042954873","192.168.1.55","192.168.1.2","TCP","1514","8004  >  36146 [ACK] Seq=3086 Ack=144 Win=65024 Len=1448 TSval=2916037123 TSecr=3045556894 [TCP segment of a reassembled PDU]"
"33527","33.042956706","192.168.1.55","192.168.1.2","TCP","1514","8004  >  36146 [ACK] Seq=4534 Ack=144 Win=65024 Len=1448 TSval=2916037123 TSecr=3045556894 [TCP segment of a reassembled PDU]"
"33528","33.042958188","192.168.1.55","192.168.1.2","TCP","1514","8004  >  36146 [PSH, ACK] Seq=5982 Ack=144 Win=65024 Len=1448 TSval=2916037123 TSecr=3045556894 [TCP segment of a reassembled PDU]"
"33529","33.042975521","192.168.1.55","192.168.1.2","TCP","1514","8004  >  36146 [ACK] Seq=7430 Ack=144 Win=65024 Len=1448 TSval=2916037123 TSecr=3045556894 [TCP segment of a reassembled PDU]"
"33530","33.042977299","192.168.1.55","192.168.1.2","TCP","1514","8004  >  36146 [ACK] Seq=8878 Ack=144 Win=65024 Len=1448 TSval=2916037123 TSecr=3045556894 [TCP segment of a reassembled PDU]"
"33531","33.042978891","192.168.1.55","192.168.1.2","TCP","1514","8004  >  36146 [ACK] Seq=10326 Ack=144 Win=65024 Len=1448 TSval=2916037123 TSecr=3045556894 [TCP segment of a reassembled PDU]"
"33532","33.042980447","192.168.1.55","192.168.1.2","TCP","1514","8004  >  36146 [PSH, ACK] Seq=11774 Ack=144 Win=65024 Len=1448 TSval=2916037123 TSecr=3045556894 [TCP segment of a reassembled PDU]"
"33533","33.046542860","192.168.1.2","192.168.1.55","TCP","66","36146  >  8004 [ACK] Seq=144 Ack=190 Win=64512 Len=0 TSval=3045556901 TSecr=2916037123"
"33534","33.046614879","192.168.1.55","192.168.1.2","TCP","1514","8004  >  36146 [ACK] Seq=13222 Ack=144 Win=65024 Len=1448 TSval=2916037127 TSecr=3045556901 [TCP segment of a reassembled PDU]"
"33535","33.046621138","192.168.1.55","192.168.1.2","TCP","1514","8004  >  36146 [PSH, ACK] Seq=14670 Ack=144 Win=65024 Len=1448 TSval=2916037127 TSecr=3045556901 [TCP segment of a reassembled PDU]"
"33536","33.046690453","192.168.1.2","192.168.1.55","TCP","66","36146  >  8004 [ACK] Seq=144 Ack=10326 Win=64512 Len=0 TSval=3045556901 TSecr=2916037123"
"33537","33.046724249","192.168.1.55","192.168.1.2","TCP","1514","8004  >  36146 [ACK] Seq=16118 Ack=144 Win=65024 Len=1448 TSval=2916037127 TSecr=3045556901 [TCP segment of a reassembled PDU]"
"33538","33.046727471","192.168.1.55","192.168.1.2","TCP","1514","8004  >  36146 [ACK] Seq=17566 Ack=144 Win=65024 Len=1448 TSval=2916037127 TSecr=3045556901 [TCP segment of a reassembled PDU]"
"33539","33.046728786","192.168.1.55","192.168.1.2","TCP","1514","8004  >  36146 [ACK] Seq=19014 Ack=144 Win=65024 Len=1448 TSval=2916037127 TSecr=3045556901 [TCP segment of a reassembled PDU]"
"33540","33.046730286","192.168.1.55","192.168.1.2","TCP","1514","8004  >  36146 [ACK] Seq=20462 Ack=144 Win=65024 Len=1448 TSval=2916037127 TSecr=3045556901 [TCP segment of a reassembled PDU]"
"33541","33.046731916","192.168.1.55","192.168.1.2","TCP","1514","8004  >  36146 [ACK] Seq=21910 Ack=144 Win=65024 Len=1448 TSval=2916037127 TSecr=3045556901 [TCP segment of a reassembled PDU]"
"33542","33.046733249","192.168.1.55","192.168.1.2","TCP","1514","8004  >  36146 [ACK] Seq=23358 Ack=144 Win=65024 Len=1448 TSval=2916037127 TSecr=3045556901 [TCP segment of a reassembled PDU]"
"33543","33.046735323","192.168.1.55","192.168.1.2","TCP","1514","8004  >  36146 [ACK] Seq=24806 Ack=144 Win=65024 Len=1448 TSval=2916037127 TSecr=3045556901 [TCP segment of a reassembled PDU]"
"33544","33.046736990","192.168.1.55","192.168.1.2","TCP","1514","8004  >  36146 [ACK] Seq=26254 Ack=144 Win=65024 Len=1448 TSval=2916037127 TSecr=3045556901 [TCP segment of a reassembled PDU]"
"33545","33.046738379","192.168.1.55","192.168.1.2","TCP","1514","8004  >  36146 [PSH, ACK] Seq=27702 Ack=144 Win=65024 Len=1448 TSval=2916037127 TSecr=3045556901 [TCP segment of a reassembled PDU]"
"33546","33.046749342","192.168.1.2","192.168.1.55","TCP","66","36146  >  8004 [ACK] Seq=144 Ack=13222 Win=70656 Len=0 TSval=3045556902 TSecr=2916037123"
"33547","33.046788397","192.168.1.55","192.168.1.2","TCP","1514","8004  >  36146 [ACK] Seq=29150 Ack=144 Win=65024 Len=1448 TSval=2916037127 TSecr=3045556902 [TCP segment of a reassembled PDU]"
"33548","33.046791120","192.168.1.55","192.168.1.2","TCP","1514","8004  >  36146 [ACK] Seq=30598 Ack=144 Win=65024 Len=1448 TSval=2916037127 TSecr=3045556902 [TCP segment of a reassembled PDU]"
"33549","33.046792712","192.168.1.55","192.168.1.2","TCP","1514","8004  >  36146 [ACK] Seq=32046 Ack=144 Win=65024 Len=1448 TSval=2916037127 TSecr=3045556902 [TCP segment of a reassembled PDU]"
"33550","33.046794453","192.168.1.55","192.168.1.2","TCP","1514","8004  >  36146 [ACK] Seq=33494 Ack=144 Win=65024 Len=1448 TSval=2916037127 TSecr=3045556902 [TCP segment of a reassembled PDU]"
"33551","33.046797101","192.168.1.55","192.168.1.2","TCP","1514","8004  >  36146 [ACK] Seq=34942 Ack=144 Win=65024 Len=1448 TSval=2916037127 TSecr=3045556902 [TCP segment of a reassembled PDU]"
"33552","33.046799249","192.168.1.55","192.168.1.2","TCP","1514","8004  >  36146 [ACK] Seq=36390 Ack=144 Win=65024 Len=1448 TSval=2916037127 TSecr=3045556902 [TCP segment of a reassembled PDU]"
"33553","33.046801305","192.168.1.55","192.168.1.2","TCP","1514","8004  >  36146 [ACK] Seq=37838 Ack=144 Win=65024 Len=1448 TSval=2916037127 TSecr=3045556902 [TCP segment of a reassembled PDU]"
"33554","33.046803027","192.168.1.55","192.168.1.2","TCP","1514","8004  >  36146 [ACK] Seq=39286 Ack=144 Win=65024 Len=1448 TSval=2916037127 TSecr=3045556902 [TCP segment of a reassembled PDU]"
"33555","33.046805916","192.168.1.55","192.168.1.2","TCP","1514","8004  >  36146 [PSH, ACK] Seq=40734 Ack=144 Win=65024 Len=1448 TSval=2916037127 TSecr=3045556902 [TCP segment of a reassembled PDU]"
"33556","33.052203832","192.168.1.2","192.168.1.55","TCP","66","36146  >  8004 [ACK] Seq=144 Ack=16118 Win=76800 Len=0 TSval=3045556905 TSecr=2916037127"
"33557","33.052316351","192.168.1.55","192.168.1.2","TCP","1514","8004  >  36146 [ACK] Seq=42182 Ack=144 Win=65024 Len=1448 TSval=2916037132 TSecr=3045556905 [TCP segment of a reassembled PDU]"
"33558","33.052325795","192.168.1.55","192.168.1.2","TCP","1514","8004  >  36146 [PSH, ACK] Seq=43630 Ack=144 Win=65024 Len=1448 TSval=2916037132 TSecr=3045556905 [TCP segment of a reassembled PDU]"
"33559","33.052414869","192.168.1.2","192.168.1.55","TCP","66","36146  >  8004 [ACK] Seq=144 Ack=29150 Win=72704 Len=0 TSval=3045556905 TSecr=2916037127"
"33560","33.052467740","192.168.1.55","192.168.1.2","TCP","1514","8004  >  36146 [ACK] Seq=45078 Ack=144 Win=65024 Len=1448 TSval=2916037133 TSecr=3045556905 [TCP segment of a reassembled PDU]"
"33561","33.052471425","192.168.1.55","192.168.1.2","TCP","1514","8004  >  36146 [ACK] Seq=46526 Ack=144 Win=65024 Len=1448 TSval=2916037133 TSecr=3045556905 [TCP segment of a reassembled PDU]"
"33562","33.052473073","192.168.1.55","192.168.1.2","TCP","1514","8004  >  36146 [ACK] Seq=47974 Ack=144 Win=65024 Len=1448 TSval=2916037133 TSecr=3045556905 [TCP segment of a reassembled PDU]"
"33563","33.052475036","192.168.1.55","192.168.1.2","TCP","1514","8004  >  36146 [ACK] Seq=49422 Ack=144 Win=65024 Len=1448 TSval=2916037133 TSecr=3045556905 [TCP segment of a reassembled PDU]"
"33564","33.052476906","192.168.1.55","192.168.1.2","TCP","1514","8004  >  36146 [ACK] Seq=50870 Ack=144 Win=65024 Len=1448 TSval=2916037133 TSecr=3045556905 [TCP segment of a reassembled PDU]"
"33565","33.052479703","192.168.1.55","192.168.1.2","TCP","1514","8004  >  36146 [ACK] Seq=52318 Ack=144 Win=65024 Len=1448 TSval=2916037133 TSecr=3045556905 [TCP segment of a reassembled PDU]"
"33566","33.052481814","192.168.1.55","192.168.1.2","TCP","1514","8004  >  36146 [ACK] Seq=53766 Ack=144 Win=65024 Len=1448 TSval=2916037133 TSecr=3045556905 [TCP segment of a reassembled PDU]"
"33567","33.052483610","192.168.1.55","192.168.1.2","TCP","1514","8004  >  36146 [ACK] Seq=55214 Ack=144 Win=65024 Len=1448 TSval=2916037133 TSecr=3045556905 [TCP segment of a reassembled PDU]"
"33568","33.052485221","192.168.1.55","192.168.1.2","TCP","1514","8004  >  36146 [ACK] Seq=56662 Ack=144 Win=65024 Len=1448 TSval=2916037133 TSecr=3045556905 [TCP segment of a reassembled PDU]"
"33569","33.052486944","192.168.1.55","192.168.1.2","TCP","1514","8004  >  36146 [ACK] Seq=58110 Ack=144 Win=65024 Len=1448 TSval=2916037133 TSecr=3045556905 [TCP segment of a reassembled PDU]"
"33570","33.052488388","192.168.1.55","192.168.1.2","TCP","1514","8004  >  36146 [ACK] Seq=59558 Ack=144 Win=65024 Len=1448 TSval=2916037133 TSecr=3045556905 [TCP segment of a reassembled PDU]"
"33571","33.052491073","192.168.1.55","192.168.1.2","TCP","1514","8004  >  36146 [ACK] Seq=61006 Ack=144 Win=65024 Len=1448 TSval=2916037133 TSecr=3045556905 [TCP segment of a reassembled PDU]"
"33572","33.052493036","192.168.1.55","192.168.1.2","TCP","1514","8004  >  36146 [ACK] Seq=62454 Ack=144 Win=65024 Len=1448 TSval=2916037133 TSecr=3045556905 [TCP segment of a reassembled PDU]"
"33573","33.052494869","192.168.1.55","192.168.1.2","TCP","1514","8004  >  36146 [ACK] Seq=63902 Ack=144 Win=65024 Len=1448 TSval=2916037133 TSecr=3045556905 [TCP segment of a reassembled PDU]"
"33574","33.052496703","192.168.1.55","192.168.1.2","TCP","1514","8004  >  36146 [PSH, ACK] Seq=65350 Ack=144 Win=65024 Len=1448 TSval=2916037133 TSecr=3045556905 [TCP segment of a reassembled PDU]"
"33575","33.052506703","192.168.1.2","192.168.1.55","TCP","66","36146  >  8004 [ACK] Seq=144 Ack=36390 Win=66560 Len=0 TSval=3045556905 TSecr=2916037127"
"33576","33.052543536","192.168.1.55","192.168.1.2","TCP","1514","8004  >  36146 [ACK] Seq=66798 Ack=144 Win=65024 Len=1448 TSval=2916037133 TSecr=3045556905 [TCP segment of a reassembled PDU]"
"33577","33.052545907","192.168.1.55","192.168.1.2","TCP","1514","8004  >  36146 [ACK] Seq=68246 Ack=144 Win=65024 Len=1448 TSval=2916037133 TSecr=3045556905 [TCP segment of a reassembled PDU]"
"33578","33.052548462","192.168.1.55","192.168.1.2","TCP","1514","8004  >  36146 [ACK] Seq=69694 Ack=144 Win=65024 Len=1448 TSval=2916037133 TSecr=3045556905 [TCP segment of a reassembled PDU]"
"33579","33.052550240","192.168.1.55","192.168.1.2","TCP","1514","8004  >  36146 [ACK] Seq=71142 Ack=144 Win=65024 Len=1448 TSval=2916037133 TSecr=3045556905 [TCP segment of a reassembled PDU]"
"33580","33.052551592","192.168.1.55","192.168.1.2","TCP","1514","8004  >  36146 [ACK] Seq=72590 Ack=144 Win=65024 Len=1448 TSval=2916037133 TSecr=3045556905 [TCP segment of a reassembled PDU]"
"33581","33.052553444","192.168.1.55","192.168.1.2","TCP","1514","8004  >  36146 [ACK] Seq=74038 Ack=144 Win=65024 Len=1448 TSval=2916037133 TSecr=3045556905 [TCP segment of a reassembled PDU]"
"33582","33.052556129","192.168.1.55","192.168.1.2","TCP","1514","8004  >  36146 [PSH, ACK] Seq=75486 Ack=144 Win=65024 Len=1448 TSval=2916037133 TSecr=3045556905 [TCP segment of a reassembled PDU]"
"33583","33.052562351","192.168.1.2","192.168.1.55","TCP","66","36146  >  8004 [ACK] Seq=144 Ack=39286 Win=80896 Len=0 TSval=3045556906 TSecr=2916037127"
"33584","33.052566833","192.168.1.2","192.168.1.55","TCP","66","36146  >  8004 [ACK] Seq=144 Ack=42182 Win=80896 Len=0 TSval=3045556906 TSecr=2916037127"
"33585","33.052669666","192.168.1.55","192.168.1.2","TCP","1514","8004  >  36146 [ACK] Seq=76934 Ack=144 Win=65024 Len=1448 TSval=2916037133 TSecr=3045556906 [TCP segment of a reassembled PDU]"
"33586","33.052676333","192.168.1.55","192.168.1.2","TCP","1514","8004  >  36146 [ACK] Seq=78382 Ack=144 Win=65024 Len=1448 TSval=2916037133 TSecr=3045556906 [TCP segment of a reassembled PDU]"
"33587","33.052678185","192.168.1.55","192.168.1.2","TCP","1514","8004  >  36146 [ACK] Seq=79830 Ack=144 Win=65024 Len=1448 TSval=2916037133 TSecr=3045556906 [TCP segment of a reassembled PDU]"
"33588","33.052679851","192.168.1.55","192.168.1.2","TCP","1514","8004  >  36146 [ACK] Seq=81278 Ack=144 Win=65024 Len=1448 TSval=2916037133 TSecr=3045556906 [TCP segment of a reassembled PDU]"
"33589","33.052682018","192.168.1.55","192.168.1.2","TCP","1514","8004  >  36146 [ACK] Seq=82726 Ack=144 Win=65024 Len=1448 TSval=2916037133 TSecr=3045556906 [TCP segment of a reassembled PDU]"
"33590","33.052683759","192.168.1.55","192.168.1.2","TCP","1514","8004  >  36146 [ACK] Seq=84174 Ack=144 Win=65024 Len=1448 TSval=2916037133 TSecr=3045556906 [TCP segment of a reassembled PDU]"
"33591","33.052685277","192.168.1.55","192.168.1.2","TCP","1514","8004  >  36146 [ACK] Seq=85622 Ack=144 Win=65024 Len=1448 TSval=2916037133 TSecr=3045556906 [TCP segment of a reassembled PDU]"
"33592","33.052686907","192.168.1.55","192.168.1.2","TCP","1514","8004  >  36146 [ACK] Seq=87070 Ack=144 Win=65024 Len=1448 TSval=2916037133 TSecr=3045556906 [TCP segment of a reassembled PDU]"
"33593","33.052688685","192.168.1.55","192.168.1.2","TCP","1514","8004  >  36146 [ACK] Seq=88518 Ack=144 Win=65024 Len=1448 TSval=2916037133 TSecr=3045556906 [TCP segment of a reassembled PDU]"
"33594","33.052690981","192.168.1.55","192.168.1.2","TCP","1514","8004  >  36146 [ACK] Seq=89966 Ack=144 Win=65024 Len=1448 TSval=2916037133 TSecr=3045556906 [TCP segment of a reassembled PDU]"
"33595","33.052692777","192.168.1.55","192.168.1.2","TCP","1514","8004  >  36146 [ACK] Seq=91414 Ack=144 Win=65024 Len=1448 TSval=2916037133 TSecr=3045556906 [TCP segment of a reassembled PDU]"
"33596","33.052694536","192.168.1.55","192.168.1.2","TCP","1514","8004  >  36146 [ACK] Seq=92862 Ack=144 Win=65024 Len=1448 TSval=2916037133 TSecr=3045556906 [TCP segment of a reassembled PDU]"
"33597","33.052696462","192.168.1.55","192.168.1.2","TCP","1514","8004  >  36146 [ACK] Seq=94310 Ack=144 Win=65024 Len=1448 TSval=2916037133 TSecr=3045556906 [TCP segment of a reassembled PDU]"
"33598","33.052698148","192.168.1.55","192.168.1.2","TCP","1514","8004  >  36146 [ACK] Seq=95758 Ack=144 Win=65024 Len=1448 TSval=2916037133 TSecr=3045556906 [TCP segment of a reassembled PDU]"
"33599","33.052699703","192.168.1.55","192.168.1.2","TCP","1514","8004  >  36146 [ACK] Seq=97206 Ack=144 Win=65024 Len=1448 TSval=2916037133 TSecr=3045556906 [TCP segment of a reassembled PDU]"
"33600","33.052701629","192.168.1.55","192.168.1.2","TCP","1514","8004  >  36146 [PSH, ACK] Seq=98654 Ack=144 Win=65024 Len=1448 TSval=2916037133 TSecr=3045556906 [TCP segment of a reassembled PDU]"
"33601","33.058957139","192.168.1.2","192.168.1.55","TCP","66","36146  >  8004 [ACK] Seq=144 Ack=45078 Win=79872 Len=0 TSval=3045556912 TSecr=2916037132"
"33602","33.059014676","192.168.1.55","192.168.1.2","TCP","1514","8004  >  36146 [ACK] Seq=100102 Ack=144 Win=65024 Len=1448 TSval=2916037139 TSecr=3045556912 [TCP segment of a reassembled PDU]"
"33603","33.059022102","192.168.1.55","192.168.1.2","TCP","1514","8004  >  36146 [ACK] Seq=101550 Ack=144 Win=65024 Len=1448 TSval=2916037139 TSecr=3045556912 [TCP segment of a reassembled PDU]"
"33604","33.059023454","192.168.1.55","192.168.1.2","TCP","1514","8004  >  36146 [ACK] Seq=102998 Ack=144 Win=65024 Len=1448 TSval=2916037139 TSecr=3045556912 [TCP segment of a reassembled PDU]"
"33605","33.059025898","192.168.1.55","192.168.1.2","TCP","1514","8004  >  36146 [PSH, ACK] Seq=104446 Ack=144 Win=65024 Len=1448 TSval=2916037139 TSecr=3045556912 [TCP segment of a reassembled PDU]"
"33606","33.059316454","192.168.1.2","192.168.1.55","TCP","66","36146  >  8004 [ACK] Seq=144 Ack=58110 Win=72704 Len=0 TSval=3045556912 TSecr=2916037133"
"33607","33.059336362","192.168.1.55","192.168.1.2","TCP","1514","8004  >  36146 [ACK] Seq=105894 Ack=144 Win=65024 Len=1448 TSval=2916037140 TSecr=3045556912 [TCP segment of a reassembled PDU]"
"33608","33.059339399","192.168.1.55","192.168.1.2","TCP","1514","8004  >  36146 [ACK] Seq=107342 Ack=144 Win=65024 Len=1448 TSval=2916037140 TSecr=3045556912 [TCP segment of a reassembled PDU]"
"33609","33.059340954","192.168.1.55","192.168.1.2","TCP","1514","8004  >  36146 [ACK] Seq=108790 Ack=144 Win=65024 Len=1448 TSval=2916037140 TSecr=3045556912 [TCP segment of a reassembled PDU]"
"33610","33.059342029","192.168.1.55","192.168.1.2","TCP","1514","8004  >  36146 [PSH, ACK] Seq=110238 Ack=144 Win=65024 Len=1448 TSval=2916037140 TSecr=3045556912 [TCP segment of a reassembled PDU]"
"33611","33.059350343","192.168.1.2","192.168.1.55","TCP","66","36146  >  8004 [ACK] Seq=144 Ack=66798 Win=65536 Len=0 TSval=3045556912 TSecr=2916037133"
"33612","33.059362788","192.168.1.2","192.168.1.55","TCP","66","36146  >  8004 [ACK] Seq=144 Ack=76934 Win=56320 Len=0 TSval=3045556912 TSecr=2916037133"
"33613","33.059365992","192.168.1.2","192.168.1.55","TCP","66","36146  >  8004 [ACK] Seq=144 Ack=81278 Win=53248 Len=0 TSval=3045556912 TSecr=2916037133"
"33614","33.059482381","192.168.1.55","192.168.1.2","TCP","1514","8004  >  36146 [ACK] Seq=111686 Ack=144 Win=65024 Len=1448 TSval=2916037140 TSecr=3045556912 [TCP segment of a reassembled PDU]"
"33615","33.059488677","192.168.1.55","192.168.1.2","TCP","1514","8004  >  36146 [ACK] Seq=113134 Ack=144 Win=65024 Len=1448 TSval=2916037140 TSecr=3045556912 [TCP segment of a reassembled PDU]"
"33616","33.059489844","192.168.1.55","192.168.1.2","TCP","1514","8004  >  36146 [ACK] Seq=114582 Ack=144 Win=65024 Len=1448 TSval=2916037140 TSecr=3045556912 [TCP segment of a reassembled PDU]"
"33617","33.059491047","192.168.1.55","192.168.1.2","TCP","1514","8004  >  36146 [ACK] Seq=116030 Ack=144 Win=65024 Len=1448 TSval=2916037140 TSecr=3045556912 [TCP segment of a reassembled PDU]"
"33618","33.059492566","192.168.1.55","192.168.1.2","TCP","1514","8004  >  36146 [ACK] Seq=117478 Ack=144 Win=65024 Len=1448 TSval=2916037140 TSecr=3045556912 [TCP segment of a reassembled PDU]"
"33619","33.059493825","192.168.1.55","192.168.1.2","TCP","1514","8004  >  36146 [ACK] Seq=118926 Ack=144 Win=65024 Len=1448 TSval=2916037140 TSecr=3045556912 [TCP segment of a reassembled PDU]"
"33620","33.059495121","192.168.1.55","192.168.1.2","TCP","1514","8004  >  36146 [ACK] Seq=120374 Ack=144 Win=65024 Len=1448 TSval=2916037140 TSecr=3045556912 [TCP segment of a reassembled PDU]"
"33621","33.059496381","192.168.1.55","192.168.1.2","TCP","1514","8004  >  36146 [ACK] Seq=121822 Ack=144 Win=65024 Len=1448 TSval=2916037140 TSecr=3045556912 [TCP segment of a reassembled PDU]"
"33622","33.059497862","192.168.1.55","192.168.1.2","TCP","1514","8004  >  36146 [ACK] Seq=123270 Ack=144 Win=65024 Len=1448 TSval=2916037140 TSecr=3045556912 [TCP segment of a reassembled PDU]"
"33623","33.059499066","192.168.1.55","192.168.1.2","TCP","1514","8004  >  36146 [ACK] Seq=124718 Ack=144 Win=65024 Len=1448 TSval=2916037140 TSecr=3045556912 [TCP segment of a reassembled PDU]"
"33624","33.059500381","192.168.1.55","192.168.1.2","TCP","1514","8004  >  36146 [ACK] Seq=126166 Ack=144 Win=65024 Len=1448 TSval=2916037140 TSecr=3045556912 [TCP segment of a reassembled PDU]"
"33625","33.059502140","192.168.1.55","192.168.1.2","TCP","1514","8004  >  36146 [ACK] Seq=127614 Ack=144 Win=65024 Len=1448 TSval=2916037140 TSecr=3045556912 [TCP segment of a reassembled PDU]"
"33626","33.059503399","192.168.1.55","192.168.1.2","TCP","1514","8004  >  36146 [ACK] Seq=129062 Ack=144 Win=65024 Len=1448 TSval=2916037140 TSecr=3045556912 [TCP segment of a reassembled PDU]"
"33627","33.059504603","192.168.1.55","192.168.1.2","TCP","1514","8004  >  36146 [ACK] Seq=130510 Ack=144 Win=65024 Len=1448 TSval=2916037140 TSecr=3045556912 [TCP segment of a reassembled PDU]"
"33628","33.059505788","192.168.1.55","192.168.1.2","TCP","1514","8004  >  36146 [ACK] Seq=131958 Ack=144 Win=65024 Len=1448 TSval=2916037140 TSecr=3045556912 [TCP segment of a reassembled PDU]"
"33629","33.059507066","192.168.1.55","192.168.1.2","TCP","1186","[TCP Window Full] 8004  >  36146 [PSH, ACK] Seq=133406 Ack=144 Win=65024 Len=1120 TSval=2916037140 TSecr=3045556912 [TCP segment of a reassembled PDU]"
"33630","33.061857477","192.168.1.2","192.168.1.55","TCP","66","36146  >  8004 [ACK] Seq=144 Ack=100102 Win=66560 Len=0 TSval=3045556915 TSecr=2916037133"
"33631","33.061879995","192.168.1.55","192.168.1.2","TCP","1514","8004  >  36146 [ACK] Seq=134526 Ack=144 Win=65024 Len=1448 TSval=2916037142 TSecr=3045556915 [TCP segment of a reassembled PDU]"
"33632","33.061882310","192.168.1.55","192.168.1.2","TCP","1514","8004  >  36146 [ACK] Seq=135974 Ack=144 Win=65024 Len=1448 TSval=2916037142 TSecr=3045556915 [TCP segment of a reassembled PDU]"
"33633","33.061883255","192.168.1.55","192.168.1.2","TCP","1514","8004  >  36146 [ACK] Seq=137422 Ack=144 Win=65024 Len=1448 TSval=2916037142 TSecr=3045556915 [TCP segment of a reassembled PDU]"
"33634","33.061884181","192.168.1.55","192.168.1.2","TCP","1514","8004  >  36146 [ACK] Seq=138870 Ack=144 Win=65024 Len=1448 TSval=2916037142 TSecr=3045556915 [TCP segment of a reassembled PDU]"
"33635","33.061885088","192.168.1.55","192.168.1.2","TCP","1514","8004  >  36146 [ACK] Seq=140318 Ack=144 Win=65024 Len=1448 TSval=2916037142 TSecr=3045556915 [TCP segment of a reassembled PDU]"
"33636","33.061886458","192.168.1.55","192.168.1.2","TCP","1514","8004  >  36146 [ACK] Seq=141766 Ack=144 Win=65024 Len=1448 TSval=2916037142 TSecr=3045556915 [TCP segment of a reassembled PDU]"
"33637","33.061887662","192.168.1.55","192.168.1.2","TCP","1514","8004  >  36146 [ACK] Seq=143214 Ack=144 Win=65024 Len=1448 TSval=2916037142 TSecr=3045556915 [TCP segment of a reassembled PDU]"
"33638","33.061888718","192.168.1.55","192.168.1.2","TCP","1514","8004  >  36146 [PSH, ACK] Seq=144662 Ack=144 Win=65024 Len=1448 TSval=2916037142 TSecr=3045556915 [TCP segment of a reassembled PDU]"
"33639","33.061894366","192.168.1.55","192.168.1.2","TCP","394","8004  >  36146 [ACK] Seq=146110 Ack=144 Win=65024 Len=328 TSval=2916037142 TSecr=3045556915 [TCP segment of a reassembled PDU]"
"33640","33.061910310","192.168.1.55","192.168.1.2","TCP","1514","8004  >  36146 [ACK] Seq=146438 Ack=144 Win=65024 Len=1448 TSval=2916037142 TSecr=3045556915 [TCP segment of a reassembled PDU]"
"33641","33.061911847","192.168.1.55","192.168.1.2","TCP","1514","8004  >  36146 [ACK] Seq=147886 Ack=144 Win=65024 Len=1448 TSval=2916037142 TSecr=3045556915 [TCP segment of a reassembled PDU]"
"33642","33.061912884","192.168.1.55","192.168.1.2","TCP","1514","8004  >  36146 [ACK] Seq=149334 Ack=144 Win=65024 Len=1448 TSval=2916037142 TSecr=3045556915 [TCP segment of a reassembled PDU]"
"33643","33.061913810","192.168.1.55","192.168.1.2","TCP","1514","8004  >  36146 [ACK] Seq=150782 Ack=144 Win=65024 Len=1448 TSval=2916037142 TSecr=3045556915 [TCP segment of a reassembled PDU]"
"33644","33.061914792","192.168.1.55","192.168.1.2","TCP","1514","8004  >  36146 [ACK] Seq=152230 Ack=144 Win=65024 Len=1448 TSval=2916037142 TSecr=3045556915 [TCP segment of a reassembled PDU]"
"33645","33.061916070","192.168.1.55","192.168.1.2","TCP","1514","8004  >  36146 [ACK] Seq=153678 Ack=144 Win=65024 Len=1448 TSval=2916037142 TSecr=3045556915 [TCP segment of a reassembled PDU]"
"33646","33.061917033","192.168.1.55","192.168.1.2","TCP","1514","8004  >  36146 [ACK] Seq=155126 Ack=144 Win=65024 Len=1448 TSval=2916037142 TSecr=3045556915 [TCP segment of a reassembled PDU]"
"33647","33.061917977","192.168.1.55","192.168.1.2","TCP","1514","8004  >  36146 [ACK] Seq=156574 Ack=144 Win=65024 Len=1448 TSval=2916037142 TSecr=3045556915 [TCP segment of a reassembled PDU]"
"33648","33.061919051","192.168.1.55","192.168.1.2","TCP","1514","8004  >  36146 [ACK] Seq=158022 Ack=144 Win=65024 Len=1448 TSval=2916037142 TSecr=3045556915 [TCP segment of a reassembled PDU]"
"33649","33.061920051","192.168.1.55","192.168.1.2","TCP","1514","8004  >  36146 [ACK] Seq=159470 Ack=144 Win=65024 Len=1448 TSval=2916037142 TSecr=3045556915 [TCP segment of a reassembled PDU]"
"33650","33.061920996","192.168.1.55","192.168.1.2","TCP","1514","8004  >  36146 [ACK] Seq=160918 Ack=144 Win=65024 Len=1448 TSval=2916037142 TSecr=3045556915 [TCP segment of a reassembled PDU]"
"33651","33.061921996","192.168.1.55","192.168.1.2","TCP","1514","8004  >  36146 [ACK] Seq=162366 Ack=144 Win=65024 Len=1448 TSval=2916037142 TSecr=3045556915 [TCP segment of a reassembled PDU]"
"33652","33.061922903","192.168.1.55","192.168.1.2","TCP","1514","8004  >  36146 [PSH, ACK] Seq=163814 Ack=144 Win=65024 Len=1448 TSval=2916037142 TSecr=3045556915 [TCP segment of a reassembled PDU]"
"33653","33.061945088","192.168.1.2","192.168.1.55","TCP","66","36146  >  8004 [ACK] Seq=144 Ack=101550 Win=80896 Len=0 TSval=3045556916 TSecr=2916037139"
"33654","33.063778424","192.168.1.2","192.168.1.55","TCP","66","36146  >  8004 [ACK] Seq=144 Ack=105894 Win=90112 Len=0 TSval=3045556916 TSecr=2916037139"
"33655","33.063800684","192.168.1.55","192.168.1.2","TCP","1514","8004  >  36146 [ACK] Seq=165262 Ack=144 Win=65024 Len=1448 TSval=2916037144 TSecr=3045556916 [TCP segment of a reassembled PDU]"
"33656","33.063803776","192.168.1.55","192.168.1.2","TCP","1514","8004  >  36146 [ACK] Seq=166710 Ack=144 Win=65024 Len=1448 TSval=2916037144 TSecr=3045556916 [TCP segment of a reassembled PDU]"
"33657","33.063804887","192.168.1.55","192.168.1.2","TCP","1514","8004  >  36146 [ACK] Seq=168158 Ack=144 Win=65024 Len=1448 TSval=2916037144 TSecr=3045556916 [TCP segment of a reassembled PDU]"
"33658","33.063805980","192.168.1.55","192.168.1.2","TCP","1514","8004  >  36146 [ACK] Seq=169606 Ack=144 Win=65024 Len=1448 TSval=2916037144 TSecr=3045556916 [TCP segment of a reassembled PDU]"
"33659","33.063806869","192.168.1.55","192.168.1.2","TCP","1514","8004  >  36146 [ACK] Seq=171054 Ack=144 Win=65024 Len=1448 TSval=2916037144 TSecr=3045556916 [TCP segment of a reassembled PDU]"
"33660","33.063807795","192.168.1.55","192.168.1.2","TCP","1514","8004  >  36146 [ACK] Seq=172502 Ack=144 Win=65024 Len=1448 TSval=2916037144 TSecr=3045556916 [TCP segment of a reassembled PDU]"
"33661","33.063808980","192.168.1.55","192.168.1.2","TCP","1514","8004  >  36146 [ACK] Seq=173950 Ack=144 Win=65024 Len=1448 TSval=2916037144 TSecr=3045556916 [TCP segment of a reassembled PDU]"
"33662","33.063810128","192.168.1.55","192.168.1.2","TCP","1514","8004  >  36146 [ACK] Seq=175398 Ack=144 Win=65024 Len=1448 TSval=2916037144 TSecr=3045556916 [TCP segment of a reassembled PDU]"
"33663","33.063811369","192.168.1.55","192.168.1.2","TCP","1514","8004  >  36146 [ACK] Seq=176846 Ack=144 Win=65024 Len=1448 TSval=2916037144 TSecr=3045556916 [TCP segment of a reassembled PDU]"
"33664","33.063812647","192.168.1.55","192.168.1.2","TCP","1514","8004  >  36146 [ACK] Seq=178294 Ack=144 Win=65024 Len=1448 TSval=2916037144 TSecr=3045556916 [TCP segment of a reassembled PDU]"
"33665","33.063813850","192.168.1.55","192.168.1.2","TCP","1514","8004  >  36146 [ACK] Seq=179742 Ack=144 Win=65024 Len=1448 TSval=2916037144 TSecr=3045556916 [TCP segment of a reassembled PDU]"
"33666","33.063814962","192.168.1.55","192.168.1.2","TCP","1514","8004  >  36146 [ACK] Seq=181190 Ack=144 Win=65024 Len=1448 TSval=2916037144 TSecr=3045556916 [TCP segment of a reassembled PDU]"
"33667","33.063816369","192.168.1.55","192.168.1.2","TCP","1514","8004  >  36146 [PSH, ACK] Seq=182638 Ack=144 Win=65024 Len=1448 TSval=2916037144 TSecr=3045556916 [TCP segment of a reassembled PDU]"
"33668","33.065896428","192.168.1.2","192.168.1.55","TCP","66","36146  >  8004 [ACK] Seq=144 Ack=111686 Win=101376 Len=0 TSval=3045556919 TSecr=2916037140"
"33669","33.065922891","192.168.1.55","192.168.1.2","TCP","1514","8004  >  36146 [ACK] Seq=184086 Ack=144 Win=65024 Len=1448 TSval=2916037146 TSecr=3045556919 [TCP segment of a reassembled PDU]"
"33670","33.065926576","192.168.1.55","192.168.1.2","TCP","1514","8004  >  36146 [ACK] Seq=185534 Ack=144 Win=65024 Len=1448 TSval=2916037146 TSecr=3045556919 [TCP segment of a reassembled PDU]"
"33671","33.065927650","192.168.1.55","192.168.1.2","TCP","1514","8004  >  36146 [ACK] Seq=186982 Ack=144 Win=65024 Len=1448 TSval=2916037146 TSecr=3045556919 [TCP segment of a reassembled PDU]"
"33672","33.065928872","192.168.1.55","192.168.1.2","TCP","1514","8004  >  36146 [ACK] Seq=188430 Ack=144 Win=65024 Len=1448 TSval=2916037146 TSecr=3045556919 [TCP segment of a reassembled PDU]"
"33673","33.065930095","192.168.1.55","192.168.1.2","TCP","1514","8004  >  36146 [ACK] Seq=189878 Ack=144 Win=65024 Len=1448 TSval=2916037146 TSecr=3045556919 [TCP segment of a reassembled PDU]"
"33674","33.065931298","192.168.1.55","192.168.1.2","TCP","1514","8004  >  36146 [ACK] Seq=191326 Ack=144 Win=65024 Len=1448 TSval=2916037146 TSecr=3045556919 [TCP segment of a reassembled PDU]"
"33675","33.065932354","192.168.1.55","192.168.1.2","TCP","1514","8004  >  36146 [ACK] Seq=192774 Ack=144 Win=65024 Len=1448 TSval=2916037146 TSecr=3045556919 [TCP segment of a reassembled PDU]"
"33676","33.065933280","192.168.1.55","192.168.1.2","TCP","1514","8004  >  36146 [ACK] Seq=194222 Ack=144 Win=65024 Len=1448 TSval=2916037146 TSecr=3045556919 [TCP segment of a reassembled PDU]"
"33677","33.065934576","192.168.1.55","192.168.1.2","TCP","1514","8004  >  36146 [ACK] Seq=195670 Ack=144 Win=65024 Len=1448 TSval=2916037146 TSecr=3045556919 [TCP segment of a reassembled PDU]"
"33678","33.065935872","192.168.1.55","192.168.1.2","TCP","1514","8004  >  36146 [ACK] Seq=197118 Ack=144 Win=65024 Len=1448 TSval=2916037146 TSecr=3045556919 [TCP segment of a reassembled PDU]"
"33679","33.065937243","192.168.1.55","192.168.1.2","TCP","1514","8004  >  36146 [ACK] Seq=198566 Ack=144 Win=65024 Len=1448 TSval=2916037146 TSecr=3045556919 [TCP segment of a reassembled PDU]"
"33680","33.065938669","192.168.1.55","192.168.1.2","TCP","1514","8004  >  36146 [ACK] Seq=200014 Ack=144 Win=65024 Len=1448 TSval=2916037146 TSecr=3045556919 [TCP segment of a reassembled PDU]"
"33681","33.065939576","192.168.1.55","192.168.1.2","TCP","1514","8004  >  36146 [ACK] Seq=201462 Ack=144 Win=65024 Len=1448 TSval=2916037146 TSecr=3045556919 [TCP segment of a reassembled PDU]"
"33682","33.065940706","192.168.1.55","192.168.1.2","TCP","1514","8004  >  36146 [ACK] Seq=202910 Ack=144 Win=65024 Len=1448 TSval=2916037146 TSecr=3045556919 [TCP segment of a reassembled PDU]"
"33683","33.065941909","192.168.1.55","192.168.1.2","TCP","1514","8004  >  36146 [ACK] Seq=204358 Ack=144 Win=65024 Len=1448 TSval=2916037146 TSecr=3045556919 [TCP segment of a reassembled PDU]"
"33684","33.065942872","192.168.1.55","192.168.1.2","TCP","1514","8004  >  36146 [ACK] Seq=205806 Ack=144 Win=65024 Len=1448 TSval=2916037146 TSecr=3045556919 [TCP segment of a reassembled PDU]"
"33685","33.065944187","192.168.1.55","192.168.1.2","TCP","1514","8004  >  36146 [ACK] Seq=207254 Ack=144 Win=65024 Len=1448 TSval=2916037146 TSecr=3045556919 [TCP segment of a reassembled PDU]"
"33686","33.065945909","192.168.1.55","192.168.1.2","TCP","1514","8004  >  36146 [ACK] Seq=208702 Ack=144 Win=65024 Len=1448 TSval=2916037146 TSecr=3045556919 [TCP segment of a reassembled PDU]"
"33687","33.065947039","192.168.1.55","192.168.1.2","TCP","1514","8004  >  36146 [ACK] Seq=210150 Ack=144 Win=65024 Len=1448 TSval=2916037146 TSecr=3045556919 [TCP segment of a reassembled PDU]"
"33688","33.065948020","192.168.1.55","192.168.1.2","TCP","1514","8004  >  36146 [PSH, ACK] Seq=211598 Ack=144 Win=65024 Len=1448 TSval=2916037146 TSecr=3045556919 [TCP segment of a reassembled PDU]"
"33689","33.068286302","192.168.1.2","192.168.1.55","TCP","66","36146  >  8004 [ACK] Seq=144 Ack=127614 Win=93184 Len=0 TSval=3045556919 TSecr=2916037140"
"33690","33.068318487","192.168.1.55","192.168.1.2","TCP","1514","8004  >  36146 [ACK] Seq=213046 Ack=144 Win=65024 Len=1448 TSval=2916037149 TSecr=3045556919 [TCP segment of a reassembled PDU]"
"33691","33.068321376","192.168.1.55","192.168.1.2","TCP","1514","8004  >  36146 [ACK] Seq=214494 Ack=144 Win=65024 Len=1448 TSval=2916037149 TSecr=3045556919 [TCP segment of a reassembled PDU]"
"33692","33.068322302","192.168.1.55","192.168.1.2","TCP","1514","8004  >  36146 [ACK] Seq=215942 Ack=144 Win=65024 Len=1448 TSval=2916037149 TSecr=3045556919 [TCP segment of a reassembled PDU]"
"33693","33.068323302","192.168.1.55","192.168.1.2","TCP","1514","8004  >  36146 [ACK] Seq=217390 Ack=144 Win=65024 Len=1448 TSval=2916037149 TSecr=3045556919 [TCP segment of a reassembled PDU]"
"33694","33.068324284","192.168.1.55","192.168.1.2","TCP","1514","8004  >  36146 [PSH, ACK] Seq=218838 Ack=144 Win=65024 Len=1448 TSval=2916037149 TSecr=3045556919 [TCP segment of a reassembled PDU]"
"33695","33.068618210","192.168.1.2","192.168.1.55","TCP","66","36146  >  8004 [ACK] Seq=144 Ack=134526 Win=105472 Len=0 TSval=3045556921 TSecr=2916037140"
"33696","33.068631747","192.168.1.55","192.168.1.2","TCP","1514","8004  >  36146 [ACK] Seq=220286 Ack=144 Win=65024 Len=1448 TSval=2916037149 TSecr=3045556921 [TCP segment of a reassembled PDU]"
"33697","33.068633173","192.168.1.55","192.168.1.2","TCP","1514","8004  >  36146 [PSH, ACK] Seq=221734 Ack=144 Win=65024 Len=1448 TSval=2916037149 TSecr=3045556921 [TCP segment of a reassembled PDU]"
"33698","33.068636395","192.168.1.2","192.168.1.55","TCP","66","36146  >  8004 [ACK] Seq=144 Ack=146110 Win=96256 Len=0 TSval=3045556921 TSecr=2916037142"
"33699","33.068640377","192.168.1.2","192.168.1.55","TCP","66","36146  >  8004 [ACK] Seq=144 Ack=146438 Win=96256 Len=0 TSval=3045556921 TSecr=2916037142"
"33700","33.068644173","192.168.1.2","192.168.1.55","TCP","66","36146  >  8004 [ACK] Seq=144 Ack=156574 Win=103424 Len=0 TSval=3045556921 TSecr=2916037142"
"33701","33.068668858","192.168.1.55","192.168.1.2","TCP","1514","8004  >  36146 [ACK] Seq=223182 Ack=144 Win=65024 Len=1448 TSval=2916037149 TSecr=3045556921 [TCP segment of a reassembled PDU]"
"33702","33.068670506","192.168.1.55","192.168.1.2","TCP","1514","8004  >  36146 [ACK] Seq=224630 Ack=144 Win=65024 Len=1448 TSval=2916037149 TSecr=3045556921 [TCP segment of a reassembled PDU]"
"33703","33.068671877","192.168.1.55","192.168.1.2","TCP","1514","8004  >  36146 [ACK] Seq=226078 Ack=144 Win=65024 Len=1448 TSval=2916037149 TSecr=3045556921 [TCP segment of a reassembled PDU]"
"33704","33.068672766","192.168.1.55","192.168.1.2","TCP","1514","8004  >  36146 [ACK] Seq=227526 Ack=144 Win=65024 Len=1448 TSval=2916037149 TSecr=3045556921 [TCP segment of a reassembled PDU]"
"33705","33.068673766","192.168.1.55","192.168.1.2","TCP","1514","8004  >  36146 [ACK] Seq=228974 Ack=144 Win=65024 Len=1448 TSval=2916037149 TSecr=3045556921 [TCP segment of a reassembled PDU]"
"33706","33.068674729","192.168.1.55","192.168.1.2","TCP","1514","8004  >  36146 [ACK] Seq=230422 Ack=144 Win=65024 Len=1448 TSval=2916037149 TSecr=3045556921 [TCP segment of a reassembled PDU]"
"33707","33.068675766","192.168.1.55","192.168.1.2","TCP","1514","8004  >  36146 [ACK] Seq=231870 Ack=144 Win=65024 Len=1448 TSval=2916037149 TSecr=3045556921 [TCP segment of a reassembled PDU]"
"33708","33.068676691","192.168.1.55","192.168.1.2","TCP","1514","8004  >  36146 [ACK] Seq=233318 Ack=144 Win=65024 Len=1448 TSval=2916037149 TSecr=3045556921 [TCP segment of a reassembled PDU]"
"33709","33.068677710","192.168.1.55","192.168.1.2","TCP","1514","8004  >  36146 [ACK] Seq=234766 Ack=144 Win=65024 Len=1448 TSval=2916037149 TSecr=3045556921 [TCP segment of a reassembled PDU]"
"33710","33.068683340","192.168.1.55","192.168.1.2","TCP","1514","8004  >  36146 [ACK] Seq=236214 Ack=144 Win=65024 Len=1448 TSval=2916037149 TSecr=3045556921 [TCP segment of a reassembled PDU]"
"33711","33.068684580","192.168.1.55","192.168.1.2","TCP","1514","8004  >  36146 [ACK] Seq=237662 Ack=144 Win=65024 Len=1448 TSval=2916037149 TSecr=3045556921 [TCP segment of a reassembled PDU]"
"33712","33.068685729","192.168.1.55","192.168.1.2","TCP","1514","8004  >  36146 [ACK] Seq=239110 Ack=144 Win=65024 Len=1448 TSval=2916037149 TSecr=3045556921 [TCP segment of a reassembled PDU]"
"33713","33.068686710","192.168.1.55","192.168.1.2","TCP","1514","8004  >  36146 [ACK] Seq=240558 Ack=144 Win=65024 Len=1448 TSval=2916037149 TSecr=3045556921 [TCP segment of a reassembled PDU]"
"33714","33.068687599","192.168.1.55","192.168.1.2","TCP","1514","8004  >  36146 [ACK] Seq=242006 Ack=144 Win=65024 Len=1448 TSval=2916037149 TSecr=3045556921 [TCP segment of a reassembled PDU]"
"33715","33.068688525","192.168.1.55","192.168.1.2","TCP","1514","8004  >  36146 [ACK] Seq=243454 Ack=144 Win=65024 Len=1448 TSval=2916037149 TSecr=3045556921 [TCP segment of a reassembled PDU]"
"33716","33.068689488","192.168.1.55","192.168.1.2","TCP","1514","8004  >  36146 [ACK] Seq=244902 Ack=144 Win=65024 Len=1448 TSval=2916037149 TSecr=3045556921 [TCP segment of a reassembled PDU]"
"33717","33.068690469","192.168.1.55","192.168.1.2","TCP","1514","8004  >  36146 [ACK] Seq=246350 Ack=144 Win=65024 Len=1448 TSval=2916037149 TSecr=3045556921 [TCP segment of a reassembled PDU]"
"33718","33.068691451","192.168.1.55","192.168.1.2","TCP","1514","8004  >  36146 [ACK] Seq=247798 Ack=144 Win=65024 Len=1448 TSval=2916037149 TSecr=3045556921 [TCP segment of a reassembled PDU]"
"33719","33.068692377","192.168.1.55","192.168.1.2","TCP","1514","8004  >  36146 [ACK] Seq=249246 Ack=144 Win=65024 Len=1448 TSval=2916037149 TSecr=3045556921 [TCP segment of a reassembled PDU]"
"33720","33.068693469","192.168.1.55","192.168.1.2","TCP","1514","8004  >  36146 [ACK] Seq=250694 Ack=144 Win=65024 Len=1448 TSval=2916037149 TSecr=3045556921 [TCP segment of a reassembled PDU]"
"33721","33.068694840","192.168.1.55","192.168.1.2","TCP","1514","8004  >  36146 [ACK] Seq=252142 Ack=144 Win=65024 Len=1448 TSval=2916037149 TSecr=3045556921 [TCP segment of a reassembled PDU]"
"33722","33.068696173","192.168.1.55","192.168.1.2","TCP","1514","8004  >  36146 [ACK] Seq=253590 Ack=144 Win=65024 Len=1448 TSval=2916037149 TSecr=3045556921 [TCP segment of a reassembled PDU]"
"33723","33.068697192","192.168.1.55","192.168.1.2","TCP","1514","8004  >  36146 [ACK] Seq=255038 Ack=144 Win=65024 Len=1448 TSval=2916037149 TSecr=3045556921 [TCP segment of a reassembled PDU]"
"33724","33.068698099","192.168.1.55","192.168.1.2","TCP","1514","8004  >  36146 [ACK] Seq=256486 Ack=144 Win=65024 Len=1448 TSval=2916037149 TSecr=3045556921 [TCP segment of a reassembled PDU]"
"33725","33.068699062","192.168.1.55","192.168.1.2","TCP","1514","8004  >  36146 [ACK] Seq=257934 Ack=144 Win=65024 Len=1448 TSval=2916037149 TSecr=3045556921 [TCP segment of a reassembled PDU]"
"33726","33.068700043","192.168.1.55","192.168.1.2","TCP","682","[TCP Window Full] 8004  >  36146 [PSH, ACK] Seq=259382 Ack=144 Win=65024 Len=616 TSval=2916037149 TSecr=3045556921 [TCP segment of a reassembled PDU]"
"33727","33.070997936","192.168.1.2","192.168.1.55","TCP","66","36146  >  8004 [ACK] Seq=144 Ack=165262 Win=104448 Len=0 TSval=3045556923 TSecr=2916037142"
"33728","33.071019566","192.168.1.55","192.168.1.2","TCP","1514","8004  >  36146 [ACK] Seq=259998 Ack=144 Win=65024 Len=1448 TSval=2916037151 TSecr=3045556923 [TCP segment of a reassembled PDU]"
"33729","33.071025658","192.168.1.55","192.168.1.2","TCP","898","8004  >  36146 [PSH, ACK] Seq=261446 Ack=144 Win=65024 Len=832 TSval=2916037151 TSecr=3045556923 [TCP segment of a reassembled PDU]"
"33730","33.071050825","192.168.1.2","192.168.1.55","TCP","66","36146  >  8004 [ACK] Seq=144 Ack=176846 Win=93184 Len=0 TSval=3045556923 TSecr=2916037144"
"33731","33.076421741","192.168.1.2","192.168.1.55","TCP","66","36146  >  8004 [ACK] Seq=144 Ack=184086 Win=105472 Len=0 TSval=3045556926 TSecr=2916037144"
"33732","33.076513482","192.168.1.55","192.168.1.2","TCP","1514","8004  >  36146 [ACK] Seq=262278 Ack=144 Win=65024 Len=1448 TSval=2916037157 TSecr=3045556926 [TCP segment of a reassembled PDU]"
"33733","33.076518648","192.168.1.55","192.168.1.2","TCP","1514","8004  >  36146 [ACK] Seq=263726 Ack=144 Win=65024 Len=1448 TSval=2916037157 TSecr=3045556926 [TCP segment of a reassembled PDU]"
"33734","33.076519778","192.168.1.55","192.168.1.2","TCP","1514","8004  >  36146 [ACK] Seq=265174 Ack=144 Win=65024 Len=1448 TSval=2916037157 TSecr=3045556926 [TCP segment of a reassembled PDU]"
"33735","33.076520741","192.168.1.55","192.168.1.2","TCP","1514","8004  >  36146 [ACK] Seq=266622 Ack=144 Win=65024 Len=1448 TSval=2916037157 TSecr=3045556926 [TCP segment of a reassembled PDU]"
"33736","33.076521741","192.168.1.55","192.168.1.2","TCP","1514","8004  >  36146 [ACK] Seq=268070 Ack=144 Win=65024 Len=1448 TSval=2916037157 TSecr=3045556926 [TCP segment of a reassembled PDU]"
"33737","33.076522722","192.168.1.55","192.168.1.2","TCP","1514","8004  >  36146 [ACK] Seq=269518 Ack=144 Win=65024 Len=1448 TSval=2916037157 TSecr=3045556926 [TCP segment of a reassembled PDU]"
"33738","33.076523945","192.168.1.55","192.168.1.2","TCP","1514","8004  >  36146 [ACK] Seq=270966 Ack=144 Win=65024 Len=1448 TSval=2916037157 TSecr=3045556926 [TCP segment of a reassembled PDU]"
"33739","33.076525037","192.168.1.55","192.168.1.2","TCP","1514","8004  >  36146 [ACK] Seq=272414 Ack=144 Win=65024 Len=1448 TSval=2916037157 TSecr=3045556926 [TCP segment of a reassembled PDU]"
"33740","33.076526222","192.168.1.55","192.168.1.2","TCP","1514","8004  >  36146 [ACK] Seq=273862 Ack=144 Win=65024 Len=1448 TSval=2916037157 TSecr=3045556926 [TCP segment of a reassembled PDU]"
"33741","33.076527852","192.168.1.55","192.168.1.2","TCP","1514","8004  >  36146 [ACK] Seq=275310 Ack=144 Win=65024 Len=1448 TSval=2916037157 TSecr=3045556926 [TCP segment of a reassembled PDU]"
"33742","33.076528871","192.168.1.55","192.168.1.2","TCP","1514","8004  >  36146 [ACK] Seq=276758 Ack=144 Win=65024 Len=1448 TSval=2916037157 TSecr=3045556926 [TCP segment of a reassembled PDU]"
"33743","33.076529834","192.168.1.55","192.168.1.2","TCP","1514","8004  >  36146 [ACK] Seq=278206 Ack=144 Win=65024 Len=1448 TSval=2916037157 TSecr=3045556926 [TCP segment of a reassembled PDU]"
"33744","33.076530945","192.168.1.55","192.168.1.2","TCP","1514","8004  >  36146 [ACK] Seq=279654 Ack=144 Win=65024 Len=1448 TSval=2916037157 TSecr=3045556926 [TCP segment of a reassembled PDU]"
"33745","33.076531963","192.168.1.55","192.168.1.2","TCP","1514","8004  >  36146 [ACK] Seq=281102 Ack=144 Win=65024 Len=1448 TSval=2916037157 TSecr=3045556926 [TCP segment of a reassembled PDU]"
"33746","33.076533056","192.168.1.55","192.168.1.2","TCP","1514","8004  >  36146 [ACK] Seq=282550 Ack=144 Win=65024 Len=1448 TSval=2916037157 TSecr=3045556926 [TCP segment of a reassembled PDU]"
"33747","33.076534241","192.168.1.55","192.168.1.2","TCP","1514","8004  >  36146 [ACK] Seq=283998 Ack=144 Win=65024 Len=1448 TSval=2916037157 TSecr=3045556926 [TCP segment of a reassembled PDU]"
"33748","33.076535352","192.168.1.55","192.168.1.2","TCP","1514","8004  >  36146 [ACK] Seq=285446 Ack=144 Win=65024 Len=1448 TSval=2916037157 TSecr=3045556926 [TCP segment of a reassembled PDU]"
"33749","33.076536352","192.168.1.55","192.168.1.2","TCP","1514","8004  >  36146 [PSH, ACK] Seq=286894 Ack=144 Win=65024 Len=1448 TSval=2916037157 TSecr=3045556926 [TCP segment of a reassembled PDU]"
"33750","33.076562834","192.168.1.2","192.168.1.55","TCP","66","36146  >  8004 [ACK] Seq=144 Ack=213046 Win=80896 Len=0 TSval=3045556926 TSecr=2916037146"
"33751","33.077370687","192.168.1.2","192.168.1.55","TCP","66","36146  >  8004 [ACK] Seq=144 Ack=220286 Win=105472 Len=0 TSval=3045556930 TSecr=2916037149"
"33752","33.077414279","192.168.1.55","192.168.1.2","TCP","1514","8004  >  36146 [ACK] Seq=288342 Ack=144 Win=65024 Len=1448 TSval=2916037158 TSecr=3045556930 [TCP segment of a reassembled PDU]"
"33753","33.077418520","192.168.1.55","192.168.1.2","TCP","1514","8004  >  36146 [ACK] Seq=289790 Ack=144 Win=65024 Len=1448 TSval=2916037158 TSecr=3045556930 [TCP segment of a reassembled PDU]"
"33754","33.077420391","192.168.1.55","192.168.1.2","TCP","1514","8004  >  36146 [ACK] Seq=291238 Ack=144 Win=65024 Len=1448 TSval=2916037158 TSecr=3045556930 [TCP segment of a reassembled PDU]"
"33755","33.077422002","192.168.1.55","192.168.1.2","TCP","1514","8004  >  36146 [ACK] Seq=292686 Ack=144 Win=65024 Len=1448 TSval=2916037158 TSecr=3045556930 [TCP segment of a reassembled PDU]"
"33756","33.077423187","192.168.1.55","192.168.1.2","TCP","1514","8004  >  36146 [ACK] Seq=294134 Ack=144 Win=65024 Len=1448 TSval=2916037158 TSecr=3045556930 [TCP segment of a reassembled PDU]"
"33757","33.077424687","192.168.1.55","192.168.1.2","TCP","1514","8004  >  36146 [ACK] Seq=295582 Ack=144 Win=65024 Len=1448 TSval=2916037158 TSecr=3045556930 [TCP segment of a reassembled PDU]"
"33758","33.077426205","192.168.1.55","192.168.1.2","TCP","1514","8004  >  36146 [ACK] Seq=297030 Ack=144 Win=65024 Len=1448 TSval=2916037158 TSecr=3045556930 [TCP segment of a reassembled PDU]"
"33759","33.077428131","192.168.1.55","192.168.1.2","TCP","1514","8004  >  36146 [ACK] Seq=298478 Ack=144 Win=65024 Len=1448 TSval=2916037158 TSecr=3045556930 [TCP segment of a reassembled PDU]"
"33760","33.077429446","192.168.1.55","192.168.1.2","TCP","1514","8004  >  36146 [PSH, ACK] Seq=299926 Ack=144 Win=65024 Len=1448 TSval=2916037158 TSecr=3045556930 [TCP segment of a reassembled PDU]"
"33761","33.077435650","192.168.1.2","192.168.1.55","TCP","66","36146  >  8004 [ACK] Seq=144 Ack=255038 Win=75776 Len=0 TSval=3045556930 TSecr=2916037149"
"33762","33.077476502","192.168.1.55","192.168.1.2","TCP","1514","8004  >  36146 [ACK] Seq=301374 Ack=144 Win=65024 Len=1448 TSval=2916037158 TSecr=3045556930 [TCP segment of a reassembled PDU]"
"33763","33.077479002","192.168.1.55","192.168.1.2","TCP","1514","8004  >  36146 [ACK] Seq=302822 Ack=144 Win=65024 Len=1448 TSval=2916037158 TSecr=3045556930 [TCP segment of a reassembled PDU]"
"33764","33.077480576","192.168.1.55","192.168.1.2","TCP","1514","8004  >  36146 [ACK] Seq=304270 Ack=144 Win=65024 Len=1448 TSval=2916037158 TSecr=3045556930 [TCP segment of a reassembled PDU]"
"33765","33.077482742","192.168.1.55","192.168.1.2","TCP","1514","8004  >  36146 [ACK] Seq=305718 Ack=144 Win=65024 Len=1448 TSval=2916037158 TSecr=3045556930 [TCP segment of a reassembled PDU]"
"33766","33.077484891","192.168.1.55","192.168.1.2","TCP","1514","8004  >  36146 [ACK] Seq=307166 Ack=144 Win=65024 Len=1448 TSval=2916037158 TSecr=3045556930 [TCP segment of a reassembled PDU]"
"33767","33.077486668","192.168.1.55","192.168.1.2","TCP","1514","8004  >  36146 [ACK] Seq=308614 Ack=144 Win=65024 Len=1448 TSval=2916037158 TSecr=3045556930 [TCP segment of a reassembled PDU]"
"33768","33.077487835","192.168.1.55","192.168.1.2","TCP","1514","8004  >  36146 [ACK] Seq=310062 Ack=144 Win=65024 Len=1448 TSval=2916037158 TSecr=3045556930 [TCP segment of a reassembled PDU]"
"33769","33.077488761","192.168.1.55","192.168.1.2","TCP","1514","8004  >  36146 [ACK] Seq=311510 Ack=144 Win=65024 Len=1448 TSval=2916037158 TSecr=3045556930 [TCP segment of a reassembled PDU]"
"33770","33.077490039","192.168.1.55","192.168.1.2","TCP","1514","8004  >  36146 [ACK] Seq=312958 Ack=144 Win=65024 Len=1448 TSval=2916037158 TSecr=3045556930 [TCP segment of a reassembled PDU]"
"33771","33.077491409","192.168.1.55","192.168.1.2","TCP","1514","8004  >  36146 [ACK] Seq=314406 Ack=144 Win=65024 Len=1448 TSval=2916037158 TSecr=3045556930 [TCP segment of a reassembled PDU]"
"33772","33.077492372","192.168.1.55","192.168.1.2","TCP","1514","8004  >  36146 [ACK] Seq=315854 Ack=144 Win=65024 Len=1448 TSval=2916037158 TSecr=3045556930 [TCP segment of a reassembled PDU]"
"33773","33.077494243","192.168.1.55","192.168.1.2","TCP","1514","8004  >  36146 [ACK] Seq=317302 Ack=144 Win=65024 Len=1448 TSval=2916037158 TSecr=3045556930 [TCP segment of a reassembled PDU]"
"33774","33.077495391","192.168.1.55","192.168.1.2","TCP","1514","8004  >  36146 [ACK] Seq=318750 Ack=144 Win=65024 Len=1448 TSval=2916037158 TSecr=3045556930 [TCP segment of a reassembled PDU]"
"33775","33.077496928","192.168.1.55","192.168.1.2","TCP","1514","8004  >  36146 [ACK] Seq=320198 Ack=144 Win=65024 Len=1448 TSval=2916037158 TSecr=3045556930 [TCP segment of a reassembled PDU]"
"33776","33.077498076","192.168.1.55","192.168.1.2","TCP","1514","8004  >  36146 [ACK] Seq=321646 Ack=144 Win=65024 Len=1448 TSval=2916037158 TSecr=3045556930 [TCP segment of a reassembled PDU]"
"33777","33.077499613","192.168.1.55","192.168.1.2","TCP","1514","8004  >  36146 [ACK] Seq=323094 Ack=144 Win=65024 Len=1448 TSval=2916037158 TSecr=3045556930 [TCP segment of a reassembled PDU]"
"33778","33.077501409","192.168.1.55","192.168.1.2","TCP","1514","8004  >  36146 [ACK] Seq=324542 Ack=144 Win=65024 Len=1448 TSval=2916037158 TSecr=3045556930 [TCP segment of a reassembled PDU]"
"33779","33.077502576","192.168.1.55","192.168.1.2","TCP","1514","8004  >  36146 [ACK] Seq=325990 Ack=144 Win=65024 Len=1448 TSval=2916037158 TSecr=3045556930 [TCP segment of a reassembled PDU]"
"33780","33.077504798","192.168.1.55","192.168.1.2","TCP","1514","8004  >  36146 [ACK] Seq=327438 Ack=144 Win=65024 Len=1448 TSval=2916037158 TSecr=3045556930 [TCP segment of a reassembled PDU]"
"33781","33.077506391","192.168.1.55","192.168.1.2","TCP","1514","8004  >  36146 [PSH, ACK] Seq=328886 Ack=144 Win=65024 Len=1448 TSval=2916037158 TSecr=3045556930 [TCP segment of a reassembled PDU]"
"33782","33.077511780","192.168.1.2","192.168.1.55","TCP","66","36146  >  8004 [ACK] Seq=144 Ack=259998 Win=107520 Len=0 TSval=3045556931 TSecr=2916037149"
"33783","33.077534909","192.168.1.55","192.168.1.2","TCP","1514","8004  >  36146 [ACK] Seq=330334 Ack=144 Win=65024 Len=1448 TSval=2916037158 TSecr=3045556931 [TCP segment of a reassembled PDU]"
"33784","33.077537817","192.168.1.55","192.168.1.2","TCP","1514","8004  >  36146 [ACK] Seq=331782 Ack=144 Win=65024 Len=1448 TSval=2916037158 TSecr=3045556931 [TCP segment of a reassembled PDU]"
"33785","33.077539613","192.168.1.55","192.168.1.2","TCP","1514","8004  >  36146 [ACK] Seq=333230 Ack=144 Win=65024 Len=1448 TSval=2916037158 TSecr=3045556931 [TCP segment of a reassembled PDU]"
"33786","33.077541039","192.168.1.55","192.168.1.2","TCP","1514","8004  >  36146 [ACK] Seq=334678 Ack=144 Win=65024 Len=1448 TSval=2916037158 TSecr=3045556931 [TCP segment of a reassembled PDU]"
"33787","33.077542020","192.168.1.55","192.168.1.2","TCP","1514","8004  >  36146 [ACK] Seq=336126 Ack=144 Win=65024 Len=1448 TSval=2916037158 TSecr=3045556931 [TCP segment of a reassembled PDU]"
"33788","33.077543965","192.168.1.55","192.168.1.2","TCP","1514","8004  >  36146 [ACK] Seq=337574 Ack=144 Win=65024 Len=1448 TSval=2916037158 TSecr=3045556931 [TCP segment of a reassembled PDU]"
"33789","33.077545502","192.168.1.55","192.168.1.2","TCP","1514","8004  >  36146 [PSH, ACK] Seq=339022 Ack=144 Win=65024 Len=1448 TSval=2916037158 TSecr=3045556931 [TCP segment of a reassembled PDU]"
"33790","33.077549576","192.168.1.2","192.168.1.55","TCP","66","36146  >  8004 [ACK] Seq=144 Ack=262278 Win=107520 Len=0 TSval=3045556932 TSecr=2916037151"
"33791","33.077604798","192.168.1.55","192.168.1.2","TCP","1514","8004  >  36146 [ACK] Seq=340470 Ack=144 Win=65024 Len=1448 TSval=2916037158 TSecr=3045556932 [TCP segment of a reassembled PDU]"
"33792","33.077608724","192.168.1.55","192.168.1.2","TCP","1514","8004  >  36146 [ACK] Seq=341918 Ack=144 Win=65024 Len=1448 TSval=2916037158 TSecr=3045556932 [TCP segment of a reassembled PDU]"
"33793","33.077610724","192.168.1.55","192.168.1.2","TCP","1514","8004  >  36146 [ACK] Seq=343366 Ack=144 Win=65024 Len=1448 TSval=2916037158 TSecr=3045556932 [TCP segment of a reassembled PDU]"
"33794","33.077613132","192.168.1.55","192.168.1.2","TCP","1514","8004  >  36146 [ACK] Seq=344814 Ack=144 Win=65024 Len=1448 TSval=2916037158 TSecr=3045556932 [TCP segment of a reassembled PDU]"
"33795","33.077614354","192.168.1.55","192.168.1.2","TCP","1514","8004  >  36146 [ACK] Seq=346262 Ack=144 Win=65024 Len=1448 TSval=2916037158 TSecr=3045556932 [TCP segment of a reassembled PDU]"
"33796","33.077616520","192.168.1.55","192.168.1.2","TCP","1514","8004  >  36146 [ACK] Seq=347710 Ack=144 Win=65024 Len=1448 TSval=2916037158 TSecr=3045556932 [TCP segment of a reassembled PDU]"
"33797","33.077618354","192.168.1.55","192.168.1.2","TCP","1514","8004  >  36146 [ACK] Seq=349158 Ack=144 Win=65024 Len=1448 TSval=2916037158 TSecr=3045556932 [TCP segment of a reassembled PDU]"
"33798","33.077620095","192.168.1.55","192.168.1.2","TCP","1514","8004  >  36146 [ACK] Seq=350606 Ack=144 Win=65024 Len=1448 TSval=2916037158 TSecr=3045556932 [TCP segment of a reassembled PDU]"
"33799","33.077621409","192.168.1.55","192.168.1.2","TCP","1514","8004  >  36146 [ACK] Seq=352054 Ack=144 Win=65024 Len=1448 TSval=2916037158 TSecr=3045556932 [TCP segment of a reassembled PDU]"
"33800","33.077623428","192.168.1.55","192.168.1.2","TCP","1514","8004  >  36146 [ACK] Seq=353502 Ack=144 Win=65024 Len=1448 TSval=2916037158 TSecr=3045556932 [TCP segment of a reassembled PDU]"
"33801","33.077625632","192.168.1.55","192.168.1.2","TCP","1514","8004  >  36146 [ACK] Seq=354950 Ack=144 Win=65024 Len=1448 TSval=2916037158 TSecr=3045556932 [TCP segment of a reassembled PDU]"
"33802","33.077627224","192.168.1.55","192.168.1.2","TCP","1514","8004  >  36146 [ACK] Seq=356398 Ack=144 Win=65024 Len=1448 TSval=2916037158 TSecr=3045556932 [TCP segment of a reassembled PDU]"
"33803","33.077628446","192.168.1.55","192.168.1.2","TCP","1514","8004  >  36146 [ACK] Seq=357846 Ack=144 Win=65024 Len=1448 TSval=2916037158 TSecr=3045556932 [TCP segment of a reassembled PDU]"
"33804","33.077630169","192.168.1.55","192.168.1.2","TCP","1514","8004  >  36146 [ACK] Seq=359294 Ack=144 Win=65024 Len=1448 TSval=2916037158 TSecr=3045556932 [TCP segment of a reassembled PDU]"
"33805","33.077632132","192.168.1.55","192.168.1.2","TCP","1514","8004  >  36146 [ACK] Seq=360742 Ack=144 Win=65024 Len=1448 TSval=2916037158 TSecr=3045556932 [TCP segment of a reassembled PDU]"
"33806","33.077633483","192.168.1.55","192.168.1.2","TCP","1514","8004  >  36146 [ACK] Seq=362190 Ack=144 Win=65024 Len=1448 TSval=2916037158 TSecr=3045556932 [TCP segment of a reassembled PDU]"
"33807","33.077634928","192.168.1.55","192.168.1.2","TCP","1514","8004  >  36146 [ACK] Seq=363638 Ack=144 Win=65024 Len=1448 TSval=2916037158 TSecr=3045556932 [TCP segment of a reassembled PDU]"
"33808","33.077636465","192.168.1.55","192.168.1.2","TCP","1514","8004  >  36146 [ACK] Seq=365086 Ack=144 Win=65024 Len=1448 TSval=2916037158 TSecr=3045556932 [TCP segment of a reassembled PDU]"
"33809","33.077637891","192.168.1.55","192.168.1.2","TCP","1514","8004  >  36146 [ACK] Seq=366534 Ack=144 Win=65024 Len=1448 TSval=2916037158 TSecr=3045556932 [TCP segment of a reassembled PDU]"
"33810","33.077639817","192.168.1.55","192.168.1.2","TCP","1514","8004  >  36146 [ACK] Seq=367982 Ack=144 Win=65024 Len=1448 TSval=2916037158 TSecr=3045556932 [TCP segment of a reassembled PDU]"
"33811","33.077641335","192.168.1.55","192.168.1.2","TCP","434","[TCP Window Full] 8004  >  36146 [PSH, ACK] Seq=369430 Ack=144 Win=65024 Len=368 TSval=2916037158 TSecr=3045556932 [TCP segment of a reassembled PDU]"
"33812","33.083576641","192.168.1.2","192.168.1.55","TCP","66","36146  >  8004 [ACK] Seq=144 Ack=278206 Win=98304 Len=0 TSval=3045556934 TSecr=2916037157"
"33813","33.083611604","192.168.1.55","192.168.1.2","TCP","1514","8004  >  36146 [ACK] Seq=369798 Ack=144 Win=65024 Len=1448 TSval=2916037164 TSecr=3045556934 [TCP segment of a reassembled PDU]"
"33814","33.083616863","192.168.1.55","192.168.1.2","TCP","1514","8004  >  36146 [ACK] Seq=371246 Ack=144 Win=65024 Len=1448 TSval=2916037164 TSecr=3045556934 [TCP segment of a reassembled PDU]"
"33815","33.083618419","192.168.1.55","192.168.1.2","TCP","1514","8004  >  36146 [ACK] Seq=372694 Ack=144 Win=65024 Len=1448 TSval=2916037164 TSecr=3045556934 [TCP segment of a reassembled PDU]"
"33816","33.083620845","192.168.1.55","192.168.1.2","TCP","1514","8004  >  36146 [PSH, ACK] Seq=374142 Ack=144 Win=65024 Len=1448 TSval=2916037164 TSecr=3045556934 [TCP segment of a reassembled PDU]"
"33817","33.084218216","192.168.1.2","192.168.1.55","TCP","66","36146  >  8004 [ACK] Seq=144 Ack=288342 Win=102400 Len=0 TSval=3045556939 TSecr=2916037157"
"33818","33.084227605","192.168.1.55","192.168.1.2","TCP","1514","8004  >  36146 [ACK] Seq=375590 Ack=144 Win=65024 Len=1448 TSval=2916037164 TSecr=3045556939 [TCP segment of a reassembled PDU]"
"33819","33.084229864","192.168.1.55","192.168.1.2","TCP","1514","8004  >  36146 [PSH, ACK] Seq=377038 Ack=144 Win=65024 Len=1448 TSval=2916037164 TSecr=3045556939 [TCP segment of a reassembled PDU]"
"33820","33.084236494","192.168.1.55","192.168.1.2","TCP","1146","8004  >  36146 [ACK] Seq=378486 Ack=144 Win=65024 Len=1080 TSval=2916037164 TSecr=3045556939 [TCP segment of a reassembled PDU]"
"33821","33.084528346","192.168.1.2","192.168.1.55","TCP","66","36146  >  8004 [ACK] Seq=144 Ack=301374 Win=92160 Len=0 TSval=3045556939 TSecr=2916037158"
"33822","33.084578680","192.168.1.2","192.168.1.55","TCP","66","36146  >  8004 [ACK] Seq=144 Ack=330334 Win=67584 Len=0 TSval=3045556939 TSecr=2916037158"
"33823","33.084584643","192.168.1.2","192.168.1.55","TCP","66","36146  >  8004 [ACK] Seq=144 Ack=340470 Win=104448 Len=0 TSval=3045556939 TSecr=2916037158"
"33824","33.084614087","192.168.1.55","192.168.1.2","TCP","1514","8004  >  36146 [ACK] Seq=379566 Ack=144 Win=65024 Len=1448 TSval=2916037165 TSecr=3045556939 [TCP segment of a reassembled PDU]"
"33825","33.084616624","192.168.1.55","192.168.1.2","TCP","1514","8004  >  36146 [ACK] Seq=381014 Ack=144 Win=65024 Len=1448 TSval=2916037165 TSecr=3045556939 [TCP segment of a reassembled PDU]"
"33826","33.084617754","192.168.1.55","192.168.1.2","TCP","1514","8004  >  36146 [ACK] Seq=382462 Ack=144 Win=65024 Len=1448 TSval=2916037165 TSecr=3045556939 [TCP segment of a reassembled PDU]"
"33827","33.084618865","192.168.1.55","192.168.1.2","TCP","1514","8004  >  36146 [ACK] Seq=383910 Ack=144 Win=65024 Len=1448 TSval=2916037165 TSecr=3045556939 [TCP segment of a reassembled PDU]"
"33828","33.084619995","192.168.1.55","192.168.1.2","TCP","1514","8004  >  36146 [ACK] Seq=385358 Ack=144 Win=65024 Len=1448 TSval=2916037165 TSecr=3045556939 [TCP segment of a reassembled PDU]"
"33829","33.084621032","192.168.1.55","192.168.1.2","TCP","1514","8004  >  36146 [ACK] Seq=386806 Ack=144 Win=65024 Len=1448 TSval=2916037165 TSecr=3045556939 [TCP segment of a reassembled PDU]"
"33830","33.084622254","192.168.1.55","192.168.1.2","TCP","1514","8004  >  36146 [ACK] Seq=388254 Ack=144 Win=65024 Len=1448 TSval=2916037165 TSecr=3045556939 [TCP segment of a reassembled PDU]"
"33831","33.084623309","192.168.1.55","192.168.1.2","TCP","1514","8004  >  36146 [ACK] Seq=389702 Ack=144 Win=65024 Len=1448 TSval=2916037165 TSecr=3045556939 [TCP segment of a reassembled PDU]"
"33832","33.084624661","192.168.1.55","192.168.1.2","TCP","1514","8004  >  36146 [ACK] Seq=391150 Ack=144 Win=65024 Len=1448 TSval=2916037165 TSecr=3045556939 [TCP segment of a reassembled PDU]"
"33833","33.084625754","192.168.1.55","192.168.1.2","TCP","1514","8004  >  36146 [ACK] Seq=392598 Ack=144 Win=65024 Len=1448 TSval=2916037165 TSecr=3045556939 [TCP segment of a reassembled PDU]"
"33834","33.084627013","192.168.1.55","192.168.1.2","TCP","1514","8004  >  36146 [ACK] Seq=394046 Ack=144 Win=65024 Len=1448 TSval=2916037165 TSecr=3045556939 [TCP segment of a reassembled PDU]"
"33835","33.084628106","192.168.1.55","192.168.1.2","TCP","1514","8004  >  36146 [ACK] Seq=395494 Ack=144 Win=65024 Len=1448 TSval=2916037165 TSecr=3045556939 [TCP segment of a reassembled PDU]"
"33836","33.084629532","192.168.1.55","192.168.1.2","TCP","1514","8004  >  36146 [ACK] Seq=396942 Ack=144 Win=65024 Len=1448 TSval=2916037165 TSecr=3045556939 [TCP segment of a reassembled PDU]"
"33837","33.084630661","192.168.1.55","192.168.1.2","TCP","1514","8004  >  36146 [ACK] Seq=398390 Ack=144 Win=65024 Len=1448 TSval=2916037165 TSecr=3045556939 [TCP segment of a reassembled PDU]"
"33838","33.084632569","192.168.1.55","192.168.1.2","TCP","1514","8004  >  36146 [ACK] Seq=399838 Ack=144 Win=65024 Len=1448 TSval=2916037165 TSecr=3045556939 [TCP segment of a reassembled PDU]"
"33839","33.084634291","192.168.1.55","192.168.1.2","TCP","1514","8004  >  36146 [ACK] Seq=401286 Ack=144 Win=65024 Len=1448 TSval=2916037165 TSecr=3045556939 [TCP segment of a reassembled PDU]"
"33840","33.084635383","192.168.1.55","192.168.1.2","TCP","1514","8004  >  36146 [ACK] Seq=402734 Ack=144 Win=65024 Len=1448 TSval=2916037165 TSecr=3045556939 [TCP segment of a reassembled PDU]"
"33841","33.084637106","192.168.1.55","192.168.1.2","TCP","1514","8004  >  36146 [ACK] Seq=404182 Ack=144 Win=65024 Len=1448 TSval=2916037165 TSecr=3045556939 [TCP segment of a reassembled PDU]"
"33842","33.084638606","192.168.1.55","192.168.1.2","TCP","1514","8004  >  36146 [ACK] Seq=405630 Ack=144 Win=65024 Len=1448 TSval=2916037165 TSecr=3045556939 [TCP segment of a reassembled PDU]"
"33843","33.084639883","192.168.1.55","192.168.1.2","TCP","1514","8004  >  36146 [ACK] Seq=407078 Ack=144 Win=65024 Len=1448 TSval=2916037165 TSecr=3045556939 [TCP segment of a reassembled PDU]"
"33844","33.084641124","192.168.1.55","192.168.1.2","TCP","1514","8004  >  36146 [ACK] Seq=408526 Ack=144 Win=65024 Len=1448 TSval=2916037165 TSecr=3045556939 [TCP segment of a reassembled PDU]"
"33845","33.084642569","192.168.1.55","192.168.1.2","TCP","1514","8004  >  36146 [ACK] Seq=409974 Ack=144 Win=65024 Len=1448 TSval=2916037165 TSecr=3045556939 [TCP segment of a reassembled PDU]"
"33846","33.084643976","192.168.1.55","192.168.1.2","TCP","1514","8004  >  36146 [ACK] Seq=411422 Ack=144 Win=65024 Len=1448 TSval=2916037165 TSecr=3045556939 [TCP segment of a reassembled PDU]"
"33847","33.084645106","192.168.1.55","192.168.1.2","TCP","1514","8004  >  36146 [ACK] Seq=412870 Ack=144 Win=65024 Len=1448 TSval=2916037165 TSecr=3045556939 [TCP segment of a reassembled PDU]"
"33848","33.084646476","192.168.1.55","192.168.1.2","TCP","1514","8004  >  36146 [ACK] Seq=414318 Ack=144 Win=65024 Len=1448 TSval=2916037165 TSecr=3045556939 [TCP segment of a reassembled PDU]"
"33849","33.084647921","192.168.1.55","192.168.1.2","TCP","1514","8004  >  36146 [ACK] Seq=415766 Ack=144 Win=65024 Len=1448 TSval=2916037165 TSecr=3045556939 [TCP segment of a reassembled PDU]"
"33850","33.084649421","192.168.1.55","192.168.1.2","TCP","1514","8004  >  36146 [PSH, ACK] Seq=417214 Ack=144 Win=65024 Len=1448 TSval=2916037165 TSecr=3045556939 [TCP segment of a reassembled PDU]"
"33851","33.084704606","192.168.1.2","192.168.1.55","TCP","66","36146  >  8004 [ACK] Seq=144 Ack=369430 Win=79872 Len=0 TSval=3045556939 TSecr=2916037158"
"33852","33.084744958","192.168.1.55","192.168.1.2","TCP","1514","8004  >  36146 [ACK] Seq=418662 Ack=144 Win=65024 Len=1448 TSval=2916037165 TSecr=3045556939 [TCP segment of a reassembled PDU]"
"33853","33.084747773","192.168.1.55","192.168.1.2","TCP","1514","8004  >  36146 [ACK] Seq=420110 Ack=144 Win=65024 Len=1448 TSval=2916037165 TSecr=3045556939 [TCP segment of a reassembled PDU]"
"33854","33.084749124","192.168.1.55","192.168.1.2","TCP","1514","8004  >  36146 [ACK] Seq=421558 Ack=144 Win=65024 Len=1448 TSval=2916037165 TSecr=3045556939 [TCP segment of a reassembled PDU]"
"33855","33.084750161","192.168.1.55","192.168.1.2","TCP","1514","8004  >  36146 [ACK] Seq=423006 Ack=144 Win=65024 Len=1448 TSval=2916037165 TSecr=3045556939 [TCP segment of a reassembled PDU]"
"33856","33.084751717","192.168.1.55","192.168.1.2","TCP","1514","8004  >  36146 [ACK] Seq=424454 Ack=144 Win=65024 Len=1448 TSval=2916037165 TSecr=3045556939 [TCP segment of a reassembled PDU]"
"33857","33.084752958","192.168.1.55","192.168.1.2","TCP","1514","8004  >  36146 [ACK] Seq=425902 Ack=144 Win=65024 Len=1448 TSval=2916037165 TSecr=3045556939 [TCP segment of a reassembled PDU]"
"33858","33.084754106","192.168.1.55","192.168.1.2","TCP","1514","8004  >  36146 [ACK] Seq=427350 Ack=144 Win=65024 Len=1448 TSval=2916037165 TSecr=3045556939 [TCP segment of a reassembled PDU]"
"33859","33.084755273","192.168.1.55","192.168.1.2","TCP","1514","8004  >  36146 [ACK] Seq=428798 Ack=144 Win=65024 Len=1448 TSval=2916037165 TSecr=3045556939 [TCP segment of a reassembled PDU]"
"33860","33.084756698","192.168.1.55","192.168.1.2","TCP","1514","8004  >  36146 [ACK] Seq=430246 Ack=144 Win=65024 Len=1448 TSval=2916037165 TSecr=3045556939 [TCP segment of a reassembled PDU]"
"33861","33.084758032","192.168.1.55","192.168.1.2","TCP","1514","8004  >  36146 [ACK] Seq=431694 Ack=144 Win=65024 Len=1448 TSval=2916037165 TSecr=3045556939 [TCP segment of a reassembled PDU]"
"33862","33.084759384","192.168.1.55","192.168.1.2","TCP","1514","8004  >  36146 [ACK] Seq=433142 Ack=144 Win=65024 Len=1448 TSval=2916037165 TSecr=3045556939 [TCP segment of a reassembled PDU]"
"33863","33.084760495","192.168.1.55","192.168.1.2","TCP","1514","8004  >  36146 [ACK] Seq=434590 Ack=144 Win=65024 Len=1448 TSval=2916037165 TSecr=3045556939 [TCP segment of a reassembled PDU]"
"33864","33.084761606","192.168.1.55","192.168.1.2","TCP","1514","8004  >  36146 [ACK] Seq=436038 Ack=144 Win=65024 Len=1448 TSval=2916037165 TSecr=3045556939 [TCP segment of a reassembled PDU]"
"33865","33.084763161","192.168.1.55","192.168.1.2","TCP","1514","8004  >  36146 [ACK] Seq=437486 Ack=144 Win=65024 Len=1448 TSval=2916037165 TSecr=3045556939 [TCP segment of a reassembled PDU]"
"33866","33.084764328","192.168.1.55","192.168.1.2","TCP","1514","8004  >  36146 [ACK] Seq=438934 Ack=144 Win=65024 Len=1448 TSval=2916037165 TSecr=3045556939 [TCP segment of a reassembled PDU]"
"33867","33.084766069","192.168.1.55","192.168.1.2","TCP","1514","8004  >  36146 [ACK] Seq=440382 Ack=144 Win=65024 Len=1448 TSval=2916037165 TSecr=3045556939 [TCP segment of a reassembled PDU]"
"33868","33.084767291","192.168.1.55","192.168.1.2","TCP","1514","8004  >  36146 [ACK] Seq=441830 Ack=144 Win=65024 Len=1448 TSval=2916037165 TSecr=3045556939 [TCP segment of a reassembled PDU]"
"33869","33.084768699","192.168.1.55","192.168.1.2","TCP","1514","8004  >  36146 [ACK] Seq=443278 Ack=144 Win=65024 Len=1448 TSval=2916037165 TSecr=3045556939 [TCP segment of a reassembled PDU]"
"33870","33.084770199","192.168.1.55","192.168.1.2","TCP","1514","8004  >  36146 [ACK] Seq=444726 Ack=144 Win=65024 Len=1448 TSval=2916037165 TSecr=3045556939 [TCP segment of a reassembled PDU]"
"33871","33.084771569","192.168.1.55","192.168.1.2","TCP","1514","8004  >  36146 [ACK] Seq=446174 Ack=144 Win=65024 Len=1448 TSval=2916037165 TSecr=3045556939 [TCP segment of a reassembled PDU]"
"33872","33.084773087","192.168.1.55","192.168.1.2","TCP","1514","8004  >  36146 [PSH, ACK] Seq=447622 Ack=144 Win=65024 Len=1448 TSval=2916037165 TSecr=3045556939 [TCP segment of a reassembled PDU]"
"33873","33.084778199","192.168.1.2","192.168.1.55","TCP","66","36146  >  8004 [ACK] Seq=144 Ack=369798 Win=109568 Len=0 TSval=3045556940 TSecr=2916037158"
"33874","33.084792273","192.168.1.55","192.168.1.2","TCP","1514","8004  >  36146 [ACK] Seq=449070 Ack=144 Win=65024 Len=1448 TSval=2916037165 TSecr=3045556940 [TCP segment of a reassembled PDU]"
"33875","33.084794365","192.168.1.55","192.168.1.2","TCP","1514","8004  >  36146 [ACK] Seq=450518 Ack=144 Win=65024 Len=1448 TSval=2916037165 TSecr=3045556940 [TCP segment of a reassembled PDU]"
"33876","33.084795439","192.168.1.55","192.168.1.2","TCP","1514","8004  >  36146 [ACK] Seq=451966 Ack=144 Win=65024 Len=1448 TSval=2916037165 TSecr=3045556940 [TCP segment of a reassembled PDU]"
"33877","33.084796495","192.168.1.55","192.168.1.2","TCP","1514","8004  >  36146 [ACK] Seq=453414 Ack=144 Win=65024 Len=1448 TSval=2916037165 TSecr=3045556940 [TCP segment of a reassembled PDU]"
"33878","33.084797828","192.168.1.55","192.168.1.2","TCP","1514","8004  >  36146 [ACK] Seq=454862 Ack=144 Win=65024 Len=1448 TSval=2916037165 TSecr=3045556940 [TCP segment of a reassembled PDU]"
"33879","33.084799180","192.168.1.55","192.168.1.2","TCP","1514","8004  >  36146 [PSH, ACK] Seq=456310 Ack=144 Win=65024 Len=1448 TSval=2916037165 TSecr=3045556940 [TCP segment of a reassembled PDU]"
"33880","33.084825717","192.168.1.55","192.168.1.2","TCP","1514","8004  >  36146 [ACK] Seq=457758 Ack=144 Win=65024 Len=1448 TSval=2916037165 TSecr=3045556940 [TCP segment of a reassembled PDU]"
"33881","33.084827587","192.168.1.55","192.168.1.2","TCP","1514","8004  >  36146 [ACK] Seq=459206 Ack=144 Win=65024 Len=1448 TSval=2916037165 TSecr=3045556940 [TCP segment of a reassembled PDU]"
"33882","33.084828717","192.168.1.55","192.168.1.2","TCP","1514","8004  >  36146 [ACK] Seq=460654 Ack=144 Win=65024 Len=1448 TSval=2916037165 TSecr=3045556940 [TCP segment of a reassembled PDU]"
"33883","33.084830273","192.168.1.55","192.168.1.2","TCP","1514","8004  >  36146 [ACK] Seq=462102 Ack=144 Win=65024 Len=1448 TSval=2916037165 TSecr=3045556940 [TCP segment of a reassembled PDU]"
"33884","33.084831384","192.168.1.55","192.168.1.2","TCP","1514","8004  >  36146 [ACK] Seq=463550 Ack=144 Win=65024 Len=1448 TSval=2916037165 TSecr=3045556940 [TCP segment of a reassembled PDU]"
"33885","33.084832606","192.168.1.55","192.168.1.2","TCP","1514","8004  >  36146 [ACK] Seq=464998 Ack=144 Win=65024 Len=1448 TSval=2916037165 TSecr=3045556940 [TCP segment of a reassembled PDU]"
"33886","33.084834273","192.168.1.55","192.168.1.2","TCP","1514","8004  >  36146 [ACK] Seq=466446 Ack=144 Win=65024 Len=1448 TSval=2916037165 TSecr=3045556940 [TCP segment of a reassembled PDU]"
"33887","33.084835791","192.168.1.55","192.168.1.2","TCP","1514","8004  >  36146 [ACK] Seq=467894 Ack=144 Win=65024 Len=1448 TSval=2916037165 TSecr=3045556940 [TCP segment of a reassembled PDU]"
"33888","33.084836865","192.168.1.55","192.168.1.2","TCP","1514","8004  >  36146 [ACK] Seq=469342 Ack=144 Win=65024 Len=1448 TSval=2916037165 TSecr=3045556940 [TCP segment of a reassembled PDU]"
"33889","33.084845032","192.168.1.55","192.168.1.2","TCP","1514","8004  >  36146 [ACK] Seq=470790 Ack=144 Win=65024 Len=1448 TSval=2916037165 TSecr=3045556940 [TCP segment of a reassembled PDU]"
"33890","33.084846847","192.168.1.55","192.168.1.2","TCP","1514","8004  >  36146 [ACK] Seq=472238 Ack=144 Win=65024 Len=1448 TSval=2916037165 TSecr=3045556940 [TCP segment of a reassembled PDU]"
"33891","33.084848125","192.168.1.55","192.168.1.2","TCP","1514","8004  >  36146 [ACK] Seq=473686 Ack=144 Win=65024 Len=1448 TSval=2916037165 TSecr=3045556940 [TCP segment of a reassembled PDU]"
"33892","33.084849291","192.168.1.55","192.168.1.2","TCP","1514","8004  >  36146 [ACK] Seq=475134 Ack=144 Win=65024 Len=1448 TSval=2916037165 TSecr=3045556940 [TCP segment of a reassembled PDU]"
"33893","33.084850347","192.168.1.55","192.168.1.2","TCP","1514","8004  >  36146 [PSH, ACK] Seq=476582 Ack=144 Win=65024 Len=1448 TSval=2916037165 TSecr=3045556940 [TCP segment of a reassembled PDU]"
"33894","33.086083312","192.168.1.2","192.168.1.55","TCP","66","36146  >  8004 [ACK] Seq=144 Ack=371246 Win=110592 Len=0 TSval=3045556941 TSecr=2916037164"
"33895","33.086118182","192.168.1.55","192.168.1.2","TCP","1514","8004  >  36146 [ACK] Seq=478030 Ack=144 Win=65024 Len=1448 TSval=2916037166 TSecr=3045556941 [TCP segment of a reassembled PDU]"
"33896","33.086121441","192.168.1.55","192.168.1.2","TCP","1514","8004  >  36146 [PSH, ACK] Seq=479478 Ack=144 Win=65024 Len=1448 TSval=2916037166 TSecr=3045556941 [TCP segment of a reassembled PDU]"
"33897","33.090954875","192.168.1.2","192.168.1.55","TCP","66","36146  >  8004 [ACK] Seq=144 Ack=382462 Win=110592 Len=0 TSval=3045556946 TSecr=2916037164"
"33898","33.090987005","192.168.1.55","192.168.1.2","TCP","1514","8004  >  36146 [ACK] Seq=480926 Ack=144 Win=65024 Len=1448 TSval=2916037171 TSecr=3045556946 [TCP segment of a reassembled PDU]"
"33899","33.090990986","192.168.1.55","192.168.1.2","TCP","1514","8004  >  36146 [ACK] Seq=482374 Ack=144 Win=65024 Len=1448 TSval=2916037171 TSecr=3045556946 [TCP segment of a reassembled PDU]"
"33900","33.090992949","192.168.1.55","192.168.1.2","TCP","1514","8004  >  36146 [ACK] Seq=483822 Ack=144 Win=65024 Len=1448 TSval=2916037171 TSecr=3045556946 [TCP segment of a reassembled PDU]"
"33901","33.090994727","192.168.1.55","192.168.1.2","TCP","1514","8004  >  36146 [ACK] Seq=485270 Ack=144 Win=65024 Len=1448 TSval=2916037171 TSecr=3045556946 [TCP segment of a reassembled PDU]"
"33902","33.090996468","192.168.1.55","192.168.1.2","TCP","1514","8004  >  36146 [ACK] Seq=486718 Ack=144 Win=65024 Len=1448 TSval=2916037171 TSecr=3045556946 [TCP segment of a reassembled PDU]"
"33903","33.090998820","192.168.1.55","192.168.1.2","TCP","1514","8004  >  36146 [ACK] Seq=488166 Ack=144 Win=65024 Len=1448 TSval=2916037171 TSecr=3045556946 [TCP segment of a reassembled PDU]"
"33904","33.091000375","192.168.1.55","192.168.1.2","TCP","1514","8004  >  36146 [ACK] Seq=489614 Ack=144 Win=65024 Len=1448 TSval=2916037171 TSecr=3045556946 [TCP segment of a reassembled PDU]"
"33905","33.091001505","192.168.1.55","192.168.1.2","TCP","1514","8004  >  36146 [ACK] Seq=491062 Ack=144 Win=65024 Len=1448 TSval=2916037171 TSecr=3045556946 [TCP segment of a reassembled PDU]"
"33906","33.091003431","192.168.1.55","192.168.1.2","TCP","610","[TCP Window Full] 8004  >  36146 [PSH, ACK] Seq=492510 Ack=144 Win=65024 Len=544 TSval=2916037171 TSecr=3045556946 [TCP segment of a reassembled PDU]"
"33907","33.091622635","192.168.1.2","192.168.1.55","TCP","66","36146  >  8004 [ACK] Seq=144 Ack=418662 Win=156672 Len=0 TSval=3045556947 TSecr=2916037165"
"33908","33.091638932","192.168.1.55","192.168.1.2","TCP","1514","8004  >  36146 [ACK] Seq=493054 Ack=144 Win=65024 Len=1448 TSval=2916037172 TSecr=3045556947 [TCP segment of a reassembled PDU]"
"33909","33.091641024","192.168.1.55","192.168.1.2","TCP","1514","8004  >  36146 [ACK] Seq=494502 Ack=144 Win=65024 Len=1448 TSval=2916037172 TSecr=3045556947 [TCP segment of a reassembled PDU]"
"33910","33.091642635","192.168.1.55","192.168.1.2","TCP","970","8004  >  36146 [PSH, ACK] Seq=495950 Ack=144 Win=65024 Len=904 TSval=2916037172 TSecr=3045556947 [TCP segment of a reassembled PDU]"
"33911","33.091651450","192.168.1.55","192.168.1.2","TCP","1514","8004  >  36146 [ACK] Seq=496854 Ack=144 Win=65024 Len=1448 TSval=2916037172 TSecr=3045556947 [TCP segment of a reassembled PDU]"
"33912","33.091657450","192.168.1.55","192.168.1.2","HTTP","222","HTTP/1.0 200 OK  (PNG)"
"33913","33.091915877","192.168.1.2","192.168.1.55","TCP","66","36146  >  8004 [ACK] Seq=144 Ack=449070 Win=130048 Len=0 TSval=3045556947 TSecr=2916037165"
"33914","33.091923395","192.168.1.2","192.168.1.55","TCP","66","36146  >  8004 [ACK] Seq=144 Ack=457758 Win=153600 Len=0 TSval=3045556947 TSecr=2916037165"
"33915","33.091927506","192.168.1.2","192.168.1.55","TCP","66","36146  >  8004 [ACK] Seq=144 Ack=472238 Win=141312 Len=0 TSval=3045556947 TSecr=2916037165"
"33916","33.094268621","192.168.1.2","192.168.1.55","TCP","66","36146  >  8004 [ACK] Seq=144 Ack=473686 Win=158720 Len=0 TSval=3045556949 TSecr=2916037165"
"33917","33.094433029","192.168.1.2","192.168.1.55","TCP","66","36146  >  8004 [ACK] Seq=144 Ack=478030 Win=167936 Len=0 TSval=3045556949 TSecr=2916037165"
"33918","33.094439436","192.168.1.2","192.168.1.55","TCP","66","36146  >  8004 [ACK] Seq=144 Ack=491062 Win=169984 Len=0 TSval=3045556949 TSecr=2916037166"
"33919","33.094444584","192.168.1.2","192.168.1.55","TCP","66","36146  >  8004 [ACK] Seq=144 Ack=492510 Win=169984 Len=0 TSval=3045556949 TSecr=2916037171"
"33920","33.095141345","192.168.1.2","192.168.1.55","TCP","66","36146  >  8004 [ACK] Seq=144 Ack=493054 Win=173056 Len=0 TSval=3045556951 TSecr=2916037171"
"33921","33.095251993","192.168.1.2","192.168.1.55","TCP","66","36146  >  8004 [ACK] Seq=144 Ack=496854 Win=180224 Len=0 TSval=3045556951 TSecr=2916037172"
"33922","33.095984290","192.168.1.2","192.168.1.55","TCP","66","36146  >  8004 [ACK] Seq=144 Ack=498302 Win=183296 Len=0 TSval=3045556951 TSecr=2916037172"
"33923","33.097458256","192.168.1.2","192.168.1.55","TCP","66","36146  >  8004 [FIN, ACK] Seq=144 Ack=498459 Win=186368 Len=0 TSval=3045556952 TSecr=2916037172"
"33924","33.097469589","192.168.1.55","192.168.1.2","TCP","66","8004  >  36146 [ACK] Seq=498459 Ack=145 Win=65024 Len=0 TSval=2916037178 TSecr=3045556952"
"33925","33.097569793","192.168.1.2","192.168.1.55","TCP","74","36150  >  8004 [SYN] Seq=0 Win=64240 Len=0 MSS=1460 SACK_PERM TSval=3045556952 TSecr=0 WS=1024"
"33926","33.097593811","192.168.1.55","192.168.1.2","TCP","74","8004  >  36150 [SYN, ACK] Seq=0 Ack=1 Win=65160 Len=0 MSS=1460 SACK_PERM TSval=2916037178 TSecr=3045556952 WS=128"
"33927","33.101183650","192.168.1.2","192.168.1.55","TCP","66","36150  >  8004 [ACK] Seq=1 Ack=1 Win=64512 Len=0 TSval=3045556955 TSecr=2916037178"
"33928","33.104055692","192.168.1.2","192.168.1.55","HTTP","206","GET /stego_benchmark.png HTTP/1.1 "
"33929","33.104068692","192.168.1.55","192.168.1.2","TCP","66","8004  >  36150 [ACK] Seq=1 Ack=141 Win=65024 Len=0 TSval=2916037184 TSecr=3045556955"
"33930","33.104553397","192.168.1.55","192.168.1.2","TCP","255","8004  >  36150 [PSH, ACK] Seq=1 Ack=141 Win=65024 Len=189 TSval=2916037185 TSecr=3045556955 [TCP segment of a reassembled PDU]"
"33931","33.104636397","192.168.1.55","192.168.1.2","TCP","1514","8004  >  36150 [ACK] Seq=190 Ack=141 Win=65024 Len=1448 TSval=2916037185 TSecr=3045556955 [TCP segment of a reassembled PDU]"
"33932","33.104640915","192.168.1.55","192.168.1.2","TCP","1514","8004  >  36150 [ACK] Seq=1638 Ack=141 Win=65024 Len=1448 TSval=2916037185 TSecr=3045556955 [TCP segment of a reassembled PDU]"
"33933","33.104642452","192.168.1.55","192.168.1.2","TCP","1514","8004  >  36150 [ACK] Seq=3086 Ack=141 Win=65024 Len=1448 TSval=2916037185 TSecr=3045556955 [TCP segment of a reassembled PDU]"
"33934","33.104643989","192.168.1.55","192.168.1.2","TCP","1514","8004  >  36150 [ACK] Seq=4534 Ack=141 Win=65024 Len=1448 TSval=2916037185 TSecr=3045556955 [TCP segment of a reassembled PDU]"
"33935","33.104645841","192.168.1.55","192.168.1.2","TCP","1514","8004  >  36150 [PSH, ACK] Seq=5982 Ack=141 Win=65024 Len=1448 TSval=2916037185 TSecr=3045556955 [TCP segment of a reassembled PDU]"
"33936","33.104661619","192.168.1.55","192.168.1.2","TCP","1514","8004  >  36150 [ACK] Seq=7430 Ack=141 Win=65024 Len=1448 TSval=2916037185 TSecr=3045556955 [TCP segment of a reassembled PDU]"
"33937","33.104663304","192.168.1.55","192.168.1.2","TCP","1514","8004  >  36150 [ACK] Seq=8878 Ack=141 Win=65024 Len=1448 TSval=2916037185 TSecr=3045556955 [TCP segment of a reassembled PDU]"
"33938","33.104664675","192.168.1.55","192.168.1.2","TCP","1514","8004  >  36150 [ACK] Seq=10326 Ack=141 Win=65024 Len=1448 TSval=2916037185 TSecr=3045556955 [TCP segment of a reassembled PDU]"
"33939","33.104666045","192.168.1.55","192.168.1.2","TCP","1514","8004  >  36150 [PSH, ACK] Seq=11774 Ack=141 Win=65024 Len=1448 TSval=2916037185 TSecr=3045556955 [TCP segment of a reassembled PDU]"
"33940","33.110442665","192.168.1.2","192.168.1.55","TCP","66","36150  >  8004 [ACK] Seq=141 Ack=190 Win=64512 Len=0 TSval=3045556963 TSecr=2916037185"
"33941","33.110513165","192.168.1.55","192.168.1.2","TCP","1514","8004  >  36150 [ACK] Seq=13222 Ack=141 Win=65024 Len=1448 TSval=2916037191 TSecr=3045556963 [TCP segment of a reassembled PDU]"
"33942","33.110519813","192.168.1.55","192.168.1.2","TCP","1514","8004  >  36150 [PSH, ACK] Seq=14670 Ack=141 Win=65024 Len=1448 TSval=2916037191 TSecr=3045556963 [TCP segment of a reassembled PDU]"
"33943","33.110614573","192.168.1.2","192.168.1.55","TCP","66","36150  >  8004 [ACK] Seq=141 Ack=4534 Win=64512 Len=0 TSval=3045556963 TSecr=2916037185"
"33944","33.110678406","192.168.1.55","192.168.1.2","TCP","1514","8004  >  36150 [ACK] Seq=16118 Ack=141 Win=65024 Len=1448 TSval=2916037191 TSecr=3045556963 [TCP segment of a reassembled PDU]"
"33945","33.110683980","192.168.1.55","192.168.1.2","TCP","1514","8004  >  36150 [ACK] Seq=17566 Ack=141 Win=65024 Len=1448 TSval=2916037191 TSecr=3045556963 [TCP segment of a reassembled PDU]"
"33946","33.110685499","192.168.1.55","192.168.1.2","TCP","1514","8004  >  36150 [ACK] Seq=19014 Ack=141 Win=65024 Len=1448 TSval=2916037191 TSecr=3045556963 [TCP segment of a reassembled PDU]"
"33947","33.110687388","192.168.1.55","192.168.1.2","TCP","1514","8004  >  36150 [ACK] Seq=20462 Ack=141 Win=65024 Len=1448 TSval=2916037191 TSecr=3045556963 [TCP segment of a reassembled PDU]"
"33948","33.110688980","192.168.1.55","192.168.1.2","TCP","1514","8004  >  36150 [ACK] Seq=21910 Ack=141 Win=65024 Len=1448 TSval=2916037191 TSecr=3045556963 [TCP segment of a reassembled PDU]"
"33949","33.110690443","192.168.1.55","192.168.1.2","TCP","1514","8004  >  36150 [PSH, ACK] Seq=23358 Ack=141 Win=65024 Len=1448 TSval=2916037191 TSecr=3045556963 [TCP segment of a reassembled PDU]"
"33950","33.110699703","192.168.1.2","192.168.1.55","TCP","66","36150  >  8004 [ACK] Seq=141 Ack=7430 Win=67584 Len=0 TSval=3045556963 TSecr=2916037185"
"33951","33.110709795","192.168.1.2","192.168.1.55","TCP","66","36150  >  8004 [ACK] Seq=141 Ack=13222 Win=65536 Len=0 TSval=3045556963 TSecr=2916037185"
"33952","33.110738203","192.168.1.55","192.168.1.2","TCP","1514","8004  >  36150 [ACK] Seq=24806 Ack=141 Win=65024 Len=1448 TSval=2916037191 TSecr=3045556963 [TCP segment of a reassembled PDU]"
"33953","33.110740666","192.168.1.55","192.168.1.2","TCP","1514","8004  >  36150 [ACK] Seq=26254 Ack=141 Win=65024 Len=1448 TSval=2916037191 TSecr=3045556963 [TCP segment of a reassembled PDU]"
"33954","33.110742721","192.168.1.55","192.168.1.2","TCP","1514","8004  >  36150 [ACK] Seq=27702 Ack=141 Win=65024 Len=1448 TSval=2916037191 TSecr=3045556963 [TCP segment of a reassembled PDU]"
"33955","33.110743999","192.168.1.55","192.168.1.2","TCP","1514","8004  >  36150 [ACK] Seq=29150 Ack=141 Win=65024 Len=1448 TSval=2916037191 TSecr=3045556963 [TCP segment of a reassembled PDU]"
"33956","33.110745425","192.168.1.55","192.168.1.2","TCP","1514","8004  >  36150 [ACK] Seq=30598 Ack=141 Win=65024 Len=1448 TSval=2916037191 TSecr=3045556963 [TCP segment of a reassembled PDU]"
"33957","33.110746684","192.168.1.55","192.168.1.2","TCP","1514","8004  >  36150 [ACK] Seq=32046 Ack=141 Win=65024 Len=1448 TSval=2916037191 TSecr=3045556963 [TCP segment of a reassembled PDU]"
"33958","33.110747980","192.168.1.55","192.168.1.2","TCP","1514","8004  >  36150 [ACK] Seq=33494 Ack=141 Win=65024 Len=1448 TSval=2916037191 TSecr=3045556963 [TCP segment of a reassembled PDU]"
"33959","33.110749369","192.168.1.55","192.168.1.2","TCP","1514","8004  >  36150 [ACK] Seq=34942 Ack=141 Win=65024 Len=1448 TSval=2916037191 TSecr=3045556963 [TCP segment of a reassembled PDU]"
"33960","33.110750777","192.168.1.55","192.168.1.2","TCP","1514","8004  >  36150 [ACK] Seq=36390 Ack=141 Win=65024 Len=1448 TSval=2916037191 TSecr=3045556963 [TCP segment of a reassembled PDU]"
"33961","33.110752147","192.168.1.55","192.168.1.2","TCP","1514","8004  >  36150 [PSH, ACK] Seq=37838 Ack=141 Win=65024 Len=1448 TSval=2916037191 TSecr=3045556963 [TCP segment of a reassembled PDU]"
"33962","33.111467408","192.168.1.55","192.168.1.2","TCP","1514","8004  >  36150 [ACK] Seq=39286 Ack=141 Win=65024 Len=1448 TSval=2916037192 TSecr=3045556963 [TCP segment of a reassembled PDU]"
"33963","33.111469537","192.168.1.55","192.168.1.2","TCP","1514","8004  >  36150 [PSH, ACK] Seq=40734 Ack=141 Win=65024 Len=1448 TSval=2916037192 TSecr=3045556963 [TCP segment of a reassembled PDU]"
"33964","33.115179006","192.168.1.2","192.168.1.55","TCP","66","36150  >  8004 [ACK] Seq=141 Ack=16118 Win=67584 Len=0 TSval=3045556969 TSecr=2916037191"
"33965","33.115189191","192.168.1.55","192.168.1.2","TCP","1514","8004  >  36150 [ACK] Seq=42182 Ack=141 Win=65024 Len=1448 TSval=2916037195 TSecr=3045556969 [TCP segment of a reassembled PDU]"
"33966","33.115191599","192.168.1.55","192.168.1.2","TCP","1514","8004  >  36150 [PSH, ACK] Seq=43630 Ack=141 Win=65024 Len=1448 TSval=2916037195 TSecr=3045556969 [TCP segment of a reassembled PDU]"
"33967","33.115391784","192.168.1.2","192.168.1.55","TCP","66","36150  >  8004 [ACK] Seq=141 Ack=24806 Win=61440 Len=0 TSval=3045556970 TSecr=2916037191"
"33968","33.115408469","192.168.1.55","192.168.1.2","TCP","1514","8004  >  36150 [ACK] Seq=45078 Ack=141 Win=65024 Len=1448 TSval=2916037196 TSecr=3045556970 [TCP segment of a reassembled PDU]"
"33969","33.115410562","192.168.1.55","192.168.1.2","TCP","1514","8004  >  36150 [ACK] Seq=46526 Ack=141 Win=65024 Len=1448 TSval=2916037196 TSecr=3045556970 [TCP segment of a reassembled PDU]"
"33970","33.115411895","192.168.1.55","192.168.1.2","TCP","1514","8004  >  36150 [ACK] Seq=47974 Ack=141 Win=65024 Len=1448 TSval=2916037196 TSecr=3045556970 [TCP segment of a reassembled PDU]"
"33971","33.115413155","192.168.1.55","192.168.1.2","TCP","1514","8004  >  36150 [ACK] Seq=49422 Ack=141 Win=65024 Len=1448 TSval=2916037196 TSecr=3045556970 [TCP segment of a reassembled PDU]"
"33972","33.115414655","192.168.1.55","192.168.1.2","TCP","1514","8004  >  36150 [ACK] Seq=50870 Ack=141 Win=65024 Len=1448 TSval=2916037196 TSecr=3045556970 [TCP segment of a reassembled PDU]"
"33973","33.115416155","192.168.1.55","192.168.1.2","TCP","1514","8004  >  36150 [ACK] Seq=52318 Ack=141 Win=65024 Len=1448 TSval=2916037196 TSecr=3045556970 [TCP segment of a reassembled PDU]"
"33974","33.115417340","192.168.1.55","192.168.1.2","TCP","1514","8004  >  36150 [ACK] Seq=53766 Ack=141 Win=65024 Len=1448 TSval=2916037196 TSecr=3045556970 [TCP segment of a reassembled PDU]"
"33975","33.115418618","192.168.1.55","192.168.1.2","TCP","1514","8004  >  36150 [ACK] Seq=55214 Ack=141 Win=65024 Len=1448 TSval=2916037196 TSecr=3045556970 [TCP segment of a reassembled PDU]"
"33976","33.115419858","192.168.1.55","192.168.1.2","TCP","1514","8004  >  36150 [ACK] Seq=56662 Ack=141 Win=65024 Len=1448 TSval=2916037196 TSecr=3045556970 [TCP segment of a reassembled PDU]"
"33977","33.115421006","192.168.1.55","192.168.1.2","TCP","1514","8004  >  36150 [ACK] Seq=58110 Ack=141 Win=65024 Len=1448 TSval=2916037196 TSecr=3045556970 [TCP segment of a reassembled PDU]"
"33978","33.115422395","192.168.1.55","192.168.1.2","TCP","1514","8004  >  36150 [ACK] Seq=59558 Ack=141 Win=65024 Len=1448 TSval=2916037196 TSecr=3045556970 [TCP segment of a reassembled PDU]"
"33979","33.115424081","192.168.1.55","192.168.1.2","TCP","1514","8004  >  36150 [ACK] Seq=61006 Ack=141 Win=65024 Len=1448 TSval=2916037196 TSecr=3045556970 [TCP segment of a reassembled PDU]"
"33980","33.115425229","192.168.1.55","192.168.1.2","TCP","1514","8004  >  36150 [ACK] Seq=62454 Ack=141 Win=65024 Len=1448 TSval=2916037196 TSecr=3045556970 [TCP segment of a reassembled PDU]"
"33981","33.115426581","192.168.1.55","192.168.1.2","TCP","1514","8004  >  36150 [PSH, ACK] Seq=63902 Ack=141 Win=65024 Len=1448 TSval=2916037196 TSecr=3045556970 [TCP segment of a reassembled PDU]"
"33982","33.115430562","192.168.1.2","192.168.1.55","TCP","66","36150  >  8004 [ACK] Seq=141 Ack=39286 Win=59392 Len=0 TSval=3045556970 TSecr=2916037191"
"33983","33.115452266","192.168.1.55","192.168.1.2","TCP","1514","8004  >  36150 [ACK] Seq=65350 Ack=141 Win=65024 Len=1448 TSval=2916037196 TSecr=3045556970 [TCP segment of a reassembled PDU]"
"33984","33.115454247","192.168.1.55","192.168.1.2","TCP","1514","8004  >  36150 [ACK] Seq=66798 Ack=141 Win=65024 Len=1448 TSval=2916037196 TSecr=3045556970 [TCP segment of a reassembled PDU]"
"33985","33.115455488","192.168.1.55","192.168.1.2","TCP","1514","8004  >  36150 [ACK] Seq=68246 Ack=141 Win=65024 Len=1448 TSval=2916037196 TSecr=3045556970 [TCP segment of a reassembled PDU]"
"33986","33.115457118","192.168.1.55","192.168.1.2","TCP","1514","8004  >  36150 [ACK] Seq=69694 Ack=141 Win=65024 Len=1448 TSval=2916037196 TSecr=3045556970 [TCP segment of a reassembled PDU]"
"33987","33.115458414","192.168.1.55","192.168.1.2","TCP","1514","8004  >  36150 [ACK] Seq=71142 Ack=141 Win=65024 Len=1448 TSval=2916037196 TSecr=3045556970 [TCP segment of a reassembled PDU]"
"33988","33.115459655","192.168.1.55","192.168.1.2","TCP","1514","8004  >  36150 [ACK] Seq=72590 Ack=141 Win=65024 Len=1448 TSval=2916037196 TSecr=3045556970 [TCP segment of a reassembled PDU]"
"33989","33.115460858","192.168.1.55","192.168.1.2","TCP","1514","8004  >  36150 [ACK] Seq=74038 Ack=141 Win=65024 Len=1448 TSval=2916037196 TSecr=3045556970 [TCP segment of a reassembled PDU]"
"33990","33.115462173","192.168.1.55","192.168.1.2","TCP","1514","8004  >  36150 [PSH, ACK] Seq=75486 Ack=141 Win=65024 Len=1448 TSval=2916037196 TSecr=3045556970 [TCP segment of a reassembled PDU]"
"33991","33.115467488","192.168.1.2","192.168.1.55","TCP","66","36150  >  8004 [ACK] Seq=141 Ack=42182 Win=67584 Len=0 TSval=3045556970 TSecr=2916037192"
"33992","33.115496507","192.168.1.55","192.168.1.2","TCP","1514","8004  >  36150 [ACK] Seq=76934 Ack=141 Win=65024 Len=1448 TSval=2916037196 TSecr=3045556970 [TCP segment of a reassembled PDU]"
"33993","33.115498284","192.168.1.55","192.168.1.2","TCP","1514","8004  >  36150 [ACK] Seq=78382 Ack=141 Win=65024 Len=1448 TSval=2916037196 TSecr=3045556970 [TCP segment of a reassembled PDU]"
"33994","33.115499747","192.168.1.55","192.168.1.2","TCP","1514","8004  >  36150 [ACK] Seq=79830 Ack=141 Win=65024 Len=1448 TSval=2916037196 TSecr=3045556970 [TCP segment of a reassembled PDU]"
"33995","33.115501081","192.168.1.55","192.168.1.2","TCP","1514","8004  >  36150 [ACK] Seq=81278 Ack=141 Win=65024 Len=1448 TSval=2916037196 TSecr=3045556970 [TCP segment of a reassembled PDU]"
"33996","33.115502284","192.168.1.55","192.168.1.2","TCP","1514","8004  >  36150 [ACK] Seq=82726 Ack=141 Win=65024 Len=1448 TSval=2916037196 TSecr=3045556970 [TCP segment of a reassembled PDU]"
"33997","33.115503821","192.168.1.55","192.168.1.2","TCP","1514","8004  >  36150 [ACK] Seq=84174 Ack=141 Win=65024 Len=1448 TSval=2916037196 TSecr=3045556970 [TCP segment of a reassembled PDU]"
"33998","33.115505266","192.168.1.55","192.168.1.2","TCP","1514","8004  >  36150 [ACK] Seq=85622 Ack=141 Win=65024 Len=1448 TSval=2916037196 TSecr=3045556970 [TCP segment of a reassembled PDU]"
"33999","33.115506618","192.168.1.55","192.168.1.2","TCP","1514","8004  >  36150 [ACK] Seq=87070 Ack=141 Win=65024 Len=1448 TSval=2916037196 TSecr=3045556970 [TCP segment of a reassembled PDU]"
"34000","33.115508581","192.168.1.55","192.168.1.2","TCP","1514","8004  >  36150 [ACK] Seq=88518 Ack=141 Win=65024 Len=1448 TSval=2916037196 TSecr=3045556970 [TCP segment of a reassembled PDU]"
"34001","33.115509803","192.168.1.55","192.168.1.2","TCP","1514","8004  >  36150 [ACK] Seq=89966 Ack=141 Win=65024 Len=1448 TSval=2916037196 TSecr=3045556970 [TCP segment of a reassembled PDU]"
"34002","33.115511081","192.168.1.55","192.168.1.2","TCP","1514","8004  >  36150 [ACK] Seq=91414 Ack=141 Win=65024 Len=1448 TSval=2916037196 TSecr=3045556970 [TCP segment of a reassembled PDU]"
"34003","33.115512395","192.168.1.55","192.168.1.2","TCP","1514","8004  >  36150 [ACK] Seq=92862 Ack=141 Win=65024 Len=1448 TSval=2916037196 TSecr=3045556970 [TCP segment of a reassembled PDU]"
"34004","33.115513784","192.168.1.55","192.168.1.2","TCP","1514","8004  >  36150 [ACK] Seq=94310 Ack=141 Win=65024 Len=1448 TSval=2916037196 TSecr=3045556970 [TCP segment of a reassembled PDU]"
"34005","33.115515155","192.168.1.55","192.168.1.2","TCP","1514","8004  >  36150 [ACK] Seq=95758 Ack=141 Win=65024 Len=1448 TSval=2916037196 TSecr=3045556970 [TCP segment of a reassembled PDU]"
"34006","33.115516544","192.168.1.55","192.168.1.2","TCP","1514","8004  >  36150 [ACK] Seq=97206 Ack=141 Win=65024 Len=1448 TSval=2916037196 TSecr=3045556970 [TCP segment of a reassembled PDU]"
"34007","33.115518007","192.168.1.55","192.168.1.2","TCP","1514","8004  >  36150 [PSH, ACK] Seq=98654 Ack=141 Win=65024 Len=1448 TSval=2916037196 TSecr=3045556970 [TCP segment of a reassembled PDU]"
"34008","33.121302886","192.168.1.2","192.168.1.55","TCP","66","36150  >  8004 [ACK] Seq=141 Ack=45078 Win=65536 Len=0 TSval=3045556974 TSecr=2916037195"
"34009","33.121338831","192.168.1.55","192.168.1.2","TCP","1514","8004  >  36150 [ACK] Seq=100102 Ack=141 Win=65024 Len=1448 TSval=2916037202 TSecr=3045556974 [TCP segment of a reassembled PDU]"
"34010","33.121342979","192.168.1.55","192.168.1.2","TCP","1514","8004  >  36150 [ACK] Seq=101550 Ack=141 Win=65024 Len=1448 TSval=2916037202 TSecr=3045556974 [TCP segment of a reassembled PDU]"
"34011","33.121344201","192.168.1.55","192.168.1.2","TCP","1514","8004  >  36150 [ACK] Seq=102998 Ack=141 Win=65024 Len=1448 TSval=2916037202 TSecr=3045556974 [TCP segment of a reassembled PDU]"
"34012","33.121345442","192.168.1.55","192.168.1.2","TCP","1514","8004  >  36150 [PSH, ACK] Seq=104446 Ack=141 Win=65024 Len=1448 TSval=2916037202 TSecr=3045556974 [TCP segment of a reassembled PDU]"
"34013","33.121639813","192.168.1.2","192.168.1.55","TCP","66","36150  >  8004 [ACK] Seq=141 Ack=65350 Win=52224 Len=0 TSval=3045556974 TSecr=2916037196"
"34014","33.121651331","192.168.1.55","192.168.1.2","TCP","1514","8004  >  36150 [ACK] Seq=105894 Ack=141 Win=65024 Len=1448 TSval=2916037202 TSecr=3045556974 [TCP segment of a reassembled PDU]"
"34015","33.121653572","192.168.1.55","192.168.1.2","TCP","1514","8004  >  36150 [ACK] Seq=107342 Ack=141 Win=65024 Len=1448 TSval=2916037202 TSecr=3045556974 [TCP segment of a reassembled PDU]"
"34016","33.121655387","192.168.1.55","192.168.1.2","TCP","1514","8004  >  36150 [PSH, ACK] Seq=108790 Ack=141 Win=65024 Len=1448 TSval=2916037202 TSecr=3045556974 [TCP segment of a reassembled PDU]"
"34017","33.121662424","192.168.1.2","192.168.1.55","TCP","66","36150  >  8004 [ACK] Seq=141 Ack=76934 Win=44032 Len=0 TSval=3045556974 TSecr=2916037196"
"34018","33.121671294","192.168.1.2","192.168.1.55","TCP","66","36150  >  8004 [ACK] Seq=141 Ack=88518 Win=52224 Len=0 TSval=3045556974 TSecr=2916037196"
"34019","33.121675331","192.168.1.2","192.168.1.55","TCP","66","36150  >  8004 [ACK] Seq=141 Ack=100102 Win=58368 Len=0 TSval=3045556976 TSecr=2916037196"
"34020","33.121742850","192.168.1.55","192.168.1.2","TCP","1514","8004  >  36150 [ACK] Seq=110238 Ack=141 Win=65024 Len=1448 TSval=2916037202 TSecr=3045556974 [TCP segment of a reassembled PDU]"
"34021","33.121748498","192.168.1.55","192.168.1.2","TCP","1514","8004  >  36150 [ACK] Seq=111686 Ack=141 Win=65024 Len=1448 TSval=2916037202 TSecr=3045556974 [TCP segment of a reassembled PDU]"
"34022","33.121749942","192.168.1.55","192.168.1.2","TCP","1514","8004  >  36150 [ACK] Seq=113134 Ack=141 Win=65024 Len=1448 TSval=2916037202 TSecr=3045556974 [TCP segment of a reassembled PDU]"
"34023","33.121751294","192.168.1.55","192.168.1.2","TCP","1514","8004  >  36150 [ACK] Seq=114582 Ack=141 Win=65024 Len=1448 TSval=2916037202 TSecr=3045556974 [TCP segment of a reassembled PDU]"
"34024","33.121752516","192.168.1.55","192.168.1.2","TCP","1514","8004  >  36150 [ACK] Seq=116030 Ack=141 Win=65024 Len=1448 TSval=2916037202 TSecr=3045556974 [TCP segment of a reassembled PDU]"
"34025","33.121754072","192.168.1.55","192.168.1.2","TCP","1514","8004  >  36150 [ACK] Seq=117478 Ack=141 Win=65024 Len=1448 TSval=2916037202 TSecr=3045556974 [TCP segment of a reassembled PDU]"
"34026","33.121755665","192.168.1.55","192.168.1.2","TCP","1514","8004  >  36150 [ACK] Seq=118926 Ack=141 Win=65024 Len=1448 TSval=2916037202 TSecr=3045556974 [TCP segment of a reassembled PDU]"
"34027","33.121757498","192.168.1.55","192.168.1.2","TCP","1514","8004  >  36150 [ACK] Seq=120374 Ack=141 Win=65024 Len=1448 TSval=2916037202 TSecr=3045556974 [TCP segment of a reassembled PDU]"
"34028","33.121759202","192.168.1.55","192.168.1.2","TCP","1514","8004  >  36150 [ACK] Seq=121822 Ack=141 Win=65024 Len=1448 TSval=2916037202 TSecr=3045556974 [TCP segment of a reassembled PDU]"
"34029","33.121760405","192.168.1.55","192.168.1.2","TCP","1514","8004  >  36150 [ACK] Seq=123270 Ack=141 Win=65024 Len=1448 TSval=2916037202 TSecr=3045556974 [TCP segment of a reassembled PDU]"
"34030","33.121761665","192.168.1.55","192.168.1.2","TCP","1514","8004  >  36150 [ACK] Seq=124718 Ack=141 Win=65024 Len=1448 TSval=2916037202 TSecr=3045556974 [TCP segment of a reassembled PDU]"
"34031","33.121763016","192.168.1.55","192.168.1.2","TCP","1514","8004  >  36150 [ACK] Seq=126166 Ack=141 Win=65024 Len=1448 TSval=2916037202 TSecr=3045556974 [TCP segment of a reassembled PDU]"
"34032","33.121764220","192.168.1.55","192.168.1.2","TCP","1514","8004  >  36150 [ACK] Seq=127614 Ack=141 Win=65024 Len=1448 TSval=2916037202 TSecr=3045556974 [TCP segment of a reassembled PDU]"
"34033","33.121765776","192.168.1.55","192.168.1.2","TCP","1514","8004  >  36150 [ACK] Seq=129062 Ack=141 Win=65024 Len=1448 TSval=2916037202 TSecr=3045556974 [TCP segment of a reassembled PDU]"
"34034","33.121768850","192.168.1.55","192.168.1.2","TCP","1514","8004  >  36150 [ACK] Seq=130510 Ack=141 Win=65024 Len=1448 TSval=2916037202 TSecr=3045556974 [TCP segment of a reassembled PDU]"
"34035","33.121770517","192.168.1.55","192.168.1.2","TCP","1514","8004  >  36150 [ACK] Seq=131958 Ack=141 Win=65024 Len=1448 TSval=2916037202 TSecr=3045556974 [TCP segment of a reassembled PDU]"
"34036","33.121771757","192.168.1.55","192.168.1.2","TCP","1514","8004  >  36150 [ACK] Seq=133406 Ack=141 Win=65024 Len=1448 TSval=2916037202 TSecr=3045556974 [TCP segment of a reassembled PDU]"
"34037","33.121773165","192.168.1.55","192.168.1.2","TCP","1514","8004  >  36150 [ACK] Seq=134854 Ack=141 Win=65024 Len=1448 TSval=2916037202 TSecr=3045556974 [TCP segment of a reassembled PDU]"
"34038","33.121774442","192.168.1.55","192.168.1.2","TCP","1514","8004  >  36150 [ACK] Seq=136302 Ack=141 Win=65024 Len=1448 TSval=2916037202 TSecr=3045556974 [TCP segment of a reassembled PDU]"
"34039","33.121775646","192.168.1.55","192.168.1.2","TCP","1514","8004  >  36150 [ACK] Seq=137750 Ack=141 Win=65024 Len=1448 TSval=2916037202 TSecr=3045556974 [TCP segment of a reassembled PDU]"
"34040","33.121776998","192.168.1.55","192.168.1.2","TCP","1514","8004  >  36150 [ACK] Seq=139198 Ack=141 Win=65024 Len=1448 TSval=2916037202 TSecr=3045556974 [TCP segment of a reassembled PDU]"
"34041","33.121779868","192.168.1.55","192.168.1.2","TCP","162","8004  >  36150 [PSH, ACK] Seq=140646 Ack=141 Win=65024 Len=96 TSval=2916037202 TSecr=3045556974 [TCP segment of a reassembled PDU]"
"34042","33.121794887","192.168.1.55","192.168.1.2","TCP","1514","8004  >  36150 [ACK] Seq=140742 Ack=141 Win=65024 Len=1448 TSval=2916037202 TSecr=3045556976 [TCP segment of a reassembled PDU]"
"34043","33.121799202","192.168.1.55","192.168.1.2","TCP","1418","8004  >  36150 [ACK] Seq=142190 Ack=141 Win=65024 Len=1352 TSval=2916037202 TSecr=3045556976 [TCP segment of a reassembled PDU]"
"34044","33.121819331","192.168.1.55","192.168.1.2","TCP","1514","8004  >  36150 [ACK] Seq=143542 Ack=141 Win=65024 Len=1448 TSval=2916037202 TSecr=3045556976 [TCP segment of a reassembled PDU]"
"34045","33.121821109","192.168.1.55","192.168.1.2","TCP","1514","8004  >  36150 [ACK] Seq=144990 Ack=141 Win=65024 Len=1448 TSval=2916037202 TSecr=3045556976 [TCP segment of a reassembled PDU]"
"34046","33.121822294","192.168.1.55","192.168.1.2","TCP","1514","8004  >  36150 [ACK] Seq=146438 Ack=141 Win=65024 Len=1448 TSval=2916037202 TSecr=3045556976 [TCP segment of a reassembled PDU]"
"34047","33.121823646","192.168.1.55","192.168.1.2","TCP","1514","8004  >  36150 [ACK] Seq=147886 Ack=141 Win=65024 Len=1448 TSval=2916037202 TSecr=3045556976 [TCP segment of a reassembled PDU]"
"34048","33.121824980","192.168.1.55","192.168.1.2","TCP","1514","8004  >  36150 [ACK] Seq=149334 Ack=141 Win=65024 Len=1448 TSval=2916037202 TSecr=3045556976 [TCP segment of a reassembled PDU]"
"34049","33.121826350","192.168.1.55","192.168.1.2","TCP","1514","8004  >  36150 [ACK] Seq=150782 Ack=141 Win=65024 Len=1448 TSval=2916037202 TSecr=3045556976 [TCP segment of a reassembled PDU]"
"34050","33.121828202","192.168.1.55","192.168.1.2","TCP","1514","8004  >  36150 [ACK] Seq=152230 Ack=141 Win=65024 Len=1448 TSval=2916037202 TSecr=3045556976 [TCP segment of a reassembled PDU]"
"34051","33.121837072","192.168.1.55","192.168.1.2","TCP","1514","8004  >  36150 [ACK] Seq=153678 Ack=141 Win=65024 Len=1448 TSval=2916037202 TSecr=3045556976 [TCP segment of a reassembled PDU]"
"34052","33.121839017","192.168.1.55","192.168.1.2","TCP","1514","8004  >  36150 [ACK] Seq=155126 Ack=141 Win=65024 Len=1448 TSval=2916037202 TSecr=3045556976 [TCP segment of a reassembled PDU]"
"34053","33.121840406","192.168.1.55","192.168.1.2","TCP","1514","8004  >  36150 [PSH, ACK] Seq=156574 Ack=141 Win=65024 Len=1448 TSval=2916037202 TSecr=3045556976 [TCP segment of a reassembled PDU]"
"34054","33.127212210","192.168.1.2","192.168.1.55","TCP","66","36150  >  8004 [ACK] Seq=141 Ack=105894 Win=63488 Len=0 TSval=3045556981 TSecr=2916037202"
"34055","33.127231451","192.168.1.55","192.168.1.2","TCP","1514","8004  >  36150 [ACK] Seq=158022 Ack=141 Win=65024 Len=1448 TSval=2916037207 TSecr=3045556981 [TCP segment of a reassembled PDU]"
"34056","33.127234099","192.168.1.55","192.168.1.2","TCP","1514","8004  >  36150 [ACK] Seq=159470 Ack=141 Win=65024 Len=1448 TSval=2916037207 TSecr=3045556981 [TCP segment of a reassembled PDU]"
"34057","33.127235396","192.168.1.55","192.168.1.2","TCP","1514","8004  >  36150 [ACK] Seq=160918 Ack=141 Win=65024 Len=1448 TSval=2916037207 TSecr=3045556981 [TCP segment of a reassembled PDU]"
"34058","33.127236803","192.168.1.55","192.168.1.2","TCP","1514","8004  >  36150 [ACK] Seq=162366 Ack=141 Win=65024 Len=1448 TSval=2916037207 TSecr=3045556981 [TCP segment of a reassembled PDU]"
"34059","33.127238155","192.168.1.55","192.168.1.2","TCP","1514","8004  >  36150 [ACK] Seq=163814 Ack=141 Win=65024 Len=1448 TSval=2916037207 TSecr=3045556981 [TCP segment of a reassembled PDU]"
"34060","33.127239451","192.168.1.55","192.168.1.2","TCP","1514","8004  >  36150 [ACK] Seq=165262 Ack=141 Win=65024 Len=1448 TSval=2916037207 TSecr=3045556981 [TCP segment of a reassembled PDU]"
"34061","33.127240951","192.168.1.55","192.168.1.2","TCP","1514","8004  >  36150 [PSH, ACK] Seq=166710 Ack=141 Win=65024 Len=1448 TSval=2916037207 TSecr=3045556981 [TCP segment of a reassembled PDU]"
"34062","33.127627896","192.168.1.2","192.168.1.55","TCP","66","36150  >  8004 [ACK] Seq=141 Ack=110238 Win=60416 Len=0 TSval=3045556981 TSecr=2916037202"
"34063","33.127635581","192.168.1.2","192.168.1.55","TCP","66","36150  >  8004 [ACK] Seq=141 Ack=140742 Win=67584 Len=0 TSval=3045556981 TSecr=2916037202"
"34064","33.127646452","192.168.1.55","192.168.1.2","TCP","1514","8004  >  36150 [ACK] Seq=168158 Ack=141 Win=65024 Len=1448 TSval=2916037208 TSecr=3045556981 [TCP segment of a reassembled PDU]"
"34065","33.127648878","192.168.1.55","192.168.1.2","TCP","1514","8004  >  36150 [ACK] Seq=169606 Ack=141 Win=65024 Len=1448 TSval=2916037208 TSecr=3045556981 [TCP segment of a reassembled PDU]"
"34066","33.127650174","192.168.1.55","192.168.1.2","TCP","1514","8004  >  36150 [ACK] Seq=171054 Ack=141 Win=65024 Len=1448 TSval=2916037208 TSecr=3045556981 [TCP segment of a reassembled PDU]"
"34067","33.127651489","192.168.1.55","192.168.1.2","TCP","1514","8004  >  36150 [ACK] Seq=172502 Ack=141 Win=65024 Len=1448 TSval=2916037208 TSecr=3045556981 [TCP segment of a reassembled PDU]"
"34068","33.127652915","192.168.1.55","192.168.1.2","TCP","1514","8004  >  36150 [ACK] Seq=173950 Ack=141 Win=65024 Len=1448 TSval=2916037208 TSecr=3045556981 [TCP segment of a reassembled PDU]"
"34069","33.127654248","192.168.1.55","192.168.1.2","TCP","1514","8004  >  36150 [PSH, ACK] Seq=175398 Ack=141 Win=65024 Len=1448 TSval=2916037208 TSecr=3045556981 [TCP segment of a reassembled PDU]"
"34070","33.127683137","192.168.1.55","192.168.1.2","TCP","1514","8004  >  36150 [ACK] Seq=176846 Ack=141 Win=65024 Len=1448 TSval=2916037208 TSecr=3045556981 [TCP segment of a reassembled PDU]"
"34071","33.127684915","192.168.1.55","192.168.1.2","TCP","1514","8004  >  36150 [ACK] Seq=178294 Ack=141 Win=65024 Len=1448 TSval=2916037208 TSecr=3045556981 [TCP segment of a reassembled PDU]"
"34072","33.127686248","192.168.1.55","192.168.1.2","TCP","1514","8004  >  36150 [ACK] Seq=179742 Ack=141 Win=65024 Len=1448 TSval=2916037208 TSecr=3045556981 [TCP segment of a reassembled PDU]"
"34073","33.127687841","192.168.1.55","192.168.1.2","TCP","1514","8004  >  36150 [ACK] Seq=181190 Ack=141 Win=65024 Len=1448 TSval=2916037208 TSecr=3045556981 [TCP segment of a reassembled PDU]"
"34074","33.127689137","192.168.1.55","192.168.1.2","TCP","1514","8004  >  36150 [ACK] Seq=182638 Ack=141 Win=65024 Len=1448 TSval=2916037208 TSecr=3045556981 [TCP segment of a reassembled PDU]"
"34075","33.127690526","192.168.1.55","192.168.1.2","TCP","1514","8004  >  36150 [ACK] Seq=184086 Ack=141 Win=65024 Len=1448 TSval=2916037208 TSecr=3045556981 [TCP segment of a reassembled PDU]"
"34076","33.127691878","192.168.1.55","192.168.1.2","TCP","1514","8004  >  36150 [ACK] Seq=185534 Ack=141 Win=65024 Len=1448 TSval=2916037208 TSecr=3045556981 [TCP segment of a reassembled PDU]"
"34077","33.127693470","192.168.1.55","192.168.1.2","TCP","1514","8004  >  36150 [ACK] Seq=186982 Ack=141 Win=65024 Len=1448 TSval=2916037208 TSecr=3045556981 [TCP segment of a reassembled PDU]"
"34078","33.127694878","192.168.1.55","192.168.1.2","TCP","1514","8004  >  36150 [ACK] Seq=188430 Ack=141 Win=65024 Len=1448 TSval=2916037208 TSecr=3045556981 [TCP segment of a reassembled PDU]"
"34079","33.127696193","192.168.1.55","192.168.1.2","TCP","1514","8004  >  36150 [ACK] Seq=189878 Ack=141 Win=65024 Len=1448 TSval=2916037208 TSecr=3045556981 [TCP segment of a reassembled PDU]"
"34080","33.127697563","192.168.1.55","192.168.1.2","TCP","1514","8004  >  36150 [ACK] Seq=191326 Ack=141 Win=65024 Len=1448 TSval=2916037208 TSecr=3045556981 [TCP segment of a reassembled PDU]"
"34081","33.127698896","192.168.1.55","192.168.1.2","TCP","1514","8004  >  36150 [ACK] Seq=192774 Ack=141 Win=65024 Len=1448 TSval=2916037208 TSecr=3045556981 [TCP segment of a reassembled PDU]"
"34082","33.127700193","192.168.1.55","192.168.1.2","TCP","1514","8004  >  36150 [ACK] Seq=194222 Ack=141 Win=65024 Len=1448 TSval=2916037208 TSecr=3045556981 [TCP segment of a reassembled PDU]"
"34083","33.127701581","192.168.1.55","192.168.1.2","TCP","1514","8004  >  36150 [ACK] Seq=195670 Ack=141 Win=65024 Len=1448 TSval=2916037208 TSecr=3045556981 [TCP segment of a reassembled PDU]"
"34084","33.127703026","192.168.1.55","192.168.1.2","TCP","1514","8004  >  36150 [ACK] Seq=197118 Ack=141 Win=65024 Len=1448 TSval=2916037208 TSecr=3045556981 [TCP segment of a reassembled PDU]"
"34085","33.127704396","192.168.1.55","192.168.1.2","TCP","1514","8004  >  36150 [ACK] Seq=198566 Ack=141 Win=65024 Len=1448 TSval=2916037208 TSecr=3045556981 [TCP segment of a reassembled PDU]"
"34086","33.127705674","192.168.1.55","192.168.1.2","TCP","1514","8004  >  36150 [ACK] Seq=200014 Ack=141 Win=65024 Len=1448 TSval=2916037208 TSecr=3045556981 [TCP segment of a reassembled PDU]"
"34087","33.127706989","192.168.1.55","192.168.1.2","TCP","1514","8004  >  36150 [ACK] Seq=201462 Ack=141 Win=65024 Len=1448 TSval=2916037208 TSecr=3045556981 [TCP segment of a reassembled PDU]"
"34088","33.127714582","192.168.1.55","192.168.1.2","TCP","1514","8004  >  36150 [ACK] Seq=202910 Ack=141 Win=65024 Len=1448 TSval=2916037208 TSecr=3045556981 [TCP segment of a reassembled PDU]"
"34089","33.127716156","192.168.1.55","192.168.1.2","TCP","1514","8004  >  36150 [ACK] Seq=204358 Ack=141 Win=65024 Len=1448 TSval=2916037208 TSecr=3045556981 [TCP segment of a reassembled PDU]"
"34090","33.127717507","192.168.1.55","192.168.1.2","TCP","1514","8004  >  36150 [PSH, ACK] Seq=205806 Ack=141 Win=65024 Len=1448 TSval=2916037208 TSecr=3045556981 [TCP segment of a reassembled PDU]"
"34091","33.127721693","192.168.1.2","192.168.1.55","TCP","66","36150  >  8004 [ACK] Seq=141 Ack=143542 Win=72704 Len=0 TSval=3045556981 TSecr=2916037202"
"34092","33.127734007","192.168.1.55","192.168.1.2","TCP","1514","8004  >  36150 [ACK] Seq=207254 Ack=141 Win=65024 Len=1448 TSval=2916037208 TSecr=3045556981 [TCP segment of a reassembled PDU]"
"34093","33.127735674","192.168.1.55","192.168.1.2","TCP","1514","8004  >  36150 [PSH, ACK] Seq=208702 Ack=141 Win=65024 Len=1448 TSval=2916037208 TSecr=3045556981 [TCP segment of a reassembled PDU]"
"34094","33.127789248","192.168.1.2","192.168.1.55","TCP","66","36150  >  8004 [ACK] Seq=141 Ack=147886 Win=73728 Len=0 TSval=3045556981 TSecr=2916037202"
"34095","33.127796322","192.168.1.2","192.168.1.55","TCP","66","36150  >  8004 [ACK] Seq=141 Ack=158022 Win=94208 Len=0 TSval=3045556982 TSecr=2916037202"
"34096","33.127829730","192.168.1.55","192.168.1.2","TCP","1514","8004  >  36150 [ACK] Seq=210150 Ack=141 Win=65024 Len=1448 TSval=2916037208 TSecr=3045556982 [TCP segment of a reassembled PDU]"
"34097","33.127832063","192.168.1.55","192.168.1.2","TCP","1514","8004  >  36150 [ACK] Seq=211598 Ack=141 Win=65024 Len=1448 TSval=2916037208 TSecr=3045556982 [TCP segment of a reassembled PDU]"
"34098","33.127833545","192.168.1.55","192.168.1.2","TCP","1514","8004  >  36150 [ACK] Seq=213046 Ack=141 Win=65024 Len=1448 TSval=2916037208 TSecr=3045556982 [TCP segment of a reassembled PDU]"
"34099","33.127834878","192.168.1.55","192.168.1.2","TCP","1514","8004  >  36150 [ACK] Seq=214494 Ack=141 Win=65024 Len=1448 TSval=2916037208 TSecr=3045556982 [TCP segment of a reassembled PDU]"
"34100","33.127836267","192.168.1.55","192.168.1.2","TCP","1514","8004  >  36150 [ACK] Seq=215942 Ack=141 Win=65024 Len=1448 TSval=2916037208 TSecr=3045556982 [TCP segment of a reassembled PDU]"
"34101","33.127837748","192.168.1.55","192.168.1.2","TCP","1514","8004  >  36150 [ACK] Seq=217390 Ack=141 Win=65024 Len=1448 TSval=2916037208 TSecr=3045556982 [TCP segment of a reassembled PDU]"
"34102","33.127839119","192.168.1.55","192.168.1.2","TCP","1514","8004  >  36150 [ACK] Seq=218838 Ack=141 Win=65024 Len=1448 TSval=2916037208 TSecr=3045556982 [TCP segment of a reassembled PDU]"
"34103","33.127840767","192.168.1.55","192.168.1.2","TCP","1514","8004  >  36150 [ACK] Seq=220286 Ack=141 Win=65024 Len=1448 TSval=2916037208 TSecr=3045556982 [TCP segment of a reassembled PDU]"
"34104","33.127842397","192.168.1.55","192.168.1.2","TCP","1514","8004  >  36150 [ACK] Seq=221734 Ack=141 Win=65024 Len=1448 TSval=2916037208 TSecr=3045556982 [TCP segment of a reassembled PDU]"
"34105","33.127843878","192.168.1.55","192.168.1.2","TCP","1514","8004  >  36150 [ACK] Seq=223182 Ack=141 Win=65024 Len=1448 TSval=2916037208 TSecr=3045556982 [TCP segment of a reassembled PDU]"
"34106","33.127845156","192.168.1.55","192.168.1.2","TCP","1514","8004  >  36150 [ACK] Seq=224630 Ack=141 Win=65024 Len=1448 TSval=2916037208 TSecr=3045556982 [TCP segment of a reassembled PDU]"
"34107","33.127846563","192.168.1.55","192.168.1.2","TCP","1514","8004  >  36150 [ACK] Seq=226078 Ack=141 Win=65024 Len=1448 TSval=2916037208 TSecr=3045556982 [TCP segment of a reassembled PDU]"
"34108","33.127847934","192.168.1.55","192.168.1.2","TCP","1514","8004  >  36150 [ACK] Seq=227526 Ack=141 Win=65024 Len=1448 TSval=2916037208 TSecr=3045556982 [TCP segment of a reassembled PDU]"
"34109","33.127849248","192.168.1.55","192.168.1.2","TCP","1514","8004  >  36150 [ACK] Seq=228974 Ack=141 Win=65024 Len=1448 TSval=2916037208 TSecr=3045556982 [TCP segment of a reassembled PDU]"
"34110","33.127850785","192.168.1.55","192.168.1.2","TCP","1514","8004  >  36150 [ACK] Seq=230422 Ack=141 Win=65024 Len=1448 TSval=2916037208 TSecr=3045556982 [TCP segment of a reassembled PDU]"
"34111","33.127852304","192.168.1.55","192.168.1.2","TCP","1514","8004  >  36150 [ACK] Seq=231870 Ack=141 Win=65024 Len=1448 TSval=2916037208 TSecr=3045556982 [TCP segment of a reassembled PDU]"
"34112","33.127853619","192.168.1.55","192.168.1.2","TCP","1514","8004  >  36150 [ACK] Seq=233318 Ack=141 Win=65024 Len=1448 TSval=2916037208 TSecr=3045556982 [TCP segment of a reassembled PDU]"
"34113","33.127855063","192.168.1.55","192.168.1.2","TCP","1514","8004  >  36150 [ACK] Seq=234766 Ack=141 Win=65024 Len=1448 TSval=2916037208 TSecr=3045556982 [TCP segment of a reassembled PDU]"
"34114","33.127856452","192.168.1.55","192.168.1.2","TCP","1514","8004  >  36150 [ACK] Seq=236214 Ack=141 Win=65024 Len=1448 TSval=2916037208 TSecr=3045556982 [TCP segment of a reassembled PDU]"
"34115","33.127857860","192.168.1.55","192.168.1.2","TCP","1514","8004  >  36150 [ACK] Seq=237662 Ack=141 Win=65024 Len=1448 TSval=2916037208 TSecr=3045556982 [TCP segment of a reassembled PDU]"
"34116","33.127859656","192.168.1.55","192.168.1.2","TCP","1514","8004  >  36150 [ACK] Seq=239110 Ack=141 Win=65024 Len=1448 TSval=2916037208 TSecr=3045556982 [TCP segment of a reassembled PDU]"
"34117","33.127861026","192.168.1.55","192.168.1.2","TCP","1514","8004  >  36150 [ACK] Seq=240558 Ack=141 Win=65024 Len=1448 TSval=2916037208 TSecr=3045556982 [TCP segment of a reassembled PDU]"
"34118","33.127862489","192.168.1.55","192.168.1.2","TCP","1514","8004  >  36150 [PSH, ACK] Seq=242006 Ack=141 Win=65024 Len=1448 TSval=2916037208 TSecr=3045556982 [TCP segment of a reassembled PDU]"
"34119","33.129053806","192.168.1.55","192.168.1.2","TCP","1514","8004  >  36150 [ACK] Seq=243454 Ack=141 Win=65024 Len=1448 TSval=2916037209 TSecr=3045556982 [TCP segment of a reassembled PDU]"
"34120","33.129056176","192.168.1.55","192.168.1.2","TCP","1514","8004  >  36150 [ACK] Seq=244902 Ack=141 Win=65024 Len=1448 TSval=2916037209 TSecr=3045556982 [TCP segment of a reassembled PDU]"
"34121","33.129057695","192.168.1.55","192.168.1.2","TCP","1514","8004  >  36150 [ACK] Seq=246350 Ack=141 Win=65024 Len=1448 TSval=2916037209 TSecr=3045556982 [TCP segment of a reassembled PDU]"
"34122","33.129058973","192.168.1.55","192.168.1.2","TCP","1514","8004  >  36150 [ACK] Seq=247798 Ack=141 Win=65024 Len=1448 TSval=2916037209 TSecr=3045556982 [TCP segment of a reassembled PDU]"
"34123","33.129060306","192.168.1.55","192.168.1.2","TCP","1514","8004  >  36150 [ACK] Seq=249246 Ack=141 Win=65024 Len=1448 TSval=2916037209 TSecr=3045556982 [TCP segment of a reassembled PDU]"
"34124","33.129061676","192.168.1.55","192.168.1.2","TCP","1514","8004  >  36150 [ACK] Seq=250694 Ack=141 Win=65024 Len=1448 TSval=2916037209 TSecr=3045556982 [TCP segment of a reassembled PDU]"
"34125","33.129063028","192.168.1.55","192.168.1.2","TCP","154","[TCP Window Full] 8004  >  36150 [PSH, ACK] Seq=252142 Ack=141 Win=65024 Len=88 TSval=2916037209 TSecr=3045556982 [TCP segment of a reassembled PDU]"
"34126","33.134894667","192.168.1.2","192.168.1.55","TCP","66","36150  >  8004 [ACK] Seq=141 Ack=168158 Win=101376 Len=0 TSval=3045556989 TSecr=2916037207"
"34127","33.134937760","192.168.1.55","192.168.1.2","TCP","1514","8004  >  36150 [ACK] Seq=252230 Ack=141 Win=65024 Len=1448 TSval=2916037215 TSecr=3045556989 [TCP segment of a reassembled PDU]"
"34128","33.134942019","192.168.1.55","192.168.1.2","TCP","1514","8004  >  36150 [ACK] Seq=253678 Ack=141 Win=65024 Len=1448 TSval=2916037215 TSecr=3045556989 [TCP segment of a reassembled PDU]"
"34129","33.134943463","192.168.1.55","192.168.1.2","TCP","1514","8004  >  36150 [ACK] Seq=255126 Ack=141 Win=65024 Len=1448 TSval=2916037215 TSecr=3045556989 [TCP segment of a reassembled PDU]"
"34130","33.134944945","192.168.1.55","192.168.1.2","TCP","1514","8004  >  36150 [ACK] Seq=256574 Ack=141 Win=65024 Len=1448 TSval=2916037215 TSecr=3045556989 [TCP segment of a reassembled PDU]"
"34131","33.134946204","192.168.1.55","192.168.1.2","TCP","1514","8004  >  36150 [ACK] Seq=258022 Ack=141 Win=65024 Len=1448 TSval=2916037215 TSecr=3045556989 [TCP segment of a reassembled PDU]"
"34132","33.134947519","192.168.1.55","192.168.1.2","TCP","1514","8004  >  36150 [ACK] Seq=259470 Ack=141 Win=65024 Len=1448 TSval=2916037215 TSecr=3045556989 [TCP segment of a reassembled PDU]"
"34133","33.134949149","192.168.1.55","192.168.1.2","TCP","1514","8004  >  36150 [ACK] Seq=260918 Ack=141 Win=65024 Len=1448 TSval=2916037215 TSecr=3045556989 [TCP segment of a reassembled PDU]"
"34134","33.134950408","192.168.1.55","192.168.1.2","TCP","1514","8004  >  36150 [ACK] Seq=262366 Ack=141 Win=65024 Len=1448 TSval=2916037215 TSecr=3045556989 [TCP segment of a reassembled PDU]"
"34135","33.134951760","192.168.1.55","192.168.1.2","TCP","1514","8004  >  36150 [ACK] Seq=263814 Ack=141 Win=65024 Len=1448 TSval=2916037215 TSecr=3045556989 [TCP segment of a reassembled PDU]"
"34136","33.134953056","192.168.1.55","192.168.1.2","TCP","1514","8004  >  36150 [ACK] Seq=265262 Ack=141 Win=65024 Len=1448 TSval=2916037215 TSecr=3045556989 [TCP segment of a reassembled PDU]"
"34137","33.134954334","192.168.1.55","192.168.1.2","TCP","1514","8004  >  36150 [PSH, ACK] Seq=266710 Ack=141 Win=65024 Len=1448 TSval=2916037215 TSecr=3045556989 [TCP segment of a reassembled PDU]"
"34138","33.135040871","192.168.1.2","192.168.1.55","TCP","66","36150  >  8004 [ACK] Seq=141 Ack=207254 Win=73728 Len=0 TSval=3045556989 TSecr=2916037208"
"34139","33.135056056","192.168.1.55","192.168.1.2","TCP","1514","8004  >  36150 [ACK] Seq=268158 Ack=141 Win=65024 Len=1448 TSval=2916037215 TSecr=3045556989 [TCP segment of a reassembled PDU]"
"34140","33.135057815","192.168.1.55","192.168.1.2","TCP","1514","8004  >  36150 [ACK] Seq=269606 Ack=141 Win=65024 Len=1448 TSval=2916037215 TSecr=3045556989 [TCP segment of a reassembled PDU]"
"34141","33.135059260","192.168.1.55","192.168.1.2","TCP","1514","8004  >  36150 [ACK] Seq=271054 Ack=141 Win=65024 Len=1448 TSval=2916037215 TSecr=3045556989 [TCP segment of a reassembled PDU]"
"34142","33.135060575","192.168.1.55","192.168.1.2","TCP","1514","8004  >  36150 [ACK] Seq=272502 Ack=141 Win=65024 Len=1448 TSval=2916037215 TSecr=3045556989 [TCP segment of a reassembled PDU]"
"34143","33.135061852","192.168.1.55","192.168.1.2","TCP","1514","8004  >  36150 [PSH, ACK] Seq=273950 Ack=141 Win=65024 Len=1448 TSval=2916037215 TSecr=3045556989 [TCP segment of a reassembled PDU]"
"34144","33.135067630","192.168.1.55","192.168.1.2","TCP","1426","8004  >  36150 [ACK] Seq=275398 Ack=141 Win=65024 Len=1360 TSval=2916037215 TSecr=3045556989 [TCP segment of a reassembled PDU]"
"34145","33.135071501","192.168.1.2","192.168.1.55","TCP","66","36150  >  8004 [ACK] Seq=141 Ack=210150 Win=86016 Len=0 TSval=3045556989 TSecr=2916037208"
"34146","33.135077630","192.168.1.2","192.168.1.55","TCP","66","36150  >  8004 [ACK] Seq=141 Ack=243454 Win=62464 Len=0 TSval=3045556989 TSecr=2916037208"
"34147","33.135105464","192.168.1.55","192.168.1.2","TCP","1514","8004  >  36150 [ACK] Seq=276758 Ack=141 Win=65024 Len=1448 TSval=2916037215 TSecr=3045556989 [TCP segment of a reassembled PDU]"
"34148","33.135107538","192.168.1.55","192.168.1.2","TCP","1514","8004  >  36150 [ACK] Seq=278206 Ack=141 Win=65024 Len=1448 TSval=2916037215 TSecr=3045556989 [TCP segment of a reassembled PDU]"
"34149","33.135108908","192.168.1.55","192.168.1.2","TCP","1514","8004  >  36150 [ACK] Seq=279654 Ack=141 Win=65024 Len=1448 TSval=2916037215 TSecr=3045556989 [TCP segment of a reassembled PDU]"
"34150","33.135110278","192.168.1.55","192.168.1.2","TCP","1514","8004  >  36150 [ACK] Seq=281102 Ack=141 Win=65024 Len=1448 TSval=2916037215 TSecr=3045556989 [TCP segment of a reassembled PDU]"
"34151","33.135111649","192.168.1.55","192.168.1.2","TCP","1514","8004  >  36150 [ACK] Seq=282550 Ack=141 Win=65024 Len=1448 TSval=2916037215 TSecr=3045556989 [TCP segment of a reassembled PDU]"
"34152","33.135113038","192.168.1.55","192.168.1.2","TCP","1514","8004  >  36150 [ACK] Seq=283998 Ack=141 Win=65024 Len=1448 TSval=2916037215 TSecr=3045556989 [TCP segment of a reassembled PDU]"
"34153","33.135114371","192.168.1.55","192.168.1.2","TCP","1514","8004  >  36150 [ACK] Seq=285446 Ack=141 Win=65024 Len=1448 TSval=2916037215 TSecr=3045556989 [TCP segment of a reassembled PDU]"
"34154","33.135115760","192.168.1.55","192.168.1.2","TCP","1514","8004  >  36150 [ACK] Seq=286894 Ack=141 Win=65024 Len=1448 TSval=2916037215 TSecr=3045556989 [TCP segment of a reassembled PDU]"
"34155","33.135117112","192.168.1.55","192.168.1.2","TCP","1514","8004  >  36150 [ACK] Seq=288342 Ack=141 Win=65024 Len=1448 TSval=2916037215 TSecr=3045556989 [TCP segment of a reassembled PDU]"
"34156","33.135118593","192.168.1.55","192.168.1.2","TCP","1514","8004  >  36150 [ACK] Seq=289790 Ack=141 Win=65024 Len=1448 TSval=2916037215 TSecr=3045556989 [TCP segment of a reassembled PDU]"
"34157","33.135119964","192.168.1.55","192.168.1.2","TCP","1514","8004  >  36150 [ACK] Seq=291238 Ack=141 Win=65024 Len=1448 TSval=2916037215 TSecr=3045556989 [TCP segment of a reassembled PDU]"
"34158","33.135121278","192.168.1.55","192.168.1.2","TCP","1514","8004  >  36150 [ACK] Seq=292686 Ack=141 Win=65024 Len=1448 TSval=2916037215 TSecr=3045556989 [TCP segment of a reassembled PDU]"
"34159","33.135122575","192.168.1.55","192.168.1.2","TCP","1514","8004  >  36150 [ACK] Seq=294134 Ack=141 Win=65024 Len=1448 TSval=2916037215 TSecr=3045556989 [TCP segment of a reassembled PDU]"
"34160","33.135123890","192.168.1.55","192.168.1.2","TCP","1514","8004  >  36150 [ACK] Seq=295582 Ack=141 Win=65024 Len=1448 TSval=2916037215 TSecr=3045556989 [TCP segment of a reassembled PDU]"
"34161","33.135125260","192.168.1.55","192.168.1.2","TCP","1514","8004  >  36150 [ACK] Seq=297030 Ack=141 Win=65024 Len=1448 TSval=2916037215 TSecr=3045556989 [TCP segment of a reassembled PDU]"
"34162","33.135126667","192.168.1.55","192.168.1.2","TCP","1514","8004  >  36150 [ACK] Seq=298478 Ack=141 Win=65024 Len=1448 TSval=2916037215 TSecr=3045556989 [TCP segment of a reassembled PDU]"
"34163","33.135128167","192.168.1.55","192.168.1.2","TCP","1514","8004  >  36150 [ACK] Seq=299926 Ack=141 Win=65024 Len=1448 TSval=2916037215 TSecr=3045556989 [TCP segment of a reassembled PDU]"
"34164","33.135129704","192.168.1.55","192.168.1.2","TCP","1514","8004  >  36150 [ACK] Seq=301374 Ack=141 Win=65024 Len=1448 TSval=2916037215 TSecr=3045556989 [TCP segment of a reassembled PDU]"
"34165","33.135131019","192.168.1.55","192.168.1.2","TCP","1514","8004  >  36150 [ACK] Seq=302822 Ack=141 Win=65024 Len=1448 TSval=2916037215 TSecr=3045556989 [TCP segment of a reassembled PDU]"
"34166","33.135132464","192.168.1.55","192.168.1.2","TCP","1514","8004  >  36150 [PSH, ACK] Seq=304270 Ack=141 Win=65024 Len=1448 TSval=2916037215 TSecr=3045556989 [TCP segment of a reassembled PDU]"
"34167","33.135191038","192.168.1.2","192.168.1.55","TCP","66","36150  >  8004 [ACK] Seq=141 Ack=249246 Win=81920 Len=0 TSval=3045556989 TSecr=2916037209"
"34168","33.135202408","192.168.1.55","192.168.1.2","TCP","1514","8004  >  36150 [ACK] Seq=305718 Ack=141 Win=65024 Len=1448 TSval=2916037215 TSecr=3045556989 [TCP segment of a reassembled PDU]"
"34169","33.135204019","192.168.1.55","192.168.1.2","TCP","1514","8004  >  36150 [ACK] Seq=307166 Ack=141 Win=65024 Len=1448 TSval=2916037215 TSecr=3045556989 [TCP segment of a reassembled PDU]"
"34170","33.135205390","192.168.1.55","192.168.1.2","TCP","1514","8004  >  36150 [PSH, ACK] Seq=308614 Ack=141 Win=65024 Len=1448 TSval=2916037215 TSecr=3045556989 [TCP segment of a reassembled PDU]"
"34171","33.135209556","192.168.1.2","192.168.1.55","TCP","66","36150  >  8004 [ACK] Seq=141 Ack=252230 Win=105472 Len=0 TSval=3045556989 TSecr=2916037209"
"34172","33.135241334","192.168.1.55","192.168.1.2","TCP","1514","8004  >  36150 [ACK] Seq=310062 Ack=141 Win=65024 Len=1448 TSval=2916037215 TSecr=3045556989 [TCP segment of a reassembled PDU]"
"34173","33.135243112","192.168.1.55","192.168.1.2","TCP","1514","8004  >  36150 [ACK] Seq=311510 Ack=141 Win=65024 Len=1448 TSval=2916037215 TSecr=3045556989 [TCP segment of a reassembled PDU]"
"34174","33.135244427","192.168.1.55","192.168.1.2","TCP","1514","8004  >  36150 [ACK] Seq=312958 Ack=141 Win=65024 Len=1448 TSval=2916037215 TSecr=3045556989 [TCP segment of a reassembled PDU]"
"34175","33.135245760","192.168.1.55","192.168.1.2","TCP","1514","8004  >  36150 [ACK] Seq=314406 Ack=141 Win=65024 Len=1448 TSval=2916037215 TSecr=3045556989 [TCP segment of a reassembled PDU]"
"34176","33.135247464","192.168.1.55","192.168.1.2","TCP","1514","8004  >  36150 [ACK] Seq=315854 Ack=141 Win=65024 Len=1448 TSval=2916037215 TSecr=3045556989 [TCP segment of a reassembled PDU]"
"34177","33.135248760","192.168.1.55","192.168.1.2","TCP","1514","8004  >  36150 [ACK] Seq=317302 Ack=141 Win=65024 Len=1448 TSval=2916037215 TSecr=3045556989 [TCP segment of a reassembled PDU]"
"34178","33.135250279","192.168.1.55","192.168.1.2","TCP","1514","8004  >  36150 [ACK] Seq=318750 Ack=141 Win=65024 Len=1448 TSval=2916037215 TSecr=3045556989 [TCP segment of a reassembled PDU]"
"34179","33.135251686","192.168.1.55","192.168.1.2","TCP","1514","8004  >  36150 [ACK] Seq=320198 Ack=141 Win=65024 Len=1448 TSval=2916037215 TSecr=3045556989 [TCP segment of a reassembled PDU]"
"34180","33.135252964","192.168.1.55","192.168.1.2","TCP","1514","8004  >  36150 [ACK] Seq=321646 Ack=141 Win=65024 Len=1448 TSval=2916037215 TSecr=3045556989 [TCP segment of a reassembled PDU]"
"34181","33.135254371","192.168.1.55","192.168.1.2","TCP","1514","8004  >  36150 [ACK] Seq=323094 Ack=141 Win=65024 Len=1448 TSval=2916037215 TSecr=3045556989 [TCP segment of a reassembled PDU]"
"34182","33.135255890","192.168.1.55","192.168.1.2","TCP","1514","8004  >  36150 [ACK] Seq=324542 Ack=141 Win=65024 Len=1448 TSval=2916037215 TSecr=3045556989 [TCP segment of a reassembled PDU]"
"34183","33.135257353","192.168.1.55","192.168.1.2","TCP","1514","8004  >  36150 [ACK] Seq=325990 Ack=141 Win=65024 Len=1448 TSval=2916037215 TSecr=3045556989 [TCP segment of a reassembled PDU]"
"34184","33.135258631","192.168.1.55","192.168.1.2","TCP","1514","8004  >  36150 [ACK] Seq=327438 Ack=141 Win=65024 Len=1448 TSval=2916037215 TSecr=3045556989 [TCP segment of a reassembled PDU]"
"34185","33.135259945","192.168.1.55","192.168.1.2","TCP","1514","8004  >  36150 [ACK] Seq=328886 Ack=141 Win=65024 Len=1448 TSval=2916037215 TSecr=3045556989 [TCP segment of a reassembled PDU]"
"34186","33.135261427","192.168.1.55","192.168.1.2","TCP","1514","8004  >  36150 [ACK] Seq=330334 Ack=141 Win=65024 Len=1448 TSval=2916037215 TSecr=3045556989 [TCP segment of a reassembled PDU]"
"34187","33.135262705","192.168.1.55","192.168.1.2","TCP","1514","8004  >  36150 [ACK] Seq=331782 Ack=141 Win=65024 Len=1448 TSval=2916037215 TSecr=3045556989 [TCP segment of a reassembled PDU]"
"34188","33.135264501","192.168.1.55","192.168.1.2","TCP","1514","8004  >  36150 [ACK] Seq=333230 Ack=141 Win=65024 Len=1448 TSval=2916037215 TSecr=3045556989 [TCP segment of a reassembled PDU]"
"34189","33.135265834","192.168.1.55","192.168.1.2","TCP","1514","8004  >  36150 [ACK] Seq=334678 Ack=141 Win=65024 Len=1448 TSval=2916037215 TSecr=3045556989 [TCP segment of a reassembled PDU]"
"34190","33.135267279","192.168.1.55","192.168.1.2","TCP","1514","8004  >  36150 [ACK] Seq=336126 Ack=141 Win=65024 Len=1448 TSval=2916037215 TSecr=3045556989 [TCP segment of a reassembled PDU]"
"34191","33.135268686","192.168.1.55","192.168.1.2","TCP","1514","8004  >  36150 [ACK] Seq=337574 Ack=141 Win=65024 Len=1448 TSval=2916037215 TSecr=3045556989 [TCP segment of a reassembled PDU]"
"34192","33.135270131","192.168.1.55","192.168.1.2","TCP","1514","8004  >  36150 [ACK] Seq=339022 Ack=141 Win=65024 Len=1448 TSval=2916037215 TSecr=3045556989 [TCP segment of a reassembled PDU]"
"34193","33.135271556","192.168.1.55","192.168.1.2","TCP","1514","8004  >  36150 [ACK] Seq=340470 Ack=141 Win=65024 Len=1448 TSval=2916037215 TSecr=3045556989 [TCP segment of a reassembled PDU]"
"34194","33.135273038","192.168.1.55","192.168.1.2","TCP","1514","8004  >  36150 [PSH, ACK] Seq=341918 Ack=141 Win=65024 Len=1448 TSval=2916037215 TSecr=3045556989 [TCP segment of a reassembled PDU]"
"34195","33.136472188","192.168.1.55","192.168.1.2","TCP","1514","8004  >  36150 [ACK] Seq=343366 Ack=141 Win=65024 Len=1448 TSval=2916037217 TSecr=3045556989 [TCP segment of a reassembled PDU]"
"34196","33.136474762","192.168.1.55","192.168.1.2","TCP","1514","8004  >  36150 [ACK] Seq=344814 Ack=141 Win=65024 Len=1448 TSval=2916037217 TSecr=3045556989 [TCP segment of a reassembled PDU]"
"34197","33.136476336","192.168.1.55","192.168.1.2","TCP","1514","8004  >  36150 [ACK] Seq=346262 Ack=141 Win=65024 Len=1448 TSval=2916037217 TSecr=3045556989 [TCP segment of a reassembled PDU]"
"34198","33.136477632","192.168.1.55","192.168.1.2","TCP","1514","8004  >  36150 [ACK] Seq=347710 Ack=141 Win=65024 Len=1448 TSval=2916037217 TSecr=3045556989 [TCP segment of a reassembled PDU]"
"34199","33.136479447","192.168.1.55","192.168.1.2","TCP","1514","8004  >  36150 [ACK] Seq=349158 Ack=141 Win=65024 Len=1448 TSval=2916037217 TSecr=3045556989 [TCP segment of a reassembled PDU]"
"34200","33.136480855","192.168.1.55","192.168.1.2","TCP","1514","8004  >  36150 [ACK] Seq=350606 Ack=141 Win=65024 Len=1448 TSval=2916037217 TSecr=3045556989 [TCP segment of a reassembled PDU]"
"34201","33.136482207","192.168.1.55","192.168.1.2","TCP","1514","8004  >  36150 [ACK] Seq=352054 Ack=141 Win=65024 Len=1448 TSval=2916037217 TSecr=3045556989 [TCP segment of a reassembled PDU]"
"34202","33.136483484","192.168.1.55","192.168.1.2","TCP","1514","8004  >  36150 [ACK] Seq=353502 Ack=141 Win=65024 Len=1448 TSval=2916037217 TSecr=3045556989 [TCP segment of a reassembled PDU]"
"34203","33.136484855","192.168.1.55","192.168.1.2","TCP","1514","8004  >  36150 [PSH, ACK] Seq=354950 Ack=141 Win=65024 Len=1448 TSval=2916037217 TSecr=3045556989 [TCP segment of a reassembled PDU]"
"34204","33.142039104","192.168.1.2","192.168.1.55","TCP","66","36150  >  8004 [ACK] Seq=141 Ack=268158 Win=105472 Len=0 TSval=3045556996 TSecr=2916037215"
"34205","33.142068012","192.168.1.55","192.168.1.2","TCP","1514","8004  >  36150 [ACK] Seq=356398 Ack=141 Win=65024 Len=1448 TSval=2916037222 TSecr=3045556996 [TCP segment of a reassembled PDU]"
"34206","33.142071308","192.168.1.55","192.168.1.2","TCP","1514","8004  >  36150 [ACK] Seq=357846 Ack=141 Win=65024 Len=1448 TSval=2916037222 TSecr=3045556996 [TCP segment of a reassembled PDU]"
"34207","33.142072604","192.168.1.55","192.168.1.2","TCP","1514","8004  >  36150 [ACK] Seq=359294 Ack=141 Win=65024 Len=1448 TSval=2916037222 TSecr=3045556996 [TCP segment of a reassembled PDU]"
"34208","33.142073901","192.168.1.55","192.168.1.2","TCP","1514","8004  >  36150 [ACK] Seq=360742 Ack=141 Win=65024 Len=1448 TSval=2916037222 TSecr=3045556996 [TCP segment of a reassembled PDU]"
"34209","33.142075197","192.168.1.55","192.168.1.2","TCP","1514","8004  >  36150 [ACK] Seq=362190 Ack=141 Win=65024 Len=1448 TSval=2916037222 TSecr=3045556996 [TCP segment of a reassembled PDU]"
"34210","33.142076567","192.168.1.55","192.168.1.2","TCP","1514","8004  >  36150 [ACK] Seq=363638 Ack=141 Win=65024 Len=1448 TSval=2916037222 TSecr=3045556996 [TCP segment of a reassembled PDU]"
"34211","33.142077845","192.168.1.55","192.168.1.2","TCP","1514","8004  >  36150 [ACK] Seq=365086 Ack=141 Win=65024 Len=1448 TSval=2916037222 TSecr=3045556996 [TCP segment of a reassembled PDU]"
"34212","33.142079549","192.168.1.55","192.168.1.2","TCP","1514","8004  >  36150 [ACK] Seq=366534 Ack=141 Win=65024 Len=1448 TSval=2916037222 TSecr=3045556996 [TCP segment of a reassembled PDU]"
"34213","33.142080919","192.168.1.55","192.168.1.2","TCP","1514","8004  >  36150 [ACK] Seq=367982 Ack=141 Win=65024 Len=1448 TSval=2916037222 TSecr=3045556996 [TCP segment of a reassembled PDU]"
"34214","33.142082197","192.168.1.55","192.168.1.2","TCP","1514","8004  >  36150 [ACK] Seq=369430 Ack=141 Win=65024 Len=1448 TSval=2916037222 TSecr=3045556996 [TCP segment of a reassembled PDU]"
"34215","33.142083586","192.168.1.55","192.168.1.2","TCP","1514","8004  >  36150 [PSH, ACK] Seq=370878 Ack=141 Win=65024 Len=1448 TSval=2916037222 TSecr=3045556996 [TCP segment of a reassembled PDU]"
"34216","33.142607864","192.168.1.2","192.168.1.55","TCP","66","36150  >  8004 [ACK] Seq=141 Ack=275398 Win=120832 Len=0 TSval=3045556996 TSecr=2916037215"
"34217","33.142618513","192.168.1.55","192.168.1.2","TCP","1514","8004  >  36150 [ACK] Seq=372326 Ack=141 Win=65024 Len=1448 TSval=2916037223 TSecr=3045556996 [TCP segment of a reassembled PDU]"
"34218","33.142620142","192.168.1.55","192.168.1.2","TCP","1514","8004  >  36150 [ACK] Seq=373774 Ack=141 Win=65024 Len=1448 TSval=2916037223 TSecr=3045556996 [TCP segment of a reassembled PDU]"
"34219","33.142621420","192.168.1.55","192.168.1.2","TCP","1514","8004  >  36150 [PSH, ACK] Seq=375222 Ack=141 Win=65024 Len=1448 TSval=2916037223 TSecr=3045556996 [TCP segment of a reassembled PDU]"
"34220","33.142625698","192.168.1.2","192.168.1.55","TCP","66","36150  >  8004 [ACK] Seq=141 Ack=305718 Win=113664 Len=0 TSval=3045556996 TSecr=2916037215"
"34221","33.142656364","192.168.1.55","192.168.1.2","TCP","1514","8004  >  36150 [ACK] Seq=376670 Ack=141 Win=65024 Len=1448 TSval=2916037223 TSecr=3045556996 [TCP segment of a reassembled PDU]"
"34222","33.142658272","192.168.1.55","192.168.1.2","TCP","1514","8004  >  36150 [ACK] Seq=378118 Ack=141 Win=65024 Len=1448 TSval=2916037223 TSecr=3045556996 [TCP segment of a reassembled PDU]"
"34223","33.142659976","192.168.1.55","192.168.1.2","TCP","1514","8004  >  36150 [ACK] Seq=379566 Ack=141 Win=65024 Len=1448 TSval=2916037223 TSecr=3045556996 [TCP segment of a reassembled PDU]"
"34224","33.142661272","192.168.1.55","192.168.1.2","TCP","1514","8004  >  36150 [ACK] Seq=381014 Ack=141 Win=65024 Len=1448 TSval=2916037223 TSecr=3045556996 [TCP segment of a reassembled PDU]"
"34225","33.142662587","192.168.1.55","192.168.1.2","TCP","1514","8004  >  36150 [ACK] Seq=382462 Ack=141 Win=65024 Len=1448 TSval=2916037223 TSecr=3045556996 [TCP segment of a reassembled PDU]"
"34226","33.142663920","192.168.1.55","192.168.1.2","TCP","1514","8004  >  36150 [ACK] Seq=383910 Ack=141 Win=65024 Len=1448 TSval=2916037223 TSecr=3045556996 [TCP segment of a reassembled PDU]"
"34227","33.142665309","192.168.1.55","192.168.1.2","TCP","1514","8004  >  36150 [ACK] Seq=385358 Ack=141 Win=65024 Len=1448 TSval=2916037223 TSecr=3045556996 [TCP segment of a reassembled PDU]"
"34228","33.142666735","192.168.1.55","192.168.1.2","TCP","1514","8004  >  36150 [ACK] Seq=386806 Ack=141 Win=65024 Len=1448 TSval=2916037223 TSecr=3045556996 [TCP segment of a reassembled PDU]"
"34229","33.142668383","192.168.1.55","192.168.1.2","TCP","1514","8004  >  36150 [ACK] Seq=388254 Ack=141 Win=65024 Len=1448 TSval=2916037223 TSecr=3045556996 [TCP segment of a reassembled PDU]"
"34230","33.142669772","192.168.1.55","192.168.1.2","TCP","1514","8004  >  36150 [ACK] Seq=389702 Ack=141 Win=65024 Len=1448 TSval=2916037223 TSecr=3045556996 [TCP segment of a reassembled PDU]"
"34231","33.142671031","192.168.1.55","192.168.1.2","TCP","1514","8004  >  36150 [ACK] Seq=391150 Ack=141 Win=65024 Len=1448 TSval=2916037223 TSecr=3045556996 [TCP segment of a reassembled PDU]"
"34232","33.142672420","192.168.1.55","192.168.1.2","TCP","1514","8004  >  36150 [ACK] Seq=392598 Ack=141 Win=65024 Len=1448 TSval=2916037223 TSecr=3045556996 [TCP segment of a reassembled PDU]"
"34233","33.142673790","192.168.1.55","192.168.1.2","TCP","1514","8004  >  36150 [ACK] Seq=394046 Ack=141 Win=65024 Len=1448 TSval=2916037223 TSecr=3045556996 [TCP segment of a reassembled PDU]"
"34234","33.142675087","192.168.1.55","192.168.1.2","TCP","1514","8004  >  36150 [ACK] Seq=395494 Ack=141 Win=65024 Len=1448 TSval=2916037223 TSecr=3045556996 [TCP segment of a reassembled PDU]"
"34235","33.142676513","192.168.1.55","192.168.1.2","TCP","1514","8004  >  36150 [ACK] Seq=396942 Ack=141 Win=65024 Len=1448 TSval=2916037223 TSecr=3045556996 [TCP segment of a reassembled PDU]"
"34236","33.142677902","192.168.1.55","192.168.1.2","TCP","1514","8004  >  36150 [ACK] Seq=398390 Ack=141 Win=65024 Len=1448 TSval=2916037223 TSecr=3045556996 [TCP segment of a reassembled PDU]"
"34237","33.142679327","192.168.1.55","192.168.1.2","TCP","1514","8004  >  36150 [ACK] Seq=399838 Ack=141 Win=65024 Len=1448 TSval=2916037223 TSecr=3045556996 [TCP segment of a reassembled PDU]"
"34238","33.142680698","192.168.1.55","192.168.1.2","TCP","1514","8004  >  36150 [ACK] Seq=401286 Ack=141 Win=65024 Len=1448 TSval=2916037223 TSecr=3045556996 [TCP segment of a reassembled PDU]"
"34239","33.142682290","192.168.1.55","192.168.1.2","TCP","1514","8004  >  36150 [ACK] Seq=402734 Ack=141 Win=65024 Len=1448 TSval=2916037223 TSecr=3045556996 [TCP segment of a reassembled PDU]"
"34240","33.142683902","192.168.1.55","192.168.1.2","TCP","1514","8004  >  36150 [ACK] Seq=404182 Ack=141 Win=65024 Len=1448 TSval=2916037223 TSecr=3045556996 [TCP segment of a reassembled PDU]"
"34241","33.142685290","192.168.1.55","192.168.1.2","TCP","1514","8004  >  36150 [ACK] Seq=405630 Ack=141 Win=65024 Len=1448 TSval=2916037223 TSecr=3045556996 [TCP segment of a reassembled PDU]"
"34242","33.142686920","192.168.1.55","192.168.1.2","TCP","1514","8004  >  36150 [ACK] Seq=407078 Ack=141 Win=65024 Len=1448 TSval=2916037223 TSecr=3045556996 [TCP segment of a reassembled PDU]"
"34243","33.142688290","192.168.1.55","192.168.1.2","TCP","1514","8004  >  36150 [PSH, ACK] Seq=408526 Ack=141 Win=65024 Len=1448 TSval=2916037223 TSecr=3045556996 [TCP segment of a reassembled PDU]"
"34244","33.142692902","192.168.1.2","192.168.1.55","TCP","66","36150  >  8004 [ACK] Seq=141 Ack=310062 Win=129024 Len=0 TSval=3045556996 TSecr=2916037215"
"34245","33.142699198","192.168.1.2","192.168.1.55","TCP","66","36150  >  8004 [ACK] Seq=141 Ack=327438 Win=115712 Len=0 TSval=3045556996 TSecr=2916037215"
"34246","33.146179352","192.168.1.2","192.168.1.55","TCP","66","36150  >  8004 [ACK] Seq=141 Ack=343366 Win=140288 Len=0 TSval=3045556997 TSecr=2916037215"
"34247","33.146255000","192.168.1.55","192.168.1.2","TCP","1514","8004  >  36150 [ACK] Seq=409974 Ack=141 Win=65024 Len=1448 TSval=2916037226 TSecr=3045556997 [TCP segment of a reassembled PDU]"
"34248","33.146257500","192.168.1.55","192.168.1.2","TCP","1514","8004  >  36150 [ACK] Seq=411422 Ack=141 Win=65024 Len=1448 TSval=2916037226 TSecr=3045556997 [TCP segment of a reassembled PDU]"
"34249","33.146258796","192.168.1.55","192.168.1.2","TCP","1514","8004  >  36150 [ACK] Seq=412870 Ack=141 Win=65024 Len=1448 TSval=2916037226 TSecr=3045556997 [TCP segment of a reassembled PDU]"
"34250","33.146260296","192.168.1.55","192.168.1.2","TCP","1514","8004  >  36150 [ACK] Seq=414318 Ack=141 Win=65024 Len=1448 TSval=2916037226 TSecr=3045556997 [TCP segment of a reassembled PDU]"
"34251","33.146261574","192.168.1.55","192.168.1.2","TCP","1514","8004  >  36150 [ACK] Seq=415766 Ack=141 Win=65024 Len=1448 TSval=2916037226 TSecr=3045556997 [TCP segment of a reassembled PDU]"
"34252","33.146262852","192.168.1.55","192.168.1.2","TCP","1514","8004  >  36150 [ACK] Seq=417214 Ack=141 Win=65024 Len=1448 TSval=2916037226 TSecr=3045556997 [TCP segment of a reassembled PDU]"
"34253","33.146264518","192.168.1.55","192.168.1.2","TCP","1514","8004  >  36150 [ACK] Seq=418662 Ack=141 Win=65024 Len=1448 TSval=2916037226 TSecr=3045556997 [TCP segment of a reassembled PDU]"
"34254","33.146265889","192.168.1.55","192.168.1.2","TCP","1514","8004  >  36150 [ACK] Seq=420110 Ack=141 Win=65024 Len=1448 TSval=2916037226 TSecr=3045556997 [TCP segment of a reassembled PDU]"
"34255","33.146267315","192.168.1.55","192.168.1.2","TCP","1514","8004  >  36150 [ACK] Seq=421558 Ack=141 Win=65024 Len=1448 TSval=2916037226 TSecr=3045556997 [TCP segment of a reassembled PDU]"
"34256","33.146268667","192.168.1.55","192.168.1.2","TCP","1514","8004  >  36150 [ACK] Seq=423006 Ack=141 Win=65024 Len=1448 TSval=2916037226 TSecr=3045556997 [TCP segment of a reassembled PDU]"
"34257","33.146269963","192.168.1.55","192.168.1.2","TCP","1514","8004  >  36150 [ACK] Seq=424454 Ack=141 Win=65024 Len=1448 TSval=2916037226 TSecr=3045556997 [TCP segment of a reassembled PDU]"
"34258","33.146271926","192.168.1.55","192.168.1.2","TCP","1514","8004  >  36150 [ACK] Seq=425902 Ack=141 Win=65024 Len=1448 TSval=2916037226 TSecr=3045556997 [TCP segment of a reassembled PDU]"
"34259","33.146273296","192.168.1.55","192.168.1.2","TCP","1514","8004  >  36150 [ACK] Seq=427350 Ack=141 Win=65024 Len=1448 TSval=2916037226 TSecr=3045556997 [TCP segment of a reassembled PDU]"
"34260","33.146274685","192.168.1.55","192.168.1.2","TCP","1514","8004  >  36150 [ACK] Seq=428798 Ack=141 Win=65024 Len=1448 TSval=2916037226 TSecr=3045556997 [TCP segment of a reassembled PDU]"
"34261","33.146276055","192.168.1.55","192.168.1.2","TCP","1514","8004  >  36150 [ACK] Seq=430246 Ack=141 Win=65024 Len=1448 TSval=2916037226 TSecr=3045556997 [TCP segment of a reassembled PDU]"
"34262","33.146277407","192.168.1.55","192.168.1.2","TCP","1514","8004  >  36150 [ACK] Seq=431694 Ack=141 Win=65024 Len=1448 TSval=2916037226 TSecr=3045556997 [TCP segment of a reassembled PDU]"
"34263","33.146278796","192.168.1.55","192.168.1.2","TCP","1514","8004  >  36150 [ACK] Seq=433142 Ack=141 Win=65024 Len=1448 TSval=2916037226 TSecr=3045556997 [TCP segment of a reassembled PDU]"
"34264","33.146280074","192.168.1.55","192.168.1.2","TCP","1514","8004  >  36150 [ACK] Seq=434590 Ack=141 Win=65024 Len=1448 TSval=2916037226 TSecr=3045556997 [TCP segment of a reassembled PDU]"
"34265","33.146281352","192.168.1.55","192.168.1.2","TCP","1514","8004  >  36150 [ACK] Seq=436038 Ack=141 Win=65024 Len=1448 TSval=2916037226 TSecr=3045556997 [TCP segment of a reassembled PDU]"
"34266","33.146286907","192.168.1.55","192.168.1.2","TCP","1514","8004  >  36150 [ACK] Seq=437486 Ack=141 Win=65024 Len=1448 TSval=2916037226 TSecr=3045556997 [TCP segment of a reassembled PDU]"
"34267","33.146288500","192.168.1.55","192.168.1.2","TCP","1514","8004  >  36150 [ACK] Seq=438934 Ack=141 Win=65024 Len=1448 TSval=2916037226 TSecr=3045556997 [TCP segment of a reassembled PDU]"
"34268","33.146289926","192.168.1.55","192.168.1.2","TCP","1514","8004  >  36150 [ACK] Seq=440382 Ack=141 Win=65024 Len=1448 TSval=2916037226 TSecr=3045556997 [TCP segment of a reassembled PDU]"
"34269","33.146296370","192.168.1.55","192.168.1.2","TCP","1514","8004  >  36150 [PSH, ACK] Seq=441830 Ack=141 Win=65024 Len=1448 TSval=2916037226 TSecr=3045556997 [TCP segment of a reassembled PDU]"
"34270","33.146323481","192.168.1.55","192.168.1.2","TCP","1514","8004  >  36150 [ACK] Seq=443278 Ack=141 Win=65024 Len=1448 TSval=2916037226 TSecr=3045556997 [TCP segment of a reassembled PDU]"
"34271","33.146325296","192.168.1.55","192.168.1.2","TCP","1514","8004  >  36150 [ACK] Seq=444726 Ack=141 Win=65024 Len=1448 TSval=2916037226 TSecr=3045556997 [TCP segment of a reassembled PDU]"
"34272","33.146326796","192.168.1.55","192.168.1.2","TCP","1514","8004  >  36150 [ACK] Seq=446174 Ack=141 Win=65024 Len=1448 TSval=2916037226 TSecr=3045556997 [TCP segment of a reassembled PDU]"
"34273","33.146328185","192.168.1.55","192.168.1.2","TCP","1514","8004  >  36150 [ACK] Seq=447622 Ack=141 Win=65024 Len=1448 TSval=2916037226 TSecr=3045556997 [TCP segment of a reassembled PDU]"
"34274","33.146329463","192.168.1.55","192.168.1.2","TCP","1514","8004  >  36150 [ACK] Seq=449070 Ack=141 Win=65024 Len=1448 TSval=2916037226 TSecr=3045556997 [TCP segment of a reassembled PDU]"
"34275","33.146330759","192.168.1.55","192.168.1.2","TCP","1514","8004  >  36150 [ACK] Seq=450518 Ack=141 Win=65024 Len=1448 TSval=2916037226 TSecr=3045556997 [TCP segment of a reassembled PDU]"
"34276","33.146332148","192.168.1.55","192.168.1.2","TCP","1514","8004  >  36150 [ACK] Seq=451966 Ack=141 Win=65024 Len=1448 TSval=2916037226 TSecr=3045556997 [TCP segment of a reassembled PDU]"
"34277","33.146333426","192.168.1.55","192.168.1.2","TCP","1514","8004  >  36150 [ACK] Seq=453414 Ack=141 Win=65024 Len=1448 TSval=2916037226 TSecr=3045556997 [TCP segment of a reassembled PDU]"
"34278","33.146334796","192.168.1.55","192.168.1.2","TCP","1514","8004  >  36150 [ACK] Seq=454862 Ack=141 Win=65024 Len=1448 TSval=2916037226 TSecr=3045556997 [TCP segment of a reassembled PDU]"
"34279","33.146336111","192.168.1.55","192.168.1.2","TCP","1514","8004  >  36150 [ACK] Seq=456310 Ack=141 Win=65024 Len=1448 TSval=2916037226 TSecr=3045556997 [TCP segment of a reassembled PDU]"
"34280","33.146337500","192.168.1.55","192.168.1.2","TCP","1514","8004  >  36150 [ACK] Seq=457758 Ack=141 Win=65024 Len=1448 TSval=2916037226 TSecr=3045556997 [TCP segment of a reassembled PDU]"
"34281","33.146338944","192.168.1.55","192.168.1.2","TCP","1514","8004  >  36150 [ACK] Seq=459206 Ack=141 Win=65024 Len=1448 TSval=2916037226 TSecr=3045556997 [TCP segment of a reassembled PDU]"
"34282","33.146340241","192.168.1.55","192.168.1.2","TCP","1514","8004  >  36150 [ACK] Seq=460654 Ack=141 Win=65024 Len=1448 TSval=2916037226 TSecr=3045556997 [TCP segment of a reassembled PDU]"
"34283","33.146341667","192.168.1.55","192.168.1.2","TCP","1514","8004  >  36150 [ACK] Seq=462102 Ack=141 Win=65024 Len=1448 TSval=2916037226 TSecr=3045556997 [TCP segment of a reassembled PDU]"
"34284","33.146342963","192.168.1.55","192.168.1.2","TCP","1514","8004  >  36150 [ACK] Seq=463550 Ack=141 Win=65024 Len=1448 TSval=2916037226 TSecr=3045556997 [TCP segment of a reassembled PDU]"
"34285","33.146344407","192.168.1.55","192.168.1.2","TCP","1514","8004  >  36150 [ACK] Seq=464998 Ack=141 Win=65024 Len=1448 TSval=2916037226 TSecr=3045556997 [TCP segment of a reassembled PDU]"
"34286","33.146346352","192.168.1.55","192.168.1.2","TCP","1514","8004  >  36150 [ACK] Seq=466446 Ack=141 Win=65024 Len=1448 TSval=2916037226 TSecr=3045556997 [TCP segment of a reassembled PDU]"
"34287","33.146347741","192.168.1.55","192.168.1.2","TCP","1514","8004  >  36150 [ACK] Seq=467894 Ack=141 Win=65024 Len=1448 TSval=2916037226 TSecr=3045556997 [TCP segment of a reassembled PDU]"
"34288","33.146349093","192.168.1.55","192.168.1.2","TCP","1514","8004  >  36150 [ACK] Seq=469342 Ack=141 Win=65024 Len=1448 TSval=2916037226 TSecr=3045556997 [TCP segment of a reassembled PDU]"
"34289","33.146350556","192.168.1.55","192.168.1.2","TCP","1514","8004  >  36150 [ACK] Seq=470790 Ack=141 Win=65024 Len=1448 TSval=2916037226 TSecr=3045556997 [TCP segment of a reassembled PDU]"
"34290","33.146351852","192.168.1.55","192.168.1.2","TCP","1514","8004  >  36150 [ACK] Seq=472238 Ack=141 Win=65024 Len=1448 TSval=2916037226 TSecr=3045556997 [TCP segment of a reassembled PDU]"
"34291","33.146353352","192.168.1.55","192.168.1.2","TCP","1514","8004  >  36150 [ACK] Seq=473686 Ack=141 Win=65024 Len=1448 TSval=2916037226 TSecr=3045556997 [TCP segment of a reassembled PDU]"
"34292","33.146354648","192.168.1.55","192.168.1.2","TCP","1514","8004  >  36150 [PSH, ACK] Seq=475134 Ack=141 Win=65024 Len=1448 TSval=2916037226 TSecr=3045556997 [TCP segment of a reassembled PDU]"
"34293","33.146426167","192.168.1.2","192.168.1.55","TCP","66","36150  >  8004 [ACK] Seq=141 Ack=356398 Win=130048 Len=0 TSval=3045556997 TSecr=2916037217"
"34294","33.146442741","192.168.1.2","192.168.1.55","TCP","66","36150  >  8004 [ACK] Seq=141 Ack=363638 Win=146432 Len=0 TSval=3045557002 TSecr=2916037222"
"34295","33.146475611","192.168.1.55","192.168.1.2","TCP","1514","8004  >  36150 [ACK] Seq=476582 Ack=141 Win=65024 Len=1448 TSval=2916037227 TSecr=3045557002 [TCP segment of a reassembled PDU]"
"34296","33.146478500","192.168.1.55","192.168.1.2","TCP","1514","8004  >  36150 [ACK] Seq=478030 Ack=141 Win=65024 Len=1448 TSval=2916037227 TSecr=3045557002 [TCP segment of a reassembled PDU]"
"34297","33.146480056","192.168.1.55","192.168.1.2","TCP","1514","8004  >  36150 [ACK] Seq=479478 Ack=141 Win=65024 Len=1448 TSval=2916037227 TSecr=3045557002 [TCP segment of a reassembled PDU]"
"34298","33.146481537","192.168.1.55","192.168.1.2","TCP","1514","8004  >  36150 [ACK] Seq=480926 Ack=141 Win=65024 Len=1448 TSval=2916037227 TSecr=3045557002 [TCP segment of a reassembled PDU]"
"34299","33.146483185","192.168.1.55","192.168.1.2","TCP","1514","8004  >  36150 [ACK] Seq=482374 Ack=141 Win=65024 Len=1448 TSval=2916037227 TSecr=3045557002 [TCP segment of a reassembled PDU]"
"34300","33.146484685","192.168.1.55","192.168.1.2","TCP","1514","8004  >  36150 [ACK] Seq=483822 Ack=141 Win=65024 Len=1448 TSval=2916037227 TSecr=3045557002 [TCP segment of a reassembled PDU]"
"34301","33.146486130","192.168.1.55","192.168.1.2","TCP","1514","8004  >  36150 [ACK] Seq=485270 Ack=141 Win=65024 Len=1448 TSval=2916037227 TSecr=3045557002 [TCP segment of a reassembled PDU]"
"34302","33.146487500","192.168.1.55","192.168.1.2","TCP","1514","8004  >  36150 [ACK] Seq=486718 Ack=141 Win=65024 Len=1448 TSval=2916037227 TSecr=3045557002 [TCP segment of a reassembled PDU]"
"34303","33.146489000","192.168.1.55","192.168.1.2","TCP","1514","8004  >  36150 [ACK] Seq=488166 Ack=141 Win=65024 Len=1448 TSval=2916037227 TSecr=3045557002 [TCP segment of a reassembled PDU]"
"34304","33.146490426","192.168.1.55","192.168.1.2","TCP","1514","8004  >  36150 [ACK] Seq=489614 Ack=141 Win=65024 Len=1448 TSval=2916037227 TSecr=3045557002 [TCP segment of a reassembled PDU]"
"34305","33.146491834","192.168.1.55","192.168.1.2","TCP","1514","8004  >  36150 [ACK] Seq=491062 Ack=141 Win=65024 Len=1448 TSval=2916037227 TSecr=3045557002 [TCP segment of a reassembled PDU]"
"34306","33.146493297","192.168.1.55","192.168.1.2","TCP","1514","8004  >  36150 [ACK] Seq=492510 Ack=141 Win=65024 Len=1448 TSval=2916037227 TSecr=3045557002 [TCP segment of a reassembled PDU]"
"34307","33.146494667","192.168.1.55","192.168.1.2","TCP","1514","8004  >  36150 [ACK] Seq=493958 Ack=141 Win=65024 Len=1448 TSval=2916037227 TSecr=3045557002 [TCP segment of a reassembled PDU]"
"34308","33.146496371","192.168.1.55","192.168.1.2","TCP","1514","8004  >  36150 [ACK] Seq=495406 Ack=141 Win=65024 Len=1448 TSval=2916037227 TSecr=3045557002 [TCP segment of a reassembled PDU]"
"34309","33.146497926","192.168.1.55","192.168.1.2","TCP","1514","8004  >  36150 [ACK] Seq=496854 Ack=141 Win=65024 Len=1448 TSval=2916037227 TSecr=3045557002 [TCP segment of a reassembled PDU]"
"34310","33.146499593","192.168.1.55","192.168.1.2","HTTP","1472","HTTP/1.0 200 OK  (PNG)"
"34311","33.146505111","192.168.1.2","192.168.1.55","TCP","66","36150  >  8004 [ACK] Seq=141 Ack=372326 Win=163840 Len=0 TSval=3045557002 TSecr=2916037222"
"34312","33.146512593","192.168.1.2","192.168.1.55","TCP","66","36150  >  8004 [ACK] Seq=141 Ack=376670 Win=172032 Len=0 TSval=3045557002 TSecr=2916037223"
"34313","33.147742558","192.168.1.2","192.168.1.55","TCP","66","36150  >  8004 [ACK] Seq=141 Ack=409974 Win=184320 Len=0 TSval=3045557002 TSecr=2916037223"
"34314","33.152582991","192.168.1.2","192.168.1.55","TCP","66","36150  >  8004 [ACK] Seq=141 Ack=423006 Win=197632 Len=0 TSval=3045557007 TSecr=2916037226"
"34315","33.152705343","192.168.1.2","192.168.1.55","TCP","66","36150  >  8004 [ACK] Seq=141 Ack=443278 Win=193536 Len=0 TSval=3045557007 TSecr=2916037226"
"34316","33.152713251","192.168.1.2","192.168.1.55","TCP","66","36150  >  8004 [ACK] Seq=141 Ack=491062 Win=158720 Len=0 TSval=3045557007 TSecr=2916037226"
"34317","33.153369196","192.168.1.2","192.168.1.55","TCP","66","36150  >  8004 [ACK] Seq=141 Ack=498302 Win=201728 Len=0 TSval=3045557008 TSecr=2916037227"
"34318","33.154825162","192.168.1.2","192.168.1.55","TCP","66","36150  >  8004 [FIN, ACK] Seq=141 Ack=499709 Win=203776 Len=0 TSval=3045557009 TSecr=2916037227"
"34319","33.154843051","192.168.1.55","192.168.1.2","TCP","66","8004  >  36150 [ACK] Seq=499709 Ack=142 Win=65024 Len=0 TSval=2916037235 TSecr=3045557009"
"34320","33.154965458","192.168.1.2","192.168.1.55","TCP","74","36158  >  8004 [SYN] Seq=0 Win=64240 Len=0 MSS=1460 SACK_PERM TSval=3045557010 TSecr=0 WS=1024"
"34321","33.154992273","192.168.1.55","192.168.1.2","TCP","74","8004  >  36158 [SYN, ACK] Seq=0 Ack=1 Win=65160 Len=0 MSS=1460 SACK_PERM TSval=2916037235 TSecr=3045557010 WS=128"
"34322","33.158088574","192.168.1.2","192.168.1.55","TCP","66","36158  >  8004 [ACK] Seq=1 Ack=1 Win=64512 Len=0 TSval=3045557013 TSecr=2916037235"
"34323","33.158495427","192.168.1.2","192.168.1.55","HTTP","209","GET /original_benchmark.png HTTP/1.1 "
"34324","33.158516242","192.168.1.55","192.168.1.2","TCP","66","8004  >  36158 [ACK] Seq=1 Ack=144 Win=65024 Len=0 TSval=2916037239 TSecr=3045557013"
"34325","33.158982502","192.168.1.55","192.168.1.2","TCP","255","8004  >  36158 [PSH, ACK] Seq=1 Ack=144 Win=65024 Len=189 TSval=2916037239 TSecr=3045557013 [TCP segment of a reassembled PDU]"
"34326","33.159074391","192.168.1.55","192.168.1.2","TCP","1514","8004  >  36158 [ACK] Seq=190 Ack=144 Win=65024 Len=1448 TSval=2916037239 TSecr=3045557013 [TCP segment of a reassembled PDU]"
"34327","33.159079668","192.168.1.55","192.168.1.2","TCP","1514","8004  >  36158 [ACK] Seq=1638 Ack=144 Win=65024 Len=1448 TSval=2916037239 TSecr=3045557013 [TCP segment of a reassembled PDU]"
"34328","33.159080928","192.168.1.55","192.168.1.2","TCP","1514","8004  >  36158 [ACK] Seq=3086 Ack=144 Win=65024 Len=1448 TSval=2916037239 TSecr=3045557013 [TCP segment of a reassembled PDU]"
"34329","33.159082076","192.168.1.55","192.168.1.2","TCP","1514","8004  >  36158 [ACK] Seq=4534 Ack=144 Win=65024 Len=1448 TSval=2916037239 TSecr=3045557013 [TCP segment of a reassembled PDU]"
"34330","33.159083279","192.168.1.55","192.168.1.2","TCP","1514","8004  >  36158 [PSH, ACK] Seq=5982 Ack=144 Win=65024 Len=1448 TSval=2916037239 TSecr=3045557013 [TCP segment of a reassembled PDU]"
"34331","33.159100928","192.168.1.55","192.168.1.2","TCP","1514","8004  >  36158 [ACK] Seq=7430 Ack=144 Win=65024 Len=1448 TSval=2916037239 TSecr=3045557013 [TCP segment of a reassembled PDU]"
"34332","33.159103242","192.168.1.55","192.168.1.2","TCP","1514","8004  >  36158 [ACK] Seq=8878 Ack=144 Win=65024 Len=1448 TSval=2916037239 TSecr=3045557013 [TCP segment of a reassembled PDU]"
"34333","33.159104317","192.168.1.55","192.168.1.2","TCP","1514","8004  >  36158 [ACK] Seq=10326 Ack=144 Win=65024 Len=1448 TSval=2916037239 TSecr=3045557013 [TCP segment of a reassembled PDU]"
"34334","33.159105446","192.168.1.55","192.168.1.2","TCP","1514","8004  >  36158 [PSH, ACK] Seq=11774 Ack=144 Win=65024 Len=1448 TSval=2916037239 TSecr=3045557013 [TCP segment of a reassembled PDU]"
"34335","33.163009934","192.168.1.2","192.168.1.55","TCP","66","36158  >  8004 [ACK] Seq=144 Ack=190 Win=64512 Len=0 TSval=3045557017 TSecr=2916037239"
"34336","33.163109045","192.168.1.55","192.168.1.2","TCP","1514","8004  >  36158 [ACK] Seq=13222 Ack=144 Win=65024 Len=1448 TSval=2916037243 TSecr=3045557017 [TCP segment of a reassembled PDU]"
"34337","33.163124508","192.168.1.55","192.168.1.2","TCP","1514","8004  >  36158 [PSH, ACK] Seq=14670 Ack=144 Win=65024 Len=1448 TSval=2916037243 TSecr=3045557017 [TCP segment of a reassembled PDU]"
"34338","33.163234638","192.168.1.2","192.168.1.55","TCP","66","36158  >  8004 [ACK] Seq=144 Ack=3086 Win=70656 Len=0 TSval=3045557017 TSecr=2916037239"
"34339","33.163266860","192.168.1.2","192.168.1.55","TCP","66","36158  >  8004 [ACK] Seq=144 Ack=5982 Win=76800 Len=0 TSval=3045557017 TSecr=2916037239"
"34340","33.163360083","192.168.1.55","192.168.1.2","TCP","1514","8004  >  36158 [ACK] Seq=16118 Ack=144 Win=65024 Len=1448 TSval=2916037243 TSecr=3045557017 [TCP segment of a reassembled PDU]"
"34341","33.163370842","192.168.1.55","192.168.1.2","TCP","1514","8004  >  36158 [ACK] Seq=17566 Ack=144 Win=65024 Len=1448 TSval=2916037243 TSecr=3045557017 [TCP segment of a reassembled PDU]"
"34342","33.163372953","192.168.1.55","192.168.1.2","TCP","1514","8004  >  36158 [ACK] Seq=19014 Ack=144 Win=65024 Len=1448 TSval=2916037243 TSecr=3045557017 [TCP segment of a reassembled PDU]"
"34343","33.163374101","192.168.1.55","192.168.1.2","TCP","1514","8004  >  36158 [ACK] Seq=20462 Ack=144 Win=65024 Len=1448 TSval=2916037243 TSecr=3045557017 [TCP segment of a reassembled PDU]"
"34344","33.163375638","192.168.1.55","192.168.1.2","TCP","1514","8004  >  36158 [ACK] Seq=21910 Ack=144 Win=65024 Len=1448 TSval=2916037243 TSecr=3045557017 [TCP segment of a reassembled PDU]"
"34345","33.163378268","192.168.1.55","192.168.1.2","TCP","1514","8004  >  36158 [ACK] Seq=23358 Ack=144 Win=65024 Len=1448 TSval=2916037243 TSecr=3045557017 [TCP segment of a reassembled PDU]"
"34346","33.163380342","192.168.1.55","192.168.1.2","TCP","1514","8004  >  36158 [PSH, ACK] Seq=24806 Ack=144 Win=65024 Len=1448 TSval=2916037243 TSecr=3045557017 [TCP segment of a reassembled PDU]"
"34347","33.163887806","192.168.1.2","192.168.1.55","TCP","66","36158  >  8004 [ACK] Seq=144 Ack=7430 Win=79872 Len=0 TSval=3045557018 TSecr=2916037239"
"34348","33.163942824","192.168.1.2","192.168.1.55","TCP","66","36158  >  8004 [ACK] Seq=144 Ack=13222 Win=84992 Len=0 TSval=3045557018 TSecr=2916037239"
"34349","33.163988713","192.168.1.55","192.168.1.2","TCP","1514","8004  >  36158 [ACK] Seq=26254 Ack=144 Win=65024 Len=1448 TSval=2916037244 TSecr=3045557018 [TCP segment of a reassembled PDU]"
"34350","33.163993435","192.168.1.55","192.168.1.2","TCP","1514","8004  >  36158 [ACK] Seq=27702 Ack=144 Win=65024 Len=1448 TSval=2916037244 TSecr=3045557018 [TCP segment of a reassembled PDU]"
"34351","33.163995361","192.168.1.55","192.168.1.2","TCP","1514","8004  >  36158 [ACK] Seq=29150 Ack=144 Win=65024 Len=1448 TSval=2916037244 TSecr=3045557018 [TCP segment of a reassembled PDU]"
"34352","33.163997306","192.168.1.55","192.168.1.2","TCP","1514","8004  >  36158 [ACK] Seq=30598 Ack=144 Win=65024 Len=1448 TSval=2916037244 TSecr=3045557018 [TCP segment of a reassembled PDU]"
"34353","33.163999158","192.168.1.55","192.168.1.2","TCP","1514","8004  >  36158 [ACK] Seq=32046 Ack=144 Win=65024 Len=1448 TSval=2916037244 TSecr=3045557018 [TCP segment of a reassembled PDU]"
"34354","33.164000565","192.168.1.55","192.168.1.2","TCP","1514","8004  >  36158 [ACK] Seq=33494 Ack=144 Win=65024 Len=1448 TSval=2916037244 TSecr=3045557018 [TCP segment of a reassembled PDU]"
"34355","33.164001991","192.168.1.55","192.168.1.2","TCP","1514","8004  >  36158 [ACK] Seq=34942 Ack=144 Win=65024 Len=1448 TSval=2916037244 TSecr=3045557018 [TCP segment of a reassembled PDU]"
"34356","33.164004343","192.168.1.55","192.168.1.2","TCP","1514","8004  >  36158 [ACK] Seq=36390 Ack=144 Win=65024 Len=1448 TSval=2916037244 TSecr=3045557018 [TCP segment of a reassembled PDU]"
"34357","33.164006343","192.168.1.55","192.168.1.2","TCP","1514","8004  >  36158 [ACK] Seq=37838 Ack=144 Win=65024 Len=1448 TSval=2916037244 TSecr=3045557018 [TCP segment of a reassembled PDU]"
"34358","33.164007935","192.168.1.55","192.168.1.2","TCP","1514","8004  >  36158 [PSH, ACK] Seq=39286 Ack=144 Win=65024 Len=1448 TSval=2916037244 TSecr=3045557018 [TCP segment of a reassembled PDU]"
"34359","33.164032695","192.168.1.55","192.168.1.2","TCP","1514","8004  >  36158 [ACK] Seq=40734 Ack=144 Win=65024 Len=1448 TSval=2916037244 TSecr=3045557018 [TCP segment of a reassembled PDU]"
"34360","33.168040442","192.168.1.2","192.168.1.55","TCP","66","36158  >  8004 [ACK] Seq=144 Ack=16118 Win=90112 Len=0 TSval=3045557022 TSecr=2916037243"
"34361","33.168109479","192.168.1.55","192.168.1.2","TCP","1514","8004  >  36158 [ACK] Seq=42182 Ack=144 Win=65024 Len=1448 TSval=2916037248 TSecr=3045557022 [TCP segment of a reassembled PDU]"
"34362","33.168119201","192.168.1.55","192.168.1.2","TCP","1514","8004  >  36158 [PSH, ACK] Seq=43630 Ack=144 Win=65024 Len=1448 TSval=2916037248 TSecr=3045557022 [TCP segment of a reassembled PDU]"
"34363","33.168187109","192.168.1.2","192.168.1.55","TCP","66","36158  >  8004 [ACK] Seq=144 Ack=26254 Win=83968 Len=0 TSval=3045557022 TSecr=2916037243"
"34364","33.168234201","192.168.1.55","192.168.1.2","TCP","1514","8004  >  36158 [ACK] Seq=45078 Ack=144 Win=65024 Len=1448 TSval=2916037248 TSecr=3045557022 [TCP segment of a reassembled PDU]"
"34365","33.168237294","192.168.1.55","192.168.1.2","TCP","1514","8004  >  36158 [ACK] Seq=46526 Ack=144 Win=65024 Len=1448 TSval=2916037248 TSecr=3045557022 [TCP segment of a reassembled PDU]"
"34366","33.168238905","192.168.1.55","192.168.1.2","TCP","1514","8004  >  36158 [ACK] Seq=47974 Ack=144 Win=65024 Len=1448 TSval=2916037248 TSecr=3045557022 [TCP segment of a reassembled PDU]"
"34367","33.168240146","192.168.1.55","192.168.1.2","TCP","1514","8004  >  36158 [ACK] Seq=49422 Ack=144 Win=65024 Len=1448 TSval=2916037248 TSecr=3045557022 [TCP segment of a reassembled PDU]"
"34368","33.168241479","192.168.1.55","192.168.1.2","TCP","1514","8004  >  36158 [ACK] Seq=50870 Ack=144 Win=65024 Len=1448 TSval=2916037248 TSecr=3045557022 [TCP segment of a reassembled PDU]"
"34369","33.168243738","192.168.1.55","192.168.1.2","TCP","1514","8004  >  36158 [ACK] Seq=52318 Ack=144 Win=65024 Len=1448 TSval=2916037248 TSecr=3045557022 [TCP segment of a reassembled PDU]"
"34370","33.168245090","192.168.1.55","192.168.1.2","TCP","1514","8004  >  36158 [ACK] Seq=53766 Ack=144 Win=65024 Len=1448 TSval=2916037248 TSecr=3045557022 [TCP segment of a reassembled PDU]"
"34371","33.168246868","192.168.1.55","192.168.1.2","TCP","1514","8004  >  36158 [ACK] Seq=55214 Ack=144 Win=65024 Len=1448 TSval=2916037248 TSecr=3045557022 [TCP segment of a reassembled PDU]"
"34372","33.168248331","192.168.1.55","192.168.1.2","TCP","1514","8004  >  36158 [ACK] Seq=56662 Ack=144 Win=65024 Len=1448 TSval=2916037248 TSecr=3045557022 [TCP segment of a reassembled PDU]"
"34373","33.168249924","192.168.1.55","192.168.1.2","TCP","1514","8004  >  36158 [ACK] Seq=58110 Ack=144 Win=65024 Len=1448 TSval=2916037248 TSecr=3045557022 [TCP segment of a reassembled PDU]"
"34374","33.168251090","192.168.1.55","192.168.1.2","TCP","1514","8004  >  36158 [ACK] Seq=59558 Ack=144 Win=65024 Len=1448 TSval=2916037248 TSecr=3045557022 [TCP segment of a reassembled PDU]"
"34375","33.168252146","192.168.1.55","192.168.1.2","TCP","1514","8004  >  36158 [ACK] Seq=61006 Ack=144 Win=65024 Len=1448 TSval=2916037248 TSecr=3045557022 [TCP segment of a reassembled PDU]"
"34376","33.168253201","192.168.1.55","192.168.1.2","TCP","1514","8004  >  36158 [ACK] Seq=62454 Ack=144 Win=65024 Len=1448 TSval=2916037248 TSecr=3045557022 [TCP segment of a reassembled PDU]"
"34377","33.168254498","192.168.1.55","192.168.1.2","TCP","1514","8004  >  36158 [PSH, ACK] Seq=63902 Ack=144 Win=65024 Len=1448 TSval=2916037248 TSecr=3045557022 [TCP segment of a reassembled PDU]"
"34378","33.168260201","192.168.1.2","192.168.1.55","TCP","66","36158  >  8004 [ACK] Seq=144 Ack=30598 Win=79872 Len=0 TSval=3045557022 TSecr=2916037244"
"34379","33.168288701","192.168.1.55","192.168.1.2","TCP","1514","8004  >  36158 [ACK] Seq=65350 Ack=144 Win=65024 Len=1448 TSval=2916037248 TSecr=3045557022 [TCP segment of a reassembled PDU]"
"34380","33.168290424","192.168.1.55","192.168.1.2","TCP","1514","8004  >  36158 [ACK] Seq=66798 Ack=144 Win=65024 Len=1448 TSval=2916037248 TSecr=3045557022 [TCP segment of a reassembled PDU]"
"34381","33.168303053","192.168.1.55","192.168.1.2","TCP","1514","8004  >  36158 [ACK] Seq=68246 Ack=144 Win=65024 Len=1448 TSval=2916037248 TSecr=3045557022 [TCP segment of a reassembled PDU]"
"34382","33.168304424","192.168.1.55","192.168.1.2","TCP","1514","8004  >  36158 [ACK] Seq=69694 Ack=144 Win=65024 Len=1448 TSval=2916037248 TSecr=3045557022 [TCP segment of a reassembled PDU]"
"34383","33.168305868","192.168.1.55","192.168.1.2","TCP","1514","8004  >  36158 [ACK] Seq=71142 Ack=144 Win=65024 Len=1448 TSval=2916037248 TSecr=3045557022 [TCP segment of a reassembled PDU]"
"34384","33.168307276","192.168.1.55","192.168.1.2","TCP","1514","8004  >  36158 [ACK] Seq=72590 Ack=144 Win=65024 Len=1448 TSval=2916037248 TSecr=3045557022 [TCP segment of a reassembled PDU]"
"34385","33.168308813","192.168.1.55","192.168.1.2","TCP","1514","8004  >  36158 [ACK] Seq=74038 Ack=144 Win=65024 Len=1448 TSval=2916037248 TSecr=3045557022 [TCP segment of a reassembled PDU]"
"34386","33.168310035","192.168.1.55","192.168.1.2","TCP","1514","8004  >  36158 [PSH, ACK] Seq=75486 Ack=144 Win=65024 Len=1448 TSval=2916037248 TSecr=3045557022 [TCP segment of a reassembled PDU]"
"34387","33.168315090","192.168.1.2","192.168.1.55","TCP","66","36158  >  8004 [ACK] Seq=144 Ack=40734 Win=83968 Len=0 TSval=3045557023 TSecr=2916037244"
"34388","33.168358146","192.168.1.55","192.168.1.2","TCP","1514","8004  >  36158 [ACK] Seq=76934 Ack=144 Win=65024 Len=1448 TSval=2916037249 TSecr=3045557023 [TCP segment of a reassembled PDU]"
"34389","33.168361998","192.168.1.55","192.168.1.2","TCP","1514","8004  >  36158 [ACK] Seq=78382 Ack=144 Win=65024 Len=1448 TSval=2916037249 TSecr=3045557023 [TCP segment of a reassembled PDU]"
"34390","33.168363165","192.168.1.55","192.168.1.2","TCP","1514","8004  >  36158 [ACK] Seq=79830 Ack=144 Win=65024 Len=1448 TSval=2916037249 TSecr=3045557023 [TCP segment of a reassembled PDU]"
"34391","33.168364831","192.168.1.55","192.168.1.2","TCP","1514","8004  >  36158 [ACK] Seq=81278 Ack=144 Win=65024 Len=1448 TSval=2916037249 TSecr=3045557023 [TCP segment of a reassembled PDU]"
"34392","33.168366165","192.168.1.55","192.168.1.2","TCP","1514","8004  >  36158 [ACK] Seq=82726 Ack=144 Win=65024 Len=1448 TSval=2916037249 TSecr=3045557023 [TCP segment of a reassembled PDU]"
"34393","33.168367535","192.168.1.55","192.168.1.2","TCP","1514","8004  >  36158 [ACK] Seq=84174 Ack=144 Win=65024 Len=1448 TSval=2916037249 TSecr=3045557023 [TCP segment of a reassembled PDU]"
"34394","33.168369424","192.168.1.55","192.168.1.2","TCP","1514","8004  >  36158 [ACK] Seq=85622 Ack=144 Win=65024 Len=1448 TSval=2916037249 TSecr=3045557023 [TCP segment of a reassembled PDU]"
"34395","33.168370739","192.168.1.55","192.168.1.2","TCP","1514","8004  >  36158 [ACK] Seq=87070 Ack=144 Win=65024 Len=1448 TSval=2916037249 TSecr=3045557023 [TCP segment of a reassembled PDU]"
"34396","33.168371887","192.168.1.55","192.168.1.2","TCP","1514","8004  >  36158 [ACK] Seq=88518 Ack=144 Win=65024 Len=1448 TSval=2916037249 TSecr=3045557023 [TCP segment of a reassembled PDU]"
"34397","33.168373313","192.168.1.55","192.168.1.2","TCP","1514","8004  >  36158 [ACK] Seq=89966 Ack=144 Win=65024 Len=1448 TSval=2916037249 TSecr=3045557023 [TCP segment of a reassembled PDU]"
"34398","33.168374405","192.168.1.55","192.168.1.2","TCP","1514","8004  >  36158 [ACK] Seq=91414 Ack=144 Win=65024 Len=1448 TSval=2916037249 TSecr=3045557023 [TCP segment of a reassembled PDU]"
"34399","33.168376739","192.168.1.55","192.168.1.2","TCP","1514","8004  >  36158 [ACK] Seq=92862 Ack=144 Win=65024 Len=1448 TSval=2916037249 TSecr=3045557023 [TCP segment of a reassembled PDU]"
"34400","33.168377961","192.168.1.55","192.168.1.2","TCP","1514","8004  >  36158 [ACK] Seq=94310 Ack=144 Win=65024 Len=1448 TSval=2916037249 TSecr=3045557023 [TCP segment of a reassembled PDU]"
"34401","33.168379220","192.168.1.55","192.168.1.2","TCP","1514","8004  >  36158 [PSH, ACK] Seq=95758 Ack=144 Win=65024 Len=1448 TSval=2916037249 TSecr=3045557023 [TCP segment of a reassembled PDU]"
"34402","33.168384257","192.168.1.2","192.168.1.55","TCP","66","36158  >  8004 [ACK] Seq=144 Ack=42182 Win=82944 Len=0 TSval=3045557023 TSecr=2916037244"
"34403","33.169646833","192.168.1.55","192.168.1.2","TCP","1514","8004  >  36158 [ACK] Seq=97206 Ack=144 Win=65024 Len=1448 TSval=2916037250 TSecr=3045557023 [TCP segment of a reassembled PDU]"
"34404","33.169654000","192.168.1.55","192.168.1.2","TCP","1514","8004  >  36158 [PSH, ACK] Seq=98654 Ack=144 Win=65024 Len=1448 TSval=2916037250 TSecr=3045557023 [TCP segment of a reassembled PDU]"
"34405","33.173782284","192.168.1.2","192.168.1.55","TCP","66","36158  >  8004 [ACK] Seq=144 Ack=45078 Win=88064 Len=0 TSval=3045557028 TSecr=2916037248"
"34406","33.173833118","192.168.1.55","192.168.1.2","TCP","1514","8004  >  36158 [ACK] Seq=100102 Ack=144 Win=65024 Len=1448 TSval=2916037254 TSecr=3045557028 [TCP segment of a reassembled PDU]"
"34407","33.173839673","192.168.1.55","192.168.1.2","TCP","1514","8004  >  36158 [ACK] Seq=101550 Ack=144 Win=65024 Len=1448 TSval=2916037254 TSecr=3045557028 [TCP segment of a reassembled PDU]"
"34408","33.173841118","192.168.1.55","192.168.1.2","TCP","1514","8004  >  36158 [ACK] Seq=102998 Ack=144 Win=65024 Len=1448 TSval=2916037254 TSecr=3045557028 [TCP segment of a reassembled PDU]"
"34409","33.173842673","192.168.1.55","192.168.1.2","TCP","1514","8004  >  36158 [PSH, ACK] Seq=104446 Ack=144 Win=65024 Len=1448 TSval=2916037254 TSecr=3045557028 [TCP segment of a reassembled PDU]"
"34410","33.173920562","192.168.1.2","192.168.1.55","TCP","66","36158  >  8004 [ACK] Seq=144 Ack=46526 Win=90112 Len=0 TSval=3045557028 TSecr=2916037248"
"34411","33.173929081","192.168.1.2","192.168.1.55","TCP","66","36158  >  8004 [ACK] Seq=144 Ack=65350 Win=75776 Len=0 TSval=3045557028 TSecr=2916037248"
"34412","33.173955136","192.168.1.55","192.168.1.2","TCP","1514","8004  >  36158 [ACK] Seq=105894 Ack=144 Win=65024 Len=1448 TSval=2916037254 TSecr=3045557028 [TCP segment of a reassembled PDU]"
"34413","33.173956896","192.168.1.55","192.168.1.2","TCP","1514","8004  >  36158 [ACK] Seq=107342 Ack=144 Win=65024 Len=1448 TSval=2916037254 TSecr=3045557028 [TCP segment of a reassembled PDU]"
"34414","33.173957951","192.168.1.55","192.168.1.2","TCP","1514","8004  >  36158 [ACK] Seq=108790 Ack=144 Win=65024 Len=1448 TSval=2916037254 TSecr=3045557028 [TCP segment of a reassembled PDU]"
"34415","33.173960914","192.168.1.55","192.168.1.2","TCP","1514","8004  >  36158 [ACK] Seq=110238 Ack=144 Win=65024 Len=1448 TSval=2916037254 TSecr=3045557028 [TCP segment of a reassembled PDU]"
"34416","33.173962451","192.168.1.55","192.168.1.2","TCP","1514","8004  >  36158 [ACK] Seq=111686 Ack=144 Win=65024 Len=1448 TSval=2916037254 TSecr=3045557028 [TCP segment of a reassembled PDU]"
"34417","33.173963377","192.168.1.55","192.168.1.2","TCP","1514","8004  >  36158 [ACK] Seq=113134 Ack=144 Win=65024 Len=1448 TSval=2916037254 TSecr=3045557028 [TCP segment of a reassembled PDU]"
"34418","33.173964507","192.168.1.55","192.168.1.2","TCP","1514","8004  >  36158 [ACK] Seq=114582 Ack=144 Win=65024 Len=1448 TSval=2916037254 TSecr=3045557028 [TCP segment of a reassembled PDU]"
"34419","33.173965914","192.168.1.55","192.168.1.2","TCP","1514","8004  >  36158 [ACK] Seq=116030 Ack=144 Win=65024 Len=1448 TSval=2916037254 TSecr=3045557028 [TCP segment of a reassembled PDU]"
"34420","33.173967303","192.168.1.55","192.168.1.2","TCP","1514","8004  >  36158 [PSH, ACK] Seq=117478 Ack=144 Win=65024 Len=1448 TSval=2916037254 TSecr=3045557028 [TCP segment of a reassembled PDU]"
"34421","33.173971933","192.168.1.2","192.168.1.55","TCP","66","36158  >  8004 [ACK] Seq=144 Ack=76934 Win=64512 Len=0 TSval=3045557028 TSecr=2916037248"
"34422","33.174017137","192.168.1.55","192.168.1.2","TCP","1514","8004  >  36158 [ACK] Seq=118926 Ack=144 Win=65024 Len=1448 TSval=2916037254 TSecr=3045557028 [TCP segment of a reassembled PDU]"
"34423","33.174021933","192.168.1.55","192.168.1.2","TCP","1514","8004  >  36158 [ACK] Seq=120374 Ack=144 Win=65024 Len=1448 TSval=2916037254 TSecr=3045557028 [TCP segment of a reassembled PDU]"
"34424","33.174023507","192.168.1.55","192.168.1.2","TCP","1514","8004  >  36158 [ACK] Seq=121822 Ack=144 Win=65024 Len=1448 TSval=2916037254 TSecr=3045557028 [TCP segment of a reassembled PDU]"
"34425","33.174024988","192.168.1.55","192.168.1.2","TCP","1514","8004  >  36158 [ACK] Seq=123270 Ack=144 Win=65024 Len=1448 TSval=2916037254 TSecr=3045557028 [TCP segment of a reassembled PDU]"
"34426","33.174026914","192.168.1.55","192.168.1.2","TCP","1514","8004  >  36158 [ACK] Seq=124718 Ack=144 Win=65024 Len=1448 TSval=2916037254 TSecr=3045557028 [TCP segment of a reassembled PDU]"
"34427","33.174028322","192.168.1.55","192.168.1.2","TCP","1514","8004  >  36158 [ACK] Seq=126166 Ack=144 Win=65024 Len=1448 TSval=2916037254 TSecr=3045557028 [TCP segment of a reassembled PDU]"
"34428","33.174029525","192.168.1.55","192.168.1.2","TCP","1514","8004  >  36158 [ACK] Seq=127614 Ack=144 Win=65024 Len=1448 TSval=2916037254 TSecr=3045557028 [TCP segment of a reassembled PDU]"
"34429","33.174031470","192.168.1.55","192.168.1.2","TCP","1514","8004  >  36158 [ACK] Seq=129062 Ack=144 Win=65024 Len=1448 TSval=2916037254 TSecr=3045557028 [TCP segment of a reassembled PDU]"
"34430","33.174032933","192.168.1.55","192.168.1.2","TCP","1514","8004  >  36158 [ACK] Seq=130510 Ack=144 Win=65024 Len=1448 TSval=2916037254 TSecr=3045557028 [TCP segment of a reassembled PDU]"
"34431","33.174035322","192.168.1.55","192.168.1.2","TCP","1514","8004  >  36158 [ACK] Seq=131958 Ack=144 Win=65024 Len=1448 TSval=2916037254 TSecr=3045557028 [TCP segment of a reassembled PDU]"
"34432","33.174036970","192.168.1.55","192.168.1.2","TCP","1514","8004  >  36158 [ACK] Seq=133406 Ack=144 Win=65024 Len=1448 TSval=2916037254 TSecr=3045557028 [TCP segment of a reassembled PDU]"
"34433","33.174038414","192.168.1.55","192.168.1.2","TCP","1514","8004  >  36158 [ACK] Seq=134854 Ack=144 Win=65024 Len=1448 TSval=2916037254 TSecr=3045557028 [TCP segment of a reassembled PDU]"
"34434","33.174039433","192.168.1.55","192.168.1.2","TCP","1514","8004  >  36158 [ACK] Seq=136302 Ack=144 Win=65024 Len=1448 TSval=2916037254 TSecr=3045557028 [TCP segment of a reassembled PDU]"
"34435","33.174041859","192.168.1.55","192.168.1.2","TCP","1514","8004  >  36158 [ACK] Seq=137750 Ack=144 Win=65024 Len=1448 TSval=2916037254 TSecr=3045557028 [TCP segment of a reassembled PDU]"
"34436","33.174043544","192.168.1.55","192.168.1.2","TCP","1514","8004  >  36158 [ACK] Seq=139198 Ack=144 Win=65024 Len=1448 TSval=2916037254 TSecr=3045557028 [TCP segment of a reassembled PDU]"
"34437","33.174046081","192.168.1.55","192.168.1.2","TCP","866","[TCP Window Full] 8004  >  36158 [PSH, ACK] Seq=140646 Ack=144 Win=65024 Len=800 TSval=2916037254 TSecr=3045557028 [TCP segment of a reassembled PDU]"
"34438","33.174169729","192.168.1.2","192.168.1.55","TCP","66","36158  >  8004 [ACK] Seq=144 Ack=100102 Win=41984 Len=0 TSval=3045557028 TSecr=2916037249"
"34439","33.174188137","192.168.1.2","192.168.1.55","TCP","66","[TCP Window Update] 36158  >  8004 [ACK] Seq=144 Ack=100102 Win=90112 Len=0 TSval=3045557028 TSecr=2916037249"
"34440","33.174231526","192.168.1.55","192.168.1.2","TCP","1514","8004  >  36158 [ACK] Seq=141446 Ack=144 Win=65024 Len=1448 TSval=2916037254 TSecr=3045557028 [TCP segment of a reassembled PDU]"
"34441","33.174238544","192.168.1.55","192.168.1.2","TCP","1514","8004  >  36158 [ACK] Seq=142894 Ack=144 Win=65024 Len=1448 TSval=2916037254 TSecr=3045557028 [TCP segment of a reassembled PDU]"
"34442","33.174239489","192.168.1.55","192.168.1.2","TCP","1514","8004  >  36158 [ACK] Seq=144342 Ack=144 Win=65024 Len=1448 TSval=2916037254 TSecr=3045557028 [TCP segment of a reassembled PDU]"
"34443","33.174240729","192.168.1.55","192.168.1.2","TCP","1514","8004  >  36158 [ACK] Seq=145790 Ack=144 Win=65024 Len=1448 TSval=2916037254 TSecr=3045557028 [TCP segment of a reassembled PDU]"
"34444","33.174242341","192.168.1.55","192.168.1.2","TCP","1514","8004  >  36158 [ACK] Seq=147238 Ack=144 Win=65024 Len=1448 TSval=2916037254 TSecr=3045557028 [TCP segment of a reassembled PDU]"
"34445","33.174243378","192.168.1.55","192.168.1.2","TCP","1514","8004  >  36158 [ACK] Seq=148686 Ack=144 Win=65024 Len=1448 TSval=2916037254 TSecr=3045557028 [TCP segment of a reassembled PDU]"
"34446","33.174244433","192.168.1.55","192.168.1.2","TCP","1514","8004  >  36158 [ACK] Seq=150134 Ack=144 Win=65024 Len=1448 TSval=2916037254 TSecr=3045557028 [TCP segment of a reassembled PDU]"
"34447","33.174245378","192.168.1.55","192.168.1.2","TCP","1514","8004  >  36158 [ACK] Seq=151582 Ack=144 Win=65024 Len=1448 TSval=2916037254 TSecr=3045557028 [TCP segment of a reassembled PDU]"
"34448","33.174246359","192.168.1.55","192.168.1.2","TCP","1514","8004  >  36158 [ACK] Seq=153030 Ack=144 Win=65024 Len=1448 TSval=2916037254 TSecr=3045557028 [TCP segment of a reassembled PDU]"
"34449","33.174247396","192.168.1.55","192.168.1.2","TCP","1514","8004  >  36158 [ACK] Seq=154478 Ack=144 Win=65024 Len=1448 TSval=2916037254 TSecr=3045557028 [TCP segment of a reassembled PDU]"
"34450","33.174248526","192.168.1.55","192.168.1.2","TCP","1514","8004  >  36158 [ACK] Seq=155926 Ack=144 Win=65024 Len=1448 TSval=2916037254 TSecr=3045557028 [TCP segment of a reassembled PDU]"
"34451","33.174249396","192.168.1.55","192.168.1.2","TCP","1514","8004  >  36158 [ACK] Seq=157374 Ack=144 Win=65024 Len=1448 TSval=2916037254 TSecr=3045557028 [TCP segment of a reassembled PDU]"
"34452","33.174250415","192.168.1.55","192.168.1.2","TCP","1514","8004  >  36158 [PSH, ACK] Seq=158822 Ack=144 Win=65024 Len=1448 TSval=2916037254 TSecr=3045557028 [TCP segment of a reassembled PDU]"
"34453","33.174258507","192.168.1.55","192.168.1.2","TCP","714","8004  >  36158 [ACK] Seq=160270 Ack=144 Win=65024 Len=648 TSval=2916037254 TSecr=3045557028 [TCP segment of a reassembled PDU]"
"34454","33.174288804","192.168.1.55","192.168.1.2","TCP","1514","8004  >  36158 [ACK] Seq=160918 Ack=144 Win=65024 Len=1448 TSval=2916037254 TSecr=3045557028 [TCP segment of a reassembled PDU]"
"34455","33.174291118","192.168.1.55","192.168.1.2","TCP","1514","8004  >  36158 [ACK] Seq=162366 Ack=144 Win=65024 Len=1448 TSval=2916037254 TSecr=3045557028 [TCP segment of a reassembled PDU]"
"34456","33.174300989","192.168.1.55","192.168.1.2","TCP","1514","8004  >  36158 [ACK] Seq=163814 Ack=144 Win=65024 Len=1448 TSval=2916037254 TSecr=3045557028 [TCP segment of a reassembled PDU]"
"34457","33.174302193","192.168.1.55","192.168.1.2","TCP","1514","8004  >  36158 [ACK] Seq=165262 Ack=144 Win=65024 Len=1448 TSval=2916037254 TSecr=3045557028 [TCP segment of a reassembled PDU]"
"34458","33.174303304","192.168.1.55","192.168.1.2","TCP","1514","8004  >  36158 [ACK] Seq=166710 Ack=144 Win=65024 Len=1448 TSval=2916037254 TSecr=3045557028 [TCP segment of a reassembled PDU]"
"34459","33.174304711","192.168.1.55","192.168.1.2","TCP","1514","8004  >  36158 [ACK] Seq=168158 Ack=144 Win=65024 Len=1448 TSval=2916037254 TSecr=3045557028 [TCP segment of a reassembled PDU]"
"34460","33.174317211","192.168.1.55","192.168.1.2","TCP","1514","8004  >  36158 [ACK] Seq=169606 Ack=144 Win=65024 Len=1448 TSval=2916037254 TSecr=3045557028 [TCP segment of a reassembled PDU]"
"34461","33.174318618","192.168.1.55","192.168.1.2","TCP","1514","8004  >  36158 [ACK] Seq=171054 Ack=144 Win=65024 Len=1448 TSval=2916037254 TSecr=3045557028 [TCP segment of a reassembled PDU]"
"34462","33.174319896","192.168.1.55","192.168.1.2","TCP","1514","8004  >  36158 [ACK] Seq=172502 Ack=144 Win=65024 Len=1448 TSval=2916037254 TSecr=3045557028 [TCP segment of a reassembled PDU]"
"34463","33.174321174","192.168.1.55","192.168.1.2","TCP","1514","8004  >  36158 [ACK] Seq=173950 Ack=144 Win=65024 Len=1448 TSval=2916037254 TSecr=3045557028 [TCP segment of a reassembled PDU]"
"34464","33.174322267","192.168.1.55","192.168.1.2","TCP","1514","8004  >  36158 [ACK] Seq=175398 Ack=144 Win=65024 Len=1448 TSval=2916037254 TSecr=3045557028 [TCP segment of a reassembled PDU]"
"34465","33.174323322","192.168.1.55","192.168.1.2","TCP","1514","8004  >  36158 [ACK] Seq=176846 Ack=144 Win=65024 Len=1448 TSval=2916037254 TSecr=3045557028 [TCP segment of a reassembled PDU]"
"34466","33.174324267","192.168.1.55","192.168.1.2","TCP","1514","8004  >  36158 [ACK] Seq=178294 Ack=144 Win=65024 Len=1448 TSval=2916037254 TSecr=3045557028 [TCP segment of a reassembled PDU]"
"34467","33.174325378","192.168.1.55","192.168.1.2","TCP","1514","8004  >  36158 [ACK] Seq=179742 Ack=144 Win=65024 Len=1448 TSval=2916037254 TSecr=3045557028 [TCP segment of a reassembled PDU]"
"34468","33.174326415","192.168.1.55","192.168.1.2","TCP","1514","8004  >  36158 [ACK] Seq=181190 Ack=144 Win=65024 Len=1448 TSval=2916037254 TSecr=3045557028 [TCP segment of a reassembled PDU]"
"34469","33.174327526","192.168.1.55","192.168.1.2","TCP","1514","8004  >  36158 [ACK] Seq=182638 Ack=144 Win=65024 Len=1448 TSval=2916037254 TSecr=3045557028 [TCP segment of a reassembled PDU]"
"34470","33.174328711","192.168.1.55","192.168.1.2","TCP","1514","8004  >  36158 [ACK] Seq=184086 Ack=144 Win=65024 Len=1448 TSval=2916037254 TSecr=3045557028 [TCP segment of a reassembled PDU]"
"34471","33.174329674","192.168.1.55","192.168.1.2","TCP","1514","8004  >  36158 [ACK] Seq=185534 Ack=144 Win=65024 Len=1448 TSval=2916037254 TSecr=3045557028 [TCP segment of a reassembled PDU]"
"34472","33.174331267","192.168.1.55","192.168.1.2","TCP","1514","8004  >  36158 [ACK] Seq=186982 Ack=144 Win=65024 Len=1448 TSval=2916037254 TSecr=3045557028 [TCP segment of a reassembled PDU]"
"34473","33.174332211","192.168.1.55","192.168.1.2","TCP","1514","8004  >  36158 [PSH, ACK] Seq=188430 Ack=144 Win=65024 Len=1448 TSval=2916037254 TSecr=3045557028 [TCP segment of a reassembled PDU]"
"34474","33.183405911","192.168.1.2","192.168.1.55","TCP","66","36158  >  8004 [ACK] Seq=144 Ack=110238 Win=90112 Len=0 TSval=3045557036 TSecr=2916037254"
"34475","33.183507596","192.168.1.55","192.168.1.2","TCP","1514","8004  >  36158 [ACK] Seq=189878 Ack=144 Win=65024 Len=1448 TSval=2916037264 TSecr=3045557036 [TCP segment of a reassembled PDU]"
"34476","33.183512207","192.168.1.55","192.168.1.2","TCP","1514","8004  >  36158 [ACK] Seq=191326 Ack=144 Win=65024 Len=1448 TSval=2916037264 TSecr=3045557036 [TCP segment of a reassembled PDU]"
"34477","33.183513096","192.168.1.55","192.168.1.2","TCP","1514","8004  >  36158 [ACK] Seq=192774 Ack=144 Win=65024 Len=1448 TSval=2916037264 TSecr=3045557036 [TCP segment of a reassembled PDU]"
"34478","33.183514263","192.168.1.55","192.168.1.2","TCP","1514","8004  >  36158 [ACK] Seq=194222 Ack=144 Win=65024 Len=1448 TSval=2916037264 TSecr=3045557036 [TCP segment of a reassembled PDU]"
"34479","33.183515392","192.168.1.55","192.168.1.2","TCP","1514","8004  >  36158 [ACK] Seq=195670 Ack=144 Win=65024 Len=1448 TSval=2916037264 TSecr=3045557036 [TCP segment of a reassembled PDU]"
"34480","33.183517337","192.168.1.55","192.168.1.2","TCP","1514","8004  >  36158 [ACK] Seq=197118 Ack=144 Win=65024 Len=1448 TSval=2916037264 TSecr=3045557036 [TCP segment of a reassembled PDU]"
"34481","33.183518874","192.168.1.55","192.168.1.2","TCP","1514","8004  >  36158 [PSH, ACK] Seq=198566 Ack=144 Win=65024 Len=1448 TSval=2916037264 TSecr=3045557036 [TCP segment of a reassembled PDU]"
"34482","33.183580337","192.168.1.2","192.168.1.55","TCP","66","36158  >  8004 [ACK] Seq=144 Ack=118926 Win=107520 Len=0 TSval=3045557036 TSecr=2916037254"
"34483","33.183593837","192.168.1.55","192.168.1.2","TCP","1514","8004  >  36158 [ACK] Seq=200014 Ack=144 Win=65024 Len=1448 TSval=2916037264 TSecr=3045557036 [TCP segment of a reassembled PDU]"
"34484","33.183595041","192.168.1.55","192.168.1.2","TCP","1514","8004  >  36158 [ACK] Seq=201462 Ack=144 Win=65024 Len=1448 TSval=2916037264 TSecr=3045557036 [TCP segment of a reassembled PDU]"
"34485","33.183596207","192.168.1.55","192.168.1.2","TCP","1514","8004  >  36158 [ACK] Seq=202910 Ack=144 Win=65024 Len=1448 TSval=2916037264 TSecr=3045557036 [TCP segment of a reassembled PDU]"
"34486","33.183597226","192.168.1.55","192.168.1.2","TCP","1514","8004  >  36158 [PSH, ACK] Seq=204358 Ack=144 Win=65024 Len=1448 TSval=2916037264 TSecr=3045557036 [TCP segment of a reassembled PDU]"
"34487","33.183601837","192.168.1.2","192.168.1.55","TCP","66","36158  >  8004 [ACK] Seq=144 Ack=141446 Win=99328 Len=0 TSval=3045557036 TSecr=2916037254"
"34488","33.183661578","192.168.1.55","192.168.1.2","TCP","1514","8004  >  36158 [ACK] Seq=205806 Ack=144 Win=65024 Len=1448 TSval=2916037264 TSecr=3045557036 [TCP segment of a reassembled PDU]"
"34489","33.183664744","192.168.1.55","192.168.1.2","TCP","1514","8004  >  36158 [ACK] Seq=207254 Ack=144 Win=65024 Len=1448 TSval=2916037264 TSecr=3045557036 [TCP segment of a reassembled PDU]"
"34490","33.183666263","192.168.1.55","192.168.1.2","TCP","1514","8004  >  36158 [ACK] Seq=208702 Ack=144 Win=65024 Len=1448 TSval=2916037264 TSecr=3045557036 [TCP segment of a reassembled PDU]"
"34491","33.183667670","192.168.1.55","192.168.1.2","TCP","1514","8004  >  36158 [ACK] Seq=210150 Ack=144 Win=65024 Len=1448 TSval=2916037264 TSecr=3045557036 [TCP segment of a reassembled PDU]"
"34492","33.183668763","192.168.1.55","192.168.1.2","TCP","1514","8004  >  36158 [ACK] Seq=211598 Ack=144 Win=65024 Len=1448 TSval=2916037264 TSecr=3045557036 [TCP segment of a reassembled PDU]"
"34493","33.183669911","192.168.1.55","192.168.1.2","TCP","1514","8004  >  36158 [ACK] Seq=213046 Ack=144 Win=65024 Len=1448 TSval=2916037264 TSecr=3045557036 [TCP segment of a reassembled PDU]"
"34494","33.183672356","192.168.1.55","192.168.1.2","TCP","1514","8004  >  36158 [ACK] Seq=214494 Ack=144 Win=65024 Len=1448 TSval=2916037264 TSecr=3045557036 [TCP segment of a reassembled PDU]"
"34495","33.183674004","192.168.1.55","192.168.1.2","TCP","1514","8004  >  36158 [ACK] Seq=215942 Ack=144 Win=65024 Len=1448 TSval=2916037264 TSecr=3045557036 [TCP segment of a reassembled PDU]"
"34496","33.183675004","192.168.1.55","192.168.1.2","TCP","1514","8004  >  36158 [ACK] Seq=217390 Ack=144 Win=65024 Len=1448 TSval=2916037264 TSecr=3045557036 [TCP segment of a reassembled PDU]"
"34497","33.183675948","192.168.1.55","192.168.1.2","TCP","1514","8004  >  36158 [ACK] Seq=218838 Ack=144 Win=65024 Len=1448 TSval=2916037264 TSecr=3045557036 [TCP segment of a reassembled PDU]"
"34498","33.183677152","192.168.1.55","192.168.1.2","TCP","1514","8004  >  36158 [ACK] Seq=220286 Ack=144 Win=65024 Len=1448 TSval=2916037264 TSecr=3045557036 [TCP segment of a reassembled PDU]"
"34499","33.183678893","192.168.1.55","192.168.1.2","TCP","1514","8004  >  36158 [ACK] Seq=221734 Ack=144 Win=65024 Len=1448 TSval=2916037264 TSecr=3045557036 [TCP segment of a reassembled PDU]"
"34500","33.183681004","192.168.1.55","192.168.1.2","TCP","1514","8004  >  36158 [ACK] Seq=223182 Ack=144 Win=65024 Len=1448 TSval=2916037264 TSecr=3045557036 [TCP segment of a reassembled PDU]"
"34501","33.183682448","192.168.1.55","192.168.1.2","TCP","1514","8004  >  36158 [ACK] Seq=224630 Ack=144 Win=65024 Len=1448 TSval=2916037264 TSecr=3045557036 [TCP segment of a reassembled PDU]"
"34502","33.183683615","192.168.1.55","192.168.1.2","TCP","1514","8004  >  36158 [ACK] Seq=226078 Ack=144 Win=65024 Len=1448 TSval=2916037264 TSecr=3045557036 [TCP segment of a reassembled PDU]"
"34503","33.183685004","192.168.1.55","192.168.1.2","TCP","1514","8004  >  36158 [ACK] Seq=227526 Ack=144 Win=65024 Len=1448 TSval=2916037264 TSecr=3045557036 [TCP segment of a reassembled PDU]"
"34504","33.183686522","192.168.1.55","192.168.1.2","TCP","1514","8004  >  36158 [ACK] Seq=228974 Ack=144 Win=65024 Len=1448 TSval=2916037264 TSecr=3045557036 [TCP segment of a reassembled PDU]"
"34505","33.183687967","192.168.1.55","192.168.1.2","TCP","1514","8004  >  36158 [ACK] Seq=230422 Ack=144 Win=65024 Len=1448 TSval=2916037264 TSecr=3045557036 [TCP segment of a reassembled PDU]"
"34506","33.183689337","192.168.1.55","192.168.1.2","TCP","1514","8004  >  36158 [ACK] Seq=231870 Ack=144 Win=65024 Len=1448 TSval=2916037264 TSecr=3045557036 [TCP segment of a reassembled PDU]"
"34507","33.183690226","192.168.1.55","192.168.1.2","TCP","1514","8004  >  36158 [ACK] Seq=233318 Ack=144 Win=65024 Len=1448 TSval=2916037264 TSecr=3045557036 [TCP segment of a reassembled PDU]"
"34508","33.183691226","192.168.1.55","192.168.1.2","TCP","1514","8004  >  36158 [ACK] Seq=234766 Ack=144 Win=65024 Len=1448 TSval=2916037264 TSecr=3045557036 [TCP segment of a reassembled PDU]"
"34509","33.183692578","192.168.1.55","192.168.1.2","TCP","1514","8004  >  36158 [ACK] Seq=236214 Ack=144 Win=65024 Len=1448 TSval=2916037264 TSecr=3045557036 [TCP segment of a reassembled PDU]"
"34510","33.183694578","192.168.1.55","192.168.1.2","TCP","1514","8004  >  36158 [ACK] Seq=237662 Ack=144 Win=65024 Len=1448 TSval=2916037264 TSecr=3045557036 [TCP segment of a reassembled PDU]"
"34511","33.183695800","192.168.1.55","192.168.1.2","TCP","1514","8004  >  36158 [PSH, ACK] Seq=239110 Ack=144 Win=65024 Len=1448 TSval=2916037264 TSecr=3045557036 [TCP segment of a reassembled PDU]"
"34512","33.183699985","192.168.1.2","192.168.1.55","TCP","66","36158  >  8004 [ACK] Seq=144 Ack=144342 Win=97280 Len=0 TSval=3045557036 TSecr=2916037254"
"34513","33.183748504","192.168.1.2","192.168.1.55","TCP","66","36158  >  8004 [ACK] Seq=144 Ack=160270 Win=105472 Len=0 TSval=3045557036 TSecr=2916037254"
"34514","33.183769763","192.168.1.55","192.168.1.2","TCP","1514","8004  >  36158 [ACK] Seq=240558 Ack=144 Win=65024 Len=1448 TSval=2916037264 TSecr=3045557036 [TCP segment of a reassembled PDU]"
"34515","33.183772522","192.168.1.55","192.168.1.2","TCP","1514","8004  >  36158 [ACK] Seq=242006 Ack=144 Win=65024 Len=1448 TSval=2916037264 TSecr=3045557036 [TCP segment of a reassembled PDU]"
"34516","33.183773522","192.168.1.55","192.168.1.2","TCP","1514","8004  >  36158 [ACK] Seq=243454 Ack=144 Win=65024 Len=1448 TSval=2916037264 TSecr=3045557036 [TCP segment of a reassembled PDU]"
"34517","33.183774559","192.168.1.55","192.168.1.2","TCP","1514","8004  >  36158 [ACK] Seq=244902 Ack=144 Win=65024 Len=1448 TSval=2916037264 TSecr=3045557036 [TCP segment of a reassembled PDU]"
"34518","33.183776059","192.168.1.55","192.168.1.2","TCP","1514","8004  >  36158 [ACK] Seq=246350 Ack=144 Win=65024 Len=1448 TSval=2916037264 TSecr=3045557036 [TCP segment of a reassembled PDU]"
"34519","33.183777522","192.168.1.55","192.168.1.2","TCP","1514","8004  >  36158 [ACK] Seq=247798 Ack=144 Win=65024 Len=1448 TSval=2916037264 TSecr=3045557036 [TCP segment of a reassembled PDU]"
"34520","33.183779059","192.168.1.55","192.168.1.2","TCP","1514","8004  >  36158 [PSH, ACK] Seq=249246 Ack=144 Win=65024 Len=1448 TSval=2916037264 TSecr=3045557036 [TCP segment of a reassembled PDU]"
"34521","33.183782133","192.168.1.2","192.168.1.55","TCP","66","36158  >  8004 [ACK] Seq=144 Ack=189878 Win=92160 Len=0 TSval=3045557037 TSecr=2916037254"
"34522","33.183835652","192.168.1.55","192.168.1.2","TCP","1514","8004  >  36158 [ACK] Seq=250694 Ack=144 Win=65024 Len=1448 TSval=2916037264 TSecr=3045557037 [TCP segment of a reassembled PDU]"
"34523","33.183838208","192.168.1.55","192.168.1.2","TCP","1514","8004  >  36158 [ACK] Seq=252142 Ack=144 Win=65024 Len=1448 TSval=2916037264 TSecr=3045557037 [TCP segment of a reassembled PDU]"
"34524","33.183840263","192.168.1.55","192.168.1.2","TCP","1514","8004  >  36158 [ACK] Seq=253590 Ack=144 Win=65024 Len=1448 TSval=2916037264 TSecr=3045557037 [TCP segment of a reassembled PDU]"
"34525","33.183841245","192.168.1.55","192.168.1.2","TCP","1514","8004  >  36158 [ACK] Seq=255038 Ack=144 Win=65024 Len=1448 TSval=2916037264 TSecr=3045557037 [TCP segment of a reassembled PDU]"
"34526","33.183842541","192.168.1.55","192.168.1.2","TCP","1514","8004  >  36158 [ACK] Seq=256486 Ack=144 Win=65024 Len=1448 TSval=2916037264 TSecr=3045557037 [TCP segment of a reassembled PDU]"
"34527","33.183844152","192.168.1.55","192.168.1.2","TCP","1514","8004  >  36158 [ACK] Seq=257934 Ack=144 Win=65024 Len=1448 TSval=2916037264 TSecr=3045557037 [TCP segment of a reassembled PDU]"
"34528","33.183845597","192.168.1.55","192.168.1.2","TCP","1514","8004  >  36158 [ACK] Seq=259382 Ack=144 Win=65024 Len=1448 TSval=2916037264 TSecr=3045557037 [TCP segment of a reassembled PDU]"
"34529","33.183847189","192.168.1.55","192.168.1.2","TCP","1514","8004  >  36158 [ACK] Seq=260830 Ack=144 Win=65024 Len=1448 TSval=2916037264 TSecr=3045557037 [TCP segment of a reassembled PDU]"
"34530","33.183848356","192.168.1.55","192.168.1.2","TCP","1514","8004  >  36158 [ACK] Seq=262278 Ack=144 Win=65024 Len=1448 TSval=2916037264 TSecr=3045557037 [TCP segment of a reassembled PDU]"
"34531","33.183849634","192.168.1.55","192.168.1.2","TCP","1514","8004  >  36158 [ACK] Seq=263726 Ack=144 Win=65024 Len=1448 TSval=2916037264 TSecr=3045557037 [TCP segment of a reassembled PDU]"
"34532","33.183850948","192.168.1.55","192.168.1.2","TCP","1514","8004  >  36158 [ACK] Seq=265174 Ack=144 Win=65024 Len=1448 TSval=2916037264 TSecr=3045557037 [TCP segment of a reassembled PDU]"
"34533","33.183852226","192.168.1.55","192.168.1.2","TCP","1514","8004  >  36158 [ACK] Seq=266622 Ack=144 Win=65024 Len=1448 TSval=2916037264 TSecr=3045557037 [TCP segment of a reassembled PDU]"
"34534","33.183853522","192.168.1.55","192.168.1.2","TCP","1514","8004  >  36158 [ACK] Seq=268070 Ack=144 Win=65024 Len=1448 TSval=2916037264 TSecr=3045557037 [TCP segment of a reassembled PDU]"
"34535","33.183854930","192.168.1.55","192.168.1.2","TCP","1514","8004  >  36158 [ACK] Seq=269518 Ack=144 Win=65024 Len=1448 TSval=2916037264 TSecr=3045557037 [TCP segment of a reassembled PDU]"
"34536","33.183856356","192.168.1.55","192.168.1.2","TCP","1514","8004  >  36158 [ACK] Seq=270966 Ack=144 Win=65024 Len=1448 TSval=2916037264 TSecr=3045557037 [TCP segment of a reassembled PDU]"
"34537","33.183857745","192.168.1.55","192.168.1.2","TCP","1514","8004  >  36158 [ACK] Seq=272414 Ack=144 Win=65024 Len=1448 TSval=2916037264 TSecr=3045557037 [TCP segment of a reassembled PDU]"
"34538","33.183859022","192.168.1.55","192.168.1.2","TCP","1514","8004  >  36158 [ACK] Seq=273862 Ack=144 Win=65024 Len=1448 TSval=2916037264 TSecr=3045557037 [TCP segment of a reassembled PDU]"
"34539","33.183860671","192.168.1.55","192.168.1.2","TCP","1514","8004  >  36158 [ACK] Seq=275310 Ack=144 Win=65024 Len=1448 TSval=2916037264 TSecr=3045557037 [TCP segment of a reassembled PDU]"
"34540","33.183861560","192.168.1.55","192.168.1.2","TCP","1514","8004  >  36158 [ACK] Seq=276758 Ack=144 Win=65024 Len=1448 TSval=2916037264 TSecr=3045557037 [TCP segment of a reassembled PDU]"
"34541","33.183863115","192.168.1.55","192.168.1.2","TCP","1514","8004  >  36158 [ACK] Seq=278206 Ack=144 Win=65024 Len=1448 TSval=2916037264 TSecr=3045557037 [TCP segment of a reassembled PDU]"
"34542","33.183864374","192.168.1.55","192.168.1.2","TCP","1514","8004  >  36158 [ACK] Seq=279654 Ack=144 Win=65024 Len=1448 TSval=2916037264 TSecr=3045557037 [TCP segment of a reassembled PDU]"
"34543","33.183865393","192.168.1.55","192.168.1.2","TCP","1002","[TCP Window Full] 8004  >  36158 [PSH, ACK] Seq=281102 Ack=144 Win=65024 Len=936 TSval=2916037264 TSecr=3045557037 [TCP segment of a reassembled PDU]"
"34544","33.192143202","192.168.1.2","192.168.1.55","TCP","66","36158  >  8004 [ACK] Seq=144 Ack=191326 Win=110592 Len=0 TSval=3045557045 TSecr=2916037264"
"34545","33.192174573","192.168.1.55","192.168.1.2","TCP","1514","8004  >  36158 [ACK] Seq=282038 Ack=144 Win=65024 Len=1448 TSval=2916037272 TSecr=3045557045 [TCP segment of a reassembled PDU]"
"34546","33.192177813","192.168.1.55","192.168.1.2","TCP","1514","8004  >  36158 [ACK] Seq=283486 Ack=144 Win=65024 Len=1448 TSval=2916037272 TSecr=3045557045 [TCP segment of a reassembled PDU]"
"34547","33.192178869","192.168.1.55","192.168.1.2","TCP","1514","8004  >  36158 [ACK] Seq=284934 Ack=144 Win=65024 Len=1448 TSval=2916037272 TSecr=3045557045 [TCP segment of a reassembled PDU]"
"34548","33.192180110","192.168.1.55","192.168.1.2","TCP","1514","8004  >  36158 [ACK] Seq=286382 Ack=144 Win=65024 Len=1448 TSval=2916037272 TSecr=3045557045 [TCP segment of a reassembled PDU]"
"34549","33.192181165","192.168.1.55","192.168.1.2","TCP","1514","8004  >  36158 [ACK] Seq=287830 Ack=144 Win=65024 Len=1448 TSval=2916037272 TSecr=3045557045 [TCP segment of a reassembled PDU]"
"34550","33.192182554","192.168.1.55","192.168.1.2","TCP","1514","8004  >  36158 [ACK] Seq=289278 Ack=144 Win=65024 Len=1448 TSval=2916037272 TSecr=3045557045 [TCP segment of a reassembled PDU]"
"34551","33.192183573","192.168.1.55","192.168.1.2","TCP","1514","8004  >  36158 [ACK] Seq=290726 Ack=144 Win=65024 Len=1448 TSval=2916037272 TSecr=3045557045 [TCP segment of a reassembled PDU]"
"34552","33.192184591","192.168.1.55","192.168.1.2","TCP","1514","8004  >  36158 [ACK] Seq=292174 Ack=144 Win=65024 Len=1448 TSval=2916037272 TSecr=3045557045 [TCP segment of a reassembled PDU]"
"34553","33.192185702","192.168.1.55","192.168.1.2","TCP","1514","8004  >  36158 [PSH, ACK] Seq=293622 Ack=144 Win=65024 Len=1448 TSval=2916037272 TSecr=3045557045 [TCP segment of a reassembled PDU]"
"34554","33.192191147","192.168.1.55","192.168.1.2","TCP","578","8004  >  36158 [ACK] Seq=295070 Ack=144 Win=65024 Len=512 TSval=2916037272 TSecr=3045557045 [TCP segment of a reassembled PDU]"
"34555","33.192240036","192.168.1.2","192.168.1.55","TCP","66","36158  >  8004 [ACK] Seq=144 Ack=282038 Win=28672 Len=0 TSval=3045557047 TSecr=2916037264"
"34556","33.192259684","192.168.1.55","192.168.1.2","TCP","1514","8004  >  36158 [ACK] Seq=295582 Ack=144 Win=65024 Len=1448 TSval=2916037272 TSecr=3045557047 [TCP segment of a reassembled PDU]"
"34557","33.192261277","192.168.1.55","192.168.1.2","TCP","1514","8004  >  36158 [ACK] Seq=297030 Ack=144 Win=65024 Len=1448 TSval=2916037272 TSecr=3045557047 [TCP segment of a reassembled PDU]"
"34558","33.192262295","192.168.1.55","192.168.1.2","TCP","1514","8004  >  36158 [ACK] Seq=298478 Ack=144 Win=65024 Len=1448 TSval=2916037272 TSecr=3045557047 [TCP segment of a reassembled PDU]"
"34559","33.192263314","192.168.1.55","192.168.1.2","TCP","1514","8004  >  36158 [ACK] Seq=299926 Ack=144 Win=65024 Len=1448 TSval=2916037272 TSecr=3045557047 [TCP segment of a reassembled PDU]"
"34560","33.192264443","192.168.1.55","192.168.1.2","TCP","1514","8004  >  36158 [ACK] Seq=301374 Ack=144 Win=65024 Len=1448 TSval=2916037272 TSecr=3045557047 [TCP segment of a reassembled PDU]"
"34561","33.192265536","192.168.1.55","192.168.1.2","TCP","1514","8004  >  36158 [ACK] Seq=302822 Ack=144 Win=65024 Len=1448 TSval=2916037272 TSecr=3045557047 [TCP segment of a reassembled PDU]"
"34562","33.192266628","192.168.1.55","192.168.1.2","TCP","1514","8004  >  36158 [ACK] Seq=304270 Ack=144 Win=65024 Len=1448 TSval=2916037272 TSecr=3045557047 [TCP segment of a reassembled PDU]"
"34563","33.192267740","192.168.1.55","192.168.1.2","TCP","1514","8004  >  36158 [ACK] Seq=305718 Ack=144 Win=65024 Len=1448 TSval=2916037272 TSecr=3045557047 [TCP segment of a reassembled PDU]"
"34564","33.192269147","192.168.1.55","192.168.1.2","TCP","1514","8004  >  36158 [ACK] Seq=307166 Ack=144 Win=65024 Len=1448 TSval=2916037272 TSecr=3045557047 [TCP segment of a reassembled PDU]"
"34565","33.192270369","192.168.1.55","192.168.1.2","TCP","1514","8004  >  36158 [PSH, ACK] Seq=308614 Ack=144 Win=65024 Len=1448 TSval=2916037272 TSecr=3045557047 [TCP segment of a reassembled PDU]"
"34566","33.192274165","192.168.1.2","192.168.1.55","TCP","66","[TCP Window Update] 36158  >  8004 [ACK] Seq=144 Ack=282038 Win=78848 Len=0 TSval=3045557047 TSecr=2916037264"
"34567","33.192300332","192.168.1.55","192.168.1.2","TCP","1514","8004  >  36158 [ACK] Seq=310062 Ack=144 Win=65024 Len=1448 TSval=2916037272 TSecr=3045557047 [TCP segment of a reassembled PDU]"
"34568","33.192301980","192.168.1.55","192.168.1.2","TCP","1514","8004  >  36158 [ACK] Seq=311510 Ack=144 Win=65024 Len=1448 TSval=2916037272 TSecr=3045557047 [TCP segment of a reassembled PDU]"
"34569","33.192303073","192.168.1.55","192.168.1.2","TCP","1514","8004  >  36158 [ACK] Seq=312958 Ack=144 Win=65024 Len=1448 TSval=2916037272 TSecr=3045557047 [TCP segment of a reassembled PDU]"
"34570","33.192304128","192.168.1.55","192.168.1.2","TCP","1514","8004  >  36158 [ACK] Seq=314406 Ack=144 Win=65024 Len=1448 TSval=2916037272 TSecr=3045557047 [TCP segment of a reassembled PDU]"
"34571","33.192305240","192.168.1.55","192.168.1.2","TCP","1514","8004  >  36158 [ACK] Seq=315854 Ack=144 Win=65024 Len=1448 TSval=2916037272 TSecr=3045557047 [TCP segment of a reassembled PDU]"
"34572","33.192306258","192.168.1.55","192.168.1.2","TCP","1514","8004  >  36158 [ACK] Seq=317302 Ack=144 Win=65024 Len=1448 TSval=2916037272 TSecr=3045557047 [TCP segment of a reassembled PDU]"
"34573","33.192307369","192.168.1.55","192.168.1.2","TCP","1514","8004  >  36158 [ACK] Seq=318750 Ack=144 Win=65024 Len=1448 TSval=2916037272 TSecr=3045557047 [TCP segment of a reassembled PDU]"
"34574","33.192308462","192.168.1.55","192.168.1.2","TCP","1514","8004  >  36158 [ACK] Seq=320198 Ack=144 Win=65024 Len=1448 TSval=2916037272 TSecr=3045557047 [TCP segment of a reassembled PDU]"
"34575","33.192309536","192.168.1.55","192.168.1.2","TCP","1514","8004  >  36158 [ACK] Seq=321646 Ack=144 Win=65024 Len=1448 TSval=2916037272 TSecr=3045557047 [TCP segment of a reassembled PDU]"
"34576","33.192310647","192.168.1.55","192.168.1.2","TCP","1514","8004  >  36158 [ACK] Seq=323094 Ack=144 Win=65024 Len=1448 TSval=2916037272 TSecr=3045557047 [TCP segment of a reassembled PDU]"
"34577","33.192311647","192.168.1.55","192.168.1.2","TCP","1514","8004  >  36158 [ACK] Seq=324542 Ack=144 Win=65024 Len=1448 TSval=2916037272 TSecr=3045557047 [TCP segment of a reassembled PDU]"
"34578","33.192312814","192.168.1.55","192.168.1.2","TCP","1514","8004  >  36158 [ACK] Seq=325990 Ack=144 Win=65024 Len=1448 TSval=2916037272 TSecr=3045557047 [TCP segment of a reassembled PDU]"
"34579","33.192313906","192.168.1.55","192.168.1.2","TCP","1514","8004  >  36158 [ACK] Seq=327438 Ack=144 Win=65024 Len=1448 TSval=2916037272 TSecr=3045557047 [TCP segment of a reassembled PDU]"
"34580","33.192314999","192.168.1.55","192.168.1.2","TCP","1514","8004  >  36158 [ACK] Seq=328886 Ack=144 Win=65024 Len=1448 TSval=2916037272 TSecr=3045557047 [TCP segment of a reassembled PDU]"
"34581","33.192316777","192.168.1.55","192.168.1.2","TCP","1514","8004  >  36158 [ACK] Seq=330334 Ack=144 Win=65024 Len=1448 TSval=2916037272 TSecr=3045557047 [TCP segment of a reassembled PDU]"
"34582","33.192317777","192.168.1.55","192.168.1.2","TCP","1514","8004  >  36158 [ACK] Seq=331782 Ack=144 Win=65024 Len=1448 TSval=2916037272 TSecr=3045557047 [TCP segment of a reassembled PDU]"
"34583","33.192318814","192.168.1.55","192.168.1.2","TCP","1514","8004  >  36158 [ACK] Seq=333230 Ack=144 Win=65024 Len=1448 TSval=2916037272 TSecr=3045557047 [TCP segment of a reassembled PDU]"
"34584","33.192319851","192.168.1.55","192.168.1.2","TCP","1514","8004  >  36158 [ACK] Seq=334678 Ack=144 Win=65024 Len=1448 TSval=2916037272 TSecr=3045557047 [TCP segment of a reassembled PDU]"
"34585","33.192320851","192.168.1.55","192.168.1.2","TCP","1514","8004  >  36158 [ACK] Seq=336126 Ack=144 Win=65024 Len=1448 TSval=2916037272 TSecr=3045557047 [TCP segment of a reassembled PDU]"
"34586","33.192321962","192.168.1.55","192.168.1.2","TCP","1514","8004  >  36158 [ACK] Seq=337574 Ack=144 Win=65024 Len=1448 TSval=2916037272 TSecr=3045557047 [TCP segment of a reassembled PDU]"
"34587","33.192323129","192.168.1.55","192.168.1.2","TCP","1514","8004  >  36158 [PSH, ACK] Seq=339022 Ack=144 Win=65024 Len=1448 TSval=2916037272 TSecr=3045557047 [TCP segment of a reassembled PDU]"
"34588","33.192340980","192.168.1.55","192.168.1.2","TCP","1514","8004  >  36158 [ACK] Seq=340470 Ack=144 Win=65024 Len=1448 TSval=2916037272 TSecr=3045557047 [TCP segment of a reassembled PDU]"
"34589","33.192342462","192.168.1.55","192.168.1.2","TCP","1514","8004  >  36158 [ACK] Seq=341918 Ack=144 Win=65024 Len=1448 TSval=2916037272 TSecr=3045557047 [TCP segment of a reassembled PDU]"
"34590","33.192343517","192.168.1.55","192.168.1.2","TCP","1514","8004  >  36158 [ACK] Seq=343366 Ack=144 Win=65024 Len=1448 TSval=2916037272 TSecr=3045557047 [TCP segment of a reassembled PDU]"
"34591","33.192344758","192.168.1.55","192.168.1.2","TCP","1514","8004  >  36158 [ACK] Seq=344814 Ack=144 Win=65024 Len=1448 TSval=2916037272 TSecr=3045557047 [TCP segment of a reassembled PDU]"
"34592","33.192345999","192.168.1.55","192.168.1.2","TCP","1514","8004  >  36158 [ACK] Seq=346262 Ack=144 Win=65024 Len=1448 TSval=2916037272 TSecr=3045557047 [TCP segment of a reassembled PDU]"
"34593","33.192347017","192.168.1.55","192.168.1.2","TCP","1514","8004  >  36158 [ACK] Seq=347710 Ack=144 Win=65024 Len=1448 TSval=2916037272 TSecr=3045557047 [TCP segment of a reassembled PDU]"
"34594","33.192348092","192.168.1.55","192.168.1.2","TCP","1514","8004  >  36158 [ACK] Seq=349158 Ack=144 Win=65024 Len=1448 TSval=2916037272 TSecr=3045557047 [TCP segment of a reassembled PDU]"
"34595","33.192349110","192.168.1.55","192.168.1.2","TCP","1514","8004  >  36158 [ACK] Seq=350606 Ack=144 Win=65024 Len=1448 TSval=2916037272 TSecr=3045557047 [TCP segment of a reassembled PDU]"
"34596","33.192350221","192.168.1.55","192.168.1.2","TCP","1514","8004  >  36158 [ACK] Seq=352054 Ack=144 Win=65024 Len=1448 TSval=2916037272 TSecr=3045557047 [TCP segment of a reassembled PDU]"
"34597","33.192351314","192.168.1.55","192.168.1.2","TCP","1514","8004  >  36158 [ACK] Seq=353502 Ack=144 Win=65024 Len=1448 TSval=2916037272 TSecr=3045557047 [TCP segment of a reassembled PDU]"
"34598","33.192352332","192.168.1.55","192.168.1.2","TCP","1514","8004  >  36158 [ACK] Seq=354950 Ack=144 Win=65024 Len=1448 TSval=2916037272 TSecr=3045557047 [TCP segment of a reassembled PDU]"
"34599","33.192353443","192.168.1.55","192.168.1.2","TCP","1514","8004  >  36158 [ACK] Seq=356398 Ack=144 Win=65024 Len=1448 TSval=2916037272 TSecr=3045557047 [TCP segment of a reassembled PDU]"
"34600","33.192354647","192.168.1.55","192.168.1.2","TCP","1514","8004  >  36158 [ACK] Seq=357846 Ack=144 Win=65024 Len=1448 TSval=2916037272 TSecr=3045557047 [TCP segment of a reassembled PDU]"
"34601","33.192355666","192.168.1.55","192.168.1.2","TCP","1514","8004  >  36158 [PSH, ACK] Seq=359294 Ack=144 Win=65024 Len=1448 TSval=2916037272 TSecr=3045557047 [TCP segment of a reassembled PDU]"
"34602","33.199035473","192.168.1.2","192.168.1.55","TCP","66","36158  >  8004 [ACK] Seq=144 Ack=292174 Win=108544 Len=0 TSval=3045557053 TSecr=2916037272"
"34603","33.199079047","192.168.1.55","192.168.1.2","TCP","1514","8004  >  36158 [ACK] Seq=360742 Ack=144 Win=65024 Len=1448 TSval=2916037279 TSecr=3045557053 [TCP segment of a reassembled PDU]"
"34604","33.199082787","192.168.1.55","192.168.1.2","TCP","1514","8004  >  36158 [ACK] Seq=362190 Ack=144 Win=65024 Len=1448 TSval=2916037279 TSecr=3045557053 [TCP segment of a reassembled PDU]"
"34605","33.199083991","192.168.1.55","192.168.1.2","TCP","1514","8004  >  36158 [ACK] Seq=363638 Ack=144 Win=65024 Len=1448 TSval=2916037279 TSecr=3045557053 [TCP segment of a reassembled PDU]"
"34606","33.199085047","192.168.1.55","192.168.1.2","TCP","1514","8004  >  36158 [ACK] Seq=365086 Ack=144 Win=65024 Len=1448 TSval=2916037279 TSecr=3045557053 [TCP segment of a reassembled PDU]"
"34607","33.199086917","192.168.1.55","192.168.1.2","TCP","1514","8004  >  36158 [ACK] Seq=366534 Ack=144 Win=65024 Len=1448 TSval=2916037279 TSecr=3045557053 [TCP segment of a reassembled PDU]"
"34608","33.199088010","192.168.1.55","192.168.1.2","TCP","1514","8004  >  36158 [ACK] Seq=367982 Ack=144 Win=65024 Len=1448 TSval=2916037279 TSecr=3045557053 [TCP segment of a reassembled PDU]"
"34609","33.199089195","192.168.1.55","192.168.1.2","TCP","1514","8004  >  36158 [ACK] Seq=369430 Ack=144 Win=65024 Len=1448 TSval=2916037279 TSecr=3045557053 [TCP segment of a reassembled PDU]"
"34610","33.199090454","192.168.1.55","192.168.1.2","TCP","1514","8004  >  36158 [ACK] Seq=370878 Ack=144 Win=65024 Len=1448 TSval=2916037279 TSecr=3045557053 [TCP segment of a reassembled PDU]"
"34611","33.199091621","192.168.1.55","192.168.1.2","TCP","1514","8004  >  36158 [ACK] Seq=372326 Ack=144 Win=65024 Len=1448 TSval=2916037279 TSecr=3045557053 [TCP segment of a reassembled PDU]"
"34612","33.199092732","192.168.1.55","192.168.1.2","TCP","1514","8004  >  36158 [ACK] Seq=373774 Ack=144 Win=65024 Len=1448 TSval=2916037279 TSecr=3045557053 [TCP segment of a reassembled PDU]"
"34613","33.199093880","192.168.1.55","192.168.1.2","TCP","1514","8004  >  36158 [ACK] Seq=375222 Ack=144 Win=65024 Len=1448 TSval=2916037279 TSecr=3045557053 [TCP segment of a reassembled PDU]"
"34614","33.199095047","192.168.1.55","192.168.1.2","TCP","1514","8004  >  36158 [ACK] Seq=376670 Ack=144 Win=65024 Len=1448 TSval=2916037279 TSecr=3045557053 [TCP segment of a reassembled PDU]"
"34615","33.199096139","192.168.1.55","192.168.1.2","TCP","1514","8004  >  36158 [ACK] Seq=378118 Ack=144 Win=65024 Len=1448 TSval=2916037279 TSecr=3045557053 [TCP segment of a reassembled PDU]"
"34616","33.199097306","192.168.1.55","192.168.1.2","TCP","1514","8004  >  36158 [ACK] Seq=379566 Ack=144 Win=65024 Len=1448 TSval=2916037279 TSecr=3045557053 [TCP segment of a reassembled PDU]"
"34617","33.199098399","192.168.1.55","192.168.1.2","TCP","1514","8004  >  36158 [ACK] Seq=381014 Ack=144 Win=65024 Len=1448 TSval=2916037279 TSecr=3045557053 [TCP segment of a reassembled PDU]"
"34618","33.199099732","192.168.1.55","192.168.1.2","TCP","1514","8004  >  36158 [ACK] Seq=382462 Ack=144 Win=65024 Len=1448 TSval=2916037279 TSecr=3045557053 [TCP segment of a reassembled PDU]"
"34619","33.199100917","192.168.1.55","192.168.1.2","TCP","1514","8004  >  36158 [PSH, ACK] Seq=383910 Ack=144 Win=65024 Len=1448 TSval=2916037279 TSecr=3045557053 [TCP segment of a reassembled PDU]"
"34620","33.199157565","192.168.1.2","192.168.1.55","TCP","66","36158  >  8004 [ACK] Seq=144 Ack=295070 Win=116736 Len=0 TSval=3045557053 TSecr=2916037272"
"34621","33.199168343","192.168.1.2","192.168.1.55","TCP","66","36158  >  8004 [ACK] Seq=144 Ack=310062 Win=143360 Len=0 TSval=3045557054 TSecr=2916037272"
"34622","33.199206399","192.168.1.55","192.168.1.2","TCP","1514","8004  >  36158 [ACK] Seq=385358 Ack=144 Win=65024 Len=1448 TSval=2916037279 TSecr=3045557054 [TCP segment of a reassembled PDU]"
"34623","33.199208399","192.168.1.55","192.168.1.2","TCP","1514","8004  >  36158 [ACK] Seq=386806 Ack=144 Win=65024 Len=1448 TSval=2916037279 TSecr=3045557054 [TCP segment of a reassembled PDU]"
"34624","33.199209510","192.168.1.55","192.168.1.2","TCP","1514","8004  >  36158 [ACK] Seq=388254 Ack=144 Win=65024 Len=1448 TSval=2916037279 TSecr=3045557054 [TCP segment of a reassembled PDU]"
"34625","33.199210732","192.168.1.55","192.168.1.2","TCP","1514","8004  >  36158 [ACK] Seq=389702 Ack=144 Win=65024 Len=1448 TSval=2916037279 TSecr=3045557054 [TCP segment of a reassembled PDU]"
"34626","33.199211954","192.168.1.55","192.168.1.2","TCP","1514","8004  >  36158 [ACK] Seq=391150 Ack=144 Win=65024 Len=1448 TSval=2916037279 TSecr=3045557054 [TCP segment of a reassembled PDU]"
"34627","33.199213195","192.168.1.55","192.168.1.2","TCP","1514","8004  >  36158 [ACK] Seq=392598 Ack=144 Win=65024 Len=1448 TSval=2916037279 TSecr=3045557054 [TCP segment of a reassembled PDU]"
"34628","33.199214325","192.168.1.55","192.168.1.2","TCP","1514","8004  >  36158 [ACK] Seq=394046 Ack=144 Win=65024 Len=1448 TSval=2916037279 TSecr=3045557054 [TCP segment of a reassembled PDU]"
"34629","33.199215380","192.168.1.55","192.168.1.2","TCP","1514","8004  >  36158 [ACK] Seq=395494 Ack=144 Win=65024 Len=1448 TSval=2916037279 TSecr=3045557054 [TCP segment of a reassembled PDU]"
"34630","33.199216732","192.168.1.55","192.168.1.2","TCP","1514","8004  >  36158 [ACK] Seq=396942 Ack=144 Win=65024 Len=1448 TSval=2916037279 TSecr=3045557054 [TCP segment of a reassembled PDU]"
"34631","33.199218288","192.168.1.55","192.168.1.2","TCP","1514","8004  >  36158 [ACK] Seq=398390 Ack=144 Win=65024 Len=1448 TSval=2916037279 TSecr=3045557054 [TCP segment of a reassembled PDU]"
"34632","33.199219454","192.168.1.55","192.168.1.2","TCP","1514","8004  >  36158 [ACK] Seq=399838 Ack=144 Win=65024 Len=1448 TSval=2916037279 TSecr=3045557054 [TCP segment of a reassembled PDU]"
"34633","33.199220491","192.168.1.55","192.168.1.2","TCP","1514","8004  >  36158 [ACK] Seq=401286 Ack=144 Win=65024 Len=1448 TSval=2916037279 TSecr=3045557054 [TCP segment of a reassembled PDU]"
"34634","33.199221510","192.168.1.55","192.168.1.2","TCP","1514","8004  >  36158 [ACK] Seq=402734 Ack=144 Win=65024 Len=1448 TSval=2916037279 TSecr=3045557054 [TCP segment of a reassembled PDU]"
"34635","33.199227732","192.168.1.55","192.168.1.2","TCP","1514","8004  >  36158 [ACK] Seq=404182 Ack=144 Win=65024 Len=1448 TSval=2916037279 TSecr=3045557054 [TCP segment of a reassembled PDU]"
"34636","33.199229102","192.168.1.55","192.168.1.2","TCP","1514","8004  >  36158 [ACK] Seq=405630 Ack=144 Win=65024 Len=1448 TSval=2916037279 TSecr=3045557054 [TCP segment of a reassembled PDU]"
"34637","33.199230195","192.168.1.55","192.168.1.2","TCP","1514","8004  >  36158 [ACK] Seq=407078 Ack=144 Win=65024 Len=1448 TSval=2916037279 TSecr=3045557054 [TCP segment of a reassembled PDU]"
"34638","33.199231214","192.168.1.55","192.168.1.2","TCP","1514","8004  >  36158 [ACK] Seq=408526 Ack=144 Win=65024 Len=1448 TSval=2916037279 TSecr=3045557054 [TCP segment of a reassembled PDU]"
"34639","33.199232436","192.168.1.55","192.168.1.2","TCP","1514","8004  >  36158 [ACK] Seq=409974 Ack=144 Win=65024 Len=1448 TSval=2916037279 TSecr=3045557054 [TCP segment of a reassembled PDU]"
"34640","33.199233565","192.168.1.55","192.168.1.2","TCP","1514","8004  >  36158 [ACK] Seq=411422 Ack=144 Win=65024 Len=1448 TSval=2916037279 TSecr=3045557054 [TCP segment of a reassembled PDU]"
"34641","33.199235121","192.168.1.55","192.168.1.2","TCP","1514","8004  >  36158 [ACK] Seq=412870 Ack=144 Win=65024 Len=1448 TSval=2916037279 TSecr=3045557054 [TCP segment of a reassembled PDU]"
"34642","33.199236306","192.168.1.55","192.168.1.2","TCP","1514","8004  >  36158 [ACK] Seq=414318 Ack=144 Win=65024 Len=1448 TSval=2916037279 TSecr=3045557054 [TCP segment of a reassembled PDU]"
"34643","33.199237769","192.168.1.55","192.168.1.2","TCP","1514","8004  >  36158 [ACK] Seq=415766 Ack=144 Win=65024 Len=1448 TSval=2916037279 TSecr=3045557054 [TCP segment of a reassembled PDU]"
"34644","33.199238825","192.168.1.55","192.168.1.2","TCP","1514","8004  >  36158 [ACK] Seq=417214 Ack=144 Win=65024 Len=1448 TSval=2916037279 TSecr=3045557054 [TCP segment of a reassembled PDU]"
"34645","33.199239917","192.168.1.55","192.168.1.2","TCP","1514","8004  >  36158 [ACK] Seq=418662 Ack=144 Win=65024 Len=1448 TSval=2916037279 TSecr=3045557054 [TCP segment of a reassembled PDU]"
"34646","33.199241010","192.168.1.55","192.168.1.2","TCP","1514","8004  >  36158 [ACK] Seq=420110 Ack=144 Win=65024 Len=1448 TSval=2916037279 TSecr=3045557054 [TCP segment of a reassembled PDU]"
"34647","33.199242325","192.168.1.55","192.168.1.2","TCP","1514","8004  >  36158 [ACK] Seq=421558 Ack=144 Win=65024 Len=1448 TSval=2916037279 TSecr=3045557054 [TCP segment of a reassembled PDU]"
"34648","33.199243399","192.168.1.55","192.168.1.2","TCP","1514","8004  >  36158 [ACK] Seq=423006 Ack=144 Win=65024 Len=1448 TSval=2916037279 TSecr=3045557054 [TCP segment of a reassembled PDU]"
"34649","33.199244399","192.168.1.55","192.168.1.2","TCP","1514","8004  >  36158 [ACK] Seq=424454 Ack=144 Win=65024 Len=1448 TSval=2916037279 TSecr=3045557054 [TCP segment of a reassembled PDU]"
"34650","33.199245677","192.168.1.55","192.168.1.2","TCP","1514","8004  >  36158 [ACK] Seq=425902 Ack=144 Win=65024 Len=1448 TSval=2916037279 TSecr=3045557054 [TCP segment of a reassembled PDU]"
"34651","33.199246714","192.168.1.55","192.168.1.2","TCP","1514","8004  >  36158 [ACK] Seq=427350 Ack=144 Win=65024 Len=1448 TSval=2916037279 TSecr=3045557054 [TCP segment of a reassembled PDU]"
"34652","33.199247936","192.168.1.55","192.168.1.2","TCP","1514","8004  >  36158 [PSH, ACK] Seq=428798 Ack=144 Win=65024 Len=1448 TSval=2916037279 TSecr=3045557054 [TCP segment of a reassembled PDU]"
"34653","33.199253936","192.168.1.2","192.168.1.55","TCP","66","36158  >  8004 [ACK] Seq=144 Ack=360742 Win=108544 Len=0 TSval=3045557054 TSecr=2916037272"
"34654","33.199312788","192.168.1.55","192.168.1.2","TCP","1514","8004  >  36158 [ACK] Seq=430246 Ack=144 Win=65024 Len=1448 TSval=2916037279 TSecr=3045557054 [TCP segment of a reassembled PDU]"
"34655","33.199316603","192.168.1.55","192.168.1.2","TCP","1514","8004  >  36158 [ACK] Seq=431694 Ack=144 Win=65024 Len=1448 TSval=2916037279 TSecr=3045557054 [TCP segment of a reassembled PDU]"
"34656","33.199317843","192.168.1.55","192.168.1.2","TCP","1514","8004  >  36158 [ACK] Seq=433142 Ack=144 Win=65024 Len=1448 TSval=2916037279 TSecr=3045557054 [TCP segment of a reassembled PDU]"
"34657","33.199318936","192.168.1.55","192.168.1.2","TCP","1514","8004  >  36158 [ACK] Seq=434590 Ack=144 Win=65024 Len=1448 TSval=2916037279 TSecr=3045557054 [TCP segment of a reassembled PDU]"
"34658","33.199320103","192.168.1.55","192.168.1.2","TCP","1514","8004  >  36158 [ACK] Seq=436038 Ack=144 Win=65024 Len=1448 TSval=2916037279 TSecr=3045557054 [TCP segment of a reassembled PDU]"
"34659","33.199321306","192.168.1.55","192.168.1.2","TCP","1514","8004  >  36158 [ACK] Seq=437486 Ack=144 Win=65024 Len=1448 TSval=2916037279 TSecr=3045557054 [TCP segment of a reassembled PDU]"
"34660","33.199322677","192.168.1.55","192.168.1.2","TCP","1514","8004  >  36158 [ACK] Seq=438934 Ack=144 Win=65024 Len=1448 TSval=2916037279 TSecr=3045557054 [TCP segment of a reassembled PDU]"
"34661","33.199324140","192.168.1.55","192.168.1.2","TCP","1514","8004  >  36158 [ACK] Seq=440382 Ack=144 Win=65024 Len=1448 TSval=2916037279 TSecr=3045557054 [TCP segment of a reassembled PDU]"
"34662","33.199325529","192.168.1.55","192.168.1.2","TCP","1514","8004  >  36158 [ACK] Seq=441830 Ack=144 Win=65024 Len=1448 TSval=2916037279 TSecr=3045557054 [TCP segment of a reassembled PDU]"
"34663","33.199326825","192.168.1.55","192.168.1.2","TCP","1514","8004  >  36158 [ACK] Seq=443278 Ack=144 Win=65024 Len=1448 TSval=2916037279 TSecr=3045557054 [TCP segment of a reassembled PDU]"
"34664","33.199327936","192.168.1.55","192.168.1.2","TCP","1514","8004  >  36158 [ACK] Seq=444726 Ack=144 Win=65024 Len=1448 TSval=2916037279 TSecr=3045557054 [TCP segment of a reassembled PDU]"
"34665","33.199329121","192.168.1.55","192.168.1.2","TCP","1514","8004  >  36158 [ACK] Seq=446174 Ack=144 Win=65024 Len=1448 TSval=2916037279 TSecr=3045557054 [TCP segment of a reassembled PDU]"
"34666","33.199330436","192.168.1.55","192.168.1.2","TCP","1514","8004  >  36158 [ACK] Seq=447622 Ack=144 Win=65024 Len=1448 TSval=2916037279 TSecr=3045557054 [TCP segment of a reassembled PDU]"
"34667","33.199331751","192.168.1.55","192.168.1.2","TCP","1514","8004  >  36158 [ACK] Seq=449070 Ack=144 Win=65024 Len=1448 TSval=2916037279 TSecr=3045557054 [TCP segment of a reassembled PDU]"
"34668","33.199333158","192.168.1.55","192.168.1.2","TCP","1514","8004  >  36158 [ACK] Seq=450518 Ack=144 Win=65024 Len=1448 TSval=2916037279 TSecr=3045557054 [TCP segment of a reassembled PDU]"
"34669","33.199334621","192.168.1.55","192.168.1.2","TCP","1514","8004  >  36158 [ACK] Seq=451966 Ack=144 Win=65024 Len=1448 TSval=2916037279 TSecr=3045557054 [TCP segment of a reassembled PDU]"
"34670","33.199335695","192.168.1.55","192.168.1.2","TCP","1514","8004  >  36158 [ACK] Seq=453414 Ack=144 Win=65024 Len=1448 TSval=2916037279 TSecr=3045557054 [TCP segment of a reassembled PDU]"
"34671","33.199336973","192.168.1.55","192.168.1.2","TCP","1514","8004  >  36158 [ACK] Seq=454862 Ack=144 Win=65024 Len=1448 TSval=2916037279 TSecr=3045557054 [TCP segment of a reassembled PDU]"
"34672","33.199338788","192.168.1.55","192.168.1.2","TCP","1514","8004  >  36158 [ACK] Seq=456310 Ack=144 Win=65024 Len=1448 TSval=2916037279 TSecr=3045557054 [TCP segment of a reassembled PDU]"
"34673","33.199339880","192.168.1.55","192.168.1.2","TCP","1514","8004  >  36158 [ACK] Seq=457758 Ack=144 Win=65024 Len=1448 TSval=2916037279 TSecr=3045557054 [TCP segment of a reassembled PDU]"
"34674","33.199341140","192.168.1.55","192.168.1.2","TCP","1514","8004  >  36158 [ACK] Seq=459206 Ack=144 Win=65024 Len=1448 TSval=2916037279 TSecr=3045557054 [TCP segment of a reassembled PDU]"
"34675","33.199342325","192.168.1.55","192.168.1.2","TCP","1514","8004  >  36158 [ACK] Seq=460654 Ack=144 Win=65024 Len=1448 TSval=2916037279 TSecr=3045557054 [TCP segment of a reassembled PDU]"
"34676","33.199344066","192.168.1.55","192.168.1.2","TCP","1514","8004  >  36158 [ACK] Seq=462102 Ack=144 Win=65024 Len=1448 TSval=2916037279 TSecr=3045557054 [TCP segment of a reassembled PDU]"
"34677","33.199345269","192.168.1.55","192.168.1.2","TCP","1514","8004  >  36158 [ACK] Seq=463550 Ack=144 Win=65024 Len=1448 TSval=2916037279 TSecr=3045557054 [TCP segment of a reassembled PDU]"
"34678","33.199346621","192.168.1.55","192.168.1.2","TCP","1514","8004  >  36158 [ACK] Seq=464998 Ack=144 Win=65024 Len=1448 TSval=2916037279 TSecr=3045557054 [TCP segment of a reassembled PDU]"
"34679","33.199348084","192.168.1.55","192.168.1.2","TCP","1514","8004  >  36158 [ACK] Seq=466446 Ack=144 Win=65024 Len=1448 TSval=2916037279 TSecr=3045557054 [TCP segment of a reassembled PDU]"
"34680","33.199349251","192.168.1.55","192.168.1.2","TCP","1458","[TCP Window Full] 8004  >  36158 [PSH, ACK] Seq=467894 Ack=144 Win=65024 Len=1392 TSval=2916037279 TSecr=3045557054 [TCP segment of a reassembled PDU]"
"34681","33.206926429","192.168.1.2","192.168.1.55","TCP","66","36158  >  8004 [ACK] Seq=144 Ack=382462 Win=149504 Len=0 TSval=3045557059 TSecr=2916037279"
"34682","33.206970744","192.168.1.55","192.168.1.2","TCP","1514","8004  >  36158 [ACK] Seq=469286 Ack=144 Win=65024 Len=1448 TSval=2916037287 TSecr=3045557059 [TCP segment of a reassembled PDU]"
"34683","33.206976411","192.168.1.55","192.168.1.2","TCP","1514","8004  >  36158 [ACK] Seq=470734 Ack=144 Win=65024 Len=1448 TSval=2916037287 TSecr=3045557059 [TCP segment of a reassembled PDU]"
"34684","33.206978133","192.168.1.55","192.168.1.2","TCP","1514","8004  >  36158 [ACK] Seq=472182 Ack=144 Win=65024 Len=1448 TSval=2916037287 TSecr=3045557059 [TCP segment of a reassembled PDU]"
"34685","33.206979541","192.168.1.55","192.168.1.2","TCP","1514","8004  >  36158 [PSH, ACK] Seq=473630 Ack=144 Win=65024 Len=1448 TSval=2916037287 TSecr=3045557059 [TCP segment of a reassembled PDU]"
"34686","33.206987170","192.168.1.55","192.168.1.2","TCP","122","8004  >  36158 [ACK] Seq=475078 Ack=144 Win=65024 Len=56 TSval=2916037287 TSecr=3045557059 [TCP segment of a reassembled PDU]"
"34687","33.207016615","192.168.1.55","192.168.1.2","TCP","1514","8004  >  36158 [ACK] Seq=475134 Ack=144 Win=65024 Len=1448 TSval=2916037287 TSecr=3045557059 [TCP segment of a reassembled PDU]"
"34688","33.207018689","192.168.1.55","192.168.1.2","TCP","1514","8004  >  36158 [ACK] Seq=476582 Ack=144 Win=65024 Len=1448 TSval=2916037287 TSecr=3045557059 [TCP segment of a reassembled PDU]"
"34689","33.207020337","192.168.1.55","192.168.1.2","TCP","1514","8004  >  36158 [ACK] Seq=478030 Ack=144 Win=65024 Len=1448 TSval=2916037287 TSecr=3045557059 [TCP segment of a reassembled PDU]"
"34690","33.207021726","192.168.1.55","192.168.1.2","TCP","1514","8004  >  36158 [ACK] Seq=479478 Ack=144 Win=65024 Len=1448 TSval=2916037287 TSecr=3045557059 [TCP segment of a reassembled PDU]"
"34691","33.207024152","192.168.1.55","192.168.1.2","TCP","1514","8004  >  36158 [ACK] Seq=480926 Ack=144 Win=65024 Len=1448 TSval=2916037287 TSecr=3045557059 [TCP segment of a reassembled PDU]"
"34692","33.207025837","192.168.1.55","192.168.1.2","TCP","1514","8004  >  36158 [ACK] Seq=482374 Ack=144 Win=65024 Len=1448 TSval=2916037287 TSecr=3045557059 [TCP segment of a reassembled PDU]"
"34693","33.207027707","192.168.1.55","192.168.1.2","TCP","1514","8004  >  36158 [ACK] Seq=483822 Ack=144 Win=65024 Len=1448 TSval=2916037287 TSecr=3045557059 [TCP segment of a reassembled PDU]"
"34694","33.207030096","192.168.1.55","192.168.1.2","TCP","1514","8004  >  36158 [ACK] Seq=485270 Ack=144 Win=65024 Len=1448 TSval=2916037287 TSecr=3045557059 [TCP segment of a reassembled PDU]"
"34695","33.207031800","192.168.1.55","192.168.1.2","TCP","1514","8004  >  36158 [ACK] Seq=486718 Ack=144 Win=65024 Len=1448 TSval=2916037287 TSecr=3045557059 [TCP segment of a reassembled PDU]"
"34696","33.207033152","192.168.1.55","192.168.1.2","TCP","1514","8004  >  36158 [ACK] Seq=488166 Ack=144 Win=65024 Len=1448 TSval=2916037287 TSecr=3045557059 [TCP segment of a reassembled PDU]"
"34697","33.207034522","192.168.1.55","192.168.1.2","TCP","1514","8004  >  36158 [ACK] Seq=489614 Ack=144 Win=65024 Len=1448 TSval=2916037287 TSecr=3045557059 [TCP segment of a reassembled PDU]"
"34698","33.207036985","192.168.1.55","192.168.1.2","TCP","1514","8004  >  36158 [ACK] Seq=491062 Ack=144 Win=65024 Len=1448 TSval=2916037287 TSecr=3045557059 [TCP segment of a reassembled PDU]"
"34699","33.207038744","192.168.1.55","192.168.1.2","TCP","1514","8004  >  36158 [ACK] Seq=492510 Ack=144 Win=65024 Len=1448 TSval=2916037287 TSecr=3045557059 [TCP segment of a reassembled PDU]"
"34700","33.207040319","192.168.1.55","192.168.1.2","TCP","1514","8004  >  36158 [ACK] Seq=493958 Ack=144 Win=65024 Len=1448 TSval=2916037287 TSecr=3045557059 [TCP segment of a reassembled PDU]"
"34701","33.207043374","192.168.1.55","192.168.1.2","TCP","1514","8004  >  36158 [ACK] Seq=495406 Ack=144 Win=65024 Len=1448 TSval=2916037287 TSecr=3045557059 [TCP segment of a reassembled PDU]"
"34702","33.207045133","192.168.1.55","192.168.1.2","TCP","1514","8004  >  36158 [PSH, ACK] Seq=496854 Ack=144 Win=65024 Len=1448 TSval=2916037287 TSecr=3045557059 [TCP segment of a reassembled PDU]"
"34703","33.207051467","192.168.1.55","192.168.1.2","HTTP","222","HTTP/1.0 200 OK  (PNG)"
"34704","33.207889913","192.168.1.2","192.168.1.55","TCP","66","36158  >  8004 [ACK] Seq=144 Ack=385358 Win=155648 Len=0 TSval=3045557062 TSecr=2916037279"
"34705","33.207926005","192.168.1.2","192.168.1.55","TCP","66","36158  >  8004 [ACK] Seq=144 Ack=464998 Win=95232 Len=0 TSval=3045557063 TSecr=2916037279"
"34706","33.210832806","192.168.1.2","192.168.1.55","TCP","66","36158  >  8004 [ACK] Seq=144 Ack=469286 Win=163840 Len=0 TSval=3045557065 TSecr=2916037279"
"34707","33.210963640","192.168.1.2","192.168.1.55","TCP","66","36158  >  8004 [ACK] Seq=144 Ack=491062 Win=154624 Len=0 TSval=3045557065 TSecr=2916037287"
"34708","33.210971825","192.168.1.2","192.168.1.55","TCP","66","36158  >  8004 [ACK] Seq=144 Ack=498302 Win=162816 Len=0 TSval=3045557066 TSecr=2916037287"
"34709","33.212727587","192.168.1.2","192.168.1.55","TCP","66","36158  >  8004 [FIN, ACK] Seq=144 Ack=498459 Win=166912 Len=0 TSval=3045557067 TSecr=2916037287"
"34710","33.212740013","192.168.1.55","192.168.1.2","TCP","66","8004  >  36158 [ACK] Seq=498459 Ack=145 Win=65024 Len=0 TSval=2916037293 TSecr=3045557067"
"34711","33.212848976","192.168.1.2","192.168.1.55","TCP","74","36170  >  8004 [SYN] Seq=0 Win=64240 Len=0 MSS=1460 SACK_PERM TSval=3045557068 TSecr=0 WS=1024"
"34712","33.212873383","192.168.1.55","192.168.1.2","TCP","74","8004  >  36170 [SYN, ACK] Seq=0 Ack=1 Win=65160 Len=0 MSS=1460 SACK_PERM TSval=2916037293 TSecr=3045557068 WS=128"
"34713","33.216001703","192.168.1.2","192.168.1.55","TCP","66","36170  >  8004 [ACK] Seq=1 Ack=1 Win=64512 Len=0 TSval=3045557070 TSecr=2916037293"
"34714","33.219220208","192.168.1.2","192.168.1.55","HTTP","206","GET /stego_benchmark.png HTTP/1.1 "
"34715","33.219238356","192.168.1.55","192.168.1.2","TCP","66","8004  >  36170 [ACK] Seq=1 Ack=141 Win=65024 Len=0 TSval=2916037299 TSecr=3045557071"
"34716","33.219735746","192.168.1.55","192.168.1.2","TCP","255","8004  >  36170 [PSH, ACK] Seq=1 Ack=141 Win=65024 Len=189 TSval=2916037300 TSecr=3045557071 [TCP segment of a reassembled PDU]"
"34717","33.219825376","192.168.1.55","192.168.1.2","TCP","1514","8004  >  36170 [ACK] Seq=190 Ack=141 Win=65024 Len=1448 TSval=2916037300 TSecr=3045557071 [TCP segment of a reassembled PDU]"
"34718","33.219830283","192.168.1.55","192.168.1.2","TCP","1514","8004  >  36170 [ACK] Seq=1638 Ack=141 Win=65024 Len=1448 TSval=2916037300 TSecr=3045557071 [TCP segment of a reassembled PDU]"
"34719","33.219831635","192.168.1.55","192.168.1.2","TCP","1514","8004  >  36170 [ACK] Seq=3086 Ack=141 Win=65024 Len=1448 TSval=2916037300 TSecr=3045557071 [TCP segment of a reassembled PDU]"
"34720","33.219832913","192.168.1.55","192.168.1.2","TCP","1514","8004  >  36170 [ACK] Seq=4534 Ack=141 Win=65024 Len=1448 TSval=2916037300 TSecr=3045557071 [TCP segment of a reassembled PDU]"
"34721","33.219834357","192.168.1.55","192.168.1.2","TCP","1514","8004  >  36170 [PSH, ACK] Seq=5982 Ack=141 Win=65024 Len=1448 TSval=2916037300 TSecr=3045557071 [TCP segment of a reassembled PDU]"
"34722","33.219852061","192.168.1.55","192.168.1.2","TCP","1514","8004  >  36170 [ACK] Seq=7430 Ack=141 Win=65024 Len=1448 TSval=2916037300 TSecr=3045557071 [TCP segment of a reassembled PDU]"
"34723","33.219853913","192.168.1.55","192.168.1.2","TCP","1514","8004  >  36170 [ACK] Seq=8878 Ack=141 Win=65024 Len=1448 TSval=2916037300 TSecr=3045557071 [TCP segment of a reassembled PDU]"
"34724","33.219855302","192.168.1.55","192.168.1.2","TCP","1514","8004  >  36170 [ACK] Seq=10326 Ack=141 Win=65024 Len=1448 TSval=2916037300 TSecr=3045557071 [TCP segment of a reassembled PDU]"
"34725","33.219856598","192.168.1.55","192.168.1.2","TCP","1514","8004  >  36170 [PSH, ACK] Seq=11774 Ack=141 Win=65024 Len=1448 TSval=2916037300 TSecr=3045557071 [TCP segment of a reassembled PDU]"
"34726","33.223322548","192.168.1.2","192.168.1.55","TCP","66","36170  >  8004 [ACK] Seq=141 Ack=190 Win=64512 Len=0 TSval=3045557077 TSecr=2916037300"
"34727","33.223498474","192.168.1.55","192.168.1.2","TCP","1514","8004  >  36170 [ACK] Seq=13222 Ack=141 Win=65024 Len=1448 TSval=2916037304 TSecr=3045557077 [TCP segment of a reassembled PDU]"
"34728","33.223516215","192.168.1.55","192.168.1.2","TCP","1514","8004  >  36170 [PSH, ACK] Seq=14670 Ack=141 Win=65024 Len=1448 TSval=2916037304 TSecr=3045557077 [TCP segment of a reassembled PDU]"
"34729","33.223680808","192.168.1.2","192.168.1.55","TCP","66","36170  >  8004 [ACK] Seq=141 Ack=3086 Win=70656 Len=0 TSval=3045557077 TSecr=2916037300"
"34730","33.223717678","192.168.1.2","192.168.1.55","TCP","66","36170  >  8004 [ACK] Seq=141 Ack=5982 Win=76800 Len=0 TSval=3045557078 TSecr=2916037300"
"34731","33.223790030","192.168.1.55","192.168.1.2","TCP","1514","8004  >  36170 [ACK] Seq=16118 Ack=141 Win=65024 Len=1448 TSval=2916037304 TSecr=3045557078 [TCP segment of a reassembled PDU]"
"34732","33.223795901","192.168.1.55","192.168.1.2","TCP","1514","8004  >  36170 [ACK] Seq=17566 Ack=141 Win=65024 Len=1448 TSval=2916037304 TSecr=3045557078 [TCP segment of a reassembled PDU]"
"34733","33.223799160","192.168.1.55","192.168.1.2","TCP","1514","8004  >  36170 [ACK] Seq=19014 Ack=141 Win=65024 Len=1448 TSval=2916037304 TSecr=3045557078 [TCP segment of a reassembled PDU]"
"34734","33.223802253","192.168.1.55","192.168.1.2","TCP","1514","8004  >  36170 [ACK] Seq=20462 Ack=141 Win=65024 Len=1448 TSval=2916037304 TSecr=3045557078 [TCP segment of a reassembled PDU]"
"34735","33.223804234","192.168.1.55","192.168.1.2","TCP","1514","8004  >  36170 [ACK] Seq=21910 Ack=141 Win=65024 Len=1448 TSval=2916037304 TSecr=3045557078 [TCP segment of a reassembled PDU]"
"34736","33.223806827","192.168.1.55","192.168.1.2","TCP","1514","8004  >  36170 [ACK] Seq=23358 Ack=141 Win=65024 Len=1448 TSval=2916037304 TSecr=3045557078 [TCP segment of a reassembled PDU]"
"34737","33.223809567","192.168.1.55","192.168.1.2","TCP","1514","8004  >  36170 [PSH, ACK] Seq=24806 Ack=141 Win=65024 Len=1448 TSval=2916037304 TSecr=3045557078 [TCP segment of a reassembled PDU]"
"34738","33.224417605","192.168.1.2","192.168.1.55","TCP","66","36170  >  8004 [ACK] Seq=141 Ack=7430 Win=79872 Len=0 TSval=3045557079 TSecr=2916037300"
"34739","33.224479476","192.168.1.2","192.168.1.55","TCP","66","36170  >  8004 [ACK] Seq=141 Ack=13222 Win=84992 Len=0 TSval=3045557079 TSecr=2916037300"
"34740","33.224520994","192.168.1.55","192.168.1.2","TCP","1514","8004  >  36170 [ACK] Seq=26254 Ack=141 Win=65024 Len=1448 TSval=2916037305 TSecr=3045557079 [TCP segment of a reassembled PDU]"
"34741","33.224525087","192.168.1.55","192.168.1.2","TCP","1514","8004  >  36170 [ACK] Seq=27702 Ack=141 Win=65024 Len=1448 TSval=2916037305 TSecr=3045557079 [TCP segment of a reassembled PDU]"
"34742","33.224527624","192.168.1.55","192.168.1.2","TCP","1514","8004  >  36170 [ACK] Seq=29150 Ack=141 Win=65024 Len=1448 TSval=2916037305 TSecr=3045557079 [TCP segment of a reassembled PDU]"
"34743","33.224529365","192.168.1.55","192.168.1.2","TCP","1514","8004  >  36170 [ACK] Seq=30598 Ack=141 Win=65024 Len=1448 TSval=2916037305 TSecr=3045557079 [TCP segment of a reassembled PDU]"
"34744","33.224530846","192.168.1.55","192.168.1.2","TCP","1514","8004  >  36170 [ACK] Seq=32046 Ack=141 Win=65024 Len=1448 TSval=2916037305 TSecr=3045557079 [TCP segment of a reassembled PDU]"
"34745","33.224532235","192.168.1.55","192.168.1.2","TCP","1514","8004  >  36170 [ACK] Seq=33494 Ack=141 Win=65024 Len=1448 TSval=2916037305 TSecr=3045557079 [TCP segment of a reassembled PDU]"
"34746","33.224534846","192.168.1.55","192.168.1.2","TCP","1514","8004  >  36170 [ACK] Seq=34942 Ack=141 Win=65024 Len=1448 TSval=2916037305 TSecr=3045557079 [TCP segment of a reassembled PDU]"
"34747","33.224536587","192.168.1.55","192.168.1.2","TCP","1514","8004  >  36170 [ACK] Seq=36390 Ack=141 Win=65024 Len=1448 TSval=2916037305 TSecr=3045557079 [TCP segment of a reassembled PDU]"
"34748","33.224538106","192.168.1.55","192.168.1.2","TCP","1514","8004  >  36170 [ACK] Seq=37838 Ack=141 Win=65024 Len=1448 TSval=2916037305 TSecr=3045557079 [TCP segment of a reassembled PDU]"
"34749","33.224540013","192.168.1.55","192.168.1.2","TCP","1514","8004  >  36170 [PSH, ACK] Seq=39286 Ack=141 Win=65024 Len=1448 TSval=2916037305 TSecr=3045557079 [TCP segment of a reassembled PDU]"
"34750","33.224564069","192.168.1.55","192.168.1.2","TCP","1514","8004  >  36170 [ACK] Seq=40734 Ack=141 Win=65024 Len=1448 TSval=2916037305 TSecr=3045557079 [TCP segment of a reassembled PDU]"
"34751","33.228934501","192.168.1.2","192.168.1.55","TCP","66","36170  >  8004 [ACK] Seq=141 Ack=16118 Win=90112 Len=0 TSval=3045557083 TSecr=2916037304"
"34752","33.228984390","192.168.1.55","192.168.1.2","TCP","1514","8004  >  36170 [ACK] Seq=42182 Ack=141 Win=65024 Len=1448 TSval=2916037309 TSecr=3045557083 [TCP segment of a reassembled PDU]"
"34753","33.228988816","192.168.1.55","192.168.1.2","TCP","1514","8004  >  36170 [PSH, ACK] Seq=43630 Ack=141 Win=65024 Len=1448 TSval=2916037309 TSecr=3045557083 [TCP segment of a reassembled PDU]"
"34754","33.229062668","192.168.1.2","192.168.1.55","TCP","66","36170  >  8004 [ACK] Seq=141 Ack=26254 Win=83968 Len=0 TSval=3045557083 TSecr=2916037304"
"34755","33.229092872","192.168.1.55","192.168.1.2","TCP","1514","8004  >  36170 [ACK] Seq=45078 Ack=141 Win=65024 Len=1448 TSval=2916037309 TSecr=3045557083 [TCP segment of a reassembled PDU]"
"34756","33.229094854","192.168.1.55","192.168.1.2","TCP","1514","8004  >  36170 [ACK] Seq=46526 Ack=141 Win=65024 Len=1448 TSval=2916037309 TSecr=3045557083 [TCP segment of a reassembled PDU]"
"34757","33.229096076","192.168.1.55","192.168.1.2","TCP","1514","8004  >  36170 [ACK] Seq=47974 Ack=141 Win=65024 Len=1448 TSval=2916037309 TSecr=3045557083 [TCP segment of a reassembled PDU]"
"34758","33.229097613","192.168.1.55","192.168.1.2","TCP","1514","8004  >  36170 [ACK] Seq=49422 Ack=141 Win=65024 Len=1448 TSval=2916037309 TSecr=3045557083 [TCP segment of a reassembled PDU]"
"34759","33.229099835","192.168.1.55","192.168.1.2","TCP","1514","8004  >  36170 [ACK] Seq=50870 Ack=141 Win=65024 Len=1448 TSval=2916037309 TSecr=3045557083 [TCP segment of a reassembled PDU]"
"34760","33.229102113","192.168.1.55","192.168.1.2","TCP","1514","8004  >  36170 [ACK] Seq=52318 Ack=141 Win=65024 Len=1448 TSval=2916037309 TSecr=3045557083 [TCP segment of a reassembled PDU]"
"34761","33.229103520","192.168.1.55","192.168.1.2","TCP","1514","8004  >  36170 [ACK] Seq=53766 Ack=141 Win=65024 Len=1448 TSval=2916037309 TSecr=3045557083 [TCP segment of a reassembled PDU]"
"34762","33.229104761","192.168.1.55","192.168.1.2","TCP","1514","8004  >  36170 [ACK] Seq=55214 Ack=141 Win=65024 Len=1448 TSval=2916037309 TSecr=3045557083 [TCP segment of a reassembled PDU]"
"34763","33.229106113","192.168.1.55","192.168.1.2","TCP","1514","8004  >  36170 [ACK] Seq=56662 Ack=141 Win=65024 Len=1448 TSval=2916037309 TSecr=3045557083 [TCP segment of a reassembled PDU]"
"34764","33.229107668","192.168.1.55","192.168.1.2","TCP","1514","8004  >  36170 [ACK] Seq=58110 Ack=141 Win=65024 Len=1448 TSval=2916037309 TSecr=3045557083 [TCP segment of a reassembled PDU]"
"34765","33.229109187","192.168.1.55","192.168.1.2","TCP","1514","8004  >  36170 [ACK] Seq=59558 Ack=141 Win=65024 Len=1448 TSval=2916037309 TSecr=3045557083 [TCP segment of a reassembled PDU]"
"34766","33.229110928","192.168.1.55","192.168.1.2","TCP","1514","8004  >  36170 [ACK] Seq=61006 Ack=141 Win=65024 Len=1448 TSval=2916037309 TSecr=3045557083 [TCP segment of a reassembled PDU]"
"34767","33.229112650","192.168.1.55","192.168.1.2","TCP","1514","8004  >  36170 [ACK] Seq=62454 Ack=141 Win=65024 Len=1448 TSval=2916037309 TSecr=3045557083 [TCP segment of a reassembled PDU]"
"34768","33.229113928","192.168.1.55","192.168.1.2","TCP","1514","8004  >  36170 [PSH, ACK] Seq=63902 Ack=141 Win=65024 Len=1448 TSval=2916037309 TSecr=3045557083 [TCP segment of a reassembled PDU]"
"34769","33.229118446","192.168.1.2","192.168.1.55","TCP","66","36170  >  8004 [ACK] Seq=141 Ack=36390 Win=74752 Len=0 TSval=3045557083 TSecr=2916037305"
"34770","33.229153557","192.168.1.55","192.168.1.2","TCP","1514","8004  >  36170 [ACK] Seq=65350 Ack=141 Win=65024 Len=1448 TSval=2916037309 TSecr=3045557083 [TCP segment of a reassembled PDU]"
"34771","33.229156835","192.168.1.55","192.168.1.2","TCP","1514","8004  >  36170 [ACK] Seq=66798 Ack=141 Win=65024 Len=1448 TSval=2916037309 TSecr=3045557083 [TCP segment of a reassembled PDU]"
"34772","33.229158224","192.168.1.55","192.168.1.2","TCP","1514","8004  >  36170 [ACK] Seq=68246 Ack=141 Win=65024 Len=1448 TSval=2916037309 TSecr=3045557083 [TCP segment of a reassembled PDU]"
"34773","33.229159687","192.168.1.55","192.168.1.2","TCP","1514","8004  >  36170 [ACK] Seq=69694 Ack=141 Win=65024 Len=1448 TSval=2916037309 TSecr=3045557083 [TCP segment of a reassembled PDU]"
"34774","33.229162131","192.168.1.55","192.168.1.2","TCP","1514","8004  >  36170 [ACK] Seq=71142 Ack=141 Win=65024 Len=1448 TSval=2916037309 TSecr=3045557083 [TCP segment of a reassembled PDU]"
"34775","33.229163946","192.168.1.55","192.168.1.2","TCP","1514","8004  >  36170 [ACK] Seq=72590 Ack=141 Win=65024 Len=1448 TSval=2916037309 TSecr=3045557083 [TCP segment of a reassembled PDU]"
"34776","33.229165206","192.168.1.55","192.168.1.2","TCP","1514","8004  >  36170 [ACK] Seq=74038 Ack=141 Win=65024 Len=1448 TSval=2916037309 TSecr=3045557083 [TCP segment of a reassembled PDU]"
"34777","33.229166502","192.168.1.55","192.168.1.2","TCP","1514","8004  >  36170 [PSH, ACK] Seq=75486 Ack=141 Win=65024 Len=1448 TSval=2916037309 TSecr=3045557083 [TCP segment of a reassembled PDU]"
"34778","33.229174150","192.168.1.2","192.168.1.55","TCP","66","36170  >  8004 [ACK] Seq=141 Ack=39286 Win=90112 Len=0 TSval=3045557083 TSecr=2916037305"
"34779","33.229235391","192.168.1.2","192.168.1.55","TCP","66","36170  >  8004 [ACK] Seq=141 Ack=40734 Win=91136 Len=0 TSval=3045557083 TSecr=2916037305"
"34780","33.229240243","192.168.1.2","192.168.1.55","TCP","66","36170  >  8004 [ACK] Seq=141 Ack=42182 Win=91136 Len=0 TSval=3045557083 TSecr=2916037305"
"34781","33.229323780","192.168.1.55","192.168.1.2","TCP","1514","8004  >  36170 [ACK] Seq=76934 Ack=141 Win=65024 Len=1448 TSval=2916037309 TSecr=3045557083 [TCP segment of a reassembled PDU]"
"34782","33.229329632","192.168.1.55","192.168.1.2","TCP","1514","8004  >  36170 [ACK] Seq=78382 Ack=141 Win=65024 Len=1448 TSval=2916037309 TSecr=3045557083 [TCP segment of a reassembled PDU]"
"34783","33.229330947","192.168.1.55","192.168.1.2","TCP","1514","8004  >  36170 [ACK] Seq=79830 Ack=141 Win=65024 Len=1448 TSval=2916037309 TSecr=3045557083 [TCP segment of a reassembled PDU]"
"34784","33.229332187","192.168.1.55","192.168.1.2","TCP","1514","8004  >  36170 [ACK] Seq=81278 Ack=141 Win=65024 Len=1448 TSval=2916037309 TSecr=3045557083 [TCP segment of a reassembled PDU]"
"34785","33.229333539","192.168.1.55","192.168.1.2","TCP","1514","8004  >  36170 [ACK] Seq=82726 Ack=141 Win=65024 Len=1448 TSval=2916037309 TSecr=3045557083 [TCP segment of a reassembled PDU]"
"34786","33.229334947","192.168.1.55","192.168.1.2","TCP","1514","8004  >  36170 [ACK] Seq=84174 Ack=141 Win=65024 Len=1448 TSval=2916037309 TSecr=3045557083 [TCP segment of a reassembled PDU]"
"34787","33.229336965","192.168.1.55","192.168.1.2","TCP","1514","8004  >  36170 [ACK] Seq=85622 Ack=141 Win=65024 Len=1448 TSval=2916037309 TSecr=3045557083 [TCP segment of a reassembled PDU]"
"34788","33.229339095","192.168.1.55","192.168.1.2","TCP","1514","8004  >  36170 [ACK] Seq=87070 Ack=141 Win=65024 Len=1448 TSval=2916037309 TSecr=3045557083 [TCP segment of a reassembled PDU]"
"34789","33.229340465","192.168.1.55","192.168.1.2","TCP","1514","8004  >  36170 [ACK] Seq=88518 Ack=141 Win=65024 Len=1448 TSval=2916037309 TSecr=3045557083 [TCP segment of a reassembled PDU]"
"34790","33.229341817","192.168.1.55","192.168.1.2","TCP","1514","8004  >  36170 [ACK] Seq=89966 Ack=141 Win=65024 Len=1448 TSval=2916037309 TSecr=3045557083 [TCP segment of a reassembled PDU]"
"34791","33.229343095","192.168.1.55","192.168.1.2","TCP","1514","8004  >  36170 [ACK] Seq=91414 Ack=141 Win=65024 Len=1448 TSval=2916037309 TSecr=3045557083 [TCP segment of a reassembled PDU]"
"34792","33.229344465","192.168.1.55","192.168.1.2","TCP","1514","8004  >  36170 [ACK] Seq=92862 Ack=141 Win=65024 Len=1448 TSval=2916037309 TSecr=3045557083 [TCP segment of a reassembled PDU]"
"34793","33.229345706","192.168.1.55","192.168.1.2","TCP","1514","8004  >  36170 [ACK] Seq=94310 Ack=141 Win=65024 Len=1448 TSval=2916037309 TSecr=3045557083 [TCP segment of a reassembled PDU]"
"34794","33.229347132","192.168.1.55","192.168.1.2","TCP","1514","8004  >  36170 [ACK] Seq=95758 Ack=141 Win=65024 Len=1448 TSval=2916037309 TSecr=3045557083 [TCP segment of a reassembled PDU]"
"34795","33.229349354","192.168.1.55","192.168.1.2","TCP","1514","8004  >  36170 [ACK] Seq=97206 Ack=141 Win=65024 Len=1448 TSval=2916037309 TSecr=3045557083 [TCP segment of a reassembled PDU]"
"34796","33.229351150","192.168.1.55","192.168.1.2","TCP","1514","8004  >  36170 [PSH, ACK] Seq=98654 Ack=141 Win=65024 Len=1448 TSval=2916037309 TSecr=3045557083 [TCP segment of a reassembled PDU]"
"34797","33.235504642","192.168.1.2","192.168.1.55","TCP","66","36170  >  8004 [ACK] Seq=141 Ack=45078 Win=89088 Len=0 TSval=3045557090 TSecr=2916037309"
"34798","33.235529882","192.168.1.55","192.168.1.2","TCP","1514","8004  >  36170 [ACK] Seq=100102 Ack=141 Win=65024 Len=1448 TSval=2916037316 TSecr=3045557090 [TCP segment of a reassembled PDU]"
"34799","33.235533623","192.168.1.55","192.168.1.2","TCP","1514","8004  >  36170 [ACK] Seq=101550 Ack=141 Win=65024 Len=1448 TSval=2916037316 TSecr=3045557090 [TCP segment of a reassembled PDU]"
"34800","33.235534790","192.168.1.55","192.168.1.2","TCP","1514","8004  >  36170 [ACK] Seq=102998 Ack=141 Win=65024 Len=1448 TSval=2916037316 TSecr=3045557090 [TCP segment of a reassembled PDU]"
"34801","33.235535956","192.168.1.55","192.168.1.2","TCP","1514","8004  >  36170 [PSH, ACK] Seq=104446 Ack=141 Win=65024 Len=1448 TSval=2916037316 TSecr=3045557090 [TCP segment of a reassembled PDU]"
"34802","33.235796142","192.168.1.2","192.168.1.55","TCP","66","36170  >  8004 [ACK] Seq=141 Ack=65350 Win=73728 Len=0 TSval=3045557090 TSecr=2916037309"
"34803","33.235812124","192.168.1.55","192.168.1.2","TCP","1514","8004  >  36170 [ACK] Seq=105894 Ack=141 Win=65024 Len=1448 TSval=2916037316 TSecr=3045557090 [TCP segment of a reassembled PDU]"
"34804","33.235813605","192.168.1.55","192.168.1.2","TCP","1514","8004  >  36170 [ACK] Seq=107342 Ack=141 Win=65024 Len=1448 TSval=2916037316 TSecr=3045557090 [TCP segment of a reassembled PDU]"
"34805","33.235814790","192.168.1.55","192.168.1.2","TCP","1514","8004  >  36170 [ACK] Seq=108790 Ack=141 Win=65024 Len=1448 TSval=2916037316 TSecr=3045557090 [TCP segment of a reassembled PDU]"
"34806","33.235815864","192.168.1.55","192.168.1.2","TCP","1514","8004  >  36170 [ACK] Seq=110238 Ack=141 Win=65024 Len=1448 TSval=2916037316 TSecr=3045557090 [TCP segment of a reassembled PDU]"
"34807","33.235817068","192.168.1.55","192.168.1.2","TCP","1514","8004  >  36170 [ACK] Seq=111686 Ack=141 Win=65024 Len=1448 TSval=2916037316 TSecr=3045557090 [TCP segment of a reassembled PDU]"
"34808","33.235818290","192.168.1.55","192.168.1.2","TCP","1514","8004  >  36170 [ACK] Seq=113134 Ack=141 Win=65024 Len=1448 TSval=2916037316 TSecr=3045557090 [TCP segment of a reassembled PDU]"
"34809","33.235819346","192.168.1.55","192.168.1.2","TCP","1514","8004  >  36170 [ACK] Seq=114582 Ack=141 Win=65024 Len=1448 TSval=2916037316 TSecr=3045557090 [TCP segment of a reassembled PDU]"
"34810","33.235820494","192.168.1.55","192.168.1.2","TCP","1514","8004  >  36170 [ACK] Seq=116030 Ack=141 Win=65024 Len=1448 TSval=2916037316 TSecr=3045557090 [TCP segment of a reassembled PDU]"
"34811","33.235821698","192.168.1.55","192.168.1.2","TCP","1514","8004  >  36170 [PSH, ACK] Seq=117478 Ack=141 Win=65024 Len=1448 TSval=2916037316 TSecr=3045557090 [TCP segment of a reassembled PDU]"
"34812","33.235825957","192.168.1.2","192.168.1.55","TCP","66","36170  >  8004 [ACK] Seq=141 Ack=69694 Win=69632 Len=0 TSval=3045557090 TSecr=2916037309"
"34813","33.235834679","192.168.1.2","192.168.1.55","TCP","66","36170  >  8004 [ACK] Seq=141 Ack=76934 Win=86016 Len=0 TSval=3045557090 TSecr=2916037309"
"34814","33.235872772","192.168.1.55","192.168.1.2","TCP","1514","8004  >  36170 [ACK] Seq=118926 Ack=141 Win=65024 Len=1448 TSval=2916037316 TSecr=3045557090 [TCP segment of a reassembled PDU]"
"34815","33.235874290","192.168.1.55","192.168.1.2","TCP","1514","8004  >  36170 [ACK] Seq=120374 Ack=141 Win=65024 Len=1448 TSval=2916037316 TSecr=3045557090 [TCP segment of a reassembled PDU]"
"34816","33.235875364","192.168.1.55","192.168.1.2","TCP","1514","8004  >  36170 [ACK] Seq=121822 Ack=141 Win=65024 Len=1448 TSval=2916037316 TSecr=3045557090 [TCP segment of a reassembled PDU]"
"34817","33.235876457","192.168.1.55","192.168.1.2","TCP","1514","8004  >  36170 [ACK] Seq=123270 Ack=141 Win=65024 Len=1448 TSval=2916037316 TSecr=3045557090 [TCP segment of a reassembled PDU]"
"34818","33.235877550","192.168.1.55","192.168.1.2","TCP","1514","8004  >  36170 [ACK] Seq=124718 Ack=141 Win=65024 Len=1448 TSval=2916037316 TSecr=3045557090 [TCP segment of a reassembled PDU]"
"34819","33.235878753","192.168.1.55","192.168.1.2","TCP","1514","8004  >  36170 [ACK] Seq=126166 Ack=141 Win=65024 Len=1448 TSval=2916037316 TSecr=3045557090 [TCP segment of a reassembled PDU]"
"34820","33.235879846","192.168.1.55","192.168.1.2","TCP","1514","8004  >  36170 [ACK] Seq=127614 Ack=141 Win=65024 Len=1448 TSval=2916037316 TSecr=3045557090 [TCP segment of a reassembled PDU]"
"34821","33.235881216","192.168.1.55","192.168.1.2","TCP","1514","8004  >  36170 [ACK] Seq=129062 Ack=141 Win=65024 Len=1448 TSval=2916037316 TSecr=3045557090 [TCP segment of a reassembled PDU]"
"34822","33.235882420","192.168.1.55","192.168.1.2","TCP","1514","8004  >  36170 [ACK] Seq=130510 Ack=141 Win=65024 Len=1448 TSval=2916037316 TSecr=3045557090 [TCP segment of a reassembled PDU]"
"34823","33.235883568","192.168.1.55","192.168.1.2","TCP","1514","8004  >  36170 [ACK] Seq=131958 Ack=141 Win=65024 Len=1448 TSval=2916037316 TSecr=3045557090 [TCP segment of a reassembled PDU]"
"34824","33.235884846","192.168.1.55","192.168.1.2","TCP","1514","8004  >  36170 [ACK] Seq=133406 Ack=141 Win=65024 Len=1448 TSval=2916037316 TSecr=3045557090 [TCP segment of a reassembled PDU]"
"34825","33.235885975","192.168.1.55","192.168.1.2","TCP","1514","8004  >  36170 [ACK] Seq=134854 Ack=141 Win=65024 Len=1448 TSval=2916037316 TSecr=3045557090 [TCP segment of a reassembled PDU]"
"34826","33.235887309","192.168.1.55","192.168.1.2","TCP","1514","8004  >  36170 [ACK] Seq=136302 Ack=141 Win=65024 Len=1448 TSval=2916037316 TSecr=3045557090 [TCP segment of a reassembled PDU]"
"34827","33.235894068","192.168.1.55","192.168.1.2","TCP","1514","8004  >  36170 [ACK] Seq=137750 Ack=141 Win=65024 Len=1448 TSval=2916037316 TSecr=3045557090 [TCP segment of a reassembled PDU]"
"34828","33.235895475","192.168.1.55","192.168.1.2","TCP","1514","8004  >  36170 [ACK] Seq=139198 Ack=141 Win=65024 Len=1448 TSval=2916037316 TSecr=3045557090 [TCP segment of a reassembled PDU]"
"34829","33.235896698","192.168.1.55","192.168.1.2","TCP","1514","8004  >  36170 [ACK] Seq=140646 Ack=141 Win=65024 Len=1448 TSval=2916037316 TSecr=3045557090 [TCP segment of a reassembled PDU]"
"34830","33.235897772","192.168.1.55","192.168.1.2","TCP","1514","8004  >  36170 [ACK] Seq=142094 Ack=141 Win=65024 Len=1448 TSval=2916037316 TSecr=3045557090 [TCP segment of a reassembled PDU]"
"34831","33.235898994","192.168.1.55","192.168.1.2","TCP","1514","8004  >  36170 [ACK] Seq=143542 Ack=141 Win=65024 Len=1448 TSval=2916037316 TSecr=3045557090 [TCP segment of a reassembled PDU]"
"34832","33.235900253","192.168.1.55","192.168.1.2","TCP","1514","8004  >  36170 [ACK] Seq=144990 Ack=141 Win=65024 Len=1448 TSval=2916037316 TSecr=3045557090 [TCP segment of a reassembled PDU]"
"34833","33.235901753","192.168.1.55","192.168.1.2","TCP","1514","8004  >  36170 [ACK] Seq=146438 Ack=141 Win=65024 Len=1448 TSval=2916037316 TSecr=3045557090 [TCP segment of a reassembled PDU]"
"34834","33.235902994","192.168.1.55","192.168.1.2","TCP","1514","8004  >  36170 [ACK] Seq=147886 Ack=141 Win=65024 Len=1448 TSval=2916037316 TSecr=3045557090 [TCP segment of a reassembled PDU]"
"34835","33.235904124","192.168.1.55","192.168.1.2","TCP","1514","8004  >  36170 [ACK] Seq=149334 Ack=141 Win=65024 Len=1448 TSval=2916037316 TSecr=3045557090 [TCP segment of a reassembled PDU]"
"34836","33.235905364","192.168.1.55","192.168.1.2","TCP","1514","8004  >  36170 [ACK] Seq=150782 Ack=141 Win=65024 Len=1448 TSval=2916037316 TSecr=3045557090 [TCP segment of a reassembled PDU]"
"34837","33.235906716","192.168.1.55","192.168.1.2","TCP","1514","8004  >  36170 [ACK] Seq=152230 Ack=141 Win=65024 Len=1448 TSval=2916037316 TSecr=3045557090 [TCP segment of a reassembled PDU]"
"34838","33.235907976","192.168.1.55","192.168.1.2","TCP","1514","8004  >  36170 [ACK] Seq=153678 Ack=141 Win=65024 Len=1448 TSval=2916037316 TSecr=3045557090 [TCP segment of a reassembled PDU]"
"34839","33.235909216","192.168.1.55","192.168.1.2","TCP","1514","8004  >  36170 [ACK] Seq=155126 Ack=141 Win=65024 Len=1448 TSval=2916037316 TSecr=3045557090 [TCP segment of a reassembled PDU]"
"34840","33.235910364","192.168.1.55","192.168.1.2","TCP","1514","8004  >  36170 [ACK] Seq=156574 Ack=141 Win=65024 Len=1448 TSval=2916037316 TSecr=3045557090 [TCP segment of a reassembled PDU]"
"34841","33.235911679","192.168.1.55","192.168.1.2","TCP","1514","8004  >  36170 [ACK] Seq=158022 Ack=141 Win=65024 Len=1448 TSval=2916037316 TSecr=3045557090 [TCP segment of a reassembled PDU]"
"34842","33.235912957","192.168.1.55","192.168.1.2","TCP","1514","8004  >  36170 [PSH, ACK] Seq=159470 Ack=141 Win=65024 Len=1448 TSval=2916037316 TSecr=3045557090 [TCP segment of a reassembled PDU]"
"34843","33.235917605","192.168.1.2","192.168.1.55","TCP","66","36170  >  8004 [ACK] Seq=141 Ack=100102 Win=69632 Len=0 TSval=3045557090 TSecr=2916037309"
"34844","33.235954290","192.168.1.55","192.168.1.2","TCP","1514","8004  >  36170 [ACK] Seq=160918 Ack=141 Win=65024 Len=1448 TSval=2916037316 TSecr=3045557090 [TCP segment of a reassembled PDU]"
"34845","33.235957716","192.168.1.55","192.168.1.2","TCP","1514","8004  >  36170 [ACK] Seq=162366 Ack=141 Win=65024 Len=1448 TSval=2916037316 TSecr=3045557090 [TCP segment of a reassembled PDU]"
"34846","33.235959272","192.168.1.55","192.168.1.2","TCP","1514","8004  >  36170 [ACK] Seq=163814 Ack=141 Win=65024 Len=1448 TSval=2916037316 TSecr=3045557090 [TCP segment of a reassembled PDU]"
"34847","33.235960976","192.168.1.55","192.168.1.2","TCP","1514","8004  >  36170 [ACK] Seq=165262 Ack=141 Win=65024 Len=1448 TSval=2916037316 TSecr=3045557090 [TCP segment of a reassembled PDU]"
"34848","33.235962716","192.168.1.55","192.168.1.2","TCP","1514","8004  >  36170 [ACK] Seq=166710 Ack=141 Win=65024 Len=1448 TSval=2916037316 TSecr=3045557090 [TCP segment of a reassembled PDU]"
"34849","33.235963920","192.168.1.55","192.168.1.2","TCP","1514","8004  >  36170 [ACK] Seq=168158 Ack=141 Win=65024 Len=1448 TSval=2916037316 TSecr=3045557090 [TCP segment of a reassembled PDU]"
"34850","33.235965142","192.168.1.55","192.168.1.2","TCP","194","[TCP Window Full] 8004  >  36170 [PSH, ACK] Seq=169606 Ack=141 Win=65024 Len=128 TSval=2916037316 TSecr=3045557090 [TCP segment of a reassembled PDU]"
"34851","33.242389504","192.168.1.2","192.168.1.55","TCP","66","36170  >  8004 [ACK] Seq=141 Ack=105894 Win=86016 Len=0 TSval=3045557096 TSecr=2916037316"
"34852","33.242424560","192.168.1.55","192.168.1.2","TCP","1514","8004  >  36170 [ACK] Seq=169734 Ack=141 Win=65024 Len=1448 TSval=2916037323 TSecr=3045557096 [TCP segment of a reassembled PDU]"
"34853","33.242427560","192.168.1.55","192.168.1.2","TCP","1514","8004  >  36170 [ACK] Seq=171182 Ack=141 Win=65024 Len=1448 TSval=2916037323 TSecr=3045557096 [TCP segment of a reassembled PDU]"
"34854","33.242428690","192.168.1.55","192.168.1.2","TCP","1514","8004  >  36170 [ACK] Seq=172630 Ack=141 Win=65024 Len=1448 TSval=2916037323 TSecr=3045557096 [TCP segment of a reassembled PDU]"
"34855","33.242429782","192.168.1.55","192.168.1.2","TCP","1514","8004  >  36170 [ACK] Seq=174078 Ack=141 Win=65024 Len=1448 TSval=2916037323 TSecr=3045557096 [TCP segment of a reassembled PDU]"
"34856","33.242430893","192.168.1.55","192.168.1.2","TCP","1514","8004  >  36170 [ACK] Seq=175526 Ack=141 Win=65024 Len=1448 TSval=2916037323 TSecr=3045557096 [TCP segment of a reassembled PDU]"
"34857","33.242432097","192.168.1.55","192.168.1.2","TCP","1514","8004  >  36170 [ACK] Seq=176974 Ack=141 Win=65024 Len=1448 TSval=2916037323 TSecr=3045557096 [TCP segment of a reassembled PDU]"
"34858","33.242433282","192.168.1.55","192.168.1.2","TCP","1514","8004  >  36170 [ACK] Seq=178422 Ack=141 Win=65024 Len=1448 TSval=2916037323 TSecr=3045557096 [TCP segment of a reassembled PDU]"
"34859","33.242434949","192.168.1.55","192.168.1.2","TCP","1514","8004  >  36170 [ACK] Seq=179870 Ack=141 Win=65024 Len=1448 TSval=2916037323 TSecr=3045557096 [TCP segment of a reassembled PDU]"
"34860","33.242436171","192.168.1.55","192.168.1.2","TCP","1514","8004  >  36170 [ACK] Seq=181318 Ack=141 Win=65024 Len=1448 TSval=2916037323 TSecr=3045557096 [TCP segment of a reassembled PDU]"
"34861","33.242437393","192.168.1.55","192.168.1.2","TCP","1514","8004  >  36170 [ACK] Seq=182766 Ack=141 Win=65024 Len=1448 TSval=2916037323 TSecr=3045557096 [TCP segment of a reassembled PDU]"
"34862","33.242438597","192.168.1.55","192.168.1.2","TCP","1514","8004  >  36170 [ACK] Seq=184214 Ack=141 Win=65024 Len=1448 TSval=2916037323 TSecr=3045557096 [TCP segment of a reassembled PDU]"
"34863","33.242439690","192.168.1.55","192.168.1.2","TCP","1514","8004  >  36170 [ACK] Seq=185662 Ack=141 Win=65024 Len=1448 TSval=2916037323 TSecr=3045557096 [TCP segment of a reassembled PDU]"
"34864","33.242440782","192.168.1.55","192.168.1.2","TCP","1514","8004  >  36170 [ACK] Seq=187110 Ack=141 Win=65024 Len=1448 TSval=2916037323 TSecr=3045557096 [TCP segment of a reassembled PDU]"
"34865","33.242441986","192.168.1.55","192.168.1.2","TCP","1514","8004  >  36170 [ACK] Seq=188558 Ack=141 Win=65024 Len=1448 TSval=2916037323 TSecr=3045557096 [TCP segment of a reassembled PDU]"
"34866","33.242443171","192.168.1.55","192.168.1.2","TCP","1514","8004  >  36170 [PSH, ACK] Seq=190006 Ack=141 Win=65024 Len=1448 TSval=2916037323 TSecr=3045557096 [TCP segment of a reassembled PDU]"
"34867","33.242500097","192.168.1.2","192.168.1.55","TCP","66","36170  >  8004 [ACK] Seq=141 Ack=110238 Win=100352 Len=0 TSval=3045557096 TSecr=2916037316"
"34868","33.242519819","192.168.1.55","192.168.1.2","TCP","1514","8004  >  36170 [ACK] Seq=191454 Ack=141 Win=65024 Len=1448 TSval=2916037323 TSecr=3045557096 [TCP segment of a reassembled PDU]"
"34869","33.242521653","192.168.1.55","192.168.1.2","TCP","1514","8004  >  36170 [ACK] Seq=192902 Ack=141 Win=65024 Len=1448 TSval=2916037323 TSecr=3045557096 [TCP segment of a reassembled PDU]"
"34870","33.242522745","192.168.1.55","192.168.1.2","TCP","1514","8004  >  36170 [ACK] Seq=194350 Ack=141 Win=65024 Len=1448 TSval=2916037323 TSecr=3045557096 [TCP segment of a reassembled PDU]"
"34871","33.242524060","192.168.1.55","192.168.1.2","TCP","1514","8004  >  36170 [ACK] Seq=195798 Ack=141 Win=65024 Len=1448 TSval=2916037323 TSecr=3045557096 [TCP segment of a reassembled PDU]"
"34872","33.242525190","192.168.1.55","192.168.1.2","TCP","1514","8004  >  36170 [ACK] Seq=197246 Ack=141 Win=65024 Len=1448 TSval=2916037323 TSecr=3045557096 [TCP segment of a reassembled PDU]"
"34873","33.242526468","192.168.1.55","192.168.1.2","TCP","1514","8004  >  36170 [ACK] Seq=198694 Ack=141 Win=65024 Len=1448 TSval=2916037323 TSecr=3045557096 [TCP segment of a reassembled PDU]"
"34874","33.242527671","192.168.1.55","192.168.1.2","TCP","1514","8004  >  36170 [ACK] Seq=200142 Ack=141 Win=65024 Len=1448 TSval=2916037323 TSecr=3045557096 [TCP segment of a reassembled PDU]"
"34875","33.242528782","192.168.1.55","192.168.1.2","TCP","1514","8004  >  36170 [ACK] Seq=201590 Ack=141 Win=65024 Len=1448 TSval=2916037323 TSecr=3045557096 [TCP segment of a reassembled PDU]"
"34876","33.242530245","192.168.1.55","192.168.1.2","TCP","1514","8004  >  36170 [PSH, ACK] Seq=203038 Ack=141 Win=65024 Len=1448 TSval=2916037323 TSecr=3045557096 [TCP segment of a reassembled PDU]"
"34877","33.242535634","192.168.1.55","192.168.1.2","TCP","1386","8004  >  36170 [PSH, ACK] Seq=204486 Ack=141 Win=65024 Len=1320 TSval=2916037323 TSecr=3045557096 [TCP segment of a reassembled PDU]"
"34878","33.242539542","192.168.1.2","192.168.1.55","TCP","66","36170  >  8004 [ACK] Seq=141 Ack=118926 Win=113664 Len=0 TSval=3045557096 TSecr=2916037316"
"34879","33.242545116","192.168.1.2","192.168.1.55","TCP","66","36170  >  8004 [ACK] Seq=141 Ack=166710 Win=75776 Len=0 TSval=3045557096 TSecr=2916037316"
"34880","33.242576801","192.168.1.55","192.168.1.2","TCP","1514","8004  >  36170 [ACK] Seq=205806 Ack=141 Win=65024 Len=1448 TSval=2916037323 TSecr=3045557096 [TCP segment of a reassembled PDU]"
"34881","33.242578412","192.168.1.55","192.168.1.2","TCP","1514","8004  >  36170 [ACK] Seq=207254 Ack=141 Win=65024 Len=1448 TSval=2916037323 TSecr=3045557096 [TCP segment of a reassembled PDU]"
"34882","33.242579505","192.168.1.55","192.168.1.2","TCP","1514","8004  >  36170 [ACK] Seq=208702 Ack=141 Win=65024 Len=1448 TSval=2916037323 TSecr=3045557096 [TCP segment of a reassembled PDU]"
"34883","33.242580819","192.168.1.55","192.168.1.2","TCP","1514","8004  >  36170 [ACK] Seq=210150 Ack=141 Win=65024 Len=1448 TSval=2916037323 TSecr=3045557096 [TCP segment of a reassembled PDU]"
"34884","33.242581894","192.168.1.55","192.168.1.2","TCP","1514","8004  >  36170 [ACK] Seq=211598 Ack=141 Win=65024 Len=1448 TSval=2916037323 TSecr=3045557096 [TCP segment of a reassembled PDU]"
"34885","33.242583245","192.168.1.55","192.168.1.2","TCP","1514","8004  >  36170 [ACK] Seq=213046 Ack=141 Win=65024 Len=1448 TSval=2916037323 TSecr=3045557096 [TCP segment of a reassembled PDU]"
"34886","33.242584338","192.168.1.55","192.168.1.2","TCP","1514","8004  >  36170 [ACK] Seq=214494 Ack=141 Win=65024 Len=1448 TSval=2916037323 TSecr=3045557096 [TCP segment of a reassembled PDU]"
"34887","33.242585597","192.168.1.55","192.168.1.2","TCP","1514","8004  >  36170 [ACK] Seq=215942 Ack=141 Win=65024 Len=1448 TSval=2916037323 TSecr=3045557096 [TCP segment of a reassembled PDU]"
"34888","33.242586838","192.168.1.55","192.168.1.2","TCP","1514","8004  >  36170 [ACK] Seq=217390 Ack=141 Win=65024 Len=1448 TSval=2916037323 TSecr=3045557096 [TCP segment of a reassembled PDU]"
"34889","33.242587949","192.168.1.55","192.168.1.2","TCP","1514","8004  >  36170 [ACK] Seq=218838 Ack=141 Win=65024 Len=1448 TSval=2916037323 TSecr=3045557096 [TCP segment of a reassembled PDU]"
"34890","33.242589060","192.168.1.55","192.168.1.2","TCP","1514","8004  >  36170 [ACK] Seq=220286 Ack=141 Win=65024 Len=1448 TSval=2916037323 TSecr=3045557096 [TCP segment of a reassembled PDU]"
"34891","33.242590227","192.168.1.55","192.168.1.2","TCP","1514","8004  >  36170 [ACK] Seq=221734 Ack=141 Win=65024 Len=1448 TSval=2916037323 TSecr=3045557096 [TCP segment of a reassembled PDU]"
"34892","33.242591319","192.168.1.55","192.168.1.2","TCP","1514","8004  >  36170 [ACK] Seq=223182 Ack=141 Win=65024 Len=1448 TSval=2916037323 TSecr=3045557096 [TCP segment of a reassembled PDU]"
"34893","33.242592894","192.168.1.55","192.168.1.2","TCP","1514","8004  >  36170 [ACK] Seq=224630 Ack=141 Win=65024 Len=1448 TSval=2916037323 TSecr=3045557096 [TCP segment of a reassembled PDU]"
"34894","33.242593968","192.168.1.55","192.168.1.2","TCP","1514","8004  >  36170 [ACK] Seq=226078 Ack=141 Win=65024 Len=1448 TSval=2916037323 TSecr=3045557096 [TCP segment of a reassembled PDU]"
"34895","33.242595227","192.168.1.55","192.168.1.2","TCP","1514","8004  >  36170 [ACK] Seq=227526 Ack=141 Win=65024 Len=1448 TSval=2916037323 TSecr=3045557096 [TCP segment of a reassembled PDU]"
"34896","33.242596505","192.168.1.55","192.168.1.2","TCP","1514","8004  >  36170 [ACK] Seq=228974 Ack=141 Win=65024 Len=1448 TSval=2916037323 TSecr=3045557096 [TCP segment of a reassembled PDU]"
"34897","33.242597986","192.168.1.55","192.168.1.2","TCP","1514","8004  >  36170 [ACK] Seq=230422 Ack=141 Win=65024 Len=1448 TSval=2916037323 TSecr=3045557096 [TCP segment of a reassembled PDU]"
"34898","33.242599171","192.168.1.55","192.168.1.2","TCP","1514","8004  >  36170 [ACK] Seq=231870 Ack=141 Win=65024 Len=1448 TSval=2916037323 TSecr=3045557096 [TCP segment of a reassembled PDU]"
"34899","33.242600357","192.168.1.55","192.168.1.2","TCP","1514","8004  >  36170 [ACK] Seq=233318 Ack=141 Win=65024 Len=1448 TSval=2916037323 TSecr=3045557096 [TCP segment of a reassembled PDU]"
"34900","33.242601449","192.168.1.55","192.168.1.2","TCP","1514","8004  >  36170 [ACK] Seq=234766 Ack=141 Win=65024 Len=1448 TSval=2916037323 TSecr=3045557096 [TCP segment of a reassembled PDU]"
"34901","33.242602616","192.168.1.55","192.168.1.2","TCP","1514","8004  >  36170 [ACK] Seq=236214 Ack=141 Win=65024 Len=1448 TSval=2916037323 TSecr=3045557096 [TCP segment of a reassembled PDU]"
"34902","33.242603727","192.168.1.55","192.168.1.2","TCP","1514","8004  >  36170 [ACK] Seq=237662 Ack=141 Win=65024 Len=1448 TSval=2916037323 TSecr=3045557096 [TCP segment of a reassembled PDU]"
"34903","33.242604949","192.168.1.55","192.168.1.2","TCP","1514","8004  >  36170 [ACK] Seq=239110 Ack=141 Win=65024 Len=1448 TSval=2916037323 TSecr=3045557096 [TCP segment of a reassembled PDU]"
"34904","33.242606097","192.168.1.55","192.168.1.2","TCP","1514","8004  >  36170 [PSH, ACK] Seq=240558 Ack=141 Win=65024 Len=1448 TSval=2916037323 TSecr=3045557096 [TCP segment of a reassembled PDU]"
"34905","33.242656505","192.168.1.2","192.168.1.55","TCP","66","36170  >  8004 [ACK] Seq=141 Ack=168158 Win=116736 Len=0 TSval=3045557097 TSecr=2916037316"
"34906","33.242669912","192.168.1.55","192.168.1.2","TCP","1514","8004  >  36170 [ACK] Seq=242006 Ack=141 Win=65024 Len=1448 TSval=2916037323 TSecr=3045557097 [TCP segment of a reassembled PDU]"
"34907","33.242672153","192.168.1.55","192.168.1.2","TCP","1514","8004  >  36170 [ACK] Seq=243454 Ack=141 Win=65024 Len=1448 TSval=2916037323 TSecr=3045557097 [TCP segment of a reassembled PDU]"
"34908","33.242673338","192.168.1.55","192.168.1.2","TCP","1514","8004  >  36170 [ACK] Seq=244902 Ack=141 Win=65024 Len=1448 TSval=2916037323 TSecr=3045557097 [TCP segment of a reassembled PDU]"
"34909","33.242674449","192.168.1.55","192.168.1.2","TCP","1514","8004  >  36170 [ACK] Seq=246350 Ack=141 Win=65024 Len=1448 TSval=2916037323 TSecr=3045557097 [TCP segment of a reassembled PDU]"
"34910","33.242675653","192.168.1.55","192.168.1.2","TCP","1514","8004  >  36170 [ACK] Seq=247798 Ack=141 Win=65024 Len=1448 TSval=2916037323 TSecr=3045557097 [TCP segment of a reassembled PDU]"
"34911","33.242676875","192.168.1.55","192.168.1.2","TCP","1514","8004  >  36170 [PSH, ACK] Seq=249246 Ack=141 Win=65024 Len=1448 TSval=2916037323 TSecr=3045557097 [TCP segment of a reassembled PDU]"
"34912","33.242680690","192.168.1.2","192.168.1.55","TCP","66","36170  >  8004 [ACK] Seq=141 Ack=169734 Win=119808 Len=0 TSval=3045557097 TSecr=2916037316"
"34913","33.243879988","192.168.1.55","192.168.1.2","TCP","1514","8004  >  36170 [ACK] Seq=250694 Ack=141 Win=65024 Len=1448 TSval=2916037324 TSecr=3045557097 [TCP segment of a reassembled PDU]"
"34914","33.243882562","192.168.1.55","192.168.1.2","TCP","1514","8004  >  36170 [ACK] Seq=252142 Ack=141 Win=65024 Len=1448 TSval=2916037324 TSecr=3045557097 [TCP segment of a reassembled PDU]"
"34915","33.243883914","192.168.1.55","192.168.1.2","TCP","1514","8004  >  36170 [ACK] Seq=253590 Ack=141 Win=65024 Len=1448 TSval=2916037324 TSecr=3045557097 [TCP segment of a reassembled PDU]"
"34916","33.243885229","192.168.1.55","192.168.1.2","TCP","1514","8004  >  36170 [ACK] Seq=255038 Ack=141 Win=65024 Len=1448 TSval=2916037324 TSecr=3045557097 [TCP segment of a reassembled PDU]"
"34917","33.243887007","192.168.1.55","192.168.1.2","TCP","1514","8004  >  36170 [ACK] Seq=256486 Ack=141 Win=65024 Len=1448 TSval=2916037324 TSecr=3045557097 [TCP segment of a reassembled PDU]"
"34918","33.243888766","192.168.1.55","192.168.1.2","TCP","1514","8004  >  36170 [ACK] Seq=257934 Ack=141 Win=65024 Len=1448 TSval=2916037324 TSecr=3045557097 [TCP segment of a reassembled PDU]"
"34919","33.243890062","192.168.1.55","192.168.1.2","TCP","1514","8004  >  36170 [ACK] Seq=259382 Ack=141 Win=65024 Len=1448 TSval=2916037324 TSecr=3045557097 [TCP segment of a reassembled PDU]"
"34920","33.243891470","192.168.1.55","192.168.1.2","TCP","1514","8004  >  36170 [ACK] Seq=260830 Ack=141 Win=65024 Len=1448 TSval=2916037324 TSecr=3045557097 [TCP segment of a reassembled PDU]"
"34921","33.243892766","192.168.1.55","192.168.1.2","TCP","1514","8004  >  36170 [ACK] Seq=262278 Ack=141 Win=65024 Len=1448 TSval=2916037324 TSecr=3045557097 [TCP segment of a reassembled PDU]"
"34922","33.243894062","192.168.1.55","192.168.1.2","TCP","1514","8004  >  36170 [ACK] Seq=263726 Ack=141 Win=65024 Len=1448 TSval=2916037324 TSecr=3045557097 [TCP segment of a reassembled PDU]"
"34923","33.243895525","192.168.1.55","192.168.1.2","TCP","1514","8004  >  36170 [ACK] Seq=265174 Ack=141 Win=65024 Len=1448 TSval=2916037324 TSecr=3045557097 [TCP segment of a reassembled PDU]"
"34924","33.243897025","192.168.1.55","192.168.1.2","TCP","1514","8004  >  36170 [ACK] Seq=266622 Ack=141 Win=65024 Len=1448 TSval=2916037324 TSecr=3045557097 [TCP segment of a reassembled PDU]"
"34925","33.243898414","192.168.1.55","192.168.1.2","TCP","1514","8004  >  36170 [ACK] Seq=268070 Ack=141 Win=65024 Len=1448 TSval=2916037324 TSecr=3045557097 [TCP segment of a reassembled PDU]"
"34926","33.243900044","192.168.1.55","192.168.1.2","TCP","1514","8004  >  36170 [ACK] Seq=269518 Ack=141 Win=65024 Len=1448 TSval=2916037324 TSecr=3045557097 [TCP segment of a reassembled PDU]"
"34927","33.243901803","192.168.1.55","192.168.1.2","TCP","1514","8004  >  36170 [ACK] Seq=270966 Ack=141 Win=65024 Len=1448 TSval=2916037324 TSecr=3045557097 [TCP segment of a reassembled PDU]"
"34928","33.243903210","192.168.1.55","192.168.1.2","TCP","1514","8004  >  36170 [ACK] Seq=272414 Ack=141 Win=65024 Len=1448 TSval=2916037324 TSecr=3045557097 [TCP segment of a reassembled PDU]"
"34929","33.243904488","192.168.1.55","192.168.1.2","TCP","1514","8004  >  36170 [ACK] Seq=273862 Ack=141 Win=65024 Len=1448 TSval=2916037324 TSecr=3045557097 [TCP segment of a reassembled PDU]"
"34930","33.243905785","192.168.1.55","192.168.1.2","TCP","1514","8004  >  36170 [ACK] Seq=275310 Ack=141 Win=65024 Len=1448 TSval=2916037324 TSecr=3045557097 [TCP segment of a reassembled PDU]"
"34931","33.243907247","192.168.1.55","192.168.1.2","TCP","1514","8004  >  36170 [ACK] Seq=276758 Ack=141 Win=65024 Len=1448 TSval=2916037324 TSecr=3045557097 [TCP segment of a reassembled PDU]"
"34932","33.243908618","192.168.1.55","192.168.1.2","TCP","1514","8004  >  36170 [ACK] Seq=278206 Ack=141 Win=65024 Len=1448 TSval=2916037324 TSecr=3045557097 [TCP segment of a reassembled PDU]"
"34933","33.243910099","192.168.1.55","192.168.1.2","TCP","1514","8004  >  36170 [ACK] Seq=279654 Ack=141 Win=65024 Len=1448 TSval=2916037324 TSecr=3045557097 [TCP segment of a reassembled PDU]"
"34934","33.243911396","192.168.1.55","192.168.1.2","TCP","1514","8004  >  36170 [ACK] Seq=281102 Ack=141 Win=65024 Len=1448 TSval=2916037324 TSecr=3045557097 [TCP segment of a reassembled PDU]"
"34935","33.243912673","192.168.1.55","192.168.1.2","TCP","1514","8004  >  36170 [ACK] Seq=282550 Ack=141 Win=65024 Len=1448 TSval=2916037324 TSecr=3045557097 [TCP segment of a reassembled PDU]"
"34936","33.243914247","192.168.1.55","192.168.1.2","TCP","1514","8004  >  36170 [ACK] Seq=283998 Ack=141 Win=65024 Len=1448 TSval=2916037324 TSecr=3045557097 [TCP segment of a reassembled PDU]"
"34937","33.243915544","192.168.1.55","192.168.1.2","TCP","1514","8004  >  36170 [ACK] Seq=285446 Ack=141 Win=65024 Len=1448 TSval=2916037324 TSecr=3045557097 [TCP segment of a reassembled PDU]"
"34938","33.243916840","192.168.1.55","192.168.1.2","TCP","1514","8004  >  36170 [PSH, ACK] Seq=286894 Ack=141 Win=65024 Len=1448 TSval=2916037324 TSecr=3045557097 [TCP segment of a reassembled PDU]"
"34939","33.257455750","192.168.1.2","192.168.1.55","TCP","66","36170  >  8004 [ACK] Seq=141 Ack=253590 Win=37888 Len=0 TSval=3045557105 TSecr=2916037323"
"34940","33.257481343","192.168.1.55","192.168.1.2","TCP","1514","8004  >  36170 [ACK] Seq=288342 Ack=141 Win=65024 Len=1448 TSval=2916037338 TSecr=3045557105 [TCP segment of a reassembled PDU]"
"34941","33.257484510","192.168.1.55","192.168.1.2","TCP","1514","8004  >  36170 [ACK] Seq=289790 Ack=141 Win=65024 Len=1448 TSval=2916037338 TSecr=3045557105 [TCP segment of a reassembled PDU]"
"34942","33.257485843","192.168.1.55","192.168.1.2","TCP","306","[TCP Window Full] 8004  >  36170 [PSH, ACK] Seq=291238 Ack=141 Win=65024 Len=240 TSval=2916037338 TSecr=3045557105 [TCP segment of a reassembled PDU]"
"34943","33.257701343","192.168.1.2","192.168.1.55","TCP","66","36170  >  8004 [ACK] Seq=141 Ack=285446 Win=8192 Len=0 TSval=3045557106 TSecr=2916037324"
"34944","33.257708992","192.168.1.2","192.168.1.55","TCP","66","[TCP Window Update] 36170  >  8004 [ACK] Seq=141 Ack=285446 Win=32768 Len=0 TSval=3045557106 TSecr=2916037324"
"34945","33.257714806","192.168.1.55","192.168.1.2","TCP","1514","8004  >  36170 [ACK] Seq=291478 Ack=141 Win=65024 Len=1448 TSval=2916037338 TSecr=3045557106 [TCP segment of a reassembled PDU]"
"34946","33.257716992","192.168.1.55","192.168.1.2","TCP","1514","8004  >  36170 [PSH, ACK] Seq=292926 Ack=141 Win=65024 Len=1448 TSval=2916037338 TSecr=3045557106 [TCP segment of a reassembled PDU]"
"34947","33.257721862","192.168.1.55","192.168.1.2","TCP","1274","8004  >  36170 [ACK] Seq=294374 Ack=141 Win=65024 Len=1208 TSval=2916037338 TSecr=3045557106 [TCP segment of a reassembled PDU]"
"34948","33.257737158","192.168.1.55","192.168.1.2","TCP","1514","8004  >  36170 [ACK] Seq=295582 Ack=141 Win=65024 Len=1448 TSval=2916037338 TSecr=3045557106 [TCP segment of a reassembled PDU]"
"34949","33.257738992","192.168.1.55","192.168.1.2","TCP","1514","8004  >  36170 [ACK] Seq=297030 Ack=141 Win=65024 Len=1448 TSval=2916037338 TSecr=3045557106 [TCP segment of a reassembled PDU]"
"34950","33.257740288","192.168.1.55","192.168.1.2","TCP","1514","8004  >  36170 [ACK] Seq=298478 Ack=141 Win=65024 Len=1448 TSval=2916037338 TSecr=3045557106 [TCP segment of a reassembled PDU]"
"34951","33.257741510","192.168.1.55","192.168.1.2","TCP","1514","8004  >  36170 [ACK] Seq=299926 Ack=141 Win=65024 Len=1448 TSval=2916037338 TSecr=3045557106 [TCP segment of a reassembled PDU]"
"34952","33.257742769","192.168.1.55","192.168.1.2","TCP","1514","8004  >  36170 [ACK] Seq=301374 Ack=141 Win=65024 Len=1448 TSval=2916037338 TSecr=3045557106 [TCP segment of a reassembled PDU]"
"34953","33.257744121","192.168.1.55","192.168.1.2","TCP","1514","8004  >  36170 [ACK] Seq=302822 Ack=141 Win=65024 Len=1448 TSval=2916037338 TSecr=3045557106 [TCP segment of a reassembled PDU]"
"34954","33.257745362","192.168.1.55","192.168.1.2","TCP","1514","8004  >  36170 [ACK] Seq=304270 Ack=141 Win=65024 Len=1448 TSval=2916037338 TSecr=3045557106 [TCP segment of a reassembled PDU]"
"34955","33.257746640","192.168.1.55","192.168.1.2","TCP","1514","8004  >  36170 [ACK] Seq=305718 Ack=141 Win=65024 Len=1448 TSval=2916037338 TSecr=3045557106 [TCP segment of a reassembled PDU]"
"34956","33.257747844","192.168.1.55","192.168.1.2","TCP","1514","8004  >  36170 [ACK] Seq=307166 Ack=141 Win=65024 Len=1448 TSval=2916037338 TSecr=3045557106 [TCP segment of a reassembled PDU]"
"34957","33.257749214","192.168.1.55","192.168.1.2","TCP","1514","8004  >  36170 [ACK] Seq=308614 Ack=141 Win=65024 Len=1448 TSval=2916037338 TSecr=3045557106 [TCP segment of a reassembled PDU]"
"34958","33.257750436","192.168.1.55","192.168.1.2","TCP","1514","8004  >  36170 [ACK] Seq=310062 Ack=141 Win=65024 Len=1448 TSval=2916037338 TSecr=3045557106 [TCP segment of a reassembled PDU]"
"34959","33.257751658","192.168.1.55","192.168.1.2","TCP","1514","8004  >  36170 [ACK] Seq=311510 Ack=141 Win=65024 Len=1448 TSval=2916037338 TSecr=3045557106 [TCP segment of a reassembled PDU]"
"34960","33.257753510","192.168.1.55","192.168.1.2","TCP","1514","8004  >  36170 [ACK] Seq=312958 Ack=141 Win=65024 Len=1448 TSval=2916037338 TSecr=3045557106 [TCP segment of a reassembled PDU]"
"34961","33.257755121","192.168.1.55","192.168.1.2","TCP","1514","8004  >  36170 [ACK] Seq=314406 Ack=141 Win=65024 Len=1448 TSval=2916037338 TSecr=3045557106 [TCP segment of a reassembled PDU]"
"34962","33.257756473","192.168.1.55","192.168.1.2","TCP","1514","8004  >  36170 [PSH, ACK] Seq=315854 Ack=141 Win=65024 Len=1448 TSval=2916037338 TSecr=3045557106 [TCP segment of a reassembled PDU]"
"34963","33.257760381","192.168.1.2","192.168.1.55","TCP","66","[TCP Window Update] 36170  >  8004 [ACK] Seq=141 Ack=285446 Win=78848 Len=0 TSval=3045557106 TSecr=2916037324"
"34964","33.257786084","192.168.1.55","192.168.1.2","TCP","1514","8004  >  36170 [ACK] Seq=317302 Ack=141 Win=65024 Len=1448 TSval=2916037338 TSecr=3045557106 [TCP segment of a reassembled PDU]"
"34965","33.257788029","192.168.1.55","192.168.1.2","TCP","1514","8004  >  36170 [ACK] Seq=318750 Ack=141 Win=65024 Len=1448 TSval=2916037338 TSecr=3045557106 [TCP segment of a reassembled PDU]"
"34966","33.257789362","192.168.1.55","192.168.1.2","TCP","1514","8004  >  36170 [ACK] Seq=320198 Ack=141 Win=65024 Len=1448 TSval=2916037338 TSecr=3045557106 [TCP segment of a reassembled PDU]"
"34967","33.257790807","192.168.1.55","192.168.1.2","TCP","1514","8004  >  36170 [ACK] Seq=321646 Ack=141 Win=65024 Len=1448 TSval=2916037338 TSecr=3045557106 [TCP segment of a reassembled PDU]"
"34968","33.257792214","192.168.1.55","192.168.1.2","TCP","1514","8004  >  36170 [ACK] Seq=323094 Ack=141 Win=65024 Len=1448 TSval=2916037338 TSecr=3045557106 [TCP segment of a reassembled PDU]"
"34969","33.257793584","192.168.1.55","192.168.1.2","TCP","1514","8004  >  36170 [ACK] Seq=324542 Ack=141 Win=65024 Len=1448 TSval=2916037338 TSecr=3045557106 [TCP segment of a reassembled PDU]"
"34970","33.257794862","192.168.1.55","192.168.1.2","TCP","1514","8004  >  36170 [ACK] Seq=325990 Ack=141 Win=65024 Len=1448 TSval=2916037338 TSecr=3045557106 [TCP segment of a reassembled PDU]"
"34971","33.257796195","192.168.1.55","192.168.1.2","TCP","1514","8004  >  36170 [ACK] Seq=327438 Ack=141 Win=65024 Len=1448 TSval=2916037338 TSecr=3045557106 [TCP segment of a reassembled PDU]"
"34972","33.257797399","192.168.1.55","192.168.1.2","TCP","1514","8004  >  36170 [ACK] Seq=328886 Ack=141 Win=65024 Len=1448 TSval=2916037338 TSecr=3045557106 [TCP segment of a reassembled PDU]"
"34973","33.257798714","192.168.1.55","192.168.1.2","TCP","1514","8004  >  36170 [ACK] Seq=330334 Ack=141 Win=65024 Len=1448 TSval=2916037338 TSecr=3045557106 [TCP segment of a reassembled PDU]"
"34974","33.257800195","192.168.1.55","192.168.1.2","TCP","1514","8004  >  36170 [ACK] Seq=331782 Ack=141 Win=65024 Len=1448 TSval=2916037338 TSecr=3045557106 [TCP segment of a reassembled PDU]"
"34975","33.257801603","192.168.1.55","192.168.1.2","TCP","1514","8004  >  36170 [ACK] Seq=333230 Ack=141 Win=65024 Len=1448 TSval=2916037338 TSecr=3045557106 [TCP segment of a reassembled PDU]"
"34976","33.257802992","192.168.1.55","192.168.1.2","TCP","1514","8004  >  36170 [ACK] Seq=334678 Ack=141 Win=65024 Len=1448 TSval=2916037338 TSecr=3045557106 [TCP segment of a reassembled PDU]"
"34977","33.257804288","192.168.1.55","192.168.1.2","TCP","1514","8004  >  36170 [ACK] Seq=336126 Ack=141 Win=65024 Len=1448 TSval=2916037338 TSecr=3045557106 [TCP segment of a reassembled PDU]"
"34978","33.257805529","192.168.1.55","192.168.1.2","TCP","1514","8004  >  36170 [ACK] Seq=337574 Ack=141 Win=65024 Len=1448 TSval=2916037338 TSecr=3045557106 [TCP segment of a reassembled PDU]"
"34979","33.257806899","192.168.1.55","192.168.1.2","TCP","1514","8004  >  36170 [PSH, ACK] Seq=339022 Ack=141 Win=65024 Len=1448 TSval=2916037338 TSecr=3045557106 [TCP segment of a reassembled PDU]"
"34980","33.260273773","192.168.1.2","192.168.1.55","TCP","66","36170  >  8004 [ACK] Seq=141 Ack=288342 Win=115712 Len=0 TSval=3045557113 TSecr=2916037324"
"34981","33.260313162","192.168.1.55","192.168.1.2","TCP","1514","8004  >  36170 [ACK] Seq=340470 Ack=141 Win=65024 Len=1448 TSval=2916037340 TSecr=3045557113 [TCP segment of a reassembled PDU]"
"34982","33.260315625","192.168.1.55","192.168.1.2","TCP","1514","8004  >  36170 [ACK] Seq=341918 Ack=141 Win=65024 Len=1448 TSval=2916037340 TSecr=3045557113 [TCP segment of a reassembled PDU]"
"34983","33.260316922","192.168.1.55","192.168.1.2","TCP","1514","8004  >  36170 [ACK] Seq=343366 Ack=141 Win=65024 Len=1448 TSval=2916037340 TSecr=3045557113 [TCP segment of a reassembled PDU]"
"34984","33.260318329","192.168.1.55","192.168.1.2","TCP","1514","8004  >  36170 [ACK] Seq=344814 Ack=141 Win=65024 Len=1448 TSval=2916037340 TSecr=3045557113 [TCP segment of a reassembled PDU]"
"34985","33.260319625","192.168.1.55","192.168.1.2","TCP","1514","8004  >  36170 [ACK] Seq=346262 Ack=141 Win=65024 Len=1448 TSval=2916037340 TSecr=3045557113 [TCP segment of a reassembled PDU]"
"34986","33.260320829","192.168.1.55","192.168.1.2","TCP","1514","8004  >  36170 [ACK] Seq=347710 Ack=141 Win=65024 Len=1448 TSval=2916037340 TSecr=3045557113 [TCP segment of a reassembled PDU]"
"34987","33.260322144","192.168.1.55","192.168.1.2","TCP","1514","8004  >  36170 [ACK] Seq=349158 Ack=141 Win=65024 Len=1448 TSval=2916037340 TSecr=3045557113 [TCP segment of a reassembled PDU]"
"34988","33.260323366","192.168.1.55","192.168.1.2","TCP","1514","8004  >  36170 [ACK] Seq=350606 Ack=141 Win=65024 Len=1448 TSval=2916037340 TSecr=3045557113 [TCP segment of a reassembled PDU]"
"34989","33.260324570","192.168.1.55","192.168.1.2","TCP","1514","8004  >  36170 [ACK] Seq=352054 Ack=141 Win=65024 Len=1448 TSval=2916037340 TSecr=3045557113 [TCP segment of a reassembled PDU]"
"34990","33.260325903","192.168.1.55","192.168.1.2","TCP","1514","8004  >  36170 [ACK] Seq=353502 Ack=141 Win=65024 Len=1448 TSval=2916037340 TSecr=3045557113 [TCP segment of a reassembled PDU]"
"34991","33.260327088","192.168.1.55","192.168.1.2","TCP","1514","8004  >  36170 [ACK] Seq=354950 Ack=141 Win=65024 Len=1448 TSval=2916037340 TSecr=3045557113 [TCP segment of a reassembled PDU]"
"34992","33.260328329","192.168.1.55","192.168.1.2","TCP","1514","8004  >  36170 [ACK] Seq=356398 Ack=141 Win=65024 Len=1448 TSval=2916037340 TSecr=3045557113 [TCP segment of a reassembled PDU]"
"34993","33.260329570","192.168.1.55","192.168.1.2","TCP","1514","8004  >  36170 [ACK] Seq=357846 Ack=141 Win=65024 Len=1448 TSval=2916037340 TSecr=3045557113 [TCP segment of a reassembled PDU]"
"34994","33.260331385","192.168.1.55","192.168.1.2","TCP","1514","8004  >  36170 [ACK] Seq=359294 Ack=141 Win=65024 Len=1448 TSval=2916037340 TSecr=3045557113 [TCP segment of a reassembled PDU]"
"34995","33.260332718","192.168.1.55","192.168.1.2","TCP","1514","8004  >  36170 [ACK] Seq=360742 Ack=141 Win=65024 Len=1448 TSval=2916037340 TSecr=3045557113 [TCP segment of a reassembled PDU]"
"34996","33.260333996","192.168.1.55","192.168.1.2","TCP","1514","8004  >  36170 [ACK] Seq=362190 Ack=141 Win=65024 Len=1448 TSval=2916037340 TSecr=3045557113 [TCP segment of a reassembled PDU]"
"34997","33.260335329","192.168.1.55","192.168.1.2","TCP","1514","8004  >  36170 [ACK] Seq=363638 Ack=141 Win=65024 Len=1448 TSval=2916037340 TSecr=3045557113 [TCP segment of a reassembled PDU]"
"34998","33.260336774","192.168.1.55","192.168.1.2","TCP","1514","8004  >  36170 [ACK] Seq=365086 Ack=141 Win=65024 Len=1448 TSval=2916037340 TSecr=3045557113 [TCP segment of a reassembled PDU]"
"34999","33.260338051","192.168.1.55","192.168.1.2","TCP","1514","8004  >  36170 [ACK] Seq=366534 Ack=141 Win=65024 Len=1448 TSval=2916037340 TSecr=3045557113 [TCP segment of a reassembled PDU]"
"35000","33.260339422","192.168.1.55","192.168.1.2","TCP","1514","8004  >  36170 [ACK] Seq=367982 Ack=141 Win=65024 Len=1448 TSval=2916037340 TSecr=3045557113 [TCP segment of a reassembled PDU]"
"35001","33.260340755","192.168.1.55","192.168.1.2","TCP","1514","8004  >  36170 [ACK] Seq=369430 Ack=141 Win=65024 Len=1448 TSval=2916037340 TSecr=3045557113 [TCP segment of a reassembled PDU]"
"35002","33.260342107","192.168.1.55","192.168.1.2","TCP","1514","8004  >  36170 [ACK] Seq=370878 Ack=141 Win=65024 Len=1448 TSval=2916037340 TSecr=3045557113 [TCP segment of a reassembled PDU]"
"35003","33.260347681","192.168.1.55","192.168.1.2","TCP","1514","8004  >  36170 [ACK] Seq=372326 Ack=141 Win=65024 Len=1448 TSval=2916037340 TSecr=3045557113 [TCP segment of a reassembled PDU]"
"35004","33.260349570","192.168.1.55","192.168.1.2","TCP","1514","8004  >  36170 [ACK] Seq=373774 Ack=141 Win=65024 Len=1448 TSval=2916037340 TSecr=3045557113 [TCP segment of a reassembled PDU]"
"35005","33.260350996","192.168.1.55","192.168.1.2","TCP","1514","8004  >  36170 [ACK] Seq=375222 Ack=141 Win=65024 Len=1448 TSval=2916037340 TSecr=3045557113 [TCP segment of a reassembled PDU]"
"35006","33.260352218","192.168.1.55","192.168.1.2","TCP","1514","8004  >  36170 [ACK] Seq=376670 Ack=141 Win=65024 Len=1448 TSval=2916037340 TSecr=3045557113 [TCP segment of a reassembled PDU]"
"35007","33.260353644","192.168.1.55","192.168.1.2","TCP","1514","8004  >  36170 [ACK] Seq=378118 Ack=141 Win=65024 Len=1448 TSval=2916037340 TSecr=3045557113 [TCP segment of a reassembled PDU]"
"35008","33.260354959","192.168.1.55","192.168.1.2","TCP","1514","8004  >  36170 [ACK] Seq=379566 Ack=141 Win=65024 Len=1448 TSval=2916037340 TSecr=3045557113 [TCP segment of a reassembled PDU]"
"35009","33.260356292","192.168.1.55","192.168.1.2","TCP","1514","8004  >  36170 [ACK] Seq=381014 Ack=141 Win=65024 Len=1448 TSval=2916037340 TSecr=3045557113 [TCP segment of a reassembled PDU]"
"35010","33.260357607","192.168.1.55","192.168.1.2","TCP","1514","8004  >  36170 [ACK] Seq=382462 Ack=141 Win=65024 Len=1448 TSval=2916037340 TSecr=3045557113 [TCP segment of a reassembled PDU]"
"35011","33.260359237","192.168.1.55","192.168.1.2","TCP","1514","8004  >  36170 [PSH, ACK] Seq=383910 Ack=141 Win=65024 Len=1448 TSval=2916037340 TSecr=3045557113 [TCP segment of a reassembled PDU]"
"35012","33.260378237","192.168.1.55","192.168.1.2","TCP","1514","8004  >  36170 [ACK] Seq=385358 Ack=141 Win=65024 Len=1448 TSval=2916037340 TSecr=3045557113 [TCP segment of a reassembled PDU]"
"35013","33.260379959","192.168.1.55","192.168.1.2","TCP","1514","8004  >  36170 [ACK] Seq=386806 Ack=141 Win=65024 Len=1448 TSval=2916037340 TSecr=3045557113 [TCP segment of a reassembled PDU]"
"35014","33.260381200","192.168.1.55","192.168.1.2","TCP","1514","8004  >  36170 [ACK] Seq=388254 Ack=141 Win=65024 Len=1448 TSval=2916037340 TSecr=3045557113 [TCP segment of a reassembled PDU]"
"35015","33.260382607","192.168.1.55","192.168.1.2","TCP","1514","8004  >  36170 [ACK] Seq=389702 Ack=141 Win=65024 Len=1448 TSval=2916037340 TSecr=3045557113 [TCP segment of a reassembled PDU]"
"35016","33.260383959","192.168.1.55","192.168.1.2","TCP","1514","8004  >  36170 [ACK] Seq=391150 Ack=141 Win=65024 Len=1448 TSval=2916037340 TSecr=3045557113 [TCP segment of a reassembled PDU]"
"35017","33.260385311","192.168.1.55","192.168.1.2","TCP","1514","8004  >  36170 [ACK] Seq=392598 Ack=141 Win=65024 Len=1448 TSval=2916037340 TSecr=3045557113 [TCP segment of a reassembled PDU]"
"35018","33.260386718","192.168.1.55","192.168.1.2","TCP","1514","8004  >  36170 [ACK] Seq=394046 Ack=141 Win=65024 Len=1448 TSval=2916037340 TSecr=3045557113 [TCP segment of a reassembled PDU]"
"35019","33.260387959","192.168.1.55","192.168.1.2","TCP","1514","8004  >  36170 [ACK] Seq=395494 Ack=141 Win=65024 Len=1448 TSval=2916037340 TSecr=3045557113 [TCP segment of a reassembled PDU]"
"35020","33.260389422","192.168.1.55","192.168.1.2","TCP","1514","8004  >  36170 [ACK] Seq=396942 Ack=141 Win=65024 Len=1448 TSval=2916037340 TSecr=3045557113 [TCP segment of a reassembled PDU]"
"35021","33.260390700","192.168.1.55","192.168.1.2","TCP","1514","8004  >  36170 [ACK] Seq=398390 Ack=141 Win=65024 Len=1448 TSval=2916037340 TSecr=3045557113 [TCP segment of a reassembled PDU]"
"35022","33.260392088","192.168.1.55","192.168.1.2","TCP","1514","8004  >  36170 [ACK] Seq=399838 Ack=141 Win=65024 Len=1448 TSval=2916037340 TSecr=3045557113 [TCP segment of a reassembled PDU]"
"35023","33.260393866","192.168.1.55","192.168.1.2","TCP","1514","8004  >  36170 [PSH, ACK] Seq=401286 Ack=141 Win=65024 Len=1448 TSval=2916037340 TSecr=3045557113 [TCP segment of a reassembled PDU]"
"35024","33.260449274","192.168.1.2","192.168.1.55","TCP","66","36170  >  8004 [ACK] Seq=141 Ack=289790 Win=122880 Len=0 TSval=3045557114 TSecr=2916037338"
"35025","33.260465255","192.168.1.55","192.168.1.2","TCP","1514","8004  >  36170 [ACK] Seq=402734 Ack=141 Win=65024 Len=1448 TSval=2916037341 TSecr=3045557114 [TCP segment of a reassembled PDU]"
"35026","33.260467107","192.168.1.55","192.168.1.2","TCP","1514","8004  >  36170 [ACK] Seq=404182 Ack=141 Win=65024 Len=1448 TSval=2916037341 TSecr=3045557114 [TCP segment of a reassembled PDU]"
"35027","33.260468422","192.168.1.55","192.168.1.2","TCP","1514","8004  >  36170 [ACK] Seq=405630 Ack=141 Win=65024 Len=1448 TSval=2916037341 TSecr=3045557114 [TCP segment of a reassembled PDU]"
"35028","33.260469959","192.168.1.55","192.168.1.2","TCP","1514","8004  >  36170 [ACK] Seq=407078 Ack=141 Win=65024 Len=1448 TSval=2916037341 TSecr=3045557114 [TCP segment of a reassembled PDU]"
"35029","33.260471329","192.168.1.55","192.168.1.2","TCP","1514","8004  >  36170 [ACK] Seq=408526 Ack=141 Win=65024 Len=1448 TSval=2916037341 TSecr=3045557114 [TCP segment of a reassembled PDU]"
"35030","33.260472848","192.168.1.55","192.168.1.2","TCP","1514","8004  >  36170 [PSH, ACK] Seq=409974 Ack=141 Win=65024 Len=1448 TSval=2916037341 TSecr=3045557114 [TCP segment of a reassembled PDU]"
"35031","33.260477292","192.168.1.2","192.168.1.55","TCP","66","36170  >  8004 [ACK] Seq=141 Ack=291478 Win=125952 Len=0 TSval=3045557114 TSecr=2916037338"
"35032","33.260487848","192.168.1.55","192.168.1.2","TCP","1514","8004  >  36170 [ACK] Seq=411422 Ack=141 Win=65024 Len=1448 TSval=2916037341 TSecr=3045557114 [TCP segment of a reassembled PDU]"
"35033","33.260490181","192.168.1.55","192.168.1.2","TCP","1514","8004  >  36170 [ACK] Seq=412870 Ack=141 Win=65024 Len=1448 TSval=2916037341 TSecr=3045557114 [TCP segment of a reassembled PDU]"
"35034","33.260491459","192.168.1.55","192.168.1.2","TCP","1514","8004  >  36170 [ACK] Seq=414318 Ack=141 Win=65024 Len=1448 TSval=2916037341 TSecr=3045557114 [TCP segment of a reassembled PDU]"
"35035","33.260492922","192.168.1.55","192.168.1.2","TCP","1514","8004  >  36170 [PSH, ACK] Seq=415766 Ack=141 Win=65024 Len=1448 TSval=2916037341 TSecr=3045557114 [TCP segment of a reassembled PDU]"
"35036","33.262592092","192.168.1.2","192.168.1.55","TCP","66","36170  >  8004 [ACK] Seq=141 Ack=294374 Win=132096 Len=0 TSval=3045557118 TSecr=2916037338"
"35037","33.262610592","192.168.1.55","192.168.1.2","TCP","1514","8004  >  36170 [ACK] Seq=417214 Ack=141 Win=65024 Len=1448 TSval=2916037343 TSecr=3045557118 [TCP segment of a reassembled PDU]"
"35038","33.262613796","192.168.1.55","192.168.1.2","TCP","1514","8004  >  36170 [ACK] Seq=418662 Ack=141 Win=65024 Len=1448 TSval=2916037343 TSecr=3045557118 [TCP segment of a reassembled PDU]"
"35039","33.262615129","192.168.1.55","192.168.1.2","TCP","1514","8004  >  36170 [ACK] Seq=420110 Ack=141 Win=65024 Len=1448 TSval=2916037343 TSecr=3045557118 [TCP segment of a reassembled PDU]"
"35040","33.262616370","192.168.1.55","192.168.1.2","TCP","1514","8004  >  36170 [ACK] Seq=421558 Ack=141 Win=65024 Len=1448 TSval=2916037343 TSecr=3045557118 [TCP segment of a reassembled PDU]"
"35041","33.262617722","192.168.1.55","192.168.1.2","TCP","1514","8004  >  36170 [ACK] Seq=423006 Ack=141 Win=65024 Len=1448 TSval=2916037343 TSecr=3045557118 [TCP segment of a reassembled PDU]"
"35042","33.262618925","192.168.1.55","192.168.1.2","TCP","1514","8004  >  36170 [PSH, ACK] Seq=424454 Ack=141 Win=65024 Len=1448 TSval=2916037343 TSecr=3045557118 [TCP segment of a reassembled PDU]"
"35043","33.262648555","192.168.1.2","192.168.1.55","TCP","66","36170  >  8004 [ACK] Seq=141 Ack=304270 Win=151552 Len=0 TSval=3045557118 TSecr=2916037338"
"35044","33.262660296","192.168.1.55","192.168.1.2","TCP","1514","8004  >  36170 [ACK] Seq=425902 Ack=141 Win=65024 Len=1448 TSval=2916037343 TSecr=3045557118 [TCP segment of a reassembled PDU]"
"35045","33.262662055","192.168.1.55","192.168.1.2","TCP","1514","8004  >  36170 [ACK] Seq=427350 Ack=141 Win=65024 Len=1448 TSval=2916037343 TSecr=3045557118 [TCP segment of a reassembled PDU]"
"35046","33.262663351","192.168.1.55","192.168.1.2","TCP","1514","8004  >  36170 [PSH, ACK] Seq=428798 Ack=141 Win=65024 Len=1448 TSval=2916037343 TSecr=3045557118 [TCP segment of a reassembled PDU]"
"35047","33.267200359","192.168.1.2","192.168.1.55","TCP","66","36170  >  8004 [ACK] Seq=141 Ack=317302 Win=178176 Len=0 TSval=3045557118 TSecr=2916037338"
"35048","33.267247859","192.168.1.55","192.168.1.2","TCP","1514","8004  >  36170 [ACK] Seq=430246 Ack=141 Win=65024 Len=1448 TSval=2916037347 TSecr=3045557118 [TCP segment of a reassembled PDU]"
"35049","33.267251525","192.168.1.55","192.168.1.2","TCP","1514","8004  >  36170 [ACK] Seq=431694 Ack=141 Win=65024 Len=1448 TSval=2916037347 TSecr=3045557118 [TCP segment of a reassembled PDU]"
"35050","33.267252877","192.168.1.55","192.168.1.2","TCP","1514","8004  >  36170 [ACK] Seq=433142 Ack=141 Win=65024 Len=1448 TSval=2916037347 TSecr=3045557118 [TCP segment of a reassembled PDU]"
"35051","33.267254210","192.168.1.55","192.168.1.2","TCP","1514","8004  >  36170 [ACK] Seq=434590 Ack=141 Win=65024 Len=1448 TSval=2916037347 TSecr=3045557118 [TCP segment of a reassembled PDU]"
"35052","33.267255488","192.168.1.55","192.168.1.2","TCP","1514","8004  >  36170 [ACK] Seq=436038 Ack=141 Win=65024 Len=1448 TSval=2916037347 TSecr=3045557118 [TCP segment of a reassembled PDU]"
"35053","33.267256822","192.168.1.55","192.168.1.2","TCP","1514","8004  >  36170 [ACK] Seq=437486 Ack=141 Win=65024 Len=1448 TSval=2916037347 TSecr=3045557118 [TCP segment of a reassembled PDU]"
"35054","33.267258248","192.168.1.55","192.168.1.2","TCP","1514","8004  >  36170 [ACK] Seq=438934 Ack=141 Win=65024 Len=1448 TSval=2916037347 TSecr=3045557118 [TCP segment of a reassembled PDU]"
"35055","33.267259488","192.168.1.55","192.168.1.2","TCP","1514","8004  >  36170 [ACK] Seq=440382 Ack=141 Win=65024 Len=1448 TSval=2916037347 TSecr=3045557118 [TCP segment of a reassembled PDU]"
"35056","33.267260748","192.168.1.55","192.168.1.2","TCP","1514","8004  >  36170 [ACK] Seq=441830 Ack=141 Win=65024 Len=1448 TSval=2916037347 TSecr=3045557118 [TCP segment of a reassembled PDU]"
"35057","33.267262025","192.168.1.55","192.168.1.2","TCP","1514","8004  >  36170 [ACK] Seq=443278 Ack=141 Win=65024 Len=1448 TSval=2916037347 TSecr=3045557118 [TCP segment of a reassembled PDU]"
"35058","33.267263396","192.168.1.55","192.168.1.2","TCP","1514","8004  >  36170 [ACK] Seq=444726 Ack=141 Win=65024 Len=1448 TSval=2916037347 TSecr=3045557118 [TCP segment of a reassembled PDU]"
"35059","33.267265173","192.168.1.55","192.168.1.2","TCP","1514","8004  >  36170 [ACK] Seq=446174 Ack=141 Win=65024 Len=1448 TSval=2916037347 TSecr=3045557118 [TCP segment of a reassembled PDU]"
"35060","33.267266507","192.168.1.55","192.168.1.2","TCP","1514","8004  >  36170 [ACK] Seq=447622 Ack=141 Win=65024 Len=1448 TSval=2916037347 TSecr=3045557118 [TCP segment of a reassembled PDU]"
"35061","33.267267970","192.168.1.55","192.168.1.2","TCP","1514","8004  >  36170 [ACK] Seq=449070 Ack=141 Win=65024 Len=1448 TSval=2916037347 TSecr=3045557118 [TCP segment of a reassembled PDU]"
"35062","33.267269229","192.168.1.55","192.168.1.2","TCP","1514","8004  >  36170 [ACK] Seq=450518 Ack=141 Win=65024 Len=1448 TSval=2916037347 TSecr=3045557118 [TCP segment of a reassembled PDU]"
"35063","33.267270655","192.168.1.55","192.168.1.2","TCP","1514","8004  >  36170 [ACK] Seq=451966 Ack=141 Win=65024 Len=1448 TSval=2916037347 TSecr=3045557118 [TCP segment of a reassembled PDU]"
"35064","33.267272099","192.168.1.55","192.168.1.2","TCP","1514","8004  >  36170 [ACK] Seq=453414 Ack=141 Win=65024 Len=1448 TSval=2916037347 TSecr=3045557118 [TCP segment of a reassembled PDU]"
"35065","33.267273359","192.168.1.55","192.168.1.2","TCP","1514","8004  >  36170 [ACK] Seq=454862 Ack=141 Win=65024 Len=1448 TSval=2916037347 TSecr=3045557118 [TCP segment of a reassembled PDU]"
"35066","33.267274692","192.168.1.55","192.168.1.2","TCP","1514","8004  >  36170 [ACK] Seq=456310 Ack=141 Win=65024 Len=1448 TSval=2916037347 TSecr=3045557118 [TCP segment of a reassembled PDU]"
"35067","33.267276081","192.168.1.55","192.168.1.2","TCP","1514","8004  >  36170 [ACK] Seq=457758 Ack=141 Win=65024 Len=1448 TSval=2916037347 TSecr=3045557118 [TCP segment of a reassembled PDU]"
"35068","33.267277544","192.168.1.55","192.168.1.2","TCP","1514","8004  >  36170 [ACK] Seq=459206 Ack=141 Win=65024 Len=1448 TSval=2916037347 TSecr=3045557118 [TCP segment of a reassembled PDU]"
"35069","33.267279173","192.168.1.55","192.168.1.2","TCP","1514","8004  >  36170 [ACK] Seq=460654 Ack=141 Win=65024 Len=1448 TSval=2916037347 TSecr=3045557118 [TCP segment of a reassembled PDU]"
"35070","33.267280396","192.168.1.55","192.168.1.2","TCP","1514","8004  >  36170 [ACK] Seq=462102 Ack=141 Win=65024 Len=1448 TSval=2916037347 TSecr=3045557118 [TCP segment of a reassembled PDU]"
"35071","33.267281729","192.168.1.55","192.168.1.2","TCP","1514","8004  >  36170 [ACK] Seq=463550 Ack=141 Win=65024 Len=1448 TSval=2916037347 TSecr=3045557118 [TCP segment of a reassembled PDU]"
"35072","33.267283025","192.168.1.55","192.168.1.2","TCP","1514","8004  >  36170 [ACK] Seq=464998 Ack=141 Win=65024 Len=1448 TSval=2916037347 TSecr=3045557118 [TCP segment of a reassembled PDU]"
"35073","33.267284359","192.168.1.55","192.168.1.2","TCP","1514","8004  >  36170 [ACK] Seq=466446 Ack=141 Win=65024 Len=1448 TSval=2916037347 TSecr=3045557118 [TCP segment of a reassembled PDU]"
"35074","33.267285692","192.168.1.55","192.168.1.2","TCP","1514","8004  >  36170 [ACK] Seq=467894 Ack=141 Win=65024 Len=1448 TSval=2916037347 TSecr=3045557118 [TCP segment of a reassembled PDU]"
"35075","33.267287118","192.168.1.55","192.168.1.2","TCP","1514","8004  >  36170 [ACK] Seq=469342 Ack=141 Win=65024 Len=1448 TSval=2916037347 TSecr=3045557118 [TCP segment of a reassembled PDU]"
"35076","33.267289025","192.168.1.55","192.168.1.2","TCP","1514","8004  >  36170 [ACK] Seq=470790 Ack=141 Win=65024 Len=1448 TSval=2916037347 TSecr=3045557118 [TCP segment of a reassembled PDU]"
"35077","33.267290433","192.168.1.55","192.168.1.2","TCP","1514","8004  >  36170 [ACK] Seq=472238 Ack=141 Win=65024 Len=1448 TSval=2916037347 TSecr=3045557118 [TCP segment of a reassembled PDU]"
"35078","33.267298099","192.168.1.55","192.168.1.2","TCP","1514","8004  >  36170 [PSH, ACK] Seq=473686 Ack=141 Win=65024 Len=1448 TSval=2916037347 TSecr=3045557118 [TCP segment of a reassembled PDU]"
"35079","33.267364581","192.168.1.2","192.168.1.55","TCP","66","36170  >  8004 [ACK] Seq=141 Ack=340470 Win=193536 Len=0 TSval=3045557118 TSecr=2916037338"
"35080","33.267400303","192.168.1.55","192.168.1.2","TCP","1514","8004  >  36170 [ACK] Seq=475134 Ack=141 Win=65024 Len=1448 TSval=2916037348 TSecr=3045557118 [TCP segment of a reassembled PDU]"
"35081","33.267402451","192.168.1.55","192.168.1.2","TCP","1514","8004  >  36170 [ACK] Seq=476582 Ack=141 Win=65024 Len=1448 TSval=2916037348 TSecr=3045557118 [TCP segment of a reassembled PDU]"
"35082","33.267403785","192.168.1.55","192.168.1.2","TCP","1514","8004  >  36170 [ACK] Seq=478030 Ack=141 Win=65024 Len=1448 TSval=2916037348 TSecr=3045557118 [TCP segment of a reassembled PDU]"
"35083","33.267404970","192.168.1.55","192.168.1.2","TCP","1514","8004  >  36170 [ACK] Seq=479478 Ack=141 Win=65024 Len=1448 TSval=2916037348 TSecr=3045557118 [TCP segment of a reassembled PDU]"
"35084","33.267406396","192.168.1.55","192.168.1.2","TCP","1514","8004  >  36170 [ACK] Seq=480926 Ack=141 Win=65024 Len=1448 TSval=2916037348 TSecr=3045557118 [TCP segment of a reassembled PDU]"
"35085","33.267407674","192.168.1.55","192.168.1.2","TCP","1514","8004  >  36170 [ACK] Seq=482374 Ack=141 Win=65024 Len=1448 TSval=2916037348 TSecr=3045557118 [TCP segment of a reassembled PDU]"
"35086","33.267408914","192.168.1.55","192.168.1.2","TCP","1514","8004  >  36170 [ACK] Seq=483822 Ack=141 Win=65024 Len=1448 TSval=2916037348 TSecr=3045557118 [TCP segment of a reassembled PDU]"
"35087","33.267410285","192.168.1.55","192.168.1.2","TCP","1514","8004  >  36170 [ACK] Seq=485270 Ack=141 Win=65024 Len=1448 TSval=2916037348 TSecr=3045557118 [TCP segment of a reassembled PDU]"
"35088","33.267411600","192.168.1.55","192.168.1.2","TCP","1514","8004  >  36170 [ACK] Seq=486718 Ack=141 Win=65024 Len=1448 TSval=2916037348 TSecr=3045557118 [TCP segment of a reassembled PDU]"
"35089","33.267413044","192.168.1.55","192.168.1.2","TCP","1514","8004  >  36170 [ACK] Seq=488166 Ack=141 Win=65024 Len=1448 TSval=2916037348 TSecr=3045557118 [TCP segment of a reassembled PDU]"
"35090","33.267414600","192.168.1.55","192.168.1.2","TCP","1514","8004  >  36170 [ACK] Seq=489614 Ack=141 Win=65024 Len=1448 TSval=2916037348 TSecr=3045557118 [TCP segment of a reassembled PDU]"
"35091","33.267415785","192.168.1.55","192.168.1.2","TCP","1514","8004  >  36170 [ACK] Seq=491062 Ack=141 Win=65024 Len=1448 TSval=2916037348 TSecr=3045557118 [TCP segment of a reassembled PDU]"
"35092","33.267417155","192.168.1.55","192.168.1.2","TCP","1514","8004  >  36170 [ACK] Seq=492510 Ack=141 Win=65024 Len=1448 TSval=2916037348 TSecr=3045557118 [TCP segment of a reassembled PDU]"
"35093","33.267418414","192.168.1.55","192.168.1.2","TCP","1514","8004  >  36170 [ACK] Seq=493958 Ack=141 Win=65024 Len=1448 TSval=2916037348 TSecr=3045557118 [TCP segment of a reassembled PDU]"
"35094","33.267419729","192.168.1.55","192.168.1.2","TCP","1514","8004  >  36170 [ACK] Seq=495406 Ack=141 Win=65024 Len=1448 TSval=2916037348 TSecr=3045557118 [TCP segment of a reassembled PDU]"
"35095","33.267421007","192.168.1.55","192.168.1.2","TCP","1514","8004  >  36170 [ACK] Seq=496854 Ack=141 Win=65024 Len=1448 TSval=2916037348 TSecr=3045557118 [TCP segment of a reassembled PDU]"
"35096","33.267422248","192.168.1.55","192.168.1.2","HTTP","1472","HTTP/1.0 200 OK  (PNG)"
"35097","33.267427451","192.168.1.2","192.168.1.55","TCP","66","36170  >  8004 [ACK] Seq=141 Ack=362190 Win=206848 Len=0 TSval=3045557122 TSecr=2916037340"
"35098","33.272545867","192.168.1.2","192.168.1.55","TCP","66","36170  >  8004 [ACK] Seq=141 Ack=491062 Win=78848 Len=0 TSval=3045557128 TSecr=2916037340"
"35099","33.273363368","192.168.1.2","192.168.1.55","TCP","66","36170  >  8004 [ACK] Seq=141 Ack=498302 Win=71680 Len=0 TSval=3045557128 TSecr=2916037348"
"35100","33.273755647","192.168.1.2","192.168.1.55","TCP","66","[TCP Window Update] 36170  >  8004 [ACK] Seq=141 Ack=498302 Win=161792 Len=0 TSval=3045557129 TSecr=2916037348"
"35101","33.274808759","192.168.1.2","192.168.1.55","TCP","66","36170  >  8004 [FIN, ACK] Seq=141 Ack=499709 Win=208896 Len=0 TSval=3045557129 TSecr=2916037348"
"35102","33.274826667","192.168.1.55","192.168.1.2","TCP","66","8004  >  36170 [ACK] Seq=499709 Ack=142 Win=65024 Len=0 TSval=2916037355 TSecr=3045557129"
"35103","33.274928649","192.168.1.2","192.168.1.55","TCP","74","36180  >  8004 [SYN] Seq=0 Win=64240 Len=0 MSS=1460 SACK_PERM TSval=3045557130 TSecr=0 WS=1024"
"35104","33.274965019","192.168.1.55","192.168.1.2","TCP","74","8004  >  36180 [SYN, ACK] Seq=0 Ack=1 Win=65160 Len=0 MSS=1460 SACK_PERM TSval=2916037355 TSecr=3045557130 WS=128"
"35105","33.279066544","192.168.1.2","192.168.1.55","TCP","66","36180  >  8004 [ACK] Seq=1 Ack=1 Win=64512 Len=0 TSval=3045557133 TSecr=2916037355"
"35106","33.282300475","192.168.1.2","192.168.1.55","HTTP","209","GET /original_benchmark.png HTTP/1.1 "
"35107","33.282325605","192.168.1.55","192.168.1.2","TCP","66","8004  >  36180 [ACK] Seq=1 Ack=144 Win=65024 Len=0 TSval=2916037363 TSecr=3045557134"
"35108","33.282786902","192.168.1.55","192.168.1.2","TCP","255","8004  >  36180 [PSH, ACK] Seq=1 Ack=144 Win=65024 Len=189 TSval=2916037363 TSecr=3045557134 [TCP segment of a reassembled PDU]"
"35109","33.282901198","192.168.1.55","192.168.1.2","TCP","1514","8004  >  36180 [ACK] Seq=190 Ack=144 Win=65024 Len=1448 TSval=2916037363 TSecr=3045557134 [TCP segment of a reassembled PDU]"
"35110","33.282907365","192.168.1.55","192.168.1.2","TCP","1514","8004  >  36180 [ACK] Seq=1638 Ack=144 Win=65024 Len=1448 TSval=2916037363 TSecr=3045557134 [TCP segment of a reassembled PDU]"
"35111","33.282909013","192.168.1.55","192.168.1.2","TCP","1514","8004  >  36180 [ACK] Seq=3086 Ack=144 Win=65024 Len=1448 TSval=2916037363 TSecr=3045557134 [TCP segment of a reassembled PDU]"
"35112","33.282909995","192.168.1.55","192.168.1.2","TCP","1514","8004  >  36180 [ACK] Seq=4534 Ack=144 Win=65024 Len=1448 TSval=2916037363 TSecr=3045557134 [TCP segment of a reassembled PDU]"
"35113","33.282911050","192.168.1.55","192.168.1.2","TCP","1514","8004  >  36180 [PSH, ACK] Seq=5982 Ack=144 Win=65024 Len=1448 TSval=2916037363 TSecr=3045557134 [TCP segment of a reassembled PDU]"
"35114","33.282931661","192.168.1.55","192.168.1.2","TCP","1514","8004  >  36180 [ACK] Seq=7430 Ack=144 Win=65024 Len=1448 TSval=2916037363 TSecr=3045557134 [TCP segment of a reassembled PDU]"
"35115","33.282933995","192.168.1.55","192.168.1.2","TCP","1514","8004  >  36180 [ACK] Seq=8878 Ack=144 Win=65024 Len=1448 TSval=2916037363 TSecr=3045557134 [TCP segment of a reassembled PDU]"
"35116","33.282935069","192.168.1.55","192.168.1.2","TCP","1514","8004  >  36180 [ACK] Seq=10326 Ack=144 Win=65024 Len=1448 TSval=2916037363 TSecr=3045557134 [TCP segment of a reassembled PDU]"
"35117","33.282936495","192.168.1.55","192.168.1.2","TCP","1514","8004  >  36180 [PSH, ACK] Seq=11774 Ack=144 Win=65024 Len=1448 TSval=2916037363 TSecr=3045557134 [TCP segment of a reassembled PDU]"
"35118","33.286336148","192.168.1.2","192.168.1.55","TCP","66","36180  >  8004 [ACK] Seq=144 Ack=190 Win=64512 Len=0 TSval=3045557141 TSecr=2916037363"
"35119","33.286407000","192.168.1.55","192.168.1.2","TCP","1514","8004  >  36180 [ACK] Seq=13222 Ack=144 Win=65024 Len=1448 TSval=2916037367 TSecr=3045557141 [TCP segment of a reassembled PDU]"
"35120","33.286413333","192.168.1.55","192.168.1.2","TCP","1514","8004  >  36180 [PSH, ACK] Seq=14670 Ack=144 Win=65024 Len=1448 TSval=2916037367 TSecr=3045557141 [TCP segment of a reassembled PDU]"
"35121","33.286463130","192.168.1.2","192.168.1.55","TCP","66","36180  >  8004 [ACK] Seq=144 Ack=4534 Win=64512 Len=0 TSval=3045557141 TSecr=2916037363"
"35122","33.286507074","192.168.1.55","192.168.1.2","TCP","1514","8004  >  36180 [ACK] Seq=16118 Ack=144 Win=65024 Len=1448 TSval=2916037367 TSecr=3045557141 [TCP segment of a reassembled PDU]"
"35123","33.286511297","192.168.1.55","192.168.1.2","TCP","1514","8004  >  36180 [ACK] Seq=17566 Ack=144 Win=65024 Len=1448 TSval=2916037367 TSecr=3045557141 [TCP segment of a reassembled PDU]"
"35124","33.286512537","192.168.1.55","192.168.1.2","TCP","1514","8004  >  36180 [ACK] Seq=19014 Ack=144 Win=65024 Len=1448 TSval=2916037367 TSecr=3045557141 [TCP segment of a reassembled PDU]"
"35125","33.286513685","192.168.1.55","192.168.1.2","TCP","1514","8004  >  36180 [ACK] Seq=20462 Ack=144 Win=65024 Len=1448 TSval=2916037367 TSecr=3045557141 [TCP segment of a reassembled PDU]"
"35126","33.286514797","192.168.1.55","192.168.1.2","TCP","1514","8004  >  36180 [ACK] Seq=21910 Ack=144 Win=65024 Len=1448 TSval=2916037367 TSecr=3045557141 [TCP segment of a reassembled PDU]"
"35127","33.286515852","192.168.1.55","192.168.1.2","TCP","1514","8004  >  36180 [PSH, ACK] Seq=23358 Ack=144 Win=65024 Len=1448 TSval=2916037367 TSecr=3045557141 [TCP segment of a reassembled PDU]"
"35128","33.287708798","192.168.1.2","192.168.1.55","TCP","66","36180  >  8004 [ACK] Seq=144 Ack=7430 Win=67584 Len=0 TSval=3045557142 TSecr=2916037363"
"35129","33.287821613","192.168.1.55","192.168.1.2","TCP","1514","8004  >  36180 [ACK] Seq=24806 Ack=144 Win=65024 Len=1448 TSval=2916037368 TSecr=3045557142 [TCP segment of a reassembled PDU]"
"35130","33.287836817","192.168.1.55","192.168.1.2","TCP","1514","8004  >  36180 [ACK] Seq=26254 Ack=144 Win=65024 Len=1448 TSval=2916037368 TSecr=3045557142 [TCP segment of a reassembled PDU]"
"35131","33.287839095","192.168.1.55","192.168.1.2","TCP","1514","8004  >  36180 [ACK] Seq=27702 Ack=144 Win=65024 Len=1448 TSval=2916037368 TSecr=3045557142 [TCP segment of a reassembled PDU]"
"35132","33.287841114","192.168.1.55","192.168.1.2","TCP","1514","8004  >  36180 [PSH, ACK] Seq=29150 Ack=144 Win=65024 Len=1448 TSval=2916037368 TSecr=3045557142 [TCP segment of a reassembled PDU]"
"35133","33.288906226","192.168.1.2","192.168.1.55","TCP","66","36180  >  8004 [ACK] Seq=144 Ack=13222 Win=63488 Len=0 TSval=3045557142 TSecr=2916037363"
"35134","33.288956115","192.168.1.55","192.168.1.2","TCP","1514","8004  >  36180 [ACK] Seq=30598 Ack=144 Win=65024 Len=1448 TSval=2916037369 TSecr=3045557142 [TCP segment of a reassembled PDU]"
"35135","33.288960060","192.168.1.55","192.168.1.2","TCP","1514","8004  >  36180 [ACK] Seq=32046 Ack=144 Win=65024 Len=1448 TSval=2916037369 TSecr=3045557142 [TCP segment of a reassembled PDU]"
"35136","33.288961652","192.168.1.55","192.168.1.2","TCP","1514","8004  >  36180 [ACK] Seq=33494 Ack=144 Win=65024 Len=1448 TSval=2916037369 TSecr=3045557142 [TCP segment of a reassembled PDU]"
"35137","33.288962763","192.168.1.55","192.168.1.2","TCP","1514","8004  >  36180 [ACK] Seq=34942 Ack=144 Win=65024 Len=1448 TSval=2916037369 TSecr=3045557142 [TCP segment of a reassembled PDU]"
"35138","33.288963782","192.168.1.55","192.168.1.2","TCP","1514","8004  >  36180 [ACK] Seq=36390 Ack=144 Win=65024 Len=1448 TSval=2916037369 TSecr=3045557142 [TCP segment of a reassembled PDU]"
"35139","33.288964893","192.168.1.55","192.168.1.2","TCP","1514","8004  >  36180 [ACK] Seq=37838 Ack=144 Win=65024 Len=1448 TSval=2916037369 TSecr=3045557142 [TCP segment of a reassembled PDU]"
"35140","33.288966263","192.168.1.55","192.168.1.2","TCP","1514","8004  >  36180 [ACK] Seq=39286 Ack=144 Win=65024 Len=1448 TSval=2916037369 TSecr=3045557142 [TCP segment of a reassembled PDU]"
"35141","33.288967412","192.168.1.55","192.168.1.2","TCP","1514","8004  >  36180 [PSH, ACK] Seq=40734 Ack=144 Win=65024 Len=1448 TSval=2916037369 TSecr=3045557142 [TCP segment of a reassembled PDU]"
"35142","33.291204082","192.168.1.2","192.168.1.55","TCP","66","36180  >  8004 [ACK] Seq=144 Ack=16118 Win=67584 Len=0 TSval=3045557144 TSecr=2916037367"
"35143","33.291259897","192.168.1.55","192.168.1.2","TCP","1514","8004  >  36180 [ACK] Seq=42182 Ack=144 Win=65024 Len=1448 TSval=2916037371 TSecr=3045557144 [TCP segment of a reassembled PDU]"
"35144","33.291264323","192.168.1.55","192.168.1.2","TCP","1514","8004  >  36180 [PSH, ACK] Seq=43630 Ack=144 Win=65024 Len=1448 TSval=2916037371 TSecr=3045557144 [TCP segment of a reassembled PDU]"
"35145","33.292879103","192.168.1.2","192.168.1.55","TCP","66","36180  >  8004 [ACK] Seq=144 Ack=24806 Win=63488 Len=0 TSval=3045557146 TSecr=2916037367"
"35146","33.292946548","192.168.1.55","192.168.1.2","TCP","1514","8004  >  36180 [ACK] Seq=45078 Ack=144 Win=65024 Len=1448 TSval=2916037373 TSecr=3045557146 [TCP segment of a reassembled PDU]"
"35147","33.292953751","192.168.1.55","192.168.1.2","TCP","1514","8004  >  36180 [ACK] Seq=46526 Ack=144 Win=65024 Len=1448 TSval=2916037373 TSecr=3045557146 [TCP segment of a reassembled PDU]"
"35148","33.292954659","192.168.1.55","192.168.1.2","TCP","1514","8004  >  36180 [ACK] Seq=47974 Ack=144 Win=65024 Len=1448 TSval=2916037373 TSecr=3045557146 [TCP segment of a reassembled PDU]"
"35149","33.292955881","192.168.1.55","192.168.1.2","TCP","1514","8004  >  36180 [ACK] Seq=49422 Ack=144 Win=65024 Len=1448 TSval=2916037373 TSecr=3045557146 [TCP segment of a reassembled PDU]"
"35150","33.292957029","192.168.1.55","192.168.1.2","TCP","1514","8004  >  36180 [ACK] Seq=50870 Ack=144 Win=65024 Len=1448 TSval=2916037373 TSecr=3045557146 [TCP segment of a reassembled PDU]"
"35151","33.292957992","192.168.1.55","192.168.1.2","TCP","1514","8004  >  36180 [ACK] Seq=52318 Ack=144 Win=65024 Len=1448 TSval=2916037373 TSecr=3045557146 [TCP segment of a reassembled PDU]"
"35152","33.292959362","192.168.1.55","192.168.1.2","TCP","1514","8004  >  36180 [ACK] Seq=53766 Ack=144 Win=65024 Len=1448 TSval=2916037373 TSecr=3045557146 [TCP segment of a reassembled PDU]"
"35153","33.292961029","192.168.1.55","192.168.1.2","TCP","1514","8004  >  36180 [ACK] Seq=55214 Ack=144 Win=65024 Len=1448 TSval=2916037373 TSecr=3045557146 [TCP segment of a reassembled PDU]"
"35154","33.292962214","192.168.1.55","192.168.1.2","TCP","1514","8004  >  36180 [ACK] Seq=56662 Ack=144 Win=65024 Len=1448 TSval=2916037373 TSecr=3045557146 [TCP segment of a reassembled PDU]"
"35155","33.292963548","192.168.1.55","192.168.1.2","TCP","1514","8004  >  36180 [ACK] Seq=58110 Ack=144 Win=65024 Len=1448 TSval=2916037373 TSecr=3045557146 [TCP segment of a reassembled PDU]"
"35156","33.292964881","192.168.1.55","192.168.1.2","TCP","1514","8004  >  36180 [ACK] Seq=59558 Ack=144 Win=65024 Len=1448 TSval=2916037373 TSecr=3045557146 [TCP segment of a reassembled PDU]"
"35157","33.292967288","192.168.1.55","192.168.1.2","TCP","1514","8004  >  36180 [ACK] Seq=61006 Ack=144 Win=65024 Len=1448 TSval=2916037373 TSecr=3045557146 [TCP segment of a reassembled PDU]"
"35158","33.292968825","192.168.1.55","192.168.1.2","TCP","1514","8004  >  36180 [ACK] Seq=62454 Ack=144 Win=65024 Len=1448 TSval=2916037373 TSecr=3045557146 [TCP segment of a reassembled PDU]"
"35159","33.292970288","192.168.1.55","192.168.1.2","TCP","1514","8004  >  36180 [PSH, ACK] Seq=63902 Ack=144 Win=65024 Len=1448 TSval=2916037373 TSecr=3045557146 [TCP segment of a reassembled PDU]"
"35160","33.293004381","192.168.1.2","192.168.1.55","TCP","66","36180  >  8004 [ACK] Seq=144 Ack=30598 Win=59392 Len=0 TSval=3045557146 TSecr=2916037368"
"35161","33.293032603","192.168.1.55","192.168.1.2","TCP","1514","8004  >  36180 [ACK] Seq=65350 Ack=144 Win=65024 Len=1448 TSval=2916037373 TSecr=3045557146 [TCP segment of a reassembled PDU]"
"35162","33.293035751","192.168.1.55","192.168.1.2","TCP","1514","8004  >  36180 [ACK] Seq=66798 Ack=144 Win=65024 Len=1448 TSval=2916037373 TSecr=3045557146 [TCP segment of a reassembled PDU]"
"35163","33.293036844","192.168.1.55","192.168.1.2","TCP","1514","8004  >  36180 [ACK] Seq=68246 Ack=144 Win=65024 Len=1448 TSval=2916037373 TSecr=3045557146 [TCP segment of a reassembled PDU]"
"35164","33.293037955","192.168.1.55","192.168.1.2","TCP","1514","8004  >  36180 [ACK] Seq=69694 Ack=144 Win=65024 Len=1448 TSval=2916037373 TSecr=3045557146 [TCP segment of a reassembled PDU]"
"35165","33.293039011","192.168.1.55","192.168.1.2","TCP","1514","8004  >  36180 [ACK] Seq=71142 Ack=144 Win=65024 Len=1448 TSval=2916037373 TSecr=3045557146 [TCP segment of a reassembled PDU]"
"35166","33.293040400","192.168.1.55","192.168.1.2","TCP","1514","8004  >  36180 [ACK] Seq=72590 Ack=144 Win=65024 Len=1448 TSval=2916037373 TSecr=3045557146 [TCP segment of a reassembled PDU]"
"35167","33.293041529","192.168.1.55","192.168.1.2","TCP","1514","8004  >  36180 [ACK] Seq=74038 Ack=144 Win=65024 Len=1448 TSval=2916037373 TSecr=3045557146 [TCP segment of a reassembled PDU]"
"35168","33.293043437","192.168.1.55","192.168.1.2","TCP","1514","8004  >  36180 [PSH, ACK] Seq=75486 Ack=144 Win=65024 Len=1448 TSval=2916037373 TSecr=3045557146 [TCP segment of a reassembled PDU]"
"35169","33.294839439","192.168.1.2","192.168.1.55","TCP","66","36180  >  8004 [ACK] Seq=144 Ack=34942 Win=65536 Len=0 TSval=3045557148 TSecr=2916037369"
"35170","33.294896977","192.168.1.55","192.168.1.2","TCP","1514","8004  >  36180 [ACK] Seq=76934 Ack=144 Win=65024 Len=1448 TSval=2916037375 TSecr=3045557148 [TCP segment of a reassembled PDU]"
"35171","33.294904736","192.168.1.55","192.168.1.2","TCP","1514","8004  >  36180 [ACK] Seq=78382 Ack=144 Win=65024 Len=1448 TSval=2916037375 TSecr=3045557148 [TCP segment of a reassembled PDU]"
"35172","33.294906051","192.168.1.55","192.168.1.2","TCP","1514","8004  >  36180 [PSH, ACK] Seq=79830 Ack=144 Win=65024 Len=1448 TSval=2916037375 TSecr=3045557148 [TCP segment of a reassembled PDU]"
"35173","33.294941680","192.168.1.2","192.168.1.55","TCP","66","36180  >  8004 [ACK] Seq=144 Ack=42182 Win=63488 Len=0 TSval=3045557148 TSecr=2916037369"
"35174","33.300148892","192.168.1.2","192.168.1.55","TCP","66","36180  >  8004 [ACK] Seq=144 Ack=43630 Win=66560 Len=0 TSval=3045557149 TSecr=2916037371"
"35175","33.300260726","192.168.1.55","192.168.1.2","TCP","1514","8004  >  36180 [ACK] Seq=81278 Ack=144 Win=65024 Len=1448 TSval=2916037380 TSecr=3045557149 [TCP segment of a reassembled PDU]"
"35176","33.300268541","192.168.1.55","192.168.1.2","TCP","1514","8004  >  36180 [ACK] Seq=82726 Ack=144 Win=65024 Len=1448 TSval=2916037380 TSecr=3045557149 [TCP segment of a reassembled PDU]"
"35177","33.300269967","192.168.1.55","192.168.1.2","TCP","1514","8004  >  36180 [ACK] Seq=84174 Ack=144 Win=65024 Len=1448 TSval=2916037380 TSecr=3045557149 [TCP segment of a reassembled PDU]"
"35178","33.300272355","192.168.1.55","192.168.1.2","TCP","1514","8004  >  36180 [ACK] Seq=85622 Ack=144 Win=65024 Len=1448 TSval=2916037380 TSecr=3045557149 [TCP segment of a reassembled PDU]"
"35179","33.300273818","192.168.1.55","192.168.1.2","TCP","1514","8004  >  36180 [ACK] Seq=87070 Ack=144 Win=65024 Len=1448 TSval=2916037380 TSecr=3045557149 [TCP segment of a reassembled PDU]"
"35180","33.300274930","192.168.1.55","192.168.1.2","TCP","1514","8004  >  36180 [PSH, ACK] Seq=88518 Ack=144 Win=65024 Len=1448 TSval=2916037380 TSecr=3045557149 [TCP segment of a reassembled PDU]"
"35181","33.300353207","192.168.1.2","192.168.1.55","TCP","66","36180  >  8004 [ACK] Seq=144 Ack=45078 Win=66560 Len=0 TSval=3045557150 TSecr=2916037371"
"35182","33.300363911","192.168.1.2","192.168.1.55","TCP","66","36180  >  8004 [ACK] Seq=144 Ack=49422 Win=64512 Len=0 TSval=3045557152 TSecr=2916037373"
"35183","33.300369189","192.168.1.2","192.168.1.55","TCP","66","36180  >  8004 [ACK] Seq=144 Ack=65350 Win=58368 Len=0 TSval=3045557152 TSecr=2916037373"
"35184","33.300409300","192.168.1.55","192.168.1.2","TCP","1514","8004  >  36180 [ACK] Seq=89966 Ack=144 Win=65024 Len=1448 TSval=2916037381 TSecr=3045557152 [TCP segment of a reassembled PDU]"
"35185","33.300413689","192.168.1.55","192.168.1.2","TCP","1514","8004  >  36180 [ACK] Seq=91414 Ack=144 Win=65024 Len=1448 TSval=2916037381 TSecr=3045557152 [TCP segment of a reassembled PDU]"
"35186","33.300414671","192.168.1.55","192.168.1.2","TCP","1514","8004  >  36180 [ACK] Seq=92862 Ack=144 Win=65024 Len=1448 TSval=2916037381 TSecr=3045557152 [TCP segment of a reassembled PDU]"
"35187","33.300416171","192.168.1.55","192.168.1.2","TCP","1514","8004  >  36180 [ACK] Seq=94310 Ack=144 Win=65024 Len=1448 TSval=2916037381 TSecr=3045557152 [TCP segment of a reassembled PDU]"
"35188","33.300417467","192.168.1.55","192.168.1.2","TCP","1514","8004  >  36180 [ACK] Seq=95758 Ack=144 Win=65024 Len=1448 TSval=2916037381 TSecr=3045557152 [TCP segment of a reassembled PDU]"
"35189","33.300418559","192.168.1.55","192.168.1.2","TCP","1514","8004  >  36180 [ACK] Seq=97206 Ack=144 Win=65024 Len=1448 TSval=2916037381 TSecr=3045557152 [TCP segment of a reassembled PDU]"
"35190","33.300420411","192.168.1.55","192.168.1.2","TCP","1514","8004  >  36180 [ACK] Seq=98654 Ack=144 Win=65024 Len=1448 TSval=2916037381 TSecr=3045557152 [TCP segment of a reassembled PDU]"
"35191","33.300421726","192.168.1.55","192.168.1.2","TCP","1514","8004  >  36180 [ACK] Seq=100102 Ack=144 Win=65024 Len=1448 TSval=2916037381 TSecr=3045557152 [TCP segment of a reassembled PDU]"
"35192","33.300423411","192.168.1.55","192.168.1.2","TCP","1514","8004  >  36180 [ACK] Seq=101550 Ack=144 Win=65024 Len=1448 TSval=2916037381 TSecr=3045557152 [TCP segment of a reassembled PDU]"
"35193","33.300424411","192.168.1.55","192.168.1.2","TCP","1514","8004  >  36180 [ACK] Seq=102998 Ack=144 Win=65024 Len=1448 TSval=2916037381 TSecr=3045557152 [TCP segment of a reassembled PDU]"
"35194","33.300434115","192.168.1.55","192.168.1.2","TCP","1514","8004  >  36180 [ACK] Seq=104446 Ack=144 Win=65024 Len=1448 TSval=2916037381 TSecr=3045557152 [TCP segment of a reassembled PDU]"
"35195","33.300437059","192.168.1.55","192.168.1.2","TCP","1514","8004  >  36180 [ACK] Seq=105894 Ack=144 Win=65024 Len=1448 TSval=2916037381 TSecr=3045557152 [TCP segment of a reassembled PDU]"
"35196","33.300438652","192.168.1.55","192.168.1.2","TCP","1514","8004  >  36180 [ACK] Seq=107342 Ack=144 Win=65024 Len=1448 TSval=2916037381 TSecr=3045557152 [TCP segment of a reassembled PDU]"
"35197","33.300439578","192.168.1.55","192.168.1.2","TCP","1514","8004  >  36180 [PSH, ACK] Seq=108790 Ack=144 Win=65024 Len=1448 TSval=2916037381 TSecr=3045557152 [TCP segment of a reassembled PDU]"
"35198","33.300446171","192.168.1.2","192.168.1.55","TCP","66","36180  >  8004 [ACK] Seq=144 Ack=71142 Win=53248 Len=0 TSval=3045557152 TSecr=2916037373"
"35199","33.304657955","192.168.1.2","192.168.1.55","TCP","66","36180  >  8004 [ACK] Seq=144 Ack=72590 Win=66560 Len=0 TSval=3045557157 TSecr=2916037373"
"35200","33.304707122","192.168.1.55","192.168.1.2","TCP","1514","8004  >  36180 [ACK] Seq=110238 Ack=144 Win=65024 Len=1448 TSval=2916037385 TSecr=3045557157 [TCP segment of a reassembled PDU]"
"35201","33.304712196","192.168.1.55","192.168.1.2","TCP","1514","8004  >  36180 [ACK] Seq=111686 Ack=144 Win=65024 Len=1448 TSval=2916037385 TSecr=3045557157 [TCP segment of a reassembled PDU]"
"35202","33.304713159","192.168.1.55","192.168.1.2","TCP","1514","8004  >  36180 [ACK] Seq=113134 Ack=144 Win=65024 Len=1448 TSval=2916037385 TSecr=3045557157 [TCP segment of a reassembled PDU]"
"35203","33.304714437","192.168.1.55","192.168.1.2","TCP","1514","8004  >  36180 [ACK] Seq=114582 Ack=144 Win=65024 Len=1448 TSval=2916037385 TSecr=3045557157 [TCP segment of a reassembled PDU]"
"35204","33.304716770","192.168.1.55","192.168.1.2","TCP","1514","8004  >  36180 [ACK] Seq=116030 Ack=144 Win=65024 Len=1448 TSval=2916037385 TSecr=3045557157 [TCP segment of a reassembled PDU]"
"35205","33.304718326","192.168.1.55","192.168.1.2","TCP","1514","8004  >  36180 [ACK] Seq=117478 Ack=144 Win=65024 Len=1448 TSval=2916037385 TSecr=3045557157 [TCP segment of a reassembled PDU]"
"35206","33.304719381","192.168.1.55","192.168.1.2","TCP","1514","8004  >  36180 [PSH, ACK] Seq=118926 Ack=144 Win=65024 Len=1448 TSval=2916037385 TSecr=3045557157 [TCP segment of a reassembled PDU]"
"35207","33.304772214","192.168.1.2","192.168.1.55","TCP","66","36180  >  8004 [ACK] Seq=144 Ack=76934 Win=66560 Len=0 TSval=3045557157 TSecr=2916037373"
"35208","33.304780714","192.168.1.2","192.168.1.55","TCP","66","36180  >  8004 [ACK] Seq=144 Ack=81278 Win=63488 Len=0 TSval=3045557157 TSecr=2916037375"
"35209","33.305671568","192.168.1.2","192.168.1.55","TCP","66","36180  >  8004 [ACK] Seq=144 Ack=85622 Win=64512 Len=0 TSval=3045557159 TSecr=2916037380"
"35210","33.305799179","192.168.1.2","192.168.1.55","TCP","66","36180  >  8004 [ACK] Seq=144 Ack=89966 Win=66560 Len=0 TSval=3045557160 TSecr=2916037380"
"35211","33.305823401","192.168.1.55","192.168.1.2","TCP","1514","8004  >  36180 [ACK] Seq=120374 Ack=144 Win=65024 Len=1448 TSval=2916037386 TSecr=3045557160 [TCP segment of a reassembled PDU]"
"35212","33.305825883","192.168.1.55","192.168.1.2","TCP","1514","8004  >  36180 [ACK] Seq=121822 Ack=144 Win=65024 Len=1448 TSval=2916037386 TSecr=3045557160 [TCP segment of a reassembled PDU]"
"35213","33.305828105","192.168.1.55","192.168.1.2","TCP","1514","8004  >  36180 [ACK] Seq=123270 Ack=144 Win=65024 Len=1448 TSval=2916037386 TSecr=3045557160 [TCP segment of a reassembled PDU]"
"35214","33.305829512","192.168.1.55","192.168.1.2","TCP","1514","8004  >  36180 [ACK] Seq=124718 Ack=144 Win=65024 Len=1448 TSval=2916037386 TSecr=3045557160 [TCP segment of a reassembled PDU]"
"35215","33.305830938","192.168.1.55","192.168.1.2","TCP","1514","8004  >  36180 [ACK] Seq=126166 Ack=144 Win=65024 Len=1448 TSval=2916037386 TSecr=3045557160 [TCP segment of a reassembled PDU]"
"35216","33.305833235","192.168.1.55","192.168.1.2","TCP","1514","8004  >  36180 [ACK] Seq=127614 Ack=144 Win=65024 Len=1448 TSval=2916037386 TSecr=3045557160 [TCP segment of a reassembled PDU]"
"35217","33.305835235","192.168.1.55","192.168.1.2","TCP","1514","8004  >  36180 [ACK] Seq=129062 Ack=144 Win=65024 Len=1448 TSval=2916037386 TSecr=3045557160 [TCP segment of a reassembled PDU]"
"35218","33.305836531","192.168.1.55","192.168.1.2","TCP","1514","8004  >  36180 [ACK] Seq=130510 Ack=144 Win=65024 Len=1448 TSval=2916037386 TSecr=3045557160 [TCP segment of a reassembled PDU]"
"35219","33.305839475","192.168.1.55","192.168.1.2","TCP","1514","8004  >  36180 [ACK] Seq=131958 Ack=144 Win=65024 Len=1448 TSval=2916037386 TSecr=3045557160 [TCP segment of a reassembled PDU]"
"35220","33.305841105","192.168.1.55","192.168.1.2","TCP","1514","8004  >  36180 [ACK] Seq=133406 Ack=144 Win=65024 Len=1448 TSval=2916037386 TSecr=3045557160 [TCP segment of a reassembled PDU]"
"35221","33.305842790","192.168.1.55","192.168.1.2","TCP","1514","8004  >  36180 [ACK] Seq=134854 Ack=144 Win=65024 Len=1448 TSval=2916037386 TSecr=3045557160 [TCP segment of a reassembled PDU]"
"35222","33.305845827","192.168.1.55","192.168.1.2","TCP","1514","8004  >  36180 [ACK] Seq=136302 Ack=144 Win=65024 Len=1448 TSval=2916037386 TSecr=3045557160 [TCP segment of a reassembled PDU]"
"35223","33.305847475","192.168.1.55","192.168.1.2","TCP","1514","8004  >  36180 [PSH, ACK] Seq=137750 Ack=144 Win=65024 Len=1448 TSval=2916037386 TSecr=3045557160 [TCP segment of a reassembled PDU]"
"35224","33.305853012","192.168.1.2","192.168.1.55","TCP","66","36180  >  8004 [ACK] Seq=144 Ack=107342 Win=53248 Len=0 TSval=3045557160 TSecr=2916037381"
"35225","33.306380402","192.168.1.55","192.168.1.2","TCP","1514","8004  >  36180 [ACK] Seq=139198 Ack=144 Win=65024 Len=1448 TSval=2916037387 TSecr=3045557160 [TCP segment of a reassembled PDU]"
"35226","33.306381995","192.168.1.55","192.168.1.2","TCP","1514","8004  >  36180 [ACK] Seq=140646 Ack=144 Win=65024 Len=1448 TSval=2916037387 TSecr=3045557160 [TCP segment of a reassembled PDU]"
"35227","33.306384754","192.168.1.55","192.168.1.2","TCP","1514","8004  >  36180 [PSH, ACK] Seq=142094 Ack=144 Win=65024 Len=1448 TSval=2916037387 TSecr=3045557160 [TCP segment of a reassembled PDU]"
"35228","33.309388870","192.168.1.2","192.168.1.55","TCP","66","36180  >  8004 [ACK] Seq=144 Ack=110238 Win=66560 Len=0 TSval=3045557161 TSecr=2916037381"
"35229","33.309404055","192.168.1.55","192.168.1.2","TCP","1514","8004  >  36180 [ACK] Seq=143542 Ack=144 Win=65024 Len=1448 TSval=2916037390 TSecr=3045557161 [TCP segment of a reassembled PDU]"
"35230","33.309406148","192.168.1.55","192.168.1.2","TCP","1514","8004  >  36180 [ACK] Seq=144990 Ack=144 Win=65024 Len=1448 TSval=2916037390 TSecr=3045557161 [TCP segment of a reassembled PDU]"
"35231","33.309407351","192.168.1.55","192.168.1.2","TCP","1514","8004  >  36180 [ACK] Seq=146438 Ack=144 Win=65024 Len=1448 TSval=2916037390 TSecr=3045557161 [TCP segment of a reassembled PDU]"
"35232","33.309408444","192.168.1.55","192.168.1.2","TCP","1514","8004  >  36180 [ACK] Seq=147886 Ack=144 Win=65024 Len=1448 TSval=2916037390 TSecr=3045557161 [TCP segment of a reassembled PDU]"
"35233","33.309409537","192.168.1.55","192.168.1.2","TCP","1514","8004  >  36180 [ACK] Seq=149334 Ack=144 Win=65024 Len=1448 TSval=2916037390 TSecr=3045557161 [TCP segment of a reassembled PDU]"
"35234","33.309410796","192.168.1.55","192.168.1.2","TCP","1514","8004  >  36180 [ACK] Seq=150782 Ack=144 Win=65024 Len=1448 TSval=2916037390 TSecr=3045557161 [TCP segment of a reassembled PDU]"
"35235","33.309411889","192.168.1.55","192.168.1.2","TCP","1514","8004  >  36180 [ACK] Seq=152230 Ack=144 Win=65024 Len=1448 TSval=2916037390 TSecr=3045557161 [TCP segment of a reassembled PDU]"
"35236","33.309413074","192.168.1.55","192.168.1.2","TCP","1514","8004  >  36180 [ACK] Seq=153678 Ack=144 Win=65024 Len=1448 TSval=2916037390 TSecr=3045557161 [TCP segment of a reassembled PDU]"
"35237","33.309414166","192.168.1.55","192.168.1.2","TCP","1514","8004  >  36180 [ACK] Seq=155126 Ack=144 Win=65024 Len=1448 TSval=2916037390 TSecr=3045557161 [TCP segment of a reassembled PDU]"
"35238","33.309415351","192.168.1.55","192.168.1.2","TCP","1514","8004  >  36180 [ACK] Seq=156574 Ack=144 Win=65024 Len=1448 TSval=2916037390 TSecr=3045557161 [TCP segment of a reassembled PDU]"
"35239","33.309416518","192.168.1.55","192.168.1.2","TCP","1514","8004  >  36180 [PSH, ACK] Seq=158022 Ack=144 Win=65024 Len=1448 TSval=2916037390 TSecr=3045557161 [TCP segment of a reassembled PDU]"
"35240","33.309892815","192.168.1.2","192.168.1.55","TCP","66","36180  >  8004 [ACK] Seq=144 Ack=143542 Win=45056 Len=0 TSval=3045557164 TSecr=2916037385"
"35241","33.309910315","192.168.1.55","192.168.1.2","TCP","1514","8004  >  36180 [ACK] Seq=159470 Ack=144 Win=65024 Len=1448 TSval=2916037390 TSecr=3045557164 [TCP segment of a reassembled PDU]"
"35242","33.309911834","192.168.1.55","192.168.1.2","TCP","1514","8004  >  36180 [ACK] Seq=160918 Ack=144 Win=65024 Len=1448 TSval=2916037390 TSecr=3045557164 [TCP segment of a reassembled PDU]"
"35243","33.309913093","192.168.1.55","192.168.1.2","TCP","1514","8004  >  36180 [ACK] Seq=162366 Ack=144 Win=65024 Len=1448 TSval=2916037390 TSecr=3045557164 [TCP segment of a reassembled PDU]"
"35244","33.309914223","192.168.1.55","192.168.1.2","TCP","1514","8004  >  36180 [ACK] Seq=163814 Ack=144 Win=65024 Len=1448 TSval=2916037390 TSecr=3045557164 [TCP segment of a reassembled PDU]"
"35245","33.309915426","192.168.1.55","192.168.1.2","TCP","1514","8004  >  36180 [ACK] Seq=165262 Ack=144 Win=65024 Len=1448 TSval=2916037390 TSecr=3045557164 [TCP segment of a reassembled PDU]"
"35246","33.309917019","192.168.1.55","192.168.1.2","TCP","1514","8004  >  36180 [ACK] Seq=166710 Ack=144 Win=65024 Len=1448 TSval=2916037390 TSecr=3045557164 [TCP segment of a reassembled PDU]"
"35247","33.309918167","192.168.1.55","192.168.1.2","TCP","1514","8004  >  36180 [ACK] Seq=168158 Ack=144 Win=65024 Len=1448 TSval=2916037390 TSecr=3045557164 [TCP segment of a reassembled PDU]"
"35248","33.309919278","192.168.1.55","192.168.1.2","TCP","1514","8004  >  36180 [ACK] Seq=169606 Ack=144 Win=65024 Len=1448 TSval=2916037390 TSecr=3045557164 [TCP segment of a reassembled PDU]"
"35249","33.309920389","192.168.1.55","192.168.1.2","TCP","1514","8004  >  36180 [ACK] Seq=171054 Ack=144 Win=65024 Len=1448 TSval=2916037390 TSecr=3045557164 [TCP segment of a reassembled PDU]"
"35250","33.309921612","192.168.1.55","192.168.1.2","TCP","1514","8004  >  36180 [ACK] Seq=172502 Ack=144 Win=65024 Len=1448 TSval=2916037390 TSecr=3045557164 [TCP segment of a reassembled PDU]"
"35251","33.309922741","192.168.1.55","192.168.1.2","TCP","1514","8004  >  36180 [ACK] Seq=173950 Ack=144 Win=65024 Len=1448 TSval=2916037390 TSecr=3045557164 [TCP segment of a reassembled PDU]"
"35252","33.309923945","192.168.1.55","192.168.1.2","TCP","1514","8004  >  36180 [PSH, ACK] Seq=175398 Ack=144 Win=65024 Len=1448 TSval=2916037390 TSecr=3045557164 [TCP segment of a reassembled PDU]"
"35253","33.310392890","192.168.1.55","192.168.1.2","TCP","1514","8004  >  36180 [ACK] Seq=176846 Ack=144 Win=65024 Len=1448 TSval=2916037391 TSecr=3045557164 [TCP segment of a reassembled PDU]"
"35254","33.310394483","192.168.1.55","192.168.1.2","TCP","1514","8004  >  36180 [ACK] Seq=178294 Ack=144 Win=65024 Len=1448 TSval=2916037391 TSecr=3045557164 [TCP segment of a reassembled PDU]"
"35255","33.310395686","192.168.1.55","192.168.1.2","TCP","1514","8004  >  36180 [ACK] Seq=179742 Ack=144 Win=65024 Len=1448 TSval=2916037391 TSecr=3045557164 [TCP segment of a reassembled PDU]"
"35256","33.310396872","192.168.1.55","192.168.1.2","TCP","1514","8004  >  36180 [ACK] Seq=181190 Ack=144 Win=65024 Len=1448 TSval=2916037391 TSecr=3045557164 [TCP segment of a reassembled PDU]"
"35257","33.310398038","192.168.1.55","192.168.1.2","TCP","1514","8004  >  36180 [ACK] Seq=182638 Ack=144 Win=65024 Len=1448 TSval=2916037391 TSecr=3045557164 [TCP segment of a reassembled PDU]"
"35258","33.310399205","192.168.1.55","192.168.1.2","TCP","1514","8004  >  36180 [ACK] Seq=184086 Ack=144 Win=65024 Len=1448 TSval=2916037391 TSecr=3045557164 [TCP segment of a reassembled PDU]"
"35259","33.310400297","192.168.1.55","192.168.1.2","TCP","1514","8004  >  36180 [ACK] Seq=185534 Ack=144 Win=65024 Len=1448 TSval=2916037391 TSecr=3045557164 [TCP segment of a reassembled PDU]"
"35260","33.310401501","192.168.1.55","192.168.1.2","TCP","1514","8004  >  36180 [ACK] Seq=186982 Ack=144 Win=65024 Len=1448 TSval=2916037391 TSecr=3045557164 [TCP segment of a reassembled PDU]"
"35261","33.310402983","192.168.1.55","192.168.1.2","TCP","234","[TCP Window Full] 8004  >  36180 [PSH, ACK] Seq=188430 Ack=144 Win=65024 Len=168 TSval=2916037391 TSecr=3045557164 [TCP segment of a reassembled PDU]"
"35262","33.314182155","192.168.1.2","192.168.1.55","TCP","66","36180  >  8004 [ACK] Seq=144 Ack=155126 Win=58368 Len=0 TSval=3045557167 TSecr=2916037390"
"35263","33.314198618","192.168.1.55","192.168.1.2","TCP","1514","8004  >  36180 [ACK] Seq=188598 Ack=144 Win=65024 Len=1448 TSval=2916037394 TSecr=3045557167 [TCP segment of a reassembled PDU]"
"35264","33.314200637","192.168.1.55","192.168.1.2","TCP","1514","8004  >  36180 [ACK] Seq=190046 Ack=144 Win=65024 Len=1448 TSval=2916037394 TSecr=3045557167 [TCP segment of a reassembled PDU]"
"35265","33.314201859","192.168.1.55","192.168.1.2","TCP","1514","8004  >  36180 [ACK] Seq=191494 Ack=144 Win=65024 Len=1448 TSval=2916037394 TSecr=3045557167 [TCP segment of a reassembled PDU]"
"35266","33.314203378","192.168.1.55","192.168.1.2","TCP","1514","8004  >  36180 [ACK] Seq=192942 Ack=144 Win=65024 Len=1448 TSval=2916037394 TSecr=3045557167 [TCP segment of a reassembled PDU]"
"35267","33.314204600","192.168.1.55","192.168.1.2","TCP","1514","8004  >  36180 [ACK] Seq=194390 Ack=144 Win=65024 Len=1448 TSval=2916037394 TSecr=3045557167 [TCP segment of a reassembled PDU]"
"35268","33.314205804","192.168.1.55","192.168.1.2","TCP","1514","8004  >  36180 [ACK] Seq=195838 Ack=144 Win=65024 Len=1448 TSval=2916037394 TSecr=3045557167 [TCP segment of a reassembled PDU]"
"35269","33.314206989","192.168.1.55","192.168.1.2","TCP","1514","8004  >  36180 [ACK] Seq=197286 Ack=144 Win=65024 Len=1448 TSval=2916037394 TSecr=3045557167 [TCP segment of a reassembled PDU]"
"35270","33.314208100","192.168.1.55","192.168.1.2","TCP","1514","8004  >  36180 [ACK] Seq=198734 Ack=144 Win=65024 Len=1448 TSval=2916037394 TSecr=3045557167 [TCP segment of a reassembled PDU]"
"35271","33.314209304","192.168.1.55","192.168.1.2","TCP","1514","8004  >  36180 [ACK] Seq=200182 Ack=144 Win=65024 Len=1448 TSval=2916037394 TSecr=3045557167 [TCP segment of a reassembled PDU]"
"35272","33.314210563","192.168.1.55","192.168.1.2","TCP","1514","8004  >  36180 [ACK] Seq=201630 Ack=144 Win=65024 Len=1448 TSval=2916037394 TSecr=3045557167 [TCP segment of a reassembled PDU]"
"35273","33.314211822","192.168.1.55","192.168.1.2","TCP","1514","8004  >  36180 [ACK] Seq=203078 Ack=144 Win=65024 Len=1448 TSval=2916037394 TSecr=3045557167 [TCP segment of a reassembled PDU]"
"35274","33.314213118","192.168.1.55","192.168.1.2","TCP","1514","8004  >  36180 [PSH, ACK] Seq=204526 Ack=144 Win=65024 Len=1448 TSval=2916037394 TSecr=3045557167 [TCP segment of a reassembled PDU]"
"35275","33.314769064","192.168.1.2","192.168.1.55","TCP","66","36180  >  8004 [ACK] Seq=144 Ack=159470 Win=64512 Len=0 TSval=3045557169 TSecr=2916037390"
"35276","33.314780879","192.168.1.55","192.168.1.2","TCP","1514","8004  >  36180 [ACK] Seq=205974 Ack=144 Win=65024 Len=1448 TSval=2916037395 TSecr=3045557169 [TCP segment of a reassembled PDU]"
"35277","33.314782323","192.168.1.55","192.168.1.2","TCP","1514","8004  >  36180 [ACK] Seq=207422 Ack=144 Win=65024 Len=1448 TSval=2916037395 TSecr=3045557169 [TCP segment of a reassembled PDU]"
"35278","33.314783508","192.168.1.55","192.168.1.2","TCP","1346","8004  >  36180 [PSH, ACK] Seq=208870 Ack=144 Win=65024 Len=1280 TSval=2916037395 TSecr=3045557169 [TCP segment of a reassembled PDU]"
"35279","33.314787675","192.168.1.2","192.168.1.55","TCP","66","36180  >  8004 [ACK] Seq=144 Ack=176846 Win=53248 Len=0 TSval=3045557169 TSecr=2916037390"
"35280","33.314803304","192.168.1.55","192.168.1.2","TCP","1514","8004  >  36180 [ACK] Seq=210150 Ack=144 Win=65024 Len=1448 TSval=2916037395 TSecr=3045557169 [TCP segment of a reassembled PDU]"
"35281","33.314804582","192.168.1.55","192.168.1.2","TCP","1514","8004  >  36180 [ACK] Seq=211598 Ack=144 Win=65024 Len=1448 TSval=2916037395 TSecr=3045557169 [TCP segment of a reassembled PDU]"
"35282","33.314805730","192.168.1.55","192.168.1.2","TCP","1514","8004  >  36180 [ACK] Seq=213046 Ack=144 Win=65024 Len=1448 TSval=2916037395 TSecr=3045557169 [TCP segment of a reassembled PDU]"
"35283","33.314806934","192.168.1.55","192.168.1.2","TCP","1514","8004  >  36180 [ACK] Seq=214494 Ack=144 Win=65024 Len=1448 TSval=2916037395 TSecr=3045557169 [TCP segment of a reassembled PDU]"
"35284","33.314808138","192.168.1.55","192.168.1.2","TCP","1514","8004  >  36180 [ACK] Seq=215942 Ack=144 Win=65024 Len=1448 TSval=2916037395 TSecr=3045557169 [TCP segment of a reassembled PDU]"
"35285","33.314809304","192.168.1.55","192.168.1.2","TCP","1514","8004  >  36180 [ACK] Seq=217390 Ack=144 Win=65024 Len=1448 TSval=2916037395 TSecr=3045557169 [TCP segment of a reassembled PDU]"
"35286","33.314810397","192.168.1.55","192.168.1.2","TCP","1514","8004  >  36180 [ACK] Seq=218838 Ack=144 Win=65024 Len=1448 TSval=2916037395 TSecr=3045557169 [TCP segment of a reassembled PDU]"
"35287","33.314811656","192.168.1.55","192.168.1.2","TCP","1514","8004  >  36180 [ACK] Seq=220286 Ack=144 Win=65024 Len=1448 TSval=2916037395 TSecr=3045557169 [TCP segment of a reassembled PDU]"
"35288","33.314812860","192.168.1.55","192.168.1.2","TCP","1514","8004  >  36180 [ACK] Seq=221734 Ack=144 Win=65024 Len=1448 TSval=2916037395 TSecr=3045557169 [TCP segment of a reassembled PDU]"
"35289","33.314814119","192.168.1.55","192.168.1.2","TCP","1514","8004  >  36180 [ACK] Seq=223182 Ack=144 Win=65024 Len=1448 TSval=2916037395 TSecr=3045557169 [TCP segment of a reassembled PDU]"
"35290","33.314815193","192.168.1.55","192.168.1.2","TCP","1514","8004  >  36180 [ACK] Seq=224630 Ack=144 Win=65024 Len=1448 TSval=2916037395 TSecr=3045557169 [TCP segment of a reassembled PDU]"
"35291","33.314816267","192.168.1.55","192.168.1.2","TCP","1514","8004  >  36180 [ACK] Seq=226078 Ack=144 Win=65024 Len=1448 TSval=2916037395 TSecr=3045557169 [TCP segment of a reassembled PDU]"
"35292","33.314817453","192.168.1.55","192.168.1.2","TCP","1514","8004  >  36180 [PSH, ACK] Seq=227526 Ack=144 Win=65024 Len=1448 TSval=2916037395 TSecr=3045557169 [TCP segment of a reassembled PDU]"
"35293","33.314821471","192.168.1.2","192.168.1.55","TCP","66","36180  >  8004 [ACK] Seq=144 Ack=188598 Win=44032 Len=0 TSval=3045557169 TSecr=2916037391"
"35294","33.315432657","192.168.1.55","192.168.1.2","TCP","1514","8004  >  36180 [ACK] Seq=228974 Ack=144 Win=65024 Len=1448 TSval=2916037396 TSecr=3045557169 [TCP segment of a reassembled PDU]"
"35295","33.315436435","192.168.1.55","192.168.1.2","TCP","1514","8004  >  36180 [PSH, ACK] Seq=230422 Ack=144 Win=65024 Len=1448 TSval=2916037396 TSecr=3045557169 [TCP segment of a reassembled PDU]"
"35296","33.319017404","192.168.1.2","192.168.1.55","TCP","66","36180  >  8004 [ACK] Seq=144 Ack=205974 Win=56320 Len=0 TSval=3045557173 TSecr=2916037394"
"35297","33.319054126","192.168.1.55","192.168.1.2","TCP","1514","8004  >  36180 [ACK] Seq=231870 Ack=144 Win=65024 Len=1448 TSval=2916037399 TSecr=3045557173 [TCP segment of a reassembled PDU]"
"35298","33.319058700","192.168.1.55","192.168.1.2","TCP","1514","8004  >  36180 [ACK] Seq=233318 Ack=144 Win=65024 Len=1448 TSval=2916037399 TSecr=3045557173 [TCP segment of a reassembled PDU]"
"35299","33.319060274","192.168.1.55","192.168.1.2","TCP","1514","8004  >  36180 [ACK] Seq=234766 Ack=144 Win=65024 Len=1448 TSval=2916037399 TSecr=3045557173 [TCP segment of a reassembled PDU]"
"35300","33.319061645","192.168.1.55","192.168.1.2","TCP","1514","8004  >  36180 [ACK] Seq=236214 Ack=144 Win=65024 Len=1448 TSval=2916037399 TSecr=3045557173 [TCP segment of a reassembled PDU]"
"35301","33.319063145","192.168.1.55","192.168.1.2","TCP","1514","8004  >  36180 [ACK] Seq=237662 Ack=144 Win=65024 Len=1448 TSval=2916037399 TSecr=3045557173 [TCP segment of a reassembled PDU]"
"35302","33.319064589","192.168.1.55","192.168.1.2","TCP","1514","8004  >  36180 [ACK] Seq=239110 Ack=144 Win=65024 Len=1448 TSval=2916037399 TSecr=3045557173 [TCP segment of a reassembled PDU]"
"35303","33.319066330","192.168.1.55","192.168.1.2","TCP","1514","8004  >  36180 [ACK] Seq=240558 Ack=144 Win=65024 Len=1448 TSval=2916037399 TSecr=3045557173 [TCP segment of a reassembled PDU]"
"35304","33.319068533","192.168.1.55","192.168.1.2","TCP","1514","8004  >  36180 [PSH, ACK] Seq=242006 Ack=144 Win=65024 Len=1448 TSval=2916037399 TSecr=3045557173 [TCP segment of a reassembled PDU]"
"35305","33.319171237","192.168.1.2","192.168.1.55","TCP","66","36180  >  8004 [ACK] Seq=144 Ack=210150 Win=66560 Len=0 TSval=3045557173 TSecr=2916037395"
"35306","33.319207052","192.168.1.55","192.168.1.2","TCP","1514","8004  >  36180 [ACK] Seq=243454 Ack=144 Win=65024 Len=1448 TSval=2916037399 TSecr=3045557173 [TCP segment of a reassembled PDU]"
"35307","33.319209089","192.168.1.55","192.168.1.2","TCP","1514","8004  >  36180 [ACK] Seq=244902 Ack=144 Win=65024 Len=1448 TSval=2916037399 TSecr=3045557173 [TCP segment of a reassembled PDU]"
"35308","33.319210886","192.168.1.55","192.168.1.2","TCP","1514","8004  >  36180 [ACK] Seq=246350 Ack=144 Win=65024 Len=1448 TSval=2916037399 TSecr=3045557173 [TCP segment of a reassembled PDU]"
"35309","33.319212904","192.168.1.55","192.168.1.2","TCP","1514","8004  >  36180 [ACK] Seq=247798 Ack=144 Win=65024 Len=1448 TSval=2916037399 TSecr=3045557173 [TCP segment of a reassembled PDU]"
"35310","33.319214849","192.168.1.55","192.168.1.2","TCP","1514","8004  >  36180 [ACK] Seq=249246 Ack=144 Win=65024 Len=1448 TSval=2916037399 TSecr=3045557173 [TCP segment of a reassembled PDU]"
"35311","33.319216349","192.168.1.55","192.168.1.2","TCP","1514","8004  >  36180 [ACK] Seq=250694 Ack=144 Win=65024 Len=1448 TSval=2916037399 TSecr=3045557173 [TCP segment of a reassembled PDU]"
"35312","33.319217719","192.168.1.55","192.168.1.2","TCP","1514","8004  >  36180 [ACK] Seq=252142 Ack=144 Win=65024 Len=1448 TSval=2916037399 TSecr=3045557173 [TCP segment of a reassembled PDU]"
"35313","33.319219182","192.168.1.55","192.168.1.2","TCP","1514","8004  >  36180 [ACK] Seq=253590 Ack=144 Win=65024 Len=1448 TSval=2916037399 TSecr=3045557173 [TCP segment of a reassembled PDU]"
"35314","33.319220830","192.168.1.55","192.168.1.2","TCP","1514","8004  >  36180 [ACK] Seq=255038 Ack=144 Win=65024 Len=1448 TSval=2916037399 TSecr=3045557173 [TCP segment of a reassembled PDU]"
"35315","33.319222274","192.168.1.55","192.168.1.2","TCP","1514","8004  >  36180 [ACK] Seq=256486 Ack=144 Win=65024 Len=1448 TSval=2916037399 TSecr=3045557173 [TCP segment of a reassembled PDU]"
"35316","33.319223793","192.168.1.55","192.168.1.2","TCP","1514","8004  >  36180 [ACK] Seq=257934 Ack=144 Win=65024 Len=1448 TSval=2916037399 TSecr=3045557173 [TCP segment of a reassembled PDU]"
"35317","33.319226052","192.168.1.55","192.168.1.2","TCP","1514","8004  >  36180 [ACK] Seq=259382 Ack=144 Win=65024 Len=1448 TSval=2916037399 TSecr=3045557173 [TCP segment of a reassembled PDU]"
"35318","33.319228034","192.168.1.55","192.168.1.2","TCP","1514","8004  >  36180 [ACK] Seq=260830 Ack=144 Win=65024 Len=1448 TSval=2916037399 TSecr=3045557173 [TCP segment of a reassembled PDU]"
"35319","33.319229404","192.168.1.55","192.168.1.2","TCP","1514","8004  >  36180 [ACK] Seq=262278 Ack=144 Win=65024 Len=1448 TSval=2916037399 TSecr=3045557173 [TCP segment of a reassembled PDU]"
"35320","33.319230812","192.168.1.55","192.168.1.2","TCP","1514","8004  >  36180 [PSH, ACK] Seq=263726 Ack=144 Win=65024 Len=1448 TSval=2916037399 TSecr=3045557173 [TCP segment of a reassembled PDU]"
"35321","33.319235849","192.168.1.2","192.168.1.55","TCP","66","36180  >  8004 [ACK] Seq=144 Ack=228974 Win=56320 Len=0 TSval=3045557173 TSecr=2916037395"
"35322","33.319245460","192.168.1.2","192.168.1.55","TCP","66","36180  >  8004 [ACK] Seq=144 Ack=231870 Win=54272 Len=0 TSval=3045557173 TSecr=2916037396"
"35323","33.320133702","192.168.1.55","192.168.1.2","TCP","1514","8004  >  36180 [ACK] Seq=265174 Ack=144 Win=65024 Len=1448 TSval=2916037400 TSecr=3045557173 [TCP segment of a reassembled PDU]"
"35324","33.320137646","192.168.1.55","192.168.1.2","TCP","1514","8004  >  36180 [ACK] Seq=266622 Ack=144 Win=65024 Len=1448 TSval=2916037400 TSecr=3045557173 [TCP segment of a reassembled PDU]"
"35325","33.320139369","192.168.1.55","192.168.1.2","TCP","1514","8004  >  36180 [ACK] Seq=268070 Ack=144 Win=65024 Len=1448 TSval=2916037400 TSecr=3045557173 [TCP segment of a reassembled PDU]"
"35326","33.320140943","192.168.1.55","192.168.1.2","TCP","1514","8004  >  36180 [ACK] Seq=269518 Ack=144 Win=65024 Len=1448 TSval=2916037400 TSecr=3045557173 [TCP segment of a reassembled PDU]"
"35327","33.320142517","192.168.1.55","192.168.1.2","TCP","1514","8004  >  36180 [ACK] Seq=270966 Ack=144 Win=65024 Len=1448 TSval=2916037400 TSecr=3045557173 [TCP segment of a reassembled PDU]"
"35328","33.320144702","192.168.1.55","192.168.1.2","TCP","1514","8004  >  36180 [ACK] Seq=272414 Ack=144 Win=65024 Len=1448 TSval=2916037400 TSecr=3045557173 [TCP segment of a reassembled PDU]"
"35329","33.320146646","192.168.1.55","192.168.1.2","TCP","1514","8004  >  36180 [ACK] Seq=273862 Ack=144 Win=65024 Len=1448 TSval=2916037400 TSecr=3045557173 [TCP segment of a reassembled PDU]"
"35330","33.320149146","192.168.1.55","192.168.1.2","TCP","1514","8004  >  36180 [PSH, ACK] Seq=275310 Ack=144 Win=65024 Len=1448 TSval=2916037400 TSecr=3045557173 [TCP segment of a reassembled PDU]"
"35331","33.320164869","192.168.1.55","192.168.1.2","TCP","1514","8004  >  36180 [ACK] Seq=276758 Ack=144 Win=65024 Len=1448 TSval=2916037400 TSecr=3045557173 [TCP segment of a reassembled PDU]"
"35332","33.320166572","192.168.1.55","192.168.1.2","TCP","1514","8004  >  36180 [ACK] Seq=278206 Ack=144 Win=65024 Len=1448 TSval=2916037400 TSecr=3045557173 [TCP segment of a reassembled PDU]"
"35333","33.320168757","192.168.1.55","192.168.1.2","TCP","1514","8004  >  36180 [ACK] Seq=279654 Ack=144 Win=65024 Len=1448 TSval=2916037400 TSecr=3045557173 [TCP segment of a reassembled PDU]"
"35334","33.320170924","192.168.1.55","192.168.1.2","TCP","1514","8004  >  36180 [ACK] Seq=281102 Ack=144 Win=65024 Len=1448 TSval=2916037400 TSecr=3045557173 [TCP segment of a reassembled PDU]"
"35335","33.320172813","192.168.1.55","192.168.1.2","TCP","1514","8004  >  36180 [ACK] Seq=282550 Ack=144 Win=65024 Len=1448 TSval=2916037400 TSecr=3045557173 [TCP segment of a reassembled PDU]"
"35336","33.320174276","192.168.1.55","192.168.1.2","TCP","1514","8004  >  36180 [ACK] Seq=283998 Ack=144 Win=65024 Len=1448 TSval=2916037400 TSecr=3045557173 [TCP segment of a reassembled PDU]"
"35337","33.320175813","192.168.1.55","192.168.1.2","TCP","762","[TCP Window Full] 8004  >  36180 [PSH, ACK] Seq=285446 Ack=144 Win=65024 Len=696 TSval=2916037400 TSecr=3045557173 [TCP segment of a reassembled PDU]"
"35338","33.323596541","192.168.1.2","192.168.1.55","TCP","66","36180  >  8004 [ACK] Seq=144 Ack=243454 Win=59392 Len=0 TSval=3045557178 TSecr=2916037399"
"35339","33.323634763","192.168.1.55","192.168.1.2","TCP","1514","8004  >  36180 [ACK] Seq=286142 Ack=144 Win=65024 Len=1448 TSval=2916037404 TSecr=3045557178 [TCP segment of a reassembled PDU]"
"35340","33.323638707","192.168.1.55","192.168.1.2","TCP","1514","8004  >  36180 [ACK] Seq=287590 Ack=144 Win=65024 Len=1448 TSval=2916037404 TSecr=3045557178 [TCP segment of a reassembled PDU]"
"35341","33.323640115","192.168.1.55","192.168.1.2","TCP","1514","8004  >  36180 [ACK] Seq=289038 Ack=144 Win=65024 Len=1448 TSval=2916037404 TSecr=3045557178 [TCP segment of a reassembled PDU]"
"35342","33.323641596","192.168.1.55","192.168.1.2","TCP","1514","8004  >  36180 [ACK] Seq=290486 Ack=144 Win=65024 Len=1448 TSval=2916037404 TSecr=3045557178 [TCP segment of a reassembled PDU]"
"35343","33.323644281","192.168.1.55","192.168.1.2","TCP","1514","8004  >  36180 [ACK] Seq=291934 Ack=144 Win=65024 Len=1448 TSval=2916037404 TSecr=3045557178 [TCP segment of a reassembled PDU]"
"35344","33.323645948","192.168.1.55","192.168.1.2","TCP","1514","8004  >  36180 [ACK] Seq=293382 Ack=144 Win=65024 Len=1448 TSval=2916037404 TSecr=3045557178 [TCP segment of a reassembled PDU]"
"35345","33.323647726","192.168.1.55","192.168.1.2","TCP","1514","8004  >  36180 [ACK] Seq=294830 Ack=144 Win=65024 Len=1448 TSval=2916037404 TSecr=3045557178 [TCP segment of a reassembled PDU]"
"35346","33.323650207","192.168.1.55","192.168.1.2","TCP","1514","8004  >  36180 [ACK] Seq=296278 Ack=144 Win=65024 Len=1448 TSval=2916037404 TSecr=3045557178 [TCP segment of a reassembled PDU]"
"35347","33.323652467","192.168.1.55","192.168.1.2","TCP","1514","8004  >  36180 [PSH, ACK] Seq=297726 Ack=144 Win=65024 Len=1448 TSval=2916037404 TSecr=3045557178 [TCP segment of a reassembled PDU]"
"35348","33.323758134","192.168.1.2","192.168.1.55","TCP","66","36180  >  8004 [ACK] Seq=144 Ack=265174 Win=72704 Len=0 TSval=3045557178 TSecr=2916037399"
"35349","33.323779356","192.168.1.55","192.168.1.2","TCP","1514","8004  >  36180 [ACK] Seq=299174 Ack=144 Win=65024 Len=1448 TSval=2916037404 TSecr=3045557178 [TCP segment of a reassembled PDU]"
"35350","33.323782522","192.168.1.55","192.168.1.2","TCP","1514","8004  >  36180 [ACK] Seq=300622 Ack=144 Win=65024 Len=1448 TSval=2916037404 TSecr=3045557178 [TCP segment of a reassembled PDU]"
"35351","33.323784597","192.168.1.55","192.168.1.2","TCP","1514","8004  >  36180 [ACK] Seq=302070 Ack=144 Win=65024 Len=1448 TSval=2916037404 TSecr=3045557178 [TCP segment of a reassembled PDU]"
"35352","33.323786189","192.168.1.55","192.168.1.2","TCP","1514","8004  >  36180 [ACK] Seq=303518 Ack=144 Win=65024 Len=1448 TSval=2916037404 TSecr=3045557178 [TCP segment of a reassembled PDU]"
"35353","33.323787819","192.168.1.55","192.168.1.2","TCP","1514","8004  >  36180 [ACK] Seq=304966 Ack=144 Win=65024 Len=1448 TSval=2916037404 TSecr=3045557178 [TCP segment of a reassembled PDU]"
"35354","33.323790097","192.168.1.55","192.168.1.2","TCP","1514","8004  >  36180 [ACK] Seq=306414 Ack=144 Win=65024 Len=1448 TSval=2916037404 TSecr=3045557178 [TCP segment of a reassembled PDU]"
"35355","33.323792282","192.168.1.55","192.168.1.2","TCP","1514","8004  >  36180 [ACK] Seq=307862 Ack=144 Win=65024 Len=1448 TSval=2916037404 TSecr=3045557178 [TCP segment of a reassembled PDU]"
"35356","33.323794134","192.168.1.55","192.168.1.2","TCP","818","8004  >  36180 [PSH, ACK] Seq=309310 Ack=144 Win=65024 Len=752 TSval=2916037404 TSecr=3045557178 [TCP segment of a reassembled PDU]"
"35357","33.323801485","192.168.1.2","192.168.1.55","TCP","66","36180  >  8004 [ACK] Seq=144 Ack=276758 Win=78848 Len=0 TSval=3045557178 TSecr=2916037400"
"35358","33.323810763","192.168.1.2","192.168.1.55","TCP","66","36180  >  8004 [ACK] Seq=144 Ack=279654 Win=82944 Len=0 TSval=3045557178 TSecr=2916037400"
"35359","33.324485949","192.168.1.55","192.168.1.2","TCP","1514","8004  >  36180 [ACK] Seq=310062 Ack=144 Win=65024 Len=1448 TSval=2916037405 TSecr=3045557178 [TCP segment of a reassembled PDU]"
"35360","33.324488949","192.168.1.55","192.168.1.2","TCP","1514","8004  >  36180 [ACK] Seq=311510 Ack=144 Win=65024 Len=1448 TSval=2916037405 TSecr=3045557178 [TCP segment of a reassembled PDU]"
"35361","33.324490746","192.168.1.55","192.168.1.2","TCP","1514","8004  >  36180 [ACK] Seq=312958 Ack=144 Win=65024 Len=1448 TSval=2916037405 TSecr=3045557178 [TCP segment of a reassembled PDU]"
"35362","33.324492487","192.168.1.55","192.168.1.2","TCP","1514","8004  >  36180 [ACK] Seq=314406 Ack=144 Win=65024 Len=1448 TSval=2916037405 TSecr=3045557178 [TCP segment of a reassembled PDU]"
"35363","33.324494764","192.168.1.55","192.168.1.2","TCP","1514","8004  >  36180 [ACK] Seq=315854 Ack=144 Win=65024 Len=1448 TSval=2916037405 TSecr=3045557178 [TCP segment of a reassembled PDU]"
"35364","33.324497005","192.168.1.55","192.168.1.2","TCP","1514","8004  >  36180 [ACK] Seq=317302 Ack=144 Win=65024 Len=1448 TSval=2916037405 TSecr=3045557178 [TCP segment of a reassembled PDU]"
"35365","33.324498727","192.168.1.55","192.168.1.2","TCP","1514","8004  >  36180 [ACK] Seq=318750 Ack=144 Win=65024 Len=1448 TSval=2916037405 TSecr=3045557178 [TCP segment of a reassembled PDU]"
"35366","33.324500357","192.168.1.55","192.168.1.2","TCP","1514","8004  >  36180 [ACK] Seq=320198 Ack=144 Win=65024 Len=1448 TSval=2916037405 TSecr=3045557178 [TCP segment of a reassembled PDU]"
"35367","33.324502912","192.168.1.55","192.168.1.2","TCP","1514","8004  >  36180 [ACK] Seq=321646 Ack=144 Win=65024 Len=1448 TSval=2916037405 TSecr=3045557178 [TCP segment of a reassembled PDU]"
"35368","33.324505098","192.168.1.55","192.168.1.2","TCP","1514","8004  >  36180 [ACK] Seq=323094 Ack=144 Win=65024 Len=1448 TSval=2916037405 TSecr=3045557178 [TCP segment of a reassembled PDU]"
"35369","33.324506820","192.168.1.55","192.168.1.2","TCP","1514","8004  >  36180 [ACK] Seq=324542 Ack=144 Win=65024 Len=1448 TSval=2916037405 TSecr=3045557178 [TCP segment of a reassembled PDU]"
"35370","33.324509246","192.168.1.55","192.168.1.2","TCP","1514","8004  >  36180 [ACK] Seq=325990 Ack=144 Win=65024 Len=1448 TSval=2916037405 TSecr=3045557178 [TCP segment of a reassembled PDU]"
"35371","33.324511412","192.168.1.55","192.168.1.2","TCP","1514","8004  >  36180 [ACK] Seq=327438 Ack=144 Win=65024 Len=1448 TSval=2916037405 TSecr=3045557178 [TCP segment of a reassembled PDU]"
"35372","33.324512820","192.168.1.55","192.168.1.2","TCP","1514","8004  >  36180 [ACK] Seq=328886 Ack=144 Win=65024 Len=1448 TSval=2916037405 TSecr=3045557178 [TCP segment of a reassembled PDU]"
"35373","33.324514487","192.168.1.55","192.168.1.2","TCP","1514","8004  >  36180 [ACK] Seq=330334 Ack=144 Win=65024 Len=1448 TSval=2916037405 TSecr=3045557178 [TCP segment of a reassembled PDU]"
"35374","33.324516857","192.168.1.55","192.168.1.2","TCP","1514","8004  >  36180 [PSH, ACK] Seq=331782 Ack=144 Win=65024 Len=1448 TSval=2916037405 TSecr=3045557178 [TCP segment of a reassembled PDU]"
"35375","33.324556450","192.168.1.2","192.168.1.55","TCP","66","36180  >  8004 [ACK] Seq=144 Ack=286142 Win=82944 Len=0 TSval=3045557179 TSecr=2916037400"
"35376","33.325195302","192.168.1.55","192.168.1.2","TCP","1514","8004  >  36180 [ACK] Seq=333230 Ack=144 Win=65024 Len=1448 TSval=2916037405 TSecr=3045557179 [TCP segment of a reassembled PDU]"
"35377","33.325198062","192.168.1.55","192.168.1.2","TCP","1514","8004  >  36180 [ACK] Seq=334678 Ack=144 Win=65024 Len=1448 TSval=2916037405 TSecr=3045557179 [TCP segment of a reassembled PDU]"
"35378","33.325199469","192.168.1.55","192.168.1.2","TCP","1514","8004  >  36180 [ACK] Seq=336126 Ack=144 Win=65024 Len=1448 TSval=2916037405 TSecr=3045557179 [TCP segment of a reassembled PDU]"
"35379","33.325214840","192.168.1.55","192.168.1.2","TCP","1514","8004  >  36180 [ACK] Seq=337574 Ack=144 Win=65024 Len=1448 TSval=2916037405 TSecr=3045557179 [TCP segment of a reassembled PDU]"
"35380","33.325216636","192.168.1.55","192.168.1.2","TCP","1514","8004  >  36180 [ACK] Seq=339022 Ack=144 Win=65024 Len=1448 TSval=2916037405 TSecr=3045557179 [TCP segment of a reassembled PDU]"
"35381","33.325218099","192.168.1.55","192.168.1.2","TCP","1514","8004  >  36180 [ACK] Seq=340470 Ack=144 Win=65024 Len=1448 TSval=2916037405 TSecr=3045557179 [TCP segment of a reassembled PDU]"
"35382","33.325219525","192.168.1.55","192.168.1.2","TCP","1514","8004  >  36180 [PSH, ACK] Seq=341918 Ack=144 Win=65024 Len=1448 TSval=2916037405 TSecr=3045557179 [TCP segment of a reassembled PDU]"
"35383","33.328743938","192.168.1.2","192.168.1.55","TCP","66","36180  >  8004 [ACK] Seq=144 Ack=299174 Win=70656 Len=0 TSval=3045557183 TSecr=2916037404"
"35384","33.328763475","192.168.1.55","192.168.1.2","TCP","1514","8004  >  36180 [ACK] Seq=343366 Ack=144 Win=65024 Len=1448 TSval=2916037409 TSecr=3045557183 [TCP segment of a reassembled PDU]"
"35385","33.328765864","192.168.1.55","192.168.1.2","TCP","1514","8004  >  36180 [ACK] Seq=344814 Ack=144 Win=65024 Len=1448 TSval=2916037409 TSecr=3045557183 [TCP segment of a reassembled PDU]"
"35386","33.328767179","192.168.1.55","192.168.1.2","TCP","1514","8004  >  36180 [ACK] Seq=346262 Ack=144 Win=65024 Len=1448 TSval=2916037409 TSecr=3045557183 [TCP segment of a reassembled PDU]"
"35387","33.328768475","192.168.1.55","192.168.1.2","TCP","1514","8004  >  36180 [ACK] Seq=347710 Ack=144 Win=65024 Len=1448 TSval=2916037409 TSecr=3045557183 [TCP segment of a reassembled PDU]"
"35388","33.328769845","192.168.1.55","192.168.1.2","TCP","1514","8004  >  36180 [ACK] Seq=349158 Ack=144 Win=65024 Len=1448 TSval=2916037409 TSecr=3045557183 [TCP segment of a reassembled PDU]"
"35389","33.328771271","192.168.1.55","192.168.1.2","TCP","1514","8004  >  36180 [ACK] Seq=350606 Ack=144 Win=65024 Len=1448 TSval=2916037409 TSecr=3045557183 [TCP segment of a reassembled PDU]"
"35390","33.328772512","192.168.1.55","192.168.1.2","TCP","1514","8004  >  36180 [ACK] Seq=352054 Ack=144 Win=65024 Len=1448 TSval=2916037409 TSecr=3045557183 [TCP segment of a reassembled PDU]"
"35391","33.328773790","192.168.1.55","192.168.1.2","TCP","1514","8004  >  36180 [ACK] Seq=353502 Ack=144 Win=65024 Len=1448 TSval=2916037409 TSecr=3045557183 [TCP segment of a reassembled PDU]"
"35392","33.328775104","192.168.1.55","192.168.1.2","TCP","1514","8004  >  36180 [ACK] Seq=354950 Ack=144 Win=65024 Len=1448 TSval=2916037409 TSecr=3045557183 [TCP segment of a reassembled PDU]"
"35393","33.328776401","192.168.1.55","192.168.1.2","TCP","1514","8004  >  36180 [PSH, ACK] Seq=356398 Ack=144 Win=65024 Len=1448 TSval=2916037409 TSecr=3045557183 [TCP segment of a reassembled PDU]"
"35394","33.329253216","192.168.1.2","192.168.1.55","TCP","66","36180  >  8004 [ACK] Seq=144 Ack=310062 Win=68608 Len=0 TSval=3045557183 TSecr=2916037404"
"35395","33.329259957","192.168.1.2","192.168.1.55","TCP","66","36180  >  8004 [ACK] Seq=144 Ack=333230 Win=53248 Len=0 TSval=3045557183 TSecr=2916037405"
"35396","33.329278087","192.168.1.55","192.168.1.2","TCP","1514","8004  >  36180 [ACK] Seq=357846 Ack=144 Win=65024 Len=1448 TSval=2916037409 TSecr=3045557183 [TCP segment of a reassembled PDU]"
"35397","33.329280198","192.168.1.55","192.168.1.2","TCP","1514","8004  >  36180 [ACK] Seq=359294 Ack=144 Win=65024 Len=1448 TSval=2916037409 TSecr=3045557183 [TCP segment of a reassembled PDU]"
"35398","33.329281420","192.168.1.55","192.168.1.2","TCP","1514","8004  >  36180 [ACK] Seq=360742 Ack=144 Win=65024 Len=1448 TSval=2916037409 TSecr=3045557183 [TCP segment of a reassembled PDU]"
"35399","33.329282716","192.168.1.55","192.168.1.2","TCP","1514","8004  >  36180 [ACK] Seq=362190 Ack=144 Win=65024 Len=1448 TSval=2916037409 TSecr=3045557183 [TCP segment of a reassembled PDU]"
"35400","33.329283939","192.168.1.55","192.168.1.2","TCP","1514","8004  >  36180 [ACK] Seq=363638 Ack=144 Win=65024 Len=1448 TSval=2916037409 TSecr=3045557183 [TCP segment of a reassembled PDU]"
"35401","33.329285179","192.168.1.55","192.168.1.2","TCP","1514","8004  >  36180 [ACK] Seq=365086 Ack=144 Win=65024 Len=1448 TSval=2916037409 TSecr=3045557183 [TCP segment of a reassembled PDU]"
"35402","33.329286476","192.168.1.55","192.168.1.2","TCP","1514","8004  >  36180 [ACK] Seq=366534 Ack=144 Win=65024 Len=1448 TSval=2916037409 TSecr=3045557183 [TCP segment of a reassembled PDU]"
"35403","33.329287698","192.168.1.55","192.168.1.2","TCP","1514","8004  >  36180 [ACK] Seq=367982 Ack=144 Win=65024 Len=1448 TSval=2916037409 TSecr=3045557183 [TCP segment of a reassembled PDU]"
"35404","33.329289050","192.168.1.55","192.168.1.2","TCP","1514","8004  >  36180 [ACK] Seq=369430 Ack=144 Win=65024 Len=1448 TSval=2916037409 TSecr=3045557183 [TCP segment of a reassembled PDU]"
"35405","33.329290272","192.168.1.55","192.168.1.2","TCP","1514","8004  >  36180 [ACK] Seq=370878 Ack=144 Win=65024 Len=1448 TSval=2916037409 TSecr=3045557183 [TCP segment of a reassembled PDU]"
"35406","33.329295142","192.168.1.55","192.168.1.2","TCP","1514","8004  >  36180 [ACK] Seq=372326 Ack=144 Win=65024 Len=1448 TSval=2916037409 TSecr=3045557183 [TCP segment of a reassembled PDU]"
"35407","33.329296550","192.168.1.55","192.168.1.2","TCP","1514","8004  >  36180 [ACK] Seq=373774 Ack=144 Win=65024 Len=1448 TSval=2916037409 TSecr=3045557183 [TCP segment of a reassembled PDU]"
"35408","33.329297790","192.168.1.55","192.168.1.2","TCP","1514","8004  >  36180 [PSH, ACK] Seq=375222 Ack=144 Win=65024 Len=1448 TSval=2916037409 TSecr=3045557183 [TCP segment of a reassembled PDU]"
"35409","33.329303142","192.168.1.2","192.168.1.55","TCP","66","36180  >  8004 [ACK] Seq=144 Ack=337574 Win=66560 Len=0 TSval=3045557183 TSecr=2916037405"
"35410","33.329328346","192.168.1.55","192.168.1.2","TCP","1514","8004  >  36180 [ACK] Seq=376670 Ack=144 Win=65024 Len=1448 TSval=2916037410 TSecr=3045557183 [TCP segment of a reassembled PDU]"
"35411","33.329330068","192.168.1.55","192.168.1.2","TCP","1514","8004  >  36180 [ACK] Seq=378118 Ack=144 Win=65024 Len=1448 TSval=2916037410 TSecr=3045557183 [TCP segment of a reassembled PDU]"
"35412","33.329331309","192.168.1.55","192.168.1.2","TCP","1514","8004  >  36180 [ACK] Seq=379566 Ack=144 Win=65024 Len=1448 TSval=2916037410 TSecr=3045557183 [TCP segment of a reassembled PDU]"
"35413","33.329332587","192.168.1.55","192.168.1.2","TCP","1514","8004  >  36180 [ACK] Seq=381014 Ack=144 Win=65024 Len=1448 TSval=2916037410 TSecr=3045557183 [TCP segment of a reassembled PDU]"
"35414","33.329333939","192.168.1.55","192.168.1.2","TCP","1514","8004  >  36180 [ACK] Seq=382462 Ack=144 Win=65024 Len=1448 TSval=2916037410 TSecr=3045557183 [TCP segment of a reassembled PDU]"
"35415","33.329335291","192.168.1.55","192.168.1.2","TCP","1514","8004  >  36180 [ACK] Seq=383910 Ack=144 Win=65024 Len=1448 TSval=2916037410 TSecr=3045557183 [TCP segment of a reassembled PDU]"
"35416","33.329336568","192.168.1.55","192.168.1.2","TCP","1514","8004  >  36180 [ACK] Seq=385358 Ack=144 Win=65024 Len=1448 TSval=2916037410 TSecr=3045557183 [TCP segment of a reassembled PDU]"
"35417","33.329337791","192.168.1.55","192.168.1.2","TCP","1514","8004  >  36180 [ACK] Seq=386806 Ack=144 Win=65024 Len=1448 TSval=2916037410 TSecr=3045557183 [TCP segment of a reassembled PDU]"
"35418","33.329339068","192.168.1.55","192.168.1.2","TCP","1514","8004  >  36180 [ACK] Seq=388254 Ack=144 Win=65024 Len=1448 TSval=2916037410 TSecr=3045557183 [TCP segment of a reassembled PDU]"
"35419","33.329340309","192.168.1.55","192.168.1.2","TCP","1514","8004  >  36180 [ACK] Seq=389702 Ack=144 Win=65024 Len=1448 TSval=2916037410 TSecr=3045557183 [TCP segment of a reassembled PDU]"
"35420","33.329341716","192.168.1.55","192.168.1.2","TCP","1514","8004  >  36180 [ACK] Seq=391150 Ack=144 Win=65024 Len=1448 TSval=2916037410 TSecr=3045557183 [TCP segment of a reassembled PDU]"
"35421","33.329343050","192.168.1.55","192.168.1.2","TCP","1514","8004  >  36180 [ACK] Seq=392598 Ack=144 Win=65024 Len=1448 TSval=2916037410 TSecr=3045557183 [TCP segment of a reassembled PDU]"
"35422","33.329344365","192.168.1.55","192.168.1.2","TCP","1514","8004  >  36180 [ACK] Seq=394046 Ack=144 Win=65024 Len=1448 TSval=2916037410 TSecr=3045557183 [TCP segment of a reassembled PDU]"
"35423","33.329345865","192.168.1.55","192.168.1.2","TCP","1514","8004  >  36180 [ACK] Seq=395494 Ack=144 Win=65024 Len=1448 TSval=2916037410 TSecr=3045557183 [TCP segment of a reassembled PDU]"
"35424","33.329347254","192.168.1.55","192.168.1.2","TCP","1514","8004  >  36180 [PSH, ACK] Seq=396942 Ack=144 Win=65024 Len=1448 TSval=2916037410 TSecr=3045557183 [TCP segment of a reassembled PDU]"
"35425","33.329376439","192.168.1.2","192.168.1.55","TCP","66","36180  >  8004 [ACK] Seq=144 Ack=343366 Win=80896 Len=0 TSval=3045557184 TSecr=2916037405"
"35426","33.330411051","192.168.1.55","192.168.1.2","TCP","1514","8004  >  36180 [ACK] Seq=398390 Ack=144 Win=65024 Len=1448 TSval=2916037411 TSecr=3045557184 [TCP segment of a reassembled PDU]"
"35427","33.330414644","192.168.1.55","192.168.1.2","TCP","1514","8004  >  36180 [ACK] Seq=399838 Ack=144 Win=65024 Len=1448 TSval=2916037411 TSecr=3045557184 [TCP segment of a reassembled PDU]"
"35428","33.330416089","192.168.1.55","192.168.1.2","TCP","1514","8004  >  36180 [ACK] Seq=401286 Ack=144 Win=65024 Len=1448 TSval=2916037411 TSecr=3045557184 [TCP segment of a reassembled PDU]"
"35429","33.330417403","192.168.1.55","192.168.1.2","TCP","1514","8004  >  36180 [PSH, ACK] Seq=402734 Ack=144 Win=65024 Len=1448 TSval=2916037411 TSecr=3045557184 [TCP segment of a reassembled PDU]"
"35430","33.331000978","192.168.1.2","192.168.1.55","TCP","66","36180  >  8004 [ACK] Seq=144 Ack=344814 Win=84992 Len=0 TSval=3045557186 TSecr=2916037409"
"35431","33.331388257","192.168.1.2","192.168.1.55","TCP","66","36180  >  8004 [ACK] Seq=144 Ack=357846 Win=103424 Len=0 TSval=3045557187 TSecr=2916037409"
"35432","33.331404072","192.168.1.55","192.168.1.2","TCP","1514","8004  >  36180 [ACK] Seq=404182 Ack=144 Win=65024 Len=1448 TSval=2916037412 TSecr=3045557187 [TCP segment of a reassembled PDU]"
"35433","33.331407312","192.168.1.55","192.168.1.2","TCP","1514","8004  >  36180 [ACK] Seq=405630 Ack=144 Win=65024 Len=1448 TSval=2916037412 TSecr=3045557187 [TCP segment of a reassembled PDU]"
"35434","33.331408590","192.168.1.55","192.168.1.2","TCP","1514","8004  >  36180 [ACK] Seq=407078 Ack=144 Win=65024 Len=1448 TSval=2916037412 TSecr=3045557187 [TCP segment of a reassembled PDU]"
"35435","33.331409812","192.168.1.55","192.168.1.2","TCP","1514","8004  >  36180 [PSH, ACK] Seq=408526 Ack=144 Win=65024 Len=1448 TSval=2916037412 TSecr=3045557187 [TCP segment of a reassembled PDU]"
"35436","33.335082411","192.168.1.2","192.168.1.55","TCP","66","36180  >  8004 [ACK] Seq=144 Ack=376670 Win=99328 Len=0 TSval=3045557190 TSecr=2916037409"
"35437","33.335120152","192.168.1.55","192.168.1.2","TCP","1514","8004  >  36180 [ACK] Seq=409974 Ack=144 Win=65024 Len=1448 TSval=2916037415 TSecr=3045557190 [TCP segment of a reassembled PDU]"
"35438","33.335123911","192.168.1.55","192.168.1.2","TCP","1514","8004  >  36180 [ACK] Seq=411422 Ack=144 Win=65024 Len=1448 TSval=2916037415 TSecr=3045557190 [TCP segment of a reassembled PDU]"
"35439","33.335125281","192.168.1.55","192.168.1.2","TCP","1514","8004  >  36180 [ACK] Seq=412870 Ack=144 Win=65024 Len=1448 TSval=2916037415 TSecr=3045557190 [TCP segment of a reassembled PDU]"
"35440","33.335126615","192.168.1.55","192.168.1.2","TCP","1514","8004  >  36180 [ACK] Seq=414318 Ack=144 Win=65024 Len=1448 TSval=2916037415 TSecr=3045557190 [TCP segment of a reassembled PDU]"
"35441","33.335127818","192.168.1.55","192.168.1.2","TCP","1514","8004  >  36180 [ACK] Seq=415766 Ack=144 Win=65024 Len=1448 TSval=2916037415 TSecr=3045557190 [TCP segment of a reassembled PDU]"
"35442","33.335129374","192.168.1.55","192.168.1.2","TCP","1514","8004  >  36180 [ACK] Seq=417214 Ack=144 Win=65024 Len=1448 TSval=2916037415 TSecr=3045557190 [TCP segment of a reassembled PDU]"
"35443","33.335130707","192.168.1.55","192.168.1.2","TCP","1514","8004  >  36180 [ACK] Seq=418662 Ack=144 Win=65024 Len=1448 TSval=2916037415 TSecr=3045557190 [TCP segment of a reassembled PDU]"
"35444","33.335132040","192.168.1.55","192.168.1.2","TCP","1514","8004  >  36180 [ACK] Seq=420110 Ack=144 Win=65024 Len=1448 TSval=2916037415 TSecr=3045557190 [TCP segment of a reassembled PDU]"
"35445","33.335133337","192.168.1.55","192.168.1.2","TCP","1514","8004  >  36180 [ACK] Seq=421558 Ack=144 Win=65024 Len=1448 TSval=2916037415 TSecr=3045557190 [TCP segment of a reassembled PDU]"
"35446","33.335134559","192.168.1.55","192.168.1.2","TCP","1514","8004  >  36180 [ACK] Seq=423006 Ack=144 Win=65024 Len=1448 TSval=2916037415 TSecr=3045557190 [TCP segment of a reassembled PDU]"
"35447","33.335135966","192.168.1.55","192.168.1.2","TCP","1514","8004  >  36180 [ACK] Seq=424454 Ack=144 Win=65024 Len=1448 TSval=2916037415 TSecr=3045557190 [TCP segment of a reassembled PDU]"
"35448","33.335137300","192.168.1.55","192.168.1.2","TCP","1514","8004  >  36180 [ACK] Seq=425902 Ack=144 Win=65024 Len=1448 TSval=2916037415 TSecr=3045557190 [TCP segment of a reassembled PDU]"
"35449","33.335138559","192.168.1.55","192.168.1.2","TCP","1514","8004  >  36180 [ACK] Seq=427350 Ack=144 Win=65024 Len=1448 TSval=2916037415 TSecr=3045557190 [TCP segment of a reassembled PDU]"
"35450","33.335139929","192.168.1.55","192.168.1.2","TCP","1514","8004  >  36180 [ACK] Seq=428798 Ack=144 Win=65024 Len=1448 TSval=2916037415 TSecr=3045557190 [TCP segment of a reassembled PDU]"
"35451","33.335141152","192.168.1.55","192.168.1.2","TCP","1514","8004  >  36180 [ACK] Seq=430246 Ack=144 Win=65024 Len=1448 TSval=2916037415 TSecr=3045557190 [TCP segment of a reassembled PDU]"
"35452","33.335142466","192.168.1.55","192.168.1.2","TCP","1514","8004  >  36180 [ACK] Seq=431694 Ack=144 Win=65024 Len=1448 TSval=2916037415 TSecr=3045557190 [TCP segment of a reassembled PDU]"
"35453","33.335143781","192.168.1.55","192.168.1.2","TCP","1514","8004  >  36180 [ACK] Seq=433142 Ack=144 Win=65024 Len=1448 TSval=2916037415 TSecr=3045557190 [TCP segment of a reassembled PDU]"
"35454","33.335145281","192.168.1.55","192.168.1.2","TCP","1514","8004  >  36180 [ACK] Seq=434590 Ack=144 Win=65024 Len=1448 TSval=2916037415 TSecr=3045557190 [TCP segment of a reassembled PDU]"
"35455","33.335146652","192.168.1.55","192.168.1.2","TCP","1514","8004  >  36180 [ACK] Seq=436038 Ack=144 Win=65024 Len=1448 TSval=2916037415 TSecr=3045557190 [TCP segment of a reassembled PDU]"
"35456","33.335147911","192.168.1.55","192.168.1.2","TCP","1514","8004  >  36180 [ACK] Seq=437486 Ack=144 Win=65024 Len=1448 TSval=2916037415 TSecr=3045557190 [TCP segment of a reassembled PDU]"
"35457","33.335149244","192.168.1.55","192.168.1.2","TCP","1514","8004  >  36180 [PSH, ACK] Seq=438934 Ack=144 Win=65024 Len=1448 TSval=2916037415 TSecr=3045557190 [TCP segment of a reassembled PDU]"
"35458","33.335237522","192.168.1.2","192.168.1.55","TCP","66","36180  >  8004 [ACK] Seq=144 Ack=398390 Win=78848 Len=0 TSval=3045557190 TSecr=2916037410"
"35459","33.335246004","192.168.1.2","192.168.1.55","TCP","66","36180  >  8004 [ACK] Seq=144 Ack=404182 Win=93184 Len=0 TSval=3045557190 TSecr=2916037411"
"35460","33.335251096","192.168.1.2","192.168.1.55","TCP","66","36180  >  8004 [ACK] Seq=144 Ack=409974 Win=107520 Len=0 TSval=3045557190 TSecr=2916037412"
"35461","33.335258189","192.168.1.55","192.168.1.2","TCP","1514","8004  >  36180 [ACK] Seq=440382 Ack=144 Win=65024 Len=1448 TSval=2916037415 TSecr=3045557190 [TCP segment of a reassembled PDU]"
"35462","33.335259930","192.168.1.55","192.168.1.2","TCP","1514","8004  >  36180 [PSH, ACK] Seq=441830 Ack=144 Win=65024 Len=1448 TSval=2916037415 TSecr=3045557190 [TCP segment of a reassembled PDU]"
"35463","33.336137246","192.168.1.55","192.168.1.2","TCP","1514","8004  >  36180 [ACK] Seq=443278 Ack=144 Win=65024 Len=1448 TSval=2916037416 TSecr=3045557190 [TCP segment of a reassembled PDU]"
"35464","33.336141357","192.168.1.55","192.168.1.2","TCP","1514","8004  >  36180 [ACK] Seq=444726 Ack=144 Win=65024 Len=1448 TSval=2916037416 TSecr=3045557190 [TCP segment of a reassembled PDU]"
"35465","33.336142764","192.168.1.55","192.168.1.2","TCP","1514","8004  >  36180 [ACK] Seq=446174 Ack=144 Win=65024 Len=1448 TSval=2916037416 TSecr=3045557190 [TCP segment of a reassembled PDU]"
"35466","33.336144061","192.168.1.55","192.168.1.2","TCP","1514","8004  >  36180 [ACK] Seq=447622 Ack=144 Win=65024 Len=1448 TSval=2916037416 TSecr=3045557190 [TCP segment of a reassembled PDU]"
"35467","33.336145727","192.168.1.55","192.168.1.2","TCP","1514","8004  >  36180 [ACK] Seq=449070 Ack=144 Win=65024 Len=1448 TSval=2916037416 TSecr=3045557190 [TCP segment of a reassembled PDU]"
"35468","33.336147098","192.168.1.55","192.168.1.2","TCP","1514","8004  >  36180 [ACK] Seq=450518 Ack=144 Win=65024 Len=1448 TSval=2916037416 TSecr=3045557190 [TCP segment of a reassembled PDU]"
"35469","33.336149635","192.168.1.55","192.168.1.2","TCP","1514","8004  >  36180 [ACK] Seq=451966 Ack=144 Win=65024 Len=1448 TSval=2916037416 TSecr=3045557190 [TCP segment of a reassembled PDU]"
"35470","33.336150949","192.168.1.55","192.168.1.2","TCP","1514","8004  >  36180 [ACK] Seq=453414 Ack=144 Win=65024 Len=1448 TSval=2916037416 TSecr=3045557190 [TCP segment of a reassembled PDU]"
"35471","33.336152301","192.168.1.55","192.168.1.2","TCP","1514","8004  >  36180 [ACK] Seq=454862 Ack=144 Win=65024 Len=1448 TSval=2916037416 TSecr=3045557190 [TCP segment of a reassembled PDU]"
"35472","33.336153894","192.168.1.55","192.168.1.2","TCP","1514","8004  >  36180 [ACK] Seq=456310 Ack=144 Win=65024 Len=1448 TSval=2916037416 TSecr=3045557190 [TCP segment of a reassembled PDU]"
"35473","33.336155283","192.168.1.55","192.168.1.2","TCP","1514","8004  >  36180 [ACK] Seq=457758 Ack=144 Win=65024 Len=1448 TSval=2916037416 TSecr=3045557190 [TCP segment of a reassembled PDU]"
"35474","33.336156505","192.168.1.55","192.168.1.2","TCP","1514","8004  >  36180 [ACK] Seq=459206 Ack=144 Win=65024 Len=1448 TSval=2916037416 TSecr=3045557190 [TCP segment of a reassembled PDU]"
"35475","33.336158190","192.168.1.55","192.168.1.2","TCP","1514","8004  >  36180 [ACK] Seq=460654 Ack=144 Win=65024 Len=1448 TSval=2916037416 TSecr=3045557190 [TCP segment of a reassembled PDU]"
"35476","33.336159394","192.168.1.55","192.168.1.2","TCP","1514","8004  >  36180 [ACK] Seq=462102 Ack=144 Win=65024 Len=1448 TSval=2916037416 TSecr=3045557190 [TCP segment of a reassembled PDU]"
"35477","33.336160598","192.168.1.55","192.168.1.2","TCP","1514","8004  >  36180 [ACK] Seq=463550 Ack=144 Win=65024 Len=1448 TSval=2916037416 TSecr=3045557190 [TCP segment of a reassembled PDU]"
"35478","33.336161987","192.168.1.55","192.168.1.2","TCP","1514","8004  >  36180 [ACK] Seq=464998 Ack=144 Win=65024 Len=1448 TSval=2916037416 TSecr=3045557190 [TCP segment of a reassembled PDU]"
"35479","33.336163301","192.168.1.55","192.168.1.2","TCP","1514","8004  >  36180 [ACK] Seq=466446 Ack=144 Win=65024 Len=1448 TSval=2916037416 TSecr=3045557190 [TCP segment of a reassembled PDU]"
"35480","33.336164524","192.168.1.55","192.168.1.2","TCP","1514","8004  >  36180 [ACK] Seq=467894 Ack=144 Win=65024 Len=1448 TSval=2916037416 TSecr=3045557190 [TCP segment of a reassembled PDU]"
"35481","33.336165764","192.168.1.55","192.168.1.2","TCP","1514","8004  >  36180 [ACK] Seq=469342 Ack=144 Win=65024 Len=1448 TSval=2916037416 TSecr=3045557190 [TCP segment of a reassembled PDU]"
"35482","33.336167005","192.168.1.55","192.168.1.2","TCP","1514","8004  >  36180 [ACK] Seq=470790 Ack=144 Win=65024 Len=1448 TSval=2916037416 TSecr=3045557190 [TCP segment of a reassembled PDU]"
"35483","33.336168709","192.168.1.55","192.168.1.2","TCP","1514","8004  >  36180 [ACK] Seq=472238 Ack=144 Win=65024 Len=1448 TSval=2916037416 TSecr=3045557190 [TCP segment of a reassembled PDU]"
"35484","33.336170061","192.168.1.55","192.168.1.2","TCP","1514","8004  >  36180 [PSH, ACK] Seq=473686 Ack=144 Win=65024 Len=1448 TSval=2916037416 TSecr=3045557190 [TCP segment of a reassembled PDU]"
"35485","33.340017141","192.168.1.2","192.168.1.55","TCP","66","36180  >  8004 [ACK] Seq=144 Ack=440382 Win=91136 Len=0 TSval=3045557195 TSecr=2916037415"
"35486","33.340031993","192.168.1.55","192.168.1.2","TCP","1514","8004  >  36180 [ACK] Seq=475134 Ack=144 Win=65024 Len=1448 TSval=2916037420 TSecr=3045557195 [TCP segment of a reassembled PDU]"
"35487","33.340034696","192.168.1.55","192.168.1.2","TCP","1514","8004  >  36180 [ACK] Seq=476582 Ack=144 Win=65024 Len=1448 TSval=2916037420 TSecr=3045557195 [TCP segment of a reassembled PDU]"
"35488","33.340036030","192.168.1.55","192.168.1.2","TCP","1514","8004  >  36180 [ACK] Seq=478030 Ack=144 Win=65024 Len=1448 TSval=2916037420 TSecr=3045557195 [TCP segment of a reassembled PDU]"
"35489","33.340037622","192.168.1.55","192.168.1.2","TCP","1514","8004  >  36180 [ACK] Seq=479478 Ack=144 Win=65024 Len=1448 TSval=2916037420 TSecr=3045557195 [TCP segment of a reassembled PDU]"
"35490","33.340038956","192.168.1.55","192.168.1.2","TCP","1514","8004  >  36180 [PSH, ACK] Seq=480926 Ack=144 Win=65024 Len=1448 TSval=2916037420 TSecr=3045557195 [TCP segment of a reassembled PDU]"
"35491","33.340055141","192.168.1.55","192.168.1.2","TCP","1514","8004  >  36180 [ACK] Seq=482374 Ack=144 Win=65024 Len=1448 TSval=2916037420 TSecr=3045557195 [TCP segment of a reassembled PDU]"
"35492","33.340056641","192.168.1.55","192.168.1.2","TCP","1514","8004  >  36180 [ACK] Seq=483822 Ack=144 Win=65024 Len=1448 TSval=2916037420 TSecr=3045557195 [TCP segment of a reassembled PDU]"
"35493","33.340057900","192.168.1.55","192.168.1.2","TCP","1514","8004  >  36180 [ACK] Seq=485270 Ack=144 Win=65024 Len=1448 TSval=2916037420 TSecr=3045557195 [TCP segment of a reassembled PDU]"
"35494","33.340059271","192.168.1.55","192.168.1.2","TCP","1514","8004  >  36180 [ACK] Seq=486718 Ack=144 Win=65024 Len=1448 TSval=2916037420 TSecr=3045557195 [TCP segment of a reassembled PDU]"
"35495","33.340060567","192.168.1.55","192.168.1.2","TCP","1514","8004  >  36180 [ACK] Seq=488166 Ack=144 Win=65024 Len=1448 TSval=2916037420 TSecr=3045557195 [TCP segment of a reassembled PDU]"
"35496","33.340061919","192.168.1.55","192.168.1.2","TCP","1514","8004  >  36180 [ACK] Seq=489614 Ack=144 Win=65024 Len=1448 TSval=2916037420 TSecr=3045557195 [TCP segment of a reassembled PDU]"
"35497","33.340063289","192.168.1.55","192.168.1.2","TCP","1514","8004  >  36180 [ACK] Seq=491062 Ack=144 Win=65024 Len=1448 TSval=2916037420 TSecr=3045557195 [TCP segment of a reassembled PDU]"
"35498","33.340065067","192.168.1.55","192.168.1.2","TCP","1514","8004  >  36180 [ACK] Seq=492510 Ack=144 Win=65024 Len=1448 TSval=2916037420 TSecr=3045557195 [TCP segment of a reassembled PDU]"
"35499","33.340066437","192.168.1.55","192.168.1.2","TCP","1514","8004  >  36180 [ACK] Seq=493958 Ack=144 Win=65024 Len=1448 TSval=2916037420 TSecr=3045557195 [TCP segment of a reassembled PDU]"
"35500","33.340067733","192.168.1.55","192.168.1.2","TCP","1514","8004  >  36180 [ACK] Seq=495406 Ack=144 Win=65024 Len=1448 TSval=2916037420 TSecr=3045557195 [TCP segment of a reassembled PDU]"
"35501","33.340069030","192.168.1.55","192.168.1.2","TCP","1514","8004  >  36180 [ACK] Seq=496854 Ack=144 Win=65024 Len=1448 TSval=2916037420 TSecr=3045557195 [TCP segment of a reassembled PDU]"
"35502","33.340070419","192.168.1.55","192.168.1.2","HTTP","222","HTTP/1.0 200 OK  (PNG)"
"35503","33.340147271","192.168.1.2","192.168.1.55","TCP","66","36180  >  8004 [ACK] Seq=144 Ack=443278 Win=94208 Len=0 TSval=3045557195 TSecr=2916037415"
"35504","33.340153882","192.168.1.2","192.168.1.55","TCP","66","36180  >  8004 [ACK] Seq=144 Ack=469342 Win=96256 Len=0 TSval=3045557195 TSecr=2916037416"
"35505","33.340818087","192.168.1.2","192.168.1.55","TCP","66","36180  >  8004 [ACK] Seq=144 Ack=475134 Win=107520 Len=0 TSval=3045557196 TSecr=2916037416"
"35506","33.342971997","192.168.1.2","192.168.1.55","TCP","66","36180  >  8004 [ACK] Seq=144 Ack=482374 Win=107520 Len=0 TSval=3045557198 TSecr=2916037420"
"35507","33.343082201","192.168.1.2","192.168.1.55","TCP","66","36180  >  8004 [ACK] Seq=144 Ack=489614 Win=101376 Len=0 TSval=3045557198 TSecr=2916037420"
"35508","33.343820814","192.168.1.2","192.168.1.55","TCP","66","36180  >  8004 [ACK] Seq=144 Ack=498302 Win=105472 Len=0 TSval=3045557199 TSecr=2916037420"
"35509","33.345281779","192.168.1.2","192.168.1.55","TCP","66","36180  >  8004 [FIN, ACK] Seq=144 Ack=498459 Win=110592 Len=0 TSval=3045557200 TSecr=2916037420"
"35510","33.345298279","192.168.1.55","192.168.1.2","TCP","66","8004  >  36180 [ACK] Seq=498459 Ack=145 Win=65024 Len=0 TSval=2916037425 TSecr=3045557200"
"35511","33.345345890","192.168.1.2","192.168.1.55","TCP","74","36192  >  8004 [SYN] Seq=0 Win=64240 Len=0 MSS=1460 SACK_PERM TSval=3045557200 TSecr=0 WS=1024"
"35512","33.345370594","192.168.1.55","192.168.1.2","TCP","74","8004  >  36192 [SYN, ACK] Seq=0 Ack=1 Win=65160 Len=0 MSS=1460 SACK_PERM TSval=2916037426 TSecr=3045557200 WS=128"
"35513","33.348645692","192.168.1.2","192.168.1.55","TCP","66","36192  >  8004 [ACK] Seq=1 Ack=1 Win=64512 Len=0 TSval=3045557203 TSecr=2916037426"
"35514","33.351864586","192.168.1.2","192.168.1.55","HTTP","206","GET /stego_benchmark.png HTTP/1.1 "
"35515","33.351881160","192.168.1.55","192.168.1.2","TCP","66","8004  >  36192 [ACK] Seq=1 Ack=141 Win=65024 Len=0 TSval=2916037432 TSecr=3045557203"
"35516","33.352398975","192.168.1.55","192.168.1.2","TCP","255","8004  >  36192 [PSH, ACK] Seq=1 Ack=141 Win=65024 Len=189 TSval=2916037433 TSecr=3045557203 [TCP segment of a reassembled PDU]"
"35517","33.352487883","192.168.1.55","192.168.1.2","TCP","1514","8004  >  36192 [ACK] Seq=190 Ack=141 Win=65024 Len=1448 TSval=2916037433 TSecr=3045557203 [TCP segment of a reassembled PDU]"
"35518","33.352492938","192.168.1.55","192.168.1.2","TCP","1514","8004  >  36192 [ACK] Seq=1638 Ack=141 Win=65024 Len=1448 TSval=2916037433 TSecr=3045557203 [TCP segment of a reassembled PDU]"
"35519","33.352495031","192.168.1.55","192.168.1.2","TCP","1514","8004  >  36192 [ACK] Seq=3086 Ack=141 Win=65024 Len=1448 TSval=2916037433 TSecr=3045557203 [TCP segment of a reassembled PDU]"
"35520","33.352496698","192.168.1.55","192.168.1.2","TCP","1514","8004  >  36192 [ACK] Seq=4534 Ack=141 Win=65024 Len=1448 TSval=2916037433 TSecr=3045557203 [TCP segment of a reassembled PDU]"
"35521","33.352498790","192.168.1.55","192.168.1.2","TCP","1514","8004  >  36192 [PSH, ACK] Seq=5982 Ack=141 Win=65024 Len=1448 TSval=2916037433 TSecr=3045557203 [TCP segment of a reassembled PDU]"
"35522","33.352518864","192.168.1.55","192.168.1.2","TCP","1514","8004  >  36192 [ACK] Seq=7430 Ack=141 Win=65024 Len=1448 TSval=2916037433 TSecr=3045557203 [TCP segment of a reassembled PDU]"
"35523","33.352520809","192.168.1.55","192.168.1.2","TCP","1514","8004  >  36192 [ACK] Seq=8878 Ack=141 Win=65024 Len=1448 TSval=2916037433 TSecr=3045557203 [TCP segment of a reassembled PDU]"
"35524","33.352522235","192.168.1.55","192.168.1.2","TCP","1514","8004  >  36192 [ACK] Seq=10326 Ack=141 Win=65024 Len=1448 TSval=2916037433 TSecr=3045557203 [TCP segment of a reassembled PDU]"
"35525","33.352524253","192.168.1.55","192.168.1.2","TCP","1514","8004  >  36192 [PSH, ACK] Seq=11774 Ack=141 Win=65024 Len=1448 TSval=2916037433 TSecr=3045557203 [TCP segment of a reassembled PDU]"
"35526","33.360945433","192.168.1.2","192.168.1.55","TCP","66","36192  >  8004 [ACK] Seq=141 Ack=190 Win=64512 Len=0 TSval=3045557215 TSecr=2916037433"
"35527","33.361013119","192.168.1.55","192.168.1.2","TCP","1514","8004  >  36192 [ACK] Seq=13222 Ack=141 Win=65024 Len=1448 TSval=2916037441 TSecr=3045557215 [TCP segment of a reassembled PDU]"
"35528","33.361017841","192.168.1.55","192.168.1.2","TCP","1514","8004  >  36192 [PSH, ACK] Seq=14670 Ack=141 Win=65024 Len=1448 TSval=2916037441 TSecr=3045557215 [TCP segment of a reassembled PDU]"
"35529","33.361084267","192.168.1.2","192.168.1.55","TCP","66","36192  >  8004 [ACK] Seq=141 Ack=7430 Win=79872 Len=0 TSval=3045557215 TSecr=2916037433"
"35530","33.361116119","192.168.1.55","192.168.1.2","TCP","1514","8004  >  36192 [ACK] Seq=16118 Ack=141 Win=65024 Len=1448 TSval=2916037441 TSecr=3045557215 [TCP segment of a reassembled PDU]"
"35531","33.361120267","192.168.1.55","192.168.1.2","TCP","1514","8004  >  36192 [ACK] Seq=17566 Ack=141 Win=65024 Len=1448 TSval=2916037441 TSecr=3045557215 [TCP segment of a reassembled PDU]"
"35532","33.361122563","192.168.1.55","192.168.1.2","TCP","1514","8004  >  36192 [ACK] Seq=19014 Ack=141 Win=65024 Len=1448 TSval=2916037441 TSecr=3045557215 [TCP segment of a reassembled PDU]"
"35533","33.361124860","192.168.1.55","192.168.1.2","TCP","1514","8004  >  36192 [ACK] Seq=20462 Ack=141 Win=65024 Len=1448 TSval=2916037441 TSecr=3045557215 [TCP segment of a reassembled PDU]"
"35534","33.361127008","192.168.1.55","192.168.1.2","TCP","1514","8004  >  36192 [ACK] Seq=21910 Ack=141 Win=65024 Len=1448 TSval=2916037441 TSecr=3045557215 [TCP segment of a reassembled PDU]"
"35535","33.361129452","192.168.1.55","192.168.1.2","TCP","1514","8004  >  36192 [ACK] Seq=23358 Ack=141 Win=65024 Len=1448 TSval=2916037441 TSecr=3045557215 [TCP segment of a reassembled PDU]"
"35536","33.361131674","192.168.1.55","192.168.1.2","TCP","1514","8004  >  36192 [ACK] Seq=24806 Ack=141 Win=65024 Len=1448 TSval=2916037441 TSecr=3045557215 [TCP segment of a reassembled PDU]"
"35537","33.361133971","192.168.1.55","192.168.1.2","TCP","1514","8004  >  36192 [PSH, ACK] Seq=26254 Ack=141 Win=65024 Len=1448 TSval=2916037441 TSecr=3045557215 [TCP segment of a reassembled PDU]"
"35538","33.361139656","192.168.1.2","192.168.1.55","TCP","66","36192  >  8004 [ACK] Seq=141 Ack=13222 Win=81920 Len=0 TSval=3045557215 TSecr=2916037433"
"35539","33.361173156","192.168.1.55","192.168.1.2","TCP","1514","8004  >  36192 [ACK] Seq=27702 Ack=141 Win=65024 Len=1448 TSval=2916037441 TSecr=3045557215 [TCP segment of a reassembled PDU]"
"35540","33.361176248","192.168.1.55","192.168.1.2","TCP","1514","8004  >  36192 [ACK] Seq=29150 Ack=141 Win=65024 Len=1448 TSval=2916037441 TSecr=3045557215 [TCP segment of a reassembled PDU]"
"35541","33.361179656","192.168.1.55","192.168.1.2","TCP","1514","8004  >  36192 [ACK] Seq=30598 Ack=141 Win=65024 Len=1448 TSval=2916037441 TSecr=3045557215 [TCP segment of a reassembled PDU]"
"35542","33.361181248","192.168.1.55","192.168.1.2","TCP","1514","8004  >  36192 [ACK] Seq=32046 Ack=141 Win=65024 Len=1448 TSval=2916037441 TSecr=3045557215 [TCP segment of a reassembled PDU]"
"35543","33.361182804","192.168.1.55","192.168.1.2","TCP","1514","8004  >  36192 [ACK] Seq=33494 Ack=141 Win=65024 Len=1448 TSval=2916037441 TSecr=3045557215 [TCP segment of a reassembled PDU]"
"35544","33.361184563","192.168.1.55","192.168.1.2","TCP","1514","8004  >  36192 [ACK] Seq=34942 Ack=141 Win=65024 Len=1448 TSval=2916037441 TSecr=3045557215 [TCP segment of a reassembled PDU]"
"35545","33.361185860","192.168.1.55","192.168.1.2","TCP","1514","8004  >  36192 [ACK] Seq=36390 Ack=141 Win=65024 Len=1448 TSval=2916037441 TSecr=3045557215 [TCP segment of a reassembled PDU]"
"35546","33.361188211","192.168.1.55","192.168.1.2","TCP","1514","8004  >  36192 [ACK] Seq=37838 Ack=141 Win=65024 Len=1448 TSval=2916037441 TSecr=3045557215 [TCP segment of a reassembled PDU]"
"35547","33.361189711","192.168.1.55","192.168.1.2","TCP","1514","8004  >  36192 [ACK] Seq=39286 Ack=141 Win=65024 Len=1448 TSval=2916037441 TSecr=3045557215 [TCP segment of a reassembled PDU]"
"35548","33.361191193","192.168.1.55","192.168.1.2","TCP","1514","8004  >  36192 [PSH, ACK] Seq=40734 Ack=141 Win=65024 Len=1448 TSval=2916037441 TSecr=3045557215 [TCP segment of a reassembled PDU]"
"35549","33.365504663","192.168.1.2","192.168.1.55","TCP","66","36192  >  8004 [ACK] Seq=141 Ack=16118 Win=88064 Len=0 TSval=3045557220 TSecr=2916037441"
"35550","33.365519404","192.168.1.55","192.168.1.2","TCP","1514","8004  >  36192 [ACK] Seq=42182 Ack=141 Win=65024 Len=1448 TSval=2916037446 TSecr=3045557220 [TCP segment of a reassembled PDU]"
"35551","33.365522181","192.168.1.55","192.168.1.2","TCP","1514","8004  >  36192 [PSH, ACK] Seq=43630 Ack=141 Win=65024 Len=1448 TSval=2916037446 TSecr=3045557220 [TCP segment of a reassembled PDU]"
"35552","33.365939626","192.168.1.2","192.168.1.55","TCP","66","36192  >  8004 [ACK] Seq=141 Ack=27702 Win=82944 Len=0 TSval=3045557220 TSecr=2916037441"
"35553","33.365974589","192.168.1.55","192.168.1.2","TCP","1514","8004  >  36192 [ACK] Seq=45078 Ack=141 Win=65024 Len=1448 TSval=2916037446 TSecr=3045557220 [TCP segment of a reassembled PDU]"
"35554","33.365976978","192.168.1.55","192.168.1.2","TCP","1514","8004  >  36192 [ACK] Seq=46526 Ack=141 Win=65024 Len=1448 TSval=2916037446 TSecr=3045557220 [TCP segment of a reassembled PDU]"
"35555","33.365979238","192.168.1.55","192.168.1.2","TCP","1514","8004  >  36192 [ACK] Seq=47974 Ack=141 Win=65024 Len=1448 TSval=2916037446 TSecr=3045557220 [TCP segment of a reassembled PDU]"
"35556","33.365980960","192.168.1.55","192.168.1.2","TCP","1514","8004  >  36192 [ACK] Seq=49422 Ack=141 Win=65024 Len=1448 TSval=2916037446 TSecr=3045557220 [TCP segment of a reassembled PDU]"
"35557","33.365982201","192.168.1.55","192.168.1.2","TCP","1514","8004  >  36192 [ACK] Seq=50870 Ack=141 Win=65024 Len=1448 TSval=2916037446 TSecr=3045557220 [TCP segment of a reassembled PDU]"
"35558","33.365983941","192.168.1.55","192.168.1.2","TCP","1514","8004  >  36192 [ACK] Seq=52318 Ack=141 Win=65024 Len=1448 TSval=2916037446 TSecr=3045557220 [TCP segment of a reassembled PDU]"
"35559","33.365985830","192.168.1.55","192.168.1.2","TCP","1514","8004  >  36192 [ACK] Seq=53766 Ack=141 Win=65024 Len=1448 TSval=2916037446 TSecr=3045557220 [TCP segment of a reassembled PDU]"
"35560","33.365987738","192.168.1.55","192.168.1.2","TCP","1514","8004  >  36192 [ACK] Seq=55214 Ack=141 Win=65024 Len=1448 TSval=2916037446 TSecr=3045557220 [TCP segment of a reassembled PDU]"
"35561","33.365989201","192.168.1.55","192.168.1.2","TCP","1514","8004  >  36192 [ACK] Seq=56662 Ack=141 Win=65024 Len=1448 TSval=2916037446 TSecr=3045557220 [TCP segment of a reassembled PDU]"
"35562","33.365991145","192.168.1.55","192.168.1.2","TCP","1514","8004  >  36192 [ACK] Seq=58110 Ack=141 Win=65024 Len=1448 TSval=2916037446 TSecr=3045557220 [TCP segment of a reassembled PDU]"
"35563","33.365993127","192.168.1.55","192.168.1.2","TCP","1514","8004  >  36192 [ACK] Seq=59558 Ack=141 Win=65024 Len=1448 TSval=2916037446 TSecr=3045557220 [TCP segment of a reassembled PDU]"
"35564","33.365994738","192.168.1.55","192.168.1.2","TCP","1514","8004  >  36192 [ACK] Seq=61006 Ack=141 Win=65024 Len=1448 TSval=2916037446 TSecr=3045557220 [TCP segment of a reassembled PDU]"
"35565","33.365996571","192.168.1.55","192.168.1.2","TCP","1514","8004  >  36192 [ACK] Seq=62454 Ack=141 Win=65024 Len=1448 TSval=2916037446 TSecr=3045557220 [TCP segment of a reassembled PDU]"
"35566","33.365999460","192.168.1.55","192.168.1.2","TCP","1514","8004  >  36192 [ACK] Seq=63902 Ack=141 Win=65024 Len=1448 TSval=2916037446 TSecr=3045557220 [TCP segment of a reassembled PDU]"
"35567","33.366001145","192.168.1.55","192.168.1.2","TCP","1514","8004  >  36192 [PSH, ACK] Seq=65350 Ack=141 Win=65024 Len=1448 TSval=2916037446 TSecr=3045557220 [TCP segment of a reassembled PDU]"
"35568","33.366008182","192.168.1.2","192.168.1.55","TCP","66","36192  >  8004 [ACK] Seq=141 Ack=36390 Win=74752 Len=0 TSval=3045557220 TSecr=2916037441"
"35569","33.366027738","192.168.1.55","192.168.1.2","TCP","1514","8004  >  36192 [ACK] Seq=66798 Ack=141 Win=65024 Len=1448 TSval=2916037446 TSecr=3045557220 [TCP segment of a reassembled PDU]"
"35570","33.366029867","192.168.1.55","192.168.1.2","TCP","1514","8004  >  36192 [ACK] Seq=68246 Ack=141 Win=65024 Len=1448 TSval=2916037446 TSecr=3045557220 [TCP segment of a reassembled PDU]"
"35571","33.366032052","192.168.1.55","192.168.1.2","TCP","1514","8004  >  36192 [ACK] Seq=69694 Ack=141 Win=65024 Len=1448 TSval=2916037446 TSecr=3045557220 [TCP segment of a reassembled PDU]"
"35572","33.366042867","192.168.1.55","192.168.1.2","TCP","1514","8004  >  36192 [ACK] Seq=71142 Ack=141 Win=65024 Len=1448 TSval=2916037446 TSecr=3045557220 [TCP segment of a reassembled PDU]"
"35573","33.366045534","192.168.1.55","192.168.1.2","TCP","1514","8004  >  36192 [ACK] Seq=72590 Ack=141 Win=65024 Len=1448 TSval=2916037446 TSecr=3045557220 [TCP segment of a reassembled PDU]"
"35574","33.366047238","192.168.1.55","192.168.1.2","TCP","1514","8004  >  36192 [ACK] Seq=74038 Ack=141 Win=65024 Len=1448 TSval=2916037446 TSecr=3045557220 [TCP segment of a reassembled PDU]"
"35575","33.366048423","192.168.1.55","192.168.1.2","TCP","1514","8004  >  36192 [PSH, ACK] Seq=75486 Ack=141 Win=65024 Len=1448 TSval=2916037446 TSecr=3045557220 [TCP segment of a reassembled PDU]"
"35576","33.366055682","192.168.1.2","192.168.1.55","TCP","66","36192  >  8004 [ACK] Seq=141 Ack=39286 Win=93184 Len=0 TSval=3045557220 TSecr=2916037441"
"35577","33.366063904","192.168.1.2","192.168.1.55","TCP","66","36192  >  8004 [ACK] Seq=141 Ack=42182 Win=94208 Len=0 TSval=3045557221 TSecr=2916037441"
"35578","33.367056813","192.168.1.55","192.168.1.2","TCP","1514","8004  >  36192 [ACK] Seq=76934 Ack=141 Win=65024 Len=1448 TSval=2916037447 TSecr=3045557221 [TCP segment of a reassembled PDU]"
"35579","33.367073869","192.168.1.55","192.168.1.2","TCP","1514","8004  >  36192 [ACK] Seq=78382 Ack=141 Win=65024 Len=1448 TSval=2916037447 TSecr=3045557221 [TCP segment of a reassembled PDU]"
"35580","33.367076128","192.168.1.55","192.168.1.2","TCP","1514","8004  >  36192 [ACK] Seq=79830 Ack=141 Win=65024 Len=1448 TSval=2916037447 TSecr=3045557221 [TCP segment of a reassembled PDU]"
"35581","33.367078739","192.168.1.55","192.168.1.2","TCP","1514","8004  >  36192 [ACK] Seq=81278 Ack=141 Win=65024 Len=1448 TSval=2916037447 TSecr=3045557221 [TCP segment of a reassembled PDU]"
"35582","33.367080647","192.168.1.55","192.168.1.2","TCP","1514","8004  >  36192 [ACK] Seq=82726 Ack=141 Win=65024 Len=1448 TSval=2916037447 TSecr=3045557221 [TCP segment of a reassembled PDU]"
"35583","33.367082850","192.168.1.55","192.168.1.2","TCP","1514","8004  >  36192 [ACK] Seq=84174 Ack=141 Win=65024 Len=1448 TSval=2916037447 TSecr=3045557221 [TCP segment of a reassembled PDU]"
"35584","33.367084999","192.168.1.55","192.168.1.2","TCP","1514","8004  >  36192 [ACK] Seq=85622 Ack=141 Win=65024 Len=1448 TSval=2916037447 TSecr=3045557221 [TCP segment of a reassembled PDU]"
"35585","33.367086313","192.168.1.55","192.168.1.2","TCP","1514","8004  >  36192 [ACK] Seq=87070 Ack=141 Win=65024 Len=1448 TSval=2916037447 TSecr=3045557221 [TCP segment of a reassembled PDU]"
"35586","33.367088647","192.168.1.55","192.168.1.2","TCP","1514","8004  >  36192 [ACK] Seq=88518 Ack=141 Win=65024 Len=1448 TSval=2916037447 TSecr=3045557221 [TCP segment of a reassembled PDU]"
"35587","33.367091165","192.168.1.55","192.168.1.2","TCP","1514","8004  >  36192 [ACK] Seq=89966 Ack=141 Win=65024 Len=1448 TSval=2916037447 TSecr=3045557221 [TCP segment of a reassembled PDU]"
"35588","33.367092369","192.168.1.55","192.168.1.2","TCP","1514","8004  >  36192 [ACK] Seq=91414 Ack=141 Win=65024 Len=1448 TSval=2916037447 TSecr=3045557221 [TCP segment of a reassembled PDU]"
"35589","33.367094110","192.168.1.55","192.168.1.2","TCP","1514","8004  >  36192 [ACK] Seq=92862 Ack=141 Win=65024 Len=1448 TSval=2916037447 TSecr=3045557221 [TCP segment of a reassembled PDU]"
"35590","33.367095888","192.168.1.55","192.168.1.2","TCP","1514","8004  >  36192 [ACK] Seq=94310 Ack=141 Win=65024 Len=1448 TSval=2916037447 TSecr=3045557221 [TCP segment of a reassembled PDU]"
"35591","33.367097832","192.168.1.55","192.168.1.2","TCP","1514","8004  >  36192 [ACK] Seq=95758 Ack=141 Win=65024 Len=1448 TSval=2916037447 TSecr=3045557221 [TCP segment of a reassembled PDU]"
"35592","33.367099443","192.168.1.55","192.168.1.2","TCP","1514","8004  >  36192 [ACK] Seq=97206 Ack=141 Win=65024 Len=1448 TSval=2916037447 TSecr=3045557221 [TCP segment of a reassembled PDU]"
"35593","33.367102628","192.168.1.55","192.168.1.2","TCP","1514","8004  >  36192 [PSH, ACK] Seq=98654 Ack=141 Win=65024 Len=1448 TSval=2916037447 TSecr=3045557221 [TCP segment of a reassembled PDU]"
"35594","33.370076189","192.168.1.2","192.168.1.55","TCP","66","36192  >  8004 [ACK] Seq=141 Ack=43630 Win=93184 Len=0 TSval=3045557222 TSecr=2916037446"
"35595","33.370148078","192.168.1.55","192.168.1.2","TCP","1514","8004  >  36192 [ACK] Seq=100102 Ack=141 Win=65024 Len=1448 TSval=2916037450 TSecr=3045557222 [TCP segment of a reassembled PDU]"
"35596","33.370153855","192.168.1.55","192.168.1.2","TCP","1514","8004  >  36192 [PSH, ACK] Seq=101550 Ack=141 Win=65024 Len=1448 TSval=2916037450 TSecr=3045557222 [TCP segment of a reassembled PDU]"
"35597","33.370190689","192.168.1.2","192.168.1.55","TCP","66","36192  >  8004 [ACK] Seq=141 Ack=45078 Win=93184 Len=0 TSval=3045557223 TSecr=2916037446"
"35598","33.372004062","192.168.1.2","192.168.1.55","TCP","66","36192  >  8004 [ACK] Seq=141 Ack=66798 Win=73728 Len=0 TSval=3045557225 TSecr=2916037446"
"35599","33.372035710","192.168.1.55","192.168.1.2","TCP","1514","8004  >  36192 [ACK] Seq=102998 Ack=141 Win=65024 Len=1448 TSval=2916037452 TSecr=3045557225 [TCP segment of a reassembled PDU]"
"35600","33.372038784","192.168.1.55","192.168.1.2","TCP","1514","8004  >  36192 [ACK] Seq=104446 Ack=141 Win=65024 Len=1448 TSval=2916037452 TSecr=3045557225 [TCP segment of a reassembled PDU]"
"35601","33.372041229","192.168.1.55","192.168.1.2","TCP","1514","8004  >  36192 [ACK] Seq=105894 Ack=141 Win=65024 Len=1448 TSval=2916037452 TSecr=3045557225 [TCP segment of a reassembled PDU]"
"35602","33.372042951","192.168.1.55","192.168.1.2","TCP","1514","8004  >  36192 [ACK] Seq=107342 Ack=141 Win=65024 Len=1448 TSval=2916037452 TSecr=3045557225 [TCP segment of a reassembled PDU]"
"35603","33.372044062","192.168.1.55","192.168.1.2","TCP","1514","8004  >  36192 [ACK] Seq=108790 Ack=141 Win=65024 Len=1448 TSval=2916037452 TSecr=3045557225 [TCP segment of a reassembled PDU]"
"35604","33.372045266","192.168.1.55","192.168.1.2","TCP","1514","8004  >  36192 [ACK] Seq=110238 Ack=141 Win=65024 Len=1448 TSval=2916037452 TSecr=3045557225 [TCP segment of a reassembled PDU]"
"35605","33.372046469","192.168.1.55","192.168.1.2","TCP","1514","8004  >  36192 [ACK] Seq=111686 Ack=141 Win=65024 Len=1448 TSval=2916037452 TSecr=3045557225 [TCP segment of a reassembled PDU]"
"35606","33.372047618","192.168.1.55","192.168.1.2","TCP","1514","8004  >  36192 [ACK] Seq=113134 Ack=141 Win=65024 Len=1448 TSval=2916037452 TSecr=3045557225 [TCP segment of a reassembled PDU]"
"35607","33.372048784","192.168.1.55","192.168.1.2","TCP","1514","8004  >  36192 [ACK] Seq=114582 Ack=141 Win=65024 Len=1448 TSval=2916037452 TSecr=3045557225 [TCP segment of a reassembled PDU]"
"35608","33.372050414","192.168.1.55","192.168.1.2","TCP","1514","8004  >  36192 [ACK] Seq=116030 Ack=141 Win=65024 Len=1448 TSval=2916037452 TSecr=3045557225 [TCP segment of a reassembled PDU]"
"35609","33.372052210","192.168.1.55","192.168.1.2","TCP","1514","8004  >  36192 [ACK] Seq=117478 Ack=141 Win=65024 Len=1448 TSval=2916037452 TSecr=3045557225 [TCP segment of a reassembled PDU]"
"35610","33.372053821","192.168.1.55","192.168.1.2","TCP","1514","8004  >  36192 [PSH, ACK] Seq=118926 Ack=141 Win=65024 Len=1448 TSval=2916037452 TSecr=3045557225 [TCP segment of a reassembled PDU]"
"35611","33.372651711","192.168.1.2","192.168.1.55","TCP","66","36192  >  8004 [ACK] Seq=141 Ack=69694 Win=71680 Len=0 TSval=3045557226 TSecr=2916037446"
"35612","33.372667100","192.168.1.2","192.168.1.55","TCP","66","36192  >  8004 [ACK] Seq=141 Ack=76934 Win=89088 Len=0 TSval=3045557226 TSecr=2916037446"
"35613","33.372726378","192.168.1.55","192.168.1.2","TCP","1514","8004  >  36192 [ACK] Seq=120374 Ack=141 Win=65024 Len=1448 TSval=2916037453 TSecr=3045557226 [TCP segment of a reassembled PDU]"
"35614","33.372728859","192.168.1.55","192.168.1.2","TCP","1514","8004  >  36192 [ACK] Seq=121822 Ack=141 Win=65024 Len=1448 TSval=2916037453 TSecr=3045557226 [TCP segment of a reassembled PDU]"
"35615","33.372730008","192.168.1.55","192.168.1.2","TCP","1514","8004  >  36192 [ACK] Seq=123270 Ack=141 Win=65024 Len=1448 TSval=2916037453 TSecr=3045557226 [TCP segment of a reassembled PDU]"
"35616","33.372731971","192.168.1.55","192.168.1.2","TCP","1514","8004  >  36192 [ACK] Seq=124718 Ack=141 Win=65024 Len=1448 TSval=2916037453 TSecr=3045557226 [TCP segment of a reassembled PDU]"
"35617","33.372734063","192.168.1.55","192.168.1.2","TCP","1514","8004  >  36192 [ACK] Seq=126166 Ack=141 Win=65024 Len=1448 TSval=2916037453 TSecr=3045557226 [TCP segment of a reassembled PDU]"
"35618","33.372735915","192.168.1.55","192.168.1.2","TCP","1514","8004  >  36192 [ACK] Seq=127614 Ack=141 Win=65024 Len=1448 TSval=2916037453 TSecr=3045557226 [TCP segment of a reassembled PDU]"
"35619","33.372737508","192.168.1.55","192.168.1.2","TCP","1514","8004  >  36192 [ACK] Seq=129062 Ack=141 Win=65024 Len=1448 TSval=2916037453 TSecr=3045557226 [TCP segment of a reassembled PDU]"
"35620","33.372738582","192.168.1.55","192.168.1.2","TCP","1514","8004  >  36192 [ACK] Seq=130510 Ack=141 Win=65024 Len=1448 TSval=2916037453 TSecr=3045557226 [TCP segment of a reassembled PDU]"
"35621","33.372739804","192.168.1.55","192.168.1.2","TCP","1514","8004  >  36192 [ACK] Seq=131958 Ack=141 Win=65024 Len=1448 TSval=2916037453 TSecr=3045557226 [TCP segment of a reassembled PDU]"
"35622","33.372741082","192.168.1.55","192.168.1.2","TCP","1514","8004  >  36192 [ACK] Seq=133406 Ack=141 Win=65024 Len=1448 TSval=2916037453 TSecr=3045557226 [TCP segment of a reassembled PDU]"
"35623","33.372742341","192.168.1.55","192.168.1.2","TCP","1514","8004  >  36192 [ACK] Seq=134854 Ack=141 Win=65024 Len=1448 TSval=2916037453 TSecr=3045557226 [TCP segment of a reassembled PDU]"
"35624","33.372743656","192.168.1.55","192.168.1.2","TCP","1514","8004  >  36192 [ACK] Seq=136302 Ack=141 Win=65024 Len=1448 TSval=2916037453 TSecr=3045557226 [TCP segment of a reassembled PDU]"
"35625","33.372745211","192.168.1.55","192.168.1.2","TCP","1514","8004  >  36192 [ACK] Seq=137750 Ack=141 Win=65024 Len=1448 TSval=2916037453 TSecr=3045557226 [TCP segment of a reassembled PDU]"
"35626","33.372746896","192.168.1.55","192.168.1.2","TCP","1514","8004  >  36192 [ACK] Seq=139198 Ack=141 Win=65024 Len=1448 TSval=2916037453 TSecr=3045557226 [TCP segment of a reassembled PDU]"
"35627","33.372748434","192.168.1.55","192.168.1.2","TCP","1514","8004  >  36192 [ACK] Seq=140646 Ack=141 Win=65024 Len=1448 TSval=2916037453 TSecr=3045557226 [TCP segment of a reassembled PDU]"
"35628","33.372749859","192.168.1.55","192.168.1.2","TCP","1514","8004  >  36192 [ACK] Seq=142094 Ack=141 Win=65024 Len=1448 TSval=2916037453 TSecr=3045557226 [TCP segment of a reassembled PDU]"
"35629","33.372751063","192.168.1.55","192.168.1.2","TCP","1514","8004  >  36192 [ACK] Seq=143542 Ack=141 Win=65024 Len=1448 TSval=2916037453 TSecr=3045557226 [TCP segment of a reassembled PDU]"
"35630","33.372752267","192.168.1.55","192.168.1.2","TCP","1514","8004  >  36192 [ACK] Seq=144990 Ack=141 Win=65024 Len=1448 TSval=2916037453 TSecr=3045557226 [TCP segment of a reassembled PDU]"
"35631","33.372753415","192.168.1.55","192.168.1.2","TCP","1514","8004  >  36192 [ACK] Seq=146438 Ack=141 Win=65024 Len=1448 TSval=2916037453 TSecr=3045557226 [TCP segment of a reassembled PDU]"
"35632","33.372754915","192.168.1.55","192.168.1.2","TCP","1514","8004  >  36192 [ACK] Seq=147886 Ack=141 Win=65024 Len=1448 TSval=2916037453 TSecr=3045557226 [TCP segment of a reassembled PDU]"
"35633","33.372756619","192.168.1.55","192.168.1.2","TCP","1514","8004  >  36192 [ACK] Seq=149334 Ack=141 Win=65024 Len=1448 TSval=2916037453 TSecr=3045557226 [TCP segment of a reassembled PDU]"
"35634","33.372758471","192.168.1.55","192.168.1.2","TCP","1514","8004  >  36192 [ACK] Seq=150782 Ack=141 Win=65024 Len=1448 TSval=2916037453 TSecr=3045557226 [TCP segment of a reassembled PDU]"
"35635","33.372759989","192.168.1.55","192.168.1.2","TCP","1514","8004  >  36192 [ACK] Seq=152230 Ack=141 Win=65024 Len=1448 TSval=2916037453 TSecr=3045557226 [TCP segment of a reassembled PDU]"
"35636","33.372761656","192.168.1.55","192.168.1.2","TCP","1514","8004  >  36192 [ACK] Seq=153678 Ack=141 Win=65024 Len=1448 TSval=2916037453 TSecr=3045557226 [TCP segment of a reassembled PDU]"
"35637","33.372762897","192.168.1.55","192.168.1.2","TCP","1514","8004  >  36192 [ACK] Seq=155126 Ack=141 Win=65024 Len=1448 TSval=2916037453 TSecr=3045557226 [TCP segment of a reassembled PDU]"
"35638","33.372764100","192.168.1.55","192.168.1.2","TCP","1514","8004  >  36192 [ACK] Seq=156574 Ack=141 Win=65024 Len=1448 TSval=2916037453 TSecr=3045557226 [TCP segment of a reassembled PDU]"
"35639","33.372765674","192.168.1.55","192.168.1.2","TCP","1514","8004  >  36192 [ACK] Seq=158022 Ack=141 Win=65024 Len=1448 TSval=2916037453 TSecr=3045557226 [TCP segment of a reassembled PDU]"
"35640","33.372767711","192.168.1.55","192.168.1.2","TCP","1514","8004  >  36192 [ACK] Seq=159470 Ack=141 Win=65024 Len=1448 TSval=2916037453 TSecr=3045557226 [TCP segment of a reassembled PDU]"
"35641","33.372769452","192.168.1.55","192.168.1.2","TCP","1514","8004  >  36192 [ACK] Seq=160918 Ack=141 Win=65024 Len=1448 TSval=2916037453 TSecr=3045557226 [TCP segment of a reassembled PDU]"
"35642","33.372771304","192.168.1.55","192.168.1.2","TCP","1514","8004  >  36192 [PSH, ACK] Seq=162366 Ack=141 Win=65024 Len=1448 TSval=2916037453 TSecr=3045557226 [TCP segment of a reassembled PDU]"
"35643","33.372778619","192.168.1.2","192.168.1.55","TCP","66","36192  >  8004 [ACK] Seq=141 Ack=94310 Win=72704 Len=0 TSval=3045557226 TSecr=2916037447"
"35644","33.373900806","192.168.1.2","192.168.1.55","TCP","66","36192  >  8004 [ACK] Seq=141 Ack=100102 Win=89088 Len=0 TSval=3045557228 TSecr=2916037447"
"35645","33.373959917","192.168.1.55","192.168.1.2","TCP","1514","8004  >  36192 [ACK] Seq=163814 Ack=141 Win=65024 Len=1448 TSval=2916037454 TSecr=3045557228 [TCP segment of a reassembled PDU]"
"35646","33.373964139","192.168.1.55","192.168.1.2","TCP","1514","8004  >  36192 [ACK] Seq=165262 Ack=141 Win=65024 Len=1448 TSval=2916037454 TSecr=3045557228 [TCP segment of a reassembled PDU]"
"35647","33.373965510","192.168.1.55","192.168.1.2","TCP","1514","8004  >  36192 [ACK] Seq=166710 Ack=141 Win=65024 Len=1448 TSval=2916037454 TSecr=3045557228 [TCP segment of a reassembled PDU]"
"35648","33.373966676","192.168.1.55","192.168.1.2","TCP","1514","8004  >  36192 [ACK] Seq=168158 Ack=141 Win=65024 Len=1448 TSval=2916037454 TSecr=3045557228 [TCP segment of a reassembled PDU]"
"35649","33.373967991","192.168.1.55","192.168.1.2","TCP","1514","8004  >  36192 [ACK] Seq=169606 Ack=141 Win=65024 Len=1448 TSval=2916037454 TSecr=3045557228 [TCP segment of a reassembled PDU]"
"35650","33.373970602","192.168.1.55","192.168.1.2","TCP","1514","8004  >  36192 [ACK] Seq=171054 Ack=141 Win=65024 Len=1448 TSval=2916037454 TSecr=3045557228 [TCP segment of a reassembled PDU]"
"35651","33.373972287","192.168.1.55","192.168.1.2","TCP","1514","8004  >  36192 [ACK] Seq=172502 Ack=141 Win=65024 Len=1448 TSval=2916037454 TSecr=3045557228 [TCP segment of a reassembled PDU]"
"35652","33.373973898","192.168.1.55","192.168.1.2","TCP","1514","8004  >  36192 [ACK] Seq=173950 Ack=141 Win=65024 Len=1448 TSval=2916037454 TSecr=3045557228 [TCP segment of a reassembled PDU]"
"35653","33.373975102","192.168.1.55","192.168.1.2","TCP","1514","8004  >  36192 [ACK] Seq=175398 Ack=141 Win=65024 Len=1448 TSval=2916037454 TSecr=3045557228 [TCP segment of a reassembled PDU]"
"35654","33.373976547","192.168.1.55","192.168.1.2","TCP","1514","8004  >  36192 [ACK] Seq=176846 Ack=141 Win=65024 Len=1448 TSval=2916037454 TSecr=3045557228 [TCP segment of a reassembled PDU]"
"35655","33.373979158","192.168.1.55","192.168.1.2","TCP","1514","8004  >  36192 [ACK] Seq=178294 Ack=141 Win=65024 Len=1448 TSval=2916037454 TSecr=3045557228 [TCP segment of a reassembled PDU]"
"35656","33.373980769","192.168.1.55","192.168.1.2","TCP","1514","8004  >  36192 [ACK] Seq=179742 Ack=141 Win=65024 Len=1448 TSval=2916037454 TSecr=3045557228 [TCP segment of a reassembled PDU]"
"35657","33.373982306","192.168.1.55","192.168.1.2","TCP","1514","8004  >  36192 [ACK] Seq=181190 Ack=141 Win=65024 Len=1448 TSval=2916037454 TSecr=3045557228 [TCP segment of a reassembled PDU]"
"35658","33.373983454","192.168.1.55","192.168.1.2","TCP","1514","8004  >  36192 [ACK] Seq=182638 Ack=141 Win=65024 Len=1448 TSval=2916037454 TSecr=3045557228 [TCP segment of a reassembled PDU]"
"35659","33.373984843","192.168.1.55","192.168.1.2","TCP","1514","8004  >  36192 [ACK] Seq=184086 Ack=141 Win=65024 Len=1448 TSval=2916037454 TSecr=3045557228 [TCP segment of a reassembled PDU]"
"35660","33.373988343","192.168.1.55","192.168.1.2","TCP","1514","8004  >  36192 [ACK] Seq=185534 Ack=141 Win=65024 Len=1448 TSval=2916037454 TSecr=3045557228 [TCP segment of a reassembled PDU]"
"35661","33.373989843","192.168.1.55","192.168.1.2","TCP","1514","8004  >  36192 [ACK] Seq=186982 Ack=141 Win=65024 Len=1448 TSval=2916037454 TSecr=3045557228 [TCP segment of a reassembled PDU]"
"35662","33.373991139","192.168.1.55","192.168.1.2","TCP","826","[TCP Window Full] 8004  >  36192 [PSH, ACK] Seq=188430 Ack=141 Win=65024 Len=760 TSval=2916037454 TSecr=3045557228 [TCP segment of a reassembled PDU]"
"35663","33.374026306","192.168.1.2","192.168.1.55","TCP","66","36192  >  8004 [ACK] Seq=141 Ack=102998 Win=87040 Len=0 TSval=3045557228 TSecr=2916037450"
"35664","33.380265742","192.168.1.2","192.168.1.55","TCP","66","36192  >  8004 [ACK] Seq=141 Ack=117478 Win=79872 Len=0 TSval=3045557230 TSecr=2916037452"
"35665","33.380309686","192.168.1.55","192.168.1.2","TCP","1514","8004  >  36192 [ACK] Seq=189190 Ack=141 Win=65024 Len=1448 TSval=2916037460 TSecr=3045557230 [TCP segment of a reassembled PDU]"
"35666","33.380318705","192.168.1.55","192.168.1.2","TCP","1514","8004  >  36192 [ACK] Seq=190638 Ack=141 Win=65024 Len=1448 TSval=2916037460 TSecr=3045557230 [TCP segment of a reassembled PDU]"
"35667","33.380319779","192.168.1.55","192.168.1.2","TCP","1514","8004  >  36192 [ACK] Seq=192086 Ack=141 Win=65024 Len=1448 TSval=2916037460 TSecr=3045557230 [TCP segment of a reassembled PDU]"
"35668","33.380320686","192.168.1.55","192.168.1.2","TCP","1514","8004  >  36192 [ACK] Seq=193534 Ack=141 Win=65024 Len=1448 TSval=2916037460 TSecr=3045557230 [TCP segment of a reassembled PDU]"
"35669","33.380321705","192.168.1.55","192.168.1.2","TCP","1514","8004  >  36192 [PSH, ACK] Seq=194982 Ack=141 Win=65024 Len=1448 TSval=2916037460 TSecr=3045557230 [TCP segment of a reassembled PDU]"
"35670","33.380361742","192.168.1.2","192.168.1.55","TCP","66","36192  >  8004 [ACK] Seq=141 Ack=120374 Win=92160 Len=0 TSval=3045557234 TSecr=2916037452"
"35671","33.380379686","192.168.1.55","192.168.1.2","TCP","1514","8004  >  36192 [ACK] Seq=196430 Ack=141 Win=65024 Len=1448 TSval=2916037461 TSecr=3045557234 [TCP segment of a reassembled PDU]"
"35672","33.380381723","192.168.1.55","192.168.1.2","TCP","1514","8004  >  36192 [ACK] Seq=197878 Ack=141 Win=65024 Len=1448 TSval=2916037461 TSecr=3045557234 [TCP segment of a reassembled PDU]"
"35673","33.380382631","192.168.1.55","192.168.1.2","TCP","1514","8004  >  36192 [ACK] Seq=199326 Ack=141 Win=65024 Len=1448 TSval=2916037461 TSecr=3045557234 [TCP segment of a reassembled PDU]"
"35674","33.380383872","192.168.1.55","192.168.1.2","TCP","1514","8004  >  36192 [ACK] Seq=200774 Ack=141 Win=65024 Len=1448 TSval=2916037461 TSecr=3045557234 [TCP segment of a reassembled PDU]"
"35675","33.380385149","192.168.1.55","192.168.1.2","TCP","1514","8004  >  36192 [ACK] Seq=202222 Ack=141 Win=65024 Len=1448 TSval=2916037461 TSecr=3045557234 [TCP segment of a reassembled PDU]"
"35676","33.380386075","192.168.1.55","192.168.1.2","TCP","1514","8004  >  36192 [ACK] Seq=203670 Ack=141 Win=65024 Len=1448 TSval=2916037461 TSecr=3045557234 [TCP segment of a reassembled PDU]"
"35677","33.380387186","192.168.1.55","192.168.1.2","TCP","1514","8004  >  36192 [ACK] Seq=205118 Ack=141 Win=65024 Len=1448 TSval=2916037461 TSecr=3045557234 [TCP segment of a reassembled PDU]"
"35678","33.380388094","192.168.1.55","192.168.1.2","TCP","1514","8004  >  36192 [ACK] Seq=206566 Ack=141 Win=65024 Len=1448 TSval=2916037461 TSecr=3045557234 [TCP segment of a reassembled PDU]"
"35679","33.380389075","192.168.1.55","192.168.1.2","TCP","1514","8004  >  36192 [PSH, ACK] Seq=208014 Ack=141 Win=65024 Len=1448 TSval=2916037461 TSecr=3045557234 [TCP segment of a reassembled PDU]"
"35680","33.380395501","192.168.1.55","192.168.1.2","TCP","754","8004  >  36192 [PSH, ACK] Seq=209462 Ack=141 Win=65024 Len=688 TSval=2916037461 TSecr=3045557234 [TCP segment of a reassembled PDU]"
"35681","33.381941152","192.168.1.2","192.168.1.55","TCP","66","36192  >  8004 [ACK] Seq=141 Ack=147886 Win=70656 Len=0 TSval=3045557235 TSecr=2916037453"
"35682","33.381956467","192.168.1.55","192.168.1.2","TCP","1514","8004  >  36192 [ACK] Seq=210150 Ack=141 Win=65024 Len=1448 TSval=2916037462 TSecr=3045557235 [TCP segment of a reassembled PDU]"
"35683","33.381958356","192.168.1.55","192.168.1.2","TCP","1514","8004  >  36192 [ACK] Seq=211598 Ack=141 Win=65024 Len=1448 TSval=2916037462 TSecr=3045557235 [TCP segment of a reassembled PDU]"
"35684","33.381959541","192.168.1.55","192.168.1.2","TCP","1514","8004  >  36192 [ACK] Seq=213046 Ack=141 Win=65024 Len=1448 TSval=2916037462 TSecr=3045557235 [TCP segment of a reassembled PDU]"
"35685","33.381960967","192.168.1.55","192.168.1.2","TCP","1514","8004  >  36192 [ACK] Seq=214494 Ack=141 Win=65024 Len=1448 TSval=2916037462 TSecr=3045557235 [TCP segment of a reassembled PDU]"
"35686","33.381961874","192.168.1.55","192.168.1.2","TCP","1514","8004  >  36192 [PSH, ACK] Seq=215942 Ack=141 Win=65024 Len=1448 TSval=2916037462 TSecr=3045557235 [TCP segment of a reassembled PDU]"
"35687","33.382249504","192.168.1.2","192.168.1.55","TCP","66","36192  >  8004 [ACK] Seq=141 Ack=156574 Win=89088 Len=0 TSval=3045557235 TSecr=2916037453"
"35688","33.382254763","192.168.1.2","192.168.1.55","TCP","66","36192  >  8004 [ACK] Seq=141 Ack=163814 Win=90112 Len=0 TSval=3045557235 TSecr=2916037453"
"35689","33.382282912","192.168.1.55","192.168.1.2","TCP","1514","8004  >  36192 [ACK] Seq=217390 Ack=141 Win=65024 Len=1448 TSval=2916037462 TSecr=3045557235 [TCP segment of a reassembled PDU]"
"35690","33.382284986","192.168.1.55","192.168.1.2","TCP","1514","8004  >  36192 [ACK] Seq=218838 Ack=141 Win=65024 Len=1448 TSval=2916037462 TSecr=3045557235 [TCP segment of a reassembled PDU]"
"35691","33.382285949","192.168.1.55","192.168.1.2","TCP","1514","8004  >  36192 [ACK] Seq=220286 Ack=141 Win=65024 Len=1448 TSval=2916037462 TSecr=3045557235 [TCP segment of a reassembled PDU]"
"35692","33.382286875","192.168.1.55","192.168.1.2","TCP","1514","8004  >  36192 [ACK] Seq=221734 Ack=141 Win=65024 Len=1448 TSval=2916037462 TSecr=3045557235 [TCP segment of a reassembled PDU]"
"35693","33.382287875","192.168.1.55","192.168.1.2","TCP","1514","8004  >  36192 [ACK] Seq=223182 Ack=141 Win=65024 Len=1448 TSval=2916037462 TSecr=3045557235 [TCP segment of a reassembled PDU]"
"35694","33.382288838","192.168.1.55","192.168.1.2","TCP","1514","8004  >  36192 [ACK] Seq=224630 Ack=141 Win=65024 Len=1448 TSval=2916037462 TSecr=3045557235 [TCP segment of a reassembled PDU]"
"35695","33.382289782","192.168.1.55","192.168.1.2","TCP","1514","8004  >  36192 [ACK] Seq=226078 Ack=141 Win=65024 Len=1448 TSval=2916037462 TSecr=3045557235 [TCP segment of a reassembled PDU]"
"35696","33.382291078","192.168.1.55","192.168.1.2","TCP","1514","8004  >  36192 [ACK] Seq=227526 Ack=141 Win=65024 Len=1448 TSval=2916037462 TSecr=3045557235 [TCP segment of a reassembled PDU]"
"35697","33.382300004","192.168.1.55","192.168.1.2","TCP","1514","8004  >  36192 [ACK] Seq=228974 Ack=141 Win=65024 Len=1448 TSval=2916037462 TSecr=3045557235 [TCP segment of a reassembled PDU]"
"35698","33.382300986","192.168.1.55","192.168.1.2","TCP","1514","8004  >  36192 [ACK] Seq=230422 Ack=141 Win=65024 Len=1448 TSval=2916037462 TSecr=3045557235 [TCP segment of a reassembled PDU]"
"35699","33.382302412","192.168.1.55","192.168.1.2","TCP","1514","8004  >  36192 [ACK] Seq=231870 Ack=141 Win=65024 Len=1448 TSval=2916037462 TSecr=3045557235 [TCP segment of a reassembled PDU]"
"35700","33.382303504","192.168.1.55","192.168.1.2","TCP","1514","8004  >  36192 [ACK] Seq=233318 Ack=141 Win=65024 Len=1448 TSval=2916037462 TSecr=3045557235 [TCP segment of a reassembled PDU]"
"35701","33.382304615","192.168.1.55","192.168.1.2","TCP","1514","8004  >  36192 [ACK] Seq=234766 Ack=141 Win=65024 Len=1448 TSval=2916037462 TSecr=3045557235 [TCP segment of a reassembled PDU]"
"35702","33.382305930","192.168.1.55","192.168.1.2","TCP","1514","8004  >  36192 [ACK] Seq=236214 Ack=141 Win=65024 Len=1448 TSval=2916037462 TSecr=3045557235 [TCP segment of a reassembled PDU]"
"35703","33.382306856","192.168.1.55","192.168.1.2","TCP","1514","8004  >  36192 [ACK] Seq=237662 Ack=141 Win=65024 Len=1448 TSval=2916037462 TSecr=3045557235 [TCP segment of a reassembled PDU]"
"35704","33.382308449","192.168.1.55","192.168.1.2","TCP","1514","8004  >  36192 [ACK] Seq=239110 Ack=141 Win=65024 Len=1448 TSval=2916037462 TSecr=3045557235 [TCP segment of a reassembled PDU]"
"35705","33.382309375","192.168.1.55","192.168.1.2","TCP","1514","8004  >  36192 [ACK] Seq=240558 Ack=141 Win=65024 Len=1448 TSval=2916037462 TSecr=3045557235 [TCP segment of a reassembled PDU]"
"35706","33.382310745","192.168.1.55","192.168.1.2","TCP","1514","8004  >  36192 [ACK] Seq=242006 Ack=141 Win=65024 Len=1448 TSval=2916037462 TSecr=3045557235 [TCP segment of a reassembled PDU]"
"35707","33.382311652","192.168.1.55","192.168.1.2","TCP","1514","8004  >  36192 [ACK] Seq=243454 Ack=141 Win=65024 Len=1448 TSval=2916037462 TSecr=3045557235 [TCP segment of a reassembled PDU]"
"35708","33.382312652","192.168.1.55","192.168.1.2","TCP","1514","8004  >  36192 [ACK] Seq=244902 Ack=141 Win=65024 Len=1448 TSval=2916037462 TSecr=3045557235 [TCP segment of a reassembled PDU]"
"35709","33.382313801","192.168.1.55","192.168.1.2","TCP","1514","8004  >  36192 [ACK] Seq=246350 Ack=141 Win=65024 Len=1448 TSval=2916037462 TSecr=3045557235 [TCP segment of a reassembled PDU]"
"35710","33.382314745","192.168.1.55","192.168.1.2","TCP","1514","8004  >  36192 [ACK] Seq=247798 Ack=141 Win=65024 Len=1448 TSval=2916037462 TSecr=3045557235 [TCP segment of a reassembled PDU]"
"35711","33.382316264","192.168.1.55","192.168.1.2","TCP","1514","8004  >  36192 [ACK] Seq=249246 Ack=141 Win=65024 Len=1448 TSval=2916037462 TSecr=3045557235 [TCP segment of a reassembled PDU]"
"35712","33.382317615","192.168.1.55","192.168.1.2","TCP","1514","8004  >  36192 [ACK] Seq=250694 Ack=141 Win=65024 Len=1448 TSval=2916037462 TSecr=3045557235 [TCP segment of a reassembled PDU]"
"35713","33.382318782","192.168.1.55","192.168.1.2","TCP","1514","8004  >  36192 [PSH, ACK] Seq=252142 Ack=141 Win=65024 Len=1448 TSval=2916037462 TSecr=3045557235 [TCP segment of a reassembled PDU]"
"35714","33.382326782","192.168.1.2","192.168.1.55","TCP","66","36192  >  8004 [ACK] Seq=141 Ack=189190 Win=70656 Len=0 TSval=3045557235 TSecr=2916037454"
"35715","33.383270247","192.168.1.55","192.168.1.2","TCP","1514","8004  >  36192 [ACK] Seq=253590 Ack=141 Win=65024 Len=1448 TSval=2916037463 TSecr=3045557235 [TCP segment of a reassembled PDU]"
"35716","33.383275247","192.168.1.55","192.168.1.2","TCP","1514","8004  >  36192 [PSH, ACK] Seq=255038 Ack=141 Win=65024 Len=1448 TSval=2916037463 TSecr=3045557235 [TCP segment of a reassembled PDU]"
"35717","33.383282598","192.168.1.55","192.168.1.2","TCP","1514","8004  >  36192 [ACK] Seq=256486 Ack=141 Win=65024 Len=1448 TSval=2916037463 TSecr=3045557235 [TCP segment of a reassembled PDU]"
"35718","33.383285469","192.168.1.55","192.168.1.2","TCP","1514","8004  >  36192 [PSH, ACK] Seq=257934 Ack=141 Win=65024 Len=1448 TSval=2916037463 TSecr=3045557235 [TCP segment of a reassembled PDU]"
"35719","33.386121714","192.168.1.2","192.168.1.55","TCP","66","36192  >  8004 [ACK] Seq=141 Ack=196430 Win=88064 Len=0 TSval=3045557238 TSecr=2916037460"
"35720","33.386177436","192.168.1.55","192.168.1.2","TCP","1514","8004  >  36192 [ACK] Seq=259382 Ack=141 Win=65024 Len=1448 TSval=2916037466 TSecr=3045557238 [TCP segment of a reassembled PDU]"
"35721","33.386181603","192.168.1.55","192.168.1.2","TCP","1514","8004  >  36192 [ACK] Seq=260830 Ack=141 Win=65024 Len=1448 TSval=2916037466 TSecr=3045557238 [TCP segment of a reassembled PDU]"
"35722","33.386182584","192.168.1.55","192.168.1.2","TCP","1514","8004  >  36192 [ACK] Seq=262278 Ack=141 Win=65024 Len=1448 TSval=2916037466 TSecr=3045557238 [TCP segment of a reassembled PDU]"
"35723","33.386183770","192.168.1.55","192.168.1.2","TCP","1514","8004  >  36192 [ACK] Seq=263726 Ack=141 Win=65024 Len=1448 TSval=2916037466 TSecr=3045557238 [TCP segment of a reassembled PDU]"
"35724","33.386184696","192.168.1.55","192.168.1.2","TCP","1514","8004  >  36192 [ACK] Seq=265174 Ack=141 Win=65024 Len=1448 TSval=2916037466 TSecr=3045557238 [TCP segment of a reassembled PDU]"
"35725","33.386185622","192.168.1.55","192.168.1.2","TCP","1514","8004  >  36192 [ACK] Seq=266622 Ack=141 Win=65024 Len=1448 TSval=2916037466 TSecr=3045557238 [TCP segment of a reassembled PDU]"
"35726","33.386186825","192.168.1.55","192.168.1.2","TCP","1514","8004  >  36192 [ACK] Seq=268070 Ack=141 Win=65024 Len=1448 TSval=2916037466 TSecr=3045557238 [TCP segment of a reassembled PDU]"
"35727","33.386187881","192.168.1.55","192.168.1.2","TCP","1514","8004  >  36192 [ACK] Seq=269518 Ack=141 Win=65024 Len=1448 TSval=2916037466 TSecr=3045557238 [TCP segment of a reassembled PDU]"
"35728","33.386188807","192.168.1.55","192.168.1.2","TCP","1514","8004  >  36192 [ACK] Seq=270966 Ack=141 Win=65024 Len=1448 TSval=2916037466 TSecr=3045557238 [TCP segment of a reassembled PDU]"
"35729","33.386189825","192.168.1.55","192.168.1.2","TCP","1514","8004  >  36192 [ACK] Seq=272414 Ack=141 Win=65024 Len=1448 TSval=2916037466 TSecr=3045557238 [TCP segment of a reassembled PDU]"
"35730","33.386190936","192.168.1.55","192.168.1.2","TCP","1514","8004  >  36192 [ACK] Seq=273862 Ack=141 Win=65024 Len=1448 TSval=2916037466 TSecr=3045557238 [TCP segment of a reassembled PDU]"
"35731","33.386192010","192.168.1.55","192.168.1.2","TCP","1514","8004  >  36192 [ACK] Seq=275310 Ack=141 Win=65024 Len=1448 TSval=2916037466 TSecr=3045557238 [TCP segment of a reassembled PDU]"
"35732","33.386192992","192.168.1.55","192.168.1.2","TCP","1514","8004  >  36192 [ACK] Seq=276758 Ack=141 Win=65024 Len=1448 TSval=2916037466 TSecr=3045557238 [TCP segment of a reassembled PDU]"
"35733","33.386194010","192.168.1.55","192.168.1.2","TCP","1514","8004  >  36192 [ACK] Seq=278206 Ack=141 Win=65024 Len=1448 TSval=2916037466 TSecr=3045557238 [TCP segment of a reassembled PDU]"
"35734","33.386195029","192.168.1.55","192.168.1.2","TCP","1514","8004  >  36192 [ACK] Seq=279654 Ack=141 Win=65024 Len=1448 TSval=2916037466 TSecr=3045557238 [TCP segment of a reassembled PDU]"
"35735","33.386195955","192.168.1.55","192.168.1.2","TCP","1514","8004  >  36192 [ACK] Seq=281102 Ack=141 Win=65024 Len=1448 TSval=2916037466 TSecr=3045557238 [TCP segment of a reassembled PDU]"
"35736","33.386197010","192.168.1.55","192.168.1.2","TCP","1514","8004  >  36192 [PSH, ACK] Seq=282550 Ack=141 Win=65024 Len=1448 TSval=2916037466 TSecr=3045557238 [TCP segment of a reassembled PDU]"
"35737","33.386225233","192.168.1.2","192.168.1.55","TCP","66","36192  >  8004 [ACK] Seq=141 Ack=200774 Win=91136 Len=0 TSval=3045557238 TSecr=2916037461"
"35738","33.388520662","192.168.1.2","192.168.1.55","TCP","66","36192  >  8004 [ACK] Seq=141 Ack=217390 Win=94208 Len=0 TSval=3045557240 TSecr=2916037461"
"35739","33.388548866","192.168.1.55","192.168.1.2","TCP","1514","8004  >  36192 [ACK] Seq=283998 Ack=141 Win=65024 Len=1448 TSval=2916037469 TSecr=3045557240 [TCP segment of a reassembled PDU]"
"35740","33.388551459","192.168.1.55","192.168.1.2","TCP","1514","8004  >  36192 [ACK] Seq=285446 Ack=141 Win=65024 Len=1448 TSval=2916037469 TSecr=3045557240 [TCP segment of a reassembled PDU]"
"35741","33.388552403","192.168.1.55","192.168.1.2","TCP","1514","8004  >  36192 [ACK] Seq=286894 Ack=141 Win=65024 Len=1448 TSval=2916037469 TSecr=3045557240 [TCP segment of a reassembled PDU]"
"35742","33.388553570","192.168.1.55","192.168.1.2","TCP","1514","8004  >  36192 [ACK] Seq=288342 Ack=141 Win=65024 Len=1448 TSval=2916037469 TSecr=3045557240 [TCP segment of a reassembled PDU]"
"35743","33.388554570","192.168.1.55","192.168.1.2","TCP","1514","8004  >  36192 [ACK] Seq=289790 Ack=141 Win=65024 Len=1448 TSval=2916037469 TSecr=3045557240 [TCP segment of a reassembled PDU]"
"35744","33.388555496","192.168.1.55","192.168.1.2","TCP","1514","8004  >  36192 [ACK] Seq=291238 Ack=141 Win=65024 Len=1448 TSval=2916037469 TSecr=3045557240 [TCP segment of a reassembled PDU]"
"35745","33.388556496","192.168.1.55","192.168.1.2","TCP","1514","8004  >  36192 [ACK] Seq=292686 Ack=141 Win=65024 Len=1448 TSval=2916037469 TSecr=3045557240 [TCP segment of a reassembled PDU]"
"35746","33.388557477","192.168.1.55","192.168.1.2","TCP","1514","8004  >  36192 [ACK] Seq=294134 Ack=141 Win=65024 Len=1448 TSval=2916037469 TSecr=3045557240 [TCP segment of a reassembled PDU]"
"35747","33.388558422","192.168.1.55","192.168.1.2","TCP","1514","8004  >  36192 [ACK] Seq=295582 Ack=141 Win=65024 Len=1448 TSval=2916037469 TSecr=3045557240 [TCP segment of a reassembled PDU]"
"35748","33.388559459","192.168.1.55","192.168.1.2","TCP","1514","8004  >  36192 [ACK] Seq=297030 Ack=141 Win=65024 Len=1448 TSval=2916037469 TSecr=3045557240 [TCP segment of a reassembled PDU]"
"35749","33.388560385","192.168.1.55","192.168.1.2","TCP","1514","8004  >  36192 [ACK] Seq=298478 Ack=141 Win=65024 Len=1448 TSval=2916037469 TSecr=3045557240 [TCP segment of a reassembled PDU]"
"35750","33.388561385","192.168.1.55","192.168.1.2","TCP","1514","8004  >  36192 [ACK] Seq=299926 Ack=141 Win=65024 Len=1448 TSval=2916037469 TSecr=3045557240 [TCP segment of a reassembled PDU]"
"35751","33.388562459","192.168.1.55","192.168.1.2","TCP","1514","8004  >  36192 [PSH, ACK] Seq=301374 Ack=141 Win=65024 Len=1448 TSval=2916037469 TSecr=3045557240 [TCP segment of a reassembled PDU]"
"35752","33.389101163","192.168.1.2","192.168.1.55","TCP","66","36192  >  8004 [ACK] Seq=141 Ack=221734 Win=102400 Len=0 TSval=3045557240 TSecr=2916037462"
"35753","33.390724055","192.168.1.2","192.168.1.55","TCP","66","36192  >  8004 [ACK] Seq=141 Ack=249246 Win=117760 Len=0 TSval=3045557244 TSecr=2916037462"
"35754","33.390935518","192.168.1.55","192.168.1.2","TCP","1514","8004  >  36192 [ACK] Seq=302822 Ack=141 Win=65024 Len=1448 TSval=2916037471 TSecr=3045557244 [TCP segment of a reassembled PDU]"
"35755","33.390983685","192.168.1.55","192.168.1.2","TCP","1514","8004  >  36192 [ACK] Seq=304270 Ack=141 Win=65024 Len=1448 TSval=2916037471 TSecr=3045557244 [TCP segment of a reassembled PDU]"
"35756","33.390986722","192.168.1.55","192.168.1.2","TCP","1514","8004  >  36192 [ACK] Seq=305718 Ack=141 Win=65024 Len=1448 TSval=2916037471 TSecr=3045557244 [TCP segment of a reassembled PDU]"
"35757","33.390989944","192.168.1.55","192.168.1.2","TCP","1514","8004  >  36192 [ACK] Seq=307166 Ack=141 Win=65024 Len=1448 TSval=2916037471 TSecr=3045557244 [TCP segment of a reassembled PDU]"
"35758","33.390991537","192.168.1.55","192.168.1.2","TCP","1514","8004  >  36192 [ACK] Seq=308614 Ack=141 Win=65024 Len=1448 TSval=2916037471 TSecr=3045557244 [TCP segment of a reassembled PDU]"
"35759","33.390993351","192.168.1.55","192.168.1.2","TCP","1514","8004  >  36192 [ACK] Seq=310062 Ack=141 Win=65024 Len=1448 TSval=2916037471 TSecr=3045557244 [TCP segment of a reassembled PDU]"
"35760","33.390995722","192.168.1.55","192.168.1.2","TCP","1514","8004  >  36192 [ACK] Seq=311510 Ack=141 Win=65024 Len=1448 TSval=2916037471 TSecr=3045557244 [TCP segment of a reassembled PDU]"
"35761","33.390998425","192.168.1.55","192.168.1.2","TCP","1514","8004  >  36192 [ACK] Seq=312958 Ack=141 Win=65024 Len=1448 TSval=2916037471 TSecr=3045557244 [TCP segment of a reassembled PDU]"
"35762","33.390999981","192.168.1.55","192.168.1.2","TCP","1514","8004  >  36192 [ACK] Seq=314406 Ack=141 Win=65024 Len=1448 TSval=2916037471 TSecr=3045557244 [TCP segment of a reassembled PDU]"
"35763","33.391002333","192.168.1.55","192.168.1.2","TCP","1514","8004  >  36192 [ACK] Seq=315854 Ack=141 Win=65024 Len=1448 TSval=2916037471 TSecr=3045557244 [TCP segment of a reassembled PDU]"
"35764","33.391006388","192.168.1.55","192.168.1.2","TCP","1514","8004  >  36192 [ACK] Seq=317302 Ack=141 Win=65024 Len=1448 TSval=2916037471 TSecr=3045557244 [TCP segment of a reassembled PDU]"
"35765","33.391008277","192.168.1.55","192.168.1.2","TCP","1514","8004  >  36192 [ACK] Seq=318750 Ack=141 Win=65024 Len=1448 TSval=2916037471 TSecr=3045557244 [TCP segment of a reassembled PDU]"
"35766","33.391009870","192.168.1.55","192.168.1.2","TCP","1514","8004  >  36192 [ACK] Seq=320198 Ack=141 Win=65024 Len=1448 TSval=2916037471 TSecr=3045557244 [TCP segment of a reassembled PDU]"
"35767","33.391013314","192.168.1.55","192.168.1.2","TCP","1514","8004  >  36192 [ACK] Seq=321646 Ack=141 Win=65024 Len=1448 TSval=2916037471 TSecr=3045557244 [TCP segment of a reassembled PDU]"
"35768","33.391015370","192.168.1.55","192.168.1.2","TCP","1514","8004  >  36192 [ACK] Seq=323094 Ack=141 Win=65024 Len=1448 TSval=2916037471 TSecr=3045557244 [TCP segment of a reassembled PDU]"
"35769","33.391017185","192.168.1.55","192.168.1.2","TCP","1514","8004  >  36192 [ACK] Seq=324542 Ack=141 Win=65024 Len=1448 TSval=2916037471 TSecr=3045557244 [TCP segment of a reassembled PDU]"
"35770","33.391021518","192.168.1.55","192.168.1.2","TCP","1514","8004  >  36192 [ACK] Seq=325990 Ack=141 Win=65024 Len=1448 TSval=2916037471 TSecr=3045557244 [TCP segment of a reassembled PDU]"
"35771","33.391022981","192.168.1.55","192.168.1.2","TCP","1514","8004  >  36192 [ACK] Seq=327438 Ack=141 Win=65024 Len=1448 TSval=2916037471 TSecr=3045557244 [TCP segment of a reassembled PDU]"
"35772","33.391024796","192.168.1.55","192.168.1.2","TCP","1514","8004  >  36192 [ACK] Seq=328886 Ack=141 Win=65024 Len=1448 TSval=2916037471 TSecr=3045557244 [TCP segment of a reassembled PDU]"
"35773","33.391026259","192.168.1.55","192.168.1.2","TCP","1514","8004  >  36192 [ACK] Seq=330334 Ack=141 Win=65024 Len=1448 TSval=2916037471 TSecr=3045557244 [TCP segment of a reassembled PDU]"
"35774","33.391028666","192.168.1.55","192.168.1.2","TCP","1514","8004  >  36192 [ACK] Seq=331782 Ack=141 Win=65024 Len=1448 TSval=2916037471 TSecr=3045557244 [TCP segment of a reassembled PDU]"
"35775","33.391030555","192.168.1.55","192.168.1.2","TCP","1514","8004  >  36192 [ACK] Seq=333230 Ack=141 Win=65024 Len=1448 TSval=2916037471 TSecr=3045557244 [TCP segment of a reassembled PDU]"
"35776","33.391032592","192.168.1.55","192.168.1.2","TCP","1514","8004  >  36192 [ACK] Seq=334678 Ack=141 Win=65024 Len=1448 TSval=2916037471 TSecr=3045557244 [TCP segment of a reassembled PDU]"
"35777","33.391034314","192.168.1.55","192.168.1.2","TCP","1514","8004  >  36192 [ACK] Seq=336126 Ack=141 Win=65024 Len=1448 TSval=2916037471 TSecr=3045557244 [TCP segment of a reassembled PDU]"
"35778","33.391036259","192.168.1.55","192.168.1.2","TCP","1514","8004  >  36192 [ACK] Seq=337574 Ack=141 Win=65024 Len=1448 TSval=2916037471 TSecr=3045557244 [TCP segment of a reassembled PDU]"
"35779","33.391037740","192.168.1.55","192.168.1.2","TCP","1514","8004  >  36192 [ACK] Seq=339022 Ack=141 Win=65024 Len=1448 TSval=2916037471 TSecr=3045557244 [TCP segment of a reassembled PDU]"
"35780","33.391040426","192.168.1.55","192.168.1.2","TCP","1514","8004  >  36192 [ACK] Seq=340470 Ack=141 Win=65024 Len=1448 TSval=2916037471 TSecr=3045557244 [TCP segment of a reassembled PDU]"
"35781","33.391043203","192.168.1.55","192.168.1.2","TCP","1514","8004  >  36192 [ACK] Seq=341918 Ack=141 Win=65024 Len=1448 TSval=2916037471 TSecr=3045557244 [TCP segment of a reassembled PDU]"
"35782","33.391044703","192.168.1.55","192.168.1.2","TCP","1514","8004  >  36192 [ACK] Seq=343366 Ack=141 Win=65024 Len=1448 TSval=2916037471 TSecr=3045557244 [TCP segment of a reassembled PDU]"
"35783","33.391046203","192.168.1.55","192.168.1.2","TCP","1514","8004  >  36192 [ACK] Seq=344814 Ack=141 Win=65024 Len=1448 TSval=2916037471 TSecr=3045557244 [TCP segment of a reassembled PDU]"
"35784","33.391047963","192.168.1.55","192.168.1.2","TCP","1514","8004  >  36192 [ACK] Seq=346262 Ack=141 Win=65024 Len=1448 TSval=2916037471 TSecr=3045557244 [TCP segment of a reassembled PDU]"
"35785","33.391050092","192.168.1.55","192.168.1.2","TCP","1514","8004  >  36192 [PSH, ACK] Seq=347710 Ack=141 Win=65024 Len=1448 TSval=2916037471 TSecr=3045557244 [TCP segment of a reassembled PDU]"
"35786","33.391243685","192.168.1.2","192.168.1.55","TCP","66","36192  >  8004 [ACK] Seq=141 Ack=256486 Win=110592 Len=0 TSval=3045557244 TSecr=2916037462"
"35787","33.391271185","192.168.1.2","192.168.1.55","TCP","66","36192  >  8004 [ACK] Seq=141 Ack=259382 Win=117760 Len=0 TSval=3045557244 TSecr=2916037463"
"35788","33.391279148","192.168.1.2","192.168.1.55","TCP","66","36192  >  8004 [ACK] Seq=141 Ack=273862 Win=129024 Len=0 TSval=3045557245 TSecr=2916037466"
"35789","33.394742580","192.168.1.2","192.168.1.55","TCP","66","36192  >  8004 [ACK] Seq=141 Ack=283998 Win=135168 Len=0 TSval=3045557248 TSecr=2916037466"
"35790","33.394811617","192.168.1.55","192.168.1.2","TCP","1514","8004  >  36192 [ACK] Seq=349158 Ack=141 Win=65024 Len=1448 TSval=2916037475 TSecr=3045557248 [TCP segment of a reassembled PDU]"
"35791","33.394815691","192.168.1.55","192.168.1.2","TCP","1514","8004  >  36192 [ACK] Seq=350606 Ack=141 Win=65024 Len=1448 TSval=2916037475 TSecr=3045557248 [TCP segment of a reassembled PDU]"
"35792","33.394816728","192.168.1.55","192.168.1.2","TCP","1514","8004  >  36192 [ACK] Seq=352054 Ack=141 Win=65024 Len=1448 TSval=2916037475 TSecr=3045557248 [TCP segment of a reassembled PDU]"
"35793","33.394817709","192.168.1.55","192.168.1.2","TCP","1514","8004  >  36192 [ACK] Seq=353502 Ack=141 Win=65024 Len=1448 TSval=2916037475 TSecr=3045557248 [TCP segment of a reassembled PDU]"
"35794","33.394818709","192.168.1.55","192.168.1.2","TCP","1514","8004  >  36192 [ACK] Seq=354950 Ack=141 Win=65024 Len=1448 TSval=2916037475 TSecr=3045557248 [TCP segment of a reassembled PDU]"
"35795","33.394820154","192.168.1.55","192.168.1.2","TCP","1514","8004  >  36192 [ACK] Seq=356398 Ack=141 Win=65024 Len=1448 TSval=2916037475 TSecr=3045557248 [TCP segment of a reassembled PDU]"
"35796","33.394821172","192.168.1.55","192.168.1.2","TCP","1514","8004  >  36192 [ACK] Seq=357846 Ack=141 Win=65024 Len=1448 TSval=2916037475 TSecr=3045557248 [TCP segment of a reassembled PDU]"
"35797","33.394822135","192.168.1.55","192.168.1.2","TCP","1514","8004  >  36192 [ACK] Seq=359294 Ack=141 Win=65024 Len=1448 TSval=2916037475 TSecr=3045557248 [TCP segment of a reassembled PDU]"
"35798","33.394823098","192.168.1.55","192.168.1.2","TCP","1514","8004  >  36192 [ACK] Seq=360742 Ack=141 Win=65024 Len=1448 TSval=2916037475 TSecr=3045557248 [TCP segment of a reassembled PDU]"
"35799","33.394824172","192.168.1.55","192.168.1.2","TCP","1514","8004  >  36192 [ACK] Seq=362190 Ack=141 Win=65024 Len=1448 TSval=2916037475 TSecr=3045557248 [TCP segment of a reassembled PDU]"
"35800","33.394825080","192.168.1.55","192.168.1.2","TCP","1514","8004  >  36192 [ACK] Seq=363638 Ack=141 Win=65024 Len=1448 TSval=2916037475 TSecr=3045557248 [TCP segment of a reassembled PDU]"
"35801","33.394826006","192.168.1.55","192.168.1.2","TCP","1514","8004  >  36192 [ACK] Seq=365086 Ack=141 Win=65024 Len=1448 TSval=2916037475 TSecr=3045557248 [TCP segment of a reassembled PDU]"
"35802","33.394826987","192.168.1.55","192.168.1.2","TCP","1514","8004  >  36192 [ACK] Seq=366534 Ack=141 Win=65024 Len=1448 TSval=2916037475 TSecr=3045557248 [TCP segment of a reassembled PDU]"
"35803","33.394827987","192.168.1.55","192.168.1.2","TCP","1514","8004  >  36192 [ACK] Seq=367982 Ack=141 Win=65024 Len=1448 TSval=2916037475 TSecr=3045557248 [TCP segment of a reassembled PDU]"
"35804","33.394828950","192.168.1.55","192.168.1.2","TCP","1514","8004  >  36192 [ACK] Seq=369430 Ack=141 Win=65024 Len=1448 TSval=2916037475 TSecr=3045557248 [TCP segment of a reassembled PDU]"
"35805","33.394829876","192.168.1.55","192.168.1.2","TCP","1514","8004  >  36192 [ACK] Seq=370878 Ack=141 Win=65024 Len=1448 TSval=2916037475 TSecr=3045557248 [TCP segment of a reassembled PDU]"
"35806","33.394830820","192.168.1.55","192.168.1.2","TCP","1514","8004  >  36192 [ACK] Seq=372326 Ack=141 Win=65024 Len=1448 TSval=2916037475 TSecr=3045557248 [TCP segment of a reassembled PDU]"
"35807","33.394831802","192.168.1.55","192.168.1.2","TCP","1514","8004  >  36192 [ACK] Seq=373774 Ack=141 Win=65024 Len=1448 TSval=2916037475 TSecr=3045557248 [TCP segment of a reassembled PDU]"
"35808","33.394832746","192.168.1.55","192.168.1.2","TCP","1514","8004  >  36192 [ACK] Seq=375222 Ack=141 Win=65024 Len=1448 TSval=2916037475 TSecr=3045557248 [TCP segment of a reassembled PDU]"
"35809","33.394833783","192.168.1.55","192.168.1.2","TCP","1514","8004  >  36192 [ACK] Seq=376670 Ack=141 Win=65024 Len=1448 TSval=2916037475 TSecr=3045557248 [TCP segment of a reassembled PDU]"
"35810","33.394835265","192.168.1.55","192.168.1.2","TCP","1514","8004  >  36192 [ACK] Seq=378118 Ack=141 Win=65024 Len=1448 TSval=2916037475 TSecr=3045557248 [TCP segment of a reassembled PDU]"
"35811","33.394836191","192.168.1.55","192.168.1.2","TCP","1514","8004  >  36192 [ACK] Seq=379566 Ack=141 Win=65024 Len=1448 TSval=2916037475 TSecr=3045557248 [TCP segment of a reassembled PDU]"
"35812","33.394837228","192.168.1.55","192.168.1.2","TCP","1514","8004  >  36192 [ACK] Seq=381014 Ack=141 Win=65024 Len=1448 TSval=2916037475 TSecr=3045557248 [TCP segment of a reassembled PDU]"
"35813","33.394838117","192.168.1.55","192.168.1.2","TCP","1514","8004  >  36192 [ACK] Seq=382462 Ack=141 Win=65024 Len=1448 TSval=2916037475 TSecr=3045557248 [TCP segment of a reassembled PDU]"
"35814","33.394839098","192.168.1.55","192.168.1.2","TCP","1514","8004  >  36192 [ACK] Seq=383910 Ack=141 Win=65024 Len=1448 TSval=2916037475 TSecr=3045557248 [TCP segment of a reassembled PDU]"
"35815","33.394840117","192.168.1.55","192.168.1.2","TCP","1514","8004  >  36192 [ACK] Seq=385358 Ack=141 Win=65024 Len=1448 TSval=2916037475 TSecr=3045557248 [TCP segment of a reassembled PDU]"
"35816","33.394841117","192.168.1.55","192.168.1.2","TCP","1514","8004  >  36192 [ACK] Seq=386806 Ack=141 Win=65024 Len=1448 TSval=2916037475 TSecr=3045557248 [TCP segment of a reassembled PDU]"
"35817","33.394842172","192.168.1.55","192.168.1.2","TCP","1514","8004  >  36192 [ACK] Seq=388254 Ack=141 Win=65024 Len=1448 TSval=2916037475 TSecr=3045557248 [TCP segment of a reassembled PDU]"
"35818","33.394843209","192.168.1.55","192.168.1.2","TCP","1514","8004  >  36192 [ACK] Seq=389702 Ack=141 Win=65024 Len=1448 TSval=2916037475 TSecr=3045557248 [TCP segment of a reassembled PDU]"
"35819","33.394844154","192.168.1.55","192.168.1.2","TCP","1514","8004  >  36192 [ACK] Seq=391150 Ack=141 Win=65024 Len=1448 TSval=2916037475 TSecr=3045557248 [TCP segment of a reassembled PDU]"
"35820","33.394845209","192.168.1.55","192.168.1.2","TCP","1514","8004  >  36192 [ACK] Seq=392598 Ack=141 Win=65024 Len=1448 TSval=2916037475 TSecr=3045557248 [TCP segment of a reassembled PDU]"
"35821","33.394846228","192.168.1.55","192.168.1.2","TCP","1514","8004  >  36192 [PSH, ACK] Seq=394046 Ack=141 Win=65024 Len=1448 TSval=2916037475 TSecr=3045557248 [TCP segment of a reassembled PDU]"
"35822","33.394895302","192.168.1.2","192.168.1.55","TCP","66","36192  >  8004 [ACK] Seq=141 Ack=302822 Win=126976 Len=0 TSval=3045557248 TSecr=2916037469"
"35823","33.394904080","192.168.1.2","192.168.1.55","TCP","66","36192  >  8004 [ACK] Seq=141 Ack=312958 Win=135168 Len=0 TSval=3045557250 TSecr=2916037471"
"35824","33.396231452","192.168.1.2","192.168.1.55","TCP","66","36192  >  8004 [ACK] Seq=141 Ack=340470 Win=117760 Len=0 TSval=3045557250 TSecr=2916037471"
"35825","33.396260452","192.168.1.55","192.168.1.2","TCP","1514","8004  >  36192 [ACK] Seq=395494 Ack=141 Win=65024 Len=1448 TSval=2916037476 TSecr=3045557250 [TCP segment of a reassembled PDU]"
"35826","33.396262804","192.168.1.55","192.168.1.2","TCP","1514","8004  >  36192 [ACK] Seq=396942 Ack=141 Win=65024 Len=1448 TSval=2916037476 TSecr=3045557250 [TCP segment of a reassembled PDU]"
"35827","33.396263841","192.168.1.55","192.168.1.2","TCP","1514","8004  >  36192 [ACK] Seq=398390 Ack=141 Win=65024 Len=1448 TSval=2916037476 TSecr=3045557250 [TCP segment of a reassembled PDU]"
"35828","33.396264767","192.168.1.55","192.168.1.2","TCP","1514","8004  >  36192 [ACK] Seq=399838 Ack=141 Win=65024 Len=1448 TSval=2916037476 TSecr=3045557250 [TCP segment of a reassembled PDU]"
"35829","33.396265712","192.168.1.55","192.168.1.2","TCP","1514","8004  >  36192 [ACK] Seq=401286 Ack=141 Win=65024 Len=1448 TSval=2916037476 TSecr=3045557250 [TCP segment of a reassembled PDU]"
"35830","33.396266675","192.168.1.55","192.168.1.2","TCP","1514","8004  >  36192 [ACK] Seq=402734 Ack=141 Win=65024 Len=1448 TSval=2916037476 TSecr=3045557250 [TCP segment of a reassembled PDU]"
"35831","33.396267582","192.168.1.55","192.168.1.2","TCP","1514","8004  >  36192 [ACK] Seq=404182 Ack=141 Win=65024 Len=1448 TSval=2916037476 TSecr=3045557250 [TCP segment of a reassembled PDU]"
"35832","33.396268582","192.168.1.55","192.168.1.2","TCP","1514","8004  >  36192 [ACK] Seq=405630 Ack=141 Win=65024 Len=1448 TSval=2916037476 TSecr=3045557250 [TCP segment of a reassembled PDU]"
"35833","33.396269619","192.168.1.55","192.168.1.2","TCP","1514","8004  >  36192 [ACK] Seq=407078 Ack=141 Win=65024 Len=1448 TSval=2916037476 TSecr=3045557250 [TCP segment of a reassembled PDU]"
"35834","33.396270619","192.168.1.55","192.168.1.2","TCP","1514","8004  >  36192 [ACK] Seq=408526 Ack=141 Win=65024 Len=1448 TSval=2916037476 TSecr=3045557250 [TCP segment of a reassembled PDU]"
"35835","33.396272008","192.168.1.55","192.168.1.2","TCP","1514","8004  >  36192 [ACK] Seq=409974 Ack=141 Win=65024 Len=1448 TSval=2916037476 TSecr=3045557250 [TCP segment of a reassembled PDU]"
"35836","33.396273082","192.168.1.55","192.168.1.2","TCP","1514","8004  >  36192 [ACK] Seq=411422 Ack=141 Win=65024 Len=1448 TSval=2916037476 TSecr=3045557250 [TCP segment of a reassembled PDU]"
"35837","33.396274082","192.168.1.55","192.168.1.2","TCP","1514","8004  >  36192 [ACK] Seq=412870 Ack=141 Win=65024 Len=1448 TSval=2916037476 TSecr=3045557250 [TCP segment of a reassembled PDU]"
"35838","33.396275101","192.168.1.55","192.168.1.2","TCP","1514","8004  >  36192 [ACK] Seq=414318 Ack=141 Win=65024 Len=1448 TSval=2916037476 TSecr=3045557250 [TCP segment of a reassembled PDU]"
"35839","33.396276008","192.168.1.55","192.168.1.2","TCP","1514","8004  >  36192 [ACK] Seq=415766 Ack=141 Win=65024 Len=1448 TSval=2916037476 TSecr=3045557250 [TCP segment of a reassembled PDU]"
"35840","33.396277063","192.168.1.55","192.168.1.2","TCP","1514","8004  >  36192 [ACK] Seq=417214 Ack=141 Win=65024 Len=1448 TSval=2916037476 TSecr=3045557250 [TCP segment of a reassembled PDU]"
"35841","33.396278063","192.168.1.55","192.168.1.2","TCP","1514","8004  >  36192 [ACK] Seq=418662 Ack=141 Win=65024 Len=1448 TSval=2916037476 TSecr=3045557250 [TCP segment of a reassembled PDU]"
"35842","33.396279008","192.168.1.55","192.168.1.2","TCP","1514","8004  >  36192 [ACK] Seq=420110 Ack=141 Win=65024 Len=1448 TSval=2916037476 TSecr=3045557250 [TCP segment of a reassembled PDU]"
"35843","33.396280045","192.168.1.55","192.168.1.2","TCP","1514","8004  >  36192 [ACK] Seq=421558 Ack=141 Win=65024 Len=1448 TSval=2916037476 TSecr=3045557250 [TCP segment of a reassembled PDU]"
"35844","33.396280989","192.168.1.55","192.168.1.2","TCP","1514","8004  >  36192 [ACK] Seq=423006 Ack=141 Win=65024 Len=1448 TSval=2916037476 TSecr=3045557250 [TCP segment of a reassembled PDU]"
"35845","33.396281952","192.168.1.55","192.168.1.2","TCP","1514","8004  >  36192 [ACK] Seq=424454 Ack=141 Win=65024 Len=1448 TSval=2916037476 TSecr=3045557250 [TCP segment of a reassembled PDU]"
"35846","33.396282897","192.168.1.55","192.168.1.2","TCP","1514","8004  >  36192 [ACK] Seq=425902 Ack=141 Win=65024 Len=1448 TSval=2916037476 TSecr=3045557250 [TCP segment of a reassembled PDU]"
"35847","33.396283915","192.168.1.55","192.168.1.2","TCP","1514","8004  >  36192 [ACK] Seq=427350 Ack=141 Win=65024 Len=1448 TSval=2916037476 TSecr=3045557250 [TCP segment of a reassembled PDU]"
"35848","33.396284989","192.168.1.55","192.168.1.2","TCP","1514","8004  >  36192 [ACK] Seq=428798 Ack=141 Win=65024 Len=1448 TSval=2916037476 TSecr=3045557250 [TCP segment of a reassembled PDU]"
"35849","33.396285971","192.168.1.55","192.168.1.2","TCP","1514","8004  >  36192 [ACK] Seq=430246 Ack=141 Win=65024 Len=1448 TSval=2916037476 TSecr=3045557250 [TCP segment of a reassembled PDU]"
"35850","33.396287008","192.168.1.55","192.168.1.2","TCP","1514","8004  >  36192 [ACK] Seq=431694 Ack=141 Win=65024 Len=1448 TSval=2916037476 TSecr=3045557250 [TCP segment of a reassembled PDU]"
"35851","33.396288008","192.168.1.55","192.168.1.2","TCP","1514","8004  >  36192 [ACK] Seq=433142 Ack=141 Win=65024 Len=1448 TSval=2916037476 TSecr=3045557250 [TCP segment of a reassembled PDU]"
"35852","33.396289045","192.168.1.55","192.168.1.2","TCP","1514","8004  >  36192 [ACK] Seq=434590 Ack=141 Win=65024 Len=1448 TSval=2916037476 TSecr=3045557250 [TCP segment of a reassembled PDU]"
"35853","33.396290119","192.168.1.55","192.168.1.2","TCP","1514","8004  >  36192 [ACK] Seq=436038 Ack=141 Win=65024 Len=1448 TSval=2916037476 TSecr=3045557250 [TCP segment of a reassembled PDU]"
"35854","33.396294156","192.168.1.55","192.168.1.2","TCP","1514","8004  >  36192 [ACK] Seq=437486 Ack=141 Win=65024 Len=1448 TSval=2916037476 TSecr=3045557250 [TCP segment of a reassembled PDU]"
"35855","33.396295212","192.168.1.55","192.168.1.2","TCP","1514","8004  >  36192 [ACK] Seq=438934 Ack=141 Win=65024 Len=1448 TSval=2916037476 TSecr=3045557250 [TCP segment of a reassembled PDU]"
"35856","33.396296175","192.168.1.55","192.168.1.2","TCP","1514","8004  >  36192 [PSH, ACK] Seq=440382 Ack=141 Win=65024 Len=1448 TSval=2916037476 TSecr=3045557250 [TCP segment of a reassembled PDU]"
"35857","33.397482658","192.168.1.2","192.168.1.55","TCP","66","36192  >  8004 [ACK] Seq=141 Ack=349158 Win=135168 Len=0 TSval=3045557252 TSecr=2916037471"
"35858","33.397500954","192.168.1.55","192.168.1.2","TCP","1514","8004  >  36192 [ACK] Seq=441830 Ack=141 Win=65024 Len=1448 TSval=2916037478 TSecr=3045557252 [TCP segment of a reassembled PDU]"
"35859","33.397502528","192.168.1.55","192.168.1.2","TCP","1514","8004  >  36192 [ACK] Seq=443278 Ack=141 Win=65024 Len=1448 TSval=2916037478 TSecr=3045557252 [TCP segment of a reassembled PDU]"
"35860","33.397503510","192.168.1.55","192.168.1.2","TCP","1514","8004  >  36192 [ACK] Seq=444726 Ack=141 Win=65024 Len=1448 TSval=2916037478 TSecr=3045557252 [TCP segment of a reassembled PDU]"
"35861","33.397504417","192.168.1.55","192.168.1.2","TCP","1514","8004  >  36192 [ACK] Seq=446174 Ack=141 Win=65024 Len=1448 TSval=2916037478 TSecr=3045557252 [TCP segment of a reassembled PDU]"
"35862","33.397505362","192.168.1.55","192.168.1.2","TCP","1514","8004  >  36192 [ACK] Seq=447622 Ack=141 Win=65024 Len=1448 TSval=2916037478 TSecr=3045557252 [TCP segment of a reassembled PDU]"
"35863","33.397506251","192.168.1.55","192.168.1.2","TCP","1514","8004  >  36192 [ACK] Seq=449070 Ack=141 Win=65024 Len=1448 TSval=2916037478 TSecr=3045557252 [TCP segment of a reassembled PDU]"
"35864","33.397507232","192.168.1.55","192.168.1.2","TCP","1514","8004  >  36192 [ACK] Seq=450518 Ack=141 Win=65024 Len=1448 TSval=2916037478 TSecr=3045557252 [TCP segment of a reassembled PDU]"
"35865","33.397508232","192.168.1.55","192.168.1.2","TCP","1514","8004  >  36192 [ACK] Seq=451966 Ack=141 Win=65024 Len=1448 TSval=2916037478 TSecr=3045557252 [TCP segment of a reassembled PDU]"
"35866","33.397509140","192.168.1.55","192.168.1.2","TCP","1514","8004  >  36192 [ACK] Seq=453414 Ack=141 Win=65024 Len=1448 TSval=2916037478 TSecr=3045557252 [TCP segment of a reassembled PDU]"
"35867","33.397510047","192.168.1.55","192.168.1.2","TCP","1514","8004  >  36192 [ACK] Seq=454862 Ack=141 Win=65024 Len=1448 TSval=2916037478 TSecr=3045557252 [TCP segment of a reassembled PDU]"
"35868","33.397510954","192.168.1.55","192.168.1.2","TCP","1514","8004  >  36192 [ACK] Seq=456310 Ack=141 Win=65024 Len=1448 TSval=2916037478 TSecr=3045557252 [TCP segment of a reassembled PDU]"
"35869","33.397511973","192.168.1.55","192.168.1.2","TCP","1514","8004  >  36192 [ACK] Seq=457758 Ack=141 Win=65024 Len=1448 TSval=2916037478 TSecr=3045557252 [TCP segment of a reassembled PDU]"
"35870","33.397512843","192.168.1.55","192.168.1.2","TCP","1514","8004  >  36192 [ACK] Seq=459206 Ack=141 Win=65024 Len=1448 TSval=2916037478 TSecr=3045557252 [TCP segment of a reassembled PDU]"
"35871","33.397513751","192.168.1.55","192.168.1.2","TCP","1514","8004  >  36192 [ACK] Seq=460654 Ack=141 Win=65024 Len=1448 TSval=2916037478 TSecr=3045557252 [TCP segment of a reassembled PDU]"
"35872","33.397514732","192.168.1.55","192.168.1.2","TCP","1514","8004  >  36192 [ACK] Seq=462102 Ack=141 Win=65024 Len=1448 TSval=2916037478 TSecr=3045557252 [TCP segment of a reassembled PDU]"
"35873","33.397515640","192.168.1.55","192.168.1.2","TCP","1514","8004  >  36192 [PSH, ACK] Seq=463550 Ack=141 Win=65024 Len=1448 TSval=2916037478 TSecr=3045557252 [TCP segment of a reassembled PDU]"
"35874","33.402318999","192.168.1.2","192.168.1.55","TCP","66","36192  >  8004 [ACK] Seq=141 Ack=382462 Win=112640 Len=0 TSval=3045557258 TSecr=2916037475"
"35875","33.402403425","192.168.1.55","192.168.1.2","TCP","1514","8004  >  36192 [ACK] Seq=464998 Ack=141 Win=65024 Len=1448 TSval=2916037483 TSecr=3045557258 [TCP segment of a reassembled PDU]"
"35876","33.402412036","192.168.1.55","192.168.1.2","TCP","1514","8004  >  36192 [ACK] Seq=466446 Ack=141 Win=65024 Len=1448 TSval=2916037483 TSecr=3045557258 [TCP segment of a reassembled PDU]"
"35877","33.402413703","192.168.1.55","192.168.1.2","TCP","1514","8004  >  36192 [ACK] Seq=467894 Ack=141 Win=65024 Len=1448 TSval=2916037483 TSecr=3045557258 [TCP segment of a reassembled PDU]"
"35878","33.402415110","192.168.1.55","192.168.1.2","TCP","1514","8004  >  36192 [ACK] Seq=469342 Ack=141 Win=65024 Len=1448 TSval=2916037483 TSecr=3045557258 [TCP segment of a reassembled PDU]"
"35879","33.402416610","192.168.1.55","192.168.1.2","TCP","1514","8004  >  36192 [ACK] Seq=470790 Ack=141 Win=65024 Len=1448 TSval=2916037483 TSecr=3045557258 [TCP segment of a reassembled PDU]"
"35880","33.402418499","192.168.1.55","192.168.1.2","TCP","1514","8004  >  36192 [ACK] Seq=472238 Ack=141 Win=65024 Len=1448 TSval=2916037483 TSecr=3045557258 [TCP segment of a reassembled PDU]"
"35881","33.402420721","192.168.1.55","192.168.1.2","TCP","1514","8004  >  36192 [ACK] Seq=473686 Ack=141 Win=65024 Len=1448 TSval=2916037483 TSecr=3045557258 [TCP segment of a reassembled PDU]"
"35882","33.402422129","192.168.1.55","192.168.1.2","TCP","1514","8004  >  36192 [ACK] Seq=475134 Ack=141 Win=65024 Len=1448 TSval=2916037483 TSecr=3045557258 [TCP segment of a reassembled PDU]"
"35883","33.402424388","192.168.1.55","192.168.1.2","TCP","1514","8004  >  36192 [ACK] Seq=476582 Ack=141 Win=65024 Len=1448 TSval=2916037483 TSecr=3045557258 [TCP segment of a reassembled PDU]"
"35884","33.402425925","192.168.1.55","192.168.1.2","TCP","1514","8004  >  36192 [ACK] Seq=478030 Ack=141 Win=65024 Len=1448 TSval=2916037483 TSecr=3045557258 [TCP segment of a reassembled PDU]"
"35885","33.402427481","192.168.1.55","192.168.1.2","TCP","1514","8004  >  36192 [ACK] Seq=479478 Ack=141 Win=65024 Len=1448 TSval=2916037483 TSecr=3045557258 [TCP segment of a reassembled PDU]"
"35886","33.402430073","192.168.1.55","192.168.1.2","TCP","1514","8004  >  36192 [ACK] Seq=480926 Ack=141 Win=65024 Len=1448 TSval=2916037483 TSecr=3045557258 [TCP segment of a reassembled PDU]"
"35887","33.402431629","192.168.1.55","192.168.1.2","TCP","1514","8004  >  36192 [ACK] Seq=482374 Ack=141 Win=65024 Len=1448 TSval=2916037483 TSecr=3045557258 [TCP segment of a reassembled PDU]"
"35888","33.402433055","192.168.1.55","192.168.1.2","TCP","1514","8004  >  36192 [ACK] Seq=483822 Ack=141 Win=65024 Len=1448 TSval=2916037483 TSecr=3045557258 [TCP segment of a reassembled PDU]"
"35889","33.402434573","192.168.1.55","192.168.1.2","TCP","1514","8004  >  36192 [ACK] Seq=485270 Ack=141 Win=65024 Len=1448 TSval=2916037483 TSecr=3045557258 [TCP segment of a reassembled PDU]"
"35890","33.402436555","192.168.1.55","192.168.1.2","TCP","1514","8004  >  36192 [PSH, ACK] Seq=486718 Ack=141 Win=65024 Len=1448 TSval=2916037483 TSecr=3045557258 [TCP segment of a reassembled PDU]"
"35891","33.403107148","192.168.1.2","192.168.1.55","TCP","66","36192  >  8004 [ACK] Seq=141 Ack=395494 Win=134144 Len=0 TSval=3045557258 TSecr=2916037475"
"35892","33.403129760","192.168.1.55","192.168.1.2","TCP","1514","8004  >  36192 [ACK] Seq=488166 Ack=141 Win=65024 Len=1448 TSval=2916037483 TSecr=3045557258 [TCP segment of a reassembled PDU]"
"35893","33.403132315","192.168.1.55","192.168.1.2","TCP","1514","8004  >  36192 [ACK] Seq=489614 Ack=141 Win=65024 Len=1448 TSval=2916037483 TSecr=3045557258 [TCP segment of a reassembled PDU]"
"35894","33.403135000","192.168.1.55","192.168.1.2","TCP","1514","8004  >  36192 [ACK] Seq=491062 Ack=141 Win=65024 Len=1448 TSval=2916037483 TSecr=3045557258 [TCP segment of a reassembled PDU]"
"35895","33.403136574","192.168.1.55","192.168.1.2","TCP","1514","8004  >  36192 [ACK] Seq=492510 Ack=141 Win=65024 Len=1448 TSval=2916037483 TSecr=3045557258 [TCP segment of a reassembled PDU]"
"35896","33.403137667","192.168.1.55","192.168.1.2","TCP","1514","8004  >  36192 [ACK] Seq=493958 Ack=141 Win=65024 Len=1448 TSval=2916037483 TSecr=3045557258 [TCP segment of a reassembled PDU]"
"35897","33.403138778","192.168.1.55","192.168.1.2","TCP","1514","8004  >  36192 [ACK] Seq=495406 Ack=141 Win=65024 Len=1448 TSval=2916037483 TSecr=3045557258 [TCP segment of a reassembled PDU]"
"35898","33.403139852","192.168.1.55","192.168.1.2","TCP","1514","8004  >  36192 [ACK] Seq=496854 Ack=141 Win=65024 Len=1448 TSval=2916037483 TSecr=3045557258 [TCP segment of a reassembled PDU]"
"35899","33.403141000","192.168.1.55","192.168.1.2","HTTP","1472","HTTP/1.0 200 OK  (PNG)"
"35900","33.403192426","192.168.1.2","192.168.1.55","TCP","66","36192  >  8004 [ACK] Seq=141 Ack=441830 Win=101376 Len=0 TSval=3045557258 TSecr=2916037476"
"35901","33.403199871","192.168.1.2","192.168.1.55","TCP","66","36192  >  8004 [ACK] Seq=141 Ack=463550 Win=80896 Len=0 TSval=3045557258 TSecr=2916037478"
"35902","33.407145210","192.168.1.2","192.168.1.55","TCP","66","36192  >  8004 [ACK] Seq=141 Ack=464998 Win=138240 Len=0 TSval=3045557261 TSecr=2916037478"
"35903","33.407269229","192.168.1.2","192.168.1.55","TCP","66","36192  >  8004 [ACK] Seq=141 Ack=488166 Win=138240 Len=0 TSval=3045557261 TSecr=2916037483"
"35904","33.407275099","192.168.1.2","192.168.1.55","TCP","66","36192  >  8004 [ACK] Seq=141 Ack=498302 Win=154624 Len=0 TSval=3045557261 TSecr=2916037483"
"35905","33.408599953","192.168.1.2","192.168.1.55","TCP","66","36192  >  8004 [FIN, ACK] Seq=141 Ack=499709 Win=156672 Len=0 TSval=3045557263 TSecr=2916037483"
"35906","33.408611046","192.168.1.55","192.168.1.2","TCP","66","8004  >  36192 [ACK] Seq=499709 Ack=142 Win=65024 Len=0 TSval=2916037489 TSecr=3045557263"
"35907","33.408704509","192.168.1.2","192.168.1.55","TCP","74","36194  >  8004 [SYN] Seq=0 Win=64240 Len=0 MSS=1460 SACK_PERM TSval=3045557263 TSecr=0 WS=1024"
"35908","33.408726139","192.168.1.55","192.168.1.2","TCP","74","8004  >  36194 [SYN, ACK] Seq=0 Ack=1 Win=65160 Len=0 MSS=1460 SACK_PERM TSval=2916037489 TSecr=3045557263 WS=128"
"35909","33.411898181","192.168.1.2","192.168.1.55","TCP","66","36194  >  8004 [ACK] Seq=1 Ack=1 Win=64512 Len=0 TSval=3045557266 TSecr=2916037489"
"35910","33.415111167","192.168.1.2","192.168.1.55","HTTP","209","GET /original_benchmark.png HTTP/1.1 "
"35911","33.415122482","192.168.1.55","192.168.1.2","TCP","66","8004  >  36194 [ACK] Seq=1 Ack=144 Win=65024 Len=0 TSval=2916037495 TSecr=3045557266"
"35912","33.415610372","192.168.1.55","192.168.1.2","TCP","255","8004  >  36194 [PSH, ACK] Seq=1 Ack=144 Win=65024 Len=189 TSval=2916037496 TSecr=3045557266 [TCP segment of a reassembled PDU]"
"35913","33.415697076","192.168.1.55","192.168.1.2","TCP","1514","8004  >  36194 [ACK] Seq=190 Ack=144 Win=65024 Len=1448 TSval=2916037496 TSecr=3045557266 [TCP segment of a reassembled PDU]"
"35914","33.415701224","192.168.1.55","192.168.1.2","TCP","1514","8004  >  36194 [ACK] Seq=1638 Ack=144 Win=65024 Len=1448 TSval=2916037496 TSecr=3045557266 [TCP segment of a reassembled PDU]"
"35915","33.415702557","192.168.1.55","192.168.1.2","TCP","1514","8004  >  36194 [ACK] Seq=3086 Ack=144 Win=65024 Len=1448 TSval=2916037496 TSecr=3045557266 [TCP segment of a reassembled PDU]"
"35916","33.415703965","192.168.1.55","192.168.1.2","TCP","1514","8004  >  36194 [ACK] Seq=4534 Ack=144 Win=65024 Len=1448 TSval=2916037496 TSecr=3045557266 [TCP segment of a reassembled PDU]"
"35917","33.415705798","192.168.1.55","192.168.1.2","TCP","1514","8004  >  36194 [PSH, ACK] Seq=5982 Ack=144 Win=65024 Len=1448 TSval=2916037496 TSecr=3045557266 [TCP segment of a reassembled PDU]"
"35918","33.415720983","192.168.1.55","192.168.1.2","TCP","1514","8004  >  36194 [ACK] Seq=7430 Ack=144 Win=65024 Len=1448 TSval=2916037496 TSecr=3045557266 [TCP segment of a reassembled PDU]"
"35919","33.415723409","192.168.1.55","192.168.1.2","TCP","1514","8004  >  36194 [ACK] Seq=8878 Ack=144 Win=65024 Len=1448 TSval=2916037496 TSecr=3045557266 [TCP segment of a reassembled PDU]"
"35920","33.415724705","192.168.1.55","192.168.1.2","TCP","1514","8004  >  36194 [ACK] Seq=10326 Ack=144 Win=65024 Len=1448 TSval=2916037496 TSecr=3045557266 [TCP segment of a reassembled PDU]"
"35921","33.415726076","192.168.1.55","192.168.1.2","TCP","1514","8004  >  36194 [PSH, ACK] Seq=11774 Ack=144 Win=65024 Len=1448 TSval=2916037496 TSecr=3045557266 [TCP segment of a reassembled PDU]"
"35922","33.419284026","192.168.1.2","192.168.1.55","TCP","66","36194  >  8004 [ACK] Seq=144 Ack=190 Win=64512 Len=0 TSval=3045557273 TSecr=2916037496"
"35923","33.419447100","192.168.1.55","192.168.1.2","TCP","1514","8004  >  36194 [ACK] Seq=13222 Ack=144 Win=65024 Len=1448 TSval=2916037500 TSecr=3045557273 [TCP segment of a reassembled PDU]"
"35924","33.419462341","192.168.1.55","192.168.1.2","TCP","1514","8004  >  36194 [PSH, ACK] Seq=14670 Ack=144 Win=65024 Len=1448 TSval=2916037500 TSecr=3045557273 [TCP segment of a reassembled PDU]"
"35925","33.419600841","192.168.1.2","192.168.1.55","TCP","66","36194  >  8004 [ACK] Seq=144 Ack=5982 Win=76800 Len=0 TSval=3045557273 TSecr=2916037496"
"35926","33.419712638","192.168.1.55","192.168.1.2","TCP","1514","8004  >  36194 [ACK] Seq=16118 Ack=144 Win=65024 Len=1448 TSval=2916037500 TSecr=3045557273 [TCP segment of a reassembled PDU]"
"35927","33.419725360","192.168.1.55","192.168.1.2","TCP","1514","8004  >  36194 [ACK] Seq=17566 Ack=144 Win=65024 Len=1448 TSval=2916037500 TSecr=3045557273 [TCP segment of a reassembled PDU]"
"35928","33.419728378","192.168.1.55","192.168.1.2","TCP","1514","8004  >  36194 [ACK] Seq=19014 Ack=144 Win=65024 Len=1448 TSval=2916037500 TSecr=3045557273 [TCP segment of a reassembled PDU]"
"35929","33.419729990","192.168.1.55","192.168.1.2","TCP","1514","8004  >  36194 [ACK] Seq=20462 Ack=144 Win=65024 Len=1448 TSval=2916037500 TSecr=3045557273 [TCP segment of a reassembled PDU]"
"35930","33.419732008","192.168.1.55","192.168.1.2","TCP","1514","8004  >  36194 [ACK] Seq=21910 Ack=144 Win=65024 Len=1448 TSval=2916037500 TSecr=3045557273 [TCP segment of a reassembled PDU]"
"35931","33.419734619","192.168.1.55","192.168.1.2","TCP","1514","8004  >  36194 [ACK] Seq=23358 Ack=144 Win=65024 Len=1448 TSval=2916037500 TSecr=3045557273 [TCP segment of a reassembled PDU]"
"35932","33.419736953","192.168.1.55","192.168.1.2","TCP","1514","8004  >  36194 [PSH, ACK] Seq=24806 Ack=144 Win=65024 Len=1448 TSval=2916037500 TSecr=3045557273 [TCP segment of a reassembled PDU]"
"35933","33.419755323","192.168.1.2","192.168.1.55","TCP","66","36194  >  8004 [ACK] Seq=144 Ack=7430 Win=79872 Len=0 TSval=3045557274 TSecr=2916037496"
"35934","33.419774342","192.168.1.2","192.168.1.55","TCP","66","36194  >  8004 [ACK] Seq=144 Ack=13222 Win=80896 Len=0 TSval=3045557274 TSecr=2916037496"
"35935","33.419839249","192.168.1.55","192.168.1.2","TCP","1514","8004  >  36194 [ACK] Seq=26254 Ack=144 Win=65024 Len=1448 TSval=2916037500 TSecr=3045557274 [TCP segment of a reassembled PDU]"
"35936","33.419848712","192.168.1.55","192.168.1.2","TCP","1514","8004  >  36194 [ACK] Seq=27702 Ack=144 Win=65024 Len=1448 TSval=2916037500 TSecr=3045557274 [TCP segment of a reassembled PDU]"
"35937","33.419851990","192.168.1.55","192.168.1.2","TCP","1514","8004  >  36194 [ACK] Seq=29150 Ack=144 Win=65024 Len=1448 TSval=2916037500 TSecr=3045557274 [TCP segment of a reassembled PDU]"
"35938","33.419854194","192.168.1.55","192.168.1.2","TCP","1514","8004  >  36194 [ACK] Seq=30598 Ack=144 Win=65024 Len=1448 TSval=2916037500 TSecr=3045557274 [TCP segment of a reassembled PDU]"
"35939","33.419856249","192.168.1.55","192.168.1.2","TCP","1514","8004  >  36194 [ACK] Seq=32046 Ack=144 Win=65024 Len=1448 TSval=2916037500 TSecr=3045557274 [TCP segment of a reassembled PDU]"
"35940","33.419859286","192.168.1.55","192.168.1.2","TCP","1514","8004  >  36194 [ACK] Seq=33494 Ack=144 Win=65024 Len=1448 TSval=2916037500 TSecr=3045557274 [TCP segment of a reassembled PDU]"
"35941","33.419861231","192.168.1.55","192.168.1.2","TCP","1514","8004  >  36194 [ACK] Seq=34942 Ack=144 Win=65024 Len=1448 TSval=2916037500 TSecr=3045557274 [TCP segment of a reassembled PDU]"
"35942","33.419863397","192.168.1.55","192.168.1.2","TCP","1514","8004  >  36194 [ACK] Seq=36390 Ack=144 Win=65024 Len=1448 TSval=2916037500 TSecr=3045557274 [TCP segment of a reassembled PDU]"
"35943","33.419895064","192.168.1.55","192.168.1.2","TCP","1514","8004  >  36194 [ACK] Seq=37838 Ack=144 Win=65024 Len=1448 TSval=2916037500 TSecr=3045557274 [TCP segment of a reassembled PDU]"
"35944","33.419899582","192.168.1.55","192.168.1.2","TCP","1514","8004  >  36194 [PSH, ACK] Seq=39286 Ack=144 Win=65024 Len=1448 TSval=2916037500 TSecr=3045557274 [TCP segment of a reassembled PDU]"
"35945","33.420869658","192.168.1.55","192.168.1.2","TCP","1514","8004  >  36194 [ACK] Seq=40734 Ack=144 Win=65024 Len=1448 TSval=2916037501 TSecr=3045557274 [TCP segment of a reassembled PDU]"
"35946","33.424409534","192.168.1.2","192.168.1.55","TCP","66","36194  >  8004 [ACK] Seq=144 Ack=16118 Win=87040 Len=0 TSval=3045557279 TSecr=2916037500"
"35947","33.424465479","192.168.1.55","192.168.1.2","TCP","1514","8004  >  36194 [ACK] Seq=42182 Ack=144 Win=65024 Len=1448 TSval=2916037505 TSecr=3045557279 [TCP segment of a reassembled PDU]"
"35948","33.424471442","192.168.1.55","192.168.1.2","TCP","1514","8004  >  36194 [PSH, ACK] Seq=43630 Ack=144 Win=65024 Len=1448 TSval=2916037505 TSecr=3045557279 [TCP segment of a reassembled PDU]"
"35949","33.424542571","192.168.1.2","192.168.1.55","TCP","66","36194  >  8004 [ACK] Seq=144 Ack=26254 Win=86016 Len=0 TSval=3045557279 TSecr=2916037500"
"35950","33.424581201","192.168.1.55","192.168.1.2","TCP","1514","8004  >  36194 [ACK] Seq=45078 Ack=144 Win=65024 Len=1448 TSval=2916037505 TSecr=3045557279 [TCP segment of a reassembled PDU]"
"35951","33.424583738","192.168.1.55","192.168.1.2","TCP","1514","8004  >  36194 [ACK] Seq=46526 Ack=144 Win=65024 Len=1448 TSval=2916037505 TSecr=3045557279 [TCP segment of a reassembled PDU]"
"35952","33.424585738","192.168.1.55","192.168.1.2","TCP","1514","8004  >  36194 [ACK] Seq=47974 Ack=144 Win=65024 Len=1448 TSval=2916037505 TSecr=3045557279 [TCP segment of a reassembled PDU]"
"35953","33.424587460","192.168.1.55","192.168.1.2","TCP","1514","8004  >  36194 [ACK] Seq=49422 Ack=144 Win=65024 Len=1448 TSval=2916037505 TSecr=3045557279 [TCP segment of a reassembled PDU]"
"35954","33.424589183","192.168.1.55","192.168.1.2","TCP","1514","8004  >  36194 [ACK] Seq=50870 Ack=144 Win=65024 Len=1448 TSval=2916037505 TSecr=3045557279 [TCP segment of a reassembled PDU]"
"35955","33.424590664","192.168.1.55","192.168.1.2","TCP","1514","8004  >  36194 [ACK] Seq=52318 Ack=144 Win=65024 Len=1448 TSval=2916037505 TSecr=3045557279 [TCP segment of a reassembled PDU]"
"35956","33.424591942","192.168.1.55","192.168.1.2","TCP","1514","8004  >  36194 [ACK] Seq=53766 Ack=144 Win=65024 Len=1448 TSval=2916037505 TSecr=3045557279 [TCP segment of a reassembled PDU]"
"35957","33.424593331","192.168.1.55","192.168.1.2","TCP","1514","8004  >  36194 [ACK] Seq=55214 Ack=144 Win=65024 Len=1448 TSval=2916037505 TSecr=3045557279 [TCP segment of a reassembled PDU]"
"35958","33.424595201","192.168.1.55","192.168.1.2","TCP","1514","8004  >  36194 [ACK] Seq=56662 Ack=144 Win=65024 Len=1448 TSval=2916037505 TSecr=3045557279 [TCP segment of a reassembled PDU]"
"35959","33.424596849","192.168.1.55","192.168.1.2","TCP","1514","8004  >  36194 [ACK] Seq=58110 Ack=144 Win=65024 Len=1448 TSval=2916037505 TSecr=3045557279 [TCP segment of a reassembled PDU]"
"35960","33.424598738","192.168.1.55","192.168.1.2","TCP","1514","8004  >  36194 [ACK] Seq=59558 Ack=144 Win=65024 Len=1448 TSval=2916037505 TSecr=3045557279 [TCP segment of a reassembled PDU]"
"35961","33.424600034","192.168.1.55","192.168.1.2","TCP","1514","8004  >  36194 [ACK] Seq=61006 Ack=144 Win=65024 Len=1448 TSval=2916037505 TSecr=3045557279 [TCP segment of a reassembled PDU]"
"35962","33.424601423","192.168.1.55","192.168.1.2","TCP","1514","8004  >  36194 [ACK] Seq=62454 Ack=144 Win=65024 Len=1448 TSval=2916037505 TSecr=3045557279 [TCP segment of a reassembled PDU]"
"35963","33.424602812","192.168.1.55","192.168.1.2","TCP","1514","8004  >  36194 [PSH, ACK] Seq=63902 Ack=144 Win=65024 Len=1448 TSval=2916037505 TSecr=3045557279 [TCP segment of a reassembled PDU]"
"35964","33.424609016","192.168.1.2","192.168.1.55","TCP","66","36194  >  8004 [ACK] Seq=144 Ack=36390 Win=76800 Len=0 TSval=3045557279 TSecr=2916037500"
"35965","33.424643275","192.168.1.55","192.168.1.2","TCP","1514","8004  >  36194 [ACK] Seq=65350 Ack=144 Win=65024 Len=1448 TSval=2916037505 TSecr=3045557279 [TCP segment of a reassembled PDU]"
"35966","33.424645571","192.168.1.55","192.168.1.2","TCP","1514","8004  >  36194 [ACK] Seq=66798 Ack=144 Win=65024 Len=1448 TSval=2916037505 TSecr=3045557279 [TCP segment of a reassembled PDU]"
"35967","33.424646812","192.168.1.55","192.168.1.2","TCP","1514","8004  >  36194 [ACK] Seq=68246 Ack=144 Win=65024 Len=1448 TSval=2916037505 TSecr=3045557279 [TCP segment of a reassembled PDU]"
"35968","33.424648146","192.168.1.55","192.168.1.2","TCP","1514","8004  >  36194 [ACK] Seq=69694 Ack=144 Win=65024 Len=1448 TSval=2916037505 TSecr=3045557279 [TCP segment of a reassembled PDU]"
"35969","33.424650238","192.168.1.55","192.168.1.2","TCP","1514","8004  >  36194 [ACK] Seq=71142 Ack=144 Win=65024 Len=1448 TSval=2916037505 TSecr=3045557279 [TCP segment of a reassembled PDU]"
"35970","33.424651868","192.168.1.55","192.168.1.2","TCP","1514","8004  >  36194 [ACK] Seq=72590 Ack=144 Win=65024 Len=1448 TSval=2916037505 TSecr=3045557279 [TCP segment of a reassembled PDU]"
"35971","33.424653257","192.168.1.55","192.168.1.2","TCP","1514","8004  >  36194 [ACK] Seq=74038 Ack=144 Win=65024 Len=1448 TSval=2916037505 TSecr=3045557279 [TCP segment of a reassembled PDU]"
"35972","33.424654460","192.168.1.55","192.168.1.2","TCP","1514","8004  >  36194 [PSH, ACK] Seq=75486 Ack=144 Win=65024 Len=1448 TSval=2916037505 TSecr=3045557279 [TCP segment of a reassembled PDU]"
"35973","33.424663590","192.168.1.2","192.168.1.55","TCP","66","36194  >  8004 [ACK] Seq=144 Ack=39286 Win=92160 Len=0 TSval=3045557279 TSecr=2916037500"
"35974","33.424722535","192.168.1.2","192.168.1.55","TCP","66","36194  >  8004 [ACK] Seq=144 Ack=40734 Win=94208 Len=0 TSval=3045557279 TSecr=2916037500"
"35975","33.424766016","192.168.1.55","192.168.1.2","TCP","1514","8004  >  36194 [ACK] Seq=76934 Ack=144 Win=65024 Len=1448 TSval=2916037505 TSecr=3045557279 [TCP segment of a reassembled PDU]"
"35976","33.424771072","192.168.1.55","192.168.1.2","TCP","1514","8004  >  36194 [ACK] Seq=78382 Ack=144 Win=65024 Len=1448 TSval=2916037505 TSecr=3045557279 [TCP segment of a reassembled PDU]"
"35977","33.424772461","192.168.1.55","192.168.1.2","TCP","1514","8004  >  36194 [ACK] Seq=79830 Ack=144 Win=65024 Len=1448 TSval=2916037505 TSecr=3045557279 [TCP segment of a reassembled PDU]"
"35978","33.424774757","192.168.1.55","192.168.1.2","TCP","1514","8004  >  36194 [ACK] Seq=81278 Ack=144 Win=65024 Len=1448 TSval=2916037505 TSecr=3045557279 [TCP segment of a reassembled PDU]"
"35979","33.424776683","192.168.1.55","192.168.1.2","TCP","1514","8004  >  36194 [ACK] Seq=82726 Ack=144 Win=65024 Len=1448 TSval=2916037505 TSecr=3045557279 [TCP segment of a reassembled PDU]"
"35980","33.424778442","192.168.1.55","192.168.1.2","TCP","1514","8004  >  36194 [ACK] Seq=84174 Ack=144 Win=65024 Len=1448 TSval=2916037505 TSecr=3045557279 [TCP segment of a reassembled PDU]"
"35981","33.424780831","192.168.1.55","192.168.1.2","TCP","1514","8004  >  36194 [ACK] Seq=85622 Ack=144 Win=65024 Len=1448 TSval=2916037505 TSecr=3045557279 [TCP segment of a reassembled PDU]"
"35982","33.424782849","192.168.1.55","192.168.1.2","TCP","1514","8004  >  36194 [ACK] Seq=87070 Ack=144 Win=65024 Len=1448 TSval=2916037505 TSecr=3045557279 [TCP segment of a reassembled PDU]"
"35983","33.424787312","192.168.1.55","192.168.1.2","TCP","1514","8004  >  36194 [ACK] Seq=88518 Ack=144 Win=65024 Len=1448 TSval=2916037505 TSecr=3045557279 [TCP segment of a reassembled PDU]"
"35984","33.424789164","192.168.1.55","192.168.1.2","TCP","1514","8004  >  36194 [ACK] Seq=89966 Ack=144 Win=65024 Len=1448 TSval=2916037505 TSecr=3045557279 [TCP segment of a reassembled PDU]"
"35985","33.424791849","192.168.1.55","192.168.1.2","TCP","1514","8004  >  36194 [ACK] Seq=91414 Ack=144 Win=65024 Len=1448 TSval=2916037505 TSecr=3045557279 [TCP segment of a reassembled PDU]"
"35986","33.424793701","192.168.1.55","192.168.1.2","TCP","1514","8004  >  36194 [ACK] Seq=92862 Ack=144 Win=65024 Len=1448 TSval=2916037505 TSecr=3045557279 [TCP segment of a reassembled PDU]"
"35987","33.424795979","192.168.1.55","192.168.1.2","TCP","1514","8004  >  36194 [ACK] Seq=94310 Ack=144 Win=65024 Len=1448 TSval=2916037505 TSecr=3045557279 [TCP segment of a reassembled PDU]"
"35988","33.424799405","192.168.1.55","192.168.1.2","TCP","1514","8004  >  36194 [PSH, ACK] Seq=95758 Ack=144 Win=65024 Len=1448 TSval=2916037505 TSecr=3045557279 [TCP segment of a reassembled PDU]"
"35989","33.424807868","192.168.1.2","192.168.1.55","TCP","66","36194  >  8004 [ACK] Seq=144 Ack=42182 Win=93184 Len=0 TSval=3045557279 TSecr=2916037501"
"35990","33.426046129","192.168.1.55","192.168.1.2","TCP","1514","8004  >  36194 [ACK] Seq=97206 Ack=144 Win=65024 Len=1448 TSval=2916037506 TSecr=3045557279 [TCP segment of a reassembled PDU]"
"35991","33.426052426","192.168.1.55","192.168.1.2","TCP","1514","8004  >  36194 [PSH, ACK] Seq=98654 Ack=144 Win=65024 Len=1448 TSval=2916037506 TSecr=3045557279 [TCP segment of a reassembled PDU]"
"35992","33.430224210","192.168.1.2","192.168.1.55","TCP","66","36194  >  8004 [ACK] Seq=144 Ack=43630 Win=92160 Len=0 TSval=3045557284 TSecr=2916037505"
"35993","33.430255395","192.168.1.55","192.168.1.2","TCP","1514","8004  >  36194 [ACK] Seq=100102 Ack=144 Win=65024 Len=1448 TSval=2916037510 TSecr=3045557284 [TCP segment of a reassembled PDU]"
"35994","33.430260080","192.168.1.55","192.168.1.2","TCP","1514","8004  >  36194 [PSH, ACK] Seq=101550 Ack=144 Win=65024 Len=1448 TSval=2916037510 TSecr=3045557284 [TCP segment of a reassembled PDU]"
"35995","33.430483155","192.168.1.2","192.168.1.55","TCP","66","36194  >  8004 [ACK] Seq=144 Ack=45078 Win=94208 Len=0 TSval=3045557285 TSecr=2916037505"
"35996","33.430490877","192.168.1.2","192.168.1.55","TCP","66","36194  >  8004 [ACK] Seq=144 Ack=65350 Win=75776 Len=0 TSval=3045557285 TSecr=2916037505"
"35997","33.430513044","192.168.1.55","192.168.1.2","TCP","1514","8004  >  36194 [ACK] Seq=102998 Ack=144 Win=65024 Len=1448 TSval=2916037511 TSecr=3045557285 [TCP segment of a reassembled PDU]"
"35998","33.430515507","192.168.1.55","192.168.1.2","TCP","1514","8004  >  36194 [ACK] Seq=104446 Ack=144 Win=65024 Len=1448 TSval=2916037511 TSecr=3045557285 [TCP segment of a reassembled PDU]"
"35999","33.430517729","192.168.1.55","192.168.1.2","TCP","1514","8004  >  36194 [ACK] Seq=105894 Ack=144 Win=65024 Len=1448 TSval=2916037511 TSecr=3045557285 [TCP segment of a reassembled PDU]"
"36000","33.430519322","192.168.1.55","192.168.1.2","TCP","1514","8004  >  36194 [ACK] Seq=107342 Ack=144 Win=65024 Len=1448 TSval=2916037511 TSecr=3045557285 [TCP segment of a reassembled PDU]"
"36001","33.430520747","192.168.1.55","192.168.1.2","TCP","1514","8004  >  36194 [ACK] Seq=108790 Ack=144 Win=65024 Len=1448 TSval=2916037511 TSecr=3045557285 [TCP segment of a reassembled PDU]"
"36002","33.430522322","192.168.1.55","192.168.1.2","TCP","1514","8004  >  36194 [ACK] Seq=110238 Ack=144 Win=65024 Len=1448 TSval=2916037511 TSecr=3045557285 [TCP segment of a reassembled PDU]"
"36003","33.430524618","192.168.1.55","192.168.1.2","TCP","1514","8004  >  36194 [ACK] Seq=111686 Ack=144 Win=65024 Len=1448 TSval=2916037511 TSecr=3045557285 [TCP segment of a reassembled PDU]"
"36004","33.430526210","192.168.1.55","192.168.1.2","TCP","1514","8004  >  36194 [ACK] Seq=113134 Ack=144 Win=65024 Len=1448 TSval=2916037511 TSecr=3045557285 [TCP segment of a reassembled PDU]"
"36005","33.430527618","192.168.1.55","192.168.1.2","TCP","1514","8004  >  36194 [PSH, ACK] Seq=114582 Ack=144 Win=65024 Len=1448 TSval=2916037511 TSecr=3045557285 [TCP segment of a reassembled PDU]"
"36006","33.430533266","192.168.1.2","192.168.1.55","TCP","66","36194  >  8004 [ACK] Seq=144 Ack=76934 Win=64512 Len=0 TSval=3045557285 TSecr=2916037505"
"36007","33.430589451","192.168.1.55","192.168.1.2","TCP","1514","8004  >  36194 [ACK] Seq=116030 Ack=144 Win=65024 Len=1448 TSval=2916037511 TSecr=3045557285 [TCP segment of a reassembled PDU]"
"36008","33.430592544","192.168.1.55","192.168.1.2","TCP","1514","8004  >  36194 [ACK] Seq=117478 Ack=144 Win=65024 Len=1448 TSval=2916037511 TSecr=3045557285 [TCP segment of a reassembled PDU]"
"36009","33.430594266","192.168.1.55","192.168.1.2","TCP","1514","8004  >  36194 [ACK] Seq=118926 Ack=144 Win=65024 Len=1448 TSval=2916037511 TSecr=3045557285 [TCP segment of a reassembled PDU]"
"36010","33.430596007","192.168.1.55","192.168.1.2","TCP","1514","8004  >  36194 [ACK] Seq=120374 Ack=144 Win=65024 Len=1448 TSval=2916037511 TSecr=3045557285 [TCP segment of a reassembled PDU]"
"36011","33.430597988","192.168.1.55","192.168.1.2","TCP","1514","8004  >  36194 [ACK] Seq=121822 Ack=144 Win=65024 Len=1448 TSval=2916037511 TSecr=3045557285 [TCP segment of a reassembled PDU]"
"36012","33.430599914","192.168.1.55","192.168.1.2","TCP","1514","8004  >  36194 [ACK] Seq=123270 Ack=144 Win=65024 Len=1448 TSval=2916037511 TSecr=3045557285 [TCP segment of a reassembled PDU]"
"36013","33.430601396","192.168.1.55","192.168.1.2","TCP","1514","8004  >  36194 [ACK] Seq=124718 Ack=144 Win=65024 Len=1448 TSval=2916037511 TSecr=3045557285 [TCP segment of a reassembled PDU]"
"36014","33.430602785","192.168.1.55","192.168.1.2","TCP","1514","8004  >  36194 [ACK] Seq=126166 Ack=144 Win=65024 Len=1448 TSval=2916037511 TSecr=3045557285 [TCP segment of a reassembled PDU]"
"36015","33.430604192","192.168.1.55","192.168.1.2","TCP","1514","8004  >  36194 [ACK] Seq=127614 Ack=144 Win=65024 Len=1448 TSval=2916037511 TSecr=3045557285 [TCP segment of a reassembled PDU]"
"36016","33.430606488","192.168.1.55","192.168.1.2","TCP","1514","8004  >  36194 [ACK] Seq=129062 Ack=144 Win=65024 Len=1448 TSval=2916037511 TSecr=3045557285 [TCP segment of a reassembled PDU]"
"36017","33.430607748","192.168.1.55","192.168.1.2","TCP","1514","8004  >  36194 [ACK] Seq=130510 Ack=144 Win=65024 Len=1448 TSval=2916037511 TSecr=3045557285 [TCP segment of a reassembled PDU]"
"36018","33.430609155","192.168.1.55","192.168.1.2","TCP","1514","8004  >  36194 [ACK] Seq=131958 Ack=144 Win=65024 Len=1448 TSval=2916037511 TSecr=3045557285 [TCP segment of a reassembled PDU]"
"36019","33.430610859","192.168.1.55","192.168.1.2","TCP","1514","8004  >  36194 [ACK] Seq=133406 Ack=144 Win=65024 Len=1448 TSval=2916037511 TSecr=3045557285 [TCP segment of a reassembled PDU]"
"36020","33.430612581","192.168.1.55","192.168.1.2","TCP","1514","8004  >  36194 [ACK] Seq=134854 Ack=144 Win=65024 Len=1448 TSval=2916037511 TSecr=3045557285 [TCP segment of a reassembled PDU]"
"36021","33.430613840","192.168.1.55","192.168.1.2","TCP","1514","8004  >  36194 [ACK] Seq=136302 Ack=144 Win=65024 Len=1448 TSval=2916037511 TSecr=3045557285 [TCP segment of a reassembled PDU]"
"36022","33.430615303","192.168.1.55","192.168.1.2","TCP","1514","8004  >  36194 [ACK] Seq=137750 Ack=144 Win=65024 Len=1448 TSval=2916037511 TSecr=3045557285 [TCP segment of a reassembled PDU]"
"36023","33.430617155","192.168.1.55","192.168.1.2","TCP","1514","8004  >  36194 [ACK] Seq=139198 Ack=144 Win=65024 Len=1448 TSval=2916037511 TSecr=3045557285 [TCP segment of a reassembled PDU]"
"36024","33.430618914","192.168.1.55","192.168.1.2","TCP","866","[TCP Window Full] 8004  >  36194 [PSH, ACK] Seq=140646 Ack=144 Win=65024 Len=800 TSval=2916037511 TSecr=3045557285 [TCP segment of a reassembled PDU]"
"36025","33.430677155","192.168.1.2","192.168.1.55","TCP","66","36194  >  8004 [ACK] Seq=144 Ack=100102 Win=41984 Len=0 TSval=3045557285 TSecr=2916037505"
"36026","33.430689488","192.168.1.2","192.168.1.55","TCP","66","[TCP Window Update] 36194  >  8004 [ACK] Seq=144 Ack=100102 Win=94208 Len=0 TSval=3045557285 TSecr=2916037505"
"36027","33.430714322","192.168.1.55","192.168.1.2","TCP","1514","8004  >  36194 [ACK] Seq=141446 Ack=144 Win=65024 Len=1448 TSval=2916037511 TSecr=3045557285 [TCP segment of a reassembled PDU]"
"36028","33.430717637","192.168.1.55","192.168.1.2","TCP","1514","8004  >  36194 [ACK] Seq=142894 Ack=144 Win=65024 Len=1448 TSval=2916037511 TSecr=3045557285 [TCP segment of a reassembled PDU]"
"36029","33.430719859","192.168.1.55","192.168.1.2","TCP","1514","8004  >  36194 [ACK] Seq=144342 Ack=144 Win=65024 Len=1448 TSval=2916037511 TSecr=3045557285 [TCP segment of a reassembled PDU]"
"36030","33.430721248","192.168.1.55","192.168.1.2","TCP","1514","8004  >  36194 [ACK] Seq=145790 Ack=144 Win=65024 Len=1448 TSval=2916037511 TSecr=3045557285 [TCP segment of a reassembled PDU]"
"36031","33.430722840","192.168.1.55","192.168.1.2","TCP","1514","8004  >  36194 [ACK] Seq=147238 Ack=144 Win=65024 Len=1448 TSval=2916037511 TSecr=3045557285 [TCP segment of a reassembled PDU]"
"36032","33.430724877","192.168.1.55","192.168.1.2","TCP","1514","8004  >  36194 [ACK] Seq=148686 Ack=144 Win=65024 Len=1448 TSval=2916037511 TSecr=3045557285 [TCP segment of a reassembled PDU]"
"36033","33.430726600","192.168.1.55","192.168.1.2","TCP","1514","8004  >  36194 [ACK] Seq=150134 Ack=144 Win=65024 Len=1448 TSval=2916037511 TSecr=3045557285 [TCP segment of a reassembled PDU]"
"36034","33.430728007","192.168.1.55","192.168.1.2","TCP","1514","8004  >  36194 [ACK] Seq=151582 Ack=144 Win=65024 Len=1448 TSval=2916037511 TSecr=3045557285 [TCP segment of a reassembled PDU]"
"36035","33.430730489","192.168.1.55","192.168.1.2","TCP","1514","8004  >  36194 [PSH, ACK] Seq=153030 Ack=144 Win=65024 Len=1448 TSval=2916037511 TSecr=3045557285 [TCP segment of a reassembled PDU]"
"36036","33.430739192","192.168.1.55","192.168.1.2","TCP","714","8004  >  36194 [ACK] Seq=154478 Ack=144 Win=65024 Len=648 TSval=2916037511 TSecr=3045557285 [TCP segment of a reassembled PDU]"
"36037","33.430791803","192.168.1.55","192.168.1.2","TCP","1514","8004  >  36194 [ACK] Seq=155126 Ack=144 Win=65024 Len=1448 TSval=2916037511 TSecr=3045557285 [TCP segment of a reassembled PDU]"
"36038","33.430794229","192.168.1.55","192.168.1.2","TCP","1514","8004  >  36194 [ACK] Seq=156574 Ack=144 Win=65024 Len=1448 TSval=2916037511 TSecr=3045557285 [TCP segment of a reassembled PDU]"
"36039","33.430795692","192.168.1.55","192.168.1.2","TCP","1514","8004  >  36194 [ACK] Seq=158022 Ack=144 Win=65024 Len=1448 TSval=2916037511 TSecr=3045557285 [TCP segment of a reassembled PDU]"
"36040","33.430797192","192.168.1.55","192.168.1.2","TCP","1514","8004  >  36194 [ACK] Seq=159470 Ack=144 Win=65024 Len=1448 TSval=2916037511 TSecr=3045557285 [TCP segment of a reassembled PDU]"
"36041","33.430799007","192.168.1.55","192.168.1.2","TCP","1514","8004  >  36194 [ACK] Seq=160918 Ack=144 Win=65024 Len=1448 TSval=2916037511 TSecr=3045557285 [TCP segment of a reassembled PDU]"
"36042","33.430800415","192.168.1.55","192.168.1.2","TCP","1514","8004  >  36194 [ACK] Seq=162366 Ack=144 Win=65024 Len=1448 TSval=2916037511 TSecr=3045557285 [TCP segment of a reassembled PDU]"
"36043","33.430801989","192.168.1.55","192.168.1.2","TCP","1514","8004  >  36194 [ACK] Seq=163814 Ack=144 Win=65024 Len=1448 TSval=2916037511 TSecr=3045557285 [TCP segment of a reassembled PDU]"
"36044","33.430804174","192.168.1.55","192.168.1.2","TCP","1514","8004  >  36194 [ACK] Seq=165262 Ack=144 Win=65024 Len=1448 TSval=2916037511 TSecr=3045557285 [TCP segment of a reassembled PDU]"
"36045","33.430806229","192.168.1.55","192.168.1.2","TCP","1514","8004  >  36194 [ACK] Seq=166710 Ack=144 Win=65024 Len=1448 TSval=2916037511 TSecr=3045557285 [TCP segment of a reassembled PDU]"
"36046","33.430807822","192.168.1.55","192.168.1.2","TCP","1514","8004  >  36194 [ACK] Seq=168158 Ack=144 Win=65024 Len=1448 TSval=2916037511 TSecr=3045557285 [TCP segment of a reassembled PDU]"
"36047","33.430809748","192.168.1.55","192.168.1.2","TCP","1514","8004  >  36194 [ACK] Seq=169606 Ack=144 Win=65024 Len=1448 TSval=2916037511 TSecr=3045557285 [TCP segment of a reassembled PDU]"
"36048","33.430811229","192.168.1.55","192.168.1.2","TCP","1514","8004  >  36194 [ACK] Seq=171054 Ack=144 Win=65024 Len=1448 TSval=2916037511 TSecr=3045557285 [TCP segment of a reassembled PDU]"
"36049","33.430812970","192.168.1.55","192.168.1.2","TCP","1514","8004  >  36194 [ACK] Seq=172502 Ack=144 Win=65024 Len=1448 TSval=2916037511 TSecr=3045557285 [TCP segment of a reassembled PDU]"
"36050","33.430814989","192.168.1.55","192.168.1.2","TCP","1514","8004  >  36194 [ACK] Seq=173950 Ack=144 Win=65024 Len=1448 TSval=2916037511 TSecr=3045557285 [TCP segment of a reassembled PDU]"
"36051","33.430816674","192.168.1.55","192.168.1.2","TCP","1514","8004  >  36194 [ACK] Seq=175398 Ack=144 Win=65024 Len=1448 TSval=2916037511 TSecr=3045557285 [TCP segment of a reassembled PDU]"
"36052","33.430818026","192.168.1.55","192.168.1.2","TCP","1514","8004  >  36194 [ACK] Seq=176846 Ack=144 Win=65024 Len=1448 TSval=2916037511 TSecr=3045557285 [TCP segment of a reassembled PDU]"
"36053","33.430819470","192.168.1.55","192.168.1.2","TCP","1514","8004  >  36194 [ACK] Seq=178294 Ack=144 Win=65024 Len=1448 TSval=2916037511 TSecr=3045557285 [TCP segment of a reassembled PDU]"
"36054","33.430821489","192.168.1.55","192.168.1.2","TCP","1514","8004  >  36194 [ACK] Seq=179742 Ack=144 Win=65024 Len=1448 TSval=2916037511 TSecr=3045557285 [TCP segment of a reassembled PDU]"
"36055","33.430823248","192.168.1.55","192.168.1.2","TCP","1514","8004  >  36194 [ACK] Seq=181190 Ack=144 Win=65024 Len=1448 TSval=2916037511 TSecr=3045557285 [TCP segment of a reassembled PDU]"
"36056","33.430824804","192.168.1.55","192.168.1.2","TCP","1514","8004  >  36194 [ACK] Seq=182638 Ack=144 Win=65024 Len=1448 TSval=2916037511 TSecr=3045557285 [TCP segment of a reassembled PDU]"
"36057","33.430826711","192.168.1.55","192.168.1.2","TCP","1514","8004  >  36194 [ACK] Seq=184086 Ack=144 Win=65024 Len=1448 TSval=2916037511 TSecr=3045557285 [TCP segment of a reassembled PDU]"
"36058","33.430828100","192.168.1.55","192.168.1.2","TCP","1514","8004  >  36194 [ACK] Seq=185534 Ack=144 Win=65024 Len=1448 TSval=2916037511 TSecr=3045557285 [TCP segment of a reassembled PDU]"
"36059","33.430829692","192.168.1.55","192.168.1.2","TCP","1514","8004  >  36194 [ACK] Seq=186982 Ack=144 Win=65024 Len=1448 TSval=2916037511 TSecr=3045557285 [TCP segment of a reassembled PDU]"
"36060","33.430830989","192.168.1.55","192.168.1.2","TCP","1514","8004  >  36194 [ACK] Seq=188430 Ack=144 Win=65024 Len=1448 TSval=2916037511 TSecr=3045557285 [TCP segment of a reassembled PDU]"
"36061","33.430833137","192.168.1.55","192.168.1.2","TCP","1514","8004  >  36194 [ACK] Seq=189878 Ack=144 Win=65024 Len=1448 TSval=2916037511 TSecr=3045557285 [TCP segment of a reassembled PDU]"
"36062","33.430835563","192.168.1.55","192.168.1.2","TCP","1514","8004  >  36194 [ACK] Seq=191326 Ack=144 Win=65024 Len=1448 TSval=2916037511 TSecr=3045557285 [TCP segment of a reassembled PDU]"
"36063","33.430837415","192.168.1.55","192.168.1.2","TCP","1514","8004  >  36194 [PSH, ACK] Seq=192774 Ack=144 Win=65024 Len=1448 TSval=2916037511 TSecr=3045557285 [TCP segment of a reassembled PDU]"
"36064","33.437056147","192.168.1.2","192.168.1.55","TCP","66","36194  >  8004 [ACK] Seq=144 Ack=102998 Win=94208 Len=0 TSval=3045557287 TSecr=2916037510"
"36065","33.437076702","192.168.1.55","192.168.1.2","TCP","1514","8004  >  36194 [ACK] Seq=194222 Ack=144 Win=65024 Len=1448 TSval=2916037517 TSecr=3045557287 [TCP segment of a reassembled PDU]"
"36066","33.437079776","192.168.1.55","192.168.1.2","TCP","1514","8004  >  36194 [PSH, ACK] Seq=195670 Ack=144 Win=65024 Len=1448 TSval=2916037517 TSecr=3045557287 [TCP segment of a reassembled PDU]"
"36067","33.439299335","192.168.1.2","192.168.1.55","TCP","66","36194  >  8004 [ACK] Seq=144 Ack=116030 Win=104448 Len=0 TSval=3045557292 TSecr=2916037511"
"36068","33.439311076","192.168.1.55","192.168.1.2","TCP","1514","8004  >  36194 [ACK] Seq=197118 Ack=144 Win=65024 Len=1448 TSval=2916037520 TSecr=3045557292 [TCP segment of a reassembled PDU]"
"36069","33.439313039","192.168.1.55","192.168.1.2","TCP","1514","8004  >  36194 [ACK] Seq=198566 Ack=144 Win=65024 Len=1448 TSval=2916037520 TSecr=3045557292 [TCP segment of a reassembled PDU]"
"36070","33.439314206","192.168.1.55","192.168.1.2","TCP","1514","8004  >  36194 [PSH, ACK] Seq=200014 Ack=144 Win=65024 Len=1448 TSval=2916037520 TSecr=3045557292 [TCP segment of a reassembled PDU]"
"36071","33.439576595","192.168.1.2","192.168.1.55","TCP","66","36194  >  8004 [ACK] Seq=144 Ack=118926 Win=110592 Len=0 TSval=3045557292 TSecr=2916037511"
"36072","33.439582966","192.168.1.2","192.168.1.55","TCP","66","36194  >  8004 [ACK] Seq=144 Ack=141446 Win=97280 Len=0 TSval=3045557292 TSecr=2916037511"
"36073","33.439611299","192.168.1.55","192.168.1.2","TCP","1514","8004  >  36194 [ACK] Seq=201462 Ack=144 Win=65024 Len=1448 TSval=2916037520 TSecr=3045557292 [TCP segment of a reassembled PDU]"
"36074","33.439613484","192.168.1.55","192.168.1.2","TCP","1514","8004  >  36194 [ACK] Seq=202910 Ack=144 Win=65024 Len=1448 TSval=2916037520 TSecr=3045557292 [TCP segment of a reassembled PDU]"
"36075","33.439614688","192.168.1.55","192.168.1.2","TCP","1514","8004  >  36194 [ACK] Seq=204358 Ack=144 Win=65024 Len=1448 TSval=2916037520 TSecr=3045557292 [TCP segment of a reassembled PDU]"
"36076","33.439615966","192.168.1.55","192.168.1.2","TCP","1514","8004  >  36194 [ACK] Seq=205806 Ack=144 Win=65024 Len=1448 TSval=2916037520 TSecr=3045557292 [TCP segment of a reassembled PDU]"
"36077","33.439617077","192.168.1.55","192.168.1.2","TCP","1514","8004  >  36194 [ACK] Seq=207254 Ack=144 Win=65024 Len=1448 TSval=2916037520 TSecr=3045557292 [TCP segment of a reassembled PDU]"
"36078","33.439618447","192.168.1.55","192.168.1.2","TCP","1514","8004  >  36194 [ACK] Seq=208702 Ack=144 Win=65024 Len=1448 TSval=2916037520 TSecr=3045557292 [TCP segment of a reassembled PDU]"
"36079","33.439619614","192.168.1.55","192.168.1.2","TCP","1514","8004  >  36194 [ACK] Seq=210150 Ack=144 Win=65024 Len=1448 TSval=2916037520 TSecr=3045557292 [TCP segment of a reassembled PDU]"
"36080","33.439620817","192.168.1.55","192.168.1.2","TCP","1514","8004  >  36194 [ACK] Seq=211598 Ack=144 Win=65024 Len=1448 TSval=2916037520 TSecr=3045557292 [TCP segment of a reassembled PDU]"
"36081","33.439622021","192.168.1.55","192.168.1.2","TCP","1514","8004  >  36194 [ACK] Seq=213046 Ack=144 Win=65024 Len=1448 TSval=2916037520 TSecr=3045557292 [TCP segment of a reassembled PDU]"
"36082","33.439623299","192.168.1.55","192.168.1.2","TCP","1514","8004  >  36194 [ACK] Seq=214494 Ack=144 Win=65024 Len=1448 TSval=2916037520 TSecr=3045557292 [TCP segment of a reassembled PDU]"
"36083","33.439624762","192.168.1.55","192.168.1.2","TCP","1514","8004  >  36194 [ACK] Seq=215942 Ack=144 Win=65024 Len=1448 TSval=2916037520 TSecr=3045557292 [TCP segment of a reassembled PDU]"
"36084","33.439626003","192.168.1.55","192.168.1.2","TCP","1514","8004  >  36194 [ACK] Seq=217390 Ack=144 Win=65024 Len=1448 TSval=2916037520 TSecr=3045557292 [TCP segment of a reassembled PDU]"
"36085","33.439627280","192.168.1.55","192.168.1.2","TCP","1514","8004  >  36194 [ACK] Seq=218838 Ack=144 Win=65024 Len=1448 TSval=2916037520 TSecr=3045557292 [TCP segment of a reassembled PDU]"
"36086","33.439628651","192.168.1.55","192.168.1.2","TCP","1514","8004  >  36194 [ACK] Seq=220286 Ack=144 Win=65024 Len=1448 TSval=2916037520 TSecr=3045557292 [TCP segment of a reassembled PDU]"
"36087","33.439629799","192.168.1.55","192.168.1.2","TCP","1514","8004  >  36194 [ACK] Seq=221734 Ack=144 Win=65024 Len=1448 TSval=2916037520 TSecr=3045557292 [TCP segment of a reassembled PDU]"
"36088","33.439631058","192.168.1.55","192.168.1.2","TCP","1514","8004  >  36194 [ACK] Seq=223182 Ack=144 Win=65024 Len=1448 TSval=2916037520 TSecr=3045557292 [TCP segment of a reassembled PDU]"
"36089","33.439632336","192.168.1.55","192.168.1.2","TCP","1514","8004  >  36194 [ACK] Seq=224630 Ack=144 Win=65024 Len=1448 TSval=2916037520 TSecr=3045557292 [TCP segment of a reassembled PDU]"
"36090","33.439633521","192.168.1.55","192.168.1.2","TCP","1514","8004  >  36194 [ACK] Seq=226078 Ack=144 Win=65024 Len=1448 TSval=2916037520 TSecr=3045557292 [TCP segment of a reassembled PDU]"
"36091","33.439634706","192.168.1.55","192.168.1.2","TCP","1514","8004  >  36194 [ACK] Seq=227526 Ack=144 Win=65024 Len=1448 TSval=2916037520 TSecr=3045557292 [TCP segment of a reassembled PDU]"
"36092","33.439635910","192.168.1.55","192.168.1.2","TCP","1514","8004  >  36194 [ACK] Seq=228974 Ack=144 Win=65024 Len=1448 TSval=2916037520 TSecr=3045557292 [TCP segment of a reassembled PDU]"
"36093","33.439637095","192.168.1.55","192.168.1.2","TCP","1514","8004  >  36194 [ACK] Seq=230422 Ack=144 Win=65024 Len=1448 TSval=2916037520 TSecr=3045557292 [TCP segment of a reassembled PDU]"
"36094","33.439638299","192.168.1.55","192.168.1.2","TCP","1514","8004  >  36194 [ACK] Seq=231870 Ack=144 Win=65024 Len=1448 TSval=2916037520 TSecr=3045557292 [TCP segment of a reassembled PDU]"
"36095","33.439639410","192.168.1.55","192.168.1.2","TCP","1514","8004  >  36194 [ACK] Seq=233318 Ack=144 Win=65024 Len=1448 TSval=2916037520 TSecr=3045557292 [TCP segment of a reassembled PDU]"
"36096","33.439640614","192.168.1.55","192.168.1.2","TCP","1514","8004  >  36194 [ACK] Seq=234766 Ack=144 Win=65024 Len=1448 TSval=2916037520 TSecr=3045557292 [TCP segment of a reassembled PDU]"
"36097","33.439641799","192.168.1.55","192.168.1.2","TCP","1514","8004  >  36194 [PSH, ACK] Seq=236214 Ack=144 Win=65024 Len=1448 TSval=2916037520 TSecr=3045557292 [TCP segment of a reassembled PDU]"
"36098","33.439646021","192.168.1.2","192.168.1.55","TCP","66","36194  >  8004 [ACK] Seq=144 Ack=154478 Win=106496 Len=0 TSval=3045557292 TSecr=2916037511"
"36099","33.439659799","192.168.1.55","192.168.1.2","TCP","1514","8004  >  36194 [ACK] Seq=237662 Ack=144 Win=65024 Len=1448 TSval=2916037520 TSecr=3045557292 [TCP segment of a reassembled PDU]"
"36100","33.439661206","192.168.1.55","192.168.1.2","TCP","1514","8004  >  36194 [ACK] Seq=239110 Ack=144 Win=65024 Len=1448 TSval=2916037520 TSecr=3045557292 [TCP segment of a reassembled PDU]"
"36101","33.439662299","192.168.1.55","192.168.1.2","TCP","1514","8004  >  36194 [ACK] Seq=240558 Ack=144 Win=65024 Len=1448 TSval=2916037520 TSecr=3045557292 [TCP segment of a reassembled PDU]"
"36102","33.439663688","192.168.1.55","192.168.1.2","TCP","1514","8004  >  36194 [ACK] Seq=242006 Ack=144 Win=65024 Len=1448 TSval=2916037520 TSecr=3045557292 [TCP segment of a reassembled PDU]"
"36103","33.439665114","192.168.1.55","192.168.1.2","TCP","1514","8004  >  36194 [ACK] Seq=243454 Ack=144 Win=65024 Len=1448 TSval=2916037520 TSecr=3045557292 [TCP segment of a reassembled PDU]"
"36104","33.439666373","192.168.1.55","192.168.1.2","TCP","1514","8004  >  36194 [ACK] Seq=244902 Ack=144 Win=65024 Len=1448 TSval=2916037520 TSecr=3045557292 [TCP segment of a reassembled PDU]"
"36105","33.439667466","192.168.1.55","192.168.1.2","TCP","1514","8004  >  36194 [PSH, ACK] Seq=246350 Ack=144 Win=65024 Len=1448 TSval=2916037520 TSecr=3045557292 [TCP segment of a reassembled PDU]"
"36106","33.439670966","192.168.1.2","192.168.1.55","TCP","66","36194  >  8004 [ACK] Seq=144 Ack=185534 Win=89088 Len=0 TSval=3045557292 TSecr=2916037511"
"36107","33.439723651","192.168.1.2","192.168.1.55","TCP","66","36194  >  8004 [ACK] Seq=144 Ack=194222 Win=107520 Len=0 TSval=3045557294 TSecr=2916037511"
"36108","33.439760077","192.168.1.55","192.168.1.2","TCP","1514","8004  >  36194 [ACK] Seq=247798 Ack=144 Win=65024 Len=1448 TSval=2916037520 TSecr=3045557294 [TCP segment of a reassembled PDU]"
"36109","33.439762003","192.168.1.55","192.168.1.2","TCP","1514","8004  >  36194 [ACK] Seq=249246 Ack=144 Win=65024 Len=1448 TSval=2916037520 TSecr=3045557294 [TCP segment of a reassembled PDU]"
"36110","33.439763355","192.168.1.55","192.168.1.2","TCP","1514","8004  >  36194 [ACK] Seq=250694 Ack=144 Win=65024 Len=1448 TSval=2916037520 TSecr=3045557294 [TCP segment of a reassembled PDU]"
"36111","33.439764577","192.168.1.55","192.168.1.2","TCP","1514","8004  >  36194 [ACK] Seq=252142 Ack=144 Win=65024 Len=1448 TSval=2916037520 TSecr=3045557294 [TCP segment of a reassembled PDU]"
"36112","33.439765725","192.168.1.55","192.168.1.2","TCP","1514","8004  >  36194 [ACK] Seq=253590 Ack=144 Win=65024 Len=1448 TSval=2916037520 TSecr=3045557294 [TCP segment of a reassembled PDU]"
"36113","33.439767114","192.168.1.55","192.168.1.2","TCP","1514","8004  >  36194 [ACK] Seq=255038 Ack=144 Win=65024 Len=1448 TSval=2916037520 TSecr=3045557294 [TCP segment of a reassembled PDU]"
"36114","33.439768799","192.168.1.55","192.168.1.2","TCP","1514","8004  >  36194 [ACK] Seq=256486 Ack=144 Win=65024 Len=1448 TSval=2916037520 TSecr=3045557294 [TCP segment of a reassembled PDU]"
"36115","33.439769966","192.168.1.55","192.168.1.2","TCP","1514","8004  >  36194 [ACK] Seq=257934 Ack=144 Win=65024 Len=1448 TSval=2916037520 TSecr=3045557294 [TCP segment of a reassembled PDU]"
"36116","33.439771244","192.168.1.55","192.168.1.2","TCP","1514","8004  >  36194 [ACK] Seq=259382 Ack=144 Win=65024 Len=1448 TSval=2916037520 TSecr=3045557294 [TCP segment of a reassembled PDU]"
"36117","33.439772410","192.168.1.55","192.168.1.2","TCP","1514","8004  >  36194 [ACK] Seq=260830 Ack=144 Win=65024 Len=1448 TSval=2916037520 TSecr=3045557294 [TCP segment of a reassembled PDU]"
"36118","33.439773873","192.168.1.55","192.168.1.2","TCP","1514","8004  >  36194 [ACK] Seq=262278 Ack=144 Win=65024 Len=1448 TSval=2916037520 TSecr=3045557294 [TCP segment of a reassembled PDU]"
"36119","33.439775096","192.168.1.55","192.168.1.2","TCP","1514","8004  >  36194 [ACK] Seq=263726 Ack=144 Win=65024 Len=1448 TSval=2916037520 TSecr=3045557294 [TCP segment of a reassembled PDU]"
"36120","33.439776262","192.168.1.55","192.168.1.2","TCP","1514","8004  >  36194 [ACK] Seq=265174 Ack=144 Win=65024 Len=1448 TSval=2916037520 TSecr=3045557294 [TCP segment of a reassembled PDU]"
"36121","33.439777373","192.168.1.55","192.168.1.2","TCP","1514","8004  >  36194 [ACK] Seq=266622 Ack=144 Win=65024 Len=1448 TSval=2916037520 TSecr=3045557294 [TCP segment of a reassembled PDU]"
"36122","33.439778670","192.168.1.55","192.168.1.2","TCP","1514","8004  >  36194 [ACK] Seq=268070 Ack=144 Win=65024 Len=1448 TSval=2916037520 TSecr=3045557294 [TCP segment of a reassembled PDU]"
"36123","33.439779836","192.168.1.55","192.168.1.2","TCP","1514","8004  >  36194 [ACK] Seq=269518 Ack=144 Win=65024 Len=1448 TSval=2916037520 TSecr=3045557294 [TCP segment of a reassembled PDU]"
"36124","33.439785873","192.168.1.55","192.168.1.2","TCP","1514","8004  >  36194 [ACK] Seq=270966 Ack=144 Win=65024 Len=1448 TSval=2916037520 TSecr=3045557294 [TCP segment of a reassembled PDU]"
"36125","33.439787299","192.168.1.55","192.168.1.2","TCP","1514","8004  >  36194 [ACK] Seq=272414 Ack=144 Win=65024 Len=1448 TSval=2916037520 TSecr=3045557294 [TCP segment of a reassembled PDU]"
"36126","33.439788484","192.168.1.55","192.168.1.2","TCP","1514","8004  >  36194 [ACK] Seq=273862 Ack=144 Win=65024 Len=1448 TSval=2916037520 TSecr=3045557294 [TCP segment of a reassembled PDU]"
"36127","33.439789707","192.168.1.55","192.168.1.2","TCP","1514","8004  >  36194 [ACK] Seq=275310 Ack=144 Win=65024 Len=1448 TSval=2916037520 TSecr=3045557294 [TCP segment of a reassembled PDU]"
"36128","33.439791021","192.168.1.55","192.168.1.2","TCP","1514","8004  >  36194 [ACK] Seq=276758 Ack=144 Win=65024 Len=1448 TSval=2916037520 TSecr=3045557294 [TCP segment of a reassembled PDU]"
"36129","33.439792133","192.168.1.55","192.168.1.2","TCP","1514","8004  >  36194 [ACK] Seq=278206 Ack=144 Win=65024 Len=1448 TSval=2916037520 TSecr=3045557294 [TCP segment of a reassembled PDU]"
"36130","33.439793410","192.168.1.55","192.168.1.2","TCP","1514","8004  >  36194 [ACK] Seq=279654 Ack=144 Win=65024 Len=1448 TSval=2916037520 TSecr=3045557294 [TCP segment of a reassembled PDU]"
"36131","33.439794651","192.168.1.55","192.168.1.2","TCP","1514","8004  >  36194 [ACK] Seq=281102 Ack=144 Win=65024 Len=1448 TSval=2916037520 TSecr=3045557294 [TCP segment of a reassembled PDU]"
"36132","33.439795836","192.168.1.55","192.168.1.2","TCP","1514","8004  >  36194 [ACK] Seq=282550 Ack=144 Win=65024 Len=1448 TSval=2916037520 TSecr=3045557294 [TCP segment of a reassembled PDU]"
"36133","33.439797151","192.168.1.55","192.168.1.2","TCP","1514","8004  >  36194 [ACK] Seq=283998 Ack=144 Win=65024 Len=1448 TSval=2916037520 TSecr=3045557294 [TCP segment of a reassembled PDU]"
"36134","33.439798373","192.168.1.55","192.168.1.2","TCP","1514","8004  >  36194 [ACK] Seq=285446 Ack=144 Win=65024 Len=1448 TSval=2916037520 TSecr=3045557294 [TCP segment of a reassembled PDU]"
"36135","33.439799670","192.168.1.55","192.168.1.2","TCP","1514","8004  >  36194 [ACK] Seq=286894 Ack=144 Win=65024 Len=1448 TSval=2916037520 TSecr=3045557294 [TCP segment of a reassembled PDU]"
"36136","33.439800892","192.168.1.55","192.168.1.2","TCP","1514","8004  >  36194 [ACK] Seq=288342 Ack=144 Win=65024 Len=1448 TSval=2916037520 TSecr=3045557294 [TCP segment of a reassembled PDU]"
"36137","33.439802429","192.168.1.55","192.168.1.2","TCP","1514","8004  >  36194 [ACK] Seq=289790 Ack=144 Win=65024 Len=1448 TSval=2916037520 TSecr=3045557294 [TCP segment of a reassembled PDU]"
"36138","33.439803521","192.168.1.55","192.168.1.2","TCP","1514","8004  >  36194 [ACK] Seq=291238 Ack=144 Win=65024 Len=1448 TSval=2916037520 TSecr=3045557294 [TCP segment of a reassembled PDU]"
"36139","33.439804855","192.168.1.55","192.168.1.2","TCP","1514","8004  >  36194 [PSH, ACK] Seq=292686 Ack=144 Win=65024 Len=1448 TSval=2916037520 TSecr=3045557294 [TCP segment of a reassembled PDU]"
"36140","33.439810725","192.168.1.2","192.168.1.55","TCP","66","36194  >  8004 [ACK] Seq=144 Ack=197118 Win=112640 Len=0 TSval=3045557294 TSecr=2916037517"
"36141","33.440998931","192.168.1.55","192.168.1.2","TCP","1514","8004  >  36194 [ACK] Seq=294134 Ack=144 Win=65024 Len=1448 TSval=2916037521 TSecr=3045557294 [TCP segment of a reassembled PDU]"
"36142","33.441003523","192.168.1.55","192.168.1.2","TCP","1514","8004  >  36194 [ACK] Seq=295582 Ack=144 Win=65024 Len=1448 TSval=2916037521 TSecr=3045557294 [TCP segment of a reassembled PDU]"
"36143","33.441004653","192.168.1.55","192.168.1.2","TCP","1514","8004  >  36194 [ACK] Seq=297030 Ack=144 Win=65024 Len=1448 TSval=2916037521 TSecr=3045557294 [TCP segment of a reassembled PDU]"
"36144","33.441005764","192.168.1.55","192.168.1.2","TCP","1514","8004  >  36194 [ACK] Seq=298478 Ack=144 Win=65024 Len=1448 TSval=2916037521 TSecr=3045557294 [TCP segment of a reassembled PDU]"
"36145","33.441007172","192.168.1.55","192.168.1.2","TCP","1514","8004  >  36194 [ACK] Seq=299926 Ack=144 Win=65024 Len=1448 TSval=2916037521 TSecr=3045557294 [TCP segment of a reassembled PDU]"
"36146","33.441008579","192.168.1.55","192.168.1.2","TCP","434","8004  >  36194 [PSH, ACK] Seq=301374 Ack=144 Win=65024 Len=368 TSval=2916037521 TSecr=3045557294 [TCP segment of a reassembled PDU]"
"36147","33.441018486","192.168.1.55","192.168.1.2","TCP","1514","8004  >  36194 [ACK] Seq=301742 Ack=144 Win=65024 Len=1448 TSval=2916037521 TSecr=3045557294 [TCP segment of a reassembled PDU]"
"36148","33.441019616","192.168.1.55","192.168.1.2","TCP","1514","8004  >  36194 [ACK] Seq=303190 Ack=144 Win=65024 Len=1448 TSval=2916037521 TSecr=3045557294 [TCP segment of a reassembled PDU]"
"36149","33.441020801","192.168.1.55","192.168.1.2","TCP","1514","8004  >  36194 [ACK] Seq=304638 Ack=144 Win=65024 Len=1448 TSval=2916037521 TSecr=3045557294 [TCP segment of a reassembled PDU]"
"36150","33.441022005","192.168.1.55","192.168.1.2","TCP","1514","8004  >  36194 [ACK] Seq=306086 Ack=144 Win=65024 Len=1448 TSval=2916037521 TSecr=3045557294 [TCP segment of a reassembled PDU]"
"36151","33.441023209","192.168.1.55","192.168.1.2","TCP","1514","8004  >  36194 [PSH, ACK] Seq=307534 Ack=144 Win=65024 Len=1448 TSval=2916037521 TSecr=3045557294 [TCP segment of a reassembled PDU]"
"36152","33.447091903","192.168.1.2","192.168.1.55","TCP","66","36194  >  8004 [ACK] Seq=144 Ack=198566 Win=115712 Len=0 TSval=3045557301 TSecr=2916037520"
"36153","33.447120829","192.168.1.55","192.168.1.2","TCP","1514","8004  >  36194 [ACK] Seq=308982 Ack=144 Win=65024 Len=1448 TSval=2916037527 TSecr=3045557301 [TCP segment of a reassembled PDU]"
"36154","33.447124755","192.168.1.55","192.168.1.2","TCP","1514","8004  >  36194 [ACK] Seq=310430 Ack=144 Win=65024 Len=1448 TSval=2916037527 TSecr=3045557301 [TCP segment of a reassembled PDU]"
"36155","33.447126070","192.168.1.55","192.168.1.2","TCP","1514","8004  >  36194 [PSH, ACK] Seq=311878 Ack=144 Win=65024 Len=1448 TSval=2916037527 TSecr=3045557301 [TCP segment of a reassembled PDU]"
"36156","33.447382256","192.168.1.2","192.168.1.55","TCP","66","36194  >  8004 [ACK] Seq=144 Ack=201462 Win=120832 Len=0 TSval=3045557301 TSecr=2916037520"
"36157","33.447390367","192.168.1.2","192.168.1.55","TCP","66","36194  >  8004 [ACK] Seq=144 Ack=237662 Win=120832 Len=0 TSval=3045557301 TSecr=2916037520"
"36158","33.447415071","192.168.1.55","192.168.1.2","TCP","1514","8004  >  36194 [ACK] Seq=313326 Ack=144 Win=65024 Len=1448 TSval=2916037528 TSecr=3045557301 [TCP segment of a reassembled PDU]"
"36159","33.447416959","192.168.1.55","192.168.1.2","TCP","1514","8004  >  36194 [ACK] Seq=314774 Ack=144 Win=65024 Len=1448 TSval=2916037528 TSecr=3045557301 [TCP segment of a reassembled PDU]"
"36160","33.447418256","192.168.1.55","192.168.1.2","TCP","1514","8004  >  36194 [ACK] Seq=316222 Ack=144 Win=65024 Len=1448 TSval=2916037528 TSecr=3045557301 [TCP segment of a reassembled PDU]"
"36161","33.447419700","192.168.1.55","192.168.1.2","TCP","1514","8004  >  36194 [ACK] Seq=317670 Ack=144 Win=65024 Len=1448 TSval=2916037528 TSecr=3045557301 [TCP segment of a reassembled PDU]"
"36162","33.447421071","192.168.1.55","192.168.1.2","TCP","1514","8004  >  36194 [ACK] Seq=319118 Ack=144 Win=65024 Len=1448 TSval=2916037528 TSecr=3045557301 [TCP segment of a reassembled PDU]"
"36163","33.447422404","192.168.1.55","192.168.1.2","TCP","1514","8004  >  36194 [ACK] Seq=320566 Ack=144 Win=65024 Len=1448 TSval=2916037528 TSecr=3045557301 [TCP segment of a reassembled PDU]"
"36164","33.447423737","192.168.1.55","192.168.1.2","TCP","1514","8004  >  36194 [ACK] Seq=322014 Ack=144 Win=65024 Len=1448 TSval=2916037528 TSecr=3045557301 [TCP segment of a reassembled PDU]"
"36165","33.447425108","192.168.1.55","192.168.1.2","TCP","1514","8004  >  36194 [ACK] Seq=323462 Ack=144 Win=65024 Len=1448 TSval=2916037528 TSecr=3045557301 [TCP segment of a reassembled PDU]"
"36166","33.447426497","192.168.1.55","192.168.1.2","TCP","1514","8004  >  36194 [ACK] Seq=324910 Ack=144 Win=65024 Len=1448 TSval=2916037528 TSecr=3045557301 [TCP segment of a reassembled PDU]"
"36167","33.447428089","192.168.1.55","192.168.1.2","TCP","1514","8004  >  36194 [ACK] Seq=326358 Ack=144 Win=65024 Len=1448 TSval=2916037528 TSecr=3045557301 [TCP segment of a reassembled PDU]"
"36168","33.447429385","192.168.1.55","192.168.1.2","TCP","1514","8004  >  36194 [ACK] Seq=327806 Ack=144 Win=65024 Len=1448 TSval=2916037528 TSecr=3045557301 [TCP segment of a reassembled PDU]"
"36169","33.447430848","192.168.1.55","192.168.1.2","TCP","1514","8004  >  36194 [ACK] Seq=329254 Ack=144 Win=65024 Len=1448 TSval=2916037528 TSecr=3045557301 [TCP segment of a reassembled PDU]"
"36170","33.447432126","192.168.1.55","192.168.1.2","TCP","1514","8004  >  36194 [ACK] Seq=330702 Ack=144 Win=65024 Len=1448 TSval=2916037528 TSecr=3045557301 [TCP segment of a reassembled PDU]"
"36171","33.447433497","192.168.1.55","192.168.1.2","TCP","1514","8004  >  36194 [ACK] Seq=332150 Ack=144 Win=65024 Len=1448 TSval=2916037528 TSecr=3045557301 [TCP segment of a reassembled PDU]"
"36172","33.447434774","192.168.1.55","192.168.1.2","TCP","1514","8004  >  36194 [ACK] Seq=333598 Ack=144 Win=65024 Len=1448 TSval=2916037528 TSecr=3045557301 [TCP segment of a reassembled PDU]"
"36173","33.447436089","192.168.1.55","192.168.1.2","TCP","1514","8004  >  36194 [ACK] Seq=335046 Ack=144 Win=65024 Len=1448 TSval=2916037528 TSecr=3045557301 [TCP segment of a reassembled PDU]"
"36174","33.447437904","192.168.1.55","192.168.1.2","TCP","1514","8004  >  36194 [ACK] Seq=336494 Ack=144 Win=65024 Len=1448 TSval=2916037528 TSecr=3045557301 [TCP segment of a reassembled PDU]"
"36175","33.447439219","192.168.1.55","192.168.1.2","TCP","1514","8004  >  36194 [PSH, ACK] Seq=337942 Ack=144 Win=65024 Len=1448 TSval=2916037528 TSecr=3045557301 [TCP segment of a reassembled PDU]"
"36176","33.447445200","192.168.1.55","192.168.1.2","TCP","1146","8004  >  36194 [ACK] Seq=339390 Ack=144 Win=65024 Len=1080 TSval=2916037528 TSecr=3045557301 [TCP segment of a reassembled PDU]"
"36177","33.447448997","192.168.1.2","192.168.1.55","TCP","66","36194  >  8004 [ACK] Seq=144 Ack=247798 Win=137216 Len=0 TSval=3045557301 TSecr=2916037520"
"36178","33.447455571","192.168.1.2","192.168.1.55","TCP","66","36194  >  8004 [ACK] Seq=144 Ack=256486 Win=129024 Len=0 TSval=3045557301 TSecr=2916037520"
"36179","33.447493682","192.168.1.55","192.168.1.2","TCP","1514","8004  >  36194 [ACK] Seq=340470 Ack=144 Win=65024 Len=1448 TSval=2916037528 TSecr=3045557301 [TCP segment of a reassembled PDU]"
"36180","33.447495608","192.168.1.55","192.168.1.2","TCP","1514","8004  >  36194 [ACK] Seq=341918 Ack=144 Win=65024 Len=1448 TSval=2916037528 TSecr=3045557301 [TCP segment of a reassembled PDU]"
"36181","33.447496997","192.168.1.55","192.168.1.2","TCP","1514","8004  >  36194 [ACK] Seq=343366 Ack=144 Win=65024 Len=1448 TSval=2916037528 TSecr=3045557301 [TCP segment of a reassembled PDU]"
"36182","33.447498367","192.168.1.55","192.168.1.2","TCP","1514","8004  >  36194 [ACK] Seq=344814 Ack=144 Win=65024 Len=1448 TSval=2916037528 TSecr=3045557301 [TCP segment of a reassembled PDU]"
"36183","33.447499756","192.168.1.55","192.168.1.2","TCP","1514","8004  >  36194 [ACK] Seq=346262 Ack=144 Win=65024 Len=1448 TSval=2916037528 TSecr=3045557301 [TCP segment of a reassembled PDU]"
"36184","33.447501108","192.168.1.55","192.168.1.2","TCP","1514","8004  >  36194 [ACK] Seq=347710 Ack=144 Win=65024 Len=1448 TSval=2916037528 TSecr=3045557301 [TCP segment of a reassembled PDU]"
"36185","33.447502460","192.168.1.55","192.168.1.2","TCP","1514","8004  >  36194 [ACK] Seq=349158 Ack=144 Win=65024 Len=1448 TSval=2916037528 TSecr=3045557301 [TCP segment of a reassembled PDU]"
"36186","33.447503849","192.168.1.55","192.168.1.2","TCP","1514","8004  >  36194 [ACK] Seq=350606 Ack=144 Win=65024 Len=1448 TSval=2916037528 TSecr=3045557301 [TCP segment of a reassembled PDU]"
"36187","33.447505145","192.168.1.55","192.168.1.2","TCP","1514","8004  >  36194 [ACK] Seq=352054 Ack=144 Win=65024 Len=1448 TSval=2916037528 TSecr=3045557301 [TCP segment of a reassembled PDU]"
"36188","33.447506737","192.168.1.55","192.168.1.2","TCP","1514","8004  >  36194 [ACK] Seq=353502 Ack=144 Win=65024 Len=1448 TSval=2916037528 TSecr=3045557301 [TCP segment of a reassembled PDU]"
"36189","33.447508071","192.168.1.55","192.168.1.2","TCP","1514","8004  >  36194 [ACK] Seq=354950 Ack=144 Win=65024 Len=1448 TSval=2916037528 TSecr=3045557301 [TCP segment of a reassembled PDU]"
"36190","33.447509460","192.168.1.55","192.168.1.2","TCP","1514","8004  >  36194 [ACK] Seq=356398 Ack=144 Win=65024 Len=1448 TSval=2916037528 TSecr=3045557301 [TCP segment of a reassembled PDU]"
"36191","33.447510923","192.168.1.55","192.168.1.2","TCP","1514","8004  >  36194 [ACK] Seq=357846 Ack=144 Win=65024 Len=1448 TSval=2916037528 TSecr=3045557301 [TCP segment of a reassembled PDU]"
"36192","33.447512386","192.168.1.55","192.168.1.2","TCP","1514","8004  >  36194 [ACK] Seq=359294 Ack=144 Win=65024 Len=1448 TSval=2916037528 TSecr=3045557301 [TCP segment of a reassembled PDU]"
"36193","33.447513719","192.168.1.55","192.168.1.2","TCP","1514","8004  >  36194 [ACK] Seq=360742 Ack=144 Win=65024 Len=1448 TSval=2916037528 TSecr=3045557301 [TCP segment of a reassembled PDU]"
"36194","33.447515200","192.168.1.55","192.168.1.2","TCP","1514","8004  >  36194 [ACK] Seq=362190 Ack=144 Win=65024 Len=1448 TSval=2916037528 TSecr=3045557301 [TCP segment of a reassembled PDU]"
"36195","33.447516997","192.168.1.55","192.168.1.2","TCP","1514","8004  >  36194 [ACK] Seq=363638 Ack=144 Win=65024 Len=1448 TSval=2916037528 TSecr=3045557301 [TCP segment of a reassembled PDU]"
"36196","33.447518460","192.168.1.55","192.168.1.2","TCP","1514","8004  >  36194 [ACK] Seq=365086 Ack=144 Win=65024 Len=1448 TSval=2916037528 TSecr=3045557301 [TCP segment of a reassembled PDU]"
"36197","33.447519830","192.168.1.55","192.168.1.2","TCP","1514","8004  >  36194 [ACK] Seq=366534 Ack=144 Win=65024 Len=1448 TSval=2916037528 TSecr=3045557301 [TCP segment of a reassembled PDU]"
"36198","33.447521145","192.168.1.55","192.168.1.2","TCP","1514","8004  >  36194 [ACK] Seq=367982 Ack=144 Win=65024 Len=1448 TSval=2916037528 TSecr=3045557301 [TCP segment of a reassembled PDU]"
"36199","33.447522589","192.168.1.55","192.168.1.2","TCP","1514","8004  >  36194 [ACK] Seq=369430 Ack=144 Win=65024 Len=1448 TSval=2916037528 TSecr=3045557301 [TCP segment of a reassembled PDU]"
"36200","33.447524219","192.168.1.55","192.168.1.2","TCP","1514","8004  >  36194 [ACK] Seq=370878 Ack=144 Win=65024 Len=1448 TSval=2916037528 TSecr=3045557301 [TCP segment of a reassembled PDU]"
"36201","33.447525608","192.168.1.55","192.168.1.2","TCP","1514","8004  >  36194 [ACK] Seq=372326 Ack=144 Win=65024 Len=1448 TSval=2916037528 TSecr=3045557301 [TCP segment of a reassembled PDU]"
"36202","33.447527034","192.168.1.55","192.168.1.2","TCP","1514","8004  >  36194 [ACK] Seq=373774 Ack=144 Win=65024 Len=1448 TSval=2916037528 TSecr=3045557301 [TCP segment of a reassembled PDU]"
"36203","33.447528423","192.168.1.55","192.168.1.2","TCP","1514","8004  >  36194 [ACK] Seq=375222 Ack=144 Win=65024 Len=1448 TSval=2916037528 TSecr=3045557301 [TCP segment of a reassembled PDU]"
"36204","33.447529941","192.168.1.55","192.168.1.2","TCP","1514","8004  >  36194 [ACK] Seq=376670 Ack=144 Win=65024 Len=1448 TSval=2916037528 TSecr=3045557301 [TCP segment of a reassembled PDU]"
"36205","33.447531904","192.168.1.55","192.168.1.2","TCP","1514","8004  >  36194 [ACK] Seq=378118 Ack=144 Win=65024 Len=1448 TSval=2916037528 TSecr=3045557301 [TCP segment of a reassembled PDU]"
"36206","33.447533386","192.168.1.55","192.168.1.2","TCP","1514","8004  >  36194 [ACK] Seq=379566 Ack=144 Win=65024 Len=1448 TSval=2916037528 TSecr=3045557301 [TCP segment of a reassembled PDU]"
"36207","33.447534700","192.168.1.55","192.168.1.2","TCP","1514","8004  >  36194 [ACK] Seq=381014 Ack=144 Win=65024 Len=1448 TSval=2916037528 TSecr=3045557301 [TCP segment of a reassembled PDU]"
"36208","33.447536126","192.168.1.55","192.168.1.2","TCP","1514","8004  >  36194 [ACK] Seq=382462 Ack=144 Win=65024 Len=1448 TSval=2916037528 TSecr=3045557301 [TCP segment of a reassembled PDU]"
"36209","33.447537589","192.168.1.55","192.168.1.2","TCP","1514","8004  >  36194 [PSH, ACK] Seq=383910 Ack=144 Win=65024 Len=1448 TSval=2916037528 TSecr=3045557301 [TCP segment of a reassembled PDU]"
"36210","33.447593367","192.168.1.2","192.168.1.55","TCP","66","36194  >  8004 [ACK] Seq=144 Ack=301742 Win=154624 Len=0 TSval=3045557302 TSecr=2916037521"
"36211","33.447604552","192.168.1.55","192.168.1.2","TCP","1514","8004  >  36194 [PSH, ACK] Seq=385358 Ack=144 Win=65024 Len=1448 TSval=2916037528 TSecr=3045557302 [TCP segment of a reassembled PDU]"
"36212","33.447643793","192.168.1.55","192.168.1.2","TCP","1514","8004  >  36194 [ACK] Seq=386806 Ack=144 Win=65024 Len=1448 TSval=2916037528 TSecr=3045557302 [TCP segment of a reassembled PDU]"
"36213","33.447645719","192.168.1.55","192.168.1.2","TCP","1514","8004  >  36194 [ACK] Seq=388254 Ack=144 Win=65024 Len=1448 TSval=2916037528 TSecr=3045557302 [TCP segment of a reassembled PDU]"
"36214","33.447647127","192.168.1.55","192.168.1.2","TCP","1514","8004  >  36194 [ACK] Seq=389702 Ack=144 Win=65024 Len=1448 TSval=2916037528 TSecr=3045557302 [TCP segment of a reassembled PDU]"
"36215","33.447648497","192.168.1.55","192.168.1.2","TCP","1514","8004  >  36194 [ACK] Seq=391150 Ack=144 Win=65024 Len=1448 TSval=2916037528 TSecr=3045557302 [TCP segment of a reassembled PDU]"
"36216","33.447650182","192.168.1.55","192.168.1.2","TCP","1514","8004  >  36194 [ACK] Seq=392598 Ack=144 Win=65024 Len=1448 TSval=2916037528 TSecr=3045557302 [TCP segment of a reassembled PDU]"
"36217","33.447651571","192.168.1.55","192.168.1.2","TCP","1514","8004  >  36194 [ACK] Seq=394046 Ack=144 Win=65024 Len=1448 TSval=2916037528 TSecr=3045557302 [TCP segment of a reassembled PDU]"
"36218","33.447652960","192.168.1.55","192.168.1.2","TCP","1514","8004  >  36194 [ACK] Seq=395494 Ack=144 Win=65024 Len=1448 TSval=2916037528 TSecr=3045557302 [TCP segment of a reassembled PDU]"
"36219","33.447654256","192.168.1.55","192.168.1.2","TCP","1514","8004  >  36194 [ACK] Seq=396942 Ack=144 Win=65024 Len=1448 TSval=2916037528 TSecr=3045557302 [TCP segment of a reassembled PDU]"
"36220","33.447655701","192.168.1.55","192.168.1.2","TCP","1514","8004  >  36194 [ACK] Seq=398390 Ack=144 Win=65024 Len=1448 TSval=2916037528 TSecr=3045557302 [TCP segment of a reassembled PDU]"
"36221","33.447657349","192.168.1.55","192.168.1.2","TCP","1514","8004  >  36194 [ACK] Seq=399838 Ack=144 Win=65024 Len=1448 TSval=2916037528 TSecr=3045557302 [TCP segment of a reassembled PDU]"
"36222","33.447658608","192.168.1.55","192.168.1.2","TCP","1514","8004  >  36194 [ACK] Seq=401286 Ack=144 Win=65024 Len=1448 TSval=2916037528 TSecr=3045557302 [TCP segment of a reassembled PDU]"
"36223","33.447660108","192.168.1.55","192.168.1.2","TCP","1514","8004  >  36194 [ACK] Seq=402734 Ack=144 Win=65024 Len=1448 TSval=2916037528 TSecr=3045557302 [TCP segment of a reassembled PDU]"
"36224","33.447661386","192.168.1.55","192.168.1.2","TCP","1514","8004  >  36194 [ACK] Seq=404182 Ack=144 Win=65024 Len=1448 TSval=2916037528 TSecr=3045557302 [TCP segment of a reassembled PDU]"
"36225","33.447662830","192.168.1.55","192.168.1.2","TCP","1514","8004  >  36194 [ACK] Seq=405630 Ack=144 Win=65024 Len=1448 TSval=2916037528 TSecr=3045557302 [TCP segment of a reassembled PDU]"
"36226","33.447664108","192.168.1.55","192.168.1.2","TCP","1514","8004  >  36194 [ACK] Seq=407078 Ack=144 Win=65024 Len=1448 TSval=2916037528 TSecr=3045557302 [TCP segment of a reassembled PDU]"
"36227","33.447665534","192.168.1.55","192.168.1.2","TCP","1514","8004  >  36194 [ACK] Seq=408526 Ack=144 Win=65024 Len=1448 TSval=2916037528 TSecr=3045557302 [TCP segment of a reassembled PDU]"
"36228","33.447666923","192.168.1.55","192.168.1.2","TCP","1514","8004  >  36194 [ACK] Seq=409974 Ack=144 Win=65024 Len=1448 TSval=2916037528 TSecr=3045557302 [TCP segment of a reassembled PDU]"
"36229","33.447668201","192.168.1.55","192.168.1.2","TCP","1514","8004  >  36194 [ACK] Seq=411422 Ack=144 Win=65024 Len=1448 TSval=2916037528 TSecr=3045557302 [TCP segment of a reassembled PDU]"
"36230","33.447669478","192.168.1.55","192.168.1.2","TCP","1514","8004  >  36194 [ACK] Seq=412870 Ack=144 Win=65024 Len=1448 TSval=2916037528 TSecr=3045557302 [TCP segment of a reassembled PDU]"
"36231","33.447670830","192.168.1.55","192.168.1.2","TCP","1514","8004  >  36194 [ACK] Seq=414318 Ack=144 Win=65024 Len=1448 TSval=2916037528 TSecr=3045557302 [TCP segment of a reassembled PDU]"
"36232","33.447672145","192.168.1.55","192.168.1.2","TCP","1514","8004  >  36194 [ACK] Seq=415766 Ack=144 Win=65024 Len=1448 TSval=2916037528 TSecr=3045557302 [TCP segment of a reassembled PDU]"
"36233","33.447673552","192.168.1.55","192.168.1.2","TCP","1514","8004  >  36194 [ACK] Seq=417214 Ack=144 Win=65024 Len=1448 TSval=2916037528 TSecr=3045557302 [TCP segment of a reassembled PDU]"
"36234","33.447674830","192.168.1.55","192.168.1.2","TCP","1514","8004  >  36194 [ACK] Seq=418662 Ack=144 Win=65024 Len=1448 TSval=2916037528 TSecr=3045557302 [TCP segment of a reassembled PDU]"
"36235","33.447676182","192.168.1.55","192.168.1.2","TCP","1514","8004  >  36194 [ACK] Seq=420110 Ack=144 Win=65024 Len=1448 TSval=2916037528 TSecr=3045557302 [TCP segment of a reassembled PDU]"
"36236","33.447677571","192.168.1.55","192.168.1.2","TCP","1514","8004  >  36194 [ACK] Seq=421558 Ack=144 Win=65024 Len=1448 TSval=2916037528 TSecr=3045557302 [TCP segment of a reassembled PDU]"
"36237","33.447678867","192.168.1.55","192.168.1.2","TCP","1514","8004  >  36194 [ACK] Seq=423006 Ack=144 Win=65024 Len=1448 TSval=2916037528 TSecr=3045557302 [TCP segment of a reassembled PDU]"
"36238","33.447680293","192.168.1.55","192.168.1.2","TCP","1514","8004  >  36194 [ACK] Seq=424454 Ack=144 Win=65024 Len=1448 TSval=2916037528 TSecr=3045557302 [TCP segment of a reassembled PDU]"
"36239","33.447681571","192.168.1.55","192.168.1.2","TCP","1514","8004  >  36194 [ACK] Seq=425902 Ack=144 Win=65024 Len=1448 TSval=2916037528 TSecr=3045557302 [TCP segment of a reassembled PDU]"
"36240","33.447682830","192.168.1.55","192.168.1.2","TCP","1514","8004  >  36194 [ACK] Seq=427350 Ack=144 Win=65024 Len=1448 TSval=2916037528 TSecr=3045557302 [TCP segment of a reassembled PDU]"
"36241","33.447684201","192.168.1.55","192.168.1.2","TCP","1514","8004  >  36194 [ACK] Seq=428798 Ack=144 Win=65024 Len=1448 TSval=2916037528 TSecr=3045557302 [TCP segment of a reassembled PDU]"
"36242","33.447685460","192.168.1.55","192.168.1.2","TCP","1514","8004  >  36194 [ACK] Seq=430246 Ack=144 Win=65024 Len=1448 TSval=2916037528 TSecr=3045557302 [TCP segment of a reassembled PDU]"
"36243","33.447686923","192.168.1.55","192.168.1.2","TCP","1514","8004  >  36194 [PSH, ACK] Seq=431694 Ack=144 Win=65024 Len=1448 TSval=2916037528 TSecr=3045557302 [TCP segment of a reassembled PDU]"
"36244","33.447691312","192.168.1.2","192.168.1.55","TCP","66","36194  >  8004 [ACK] Seq=144 Ack=307534 Win=166912 Len=0 TSval=3045557302 TSecr=2916037521"
"36245","33.448904610","192.168.1.2","192.168.1.55","TCP","66","36194  >  8004 [ACK] Seq=144 Ack=294134 Win=145408 Len=0 TSval=3045557301 TSecr=2916037520"
"36246","33.448910666","192.168.1.55","192.168.1.2","TCP","66","[TCP Dup ACK 35911#1] 8004  >  36194 [ACK] Seq=433142 Ack=144 Win=65024 Len=0 TSval=2916037529 TSecr=3045557302"
"36247","33.448938610","192.168.1.2","192.168.1.55","TCP","66","36194  >  8004 [ACK] Seq=144 Ack=297030 Win=143360 Len=0 TSval=3045557301 TSecr=2916037521"
"36248","33.455153861","192.168.1.2","192.168.1.55","TCP","66","36194  >  8004 [ACK] Seq=144 Ack=308982 Win=168960 Len=0 TSval=3045557304 TSecr=2916037521"
"36249","33.455185583","192.168.1.55","192.168.1.2","TCP","1514","8004  >  36194 [ACK] Seq=433142 Ack=144 Win=65024 Len=1448 TSval=2916037535 TSecr=3045557304 [TCP segment of a reassembled PDU]"
"36250","33.455188750","192.168.1.55","192.168.1.2","TCP","1514","8004  >  36194 [ACK] Seq=434590 Ack=144 Win=65024 Len=1448 TSval=2916037535 TSecr=3045557304 [TCP segment of a reassembled PDU]"
"36251","33.455189953","192.168.1.55","192.168.1.2","TCP","1514","8004  >  36194 [ACK] Seq=436038 Ack=144 Win=65024 Len=1448 TSval=2916037535 TSecr=3045557304 [TCP segment of a reassembled PDU]"
"36252","33.455191083","192.168.1.55","192.168.1.2","TCP","1514","8004  >  36194 [ACK] Seq=437486 Ack=144 Win=65024 Len=1448 TSval=2916037535 TSecr=3045557304 [TCP segment of a reassembled PDU]"
"36253","33.455192305","192.168.1.55","192.168.1.2","TCP","1514","8004  >  36194 [ACK] Seq=438934 Ack=144 Win=65024 Len=1448 TSval=2916037535 TSecr=3045557304 [TCP segment of a reassembled PDU]"
"36254","33.455193435","192.168.1.55","192.168.1.2","TCP","1514","8004  >  36194 [ACK] Seq=440382 Ack=144 Win=65024 Len=1448 TSval=2916037535 TSecr=3045557304 [TCP segment of a reassembled PDU]"
"36255","33.455194972","192.168.1.55","192.168.1.2","TCP","1514","8004  >  36194 [ACK] Seq=441830 Ack=144 Win=65024 Len=1448 TSval=2916037535 TSecr=3045557304 [TCP segment of a reassembled PDU]"
"36256","33.455196176","192.168.1.55","192.168.1.2","TCP","1514","8004  >  36194 [ACK] Seq=443278 Ack=144 Win=65024 Len=1448 TSval=2916037535 TSecr=3045557304 [TCP segment of a reassembled PDU]"
"36257","33.455197342","192.168.1.55","192.168.1.2","TCP","1514","8004  >  36194 [ACK] Seq=444726 Ack=144 Win=65024 Len=1448 TSval=2916037535 TSecr=3045557304 [TCP segment of a reassembled PDU]"
"36258","33.455198694","192.168.1.55","192.168.1.2","TCP","1514","8004  >  36194 [ACK] Seq=446174 Ack=144 Win=65024 Len=1448 TSval=2916037535 TSecr=3045557304 [TCP segment of a reassembled PDU]"
"36259","33.455199972","192.168.1.55","192.168.1.2","TCP","1514","8004  >  36194 [ACK] Seq=447622 Ack=144 Win=65024 Len=1448 TSval=2916037535 TSecr=3045557304 [TCP segment of a reassembled PDU]"
"36260","33.455201287","192.168.1.55","192.168.1.2","TCP","1514","8004  >  36194 [ACK] Seq=449070 Ack=144 Win=65024 Len=1448 TSval=2916037535 TSecr=3045557304 [TCP segment of a reassembled PDU]"
"36261","33.455202805","192.168.1.55","192.168.1.2","TCP","1514","8004  >  36194 [ACK] Seq=450518 Ack=144 Win=65024 Len=1448 TSval=2916037535 TSecr=3045557304 [TCP segment of a reassembled PDU]"
"36262","33.455204120","192.168.1.55","192.168.1.2","TCP","1514","8004  >  36194 [ACK] Seq=451966 Ack=144 Win=65024 Len=1448 TSval=2916037535 TSecr=3045557304 [TCP segment of a reassembled PDU]"
"36263","33.455205768","192.168.1.55","192.168.1.2","TCP","1514","8004  >  36194 [ACK] Seq=453414 Ack=144 Win=65024 Len=1448 TSval=2916037535 TSecr=3045557304 [TCP segment of a reassembled PDU]"
"36264","33.455207009","192.168.1.55","192.168.1.2","TCP","1514","8004  >  36194 [ACK] Seq=454862 Ack=144 Win=65024 Len=1448 TSval=2916037535 TSecr=3045557304 [TCP segment of a reassembled PDU]"
"36265","33.455208157","192.168.1.55","192.168.1.2","TCP","1514","8004  >  36194 [ACK] Seq=456310 Ack=144 Win=65024 Len=1448 TSval=2916037535 TSecr=3045557304 [TCP segment of a reassembled PDU]"
"36266","33.455209305","192.168.1.55","192.168.1.2","TCP","1514","8004  >  36194 [ACK] Seq=457758 Ack=144 Win=65024 Len=1448 TSval=2916037535 TSecr=3045557304 [TCP segment of a reassembled PDU]"
"36267","33.455210601","192.168.1.55","192.168.1.2","TCP","1514","8004  >  36194 [ACK] Seq=459206 Ack=144 Win=65024 Len=1448 TSval=2916037535 TSecr=3045557304 [TCP segment of a reassembled PDU]"
"36268","33.455211842","192.168.1.55","192.168.1.2","TCP","1514","8004  >  36194 [ACK] Seq=460654 Ack=144 Win=65024 Len=1448 TSval=2916037535 TSecr=3045557304 [TCP segment of a reassembled PDU]"
"36269","33.455213120","192.168.1.55","192.168.1.2","TCP","1514","8004  >  36194 [ACK] Seq=462102 Ack=144 Win=65024 Len=1448 TSval=2916037535 TSecr=3045557304 [TCP segment of a reassembled PDU]"
"36270","33.455214250","192.168.1.55","192.168.1.2","TCP","1514","8004  >  36194 [ACK] Seq=463550 Ack=144 Win=65024 Len=1448 TSval=2916037535 TSecr=3045557304 [TCP segment of a reassembled PDU]"
"36271","33.455215490","192.168.1.55","192.168.1.2","TCP","1514","8004  >  36194 [ACK] Seq=464998 Ack=144 Win=65024 Len=1448 TSval=2916037535 TSecr=3045557304 [TCP segment of a reassembled PDU]"
"36272","33.455216639","192.168.1.55","192.168.1.2","TCP","1514","8004  >  36194 [ACK] Seq=466446 Ack=144 Win=65024 Len=1448 TSval=2916037535 TSecr=3045557304 [TCP segment of a reassembled PDU]"
"36273","33.455217898","192.168.1.55","192.168.1.2","TCP","1514","8004  >  36194 [ACK] Seq=467894 Ack=144 Win=65024 Len=1448 TSval=2916037535 TSecr=3045557304 [TCP segment of a reassembled PDU]"
"36274","33.455219083","192.168.1.55","192.168.1.2","TCP","1514","8004  >  36194 [ACK] Seq=469342 Ack=144 Win=65024 Len=1448 TSval=2916037535 TSecr=3045557304 [TCP segment of a reassembled PDU]"
"36275","33.455220676","192.168.1.55","192.168.1.2","TCP","1514","8004  >  36194 [ACK] Seq=470790 Ack=144 Win=65024 Len=1448 TSval=2916037535 TSecr=3045557304 [TCP segment of a reassembled PDU]"
"36276","33.455221953","192.168.1.55","192.168.1.2","TCP","1514","8004  >  36194 [ACK] Seq=472238 Ack=144 Win=65024 Len=1448 TSval=2916037535 TSecr=3045557304 [TCP segment of a reassembled PDU]"
"36277","33.455223102","192.168.1.55","192.168.1.2","TCP","1514","8004  >  36194 [ACK] Seq=473686 Ack=144 Win=65024 Len=1448 TSval=2916037535 TSecr=3045557304 [TCP segment of a reassembled PDU]"
"36278","33.455224250","192.168.1.55","192.168.1.2","TCP","1514","8004  >  36194 [PSH, ACK] Seq=475134 Ack=144 Win=65024 Len=1448 TSval=2916037535 TSecr=3045557304 [TCP segment of a reassembled PDU]"
"36279","33.455306824","192.168.1.2","192.168.1.55","TCP","66","36194  >  8004 [ACK] Seq=144 Ack=311878 Win=175104 Len=0 TSval=3045557304 TSecr=2916037527"
"36280","33.455315324","192.168.1.55","192.168.1.2","TCP","1514","8004  >  36194 [ACK] Seq=476582 Ack=144 Win=65024 Len=1448 TSval=2916037536 TSecr=3045557304 [TCP segment of a reassembled PDU]"
"36281","33.455316824","192.168.1.55","192.168.1.2","TCP","1514","8004  >  36194 [PSH, ACK] Seq=478030 Ack=144 Win=65024 Len=1448 TSval=2916037536 TSecr=3045557304 [TCP segment of a reassembled PDU]"
"36282","33.455320842","192.168.1.2","192.168.1.55","TCP","66","36194  >  8004 [ACK] Seq=144 Ack=313326 Win=178176 Len=0 TSval=3045557304 TSecr=2916037527"
"36283","33.455325046","192.168.1.2","192.168.1.55","TCP","66","36194  >  8004 [ACK] Seq=144 Ack=339390 Win=199680 Len=0 TSval=3045557310 TSecr=2916037528"
"36284","33.455341879","192.168.1.55","192.168.1.2","TCP","1514","8004  >  36194 [ACK] Seq=479478 Ack=144 Win=65024 Len=1448 TSval=2916037536 TSecr=3045557310 [TCP segment of a reassembled PDU]"
"36285","33.455343472","192.168.1.55","192.168.1.2","TCP","1514","8004  >  36194 [ACK] Seq=480926 Ack=144 Win=65024 Len=1448 TSval=2916037536 TSecr=3045557310 [TCP segment of a reassembled PDU]"
"36286","33.455344768","192.168.1.55","192.168.1.2","TCP","1514","8004  >  36194 [ACK] Seq=482374 Ack=144 Win=65024 Len=1448 TSval=2916037536 TSecr=3045557310 [TCP segment of a reassembled PDU]"
"36287","33.455346065","192.168.1.55","192.168.1.2","TCP","1514","8004  >  36194 [ACK] Seq=483822 Ack=144 Win=65024 Len=1448 TSval=2916037536 TSecr=3045557310 [TCP segment of a reassembled PDU]"
"36288","33.455347213","192.168.1.55","192.168.1.2","TCP","1514","8004  >  36194 [ACK] Seq=485270 Ack=144 Win=65024 Len=1448 TSval=2916037536 TSecr=3045557310 [TCP segment of a reassembled PDU]"
"36289","33.455348472","192.168.1.55","192.168.1.2","TCP","1514","8004  >  36194 [ACK] Seq=486718 Ack=144 Win=65024 Len=1448 TSval=2916037536 TSecr=3045557310 [TCP segment of a reassembled PDU]"
"36290","33.455349787","192.168.1.55","192.168.1.2","TCP","1514","8004  >  36194 [ACK] Seq=488166 Ack=144 Win=65024 Len=1448 TSval=2916037536 TSecr=3045557310 [TCP segment of a reassembled PDU]"
"36291","33.455351046","192.168.1.55","192.168.1.2","TCP","1514","8004  >  36194 [ACK] Seq=489614 Ack=144 Win=65024 Len=1448 TSval=2916037536 TSecr=3045557310 [TCP segment of a reassembled PDU]"
"36292","33.455352213","192.168.1.55","192.168.1.2","TCP","1514","8004  >  36194 [ACK] Seq=491062 Ack=144 Win=65024 Len=1448 TSval=2916037536 TSecr=3045557310 [TCP segment of a reassembled PDU]"
"36293","33.455353361","192.168.1.55","192.168.1.2","TCP","1514","8004  >  36194 [ACK] Seq=492510 Ack=144 Win=65024 Len=1448 TSval=2916037536 TSecr=3045557310 [TCP segment of a reassembled PDU]"
"36294","33.455354602","192.168.1.55","192.168.1.2","TCP","1514","8004  >  36194 [ACK] Seq=493958 Ack=144 Win=65024 Len=1448 TSval=2916037536 TSecr=3045557310 [TCP segment of a reassembled PDU]"
"36295","33.455355750","192.168.1.55","192.168.1.2","TCP","1514","8004  >  36194 [ACK] Seq=495406 Ack=144 Win=65024 Len=1448 TSval=2916037536 TSecr=3045557310 [TCP segment of a reassembled PDU]"
"36296","33.455356954","192.168.1.55","192.168.1.2","TCP","1514","8004  >  36194 [PSH, ACK] Seq=496854 Ack=144 Win=65024 Len=1448 TSval=2916037536 TSecr=3045557310 [TCP segment of a reassembled PDU]"
"36297","33.455360565","192.168.1.55","192.168.1.2","HTTP","222","HTTP/1.0 200 OK  (PNG)"
"36298","33.455431583","192.168.1.2","192.168.1.55","TCP","66","36194  >  8004 [ACK] Seq=144 Ack=340470 Win=201728 Len=0 TSval=3045557311 TSecr=2916037528"
"36299","33.455436657","192.168.1.2","192.168.1.55","TCP","66","36194  >  8004 [ACK] Seq=144 Ack=385358 Win=183296 Len=0 TSval=3045557311 TSecr=2916037528"
"36300","33.456641067","192.168.1.2","192.168.1.55","TCP","66","36194  >  8004 [ACK] Seq=144 Ack=386806 Win=204800 Len=0 TSval=3045557311 TSecr=2916037528"
"36301","33.456692863","192.168.1.2","192.168.1.55","TCP","66","36194  >  8004 [ACK] Seq=144 Ack=431694 Win=181248 Len=0 TSval=3045557311 TSecr=2916037528"
"36302","33.456699085","192.168.1.2","192.168.1.55","TCP","66","36194  >  8004 [ACK] Seq=144 Ack=433142 Win=207872 Len=0 TSval=3045557311 TSecr=2916037528"
"36303","33.460726036","192.168.1.2","192.168.1.55","TCP","66","36194  >  8004 [ACK] Seq=144 Ack=457758 Win=200704 Len=0 TSval=3045557316 TSecr=2916037535"
"36304","33.460814147","192.168.1.2","192.168.1.55","TCP","66","36194  >  8004 [ACK] Seq=144 Ack=476582 Win=208896 Len=0 TSval=3045557316 TSecr=2916037535"
"36305","33.461243889","192.168.1.2","192.168.1.55","TCP","66","36194  >  8004 [ACK] Seq=144 Ack=479478 Win=214016 Len=0 TSval=3045557316 TSecr=2916037536"
"36306","33.461358333","192.168.1.2","192.168.1.55","TCP","66","36194  >  8004 [ACK] Seq=144 Ack=498302 Win=205824 Len=0 TSval=3045557316 TSecr=2916037536"
"36307","33.462258224","192.168.1.2","192.168.1.55","TCP","66","36194  >  8004 [FIN, ACK] Seq=144 Ack=498459 Win=214016 Len=0 TSval=3045557317 TSecr=2916037536"
"36308","33.462268576","192.168.1.55","192.168.1.2","TCP","66","8004  >  36194 [ACK] Seq=498459 Ack=145 Win=65024 Len=0 TSval=2916037542 TSecr=3045557317"
"36309","33.462371187","192.168.1.2","192.168.1.55","TCP","74","36200  >  8004 [SYN] Seq=0 Win=64240 Len=0 MSS=1460 SACK_PERM TSval=3045557317 TSecr=0 WS=1024"
"36310","33.462393909","192.168.1.55","192.168.1.2","TCP","74","8004  >  36200 [SYN, ACK] Seq=0 Ack=1 Win=65160 Len=0 MSS=1460 SACK_PERM TSval=2916037543 TSecr=3045557317 WS=128"
"36311","33.465493396","192.168.1.2","192.168.1.55","TCP","66","36200  >  8004 [ACK] Seq=1 Ack=1 Win=64512 Len=0 TSval=3045557320 TSecr=2916037543"
"36312","33.468697012","192.168.1.2","192.168.1.55","HTTP","206","GET /stego_benchmark.png HTTP/1.1 "
"36313","33.468714716","192.168.1.55","192.168.1.2","TCP","66","8004  >  36200 [ACK] Seq=1 Ack=141 Win=65024 Len=0 TSval=2916037549 TSecr=3045557320"
"36314","33.469180513","192.168.1.55","192.168.1.2","TCP","255","8004  >  36200 [PSH, ACK] Seq=1 Ack=141 Win=65024 Len=189 TSval=2916037549 TSecr=3045557320 [TCP segment of a reassembled PDU]"
"36315","33.469270976","192.168.1.55","192.168.1.2","TCP","1514","8004  >  36200 [ACK] Seq=190 Ack=141 Win=65024 Len=1448 TSval=2916037549 TSecr=3045557320 [TCP segment of a reassembled PDU]"
"36316","33.469275087","192.168.1.55","192.168.1.2","TCP","1514","8004  >  36200 [ACK] Seq=1638 Ack=141 Win=65024 Len=1448 TSval=2916037549 TSecr=3045557320 [TCP segment of a reassembled PDU]"
"36317","33.469276513","192.168.1.55","192.168.1.2","TCP","1514","8004  >  36200 [ACK] Seq=3086 Ack=141 Win=65024 Len=1448 TSval=2916037549 TSecr=3045557320 [TCP segment of a reassembled PDU]"
"36318","33.469284642","192.168.1.55","192.168.1.2","TCP","1514","8004  >  36200 [ACK] Seq=4534 Ack=141 Win=65024 Len=1448 TSval=2916037549 TSecr=3045557320 [TCP segment of a reassembled PDU]"
"36319","33.469286142","192.168.1.55","192.168.1.2","TCP","1514","8004  >  36200 [PSH, ACK] Seq=5982 Ack=141 Win=65024 Len=1448 TSval=2916037549 TSecr=3045557320 [TCP segment of a reassembled PDU]"
"36320","33.469317272","192.168.1.55","192.168.1.2","TCP","1514","8004  >  36200 [ACK] Seq=7430 Ack=141 Win=65024 Len=1448 TSval=2916037550 TSecr=3045557320 [TCP segment of a reassembled PDU]"
"36321","33.469319828","192.168.1.55","192.168.1.2","TCP","1514","8004  >  36200 [ACK] Seq=8878 Ack=141 Win=65024 Len=1448 TSval=2916037550 TSecr=3045557320 [TCP segment of a reassembled PDU]"
"36322","33.469321365","192.168.1.55","192.168.1.2","TCP","1514","8004  >  36200 [ACK] Seq=10326 Ack=141 Win=65024 Len=1448 TSval=2916037550 TSecr=3045557320 [TCP segment of a reassembled PDU]"
"36323","33.469322698","192.168.1.55","192.168.1.2","TCP","1514","8004  >  36200 [PSH, ACK] Seq=11774 Ack=141 Win=65024 Len=1448 TSval=2916037550 TSecr=3045557320 [TCP segment of a reassembled PDU]"
"36324","33.473071130","192.168.1.2","192.168.1.55","TCP","66","36200  >  8004 [ACK] Seq=141 Ack=190 Win=64512 Len=0 TSval=3045557327 TSecr=2916037549"
"36325","33.473134260","192.168.1.55","192.168.1.2","TCP","1514","8004  >  36200 [ACK] Seq=13222 Ack=141 Win=65024 Len=1448 TSval=2916037553 TSecr=3045557327 [TCP segment of a reassembled PDU]"
"36326","33.473139648","192.168.1.55","192.168.1.2","TCP","1514","8004  >  36200 [PSH, ACK] Seq=14670 Ack=141 Win=65024 Len=1448 TSval=2916037553 TSecr=3045557327 [TCP segment of a reassembled PDU]"
"36327","33.473173630","192.168.1.2","192.168.1.55","TCP","66","36200  >  8004 [ACK] Seq=141 Ack=8878 Win=79872 Len=0 TSval=3045557327 TSecr=2916037549"
"36328","33.473202741","192.168.1.55","192.168.1.2","TCP","1514","8004  >  36200 [ACK] Seq=16118 Ack=141 Win=65024 Len=1448 TSval=2916037553 TSecr=3045557327 [TCP segment of a reassembled PDU]"
"36329","33.473206297","192.168.1.55","192.168.1.2","TCP","1514","8004  >  36200 [ACK] Seq=17566 Ack=141 Win=65024 Len=1448 TSval=2916037553 TSecr=3045557327 [TCP segment of a reassembled PDU]"
"36330","33.473207834","192.168.1.55","192.168.1.2","TCP","1514","8004  >  36200 [ACK] Seq=19014 Ack=141 Win=65024 Len=1448 TSval=2916037553 TSecr=3045557327 [TCP segment of a reassembled PDU]"
"36331","33.473209130","192.168.1.55","192.168.1.2","TCP","1514","8004  >  36200 [ACK] Seq=20462 Ack=141 Win=65024 Len=1448 TSval=2916037553 TSecr=3045557327 [TCP segment of a reassembled PDU]"
"36332","33.473210445","192.168.1.55","192.168.1.2","TCP","1514","8004  >  36200 [ACK] Seq=21910 Ack=141 Win=65024 Len=1448 TSval=2916037553 TSecr=3045557327 [TCP segment of a reassembled PDU]"
"36333","33.473211963","192.168.1.55","192.168.1.2","TCP","1514","8004  >  36200 [ACK] Seq=23358 Ack=141 Win=65024 Len=1448 TSval=2916037553 TSecr=3045557327 [TCP segment of a reassembled PDU]"
"36334","33.473213260","192.168.1.55","192.168.1.2","TCP","1514","8004  >  36200 [ACK] Seq=24806 Ack=141 Win=65024 Len=1448 TSval=2916037553 TSecr=3045557327 [TCP segment of a reassembled PDU]"
"36335","33.473214834","192.168.1.55","192.168.1.2","TCP","1514","8004  >  36200 [PSH, ACK] Seq=26254 Ack=141 Win=65024 Len=1448 TSval=2916037553 TSecr=3045557327 [TCP segment of a reassembled PDU]"
"36336","33.474493188","192.168.1.2","192.168.1.55","TCP","66","36200  >  8004 [ACK] Seq=141 Ack=11774 Win=84992 Len=0 TSval=3045557328 TSecr=2916037550"
"36337","33.474635651","192.168.1.55","192.168.1.2","TCP","1514","8004  >  36200 [ACK] Seq=27702 Ack=141 Win=65024 Len=1448 TSval=2916037555 TSecr=3045557328 [TCP segment of a reassembled PDU]"
"36338","33.474656262","192.168.1.55","192.168.1.2","TCP","1514","8004  >  36200 [ACK] Seq=29150 Ack=141 Win=65024 Len=1448 TSval=2916037555 TSecr=3045557328 [TCP segment of a reassembled PDU]"
"36339","33.474659484","192.168.1.55","192.168.1.2","TCP","1514","8004  >  36200 [ACK] Seq=30598 Ack=141 Win=65024 Len=1448 TSval=2916037555 TSecr=3045557328 [TCP segment of a reassembled PDU]"
"36340","33.474664355","192.168.1.55","192.168.1.2","TCP","1514","8004  >  36200 [ACK] Seq=32046 Ack=141 Win=65024 Len=1448 TSval=2916037555 TSecr=3045557328 [TCP segment of a reassembled PDU]"
"36341","33.474666540","192.168.1.55","192.168.1.2","TCP","1514","8004  >  36200 [ACK] Seq=33494 Ack=141 Win=65024 Len=1448 TSval=2916037555 TSecr=3045557328 [TCP segment of a reassembled PDU]"
"36342","33.474669243","192.168.1.55","192.168.1.2","TCP","1514","8004  >  36200 [ACK] Seq=34942 Ack=141 Win=65024 Len=1448 TSval=2916037555 TSecr=3045557328 [TCP segment of a reassembled PDU]"
"36343","33.474671355","192.168.1.55","192.168.1.2","TCP","1514","8004  >  36200 [ACK] Seq=36390 Ack=141 Win=65024 Len=1448 TSval=2916037555 TSecr=3045557328 [TCP segment of a reassembled PDU]"
"36344","33.474674558","192.168.1.55","192.168.1.2","TCP","1514","8004  >  36200 [PSH, ACK] Seq=37838 Ack=141 Win=65024 Len=1448 TSval=2916037555 TSecr=3045557328 [TCP segment of a reassembled PDU]"
"36345","33.475981116","192.168.1.2","192.168.1.55","TCP","66","36200  >  8004 [ACK] Seq=141 Ack=13222 Win=88064 Len=0 TSval=3045557329 TSecr=2916037550"
"36346","33.476023135","192.168.1.55","192.168.1.2","TCP","1514","8004  >  36200 [ACK] Seq=39286 Ack=141 Win=65024 Len=1448 TSval=2916037556 TSecr=3045557329 [TCP segment of a reassembled PDU]"
"36347","33.477684359","192.168.1.2","192.168.1.55","TCP","66","36200  >  8004 [ACK] Seq=141 Ack=16118 Win=94208 Len=0 TSval=3045557331 TSecr=2916037553"
"36348","33.477746952","192.168.1.55","192.168.1.2","TCP","1514","8004  >  36200 [ACK] Seq=40734 Ack=141 Win=65024 Len=1448 TSval=2916037558 TSecr=3045557331 [TCP segment of a reassembled PDU]"
"36349","33.477756322","192.168.1.55","192.168.1.2","TCP","1514","8004  >  36200 [PSH, ACK] Seq=42182 Ack=141 Win=65024 Len=1448 TSval=2916037558 TSecr=3045557331 [TCP segment of a reassembled PDU]"
"36350","33.480110826","192.168.1.2","192.168.1.55","TCP","66","36200  >  8004 [ACK] Seq=141 Ack=24806 Win=88064 Len=0 TSval=3045557333 TSecr=2916037553"
"36351","33.480133752","192.168.1.55","192.168.1.2","TCP","1514","8004  >  36200 [PSH, ACK] Seq=43630 Ack=141 Win=65024 Len=1448 TSval=2916037560 TSecr=3045557333 [TCP segment of a reassembled PDU]"
"36352","33.480329715","192.168.1.2","192.168.1.55","TCP","66","36200  >  8004 [ACK] Seq=141 Ack=27702 Win=94208 Len=0 TSval=3045557333 TSecr=2916037553"
"36353","33.480378753","192.168.1.55","192.168.1.2","TCP","1514","8004  >  36200 [ACK] Seq=45078 Ack=141 Win=65024 Len=1448 TSval=2916037561 TSecr=3045557333 [TCP segment of a reassembled PDU]"
"36354","33.480385586","192.168.1.55","192.168.1.2","TCP","1514","8004  >  36200 [ACK] Seq=46526 Ack=141 Win=65024 Len=1448 TSval=2916037561 TSecr=3045557333 [TCP segment of a reassembled PDU]"
"36355","33.480387493","192.168.1.55","192.168.1.2","TCP","1514","8004  >  36200 [ACK] Seq=47974 Ack=141 Win=65024 Len=1448 TSval=2916037561 TSecr=3045557333 [TCP segment of a reassembled PDU]"
"36356","33.480389253","192.168.1.55","192.168.1.2","TCP","1514","8004  >  36200 [ACK] Seq=49422 Ack=141 Win=65024 Len=1448 TSval=2916037561 TSecr=3045557333 [TCP segment of a reassembled PDU]"
"36357","33.480391530","192.168.1.55","192.168.1.2","TCP","1514","8004  >  36200 [ACK] Seq=50870 Ack=141 Win=65024 Len=1448 TSval=2916037561 TSecr=3045557333 [TCP segment of a reassembled PDU]"
"36358","33.480393067","192.168.1.55","192.168.1.2","TCP","1514","8004  >  36200 [ACK] Seq=52318 Ack=141 Win=65024 Len=1448 TSval=2916037561 TSecr=3045557333 [TCP segment of a reassembled PDU]"
"36359","33.480395253","192.168.1.55","192.168.1.2","TCP","1514","8004  >  36200 [PSH, ACK] Seq=53766 Ack=141 Win=65024 Len=1448 TSval=2916037561 TSecr=3045557333 [TCP segment of a reassembled PDU]"
"36360","33.480403845","192.168.1.2","192.168.1.55","TCP","66","36200  >  8004 [ACK] Seq=141 Ack=33494 Win=89088 Len=0 TSval=3045557333 TSecr=2916037555"
"36361","33.480409604","192.168.1.2","192.168.1.55","TCP","66","36200  >  8004 [ACK] Seq=141 Ack=39286 Win=83968 Len=0 TSval=3045557333 TSecr=2916037555"
"36362","33.480482049","192.168.1.2","192.168.1.55","TCP","66","36200  >  8004 [ACK] Seq=141 Ack=40734 Win=93184 Len=0 TSval=3045557334 TSecr=2916037556"
"36363","33.480493827","192.168.1.2","192.168.1.55","TCP","66","36200  >  8004 [ACK] Seq=141 Ack=43630 Win=91136 Len=0 TSval=3045557335 TSecr=2916037558"
"36364","33.480814624","192.168.1.55","192.168.1.2","TCP","1514","8004  >  36200 [ACK] Seq=55214 Ack=141 Win=65024 Len=1448 TSval=2916037561 TSecr=3045557335 [TCP segment of a reassembled PDU]"
"36365","33.480817198","192.168.1.55","192.168.1.2","TCP","1514","8004  >  36200 [ACK] Seq=56662 Ack=141 Win=65024 Len=1448 TSval=2916037561 TSecr=3045557335 [TCP segment of a reassembled PDU]"
"36366","33.480818475","192.168.1.55","192.168.1.2","TCP","1514","8004  >  36200 [ACK] Seq=58110 Ack=141 Win=65024 Len=1448 TSval=2916037561 TSecr=3045557335 [TCP segment of a reassembled PDU]"
"36367","33.480819827","192.168.1.55","192.168.1.2","TCP","1514","8004  >  36200 [ACK] Seq=59558 Ack=141 Win=65024 Len=1448 TSval=2916037561 TSecr=3045557335 [TCP segment of a reassembled PDU]"
"36368","33.480822383","192.168.1.55","192.168.1.2","TCP","1514","8004  >  36200 [ACK] Seq=61006 Ack=141 Win=65024 Len=1448 TSval=2916037561 TSecr=3045557335 [TCP segment of a reassembled PDU]"
"36369","33.480824346","192.168.1.55","192.168.1.2","TCP","1514","8004  >  36200 [ACK] Seq=62454 Ack=141 Win=65024 Len=1448 TSval=2916037561 TSecr=3045557335 [TCP segment of a reassembled PDU]"
"36370","33.480825827","192.168.1.55","192.168.1.2","TCP","1514","8004  >  36200 [ACK] Seq=63902 Ack=141 Win=65024 Len=1448 TSval=2916037561 TSecr=3045557335 [TCP segment of a reassembled PDU]"
"36371","33.480827124","192.168.1.55","192.168.1.2","TCP","1514","8004  >  36200 [PSH, ACK] Seq=65350 Ack=141 Win=65024 Len=1448 TSval=2916037561 TSecr=3045557335 [TCP segment of a reassembled PDU]"
"36372","33.481175624","192.168.1.55","192.168.1.2","TCP","1514","8004  >  36200 [ACK] Seq=66798 Ack=141 Win=65024 Len=1448 TSval=2916037561 TSecr=3045557335 [TCP segment of a reassembled PDU]"
"36373","33.481180161","192.168.1.55","192.168.1.2","TCP","1514","8004  >  36200 [ACK] Seq=68246 Ack=141 Win=65024 Len=1448 TSval=2916037561 TSecr=3045557335 [TCP segment of a reassembled PDU]"
"36374","33.481181995","192.168.1.55","192.168.1.2","TCP","1514","8004  >  36200 [ACK] Seq=69694 Ack=141 Win=65024 Len=1448 TSval=2916037561 TSecr=3045557335 [TCP segment of a reassembled PDU]"
"36375","33.481183180","192.168.1.55","192.168.1.2","TCP","1514","8004  >  36200 [PSH, ACK] Seq=71142 Ack=141 Win=65024 Len=1448 TSval=2916037561 TSecr=3045557335 [TCP segment of a reassembled PDU]"
"36376","33.486373429","192.168.1.2","192.168.1.55","TCP","66","36200  >  8004 [ACK] Seq=141 Ack=45078 Win=93184 Len=0 TSval=3045557337 TSecr=2916037560"
"36377","33.486399021","192.168.1.55","192.168.1.2","TCP","1514","8004  >  36200 [ACK] Seq=72590 Ack=141 Win=65024 Len=1448 TSval=2916037567 TSecr=3045557337 [TCP segment of a reassembled PDU]"
"36378","33.486554355","192.168.1.2","192.168.1.55","TCP","66","36200  >  8004 [ACK] Seq=141 Ack=55214 Win=84992 Len=0 TSval=3045557340 TSecr=2916037561"
"36379","33.486575855","192.168.1.55","192.168.1.2","TCP","1514","8004  >  36200 [ACK] Seq=74038 Ack=141 Win=65024 Len=1448 TSval=2916037567 TSecr=3045557340 [TCP segment of a reassembled PDU]"
"36380","33.486578133","192.168.1.55","192.168.1.2","TCP","1514","8004  >  36200 [PSH, ACK] Seq=75486 Ack=141 Win=65024 Len=1448 TSval=2916037567 TSecr=3045557340 [TCP segment of a reassembled PDU]"
"36381","33.486582892","192.168.1.2","192.168.1.55","TCP","66","36200  >  8004 [ACK] Seq=141 Ack=61006 Win=79872 Len=0 TSval=3045557340 TSecr=2916037561"
"36382","33.486598540","192.168.1.55","192.168.1.2","TCP","1514","8004  >  36200 [ACK] Seq=76934 Ack=141 Win=65024 Len=1448 TSval=2916037567 TSecr=3045557340 [TCP segment of a reassembled PDU]"
"36383","33.486600355","192.168.1.55","192.168.1.2","TCP","1514","8004  >  36200 [ACK] Seq=78382 Ack=141 Win=65024 Len=1448 TSval=2916037567 TSecr=3045557340 [TCP segment of a reassembled PDU]"
"36384","33.486601466","192.168.1.55","192.168.1.2","TCP","1514","8004  >  36200 [ACK] Seq=79830 Ack=141 Win=65024 Len=1448 TSval=2916037567 TSecr=3045557340 [TCP segment of a reassembled PDU]"
"36385","33.486602411","192.168.1.55","192.168.1.2","TCP","1514","8004  >  36200 [ACK] Seq=81278 Ack=141 Win=65024 Len=1448 TSval=2916037567 TSecr=3045557340 [TCP segment of a reassembled PDU]"
"36386","33.486603411","192.168.1.55","192.168.1.2","TCP","1514","8004  >  36200 [ACK] Seq=82726 Ack=141 Win=65024 Len=1448 TSval=2916037567 TSecr=3045557340 [TCP segment of a reassembled PDU]"
"36387","33.486604318","192.168.1.55","192.168.1.2","TCP","1514","8004  >  36200 [ACK] Seq=84174 Ack=141 Win=65024 Len=1448 TSval=2916037567 TSecr=3045557340 [TCP segment of a reassembled PDU]"
"36388","33.486605188","192.168.1.55","192.168.1.2","TCP","1514","8004  >  36200 [ACK] Seq=85622 Ack=141 Win=65024 Len=1448 TSval=2916037567 TSecr=3045557340 [TCP segment of a reassembled PDU]"
"36389","33.486606151","192.168.1.55","192.168.1.2","TCP","1514","8004  >  36200 [ACK] Seq=87070 Ack=141 Win=65024 Len=1448 TSval=2916037567 TSecr=3045557340 [TCP segment of a reassembled PDU]"
"36390","33.486607207","192.168.1.55","192.168.1.2","TCP","1514","8004  >  36200 [PSH, ACK] Seq=88518 Ack=141 Win=65024 Len=1448 TSval=2916037567 TSecr=3045557340 [TCP segment of a reassembled PDU]"
"36391","33.486610096","192.168.1.2","192.168.1.55","TCP","66","36200  >  8004 [ACK] Seq=141 Ack=66798 Win=91136 Len=0 TSval=3045557340 TSecr=2916037561"
"36392","33.486658448","192.168.1.2","192.168.1.55","TCP","66","36200  >  8004 [ACK] Seq=141 Ack=71142 Win=87040 Len=0 TSval=3045557340 TSecr=2916037561"
"36393","33.486664059","192.168.1.2","192.168.1.55","TCP","66","36200  >  8004 [ACK] Seq=141 Ack=72590 Win=93184 Len=0 TSval=3045557341 TSecr=2916037561"
"36394","33.487097819","192.168.1.55","192.168.1.2","TCP","1514","8004  >  36200 [ACK] Seq=89966 Ack=141 Win=65024 Len=1448 TSval=2916037567 TSecr=3045557341 [TCP segment of a reassembled PDU]"
"36395","33.487099560","192.168.1.55","192.168.1.2","TCP","1514","8004  >  36200 [ACK] Seq=91414 Ack=141 Win=65024 Len=1448 TSval=2916037567 TSecr=3045557341 [TCP segment of a reassembled PDU]"
"36396","33.487100485","192.168.1.55","192.168.1.2","TCP","1514","8004  >  36200 [ACK] Seq=92862 Ack=141 Win=65024 Len=1448 TSval=2916037567 TSecr=3045557341 [TCP segment of a reassembled PDU]"
"36397","33.487101819","192.168.1.55","192.168.1.2","TCP","1514","8004  >  36200 [ACK] Seq=94310 Ack=141 Win=65024 Len=1448 TSval=2916037567 TSecr=3045557341 [TCP segment of a reassembled PDU]"
"36398","33.487102745","192.168.1.55","192.168.1.2","TCP","1514","8004  >  36200 [ACK] Seq=95758 Ack=141 Win=65024 Len=1448 TSval=2916037567 TSecr=3045557341 [TCP segment of a reassembled PDU]"
"36399","33.487103708","192.168.1.55","192.168.1.2","TCP","1514","8004  >  36200 [ACK] Seq=97206 Ack=141 Win=65024 Len=1448 TSval=2916037567 TSecr=3045557341 [TCP segment of a reassembled PDU]"
"36400","33.487104634","192.168.1.55","192.168.1.2","TCP","1514","8004  >  36200 [ACK] Seq=98654 Ack=141 Win=65024 Len=1448 TSval=2916037567 TSecr=3045557341 [TCP segment of a reassembled PDU]"
"36401","33.487105597","192.168.1.55","192.168.1.2","TCP","1514","8004  >  36200 [PSH, ACK] Seq=100102 Ack=141 Win=65024 Len=1448 TSval=2916037567 TSecr=3045557341 [TCP segment of a reassembled PDU]"
"36402","33.487429282","192.168.1.55","192.168.1.2","TCP","1514","8004  >  36200 [ACK] Seq=101550 Ack=141 Win=65024 Len=1448 TSval=2916037568 TSecr=3045557341 [TCP segment of a reassembled PDU]"
"36403","33.491160936","192.168.1.2","192.168.1.55","TCP","66","36200  >  8004 [ACK] Seq=141 Ack=74038 Win=93184 Len=0 TSval=3045557345 TSecr=2916037567"
"36404","33.491178047","192.168.1.55","192.168.1.2","TCP","1514","8004  >  36200 [ACK] Seq=102998 Ack=141 Win=65024 Len=1448 TSval=2916037571 TSecr=3045557345 [TCP segment of a reassembled PDU]"
"36405","33.491328733","192.168.1.2","192.168.1.55","TCP","66","36200  >  8004 [ACK] Seq=141 Ack=89966 Win=77824 Len=0 TSval=3045557345 TSecr=2916037567"
"36406","33.491350011","192.168.1.55","192.168.1.2","TCP","1514","8004  >  36200 [ACK] Seq=104446 Ack=141 Win=65024 Len=1448 TSval=2916037572 TSecr=3045557345 [TCP segment of a reassembled PDU]"
"36407","33.491352381","192.168.1.55","192.168.1.2","TCP","1514","8004  >  36200 [ACK] Seq=105894 Ack=141 Win=65024 Len=1448 TSval=2916037572 TSecr=3045557345 [TCP segment of a reassembled PDU]"
"36408","33.491354122","192.168.1.55","192.168.1.2","TCP","1514","8004  >  36200 [ACK] Seq=107342 Ack=141 Win=65024 Len=1448 TSval=2916037572 TSecr=3045557345 [TCP segment of a reassembled PDU]"
"36409","33.491355085","192.168.1.55","192.168.1.2","TCP","1514","8004  >  36200 [ACK] Seq=108790 Ack=141 Win=65024 Len=1448 TSval=2916037572 TSecr=3045557345 [TCP segment of a reassembled PDU]"
"36410","33.491355974","192.168.1.55","192.168.1.2","TCP","1514","8004  >  36200 [ACK] Seq=110238 Ack=141 Win=65024 Len=1448 TSval=2916037572 TSecr=3045557345 [TCP segment of a reassembled PDU]"
"36411","33.491357363","192.168.1.55","192.168.1.2","TCP","1514","8004  >  36200 [ACK] Seq=111686 Ack=141 Win=65024 Len=1448 TSval=2916037572 TSecr=3045557345 [TCP segment of a reassembled PDU]"
"36412","33.491358270","192.168.1.55","192.168.1.2","TCP","1514","8004  >  36200 [ACK] Seq=113134 Ack=141 Win=65024 Len=1448 TSval=2916037572 TSecr=3045557345 [TCP segment of a reassembled PDU]"
"36413","33.491359233","192.168.1.55","192.168.1.2","TCP","1514","8004  >  36200 [ACK] Seq=114582 Ack=141 Win=65024 Len=1448 TSval=2916037572 TSecr=3045557345 [TCP segment of a reassembled PDU]"
"36414","33.491360270","192.168.1.55","192.168.1.2","TCP","1514","8004  >  36200 [ACK] Seq=116030 Ack=141 Win=65024 Len=1448 TSval=2916037572 TSecr=3045557345 [TCP segment of a reassembled PDU]"
"36415","33.491361344","192.168.1.55","192.168.1.2","TCP","1514","8004  >  36200 [PSH, ACK] Seq=117478 Ack=141 Win=65024 Len=1448 TSval=2916037572 TSecr=3045557345 [TCP segment of a reassembled PDU]"
"36416","33.491364955","192.168.1.2","192.168.1.55","TCP","66","36200  >  8004 [ACK] Seq=141 Ack=101550 Win=87040 Len=0 TSval=3045557346 TSecr=2916037567"
"36417","33.491774382","192.168.1.55","192.168.1.2","TCP","1514","8004  >  36200 [ACK] Seq=118926 Ack=141 Win=65024 Len=1448 TSval=2916037572 TSecr=3045557346 [TCP segment of a reassembled PDU]"
"36418","33.491776419","192.168.1.55","192.168.1.2","TCP","1514","8004  >  36200 [ACK] Seq=120374 Ack=141 Win=65024 Len=1448 TSval=2916037572 TSecr=3045557346 [TCP segment of a reassembled PDU]"
"36419","33.491778085","192.168.1.55","192.168.1.2","TCP","1514","8004  >  36200 [PSH, ACK] Seq=121822 Ack=141 Win=65024 Len=1448 TSval=2916037572 TSecr=3045557346 [TCP segment of a reassembled PDU]"
"36420","33.494948498","192.168.1.2","192.168.1.55","TCP","66","36200  >  8004 [ACK] Seq=141 Ack=104446 Win=93184 Len=0 TSval=3045557349 TSecr=2916037568"
"36421","33.494975072","192.168.1.55","192.168.1.2","TCP","1514","8004  >  36200 [ACK] Seq=123270 Ack=141 Win=65024 Len=1448 TSval=2916037575 TSecr=3045557349 [TCP segment of a reassembled PDU]"
"36422","33.494977757","192.168.1.55","192.168.1.2","TCP","1514","8004  >  36200 [ACK] Seq=124718 Ack=141 Win=65024 Len=1448 TSval=2916037575 TSecr=3045557349 [TCP segment of a reassembled PDU]"
"36423","33.494978887","192.168.1.55","192.168.1.2","TCP","1514","8004  >  36200 [ACK] Seq=126166 Ack=141 Win=65024 Len=1448 TSval=2916037575 TSecr=3045557349 [TCP segment of a reassembled PDU]"
"36424","33.494979868","192.168.1.55","192.168.1.2","TCP","1514","8004  >  36200 [ACK] Seq=127614 Ack=141 Win=65024 Len=1448 TSval=2916037575 TSecr=3045557349 [TCP segment of a reassembled PDU]"
"36425","33.494980961","192.168.1.55","192.168.1.2","TCP","1514","8004  >  36200 [ACK] Seq=129062 Ack=141 Win=65024 Len=1448 TSval=2916037575 TSecr=3045557349 [TCP segment of a reassembled PDU]"
"36426","33.494981942","192.168.1.55","192.168.1.2","TCP","1514","8004  >  36200 [ACK] Seq=130510 Ack=141 Win=65024 Len=1448 TSval=2916037575 TSecr=3045557349 [TCP segment of a reassembled PDU]"
"36427","33.494983609","192.168.1.55","192.168.1.2","TCP","1514","8004  >  36200 [ACK] Seq=131958 Ack=141 Win=65024 Len=1448 TSval=2916037575 TSecr=3045557349 [TCP segment of a reassembled PDU]"
"36428","33.494984591","192.168.1.55","192.168.1.2","TCP","1514","8004  >  36200 [ACK] Seq=133406 Ack=141 Win=65024 Len=1448 TSval=2916037575 TSecr=3045557349 [TCP segment of a reassembled PDU]"
"36429","33.494985498","192.168.1.55","192.168.1.2","TCP","1514","8004  >  36200 [PSH, ACK] Seq=134854 Ack=141 Win=65024 Len=1448 TSval=2916037575 TSecr=3045557349 [TCP segment of a reassembled PDU]"
"36430","33.495389406","192.168.1.2","192.168.1.55","TCP","66","36200  >  8004 [ACK] Seq=141 Ack=118926 Win=82944 Len=0 TSval=3045557349 TSecr=2916037572"
"36431","33.495405221","192.168.1.55","192.168.1.2","TCP","1514","8004  >  36200 [ACK] Seq=136302 Ack=141 Win=65024 Len=1448 TSval=2916037576 TSecr=3045557349 [TCP segment of a reassembled PDU]"
"36432","33.495406962","192.168.1.55","192.168.1.2","TCP","1514","8004  >  36200 [ACK] Seq=137750 Ack=141 Win=65024 Len=1448 TSval=2916037576 TSecr=3045557349 [TCP segment of a reassembled PDU]"
"36433","33.495407850","192.168.1.55","192.168.1.2","TCP","1514","8004  >  36200 [ACK] Seq=139198 Ack=141 Win=65024 Len=1448 TSval=2916037576 TSecr=3045557349 [TCP segment of a reassembled PDU]"
"36434","33.495408739","192.168.1.55","192.168.1.2","TCP","1514","8004  >  36200 [ACK] Seq=140646 Ack=141 Win=65024 Len=1448 TSval=2916037576 TSecr=3045557349 [TCP segment of a reassembled PDU]"
"36435","33.495409795","192.168.1.55","192.168.1.2","TCP","1514","8004  >  36200 [ACK] Seq=142094 Ack=141 Win=65024 Len=1448 TSval=2916037576 TSecr=3045557349 [TCP segment of a reassembled PDU]"
"36436","33.495410684","192.168.1.55","192.168.1.2","TCP","1514","8004  >  36200 [ACK] Seq=143542 Ack=141 Win=65024 Len=1448 TSval=2916037576 TSecr=3045557349 [TCP segment of a reassembled PDU]"
"36437","33.495411665","192.168.1.55","192.168.1.2","TCP","1514","8004  >  36200 [ACK] Seq=144990 Ack=141 Win=65024 Len=1448 TSval=2916037576 TSecr=3045557349 [TCP segment of a reassembled PDU]"
"36438","33.495413165","192.168.1.55","192.168.1.2","TCP","1514","8004  >  36200 [ACK] Seq=146438 Ack=141 Win=65024 Len=1448 TSval=2916037576 TSecr=3045557349 [TCP segment of a reassembled PDU]"
"36439","33.495414221","192.168.1.55","192.168.1.2","TCP","1514","8004  >  36200 [ACK] Seq=147886 Ack=141 Win=65024 Len=1448 TSval=2916037576 TSecr=3045557349 [TCP segment of a reassembled PDU]"
"36440","33.495415184","192.168.1.55","192.168.1.2","TCP","1514","8004  >  36200 [PSH, ACK] Seq=149334 Ack=141 Win=65024 Len=1448 TSval=2916037576 TSecr=3045557349 [TCP segment of a reassembled PDU]"
"36441","33.497560502","192.168.1.2","192.168.1.55","TCP","66","36200  >  8004 [ACK] Seq=141 Ack=123270 Win=94208 Len=0 TSval=3045557350 TSecr=2916037572"
"36442","33.497572465","192.168.1.55","192.168.1.2","TCP","1514","8004  >  36200 [ACK] Seq=150782 Ack=141 Win=65024 Len=1448 TSval=2916037578 TSecr=3045557350 [TCP segment of a reassembled PDU]"
"36443","33.497574872","192.168.1.55","192.168.1.2","TCP","1514","8004  >  36200 [ACK] Seq=152230 Ack=141 Win=65024 Len=1448 TSval=2916037578 TSecr=3045557350 [TCP segment of a reassembled PDU]"
"36444","33.497576243","192.168.1.55","192.168.1.2","TCP","1514","8004  >  36200 [PSH, ACK] Seq=153678 Ack=141 Win=65024 Len=1448 TSval=2916037578 TSecr=3045557350 [TCP segment of a reassembled PDU]"
"36445","33.501447934","192.168.1.2","192.168.1.55","TCP","66","36200  >  8004 [ACK] Seq=141 Ack=136302 Win=81920 Len=0 TSval=3045557353 TSecr=2916037575"
"36446","33.501541286","192.168.1.55","192.168.1.2","TCP","1514","8004  >  36200 [ACK] Seq=155126 Ack=141 Win=65024 Len=1448 TSval=2916037582 TSecr=3045557353 [TCP segment of a reassembled PDU]"
"36447","33.501548268","192.168.1.55","192.168.1.2","TCP","1514","8004  >  36200 [ACK] Seq=156574 Ack=141 Win=65024 Len=1448 TSval=2916037582 TSecr=3045557353 [TCP segment of a reassembled PDU]"
"36448","33.501549360","192.168.1.55","192.168.1.2","TCP","1514","8004  >  36200 [ACK] Seq=158022 Ack=141 Win=65024 Len=1448 TSval=2916037582 TSecr=3045557353 [TCP segment of a reassembled PDU]"
"36449","33.501550564","192.168.1.55","192.168.1.2","TCP","1514","8004  >  36200 [ACK] Seq=159470 Ack=141 Win=65024 Len=1448 TSval=2916037582 TSecr=3045557353 [TCP segment of a reassembled PDU]"
"36450","33.501551749","192.168.1.55","192.168.1.2","TCP","1514","8004  >  36200 [ACK] Seq=160918 Ack=141 Win=65024 Len=1448 TSval=2916037582 TSecr=3045557353 [TCP segment of a reassembled PDU]"
"36451","33.501552768","192.168.1.55","192.168.1.2","TCP","1514","8004  >  36200 [ACK] Seq=162366 Ack=141 Win=65024 Len=1448 TSval=2916037582 TSecr=3045557353 [TCP segment of a reassembled PDU]"
"36452","33.501555601","192.168.1.55","192.168.1.2","TCP","1514","8004  >  36200 [ACK] Seq=163814 Ack=141 Win=65024 Len=1448 TSval=2916037582 TSecr=3045557353 [TCP segment of a reassembled PDU]"
"36453","33.501556601","192.168.1.55","192.168.1.2","TCP","1514","8004  >  36200 [ACK] Seq=165262 Ack=141 Win=65024 Len=1448 TSval=2916037582 TSecr=3045557353 [TCP segment of a reassembled PDU]"
"36454","33.501557897","192.168.1.55","192.168.1.2","TCP","1514","8004  >  36200 [ACK] Seq=166710 Ack=141 Win=65024 Len=1448 TSval=2916037582 TSecr=3045557353 [TCP segment of a reassembled PDU]"
"36455","33.501559175","192.168.1.55","192.168.1.2","TCP","1514","8004  >  36200 [PSH, ACK] Seq=168158 Ack=141 Win=65024 Len=1448 TSval=2916037582 TSecr=3045557353 [TCP segment of a reassembled PDU]"
"36456","33.501595120","192.168.1.2","192.168.1.55","TCP","66","36200  >  8004 [ACK] Seq=141 Ack=146438 Win=72704 Len=0 TSval=3045557353 TSecr=2916037576"
"36457","33.501692916","192.168.1.2","192.168.1.55","TCP","66","36200  >  8004 [ACK] Seq=141 Ack=150782 Win=94208 Len=0 TSval=3045557355 TSecr=2916037576"
"36458","33.501707064","192.168.1.2","192.168.1.55","TCP","66","36200  >  8004 [ACK] Seq=141 Ack=153678 Win=94208 Len=0 TSval=3045557355 TSecr=2916037578"
"36459","33.501739805","192.168.1.2","192.168.1.55","TCP","66","36200  >  8004 [ACK] Seq=141 Ack=155126 Win=94208 Len=0 TSval=3045557356 TSecr=2916037578"
"36460","33.501768861","192.168.1.55","192.168.1.2","TCP","1514","8004  >  36200 [ACK] Seq=169606 Ack=141 Win=65024 Len=1448 TSval=2916037582 TSecr=3045557356 [TCP segment of a reassembled PDU]"
"36461","33.501773064","192.168.1.55","192.168.1.2","TCP","1514","8004  >  36200 [ACK] Seq=171054 Ack=141 Win=65024 Len=1448 TSval=2916037582 TSecr=3045557356 [TCP segment of a reassembled PDU]"
"36462","33.501774749","192.168.1.55","192.168.1.2","TCP","1514","8004  >  36200 [ACK] Seq=172502 Ack=141 Win=65024 Len=1448 TSval=2916037582 TSecr=3045557356 [TCP segment of a reassembled PDU]"
"36463","33.501776157","192.168.1.55","192.168.1.2","TCP","1514","8004  >  36200 [ACK] Seq=173950 Ack=141 Win=65024 Len=1448 TSval=2916037582 TSecr=3045557356 [TCP segment of a reassembled PDU]"
"36464","33.501777750","192.168.1.55","192.168.1.2","TCP","1514","8004  >  36200 [ACK] Seq=175398 Ack=141 Win=65024 Len=1448 TSval=2916037582 TSecr=3045557356 [TCP segment of a reassembled PDU]"
"36465","33.501779009","192.168.1.55","192.168.1.2","TCP","1514","8004  >  36200 [ACK] Seq=176846 Ack=141 Win=65024 Len=1448 TSval=2916037582 TSecr=3045557356 [TCP segment of a reassembled PDU]"
"36466","33.501780601","192.168.1.55","192.168.1.2","TCP","1514","8004  >  36200 [ACK] Seq=178294 Ack=141 Win=65024 Len=1448 TSval=2916037582 TSecr=3045557356 [TCP segment of a reassembled PDU]"
"36467","33.501782287","192.168.1.55","192.168.1.2","TCP","1514","8004  >  36200 [ACK] Seq=179742 Ack=141 Win=65024 Len=1448 TSval=2916037582 TSecr=3045557356 [TCP segment of a reassembled PDU]"
"36468","33.501783935","192.168.1.55","192.168.1.2","TCP","1514","8004  >  36200 [ACK] Seq=181190 Ack=141 Win=65024 Len=1448 TSval=2916037582 TSecr=3045557356 [TCP segment of a reassembled PDU]"
"36469","33.501785027","192.168.1.55","192.168.1.2","TCP","1514","8004  >  36200 [PSH, ACK] Seq=182638 Ack=141 Win=65024 Len=1448 TSval=2916037582 TSecr=3045557356 [TCP segment of a reassembled PDU]"
"36470","33.502615695","192.168.1.55","192.168.1.2","TCP","1514","8004  >  36200 [ACK] Seq=184086 Ack=141 Win=65024 Len=1448 TSval=2916037583 TSecr=3045557356 [TCP segment of a reassembled PDU]"
"36471","33.502626918","192.168.1.55","192.168.1.2","TCP","1514","8004  >  36200 [ACK] Seq=185534 Ack=141 Win=65024 Len=1448 TSval=2916037583 TSecr=3045557356 [TCP segment of a reassembled PDU]"
"36472","33.502628751","192.168.1.55","192.168.1.2","TCP","1514","8004  >  36200 [PSH, ACK] Seq=186982 Ack=141 Win=65024 Len=1448 TSval=2916037583 TSecr=3045557356 [TCP segment of a reassembled PDU]"
"36473","33.505599607","192.168.1.2","192.168.1.55","TCP","66","36200  >  8004 [ACK] Seq=141 Ack=169606 Win=79872 Len=0 TSval=3045557360 TSecr=2916037582"
"36474","33.505707737","192.168.1.55","192.168.1.2","TCP","1514","8004  >  36200 [ACK] Seq=188430 Ack=141 Win=65024 Len=1448 TSval=2916037586 TSecr=3045557360 [TCP segment of a reassembled PDU]"
"36475","33.505712830","192.168.1.55","192.168.1.2","TCP","1514","8004  >  36200 [ACK] Seq=189878 Ack=141 Win=65024 Len=1448 TSval=2916037586 TSecr=3045557360 [TCP segment of a reassembled PDU]"
"36476","33.505714089","192.168.1.55","192.168.1.2","TCP","1514","8004  >  36200 [ACK] Seq=191326 Ack=141 Win=65024 Len=1448 TSval=2916037586 TSecr=3045557360 [TCP segment of a reassembled PDU]"
"36477","33.505717071","192.168.1.55","192.168.1.2","TCP","1514","8004  >  36200 [ACK] Seq=192774 Ack=141 Win=65024 Len=1448 TSval=2916037586 TSecr=3045557360 [TCP segment of a reassembled PDU]"
"36478","33.505718515","192.168.1.55","192.168.1.2","TCP","1514","8004  >  36200 [ACK] Seq=194222 Ack=141 Win=65024 Len=1448 TSval=2916037586 TSecr=3045557360 [TCP segment of a reassembled PDU]"
"36479","33.505719626","192.168.1.55","192.168.1.2","TCP","1514","8004  >  36200 [ACK] Seq=195670 Ack=141 Win=65024 Len=1448 TSval=2916037586 TSecr=3045557360 [TCP segment of a reassembled PDU]"
"36480","33.505720571","192.168.1.55","192.168.1.2","TCP","1514","8004  >  36200 [ACK] Seq=197118 Ack=141 Win=65024 Len=1448 TSval=2916037586 TSecr=3045557360 [TCP segment of a reassembled PDU]"
"36481","33.505721589","192.168.1.55","192.168.1.2","TCP","1514","8004  >  36200 [ACK] Seq=198566 Ack=141 Win=65024 Len=1448 TSval=2916037586 TSecr=3045557360 [TCP segment of a reassembled PDU]"
"36482","33.505722941","192.168.1.55","192.168.1.2","TCP","1514","8004  >  36200 [ACK] Seq=200014 Ack=141 Win=65024 Len=1448 TSval=2916037586 TSecr=3045557360 [TCP segment of a reassembled PDU]"
"36483","33.505724589","192.168.1.55","192.168.1.2","TCP","1514","8004  >  36200 [ACK] Seq=201462 Ack=141 Win=65024 Len=1448 TSval=2916037586 TSecr=3045557360 [TCP segment of a reassembled PDU]"
"36484","33.505726015","192.168.1.55","192.168.1.2","TCP","1514","8004  >  36200 [PSH, ACK] Seq=202910 Ack=141 Win=65024 Len=1448 TSval=2916037586 TSecr=3045557360 [TCP segment of a reassembled PDU]"
"36485","33.505820645","192.168.1.2","192.168.1.55","TCP","66","36200  >  8004 [ACK] Seq=141 Ack=178294 Win=71680 Len=0 TSval=3045557360 TSecr=2916037582"
"36486","33.505844849","192.168.1.2","192.168.1.55","TCP","66","36200  >  8004 [ACK] Seq=141 Ack=184086 Win=92160 Len=0 TSval=3045557361 TSecr=2916037582"
"36487","33.505851460","192.168.1.2","192.168.1.55","TCP","66","36200  >  8004 [ACK] Seq=141 Ack=188430 Win=94208 Len=0 TSval=3045557361 TSecr=2916037583"
"36488","33.505875200","192.168.1.55","192.168.1.2","TCP","1514","8004  >  36200 [ACK] Seq=204358 Ack=141 Win=65024 Len=1448 TSval=2916037586 TSecr=3045557361 [TCP segment of a reassembled PDU]"
"36489","33.505877830","192.168.1.55","192.168.1.2","TCP","1514","8004  >  36200 [ACK] Seq=205806 Ack=141 Win=65024 Len=1448 TSval=2916037586 TSecr=3045557361 [TCP segment of a reassembled PDU]"
"36490","33.505879793","192.168.1.55","192.168.1.2","TCP","1514","8004  >  36200 [ACK] Seq=207254 Ack=141 Win=65024 Len=1448 TSval=2916037586 TSecr=3045557361 [TCP segment of a reassembled PDU]"
"36491","33.505880830","192.168.1.55","192.168.1.2","TCP","1514","8004  >  36200 [ACK] Seq=208702 Ack=141 Win=65024 Len=1448 TSval=2916037586 TSecr=3045557361 [TCP segment of a reassembled PDU]"
"36492","33.505881867","192.168.1.55","192.168.1.2","TCP","1514","8004  >  36200 [ACK] Seq=210150 Ack=141 Win=65024 Len=1448 TSval=2916037586 TSecr=3045557361 [TCP segment of a reassembled PDU]"
"36493","33.505882849","192.168.1.55","192.168.1.2","TCP","1514","8004  >  36200 [ACK] Seq=211598 Ack=141 Win=65024 Len=1448 TSval=2916037586 TSecr=3045557361 [TCP segment of a reassembled PDU]"
"36494","33.505883849","192.168.1.55","192.168.1.2","TCP","1514","8004  >  36200 [ACK] Seq=213046 Ack=141 Win=65024 Len=1448 TSval=2916037586 TSecr=3045557361 [TCP segment of a reassembled PDU]"
"36495","33.505885052","192.168.1.55","192.168.1.2","TCP","1514","8004  >  36200 [PSH, ACK] Seq=214494 Ack=141 Win=65024 Len=1448 TSval=2916037586 TSecr=3045557361 [TCP segment of a reassembled PDU]"
"36496","33.506617331","192.168.1.55","192.168.1.2","TCP","1514","8004  >  36200 [ACK] Seq=215942 Ack=141 Win=65024 Len=1448 TSval=2916037587 TSecr=3045557361 [TCP segment of a reassembled PDU]"
"36497","33.506619794","192.168.1.55","192.168.1.2","TCP","1514","8004  >  36200 [ACK] Seq=217390 Ack=141 Win=65024 Len=1448 TSval=2916037587 TSecr=3045557361 [TCP segment of a reassembled PDU]"
"36498","33.506620776","192.168.1.55","192.168.1.2","TCP","1514","8004  >  36200 [ACK] Seq=218838 Ack=141 Win=65024 Len=1448 TSval=2916037587 TSecr=3045557361 [TCP segment of a reassembled PDU]"
"36499","33.506621757","192.168.1.55","192.168.1.2","TCP","1514","8004  >  36200 [ACK] Seq=220286 Ack=141 Win=65024 Len=1448 TSval=2916037587 TSecr=3045557361 [TCP segment of a reassembled PDU]"
"36500","33.506622831","192.168.1.55","192.168.1.2","TCP","1514","8004  >  36200 [ACK] Seq=221734 Ack=141 Win=65024 Len=1448 TSval=2916037587 TSecr=3045557361 [TCP segment of a reassembled PDU]"
"36501","33.506623813","192.168.1.55","192.168.1.2","TCP","1514","8004  >  36200 [PSH, ACK] Seq=223182 Ack=141 Win=65024 Len=1448 TSval=2916037587 TSecr=3045557361 [TCP segment of a reassembled PDU]"
"36502","33.509415502","192.168.1.2","192.168.1.55","TCP","66","36200  >  8004 [ACK] Seq=141 Ack=204358 Win=78848 Len=0 TSval=3045557364 TSecr=2916037586"
"36503","33.509457873","192.168.1.55","192.168.1.2","TCP","1514","8004  >  36200 [ACK] Seq=224630 Ack=141 Win=65024 Len=1448 TSval=2916037590 TSecr=3045557364 [TCP segment of a reassembled PDU]"
"36504","33.509460725","192.168.1.55","192.168.1.2","TCP","1514","8004  >  36200 [ACK] Seq=226078 Ack=141 Win=65024 Len=1448 TSval=2916037590 TSecr=3045557364 [TCP segment of a reassembled PDU]"
"36505","33.509462114","192.168.1.55","192.168.1.2","TCP","1514","8004  >  36200 [ACK] Seq=227526 Ack=141 Win=65024 Len=1448 TSval=2916037590 TSecr=3045557364 [TCP segment of a reassembled PDU]"
"36506","33.509467854","192.168.1.55","192.168.1.2","TCP","1514","8004  >  36200 [ACK] Seq=228974 Ack=141 Win=65024 Len=1448 TSval=2916037590 TSecr=3045557364 [TCP segment of a reassembled PDU]"
"36507","33.509469391","192.168.1.55","192.168.1.2","TCP","1514","8004  >  36200 [ACK] Seq=230422 Ack=141 Win=65024 Len=1448 TSval=2916037590 TSecr=3045557364 [TCP segment of a reassembled PDU]"
"36508","33.509471021","192.168.1.55","192.168.1.2","TCP","1514","8004  >  36200 [ACK] Seq=231870 Ack=141 Win=65024 Len=1448 TSval=2916037590 TSecr=3045557364 [TCP segment of a reassembled PDU]"
"36509","33.509472651","192.168.1.55","192.168.1.2","TCP","1514","8004  >  36200 [ACK] Seq=233318 Ack=141 Win=65024 Len=1448 TSval=2916037590 TSecr=3045557364 [TCP segment of a reassembled PDU]"
"36510","33.509474373","192.168.1.55","192.168.1.2","TCP","1514","8004  >  36200 [ACK] Seq=234766 Ack=141 Win=65024 Len=1448 TSval=2916037590 TSecr=3045557364 [TCP segment of a reassembled PDU]"
"36511","33.509485354","192.168.1.55","192.168.1.2","TCP","1514","8004  >  36200 [ACK] Seq=236214 Ack=141 Win=65024 Len=1448 TSval=2916037590 TSecr=3045557364 [TCP segment of a reassembled PDU]"
"36512","33.509488873","192.168.1.55","192.168.1.2","TCP","1514","8004  >  36200 [ACK] Seq=237662 Ack=141 Win=65024 Len=1448 TSval=2916037590 TSecr=3045557364 [TCP segment of a reassembled PDU]"
"36513","33.509490447","192.168.1.55","192.168.1.2","TCP","1514","8004  >  36200 [PSH, ACK] Seq=239110 Ack=141 Win=65024 Len=1448 TSval=2916037590 TSecr=3045557364 [TCP segment of a reassembled PDU]"
"36514","33.509584225","192.168.1.2","192.168.1.55","TCP","66","36200  >  8004 [ACK] Seq=141 Ack=207254 Win=76800 Len=0 TSval=3045557365 TSecr=2916037586"
"36515","33.509598725","192.168.1.2","192.168.1.55","TCP","66","36200  >  8004 [ACK] Seq=141 Ack=223182 Win=61440 Len=0 TSval=3045557365 TSecr=2916037586"
"36516","33.510084707","192.168.1.55","192.168.1.2","TCP","1514","8004  >  36200 [ACK] Seq=240558 Ack=141 Win=65024 Len=1448 TSval=2916037590 TSecr=3045557365 [TCP segment of a reassembled PDU]"
"36517","33.510087503","192.168.1.55","192.168.1.2","TCP","1514","8004  >  36200 [ACK] Seq=242006 Ack=141 Win=65024 Len=1448 TSval=2916037590 TSecr=3045557365 [TCP segment of a reassembled PDU]"
"36518","33.510088837","192.168.1.55","192.168.1.2","TCP","1514","8004  >  36200 [ACK] Seq=243454 Ack=141 Win=65024 Len=1448 TSval=2916037590 TSecr=3045557365 [TCP segment of a reassembled PDU]"
"36519","33.510090392","192.168.1.55","192.168.1.2","TCP","1514","8004  >  36200 [ACK] Seq=244902 Ack=141 Win=65024 Len=1448 TSval=2916037590 TSecr=3045557365 [TCP segment of a reassembled PDU]"
"36520","33.510092800","192.168.1.55","192.168.1.2","TCP","1514","8004  >  36200 [ACK] Seq=246350 Ack=141 Win=65024 Len=1448 TSval=2916037590 TSecr=3045557365 [TCP segment of a reassembled PDU]"
"36521","33.510094948","192.168.1.55","192.168.1.2","TCP","1514","8004  >  36200 [ACK] Seq=247798 Ack=141 Win=65024 Len=1448 TSval=2916037590 TSecr=3045557365 [TCP segment of a reassembled PDU]"
"36522","33.510096800","192.168.1.55","192.168.1.2","TCP","1514","8004  >  36200 [ACK] Seq=249246 Ack=141 Win=65024 Len=1448 TSval=2916037590 TSecr=3045557365 [TCP segment of a reassembled PDU]"
"36523","33.510098300","192.168.1.55","192.168.1.2","TCP","1514","8004  >  36200 [ACK] Seq=250694 Ack=141 Win=65024 Len=1448 TSval=2916037590 TSecr=3045557365 [TCP segment of a reassembled PDU]"
"36524","33.510099466","192.168.1.55","192.168.1.2","TCP","1514","8004  >  36200 [ACK] Seq=252142 Ack=141 Win=65024 Len=1448 TSval=2916037590 TSecr=3045557365 [TCP segment of a reassembled PDU]"
"36525","33.510100948","192.168.1.55","192.168.1.2","TCP","1514","8004  >  36200 [ACK] Seq=253590 Ack=141 Win=65024 Len=1448 TSval=2916037590 TSecr=3045557365 [TCP segment of a reassembled PDU]"
"36526","33.510102874","192.168.1.55","192.168.1.2","TCP","1514","8004  >  36200 [ACK] Seq=255038 Ack=141 Win=65024 Len=1448 TSval=2916037590 TSecr=3045557365 [TCP segment of a reassembled PDU]"
"36527","33.510104355","192.168.1.55","192.168.1.2","TCP","1514","8004  >  36200 [ACK] Seq=256486 Ack=141 Win=65024 Len=1448 TSval=2916037590 TSecr=3045557365 [TCP segment of a reassembled PDU]"
"36528","33.510105485","192.168.1.55","192.168.1.2","TCP","1514","8004  >  36200 [PSH, ACK] Seq=257934 Ack=141 Win=65024 Len=1448 TSval=2916037590 TSecr=3045557365 [TCP segment of a reassembled PDU]"
"36529","33.510140689","192.168.1.2","192.168.1.55","TCP","66","36200  >  8004 [ACK] Seq=141 Ack=224630 Win=94208 Len=0 TSval=3045557365 TSecr=2916037587"
"36530","33.510661356","192.168.1.55","192.168.1.2","TCP","1514","8004  >  36200 [ACK] Seq=259382 Ack=141 Win=65024 Len=1448 TSval=2916037591 TSecr=3045557365 [TCP segment of a reassembled PDU]"
"36531","33.510663319","192.168.1.55","192.168.1.2","TCP","1514","8004  >  36200 [PSH, ACK] Seq=260830 Ack=141 Win=65024 Len=1448 TSval=2916037591 TSecr=3045557365 [TCP segment of a reassembled PDU]"
"36532","33.513999769","192.168.1.2","192.168.1.55","TCP","66","36200  >  8004 [ACK] Seq=141 Ack=246350 Win=73728 Len=0 TSval=3045557370 TSecr=2916037590"
"36533","33.514028139","192.168.1.55","192.168.1.2","TCP","1514","8004  >  36200 [ACK] Seq=262278 Ack=141 Win=65024 Len=1448 TSval=2916037594 TSecr=3045557370 [TCP segment of a reassembled PDU]"
"36534","33.514030491","192.168.1.55","192.168.1.2","TCP","1514","8004  >  36200 [ACK] Seq=263726 Ack=141 Win=65024 Len=1448 TSval=2916037594 TSecr=3045557370 [TCP segment of a reassembled PDU]"
"36535","33.514031843","192.168.1.55","192.168.1.2","TCP","1514","8004  >  36200 [ACK] Seq=265174 Ack=141 Win=65024 Len=1448 TSval=2916037594 TSecr=3045557370 [TCP segment of a reassembled PDU]"
"36536","33.514033010","192.168.1.55","192.168.1.2","TCP","1514","8004  >  36200 [ACK] Seq=266622 Ack=141 Win=65024 Len=1448 TSval=2916037594 TSecr=3045557370 [TCP segment of a reassembled PDU]"
"36537","33.514034232","192.168.1.55","192.168.1.2","TCP","1514","8004  >  36200 [ACK] Seq=268070 Ack=141 Win=65024 Len=1448 TSval=2916037594 TSecr=3045557370 [TCP segment of a reassembled PDU]"
"36538","33.514035621","192.168.1.55","192.168.1.2","TCP","1514","8004  >  36200 [ACK] Seq=269518 Ack=141 Win=65024 Len=1448 TSval=2916037594 TSecr=3045557370 [TCP segment of a reassembled PDU]"
"36539","33.514036843","192.168.1.55","192.168.1.2","TCP","1514","8004  >  36200 [ACK] Seq=270966 Ack=141 Win=65024 Len=1448 TSval=2916037594 TSecr=3045557370 [TCP segment of a reassembled PDU]"
"36540","33.514038325","192.168.1.55","192.168.1.2","TCP","1514","8004  >  36200 [ACK] Seq=272414 Ack=141 Win=65024 Len=1448 TSval=2916037594 TSecr=3045557370 [TCP segment of a reassembled PDU]"
"36541","33.514039436","192.168.1.55","192.168.1.2","TCP","1514","8004  >  36200 [ACK] Seq=273862 Ack=141 Win=65024 Len=1448 TSval=2916037594 TSecr=3045557370 [TCP segment of a reassembled PDU]"
"36542","33.514040676","192.168.1.55","192.168.1.2","TCP","1514","8004  >  36200 [ACK] Seq=275310 Ack=141 Win=65024 Len=1448 TSval=2916037594 TSecr=3045557370 [TCP segment of a reassembled PDU]"
"36543","33.514041899","192.168.1.55","192.168.1.2","TCP","1514","8004  >  36200 [ACK] Seq=276758 Ack=141 Win=65024 Len=1448 TSval=2916037594 TSecr=3045557370 [TCP segment of a reassembled PDU]"
"36544","33.514043028","192.168.1.55","192.168.1.2","TCP","1514","8004  >  36200 [ACK] Seq=278206 Ack=141 Win=65024 Len=1448 TSval=2916037594 TSecr=3045557370 [TCP segment of a reassembled PDU]"
"36545","33.514044269","192.168.1.55","192.168.1.2","TCP","1514","8004  >  36200 [PSH, ACK] Seq=279654 Ack=141 Win=65024 Len=1448 TSval=2916037594 TSecr=3045557370 [TCP segment of a reassembled PDU]"
"36546","33.514593974","192.168.1.2","192.168.1.55","TCP","66","36200  >  8004 [ACK] Seq=141 Ack=262278 Win=58368 Len=0 TSval=3045557370 TSecr=2916037590"
"36547","33.514628455","192.168.1.55","192.168.1.2","TCP","1514","8004  >  36200 [ACK] Seq=281102 Ack=141 Win=65024 Len=1448 TSval=2916037595 TSecr=3045557370 [TCP segment of a reassembled PDU]"
"36548","33.514630900","192.168.1.55","192.168.1.2","TCP","1514","8004  >  36200 [ACK] Seq=282550 Ack=141 Win=65024 Len=1448 TSval=2916037595 TSecr=3045557370 [TCP segment of a reassembled PDU]"
"36549","33.514632122","192.168.1.55","192.168.1.2","TCP","1514","8004  >  36200 [ACK] Seq=283998 Ack=141 Win=65024 Len=1448 TSval=2916037595 TSecr=3045557370 [TCP segment of a reassembled PDU]"
"36550","33.514633307","192.168.1.55","192.168.1.2","TCP","1514","8004  >  36200 [ACK] Seq=285446 Ack=141 Win=65024 Len=1448 TSval=2916037595 TSecr=3045557370 [TCP segment of a reassembled PDU]"
"36551","33.514634529","192.168.1.55","192.168.1.2","TCP","1514","8004  >  36200 [ACK] Seq=286894 Ack=141 Win=65024 Len=1448 TSval=2916037595 TSecr=3045557370 [TCP segment of a reassembled PDU]"
"36552","33.514635696","192.168.1.55","192.168.1.2","TCP","1514","8004  >  36200 [ACK] Seq=288342 Ack=141 Win=65024 Len=1448 TSval=2916037595 TSecr=3045557370 [TCP segment of a reassembled PDU]"
"36553","33.514636881","192.168.1.55","192.168.1.2","TCP","1514","8004  >  36200 [ACK] Seq=289790 Ack=141 Win=65024 Len=1448 TSval=2916037595 TSecr=3045557370 [TCP segment of a reassembled PDU]"
"36554","33.514638233","192.168.1.55","192.168.1.2","TCP","1514","8004  >  36200 [ACK] Seq=291238 Ack=141 Win=65024 Len=1448 TSval=2916037595 TSecr=3045557370 [TCP segment of a reassembled PDU]"
"36555","33.514639548","192.168.1.55","192.168.1.2","TCP","1514","8004  >  36200 [ACK] Seq=292686 Ack=141 Win=65024 Len=1448 TSval=2916037595 TSecr=3045557370 [TCP segment of a reassembled PDU]"
"36556","33.514640900","192.168.1.55","192.168.1.2","TCP","1514","8004  >  36200 [ACK] Seq=294134 Ack=141 Win=65024 Len=1448 TSval=2916037595 TSecr=3045557370 [TCP segment of a reassembled PDU]"
"36557","33.514641974","192.168.1.55","192.168.1.2","TCP","1514","8004  >  36200 [ACK] Seq=295582 Ack=141 Win=65024 Len=1448 TSval=2916037595 TSecr=3045557370 [TCP segment of a reassembled PDU]"
"36558","33.514643270","192.168.1.55","192.168.1.2","TCP","1514","8004  >  36200 [ACK] Seq=297030 Ack=141 Win=65024 Len=1448 TSval=2916037595 TSecr=3045557370 [TCP segment of a reassembled PDU]"
"36559","33.514644363","192.168.1.55","192.168.1.2","TCP","1514","8004  >  36200 [PSH, ACK] Seq=298478 Ack=141 Win=65024 Len=1448 TSval=2916037595 TSecr=3045557370 [TCP segment of a reassembled PDU]"
"36560","33.515156956","192.168.1.55","192.168.1.2","TCP","1514","8004  >  36200 [ACK] Seq=299926 Ack=141 Win=65024 Len=1448 TSval=2916037595 TSecr=3045557370 [TCP segment of a reassembled PDU]"
"36561","33.517828516","192.168.1.2","192.168.1.55","TCP","66","36200  >  8004 [ACK] Seq=141 Ack=281102 Win=75776 Len=0 TSval=3045557373 TSecr=2916037594"
"36562","33.517857016","192.168.1.55","192.168.1.2","TCP","1514","8004  >  36200 [ACK] Seq=301374 Ack=141 Win=65024 Len=1448 TSval=2916037598 TSecr=3045557373 [TCP segment of a reassembled PDU]"
"36563","33.517859979","192.168.1.55","192.168.1.2","TCP","1514","8004  >  36200 [ACK] Seq=302822 Ack=141 Win=65024 Len=1448 TSval=2916037598 TSecr=3045557373 [TCP segment of a reassembled PDU]"
"36564","33.517861849","192.168.1.55","192.168.1.2","TCP","1514","8004  >  36200 [ACK] Seq=304270 Ack=141 Win=65024 Len=1448 TSval=2916037598 TSecr=3045557373 [TCP segment of a reassembled PDU]"
"36565","33.517863627","192.168.1.55","192.168.1.2","TCP","1514","8004  >  36200 [ACK] Seq=305718 Ack=141 Win=65024 Len=1448 TSval=2916037598 TSecr=3045557373 [TCP segment of a reassembled PDU]"
"36566","33.517864997","192.168.1.55","192.168.1.2","TCP","1514","8004  >  36200 [PSH, ACK] Seq=307166 Ack=141 Win=65024 Len=1448 TSval=2916037598 TSecr=3045557373 [TCP segment of a reassembled PDU]"
"36567","33.518196516","192.168.1.2","192.168.1.55","TCP","66","36200  >  8004 [ACK] Seq=141 Ack=295582 Win=82944 Len=0 TSval=3045557373 TSecr=2916037595"
"36568","33.518254646","192.168.1.55","192.168.1.2","TCP","1514","8004  >  36200 [ACK] Seq=308614 Ack=141 Win=65024 Len=1448 TSval=2916037598 TSecr=3045557373 [TCP segment of a reassembled PDU]"
"36569","33.518259202","192.168.1.55","192.168.1.2","TCP","1514","8004  >  36200 [ACK] Seq=310062 Ack=141 Win=65024 Len=1448 TSval=2916037598 TSecr=3045557373 [TCP segment of a reassembled PDU]"
"36570","33.518260609","192.168.1.55","192.168.1.2","TCP","1514","8004  >  36200 [ACK] Seq=311510 Ack=141 Win=65024 Len=1448 TSval=2916037598 TSecr=3045557373 [TCP segment of a reassembled PDU]"
"36571","33.518262220","192.168.1.55","192.168.1.2","TCP","1514","8004  >  36200 [ACK] Seq=312958 Ack=141 Win=65024 Len=1448 TSval=2916037598 TSecr=3045557373 [TCP segment of a reassembled PDU]"
"36572","33.518264350","192.168.1.55","192.168.1.2","TCP","1514","8004  >  36200 [ACK] Seq=314406 Ack=141 Win=65024 Len=1448 TSval=2916037598 TSecr=3045557373 [TCP segment of a reassembled PDU]"
"36573","33.518265924","192.168.1.55","192.168.1.2","TCP","1514","8004  >  36200 [ACK] Seq=315854 Ack=141 Win=65024 Len=1448 TSval=2916037598 TSecr=3045557373 [TCP segment of a reassembled PDU]"
"36574","33.518267090","192.168.1.55","192.168.1.2","TCP","1514","8004  >  36200 [ACK] Seq=317302 Ack=141 Win=65024 Len=1448 TSval=2916037598 TSecr=3045557373 [TCP segment of a reassembled PDU]"
"36575","33.518268442","192.168.1.55","192.168.1.2","TCP","1514","8004  >  36200 [ACK] Seq=318750 Ack=141 Win=65024 Len=1448 TSval=2916037598 TSecr=3045557373 [TCP segment of a reassembled PDU]"
"36576","33.518269813","192.168.1.55","192.168.1.2","TCP","1514","8004  >  36200 [ACK] Seq=320198 Ack=141 Win=65024 Len=1448 TSval=2916037598 TSecr=3045557373 [TCP segment of a reassembled PDU]"
"36577","33.518271591","192.168.1.55","192.168.1.2","TCP","1514","8004  >  36200 [ACK] Seq=321646 Ack=141 Win=65024 Len=1448 TSval=2916037598 TSecr=3045557373 [TCP segment of a reassembled PDU]"
"36578","33.518273128","192.168.1.55","192.168.1.2","TCP","1514","8004  >  36200 [ACK] Seq=323094 Ack=141 Win=65024 Len=1448 TSval=2916037598 TSecr=3045557373 [TCP segment of a reassembled PDU]"
"36579","33.518275368","192.168.1.55","192.168.1.2","TCP","1514","8004  >  36200 [ACK] Seq=324542 Ack=141 Win=65024 Len=1448 TSval=2916037598 TSecr=3045557373 [TCP segment of a reassembled PDU]"
"36580","33.518277035","192.168.1.55","192.168.1.2","TCP","1514","8004  >  36200 [ACK] Seq=325990 Ack=141 Win=65024 Len=1448 TSval=2916037598 TSecr=3045557373 [TCP segment of a reassembled PDU]"
"36581","33.518278591","192.168.1.55","192.168.1.2","TCP","1514","8004  >  36200 [PSH, ACK] Seq=327438 Ack=141 Win=65024 Len=1448 TSval=2916037598 TSecr=3045557373 [TCP segment of a reassembled PDU]"
"36582","33.518285257","192.168.1.2","192.168.1.55","TCP","66","36200  >  8004 [ACK] Seq=141 Ack=299926 Win=78848 Len=0 TSval=3045557373 TSecr=2916037595"
"36583","33.521032317","192.168.1.2","192.168.1.55","TCP","66","36200  >  8004 [ACK] Seq=141 Ack=308614 Win=87040 Len=0 TSval=3045557377 TSecr=2916037595"
"36584","33.521058521","192.168.1.55","192.168.1.2","TCP","1514","8004  >  36200 [ACK] Seq=328886 Ack=141 Win=65024 Len=1448 TSval=2916037601 TSecr=3045557377 [TCP segment of a reassembled PDU]"
"36585","33.521061391","192.168.1.55","192.168.1.2","TCP","1514","8004  >  36200 [ACK] Seq=330334 Ack=141 Win=65024 Len=1448 TSval=2916037601 TSecr=3045557377 [TCP segment of a reassembled PDU]"
"36586","33.521062502","192.168.1.55","192.168.1.2","TCP","1514","8004  >  36200 [ACK] Seq=331782 Ack=141 Win=65024 Len=1448 TSval=2916037601 TSecr=3045557377 [TCP segment of a reassembled PDU]"
"36587","33.521063669","192.168.1.55","192.168.1.2","TCP","1514","8004  >  36200 [ACK] Seq=333230 Ack=141 Win=65024 Len=1448 TSval=2916037601 TSecr=3045557377 [TCP segment of a reassembled PDU]"
"36588","33.521064854","192.168.1.55","192.168.1.2","TCP","1514","8004  >  36200 [ACK] Seq=334678 Ack=141 Win=65024 Len=1448 TSval=2916037601 TSecr=3045557377 [TCP segment of a reassembled PDU]"
"36589","33.521066076","192.168.1.55","192.168.1.2","TCP","1514","8004  >  36200 [ACK] Seq=336126 Ack=141 Win=65024 Len=1448 TSval=2916037601 TSecr=3045557377 [TCP segment of a reassembled PDU]"
"36590","33.521067280","192.168.1.55","192.168.1.2","TCP","1514","8004  >  36200 [ACK] Seq=337574 Ack=141 Win=65024 Len=1448 TSval=2916037601 TSecr=3045557377 [TCP segment of a reassembled PDU]"
"36591","33.521068688","192.168.1.55","192.168.1.2","TCP","1514","8004  >  36200 [ACK] Seq=339022 Ack=141 Win=65024 Len=1448 TSval=2916037601 TSecr=3045557377 [TCP segment of a reassembled PDU]"
"36592","33.521069984","192.168.1.55","192.168.1.2","TCP","1514","8004  >  36200 [ACK] Seq=340470 Ack=141 Win=65024 Len=1448 TSval=2916037601 TSecr=3045557377 [TCP segment of a reassembled PDU]"
"36593","33.521071465","192.168.1.55","192.168.1.2","TCP","1514","8004  >  36200 [ACK] Seq=341918 Ack=141 Win=65024 Len=1448 TSval=2916037601 TSecr=3045557377 [TCP segment of a reassembled PDU]"
"36594","33.521072947","192.168.1.55","192.168.1.2","TCP","1514","8004  >  36200 [ACK] Seq=343366 Ack=141 Win=65024 Len=1448 TSval=2916037601 TSecr=3045557377 [TCP segment of a reassembled PDU]"
"36595","33.521074132","192.168.1.55","192.168.1.2","TCP","1514","8004  >  36200 [ACK] Seq=344814 Ack=141 Win=65024 Len=1448 TSval=2916037601 TSecr=3045557377 [TCP segment of a reassembled PDU]"
"36596","33.521075206","192.168.1.55","192.168.1.2","TCP","1514","8004  >  36200 [ACK] Seq=346262 Ack=141 Win=65024 Len=1448 TSval=2916037601 TSecr=3045557377 [TCP segment of a reassembled PDU]"
"36597","33.521076428","192.168.1.55","192.168.1.2","TCP","1514","8004  >  36200 [PSH, ACK] Seq=347710 Ack=141 Win=65024 Len=1448 TSval=2916037601 TSecr=3045557377 [TCP segment of a reassembled PDU]"
"36598","33.523122876","192.168.1.2","192.168.1.55","TCP","66","36200  >  8004 [ACK] Seq=141 Ack=324542 Win=71680 Len=0 TSval=3045557377 TSecr=2916037598"
"36599","33.523132487","192.168.1.55","192.168.1.2","TCP","1514","8004  >  36200 [ACK] Seq=349158 Ack=141 Win=65024 Len=1448 TSval=2916037603 TSecr=3045557377 [TCP segment of a reassembled PDU]"
"36600","33.523134580","192.168.1.55","192.168.1.2","TCP","1514","8004  >  36200 [ACK] Seq=350606 Ack=141 Win=65024 Len=1448 TSval=2916037603 TSecr=3045557377 [TCP segment of a reassembled PDU]"
"36601","33.523136098","192.168.1.55","192.168.1.2","TCP","1514","8004  >  36200 [ACK] Seq=352054 Ack=141 Win=65024 Len=1448 TSval=2916037603 TSecr=3045557377 [TCP segment of a reassembled PDU]"
"36602","33.523137524","192.168.1.55","192.168.1.2","TCP","1514","8004  >  36200 [PSH, ACK] Seq=353502 Ack=141 Win=65024 Len=1448 TSval=2916037603 TSecr=3045557377 [TCP segment of a reassembled PDU]"
"36603","33.523167246","192.168.1.2","192.168.1.55","TCP","66","36200  >  8004 [ACK] Seq=141 Ack=328886 Win=94208 Len=0 TSval=3045557378 TSecr=2916037598"
"36604","33.523189839","192.168.1.55","192.168.1.2","TCP","1514","8004  >  36200 [ACK] Seq=354950 Ack=141 Win=65024 Len=1448 TSval=2916037603 TSecr=3045557378 [TCP segment of a reassembled PDU]"
"36605","33.523191876","192.168.1.55","192.168.1.2","TCP","1514","8004  >  36200 [ACK] Seq=356398 Ack=141 Win=65024 Len=1448 TSval=2916037603 TSecr=3045557378 [TCP segment of a reassembled PDU]"
"36606","33.523193135","192.168.1.55","192.168.1.2","TCP","1514","8004  >  36200 [ACK] Seq=357846 Ack=141 Win=65024 Len=1448 TSval=2916037603 TSecr=3045557378 [TCP segment of a reassembled PDU]"
"36607","33.523195654","192.168.1.55","192.168.1.2","TCP","1514","8004  >  36200 [ACK] Seq=359294 Ack=141 Win=65024 Len=1448 TSval=2916037603 TSecr=3045557378 [TCP segment of a reassembled PDU]"
"36608","33.523197339","192.168.1.55","192.168.1.2","TCP","1514","8004  >  36200 [ACK] Seq=360742 Ack=141 Win=65024 Len=1448 TSval=2916037603 TSecr=3045557378 [TCP segment of a reassembled PDU]"
"36609","33.523198450","192.168.1.55","192.168.1.2","TCP","1514","8004  >  36200 [ACK] Seq=362190 Ack=141 Win=65024 Len=1448 TSval=2916037603 TSecr=3045557378 [TCP segment of a reassembled PDU]"
"36610","33.523199691","192.168.1.55","192.168.1.2","TCP","1514","8004  >  36200 [ACK] Seq=363638 Ack=141 Win=65024 Len=1448 TSval=2916037603 TSecr=3045557378 [TCP segment of a reassembled PDU]"
"36611","33.523200950","192.168.1.55","192.168.1.2","TCP","1514","8004  >  36200 [ACK] Seq=365086 Ack=141 Win=65024 Len=1448 TSval=2916037603 TSecr=3045557378 [TCP segment of a reassembled PDU]"
"36612","33.523202839","192.168.1.55","192.168.1.2","TCP","1514","8004  >  36200 [ACK] Seq=366534 Ack=141 Win=65024 Len=1448 TSval=2916037603 TSecr=3045557378 [TCP segment of a reassembled PDU]"
"36613","33.523204432","192.168.1.55","192.168.1.2","TCP","1514","8004  >  36200 [ACK] Seq=367982 Ack=141 Win=65024 Len=1448 TSval=2916037603 TSecr=3045557378 [TCP segment of a reassembled PDU]"
"36614","33.523206043","192.168.1.55","192.168.1.2","TCP","1514","8004  >  36200 [PSH, ACK] Seq=369430 Ack=141 Win=65024 Len=1448 TSval=2916037603 TSecr=3045557378 [TCP segment of a reassembled PDU]"
"36615","33.526018251","192.168.1.2","192.168.1.55","TCP","66","36200  >  8004 [ACK] Seq=141 Ack=347710 Win=75776 Len=0 TSval=3045557380 TSecr=2916037601"
"36616","33.526037029","192.168.1.55","192.168.1.2","TCP","1514","8004  >  36200 [ACK] Seq=370878 Ack=141 Win=65024 Len=1448 TSval=2916037606 TSecr=3045557380 [TCP segment of a reassembled PDU]"
"36617","33.526039381","192.168.1.55","192.168.1.2","TCP","1514","8004  >  36200 [ACK] Seq=372326 Ack=141 Win=65024 Len=1448 TSval=2916037606 TSecr=3045557380 [TCP segment of a reassembled PDU]"
"36618","33.526040658","192.168.1.55","192.168.1.2","TCP","1514","8004  >  36200 [ACK] Seq=373774 Ack=141 Win=65024 Len=1448 TSval=2916037606 TSecr=3045557380 [TCP segment of a reassembled PDU]"
"36619","33.526042010","192.168.1.55","192.168.1.2","TCP","1514","8004  >  36200 [ACK] Seq=375222 Ack=141 Win=65024 Len=1448 TSval=2916037606 TSecr=3045557380 [TCP segment of a reassembled PDU]"
"36620","33.526043344","192.168.1.55","192.168.1.2","TCP","1514","8004  >  36200 [ACK] Seq=376670 Ack=141 Win=65024 Len=1448 TSval=2916037606 TSecr=3045557380 [TCP segment of a reassembled PDU]"
"36621","33.526044825","192.168.1.55","192.168.1.2","TCP","1514","8004  >  36200 [ACK] Seq=378118 Ack=141 Win=65024 Len=1448 TSval=2916037606 TSecr=3045557380 [TCP segment of a reassembled PDU]"
"36622","33.526046121","192.168.1.55","192.168.1.2","TCP","1514","8004  >  36200 [ACK] Seq=379566 Ack=141 Win=65024 Len=1448 TSval=2916037606 TSecr=3045557380 [TCP segment of a reassembled PDU]"
"36623","33.526047381","192.168.1.55","192.168.1.2","TCP","1514","8004  >  36200 [ACK] Seq=381014 Ack=141 Win=65024 Len=1448 TSval=2916037606 TSecr=3045557380 [TCP segment of a reassembled PDU]"
"36624","33.526048844","192.168.1.55","192.168.1.2","TCP","1514","8004  >  36200 [ACK] Seq=382462 Ack=141 Win=65024 Len=1448 TSval=2916037606 TSecr=3045557380 [TCP segment of a reassembled PDU]"
"36625","33.526050399","192.168.1.55","192.168.1.2","TCP","1514","8004  >  36200 [ACK] Seq=383910 Ack=141 Win=65024 Len=1448 TSval=2916037606 TSecr=3045557380 [TCP segment of a reassembled PDU]"
"36626","33.526052029","192.168.1.55","192.168.1.2","TCP","1514","8004  >  36200 [ACK] Seq=385358 Ack=141 Win=65024 Len=1448 TSval=2916037606 TSecr=3045557380 [TCP segment of a reassembled PDU]"
"36627","33.526053344","192.168.1.55","192.168.1.2","TCP","1514","8004  >  36200 [ACK] Seq=386806 Ack=141 Win=65024 Len=1448 TSval=2916037606 TSecr=3045557380 [TCP segment of a reassembled PDU]"
"36628","33.526054770","192.168.1.55","192.168.1.2","TCP","1514","8004  >  36200 [ACK] Seq=388254 Ack=141 Win=65024 Len=1448 TSval=2916037606 TSecr=3045557380 [TCP segment of a reassembled PDU]"
"36629","33.526056140","192.168.1.55","192.168.1.2","TCP","1514","8004  >  36200 [PSH, ACK] Seq=389702 Ack=141 Win=65024 Len=1448 TSval=2916037606 TSecr=3045557380 [TCP segment of a reassembled PDU]"
"36630","33.527434846","192.168.1.2","192.168.1.55","TCP","66","36200  >  8004 [ACK] Seq=141 Ack=354950 Win=87040 Len=0 TSval=3045557382 TSecr=2916037601"
"36631","33.527449957","192.168.1.55","192.168.1.2","TCP","1514","8004  >  36200 [ACK] Seq=391150 Ack=141 Win=65024 Len=1448 TSval=2916037608 TSecr=3045557382 [TCP segment of a reassembled PDU]"
"36632","33.527452512","192.168.1.55","192.168.1.2","TCP","1514","8004  >  36200 [ACK] Seq=392598 Ack=141 Win=65024 Len=1448 TSval=2916037608 TSecr=3045557382 [TCP segment of a reassembled PDU]"
"36633","33.527453809","192.168.1.55","192.168.1.2","TCP","1514","8004  >  36200 [ACK] Seq=394046 Ack=141 Win=65024 Len=1448 TSval=2916037608 TSecr=3045557382 [TCP segment of a reassembled PDU]"
"36634","33.527455087","192.168.1.55","192.168.1.2","TCP","1514","8004  >  36200 [ACK] Seq=395494 Ack=141 Win=65024 Len=1448 TSval=2916037608 TSecr=3045557382 [TCP segment of a reassembled PDU]"
"36635","33.527456605","192.168.1.55","192.168.1.2","TCP","1514","8004  >  36200 [PSH, ACK] Seq=396942 Ack=141 Win=65024 Len=1448 TSval=2916037608 TSecr=3045557382 [TCP segment of a reassembled PDU]"
"36636","33.527499679","192.168.1.2","192.168.1.55","TCP","66","36200  >  8004 [ACK] Seq=141 Ack=362190 Win=79872 Len=0 TSval=3045557382 TSecr=2916037603"
"36637","33.527509716","192.168.1.55","192.168.1.2","TCP","1514","8004  >  36200 [ACK] Seq=398390 Ack=141 Win=65024 Len=1448 TSval=2916037608 TSecr=3045557382 [TCP segment of a reassembled PDU]"
"36638","33.527511364","192.168.1.55","192.168.1.2","TCP","1514","8004  >  36200 [PSH, ACK] Seq=399838 Ack=141 Win=65024 Len=1448 TSval=2916037608 TSecr=3045557382 [TCP segment of a reassembled PDU]"
"36639","33.529170886","192.168.1.2","192.168.1.55","TCP","66","36200  >  8004 [ACK] Seq=141 Ack=370878 Win=83968 Len=0 TSval=3045557383 TSecr=2916037603"
"36640","33.529187126","192.168.1.55","192.168.1.2","TCP","1514","8004  >  36200 [ACK] Seq=401286 Ack=141 Win=65024 Len=1448 TSval=2916037609 TSecr=3045557383 [TCP segment of a reassembled PDU]"
"36641","33.529189367","192.168.1.55","192.168.1.2","TCP","1514","8004  >  36200 [ACK] Seq=402734 Ack=141 Win=65024 Len=1448 TSval=2916037609 TSecr=3045557383 [TCP segment of a reassembled PDU]"
"36642","33.529191312","192.168.1.55","192.168.1.2","TCP","1514","8004  >  36200 [ACK] Seq=404182 Ack=141 Win=65024 Len=1448 TSval=2916037609 TSecr=3045557383 [TCP segment of a reassembled PDU]"
"36643","33.529192812","192.168.1.55","192.168.1.2","TCP","1514","8004  >  36200 [ACK] Seq=405630 Ack=141 Win=65024 Len=1448 TSval=2916037609 TSecr=3045557383 [TCP segment of a reassembled PDU]"
"36644","33.529194237","192.168.1.55","192.168.1.2","TCP","1514","8004  >  36200 [ACK] Seq=407078 Ack=141 Win=65024 Len=1448 TSval=2916037609 TSecr=3045557383 [TCP segment of a reassembled PDU]"
"36645","33.529195552","192.168.1.55","192.168.1.2","TCP","1514","8004  >  36200 [ACK] Seq=408526 Ack=141 Win=65024 Len=1448 TSval=2916037609 TSecr=3045557383 [TCP segment of a reassembled PDU]"
"36646","33.529196867","192.168.1.55","192.168.1.2","TCP","1514","8004  >  36200 [ACK] Seq=409974 Ack=141 Win=65024 Len=1448 TSval=2916037609 TSecr=3045557383 [TCP segment of a reassembled PDU]"
"36647","33.529198237","192.168.1.55","192.168.1.2","TCP","1514","8004  >  36200 [ACK] Seq=411422 Ack=141 Win=65024 Len=1448 TSval=2916037609 TSecr=3045557383 [TCP segment of a reassembled PDU]"
"36648","33.529199552","192.168.1.55","192.168.1.2","TCP","1514","8004  >  36200 [ACK] Seq=412870 Ack=141 Win=65024 Len=1448 TSval=2916037609 TSecr=3045557383 [TCP segment of a reassembled PDU]"
"36649","33.529201219","192.168.1.55","192.168.1.2","TCP","1514","8004  >  36200 [PSH, ACK] Seq=414318 Ack=141 Win=65024 Len=1448 TSval=2916037609 TSecr=3045557383 [TCP segment of a reassembled PDU]"
"36650","33.529650720","192.168.1.2","192.168.1.55","TCP","66","36200  >  8004 [ACK] Seq=141 Ack=385358 Win=78848 Len=0 TSval=3045557385 TSecr=2916037606"
"36651","33.532307039","192.168.1.2","192.168.1.55","TCP","66","36200  >  8004 [ACK] Seq=141 Ack=391150 Win=91136 Len=0 TSval=3045557386 TSecr=2916037606"
"36652","33.532326520","192.168.1.55","192.168.1.2","TCP","1514","8004  >  36200 [ACK] Seq=415766 Ack=141 Win=65024 Len=1448 TSval=2916037613 TSecr=3045557386 [TCP segment of a reassembled PDU]"
"36653","33.532328742","192.168.1.55","192.168.1.2","TCP","1514","8004  >  36200 [ACK] Seq=417214 Ack=141 Win=65024 Len=1448 TSval=2916037613 TSecr=3045557386 [TCP segment of a reassembled PDU]"
"36654","33.532330205","192.168.1.55","192.168.1.2","TCP","1514","8004  >  36200 [ACK] Seq=418662 Ack=141 Win=65024 Len=1448 TSval=2916037613 TSecr=3045557386 [TCP segment of a reassembled PDU]"
"36655","33.532331928","192.168.1.55","192.168.1.2","TCP","1514","8004  >  36200 [ACK] Seq=420110 Ack=141 Win=65024 Len=1448 TSval=2916037613 TSecr=3045557386 [TCP segment of a reassembled PDU]"
"36656","33.532333557","192.168.1.55","192.168.1.2","TCP","1514","8004  >  36200 [ACK] Seq=421558 Ack=141 Win=65024 Len=1448 TSval=2916037613 TSecr=3045557386 [TCP segment of a reassembled PDU]"
"36657","33.532334983","192.168.1.55","192.168.1.2","TCP","1514","8004  >  36200 [ACK] Seq=423006 Ack=141 Win=65024 Len=1448 TSval=2916037613 TSecr=3045557386 [TCP segment of a reassembled PDU]"
"36658","33.532336391","192.168.1.55","192.168.1.2","TCP","1514","8004  >  36200 [ACK] Seq=424454 Ack=141 Win=65024 Len=1448 TSval=2916037613 TSecr=3045557386 [TCP segment of a reassembled PDU]"
"36659","33.532337761","192.168.1.55","192.168.1.2","TCP","1514","8004  >  36200 [ACK] Seq=425902 Ack=141 Win=65024 Len=1448 TSval=2916037613 TSecr=3045557386 [TCP segment of a reassembled PDU]"
"36660","33.532339076","192.168.1.55","192.168.1.2","TCP","1514","8004  >  36200 [ACK] Seq=427350 Ack=141 Win=65024 Len=1448 TSval=2916037613 TSecr=3045557386 [TCP segment of a reassembled PDU]"
"36661","33.532340428","192.168.1.55","192.168.1.2","TCP","1514","8004  >  36200 [ACK] Seq=428798 Ack=141 Win=65024 Len=1448 TSval=2916037613 TSecr=3045557386 [TCP segment of a reassembled PDU]"
"36662","33.532341724","192.168.1.55","192.168.1.2","TCP","1514","8004  >  36200 [ACK] Seq=430246 Ack=141 Win=65024 Len=1448 TSval=2916037613 TSecr=3045557386 [TCP segment of a reassembled PDU]"
"36663","33.532343039","192.168.1.55","192.168.1.2","TCP","1514","8004  >  36200 [ACK] Seq=431694 Ack=141 Win=65024 Len=1448 TSval=2916037613 TSecr=3045557386 [TCP segment of a reassembled PDU]"
"36664","33.532344428","192.168.1.55","192.168.1.2","TCP","1514","8004  >  36200 [ACK] Seq=433142 Ack=141 Win=65024 Len=1448 TSval=2916037613 TSecr=3045557386 [TCP segment of a reassembled PDU]"
"36665","33.532345780","192.168.1.55","192.168.1.2","TCP","1514","8004  >  36200 [ACK] Seq=434590 Ack=141 Win=65024 Len=1448 TSval=2916037613 TSecr=3045557386 [TCP segment of a reassembled PDU]"
"36666","33.532347168","192.168.1.55","192.168.1.2","TCP","1514","8004  >  36200 [PSH, ACK] Seq=436038 Ack=141 Win=65024 Len=1448 TSval=2916037613 TSecr=3045557386 [TCP segment of a reassembled PDU]"
"36667","33.532975595","192.168.1.2","192.168.1.55","TCP","66","36200  >  8004 [ACK] Seq=141 Ack=415766 Win=70656 Len=0 TSval=3045557388 TSecr=2916037608"
"36668","33.532991503","192.168.1.55","192.168.1.2","TCP","1514","8004  >  36200 [ACK] Seq=437486 Ack=141 Win=65024 Len=1448 TSval=2916037613 TSecr=3045557388 [TCP segment of a reassembled PDU]"
"36669","33.532993595","192.168.1.55","192.168.1.2","TCP","1514","8004  >  36200 [ACK] Seq=438934 Ack=141 Win=65024 Len=1448 TSval=2916037613 TSecr=3045557388 [TCP segment of a reassembled PDU]"
"36670","33.532994929","192.168.1.55","192.168.1.2","TCP","1514","8004  >  36200 [ACK] Seq=440382 Ack=141 Win=65024 Len=1448 TSval=2916037613 TSecr=3045557388 [TCP segment of a reassembled PDU]"
"36671","33.532996206","192.168.1.55","192.168.1.2","TCP","1514","8004  >  36200 [ACK] Seq=441830 Ack=141 Win=65024 Len=1448 TSval=2916037613 TSecr=3045557388 [TCP segment of a reassembled PDU]"
"36672","33.532997503","192.168.1.55","192.168.1.2","TCP","1514","8004  >  36200 [ACK] Seq=443278 Ack=141 Win=65024 Len=1448 TSval=2916037613 TSecr=3045557388 [TCP segment of a reassembled PDU]"
"36673","33.532998781","192.168.1.55","192.168.1.2","TCP","1514","8004  >  36200 [ACK] Seq=444726 Ack=141 Win=65024 Len=1448 TSval=2916037613 TSecr=3045557388 [TCP segment of a reassembled PDU]"
"36674","33.533000058","192.168.1.55","192.168.1.2","TCP","1514","8004  >  36200 [PSH, ACK] Seq=446174 Ack=141 Win=65024 Len=1448 TSval=2916037613 TSecr=3045557388 [TCP segment of a reassembled PDU]"
"36675","33.533012207","192.168.1.55","192.168.1.2","TCP","1514","8004  >  36200 [ACK] Seq=447622 Ack=141 Win=65024 Len=1448 TSval=2916037613 TSecr=3045557388 [TCP segment of a reassembled PDU]"
"36676","33.533013540","192.168.1.55","192.168.1.2","TCP","1514","8004  >  36200 [ACK] Seq=449070 Ack=141 Win=65024 Len=1448 TSval=2916037613 TSecr=3045557388 [TCP segment of a reassembled PDU]"
"36677","33.533014855","192.168.1.55","192.168.1.2","TCP","1514","8004  >  36200 [ACK] Seq=450518 Ack=141 Win=65024 Len=1448 TSval=2916037613 TSecr=3045557388 [TCP segment of a reassembled PDU]"
"36678","33.533016281","192.168.1.55","192.168.1.2","TCP","1514","8004  >  36200 [ACK] Seq=451966 Ack=141 Win=65024 Len=1448 TSval=2916037613 TSecr=3045557388 [TCP segment of a reassembled PDU]"
"36679","33.533017632","192.168.1.55","192.168.1.2","TCP","1514","8004  >  36200 [ACK] Seq=453414 Ack=141 Win=65024 Len=1448 TSval=2916037613 TSecr=3045557388 [TCP segment of a reassembled PDU]"
"36680","33.533019003","192.168.1.55","192.168.1.2","TCP","1514","8004  >  36200 [ACK] Seq=454862 Ack=141 Win=65024 Len=1448 TSval=2916037613 TSecr=3045557388 [TCP segment of a reassembled PDU]"
"36681","33.533020429","192.168.1.55","192.168.1.2","TCP","1514","8004  >  36200 [ACK] Seq=456310 Ack=141 Win=65024 Len=1448 TSval=2916037613 TSecr=3045557388 [TCP segment of a reassembled PDU]"
"36682","33.533021725","192.168.1.55","192.168.1.2","TCP","1514","8004  >  36200 [ACK] Seq=457758 Ack=141 Win=65024 Len=1448 TSval=2916037613 TSecr=3045557388 [TCP segment of a reassembled PDU]"
"36683","33.533023151","192.168.1.55","192.168.1.2","TCP","1514","8004  >  36200 [ACK] Seq=459206 Ack=141 Win=65024 Len=1448 TSval=2916037613 TSecr=3045557388 [TCP segment of a reassembled PDU]"
"36684","33.533024744","192.168.1.55","192.168.1.2","TCP","1514","8004  >  36200 [PSH, ACK] Seq=460654 Ack=141 Win=65024 Len=1448 TSval=2916037613 TSecr=3045557388 [TCP segment of a reassembled PDU]"
"36685","33.536323786","192.168.1.2","192.168.1.55","TCP","66","36200  >  8004 [ACK] Seq=141 Ack=437486 Win=73728 Len=0 TSval=3045557391 TSecr=2916037613"
"36686","33.536356323","192.168.1.55","192.168.1.2","TCP","1514","8004  >  36200 [ACK] Seq=462102 Ack=141 Win=65024 Len=1448 TSval=2916037617 TSecr=3045557391 [TCP segment of a reassembled PDU]"
"36687","33.536359490","192.168.1.55","192.168.1.2","TCP","1514","8004  >  36200 [ACK] Seq=463550 Ack=141 Win=65024 Len=1448 TSval=2916037617 TSecr=3045557391 [TCP segment of a reassembled PDU]"
"36688","33.536360934","192.168.1.55","192.168.1.2","TCP","1514","8004  >  36200 [ACK] Seq=464998 Ack=141 Win=65024 Len=1448 TSval=2916037617 TSecr=3045557391 [TCP segment of a reassembled PDU]"
"36689","33.536362416","192.168.1.55","192.168.1.2","TCP","1514","8004  >  36200 [ACK] Seq=466446 Ack=141 Win=65024 Len=1448 TSval=2916037617 TSecr=3045557391 [TCP segment of a reassembled PDU]"
"36690","33.536363786","192.168.1.55","192.168.1.2","TCP","1514","8004  >  36200 [ACK] Seq=467894 Ack=141 Win=65024 Len=1448 TSval=2916037617 TSecr=3045557391 [TCP segment of a reassembled PDU]"
"36691","33.536365101","192.168.1.55","192.168.1.2","TCP","1514","8004  >  36200 [ACK] Seq=469342 Ack=141 Win=65024 Len=1448 TSval=2916037617 TSecr=3045557391 [TCP segment of a reassembled PDU]"
"36692","33.536371656","192.168.1.55","192.168.1.2","TCP","1514","8004  >  36200 [ACK] Seq=470790 Ack=141 Win=65024 Len=1448 TSval=2916037617 TSecr=3045557391 [TCP segment of a reassembled PDU]"
"36693","33.536373323","192.168.1.55","192.168.1.2","TCP","1514","8004  >  36200 [ACK] Seq=472238 Ack=141 Win=65024 Len=1448 TSval=2916037617 TSecr=3045557391 [TCP segment of a reassembled PDU]"
"36694","33.536374730","192.168.1.55","192.168.1.2","TCP","1514","8004  >  36200 [ACK] Seq=473686 Ack=141 Win=65024 Len=1448 TSval=2916037617 TSecr=3045557391 [TCP segment of a reassembled PDU]"
"36695","33.536376416","192.168.1.55","192.168.1.2","TCP","1514","8004  >  36200 [ACK] Seq=475134 Ack=141 Win=65024 Len=1448 TSval=2916037617 TSecr=3045557391 [TCP segment of a reassembled PDU]"
"36696","33.536377749","192.168.1.55","192.168.1.2","TCP","1514","8004  >  36200 [ACK] Seq=476582 Ack=141 Win=65024 Len=1448 TSval=2916037617 TSecr=3045557391 [TCP segment of a reassembled PDU]"
"36697","33.536379193","192.168.1.55","192.168.1.2","TCP","1514","8004  >  36200 [ACK] Seq=478030 Ack=141 Win=65024 Len=1448 TSval=2916037617 TSecr=3045557391 [TCP segment of a reassembled PDU]"
"36698","33.536380490","192.168.1.55","192.168.1.2","TCP","1514","8004  >  36200 [ACK] Seq=479478 Ack=141 Win=65024 Len=1448 TSval=2916037617 TSecr=3045557391 [TCP segment of a reassembled PDU]"
"36699","33.536381860","192.168.1.55","192.168.1.2","TCP","1514","8004  >  36200 [ACK] Seq=480926 Ack=141 Win=65024 Len=1448 TSval=2916037617 TSecr=3045557391 [TCP segment of a reassembled PDU]"
"36700","33.536383138","192.168.1.55","192.168.1.2","TCP","1514","8004  >  36200 [ACK] Seq=482374 Ack=141 Win=65024 Len=1448 TSval=2916037617 TSecr=3045557391 [TCP segment of a reassembled PDU]"
"36701","33.536384453","192.168.1.55","192.168.1.2","TCP","1514","8004  >  36200 [PSH, ACK] Seq=483822 Ack=141 Win=65024 Len=1448 TSval=2916037617 TSecr=3045557391 [TCP segment of a reassembled PDU]"
"36702","33.536445193","192.168.1.2","192.168.1.55","TCP","66","36200  >  8004 [ACK] Seq=141 Ack=447622 Win=64512 Len=0 TSval=3045557391 TSecr=2916037613"
"36703","33.536453842","192.168.1.2","192.168.1.55","TCP","66","36200  >  8004 [ACK] Seq=141 Ack=453414 Win=59392 Len=0 TSval=3045557391 TSecr=2916037613"
"36704","33.537072157","192.168.1.55","192.168.1.2","TCP","1514","8004  >  36200 [ACK] Seq=485270 Ack=141 Win=65024 Len=1448 TSval=2916037617 TSecr=3045557391 [TCP segment of a reassembled PDU]"
"36705","33.537074194","192.168.1.55","192.168.1.2","TCP","1514","8004  >  36200 [ACK] Seq=486718 Ack=141 Win=65024 Len=1448 TSval=2916037617 TSecr=3045557391 [TCP segment of a reassembled PDU]"
"36706","33.537075583","192.168.1.55","192.168.1.2","TCP","1514","8004  >  36200 [ACK] Seq=488166 Ack=141 Win=65024 Len=1448 TSval=2916037617 TSecr=3045557391 [TCP segment of a reassembled PDU]"
"36707","33.537076861","192.168.1.55","192.168.1.2","TCP","1514","8004  >  36200 [ACK] Seq=489614 Ack=141 Win=65024 Len=1448 TSval=2916037617 TSecr=3045557391 [TCP segment of a reassembled PDU]"
"36708","33.537078306","192.168.1.55","192.168.1.2","TCP","1514","8004  >  36200 [ACK] Seq=491062 Ack=141 Win=65024 Len=1448 TSval=2916037617 TSecr=3045557391 [TCP segment of a reassembled PDU]"
"36709","33.537079657","192.168.1.55","192.168.1.2","TCP","1514","8004  >  36200 [PSH, ACK] Seq=492510 Ack=141 Win=65024 Len=1448 TSval=2916037617 TSecr=3045557391 [TCP segment of a reassembled PDU]"
"36710","33.537089639","192.168.1.55","192.168.1.2","TCP","1514","8004  >  36200 [ACK] Seq=493958 Ack=141 Win=65024 Len=1448 TSval=2916037617 TSecr=3045557391 [TCP segment of a reassembled PDU]"
"36711","33.537091194","192.168.1.55","192.168.1.2","TCP","1514","8004  >  36200 [ACK] Seq=495406 Ack=141 Win=65024 Len=1448 TSval=2916037617 TSecr=3045557391 [TCP segment of a reassembled PDU]"
"36712","33.537092546","192.168.1.55","192.168.1.2","TCP","1514","8004  >  36200 [ACK] Seq=496854 Ack=141 Win=65024 Len=1448 TSval=2916037617 TSecr=3045557391 [TCP segment of a reassembled PDU]"
"36713","33.537093843","192.168.1.55","192.168.1.2","HTTP","1472","HTTP/1.0 200 OK  (PNG)"
"36714","33.537131806","192.168.1.2","192.168.1.55","TCP","66","36200  >  8004 [ACK] Seq=141 Ack=462102 Win=83968 Len=0 TSval=3045557392 TSecr=2916037613"
"36715","33.540036384","192.168.1.2","192.168.1.55","TCP","66","36200  >  8004 [ACK] Seq=141 Ack=498302 Win=59392 Len=0 TSval=3045557395 TSecr=2916037617"
"36716","33.541476498","192.168.1.2","192.168.1.55","TCP","66","36200  >  8004 [FIN, ACK] Seq=141 Ack=499709 Win=94208 Len=0 TSval=3045557396 TSecr=2916037617"
"36717","33.541489553","192.168.1.55","192.168.1.2","TCP","66","8004  >  36200 [ACK] Seq=499709 Ack=142 Win=65024 Len=0 TSval=2916037622 TSecr=3045557396"
"36718","33.541602276","192.168.1.2","192.168.1.55","TCP","74","36216  >  8004 [SYN] Seq=0 Win=64240 Len=0 MSS=1460 SACK_PERM TSval=3045557396 TSecr=0 WS=1024"
"36719","33.541627054","192.168.1.55","192.168.1.2","TCP","74","8004  >  36216 [SYN, ACK] Seq=0 Ack=1 Win=65160 Len=0 MSS=1460 SACK_PERM TSval=2916037622 TSecr=3045557396 WS=128"
"36720","33.544810633","192.168.1.2","192.168.1.55","TCP","66","36216  >  8004 [ACK] Seq=1 Ack=1 Win=64512 Len=0 TSval=3045557399 TSecr=2916037622"
"36721","33.548037397","192.168.1.2","192.168.1.55","HTTP","209","GET /original_benchmark.png HTTP/1.1 "
"36722","33.548047582","192.168.1.55","192.168.1.2","TCP","66","8004  >  36216 [ACK] Seq=1 Ack=144 Win=65024 Len=0 TSval=2916037628 TSecr=3045557399"
"36723","33.548530842","192.168.1.55","192.168.1.2","TCP","255","8004  >  36216 [PSH, ACK] Seq=1 Ack=144 Win=65024 Len=189 TSval=2916037629 TSecr=3045557399 [TCP segment of a reassembled PDU]"
"36724","33.548612991","192.168.1.55","192.168.1.2","TCP","1514","8004  >  36216 [ACK] Seq=190 Ack=144 Win=65024 Len=1448 TSval=2916037629 TSecr=3045557399 [TCP segment of a reassembled PDU]"
"36725","33.548617842","192.168.1.55","192.168.1.2","TCP","1514","8004  >  36216 [ACK] Seq=1638 Ack=144 Win=65024 Len=1448 TSval=2916037629 TSecr=3045557399 [TCP segment of a reassembled PDU]"
"36726","33.548619250","192.168.1.55","192.168.1.2","TCP","1514","8004  >  36216 [ACK] Seq=3086 Ack=144 Win=65024 Len=1448 TSval=2916037629 TSecr=3045557399 [TCP segment of a reassembled PDU]"
"36727","33.548620657","192.168.1.55","192.168.1.2","TCP","1514","8004  >  36216 [ACK] Seq=4534 Ack=144 Win=65024 Len=1448 TSval=2916037629 TSecr=3045557399 [TCP segment of a reassembled PDU]"
"36728","33.548622454","192.168.1.55","192.168.1.2","TCP","1514","8004  >  36216 [PSH, ACK] Seq=5982 Ack=144 Win=65024 Len=1448 TSval=2916037629 TSecr=3045557399 [TCP segment of a reassembled PDU]"
"36729","33.548636583","192.168.1.55","192.168.1.2","TCP","1514","8004  >  36216 [ACK] Seq=7430 Ack=144 Win=65024 Len=1448 TSval=2916037629 TSecr=3045557399 [TCP segment of a reassembled PDU]"
"36730","33.548638416","192.168.1.55","192.168.1.2","TCP","1514","8004  >  36216 [ACK] Seq=8878 Ack=144 Win=65024 Len=1448 TSval=2916037629 TSecr=3045557399 [TCP segment of a reassembled PDU]"
"36731","33.548639713","192.168.1.55","192.168.1.2","TCP","1514","8004  >  36216 [ACK] Seq=10326 Ack=144 Win=65024 Len=1448 TSval=2916037629 TSecr=3045557399 [TCP segment of a reassembled PDU]"
"36732","33.548641046","192.168.1.55","192.168.1.2","TCP","1514","8004  >  36216 [PSH, ACK] Seq=11774 Ack=144 Win=65024 Len=1448 TSval=2916037629 TSecr=3045557399 [TCP segment of a reassembled PDU]"
"36733","33.553270072","192.168.1.2","192.168.1.55","TCP","66","36216  >  8004 [ACK] Seq=144 Ack=190 Win=64512 Len=0 TSval=3045557406 TSecr=2916037629"
"36734","33.553376831","192.168.1.55","192.168.1.2","TCP","1514","8004  >  36216 [ACK] Seq=13222 Ack=144 Win=65024 Len=1448 TSval=2916037634 TSecr=3045557406 [TCP segment of a reassembled PDU]"
"36735","33.553390998","192.168.1.55","192.168.1.2","TCP","1514","8004  >  36216 [PSH, ACK] Seq=14670 Ack=144 Win=65024 Len=1448 TSval=2916037634 TSecr=3045557406 [TCP segment of a reassembled PDU]"
"36736","33.553454165","192.168.1.2","192.168.1.55","TCP","66","36216  >  8004 [ACK] Seq=144 Ack=5982 Win=76800 Len=0 TSval=3045557406 TSecr=2916037629"
"36737","33.553501943","192.168.1.55","192.168.1.2","TCP","1514","8004  >  36216 [ACK] Seq=16118 Ack=144 Win=65024 Len=1448 TSval=2916037634 TSecr=3045557406 [TCP segment of a reassembled PDU]"
"36738","33.553506461","192.168.1.55","192.168.1.2","TCP","1514","8004  >  36216 [ACK] Seq=17566 Ack=144 Win=65024 Len=1448 TSval=2916037634 TSecr=3045557406 [TCP segment of a reassembled PDU]"
"36739","33.553508387","192.168.1.55","192.168.1.2","TCP","1514","8004  >  36216 [ACK] Seq=19014 Ack=144 Win=65024 Len=1448 TSval=2916037634 TSecr=3045557406 [TCP segment of a reassembled PDU]"
"36740","33.553510035","192.168.1.55","192.168.1.2","TCP","1514","8004  >  36216 [ACK] Seq=20462 Ack=144 Win=65024 Len=1448 TSval=2916037634 TSecr=3045557406 [TCP segment of a reassembled PDU]"
"36741","33.553511813","192.168.1.55","192.168.1.2","TCP","1514","8004  >  36216 [ACK] Seq=21910 Ack=144 Win=65024 Len=1448 TSval=2916037634 TSecr=3045557406 [TCP segment of a reassembled PDU]"
"36742","33.553513758","192.168.1.55","192.168.1.2","TCP","1514","8004  >  36216 [ACK] Seq=23358 Ack=144 Win=65024 Len=1448 TSval=2916037634 TSecr=3045557406 [TCP segment of a reassembled PDU]"
"36743","33.553515461","192.168.1.55","192.168.1.2","TCP","1514","8004  >  36216 [PSH, ACK] Seq=24806 Ack=144 Win=65024 Len=1448 TSval=2916037634 TSecr=3045557406 [TCP segment of a reassembled PDU]"
"36744","33.554671796","192.168.1.2","192.168.1.55","TCP","66","36216  >  8004 [ACK] Seq=144 Ack=7430 Win=79872 Len=0 TSval=3045557409 TSecr=2916037629"
"36745","33.554696148","192.168.1.55","192.168.1.2","TCP","1514","8004  >  36216 [ACK] Seq=26254 Ack=144 Win=65024 Len=1448 TSval=2916037635 TSecr=3045557409 [TCP segment of a reassembled PDU]"
"36746","33.554699463","192.168.1.55","192.168.1.2","TCP","1514","8004  >  36216 [ACK] Seq=27702 Ack=144 Win=65024 Len=1448 TSval=2916037635 TSecr=3045557409 [TCP segment of a reassembled PDU]"
"36747","33.554700963","192.168.1.55","192.168.1.2","TCP","1514","8004  >  36216 [PSH, ACK] Seq=29150 Ack=144 Win=65024 Len=1448 TSval=2916037635 TSecr=3045557409 [TCP segment of a reassembled PDU]"
"36748","33.554795648","192.168.1.2","192.168.1.55","TCP","66","36216  >  8004 [ACK] Seq=144 Ack=8878 Win=81920 Len=0 TSval=3045557409 TSecr=2916037629"
"36749","33.554803074","192.168.1.2","192.168.1.55","TCP","66","36216  >  8004 [ACK] Seq=144 Ack=13222 Win=90112 Len=0 TSval=3045557409 TSecr=2916037629"
"36750","33.554824093","192.168.1.55","192.168.1.2","TCP","1514","8004  >  36216 [ACK] Seq=30598 Ack=144 Win=65024 Len=1448 TSval=2916037635 TSecr=3045557409 [TCP segment of a reassembled PDU]"
"36751","33.554826760","192.168.1.55","192.168.1.2","TCP","1514","8004  >  36216 [ACK] Seq=32046 Ack=144 Win=65024 Len=1448 TSval=2916037635 TSecr=3045557409 [TCP segment of a reassembled PDU]"
"36752","33.554828019","192.168.1.55","192.168.1.2","TCP","1514","8004  >  36216 [ACK] Seq=33494 Ack=144 Win=65024 Len=1448 TSval=2916037635 TSecr=3045557409 [TCP segment of a reassembled PDU]"
"36753","33.554829334","192.168.1.55","192.168.1.2","TCP","1514","8004  >  36216 [ACK] Seq=34942 Ack=144 Win=65024 Len=1448 TSval=2916037635 TSecr=3045557409 [TCP segment of a reassembled PDU]"
"36754","33.554830815","192.168.1.55","192.168.1.2","TCP","1514","8004  >  36216 [ACK] Seq=36390 Ack=144 Win=65024 Len=1448 TSval=2916037635 TSecr=3045557409 [TCP segment of a reassembled PDU]"
"36755","33.554832167","192.168.1.55","192.168.1.2","TCP","1514","8004  >  36216 [ACK] Seq=37838 Ack=144 Win=65024 Len=1448 TSval=2916037635 TSecr=3045557409 [TCP segment of a reassembled PDU]"
"36756","33.554834019","192.168.1.55","192.168.1.2","TCP","1514","8004  >  36216 [ACK] Seq=39286 Ack=144 Win=65024 Len=1448 TSval=2916037635 TSecr=3045557409 [TCP segment of a reassembled PDU]"
"36757","33.554835778","192.168.1.55","192.168.1.2","TCP","1514","8004  >  36216 [PSH, ACK] Seq=40734 Ack=144 Win=65024 Len=1448 TSval=2916037635 TSecr=3045557409 [TCP segment of a reassembled PDU]"
"36758","33.557903394","192.168.1.2","192.168.1.55","TCP","66","36216  >  8004 [ACK] Seq=144 Ack=16118 Win=93184 Len=0 TSval=3045557411 TSecr=2916037634"
"36759","33.557939431","192.168.1.55","192.168.1.2","TCP","1514","8004  >  36216 [ACK] Seq=42182 Ack=144 Win=65024 Len=1448 TSval=2916037638 TSecr=3045557411 [TCP segment of a reassembled PDU]"
"36760","33.557942246","192.168.1.55","192.168.1.2","TCP","1514","8004  >  36216 [PSH, ACK] Seq=43630 Ack=144 Win=65024 Len=1448 TSval=2916037638 TSecr=3045557411 [TCP segment of a reassembled PDU]"
"36761","33.557978154","192.168.1.2","192.168.1.55","TCP","66","36216  >  8004 [ACK] Seq=144 Ack=17566 Win=92160 Len=0 TSval=3045557411 TSecr=2916037634"
"36762","33.559452267","192.168.1.2","192.168.1.55","TCP","66","36216  >  8004 [ACK] Seq=144 Ack=24806 Win=87040 Len=0 TSval=3045557413 TSecr=2916037634"
"36763","33.559504360","192.168.1.55","192.168.1.2","TCP","1514","8004  >  36216 [ACK] Seq=45078 Ack=144 Win=65024 Len=1448 TSval=2916037640 TSecr=3045557413 [TCP segment of a reassembled PDU]"
"36764","33.559508063","192.168.1.55","192.168.1.2","TCP","1514","8004  >  36216 [ACK] Seq=46526 Ack=144 Win=65024 Len=1448 TSval=2916037640 TSecr=3045557413 [TCP segment of a reassembled PDU]"
"36765","33.559509656","192.168.1.55","192.168.1.2","TCP","1514","8004  >  36216 [ACK] Seq=47974 Ack=144 Win=65024 Len=1448 TSval=2916037640 TSecr=3045557413 [TCP segment of a reassembled PDU]"
"36766","33.559511712","192.168.1.55","192.168.1.2","TCP","1514","8004  >  36216 [ACK] Seq=49422 Ack=144 Win=65024 Len=1448 TSval=2916037640 TSecr=3045557413 [TCP segment of a reassembled PDU]"
"36767","33.559513415","192.168.1.55","192.168.1.2","TCP","1514","8004  >  36216 [ACK] Seq=50870 Ack=144 Win=65024 Len=1448 TSval=2916037640 TSecr=3045557413 [TCP segment of a reassembled PDU]"
"36768","33.559514860","192.168.1.55","192.168.1.2","TCP","1514","8004  >  36216 [ACK] Seq=52318 Ack=144 Win=65024 Len=1448 TSval=2916037640 TSecr=3045557413 [TCP segment of a reassembled PDU]"
"36769","33.559516156","192.168.1.55","192.168.1.2","TCP","1514","8004  >  36216 [ACK] Seq=53766 Ack=144 Win=65024 Len=1448 TSval=2916037640 TSecr=3045557413 [TCP segment of a reassembled PDU]"
"36770","33.559517600","192.168.1.55","192.168.1.2","TCP","1514","8004  >  36216 [ACK] Seq=55214 Ack=144 Win=65024 Len=1448 TSval=2916037640 TSecr=3045557413 [TCP segment of a reassembled PDU]"
"36771","33.559519026","192.168.1.55","192.168.1.2","TCP","1514","8004  >  36216 [ACK] Seq=56662 Ack=144 Win=65024 Len=1448 TSval=2916037640 TSecr=3045557413 [TCP segment of a reassembled PDU]"
"36772","33.559521823","192.168.1.55","192.168.1.2","TCP","1514","8004  >  36216 [ACK] Seq=58110 Ack=144 Win=65024 Len=1448 TSval=2916037640 TSecr=3045557413 [TCP segment of a reassembled PDU]"
"36773","33.559523600","192.168.1.55","192.168.1.2","TCP","1514","8004  >  36216 [ACK] Seq=59558 Ack=144 Win=65024 Len=1448 TSval=2916037640 TSecr=3045557413 [TCP segment of a reassembled PDU]"
"36774","33.559524915","192.168.1.55","192.168.1.2","TCP","1514","8004  >  36216 [ACK] Seq=61006 Ack=144 Win=65024 Len=1448 TSval=2916037640 TSecr=3045557413 [TCP segment of a reassembled PDU]"
"36775","33.559526100","192.168.1.55","192.168.1.2","TCP","1514","8004  >  36216 [ACK] Seq=62454 Ack=144 Win=65024 Len=1448 TSval=2916037640 TSecr=3045557413 [TCP segment of a reassembled PDU]"
"36776","33.559527582","192.168.1.55","192.168.1.2","TCP","1514","8004  >  36216 [PSH, ACK] Seq=63902 Ack=144 Win=65024 Len=1448 TSval=2916037640 TSecr=3045557413 [TCP segment of a reassembled PDU]"
"36777","33.559611675","192.168.1.2","192.168.1.55","TCP","66","36216  >  8004 [ACK] Seq=144 Ack=26254 Win=94208 Len=0 TSval=3045557413 TSecr=2916037634"
"36778","33.559618786","192.168.1.2","192.168.1.55","TCP","66","36216  >  8004 [ACK] Seq=144 Ack=30598 Win=90112 Len=0 TSval=3045557413 TSecr=2916037635"
"36779","33.559638952","192.168.1.55","192.168.1.2","TCP","1514","8004  >  36216 [ACK] Seq=65350 Ack=144 Win=65024 Len=1448 TSval=2916037640 TSecr=3045557413 [TCP segment of a reassembled PDU]"
"36780","33.559640564","192.168.1.55","192.168.1.2","TCP","1514","8004  >  36216 [ACK] Seq=66798 Ack=144 Win=65024 Len=1448 TSval=2916037640 TSecr=3045557413 [TCP segment of a reassembled PDU]"
"36781","33.559641823","192.168.1.55","192.168.1.2","TCP","1514","8004  >  36216 [ACK] Seq=68246 Ack=144 Win=65024 Len=1448 TSval=2916037640 TSecr=3045557413 [TCP segment of a reassembled PDU]"
"36782","33.559643323","192.168.1.55","192.168.1.2","TCP","1514","8004  >  36216 [ACK] Seq=69694 Ack=144 Win=65024 Len=1448 TSval=2916037640 TSecr=3045557413 [TCP segment of a reassembled PDU]"
"36783","33.559645675","192.168.1.55","192.168.1.2","TCP","1514","8004  >  36216 [ACK] Seq=71142 Ack=144 Win=65024 Len=1448 TSval=2916037640 TSecr=3045557413 [TCP segment of a reassembled PDU]"
"36784","33.559647323","192.168.1.55","192.168.1.2","TCP","1514","8004  >  36216 [ACK] Seq=72590 Ack=144 Win=65024 Len=1448 TSval=2916037640 TSecr=3045557413 [TCP segment of a reassembled PDU]"
"36785","33.559648638","192.168.1.55","192.168.1.2","TCP","1514","8004  >  36216 [ACK] Seq=74038 Ack=144 Win=65024 Len=1448 TSval=2916037640 TSecr=3045557413 [TCP segment of a reassembled PDU]"
"36786","33.559650267","192.168.1.55","192.168.1.2","TCP","1514","8004  >  36216 [PSH, ACK] Seq=75486 Ack=144 Win=65024 Len=1448 TSval=2916037640 TSecr=3045557413 [TCP segment of a reassembled PDU]"
"36787","33.559654193","192.168.1.2","192.168.1.55","TCP","66","36216  >  8004 [ACK] Seq=144 Ack=39286 Win=87040 Len=0 TSval=3045557413 TSecr=2916037635"
"36788","33.562012345","192.168.1.2","192.168.1.55","TCP","66","36216  >  8004 [ACK] Seq=144 Ack=42182 Win=93184 Len=0 TSval=3045557414 TSecr=2916037635"
"36789","33.562057030","192.168.1.55","192.168.1.2","TCP","1514","8004  >  36216 [ACK] Seq=76934 Ack=144 Win=65024 Len=1448 TSval=2916037642 TSecr=3045557414 [TCP segment of a reassembled PDU]"
"36790","33.562061382","192.168.1.55","192.168.1.2","TCP","1514","8004  >  36216 [ACK] Seq=78382 Ack=144 Win=65024 Len=1448 TSval=2916037642 TSecr=3045557414 [TCP segment of a reassembled PDU]"
"36791","33.562063993","192.168.1.55","192.168.1.2","TCP","1514","8004  >  36216 [ACK] Seq=79830 Ack=144 Win=65024 Len=1448 TSval=2916037642 TSecr=3045557414 [TCP segment of a reassembled PDU]"
"36792","33.562065679","192.168.1.55","192.168.1.2","TCP","1514","8004  >  36216 [ACK] Seq=81278 Ack=144 Win=65024 Len=1448 TSval=2916037642 TSecr=3045557414 [TCP segment of a reassembled PDU]"
"36793","33.562067142","192.168.1.55","192.168.1.2","TCP","1514","8004  >  36216 [ACK] Seq=82726 Ack=144 Win=65024 Len=1448 TSval=2916037642 TSecr=3045557414 [TCP segment of a reassembled PDU]"
"36794","33.562069142","192.168.1.55","192.168.1.2","TCP","1514","8004  >  36216 [ACK] Seq=84174 Ack=144 Win=65024 Len=1448 TSval=2916037642 TSecr=3045557414 [TCP segment of a reassembled PDU]"
"36795","33.562070845","192.168.1.55","192.168.1.2","TCP","1514","8004  >  36216 [ACK] Seq=85622 Ack=144 Win=65024 Len=1448 TSval=2916037642 TSecr=3045557414 [TCP segment of a reassembled PDU]"
"36796","33.562072530","192.168.1.55","192.168.1.2","TCP","1514","8004  >  36216 [ACK] Seq=87070 Ack=144 Win=65024 Len=1448 TSval=2916037642 TSecr=3045557414 [TCP segment of a reassembled PDU]"
"36797","33.562074086","192.168.1.55","192.168.1.2","TCP","1514","8004  >  36216 [ACK] Seq=88518 Ack=144 Win=65024 Len=1448 TSval=2916037642 TSecr=3045557414 [TCP segment of a reassembled PDU]"
"36798","33.562076642","192.168.1.55","192.168.1.2","TCP","1514","8004  >  36216 [ACK] Seq=89966 Ack=144 Win=65024 Len=1448 TSval=2916037642 TSecr=3045557414 [TCP segment of a reassembled PDU]"
"36799","33.562078216","192.168.1.55","192.168.1.2","TCP","1514","8004  >  36216 [ACK] Seq=91414 Ack=144 Win=65024 Len=1448 TSval=2916037642 TSecr=3045557414 [TCP segment of a reassembled PDU]"
"36800","33.562080086","192.168.1.55","192.168.1.2","TCP","1514","8004  >  36216 [ACK] Seq=92862 Ack=144 Win=65024 Len=1448 TSval=2916037642 TSecr=3045557414 [TCP segment of a reassembled PDU]"
"36801","33.562082067","192.168.1.55","192.168.1.2","TCP","1514","8004  >  36216 [ACK] Seq=94310 Ack=144 Win=65024 Len=1448 TSval=2916037642 TSecr=3045557414 [TCP segment of a reassembled PDU]"
"36802","33.562083642","192.168.1.55","192.168.1.2","TCP","1514","8004  >  36216 [ACK] Seq=95758 Ack=144 Win=65024 Len=1448 TSval=2916037642 TSecr=3045557414 [TCP segment of a reassembled PDU]"
"36803","33.562085419","192.168.1.55","192.168.1.2","TCP","1514","8004  >  36216 [ACK] Seq=97206 Ack=144 Win=65024 Len=1448 TSval=2916037642 TSecr=3045557414 [TCP segment of a reassembled PDU]"
"36804","33.562086660","192.168.1.55","192.168.1.2","TCP","1514","8004  >  36216 [PSH, ACK] Seq=98654 Ack=144 Win=65024 Len=1448 TSval=2916037642 TSecr=3045557414 [TCP segment of a reassembled PDU]"
"36805","33.562144993","192.168.1.2","192.168.1.55","TCP","66","36216  >  8004 [ACK] Seq=144 Ack=43630 Win=92160 Len=0 TSval=3045557415 TSecr=2916037638"
"36806","33.562154105","192.168.1.2","192.168.1.55","TCP","66","36216  >  8004 [ACK] Seq=144 Ack=45078 Win=92160 Len=0 TSval=3045557415 TSecr=2916037638"
"36807","33.564942702","192.168.1.2","192.168.1.55","TCP","66","36216  >  8004 [ACK] Seq=144 Ack=65350 Win=73728 Len=0 TSval=3045557418 TSecr=2916037640"
"36808","33.564965720","192.168.1.55","192.168.1.2","TCP","1514","8004  >  36216 [ACK] Seq=100102 Ack=144 Win=65024 Len=1448 TSval=2916037645 TSecr=3045557418 [TCP segment of a reassembled PDU]"
"36809","33.564968109","192.168.1.55","192.168.1.2","TCP","1514","8004  >  36216 [ACK] Seq=101550 Ack=144 Win=65024 Len=1448 TSval=2916037645 TSecr=3045557418 [TCP segment of a reassembled PDU]"
"36810","33.564969442","192.168.1.55","192.168.1.2","TCP","1514","8004  >  36216 [ACK] Seq=102998 Ack=144 Win=65024 Len=1448 TSval=2916037645 TSecr=3045557418 [TCP segment of a reassembled PDU]"
"36811","33.564970609","192.168.1.55","192.168.1.2","TCP","1514","8004  >  36216 [ACK] Seq=104446 Ack=144 Win=65024 Len=1448 TSval=2916037645 TSecr=3045557418 [TCP segment of a reassembled PDU]"
"36812","33.564971831","192.168.1.55","192.168.1.2","TCP","1514","8004  >  36216 [ACK] Seq=105894 Ack=144 Win=65024 Len=1448 TSval=2916037645 TSecr=3045557418 [TCP segment of a reassembled PDU]"
"36813","33.564973183","192.168.1.55","192.168.1.2","TCP","1514","8004  >  36216 [ACK] Seq=107342 Ack=144 Win=65024 Len=1448 TSval=2916037645 TSecr=3045557418 [TCP segment of a reassembled PDU]"
"36814","33.564974387","192.168.1.55","192.168.1.2","TCP","1514","8004  >  36216 [ACK] Seq=108790 Ack=144 Win=65024 Len=1448 TSval=2916037645 TSecr=3045557418 [TCP segment of a reassembled PDU]"
"36815","33.564975591","192.168.1.55","192.168.1.2","TCP","1514","8004  >  36216 [ACK] Seq=110238 Ack=144 Win=65024 Len=1448 TSval=2916037645 TSecr=3045557418 [TCP segment of a reassembled PDU]"
"36816","33.564976850","192.168.1.55","192.168.1.2","TCP","1514","8004  >  36216 [ACK] Seq=111686 Ack=144 Win=65024 Len=1448 TSval=2916037645 TSecr=3045557418 [TCP segment of a reassembled PDU]"
"36817","33.564978054","192.168.1.55","192.168.1.2","TCP","1514","8004  >  36216 [ACK] Seq=113134 Ack=144 Win=65024 Len=1448 TSval=2916037645 TSecr=3045557418 [TCP segment of a reassembled PDU]"
"36818","33.564979331","192.168.1.55","192.168.1.2","TCP","1514","8004  >  36216 [ACK] Seq=114582 Ack=144 Win=65024 Len=1448 TSval=2916037645 TSecr=3045557418 [TCP segment of a reassembled PDU]"
"36819","33.564980498","192.168.1.55","192.168.1.2","TCP","1514","8004  >  36216 [ACK] Seq=116030 Ack=144 Win=65024 Len=1448 TSval=2916037645 TSecr=3045557418 [TCP segment of a reassembled PDU]"
"36820","33.564981646","192.168.1.55","192.168.1.2","TCP","1514","8004  >  36216 [ACK] Seq=117478 Ack=144 Win=65024 Len=1448 TSval=2916037645 TSecr=3045557418 [TCP segment of a reassembled PDU]"
"36821","33.564982831","192.168.1.55","192.168.1.2","TCP","1514","8004  >  36216 [ACK] Seq=118926 Ack=144 Win=65024 Len=1448 TSval=2916037645 TSecr=3045557418 [TCP segment of a reassembled PDU]"
"36822","33.564983998","192.168.1.55","192.168.1.2","TCP","1514","8004  >  36216 [ACK] Seq=120374 Ack=144 Win=65024 Len=1448 TSval=2916037645 TSecr=3045557418 [TCP segment of a reassembled PDU]"
"36823","33.564985276","192.168.1.55","192.168.1.2","TCP","1514","8004  >  36216 [PSH, ACK] Seq=121822 Ack=144 Win=65024 Len=1448 TSval=2916037645 TSecr=3045557418 [TCP segment of a reassembled PDU]"
"36824","33.565012868","192.168.1.2","192.168.1.55","TCP","66","36216  >  8004 [ACK] Seq=144 Ack=68246 Win=71680 Len=0 TSval=3045557418 TSecr=2916037640"
"36825","33.567324502","192.168.1.2","192.168.1.55","TCP","66","36216  >  8004 [ACK] Seq=144 Ack=76934 Win=84992 Len=0 TSval=3045557421 TSecr=2916037640"
"36826","33.567355409","192.168.1.55","192.168.1.2","TCP","1514","8004  >  36216 [ACK] Seq=123270 Ack=144 Win=65024 Len=1448 TSval=2916037648 TSecr=3045557421 [TCP segment of a reassembled PDU]"
"36827","33.567357187","192.168.1.55","192.168.1.2","TCP","1514","8004  >  36216 [ACK] Seq=124718 Ack=144 Win=65024 Len=1448 TSval=2916037648 TSecr=3045557421 [TCP segment of a reassembled PDU]"
"36828","33.567358446","192.168.1.55","192.168.1.2","TCP","1514","8004  >  36216 [ACK] Seq=126166 Ack=144 Win=65024 Len=1448 TSval=2916037648 TSecr=3045557421 [TCP segment of a reassembled PDU]"
"36829","33.567359631","192.168.1.55","192.168.1.2","TCP","1514","8004  >  36216 [ACK] Seq=127614 Ack=144 Win=65024 Len=1448 TSval=2916037648 TSecr=3045557421 [TCP segment of a reassembled PDU]"
"36830","33.567360946","192.168.1.55","192.168.1.2","TCP","1514","8004  >  36216 [ACK] Seq=129062 Ack=144 Win=65024 Len=1448 TSval=2916037648 TSecr=3045557421 [TCP segment of a reassembled PDU]"
"36831","33.567362280","192.168.1.55","192.168.1.2","TCP","1514","8004  >  36216 [ACK] Seq=130510 Ack=144 Win=65024 Len=1448 TSval=2916037648 TSecr=3045557421 [TCP segment of a reassembled PDU]"
"36832","33.567363539","192.168.1.55","192.168.1.2","TCP","1514","8004  >  36216 [ACK] Seq=131958 Ack=144 Win=65024 Len=1448 TSval=2916037648 TSecr=3045557421 [TCP segment of a reassembled PDU]"
"36833","33.567364835","192.168.1.55","192.168.1.2","TCP","1514","8004  >  36216 [ACK] Seq=133406 Ack=144 Win=65024 Len=1448 TSval=2916037648 TSecr=3045557421 [TCP segment of a reassembled PDU]"
"36834","33.567366187","192.168.1.55","192.168.1.2","TCP","1514","8004  >  36216 [ACK] Seq=134854 Ack=144 Win=65024 Len=1448 TSval=2916037648 TSecr=3045557421 [TCP segment of a reassembled PDU]"
"36835","33.567367557","192.168.1.55","192.168.1.2","TCP","1514","8004  >  36216 [ACK] Seq=136302 Ack=144 Win=65024 Len=1448 TSval=2916037648 TSecr=3045557421 [TCP segment of a reassembled PDU]"
"36836","33.567368965","192.168.1.55","192.168.1.2","TCP","1514","8004  >  36216 [ACK] Seq=137750 Ack=144 Win=65024 Len=1448 TSval=2916037648 TSecr=3045557421 [TCP segment of a reassembled PDU]"
"36837","33.567370150","192.168.1.55","192.168.1.2","TCP","1514","8004  >  36216 [ACK] Seq=139198 Ack=144 Win=65024 Len=1448 TSval=2916037648 TSecr=3045557421 [TCP segment of a reassembled PDU]"
"36838","33.567371428","192.168.1.55","192.168.1.2","TCP","1514","8004  >  36216 [ACK] Seq=140646 Ack=144 Win=65024 Len=1448 TSval=2916037648 TSecr=3045557421 [TCP segment of a reassembled PDU]"
"36839","33.567372613","192.168.1.55","192.168.1.2","TCP","1514","8004  >  36216 [ACK] Seq=142094 Ack=144 Win=65024 Len=1448 TSval=2916037648 TSecr=3045557421 [TCP segment of a reassembled PDU]"
"36840","33.567374057","192.168.1.55","192.168.1.2","TCP","1514","8004  >  36216 [ACK] Seq=143542 Ack=144 Win=65024 Len=1448 TSval=2916037648 TSecr=3045557421 [TCP segment of a reassembled PDU]"
"36841","33.567375243","192.168.1.55","192.168.1.2","TCP","1514","8004  >  36216 [ACK] Seq=144990 Ack=144 Win=65024 Len=1448 TSval=2916037648 TSecr=3045557421 [TCP segment of a reassembled PDU]"
"36842","33.567376557","192.168.1.55","192.168.1.2","TCP","1514","8004  >  36216 [ACK] Seq=146438 Ack=144 Win=65024 Len=1448 TSval=2916037648 TSecr=3045557421 [TCP segment of a reassembled PDU]"
"36843","33.567377983","192.168.1.55","192.168.1.2","TCP","1514","8004  >  36216 [ACK] Seq=147886 Ack=144 Win=65024 Len=1448 TSval=2916037648 TSecr=3045557421 [TCP segment of a reassembled PDU]"
"36844","33.567379187","192.168.1.55","192.168.1.2","TCP","1514","8004  >  36216 [ACK] Seq=149334 Ack=144 Win=65024 Len=1448 TSval=2916037648 TSecr=3045557421 [TCP segment of a reassembled PDU]"
"36845","33.567380520","192.168.1.55","192.168.1.2","TCP","1514","8004  >  36216 [ACK] Seq=150782 Ack=144 Win=65024 Len=1448 TSval=2916037648 TSecr=3045557421 [TCP segment of a reassembled PDU]"
"36846","33.567381835","192.168.1.55","192.168.1.2","TCP","1514","8004  >  36216 [ACK] Seq=152230 Ack=144 Win=65024 Len=1448 TSval=2916037648 TSecr=3045557421 [TCP segment of a reassembled PDU]"
"36847","33.567383020","192.168.1.55","192.168.1.2","TCP","1514","8004  >  36216 [ACK] Seq=153678 Ack=144 Win=65024 Len=1448 TSval=2916037648 TSecr=3045557421 [TCP segment of a reassembled PDU]"
"36848","33.567384335","192.168.1.55","192.168.1.2","TCP","1514","8004  >  36216 [ACK] Seq=155126 Ack=144 Win=65024 Len=1448 TSval=2916037648 TSecr=3045557421 [TCP segment of a reassembled PDU]"
"36849","33.567385817","192.168.1.55","192.168.1.2","TCP","1514","8004  >  36216 [ACK] Seq=156574 Ack=144 Win=65024 Len=1448 TSval=2916037648 TSecr=3045557421 [TCP segment of a reassembled PDU]"
"36850","33.567387020","192.168.1.55","192.168.1.2","TCP","1514","8004  >  36216 [ACK] Seq=158022 Ack=144 Win=65024 Len=1448 TSval=2916037648 TSecr=3045557421 [TCP segment of a reassembled PDU]"
"36851","33.567388335","192.168.1.55","192.168.1.2","TCP","1514","8004  >  36216 [ACK] Seq=159470 Ack=144 Win=65024 Len=1448 TSval=2916037648 TSecr=3045557421 [TCP segment of a reassembled PDU]"
"36852","33.567389687","192.168.1.55","192.168.1.2","TCP","1074","[TCP Window Full] 8004  >  36216 [PSH, ACK] Seq=160918 Ack=144 Win=65024 Len=1008 TSval=2916037648 TSecr=3045557421 [TCP segment of a reassembled PDU]"
"36853","33.567417983","192.168.1.2","192.168.1.55","TCP","66","36216  >  8004 [ACK] Seq=144 Ack=100102 Win=71680 Len=0 TSval=3045557421 TSecr=2916037642"
"36854","33.567449817","192.168.1.55","192.168.1.2","TCP","1514","8004  >  36216 [ACK] Seq=161926 Ack=144 Win=65024 Len=1448 TSval=2916037648 TSecr=3045557421 [TCP segment of a reassembled PDU]"
"36855","33.567454002","192.168.1.55","192.168.1.2","TCP","1514","8004  >  36216 [ACK] Seq=163374 Ack=144 Win=65024 Len=1448 TSval=2916037648 TSecr=3045557421 [TCP segment of a reassembled PDU]"
"36856","33.567455446","192.168.1.55","192.168.1.2","TCP","1514","8004  >  36216 [ACK] Seq=164822 Ack=144 Win=65024 Len=1448 TSval=2916037648 TSecr=3045557421 [TCP segment of a reassembled PDU]"
"36857","33.567457076","192.168.1.55","192.168.1.2","TCP","1514","8004  >  36216 [ACK] Seq=166270 Ack=144 Win=65024 Len=1448 TSval=2916037648 TSecr=3045557421 [TCP segment of a reassembled PDU]"
"36858","33.567458391","192.168.1.55","192.168.1.2","TCP","1514","8004  >  36216 [PSH, ACK] Seq=167718 Ack=144 Win=65024 Len=1448 TSval=2916037648 TSecr=3045557421 [TCP segment of a reassembled PDU]"
"36859","33.567466039","192.168.1.55","192.168.1.2","TCP","506","8004  >  36216 [ACK] Seq=169166 Ack=144 Win=65024 Len=440 TSval=2916037648 TSecr=3045557421 [TCP segment of a reassembled PDU]"
"36860","33.567469946","192.168.1.55","192.168.1.2","TCP","1514","8004  >  36216 [ACK] Seq=169606 Ack=144 Win=65024 Len=1448 TSval=2916037648 TSecr=3045557421 [TCP segment of a reassembled PDU]"
"36861","33.571416119","192.168.1.2","192.168.1.55","TCP","66","36216  >  8004 [ACK] Seq=144 Ack=114582 Win=77824 Len=0 TSval=3045557423 TSecr=2916037645"
"36862","33.571445638","192.168.1.55","192.168.1.2","TCP","1514","8004  >  36216 [ACK] Seq=171054 Ack=144 Win=65024 Len=1448 TSval=2916037652 TSecr=3045557423 [TCP segment of a reassembled PDU]"
"36863","33.571448527","192.168.1.55","192.168.1.2","TCP","1514","8004  >  36216 [ACK] Seq=172502 Ack=144 Win=65024 Len=1448 TSval=2916037652 TSecr=3045557423 [TCP segment of a reassembled PDU]"
"36864","33.571449805","192.168.1.55","192.168.1.2","TCP","1514","8004  >  36216 [ACK] Seq=173950 Ack=144 Win=65024 Len=1448 TSval=2916037652 TSecr=3045557423 [TCP segment of a reassembled PDU]"
"36865","33.571450953","192.168.1.55","192.168.1.2","TCP","1514","8004  >  36216 [ACK] Seq=175398 Ack=144 Win=65024 Len=1448 TSval=2916037652 TSecr=3045557423 [TCP segment of a reassembled PDU]"
"36866","33.571452305","192.168.1.55","192.168.1.2","TCP","1514","8004  >  36216 [ACK] Seq=176846 Ack=144 Win=65024 Len=1448 TSval=2916037652 TSecr=3045557423 [TCP segment of a reassembled PDU]"
"36867","33.571453564","192.168.1.55","192.168.1.2","TCP","1514","8004  >  36216 [ACK] Seq=178294 Ack=144 Win=65024 Len=1448 TSval=2916037652 TSecr=3045557423 [TCP segment of a reassembled PDU]"
"36868","33.571454749","192.168.1.55","192.168.1.2","TCP","1514","8004  >  36216 [ACK] Seq=179742 Ack=144 Win=65024 Len=1448 TSval=2916037652 TSecr=3045557423 [TCP segment of a reassembled PDU]"
"36869","33.571456008","192.168.1.55","192.168.1.2","TCP","1514","8004  >  36216 [ACK] Seq=181190 Ack=144 Win=65024 Len=1448 TSval=2916037652 TSecr=3045557423 [TCP segment of a reassembled PDU]"
"36870","33.571457175","192.168.1.55","192.168.1.2","TCP","1514","8004  >  36216 [ACK] Seq=182638 Ack=144 Win=65024 Len=1448 TSval=2916037652 TSecr=3045557423 [TCP segment of a reassembled PDU]"
"36871","33.571458453","192.168.1.55","192.168.1.2","TCP","1514","8004  >  36216 [ACK] Seq=184086 Ack=144 Win=65024 Len=1448 TSval=2916037652 TSecr=3045557423 [TCP segment of a reassembled PDU]"
"36872","33.571459768","192.168.1.55","192.168.1.2","TCP","1514","8004  >  36216 [ACK] Seq=185534 Ack=144 Win=65024 Len=1448 TSval=2916037652 TSecr=3045557423 [TCP segment of a reassembled PDU]"
"36873","33.571461156","192.168.1.55","192.168.1.2","TCP","1514","8004  >  36216 [ACK] Seq=186982 Ack=144 Win=65024 Len=1448 TSval=2916037652 TSecr=3045557423 [TCP segment of a reassembled PDU]"
"36874","33.571462397","192.168.1.55","192.168.1.2","TCP","1514","8004  >  36216 [ACK] Seq=188430 Ack=144 Win=65024 Len=1448 TSval=2916037652 TSecr=3045557423 [TCP segment of a reassembled PDU]"
"36875","33.571463638","192.168.1.55","192.168.1.2","TCP","1514","8004  >  36216 [PSH, ACK] Seq=189878 Ack=144 Win=65024 Len=1448 TSval=2916037652 TSecr=3045557423 [TCP segment of a reassembled PDU]"
"36876","33.573408641","192.168.1.2","192.168.1.55","TCP","66","36216  >  8004 [ACK] Seq=144 Ack=123270 Win=87040 Len=0 TSval=3045557424 TSecr=2916037645"
"36877","33.573427048","192.168.1.55","192.168.1.2","TCP","1514","8004  >  36216 [ACK] Seq=191326 Ack=144 Win=65024 Len=1448 TSval=2916037654 TSecr=3045557424 [TCP segment of a reassembled PDU]"
"36878","33.573429178","192.168.1.55","192.168.1.2","TCP","1514","8004  >  36216 [ACK] Seq=192774 Ack=144 Win=65024 Len=1448 TSval=2916037654 TSecr=3045557424 [TCP segment of a reassembled PDU]"
"36879","33.573430363","192.168.1.55","192.168.1.2","TCP","1514","8004  >  36216 [ACK] Seq=194222 Ack=144 Win=65024 Len=1448 TSval=2916037654 TSecr=3045557424 [TCP segment of a reassembled PDU]"
"36880","33.573432011","192.168.1.55","192.168.1.2","TCP","1514","8004  >  36216 [ACK] Seq=195670 Ack=144 Win=65024 Len=1448 TSval=2916037654 TSecr=3045557424 [TCP segment of a reassembled PDU]"
"36881","33.573433123","192.168.1.55","192.168.1.2","TCP","1514","8004  >  36216 [ACK] Seq=197118 Ack=144 Win=65024 Len=1448 TSval=2916037654 TSecr=3045557424 [TCP segment of a reassembled PDU]"
"36882","33.573434363","192.168.1.55","192.168.1.2","TCP","1514","8004  >  36216 [ACK] Seq=198566 Ack=144 Win=65024 Len=1448 TSval=2916037654 TSecr=3045557424 [TCP segment of a reassembled PDU]"
"36883","33.573435493","192.168.1.55","192.168.1.2","TCP","1514","8004  >  36216 [ACK] Seq=200014 Ack=144 Win=65024 Len=1448 TSval=2916037654 TSecr=3045557424 [TCP segment of a reassembled PDU]"
"36884","33.573436808","192.168.1.55","192.168.1.2","TCP","1514","8004  >  36216 [ACK] Seq=201462 Ack=144 Win=65024 Len=1448 TSval=2916037654 TSecr=3045557424 [TCP segment of a reassembled PDU]"
"36885","33.573443474","192.168.1.55","192.168.1.2","TCP","1514","8004  >  36216 [ACK] Seq=202910 Ack=144 Win=65024 Len=1448 TSval=2916037654 TSecr=3045557424 [TCP segment of a reassembled PDU]"
"36886","33.573444845","192.168.1.55","192.168.1.2","TCP","1514","8004  >  36216 [ACK] Seq=204358 Ack=144 Win=65024 Len=1448 TSval=2916037654 TSecr=3045557424 [TCP segment of a reassembled PDU]"
"36887","33.573446086","192.168.1.55","192.168.1.2","TCP","1514","8004  >  36216 [ACK] Seq=205806 Ack=144 Win=65024 Len=1448 TSval=2916037654 TSecr=3045557424 [TCP segment of a reassembled PDU]"
"36888","33.573447345","192.168.1.55","192.168.1.2","TCP","1514","8004  >  36216 [ACK] Seq=207254 Ack=144 Win=65024 Len=1448 TSval=2916037654 TSecr=3045557424 [TCP segment of a reassembled PDU]"
"36889","33.573448474","192.168.1.55","192.168.1.2","TCP","1514","8004  >  36216 [PSH, ACK] Seq=208702 Ack=144 Win=65024 Len=1448 TSval=2916037654 TSecr=3045557424 [TCP segment of a reassembled PDU]"
"36890","33.574043420","192.168.1.2","192.168.1.55","TCP","66","36216  >  8004 [ACK] Seq=144 Ack=130510 Win=90112 Len=0 TSval=3045557426 TSecr=2916037648"
"36891","33.574056790","192.168.1.55","192.168.1.2","TCP","1514","8004  >  36216 [ACK] Seq=210150 Ack=144 Win=65024 Len=1448 TSval=2916037654 TSecr=3045557426 [TCP segment of a reassembled PDU]"
"36892","33.574058846","192.168.1.55","192.168.1.2","TCP","1514","8004  >  36216 [ACK] Seq=211598 Ack=144 Win=65024 Len=1448 TSval=2916037654 TSecr=3045557426 [TCP segment of a reassembled PDU]"
"36893","33.574060161","192.168.1.55","192.168.1.2","TCP","1514","8004  >  36216 [ACK] Seq=213046 Ack=144 Win=65024 Len=1448 TSval=2916037654 TSecr=3045557426 [TCP segment of a reassembled PDU]"
"36894","33.574061383","192.168.1.55","192.168.1.2","TCP","1514","8004  >  36216 [PSH, ACK] Seq=214494 Ack=144 Win=65024 Len=1448 TSval=2916037654 TSecr=3045557426 [TCP segment of a reassembled PDU]"
"36895","33.574065531","192.168.1.2","192.168.1.55","TCP","66","36216  >  8004 [ACK] Seq=144 Ack=161926 Win=68608 Len=0 TSval=3045557427 TSecr=2916037648"
"36896","33.574073679","192.168.1.2","192.168.1.55","TCP","66","36216  >  8004 [ACK] Seq=144 Ack=171054 Win=60416 Len=0 TSval=3045557427 TSecr=2916037648"
"36897","33.574092383","192.168.1.55","192.168.1.2","TCP","1514","8004  >  36216 [ACK] Seq=215942 Ack=144 Win=65024 Len=1448 TSval=2916037654 TSecr=3045557427 [TCP segment of a reassembled PDU]"
"36898","33.574093883","192.168.1.55","192.168.1.2","TCP","1514","8004  >  36216 [ACK] Seq=217390 Ack=144 Win=65024 Len=1448 TSval=2916037654 TSecr=3045557427 [TCP segment of a reassembled PDU]"
"36899","33.574095050","192.168.1.55","192.168.1.2","TCP","1514","8004  >  36216 [ACK] Seq=218838 Ack=144 Win=65024 Len=1448 TSval=2916037654 TSecr=3045557427 [TCP segment of a reassembled PDU]"
"36900","33.574096327","192.168.1.55","192.168.1.2","TCP","1514","8004  >  36216 [ACK] Seq=220286 Ack=144 Win=65024 Len=1448 TSval=2916037654 TSecr=3045557427 [TCP segment of a reassembled PDU]"
"36901","33.574097512","192.168.1.55","192.168.1.2","TCP","1514","8004  >  36216 [ACK] Seq=221734 Ack=144 Win=65024 Len=1448 TSval=2916037654 TSecr=3045557427 [TCP segment of a reassembled PDU]"
"36902","33.574098790","192.168.1.55","192.168.1.2","TCP","1514","8004  >  36216 [ACK] Seq=223182 Ack=144 Win=65024 Len=1448 TSval=2916037654 TSecr=3045557427 [TCP segment of a reassembled PDU]"
"36903","33.574099975","192.168.1.55","192.168.1.2","TCP","1514","8004  >  36216 [ACK] Seq=224630 Ack=144 Win=65024 Len=1448 TSval=2916037654 TSecr=3045557427 [TCP segment of a reassembled PDU]"
"36904","33.574101142","192.168.1.55","192.168.1.2","TCP","1514","8004  >  36216 [ACK] Seq=226078 Ack=144 Win=65024 Len=1448 TSval=2916037654 TSecr=3045557427 [TCP segment of a reassembled PDU]"
"36905","33.574102512","192.168.1.55","192.168.1.2","TCP","1514","8004  >  36216 [ACK] Seq=227526 Ack=144 Win=65024 Len=1448 TSval=2916037654 TSecr=3045557427 [TCP segment of a reassembled PDU]"
"36906","33.574103716","192.168.1.55","192.168.1.2","TCP","1514","8004  >  36216 [ACK] Seq=228974 Ack=144 Win=65024 Len=1448 TSval=2916037654 TSecr=3045557427 [TCP segment of a reassembled PDU]"
"36907","33.574104994","192.168.1.55","192.168.1.2","TCP","1114","[TCP Window Full] 8004  >  36216 [PSH, ACK] Seq=230422 Ack=144 Win=65024 Len=1048 TSval=2916037654 TSecr=3045557427 [TCP segment of a reassembled PDU]"
"36908","33.579414576","192.168.1.2","192.168.1.55","TCP","66","36216  >  8004 [ACK] Seq=144 Ack=182638 Win=83968 Len=0 TSval=3045557429 TSecr=2916037652"
"36909","33.579460836","192.168.1.55","192.168.1.2","TCP","1514","8004  >  36216 [ACK] Seq=231470 Ack=144 Win=65024 Len=1448 TSval=2916037660 TSecr=3045557429 [TCP segment of a reassembled PDU]"
"36910","33.579465021","192.168.1.55","192.168.1.2","TCP","1514","8004  >  36216 [ACK] Seq=232918 Ack=144 Win=65024 Len=1448 TSval=2916037660 TSecr=3045557429 [TCP segment of a reassembled PDU]"
"36911","33.579466428","192.168.1.55","192.168.1.2","TCP","1514","8004  >  36216 [ACK] Seq=234366 Ack=144 Win=65024 Len=1448 TSval=2916037660 TSecr=3045557429 [TCP segment of a reassembled PDU]"
"36912","33.579467706","192.168.1.55","192.168.1.2","TCP","1514","8004  >  36216 [ACK] Seq=235814 Ack=144 Win=65024 Len=1448 TSval=2916037660 TSecr=3045557429 [TCP segment of a reassembled PDU]"
"36913","33.579469095","192.168.1.55","192.168.1.2","TCP","1514","8004  >  36216 [ACK] Seq=237262 Ack=144 Win=65024 Len=1448 TSval=2916037660 TSecr=3045557429 [TCP segment of a reassembled PDU]"
"36914","33.579470484","192.168.1.55","192.168.1.2","TCP","1514","8004  >  36216 [ACK] Seq=238710 Ack=144 Win=65024 Len=1448 TSval=2916037660 TSecr=3045557429 [TCP segment of a reassembled PDU]"
"36915","33.579471817","192.168.1.55","192.168.1.2","TCP","1514","8004  >  36216 [ACK] Seq=240158 Ack=144 Win=65024 Len=1448 TSval=2916037660 TSecr=3045557429 [TCP segment of a reassembled PDU]"
"36916","33.579473299","192.168.1.55","192.168.1.2","TCP","1514","8004  >  36216 [ACK] Seq=241606 Ack=144 Win=65024 Len=1448 TSval=2916037660 TSecr=3045557429 [TCP segment of a reassembled PDU]"
"36917","33.579474577","192.168.1.55","192.168.1.2","TCP","1514","8004  >  36216 [ACK] Seq=243054 Ack=144 Win=65024 Len=1448 TSval=2916037660 TSecr=3045557429 [TCP segment of a reassembled PDU]"
"36918","33.579475928","192.168.1.55","192.168.1.2","TCP","1514","8004  >  36216 [ACK] Seq=244502 Ack=144 Win=65024 Len=1448 TSval=2916037660 TSecr=3045557429 [TCP segment of a reassembled PDU]"
"36919","33.579477595","192.168.1.55","192.168.1.2","TCP","1514","8004  >  36216 [ACK] Seq=245950 Ack=144 Win=65024 Len=1448 TSval=2916037660 TSecr=3045557429 [TCP segment of a reassembled PDU]"
"36920","33.579478873","192.168.1.55","192.168.1.2","TCP","1514","8004  >  36216 [ACK] Seq=247398 Ack=144 Win=65024 Len=1448 TSval=2916037660 TSecr=3045557429 [TCP segment of a reassembled PDU]"
"36921","33.579480169","192.168.1.55","192.168.1.2","TCP","1514","8004  >  36216 [ACK] Seq=248846 Ack=144 Win=65024 Len=1448 TSval=2916037660 TSecr=3045557429 [TCP segment of a reassembled PDU]"
"36922","33.579481503","192.168.1.55","192.168.1.2","TCP","1514","8004  >  36216 [ACK] Seq=250294 Ack=144 Win=65024 Len=1448 TSval=2916037660 TSecr=3045557429 [TCP segment of a reassembled PDU]"
"36923","33.579482817","192.168.1.55","192.168.1.2","TCP","1514","8004  >  36216 [ACK] Seq=251742 Ack=144 Win=65024 Len=1448 TSval=2916037660 TSecr=3045557429 [TCP segment of a reassembled PDU]"
"36924","33.579484299","192.168.1.55","192.168.1.2","TCP","1514","8004  >  36216 [ACK] Seq=253190 Ack=144 Win=65024 Len=1448 TSval=2916037660 TSecr=3045557429 [TCP segment of a reassembled PDU]"
"36925","33.579485632","192.168.1.55","192.168.1.2","TCP","1514","8004  >  36216 [ACK] Seq=254638 Ack=144 Win=65024 Len=1448 TSval=2916037660 TSecr=3045557429 [TCP segment of a reassembled PDU]"
"36926","33.579487595","192.168.1.55","192.168.1.2","TCP","1514","8004  >  36216 [ACK] Seq=256086 Ack=144 Win=65024 Len=1448 TSval=2916037660 TSecr=3045557429 [TCP segment of a reassembled PDU]"
"36927","33.579489003","192.168.1.55","192.168.1.2","TCP","1514","8004  >  36216 [ACK] Seq=257534 Ack=144 Win=65024 Len=1448 TSval=2916037660 TSecr=3045557429 [TCP segment of a reassembled PDU]"
"36928","33.579490465","192.168.1.55","192.168.1.2","TCP","1514","8004  >  36216 [ACK] Seq=258982 Ack=144 Win=65024 Len=1448 TSval=2916037660 TSecr=3045557429 [TCP segment of a reassembled PDU]"
"36929","33.579491817","192.168.1.55","192.168.1.2","TCP","1514","8004  >  36216 [PSH, ACK] Seq=260430 Ack=144 Win=65024 Len=1448 TSval=2916037660 TSecr=3045557429 [TCP segment of a reassembled PDU]"
"36930","33.579499947","192.168.1.55","192.168.1.2","TCP","466","8004  >  36216 [ACK] Seq=261878 Ack=144 Win=65024 Len=400 TSval=2916037660 TSecr=3045557429 [TCP segment of a reassembled PDU]"
"36931","33.579535929","192.168.1.2","192.168.1.55","TCP","66","36216  >  8004 [ACK] Seq=144 Ack=191326 Win=98304 Len=0 TSval=3045557430 TSecr=2916037652"
"36932","33.579618355","192.168.1.2","192.168.1.55","TCP","66","36216  >  8004 [ACK] Seq=144 Ack=204358 Win=96256 Len=0 TSval=3045557432 TSecr=2916037654"
"36933","33.579666058","192.168.1.55","192.168.1.2","TCP","1514","8004  >  36216 [ACK] Seq=262278 Ack=144 Win=65024 Len=1448 TSval=2916037660 TSecr=3045557432 [TCP segment of a reassembled PDU]"
"36934","33.579669373","192.168.1.55","192.168.1.2","TCP","1514","8004  >  36216 [ACK] Seq=263726 Ack=144 Win=65024 Len=1448 TSval=2916037660 TSecr=3045557432 [TCP segment of a reassembled PDU]"
"36935","33.579670855","192.168.1.55","192.168.1.2","TCP","1514","8004  >  36216 [ACK] Seq=265174 Ack=144 Win=65024 Len=1448 TSval=2916037660 TSecr=3045557432 [TCP segment of a reassembled PDU]"
"36936","33.579672355","192.168.1.55","192.168.1.2","TCP","1514","8004  >  36216 [ACK] Seq=266622 Ack=144 Win=65024 Len=1448 TSval=2916037660 TSecr=3045557432 [TCP segment of a reassembled PDU]"
"36937","33.579674040","192.168.1.55","192.168.1.2","TCP","1514","8004  >  36216 [ACK] Seq=268070 Ack=144 Win=65024 Len=1448 TSval=2916037660 TSecr=3045557432 [TCP segment of a reassembled PDU]"
"36938","33.579675336","192.168.1.55","192.168.1.2","TCP","1514","8004  >  36216 [ACK] Seq=269518 Ack=144 Win=65024 Len=1448 TSval=2916037660 TSecr=3045557432 [TCP segment of a reassembled PDU]"
"36939","33.579676707","192.168.1.55","192.168.1.2","TCP","1514","8004  >  36216 [ACK] Seq=270966 Ack=144 Win=65024 Len=1448 TSval=2916037660 TSecr=3045557432 [TCP segment of a reassembled PDU]"
"36940","33.579678132","192.168.1.55","192.168.1.2","TCP","1514","8004  >  36216 [ACK] Seq=272414 Ack=144 Win=65024 Len=1448 TSval=2916037660 TSecr=3045557432 [TCP segment of a reassembled PDU]"
"36941","33.579679466","192.168.1.55","192.168.1.2","TCP","1514","8004  >  36216 [ACK] Seq=273862 Ack=144 Win=65024 Len=1448 TSval=2916037660 TSecr=3045557432 [TCP segment of a reassembled PDU]"
"36942","33.579680910","192.168.1.55","192.168.1.2","TCP","1514","8004  >  36216 [ACK] Seq=275310 Ack=144 Win=65024 Len=1448 TSval=2916037660 TSecr=3045557432 [TCP segment of a reassembled PDU]"
"36943","33.579682318","192.168.1.55","192.168.1.2","TCP","1514","8004  >  36216 [ACK] Seq=276758 Ack=144 Win=65024 Len=1448 TSval=2916037660 TSecr=3045557432 [TCP segment of a reassembled PDU]"
"36944","33.579683744","192.168.1.55","192.168.1.2","TCP","1514","8004  >  36216 [ACK] Seq=278206 Ack=144 Win=65024 Len=1448 TSval=2916037660 TSecr=3045557432 [TCP segment of a reassembled PDU]"
"36945","33.579685077","192.168.1.55","192.168.1.2","TCP","1514","8004  >  36216 [ACK] Seq=279654 Ack=144 Win=65024 Len=1448 TSval=2916037660 TSecr=3045557432 [TCP segment of a reassembled PDU]"
"36946","33.579686447","192.168.1.55","192.168.1.2","TCP","1514","8004  >  36216 [ACK] Seq=281102 Ack=144 Win=65024 Len=1448 TSval=2916037660 TSecr=3045557432 [TCP segment of a reassembled PDU]"
"36947","33.579687947","192.168.1.55","192.168.1.2","TCP","1514","8004  >  36216 [ACK] Seq=282550 Ack=144 Win=65024 Len=1448 TSval=2916037660 TSecr=3045557432 [TCP segment of a reassembled PDU]"
"36948","33.579689651","192.168.1.55","192.168.1.2","TCP","1514","8004  >  36216 [ACK] Seq=283998 Ack=144 Win=65024 Len=1448 TSval=2916037660 TSecr=3045557432 [TCP segment of a reassembled PDU]"
"36949","33.579691077","192.168.1.55","192.168.1.2","TCP","1514","8004  >  36216 [ACK] Seq=285446 Ack=144 Win=65024 Len=1448 TSval=2916037660 TSecr=3045557432 [TCP segment of a reassembled PDU]"
"36950","33.579692484","192.168.1.55","192.168.1.2","TCP","1514","8004  >  36216 [ACK] Seq=286894 Ack=144 Win=65024 Len=1448 TSval=2916037660 TSecr=3045557432 [TCP segment of a reassembled PDU]"
"36951","33.579693781","192.168.1.55","192.168.1.2","TCP","1514","8004  >  36216 [ACK] Seq=288342 Ack=144 Win=65024 Len=1448 TSval=2916037660 TSecr=3045557432 [TCP segment of a reassembled PDU]"
"36952","33.579695188","192.168.1.55","192.168.1.2","TCP","1514","8004  >  36216 [ACK] Seq=289790 Ack=144 Win=65024 Len=1448 TSval=2916037660 TSecr=3045557432 [TCP segment of a reassembled PDU]"
"36953","33.579696577","192.168.1.55","192.168.1.2","TCP","1514","8004  >  36216 [ACK] Seq=291238 Ack=144 Win=65024 Len=1448 TSval=2916037660 TSecr=3045557432 [TCP segment of a reassembled PDU]"
"36954","33.579698095","192.168.1.55","192.168.1.2","TCP","1514","8004  >  36216 [ACK] Seq=292686 Ack=144 Win=65024 Len=1448 TSval=2916037660 TSecr=3045557432 [TCP segment of a reassembled PDU]"
"36955","33.579699744","192.168.1.55","192.168.1.2","TCP","1514","8004  >  36216 [ACK] Seq=294134 Ack=144 Win=65024 Len=1448 TSval=2916037660 TSecr=3045557432 [TCP segment of a reassembled PDU]"
"36956","33.579701188","192.168.1.55","192.168.1.2","TCP","1514","8004  >  36216 [ACK] Seq=295582 Ack=144 Win=65024 Len=1448 TSval=2916037660 TSecr=3045557432 [TCP segment of a reassembled PDU]"
"36957","33.579702595","192.168.1.55","192.168.1.2","TCP","1514","8004  >  36216 [ACK] Seq=297030 Ack=144 Win=65024 Len=1448 TSval=2916037660 TSecr=3045557432 [TCP segment of a reassembled PDU]"
"36958","33.579703892","192.168.1.55","192.168.1.2","TCP","1514","8004  >  36216 [PSH, ACK] Seq=298478 Ack=144 Win=65024 Len=1448 TSval=2916037660 TSecr=3045557432 [TCP segment of a reassembled PDU]"
"36959","33.579710688","192.168.1.2","192.168.1.55","TCP","66","36216  >  8004 [ACK] Seq=144 Ack=215942 Win=84992 Len=0 TSval=3045557433 TSecr=2916037654"
"36960","33.579721207","192.168.1.2","192.168.1.55","TCP","66","36216  >  8004 [ACK] Seq=144 Ack=228974 Win=72704 Len=0 TSval=3045557433 TSecr=2916037654"
"36961","33.579727207","192.168.1.2","192.168.1.55","TCP","66","36216  >  8004 [ACK] Seq=144 Ack=230422 Win=101376 Len=0 TSval=3045557433 TSecr=2916037654"
"36962","33.579733151","192.168.1.2","192.168.1.55","TCP","66","36216  >  8004 [ACK] Seq=144 Ack=231470 Win=104448 Len=0 TSval=3045557433 TSecr=2916037654"
"36963","33.580927227","192.168.1.55","192.168.1.2","TCP","1514","8004  >  36216 [ACK] Seq=299926 Ack=144 Win=65024 Len=1448 TSval=2916037661 TSecr=3045557433 [TCP segment of a reassembled PDU]"
"36964","33.580932412","192.168.1.55","192.168.1.2","TCP","1514","8004  >  36216 [ACK] Seq=301374 Ack=144 Win=65024 Len=1448 TSval=2916037661 TSecr=3045557433 [TCP segment of a reassembled PDU]"
"36965","33.580933894","192.168.1.55","192.168.1.2","TCP","1514","8004  >  36216 [ACK] Seq=302822 Ack=144 Win=65024 Len=1448 TSval=2916037661 TSecr=3045557433 [TCP segment of a reassembled PDU]"
"36966","33.580935338","192.168.1.55","192.168.1.2","TCP","1514","8004  >  36216 [ACK] Seq=304270 Ack=144 Win=65024 Len=1448 TSval=2916037661 TSecr=3045557433 [TCP segment of a reassembled PDU]"
"36967","33.580936801","192.168.1.55","192.168.1.2","TCP","1514","8004  >  36216 [ACK] Seq=305718 Ack=144 Win=65024 Len=1448 TSval=2916037661 TSecr=3045557433 [TCP segment of a reassembled PDU]"
"36968","33.580938190","192.168.1.55","192.168.1.2","TCP","1514","8004  >  36216 [PSH, ACK] Seq=307166 Ack=144 Win=65024 Len=1448 TSval=2916037661 TSecr=3045557433 [TCP segment of a reassembled PDU]"
"36969","33.580962783","192.168.1.55","192.168.1.2","TCP","1514","8004  >  36216 [ACK] Seq=308614 Ack=144 Win=65024 Len=1448 TSval=2916037661 TSecr=3045557433 [TCP segment of a reassembled PDU]"
"36970","33.580964468","192.168.1.55","192.168.1.2","TCP","1514","8004  >  36216 [ACK] Seq=310062 Ack=144 Win=65024 Len=1448 TSval=2916037661 TSecr=3045557433 [TCP segment of a reassembled PDU]"
"36971","33.580965838","192.168.1.55","192.168.1.2","TCP","1514","8004  >  36216 [ACK] Seq=311510 Ack=144 Win=65024 Len=1448 TSval=2916037661 TSecr=3045557433 [TCP segment of a reassembled PDU]"
"36972","33.580967227","192.168.1.55","192.168.1.2","TCP","1514","8004  >  36216 [ACK] Seq=312958 Ack=144 Win=65024 Len=1448 TSval=2916037661 TSecr=3045557433 [TCP segment of a reassembled PDU]"
"36973","33.580968931","192.168.1.55","192.168.1.2","TCP","1514","8004  >  36216 [ACK] Seq=314406 Ack=144 Win=65024 Len=1448 TSval=2916037661 TSecr=3045557433 [TCP segment of a reassembled PDU]"
"36974","33.580970283","192.168.1.55","192.168.1.2","TCP","1514","8004  >  36216 [ACK] Seq=315854 Ack=144 Win=65024 Len=1448 TSval=2916037661 TSecr=3045557433 [TCP segment of a reassembled PDU]"
"36975","33.580971727","192.168.1.55","192.168.1.2","TCP","1514","8004  >  36216 [ACK] Seq=317302 Ack=144 Win=65024 Len=1448 TSval=2916037661 TSecr=3045557433 [TCP segment of a reassembled PDU]"
"36976","33.580973338","192.168.1.55","192.168.1.2","TCP","1514","8004  >  36216 [ACK] Seq=318750 Ack=144 Win=65024 Len=1448 TSval=2916037661 TSecr=3045557433 [TCP segment of a reassembled PDU]"
"36977","33.580974764","192.168.1.55","192.168.1.2","TCP","1514","8004  >  36216 [ACK] Seq=320198 Ack=144 Win=65024 Len=1448 TSval=2916037661 TSecr=3045557433 [TCP segment of a reassembled PDU]"
"36978","33.580976079","192.168.1.55","192.168.1.2","TCP","1514","8004  >  36216 [ACK] Seq=321646 Ack=144 Win=65024 Len=1448 TSval=2916037661 TSecr=3045557433 [TCP segment of a reassembled PDU]"
"36979","33.580977523","192.168.1.55","192.168.1.2","TCP","1514","8004  >  36216 [ACK] Seq=323094 Ack=144 Win=65024 Len=1448 TSval=2916037661 TSecr=3045557433 [TCP segment of a reassembled PDU]"
"36980","33.580978857","192.168.1.55","192.168.1.2","TCP","1514","8004  >  36216 [ACK] Seq=324542 Ack=144 Win=65024 Len=1448 TSval=2916037661 TSecr=3045557433 [TCP segment of a reassembled PDU]"
"36981","33.580980394","192.168.1.55","192.168.1.2","TCP","1514","8004  >  36216 [ACK] Seq=325990 Ack=144 Win=65024 Len=1448 TSval=2916037661 TSecr=3045557433 [TCP segment of a reassembled PDU]"
"36982","33.580981690","192.168.1.55","192.168.1.2","TCP","1514","8004  >  36216 [ACK] Seq=327438 Ack=144 Win=65024 Len=1448 TSval=2916037661 TSecr=3045557433 [TCP segment of a reassembled PDU]"
"36983","33.580983079","192.168.1.55","192.168.1.2","TCP","1514","8004  >  36216 [ACK] Seq=328886 Ack=144 Win=65024 Len=1448 TSval=2916037661 TSecr=3045557433 [TCP segment of a reassembled PDU]"
"36984","33.580984468","192.168.1.55","192.168.1.2","TCP","1514","8004  >  36216 [ACK] Seq=330334 Ack=144 Win=65024 Len=1448 TSval=2916037661 TSecr=3045557433 [TCP segment of a reassembled PDU]"
"36985","33.580985727","192.168.1.55","192.168.1.2","TCP","1514","8004  >  36216 [ACK] Seq=331782 Ack=144 Win=65024 Len=1448 TSval=2916037661 TSecr=3045557433 [TCP segment of a reassembled PDU]"
"36986","33.580987172","192.168.1.55","192.168.1.2","TCP","1514","8004  >  36216 [PSH, ACK] Seq=333230 Ack=144 Win=65024 Len=1448 TSval=2916037661 TSecr=3045557433 [TCP segment of a reassembled PDU]"
"36987","33.587439108","192.168.1.2","192.168.1.55","TCP","66","36216  >  8004 [ACK] Seq=144 Ack=258982 Win=81920 Len=0 TSval=3045557442 TSecr=2916037660"
"36988","33.587469145","192.168.1.55","192.168.1.2","TCP","1514","8004  >  36216 [ACK] Seq=334678 Ack=144 Win=65024 Len=1448 TSval=2916037668 TSecr=3045557442 [TCP segment of a reassembled PDU]"
"36989","33.587472293","192.168.1.55","192.168.1.2","TCP","1514","8004  >  36216 [ACK] Seq=336126 Ack=144 Win=65024 Len=1448 TSval=2916037668 TSecr=3045557442 [TCP segment of a reassembled PDU]"
"36990","33.587473349","192.168.1.55","192.168.1.2","TCP","1514","8004  >  36216 [ACK] Seq=337574 Ack=144 Win=65024 Len=1448 TSval=2916037668 TSecr=3045557442 [TCP segment of a reassembled PDU]"
"36991","33.587474256","192.168.1.55","192.168.1.2","TCP","1514","8004  >  36216 [PSH, ACK] Seq=339022 Ack=144 Win=65024 Len=1448 TSval=2916037668 TSecr=3045557442 [TCP segment of a reassembled PDU]"
"36992","33.587526034","192.168.1.2","192.168.1.55","TCP","66","36216  >  8004 [ACK] Seq=144 Ack=261878 Win=107520 Len=0 TSval=3045557442 TSecr=2916037660"
"36993","33.587540552","192.168.1.55","192.168.1.2","TCP","1514","8004  >  36216 [ACK] Seq=340470 Ack=144 Win=65024 Len=1448 TSval=2916037668 TSecr=3045557442 [TCP segment of a reassembled PDU]"
"36994","33.587541904","192.168.1.55","192.168.1.2","TCP","1514","8004  >  36216 [ACK] Seq=341918 Ack=144 Win=65024 Len=1448 TSval=2916037668 TSecr=3045557442 [TCP segment of a reassembled PDU]"
"36995","33.587542775","192.168.1.55","192.168.1.2","TCP","1514","8004  >  36216 [ACK] Seq=343366 Ack=144 Win=65024 Len=1448 TSval=2916037668 TSecr=3045557442 [TCP segment of a reassembled PDU]"
"36996","33.587543738","192.168.1.55","192.168.1.2","TCP","1514","8004  >  36216 [ACK] Seq=344814 Ack=144 Win=65024 Len=1448 TSval=2916037668 TSecr=3045557442 [TCP segment of a reassembled PDU]"
"36997","33.587544626","192.168.1.55","192.168.1.2","TCP","1514","8004  >  36216 [ACK] Seq=346262 Ack=144 Win=65024 Len=1448 TSval=2916037668 TSecr=3045557442 [TCP segment of a reassembled PDU]"
"36998","33.587545515","192.168.1.55","192.168.1.2","TCP","1514","8004  >  36216 [ACK] Seq=347710 Ack=144 Win=65024 Len=1448 TSval=2916037668 TSecr=3045557442 [TCP segment of a reassembled PDU]"
"36999","33.587546608","192.168.1.55","192.168.1.2","TCP","1514","8004  >  36216 [ACK] Seq=349158 Ack=144 Win=65024 Len=1448 TSval=2916037668 TSecr=3045557442 [TCP segment of a reassembled PDU]"
"37000","33.587547497","192.168.1.55","192.168.1.2","TCP","1514","8004  >  36216 [ACK] Seq=350606 Ack=144 Win=65024 Len=1448 TSval=2916037668 TSecr=3045557442 [TCP segment of a reassembled PDU]"
"37001","33.587548460","192.168.1.55","192.168.1.2","TCP","1514","8004  >  36216 [ACK] Seq=352054 Ack=144 Win=65024 Len=1448 TSval=2916037668 TSecr=3045557442 [TCP segment of a reassembled PDU]"
"37002","33.587549349","192.168.1.55","192.168.1.2","TCP","1514","8004  >  36216 [PSH, ACK] Seq=353502 Ack=144 Win=65024 Len=1448 TSval=2916037668 TSecr=3045557442 [TCP segment of a reassembled PDU]"
"37003","33.587552367","192.168.1.2","192.168.1.55","TCP","66","36216  >  8004 [ACK] Seq=144 Ack=265174 Win=107520 Len=0 TSval=3045557442 TSecr=2916037660"
"37004","33.588136405","192.168.1.2","192.168.1.55","TCP","66","36216  >  8004 [ACK] Seq=144 Ack=299926 Win=76800 Len=0 TSval=3045557443 TSecr=2916037660"
"37005","33.588185683","192.168.1.2","192.168.1.55","TCP","66","36216  >  8004 [ACK] Seq=144 Ack=334678 Win=43008 Len=0 TSval=3045557443 TSecr=2916037661"
"37006","33.588204442","192.168.1.55","192.168.1.2","TCP","1514","8004  >  36216 [ACK] Seq=354950 Ack=144 Win=65024 Len=1448 TSval=2916037668 TSecr=3045557443 [TCP segment of a reassembled PDU]"
"37007","33.588205757","192.168.1.55","192.168.1.2","TCP","1514","8004  >  36216 [ACK] Seq=356398 Ack=144 Win=65024 Len=1448 TSval=2916037668 TSecr=3045557443 [TCP segment of a reassembled PDU]"
"37008","33.588206813","192.168.1.55","192.168.1.2","TCP","1514","8004  >  36216 [ACK] Seq=357846 Ack=144 Win=65024 Len=1448 TSval=2916037668 TSecr=3045557443 [TCP segment of a reassembled PDU]"
"37009","33.588207887","192.168.1.55","192.168.1.2","TCP","1514","8004  >  36216 [ACK] Seq=359294 Ack=144 Win=65024 Len=1448 TSval=2916037668 TSecr=3045557443 [TCP segment of a reassembled PDU]"
"37010","33.588208850","192.168.1.55","192.168.1.2","TCP","1514","8004  >  36216 [ACK] Seq=360742 Ack=144 Win=65024 Len=1448 TSval=2916037668 TSecr=3045557443 [TCP segment of a reassembled PDU]"
"37011","33.588209831","192.168.1.55","192.168.1.2","TCP","1514","8004  >  36216 [ACK] Seq=362190 Ack=144 Win=65024 Len=1448 TSval=2916037668 TSecr=3045557443 [TCP segment of a reassembled PDU]"
"37012","33.588210794","192.168.1.55","192.168.1.2","TCP","1514","8004  >  36216 [ACK] Seq=363638 Ack=144 Win=65024 Len=1448 TSval=2916037668 TSecr=3045557443 [TCP segment of a reassembled PDU]"
"37013","33.588211702","192.168.1.55","192.168.1.2","TCP","1514","8004  >  36216 [ACK] Seq=365086 Ack=144 Win=65024 Len=1448 TSval=2916037668 TSecr=3045557443 [TCP segment of a reassembled PDU]"
"37014","33.588213072","192.168.1.55","192.168.1.2","TCP","1514","8004  >  36216 [ACK] Seq=366534 Ack=144 Win=65024 Len=1448 TSval=2916037668 TSecr=3045557443 [TCP segment of a reassembled PDU]"
"37015","33.588214183","192.168.1.55","192.168.1.2","TCP","1514","8004  >  36216 [ACK] Seq=367982 Ack=144 Win=65024 Len=1448 TSval=2916037668 TSecr=3045557443 [TCP segment of a reassembled PDU]"
"37016","33.588215090","192.168.1.55","192.168.1.2","TCP","1514","8004  >  36216 [ACK] Seq=369430 Ack=144 Win=65024 Len=1448 TSval=2916037668 TSecr=3045557443 [TCP segment of a reassembled PDU]"
"37017","33.588216572","192.168.1.55","192.168.1.2","TCP","1514","8004  >  36216 [ACK] Seq=370878 Ack=144 Win=65024 Len=1448 TSval=2916037668 TSecr=3045557443 [TCP segment of a reassembled PDU]"
"37018","33.588217572","192.168.1.55","192.168.1.2","TCP","1514","8004  >  36216 [ACK] Seq=372326 Ack=144 Win=65024 Len=1448 TSval=2916037668 TSecr=3045557443 [TCP segment of a reassembled PDU]"
"37019","33.588218924","192.168.1.55","192.168.1.2","TCP","1514","8004  >  36216 [ACK] Seq=373774 Ack=144 Win=65024 Len=1448 TSval=2916037668 TSecr=3045557443 [TCP segment of a reassembled PDU]"
"37020","33.588219905","192.168.1.55","192.168.1.2","TCP","1514","8004  >  36216 [ACK] Seq=375222 Ack=144 Win=65024 Len=1448 TSval=2916037668 TSecr=3045557443 [TCP segment of a reassembled PDU]"
"37021","33.588220831","192.168.1.55","192.168.1.2","TCP","1082","[TCP Window Full] 8004  >  36216 [PSH, ACK] Seq=376670 Ack=144 Win=65024 Len=1016 TSval=2916037668 TSecr=3045557443 [TCP segment of a reassembled PDU]"
"37022","33.588224035","192.168.1.2","192.168.1.55","TCP","66","[TCP Window Update] 36216  >  8004 [ACK] Seq=144 Ack=334678 Win=86016 Len=0 TSval=3045557443 TSecr=2916037661"
"37023","33.588243590","192.168.1.55","192.168.1.2","TCP","1514","8004  >  36216 [ACK] Seq=377686 Ack=144 Win=65024 Len=1448 TSval=2916037668 TSecr=3045557443 [TCP segment of a reassembled PDU]"
"37024","33.588244887","192.168.1.55","192.168.1.2","TCP","1514","8004  >  36216 [ACK] Seq=379134 Ack=144 Win=65024 Len=1448 TSval=2916037668 TSecr=3045557443 [TCP segment of a reassembled PDU]"
"37025","33.588245961","192.168.1.55","192.168.1.2","TCP","1514","8004  >  36216 [ACK] Seq=380582 Ack=144 Win=65024 Len=1448 TSval=2916037668 TSecr=3045557443 [TCP segment of a reassembled PDU]"
"37026","33.588246961","192.168.1.55","192.168.1.2","TCP","1514","8004  >  36216 [ACK] Seq=382030 Ack=144 Win=65024 Len=1448 TSval=2916037668 TSecr=3045557443 [TCP segment of a reassembled PDU]"
"37027","33.588248035","192.168.1.55","192.168.1.2","TCP","1514","8004  >  36216 [ACK] Seq=383478 Ack=144 Win=65024 Len=1448 TSval=2916037668 TSecr=3045557443 [TCP segment of a reassembled PDU]"
"37028","33.588248998","192.168.1.55","192.168.1.2","TCP","1514","8004  >  36216 [ACK] Seq=384926 Ack=144 Win=65024 Len=1448 TSval=2916037668 TSecr=3045557443 [TCP segment of a reassembled PDU]"
"37029","33.588249979","192.168.1.55","192.168.1.2","TCP","1514","8004  >  36216 [ACK] Seq=386374 Ack=144 Win=65024 Len=1448 TSval=2916037668 TSecr=3045557443 [TCP segment of a reassembled PDU]"
"37030","33.588250942","192.168.1.55","192.168.1.2","TCP","1514","8004  >  36216 [ACK] Seq=387822 Ack=144 Win=65024 Len=1448 TSval=2916037668 TSecr=3045557443 [TCP segment of a reassembled PDU]"
"37031","33.588251868","192.168.1.55","192.168.1.2","TCP","1514","8004  >  36216 [ACK] Seq=389270 Ack=144 Win=65024 Len=1448 TSval=2916037668 TSecr=3045557443 [TCP segment of a reassembled PDU]"
"37032","33.588252887","192.168.1.55","192.168.1.2","TCP","1514","8004  >  36216 [ACK] Seq=390718 Ack=144 Win=65024 Len=1448 TSval=2916037668 TSecr=3045557443 [TCP segment of a reassembled PDU]"
"37033","33.588253905","192.168.1.55","192.168.1.2","TCP","1514","8004  >  36216 [ACK] Seq=392166 Ack=144 Win=65024 Len=1448 TSval=2916037668 TSecr=3045557443 [TCP segment of a reassembled PDU]"
"37034","33.588254868","192.168.1.55","192.168.1.2","TCP","1514","8004  >  36216 [ACK] Seq=393614 Ack=144 Win=65024 Len=1448 TSval=2916037668 TSecr=3045557443 [TCP segment of a reassembled PDU]"
"37035","33.588256202","192.168.1.55","192.168.1.2","TCP","1514","8004  >  36216 [ACK] Seq=395062 Ack=144 Win=65024 Len=1448 TSval=2916037668 TSecr=3045557443 [TCP segment of a reassembled PDU]"
"37036","33.588257868","192.168.1.55","192.168.1.2","TCP","1514","8004  >  36216 [ACK] Seq=396510 Ack=144 Win=65024 Len=1448 TSval=2916037668 TSecr=3045557443 [TCP segment of a reassembled PDU]"
"37037","33.588258850","192.168.1.55","192.168.1.2","TCP","1514","8004  >  36216 [ACK] Seq=397958 Ack=144 Win=65024 Len=1448 TSval=2916037668 TSecr=3045557443 [TCP segment of a reassembled PDU]"
"37038","33.588259850","192.168.1.55","192.168.1.2","TCP","1514","8004  >  36216 [PSH, ACK] Seq=399406 Ack=144 Win=65024 Len=1448 TSval=2916037668 TSecr=3045557443 [TCP segment of a reassembled PDU]"
"37039","33.589224129","192.168.1.55","192.168.1.2","TCP","498","8004  >  36216 [PSH, ACK] Seq=400854 Ack=144 Win=65024 Len=432 TSval=2916037669 TSecr=3045557443 [TCP segment of a reassembled PDU]"
"37040","33.589253666","192.168.1.55","192.168.1.2","TCP","1514","8004  >  36216 [ACK] Seq=401286 Ack=144 Win=65024 Len=1448 TSval=2916037669 TSecr=3045557443 [TCP segment of a reassembled PDU]"
"37041","33.589256351","192.168.1.55","192.168.1.2","TCP","1514","8004  >  36216 [ACK] Seq=402734 Ack=144 Win=65024 Len=1448 TSval=2916037669 TSecr=3045557443 [TCP segment of a reassembled PDU]"
"37042","33.589257703","192.168.1.55","192.168.1.2","TCP","1514","8004  >  36216 [ACK] Seq=404182 Ack=144 Win=65024 Len=1448 TSval=2916037669 TSecr=3045557443 [TCP segment of a reassembled PDU]"
"37043","33.589258888","192.168.1.55","192.168.1.2","TCP","1514","8004  >  36216 [ACK] Seq=405630 Ack=144 Win=65024 Len=1448 TSval=2916037669 TSecr=3045557443 [TCP segment of a reassembled PDU]"
"37044","33.589260259","192.168.1.55","192.168.1.2","TCP","1514","8004  >  36216 [ACK] Seq=407078 Ack=144 Win=65024 Len=1448 TSval=2916037669 TSecr=3045557443 [TCP segment of a reassembled PDU]"
"37045","33.589261888","192.168.1.55","192.168.1.2","TCP","1514","8004  >  36216 [ACK] Seq=408526 Ack=144 Win=65024 Len=1448 TSval=2916037669 TSecr=3045557443 [TCP segment of a reassembled PDU]"
"37046","33.589263425","192.168.1.55","192.168.1.2","TCP","1514","8004  >  36216 [ACK] Seq=409974 Ack=144 Win=65024 Len=1448 TSval=2916037669 TSecr=3045557443 [TCP segment of a reassembled PDU]"
"37047","33.589265055","192.168.1.55","192.168.1.2","TCP","1514","8004  >  36216 [ACK] Seq=411422 Ack=144 Win=65024 Len=1448 TSval=2916037669 TSecr=3045557443 [TCP segment of a reassembled PDU]"
"37048","33.589266925","192.168.1.55","192.168.1.2","TCP","1514","8004  >  36216 [ACK] Seq=412870 Ack=144 Win=65024 Len=1448 TSval=2916037669 TSecr=3045557443 [TCP segment of a reassembled PDU]"
"37049","33.589268648","192.168.1.55","192.168.1.2","TCP","1514","8004  >  36216 [ACK] Seq=414318 Ack=144 Win=65024 Len=1448 TSval=2916037669 TSecr=3045557443 [TCP segment of a reassembled PDU]"
"37050","33.589270740","192.168.1.55","192.168.1.2","TCP","1514","8004  >  36216 [ACK] Seq=415766 Ack=144 Win=65024 Len=1448 TSval=2916037669 TSecr=3045557443 [TCP segment of a reassembled PDU]"
"37051","33.589272203","192.168.1.55","192.168.1.2","TCP","1514","8004  >  36216 [ACK] Seq=417214 Ack=144 Win=65024 Len=1448 TSval=2916037669 TSecr=3045557443 [TCP segment of a reassembled PDU]"
"37052","33.589273388","192.168.1.55","192.168.1.2","TCP","1514","8004  >  36216 [PSH, ACK] Seq=418662 Ack=144 Win=65024 Len=1448 TSval=2916037669 TSecr=3045557443 [TCP segment of a reassembled PDU]"
"37053","33.593865822","192.168.1.2","192.168.1.55","TCP","66","36216  >  8004 [ACK] Seq=144 Ack=340470 Win=103424 Len=0 TSval=3045557448 TSecr=2916037668"
"37054","33.593908155","192.168.1.55","192.168.1.2","TCP","1514","8004  >  36216 [ACK] Seq=420110 Ack=144 Win=65024 Len=1448 TSval=2916037674 TSecr=3045557448 [TCP segment of a reassembled PDU]"
"37055","33.593912488","192.168.1.55","192.168.1.2","TCP","1514","8004  >  36216 [ACK] Seq=421558 Ack=144 Win=65024 Len=1448 TSval=2916037674 TSecr=3045557448 [TCP segment of a reassembled PDU]"
"37056","33.593913637","192.168.1.55","192.168.1.2","TCP","1514","8004  >  36216 [ACK] Seq=423006 Ack=144 Win=65024 Len=1448 TSval=2916037674 TSecr=3045557448 [TCP segment of a reassembled PDU]"
"37057","33.593914544","192.168.1.55","192.168.1.2","TCP","1514","8004  >  36216 [ACK] Seq=424454 Ack=144 Win=65024 Len=1448 TSval=2916037674 TSecr=3045557448 [TCP segment of a reassembled PDU]"
"37058","33.593915692","192.168.1.55","192.168.1.2","TCP","1514","8004  >  36216 [ACK] Seq=425902 Ack=144 Win=65024 Len=1448 TSval=2916037674 TSecr=3045557448 [TCP segment of a reassembled PDU]"
"37059","33.593917118","192.168.1.55","192.168.1.2","TCP","1514","8004  >  36216 [ACK] Seq=427350 Ack=144 Win=65024 Len=1448 TSval=2916037674 TSecr=3045557448 [TCP segment of a reassembled PDU]"
"37060","33.593918155","192.168.1.55","192.168.1.2","TCP","1514","8004  >  36216 [ACK] Seq=428798 Ack=144 Win=65024 Len=1448 TSval=2916037674 TSecr=3045557448 [TCP segment of a reassembled PDU]"
"37061","33.593919062","192.168.1.55","192.168.1.2","TCP","1514","8004  >  36216 [ACK] Seq=430246 Ack=144 Win=65024 Len=1448 TSval=2916037674 TSecr=3045557448 [TCP segment of a reassembled PDU]"
"37062","33.593919988","192.168.1.55","192.168.1.2","TCP","1514","8004  >  36216 [ACK] Seq=431694 Ack=144 Win=65024 Len=1448 TSval=2916037674 TSecr=3045557448 [TCP segment of a reassembled PDU]"
"37063","33.593920951","192.168.1.55","192.168.1.2","TCP","1514","8004  >  36216 [ACK] Seq=433142 Ack=144 Win=65024 Len=1448 TSval=2916037674 TSecr=3045557448 [TCP segment of a reassembled PDU]"
"37064","33.593921951","192.168.1.55","192.168.1.2","TCP","1514","8004  >  36216 [ACK] Seq=434590 Ack=144 Win=65024 Len=1448 TSval=2916037674 TSecr=3045557448 [TCP segment of a reassembled PDU]"
"37065","33.593922970","192.168.1.55","192.168.1.2","TCP","1514","8004  >  36216 [ACK] Seq=436038 Ack=144 Win=65024 Len=1448 TSval=2916037674 TSecr=3045557448 [TCP segment of a reassembled PDU]"
"37066","33.593930785","192.168.1.55","192.168.1.2","TCP","1514","8004  >  36216 [ACK] Seq=437486 Ack=144 Win=65024 Len=1448 TSval=2916037674 TSecr=3045557448 [TCP segment of a reassembled PDU]"
"37067","33.593932322","192.168.1.55","192.168.1.2","TCP","1514","8004  >  36216 [ACK] Seq=438934 Ack=144 Win=65024 Len=1448 TSval=2916037674 TSecr=3045557448 [TCP segment of a reassembled PDU]"
"37068","33.593933303","192.168.1.55","192.168.1.2","TCP","1514","8004  >  36216 [ACK] Seq=440382 Ack=144 Win=65024 Len=1448 TSval=2916037674 TSecr=3045557448 [TCP segment of a reassembled PDU]"
"37069","33.593934248","192.168.1.55","192.168.1.2","TCP","1514","8004  >  36216 [PSH, ACK] Seq=441830 Ack=144 Win=65024 Len=1448 TSval=2916037674 TSecr=3045557448 [TCP segment of a reassembled PDU]"
"37070","33.594018563","192.168.1.2","192.168.1.55","TCP","66","36216  >  8004 [ACK] Seq=144 Ack=354950 Win=137216 Len=0 TSval=3045557448 TSecr=2916037668"
"37071","33.594036915","192.168.1.55","192.168.1.2","TCP","1514","8004  >  36216 [ACK] Seq=443278 Ack=144 Win=65024 Len=1448 TSval=2916037674 TSecr=3045557448 [TCP segment of a reassembled PDU]"
"37072","33.594038563","192.168.1.55","192.168.1.2","TCP","1514","8004  >  36216 [ACK] Seq=444726 Ack=144 Win=65024 Len=1448 TSval=2916037674 TSecr=3045557448 [TCP segment of a reassembled PDU]"
"37073","33.594039563","192.168.1.55","192.168.1.2","TCP","1514","8004  >  36216 [PSH, ACK] Seq=446174 Ack=144 Win=65024 Len=1448 TSval=2916037674 TSecr=3045557448 [TCP segment of a reassembled PDU]"
"37074","33.594044081","192.168.1.2","192.168.1.55","TCP","66","36216  >  8004 [ACK] Seq=144 Ack=365086 Win=156672 Len=0 TSval=3045557448 TSecr=2916037668"
"37075","33.594101433","192.168.1.55","192.168.1.2","TCP","1514","8004  >  36216 [ACK] Seq=447622 Ack=144 Win=65024 Len=1448 TSval=2916037674 TSecr=3045557448 [TCP segment of a reassembled PDU]"
"37076","33.594103711","192.168.1.55","192.168.1.2","TCP","1514","8004  >  36216 [ACK] Seq=449070 Ack=144 Win=65024 Len=1448 TSval=2916037674 TSecr=3045557448 [TCP segment of a reassembled PDU]"
"37077","33.594104896","192.168.1.55","192.168.1.2","TCP","1514","8004  >  36216 [ACK] Seq=450518 Ack=144 Win=65024 Len=1448 TSval=2916037674 TSecr=3045557448 [TCP segment of a reassembled PDU]"
"37078","33.594105822","192.168.1.55","192.168.1.2","TCP","1514","8004  >  36216 [ACK] Seq=451966 Ack=144 Win=65024 Len=1448 TSval=2916037674 TSecr=3045557448 [TCP segment of a reassembled PDU]"
"37079","33.594107044","192.168.1.55","192.168.1.2","TCP","1514","8004  >  36216 [ACK] Seq=453414 Ack=144 Win=65024 Len=1448 TSval=2916037674 TSecr=3045557448 [TCP segment of a reassembled PDU]"
"37080","33.594109007","192.168.1.55","192.168.1.2","TCP","1514","8004  >  36216 [ACK] Seq=454862 Ack=144 Win=65024 Len=1448 TSval=2916037674 TSecr=3045557448 [TCP segment of a reassembled PDU]"
"37081","33.594110748","192.168.1.55","192.168.1.2","TCP","1514","8004  >  36216 [ACK] Seq=456310 Ack=144 Win=65024 Len=1448 TSval=2916037674 TSecr=3045557448 [TCP segment of a reassembled PDU]"
"37082","33.594111785","192.168.1.55","192.168.1.2","TCP","1514","8004  >  36216 [ACK] Seq=457758 Ack=144 Win=65024 Len=1448 TSval=2916037674 TSecr=3045557448 [TCP segment of a reassembled PDU]"
"37083","33.594112711","192.168.1.55","192.168.1.2","TCP","1514","8004  >  36216 [ACK] Seq=459206 Ack=144 Win=65024 Len=1448 TSval=2916037674 TSecr=3045557448 [TCP segment of a reassembled PDU]"
"37084","33.594113989","192.168.1.55","192.168.1.2","TCP","1514","8004  >  36216 [ACK] Seq=460654 Ack=144 Win=65024 Len=1448 TSval=2916037674 TSecr=3045557448 [TCP segment of a reassembled PDU]"
"37085","33.594114989","192.168.1.55","192.168.1.2","TCP","1514","8004  >  36216 [ACK] Seq=462102 Ack=144 Win=65024 Len=1448 TSval=2916037674 TSecr=3045557448 [TCP segment of a reassembled PDU]"
"37086","33.594115933","192.168.1.55","192.168.1.2","TCP","1514","8004  >  36216 [ACK] Seq=463550 Ack=144 Win=65024 Len=1448 TSval=2916037674 TSecr=3045557448 [TCP segment of a reassembled PDU]"
"37087","33.594117044","192.168.1.55","192.168.1.2","TCP","1514","8004  >  36216 [ACK] Seq=464998 Ack=144 Win=65024 Len=1448 TSval=2916037674 TSecr=3045557448 [TCP segment of a reassembled PDU]"
"37088","33.594118229","192.168.1.55","192.168.1.2","TCP","1514","8004  >  36216 [ACK] Seq=466446 Ack=144 Win=65024 Len=1448 TSval=2916037674 TSecr=3045557448 [TCP segment of a reassembled PDU]"
"37089","33.594119229","192.168.1.55","192.168.1.2","TCP","1514","8004  >  36216 [ACK] Seq=467894 Ack=144 Win=65024 Len=1448 TSval=2916037674 TSecr=3045557448 [TCP segment of a reassembled PDU]"
"37090","33.594120489","192.168.1.55","192.168.1.2","TCP","1514","8004  >  36216 [ACK] Seq=469342 Ack=144 Win=65024 Len=1448 TSval=2916037674 TSecr=3045557448 [TCP segment of a reassembled PDU]"
"37091","33.594121952","192.168.1.55","192.168.1.2","TCP","1514","8004  >  36216 [ACK] Seq=470790 Ack=144 Win=65024 Len=1448 TSval=2916037674 TSecr=3045557448 [TCP segment of a reassembled PDU]"
"37092","33.594123007","192.168.1.55","192.168.1.2","TCP","1514","8004  >  36216 [ACK] Seq=472238 Ack=144 Win=65024 Len=1448 TSval=2916037674 TSecr=3045557448 [TCP segment of a reassembled PDU]"
"37093","33.594124600","192.168.1.55","192.168.1.2","TCP","1514","8004  >  36216 [ACK] Seq=473686 Ack=144 Win=65024 Len=1448 TSval=2916037674 TSecr=3045557448 [TCP segment of a reassembled PDU]"
"37094","33.594125581","192.168.1.55","192.168.1.2","TCP","1514","8004  >  36216 [ACK] Seq=475134 Ack=144 Win=65024 Len=1448 TSval=2916037674 TSecr=3045557448 [TCP segment of a reassembled PDU]"
"37095","33.594126729","192.168.1.55","192.168.1.2","TCP","1514","8004  >  36216 [ACK] Seq=476582 Ack=144 Win=65024 Len=1448 TSval=2916037674 TSecr=3045557448 [TCP segment of a reassembled PDU]"
"37096","33.594127674","192.168.1.55","192.168.1.2","TCP","1514","8004  >  36216 [ACK] Seq=478030 Ack=144 Win=65024 Len=1448 TSval=2916037674 TSecr=3045557448 [TCP segment of a reassembled PDU]"
"37097","33.594128970","192.168.1.55","192.168.1.2","TCP","1514","8004  >  36216 [ACK] Seq=479478 Ack=144 Win=65024 Len=1448 TSval=2916037674 TSecr=3045557448 [TCP segment of a reassembled PDU]"
"37098","33.594129952","192.168.1.55","192.168.1.2","TCP","1514","8004  >  36216 [ACK] Seq=480926 Ack=144 Win=65024 Len=1448 TSval=2916037674 TSecr=3045557448 [TCP segment of a reassembled PDU]"
"37099","33.594131100","192.168.1.55","192.168.1.2","TCP","1514","8004  >  36216 [ACK] Seq=482374 Ack=144 Win=65024 Len=1448 TSval=2916037674 TSecr=3045557448 [TCP segment of a reassembled PDU]"
"37100","33.594132229","192.168.1.55","192.168.1.2","TCP","1514","8004  >  36216 [ACK] Seq=483822 Ack=144 Win=65024 Len=1448 TSval=2916037674 TSecr=3045557448 [TCP segment of a reassembled PDU]"
"37101","33.594133563","192.168.1.55","192.168.1.2","TCP","1514","8004  >  36216 [ACK] Seq=485270 Ack=144 Win=65024 Len=1448 TSval=2916037674 TSecr=3045557448 [TCP segment of a reassembled PDU]"
"37102","33.594135081","192.168.1.55","192.168.1.2","TCP","1514","8004  >  36216 [ACK] Seq=486718 Ack=144 Win=65024 Len=1448 TSval=2916037674 TSecr=3045557448 [TCP segment of a reassembled PDU]"
"37103","33.594136378","192.168.1.55","192.168.1.2","TCP","1514","8004  >  36216 [ACK] Seq=488166 Ack=144 Win=65024 Len=1448 TSval=2916037674 TSecr=3045557448 [TCP segment of a reassembled PDU]"
"37104","33.594137489","192.168.1.55","192.168.1.2","TCP","1514","8004  >  36216 [ACK] Seq=489614 Ack=144 Win=65024 Len=1448 TSval=2916037674 TSecr=3045557448 [TCP segment of a reassembled PDU]"
"37105","33.594139063","192.168.1.55","192.168.1.2","TCP","1514","8004  >  36216 [ACK] Seq=491062 Ack=144 Win=65024 Len=1448 TSval=2916037674 TSecr=3045557448 [TCP segment of a reassembled PDU]"
"37106","33.594140137","192.168.1.55","192.168.1.2","TCP","1514","8004  >  36216 [PSH, ACK] Seq=492510 Ack=144 Win=65024 Len=1448 TSval=2916037674 TSecr=3045557448 [TCP segment of a reassembled PDU]"
"37107","33.594146692","192.168.1.2","192.168.1.55","TCP","66","36216  >  8004 [ACK] Seq=144 Ack=377686 Win=176128 Len=0 TSval=3045557449 TSecr=2916037668"
"37108","33.594214785","192.168.1.2","192.168.1.55","TCP","66","36216  >  8004 [ACK] Seq=144 Ack=400854 Win=165888 Len=0 TSval=3045557449 TSecr=2916037668"
"37109","33.594223433","192.168.1.2","192.168.1.55","TCP","66","36216  >  8004 [ACK] Seq=144 Ack=409974 Win=157696 Len=0 TSval=3045557449 TSecr=2916037669"
"37110","33.595447269","192.168.1.55","192.168.1.2","TCP","1514","8004  >  36216 [ACK] Seq=493958 Ack=144 Win=65024 Len=1448 TSval=2916037676 TSecr=3045557449 [TCP segment of a reassembled PDU]"
"37111","33.595451528","192.168.1.55","192.168.1.2","TCP","1514","8004  >  36216 [ACK] Seq=495406 Ack=144 Win=65024 Len=1448 TSval=2916037676 TSecr=3045557449 [TCP segment of a reassembled PDU]"
"37112","33.595452843","192.168.1.55","192.168.1.2","TCP","1514","8004  >  36216 [PSH, ACK] Seq=496854 Ack=144 Win=65024 Len=1448 TSval=2916037676 TSecr=3045557449 [TCP segment of a reassembled PDU]"
"37113","33.595459639","192.168.1.55","192.168.1.2","HTTP","222","HTTP/1.0 200 OK  (PNG)"
"37114","33.595465676","192.168.1.2","192.168.1.55","TCP","66","36216  >  8004 [ACK] Seq=144 Ack=420110 Win=176128 Len=0 TSval=3045557450 TSecr=2916037669"
"37115","33.599710479","192.168.1.2","192.168.1.55","TCP","66","36216  >  8004 [ACK] Seq=144 Ack=443278 Win=163840 Len=0 TSval=3045557454 TSecr=2916037674"
"37116","33.599819924","192.168.1.2","192.168.1.55","TCP","66","36216  >  8004 [ACK] Seq=144 Ack=447622 Win=184320 Len=0 TSval=3045557454 TSecr=2916037674"
"37117","33.599825164","192.168.1.2","192.168.1.55","TCP","66","36216  >  8004 [ACK] Seq=144 Ack=489614 Win=146432 Len=0 TSval=3045557454 TSecr=2916037674"
"37118","33.600509906","192.168.1.2","192.168.1.55","TCP","66","36216  >  8004 [ACK] Seq=144 Ack=493958 Win=182272 Len=0 TSval=3045557455 TSecr=2916037674"
"37119","33.600585166","192.168.1.2","192.168.1.55","TCP","66","36216  >  8004 [ACK] Seq=144 Ack=498302 Win=184320 Len=0 TSval=3045557455 TSecr=2916037676"
"37120","33.602020816","192.168.1.2","192.168.1.55","TCP","66","36216  >  8004 [FIN, ACK] Seq=144 Ack=498459 Win=187392 Len=0 TSval=3045557456 TSecr=2916037676"
"37121","33.602080909","192.168.1.55","192.168.1.2","TCP","66","8004  >  36216 [ACK] Seq=498459 Ack=145 Win=65024 Len=0 TSval=2916037682 TSecr=3045557456"
"37122","33.602134724","192.168.1.2","192.168.1.55","TCP","74","36224  >  8004 [SYN] Seq=0 Win=64240 Len=0 MSS=1460 SACK_PERM TSval=3045557457 TSecr=0 WS=1024"
"37123","33.602189316","192.168.1.55","192.168.1.2","TCP","74","8004  >  36224 [SYN, ACK] Seq=0 Ack=1 Win=65160 Len=0 MSS=1460 SACK_PERM TSval=2916037682 TSecr=3045557457 WS=128"
"37124","33.605520173","192.168.1.2","192.168.1.55","TCP","66","36224  >  8004 [ACK] Seq=1 Ack=1 Win=64512 Len=0 TSval=3045557460 TSecr=2916037682"
"37125","33.608685253","192.168.1.2","192.168.1.55","HTTP","206","GET /stego_benchmark.png HTTP/1.1 "
"37126","33.608722753","192.168.1.55","192.168.1.2","TCP","66","8004  >  36224 [ACK] Seq=1 Ack=141 Win=65024 Len=0 TSval=2916037689 TSecr=3045557460"
"37127","33.609454995","192.168.1.55","192.168.1.2","TCP","255","8004  >  36224 [PSH, ACK] Seq=1 Ack=141 Win=65024 Len=189 TSval=2916037690 TSecr=3045557460 [TCP segment of a reassembled PDU]"
"37128","33.609576661","192.168.1.55","192.168.1.2","TCP","1514","8004  >  36224 [ACK] Seq=190 Ack=141 Win=65024 Len=1448 TSval=2916037690 TSecr=3045557460 [TCP segment of a reassembled PDU]"
"37129","33.609580902","192.168.1.55","192.168.1.2","TCP","1514","8004  >  36224 [ACK] Seq=1638 Ack=141 Win=65024 Len=1448 TSval=2916037690 TSecr=3045557460 [TCP segment of a reassembled PDU]"
"37130","33.609582365","192.168.1.55","192.168.1.2","TCP","1514","8004  >  36224 [ACK] Seq=3086 Ack=141 Win=65024 Len=1448 TSval=2916037690 TSecr=3045557460 [TCP segment of a reassembled PDU]"
"37131","33.609584421","192.168.1.55","192.168.1.2","TCP","1514","8004  >  36224 [ACK] Seq=4534 Ack=141 Win=65024 Len=1448 TSval=2916037690 TSecr=3045557460 [TCP segment of a reassembled PDU]"
"37132","33.609586310","192.168.1.55","192.168.1.2","TCP","1514","8004  >  36224 [PSH, ACK] Seq=5982 Ack=141 Win=65024 Len=1448 TSval=2916037690 TSecr=3045557460 [TCP segment of a reassembled PDU]"
"37133","33.609612124","192.168.1.55","192.168.1.2","TCP","1514","8004  >  36224 [ACK] Seq=7430 Ack=141 Win=65024 Len=1448 TSval=2916037690 TSecr=3045557460 [TCP segment of a reassembled PDU]"
"37134","33.609615736","192.168.1.55","192.168.1.2","TCP","1514","8004  >  36224 [ACK] Seq=8878 Ack=141 Win=65024 Len=1448 TSval=2916037690 TSecr=3045557460 [TCP segment of a reassembled PDU]"
"37135","33.609616921","192.168.1.55","192.168.1.2","TCP","1514","8004  >  36224 [ACK] Seq=10326 Ack=141 Win=65024 Len=1448 TSval=2916037690 TSecr=3045557460 [TCP segment of a reassembled PDU]"
"37136","33.609618050","192.168.1.55","192.168.1.2","TCP","1514","8004  >  36224 [PSH, ACK] Seq=11774 Ack=141 Win=65024 Len=1448 TSval=2916037690 TSecr=3045557460 [TCP segment of a reassembled PDU]"
"37137","33.612979722","192.168.1.2","192.168.1.55","TCP","66","36224  >  8004 [ACK] Seq=141 Ack=190 Win=64512 Len=0 TSval=3045557467 TSecr=2916037690"
"37138","33.613083704","192.168.1.55","192.168.1.2","TCP","1514","8004  >  36224 [ACK] Seq=13222 Ack=141 Win=65024 Len=1448 TSval=2916037693 TSecr=3045557467 [TCP segment of a reassembled PDU]"
"37139","33.613092426","192.168.1.55","192.168.1.2","TCP","1514","8004  >  36224 [PSH, ACK] Seq=14670 Ack=141 Win=65024 Len=1448 TSval=2916037693 TSecr=3045557467 [TCP segment of a reassembled PDU]"
"37140","33.613168686","192.168.1.2","192.168.1.55","TCP","66","36224  >  8004 [ACK] Seq=141 Ack=1638 Win=67584 Len=0 TSval=3045557467 TSecr=2916037690"
"37141","33.613182982","192.168.1.2","192.168.1.55","TCP","66","36224  >  8004 [ACK] Seq=141 Ack=7430 Win=79872 Len=0 TSval=3045557468 TSecr=2916037690"
"37142","33.613216223","192.168.1.55","192.168.1.2","TCP","1514","8004  >  36224 [ACK] Seq=16118 Ack=141 Win=65024 Len=1448 TSval=2916037693 TSecr=3045557468 [TCP segment of a reassembled PDU]"
"37143","33.613219519","192.168.1.55","192.168.1.2","TCP","1514","8004  >  36224 [ACK] Seq=17566 Ack=141 Win=65024 Len=1448 TSval=2916037693 TSecr=3045557468 [TCP segment of a reassembled PDU]"
"37144","33.613221186","192.168.1.55","192.168.1.2","TCP","1514","8004  >  36224 [ACK] Seq=19014 Ack=141 Win=65024 Len=1448 TSval=2916037693 TSecr=3045557468 [TCP segment of a reassembled PDU]"
"37145","33.613223019","192.168.1.55","192.168.1.2","TCP","1514","8004  >  36224 [ACK] Seq=20462 Ack=141 Win=65024 Len=1448 TSval=2916037693 TSecr=3045557468 [TCP segment of a reassembled PDU]"
"37146","33.613224593","192.168.1.55","192.168.1.2","TCP","1514","8004  >  36224 [ACK] Seq=21910 Ack=141 Win=65024 Len=1448 TSval=2916037693 TSecr=3045557468 [TCP segment of a reassembled PDU]"
"37147","33.613226112","192.168.1.55","192.168.1.2","TCP","1514","8004  >  36224 [ACK] Seq=23358 Ack=141 Win=65024 Len=1448 TSval=2916037693 TSecr=3045557468 [TCP segment of a reassembled PDU]"
"37148","33.613227575","192.168.1.55","192.168.1.2","TCP","1514","8004  >  36224 [ACK] Seq=24806 Ack=141 Win=65024 Len=1448 TSval=2916037693 TSecr=3045557468 [TCP segment of a reassembled PDU]"
"37149","33.613228760","192.168.1.55","192.168.1.2","TCP","1514","8004  >  36224 [PSH, ACK] Seq=26254 Ack=141 Win=65024 Len=1448 TSval=2916037693 TSecr=3045557468 [TCP segment of a reassembled PDU]"
"37150","33.613233723","192.168.1.2","192.168.1.55","TCP","66","36224  >  8004 [ACK] Seq=141 Ack=13222 Win=79872 Len=0 TSval=3045557468 TSecr=2916037690"
"37151","33.613272167","192.168.1.55","192.168.1.2","TCP","1514","8004  >  36224 [ACK] Seq=27702 Ack=141 Win=65024 Len=1448 TSval=2916037693 TSecr=3045557468 [TCP segment of a reassembled PDU]"
"37152","33.613275001","192.168.1.55","192.168.1.2","TCP","1514","8004  >  36224 [ACK] Seq=29150 Ack=141 Win=65024 Len=1448 TSval=2916037693 TSecr=3045557468 [TCP segment of a reassembled PDU]"
"37153","33.613276649","192.168.1.55","192.168.1.2","TCP","1514","8004  >  36224 [ACK] Seq=30598 Ack=141 Win=65024 Len=1448 TSval=2916037693 TSecr=3045557468 [TCP segment of a reassembled PDU]"
"37154","33.613278204","192.168.1.55","192.168.1.2","TCP","1514","8004  >  36224 [ACK] Seq=32046 Ack=141 Win=65024 Len=1448 TSval=2916037693 TSecr=3045557468 [TCP segment of a reassembled PDU]"
"37155","33.613280001","192.168.1.55","192.168.1.2","TCP","1514","8004  >  36224 [ACK] Seq=33494 Ack=141 Win=65024 Len=1448 TSval=2916037693 TSecr=3045557468 [TCP segment of a reassembled PDU]"
"37156","33.613281704","192.168.1.55","192.168.1.2","TCP","1514","8004  >  36224 [ACK] Seq=34942 Ack=141 Win=65024 Len=1448 TSval=2916037693 TSecr=3045557468 [TCP segment of a reassembled PDU]"
"37157","33.613282982","192.168.1.55","192.168.1.2","TCP","1514","8004  >  36224 [ACK] Seq=36390 Ack=141 Win=65024 Len=1448 TSval=2916037693 TSecr=3045557468 [TCP segment of a reassembled PDU]"
"37158","33.613284334","192.168.1.55","192.168.1.2","TCP","1514","8004  >  36224 [ACK] Seq=37838 Ack=141 Win=65024 Len=1448 TSval=2916037693 TSecr=3045557468 [TCP segment of a reassembled PDU]"
"37159","33.613285797","192.168.1.55","192.168.1.2","TCP","1514","8004  >  36224 [ACK] Seq=39286 Ack=141 Win=65024 Len=1448 TSval=2916037693 TSecr=3045557468 [TCP segment of a reassembled PDU]"
"37160","33.613287056","192.168.1.55","192.168.1.2","TCP","1514","8004  >  36224 [PSH, ACK] Seq=40734 Ack=141 Win=65024 Len=1448 TSval=2916037693 TSecr=3045557468 [TCP segment of a reassembled PDU]"
"37161","33.617837489","192.168.1.2","192.168.1.55","TCP","66","36224  >  8004 [ACK] Seq=141 Ack=16118 Win=84992 Len=0 TSval=3045557472 TSecr=2916037693"
"37162","33.617906360","192.168.1.55","192.168.1.2","TCP","1514","8004  >  36224 [ACK] Seq=42182 Ack=141 Win=65024 Len=1448 TSval=2916037698 TSecr=3045557472 [TCP segment of a reassembled PDU]"
"37163","33.617913508","192.168.1.55","192.168.1.2","TCP","1514","8004  >  36224 [PSH, ACK] Seq=43630 Ack=141 Win=65024 Len=1448 TSval=2916037698 TSecr=3045557472 [TCP segment of a reassembled PDU]"
"37164","33.617999082","192.168.1.2","192.168.1.55","TCP","66","36224  >  8004 [ACK] Seq=141 Ack=27702 Win=76800 Len=0 TSval=3045557472 TSecr=2916037693"
"37165","33.618044119","192.168.1.55","192.168.1.2","TCP","1514","8004  >  36224 [ACK] Seq=45078 Ack=141 Win=65024 Len=1448 TSval=2916037698 TSecr=3045557472 [TCP segment of a reassembled PDU]"
"37166","33.618048082","192.168.1.55","192.168.1.2","TCP","1514","8004  >  36224 [ACK] Seq=46526 Ack=141 Win=65024 Len=1448 TSval=2916037698 TSecr=3045557472 [TCP segment of a reassembled PDU]"
"37167","33.618050045","192.168.1.55","192.168.1.2","TCP","1514","8004  >  36224 [ACK] Seq=47974 Ack=141 Win=65024 Len=1448 TSval=2916037698 TSecr=3045557472 [TCP segment of a reassembled PDU]"
"37168","33.618051786","192.168.1.55","192.168.1.2","TCP","1514","8004  >  36224 [ACK] Seq=49422 Ack=141 Win=65024 Len=1448 TSval=2916037698 TSecr=3045557472 [TCP segment of a reassembled PDU]"
"37169","33.618053490","192.168.1.55","192.168.1.2","TCP","1514","8004  >  36224 [ACK] Seq=50870 Ack=141 Win=65024 Len=1448 TSval=2916037698 TSecr=3045557472 [TCP segment of a reassembled PDU]"
"37170","33.618054619","192.168.1.55","192.168.1.2","TCP","1514","8004  >  36224 [ACK] Seq=52318 Ack=141 Win=65024 Len=1448 TSval=2916037698 TSecr=3045557472 [TCP segment of a reassembled PDU]"
"37171","33.618056101","192.168.1.55","192.168.1.2","TCP","1514","8004  >  36224 [ACK] Seq=53766 Ack=141 Win=65024 Len=1448 TSval=2916037698 TSecr=3045557472 [TCP segment of a reassembled PDU]"
"37172","33.618057582","192.168.1.55","192.168.1.2","TCP","1514","8004  >  36224 [ACK] Seq=55214 Ack=141 Win=65024 Len=1448 TSval=2916037698 TSecr=3045557472 [TCP segment of a reassembled PDU]"
"37173","33.618059193","192.168.1.55","192.168.1.2","TCP","1514","8004  >  36224 [ACK] Seq=56662 Ack=141 Win=65024 Len=1448 TSval=2916037698 TSecr=3045557472 [TCP segment of a reassembled PDU]"
"37174","33.618061101","192.168.1.55","192.168.1.2","TCP","1514","8004  >  36224 [ACK] Seq=58110 Ack=141 Win=65024 Len=1448 TSval=2916037698 TSecr=3045557472 [TCP segment of a reassembled PDU]"
"37175","33.618062656","192.168.1.55","192.168.1.2","TCP","1514","8004  >  36224 [ACK] Seq=59558 Ack=141 Win=65024 Len=1448 TSval=2916037698 TSecr=3045557472 [TCP segment of a reassembled PDU]"
"37176","33.618063971","192.168.1.55","192.168.1.2","TCP","1514","8004  >  36224 [ACK] Seq=61006 Ack=141 Win=65024 Len=1448 TSval=2916037698 TSecr=3045557472 [TCP segment of a reassembled PDU]"
"37177","33.618065638","192.168.1.55","192.168.1.2","TCP","1514","8004  >  36224 [ACK] Seq=62454 Ack=141 Win=65024 Len=1448 TSval=2916037698 TSecr=3045557472 [TCP segment of a reassembled PDU]"
"37178","33.618067101","192.168.1.55","192.168.1.2","TCP","1514","8004  >  36224 [ACK] Seq=63902 Ack=141 Win=65024 Len=1448 TSval=2916037698 TSecr=3045557472 [TCP segment of a reassembled PDU]"
"37179","33.618069156","192.168.1.55","192.168.1.2","TCP","1514","8004  >  36224 [PSH, ACK] Seq=65350 Ack=141 Win=65024 Len=1448 TSval=2916037698 TSecr=3045557472 [TCP segment of a reassembled PDU]"
"37180","33.618079008","192.168.1.2","192.168.1.55","TCP","66","36224  >  8004 [ACK] Seq=141 Ack=30598 Win=74752 Len=0 TSval=3045557472 TSecr=2916037693"
"37181","33.618119712","192.168.1.55","192.168.1.2","TCP","1514","8004  >  36224 [ACK] Seq=66798 Ack=141 Win=65024 Len=1448 TSval=2916037698 TSecr=3045557472 [TCP segment of a reassembled PDU]"
"37182","33.618123897","192.168.1.55","192.168.1.2","TCP","1514","8004  >  36224 [ACK] Seq=68246 Ack=141 Win=65024 Len=1448 TSval=2916037698 TSecr=3045557472 [TCP segment of a reassembled PDU]"
"37183","33.618125564","192.168.1.55","192.168.1.2","TCP","1514","8004  >  36224 [ACK] Seq=69694 Ack=141 Win=65024 Len=1448 TSval=2916037698 TSecr=3045557472 [TCP segment of a reassembled PDU]"
"37184","33.618127082","192.168.1.55","192.168.1.2","TCP","1514","8004  >  36224 [ACK] Seq=71142 Ack=141 Win=65024 Len=1448 TSval=2916037698 TSecr=3045557472 [TCP segment of a reassembled PDU]"
"37185","33.618128434","192.168.1.55","192.168.1.2","TCP","1514","8004  >  36224 [ACK] Seq=72590 Ack=141 Win=65024 Len=1448 TSval=2916037698 TSecr=3045557472 [TCP segment of a reassembled PDU]"
"37186","33.618129545","192.168.1.55","192.168.1.2","TCP","1514","8004  >  36224 [ACK] Seq=74038 Ack=141 Win=65024 Len=1448 TSval=2916037698 TSecr=3045557472 [TCP segment of a reassembled PDU]"
"37187","33.618130990","192.168.1.55","192.168.1.2","TCP","1514","8004  >  36224 [PSH, ACK] Seq=75486 Ack=141 Win=65024 Len=1448 TSval=2916037698 TSecr=3045557472 [TCP segment of a reassembled PDU]"
"37188","33.618136231","192.168.1.2","192.168.1.55","TCP","66","36224  >  8004 [ACK] Seq=141 Ack=36390 Win=81920 Len=0 TSval=3045557472 TSecr=2916037693"
"37189","33.618244860","192.168.1.2","192.168.1.55","TCP","66","36224  >  8004 [ACK] Seq=141 Ack=39286 Win=84992 Len=0 TSval=3045557473 TSecr=2916037693"
"37190","33.618259546","192.168.1.2","192.168.1.55","TCP","66","36224  >  8004 [ACK] Seq=141 Ack=42182 Win=84992 Len=0 TSval=3045557473 TSecr=2916037693"
"37191","33.618393212","192.168.1.55","192.168.1.2","TCP","1514","8004  >  36224 [ACK] Seq=76934 Ack=141 Win=65024 Len=1448 TSval=2916037699 TSecr=3045557473 [TCP segment of a reassembled PDU]"
"37192","33.618410138","192.168.1.55","192.168.1.2","TCP","1514","8004  >  36224 [ACK] Seq=78382 Ack=141 Win=65024 Len=1448 TSval=2916037699 TSecr=3045557473 [TCP segment of a reassembled PDU]"
"37193","33.618412212","192.168.1.55","192.168.1.2","TCP","1514","8004  >  36224 [ACK] Seq=79830 Ack=141 Win=65024 Len=1448 TSval=2916037699 TSecr=3045557473 [TCP segment of a reassembled PDU]"
"37194","33.618414972","192.168.1.55","192.168.1.2","TCP","1514","8004  >  36224 [ACK] Seq=81278 Ack=141 Win=65024 Len=1448 TSval=2916037699 TSecr=3045557473 [TCP segment of a reassembled PDU]"
"37195","33.618416953","192.168.1.55","192.168.1.2","TCP","1514","8004  >  36224 [ACK] Seq=82726 Ack=141 Win=65024 Len=1448 TSval=2916037699 TSecr=3045557473 [TCP segment of a reassembled PDU]"
"37196","33.618418435","192.168.1.55","192.168.1.2","TCP","1514","8004  >  36224 [ACK] Seq=84174 Ack=141 Win=65024 Len=1448 TSval=2916037699 TSecr=3045557473 [TCP segment of a reassembled PDU]"
"37197","33.618420027","192.168.1.55","192.168.1.2","TCP","1514","8004  >  36224 [ACK] Seq=85622 Ack=141 Win=65024 Len=1448 TSval=2916037699 TSecr=3045557473 [TCP segment of a reassembled PDU]"
"37198","33.618421453","192.168.1.55","192.168.1.2","TCP","1514","8004  >  36224 [ACK] Seq=87070 Ack=141 Win=65024 Len=1448 TSval=2916037699 TSecr=3045557473 [TCP segment of a reassembled PDU]"
"37199","33.618422898","192.168.1.55","192.168.1.2","TCP","1514","8004  >  36224 [ACK] Seq=88518 Ack=141 Win=65024 Len=1448 TSval=2916037699 TSecr=3045557473 [TCP segment of a reassembled PDU]"
"37200","33.618424768","192.168.1.55","192.168.1.2","TCP","1514","8004  >  36224 [ACK] Seq=89966 Ack=141 Win=65024 Len=1448 TSval=2916037699 TSecr=3045557473 [TCP segment of a reassembled PDU]"
"37201","33.618426379","192.168.1.55","192.168.1.2","TCP","1514","8004  >  36224 [ACK] Seq=91414 Ack=141 Win=65024 Len=1448 TSval=2916037699 TSecr=3045557473 [TCP segment of a reassembled PDU]"
"37202","33.618428231","192.168.1.55","192.168.1.2","TCP","1514","8004  >  36224 [ACK] Seq=92862 Ack=141 Win=65024 Len=1448 TSval=2916037699 TSecr=3045557473 [TCP segment of a reassembled PDU]"
"37203","33.618429601","192.168.1.55","192.168.1.2","TCP","1514","8004  >  36224 [ACK] Seq=94310 Ack=141 Win=65024 Len=1448 TSval=2916037699 TSecr=3045557473 [TCP segment of a reassembled PDU]"
"37204","33.618431064","192.168.1.55","192.168.1.2","TCP","1514","8004  >  36224 [ACK] Seq=95758 Ack=141 Win=65024 Len=1448 TSval=2916037699 TSecr=3045557473 [TCP segment of a reassembled PDU]"
"37205","33.618432916","192.168.1.55","192.168.1.2","TCP","1514","8004  >  36224 [ACK] Seq=97206 Ack=141 Win=65024 Len=1448 TSval=2916037699 TSecr=3045557473 [TCP segment of a reassembled PDU]"
"37206","33.618434250","192.168.1.55","192.168.1.2","TCP","1514","8004  >  36224 [PSH, ACK] Seq=98654 Ack=141 Win=65024 Len=1448 TSval=2916037699 TSecr=3045557473 [TCP segment of a reassembled PDU]"
"37207","33.623848666","192.168.1.2","192.168.1.55","TCP","66","36224  >  8004 [ACK] Seq=141 Ack=45078 Win=82944 Len=0 TSval=3045557478 TSecr=2916037698"
"37208","33.623876980","192.168.1.55","192.168.1.2","TCP","1514","8004  >  36224 [ACK] Seq=100102 Ack=141 Win=65024 Len=1448 TSval=2916037704 TSecr=3045557478 [TCP segment of a reassembled PDU]"
"37209","33.623880147","192.168.1.55","192.168.1.2","TCP","1514","8004  >  36224 [ACK] Seq=101550 Ack=141 Win=65024 Len=1448 TSval=2916037704 TSecr=3045557478 [TCP segment of a reassembled PDU]"
"37210","33.623881388","192.168.1.55","192.168.1.2","TCP","1514","8004  >  36224 [ACK] Seq=102998 Ack=141 Win=65024 Len=1448 TSval=2916037704 TSecr=3045557478 [TCP segment of a reassembled PDU]"
"37211","33.623882647","192.168.1.55","192.168.1.2","TCP","1514","8004  >  36224 [PSH, ACK] Seq=104446 Ack=141 Win=65024 Len=1448 TSval=2916037704 TSecr=3045557478 [TCP segment of a reassembled PDU]"
"37212","33.624143592","192.168.1.2","192.168.1.55","TCP","66","36224  >  8004 [ACK] Seq=141 Ack=49422 Win=78848 Len=0 TSval=3045557478 TSecr=2916037698"
"37213","33.624151629","192.168.1.2","192.168.1.55","TCP","66","36224  >  8004 [ACK] Seq=141 Ack=66798 Win=63488 Len=0 TSval=3045557478 TSecr=2916037698"
"37214","33.624168240","192.168.1.55","192.168.1.2","TCP","1514","8004  >  36224 [ACK] Seq=105894 Ack=141 Win=65024 Len=1448 TSval=2916037704 TSecr=3045557478 [TCP segment of a reassembled PDU]"
"37215","33.624169814","192.168.1.55","192.168.1.2","TCP","1514","8004  >  36224 [ACK] Seq=107342 Ack=141 Win=65024 Len=1448 TSval=2916037704 TSecr=3045557478 [TCP segment of a reassembled PDU]"
"37216","33.624170962","192.168.1.55","192.168.1.2","TCP","1514","8004  >  36224 [ACK] Seq=108790 Ack=141 Win=65024 Len=1448 TSval=2916037704 TSecr=3045557478 [TCP segment of a reassembled PDU]"
"37217","33.624172055","192.168.1.55","192.168.1.2","TCP","1514","8004  >  36224 [ACK] Seq=110238 Ack=141 Win=65024 Len=1448 TSval=2916037704 TSecr=3045557478 [TCP segment of a reassembled PDU]"
"37218","33.624173296","192.168.1.55","192.168.1.2","TCP","1514","8004  >  36224 [ACK] Seq=111686 Ack=141 Win=65024 Len=1448 TSval=2916037704 TSecr=3045557478 [TCP segment of a reassembled PDU]"
"37219","33.624174407","192.168.1.55","192.168.1.2","TCP","1514","8004  >  36224 [ACK] Seq=113134 Ack=141 Win=65024 Len=1448 TSval=2916037704 TSecr=3045557478 [TCP segment of a reassembled PDU]"
"37220","33.624175573","192.168.1.55","192.168.1.2","TCP","1514","8004  >  36224 [ACK] Seq=114582 Ack=141 Win=65024 Len=1448 TSval=2916037704 TSecr=3045557478 [TCP segment of a reassembled PDU]"
"37221","33.624176685","192.168.1.55","192.168.1.2","TCP","1514","8004  >  36224 [ACK] Seq=116030 Ack=141 Win=65024 Len=1448 TSval=2916037704 TSecr=3045557478 [TCP segment of a reassembled PDU]"
"37222","33.624177833","192.168.1.55","192.168.1.2","TCP","1514","8004  >  36224 [PSH, ACK] Seq=117478 Ack=141 Win=65024 Len=1448 TSval=2916037704 TSecr=3045557478 [TCP segment of a reassembled PDU]"
"37223","33.624181722","192.168.1.2","192.168.1.55","TCP","66","36224  >  8004 [ACK] Seq=141 Ack=76934 Win=54272 Len=0 TSval=3045557478 TSecr=2916037698"
"37224","33.624232314","192.168.1.2","192.168.1.55","TCP","66","36224  >  8004 [ACK] Seq=141 Ack=78382 Win=53248 Len=0 TSval=3045557478 TSecr=2916037699"
"37225","33.624237296","192.168.1.2","192.168.1.55","TCP","66","36224  >  8004 [ACK] Seq=141 Ack=100102 Win=56320 Len=0 TSval=3045557478 TSecr=2916037699"
"37226","33.624274092","192.168.1.55","192.168.1.2","TCP","1514","8004  >  36224 [ACK] Seq=118926 Ack=141 Win=65024 Len=1448 TSval=2916037704 TSecr=3045557478 [TCP segment of a reassembled PDU]"
"37227","33.624275796","192.168.1.55","192.168.1.2","TCP","1514","8004  >  36224 [ACK] Seq=120374 Ack=141 Win=65024 Len=1448 TSval=2916037704 TSecr=3045557478 [TCP segment of a reassembled PDU]"
"37228","33.624277111","192.168.1.55","192.168.1.2","TCP","1514","8004  >  36224 [ACK] Seq=121822 Ack=141 Win=65024 Len=1448 TSval=2916037704 TSecr=3045557478 [TCP segment of a reassembled PDU]"
"37229","33.624278444","192.168.1.55","192.168.1.2","TCP","1514","8004  >  36224 [ACK] Seq=123270 Ack=141 Win=65024 Len=1448 TSval=2916037704 TSecr=3045557478 [TCP segment of a reassembled PDU]"
"37230","33.624279648","192.168.1.55","192.168.1.2","TCP","1514","8004  >  36224 [ACK] Seq=124718 Ack=141 Win=65024 Len=1448 TSval=2916037704 TSecr=3045557478 [TCP segment of a reassembled PDU]"
"37231","33.624281370","192.168.1.55","192.168.1.2","TCP","1514","8004  >  36224 [ACK] Seq=126166 Ack=141 Win=65024 Len=1448 TSval=2916037704 TSecr=3045557478 [TCP segment of a reassembled PDU]"
"37232","33.624282574","192.168.1.55","192.168.1.2","TCP","1514","8004  >  36224 [ACK] Seq=127614 Ack=141 Win=65024 Len=1448 TSval=2916037704 TSecr=3045557478 [TCP segment of a reassembled PDU]"
"37233","33.624284203","192.168.1.55","192.168.1.2","TCP","1514","8004  >  36224 [ACK] Seq=129062 Ack=141 Win=65024 Len=1448 TSval=2916037704 TSecr=3045557478 [TCP segment of a reassembled PDU]"
"37234","33.624285481","192.168.1.55","192.168.1.2","TCP","1514","8004  >  36224 [ACK] Seq=130510 Ack=141 Win=65024 Len=1448 TSval=2916037704 TSecr=3045557478 [TCP segment of a reassembled PDU]"
"37235","33.624286740","192.168.1.55","192.168.1.2","TCP","1514","8004  >  36224 [ACK] Seq=131958 Ack=141 Win=65024 Len=1448 TSval=2916037704 TSecr=3045557478 [TCP segment of a reassembled PDU]"
"37236","33.624288018","192.168.1.55","192.168.1.2","TCP","1514","8004  >  36224 [ACK] Seq=133406 Ack=141 Win=65024 Len=1448 TSval=2916037704 TSecr=3045557478 [TCP segment of a reassembled PDU]"
"37237","33.624289240","192.168.1.55","192.168.1.2","TCP","1514","8004  >  36224 [ACK] Seq=134854 Ack=141 Win=65024 Len=1448 TSval=2916037704 TSecr=3045557478 [TCP segment of a reassembled PDU]"
"37238","33.624290426","192.168.1.55","192.168.1.2","TCP","1514","8004  >  36224 [ACK] Seq=136302 Ack=141 Win=65024 Len=1448 TSval=2916037704 TSecr=3045557478 [TCP segment of a reassembled PDU]"
"37239","33.624296981","192.168.1.55","192.168.1.2","TCP","1514","8004  >  36224 [ACK] Seq=137750 Ack=141 Win=65024 Len=1448 TSval=2916037704 TSecr=3045557478 [TCP segment of a reassembled PDU]"
"37240","33.624298629","192.168.1.55","192.168.1.2","TCP","1514","8004  >  36224 [ACK] Seq=139198 Ack=141 Win=65024 Len=1448 TSval=2916037704 TSecr=3045557478 [TCP segment of a reassembled PDU]"
"37241","33.624300518","192.168.1.55","192.168.1.2","TCP","1514","8004  >  36224 [ACK] Seq=140646 Ack=141 Win=65024 Len=1448 TSval=2916037704 TSecr=3045557478 [TCP segment of a reassembled PDU]"
"37242","33.624302259","192.168.1.55","192.168.1.2","TCP","1514","8004  >  36224 [ACK] Seq=142094 Ack=141 Win=65024 Len=1448 TSval=2916037704 TSecr=3045557478 [TCP segment of a reassembled PDU]"
"37243","33.624303500","192.168.1.55","192.168.1.2","TCP","1514","8004  >  36224 [ACK] Seq=143542 Ack=141 Win=65024 Len=1448 TSval=2916037704 TSecr=3045557478 [TCP segment of a reassembled PDU]"
"37244","33.624304722","192.168.1.55","192.168.1.2","TCP","1514","8004  >  36224 [ACK] Seq=144990 Ack=141 Win=65024 Len=1448 TSval=2916037704 TSecr=3045557478 [TCP segment of a reassembled PDU]"
"37245","33.624306000","192.168.1.55","192.168.1.2","TCP","1514","8004  >  36224 [ACK] Seq=146438 Ack=141 Win=65024 Len=1448 TSval=2916037704 TSecr=3045557478 [TCP segment of a reassembled PDU]"
"37246","33.624307203","192.168.1.55","192.168.1.2","TCP","1514","8004  >  36224 [ACK] Seq=147886 Ack=141 Win=65024 Len=1448 TSval=2916037704 TSecr=3045557478 [TCP segment of a reassembled PDU]"
"37247","33.624308481","192.168.1.55","192.168.1.2","TCP","1514","8004  >  36224 [ACK] Seq=149334 Ack=141 Win=65024 Len=1448 TSval=2916037704 TSecr=3045557478 [TCP segment of a reassembled PDU]"
"37248","33.624309722","192.168.1.55","192.168.1.2","TCP","1514","8004  >  36224 [ACK] Seq=150782 Ack=141 Win=65024 Len=1448 TSval=2916037704 TSecr=3045557478 [TCP segment of a reassembled PDU]"
"37249","33.624310963","192.168.1.55","192.168.1.2","TCP","1514","8004  >  36224 [ACK] Seq=152230 Ack=141 Win=65024 Len=1448 TSval=2916037704 TSecr=3045557478 [TCP segment of a reassembled PDU]"
"37250","33.624312185","192.168.1.55","192.168.1.2","TCP","1514","8004  >  36224 [ACK] Seq=153678 Ack=141 Win=65024 Len=1448 TSval=2916037704 TSecr=3045557478 [TCP segment of a reassembled PDU]"
"37251","33.624313426","192.168.1.55","192.168.1.2","TCP","1362","[TCP Window Full] 8004  >  36224 [PSH, ACK] Seq=155126 Ack=141 Win=65024 Len=1296 TSval=2916037704 TSecr=3045557478 [TCP segment of a reassembled PDU]"
"37252","33.628536414","192.168.1.2","192.168.1.55","TCP","66","36224  >  8004 [ACK] Seq=141 Ack=104446 Win=84992 Len=0 TSval=3045557481 TSecr=2916037704"
"37253","33.628549155","192.168.1.55","192.168.1.2","TCP","1514","8004  >  36224 [ACK] Seq=156422 Ack=141 Win=65024 Len=1448 TSval=2916037709 TSecr=3045557481 [TCP segment of a reassembled PDU]"
"37254","33.628551784","192.168.1.55","192.168.1.2","TCP","1514","8004  >  36224 [ACK] Seq=157870 Ack=141 Win=65024 Len=1448 TSval=2916037709 TSecr=3045557481 [TCP segment of a reassembled PDU]"
"37255","33.628553173","192.168.1.55","192.168.1.2","TCP","1514","8004  >  36224 [PSH, ACK] Seq=159318 Ack=141 Win=65024 Len=1448 TSval=2916037709 TSecr=3045557481 [TCP segment of a reassembled PDU]"
"37256","33.628560766","192.168.1.55","192.168.1.2","TCP","218","8004  >  36224 [ACK] Seq=160766 Ack=141 Win=65024 Len=152 TSval=2916037709 TSecr=3045557481 [TCP segment of a reassembled PDU]"
"37257","33.628582081","192.168.1.55","192.168.1.2","TCP","1514","8004  >  36224 [ACK] Seq=160918 Ack=141 Win=65024 Len=1448 TSval=2916037709 TSecr=3045557481 [TCP segment of a reassembled PDU]"
"37258","33.628583895","192.168.1.55","192.168.1.2","TCP","1514","8004  >  36224 [ACK] Seq=162366 Ack=141 Win=65024 Len=1448 TSval=2916037709 TSecr=3045557481 [TCP segment of a reassembled PDU]"
"37259","33.628585155","192.168.1.55","192.168.1.2","TCP","1514","8004  >  36224 [ACK] Seq=163814 Ack=141 Win=65024 Len=1448 TSval=2916037709 TSecr=3045557481 [TCP segment of a reassembled PDU]"
"37260","33.628586432","192.168.1.55","192.168.1.2","TCP","1514","8004  >  36224 [ACK] Seq=165262 Ack=141 Win=65024 Len=1448 TSval=2916037709 TSecr=3045557481 [TCP segment of a reassembled PDU]"
"37261","33.628587729","192.168.1.55","192.168.1.2","TCP","1514","8004  >  36224 [ACK] Seq=166710 Ack=141 Win=65024 Len=1448 TSval=2916037709 TSecr=3045557481 [TCP segment of a reassembled PDU]"
"37262","33.628588988","192.168.1.55","192.168.1.2","TCP","1514","8004  >  36224 [ACK] Seq=168158 Ack=141 Win=65024 Len=1448 TSval=2916037709 TSecr=3045557481 [TCP segment of a reassembled PDU]"
"37263","33.628595821","192.168.1.55","192.168.1.2","TCP","1514","8004  >  36224 [ACK] Seq=169606 Ack=141 Win=65024 Len=1448 TSval=2916037709 TSecr=3045557481 [TCP segment of a reassembled PDU]"
"37264","33.628597303","192.168.1.55","192.168.1.2","TCP","1514","8004  >  36224 [ACK] Seq=171054 Ack=141 Win=65024 Len=1448 TSval=2916037709 TSecr=3045557481 [TCP segment of a reassembled PDU]"
"37265","33.628598821","192.168.1.55","192.168.1.2","TCP","1514","8004  >  36224 [ACK] Seq=172502 Ack=141 Win=65024 Len=1448 TSval=2916037709 TSecr=3045557481 [TCP segment of a reassembled PDU]"
"37266","33.628600303","192.168.1.55","192.168.1.2","TCP","1514","8004  >  36224 [ACK] Seq=173950 Ack=141 Win=65024 Len=1448 TSval=2916037709 TSecr=3045557481 [TCP segment of a reassembled PDU]"
"37267","33.628601636","192.168.1.55","192.168.1.2","TCP","1514","8004  >  36224 [ACK] Seq=175398 Ack=141 Win=65024 Len=1448 TSval=2916037709 TSecr=3045557481 [TCP segment of a reassembled PDU]"
"37268","33.628603044","192.168.1.55","192.168.1.2","TCP","1514","8004  >  36224 [ACK] Seq=176846 Ack=141 Win=65024 Len=1448 TSval=2916037709 TSecr=3045557481 [TCP segment of a reassembled PDU]"
"37269","33.628604414","192.168.1.55","192.168.1.2","TCP","1514","8004  >  36224 [ACK] Seq=178294 Ack=141 Win=65024 Len=1448 TSval=2916037709 TSecr=3045557481 [TCP segment of a reassembled PDU]"
"37270","33.628605766","192.168.1.55","192.168.1.2","TCP","1514","8004  >  36224 [ACK] Seq=179742 Ack=141 Win=65024 Len=1448 TSval=2916037709 TSecr=3045557481 [TCP segment of a reassembled PDU]"
"37271","33.628607025","192.168.1.55","192.168.1.2","TCP","1514","8004  >  36224 [ACK] Seq=181190 Ack=141 Win=65024 Len=1448 TSval=2916037709 TSecr=3045557481 [TCP segment of a reassembled PDU]"
"37272","33.628608266","192.168.1.55","192.168.1.2","TCP","1514","8004  >  36224 [ACK] Seq=182638 Ack=141 Win=65024 Len=1448 TSval=2916037709 TSecr=3045557481 [TCP segment of a reassembled PDU]"
"37273","33.628609525","192.168.1.55","192.168.1.2","TCP","1514","8004  >  36224 [ACK] Seq=184086 Ack=141 Win=65024 Len=1448 TSval=2916037709 TSecr=3045557481 [TCP segment of a reassembled PDU]"
"37274","33.628610747","192.168.1.55","192.168.1.2","TCP","1514","8004  >  36224 [ACK] Seq=185534 Ack=141 Win=65024 Len=1448 TSval=2916037709 TSecr=3045557481 [TCP segment of a reassembled PDU]"
"37275","33.628612118","192.168.1.55","192.168.1.2","TCP","1514","8004  >  36224 [PSH, ACK] Seq=186982 Ack=141 Win=65024 Len=1448 TSval=2916037709 TSecr=3045557481 [TCP segment of a reassembled PDU]"
"37276","33.631449178","192.168.1.2","192.168.1.55","TCP","66","36224  >  8004 [ACK] Seq=141 Ack=114582 Win=84992 Len=0 TSval=3045557484 TSecr=2916037704"
"37277","33.631468715","192.168.1.55","192.168.1.2","TCP","1514","8004  >  36224 [ACK] Seq=188430 Ack=141 Win=65024 Len=1448 TSval=2916037712 TSecr=3045557484 [TCP segment of a reassembled PDU]"
"37278","33.631471437","192.168.1.55","192.168.1.2","TCP","1514","8004  >  36224 [ACK] Seq=189878 Ack=141 Win=65024 Len=1448 TSval=2916037712 TSecr=3045557484 [TCP segment of a reassembled PDU]"
"37279","33.631472807","192.168.1.55","192.168.1.2","TCP","1514","8004  >  36224 [ACK] Seq=191326 Ack=141 Win=65024 Len=1448 TSval=2916037712 TSecr=3045557484 [TCP segment of a reassembled PDU]"
"37280","33.631474122","192.168.1.55","192.168.1.2","TCP","1514","8004  >  36224 [ACK] Seq=192774 Ack=141 Win=65024 Len=1448 TSval=2916037712 TSecr=3045557484 [TCP segment of a reassembled PDU]"
"37281","33.631475437","192.168.1.55","192.168.1.2","TCP","1514","8004  >  36224 [ACK] Seq=194222 Ack=141 Win=65024 Len=1448 TSval=2916037712 TSecr=3045557484 [TCP segment of a reassembled PDU]"
"37282","33.631476641","192.168.1.55","192.168.1.2","TCP","1514","8004  >  36224 [ACK] Seq=195670 Ack=141 Win=65024 Len=1448 TSval=2916037712 TSecr=3045557484 [TCP segment of a reassembled PDU]"
"37283","33.631477863","192.168.1.55","192.168.1.2","TCP","1514","8004  >  36224 [PSH, ACK] Seq=197118 Ack=141 Win=65024 Len=1448 TSval=2916037712 TSecr=3045557484 [TCP segment of a reassembled PDU]"
"37284","33.631505196","192.168.1.2","192.168.1.55","TCP","66","36224  >  8004 [ACK] Seq=141 Ack=155126 Win=65536 Len=0 TSval=3045557484 TSecr=2916037704"
"37285","33.631518141","192.168.1.55","192.168.1.2","TCP","1514","8004  >  36224 [ACK] Seq=198566 Ack=141 Win=65024 Len=1448 TSval=2916037712 TSecr=3045557484 [TCP segment of a reassembled PDU]"
"37286","33.631519844","192.168.1.55","192.168.1.2","TCP","1514","8004  >  36224 [ACK] Seq=200014 Ack=141 Win=65024 Len=1448 TSval=2916037712 TSecr=3045557484 [TCP segment of a reassembled PDU]"
"37287","33.631521122","192.168.1.55","192.168.1.2","TCP","1514","8004  >  36224 [PSH, ACK] Seq=201462 Ack=141 Win=65024 Len=1448 TSval=2916037712 TSecr=3045557484 [TCP segment of a reassembled PDU]"
"37288","33.635159480","192.168.1.2","192.168.1.55","TCP","66","36224  >  8004 [ACK] Seq=141 Ack=156422 Win=88064 Len=0 TSval=3045557487 TSecr=2916037704"
"37289","33.635255091","192.168.1.55","192.168.1.2","TCP","1514","8004  >  36224 [ACK] Seq=202910 Ack=141 Win=65024 Len=1448 TSval=2916037715 TSecr=3045557487 [TCP segment of a reassembled PDU]"
"37290","33.635261776","192.168.1.55","192.168.1.2","TCP","1514","8004  >  36224 [ACK] Seq=204358 Ack=141 Win=65024 Len=1448 TSval=2916037715 TSecr=3045557487 [TCP segment of a reassembled PDU]"
"37291","33.635265628","192.168.1.55","192.168.1.2","TCP","1514","8004  >  36224 [ACK] Seq=205806 Ack=141 Win=65024 Len=1448 TSval=2916037715 TSecr=3045557487 [TCP segment of a reassembled PDU]"
"37292","33.635266999","192.168.1.55","192.168.1.2","TCP","1514","8004  >  36224 [ACK] Seq=207254 Ack=141 Win=65024 Len=1448 TSval=2916037715 TSecr=3045557487 [TCP segment of a reassembled PDU]"
"37293","33.635268499","192.168.1.55","192.168.1.2","TCP","1514","8004  >  36224 [ACK] Seq=208702 Ack=141 Win=65024 Len=1448 TSval=2916037715 TSecr=3045557487 [TCP segment of a reassembled PDU]"
"37294","33.635270647","192.168.1.55","192.168.1.2","TCP","1514","8004  >  36224 [ACK] Seq=210150 Ack=141 Win=65024 Len=1448 TSval=2916037715 TSecr=3045557487 [TCP segment of a reassembled PDU]"
"37295","33.635272387","192.168.1.55","192.168.1.2","TCP","1514","8004  >  36224 [ACK] Seq=211598 Ack=141 Win=65024 Len=1448 TSval=2916037715 TSecr=3045557487 [TCP segment of a reassembled PDU]"
"37296","33.635273869","192.168.1.55","192.168.1.2","TCP","1514","8004  >  36224 [ACK] Seq=213046 Ack=141 Win=65024 Len=1448 TSval=2916037715 TSecr=3045557487 [TCP segment of a reassembled PDU]"
"37297","33.635275369","192.168.1.55","192.168.1.2","TCP","1514","8004  >  36224 [ACK] Seq=214494 Ack=141 Win=65024 Len=1448 TSval=2916037715 TSecr=3045557487 [TCP segment of a reassembled PDU]"
"37298","33.635277350","192.168.1.55","192.168.1.2","TCP","1514","8004  >  36224 [ACK] Seq=215942 Ack=141 Win=65024 Len=1448 TSval=2916037715 TSecr=3045557487 [TCP segment of a reassembled PDU]"
"37299","33.635279128","192.168.1.55","192.168.1.2","TCP","1514","8004  >  36224 [ACK] Seq=217390 Ack=141 Win=65024 Len=1448 TSval=2916037715 TSecr=3045557487 [TCP segment of a reassembled PDU]"
"37300","33.635280943","192.168.1.55","192.168.1.2","TCP","1514","8004  >  36224 [ACK] Seq=218838 Ack=141 Win=65024 Len=1448 TSval=2916037715 TSecr=3045557487 [TCP segment of a reassembled PDU]"
"37301","33.635283684","192.168.1.55","192.168.1.2","TCP","1514","8004  >  36224 [ACK] Seq=220286 Ack=141 Win=65024 Len=1448 TSval=2916037715 TSecr=3045557487 [TCP segment of a reassembled PDU]"
"37302","33.635285480","192.168.1.55","192.168.1.2","TCP","1514","8004  >  36224 [ACK] Seq=221734 Ack=141 Win=65024 Len=1448 TSval=2916037715 TSecr=3045557487 [TCP segment of a reassembled PDU]"
"37303","33.635286813","192.168.1.55","192.168.1.2","TCP","1514","8004  >  36224 [ACK] Seq=223182 Ack=141 Win=65024 Len=1448 TSval=2916037715 TSecr=3045557487 [TCP segment of a reassembled PDU]"
"37304","33.635288313","192.168.1.55","192.168.1.2","TCP","1514","8004  >  36224 [ACK] Seq=224630 Ack=141 Win=65024 Len=1448 TSval=2916037715 TSecr=3045557487 [TCP segment of a reassembled PDU]"
"37305","33.635290073","192.168.1.55","192.168.1.2","TCP","1514","8004  >  36224 [ACK] Seq=226078 Ack=141 Win=65024 Len=1448 TSval=2916037715 TSecr=3045557487 [TCP segment of a reassembled PDU]"
"37306","33.635299165","192.168.1.55","192.168.1.2","TCP","1514","8004  >  36224 [ACK] Seq=227526 Ack=141 Win=65024 Len=1448 TSval=2916037715 TSecr=3045557487 [TCP segment of a reassembled PDU]"
"37307","33.635300758","192.168.1.55","192.168.1.2","TCP","1514","8004  >  36224 [ACK] Seq=228974 Ack=141 Win=65024 Len=1448 TSval=2916037715 TSecr=3045557487 [TCP segment of a reassembled PDU]"
"37308","33.635302406","192.168.1.55","192.168.1.2","TCP","1514","8004  >  36224 [ACK] Seq=230422 Ack=141 Win=65024 Len=1448 TSval=2916037715 TSecr=3045557487 [TCP segment of a reassembled PDU]"
"37309","33.635304499","192.168.1.55","192.168.1.2","TCP","1514","8004  >  36224 [ACK] Seq=231870 Ack=141 Win=65024 Len=1448 TSval=2916037715 TSecr=3045557487 [TCP segment of a reassembled PDU]"
"37310","33.635306573","192.168.1.55","192.168.1.2","TCP","1514","8004  >  36224 [ACK] Seq=233318 Ack=141 Win=65024 Len=1448 TSval=2916037715 TSecr=3045557487 [TCP segment of a reassembled PDU]"
"37311","33.635308202","192.168.1.55","192.168.1.2","TCP","1514","8004  >  36224 [ACK] Seq=234766 Ack=141 Win=65024 Len=1448 TSval=2916037715 TSecr=3045557487 [TCP segment of a reassembled PDU]"
"37312","33.635311036","192.168.1.55","192.168.1.2","TCP","1514","8004  >  36224 [ACK] Seq=236214 Ack=141 Win=65024 Len=1448 TSval=2916037715 TSecr=3045557487 [TCP segment of a reassembled PDU]"
"37313","33.635312851","192.168.1.55","192.168.1.2","TCP","1514","8004  >  36224 [ACK] Seq=237662 Ack=141 Win=65024 Len=1448 TSval=2916037715 TSecr=3045557487 [TCP segment of a reassembled PDU]"
"37314","33.635314665","192.168.1.55","192.168.1.2","TCP","1514","8004  >  36224 [ACK] Seq=239110 Ack=141 Win=65024 Len=1448 TSval=2916037715 TSecr=3045557487 [TCP segment of a reassembled PDU]"
"37315","33.635316239","192.168.1.55","192.168.1.2","TCP","1514","8004  >  36224 [ACK] Seq=240558 Ack=141 Win=65024 Len=1448 TSval=2916037715 TSecr=3045557487 [TCP segment of a reassembled PDU]"
"37316","33.635318628","192.168.1.55","192.168.1.2","TCP","1514","8004  >  36224 [PSH, ACK] Seq=242006 Ack=141 Win=65024 Len=1448 TSval=2916037715 TSecr=3045557487 [TCP segment of a reassembled PDU]"
"37317","33.635405017","192.168.1.2","192.168.1.55","TCP","66","36224  >  8004 [ACK] Seq=141 Ack=160766 Win=94208 Len=0 TSval=3045557487 TSecr=2916037709"
"37318","33.635424628","192.168.1.55","192.168.1.2","TCP","1514","8004  >  36224 [PSH, ACK] Seq=243454 Ack=141 Win=65024 Len=1448 TSval=2916037716 TSecr=3045557487 [TCP segment of a reassembled PDU]"
"37319","33.635429240","192.168.1.2","192.168.1.55","TCP","66","36224  >  8004 [ACK] Seq=141 Ack=179742 Win=76800 Len=0 TSval=3045557487 TSecr=2916037709"
"37320","33.635439147","192.168.1.2","192.168.1.55","TCP","66","36224  >  8004 [ACK] Seq=141 Ack=181190 Win=97280 Len=0 TSval=3045557488 TSecr=2916037709"
"37321","33.635494517","192.168.1.55","192.168.1.2","TCP","1514","8004  >  36224 [ACK] Seq=244902 Ack=141 Win=65024 Len=1448 TSval=2916037716 TSecr=3045557488 [TCP segment of a reassembled PDU]"
"37322","33.635496943","192.168.1.55","192.168.1.2","TCP","1514","8004  >  36224 [ACK] Seq=246350 Ack=141 Win=65024 Len=1448 TSval=2916037716 TSecr=3045557488 [TCP segment of a reassembled PDU]"
"37323","33.635498943","192.168.1.55","192.168.1.2","TCP","1514","8004  >  36224 [ACK] Seq=247798 Ack=141 Win=65024 Len=1448 TSval=2916037716 TSecr=3045557488 [TCP segment of a reassembled PDU]"
"37324","33.635500629","192.168.1.55","192.168.1.2","TCP","1514","8004  >  36224 [ACK] Seq=249246 Ack=141 Win=65024 Len=1448 TSval=2916037716 TSecr=3045557488 [TCP segment of a reassembled PDU]"
"37325","33.635502443","192.168.1.55","192.168.1.2","TCP","1514","8004  >  36224 [ACK] Seq=250694 Ack=141 Win=65024 Len=1448 TSval=2916037716 TSecr=3045557488 [TCP segment of a reassembled PDU]"
"37326","33.635504869","192.168.1.55","192.168.1.2","TCP","1514","8004  >  36224 [ACK] Seq=252142 Ack=141 Win=65024 Len=1448 TSval=2916037716 TSecr=3045557488 [TCP segment of a reassembled PDU]"
"37327","33.635506647","192.168.1.55","192.168.1.2","TCP","1514","8004  >  36224 [ACK] Seq=253590 Ack=141 Win=65024 Len=1448 TSval=2916037716 TSecr=3045557488 [TCP segment of a reassembled PDU]"
"37328","33.635508073","192.168.1.55","192.168.1.2","TCP","1514","8004  >  36224 [ACK] Seq=255038 Ack=141 Win=65024 Len=1448 TSval=2916037716 TSecr=3045557488 [TCP segment of a reassembled PDU]"
"37329","33.635509740","192.168.1.55","192.168.1.2","TCP","1514","8004  >  36224 [ACK] Seq=256486 Ack=141 Win=65024 Len=1448 TSval=2916037716 TSecr=3045557488 [TCP segment of a reassembled PDU]"
"37330","33.635511943","192.168.1.55","192.168.1.2","TCP","1514","8004  >  36224 [ACK] Seq=257934 Ack=141 Win=65024 Len=1448 TSval=2916037716 TSecr=3045557488 [TCP segment of a reassembled PDU]"
"37331","33.635513888","192.168.1.55","192.168.1.2","TCP","1514","8004  >  36224 [ACK] Seq=259382 Ack=141 Win=65024 Len=1448 TSval=2916037716 TSecr=3045557488 [TCP segment of a reassembled PDU]"
"37332","33.635515536","192.168.1.55","192.168.1.2","TCP","1514","8004  >  36224 [ACK] Seq=260830 Ack=141 Win=65024 Len=1448 TSval=2916037716 TSecr=3045557488 [TCP segment of a reassembled PDU]"
"37333","33.635517258","192.168.1.55","192.168.1.2","TCP","1514","8004  >  36224 [ACK] Seq=262278 Ack=141 Win=65024 Len=1448 TSval=2916037716 TSecr=3045557488 [TCP segment of a reassembled PDU]"
"37334","33.635519110","192.168.1.55","192.168.1.2","TCP","1514","8004  >  36224 [ACK] Seq=263726 Ack=141 Win=65024 Len=1448 TSval=2916037716 TSecr=3045557488 [TCP segment of a reassembled PDU]"
"37335","33.635520999","192.168.1.55","192.168.1.2","TCP","1514","8004  >  36224 [ACK] Seq=265174 Ack=141 Win=65024 Len=1448 TSval=2916037716 TSecr=3045557488 [TCP segment of a reassembled PDU]"
"37336","33.635522369","192.168.1.55","192.168.1.2","TCP","1514","8004  >  36224 [ACK] Seq=266622 Ack=141 Win=65024 Len=1448 TSval=2916037716 TSecr=3045557488 [TCP segment of a reassembled PDU]"
"37337","33.635525055","192.168.1.55","192.168.1.2","TCP","1514","8004  >  36224 [ACK] Seq=268070 Ack=141 Win=65024 Len=1448 TSval=2916037716 TSecr=3045557488 [TCP segment of a reassembled PDU]"
"37338","33.635526795","192.168.1.55","192.168.1.2","TCP","1514","8004  >  36224 [ACK] Seq=269518 Ack=141 Win=65024 Len=1448 TSval=2916037716 TSecr=3045557488 [TCP segment of a reassembled PDU]"
"37339","33.635528221","192.168.1.55","192.168.1.2","TCP","1514","8004  >  36224 [ACK] Seq=270966 Ack=141 Win=65024 Len=1448 TSval=2916037716 TSecr=3045557488 [TCP segment of a reassembled PDU]"
"37340","33.635529629","192.168.1.55","192.168.1.2","TCP","1514","8004  >  36224 [ACK] Seq=272414 Ack=141 Win=65024 Len=1448 TSval=2916037716 TSecr=3045557488 [TCP segment of a reassembled PDU]"
"37341","33.635531703","192.168.1.55","192.168.1.2","TCP","1514","8004  >  36224 [ACK] Seq=273862 Ack=141 Win=65024 Len=1448 TSval=2916037716 TSecr=3045557488 [TCP segment of a reassembled PDU]"
"37342","33.635533943","192.168.1.55","192.168.1.2","TCP","1514","8004  >  36224 [ACK] Seq=275310 Ack=141 Win=65024 Len=1448 TSval=2916037716 TSecr=3045557488 [TCP segment of a reassembled PDU]"
"37343","33.635535258","192.168.1.55","192.168.1.2","TCP","1514","8004  >  36224 [ACK] Seq=276758 Ack=141 Win=65024 Len=1448 TSval=2916037716 TSecr=3045557488 [TCP segment of a reassembled PDU]"
"37344","33.635536629","192.168.1.55","192.168.1.2","TCP","330","[TCP Window Full] 8004  >  36224 [PSH, ACK] Seq=278206 Ack=141 Win=65024 Len=264 TSval=2916037716 TSecr=3045557488 [TCP segment of a reassembled PDU]"
"37345","33.635541406","192.168.1.2","192.168.1.55","TCP","66","36224  >  8004 [ACK] Seq=141 Ack=188430 Win=111616 Len=0 TSval=3045557488 TSecr=2916037709"
"37346","33.635567518","192.168.1.55","192.168.1.2","TCP","1514","8004  >  36224 [ACK] Seq=278470 Ack=141 Win=65024 Len=1448 TSval=2916037716 TSecr=3045557488 [TCP segment of a reassembled PDU]"
"37347","33.635569721","192.168.1.55","192.168.1.2","TCP","1514","8004  >  36224 [ACK] Seq=279918 Ack=141 Win=65024 Len=1448 TSval=2916037716 TSecr=3045557488 [TCP segment of a reassembled PDU]"
"37348","33.635570999","192.168.1.55","192.168.1.2","TCP","1514","8004  >  36224 [ACK] Seq=281366 Ack=141 Win=65024 Len=1448 TSval=2916037716 TSecr=3045557488 [TCP segment of a reassembled PDU]"
"37349","33.635572481","192.168.1.55","192.168.1.2","TCP","1514","8004  >  36224 [ACK] Seq=282814 Ack=141 Win=65024 Len=1448 TSval=2916037716 TSecr=3045557488 [TCP segment of a reassembled PDU]"
"37350","33.635573703","192.168.1.55","192.168.1.2","TCP","1514","8004  >  36224 [PSH, ACK] Seq=284262 Ack=141 Win=65024 Len=1448 TSval=2916037716 TSecr=3045557488 [TCP segment of a reassembled PDU]"
"37351","33.635632962","192.168.1.2","192.168.1.55","TCP","66","36224  >  8004 [ACK] Seq=141 Ack=189878 Win=114688 Len=0 TSval=3045557490 TSecr=2916037712"
"37352","33.635643203","192.168.1.55","192.168.1.2","TCP","1250","8004  >  36224 [ACK] Seq=285710 Ack=141 Win=65024 Len=1184 TSval=2916037716 TSecr=3045557490 [TCP segment of a reassembled PDU]"
"37353","33.635647666","192.168.1.2","192.168.1.55","TCP","66","36224  >  8004 [ACK] Seq=141 Ack=198566 Win=132096 Len=0 TSval=3045557490 TSecr=2916037712"
"37354","33.635699592","192.168.1.55","192.168.1.2","TCP","1514","8004  >  36224 [ACK] Seq=286894 Ack=141 Win=65024 Len=1448 TSval=2916037716 TSecr=3045557490 [TCP segment of a reassembled PDU]"
"37355","33.635702684","192.168.1.55","192.168.1.2","TCP","1514","8004  >  36224 [ACK] Seq=288342 Ack=141 Win=65024 Len=1448 TSval=2916037716 TSecr=3045557490 [TCP segment of a reassembled PDU]"
"37356","33.635704018","192.168.1.55","192.168.1.2","TCP","1514","8004  >  36224 [ACK] Seq=289790 Ack=141 Win=65024 Len=1448 TSval=2916037716 TSecr=3045557490 [TCP segment of a reassembled PDU]"
"37357","33.635705333","192.168.1.55","192.168.1.2","TCP","1514","8004  >  36224 [ACK] Seq=291238 Ack=141 Win=65024 Len=1448 TSval=2916037716 TSecr=3045557490 [TCP segment of a reassembled PDU]"
"37358","33.635706555","192.168.1.55","192.168.1.2","TCP","1514","8004  >  36224 [ACK] Seq=292686 Ack=141 Win=65024 Len=1448 TSval=2916037716 TSecr=3045557490 [TCP segment of a reassembled PDU]"
"37359","33.635707851","192.168.1.55","192.168.1.2","TCP","1514","8004  >  36224 [ACK] Seq=294134 Ack=141 Win=65024 Len=1448 TSval=2916037716 TSecr=3045557490 [TCP segment of a reassembled PDU]"
"37360","33.635709092","192.168.1.55","192.168.1.2","TCP","1514","8004  >  36224 [ACK] Seq=295582 Ack=141 Win=65024 Len=1448 TSval=2916037716 TSecr=3045557490 [TCP segment of a reassembled PDU]"
"37361","33.635710740","192.168.1.55","192.168.1.2","TCP","1514","8004  >  36224 [ACK] Seq=297030 Ack=141 Win=65024 Len=1448 TSval=2916037716 TSecr=3045557490 [TCP segment of a reassembled PDU]"
"37362","33.635713129","192.168.1.55","192.168.1.2","TCP","1514","8004  >  36224 [ACK] Seq=298478 Ack=141 Win=65024 Len=1448 TSval=2916037716 TSecr=3045557490 [TCP segment of a reassembled PDU]"
"37363","33.635714759","192.168.1.55","192.168.1.2","TCP","1514","8004  >  36224 [ACK] Seq=299926 Ack=141 Win=65024 Len=1448 TSval=2916037716 TSecr=3045557490 [TCP segment of a reassembled PDU]"
"37364","33.635716129","192.168.1.55","192.168.1.2","TCP","1514","8004  >  36224 [ACK] Seq=301374 Ack=141 Win=65024 Len=1448 TSval=2916037716 TSecr=3045557490 [TCP segment of a reassembled PDU]"
"37365","33.635717462","192.168.1.55","192.168.1.2","TCP","1514","8004  >  36224 [ACK] Seq=302822 Ack=141 Win=65024 Len=1448 TSval=2916037716 TSecr=3045557490 [TCP segment of a reassembled PDU]"
"37366","33.635718944","192.168.1.55","192.168.1.2","TCP","1514","8004  >  36224 [ACK] Seq=304270 Ack=141 Win=65024 Len=1448 TSval=2916037716 TSecr=3045557490 [TCP segment of a reassembled PDU]"
"37367","33.635720240","192.168.1.55","192.168.1.2","TCP","1514","8004  >  36224 [ACK] Seq=305718 Ack=141 Win=65024 Len=1448 TSval=2916037716 TSecr=3045557490 [TCP segment of a reassembled PDU]"
"37368","33.635721722","192.168.1.55","192.168.1.2","TCP","1514","8004  >  36224 [ACK] Seq=307166 Ack=141 Win=65024 Len=1448 TSval=2916037716 TSecr=3045557490 [TCP segment of a reassembled PDU]"
"37369","33.635724962","192.168.1.55","192.168.1.2","TCP","1514","8004  >  36224 [ACK] Seq=308614 Ack=141 Win=65024 Len=1448 TSval=2916037716 TSecr=3045557490 [TCP segment of a reassembled PDU]"
"37370","33.635726629","192.168.1.55","192.168.1.2","TCP","1514","8004  >  36224 [ACK] Seq=310062 Ack=141 Win=65024 Len=1448 TSval=2916037716 TSecr=3045557490 [TCP segment of a reassembled PDU]"
"37371","33.635728018","192.168.1.55","192.168.1.2","TCP","1514","8004  >  36224 [ACK] Seq=311510 Ack=141 Win=65024 Len=1448 TSval=2916037716 TSecr=3045557490 [TCP segment of a reassembled PDU]"
"37372","33.635729573","192.168.1.55","192.168.1.2","TCP","1514","8004  >  36224 [ACK] Seq=312958 Ack=141 Win=65024 Len=1448 TSval=2916037716 TSecr=3045557490 [TCP segment of a reassembled PDU]"
"37373","33.635730888","192.168.1.55","192.168.1.2","TCP","1514","8004  >  36224 [ACK] Seq=314406 Ack=141 Win=65024 Len=1448 TSval=2916037716 TSecr=3045557490 [TCP segment of a reassembled PDU]"
"37374","33.635732296","192.168.1.55","192.168.1.2","TCP","1514","8004  >  36224 [ACK] Seq=315854 Ack=141 Win=65024 Len=1448 TSval=2916037716 TSecr=3045557490 [TCP segment of a reassembled PDU]"
"37375","33.635733740","192.168.1.55","192.168.1.2","TCP","1514","8004  >  36224 [ACK] Seq=317302 Ack=141 Win=65024 Len=1448 TSval=2916037716 TSecr=3045557490 [TCP segment of a reassembled PDU]"
"37376","33.635735314","192.168.1.55","192.168.1.2","TCP","1514","8004  >  36224 [ACK] Seq=318750 Ack=141 Win=65024 Len=1448 TSval=2916037716 TSecr=3045557490 [TCP segment of a reassembled PDU]"
"37377","33.635737370","192.168.1.55","192.168.1.2","TCP","1514","8004  >  36224 [ACK] Seq=320198 Ack=141 Win=65024 Len=1448 TSval=2916037716 TSecr=3045557490 [TCP segment of a reassembled PDU]"
"37378","33.635739629","192.168.1.55","192.168.1.2","TCP","1514","8004  >  36224 [ACK] Seq=321646 Ack=141 Win=65024 Len=1448 TSval=2916037716 TSecr=3045557490 [TCP segment of a reassembled PDU]"
"37379","33.635740925","192.168.1.55","192.168.1.2","TCP","1514","8004  >  36224 [ACK] Seq=323094 Ack=141 Win=65024 Len=1448 TSval=2916037716 TSecr=3045557490 [TCP segment of a reassembled PDU]"
"37380","33.635742314","192.168.1.55","192.168.1.2","TCP","1514","8004  >  36224 [ACK] Seq=324542 Ack=141 Win=65024 Len=1448 TSval=2916037716 TSecr=3045557490 [TCP segment of a reassembled PDU]"
"37381","33.635743555","192.168.1.55","192.168.1.2","TCP","1514","8004  >  36224 [ACK] Seq=325990 Ack=141 Win=65024 Len=1448 TSval=2916037716 TSecr=3045557490 [TCP segment of a reassembled PDU]"
"37382","33.635744796","192.168.1.55","192.168.1.2","TCP","1514","8004  >  36224 [PSH, ACK] Seq=327438 Ack=141 Win=65024 Len=1448 TSval=2916037716 TSecr=3045557490 [TCP segment of a reassembled PDU]"
"37383","33.635750240","192.168.1.2","192.168.1.55","TCP","66","36224  >  8004 [ACK] Seq=141 Ack=202910 Win=132096 Len=0 TSval=3045557490 TSecr=2916037712"
"37384","33.636950798","192.168.1.55","192.168.1.2","TCP","1514","8004  >  36224 [ACK] Seq=328886 Ack=141 Win=65024 Len=1448 TSval=2916037717 TSecr=3045557490 [TCP segment of a reassembled PDU]"
"37385","33.636953094","192.168.1.55","192.168.1.2","TCP","1514","8004  >  36224 [ACK] Seq=330334 Ack=141 Win=65024 Len=1448 TSval=2916037717 TSecr=3045557490 [TCP segment of a reassembled PDU]"
"37386","33.636956483","192.168.1.55","192.168.1.2","TCP","1514","8004  >  36224 [ACK] Seq=331782 Ack=141 Win=65024 Len=1448 TSval=2916037717 TSecr=3045557490 [TCP segment of a reassembled PDU]"
"37387","33.636958075","192.168.1.55","192.168.1.2","TCP","1514","8004  >  36224 [PSH, ACK] Seq=333230 Ack=141 Win=65024 Len=1448 TSval=2916037717 TSecr=3045557490 [TCP segment of a reassembled PDU]"
"37388","33.645213218","192.168.1.2","192.168.1.55","TCP","66","36224  >  8004 [ACK] Seq=141 Ack=243454 Win=109568 Len=0 TSval=3045557498 TSecr=2916037715"
"37389","33.645251570","192.168.1.55","192.168.1.2","TCP","1514","8004  >  36224 [ACK] Seq=334678 Ack=141 Win=65024 Len=1448 TSval=2916037725 TSecr=3045557498 [TCP segment of a reassembled PDU]"
"37390","33.645255070","192.168.1.55","192.168.1.2","TCP","1514","8004  >  36224 [ACK] Seq=336126 Ack=141 Win=65024 Len=1448 TSval=2916037725 TSecr=3045557498 [TCP segment of a reassembled PDU]"
"37391","33.645256440","192.168.1.55","192.168.1.2","TCP","1514","8004  >  36224 [ACK] Seq=337574 Ack=141 Win=65024 Len=1448 TSval=2916037725 TSecr=3045557498 [TCP segment of a reassembled PDU]"
"37392","33.645257700","192.168.1.55","192.168.1.2","TCP","1514","8004  >  36224 [ACK] Seq=339022 Ack=141 Win=65024 Len=1448 TSval=2916037725 TSecr=3045557498 [TCP segment of a reassembled PDU]"
"37393","33.645258959","192.168.1.55","192.168.1.2","TCP","1514","8004  >  36224 [ACK] Seq=340470 Ack=141 Win=65024 Len=1448 TSval=2916037725 TSecr=3045557498 [TCP segment of a reassembled PDU]"
"37394","33.645260163","192.168.1.55","192.168.1.2","TCP","1514","8004  >  36224 [ACK] Seq=341918 Ack=141 Win=65024 Len=1448 TSval=2916037725 TSecr=3045557498 [TCP segment of a reassembled PDU]"
"37395","33.645261385","192.168.1.55","192.168.1.2","TCP","1514","8004  >  36224 [ACK] Seq=343366 Ack=141 Win=65024 Len=1448 TSval=2916037725 TSecr=3045557498 [TCP segment of a reassembled PDU]"
"37396","33.645262792","192.168.1.55","192.168.1.2","TCP","1514","8004  >  36224 [ACK] Seq=344814 Ack=141 Win=65024 Len=1448 TSval=2916037725 TSecr=3045557498 [TCP segment of a reassembled PDU]"
"37397","33.645264015","192.168.1.55","192.168.1.2","TCP","1514","8004  >  36224 [ACK] Seq=346262 Ack=141 Win=65024 Len=1448 TSval=2916037725 TSecr=3045557498 [TCP segment of a reassembled PDU]"
"37398","33.645265366","192.168.1.55","192.168.1.2","TCP","1514","8004  >  36224 [ACK] Seq=347710 Ack=141 Win=65024 Len=1448 TSval=2916037725 TSecr=3045557498 [TCP segment of a reassembled PDU]"
"37399","33.645266681","192.168.1.55","192.168.1.2","TCP","1514","8004  >  36224 [ACK] Seq=349158 Ack=141 Win=65024 Len=1448 TSval=2916037725 TSecr=3045557498 [TCP segment of a reassembled PDU]"
"37400","33.645268070","192.168.1.55","192.168.1.2","TCP","1514","8004  >  36224 [PSH, ACK] Seq=350606 Ack=141 Win=65024 Len=1448 TSval=2916037725 TSecr=3045557498 [TCP segment of a reassembled PDU]"
"37401","33.645363311","192.168.1.2","192.168.1.55","TCP","66","36224  >  8004 [ACK] Seq=141 Ack=259382 Win=95232 Len=0 TSval=3045557499 TSecr=2916037716"
"37402","33.645371996","192.168.1.2","192.168.1.55","TCP","66","36224  >  8004 [ACK] Seq=141 Ack=278470 Win=130048 Len=0 TSval=3045557499 TSecr=2916037716"
"37403","33.645391978","192.168.1.55","192.168.1.2","TCP","1514","8004  >  36224 [ACK] Seq=352054 Ack=141 Win=65024 Len=1448 TSval=2916037726 TSecr=3045557499 [TCP segment of a reassembled PDU]"
"37404","33.645393737","192.168.1.55","192.168.1.2","TCP","1514","8004  >  36224 [ACK] Seq=353502 Ack=141 Win=65024 Len=1448 TSval=2916037726 TSecr=3045557499 [TCP segment of a reassembled PDU]"
"37405","33.645395015","192.168.1.55","192.168.1.2","TCP","1514","8004  >  36224 [ACK] Seq=354950 Ack=141 Win=65024 Len=1448 TSval=2916037726 TSecr=3045557499 [TCP segment of a reassembled PDU]"
"37406","33.645396255","192.168.1.55","192.168.1.2","TCP","1514","8004  >  36224 [ACK] Seq=356398 Ack=141 Win=65024 Len=1448 TSval=2916037726 TSecr=3045557499 [TCP segment of a reassembled PDU]"
"37407","33.645397570","192.168.1.55","192.168.1.2","TCP","1514","8004  >  36224 [ACK] Seq=357846 Ack=141 Win=65024 Len=1448 TSval=2916037726 TSecr=3045557499 [TCP segment of a reassembled PDU]"
"37408","33.645398922","192.168.1.55","192.168.1.2","TCP","1514","8004  >  36224 [ACK] Seq=359294 Ack=141 Win=65024 Len=1448 TSval=2916037726 TSecr=3045557499 [TCP segment of a reassembled PDU]"
"37409","33.645400144","192.168.1.55","192.168.1.2","TCP","1514","8004  >  36224 [ACK] Seq=360742 Ack=141 Win=65024 Len=1448 TSval=2916037726 TSecr=3045557499 [TCP segment of a reassembled PDU]"
"37410","33.645401404","192.168.1.55","192.168.1.2","TCP","1514","8004  >  36224 [ACK] Seq=362190 Ack=141 Win=65024 Len=1448 TSval=2916037726 TSecr=3045557499 [TCP segment of a reassembled PDU]"
"37411","33.645403089","192.168.1.55","192.168.1.2","TCP","1514","8004  >  36224 [ACK] Seq=363638 Ack=141 Win=65024 Len=1448 TSval=2916037726 TSecr=3045557499 [TCP segment of a reassembled PDU]"
"37412","33.645404311","192.168.1.55","192.168.1.2","TCP","1514","8004  >  36224 [ACK] Seq=365086 Ack=141 Win=65024 Len=1448 TSval=2916037726 TSecr=3045557499 [TCP segment of a reassembled PDU]"
"37413","33.645405607","192.168.1.55","192.168.1.2","TCP","1514","8004  >  36224 [ACK] Seq=366534 Ack=141 Win=65024 Len=1448 TSval=2916037726 TSecr=3045557499 [TCP segment of a reassembled PDU]"
"37414","33.645406867","192.168.1.55","192.168.1.2","TCP","1514","8004  >  36224 [ACK] Seq=367982 Ack=141 Win=65024 Len=1448 TSval=2916037726 TSecr=3045557499 [TCP segment of a reassembled PDU]"
"37415","33.645408089","192.168.1.55","192.168.1.2","TCP","1514","8004  >  36224 [PSH, ACK] Seq=369430 Ack=141 Win=65024 Len=1448 TSval=2916037726 TSecr=3045557499 [TCP segment of a reassembled PDU]"
"37416","33.645412496","192.168.1.2","192.168.1.55","TCP","66","36224  >  8004 [ACK] Seq=141 Ack=285710 Win=122880 Len=0 TSval=3045557499 TSecr=2916037716"
"37417","33.645491607","192.168.1.2","192.168.1.55","TCP","66","36224  >  8004 [ACK] Seq=141 Ack=328886 Win=102400 Len=0 TSval=3045557499 TSecr=2916037716"
"37418","33.645530422","192.168.1.55","192.168.1.2","TCP","1514","8004  >  36224 [ACK] Seq=370878 Ack=141 Win=65024 Len=1448 TSval=2916037726 TSecr=3045557499 [TCP segment of a reassembled PDU]"
"37419","33.645532756","192.168.1.55","192.168.1.2","TCP","1514","8004  >  36224 [ACK] Seq=372326 Ack=141 Win=65024 Len=1448 TSval=2916037726 TSecr=3045557499 [TCP segment of a reassembled PDU]"
"37420","33.645534182","192.168.1.55","192.168.1.2","TCP","1514","8004  >  36224 [ACK] Seq=373774 Ack=141 Win=65024 Len=1448 TSval=2916037726 TSecr=3045557499 [TCP segment of a reassembled PDU]"
"37421","33.645535404","192.168.1.55","192.168.1.2","TCP","1514","8004  >  36224 [ACK] Seq=375222 Ack=141 Win=65024 Len=1448 TSval=2916037726 TSecr=3045557499 [TCP segment of a reassembled PDU]"
"37422","33.645536663","192.168.1.55","192.168.1.2","TCP","1514","8004  >  36224 [ACK] Seq=376670 Ack=141 Win=65024 Len=1448 TSval=2916037726 TSecr=3045557499 [TCP segment of a reassembled PDU]"
"37423","33.645538089","192.168.1.55","192.168.1.2","TCP","1514","8004  >  36224 [ACK] Seq=378118 Ack=141 Win=65024 Len=1448 TSval=2916037726 TSecr=3045557499 [TCP segment of a reassembled PDU]"
"37424","33.645539348","192.168.1.55","192.168.1.2","TCP","1514","8004  >  36224 [ACK] Seq=379566 Ack=141 Win=65024 Len=1448 TSval=2916037726 TSecr=3045557499 [TCP segment of a reassembled PDU]"
"37425","33.645540719","192.168.1.55","192.168.1.2","TCP","1514","8004  >  36224 [ACK] Seq=381014 Ack=141 Win=65024 Len=1448 TSval=2916037726 TSecr=3045557499 [TCP segment of a reassembled PDU]"
"37426","33.645541941","192.168.1.55","192.168.1.2","TCP","1514","8004  >  36224 [ACK] Seq=382462 Ack=141 Win=65024 Len=1448 TSval=2916037726 TSecr=3045557499 [TCP segment of a reassembled PDU]"
"37427","33.645543200","192.168.1.55","192.168.1.2","TCP","1514","8004  >  36224 [ACK] Seq=383910 Ack=141 Win=65024 Len=1448 TSval=2916037726 TSecr=3045557499 [TCP segment of a reassembled PDU]"
"37428","33.645544959","192.168.1.55","192.168.1.2","TCP","1514","8004  >  36224 [ACK] Seq=385358 Ack=141 Win=65024 Len=1448 TSval=2916037726 TSecr=3045557499 [TCP segment of a reassembled PDU]"
"37429","33.645546719","192.168.1.55","192.168.1.2","TCP","1514","8004  >  36224 [ACK] Seq=386806 Ack=141 Win=65024 Len=1448 TSval=2916037726 TSecr=3045557499 [TCP segment of a reassembled PDU]"
"37430","33.645547959","192.168.1.55","192.168.1.2","TCP","1514","8004  >  36224 [ACK] Seq=388254 Ack=141 Win=65024 Len=1448 TSval=2916037726 TSecr=3045557499 [TCP segment of a reassembled PDU]"
"37431","33.645549367","192.168.1.55","192.168.1.2","TCP","1514","8004  >  36224 [ACK] Seq=389702 Ack=141 Win=65024 Len=1448 TSval=2916037726 TSecr=3045557499 [TCP segment of a reassembled PDU]"
"37432","33.645550589","192.168.1.55","192.168.1.2","TCP","1514","8004  >  36224 [ACK] Seq=391150 Ack=141 Win=65024 Len=1448 TSval=2916037726 TSecr=3045557499 [TCP segment of a reassembled PDU]"
"37433","33.645551885","192.168.1.55","192.168.1.2","TCP","1514","8004  >  36224 [ACK] Seq=392598 Ack=141 Win=65024 Len=1448 TSval=2916037726 TSecr=3045557499 [TCP segment of a reassembled PDU]"
"37434","33.645553126","192.168.1.55","192.168.1.2","TCP","1514","8004  >  36224 [ACK] Seq=394046 Ack=141 Win=65024 Len=1448 TSval=2916037726 TSecr=3045557499 [TCP segment of a reassembled PDU]"
"37435","33.645554534","192.168.1.55","192.168.1.2","TCP","1514","8004  >  36224 [ACK] Seq=395494 Ack=141 Win=65024 Len=1448 TSval=2916037726 TSecr=3045557499 [TCP segment of a reassembled PDU]"
"37436","33.645555830","192.168.1.55","192.168.1.2","TCP","1514","8004  >  36224 [ACK] Seq=396942 Ack=141 Win=65024 Len=1448 TSval=2916037726 TSecr=3045557499 [TCP segment of a reassembled PDU]"
"37437","33.645557052","192.168.1.55","192.168.1.2","TCP","1514","8004  >  36224 [ACK] Seq=398390 Ack=141 Win=65024 Len=1448 TSval=2916037726 TSecr=3045557499 [TCP segment of a reassembled PDU]"
"37438","33.645558348","192.168.1.55","192.168.1.2","TCP","1514","8004  >  36224 [ACK] Seq=399838 Ack=141 Win=65024 Len=1448 TSval=2916037726 TSecr=3045557499 [TCP segment of a reassembled PDU]"
"37439","33.645559571","192.168.1.55","192.168.1.2","TCP","1514","8004  >  36224 [ACK] Seq=401286 Ack=141 Win=65024 Len=1448 TSval=2916037726 TSecr=3045557499 [TCP segment of a reassembled PDU]"
"37440","33.645560978","192.168.1.55","192.168.1.2","TCP","1514","8004  >  36224 [ACK] Seq=402734 Ack=141 Win=65024 Len=1448 TSval=2916037726 TSecr=3045557499 [TCP segment of a reassembled PDU]"
"37441","33.645567071","192.168.1.55","192.168.1.2","TCP","1514","8004  >  36224 [ACK] Seq=404182 Ack=141 Win=65024 Len=1448 TSval=2916037726 TSecr=3045557499 [TCP segment of a reassembled PDU]"
"37442","33.645568515","192.168.1.55","192.168.1.2","TCP","1514","8004  >  36224 [ACK] Seq=405630 Ack=141 Win=65024 Len=1448 TSval=2916037726 TSecr=3045557499 [TCP segment of a reassembled PDU]"
"37443","33.645569867","192.168.1.55","192.168.1.2","TCP","1514","8004  >  36224 [ACK] Seq=407078 Ack=141 Win=65024 Len=1448 TSval=2916037726 TSecr=3045557499 [TCP segment of a reassembled PDU]"
"37444","33.645571182","192.168.1.55","192.168.1.2","TCP","1514","8004  >  36224 [ACK] Seq=408526 Ack=141 Win=65024 Len=1448 TSval=2916037726 TSecr=3045557499 [TCP segment of a reassembled PDU]"
"37445","33.645572404","192.168.1.55","192.168.1.2","TCP","1514","8004  >  36224 [ACK] Seq=409974 Ack=141 Win=65024 Len=1448 TSval=2916037726 TSecr=3045557499 [TCP segment of a reassembled PDU]"
"37446","33.645573626","192.168.1.55","192.168.1.2","TCP","1514","8004  >  36224 [PSH, ACK] Seq=411422 Ack=141 Win=65024 Len=1448 TSval=2916037726 TSecr=3045557499 [TCP segment of a reassembled PDU]"
"37447","33.645578182","192.168.1.2","192.168.1.55","TCP","66","36224  >  8004 [ACK] Seq=141 Ack=334678 Win=139264 Len=0 TSval=3045557500 TSecr=2916037717"
"37448","33.645623200","192.168.1.55","192.168.1.2","TCP","1514","8004  >  36224 [ACK] Seq=412870 Ack=141 Win=65024 Len=1448 TSval=2916037726 TSecr=3045557500 [TCP segment of a reassembled PDU]"
"37449","33.645625034","192.168.1.55","192.168.1.2","TCP","1514","8004  >  36224 [ACK] Seq=414318 Ack=141 Win=65024 Len=1448 TSval=2916037726 TSecr=3045557500 [TCP segment of a reassembled PDU]"
"37450","33.645626441","192.168.1.55","192.168.1.2","TCP","1514","8004  >  36224 [ACK] Seq=415766 Ack=141 Win=65024 Len=1448 TSval=2916037726 TSecr=3045557500 [TCP segment of a reassembled PDU]"
"37451","33.645627700","192.168.1.55","192.168.1.2","TCP","1514","8004  >  36224 [ACK] Seq=417214 Ack=141 Win=65024 Len=1448 TSval=2916037726 TSecr=3045557500 [TCP segment of a reassembled PDU]"
"37452","33.645628978","192.168.1.55","192.168.1.2","TCP","1514","8004  >  36224 [ACK] Seq=418662 Ack=141 Win=65024 Len=1448 TSval=2916037726 TSecr=3045557500 [TCP segment of a reassembled PDU]"
"37453","33.645630534","192.168.1.55","192.168.1.2","TCP","1514","8004  >  36224 [ACK] Seq=420110 Ack=141 Win=65024 Len=1448 TSval=2916037726 TSecr=3045557500 [TCP segment of a reassembled PDU]"
"37454","33.645631978","192.168.1.55","192.168.1.2","TCP","1514","8004  >  36224 [ACK] Seq=421558 Ack=141 Win=65024 Len=1448 TSval=2916037726 TSecr=3045557500 [TCP segment of a reassembled PDU]"
"37455","33.645633385","192.168.1.55","192.168.1.2","TCP","1514","8004  >  36224 [ACK] Seq=423006 Ack=141 Win=65024 Len=1448 TSval=2916037726 TSecr=3045557500 [TCP segment of a reassembled PDU]"
"37456","33.645634719","192.168.1.55","192.168.1.2","TCP","1514","8004  >  36224 [ACK] Seq=424454 Ack=141 Win=65024 Len=1448 TSval=2916037726 TSecr=3045557500 [TCP segment of a reassembled PDU]"
"37457","33.645636089","192.168.1.55","192.168.1.2","TCP","1514","8004  >  36224 [ACK] Seq=425902 Ack=141 Win=65024 Len=1448 TSval=2916037726 TSecr=3045557500 [TCP segment of a reassembled PDU]"
"37458","33.645637293","192.168.1.55","192.168.1.2","TCP","1514","8004  >  36224 [ACK] Seq=427350 Ack=141 Win=65024 Len=1448 TSval=2916037726 TSecr=3045557500 [TCP segment of a reassembled PDU]"
"37459","33.645638997","192.168.1.55","192.168.1.2","TCP","1514","8004  >  36224 [ACK] Seq=428798 Ack=141 Win=65024 Len=1448 TSval=2916037726 TSecr=3045557500 [TCP segment of a reassembled PDU]"
"37460","33.645640330","192.168.1.55","192.168.1.2","TCP","1514","8004  >  36224 [ACK] Seq=430246 Ack=141 Win=65024 Len=1448 TSval=2916037726 TSecr=3045557500 [TCP segment of a reassembled PDU]"
"37461","33.645641663","192.168.1.55","192.168.1.2","TCP","1514","8004  >  36224 [ACK] Seq=431694 Ack=141 Win=65024 Len=1448 TSval=2916037726 TSecr=3045557500 [TCP segment of a reassembled PDU]"
"37462","33.645642978","192.168.1.55","192.168.1.2","TCP","1514","8004  >  36224 [ACK] Seq=433142 Ack=141 Win=65024 Len=1448 TSval=2916037726 TSecr=3045557500 [TCP segment of a reassembled PDU]"
"37463","33.645644423","192.168.1.55","192.168.1.2","TCP","1514","8004  >  36224 [ACK] Seq=434590 Ack=141 Win=65024 Len=1448 TSval=2916037726 TSecr=3045557500 [TCP segment of a reassembled PDU]"
"37464","33.645645811","192.168.1.55","192.168.1.2","TCP","1514","8004  >  36224 [ACK] Seq=436038 Ack=141 Win=65024 Len=1448 TSval=2916037726 TSecr=3045557500 [TCP segment of a reassembled PDU]"
"37465","33.645647145","192.168.1.55","192.168.1.2","TCP","1514","8004  >  36224 [ACK] Seq=437486 Ack=141 Win=65024 Len=1448 TSval=2916037726 TSecr=3045557500 [TCP segment of a reassembled PDU]"
"37466","33.645648571","192.168.1.55","192.168.1.2","TCP","1514","8004  >  36224 [ACK] Seq=438934 Ack=141 Win=65024 Len=1448 TSval=2916037726 TSecr=3045557500 [TCP segment of a reassembled PDU]"
"37467","33.645649941","192.168.1.55","192.168.1.2","TCP","1514","8004  >  36224 [ACK] Seq=440382 Ack=141 Win=65024 Len=1448 TSval=2916037726 TSecr=3045557500 [TCP segment of a reassembled PDU]"
"37468","33.645651348","192.168.1.55","192.168.1.2","TCP","1514","8004  >  36224 [ACK] Seq=441830 Ack=141 Win=65024 Len=1448 TSval=2916037726 TSecr=3045557500 [TCP segment of a reassembled PDU]"
"37469","33.645652663","192.168.1.55","192.168.1.2","TCP","1514","8004  >  36224 [ACK] Seq=443278 Ack=141 Win=65024 Len=1448 TSval=2916037726 TSecr=3045557500 [TCP segment of a reassembled PDU]"
"37470","33.645654034","192.168.1.55","192.168.1.2","TCP","1514","8004  >  36224 [ACK] Seq=444726 Ack=141 Win=65024 Len=1448 TSval=2916037726 TSecr=3045557500 [TCP segment of a reassembled PDU]"
"37471","33.645655404","192.168.1.55","192.168.1.2","TCP","1514","8004  >  36224 [ACK] Seq=446174 Ack=141 Win=65024 Len=1448 TSval=2916037726 TSecr=3045557500 [TCP segment of a reassembled PDU]"
"37472","33.645656774","192.168.1.55","192.168.1.2","TCP","1514","8004  >  36224 [ACK] Seq=447622 Ack=141 Win=65024 Len=1448 TSval=2916037726 TSecr=3045557500 [TCP segment of a reassembled PDU]"
"37473","33.645658200","192.168.1.55","192.168.1.2","TCP","1514","8004  >  36224 [ACK] Seq=449070 Ack=141 Win=65024 Len=1448 TSval=2916037726 TSecr=3045557500 [TCP segment of a reassembled PDU]"
"37474","33.645659571","192.168.1.55","192.168.1.2","TCP","1514","8004  >  36224 [ACK] Seq=450518 Ack=141 Win=65024 Len=1448 TSval=2916037726 TSecr=3045557500 [TCP segment of a reassembled PDU]"
"37475","33.645660923","192.168.1.55","192.168.1.2","TCP","1514","8004  >  36224 [ACK] Seq=451966 Ack=141 Win=65024 Len=1448 TSval=2916037726 TSecr=3045557500 [TCP segment of a reassembled PDU]"
"37476","33.645662423","192.168.1.55","192.168.1.2","TCP","1514","8004  >  36224 [PSH, ACK] Seq=453414 Ack=141 Win=65024 Len=1448 TSval=2916037726 TSecr=3045557500 [TCP segment of a reassembled PDU]"
"37477","33.646865573","192.168.1.55","192.168.1.2","TCP","1514","8004  >  36224 [ACK] Seq=454862 Ack=141 Win=65024 Len=1448 TSval=2916037727 TSecr=3045557500 [TCP segment of a reassembled PDU]"
"37478","33.646868128","192.168.1.55","192.168.1.2","TCP","1514","8004  >  36224 [ACK] Seq=456310 Ack=141 Win=65024 Len=1448 TSval=2916037727 TSecr=3045557500 [TCP segment of a reassembled PDU]"
"37479","33.646869536","192.168.1.55","192.168.1.2","TCP","1514","8004  >  36224 [ACK] Seq=457758 Ack=141 Win=65024 Len=1448 TSval=2916037727 TSecr=3045557500 [TCP segment of a reassembled PDU]"
"37480","33.646871036","192.168.1.55","192.168.1.2","TCP","1514","8004  >  36224 [ACK] Seq=459206 Ack=141 Win=65024 Len=1448 TSval=2916037727 TSecr=3045557500 [TCP segment of a reassembled PDU]"
"37481","33.646872554","192.168.1.55","192.168.1.2","TCP","1514","8004  >  36224 [ACK] Seq=460654 Ack=141 Win=65024 Len=1448 TSval=2916037727 TSecr=3045557500 [TCP segment of a reassembled PDU]"
"37482","33.646873869","192.168.1.55","192.168.1.2","TCP","1514","8004  >  36224 [ACK] Seq=462102 Ack=141 Win=65024 Len=1448 TSval=2916037727 TSecr=3045557500 [TCP segment of a reassembled PDU]"
"37483","33.646875202","192.168.1.55","192.168.1.2","TCP","1514","8004  >  36224 [ACK] Seq=463550 Ack=141 Win=65024 Len=1448 TSval=2916037727 TSecr=3045557500 [TCP segment of a reassembled PDU]"
"37484","33.646876517","192.168.1.55","192.168.1.2","TCP","1514","8004  >  36224 [ACK] Seq=464998 Ack=141 Win=65024 Len=1448 TSval=2916037727 TSecr=3045557500 [TCP segment of a reassembled PDU]"
"37485","33.646877925","192.168.1.55","192.168.1.2","TCP","1514","8004  >  36224 [ACK] Seq=466446 Ack=141 Win=65024 Len=1448 TSval=2916037727 TSecr=3045557500 [TCP segment of a reassembled PDU]"
"37486","33.646879295","192.168.1.55","192.168.1.2","TCP","1514","8004  >  36224 [ACK] Seq=467894 Ack=141 Win=65024 Len=1448 TSval=2916037727 TSecr=3045557500 [TCP segment of a reassembled PDU]"
"37487","33.646880628","192.168.1.55","192.168.1.2","TCP","1514","8004  >  36224 [ACK] Seq=469342 Ack=141 Win=65024 Len=1448 TSval=2916037727 TSecr=3045557500 [TCP segment of a reassembled PDU]"
"37488","33.646881850","192.168.1.55","192.168.1.2","TCP","1514","8004  >  36224 [ACK] Seq=470790 Ack=141 Win=65024 Len=1448 TSval=2916037727 TSecr=3045557500 [TCP segment of a reassembled PDU]"
"37489","33.646883091","192.168.1.55","192.168.1.2","TCP","1514","8004  >  36224 [ACK] Seq=472238 Ack=141 Win=65024 Len=1448 TSval=2916037727 TSecr=3045557500 [TCP segment of a reassembled PDU]"
"37490","33.646884425","192.168.1.55","192.168.1.2","TCP","322","[TCP Window Full] 8004  >  36224 [PSH, ACK] Seq=473686 Ack=141 Win=65024 Len=256 TSval=2916037727 TSecr=3045557500 [TCP segment of a reassembled PDU]"
"37491","33.654962715","192.168.1.2","192.168.1.55","TCP","66","36224  >  8004 [ACK] Seq=141 Ack=352054 Win=139264 Len=0 TSval=3045557506 TSecr=2916037725"
"37492","33.654994900","192.168.1.55","192.168.1.2","TCP","1514","8004  >  36224 [ACK] Seq=473942 Ack=141 Win=65024 Len=1448 TSval=2916037735 TSecr=3045557506 [TCP segment of a reassembled PDU]"
"37493","33.654998623","192.168.1.55","192.168.1.2","TCP","1514","8004  >  36224 [ACK] Seq=475390 Ack=141 Win=65024 Len=1448 TSval=2916037735 TSecr=3045557506 [TCP segment of a reassembled PDU]"
"37494","33.655000104","192.168.1.55","192.168.1.2","TCP","1514","8004  >  36224 [ACK] Seq=476838 Ack=141 Win=65024 Len=1448 TSval=2916037735 TSecr=3045557506 [TCP segment of a reassembled PDU]"
"37495","33.655001419","192.168.1.55","192.168.1.2","TCP","1514","8004  >  36224 [ACK] Seq=478286 Ack=141 Win=65024 Len=1448 TSval=2916037735 TSecr=3045557506 [TCP segment of a reassembled PDU]"
"37496","33.655002808","192.168.1.55","192.168.1.2","TCP","1514","8004  >  36224 [ACK] Seq=479734 Ack=141 Win=65024 Len=1448 TSval=2916037735 TSecr=3045557506 [TCP segment of a reassembled PDU]"
"37497","33.655004252","192.168.1.55","192.168.1.2","TCP","1514","8004  >  36224 [ACK] Seq=481182 Ack=141 Win=65024 Len=1448 TSval=2916037735 TSecr=3045557506 [TCP segment of a reassembled PDU]"
"37498","33.655005586","192.168.1.55","192.168.1.2","TCP","1514","8004  >  36224 [ACK] Seq=482630 Ack=141 Win=65024 Len=1448 TSval=2916037735 TSecr=3045557506 [TCP segment of a reassembled PDU]"
"37499","33.655006974","192.168.1.55","192.168.1.2","TCP","1514","8004  >  36224 [ACK] Seq=484078 Ack=141 Win=65024 Len=1448 TSval=2916037735 TSecr=3045557506 [TCP segment of a reassembled PDU]"
"37500","33.655008271","192.168.1.55","192.168.1.2","TCP","1514","8004  >  36224 [ACK] Seq=485526 Ack=141 Win=65024 Len=1448 TSval=2916037735 TSecr=3045557506 [TCP segment of a reassembled PDU]"
"37501","33.655009697","192.168.1.55","192.168.1.2","TCP","1514","8004  >  36224 [ACK] Seq=486974 Ack=141 Win=65024 Len=1448 TSval=2916037735 TSecr=3045557506 [TCP segment of a reassembled PDU]"
"37502","33.655011178","192.168.1.55","192.168.1.2","TCP","1514","8004  >  36224 [ACK] Seq=488422 Ack=141 Win=65024 Len=1448 TSval=2916037735 TSecr=3045557506 [TCP segment of a reassembled PDU]"
"37503","33.655012493","192.168.1.55","192.168.1.2","TCP","1514","[TCP Window Full] 8004  >  36224 [PSH, ACK] Seq=489870 Ack=141 Win=65024 Len=1448 TSval=2916037735 TSecr=3045557506 [TCP segment of a reassembled PDU]"
"37504","33.655572087","192.168.1.2","192.168.1.55","TCP","66","36224  >  8004 [ACK] Seq=141 Ack=370878 Win=176128 Len=0 TSval=3045557506 TSecr=2916037726"
"37505","33.655586661","192.168.1.55","192.168.1.2","TCP","1514","8004  >  36224 [ACK] Seq=491318 Ack=141 Win=65024 Len=1448 TSval=2916037736 TSecr=3045557506 [TCP segment of a reassembled PDU]"
"37506","33.655588346","192.168.1.55","192.168.1.2","TCP","1514","8004  >  36224 [ACK] Seq=492766 Ack=141 Win=65024 Len=1448 TSval=2916037736 TSecr=3045557506 [TCP segment of a reassembled PDU]"
"37507","33.655589624","192.168.1.55","192.168.1.2","TCP","1514","8004  >  36224 [PSH, ACK] Seq=494214 Ack=141 Win=65024 Len=1448 TSval=2916037736 TSecr=3045557506 [TCP segment of a reassembled PDU]"
"37508","33.655595401","192.168.1.55","192.168.1.2","TCP","1258","8004  >  36224 [PSH, ACK] Seq=495662 Ack=141 Win=65024 Len=1192 TSval=2916037736 TSecr=3045557506 [TCP segment of a reassembled PDU]"
"37509","33.655599864","192.168.1.55","192.168.1.2","TCP","1514","8004  >  36224 [ACK] Seq=496854 Ack=141 Win=65024 Len=1448 TSval=2916037736 TSecr=3045557506 [TCP segment of a reassembled PDU]"
"37510","33.655603235","192.168.1.55","192.168.1.2","HTTP","1472","HTTP/1.0 200 OK  (PNG)"
"37511","33.655607290","192.168.1.2","192.168.1.55","TCP","66","36224  >  8004 [ACK] Seq=141 Ack=373774 Win=182272 Len=0 TSval=3045557506 TSecr=2916037726"
"37512","33.655613179","192.168.1.2","192.168.1.55","TCP","66","36224  >  8004 [ACK] Seq=141 Ack=411422 Win=198656 Len=0 TSval=3045557506 TSecr=2916037726"
"37513","33.655618290","192.168.1.2","192.168.1.55","TCP","66","36224  >  8004 [ACK] Seq=141 Ack=412870 Win=201728 Len=0 TSval=3045557509 TSecr=2916037726"
"37514","33.655673216","192.168.1.2","192.168.1.55","TCP","66","36224  >  8004 [ACK] Seq=141 Ack=454862 Win=194560 Len=0 TSval=3045557510 TSecr=2916037726"
"37515","33.655680568","192.168.1.2","192.168.1.55","TCP","66","36224  >  8004 [ACK] Seq=141 Ack=473686 Win=178176 Len=0 TSval=3045557510 TSecr=2916037727"
"37516","33.658182165","192.168.1.2","192.168.1.55","TCP","66","36224  >  8004 [ACK] Seq=141 Ack=473942 Win=204800 Len=0 TSval=3045557511 TSecr=2916037727"
"37517","33.658309054","192.168.1.2","192.168.1.55","TCP","66","36224  >  8004 [ACK] Seq=141 Ack=478286 Win=212992 Len=0 TSval=3045557513 TSecr=2916037735"
"37518","33.658315498","192.168.1.2","192.168.1.55","TCP","66","36224  >  8004 [ACK] Seq=141 Ack=489870 Win=236544 Len=0 TSval=3045557513 TSecr=2916037735"
"37519","33.659703130","192.168.1.2","192.168.1.55","TCP","66","36224  >  8004 [ACK] Seq=141 Ack=491318 Win=239616 Len=0 TSval=3045557515 TSecr=2916037735"
"37520","33.659811686","192.168.1.2","192.168.1.55","TCP","66","36224  >  8004 [ACK] Seq=141 Ack=498302 Win=252928 Len=0 TSval=3045557515 TSecr=2916037736"
"37521","33.661265096","192.168.1.2","192.168.1.55","TCP","66","36224  >  8004 [FIN, ACK] Seq=141 Ack=499709 Win=256000 Len=0 TSval=3045557515 TSecr=2916037736"
"37522","33.661278059","192.168.1.55","192.168.1.2","TCP","66","8004  >  36224 [ACK] Seq=499709 Ack=142 Win=65024 Len=0 TSval=2916037741 TSecr=3045557515"
"37523","33.661407151","192.168.1.2","192.168.1.55","TCP","74","36234  >  8004 [SYN] Seq=0 Win=64240 Len=0 MSS=1460 SACK_PERM TSval=3045557516 TSecr=0 WS=1024"
"37524","33.661432911","192.168.1.55","192.168.1.2","TCP","74","8004  >  36234 [SYN, ACK] Seq=0 Ack=1 Win=65160 Len=0 MSS=1460 SACK_PERM TSval=2916037742 TSecr=3045557516 WS=128"
"37525","33.664588119","192.168.1.2","192.168.1.55","TCP","66","36234  >  8004 [ACK] Seq=1 Ack=1 Win=64512 Len=0 TSval=3045557519 TSecr=2916037742"
"37526","33.667811921","192.168.1.2","192.168.1.55","HTTP","209","GET /original_benchmark.png HTTP/1.1 "
"37527","33.667829921","192.168.1.55","192.168.1.2","TCP","66","8004  >  36234 [ACK] Seq=1 Ack=144 Win=65024 Len=0 TSval=2916037748 TSecr=3045557519"
"37528","33.668348496","192.168.1.55","192.168.1.2","TCP","255","8004  >  36234 [PSH, ACK] Seq=1 Ack=144 Win=65024 Len=189 TSval=2916037749 TSecr=3045557519 [TCP segment of a reassembled PDU]"
"37529","33.668438218","192.168.1.55","192.168.1.2","TCP","1514","8004  >  36234 [ACK] Seq=190 Ack=144 Win=65024 Len=1448 TSval=2916037749 TSecr=3045557519 [TCP segment of a reassembled PDU]"
"37530","33.668443385","192.168.1.55","192.168.1.2","TCP","1514","8004  >  36234 [ACK] Seq=1638 Ack=144 Win=65024 Len=1448 TSval=2916037749 TSecr=3045557519 [TCP segment of a reassembled PDU]"
"37531","33.668444829","192.168.1.55","192.168.1.2","TCP","1514","8004  >  36234 [ACK] Seq=3086 Ack=144 Win=65024 Len=1448 TSval=2916037749 TSecr=3045557519 [TCP segment of a reassembled PDU]"
"37532","33.668446348","192.168.1.55","192.168.1.2","TCP","1514","8004  >  36234 [ACK] Seq=4534 Ack=144 Win=65024 Len=1448 TSval=2916037749 TSecr=3045557519 [TCP segment of a reassembled PDU]"
"37533","33.668447755","192.168.1.55","192.168.1.2","TCP","1514","8004  >  36234 [PSH, ACK] Seq=5982 Ack=144 Win=65024 Len=1448 TSval=2916037749 TSecr=3045557519 [TCP segment of a reassembled PDU]"
"37534","33.668464792","192.168.1.55","192.168.1.2","TCP","1514","8004  >  36234 [ACK] Seq=7430 Ack=144 Win=65024 Len=1448 TSval=2916037749 TSecr=3045557519 [TCP segment of a reassembled PDU]"
"37535","33.668466737","192.168.1.55","192.168.1.2","TCP","1514","8004  >  36234 [ACK] Seq=8878 Ack=144 Win=65024 Len=1448 TSval=2916037749 TSecr=3045557519 [TCP segment of a reassembled PDU]"
"37536","33.668468144","192.168.1.55","192.168.1.2","TCP","1514","8004  >  36234 [ACK] Seq=10326 Ack=144 Win=65024 Len=1448 TSval=2916037749 TSecr=3045557519 [TCP segment of a reassembled PDU]"
"37537","33.668469607","192.168.1.55","192.168.1.2","TCP","1514","8004  >  36234 [PSH, ACK] Seq=11774 Ack=144 Win=65024 Len=1448 TSval=2916037749 TSecr=3045557519 [TCP segment of a reassembled PDU]"
"37538","33.672287058","192.168.1.2","192.168.1.55","TCP","66","36234  >  8004 [ACK] Seq=144 Ack=190 Win=64512 Len=0 TSval=3045557526 TSecr=2916037749"
"37539","33.672433947","192.168.1.55","192.168.1.2","TCP","1514","8004  >  36234 [ACK] Seq=13222 Ack=144 Win=65024 Len=1448 TSval=2916037753 TSecr=3045557526 [TCP segment of a reassembled PDU]"
"37540","33.672449873","192.168.1.55","192.168.1.2","TCP","1514","8004  >  36234 [PSH, ACK] Seq=14670 Ack=144 Win=65024 Len=1448 TSval=2916037753 TSecr=3045557526 [TCP segment of a reassembled PDU]"
"37541","33.672636725","192.168.1.2","192.168.1.55","TCP","66","36234  >  8004 [ACK] Seq=144 Ack=5982 Win=76800 Len=0 TSval=3045557526 TSecr=2916037749"
"37542","33.672736929","192.168.1.55","192.168.1.2","TCP","1514","8004  >  36234 [ACK] Seq=16118 Ack=144 Win=65024 Len=1448 TSval=2916037753 TSecr=3045557526 [TCP segment of a reassembled PDU]"
"37543","33.672742669","192.168.1.55","192.168.1.2","TCP","1514","8004  >  36234 [ACK] Seq=17566 Ack=144 Win=65024 Len=1448 TSval=2916037753 TSecr=3045557526 [TCP segment of a reassembled PDU]"
"37544","33.672746040","192.168.1.55","192.168.1.2","TCP","1514","8004  >  36234 [ACK] Seq=19014 Ack=144 Win=65024 Len=1448 TSval=2916037753 TSecr=3045557526 [TCP segment of a reassembled PDU]"
"37545","33.672748447","192.168.1.55","192.168.1.2","TCP","1514","8004  >  36234 [ACK] Seq=20462 Ack=144 Win=65024 Len=1448 TSval=2916037753 TSecr=3045557526 [TCP segment of a reassembled PDU]"
"37546","33.672750355","192.168.1.55","192.168.1.2","TCP","1514","8004  >  36234 [ACK] Seq=21910 Ack=144 Win=65024 Len=1448 TSval=2916037753 TSecr=3045557526 [TCP segment of a reassembled PDU]"
"37547","33.672752632","192.168.1.55","192.168.1.2","TCP","1514","8004  >  36234 [ACK] Seq=23358 Ack=144 Win=65024 Len=1448 TSval=2916037753 TSecr=3045557526 [TCP segment of a reassembled PDU]"
"37548","33.672754651","192.168.1.55","192.168.1.2","TCP","1514","8004  >  36234 [PSH, ACK] Seq=24806 Ack=144 Win=65024 Len=1448 TSval=2916037753 TSecr=3045557526 [TCP segment of a reassembled PDU]"
"37549","33.672767318","192.168.1.2","192.168.1.55","TCP","66","36234  >  8004 [ACK] Seq=144 Ack=7430 Win=79872 Len=0 TSval=3045557527 TSecr=2916037749"
"37550","33.672788170","192.168.1.2","192.168.1.55","TCP","66","36234  >  8004 [ACK] Seq=144 Ack=13222 Win=80896 Len=0 TSval=3045557527 TSecr=2916037749"
"37551","33.672860744","192.168.1.55","192.168.1.2","TCP","1514","8004  >  36234 [ACK] Seq=26254 Ack=144 Win=65024 Len=1448 TSval=2916037753 TSecr=3045557527 [TCP segment of a reassembled PDU]"
"37552","33.672870114","192.168.1.55","192.168.1.2","TCP","1514","8004  >  36234 [ACK] Seq=27702 Ack=144 Win=65024 Len=1448 TSval=2916037753 TSecr=3045557527 [TCP segment of a reassembled PDU]"
"37553","33.672871855","192.168.1.55","192.168.1.2","TCP","1514","8004  >  36234 [ACK] Seq=29150 Ack=144 Win=65024 Len=1448 TSval=2916037753 TSecr=3045557527 [TCP segment of a reassembled PDU]"
"37554","33.672874096","192.168.1.55","192.168.1.2","TCP","1514","8004  >  36234 [ACK] Seq=30598 Ack=144 Win=65024 Len=1448 TSval=2916037753 TSecr=3045557527 [TCP segment of a reassembled PDU]"
"37555","33.672876596","192.168.1.55","192.168.1.2","TCP","1514","8004  >  36234 [ACK] Seq=32046 Ack=144 Win=65024 Len=1448 TSval=2916037753 TSecr=3045557527 [TCP segment of a reassembled PDU]"
"37556","33.672879392","192.168.1.55","192.168.1.2","TCP","1514","8004  >  36234 [ACK] Seq=33494 Ack=144 Win=65024 Len=1448 TSval=2916037753 TSecr=3045557527 [TCP segment of a reassembled PDU]"
"37557","33.672882170","192.168.1.55","192.168.1.2","TCP","1514","8004  >  36234 [ACK] Seq=34942 Ack=144 Win=65024 Len=1448 TSval=2916037753 TSecr=3045557527 [TCP segment of a reassembled PDU]"
"37558","33.672885447","192.168.1.55","192.168.1.2","TCP","1514","8004  >  36234 [ACK] Seq=36390 Ack=144 Win=65024 Len=1448 TSval=2916037753 TSecr=3045557527 [TCP segment of a reassembled PDU]"
"37559","33.672888133","192.168.1.55","192.168.1.2","TCP","1514","8004  >  36234 [ACK] Seq=37838 Ack=144 Win=65024 Len=1448 TSval=2916037753 TSecr=3045557527 [TCP segment of a reassembled PDU]"
"37560","33.672890670","192.168.1.55","192.168.1.2","TCP","1514","8004  >  36234 [PSH, ACK] Seq=39286 Ack=144 Win=65024 Len=1448 TSval=2916037753 TSecr=3045557527 [TCP segment of a reassembled PDU]"
"37561","33.673787134","192.168.1.55","192.168.1.2","TCP","1514","8004  >  36234 [ACK] Seq=40734 Ack=144 Win=65024 Len=1448 TSval=2916037754 TSecr=3045557527 [TCP segment of a reassembled PDU]"
"37562","33.677618992","192.168.1.2","192.168.1.55","TCP","66","36234  >  8004 [ACK] Seq=144 Ack=16118 Win=87040 Len=0 TSval=3045557532 TSecr=2916037753"
"37563","33.677670437","192.168.1.55","192.168.1.2","TCP","1514","8004  >  36234 [ACK] Seq=42182 Ack=144 Win=65024 Len=1448 TSval=2916037758 TSecr=3045557532 [TCP segment of a reassembled PDU]"
"37564","33.677677270","192.168.1.55","192.168.1.2","TCP","1514","8004  >  36234 [PSH, ACK] Seq=43630 Ack=144 Win=65024 Len=1448 TSval=2916037758 TSecr=3045557532 [TCP segment of a reassembled PDU]"
"37565","33.677762548","192.168.1.2","192.168.1.55","TCP","66","36234  >  8004 [ACK] Seq=144 Ack=26254 Win=86016 Len=0 TSval=3045557532 TSecr=2916037753"
"37566","33.677799566","192.168.1.55","192.168.1.2","TCP","1514","8004  >  36234 [ACK] Seq=45078 Ack=144 Win=65024 Len=1448 TSval=2916037758 TSecr=3045557532 [TCP segment of a reassembled PDU]"
"37567","33.677801640","192.168.1.55","192.168.1.2","TCP","1514","8004  >  36234 [ACK] Seq=46526 Ack=144 Win=65024 Len=1448 TSval=2916037758 TSecr=3045557532 [TCP segment of a reassembled PDU]"
"37568","33.677803252","192.168.1.55","192.168.1.2","TCP","1514","8004  >  36234 [ACK] Seq=47974 Ack=144 Win=65024 Len=1448 TSval=2916037758 TSecr=3045557532 [TCP segment of a reassembled PDU]"
"37569","33.677804826","192.168.1.55","192.168.1.2","TCP","1514","8004  >  36234 [ACK] Seq=49422 Ack=144 Win=65024 Len=1448 TSval=2916037758 TSecr=3045557532 [TCP segment of a reassembled PDU]"
"37570","33.677806955","192.168.1.55","192.168.1.2","TCP","1514","8004  >  36234 [ACK] Seq=50870 Ack=144 Win=65024 Len=1448 TSval=2916037758 TSecr=3045557532 [TCP segment of a reassembled PDU]"
"37571","33.677808918","192.168.1.55","192.168.1.2","TCP","1514","8004  >  36234 [ACK] Seq=52318 Ack=144 Win=65024 Len=1448 TSval=2916037758 TSecr=3045557532 [TCP segment of a reassembled PDU]"
"37572","33.677810418","192.168.1.55","192.168.1.2","TCP","1514","8004  >  36234 [ACK] Seq=53766 Ack=144 Win=65024 Len=1448 TSval=2916037758 TSecr=3045557532 [TCP segment of a reassembled PDU]"
"37573","33.677811807","192.168.1.55","192.168.1.2","TCP","1514","8004  >  36234 [ACK] Seq=55214 Ack=144 Win=65024 Len=1448 TSval=2916037758 TSecr=3045557532 [TCP segment of a reassembled PDU]"
"37574","33.677813974","192.168.1.55","192.168.1.2","TCP","1514","8004  >  36234 [ACK] Seq=56662 Ack=144 Win=65024 Len=1448 TSval=2916037758 TSecr=3045557532 [TCP segment of a reassembled PDU]"
"37575","33.677815603","192.168.1.55","192.168.1.2","TCP","1514","8004  >  36234 [ACK] Seq=58110 Ack=144 Win=65024 Len=1448 TSval=2916037758 TSecr=3045557532 [TCP segment of a reassembled PDU]"
"37576","33.677817529","192.168.1.55","192.168.1.2","TCP","1514","8004  >  36234 [ACK] Seq=59558 Ack=144 Win=65024 Len=1448 TSval=2916037758 TSecr=3045557532 [TCP segment of a reassembled PDU]"
"37577","33.677819807","192.168.1.55","192.168.1.2","TCP","1514","8004  >  36234 [ACK] Seq=61006 Ack=144 Win=65024 Len=1448 TSval=2916037758 TSecr=3045557532 [TCP segment of a reassembled PDU]"
"37578","33.677821215","192.168.1.55","192.168.1.2","TCP","1514","8004  >  36234 [ACK] Seq=62454 Ack=144 Win=65024 Len=1448 TSval=2916037758 TSecr=3045557532 [TCP segment of a reassembled PDU]"
"37579","33.677822511","192.168.1.55","192.168.1.2","TCP","1514","8004  >  36234 [PSH, ACK] Seq=63902 Ack=144 Win=65024 Len=1448 TSval=2916037758 TSecr=3045557532 [TCP segment of a reassembled PDU]"
"37580","33.677827548","192.168.1.2","192.168.1.55","TCP","66","36234  >  8004 [ACK] Seq=144 Ack=36390 Win=76800 Len=0 TSval=3045557532 TSecr=2916037753"
"37581","33.677858252","192.168.1.55","192.168.1.2","TCP","1514","8004  >  36234 [ACK] Seq=65350 Ack=144 Win=65024 Len=1448 TSval=2916037758 TSecr=3045557532 [TCP segment of a reassembled PDU]"
"37582","33.677860085","192.168.1.55","192.168.1.2","TCP","1514","8004  >  36234 [ACK] Seq=66798 Ack=144 Win=65024 Len=1448 TSval=2916037758 TSecr=3045557532 [TCP segment of a reassembled PDU]"
"37583","33.677861585","192.168.1.55","192.168.1.2","TCP","1514","8004  >  36234 [ACK] Seq=68246 Ack=144 Win=65024 Len=1448 TSval=2916037758 TSecr=3045557532 [TCP segment of a reassembled PDU]"
"37584","33.677863955","192.168.1.55","192.168.1.2","TCP","1514","8004  >  36234 [ACK] Seq=69694 Ack=144 Win=65024 Len=1448 TSval=2916037758 TSecr=3045557532 [TCP segment of a reassembled PDU]"
"37585","33.677865659","192.168.1.55","192.168.1.2","TCP","1514","8004  >  36234 [ACK] Seq=71142 Ack=144 Win=65024 Len=1448 TSval=2916037758 TSecr=3045557532 [TCP segment of a reassembled PDU]"
"37586","33.677867048","192.168.1.55","192.168.1.2","TCP","1514","8004  >  36234 [ACK] Seq=72590 Ack=144 Win=65024 Len=1448 TSval=2916037758 TSecr=3045557532 [TCP segment of a reassembled PDU]"
"37587","33.677868567","192.168.1.55","192.168.1.2","TCP","1514","8004  >  36234 [ACK] Seq=74038 Ack=144 Win=65024 Len=1448 TSval=2916037758 TSecr=3045557532 [TCP segment of a reassembled PDU]"
"37588","33.677869937","192.168.1.55","192.168.1.2","TCP","1514","8004  >  36234 [PSH, ACK] Seq=75486 Ack=144 Win=65024 Len=1448 TSval=2916037758 TSecr=3045557532 [TCP segment of a reassembled PDU]"
"37589","33.677877807","192.168.1.2","192.168.1.55","TCP","66","36234  >  8004 [ACK] Seq=144 Ack=39286 Win=92160 Len=0 TSval=3045557533 TSecr=2916037753"
"37590","33.681158183","192.168.1.2","192.168.1.55","TCP","66","36234  >  8004 [ACK] Seq=144 Ack=40734 Win=94208 Len=0 TSval=3045557533 TSecr=2916037753"
"37591","33.681206183","192.168.1.55","192.168.1.2","TCP","1514","8004  >  36234 [ACK] Seq=76934 Ack=144 Win=65024 Len=1448 TSval=2916037761 TSecr=3045557533 [TCP segment of a reassembled PDU]"
"37592","33.681210683","192.168.1.55","192.168.1.2","TCP","1514","8004  >  36234 [ACK] Seq=78382 Ack=144 Win=65024 Len=1448 TSval=2916037761 TSecr=3045557533 [TCP segment of a reassembled PDU]"
"37593","33.681211850","192.168.1.55","192.168.1.2","TCP","1514","8004  >  36234 [ACK] Seq=79830 Ack=144 Win=65024 Len=1448 TSval=2916037761 TSecr=3045557533 [TCP segment of a reassembled PDU]"
"37594","33.681213035","192.168.1.55","192.168.1.2","TCP","1514","8004  >  36234 [ACK] Seq=81278 Ack=144 Win=65024 Len=1448 TSval=2916037761 TSecr=3045557533 [TCP segment of a reassembled PDU]"
"37595","33.681214350","192.168.1.55","192.168.1.2","TCP","1514","8004  >  36234 [ACK] Seq=82726 Ack=144 Win=65024 Len=1448 TSval=2916037761 TSecr=3045557533 [TCP segment of a reassembled PDU]"
"37596","33.681217090","192.168.1.55","192.168.1.2","TCP","1514","8004  >  36234 [ACK] Seq=84174 Ack=144 Win=65024 Len=1448 TSval=2916037761 TSecr=3045557533 [TCP segment of a reassembled PDU]"
"37597","33.681218646","192.168.1.55","192.168.1.2","TCP","1514","8004  >  36234 [ACK] Seq=85622 Ack=144 Win=65024 Len=1448 TSval=2916037761 TSecr=3045557533 [TCP segment of a reassembled PDU]"
"37598","33.681220090","192.168.1.55","192.168.1.2","TCP","1514","8004  >  36234 [ACK] Seq=87070 Ack=144 Win=65024 Len=1448 TSval=2916037761 TSecr=3045557533 [TCP segment of a reassembled PDU]"
"37599","33.681221368","192.168.1.55","192.168.1.2","TCP","1514","8004  >  36234 [ACK] Seq=88518 Ack=144 Win=65024 Len=1448 TSval=2916037761 TSecr=3045557533 [TCP segment of a reassembled PDU]"
"37600","33.681222701","192.168.1.55","192.168.1.2","TCP","1514","8004  >  36234 [ACK] Seq=89966 Ack=144 Win=65024 Len=1448 TSval=2916037761 TSecr=3045557533 [TCP segment of a reassembled PDU]"
"37601","33.681224276","192.168.1.55","192.168.1.2","TCP","1514","8004  >  36234 [ACK] Seq=91414 Ack=144 Win=65024 Len=1448 TSval=2916037761 TSecr=3045557533 [TCP segment of a reassembled PDU]"
"37602","33.681225831","192.168.1.55","192.168.1.2","TCP","1514","8004  >  36234 [ACK] Seq=92862 Ack=144 Win=65024 Len=1448 TSval=2916037761 TSecr=3045557533 [TCP segment of a reassembled PDU]"
"37603","33.681227239","192.168.1.55","192.168.1.2","TCP","1514","8004  >  36234 [ACK] Seq=94310 Ack=144 Win=65024 Len=1448 TSval=2916037761 TSecr=3045557533 [TCP segment of a reassembled PDU]"
"37604","33.681228942","192.168.1.55","192.168.1.2","TCP","1514","8004  >  36234 [PSH, ACK] Seq=95758 Ack=144 Win=65024 Len=1448 TSval=2916037761 TSecr=3045557533 [TCP segment of a reassembled PDU]"
"37605","33.681260350","192.168.1.2","192.168.1.55","TCP","66","36234  >  8004 [ACK] Seq=144 Ack=42182 Win=94208 Len=0 TSval=3045557533 TSecr=2916037754"
"37606","33.683191668","192.168.1.2","192.168.1.55","TCP","66","36234  >  8004 [ACK] Seq=144 Ack=45078 Win=92160 Len=0 TSval=3045557537 TSecr=2916037758"
"37607","33.683213853","192.168.1.55","192.168.1.2","TCP","1514","8004  >  36234 [ACK] Seq=97206 Ack=144 Win=65024 Len=1448 TSval=2916037763 TSecr=3045557537 [TCP segment of a reassembled PDU]"
"37608","33.683217445","192.168.1.55","192.168.1.2","TCP","1514","8004  >  36234 [ACK] Seq=98654 Ack=144 Win=65024 Len=1448 TSval=2916037763 TSecr=3045557537 [TCP segment of a reassembled PDU]"
"37609","33.683219205","192.168.1.55","192.168.1.2","TCP","1514","8004  >  36234 [ACK] Seq=100102 Ack=144 Win=65024 Len=1448 TSval=2916037763 TSecr=3045557537 [TCP segment of a reassembled PDU]"
"37610","33.683220482","192.168.1.55","192.168.1.2","TCP","1514","8004  >  36234 [ACK] Seq=101550 Ack=144 Win=65024 Len=1448 TSval=2916037763 TSecr=3045557537 [TCP segment of a reassembled PDU]"
"37611","33.683223519","192.168.1.55","192.168.1.2","TCP","1514","8004  >  36234 [ACK] Seq=102998 Ack=144 Win=65024 Len=1448 TSval=2916037763 TSecr=3045557537 [TCP segment of a reassembled PDU]"
"37612","33.683225260","192.168.1.55","192.168.1.2","TCP","1514","8004  >  36234 [PSH, ACK] Seq=104446 Ack=144 Win=65024 Len=1448 TSval=2916037763 TSecr=3045557537 [TCP segment of a reassembled PDU]"
"37613","33.683568557","192.168.1.2","192.168.1.55","TCP","66","36234  >  8004 [ACK] Seq=144 Ack=46526 Win=94208 Len=0 TSval=3045557537 TSecr=2916037758"
"37614","33.683577094","192.168.1.2","192.168.1.55","TCP","66","36234  >  8004 [ACK] Seq=144 Ack=65350 Win=77824 Len=0 TSval=3045557537 TSecr=2916037758"
"37615","33.683590520","192.168.1.55","192.168.1.2","TCP","1514","8004  >  36234 [ACK] Seq=105894 Ack=144 Win=65024 Len=1448 TSval=2916037764 TSecr=3045557537 [TCP segment of a reassembled PDU]"
"37616","33.683592409","192.168.1.55","192.168.1.2","TCP","1514","8004  >  36234 [ACK] Seq=107342 Ack=144 Win=65024 Len=1448 TSval=2916037764 TSecr=3045557537 [TCP segment of a reassembled PDU]"
"37617","33.683594150","192.168.1.55","192.168.1.2","TCP","1514","8004  >  36234 [ACK] Seq=108790 Ack=144 Win=65024 Len=1448 TSval=2916037764 TSecr=3045557537 [TCP segment of a reassembled PDU]"
"37618","33.683596039","192.168.1.55","192.168.1.2","TCP","1514","8004  >  36234 [ACK] Seq=110238 Ack=144 Win=65024 Len=1448 TSval=2916037764 TSecr=3045557537 [TCP segment of a reassembled PDU]"
"37619","33.683597465","192.168.1.55","192.168.1.2","TCP","1514","8004  >  36234 [ACK] Seq=111686 Ack=144 Win=65024 Len=1448 TSval=2916037764 TSecr=3045557537 [TCP segment of a reassembled PDU]"
"37620","33.683599224","192.168.1.55","192.168.1.2","TCP","1514","8004  >  36234 [ACK] Seq=113134 Ack=144 Win=65024 Len=1448 TSval=2916037764 TSecr=3045557537 [TCP segment of a reassembled PDU]"
"37621","33.683600965","192.168.1.55","192.168.1.2","TCP","1514","8004  >  36234 [PSH, ACK] Seq=114582 Ack=144 Win=65024 Len=1448 TSval=2916037764 TSecr=3045557537 [TCP segment of a reassembled PDU]"
"37622","33.683632687","192.168.1.55","192.168.1.2","TCP","1514","8004  >  36234 [ACK] Seq=116030 Ack=144 Win=65024 Len=1448 TSval=2916037764 TSecr=3045557537 [TCP segment of a reassembled PDU]"
"37623","33.683635557","192.168.1.55","192.168.1.2","TCP","1514","8004  >  36234 [ACK] Seq=117478 Ack=144 Win=65024 Len=1448 TSval=2916037764 TSecr=3045557537 [TCP segment of a reassembled PDU]"
"37624","33.683636872","192.168.1.55","192.168.1.2","TCP","1514","8004  >  36234 [ACK] Seq=118926 Ack=144 Win=65024 Len=1448 TSval=2916037764 TSecr=3045557537 [TCP segment of a reassembled PDU]"
"37625","33.683638261","192.168.1.55","192.168.1.2","TCP","1514","8004  >  36234 [ACK] Seq=120374 Ack=144 Win=65024 Len=1448 TSval=2916037764 TSecr=3045557537 [TCP segment of a reassembled PDU]"
"37626","33.683640168","192.168.1.55","192.168.1.2","TCP","1514","8004  >  36234 [ACK] Seq=121822 Ack=144 Win=65024 Len=1448 TSval=2916037764 TSecr=3045557537 [TCP segment of a reassembled PDU]"
"37627","33.683641650","192.168.1.55","192.168.1.2","TCP","1514","8004  >  36234 [ACK] Seq=123270 Ack=144 Win=65024 Len=1448 TSval=2916037764 TSecr=3045557537 [TCP segment of a reassembled PDU]"
"37628","33.683643909","192.168.1.55","192.168.1.2","TCP","1514","8004  >  36234 [ACK] Seq=124718 Ack=144 Win=65024 Len=1448 TSval=2916037764 TSecr=3045557537 [TCP segment of a reassembled PDU]"
"37629","33.683645483","192.168.1.55","192.168.1.2","TCP","1514","8004  >  36234 [ACK] Seq=126166 Ack=144 Win=65024 Len=1448 TSval=2916037764 TSecr=3045557537 [TCP segment of a reassembled PDU]"
"37630","33.683646779","192.168.1.55","192.168.1.2","TCP","1514","8004  >  36234 [ACK] Seq=127614 Ack=144 Win=65024 Len=1448 TSval=2916037764 TSecr=3045557537 [TCP segment of a reassembled PDU]"
"37631","33.683648039","192.168.1.55","192.168.1.2","TCP","1514","8004  >  36234 [ACK] Seq=129062 Ack=144 Win=65024 Len=1448 TSval=2916037764 TSecr=3045557537 [TCP segment of a reassembled PDU]"
"37632","33.683649798","192.168.1.55","192.168.1.2","TCP","1514","8004  >  36234 [ACK] Seq=130510 Ack=144 Win=65024 Len=1448 TSval=2916037764 TSecr=3045557537 [TCP segment of a reassembled PDU]"
"37633","33.683651650","192.168.1.55","192.168.1.2","TCP","1514","8004  >  36234 [ACK] Seq=131958 Ack=144 Win=65024 Len=1448 TSval=2916037764 TSecr=3045557537 [TCP segment of a reassembled PDU]"
"37634","33.683653409","192.168.1.55","192.168.1.2","TCP","1514","8004  >  36234 [ACK] Seq=133406 Ack=144 Win=65024 Len=1448 TSval=2916037764 TSecr=3045557537 [TCP segment of a reassembled PDU]"
"37635","33.683655242","192.168.1.55","192.168.1.2","TCP","1514","8004  >  36234 [ACK] Seq=134854 Ack=144 Win=65024 Len=1448 TSval=2916037764 TSecr=3045557537 [TCP segment of a reassembled PDU]"
"37636","33.683663928","192.168.1.55","192.168.1.2","TCP","1514","8004  >  36234 [ACK] Seq=136302 Ack=144 Win=65024 Len=1448 TSval=2916037764 TSecr=3045557537 [TCP segment of a reassembled PDU]"
"37637","33.683667909","192.168.1.55","192.168.1.2","TCP","1514","8004  >  36234 [ACK] Seq=137750 Ack=144 Win=65024 Len=1448 TSval=2916037764 TSecr=3045557537 [TCP segment of a reassembled PDU]"
"37638","33.683669224","192.168.1.55","192.168.1.2","TCP","1514","8004  >  36234 [ACK] Seq=139198 Ack=144 Win=65024 Len=1448 TSval=2916037764 TSecr=3045557537 [TCP segment of a reassembled PDU]"
"37639","33.683670483","192.168.1.55","192.168.1.2","TCP","1514","8004  >  36234 [ACK] Seq=140646 Ack=144 Win=65024 Len=1448 TSval=2916037764 TSecr=3045557537 [TCP segment of a reassembled PDU]"
"37640","33.683671687","192.168.1.55","192.168.1.2","TCP","1146","[TCP Window Full] 8004  >  36234 [PSH, ACK] Seq=142094 Ack=144 Win=65024 Len=1080 TSval=2916037764 TSecr=3045557537 [TCP segment of a reassembled PDU]"
"37641","33.683675576","192.168.1.2","192.168.1.55","TCP","66","36234  >  8004 [ACK] Seq=144 Ack=76934 Win=66560 Len=0 TSval=3045557537 TSecr=2916037758"
"37642","33.688911899","192.168.1.2","192.168.1.55","TCP","66","36234  >  8004 [ACK] Seq=144 Ack=88518 Win=80896 Len=0 TSval=3045557539 TSecr=2916037761"
"37643","33.688965455","192.168.1.55","192.168.1.2","TCP","1514","8004  >  36234 [ACK] Seq=143174 Ack=144 Win=65024 Len=1448 TSval=2916037769 TSecr=3045557539 [TCP segment of a reassembled PDU]"
"37644","33.688969936","192.168.1.55","192.168.1.2","TCP","1514","8004  >  36234 [ACK] Seq=144622 Ack=144 Win=65024 Len=1448 TSval=2916037769 TSecr=3045557539 [TCP segment of a reassembled PDU]"
"37645","33.688971214","192.168.1.55","192.168.1.2","TCP","1514","8004  >  36234 [ACK] Seq=146070 Ack=144 Win=65024 Len=1448 TSval=2916037769 TSecr=3045557539 [TCP segment of a reassembled PDU]"
"37646","33.688972529","192.168.1.55","192.168.1.2","TCP","1514","8004  >  36234 [ACK] Seq=147518 Ack=144 Win=65024 Len=1448 TSval=2916037769 TSecr=3045557539 [TCP segment of a reassembled PDU]"
"37647","33.688973714","192.168.1.55","192.168.1.2","TCP","1514","8004  >  36234 [ACK] Seq=148966 Ack=144 Win=65024 Len=1448 TSval=2916037769 TSecr=3045557539 [TCP segment of a reassembled PDU]"
"37648","33.688974825","192.168.1.55","192.168.1.2","TCP","1514","8004  >  36234 [ACK] Seq=150414 Ack=144 Win=65024 Len=1448 TSval=2916037769 TSecr=3045557539 [TCP segment of a reassembled PDU]"
"37649","33.688975973","192.168.1.55","192.168.1.2","TCP","1514","8004  >  36234 [ACK] Seq=151862 Ack=144 Win=65024 Len=1448 TSval=2916037769 TSecr=3045557539 [TCP segment of a reassembled PDU]"
"37650","33.688977140","192.168.1.55","192.168.1.2","TCP","1514","8004  >  36234 [PSH, ACK] Seq=153310 Ack=144 Win=65024 Len=1448 TSval=2916037769 TSecr=3045557539 [TCP segment of a reassembled PDU]"
"37651","33.688984955","192.168.1.55","192.168.1.2","TCP","434","8004  >  36234 [ACK] Seq=154758 Ack=144 Win=65024 Len=368 TSval=2916037769 TSecr=3045557539 [TCP segment of a reassembled PDU]"
"37652","33.689037418","192.168.1.2","192.168.1.55","TCP","66","36234  >  8004 [ACK] Seq=144 Ack=97206 Win=83968 Len=0 TSval=3045557540 TSecr=2916037761"
"37653","33.689045566","192.168.1.2","192.168.1.55","TCP","66","36234  >  8004 [ACK] Seq=144 Ack=100102 Win=81920 Len=0 TSval=3045557541 TSecr=2916037763"
"37654","33.691655311","192.168.1.2","192.168.1.55","TCP","66","36234  >  8004 [ACK] Seq=144 Ack=105894 Win=88064 Len=0 TSval=3045557544 TSecr=2916037763"
"37655","33.691697014","192.168.1.55","192.168.1.2","TCP","1514","8004  >  36234 [ACK] Seq=155126 Ack=144 Win=65024 Len=1448 TSval=2916037772 TSecr=3045557544 [TCP segment of a reassembled PDU]"
"37656","33.691700440","192.168.1.55","192.168.1.2","TCP","1514","8004  >  36234 [ACK] Seq=156574 Ack=144 Win=65024 Len=1448 TSval=2916037772 TSecr=3045557544 [TCP segment of a reassembled PDU]"
"37657","33.691701811","192.168.1.55","192.168.1.2","TCP","1514","8004  >  36234 [ACK] Seq=158022 Ack=144 Win=65024 Len=1448 TSval=2916037772 TSecr=3045557544 [TCP segment of a reassembled PDU]"
"37658","33.691703237","192.168.1.55","192.168.1.2","TCP","1514","8004  >  36234 [ACK] Seq=159470 Ack=144 Win=65024 Len=1448 TSval=2916037772 TSecr=3045557544 [TCP segment of a reassembled PDU]"
"37659","33.691704552","192.168.1.55","192.168.1.2","TCP","1514","8004  >  36234 [ACK] Seq=160918 Ack=144 Win=65024 Len=1448 TSval=2916037772 TSecr=3045557544 [TCP segment of a reassembled PDU]"
"37660","33.691705681","192.168.1.55","192.168.1.2","TCP","1514","8004  >  36234 [ACK] Seq=162366 Ack=144 Win=65024 Len=1448 TSval=2916037772 TSecr=3045557544 [TCP segment of a reassembled PDU]"
"37661","33.691706977","192.168.1.55","192.168.1.2","TCP","1514","8004  >  36234 [ACK] Seq=163814 Ack=144 Win=65024 Len=1448 TSval=2916037772 TSecr=3045557544 [TCP segment of a reassembled PDU]"
"37662","33.691708089","192.168.1.55","192.168.1.2","TCP","1514","8004  >  36234 [ACK] Seq=165262 Ack=144 Win=65024 Len=1448 TSval=2916037772 TSecr=3045557544 [TCP segment of a reassembled PDU]"
"37663","33.691709237","192.168.1.55","192.168.1.2","TCP","1514","8004  >  36234 [ACK] Seq=166710 Ack=144 Win=65024 Len=1448 TSval=2916037772 TSecr=3045557544 [TCP segment of a reassembled PDU]"
"37664","33.691710607","192.168.1.55","192.168.1.2","TCP","1514","8004  >  36234 [ACK] Seq=168158 Ack=144 Win=65024 Len=1448 TSval=2916037772 TSecr=3045557544 [TCP segment of a reassembled PDU]"
"37665","33.691711996","192.168.1.55","192.168.1.2","TCP","1514","8004  >  36234 [ACK] Seq=169606 Ack=144 Win=65024 Len=1448 TSval=2916037772 TSecr=3045557544 [TCP segment of a reassembled PDU]"
"37666","33.691713292","192.168.1.55","192.168.1.2","TCP","1514","8004  >  36234 [ACK] Seq=171054 Ack=144 Win=65024 Len=1448 TSval=2916037772 TSecr=3045557544 [TCP segment of a reassembled PDU]"
"37667","33.691714422","192.168.1.55","192.168.1.2","TCP","1514","8004  >  36234 [ACK] Seq=172502 Ack=144 Win=65024 Len=1448 TSval=2916037772 TSecr=3045557544 [TCP segment of a reassembled PDU]"
"37668","33.691715570","192.168.1.55","192.168.1.2","TCP","1514","8004  >  36234 [ACK] Seq=173950 Ack=144 Win=65024 Len=1448 TSval=2916037772 TSecr=3045557544 [TCP segment of a reassembled PDU]"
"37669","33.691716811","192.168.1.55","192.168.1.2","TCP","1514","8004  >  36234 [ACK] Seq=175398 Ack=144 Win=65024 Len=1448 TSval=2916037772 TSecr=3045557544 [TCP segment of a reassembled PDU]"
"37670","33.691718163","192.168.1.55","192.168.1.2","TCP","1514","8004  >  36234 [ACK] Seq=176846 Ack=144 Win=65024 Len=1448 TSval=2916037772 TSecr=3045557544 [TCP segment of a reassembled PDU]"
"37671","33.691719255","192.168.1.55","192.168.1.2","TCP","1514","8004  >  36234 [ACK] Seq=178294 Ack=144 Win=65024 Len=1448 TSval=2916037772 TSecr=3045557544 [TCP segment of a reassembled PDU]"
"37672","33.691720607","192.168.1.55","192.168.1.2","TCP","1514","8004  >  36234 [ACK] Seq=179742 Ack=144 Win=65024 Len=1448 TSval=2916037772 TSecr=3045557544 [TCP segment of a reassembled PDU]"
"37673","33.691721829","192.168.1.55","192.168.1.2","TCP","1514","8004  >  36234 [ACK] Seq=181190 Ack=144 Win=65024 Len=1448 TSval=2916037772 TSecr=3045557544 [TCP segment of a reassembled PDU]"
"37674","33.691723144","192.168.1.55","192.168.1.2","TCP","1514","8004  >  36234 [ACK] Seq=182638 Ack=144 Win=65024 Len=1448 TSval=2916037772 TSecr=3045557544 [TCP segment of a reassembled PDU]"
"37675","33.691724792","192.168.1.55","192.168.1.2","TCP","1514","8004  >  36234 [ACK] Seq=184086 Ack=144 Win=65024 Len=1448 TSval=2916037772 TSecr=3045557544 [TCP segment of a reassembled PDU]"
"37676","33.691725977","192.168.1.55","192.168.1.2","TCP","1514","8004  >  36234 [ACK] Seq=185534 Ack=144 Win=65024 Len=1448 TSval=2916037772 TSecr=3045557544 [TCP segment of a reassembled PDU]"
"37677","33.691727218","192.168.1.55","192.168.1.2","TCP","1514","8004  >  36234 [ACK] Seq=186982 Ack=144 Win=65024 Len=1448 TSval=2916037772 TSecr=3045557544 [TCP segment of a reassembled PDU]"
"37678","33.691728329","192.168.1.55","192.168.1.2","TCP","1514","8004  >  36234 [ACK] Seq=188430 Ack=144 Win=65024 Len=1448 TSval=2916037772 TSecr=3045557544 [TCP segment of a reassembled PDU]"
"37679","33.691730033","192.168.1.55","192.168.1.2","TCP","1514","8004  >  36234 [ACK] Seq=189878 Ack=144 Win=65024 Len=1448 TSval=2916037772 TSecr=3045557544 [TCP segment of a reassembled PDU]"
"37680","33.691731552","192.168.1.55","192.168.1.2","TCP","1514","8004  >  36234 [PSH, ACK] Seq=191326 Ack=144 Win=65024 Len=1448 TSval=2916037772 TSecr=3045557544 [TCP segment of a reassembled PDU]"
"37681","33.691818311","192.168.1.2","192.168.1.55","TCP","66","36234  >  8004 [ACK] Seq=144 Ack=116030 Win=102400 Len=0 TSval=3045557544 TSecr=2916037764"
"37682","33.691833052","192.168.1.55","192.168.1.2","TCP","1514","8004  >  36234 [ACK] Seq=192774 Ack=144 Win=65024 Len=1448 TSval=2916037772 TSecr=3045557544 [TCP segment of a reassembled PDU]"
"37683","33.691834848","192.168.1.55","192.168.1.2","TCP","1514","8004  >  36234 [ACK] Seq=194222 Ack=144 Win=65024 Len=1448 TSval=2916037772 TSecr=3045557544 [TCP segment of a reassembled PDU]"
"37684","33.691836107","192.168.1.55","192.168.1.2","TCP","1514","8004  >  36234 [ACK] Seq=195670 Ack=144 Win=65024 Len=1448 TSval=2916037772 TSecr=3045557544 [TCP segment of a reassembled PDU]"
"37685","33.691837292","192.168.1.55","192.168.1.2","TCP","1514","8004  >  36234 [ACK] Seq=197118 Ack=144 Win=65024 Len=1448 TSval=2916037772 TSecr=3045557544 [TCP segment of a reassembled PDU]"
"37686","33.691838404","192.168.1.55","192.168.1.2","TCP","1514","8004  >  36234 [PSH, ACK] Seq=198566 Ack=144 Win=65024 Len=1448 TSval=2916037772 TSecr=3045557544 [TCP segment of a reassembled PDU]"
"37687","33.691842330","192.168.1.2","192.168.1.55","TCP","66","36234  >  8004 [ACK] Seq=144 Ack=136302 Win=92160 Len=0 TSval=3045557544 TSecr=2916037764"
"37688","33.691848237","192.168.1.2","192.168.1.55","TCP","66","36234  >  8004 [ACK] Seq=144 Ack=143174 Win=113664 Len=0 TSval=3045557544 TSecr=2916037764"
"37689","33.691894218","192.168.1.55","192.168.1.2","TCP","1514","8004  >  36234 [ACK] Seq=200014 Ack=144 Win=65024 Len=1448 TSval=2916037772 TSecr=3045557544 [TCP segment of a reassembled PDU]"
"37690","33.691896107","192.168.1.55","192.168.1.2","TCP","1514","8004  >  36234 [ACK] Seq=201462 Ack=144 Win=65024 Len=1448 TSval=2916037772 TSecr=3045557544 [TCP segment of a reassembled PDU]"
"37691","33.691897515","192.168.1.55","192.168.1.2","TCP","1514","8004  >  36234 [ACK] Seq=202910 Ack=144 Win=65024 Len=1448 TSval=2916037772 TSecr=3045557544 [TCP segment of a reassembled PDU]"
"37692","33.691898793","192.168.1.55","192.168.1.2","TCP","1514","8004  >  36234 [ACK] Seq=204358 Ack=144 Win=65024 Len=1448 TSval=2916037772 TSecr=3045557544 [TCP segment of a reassembled PDU]"
"37693","33.691899959","192.168.1.55","192.168.1.2","TCP","1514","8004  >  36234 [ACK] Seq=205806 Ack=144 Win=65024 Len=1448 TSval=2916037772 TSecr=3045557544 [TCP segment of a reassembled PDU]"
"37694","33.691901348","192.168.1.55","192.168.1.2","TCP","1514","8004  >  36234 [ACK] Seq=207254 Ack=144 Win=65024 Len=1448 TSval=2916037772 TSecr=3045557544 [TCP segment of a reassembled PDU]"
"37695","33.691902793","192.168.1.55","192.168.1.2","TCP","1514","8004  >  36234 [ACK] Seq=208702 Ack=144 Win=65024 Len=1448 TSval=2916037772 TSecr=3045557544 [TCP segment of a reassembled PDU]"
"37696","33.691903922","192.168.1.55","192.168.1.2","TCP","1514","8004  >  36234 [ACK] Seq=210150 Ack=144 Win=65024 Len=1448 TSval=2916037772 TSecr=3045557544 [TCP segment of a reassembled PDU]"
"37697","33.691905144","192.168.1.55","192.168.1.2","TCP","1514","8004  >  36234 [ACK] Seq=211598 Ack=144 Win=65024 Len=1448 TSval=2916037772 TSecr=3045557544 [TCP segment of a reassembled PDU]"
"37698","33.691906552","192.168.1.55","192.168.1.2","TCP","1514","8004  >  36234 [ACK] Seq=213046 Ack=144 Win=65024 Len=1448 TSval=2916037772 TSecr=3045557544 [TCP segment of a reassembled PDU]"
"37699","33.691907830","192.168.1.55","192.168.1.2","TCP","1514","8004  >  36234 [ACK] Seq=214494 Ack=144 Win=65024 Len=1448 TSval=2916037772 TSecr=3045557544 [TCP segment of a reassembled PDU]"
"37700","33.691909200","192.168.1.55","192.168.1.2","TCP","1514","8004  >  36234 [ACK] Seq=215942 Ack=144 Win=65024 Len=1448 TSval=2916037772 TSecr=3045557544 [TCP segment of a reassembled PDU]"
"37701","33.691910589","192.168.1.55","192.168.1.2","TCP","1514","8004  >  36234 [ACK] Seq=217390 Ack=144 Win=65024 Len=1448 TSval=2916037772 TSecr=3045557544 [TCP segment of a reassembled PDU]"
"37702","33.691911978","192.168.1.55","192.168.1.2","TCP","1514","8004  >  36234 [ACK] Seq=218838 Ack=144 Win=65024 Len=1448 TSval=2916037772 TSecr=3045557544 [TCP segment of a reassembled PDU]"
"37703","33.691913570","192.168.1.55","192.168.1.2","TCP","1514","8004  >  36234 [ACK] Seq=220286 Ack=144 Win=65024 Len=1448 TSval=2916037772 TSecr=3045557544 [TCP segment of a reassembled PDU]"
"37704","33.691915126","192.168.1.55","192.168.1.2","TCP","1514","8004  >  36234 [ACK] Seq=221734 Ack=144 Win=65024 Len=1448 TSval=2916037772 TSecr=3045557544 [TCP segment of a reassembled PDU]"
"37705","33.691916644","192.168.1.55","192.168.1.2","TCP","1514","8004  >  36234 [ACK] Seq=223182 Ack=144 Win=65024 Len=1448 TSval=2916037772 TSecr=3045557544 [TCP segment of a reassembled PDU]"
"37706","33.691918181","192.168.1.55","192.168.1.2","TCP","1514","8004  >  36234 [ACK] Seq=224630 Ack=144 Win=65024 Len=1448 TSval=2916037772 TSecr=3045557544 [TCP segment of a reassembled PDU]"
"37707","33.691919756","192.168.1.55","192.168.1.2","TCP","1514","8004  >  36234 [ACK] Seq=226078 Ack=144 Win=65024 Len=1448 TSval=2916037772 TSecr=3045557544 [TCP segment of a reassembled PDU]"
"37708","33.691920904","192.168.1.55","192.168.1.2","TCP","1514","8004  >  36234 [ACK] Seq=227526 Ack=144 Win=65024 Len=1448 TSval=2916037772 TSecr=3045557544 [TCP segment of a reassembled PDU]"
"37709","33.691922052","192.168.1.55","192.168.1.2","TCP","1514","8004  >  36234 [ACK] Seq=228974 Ack=144 Win=65024 Len=1448 TSval=2916037772 TSecr=3045557544 [TCP segment of a reassembled PDU]"
"37710","33.691923274","192.168.1.55","192.168.1.2","TCP","1514","8004  >  36234 [ACK] Seq=230422 Ack=144 Win=65024 Len=1448 TSval=2916037772 TSecr=3045557544 [TCP segment of a reassembled PDU]"
"37711","33.691924607","192.168.1.55","192.168.1.2","TCP","1514","8004  >  36234 [ACK] Seq=231870 Ack=144 Win=65024 Len=1448 TSval=2916037772 TSecr=3045557544 [TCP segment of a reassembled PDU]"
"37712","33.691926163","192.168.1.55","192.168.1.2","TCP","1514","8004  >  36234 [ACK] Seq=233318 Ack=144 Win=65024 Len=1448 TSval=2916037772 TSecr=3045557544 [TCP segment of a reassembled PDU]"
"37713","33.691927367","192.168.1.55","192.168.1.2","TCP","1514","8004  >  36234 [ACK] Seq=234766 Ack=144 Win=65024 Len=1448 TSval=2916037772 TSecr=3045557544 [TCP segment of a reassembled PDU]"
"37714","33.691929033","192.168.1.55","192.168.1.2","TCP","1514","8004  >  36234 [ACK] Seq=236214 Ack=144 Win=65024 Len=1448 TSval=2916037772 TSecr=3045557544 [TCP segment of a reassembled PDU]"
"37715","33.691930311","192.168.1.55","192.168.1.2","TCP","1514","8004  >  36234 [ACK] Seq=237662 Ack=144 Win=65024 Len=1448 TSval=2916037772 TSecr=3045557544 [TCP segment of a reassembled PDU]"
"37716","33.691932033","192.168.1.55","192.168.1.2","TCP","1514","8004  >  36234 [ACK] Seq=239110 Ack=144 Win=65024 Len=1448 TSval=2916037772 TSecr=3045557544 [TCP segment of a reassembled PDU]"
"37717","33.691933330","192.168.1.55","192.168.1.2","TCP","1514","8004  >  36234 [ACK] Seq=240558 Ack=144 Win=65024 Len=1448 TSval=2916037772 TSecr=3045557544 [TCP segment of a reassembled PDU]"
"37718","33.691934774","192.168.1.55","192.168.1.2","TCP","1514","8004  >  36234 [ACK] Seq=242006 Ack=144 Win=65024 Len=1448 TSval=2916037772 TSecr=3045557544 [TCP segment of a reassembled PDU]"
"37719","33.691935996","192.168.1.55","192.168.1.2","TCP","1514","8004  >  36234 [PSH, ACK] Seq=243454 Ack=144 Win=65024 Len=1448 TSval=2916037772 TSecr=3045557544 [TCP segment of a reassembled PDU]"
"37720","33.693138813","192.168.1.55","192.168.1.2","TCP","1514","8004  >  36234 [ACK] Seq=244902 Ack=144 Win=65024 Len=1448 TSval=2916037773 TSecr=3045557544 [TCP segment of a reassembled PDU]"
"37721","33.693142887","192.168.1.55","192.168.1.2","TCP","1514","8004  >  36234 [ACK] Seq=246350 Ack=144 Win=65024 Len=1448 TSval=2916037773 TSecr=3045557544 [TCP segment of a reassembled PDU]"
"37722","33.693144017","192.168.1.55","192.168.1.2","TCP","1514","8004  >  36234 [ACK] Seq=247798 Ack=144 Win=65024 Len=1448 TSval=2916037773 TSecr=3045557544 [TCP segment of a reassembled PDU]"
"37723","33.693145220","192.168.1.55","192.168.1.2","TCP","1514","8004  >  36234 [ACK] Seq=249246 Ack=144 Win=65024 Len=1448 TSval=2916037773 TSecr=3045557544 [TCP segment of a reassembled PDU]"
"37724","33.693147128","192.168.1.55","192.168.1.2","TCP","1514","8004  >  36234 [ACK] Seq=250694 Ack=144 Win=65024 Len=1448 TSval=2916037773 TSecr=3045557544 [TCP segment of a reassembled PDU]"
"37725","33.693148591","192.168.1.55","192.168.1.2","TCP","1514","8004  >  36234 [ACK] Seq=252142 Ack=144 Win=65024 Len=1448 TSval=2916037773 TSecr=3045557544 [TCP segment of a reassembled PDU]"
"37726","33.693149832","192.168.1.55","192.168.1.2","TCP","1514","8004  >  36234 [ACK] Seq=253590 Ack=144 Win=65024 Len=1448 TSval=2916037773 TSecr=3045557544 [TCP segment of a reassembled PDU]"
"37727","33.693151350","192.168.1.55","192.168.1.2","TCP","1514","8004  >  36234 [PSH, ACK] Seq=255038 Ack=144 Win=65024 Len=1448 TSval=2916037773 TSecr=3045557544 [TCP segment of a reassembled PDU]"
"37728","33.694638760","192.168.1.2","192.168.1.55","TCP","66","36234  >  8004 [ACK] Seq=144 Ack=147518 Win=115712 Len=0 TSval=3045557546 TSecr=2916037769"
"37729","33.694672556","192.168.1.55","192.168.1.2","TCP","1514","8004  >  36234 [ACK] Seq=256486 Ack=144 Win=65024 Len=1448 TSval=2916037775 TSecr=3045557546 [TCP segment of a reassembled PDU]"
"37730","33.694675908","192.168.1.55","192.168.1.2","TCP","1514","8004  >  36234 [ACK] Seq=257934 Ack=144 Win=65024 Len=1448 TSval=2916037775 TSecr=3045557546 [TCP segment of a reassembled PDU]"
"37731","33.694677186","192.168.1.55","192.168.1.2","TCP","1514","8004  >  36234 [ACK] Seq=259382 Ack=144 Win=65024 Len=1448 TSval=2916037775 TSecr=3045557546 [TCP segment of a reassembled PDU]"
"37732","33.694678445","192.168.1.55","192.168.1.2","TCP","1514","8004  >  36234 [PSH, ACK] Seq=260830 Ack=144 Win=65024 Len=1448 TSval=2916037775 TSecr=3045557546 [TCP segment of a reassembled PDU]"
"37733","33.694706927","192.168.1.2","192.168.1.55","TCP","66","36234  >  8004 [ACK] Seq=144 Ack=154758 Win=113664 Len=0 TSval=3045557547 TSecr=2916037769"
"37734","33.700024472","192.168.1.2","192.168.1.55","TCP","66","36234  >  8004 [ACK] Seq=144 Ack=155126 Win=118784 Len=0 TSval=3045557552 TSecr=2916037769"
"37735","33.700045972","192.168.1.55","192.168.1.2","TCP","1514","8004  >  36234 [ACK] Seq=262278 Ack=144 Win=65024 Len=1448 TSval=2916037780 TSecr=3045557552 [TCP segment of a reassembled PDU]"
"37736","33.700049398","192.168.1.55","192.168.1.2","TCP","1514","8004  >  36234 [ACK] Seq=263726 Ack=144 Win=65024 Len=1448 TSval=2916037780 TSecr=3045557552 [TCP segment of a reassembled PDU]"
"37737","33.700050787","192.168.1.55","192.168.1.2","TCP","1514","8004  >  36234 [ACK] Seq=265174 Ack=144 Win=65024 Len=1448 TSval=2916037780 TSecr=3045557552 [TCP segment of a reassembled PDU]"
"37738","33.700051991","192.168.1.55","192.168.1.2","TCP","1514","8004  >  36234 [ACK] Seq=266622 Ack=144 Win=65024 Len=1448 TSval=2916037780 TSecr=3045557552 [TCP segment of a reassembled PDU]"
"37739","33.700053454","192.168.1.55","192.168.1.2","TCP","1514","8004  >  36234 [ACK] Seq=268070 Ack=144 Win=65024 Len=1448 TSval=2916037780 TSecr=3045557552 [TCP segment of a reassembled PDU]"
"37740","33.700054528","192.168.1.55","192.168.1.2","TCP","1514","8004  >  36234 [ACK] Seq=269518 Ack=144 Win=65024 Len=1448 TSval=2916037780 TSecr=3045557552 [TCP segment of a reassembled PDU]"
"37741","33.700055880","192.168.1.55","192.168.1.2","TCP","1514","8004  >  36234 [ACK] Seq=270966 Ack=144 Win=65024 Len=1448 TSval=2916037780 TSecr=3045557552 [TCP segment of a reassembled PDU]"
"37742","33.700057009","192.168.1.55","192.168.1.2","TCP","1514","8004  >  36234 [ACK] Seq=272414 Ack=144 Win=65024 Len=1448 TSval=2916037780 TSecr=3045557552 [TCP segment of a reassembled PDU]"
"37743","33.700058250","192.168.1.55","192.168.1.2","TCP","114","[TCP Window Full] 8004  >  36234 [PSH, ACK] Seq=273862 Ack=144 Win=65024 Len=48 TSval=2916037780 TSecr=3045557552 [TCP segment of a reassembled PDU]"
"37744","33.700473214","192.168.1.2","192.168.1.55","TCP","66","36234  >  8004 [ACK] Seq=144 Ack=163814 Win=113664 Len=0 TSval=3045557552 TSecr=2916037772"
"37745","33.700481714","192.168.1.2","192.168.1.55","TCP","66","36234  >  8004 [ACK] Seq=144 Ack=192774 Win=94208 Len=0 TSval=3045557552 TSecr=2916037772"
"37746","33.700489251","192.168.1.2","192.168.1.55","TCP","66","36234  >  8004 [ACK] Seq=144 Ack=201462 Win=86016 Len=0 TSval=3045557552 TSecr=2916037772"
"37747","33.700495399","192.168.1.2","192.168.1.55","TCP","66","36234  >  8004 [ACK] Seq=144 Ack=210150 Win=113664 Len=0 TSval=3045557553 TSecr=2916037772"
"37748","33.700509603","192.168.1.55","192.168.1.2","TCP","1514","8004  >  36234 [ACK] Seq=273910 Ack=144 Win=65024 Len=1448 TSval=2916037781 TSecr=3045557553 [TCP segment of a reassembled PDU]"
"37749","33.700511288","192.168.1.55","192.168.1.2","TCP","1514","8004  >  36234 [ACK] Seq=275358 Ack=144 Win=65024 Len=1448 TSval=2916037781 TSecr=3045557553 [TCP segment of a reassembled PDU]"
"37750","33.700512362","192.168.1.55","192.168.1.2","TCP","1514","8004  >  36234 [ACK] Seq=276806 Ack=144 Win=65024 Len=1448 TSval=2916037781 TSecr=3045557553 [TCP segment of a reassembled PDU]"
"37751","33.700513547","192.168.1.55","192.168.1.2","TCP","1514","8004  >  36234 [ACK] Seq=278254 Ack=144 Win=65024 Len=1448 TSval=2916037781 TSecr=3045557553 [TCP segment of a reassembled PDU]"
"37752","33.700514862","192.168.1.55","192.168.1.2","TCP","1514","8004  >  36234 [ACK] Seq=279702 Ack=144 Win=65024 Len=1448 TSval=2916037781 TSecr=3045557553 [TCP segment of a reassembled PDU]"
"37753","33.700516214","192.168.1.55","192.168.1.2","TCP","1514","8004  >  36234 [ACK] Seq=281150 Ack=144 Win=65024 Len=1448 TSval=2916037781 TSecr=3045557553 [TCP segment of a reassembled PDU]"
"37754","33.700517288","192.168.1.55","192.168.1.2","TCP","1514","8004  >  36234 [ACK] Seq=282598 Ack=144 Win=65024 Len=1448 TSval=2916037781 TSecr=3045557553 [TCP segment of a reassembled PDU]"
"37755","33.700518529","192.168.1.55","192.168.1.2","TCP","1514","8004  >  36234 [ACK] Seq=284046 Ack=144 Win=65024 Len=1448 TSval=2916037781 TSecr=3045557553 [TCP segment of a reassembled PDU]"
"37756","33.700519695","192.168.1.55","192.168.1.2","TCP","1514","8004  >  36234 [ACK] Seq=285494 Ack=144 Win=65024 Len=1448 TSval=2916037781 TSecr=3045557553 [TCP segment of a reassembled PDU]"
"37757","33.700520788","192.168.1.55","192.168.1.2","TCP","1514","8004  >  36234 [PSH, ACK] Seq=286942 Ack=144 Win=65024 Len=1448 TSval=2916037781 TSecr=3045557553 [TCP segment of a reassembled PDU]"
"37758","33.700526399","192.168.1.55","192.168.1.2","TCP","1466","8004  >  36234 [ACK] Seq=288390 Ack=144 Win=65024 Len=1400 TSval=2916037781 TSecr=3045557553 [TCP segment of a reassembled PDU]"
"37759","33.701084622","192.168.1.2","192.168.1.55","TCP","66","36234  >  8004 [ACK] Seq=144 Ack=226078 Win=104448 Len=0 TSval=3045557556 TSecr=2916037772"
"37760","33.701166993","192.168.1.55","192.168.1.2","TCP","1514","8004  >  36234 [ACK] Seq=289790 Ack=144 Win=65024 Len=1448 TSval=2916037781 TSecr=3045557556 [TCP segment of a reassembled PDU]"
"37761","33.701174974","192.168.1.55","192.168.1.2","TCP","1514","8004  >  36234 [ACK] Seq=291238 Ack=144 Win=65024 Len=1448 TSval=2916037781 TSecr=3045557556 [TCP segment of a reassembled PDU]"
"37762","33.701177289","192.168.1.55","192.168.1.2","TCP","1514","8004  >  36234 [ACK] Seq=292686 Ack=144 Win=65024 Len=1448 TSval=2916037781 TSecr=3045557556 [TCP segment of a reassembled PDU]"
"37763","33.701179048","192.168.1.55","192.168.1.2","TCP","1514","8004  >  36234 [ACK] Seq=294134 Ack=144 Win=65024 Len=1448 TSval=2916037781 TSecr=3045557556 [TCP segment of a reassembled PDU]"
"37764","33.701181030","192.168.1.55","192.168.1.2","TCP","1514","8004  >  36234 [ACK] Seq=295582 Ack=144 Win=65024 Len=1448 TSval=2916037781 TSecr=3045557556 [TCP segment of a reassembled PDU]"
"37765","33.701182011","192.168.1.55","192.168.1.2","TCP","1514","8004  >  36234 [ACK] Seq=297030 Ack=144 Win=65024 Len=1448 TSval=2916037781 TSecr=3045557556 [TCP segment of a reassembled PDU]"
"37766","33.701183196","192.168.1.55","192.168.1.2","TCP","1514","8004  >  36234 [ACK] Seq=298478 Ack=144 Win=65024 Len=1448 TSval=2916037781 TSecr=3045557556 [TCP segment of a reassembled PDU]"
"37767","33.701184752","192.168.1.55","192.168.1.2","TCP","1514","8004  >  36234 [ACK] Seq=299926 Ack=144 Win=65024 Len=1448 TSval=2916037781 TSecr=3045557556 [TCP segment of a reassembled PDU]"
"37768","33.701186604","192.168.1.55","192.168.1.2","TCP","1514","8004  >  36234 [ACK] Seq=301374 Ack=144 Win=65024 Len=1448 TSval=2916037781 TSecr=3045557556 [TCP segment of a reassembled PDU]"
"37769","33.701187993","192.168.1.55","192.168.1.2","TCP","1514","8004  >  36234 [ACK] Seq=302822 Ack=144 Win=65024 Len=1448 TSval=2916037781 TSecr=3045557556 [TCP segment of a reassembled PDU]"
"37770","33.701189641","192.168.1.55","192.168.1.2","TCP","1514","8004  >  36234 [ACK] Seq=304270 Ack=144 Win=65024 Len=1448 TSval=2916037781 TSecr=3045557556 [TCP segment of a reassembled PDU]"
"37771","33.701190974","192.168.1.55","192.168.1.2","TCP","1514","8004  >  36234 [ACK] Seq=305718 Ack=144 Win=65024 Len=1448 TSval=2916037781 TSecr=3045557556 [TCP segment of a reassembled PDU]"
"37772","33.701193381","192.168.1.55","192.168.1.2","TCP","1514","8004  >  36234 [ACK] Seq=307166 Ack=144 Win=65024 Len=1448 TSval=2916037781 TSecr=3045557556 [TCP segment of a reassembled PDU]"
"37773","33.701195141","192.168.1.55","192.168.1.2","TCP","1514","8004  >  36234 [ACK] Seq=308614 Ack=144 Win=65024 Len=1448 TSval=2916037781 TSecr=3045557556 [TCP segment of a reassembled PDU]"
"37774","33.701197567","192.168.1.55","192.168.1.2","TCP","1514","8004  >  36234 [ACK] Seq=310062 Ack=144 Win=65024 Len=1448 TSval=2916037781 TSecr=3045557556 [TCP segment of a reassembled PDU]"
"37775","33.701199659","192.168.1.55","192.168.1.2","TCP","1514","8004  >  36234 [ACK] Seq=311510 Ack=144 Win=65024 Len=1448 TSval=2916037781 TSecr=3045557556 [TCP segment of a reassembled PDU]"
"37776","33.701201011","192.168.1.55","192.168.1.2","TCP","1514","8004  >  36234 [ACK] Seq=312958 Ack=144 Win=65024 Len=1448 TSval=2916037781 TSecr=3045557556 [TCP segment of a reassembled PDU]"
"37777","33.701202993","192.168.1.55","192.168.1.2","TCP","1514","8004  >  36234 [ACK] Seq=314406 Ack=144 Win=65024 Len=1448 TSval=2916037781 TSecr=3045557556 [TCP segment of a reassembled PDU]"
"37778","33.701204456","192.168.1.55","192.168.1.2","TCP","1514","8004  >  36234 [ACK] Seq=315854 Ack=144 Win=65024 Len=1448 TSval=2916037781 TSecr=3045557556 [TCP segment of a reassembled PDU]"
"37779","33.701206641","192.168.1.55","192.168.1.2","TCP","1514","8004  >  36234 [ACK] Seq=317302 Ack=144 Win=65024 Len=1448 TSval=2916037781 TSecr=3045557556 [TCP segment of a reassembled PDU]"
"37780","33.701208993","192.168.1.55","192.168.1.2","TCP","1514","8004  >  36234 [ACK] Seq=318750 Ack=144 Win=65024 Len=1448 TSval=2916037781 TSecr=3045557556 [TCP segment of a reassembled PDU]"
"37781","33.701212363","192.168.1.55","192.168.1.2","TCP","1514","8004  >  36234 [ACK] Seq=320198 Ack=144 Win=65024 Len=1448 TSval=2916037781 TSecr=3045557556 [TCP segment of a reassembled PDU]"
"37782","33.701214733","192.168.1.55","192.168.1.2","TCP","1514","8004  >  36234 [ACK] Seq=321646 Ack=144 Win=65024 Len=1448 TSval=2916037781 TSecr=3045557556 [TCP segment of a reassembled PDU]"
"37783","33.701215678","192.168.1.55","192.168.1.2","TCP","1514","8004  >  36234 [ACK] Seq=323094 Ack=144 Win=65024 Len=1448 TSval=2916037781 TSecr=3045557556 [TCP segment of a reassembled PDU]"
"37784","33.701216789","192.168.1.55","192.168.1.2","TCP","1514","8004  >  36234 [ACK] Seq=324542 Ack=144 Win=65024 Len=1448 TSval=2916037781 TSecr=3045557556 [TCP segment of a reassembled PDU]"
"37785","33.701218159","192.168.1.55","192.168.1.2","TCP","1514","8004  >  36234 [ACK] Seq=325990 Ack=144 Win=65024 Len=1448 TSval=2916037781 TSecr=3045557556 [TCP segment of a reassembled PDU]"
"37786","33.701220622","192.168.1.55","192.168.1.2","TCP","1514","8004  >  36234 [ACK] Seq=327438 Ack=144 Win=65024 Len=1448 TSval=2916037781 TSecr=3045557556 [TCP segment of a reassembled PDU]"
"37787","33.701222159","192.168.1.55","192.168.1.2","TCP","1514","8004  >  36234 [PSH, ACK] Seq=328886 Ack=144 Win=65024 Len=1448 TSval=2916037781 TSecr=3045557556 [TCP segment of a reassembled PDU]"
"37788","33.701226437","192.168.1.2","192.168.1.55","TCP","66","36234  >  8004 [ACK] Seq=144 Ack=244902 Win=86016 Len=0 TSval=3045557556 TSecr=2916037772"
"37789","33.701232863","192.168.1.2","192.168.1.55","TCP","66","36234  >  8004 [ACK] Seq=144 Ack=256486 Win=91136 Len=0 TSval=3045557556 TSecr=2916037773"
"37790","33.701243252","192.168.1.55","192.168.1.2","TCP","1514","8004  >  36234 [ACK] Seq=330334 Ack=144 Win=65024 Len=1448 TSval=2916037781 TSecr=3045557556 [TCP segment of a reassembled PDU]"
"37791","33.701245048","192.168.1.55","192.168.1.2","TCP","1514","8004  >  36234 [ACK] Seq=331782 Ack=144 Win=65024 Len=1448 TSval=2916037781 TSecr=3045557556 [TCP segment of a reassembled PDU]"
"37792","33.701245937","192.168.1.55","192.168.1.2","TCP","1514","8004  >  36234 [PSH, ACK] Seq=333230 Ack=144 Win=65024 Len=1448 TSval=2916037781 TSecr=3045557556 [TCP segment of a reassembled PDU]"
"37793","33.706151519","192.168.1.2","192.168.1.55","TCP","66","36234  >  8004 [ACK] Seq=144 Ack=262278 Win=114688 Len=0 TSval=3045557561 TSecr=2916037775"
"37794","33.706191334","192.168.1.55","192.168.1.2","TCP","1514","8004  >  36234 [ACK] Seq=334678 Ack=144 Win=65024 Len=1448 TSval=2916037786 TSecr=3045557561 [TCP segment of a reassembled PDU]"
"37795","33.706194871","192.168.1.55","192.168.1.2","TCP","1514","8004  >  36234 [ACK] Seq=336126 Ack=144 Win=65024 Len=1448 TSval=2916037786 TSecr=3045557561 [TCP segment of a reassembled PDU]"
"37796","33.706195778","192.168.1.55","192.168.1.2","TCP","1514","8004  >  36234 [ACK] Seq=337574 Ack=144 Win=65024 Len=1448 TSval=2916037786 TSecr=3045557561 [TCP segment of a reassembled PDU]"
"37797","33.706196834","192.168.1.55","192.168.1.2","TCP","1514","8004  >  36234 [ACK] Seq=339022 Ack=144 Win=65024 Len=1448 TSval=2916037786 TSecr=3045557561 [TCP segment of a reassembled PDU]"
"37798","33.706197945","192.168.1.55","192.168.1.2","TCP","1514","8004  >  36234 [ACK] Seq=340470 Ack=144 Win=65024 Len=1448 TSval=2916037786 TSecr=3045557561 [TCP segment of a reassembled PDU]"
"37799","33.706198834","192.168.1.55","192.168.1.2","TCP","1514","8004  >  36234 [ACK] Seq=341918 Ack=144 Win=65024 Len=1448 TSval=2916037786 TSecr=3045557561 [TCP segment of a reassembled PDU]"
"37800","33.706199852","192.168.1.55","192.168.1.2","TCP","1514","8004  >  36234 [ACK] Seq=343366 Ack=144 Win=65024 Len=1448 TSval=2916037786 TSecr=3045557561 [TCP segment of a reassembled PDU]"
"37801","33.706200797","192.168.1.55","192.168.1.2","TCP","1514","8004  >  36234 [ACK] Seq=344814 Ack=144 Win=65024 Len=1448 TSval=2916037786 TSecr=3045557561 [TCP segment of a reassembled PDU]"
"37802","33.706201723","192.168.1.55","192.168.1.2","TCP","1514","8004  >  36234 [ACK] Seq=346262 Ack=144 Win=65024 Len=1448 TSval=2916037786 TSecr=3045557561 [TCP segment of a reassembled PDU]"
"37803","33.706202982","192.168.1.55","192.168.1.2","TCP","1514","8004  >  36234 [ACK] Seq=347710 Ack=144 Win=65024 Len=1448 TSval=2916037786 TSecr=3045557561 [TCP segment of a reassembled PDU]"
"37804","33.706204186","192.168.1.55","192.168.1.2","TCP","1514","8004  >  36234 [ACK] Seq=349158 Ack=144 Win=65024 Len=1448 TSval=2916037786 TSecr=3045557561 [TCP segment of a reassembled PDU]"
"37805","33.706205223","192.168.1.55","192.168.1.2","TCP","1514","8004  >  36234 [ACK] Seq=350606 Ack=144 Win=65024 Len=1448 TSval=2916037786 TSecr=3045557561 [TCP segment of a reassembled PDU]"
"37806","33.706206501","192.168.1.55","192.168.1.2","TCP","1514","8004  >  36234 [ACK] Seq=352054 Ack=144 Win=65024 Len=1448 TSval=2916037786 TSecr=3045557561 [TCP segment of a reassembled PDU]"
"37807","33.706207482","192.168.1.55","192.168.1.2","TCP","1514","8004  >  36234 [ACK] Seq=353502 Ack=144 Win=65024 Len=1448 TSval=2916037786 TSecr=3045557561 [TCP segment of a reassembled PDU]"
"37808","33.706208482","192.168.1.55","192.168.1.2","TCP","1514","8004  >  36234 [ACK] Seq=354950 Ack=144 Win=65024 Len=1448 TSval=2916037786 TSecr=3045557561 [TCP segment of a reassembled PDU]"
"37809","33.706209371","192.168.1.55","192.168.1.2","TCP","1514","8004  >  36234 [ACK] Seq=356398 Ack=144 Win=65024 Len=1448 TSval=2916037786 TSecr=3045557561 [TCP segment of a reassembled PDU]"
"37810","33.706210371","192.168.1.55","192.168.1.2","TCP","1514","8004  >  36234 [ACK] Seq=357846 Ack=144 Win=65024 Len=1448 TSval=2916037786 TSecr=3045557561 [TCP segment of a reassembled PDU]"
"37811","33.706211278","192.168.1.55","192.168.1.2","TCP","1514","8004  >  36234 [ACK] Seq=359294 Ack=144 Win=65024 Len=1448 TSval=2916037786 TSecr=3045557561 [TCP segment of a reassembled PDU]"
"37812","33.706212167","192.168.1.55","192.168.1.2","TCP","1514","8004  >  36234 [ACK] Seq=360742 Ack=144 Win=65024 Len=1448 TSval=2916037786 TSecr=3045557561 [TCP segment of a reassembled PDU]"
"37813","33.706213445","192.168.1.55","192.168.1.2","TCP","1514","8004  >  36234 [ACK] Seq=362190 Ack=144 Win=65024 Len=1448 TSval=2916037786 TSecr=3045557561 [TCP segment of a reassembled PDU]"
"37814","33.706214464","192.168.1.55","192.168.1.2","TCP","1514","8004  >  36234 [ACK] Seq=363638 Ack=144 Win=65024 Len=1448 TSval=2916037786 TSecr=3045557561 [TCP segment of a reassembled PDU]"
"37815","33.706215389","192.168.1.55","192.168.1.2","TCP","1514","8004  >  36234 [ACK] Seq=365086 Ack=144 Win=65024 Len=1448 TSval=2916037786 TSecr=3045557561 [TCP segment of a reassembled PDU]"
"37816","33.706216297","192.168.1.55","192.168.1.2","TCP","1514","8004  >  36234 [ACK] Seq=366534 Ack=144 Win=65024 Len=1448 TSval=2916037786 TSecr=3045557561 [TCP segment of a reassembled PDU]"
"37817","33.706217297","192.168.1.55","192.168.1.2","TCP","1514","8004  >  36234 [ACK] Seq=367982 Ack=144 Win=65024 Len=1448 TSval=2916037786 TSecr=3045557561 [TCP segment of a reassembled PDU]"
"37818","33.706225871","192.168.1.55","192.168.1.2","TCP","1514","8004  >  36234 [ACK] Seq=369430 Ack=144 Win=65024 Len=1448 TSval=2916037786 TSecr=3045557561 [TCP segment of a reassembled PDU]"
"37819","33.706227001","192.168.1.55","192.168.1.2","TCP","1514","8004  >  36234 [ACK] Seq=370878 Ack=144 Win=65024 Len=1448 TSval=2916037786 TSecr=3045557561 [TCP segment of a reassembled PDU]"
"37820","33.706228241","192.168.1.55","192.168.1.2","TCP","1514","8004  >  36234 [ACK] Seq=372326 Ack=144 Win=65024 Len=1448 TSval=2916037786 TSecr=3045557561 [TCP segment of a reassembled PDU]"
"37821","33.706229186","192.168.1.55","192.168.1.2","TCP","1514","8004  >  36234 [ACK] Seq=373774 Ack=144 Win=65024 Len=1448 TSval=2916037786 TSecr=3045557561 [TCP segment of a reassembled PDU]"
"37822","33.706230130","192.168.1.55","192.168.1.2","TCP","1514","8004  >  36234 [PSH, ACK] Seq=375222 Ack=144 Win=65024 Len=1448 TSval=2916037786 TSecr=3045557561 [TCP segment of a reassembled PDU]"
"37823","33.707399206","192.168.1.2","192.168.1.55","TCP","66","36234  >  8004 [ACK] Seq=144 Ack=275358 Win=144384 Len=0 TSval=3045557561 TSecr=2916037780"
"37824","33.707420669","192.168.1.55","192.168.1.2","TCP","1514","8004  >  36234 [ACK] Seq=376670 Ack=144 Win=65024 Len=1448 TSval=2916037788 TSecr=3045557561 [TCP segment of a reassembled PDU]"
"37825","33.707422947","192.168.1.55","192.168.1.2","TCP","1514","8004  >  36234 [ACK] Seq=378118 Ack=144 Win=65024 Len=1448 TSval=2916037788 TSecr=3045557561 [TCP segment of a reassembled PDU]"
"37826","33.707423910","192.168.1.55","192.168.1.2","TCP","1514","8004  >  36234 [PSH, ACK] Seq=379566 Ack=144 Win=65024 Len=1448 TSval=2916037788 TSecr=3045557561 [TCP segment of a reassembled PDU]"
"37827","33.707428151","192.168.1.2","192.168.1.55","TCP","66","36234  >  8004 [ACK] Seq=144 Ack=288390 Win=171008 Len=0 TSval=3045557561 TSecr=2916037781"
"37828","33.707463391","192.168.1.55","192.168.1.2","TCP","1514","8004  >  36234 [ACK] Seq=381014 Ack=144 Win=65024 Len=1448 TSval=2916037788 TSecr=3045557561 [TCP segment of a reassembled PDU]"
"37829","33.707465206","192.168.1.55","192.168.1.2","TCP","1514","8004  >  36234 [ACK] Seq=382462 Ack=144 Win=65024 Len=1448 TSval=2916037788 TSecr=3045557561 [TCP segment of a reassembled PDU]"
"37830","33.707466651","192.168.1.55","192.168.1.2","TCP","1514","8004  >  36234 [ACK] Seq=383910 Ack=144 Win=65024 Len=1448 TSval=2916037788 TSecr=3045557561 [TCP segment of a reassembled PDU]"
"37831","33.707467854","192.168.1.55","192.168.1.2","TCP","1514","8004  >  36234 [ACK] Seq=385358 Ack=144 Win=65024 Len=1448 TSval=2916037788 TSecr=3045557561 [TCP segment of a reassembled PDU]"
"37832","33.707468947","192.168.1.55","192.168.1.2","TCP","1514","8004  >  36234 [ACK] Seq=386806 Ack=144 Win=65024 Len=1448 TSval=2916037788 TSecr=3045557561 [TCP segment of a reassembled PDU]"
"37833","33.707469966","192.168.1.55","192.168.1.2","TCP","1514","8004  >  36234 [ACK] Seq=388254 Ack=144 Win=65024 Len=1448 TSval=2916037788 TSecr=3045557561 [TCP segment of a reassembled PDU]"
"37834","33.707471021","192.168.1.55","192.168.1.2","TCP","1514","8004  >  36234 [ACK] Seq=389702 Ack=144 Win=65024 Len=1448 TSval=2916037788 TSecr=3045557561 [TCP segment of a reassembled PDU]"
"37835","33.707472040","192.168.1.55","192.168.1.2","TCP","1514","8004  >  36234 [ACK] Seq=391150 Ack=144 Win=65024 Len=1448 TSval=2916037788 TSecr=3045557561 [TCP segment of a reassembled PDU]"
"37836","33.707473225","192.168.1.55","192.168.1.2","TCP","1514","8004  >  36234 [ACK] Seq=392598 Ack=144 Win=65024 Len=1448 TSval=2916037788 TSecr=3045557561 [TCP segment of a reassembled PDU]"
"37837","33.707474225","192.168.1.55","192.168.1.2","TCP","1514","8004  >  36234 [ACK] Seq=394046 Ack=144 Win=65024 Len=1448 TSval=2916037788 TSecr=3045557561 [TCP segment of a reassembled PDU]"
"37838","33.707475317","192.168.1.55","192.168.1.2","TCP","1514","8004  >  36234 [ACK] Seq=395494 Ack=144 Win=65024 Len=1448 TSval=2916037788 TSecr=3045557561 [TCP segment of a reassembled PDU]"
"37839","33.707476540","192.168.1.55","192.168.1.2","TCP","1514","8004  >  36234 [ACK] Seq=396942 Ack=144 Win=65024 Len=1448 TSval=2916037788 TSecr=3045557561 [TCP segment of a reassembled PDU]"
"37840","33.707477521","192.168.1.55","192.168.1.2","TCP","1514","8004  >  36234 [ACK] Seq=398390 Ack=144 Win=65024 Len=1448 TSval=2916037788 TSecr=3045557561 [TCP segment of a reassembled PDU]"
"37841","33.707478614","192.168.1.55","192.168.1.2","TCP","1514","8004  >  36234 [ACK] Seq=399838 Ack=144 Win=65024 Len=1448 TSval=2916037788 TSecr=3045557561 [TCP segment of a reassembled PDU]"
"37842","33.707479632","192.168.1.55","192.168.1.2","TCP","1514","8004  >  36234 [ACK] Seq=401286 Ack=144 Win=65024 Len=1448 TSval=2916037788 TSecr=3045557561 [TCP segment of a reassembled PDU]"
"37843","33.707480743","192.168.1.55","192.168.1.2","TCP","1514","8004  >  36234 [ACK] Seq=402734 Ack=144 Win=65024 Len=1448 TSval=2916037788 TSecr=3045557561 [TCP segment of a reassembled PDU]"
"37844","33.707481966","192.168.1.55","192.168.1.2","TCP","1514","8004  >  36234 [ACK] Seq=404182 Ack=144 Win=65024 Len=1448 TSval=2916037788 TSecr=3045557561 [TCP segment of a reassembled PDU]"
"37845","33.707483169","192.168.1.55","192.168.1.2","TCP","1514","8004  >  36234 [ACK] Seq=405630 Ack=144 Win=65024 Len=1448 TSval=2916037788 TSecr=3045557561 [TCP segment of a reassembled PDU]"
"37846","33.707484225","192.168.1.55","192.168.1.2","TCP","1514","8004  >  36234 [ACK] Seq=407078 Ack=144 Win=65024 Len=1448 TSval=2916037788 TSecr=3045557561 [TCP segment of a reassembled PDU]"
"37847","33.707485392","192.168.1.55","192.168.1.2","TCP","1514","8004  >  36234 [ACK] Seq=408526 Ack=144 Win=65024 Len=1448 TSval=2916037788 TSecr=3045557561 [TCP segment of a reassembled PDU]"
"37848","33.707486336","192.168.1.55","192.168.1.2","TCP","1514","8004  >  36234 [ACK] Seq=409974 Ack=144 Win=65024 Len=1448 TSval=2916037788 TSecr=3045557561 [TCP segment of a reassembled PDU]"
"37849","33.707487817","192.168.1.55","192.168.1.2","TCP","1514","8004  >  36234 [ACK] Seq=411422 Ack=144 Win=65024 Len=1448 TSval=2916037788 TSecr=3045557561 [TCP segment of a reassembled PDU]"
"37850","33.707489058","192.168.1.55","192.168.1.2","TCP","1514","8004  >  36234 [ACK] Seq=412870 Ack=144 Win=65024 Len=1448 TSval=2916037788 TSecr=3045557561 [TCP segment of a reassembled PDU]"
"37851","33.707490114","192.168.1.55","192.168.1.2","TCP","1514","8004  >  36234 [ACK] Seq=414318 Ack=144 Win=65024 Len=1448 TSval=2916037788 TSecr=3045557561 [TCP segment of a reassembled PDU]"
"37852","33.707491169","192.168.1.55","192.168.1.2","TCP","1514","8004  >  36234 [ACK] Seq=415766 Ack=144 Win=65024 Len=1448 TSval=2916037788 TSecr=3045557561 [TCP segment of a reassembled PDU]"
"37853","33.707492336","192.168.1.55","192.168.1.2","TCP","1514","8004  >  36234 [ACK] Seq=417214 Ack=144 Win=65024 Len=1448 TSval=2916037788 TSecr=3045557561 [TCP segment of a reassembled PDU]"
"37854","33.707493762","192.168.1.55","192.168.1.2","TCP","1514","8004  >  36234 [ACK] Seq=418662 Ack=144 Win=65024 Len=1448 TSval=2916037788 TSecr=3045557561 [TCP segment of a reassembled PDU]"
"37855","33.707494854","192.168.1.55","192.168.1.2","TCP","1514","8004  >  36234 [ACK] Seq=420110 Ack=144 Win=65024 Len=1448 TSval=2916037788 TSecr=3045557561 [TCP segment of a reassembled PDU]"
"37856","33.707496040","192.168.1.55","192.168.1.2","TCP","1514","8004  >  36234 [ACK] Seq=421558 Ack=144 Win=65024 Len=1448 TSval=2916037788 TSecr=3045557561 [TCP segment of a reassembled PDU]"
"37857","33.707497484","192.168.1.55","192.168.1.2","TCP","1514","8004  >  36234 [ACK] Seq=423006 Ack=144 Win=65024 Len=1448 TSval=2916037788 TSecr=3045557561 [TCP segment of a reassembled PDU]"
"37858","33.707498540","192.168.1.55","192.168.1.2","TCP","1514","8004  >  36234 [ACK] Seq=424454 Ack=144 Win=65024 Len=1448 TSval=2916037788 TSecr=3045557561 [TCP segment of a reassembled PDU]"
"37859","33.707499447","192.168.1.55","192.168.1.2","TCP","1514","8004  >  36234 [PSH, ACK] Seq=425902 Ack=144 Win=65024 Len=1448 TSval=2916037788 TSecr=3045557561 [TCP segment of a reassembled PDU]"
"37860","33.707503817","192.168.1.2","192.168.1.55","TCP","66","36234  >  8004 [ACK] Seq=144 Ack=289790 Win=174080 Len=0 TSval=3045557561 TSecr=2916037781"
"37861","33.707510151","192.168.1.2","192.168.1.55","TCP","66","36234  >  8004 [ACK] Seq=144 Ack=330334 Win=174080 Len=0 TSval=3045557561 TSecr=2916037781"
"37862","33.707557447","192.168.1.55","192.168.1.2","TCP","1514","8004  >  36234 [ACK] Seq=427350 Ack=144 Win=65024 Len=1448 TSval=2916037788 TSecr=3045557561 [TCP segment of a reassembled PDU]"
"37863","33.707560836","192.168.1.55","192.168.1.2","TCP","1514","8004  >  36234 [ACK] Seq=428798 Ack=144 Win=65024 Len=1448 TSval=2916037788 TSecr=3045557561 [TCP segment of a reassembled PDU]"
"37864","33.707562132","192.168.1.55","192.168.1.2","TCP","1514","8004  >  36234 [ACK] Seq=430246 Ack=144 Win=65024 Len=1448 TSval=2916037788 TSecr=3045557561 [TCP segment of a reassembled PDU]"
"37865","33.707563318","192.168.1.55","192.168.1.2","TCP","1514","8004  >  36234 [ACK] Seq=431694 Ack=144 Win=65024 Len=1448 TSval=2916037788 TSecr=3045557561 [TCP segment of a reassembled PDU]"
"37866","33.707564762","192.168.1.55","192.168.1.2","TCP","1514","8004  >  36234 [ACK] Seq=433142 Ack=144 Win=65024 Len=1448 TSval=2916037788 TSecr=3045557561 [TCP segment of a reassembled PDU]"
"37867","33.707566021","192.168.1.55","192.168.1.2","TCP","1514","8004  >  36234 [ACK] Seq=434590 Ack=144 Win=65024 Len=1448 TSval=2916037788 TSecr=3045557561 [TCP segment of a reassembled PDU]"
"37868","33.707567077","192.168.1.55","192.168.1.2","TCP","1514","8004  >  36234 [ACK] Seq=436038 Ack=144 Win=65024 Len=1448 TSval=2916037788 TSecr=3045557561 [TCP segment of a reassembled PDU]"
"37869","33.707568021","192.168.1.55","192.168.1.2","TCP","1514","8004  >  36234 [ACK] Seq=437486 Ack=144 Win=65024 Len=1448 TSval=2916037788 TSecr=3045557561 [TCP segment of a reassembled PDU]"
"37870","33.707569021","192.168.1.55","192.168.1.2","TCP","1514","8004  >  36234 [ACK] Seq=438934 Ack=144 Win=65024 Len=1448 TSval=2916037788 TSecr=3045557561 [TCP segment of a reassembled PDU]"
"37871","33.707570225","192.168.1.55","192.168.1.2","TCP","1514","8004  >  36234 [ACK] Seq=440382 Ack=144 Win=65024 Len=1448 TSval=2916037788 TSecr=3045557561 [TCP segment of a reassembled PDU]"
"37872","33.707571243","192.168.1.55","192.168.1.2","TCP","1514","8004  >  36234 [ACK] Seq=441830 Ack=144 Win=65024 Len=1448 TSval=2916037788 TSecr=3045557561 [TCP segment of a reassembled PDU]"
"37873","33.707572299","192.168.1.55","192.168.1.2","TCP","1514","8004  >  36234 [ACK] Seq=443278 Ack=144 Win=65024 Len=1448 TSval=2916037788 TSecr=3045557561 [TCP segment of a reassembled PDU]"
"37874","33.707573225","192.168.1.55","192.168.1.2","TCP","1514","8004  >  36234 [ACK] Seq=444726 Ack=144 Win=65024 Len=1448 TSval=2916037788 TSecr=3045557561 [TCP segment of a reassembled PDU]"
"37875","33.707574188","192.168.1.55","192.168.1.2","TCP","1514","8004  >  36234 [ACK] Seq=446174 Ack=144 Win=65024 Len=1448 TSval=2916037788 TSecr=3045557561 [TCP segment of a reassembled PDU]"
"37876","33.707575132","192.168.1.55","192.168.1.2","TCP","1514","8004  >  36234 [ACK] Seq=447622 Ack=144 Win=65024 Len=1448 TSval=2916037788 TSecr=3045557561 [TCP segment of a reassembled PDU]"
"37877","33.707576577","192.168.1.55","192.168.1.2","TCP","1514","8004  >  36234 [ACK] Seq=449070 Ack=144 Win=65024 Len=1448 TSval=2916037788 TSecr=3045557561 [TCP segment of a reassembled PDU]"
"37878","33.707577614","192.168.1.55","192.168.1.2","TCP","1514","8004  >  36234 [ACK] Seq=450518 Ack=144 Win=65024 Len=1448 TSval=2916037788 TSecr=3045557561 [TCP segment of a reassembled PDU]"
"37879","33.707578762","192.168.1.55","192.168.1.2","TCP","1514","8004  >  36234 [ACK] Seq=451966 Ack=144 Win=65024 Len=1448 TSval=2916037788 TSecr=3045557561 [TCP segment of a reassembled PDU]"
"37880","33.707579873","192.168.1.55","192.168.1.2","TCP","1514","8004  >  36234 [ACK] Seq=453414 Ack=144 Win=65024 Len=1448 TSval=2916037788 TSecr=3045557561 [TCP segment of a reassembled PDU]"
"37881","33.707580966","192.168.1.55","192.168.1.2","TCP","1514","8004  >  36234 [ACK] Seq=454862 Ack=144 Win=65024 Len=1448 TSval=2916037788 TSecr=3045557561 [TCP segment of a reassembled PDU]"
"37882","33.707581966","192.168.1.55","192.168.1.2","TCP","1514","8004  >  36234 [ACK] Seq=456310 Ack=144 Win=65024 Len=1448 TSval=2916037788 TSecr=3045557561 [TCP segment of a reassembled PDU]"
"37883","33.707582984","192.168.1.55","192.168.1.2","TCP","1514","8004  >  36234 [ACK] Seq=457758 Ack=144 Win=65024 Len=1448 TSval=2916037788 TSecr=3045557561 [TCP segment of a reassembled PDU]"
"37884","33.707584244","192.168.1.55","192.168.1.2","TCP","1514","8004  >  36234 [ACK] Seq=459206 Ack=144 Win=65024 Len=1448 TSval=2916037788 TSecr=3045557561 [TCP segment of a reassembled PDU]"
"37885","33.707585410","192.168.1.55","192.168.1.2","TCP","1514","8004  >  36234 [ACK] Seq=460654 Ack=144 Win=65024 Len=1448 TSval=2916037788 TSecr=3045557561 [TCP segment of a reassembled PDU]"
"37886","33.707586781","192.168.1.55","192.168.1.2","TCP","1514","8004  >  36234 [ACK] Seq=462102 Ack=144 Win=65024 Len=1448 TSval=2916037788 TSecr=3045557561 [TCP segment of a reassembled PDU]"
"37887","33.707587873","192.168.1.55","192.168.1.2","TCP","1514","8004  >  36234 [ACK] Seq=463550 Ack=144 Win=65024 Len=1448 TSval=2916037788 TSecr=3045557561 [TCP segment of a reassembled PDU]"
"37888","33.707588799","192.168.1.55","192.168.1.2","TCP","1514","8004  >  36234 [ACK] Seq=464998 Ack=144 Win=65024 Len=1448 TSval=2916037788 TSecr=3045557561 [TCP segment of a reassembled PDU]"
"37889","33.707589873","192.168.1.55","192.168.1.2","TCP","1514","8004  >  36234 [ACK] Seq=466446 Ack=144 Win=65024 Len=1448 TSval=2916037788 TSecr=3045557561 [TCP segment of a reassembled PDU]"
"37890","33.707591355","192.168.1.55","192.168.1.2","TCP","1514","8004  >  36234 [ACK] Seq=467894 Ack=144 Win=65024 Len=1448 TSval=2916037788 TSecr=3045557561 [TCP segment of a reassembled PDU]"
"37891","33.707592410","192.168.1.55","192.168.1.2","TCP","1514","8004  >  36234 [ACK] Seq=469342 Ack=144 Win=65024 Len=1448 TSval=2916037788 TSecr=3045557561 [TCP segment of a reassembled PDU]"
"37892","33.707593355","192.168.1.55","192.168.1.2","TCP","1514","8004  >  36234 [ACK] Seq=470790 Ack=144 Win=65024 Len=1448 TSval=2916037788 TSecr=3045557561 [TCP segment of a reassembled PDU]"
"37893","33.707594355","192.168.1.55","192.168.1.2","TCP","1514","8004  >  36234 [PSH, ACK] Seq=472238 Ack=144 Win=65024 Len=1448 TSval=2916037788 TSecr=3045557561 [TCP segment of a reassembled PDU]"
"37894","33.707644558","192.168.1.2","192.168.1.55","TCP","66","36234  >  8004 [ACK] Seq=144 Ack=331782 Win=177152 Len=0 TSval=3045557561 TSecr=2916037781"
"37895","33.707651447","192.168.1.2","192.168.1.55","TCP","66","36234  >  8004 [ACK] Seq=144 Ack=334678 Win=182272 Len=0 TSval=3045557562 TSecr=2916037781"
"37896","33.707679410","192.168.1.55","192.168.1.2","TCP","1514","8004  >  36234 [ACK] Seq=473686 Ack=144 Win=65024 Len=1448 TSval=2916037788 TSecr=3045557562 [TCP segment of a reassembled PDU]"
"37897","33.707681392","192.168.1.55","192.168.1.2","TCP","1514","8004  >  36234 [ACK] Seq=475134 Ack=144 Win=65024 Len=1448 TSval=2916037788 TSecr=3045557562 [TCP segment of a reassembled PDU]"
"37898","33.707682281","192.168.1.55","192.168.1.2","TCP","1514","8004  >  36234 [ACK] Seq=476582 Ack=144 Win=65024 Len=1448 TSval=2916037788 TSecr=3045557562 [TCP segment of a reassembled PDU]"
"37899","33.707684133","192.168.1.55","192.168.1.2","TCP","1514","8004  >  36234 [ACK] Seq=478030 Ack=144 Win=65024 Len=1448 TSval=2916037788 TSecr=3045557562 [TCP segment of a reassembled PDU]"
"37900","33.707685170","192.168.1.55","192.168.1.2","TCP","1514","8004  >  36234 [ACK] Seq=479478 Ack=144 Win=65024 Len=1448 TSval=2916037788 TSecr=3045557562 [TCP segment of a reassembled PDU]"
"37901","33.707686281","192.168.1.55","192.168.1.2","TCP","1514","8004  >  36234 [ACK] Seq=480926 Ack=144 Win=65024 Len=1448 TSval=2916037788 TSecr=3045557562 [TCP segment of a reassembled PDU]"
"37902","33.707687281","192.168.1.55","192.168.1.2","TCP","1514","8004  >  36234 [ACK] Seq=482374 Ack=144 Win=65024 Len=1448 TSval=2916037788 TSecr=3045557562 [TCP segment of a reassembled PDU]"
"37903","33.707688318","192.168.1.55","192.168.1.2","TCP","1514","8004  >  36234 [ACK] Seq=483822 Ack=144 Win=65024 Len=1448 TSval=2916037788 TSecr=3045557562 [TCP segment of a reassembled PDU]"
"37904","33.707689373","192.168.1.55","192.168.1.2","TCP","1514","8004  >  36234 [ACK] Seq=485270 Ack=144 Win=65024 Len=1448 TSval=2916037788 TSecr=3045557562 [TCP segment of a reassembled PDU]"
"37905","33.707690336","192.168.1.55","192.168.1.2","TCP","1514","8004  >  36234 [ACK] Seq=486718 Ack=144 Win=65024 Len=1448 TSval=2916037788 TSecr=3045557562 [TCP segment of a reassembled PDU]"
"37906","33.707691281","192.168.1.55","192.168.1.2","TCP","1514","8004  >  36234 [ACK] Seq=488166 Ack=144 Win=65024 Len=1448 TSval=2916037788 TSecr=3045557562 [TCP segment of a reassembled PDU]"
"37907","33.707692429","192.168.1.55","192.168.1.2","TCP","1514","8004  >  36234 [ACK] Seq=489614 Ack=144 Win=65024 Len=1448 TSval=2916037788 TSecr=3045557562 [TCP segment of a reassembled PDU]"
"37908","33.707693410","192.168.1.55","192.168.1.2","TCP","1514","8004  >  36234 [ACK] Seq=491062 Ack=144 Win=65024 Len=1448 TSval=2916037788 TSecr=3045557562 [TCP segment of a reassembled PDU]"
"37909","33.707695151","192.168.1.55","192.168.1.2","TCP","1514","8004  >  36234 [ACK] Seq=492510 Ack=144 Win=65024 Len=1448 TSval=2916037788 TSecr=3045557562 [TCP segment of a reassembled PDU]"
"37910","33.707696151","192.168.1.55","192.168.1.2","TCP","1514","8004  >  36234 [ACK] Seq=493958 Ack=144 Win=65024 Len=1448 TSval=2916037788 TSecr=3045557562 [TCP segment of a reassembled PDU]"
"37911","33.707697244","192.168.1.55","192.168.1.2","TCP","1514","8004  >  36234 [ACK] Seq=495406 Ack=144 Win=65024 Len=1448 TSval=2916037788 TSecr=3045557562 [TCP segment of a reassembled PDU]"
"37912","33.707698225","192.168.1.55","192.168.1.2","TCP","1514","8004  >  36234 [ACK] Seq=496854 Ack=144 Win=65024 Len=1448 TSval=2916037788 TSecr=3045557562 [TCP segment of a reassembled PDU]"
"37913","33.707699336","192.168.1.55","192.168.1.2","HTTP","222","HTTP/1.0 200 OK  (PNG)"
"37914","33.723232417","192.168.1.2","192.168.1.55","TCP","66","36234  >  8004 [ACK] Seq=144 Ack=359294 Win=188416 Len=0 TSval=3045557565 TSecr=2916037786"
"37915","33.723383658","192.168.1.2","192.168.1.55","TCP","66","36234  >  8004 [ACK] Seq=144 Ack=373774 Win=175104 Len=0 TSval=3045557565 TSecr=2916037786"
"37916","33.723394787","192.168.1.2","192.168.1.55","TCP","66","36234  >  8004 [ACK] Seq=144 Ack=376670 Win=194560 Len=0 TSval=3045557571 TSecr=2916037786"
"37917","33.723402843","192.168.1.2","192.168.1.55","TCP","66","36234  >  8004 [ACK] Seq=144 Ack=381014 Win=203776 Len=0 TSval=3045557571 TSecr=2916037788"
"37918","33.723408084","192.168.1.2","192.168.1.55","TCP","66","36234  >  8004 [ACK] Seq=144 Ack=404182 Win=183296 Len=0 TSval=3045557571 TSecr=2916037788"
"37919","33.723572769","192.168.1.2","192.168.1.55","TCP","66","36234  >  8004 [ACK] Seq=144 Ack=407078 Win=208896 Len=0 TSval=3045557573 TSecr=2916037788"
"37920","33.723577380","192.168.1.2","192.168.1.55","TCP","66","36234  >  8004 [ACK] Seq=144 Ack=409974 Win=211968 Len=0 TSval=3045557574 TSecr=2916037788"
"37921","33.723581436","192.168.1.2","192.168.1.55","TCP","66","36234  >  8004 [ACK] Seq=144 Ack=427350 Win=197632 Len=0 TSval=3045557579 TSecr=2916037788"
"37922","33.723588769","192.168.1.2","192.168.1.55","TCP","66","36234  >  8004 [ACK] Seq=144 Ack=456310 Win=186368 Len=0 TSval=3045557579 TSecr=2916037788"
"37923","33.723643380","192.168.1.2","192.168.1.55","TCP","66","36234  >  8004 [ACK] Seq=144 Ack=473686 Win=197632 Len=0 TSval=3045557579 TSecr=2916037788"
"37924","33.723751640","192.168.1.2","192.168.1.55","TCP","66","36234  >  8004 [ACK] Seq=144 Ack=498459 Win=188416 Len=0 TSval=3045557579 TSecr=2916037788"
"37925","33.724689326","192.168.1.2","192.168.1.55","TCP","66","36234  >  8004 [FIN, ACK] Seq=144 Ack=498459 Win=211968 Len=0 TSval=3045557579 TSecr=2916037788"
"37926","33.724720678","192.168.1.55","192.168.1.2","TCP","66","8004  >  36234 [ACK] Seq=498459 Ack=145 Win=65024 Len=0 TSval=2916037805 TSecr=3045557579"
"37927","33.724827715","192.168.1.2","192.168.1.55","TCP","74","36238  >  8004 [SYN] Seq=0 Win=64240 Len=0 MSS=1460 SACK_PERM TSval=3045557579 TSecr=0 WS=1024"
"37928","33.724848715","192.168.1.55","192.168.1.2","TCP","74","8004  >  36238 [SYN, ACK] Seq=0 Ack=1 Win=65160 Len=0 MSS=1460 SACK_PERM TSval=2916037805 TSecr=3045557579 WS=128"
"37929","33.728035313","192.168.1.2","192.168.1.55","TCP","66","36238  >  8004 [ACK] Seq=1 Ack=1 Win=64512 Len=0 TSval=3045557582 TSecr=2916037805"
"37930","33.731248985","192.168.1.2","192.168.1.55","HTTP","206","GET /stego_benchmark.png HTTP/1.1 "
"37931","33.731260763","192.168.1.55","192.168.1.2","TCP","66","8004  >  36238 [ACK] Seq=1 Ack=141 Win=65024 Len=0 TSval=2916037811 TSecr=3045557583"
"37932","33.731680337","192.168.1.55","192.168.1.2","TCP","255","8004  >  36238 [PSH, ACK] Seq=1 Ack=141 Win=65024 Len=189 TSval=2916037812 TSecr=3045557583 [TCP segment of a reassembled PDU]"
"37933","33.731751708","192.168.1.55","192.168.1.2","TCP","1514","8004  >  36238 [ACK] Seq=190 Ack=141 Win=65024 Len=1448 TSval=2916037812 TSecr=3045557583 [TCP segment of a reassembled PDU]"
"37934","33.731756560","192.168.1.55","192.168.1.2","TCP","1514","8004  >  36238 [ACK] Seq=1638 Ack=141 Win=65024 Len=1448 TSval=2916037812 TSecr=3045557583 [TCP segment of a reassembled PDU]"
"37935","33.731757856","192.168.1.55","192.168.1.2","TCP","1514","8004  >  36238 [ACK] Seq=3086 Ack=141 Win=65024 Len=1448 TSval=2916037812 TSecr=3045557583 [TCP segment of a reassembled PDU]"
"37936","33.731759023","192.168.1.55","192.168.1.2","TCP","1514","8004  >  36238 [ACK] Seq=4534 Ack=141 Win=65024 Len=1448 TSval=2916037812 TSecr=3045557583 [TCP segment of a reassembled PDU]"
"37937","33.731760541","192.168.1.55","192.168.1.2","TCP","1514","8004  >  36238 [PSH, ACK] Seq=5982 Ack=141 Win=65024 Len=1448 TSval=2916037812 TSecr=3045557583 [TCP segment of a reassembled PDU]"
"37938","33.731775745","192.168.1.55","192.168.1.2","TCP","1514","8004  >  36238 [ACK] Seq=7430 Ack=141 Win=65024 Len=1448 TSval=2916037812 TSecr=3045557583 [TCP segment of a reassembled PDU]"
"37939","33.731777504","192.168.1.55","192.168.1.2","TCP","1514","8004  >  36238 [ACK] Seq=8878 Ack=141 Win=65024 Len=1448 TSval=2916037812 TSecr=3045557583 [TCP segment of a reassembled PDU]"
"37940","33.731778634","192.168.1.55","192.168.1.2","TCP","1514","8004  >  36238 [ACK] Seq=10326 Ack=141 Win=65024 Len=1448 TSval=2916037812 TSecr=3045557583 [TCP segment of a reassembled PDU]"
"37941","33.731779727","192.168.1.55","192.168.1.2","TCP","1514","8004  >  36238 [PSH, ACK] Seq=11774 Ack=141 Win=65024 Len=1448 TSval=2916037812 TSecr=3045557583 [TCP segment of a reassembled PDU]"
"37942","33.735150232","192.168.1.2","192.168.1.55","TCP","66","36238  >  8004 [ACK] Seq=141 Ack=190 Win=64512 Len=0 TSval=3045557589 TSecr=2916037812"
"37943","33.735288343","192.168.1.55","192.168.1.2","TCP","1514","8004  >  36238 [ACK] Seq=13222 Ack=141 Win=65024 Len=1448 TSval=2916037815 TSecr=3045557589 [TCP segment of a reassembled PDU]"
"37944","33.735314454","192.168.1.55","192.168.1.2","TCP","1514","8004  >  36238 [PSH, ACK] Seq=14670 Ack=141 Win=65024 Len=1448 TSval=2916037815 TSecr=3045557589 [TCP segment of a reassembled PDU]"
"37945","33.735445825","192.168.1.2","192.168.1.55","TCP","66","36238  >  8004 [ACK] Seq=141 Ack=3086 Win=70656 Len=0 TSval=3045557589 TSecr=2916037812"
"37946","33.735482881","192.168.1.2","192.168.1.55","TCP","66","36238  >  8004 [ACK] Seq=141 Ack=5982 Win=76800 Len=0 TSval=3045557590 TSecr=2916037812"
"37947","33.735547881","192.168.1.55","192.168.1.2","TCP","1514","8004  >  36238 [ACK] Seq=16118 Ack=141 Win=65024 Len=1448 TSval=2916037816 TSecr=3045557590 [TCP segment of a reassembled PDU]"
"37948","33.735553936","192.168.1.55","192.168.1.2","TCP","1514","8004  >  36238 [ACK] Seq=17566 Ack=141 Win=65024 Len=1448 TSval=2916037816 TSecr=3045557590 [TCP segment of a reassembled PDU]"
"37949","33.735556214","192.168.1.55","192.168.1.2","TCP","1514","8004  >  36238 [ACK] Seq=19014 Ack=141 Win=65024 Len=1448 TSval=2916037816 TSecr=3045557590 [TCP segment of a reassembled PDU]"
"37950","33.735558103","192.168.1.55","192.168.1.2","TCP","1514","8004  >  36238 [ACK] Seq=20462 Ack=141 Win=65024 Len=1448 TSval=2916037816 TSecr=3045557590 [TCP segment of a reassembled PDU]"
"37951","33.735561066","192.168.1.55","192.168.1.2","TCP","1514","8004  >  36238 [ACK] Seq=21910 Ack=141 Win=65024 Len=1448 TSval=2916037816 TSecr=3045557590 [TCP segment of a reassembled PDU]"
"37952","33.735564010","192.168.1.55","192.168.1.2","TCP","1514","8004  >  36238 [ACK] Seq=23358 Ack=141 Win=65024 Len=1448 TSval=2916037816 TSecr=3045557590 [TCP segment of a reassembled PDU]"
"37953","33.735569251","192.168.1.55","192.168.1.2","TCP","1514","8004  >  36238 [PSH, ACK] Seq=24806 Ack=141 Win=65024 Len=1448 TSval=2916037816 TSecr=3045557590 [TCP segment of a reassembled PDU]"
"37954","33.736698105","192.168.1.2","192.168.1.55","TCP","66","36238  >  8004 [ACK] Seq=141 Ack=7430 Win=79872 Len=0 TSval=3045557590 TSecr=2916037812"
"37955","33.736728271","192.168.1.55","192.168.1.2","TCP","1514","8004  >  36238 [ACK] Seq=26254 Ack=141 Win=65024 Len=1448 TSval=2916037817 TSecr=3045557590 [TCP segment of a reassembled PDU]"
"37956","33.736734957","192.168.1.55","192.168.1.2","TCP","1514","8004  >  36238 [ACK] Seq=27702 Ack=141 Win=65024 Len=1448 TSval=2916037817 TSecr=3045557590 [TCP segment of a reassembled PDU]"
"37957","33.736736420","192.168.1.55","192.168.1.2","TCP","1514","8004  >  36238 [PSH, ACK] Seq=29150 Ack=141 Win=65024 Len=1448 TSval=2916037817 TSecr=3045557590 [TCP segment of a reassembled PDU]"
"37958","33.736785142","192.168.1.2","192.168.1.55","TCP","66","36238  >  8004 [ACK] Seq=141 Ack=13222 Win=79872 Len=0 TSval=3045557590 TSecr=2916037812"
"37959","33.736810383","192.168.1.55","192.168.1.2","TCP","1514","8004  >  36238 [ACK] Seq=30598 Ack=141 Win=65024 Len=1448 TSval=2916037817 TSecr=3045557590 [TCP segment of a reassembled PDU]"
"37960","33.736812568","192.168.1.55","192.168.1.2","TCP","1514","8004  >  36238 [ACK] Seq=32046 Ack=141 Win=65024 Len=1448 TSval=2916037817 TSecr=3045557590 [TCP segment of a reassembled PDU]"
"37961","33.736814049","192.168.1.55","192.168.1.2","TCP","1514","8004  >  36238 [ACK] Seq=33494 Ack=141 Win=65024 Len=1448 TSval=2916037817 TSecr=3045557590 [TCP segment of a reassembled PDU]"
"37962","33.736815679","192.168.1.55","192.168.1.2","TCP","1514","8004  >  36238 [ACK] Seq=34942 Ack=141 Win=65024 Len=1448 TSval=2916037817 TSecr=3045557590 [TCP segment of a reassembled PDU]"
"37963","33.736817364","192.168.1.55","192.168.1.2","TCP","1514","8004  >  36238 [ACK] Seq=36390 Ack=141 Win=65024 Len=1448 TSval=2916037817 TSecr=3045557590 [TCP segment of a reassembled PDU]"
"37964","33.736818790","192.168.1.55","192.168.1.2","TCP","1514","8004  >  36238 [ACK] Seq=37838 Ack=141 Win=65024 Len=1448 TSval=2916037817 TSecr=3045557590 [TCP segment of a reassembled PDU]"
"37965","33.736820272","192.168.1.55","192.168.1.2","TCP","1514","8004  >  36238 [ACK] Seq=39286 Ack=141 Win=65024 Len=1448 TSval=2916037817 TSecr=3045557590 [TCP segment of a reassembled PDU]"
"37966","33.736821772","192.168.1.55","192.168.1.2","TCP","1514","8004  >  36238 [PSH, ACK] Seq=40734 Ack=141 Win=65024 Len=1448 TSval=2916037817 TSecr=3045557590 [TCP segment of a reassembled PDU]"
"37967","33.740181370","192.168.1.2","192.168.1.55","TCP","66","36238  >  8004 [ACK] Seq=141 Ack=16118 Win=84992 Len=0 TSval=3045557594 TSecr=2916037815"
"37968","33.740192666","192.168.1.55","192.168.1.2","TCP","1514","8004  >  36238 [ACK] Seq=42182 Ack=141 Win=65024 Len=1448 TSval=2916037820 TSecr=3045557594 [TCP segment of a reassembled PDU]"
"37969","33.740195129","192.168.1.55","192.168.1.2","TCP","1514","8004  >  36238 [PSH, ACK] Seq=43630 Ack=141 Win=65024 Len=1448 TSval=2916037820 TSecr=3045557594 [TCP segment of a reassembled PDU]"
"37970","33.740389925","192.168.1.2","192.168.1.55","TCP","66","36238  >  8004 [ACK] Seq=141 Ack=26254 Win=81920 Len=0 TSval=3045557594 TSecr=2916037816"
"37971","33.740411111","192.168.1.55","192.168.1.2","TCP","1514","8004  >  36238 [ACK] Seq=45078 Ack=141 Win=65024 Len=1448 TSval=2916037821 TSecr=3045557594 [TCP segment of a reassembled PDU]"
"37972","33.740413740","192.168.1.55","192.168.1.2","TCP","1514","8004  >  36238 [ACK] Seq=46526 Ack=141 Win=65024 Len=1448 TSval=2916037821 TSecr=3045557594 [TCP segment of a reassembled PDU]"
"37973","33.740415055","192.168.1.55","192.168.1.2","TCP","1514","8004  >  36238 [ACK] Seq=47974 Ack=141 Win=65024 Len=1448 TSval=2916037821 TSecr=3045557594 [TCP segment of a reassembled PDU]"
"37974","33.740416425","192.168.1.55","192.168.1.2","TCP","1514","8004  >  36238 [ACK] Seq=49422 Ack=141 Win=65024 Len=1448 TSval=2916037821 TSecr=3045557594 [TCP segment of a reassembled PDU]"
"37975","33.740417796","192.168.1.55","192.168.1.2","TCP","1514","8004  >  36238 [ACK] Seq=50870 Ack=141 Win=65024 Len=1448 TSval=2916037821 TSecr=3045557594 [TCP segment of a reassembled PDU]"
"37976","33.740419092","192.168.1.55","192.168.1.2","TCP","1514","8004  >  36238 [ACK] Seq=52318 Ack=141 Win=65024 Len=1448 TSval=2916037821 TSecr=3045557594 [TCP segment of a reassembled PDU]"
"37977","33.740420425","192.168.1.55","192.168.1.2","TCP","1514","8004  >  36238 [ACK] Seq=53766 Ack=141 Win=65024 Len=1448 TSval=2916037821 TSecr=3045557594 [TCP segment of a reassembled PDU]"
"37978","33.740421796","192.168.1.55","192.168.1.2","TCP","1514","8004  >  36238 [ACK] Seq=55214 Ack=141 Win=65024 Len=1448 TSval=2916037821 TSecr=3045557594 [TCP segment of a reassembled PDU]"
"37979","33.740423148","192.168.1.55","192.168.1.2","TCP","1514","8004  >  36238 [ACK] Seq=56662 Ack=141 Win=65024 Len=1448 TSval=2916037821 TSecr=3045557594 [TCP segment of a reassembled PDU]"
"37980","33.740424555","192.168.1.55","192.168.1.2","TCP","1514","8004  >  36238 [ACK] Seq=58110 Ack=141 Win=65024 Len=1448 TSval=2916037821 TSecr=3045557594 [TCP segment of a reassembled PDU]"
"37981","33.740425888","192.168.1.55","192.168.1.2","TCP","1514","8004  >  36238 [ACK] Seq=59558 Ack=141 Win=65024 Len=1448 TSval=2916037821 TSecr=3045557594 [TCP segment of a reassembled PDU]"
"37982","33.740427296","192.168.1.55","192.168.1.2","TCP","1514","8004  >  36238 [ACK] Seq=61006 Ack=141 Win=65024 Len=1448 TSval=2916037821 TSecr=3045557594 [TCP segment of a reassembled PDU]"
"37983","33.740428685","192.168.1.55","192.168.1.2","TCP","1514","8004  >  36238 [ACK] Seq=62454 Ack=141 Win=65024 Len=1448 TSval=2916037821 TSecr=3045557594 [TCP segment of a reassembled PDU]"
"37984","33.740429963","192.168.1.55","192.168.1.2","TCP","1514","8004  >  36238 [PSH, ACK] Seq=63902 Ack=141 Win=65024 Len=1448 TSval=2916037821 TSecr=3045557594 [TCP segment of a reassembled PDU]"
"37985","33.741023260","192.168.1.2","192.168.1.55","TCP","66","36238  >  8004 [ACK] Seq=141 Ack=30598 Win=89088 Len=0 TSval=3045557595 TSecr=2916037817"
"37986","33.741036871","192.168.1.55","192.168.1.2","TCP","1514","8004  >  36238 [ACK] Seq=65350 Ack=141 Win=65024 Len=1448 TSval=2916037821 TSecr=3045557595 [TCP segment of a reassembled PDU]"
"37987","33.741038667","192.168.1.55","192.168.1.2","TCP","1514","8004  >  36238 [ACK] Seq=66798 Ack=141 Win=65024 Len=1448 TSval=2916037821 TSecr=3045557595 [TCP segment of a reassembled PDU]"
"37988","33.741039964","192.168.1.55","192.168.1.2","TCP","1514","8004  >  36238 [ACK] Seq=68246 Ack=141 Win=65024 Len=1448 TSval=2916037821 TSecr=3045557595 [TCP segment of a reassembled PDU]"
"37989","33.741041315","192.168.1.55","192.168.1.2","TCP","1514","8004  >  36238 [ACK] Seq=69694 Ack=141 Win=65024 Len=1448 TSval=2916037821 TSecr=3045557595 [TCP segment of a reassembled PDU]"
"37990","33.741042630","192.168.1.55","192.168.1.2","TCP","1514","8004  >  36238 [ACK] Seq=71142 Ack=141 Win=65024 Len=1448 TSval=2916037821 TSecr=3045557595 [TCP segment of a reassembled PDU]"
"37991","33.741044149","192.168.1.55","192.168.1.2","TCP","1514","8004  >  36238 [ACK] Seq=72590 Ack=141 Win=65024 Len=1448 TSval=2916037821 TSecr=3045557595 [TCP segment of a reassembled PDU]"
"37992","33.741045445","192.168.1.55","192.168.1.2","TCP","1514","8004  >  36238 [ACK] Seq=74038 Ack=141 Win=65024 Len=1448 TSval=2916037821 TSecr=3045557595 [TCP segment of a reassembled PDU]"
"37993","33.741046797","192.168.1.55","192.168.1.2","TCP","1514","8004  >  36238 [PSH, ACK] Seq=75486 Ack=141 Win=65024 Len=1448 TSval=2916037821 TSecr=3045557595 [TCP segment of a reassembled PDU]"
"37994","33.741076038","192.168.1.2","192.168.1.55","TCP","66","36238  >  8004 [ACK] Seq=141 Ack=34942 Win=84992 Len=0 TSval=3045557595 TSecr=2916037817"
"37995","33.742767763","192.168.1.2","192.168.1.55","TCP","66","36238  >  8004 [ACK] Seq=141 Ack=42182 Win=84992 Len=0 TSval=3045557596 TSecr=2916037817"
"37996","33.742786781","192.168.1.55","192.168.1.2","TCP","1514","8004  >  36238 [ACK] Seq=76934 Ack=141 Win=65024 Len=1448 TSval=2916037823 TSecr=3045557596 [TCP segment of a reassembled PDU]"
"37997","33.742789392","192.168.1.55","192.168.1.2","TCP","1514","8004  >  36238 [ACK] Seq=78382 Ack=141 Win=65024 Len=1448 TSval=2916037823 TSecr=3045557596 [TCP segment of a reassembled PDU]"
"37998","33.742790818","192.168.1.55","192.168.1.2","TCP","1514","8004  >  36238 [ACK] Seq=79830 Ack=141 Win=65024 Len=1448 TSval=2916037823 TSecr=3045557596 [TCP segment of a reassembled PDU]"
"37999","33.742792151","192.168.1.55","192.168.1.2","TCP","1514","8004  >  36238 [ACK] Seq=81278 Ack=141 Win=65024 Len=1448 TSval=2916037823 TSecr=3045557596 [TCP segment of a reassembled PDU]"
"38000","33.742793429","192.168.1.55","192.168.1.2","TCP","1514","8004  >  36238 [ACK] Seq=82726 Ack=141 Win=65024 Len=1448 TSval=2916037823 TSecr=3045557596 [TCP segment of a reassembled PDU]"
"38001","33.742794800","192.168.1.55","192.168.1.2","TCP","1514","8004  >  36238 [ACK] Seq=84174 Ack=141 Win=65024 Len=1448 TSval=2916037823 TSecr=3045557596 [TCP segment of a reassembled PDU]"
"38002","33.742796096","192.168.1.55","192.168.1.2","TCP","1514","8004  >  36238 [ACK] Seq=85622 Ack=141 Win=65024 Len=1448 TSval=2916037823 TSecr=3045557596 [TCP segment of a reassembled PDU]"
"38003","33.742797485","192.168.1.55","192.168.1.2","TCP","1514","8004  >  36238 [ACK] Seq=87070 Ack=141 Win=65024 Len=1448 TSval=2916037823 TSecr=3045557596 [TCP segment of a reassembled PDU]"
"38004","33.742798874","192.168.1.55","192.168.1.2","TCP","1514","8004  >  36238 [ACK] Seq=88518 Ack=141 Win=65024 Len=1448 TSval=2916037823 TSecr=3045557596 [TCP segment of a reassembled PDU]"
"38005","33.742800170","192.168.1.55","192.168.1.2","TCP","1514","8004  >  36238 [ACK] Seq=89966 Ack=141 Win=65024 Len=1448 TSval=2916037823 TSecr=3045557596 [TCP segment of a reassembled PDU]"
"38006","33.742801614","192.168.1.55","192.168.1.2","TCP","1514","8004  >  36238 [PSH, ACK] Seq=91414 Ack=141 Win=65024 Len=1448 TSval=2916037823 TSecr=3045557596 [TCP segment of a reassembled PDU]"
"38007","33.746694991","192.168.1.2","192.168.1.55","TCP","66","36238  >  8004 [ACK] Seq=141 Ack=45078 Win=88064 Len=0 TSval=3045557599 TSecr=2916037820"
"38008","33.746704139","192.168.1.55","192.168.1.2","TCP","1514","8004  >  36238 [ACK] Seq=92862 Ack=141 Win=65024 Len=1448 TSval=2916037827 TSecr=3045557599 [TCP segment of a reassembled PDU]"
"38009","33.746706158","192.168.1.55","192.168.1.2","TCP","1514","8004  >  36238 [PSH, ACK] Seq=94310 Ack=141 Win=65024 Len=1448 TSval=2916037827 TSecr=3045557599 [TCP segment of a reassembled PDU]"
"38010","33.746899251","192.168.1.2","192.168.1.55","TCP","66","36238  >  8004 [ACK] Seq=141 Ack=65350 Win=69632 Len=0 TSval=3045557599 TSecr=2916037821"
"38011","33.746918899","192.168.1.55","192.168.1.2","TCP","1514","8004  >  36238 [ACK] Seq=95758 Ack=141 Win=65024 Len=1448 TSval=2916037827 TSecr=3045557599 [TCP segment of a reassembled PDU]"
"38012","33.746921251","192.168.1.55","192.168.1.2","TCP","1514","8004  >  36238 [ACK] Seq=97206 Ack=141 Win=65024 Len=1448 TSval=2916037827 TSecr=3045557599 [TCP segment of a reassembled PDU]"
"38013","33.746922547","192.168.1.55","192.168.1.2","TCP","1514","8004  >  36238 [ACK] Seq=98654 Ack=141 Win=65024 Len=1448 TSval=2916037827 TSecr=3045557599 [TCP segment of a reassembled PDU]"
"38014","33.746923621","192.168.1.55","192.168.1.2","TCP","1514","8004  >  36238 [ACK] Seq=100102 Ack=141 Win=65024 Len=1448 TSval=2916037827 TSecr=3045557599 [TCP segment of a reassembled PDU]"
"38015","33.746929732","192.168.1.55","192.168.1.2","TCP","1514","8004  >  36238 [ACK] Seq=101550 Ack=141 Win=65024 Len=1448 TSval=2916037827 TSecr=3045557599 [TCP segment of a reassembled PDU]"
"38016","33.746931121","192.168.1.55","192.168.1.2","TCP","1514","8004  >  36238 [ACK] Seq=102998 Ack=141 Win=65024 Len=1448 TSval=2916037827 TSecr=3045557599 [TCP segment of a reassembled PDU]"
"38017","33.746932362","192.168.1.55","192.168.1.2","TCP","1514","8004  >  36238 [ACK] Seq=104446 Ack=141 Win=65024 Len=1448 TSval=2916037827 TSecr=3045557599 [TCP segment of a reassembled PDU]"
"38018","33.746933473","192.168.1.55","192.168.1.2","TCP","1514","8004  >  36238 [ACK] Seq=105894 Ack=141 Win=65024 Len=1448 TSval=2916037827 TSecr=3045557599 [TCP segment of a reassembled PDU]"
"38019","33.746934732","192.168.1.55","192.168.1.2","TCP","1514","8004  >  36238 [ACK] Seq=107342 Ack=141 Win=65024 Len=1448 TSval=2916037827 TSecr=3045557599 [TCP segment of a reassembled PDU]"
"38020","33.746936010","192.168.1.55","192.168.1.2","TCP","1514","8004  >  36238 [ACK] Seq=108790 Ack=141 Win=65024 Len=1448 TSval=2916037827 TSecr=3045557599 [TCP segment of a reassembled PDU]"
"38021","33.746937214","192.168.1.55","192.168.1.2","TCP","1514","8004  >  36238 [ACK] Seq=110238 Ack=141 Win=65024 Len=1448 TSval=2916037827 TSecr=3045557599 [TCP segment of a reassembled PDU]"
"38022","33.746938621","192.168.1.55","192.168.1.2","TCP","1514","8004  >  36238 [ACK] Seq=111686 Ack=141 Win=65024 Len=1448 TSval=2916037827 TSecr=3045557599 [TCP segment of a reassembled PDU]"
"38023","33.746939880","192.168.1.55","192.168.1.2","TCP","1514","8004  >  36238 [ACK] Seq=113134 Ack=141 Win=65024 Len=1448 TSval=2916037827 TSecr=3045557599 [TCP segment of a reassembled PDU]"
"38024","33.746941047","192.168.1.55","192.168.1.2","TCP","1514","8004  >  36238 [ACK] Seq=114582 Ack=141 Win=65024 Len=1448 TSval=2916037827 TSecr=3045557599 [TCP segment of a reassembled PDU]"
"38025","33.746942177","192.168.1.55","192.168.1.2","TCP","1514","8004  >  36238 [PSH, ACK] Seq=116030 Ack=141 Win=65024 Len=1448 TSval=2916037827 TSecr=3045557599 [TCP segment of a reassembled PDU]"
"38026","33.746946473","192.168.1.2","192.168.1.55","TCP","66","36238  >  8004 [ACK] Seq=141 Ack=68246 Win=67584 Len=0 TSval=3045557599 TSecr=2916037821"
"38027","33.746953362","192.168.1.2","192.168.1.55","TCP","66","36238  >  8004 [ACK] Seq=141 Ack=76934 Win=82944 Len=0 TSval=3045557601 TSecr=2916037821"
"38028","33.746957917","192.168.1.2","192.168.1.55","TCP","66","36238  >  8004 [ACK] Seq=141 Ack=88518 Win=71680 Len=0 TSval=3045557601 TSecr=2916037823"
"38029","33.747532770","192.168.1.55","192.168.1.2","TCP","1514","8004  >  36238 [PSH, ACK] Seq=117478 Ack=141 Win=65024 Len=1448 TSval=2916037828 TSecr=3045557601 [TCP segment of a reassembled PDU]"
"38030","33.747550381","192.168.1.55","192.168.1.2","TCP","1514","8004  >  36238 [ACK] Seq=118926 Ack=141 Win=65024 Len=1448 TSval=2916037828 TSecr=3045557601 [TCP segment of a reassembled PDU]"
"38031","33.747551511","192.168.1.55","192.168.1.2","TCP","1514","8004  >  36238 [ACK] Seq=120374 Ack=141 Win=65024 Len=1448 TSval=2916037828 TSecr=3045557601 [TCP segment of a reassembled PDU]"
"38032","33.747552844","192.168.1.55","192.168.1.2","TCP","1514","8004  >  36238 [ACK] Seq=121822 Ack=141 Win=65024 Len=1448 TSval=2916037828 TSecr=3045557601 [TCP segment of a reassembled PDU]"
"38033","33.747554048","192.168.1.55","192.168.1.2","TCP","1514","8004  >  36238 [ACK] Seq=123270 Ack=141 Win=65024 Len=1448 TSval=2916037828 TSecr=3045557601 [TCP segment of a reassembled PDU]"
"38034","33.747555141","192.168.1.55","192.168.1.2","TCP","1514","8004  >  36238 [ACK] Seq=124718 Ack=141 Win=65024 Len=1448 TSval=2916037828 TSecr=3045557601 [TCP segment of a reassembled PDU]"
"38035","33.747556363","192.168.1.55","192.168.1.2","TCP","1514","8004  >  36238 [ACK] Seq=126166 Ack=141 Win=65024 Len=1448 TSval=2916037828 TSecr=3045557601 [TCP segment of a reassembled PDU]"
"38036","33.747558455","192.168.1.55","192.168.1.2","TCP","1514","8004  >  36238 [ACK] Seq=127614 Ack=141 Win=65024 Len=1448 TSval=2916037828 TSecr=3045557601 [TCP segment of a reassembled PDU]"
"38037","33.747559715","192.168.1.55","192.168.1.2","TCP","1514","8004  >  36238 [ACK] Seq=129062 Ack=141 Win=65024 Len=1448 TSval=2916037828 TSecr=3045557601 [TCP segment of a reassembled PDU]"
"38038","33.747561918","192.168.1.55","192.168.1.2","TCP","1514","8004  >  36238 [ACK] Seq=130510 Ack=141 Win=65024 Len=1448 TSval=2916037828 TSecr=3045557601 [TCP segment of a reassembled PDU]"
"38039","33.747563011","192.168.1.55","192.168.1.2","TCP","1514","8004  >  36238 [ACK] Seq=131958 Ack=141 Win=65024 Len=1448 TSval=2916037828 TSecr=3045557601 [TCP segment of a reassembled PDU]"
"38040","33.747564400","192.168.1.55","192.168.1.2","TCP","1514","8004  >  36238 [ACK] Seq=133406 Ack=141 Win=65024 Len=1448 TSval=2916037828 TSecr=3045557601 [TCP segment of a reassembled PDU]"
"38041","33.747565474","192.168.1.55","192.168.1.2","TCP","1514","8004  >  36238 [ACK] Seq=134854 Ack=141 Win=65024 Len=1448 TSval=2916037828 TSecr=3045557601 [TCP segment of a reassembled PDU]"
"38042","33.747567085","192.168.1.55","192.168.1.2","TCP","1514","8004  >  36238 [ACK] Seq=136302 Ack=141 Win=65024 Len=1448 TSval=2916037828 TSecr=3045557601 [TCP segment of a reassembled PDU]"
"38043","33.747568326","192.168.1.55","192.168.1.2","TCP","1514","8004  >  36238 [ACK] Seq=137750 Ack=141 Win=65024 Len=1448 TSval=2916037828 TSecr=3045557601 [TCP segment of a reassembled PDU]"
"38044","33.747569418","192.168.1.55","192.168.1.2","TCP","1514","8004  >  36238 [PSH, ACK] Seq=139198 Ack=141 Win=65024 Len=1448 TSval=2916037828 TSecr=3045557601 [TCP segment of a reassembled PDU]"
"38045","33.749741237","192.168.1.2","192.168.1.55","TCP","66","36238  >  8004 [ACK] Seq=141 Ack=89966 Win=90112 Len=0 TSval=3045557602 TSecr=2916037823"
"38046","33.749758811","192.168.1.55","192.168.1.2","TCP","1514","8004  >  36238 [ACK] Seq=140646 Ack=141 Win=65024 Len=1448 TSval=2916037830 TSecr=3045557602 [TCP segment of a reassembled PDU]"
"38047","33.752281981","192.168.1.2","192.168.1.55","TCP","66","36238  >  8004 [ACK] Seq=141 Ack=92862 Win=90112 Len=0 TSval=3045557602 TSecr=2916037823"
"38048","33.752313463","192.168.1.55","192.168.1.2","TCP","1514","8004  >  36238 [ACK] Seq=142094 Ack=141 Win=65024 Len=1448 TSval=2916037833 TSecr=3045557602 [TCP segment of a reassembled PDU]"
"38049","33.752316370","192.168.1.55","192.168.1.2","TCP","1514","8004  >  36238 [ACK] Seq=143542 Ack=141 Win=65024 Len=1448 TSval=2916037833 TSecr=3045557602 [TCP segment of a reassembled PDU]"
"38050","33.752318185","192.168.1.55","192.168.1.2","TCP","1514","8004  >  36238 [PSH, ACK] Seq=144990 Ack=141 Win=65024 Len=1448 TSval=2916037833 TSecr=3045557602 [TCP segment of a reassembled PDU]"
"38051","33.753900558","192.168.1.2","192.168.1.55","TCP","66","36238  >  8004 [ACK] Seq=141 Ack=95758 Win=88064 Len=0 TSval=3045557607 TSecr=2916037827"
"38052","33.753911947","192.168.1.55","192.168.1.2","TCP","1514","8004  >  36238 [ACK] Seq=146438 Ack=141 Win=65024 Len=1448 TSval=2916037834 TSecr=3045557607 [TCP segment of a reassembled PDU]"
"38053","33.753915632","192.168.1.55","192.168.1.2","TCP","1514","8004  >  36238 [PSH, ACK] Seq=147886 Ack=141 Win=65024 Len=1448 TSval=2916037834 TSecr=3045557607 [TCP segment of a reassembled PDU]"
"38054","33.754134318","192.168.1.2","192.168.1.55","TCP","66","36238  >  8004 [ACK] Seq=141 Ack=117478 Win=72704 Len=0 TSval=3045557607 TSecr=2916037827"
"38055","33.754173966","192.168.1.55","192.168.1.2","TCP","1514","8004  >  36238 [ACK] Seq=149334 Ack=141 Win=65024 Len=1448 TSval=2916037834 TSecr=3045557607 [TCP segment of a reassembled PDU]"
"38056","33.754177855","192.168.1.55","192.168.1.2","TCP","1514","8004  >  36238 [ACK] Seq=150782 Ack=141 Win=65024 Len=1448 TSval=2916037834 TSecr=3045557607 [TCP segment of a reassembled PDU]"
"38057","33.754179151","192.168.1.55","192.168.1.2","TCP","1514","8004  >  36238 [ACK] Seq=152230 Ack=141 Win=65024 Len=1448 TSval=2916037834 TSecr=3045557607 [TCP segment of a reassembled PDU]"
"38058","33.754180559","192.168.1.55","192.168.1.2","TCP","1514","8004  >  36238 [ACK] Seq=153678 Ack=141 Win=65024 Len=1448 TSval=2916037834 TSecr=3045557607 [TCP segment of a reassembled PDU]"
"38059","33.754182244","192.168.1.55","192.168.1.2","TCP","1514","8004  >  36238 [ACK] Seq=155126 Ack=141 Win=65024 Len=1448 TSval=2916037834 TSecr=3045557607 [TCP segment of a reassembled PDU]"
"38060","33.754184392","192.168.1.55","192.168.1.2","TCP","1514","8004  >  36238 [ACK] Seq=156574 Ack=141 Win=65024 Len=1448 TSval=2916037834 TSecr=3045557607 [TCP segment of a reassembled PDU]"
"38061","33.754185614","192.168.1.55","192.168.1.2","TCP","1514","8004  >  36238 [ACK] Seq=158022 Ack=141 Win=65024 Len=1448 TSval=2916037834 TSecr=3045557607 [TCP segment of a reassembled PDU]"
"38062","33.754186929","192.168.1.55","192.168.1.2","TCP","1514","8004  >  36238 [PSH, ACK] Seq=159470 Ack=141 Win=65024 Len=1448 TSval=2916037834 TSecr=3045557607 [TCP segment of a reassembled PDU]"
"38063","33.754193836","192.168.1.2","192.168.1.55","TCP","66","36238  >  8004 [ACK] Seq=141 Ack=140646 Win=51200 Len=0 TSval=3045557608 TSecr=2916037828"
"38064","33.754238948","192.168.1.55","192.168.1.2","TCP","1514","8004  >  36238 [ACK] Seq=160918 Ack=141 Win=65024 Len=1448 TSval=2916037834 TSecr=3045557608 [TCP segment of a reassembled PDU]"
"38065","33.754242244","192.168.1.55","192.168.1.2","TCP","1514","8004  >  36238 [ACK] Seq=162366 Ack=141 Win=65024 Len=1448 TSval=2916037834 TSecr=3045557608 [TCP segment of a reassembled PDU]"
"38066","33.754243855","192.168.1.55","192.168.1.2","TCP","1514","8004  >  36238 [ACK] Seq=163814 Ack=141 Win=65024 Len=1448 TSval=2916037834 TSecr=3045557608 [TCP segment of a reassembled PDU]"
"38067","33.754245299","192.168.1.55","192.168.1.2","TCP","1514","8004  >  36238 [ACK] Seq=165262 Ack=141 Win=65024 Len=1448 TSval=2916037834 TSecr=3045557608 [TCP segment of a reassembled PDU]"
"38068","33.754246707","192.168.1.55","192.168.1.2","TCP","1514","8004  >  36238 [ACK] Seq=166710 Ack=141 Win=65024 Len=1448 TSval=2916037834 TSecr=3045557608 [TCP segment of a reassembled PDU]"
"38069","33.754247985","192.168.1.55","192.168.1.2","TCP","1514","8004  >  36238 [ACK] Seq=168158 Ack=141 Win=65024 Len=1448 TSval=2916037834 TSecr=3045557608 [TCP segment of a reassembled PDU]"
"38070","33.754249336","192.168.1.55","192.168.1.2","TCP","1514","8004  >  36238 [ACK] Seq=169606 Ack=141 Win=65024 Len=1448 TSval=2916037834 TSecr=3045557608 [TCP segment of a reassembled PDU]"
"38071","33.754250614","192.168.1.55","192.168.1.2","TCP","1514","8004  >  36238 [ACK] Seq=171054 Ack=141 Win=65024 Len=1448 TSval=2916037834 TSecr=3045557608 [TCP segment of a reassembled PDU]"
"38072","33.754251929","192.168.1.55","192.168.1.2","TCP","1514","8004  >  36238 [ACK] Seq=172502 Ack=141 Win=65024 Len=1448 TSval=2916037834 TSecr=3045557608 [TCP segment of a reassembled PDU]"
"38073","33.754253448","192.168.1.55","192.168.1.2","TCP","1514","8004  >  36238 [ACK] Seq=173950 Ack=141 Win=65024 Len=1448 TSval=2916037834 TSecr=3045557608 [TCP segment of a reassembled PDU]"
"38074","33.754255336","192.168.1.55","192.168.1.2","TCP","1514","8004  >  36238 [ACK] Seq=175398 Ack=141 Win=65024 Len=1448 TSval=2916037834 TSecr=3045557608 [TCP segment of a reassembled PDU]"
"38075","33.754256873","192.168.1.55","192.168.1.2","TCP","1514","8004  >  36238 [ACK] Seq=176846 Ack=141 Win=65024 Len=1448 TSval=2916037834 TSecr=3045557608 [TCP segment of a reassembled PDU]"
"38076","33.754258188","192.168.1.55","192.168.1.2","TCP","1514","8004  >  36238 [ACK] Seq=178294 Ack=141 Win=65024 Len=1448 TSval=2916037834 TSecr=3045557608 [TCP segment of a reassembled PDU]"
"38077","33.754259485","192.168.1.55","192.168.1.2","TCP","1514","8004  >  36238 [ACK] Seq=179742 Ack=141 Win=65024 Len=1448 TSval=2916037834 TSecr=3045557608 [TCP segment of a reassembled PDU]"
"38078","33.754260855","192.168.1.55","192.168.1.2","TCP","1514","8004  >  36238 [ACK] Seq=181190 Ack=141 Win=65024 Len=1448 TSval=2916037834 TSecr=3045557608 [TCP segment of a reassembled PDU]"
"38079","33.754262299","192.168.1.55","192.168.1.2","TCP","1514","8004  >  36238 [ACK] Seq=182638 Ack=141 Win=65024 Len=1448 TSval=2916037834 TSecr=3045557608 [TCP segment of a reassembled PDU]"
"38080","33.754263799","192.168.1.55","192.168.1.2","TCP","1514","8004  >  36238 [ACK] Seq=184086 Ack=141 Win=65024 Len=1448 TSval=2916037834 TSecr=3045557608 [TCP segment of a reassembled PDU]"
"38081","33.754265614","192.168.1.55","192.168.1.2","TCP","1514","8004  >  36238 [ACK] Seq=185534 Ack=141 Win=65024 Len=1448 TSval=2916037834 TSecr=3045557608 [TCP segment of a reassembled PDU]"
"38082","33.754267299","192.168.1.55","192.168.1.2","TCP","1514","8004  >  36238 [PSH, ACK] Seq=186982 Ack=141 Win=65024 Len=1448 TSval=2916037834 TSecr=3045557608 [TCP segment of a reassembled PDU]"
"38083","33.755305764","192.168.1.55","192.168.1.2","TCP","1514","8004  >  36238 [ACK] Seq=188430 Ack=141 Win=65024 Len=1448 TSval=2916037836 TSecr=3045557608 [TCP segment of a reassembled PDU]"
"38084","33.755307634","192.168.1.55","192.168.1.2","TCP","1514","8004  >  36238 [ACK] Seq=189878 Ack=141 Win=65024 Len=1448 TSval=2916037836 TSecr=3045557608 [TCP segment of a reassembled PDU]"
"38085","33.755310227","192.168.1.55","192.168.1.2","TCP","586","[TCP Window Full] 8004  >  36238 [PSH, ACK] Seq=191326 Ack=141 Win=65024 Len=520 TSval=2916037836 TSecr=3045557608 [TCP segment of a reassembled PDU]"
"38086","33.756624674","192.168.1.2","192.168.1.55","TCP","66","36238  >  8004 [ACK] Seq=141 Ack=146438 Win=83968 Len=0 TSval=3045557609 TSecr=2916037830"
"38087","33.756643100","192.168.1.55","192.168.1.2","TCP","1514","8004  >  36238 [ACK] Seq=191846 Ack=141 Win=65024 Len=1448 TSval=2916037837 TSecr=3045557609 [TCP segment of a reassembled PDU]"
"38088","33.756645544","192.168.1.55","192.168.1.2","TCP","1514","8004  >  36238 [ACK] Seq=193294 Ack=141 Win=65024 Len=1448 TSval=2916037837 TSecr=3045557609 [TCP segment of a reassembled PDU]"
"38089","33.756647562","192.168.1.55","192.168.1.2","TCP","1514","8004  >  36238 [ACK] Seq=194742 Ack=141 Win=65024 Len=1448 TSval=2916037837 TSecr=3045557609 [TCP segment of a reassembled PDU]"
"38090","33.756649044","192.168.1.55","192.168.1.2","TCP","1514","8004  >  36238 [ACK] Seq=196190 Ack=141 Win=65024 Len=1448 TSval=2916037837 TSecr=3045557609 [TCP segment of a reassembled PDU]"
"38091","33.756650451","192.168.1.55","192.168.1.2","TCP","1514","8004  >  36238 [ACK] Seq=197638 Ack=141 Win=65024 Len=1448 TSval=2916037837 TSecr=3045557609 [TCP segment of a reassembled PDU]"
"38092","33.756652655","192.168.1.55","192.168.1.2","TCP","1514","8004  >  36238 [PSH, ACK] Seq=199086 Ack=141 Win=65024 Len=1448 TSval=2916037837 TSecr=3045557609 [TCP segment of a reassembled PDU]"
"38093","33.756688544","192.168.1.2","192.168.1.55","TCP","66","36238  >  8004 [ACK] Seq=141 Ack=149334 Win=90112 Len=0 TSval=3045557611 TSecr=2916037834"
"38094","33.756697340","192.168.1.55","192.168.1.2","TCP","1514","8004  >  36238 [ACK] Seq=200534 Ack=141 Win=65024 Len=1448 TSval=2916037837 TSecr=3045557611 [TCP segment of a reassembled PDU]"
"38095","33.756699100","192.168.1.55","192.168.1.2","TCP","1514","8004  >  36238 [PSH, ACK] Seq=201982 Ack=141 Win=65024 Len=1448 TSval=2916037837 TSecr=3045557611 [TCP segment of a reassembled PDU]"
"38096","33.760034401","192.168.1.2","192.168.1.55","TCP","66","36238  >  8004 [ACK] Seq=141 Ack=160918 Win=90112 Len=0 TSval=3045557614 TSecr=2916037834"
"38097","33.760044364","192.168.1.55","192.168.1.2","TCP","994","8004  >  36238 [PSH, ACK] Seq=203430 Ack=141 Win=65024 Len=928 TSval=2916037840 TSecr=3045557614 [TCP segment of a reassembled PDU]"
"38098","33.760193087","192.168.1.2","192.168.1.55","TCP","66","36238  >  8004 [ACK] Seq=141 Ack=188430 Win=84992 Len=0 TSval=3045557614 TSecr=2916037834"
"38099","33.760220087","192.168.1.55","192.168.1.2","TCP","1514","8004  >  36238 [ACK] Seq=204358 Ack=141 Win=65024 Len=1448 TSval=2916037840 TSecr=3045557614 [TCP segment of a reassembled PDU]"
"38100","33.760222587","192.168.1.55","192.168.1.2","TCP","1514","8004  >  36238 [ACK] Seq=205806 Ack=141 Win=65024 Len=1448 TSval=2916037840 TSecr=3045557614 [TCP segment of a reassembled PDU]"
"38101","33.760223939","192.168.1.55","192.168.1.2","TCP","1514","8004  >  36238 [ACK] Seq=207254 Ack=141 Win=65024 Len=1448 TSval=2916037840 TSecr=3045557614 [TCP segment of a reassembled PDU]"
"38102","33.760225253","192.168.1.55","192.168.1.2","TCP","1514","8004  >  36238 [ACK] Seq=208702 Ack=141 Win=65024 Len=1448 TSval=2916037840 TSecr=3045557614 [TCP segment of a reassembled PDU]"
"38103","33.760226587","192.168.1.55","192.168.1.2","TCP","1514","8004  >  36238 [ACK] Seq=210150 Ack=141 Win=65024 Len=1448 TSval=2916037840 TSecr=3045557614 [TCP segment of a reassembled PDU]"
"38104","33.760227809","192.168.1.55","192.168.1.2","TCP","1514","8004  >  36238 [ACK] Seq=211598 Ack=141 Win=65024 Len=1448 TSval=2916037840 TSecr=3045557614 [TCP segment of a reassembled PDU]"
"38105","33.760229013","192.168.1.55","192.168.1.2","TCP","1514","8004  >  36238 [ACK] Seq=213046 Ack=141 Win=65024 Len=1448 TSval=2916037840 TSecr=3045557614 [TCP segment of a reassembled PDU]"
"38106","33.760230272","192.168.1.55","192.168.1.2","TCP","1514","8004  >  36238 [ACK] Seq=214494 Ack=141 Win=65024 Len=1448 TSval=2916037840 TSecr=3045557614 [TCP segment of a reassembled PDU]"
"38107","33.760231902","192.168.1.55","192.168.1.2","TCP","1514","8004  >  36238 [ACK] Seq=215942 Ack=141 Win=65024 Len=1448 TSval=2916037840 TSecr=3045557614 [TCP segment of a reassembled PDU]"
"38108","33.760233309","192.168.1.55","192.168.1.2","TCP","1514","8004  >  36238 [ACK] Seq=217390 Ack=141 Win=65024 Len=1448 TSval=2916037840 TSecr=3045557614 [TCP segment of a reassembled PDU]"
"38109","33.760234605","192.168.1.55","192.168.1.2","TCP","1514","8004  >  36238 [ACK] Seq=218838 Ack=141 Win=65024 Len=1448 TSval=2916037840 TSecr=3045557614 [TCP segment of a reassembled PDU]"
"38110","33.760235902","192.168.1.55","192.168.1.2","TCP","1514","8004  >  36238 [ACK] Seq=220286 Ack=141 Win=65024 Len=1448 TSval=2916037840 TSecr=3045557614 [TCP segment of a reassembled PDU]"
"38111","33.760237198","192.168.1.55","192.168.1.2","TCP","1514","8004  >  36238 [ACK] Seq=221734 Ack=141 Win=65024 Len=1448 TSval=2916037840 TSecr=3045557614 [TCP segment of a reassembled PDU]"
"38112","33.760238531","192.168.1.55","192.168.1.2","TCP","1514","8004  >  36238 [ACK] Seq=223182 Ack=141 Win=65024 Len=1448 TSval=2916037840 TSecr=3045557614 [TCP segment of a reassembled PDU]"
"38113","33.760240105","192.168.1.55","192.168.1.2","TCP","1514","8004  >  36238 [ACK] Seq=224630 Ack=141 Win=65024 Len=1448 TSval=2916037840 TSecr=3045557614 [TCP segment of a reassembled PDU]"
"38114","33.760241457","192.168.1.55","192.168.1.2","TCP","1514","8004  >  36238 [ACK] Seq=226078 Ack=141 Win=65024 Len=1448 TSval=2916037840 TSecr=3045557614 [TCP segment of a reassembled PDU]"
"38115","33.760242716","192.168.1.55","192.168.1.2","TCP","1514","8004  >  36238 [ACK] Seq=227526 Ack=141 Win=65024 Len=1448 TSval=2916037840 TSecr=3045557614 [TCP segment of a reassembled PDU]"
"38116","33.760244124","192.168.1.55","192.168.1.2","TCP","1514","8004  >  36238 [ACK] Seq=228974 Ack=141 Win=65024 Len=1448 TSval=2916037840 TSecr=3045557614 [TCP segment of a reassembled PDU]"
"38117","33.760245420","192.168.1.55","192.168.1.2","TCP","1514","8004  >  36238 [ACK] Seq=230422 Ack=141 Win=65024 Len=1448 TSval=2916037840 TSecr=3045557614 [TCP segment of a reassembled PDU]"
"38118","33.760246716","192.168.1.55","192.168.1.2","TCP","1514","8004  >  36238 [PSH, ACK] Seq=231870 Ack=141 Win=65024 Len=1448 TSval=2916037840 TSecr=3045557614 [TCP segment of a reassembled PDU]"
"38119","33.760251253","192.168.1.2","192.168.1.55","TCP","66","36238  >  8004 [ACK] Seq=141 Ack=191846 Win=97280 Len=0 TSval=3045557615 TSecr=2916037836"
"38120","33.760257772","192.168.1.2","192.168.1.55","TCP","66","36238  >  8004 [ACK] Seq=141 Ack=203430 Win=93184 Len=0 TSval=3045557615 TSecr=2916037837"
"38121","33.761018792","192.168.1.55","192.168.1.2","TCP","1514","8004  >  36238 [ACK] Seq=233318 Ack=141 Win=65024 Len=1448 TSval=2916037841 TSecr=3045557615 [TCP segment of a reassembled PDU]"
"38122","33.761022144","192.168.1.55","192.168.1.2","TCP","1514","8004  >  36238 [ACK] Seq=234766 Ack=141 Win=65024 Len=1448 TSval=2916037841 TSecr=3045557615 [TCP segment of a reassembled PDU]"
"38123","33.761023551","192.168.1.55","192.168.1.2","TCP","1514","8004  >  36238 [ACK] Seq=236214 Ack=141 Win=65024 Len=1448 TSval=2916037841 TSecr=3045557615 [TCP segment of a reassembled PDU]"
"38124","33.761024792","192.168.1.55","192.168.1.2","TCP","1514","8004  >  36238 [ACK] Seq=237662 Ack=141 Win=65024 Len=1448 TSval=2916037841 TSecr=3045557615 [TCP segment of a reassembled PDU]"
"38125","33.761026106","192.168.1.55","192.168.1.2","TCP","1514","8004  >  36238 [ACK] Seq=239110 Ack=141 Win=65024 Len=1448 TSval=2916037841 TSecr=3045557615 [TCP segment of a reassembled PDU]"
"38126","33.761027773","192.168.1.55","192.168.1.2","TCP","1514","8004  >  36238 [ACK] Seq=240558 Ack=141 Win=65024 Len=1448 TSval=2916037841 TSecr=3045557615 [TCP segment of a reassembled PDU]"
"38127","33.761029069","192.168.1.55","192.168.1.2","TCP","1514","8004  >  36238 [ACK] Seq=242006 Ack=141 Win=65024 Len=1448 TSval=2916037841 TSecr=3045557615 [TCP segment of a reassembled PDU]"
"38128","33.761031569","192.168.1.55","192.168.1.2","TCP","1514","8004  >  36238 [ACK] Seq=243454 Ack=141 Win=65024 Len=1448 TSval=2916037841 TSecr=3045557615 [TCP segment of a reassembled PDU]"
"38129","33.761032921","192.168.1.55","192.168.1.2","TCP","1514","8004  >  36238 [ACK] Seq=244902 Ack=141 Win=65024 Len=1448 TSval=2916037841 TSecr=3045557615 [TCP segment of a reassembled PDU]"
"38130","33.761034366","192.168.1.55","192.168.1.2","TCP","1514","8004  >  36238 [PSH, ACK] Seq=246350 Ack=141 Win=65024 Len=1448 TSval=2916037841 TSecr=3045557615 [TCP segment of a reassembled PDU]"
"38131","33.761044866","192.168.1.55","192.168.1.2","TCP","1514","8004  >  36238 [ACK] Seq=247798 Ack=141 Win=65024 Len=1448 TSval=2916037841 TSecr=3045557615 [TCP segment of a reassembled PDU]"
"38132","33.761046107","192.168.1.55","192.168.1.2","TCP","1514","8004  >  36238 [ACK] Seq=249246 Ack=141 Win=65024 Len=1448 TSval=2916037841 TSecr=3045557615 [TCP segment of a reassembled PDU]"
"38133","33.761047477","192.168.1.55","192.168.1.2","TCP","1514","8004  >  36238 [ACK] Seq=250694 Ack=141 Win=65024 Len=1448 TSval=2916037841 TSecr=3045557615 [TCP segment of a reassembled PDU]"
"38134","33.761048699","192.168.1.55","192.168.1.2","TCP","1514","8004  >  36238 [ACK] Seq=252142 Ack=141 Win=65024 Len=1448 TSval=2916037841 TSecr=3045557615 [TCP segment of a reassembled PDU]"
"38135","33.761049921","192.168.1.55","192.168.1.2","TCP","1514","8004  >  36238 [ACK] Seq=253590 Ack=141 Win=65024 Len=1448 TSval=2916037841 TSecr=3045557615 [TCP segment of a reassembled PDU]"
"38136","33.761051292","192.168.1.55","192.168.1.2","TCP","1514","8004  >  36238 [ACK] Seq=255038 Ack=141 Win=65024 Len=1448 TSval=2916037841 TSecr=3045557615 [TCP segment of a reassembled PDU]"
"38137","33.761052532","192.168.1.55","192.168.1.2","TCP","1514","8004  >  36238 [ACK] Seq=256486 Ack=141 Win=65024 Len=1448 TSval=2916037841 TSecr=3045557615 [TCP segment of a reassembled PDU]"
"38138","33.761053829","192.168.1.55","192.168.1.2","TCP","1514","8004  >  36238 [ACK] Seq=257934 Ack=141 Win=65024 Len=1448 TSval=2916037841 TSecr=3045557615 [TCP segment of a reassembled PDU]"
"38139","33.761055051","192.168.1.55","192.168.1.2","TCP","1514","8004  >  36238 [PSH, ACK] Seq=259382 Ack=141 Win=65024 Len=1448 TSval=2916037841 TSecr=3045557615 [TCP segment of a reassembled PDU]"
"38140","33.766232818","192.168.1.2","192.168.1.55","TCP","66","36238  >  8004 [ACK] Seq=141 Ack=204358 Win=100352 Len=0 TSval=3045557620 TSecr=2916037840"
"38141","33.766247763","192.168.1.55","192.168.1.2","TCP","1514","8004  >  36238 [ACK] Seq=260830 Ack=141 Win=65024 Len=1448 TSval=2916037846 TSecr=3045557620 [TCP segment of a reassembled PDU]"
"38142","33.766433393","192.168.1.2","192.168.1.55","TCP","66","36238  >  8004 [ACK] Seq=141 Ack=233318 Win=83968 Len=0 TSval=3045557620 TSecr=2916037840"
"38143","33.766463226","192.168.1.55","192.168.1.2","TCP","1514","8004  >  36238 [ACK] Seq=262278 Ack=141 Win=65024 Len=1448 TSval=2916037847 TSecr=3045557620 [TCP segment of a reassembled PDU]"
"38144","33.766466300","192.168.1.55","192.168.1.2","TCP","1514","8004  >  36238 [ACK] Seq=263726 Ack=141 Win=65024 Len=1448 TSval=2916037847 TSecr=3045557620 [TCP segment of a reassembled PDU]"
"38145","33.766467726","192.168.1.55","192.168.1.2","TCP","1514","8004  >  36238 [ACK] Seq=265174 Ack=141 Win=65024 Len=1448 TSval=2916037847 TSecr=3045557620 [TCP segment of a reassembled PDU]"
"38146","33.766469115","192.168.1.55","192.168.1.2","TCP","1514","8004  >  36238 [ACK] Seq=266622 Ack=141 Win=65024 Len=1448 TSval=2916037847 TSecr=3045557620 [TCP segment of a reassembled PDU]"
"38147","33.766470523","192.168.1.55","192.168.1.2","TCP","1514","8004  >  36238 [ACK] Seq=268070 Ack=141 Win=65024 Len=1448 TSval=2916037847 TSecr=3045557620 [TCP segment of a reassembled PDU]"
"38148","33.766471893","192.168.1.55","192.168.1.2","TCP","1514","8004  >  36238 [ACK] Seq=269518 Ack=141 Win=65024 Len=1448 TSval=2916037847 TSecr=3045557620 [TCP segment of a reassembled PDU]"
"38149","33.766473263","192.168.1.55","192.168.1.2","TCP","1514","8004  >  36238 [ACK] Seq=270966 Ack=141 Win=65024 Len=1448 TSval=2916037847 TSecr=3045557620 [TCP segment of a reassembled PDU]"
"38150","33.766474504","192.168.1.55","192.168.1.2","TCP","1514","8004  >  36238 [ACK] Seq=272414 Ack=141 Win=65024 Len=1448 TSval=2916037847 TSecr=3045557620 [TCP segment of a reassembled PDU]"
"38151","33.766475837","192.168.1.55","192.168.1.2","TCP","1514","8004  >  36238 [ACK] Seq=273862 Ack=141 Win=65024 Len=1448 TSval=2916037847 TSecr=3045557620 [TCP segment of a reassembled PDU]"
"38152","33.766477134","192.168.1.55","192.168.1.2","TCP","1514","8004  >  36238 [ACK] Seq=275310 Ack=141 Win=65024 Len=1448 TSval=2916037847 TSecr=3045557620 [TCP segment of a reassembled PDU]"
"38153","33.766478541","192.168.1.55","192.168.1.2","TCP","1514","8004  >  36238 [ACK] Seq=276758 Ack=141 Win=65024 Len=1448 TSval=2916037847 TSecr=3045557620 [TCP segment of a reassembled PDU]"
"38154","33.766480449","192.168.1.55","192.168.1.2","TCP","1514","8004  >  36238 [ACK] Seq=278206 Ack=141 Win=65024 Len=1448 TSval=2916037847 TSecr=3045557620 [TCP segment of a reassembled PDU]"
"38155","33.766482041","192.168.1.55","192.168.1.2","TCP","1514","8004  >  36238 [ACK] Seq=279654 Ack=141 Win=65024 Len=1448 TSval=2916037847 TSecr=3045557620 [TCP segment of a reassembled PDU]"
"38156","33.766483430","192.168.1.55","192.168.1.2","TCP","1514","8004  >  36238 [ACK] Seq=281102 Ack=141 Win=65024 Len=1448 TSval=2916037847 TSecr=3045557620 [TCP segment of a reassembled PDU]"
"38157","33.766484819","192.168.1.55","192.168.1.2","TCP","1514","8004  >  36238 [ACK] Seq=282550 Ack=141 Win=65024 Len=1448 TSval=2916037847 TSecr=3045557620 [TCP segment of a reassembled PDU]"
"38158","33.766486300","192.168.1.55","192.168.1.2","TCP","1514","8004  >  36238 [ACK] Seq=283998 Ack=141 Win=65024 Len=1448 TSval=2916037847 TSecr=3045557620 [TCP segment of a reassembled PDU]"
"38159","33.766487597","192.168.1.55","192.168.1.2","TCP","1514","8004  >  36238 [ACK] Seq=285446 Ack=141 Win=65024 Len=1448 TSval=2916037847 TSecr=3045557620 [TCP segment of a reassembled PDU]"
"38160","33.766489004","192.168.1.55","192.168.1.2","TCP","1514","8004  >  36238 [ACK] Seq=286894 Ack=141 Win=65024 Len=1448 TSval=2916037847 TSecr=3045557620 [TCP segment of a reassembled PDU]"
"38161","33.766490337","192.168.1.55","192.168.1.2","TCP","1514","8004  >  36238 [ACK] Seq=288342 Ack=141 Win=65024 Len=1448 TSval=2916037847 TSecr=3045557620 [TCP segment of a reassembled PDU]"
"38162","33.766491745","192.168.1.55","192.168.1.2","TCP","1514","8004  >  36238 [PSH, ACK] Seq=289790 Ack=141 Win=65024 Len=1448 TSval=2916037847 TSecr=3045557620 [TCP segment of a reassembled PDU]"
"38163","33.766496615","192.168.1.2","192.168.1.55","TCP","66","36238  >  8004 [ACK] Seq=141 Ack=242006 Win=75776 Len=0 TSval=3045557620 TSecr=2916037841"
"38164","33.766505060","192.168.1.2","192.168.1.55","TCP","66","36238  >  8004 [ACK] Seq=141 Ack=247798 Win=105472 Len=0 TSval=3045557621 TSecr=2916037841"
"38165","33.766510430","192.168.1.2","192.168.1.55","TCP","66","36238  >  8004 [ACK] Seq=141 Ack=255038 Win=98304 Len=0 TSval=3045557621 TSecr=2916037841"
"38166","33.767286339","192.168.1.55","192.168.1.2","TCP","1514","8004  >  36238 [ACK] Seq=291238 Ack=141 Win=65024 Len=1448 TSval=2916037847 TSecr=3045557621 [TCP segment of a reassembled PDU]"
"38167","33.767288505","192.168.1.55","192.168.1.2","TCP","1514","8004  >  36238 [ACK] Seq=292686 Ack=141 Win=65024 Len=1448 TSval=2916037847 TSecr=3045557621 [TCP segment of a reassembled PDU]"
"38168","33.767290005","192.168.1.55","192.168.1.2","TCP","1514","8004  >  36238 [ACK] Seq=294134 Ack=141 Win=65024 Len=1448 TSval=2916037847 TSecr=3045557621 [TCP segment of a reassembled PDU]"
"38169","33.767296691","192.168.1.55","192.168.1.2","TCP","1514","8004  >  36238 [ACK] Seq=295582 Ack=141 Win=65024 Len=1448 TSval=2916037847 TSecr=3045557621 [TCP segment of a reassembled PDU]"
"38170","33.767298320","192.168.1.55","192.168.1.2","TCP","1514","8004  >  36238 [ACK] Seq=297030 Ack=141 Win=65024 Len=1448 TSval=2916037847 TSecr=3045557621 [TCP segment of a reassembled PDU]"
"38171","33.767299931","192.168.1.55","192.168.1.2","TCP","1514","8004  >  36238 [ACK] Seq=298478 Ack=141 Win=65024 Len=1448 TSval=2916037847 TSecr=3045557621 [TCP segment of a reassembled PDU]"
"38172","33.767301283","192.168.1.55","192.168.1.2","TCP","1514","8004  >  36238 [ACK] Seq=299926 Ack=141 Win=65024 Len=1448 TSval=2916037847 TSecr=3045557621 [TCP segment of a reassembled PDU]"
"38173","33.767302691","192.168.1.55","192.168.1.2","TCP","1514","8004  >  36238 [ACK] Seq=301374 Ack=141 Win=65024 Len=1448 TSval=2916037847 TSecr=3045557621 [TCP segment of a reassembled PDU]"
"38174","33.767304061","192.168.1.55","192.168.1.2","TCP","1514","8004  >  36238 [ACK] Seq=302822 Ack=141 Win=65024 Len=1448 TSval=2916037847 TSecr=3045557621 [TCP segment of a reassembled PDU]"
"38175","33.767305524","192.168.1.55","192.168.1.2","TCP","1514","8004  >  36238 [ACK] Seq=304270 Ack=141 Win=65024 Len=1448 TSval=2916037847 TSecr=3045557621 [TCP segment of a reassembled PDU]"
"38176","33.767306968","192.168.1.55","192.168.1.2","TCP","1514","8004  >  36238 [ACK] Seq=305718 Ack=141 Win=65024 Len=1448 TSval=2916037847 TSecr=3045557621 [TCP segment of a reassembled PDU]"
"38177","33.767308524","192.168.1.55","192.168.1.2","TCP","1514","8004  >  36238 [ACK] Seq=307166 Ack=141 Win=65024 Len=1448 TSval=2916037847 TSecr=3045557621 [TCP segment of a reassembled PDU]"
"38178","33.767310283","192.168.1.55","192.168.1.2","TCP","1514","8004  >  36238 [ACK] Seq=308614 Ack=141 Win=65024 Len=1448 TSval=2916037847 TSecr=3045557621 [TCP segment of a reassembled PDU]"
"38179","33.767311579","192.168.1.55","192.168.1.2","TCP","1514","8004  >  36238 [ACK] Seq=310062 Ack=141 Win=65024 Len=1448 TSval=2916037847 TSecr=3045557621 [TCP segment of a reassembled PDU]"
"38180","33.767312913","192.168.1.55","192.168.1.2","TCP","1514","8004  >  36238 [ACK] Seq=311510 Ack=141 Win=65024 Len=1448 TSval=2916037847 TSecr=3045557621 [TCP segment of a reassembled PDU]"
"38181","33.767314468","192.168.1.55","192.168.1.2","TCP","1514","8004  >  36238 [ACK] Seq=312958 Ack=141 Win=65024 Len=1448 TSval=2916037847 TSecr=3045557621 [TCP segment of a reassembled PDU]"
"38182","33.767315839","192.168.1.55","192.168.1.2","TCP","1514","8004  >  36238 [PSH, ACK] Seq=314406 Ack=141 Win=65024 Len=1448 TSval=2916037847 TSecr=3045557621 [TCP segment of a reassembled PDU]"
"38183","33.767324283","192.168.1.2","192.168.1.55","TCP","66","36238  >  8004 [ACK] Seq=141 Ack=260830 Win=102400 Len=0 TSval=3045557622 TSecr=2916037841"
"38184","33.767983247","192.168.1.55","192.168.1.2","TCP","1514","8004  >  36238 [ACK] Seq=315854 Ack=141 Win=65024 Len=1448 TSval=2916037848 TSecr=3045557622 [TCP segment of a reassembled PDU]"
"38185","33.767985858","192.168.1.55","192.168.1.2","TCP","1514","8004  >  36238 [ACK] Seq=317302 Ack=141 Win=65024 Len=1448 TSval=2916037848 TSecr=3045557622 [TCP segment of a reassembled PDU]"
"38186","33.767987284","192.168.1.55","192.168.1.2","TCP","1514","8004  >  36238 [ACK] Seq=318750 Ack=141 Win=65024 Len=1448 TSval=2916037848 TSecr=3045557622 [TCP segment of a reassembled PDU]"
"38187","33.767988692","192.168.1.55","192.168.1.2","TCP","1514","8004  >  36238 [PSH, ACK] Seq=320198 Ack=141 Win=65024 Len=1448 TSval=2916037848 TSecr=3045557622 [TCP segment of a reassembled PDU]"
"38188","33.770212954","192.168.1.2","192.168.1.55","TCP","66","36238  >  8004 [ACK] Seq=141 Ack=262278 Win=107520 Len=0 TSval=3045557626 TSecr=2916037846"
"38189","33.770229510","192.168.1.55","192.168.1.2","TCP","1514","8004  >  36238 [ACK] Seq=321646 Ack=141 Win=65024 Len=1448 TSval=2916037850 TSecr=3045557626 [TCP segment of a reassembled PDU]"
"38190","33.770377529","192.168.1.2","192.168.1.55","TCP","66","36238  >  8004 [ACK] Seq=141 Ack=291238 Win=83968 Len=0 TSval=3045557626 TSecr=2916037847"
"38191","33.770393288","192.168.1.55","192.168.1.2","TCP","1514","8004  >  36238 [ACK] Seq=323094 Ack=141 Win=65024 Len=1448 TSval=2916037851 TSecr=3045557626 [TCP segment of a reassembled PDU]"
"38192","33.770395566","192.168.1.55","192.168.1.2","TCP","1514","8004  >  36238 [ACK] Seq=324542 Ack=141 Win=65024 Len=1448 TSval=2916037851 TSecr=3045557626 [TCP segment of a reassembled PDU]"
"38193","33.770396881","192.168.1.55","192.168.1.2","TCP","1514","8004  >  36238 [ACK] Seq=325990 Ack=141 Win=65024 Len=1448 TSval=2916037851 TSecr=3045557626 [TCP segment of a reassembled PDU]"
"38194","33.770398251","192.168.1.55","192.168.1.2","TCP","1514","8004  >  36238 [ACK] Seq=327438 Ack=141 Win=65024 Len=1448 TSval=2916037851 TSecr=3045557626 [TCP segment of a reassembled PDU]"
"38195","33.770399547","192.168.1.55","192.168.1.2","TCP","1514","8004  >  36238 [ACK] Seq=328886 Ack=141 Win=65024 Len=1448 TSval=2916037851 TSecr=3045557626 [TCP segment of a reassembled PDU]"
"38196","33.770400936","192.168.1.55","192.168.1.2","TCP","1514","8004  >  36238 [ACK] Seq=330334 Ack=141 Win=65024 Len=1448 TSval=2916037851 TSecr=3045557626 [TCP segment of a reassembled PDU]"
"38197","33.770402214","192.168.1.55","192.168.1.2","TCP","1514","8004  >  36238 [ACK] Seq=331782 Ack=141 Win=65024 Len=1448 TSval=2916037851 TSecr=3045557626 [TCP segment of a reassembled PDU]"
"38198","33.770403510","192.168.1.55","192.168.1.2","TCP","1514","8004  >  36238 [ACK] Seq=333230 Ack=141 Win=65024 Len=1448 TSval=2916037851 TSecr=3045557626 [TCP segment of a reassembled PDU]"
"38199","33.770409584","192.168.1.55","192.168.1.2","TCP","1514","8004  >  36238 [PSH, ACK] Seq=334678 Ack=141 Win=65024 Len=1448 TSval=2916037851 TSecr=3045557626 [TCP segment of a reassembled PDU]"
"38200","33.773523626","192.168.1.2","192.168.1.55","TCP","66","36238  >  8004 [ACK] Seq=141 Ack=311510 Win=92160 Len=0 TSval=3045557626 TSecr=2916037847"
"38201","33.773553164","192.168.1.55","192.168.1.2","TCP","1514","8004  >  36238 [ACK] Seq=336126 Ack=141 Win=65024 Len=1448 TSval=2916037854 TSecr=3045557626 [TCP segment of a reassembled PDU]"
"38202","33.773555849","192.168.1.55","192.168.1.2","TCP","1514","8004  >  36238 [ACK] Seq=337574 Ack=141 Win=65024 Len=1448 TSval=2916037854 TSecr=3045557626 [TCP segment of a reassembled PDU]"
"38203","33.773557164","192.168.1.55","192.168.1.2","TCP","1514","8004  >  36238 [ACK] Seq=339022 Ack=141 Win=65024 Len=1448 TSval=2916037854 TSecr=3045557626 [TCP segment of a reassembled PDU]"
"38204","33.773558552","192.168.1.55","192.168.1.2","TCP","1514","8004  >  36238 [ACK] Seq=340470 Ack=141 Win=65024 Len=1448 TSval=2916037854 TSecr=3045557626 [TCP segment of a reassembled PDU]"
"38205","33.773559849","192.168.1.55","192.168.1.2","TCP","1514","8004  >  36238 [ACK] Seq=341918 Ack=141 Win=65024 Len=1448 TSval=2916037854 TSecr=3045557626 [TCP segment of a reassembled PDU]"
"38206","33.773561219","192.168.1.55","192.168.1.2","TCP","1514","8004  >  36238 [ACK] Seq=343366 Ack=141 Win=65024 Len=1448 TSval=2916037854 TSecr=3045557626 [TCP segment of a reassembled PDU]"
"38207","33.773562571","192.168.1.55","192.168.1.2","TCP","1514","8004  >  36238 [ACK] Seq=344814 Ack=141 Win=65024 Len=1448 TSval=2916037854 TSecr=3045557626 [TCP segment of a reassembled PDU]"
"38208","33.773563867","192.168.1.55","192.168.1.2","TCP","1514","8004  >  36238 [ACK] Seq=346262 Ack=141 Win=65024 Len=1448 TSval=2916037854 TSecr=3045557626 [TCP segment of a reassembled PDU]"
"38209","33.773565164","192.168.1.55","192.168.1.2","TCP","1514","8004  >  36238 [ACK] Seq=347710 Ack=141 Win=65024 Len=1448 TSval=2916037854 TSecr=3045557626 [TCP segment of a reassembled PDU]"
"38210","33.773566589","192.168.1.55","192.168.1.2","TCP","1514","8004  >  36238 [ACK] Seq=349158 Ack=141 Win=65024 Len=1448 TSval=2916037854 TSecr=3045557626 [TCP segment of a reassembled PDU]"
"38211","33.773568015","192.168.1.55","192.168.1.2","TCP","1514","8004  >  36238 [ACK] Seq=350606 Ack=141 Win=65024 Len=1448 TSval=2916037854 TSecr=3045557626 [TCP segment of a reassembled PDU]"
"38212","33.773569404","192.168.1.55","192.168.1.2","TCP","1514","8004  >  36238 [ACK] Seq=352054 Ack=141 Win=65024 Len=1448 TSval=2916037854 TSecr=3045557626 [TCP segment of a reassembled PDU]"
"38213","33.773570867","192.168.1.55","192.168.1.2","TCP","1514","8004  >  36238 [ACK] Seq=353502 Ack=141 Win=65024 Len=1448 TSval=2916037854 TSecr=3045557626 [TCP segment of a reassembled PDU]"
"38214","33.773572145","192.168.1.55","192.168.1.2","TCP","1514","8004  >  36238 [ACK] Seq=354950 Ack=141 Win=65024 Len=1448 TSval=2916037854 TSecr=3045557626 [TCP segment of a reassembled PDU]"
"38215","33.773573441","192.168.1.55","192.168.1.2","TCP","1514","8004  >  36238 [ACK] Seq=356398 Ack=141 Win=65024 Len=1448 TSval=2916037854 TSecr=3045557626 [TCP segment of a reassembled PDU]"
"38216","33.773574719","192.168.1.55","192.168.1.2","TCP","1514","8004  >  36238 [ACK] Seq=357846 Ack=141 Win=65024 Len=1448 TSval=2916037854 TSecr=3045557626 [TCP segment of a reassembled PDU]"
"38217","33.773576145","192.168.1.55","192.168.1.2","TCP","1514","8004  >  36238 [ACK] Seq=359294 Ack=141 Win=65024 Len=1448 TSval=2916037854 TSecr=3045557626 [TCP segment of a reassembled PDU]"
"38218","33.773577497","192.168.1.55","192.168.1.2","TCP","1514","8004  >  36238 [ACK] Seq=360742 Ack=141 Win=65024 Len=1448 TSval=2916037854 TSecr=3045557626 [TCP segment of a reassembled PDU]"
"38219","33.773578923","192.168.1.55","192.168.1.2","TCP","1514","8004  >  36238 [ACK] Seq=362190 Ack=141 Win=65024 Len=1448 TSval=2916037854 TSecr=3045557626 [TCP segment of a reassembled PDU]"
"38220","33.773580367","192.168.1.55","192.168.1.2","TCP","1514","8004  >  36238 [ACK] Seq=363638 Ack=141 Win=65024 Len=1448 TSval=2916037854 TSecr=3045557626 [TCP segment of a reassembled PDU]"
"38221","33.773581849","192.168.1.55","192.168.1.2","TCP","1514","8004  >  36238 [ACK] Seq=365086 Ack=141 Win=65024 Len=1448 TSval=2916037854 TSecr=3045557626 [TCP segment of a reassembled PDU]"
"38222","33.773583238","192.168.1.55","192.168.1.2","TCP","1514","8004  >  36238 [PSH, ACK] Seq=366534 Ack=141 Win=65024 Len=1448 TSval=2916037854 TSecr=3045557626 [TCP segment of a reassembled PDU]"
"38223","33.776025686","192.168.1.2","192.168.1.55","TCP","66","36238  >  8004 [ACK] Seq=141 Ack=315854 Win=108544 Len=0 TSval=3045557629 TSecr=2916037847"
"38224","33.776039223","192.168.1.55","192.168.1.2","TCP","1514","8004  >  36238 [ACK] Seq=367982 Ack=141 Win=65024 Len=1448 TSval=2916037856 TSecr=3045557629 [TCP segment of a reassembled PDU]"
"38225","33.776041538","192.168.1.55","192.168.1.2","TCP","1514","8004  >  36238 [ACK] Seq=369430 Ack=141 Win=65024 Len=1448 TSval=2916037856 TSecr=3045557629 [TCP segment of a reassembled PDU]"
"38226","33.776042945","192.168.1.55","192.168.1.2","TCP","1514","8004  >  36238 [ACK] Seq=370878 Ack=141 Win=65024 Len=1448 TSval=2916037856 TSecr=3045557629 [TCP segment of a reassembled PDU]"
"38227","33.776044242","192.168.1.55","192.168.1.2","TCP","1514","8004  >  36238 [ACK] Seq=372326 Ack=141 Win=65024 Len=1448 TSval=2916037856 TSecr=3045557629 [TCP segment of a reassembled PDU]"
"38228","33.776045945","192.168.1.55","192.168.1.2","TCP","1514","8004  >  36238 [ACK] Seq=373774 Ack=141 Win=65024 Len=1448 TSval=2916037856 TSecr=3045557629 [TCP segment of a reassembled PDU]"
"38229","33.776047223","192.168.1.55","192.168.1.2","TCP","1514","8004  >  36238 [ACK] Seq=375222 Ack=141 Win=65024 Len=1448 TSval=2916037856 TSecr=3045557629 [TCP segment of a reassembled PDU]"
"38230","33.776048575","192.168.1.55","192.168.1.2","TCP","1514","8004  >  36238 [ACK] Seq=376670 Ack=141 Win=65024 Len=1448 TSval=2916037856 TSecr=3045557629 [TCP segment of a reassembled PDU]"
"38231","33.776049964","192.168.1.55","192.168.1.2","TCP","1514","8004  >  36238 [PSH, ACK] Seq=378118 Ack=141 Win=65024 Len=1448 TSval=2916037856 TSecr=3045557629 [TCP segment of a reassembled PDU]"
"38232","33.776083982","192.168.1.2","192.168.1.55","TCP","66","36238  >  8004 [ACK] Seq=141 Ack=321646 Win=103424 Len=0 TSval=3045557629 TSecr=2916037848"
"38233","33.776092408","192.168.1.55","192.168.1.2","TCP","1514","8004  >  36238 [PSH, ACK] Seq=379566 Ack=141 Win=65024 Len=1448 TSval=2916037856 TSecr=3045557629 [TCP segment of a reassembled PDU]"
"38234","33.777504966","192.168.1.2","192.168.1.55","TCP","66","36238  >  8004 [ACK] Seq=141 Ack=333230 Win=110592 Len=0 TSval=3045557631 TSecr=2916037850"
"38235","33.777525096","192.168.1.55","192.168.1.2","TCP","1514","8004  >  36238 [ACK] Seq=381014 Ack=141 Win=65024 Len=1448 TSval=2916037858 TSecr=3045557631 [TCP segment of a reassembled PDU]"
"38236","33.777527299","192.168.1.55","192.168.1.2","TCP","1514","8004  >  36238 [ACK] Seq=382462 Ack=141 Win=65024 Len=1448 TSval=2916037858 TSecr=3045557631 [TCP segment of a reassembled PDU]"
"38237","33.777528614","192.168.1.55","192.168.1.2","TCP","1514","8004  >  36238 [ACK] Seq=383910 Ack=141 Win=65024 Len=1448 TSval=2916037858 TSecr=3045557631 [TCP segment of a reassembled PDU]"
"38238","33.777530429","192.168.1.55","192.168.1.2","TCP","1514","8004  >  36238 [ACK] Seq=385358 Ack=141 Win=65024 Len=1448 TSval=2916037858 TSecr=3045557631 [TCP segment of a reassembled PDU]"
"38239","33.777532151","192.168.1.55","192.168.1.2","TCP","1514","8004  >  36238 [ACK] Seq=386806 Ack=141 Win=65024 Len=1448 TSval=2916037858 TSecr=3045557631 [TCP segment of a reassembled PDU]"
"38240","33.777533540","192.168.1.55","192.168.1.2","TCP","1514","8004  >  36238 [ACK] Seq=388254 Ack=141 Win=65024 Len=1448 TSval=2916037858 TSecr=3045557631 [TCP segment of a reassembled PDU]"
"38241","33.777534837","192.168.1.55","192.168.1.2","TCP","1514","8004  >  36238 [ACK] Seq=389702 Ack=141 Win=65024 Len=1448 TSval=2916037858 TSecr=3045557631 [TCP segment of a reassembled PDU]"
"38242","33.777536188","192.168.1.55","192.168.1.2","TCP","1514","8004  >  36238 [ACK] Seq=391150 Ack=141 Win=65024 Len=1448 TSval=2916037858 TSecr=3045557631 [TCP segment of a reassembled PDU]"
"38243","33.777537855","192.168.1.55","192.168.1.2","TCP","1514","8004  >  36238 [ACK] Seq=392598 Ack=141 Win=65024 Len=1448 TSval=2916037858 TSecr=3045557631 [TCP segment of a reassembled PDU]"
"38244","33.777539170","192.168.1.55","192.168.1.2","TCP","1514","8004  >  36238 [ACK] Seq=394046 Ack=141 Win=65024 Len=1448 TSval=2916037858 TSecr=3045557631 [TCP segment of a reassembled PDU]"
"38245","33.777540485","192.168.1.55","192.168.1.2","TCP","1514","8004  >  36238 [ACK] Seq=395494 Ack=141 Win=65024 Len=1448 TSval=2916037858 TSecr=3045557631 [TCP segment of a reassembled PDU]"
"38246","33.777541911","192.168.1.55","192.168.1.2","TCP","1514","8004  >  36238 [PSH, ACK] Seq=396942 Ack=141 Win=65024 Len=1448 TSval=2916037858 TSecr=3045557631 [TCP segment of a reassembled PDU]"
"38247","33.779749636","192.168.1.2","192.168.1.55","TCP","66","36238  >  8004 [ACK] Seq=141 Ack=336126 Win=116736 Len=0 TSval=3045557633 TSecr=2916037851"
"38248","33.779759062","192.168.1.55","192.168.1.2","TCP","1514","8004  >  36238 [ACK] Seq=398390 Ack=141 Win=65024 Len=1448 TSval=2916037860 TSecr=3045557633 [TCP segment of a reassembled PDU]"
"38249","33.779761303","192.168.1.55","192.168.1.2","TCP","1514","8004  >  36238 [PSH, ACK] Seq=399838 Ack=141 Win=65024 Len=1448 TSval=2916037860 TSecr=3045557633 [TCP segment of a reassembled PDU]"
"38250","33.779941618","192.168.1.2","192.168.1.55","TCP","66","36238  >  8004 [ACK] Seq=141 Ack=359294 Win=94208 Len=0 TSval=3045557633 TSecr=2916037854"
"38251","33.779960748","192.168.1.55","192.168.1.2","TCP","1514","8004  >  36238 [ACK] Seq=401286 Ack=141 Win=65024 Len=1448 TSval=2916037860 TSecr=3045557633 [TCP segment of a reassembled PDU]"
"38252","33.779963118","192.168.1.55","192.168.1.2","TCP","1514","8004  >  36238 [ACK] Seq=402734 Ack=141 Win=65024 Len=1448 TSval=2916037860 TSecr=3045557633 [TCP segment of a reassembled PDU]"
"38253","33.779964655","192.168.1.55","192.168.1.2","TCP","1514","8004  >  36238 [ACK] Seq=404182 Ack=141 Win=65024 Len=1448 TSval=2916037860 TSecr=3045557633 [TCP segment of a reassembled PDU]"
"38254","33.779965970","192.168.1.55","192.168.1.2","TCP","1514","8004  >  36238 [ACK] Seq=405630 Ack=141 Win=65024 Len=1448 TSval=2916037860 TSecr=3045557633 [TCP segment of a reassembled PDU]"
"38255","33.779967452","192.168.1.55","192.168.1.2","TCP","1514","8004  >  36238 [ACK] Seq=407078 Ack=141 Win=65024 Len=1448 TSval=2916037860 TSecr=3045557633 [TCP segment of a reassembled PDU]"
"38256","33.779968877","192.168.1.55","192.168.1.2","TCP","1514","8004  >  36238 [ACK] Seq=408526 Ack=141 Win=65024 Len=1448 TSval=2916037860 TSecr=3045557633 [TCP segment of a reassembled PDU]"
"38257","33.779970174","192.168.1.55","192.168.1.2","TCP","1514","8004  >  36238 [ACK] Seq=409974 Ack=141 Win=65024 Len=1448 TSval=2916037860 TSecr=3045557633 [TCP segment of a reassembled PDU]"
"38258","33.779971507","192.168.1.55","192.168.1.2","TCP","1514","8004  >  36238 [ACK] Seq=411422 Ack=141 Win=65024 Len=1448 TSval=2916037860 TSecr=3045557633 [TCP segment of a reassembled PDU]"
"38259","33.779972840","192.168.1.55","192.168.1.2","TCP","1514","8004  >  36238 [ACK] Seq=412870 Ack=141 Win=65024 Len=1448 TSval=2916037860 TSecr=3045557633 [TCP segment of a reassembled PDU]"
"38260","33.779974266","192.168.1.55","192.168.1.2","TCP","1514","8004  >  36238 [ACK] Seq=414318 Ack=141 Win=65024 Len=1448 TSval=2916037860 TSecr=3045557633 [TCP segment of a reassembled PDU]"
"38261","33.779975544","192.168.1.55","192.168.1.2","TCP","1514","8004  >  36238 [ACK] Seq=415766 Ack=141 Win=65024 Len=1448 TSval=2916037860 TSecr=3045557633 [TCP segment of a reassembled PDU]"
"38262","33.779976933","192.168.1.55","192.168.1.2","TCP","1514","8004  >  36238 [ACK] Seq=417214 Ack=141 Win=65024 Len=1448 TSval=2916037860 TSecr=3045557633 [TCP segment of a reassembled PDU]"
"38263","33.779978396","192.168.1.55","192.168.1.2","TCP","1514","8004  >  36238 [ACK] Seq=418662 Ack=141 Win=65024 Len=1448 TSval=2916037860 TSecr=3045557633 [TCP segment of a reassembled PDU]"
"38264","33.779979692","192.168.1.55","192.168.1.2","TCP","1514","8004  >  36238 [ACK] Seq=420110 Ack=141 Win=65024 Len=1448 TSval=2916037860 TSecr=3045557633 [TCP segment of a reassembled PDU]"
"38265","33.779981174","192.168.1.55","192.168.1.2","TCP","1514","8004  >  36238 [ACK] Seq=421558 Ack=141 Win=65024 Len=1448 TSval=2916037860 TSecr=3045557633 [TCP segment of a reassembled PDU]"
"38266","33.779982470","192.168.1.55","192.168.1.2","TCP","1514","8004  >  36238 [ACK] Seq=423006 Ack=141 Win=65024 Len=1448 TSval=2916037860 TSecr=3045557633 [TCP segment of a reassembled PDU]"
"38267","33.779983803","192.168.1.55","192.168.1.2","TCP","1514","8004  >  36238 [PSH, ACK] Seq=424454 Ack=141 Win=65024 Len=1448 TSval=2916037860 TSecr=3045557633 [TCP segment of a reassembled PDU]"
"38268","33.783379050","192.168.1.2","192.168.1.55","TCP","66","36238  >  8004 [ACK] Seq=141 Ack=367982 Win=111616 Len=0 TSval=3045557636 TSecr=2916037854"
"38269","33.783396587","192.168.1.55","192.168.1.2","TCP","1514","8004  >  36238 [ACK] Seq=425902 Ack=141 Win=65024 Len=1448 TSval=2916037864 TSecr=3045557636 [TCP segment of a reassembled PDU]"
"38270","33.783399013","192.168.1.55","192.168.1.2","TCP","1514","8004  >  36238 [ACK] Seq=427350 Ack=141 Win=65024 Len=1448 TSval=2916037864 TSecr=3045557636 [TCP segment of a reassembled PDU]"
"38271","33.783400438","192.168.1.55","192.168.1.2","TCP","1514","8004  >  36238 [ACK] Seq=428798 Ack=141 Win=65024 Len=1448 TSval=2916037864 TSecr=3045557636 [TCP segment of a reassembled PDU]"
"38272","33.783401716","192.168.1.55","192.168.1.2","TCP","1514","8004  >  36238 [ACK] Seq=430246 Ack=141 Win=65024 Len=1448 TSval=2916037864 TSecr=3045557636 [TCP segment of a reassembled PDU]"
"38273","33.783402976","192.168.1.55","192.168.1.2","TCP","1514","8004  >  36238 [ACK] Seq=431694 Ack=141 Win=65024 Len=1448 TSval=2916037864 TSecr=3045557636 [TCP segment of a reassembled PDU]"
"38274","33.783404327","192.168.1.55","192.168.1.2","TCP","1514","8004  >  36238 [PSH, ACK] Seq=433142 Ack=141 Win=65024 Len=1448 TSval=2916037864 TSecr=3045557636 [TCP segment of a reassembled PDU]"
"38275","33.783757013","192.168.1.2","192.168.1.55","TCP","66","36238  >  8004 [ACK] Seq=141 Ack=379566 Win=101376 Len=0 TSval=3045557636 TSecr=2916037856"
"38276","33.783764254","192.168.1.2","192.168.1.55","TCP","66","36238  >  8004 [ACK] Seq=141 Ack=391150 Win=90112 Len=0 TSval=3045557636 TSecr=2916037856"
"38277","33.783784809","192.168.1.55","192.168.1.2","TCP","1514","8004  >  36238 [ACK] Seq=434590 Ack=141 Win=65024 Len=1448 TSval=2916037864 TSecr=3045557636 [TCP segment of a reassembled PDU]"
"38278","33.783786717","192.168.1.55","192.168.1.2","TCP","1514","8004  >  36238 [ACK] Seq=436038 Ack=141 Win=65024 Len=1448 TSval=2916037864 TSecr=3045557636 [TCP segment of a reassembled PDU]"
"38279","33.783788439","192.168.1.55","192.168.1.2","TCP","1514","8004  >  36238 [ACK] Seq=437486 Ack=141 Win=65024 Len=1448 TSval=2916037864 TSecr=3045557636 [TCP segment of a reassembled PDU]"
"38280","33.783789717","192.168.1.55","192.168.1.2","TCP","1514","8004  >  36238 [ACK] Seq=438934 Ack=141 Win=65024 Len=1448 TSval=2916037864 TSecr=3045557636 [TCP segment of a reassembled PDU]"
"38281","33.783791143","192.168.1.55","192.168.1.2","TCP","1514","8004  >  36238 [ACK] Seq=440382 Ack=141 Win=65024 Len=1448 TSval=2916037864 TSecr=3045557636 [TCP segment of a reassembled PDU]"
"38282","33.783792532","192.168.1.55","192.168.1.2","TCP","1514","8004  >  36238 [ACK] Seq=441830 Ack=141 Win=65024 Len=1448 TSval=2916037864 TSecr=3045557636 [TCP segment of a reassembled PDU]"
"38283","33.783793939","192.168.1.55","192.168.1.2","TCP","1514","8004  >  36238 [ACK] Seq=443278 Ack=141 Win=65024 Len=1448 TSval=2916037864 TSecr=3045557636 [TCP segment of a reassembled PDU]"
"38284","33.783795235","192.168.1.55","192.168.1.2","TCP","1514","8004  >  36238 [ACK] Seq=444726 Ack=141 Win=65024 Len=1448 TSval=2916037864 TSecr=3045557636 [TCP segment of a reassembled PDU]"
"38285","33.783796532","192.168.1.55","192.168.1.2","TCP","1514","8004  >  36238 [ACK] Seq=446174 Ack=141 Win=65024 Len=1448 TSval=2916037864 TSecr=3045557636 [TCP segment of a reassembled PDU]"
"38286","33.783797921","192.168.1.55","192.168.1.2","TCP","1514","8004  >  36238 [ACK] Seq=447622 Ack=141 Win=65024 Len=1448 TSval=2916037864 TSecr=3045557636 [TCP segment of a reassembled PDU]"
"38287","33.783799180","192.168.1.55","192.168.1.2","TCP","1514","8004  >  36238 [ACK] Seq=449070 Ack=141 Win=65024 Len=1448 TSval=2916037864 TSecr=3045557636 [TCP segment of a reassembled PDU]"
"38288","33.783800643","192.168.1.55","192.168.1.2","TCP","1514","8004  >  36238 [ACK] Seq=450518 Ack=141 Win=65024 Len=1448 TSval=2916037864 TSecr=3045557636 [TCP segment of a reassembled PDU]"
"38289","33.783802050","192.168.1.55","192.168.1.2","TCP","1514","8004  >  36238 [ACK] Seq=451966 Ack=141 Win=65024 Len=1448 TSval=2916037864 TSecr=3045557636 [TCP segment of a reassembled PDU]"
"38290","33.783803347","192.168.1.55","192.168.1.2","TCP","1514","8004  >  36238 [ACK] Seq=453414 Ack=141 Win=65024 Len=1448 TSval=2916037864 TSecr=3045557636 [TCP segment of a reassembled PDU]"
"38291","33.783804735","192.168.1.55","192.168.1.2","TCP","1514","8004  >  36238 [ACK] Seq=454862 Ack=141 Win=65024 Len=1448 TSval=2916037864 TSecr=3045557636 [TCP segment of a reassembled PDU]"
"38292","33.783806124","192.168.1.55","192.168.1.2","TCP","1514","8004  >  36238 [ACK] Seq=456310 Ack=141 Win=65024 Len=1448 TSval=2916037864 TSecr=3045557636 [TCP segment of a reassembled PDU]"
"38293","33.783807495","192.168.1.55","192.168.1.2","TCP","1514","8004  >  36238 [PSH, ACK] Seq=457758 Ack=141 Win=65024 Len=1448 TSval=2916037864 TSecr=3045557636 [TCP segment of a reassembled PDU]"
"38294","33.783811847","192.168.1.2","192.168.1.55","TCP","66","36238  >  8004 [ACK] Seq=141 Ack=398390 Win=112640 Len=0 TSval=3045557638 TSecr=2916037858"
"38295","33.783819680","192.168.1.2","192.168.1.55","TCP","66","36238  >  8004 [ACK] Seq=141 Ack=421558 Win=100352 Len=0 TSval=3045557638 TSecr=2916037860"
"38296","33.783876421","192.168.1.2","192.168.1.55","TCP","66","36238  >  8004 [ACK] Seq=141 Ack=423006 Win=118784 Len=0 TSval=3045557639 TSecr=2916037860"
"38297","33.783883254","192.168.1.2","192.168.1.55","TCP","66","36238  >  8004 [ACK] Seq=141 Ack=425902 Win=118784 Len=0 TSval=3045557639 TSecr=2916037860"
"38298","33.784536718","192.168.1.55","192.168.1.2","TCP","1514","8004  >  36238 [ACK] Seq=459206 Ack=141 Win=65024 Len=1448 TSval=2916037865 TSecr=3045557639 [TCP segment of a reassembled PDU]"
"38299","33.784538644","192.168.1.55","192.168.1.2","TCP","1514","8004  >  36238 [ACK] Seq=460654 Ack=141 Win=65024 Len=1448 TSval=2916037865 TSecr=3045557639 [TCP segment of a reassembled PDU]"
"38300","33.784540274","192.168.1.55","192.168.1.2","TCP","1514","8004  >  36238 [ACK] Seq=462102 Ack=141 Win=65024 Len=1448 TSval=2916037865 TSecr=3045557639 [TCP segment of a reassembled PDU]"
"38301","33.784542088","192.168.1.55","192.168.1.2","TCP","1514","8004  >  36238 [ACK] Seq=463550 Ack=141 Win=65024 Len=1448 TSval=2916037865 TSecr=3045557639 [TCP segment of a reassembled PDU]"
"38302","33.784543792","192.168.1.55","192.168.1.2","TCP","1514","8004  >  36238 [ACK] Seq=464998 Ack=141 Win=65024 Len=1448 TSval=2916037865 TSecr=3045557639 [TCP segment of a reassembled PDU]"
"38303","33.784545292","192.168.1.55","192.168.1.2","TCP","1514","8004  >  36238 [ACK] Seq=466446 Ack=141 Win=65024 Len=1448 TSval=2916037865 TSecr=3045557639 [TCP segment of a reassembled PDU]"
"38304","33.784547014","192.168.1.55","192.168.1.2","TCP","1514","8004  >  36238 [ACK] Seq=467894 Ack=141 Win=65024 Len=1448 TSval=2916037865 TSecr=3045557639 [TCP segment of a reassembled PDU]"
"38305","33.784548477","192.168.1.55","192.168.1.2","TCP","1514","8004  >  36238 [ACK] Seq=469342 Ack=141 Win=65024 Len=1448 TSval=2916037865 TSecr=3045557639 [TCP segment of a reassembled PDU]"
"38306","33.784549755","192.168.1.55","192.168.1.2","TCP","1514","8004  >  36238 [ACK] Seq=470790 Ack=141 Win=65024 Len=1448 TSval=2916037865 TSecr=3045557639 [TCP segment of a reassembled PDU]"
"38307","33.784551051","192.168.1.55","192.168.1.2","TCP","1514","8004  >  36238 [ACK] Seq=472238 Ack=141 Win=65024 Len=1448 TSval=2916037865 TSecr=3045557639 [TCP segment of a reassembled PDU]"
"38308","33.784552329","192.168.1.55","192.168.1.2","TCP","1514","8004  >  36238 [ACK] Seq=473686 Ack=141 Win=65024 Len=1448 TSval=2916037865 TSecr=3045557639 [TCP segment of a reassembled PDU]"
"38309","33.784553737","192.168.1.55","192.168.1.2","TCP","1514","8004  >  36238 [ACK] Seq=475134 Ack=141 Win=65024 Len=1448 TSval=2916037865 TSecr=3045557639 [TCP segment of a reassembled PDU]"
"38310","33.784555107","192.168.1.55","192.168.1.2","TCP","1514","8004  >  36238 [PSH, ACK] Seq=476582 Ack=141 Win=65024 Len=1448 TSval=2916037865 TSecr=3045557639 [TCP segment of a reassembled PDU]"
"38311","33.785057960","192.168.1.55","192.168.1.2","TCP","1514","8004  >  36238 [ACK] Seq=478030 Ack=141 Win=65024 Len=1448 TSval=2916037865 TSecr=3045557639 [TCP segment of a reassembled PDU]"
"38312","33.785060052","192.168.1.55","192.168.1.2","TCP","1514","8004  >  36238 [ACK] Seq=479478 Ack=141 Win=65024 Len=1448 TSval=2916037865 TSecr=3045557639 [TCP segment of a reassembled PDU]"
"38313","33.785061330","192.168.1.55","192.168.1.2","TCP","1514","8004  >  36238 [ACK] Seq=480926 Ack=141 Win=65024 Len=1448 TSval=2916037865 TSecr=3045557639 [TCP segment of a reassembled PDU]"
"38314","33.785062645","192.168.1.55","192.168.1.2","TCP","1514","8004  >  36238 [ACK] Seq=482374 Ack=141 Win=65024 Len=1448 TSval=2916037865 TSecr=3045557639 [TCP segment of a reassembled PDU]"
"38315","33.785064015","192.168.1.55","192.168.1.2","TCP","1514","8004  >  36238 [ACK] Seq=483822 Ack=141 Win=65024 Len=1448 TSval=2916037865 TSecr=3045557639 [TCP segment of a reassembled PDU]"
"38316","33.785065311","192.168.1.55","192.168.1.2","TCP","1514","8004  >  36238 [ACK] Seq=485270 Ack=141 Win=65024 Len=1448 TSval=2916037865 TSecr=3045557639 [TCP segment of a reassembled PDU]"
"38317","33.785066589","192.168.1.55","192.168.1.2","TCP","1514","8004  >  36238 [ACK] Seq=486718 Ack=141 Win=65024 Len=1448 TSval=2916037865 TSecr=3045557639 [TCP segment of a reassembled PDU]"
"38318","33.785067849","192.168.1.55","192.168.1.2","TCP","1514","8004  >  36238 [ACK] Seq=488166 Ack=141 Win=65024 Len=1448 TSval=2916037865 TSecr=3045557639 [TCP segment of a reassembled PDU]"
"38319","33.785069163","192.168.1.55","192.168.1.2","TCP","1514","8004  >  36238 [ACK] Seq=489614 Ack=141 Win=65024 Len=1448 TSval=2916037865 TSecr=3045557639 [TCP segment of a reassembled PDU]"
"38320","33.785070552","192.168.1.55","192.168.1.2","TCP","1514","8004  >  36238 [ACK] Seq=491062 Ack=141 Win=65024 Len=1448 TSval=2916037865 TSecr=3045557639 [TCP segment of a reassembled PDU]"
"38321","33.785071867","192.168.1.55","192.168.1.2","TCP","1514","8004  >  36238 [ACK] Seq=492510 Ack=141 Win=65024 Len=1448 TSval=2916037865 TSecr=3045557639 [TCP segment of a reassembled PDU]"
"38322","33.785073145","192.168.1.55","192.168.1.2","TCP","1514","8004  >  36238 [PSH, ACK] Seq=493958 Ack=141 Win=65024 Len=1448 TSval=2916037865 TSecr=3045557639 [TCP segment of a reassembled PDU]"
"38323","33.790093857","192.168.1.2","192.168.1.55","TCP","66","36238  >  8004 [ACK] Seq=141 Ack=459206 Win=88064 Len=0 TSval=3045557644 TSecr=2916037864"
"38324","33.790108857","192.168.1.55","192.168.1.2","TCP","1514","8004  >  36238 [ACK] Seq=495406 Ack=141 Win=65024 Len=1448 TSval=2916037870 TSecr=3045557644 [TCP segment of a reassembled PDU]"
"38325","33.790111171","192.168.1.55","192.168.1.2","TCP","1514","8004  >  36238 [ACK] Seq=496854 Ack=141 Win=65024 Len=1448 TSval=2916037870 TSecr=3045557644 [TCP segment of a reassembled PDU]"
"38326","33.790112560","192.168.1.55","192.168.1.2","HTTP","1472","HTTP/1.0 200 OK  (PNG)"
"38327","33.790347431","192.168.1.2","192.168.1.55","TCP","66","36238  >  8004 [ACK] Seq=141 Ack=486718 Win=61440 Len=0 TSval=3045557644 TSecr=2916037865"
"38328","33.790355375","192.168.1.2","192.168.1.55","TCP","66","36238  >  8004 [ACK] Seq=141 Ack=491062 Win=115712 Len=0 TSval=3045557645 TSecr=2916037865"
"38329","33.790496153","192.168.1.2","192.168.1.55","TCP","66","36238  >  8004 [ACK] Seq=141 Ack=495406 Win=116736 Len=0 TSval=3045557646 TSecr=2916037865"
"38330","33.792021174","192.168.1.2","192.168.1.55","TCP","66","36238  >  8004 [ACK] Seq=141 Ack=498302 Win=118784 Len=0 TSval=3045557647 TSecr=2916037870"
"38331","33.795244180","192.168.1.2","192.168.1.55","TCP","66","36238  >  8004 [FIN, ACK] Seq=141 Ack=499709 Win=121856 Len=0 TSval=3045557650 TSecr=2916037870"
"38332","33.795255402","192.168.1.55","192.168.1.2","TCP","66","8004  >  36238 [ACK] Seq=499709 Ack=142 Win=65024 Len=0 TSval=2916037875 TSecr=3045557650"
"38333","33.795369939","192.168.1.2","192.168.1.55","TCP","74","36246  >  8004 [SYN] Seq=0 Win=64240 Len=0 MSS=1460 SACK_PERM TSval=3045557650 TSecr=0 WS=1024"
"38334","33.795393698","192.168.1.55","192.168.1.2","TCP","74","8004  >  36246 [SYN, ACK] Seq=0 Ack=1 Win=65160 Len=0 MSS=1460 SACK_PERM TSval=2916037876 TSecr=3045557650 WS=128"
"38335","33.798636648","192.168.1.2","192.168.1.55","TCP","66","36246  >  8004 [ACK] Seq=1 Ack=1 Win=64512 Len=0 TSval=3045557653 TSecr=2916037876"
"38336","33.801849468","192.168.1.2","192.168.1.55","HTTP","209","GET /original_benchmark.png HTTP/1.1 "
"38337","33.801860801","192.168.1.55","192.168.1.2","TCP","66","8004  >  36246 [ACK] Seq=1 Ack=144 Win=65024 Len=0 TSval=2916037882 TSecr=3045557653"
"38338","33.802372061","192.168.1.55","192.168.1.2","TCP","255","8004  >  36246 [PSH, ACK] Seq=1 Ack=144 Win=65024 Len=189 TSval=2916037883 TSecr=3045557653 [TCP segment of a reassembled PDU]"
"38339","33.802463895","192.168.1.55","192.168.1.2","TCP","1514","8004  >  36246 [ACK] Seq=190 Ack=144 Win=65024 Len=1448 TSval=2916037883 TSecr=3045557653 [TCP segment of a reassembled PDU]"
"38340","33.802469469","192.168.1.55","192.168.1.2","TCP","1514","8004  >  36246 [ACK] Seq=1638 Ack=144 Win=65024 Len=1448 TSval=2916037883 TSecr=3045557653 [TCP segment of a reassembled PDU]"
"38341","33.802471061","192.168.1.55","192.168.1.2","TCP","1514","8004  >  36246 [ACK] Seq=3086 Ack=144 Win=65024 Len=1448 TSval=2916037883 TSecr=3045557653 [TCP segment of a reassembled PDU]"
"38342","33.802472691","192.168.1.55","192.168.1.2","TCP","1514","8004  >  36246 [ACK] Seq=4534 Ack=144 Win=65024 Len=1448 TSval=2916037883 TSecr=3045557653 [TCP segment of a reassembled PDU]"
"38343","33.802474599","192.168.1.55","192.168.1.2","TCP","1514","8004  >  36246 [PSH, ACK] Seq=5982 Ack=144 Win=65024 Len=1448 TSval=2916037883 TSecr=3045557653 [TCP segment of a reassembled PDU]"
"38344","33.802492858","192.168.1.55","192.168.1.2","TCP","1514","8004  >  36246 [ACK] Seq=7430 Ack=144 Win=65024 Len=1448 TSval=2916037883 TSecr=3045557653 [TCP segment of a reassembled PDU]"
"38345","33.802495339","192.168.1.55","192.168.1.2","TCP","1514","8004  >  36246 [ACK] Seq=8878 Ack=144 Win=65024 Len=1448 TSval=2916037883 TSecr=3045557653 [TCP segment of a reassembled PDU]"
"38346","33.802496747","192.168.1.55","192.168.1.2","TCP","1514","8004  >  36246 [ACK] Seq=10326 Ack=144 Win=65024 Len=1448 TSval=2916037883 TSecr=3045557653 [TCP segment of a reassembled PDU]"
"38347","33.802498191","192.168.1.55","192.168.1.2","TCP","1514","8004  >  36246 [PSH, ACK] Seq=11774 Ack=144 Win=65024 Len=1448 TSval=2916037883 TSecr=3045557653 [TCP segment of a reassembled PDU]"
"38348","33.808411589","192.168.1.2","192.168.1.55","TCP","66","36246  >  8004 [ACK] Seq=144 Ack=190 Win=64512 Len=0 TSval=3045557660 TSecr=2916037883"
"38349","33.808455886","192.168.1.55","192.168.1.2","TCP","1514","8004  >  36246 [ACK] Seq=13222 Ack=144 Win=65024 Len=1448 TSval=2916037889 TSecr=3045557660 [TCP segment of a reassembled PDU]"
"38350","33.808462034","192.168.1.55","192.168.1.2","TCP","1514","8004  >  36246 [PSH, ACK] Seq=14670 Ack=144 Win=65024 Len=1448 TSval=2916037889 TSecr=3045557660 [TCP segment of a reassembled PDU]"
"38351","33.808537608","192.168.1.2","192.168.1.55","TCP","66","36246  >  8004 [ACK] Seq=144 Ack=5982 Win=76800 Len=0 TSval=3045557660 TSecr=2916037883"
"38352","33.808556997","192.168.1.55","192.168.1.2","TCP","1514","8004  >  36246 [ACK] Seq=16118 Ack=144 Win=65024 Len=1448 TSval=2916037889 TSecr=3045557660 [TCP segment of a reassembled PDU]"
"38353","33.808558849","192.168.1.55","192.168.1.2","TCP","1514","8004  >  36246 [ACK] Seq=17566 Ack=144 Win=65024 Len=1448 TSval=2916037889 TSecr=3045557660 [TCP segment of a reassembled PDU]"
"38354","33.808560275","192.168.1.55","192.168.1.2","TCP","1514","8004  >  36246 [ACK] Seq=19014 Ack=144 Win=65024 Len=1448 TSval=2916037889 TSecr=3045557660 [TCP segment of a reassembled PDU]"
"38355","33.808561979","192.168.1.55","192.168.1.2","TCP","1514","8004  >  36246 [ACK] Seq=20462 Ack=144 Win=65024 Len=1448 TSval=2916037889 TSecr=3045557660 [TCP segment of a reassembled PDU]"
"38356","33.808563164","192.168.1.55","192.168.1.2","TCP","1514","8004  >  36246 [ACK] Seq=21910 Ack=144 Win=65024 Len=1448 TSval=2916037889 TSecr=3045557660 [TCP segment of a reassembled PDU]"
"38357","33.808564534","192.168.1.55","192.168.1.2","TCP","1514","8004  >  36246 [ACK] Seq=23358 Ack=144 Win=65024 Len=1448 TSval=2916037889 TSecr=3045557660 [TCP segment of a reassembled PDU]"
"38358","33.808565775","192.168.1.55","192.168.1.2","TCP","1514","8004  >  36246 [PSH, ACK] Seq=24806 Ack=144 Win=65024 Len=1448 TSval=2916037889 TSecr=3045557660 [TCP segment of a reassembled PDU]"
"38359","33.808570590","192.168.1.2","192.168.1.55","TCP","66","36246  >  8004 [ACK] Seq=144 Ack=7430 Win=79872 Len=0 TSval=3045557661 TSecr=2916037883"
"38360","33.808576442","192.168.1.2","192.168.1.55","TCP","66","36246  >  8004 [ACK] Seq=144 Ack=13222 Win=80896 Len=0 TSval=3045557661 TSecr=2916037883"
"38361","33.808599830","192.168.1.55","192.168.1.2","TCP","1514","8004  >  36246 [ACK] Seq=26254 Ack=144 Win=65024 Len=1448 TSval=2916037889 TSecr=3045557661 [TCP segment of a reassembled PDU]"
"38362","33.808601219","192.168.1.55","192.168.1.2","TCP","1514","8004  >  36246 [ACK] Seq=27702 Ack=144 Win=65024 Len=1448 TSval=2916037889 TSecr=3045557661 [TCP segment of a reassembled PDU]"
"38363","33.808602386","192.168.1.55","192.168.1.2","TCP","1514","8004  >  36246 [ACK] Seq=29150 Ack=144 Win=65024 Len=1448 TSval=2916037889 TSecr=3045557661 [TCP segment of a reassembled PDU]"
"38364","33.808603645","192.168.1.55","192.168.1.2","TCP","1514","8004  >  36246 [ACK] Seq=30598 Ack=144 Win=65024 Len=1448 TSval=2916037889 TSecr=3045557661 [TCP segment of a reassembled PDU]"
"38365","33.808604923","192.168.1.55","192.168.1.2","TCP","1514","8004  >  36246 [ACK] Seq=32046 Ack=144 Win=65024 Len=1448 TSval=2916037889 TSecr=3045557661 [TCP segment of a reassembled PDU]"
"38366","33.808606405","192.168.1.55","192.168.1.2","TCP","1514","8004  >  36246 [ACK] Seq=33494 Ack=144 Win=65024 Len=1448 TSval=2916037889 TSecr=3045557661 [TCP segment of a reassembled PDU]"
"38367","33.808607793","192.168.1.55","192.168.1.2","TCP","1514","8004  >  36246 [ACK] Seq=34942 Ack=144 Win=65024 Len=1448 TSval=2916037889 TSecr=3045557661 [TCP segment of a reassembled PDU]"
"38368","33.808609016","192.168.1.55","192.168.1.2","TCP","1514","8004  >  36246 [ACK] Seq=36390 Ack=144 Win=65024 Len=1448 TSval=2916037889 TSecr=3045557661 [TCP segment of a reassembled PDU]"
"38369","33.808610275","192.168.1.55","192.168.1.2","TCP","1514","8004  >  36246 [ACK] Seq=37838 Ack=144 Win=65024 Len=1448 TSval=2916037889 TSecr=3045557661 [TCP segment of a reassembled PDU]"
"38370","33.808611553","192.168.1.55","192.168.1.2","TCP","1514","8004  >  36246 [PSH, ACK] Seq=39286 Ack=144 Win=65024 Len=1448 TSval=2916037889 TSecr=3045557661 [TCP segment of a reassembled PDU]"
"38371","33.809366424","192.168.1.55","192.168.1.2","TCP","1514","8004  >  36246 [ACK] Seq=40734 Ack=144 Win=65024 Len=1448 TSval=2916037890 TSecr=3045557661 [TCP segment of a reassembled PDU]"
"38372","33.813344320","192.168.1.2","192.168.1.55","TCP","66","36246  >  8004 [ACK] Seq=144 Ack=16118 Win=87040 Len=0 TSval=3045557667 TSecr=2916037889"
"38373","33.813391320","192.168.1.55","192.168.1.2","TCP","1514","8004  >  36246 [ACK] Seq=42182 Ack=144 Win=65024 Len=1448 TSval=2916037894 TSecr=3045557667 [TCP segment of a reassembled PDU]"
"38374","33.813398412","192.168.1.55","192.168.1.2","TCP","1514","8004  >  36246 [PSH, ACK] Seq=43630 Ack=144 Win=65024 Len=1448 TSval=2916037894 TSecr=3045557667 [TCP segment of a reassembled PDU]"
"38375","33.813470505","192.168.1.2","192.168.1.55","TCP","66","36246  >  8004 [ACK] Seq=144 Ack=26254 Win=86016 Len=0 TSval=3045557667 TSecr=2916037889"
"38376","33.813498968","192.168.1.55","192.168.1.2","TCP","1514","8004  >  36246 [ACK] Seq=45078 Ack=144 Win=65024 Len=1448 TSval=2916037894 TSecr=3045557667 [TCP segment of a reassembled PDU]"
"38377","33.813501431","192.168.1.55","192.168.1.2","TCP","1514","8004  >  36246 [ACK] Seq=46526 Ack=144 Win=65024 Len=1448 TSval=2916037894 TSecr=3045557667 [TCP segment of a reassembled PDU]"
"38378","33.813503653","192.168.1.55","192.168.1.2","TCP","1514","8004  >  36246 [ACK] Seq=47974 Ack=144 Win=65024 Len=1448 TSval=2916037894 TSecr=3045557667 [TCP segment of a reassembled PDU]"
"38379","33.813505079","192.168.1.55","192.168.1.2","TCP","1514","8004  >  36246 [ACK] Seq=49422 Ack=144 Win=65024 Len=1448 TSval=2916037894 TSecr=3045557667 [TCP segment of a reassembled PDU]"
"38380","33.813506246","192.168.1.55","192.168.1.2","TCP","1514","8004  >  36246 [ACK] Seq=50870 Ack=144 Win=65024 Len=1448 TSval=2916037894 TSecr=3045557667 [TCP segment of a reassembled PDU]"
"38381","33.813507635","192.168.1.55","192.168.1.2","TCP","1514","8004  >  36246 [ACK] Seq=52318 Ack=144 Win=65024 Len=1448 TSval=2916037894 TSecr=3045557667 [TCP segment of a reassembled PDU]"
"38382","33.813509005","192.168.1.55","192.168.1.2","TCP","1514","8004  >  36246 [ACK] Seq=53766 Ack=144 Win=65024 Len=1448 TSval=2916037894 TSecr=3045557667 [TCP segment of a reassembled PDU]"
"38383","33.813510394","192.168.1.55","192.168.1.2","TCP","1514","8004  >  36246 [ACK] Seq=55214 Ack=144 Win=65024 Len=1448 TSval=2916037894 TSecr=3045557667 [TCP segment of a reassembled PDU]"
"38384","33.813512375","192.168.1.55","192.168.1.2","TCP","1514","8004  >  36246 [ACK] Seq=56662 Ack=144 Win=65024 Len=1448 TSval=2916037894 TSecr=3045557667 [TCP segment of a reassembled PDU]"
"38385","33.813514079","192.168.1.55","192.168.1.2","TCP","1514","8004  >  36246 [ACK] Seq=58110 Ack=144 Win=65024 Len=1448 TSval=2916037894 TSecr=3045557667 [TCP segment of a reassembled PDU]"
"38386","33.813516005","192.168.1.55","192.168.1.2","TCP","1514","8004  >  36246 [ACK] Seq=59558 Ack=144 Win=65024 Len=1448 TSval=2916037894 TSecr=3045557667 [TCP segment of a reassembled PDU]"
"38387","33.813517616","192.168.1.55","192.168.1.2","TCP","1514","8004  >  36246 [ACK] Seq=61006 Ack=144 Win=65024 Len=1448 TSval=2916037894 TSecr=3045557667 [TCP segment of a reassembled PDU]"
"38388","33.813518783","192.168.1.55","192.168.1.2","TCP","1514","8004  >  36246 [ACK] Seq=62454 Ack=144 Win=65024 Len=1448 TSval=2916037894 TSecr=3045557667 [TCP segment of a reassembled PDU]"
"38389","33.813519968","192.168.1.55","192.168.1.2","TCP","1514","8004  >  36246 [PSH, ACK] Seq=63902 Ack=144 Win=65024 Len=1448 TSval=2916037894 TSecr=3045557667 [TCP segment of a reassembled PDU]"
"38390","33.813525486","192.168.1.2","192.168.1.55","TCP","66","36246  >  8004 [ACK] Seq=144 Ack=36390 Win=76800 Len=0 TSval=3045557668 TSecr=2916037889"
"38391","33.813546746","192.168.1.55","192.168.1.2","TCP","1514","8004  >  36246 [ACK] Seq=65350 Ack=144 Win=65024 Len=1448 TSval=2916037894 TSecr=3045557668 [TCP segment of a reassembled PDU]"
"38392","33.813557857","192.168.1.55","192.168.1.2","TCP","1514","8004  >  36246 [ACK] Seq=66798 Ack=144 Win=65024 Len=1448 TSval=2916037894 TSecr=3045557668 [TCP segment of a reassembled PDU]"
"38393","33.813560264","192.168.1.55","192.168.1.2","TCP","1514","8004  >  36246 [ACK] Seq=68246 Ack=144 Win=65024 Len=1448 TSval=2916037894 TSecr=3045557668 [TCP segment of a reassembled PDU]"
"38394","33.813562801","192.168.1.55","192.168.1.2","TCP","1514","8004  >  36246 [ACK] Seq=69694 Ack=144 Win=65024 Len=1448 TSval=2916037894 TSecr=3045557668 [TCP segment of a reassembled PDU]"
"38395","33.813564635","192.168.1.55","192.168.1.2","TCP","1514","8004  >  36246 [ACK] Seq=71142 Ack=144 Win=65024 Len=1448 TSval=2916037894 TSecr=3045557668 [TCP segment of a reassembled PDU]"
"38396","33.813566690","192.168.1.55","192.168.1.2","TCP","1514","8004  >  36246 [ACK] Seq=72590 Ack=144 Win=65024 Len=1448 TSval=2916037894 TSecr=3045557668 [TCP segment of a reassembled PDU]"
"38397","33.813568190","192.168.1.55","192.168.1.2","TCP","1514","8004  >  36246 [ACK] Seq=74038 Ack=144 Win=65024 Len=1448 TSval=2916037894 TSecr=3045557668 [TCP segment of a reassembled PDU]"
"38398","33.813569394","192.168.1.55","192.168.1.2","TCP","1514","8004  >  36246 [PSH, ACK] Seq=75486 Ack=144 Win=65024 Len=1448 TSval=2916037894 TSecr=3045557668 [TCP segment of a reassembled PDU]"
"38399","33.813574820","192.168.1.2","192.168.1.55","TCP","66","36246  >  8004 [ACK] Seq=144 Ack=40734 Win=91136 Len=0 TSval=3045557668 TSecr=2916037889"
"38400","33.814617729","192.168.1.55","192.168.1.2","TCP","1514","8004  >  36246 [ACK] Seq=76934 Ack=144 Win=65024 Len=1448 TSval=2916037895 TSecr=3045557668 [TCP segment of a reassembled PDU]"
"38401","33.814632840","192.168.1.55","192.168.1.2","TCP","1514","8004  >  36246 [ACK] Seq=78382 Ack=144 Win=65024 Len=1448 TSval=2916037895 TSecr=3045557668 [TCP segment of a reassembled PDU]"
"38402","33.814634562","192.168.1.55","192.168.1.2","TCP","1514","8004  >  36246 [ACK] Seq=79830 Ack=144 Win=65024 Len=1448 TSval=2916037895 TSecr=3045557668 [TCP segment of a reassembled PDU]"
"38403","33.814636859","192.168.1.55","192.168.1.2","TCP","1514","8004  >  36246 [ACK] Seq=81278 Ack=144 Win=65024 Len=1448 TSval=2916037895 TSecr=3045557668 [TCP segment of a reassembled PDU]"
"38404","33.814638266","192.168.1.55","192.168.1.2","TCP","1514","8004  >  36246 [ACK] Seq=82726 Ack=144 Win=65024 Len=1448 TSval=2916037895 TSecr=3045557668 [TCP segment of a reassembled PDU]"
"38405","33.814641396","192.168.1.55","192.168.1.2","TCP","1514","8004  >  36246 [ACK] Seq=84174 Ack=144 Win=65024 Len=1448 TSval=2916037895 TSecr=3045557668 [TCP segment of a reassembled PDU]"
"38406","33.814644359","192.168.1.55","192.168.1.2","TCP","1514","8004  >  36246 [ACK] Seq=85622 Ack=144 Win=65024 Len=1448 TSval=2916037895 TSecr=3045557668 [TCP segment of a reassembled PDU]"
"38407","33.814646118","192.168.1.55","192.168.1.2","TCP","1514","8004  >  36246 [ACK] Seq=87070 Ack=144 Win=65024 Len=1448 TSval=2916037895 TSecr=3045557668 [TCP segment of a reassembled PDU]"
"38408","33.814648044","192.168.1.55","192.168.1.2","TCP","1514","8004  >  36246 [ACK] Seq=88518 Ack=144 Win=65024 Len=1448 TSval=2916037895 TSecr=3045557668 [TCP segment of a reassembled PDU]"
"38409","33.814649562","192.168.1.55","192.168.1.2","TCP","1514","8004  >  36246 [ACK] Seq=89966 Ack=144 Win=65024 Len=1448 TSval=2916037895 TSecr=3045557668 [TCP segment of a reassembled PDU]"
"38410","33.814652525","192.168.1.55","192.168.1.2","TCP","1514","8004  >  36246 [ACK] Seq=91414 Ack=144 Win=65024 Len=1448 TSval=2916037895 TSecr=3045557668 [TCP segment of a reassembled PDU]"
"38411","33.814654970","192.168.1.55","192.168.1.2","TCP","1514","8004  >  36246 [ACK] Seq=92862 Ack=144 Win=65024 Len=1448 TSval=2916037895 TSecr=3045557668 [TCP segment of a reassembled PDU]"
"38412","33.814658544","192.168.1.55","192.168.1.2","TCP","1514","8004  >  36246 [ACK] Seq=94310 Ack=144 Win=65024 Len=1448 TSval=2916037895 TSecr=3045557668 [TCP segment of a reassembled PDU]"
"38413","33.814660303","192.168.1.55","192.168.1.2","TCP","1514","8004  >  36246 [PSH, ACK] Seq=95758 Ack=144 Win=65024 Len=1448 TSval=2916037895 TSecr=3045557668 [TCP segment of a reassembled PDU]"
"38414","33.816454417","192.168.1.2","192.168.1.55","TCP","66","36246  >  8004 [ACK] Seq=144 Ack=42182 Win=92160 Len=0 TSval=3045557668 TSecr=2916037890"
"38415","33.816510213","192.168.1.55","192.168.1.2","TCP","1514","8004  >  36246 [ACK] Seq=97206 Ack=144 Win=65024 Len=1448 TSval=2916037897 TSecr=3045557668 [TCP segment of a reassembled PDU]"
"38416","33.816515825","192.168.1.55","192.168.1.2","TCP","1514","8004  >  36246 [PSH, ACK] Seq=98654 Ack=144 Win=65024 Len=1448 TSval=2916037897 TSecr=3045557668 [TCP segment of a reassembled PDU]"
"38417","33.820996147","192.168.1.2","192.168.1.55","TCP","66","36246  >  8004 [ACK] Seq=144 Ack=45078 Win=91136 Len=0 TSval=3045557673 TSecr=2916037894"
"38418","33.821017573","192.168.1.55","192.168.1.2","TCP","1514","8004  >  36246 [ACK] Seq=100102 Ack=144 Win=65024 Len=1448 TSval=2916037901 TSecr=3045557673 [TCP segment of a reassembled PDU]"
"38419","33.821020091","192.168.1.55","192.168.1.2","TCP","1514","8004  >  36246 [ACK] Seq=101550 Ack=144 Win=65024 Len=1448 TSval=2916037901 TSecr=3045557673 [TCP segment of a reassembled PDU]"
"38420","33.821021221","192.168.1.55","192.168.1.2","TCP","1514","8004  >  36246 [ACK] Seq=102998 Ack=144 Win=65024 Len=1448 TSval=2916037901 TSecr=3045557673 [TCP segment of a reassembled PDU]"
"38421","33.821022313","192.168.1.55","192.168.1.2","TCP","1514","8004  >  36246 [PSH, ACK] Seq=104446 Ack=144 Win=65024 Len=1448 TSval=2916037901 TSecr=3045557673 [TCP segment of a reassembled PDU]"
"38422","33.821304129","192.168.1.2","192.168.1.55","TCP","66","36246  >  8004 [ACK] Seq=144 Ack=65350 Win=75776 Len=0 TSval=3045557674 TSecr=2916037894"
"38423","33.821317758","192.168.1.55","192.168.1.2","TCP","1514","8004  >  36246 [ACK] Seq=105894 Ack=144 Win=65024 Len=1448 TSval=2916037902 TSecr=3045557674 [TCP segment of a reassembled PDU]"
"38424","33.821319184","192.168.1.55","192.168.1.2","TCP","1514","8004  >  36246 [ACK] Seq=107342 Ack=144 Win=65024 Len=1448 TSval=2916037902 TSecr=3045557674 [TCP segment of a reassembled PDU]"
"38425","33.821320480","192.168.1.55","192.168.1.2","TCP","1514","8004  >  36246 [ACK] Seq=108790 Ack=144 Win=65024 Len=1448 TSval=2916037902 TSecr=3045557674 [TCP segment of a reassembled PDU]"
"38426","33.821321517","192.168.1.55","192.168.1.2","TCP","1514","8004  >  36246 [ACK] Seq=110238 Ack=144 Win=65024 Len=1448 TSval=2916037902 TSecr=3045557674 [TCP segment of a reassembled PDU]"
"38427","33.821322536","192.168.1.55","192.168.1.2","TCP","1514","8004  >  36246 [ACK] Seq=111686 Ack=144 Win=65024 Len=1448 TSval=2916037902 TSecr=3045557674 [TCP segment of a reassembled PDU]"
"38428","33.821323629","192.168.1.55","192.168.1.2","TCP","1514","8004  >  36246 [ACK] Seq=113134 Ack=144 Win=65024 Len=1448 TSval=2916037902 TSecr=3045557674 [TCP segment of a reassembled PDU]"
"38429","33.821324795","192.168.1.55","192.168.1.2","TCP","1514","8004  >  36246 [PSH, ACK] Seq=114582 Ack=144 Win=65024 Len=1448 TSval=2916037902 TSecr=3045557674 [TCP segment of a reassembled PDU]"
"38430","33.821331740","192.168.1.2","192.168.1.55","TCP","66","36246  >  8004 [ACK] Seq=144 Ack=72590 Win=68608 Len=0 TSval=3045557674 TSecr=2916037894"
"38431","33.821361351","192.168.1.55","192.168.1.2","TCP","1514","8004  >  36246 [ACK] Seq=116030 Ack=144 Win=65024 Len=1448 TSval=2916037902 TSecr=3045557674 [TCP segment of a reassembled PDU]"
"38432","33.821363184","192.168.1.55","192.168.1.2","TCP","1514","8004  >  36246 [ACK] Seq=117478 Ack=144 Win=65024 Len=1448 TSval=2916037902 TSecr=3045557674 [TCP segment of a reassembled PDU]"
"38433","33.821364295","192.168.1.55","192.168.1.2","TCP","1514","8004  >  36246 [ACK] Seq=118926 Ack=144 Win=65024 Len=1448 TSval=2916037902 TSecr=3045557674 [TCP segment of a reassembled PDU]"
"38434","33.821365499","192.168.1.55","192.168.1.2","TCP","1514","8004  >  36246 [ACK] Seq=120374 Ack=144 Win=65024 Len=1448 TSval=2916037902 TSecr=3045557674 [TCP segment of a reassembled PDU]"
"38435","33.821366647","192.168.1.55","192.168.1.2","TCP","1514","8004  >  36246 [ACK] Seq=121822 Ack=144 Win=65024 Len=1448 TSval=2916037902 TSecr=3045557674 [TCP segment of a reassembled PDU]"
"38436","33.821367962","192.168.1.55","192.168.1.2","TCP","1514","8004  >  36246 [ACK] Seq=123270 Ack=144 Win=65024 Len=1448 TSval=2916037902 TSecr=3045557674 [TCP segment of a reassembled PDU]"
"38437","33.821369388","192.168.1.55","192.168.1.2","TCP","1514","8004  >  36246 [ACK] Seq=124718 Ack=144 Win=65024 Len=1448 TSval=2916037902 TSecr=3045557674 [TCP segment of a reassembled PDU]"
"38438","33.821370443","192.168.1.55","192.168.1.2","TCP","1514","8004  >  36246 [ACK] Seq=126166 Ack=144 Win=65024 Len=1448 TSval=2916037902 TSecr=3045557674 [TCP segment of a reassembled PDU]"
"38439","33.821371499","192.168.1.55","192.168.1.2","TCP","1514","8004  >  36246 [ACK] Seq=127614 Ack=144 Win=65024 Len=1448 TSval=2916037902 TSecr=3045557674 [TCP segment of a reassembled PDU]"
"38440","33.821372629","192.168.1.55","192.168.1.2","TCP","1514","8004  >  36246 [ACK] Seq=129062 Ack=144 Win=65024 Len=1448 TSval=2916037902 TSecr=3045557674 [TCP segment of a reassembled PDU]"
"38441","33.821373795","192.168.1.55","192.168.1.2","TCP","1514","8004  >  36246 [ACK] Seq=130510 Ack=144 Win=65024 Len=1448 TSval=2916037902 TSecr=3045557674 [TCP segment of a reassembled PDU]"
"38442","33.821374943","192.168.1.55","192.168.1.2","TCP","1514","8004  >  36246 [ACK] Seq=131958 Ack=144 Win=65024 Len=1448 TSval=2916037902 TSecr=3045557674 [TCP segment of a reassembled PDU]"
"38443","33.821375962","192.168.1.55","192.168.1.2","TCP","1514","8004  >  36246 [ACK] Seq=133406 Ack=144 Win=65024 Len=1448 TSval=2916037902 TSecr=3045557674 [TCP segment of a reassembled PDU]"
"38444","33.821377295","192.168.1.55","192.168.1.2","TCP","1514","8004  >  36246 [ACK] Seq=134854 Ack=144 Win=65024 Len=1448 TSval=2916037902 TSecr=3045557674 [TCP segment of a reassembled PDU]"
"38445","33.821378388","192.168.1.55","192.168.1.2","TCP","1514","8004  >  36246 [ACK] Seq=136302 Ack=144 Win=65024 Len=1448 TSval=2916037902 TSecr=3045557674 [TCP segment of a reassembled PDU]"
"38446","33.821379536","192.168.1.55","192.168.1.2","TCP","1514","8004  >  36246 [ACK] Seq=137750 Ack=144 Win=65024 Len=1448 TSval=2916037902 TSecr=3045557674 [TCP segment of a reassembled PDU]"
"38447","33.821380703","192.168.1.55","192.168.1.2","TCP","1514","8004  >  36246 [ACK] Seq=139198 Ack=144 Win=65024 Len=1448 TSval=2916037902 TSecr=3045557674 [TCP segment of a reassembled PDU]"
"38448","33.821381721","192.168.1.55","192.168.1.2","TCP","618","[TCP Window Full] 8004  >  36246 [PSH, ACK] Seq=140646 Ack=144 Win=65024 Len=552 TSval=2916037902 TSecr=3045557674 [TCP segment of a reassembled PDU]"
"38449","33.821385129","192.168.1.2","192.168.1.55","TCP","66","36246  >  8004 [ACK] Seq=144 Ack=76934 Win=64512 Len=0 TSval=3045557674 TSecr=2916037894"
"38450","33.821388592","192.168.1.2","192.168.1.55","TCP","66","36246  >  8004 [ACK] Seq=144 Ack=88518 Win=71680 Len=0 TSval=3045557674 TSecr=2916037895"
"38451","33.821435684","192.168.1.55","192.168.1.2","TCP","1514","8004  >  36246 [ACK] Seq=141198 Ack=144 Win=65024 Len=1448 TSval=2916037902 TSecr=3045557674 [TCP segment of a reassembled PDU]"
"38452","33.821440425","192.168.1.55","192.168.1.2","TCP","1514","8004  >  36246 [ACK] Seq=142646 Ack=144 Win=65024 Len=1448 TSval=2916037902 TSecr=3045557674 [TCP segment of a reassembled PDU]"
"38453","33.821441573","192.168.1.55","192.168.1.2","TCP","1514","8004  >  36246 [ACK] Seq=144094 Ack=144 Win=65024 Len=1448 TSval=2916037902 TSecr=3045557674 [TCP segment of a reassembled PDU]"
"38454","33.821442592","192.168.1.55","192.168.1.2","TCP","1514","8004  >  36246 [ACK] Seq=145542 Ack=144 Win=65024 Len=1448 TSval=2916037902 TSecr=3045557674 [TCP segment of a reassembled PDU]"
"38455","33.821443999","192.168.1.55","192.168.1.2","TCP","1514","8004  >  36246 [ACK] Seq=146990 Ack=144 Win=65024 Len=1448 TSval=2916037902 TSecr=3045557674 [TCP segment of a reassembled PDU]"
"38456","33.821445147","192.168.1.55","192.168.1.2","TCP","1514","8004  >  36246 [ACK] Seq=148438 Ack=144 Win=65024 Len=1448 TSval=2916037902 TSecr=3045557674 [TCP segment of a reassembled PDU]"
"38457","33.821446369","192.168.1.55","192.168.1.2","TCP","1514","8004  >  36246 [ACK] Seq=149886 Ack=144 Win=65024 Len=1448 TSval=2916037902 TSecr=3045557674 [TCP segment of a reassembled PDU]"
"38458","33.821447407","192.168.1.55","192.168.1.2","TCP","1514","8004  >  36246 [ACK] Seq=151334 Ack=144 Win=65024 Len=1448 TSval=2916037902 TSecr=3045557674 [TCP segment of a reassembled PDU]"
"38459","33.821446258","192.168.1.2","192.168.1.55","TCP","66","36246  >  8004 [ACK] Seq=144 Ack=89966 Win=92160 Len=0 TSval=3045557675 TSecr=2916037895"
"38460","33.821448573","192.168.1.55","192.168.1.2","TCP","1514","8004  >  36246 [PSH, ACK] Seq=152782 Ack=144 Win=65024 Len=1448 TSval=2916037902 TSecr=3045557674 [TCP segment of a reassembled PDU]"
"38461","33.821449740","192.168.1.2","192.168.1.55","TCP","66","36246  >  8004 [ACK] Seq=144 Ack=97206 Win=87040 Len=0 TSval=3045557675 TSecr=2916037895"
"38462","33.822595723","192.168.1.55","192.168.1.2","TCP","962","8004  >  36246 [ACK] Seq=154230 Ack=144 Win=65024 Len=896 TSval=2916037903 TSecr=3045557675 [TCP segment of a reassembled PDU]"
"38463","33.822626094","192.168.1.55","192.168.1.2","TCP","1514","8004  >  36246 [ACK] Seq=155126 Ack=144 Win=65024 Len=1448 TSval=2916037903 TSecr=3045557675 [TCP segment of a reassembled PDU]"
"38464","33.822627575","192.168.1.55","192.168.1.2","TCP","1514","8004  >  36246 [ACK] Seq=156574 Ack=144 Win=65024 Len=1448 TSval=2916037903 TSecr=3045557675 [TCP segment of a reassembled PDU]"
"38465","33.822628668","192.168.1.55","192.168.1.2","TCP","1514","8004  >  36246 [ACK] Seq=158022 Ack=144 Win=65024 Len=1448 TSval=2916037903 TSecr=3045557675 [TCP segment of a reassembled PDU]"
"38466","33.822629686","192.168.1.55","192.168.1.2","TCP","1514","8004  >  36246 [ACK] Seq=159470 Ack=144 Win=65024 Len=1448 TSval=2916037903 TSecr=3045557675 [TCP segment of a reassembled PDU]"
"38467","33.822630853","192.168.1.55","192.168.1.2","TCP","1514","8004  >  36246 [ACK] Seq=160918 Ack=144 Win=65024 Len=1448 TSval=2916037903 TSecr=3045557675 [TCP segment of a reassembled PDU]"
"38468","33.822631982","192.168.1.55","192.168.1.2","TCP","1514","8004  >  36246 [ACK] Seq=162366 Ack=144 Win=65024 Len=1448 TSval=2916037903 TSecr=3045557675 [TCP segment of a reassembled PDU]"
"38469","33.822633057","192.168.1.55","192.168.1.2","TCP","1514","8004  >  36246 [ACK] Seq=163814 Ack=144 Win=65024 Len=1448 TSval=2916037903 TSecr=3045557675 [TCP segment of a reassembled PDU]"
"38470","33.822634168","192.168.1.55","192.168.1.2","TCP","1514","8004  >  36246 [ACK] Seq=165262 Ack=144 Win=65024 Len=1448 TSval=2916037903 TSecr=3045557675 [TCP segment of a reassembled PDU]"
"38471","33.822635279","192.168.1.55","192.168.1.2","TCP","1514","8004  >  36246 [ACK] Seq=166710 Ack=144 Win=65024 Len=1448 TSval=2916037903 TSecr=3045557675 [TCP segment of a reassembled PDU]"
"38472","33.822636538","192.168.1.55","192.168.1.2","TCP","1514","8004  >  36246 [ACK] Seq=168158 Ack=144 Win=65024 Len=1448 TSval=2916037903 TSecr=3045557675 [TCP segment of a reassembled PDU]"
"38473","33.822637649","192.168.1.55","192.168.1.2","TCP","1514","8004  >  36246 [ACK] Seq=169606 Ack=144 Win=65024 Len=1448 TSval=2916037903 TSecr=3045557675 [TCP segment of a reassembled PDU]"
"38474","33.822638686","192.168.1.55","192.168.1.2","TCP","1514","8004  >  36246 [ACK] Seq=171054 Ack=144 Win=65024 Len=1448 TSval=2916037903 TSecr=3045557675 [TCP segment of a reassembled PDU]"
"38475","33.822639983","192.168.1.55","192.168.1.2","TCP","1514","8004  >  36246 [ACK] Seq=172502 Ack=144 Win=65024 Len=1448 TSval=2916037903 TSecr=3045557675 [TCP segment of a reassembled PDU]"
"38476","33.822641020","192.168.1.55","192.168.1.2","TCP","1514","8004  >  36246 [ACK] Seq=173950 Ack=144 Win=65024 Len=1448 TSval=2916037903 TSecr=3045557675 [TCP segment of a reassembled PDU]"
"38477","33.822642205","192.168.1.55","192.168.1.2","TCP","1514","8004  >  36246 [ACK] Seq=175398 Ack=144 Win=65024 Len=1448 TSval=2916037903 TSecr=3045557675 [TCP segment of a reassembled PDU]"
"38478","33.822643390","192.168.1.55","192.168.1.2","TCP","1514","8004  >  36246 [ACK] Seq=176846 Ack=144 Win=65024 Len=1448 TSval=2916037903 TSecr=3045557675 [TCP segment of a reassembled PDU]"
"38479","33.822644538","192.168.1.55","192.168.1.2","TCP","1514","8004  >  36246 [ACK] Seq=178294 Ack=144 Win=65024 Len=1448 TSval=2916037903 TSecr=3045557675 [TCP segment of a reassembled PDU]"
"38480","33.822645816","192.168.1.55","192.168.1.2","TCP","1514","8004  >  36246 [ACK] Seq=179742 Ack=144 Win=65024 Len=1448 TSval=2916037903 TSecr=3045557675 [TCP segment of a reassembled PDU]"
"38481","33.822646853","192.168.1.55","192.168.1.2","TCP","1514","8004  >  36246 [ACK] Seq=181190 Ack=144 Win=65024 Len=1448 TSval=2916037903 TSecr=3045557675 [TCP segment of a reassembled PDU]"
"38482","33.822648168","192.168.1.55","192.168.1.2","TCP","1514","8004  >  36246 [PSH, ACK] Seq=182638 Ack=144 Win=65024 Len=1448 TSval=2916037903 TSecr=3045557675 [TCP segment of a reassembled PDU]"
"38483","33.826543637","192.168.1.2","192.168.1.55","TCP","66","36246  >  8004 [ACK] Seq=144 Ack=98654 Win=92160 Len=0 TSval=3045557676 TSecr=2916037897"
"38484","33.826571767","192.168.1.55","192.168.1.2","TCP","1514","8004  >  36246 [ACK] Seq=184086 Ack=144 Win=65024 Len=1448 TSval=2916037907 TSecr=3045557676 [TCP segment of a reassembled PDU]"
"38485","33.826574896","192.168.1.55","192.168.1.2","TCP","1514","8004  >  36246 [ACK] Seq=185534 Ack=144 Win=65024 Len=1448 TSval=2916037907 TSecr=3045557676 [TCP segment of a reassembled PDU]"
"38486","33.826575970","192.168.1.55","192.168.1.2","TCP","1514","8004  >  36246 [ACK] Seq=186982 Ack=144 Win=65024 Len=1448 TSval=2916037907 TSecr=3045557676 [TCP segment of a reassembled PDU]"
"38487","33.826576989","192.168.1.55","192.168.1.2","TCP","1514","8004  >  36246 [PSH, ACK] Seq=188430 Ack=144 Win=65024 Len=1448 TSval=2916037907 TSecr=3045557676 [TCP segment of a reassembled PDU]"
"38488","33.826605711","192.168.1.2","192.168.1.55","TCP","66","36246  >  8004 [ACK] Seq=144 Ack=100102 Win=92160 Len=0 TSval=3045557676 TSecr=2916037897"
"38489","33.828667733","192.168.1.2","192.168.1.55","TCP","66","36246  >  8004 [ACK] Seq=144 Ack=101550 Win=92160 Len=0 TSval=3045557682 TSecr=2916037901"
"38490","33.828679103","192.168.1.55","192.168.1.2","TCP","1514","8004  >  36246 [ACK] Seq=189878 Ack=144 Win=65024 Len=1448 TSval=2916037909 TSecr=3045557682 [TCP segment of a reassembled PDU]"
"38491","33.828680770","192.168.1.55","192.168.1.2","TCP","1514","8004  >  36246 [PSH, ACK] Seq=191326 Ack=144 Win=65024 Len=1448 TSval=2916037909 TSecr=3045557682 [TCP segment of a reassembled PDU]"
"38492","33.828914178","192.168.1.2","192.168.1.55","TCP","66","36246  >  8004 [ACK] Seq=144 Ack=105894 Win=101376 Len=0 TSval=3045557682 TSecr=2916037901"
"38493","33.828923067","192.168.1.55","192.168.1.2","TCP","1514","8004  >  36246 [ACK] Seq=192774 Ack=144 Win=65024 Len=1448 TSval=2916037909 TSecr=3045557682 [TCP segment of a reassembled PDU]"
"38494","33.828924974","192.168.1.55","192.168.1.2","TCP","1514","8004  >  36246 [ACK] Seq=194222 Ack=144 Win=65024 Len=1448 TSval=2916037909 TSecr=3045557682 [TCP segment of a reassembled PDU]"
"38495","33.828925937","192.168.1.55","192.168.1.2","TCP","1514","8004  >  36246 [ACK] Seq=195670 Ack=144 Win=65024 Len=1448 TSval=2916037909 TSecr=3045557682 [TCP segment of a reassembled PDU]"
"38496","33.828926974","192.168.1.55","192.168.1.2","TCP","1514","8004  >  36246 [ACK] Seq=197118 Ack=144 Win=65024 Len=1448 TSval=2916037909 TSecr=3045557682 [TCP segment of a reassembled PDU]"
"38497","33.828927918","192.168.1.55","192.168.1.2","TCP","1514","8004  >  36246 [PSH, ACK] Seq=198566 Ack=144 Win=65024 Len=1448 TSval=2916037909 TSecr=3045557682 [TCP segment of a reassembled PDU]"
"38498","33.828930993","192.168.1.2","192.168.1.55","TCP","66","36246  >  8004 [ACK] Seq=144 Ack=116030 Win=97280 Len=0 TSval=3045557682 TSecr=2916037902"
"38499","33.828935030","192.168.1.2","192.168.1.55","TCP","66","36246  >  8004 [ACK] Seq=144 Ack=141198 Win=72704 Len=0 TSval=3045557682 TSecr=2916037902"
"38500","33.828984030","192.168.1.2","192.168.1.55","TCP","66","36246  >  8004 [ACK] Seq=144 Ack=154230 Win=75776 Len=0 TSval=3045557682 TSecr=2916037902"
"38501","33.829008548","192.168.1.55","192.168.1.2","TCP","1514","8004  >  36246 [ACK] Seq=200014 Ack=144 Win=65024 Len=1448 TSval=2916037909 TSecr=3045557682 [TCP segment of a reassembled PDU]"
"38502","33.829010159","192.168.1.55","192.168.1.2","TCP","1514","8004  >  36246 [ACK] Seq=201462 Ack=144 Win=65024 Len=1448 TSval=2916037909 TSecr=3045557682 [TCP segment of a reassembled PDU]"
"38503","33.829011215","192.168.1.55","192.168.1.2","TCP","1514","8004  >  36246 [ACK] Seq=202910 Ack=144 Win=65024 Len=1448 TSval=2916037909 TSecr=3045557682 [TCP segment of a reassembled PDU]"
"38504","33.829012252","192.168.1.55","192.168.1.2","TCP","1514","8004  >  36246 [ACK] Seq=204358 Ack=144 Win=65024 Len=1448 TSval=2916037909 TSecr=3045557682 [TCP segment of a reassembled PDU]"
"38505","33.829013604","192.168.1.55","192.168.1.2","TCP","1514","8004  >  36246 [ACK] Seq=205806 Ack=144 Win=65024 Len=1448 TSval=2916037909 TSecr=3045557682 [TCP segment of a reassembled PDU]"
"38506","33.829014530","192.168.1.55","192.168.1.2","TCP","1514","8004  >  36246 [ACK] Seq=207254 Ack=144 Win=65024 Len=1448 TSval=2916037909 TSecr=3045557682 [TCP segment of a reassembled PDU]"
"38507","33.829015474","192.168.1.55","192.168.1.2","TCP","1514","8004  >  36246 [ACK] Seq=208702 Ack=144 Win=65024 Len=1448 TSval=2916037909 TSecr=3045557682 [TCP segment of a reassembled PDU]"
"38508","33.829016493","192.168.1.55","192.168.1.2","TCP","1514","8004  >  36246 [ACK] Seq=210150 Ack=144 Win=65024 Len=1448 TSval=2916037909 TSecr=3045557682 [TCP segment of a reassembled PDU]"
"38509","33.829017622","192.168.1.55","192.168.1.2","TCP","1514","8004  >  36246 [ACK] Seq=211598 Ack=144 Win=65024 Len=1448 TSval=2916037909 TSecr=3045557682 [TCP segment of a reassembled PDU]"
"38510","33.829018770","192.168.1.55","192.168.1.2","TCP","1514","8004  >  36246 [ACK] Seq=213046 Ack=144 Win=65024 Len=1448 TSval=2916037909 TSecr=3045557682 [TCP segment of a reassembled PDU]"
"38511","33.829019863","192.168.1.55","192.168.1.2","TCP","1514","8004  >  36246 [ACK] Seq=214494 Ack=144 Win=65024 Len=1448 TSval=2916037909 TSecr=3045557682 [TCP segment of a reassembled PDU]"
"38512","33.829020882","192.168.1.55","192.168.1.2","TCP","1514","8004  >  36246 [ACK] Seq=215942 Ack=144 Win=65024 Len=1448 TSval=2916037909 TSecr=3045557682 [TCP segment of a reassembled PDU]"
"38513","33.829021900","192.168.1.55","192.168.1.2","TCP","1514","8004  >  36246 [ACK] Seq=217390 Ack=144 Win=65024 Len=1448 TSval=2916037909 TSecr=3045557682 [TCP segment of a reassembled PDU]"
"38514","33.829022993","192.168.1.55","192.168.1.2","TCP","1514","8004  >  36246 [ACK] Seq=218838 Ack=144 Win=65024 Len=1448 TSval=2916037909 TSecr=3045557682 [TCP segment of a reassembled PDU]"
"38515","33.829023993","192.168.1.55","192.168.1.2","TCP","1514","8004  >  36246 [ACK] Seq=220286 Ack=144 Win=65024 Len=1448 TSval=2916037909 TSecr=3045557682 [TCP segment of a reassembled PDU]"
"38516","33.829025048","192.168.1.55","192.168.1.2","TCP","1514","8004  >  36246 [ACK] Seq=221734 Ack=144 Win=65024 Len=1448 TSval=2916037909 TSecr=3045557682 [TCP segment of a reassembled PDU]"
"38517","33.829026178","192.168.1.55","192.168.1.2","TCP","1514","8004  >  36246 [ACK] Seq=223182 Ack=144 Win=65024 Len=1448 TSval=2916037909 TSecr=3045557682 [TCP segment of a reassembled PDU]"
"38518","33.829027196","192.168.1.55","192.168.1.2","TCP","1514","8004  >  36246 [ACK] Seq=224630 Ack=144 Win=65024 Len=1448 TSval=2916037909 TSecr=3045557682 [TCP segment of a reassembled PDU]"
"38519","33.829028585","192.168.1.55","192.168.1.2","TCP","1514","8004  >  36246 [ACK] Seq=226078 Ack=144 Win=65024 Len=1448 TSval=2916037909 TSecr=3045557682 [TCP segment of a reassembled PDU]"
"38520","33.829029530","192.168.1.55","192.168.1.2","TCP","1514","8004  >  36246 [PSH, ACK] Seq=227526 Ack=144 Win=65024 Len=1448 TSval=2916037909 TSecr=3045557682 [TCP segment of a reassembled PDU]"
"38521","33.829033437","192.168.1.2","192.168.1.55","TCP","66","36246  >  8004 [ACK] Seq=144 Ack=181190 Win=88064 Len=0 TSval=3045557682 TSecr=2916037903"
"38522","33.829052308","192.168.1.55","192.168.1.2","TCP","1514","8004  >  36246 [ACK] Seq=228974 Ack=144 Win=65024 Len=1448 TSval=2916037909 TSecr=3045557682 [TCP segment of a reassembled PDU]"
"38523","33.829054215","192.168.1.55","192.168.1.2","TCP","1514","8004  >  36246 [ACK] Seq=230422 Ack=144 Win=65024 Len=1448 TSval=2916037909 TSecr=3045557682 [TCP segment of a reassembled PDU]"
"38524","33.829055178","192.168.1.55","192.168.1.2","TCP","1514","8004  >  36246 [ACK] Seq=231870 Ack=144 Win=65024 Len=1448 TSval=2916037909 TSecr=3045557682 [TCP segment of a reassembled PDU]"
"38525","33.829056085","192.168.1.55","192.168.1.2","TCP","1514","8004  >  36246 [ACK] Seq=233318 Ack=144 Win=65024 Len=1448 TSval=2916037909 TSecr=3045557682 [TCP segment of a reassembled PDU]"
"38526","33.829057030","192.168.1.55","192.168.1.2","TCP","1514","8004  >  36246 [ACK] Seq=234766 Ack=144 Win=65024 Len=1448 TSval=2916037909 TSecr=3045557682 [TCP segment of a reassembled PDU]"
"38527","33.829057974","192.168.1.55","192.168.1.2","TCP","1514","8004  >  36246 [ACK] Seq=236214 Ack=144 Win=65024 Len=1448 TSval=2916037909 TSecr=3045557682 [TCP segment of a reassembled PDU]"
"38528","33.829058919","192.168.1.55","192.168.1.2","TCP","1514","8004  >  36246 [ACK] Seq=237662 Ack=144 Win=65024 Len=1448 TSval=2916037909 TSecr=3045557682 [TCP segment of a reassembled PDU]"
"38529","33.829059974","192.168.1.55","192.168.1.2","TCP","1514","8004  >  36246 [ACK] Seq=239110 Ack=144 Win=65024 Len=1448 TSval=2916037909 TSecr=3045557682 [TCP segment of a reassembled PDU]"
"38530","33.829060863","192.168.1.55","192.168.1.2","TCP","1514","8004  >  36246 [ACK] Seq=240558 Ack=144 Win=65024 Len=1448 TSval=2916037909 TSecr=3045557682 [TCP segment of a reassembled PDU]"
"38531","33.829061771","192.168.1.55","192.168.1.2","TCP","1514","8004  >  36246 [ACK] Seq=242006 Ack=144 Win=65024 Len=1448 TSval=2916037909 TSecr=3045557682 [TCP segment of a reassembled PDU]"
"38532","33.829062696","192.168.1.55","192.168.1.2","TCP","1514","8004  >  36246 [PSH, ACK] Seq=243454 Ack=144 Win=65024 Len=1448 TSval=2916037909 TSecr=3045557682 [TCP segment of a reassembled PDU]"
"38533","33.831505960","192.168.1.2","192.168.1.55","TCP","66","36246  >  8004 [ACK] Seq=144 Ack=182638 Win=104448 Len=0 TSval=3045557683 TSecr=2916037903"
"38534","33.831543163","192.168.1.55","192.168.1.2","TCP","1514","8004  >  36246 [ACK] Seq=244902 Ack=144 Win=65024 Len=1448 TSval=2916037912 TSecr=3045557683 [TCP segment of a reassembled PDU]"
"38535","33.831544793","192.168.1.55","192.168.1.2","TCP","1514","8004  >  36246 [ACK] Seq=246350 Ack=144 Win=65024 Len=1448 TSval=2916037912 TSecr=3045557683 [TCP segment of a reassembled PDU]"
"38536","33.831545793","192.168.1.55","192.168.1.2","TCP","1514","8004  >  36246 [ACK] Seq=247798 Ack=144 Win=65024 Len=1448 TSval=2916037912 TSecr=3045557683 [TCP segment of a reassembled PDU]"
"38537","33.831547015","192.168.1.55","192.168.1.2","TCP","1514","8004  >  36246 [ACK] Seq=249246 Ack=144 Win=65024 Len=1448 TSval=2916037912 TSecr=3045557683 [TCP segment of a reassembled PDU]"
"38538","33.831547904","192.168.1.55","192.168.1.2","TCP","1514","8004  >  36246 [ACK] Seq=250694 Ack=144 Win=65024 Len=1448 TSval=2916037912 TSecr=3045557683 [TCP segment of a reassembled PDU]"
"38539","33.831548904","192.168.1.55","192.168.1.2","TCP","1514","8004  >  36246 [ACK] Seq=252142 Ack=144 Win=65024 Len=1448 TSval=2916037912 TSecr=3045557683 [TCP segment of a reassembled PDU]"
"38540","33.831549830","192.168.1.55","192.168.1.2","TCP","1514","8004  >  36246 [ACK] Seq=253590 Ack=144 Win=65024 Len=1448 TSval=2916037912 TSecr=3045557683 [TCP segment of a reassembled PDU]"
"38541","33.831550849","192.168.1.55","192.168.1.2","TCP","1514","8004  >  36246 [ACK] Seq=255038 Ack=144 Win=65024 Len=1448 TSval=2916037912 TSecr=3045557683 [TCP segment of a reassembled PDU]"
"38542","33.831551941","192.168.1.55","192.168.1.2","TCP","1514","8004  >  36246 [ACK] Seq=256486 Ack=144 Win=65024 Len=1448 TSval=2916037912 TSecr=3045557683 [TCP segment of a reassembled PDU]"
"38543","33.831552960","192.168.1.55","192.168.1.2","TCP","1514","8004  >  36246 [ACK] Seq=257934 Ack=144 Win=65024 Len=1448 TSval=2916037912 TSecr=3045557683 [TCP segment of a reassembled PDU]"
"38544","33.831553997","192.168.1.55","192.168.1.2","TCP","1514","8004  >  36246 [ACK] Seq=259382 Ack=144 Win=65024 Len=1448 TSval=2916037912 TSecr=3045557683 [TCP segment of a reassembled PDU]"
"38545","33.831554923","192.168.1.55","192.168.1.2","TCP","1514","8004  >  36246 [ACK] Seq=260830 Ack=144 Win=65024 Len=1448 TSval=2916037912 TSecr=3045557683 [TCP segment of a reassembled PDU]"
"38546","33.831555793","192.168.1.55","192.168.1.2","TCP","1514","8004  >  36246 [ACK] Seq=262278 Ack=144 Win=65024 Len=1448 TSval=2916037912 TSecr=3045557683 [TCP segment of a reassembled PDU]"
"38547","33.831557108","192.168.1.55","192.168.1.2","TCP","1514","8004  >  36246 [ACK] Seq=263726 Ack=144 Win=65024 Len=1448 TSval=2916037912 TSecr=3045557683 [TCP segment of a reassembled PDU]"
"38548","33.831558071","192.168.1.55","192.168.1.2","TCP","1514","8004  >  36246 [ACK] Seq=265174 Ack=144 Win=65024 Len=1448 TSval=2916037912 TSecr=3045557683 [TCP segment of a reassembled PDU]"
"38549","33.831559145","192.168.1.55","192.168.1.2","TCP","1514","8004  >  36246 [ACK] Seq=266622 Ack=144 Win=65024 Len=1448 TSval=2916037912 TSecr=3045557683 [TCP segment of a reassembled PDU]"
"38550","33.831560034","192.168.1.55","192.168.1.2","TCP","1514","8004  >  36246 [ACK] Seq=268070 Ack=144 Win=65024 Len=1448 TSval=2916037912 TSecr=3045557683 [TCP segment of a reassembled PDU]"
"38551","33.831560960","192.168.1.55","192.168.1.2","TCP","1514","8004  >  36246 [ACK] Seq=269518 Ack=144 Win=65024 Len=1448 TSval=2916037912 TSecr=3045557683 [TCP segment of a reassembled PDU]"
"38552","33.831562015","192.168.1.55","192.168.1.2","TCP","1514","8004  >  36246 [ACK] Seq=270966 Ack=144 Win=65024 Len=1448 TSval=2916037912 TSecr=3045557683 [TCP segment of a reassembled PDU]"
"38553","33.831563126","192.168.1.55","192.168.1.2","TCP","1514","8004  >  36246 [ACK] Seq=272414 Ack=144 Win=65024 Len=1448 TSval=2916037912 TSecr=3045557683 [TCP segment of a reassembled PDU]"
"38554","33.831564071","192.168.1.55","192.168.1.2","TCP","1514","8004  >  36246 [ACK] Seq=273862 Ack=144 Win=65024 Len=1448 TSval=2916037912 TSecr=3045557683 [TCP segment of a reassembled PDU]"
"38555","33.831565182","192.168.1.55","192.168.1.2","TCP","1514","8004  >  36246 [ACK] Seq=275310 Ack=144 Win=65024 Len=1448 TSval=2916037912 TSecr=3045557683 [TCP segment of a reassembled PDU]"
"38556","33.831566071","192.168.1.55","192.168.1.2","TCP","1514","8004  >  36246 [ACK] Seq=276758 Ack=144 Win=65024 Len=1448 TSval=2916037912 TSecr=3045557683 [TCP segment of a reassembled PDU]"
"38557","33.831567349","192.168.1.55","192.168.1.2","TCP","1514","8004  >  36246 [ACK] Seq=278206 Ack=144 Win=65024 Len=1448 TSval=2916037912 TSecr=3045557683 [TCP segment of a reassembled PDU]"
"38558","33.831568219","192.168.1.55","192.168.1.2","TCP","1514","8004  >  36246 [ACK] Seq=279654 Ack=144 Win=65024 Len=1448 TSval=2916037912 TSecr=3045557683 [TCP segment of a reassembled PDU]"
"38559","33.831569293","192.168.1.55","192.168.1.2","TCP","1514","8004  >  36246 [ACK] Seq=281102 Ack=144 Win=65024 Len=1448 TSval=2916037912 TSecr=3045557683 [TCP segment of a reassembled PDU]"
"38560","33.831570237","192.168.1.55","192.168.1.2","TCP","1514","8004  >  36246 [ACK] Seq=282550 Ack=144 Win=65024 Len=1448 TSval=2916037912 TSecr=3045557683 [TCP segment of a reassembled PDU]"
"38561","33.831571145","192.168.1.55","192.168.1.2","TCP","1514","8004  >  36246 [ACK] Seq=283998 Ack=144 Win=65024 Len=1448 TSval=2916037912 TSecr=3045557683 [TCP segment of a reassembled PDU]"
"38562","33.831572108","192.168.1.55","192.168.1.2","TCP","1514","8004  >  36246 [ACK] Seq=285446 Ack=144 Win=65024 Len=1448 TSval=2916037912 TSecr=3045557683 [TCP segment of a reassembled PDU]"
"38563","33.831573052","192.168.1.55","192.168.1.2","TCP","258","[TCP Window Full] 8004  >  36246 [PSH, ACK] Seq=286894 Ack=144 Win=65024 Len=192 TSval=2916037912 TSecr=3045557683 [TCP segment of a reassembled PDU]"
"38564","33.831599497","192.168.1.2","192.168.1.55","TCP","66","36246  >  8004 [ACK] Seq=144 Ack=184086 Win=107520 Len=0 TSval=3045557684 TSecr=2916037903"
"38565","33.831608793","192.168.1.55","192.168.1.2","TCP","1514","8004  >  36246 [ACK] Seq=287086 Ack=144 Win=65024 Len=1448 TSval=2916037912 TSecr=3045557684 [TCP segment of a reassembled PDU]"
"38566","33.831612497","192.168.1.55","192.168.1.2","TCP","1322","8004  >  36246 [ACK] Seq=288534 Ack=144 Win=65024 Len=1256 TSval=2916037912 TSecr=3045557684 [TCP segment of a reassembled PDU]"
"38567","33.835169799","192.168.1.2","192.168.1.55","TCP","66","36246  >  8004 [ACK] Seq=144 Ack=189878 Win=104448 Len=0 TSval=3045557685 TSecr=2916037907"
"38568","33.835190354","192.168.1.55","192.168.1.2","TCP","1514","8004  >  36246 [ACK] Seq=289790 Ack=144 Win=65024 Len=1448 TSval=2916037915 TSecr=3045557685 [TCP segment of a reassembled PDU]"
"38569","33.835193169","192.168.1.55","192.168.1.2","TCP","1514","8004  >  36246 [ACK] Seq=291238 Ack=144 Win=65024 Len=1448 TSval=2916037915 TSecr=3045557685 [TCP segment of a reassembled PDU]"
"38570","33.835194391","192.168.1.55","192.168.1.2","TCP","1514","8004  >  36246 [PSH, ACK] Seq=292686 Ack=144 Win=65024 Len=1448 TSval=2916037915 TSecr=3045557685 [TCP segment of a reassembled PDU]"
"38571","33.838009655","192.168.1.2","192.168.1.55","TCP","66","36246  >  8004 [ACK] Seq=144 Ack=192774 Win=108544 Len=0 TSval=3045557689 TSecr=2916037909"
"38572","33.838026970","192.168.1.55","192.168.1.2","TCP","1514","8004  >  36246 [ACK] Seq=294134 Ack=144 Win=65024 Len=1448 TSval=2916037918 TSecr=3045557689 [TCP segment of a reassembled PDU]"
"38573","33.838028859","192.168.1.55","192.168.1.2","TCP","1514","8004  >  36246 [ACK] Seq=295582 Ack=144 Win=65024 Len=1448 TSval=2916037918 TSecr=3045557689 [TCP segment of a reassembled PDU]"
"38574","33.838029822","192.168.1.55","192.168.1.2","TCP","1514","8004  >  36246 [ACK] Seq=297030 Ack=144 Win=65024 Len=1448 TSval=2916037918 TSecr=3045557689 [TCP segment of a reassembled PDU]"
"38575","33.838030711","192.168.1.55","192.168.1.2","TCP","1514","8004  >  36246 [PSH, ACK] Seq=298478 Ack=144 Win=65024 Len=1448 TSval=2916037918 TSecr=3045557689 [TCP segment of a reassembled PDU]"
"38576","33.838315600","192.168.1.2","192.168.1.55","TCP","66","36246  >  8004 [ACK] Seq=144 Ack=223182 Win=123904 Len=0 TSval=3045557689 TSecr=2916037909"
"38577","33.838352730","192.168.1.55","192.168.1.2","TCP","1514","8004  >  36246 [ACK] Seq=299926 Ack=144 Win=65024 Len=1448 TSval=2916037919 TSecr=3045557689 [TCP segment of a reassembled PDU]"
"38578","33.838354822","192.168.1.55","192.168.1.2","TCP","1514","8004  >  36246 [ACK] Seq=301374 Ack=144 Win=65024 Len=1448 TSval=2916037919 TSecr=3045557689 [TCP segment of a reassembled PDU]"
"38579","33.838355896","192.168.1.55","192.168.1.2","TCP","1514","8004  >  36246 [ACK] Seq=302822 Ack=144 Win=65024 Len=1448 TSval=2916037919 TSecr=3045557689 [TCP segment of a reassembled PDU]"
"38580","33.838357137","192.168.1.55","192.168.1.2","TCP","1514","8004  >  36246 [ACK] Seq=304270 Ack=144 Win=65024 Len=1448 TSval=2916037919 TSecr=3045557689 [TCP segment of a reassembled PDU]"
"38581","33.838358156","192.168.1.55","192.168.1.2","TCP","1514","8004  >  36246 [ACK] Seq=305718 Ack=144 Win=65024 Len=1448 TSval=2916037919 TSecr=3045557689 [TCP segment of a reassembled PDU]"
"38582","33.838359582","192.168.1.55","192.168.1.2","TCP","1514","8004  >  36246 [ACK] Seq=307166 Ack=144 Win=65024 Len=1448 TSval=2916037919 TSecr=3045557689 [TCP segment of a reassembled PDU]"
"38583","33.838361063","192.168.1.55","192.168.1.2","TCP","1514","8004  >  36246 [ACK] Seq=308614 Ack=144 Win=65024 Len=1448 TSval=2916037919 TSecr=3045557689 [TCP segment of a reassembled PDU]"
"38584","33.838362082","192.168.1.55","192.168.1.2","TCP","1514","8004  >  36246 [ACK] Seq=310062 Ack=144 Win=65024 Len=1448 TSval=2916037919 TSecr=3045557689 [TCP segment of a reassembled PDU]"
"38585","33.838363008","192.168.1.55","192.168.1.2","TCP","1514","8004  >  36246 [ACK] Seq=311510 Ack=144 Win=65024 Len=1448 TSval=2916037919 TSecr=3045557689 [TCP segment of a reassembled PDU]"
"38586","33.838364082","192.168.1.55","192.168.1.2","TCP","1514","8004  >  36246 [ACK] Seq=312958 Ack=144 Win=65024 Len=1448 TSval=2916037919 TSecr=3045557689 [TCP segment of a reassembled PDU]"
"38587","33.838365100","192.168.1.55","192.168.1.2","TCP","1514","8004  >  36246 [ACK] Seq=314406 Ack=144 Win=65024 Len=1448 TSval=2916037919 TSecr=3045557689 [TCP segment of a reassembled PDU]"
"38588","33.838366100","192.168.1.55","192.168.1.2","TCP","1514","8004  >  36246 [ACK] Seq=315854 Ack=144 Win=65024 Len=1448 TSval=2916037919 TSecr=3045557689 [TCP segment of a reassembled PDU]"
"38589","33.838367322","192.168.1.55","192.168.1.2","TCP","1514","8004  >  36246 [ACK] Seq=317302 Ack=144 Win=65024 Len=1448 TSval=2916037919 TSecr=3045557689 [TCP segment of a reassembled PDU]"
"38590","33.838368285","192.168.1.55","192.168.1.2","TCP","1514","8004  >  36246 [ACK] Seq=318750 Ack=144 Win=65024 Len=1448 TSval=2916037919 TSecr=3045557689 [TCP segment of a reassembled PDU]"
"38591","33.838369211","192.168.1.55","192.168.1.2","TCP","1514","8004  >  36246 [ACK] Seq=320198 Ack=144 Win=65024 Len=1448 TSval=2916037919 TSecr=3045557689 [TCP segment of a reassembled PDU]"
"38592","33.838370396","192.168.1.55","192.168.1.2","TCP","1514","8004  >  36246 [ACK] Seq=321646 Ack=144 Win=65024 Len=1448 TSval=2916037919 TSecr=3045557689 [TCP segment of a reassembled PDU]"
"38593","33.838371971","192.168.1.55","192.168.1.2","TCP","1514","8004  >  36246 [ACK] Seq=323094 Ack=144 Win=65024 Len=1448 TSval=2916037919 TSecr=3045557689 [TCP segment of a reassembled PDU]"
"38594","33.838372989","192.168.1.55","192.168.1.2","TCP","1514","8004  >  36246 [ACK] Seq=324542 Ack=144 Win=65024 Len=1448 TSval=2916037919 TSecr=3045557689 [TCP segment of a reassembled PDU]"
"38595","33.838373989","192.168.1.55","192.168.1.2","TCP","1514","8004  >  36246 [ACK] Seq=325990 Ack=144 Win=65024 Len=1448 TSval=2916037919 TSecr=3045557689 [TCP segment of a reassembled PDU]"
"38596","33.838375452","192.168.1.55","192.168.1.2","TCP","1514","8004  >  36246 [ACK] Seq=327438 Ack=144 Win=65024 Len=1448 TSval=2916037919 TSecr=3045557689 [TCP segment of a reassembled PDU]"
"38597","33.838376804","192.168.1.55","192.168.1.2","TCP","1514","8004  >  36246 [ACK] Seq=328886 Ack=144 Win=65024 Len=1448 TSval=2916037919 TSecr=3045557689 [TCP segment of a reassembled PDU]"
"38598","33.838377711","192.168.1.55","192.168.1.2","TCP","1514","8004  >  36246 [ACK] Seq=330334 Ack=144 Win=65024 Len=1448 TSval=2916037919 TSecr=3045557689 [TCP segment of a reassembled PDU]"
"38599","33.838378711","192.168.1.55","192.168.1.2","TCP","1514","8004  >  36246 [ACK] Seq=331782 Ack=144 Win=65024 Len=1448 TSval=2916037919 TSecr=3045557689 [TCP segment of a reassembled PDU]"
"38600","33.838379859","192.168.1.55","192.168.1.2","TCP","1514","8004  >  36246 [PSH, ACK] Seq=333230 Ack=144 Win=65024 Len=1448 TSval=2916037919 TSecr=3045557689 [TCP segment of a reassembled PDU]"
"38601","33.838384045","192.168.1.2","192.168.1.55","TCP","66","36246  >  8004 [ACK] Seq=144 Ack=228974 Win=135168 Len=0 TSval=3045557689 TSecr=2916037909"
"38602","33.838390989","192.168.1.2","192.168.1.55","TCP","66","36246  >  8004 [ACK] Seq=144 Ack=244902 Win=135168 Len=0 TSval=3045557689 TSecr=2916037909"
"38603","33.838433397","192.168.1.55","192.168.1.2","TCP","1514","8004  >  36246 [ACK] Seq=334678 Ack=144 Win=65024 Len=1448 TSval=2916037919 TSecr=3045557689 [TCP segment of a reassembled PDU]"
"38604","33.838435563","192.168.1.55","192.168.1.2","TCP","1514","8004  >  36246 [ACK] Seq=336126 Ack=144 Win=65024 Len=1448 TSval=2916037919 TSecr=3045557689 [TCP segment of a reassembled PDU]"
"38605","33.838436526","192.168.1.55","192.168.1.2","TCP","1514","8004  >  36246 [ACK] Seq=337574 Ack=144 Win=65024 Len=1448 TSval=2916037919 TSecr=3045557689 [TCP segment of a reassembled PDU]"
"38606","33.838437600","192.168.1.55","192.168.1.2","TCP","1514","8004  >  36246 [ACK] Seq=339022 Ack=144 Win=65024 Len=1448 TSval=2916037919 TSecr=3045557689 [TCP segment of a reassembled PDU]"
"38607","33.838438711","192.168.1.55","192.168.1.2","TCP","1514","8004  >  36246 [ACK] Seq=340470 Ack=144 Win=65024 Len=1448 TSval=2916037919 TSecr=3045557689 [TCP segment of a reassembled PDU]"
"38608","33.838439637","192.168.1.55","192.168.1.2","TCP","1514","8004  >  36246 [ACK] Seq=341918 Ack=144 Win=65024 Len=1448 TSval=2916037919 TSecr=3045557689 [TCP segment of a reassembled PDU]"
"38609","33.838440637","192.168.1.55","192.168.1.2","TCP","1514","8004  >  36246 [ACK] Seq=343366 Ack=144 Win=65024 Len=1448 TSval=2916037919 TSecr=3045557689 [TCP segment of a reassembled PDU]"
"38610","33.838441600","192.168.1.55","192.168.1.2","TCP","1514","8004  >  36246 [ACK] Seq=344814 Ack=144 Win=65024 Len=1448 TSval=2916037919 TSecr=3045557689 [TCP segment of a reassembled PDU]"
"38611","33.838442656","192.168.1.55","192.168.1.2","TCP","1514","8004  >  36246 [ACK] Seq=346262 Ack=144 Win=65024 Len=1448 TSval=2916037919 TSecr=3045557689 [TCP segment of a reassembled PDU]"
"38612","33.838443748","192.168.1.55","192.168.1.2","TCP","1514","8004  >  36246 [ACK] Seq=347710 Ack=144 Win=65024 Len=1448 TSval=2916037919 TSecr=3045557689 [TCP segment of a reassembled PDU]"
"38613","33.838444730","192.168.1.55","192.168.1.2","TCP","1514","8004  >  36246 [ACK] Seq=349158 Ack=144 Win=65024 Len=1448 TSval=2916037919 TSecr=3045557689 [TCP segment of a reassembled PDU]"
"38614","33.838445767","192.168.1.55","192.168.1.2","TCP","1514","8004  >  36246 [ACK] Seq=350606 Ack=144 Win=65024 Len=1448 TSval=2916037919 TSecr=3045557689 [TCP segment of a reassembled PDU]"
"38615","33.838446971","192.168.1.55","192.168.1.2","TCP","1514","8004  >  36246 [ACK] Seq=352054 Ack=144 Win=65024 Len=1448 TSval=2916037919 TSecr=3045557689 [TCP segment of a reassembled PDU]"
"38616","33.838448063","192.168.1.55","192.168.1.2","TCP","1514","8004  >  36246 [ACK] Seq=353502 Ack=144 Win=65024 Len=1448 TSval=2916037919 TSecr=3045557689 [TCP segment of a reassembled PDU]"
"38617","33.838449193","192.168.1.55","192.168.1.2","TCP","1514","8004  >  36246 [ACK] Seq=354950 Ack=144 Win=65024 Len=1448 TSval=2916037919 TSecr=3045557689 [TCP segment of a reassembled PDU]"
"38618","33.838450711","192.168.1.55","192.168.1.2","TCP","1514","8004  >  36246 [ACK] Seq=356398 Ack=144 Win=65024 Len=1448 TSval=2916037919 TSecr=3045557689 [TCP segment of a reassembled PDU]"
"38619","33.838451823","192.168.1.55","192.168.1.2","TCP","1514","8004  >  36246 [ACK] Seq=357846 Ack=144 Win=65024 Len=1448 TSval=2916037919 TSecr=3045557689 [TCP segment of a reassembled PDU]"
"38620","33.838452767","192.168.1.55","192.168.1.2","TCP","1514","8004  >  36246 [ACK] Seq=359294 Ack=144 Win=65024 Len=1448 TSval=2916037919 TSecr=3045557689 [TCP segment of a reassembled PDU]"
"38621","33.838453711","192.168.1.55","192.168.1.2","TCP","1514","8004  >  36246 [ACK] Seq=360742 Ack=144 Win=65024 Len=1448 TSval=2916037919 TSecr=3045557689 [TCP segment of a reassembled PDU]"
"38622","33.838454656","192.168.1.55","192.168.1.2","TCP","1514","8004  >  36246 [ACK] Seq=362190 Ack=144 Win=65024 Len=1448 TSval=2916037919 TSecr=3045557689 [TCP segment of a reassembled PDU]"
"38623","33.838455897","192.168.1.55","192.168.1.2","TCP","1514","8004  >  36246 [ACK] Seq=363638 Ack=144 Win=65024 Len=1448 TSval=2916037919 TSecr=3045557689 [TCP segment of a reassembled PDU]"
"38624","33.838456878","192.168.1.55","192.168.1.2","TCP","1514","8004  >  36246 [ACK] Seq=365086 Ack=144 Win=65024 Len=1448 TSval=2916037919 TSecr=3045557689 [TCP segment of a reassembled PDU]"
"38625","33.838457804","192.168.1.55","192.168.1.2","TCP","1514","8004  >  36246 [ACK] Seq=366534 Ack=144 Win=65024 Len=1448 TSval=2916037919 TSecr=3045557689 [TCP segment of a reassembled PDU]"
"38626","33.838458748","192.168.1.55","192.168.1.2","TCP","1514","8004  >  36246 [ACK] Seq=367982 Ack=144 Win=65024 Len=1448 TSval=2916037919 TSecr=3045557689 [TCP segment of a reassembled PDU]"
"38627","33.838459674","192.168.1.55","192.168.1.2","TCP","1514","8004  >  36246 [ACK] Seq=369430 Ack=144 Win=65024 Len=1448 TSval=2916037919 TSecr=3045557689 [TCP segment of a reassembled PDU]"
"38628","33.838460600","192.168.1.55","192.168.1.2","TCP","1514","8004  >  36246 [ACK] Seq=370878 Ack=144 Win=65024 Len=1448 TSval=2916037919 TSecr=3045557689 [TCP segment of a reassembled PDU]"
"38629","33.838461730","192.168.1.55","192.168.1.2","TCP","1514","8004  >  36246 [ACK] Seq=372326 Ack=144 Win=65024 Len=1448 TSval=2916037919 TSecr=3045557689 [TCP segment of a reassembled PDU]"
"38630","33.838462619","192.168.1.55","192.168.1.2","TCP","1514","8004  >  36246 [ACK] Seq=373774 Ack=144 Win=65024 Len=1448 TSval=2916037919 TSecr=3045557689 [TCP segment of a reassembled PDU]"
"38631","33.838463619","192.168.1.55","192.168.1.2","TCP","1514","8004  >  36246 [ACK] Seq=375222 Ack=144 Win=65024 Len=1448 TSval=2916037919 TSecr=3045557689 [TCP segment of a reassembled PDU]"
"38632","33.838464878","192.168.1.55","192.168.1.2","TCP","1514","8004  >  36246 [ACK] Seq=376670 Ack=144 Win=65024 Len=1448 TSval=2916037919 TSecr=3045557689 [TCP segment of a reassembled PDU]"
"38633","33.838465897","192.168.1.55","192.168.1.2","TCP","1514","8004  >  36246 [PSH, ACK] Seq=378118 Ack=144 Win=65024 Len=1448 TSval=2916037919 TSecr=3045557689 [TCP segment of a reassembled PDU]"
"38634","33.838469674","192.168.1.2","192.168.1.55","TCP","66","36246  >  8004 [ACK] Seq=144 Ack=269518 Win=156672 Len=0 TSval=3045557693 TSecr=2916037912"
"38635","33.838521026","192.168.1.55","192.168.1.2","TCP","1514","8004  >  36246 [ACK] Seq=379566 Ack=144 Win=65024 Len=1448 TSval=2916037919 TSecr=3045557693 [TCP segment of a reassembled PDU]"
"38636","33.838523471","192.168.1.55","192.168.1.2","TCP","1514","8004  >  36246 [ACK] Seq=381014 Ack=144 Win=65024 Len=1448 TSval=2916037919 TSecr=3045557693 [TCP segment of a reassembled PDU]"
"38637","33.838525026","192.168.1.55","192.168.1.2","TCP","1514","8004  >  36246 [ACK] Seq=382462 Ack=144 Win=65024 Len=1448 TSval=2916037919 TSecr=3045557693 [TCP segment of a reassembled PDU]"
"38638","33.838526304","192.168.1.55","192.168.1.2","TCP","1514","8004  >  36246 [ACK] Seq=383910 Ack=144 Win=65024 Len=1448 TSval=2916037919 TSecr=3045557693 [TCP segment of a reassembled PDU]"
"38639","33.838527619","192.168.1.55","192.168.1.2","TCP","1514","8004  >  36246 [ACK] Seq=385358 Ack=144 Win=65024 Len=1448 TSval=2916037919 TSecr=3045557693 [TCP segment of a reassembled PDU]"
"38640","33.838529045","192.168.1.55","192.168.1.2","TCP","1514","8004  >  36246 [ACK] Seq=386806 Ack=144 Win=65024 Len=1448 TSval=2916037919 TSecr=3045557693 [TCP segment of a reassembled PDU]"
"38641","33.838530212","192.168.1.55","192.168.1.2","TCP","1514","8004  >  36246 [ACK] Seq=388254 Ack=144 Win=65024 Len=1448 TSval=2916037919 TSecr=3045557693 [TCP segment of a reassembled PDU]"
"38642","33.838531156","192.168.1.55","192.168.1.2","TCP","1514","8004  >  36246 [ACK] Seq=389702 Ack=144 Win=65024 Len=1448 TSval=2916037919 TSecr=3045557693 [TCP segment of a reassembled PDU]"
"38643","33.838532175","192.168.1.55","192.168.1.2","TCP","1514","8004  >  36246 [ACK] Seq=391150 Ack=144 Win=65024 Len=1448 TSval=2916037919 TSecr=3045557693 [TCP segment of a reassembled PDU]"
"38644","33.838533267","192.168.1.55","192.168.1.2","TCP","1514","8004  >  36246 [ACK] Seq=392598 Ack=144 Win=65024 Len=1448 TSval=2916037919 TSecr=3045557693 [TCP segment of a reassembled PDU]"
"38645","33.838534341","192.168.1.55","192.168.1.2","TCP","1514","8004  >  36246 [ACK] Seq=394046 Ack=144 Win=65024 Len=1448 TSval=2916037919 TSecr=3045557693 [TCP segment of a reassembled PDU]"
"38646","33.838535267","192.168.1.55","192.168.1.2","TCP","1514","8004  >  36246 [ACK] Seq=395494 Ack=144 Win=65024 Len=1448 TSval=2916037919 TSecr=3045557693 [TCP segment of a reassembled PDU]"
"38647","33.838536341","192.168.1.55","192.168.1.2","TCP","1514","8004  >  36246 [ACK] Seq=396942 Ack=144 Win=65024 Len=1448 TSval=2916037919 TSecr=3045557693 [TCP segment of a reassembled PDU]"
"38648","33.838537397","192.168.1.55","192.168.1.2","TCP","1514","8004  >  36246 [ACK] Seq=398390 Ack=144 Win=65024 Len=1448 TSval=2916037919 TSecr=3045557693 [TCP segment of a reassembled PDU]"
"38649","33.838538637","192.168.1.55","192.168.1.2","TCP","1514","8004  >  36246 [ACK] Seq=399838 Ack=144 Win=65024 Len=1448 TSval=2916037919 TSecr=3045557693 [TCP segment of a reassembled PDU]"
"38650","33.838539656","192.168.1.55","192.168.1.2","TCP","1514","8004  >  36246 [ACK] Seq=401286 Ack=144 Win=65024 Len=1448 TSval=2916037919 TSecr=3045557693 [TCP segment of a reassembled PDU]"
"38651","33.838540675","192.168.1.55","192.168.1.2","TCP","1514","8004  >  36246 [ACK] Seq=402734 Ack=144 Win=65024 Len=1448 TSval=2916037919 TSecr=3045557693 [TCP segment of a reassembled PDU]"
"38652","33.838541989","192.168.1.55","192.168.1.2","TCP","1514","8004  >  36246 [ACK] Seq=404182 Ack=144 Win=65024 Len=1448 TSval=2916037919 TSecr=3045557693 [TCP segment of a reassembled PDU]"
"38653","33.838543212","192.168.1.55","192.168.1.2","TCP","1514","8004  >  36246 [ACK] Seq=405630 Ack=144 Win=65024 Len=1448 TSval=2916037919 TSecr=3045557693 [TCP segment of a reassembled PDU]"
"38654","33.838544137","192.168.1.55","192.168.1.2","TCP","1514","8004  >  36246 [ACK] Seq=407078 Ack=144 Win=65024 Len=1448 TSval=2916037919 TSecr=3045557693 [TCP segment of a reassembled PDU]"
"38655","33.838545119","192.168.1.55","192.168.1.2","TCP","1514","8004  >  36246 [ACK] Seq=408526 Ack=144 Win=65024 Len=1448 TSval=2916037919 TSecr=3045557693 [TCP segment of a reassembled PDU]"
"38656","33.838546304","192.168.1.55","192.168.1.2","TCP","1514","8004  >  36246 [ACK] Seq=409974 Ack=144 Win=65024 Len=1448 TSval=2916037919 TSecr=3045557693 [TCP segment of a reassembled PDU]"
"38657","33.838547212","192.168.1.55","192.168.1.2","TCP","1514","8004  >  36246 [ACK] Seq=411422 Ack=144 Win=65024 Len=1448 TSval=2916037919 TSecr=3045557693 [TCP segment of a reassembled PDU]"
"38658","33.838548730","192.168.1.55","192.168.1.2","TCP","1514","8004  >  36246 [ACK] Seq=412870 Ack=144 Win=65024 Len=1448 TSval=2916037919 TSecr=3045557693 [TCP segment of a reassembled PDU]"
"38659","33.838550212","192.168.1.55","192.168.1.2","TCP","1514","8004  >  36246 [ACK] Seq=414318 Ack=144 Win=65024 Len=1448 TSval=2916037919 TSecr=3045557693 [TCP segment of a reassembled PDU]"
"38660","33.838551397","192.168.1.55","192.168.1.2","TCP","1514","8004  >  36246 [ACK] Seq=415766 Ack=144 Win=65024 Len=1448 TSval=2916037919 TSecr=3045557693 [TCP segment of a reassembled PDU]"
"38661","33.838552563","192.168.1.55","192.168.1.2","TCP","1514","8004  >  36246 [ACK] Seq=417214 Ack=144 Win=65024 Len=1448 TSval=2916037919 TSecr=3045557693 [TCP segment of a reassembled PDU]"
"38662","33.838553675","192.168.1.55","192.168.1.2","TCP","1514","8004  >  36246 [ACK] Seq=418662 Ack=144 Win=65024 Len=1448 TSval=2916037919 TSecr=3045557693 [TCP segment of a reassembled PDU]"
"38663","33.838555563","192.168.1.55","192.168.1.2","TCP","1514","8004  >  36246 [ACK] Seq=420110 Ack=144 Win=65024 Len=1448 TSval=2916037919 TSecr=3045557693 [TCP segment of a reassembled PDU]"
"38664","33.838556860","192.168.1.55","192.168.1.2","TCP","1514","8004  >  36246 [ACK] Seq=421558 Ack=144 Win=65024 Len=1448 TSval=2916037919 TSecr=3045557693 [TCP segment of a reassembled PDU]"
"38665","33.838558100","192.168.1.55","192.168.1.2","TCP","1514","8004  >  36246 [PSH, ACK] Seq=423006 Ack=144 Win=65024 Len=1448 TSval=2916037919 TSecr=3045557693 [TCP segment of a reassembled PDU]"
"38666","33.838621082","192.168.1.2","192.168.1.55","TCP","66","36246  >  8004 [ACK] Seq=144 Ack=287086 Win=164864 Len=0 TSval=3045557693 TSecr=2916037912"
"38667","33.838631675","192.168.1.2","192.168.1.55","TCP","66","36246  >  8004 [ACK] Seq=144 Ack=292686 Win=159744 Len=0 TSval=3045557693 TSecr=2916037912"
"38668","33.839885677","192.168.1.55","192.168.1.2","TCP","1514","8004  >  36246 [ACK] Seq=424454 Ack=144 Win=65024 Len=1448 TSval=2916037920 TSecr=3045557693 [TCP segment of a reassembled PDU]"
"38669","33.839889899","192.168.1.55","192.168.1.2","TCP","1514","8004  >  36246 [ACK] Seq=425902 Ack=144 Win=65024 Len=1448 TSval=2916037920 TSecr=3045557693 [TCP segment of a reassembled PDU]"
"38670","33.839890954","192.168.1.55","192.168.1.2","TCP","1514","8004  >  36246 [ACK] Seq=427350 Ack=144 Win=65024 Len=1448 TSval=2916037920 TSecr=3045557693 [TCP segment of a reassembled PDU]"
"38671","33.839892084","192.168.1.55","192.168.1.2","TCP","1514","8004  >  36246 [ACK] Seq=428798 Ack=144 Win=65024 Len=1448 TSval=2916037920 TSecr=3045557693 [TCP segment of a reassembled PDU]"
"38672","33.839893047","192.168.1.55","192.168.1.2","TCP","1514","8004  >  36246 [ACK] Seq=430246 Ack=144 Win=65024 Len=1448 TSval=2916037920 TSecr=3045557693 [TCP segment of a reassembled PDU]"
"38673","33.839894325","192.168.1.55","192.168.1.2","TCP","1514","8004  >  36246 [ACK] Seq=431694 Ack=144 Win=65024 Len=1448 TSval=2916037920 TSecr=3045557693 [TCP segment of a reassembled PDU]"
"38674","33.839895288","192.168.1.55","192.168.1.2","TCP","1514","8004  >  36246 [ACK] Seq=433142 Ack=144 Win=65024 Len=1448 TSval=2916037920 TSecr=3045557693 [TCP segment of a reassembled PDU]"
"38675","33.839896232","192.168.1.55","192.168.1.2","TCP","1514","8004  >  36246 [ACK] Seq=434590 Ack=144 Win=65024 Len=1448 TSval=2916037920 TSecr=3045557693 [TCP segment of a reassembled PDU]"
"38676","33.839897269","192.168.1.55","192.168.1.2","TCP","1514","8004  >  36246 [ACK] Seq=436038 Ack=144 Win=65024 Len=1448 TSval=2916037920 TSecr=3045557693 [TCP segment of a reassembled PDU]"
"38677","33.839898306","192.168.1.55","192.168.1.2","TCP","1514","8004  >  36246 [ACK] Seq=437486 Ack=144 Win=65024 Len=1448 TSval=2916037920 TSecr=3045557693 [TCP segment of a reassembled PDU]"
"38678","33.839899325","192.168.1.55","192.168.1.2","TCP","1514","8004  >  36246 [ACK] Seq=438934 Ack=144 Win=65024 Len=1448 TSval=2916037920 TSecr=3045557693 [TCP segment of a reassembled PDU]"
"38679","33.839900232","192.168.1.55","192.168.1.2","TCP","1514","8004  >  36246 [ACK] Seq=440382 Ack=144 Win=65024 Len=1448 TSval=2916037920 TSecr=3045557693 [TCP segment of a reassembled PDU]"
"38680","33.839901214","192.168.1.55","192.168.1.2","TCP","1514","8004  >  36246 [ACK] Seq=441830 Ack=144 Win=65024 Len=1448 TSval=2916037920 TSecr=3045557693 [TCP segment of a reassembled PDU]"
"38681","33.839902936","192.168.1.55","192.168.1.2","TCP","1514","8004  >  36246 [ACK] Seq=443278 Ack=144 Win=65024 Len=1448 TSval=2916037920 TSecr=3045557693 [TCP segment of a reassembled PDU]"
"38682","33.839903862","192.168.1.55","192.168.1.2","TCP","1514","8004  >  36246 [ACK] Seq=444726 Ack=144 Win=65024 Len=1448 TSval=2916037920 TSecr=3045557693 [TCP segment of a reassembled PDU]"
"38683","33.839904936","192.168.1.55","192.168.1.2","TCP","1514","8004  >  36246 [ACK] Seq=446174 Ack=144 Win=65024 Len=1448 TSval=2916037920 TSecr=3045557693 [TCP segment of a reassembled PDU]"
"38684","33.839905862","192.168.1.55","192.168.1.2","TCP","1514","8004  >  36246 [ACK] Seq=447622 Ack=144 Win=65024 Len=1448 TSval=2916037920 TSecr=3045557693 [TCP segment of a reassembled PDU]"
"38685","33.839906769","192.168.1.55","192.168.1.2","TCP","1514","8004  >  36246 [ACK] Seq=449070 Ack=144 Win=65024 Len=1448 TSval=2916037920 TSecr=3045557693 [TCP segment of a reassembled PDU]"
"38686","33.839907862","192.168.1.55","192.168.1.2","TCP","1514","8004  >  36246 [ACK] Seq=450518 Ack=144 Win=65024 Len=1448 TSval=2916037920 TSecr=3045557693 [TCP segment of a reassembled PDU]"
"38687","33.839908806","192.168.1.55","192.168.1.2","TCP","530","[TCP Window Full] 8004  >  36246 [PSH, ACK] Seq=451966 Ack=144 Win=65024 Len=464 TSval=2916037920 TSecr=3045557693 [TCP segment of a reassembled PDU]"
"38688","33.839973084","192.168.1.2","192.168.1.55","TCP","66","36246  >  8004 [ACK] Seq=144 Ack=294134 Win=167936 Len=0 TSval=3045557694 TSecr=2916037915"
"38689","33.840033529","192.168.1.2","192.168.1.55","TCP","66","36246  >  8004 [ACK] Seq=144 Ack=295582 Win=171008 Len=0 TSval=3045557695 TSecr=2916037918"
"38690","33.840047177","192.168.1.55","192.168.1.2","TCP","1514","8004  >  36246 [ACK] Seq=452430 Ack=144 Win=65024 Len=1448 TSval=2916037920 TSecr=3045557695 [TCP segment of a reassembled PDU]"
"38691","33.840048825","192.168.1.55","192.168.1.2","TCP","1514","8004  >  36246 [ACK] Seq=453878 Ack=144 Win=65024 Len=1448 TSval=2916037920 TSecr=3045557695 [TCP segment of a reassembled PDU]"
"38692","33.840049770","192.168.1.55","192.168.1.2","TCP","1514","8004  >  36246 [ACK] Seq=455326 Ack=144 Win=65024 Len=1448 TSval=2916037920 TSecr=3045557695 [TCP segment of a reassembled PDU]"
"38693","33.840050788","192.168.1.55","192.168.1.2","TCP","1514","8004  >  36246 [ACK] Seq=456774 Ack=144 Win=65024 Len=1448 TSval=2916037920 TSecr=3045557695 [TCP segment of a reassembled PDU]"
"38694","33.840051732","192.168.1.55","192.168.1.2","TCP","1514","8004  >  36246 [ACK] Seq=458222 Ack=144 Win=65024 Len=1448 TSval=2916037920 TSecr=3045557695 [TCP segment of a reassembled PDU]"
"38695","33.840052621","192.168.1.55","192.168.1.2","TCP","1514","8004  >  36246 [PSH, ACK] Seq=459670 Ack=144 Win=65024 Len=1448 TSval=2916037920 TSecr=3045557695 [TCP segment of a reassembled PDU]"
"38696","33.840056066","192.168.1.2","192.168.1.55","TCP","66","36246  >  8004 [ACK] Seq=144 Ack=299926 Win=180224 Len=0 TSval=3045557695 TSecr=2916037918"
"38697","33.840062788","192.168.1.55","192.168.1.2","TCP","1514","8004  >  36246 [ACK] Seq=461118 Ack=144 Win=65024 Len=1448 TSval=2916037920 TSecr=3045557695 [TCP segment of a reassembled PDU]"
"38698","33.840064103","192.168.1.55","192.168.1.2","TCP","1514","8004  >  36246 [ACK] Seq=462566 Ack=144 Win=65024 Len=1448 TSval=2916037920 TSecr=3045557695 [TCP segment of a reassembled PDU]"
"38699","33.840065584","192.168.1.55","192.168.1.2","TCP","1514","8004  >  36246 [PSH, ACK] Seq=464014 Ack=144 Win=65024 Len=1448 TSval=2916037920 TSecr=3045557695 [TCP segment of a reassembled PDU]"
"38700","33.840070695","192.168.1.55","192.168.1.2","TCP","1514","8004  >  36246 [ACK] Seq=465462 Ack=144 Win=65024 Len=1448 TSval=2916037920 TSecr=3045557695 [TCP segment of a reassembled PDU]"
"38701","33.840071751","192.168.1.55","192.168.1.2","TCP","1514","8004  >  36246 [PSH, ACK] Seq=466910 Ack=144 Win=65024 Len=1448 TSval=2916037920 TSecr=3045557695 [TCP segment of a reassembled PDU]"
"38702","33.841246568","192.168.1.55","192.168.1.2","TCP","1050","8004  >  36246 [ACK] Seq=468358 Ack=144 Win=65024 Len=984 TSval=2916037921 TSecr=3045557695 [TCP segment of a reassembled PDU]"
"38703","33.841257901","192.168.1.55","192.168.1.2","TCP","1514","8004  >  36246 [ACK] Seq=469342 Ack=144 Win=65024 Len=1448 TSval=2916037921 TSecr=3045557695 [TCP segment of a reassembled PDU]"
"38704","33.841258827","192.168.1.55","192.168.1.2","TCP","1514","8004  >  36246 [ACK] Seq=470790 Ack=144 Win=65024 Len=1448 TSval=2916037921 TSecr=3045557695 [TCP segment of a reassembled PDU]"
"38705","33.841259734","192.168.1.55","192.168.1.2","TCP","1514","8004  >  36246 [ACK] Seq=472238 Ack=144 Win=65024 Len=1448 TSval=2916037921 TSecr=3045557695 [TCP segment of a reassembled PDU]"
"38706","33.841260734","192.168.1.55","192.168.1.2","TCP","1514","8004  >  36246 [ACK] Seq=473686 Ack=144 Win=65024 Len=1448 TSval=2916037921 TSecr=3045557695 [TCP segment of a reassembled PDU]"
"38707","33.841261846","192.168.1.55","192.168.1.2","TCP","1514","8004  >  36246 [ACK] Seq=475134 Ack=144 Win=65024 Len=1448 TSval=2916037921 TSecr=3045557695 [TCP segment of a reassembled PDU]"
"38708","33.841262734","192.168.1.55","192.168.1.2","TCP","1514","8004  >  36246 [ACK] Seq=476582 Ack=144 Win=65024 Len=1448 TSval=2916037921 TSecr=3045557695 [TCP segment of a reassembled PDU]"
"38709","33.841263623","192.168.1.55","192.168.1.2","TCP","1514","8004  >  36246 [PSH, ACK] Seq=478030 Ack=144 Win=65024 Len=1448 TSval=2916037921 TSecr=3045557695 [TCP segment of a reassembled PDU]"
"38710","33.855912406","192.168.1.2","192.168.1.55","TCP","66","36246  >  8004 [ACK] Seq=144 Ack=334678 Win=168960 Len=0 TSval=3045557705 TSecr=2916037919"
"38711","33.856037480","192.168.1.55","192.168.1.2","TCP","1514","8004  >  36246 [ACK] Seq=479478 Ack=144 Win=65024 Len=1448 TSval=2916037936 TSecr=3045557705 [TCP segment of a reassembled PDU]"
"38712","33.856045739","192.168.1.55","192.168.1.2","TCP","1514","8004  >  36246 [ACK] Seq=480926 Ack=144 Win=65024 Len=1448 TSval=2916037936 TSecr=3045557705 [TCP segment of a reassembled PDU]"
"38713","33.856047073","192.168.1.55","192.168.1.2","TCP","1514","8004  >  36246 [ACK] Seq=482374 Ack=144 Win=65024 Len=1448 TSval=2916037936 TSecr=3045557705 [TCP segment of a reassembled PDU]"
"38714","33.856049202","192.168.1.55","192.168.1.2","TCP","1514","8004  >  36246 [ACK] Seq=483822 Ack=144 Win=65024 Len=1448 TSval=2916037936 TSecr=3045557705 [TCP segment of a reassembled PDU]"
"38715","33.856051110","192.168.1.55","192.168.1.2","TCP","1514","8004  >  36246 [ACK] Seq=485270 Ack=144 Win=65024 Len=1448 TSval=2916037936 TSecr=3045557705 [TCP segment of a reassembled PDU]"
"38716","33.856052406","192.168.1.55","192.168.1.2","TCP","1514","8004  >  36246 [ACK] Seq=486718 Ack=144 Win=65024 Len=1448 TSval=2916037936 TSecr=3045557705 [TCP segment of a reassembled PDU]"
"38717","33.856053739","192.168.1.55","192.168.1.2","TCP","1514","8004  >  36246 [ACK] Seq=488166 Ack=144 Win=65024 Len=1448 TSval=2916037936 TSecr=3045557705 [TCP segment of a reassembled PDU]"
"38718","33.856055795","192.168.1.55","192.168.1.2","TCP","1514","8004  >  36246 [ACK] Seq=489614 Ack=144 Win=65024 Len=1448 TSval=2916037936 TSecr=3045557705 [TCP segment of a reassembled PDU]"
"38719","33.856057591","192.168.1.55","192.168.1.2","TCP","1514","8004  >  36246 [ACK] Seq=491062 Ack=144 Win=65024 Len=1448 TSval=2916037936 TSecr=3045557705 [TCP segment of a reassembled PDU]"
"38720","33.856058758","192.168.1.55","192.168.1.2","TCP","1514","8004  >  36246 [ACK] Seq=492510 Ack=144 Win=65024 Len=1448 TSval=2916037936 TSecr=3045557705 [TCP segment of a reassembled PDU]"
"38721","33.856061665","192.168.1.55","192.168.1.2","TCP","1514","8004  >  36246 [ACK] Seq=493958 Ack=144 Win=65024 Len=1448 TSval=2916037936 TSecr=3045557705 [TCP segment of a reassembled PDU]"
"38722","33.856063295","192.168.1.55","192.168.1.2","TCP","1514","8004  >  36246 [ACK] Seq=495406 Ack=144 Win=65024 Len=1448 TSval=2916037936 TSecr=3045557705 [TCP segment of a reassembled PDU]"
"38723","33.856064591","192.168.1.55","192.168.1.2","TCP","1514","8004  >  36246 [PSH, ACK] Seq=496854 Ack=144 Win=65024 Len=1448 TSval=2916037936 TSecr=3045557705 [TCP segment of a reassembled PDU]"
"38724","33.856078943","192.168.1.55","192.168.1.2","HTTP","222","HTTP/1.0 200 OK  (PNG)"
"38725","33.856147629","192.168.1.2","192.168.1.55","TCP","66","36246  >  8004 [ACK] Seq=144 Ack=339022 Win=164864 Len=0 TSval=3045557706 TSecr=2916037919"
"38726","33.856157147","192.168.1.2","192.168.1.55","TCP","66","36246  >  8004 [ACK] Seq=144 Ack=379566 Win=165888 Len=0 TSval=3045557711 TSecr=2916037919"
"38727","33.856163684","192.168.1.2","192.168.1.55","TCP","66","36246  >  8004 [ACK] Seq=144 Ack=424454 Win=160768 Len=0 TSval=3045557711 TSecr=2916037919"
"38728","33.856173147","192.168.1.2","192.168.1.55","TCP","66","36246  >  8004 [ACK] Seq=144 Ack=437486 Win=148480 Len=0 TSval=3045557711 TSecr=2916037920"
"38729","33.856231795","192.168.1.2","192.168.1.55","TCP","66","36246  >  8004 [ACK] Seq=144 Ack=452430 Win=190464 Len=0 TSval=3045557711 TSecr=2916037920"
"38730","33.856238518","192.168.1.2","192.168.1.55","TCP","66","36246  >  8004 [ACK] Seq=144 Ack=465462 Win=178176 Len=0 TSval=3045557711 TSecr=2916037920"
"38731","33.856247795","192.168.1.2","192.168.1.55","TCP","66","36246  >  8004 [ACK] Seq=144 Ack=469342 Win=188416 Len=0 TSval=3045557711 TSecr=2916037920"
"38732","33.856254499","192.168.1.2","192.168.1.55","TCP","66","36246  >  8004 [ACK] Seq=144 Ack=478030 Win=188416 Len=0 TSval=3045557711 TSecr=2916037921"
"38733","33.858114558","192.168.1.2","192.168.1.55","TCP","66","36246  >  8004 [ACK] Seq=144 Ack=479478 Win=192512 Len=0 TSval=3045557712 TSecr=2916037921"
"38734","33.859607967","192.168.1.2","192.168.1.55","TCP","66","36246  >  8004 [ACK] Seq=144 Ack=498302 Win=192512 Len=0 TSval=3045557715 TSecr=2916037936"
"38735","33.861099803","192.168.1.2","192.168.1.55","TCP","66","36246  >  8004 [FIN, ACK] Seq=144 Ack=498459 Win=195584 Len=0 TSval=3045557715 TSecr=2916037936"
"38736","33.861136414","192.168.1.55","192.168.1.2","TCP","66","8004  >  36246 [ACK] Seq=498459 Ack=145 Win=65024 Len=0 TSval=2916037941 TSecr=3045557715"
"38737","33.861177803","192.168.1.2","192.168.1.55","TCP","74","36254  >  8004 [SYN] Seq=0 Win=64240 Len=0 MSS=1460 SACK_PERM TSval=3045557716 TSecr=0 WS=1024"
"38738","33.861201859","192.168.1.55","192.168.1.2","TCP","74","8004  >  36254 [SYN, ACK] Seq=0 Ack=1 Win=65160 Len=0 MSS=1460 SACK_PERM TSval=2916037941 TSecr=3045557716 WS=128"
"38739","33.864508327","192.168.1.2","192.168.1.55","TCP","66","36254  >  8004 [ACK] Seq=1 Ack=1 Win=64512 Len=0 TSval=3045557719 TSecr=2916037941"
"38740","33.867715610","192.168.1.2","192.168.1.55","HTTP","206","GET /stego_benchmark.png HTTP/1.1 "
"38741","33.867727740","192.168.1.55","192.168.1.2","TCP","66","8004  >  36254 [ACK] Seq=1 Ack=141 Win=65024 Len=0 TSval=2916037948 TSecr=3045557719"
"38742","33.868266648","192.168.1.55","192.168.1.2","TCP","255","8004  >  36254 [PSH, ACK] Seq=1 Ack=141 Win=65024 Len=189 TSval=2916037948 TSecr=3045557719 [TCP segment of a reassembled PDU]"
"38743","33.868355037","192.168.1.55","192.168.1.2","TCP","1514","8004  >  36254 [ACK] Seq=190 Ack=141 Win=65024 Len=1448 TSval=2916037949 TSecr=3045557719 [TCP segment of a reassembled PDU]"
"38744","33.868359592","192.168.1.55","192.168.1.2","TCP","1514","8004  >  36254 [ACK] Seq=1638 Ack=141 Win=65024 Len=1448 TSval=2916037949 TSecr=3045557719 [TCP segment of a reassembled PDU]"
"38745","33.868361037","192.168.1.55","192.168.1.2","TCP","1514","8004  >  36254 [ACK] Seq=3086 Ack=141 Win=65024 Len=1448 TSval=2916037949 TSecr=3045557719 [TCP segment of a reassembled PDU]"
"38746","33.868362574","192.168.1.55","192.168.1.2","TCP","1514","8004  >  36254 [ACK] Seq=4534 Ack=141 Win=65024 Len=1448 TSval=2916037949 TSecr=3045557719 [TCP segment of a reassembled PDU]"
"38747","33.868364407","192.168.1.55","192.168.1.2","TCP","1514","8004  >  36254 [PSH, ACK] Seq=5982 Ack=141 Win=65024 Len=1448 TSval=2916037949 TSecr=3045557719 [TCP segment of a reassembled PDU]"
"38748","33.868381055","192.168.1.55","192.168.1.2","TCP","1514","8004  >  36254 [ACK] Seq=7430 Ack=141 Win=65024 Len=1448 TSval=2916037949 TSecr=3045557719 [TCP segment of a reassembled PDU]"
"38749","33.868382815","192.168.1.55","192.168.1.2","TCP","1514","8004  >  36254 [ACK] Seq=8878 Ack=141 Win=65024 Len=1448 TSval=2916037949 TSecr=3045557719 [TCP segment of a reassembled PDU]"
"38750","33.868384148","192.168.1.55","192.168.1.2","TCP","1514","8004  >  36254 [ACK] Seq=10326 Ack=141 Win=65024 Len=1448 TSval=2916037949 TSecr=3045557719 [TCP segment of a reassembled PDU]"
"38751","33.868385500","192.168.1.55","192.168.1.2","TCP","1514","8004  >  36254 [PSH, ACK] Seq=11774 Ack=141 Win=65024 Len=1448 TSval=2916037949 TSecr=3045557719 [TCP segment of a reassembled PDU]"
"38752","33.872740544","192.168.1.2","192.168.1.55","TCP","66","36254  >  8004 [ACK] Seq=141 Ack=190 Win=64512 Len=0 TSval=3045557727 TSecr=2916037948"
"38753","33.872949840","192.168.1.55","192.168.1.2","TCP","1514","8004  >  36254 [ACK] Seq=13222 Ack=141 Win=65024 Len=1448 TSval=2916037953 TSecr=3045557727 [TCP segment of a reassembled PDU]"
"38754","33.872977081","192.168.1.55","192.168.1.2","TCP","1514","8004  >  36254 [PSH, ACK] Seq=14670 Ack=141 Win=65024 Len=1448 TSval=2916037953 TSecr=3045557727 [TCP segment of a reassembled PDU]"
"38755","33.873074674","192.168.1.2","192.168.1.55","TCP","66","36254  >  8004 [ACK] Seq=141 Ack=11774 Win=73728 Len=0 TSval=3045557727 TSecr=2916037949"
"38756","33.873145582","192.168.1.55","192.168.1.2","TCP","1514","8004  >  36254 [ACK] Seq=16118 Ack=141 Win=65024 Len=1448 TSval=2916037953 TSecr=3045557727 [TCP segment of a reassembled PDU]"
"38757","33.873150637","192.168.1.55","192.168.1.2","TCP","1514","8004  >  36254 [ACK] Seq=17566 Ack=141 Win=65024 Len=1448 TSval=2916037953 TSecr=3045557727 [TCP segment of a reassembled PDU]"
"38758","33.873152526","192.168.1.55","192.168.1.2","TCP","1514","8004  >  36254 [ACK] Seq=19014 Ack=141 Win=65024 Len=1448 TSval=2916037953 TSecr=3045557727 [TCP segment of a reassembled PDU]"
"38759","33.873154396","192.168.1.55","192.168.1.2","TCP","1514","8004  >  36254 [ACK] Seq=20462 Ack=141 Win=65024 Len=1448 TSval=2916037953 TSecr=3045557727 [TCP segment of a reassembled PDU]"
"38760","33.873155952","192.168.1.55","192.168.1.2","TCP","1514","8004  >  36254 [ACK] Seq=21910 Ack=141 Win=65024 Len=1448 TSval=2916037953 TSecr=3045557727 [TCP segment of a reassembled PDU]"
"38761","33.873157563","192.168.1.55","192.168.1.2","TCP","1514","8004  >  36254 [ACK] Seq=23358 Ack=141 Win=65024 Len=1448 TSval=2916037953 TSecr=3045557727 [TCP segment of a reassembled PDU]"
"38762","33.873158841","192.168.1.55","192.168.1.2","TCP","1514","8004  >  36254 [ACK] Seq=24806 Ack=141 Win=65024 Len=1448 TSval=2916037953 TSecr=3045557727 [TCP segment of a reassembled PDU]"
"38763","33.873160230","192.168.1.55","192.168.1.2","TCP","1514","8004  >  36254 [ACK] Seq=26254 Ack=141 Win=65024 Len=1448 TSval=2916037953 TSecr=3045557727 [TCP segment of a reassembled PDU]"
"38764","33.873162193","192.168.1.55","192.168.1.2","TCP","1514","8004  >  36254 [PSH, ACK] Seq=27702 Ack=141 Win=65024 Len=1448 TSval=2916037953 TSecr=3045557727 [TCP segment of a reassembled PDU]"
"38765","33.873199989","192.168.1.55","192.168.1.2","TCP","1514","8004  >  36254 [ACK] Seq=29150 Ack=141 Win=65024 Len=1448 TSval=2916037953 TSecr=3045557727 [TCP segment of a reassembled PDU]"
"38766","33.873202174","192.168.1.55","192.168.1.2","TCP","1514","8004  >  36254 [ACK] Seq=30598 Ack=141 Win=65024 Len=1448 TSval=2916037953 TSecr=3045557727 [TCP segment of a reassembled PDU]"
"38767","33.873203804","192.168.1.55","192.168.1.2","TCP","1514","8004  >  36254 [ACK] Seq=32046 Ack=141 Win=65024 Len=1448 TSval=2916037953 TSecr=3045557727 [TCP segment of a reassembled PDU]"
"38768","33.873222026","192.168.1.55","192.168.1.2","TCP","1514","8004  >  36254 [ACK] Seq=33494 Ack=141 Win=65024 Len=1448 TSval=2916037953 TSecr=3045557727 [TCP segment of a reassembled PDU]"
"38769","33.873224711","192.168.1.55","192.168.1.2","TCP","1514","8004  >  36254 [ACK] Seq=34942 Ack=141 Win=65024 Len=1448 TSval=2916037953 TSecr=3045557727 [TCP segment of a reassembled PDU]"
"38770","33.873226304","192.168.1.55","192.168.1.2","TCP","1514","8004  >  36254 [ACK] Seq=36390 Ack=141 Win=65024 Len=1448 TSval=2916037953 TSecr=3045557727 [TCP segment of a reassembled PDU]"
"38771","33.873227674","192.168.1.55","192.168.1.2","TCP","1514","8004  >  36254 [PSH, ACK] Seq=37838 Ack=141 Win=65024 Len=1448 TSval=2916037953 TSecr=3045557727 [TCP segment of a reassembled PDU]"
"38772","33.873234100","192.168.1.2","192.168.1.55","TCP","66","36254  >  8004 [ACK] Seq=141 Ack=13222 Win=76800 Len=0 TSval=3045557727 TSecr=2916037949"
"38773","33.874061564","192.168.1.55","192.168.1.2","TCP","1514","8004  >  36254 [ACK] Seq=39286 Ack=141 Win=65024 Len=1448 TSval=2916037954 TSecr=3045557727 [TCP segment of a reassembled PDU]"
"38774","33.874067009","192.168.1.55","192.168.1.2","TCP","1514","8004  >  36254 [PSH, ACK] Seq=40734 Ack=141 Win=65024 Len=1448 TSval=2916037954 TSecr=3045557727 [TCP segment of a reassembled PDU]"
"38775","33.877579181","192.168.1.2","192.168.1.55","TCP","66","36254  >  8004 [ACK] Seq=141 Ack=16118 Win=82944 Len=0 TSval=3045557732 TSecr=2916037953"
"38776","33.877646681","192.168.1.55","192.168.1.2","TCP","1514","8004  >  36254 [ACK] Seq=42182 Ack=141 Win=65024 Len=1448 TSval=2916037958 TSecr=3045557732 [TCP segment of a reassembled PDU]"
"38777","33.877654626","192.168.1.55","192.168.1.2","TCP","1514","8004  >  36254 [PSH, ACK] Seq=43630 Ack=141 Win=65024 Len=1448 TSval=2916037958 TSecr=3045557732 [TCP segment of a reassembled PDU]"
"38778","33.877743015","192.168.1.2","192.168.1.55","TCP","66","36254  >  8004 [ACK] Seq=141 Ack=29150 Win=82944 Len=0 TSval=3045557732 TSecr=2916037953"
"38779","33.877783033","192.168.1.55","192.168.1.2","TCP","1514","8004  >  36254 [ACK] Seq=45078 Ack=141 Win=65024 Len=1448 TSval=2916037958 TSecr=3045557732 [TCP segment of a reassembled PDU]"
"38780","33.877787070","192.168.1.55","192.168.1.2","TCP","1514","8004  >  36254 [ACK] Seq=46526 Ack=141 Win=65024 Len=1448 TSval=2916037958 TSecr=3045557732 [TCP segment of a reassembled PDU]"
"38781","33.877788570","192.168.1.55","192.168.1.2","TCP","1514","8004  >  36254 [ACK] Seq=47974 Ack=141 Win=65024 Len=1448 TSval=2916037958 TSecr=3045557732 [TCP segment of a reassembled PDU]"
"38782","33.877789885","192.168.1.55","192.168.1.2","TCP","1514","8004  >  36254 [ACK] Seq=49422 Ack=141 Win=65024 Len=1448 TSval=2916037958 TSecr=3045557732 [TCP segment of a reassembled PDU]"
"38783","33.877791293","192.168.1.55","192.168.1.2","TCP","1514","8004  >  36254 [ACK] Seq=50870 Ack=141 Win=65024 Len=1448 TSval=2916037958 TSecr=3045557732 [TCP segment of a reassembled PDU]"
"38784","33.877792793","192.168.1.55","192.168.1.2","TCP","1514","8004  >  36254 [ACK] Seq=52318 Ack=141 Win=65024 Len=1448 TSval=2916037958 TSecr=3045557732 [TCP segment of a reassembled PDU]"
"38785","33.877794182","192.168.1.55","192.168.1.2","TCP","1514","8004  >  36254 [ACK] Seq=53766 Ack=141 Win=65024 Len=1448 TSval=2916037958 TSecr=3045557732 [TCP segment of a reassembled PDU]"
"38786","33.877795941","192.168.1.55","192.168.1.2","TCP","1514","8004  >  36254 [ACK] Seq=55214 Ack=141 Win=65024 Len=1448 TSval=2916037958 TSecr=3045557732 [TCP segment of a reassembled PDU]"
"38787","33.877798126","192.168.1.55","192.168.1.2","TCP","1514","8004  >  36254 [ACK] Seq=56662 Ack=141 Win=65024 Len=1448 TSval=2916037958 TSecr=3045557732 [TCP segment of a reassembled PDU]"
"38788","33.877799830","192.168.1.55","192.168.1.2","TCP","1514","8004  >  36254 [ACK] Seq=58110 Ack=141 Win=65024 Len=1448 TSval=2916037958 TSecr=3045557732 [TCP segment of a reassembled PDU]"
"38789","33.877801237","192.168.1.55","192.168.1.2","TCP","1514","8004  >  36254 [ACK] Seq=59558 Ack=141 Win=65024 Len=1448 TSval=2916037958 TSecr=3045557732 [TCP segment of a reassembled PDU]"
"38790","33.877802515","192.168.1.55","192.168.1.2","TCP","1514","8004  >  36254 [ACK] Seq=61006 Ack=141 Win=65024 Len=1448 TSval=2916037958 TSecr=3045557732 [TCP segment of a reassembled PDU]"
"38791","33.877803904","192.168.1.55","192.168.1.2","TCP","1514","8004  >  36254 [ACK] Seq=62454 Ack=141 Win=65024 Len=1448 TSval=2916037958 TSecr=3045557732 [TCP segment of a reassembled PDU]"
"38792","33.877805237","192.168.1.55","192.168.1.2","TCP","1514","8004  >  36254 [ACK] Seq=63902 Ack=141 Win=65024 Len=1448 TSval=2916037958 TSecr=3045557732 [TCP segment of a reassembled PDU]"
"38793","33.877806682","192.168.1.55","192.168.1.2","TCP","1514","8004  >  36254 [PSH, ACK] Seq=65350 Ack=141 Win=65024 Len=1448 TSval=2916037958 TSecr=3045557732 [TCP segment of a reassembled PDU]"
"38794","33.877815219","192.168.1.2","192.168.1.55","TCP","66","36254  >  8004 [ACK] Seq=141 Ack=36390 Win=76800 Len=0 TSval=3045557732 TSecr=2916037953"
"38795","33.877847441","192.168.1.55","192.168.1.2","TCP","1514","8004  >  36254 [ACK] Seq=66798 Ack=141 Win=65024 Len=1448 TSval=2916037958 TSecr=3045557732 [TCP segment of a reassembled PDU]"
"38796","33.877849774","192.168.1.55","192.168.1.2","TCP","1514","8004  >  36254 [ACK] Seq=68246 Ack=141 Win=65024 Len=1448 TSval=2916037958 TSecr=3045557732 [TCP segment of a reassembled PDU]"
"38797","33.877851256","192.168.1.55","192.168.1.2","TCP","1514","8004  >  36254 [ACK] Seq=69694 Ack=141 Win=65024 Len=1448 TSval=2916037958 TSecr=3045557732 [TCP segment of a reassembled PDU]"
"38798","33.877852533","192.168.1.55","192.168.1.2","TCP","1514","8004  >  36254 [ACK] Seq=71142 Ack=141 Win=65024 Len=1448 TSval=2916037958 TSecr=3045557732 [TCP segment of a reassembled PDU]"
"38799","33.877853959","192.168.1.55","192.168.1.2","TCP","1514","8004  >  36254 [ACK] Seq=72590 Ack=141 Win=65024 Len=1448 TSval=2916037958 TSecr=3045557732 [TCP segment of a reassembled PDU]"
"38800","33.877855348","192.168.1.55","192.168.1.2","TCP","1514","8004  >  36254 [ACK] Seq=74038 Ack=141 Win=65024 Len=1448 TSval=2916037958 TSecr=3045557732 [TCP segment of a reassembled PDU]"
"38801","33.877856645","192.168.1.55","192.168.1.2","TCP","1514","8004  >  36254 [PSH, ACK] Seq=75486 Ack=141 Win=65024 Len=1448 TSval=2916037958 TSecr=3045557732 [TCP segment of a reassembled PDU]"
"38802","33.877862515","192.168.1.2","192.168.1.55","TCP","66","36254  >  8004 [ACK] Seq=141 Ack=39286 Win=89088 Len=0 TSval=3045557733 TSecr=2916037953"
"38803","33.877866496","192.168.1.2","192.168.1.55","TCP","66","36254  >  8004 [ACK] Seq=141 Ack=42182 Win=91136 Len=0 TSval=3045557733 TSecr=2916037954"
"38804","33.877931293","192.168.1.55","192.168.1.2","TCP","1514","8004  >  36254 [ACK] Seq=76934 Ack=141 Win=65024 Len=1448 TSval=2916037958 TSecr=3045557733 [TCP segment of a reassembled PDU]"
"38805","33.877938089","192.168.1.55","192.168.1.2","TCP","1514","8004  >  36254 [ACK] Seq=78382 Ack=141 Win=65024 Len=1448 TSval=2916037958 TSecr=3045557733 [TCP segment of a reassembled PDU]"
"38806","33.877939534","192.168.1.55","192.168.1.2","TCP","1514","8004  >  36254 [ACK] Seq=79830 Ack=141 Win=65024 Len=1448 TSval=2916037958 TSecr=3045557733 [TCP segment of a reassembled PDU]"
"38807","33.877940848","192.168.1.55","192.168.1.2","TCP","1514","8004  >  36254 [ACK] Seq=81278 Ack=141 Win=65024 Len=1448 TSval=2916037958 TSecr=3045557733 [TCP segment of a reassembled PDU]"
"38808","33.877942219","192.168.1.55","192.168.1.2","TCP","1514","8004  >  36254 [ACK] Seq=82726 Ack=141 Win=65024 Len=1448 TSval=2916037958 TSecr=3045557733 [TCP segment of a reassembled PDU]"
"38809","33.877943867","192.168.1.55","192.168.1.2","TCP","1514","8004  >  36254 [ACK] Seq=84174 Ack=141 Win=65024 Len=1448 TSval=2916037958 TSecr=3045557733 [TCP segment of a reassembled PDU]"
"38810","33.877945385","192.168.1.55","192.168.1.2","TCP","1514","8004  >  36254 [ACK] Seq=85622 Ack=141 Win=65024 Len=1448 TSval=2916037958 TSecr=3045557733 [TCP segment of a reassembled PDU]"
"38811","33.877948034","192.168.1.55","192.168.1.2","TCP","1514","8004  >  36254 [ACK] Seq=87070 Ack=141 Win=65024 Len=1448 TSval=2916037958 TSecr=3045557733 [TCP segment of a reassembled PDU]"
"38812","33.877949848","192.168.1.55","192.168.1.2","TCP","1514","8004  >  36254 [ACK] Seq=88518 Ack=141 Win=65024 Len=1448 TSval=2916037958 TSecr=3045557733 [TCP segment of a reassembled PDU]"
"38813","33.877951163","192.168.1.55","192.168.1.2","TCP","1514","8004  >  36254 [ACK] Seq=89966 Ack=141 Win=65024 Len=1448 TSval=2916037958 TSecr=3045557733 [TCP segment of a reassembled PDU]"
"38814","33.877952552","192.168.1.55","192.168.1.2","TCP","1514","8004  >  36254 [ACK] Seq=91414 Ack=141 Win=65024 Len=1448 TSval=2916037958 TSecr=3045557733 [TCP segment of a reassembled PDU]"
"38815","33.877953848","192.168.1.55","192.168.1.2","TCP","1514","8004  >  36254 [ACK] Seq=92862 Ack=141 Win=65024 Len=1448 TSval=2916037958 TSecr=3045557733 [TCP segment of a reassembled PDU]"
"38816","33.877955293","192.168.1.55","192.168.1.2","TCP","1514","8004  >  36254 [ACK] Seq=94310 Ack=141 Win=65024 Len=1448 TSval=2916037958 TSecr=3045557733 [TCP segment of a reassembled PDU]"
"38817","33.877957200","192.168.1.55","192.168.1.2","TCP","1514","8004  >  36254 [ACK] Seq=95758 Ack=141 Win=65024 Len=1448 TSval=2916037958 TSecr=3045557733 [TCP segment of a reassembled PDU]"
"38818","33.877958811","192.168.1.55","192.168.1.2","TCP","1514","8004  >  36254 [ACK] Seq=97206 Ack=141 Win=65024 Len=1448 TSval=2916037958 TSecr=3045557733 [TCP segment of a reassembled PDU]"
"38819","33.877960386","192.168.1.55","192.168.1.2","TCP","1514","8004  >  36254 [PSH, ACK] Seq=98654 Ack=141 Win=65024 Len=1448 TSval=2916037958 TSecr=3045557733 [TCP segment of a reassembled PDU]"
"38820","33.883127875","192.168.1.2","192.168.1.55","TCP","66","36254  >  8004 [ACK] Seq=141 Ack=45078 Win=92160 Len=0 TSval=3045557737 TSecr=2916037958"
"38821","33.883165579","192.168.1.55","192.168.1.2","TCP","1514","8004  >  36254 [ACK] Seq=100102 Ack=141 Win=65024 Len=1448 TSval=2916037963 TSecr=3045557737 [TCP segment of a reassembled PDU]"
"38822","33.883170412","192.168.1.55","192.168.1.2","TCP","1514","8004  >  36254 [ACK] Seq=101550 Ack=141 Win=65024 Len=1448 TSval=2916037963 TSecr=3045557737 [TCP segment of a reassembled PDU]"
"38823","33.883171746","192.168.1.55","192.168.1.2","TCP","1514","8004  >  36254 [ACK] Seq=102998 Ack=141 Win=65024 Len=1448 TSval=2916037963 TSecr=3045557737 [TCP segment of a reassembled PDU]"
"38824","33.883173042","192.168.1.55","192.168.1.2","TCP","1514","8004  >  36254 [PSH, ACK] Seq=104446 Ack=141 Win=65024 Len=1448 TSval=2916037963 TSecr=3045557737 [TCP segment of a reassembled PDU]"
"38825","33.883458672","192.168.1.2","192.168.1.55","TCP","66","36254  >  8004 [ACK] Seq=141 Ack=55214 Win=87040 Len=0 TSval=3045557737 TSecr=2916037958"
"38826","33.883477580","192.168.1.55","192.168.1.2","TCP","1514","8004  >  36254 [ACK] Seq=105894 Ack=141 Win=65024 Len=1448 TSval=2916037964 TSecr=3045557737 [TCP segment of a reassembled PDU]"
"38827","33.883479746","192.168.1.55","192.168.1.2","TCP","1514","8004  >  36254 [ACK] Seq=107342 Ack=141 Win=65024 Len=1448 TSval=2916037964 TSecr=3045557737 [TCP segment of a reassembled PDU]"
"38828","33.883481265","192.168.1.55","192.168.1.2","TCP","1514","8004  >  36254 [ACK] Seq=108790 Ack=141 Win=65024 Len=1448 TSval=2916037964 TSecr=3045557737 [TCP segment of a reassembled PDU]"
"38829","33.883482505","192.168.1.55","192.168.1.2","TCP","1514","8004  >  36254 [ACK] Seq=110238 Ack=141 Win=65024 Len=1448 TSval=2916037964 TSecr=3045557737 [TCP segment of a reassembled PDU]"
"38830","33.883485061","192.168.1.55","192.168.1.2","TCP","1514","8004  >  36254 [PSH, ACK] Seq=111686 Ack=141 Win=65024 Len=1448 TSval=2916037964 TSecr=3045557737 [TCP segment of a reassembled PDU]"
"38831","33.883490357","192.168.1.2","192.168.1.55","TCP","66","36254  >  8004 [ACK] Seq=141 Ack=66798 Win=86016 Len=0 TSval=3045557737 TSecr=2916037958"
"38832","33.883538283","192.168.1.55","192.168.1.2","TCP","1514","8004  >  36254 [ACK] Seq=113134 Ack=141 Win=65024 Len=1448 TSval=2916037964 TSecr=3045557737 [TCP segment of a reassembled PDU]"
"38833","33.883539672","192.168.1.55","192.168.1.2","TCP","1514","8004  >  36254 [ACK] Seq=114582 Ack=141 Win=65024 Len=1448 TSval=2916037964 TSecr=3045557737 [TCP segment of a reassembled PDU]"
"38834","33.883541302","192.168.1.55","192.168.1.2","TCP","1514","8004  >  36254 [ACK] Seq=116030 Ack=141 Win=65024 Len=1448 TSval=2916037964 TSecr=3045557737 [TCP segment of a reassembled PDU]"
"38835","33.883543117","192.168.1.55","192.168.1.2","TCP","1514","8004  >  36254 [ACK] Seq=117478 Ack=141 Win=65024 Len=1448 TSval=2916037964 TSecr=3045557737 [TCP segment of a reassembled PDU]"
"38836","33.883544450","192.168.1.55","192.168.1.2","TCP","1514","8004  >  36254 [ACK] Seq=118926 Ack=141 Win=65024 Len=1448 TSval=2916037964 TSecr=3045557737 [TCP segment of a reassembled PDU]"
"38837","33.883546135","192.168.1.55","192.168.1.2","TCP","1514","8004  >  36254 [ACK] Seq=120374 Ack=141 Win=65024 Len=1448 TSval=2916037964 TSecr=3045557737 [TCP segment of a reassembled PDU]"
"38838","33.883547746","192.168.1.55","192.168.1.2","TCP","1514","8004  >  36254 [ACK] Seq=121822 Ack=141 Win=65024 Len=1448 TSval=2916037964 TSecr=3045557737 [TCP segment of a reassembled PDU]"
"38839","33.883549598","192.168.1.55","192.168.1.2","TCP","1514","8004  >  36254 [ACK] Seq=123270 Ack=141 Win=65024 Len=1448 TSval=2916037964 TSecr=3045557737 [TCP segment of a reassembled PDU]"
"38840","33.883551024","192.168.1.55","192.168.1.2","TCP","1514","8004  >  36254 [ACK] Seq=124718 Ack=141 Win=65024 Len=1448 TSval=2916037964 TSecr=3045557737 [TCP segment of a reassembled PDU]"
"38841","33.883553043","192.168.1.55","192.168.1.2","TCP","1514","8004  >  36254 [ACK] Seq=126166 Ack=141 Win=65024 Len=1448 TSval=2916037964 TSecr=3045557737 [TCP segment of a reassembled PDU]"
"38842","33.883554691","192.168.1.55","192.168.1.2","TCP","1514","8004  >  36254 [ACK] Seq=127614 Ack=141 Win=65024 Len=1448 TSval=2916037964 TSecr=3045557737 [TCP segment of a reassembled PDU]"
"38843","33.883555913","192.168.1.55","192.168.1.2","TCP","1514","8004  >  36254 [ACK] Seq=129062 Ack=141 Win=65024 Len=1448 TSval=2916037964 TSecr=3045557737 [TCP segment of a reassembled PDU]"
"38844","33.883557413","192.168.1.55","192.168.1.2","TCP","1514","8004  >  36254 [ACK] Seq=130510 Ack=141 Win=65024 Len=1448 TSval=2916037964 TSecr=3045557737 [TCP segment of a reassembled PDU]"
"38845","33.883558635","192.168.1.55","192.168.1.2","TCP","1514","8004  >  36254 [ACK] Seq=131958 Ack=141 Win=65024 Len=1448 TSval=2916037964 TSecr=3045557737 [TCP segment of a reassembled PDU]"
"38846","33.883560080","192.168.1.55","192.168.1.2","TCP","1514","8004  >  36254 [ACK] Seq=133406 Ack=141 Win=65024 Len=1448 TSval=2916037964 TSecr=3045557737 [TCP segment of a reassembled PDU]"
"38847","33.883562283","192.168.1.55","192.168.1.2","TCP","1514","8004  >  36254 [ACK] Seq=134854 Ack=141 Win=65024 Len=1448 TSval=2916037964 TSecr=3045557737 [TCP segment of a reassembled PDU]"
"38848","33.883563709","192.168.1.55","192.168.1.2","TCP","1514","8004  >  36254 [ACK] Seq=136302 Ack=141 Win=65024 Len=1448 TSval=2916037964 TSecr=3045557737 [TCP segment of a reassembled PDU]"
"38849","33.883565061","192.168.1.55","192.168.1.2","TCP","1514","8004  >  36254 [ACK] Seq=137750 Ack=141 Win=65024 Len=1448 TSval=2916037964 TSecr=3045557737 [TCP segment of a reassembled PDU]"
"38850","33.883566691","192.168.1.55","192.168.1.2","TCP","1514","8004  >  36254 [ACK] Seq=139198 Ack=141 Win=65024 Len=1448 TSval=2916037964 TSecr=3045557737 [TCP segment of a reassembled PDU]"
"38851","33.883567876","192.168.1.55","192.168.1.2","TCP","1514","8004  >  36254 [ACK] Seq=140646 Ack=141 Win=65024 Len=1448 TSval=2916037964 TSecr=3045557737 [TCP segment of a reassembled PDU]"
"38852","33.883569320","192.168.1.55","192.168.1.2","TCP","1514","8004  >  36254 [ACK] Seq=142094 Ack=141 Win=65024 Len=1448 TSval=2916037964 TSecr=3045557737 [TCP segment of a reassembled PDU]"
"38853","33.883571098","192.168.1.55","192.168.1.2","TCP","1514","8004  >  36254 [ACK] Seq=143542 Ack=141 Win=65024 Len=1448 TSval=2916037964 TSecr=3045557737 [TCP segment of a reassembled PDU]"
"38854","33.883573117","192.168.1.55","192.168.1.2","TCP","1514","8004  >  36254 [ACK] Seq=144990 Ack=141 Win=65024 Len=1448 TSval=2916037964 TSecr=3045557737 [TCP segment of a reassembled PDU]"
"38855","33.883574432","192.168.1.55","192.168.1.2","TCP","1514","8004  >  36254 [ACK] Seq=146438 Ack=141 Win=65024 Len=1448 TSval=2916037964 TSecr=3045557737 [TCP segment of a reassembled PDU]"
"38856","33.883576487","192.168.1.55","192.168.1.2","TCP","1514","8004  >  36254 [PSH, ACK] Seq=147886 Ack=141 Win=65024 Len=1448 TSval=2916037964 TSecr=3045557737 [TCP segment of a reassembled PDU]"
"38857","33.883580969","192.168.1.2","192.168.1.55","TCP","66","36254  >  8004 [ACK] Seq=141 Ack=76934 Win=87040 Len=0 TSval=3045557738 TSecr=2916037958"
"38858","33.883584506","192.168.1.2","192.168.1.55","TCP","66","36254  >  8004 [ACK] Seq=141 Ack=100102 Win=72704 Len=0 TSval=3045557738 TSecr=2916037958"
"38859","33.883606617","192.168.1.55","192.168.1.2","TCP","1514","8004  >  36254 [ACK] Seq=149334 Ack=141 Win=65024 Len=1448 TSval=2916037964 TSecr=3045557738 [TCP segment of a reassembled PDU]"
"38860","33.883657395","192.168.1.55","192.168.1.2","TCP","1514","8004  >  36254 [ACK] Seq=150782 Ack=141 Win=65024 Len=1448 TSval=2916037964 TSecr=3045557738 [TCP segment of a reassembled PDU]"
"38861","33.883660209","192.168.1.55","192.168.1.2","TCP","1514","8004  >  36254 [ACK] Seq=152230 Ack=141 Win=65024 Len=1448 TSval=2916037964 TSecr=3045557738 [TCP segment of a reassembled PDU]"
"38862","33.883661765","192.168.1.55","192.168.1.2","TCP","1514","8004  >  36254 [ACK] Seq=153678 Ack=141 Win=65024 Len=1448 TSval=2916037964 TSecr=3045557738 [TCP segment of a reassembled PDU]"
"38863","33.883662950","192.168.1.55","192.168.1.2","TCP","1514","8004  >  36254 [ACK] Seq=155126 Ack=141 Win=65024 Len=1448 TSval=2916037964 TSecr=3045557738 [TCP segment of a reassembled PDU]"
"38864","33.883665561","192.168.1.55","192.168.1.2","TCP","1514","8004  >  36254 [ACK] Seq=156574 Ack=141 Win=65024 Len=1448 TSval=2916037964 TSecr=3045557738 [TCP segment of a reassembled PDU]"
"38865","33.883667191","192.168.1.55","192.168.1.2","TCP","1514","8004  >  36254 [ACK] Seq=158022 Ack=141 Win=65024 Len=1448 TSval=2916037964 TSecr=3045557738 [TCP segment of a reassembled PDU]"
"38866","33.883668395","192.168.1.55","192.168.1.2","TCP","1514","8004  >  36254 [ACK] Seq=159470 Ack=141 Win=65024 Len=1448 TSval=2916037964 TSecr=3045557738 [TCP segment of a reassembled PDU]"
"38867","33.883669950","192.168.1.55","192.168.1.2","TCP","1514","8004  >  36254 [ACK] Seq=160918 Ack=141 Win=65024 Len=1448 TSval=2916037964 TSecr=3045557738 [TCP segment of a reassembled PDU]"
"38868","33.883671469","192.168.1.55","192.168.1.2","TCP","1514","8004  >  36254 [ACK] Seq=162366 Ack=141 Win=65024 Len=1448 TSval=2916037964 TSecr=3045557738 [TCP segment of a reassembled PDU]"
"38869","33.883673098","192.168.1.55","192.168.1.2","TCP","1514","8004  >  36254 [ACK] Seq=163814 Ack=141 Win=65024 Len=1448 TSval=2916037964 TSecr=3045557738 [TCP segment of a reassembled PDU]"
"38870","33.883674487","192.168.1.55","192.168.1.2","TCP","1514","8004  >  36254 [ACK] Seq=165262 Ack=141 Win=65024 Len=1448 TSval=2916037964 TSecr=3045557738 [TCP segment of a reassembled PDU]"
"38871","33.883676098","192.168.1.55","192.168.1.2","TCP","1514","8004  >  36254 [ACK] Seq=166710 Ack=141 Win=65024 Len=1448 TSval=2916037964 TSecr=3045557738 [TCP segment of a reassembled PDU]"
"38872","33.883677950","192.168.1.55","192.168.1.2","TCP","1514","8004  >  36254 [ACK] Seq=168158 Ack=141 Win=65024 Len=1448 TSval=2916037964 TSecr=3045557738 [TCP segment of a reassembled PDU]"
"38873","33.883679209","192.168.1.55","192.168.1.2","TCP","1514","8004  >  36254 [ACK] Seq=169606 Ack=141 Win=65024 Len=1448 TSval=2916037964 TSecr=3045557738 [TCP segment of a reassembled PDU]"
"38874","33.883680709","192.168.1.55","192.168.1.2","TCP","1514","8004  >  36254 [ACK] Seq=171054 Ack=141 Win=65024 Len=1448 TSval=2916037964 TSecr=3045557738 [TCP segment of a reassembled PDU]"
"38875","33.883682284","192.168.1.55","192.168.1.2","TCP","370","[TCP Window Full] 8004  >  36254 [PSH, ACK] Seq=172502 Ack=141 Win=65024 Len=304 TSval=2916037964 TSecr=3045557738 [TCP segment of a reassembled PDU]"
"38876","33.889527589","192.168.1.2","192.168.1.55","TCP","66","36254  >  8004 [ACK] Seq=141 Ack=105894 Win=88064 Len=0 TSval=3045557740 TSecr=2916037963"
"38877","33.889548756","192.168.1.55","192.168.1.2","TCP","1514","8004  >  36254 [ACK] Seq=172806 Ack=141 Win=65024 Len=1448 TSval=2916037970 TSecr=3045557740 [TCP segment of a reassembled PDU]"
"38878","33.889551071","192.168.1.55","192.168.1.2","TCP","1514","8004  >  36254 [ACK] Seq=174254 Ack=141 Win=65024 Len=1448 TSval=2916037970 TSecr=3045557740 [TCP segment of a reassembled PDU]"
"38879","33.889552219","192.168.1.55","192.168.1.2","TCP","1514","8004  >  36254 [ACK] Seq=175702 Ack=141 Win=65024 Len=1448 TSval=2916037970 TSecr=3045557740 [TCP segment of a reassembled PDU]"
"38880","33.889553367","192.168.1.55","192.168.1.2","TCP","1514","8004  >  36254 [ACK] Seq=177150 Ack=141 Win=65024 Len=1448 TSval=2916037970 TSecr=3045557740 [TCP segment of a reassembled PDU]"
"38881","33.889554626","192.168.1.55","192.168.1.2","TCP","1514","8004  >  36254 [ACK] Seq=178598 Ack=141 Win=65024 Len=1448 TSval=2916037970 TSecr=3045557740 [TCP segment of a reassembled PDU]"
"38882","33.889555700","192.168.1.55","192.168.1.2","TCP","1514","8004  >  36254 [ACK] Seq=180046 Ack=141 Win=65024 Len=1448 TSval=2916037970 TSecr=3045557740 [TCP segment of a reassembled PDU]"
"38883","33.889556830","192.168.1.55","192.168.1.2","TCP","1514","8004  >  36254 [ACK] Seq=181494 Ack=141 Win=65024 Len=1448 TSval=2916037970 TSecr=3045557740 [TCP segment of a reassembled PDU]"
"38884","33.889557978","192.168.1.55","192.168.1.2","TCP","1514","8004  >  36254 [ACK] Seq=182942 Ack=141 Win=65024 Len=1448 TSval=2916037970 TSecr=3045557740 [TCP segment of a reassembled PDU]"
"38885","33.889559108","192.168.1.55","192.168.1.2","TCP","1514","8004  >  36254 [ACK] Seq=184390 Ack=141 Win=65024 Len=1448 TSval=2916037970 TSecr=3045557740 [TCP segment of a reassembled PDU]"
"38886","33.889560145","192.168.1.55","192.168.1.2","TCP","1514","8004  >  36254 [ACK] Seq=185838 Ack=141 Win=65024 Len=1448 TSval=2916037970 TSecr=3045557740 [TCP segment of a reassembled PDU]"
"38887","33.889561219","192.168.1.55","192.168.1.2","TCP","1514","8004  >  36254 [ACK] Seq=187286 Ack=141 Win=65024 Len=1448 TSval=2916037970 TSecr=3045557740 [TCP segment of a reassembled PDU]"
"38888","33.889562348","192.168.1.55","192.168.1.2","TCP","1514","8004  >  36254 [PSH, ACK] Seq=188734 Ack=141 Win=65024 Len=1448 TSval=2916037970 TSecr=3045557740 [TCP segment of a reassembled PDU]"
"38889","33.889567163","192.168.1.55","192.168.1.2","TCP","1210","8004  >  36254 [PSH, ACK] Seq=190182 Ack=141 Win=65024 Len=1144 TSval=2916037970 TSecr=3045557740 [TCP segment of a reassembled PDU]"
"38890","33.890129164","192.168.1.2","192.168.1.55","TCP","66","36254  >  8004 [ACK] Seq=141 Ack=113134 Win=106496 Len=0 TSval=3045557743 TSecr=2916037964"
"38891","33.890136127","192.168.1.2","192.168.1.55","TCP","66","36254  >  8004 [ACK] Seq=141 Ack=133406 Win=102400 Len=0 TSval=3045557744 TSecr=2916037964"
"38892","33.890169998","192.168.1.55","192.168.1.2","TCP","1514","8004  >  36254 [ACK] Seq=191326 Ack=141 Win=65024 Len=1448 TSval=2916037970 TSecr=3045557744 [TCP segment of a reassembled PDU]"
"38893","33.890171849","192.168.1.55","192.168.1.2","TCP","1514","8004  >  36254 [ACK] Seq=192774 Ack=141 Win=65024 Len=1448 TSval=2916037970 TSecr=3045557744 [TCP segment of a reassembled PDU]"
"38894","33.890172924","192.168.1.55","192.168.1.2","TCP","1514","8004  >  36254 [ACK] Seq=194222 Ack=141 Win=65024 Len=1448 TSval=2916037970 TSecr=3045557744 [TCP segment of a reassembled PDU]"
"38895","33.890173979","192.168.1.55","192.168.1.2","TCP","1514","8004  >  36254 [ACK] Seq=195670 Ack=141 Win=65024 Len=1448 TSval=2916037970 TSecr=3045557744 [TCP segment of a reassembled PDU]"
"38896","33.890175516","192.168.1.55","192.168.1.2","TCP","1514","8004  >  36254 [ACK] Seq=197118 Ack=141 Win=65024 Len=1448 TSval=2916037970 TSecr=3045557744 [TCP segment of a reassembled PDU]"
"38897","33.890176627","192.168.1.55","192.168.1.2","TCP","1514","8004  >  36254 [ACK] Seq=198566 Ack=141 Win=65024 Len=1448 TSval=2916037970 TSecr=3045557744 [TCP segment of a reassembled PDU]"
"38898","33.890177720","192.168.1.55","192.168.1.2","TCP","1514","8004  >  36254 [ACK] Seq=200014 Ack=141 Win=65024 Len=1448 TSval=2916037970 TSecr=3045557744 [TCP segment of a reassembled PDU]"
"38899","33.890178942","192.168.1.55","192.168.1.2","TCP","1514","8004  >  36254 [ACK] Seq=201462 Ack=141 Win=65024 Len=1448 TSval=2916037970 TSecr=3045557744 [TCP segment of a reassembled PDU]"
"38900","33.890180072","192.168.1.55","192.168.1.2","TCP","1514","8004  >  36254 [ACK] Seq=202910 Ack=141 Win=65024 Len=1448 TSval=2916037970 TSecr=3045557744 [TCP segment of a reassembled PDU]"
"38901","33.890181238","192.168.1.55","192.168.1.2","TCP","1514","8004  >  36254 [ACK] Seq=204358 Ack=141 Win=65024 Len=1448 TSval=2916037970 TSecr=3045557744 [TCP segment of a reassembled PDU]"
"38902","33.890182479","192.168.1.55","192.168.1.2","TCP","1514","8004  >  36254 [ACK] Seq=205806 Ack=141 Win=65024 Len=1448 TSval=2916037970 TSecr=3045557744 [TCP segment of a reassembled PDU]"
"38903","33.890184035","192.168.1.55","192.168.1.2","TCP","1514","8004  >  36254 [ACK] Seq=207254 Ack=141 Win=65024 Len=1448 TSval=2916037970 TSecr=3045557744 [TCP segment of a reassembled PDU]"
"38904","33.890185201","192.168.1.55","192.168.1.2","TCP","1514","8004  >  36254 [ACK] Seq=208702 Ack=141 Win=65024 Len=1448 TSval=2916037970 TSecr=3045557744 [TCP segment of a reassembled PDU]"
"38905","33.890186238","192.168.1.55","192.168.1.2","TCP","1514","8004  >  36254 [ACK] Seq=210150 Ack=141 Win=65024 Len=1448 TSval=2916037970 TSecr=3045557744 [TCP segment of a reassembled PDU]"
"38906","33.890187424","192.168.1.55","192.168.1.2","TCP","1514","8004  >  36254 [ACK] Seq=211598 Ack=141 Win=65024 Len=1448 TSval=2916037970 TSecr=3045557744 [TCP segment of a reassembled PDU]"
"38907","33.890188609","192.168.1.55","192.168.1.2","TCP","1514","8004  >  36254 [ACK] Seq=213046 Ack=141 Win=65024 Len=1448 TSval=2916037970 TSecr=3045557744 [TCP segment of a reassembled PDU]"
"38908","33.890189701","192.168.1.55","192.168.1.2","TCP","1514","8004  >  36254 [ACK] Seq=214494 Ack=141 Win=65024 Len=1448 TSval=2916037970 TSecr=3045557744 [TCP segment of a reassembled PDU]"
"38909","33.890191238","192.168.1.55","192.168.1.2","TCP","1514","8004  >  36254 [ACK] Seq=215942 Ack=141 Win=65024 Len=1448 TSval=2916037970 TSecr=3045557744 [TCP segment of a reassembled PDU]"
"38910","33.890192405","192.168.1.55","192.168.1.2","TCP","1514","8004  >  36254 [ACK] Seq=217390 Ack=141 Win=65024 Len=1448 TSval=2916037970 TSecr=3045557744 [TCP segment of a reassembled PDU]"
"38911","33.890193498","192.168.1.55","192.168.1.2","TCP","1514","8004  >  36254 [ACK] Seq=218838 Ack=141 Win=65024 Len=1448 TSval=2916037970 TSecr=3045557744 [TCP segment of a reassembled PDU]"
"38912","33.890194609","192.168.1.55","192.168.1.2","TCP","1514","8004  >  36254 [ACK] Seq=220286 Ack=141 Win=65024 Len=1448 TSval=2916037970 TSecr=3045557744 [TCP segment of a reassembled PDU]"
"38913","33.890195905","192.168.1.55","192.168.1.2","TCP","1514","8004  >  36254 [ACK] Seq=221734 Ack=141 Win=65024 Len=1448 TSval=2916037970 TSecr=3045557744 [TCP segment of a reassembled PDU]"
"38914","33.890197164","192.168.1.55","192.168.1.2","TCP","1514","8004  >  36254 [ACK] Seq=223182 Ack=141 Win=65024 Len=1448 TSval=2916037970 TSecr=3045557744 [TCP segment of a reassembled PDU]"
"38915","33.890198275","192.168.1.55","192.168.1.2","TCP","1514","8004  >  36254 [ACK] Seq=224630 Ack=141 Win=65024 Len=1448 TSval=2916037970 TSecr=3045557744 [TCP segment of a reassembled PDU]"
"38916","33.890199516","192.168.1.55","192.168.1.2","TCP","1514","8004  >  36254 [ACK] Seq=226078 Ack=141 Win=65024 Len=1448 TSval=2916037970 TSecr=3045557744 [TCP segment of a reassembled PDU]"
"38917","33.890200757","192.168.1.55","192.168.1.2","TCP","1514","8004  >  36254 [ACK] Seq=227526 Ack=141 Win=65024 Len=1448 TSval=2916037970 TSecr=3045557744 [TCP segment of a reassembled PDU]"
"38918","33.890201831","192.168.1.55","192.168.1.2","TCP","1514","8004  >  36254 [ACK] Seq=228974 Ack=141 Win=65024 Len=1448 TSval=2916037970 TSecr=3045557744 [TCP segment of a reassembled PDU]"
"38919","33.890202998","192.168.1.55","192.168.1.2","TCP","1514","8004  >  36254 [ACK] Seq=230422 Ack=141 Win=65024 Len=1448 TSval=2916037970 TSecr=3045557744 [TCP segment of a reassembled PDU]"
"38920","33.890204127","192.168.1.55","192.168.1.2","TCP","1514","8004  >  36254 [ACK] Seq=231870 Ack=141 Win=65024 Len=1448 TSval=2916037970 TSecr=3045557744 [TCP segment of a reassembled PDU]"
"38921","33.890205257","192.168.1.55","192.168.1.2","TCP","1514","8004  >  36254 [PSH, ACK] Seq=233318 Ack=141 Win=65024 Len=1448 TSval=2916037970 TSecr=3045557744 [TCP segment of a reassembled PDU]"
"38922","33.890209609","192.168.1.2","192.168.1.55","TCP","66","36254  >  8004 [ACK] Seq=141 Ack=149334 Win=106496 Len=0 TSval=3045557744 TSecr=2916037964"
"38923","33.890216683","192.168.1.55","192.168.1.2","TCP","1514","8004  >  36254 [ACK] Seq=234766 Ack=141 Win=65024 Len=1448 TSval=2916037970 TSecr=3045557744 [TCP segment of a reassembled PDU]"
"38924","33.890220257","192.168.1.2","192.168.1.55","TCP","66","36254  >  8004 [ACK] Seq=141 Ack=169606 Win=87040 Len=0 TSval=3045557744 TSecr=2916037964"
"38925","33.894819375","192.168.1.2","192.168.1.55","TCP","66","36254  >  8004 [ACK] Seq=141 Ack=171054 Win=109568 Len=0 TSval=3045557745 TSecr=2916037964"
"38926","33.894853912","192.168.1.55","192.168.1.2","TCP","1514","8004  >  36254 [ACK] Seq=236214 Ack=141 Win=65024 Len=1448 TSval=2916037975 TSecr=3045557745 [TCP segment of a reassembled PDU]"
"38927","33.894856727","192.168.1.55","192.168.1.2","TCP","1514","8004  >  36254 [ACK] Seq=237662 Ack=141 Win=65024 Len=1448 TSval=2916037975 TSecr=3045557745 [TCP segment of a reassembled PDU]"
"38928","33.894858098","192.168.1.55","192.168.1.2","TCP","1514","8004  >  36254 [ACK] Seq=239110 Ack=141 Win=65024 Len=1448 TSval=2916037975 TSecr=3045557745 [TCP segment of a reassembled PDU]"
"38929","33.894859579","192.168.1.55","192.168.1.2","TCP","1514","8004  >  36254 [ACK] Seq=240558 Ack=141 Win=65024 Len=1448 TSval=2916037975 TSecr=3045557745 [TCP segment of a reassembled PDU]"
"38930","33.894861061","192.168.1.55","192.168.1.2","TCP","1514","8004  >  36254 [ACK] Seq=242006 Ack=141 Win=65024 Len=1448 TSval=2916037975 TSecr=3045557745 [TCP segment of a reassembled PDU]"
"38931","33.894862431","192.168.1.55","192.168.1.2","TCP","1514","8004  >  36254 [ACK] Seq=243454 Ack=141 Win=65024 Len=1448 TSval=2916037975 TSecr=3045557745 [TCP segment of a reassembled PDU]"
"38932","33.894863875","192.168.1.55","192.168.1.2","TCP","1514","8004  >  36254 [ACK] Seq=244902 Ack=141 Win=65024 Len=1448 TSval=2916037975 TSecr=3045557745 [TCP segment of a reassembled PDU]"
"38933","33.894865709","192.168.1.55","192.168.1.2","TCP","1514","8004  >  36254 [ACK] Seq=246350 Ack=141 Win=65024 Len=1448 TSval=2916037975 TSecr=3045557745 [TCP segment of a reassembled PDU]"
"38934","33.894867172","192.168.1.55","192.168.1.2","TCP","1514","8004  >  36254 [ACK] Seq=247798 Ack=141 Win=65024 Len=1448 TSval=2916037975 TSecr=3045557745 [TCP segment of a reassembled PDU]"
"38935","33.894868561","192.168.1.55","192.168.1.2","TCP","1514","8004  >  36254 [ACK] Seq=249246 Ack=141 Win=65024 Len=1448 TSval=2916037975 TSecr=3045557745 [TCP segment of a reassembled PDU]"
"38936","33.894869820","192.168.1.55","192.168.1.2","TCP","1514","8004  >  36254 [ACK] Seq=250694 Ack=141 Win=65024 Len=1448 TSval=2916037975 TSecr=3045557745 [TCP segment of a reassembled PDU]"
"38937","33.894871524","192.168.1.55","192.168.1.2","TCP","1514","8004  >  36254 [ACK] Seq=252142 Ack=141 Win=65024 Len=1448 TSval=2916037975 TSecr=3045557745 [TCP segment of a reassembled PDU]"
"38938","33.894872838","192.168.1.55","192.168.1.2","TCP","1514","8004  >  36254 [ACK] Seq=253590 Ack=141 Win=65024 Len=1448 TSval=2916037975 TSecr=3045557745 [TCP segment of a reassembled PDU]"
"38939","33.894874135","192.168.1.55","192.168.1.2","TCP","1514","8004  >  36254 [ACK] Seq=255038 Ack=141 Win=65024 Len=1448 TSval=2916037975 TSecr=3045557745 [TCP segment of a reassembled PDU]"
"38940","33.894875524","192.168.1.55","192.168.1.2","TCP","1514","8004  >  36254 [ACK] Seq=256486 Ack=141 Win=65024 Len=1448 TSval=2916037975 TSecr=3045557745 [TCP segment of a reassembled PDU]"
"38941","33.894876912","192.168.1.55","192.168.1.2","TCP","1514","8004  >  36254 [ACK] Seq=257934 Ack=141 Win=65024 Len=1448 TSval=2916037975 TSecr=3045557745 [TCP segment of a reassembled PDU]"
"38942","33.894878672","192.168.1.55","192.168.1.2","TCP","1514","8004  >  36254 [ACK] Seq=259382 Ack=141 Win=65024 Len=1448 TSval=2916037975 TSecr=3045557745 [TCP segment of a reassembled PDU]"
"38943","33.894880061","192.168.1.55","192.168.1.2","TCP","1514","8004  >  36254 [ACK] Seq=260830 Ack=141 Win=65024 Len=1448 TSval=2916037975 TSecr=3045557745 [TCP segment of a reassembled PDU]"
"38944","33.894881338","192.168.1.55","192.168.1.2","TCP","1514","8004  >  36254 [ACK] Seq=262278 Ack=141 Win=65024 Len=1448 TSval=2916037975 TSecr=3045557745 [TCP segment of a reassembled PDU]"
"38945","33.894882746","192.168.1.55","192.168.1.2","TCP","1514","8004  >  36254 [ACK] Seq=263726 Ack=141 Win=65024 Len=1448 TSval=2916037975 TSecr=3045557745 [TCP segment of a reassembled PDU]"
"38946","33.894884042","192.168.1.55","192.168.1.2","TCP","1514","8004  >  36254 [ACK] Seq=265174 Ack=141 Win=65024 Len=1448 TSval=2916037975 TSecr=3045557745 [TCP segment of a reassembled PDU]"
"38947","33.894885450","192.168.1.55","192.168.1.2","TCP","1514","8004  >  36254 [ACK] Seq=266622 Ack=141 Win=65024 Len=1448 TSval=2916037975 TSecr=3045557745 [TCP segment of a reassembled PDU]"
"38948","33.894892431","192.168.1.55","192.168.1.2","TCP","1514","8004  >  36254 [ACK] Seq=268070 Ack=141 Win=65024 Len=1448 TSval=2916037975 TSecr=3045557745 [TCP segment of a reassembled PDU]"
"38949","33.894894375","192.168.1.55","192.168.1.2","TCP","1514","8004  >  36254 [ACK] Seq=269518 Ack=141 Win=65024 Len=1448 TSval=2916037975 TSecr=3045557745 [TCP segment of a reassembled PDU]"
"38950","33.894895894","192.168.1.55","192.168.1.2","TCP","1514","8004  >  36254 [ACK] Seq=270966 Ack=141 Win=65024 Len=1448 TSval=2916037975 TSecr=3045557745 [TCP segment of a reassembled PDU]"
"38951","33.894897190","192.168.1.55","192.168.1.2","TCP","1514","8004  >  36254 [ACK] Seq=272414 Ack=141 Win=65024 Len=1448 TSval=2916037975 TSecr=3045557745 [TCP segment of a reassembled PDU]"
"38952","33.894898579","192.168.1.55","192.168.1.2","TCP","1514","8004  >  36254 [ACK] Seq=273862 Ack=141 Win=65024 Len=1448 TSval=2916037975 TSecr=3045557745 [TCP segment of a reassembled PDU]"
"38953","33.894900042","192.168.1.55","192.168.1.2","TCP","1514","8004  >  36254 [ACK] Seq=275310 Ack=141 Win=65024 Len=1448 TSval=2916037975 TSecr=3045557745 [TCP segment of a reassembled PDU]"
"38954","33.894901320","192.168.1.55","192.168.1.2","TCP","1514","8004  >  36254 [ACK] Seq=276758 Ack=141 Win=65024 Len=1448 TSval=2916037975 TSecr=3045557745 [TCP segment of a reassembled PDU]"
"38955","33.894902727","192.168.1.55","192.168.1.2","TCP","1514","8004  >  36254 [PSH, ACK] Seq=278206 Ack=141 Win=65024 Len=1448 TSval=2916037975 TSecr=3045557745 [TCP segment of a reassembled PDU]"
"38956","33.894933468","192.168.1.2","192.168.1.55","TCP","66","36254  >  8004 [ACK] Seq=141 Ack=172806 Win=112640 Len=0 TSval=3045557745 TSecr=2916037964"
"38957","33.894943079","192.168.1.55","192.168.1.2","TCP","1514","8004  >  36254 [ACK] Seq=279654 Ack=141 Win=65024 Len=1448 TSval=2916037975 TSecr=3045557745 [TCP segment of a reassembled PDU]"
"38958","33.899095067","192.168.1.2","192.168.1.55","TCP","66","36254  >  8004 [ACK] Seq=141 Ack=190182 Win=102400 Len=0 TSval=3045557751 TSecr=2916037970"
"38959","33.899117975","192.168.1.55","192.168.1.2","TCP","1514","8004  >  36254 [ACK] Seq=281102 Ack=141 Win=65024 Len=1448 TSval=2916037979 TSecr=3045557751 [TCP segment of a reassembled PDU]"
"38960","33.899121234","192.168.1.55","192.168.1.2","TCP","1514","8004  >  36254 [ACK] Seq=282550 Ack=141 Win=65024 Len=1448 TSval=2916037979 TSecr=3045557751 [TCP segment of a reassembled PDU]"
"38961","33.899122623","192.168.1.55","192.168.1.2","TCP","1514","8004  >  36254 [ACK] Seq=283998 Ack=141 Win=65024 Len=1448 TSval=2916037979 TSecr=3045557751 [TCP segment of a reassembled PDU]"
"38962","33.899124012","192.168.1.55","192.168.1.2","TCP","1514","8004  >  36254 [ACK] Seq=285446 Ack=141 Win=65024 Len=1448 TSval=2916037979 TSecr=3045557751 [TCP segment of a reassembled PDU]"
"38963","33.899125364","192.168.1.55","192.168.1.2","TCP","1514","8004  >  36254 [ACK] Seq=286894 Ack=141 Win=65024 Len=1448 TSval=2916037979 TSecr=3045557751 [TCP segment of a reassembled PDU]"
"38964","33.899126734","192.168.1.55","192.168.1.2","TCP","1514","8004  >  36254 [ACK] Seq=288342 Ack=141 Win=65024 Len=1448 TSval=2916037979 TSecr=3045557751 [TCP segment of a reassembled PDU]"
"38965","33.899128012","192.168.1.55","192.168.1.2","TCP","1514","8004  >  36254 [PSH, ACK] Seq=289790 Ack=141 Win=65024 Len=1448 TSval=2916037979 TSecr=3045557751 [TCP segment of a reassembled PDU]"
"38966","33.899162438","192.168.1.2","192.168.1.55","TCP","66","36254  >  8004 [ACK] Seq=141 Ack=205806 Win=87040 Len=0 TSval=3045557751 TSecr=2916037970"
"38967","33.901035145","192.168.1.2","192.168.1.55","TCP","66","36254  >  8004 [ACK] Seq=141 Ack=236214 Win=90112 Len=0 TSval=3045557751 TSecr=2916037970"
"38968","33.901065478","192.168.1.55","192.168.1.2","TCP","1514","8004  >  36254 [ACK] Seq=291238 Ack=141 Win=65024 Len=1448 TSval=2916037981 TSecr=3045557751 [TCP segment of a reassembled PDU]"
"38969","33.901068071","192.168.1.55","192.168.1.2","TCP","1514","8004  >  36254 [ACK] Seq=292686 Ack=141 Win=65024 Len=1448 TSval=2916037981 TSecr=3045557751 [TCP segment of a reassembled PDU]"
"38970","33.901069422","192.168.1.55","192.168.1.2","TCP","1514","8004  >  36254 [ACK] Seq=294134 Ack=141 Win=65024 Len=1448 TSval=2916037981 TSecr=3045557751 [TCP segment of a reassembled PDU]"
"38971","33.901070793","192.168.1.55","192.168.1.2","TCP","1514","8004  >  36254 [ACK] Seq=295582 Ack=141 Win=65024 Len=1448 TSval=2916037981 TSecr=3045557751 [TCP segment of a reassembled PDU]"
"38972","33.901072219","192.168.1.55","192.168.1.2","TCP","1514","8004  >  36254 [ACK] Seq=297030 Ack=141 Win=65024 Len=1448 TSval=2916037981 TSecr=3045557751 [TCP segment of a reassembled PDU]"
"38973","33.901073496","192.168.1.55","192.168.1.2","TCP","1514","8004  >  36254 [ACK] Seq=298478 Ack=141 Win=65024 Len=1448 TSval=2916037981 TSecr=3045557751 [TCP segment of a reassembled PDU]"
"38974","33.901074941","192.168.1.55","192.168.1.2","TCP","1514","8004  >  36254 [ACK] Seq=299926 Ack=141 Win=65024 Len=1448 TSval=2916037981 TSecr=3045557751 [TCP segment of a reassembled PDU]"
"38975","33.901076274","192.168.1.55","192.168.1.2","TCP","1514","8004  >  36254 [ACK] Seq=301374 Ack=141 Win=65024 Len=1448 TSval=2916037981 TSecr=3045557751 [TCP segment of a reassembled PDU]"
"38976","33.901077608","192.168.1.55","192.168.1.2","TCP","1514","8004  >  36254 [ACK] Seq=302822 Ack=141 Win=65024 Len=1448 TSval=2916037981 TSecr=3045557751 [TCP segment of a reassembled PDU]"
"38977","33.901078978","192.168.1.55","192.168.1.2","TCP","1514","8004  >  36254 [ACK] Seq=304270 Ack=141 Win=65024 Len=1448 TSval=2916037981 TSecr=3045557751 [TCP segment of a reassembled PDU]"
"38978","33.901080459","192.168.1.55","192.168.1.2","TCP","1514","8004  >  36254 [ACK] Seq=305718 Ack=141 Win=65024 Len=1448 TSval=2916037981 TSecr=3045557751 [TCP segment of a reassembled PDU]"
"38979","33.901081959","192.168.1.55","192.168.1.2","TCP","1514","8004  >  36254 [ACK] Seq=307166 Ack=141 Win=65024 Len=1448 TSval=2916037981 TSecr=3045557751 [TCP segment of a reassembled PDU]"
"38980","33.901083385","192.168.1.55","192.168.1.2","TCP","1514","8004  >  36254 [ACK] Seq=308614 Ack=141 Win=65024 Len=1448 TSval=2916037981 TSecr=3045557751 [TCP segment of a reassembled PDU]"
"38981","33.901084682","192.168.1.55","192.168.1.2","TCP","1514","8004  >  36254 [ACK] Seq=310062 Ack=141 Win=65024 Len=1448 TSval=2916037981 TSecr=3045557751 [TCP segment of a reassembled PDU]"
"38982","33.901086108","192.168.1.55","192.168.1.2","TCP","1514","8004  >  36254 [ACK] Seq=311510 Ack=141 Win=65024 Len=1448 TSval=2916037981 TSecr=3045557751 [TCP segment of a reassembled PDU]"
"38983","33.901087422","192.168.1.55","192.168.1.2","TCP","1514","8004  >  36254 [ACK] Seq=312958 Ack=141 Win=65024 Len=1448 TSval=2916037981 TSecr=3045557751 [TCP segment of a reassembled PDU]"
"38984","33.901088867","192.168.1.55","192.168.1.2","TCP","1514","8004  >  36254 [ACK] Seq=314406 Ack=141 Win=65024 Len=1448 TSval=2916037981 TSecr=3045557751 [TCP segment of a reassembled PDU]"
"38985","33.901090219","192.168.1.55","192.168.1.2","TCP","1514","8004  >  36254 [ACK] Seq=315854 Ack=141 Win=65024 Len=1448 TSval=2916037981 TSecr=3045557751 [TCP segment of a reassembled PDU]"
"38986","33.901091663","192.168.1.55","192.168.1.2","TCP","1514","8004  >  36254 [ACK] Seq=317302 Ack=141 Win=65024 Len=1448 TSval=2916037981 TSecr=3045557751 [TCP segment of a reassembled PDU]"
"38987","33.901093034","192.168.1.55","192.168.1.2","TCP","1514","8004  >  36254 [ACK] Seq=318750 Ack=141 Win=65024 Len=1448 TSval=2916037981 TSecr=3045557751 [TCP segment of a reassembled PDU]"
"38988","33.901094348","192.168.1.55","192.168.1.2","TCP","1514","8004  >  36254 [ACK] Seq=320198 Ack=141 Win=65024 Len=1448 TSval=2916037981 TSecr=3045557751 [TCP segment of a reassembled PDU]"
"38989","33.901095774","192.168.1.55","192.168.1.2","TCP","1514","8004  >  36254 [ACK] Seq=321646 Ack=141 Win=65024 Len=1448 TSval=2916037981 TSecr=3045557751 [TCP segment of a reassembled PDU]"
"38990","33.901097293","192.168.1.55","192.168.1.2","TCP","1514","8004  >  36254 [ACK] Seq=323094 Ack=141 Win=65024 Len=1448 TSval=2916037981 TSecr=3045557751 [TCP segment of a reassembled PDU]"
"38991","33.901098811","192.168.1.55","192.168.1.2","TCP","1514","8004  >  36254 [PSH, ACK] Seq=324542 Ack=141 Win=65024 Len=1448 TSval=2916037981 TSecr=3045557751 [TCP segment of a reassembled PDU]"
"38992","33.901165145","192.168.1.2","192.168.1.55","TCP","66","36254  >  8004 [ACK] Seq=141 Ack=263726 Win=93184 Len=0 TSval=3045557754 TSecr=2916037975"
"38993","33.901173626","192.168.1.2","192.168.1.55","TCP","66","36254  >  8004 [ACK] Seq=141 Ack=279654 Win=104448 Len=0 TSval=3045557755 TSecr=2916037975"
"38994","33.901212774","192.168.1.55","192.168.1.2","TCP","1514","8004  >  36254 [ACK] Seq=325990 Ack=141 Win=65024 Len=1448 TSval=2916037981 TSecr=3045557755 [TCP segment of a reassembled PDU]"
"38995","33.901214811","192.168.1.55","192.168.1.2","TCP","1514","8004  >  36254 [ACK] Seq=327438 Ack=141 Win=65024 Len=1448 TSval=2916037981 TSecr=3045557755 [TCP segment of a reassembled PDU]"
"38996","33.901216256","192.168.1.55","192.168.1.2","TCP","1514","8004  >  36254 [ACK] Seq=328886 Ack=141 Win=65024 Len=1448 TSval=2916037981 TSecr=3045557755 [TCP segment of a reassembled PDU]"
"38997","33.901217534","192.168.1.55","192.168.1.2","TCP","1514","8004  >  36254 [ACK] Seq=330334 Ack=141 Win=65024 Len=1448 TSval=2916037981 TSecr=3045557755 [TCP segment of a reassembled PDU]"
"38998","33.901219034","192.168.1.55","192.168.1.2","TCP","1514","8004  >  36254 [ACK] Seq=331782 Ack=141 Win=65024 Len=1448 TSval=2916037981 TSecr=3045557755 [TCP segment of a reassembled PDU]"
"38999","33.901220423","192.168.1.55","192.168.1.2","TCP","1514","8004  >  36254 [ACK] Seq=333230 Ack=141 Win=65024 Len=1448 TSval=2916037981 TSecr=3045557755 [TCP segment of a reassembled PDU]"
"39000","33.901221774","192.168.1.55","192.168.1.2","TCP","1514","8004  >  36254 [ACK] Seq=334678 Ack=141 Win=65024 Len=1448 TSval=2916037981 TSecr=3045557755 [TCP segment of a reassembled PDU]"
"39001","33.901223163","192.168.1.55","192.168.1.2","TCP","1514","8004  >  36254 [ACK] Seq=336126 Ack=141 Win=65024 Len=1448 TSval=2916037981 TSecr=3045557755 [TCP segment of a reassembled PDU]"
"39002","33.901224460","192.168.1.55","192.168.1.2","TCP","1514","8004  >  36254 [ACK] Seq=337574 Ack=141 Win=65024 Len=1448 TSval=2916037981 TSecr=3045557755 [TCP segment of a reassembled PDU]"
"39003","33.901225774","192.168.1.55","192.168.1.2","TCP","1514","8004  >  36254 [ACK] Seq=339022 Ack=141 Win=65024 Len=1448 TSval=2916037981 TSecr=3045557755 [TCP segment of a reassembled PDU]"
"39004","33.901227330","192.168.1.55","192.168.1.2","TCP","1514","8004  >  36254 [ACK] Seq=340470 Ack=141 Win=65024 Len=1448 TSval=2916037981 TSecr=3045557755 [TCP segment of a reassembled PDU]"
"39005","33.901228645","192.168.1.55","192.168.1.2","TCP","1514","8004  >  36254 [ACK] Seq=341918 Ack=141 Win=65024 Len=1448 TSval=2916037981 TSecr=3045557755 [TCP segment of a reassembled PDU]"
"39006","33.901229941","192.168.1.55","192.168.1.2","TCP","1514","8004  >  36254 [ACK] Seq=343366 Ack=141 Win=65024 Len=1448 TSval=2916037981 TSecr=3045557755 [TCP segment of a reassembled PDU]"
"39007","33.901231293","192.168.1.55","192.168.1.2","TCP","1514","8004  >  36254 [ACK] Seq=344814 Ack=141 Win=65024 Len=1448 TSval=2916037981 TSecr=3045557755 [TCP segment of a reassembled PDU]"
"39008","33.901232645","192.168.1.55","192.168.1.2","TCP","1514","8004  >  36254 [ACK] Seq=346262 Ack=141 Win=65024 Len=1448 TSval=2916037981 TSecr=3045557755 [TCP segment of a reassembled PDU]"
"39009","33.901234034","192.168.1.55","192.168.1.2","TCP","1514","8004  >  36254 [ACK] Seq=347710 Ack=141 Win=65024 Len=1448 TSval=2916037981 TSecr=3045557755 [TCP segment of a reassembled PDU]"
"39010","33.901235330","192.168.1.55","192.168.1.2","TCP","1514","8004  >  36254 [ACK] Seq=349158 Ack=141 Win=65024 Len=1448 TSval=2916037981 TSecr=3045557755 [TCP segment of a reassembled PDU]"
"39011","33.901236645","192.168.1.55","192.168.1.2","TCP","1514","8004  >  36254 [ACK] Seq=350606 Ack=141 Win=65024 Len=1448 TSval=2916037981 TSecr=3045557755 [TCP segment of a reassembled PDU]"
"39012","33.901237997","192.168.1.55","192.168.1.2","TCP","1514","8004  >  36254 [ACK] Seq=352054 Ack=141 Win=65024 Len=1448 TSval=2916037981 TSecr=3045557755 [TCP segment of a reassembled PDU]"
"39013","33.901239312","192.168.1.55","192.168.1.2","TCP","1514","8004  >  36254 [ACK] Seq=353502 Ack=141 Win=65024 Len=1448 TSval=2916037981 TSecr=3045557755 [TCP segment of a reassembled PDU]"
"39014","33.901240793","192.168.1.55","192.168.1.2","TCP","1514","8004  >  36254 [ACK] Seq=354950 Ack=141 Win=65024 Len=1448 TSval=2916037981 TSecr=3045557755 [TCP segment of a reassembled PDU]"
"39015","33.901242052","192.168.1.55","192.168.1.2","TCP","1514","8004  >  36254 [ACK] Seq=356398 Ack=141 Win=65024 Len=1448 TSval=2916037981 TSecr=3045557755 [TCP segment of a reassembled PDU]"
"39016","33.901243478","192.168.1.55","192.168.1.2","TCP","1514","8004  >  36254 [ACK] Seq=357846 Ack=141 Win=65024 Len=1448 TSval=2916037981 TSecr=3045557755 [TCP segment of a reassembled PDU]"
"39017","33.901244867","192.168.1.55","192.168.1.2","TCP","1514","8004  >  36254 [ACK] Seq=359294 Ack=141 Win=65024 Len=1448 TSval=2916037981 TSecr=3045557755 [TCP segment of a reassembled PDU]"
"39018","33.901246145","192.168.1.55","192.168.1.2","TCP","1514","8004  >  36254 [ACK] Seq=360742 Ack=141 Win=65024 Len=1448 TSval=2916037981 TSecr=3045557755 [TCP segment of a reassembled PDU]"
"39019","33.901247552","192.168.1.55","192.168.1.2","TCP","1514","8004  >  36254 [ACK] Seq=362190 Ack=141 Win=65024 Len=1448 TSval=2916037981 TSecr=3045557755 [TCP segment of a reassembled PDU]"
"39020","33.901248904","192.168.1.55","192.168.1.2","TCP","1514","8004  >  36254 [ACK] Seq=363638 Ack=141 Win=65024 Len=1448 TSval=2916037981 TSecr=3045557755 [TCP segment of a reassembled PDU]"
"39021","33.901250256","192.168.1.55","192.168.1.2","TCP","1514","8004  >  36254 [ACK] Seq=365086 Ack=141 Win=65024 Len=1448 TSval=2916037981 TSecr=3045557755 [TCP segment of a reassembled PDU]"
"39022","33.901251700","192.168.1.55","192.168.1.2","TCP","1514","8004  >  36254 [ACK] Seq=366534 Ack=141 Win=65024 Len=1448 TSval=2916037981 TSecr=3045557755 [TCP segment of a reassembled PDU]"
"39023","33.901252978","192.168.1.55","192.168.1.2","TCP","1514","8004  >  36254 [ACK] Seq=367982 Ack=141 Win=65024 Len=1448 TSval=2916037981 TSecr=3045557755 [TCP segment of a reassembled PDU]"
"39024","33.901254423","192.168.1.55","192.168.1.2","TCP","1514","8004  >  36254 [PSH, ACK] Seq=369430 Ack=141 Win=65024 Len=1448 TSval=2916037981 TSecr=3045557755 [TCP segment of a reassembled PDU]"
"39025","33.906738765","192.168.1.2","192.168.1.55","TCP","66","36254  >  8004 [ACK] Seq=141 Ack=282550 Win=115712 Len=0 TSval=3045557756 TSecr=2916037975"
"39026","33.906767506","192.168.1.55","192.168.1.2","TCP","1514","8004  >  36254 [ACK] Seq=370878 Ack=141 Win=65024 Len=1448 TSval=2916037987 TSecr=3045557756 [TCP segment of a reassembled PDU]"
"39027","33.906770209","192.168.1.55","192.168.1.2","TCP","1514","8004  >  36254 [ACK] Seq=372326 Ack=141 Win=65024 Len=1448 TSval=2916037987 TSecr=3045557756 [TCP segment of a reassembled PDU]"
"39028","33.906771598","192.168.1.55","192.168.1.2","TCP","1514","8004  >  36254 [ACK] Seq=373774 Ack=141 Win=65024 Len=1448 TSval=2916037987 TSecr=3045557756 [TCP segment of a reassembled PDU]"
"39029","33.906772968","192.168.1.55","192.168.1.2","TCP","1514","8004  >  36254 [ACK] Seq=375222 Ack=141 Win=65024 Len=1448 TSval=2916037987 TSecr=3045557756 [TCP segment of a reassembled PDU]"
"39030","33.906774246","192.168.1.55","192.168.1.2","TCP","1514","8004  >  36254 [ACK] Seq=376670 Ack=141 Win=65024 Len=1448 TSval=2916037987 TSecr=3045557756 [TCP segment of a reassembled PDU]"
"39031","33.906775654","192.168.1.55","192.168.1.2","TCP","1514","8004  >  36254 [ACK] Seq=378118 Ack=141 Win=65024 Len=1448 TSval=2916037987 TSecr=3045557756 [TCP segment of a reassembled PDU]"
"39032","33.906777006","192.168.1.55","192.168.1.2","TCP","1514","8004  >  36254 [ACK] Seq=379566 Ack=141 Win=65024 Len=1448 TSval=2916037987 TSecr=3045557756 [TCP segment of a reassembled PDU]"
"39033","33.906778413","192.168.1.55","192.168.1.2","TCP","1514","8004  >  36254 [ACK] Seq=381014 Ack=141 Win=65024 Len=1448 TSval=2916037987 TSecr=3045557756 [TCP segment of a reassembled PDU]"
"39034","33.906779765","192.168.1.55","192.168.1.2","TCP","1514","8004  >  36254 [ACK] Seq=382462 Ack=141 Win=65024 Len=1448 TSval=2916037987 TSecr=3045557756 [TCP segment of a reassembled PDU]"
"39035","33.906781061","192.168.1.55","192.168.1.2","TCP","1514","8004  >  36254 [ACK] Seq=383910 Ack=141 Win=65024 Len=1448 TSval=2916037987 TSecr=3045557756 [TCP segment of a reassembled PDU]"
"39036","33.906782709","192.168.1.55","192.168.1.2","TCP","1514","8004  >  36254 [ACK] Seq=385358 Ack=141 Win=65024 Len=1448 TSval=2916037987 TSecr=3045557756 [TCP segment of a reassembled PDU]"
"39037","33.906784117","192.168.1.55","192.168.1.2","TCP","1514","8004  >  36254 [ACK] Seq=386806 Ack=141 Win=65024 Len=1448 TSval=2916037987 TSecr=3045557756 [TCP segment of a reassembled PDU]"
"39038","33.906785506","192.168.1.55","192.168.1.2","TCP","1514","8004  >  36254 [ACK] Seq=388254 Ack=141 Win=65024 Len=1448 TSval=2916037987 TSecr=3045557756 [TCP segment of a reassembled PDU]"
"39039","33.906786802","192.168.1.55","192.168.1.2","TCP","1514","8004  >  36254 [ACK] Seq=389702 Ack=141 Win=65024 Len=1448 TSval=2916037987 TSecr=3045557756 [TCP segment of a reassembled PDU]"
"39040","33.906788172","192.168.1.55","192.168.1.2","TCP","1514","8004  >  36254 [ACK] Seq=391150 Ack=141 Win=65024 Len=1448 TSval=2916037987 TSecr=3045557756 [TCP segment of a reassembled PDU]"
"39041","33.906789561","192.168.1.55","192.168.1.2","TCP","1514","8004  >  36254 [ACK] Seq=392598 Ack=141 Win=65024 Len=1448 TSval=2916037987 TSecr=3045557756 [TCP segment of a reassembled PDU]"
"39042","33.906790857","192.168.1.55","192.168.1.2","TCP","1514","8004  >  36254 [ACK] Seq=394046 Ack=141 Win=65024 Len=1448 TSval=2916037987 TSecr=3045557756 [TCP segment of a reassembled PDU]"
"39043","33.906792283","192.168.1.55","192.168.1.2","TCP","1514","8004  >  36254 [ACK] Seq=395494 Ack=141 Win=65024 Len=1448 TSval=2916037987 TSecr=3045557756 [TCP segment of a reassembled PDU]"
"39044","33.906793709","192.168.1.55","192.168.1.2","TCP","1386","[TCP Window Full] 8004  >  36254 [PSH, ACK] Seq=396942 Ack=141 Win=65024 Len=1320 TSval=2916037987 TSecr=3045557756 [TCP segment of a reassembled PDU]"
"39045","33.907616025","192.168.1.2","192.168.1.55","TCP","66","36254  >  8004 [ACK] Seq=141 Ack=283998 Win=118784 Len=0 TSval=3045557756 TSecr=2916037979"
"39046","33.907622562","192.168.1.2","192.168.1.55","TCP","66","36254  >  8004 [ACK] Seq=141 Ack=291238 Win=133120 Len=0 TSval=3045557757 TSecr=2916037979"
"39047","33.907637896","192.168.1.55","192.168.1.2","TCP","1514","8004  >  36254 [ACK] Seq=398262 Ack=141 Win=65024 Len=1448 TSval=2916037988 TSecr=3045557757 [TCP segment of a reassembled PDU]"
"39048","33.907639840","192.168.1.55","192.168.1.2","TCP","1514","8004  >  36254 [ACK] Seq=399710 Ack=141 Win=65024 Len=1448 TSval=2916037988 TSecr=3045557757 [TCP segment of a reassembled PDU]"
"39049","33.907641174","192.168.1.55","192.168.1.2","TCP","1514","8004  >  36254 [ACK] Seq=401158 Ack=141 Win=65024 Len=1448 TSval=2916037988 TSecr=3045557757 [TCP segment of a reassembled PDU]"
"39050","33.907642562","192.168.1.55","192.168.1.2","TCP","1514","8004  >  36254 [ACK] Seq=402606 Ack=141 Win=65024 Len=1448 TSval=2916037988 TSecr=3045557757 [TCP segment of a reassembled PDU]"
"39051","33.907643970","192.168.1.55","192.168.1.2","TCP","1514","8004  >  36254 [ACK] Seq=404054 Ack=141 Win=65024 Len=1448 TSval=2916037988 TSecr=3045557757 [TCP segment of a reassembled PDU]"
"39052","33.907645322","192.168.1.55","192.168.1.2","TCP","1514","8004  >  36254 [ACK] Seq=405502 Ack=141 Win=65024 Len=1448 TSval=2916037988 TSecr=3045557757 [TCP segment of a reassembled PDU]"
"39053","33.907646914","192.168.1.55","192.168.1.2","TCP","1514","8004  >  36254 [ACK] Seq=406950 Ack=141 Win=65024 Len=1448 TSval=2916037988 TSecr=3045557757 [TCP segment of a reassembled PDU]"
"39054","33.907648340","192.168.1.55","192.168.1.2","TCP","1514","8004  >  36254 [ACK] Seq=408398 Ack=141 Win=65024 Len=1448 TSval=2916037988 TSecr=3045557757 [TCP segment of a reassembled PDU]"
"39055","33.907649692","192.168.1.55","192.168.1.2","TCP","1514","8004  >  36254 [ACK] Seq=409846 Ack=141 Win=65024 Len=1448 TSval=2916037988 TSecr=3045557757 [TCP segment of a reassembled PDU]"
"39056","33.907651081","192.168.1.55","192.168.1.2","TCP","1514","8004  >  36254 [ACK] Seq=411294 Ack=141 Win=65024 Len=1448 TSval=2916037988 TSecr=3045557757 [TCP segment of a reassembled PDU]"
"39057","33.907652377","192.168.1.55","192.168.1.2","TCP","1514","8004  >  36254 [ACK] Seq=412742 Ack=141 Win=65024 Len=1448 TSval=2916037988 TSecr=3045557757 [TCP segment of a reassembled PDU]"
"39058","33.907654137","192.168.1.55","192.168.1.2","TCP","1514","8004  >  36254 [PSH, ACK] Seq=414190 Ack=141 Win=65024 Len=1448 TSval=2916037988 TSecr=3045557757 [TCP segment of a reassembled PDU]"
"39059","33.907659155","192.168.1.55","192.168.1.2","TCP","194","8004  >  36254 [ACK] Seq=415638 Ack=141 Win=65024 Len=128 TSval=2916037988 TSecr=3045557757 [TCP segment of a reassembled PDU]"
"39060","33.907662896","192.168.1.2","192.168.1.55","TCP","66","36254  >  8004 [ACK] Seq=141 Ack=298478 Win=147456 Len=0 TSval=3045557761 TSecr=2916037981"
"39061","33.907694803","192.168.1.2","192.168.1.55","TCP","66","36254  >  8004 [ACK] Seq=141 Ack=325990 Win=176128 Len=0 TSval=3045557762 TSecr=2916037981"
"39062","33.907730118","192.168.1.55","192.168.1.2","TCP","1514","8004  >  36254 [ACK] Seq=415766 Ack=141 Win=65024 Len=1448 TSval=2916037988 TSecr=3045557762 [TCP segment of a reassembled PDU]"
"39063","33.907732248","192.168.1.55","192.168.1.2","TCP","1514","8004  >  36254 [ACK] Seq=417214 Ack=141 Win=65024 Len=1448 TSval=2916037988 TSecr=3045557762 [TCP segment of a reassembled PDU]"
"39064","33.907733711","192.168.1.55","192.168.1.2","TCP","1514","8004  >  36254 [ACK] Seq=418662 Ack=141 Win=65024 Len=1448 TSval=2916037988 TSecr=3045557762 [TCP segment of a reassembled PDU]"
"39065","33.907735044","192.168.1.55","192.168.1.2","TCP","1514","8004  >  36254 [ACK] Seq=420110 Ack=141 Win=65024 Len=1448 TSval=2916037988 TSecr=3045557762 [TCP segment of a reassembled PDU]"
"39066","33.907736544","192.168.1.55","192.168.1.2","TCP","1514","8004  >  36254 [ACK] Seq=421558 Ack=141 Win=65024 Len=1448 TSval=2916037988 TSecr=3045557762 [TCP segment of a reassembled PDU]"
"39067","33.907737877","192.168.1.55","192.168.1.2","TCP","1514","8004  >  36254 [ACK] Seq=423006 Ack=141 Win=65024 Len=1448 TSval=2916037988 TSecr=3045557762 [TCP segment of a reassembled PDU]"
"39068","33.907739933","192.168.1.55","192.168.1.2","TCP","1514","8004  >  36254 [ACK] Seq=424454 Ack=141 Win=65024 Len=1448 TSval=2916037988 TSecr=3045557762 [TCP segment of a reassembled PDU]"
"39069","33.907741433","192.168.1.55","192.168.1.2","TCP","1514","8004  >  36254 [ACK] Seq=425902 Ack=141 Win=65024 Len=1448 TSval=2916037988 TSecr=3045557762 [TCP segment of a reassembled PDU]"
"39070","33.907742840","192.168.1.55","192.168.1.2","TCP","1514","8004  >  36254 [ACK] Seq=427350 Ack=141 Win=65024 Len=1448 TSval=2916037988 TSecr=3045557762 [TCP segment of a reassembled PDU]"
"39071","33.907744433","192.168.1.55","192.168.1.2","TCP","1514","8004  >  36254 [ACK] Seq=428798 Ack=141 Win=65024 Len=1448 TSval=2916037988 TSecr=3045557762 [TCP segment of a reassembled PDU]"
"39072","33.907745896","192.168.1.55","192.168.1.2","TCP","1514","8004  >  36254 [ACK] Seq=430246 Ack=141 Win=65024 Len=1448 TSval=2916037988 TSecr=3045557762 [TCP segment of a reassembled PDU]"
"39073","33.907747248","192.168.1.55","192.168.1.2","TCP","1514","8004  >  36254 [ACK] Seq=431694 Ack=141 Win=65024 Len=1448 TSval=2916037988 TSecr=3045557762 [TCP segment of a reassembled PDU]"
"39074","33.907748989","192.168.1.55","192.168.1.2","TCP","1514","8004  >  36254 [ACK] Seq=433142 Ack=141 Win=65024 Len=1448 TSval=2916037988 TSecr=3045557762 [TCP segment of a reassembled PDU]"
"39075","33.907750415","192.168.1.55","192.168.1.2","TCP","1514","8004  >  36254 [ACK] Seq=434590 Ack=141 Win=65024 Len=1448 TSval=2916037988 TSecr=3045557762 [TCP segment of a reassembled PDU]"
"39076","33.907751859","192.168.1.55","192.168.1.2","TCP","1514","8004  >  36254 [ACK] Seq=436038 Ack=141 Win=65024 Len=1448 TSval=2916037988 TSecr=3045557762 [TCP segment of a reassembled PDU]"
"39077","33.907753211","192.168.1.55","192.168.1.2","TCP","1514","8004  >  36254 [ACK] Seq=437486 Ack=141 Win=65024 Len=1448 TSval=2916037988 TSecr=3045557762 [TCP segment of a reassembled PDU]"
"39078","33.907754785","192.168.1.55","192.168.1.2","TCP","1514","8004  >  36254 [ACK] Seq=438934 Ack=141 Win=65024 Len=1448 TSval=2916037988 TSecr=3045557762 [TCP segment of a reassembled PDU]"
"39079","33.907756452","192.168.1.55","192.168.1.2","TCP","1514","8004  >  36254 [ACK] Seq=440382 Ack=141 Win=65024 Len=1448 TSval=2916037988 TSecr=3045557762 [TCP segment of a reassembled PDU]"
"39080","33.907757970","192.168.1.55","192.168.1.2","TCP","1514","8004  >  36254 [ACK] Seq=441830 Ack=141 Win=65024 Len=1448 TSval=2916037988 TSecr=3045557762 [TCP segment of a reassembled PDU]"
"39081","33.907759489","192.168.1.55","192.168.1.2","TCP","1514","8004  >  36254 [ACK] Seq=443278 Ack=141 Win=65024 Len=1448 TSval=2916037988 TSecr=3045557762 [TCP segment of a reassembled PDU]"
"39082","33.907760803","192.168.1.55","192.168.1.2","TCP","1514","8004  >  36254 [ACK] Seq=444726 Ack=141 Win=65024 Len=1448 TSval=2916037988 TSecr=3045557762 [TCP segment of a reassembled PDU]"
"39083","33.907762322","192.168.1.55","192.168.1.2","TCP","1514","8004  >  36254 [ACK] Seq=446174 Ack=141 Win=65024 Len=1448 TSval=2916037988 TSecr=3045557762 [TCP segment of a reassembled PDU]"
"39084","33.907764063","192.168.1.55","192.168.1.2","TCP","1514","8004  >  36254 [ACK] Seq=447622 Ack=141 Win=65024 Len=1448 TSval=2916037988 TSecr=3045557762 [TCP segment of a reassembled PDU]"
"39085","33.907765433","192.168.1.55","192.168.1.2","TCP","1514","8004  >  36254 [ACK] Seq=449070 Ack=141 Win=65024 Len=1448 TSval=2916037988 TSecr=3045557762 [TCP segment of a reassembled PDU]"
"39086","33.907766952","192.168.1.55","192.168.1.2","TCP","1514","8004  >  36254 [ACK] Seq=450518 Ack=141 Win=65024 Len=1448 TSval=2916037988 TSecr=3045557762 [TCP segment of a reassembled PDU]"
"39087","33.907768415","192.168.1.55","192.168.1.2","TCP","1514","8004  >  36254 [ACK] Seq=451966 Ack=141 Win=65024 Len=1448 TSval=2916037988 TSecr=3045557762 [TCP segment of a reassembled PDU]"
"39088","33.907769766","192.168.1.55","192.168.1.2","TCP","1514","8004  >  36254 [ACK] Seq=453414 Ack=141 Win=65024 Len=1448 TSval=2916037988 TSecr=3045557762 [TCP segment of a reassembled PDU]"
"39089","33.907771229","192.168.1.55","192.168.1.2","TCP","1514","8004  >  36254 [ACK] Seq=454862 Ack=141 Win=65024 Len=1448 TSval=2916037988 TSecr=3045557762 [TCP segment of a reassembled PDU]"
"39090","33.907772637","192.168.1.55","192.168.1.2","TCP","1514","8004  >  36254 [ACK] Seq=456310 Ack=141 Win=65024 Len=1448 TSval=2916037988 TSecr=3045557762 [TCP segment of a reassembled PDU]"
"39091","33.907774081","192.168.1.55","192.168.1.2","TCP","1514","8004  >  36254 [ACK] Seq=457758 Ack=141 Win=65024 Len=1448 TSval=2916037988 TSecr=3045557762 [TCP segment of a reassembled PDU]"
"39092","33.907775415","192.168.1.55","192.168.1.2","TCP","1514","8004  >  36254 [PSH, ACK] Seq=459206 Ack=141 Win=65024 Len=1448 TSval=2916037988 TSecr=3045557762 [TCP segment of a reassembled PDU]"
"39093","33.907811896","192.168.1.55","192.168.1.2","TCP","1514","8004  >  36254 [ACK] Seq=460654 Ack=141 Win=65024 Len=1448 TSval=2916037988 TSecr=3045557762 [TCP segment of a reassembled PDU]"
"39094","33.907814229","192.168.1.55","192.168.1.2","TCP","1514","8004  >  36254 [ACK] Seq=462102 Ack=141 Win=65024 Len=1448 TSval=2916037988 TSecr=3045557762 [TCP segment of a reassembled PDU]"
"39095","33.907815618","192.168.1.55","192.168.1.2","TCP","1514","8004  >  36254 [ACK] Seq=463550 Ack=141 Win=65024 Len=1448 TSval=2916037988 TSecr=3045557762 [TCP segment of a reassembled PDU]"
"39096","33.907817081","192.168.1.55","192.168.1.2","TCP","1514","8004  >  36254 [ACK] Seq=464998 Ack=141 Win=65024 Len=1448 TSval=2916037988 TSecr=3045557762 [TCP segment of a reassembled PDU]"
"39097","33.907818581","192.168.1.55","192.168.1.2","TCP","1514","8004  >  36254 [ACK] Seq=466446 Ack=141 Win=65024 Len=1448 TSval=2916037988 TSecr=3045557762 [TCP segment of a reassembled PDU]"
"39098","33.907819896","192.168.1.55","192.168.1.2","TCP","1514","8004  >  36254 [ACK] Seq=467894 Ack=141 Win=65024 Len=1448 TSval=2916037988 TSecr=3045557762 [TCP segment of a reassembled PDU]"
"39099","33.907821266","192.168.1.55","192.168.1.2","TCP","1514","8004  >  36254 [ACK] Seq=469342 Ack=141 Win=65024 Len=1448 TSval=2916037988 TSecr=3045557762 [TCP segment of a reassembled PDU]"
"39100","33.907822581","192.168.1.55","192.168.1.2","TCP","1514","8004  >  36254 [ACK] Seq=470790 Ack=141 Win=65024 Len=1448 TSval=2916037988 TSecr=3045557762 [TCP segment of a reassembled PDU]"
"39101","33.907824044","192.168.1.55","192.168.1.2","TCP","1514","8004  >  36254 [ACK] Seq=472238 Ack=141 Win=65024 Len=1448 TSval=2916037988 TSecr=3045557762 [TCP segment of a reassembled PDU]"
"39102","33.907825452","192.168.1.55","192.168.1.2","TCP","1514","8004  >  36254 [ACK] Seq=473686 Ack=141 Win=65024 Len=1448 TSval=2916037988 TSecr=3045557762 [TCP segment of a reassembled PDU]"
"39103","33.907826878","192.168.1.55","192.168.1.2","TCP","1514","8004  >  36254 [ACK] Seq=475134 Ack=141 Win=65024 Len=1448 TSval=2916037988 TSecr=3045557762 [TCP segment of a reassembled PDU]"
"39104","33.907828711","192.168.1.55","192.168.1.2","TCP","1514","8004  >  36254 [ACK] Seq=476582 Ack=141 Win=65024 Len=1448 TSval=2916037988 TSecr=3045557762 [TCP segment of a reassembled PDU]"
"39105","33.907830026","192.168.1.55","192.168.1.2","TCP","1514","8004  >  36254 [ACK] Seq=478030 Ack=141 Win=65024 Len=1448 TSval=2916037988 TSecr=3045557762 [TCP segment of a reassembled PDU]"
"39106","33.907831396","192.168.1.55","192.168.1.2","TCP","1514","8004  >  36254 [ACK] Seq=479478 Ack=141 Win=65024 Len=1448 TSval=2916037988 TSecr=3045557762 [TCP segment of a reassembled PDU]"
"39107","33.907832785","192.168.1.55","192.168.1.2","TCP","1514","8004  >  36254 [ACK] Seq=480926 Ack=141 Win=65024 Len=1448 TSval=2916037988 TSecr=3045557762 [TCP segment of a reassembled PDU]"
"39108","33.907834100","192.168.1.55","192.168.1.2","TCP","1514","8004  >  36254 [ACK] Seq=482374 Ack=141 Win=65024 Len=1448 TSval=2916037988 TSecr=3045557762 [TCP segment of a reassembled PDU]"
"39109","33.907835507","192.168.1.55","192.168.1.2","TCP","1514","8004  >  36254 [ACK] Seq=483822 Ack=141 Win=65024 Len=1448 TSval=2916037988 TSecr=3045557762 [TCP segment of a reassembled PDU]"
"39110","33.907836804","192.168.1.55","192.168.1.2","TCP","1514","8004  >  36254 [ACK] Seq=485270 Ack=141 Win=65024 Len=1448 TSval=2916037988 TSecr=3045557762 [TCP segment of a reassembled PDU]"
"39111","33.907838229","192.168.1.55","192.168.1.2","TCP","1514","8004  >  36254 [ACK] Seq=486718 Ack=141 Win=65024 Len=1448 TSval=2916037988 TSecr=3045557762 [TCP segment of a reassembled PDU]"
"39112","33.907839637","192.168.1.55","192.168.1.2","TCP","1514","8004  >  36254 [ACK] Seq=488166 Ack=141 Win=65024 Len=1448 TSval=2916037988 TSecr=3045557762 [TCP segment of a reassembled PDU]"
"39113","33.907841063","192.168.1.55","192.168.1.2","TCP","1514","8004  >  36254 [ACK] Seq=489614 Ack=141 Win=65024 Len=1448 TSval=2916037988 TSecr=3045557762 [TCP segment of a reassembled PDU]"
"39114","33.907842526","192.168.1.55","192.168.1.2","TCP","1514","8004  >  36254 [ACK] Seq=491062 Ack=141 Win=65024 Len=1448 TSval=2916037988 TSecr=3045557762 [TCP segment of a reassembled PDU]"
"39115","33.907843952","192.168.1.55","192.168.1.2","TCP","1514","8004  >  36254 [ACK] Seq=492510 Ack=141 Win=65024 Len=1448 TSval=2916037988 TSecr=3045557762 [TCP segment of a reassembled PDU]"
"39116","33.907845322","192.168.1.55","192.168.1.2","TCP","1514","8004  >  36254 [ACK] Seq=493958 Ack=141 Win=65024 Len=1448 TSval=2916037988 TSecr=3045557762 [TCP segment of a reassembled PDU]"
"39117","33.907846711","192.168.1.55","192.168.1.2","TCP","1514","8004  >  36254 [ACK] Seq=495406 Ack=141 Win=65024 Len=1448 TSval=2916037988 TSecr=3045557762 [TCP segment of a reassembled PDU]"
"39118","33.907848044","192.168.1.55","192.168.1.2","TCP","1514","8004  >  36254 [PSH, ACK] Seq=496854 Ack=141 Win=65024 Len=1448 TSval=2916037988 TSecr=3045557762 [TCP segment of a reassembled PDU]"
"39119","33.907879970","192.168.1.2","192.168.1.55","TCP","66","36254  >  8004 [ACK] Seq=141 Ack=360742 Win=142336 Len=0 TSval=3045557762 TSecr=2916037981"
"39120","33.907891026","192.168.1.55","192.168.1.2","HTTP","1472","HTTP/1.0 200 OK  (PNG)"
"39121","33.909070361","192.168.1.2","192.168.1.55","TCP","66","36254  >  8004 [ACK] Seq=141 Ack=370878 Win=191488 Len=0 TSval=3045557763 TSecr=2916037981"
"39122","33.914889444","192.168.1.2","192.168.1.55","TCP","66","36254  >  8004 [ACK] Seq=141 Ack=398262 Win=164864 Len=0 TSval=3045557770 TSecr=2916037987"
"39123","33.914951574","192.168.1.2","192.168.1.55","TCP","66","36254  >  8004 [ACK] Seq=141 Ack=409846 Win=162816 Len=0 TSval=3045557770 TSecr=2916037988"
"39124","33.915464964","192.168.1.2","192.168.1.55","TCP","66","36254  >  8004 [ACK] Seq=141 Ack=415638 Win=197632 Len=0 TSval=3045557770 TSecr=2916037988"
"39125","33.915593575","192.168.1.2","192.168.1.55","TCP","66","36254  >  8004 [ACK] Seq=141 Ack=460654 Win=159744 Len=0 TSval=3045557770 TSecr=2916037988"
"39126","33.915601334","192.168.1.2","192.168.1.55","TCP","66","36254  >  8004 [ACK] Seq=141 Ack=499709 Win=120832 Len=0 TSval=3045557771 TSecr=2916037988"
"39127","33.916429317","192.168.1.2","192.168.1.55","TCP","66","36254  >  8004 [FIN, ACK] Seq=141 Ack=499709 Win=197632 Len=0 TSval=3045557771 TSecr=2916037988"
"39128","33.916448502","192.168.1.55","192.168.1.2","TCP","66","8004  >  36254 [ACK] Seq=499709 Ack=142 Win=65024 Len=0 TSval=2916037997 TSecr=3045557771"
"39129","33.916549021","192.168.1.2","192.168.1.55","TCP","74","36266  >  8004 [SYN] Seq=0 Win=64240 Len=0 MSS=1460 SACK_PERM TSval=3045557771 TSecr=0 WS=1024"
"39130","33.916565725","192.168.1.55","192.168.1.2","TCP","74","8004  >  36266 [SYN, ACK] Seq=0 Ack=1 Win=65160 Len=0 MSS=1460 SACK_PERM TSval=2916037997 TSecr=3045557771 WS=128"
"39131","33.919687730","192.168.1.2","192.168.1.55","TCP","66","36266  >  8004 [ACK] Seq=1 Ack=1 Win=64512 Len=0 TSval=3045557774 TSecr=2916037997"
"39132","33.922879846","192.168.1.2","192.168.1.55","HTTP","209","GET /original_benchmark.png HTTP/1.1 "
"39133","33.922892661","192.168.1.55","192.168.1.2","TCP","66","8004  >  36266 [ACK] Seq=1 Ack=144 Win=65024 Len=0 TSval=2916038003 TSecr=3045557774"
"39134","33.923399773","192.168.1.55","192.168.1.2","TCP","255","8004  >  36266 [PSH, ACK] Seq=1 Ack=144 Win=65024 Len=189 TSval=2916038004 TSecr=3045557774 [TCP segment of a reassembled PDU]"
"39135","33.923493532","192.168.1.55","192.168.1.2","TCP","1514","8004  >  36266 [ACK] Seq=190 Ack=144 Win=65024 Len=1448 TSval=2916038004 TSecr=3045557774 [TCP segment of a reassembled PDU]"
"39136","33.923504625","192.168.1.55","192.168.1.2","TCP","1514","8004  >  36266 [ACK] Seq=1638 Ack=144 Win=65024 Len=1448 TSval=2916038004 TSecr=3045557774 [TCP segment of a reassembled PDU]"
"39137","33.923506588","192.168.1.55","192.168.1.2","TCP","1514","8004  >  36266 [ACK] Seq=3086 Ack=144 Win=65024 Len=1448 TSval=2916038004 TSecr=3045557774 [TCP segment of a reassembled PDU]"
"39138","33.923508125","192.168.1.55","192.168.1.2","TCP","1514","8004  >  36266 [ACK] Seq=4534 Ack=144 Win=65024 Len=1448 TSval=2916038004 TSecr=3045557774 [TCP segment of a reassembled PDU]"
"39139","33.923509569","192.168.1.55","192.168.1.2","TCP","1514","8004  >  36266 [PSH, ACK] Seq=5982 Ack=144 Win=65024 Len=1448 TSval=2916038004 TSecr=3045557774 [TCP segment of a reassembled PDU]"
"39140","33.923530625","192.168.1.55","192.168.1.2","TCP","1514","8004  >  36266 [ACK] Seq=7430 Ack=144 Win=65024 Len=1448 TSval=2916038004 TSecr=3045557774 [TCP segment of a reassembled PDU]"
"39141","33.923534051","192.168.1.55","192.168.1.2","TCP","1514","8004  >  36266 [ACK] Seq=8878 Ack=144 Win=65024 Len=1448 TSval=2916038004 TSecr=3045557774 [TCP segment of a reassembled PDU]"
"39142","33.923535625","192.168.1.55","192.168.1.2","TCP","1514","8004  >  36266 [ACK] Seq=10326 Ack=144 Win=65024 Len=1448 TSval=2916038004 TSecr=3045557774 [TCP segment of a reassembled PDU]"
"39143","33.923537254","192.168.1.55","192.168.1.2","TCP","1514","8004  >  36266 [PSH, ACK] Seq=11774 Ack=144 Win=65024 Len=1448 TSval=2916038004 TSecr=3045557774 [TCP segment of a reassembled PDU]"
"39144","33.927012408","192.168.1.2","192.168.1.55","TCP","66","36266  >  8004 [ACK] Seq=144 Ack=190 Win=64512 Len=0 TSval=3045557781 TSecr=2916038004"
"39145","33.927062612","192.168.1.55","192.168.1.2","TCP","1514","8004  >  36266 [ACK] Seq=13222 Ack=144 Win=65024 Len=1448 TSval=2916038007 TSecr=3045557781 [TCP segment of a reassembled PDU]"
"39146","33.927067723","192.168.1.55","192.168.1.2","TCP","1514","8004  >  36266 [PSH, ACK] Seq=14670 Ack=144 Win=65024 Len=1448 TSval=2916038007 TSecr=3045557781 [TCP segment of a reassembled PDU]"
"39147","33.927147390","192.168.1.2","192.168.1.55","TCP","66","36266  >  8004 [ACK] Seq=144 Ack=5982 Win=76800 Len=0 TSval=3045557781 TSecr=2916038004"
"39148","33.927181779","192.168.1.55","192.168.1.2","TCP","1514","8004  >  36266 [ACK] Seq=16118 Ack=144 Win=65024 Len=1448 TSval=2916038007 TSecr=3045557781 [TCP segment of a reassembled PDU]"
"39149","33.927185186","192.168.1.55","192.168.1.2","TCP","1514","8004  >  36266 [ACK] Seq=17566 Ack=144 Win=65024 Len=1448 TSval=2916038007 TSecr=3045557781 [TCP segment of a reassembled PDU]"
"39150","33.927187020","192.168.1.55","192.168.1.2","TCP","1514","8004  >  36266 [ACK] Seq=19014 Ack=144 Win=65024 Len=1448 TSval=2916038007 TSecr=3045557781 [TCP segment of a reassembled PDU]"
"39151","33.927188557","192.168.1.55","192.168.1.2","TCP","1514","8004  >  36266 [ACK] Seq=20462 Ack=144 Win=65024 Len=1448 TSval=2916038007 TSecr=3045557781 [TCP segment of a reassembled PDU]"
"39152","33.927190205","192.168.1.55","192.168.1.2","TCP","1514","8004  >  36266 [ACK] Seq=21910 Ack=144 Win=65024 Len=1448 TSval=2916038007 TSecr=3045557781 [TCP segment of a reassembled PDU]"
"39153","33.927192334","192.168.1.55","192.168.1.2","TCP","1514","8004  >  36266 [ACK] Seq=23358 Ack=144 Win=65024 Len=1448 TSval=2916038007 TSecr=3045557781 [TCP segment of a reassembled PDU]"
"39154","33.927193705","192.168.1.55","192.168.1.2","TCP","1514","8004  >  36266 [PSH, ACK] Seq=24806 Ack=144 Win=65024 Len=1448 TSval=2916038007 TSecr=3045557781 [TCP segment of a reassembled PDU]"
"39155","33.927201205","192.168.1.2","192.168.1.55","TCP","66","36266  >  8004 [ACK] Seq=144 Ack=7430 Win=79872 Len=0 TSval=3045557782 TSecr=2916038004"
"39156","33.927210779","192.168.1.2","192.168.1.55","TCP","66","36266  >  8004 [ACK] Seq=144 Ack=13222 Win=87040 Len=0 TSval=3045557782 TSecr=2916038004"
"39157","33.927238668","192.168.1.55","192.168.1.2","TCP","1514","8004  >  36266 [ACK] Seq=26254 Ack=144 Win=65024 Len=1448 TSval=2916038007 TSecr=3045557782 [TCP segment of a reassembled PDU]"
"39158","33.927240612","192.168.1.55","192.168.1.2","TCP","1514","8004  >  36266 [ACK] Seq=27702 Ack=144 Win=65024 Len=1448 TSval=2916038007 TSecr=3045557782 [TCP segment of a reassembled PDU]"
"39159","33.927242131","192.168.1.55","192.168.1.2","TCP","1514","8004  >  36266 [ACK] Seq=29150 Ack=144 Win=65024 Len=1448 TSval=2916038007 TSecr=3045557782 [TCP segment of a reassembled PDU]"
"39160","33.927243686","192.168.1.55","192.168.1.2","TCP","1514","8004  >  36266 [ACK] Seq=30598 Ack=144 Win=65024 Len=1448 TSval=2916038007 TSecr=3045557782 [TCP segment of a reassembled PDU]"
"39161","33.927245260","192.168.1.55","192.168.1.2","TCP","1514","8004  >  36266 [ACK] Seq=32046 Ack=144 Win=65024 Len=1448 TSval=2916038007 TSecr=3045557782 [TCP segment of a reassembled PDU]"
"39162","33.927246742","192.168.1.55","192.168.1.2","TCP","1514","8004  >  36266 [ACK] Seq=33494 Ack=144 Win=65024 Len=1448 TSval=2916038007 TSecr=3045557782 [TCP segment of a reassembled PDU]"
"39163","33.927248297","192.168.1.55","192.168.1.2","TCP","1514","8004  >  36266 [ACK] Seq=34942 Ack=144 Win=65024 Len=1448 TSval=2916038007 TSecr=3045557782 [TCP segment of a reassembled PDU]"
"39164","33.927249872","192.168.1.55","192.168.1.2","TCP","1514","8004  >  36266 [ACK] Seq=36390 Ack=144 Win=65024 Len=1448 TSval=2916038007 TSecr=3045557782 [TCP segment of a reassembled PDU]"
"39165","33.927251316","192.168.1.55","192.168.1.2","TCP","1514","8004  >  36266 [ACK] Seq=37838 Ack=144 Win=65024 Len=1448 TSval=2916038007 TSecr=3045557782 [TCP segment of a reassembled PDU]"
"39166","33.927253001","192.168.1.55","192.168.1.2","TCP","1514","8004  >  36266 [PSH, ACK] Seq=39286 Ack=144 Win=65024 Len=1448 TSval=2916038007 TSecr=3045557782 [TCP segment of a reassembled PDU]"
"39167","33.928122614","192.168.1.55","192.168.1.2","TCP","1514","8004  >  36266 [ACK] Seq=40734 Ack=144 Win=65024 Len=1448 TSval=2916038008 TSecr=3045557782 [TCP segment of a reassembled PDU]"
"39168","33.932274528","192.168.1.2","192.168.1.55","TCP","66","36266  >  8004 [ACK] Seq=144 Ack=16118 Win=93184 Len=0 TSval=3045557786 TSecr=2916038007"
"39169","33.932369194","192.168.1.55","192.168.1.2","TCP","1514","8004  >  36266 [ACK] Seq=42182 Ack=144 Win=65024 Len=1448 TSval=2916038013 TSecr=3045557786 [TCP segment of a reassembled PDU]"
"39170","33.932377565","192.168.1.55","192.168.1.2","TCP","1514","8004  >  36266 [PSH, ACK] Seq=43630 Ack=144 Win=65024 Len=1448 TSval=2916038013 TSecr=3045557786 [TCP segment of a reassembled PDU]"
"39171","33.932463880","192.168.1.2","192.168.1.55","TCP","66","36266  >  8004 [ACK] Seq=144 Ack=26254 Win=86016 Len=0 TSval=3045557786 TSecr=2916038007"
"39172","33.932512787","192.168.1.55","192.168.1.2","TCP","1514","8004  >  36266 [ACK] Seq=45078 Ack=144 Win=65024 Len=1448 TSval=2916038013 TSecr=3045557786 [TCP segment of a reassembled PDU]"
"39173","33.932517380","192.168.1.55","192.168.1.2","TCP","1514","8004  >  36266 [ACK] Seq=46526 Ack=144 Win=65024 Len=1448 TSval=2916038013 TSecr=3045557786 [TCP segment of a reassembled PDU]"
"39174","33.932519306","192.168.1.55","192.168.1.2","TCP","1514","8004  >  36266 [ACK] Seq=47974 Ack=144 Win=65024 Len=1448 TSval=2916038013 TSecr=3045557786 [TCP segment of a reassembled PDU]"
"39175","33.932520861","192.168.1.55","192.168.1.2","TCP","1514","8004  >  36266 [ACK] Seq=49422 Ack=144 Win=65024 Len=1448 TSval=2916038013 TSecr=3045557786 [TCP segment of a reassembled PDU]"
"39176","33.932522269","192.168.1.55","192.168.1.2","TCP","1514","8004  >  36266 [ACK] Seq=50870 Ack=144 Win=65024 Len=1448 TSval=2916038013 TSecr=3045557786 [TCP segment of a reassembled PDU]"
"39177","33.932523880","192.168.1.55","192.168.1.2","TCP","1514","8004  >  36266 [ACK] Seq=52318 Ack=144 Win=65024 Len=1448 TSval=2916038013 TSecr=3045557786 [TCP segment of a reassembled PDU]"
"39178","33.932526028","192.168.1.55","192.168.1.2","TCP","1514","8004  >  36266 [ACK] Seq=53766 Ack=144 Win=65024 Len=1448 TSval=2916038013 TSecr=3045557786 [TCP segment of a reassembled PDU]"
"39179","33.932527750","192.168.1.55","192.168.1.2","TCP","1514","8004  >  36266 [ACK] Seq=55214 Ack=144 Win=65024 Len=1448 TSval=2916038013 TSecr=3045557786 [TCP segment of a reassembled PDU]"
"39180","33.932530324","192.168.1.55","192.168.1.2","TCP","1514","8004  >  36266 [ACK] Seq=56662 Ack=144 Win=65024 Len=1448 TSval=2916038013 TSecr=3045557786 [TCP segment of a reassembled PDU]"
"39181","33.932532435","192.168.1.55","192.168.1.2","TCP","1514","8004  >  36266 [ACK] Seq=58110 Ack=144 Win=65024 Len=1448 TSval=2916038013 TSecr=3045557786 [TCP segment of a reassembled PDU]"
"39182","33.932534343","192.168.1.55","192.168.1.2","TCP","1514","8004  >  36266 [ACK] Seq=59558 Ack=144 Win=65024 Len=1448 TSval=2916038013 TSecr=3045557786 [TCP segment of a reassembled PDU]"
"39183","33.932535806","192.168.1.55","192.168.1.2","TCP","1514","8004  >  36266 [ACK] Seq=61006 Ack=144 Win=65024 Len=1448 TSval=2916038013 TSecr=3045557786 [TCP segment of a reassembled PDU]"
"39184","33.932537324","192.168.1.55","192.168.1.2","TCP","1514","8004  >  36266 [ACK] Seq=62454 Ack=144 Win=65024 Len=1448 TSval=2916038013 TSecr=3045557786 [TCP segment of a reassembled PDU]"
"39185","33.932539287","192.168.1.55","192.168.1.2","TCP","1514","8004  >  36266 [PSH, ACK] Seq=63902 Ack=144 Win=65024 Len=1448 TSval=2916038013 TSecr=3045557786 [TCP segment of a reassembled PDU]"
"39186","33.932545510","192.168.1.2","192.168.1.55","TCP","66","36266  >  8004 [ACK] Seq=144 Ack=36390 Win=76800 Len=0 TSval=3045557786 TSecr=2916038007"
"39187","33.932581732","192.168.1.55","192.168.1.2","TCP","1514","8004  >  36266 [ACK] Seq=65350 Ack=144 Win=65024 Len=1448 TSval=2916038013 TSecr=3045557786 [TCP segment of a reassembled PDU]"
"39188","33.932585843","192.168.1.55","192.168.1.2","TCP","1514","8004  >  36266 [ACK] Seq=66798 Ack=144 Win=65024 Len=1448 TSval=2916038013 TSecr=3045557786 [TCP segment of a reassembled PDU]"
"39189","33.932587399","192.168.1.55","192.168.1.2","TCP","1514","8004  >  36266 [ACK] Seq=68246 Ack=144 Win=65024 Len=1448 TSval=2916038013 TSecr=3045557786 [TCP segment of a reassembled PDU]"
"39190","33.932588991","192.168.1.55","192.168.1.2","TCP","1514","8004  >  36266 [ACK] Seq=69694 Ack=144 Win=65024 Len=1448 TSval=2916038013 TSecr=3045557786 [TCP segment of a reassembled PDU]"
"39191","33.932591010","192.168.1.55","192.168.1.2","TCP","1514","8004  >  36266 [ACK] Seq=71142 Ack=144 Win=65024 Len=1448 TSval=2916038013 TSecr=3045557786 [TCP segment of a reassembled PDU]"
"39192","33.932593010","192.168.1.55","192.168.1.2","TCP","1514","8004  >  36266 [ACK] Seq=72590 Ack=144 Win=65024 Len=1448 TSval=2916038013 TSecr=3045557786 [TCP segment of a reassembled PDU]"
"39193","33.932594528","192.168.1.55","192.168.1.2","TCP","1514","8004  >  36266 [ACK] Seq=74038 Ack=144 Win=65024 Len=1448 TSval=2916038013 TSecr=3045557786 [TCP segment of a reassembled PDU]"
"39194","33.932595936","192.168.1.55","192.168.1.2","TCP","1514","8004  >  36266 [PSH, ACK] Seq=75486 Ack=144 Win=65024 Len=1448 TSval=2916038013 TSecr=3045557786 [TCP segment of a reassembled PDU]"
"39195","33.932603880","192.168.1.2","192.168.1.55","TCP","66","36266  >  8004 [ACK] Seq=144 Ack=39286 Win=93184 Len=0 TSval=3045557787 TSecr=2916038007"
"39196","33.932640658","192.168.1.2","192.168.1.55","TCP","66","36266  >  8004 [ACK] Seq=144 Ack=40734 Win=94208 Len=0 TSval=3045557787 TSecr=2916038007"
"39197","33.932677269","192.168.1.2","192.168.1.55","TCP","66","36266  >  8004 [ACK] Seq=144 Ack=42182 Win=93184 Len=0 TSval=3045557787 TSecr=2916038008"
"39198","33.933641400","192.168.1.55","192.168.1.2","TCP","1514","8004  >  36266 [ACK] Seq=76934 Ack=144 Win=65024 Len=1448 TSval=2916038014 TSecr=3045557787 [TCP segment of a reassembled PDU]"
"39199","33.933649289","192.168.1.55","192.168.1.2","TCP","1514","8004  >  36266 [ACK] Seq=78382 Ack=144 Win=65024 Len=1448 TSval=2916038014 TSecr=3045557787 [TCP segment of a reassembled PDU]"
"39200","33.933651030","192.168.1.55","192.168.1.2","TCP","1514","8004  >  36266 [ACK] Seq=79830 Ack=144 Win=65024 Len=1448 TSval=2916038014 TSecr=3045557787 [TCP segment of a reassembled PDU]"
"39201","33.933652548","192.168.1.55","192.168.1.2","TCP","1514","8004  >  36266 [ACK] Seq=81278 Ack=144 Win=65024 Len=1448 TSval=2916038014 TSecr=3045557787 [TCP segment of a reassembled PDU]"
"39202","33.933653734","192.168.1.55","192.168.1.2","TCP","1514","8004  >  36266 [ACK] Seq=82726 Ack=144 Win=65024 Len=1448 TSval=2916038014 TSecr=3045557787 [TCP segment of a reassembled PDU]"
"39203","33.933655604","192.168.1.55","192.168.1.2","TCP","1514","8004  >  36266 [ACK] Seq=84174 Ack=144 Win=65024 Len=1448 TSval=2916038014 TSecr=3045557787 [TCP segment of a reassembled PDU]"
"39204","33.933658400","192.168.1.55","192.168.1.2","TCP","1514","8004  >  36266 [ACK] Seq=85622 Ack=144 Win=65024 Len=1448 TSval=2916038014 TSecr=3045557787 [TCP segment of a reassembled PDU]"
"39205","33.933660011","192.168.1.55","192.168.1.2","TCP","1514","8004  >  36266 [ACK] Seq=87070 Ack=144 Win=65024 Len=1448 TSval=2916038014 TSecr=3045557787 [TCP segment of a reassembled PDU]"
"39206","33.933662178","192.168.1.55","192.168.1.2","TCP","1514","8004  >  36266 [ACK] Seq=88518 Ack=144 Win=65024 Len=1448 TSval=2916038014 TSecr=3045557787 [TCP segment of a reassembled PDU]"
"39207","33.933663845","192.168.1.55","192.168.1.2","TCP","1514","8004  >  36266 [ACK] Seq=89966 Ack=144 Win=65024 Len=1448 TSval=2916038014 TSecr=3045557787 [TCP segment of a reassembled PDU]"
"39208","33.933665956","192.168.1.55","192.168.1.2","TCP","1514","8004  >  36266 [ACK] Seq=91414 Ack=144 Win=65024 Len=1448 TSval=2916038014 TSecr=3045557787 [TCP segment of a reassembled PDU]"
"39209","33.933667215","192.168.1.55","192.168.1.2","TCP","1514","8004  >  36266 [ACK] Seq=92862 Ack=144 Win=65024 Len=1448 TSval=2916038014 TSecr=3045557787 [TCP segment of a reassembled PDU]"
"39210","33.933668697","192.168.1.55","192.168.1.2","TCP","1514","8004  >  36266 [ACK] Seq=94310 Ack=144 Win=65024 Len=1448 TSval=2916038014 TSecr=3045557787 [TCP segment of a reassembled PDU]"
"39211","33.933671197","192.168.1.55","192.168.1.2","TCP","1514","8004  >  36266 [PSH, ACK] Seq=95758 Ack=144 Win=65024 Len=1448 TSval=2916038014 TSecr=3045557787 [TCP segment of a reassembled PDU]"
"39212","33.933683419","192.168.1.55","192.168.1.2","TCP","1514","8004  >  36266 [ACK] Seq=97206 Ack=144 Win=65024 Len=1448 TSval=2916038014 TSecr=3045557787 [TCP segment of a reassembled PDU]"
"39213","33.933684919","192.168.1.55","192.168.1.2","TCP","1514","8004  >  36266 [PSH, ACK] Seq=98654 Ack=144 Win=65024 Len=1448 TSval=2916038014 TSecr=3045557787 [TCP segment of a reassembled PDU]"
"39214","33.938185519","192.168.1.2","192.168.1.55","TCP","66","36266  >  8004 [ACK] Seq=144 Ack=45078 Win=91136 Len=0 TSval=3045557792 TSecr=2916038013"
"39215","33.938234574","192.168.1.55","192.168.1.2","TCP","1514","8004  >  36266 [ACK] Seq=100102 Ack=144 Win=65024 Len=1448 TSval=2916038018 TSecr=3045557792 [TCP segment of a reassembled PDU]"
"39216","33.938243389","192.168.1.55","192.168.1.2","TCP","1514","8004  >  36266 [ACK] Seq=101550 Ack=144 Win=65024 Len=1448 TSval=2916038018 TSecr=3045557792 [TCP segment of a reassembled PDU]"
"39217","33.938244741","192.168.1.55","192.168.1.2","TCP","1514","8004  >  36266 [ACK] Seq=102998 Ack=144 Win=65024 Len=1448 TSval=2916038018 TSecr=3045557792 [TCP segment of a reassembled PDU]"
"39218","33.938246093","192.168.1.55","192.168.1.2","TCP","1514","8004  >  36266 [PSH, ACK] Seq=104446 Ack=144 Win=65024 Len=1448 TSval=2916038018 TSecr=3045557792 [TCP segment of a reassembled PDU]"
"39219","33.938525112","192.168.1.2","192.168.1.55","TCP","66","36266  >  8004 [ACK] Seq=144 Ack=65350 Win=75776 Len=0 TSval=3045557792 TSecr=2916038013"
"39220","33.938552908","192.168.1.55","192.168.1.2","TCP","1514","8004  >  36266 [ACK] Seq=105894 Ack=144 Win=65024 Len=1448 TSval=2916038019 TSecr=3045557792 [TCP segment of a reassembled PDU]"
"39221","33.938555612","192.168.1.55","192.168.1.2","TCP","1514","8004  >  36266 [ACK] Seq=107342 Ack=144 Win=65024 Len=1448 TSval=2916038019 TSecr=3045557792 [TCP segment of a reassembled PDU]"
"39222","33.938556964","192.168.1.55","192.168.1.2","TCP","1514","8004  >  36266 [ACK] Seq=108790 Ack=144 Win=65024 Len=1448 TSval=2916038019 TSecr=3045557792 [TCP segment of a reassembled PDU]"
"39223","33.938559186","192.168.1.55","192.168.1.2","TCP","1514","8004  >  36266 [ACK] Seq=110238 Ack=144 Win=65024 Len=1448 TSval=2916038019 TSecr=3045557792 [TCP segment of a reassembled PDU]"
"39224","33.938560464","192.168.1.55","192.168.1.2","TCP","1514","8004  >  36266 [ACK] Seq=111686 Ack=144 Win=65024 Len=1448 TSval=2916038019 TSecr=3045557792 [TCP segment of a reassembled PDU]"
"39225","33.938562167","192.168.1.55","192.168.1.2","TCP","1514","8004  >  36266 [ACK] Seq=113134 Ack=144 Win=65024 Len=1448 TSval=2916038019 TSecr=3045557792 [TCP segment of a reassembled PDU]"
"39226","33.938563427","192.168.1.55","192.168.1.2","TCP","1514","8004  >  36266 [ACK] Seq=114582 Ack=144 Win=65024 Len=1448 TSval=2916038019 TSecr=3045557792 [TCP segment of a reassembled PDU]"
"39227","33.938564890","192.168.1.55","192.168.1.2","TCP","1514","8004  >  36266 [ACK] Seq=116030 Ack=144 Win=65024 Len=1448 TSval=2916038019 TSecr=3045557792 [TCP segment of a reassembled PDU]"
"39228","33.938566371","192.168.1.55","192.168.1.2","TCP","1514","8004  >  36266 [ACK] Seq=117478 Ack=144 Win=65024 Len=1448 TSval=2916038019 TSecr=3045557792 [TCP segment of a reassembled PDU]"
"39229","33.938567408","192.168.1.55","192.168.1.2","TCP","1514","8004  >  36266 [PSH, ACK] Seq=118926 Ack=144 Win=65024 Len=1448 TSval=2916038019 TSecr=3045557792 [TCP segment of a reassembled PDU]"
"39230","33.938574686","192.168.1.2","192.168.1.55","TCP","66","36266  >  8004 [ACK] Seq=144 Ack=66798 Win=74752 Len=0 TSval=3045557792 TSecr=2916038013"
"39231","33.938586445","192.168.1.2","192.168.1.55","TCP","66","36266  >  8004 [ACK] Seq=144 Ack=76934 Win=86016 Len=0 TSval=3045557792 TSecr=2916038013"
"39232","33.938654075","192.168.1.55","192.168.1.2","TCP","1514","8004  >  36266 [ACK] Seq=120374 Ack=144 Win=65024 Len=1448 TSval=2916038019 TSecr=3045557792 [TCP segment of a reassembled PDU]"
"39233","33.938656797","192.168.1.55","192.168.1.2","TCP","1514","8004  >  36266 [ACK] Seq=121822 Ack=144 Win=65024 Len=1448 TSval=2916038019 TSecr=3045557792 [TCP segment of a reassembled PDU]"
"39234","33.938658501","192.168.1.55","192.168.1.2","TCP","1514","8004  >  36266 [ACK] Seq=123270 Ack=144 Win=65024 Len=1448 TSval=2916038019 TSecr=3045557792 [TCP segment of a reassembled PDU]"
"39235","33.938660445","192.168.1.55","192.168.1.2","TCP","1514","8004  >  36266 [ACK] Seq=124718 Ack=144 Win=65024 Len=1448 TSval=2916038019 TSecr=3045557792 [TCP segment of a reassembled PDU]"
"39236","33.938662186","192.168.1.55","192.168.1.2","TCP","1514","8004  >  36266 [ACK] Seq=126166 Ack=144 Win=65024 Len=1448 TSval=2916038019 TSecr=3045557792 [TCP segment of a reassembled PDU]"
"39237","33.938663742","192.168.1.55","192.168.1.2","TCP","1514","8004  >  36266 [ACK] Seq=127614 Ack=144 Win=65024 Len=1448 TSval=2916038019 TSecr=3045557792 [TCP segment of a reassembled PDU]"
"39238","33.938665205","192.168.1.55","192.168.1.2","TCP","1514","8004  >  36266 [ACK] Seq=129062 Ack=144 Win=65024 Len=1448 TSval=2916038019 TSecr=3045557792 [TCP segment of a reassembled PDU]"
"39239","33.938666445","192.168.1.55","192.168.1.2","TCP","1514","8004  >  36266 [ACK] Seq=130510 Ack=144 Win=65024 Len=1448 TSval=2916038019 TSecr=3045557792 [TCP segment of a reassembled PDU]"
"39240","33.938668723","192.168.1.55","192.168.1.2","TCP","1514","8004  >  36266 [ACK] Seq=131958 Ack=144 Win=65024 Len=1448 TSval=2916038019 TSecr=3045557792 [TCP segment of a reassembled PDU]"
"39241","33.938669964","192.168.1.55","192.168.1.2","TCP","1514","8004  >  36266 [ACK] Seq=133406 Ack=144 Win=65024 Len=1448 TSval=2916038019 TSecr=3045557792 [TCP segment of a reassembled PDU]"
"39242","33.938671538","192.168.1.55","192.168.1.2","TCP","1514","8004  >  36266 [ACK] Seq=134854 Ack=144 Win=65024 Len=1448 TSval=2916038019 TSecr=3045557792 [TCP segment of a reassembled PDU]"
"39243","33.938674519","192.168.1.55","192.168.1.2","TCP","1514","8004  >  36266 [ACK] Seq=136302 Ack=144 Win=65024 Len=1448 TSval=2916038019 TSecr=3045557792 [TCP segment of a reassembled PDU]"
"39244","33.938675760","192.168.1.55","192.168.1.2","TCP","1514","8004  >  36266 [ACK] Seq=137750 Ack=144 Win=65024 Len=1448 TSval=2916038019 TSecr=3045557792 [TCP segment of a reassembled PDU]"
"39245","33.938677538","192.168.1.55","192.168.1.2","TCP","1514","8004  >  36266 [ACK] Seq=139198 Ack=144 Win=65024 Len=1448 TSval=2916038019 TSecr=3045557792 [TCP segment of a reassembled PDU]"
"39246","33.938679223","192.168.1.55","192.168.1.2","TCP","1514","8004  >  36266 [ACK] Seq=140646 Ack=144 Win=65024 Len=1448 TSval=2916038019 TSecr=3045557792 [TCP segment of a reassembled PDU]"
"39247","33.938680723","192.168.1.55","192.168.1.2","TCP","1514","8004  >  36266 [ACK] Seq=142094 Ack=144 Win=65024 Len=1448 TSval=2916038019 TSecr=3045557792 [TCP segment of a reassembled PDU]"
"39248","33.938683056","192.168.1.55","192.168.1.2","TCP","1514","8004  >  36266 [ACK] Seq=143542 Ack=144 Win=65024 Len=1448 TSval=2916038019 TSecr=3045557792 [TCP segment of a reassembled PDU]"
"39249","33.938684686","192.168.1.55","192.168.1.2","TCP","1514","8004  >  36266 [ACK] Seq=144990 Ack=144 Win=65024 Len=1448 TSval=2916038019 TSecr=3045557792 [TCP segment of a reassembled PDU]"
"39250","33.938686112","192.168.1.55","192.168.1.2","TCP","1514","8004  >  36266 [ACK] Seq=146438 Ack=144 Win=65024 Len=1448 TSval=2916038019 TSecr=3045557792 [TCP segment of a reassembled PDU]"
"39251","33.938688408","192.168.1.55","192.168.1.2","TCP","1514","8004  >  36266 [ACK] Seq=147886 Ack=144 Win=65024 Len=1448 TSval=2916038019 TSecr=3045557792 [TCP segment of a reassembled PDU]"
"39252","33.938690223","192.168.1.55","192.168.1.2","TCP","1514","8004  >  36266 [ACK] Seq=149334 Ack=144 Win=65024 Len=1448 TSval=2916038019 TSecr=3045557792 [TCP segment of a reassembled PDU]"
"39253","33.938691760","192.168.1.55","192.168.1.2","TCP","1514","8004  >  36266 [ACK] Seq=150782 Ack=144 Win=65024 Len=1448 TSval=2916038019 TSecr=3045557792 [TCP segment of a reassembled PDU]"
"39254","33.938693556","192.168.1.55","192.168.1.2","TCP","1514","8004  >  36266 [ACK] Seq=152230 Ack=144 Win=65024 Len=1448 TSval=2916038019 TSecr=3045557792 [TCP segment of a reassembled PDU]"
"39255","33.938695297","192.168.1.55","192.168.1.2","TCP","1514","8004  >  36266 [ACK] Seq=153678 Ack=144 Win=65024 Len=1448 TSval=2916038019 TSecr=3045557792 [TCP segment of a reassembled PDU]"
"39256","33.938696982","192.168.1.55","192.168.1.2","TCP","1514","8004  >  36266 [ACK] Seq=155126 Ack=144 Win=65024 Len=1448 TSval=2916038019 TSecr=3045557792 [TCP segment of a reassembled PDU]"
"39257","33.938698760","192.168.1.55","192.168.1.2","TCP","1514","8004  >  36266 [ACK] Seq=156574 Ack=144 Win=65024 Len=1448 TSval=2916038019 TSecr=3045557792 [TCP segment of a reassembled PDU]"
"39258","33.938701260","192.168.1.55","192.168.1.2","TCP","1514","8004  >  36266 [ACK] Seq=158022 Ack=144 Win=65024 Len=1448 TSval=2916038019 TSecr=3045557792 [TCP segment of a reassembled PDU]"
"39259","33.938703019","192.168.1.55","192.168.1.2","TCP","1514","8004  >  36266 [ACK] Seq=159470 Ack=144 Win=65024 Len=1448 TSval=2916038019 TSecr=3045557792 [TCP segment of a reassembled PDU]"
"39260","33.938705223","192.168.1.55","192.168.1.2","TCP","1514","8004  >  36266 [ACK] Seq=160918 Ack=144 Win=65024 Len=1448 TSval=2916038019 TSecr=3045557792 [TCP segment of a reassembled PDU]"
"39261","33.938707075","192.168.1.55","192.168.1.2","TCP","650","[TCP Window Full] 8004  >  36266 [PSH, ACK] Seq=162366 Ack=144 Win=65024 Len=584 TSval=2916038019 TSecr=3045557792 [TCP segment of a reassembled PDU]"
"39262","33.938713260","192.168.1.2","192.168.1.55","TCP","66","36266  >  8004 [ACK] Seq=144 Ack=87070 Win=76800 Len=0 TSval=3045557792 TSecr=2916038014"
"39263","33.938783964","192.168.1.2","192.168.1.55","TCP","66","36266  >  8004 [ACK] Seq=144 Ack=97206 Win=86016 Len=0 TSval=3045557792 TSecr=2916038014"
"39264","33.938801279","192.168.1.55","192.168.1.2","TCP","930","8004  >  36266 [ACK] Seq=162950 Ack=144 Win=65024 Len=864 TSval=2916038019 TSecr=3045557792 [TCP segment of a reassembled PDU]"
"39265","33.938807927","192.168.1.2","192.168.1.55","TCP","66","36266  >  8004 [ACK] Seq=144 Ack=100102 Win=83968 Len=0 TSval=3045557792 TSecr=2916038014"
"39266","33.938875112","192.168.1.55","192.168.1.2","TCP","1514","8004  >  36266 [ACK] Seq=163814 Ack=144 Win=65024 Len=1448 TSval=2916038019 TSecr=3045557792 [TCP segment of a reassembled PDU]"
"39267","33.938886168","192.168.1.55","192.168.1.2","TCP","1514","8004  >  36266 [ACK] Seq=165262 Ack=144 Win=65024 Len=1448 TSval=2916038019 TSecr=3045557792 [TCP segment of a reassembled PDU]"
"39268","33.938888797","192.168.1.55","192.168.1.2","TCP","1514","8004  >  36266 [ACK] Seq=166710 Ack=144 Win=65024 Len=1448 TSval=2916038019 TSecr=3045557792 [TCP segment of a reassembled PDU]"
"39269","33.938890742","192.168.1.55","192.168.1.2","TCP","1514","8004  >  36266 [ACK] Seq=168158 Ack=144 Win=65024 Len=1448 TSval=2916038019 TSecr=3045557792 [TCP segment of a reassembled PDU]"
"39270","33.938892520","192.168.1.55","192.168.1.2","TCP","1514","8004  >  36266 [ACK] Seq=169606 Ack=144 Win=65024 Len=1448 TSval=2916038019 TSecr=3045557792 [TCP segment of a reassembled PDU]"
"39271","33.938893927","192.168.1.55","192.168.1.2","TCP","1514","8004  >  36266 [ACK] Seq=171054 Ack=144 Win=65024 Len=1448 TSval=2916038019 TSecr=3045557792 [TCP segment of a reassembled PDU]"
"39272","33.938896742","192.168.1.55","192.168.1.2","TCP","1514","8004  >  36266 [ACK] Seq=172502 Ack=144 Win=65024 Len=1448 TSval=2916038019 TSecr=3045557792 [TCP segment of a reassembled PDU]"
"39273","33.938899520","192.168.1.55","192.168.1.2","TCP","1514","8004  >  36266 [ACK] Seq=173950 Ack=144 Win=65024 Len=1448 TSval=2916038019 TSecr=3045557792 [TCP segment of a reassembled PDU]"
"39274","33.938901131","192.168.1.55","192.168.1.2","TCP","1514","8004  >  36266 [ACK] Seq=175398 Ack=144 Win=65024 Len=1448 TSval=2916038019 TSecr=3045557792 [TCP segment of a reassembled PDU]"
"39275","33.938903983","192.168.1.55","192.168.1.2","TCP","1514","8004  >  36266 [ACK] Seq=176846 Ack=144 Win=65024 Len=1448 TSval=2916038019 TSecr=3045557792 [TCP segment of a reassembled PDU]"
"39276","33.938905575","192.168.1.55","192.168.1.2","TCP","1514","8004  >  36266 [ACK] Seq=178294 Ack=144 Win=65024 Len=1448 TSval=2916038019 TSecr=3045557792 [TCP segment of a reassembled PDU]"
"39277","33.938906983","192.168.1.55","192.168.1.2","TCP","1514","8004  >  36266 [ACK] Seq=179742 Ack=144 Win=65024 Len=1448 TSval=2916038019 TSecr=3045557792 [TCP segment of a reassembled PDU]"
"39278","33.938909779","192.168.1.55","192.168.1.2","TCP","1514","8004  >  36266 [PSH, ACK] Seq=181190 Ack=144 Win=65024 Len=1448 TSval=2916038019 TSecr=3045557792 [TCP segment of a reassembled PDU]"
"39279","33.944756696","192.168.1.2","192.168.1.55","TCP","66","36266  >  8004 [ACK] Seq=144 Ack=101550 Win=92160 Len=0 TSval=3045557795 TSecr=2916038018"
"39280","33.944794844","192.168.1.55","192.168.1.2","TCP","1514","8004  >  36266 [ACK] Seq=182638 Ack=144 Win=65024 Len=1448 TSval=2916038025 TSecr=3045557795 [TCP segment of a reassembled PDU]"
"39281","33.944799307","192.168.1.55","192.168.1.2","TCP","1514","8004  >  36266 [ACK] Seq=184086 Ack=144 Win=65024 Len=1448 TSval=2916038025 TSecr=3045557795 [TCP segment of a reassembled PDU]"
"39282","33.944800788","192.168.1.55","192.168.1.2","TCP","1514","8004  >  36266 [ACK] Seq=185534 Ack=144 Win=65024 Len=1448 TSval=2916038025 TSecr=3045557795 [TCP segment of a reassembled PDU]"
"39283","33.944802233","192.168.1.55","192.168.1.2","TCP","1514","8004  >  36266 [ACK] Seq=186982 Ack=144 Win=65024 Len=1448 TSval=2916038025 TSecr=3045557795 [TCP segment of a reassembled PDU]"
"39284","33.944803362","192.168.1.55","192.168.1.2","TCP","1514","8004  >  36266 [ACK] Seq=188430 Ack=144 Win=65024 Len=1448 TSval=2916038025 TSecr=3045557795 [TCP segment of a reassembled PDU]"
"39285","33.944804325","192.168.1.55","192.168.1.2","TCP","1514","8004  >  36266 [ACK] Seq=189878 Ack=144 Win=65024 Len=1448 TSval=2916038025 TSecr=3045557795 [TCP segment of a reassembled PDU]"
"39286","33.944805400","192.168.1.55","192.168.1.2","TCP","1514","8004  >  36266 [PSH, ACK] Seq=191326 Ack=144 Win=65024 Len=1448 TSval=2916038025 TSecr=3045557795 [TCP segment of a reassembled PDU]"
"39287","33.944855011","192.168.1.2","192.168.1.55","TCP","66","36266  >  8004 [ACK] Seq=144 Ack=104446 Win=100352 Len=0 TSval=3045557795 TSecr=2916038018"
"39288","33.946253272","192.168.1.2","192.168.1.55","TCP","66","36266  >  8004 [ACK] Seq=144 Ack=105894 Win=102400 Len=0 TSval=3045557799 TSecr=2916038018"
"39289","33.946275180","192.168.1.55","192.168.1.2","TCP","1514","8004  >  36266 [ACK] Seq=192774 Ack=144 Win=65024 Len=1448 TSval=2916038026 TSecr=3045557799 [TCP segment of a reassembled PDU]"
"39290","33.946277198","192.168.1.55","192.168.1.2","TCP","1514","8004  >  36266 [ACK] Seq=194222 Ack=144 Win=65024 Len=1448 TSval=2916038026 TSecr=3045557799 [TCP segment of a reassembled PDU]"
"39291","33.946278346","192.168.1.55","192.168.1.2","TCP","1514","8004  >  36266 [ACK] Seq=195670 Ack=144 Win=65024 Len=1448 TSval=2916038026 TSecr=3045557799 [TCP segment of a reassembled PDU]"
"39292","33.946279735","192.168.1.55","192.168.1.2","TCP","1514","8004  >  36266 [ACK] Seq=197118 Ack=144 Win=65024 Len=1448 TSval=2916038026 TSecr=3045557799 [TCP segment of a reassembled PDU]"
"39293","33.946281346","192.168.1.55","192.168.1.2","TCP","1514","8004  >  36266 [ACK] Seq=198566 Ack=144 Win=65024 Len=1448 TSval=2916038026 TSecr=3045557799 [TCP segment of a reassembled PDU]"
"39294","33.946282717","192.168.1.55","192.168.1.2","TCP","1514","8004  >  36266 [ACK] Seq=200014 Ack=144 Win=65024 Len=1448 TSval=2916038026 TSecr=3045557799 [TCP segment of a reassembled PDU]"
"39295","33.946284254","192.168.1.55","192.168.1.2","TCP","1514","8004  >  36266 [ACK] Seq=201462 Ack=144 Win=65024 Len=1448 TSval=2916038026 TSecr=3045557799 [TCP segment of a reassembled PDU]"
"39296","33.946285920","192.168.1.55","192.168.1.2","TCP","1514","8004  >  36266 [ACK] Seq=202910 Ack=144 Win=65024 Len=1448 TSval=2916038026 TSecr=3045557799 [TCP segment of a reassembled PDU]"
"39297","33.946287180","192.168.1.55","192.168.1.2","TCP","1514","8004  >  36266 [ACK] Seq=204358 Ack=144 Win=65024 Len=1448 TSval=2916038026 TSecr=3045557799 [TCP segment of a reassembled PDU]"
"39298","33.946288643","192.168.1.55","192.168.1.2","TCP","1514","8004  >  36266 [PSH, ACK] Seq=205806 Ack=144 Win=65024 Len=1448 TSval=2916038026 TSecr=3045557799 [TCP segment of a reassembled PDU]"
"39299","33.946770217","192.168.1.2","192.168.1.55","TCP","66","36266  >  8004 [ACK] Seq=144 Ack=108790 Win=107520 Len=0 TSval=3045557799 TSecr=2916038019"
"39300","33.946780588","192.168.1.55","192.168.1.2","TCP","1514","8004  >  36266 [ACK] Seq=207254 Ack=144 Win=65024 Len=1448 TSval=2916038027 TSecr=3045557799 [TCP segment of a reassembled PDU]"
"39301","33.946782921","192.168.1.55","192.168.1.2","TCP","1514","8004  >  36266 [PSH, ACK] Seq=208702 Ack=144 Win=65024 Len=1448 TSval=2916038027 TSecr=3045557799 [TCP segment of a reassembled PDU]"
"39302","33.946786329","192.168.1.2","192.168.1.55","TCP","66","36266  >  8004 [ACK] Seq=144 Ack=126166 Win=96256 Len=0 TSval=3045557799 TSecr=2916038019"
"39303","33.946791717","192.168.1.2","192.168.1.55","TCP","66","36266  >  8004 [ACK] Seq=144 Ack=152230 Win=88064 Len=0 TSval=3045557800 TSecr=2916038019"
"39304","33.946825440","192.168.1.55","192.168.1.2","TCP","1514","8004  >  36266 [ACK] Seq=210150 Ack=144 Win=65024 Len=1448 TSval=2916038027 TSecr=3045557800 [TCP segment of a reassembled PDU]"
"39305","33.946827106","192.168.1.55","192.168.1.2","TCP","1514","8004  >  36266 [ACK] Seq=211598 Ack=144 Win=65024 Len=1448 TSval=2916038027 TSecr=3045557800 [TCP segment of a reassembled PDU]"
"39306","33.946828514","192.168.1.55","192.168.1.2","TCP","1514","8004  >  36266 [ACK] Seq=213046 Ack=144 Win=65024 Len=1448 TSval=2916038027 TSecr=3045557800 [TCP segment of a reassembled PDU]"
"39307","33.946829588","192.168.1.55","192.168.1.2","TCP","1514","8004  >  36266 [ACK] Seq=214494 Ack=144 Win=65024 Len=1448 TSval=2916038027 TSecr=3045557800 [TCP segment of a reassembled PDU]"
"39308","33.946830884","192.168.1.55","192.168.1.2","TCP","1514","8004  >  36266 [ACK] Seq=215942 Ack=144 Win=65024 Len=1448 TSval=2916038027 TSecr=3045557800 [TCP segment of a reassembled PDU]"
"39309","33.946831903","192.168.1.55","192.168.1.2","TCP","1514","8004  >  36266 [ACK] Seq=217390 Ack=144 Win=65024 Len=1448 TSval=2916038027 TSecr=3045557800 [TCP segment of a reassembled PDU]"
"39310","33.946833088","192.168.1.55","192.168.1.2","TCP","1514","8004  >  36266 [ACK] Seq=218838 Ack=144 Win=65024 Len=1448 TSval=2916038027 TSecr=3045557800 [TCP segment of a reassembled PDU]"
"39311","33.946834162","192.168.1.55","192.168.1.2","TCP","1514","8004  >  36266 [ACK] Seq=220286 Ack=144 Win=65024 Len=1448 TSval=2916038027 TSecr=3045557800 [TCP segment of a reassembled PDU]"
"39312","33.946835032","192.168.1.55","192.168.1.2","TCP","1514","8004  >  36266 [ACK] Seq=221734 Ack=144 Win=65024 Len=1448 TSval=2916038027 TSecr=3045557800 [TCP segment of a reassembled PDU]"
"39313","33.946836421","192.168.1.55","192.168.1.2","TCP","1514","8004  >  36266 [ACK] Seq=223182 Ack=144 Win=65024 Len=1448 TSval=2916038027 TSecr=3045557800 [TCP segment of a reassembled PDU]"
"39314","33.946837606","192.168.1.55","192.168.1.2","TCP","1514","8004  >  36266 [ACK] Seq=224630 Ack=144 Win=65024 Len=1448 TSval=2916038027 TSecr=3045557800 [TCP segment of a reassembled PDU]"
"39315","33.946838718","192.168.1.55","192.168.1.2","TCP","1514","8004  >  36266 [ACK] Seq=226078 Ack=144 Win=65024 Len=1448 TSval=2916038027 TSecr=3045557800 [TCP segment of a reassembled PDU]"
"39316","33.946839773","192.168.1.55","192.168.1.2","TCP","1514","8004  >  36266 [ACK] Seq=227526 Ack=144 Win=65024 Len=1448 TSval=2916038027 TSecr=3045557800 [TCP segment of a reassembled PDU]"
"39317","33.946840736","192.168.1.55","192.168.1.2","TCP","1514","8004  >  36266 [ACK] Seq=228974 Ack=144 Win=65024 Len=1448 TSval=2916038027 TSecr=3045557800 [TCP segment of a reassembled PDU]"
"39318","33.946841884","192.168.1.55","192.168.1.2","TCP","1514","8004  >  36266 [ACK] Seq=230422 Ack=144 Win=65024 Len=1448 TSval=2916038027 TSecr=3045557800 [TCP segment of a reassembled PDU]"
"39319","33.946843255","192.168.1.55","192.168.1.2","TCP","1514","8004  >  36266 [ACK] Seq=231870 Ack=144 Win=65024 Len=1448 TSval=2916038027 TSecr=3045557800 [TCP segment of a reassembled PDU]"
"39320","33.946844403","192.168.1.55","192.168.1.2","TCP","1514","8004  >  36266 [ACK] Seq=233318 Ack=144 Win=65024 Len=1448 TSval=2916038027 TSecr=3045557800 [TCP segment of a reassembled PDU]"
"39321","33.946852292","192.168.1.55","192.168.1.2","TCP","1514","8004  >  36266 [ACK] Seq=234766 Ack=144 Win=65024 Len=1448 TSval=2916038027 TSecr=3045557800 [TCP segment of a reassembled PDU]"
"39322","33.946853495","192.168.1.55","192.168.1.2","TCP","1514","8004  >  36266 [ACK] Seq=236214 Ack=144 Win=65024 Len=1448 TSval=2916038027 TSecr=3045557800 [TCP segment of a reassembled PDU]"
"39323","33.946854625","192.168.1.55","192.168.1.2","TCP","1514","8004  >  36266 [PSH, ACK] Seq=237662 Ack=144 Win=65024 Len=1448 TSval=2916038027 TSecr=3045557800 [TCP segment of a reassembled PDU]"
"39324","33.946915477","192.168.1.2","192.168.1.55","TCP","66","36266  >  8004 [ACK] Seq=144 Ack=162950 Win=102400 Len=0 TSval=3045557800 TSecr=2916038019"
"39325","33.946948403","192.168.1.55","192.168.1.2","TCP","1514","8004  >  36266 [ACK] Seq=239110 Ack=144 Win=65024 Len=1448 TSval=2916038027 TSecr=3045557800 [TCP segment of a reassembled PDU]"
"39326","33.946950940","192.168.1.55","192.168.1.2","TCP","1514","8004  >  36266 [ACK] Seq=240558 Ack=144 Win=65024 Len=1448 TSval=2916038027 TSecr=3045557800 [TCP segment of a reassembled PDU]"
"39327","33.946952144","192.168.1.55","192.168.1.2","TCP","1514","8004  >  36266 [ACK] Seq=242006 Ack=144 Win=65024 Len=1448 TSval=2916038027 TSecr=3045557800 [TCP segment of a reassembled PDU]"
"39328","33.946954255","192.168.1.55","192.168.1.2","TCP","1514","8004  >  36266 [ACK] Seq=243454 Ack=144 Win=65024 Len=1448 TSval=2916038027 TSecr=3045557800 [TCP segment of a reassembled PDU]"
"39329","33.946955477","192.168.1.55","192.168.1.2","TCP","1514","8004  >  36266 [ACK] Seq=244902 Ack=144 Win=65024 Len=1448 TSval=2916038027 TSecr=3045557800 [TCP segment of a reassembled PDU]"
"39330","33.946957255","192.168.1.55","192.168.1.2","TCP","1514","8004  >  36266 [ACK] Seq=246350 Ack=144 Win=65024 Len=1448 TSval=2916038027 TSecr=3045557800 [TCP segment of a reassembled PDU]"
"39331","33.946958533","192.168.1.55","192.168.1.2","TCP","1514","8004  >  36266 [ACK] Seq=247798 Ack=144 Win=65024 Len=1448 TSval=2916038027 TSecr=3045557800 [TCP segment of a reassembled PDU]"
"39332","33.946959477","192.168.1.55","192.168.1.2","TCP","1514","8004  >  36266 [ACK] Seq=249246 Ack=144 Win=65024 Len=1448 TSval=2916038027 TSecr=3045557800 [TCP segment of a reassembled PDU]"
"39333","33.946960681","192.168.1.55","192.168.1.2","TCP","1514","8004  >  36266 [ACK] Seq=250694 Ack=144 Win=65024 Len=1448 TSval=2916038027 TSecr=3045557800 [TCP segment of a reassembled PDU]"
"39334","33.946962107","192.168.1.55","192.168.1.2","TCP","1514","8004  >  36266 [ACK] Seq=252142 Ack=144 Win=65024 Len=1448 TSval=2916038027 TSecr=3045557800 [TCP segment of a reassembled PDU]"
"39335","33.946963625","192.168.1.55","192.168.1.2","TCP","1514","8004  >  36266 [ACK] Seq=253590 Ack=144 Win=65024 Len=1448 TSval=2916038027 TSecr=3045557800 [TCP segment of a reassembled PDU]"
"39336","33.946965459","192.168.1.55","192.168.1.2","TCP","1514","8004  >  36266 [PSH, ACK] Seq=255038 Ack=144 Win=65024 Len=1448 TSval=2916038027 TSecr=3045557800 [TCP segment of a reassembled PDU]"
"39337","33.946970847","192.168.1.2","192.168.1.55","TCP","66","36266  >  8004 [ACK] Seq=144 Ack=175398 Win=90112 Len=0 TSval=3045557800 TSecr=2916038019"
"39338","33.946979014","192.168.1.2","192.168.1.55","TCP","66","36266  >  8004 [ACK] Seq=144 Ack=176846 Win=109568 Len=0 TSval=3045557802 TSecr=2916038019"
"39339","33.951193132","192.168.1.2","192.168.1.55","TCP","66","36266  >  8004 [ACK] Seq=144 Ack=182638 Win=107520 Len=0 TSval=3045557802 TSecr=2916038019"
"39340","33.951250262","192.168.1.55","192.168.1.2","TCP","1514","8004  >  36266 [ACK] Seq=256486 Ack=144 Win=65024 Len=1448 TSval=2916038031 TSecr=3045557802 [TCP segment of a reassembled PDU]"
"39341","33.951254317","192.168.1.55","192.168.1.2","TCP","1514","8004  >  36266 [ACK] Seq=257934 Ack=144 Win=65024 Len=1448 TSval=2916038031 TSecr=3045557802 [TCP segment of a reassembled PDU]"
"39342","33.951255502","192.168.1.55","192.168.1.2","TCP","1514","8004  >  36266 [ACK] Seq=259382 Ack=144 Win=65024 Len=1448 TSval=2916038031 TSecr=3045557802 [TCP segment of a reassembled PDU]"
"39343","33.951256484","192.168.1.55","192.168.1.2","TCP","1514","8004  >  36266 [ACK] Seq=260830 Ack=144 Win=65024 Len=1448 TSval=2916038031 TSecr=3045557802 [TCP segment of a reassembled PDU]"
"39344","33.951257836","192.168.1.55","192.168.1.2","TCP","1514","8004  >  36266 [ACK] Seq=262278 Ack=144 Win=65024 Len=1448 TSval=2916038031 TSecr=3045557802 [TCP segment of a reassembled PDU]"
"39345","33.951258947","192.168.1.55","192.168.1.2","TCP","1514","8004  >  36266 [ACK] Seq=263726 Ack=144 Win=65024 Len=1448 TSval=2916038031 TSecr=3045557802 [TCP segment of a reassembled PDU]"
"39346","33.951260132","192.168.1.55","192.168.1.2","TCP","1514","8004  >  36266 [ACK] Seq=265174 Ack=144 Win=65024 Len=1448 TSval=2916038031 TSecr=3045557802 [TCP segment of a reassembled PDU]"
"39347","33.951261225","192.168.1.55","192.168.1.2","TCP","1514","8004  >  36266 [ACK] Seq=266622 Ack=144 Win=65024 Len=1448 TSval=2916038031 TSecr=3045557802 [TCP segment of a reassembled PDU]"
"39348","33.951262169","192.168.1.55","192.168.1.2","TCP","1514","8004  >  36266 [ACK] Seq=268070 Ack=144 Win=65024 Len=1448 TSval=2916038031 TSecr=3045557802 [TCP segment of a reassembled PDU]"
"39349","33.951263484","192.168.1.55","192.168.1.2","TCP","1514","8004  >  36266 [ACK] Seq=269518 Ack=144 Win=65024 Len=1448 TSval=2916038031 TSecr=3045557802 [TCP segment of a reassembled PDU]"
"39350","33.951264595","192.168.1.55","192.168.1.2","TCP","1514","8004  >  36266 [ACK] Seq=270966 Ack=144 Win=65024 Len=1448 TSval=2916038031 TSecr=3045557802 [TCP segment of a reassembled PDU]"
"39351","33.951265817","192.168.1.55","192.168.1.2","TCP","1514","8004  >  36266 [ACK] Seq=272414 Ack=144 Win=65024 Len=1448 TSval=2916038031 TSecr=3045557802 [TCP segment of a reassembled PDU]"
"39352","33.951267299","192.168.1.55","192.168.1.2","TCP","1514","8004  >  36266 [ACK] Seq=273862 Ack=144 Win=65024 Len=1448 TSval=2916038031 TSecr=3045557802 [TCP segment of a reassembled PDU]"
"39353","33.951268410","192.168.1.55","192.168.1.2","TCP","1514","8004  >  36266 [ACK] Seq=275310 Ack=144 Win=65024 Len=1448 TSval=2916038031 TSecr=3045557802 [TCP segment of a reassembled PDU]"
"39354","33.951270058","192.168.1.55","192.168.1.2","TCP","1514","8004  >  36266 [ACK] Seq=276758 Ack=144 Win=65024 Len=1448 TSval=2916038031 TSecr=3045557802 [TCP segment of a reassembled PDU]"
"39355","33.951271206","192.168.1.55","192.168.1.2","TCP","1514","8004  >  36266 [ACK] Seq=278206 Ack=144 Win=65024 Len=1448 TSval=2916038031 TSecr=3045557802 [TCP segment of a reassembled PDU]"
"39356","33.951272799","192.168.1.55","192.168.1.2","TCP","1514","8004  >  36266 [ACK] Seq=279654 Ack=144 Win=65024 Len=1448 TSval=2916038031 TSecr=3045557802 [TCP segment of a reassembled PDU]"
"39357","33.951274039","192.168.1.55","192.168.1.2","TCP","1514","8004  >  36266 [ACK] Seq=281102 Ack=144 Win=65024 Len=1448 TSval=2916038031 TSecr=3045557802 [TCP segment of a reassembled PDU]"
"39358","33.951275262","192.168.1.55","192.168.1.2","TCP","1514","8004  >  36266 [ACK] Seq=282550 Ack=144 Win=65024 Len=1448 TSval=2916038031 TSecr=3045557802 [TCP segment of a reassembled PDU]"
"39359","33.951276428","192.168.1.55","192.168.1.2","TCP","1514","8004  >  36266 [ACK] Seq=283998 Ack=144 Win=65024 Len=1448 TSval=2916038031 TSecr=3045557802 [TCP segment of a reassembled PDU]"
"39360","33.951277465","192.168.1.55","192.168.1.2","TCP","1514","8004  >  36266 [ACK] Seq=285446 Ack=144 Win=65024 Len=1448 TSval=2916038031 TSecr=3045557802 [TCP segment of a reassembled PDU]"
"39361","33.951278688","192.168.1.55","192.168.1.2","TCP","1514","8004  >  36266 [ACK] Seq=286894 Ack=144 Win=65024 Len=1448 TSval=2916038031 TSecr=3045557802 [TCP segment of a reassembled PDU]"
"39362","33.951280484","192.168.1.55","192.168.1.2","TCP","1514","8004  >  36266 [ACK] Seq=288342 Ack=144 Win=65024 Len=1448 TSval=2916038031 TSecr=3045557802 [TCP segment of a reassembled PDU]"
"39363","33.951281521","192.168.1.55","192.168.1.2","TCP","434","[TCP Window Full] 8004  >  36266 [PSH, ACK] Seq=289790 Ack=144 Win=65024 Len=368 TSval=2916038031 TSecr=3045557802 [TCP segment of a reassembled PDU]"
"39364","33.954655915","192.168.1.2","192.168.1.55","TCP","66","36266  >  8004 [ACK] Seq=144 Ack=204358 Win=109568 Len=0 TSval=3045557806 TSecr=2916038025"
"39365","33.954705897","192.168.1.55","192.168.1.2","TCP","1514","8004  >  36266 [ACK] Seq=290158 Ack=144 Win=65024 Len=1448 TSval=2916038035 TSecr=3045557806 [TCP segment of a reassembled PDU]"
"39366","33.954710341","192.168.1.55","192.168.1.2","TCP","1514","8004  >  36266 [ACK] Seq=291606 Ack=144 Win=65024 Len=1448 TSval=2916038035 TSecr=3045557806 [TCP segment of a reassembled PDU]"
"39367","33.954711656","192.168.1.55","192.168.1.2","TCP","1514","8004  >  36266 [ACK] Seq=293054 Ack=144 Win=65024 Len=1448 TSval=2916038035 TSecr=3045557806 [TCP segment of a reassembled PDU]"
"39368","33.954712600","192.168.1.55","192.168.1.2","TCP","1514","8004  >  36266 [ACK] Seq=294502 Ack=144 Win=65024 Len=1448 TSval=2916038035 TSecr=3045557806 [TCP segment of a reassembled PDU]"
"39369","33.954713545","192.168.1.55","192.168.1.2","TCP","1514","8004  >  36266 [ACK] Seq=295950 Ack=144 Win=65024 Len=1448 TSval=2916038035 TSecr=3045557806 [TCP segment of a reassembled PDU]"
"39370","33.954714471","192.168.1.55","192.168.1.2","TCP","1514","8004  >  36266 [ACK] Seq=297398 Ack=144 Win=65024 Len=1448 TSval=2916038035 TSecr=3045557806 [TCP segment of a reassembled PDU]"
"39371","33.954715360","192.168.1.55","192.168.1.2","TCP","1514","8004  >  36266 [ACK] Seq=298846 Ack=144 Win=65024 Len=1448 TSval=2916038035 TSecr=3045557806 [TCP segment of a reassembled PDU]"
"39372","33.954716267","192.168.1.55","192.168.1.2","TCP","1514","8004  >  36266 [PSH, ACK] Seq=300294 Ack=144 Win=65024 Len=1448 TSval=2916038035 TSecr=3045557806 [TCP segment of a reassembled PDU]"
"39373","33.954722471","192.168.1.55","192.168.1.2","TCP","1146","8004  >  36266 [ACK] Seq=301742 Ack=144 Win=65024 Len=1080 TSval=2916038035 TSecr=3045557806 [TCP segment of a reassembled PDU]"
"39374","33.954795508","192.168.1.2","192.168.1.55","TCP","66","36266  >  8004 [ACK] Seq=144 Ack=207254 Win=115712 Len=0 TSval=3045557807 TSecr=2916038026"
"39375","33.954811193","192.168.1.2","192.168.1.55","TCP","66","36266  >  8004 [ACK] Seq=144 Ack=255038 Win=93184 Len=0 TSval=3045557807 TSecr=2916038027"
"39376","33.954859230","192.168.1.55","192.168.1.2","TCP","1514","8004  >  36266 [ACK] Seq=302822 Ack=144 Win=65024 Len=1448 TSval=2916038035 TSecr=3045557807 [TCP segment of a reassembled PDU]"
"39377","33.954861934","192.168.1.55","192.168.1.2","TCP","1514","8004  >  36266 [ACK] Seq=304270 Ack=144 Win=65024 Len=1448 TSval=2916038035 TSecr=3045557807 [TCP segment of a reassembled PDU]"
"39378","33.954862934","192.168.1.55","192.168.1.2","TCP","1514","8004  >  36266 [ACK] Seq=305718 Ack=144 Win=65024 Len=1448 TSval=2916038035 TSecr=3045557807 [TCP segment of a reassembled PDU]"
"39379","33.954864045","192.168.1.55","192.168.1.2","TCP","1514","8004  >  36266 [ACK] Seq=307166 Ack=144 Win=65024 Len=1448 TSval=2916038035 TSecr=3045557807 [TCP segment of a reassembled PDU]"
"39380","33.954865582","192.168.1.55","192.168.1.2","TCP","1514","8004  >  36266 [ACK] Seq=308614 Ack=144 Win=65024 Len=1448 TSval=2916038035 TSecr=3045557807 [TCP segment of a reassembled PDU]"
"39381","33.954866582","192.168.1.55","192.168.1.2","TCP","1514","8004  >  36266 [ACK] Seq=310062 Ack=144 Win=65024 Len=1448 TSval=2916038035 TSecr=3045557807 [TCP segment of a reassembled PDU]"
"39382","33.954867490","192.168.1.55","192.168.1.2","TCP","1514","8004  >  36266 [ACK] Seq=311510 Ack=144 Win=65024 Len=1448 TSval=2916038035 TSecr=3045557807 [TCP segment of a reassembled PDU]"
"39383","33.954868453","192.168.1.55","192.168.1.2","TCP","1514","8004  >  36266 [ACK] Seq=312958 Ack=144 Win=65024 Len=1448 TSval=2916038035 TSecr=3045557807 [TCP segment of a reassembled PDU]"
"39384","33.954869508","192.168.1.55","192.168.1.2","TCP","1514","8004  >  36266 [ACK] Seq=314406 Ack=144 Win=65024 Len=1448 TSval=2916038035 TSecr=3045557807 [TCP segment of a reassembled PDU]"
"39385","33.954870508","192.168.1.55","192.168.1.2","TCP","1514","8004  >  36266 [ACK] Seq=315854 Ack=144 Win=65024 Len=1448 TSval=2916038035 TSecr=3045557807 [TCP segment of a reassembled PDU]"
"39386","33.954871619","192.168.1.55","192.168.1.2","TCP","1514","8004  >  36266 [ACK] Seq=317302 Ack=144 Win=65024 Len=1448 TSval=2916038035 TSecr=3045557807 [TCP segment of a reassembled PDU]"
"39387","33.954872582","192.168.1.55","192.168.1.2","TCP","1514","8004  >  36266 [ACK] Seq=318750 Ack=144 Win=65024 Len=1448 TSval=2916038035 TSecr=3045557807 [TCP segment of a reassembled PDU]"
"39388","33.954873527","192.168.1.55","192.168.1.2","TCP","1514","8004  >  36266 [ACK] Seq=320198 Ack=144 Win=65024 Len=1448 TSval=2916038035 TSecr=3045557807 [TCP segment of a reassembled PDU]"
"39389","33.954874582","192.168.1.55","192.168.1.2","TCP","1514","8004  >  36266 [ACK] Seq=321646 Ack=144 Win=65024 Len=1448 TSval=2916038035 TSecr=3045557807 [TCP segment of a reassembled PDU]"
"39390","33.954875508","192.168.1.55","192.168.1.2","TCP","1514","8004  >  36266 [ACK] Seq=323094 Ack=144 Win=65024 Len=1448 TSval=2916038035 TSecr=3045557807 [TCP segment of a reassembled PDU]"
"39391","33.954876619","192.168.1.55","192.168.1.2","TCP","1514","8004  >  36266 [ACK] Seq=324542 Ack=144 Win=65024 Len=1448 TSval=2916038035 TSecr=3045557807 [TCP segment of a reassembled PDU]"
"39392","33.954877508","192.168.1.55","192.168.1.2","TCP","1514","8004  >  36266 [ACK] Seq=325990 Ack=144 Win=65024 Len=1448 TSval=2916038035 TSecr=3045557807 [TCP segment of a reassembled PDU]"
"39393","33.954878416","192.168.1.55","192.168.1.2","TCP","1514","8004  >  36266 [ACK] Seq=327438 Ack=144 Win=65024 Len=1448 TSval=2916038035 TSecr=3045557807 [TCP segment of a reassembled PDU]"
"39394","33.954879749","192.168.1.55","192.168.1.2","TCP","1514","8004  >  36266 [ACK] Seq=328886 Ack=144 Win=65024 Len=1448 TSval=2916038035 TSecr=3045557807 [TCP segment of a reassembled PDU]"
"39395","33.954880693","192.168.1.55","192.168.1.2","TCP","1514","8004  >  36266 [ACK] Seq=330334 Ack=144 Win=65024 Len=1448 TSval=2916038035 TSecr=3045557807 [TCP segment of a reassembled PDU]"
"39396","33.954881582","192.168.1.55","192.168.1.2","TCP","1514","8004  >  36266 [ACK] Seq=331782 Ack=144 Win=65024 Len=1448 TSval=2916038035 TSecr=3045557807 [TCP segment of a reassembled PDU]"
"39397","33.954882749","192.168.1.55","192.168.1.2","TCP","1514","8004  >  36266 [ACK] Seq=333230 Ack=144 Win=65024 Len=1448 TSval=2916038035 TSecr=3045557807 [TCP segment of a reassembled PDU]"
"39398","33.954883879","192.168.1.55","192.168.1.2","TCP","1514","8004  >  36266 [ACK] Seq=334678 Ack=144 Win=65024 Len=1448 TSval=2916038035 TSecr=3045557807 [TCP segment of a reassembled PDU]"
"39399","33.954884841","192.168.1.55","192.168.1.2","TCP","1514","8004  >  36266 [ACK] Seq=336126 Ack=144 Win=65024 Len=1448 TSval=2916038035 TSecr=3045557807 [TCP segment of a reassembled PDU]"
"39400","33.954885897","192.168.1.55","192.168.1.2","TCP","1514","8004  >  36266 [ACK] Seq=337574 Ack=144 Win=65024 Len=1448 TSval=2916038035 TSecr=3045557807 [TCP segment of a reassembled PDU]"
"39401","33.954886842","192.168.1.55","192.168.1.2","TCP","1514","8004  >  36266 [ACK] Seq=339022 Ack=144 Win=65024 Len=1448 TSval=2916038035 TSecr=3045557807 [TCP segment of a reassembled PDU]"
"39402","33.954887953","192.168.1.55","192.168.1.2","TCP","1514","8004  >  36266 [ACK] Seq=340470 Ack=144 Win=65024 Len=1448 TSval=2916038035 TSecr=3045557807 [TCP segment of a reassembled PDU]"
"39403","33.954889045","192.168.1.55","192.168.1.2","TCP","1514","8004  >  36266 [ACK] Seq=341918 Ack=144 Win=65024 Len=1448 TSval=2916038035 TSecr=3045557807 [TCP segment of a reassembled PDU]"
"39404","33.954890027","192.168.1.55","192.168.1.2","TCP","1514","8004  >  36266 [ACK] Seq=343366 Ack=144 Win=65024 Len=1448 TSval=2916038035 TSecr=3045557807 [TCP segment of a reassembled PDU]"
"39405","33.954891027","192.168.1.55","192.168.1.2","TCP","1514","8004  >  36266 [ACK] Seq=344814 Ack=144 Win=65024 Len=1448 TSval=2916038035 TSecr=3045557807 [TCP segment of a reassembled PDU]"
"39406","33.954891934","192.168.1.55","192.168.1.2","TCP","1514","8004  >  36266 [PSH, ACK] Seq=346262 Ack=144 Win=65024 Len=1448 TSval=2916038035 TSecr=3045557807 [TCP segment of a reassembled PDU]"
"39407","33.954896564","192.168.1.2","192.168.1.55","TCP","66","36266  >  8004 [ACK] Seq=144 Ack=256486 Win=118784 Len=0 TSval=3045557807 TSecr=2916038027"
"39408","33.954904508","192.168.1.55","192.168.1.2","TCP","1514","8004  >  36266 [PSH, ACK] Seq=347710 Ack=144 Win=65024 Len=1448 TSval=2916038035 TSecr=3045557807 [TCP segment of a reassembled PDU]"
"39409","33.954929805","192.168.1.55","192.168.1.2","TCP","1514","8004  >  36266 [ACK] Seq=349158 Ack=144 Win=65024 Len=1448 TSval=2916038035 TSecr=3045557807 [TCP segment of a reassembled PDU]"
"39410","33.954931453","192.168.1.55","192.168.1.2","TCP","1514","8004  >  36266 [ACK] Seq=350606 Ack=144 Win=65024 Len=1448 TSval=2916038035 TSecr=3045557807 [TCP segment of a reassembled PDU]"
"39411","33.954932601","192.168.1.55","192.168.1.2","TCP","1514","8004  >  36266 [ACK] Seq=352054 Ack=144 Win=65024 Len=1448 TSval=2916038035 TSecr=3045557807 [TCP segment of a reassembled PDU]"
"39412","33.954933527","192.168.1.55","192.168.1.2","TCP","1514","8004  >  36266 [ACK] Seq=353502 Ack=144 Win=65024 Len=1448 TSval=2916038035 TSecr=3045557807 [TCP segment of a reassembled PDU]"
"39413","33.954934508","192.168.1.55","192.168.1.2","TCP","1514","8004  >  36266 [ACK] Seq=354950 Ack=144 Win=65024 Len=1448 TSval=2916038035 TSecr=3045557807 [TCP segment of a reassembled PDU]"
"39414","33.954935490","192.168.1.55","192.168.1.2","TCP","1514","8004  >  36266 [ACK] Seq=356398 Ack=144 Win=65024 Len=1448 TSval=2916038035 TSecr=3045557807 [TCP segment of a reassembled PDU]"
"39415","33.954936471","192.168.1.55","192.168.1.2","TCP","1514","8004  >  36266 [ACK] Seq=357846 Ack=144 Win=65024 Len=1448 TSval=2916038035 TSecr=3045557807 [TCP segment of a reassembled PDU]"
"39416","33.954937527","192.168.1.55","192.168.1.2","TCP","1514","8004  >  36266 [ACK] Seq=359294 Ack=144 Win=65024 Len=1448 TSval=2916038035 TSecr=3045557807 [TCP segment of a reassembled PDU]"
"39417","33.954938471","192.168.1.55","192.168.1.2","TCP","1514","8004  >  36266 [ACK] Seq=360742 Ack=144 Win=65024 Len=1448 TSval=2916038035 TSecr=3045557807 [TCP segment of a reassembled PDU]"
"39418","33.954939805","192.168.1.55","192.168.1.2","TCP","1514","8004  >  36266 [ACK] Seq=362190 Ack=144 Win=65024 Len=1448 TSval=2916038035 TSecr=3045557807 [TCP segment of a reassembled PDU]"
"39419","33.954940749","192.168.1.55","192.168.1.2","TCP","1514","8004  >  36266 [ACK] Seq=363638 Ack=144 Win=65024 Len=1448 TSval=2916038035 TSecr=3045557807 [TCP segment of a reassembled PDU]"
"39420","33.954941675","192.168.1.55","192.168.1.2","TCP","1514","8004  >  36266 [ACK] Seq=365086 Ack=144 Win=65024 Len=1448 TSval=2916038035 TSecr=3045557807 [TCP segment of a reassembled PDU]"
"39421","33.954942656","192.168.1.55","192.168.1.2","TCP","1514","8004  >  36266 [ACK] Seq=366534 Ack=144 Win=65024 Len=1448 TSval=2916038035 TSecr=3045557807 [TCP segment of a reassembled PDU]"
"39422","33.954943619","192.168.1.55","192.168.1.2","TCP","1514","8004  >  36266 [ACK] Seq=367982 Ack=144 Win=65024 Len=1448 TSval=2916038035 TSecr=3045557807 [TCP segment of a reassembled PDU]"
"39423","33.954944786","192.168.1.55","192.168.1.2","TCP","1514","8004  >  36266 [ACK] Seq=369430 Ack=144 Win=65024 Len=1448 TSval=2916038035 TSecr=3045557807 [TCP segment of a reassembled PDU]"
"39424","33.954946156","192.168.1.55","192.168.1.2","TCP","1514","8004  >  36266 [ACK] Seq=370878 Ack=144 Win=65024 Len=1448 TSval=2916038035 TSecr=3045557807 [TCP segment of a reassembled PDU]"
"39425","33.954947305","192.168.1.55","192.168.1.2","TCP","1514","8004  >  36266 [ACK] Seq=372326 Ack=144 Win=65024 Len=1448 TSval=2916038035 TSecr=3045557807 [TCP segment of a reassembled PDU]"
"39426","33.954948397","192.168.1.55","192.168.1.2","TCP","1514","8004  >  36266 [PSH, ACK] Seq=373774 Ack=144 Win=65024 Len=1448 TSval=2916038035 TSecr=3045557807 [TCP segment of a reassembled PDU]"
"39427","33.954979490","192.168.1.2","192.168.1.55","TCP","66","36266  >  8004 [ACK] Seq=144 Ack=290158 Win=101376 Len=0 TSval=3045557810 TSecr=2916038031"
"39428","33.955005342","192.168.1.55","192.168.1.2","TCP","1514","8004  >  36266 [ACK] Seq=375222 Ack=144 Win=65024 Len=1448 TSval=2916038035 TSecr=3045557810 [TCP segment of a reassembled PDU]"
"39429","33.955008175","192.168.1.55","192.168.1.2","TCP","1514","8004  >  36266 [ACK] Seq=376670 Ack=144 Win=65024 Len=1448 TSval=2916038035 TSecr=3045557810 [TCP segment of a reassembled PDU]"
"39430","33.955009119","192.168.1.55","192.168.1.2","TCP","1514","8004  >  36266 [ACK] Seq=378118 Ack=144 Win=65024 Len=1448 TSval=2916038035 TSecr=3045557810 [TCP segment of a reassembled PDU]"
"39431","33.955010027","192.168.1.55","192.168.1.2","TCP","1514","8004  >  36266 [ACK] Seq=379566 Ack=144 Win=65024 Len=1448 TSval=2916038035 TSecr=3045557810 [TCP segment of a reassembled PDU]"
"39432","33.955011045","192.168.1.55","192.168.1.2","TCP","1514","8004  >  36266 [ACK] Seq=381014 Ack=144 Win=65024 Len=1448 TSval=2916038035 TSecr=3045557810 [TCP segment of a reassembled PDU]"
"39433","33.955011990","192.168.1.55","192.168.1.2","TCP","1514","8004  >  36266 [ACK] Seq=382462 Ack=144 Win=65024 Len=1448 TSval=2916038035 TSecr=3045557810 [TCP segment of a reassembled PDU]"
"39434","33.955013008","192.168.1.55","192.168.1.2","TCP","1514","8004  >  36266 [ACK] Seq=383910 Ack=144 Win=65024 Len=1448 TSval=2916038035 TSecr=3045557810 [TCP segment of a reassembled PDU]"
"39435","33.955014119","192.168.1.55","192.168.1.2","TCP","1514","8004  >  36266 [ACK] Seq=385358 Ack=144 Win=65024 Len=1448 TSval=2916038035 TSecr=3045557810 [TCP segment of a reassembled PDU]"
"39436","33.955015157","192.168.1.55","192.168.1.2","TCP","1514","8004  >  36266 [ACK] Seq=386806 Ack=144 Win=65024 Len=1448 TSval=2916038035 TSecr=3045557810 [TCP segment of a reassembled PDU]"
"39437","33.955016157","192.168.1.55","192.168.1.2","TCP","1514","8004  >  36266 [ACK] Seq=388254 Ack=144 Win=65024 Len=1448 TSval=2916038035 TSecr=3045557810 [TCP segment of a reassembled PDU]"
"39438","33.955017342","192.168.1.55","192.168.1.2","TCP","1514","8004  >  36266 [PSH, ACK] Seq=389702 Ack=144 Win=65024 Len=1448 TSval=2916038035 TSecr=3045557810 [TCP segment of a reassembled PDU]"
"39439","33.959803035","192.168.1.2","192.168.1.55","TCP","66","36266  >  8004 [ACK] Seq=144 Ack=301742 Win=124928 Len=0 TSval=3045557814 TSecr=2916038035"
"39440","33.959899349","192.168.1.55","192.168.1.2","TCP","1514","8004  >  36266 [ACK] Seq=391150 Ack=144 Win=65024 Len=1448 TSval=2916038040 TSecr=3045557814 [TCP segment of a reassembled PDU]"
"39441","33.959912127","192.168.1.55","192.168.1.2","TCP","1514","8004  >  36266 [ACK] Seq=392598 Ack=144 Win=65024 Len=1448 TSval=2916038040 TSecr=3045557814 [TCP segment of a reassembled PDU]"
"39442","33.959913924","192.168.1.55","192.168.1.2","TCP","1514","8004  >  36266 [PSH, ACK] Seq=394046 Ack=144 Win=65024 Len=1448 TSval=2916038040 TSecr=3045557814 [TCP segment of a reassembled PDU]"
"39443","33.959986016","192.168.1.2","192.168.1.55","TCP","66","36266  >  8004 [ACK] Seq=144 Ack=302822 Win=128000 Len=0 TSval=3045557815 TSecr=2916038035"
"39444","33.960000461","192.168.1.2","192.168.1.55","TCP","66","36266  >  8004 [ACK] Seq=144 Ack=317302 Win=156672 Len=0 TSval=3045557815 TSecr=2916038035"
"39445","33.960061331","192.168.1.55","192.168.1.2","TCP","1514","8004  >  36266 [ACK] Seq=395494 Ack=144 Win=65024 Len=1448 TSval=2916038040 TSecr=3045557815 [TCP segment of a reassembled PDU]"
"39446","33.960066368","192.168.1.55","192.168.1.2","TCP","1514","8004  >  36266 [ACK] Seq=396942 Ack=144 Win=65024 Len=1448 TSval=2916038040 TSecr=3045557815 [TCP segment of a reassembled PDU]"
"39447","33.960067961","192.168.1.55","192.168.1.2","TCP","1514","8004  >  36266 [ACK] Seq=398390 Ack=144 Win=65024 Len=1448 TSval=2916038040 TSecr=3045557815 [TCP segment of a reassembled PDU]"
"39448","33.960069276","192.168.1.55","192.168.1.2","TCP","1514","8004  >  36266 [ACK] Seq=399838 Ack=144 Win=65024 Len=1448 TSval=2916038040 TSecr=3045557815 [TCP segment of a reassembled PDU]"
"39449","33.960070961","192.168.1.55","192.168.1.2","TCP","1514","8004  >  36266 [ACK] Seq=401286 Ack=144 Win=65024 Len=1448 TSval=2916038040 TSecr=3045557815 [TCP segment of a reassembled PDU]"
"39450","33.960072553","192.168.1.55","192.168.1.2","TCP","1514","8004  >  36266 [ACK] Seq=402734 Ack=144 Win=65024 Len=1448 TSval=2916038040 TSecr=3045557815 [TCP segment of a reassembled PDU]"
"39451","33.960073924","192.168.1.55","192.168.1.2","TCP","1514","8004  >  36266 [ACK] Seq=404182 Ack=144 Win=65024 Len=1448 TSval=2916038040 TSecr=3045557815 [TCP segment of a reassembled PDU]"
"39452","33.960075016","192.168.1.55","192.168.1.2","TCP","1514","8004  >  36266 [ACK] Seq=405630 Ack=144 Win=65024 Len=1448 TSval=2916038040 TSecr=3045557815 [TCP segment of a reassembled PDU]"
"39453","33.960076276","192.168.1.55","192.168.1.2","TCP","1514","8004  >  36266 [ACK] Seq=407078 Ack=144 Win=65024 Len=1448 TSval=2916038040 TSecr=3045557815 [TCP segment of a reassembled PDU]"
"39454","33.960077516","192.168.1.55","192.168.1.2","TCP","1514","8004  >  36266 [ACK] Seq=408526 Ack=144 Win=65024 Len=1448 TSval=2916038040 TSecr=3045557815 [TCP segment of a reassembled PDU]"
"39455","33.960079053","192.168.1.55","192.168.1.2","TCP","1514","8004  >  36266 [ACK] Seq=409974 Ack=144 Win=65024 Len=1448 TSval=2916038040 TSecr=3045557815 [TCP segment of a reassembled PDU]"
"39456","33.960080739","192.168.1.55","192.168.1.2","TCP","1514","8004  >  36266 [ACK] Seq=411422 Ack=144 Win=65024 Len=1448 TSval=2916038040 TSecr=3045557815 [TCP segment of a reassembled PDU]"
"39457","33.960082220","192.168.1.55","192.168.1.2","TCP","1514","8004  >  36266 [ACK] Seq=412870 Ack=144 Win=65024 Len=1448 TSval=2916038040 TSecr=3045557815 [TCP segment of a reassembled PDU]"
"39458","33.960083442","192.168.1.55","192.168.1.2","TCP","1514","8004  >  36266 [ACK] Seq=414318 Ack=144 Win=65024 Len=1448 TSval=2916038040 TSecr=3045557815 [TCP segment of a reassembled PDU]"
"39459","33.960084553","192.168.1.55","192.168.1.2","TCP","1514","8004  >  36266 [ACK] Seq=415766 Ack=144 Win=65024 Len=1448 TSval=2916038040 TSecr=3045557815 [TCP segment of a reassembled PDU]"
"39460","33.960086387","192.168.1.55","192.168.1.2","TCP","1514","8004  >  36266 [ACK] Seq=417214 Ack=144 Win=65024 Len=1448 TSval=2916038040 TSecr=3045557815 [TCP segment of a reassembled PDU]"
"39461","33.960088479","192.168.1.55","192.168.1.2","TCP","1514","8004  >  36266 [ACK] Seq=418662 Ack=144 Win=65024 Len=1448 TSval=2916038040 TSecr=3045557815 [TCP segment of a reassembled PDU]"
"39462","33.960090479","192.168.1.55","192.168.1.2","TCP","1514","8004  >  36266 [ACK] Seq=420110 Ack=144 Win=65024 Len=1448 TSval=2916038040 TSecr=3045557815 [TCP segment of a reassembled PDU]"
"39463","33.960091702","192.168.1.55","192.168.1.2","TCP","1514","8004  >  36266 [ACK] Seq=421558 Ack=144 Win=65024 Len=1448 TSval=2916038040 TSecr=3045557815 [TCP segment of a reassembled PDU]"
"39464","33.960093479","192.168.1.55","192.168.1.2","TCP","1514","8004  >  36266 [ACK] Seq=423006 Ack=144 Win=65024 Len=1448 TSval=2916038040 TSecr=3045557815 [TCP segment of a reassembled PDU]"
"39465","33.960094591","192.168.1.55","192.168.1.2","TCP","1514","8004  >  36266 [ACK] Seq=424454 Ack=144 Win=65024 Len=1448 TSval=2916038040 TSecr=3045557815 [TCP segment of a reassembled PDU]"
"39466","33.960096294","192.168.1.55","192.168.1.2","TCP","1514","8004  >  36266 [ACK] Seq=425902 Ack=144 Win=65024 Len=1448 TSval=2916038040 TSecr=3045557815 [TCP segment of a reassembled PDU]"
"39467","33.960097554","192.168.1.55","192.168.1.2","TCP","1514","8004  >  36266 [ACK] Seq=427350 Ack=144 Win=65024 Len=1448 TSval=2916038040 TSecr=3045557815 [TCP segment of a reassembled PDU]"
"39468","33.960098998","192.168.1.55","192.168.1.2","TCP","1514","8004  >  36266 [ACK] Seq=428798 Ack=144 Win=65024 Len=1448 TSval=2916038040 TSecr=3045557815 [TCP segment of a reassembled PDU]"
"39469","33.960101313","192.168.1.55","192.168.1.2","TCP","1514","8004  >  36266 [ACK] Seq=430246 Ack=144 Win=65024 Len=1448 TSval=2916038040 TSecr=3045557815 [TCP segment of a reassembled PDU]"
"39470","33.960103183","192.168.1.55","192.168.1.2","TCP","1514","8004  >  36266 [ACK] Seq=431694 Ack=144 Win=65024 Len=1448 TSval=2916038040 TSecr=3045557815 [TCP segment of a reassembled PDU]"
"39471","33.960104535","192.168.1.55","192.168.1.2","TCP","1514","8004  >  36266 [ACK] Seq=433142 Ack=144 Win=65024 Len=1448 TSval=2916038040 TSecr=3045557815 [TCP segment of a reassembled PDU]"
"39472","33.960105646","192.168.1.55","192.168.1.2","TCP","1514","8004  >  36266 [ACK] Seq=434590 Ack=144 Win=65024 Len=1448 TSval=2916038040 TSecr=3045557815 [TCP segment of a reassembled PDU]"
"39473","33.960107516","192.168.1.55","192.168.1.2","TCP","1514","8004  >  36266 [ACK] Seq=436038 Ack=144 Win=65024 Len=1448 TSval=2916038040 TSecr=3045557815 [TCP segment of a reassembled PDU]"
"39474","33.960109554","192.168.1.55","192.168.1.2","TCP","1514","8004  >  36266 [ACK] Seq=437486 Ack=144 Win=65024 Len=1448 TSval=2916038040 TSecr=3045557815 [TCP segment of a reassembled PDU]"
"39475","33.960111405","192.168.1.55","192.168.1.2","TCP","1514","8004  >  36266 [ACK] Seq=438934 Ack=144 Win=65024 Len=1448 TSval=2916038040 TSecr=3045557815 [TCP segment of a reassembled PDU]"
"39476","33.960112424","192.168.1.55","192.168.1.2","TCP","1514","8004  >  36266 [PSH, ACK] Seq=440382 Ack=144 Win=65024 Len=1448 TSval=2916038040 TSecr=3045557815 [TCP segment of a reassembled PDU]"
"39477","33.960118442","192.168.1.2","192.168.1.55","TCP","66","36266  >  8004 [ACK] Seq=144 Ack=347710 Win=169984 Len=0 TSval=3045557815 TSecr=2916038035"
"39478","33.960188331","192.168.1.55","192.168.1.2","TCP","1514","8004  >  36266 [ACK] Seq=441830 Ack=144 Win=65024 Len=1448 TSval=2916038040 TSecr=3045557815 [TCP segment of a reassembled PDU]"
"39479","33.960192591","192.168.1.55","192.168.1.2","TCP","1514","8004  >  36266 [ACK] Seq=443278 Ack=144 Win=65024 Len=1448 TSval=2916038040 TSecr=3045557815 [TCP segment of a reassembled PDU]"
"39480","33.960193998","192.168.1.55","192.168.1.2","TCP","1514","8004  >  36266 [ACK] Seq=444726 Ack=144 Win=65024 Len=1448 TSval=2916038040 TSecr=3045557815 [TCP segment of a reassembled PDU]"
"39481","33.960194924","192.168.1.55","192.168.1.2","TCP","1514","8004  >  36266 [ACK] Seq=446174 Ack=144 Win=65024 Len=1448 TSval=2916038040 TSecr=3045557815 [TCP segment of a reassembled PDU]"
"39482","33.960195813","192.168.1.55","192.168.1.2","TCP","1514","8004  >  36266 [ACK] Seq=447622 Ack=144 Win=65024 Len=1448 TSval=2916038040 TSecr=3045557815 [TCP segment of a reassembled PDU]"
"39483","33.960196998","192.168.1.55","192.168.1.2","TCP","1514","8004  >  36266 [ACK] Seq=449070 Ack=144 Win=65024 Len=1448 TSval=2916038040 TSecr=3045557815 [TCP segment of a reassembled PDU]"
"39484","33.960198313","192.168.1.55","192.168.1.2","TCP","1514","8004  >  36266 [ACK] Seq=450518 Ack=144 Win=65024 Len=1448 TSval=2916038040 TSecr=3045557815 [TCP segment of a reassembled PDU]"
"39485","33.960199646","192.168.1.55","192.168.1.2","TCP","1514","8004  >  36266 [ACK] Seq=451966 Ack=144 Win=65024 Len=1448 TSval=2916038040 TSecr=3045557815 [TCP segment of a reassembled PDU]"
"39486","33.960201554","192.168.1.55","192.168.1.2","TCP","1514","8004  >  36266 [ACK] Seq=453414 Ack=144 Win=65024 Len=1448 TSval=2916038040 TSecr=3045557815 [TCP segment of a reassembled PDU]"
"39487","33.960202868","192.168.1.55","192.168.1.2","TCP","1514","8004  >  36266 [ACK] Seq=454862 Ack=144 Win=65024 Len=1448 TSval=2916038040 TSecr=3045557815 [TCP segment of a reassembled PDU]"
"39488","33.960204387","192.168.1.55","192.168.1.2","TCP","1514","8004  >  36266 [ACK] Seq=456310 Ack=144 Win=65024 Len=1448 TSval=2916038040 TSecr=3045557815 [TCP segment of a reassembled PDU]"
"39489","33.960205535","192.168.1.55","192.168.1.2","TCP","1514","8004  >  36266 [ACK] Seq=457758 Ack=144 Win=65024 Len=1448 TSval=2916038040 TSecr=3045557815 [TCP segment of a reassembled PDU]"
"39490","33.960206443","192.168.1.55","192.168.1.2","TCP","1514","8004  >  36266 [ACK] Seq=459206 Ack=144 Win=65024 Len=1448 TSval=2916038040 TSecr=3045557815 [TCP segment of a reassembled PDU]"
"39491","33.960207757","192.168.1.55","192.168.1.2","TCP","1514","8004  >  36266 [ACK] Seq=460654 Ack=144 Win=65024 Len=1448 TSval=2916038040 TSecr=3045557815 [TCP segment of a reassembled PDU]"
"39492","33.960209294","192.168.1.55","192.168.1.2","TCP","1514","8004  >  36266 [ACK] Seq=462102 Ack=144 Win=65024 Len=1448 TSval=2916038040 TSecr=3045557815 [TCP segment of a reassembled PDU]"
"39493","33.960212072","192.168.1.55","192.168.1.2","TCP","1514","8004  >  36266 [ACK] Seq=463550 Ack=144 Win=65024 Len=1448 TSval=2916038040 TSecr=3045557815 [TCP segment of a reassembled PDU]"
"39494","33.960213998","192.168.1.55","192.168.1.2","TCP","1514","8004  >  36266 [ACK] Seq=464998 Ack=144 Win=65024 Len=1448 TSval=2916038040 TSecr=3045557815 [TCP segment of a reassembled PDU]"
"39495","33.960215313","192.168.1.55","192.168.1.2","TCP","1514","8004  >  36266 [ACK] Seq=466446 Ack=144 Win=65024 Len=1448 TSval=2916038040 TSecr=3045557815 [TCP segment of a reassembled PDU]"
"39496","33.960216535","192.168.1.55","192.168.1.2","TCP","1514","8004  >  36266 [ACK] Seq=467894 Ack=144 Win=65024 Len=1448 TSval=2916038040 TSecr=3045557815 [TCP segment of a reassembled PDU]"
"39497","33.960225998","192.168.1.55","192.168.1.2","TCP","1514","8004  >  36266 [ACK] Seq=469342 Ack=144 Win=65024 Len=1448 TSval=2916038040 TSecr=3045557815 [TCP segment of a reassembled PDU]"
"39498","33.960227387","192.168.1.55","192.168.1.2","TCP","1514","8004  >  36266 [ACK] Seq=470790 Ack=144 Win=65024 Len=1448 TSval=2916038040 TSecr=3045557815 [TCP segment of a reassembled PDU]"
"39499","33.960228980","192.168.1.55","192.168.1.2","TCP","1514","8004  >  36266 [ACK] Seq=472238 Ack=144 Win=65024 Len=1448 TSval=2916038040 TSecr=3045557815 [TCP segment of a reassembled PDU]"
"39500","33.960229924","192.168.1.55","192.168.1.2","TCP","1514","8004  >  36266 [ACK] Seq=473686 Ack=144 Win=65024 Len=1448 TSval=2916038040 TSecr=3045557815 [TCP segment of a reassembled PDU]"
"39501","33.960231183","192.168.1.55","192.168.1.2","TCP","1514","8004  >  36266 [ACK] Seq=475134 Ack=144 Win=65024 Len=1448 TSval=2916038040 TSecr=3045557815 [TCP segment of a reassembled PDU]"
"39502","33.960232609","192.168.1.55","192.168.1.2","TCP","1514","8004  >  36266 [ACK] Seq=476582 Ack=144 Win=65024 Len=1448 TSval=2916038040 TSecr=3045557815 [TCP segment of a reassembled PDU]"
"39503","33.960233980","192.168.1.55","192.168.1.2","TCP","1514","8004  >  36266 [ACK] Seq=478030 Ack=144 Win=65024 Len=1448 TSval=2916038040 TSecr=3045557815 [TCP segment of a reassembled PDU]"
"39504","33.960235720","192.168.1.55","192.168.1.2","TCP","1514","8004  >  36266 [ACK] Seq=479478 Ack=144 Win=65024 Len=1448 TSval=2916038040 TSecr=3045557815 [TCP segment of a reassembled PDU]"
"39505","33.960237313","192.168.1.55","192.168.1.2","TCP","1514","8004  >  36266 [ACK] Seq=480926 Ack=144 Win=65024 Len=1448 TSval=2916038040 TSecr=3045557815 [TCP segment of a reassembled PDU]"
"39506","33.960238572","192.168.1.55","192.168.1.2","TCP","1514","8004  >  36266 [ACK] Seq=482374 Ack=144 Win=65024 Len=1448 TSval=2916038040 TSecr=3045557815 [TCP segment of a reassembled PDU]"
"39507","33.960239498","192.168.1.55","192.168.1.2","TCP","1514","8004  >  36266 [ACK] Seq=483822 Ack=144 Win=65024 Len=1448 TSval=2916038040 TSecr=3045557815 [TCP segment of a reassembled PDU]"
"39508","33.960240739","192.168.1.55","192.168.1.2","TCP","1514","8004  >  36266 [ACK] Seq=485270 Ack=144 Win=65024 Len=1448 TSval=2916038040 TSecr=3045557815 [TCP segment of a reassembled PDU]"
"39509","33.960241924","192.168.1.55","192.168.1.2","TCP","1514","8004  >  36266 [PSH, ACK] Seq=486718 Ack=144 Win=65024 Len=1448 TSval=2916038040 TSecr=3045557815 [TCP segment of a reassembled PDU]"
"39510","33.960270572","192.168.1.55","192.168.1.2","TCP","1514","8004  >  36266 [ACK] Seq=488166 Ack=144 Win=65024 Len=1448 TSval=2916038040 TSecr=3045557815 [TCP segment of a reassembled PDU]"
"39511","33.960273924","192.168.1.55","192.168.1.2","TCP","1514","8004  >  36266 [ACK] Seq=489614 Ack=144 Win=65024 Len=1448 TSval=2916038040 TSecr=3045557815 [TCP segment of a reassembled PDU]"
"39512","33.960275591","192.168.1.55","192.168.1.2","TCP","1514","8004  >  36266 [ACK] Seq=491062 Ack=144 Win=65024 Len=1448 TSval=2916038040 TSecr=3045557815 [TCP segment of a reassembled PDU]"
"39513","33.960276795","192.168.1.55","192.168.1.2","TCP","1514","8004  >  36266 [ACK] Seq=492510 Ack=144 Win=65024 Len=1448 TSval=2916038040 TSecr=3045557815 [TCP segment of a reassembled PDU]"
"39514","33.960278443","192.168.1.55","192.168.1.2","TCP","1514","8004  >  36266 [ACK] Seq=493958 Ack=144 Win=65024 Len=1448 TSval=2916038040 TSecr=3045557815 [TCP segment of a reassembled PDU]"
"39515","33.960279572","192.168.1.55","192.168.1.2","TCP","1514","8004  >  36266 [ACK] Seq=495406 Ack=144 Win=65024 Len=1448 TSval=2916038040 TSecr=3045557815 [TCP segment of a reassembled PDU]"
"39516","33.960280720","192.168.1.55","192.168.1.2","TCP","1514","8004  >  36266 [ACK] Seq=496854 Ack=144 Win=65024 Len=1448 TSval=2916038040 TSecr=3045557815 [TCP segment of a reassembled PDU]"
"39517","33.960283035","192.168.1.55","192.168.1.2","HTTP","222","HTTP/1.0 200 OK  (PNG)"
"39518","33.968175937","192.168.1.2","192.168.1.55","TCP","66","36266  >  8004 [ACK] Seq=144 Ack=349158 Win=173056 Len=0 TSval=3045557822 TSecr=2916038035"
"39519","33.968338270","192.168.1.2","192.168.1.55","TCP","66","36266  >  8004 [ACK] Seq=144 Ack=375222 Win=173056 Len=0 TSval=3045557822 TSecr=2916038035"
"39520","33.968349493","192.168.1.2","192.168.1.55","TCP","66","36266  >  8004 [ACK] Seq=144 Ack=383910 Win=167936 Len=0 TSval=3045557822 TSecr=2916038035"
"39521","33.968354789","192.168.1.2","192.168.1.55","TCP","66","36266  >  8004 [ACK] Seq=144 Ack=391150 Win=187392 Len=0 TSval=3045557823 TSecr=2916038035"
"39522","33.968358974","192.168.1.2","192.168.1.55","TCP","66","36266  >  8004 [ACK] Seq=144 Ack=395494 Win=190464 Len=0 TSval=3045557823 TSecr=2916038040"
"39523","33.968452141","192.168.1.2","192.168.1.55","TCP","66","36266  >  8004 [ACK] Seq=144 Ack=441830 Win=156672 Len=0 TSval=3045557823 TSecr=2916038040"
"39524","33.968457659","192.168.1.2","192.168.1.55","TCP","66","36266  >  8004 [ACK] Seq=144 Ack=488166 Win=111616 Len=0 TSval=3045557823 TSecr=2916038040"
"39525","33.968860938","192.168.1.2","192.168.1.55","TCP","66","36266  >  8004 [ACK] Seq=144 Ack=498302 Win=189440 Len=0 TSval=3045557824 TSecr=2916038040"
"39526","33.970333959","192.168.1.2","192.168.1.55","TCP","66","36266  >  8004 [FIN, ACK] Seq=144 Ack=498459 Win=193536 Len=0 TSval=3045557825 TSecr=2916038040"
"39527","33.970379922","192.168.1.55","192.168.1.2","TCP","66","8004  >  36266 [ACK] Seq=498459 Ack=145 Win=65024 Len=0 TSval=2916038051 TSecr=3045557825"
"39528","33.970437051","192.168.1.2","192.168.1.55","TCP","74","36280  >  8004 [SYN] Seq=0 Win=64240 Len=0 MSS=1460 SACK_PERM TSval=3045557825 TSecr=0 WS=1024"
"39529","33.970466496","192.168.1.55","192.168.1.2","TCP","74","8004  >  36280 [SYN, ACK] Seq=0 Ack=1 Win=65160 Len=0 MSS=1460 SACK_PERM TSval=2916038051 TSecr=3045557825 WS=128"
"39530","33.973691871","192.168.1.2","192.168.1.55","TCP","66","36280  >  8004 [ACK] Seq=1 Ack=1 Win=64512 Len=0 TSval=3045557828 TSecr=2916038051"
"39531","33.976879099","192.168.1.2","192.168.1.55","HTTP","206","GET /stego_benchmark.png HTTP/1.1 "
"39532","33.976893080","192.168.1.55","192.168.1.2","TCP","66","8004  >  36280 [ACK] Seq=1 Ack=141 Win=65024 Len=0 TSval=2916038057 TSecr=3045557828"
"39533","33.977357451","192.168.1.55","192.168.1.2","TCP","255","8004  >  36280 [PSH, ACK] Seq=1 Ack=141 Win=65024 Len=189 TSval=2916038058 TSecr=3045557828 [TCP segment of a reassembled PDU]"
"39534","33.977434803","192.168.1.55","192.168.1.2","TCP","1514","8004  >  36280 [ACK] Seq=190 Ack=141 Win=65024 Len=1448 TSval=2916038058 TSecr=3045557828 [TCP segment of a reassembled PDU]"
"39535","33.977439470","192.168.1.55","192.168.1.2","TCP","1514","8004  >  36280 [ACK] Seq=1638 Ack=141 Win=65024 Len=1448 TSval=2916038058 TSecr=3045557828 [TCP segment of a reassembled PDU]"
"39536","33.977440822","192.168.1.55","192.168.1.2","TCP","1514","8004  >  36280 [ACK] Seq=3086 Ack=141 Win=65024 Len=1448 TSval=2916038058 TSecr=3045557828 [TCP segment of a reassembled PDU]"
"39537","33.977442174","192.168.1.55","192.168.1.2","TCP","1514","8004  >  36280 [ACK] Seq=4534 Ack=141 Win=65024 Len=1448 TSval=2916038058 TSecr=3045557828 [TCP segment of a reassembled PDU]"
"39538","33.977444211","192.168.1.55","192.168.1.2","TCP","1514","8004  >  36280 [PSH, ACK] Seq=5982 Ack=141 Win=65024 Len=1448 TSval=2916038058 TSecr=3045557828 [TCP segment of a reassembled PDU]"
"39539","33.977461637","192.168.1.55","192.168.1.2","TCP","1514","8004  >  36280 [ACK] Seq=7430 Ack=141 Win=65024 Len=1448 TSval=2916038058 TSecr=3045557828 [TCP segment of a reassembled PDU]"
"39540","33.977463100","192.168.1.55","192.168.1.2","TCP","1514","8004  >  36280 [ACK] Seq=8878 Ack=141 Win=65024 Len=1448 TSval=2916038058 TSecr=3045557828 [TCP segment of a reassembled PDU]"
"39541","33.977464322","192.168.1.55","192.168.1.2","TCP","1514","8004  >  36280 [ACK] Seq=10326 Ack=141 Win=65024 Len=1448 TSval=2916038058 TSecr=3045557828 [TCP segment of a reassembled PDU]"
"39542","33.977465618","192.168.1.55","192.168.1.2","TCP","1514","8004  >  36280 [PSH, ACK] Seq=11774 Ack=141 Win=65024 Len=1448 TSval=2916038058 TSecr=3045557828 [TCP segment of a reassembled PDU]"
"39543","33.983458906","192.168.1.2","192.168.1.55","TCP","66","36280  >  8004 [ACK] Seq=141 Ack=190 Win=64512 Len=0 TSval=3045557835 TSecr=2916038058"
"39544","33.983518017","192.168.1.55","192.168.1.2","TCP","1514","8004  >  36280 [ACK] Seq=13222 Ack=141 Win=65024 Len=1448 TSval=2916038064 TSecr=3045557835 [TCP segment of a reassembled PDU]"
"39545","33.983525609","192.168.1.55","192.168.1.2","TCP","1514","8004  >  36280 [PSH, ACK] Seq=14670 Ack=141 Win=65024 Len=1448 TSval=2916038064 TSecr=3045557835 [TCP segment of a reassembled PDU]"
"39546","33.983598535","192.168.1.2","192.168.1.55","TCP","66","36280  >  8004 [ACK] Seq=141 Ack=5982 Win=76800 Len=0 TSval=3045557835 TSecr=2916038058"
"39547","33.983623035","192.168.1.55","192.168.1.2","TCP","1514","8004  >  36280 [ACK] Seq=16118 Ack=141 Win=65024 Len=1448 TSval=2916038064 TSecr=3045557835 [TCP segment of a reassembled PDU]"
"39548","33.983625665","192.168.1.55","192.168.1.2","TCP","1514","8004  >  36280 [ACK] Seq=17566 Ack=141 Win=65024 Len=1448 TSval=2916038064 TSecr=3045557835 [TCP segment of a reassembled PDU]"
"39549","33.983627165","192.168.1.55","192.168.1.2","TCP","1514","8004  >  36280 [ACK] Seq=19014 Ack=141 Win=65024 Len=1448 TSval=2916038064 TSecr=3045557835 [TCP segment of a reassembled PDU]"
"39550","33.983628387","192.168.1.55","192.168.1.2","TCP","1514","8004  >  36280 [ACK] Seq=20462 Ack=141 Win=65024 Len=1448 TSval=2916038064 TSecr=3045557835 [TCP segment of a reassembled PDU]"
"39551","33.983629739","192.168.1.55","192.168.1.2","TCP","1514","8004  >  36280 [ACK] Seq=21910 Ack=141 Win=65024 Len=1448 TSval=2916038064 TSecr=3045557835 [TCP segment of a reassembled PDU]"
"39552","33.983631239","192.168.1.55","192.168.1.2","TCP","1514","8004  >  36280 [ACK] Seq=23358 Ack=141 Win=65024 Len=1448 TSval=2916038064 TSecr=3045557835 [TCP segment of a reassembled PDU]"
"39553","33.983632480","192.168.1.55","192.168.1.2","TCP","1514","8004  >  36280 [PSH, ACK] Seq=24806 Ack=141 Win=65024 Len=1448 TSval=2916038064 TSecr=3045557835 [TCP segment of a reassembled PDU]"
"39554","33.983638332","192.168.1.2","192.168.1.55","TCP","66","36280  >  8004 [ACK] Seq=141 Ack=7430 Win=79872 Len=0 TSval=3045557836 TSecr=2916038058"
"39555","33.983644887","192.168.1.2","192.168.1.55","TCP","66","36280  >  8004 [ACK] Seq=141 Ack=13222 Win=80896 Len=0 TSval=3045557836 TSecr=2916038058"
"39556","33.983670610","192.168.1.55","192.168.1.2","TCP","1514","8004  >  36280 [ACK] Seq=26254 Ack=141 Win=65024 Len=1448 TSval=2916038064 TSecr=3045557836 [TCP segment of a reassembled PDU]"
"39557","33.983672943","192.168.1.55","192.168.1.2","TCP","1514","8004  >  36280 [ACK] Seq=27702 Ack=141 Win=65024 Len=1448 TSval=2916038064 TSecr=3045557836 [TCP segment of a reassembled PDU]"
"39558","33.983674480","192.168.1.55","192.168.1.2","TCP","1514","8004  >  36280 [ACK] Seq=29150 Ack=141 Win=65024 Len=1448 TSval=2916038064 TSecr=3045557836 [TCP segment of a reassembled PDU]"
"39559","33.983675869","192.168.1.55","192.168.1.2","TCP","1514","8004  >  36280 [ACK] Seq=30598 Ack=141 Win=65024 Len=1448 TSval=2916038064 TSecr=3045557836 [TCP segment of a reassembled PDU]"
"39560","33.983677295","192.168.1.55","192.168.1.2","TCP","1514","8004  >  36280 [ACK] Seq=32046 Ack=141 Win=65024 Len=1448 TSval=2916038064 TSecr=3045557836 [TCP segment of a reassembled PDU]"
"39561","33.983678665","192.168.1.55","192.168.1.2","TCP","1514","8004  >  36280 [ACK] Seq=33494 Ack=141 Win=65024 Len=1448 TSval=2916038064 TSecr=3045557836 [TCP segment of a reassembled PDU]"
"39562","33.983679980","192.168.1.55","192.168.1.2","TCP","1514","8004  >  36280 [ACK] Seq=34942 Ack=141 Win=65024 Len=1448 TSval=2916038064 TSecr=3045557836 [TCP segment of a reassembled PDU]"
"39563","33.983681276","192.168.1.55","192.168.1.2","TCP","1514","8004  >  36280 [ACK] Seq=36390 Ack=141 Win=65024 Len=1448 TSval=2916038064 TSecr=3045557836 [TCP segment of a reassembled PDU]"
"39564","33.983682869","192.168.1.55","192.168.1.2","TCP","1514","8004  >  36280 [ACK] Seq=37838 Ack=141 Win=65024 Len=1448 TSval=2916038064 TSecr=3045557836 [TCP segment of a reassembled PDU]"
"39565","33.983684295","192.168.1.55","192.168.1.2","TCP","1514","8004  >  36280 [PSH, ACK] Seq=39286 Ack=141 Win=65024 Len=1448 TSval=2916038064 TSecr=3045557836 [TCP segment of a reassembled PDU]"
"39566","33.984450907","192.168.1.55","192.168.1.2","TCP","1514","8004  >  36280 [ACK] Seq=40734 Ack=141 Win=65024 Len=1448 TSval=2916038065 TSecr=3045557836 [TCP segment of a reassembled PDU]"
"39567","33.988684247","192.168.1.2","192.168.1.55","TCP","66","36280  >  8004 [ACK] Seq=141 Ack=16118 Win=87040 Len=0 TSval=3045557842 TSecr=2916038064"
"39568","33.988716136","192.168.1.55","192.168.1.2","TCP","1514","8004  >  36280 [ACK] Seq=42182 Ack=141 Win=65024 Len=1448 TSval=2916038069 TSecr=3045557842 [TCP segment of a reassembled PDU]"
"39569","33.988722025","192.168.1.55","192.168.1.2","TCP","1514","8004  >  36280 [PSH, ACK] Seq=43630 Ack=141 Win=65024 Len=1448 TSval=2916038069 TSecr=3045557842 [TCP segment of a reassembled PDU]"
"39570","33.988929803","192.168.1.2","192.168.1.55","TCP","66","36280  >  8004 [ACK] Seq=141 Ack=26254 Win=82944 Len=0 TSval=3045557842 TSecr=2916038064"
"39571","33.988960951","192.168.1.55","192.168.1.2","TCP","1514","8004  >  36280 [ACK] Seq=45078 Ack=141 Win=65024 Len=1448 TSval=2916038069 TSecr=3045557842 [TCP segment of a reassembled PDU]"
"39572","33.988963007","192.168.1.55","192.168.1.2","TCP","1514","8004  >  36280 [ACK] Seq=46526 Ack=141 Win=65024 Len=1448 TSval=2916038069 TSecr=3045557842 [TCP segment of a reassembled PDU]"
"39573","33.988964803","192.168.1.55","192.168.1.2","TCP","1514","8004  >  36280 [ACK] Seq=47974 Ack=141 Win=65024 Len=1448 TSval=2916038069 TSecr=3045557842 [TCP segment of a reassembled PDU]"
"39574","33.988965970","192.168.1.55","192.168.1.2","TCP","1514","8004  >  36280 [ACK] Seq=49422 Ack=141 Win=65024 Len=1448 TSval=2916038069 TSecr=3045557842 [TCP segment of a reassembled PDU]"
"39575","33.988967155","192.168.1.55","192.168.1.2","TCP","1514","8004  >  36280 [ACK] Seq=50870 Ack=141 Win=65024 Len=1448 TSval=2916038069 TSecr=3045557842 [TCP segment of a reassembled PDU]"
"39576","33.988968803","192.168.1.55","192.168.1.2","TCP","1514","8004  >  36280 [ACK] Seq=52318 Ack=141 Win=65024 Len=1448 TSval=2916038069 TSecr=3045557842 [TCP segment of a reassembled PDU]"
"39577","33.988970377","192.168.1.55","192.168.1.2","TCP","1514","8004  >  36280 [ACK] Seq=53766 Ack=141 Win=65024 Len=1448 TSval=2916038069 TSecr=3045557842 [TCP segment of a reassembled PDU]"
"39578","33.988972692","192.168.1.55","192.168.1.2","TCP","1514","8004  >  36280 [ACK] Seq=55214 Ack=141 Win=65024 Len=1448 TSval=2916038069 TSecr=3045557842 [TCP segment of a reassembled PDU]"
"39579","33.988974414","192.168.1.55","192.168.1.2","TCP","1514","8004  >  36280 [ACK] Seq=56662 Ack=141 Win=65024 Len=1448 TSval=2916038069 TSecr=3045557842 [TCP segment of a reassembled PDU]"
"39580","33.988975563","192.168.1.55","192.168.1.2","TCP","1514","8004  >  36280 [ACK] Seq=58110 Ack=141 Win=65024 Len=1448 TSval=2916038069 TSecr=3045557842 [TCP segment of a reassembled PDU]"
"39581","33.988976933","192.168.1.55","192.168.1.2","TCP","1514","8004  >  36280 [ACK] Seq=59558 Ack=141 Win=65024 Len=1448 TSval=2916038069 TSecr=3045557842 [TCP segment of a reassembled PDU]"
"39582","33.988978377","192.168.1.55","192.168.1.2","TCP","1514","8004  >  36280 [ACK] Seq=61006 Ack=141 Win=65024 Len=1448 TSval=2916038069 TSecr=3045557842 [TCP segment of a reassembled PDU]"
"39583","33.988979674","192.168.1.55","192.168.1.2","TCP","1514","8004  >  36280 [ACK] Seq=62454 Ack=141 Win=65024 Len=1448 TSval=2916038069 TSecr=3045557842 [TCP segment of a reassembled PDU]"
"39584","33.988981137","192.168.1.55","192.168.1.2","TCP","1514","8004  >  36280 [PSH, ACK] Seq=63902 Ack=141 Win=65024 Len=1448 TSval=2916038069 TSecr=3045557842 [TCP segment of a reassembled PDU]"
"39585","33.988986248","192.168.1.2","192.168.1.55","TCP","66","36280  >  8004 [ACK] Seq=141 Ack=36390 Win=73728 Len=0 TSval=3045557842 TSecr=2916038064"
"39586","33.989013859","192.168.1.55","192.168.1.2","TCP","1514","8004  >  36280 [ACK] Seq=65350 Ack=141 Win=65024 Len=1448 TSval=2916038069 TSecr=3045557842 [TCP segment of a reassembled PDU]"
"39587","33.989016192","192.168.1.55","192.168.1.2","TCP","1514","8004  >  36280 [ACK] Seq=66798 Ack=141 Win=65024 Len=1448 TSval=2916038069 TSecr=3045557842 [TCP segment of a reassembled PDU]"
"39588","33.989018007","192.168.1.55","192.168.1.2","TCP","1514","8004  >  36280 [ACK] Seq=68246 Ack=141 Win=65024 Len=1448 TSval=2916038069 TSecr=3045557842 [TCP segment of a reassembled PDU]"
"39589","33.989019414","192.168.1.55","192.168.1.2","TCP","1514","8004  >  36280 [ACK] Seq=69694 Ack=141 Win=65024 Len=1448 TSval=2916038069 TSecr=3045557842 [TCP segment of a reassembled PDU]"
"39590","33.989022303","192.168.1.55","192.168.1.2","TCP","1514","8004  >  36280 [ACK] Seq=71142 Ack=141 Win=65024 Len=1448 TSval=2916038069 TSecr=3045557842 [TCP segment of a reassembled PDU]"
"39591","33.989024137","192.168.1.55","192.168.1.2","TCP","1514","8004  >  36280 [ACK] Seq=72590 Ack=141 Win=65024 Len=1448 TSval=2916038069 TSecr=3045557842 [TCP segment of a reassembled PDU]"
"39592","33.989025470","192.168.1.55","192.168.1.2","TCP","1514","8004  >  36280 [ACK] Seq=74038 Ack=141 Win=65024 Len=1448 TSval=2916038069 TSecr=3045557842 [TCP segment of a reassembled PDU]"
"39593","33.989026766","192.168.1.55","192.168.1.2","TCP","1514","8004  >  36280 [PSH, ACK] Seq=75486 Ack=141 Win=65024 Len=1448 TSval=2916038069 TSecr=3045557842 [TCP segment of a reassembled PDU]"
"39594","33.989033451","192.168.1.2","192.168.1.55","TCP","66","36280  >  8004 [ACK] Seq=141 Ack=40734 Win=91136 Len=0 TSval=3045557843 TSecr=2916038064"
"39595","33.989040137","192.168.1.2","192.168.1.55","TCP","66","36280  >  8004 [ACK] Seq=141 Ack=42182 Win=94208 Len=0 TSval=3045557843 TSecr=2916038065"
"39596","33.989905712","192.168.1.55","192.168.1.2","TCP","1514","8004  >  36280 [ACK] Seq=76934 Ack=141 Win=65024 Len=1448 TSval=2916038070 TSecr=3045557843 [TCP segment of a reassembled PDU]"
"39597","33.989912490","192.168.1.55","192.168.1.2","TCP","1514","8004  >  36280 [ACK] Seq=78382 Ack=141 Win=65024 Len=1448 TSval=2916038070 TSecr=3045557843 [TCP segment of a reassembled PDU]"
"39598","33.989913823","192.168.1.55","192.168.1.2","TCP","1514","8004  >  36280 [ACK] Seq=79830 Ack=141 Win=65024 Len=1448 TSval=2916038070 TSecr=3045557843 [TCP segment of a reassembled PDU]"
"39599","33.989915490","192.168.1.55","192.168.1.2","TCP","1514","8004  >  36280 [ACK] Seq=81278 Ack=141 Win=65024 Len=1448 TSval=2916038070 TSecr=3045557843 [TCP segment of a reassembled PDU]"
"39600","33.989918008","192.168.1.55","192.168.1.2","TCP","1514","8004  >  36280 [ACK] Seq=82726 Ack=141 Win=65024 Len=1448 TSval=2916038070 TSecr=3045557843 [TCP segment of a reassembled PDU]"
"39601","33.989920379","192.168.1.55","192.168.1.2","TCP","1514","8004  >  36280 [ACK] Seq=84174 Ack=141 Win=65024 Len=1448 TSval=2916038070 TSecr=3045557843 [TCP segment of a reassembled PDU]"
"39602","33.989922138","192.168.1.55","192.168.1.2","TCP","1514","8004  >  36280 [ACK] Seq=85622 Ack=141 Win=65024 Len=1448 TSval=2916038070 TSecr=3045557843 [TCP segment of a reassembled PDU]"
"39603","33.989924675","192.168.1.55","192.168.1.2","TCP","1514","8004  >  36280 [ACK] Seq=87070 Ack=141 Win=65024 Len=1448 TSval=2916038070 TSecr=3045557843 [TCP segment of a reassembled PDU]"
"39604","33.989926471","192.168.1.55","192.168.1.2","TCP","1514","8004  >  36280 [ACK] Seq=88518 Ack=141 Win=65024 Len=1448 TSval=2916038070 TSecr=3045557843 [TCP segment of a reassembled PDU]"
"39605","33.989928675","192.168.1.55","192.168.1.2","TCP","1514","8004  >  36280 [ACK] Seq=89966 Ack=141 Win=65024 Len=1448 TSval=2916038070 TSecr=3045557843 [TCP segment of a reassembled PDU]"
"39606","33.989930564","192.168.1.55","192.168.1.2","TCP","1514","8004  >  36280 [ACK] Seq=91414 Ack=141 Win=65024 Len=1448 TSval=2916038070 TSecr=3045557843 [TCP segment of a reassembled PDU]"
"39607","33.989931860","192.168.1.55","192.168.1.2","TCP","1514","8004  >  36280 [ACK] Seq=92862 Ack=141 Win=65024 Len=1448 TSval=2916038070 TSecr=3045557843 [TCP segment of a reassembled PDU]"
"39608","33.989933434","192.168.1.55","192.168.1.2","TCP","1514","8004  >  36280 [ACK] Seq=94310 Ack=141 Win=65024 Len=1448 TSval=2916038070 TSecr=3045557843 [TCP segment of a reassembled PDU]"
"39609","33.989935083","192.168.1.55","192.168.1.2","TCP","1514","8004  >  36280 [PSH, ACK] Seq=95758 Ack=141 Win=65024 Len=1448 TSval=2916038070 TSecr=3045557843 [TCP segment of a reassembled PDU]"
"39610","33.989942897","192.168.1.55","192.168.1.2","TCP","1514","8004  >  36280 [ACK] Seq=97206 Ack=141 Win=65024 Len=1448 TSval=2916038070 TSecr=3045557843 [TCP segment of a reassembled PDU]"
"39611","33.989944453","192.168.1.55","192.168.1.2","TCP","1514","8004  >  36280 [PSH, ACK] Seq=98654 Ack=141 Win=65024 Len=1448 TSval=2916038070 TSecr=3045557843 [TCP segment of a reassembled PDU]"
"39612","33.995299258","192.168.1.2","192.168.1.55","TCP","66","36280  >  8004 [ACK] Seq=141 Ack=45078 Win=92160 Len=0 TSval=3045557846 TSecr=2916038069"
"39613","33.995324517","192.168.1.55","192.168.1.2","TCP","1514","8004  >  36280 [ACK] Seq=100102 Ack=141 Win=65024 Len=1448 TSval=2916038076 TSecr=3045557846 [TCP segment of a reassembled PDU]"
"39614","33.995327480","192.168.1.55","192.168.1.2","TCP","1514","8004  >  36280 [ACK] Seq=101550 Ack=141 Win=65024 Len=1448 TSval=2916038076 TSecr=3045557846 [TCP segment of a reassembled PDU]"
"39615","33.995328795","192.168.1.55","192.168.1.2","TCP","1514","8004  >  36280 [ACK] Seq=102998 Ack=141 Win=65024 Len=1448 TSval=2916038076 TSecr=3045557846 [TCP segment of a reassembled PDU]"
"39616","33.995330036","192.168.1.55","192.168.1.2","TCP","1514","8004  >  36280 [PSH, ACK] Seq=104446 Ack=141 Win=65024 Len=1448 TSval=2916038076 TSecr=3045557846 [TCP segment of a reassembled PDU]"
"39617","33.995360110","192.168.1.2","192.168.1.55","TCP","66","36280  >  8004 [ACK] Seq=141 Ack=49422 Win=91136 Len=0 TSval=3045557846 TSecr=2916038069"
"39618","33.996764760","192.168.1.2","192.168.1.55","TCP","66","36280  >  8004 [ACK] Seq=141 Ack=65350 Win=77824 Len=0 TSval=3045557849 TSecr=2916038069"
"39619","33.996777297","192.168.1.55","192.168.1.2","TCP","1514","8004  >  36280 [ACK] Seq=105894 Ack=141 Win=65024 Len=1448 TSval=2916038077 TSecr=3045557849 [TCP segment of a reassembled PDU]"
"39620","33.996779723","192.168.1.55","192.168.1.2","TCP","1514","8004  >  36280 [ACK] Seq=107342 Ack=141 Win=65024 Len=1448 TSval=2916038077 TSecr=3045557849 [TCP segment of a reassembled PDU]"
"39621","33.996780982","192.168.1.55","192.168.1.2","TCP","1514","8004  >  36280 [ACK] Seq=108790 Ack=141 Win=65024 Len=1448 TSval=2916038077 TSecr=3045557849 [TCP segment of a reassembled PDU]"
"39622","33.996782668","192.168.1.55","192.168.1.2","TCP","1514","8004  >  36280 [ACK] Seq=110238 Ack=141 Win=65024 Len=1448 TSval=2916038077 TSecr=3045557849 [TCP segment of a reassembled PDU]"
"39623","33.996783890","192.168.1.55","192.168.1.2","TCP","1514","8004  >  36280 [ACK] Seq=111686 Ack=141 Win=65024 Len=1448 TSval=2916038077 TSecr=3045557849 [TCP segment of a reassembled PDU]"
"39624","33.996785242","192.168.1.55","192.168.1.2","TCP","1514","8004  >  36280 [ACK] Seq=113134 Ack=141 Win=65024 Len=1448 TSval=2916038077 TSecr=3045557849 [TCP segment of a reassembled PDU]"
"39625","33.996786464","192.168.1.55","192.168.1.2","TCP","1514","8004  >  36280 [PSH, ACK] Seq=114582 Ack=141 Win=65024 Len=1448 TSval=2916038077 TSecr=3045557849 [TCP segment of a reassembled PDU]"
"39626","33.996812853","192.168.1.55","192.168.1.2","TCP","1514","8004  >  36280 [ACK] Seq=116030 Ack=141 Win=65024 Len=1448 TSval=2916038077 TSecr=3045557849 [TCP segment of a reassembled PDU]"
"39627","33.996814556","192.168.1.55","192.168.1.2","TCP","1514","8004  >  36280 [ACK] Seq=117478 Ack=141 Win=65024 Len=1448 TSval=2916038077 TSecr=3045557849 [TCP segment of a reassembled PDU]"
"39628","33.996815890","192.168.1.55","192.168.1.2","TCP","1514","8004  >  36280 [ACK] Seq=118926 Ack=141 Win=65024 Len=1448 TSval=2916038077 TSecr=3045557849 [TCP segment of a reassembled PDU]"
"39629","33.996817112","192.168.1.55","192.168.1.2","TCP","1514","8004  >  36280 [ACK] Seq=120374 Ack=141 Win=65024 Len=1448 TSval=2916038077 TSecr=3045557849 [TCP segment of a reassembled PDU]"
"39630","33.996818445","192.168.1.55","192.168.1.2","TCP","1514","8004  >  36280 [ACK] Seq=121822 Ack=141 Win=65024 Len=1448 TSval=2916038077 TSecr=3045557849 [TCP segment of a reassembled PDU]"
"39631","33.996819723","192.168.1.55","192.168.1.2","TCP","1514","8004  >  36280 [ACK] Seq=123270 Ack=141 Win=65024 Len=1448 TSval=2916038077 TSecr=3045557849 [TCP segment of a reassembled PDU]"
"39632","33.996821501","192.168.1.55","192.168.1.2","TCP","1514","8004  >  36280 [ACK] Seq=124718 Ack=141 Win=65024 Len=1448 TSval=2916038077 TSecr=3045557849 [TCP segment of a reassembled PDU]"
"39633","33.996822871","192.168.1.55","192.168.1.2","TCP","1514","8004  >  36280 [ACK] Seq=126166 Ack=141 Win=65024 Len=1448 TSval=2916038077 TSecr=3045557849 [TCP segment of a reassembled PDU]"
"39634","33.996824094","192.168.1.55","192.168.1.2","TCP","1514","8004  >  36280 [ACK] Seq=127614 Ack=141 Win=65024 Len=1448 TSval=2916038077 TSecr=3045557849 [TCP segment of a reassembled PDU]"
"39635","33.996825408","192.168.1.55","192.168.1.2","TCP","1514","8004  >  36280 [ACK] Seq=129062 Ack=141 Win=65024 Len=1448 TSval=2916038077 TSecr=3045557849 [TCP segment of a reassembled PDU]"
"39636","33.996826631","192.168.1.55","192.168.1.2","TCP","1514","8004  >  36280 [ACK] Seq=130510 Ack=141 Win=65024 Len=1448 TSval=2916038077 TSecr=3045557849 [TCP segment of a reassembled PDU]"
"39637","33.996827908","192.168.1.55","192.168.1.2","TCP","1514","8004  >  36280 [ACK] Seq=131958 Ack=141 Win=65024 Len=1448 TSval=2916038077 TSecr=3045557849 [TCP segment of a reassembled PDU]"
"39638","33.996829223","192.168.1.55","192.168.1.2","TCP","1514","8004  >  36280 [ACK] Seq=133406 Ack=141 Win=65024 Len=1448 TSval=2916038077 TSecr=3045557849 [TCP segment of a reassembled PDU]"
"39639","33.996830427","192.168.1.55","192.168.1.2","TCP","1514","8004  >  36280 [ACK] Seq=134854 Ack=141 Win=65024 Len=1448 TSval=2916038077 TSecr=3045557849 [TCP segment of a reassembled PDU]"
"39640","33.996831723","192.168.1.55","192.168.1.2","TCP","1514","8004  >  36280 [ACK] Seq=136302 Ack=141 Win=65024 Len=1448 TSval=2916038077 TSecr=3045557849 [TCP segment of a reassembled PDU]"
"39641","33.996833075","192.168.1.55","192.168.1.2","TCP","1514","8004  >  36280 [ACK] Seq=137750 Ack=141 Win=65024 Len=1448 TSval=2916038077 TSecr=3045557849 [TCP segment of a reassembled PDU]"
"39642","33.996834427","192.168.1.55","192.168.1.2","TCP","1514","8004  >  36280 [ACK] Seq=139198 Ack=141 Win=65024 Len=1448 TSval=2916038077 TSecr=3045557849 [TCP segment of a reassembled PDU]"
"39643","33.996835742","192.168.1.55","192.168.1.2","TCP","1514","8004  >  36280 [ACK] Seq=140646 Ack=141 Win=65024 Len=1448 TSval=2916038077 TSecr=3045557849 [TCP segment of a reassembled PDU]"
"39644","33.996837057","192.168.1.55","192.168.1.2","TCP","1146","[TCP Window Full] 8004  >  36280 [PSH, ACK] Seq=142094 Ack=141 Win=65024 Len=1080 TSval=2916038077 TSecr=3045557849 [TCP segment of a reassembled PDU]"
"39645","33.997859336","192.168.1.2","192.168.1.55","TCP","66","36280  >  8004 [ACK] Seq=141 Ack=76934 Win=66560 Len=0 TSval=3045557850 TSecr=2916038069"
"39646","33.997870540","192.168.1.2","192.168.1.55","TCP","66","36280  >  8004 [ACK] Seq=141 Ack=85622 Win=75776 Len=0 TSval=3045557850 TSecr=2916038070"
"39647","33.997884632","192.168.1.55","192.168.1.2","TCP","1514","8004  >  36280 [ACK] Seq=143174 Ack=141 Win=65024 Len=1448 TSval=2916038078 TSecr=3045557850 [TCP segment of a reassembled PDU]"
"39648","33.997886317","192.168.1.55","192.168.1.2","TCP","1514","8004  >  36280 [ACK] Seq=144622 Ack=141 Win=65024 Len=1448 TSval=2916038078 TSecr=3045557850 [TCP segment of a reassembled PDU]"
"39649","33.997887558","192.168.1.55","192.168.1.2","TCP","1514","8004  >  36280 [ACK] Seq=146070 Ack=141 Win=65024 Len=1448 TSval=2916038078 TSecr=3045557850 [TCP segment of a reassembled PDU]"
"39650","33.997888836","192.168.1.55","192.168.1.2","TCP","1514","8004  >  36280 [ACK] Seq=147518 Ack=141 Win=65024 Len=1448 TSval=2916038078 TSecr=3045557850 [TCP segment of a reassembled PDU]"
"39651","33.997890095","192.168.1.55","192.168.1.2","TCP","1514","8004  >  36280 [ACK] Seq=148966 Ack=141 Win=65024 Len=1448 TSval=2916038078 TSecr=3045557850 [TCP segment of a reassembled PDU]"
"39652","33.997891392","192.168.1.55","192.168.1.2","TCP","1514","8004  >  36280 [ACK] Seq=150414 Ack=141 Win=65024 Len=1448 TSval=2916038078 TSecr=3045557850 [TCP segment of a reassembled PDU]"
"39653","33.997892614","192.168.1.55","192.168.1.2","TCP","1514","8004  >  36280 [ACK] Seq=151862 Ack=141 Win=65024 Len=1448 TSval=2916038078 TSecr=3045557850 [TCP segment of a reassembled PDU]"
"39654","33.997893910","192.168.1.55","192.168.1.2","TCP","1514","8004  >  36280 [PSH, ACK] Seq=153310 Ack=141 Win=65024 Len=1448 TSval=2916038078 TSecr=3045557850 [TCP segment of a reassembled PDU]"
"39655","33.997899058","192.168.1.55","192.168.1.2","TCP","434","8004  >  36280 [ACK] Seq=154758 Ack=141 Win=65024 Len=368 TSval=2916038078 TSecr=3045557850 [TCP segment of a reassembled PDU]"
"39656","33.997902595","192.168.1.2","192.168.1.55","TCP","66","36280  >  8004 [ACK] Seq=141 Ack=97206 Win=82944 Len=0 TSval=3045557851 TSecr=2916038070"
"39657","33.997906132","192.168.1.2","192.168.1.55","TCP","66","36280  >  8004 [ACK] Seq=141 Ack=100102 Win=80896 Len=0 TSval=3045557851 TSecr=2916038070"
"39658","33.997944077","192.168.1.55","192.168.1.2","TCP","1514","8004  >  36280 [ACK] Seq=155126 Ack=141 Win=65024 Len=1448 TSval=2916038078 TSecr=3045557851 [TCP segment of a reassembled PDU]"
"39659","33.997947910","192.168.1.55","192.168.1.2","TCP","1514","8004  >  36280 [ACK] Seq=156574 Ack=141 Win=65024 Len=1448 TSval=2916038078 TSecr=3045557851 [TCP segment of a reassembled PDU]"
"39660","33.997949355","192.168.1.55","192.168.1.2","TCP","1514","8004  >  36280 [ACK] Seq=158022 Ack=141 Win=65024 Len=1448 TSval=2916038078 TSecr=3045557851 [TCP segment of a reassembled PDU]"
"39661","33.997950799","192.168.1.55","192.168.1.2","TCP","1514","8004  >  36280 [ACK] Seq=159470 Ack=141 Win=65024 Len=1448 TSval=2916038078 TSecr=3045557851 [TCP segment of a reassembled PDU]"
"39662","33.997952243","192.168.1.55","192.168.1.2","TCP","1514","8004  >  36280 [ACK] Seq=160918 Ack=141 Win=65024 Len=1448 TSval=2916038078 TSecr=3045557851 [TCP segment of a reassembled PDU]"
"39663","33.997953484","192.168.1.55","192.168.1.2","TCP","1514","8004  >  36280 [ACK] Seq=162366 Ack=141 Win=65024 Len=1448 TSval=2916038078 TSecr=3045557851 [TCP segment of a reassembled PDU]"
"39664","33.997954836","192.168.1.55","192.168.1.2","TCP","1514","8004  >  36280 [ACK] Seq=163814 Ack=141 Win=65024 Len=1448 TSval=2916038078 TSecr=3045557851 [TCP segment of a reassembled PDU]"
"39665","33.997956188","192.168.1.55","192.168.1.2","TCP","1514","8004  >  36280 [ACK] Seq=165262 Ack=141 Win=65024 Len=1448 TSval=2916038078 TSecr=3045557851 [TCP segment of a reassembled PDU]"
"39666","33.997957540","192.168.1.55","192.168.1.2","TCP","1514","8004  >  36280 [ACK] Seq=166710 Ack=141 Win=65024 Len=1448 TSval=2916038078 TSecr=3045557851 [TCP segment of a reassembled PDU]"
"39667","33.997958873","192.168.1.55","192.168.1.2","TCP","1514","8004  >  36280 [ACK] Seq=168158 Ack=141 Win=65024 Len=1448 TSval=2916038078 TSecr=3045557851 [TCP segment of a reassembled PDU]"
"39668","33.997960077","192.168.1.55","192.168.1.2","TCP","1514","8004  >  36280 [ACK] Seq=169606 Ack=141 Win=65024 Len=1448 TSval=2916038078 TSecr=3045557851 [TCP segment of a reassembled PDU]"
"39669","33.997961336","192.168.1.55","192.168.1.2","TCP","1514","8004  >  36280 [ACK] Seq=171054 Ack=141 Win=65024 Len=1448 TSval=2916038078 TSecr=3045557851 [TCP segment of a reassembled PDU]"
"39670","33.997962725","192.168.1.55","192.168.1.2","TCP","1514","8004  >  36280 [ACK] Seq=172502 Ack=141 Win=65024 Len=1448 TSval=2916038078 TSecr=3045557851 [TCP segment of a reassembled PDU]"
"39671","33.997963947","192.168.1.55","192.168.1.2","TCP","1514","8004  >  36280 [ACK] Seq=173950 Ack=141 Win=65024 Len=1448 TSval=2916038078 TSecr=3045557851 [TCP segment of a reassembled PDU]"
"39672","33.997965225","192.168.1.55","192.168.1.2","TCP","1514","8004  >  36280 [ACK] Seq=175398 Ack=141 Win=65024 Len=1448 TSval=2916038078 TSecr=3045557851 [TCP segment of a reassembled PDU]"
"39673","33.997966688","192.168.1.55","192.168.1.2","TCP","1514","8004  >  36280 [ACK] Seq=176846 Ack=141 Win=65024 Len=1448 TSval=2916038078 TSecr=3045557851 [TCP segment of a reassembled PDU]"
"39674","33.997968003","192.168.1.55","192.168.1.2","TCP","1514","8004  >  36280 [PSH, ACK] Seq=178294 Ack=141 Win=65024 Len=1448 TSval=2916038078 TSecr=3045557851 [TCP segment of a reassembled PDU]"
"39675","34.002707696","192.168.1.2","192.168.1.55","TCP","66","36280  >  8004 [ACK] Seq=141 Ack=105894 Win=86016 Len=0 TSval=3045557852 TSecr=2916038076"
"39676","34.002727733","192.168.1.55","192.168.1.2","TCP","1514","8004  >  36280 [ACK] Seq=179742 Ack=141 Win=65024 Len=1448 TSval=2916038083 TSecr=3045557852 [TCP segment of a reassembled PDU]"
"39677","34.002730696","192.168.1.55","192.168.1.2","TCP","1514","8004  >  36280 [ACK] Seq=181190 Ack=141 Win=65024 Len=1448 TSval=2916038083 TSecr=3045557852 [TCP segment of a reassembled PDU]"
"39678","34.002731918","192.168.1.55","192.168.1.2","TCP","1514","8004  >  36280 [ACK] Seq=182638 Ack=141 Win=65024 Len=1448 TSval=2916038083 TSecr=3045557852 [TCP segment of a reassembled PDU]"
"39679","34.002733214","192.168.1.55","192.168.1.2","TCP","1514","8004  >  36280 [ACK] Seq=184086 Ack=141 Win=65024 Len=1448 TSval=2916038083 TSecr=3045557852 [TCP segment of a reassembled PDU]"
"39680","34.002734436","192.168.1.55","192.168.1.2","TCP","1514","8004  >  36280 [ACK] Seq=185534 Ack=141 Win=65024 Len=1448 TSval=2916038083 TSecr=3045557852 [TCP segment of a reassembled PDU]"
"39681","34.002735751","192.168.1.55","192.168.1.2","TCP","1514","8004  >  36280 [ACK] Seq=186982 Ack=141 Win=65024 Len=1448 TSval=2916038083 TSecr=3045557852 [TCP segment of a reassembled PDU]"
"39682","34.002736955","192.168.1.55","192.168.1.2","TCP","1514","8004  >  36280 [ACK] Seq=188430 Ack=141 Win=65024 Len=1448 TSval=2916038083 TSecr=3045557852 [TCP segment of a reassembled PDU]"
"39683","34.002738159","192.168.1.55","192.168.1.2","TCP","1514","8004  >  36280 [PSH, ACK] Seq=189878 Ack=141 Win=65024 Len=1448 TSval=2916038083 TSecr=3045557852 [TCP segment of a reassembled PDU]"
"39684","34.004630976","192.168.1.2","192.168.1.55","TCP","66","36280  >  8004 [ACK] Seq=141 Ack=111686 Win=86016 Len=0 TSval=3045557857 TSecr=2916038077"
"39685","34.004641606","192.168.1.55","192.168.1.2","TCP","1514","8004  >  36280 [ACK] Seq=191326 Ack=141 Win=65024 Len=1448 TSval=2916038085 TSecr=3045557857 [TCP segment of a reassembled PDU]"
"39686","34.004643828","192.168.1.55","192.168.1.2","TCP","1514","8004  >  36280 [ACK] Seq=192774 Ack=141 Win=65024 Len=1448 TSval=2916038085 TSecr=3045557857 [TCP segment of a reassembled PDU]"
"39687","34.004645217","192.168.1.55","192.168.1.2","TCP","1514","8004  >  36280 [ACK] Seq=194222 Ack=141 Win=65024 Len=1448 TSval=2916038085 TSecr=3045557857 [TCP segment of a reassembled PDU]"
"39688","34.004646532","192.168.1.55","192.168.1.2","TCP","1514","8004  >  36280 [PSH, ACK] Seq=195670 Ack=141 Win=65024 Len=1448 TSval=2916038085 TSecr=3045557857 [TCP segment of a reassembled PDU]"
"39689","34.004931829","192.168.1.2","192.168.1.55","TCP","66","36280  >  8004 [ACK] Seq=141 Ack=116030 Win=91136 Len=0 TSval=3045557858 TSecr=2916038077"
"39690","34.004942088","192.168.1.55","192.168.1.2","TCP","1514","8004  >  36280 [ACK] Seq=197118 Ack=141 Win=65024 Len=1448 TSval=2916038085 TSecr=3045557858 [TCP segment of a reassembled PDU]"
"39691","34.004944458","192.168.1.55","192.168.1.2","TCP","1514","8004  >  36280 [ACK] Seq=198566 Ack=141 Win=65024 Len=1448 TSval=2916038085 TSecr=3045557858 [TCP segment of a reassembled PDU]"
"39692","34.004945829","192.168.1.55","192.168.1.2","TCP","1514","8004  >  36280 [PSH, ACK] Seq=200014 Ack=141 Win=65024 Len=1448 TSval=2916038085 TSecr=3045557858 [TCP segment of a reassembled PDU]"
"39693","34.004955977","192.168.1.2","192.168.1.55","TCP","66","36280  >  8004 [ACK] Seq=141 Ack=151862 Win=60416 Len=0 TSval=3045557858 TSecr=2916038077"
"39694","34.004964292","192.168.1.2","192.168.1.55","TCP","66","36280  >  8004 [ACK] Seq=141 Ack=154758 Win=58368 Len=0 TSval=3045557858 TSecr=2916038078"
"39695","34.004968773","192.168.1.2","192.168.1.55","TCP","66","36280  >  8004 [ACK] Seq=141 Ack=176846 Win=36864 Len=0 TSval=3045557858 TSecr=2916038078"
"39696","34.005030551","192.168.1.2","192.168.1.55","TCP","66","[TCP Window Update] 36280  >  8004 [ACK] Seq=141 Ack=176846 Win=94208 Len=0 TSval=3045557858 TSecr=2916038078"
"39697","34.005068773","192.168.1.55","192.168.1.2","TCP","1514","8004  >  36280 [ACK] Seq=201462 Ack=141 Win=65024 Len=1448 TSval=2916038085 TSecr=3045557858 [TCP segment of a reassembled PDU]"
"39698","34.005070644","192.168.1.55","192.168.1.2","TCP","1514","8004  >  36280 [ACK] Seq=202910 Ack=141 Win=65024 Len=1448 TSval=2916038085 TSecr=3045557858 [TCP segment of a reassembled PDU]"
"39699","34.005072255","192.168.1.55","192.168.1.2","TCP","1514","8004  >  36280 [ACK] Seq=204358 Ack=141 Win=65024 Len=1448 TSval=2916038085 TSecr=3045557858 [TCP segment of a reassembled PDU]"
"39700","34.005073736","192.168.1.55","192.168.1.2","TCP","1514","8004  >  36280 [ACK] Seq=205806 Ack=141 Win=65024 Len=1448 TSval=2916038085 TSecr=3045557858 [TCP segment of a reassembled PDU]"
"39701","34.005075181","192.168.1.55","192.168.1.2","TCP","1514","8004  >  36280 [ACK] Seq=207254 Ack=141 Win=65024 Len=1448 TSval=2916038085 TSecr=3045557858 [TCP segment of a reassembled PDU]"
"39702","34.005076514","192.168.1.55","192.168.1.2","TCP","1514","8004  >  36280 [ACK] Seq=208702 Ack=141 Win=65024 Len=1448 TSval=2916038085 TSecr=3045557858 [TCP segment of a reassembled PDU]"
"39703","34.005077959","192.168.1.55","192.168.1.2","TCP","1514","8004  >  36280 [ACK] Seq=210150 Ack=141 Win=65024 Len=1448 TSval=2916038085 TSecr=3045557858 [TCP segment of a reassembled PDU]"
"39704","34.005079607","192.168.1.55","192.168.1.2","TCP","1514","8004  >  36280 [ACK] Seq=211598 Ack=141 Win=65024 Len=1448 TSval=2916038085 TSecr=3045557858 [TCP segment of a reassembled PDU]"
"39705","34.005080884","192.168.1.55","192.168.1.2","TCP","1514","8004  >  36280 [ACK] Seq=213046 Ack=141 Win=65024 Len=1448 TSval=2916038085 TSecr=3045557858 [TCP segment of a reassembled PDU]"
"39706","34.005082347","192.168.1.55","192.168.1.2","TCP","1514","8004  >  36280 [ACK] Seq=214494 Ack=141 Win=65024 Len=1448 TSval=2916038085 TSecr=3045557858 [TCP segment of a reassembled PDU]"
"39707","34.005083699","192.168.1.55","192.168.1.2","TCP","1514","8004  >  36280 [ACK] Seq=215942 Ack=141 Win=65024 Len=1448 TSval=2916038085 TSecr=3045557858 [TCP segment of a reassembled PDU]"
"39708","34.005085051","192.168.1.55","192.168.1.2","TCP","1514","8004  >  36280 [ACK] Seq=217390 Ack=141 Win=65024 Len=1448 TSval=2916038085 TSecr=3045557858 [TCP segment of a reassembled PDU]"
"39709","34.005086681","192.168.1.55","192.168.1.2","TCP","1514","8004  >  36280 [ACK] Seq=218838 Ack=141 Win=65024 Len=1448 TSval=2916038085 TSecr=3045557858 [TCP segment of a reassembled PDU]"
"39710","34.005088459","192.168.1.55","192.168.1.2","TCP","1514","8004  >  36280 [ACK] Seq=220286 Ack=141 Win=65024 Len=1448 TSval=2916038085 TSecr=3045557858 [TCP segment of a reassembled PDU]"
"39711","34.005089977","192.168.1.55","192.168.1.2","TCP","1514","8004  >  36280 [ACK] Seq=221734 Ack=141 Win=65024 Len=1448 TSval=2916038085 TSecr=3045557858 [TCP segment of a reassembled PDU]"
"39712","34.005091403","192.168.1.55","192.168.1.2","TCP","1514","8004  >  36280 [ACK] Seq=223182 Ack=141 Win=65024 Len=1448 TSval=2916038085 TSecr=3045557858 [TCP segment of a reassembled PDU]"
"39713","34.005092736","192.168.1.55","192.168.1.2","TCP","1514","8004  >  36280 [ACK] Seq=224630 Ack=141 Win=65024 Len=1448 TSval=2916038085 TSecr=3045557858 [TCP segment of a reassembled PDU]"
"39714","34.005094162","192.168.1.55","192.168.1.2","TCP","1514","8004  >  36280 [ACK] Seq=226078 Ack=141 Win=65024 Len=1448 TSval=2916038085 TSecr=3045557858 [TCP segment of a reassembled PDU]"
"39715","34.005095607","192.168.1.55","192.168.1.2","TCP","1514","8004  >  36280 [ACK] Seq=227526 Ack=141 Win=65024 Len=1448 TSval=2916038085 TSecr=3045557858 [TCP segment of a reassembled PDU]"
"39716","34.005097014","192.168.1.55","192.168.1.2","TCP","1514","8004  >  36280 [ACK] Seq=228974 Ack=141 Win=65024 Len=1448 TSval=2916038085 TSecr=3045557858 [TCP segment of a reassembled PDU]"
"39717","34.005098477","192.168.1.55","192.168.1.2","TCP","1514","8004  >  36280 [ACK] Seq=230422 Ack=141 Win=65024 Len=1448 TSval=2916038085 TSecr=3045557858 [TCP segment of a reassembled PDU]"
"39718","34.005099829","192.168.1.55","192.168.1.2","TCP","1514","8004  >  36280 [ACK] Seq=231870 Ack=141 Win=65024 Len=1448 TSval=2916038085 TSecr=3045557858 [TCP segment of a reassembled PDU]"
"39719","34.005101218","192.168.1.55","192.168.1.2","TCP","1514","8004  >  36280 [ACK] Seq=233318 Ack=141 Win=65024 Len=1448 TSval=2916038085 TSecr=3045557858 [TCP segment of a reassembled PDU]"
"39720","34.005103051","192.168.1.55","192.168.1.2","TCP","1514","8004  >  36280 [ACK] Seq=234766 Ack=141 Win=65024 Len=1448 TSval=2916038085 TSecr=3045557858 [TCP segment of a reassembled PDU]"
"39721","34.005104440","192.168.1.55","192.168.1.2","TCP","1514","8004  >  36280 [ACK] Seq=236214 Ack=141 Win=65024 Len=1448 TSval=2916038085 TSecr=3045557858 [TCP segment of a reassembled PDU]"
"39722","34.005105959","192.168.1.55","192.168.1.2","TCP","1514","8004  >  36280 [ACK] Seq=237662 Ack=141 Win=65024 Len=1448 TSval=2916038085 TSecr=3045557858 [TCP segment of a reassembled PDU]"
"39723","34.005107366","192.168.1.55","192.168.1.2","TCP","1514","8004  >  36280 [ACK] Seq=239110 Ack=141 Win=65024 Len=1448 TSval=2916038085 TSecr=3045557858 [TCP segment of a reassembled PDU]"
"39724","34.005108773","192.168.1.55","192.168.1.2","TCP","1514","8004  >  36280 [ACK] Seq=240558 Ack=141 Win=65024 Len=1448 TSval=2916038085 TSecr=3045557858 [TCP segment of a reassembled PDU]"
"39725","34.005110218","192.168.1.55","192.168.1.2","TCP","1514","8004  >  36280 [ACK] Seq=242006 Ack=141 Win=65024 Len=1448 TSval=2916038085 TSecr=3045557858 [TCP segment of a reassembled PDU]"
"39726","34.005111496","192.168.1.55","192.168.1.2","TCP","1514","8004  >  36280 [ACK] Seq=243454 Ack=141 Win=65024 Len=1448 TSval=2916038085 TSecr=3045557858 [TCP segment of a reassembled PDU]"
"39727","34.005113033","192.168.1.55","192.168.1.2","TCP","1514","8004  >  36280 [ACK] Seq=244902 Ack=141 Win=65024 Len=1448 TSval=2916038085 TSecr=3045557858 [TCP segment of a reassembled PDU]"
"39728","34.005114329","192.168.1.55","192.168.1.2","TCP","1514","8004  >  36280 [PSH, ACK] Seq=246350 Ack=141 Win=65024 Len=1448 TSval=2916038085 TSecr=3045557858 [TCP segment of a reassembled PDU]"
"39729","34.005119977","192.168.1.2","192.168.1.55","TCP","66","36280  >  8004 [ACK] Seq=141 Ack=179742 Win=94208 Len=0 TSval=3045557859 TSecr=2916038078"
"39730","34.005150681","192.168.1.55","192.168.1.2","TCP","1514","8004  >  36280 [ACK] Seq=247798 Ack=141 Win=65024 Len=1448 TSval=2916038085 TSecr=3045557859 [TCP segment of a reassembled PDU]"
"39731","34.005152625","192.168.1.55","192.168.1.2","TCP","1514","8004  >  36280 [ACK] Seq=249246 Ack=141 Win=65024 Len=1448 TSval=2916038085 TSecr=3045557859 [TCP segment of a reassembled PDU]"
"39732","34.005154088","192.168.1.55","192.168.1.2","TCP","1514","8004  >  36280 [ACK] Seq=250694 Ack=141 Win=65024 Len=1448 TSval=2916038085 TSecr=3045557859 [TCP segment of a reassembled PDU]"
"39733","34.005155440","192.168.1.55","192.168.1.2","TCP","1514","8004  >  36280 [ACK] Seq=252142 Ack=141 Win=65024 Len=1448 TSval=2916038085 TSecr=3045557859 [TCP segment of a reassembled PDU]"
"39734","34.005156829","192.168.1.55","192.168.1.2","TCP","1514","8004  >  36280 [ACK] Seq=253590 Ack=141 Win=65024 Len=1448 TSval=2916038085 TSecr=3045557859 [TCP segment of a reassembled PDU]"
"39735","34.005158440","192.168.1.55","192.168.1.2","TCP","1514","8004  >  36280 [ACK] Seq=255038 Ack=141 Win=65024 Len=1448 TSval=2916038085 TSecr=3045557859 [TCP segment of a reassembled PDU]"
"39736","34.005159903","192.168.1.55","192.168.1.2","TCP","1514","8004  >  36280 [ACK] Seq=256486 Ack=141 Win=65024 Len=1448 TSval=2916038085 TSecr=3045557859 [TCP segment of a reassembled PDU]"
"39737","34.005161329","192.168.1.55","192.168.1.2","TCP","1514","8004  >  36280 [ACK] Seq=257934 Ack=141 Win=65024 Len=1448 TSval=2916038085 TSecr=3045557859 [TCP segment of a reassembled PDU]"
"39738","34.005162736","192.168.1.55","192.168.1.2","TCP","1514","8004  >  36280 [ACK] Seq=259382 Ack=141 Win=65024 Len=1448 TSval=2916038085 TSecr=3045557859 [TCP segment of a reassembled PDU]"
"39739","34.005164274","192.168.1.55","192.168.1.2","TCP","1514","8004  >  36280 [ACK] Seq=260830 Ack=141 Win=65024 Len=1448 TSval=2916038085 TSecr=3045557859 [TCP segment of a reassembled PDU]"
"39740","34.005165662","192.168.1.55","192.168.1.2","TCP","1514","8004  >  36280 [ACK] Seq=262278 Ack=141 Win=65024 Len=1448 TSval=2916038085 TSecr=3045557859 [TCP segment of a reassembled PDU]"
"39741","34.005167107","192.168.1.55","192.168.1.2","TCP","1514","8004  >  36280 [ACK] Seq=263726 Ack=141 Win=65024 Len=1448 TSval=2916038085 TSecr=3045557859 [TCP segment of a reassembled PDU]"
"39742","34.005168551","192.168.1.55","192.168.1.2","TCP","1514","8004  >  36280 [ACK] Seq=265174 Ack=141 Win=65024 Len=1448 TSval=2916038085 TSecr=3045557859 [TCP segment of a reassembled PDU]"
"39743","34.005169959","192.168.1.55","192.168.1.2","TCP","1514","8004  >  36280 [ACK] Seq=266622 Ack=141 Win=65024 Len=1448 TSval=2916038085 TSecr=3045557859 [TCP segment of a reassembled PDU]"
"39744","34.005171311","192.168.1.55","192.168.1.2","TCP","1514","8004  >  36280 [ACK] Seq=268070 Ack=141 Win=65024 Len=1448 TSval=2916038085 TSecr=3045557859 [TCP segment of a reassembled PDU]"
"39745","34.005172662","192.168.1.55","192.168.1.2","TCP","1514","8004  >  36280 [ACK] Seq=269518 Ack=141 Win=65024 Len=1448 TSval=2916038085 TSecr=3045557859 [TCP segment of a reassembled PDU]"
"39746","34.005174014","192.168.1.55","192.168.1.2","TCP","1514","8004  >  36280 [ACK] Seq=270966 Ack=141 Win=65024 Len=1448 TSval=2916038085 TSecr=3045557859 [TCP segment of a reassembled PDU]"
"39747","34.005175385","192.168.1.55","192.168.1.2","TCP","1514","8004  >  36280 [ACK] Seq=272414 Ack=141 Win=65024 Len=1448 TSval=2916038085 TSecr=3045557859 [TCP segment of a reassembled PDU]"
"39748","34.005177218","192.168.1.55","192.168.1.2","TCP","154","[TCP Window Full] 8004  >  36280 [PSH, ACK] Seq=273862 Ack=141 Win=65024 Len=88 TSval=2916038085 TSecr=3045557859 [TCP segment of a reassembled PDU]"
"39749","34.010172522","192.168.1.2","192.168.1.55","TCP","66","36280  >  8004 [ACK] Seq=141 Ack=191326 Win=82944 Len=0 TSval=3045557861 TSecr=2916038083"
"39750","34.011378117","192.168.1.2","192.168.1.55","TCP","66","36280  >  8004 [ACK] Seq=141 Ack=197118 Win=86016 Len=0 TSval=3045557862 TSecr=2916038085"
"39751","34.011403209","192.168.1.55","192.168.1.2","TCP","1514","8004  >  36280 [ACK] Seq=273950 Ack=141 Win=65024 Len=1448 TSval=2916038092 TSecr=3045557862 [TCP segment of a reassembled PDU]"
"39752","34.011407006","192.168.1.55","192.168.1.2","TCP","1514","8004  >  36280 [ACK] Seq=275398 Ack=141 Win=65024 Len=1448 TSval=2916038092 TSecr=3045557862 [TCP segment of a reassembled PDU]"
"39753","34.011408432","192.168.1.55","192.168.1.2","TCP","1514","8004  >  36280 [ACK] Seq=276846 Ack=141 Win=65024 Len=1448 TSval=2916038092 TSecr=3045557862 [TCP segment of a reassembled PDU]"
"39754","34.011409876","192.168.1.55","192.168.1.2","TCP","1514","8004  >  36280 [ACK] Seq=278294 Ack=141 Win=65024 Len=1448 TSval=2916038092 TSecr=3045557862 [TCP segment of a reassembled PDU]"
"39755","34.011411228","192.168.1.55","192.168.1.2","TCP","1514","8004  >  36280 [ACK] Seq=279742 Ack=141 Win=65024 Len=1448 TSval=2916038092 TSecr=3045557862 [TCP segment of a reassembled PDU]"
"39756","34.011412580","192.168.1.55","192.168.1.2","TCP","1514","8004  >  36280 [PSH, ACK] Seq=281190 Ack=141 Win=65024 Len=1448 TSval=2916038092 TSecr=3045557862 [TCP segment of a reassembled PDU]"
"39757","34.011773969","192.168.1.2","192.168.1.55","TCP","66","36280  >  8004 [ACK] Seq=141 Ack=201462 Win=89088 Len=0 TSval=3045557866 TSecr=2916038085"
"39758","34.011781673","192.168.1.2","192.168.1.55","TCP","66","36280  >  8004 [ACK] Seq=141 Ack=247798 Win=100352 Len=0 TSval=3045557866 TSecr=2916038085"
"39759","34.011797210","192.168.1.55","192.168.1.2","TCP","1514","8004  >  36280 [ACK] Seq=282638 Ack=141 Win=65024 Len=1448 TSval=2916038092 TSecr=3045557866 [TCP segment of a reassembled PDU]"
"39760","34.011799951","192.168.1.55","192.168.1.2","TCP","1514","8004  >  36280 [ACK] Seq=284086 Ack=141 Win=65024 Len=1448 TSval=2916038092 TSecr=3045557866 [TCP segment of a reassembled PDU]"
"39761","34.011801229","192.168.1.55","192.168.1.2","TCP","1514","8004  >  36280 [ACK] Seq=285534 Ack=141 Win=65024 Len=1448 TSval=2916038092 TSecr=3045557866 [TCP segment of a reassembled PDU]"
"39762","34.011802506","192.168.1.55","192.168.1.2","TCP","1514","8004  >  36280 [ACK] Seq=286982 Ack=141 Win=65024 Len=1448 TSval=2916038092 TSecr=3045557866 [TCP segment of a reassembled PDU]"
"39763","34.011804062","192.168.1.55","192.168.1.2","TCP","1514","8004  >  36280 [ACK] Seq=288430 Ack=141 Win=65024 Len=1448 TSval=2916038092 TSecr=3045557866 [TCP segment of a reassembled PDU]"
"39764","34.011805414","192.168.1.55","192.168.1.2","TCP","1514","8004  >  36280 [ACK] Seq=289878 Ack=141 Win=65024 Len=1448 TSval=2916038092 TSecr=3045557866 [TCP segment of a reassembled PDU]"
"39765","34.011806784","192.168.1.55","192.168.1.2","TCP","1514","8004  >  36280 [ACK] Seq=291326 Ack=141 Win=65024 Len=1448 TSval=2916038092 TSecr=3045557866 [TCP segment of a reassembled PDU]"
"39766","34.011808062","192.168.1.55","192.168.1.2","TCP","1426","8004  >  36280 [PSH, ACK] Seq=292774 Ack=141 Win=65024 Len=1360 TSval=2916038092 TSecr=3045557866 [TCP segment of a reassembled PDU]"
"39767","34.011846099","192.168.1.55","192.168.1.2","TCP","1514","8004  >  36280 [ACK] Seq=294134 Ack=141 Win=65024 Len=1448 TSval=2916038092 TSecr=3045557866 [TCP segment of a reassembled PDU]"
"39768","34.011848432","192.168.1.55","192.168.1.2","TCP","1514","8004  >  36280 [ACK] Seq=295582 Ack=141 Win=65024 Len=1448 TSval=2916038092 TSecr=3045557866 [TCP segment of a reassembled PDU]"
"39769","34.011849858","192.168.1.55","192.168.1.2","TCP","1514","8004  >  36280 [ACK] Seq=297030 Ack=141 Win=65024 Len=1448 TSval=2916038092 TSecr=3045557866 [TCP segment of a reassembled PDU]"
"39770","34.011851340","192.168.1.55","192.168.1.2","TCP","1514","8004  >  36280 [ACK] Seq=298478 Ack=141 Win=65024 Len=1448 TSval=2916038092 TSecr=3045557866 [TCP segment of a reassembled PDU]"
"39771","34.011852636","192.168.1.55","192.168.1.2","TCP","1514","8004  >  36280 [ACK] Seq=299926 Ack=141 Win=65024 Len=1448 TSval=2916038092 TSecr=3045557866 [TCP segment of a reassembled PDU]"
"39772","34.011854043","192.168.1.55","192.168.1.2","TCP","1514","8004  >  36280 [ACK] Seq=301374 Ack=141 Win=65024 Len=1448 TSval=2916038092 TSecr=3045557866 [TCP segment of a reassembled PDU]"
"39773","34.011855451","192.168.1.55","192.168.1.2","TCP","1514","8004  >  36280 [ACK] Seq=302822 Ack=141 Win=65024 Len=1448 TSval=2916038092 TSecr=3045557866 [TCP segment of a reassembled PDU]"
"39774","34.011856877","192.168.1.55","192.168.1.2","TCP","1514","8004  >  36280 [ACK] Seq=304270 Ack=141 Win=65024 Len=1448 TSval=2916038092 TSecr=3045557866 [TCP segment of a reassembled PDU]"
"39775","34.011858766","192.168.1.55","192.168.1.2","TCP","1514","8004  >  36280 [ACK] Seq=305718 Ack=141 Win=65024 Len=1448 TSval=2916038092 TSecr=3045557866 [TCP segment of a reassembled PDU]"
"39776","34.011860155","192.168.1.55","192.168.1.2","TCP","1514","8004  >  36280 [ACK] Seq=307166 Ack=141 Win=65024 Len=1448 TSval=2916038092 TSecr=3045557866 [TCP segment of a reassembled PDU]"
"39777","34.011861414","192.168.1.55","192.168.1.2","TCP","1514","8004  >  36280 [ACK] Seq=308614 Ack=141 Win=65024 Len=1448 TSval=2916038092 TSecr=3045557866 [TCP segment of a reassembled PDU]"
"39778","34.011862858","192.168.1.55","192.168.1.2","TCP","1514","8004  >  36280 [ACK] Seq=310062 Ack=141 Win=65024 Len=1448 TSval=2916038092 TSecr=3045557866 [TCP segment of a reassembled PDU]"
"39779","34.011864266","192.168.1.55","192.168.1.2","TCP","1514","8004  >  36280 [ACK] Seq=311510 Ack=141 Win=65024 Len=1448 TSval=2916038092 TSecr=3045557866 [TCP segment of a reassembled PDU]"
"39780","34.011865562","192.168.1.55","192.168.1.2","TCP","1514","8004  >  36280 [ACK] Seq=312958 Ack=141 Win=65024 Len=1448 TSval=2916038092 TSecr=3045557866 [TCP segment of a reassembled PDU]"
"39781","34.011867043","192.168.1.55","192.168.1.2","TCP","1514","8004  >  36280 [ACK] Seq=314406 Ack=141 Win=65024 Len=1448 TSval=2916038092 TSecr=3045557866 [TCP segment of a reassembled PDU]"
"39782","34.011868395","192.168.1.55","192.168.1.2","TCP","1514","8004  >  36280 [ACK] Seq=315854 Ack=141 Win=65024 Len=1448 TSval=2916038092 TSecr=3045557866 [TCP segment of a reassembled PDU]"
"39783","34.011869858","192.168.1.55","192.168.1.2","TCP","1514","8004  >  36280 [ACK] Seq=317302 Ack=141 Win=65024 Len=1448 TSval=2916038092 TSecr=3045557866 [TCP segment of a reassembled PDU]"
"39784","34.011871229","192.168.1.55","192.168.1.2","TCP","1514","8004  >  36280 [ACK] Seq=318750 Ack=141 Win=65024 Len=1448 TSval=2916038092 TSecr=3045557866 [TCP segment of a reassembled PDU]"
"39785","34.011872710","192.168.1.55","192.168.1.2","TCP","1514","8004  >  36280 [ACK] Seq=320198 Ack=141 Win=65024 Len=1448 TSval=2916038092 TSecr=3045557866 [TCP segment of a reassembled PDU]"
"39786","34.011874321","192.168.1.55","192.168.1.2","TCP","1514","8004  >  36280 [ACK] Seq=321646 Ack=141 Win=65024 Len=1448 TSval=2916038092 TSecr=3045557866 [TCP segment of a reassembled PDU]"
"39787","34.011875673","192.168.1.55","192.168.1.2","TCP","1514","8004  >  36280 [ACK] Seq=323094 Ack=141 Win=65024 Len=1448 TSval=2916038092 TSecr=3045557866 [TCP segment of a reassembled PDU]"
"39788","34.011877210","192.168.1.55","192.168.1.2","TCP","1514","8004  >  36280 [ACK] Seq=324542 Ack=141 Win=65024 Len=1448 TSval=2916038092 TSecr=3045557866 [TCP segment of a reassembled PDU]"
"39789","34.011878618","192.168.1.55","192.168.1.2","TCP","1514","8004  >  36280 [ACK] Seq=325990 Ack=141 Win=65024 Len=1448 TSval=2916038092 TSecr=3045557866 [TCP segment of a reassembled PDU]"
"39790","34.011879914","192.168.1.55","192.168.1.2","TCP","1514","8004  >  36280 [ACK] Seq=327438 Ack=141 Win=65024 Len=1448 TSval=2916038092 TSecr=3045557866 [TCP segment of a reassembled PDU]"
"39791","34.011881303","192.168.1.55","192.168.1.2","TCP","1514","8004  >  36280 [ACK] Seq=328886 Ack=141 Win=65024 Len=1448 TSval=2916038092 TSecr=3045557866 [TCP segment of a reassembled PDU]"
"39792","34.011883081","192.168.1.55","192.168.1.2","TCP","1514","8004  >  36280 [ACK] Seq=330334 Ack=141 Win=65024 Len=1448 TSval=2916038092 TSecr=3045557866 [TCP segment of a reassembled PDU]"
"39793","34.011884451","192.168.1.55","192.168.1.2","TCP","1514","8004  >  36280 [ACK] Seq=331782 Ack=141 Win=65024 Len=1448 TSval=2916038092 TSecr=3045557866 [TCP segment of a reassembled PDU]"
"39794","34.011885951","192.168.1.55","192.168.1.2","TCP","1514","8004  >  36280 [ACK] Seq=333230 Ack=141 Win=65024 Len=1448 TSval=2916038092 TSecr=3045557866 [TCP segment of a reassembled PDU]"
"39795","34.011887247","192.168.1.55","192.168.1.2","TCP","1514","8004  >  36280 [ACK] Seq=334678 Ack=141 Win=65024 Len=1448 TSval=2916038092 TSecr=3045557866 [TCP segment of a reassembled PDU]"
"39796","34.011888636","192.168.1.55","192.168.1.2","TCP","1514","8004  >  36280 [ACK] Seq=336126 Ack=141 Win=65024 Len=1448 TSval=2916038092 TSecr=3045557866 [TCP segment of a reassembled PDU]"
"39797","34.011890247","192.168.1.55","192.168.1.2","TCP","1514","8004  >  36280 [ACK] Seq=337574 Ack=141 Win=65024 Len=1448 TSval=2916038092 TSecr=3045557866 [TCP segment of a reassembled PDU]"
"39798","34.011891655","192.168.1.55","192.168.1.2","TCP","1514","8004  >  36280 [PSH, ACK] Seq=339022 Ack=141 Win=65024 Len=1448 TSval=2916038092 TSecr=3045557866 [TCP segment of a reassembled PDU]"
"39799","34.011896192","192.168.1.2","192.168.1.55","TCP","66","36280  >  8004 [ACK] Seq=141 Ack=273950 Win=100352 Len=0 TSval=3045557866 TSecr=2916038085"
"39800","34.011940636","192.168.1.55","192.168.1.2","TCP","1514","8004  >  36280 [ACK] Seq=340470 Ack=141 Win=65024 Len=1448 TSval=2916038092 TSecr=3045557866 [TCP segment of a reassembled PDU]"
"39801","34.011943321","192.168.1.55","192.168.1.2","TCP","1514","8004  >  36280 [ACK] Seq=341918 Ack=141 Win=65024 Len=1448 TSval=2916038092 TSecr=3045557866 [TCP segment of a reassembled PDU]"
"39802","34.011944970","192.168.1.55","192.168.1.2","TCP","1514","8004  >  36280 [ACK] Seq=343366 Ack=141 Win=65024 Len=1448 TSval=2916038092 TSecr=3045557866 [TCP segment of a reassembled PDU]"
"39803","34.011946525","192.168.1.55","192.168.1.2","TCP","1514","8004  >  36280 [ACK] Seq=344814 Ack=141 Win=65024 Len=1448 TSval=2916038092 TSecr=3045557866 [TCP segment of a reassembled PDU]"
"39804","34.011947858","192.168.1.55","192.168.1.2","TCP","1514","8004  >  36280 [ACK] Seq=346262 Ack=141 Win=65024 Len=1448 TSval=2916038092 TSecr=3045557866 [TCP segment of a reassembled PDU]"
"39805","34.011949321","192.168.1.55","192.168.1.2","TCP","1514","8004  >  36280 [ACK] Seq=347710 Ack=141 Win=65024 Len=1448 TSval=2916038092 TSecr=3045557866 [TCP segment of a reassembled PDU]"
"39806","34.011950581","192.168.1.55","192.168.1.2","TCP","1514","8004  >  36280 [ACK] Seq=349158 Ack=141 Win=65024 Len=1448 TSval=2916038092 TSecr=3045557866 [TCP segment of a reassembled PDU]"
"39807","34.011951951","192.168.1.55","192.168.1.2","TCP","1514","8004  >  36280 [ACK] Seq=350606 Ack=141 Win=65024 Len=1448 TSval=2916038092 TSecr=3045557866 [TCP segment of a reassembled PDU]"
"39808","34.011953229","192.168.1.55","192.168.1.2","TCP","1514","8004  >  36280 [ACK] Seq=352054 Ack=141 Win=65024 Len=1448 TSval=2916038092 TSecr=3045557866 [TCP segment of a reassembled PDU]"
"39809","34.011954507","192.168.1.55","192.168.1.2","TCP","1514","8004  >  36280 [ACK] Seq=353502 Ack=141 Win=65024 Len=1448 TSval=2916038092 TSecr=3045557866 [TCP segment of a reassembled PDU]"
"39810","34.011955932","192.168.1.55","192.168.1.2","TCP","1514","8004  >  36280 [ACK] Seq=354950 Ack=141 Win=65024 Len=1448 TSval=2916038092 TSecr=3045557866 [TCP segment of a reassembled PDU]"
"39811","34.011957358","192.168.1.55","192.168.1.2","TCP","1514","8004  >  36280 [ACK] Seq=356398 Ack=141 Win=65024 Len=1448 TSval=2916038092 TSecr=3045557866 [TCP segment of a reassembled PDU]"
"39812","34.011958766","192.168.1.55","192.168.1.2","TCP","1514","8004  >  36280 [ACK] Seq=357846 Ack=141 Win=65024 Len=1448 TSval=2916038092 TSecr=3045557866 [TCP segment of a reassembled PDU]"
"39813","34.011960136","192.168.1.55","192.168.1.2","TCP","1514","8004  >  36280 [ACK] Seq=359294 Ack=141 Win=65024 Len=1448 TSval=2916038092 TSecr=3045557866 [TCP segment of a reassembled PDU]"
"39814","34.011961562","192.168.1.55","192.168.1.2","TCP","1514","8004  >  36280 [ACK] Seq=360742 Ack=141 Win=65024 Len=1448 TSval=2916038092 TSecr=3045557866 [TCP segment of a reassembled PDU]"
"39815","34.011962951","192.168.1.55","192.168.1.2","TCP","1514","8004  >  36280 [ACK] Seq=362190 Ack=141 Win=65024 Len=1448 TSval=2916038092 TSecr=3045557866 [TCP segment of a reassembled PDU]"
"39816","34.011964340","192.168.1.55","192.168.1.2","TCP","1514","8004  >  36280 [ACK] Seq=363638 Ack=141 Win=65024 Len=1448 TSval=2916038092 TSecr=3045557866 [TCP segment of a reassembled PDU]"
"39817","34.011965729","192.168.1.55","192.168.1.2","TCP","1514","8004  >  36280 [ACK] Seq=365086 Ack=141 Win=65024 Len=1448 TSval=2916038092 TSecr=3045557866 [TCP segment of a reassembled PDU]"
"39818","34.011967155","192.168.1.55","192.168.1.2","TCP","1514","8004  >  36280 [ACK] Seq=366534 Ack=141 Win=65024 Len=1448 TSval=2916038092 TSecr=3045557866 [TCP segment of a reassembled PDU]"
"39819","34.011968673","192.168.1.55","192.168.1.2","TCP","1514","8004  >  36280 [ACK] Seq=367982 Ack=141 Win=65024 Len=1448 TSval=2916038092 TSecr=3045557866 [TCP segment of a reassembled PDU]"
"39820","34.011970062","192.168.1.55","192.168.1.2","TCP","1514","8004  >  36280 [ACK] Seq=369430 Ack=141 Win=65024 Len=1448 TSval=2916038092 TSecr=3045557866 [TCP segment of a reassembled PDU]"
"39821","34.011971340","192.168.1.55","192.168.1.2","TCP","1514","8004  >  36280 [ACK] Seq=370878 Ack=141 Win=65024 Len=1448 TSval=2916038092 TSecr=3045557866 [TCP segment of a reassembled PDU]"
"39822","34.011972747","192.168.1.55","192.168.1.2","TCP","1514","8004  >  36280 [PSH, ACK] Seq=372326 Ack=141 Win=65024 Len=1448 TSval=2916038092 TSecr=3045557866 [TCP segment of a reassembled PDU]"
"39823","34.017726349","192.168.1.2","192.168.1.55","TCP","66","36280  >  8004 [ACK] Seq=141 Ack=282638 Win=117760 Len=0 TSval=3045557869 TSecr=2916038092"
"39824","34.017745812","192.168.1.55","192.168.1.2","TCP","1514","8004  >  36280 [ACK] Seq=373774 Ack=141 Win=65024 Len=1448 TSval=2916038098 TSecr=3045557869 [TCP segment of a reassembled PDU]"
"39825","34.017748331","192.168.1.55","192.168.1.2","TCP","1514","8004  >  36280 [ACK] Seq=375222 Ack=141 Win=65024 Len=1448 TSval=2916038098 TSecr=3045557869 [TCP segment of a reassembled PDU]"
"39826","34.017749664","192.168.1.55","192.168.1.2","TCP","1514","8004  >  36280 [ACK] Seq=376670 Ack=141 Win=65024 Len=1448 TSval=2916038098 TSecr=3045557869 [TCP segment of a reassembled PDU]"
"39827","34.017750831","192.168.1.55","192.168.1.2","TCP","1514","8004  >  36280 [ACK] Seq=378118 Ack=141 Win=65024 Len=1448 TSval=2916038098 TSecr=3045557869 [TCP segment of a reassembled PDU]"
"39828","34.017751979","192.168.1.55","192.168.1.2","TCP","1514","8004  >  36280 [ACK] Seq=379566 Ack=141 Win=65024 Len=1448 TSval=2916038098 TSecr=3045557869 [TCP segment of a reassembled PDU]"
"39829","34.017753127","192.168.1.55","192.168.1.2","TCP","1514","8004  >  36280 [ACK] Seq=381014 Ack=141 Win=65024 Len=1448 TSval=2916038098 TSecr=3045557869 [TCP segment of a reassembled PDU]"
"39830","34.017754275","192.168.1.55","192.168.1.2","TCP","1514","8004  >  36280 [ACK] Seq=382462 Ack=141 Win=65024 Len=1448 TSval=2916038098 TSecr=3045557869 [TCP segment of a reassembled PDU]"
"39831","34.017755553","192.168.1.55","192.168.1.2","TCP","1514","8004  >  36280 [ACK] Seq=383910 Ack=141 Win=65024 Len=1448 TSval=2916038098 TSecr=3045557869 [TCP segment of a reassembled PDU]"
"39832","34.017756682","192.168.1.55","192.168.1.2","TCP","1514","8004  >  36280 [PSH, ACK] Seq=385358 Ack=141 Win=65024 Len=1448 TSval=2916038098 TSecr=3045557869 [TCP segment of a reassembled PDU]"
"39833","34.019553796","192.168.1.2","192.168.1.55","TCP","66","36280  >  8004 [ACK] Seq=141 Ack=294134 Win=140288 Len=0 TSval=3045557874 TSecr=2916038092"
"39834","34.019585722","192.168.1.55","192.168.1.2","TCP","1514","8004  >  36280 [ACK] Seq=386806 Ack=141 Win=65024 Len=1448 TSval=2916038100 TSecr=3045557874 [TCP segment of a reassembled PDU]"
"39835","34.019588093","192.168.1.55","192.168.1.2","TCP","1514","8004  >  36280 [ACK] Seq=388254 Ack=141 Win=65024 Len=1448 TSval=2916038100 TSecr=3045557874 [TCP segment of a reassembled PDU]"
"39836","34.019589278","192.168.1.55","192.168.1.2","TCP","1514","8004  >  36280 [ACK] Seq=389702 Ack=141 Win=65024 Len=1448 TSval=2916038100 TSecr=3045557874 [TCP segment of a reassembled PDU]"
"39837","34.019590611","192.168.1.55","192.168.1.2","TCP","1514","8004  >  36280 [ACK] Seq=391150 Ack=141 Win=65024 Len=1448 TSval=2916038100 TSecr=3045557874 [TCP segment of a reassembled PDU]"
"39838","34.019592056","192.168.1.55","192.168.1.2","TCP","1514","8004  >  36280 [ACK] Seq=392598 Ack=141 Win=65024 Len=1448 TSval=2916038100 TSecr=3045557874 [TCP segment of a reassembled PDU]"
"39839","34.019593426","192.168.1.55","192.168.1.2","TCP","1514","8004  >  36280 [ACK] Seq=394046 Ack=141 Win=65024 Len=1448 TSval=2916038100 TSecr=3045557874 [TCP segment of a reassembled PDU]"
"39840","34.019594704","192.168.1.55","192.168.1.2","TCP","1514","8004  >  36280 [ACK] Seq=395494 Ack=141 Win=65024 Len=1448 TSval=2916038100 TSecr=3045557874 [TCP segment of a reassembled PDU]"
"39841","34.019595945","192.168.1.55","192.168.1.2","TCP","1514","8004  >  36280 [ACK] Seq=396942 Ack=141 Win=65024 Len=1448 TSval=2916038100 TSecr=3045557874 [TCP segment of a reassembled PDU]"
"39842","34.019597352","192.168.1.55","192.168.1.2","TCP","1514","8004  >  36280 [ACK] Seq=398390 Ack=141 Win=65024 Len=1448 TSval=2916038100 TSecr=3045557874 [TCP segment of a reassembled PDU]"
"39843","34.019598537","192.168.1.55","192.168.1.2","TCP","1514","8004  >  36280 [ACK] Seq=399838 Ack=141 Win=65024 Len=1448 TSval=2916038100 TSecr=3045557874 [TCP segment of a reassembled PDU]"
"39844","34.019599667","192.168.1.55","192.168.1.2","TCP","1514","8004  >  36280 [ACK] Seq=401286 Ack=141 Win=65024 Len=1448 TSval=2916038100 TSecr=3045557874 [TCP segment of a reassembled PDU]"
"39845","34.019601148","192.168.1.55","192.168.1.2","TCP","1514","8004  >  36280 [ACK] Seq=402734 Ack=141 Win=65024 Len=1448 TSval=2916038100 TSecr=3045557874 [TCP segment of a reassembled PDU]"
"39846","34.019602482","192.168.1.55","192.168.1.2","TCP","1514","8004  >  36280 [ACK] Seq=404182 Ack=141 Win=65024 Len=1448 TSval=2916038100 TSecr=3045557874 [TCP segment of a reassembled PDU]"
"39847","34.019603630","192.168.1.55","192.168.1.2","TCP","1514","8004  >  36280 [ACK] Seq=405630 Ack=141 Win=65024 Len=1448 TSval=2916038100 TSecr=3045557874 [TCP segment of a reassembled PDU]"
"39848","34.019604963","192.168.1.55","192.168.1.2","TCP","1514","8004  >  36280 [ACK] Seq=407078 Ack=141 Win=65024 Len=1448 TSval=2916038100 TSecr=3045557874 [TCP segment of a reassembled PDU]"
"39849","34.019606111","192.168.1.55","192.168.1.2","TCP","1514","8004  >  36280 [ACK] Seq=408526 Ack=141 Win=65024 Len=1448 TSval=2916038100 TSecr=3045557874 [TCP segment of a reassembled PDU]"
"39850","34.019607371","192.168.1.55","192.168.1.2","TCP","1514","8004  >  36280 [ACK] Seq=409974 Ack=141 Win=65024 Len=1448 TSval=2916038100 TSecr=3045557874 [TCP segment of a reassembled PDU]"
"39851","34.019608648","192.168.1.55","192.168.1.2","TCP","1514","8004  >  36280 [ACK] Seq=411422 Ack=141 Win=65024 Len=1448 TSval=2916038100 TSecr=3045557874 [TCP segment of a reassembled PDU]"
"39852","34.019609889","192.168.1.55","192.168.1.2","TCP","1514","8004  >  36280 [ACK] Seq=412870 Ack=141 Win=65024 Len=1448 TSval=2916038100 TSecr=3045557874 [TCP segment of a reassembled PDU]"
"39853","34.019611167","192.168.1.55","192.168.1.2","TCP","1514","8004  >  36280 [ACK] Seq=414318 Ack=141 Win=65024 Len=1448 TSval=2916038100 TSecr=3045557874 [TCP segment of a reassembled PDU]"
"39854","34.019612426","192.168.1.55","192.168.1.2","TCP","1514","8004  >  36280 [ACK] Seq=415766 Ack=141 Win=65024 Len=1448 TSval=2916038100 TSecr=3045557874 [TCP segment of a reassembled PDU]"
"39855","34.019613667","192.168.1.55","192.168.1.2","TCP","1514","8004  >  36280 [ACK] Seq=417214 Ack=141 Win=65024 Len=1448 TSval=2916038100 TSecr=3045557874 [TCP segment of a reassembled PDU]"
"39856","34.019614908","192.168.1.55","192.168.1.2","TCP","1514","8004  >  36280 [ACK] Seq=418662 Ack=141 Win=65024 Len=1448 TSval=2916038100 TSecr=3045557874 [TCP segment of a reassembled PDU]"
"39857","34.019616111","192.168.1.55","192.168.1.2","TCP","1514","8004  >  36280 [ACK] Seq=420110 Ack=141 Win=65024 Len=1448 TSval=2916038100 TSecr=3045557874 [TCP segment of a reassembled PDU]"
"39858","34.019617371","192.168.1.55","192.168.1.2","TCP","1514","8004  >  36280 [ACK] Seq=421558 Ack=141 Win=65024 Len=1448 TSval=2916038100 TSecr=3045557874 [TCP segment of a reassembled PDU]"
"39859","34.019618593","192.168.1.55","192.168.1.2","TCP","1514","8004  >  36280 [ACK] Seq=423006 Ack=141 Win=65024 Len=1448 TSval=2916038100 TSecr=3045557874 [TCP segment of a reassembled PDU]"
"39860","34.019619908","192.168.1.55","192.168.1.2","TCP","1514","8004  >  36280 [ACK] Seq=424454 Ack=141 Win=65024 Len=1448 TSval=2916038100 TSecr=3045557874 [TCP segment of a reassembled PDU]"
"39861","34.019621611","192.168.1.55","192.168.1.2","TCP","1514","8004  >  36280 [ACK] Seq=425902 Ack=141 Win=65024 Len=1448 TSval=2916038100 TSecr=3045557874 [TCP segment of a reassembled PDU]"
"39862","34.019623019","192.168.1.55","192.168.1.2","TCP","1514","8004  >  36280 [ACK] Seq=427350 Ack=141 Win=65024 Len=1448 TSval=2916038100 TSecr=3045557874 [TCP segment of a reassembled PDU]"
"39863","34.019624445","192.168.1.55","192.168.1.2","TCP","1514","8004  >  36280 [ACK] Seq=428798 Ack=141 Win=65024 Len=1448 TSval=2916038100 TSecr=3045557874 [TCP segment of a reassembled PDU]"
"39864","34.019625611","192.168.1.55","192.168.1.2","TCP","1514","8004  >  36280 [ACK] Seq=430246 Ack=141 Win=65024 Len=1448 TSval=2916038100 TSecr=3045557874 [TCP segment of a reassembled PDU]"
"39865","34.019626871","192.168.1.55","192.168.1.2","TCP","1514","8004  >  36280 [PSH, ACK] Seq=431694 Ack=141 Win=65024 Len=1448 TSval=2916038100 TSecr=3045557874 [TCP segment of a reassembled PDU]"
"39866","34.019678278","192.168.1.2","192.168.1.55","TCP","66","36280  >  8004 [ACK] Seq=141 Ack=340470 Win=144384 Len=0 TSval=3045557874 TSecr=2916038092"
"39867","34.019716445","192.168.1.55","192.168.1.2","TCP","1514","8004  >  36280 [ACK] Seq=433142 Ack=141 Win=65024 Len=1448 TSval=2916038100 TSecr=3045557874 [TCP segment of a reassembled PDU]"
"39868","34.019719186","192.168.1.55","192.168.1.2","TCP","1514","8004  >  36280 [ACK] Seq=434590 Ack=141 Win=65024 Len=1448 TSval=2916038100 TSecr=3045557874 [TCP segment of a reassembled PDU]"
"39869","34.019724575","192.168.1.55","192.168.1.2","TCP","1514","8004  >  36280 [ACK] Seq=436038 Ack=141 Win=65024 Len=1448 TSval=2916038100 TSecr=3045557874 [TCP segment of a reassembled PDU]"
"39870","34.019726445","192.168.1.55","192.168.1.2","TCP","1514","8004  >  36280 [ACK] Seq=437486 Ack=141 Win=65024 Len=1448 TSval=2916038100 TSecr=3045557874 [TCP segment of a reassembled PDU]"
"39871","34.019727723","192.168.1.55","192.168.1.2","TCP","1514","8004  >  36280 [ACK] Seq=438934 Ack=141 Win=65024 Len=1448 TSval=2916038100 TSecr=3045557874 [TCP segment of a reassembled PDU]"
"39872","34.019728945","192.168.1.55","192.168.1.2","TCP","1514","8004  >  36280 [ACK] Seq=440382 Ack=141 Win=65024 Len=1448 TSval=2916038100 TSecr=3045557874 [TCP segment of a reassembled PDU]"
"39873","34.019730186","192.168.1.55","192.168.1.2","TCP","1514","8004  >  36280 [ACK] Seq=441830 Ack=141 Win=65024 Len=1448 TSval=2916038100 TSecr=3045557874 [TCP segment of a reassembled PDU]"
"39874","34.019731463","192.168.1.55","192.168.1.2","TCP","1514","8004  >  36280 [ACK] Seq=443278 Ack=141 Win=65024 Len=1448 TSval=2916038100 TSecr=3045557874 [TCP segment of a reassembled PDU]"
"39875","34.019732649","192.168.1.55","192.168.1.2","TCP","1514","8004  >  36280 [ACK] Seq=444726 Ack=141 Win=65024 Len=1448 TSval=2916038100 TSecr=3045557874 [TCP segment of a reassembled PDU]"
"39876","34.019734260","192.168.1.55","192.168.1.2","TCP","1514","8004  >  36280 [ACK] Seq=446174 Ack=141 Win=65024 Len=1448 TSval=2916038100 TSecr=3045557874 [TCP segment of a reassembled PDU]"
"39877","34.019735463","192.168.1.55","192.168.1.2","TCP","1514","8004  >  36280 [ACK] Seq=447622 Ack=141 Win=65024 Len=1448 TSval=2916038100 TSecr=3045557874 [TCP segment of a reassembled PDU]"
"39878","34.019736649","192.168.1.55","192.168.1.2","TCP","1514","8004  >  36280 [ACK] Seq=449070 Ack=141 Win=65024 Len=1448 TSval=2916038100 TSecr=3045557874 [TCP segment of a reassembled PDU]"
"39879","34.019737852","192.168.1.55","192.168.1.2","TCP","1514","8004  >  36280 [ACK] Seq=450518 Ack=141 Win=65024 Len=1448 TSval=2916038100 TSecr=3045557874 [TCP segment of a reassembled PDU]"
"39880","34.019739000","192.168.1.55","192.168.1.2","TCP","1514","8004  >  36280 [ACK] Seq=451966 Ack=141 Win=65024 Len=1448 TSval=2916038100 TSecr=3045557874 [TCP segment of a reassembled PDU]"
"39881","34.019740315","192.168.1.55","192.168.1.2","TCP","1514","8004  >  36280 [ACK] Seq=453414 Ack=141 Win=65024 Len=1448 TSval=2916038100 TSecr=3045557874 [TCP segment of a reassembled PDU]"
"39882","34.019741500","192.168.1.55","192.168.1.2","TCP","1514","8004  >  36280 [ACK] Seq=454862 Ack=141 Win=65024 Len=1448 TSval=2916038100 TSecr=3045557874 [TCP segment of a reassembled PDU]"
"39883","34.019742686","192.168.1.55","192.168.1.2","TCP","1514","8004  >  36280 [ACK] Seq=456310 Ack=141 Win=65024 Len=1448 TSval=2916038100 TSecr=3045557874 [TCP segment of a reassembled PDU]"
"39884","34.019744075","192.168.1.55","192.168.1.2","TCP","1514","8004  >  36280 [ACK] Seq=457758 Ack=141 Win=65024 Len=1448 TSval=2916038100 TSecr=3045557874 [TCP segment of a reassembled PDU]"
"39885","34.019745334","192.168.1.55","192.168.1.2","TCP","1514","8004  >  36280 [ACK] Seq=459206 Ack=141 Win=65024 Len=1448 TSval=2916038100 TSecr=3045557874 [TCP segment of a reassembled PDU]"
"39886","34.019746612","192.168.1.55","192.168.1.2","TCP","1514","8004  >  36280 [ACK] Seq=460654 Ack=141 Win=65024 Len=1448 TSval=2916038100 TSecr=3045557874 [TCP segment of a reassembled PDU]"
"39887","34.019747982","192.168.1.55","192.168.1.2","TCP","1514","8004  >  36280 [ACK] Seq=462102 Ack=141 Win=65024 Len=1448 TSval=2916038100 TSecr=3045557874 [TCP segment of a reassembled PDU]"
"39888","34.019749186","192.168.1.55","192.168.1.2","TCP","1514","8004  >  36280 [ACK] Seq=463550 Ack=141 Win=65024 Len=1448 TSval=2916038100 TSecr=3045557874 [TCP segment of a reassembled PDU]"
"39889","34.019750500","192.168.1.55","192.168.1.2","TCP","1514","8004  >  36280 [ACK] Seq=464998 Ack=141 Win=65024 Len=1448 TSval=2916038100 TSecr=3045557874 [TCP segment of a reassembled PDU]"
"39890","34.019751667","192.168.1.55","192.168.1.2","TCP","1514","8004  >  36280 [ACK] Seq=466446 Ack=141 Win=65024 Len=1448 TSval=2916038100 TSecr=3045557874 [TCP segment of a reassembled PDU]"
"39891","34.019752889","192.168.1.55","192.168.1.2","TCP","1514","8004  >  36280 [ACK] Seq=467894 Ack=141 Win=65024 Len=1448 TSval=2916038100 TSecr=3045557874 [TCP segment of a reassembled PDU]"
"39892","34.019754038","192.168.1.55","192.168.1.2","TCP","1514","8004  >  36280 [ACK] Seq=469342 Ack=141 Win=65024 Len=1448 TSval=2916038100 TSecr=3045557874 [TCP segment of a reassembled PDU]"
"39893","34.019755223","192.168.1.55","192.168.1.2","TCP","1514","8004  >  36280 [ACK] Seq=470790 Ack=141 Win=65024 Len=1448 TSval=2916038100 TSecr=3045557874 [TCP segment of a reassembled PDU]"
"39894","34.019756575","192.168.1.55","192.168.1.2","TCP","1514","8004  >  36280 [ACK] Seq=472238 Ack=141 Win=65024 Len=1448 TSval=2916038100 TSecr=3045557874 [TCP segment of a reassembled PDU]"
"39895","34.019758000","192.168.1.55","192.168.1.2","TCP","1514","8004  >  36280 [ACK] Seq=473686 Ack=141 Win=65024 Len=1448 TSval=2916038100 TSecr=3045557874 [TCP segment of a reassembled PDU]"
"39896","34.019759186","192.168.1.55","192.168.1.2","TCP","1514","8004  >  36280 [ACK] Seq=475134 Ack=141 Win=65024 Len=1448 TSval=2916038100 TSecr=3045557874 [TCP segment of a reassembled PDU]"
"39897","34.019760315","192.168.1.55","192.168.1.2","TCP","1514","8004  >  36280 [ACK] Seq=476582 Ack=141 Win=65024 Len=1448 TSval=2916038100 TSecr=3045557874 [TCP segment of a reassembled PDU]"
"39898","34.019761538","192.168.1.55","192.168.1.2","TCP","1514","8004  >  36280 [PSH, ACK] Seq=478030 Ack=141 Win=65024 Len=1448 TSval=2916038100 TSecr=3045557874 [TCP segment of a reassembled PDU]"
"39899","34.019766038","192.168.1.2","192.168.1.55","TCP","66","36280  >  8004 [ACK] Seq=141 Ack=373774 Win=154624 Len=0 TSval=3045557874 TSecr=2916038092"
"39900","34.019792852","192.168.1.55","192.168.1.2","TCP","1514","8004  >  36280 [ACK] Seq=479478 Ack=141 Win=65024 Len=1448 TSval=2916038100 TSecr=3045557874 [TCP segment of a reassembled PDU]"
"39901","34.019794964","192.168.1.55","192.168.1.2","TCP","1514","8004  >  36280 [ACK] Seq=480926 Ack=141 Win=65024 Len=1448 TSval=2916038100 TSecr=3045557874 [TCP segment of a reassembled PDU]"
"39902","34.019796167","192.168.1.55","192.168.1.2","TCP","1514","8004  >  36280 [ACK] Seq=482374 Ack=141 Win=65024 Len=1448 TSval=2916038100 TSecr=3045557874 [TCP segment of a reassembled PDU]"
"39903","34.019797778","192.168.1.55","192.168.1.2","TCP","1514","8004  >  36280 [ACK] Seq=483822 Ack=141 Win=65024 Len=1448 TSval=2916038100 TSecr=3045557874 [TCP segment of a reassembled PDU]"
"39904","34.019799334","192.168.1.55","192.168.1.2","TCP","1514","8004  >  36280 [ACK] Seq=485270 Ack=141 Win=65024 Len=1448 TSval=2916038100 TSecr=3045557874 [TCP segment of a reassembled PDU]"
"39905","34.019800741","192.168.1.55","192.168.1.2","TCP","1514","8004  >  36280 [ACK] Seq=486718 Ack=141 Win=65024 Len=1448 TSval=2916038100 TSecr=3045557874 [TCP segment of a reassembled PDU]"
"39906","34.019802038","192.168.1.55","192.168.1.2","TCP","1514","8004  >  36280 [ACK] Seq=488166 Ack=141 Win=65024 Len=1448 TSval=2916038100 TSecr=3045557874 [TCP segment of a reassembled PDU]"
"39907","34.019803334","192.168.1.55","192.168.1.2","TCP","1514","8004  >  36280 [ACK] Seq=489614 Ack=141 Win=65024 Len=1448 TSval=2916038100 TSecr=3045557874 [TCP segment of a reassembled PDU]"
"39908","34.019804760","192.168.1.55","192.168.1.2","TCP","1514","8004  >  36280 [ACK] Seq=491062 Ack=141 Win=65024 Len=1448 TSval=2916038100 TSecr=3045557874 [TCP segment of a reassembled PDU]"
"39909","34.019805964","192.168.1.55","192.168.1.2","TCP","1514","8004  >  36280 [ACK] Seq=492510 Ack=141 Win=65024 Len=1448 TSval=2916038100 TSecr=3045557874 [TCP segment of a reassembled PDU]"
"39910","34.019807278","192.168.1.55","192.168.1.2","TCP","1514","8004  >  36280 [ACK] Seq=493958 Ack=141 Win=65024 Len=1448 TSval=2916038100 TSecr=3045557874 [TCP segment of a reassembled PDU]"
"39911","34.019808575","192.168.1.55","192.168.1.2","TCP","1514","8004  >  36280 [ACK] Seq=495406 Ack=141 Win=65024 Len=1448 TSval=2916038100 TSecr=3045557874 [TCP segment of a reassembled PDU]"
"39912","34.019809778","192.168.1.55","192.168.1.2","TCP","1514","8004  >  36280 [ACK] Seq=496854 Ack=141 Win=65024 Len=1448 TSval=2916038100 TSecr=3045557874 [TCP segment of a reassembled PDU]"
"39913","34.019811056","192.168.1.55","192.168.1.2","HTTP","1472","HTTP/1.0 200 OK  (PNG)"
"39914","34.027179994","192.168.1.2","192.168.1.55","TCP","66","36280  >  8004 [ACK] Seq=141 Ack=386806 Win=175104 Len=0 TSval=3045557876 TSecr=2916038098"
"39915","34.027334031","192.168.1.2","192.168.1.55","TCP","66","36280  >  8004 [ACK] Seq=141 Ack=433142 Win=142336 Len=0 TSval=3045557882 TSecr=2916038100"
"39916","34.027341809","192.168.1.2","192.168.1.55","TCP","66","36280  >  8004 [ACK] Seq=141 Ack=479478 Win=97280 Len=0 TSval=3045557882 TSecr=2916038100"
"39917","34.027346364","192.168.1.2","192.168.1.55","TCP","66","36280  >  8004 [ACK] Seq=141 Ack=493958 Win=129024 Len=0 TSval=3045557882 TSecr=2916038100"
"39918","34.028658959","192.168.1.2","192.168.1.55","TCP","66","36280  >  8004 [ACK] Seq=141 Ack=495406 Win=178176 Len=0 TSval=3045557884 TSecr=2916038100"
"39919","34.028769089","192.168.1.2","192.168.1.55","TCP","66","36280  >  8004 [ACK] Seq=141 Ack=498302 Win=183296 Len=0 TSval=3045557884 TSecr=2916038100"
"39920","34.030270480","192.168.1.2","192.168.1.55","TCP","66","36280  >  8004 [FIN, ACK] Seq=141 Ack=499709 Win=186368 Len=0 TSval=3045557884 TSecr=2916038100"
"39921","34.030284795","192.168.1.55","192.168.1.2","TCP","66","8004  >  36280 [ACK] Seq=499709 Ack=142 Win=65024 Len=0 TSval=2916038110 TSecr=3045557884"
"39922","34.030406129","192.168.1.2","192.168.1.55","TCP","74","36286  >  8004 [SYN] Seq=0 Win=64240 Len=0 MSS=1460 SACK_PERM TSval=3045557885 TSecr=0 WS=1024"
"39923","34.030431351","192.168.1.55","192.168.1.2","TCP","74","8004  >  36286 [SYN, ACK] Seq=0 Ack=1 Win=65160 Len=0 MSS=1460 SACK_PERM TSval=2916038111 TSecr=3045557885 WS=128"
"39924","34.033627263","192.168.1.2","192.168.1.55","TCP","66","36286  >  8004 [ACK] Seq=1 Ack=1 Win=64512 Len=0 TSval=3045557888 TSecr=2916038111"
"39925","34.036827731","192.168.1.2","192.168.1.55","HTTP","209","GET /original_benchmark.png HTTP/1.1 "
"39926","34.036839268","192.168.1.55","192.168.1.2","TCP","66","8004  >  36286 [ACK] Seq=1 Ack=144 Win=65024 Len=0 TSval=2916038117 TSecr=3045557888"
"39927","34.037314510","192.168.1.55","192.168.1.2","TCP","255","8004  >  36286 [PSH, ACK] Seq=1 Ack=144 Win=65024 Len=189 TSval=2916038117 TSecr=3045557888 [TCP segment of a reassembled PDU]"
"39928","34.037405399","192.168.1.55","192.168.1.2","TCP","1514","8004  >  36286 [ACK] Seq=190 Ack=144 Win=65024 Len=1448 TSval=2916038118 TSecr=3045557888 [TCP segment of a reassembled PDU]"
"39929","34.037409751","192.168.1.55","192.168.1.2","TCP","1514","8004  >  36286 [ACK] Seq=1638 Ack=144 Win=65024 Len=1448 TSval=2916038118 TSecr=3045557888 [TCP segment of a reassembled PDU]"
"39930","34.037411232","192.168.1.55","192.168.1.2","TCP","1514","8004  >  36286 [ACK] Seq=3086 Ack=144 Win=65024 Len=1448 TSval=2916038118 TSecr=3045557888 [TCP segment of a reassembled PDU]"
"39931","34.037412677","192.168.1.55","192.168.1.2","TCP","1514","8004  >  36286 [ACK] Seq=4534 Ack=144 Win=65024 Len=1448 TSval=2916038118 TSecr=3045557888 [TCP segment of a reassembled PDU]"
"39932","34.037414769","192.168.1.55","192.168.1.2","TCP","1514","8004  >  36286 [PSH, ACK] Seq=5982 Ack=144 Win=65024 Len=1448 TSval=2916038118 TSecr=3045557888 [TCP segment of a reassembled PDU]"
"39933","34.037431510","192.168.1.55","192.168.1.2","TCP","1514","8004  >  36286 [ACK] Seq=7430 Ack=144 Win=65024 Len=1448 TSval=2916038118 TSecr=3045557888 [TCP segment of a reassembled PDU]"
"39934","34.037433732","192.168.1.55","192.168.1.2","TCP","1514","8004  >  36286 [ACK] Seq=8878 Ack=144 Win=65024 Len=1448 TSval=2916038118 TSecr=3045557888 [TCP segment of a reassembled PDU]"
"39935","34.037435084","192.168.1.55","192.168.1.2","TCP","1514","8004  >  36286 [ACK] Seq=10326 Ack=144 Win=65024 Len=1448 TSval=2916038118 TSecr=3045557888 [TCP segment of a reassembled PDU]"
"39936","34.037436473","192.168.1.55","192.168.1.2","TCP","1514","8004  >  36286 [PSH, ACK] Seq=11774 Ack=144 Win=65024 Len=1448 TSval=2916038118 TSecr=3045557888 [TCP segment of a reassembled PDU]"
"39937","34.043392779","192.168.1.2","192.168.1.55","TCP","66","36286  >  8004 [ACK] Seq=144 Ack=190 Win=64512 Len=0 TSval=3045557896 TSecr=2916038117"
"39938","34.043439872","192.168.1.55","192.168.1.2","TCP","1514","8004  >  36286 [ACK] Seq=13222 Ack=144 Win=65024 Len=1448 TSval=2916038124 TSecr=3045557896 [TCP segment of a reassembled PDU]"
"39939","34.043445446","192.168.1.55","192.168.1.2","TCP","1514","8004  >  36286 [PSH, ACK] Seq=14670 Ack=144 Win=65024 Len=1448 TSval=2916038124 TSecr=3045557896 [TCP segment of a reassembled PDU]"
"39940","34.043479483","192.168.1.2","192.168.1.55","TCP","66","36286  >  8004 [ACK] Seq=144 Ack=13222 Win=64512 Len=0 TSval=3045557896 TSecr=2916038118"
"39941","34.043506724","192.168.1.55","192.168.1.2","TCP","1514","8004  >  36286 [ACK] Seq=16118 Ack=144 Win=65024 Len=1448 TSval=2916038124 TSecr=3045557896 [TCP segment of a reassembled PDU]"
"39942","34.043509205","192.168.1.55","192.168.1.2","TCP","1514","8004  >  36286 [ACK] Seq=17566 Ack=144 Win=65024 Len=1448 TSval=2916038124 TSecr=3045557896 [TCP segment of a reassembled PDU]"
"39943","34.043510742","192.168.1.55","192.168.1.2","TCP","1514","8004  >  36286 [ACK] Seq=19014 Ack=144 Win=65024 Len=1448 TSval=2916038124 TSecr=3045557896 [TCP segment of a reassembled PDU]"
"39944","34.043512020","192.168.1.55","192.168.1.2","TCP","1514","8004  >  36286 [ACK] Seq=20462 Ack=144 Win=65024 Len=1448 TSval=2916038124 TSecr=3045557896 [TCP segment of a reassembled PDU]"
"39945","34.043513612","192.168.1.55","192.168.1.2","TCP","1514","8004  >  36286 [ACK] Seq=21910 Ack=144 Win=65024 Len=1448 TSval=2916038124 TSecr=3045557896 [TCP segment of a reassembled PDU]"
"39946","34.043515279","192.168.1.55","192.168.1.2","TCP","1514","8004  >  36286 [ACK] Seq=23358 Ack=144 Win=65024 Len=1448 TSval=2916038124 TSecr=3045557896 [TCP segment of a reassembled PDU]"
"39947","34.043516687","192.168.1.55","192.168.1.2","TCP","1514","8004  >  36286 [ACK] Seq=24806 Ack=144 Win=65024 Len=1448 TSval=2916038124 TSecr=3045557896 [TCP segment of a reassembled PDU]"
"39948","34.043518187","192.168.1.55","192.168.1.2","TCP","1514","8004  >  36286 [ACK] Seq=26254 Ack=144 Win=65024 Len=1448 TSval=2916038124 TSecr=3045557896 [TCP segment of a reassembled PDU]"
"39949","34.043519483","192.168.1.55","192.168.1.2","TCP","1514","8004  >  36286 [ACK] Seq=27702 Ack=144 Win=65024 Len=1448 TSval=2916038124 TSecr=3045557896 [TCP segment of a reassembled PDU]"
"39950","34.043520835","192.168.1.55","192.168.1.2","TCP","1514","8004  >  36286 [PSH, ACK] Seq=29150 Ack=144 Win=65024 Len=1448 TSval=2916038124 TSecr=3045557896 [TCP segment of a reassembled PDU]"
"39951","34.043541242","192.168.1.55","192.168.1.2","TCP","1514","8004  >  36286 [ACK] Seq=30598 Ack=144 Win=65024 Len=1448 TSval=2916038124 TSecr=3045557896 [TCP segment of a reassembled PDU]"
"39952","34.043543316","192.168.1.55","192.168.1.2","TCP","1514","8004  >  36286 [ACK] Seq=32046 Ack=144 Win=65024 Len=1448 TSval=2916038124 TSecr=3045557896 [TCP segment of a reassembled PDU]"
"39953","34.043545038","192.168.1.55","192.168.1.2","TCP","1514","8004  >  36286 [ACK] Seq=33494 Ack=144 Win=65024 Len=1448 TSval=2916038124 TSecr=3045557896 [TCP segment of a reassembled PDU]"
"39954","34.043546335","192.168.1.55","192.168.1.2","TCP","1514","8004  >  36286 [ACK] Seq=34942 Ack=144 Win=65024 Len=1448 TSval=2916038124 TSecr=3045557896 [TCP segment of a reassembled PDU]"
"39955","34.043547853","192.168.1.55","192.168.1.2","TCP","1514","8004  >  36286 [ACK] Seq=36390 Ack=144 Win=65024 Len=1448 TSval=2916038124 TSecr=3045557896 [TCP segment of a reassembled PDU]"
"39956","34.043549279","192.168.1.55","192.168.1.2","TCP","1514","8004  >  36286 [ACK] Seq=37838 Ack=144 Win=65024 Len=1448 TSval=2916038124 TSecr=3045557896 [TCP segment of a reassembled PDU]"
"39957","34.043550835","192.168.1.55","192.168.1.2","TCP","1514","8004  >  36286 [ACK] Seq=39286 Ack=144 Win=65024 Len=1448 TSval=2916038124 TSecr=3045557896 [TCP segment of a reassembled PDU]"
"39958","34.043552372","192.168.1.55","192.168.1.2","TCP","1514","8004  >  36286 [PSH, ACK] Seq=40734 Ack=144 Win=65024 Len=1448 TSval=2916038124 TSecr=3045557896 [TCP segment of a reassembled PDU]"
"39959","34.048544861","192.168.1.2","192.168.1.55","TCP","66","36286  >  8004 [ACK] Seq=144 Ack=16118 Win=70656 Len=0 TSval=3045557902 TSecr=2916038124"
"39960","34.048593250","192.168.1.55","192.168.1.2","TCP","1514","8004  >  36286 [ACK] Seq=42182 Ack=144 Win=65024 Len=1448 TSval=2916038129 TSecr=3045557902 [TCP segment of a reassembled PDU]"
"39961","34.048598658","192.168.1.55","192.168.1.2","TCP","1514","8004  >  36286 [PSH, ACK] Seq=43630 Ack=144 Win=65024 Len=1448 TSval=2916038129 TSecr=3045557902 [TCP segment of a reassembled PDU]"
"39962","34.048669510","192.168.1.2","192.168.1.55","TCP","66","36286  >  8004 [ACK] Seq=144 Ack=30598 Win=70656 Len=0 TSval=3045557902 TSecr=2916038124"
"39963","34.048699658","192.168.1.55","192.168.1.2","TCP","1514","8004  >  36286 [ACK] Seq=45078 Ack=144 Win=65024 Len=1448 TSval=2916038129 TSecr=3045557902 [TCP segment of a reassembled PDU]"
"39964","34.048701936","192.168.1.55","192.168.1.2","TCP","1514","8004  >  36286 [ACK] Seq=46526 Ack=144 Win=65024 Len=1448 TSval=2916038129 TSecr=3045557902 [TCP segment of a reassembled PDU]"
"39965","34.048705213","192.168.1.55","192.168.1.2","TCP","1514","8004  >  36286 [ACK] Seq=47974 Ack=144 Win=65024 Len=1448 TSval=2916038129 TSecr=3045557902 [TCP segment of a reassembled PDU]"
"39966","34.048706843","192.168.1.55","192.168.1.2","TCP","1514","8004  >  36286 [ACK] Seq=49422 Ack=144 Win=65024 Len=1448 TSval=2916038129 TSecr=3045557902 [TCP segment of a reassembled PDU]"
"39967","34.048708732","192.168.1.55","192.168.1.2","TCP","1514","8004  >  36286 [ACK] Seq=50870 Ack=144 Win=65024 Len=1448 TSval=2916038129 TSecr=3045557902 [TCP segment of a reassembled PDU]"
"39968","34.048710065","192.168.1.55","192.168.1.2","TCP","1514","8004  >  36286 [ACK] Seq=52318 Ack=144 Win=65024 Len=1448 TSval=2916038129 TSecr=3045557902 [TCP segment of a reassembled PDU]"
"39969","34.048711491","192.168.1.55","192.168.1.2","TCP","1514","8004  >  36286 [ACK] Seq=53766 Ack=144 Win=65024 Len=1448 TSval=2916038129 TSecr=3045557902 [TCP segment of a reassembled PDU]"
"39970","34.048712861","192.168.1.55","192.168.1.2","TCP","1514","8004  >  36286 [ACK] Seq=55214 Ack=144 Win=65024 Len=1448 TSval=2916038129 TSecr=3045557902 [TCP segment of a reassembled PDU]"
"39971","34.048714250","192.168.1.55","192.168.1.2","TCP","1514","8004  >  36286 [ACK] Seq=56662 Ack=144 Win=65024 Len=1448 TSval=2916038129 TSecr=3045557902 [TCP segment of a reassembled PDU]"
"39972","34.048717343","192.168.1.55","192.168.1.2","TCP","1514","8004  >  36286 [ACK] Seq=58110 Ack=144 Win=65024 Len=1448 TSval=2916038129 TSecr=3045557902 [TCP segment of a reassembled PDU]"
"39973","34.048719139","192.168.1.55","192.168.1.2","TCP","1514","8004  >  36286 [ACK] Seq=59558 Ack=144 Win=65024 Len=1448 TSval=2916038129 TSecr=3045557902 [TCP segment of a reassembled PDU]"
"39974","34.048720639","192.168.1.55","192.168.1.2","TCP","1514","8004  >  36286 [ACK] Seq=61006 Ack=144 Win=65024 Len=1448 TSval=2916038129 TSecr=3045557902 [TCP segment of a reassembled PDU]"
"39975","34.048722232","192.168.1.55","192.168.1.2","TCP","1514","8004  >  36286 [ACK] Seq=62454 Ack=144 Win=65024 Len=1448 TSval=2916038129 TSecr=3045557902 [TCP segment of a reassembled PDU]"
"39976","34.048723769","192.168.1.55","192.168.1.2","TCP","1514","8004  >  36286 [ACK] Seq=63902 Ack=144 Win=65024 Len=1448 TSval=2916038129 TSecr=3045557902 [TCP segment of a reassembled PDU]"
"39977","34.048725065","192.168.1.55","192.168.1.2","TCP","1514","8004  >  36286 [ACK] Seq=65350 Ack=144 Win=65024 Len=1448 TSval=2916038129 TSecr=3045557902 [TCP segment of a reassembled PDU]"
"39978","34.048726547","192.168.1.55","192.168.1.2","TCP","1514","8004  >  36286 [PSH, ACK] Seq=66798 Ack=144 Win=65024 Len=1448 TSval=2916038129 TSecr=3045557902 [TCP segment of a reassembled PDU]"
"39979","34.048744547","192.168.1.55","192.168.1.2","TCP","1514","8004  >  36286 [ACK] Seq=68246 Ack=144 Win=65024 Len=1448 TSval=2916038129 TSecr=3045557902 [TCP segment of a reassembled PDU]"
"39980","34.048746232","192.168.1.55","192.168.1.2","TCP","1514","8004  >  36286 [ACK] Seq=69694 Ack=144 Win=65024 Len=1448 TSval=2916038129 TSecr=3045557902 [TCP segment of a reassembled PDU]"
"39981","34.048747584","192.168.1.55","192.168.1.2","TCP","1514","8004  >  36286 [ACK] Seq=71142 Ack=144 Win=65024 Len=1448 TSval=2916038129 TSecr=3045557902 [TCP segment of a reassembled PDU]"
"39982","34.048749028","192.168.1.55","192.168.1.2","TCP","1514","8004  >  36286 [ACK] Seq=72590 Ack=144 Win=65024 Len=1448 TSval=2916038129 TSecr=3045557902 [TCP segment of a reassembled PDU]"
"39983","34.048750362","192.168.1.55","192.168.1.2","TCP","1514","8004  >  36286 [ACK] Seq=74038 Ack=144 Win=65024 Len=1448 TSval=2916038129 TSecr=3045557902 [TCP segment of a reassembled PDU]"
"39984","34.048751658","192.168.1.55","192.168.1.2","TCP","1514","8004  >  36286 [PSH, ACK] Seq=75486 Ack=144 Win=65024 Len=1448 TSval=2916038129 TSecr=3045557902 [TCP segment of a reassembled PDU]"
"39985","34.048757362","192.168.1.2","192.168.1.55","TCP","66","36286  >  8004 [ACK] Seq=144 Ack=36390 Win=69632 Len=0 TSval=3045557902 TSecr=2916038124"
"39986","34.048761843","192.168.1.2","192.168.1.55","TCP","66","36286  >  8004 [ACK] Seq=144 Ack=42182 Win=81920 Len=0 TSval=3045557903 TSecr=2916038124"
"39987","34.049712789","192.168.1.55","192.168.1.2","TCP","1514","8004  >  36286 [ACK] Seq=76934 Ack=144 Win=65024 Len=1448 TSval=2916038130 TSecr=3045557903 [TCP segment of a reassembled PDU]"
"39988","34.049719585","192.168.1.55","192.168.1.2","TCP","1514","8004  >  36286 [ACK] Seq=78382 Ack=144 Win=65024 Len=1448 TSval=2916038130 TSecr=3045557903 [TCP segment of a reassembled PDU]"
"39989","34.049721937","192.168.1.55","192.168.1.2","TCP","1514","8004  >  36286 [ACK] Seq=79830 Ack=144 Win=65024 Len=1448 TSval=2916038130 TSecr=3045557903 [TCP segment of a reassembled PDU]"
"39990","34.049723789","192.168.1.55","192.168.1.2","TCP","1514","8004  >  36286 [ACK] Seq=81278 Ack=144 Win=65024 Len=1448 TSval=2916038130 TSecr=3045557903 [TCP segment of a reassembled PDU]"
"39991","34.049725733","192.168.1.55","192.168.1.2","TCP","1514","8004  >  36286 [ACK] Seq=82726 Ack=144 Win=65024 Len=1448 TSval=2916038130 TSecr=3045557903 [TCP segment of a reassembled PDU]"
"39992","34.049727808","192.168.1.55","192.168.1.2","TCP","1514","8004  >  36286 [ACK] Seq=84174 Ack=144 Win=65024 Len=1448 TSval=2916038130 TSecr=3045557903 [TCP segment of a reassembled PDU]"
"39993","34.049731178","192.168.1.55","192.168.1.2","TCP","1514","8004  >  36286 [ACK] Seq=85622 Ack=144 Win=65024 Len=1448 TSval=2916038130 TSecr=3045557903 [TCP segment of a reassembled PDU]"
"39994","34.049732752","192.168.1.55","192.168.1.2","TCP","1514","8004  >  36286 [ACK] Seq=87070 Ack=144 Win=65024 Len=1448 TSval=2916038130 TSecr=3045557903 [TCP segment of a reassembled PDU]"
"39995","34.049735178","192.168.1.55","192.168.1.2","TCP","1514","8004  >  36286 [ACK] Seq=88518 Ack=144 Win=65024 Len=1448 TSval=2916038130 TSecr=3045557903 [TCP segment of a reassembled PDU]"
"39996","34.049737345","192.168.1.55","192.168.1.2","TCP","1514","8004  >  36286 [ACK] Seq=89966 Ack=144 Win=65024 Len=1448 TSval=2916038130 TSecr=3045557903 [TCP segment of a reassembled PDU]"
"39997","34.049738808","192.168.1.55","192.168.1.2","TCP","1514","8004  >  36286 [ACK] Seq=91414 Ack=144 Win=65024 Len=1448 TSval=2916038130 TSecr=3045557903 [TCP segment of a reassembled PDU]"
"39998","34.049740400","192.168.1.55","192.168.1.2","TCP","1514","8004  >  36286 [ACK] Seq=92862 Ack=144 Win=65024 Len=1448 TSval=2916038130 TSecr=3045557903 [TCP segment of a reassembled PDU]"
"39999","34.049742011","192.168.1.55","192.168.1.2","TCP","1514","8004  >  36286 [ACK] Seq=94310 Ack=144 Win=65024 Len=1448 TSval=2916038130 TSecr=3045557903 [TCP segment of a reassembled PDU]"
"40000","34.049743548","192.168.1.55","192.168.1.2","TCP","1514","8004  >  36286 [ACK] Seq=95758 Ack=144 Win=65024 Len=1448 TSval=2916038130 TSecr=3045557903 [TCP segment of a reassembled PDU]"
"40001","34.049745678","192.168.1.55","192.168.1.2","TCP","1514","8004  >  36286 [ACK] Seq=97206 Ack=144 Win=65024 Len=1448 TSval=2916038130 TSecr=3045557903 [TCP segment of a reassembled PDU]"
"40002","34.049747345","192.168.1.55","192.168.1.2","TCP","1514","8004  >  36286 [PSH, ACK] Seq=98654 Ack=144 Win=65024 Len=1448 TSval=2916038130 TSecr=3045557903 [TCP segment of a reassembled PDU]"
"40003","34.053954462","192.168.1.2","192.168.1.55","TCP","66","36286  >  8004 [ACK] Seq=144 Ack=45078 Win=82944 Len=0 TSval=3045557908 TSecr=2916038129"
"40004","34.053976999","192.168.1.55","192.168.1.2","TCP","1514","8004  >  36286 [ACK] Seq=100102 Ack=144 Win=65024 Len=1448 TSval=2916038134 TSecr=3045557908 [TCP segment of a reassembled PDU]"
"40005","34.053980277","192.168.1.55","192.168.1.2","TCP","1514","8004  >  36286 [ACK] Seq=101550 Ack=144 Win=65024 Len=1448 TSval=2916038134 TSecr=3045557908 [TCP segment of a reassembled PDU]"
"40006","34.053981722","192.168.1.55","192.168.1.2","TCP","1514","8004  >  36286 [ACK] Seq=102998 Ack=144 Win=65024 Len=1448 TSval=2916038134 TSecr=3045557908 [TCP segment of a reassembled PDU]"
"40007","34.053982833","192.168.1.55","192.168.1.2","TCP","1514","8004  >  36286 [PSH, ACK] Seq=104446 Ack=144 Win=65024 Len=1448 TSval=2916038134 TSecr=3045557908 [TCP segment of a reassembled PDU]"
"40008","34.054258055","192.168.1.2","192.168.1.55","TCP","66","36286  >  8004 [ACK] Seq=144 Ack=52318 Win=80896 Len=0 TSval=3045557908 TSecr=2916038129"
"40009","34.054268185","192.168.1.55","192.168.1.2","TCP","1514","8004  >  36286 [ACK] Seq=105894 Ack=144 Win=65024 Len=1448 TSval=2916038134 TSecr=3045557908 [TCP segment of a reassembled PDU]"
"40010","34.054270093","192.168.1.55","192.168.1.2","TCP","1514","8004  >  36286 [PSH, ACK] Seq=107342 Ack=144 Win=65024 Len=1448 TSval=2916038134 TSecr=3045557908 [TCP segment of a reassembled PDU]"
"40011","34.054274185","192.168.1.2","192.168.1.55","TCP","66","36286  >  8004 [ACK] Seq=144 Ack=68246 Win=72704 Len=0 TSval=3045557908 TSecr=2916038129"
"40012","34.054311370","192.168.1.55","192.168.1.2","TCP","1514","8004  >  36286 [ACK] Seq=108790 Ack=144 Win=65024 Len=1448 TSval=2916038134 TSecr=3045557908 [TCP segment of a reassembled PDU]"
"40013","34.054313241","192.168.1.55","192.168.1.2","TCP","1514","8004  >  36286 [ACK] Seq=110238 Ack=144 Win=65024 Len=1448 TSval=2916038134 TSecr=3045557908 [TCP segment of a reassembled PDU]"
"40014","34.054314685","192.168.1.55","192.168.1.2","TCP","1514","8004  >  36286 [ACK] Seq=111686 Ack=144 Win=65024 Len=1448 TSval=2916038134 TSecr=3045557908 [TCP segment of a reassembled PDU]"
"40015","34.054316000","192.168.1.55","192.168.1.2","TCP","1514","8004  >  36286 [ACK] Seq=113134 Ack=144 Win=65024 Len=1448 TSval=2916038134 TSecr=3045557908 [TCP segment of a reassembled PDU]"
"40016","34.054317111","192.168.1.55","192.168.1.2","TCP","1514","8004  >  36286 [ACK] Seq=114582 Ack=144 Win=65024 Len=1448 TSval=2916038134 TSecr=3045557908 [TCP segment of a reassembled PDU]"
"40017","34.054318352","192.168.1.55","192.168.1.2","TCP","1514","8004  >  36286 [ACK] Seq=116030 Ack=144 Win=65024 Len=1448 TSval=2916038134 TSecr=3045557908 [TCP segment of a reassembled PDU]"
"40018","34.054319537","192.168.1.55","192.168.1.2","TCP","1514","8004  >  36286 [ACK] Seq=117478 Ack=144 Win=65024 Len=1448 TSval=2916038134 TSecr=3045557908 [TCP segment of a reassembled PDU]"
"40019","34.054320667","192.168.1.55","192.168.1.2","TCP","1514","8004  >  36286 [ACK] Seq=118926 Ack=144 Win=65024 Len=1448 TSval=2916038134 TSecr=3045557908 [TCP segment of a reassembled PDU]"
"40020","34.054321815","192.168.1.55","192.168.1.2","TCP","1514","8004  >  36286 [ACK] Seq=120374 Ack=144 Win=65024 Len=1448 TSval=2916038134 TSecr=3045557908 [TCP segment of a reassembled PDU]"
"40021","34.054323074","192.168.1.55","192.168.1.2","TCP","1514","8004  >  36286 [ACK] Seq=121822 Ack=144 Win=65024 Len=1448 TSval=2916038134 TSecr=3045557908 [TCP segment of a reassembled PDU]"
"40022","34.054324333","192.168.1.55","192.168.1.2","TCP","1514","8004  >  36286 [ACK] Seq=123270 Ack=144 Win=65024 Len=1448 TSval=2916038134 TSecr=3045557908 [TCP segment of a reassembled PDU]"
"40023","34.054325519","192.168.1.55","192.168.1.2","TCP","1514","8004  >  36286 [ACK] Seq=124718 Ack=144 Win=65024 Len=1448 TSval=2916038134 TSecr=3045557908 [TCP segment of a reassembled PDU]"
"40024","34.054326944","192.168.1.55","192.168.1.2","TCP","1514","8004  >  36286 [ACK] Seq=126166 Ack=144 Win=65024 Len=1448 TSval=2916038134 TSecr=3045557908 [TCP segment of a reassembled PDU]"
"40025","34.054328167","192.168.1.55","192.168.1.2","TCP","1514","8004  >  36286 [ACK] Seq=127614 Ack=144 Win=65024 Len=1448 TSval=2916038134 TSecr=3045557908 [TCP segment of a reassembled PDU]"
"40026","34.054329426","192.168.1.55","192.168.1.2","TCP","1514","8004  >  36286 [ACK] Seq=129062 Ack=144 Win=65024 Len=1448 TSval=2916038134 TSecr=3045557908 [TCP segment of a reassembled PDU]"
"40027","34.054330556","192.168.1.55","192.168.1.2","TCP","1514","8004  >  36286 [ACK] Seq=130510 Ack=144 Win=65024 Len=1448 TSval=2916038134 TSecr=3045557908 [TCP segment of a reassembled PDU]"
"40028","34.054332074","192.168.1.55","192.168.1.2","TCP","1514","8004  >  36286 [ACK] Seq=131958 Ack=144 Win=65024 Len=1448 TSval=2916038134 TSecr=3045557908 [TCP segment of a reassembled PDU]"
"40029","34.054333222","192.168.1.55","192.168.1.2","TCP","1514","8004  >  36286 [ACK] Seq=133406 Ack=144 Win=65024 Len=1448 TSval=2916038134 TSecr=3045557908 [TCP segment of a reassembled PDU]"
"40030","34.054334685","192.168.1.55","192.168.1.2","TCP","1514","8004  >  36286 [ACK] Seq=134854 Ack=144 Win=65024 Len=1448 TSval=2916038134 TSecr=3045557908 [TCP segment of a reassembled PDU]"
"40031","34.054336019","192.168.1.55","192.168.1.2","TCP","1514","8004  >  36286 [ACK] Seq=136302 Ack=144 Win=65024 Len=1448 TSval=2916038134 TSecr=3045557908 [TCP segment of a reassembled PDU]"
"40032","34.054337463","192.168.1.55","192.168.1.2","TCP","1514","8004  >  36286 [ACK] Seq=137750 Ack=144 Win=65024 Len=1448 TSval=2916038134 TSecr=3045557908 [TCP segment of a reassembled PDU]"
"40033","34.054338778","192.168.1.55","192.168.1.2","TCP","1514","8004  >  36286 [PSH, ACK] Seq=139198 Ack=144 Win=65024 Len=1448 TSval=2916038134 TSecr=3045557908 [TCP segment of a reassembled PDU]"
"40034","34.054345907","192.168.1.2","192.168.1.55","TCP","66","36286  >  8004 [ACK] Seq=144 Ack=76934 Win=65536 Len=0 TSval=3045557908 TSecr=2916038129"
"40035","34.054352685","192.168.1.2","192.168.1.55","TCP","66","36286  >  8004 [ACK] Seq=144 Ack=100102 Win=43008 Len=0 TSval=3045557908 TSecr=2916038130"
"40036","34.054385519","192.168.1.55","192.168.1.2","TCP","1514","8004  >  36286 [ACK] Seq=140646 Ack=144 Win=65024 Len=1448 TSval=2916038135 TSecr=3045557908 [TCP segment of a reassembled PDU]"
"40037","34.054389908","192.168.1.55","192.168.1.2","TCP","1082","[TCP Window Full] 8004  >  36286 [PSH, ACK] Seq=142094 Ack=144 Win=65024 Len=1016 TSval=2916038135 TSecr=3045557908 [TCP segment of a reassembled PDU]"
"40038","34.058881692","192.168.1.2","192.168.1.55","TCP","66","36286  >  8004 [ACK] Seq=144 Ack=105894 Win=79872 Len=0 TSval=3045557913 TSecr=2916038134"
"40039","34.058909396","192.168.1.55","192.168.1.2","TCP","1514","8004  >  36286 [ACK] Seq=143110 Ack=144 Win=65024 Len=1448 TSval=2916038139 TSecr=3045557913 [TCP segment of a reassembled PDU]"
"40040","34.058911952","192.168.1.55","192.168.1.2","TCP","1514","8004  >  36286 [ACK] Seq=144558 Ack=144 Win=65024 Len=1448 TSval=2916038139 TSecr=3045557913 [TCP segment of a reassembled PDU]"
"40041","34.058913174","192.168.1.55","192.168.1.2","TCP","1514","8004  >  36286 [ACK] Seq=146006 Ack=144 Win=65024 Len=1448 TSval=2916038139 TSecr=3045557913 [TCP segment of a reassembled PDU]"
"40042","34.058914285","192.168.1.55","192.168.1.2","TCP","1514","8004  >  36286 [ACK] Seq=147454 Ack=144 Win=65024 Len=1448 TSval=2916038139 TSecr=3045557913 [TCP segment of a reassembled PDU]"
"40043","34.058915415","192.168.1.55","192.168.1.2","TCP","1514","8004  >  36286 [ACK] Seq=148902 Ack=144 Win=65024 Len=1448 TSval=2916038139 TSecr=3045557913 [TCP segment of a reassembled PDU]"
"40044","34.058916618","192.168.1.55","192.168.1.2","TCP","1514","8004  >  36286 [ACK] Seq=150350 Ack=144 Win=65024 Len=1448 TSval=2916038139 TSecr=3045557913 [TCP segment of a reassembled PDU]"
"40045","34.058917730","192.168.1.55","192.168.1.2","TCP","1514","8004  >  36286 [ACK] Seq=151798 Ack=144 Win=65024 Len=1448 TSval=2916038139 TSecr=3045557913 [TCP segment of a reassembled PDU]"
"40046","34.058919007","192.168.1.55","192.168.1.2","TCP","1514","8004  >  36286 [ACK] Seq=153246 Ack=144 Win=65024 Len=1448 TSval=2916038139 TSecr=3045557913 [TCP segment of a reassembled PDU]"
"40047","34.058920304","192.168.1.55","192.168.1.2","TCP","1514","8004  >  36286 [ACK] Seq=154694 Ack=144 Win=65024 Len=1448 TSval=2916038139 TSecr=3045557913 [TCP segment of a reassembled PDU]"
"40048","34.058921433","192.168.1.55","192.168.1.2","TCP","1514","8004  >  36286 [ACK] Seq=156142 Ack=144 Win=65024 Len=1448 TSval=2916038139 TSecr=3045557913 [TCP segment of a reassembled PDU]"
"40049","34.058922674","192.168.1.55","192.168.1.2","TCP","1514","8004  >  36286 [ACK] Seq=157590 Ack=144 Win=65024 Len=1448 TSval=2916038139 TSecr=3045557913 [TCP segment of a reassembled PDU]"
"40050","34.058923785","192.168.1.55","192.168.1.2","TCP","1514","8004  >  36286 [ACK] Seq=159038 Ack=144 Win=65024 Len=1448 TSval=2916038139 TSecr=3045557913 [TCP segment of a reassembled PDU]"
"40051","34.058925267","192.168.1.55","192.168.1.2","TCP","1514","8004  >  36286 [ACK] Seq=160486 Ack=144 Win=65024 Len=1448 TSval=2916038139 TSecr=3045557913 [TCP segment of a reassembled PDU]"
"40052","34.058926415","192.168.1.55","192.168.1.2","TCP","1514","8004  >  36286 [ACK] Seq=161934 Ack=144 Win=65024 Len=1448 TSval=2916038139 TSecr=3045557913 [TCP segment of a reassembled PDU]"
"40053","34.058927526","192.168.1.55","192.168.1.2","TCP","1514","8004  >  36286 [ACK] Seq=163382 Ack=144 Win=65024 Len=1448 TSval=2916038139 TSecr=3045557913 [TCP segment of a reassembled PDU]"
"40054","34.058928711","192.168.1.55","192.168.1.2","TCP","1514","8004  >  36286 [ACK] Seq=164830 Ack=144 Win=65024 Len=1448 TSval=2916038139 TSecr=3045557913 [TCP segment of a reassembled PDU]"
"40055","34.058929841","192.168.1.55","192.168.1.2","TCP","1514","8004  >  36286 [ACK] Seq=166278 Ack=144 Win=65024 Len=1448 TSval=2916038139 TSecr=3045557913 [TCP segment of a reassembled PDU]"
"40056","34.058930989","192.168.1.55","192.168.1.2","TCP","1514","8004  >  36286 [ACK] Seq=167726 Ack=144 Win=65024 Len=1448 TSval=2916038139 TSecr=3045557913 [TCP segment of a reassembled PDU]"
"40057","34.058936822","192.168.1.55","192.168.1.2","TCP","1514","8004  >  36286 [ACK] Seq=169174 Ack=144 Win=65024 Len=1448 TSval=2916038139 TSecr=3045557913 [TCP segment of a reassembled PDU]"
"40058","34.058938193","192.168.1.55","192.168.1.2","TCP","1514","8004  >  36286 [PSH, ACK] Seq=170622 Ack=144 Win=65024 Len=1448 TSval=2916038139 TSecr=3045557913 [TCP segment of a reassembled PDU]"
"40059","34.058945100","192.168.1.55","192.168.1.2","TCP","498","8004  >  36286 [PSH, ACK] Seq=172070 Ack=144 Win=65024 Len=432 TSval=2916038139 TSecr=3045557913 [TCP segment of a reassembled PDU]"
"40060","34.059910102","192.168.1.2","192.168.1.55","TCP","66","36286  >  8004 [ACK] Seq=144 Ack=107342 Win=83968 Len=0 TSval=3045557913 TSecr=2916038134"
"40061","34.059934342","192.168.1.55","192.168.1.2","TCP","1514","8004  >  36286 [ACK] Seq=172502 Ack=144 Win=65024 Len=1448 TSval=2916038140 TSecr=3045557913 [TCP segment of a reassembled PDU]"
"40062","34.059937250","192.168.1.55","192.168.1.2","TCP","1514","8004  >  36286 [ACK] Seq=173950 Ack=144 Win=65024 Len=1448 TSval=2916038140 TSecr=3045557913 [TCP segment of a reassembled PDU]"
"40063","34.059938490","192.168.1.55","192.168.1.2","TCP","1514","8004  >  36286 [ACK] Seq=175398 Ack=144 Win=65024 Len=1448 TSval=2916038140 TSecr=3045557913 [TCP segment of a reassembled PDU]"
"40064","34.059939731","192.168.1.55","192.168.1.2","TCP","1514","8004  >  36286 [ACK] Seq=176846 Ack=144 Win=65024 Len=1448 TSval=2916038140 TSecr=3045557913 [TCP segment of a reassembled PDU]"
"40065","34.059941028","192.168.1.55","192.168.1.2","TCP","1514","8004  >  36286 [ACK] Seq=178294 Ack=144 Win=65024 Len=1448 TSval=2916038140 TSecr=3045557913 [TCP segment of a reassembled PDU]"
"40066","34.059942213","192.168.1.55","192.168.1.2","TCP","1514","8004  >  36286 [ACK] Seq=179742 Ack=144 Win=65024 Len=1448 TSval=2916038140 TSecr=3045557913 [TCP segment of a reassembled PDU]"
"40067","34.059943398","192.168.1.55","192.168.1.2","TCP","1514","8004  >  36286 [ACK] Seq=181190 Ack=144 Win=65024 Len=1448 TSval=2916038140 TSecr=3045557913 [TCP segment of a reassembled PDU]"
"40068","34.059944620","192.168.1.55","192.168.1.2","TCP","1514","8004  >  36286 [ACK] Seq=182638 Ack=144 Win=65024 Len=1448 TSval=2916038140 TSecr=3045557913 [TCP segment of a reassembled PDU]"
"40069","34.059945842","192.168.1.55","192.168.1.2","TCP","1514","8004  >  36286 [ACK] Seq=184086 Ack=144 Win=65024 Len=1448 TSval=2916038140 TSecr=3045557913 [TCP segment of a reassembled PDU]"
"40070","34.059947379","192.168.1.55","192.168.1.2","TCP","1514","8004  >  36286 [ACK] Seq=185534 Ack=144 Win=65024 Len=1448 TSval=2916038140 TSecr=3045557913 [TCP segment of a reassembled PDU]"
"40071","34.059948602","192.168.1.55","192.168.1.2","TCP","1514","8004  >  36286 [ACK] Seq=186982 Ack=144 Win=65024 Len=1448 TSval=2916038140 TSecr=3045557913 [TCP segment of a reassembled PDU]"
"40072","34.059949787","192.168.1.55","192.168.1.2","TCP","1514","8004  >  36286 [PSH, ACK] Seq=188430 Ack=144 Win=65024 Len=1448 TSval=2916038140 TSecr=3045557913 [TCP segment of a reassembled PDU]"
"40073","34.059954194","192.168.1.2","192.168.1.55","TCP","66","36286  >  8004 [ACK] Seq=144 Ack=108790 Win=86016 Len=0 TSval=3045557913 TSecr=2916038134"
"40074","34.059961046","192.168.1.2","192.168.1.55","TCP","66","36286  >  8004 [ACK] Seq=144 Ack=140646 Win=58368 Len=0 TSval=3045557913 TSecr=2916038134"
"40075","34.059966731","192.168.1.2","192.168.1.55","TCP","66","36286  >  8004 [ACK] Seq=144 Ack=143110 Win=56320 Len=0 TSval=3045557913 TSecr=2916038135"
"40076","34.059977583","192.168.1.55","192.168.1.2","TCP","1514","8004  >  36286 [ACK] Seq=189878 Ack=144 Win=65024 Len=1448 TSval=2916038140 TSecr=3045557913 [TCP segment of a reassembled PDU]"
"40077","34.059978916","192.168.1.55","192.168.1.2","TCP","1514","8004  >  36286 [ACK] Seq=191326 Ack=144 Win=65024 Len=1448 TSval=2916038140 TSecr=3045557913 [TCP segment of a reassembled PDU]"
"40078","34.059980102","192.168.1.55","192.168.1.2","TCP","1514","8004  >  36286 [ACK] Seq=192774 Ack=144 Win=65024 Len=1448 TSval=2916038140 TSecr=3045557913 [TCP segment of a reassembled PDU]"
"40079","34.059981213","192.168.1.55","192.168.1.2","TCP","1514","8004  >  36286 [ACK] Seq=194222 Ack=144 Win=65024 Len=1448 TSval=2916038140 TSecr=3045557913 [TCP segment of a reassembled PDU]"
"40080","34.059982305","192.168.1.55","192.168.1.2","TCP","1514","8004  >  36286 [ACK] Seq=195670 Ack=144 Win=65024 Len=1448 TSval=2916038140 TSecr=3045557913 [TCP segment of a reassembled PDU]"
"40081","34.059983731","192.168.1.55","192.168.1.2","TCP","1514","8004  >  36286 [PSH, ACK] Seq=197118 Ack=144 Win=65024 Len=1448 TSval=2916038140 TSecr=3045557913 [TCP segment of a reassembled PDU]"
"40082","34.064324183","192.168.1.2","192.168.1.55","TCP","66","36286  >  8004 [ACK] Seq=144 Ack=172070 Win=59392 Len=0 TSval=3045557918 TSecr=2916038139"
"40083","34.064345794","192.168.1.55","192.168.1.2","TCP","1514","8004  >  36286 [ACK] Seq=198566 Ack=144 Win=65024 Len=1448 TSval=2916038145 TSecr=3045557918 [TCP segment of a reassembled PDU]"
"40084","34.064349220","192.168.1.55","192.168.1.2","TCP","1514","8004  >  36286 [ACK] Seq=200014 Ack=144 Win=65024 Len=1448 TSval=2916038145 TSecr=3045557918 [TCP segment of a reassembled PDU]"
"40085","34.064350460","192.168.1.55","192.168.1.2","TCP","1514","8004  >  36286 [ACK] Seq=201462 Ack=144 Win=65024 Len=1448 TSval=2916038145 TSecr=3045557918 [TCP segment of a reassembled PDU]"
"40086","34.064351738","192.168.1.55","192.168.1.2","TCP","1514","8004  >  36286 [ACK] Seq=202910 Ack=144 Win=65024 Len=1448 TSval=2916038145 TSecr=3045557918 [TCP segment of a reassembled PDU]"
"40087","34.064353072","192.168.1.55","192.168.1.2","TCP","1514","8004  >  36286 [ACK] Seq=204358 Ack=144 Win=65024 Len=1448 TSval=2916038145 TSecr=3045557918 [TCP segment of a reassembled PDU]"
"40088","34.064354368","192.168.1.55","192.168.1.2","TCP","1514","8004  >  36286 [PSH, ACK] Seq=205806 Ack=144 Win=65024 Len=1448 TSval=2916038145 TSecr=3045557918 [TCP segment of a reassembled PDU]"
"40089","34.064374109","192.168.1.55","192.168.1.2","TCP","1514","8004  >  36286 [ACK] Seq=207254 Ack=144 Win=65024 Len=1448 TSval=2916038145 TSecr=3045557918 [TCP segment of a reassembled PDU]"
"40090","34.064375683","192.168.1.55","192.168.1.2","TCP","1514","8004  >  36286 [ACK] Seq=208702 Ack=144 Win=65024 Len=1448 TSval=2916038145 TSecr=3045557918 [TCP segment of a reassembled PDU]"
"40091","34.064377164","192.168.1.55","192.168.1.2","TCP","1514","8004  >  36286 [ACK] Seq=210150 Ack=144 Win=65024 Len=1448 TSval=2916038145 TSecr=3045557918 [TCP segment of a reassembled PDU]"
"40092","34.064378461","192.168.1.55","192.168.1.2","TCP","1514","8004  >  36286 [ACK] Seq=211598 Ack=144 Win=65024 Len=1448 TSval=2916038145 TSecr=3045557918 [TCP segment of a reassembled PDU]"
"40093","34.064379720","192.168.1.55","192.168.1.2","TCP","1514","8004  >  36286 [ACK] Seq=213046 Ack=144 Win=65024 Len=1448 TSval=2916038145 TSecr=3045557918 [TCP segment of a reassembled PDU]"
"40094","34.064380923","192.168.1.55","192.168.1.2","TCP","1514","8004  >  36286 [ACK] Seq=214494 Ack=144 Win=65024 Len=1448 TSval=2916038145 TSecr=3045557918 [TCP segment of a reassembled PDU]"
"40095","34.064382331","192.168.1.55","192.168.1.2","TCP","1514","8004  >  36286 [ACK] Seq=215942 Ack=144 Win=65024 Len=1448 TSval=2916038145 TSecr=3045557918 [TCP segment of a reassembled PDU]"
"40096","34.064383535","192.168.1.55","192.168.1.2","TCP","1514","8004  >  36286 [ACK] Seq=217390 Ack=144 Win=65024 Len=1448 TSval=2916038145 TSecr=3045557918 [TCP segment of a reassembled PDU]"
"40097","34.064384831","192.168.1.55","192.168.1.2","TCP","1514","8004  >  36286 [ACK] Seq=218838 Ack=144 Win=65024 Len=1448 TSval=2916038145 TSecr=3045557918 [TCP segment of a reassembled PDU]"
"40098","34.064386035","192.168.1.55","192.168.1.2","TCP","1514","8004  >  36286 [ACK] Seq=220286 Ack=144 Win=65024 Len=1448 TSval=2916038145 TSecr=3045557918 [TCP segment of a reassembled PDU]"
"40099","34.064387257","192.168.1.55","192.168.1.2","TCP","1514","8004  >  36286 [ACK] Seq=221734 Ack=144 Win=65024 Len=1448 TSval=2916038145 TSecr=3045557918 [TCP segment of a reassembled PDU]"
"40100","34.064388868","192.168.1.55","192.168.1.2","TCP","1514","8004  >  36286 [ACK] Seq=223182 Ack=144 Win=65024 Len=1448 TSval=2916038145 TSecr=3045557918 [TCP segment of a reassembled PDU]"
"40101","34.064390164","192.168.1.55","192.168.1.2","TCP","1514","8004  >  36286 [ACK] Seq=224630 Ack=144 Win=65024 Len=1448 TSval=2916038145 TSecr=3045557918 [TCP segment of a reassembled PDU]"
"40102","34.064391831","192.168.1.55","192.168.1.2","TCP","1514","8004  >  36286 [ACK] Seq=226078 Ack=144 Win=65024 Len=1448 TSval=2916038145 TSecr=3045557918 [TCP segment of a reassembled PDU]"
"40103","34.064393201","192.168.1.55","192.168.1.2","TCP","1514","8004  >  36286 [ACK] Seq=227526 Ack=144 Win=65024 Len=1448 TSval=2916038145 TSecr=3045557918 [TCP segment of a reassembled PDU]"
"40104","34.064394442","192.168.1.55","192.168.1.2","TCP","1514","8004  >  36286 [PSH, ACK] Seq=228974 Ack=144 Win=65024 Len=1448 TSval=2916038145 TSecr=3045557918 [TCP segment of a reassembled PDU]"
"40105","34.065304129","192.168.1.2","192.168.1.55","TCP","66","36286  >  8004 [ACK] Seq=144 Ack=172502 Win=88064 Len=0 TSval=3045557918 TSecr=2916038139"
"40106","34.065319277","192.168.1.55","192.168.1.2","TCP","1514","8004  >  36286 [ACK] Seq=230422 Ack=144 Win=65024 Len=1448 TSval=2916038146 TSecr=3045557918 [TCP segment of a reassembled PDU]"
"40107","34.065321129","192.168.1.55","192.168.1.2","TCP","1514","8004  >  36286 [ACK] Seq=231870 Ack=144 Win=65024 Len=1448 TSval=2916038146 TSecr=3045557918 [TCP segment of a reassembled PDU]"
"40108","34.065322388","192.168.1.55","192.168.1.2","TCP","1514","8004  >  36286 [ACK] Seq=233318 Ack=144 Win=65024 Len=1448 TSval=2916038146 TSecr=3045557918 [TCP segment of a reassembled PDU]"
"40109","34.065323703","192.168.1.55","192.168.1.2","TCP","1514","8004  >  36286 [ACK] Seq=234766 Ack=144 Win=65024 Len=1448 TSval=2916038146 TSecr=3045557918 [TCP segment of a reassembled PDU]"
"40110","34.065325332","192.168.1.55","192.168.1.2","TCP","1514","8004  >  36286 [ACK] Seq=236214 Ack=144 Win=65024 Len=1448 TSval=2916038146 TSecr=3045557918 [TCP segment of a reassembled PDU]"
"40111","34.065326647","192.168.1.55","192.168.1.2","TCP","1514","8004  >  36286 [ACK] Seq=237662 Ack=144 Win=65024 Len=1448 TSval=2916038146 TSecr=3045557918 [TCP segment of a reassembled PDU]"
"40112","34.065327832","192.168.1.55","192.168.1.2","TCP","1514","8004  >  36286 [ACK] Seq=239110 Ack=144 Win=65024 Len=1448 TSval=2916038146 TSecr=3045557918 [TCP segment of a reassembled PDU]"
"40113","34.065329055","192.168.1.55","192.168.1.2","TCP","1514","8004  >  36286 [PSH, ACK] Seq=240558 Ack=144 Win=65024 Len=1448 TSval=2916038146 TSecr=3045557918 [TCP segment of a reassembled PDU]"
"40114","34.065333295","192.168.1.2","192.168.1.55","TCP","66","36286  >  8004 [ACK] Seq=144 Ack=173950 Win=91136 Len=0 TSval=3045557918 TSecr=2916038140"
"40115","34.065338406","192.168.1.2","192.168.1.55","TCP","66","36286  >  8004 [ACK] Seq=144 Ack=189878 Win=116736 Len=0 TSval=3045557918 TSecr=2916038140"
"40116","34.065373295","192.168.1.55","192.168.1.2","TCP","1514","8004  >  36286 [ACK] Seq=242006 Ack=144 Win=65024 Len=1448 TSval=2916038146 TSecr=3045557918 [TCP segment of a reassembled PDU]"
"40117","34.065375184","192.168.1.55","192.168.1.2","TCP","1514","8004  >  36286 [ACK] Seq=243454 Ack=144 Win=65024 Len=1448 TSval=2916038146 TSecr=3045557918 [TCP segment of a reassembled PDU]"
"40118","34.065376481","192.168.1.55","192.168.1.2","TCP","1514","8004  >  36286 [ACK] Seq=244902 Ack=144 Win=65024 Len=1448 TSval=2916038146 TSecr=3045557918 [TCP segment of a reassembled PDU]"
"40119","34.065377888","192.168.1.55","192.168.1.2","TCP","1514","8004  >  36286 [ACK] Seq=246350 Ack=144 Win=65024 Len=1448 TSval=2916038146 TSecr=3045557918 [TCP segment of a reassembled PDU]"
"40120","34.065379092","192.168.1.55","192.168.1.2","TCP","1514","8004  >  36286 [ACK] Seq=247798 Ack=144 Win=65024 Len=1448 TSval=2916038146 TSecr=3045557918 [TCP segment of a reassembled PDU]"
"40121","34.065380425","192.168.1.55","192.168.1.2","TCP","1514","8004  >  36286 [ACK] Seq=249246 Ack=144 Win=65024 Len=1448 TSval=2916038146 TSecr=3045557918 [TCP segment of a reassembled PDU]"
"40122","34.065381684","192.168.1.55","192.168.1.2","TCP","1514","8004  >  36286 [ACK] Seq=250694 Ack=144 Win=65024 Len=1448 TSval=2916038146 TSecr=3045557918 [TCP segment of a reassembled PDU]"
"40123","34.065383110","192.168.1.55","192.168.1.2","TCP","1514","8004  >  36286 [ACK] Seq=252142 Ack=144 Win=65024 Len=1448 TSval=2916038146 TSecr=3045557918 [TCP segment of a reassembled PDU]"
"40124","34.065384666","192.168.1.55","192.168.1.2","TCP","1514","8004  >  36286 [ACK] Seq=253590 Ack=144 Win=65024 Len=1448 TSval=2916038146 TSecr=3045557918 [TCP segment of a reassembled PDU]"
"40125","34.065386240","192.168.1.55","192.168.1.2","TCP","1514","8004  >  36286 [ACK] Seq=255038 Ack=144 Win=65024 Len=1448 TSval=2916038146 TSecr=3045557918 [TCP segment of a reassembled PDU]"
"40126","34.065387573","192.168.1.55","192.168.1.2","TCP","1514","8004  >  36286 [ACK] Seq=256486 Ack=144 Win=65024 Len=1448 TSval=2916038146 TSecr=3045557918 [TCP segment of a reassembled PDU]"
"40127","34.065388777","192.168.1.55","192.168.1.2","TCP","1514","8004  >  36286 [ACK] Seq=257934 Ack=144 Win=65024 Len=1448 TSval=2916038146 TSecr=3045557918 [TCP segment of a reassembled PDU]"
"40128","34.065390110","192.168.1.55","192.168.1.2","TCP","1514","8004  >  36286 [ACK] Seq=259382 Ack=144 Win=65024 Len=1448 TSval=2916038146 TSecr=3045557918 [TCP segment of a reassembled PDU]"
"40129","34.065391332","192.168.1.55","192.168.1.2","TCP","1514","8004  >  36286 [ACK] Seq=260830 Ack=144 Win=65024 Len=1448 TSval=2916038146 TSecr=3045557918 [TCP segment of a reassembled PDU]"
"40130","34.065392555","192.168.1.55","192.168.1.2","TCP","1514","8004  >  36286 [ACK] Seq=262278 Ack=144 Win=65024 Len=1448 TSval=2916038146 TSecr=3045557918 [TCP segment of a reassembled PDU]"
"40131","34.065394166","192.168.1.55","192.168.1.2","TCP","1514","8004  >  36286 [ACK] Seq=263726 Ack=144 Win=65024 Len=1448 TSval=2916038146 TSecr=3045557918 [TCP segment of a reassembled PDU]"
"40132","34.065395407","192.168.1.55","192.168.1.2","TCP","1514","8004  >  36286 [ACK] Seq=265174 Ack=144 Win=65024 Len=1448 TSval=2916038146 TSecr=3045557918 [TCP segment of a reassembled PDU]"
"40133","34.065396758","192.168.1.55","192.168.1.2","TCP","1514","8004  >  36286 [ACK] Seq=266622 Ack=144 Win=65024 Len=1448 TSval=2916038146 TSecr=3045557918 [TCP segment of a reassembled PDU]"
"40134","34.065398073","192.168.1.55","192.168.1.2","TCP","1514","8004  >  36286 [ACK] Seq=268070 Ack=144 Win=65024 Len=1448 TSval=2916038146 TSecr=3045557918 [TCP segment of a reassembled PDU]"
"40135","34.065399444","192.168.1.55","192.168.1.2","TCP","1514","8004  >  36286 [ACK] Seq=269518 Ack=144 Win=65024 Len=1448 TSval=2916038146 TSecr=3045557918 [TCP segment of a reassembled PDU]"
"40136","34.065400758","192.168.1.55","192.168.1.2","TCP","1514","8004  >  36286 [ACK] Seq=270966 Ack=144 Win=65024 Len=1448 TSval=2916038146 TSecr=3045557918 [TCP segment of a reassembled PDU]"
"40137","34.065402036","192.168.1.55","192.168.1.2","TCP","1514","8004  >  36286 [ACK] Seq=272414 Ack=144 Win=65024 Len=1448 TSval=2916038146 TSecr=3045557918 [TCP segment of a reassembled PDU]"
"40138","34.065403314","192.168.1.55","192.168.1.2","TCP","1514","8004  >  36286 [ACK] Seq=273862 Ack=144 Win=65024 Len=1448 TSval=2916038146 TSecr=3045557918 [TCP segment of a reassembled PDU]"
"40139","34.065404610","192.168.1.55","192.168.1.2","TCP","1514","8004  >  36286 [ACK] Seq=275310 Ack=144 Win=65024 Len=1448 TSval=2916038146 TSecr=3045557918 [TCP segment of a reassembled PDU]"
"40140","34.065405981","192.168.1.55","192.168.1.2","TCP","1514","8004  >  36286 [ACK] Seq=276758 Ack=144 Win=65024 Len=1448 TSval=2916038146 TSecr=3045557918 [TCP segment of a reassembled PDU]"
"40141","34.065407295","192.168.1.55","192.168.1.2","TCP","1514","8004  >  36286 [ACK] Seq=278206 Ack=144 Win=65024 Len=1448 TSval=2916038146 TSecr=3045557918 [TCP segment of a reassembled PDU]"
"40142","34.065408647","192.168.1.55","192.168.1.2","TCP","1514","8004  >  36286 [ACK] Seq=279654 Ack=144 Win=65024 Len=1448 TSval=2916038146 TSecr=3045557918 [TCP segment of a reassembled PDU]"
"40143","34.065410055","192.168.1.55","192.168.1.2","TCP","1514","8004  >  36286 [PSH, ACK] Seq=281102 Ack=144 Win=65024 Len=1448 TSval=2916038146 TSecr=3045557918 [TCP segment of a reassembled PDU]"
"40144","34.065415073","192.168.1.2","192.168.1.55","TCP","66","36286  >  8004 [ACK] Seq=144 Ack=198566 Win=123904 Len=0 TSval=3045557919 TSecr=2916038140"
"40145","34.065464722","192.168.1.55","192.168.1.2","TCP","1514","8004  >  36286 [ACK] Seq=282550 Ack=144 Win=65024 Len=1448 TSval=2916038146 TSecr=3045557919 [TCP segment of a reassembled PDU]"
"40146","34.065466759","192.168.1.55","192.168.1.2","TCP","1514","8004  >  36286 [ACK] Seq=283998 Ack=144 Win=65024 Len=1448 TSval=2916038146 TSecr=3045557919 [TCP segment of a reassembled PDU]"
"40147","34.065468277","192.168.1.55","192.168.1.2","TCP","1514","8004  >  36286 [ACK] Seq=285446 Ack=144 Win=65024 Len=1448 TSval=2916038146 TSecr=3045557919 [TCP segment of a reassembled PDU]"
"40148","34.065469499","192.168.1.55","192.168.1.2","TCP","1514","8004  >  36286 [ACK] Seq=286894 Ack=144 Win=65024 Len=1448 TSval=2916038146 TSecr=3045557919 [TCP segment of a reassembled PDU]"
"40149","34.065470777","192.168.1.55","192.168.1.2","TCP","1514","8004  >  36286 [ACK] Seq=288342 Ack=144 Win=65024 Len=1448 TSval=2916038146 TSecr=3045557919 [TCP segment of a reassembled PDU]"
"40150","34.065472555","192.168.1.55","192.168.1.2","TCP","1514","8004  >  36286 [ACK] Seq=289790 Ack=144 Win=65024 Len=1448 TSval=2916038146 TSecr=3045557919 [TCP segment of a reassembled PDU]"
"40151","34.065473777","192.168.1.55","192.168.1.2","TCP","1514","8004  >  36286 [ACK] Seq=291238 Ack=144 Win=65024 Len=1448 TSval=2916038146 TSecr=3045557919 [TCP segment of a reassembled PDU]"
"40152","34.065475110","192.168.1.55","192.168.1.2","TCP","1514","8004  >  36286 [ACK] Seq=292686 Ack=144 Win=65024 Len=1448 TSval=2916038146 TSecr=3045557919 [TCP segment of a reassembled PDU]"
"40153","34.065476444","192.168.1.55","192.168.1.2","TCP","1514","8004  >  36286 [ACK] Seq=294134 Ack=144 Win=65024 Len=1448 TSval=2916038146 TSecr=3045557919 [TCP segment of a reassembled PDU]"
"40154","34.065477684","192.168.1.55","192.168.1.2","TCP","1514","8004  >  36286 [ACK] Seq=295582 Ack=144 Win=65024 Len=1448 TSval=2916038146 TSecr=3045557919 [TCP segment of a reassembled PDU]"
"40155","34.065479129","192.168.1.55","192.168.1.2","TCP","1514","8004  >  36286 [ACK] Seq=297030 Ack=144 Win=65024 Len=1448 TSval=2916038146 TSecr=3045557919 [TCP segment of a reassembled PDU]"
"40156","34.065480647","192.168.1.55","192.168.1.2","TCP","1514","8004  >  36286 [ACK] Seq=298478 Ack=144 Win=65024 Len=1448 TSval=2916038146 TSecr=3045557919 [TCP segment of a reassembled PDU]"
"40157","34.065482147","192.168.1.55","192.168.1.2","TCP","1514","8004  >  36286 [ACK] Seq=299926 Ack=144 Win=65024 Len=1448 TSval=2916038146 TSecr=3045557919 [TCP segment of a reassembled PDU]"
"40158","34.065483481","192.168.1.55","192.168.1.2","TCP","1514","8004  >  36286 [ACK] Seq=301374 Ack=144 Win=65024 Len=1448 TSval=2916038146 TSecr=3045557919 [TCP segment of a reassembled PDU]"
"40159","34.065484777","192.168.1.55","192.168.1.2","TCP","1514","8004  >  36286 [ACK] Seq=302822 Ack=144 Win=65024 Len=1448 TSval=2916038146 TSecr=3045557919 [TCP segment of a reassembled PDU]"
"40160","34.065486092","192.168.1.55","192.168.1.2","TCP","1514","8004  >  36286 [ACK] Seq=304270 Ack=144 Win=65024 Len=1448 TSval=2916038146 TSecr=3045557919 [TCP segment of a reassembled PDU]"
"40161","34.065487518","192.168.1.55","192.168.1.2","TCP","1514","8004  >  36286 [ACK] Seq=305718 Ack=144 Win=65024 Len=1448 TSval=2916038146 TSecr=3045557919 [TCP segment of a reassembled PDU]"
"40162","34.065488740","192.168.1.55","192.168.1.2","TCP","1514","8004  >  36286 [ACK] Seq=307166 Ack=144 Win=65024 Len=1448 TSval=2916038146 TSecr=3045557919 [TCP segment of a reassembled PDU]"
"40163","34.065489981","192.168.1.55","192.168.1.2","TCP","1514","8004  >  36286 [ACK] Seq=308614 Ack=144 Win=65024 Len=1448 TSval=2916038146 TSecr=3045557919 [TCP segment of a reassembled PDU]"
"40164","34.065491388","192.168.1.55","192.168.1.2","TCP","1514","8004  >  36286 [ACK] Seq=310062 Ack=144 Win=65024 Len=1448 TSval=2916038146 TSecr=3045557919 [TCP segment of a reassembled PDU]"
"40165","34.065492740","192.168.1.55","192.168.1.2","TCP","1514","8004  >  36286 [ACK] Seq=311510 Ack=144 Win=65024 Len=1448 TSval=2916038146 TSecr=3045557919 [TCP segment of a reassembled PDU]"
"40166","34.065494073","192.168.1.55","192.168.1.2","TCP","1514","8004  >  36286 [ACK] Seq=312958 Ack=144 Win=65024 Len=1448 TSval=2916038146 TSecr=3045557919 [TCP segment of a reassembled PDU]"
"40167","34.065495314","192.168.1.55","192.168.1.2","TCP","1514","8004  >  36286 [ACK] Seq=314406 Ack=144 Win=65024 Len=1448 TSval=2916038146 TSecr=3045557919 [TCP segment of a reassembled PDU]"
"40168","34.065496666","192.168.1.55","192.168.1.2","TCP","1514","8004  >  36286 [ACK] Seq=315854 Ack=144 Win=65024 Len=1448 TSval=2916038146 TSecr=3045557919 [TCP segment of a reassembled PDU]"
"40169","34.065497999","192.168.1.55","192.168.1.2","TCP","1514","8004  >  36286 [ACK] Seq=317302 Ack=144 Win=65024 Len=1448 TSval=2916038146 TSecr=3045557919 [TCP segment of a reassembled PDU]"
"40170","34.065499314","192.168.1.55","192.168.1.2","TCP","1514","8004  >  36286 [ACK] Seq=318750 Ack=144 Win=65024 Len=1448 TSval=2916038146 TSecr=3045557919 [TCP segment of a reassembled PDU]"
"40171","34.065500685","192.168.1.55","192.168.1.2","TCP","1514","8004  >  36286 [ACK] Seq=320198 Ack=144 Win=65024 Len=1448 TSval=2916038146 TSecr=3045557919 [TCP segment of a reassembled PDU]"
"40172","34.065501999","192.168.1.55","192.168.1.2","TCP","890","[TCP Window Full] 8004  >  36286 [PSH, ACK] Seq=321646 Ack=144 Win=65024 Len=824 TSval=2916038146 TSecr=3045557919 [TCP segment of a reassembled PDU]"
"40173","34.071740250","192.168.1.2","192.168.1.55","TCP","66","36286  >  8004 [ACK] Seq=144 Ack=205806 Win=123904 Len=0 TSval=3045557922 TSecr=2916038145"
"40174","34.071760232","192.168.1.55","192.168.1.2","TCP","690","8004  >  36286 [PSH, ACK] Seq=322470 Ack=144 Win=65024 Len=624 TSval=2916038152 TSecr=3045557922 [TCP segment of a reassembled PDU]"
"40175","34.071862935","192.168.1.2","192.168.1.55","TCP","66","36286  >  8004 [ACK] Seq=144 Ack=221734 Win=108544 Len=0 TSval=3045557923 TSecr=2916038145"
"40176","34.074340569","192.168.1.2","192.168.1.55","TCP","66","36286  >  8004 [ACK] Seq=144 Ack=230422 Win=122880 Len=0 TSval=3045557928 TSecr=2916038145"
"40177","34.074373736","192.168.1.55","192.168.1.2","TCP","1514","8004  >  36286 [ACK] Seq=323094 Ack=144 Win=65024 Len=1448 TSval=2916038155 TSecr=3045557928 [TCP segment of a reassembled PDU]"
"40178","34.074376532","192.168.1.55","192.168.1.2","TCP","1514","8004  >  36286 [ACK] Seq=324542 Ack=144 Win=65024 Len=1448 TSval=2916038155 TSecr=3045557928 [TCP segment of a reassembled PDU]"
"40179","34.074377662","192.168.1.55","192.168.1.2","TCP","1514","8004  >  36286 [ACK] Seq=325990 Ack=144 Win=65024 Len=1448 TSval=2916038155 TSecr=3045557928 [TCP segment of a reassembled PDU]"
"40180","34.074378588","192.168.1.55","192.168.1.2","TCP","1514","8004  >  36286 [ACK] Seq=327438 Ack=144 Win=65024 Len=1448 TSval=2916038155 TSecr=3045557928 [TCP segment of a reassembled PDU]"
"40181","34.074379569","192.168.1.55","192.168.1.2","TCP","1514","8004  >  36286 [ACK] Seq=328886 Ack=144 Win=65024 Len=1448 TSval=2916038155 TSecr=3045557928 [TCP segment of a reassembled PDU]"
"40182","34.074380551","192.168.1.55","192.168.1.2","TCP","1514","8004  >  36286 [ACK] Seq=330334 Ack=144 Win=65024 Len=1448 TSval=2916038155 TSecr=3045557928 [TCP segment of a reassembled PDU]"
"40183","34.074381495","192.168.1.55","192.168.1.2","TCP","1514","8004  >  36286 [ACK] Seq=331782 Ack=144 Win=65024 Len=1448 TSval=2916038155 TSecr=3045557928 [TCP segment of a reassembled PDU]"
"40184","34.074382476","192.168.1.55","192.168.1.2","TCP","1514","8004  >  36286 [ACK] Seq=333230 Ack=144 Win=65024 Len=1448 TSval=2916038155 TSecr=3045557928 [TCP segment of a reassembled PDU]"
"40185","34.074383421","192.168.1.55","192.168.1.2","TCP","1514","8004  >  36286 [ACK] Seq=334678 Ack=144 Win=65024 Len=1448 TSval=2916038155 TSecr=3045557928 [TCP segment of a reassembled PDU]"
"40186","34.074384365","192.168.1.55","192.168.1.2","TCP","1514","8004  >  36286 [ACK] Seq=336126 Ack=144 Win=65024 Len=1448 TSval=2916038155 TSecr=3045557928 [TCP segment of a reassembled PDU]"
"40187","34.074385273","192.168.1.55","192.168.1.2","TCP","1514","8004  >  36286 [ACK] Seq=337574 Ack=144 Win=65024 Len=1448 TSval=2916038155 TSecr=3045557928 [TCP segment of a reassembled PDU]"
"40188","34.074386236","192.168.1.55","192.168.1.2","TCP","1514","8004  >  36286 [ACK] Seq=339022 Ack=144 Win=65024 Len=1448 TSval=2916038155 TSecr=3045557928 [TCP segment of a reassembled PDU]"
"40189","34.074387254","192.168.1.55","192.168.1.2","TCP","1514","8004  >  36286 [ACK] Seq=340470 Ack=144 Win=65024 Len=1448 TSval=2916038155 TSecr=3045557928 [TCP segment of a reassembled PDU]"
"40190","34.074388180","192.168.1.55","192.168.1.2","TCP","1514","8004  >  36286 [ACK] Seq=341918 Ack=144 Win=65024 Len=1448 TSval=2916038155 TSecr=3045557928 [TCP segment of a reassembled PDU]"
"40191","34.074389106","192.168.1.55","192.168.1.2","TCP","1514","8004  >  36286 [ACK] Seq=343366 Ack=144 Win=65024 Len=1448 TSval=2916038155 TSecr=3045557928 [TCP segment of a reassembled PDU]"
"40192","34.074390143","192.168.1.55","192.168.1.2","TCP","1514","8004  >  36286 [ACK] Seq=344814 Ack=144 Win=65024 Len=1448 TSval=2916038155 TSecr=3045557928 [TCP segment of a reassembled PDU]"
"40193","34.074391088","192.168.1.55","192.168.1.2","TCP","1514","8004  >  36286 [ACK] Seq=346262 Ack=144 Win=65024 Len=1448 TSval=2916038155 TSecr=3045557928 [TCP segment of a reassembled PDU]"
"40194","34.074392291","192.168.1.55","192.168.1.2","TCP","1514","8004  >  36286 [ACK] Seq=347710 Ack=144 Win=65024 Len=1448 TSval=2916038155 TSecr=3045557928 [TCP segment of a reassembled PDU]"
"40195","34.074393217","192.168.1.55","192.168.1.2","TCP","1514","8004  >  36286 [ACK] Seq=349158 Ack=144 Win=65024 Len=1448 TSval=2916038155 TSecr=3045557928 [TCP segment of a reassembled PDU]"
"40196","34.074394180","192.168.1.55","192.168.1.2","TCP","1514","8004  >  36286 [PSH, ACK] Seq=350606 Ack=144 Win=65024 Len=1448 TSval=2916038155 TSecr=3045557928 [TCP segment of a reassembled PDU]"
"40197","34.075203533","192.168.1.2","192.168.1.55","TCP","66","36286  >  8004 [ACK] Seq=144 Ack=242006 Win=112640 Len=0 TSval=3045557928 TSecr=2916038146"
"40198","34.075211181","192.168.1.2","192.168.1.55","TCP","66","36286  >  8004 [ACK] Seq=144 Ack=282550 Win=96256 Len=0 TSval=3045557928 TSecr=2916038146"
"40199","34.075222830","192.168.1.55","192.168.1.2","TCP","1514","8004  >  36286 [ACK] Seq=352054 Ack=144 Win=65024 Len=1448 TSval=2916038155 TSecr=3045557928 [TCP segment of a reassembled PDU]"
"40200","34.075224089","192.168.1.55","192.168.1.2","TCP","1514","8004  >  36286 [ACK] Seq=353502 Ack=144 Win=65024 Len=1448 TSval=2916038155 TSecr=3045557928 [TCP segment of a reassembled PDU]"
"40201","34.075225052","192.168.1.55","192.168.1.2","TCP","1514","8004  >  36286 [ACK] Seq=354950 Ack=144 Win=65024 Len=1448 TSval=2916038155 TSecr=3045557928 [TCP segment of a reassembled PDU]"
"40202","34.075225996","192.168.1.55","192.168.1.2","TCP","1514","8004  >  36286 [ACK] Seq=356398 Ack=144 Win=65024 Len=1448 TSval=2916038155 TSecr=3045557928 [TCP segment of a reassembled PDU]"
"40203","34.075226922","192.168.1.55","192.168.1.2","TCP","1514","8004  >  36286 [ACK] Seq=357846 Ack=144 Win=65024 Len=1448 TSval=2916038155 TSecr=3045557928 [TCP segment of a reassembled PDU]"
"40204","34.075227867","192.168.1.55","192.168.1.2","TCP","1514","8004  >  36286 [ACK] Seq=359294 Ack=144 Win=65024 Len=1448 TSval=2916038155 TSecr=3045557928 [TCP segment of a reassembled PDU]"
"40205","34.075228885","192.168.1.55","192.168.1.2","TCP","1514","8004  >  36286 [ACK] Seq=360742 Ack=144 Win=65024 Len=1448 TSval=2916038155 TSecr=3045557928 [TCP segment of a reassembled PDU]"
"40206","34.075229941","192.168.1.55","192.168.1.2","TCP","1514","8004  >  36286 [PSH, ACK] Seq=362190 Ack=144 Win=65024 Len=1448 TSval=2916038155 TSecr=3045557928 [TCP segment of a reassembled PDU]"
"40207","34.075233015","192.168.1.2","192.168.1.55","TCP","66","36286  >  8004 [ACK] Seq=144 Ack=314406 Win=102400 Len=0 TSval=3045557928 TSecr=2916038146"
"40208","34.075262256","192.168.1.55","192.168.1.2","TCP","1514","8004  >  36286 [ACK] Seq=363638 Ack=144 Win=65024 Len=1448 TSval=2916038155 TSecr=3045557928 [TCP segment of a reassembled PDU]"
"40209","34.075263959","192.168.1.55","192.168.1.2","TCP","1514","8004  >  36286 [ACK] Seq=365086 Ack=144 Win=65024 Len=1448 TSval=2916038155 TSecr=3045557928 [TCP segment of a reassembled PDU]"
"40210","34.075264867","192.168.1.55","192.168.1.2","TCP","1514","8004  >  36286 [ACK] Seq=366534 Ack=144 Win=65024 Len=1448 TSval=2916038155 TSecr=3045557928 [TCP segment of a reassembled PDU]"
"40211","34.075265811","192.168.1.55","192.168.1.2","TCP","1514","8004  >  36286 [ACK] Seq=367982 Ack=144 Win=65024 Len=1448 TSval=2916038155 TSecr=3045557928 [TCP segment of a reassembled PDU]"
"40212","34.075266904","192.168.1.55","192.168.1.2","TCP","1514","8004  >  36286 [ACK] Seq=369430 Ack=144 Win=65024 Len=1448 TSval=2916038155 TSecr=3045557928 [TCP segment of a reassembled PDU]"
"40213","34.075267830","192.168.1.55","192.168.1.2","TCP","1514","8004  >  36286 [ACK] Seq=370878 Ack=144 Win=65024 Len=1448 TSval=2916038155 TSecr=3045557928 [TCP segment of a reassembled PDU]"
"40214","34.075268793","192.168.1.55","192.168.1.2","TCP","1514","8004  >  36286 [ACK] Seq=372326 Ack=144 Win=65024 Len=1448 TSval=2916038155 TSecr=3045557928 [TCP segment of a reassembled PDU]"
"40215","34.075269848","192.168.1.55","192.168.1.2","TCP","1514","8004  >  36286 [ACK] Seq=373774 Ack=144 Win=65024 Len=1448 TSval=2916038155 TSecr=3045557928 [TCP segment of a reassembled PDU]"
"40216","34.075270811","192.168.1.55","192.168.1.2","TCP","1514","8004  >  36286 [ACK] Seq=375222 Ack=144 Win=65024 Len=1448 TSval=2916038155 TSecr=3045557928 [TCP segment of a reassembled PDU]"
"40217","34.075271756","192.168.1.55","192.168.1.2","TCP","1514","8004  >  36286 [ACK] Seq=376670 Ack=144 Win=65024 Len=1448 TSval=2916038155 TSecr=3045557928 [TCP segment of a reassembled PDU]"
"40218","34.075272719","192.168.1.55","192.168.1.2","TCP","1514","8004  >  36286 [ACK] Seq=378118 Ack=144 Win=65024 Len=1448 TSval=2916038155 TSecr=3045557928 [TCP segment of a reassembled PDU]"
"40219","34.075273682","192.168.1.55","192.168.1.2","TCP","1514","8004  >  36286 [ACK] Seq=379566 Ack=144 Win=65024 Len=1448 TSval=2916038155 TSecr=3045557928 [TCP segment of a reassembled PDU]"
"40220","34.075274700","192.168.1.55","192.168.1.2","TCP","1514","8004  >  36286 [ACK] Seq=381014 Ack=144 Win=65024 Len=1448 TSval=2916038155 TSecr=3045557928 [TCP segment of a reassembled PDU]"
"40221","34.075275663","192.168.1.55","192.168.1.2","TCP","1514","8004  >  36286 [ACK] Seq=382462 Ack=144 Win=65024 Len=1448 TSval=2916038155 TSecr=3045557928 [TCP segment of a reassembled PDU]"
"40222","34.075276608","192.168.1.55","192.168.1.2","TCP","1514","8004  >  36286 [ACK] Seq=383910 Ack=144 Win=65024 Len=1448 TSval=2916038155 TSecr=3045557928 [TCP segment of a reassembled PDU]"
"40223","34.075277663","192.168.1.55","192.168.1.2","TCP","1514","8004  >  36286 [ACK] Seq=385358 Ack=144 Win=65024 Len=1448 TSval=2916038155 TSecr=3045557928 [TCP segment of a reassembled PDU]"
"40224","34.075278626","192.168.1.55","192.168.1.2","TCP","1514","8004  >  36286 [ACK] Seq=386806 Ack=144 Win=65024 Len=1448 TSval=2916038155 TSecr=3045557928 [TCP segment of a reassembled PDU]"
"40225","34.075279663","192.168.1.55","192.168.1.2","TCP","1514","8004  >  36286 [ACK] Seq=388254 Ack=144 Win=65024 Len=1448 TSval=2916038155 TSecr=3045557928 [TCP segment of a reassembled PDU]"
"40226","34.075280774","192.168.1.55","192.168.1.2","TCP","1514","8004  >  36286 [ACK] Seq=389702 Ack=144 Win=65024 Len=1448 TSval=2916038155 TSecr=3045557928 [TCP segment of a reassembled PDU]"
"40227","34.075281793","192.168.1.55","192.168.1.2","TCP","1514","8004  >  36286 [ACK] Seq=391150 Ack=144 Win=65024 Len=1448 TSval=2916038155 TSecr=3045557928 [TCP segment of a reassembled PDU]"
"40228","34.075282774","192.168.1.55","192.168.1.2","TCP","1514","8004  >  36286 [ACK] Seq=392598 Ack=144 Win=65024 Len=1448 TSval=2916038155 TSecr=3045557928 [TCP segment of a reassembled PDU]"
"40229","34.075283737","192.168.1.55","192.168.1.2","TCP","1514","8004  >  36286 [ACK] Seq=394046 Ack=144 Win=65024 Len=1448 TSval=2916038155 TSecr=3045557928 [TCP segment of a reassembled PDU]"
"40230","34.075284719","192.168.1.55","192.168.1.2","TCP","1514","8004  >  36286 [ACK] Seq=395494 Ack=144 Win=65024 Len=1448 TSval=2916038155 TSecr=3045557928 [TCP segment of a reassembled PDU]"
"40231","34.075285700","192.168.1.55","192.168.1.2","TCP","1514","8004  >  36286 [ACK] Seq=396942 Ack=144 Win=65024 Len=1448 TSval=2916038155 TSecr=3045557928 [TCP segment of a reassembled PDU]"
"40232","34.075286700","192.168.1.55","192.168.1.2","TCP","1514","8004  >  36286 [ACK] Seq=398390 Ack=144 Win=65024 Len=1448 TSval=2916038155 TSecr=3045557928 [TCP segment of a reassembled PDU]"
"40233","34.075287904","192.168.1.55","192.168.1.2","TCP","1514","8004  >  36286 [ACK] Seq=399838 Ack=144 Win=65024 Len=1448 TSval=2916038155 TSecr=3045557928 [TCP segment of a reassembled PDU]"
"40234","34.075288848","192.168.1.55","192.168.1.2","TCP","1514","8004  >  36286 [ACK] Seq=401286 Ack=144 Win=65024 Len=1448 TSval=2916038155 TSecr=3045557928 [TCP segment of a reassembled PDU]"
"40235","34.075301052","192.168.1.55","192.168.1.2","TCP","1514","8004  >  36286 [PSH, ACK] Seq=402734 Ack=144 Win=65024 Len=1448 TSval=2916038155 TSecr=3045557928 [TCP segment of a reassembled PDU]"
"40236","34.075305589","192.168.1.2","192.168.1.55","TCP","66","36286  >  8004 [ACK] Seq=144 Ack=322470 Win=120832 Len=0 TSval=3045557929 TSecr=2916038146"
"40237","34.075352015","192.168.1.55","192.168.1.2","TCP","1514","8004  >  36286 [ACK] Seq=404182 Ack=144 Win=65024 Len=1448 TSval=2916038156 TSecr=3045557929 [TCP segment of a reassembled PDU]"
"40238","34.075354737","192.168.1.55","192.168.1.2","TCP","1514","8004  >  36286 [ACK] Seq=405630 Ack=144 Win=65024 Len=1448 TSval=2916038156 TSecr=3045557929 [TCP segment of a reassembled PDU]"
"40239","34.075355848","192.168.1.55","192.168.1.2","TCP","1514","8004  >  36286 [ACK] Seq=407078 Ack=144 Win=65024 Len=1448 TSval=2916038156 TSecr=3045557929 [TCP segment of a reassembled PDU]"
"40240","34.075356941","192.168.1.55","192.168.1.2","TCP","1514","8004  >  36286 [ACK] Seq=408526 Ack=144 Win=65024 Len=1448 TSval=2916038156 TSecr=3045557929 [TCP segment of a reassembled PDU]"
"40241","34.075358293","192.168.1.55","192.168.1.2","TCP","1514","8004  >  36286 [ACK] Seq=409974 Ack=144 Win=65024 Len=1448 TSval=2916038156 TSecr=3045557929 [TCP segment of a reassembled PDU]"
"40242","34.075359385","192.168.1.55","192.168.1.2","TCP","1514","8004  >  36286 [ACK] Seq=411422 Ack=144 Win=65024 Len=1448 TSval=2916038156 TSecr=3045557929 [TCP segment of a reassembled PDU]"
"40243","34.075360719","192.168.1.55","192.168.1.2","TCP","1514","8004  >  36286 [ACK] Seq=412870 Ack=144 Win=65024 Len=1448 TSval=2916038156 TSecr=3045557929 [TCP segment of a reassembled PDU]"
"40244","34.075361885","192.168.1.55","192.168.1.2","TCP","1514","8004  >  36286 [ACK] Seq=414318 Ack=144 Win=65024 Len=1448 TSval=2916038156 TSecr=3045557929 [TCP segment of a reassembled PDU]"
"40245","34.075363126","192.168.1.55","192.168.1.2","TCP","1514","8004  >  36286 [ACK] Seq=415766 Ack=144 Win=65024 Len=1448 TSval=2916038156 TSecr=3045557929 [TCP segment of a reassembled PDU]"
"40246","34.075364293","192.168.1.55","192.168.1.2","TCP","1514","8004  >  36286 [ACK] Seq=417214 Ack=144 Win=65024 Len=1448 TSval=2916038156 TSecr=3045557929 [TCP segment of a reassembled PDU]"
"40247","34.075365330","192.168.1.55","192.168.1.2","TCP","1514","8004  >  36286 [ACK] Seq=418662 Ack=144 Win=65024 Len=1448 TSval=2916038156 TSecr=3045557929 [TCP segment of a reassembled PDU]"
"40248","34.075366682","192.168.1.55","192.168.1.2","TCP","1514","8004  >  36286 [ACK] Seq=420110 Ack=144 Win=65024 Len=1448 TSval=2916038156 TSecr=3045557929 [TCP segment of a reassembled PDU]"
"40249","34.075367811","192.168.1.55","192.168.1.2","TCP","1514","8004  >  36286 [ACK] Seq=421558 Ack=144 Win=65024 Len=1448 TSval=2916038156 TSecr=3045557929 [TCP segment of a reassembled PDU]"
"40250","34.075368904","192.168.1.55","192.168.1.2","TCP","1514","8004  >  36286 [ACK] Seq=423006 Ack=144 Win=65024 Len=1448 TSval=2916038156 TSecr=3045557929 [TCP segment of a reassembled PDU]"
"40251","34.075369885","192.168.1.55","192.168.1.2","TCP","1514","8004  >  36286 [ACK] Seq=424454 Ack=144 Win=65024 Len=1448 TSval=2916038156 TSecr=3045557929 [TCP segment of a reassembled PDU]"
"40252","34.075370978","192.168.1.55","192.168.1.2","TCP","1514","8004  >  36286 [ACK] Seq=425902 Ack=144 Win=65024 Len=1448 TSval=2916038156 TSecr=3045557929 [TCP segment of a reassembled PDU]"
"40253","34.075372256","192.168.1.55","192.168.1.2","TCP","1514","8004  >  36286 [ACK] Seq=427350 Ack=144 Win=65024 Len=1448 TSval=2916038156 TSecr=3045557929 [TCP segment of a reassembled PDU]"
"40254","34.075373422","192.168.1.55","192.168.1.2","TCP","1514","8004  >  36286 [ACK] Seq=428798 Ack=144 Win=65024 Len=1448 TSval=2916038156 TSecr=3045557929 [TCP segment of a reassembled PDU]"
"40255","34.075374515","192.168.1.55","192.168.1.2","TCP","1514","8004  >  36286 [ACK] Seq=430246 Ack=144 Win=65024 Len=1448 TSval=2916038156 TSecr=3045557929 [TCP segment of a reassembled PDU]"
"40256","34.075375922","192.168.1.55","192.168.1.2","TCP","1514","8004  >  36286 [ACK] Seq=431694 Ack=144 Win=65024 Len=1448 TSval=2916038156 TSecr=3045557929 [TCP segment of a reassembled PDU]"
"40257","34.075377182","192.168.1.55","192.168.1.2","TCP","1514","8004  >  36286 [ACK] Seq=433142 Ack=144 Win=65024 Len=1448 TSval=2916038156 TSecr=3045557929 [TCP segment of a reassembled PDU]"
"40258","34.075378645","192.168.1.55","192.168.1.2","TCP","1514","8004  >  36286 [ACK] Seq=434590 Ack=144 Win=65024 Len=1448 TSval=2916038156 TSecr=3045557929 [TCP segment of a reassembled PDU]"
"40259","34.075379904","192.168.1.55","192.168.1.2","TCP","1514","8004  >  36286 [ACK] Seq=436038 Ack=144 Win=65024 Len=1448 TSval=2916038156 TSecr=3045557929 [TCP segment of a reassembled PDU]"
"40260","34.075381163","192.168.1.55","192.168.1.2","TCP","1514","8004  >  36286 [ACK] Seq=437486 Ack=144 Win=65024 Len=1448 TSval=2916038156 TSecr=3045557929 [TCP segment of a reassembled PDU]"
"40261","34.075382311","192.168.1.55","192.168.1.2","TCP","1514","8004  >  36286 [ACK] Seq=438934 Ack=144 Win=65024 Len=1448 TSval=2916038156 TSecr=3045557929 [TCP segment of a reassembled PDU]"
"40262","34.075383478","192.168.1.55","192.168.1.2","TCP","1514","8004  >  36286 [ACK] Seq=440382 Ack=144 Win=65024 Len=1448 TSval=2916038156 TSecr=3045557929 [TCP segment of a reassembled PDU]"
"40263","34.075384793","192.168.1.55","192.168.1.2","TCP","1514","8004  >  36286 [PSH, ACK] Seq=441830 Ack=144 Win=65024 Len=1448 TSval=2916038156 TSecr=3045557929 [TCP segment of a reassembled PDU]"
"40264","34.079182225","192.168.1.2","192.168.1.55","TCP","66","36286  >  8004 [ACK] Seq=144 Ack=323094 Win=126976 Len=0 TSval=3045557930 TSecr=2916038152"
"40265","34.079208188","192.168.1.55","192.168.1.2","TCP","1514","8004  >  36286 [PSH, ACK] Seq=443278 Ack=144 Win=65024 Len=1448 TSval=2916038159 TSecr=3045557930 [TCP segment of a reassembled PDU]"
"40266","34.080901265","192.168.1.2","192.168.1.55","TCP","66","36286  >  8004 [ACK] Seq=144 Ack=346262 Win=126976 Len=0 TSval=3045557932 TSecr=2916038155"
"40267","34.080940394","192.168.1.55","192.168.1.2","TCP","1514","8004  >  36286 [ACK] Seq=444726 Ack=144 Win=65024 Len=1448 TSval=2916038161 TSecr=3045557932 [TCP segment of a reassembled PDU]"
"40268","34.080943876","192.168.1.55","192.168.1.2","TCP","1514","8004  >  36286 [ACK] Seq=446174 Ack=144 Win=65024 Len=1448 TSval=2916038161 TSecr=3045557932 [TCP segment of a reassembled PDU]"
"40269","34.080945542","192.168.1.55","192.168.1.2","TCP","1514","8004  >  36286 [ACK] Seq=447622 Ack=144 Win=65024 Len=1448 TSval=2916038161 TSecr=3045557932 [TCP segment of a reassembled PDU]"
"40270","34.080946598","192.168.1.55","192.168.1.2","TCP","1514","8004  >  36286 [ACK] Seq=449070 Ack=144 Win=65024 Len=1448 TSval=2916038161 TSecr=3045557932 [TCP segment of a reassembled PDU]"
"40271","34.080947598","192.168.1.55","192.168.1.2","TCP","1514","8004  >  36286 [ACK] Seq=450518 Ack=144 Win=65024 Len=1448 TSval=2916038161 TSecr=3045557932 [TCP segment of a reassembled PDU]"
"40272","34.080948857","192.168.1.55","192.168.1.2","TCP","1514","8004  >  36286 [ACK] Seq=451966 Ack=144 Win=65024 Len=1448 TSval=2916038161 TSecr=3045557932 [TCP segment of a reassembled PDU]"
"40273","34.080949894","192.168.1.55","192.168.1.2","TCP","1514","8004  >  36286 [ACK] Seq=453414 Ack=144 Win=65024 Len=1448 TSval=2916038161 TSecr=3045557932 [TCP segment of a reassembled PDU]"
"40274","34.080950987","192.168.1.55","192.168.1.2","TCP","1514","8004  >  36286 [ACK] Seq=454862 Ack=144 Win=65024 Len=1448 TSval=2916038161 TSecr=3045557932 [TCP segment of a reassembled PDU]"
"40275","34.080952135","192.168.1.55","192.168.1.2","TCP","1514","8004  >  36286 [ACK] Seq=456310 Ack=144 Win=65024 Len=1448 TSval=2916038161 TSecr=3045557932 [TCP segment of a reassembled PDU]"
"40276","34.080953117","192.168.1.55","192.168.1.2","TCP","1514","8004  >  36286 [ACK] Seq=457758 Ack=144 Win=65024 Len=1448 TSval=2916038161 TSecr=3045557932 [TCP segment of a reassembled PDU]"
"40277","34.080954080","192.168.1.55","192.168.1.2","TCP","1514","8004  >  36286 [ACK] Seq=459206 Ack=144 Win=65024 Len=1448 TSval=2916038161 TSecr=3045557932 [TCP segment of a reassembled PDU]"
"40278","34.080955839","192.168.1.55","192.168.1.2","TCP","1514","8004  >  36286 [ACK] Seq=460654 Ack=144 Win=65024 Len=1448 TSval=2916038161 TSecr=3045557932 [TCP segment of a reassembled PDU]"
"40279","34.080957098","192.168.1.55","192.168.1.2","TCP","1514","8004  >  36286 [ACK] Seq=462102 Ack=144 Win=65024 Len=1448 TSval=2916038161 TSecr=3045557932 [TCP segment of a reassembled PDU]"
"40280","34.080958098","192.168.1.55","192.168.1.2","TCP","1514","8004  >  36286 [ACK] Seq=463550 Ack=144 Win=65024 Len=1448 TSval=2916038161 TSecr=3045557932 [TCP segment of a reassembled PDU]"
"40281","34.080959209","192.168.1.55","192.168.1.2","TCP","1514","8004  >  36286 [ACK] Seq=464998 Ack=144 Win=65024 Len=1448 TSval=2916038161 TSecr=3045557932 [TCP segment of a reassembled PDU]"
"40282","34.080960191","192.168.1.55","192.168.1.2","TCP","1514","8004  >  36286 [ACK] Seq=466446 Ack=144 Win=65024 Len=1448 TSval=2916038161 TSecr=3045557932 [TCP segment of a reassembled PDU]"
"40283","34.080961228","192.168.1.55","192.168.1.2","TCP","1514","8004  >  36286 [ACK] Seq=467894 Ack=144 Win=65024 Len=1448 TSval=2916038161 TSecr=3045557932 [TCP segment of a reassembled PDU]"
"40284","34.080962191","192.168.1.55","192.168.1.2","TCP","1514","8004  >  36286 [ACK] Seq=469342 Ack=144 Win=65024 Len=1448 TSval=2916038161 TSecr=3045557932 [TCP segment of a reassembled PDU]"
"40285","34.080963154","192.168.1.55","192.168.1.2","TCP","1514","8004  >  36286 [ACK] Seq=470790 Ack=144 Win=65024 Len=1448 TSval=2916038161 TSecr=3045557932 [TCP segment of a reassembled PDU]"
"40286","34.080964728","192.168.1.55","192.168.1.2","TCP","1066","[TCP Window Full] 8004  >  36286 [PSH, ACK] Seq=472238 Ack=144 Win=65024 Len=1000 TSval=2916038161 TSecr=3045557932 [TCP segment of a reassembled PDU]"
"40287","34.081734710","192.168.1.2","192.168.1.55","TCP","66","36286  >  8004 [ACK] Seq=144 Ack=352054 Win=138240 Len=0 TSval=3045557937 TSecr=2916038155"
"40288","34.081750970","192.168.1.55","192.168.1.2","TCP","1514","8004  >  36286 [ACK] Seq=473238 Ack=144 Win=65024 Len=1448 TSval=2916038162 TSecr=3045557937 [TCP segment of a reassembled PDU]"
"40289","34.081752099","192.168.1.55","192.168.1.2","TCP","1514","8004  >  36286 [ACK] Seq=474686 Ack=144 Win=65024 Len=1448 TSval=2916038162 TSecr=3045557937 [TCP segment of a reassembled PDU]"
"40290","34.081753025","192.168.1.55","192.168.1.2","TCP","1514","8004  >  36286 [ACK] Seq=476134 Ack=144 Win=65024 Len=1448 TSval=2916038162 TSecr=3045557937 [TCP segment of a reassembled PDU]"
"40291","34.081753951","192.168.1.55","192.168.1.2","TCP","1514","8004  >  36286 [ACK] Seq=477582 Ack=144 Win=65024 Len=1448 TSval=2916038162 TSecr=3045557937 [TCP segment of a reassembled PDU]"
"40292","34.081754970","192.168.1.55","192.168.1.2","TCP","1514","8004  >  36286 [ACK] Seq=479030 Ack=144 Win=65024 Len=1448 TSval=2916038162 TSecr=3045557937 [TCP segment of a reassembled PDU]"
"40293","34.081755877","192.168.1.55","192.168.1.2","TCP","1514","8004  >  36286 [ACK] Seq=480478 Ack=144 Win=65024 Len=1448 TSval=2916038162 TSecr=3045557937 [TCP segment of a reassembled PDU]"
"40294","34.081756766","192.168.1.55","192.168.1.2","TCP","1514","8004  >  36286 [ACK] Seq=481926 Ack=144 Win=65024 Len=1448 TSval=2916038162 TSecr=3045557937 [TCP segment of a reassembled PDU]"
"40295","34.081757710","192.168.1.55","192.168.1.2","TCP","1514","8004  >  36286 [PSH, ACK] Seq=483374 Ack=144 Win=65024 Len=1448 TSval=2916038162 TSecr=3045557937 [TCP segment of a reassembled PDU]"
"40296","34.081760988","192.168.1.55","192.168.1.2","TCP","514","8004  >  36286 [ACK] Seq=484822 Ack=144 Win=65024 Len=448 TSval=2916038162 TSecr=3045557937 [TCP segment of a reassembled PDU]"
"40297","34.081822729","192.168.1.2","192.168.1.55","TCP","66","36286  >  8004 [ACK] Seq=144 Ack=363638 Win=140288 Len=0 TSval=3045557937 TSecr=2916038155"
"40298","34.081840266","192.168.1.55","192.168.1.2","TCP","1514","8004  >  36286 [ACK] Seq=485270 Ack=144 Win=65024 Len=1448 TSval=2916038162 TSecr=3045557937 [TCP segment of a reassembled PDU]"
"40299","34.081842303","192.168.1.55","192.168.1.2","TCP","1514","8004  >  36286 [ACK] Seq=486718 Ack=144 Win=65024 Len=1448 TSval=2916038162 TSecr=3045557937 [TCP segment of a reassembled PDU]"
"40300","34.081843822","192.168.1.55","192.168.1.2","TCP","1514","8004  >  36286 [ACK] Seq=488166 Ack=144 Win=65024 Len=1448 TSval=2916038162 TSecr=3045557937 [TCP segment of a reassembled PDU]"
"40301","34.081845025","192.168.1.55","192.168.1.2","TCP","1514","8004  >  36286 [ACK] Seq=489614 Ack=144 Win=65024 Len=1448 TSval=2916038162 TSecr=3045557937 [TCP segment of a reassembled PDU]"
"40302","34.081845896","192.168.1.55","192.168.1.2","TCP","1514","8004  >  36286 [ACK] Seq=491062 Ack=144 Win=65024 Len=1448 TSval=2916038162 TSecr=3045557937 [TCP segment of a reassembled PDU]"
"40303","34.081847062","192.168.1.55","192.168.1.2","TCP","1514","8004  >  36286 [ACK] Seq=492510 Ack=144 Win=65024 Len=1448 TSval=2916038162 TSecr=3045557937 [TCP segment of a reassembled PDU]"
"40304","34.081848044","192.168.1.55","192.168.1.2","TCP","1514","8004  >  36286 [ACK] Seq=493958 Ack=144 Win=65024 Len=1448 TSval=2916038162 TSecr=3045557937 [TCP segment of a reassembled PDU]"
"40305","34.081849044","192.168.1.55","192.168.1.2","TCP","1514","8004  >  36286 [ACK] Seq=495406 Ack=144 Win=65024 Len=1448 TSval=2916038162 TSecr=3045557937 [TCP segment of a reassembled PDU]"
"40306","34.081850229","192.168.1.55","192.168.1.2","TCP","1514","8004  >  36286 [PSH, ACK] Seq=496854 Ack=144 Win=65024 Len=1448 TSval=2916038162 TSecr=3045557937 [TCP segment of a reassembled PDU]"
"40307","34.081853674","192.168.1.55","192.168.1.2","HTTP","222","HTTP/1.0 200 OK  (PNG)"
"40308","34.081856544","192.168.1.2","192.168.1.55","TCP","66","36286  >  8004 [ACK] Seq=144 Ack=404182 Win=124928 Len=0 TSval=3045557937 TSecr=2916038155"
"40309","34.081862174","192.168.1.2","192.168.1.55","TCP","66","36286  >  8004 [ACK] Seq=144 Ack=436038 Win=131072 Len=0 TSval=3045557937 TSecr=2916038156"
"40310","34.085536587","192.168.1.2","192.168.1.55","TCP","66","36286  >  8004 [ACK] Seq=144 Ack=443278 Win=152576 Len=0 TSval=3045557941 TSecr=2916038156"
"40311","34.085655513","192.168.1.2","192.168.1.55","TCP","66","36286  >  8004 [ACK] Seq=144 Ack=484822 Win=124928 Len=0 TSval=3045557941 TSecr=2916038159"
"40312","34.085663994","192.168.1.2","192.168.1.55","TCP","66","36286  >  8004 [ACK] Seq=144 Ack=498302 Win=113664 Len=0 TSval=3045557941 TSecr=2916038162"
"40313","34.087055663","192.168.1.2","192.168.1.55","TCP","66","36286  >  8004 [FIN, ACK] Seq=144 Ack=498459 Win=152576 Len=0 TSval=3045557941 TSecr=2916038162"
"40314","34.087069960","192.168.1.55","192.168.1.2","TCP","66","8004  >  36286 [ACK] Seq=498459 Ack=145 Win=65024 Len=0 TSval=2916038167 TSecr=3045557941"
"40315","34.087167719","192.168.1.2","192.168.1.55","TCP","74","36302  >  8004 [SYN] Seq=0 Win=64240 Len=0 MSS=1460 SACK_PERM TSval=3045557941 TSecr=0 WS=1024"
"40316","34.087189034","192.168.1.55","192.168.1.2","TCP","74","8004  >  36302 [SYN, ACK] Seq=0 Ack=1 Win=65160 Len=0 MSS=1460 SACK_PERM TSval=2916038167 TSecr=3045557941 WS=128"
"40317","34.092462339","192.168.1.2","192.168.1.55","TCP","66","36302  >  8004 [ACK] Seq=1 Ack=1 Win=64512 Len=0 TSval=3045557945 TSecr=2916038167"
"40318","34.093640192","192.168.1.2","192.168.1.55","HTTP","206","GET /stego_benchmark.png HTTP/1.1 "
"40319","34.093693674","192.168.1.55","192.168.1.2","TCP","66","8004  >  36302 [ACK] Seq=1 Ack=141 Win=65024 Len=0 TSval=2916038174 TSecr=3045557945"
"40320","34.094379064","192.168.1.55","192.168.1.2","TCP","255","8004  >  36302 [PSH, ACK] Seq=1 Ack=141 Win=65024 Len=189 TSval=2916038175 TSecr=3045557945 [TCP segment of a reassembled PDU]"
"40321","34.094485009","192.168.1.55","192.168.1.2","TCP","1514","8004  >  36302 [ACK] Seq=190 Ack=141 Win=65024 Len=1448 TSval=2916038175 TSecr=3045557945 [TCP segment of a reassembled PDU]"
"40322","34.094488323","192.168.1.55","192.168.1.2","TCP","1514","8004  >  36302 [ACK] Seq=1638 Ack=141 Win=65024 Len=1448 TSval=2916038175 TSecr=3045557945 [TCP segment of a reassembled PDU]"
"40323","34.094489546","192.168.1.55","192.168.1.2","TCP","1514","8004  >  36302 [ACK] Seq=3086 Ack=141 Win=65024 Len=1448 TSval=2916038175 TSecr=3045557945 [TCP segment of a reassembled PDU]"
"40324","34.094491397","192.168.1.55","192.168.1.2","TCP","1514","8004  >  36302 [ACK] Seq=4534 Ack=141 Win=65024 Len=1448 TSval=2916038175 TSecr=3045557945 [TCP segment of a reassembled PDU]"
"40325","34.094492860","192.168.1.55","192.168.1.2","TCP","1514","8004  >  36302 [PSH, ACK] Seq=5982 Ack=141 Win=65024 Len=1448 TSval=2916038175 TSecr=3045557945 [TCP segment of a reassembled PDU]"
"40326","34.094701138","192.168.1.55","192.168.1.2","TCP","1514","8004  >  36302 [ACK] Seq=7430 Ack=141 Win=65024 Len=1448 TSval=2916038175 TSecr=3045557945 [TCP segment of a reassembled PDU]"
"40327","34.094706342","192.168.1.55","192.168.1.2","TCP","1514","8004  >  36302 [ACK] Seq=8878 Ack=141 Win=65024 Len=1448 TSval=2916038175 TSecr=3045557945 [TCP segment of a reassembled PDU]"
"40328","34.094707638","192.168.1.55","192.168.1.2","TCP","1514","8004  >  36302 [ACK] Seq=10326 Ack=141 Win=65024 Len=1448 TSval=2916038175 TSecr=3045557945 [TCP segment of a reassembled PDU]"
"40329","34.094709453","192.168.1.55","192.168.1.2","TCP","1514","8004  >  36302 [PSH, ACK] Seq=11774 Ack=141 Win=65024 Len=1448 TSval=2916038175 TSecr=3045557945 [TCP segment of a reassembled PDU]"
"40330","34.099537017","192.168.1.2","192.168.1.55","TCP","66","36302  >  8004 [ACK] Seq=141 Ack=190 Win=64512 Len=0 TSval=3045557953 TSecr=2916038175"
"40331","34.099661554","192.168.1.55","192.168.1.2","TCP","1514","8004  >  36302 [ACK] Seq=13222 Ack=141 Win=65024 Len=1448 TSval=2916038180 TSecr=3045557953 [TCP segment of a reassembled PDU]"
"40332","34.099672258","192.168.1.55","192.168.1.2","TCP","1514","8004  >  36302 [PSH, ACK] Seq=14670 Ack=141 Win=65024 Len=1448 TSval=2916038180 TSecr=3045557953 [TCP segment of a reassembled PDU]"
"40333","34.099773054","192.168.1.2","192.168.1.55","TCP","66","36302  >  8004 [ACK] Seq=141 Ack=3086 Win=70656 Len=0 TSval=3045557953 TSecr=2916038175"
"40334","34.099793850","192.168.1.2","192.168.1.55","TCP","66","36302  >  8004 [ACK] Seq=141 Ack=7430 Win=79872 Len=0 TSval=3045557953 TSecr=2916038175"
"40335","34.099845962","192.168.1.55","192.168.1.2","TCP","1514","8004  >  36302 [ACK] Seq=16118 Ack=141 Win=65024 Len=1448 TSval=2916038180 TSecr=3045557953 [TCP segment of a reassembled PDU]"
"40336","34.099848647","192.168.1.55","192.168.1.2","TCP","1514","8004  >  36302 [ACK] Seq=17566 Ack=141 Win=65024 Len=1448 TSval=2916038180 TSecr=3045557953 [TCP segment of a reassembled PDU]"
"40337","34.099850147","192.168.1.55","192.168.1.2","TCP","1514","8004  >  36302 [ACK] Seq=19014 Ack=141 Win=65024 Len=1448 TSval=2916038180 TSecr=3045557953 [TCP segment of a reassembled PDU]"
"40338","34.099851924","192.168.1.55","192.168.1.2","TCP","1514","8004  >  36302 [ACK] Seq=20462 Ack=141 Win=65024 Len=1448 TSval=2916038180 TSecr=3045557953 [TCP segment of a reassembled PDU]"
"40339","34.099853924","192.168.1.55","192.168.1.2","TCP","1514","8004  >  36302 [ACK] Seq=21910 Ack=141 Win=65024 Len=1448 TSval=2916038180 TSecr=3045557953 [TCP segment of a reassembled PDU]"
"40340","34.099855406","192.168.1.55","192.168.1.2","TCP","1514","8004  >  36302 [ACK] Seq=23358 Ack=141 Win=65024 Len=1448 TSval=2916038180 TSecr=3045557953 [TCP segment of a reassembled PDU]"
"40341","34.099856943","192.168.1.55","192.168.1.2","TCP","1514","8004  >  36302 [ACK] Seq=24806 Ack=141 Win=65024 Len=1448 TSval=2916038180 TSecr=3045557953 [TCP segment of a reassembled PDU]"
"40342","34.099859091","192.168.1.55","192.168.1.2","TCP","1514","8004  >  36302 [PSH, ACK] Seq=26254 Ack=141 Win=65024 Len=1448 TSval=2916038180 TSecr=3045557953 [TCP segment of a reassembled PDU]"
"40343","34.099864480","192.168.1.2","192.168.1.55","TCP","66","36302  >  8004 [ACK] Seq=141 Ack=13222 Win=81920 Len=0 TSval=3045557953 TSecr=2916038175"
"40344","34.100395333","192.168.1.55","192.168.1.2","TCP","1514","8004  >  36302 [ACK] Seq=27702 Ack=141 Win=65024 Len=1448 TSval=2916038181 TSecr=3045557953 [TCP segment of a reassembled PDU]"
"40345","34.100402314","192.168.1.55","192.168.1.2","TCP","1514","8004  >  36302 [ACK] Seq=29150 Ack=141 Win=65024 Len=1448 TSval=2916038181 TSecr=3045557953 [TCP segment of a reassembled PDU]"
"40346","34.100404148","192.168.1.55","192.168.1.2","TCP","1514","8004  >  36302 [ACK] Seq=30598 Ack=141 Win=65024 Len=1448 TSval=2916038181 TSecr=3045557953 [TCP segment of a reassembled PDU]"
"40347","34.100405518","192.168.1.55","192.168.1.2","TCP","1514","8004  >  36302 [ACK] Seq=32046 Ack=141 Win=65024 Len=1448 TSval=2916038181 TSecr=3045557953 [TCP segment of a reassembled PDU]"
"40348","34.100407962","192.168.1.55","192.168.1.2","TCP","1514","8004  >  36302 [ACK] Seq=33494 Ack=141 Win=65024 Len=1448 TSval=2916038181 TSecr=3045557953 [TCP segment of a reassembled PDU]"
"40349","34.100409333","192.168.1.55","192.168.1.2","TCP","1514","8004  >  36302 [ACK] Seq=34942 Ack=141 Win=65024 Len=1448 TSval=2916038181 TSecr=3045557953 [TCP segment of a reassembled PDU]"
"40350","34.100411962","192.168.1.55","192.168.1.2","TCP","1514","8004  >  36302 [ACK] Seq=36390 Ack=141 Win=65024 Len=1448 TSval=2916038181 TSecr=3045557953 [TCP segment of a reassembled PDU]"
"40351","34.100413499","192.168.1.55","192.168.1.2","TCP","1514","8004  >  36302 [ACK] Seq=37838 Ack=141 Win=65024 Len=1448 TSval=2916038181 TSecr=3045557953 [TCP segment of a reassembled PDU]"
"40352","34.100415092","192.168.1.55","192.168.1.2","TCP","1514","8004  >  36302 [ACK] Seq=39286 Ack=141 Win=65024 Len=1448 TSval=2916038181 TSecr=3045557953 [TCP segment of a reassembled PDU]"
"40353","34.100417314","192.168.1.55","192.168.1.2","TCP","1514","8004  >  36302 [PSH, ACK] Seq=40734 Ack=141 Win=65024 Len=1448 TSval=2916038181 TSecr=3045557953 [TCP segment of a reassembled PDU]"
"40354","34.104740951","192.168.1.2","192.168.1.55","TCP","66","36302  >  8004 [ACK] Seq=141 Ack=16118 Win=87040 Len=0 TSval=3045557959 TSecr=2916038180"
"40355","34.104781821","192.168.1.55","192.168.1.2","TCP","1514","8004  >  36302 [ACK] Seq=42182 Ack=141 Win=65024 Len=1448 TSval=2916038185 TSecr=3045557959 [TCP segment of a reassembled PDU]"
"40356","34.104785655","192.168.1.55","192.168.1.2","TCP","1514","8004  >  36302 [PSH, ACK] Seq=43630 Ack=141 Win=65024 Len=1448 TSval=2916038185 TSecr=3045557959 [TCP segment of a reassembled PDU]"
"40357","34.104989192","192.168.1.2","192.168.1.55","TCP","66","36302  >  8004 [ACK] Seq=141 Ack=27702 Win=79872 Len=0 TSval=3045557959 TSecr=2916038180"
"40358","34.105018655","192.168.1.55","192.168.1.2","TCP","1514","8004  >  36302 [ACK] Seq=45078 Ack=141 Win=65024 Len=1448 TSval=2916038185 TSecr=3045557959 [TCP segment of a reassembled PDU]"
"40359","34.105021988","192.168.1.55","192.168.1.2","TCP","1514","8004  >  36302 [ACK] Seq=46526 Ack=141 Win=65024 Len=1448 TSval=2916038185 TSecr=3045557959 [TCP segment of a reassembled PDU]"
"40360","34.105023173","192.168.1.55","192.168.1.2","TCP","1514","8004  >  36302 [ACK] Seq=47974 Ack=141 Win=65024 Len=1448 TSval=2916038185 TSecr=3045557959 [TCP segment of a reassembled PDU]"
"40361","34.105024414","192.168.1.55","192.168.1.2","TCP","1514","8004  >  36302 [ACK] Seq=49422 Ack=141 Win=65024 Len=1448 TSval=2916038185 TSecr=3045557959 [TCP segment of a reassembled PDU]"
"40362","34.105025914","192.168.1.55","192.168.1.2","TCP","1514","8004  >  36302 [ACK] Seq=50870 Ack=141 Win=65024 Len=1448 TSval=2916038185 TSecr=3045557959 [TCP segment of a reassembled PDU]"
"40363","34.105027099","192.168.1.55","192.168.1.2","TCP","1514","8004  >  36302 [ACK] Seq=52318 Ack=141 Win=65024 Len=1448 TSval=2916038185 TSecr=3045557959 [TCP segment of a reassembled PDU]"
"40364","34.105029099","192.168.1.55","192.168.1.2","TCP","1514","8004  >  36302 [ACK] Seq=53766 Ack=141 Win=65024 Len=1448 TSval=2916038185 TSecr=3045557959 [TCP segment of a reassembled PDU]"
"40365","34.105030192","192.168.1.55","192.168.1.2","TCP","1514","8004  >  36302 [ACK] Seq=55214 Ack=141 Win=65024 Len=1448 TSval=2916038185 TSecr=3045557959 [TCP segment of a reassembled PDU]"
"40366","34.105031211","192.168.1.55","192.168.1.2","TCP","1514","8004  >  36302 [ACK] Seq=56662 Ack=141 Win=65024 Len=1448 TSval=2916038185 TSecr=3045557959 [TCP segment of a reassembled PDU]"
"40367","34.105032655","192.168.1.55","192.168.1.2","TCP","1514","8004  >  36302 [ACK] Seq=58110 Ack=141 Win=65024 Len=1448 TSval=2916038185 TSecr=3045557959 [TCP segment of a reassembled PDU]"
"40368","34.105034581","192.168.1.55","192.168.1.2","TCP","1514","8004  >  36302 [ACK] Seq=59558 Ack=141 Win=65024 Len=1448 TSval=2916038185 TSecr=3045557959 [TCP segment of a reassembled PDU]"
"40369","34.105036229","192.168.1.55","192.168.1.2","TCP","1514","8004  >  36302 [ACK] Seq=61006 Ack=141 Win=65024 Len=1448 TSval=2916038185 TSecr=3045557959 [TCP segment of a reassembled PDU]"
"40370","34.105037840","192.168.1.55","192.168.1.2","TCP","1514","8004  >  36302 [ACK] Seq=62454 Ack=141 Win=65024 Len=1448 TSval=2916038185 TSecr=3045557959 [TCP segment of a reassembled PDU]"
"40371","34.105039192","192.168.1.55","192.168.1.2","TCP","1514","8004  >  36302 [ACK] Seq=63902 Ack=141 Win=65024 Len=1448 TSval=2916038185 TSecr=3045557959 [TCP segment of a reassembled PDU]"
"40372","34.105040192","192.168.1.55","192.168.1.2","TCP","1514","8004  >  36302 [PSH, ACK] Seq=65350 Ack=141 Win=65024 Len=1448 TSval=2916038185 TSecr=3045557959 [TCP segment of a reassembled PDU]"
"40373","34.105044896","192.168.1.2","192.168.1.55","TCP","66","36302  >  8004 [ACK] Seq=141 Ack=36390 Win=71680 Len=0 TSval=3045557959 TSecr=2916038181"
"40374","34.105071062","192.168.1.55","192.168.1.2","TCP","1514","8004  >  36302 [ACK] Seq=66798 Ack=141 Win=65024 Len=1448 TSval=2916038185 TSecr=3045557959 [TCP segment of a reassembled PDU]"
"40375","34.105074118","192.168.1.55","192.168.1.2","TCP","1514","8004  >  36302 [ACK] Seq=68246 Ack=141 Win=65024 Len=1448 TSval=2916038185 TSecr=3045557959 [TCP segment of a reassembled PDU]"
"40376","34.105075211","192.168.1.55","192.168.1.2","TCP","1514","8004  >  36302 [ACK] Seq=69694 Ack=141 Win=65024 Len=1448 TSval=2916038185 TSecr=3045557959 [TCP segment of a reassembled PDU]"
"40377","34.105076266","192.168.1.55","192.168.1.2","TCP","1514","8004  >  36302 [ACK] Seq=71142 Ack=141 Win=65024 Len=1448 TSval=2916038185 TSecr=3045557959 [TCP segment of a reassembled PDU]"
"40378","34.105078785","192.168.1.55","192.168.1.2","TCP","1514","8004  >  36302 [ACK] Seq=72590 Ack=141 Win=65024 Len=1448 TSval=2916038185 TSecr=3045557959 [TCP segment of a reassembled PDU]"
"40379","34.105080433","192.168.1.55","192.168.1.2","TCP","1514","8004  >  36302 [ACK] Seq=74038 Ack=141 Win=65024 Len=1448 TSval=2916038185 TSecr=3045557959 [TCP segment of a reassembled PDU]"
"40380","34.105081544","192.168.1.55","192.168.1.2","TCP","1514","8004  >  36302 [PSH, ACK] Seq=75486 Ack=141 Win=65024 Len=1448 TSval=2916038185 TSecr=3045557959 [TCP segment of a reassembled PDU]"
"40381","34.105090025","192.168.1.2","192.168.1.55","TCP","66","36302  >  8004 [ACK] Seq=141 Ack=39286 Win=90112 Len=0 TSval=3045557959 TSecr=2916038181"
"40382","34.105095062","192.168.1.2","192.168.1.55","TCP","66","36302  >  8004 [ACK] Seq=141 Ack=42182 Win=90112 Len=0 TSval=3045557959 TSecr=2916038181"
"40383","34.105951860","192.168.1.55","192.168.1.2","TCP","1514","8004  >  36302 [ACK] Seq=76934 Ack=141 Win=65024 Len=1448 TSval=2916038186 TSecr=3045557959 [TCP segment of a reassembled PDU]"
"40384","34.105956416","192.168.1.55","192.168.1.2","TCP","1514","8004  >  36302 [ACK] Seq=78382 Ack=141 Win=65024 Len=1448 TSval=2916038186 TSecr=3045557959 [TCP segment of a reassembled PDU]"
"40385","34.105958416","192.168.1.55","192.168.1.2","TCP","1514","8004  >  36302 [ACK] Seq=79830 Ack=141 Win=65024 Len=1448 TSval=2916038186 TSecr=3045557959 [TCP segment of a reassembled PDU]"
"40386","34.105960397","192.168.1.55","192.168.1.2","TCP","1514","8004  >  36302 [ACK] Seq=81278 Ack=141 Win=65024 Len=1448 TSval=2916038186 TSecr=3045557959 [TCP segment of a reassembled PDU]"
"40387","34.105961564","192.168.1.55","192.168.1.2","TCP","1514","8004  >  36302 [ACK] Seq=82726 Ack=141 Win=65024 Len=1448 TSval=2916038186 TSecr=3045557959 [TCP segment of a reassembled PDU]"
"40388","34.105964249","192.168.1.55","192.168.1.2","TCP","1514","8004  >  36302 [ACK] Seq=84174 Ack=141 Win=65024 Len=1448 TSval=2916038186 TSecr=3045557959 [TCP segment of a reassembled PDU]"
"40389","34.105965805","192.168.1.55","192.168.1.2","TCP","1514","8004  >  36302 [ACK] Seq=85622 Ack=141 Win=65024 Len=1448 TSval=2916038186 TSecr=3045557959 [TCP segment of a reassembled PDU]"
"40390","34.105967453","192.168.1.55","192.168.1.2","TCP","1514","8004  >  36302 [ACK] Seq=87070 Ack=141 Win=65024 Len=1448 TSval=2916038186 TSecr=3045557959 [TCP segment of a reassembled PDU]"
"40391","34.105969008","192.168.1.55","192.168.1.2","TCP","1514","8004  >  36302 [ACK] Seq=88518 Ack=141 Win=65024 Len=1448 TSval=2916038186 TSecr=3045557959 [TCP segment of a reassembled PDU]"
"40392","34.105970453","192.168.1.55","192.168.1.2","TCP","1514","8004  >  36302 [ACK] Seq=89966 Ack=141 Win=65024 Len=1448 TSval=2916038186 TSecr=3045557959 [TCP segment of a reassembled PDU]"
"40393","34.105971749","192.168.1.55","192.168.1.2","TCP","1514","8004  >  36302 [ACK] Seq=91414 Ack=141 Win=65024 Len=1448 TSval=2916038186 TSecr=3045557959 [TCP segment of a reassembled PDU]"
"40394","34.105972860","192.168.1.55","192.168.1.2","TCP","1514","8004  >  36302 [ACK] Seq=92862 Ack=141 Win=65024 Len=1448 TSval=2916038186 TSecr=3045557959 [TCP segment of a reassembled PDU]"
"40395","34.105974212","192.168.1.55","192.168.1.2","TCP","1514","8004  >  36302 [ACK] Seq=94310 Ack=141 Win=65024 Len=1448 TSval=2916038186 TSecr=3045557959 [TCP segment of a reassembled PDU]"
"40396","34.105975323","192.168.1.55","192.168.1.2","TCP","1514","8004  >  36302 [ACK] Seq=95758 Ack=141 Win=65024 Len=1448 TSval=2916038186 TSecr=3045557959 [TCP segment of a reassembled PDU]"
"40397","34.105977249","192.168.1.55","192.168.1.2","TCP","1514","8004  >  36302 [ACK] Seq=97206 Ack=141 Win=65024 Len=1448 TSval=2916038186 TSecr=3045557959 [TCP segment of a reassembled PDU]"
"40398","34.105978823","192.168.1.55","192.168.1.2","TCP","1514","8004  >  36302 [PSH, ACK] Seq=98654 Ack=141 Win=65024 Len=1448 TSval=2916038186 TSecr=3045557959 [TCP segment of a reassembled PDU]"
"40399","34.110527904","192.168.1.2","192.168.1.55","TCP","66","36302  >  8004 [ACK] Seq=141 Ack=45078 Win=88064 Len=0 TSval=3045557964 TSecr=2916038185"
"40400","34.110562460","192.168.1.55","192.168.1.2","TCP","1514","8004  >  36302 [ACK] Seq=100102 Ack=141 Win=65024 Len=1448 TSval=2916038191 TSecr=3045557964 [TCP segment of a reassembled PDU]"
"40401","34.110566942","192.168.1.55","192.168.1.2","TCP","1514","8004  >  36302 [ACK] Seq=101550 Ack=141 Win=65024 Len=1448 TSval=2916038191 TSecr=3045557964 [TCP segment of a reassembled PDU]"
"40402","34.110568849","192.168.1.55","192.168.1.2","TCP","1514","8004  >  36302 [ACK] Seq=102998 Ack=141 Win=65024 Len=1448 TSval=2916038191 TSecr=3045557964 [TCP segment of a reassembled PDU]"
"40403","34.110570553","192.168.1.55","192.168.1.2","TCP","1514","8004  >  36302 [PSH, ACK] Seq=104446 Ack=141 Win=65024 Len=1448 TSval=2916038191 TSecr=3045557964 [TCP segment of a reassembled PDU]"
"40404","34.110829720","192.168.1.2","192.168.1.55","TCP","66","36302  >  8004 [ACK] Seq=141 Ack=66798 Win=67584 Len=0 TSval=3045557965 TSecr=2916038185"
"40405","34.110843942","192.168.1.55","192.168.1.2","TCP","1514","8004  >  36302 [ACK] Seq=105894 Ack=141 Win=65024 Len=1448 TSval=2916038191 TSecr=3045557965 [TCP segment of a reassembled PDU]"
"40406","34.110845516","192.168.1.55","192.168.1.2","TCP","1514","8004  >  36302 [ACK] Seq=107342 Ack=141 Win=65024 Len=1448 TSval=2916038191 TSecr=3045557965 [TCP segment of a reassembled PDU]"
"40407","34.110846535","192.168.1.55","192.168.1.2","TCP","1514","8004  >  36302 [ACK] Seq=108790 Ack=141 Win=65024 Len=1448 TSval=2916038191 TSecr=3045557965 [TCP segment of a reassembled PDU]"
"40408","34.110847646","192.168.1.55","192.168.1.2","TCP","1514","8004  >  36302 [ACK] Seq=110238 Ack=141 Win=65024 Len=1448 TSval=2916038191 TSecr=3045557965 [TCP segment of a reassembled PDU]"
"40409","34.110848664","192.168.1.55","192.168.1.2","TCP","1514","8004  >  36302 [ACK] Seq=111686 Ack=141 Win=65024 Len=1448 TSval=2916038191 TSecr=3045557965 [TCP segment of a reassembled PDU]"
"40410","34.110849683","192.168.1.55","192.168.1.2","TCP","1514","8004  >  36302 [ACK] Seq=113134 Ack=141 Win=65024 Len=1448 TSval=2916038191 TSecr=3045557965 [TCP segment of a reassembled PDU]"
"40411","34.110851164","192.168.1.55","192.168.1.2","TCP","1514","8004  >  36302 [ACK] Seq=114582 Ack=141 Win=65024 Len=1448 TSval=2916038191 TSecr=3045557965 [TCP segment of a reassembled PDU]"
"40412","34.110852275","192.168.1.55","192.168.1.2","TCP","1514","8004  >  36302 [PSH, ACK] Seq=116030 Ack=141 Win=65024 Len=1448 TSval=2916038191 TSecr=3045557965 [TCP segment of a reassembled PDU]"
"40413","34.110857349","192.168.1.2","192.168.1.55","TCP","66","36302  >  8004 [ACK] Seq=141 Ack=76934 Win=58368 Len=0 TSval=3045557965 TSecr=2916038185"
"40414","34.110862609","192.168.1.2","192.168.1.55","TCP","66","36302  >  8004 [ACK] Seq=141 Ack=95758 Win=65536 Len=0 TSval=3045557965 TSecr=2916038186"
"40415","34.110865201","192.168.1.2","192.168.1.55","TCP","66","36302  >  8004 [ACK] Seq=141 Ack=100102 Win=90112 Len=0 TSval=3045557966 TSecr=2916038186"
"40416","34.110915331","192.168.1.55","192.168.1.2","TCP","1514","8004  >  36302 [ACK] Seq=117478 Ack=141 Win=65024 Len=1448 TSval=2916038191 TSecr=3045557965 [TCP segment of a reassembled PDU]"
"40417","34.110919275","192.168.1.55","192.168.1.2","TCP","1514","8004  >  36302 [ACK] Seq=118926 Ack=141 Win=65024 Len=1448 TSval=2916038191 TSecr=3045557965 [TCP segment of a reassembled PDU]"
"40418","34.110920442","192.168.1.55","192.168.1.2","TCP","1514","8004  >  36302 [ACK] Seq=120374 Ack=141 Win=65024 Len=1448 TSval=2916038191 TSecr=3045557965 [TCP segment of a reassembled PDU]"
"40419","34.110921572","192.168.1.55","192.168.1.2","TCP","1514","8004  >  36302 [ACK] Seq=121822 Ack=141 Win=65024 Len=1448 TSval=2916038191 TSecr=3045557965 [TCP segment of a reassembled PDU]"
"40420","34.110922812","192.168.1.55","192.168.1.2","TCP","1514","8004  >  36302 [ACK] Seq=123270 Ack=141 Win=65024 Len=1448 TSval=2916038191 TSecr=3045557965 [TCP segment of a reassembled PDU]"
"40421","34.110923942","192.168.1.55","192.168.1.2","TCP","1514","8004  >  36302 [ACK] Seq=124718 Ack=141 Win=65024 Len=1448 TSval=2916038191 TSecr=3045557965 [TCP segment of a reassembled PDU]"
"40422","34.110925238","192.168.1.55","192.168.1.2","TCP","1514","8004  >  36302 [ACK] Seq=126166 Ack=141 Win=65024 Len=1448 TSval=2916038191 TSecr=3045557965 [TCP segment of a reassembled PDU]"
"40423","34.110926461","192.168.1.55","192.168.1.2","TCP","1514","8004  >  36302 [ACK] Seq=127614 Ack=141 Win=65024 Len=1448 TSval=2916038191 TSecr=3045557965 [TCP segment of a reassembled PDU]"
"40424","34.110927498","192.168.1.55","192.168.1.2","TCP","1514","8004  >  36302 [ACK] Seq=129062 Ack=141 Win=65024 Len=1448 TSval=2916038191 TSecr=3045557965 [TCP segment of a reassembled PDU]"
"40425","34.110928553","192.168.1.55","192.168.1.2","TCP","1514","8004  >  36302 [ACK] Seq=130510 Ack=141 Win=65024 Len=1448 TSval=2916038191 TSecr=3045557965 [TCP segment of a reassembled PDU]"
"40426","34.110929646","192.168.1.55","192.168.1.2","TCP","1514","8004  >  36302 [ACK] Seq=131958 Ack=141 Win=65024 Len=1448 TSval=2916038191 TSecr=3045557965 [TCP segment of a reassembled PDU]"
"40427","34.110930701","192.168.1.55","192.168.1.2","TCP","1514","8004  >  36302 [ACK] Seq=133406 Ack=141 Win=65024 Len=1448 TSval=2916038191 TSecr=3045557965 [TCP segment of a reassembled PDU]"
"40428","34.110931757","192.168.1.55","192.168.1.2","TCP","1514","8004  >  36302 [ACK] Seq=134854 Ack=141 Win=65024 Len=1448 TSval=2916038191 TSecr=3045557965 [TCP segment of a reassembled PDU]"
"40429","34.110937683","192.168.1.55","192.168.1.2","TCP","1514","8004  >  36302 [ACK] Seq=136302 Ack=141 Win=65024 Len=1448 TSval=2916038191 TSecr=3045557965 [TCP segment of a reassembled PDU]"
"40430","34.110939146","192.168.1.55","192.168.1.2","TCP","1514","8004  >  36302 [ACK] Seq=137750 Ack=141 Win=65024 Len=1448 TSval=2916038191 TSecr=3045557965 [TCP segment of a reassembled PDU]"
"40431","34.110940516","192.168.1.55","192.168.1.2","TCP","1514","8004  >  36302 [ACK] Seq=139198 Ack=141 Win=65024 Len=1448 TSval=2916038191 TSecr=3045557965 [TCP segment of a reassembled PDU]"
"40432","34.110941627","192.168.1.55","192.168.1.2","TCP","1514","8004  >  36302 [ACK] Seq=140646 Ack=141 Win=65024 Len=1448 TSval=2916038191 TSecr=3045557965 [TCP segment of a reassembled PDU]"
"40433","34.110943090","192.168.1.55","192.168.1.2","TCP","1514","8004  >  36302 [ACK] Seq=142094 Ack=141 Win=65024 Len=1448 TSval=2916038191 TSecr=3045557965 [TCP segment of a reassembled PDU]"
"40434","34.110944183","192.168.1.55","192.168.1.2","TCP","1514","8004  >  36302 [ACK] Seq=143542 Ack=141 Win=65024 Len=1448 TSval=2916038191 TSecr=3045557965 [TCP segment of a reassembled PDU]"
"40435","34.110945238","192.168.1.55","192.168.1.2","TCP","1514","8004  >  36302 [ACK] Seq=144990 Ack=141 Win=65024 Len=1448 TSval=2916038191 TSecr=3045557965 [TCP segment of a reassembled PDU]"
"40436","34.110946720","192.168.1.55","192.168.1.2","TCP","1514","8004  >  36302 [ACK] Seq=146438 Ack=141 Win=65024 Len=1448 TSval=2916038191 TSecr=3045557965 [TCP segment of a reassembled PDU]"
"40437","34.110947757","192.168.1.55","192.168.1.2","TCP","1514","8004  >  36302 [ACK] Seq=147886 Ack=141 Win=65024 Len=1448 TSval=2916038191 TSecr=3045557965 [TCP segment of a reassembled PDU]"
"40438","34.110948979","192.168.1.55","192.168.1.2","TCP","1514","8004  >  36302 [ACK] Seq=149334 Ack=141 Win=65024 Len=1448 TSval=2916038191 TSecr=3045557965 [TCP segment of a reassembled PDU]"
"40439","34.110950572","192.168.1.55","192.168.1.2","TCP","1514","8004  >  36302 [ACK] Seq=150782 Ack=141 Win=65024 Len=1448 TSval=2916038191 TSecr=3045557965 [TCP segment of a reassembled PDU]"
"40440","34.110951664","192.168.1.55","192.168.1.2","TCP","1514","8004  >  36302 [ACK] Seq=152230 Ack=141 Win=65024 Len=1448 TSval=2916038191 TSecr=3045557965 [TCP segment of a reassembled PDU]"
"40441","34.110952813","192.168.1.55","192.168.1.2","TCP","1514","8004  >  36302 [ACK] Seq=153678 Ack=141 Win=65024 Len=1448 TSval=2916038191 TSecr=3045557965 [TCP segment of a reassembled PDU]"
"40442","34.110953831","192.168.1.55","192.168.1.2","TCP","1514","8004  >  36302 [ACK] Seq=155126 Ack=141 Win=65024 Len=1448 TSval=2916038191 TSecr=3045557965 [TCP segment of a reassembled PDU]"
"40443","34.110955516","192.168.1.55","192.168.1.2","TCP","1514","8004  >  36302 [PSH, ACK] Seq=156574 Ack=141 Win=65024 Len=1448 TSval=2916038191 TSecr=3045557965 [TCP segment of a reassembled PDU]"
"40444","34.111003479","192.168.1.55","192.168.1.2","TCP","1514","8004  >  36302 [ACK] Seq=158022 Ack=141 Win=65024 Len=1448 TSval=2916038191 TSecr=3045557966 [TCP segment of a reassembled PDU]"
"40445","34.111005164","192.168.1.55","192.168.1.2","TCP","1514","8004  >  36302 [ACK] Seq=159470 Ack=141 Win=65024 Len=1448 TSval=2916038191 TSecr=3045557966 [TCP segment of a reassembled PDU]"
"40446","34.111006553","192.168.1.55","192.168.1.2","TCP","1514","8004  >  36302 [ACK] Seq=160918 Ack=141 Win=65024 Len=1448 TSval=2916038191 TSecr=3045557966 [TCP segment of a reassembled PDU]"
"40447","34.111007553","192.168.1.55","192.168.1.2","TCP","1514","8004  >  36302 [ACK] Seq=162366 Ack=141 Win=65024 Len=1448 TSval=2916038191 TSecr=3045557966 [TCP segment of a reassembled PDU]"
"40448","34.111008868","192.168.1.55","192.168.1.2","TCP","1514","8004  >  36302 [ACK] Seq=163814 Ack=141 Win=65024 Len=1448 TSval=2916038191 TSecr=3045557966 [TCP segment of a reassembled PDU]"
"40449","34.111010072","192.168.1.55","192.168.1.2","TCP","1514","8004  >  36302 [ACK] Seq=165262 Ack=141 Win=65024 Len=1448 TSval=2916038191 TSecr=3045557966 [TCP segment of a reassembled PDU]"
"40450","34.111011146","192.168.1.55","192.168.1.2","TCP","1514","8004  >  36302 [ACK] Seq=166710 Ack=141 Win=65024 Len=1448 TSval=2916038191 TSecr=3045557966 [TCP segment of a reassembled PDU]"
"40451","34.111012368","192.168.1.55","192.168.1.2","TCP","1514","8004  >  36302 [ACK] Seq=168158 Ack=141 Win=65024 Len=1448 TSval=2916038191 TSecr=3045557966 [TCP segment of a reassembled PDU]"
"40452","34.111013553","192.168.1.55","192.168.1.2","TCP","1514","8004  >  36302 [ACK] Seq=169606 Ack=141 Win=65024 Len=1448 TSval=2916038191 TSecr=3045557966 [TCP segment of a reassembled PDU]"
"40453","34.111014813","192.168.1.55","192.168.1.2","TCP","1514","8004  >  36302 [ACK] Seq=171054 Ack=141 Win=65024 Len=1448 TSval=2916038191 TSecr=3045557966 [TCP segment of a reassembled PDU]"
"40454","34.111016350","192.168.1.55","192.168.1.2","TCP","1514","8004  >  36302 [ACK] Seq=172502 Ack=141 Win=65024 Len=1448 TSval=2916038191 TSecr=3045557966 [TCP segment of a reassembled PDU]"
"40455","34.111017368","192.168.1.55","192.168.1.2","TCP","1514","8004  >  36302 [ACK] Seq=173950 Ack=141 Win=65024 Len=1448 TSval=2916038191 TSecr=3045557966 [TCP segment of a reassembled PDU]"
"40456","34.111018479","192.168.1.55","192.168.1.2","TCP","1514","8004  >  36302 [ACK] Seq=175398 Ack=141 Win=65024 Len=1448 TSval=2916038191 TSecr=3045557966 [TCP segment of a reassembled PDU]"
"40457","34.111019535","192.168.1.55","192.168.1.2","TCP","1514","8004  >  36302 [ACK] Seq=176846 Ack=141 Win=65024 Len=1448 TSval=2916038191 TSecr=3045557966 [TCP segment of a reassembled PDU]"
"40458","34.111020553","192.168.1.55","192.168.1.2","TCP","1514","8004  >  36302 [ACK] Seq=178294 Ack=141 Win=65024 Len=1448 TSval=2916038191 TSecr=3045557966 [TCP segment of a reassembled PDU]"
"40459","34.111021924","192.168.1.55","192.168.1.2","TCP","1514","8004  >  36302 [ACK] Seq=179742 Ack=141 Win=65024 Len=1448 TSval=2916038191 TSecr=3045557966 [TCP segment of a reassembled PDU]"
"40460","34.111023331","192.168.1.55","192.168.1.2","TCP","1514","8004  >  36302 [ACK] Seq=181190 Ack=141 Win=65024 Len=1448 TSval=2916038191 TSecr=3045557966 [TCP segment of a reassembled PDU]"
"40461","34.111024405","192.168.1.55","192.168.1.2","TCP","1514","8004  >  36302 [ACK] Seq=182638 Ack=141 Win=65024 Len=1448 TSval=2916038191 TSecr=3045557966 [TCP segment of a reassembled PDU]"
"40462","34.111025609","192.168.1.55","192.168.1.2","TCP","1514","8004  >  36302 [ACK] Seq=184086 Ack=141 Win=65024 Len=1448 TSval=2916038191 TSecr=3045557966 [TCP segment of a reassembled PDU]"
"40463","34.111026757","192.168.1.55","192.168.1.2","TCP","1514","8004  >  36302 [ACK] Seq=185534 Ack=141 Win=65024 Len=1448 TSval=2916038191 TSecr=3045557966 [TCP segment of a reassembled PDU]"
"40464","34.111027905","192.168.1.55","192.168.1.2","TCP","1514","8004  >  36302 [ACK] Seq=186982 Ack=141 Win=65024 Len=1448 TSval=2916038191 TSecr=3045557966 [TCP segment of a reassembled PDU]"
"40465","34.111029109","192.168.1.55","192.168.1.2","TCP","1514","8004  >  36302 [ACK] Seq=188430 Ack=141 Win=65024 Len=1448 TSval=2916038191 TSecr=3045557966 [TCP segment of a reassembled PDU]"
"40466","34.111030294","192.168.1.55","192.168.1.2","TCP","402","[TCP Window Full] 8004  >  36302 [PSH, ACK] Seq=189878 Ack=141 Win=65024 Len=336 TSval=2916038191 TSecr=3045557966 [TCP segment of a reassembled PDU]"
"40467","34.117839916","192.168.1.2","192.168.1.55","TCP","66","36302  >  8004 [ACK] Seq=141 Ack=117478 Win=76800 Len=0 TSval=3045557972 TSecr=2916038191"
"40468","34.117854749","192.168.1.55","192.168.1.2","TCP","1514","8004  >  36302 [ACK] Seq=190214 Ack=141 Win=65024 Len=1448 TSval=2916038198 TSecr=3045557972 [TCP segment of a reassembled PDU]"
"40469","34.117857120","192.168.1.55","192.168.1.2","TCP","1514","8004  >  36302 [PSH, ACK] Seq=191662 Ack=141 Win=65024 Len=1448 TSval=2916038198 TSecr=3045557972 [TCP segment of a reassembled PDU]"
"40470","34.118233806","192.168.1.2","192.168.1.55","TCP","66","36302  >  8004 [ACK] Seq=141 Ack=158022 Win=37888 Len=0 TSval=3045557972 TSecr=2916038191"
"40471","34.118244065","192.168.1.2","192.168.1.55","TCP","66","36302  >  8004 [ACK] Seq=141 Ack=186982 Win=27648 Len=0 TSval=3045557972 TSecr=2916038191"
"40472","34.118256972","192.168.1.55","192.168.1.2","TCP","1514","8004  >  36302 [ACK] Seq=193110 Ack=141 Win=65024 Len=1448 TSval=2916038198 TSecr=3045557972 [TCP segment of a reassembled PDU]"
"40473","34.118258732","192.168.1.55","192.168.1.2","TCP","1514","8004  >  36302 [ACK] Seq=194558 Ack=141 Win=65024 Len=1448 TSval=2916038198 TSecr=3045557972 [TCP segment of a reassembled PDU]"
"40474","34.118259991","192.168.1.55","192.168.1.2","TCP","1514","8004  >  36302 [ACK] Seq=196006 Ack=141 Win=65024 Len=1448 TSval=2916038198 TSecr=3045557972 [TCP segment of a reassembled PDU]"
"40475","34.118261232","192.168.1.55","192.168.1.2","TCP","1514","8004  >  36302 [ACK] Seq=197454 Ack=141 Win=65024 Len=1448 TSval=2916038198 TSecr=3045557972 [TCP segment of a reassembled PDU]"
"40476","34.118262565","192.168.1.55","192.168.1.2","TCP","1514","8004  >  36302 [ACK] Seq=198902 Ack=141 Win=65024 Len=1448 TSval=2916038198 TSecr=3045557972 [TCP segment of a reassembled PDU]"
"40477","34.118263769","192.168.1.55","192.168.1.2","TCP","1514","8004  >  36302 [PSH, ACK] Seq=200350 Ack=141 Win=65024 Len=1448 TSval=2916038198 TSecr=3045557972 [TCP segment of a reassembled PDU]"
"40478","34.118269046","192.168.1.55","192.168.1.2","TCP","1178","8004  >  36302 [PSH, ACK] Seq=201798 Ack=141 Win=65024 Len=1112 TSval=2916038198 TSecr=3045557972 [TCP segment of a reassembled PDU]"
"40479","34.118280602","192.168.1.55","192.168.1.2","TCP","1514","8004  >  36302 [ACK] Seq=202910 Ack=141 Win=65024 Len=1448 TSval=2916038198 TSecr=3045557972 [TCP segment of a reassembled PDU]"
"40480","34.118281972","192.168.1.55","192.168.1.2","TCP","1514","8004  >  36302 [ACK] Seq=204358 Ack=141 Win=65024 Len=1448 TSval=2916038198 TSecr=3045557972 [TCP segment of a reassembled PDU]"
"40481","34.118283139","192.168.1.55","192.168.1.2","TCP","1514","8004  >  36302 [ACK] Seq=205806 Ack=141 Win=65024 Len=1448 TSval=2916038198 TSecr=3045557972 [TCP segment of a reassembled PDU]"
"40482","34.118284306","192.168.1.55","192.168.1.2","TCP","1514","8004  >  36302 [ACK] Seq=207254 Ack=141 Win=65024 Len=1448 TSval=2916038198 TSecr=3045557972 [TCP segment of a reassembled PDU]"
"40483","34.118285824","192.168.1.55","192.168.1.2","TCP","1514","8004  >  36302 [ACK] Seq=208702 Ack=141 Win=65024 Len=1448 TSval=2916038198 TSecr=3045557972 [TCP segment of a reassembled PDU]"
"40484","34.118287065","192.168.1.55","192.168.1.2","TCP","1514","8004  >  36302 [ACK] Seq=210150 Ack=141 Win=65024 Len=1448 TSval=2916038198 TSecr=3045557972 [TCP segment of a reassembled PDU]"
"40485","34.118288324","192.168.1.55","192.168.1.2","TCP","1514","8004  >  36302 [ACK] Seq=211598 Ack=141 Win=65024 Len=1448 TSval=2916038198 TSecr=3045557972 [TCP segment of a reassembled PDU]"
"40486","34.118289584","192.168.1.55","192.168.1.2","TCP","1514","8004  >  36302 [PSH, ACK] Seq=213046 Ack=141 Win=65024 Len=1448 TSval=2916038198 TSecr=3045557972 [TCP segment of a reassembled PDU]"
"40487","34.118297454","192.168.1.2","192.168.1.55","TCP","66","[TCP Window Update] 36302  >  8004 [ACK] Seq=141 Ack=186982 Win=66560 Len=0 TSval=3045557972 TSecr=2916038191"
"40488","34.118327584","192.168.1.55","192.168.1.2","TCP","1514","8004  >  36302 [ACK] Seq=214494 Ack=141 Win=65024 Len=1448 TSval=2916038199 TSecr=3045557972 [TCP segment of a reassembled PDU]"
"40489","34.118329361","192.168.1.55","192.168.1.2","TCP","1514","8004  >  36302 [ACK] Seq=215942 Ack=141 Win=65024 Len=1448 TSval=2916038199 TSecr=3045557972 [TCP segment of a reassembled PDU]"
"40490","34.118330509","192.168.1.55","192.168.1.2","TCP","1514","8004  >  36302 [ACK] Seq=217390 Ack=141 Win=65024 Len=1448 TSval=2916038199 TSecr=3045557972 [TCP segment of a reassembled PDU]"
"40491","34.118331676","192.168.1.55","192.168.1.2","TCP","1514","8004  >  36302 [ACK] Seq=218838 Ack=141 Win=65024 Len=1448 TSval=2916038199 TSecr=3045557972 [TCP segment of a reassembled PDU]"
"40492","34.118332972","192.168.1.55","192.168.1.2","TCP","1514","8004  >  36302 [ACK] Seq=220286 Ack=141 Win=65024 Len=1448 TSval=2916038199 TSecr=3045557972 [TCP segment of a reassembled PDU]"
"40493","34.118334176","192.168.1.55","192.168.1.2","TCP","1514","8004  >  36302 [ACK] Seq=221734 Ack=141 Win=65024 Len=1448 TSval=2916038199 TSecr=3045557972 [TCP segment of a reassembled PDU]"
"40494","34.118335621","192.168.1.55","192.168.1.2","TCP","1514","8004  >  36302 [ACK] Seq=223182 Ack=141 Win=65024 Len=1448 TSval=2916038199 TSecr=3045557972 [TCP segment of a reassembled PDU]"
"40495","34.118336732","192.168.1.55","192.168.1.2","TCP","1514","8004  >  36302 [ACK] Seq=224630 Ack=141 Win=65024 Len=1448 TSval=2916038199 TSecr=3045557972 [TCP segment of a reassembled PDU]"
"40496","34.118337972","192.168.1.55","192.168.1.2","TCP","1514","8004  >  36302 [ACK] Seq=226078 Ack=141 Win=65024 Len=1448 TSval=2916038199 TSecr=3045557972 [TCP segment of a reassembled PDU]"
"40497","34.118339213","192.168.1.55","192.168.1.2","TCP","1514","8004  >  36302 [ACK] Seq=227526 Ack=141 Win=65024 Len=1448 TSval=2916038199 TSecr=3045557972 [TCP segment of a reassembled PDU]"
"40498","34.118340398","192.168.1.55","192.168.1.2","TCP","1514","8004  >  36302 [ACK] Seq=228974 Ack=141 Win=65024 Len=1448 TSval=2916038199 TSecr=3045557972 [TCP segment of a reassembled PDU]"
"40499","34.118341658","192.168.1.55","192.168.1.2","TCP","1514","8004  >  36302 [ACK] Seq=230422 Ack=141 Win=65024 Len=1448 TSval=2916038199 TSecr=3045557972 [TCP segment of a reassembled PDU]"
"40500","34.118342843","192.168.1.55","192.168.1.2","TCP","1514","8004  >  36302 [ACK] Seq=231870 Ack=141 Win=65024 Len=1448 TSval=2916038199 TSecr=3045557972 [TCP segment of a reassembled PDU]"
"40501","34.118344102","192.168.1.55","192.168.1.2","TCP","1514","8004  >  36302 [ACK] Seq=233318 Ack=141 Win=65024 Len=1448 TSval=2916038199 TSecr=3045557972 [TCP segment of a reassembled PDU]"
"40502","34.118345306","192.168.1.55","192.168.1.2","TCP","1514","8004  >  36302 [ACK] Seq=234766 Ack=141 Win=65024 Len=1448 TSval=2916038199 TSecr=3045557972 [TCP segment of a reassembled PDU]"
"40503","34.118346565","192.168.1.55","192.168.1.2","TCP","1514","8004  >  36302 [ACK] Seq=236214 Ack=141 Win=65024 Len=1448 TSval=2916038199 TSecr=3045557972 [TCP segment of a reassembled PDU]"
"40504","34.118347732","192.168.1.55","192.168.1.2","TCP","1514","8004  >  36302 [ACK] Seq=237662 Ack=141 Win=65024 Len=1448 TSval=2916038199 TSecr=3045557972 [TCP segment of a reassembled PDU]"
"40505","34.118348880","192.168.1.55","192.168.1.2","TCP","1514","8004  >  36302 [ACK] Seq=239110 Ack=141 Win=65024 Len=1448 TSval=2916038199 TSecr=3045557972 [TCP segment of a reassembled PDU]"
"40506","34.118350010","192.168.1.55","192.168.1.2","TCP","1514","8004  >  36302 [ACK] Seq=240558 Ack=141 Win=65024 Len=1448 TSval=2916038199 TSecr=3045557972 [TCP segment of a reassembled PDU]"
"40507","34.118351250","192.168.1.55","192.168.1.2","TCP","1514","8004  >  36302 [ACK] Seq=242006 Ack=141 Win=65024 Len=1448 TSval=2916038199 TSecr=3045557972 [TCP segment of a reassembled PDU]"
"40508","34.118352528","192.168.1.55","192.168.1.2","TCP","1514","8004  >  36302 [ACK] Seq=243454 Ack=141 Win=65024 Len=1448 TSval=2916038199 TSecr=3045557972 [TCP segment of a reassembled PDU]"
"40509","34.118353750","192.168.1.55","192.168.1.2","TCP","1514","8004  >  36302 [ACK] Seq=244902 Ack=141 Win=65024 Len=1448 TSval=2916038199 TSecr=3045557972 [TCP segment of a reassembled PDU]"
"40510","34.118355213","192.168.1.55","192.168.1.2","TCP","1514","8004  >  36302 [PSH, ACK] Seq=246350 Ack=141 Win=65024 Len=1448 TSval=2916038199 TSecr=3045557972 [TCP segment of a reassembled PDU]"
"40511","34.118359732","192.168.1.2","192.168.1.55","TCP","66","36302  >  8004 [ACK] Seq=141 Ack=190214 Win=90112 Len=0 TSval=3045557972 TSecr=2916038191"
"40512","34.118389250","192.168.1.55","192.168.1.2","TCP","1514","8004  >  36302 [ACK] Seq=247798 Ack=141 Win=65024 Len=1448 TSval=2916038199 TSecr=3045557972 [TCP segment of a reassembled PDU]"
"40513","34.118391176","192.168.1.55","192.168.1.2","TCP","1514","8004  >  36302 [ACK] Seq=249246 Ack=141 Win=65024 Len=1448 TSval=2916038199 TSecr=3045557972 [TCP segment of a reassembled PDU]"
"40514","34.118392417","192.168.1.55","192.168.1.2","TCP","1514","8004  >  36302 [ACK] Seq=250694 Ack=141 Win=65024 Len=1448 TSval=2916038199 TSecr=3045557972 [TCP segment of a reassembled PDU]"
"40515","34.118393602","192.168.1.55","192.168.1.2","TCP","1514","8004  >  36302 [ACK] Seq=252142 Ack=141 Win=65024 Len=1448 TSval=2916038199 TSecr=3045557972 [TCP segment of a reassembled PDU]"
"40516","34.118395158","192.168.1.55","192.168.1.2","TCP","1514","8004  >  36302 [ACK] Seq=253590 Ack=141 Win=65024 Len=1448 TSval=2916038199 TSecr=3045557972 [TCP segment of a reassembled PDU]"
"40517","34.118396324","192.168.1.55","192.168.1.2","TCP","1514","8004  >  36302 [ACK] Seq=255038 Ack=141 Win=65024 Len=1448 TSval=2916038199 TSecr=3045557972 [TCP segment of a reassembled PDU]"
"40518","34.118397639","192.168.1.55","192.168.1.2","TCP","1514","8004  >  36302 [ACK] Seq=256486 Ack=141 Win=65024 Len=1448 TSval=2916038199 TSecr=3045557972 [TCP segment of a reassembled PDU]"
"40519","34.118398750","192.168.1.55","192.168.1.2","TCP","1514","8004  >  36302 [ACK] Seq=257934 Ack=141 Win=65024 Len=1448 TSval=2916038199 TSecr=3045557972 [TCP segment of a reassembled PDU]"
"40520","34.118400084","192.168.1.55","192.168.1.2","TCP","1514","8004  >  36302 [ACK] Seq=259382 Ack=141 Win=65024 Len=1448 TSval=2916038199 TSecr=3045557972 [TCP segment of a reassembled PDU]"
"40521","34.118401380","192.168.1.55","192.168.1.2","TCP","1514","8004  >  36302 [ACK] Seq=260830 Ack=141 Win=65024 Len=1448 TSval=2916038199 TSecr=3045557972 [TCP segment of a reassembled PDU]"
"40522","34.118402565","192.168.1.55","192.168.1.2","TCP","1514","8004  >  36302 [ACK] Seq=262278 Ack=141 Win=65024 Len=1448 TSval=2916038199 TSecr=3045557972 [TCP segment of a reassembled PDU]"
"40523","34.118403861","192.168.1.55","192.168.1.2","TCP","1514","8004  >  36302 [ACK] Seq=263726 Ack=141 Win=65024 Len=1448 TSval=2916038199 TSecr=3045557972 [TCP segment of a reassembled PDU]"
"40524","34.118405213","192.168.1.55","192.168.1.2","TCP","1514","8004  >  36302 [ACK] Seq=265174 Ack=141 Win=65024 Len=1448 TSval=2916038199 TSecr=3045557972 [TCP segment of a reassembled PDU]"
"40525","34.118406361","192.168.1.55","192.168.1.2","TCP","1514","8004  >  36302 [ACK] Seq=266622 Ack=141 Win=65024 Len=1448 TSval=2916038199 TSecr=3045557972 [TCP segment of a reassembled PDU]"
"40526","34.118407621","192.168.1.55","192.168.1.2","TCP","1514","8004  >  36302 [ACK] Seq=268070 Ack=141 Win=65024 Len=1448 TSval=2916038199 TSecr=3045557972 [TCP segment of a reassembled PDU]"
"40527","34.118408843","192.168.1.55","192.168.1.2","TCP","1514","8004  >  36302 [ACK] Seq=269518 Ack=141 Win=65024 Len=1448 TSval=2916038199 TSecr=3045557972 [TCP segment of a reassembled PDU]"
"40528","34.118410028","192.168.1.55","192.168.1.2","TCP","1514","8004  >  36302 [ACK] Seq=270966 Ack=141 Win=65024 Len=1448 TSval=2916038199 TSecr=3045557972 [TCP segment of a reassembled PDU]"
"40529","34.118411158","192.168.1.55","192.168.1.2","TCP","1514","8004  >  36302 [ACK] Seq=272414 Ack=141 Win=65024 Len=1448 TSval=2916038199 TSecr=3045557972 [TCP segment of a reassembled PDU]"
"40530","34.118412436","192.168.1.55","192.168.1.2","TCP","1514","8004  >  36302 [ACK] Seq=273862 Ack=141 Win=65024 Len=1448 TSval=2916038199 TSecr=3045557972 [TCP segment of a reassembled PDU]"
"40531","34.118413658","192.168.1.55","192.168.1.2","TCP","1514","8004  >  36302 [ACK] Seq=275310 Ack=141 Win=65024 Len=1448 TSval=2916038199 TSecr=3045557972 [TCP segment of a reassembled PDU]"
"40532","34.118414787","192.168.1.55","192.168.1.2","TCP","1514","8004  >  36302 [ACK] Seq=276758 Ack=141 Win=65024 Len=1448 TSval=2916038199 TSecr=3045557972 [TCP segment of a reassembled PDU]"
"40533","34.118416047","192.168.1.55","192.168.1.2","TCP","1514","8004  >  36302 [PSH, ACK] Seq=278206 Ack=141 Win=65024 Len=1448 TSval=2916038199 TSecr=3045557972 [TCP segment of a reassembled PDU]"
"40534","34.124701316","192.168.1.2","192.168.1.55","TCP","66","36302  >  8004 [ACK] Seq=141 Ack=191662 Win=92160 Len=0 TSval=3045557975 TSecr=2916038198"
"40535","34.124714427","192.168.1.55","192.168.1.2","TCP","1514","8004  >  36302 [ACK] Seq=279654 Ack=141 Win=65024 Len=1448 TSval=2916038205 TSecr=3045557975 [TCP segment of a reassembled PDU]"
"40536","34.124717334","192.168.1.55","192.168.1.2","TCP","1514","8004  >  36302 [PSH, ACK] Seq=281102 Ack=141 Win=65024 Len=1448 TSval=2916038205 TSecr=3045557975 [TCP segment of a reassembled PDU]"
"40537","34.124932113","192.168.1.2","192.168.1.55","TCP","66","36302  >  8004 [ACK] Seq=141 Ack=193110 Win=95232 Len=0 TSval=3045557975 TSecr=2916038198"
"40538","34.124940298","192.168.1.2","192.168.1.55","TCP","66","36302  >  8004 [ACK] Seq=141 Ack=201798 Win=112640 Len=0 TSval=3045557979 TSecr=2916038198"
"40539","34.124953779","192.168.1.55","192.168.1.2","TCP","1514","8004  >  36302 [ACK] Seq=282550 Ack=141 Win=65024 Len=1448 TSval=2916038205 TSecr=3045557979 [TCP segment of a reassembled PDU]"
"40540","34.124956316","192.168.1.55","192.168.1.2","TCP","1514","8004  >  36302 [ACK] Seq=283998 Ack=141 Win=65024 Len=1448 TSval=2916038205 TSecr=3045557979 [TCP segment of a reassembled PDU]"
"40541","34.124957613","192.168.1.55","192.168.1.2","TCP","1514","8004  >  36302 [ACK] Seq=285446 Ack=141 Win=65024 Len=1448 TSval=2916038205 TSecr=3045557979 [TCP segment of a reassembled PDU]"
"40542","34.124958909","192.168.1.55","192.168.1.2","TCP","1514","8004  >  36302 [ACK] Seq=286894 Ack=141 Win=65024 Len=1448 TSval=2916038205 TSecr=3045557979 [TCP segment of a reassembled PDU]"
"40543","34.124960187","192.168.1.55","192.168.1.2","TCP","1514","8004  >  36302 [ACK] Seq=288342 Ack=141 Win=65024 Len=1448 TSval=2916038205 TSecr=3045557979 [TCP segment of a reassembled PDU]"
"40544","34.124961557","192.168.1.55","192.168.1.2","TCP","1514","8004  >  36302 [ACK] Seq=289790 Ack=141 Win=65024 Len=1448 TSval=2916038205 TSecr=3045557979 [TCP segment of a reassembled PDU]"
"40545","34.124962927","192.168.1.55","192.168.1.2","TCP","1514","8004  >  36302 [PSH, ACK] Seq=291238 Ack=141 Win=65024 Len=1448 TSval=2916038205 TSecr=3045557979 [TCP segment of a reassembled PDU]"
"40546","34.124967372","192.168.1.2","192.168.1.55","TCP","66","36302  >  8004 [ACK] Seq=141 Ack=214494 Win=134144 Len=0 TSval=3045557979 TSecr=2916038198"
"40547","34.125002965","192.168.1.55","192.168.1.2","TCP","1514","8004  >  36302 [ACK] Seq=292686 Ack=141 Win=65024 Len=1448 TSval=2916038205 TSecr=3045557979 [TCP segment of a reassembled PDU]"
"40548","34.125005002","192.168.1.55","192.168.1.2","TCP","1514","8004  >  36302 [ACK] Seq=294134 Ack=141 Win=65024 Len=1448 TSval=2916038205 TSecr=3045557979 [TCP segment of a reassembled PDU]"
"40549","34.125006631","192.168.1.55","192.168.1.2","TCP","1514","8004  >  36302 [ACK] Seq=295582 Ack=141 Win=65024 Len=1448 TSval=2916038205 TSecr=3045557979 [TCP segment of a reassembled PDU]"
"40550","34.125008020","192.168.1.55","192.168.1.2","TCP","1514","8004  >  36302 [ACK] Seq=297030 Ack=141 Win=65024 Len=1448 TSval=2916038205 TSecr=3045557979 [TCP segment of a reassembled PDU]"
"40551","34.125009446","192.168.1.55","192.168.1.2","TCP","1514","8004  >  36302 [ACK] Seq=298478 Ack=141 Win=65024 Len=1448 TSval=2916038205 TSecr=3045557979 [TCP segment of a reassembled PDU]"
"40552","34.125010891","192.168.1.55","192.168.1.2","TCP","1514","8004  >  36302 [ACK] Seq=299926 Ack=141 Win=65024 Len=1448 TSval=2916038205 TSecr=3045557979 [TCP segment of a reassembled PDU]"
"40553","34.125012298","192.168.1.55","192.168.1.2","TCP","1514","8004  >  36302 [ACK] Seq=301374 Ack=141 Win=65024 Len=1448 TSval=2916038205 TSecr=3045557979 [TCP segment of a reassembled PDU]"
"40554","34.125013724","192.168.1.55","192.168.1.2","TCP","1514","8004  >  36302 [ACK] Seq=302822 Ack=141 Win=65024 Len=1448 TSval=2916038205 TSecr=3045557979 [TCP segment of a reassembled PDU]"
"40555","34.125015113","192.168.1.55","192.168.1.2","TCP","1514","8004  >  36302 [ACK] Seq=304270 Ack=141 Win=65024 Len=1448 TSval=2916038205 TSecr=3045557979 [TCP segment of a reassembled PDU]"
"40556","34.125016613","192.168.1.55","192.168.1.2","TCP","1514","8004  >  36302 [ACK] Seq=305718 Ack=141 Win=65024 Len=1448 TSval=2916038205 TSecr=3045557979 [TCP segment of a reassembled PDU]"
"40557","34.125018168","192.168.1.55","192.168.1.2","TCP","1514","8004  >  36302 [ACK] Seq=307166 Ack=141 Win=65024 Len=1448 TSval=2916038205 TSecr=3045557979 [TCP segment of a reassembled PDU]"
"40558","34.125019613","192.168.1.55","192.168.1.2","TCP","1514","8004  >  36302 [ACK] Seq=308614 Ack=141 Win=65024 Len=1448 TSval=2916038205 TSecr=3045557979 [TCP segment of a reassembled PDU]"
"40559","34.125021057","192.168.1.55","192.168.1.2","TCP","1514","8004  >  36302 [ACK] Seq=310062 Ack=141 Win=65024 Len=1448 TSval=2916038205 TSecr=3045557979 [TCP segment of a reassembled PDU]"
"40560","34.125022798","192.168.1.55","192.168.1.2","TCP","1514","8004  >  36302 [ACK] Seq=311510 Ack=141 Win=65024 Len=1448 TSval=2916038205 TSecr=3045557979 [TCP segment of a reassembled PDU]"
"40561","34.125024131","192.168.1.55","192.168.1.2","TCP","1514","8004  >  36302 [ACK] Seq=312958 Ack=141 Win=65024 Len=1448 TSval=2916038205 TSecr=3045557979 [TCP segment of a reassembled PDU]"
"40562","34.125025483","192.168.1.55","192.168.1.2","TCP","1514","8004  >  36302 [ACK] Seq=314406 Ack=141 Win=65024 Len=1448 TSval=2916038205 TSecr=3045557979 [TCP segment of a reassembled PDU]"
"40563","34.125026946","192.168.1.55","192.168.1.2","TCP","1514","8004  >  36302 [ACK] Seq=315854 Ack=141 Win=65024 Len=1448 TSval=2916038205 TSecr=3045557979 [TCP segment of a reassembled PDU]"
"40564","34.125028539","192.168.1.55","192.168.1.2","TCP","1514","8004  >  36302 [ACK] Seq=317302 Ack=141 Win=65024 Len=1448 TSval=2916038205 TSecr=3045557979 [TCP segment of a reassembled PDU]"
"40565","34.125030020","192.168.1.55","192.168.1.2","TCP","1514","8004  >  36302 [ACK] Seq=318750 Ack=141 Win=65024 Len=1448 TSval=2916038205 TSecr=3045557979 [TCP segment of a reassembled PDU]"
"40566","34.125031465","192.168.1.55","192.168.1.2","TCP","1514","8004  >  36302 [ACK] Seq=320198 Ack=141 Win=65024 Len=1448 TSval=2916038205 TSecr=3045557979 [TCP segment of a reassembled PDU]"
"40567","34.125032965","192.168.1.55","192.168.1.2","TCP","1514","8004  >  36302 [ACK] Seq=321646 Ack=141 Win=65024 Len=1448 TSval=2916038205 TSecr=3045557979 [TCP segment of a reassembled PDU]"
"40568","34.125034409","192.168.1.55","192.168.1.2","TCP","1514","8004  >  36302 [ACK] Seq=323094 Ack=141 Win=65024 Len=1448 TSval=2916038205 TSecr=3045557979 [TCP segment of a reassembled PDU]"
"40569","34.125035909","192.168.1.55","192.168.1.2","TCP","1514","8004  >  36302 [ACK] Seq=324542 Ack=141 Win=65024 Len=1448 TSval=2916038205 TSecr=3045557979 [TCP segment of a reassembled PDU]"
"40570","34.125037298","192.168.1.55","192.168.1.2","TCP","1514","8004  >  36302 [ACK] Seq=325990 Ack=141 Win=65024 Len=1448 TSval=2916038205 TSecr=3045557979 [TCP segment of a reassembled PDU]"
"40571","34.125038594","192.168.1.55","192.168.1.2","TCP","1514","8004  >  36302 [ACK] Seq=327438 Ack=141 Win=65024 Len=1448 TSval=2916038205 TSecr=3045557979 [TCP segment of a reassembled PDU]"
"40572","34.125039928","192.168.1.55","192.168.1.2","TCP","1514","8004  >  36302 [ACK] Seq=328886 Ack=141 Win=65024 Len=1448 TSval=2916038205 TSecr=3045557979 [TCP segment of a reassembled PDU]"
"40573","34.125041372","192.168.1.55","192.168.1.2","TCP","1514","8004  >  36302 [ACK] Seq=330334 Ack=141 Win=65024 Len=1448 TSval=2916038205 TSecr=3045557979 [TCP segment of a reassembled PDU]"
"40574","34.125042779","192.168.1.55","192.168.1.2","TCP","1514","8004  >  36302 [ACK] Seq=331782 Ack=141 Win=65024 Len=1448 TSval=2916038205 TSecr=3045557979 [TCP segment of a reassembled PDU]"
"40575","34.125044316","192.168.1.55","192.168.1.2","TCP","1514","8004  >  36302 [ACK] Seq=333230 Ack=141 Win=65024 Len=1448 TSval=2916038205 TSecr=3045557979 [TCP segment of a reassembled PDU]"
"40576","34.125045779","192.168.1.55","192.168.1.2","TCP","1514","8004  >  36302 [ACK] Seq=334678 Ack=141 Win=65024 Len=1448 TSval=2916038205 TSecr=3045557979 [TCP segment of a reassembled PDU]"
"40577","34.125047150","192.168.1.55","192.168.1.2","TCP","1514","8004  >  36302 [PSH, ACK] Seq=336126 Ack=141 Win=65024 Len=1448 TSval=2916038205 TSecr=3045557979 [TCP segment of a reassembled PDU]"
"40578","34.125051687","192.168.1.2","192.168.1.55","TCP","66","36302  >  8004 [ACK] Seq=141 Ack=247798 Win=137216 Len=0 TSval=3045557979 TSecr=2916038199"
"40579","34.125094594","192.168.1.55","192.168.1.2","TCP","1514","8004  >  36302 [ACK] Seq=337574 Ack=141 Win=65024 Len=1448 TSval=2916038205 TSecr=3045557979 [TCP segment of a reassembled PDU]"
"40580","34.125097020","192.168.1.55","192.168.1.2","TCP","1514","8004  >  36302 [ACK] Seq=339022 Ack=141 Win=65024 Len=1448 TSval=2916038205 TSecr=3045557979 [TCP segment of a reassembled PDU]"
"40581","34.125098428","192.168.1.55","192.168.1.2","TCP","1514","8004  >  36302 [ACK] Seq=340470 Ack=141 Win=65024 Len=1448 TSval=2916038205 TSecr=3045557979 [TCP segment of a reassembled PDU]"
"40582","34.125099817","192.168.1.55","192.168.1.2","TCP","1514","8004  >  36302 [ACK] Seq=341918 Ack=141 Win=65024 Len=1448 TSval=2916038205 TSecr=3045557979 [TCP segment of a reassembled PDU]"
"40583","34.125101261","192.168.1.55","192.168.1.2","TCP","1514","8004  >  36302 [ACK] Seq=343366 Ack=141 Win=65024 Len=1448 TSval=2916038205 TSecr=3045557979 [TCP segment of a reassembled PDU]"
"40584","34.125103150","192.168.1.55","192.168.1.2","TCP","1514","8004  >  36302 [ACK] Seq=344814 Ack=141 Win=65024 Len=1448 TSval=2916038205 TSecr=3045557979 [TCP segment of a reassembled PDU]"
"40585","34.125104520","192.168.1.55","192.168.1.2","TCP","1514","8004  >  36302 [ACK] Seq=346262 Ack=141 Win=65024 Len=1448 TSval=2916038205 TSecr=3045557979 [TCP segment of a reassembled PDU]"
"40586","34.125105798","192.168.1.55","192.168.1.2","TCP","1514","8004  >  36302 [ACK] Seq=347710 Ack=141 Win=65024 Len=1448 TSval=2916038205 TSecr=3045557979 [TCP segment of a reassembled PDU]"
"40587","34.125107261","192.168.1.55","192.168.1.2","TCP","1514","8004  >  36302 [ACK] Seq=349158 Ack=141 Win=65024 Len=1448 TSval=2916038205 TSecr=3045557979 [TCP segment of a reassembled PDU]"
"40588","34.125108965","192.168.1.55","192.168.1.2","TCP","1514","8004  >  36302 [ACK] Seq=350606 Ack=141 Win=65024 Len=1448 TSval=2916038205 TSecr=3045557979 [TCP segment of a reassembled PDU]"
"40589","34.125110391","192.168.1.55","192.168.1.2","TCP","1514","8004  >  36302 [ACK] Seq=352054 Ack=141 Win=65024 Len=1448 TSval=2916038205 TSecr=3045557979 [TCP segment of a reassembled PDU]"
"40590","34.125111687","192.168.1.55","192.168.1.2","TCP","1514","8004  >  36302 [ACK] Seq=353502 Ack=141 Win=65024 Len=1448 TSval=2916038205 TSecr=3045557979 [TCP segment of a reassembled PDU]"
"40591","34.125113057","192.168.1.55","192.168.1.2","TCP","1514","8004  >  36302 [ACK] Seq=354950 Ack=141 Win=65024 Len=1448 TSval=2916038205 TSecr=3045557979 [TCP segment of a reassembled PDU]"
"40592","34.125114446","192.168.1.55","192.168.1.2","TCP","1514","8004  >  36302 [ACK] Seq=356398 Ack=141 Win=65024 Len=1448 TSval=2916038205 TSecr=3045557979 [TCP segment of a reassembled PDU]"
"40593","34.125115817","192.168.1.55","192.168.1.2","TCP","1514","8004  >  36302 [ACK] Seq=357846 Ack=141 Win=65024 Len=1448 TSval=2916038205 TSecr=3045557979 [TCP segment of a reassembled PDU]"
"40594","34.125117113","192.168.1.55","192.168.1.2","TCP","1514","8004  >  36302 [ACK] Seq=359294 Ack=141 Win=65024 Len=1448 TSval=2916038205 TSecr=3045557979 [TCP segment of a reassembled PDU]"
"40595","34.125118409","192.168.1.55","192.168.1.2","TCP","1514","8004  >  36302 [ACK] Seq=360742 Ack=141 Win=65024 Len=1448 TSval=2916038205 TSecr=3045557979 [TCP segment of a reassembled PDU]"
"40596","34.125119743","192.168.1.55","192.168.1.2","TCP","1514","8004  >  36302 [ACK] Seq=362190 Ack=141 Win=65024 Len=1448 TSval=2916038205 TSecr=3045557979 [TCP segment of a reassembled PDU]"
"40597","34.125121113","192.168.1.55","192.168.1.2","TCP","1514","8004  >  36302 [ACK] Seq=363638 Ack=141 Win=65024 Len=1448 TSval=2916038205 TSecr=3045557979 [TCP segment of a reassembled PDU]"
"40598","34.125122539","192.168.1.55","192.168.1.2","TCP","1514","8004  >  36302 [ACK] Seq=365086 Ack=141 Win=65024 Len=1448 TSval=2916038205 TSecr=3045557979 [TCP segment of a reassembled PDU]"
"40599","34.125123835","192.168.1.55","192.168.1.2","TCP","1514","8004  >  36302 [ACK] Seq=366534 Ack=141 Win=65024 Len=1448 TSval=2916038205 TSecr=3045557979 [TCP segment of a reassembled PDU]"
"40600","34.125125150","192.168.1.55","192.168.1.2","TCP","1514","8004  >  36302 [ACK] Seq=367982 Ack=141 Win=65024 Len=1448 TSval=2916038205 TSecr=3045557979 [TCP segment of a reassembled PDU]"
"40601","34.125126446","192.168.1.55","192.168.1.2","TCP","1514","8004  >  36302 [ACK] Seq=369430 Ack=141 Win=65024 Len=1448 TSval=2916038205 TSecr=3045557979 [TCP segment of a reassembled PDU]"
"40602","34.125133113","192.168.1.55","192.168.1.2","TCP","1514","8004  >  36302 [ACK] Seq=370878 Ack=141 Win=65024 Len=1448 TSval=2916038205 TSecr=3045557979 [TCP segment of a reassembled PDU]"
"40603","34.125134668","192.168.1.55","192.168.1.2","TCP","1514","8004  >  36302 [ACK] Seq=372326 Ack=141 Win=65024 Len=1448 TSval=2916038205 TSecr=3045557979 [TCP segment of a reassembled PDU]"
"40604","34.125136094","192.168.1.55","192.168.1.2","TCP","1514","8004  >  36302 [ACK] Seq=373774 Ack=141 Win=65024 Len=1448 TSval=2916038205 TSecr=3045557979 [TCP segment of a reassembled PDU]"
"40605","34.125137465","192.168.1.55","192.168.1.2","TCP","1514","8004  >  36302 [ACK] Seq=375222 Ack=141 Win=65024 Len=1448 TSval=2916038205 TSecr=3045557979 [TCP segment of a reassembled PDU]"
"40606","34.125138724","192.168.1.55","192.168.1.2","TCP","1514","8004  >  36302 [ACK] Seq=376670 Ack=141 Win=65024 Len=1448 TSval=2916038205 TSecr=3045557979 [TCP segment of a reassembled PDU]"
"40607","34.125140502","192.168.1.55","192.168.1.2","TCP","1514","8004  >  36302 [ACK] Seq=378118 Ack=141 Win=65024 Len=1448 TSval=2916038205 TSecr=3045557979 [TCP segment of a reassembled PDU]"
"40608","34.125141835","192.168.1.55","192.168.1.2","TCP","1514","8004  >  36302 [ACK] Seq=379566 Ack=141 Win=65024 Len=1448 TSval=2916038205 TSecr=3045557979 [TCP segment of a reassembled PDU]"
"40609","34.125143280","192.168.1.55","192.168.1.2","TCP","1514","8004  >  36302 [PSH, ACK] Seq=381014 Ack=141 Win=65024 Len=1448 TSval=2916038205 TSecr=3045557979 [TCP segment of a reassembled PDU]"
"40610","34.125210113","192.168.1.2","192.168.1.55","TCP","66","36302  >  8004 [ACK] Seq=141 Ack=276758 Win=139264 Len=0 TSval=3045557979 TSecr=2916038199"
"40611","34.125220483","192.168.1.2","192.168.1.55","TCP","66","36302  >  8004 [ACK] Seq=141 Ack=278206 Win=142336 Len=0 TSval=3045557980 TSecr=2916038199"
"40612","34.125225465","192.168.1.2","192.168.1.55","TCP","66","36302  >  8004 [ACK] Seq=141 Ack=279654 Win=145408 Len=0 TSval=3045557980 TSecr=2916038199"
"40613","34.126452911","192.168.1.55","192.168.1.2","TCP","1514","8004  >  36302 [ACK] Seq=382462 Ack=141 Win=65024 Len=1448 TSval=2916038207 TSecr=3045557980 [TCP segment of a reassembled PDU]"
"40614","34.126456356","192.168.1.55","192.168.1.2","TCP","1514","8004  >  36302 [ACK] Seq=383910 Ack=141 Win=65024 Len=1448 TSval=2916038207 TSecr=3045557980 [TCP segment of a reassembled PDU]"
"40615","34.126457689","192.168.1.55","192.168.1.2","TCP","1514","8004  >  36302 [ACK] Seq=385358 Ack=141 Win=65024 Len=1448 TSval=2916038207 TSecr=3045557980 [TCP segment of a reassembled PDU]"
"40616","34.126459041","192.168.1.55","192.168.1.2","TCP","1514","8004  >  36302 [ACK] Seq=386806 Ack=141 Win=65024 Len=1448 TSval=2916038207 TSecr=3045557980 [TCP segment of a reassembled PDU]"
"40617","34.126460448","192.168.1.55","192.168.1.2","TCP","1514","8004  >  36302 [ACK] Seq=388254 Ack=141 Win=65024 Len=1448 TSval=2916038207 TSecr=3045557980 [TCP segment of a reassembled PDU]"
"40618","34.126461837","192.168.1.55","192.168.1.2","TCP","1514","8004  >  36302 [ACK] Seq=389702 Ack=141 Win=65024 Len=1448 TSval=2916038207 TSecr=3045557980 [TCP segment of a reassembled PDU]"
"40619","34.126463152","192.168.1.55","192.168.1.2","TCP","1514","8004  >  36302 [ACK] Seq=391150 Ack=141 Win=65024 Len=1448 TSval=2916038207 TSecr=3045557980 [TCP segment of a reassembled PDU]"
"40620","34.126464485","192.168.1.55","192.168.1.2","TCP","1514","8004  >  36302 [ACK] Seq=392598 Ack=141 Win=65024 Len=1448 TSval=2916038207 TSecr=3045557980 [TCP segment of a reassembled PDU]"
"40621","34.126466337","192.168.1.55","192.168.1.2","TCP","1514","8004  >  36302 [ACK] Seq=394046 Ack=141 Win=65024 Len=1448 TSval=2916038207 TSecr=3045557980 [TCP segment of a reassembled PDU]"
"40622","34.126467726","192.168.1.55","192.168.1.2","TCP","1514","8004  >  36302 [ACK] Seq=395494 Ack=141 Win=65024 Len=1448 TSval=2916038207 TSecr=3045557980 [TCP segment of a reassembled PDU]"
"40623","34.126469060","192.168.1.55","192.168.1.2","TCP","1514","8004  >  36302 [ACK] Seq=396942 Ack=141 Win=65024 Len=1448 TSval=2916038207 TSecr=3045557980 [TCP segment of a reassembled PDU]"
"40624","34.126470374","192.168.1.55","192.168.1.2","TCP","1514","8004  >  36302 [ACK] Seq=398390 Ack=141 Win=65024 Len=1448 TSval=2916038207 TSecr=3045557980 [TCP segment of a reassembled PDU]"
"40625","34.126471689","192.168.1.55","192.168.1.2","TCP","1514","8004  >  36302 [ACK] Seq=399838 Ack=141 Win=65024 Len=1448 TSval=2916038207 TSecr=3045557980 [TCP segment of a reassembled PDU]"
"40626","34.126472985","192.168.1.55","192.168.1.2","TCP","1514","8004  >  36302 [ACK] Seq=401286 Ack=141 Win=65024 Len=1448 TSval=2916038207 TSecr=3045557980 [TCP segment of a reassembled PDU]"
"40627","34.126474430","192.168.1.55","192.168.1.2","TCP","1514","8004  >  36302 [ACK] Seq=402734 Ack=141 Win=65024 Len=1448 TSval=2916038207 TSecr=3045557980 [TCP segment of a reassembled PDU]"
"40628","34.126475763","192.168.1.55","192.168.1.2","TCP","1514","8004  >  36302 [ACK] Seq=404182 Ack=141 Win=65024 Len=1448 TSval=2916038207 TSecr=3045557980 [TCP segment of a reassembled PDU]"
"40629","34.126477152","192.168.1.55","192.168.1.2","TCP","1514","8004  >  36302 [ACK] Seq=405630 Ack=141 Win=65024 Len=1448 TSval=2916038207 TSecr=3045557980 [TCP segment of a reassembled PDU]"
"40630","34.126478615","192.168.1.55","192.168.1.2","TCP","1514","8004  >  36302 [ACK] Seq=407078 Ack=141 Win=65024 Len=1448 TSval=2916038207 TSecr=3045557980 [TCP segment of a reassembled PDU]"
"40631","34.126479911","192.168.1.55","192.168.1.2","TCP","1514","8004  >  36302 [ACK] Seq=408526 Ack=141 Win=65024 Len=1448 TSval=2916038207 TSecr=3045557980 [TCP segment of a reassembled PDU]"
"40632","34.126481300","192.168.1.55","192.168.1.2","TCP","1514","8004  >  36302 [ACK] Seq=409974 Ack=141 Win=65024 Len=1448 TSval=2916038207 TSecr=3045557980 [TCP segment of a reassembled PDU]"
"40633","34.126482671","192.168.1.55","192.168.1.2","TCP","1514","8004  >  36302 [ACK] Seq=411422 Ack=141 Win=65024 Len=1448 TSval=2916038207 TSecr=3045557980 [TCP segment of a reassembled PDU]"
"40634","34.126483967","192.168.1.55","192.168.1.2","TCP","1514","8004  >  36302 [ACK] Seq=412870 Ack=141 Win=65024 Len=1448 TSval=2916038207 TSecr=3045557980 [TCP segment of a reassembled PDU]"
"40635","34.126485467","192.168.1.55","192.168.1.2","TCP","1514","8004  >  36302 [ACK] Seq=414318 Ack=141 Win=65024 Len=1448 TSval=2916038207 TSecr=3045557980 [TCP segment of a reassembled PDU]"
"40636","34.126486763","192.168.1.55","192.168.1.2","TCP","1514","8004  >  36302 [ACK] Seq=415766 Ack=141 Win=65024 Len=1448 TSval=2916038207 TSecr=3045557980 [TCP segment of a reassembled PDU]"
"40637","34.126488337","192.168.1.55","192.168.1.2","TCP","1514","8004  >  36302 [ACK] Seq=417214 Ack=141 Win=65024 Len=1448 TSval=2916038207 TSecr=3045557980 [TCP segment of a reassembled PDU]"
"40638","34.126489708","192.168.1.55","192.168.1.2","TCP","1514","8004  >  36302 [ACK] Seq=418662 Ack=141 Win=65024 Len=1448 TSval=2916038207 TSecr=3045557980 [TCP segment of a reassembled PDU]"
"40639","34.126491041","192.168.1.55","192.168.1.2","TCP","1514","8004  >  36302 [ACK] Seq=420110 Ack=141 Win=65024 Len=1448 TSval=2916038207 TSecr=3045557980 [TCP segment of a reassembled PDU]"
"40640","34.126492411","192.168.1.55","192.168.1.2","TCP","1514","8004  >  36302 [ACK] Seq=421558 Ack=141 Win=65024 Len=1448 TSval=2916038207 TSecr=3045557980 [TCP segment of a reassembled PDU]"
"40641","34.126493874","192.168.1.55","192.168.1.2","TCP","1514","8004  >  36302 [ACK] Seq=423006 Ack=141 Win=65024 Len=1448 TSval=2916038207 TSecr=3045557980 [TCP segment of a reassembled PDU]"
"40642","34.126495689","192.168.1.55","192.168.1.2","TCP","674","[TCP Window Full] 8004  >  36302 [PSH, ACK] Seq=424454 Ack=141 Win=65024 Len=608 TSval=2916038207 TSecr=3045557980 [TCP segment of a reassembled PDU]"
"40643","34.133236459","192.168.1.2","192.168.1.55","TCP","66","36302  >  8004 [ACK] Seq=141 Ack=281102 Win=148480 Len=0 TSval=3045557982 TSecr=2916038205"
"40644","34.133260293","192.168.1.55","192.168.1.2","TCP","1514","8004  >  36302 [ACK] Seq=425062 Ack=141 Win=65024 Len=1448 TSval=2916038213 TSecr=3045557982 [TCP segment of a reassembled PDU]"
"40645","34.133268293","192.168.1.55","192.168.1.2","TCP","906","8004  >  36302 [ACK] Seq=426510 Ack=141 Win=65024 Len=840 TSval=2916038213 TSecr=3045557982 [TCP segment of a reassembled PDU]"
"40646","34.133480126","192.168.1.2","192.168.1.55","TCP","66","36302  >  8004 [ACK] Seq=141 Ack=282550 Win=150528 Len=0 TSval=3045557982 TSecr=2916038205"
"40647","34.133489719","192.168.1.2","192.168.1.55","TCP","66","36302  >  8004 [ACK] Seq=141 Ack=286894 Win=159744 Len=0 TSval=3045557988 TSecr=2916038205"
"40648","34.133494756","192.168.1.2","192.168.1.55","TCP","66","36302  >  8004 [ACK] Seq=141 Ack=292686 Win=171008 Len=0 TSval=3045557989 TSecr=2916038205"
"40649","34.133499811","192.168.1.2","192.168.1.55","TCP","66","36302  >  8004 [ACK] Seq=141 Ack=337574 Win=131072 Len=0 TSval=3045557989 TSecr=2916038205"
"40650","34.135098481","192.168.1.2","192.168.1.55","TCP","66","36302  >  8004 [ACK] Seq=141 Ack=382462 Win=94208 Len=0 TSval=3045557989 TSecr=2916038205"
"40651","34.135148388","192.168.1.55","192.168.1.2","TCP","1514","8004  >  36302 [ACK] Seq=427350 Ack=141 Win=65024 Len=1448 TSval=2916038215 TSecr=3045557989 [TCP segment of a reassembled PDU]"
"40652","34.135151814","192.168.1.55","192.168.1.2","TCP","1514","8004  >  36302 [ACK] Seq=428798 Ack=141 Win=65024 Len=1448 TSval=2916038215 TSecr=3045557989 [TCP segment of a reassembled PDU]"
"40653","34.135153221","192.168.1.55","192.168.1.2","TCP","1514","8004  >  36302 [ACK] Seq=430246 Ack=141 Win=65024 Len=1448 TSval=2916038215 TSecr=3045557989 [TCP segment of a reassembled PDU]"
"40654","34.135154684","192.168.1.55","192.168.1.2","TCP","1514","8004  >  36302 [ACK] Seq=431694 Ack=141 Win=65024 Len=1448 TSval=2916038215 TSecr=3045557989 [TCP segment of a reassembled PDU]"
"40655","34.135155999","192.168.1.55","192.168.1.2","TCP","1514","8004  >  36302 [ACK] Seq=433142 Ack=141 Win=65024 Len=1448 TSval=2916038215 TSecr=3045557989 [TCP segment of a reassembled PDU]"
"40656","34.135157333","192.168.1.55","192.168.1.2","TCP","1514","8004  >  36302 [ACK] Seq=434590 Ack=141 Win=65024 Len=1448 TSval=2916038215 TSecr=3045557989 [TCP segment of a reassembled PDU]"
"40657","34.135158666","192.168.1.55","192.168.1.2","TCP","1514","8004  >  36302 [ACK] Seq=436038 Ack=141 Win=65024 Len=1448 TSval=2916038215 TSecr=3045557989 [TCP segment of a reassembled PDU]"
"40658","34.135159944","192.168.1.55","192.168.1.2","TCP","1514","8004  >  36302 [ACK] Seq=437486 Ack=141 Win=65024 Len=1448 TSval=2916038215 TSecr=3045557989 [TCP segment of a reassembled PDU]"
"40659","34.135161370","192.168.1.55","192.168.1.2","TCP","1514","8004  >  36302 [ACK] Seq=438934 Ack=141 Win=65024 Len=1448 TSval=2916038215 TSecr=3045557989 [TCP segment of a reassembled PDU]"
"40660","34.135162907","192.168.1.55","192.168.1.2","TCP","1514","8004  >  36302 [ACK] Seq=440382 Ack=141 Win=65024 Len=1448 TSval=2916038215 TSecr=3045557989 [TCP segment of a reassembled PDU]"
"40661","34.135164314","192.168.1.55","192.168.1.2","TCP","1514","8004  >  36302 [ACK] Seq=441830 Ack=141 Win=65024 Len=1448 TSval=2916038215 TSecr=3045557989 [TCP segment of a reassembled PDU]"
"40662","34.135165777","192.168.1.55","192.168.1.2","TCP","1514","8004  >  36302 [ACK] Seq=443278 Ack=141 Win=65024 Len=1448 TSval=2916038215 TSecr=3045557989 [TCP segment of a reassembled PDU]"
"40663","34.135167481","192.168.1.55","192.168.1.2","TCP","1514","8004  >  36302 [ACK] Seq=444726 Ack=141 Win=65024 Len=1448 TSval=2916038215 TSecr=3045557989 [TCP segment of a reassembled PDU]"
"40664","34.135168833","192.168.1.55","192.168.1.2","TCP","1514","8004  >  36302 [ACK] Seq=446174 Ack=141 Win=65024 Len=1448 TSval=2916038215 TSecr=3045557989 [TCP segment of a reassembled PDU]"
"40665","34.135170147","192.168.1.55","192.168.1.2","TCP","1514","8004  >  36302 [ACK] Seq=447622 Ack=141 Win=65024 Len=1448 TSval=2916038215 TSecr=3045557989 [TCP segment of a reassembled PDU]"
"40666","34.135171425","192.168.1.55","192.168.1.2","TCP","1514","8004  >  36302 [ACK] Seq=449070 Ack=141 Win=65024 Len=1448 TSval=2916038215 TSecr=3045557989 [TCP segment of a reassembled PDU]"
"40667","34.135172944","192.168.1.55","192.168.1.2","TCP","1514","8004  >  36302 [ACK] Seq=450518 Ack=141 Win=65024 Len=1448 TSval=2916038215 TSecr=3045557989 [TCP segment of a reassembled PDU]"
"40668","34.135174407","192.168.1.55","192.168.1.2","TCP","1514","8004  >  36302 [ACK] Seq=451966 Ack=141 Win=65024 Len=1448 TSval=2916038215 TSecr=3045557989 [TCP segment of a reassembled PDU]"
"40669","34.135175814","192.168.1.55","192.168.1.2","TCP","1514","8004  >  36302 [ACK] Seq=453414 Ack=141 Win=65024 Len=1448 TSval=2916038215 TSecr=3045557989 [TCP segment of a reassembled PDU]"
"40670","34.135177110","192.168.1.55","192.168.1.2","TCP","1514","8004  >  36302 [ACK] Seq=454862 Ack=141 Win=65024 Len=1448 TSval=2916038215 TSecr=3045557989 [TCP segment of a reassembled PDU]"
"40671","34.135178444","192.168.1.55","192.168.1.2","TCP","1514","8004  >  36302 [ACK] Seq=456310 Ack=141 Win=65024 Len=1448 TSval=2916038215 TSecr=3045557989 [TCP segment of a reassembled PDU]"
"40672","34.135179888","192.168.1.55","192.168.1.2","TCP","1514","8004  >  36302 [ACK] Seq=457758 Ack=141 Win=65024 Len=1448 TSval=2916038215 TSecr=3045557989 [TCP segment of a reassembled PDU]"
"40673","34.135181314","192.168.1.55","192.168.1.2","TCP","1514","8004  >  36302 [ACK] Seq=459206 Ack=141 Win=65024 Len=1448 TSval=2916038215 TSecr=3045557989 [TCP segment of a reassembled PDU]"
"40674","34.135182870","192.168.1.55","192.168.1.2","TCP","1514","8004  >  36302 [ACK] Seq=460654 Ack=141 Win=65024 Len=1448 TSval=2916038215 TSecr=3045557989 [TCP segment of a reassembled PDU]"
"40675","34.135184333","192.168.1.55","192.168.1.2","TCP","1514","8004  >  36302 [ACK] Seq=462102 Ack=141 Win=65024 Len=1448 TSval=2916038215 TSecr=3045557989 [TCP segment of a reassembled PDU]"
"40676","34.135185833","192.168.1.55","192.168.1.2","TCP","1514","8004  >  36302 [ACK] Seq=463550 Ack=141 Win=65024 Len=1448 TSval=2916038215 TSecr=3045557989 [TCP segment of a reassembled PDU]"
"40677","34.135187296","192.168.1.55","192.168.1.2","TCP","1514","8004  >  36302 [ACK] Seq=464998 Ack=141 Win=65024 Len=1448 TSval=2916038215 TSecr=3045557989 [TCP segment of a reassembled PDU]"
"40678","34.135188722","192.168.1.55","192.168.1.2","TCP","1514","8004  >  36302 [ACK] Seq=466446 Ack=141 Win=65024 Len=1448 TSval=2916038215 TSecr=3045557989 [TCP segment of a reassembled PDU]"
"40679","34.135190129","192.168.1.55","192.168.1.2","TCP","1514","8004  >  36302 [ACK] Seq=467894 Ack=141 Win=65024 Len=1448 TSval=2916038215 TSecr=3045557989 [TCP segment of a reassembled PDU]"
"40680","34.135191518","192.168.1.55","192.168.1.2","TCP","1514","8004  >  36302 [ACK] Seq=469342 Ack=141 Win=65024 Len=1448 TSval=2916038215 TSecr=3045557989 [TCP segment of a reassembled PDU]"
"40681","34.135192888","192.168.1.55","192.168.1.2","TCP","1514","8004  >  36302 [PSH, ACK] Seq=470790 Ack=141 Win=65024 Len=1448 TSval=2916038215 TSecr=3045557989 [TCP segment of a reassembled PDU]"
"40682","34.135262944","192.168.1.2","192.168.1.55","TCP","66","36302  >  8004 [ACK] Seq=141 Ack=418662 Win=58368 Len=0 TSval=3045557989 TSecr=2916038207"
"40683","34.135272092","192.168.1.2","192.168.1.55","TCP","66","[TCP Window Update] 36302  >  8004 [ACK] Seq=141 Ack=418662 Win=142336 Len=0 TSval=3045557989 TSecr=2916038207"
"40684","34.135305111","192.168.1.55","192.168.1.2","TCP","1514","8004  >  36302 [ACK] Seq=472238 Ack=141 Win=65024 Len=1448 TSval=2916038215 TSecr=3045557989 [TCP segment of a reassembled PDU]"
"40685","34.135307611","192.168.1.55","192.168.1.2","TCP","1514","8004  >  36302 [ACK] Seq=473686 Ack=141 Win=65024 Len=1448 TSval=2916038215 TSecr=3045557989 [TCP segment of a reassembled PDU]"
"40686","34.135309222","192.168.1.55","192.168.1.2","TCP","1514","8004  >  36302 [ACK] Seq=475134 Ack=141 Win=65024 Len=1448 TSval=2916038215 TSecr=3045557989 [TCP segment of a reassembled PDU]"
"40687","34.135310666","192.168.1.55","192.168.1.2","TCP","1514","8004  >  36302 [ACK] Seq=476582 Ack=141 Win=65024 Len=1448 TSval=2916038215 TSecr=3045557989 [TCP segment of a reassembled PDU]"
"40688","34.135312055","192.168.1.55","192.168.1.2","TCP","1514","8004  >  36302 [ACK] Seq=478030 Ack=141 Win=65024 Len=1448 TSval=2916038215 TSecr=3045557989 [TCP segment of a reassembled PDU]"
"40689","34.135313444","192.168.1.55","192.168.1.2","TCP","1514","8004  >  36302 [ACK] Seq=479478 Ack=141 Win=65024 Len=1448 TSval=2916038215 TSecr=3045557989 [TCP segment of a reassembled PDU]"
"40690","34.135314796","192.168.1.55","192.168.1.2","TCP","1514","8004  >  36302 [ACK] Seq=480926 Ack=141 Win=65024 Len=1448 TSval=2916038215 TSecr=3045557989 [TCP segment of a reassembled PDU]"
"40691","34.135316240","192.168.1.55","192.168.1.2","TCP","1514","8004  >  36302 [ACK] Seq=482374 Ack=141 Win=65024 Len=1448 TSval=2916038215 TSecr=3045557989 [TCP segment of a reassembled PDU]"
"40692","34.135317592","192.168.1.55","192.168.1.2","TCP","1514","8004  >  36302 [ACK] Seq=483822 Ack=141 Win=65024 Len=1448 TSval=2916038215 TSecr=3045557989 [TCP segment of a reassembled PDU]"
"40693","34.135319129","192.168.1.55","192.168.1.2","TCP","1514","8004  >  36302 [ACK] Seq=485270 Ack=141 Win=65024 Len=1448 TSval=2916038215 TSecr=3045557989 [TCP segment of a reassembled PDU]"
"40694","34.135320648","192.168.1.55","192.168.1.2","TCP","1514","8004  >  36302 [ACK] Seq=486718 Ack=141 Win=65024 Len=1448 TSval=2916038215 TSecr=3045557989 [TCP segment of a reassembled PDU]"
"40695","34.135321944","192.168.1.55","192.168.1.2","TCP","1514","8004  >  36302 [ACK] Seq=488166 Ack=141 Win=65024 Len=1448 TSval=2916038215 TSecr=3045557989 [TCP segment of a reassembled PDU]"
"40696","34.135323370","192.168.1.55","192.168.1.2","TCP","1514","8004  >  36302 [ACK] Seq=489614 Ack=141 Win=65024 Len=1448 TSval=2916038215 TSecr=3045557989 [TCP segment of a reassembled PDU]"
"40697","34.135325500","192.168.1.55","192.168.1.2","TCP","1514","8004  >  36302 [ACK] Seq=491062 Ack=141 Win=65024 Len=1448 TSval=2916038215 TSecr=3045557989 [TCP segment of a reassembled PDU]"
"40698","34.135326796","192.168.1.55","192.168.1.2","TCP","1514","8004  >  36302 [ACK] Seq=492510 Ack=141 Win=65024 Len=1448 TSval=2916038215 TSecr=3045557989 [TCP segment of a reassembled PDU]"
"40699","34.135328370","192.168.1.55","192.168.1.2","TCP","1514","8004  >  36302 [ACK] Seq=493958 Ack=141 Win=65024 Len=1448 TSval=2916038215 TSecr=3045557989 [TCP segment of a reassembled PDU]"
"40700","34.135329851","192.168.1.55","192.168.1.2","TCP","1514","8004  >  36302 [ACK] Seq=495406 Ack=141 Win=65024 Len=1448 TSval=2916038215 TSecr=3045557989 [TCP segment of a reassembled PDU]"
"40701","34.135331203","192.168.1.55","192.168.1.2","TCP","1514","8004  >  36302 [PSH, ACK] Seq=496854 Ack=141 Win=65024 Len=1448 TSval=2916038215 TSecr=3045557989 [TCP segment of a reassembled PDU]"
"40702","34.135337000","192.168.1.55","192.168.1.2","HTTP","1472","HTTP/1.0 200 OK  (PNG)"
"40703","34.135344222","192.168.1.2","192.168.1.55","TCP","66","36302  >  8004 [ACK] Seq=141 Ack=425062 Win=169984 Len=0 TSval=3045557990 TSecr=2916038207"
"40704","34.140388878","192.168.1.2","192.168.1.55","TCP","66","36302  >  8004 [ACK] Seq=141 Ack=426510 Win=174080 Len=0 TSval=3045557991 TSecr=2916038213"
"40705","34.140498489","192.168.1.2","192.168.1.55","TCP","66","36302  >  8004 [ACK] Seq=141 Ack=427350 Win=175104 Len=0 TSval=3045557992 TSecr=2916038213"
"40706","34.141017231","192.168.1.2","192.168.1.55","TCP","66","36302  >  8004 [ACK] Seq=141 Ack=486718 Win=134144 Len=0 TSval=3045557996 TSecr=2916038215"
"40707","34.141131638","192.168.1.2","192.168.1.55","TCP","66","36302  >  8004 [ACK] Seq=141 Ack=499709 Win=121856 Len=0 TSval=3045557996 TSecr=2916038215"
"40708","34.142068418","192.168.1.2","192.168.1.55","TCP","66","36302  >  8004 [FIN, ACK] Seq=141 Ack=499709 Win=175104 Len=0 TSval=3045557996 TSecr=2916038215"
"40709","34.142086325","192.168.1.55","192.168.1.2","TCP","66","8004  >  36302 [ACK] Seq=499709 Ack=142 Win=65024 Len=0 TSval=2916038222 TSecr=3045557996"
"40710","34.142188455","192.168.1.2","192.168.1.55","TCP","74","36304  >  8004 [SYN] Seq=0 Win=64240 Len=0 MSS=1460 SACK_PERM TSval=3045557997 TSecr=0 WS=1024"
"40711","34.142205029","192.168.1.55","192.168.1.2","TCP","74","8004  >  36304 [SYN, ACK] Seq=0 Ack=1 Win=65160 Len=0 MSS=1460 SACK_PERM TSval=2916038222 TSecr=3045557997 WS=128"
"40712","34.145309978","192.168.1.2","192.168.1.55","TCP","66","36304  >  8004 [ACK] Seq=1 Ack=1 Win=64512 Len=0 TSval=3045558000 TSecr=2916038222"
"40713","34.148523484","192.168.1.2","192.168.1.55","HTTP","209","GET /original_benchmark.png HTTP/1.1 "
"40714","34.148536187","192.168.1.55","192.168.1.2","TCP","66","8004  >  36304 [ACK] Seq=1 Ack=144 Win=65024 Len=0 TSval=2916038229 TSecr=3045558000"
"40715","34.149022503","192.168.1.55","192.168.1.2","TCP","255","8004  >  36304 [PSH, ACK] Seq=1 Ack=144 Win=65024 Len=189 TSval=2916038229 TSecr=3045558000 [TCP segment of a reassembled PDU]"
"40716","34.149120836","192.168.1.55","192.168.1.2","TCP","1514","8004  >  36304 [ACK] Seq=190 Ack=144 Win=65024 Len=1448 TSval=2916038229 TSecr=3045558000 [TCP segment of a reassembled PDU]"
"40717","34.149125633","192.168.1.55","192.168.1.2","TCP","1514","8004  >  36304 [ACK] Seq=1638 Ack=144 Win=65024 Len=1448 TSval=2916038229 TSecr=3045558000 [TCP segment of a reassembled PDU]"
"40718","34.149127040","192.168.1.55","192.168.1.2","TCP","1514","8004  >  36304 [ACK] Seq=3086 Ack=144 Win=65024 Len=1448 TSval=2916038229 TSecr=3045558000 [TCP segment of a reassembled PDU]"
"40719","34.149128429","192.168.1.55","192.168.1.2","TCP","1514","8004  >  36304 [ACK] Seq=4534 Ack=144 Win=65024 Len=1448 TSval=2916038229 TSecr=3045558000 [TCP segment of a reassembled PDU]"
"40720","34.149130225","192.168.1.55","192.168.1.2","TCP","1514","8004  >  36304 [PSH, ACK] Seq=5982 Ack=144 Win=65024 Len=1448 TSval=2916038229 TSecr=3045558000 [TCP segment of a reassembled PDU]"
"40721","34.149149707","192.168.1.55","192.168.1.2","TCP","1514","8004  >  36304 [ACK] Seq=7430 Ack=144 Win=65024 Len=1448 TSval=2916038229 TSecr=3045558000 [TCP segment of a reassembled PDU]"
"40722","34.149151836","192.168.1.55","192.168.1.2","TCP","1514","8004  >  36304 [ACK] Seq=8878 Ack=144 Win=65024 Len=1448 TSval=2916038229 TSecr=3045558000 [TCP segment of a reassembled PDU]"
"40723","34.149153244","192.168.1.55","192.168.1.2","TCP","1514","8004  >  36304 [ACK] Seq=10326 Ack=144 Win=65024 Len=1448 TSval=2916038229 TSecr=3045558000 [TCP segment of a reassembled PDU]"
"40724","34.149154596","192.168.1.55","192.168.1.2","TCP","1514","8004  >  36304 [PSH, ACK] Seq=11774 Ack=144 Win=65024 Len=1448 TSval=2916038229 TSecr=3045558000 [TCP segment of a reassembled PDU]"
"40725","34.152888176","192.168.1.2","192.168.1.55","TCP","66","36304  >  8004 [ACK] Seq=144 Ack=190 Win=64512 Len=0 TSval=3045558007 TSecr=2916038229"
"40726","34.153048472","192.168.1.55","192.168.1.2","TCP","1514","8004  >  36304 [ACK] Seq=13222 Ack=144 Win=65024 Len=1448 TSval=2916038233 TSecr=3045558007 [TCP segment of a reassembled PDU]"
"40727","34.153066120","192.168.1.55","192.168.1.2","TCP","1514","8004  >  36304 [PSH, ACK] Seq=14670 Ack=144 Win=65024 Len=1448 TSval=2916038233 TSecr=3045558007 [TCP segment of a reassembled PDU]"
"40728","34.153256491","192.168.1.2","192.168.1.55","TCP","66","36304  >  8004 [ACK] Seq=144 Ack=5982 Win=76800 Len=0 TSval=3045558007 TSecr=2916038229"
"40729","34.153349676","192.168.1.55","192.168.1.2","TCP","1514","8004  >  36304 [ACK] Seq=16118 Ack=144 Win=65024 Len=1448 TSval=2916038234 TSecr=3045558007 [TCP segment of a reassembled PDU]"
"40730","34.153353732","192.168.1.55","192.168.1.2","TCP","1514","8004  >  36304 [ACK] Seq=17566 Ack=144 Win=65024 Len=1448 TSval=2916038234 TSecr=3045558007 [TCP segment of a reassembled PDU]"
"40731","34.153355825","192.168.1.55","192.168.1.2","TCP","1514","8004  >  36304 [ACK] Seq=19014 Ack=144 Win=65024 Len=1448 TSval=2916038234 TSecr=3045558007 [TCP segment of a reassembled PDU]"
"40732","34.153357139","192.168.1.55","192.168.1.2","TCP","1514","8004  >  36304 [ACK] Seq=20462 Ack=144 Win=65024 Len=1448 TSval=2916038234 TSecr=3045558007 [TCP segment of a reassembled PDU]"
"40733","34.153358602","192.168.1.55","192.168.1.2","TCP","1514","8004  >  36304 [ACK] Seq=21910 Ack=144 Win=65024 Len=1448 TSval=2916038234 TSecr=3045558007 [TCP segment of a reassembled PDU]"
"40734","34.153359954","192.168.1.55","192.168.1.2","TCP","1514","8004  >  36304 [ACK] Seq=23358 Ack=144 Win=65024 Len=1448 TSval=2916038234 TSecr=3045558007 [TCP segment of a reassembled PDU]"
"40735","34.153361417","192.168.1.55","192.168.1.2","TCP","1514","8004  >  36304 [PSH, ACK] Seq=24806 Ack=144 Win=65024 Len=1448 TSval=2916038234 TSecr=3045558007 [TCP segment of a reassembled PDU]"
"40736","34.153374232","192.168.1.2","192.168.1.55","TCP","66","36304  >  8004 [ACK] Seq=144 Ack=7430 Win=79872 Len=0 TSval=3045558008 TSecr=2916038229"
"40737","34.153381491","192.168.1.2","192.168.1.55","TCP","66","36304  >  8004 [ACK] Seq=144 Ack=13222 Win=87040 Len=0 TSval=3045558008 TSecr=2916038229"
"40738","34.153425102","192.168.1.55","192.168.1.2","TCP","1514","8004  >  36304 [ACK] Seq=26254 Ack=144 Win=65024 Len=1448 TSval=2916038234 TSecr=3045558008 [TCP segment of a reassembled PDU]"
"40739","34.153429769","192.168.1.55","192.168.1.2","TCP","1514","8004  >  36304 [ACK] Seq=27702 Ack=144 Win=65024 Len=1448 TSval=2916038234 TSecr=3045558008 [TCP segment of a reassembled PDU]"
"40740","34.153433510","192.168.1.55","192.168.1.2","TCP","1514","8004  >  36304 [ACK] Seq=29150 Ack=144 Win=65024 Len=1448 TSval=2916038234 TSecr=3045558008 [TCP segment of a reassembled PDU]"
"40741","34.153436547","192.168.1.55","192.168.1.2","TCP","1514","8004  >  36304 [ACK] Seq=30598 Ack=144 Win=65024 Len=1448 TSval=2916038234 TSecr=3045558008 [TCP segment of a reassembled PDU]"
"40742","34.153439510","192.168.1.55","192.168.1.2","TCP","1514","8004  >  36304 [ACK] Seq=32046 Ack=144 Win=65024 Len=1448 TSval=2916038234 TSecr=3045558008 [TCP segment of a reassembled PDU]"
"40743","34.153441547","192.168.1.55","192.168.1.2","TCP","1514","8004  >  36304 [ACK] Seq=33494 Ack=144 Win=65024 Len=1448 TSval=2916038234 TSecr=3045558008 [TCP segment of a reassembled PDU]"
"40744","34.153444714","192.168.1.55","192.168.1.2","TCP","1514","8004  >  36304 [ACK] Seq=34942 Ack=144 Win=65024 Len=1448 TSval=2916038234 TSecr=3045558008 [TCP segment of a reassembled PDU]"
"40745","34.153449232","192.168.1.55","192.168.1.2","TCP","1514","8004  >  36304 [ACK] Seq=36390 Ack=144 Win=65024 Len=1448 TSval=2916038234 TSecr=3045558008 [TCP segment of a reassembled PDU]"
"40746","34.153452084","192.168.1.55","192.168.1.2","TCP","1514","8004  >  36304 [ACK] Seq=37838 Ack=144 Win=65024 Len=1448 TSval=2916038234 TSecr=3045558008 [TCP segment of a reassembled PDU]"
"40747","34.153455047","192.168.1.55","192.168.1.2","TCP","1514","8004  >  36304 [PSH, ACK] Seq=39286 Ack=144 Win=65024 Len=1448 TSval=2916038234 TSecr=3045558008 [TCP segment of a reassembled PDU]"
"40748","34.154348437","192.168.1.55","192.168.1.2","TCP","1514","8004  >  36304 [ACK] Seq=40734 Ack=144 Win=65024 Len=1448 TSval=2916038235 TSecr=3045558008 [TCP segment of a reassembled PDU]"
"40749","34.158489833","192.168.1.2","192.168.1.55","TCP","66","36304  >  8004 [ACK] Seq=144 Ack=16118 Win=93184 Len=0 TSval=3045558012 TSecr=2916038233"
"40750","34.158524870","192.168.1.55","192.168.1.2","TCP","1514","8004  >  36304 [ACK] Seq=42182 Ack=144 Win=65024 Len=1448 TSval=2916038239 TSecr=3045558012 [TCP segment of a reassembled PDU]"
"40751","34.158529814","192.168.1.55","192.168.1.2","TCP","1514","8004  >  36304 [PSH, ACK] Seq=43630 Ack=144 Win=65024 Len=1448 TSval=2916038239 TSecr=3045558012 [TCP segment of a reassembled PDU]"
"40752","34.158609000","192.168.1.2","192.168.1.55","TCP","66","36304  >  8004 [ACK] Seq=144 Ack=26254 Win=86016 Len=0 TSval=3045558012 TSecr=2916038234"
"40753","34.158637833","192.168.1.55","192.168.1.2","TCP","1514","8004  >  36304 [ACK] Seq=45078 Ack=144 Win=65024 Len=1448 TSval=2916038239 TSecr=3045558012 [TCP segment of a reassembled PDU]"
"40754","34.158639592","192.168.1.55","192.168.1.2","TCP","1514","8004  >  36304 [ACK] Seq=46526 Ack=144 Win=65024 Len=1448 TSval=2916038239 TSecr=3045558012 [TCP segment of a reassembled PDU]"
"40755","34.158641000","192.168.1.55","192.168.1.2","TCP","1514","8004  >  36304 [ACK] Seq=47974 Ack=144 Win=65024 Len=1448 TSval=2916038239 TSecr=3045558012 [TCP segment of a reassembled PDU]"
"40756","34.158642259","192.168.1.55","192.168.1.2","TCP","1514","8004  >  36304 [ACK] Seq=49422 Ack=144 Win=65024 Len=1448 TSval=2916038239 TSecr=3045558012 [TCP segment of a reassembled PDU]"
"40757","34.158644185","192.168.1.55","192.168.1.2","TCP","1514","8004  >  36304 [ACK] Seq=50870 Ack=144 Win=65024 Len=1448 TSval=2916038239 TSecr=3045558012 [TCP segment of a reassembled PDU]"
"40758","34.158645981","192.168.1.55","192.168.1.2","TCP","1514","8004  >  36304 [ACK] Seq=52318 Ack=144 Win=65024 Len=1448 TSval=2916038239 TSecr=3045558012 [TCP segment of a reassembled PDU]"
"40759","34.158647907","192.168.1.55","192.168.1.2","TCP","1514","8004  >  36304 [ACK] Seq=53766 Ack=144 Win=65024 Len=1448 TSval=2916038239 TSecr=3045558012 [TCP segment of a reassembled PDU]"
"40760","34.158649389","192.168.1.55","192.168.1.2","TCP","1514","8004  >  36304 [ACK] Seq=55214 Ack=144 Win=65024 Len=1448 TSval=2916038239 TSecr=3045558012 [TCP segment of a reassembled PDU]"
"40761","34.158650629","192.168.1.55","192.168.1.2","TCP","1514","8004  >  36304 [ACK] Seq=56662 Ack=144 Win=65024 Len=1448 TSval=2916038239 TSecr=3045558012 [TCP segment of a reassembled PDU]"
"40762","34.158651944","192.168.1.55","192.168.1.2","TCP","1514","8004  >  36304 [ACK] Seq=58110 Ack=144 Win=65024 Len=1448 TSval=2916038239 TSecr=3045558012 [TCP segment of a reassembled PDU]"
"40763","34.158653166","192.168.1.55","192.168.1.2","TCP","1514","8004  >  36304 [ACK] Seq=59558 Ack=144 Win=65024 Len=1448 TSval=2916038239 TSecr=3045558012 [TCP segment of a reassembled PDU]"
"40764","34.158654389","192.168.1.55","192.168.1.2","TCP","1514","8004  >  36304 [ACK] Seq=61006 Ack=144 Win=65024 Len=1448 TSval=2916038239 TSecr=3045558012 [TCP segment of a reassembled PDU]"
"40765","34.158655777","192.168.1.55","192.168.1.2","TCP","1514","8004  >  36304 [ACK] Seq=62454 Ack=144 Win=65024 Len=1448 TSval=2916038239 TSecr=3045558012 [TCP segment of a reassembled PDU]"
"40766","34.158657777","192.168.1.55","192.168.1.2","TCP","1514","8004  >  36304 [PSH, ACK] Seq=63902 Ack=144 Win=65024 Len=1448 TSval=2916038239 TSecr=3045558012 [TCP segment of a reassembled PDU]"
"40767","34.158662703","192.168.1.2","192.168.1.55","TCP","66","36304  >  8004 [ACK] Seq=144 Ack=36390 Win=76800 Len=0 TSval=3045558012 TSecr=2916038234"
"40768","34.158691796","192.168.1.55","192.168.1.2","TCP","1514","8004  >  36304 [ACK] Seq=65350 Ack=144 Win=65024 Len=1448 TSval=2916038239 TSecr=3045558012 [TCP segment of a reassembled PDU]"
"40769","34.158695463","192.168.1.55","192.168.1.2","TCP","1514","8004  >  36304 [ACK] Seq=66798 Ack=144 Win=65024 Len=1448 TSval=2916038239 TSecr=3045558012 [TCP segment of a reassembled PDU]"
"40770","34.158697241","192.168.1.55","192.168.1.2","TCP","1514","8004  >  36304 [ACK] Seq=68246 Ack=144 Win=65024 Len=1448 TSval=2916038239 TSecr=3045558012 [TCP segment of a reassembled PDU]"
"40771","34.158698481","192.168.1.55","192.168.1.2","TCP","1514","8004  >  36304 [ACK] Seq=69694 Ack=144 Win=65024 Len=1448 TSval=2916038239 TSecr=3045558012 [TCP segment of a reassembled PDU]"
"40772","34.158699778","192.168.1.55","192.168.1.2","TCP","1514","8004  >  36304 [ACK] Seq=71142 Ack=144 Win=65024 Len=1448 TSval=2916038239 TSecr=3045558012 [TCP segment of a reassembled PDU]"
"40773","34.158701018","192.168.1.55","192.168.1.2","TCP","1514","8004  >  36304 [ACK] Seq=72590 Ack=144 Win=65024 Len=1448 TSval=2916038239 TSecr=3045558012 [TCP segment of a reassembled PDU]"
"40774","34.158702389","192.168.1.55","192.168.1.2","TCP","1514","8004  >  36304 [ACK] Seq=74038 Ack=144 Win=65024 Len=1448 TSval=2916038239 TSecr=3045558012 [TCP segment of a reassembled PDU]"
"40775","34.158703666","192.168.1.55","192.168.1.2","TCP","1514","8004  >  36304 [PSH, ACK] Seq=75486 Ack=144 Win=65024 Len=1448 TSval=2916038239 TSecr=3045558012 [TCP segment of a reassembled PDU]"
"40776","34.159668687","192.168.1.2","192.168.1.55","TCP","66","36304  >  8004 [ACK] Seq=144 Ack=39286 Win=93184 Len=0 TSval=3045558013 TSecr=2916038234"
"40777","34.159722761","192.168.1.2","192.168.1.55","TCP","66","36304  >  8004 [ACK] Seq=144 Ack=40734 Win=94208 Len=0 TSval=3045558013 TSecr=2916038234"
"40778","34.159751076","192.168.1.55","192.168.1.2","TCP","1514","8004  >  36304 [ACK] Seq=76934 Ack=144 Win=65024 Len=1448 TSval=2916038240 TSecr=3045558013 [TCP segment of a reassembled PDU]"
"40779","34.159753094","192.168.1.55","192.168.1.2","TCP","1514","8004  >  36304 [ACK] Seq=78382 Ack=144 Win=65024 Len=1448 TSval=2916038240 TSecr=3045558013 [TCP segment of a reassembled PDU]"
"40780","34.159754742","192.168.1.55","192.168.1.2","TCP","1514","8004  >  36304 [ACK] Seq=79830 Ack=144 Win=65024 Len=1448 TSval=2916038240 TSecr=3045558013 [TCP segment of a reassembled PDU]"
"40781","34.159756316","192.168.1.55","192.168.1.2","TCP","1514","8004  >  36304 [ACK] Seq=81278 Ack=144 Win=65024 Len=1448 TSval=2916038240 TSecr=3045558013 [TCP segment of a reassembled PDU]"
"40782","34.159758242","192.168.1.55","192.168.1.2","TCP","1514","8004  >  36304 [ACK] Seq=82726 Ack=144 Win=65024 Len=1448 TSval=2916038240 TSecr=3045558013 [TCP segment of a reassembled PDU]"
"40783","34.159759853","192.168.1.55","192.168.1.2","TCP","1514","8004  >  36304 [ACK] Seq=84174 Ack=144 Win=65024 Len=1448 TSval=2916038240 TSecr=3045558013 [TCP segment of a reassembled PDU]"
"40784","34.159761131","192.168.1.55","192.168.1.2","TCP","1514","8004  >  36304 [ACK] Seq=85622 Ack=144 Win=65024 Len=1448 TSval=2916038240 TSecr=3045558013 [TCP segment of a reassembled PDU]"
"40785","34.159762927","192.168.1.55","192.168.1.2","TCP","1514","8004  >  36304 [ACK] Seq=87070 Ack=144 Win=65024 Len=1448 TSval=2916038240 TSecr=3045558013 [TCP segment of a reassembled PDU]"
"40786","34.159764631","192.168.1.55","192.168.1.2","TCP","1514","8004  >  36304 [ACK] Seq=88518 Ack=144 Win=65024 Len=1448 TSval=2916038240 TSecr=3045558013 [TCP segment of a reassembled PDU]"
"40787","34.159766372","192.168.1.55","192.168.1.2","TCP","1514","8004  >  36304 [ACK] Seq=89966 Ack=144 Win=65024 Len=1448 TSval=2916038240 TSecr=3045558013 [TCP segment of a reassembled PDU]"
"40788","34.159767853","192.168.1.55","192.168.1.2","TCP","1514","8004  >  36304 [ACK] Seq=91414 Ack=144 Win=65024 Len=1448 TSval=2916038240 TSecr=3045558013 [TCP segment of a reassembled PDU]"
"40789","34.159770890","192.168.1.55","192.168.1.2","TCP","1514","8004  >  36304 [ACK] Seq=92862 Ack=144 Win=65024 Len=1448 TSval=2916038240 TSecr=3045558013 [TCP segment of a reassembled PDU]"
"40790","34.159772168","192.168.1.55","192.168.1.2","TCP","1514","8004  >  36304 [ACK] Seq=94310 Ack=144 Win=65024 Len=1448 TSval=2916038240 TSecr=3045558013 [TCP segment of a reassembled PDU]"
"40791","34.159773853","192.168.1.55","192.168.1.2","TCP","1514","8004  >  36304 [PSH, ACK] Seq=95758 Ack=144 Win=65024 Len=1448 TSval=2916038240 TSecr=3045558013 [TCP segment of a reassembled PDU]"
"40792","34.159781835","192.168.1.2","192.168.1.55","TCP","66","36304  >  8004 [ACK] Seq=144 Ack=42182 Win=94208 Len=0 TSval=3045558013 TSecr=2916038235"
"40793","34.159791983","192.168.1.55","192.168.1.2","TCP","1514","8004  >  36304 [ACK] Seq=97206 Ack=144 Win=65024 Len=1448 TSval=2916038240 TSecr=3045558013 [TCP segment of a reassembled PDU]"
"40794","34.159795224","192.168.1.55","192.168.1.2","TCP","1514","8004  >  36304 [PSH, ACK] Seq=98654 Ack=144 Win=65024 Len=1448 TSval=2916038240 TSecr=3045558013 [TCP segment of a reassembled PDU]"
"40795","34.164281379","192.168.1.2","192.168.1.55","TCP","66","36304  >  8004 [ACK] Seq=144 Ack=45078 Win=92160 Len=0 TSval=3045558018 TSecr=2916038239"
"40796","34.164297972","192.168.1.55","192.168.1.2","TCP","1514","8004  >  36304 [ACK] Seq=100102 Ack=144 Win=65024 Len=1448 TSval=2916038244 TSecr=3045558018 [TCP segment of a reassembled PDU]"
"40797","34.164300768","192.168.1.55","192.168.1.2","TCP","1514","8004  >  36304 [ACK] Seq=101550 Ack=144 Win=65024 Len=1448 TSval=2916038244 TSecr=3045558018 [TCP segment of a reassembled PDU]"
"40798","34.164307712","192.168.1.55","192.168.1.2","TCP","1514","8004  >  36304 [ACK] Seq=102998 Ack=144 Win=65024 Len=1448 TSval=2916038244 TSecr=3045558018 [TCP segment of a reassembled PDU]"
"40799","34.164309398","192.168.1.55","192.168.1.2","TCP","1514","8004  >  36304 [PSH, ACK] Seq=104446 Ack=144 Win=65024 Len=1448 TSval=2916038244 TSecr=3045558018 [TCP segment of a reassembled PDU]"
"40800","34.165409010","192.168.1.2","192.168.1.55","TCP","66","36304  >  8004 [ACK] Seq=144 Ack=61006 Win=79872 Len=0 TSval=3045558018 TSecr=2916038239"
"40801","34.165431714","192.168.1.55","192.168.1.2","TCP","1514","8004  >  36304 [ACK] Seq=105894 Ack=144 Win=65024 Len=1448 TSval=2916038246 TSecr=3045558018 [TCP segment of a reassembled PDU]"
"40802","34.165434048","192.168.1.55","192.168.1.2","TCP","1514","8004  >  36304 [ACK] Seq=107342 Ack=144 Win=65024 Len=1448 TSval=2916038246 TSecr=3045558018 [TCP segment of a reassembled PDU]"
"40803","34.165435381","192.168.1.55","192.168.1.2","TCP","1514","8004  >  36304 [ACK] Seq=108790 Ack=144 Win=65024 Len=1448 TSval=2916038246 TSecr=3045558018 [TCP segment of a reassembled PDU]"
"40804","34.165437029","192.168.1.55","192.168.1.2","TCP","1514","8004  >  36304 [ACK] Seq=110238 Ack=144 Win=65024 Len=1448 TSval=2916038246 TSecr=3045558018 [TCP segment of a reassembled PDU]"
"40805","34.165438251","192.168.1.55","192.168.1.2","TCP","1514","8004  >  36304 [ACK] Seq=111686 Ack=144 Win=65024 Len=1448 TSval=2916038246 TSecr=3045558018 [TCP segment of a reassembled PDU]"
"40806","34.165439473","192.168.1.55","192.168.1.2","TCP","1514","8004  >  36304 [ACK] Seq=113134 Ack=144 Win=65024 Len=1448 TSval=2916038246 TSecr=3045558018 [TCP segment of a reassembled PDU]"
"40807","34.165440640","192.168.1.55","192.168.1.2","TCP","1514","8004  >  36304 [ACK] Seq=114582 Ack=144 Win=65024 Len=1448 TSval=2916038246 TSecr=3045558018 [TCP segment of a reassembled PDU]"
"40808","34.165441899","192.168.1.55","192.168.1.2","TCP","1514","8004  >  36304 [ACK] Seq=116030 Ack=144 Win=65024 Len=1448 TSval=2916038246 TSecr=3045558018 [TCP segment of a reassembled PDU]"
"40809","34.165443177","192.168.1.55","192.168.1.2","TCP","1514","8004  >  36304 [ACK] Seq=117478 Ack=144 Win=65024 Len=1448 TSval=2916038246 TSecr=3045558018 [TCP segment of a reassembled PDU]"
"40810","34.165444585","192.168.1.55","192.168.1.2","TCP","1514","8004  >  36304 [PSH, ACK] Seq=118926 Ack=144 Win=65024 Len=1448 TSval=2916038246 TSecr=3045558018 [TCP segment of a reassembled PDU]"
"40811","34.165451122","192.168.1.2","192.168.1.55","TCP","66","36304  >  8004 [ACK] Seq=144 Ack=65350 Win=91136 Len=0 TSval=3045558018 TSecr=2916038239"
"40812","34.165457548","192.168.1.2","192.168.1.55","TCP","66","36304  >  8004 [ACK] Seq=144 Ack=76934 Win=83968 Len=0 TSval=3045558018 TSecr=2916038239"
"40813","34.165511900","192.168.1.2","192.168.1.55","TCP","66","36304  >  8004 [ACK] Seq=144 Ack=78382 Win=82944 Len=0 TSval=3045558018 TSecr=2916038240"
"40814","34.165515992","192.168.1.2","192.168.1.55","TCP","66","36304  >  8004 [ACK] Seq=144 Ack=91414 Win=81920 Len=0 TSval=3045558018 TSecr=2916038240"
"40815","34.165558085","192.168.1.55","192.168.1.2","TCP","1514","8004  >  36304 [ACK] Seq=120374 Ack=144 Win=65024 Len=1448 TSval=2916038246 TSecr=3045558018 [TCP segment of a reassembled PDU]"
"40816","34.165564270","192.168.1.55","192.168.1.2","TCP","1514","8004  >  36304 [ACK] Seq=121822 Ack=144 Win=65024 Len=1448 TSval=2916038246 TSecr=3045558018 [TCP segment of a reassembled PDU]"
"40817","34.165565640","192.168.1.55","192.168.1.2","TCP","1514","8004  >  36304 [ACK] Seq=123270 Ack=144 Win=65024 Len=1448 TSval=2916038246 TSecr=3045558018 [TCP segment of a reassembled PDU]"
"40818","34.165566807","192.168.1.55","192.168.1.2","TCP","1514","8004  >  36304 [ACK] Seq=124718 Ack=144 Win=65024 Len=1448 TSval=2916038246 TSecr=3045558018 [TCP segment of a reassembled PDU]"
"40819","34.165568011","192.168.1.55","192.168.1.2","TCP","1514","8004  >  36304 [ACK] Seq=126166 Ack=144 Win=65024 Len=1448 TSval=2916038246 TSecr=3045558018 [TCP segment of a reassembled PDU]"
"40820","34.165569251","192.168.1.55","192.168.1.2","TCP","1514","8004  >  36304 [ACK] Seq=127614 Ack=144 Win=65024 Len=1448 TSval=2916038246 TSecr=3045558018 [TCP segment of a reassembled PDU]"
"40821","34.165570400","192.168.1.55","192.168.1.2","TCP","1514","8004  >  36304 [ACK] Seq=129062 Ack=144 Win=65024 Len=1448 TSval=2916038246 TSecr=3045558018 [TCP segment of a reassembled PDU]"
"40822","34.165571714","192.168.1.55","192.168.1.2","TCP","1514","8004  >  36304 [ACK] Seq=130510 Ack=144 Win=65024 Len=1448 TSval=2916038246 TSecr=3045558018 [TCP segment of a reassembled PDU]"
"40823","34.165572992","192.168.1.55","192.168.1.2","TCP","1514","8004  >  36304 [ACK] Seq=131958 Ack=144 Win=65024 Len=1448 TSval=2916038246 TSecr=3045558018 [TCP segment of a reassembled PDU]"
"40824","34.165574233","192.168.1.55","192.168.1.2","TCP","1514","8004  >  36304 [ACK] Seq=133406 Ack=144 Win=65024 Len=1448 TSval=2916038246 TSecr=3045558018 [TCP segment of a reassembled PDU]"
"40825","34.165575548","192.168.1.55","192.168.1.2","TCP","1514","8004  >  36304 [ACK] Seq=134854 Ack=144 Win=65024 Len=1448 TSval=2916038246 TSecr=3045558018 [TCP segment of a reassembled PDU]"
"40826","34.165577251","192.168.1.55","192.168.1.2","TCP","1514","8004  >  36304 [ACK] Seq=136302 Ack=144 Win=65024 Len=1448 TSval=2916038246 TSecr=3045558018 [TCP segment of a reassembled PDU]"
"40827","34.165578492","192.168.1.55","192.168.1.2","TCP","1514","8004  >  36304 [ACK] Seq=137750 Ack=144 Win=65024 Len=1448 TSval=2916038246 TSecr=3045558018 [TCP segment of a reassembled PDU]"
"40828","34.165579826","192.168.1.55","192.168.1.2","TCP","1514","8004  >  36304 [ACK] Seq=139198 Ack=144 Win=65024 Len=1448 TSval=2916038246 TSecr=3045558018 [TCP segment of a reassembled PDU]"
"40829","34.165581066","192.168.1.55","192.168.1.2","TCP","1514","8004  >  36304 [ACK] Seq=140646 Ack=144 Win=65024 Len=1448 TSval=2916038246 TSecr=3045558018 [TCP segment of a reassembled PDU]"
"40830","34.165582363","192.168.1.55","192.168.1.2","TCP","1514","8004  >  36304 [ACK] Seq=142094 Ack=144 Win=65024 Len=1448 TSval=2916038246 TSecr=3045558018 [TCP segment of a reassembled PDU]"
"40831","34.165583677","192.168.1.55","192.168.1.2","TCP","1514","8004  >  36304 [ACK] Seq=143542 Ack=144 Win=65024 Len=1448 TSval=2916038246 TSecr=3045558018 [TCP segment of a reassembled PDU]"
"40832","34.165585011","192.168.1.55","192.168.1.2","TCP","1514","8004  >  36304 [ACK] Seq=144990 Ack=144 Win=65024 Len=1448 TSval=2916038246 TSecr=3045558018 [TCP segment of a reassembled PDU]"
"40833","34.165586344","192.168.1.55","192.168.1.2","TCP","1514","8004  >  36304 [ACK] Seq=146438 Ack=144 Win=65024 Len=1448 TSval=2916038246 TSecr=3045558018 [TCP segment of a reassembled PDU]"
"40834","34.165587511","192.168.1.55","192.168.1.2","TCP","1514","8004  >  36304 [ACK] Seq=147886 Ack=144 Win=65024 Len=1448 TSval=2916038246 TSecr=3045558018 [TCP segment of a reassembled PDU]"
"40835","34.165588844","192.168.1.55","192.168.1.2","TCP","1514","8004  >  36304 [ACK] Seq=149334 Ack=144 Win=65024 Len=1448 TSval=2916038246 TSecr=3045558018 [TCP segment of a reassembled PDU]"
"40836","34.165590122","192.168.1.55","192.168.1.2","TCP","1514","8004  >  36304 [ACK] Seq=150782 Ack=144 Win=65024 Len=1448 TSval=2916038246 TSecr=3045558018 [TCP segment of a reassembled PDU]"
"40837","34.165591381","192.168.1.55","192.168.1.2","TCP","1514","8004  >  36304 [ACK] Seq=152230 Ack=144 Win=65024 Len=1448 TSval=2916038246 TSecr=3045558018 [TCP segment of a reassembled PDU]"
"40838","34.165592770","192.168.1.55","192.168.1.2","TCP","1514","8004  >  36304 [ACK] Seq=153678 Ack=144 Win=65024 Len=1448 TSval=2916038246 TSecr=3045558018 [TCP segment of a reassembled PDU]"
"40839","34.165594085","192.168.1.55","192.168.1.2","TCP","1514","8004  >  36304 [ACK] Seq=155126 Ack=144 Win=65024 Len=1448 TSval=2916038246 TSecr=3045558018 [TCP segment of a reassembled PDU]"
"40840","34.165595437","192.168.1.55","192.168.1.2","TCP","1514","8004  >  36304 [ACK] Seq=156574 Ack=144 Win=65024 Len=1448 TSval=2916038246 TSecr=3045558018 [TCP segment of a reassembled PDU]"
"40841","34.165596659","192.168.1.55","192.168.1.2","TCP","1514","8004  >  36304 [ACK] Seq=158022 Ack=144 Win=65024 Len=1448 TSval=2916038246 TSecr=3045558018 [TCP segment of a reassembled PDU]"
"40842","34.165598066","192.168.1.55","192.168.1.2","TCP","1498","8004  >  36304 [PSH, ACK] Seq=159470 Ack=144 Win=65024 Len=1432 TSval=2916038246 TSecr=3045558018 [TCP segment of a reassembled PDU]"
"40843","34.165939493","192.168.1.55","192.168.1.2","TCP","1514","8004  >  36304 [ACK] Seq=160902 Ack=144 Win=65024 Len=1448 TSval=2916038246 TSecr=3045558018 [TCP segment of a reassembled PDU]"
"40844","34.165941937","192.168.1.55","192.168.1.2","TCP","1514","8004  >  36304 [PSH, ACK] Seq=162350 Ack=144 Win=65024 Len=1448 TSval=2916038246 TSecr=3045558018 [TCP segment of a reassembled PDU]"
"40845","34.165948048","192.168.1.55","192.168.1.2","TCP","82","8004  >  36304 [ACK] Seq=163798 Ack=144 Win=65024 Len=16 TSval=2916038246 TSecr=3045558018 [TCP segment of a reassembled PDU]"
"40846","34.168236552","192.168.1.2","192.168.1.55","TCP","66","36304  >  8004 [ACK] Seq=144 Ack=97206 Win=88064 Len=0 TSval=3045558020 TSecr=2916038240"
"40847","34.168268385","192.168.1.55","192.168.1.2","TCP","1514","8004  >  36304 [ACK] Seq=163814 Ack=144 Win=65024 Len=1448 TSval=2916038248 TSecr=3045558020 [TCP segment of a reassembled PDU]"
"40848","34.168272015","192.168.1.55","192.168.1.2","TCP","1514","8004  >  36304 [ACK] Seq=165262 Ack=144 Win=65024 Len=1448 TSval=2916038248 TSecr=3045558020 [TCP segment of a reassembled PDU]"
"40849","34.168273330","192.168.1.55","192.168.1.2","TCP","1514","8004  >  36304 [ACK] Seq=166710 Ack=144 Win=65024 Len=1448 TSval=2916038248 TSecr=3045558020 [TCP segment of a reassembled PDU]"
"40850","34.168274774","192.168.1.55","192.168.1.2","TCP","1514","8004  >  36304 [ACK] Seq=168158 Ack=144 Win=65024 Len=1448 TSval=2916038248 TSecr=3045558020 [TCP segment of a reassembled PDU]"
"40851","34.168276071","192.168.1.55","192.168.1.2","TCP","1514","8004  >  36304 [ACK] Seq=169606 Ack=144 Win=65024 Len=1448 TSval=2916038248 TSecr=3045558020 [TCP segment of a reassembled PDU]"
"40852","34.168277404","192.168.1.55","192.168.1.2","TCP","1514","8004  >  36304 [ACK] Seq=171054 Ack=144 Win=65024 Len=1448 TSval=2916038248 TSecr=3045558020 [TCP segment of a reassembled PDU]"
"40853","34.168278830","192.168.1.55","192.168.1.2","TCP","1514","8004  >  36304 [ACK] Seq=172502 Ack=144 Win=65024 Len=1448 TSval=2916038248 TSecr=3045558020 [TCP segment of a reassembled PDU]"
"40854","34.168280237","192.168.1.55","192.168.1.2","TCP","1514","8004  >  36304 [ACK] Seq=173950 Ack=144 Win=65024 Len=1448 TSval=2916038248 TSecr=3045558020 [TCP segment of a reassembled PDU]"
"40855","34.168281441","192.168.1.55","192.168.1.2","TCP","1514","8004  >  36304 [ACK] Seq=175398 Ack=144 Win=65024 Len=1448 TSval=2916038248 TSecr=3045558020 [TCP segment of a reassembled PDU]"
"40856","34.168282737","192.168.1.55","192.168.1.2","TCP","1514","8004  >  36304 [ACK] Seq=176846 Ack=144 Win=65024 Len=1448 TSval=2916038248 TSecr=3045558020 [TCP segment of a reassembled PDU]"
"40857","34.168283867","192.168.1.55","192.168.1.2","TCP","1514","8004  >  36304 [ACK] Seq=178294 Ack=144 Win=65024 Len=1448 TSval=2916038248 TSecr=3045558020 [TCP segment of a reassembled PDU]"
"40858","34.168285015","192.168.1.55","192.168.1.2","TCP","1514","8004  >  36304 [ACK] Seq=179742 Ack=144 Win=65024 Len=1448 TSval=2916038248 TSecr=3045558020 [TCP segment of a reassembled PDU]"
"40859","34.168286219","192.168.1.55","192.168.1.2","TCP","1514","8004  >  36304 [ACK] Seq=181190 Ack=144 Win=65024 Len=1448 TSval=2916038248 TSecr=3045558020 [TCP segment of a reassembled PDU]"
"40860","34.168287460","192.168.1.55","192.168.1.2","TCP","1514","8004  >  36304 [PSH, ACK] Seq=182638 Ack=144 Win=65024 Len=1448 TSval=2916038248 TSecr=3045558020 [TCP segment of a reassembled PDU]"
"40861","34.168347756","192.168.1.2","192.168.1.55","TCP","66","36304  >  8004 [ACK] Seq=144 Ack=100102 Win=91136 Len=0 TSval=3045558020 TSecr=2916038240"
"40862","34.171470242","192.168.1.2","192.168.1.55","TCP","66","36304  >  8004 [ACK] Seq=144 Ack=105894 Win=86016 Len=0 TSval=3045558022 TSecr=2916038244"
"40863","34.171488446","192.168.1.55","192.168.1.2","TCP","1514","8004  >  36304 [ACK] Seq=184086 Ack=144 Win=65024 Len=1448 TSval=2916038252 TSecr=3045558022 [TCP segment of a reassembled PDU]"
"40864","34.171492113","192.168.1.55","192.168.1.2","TCP","1514","8004  >  36304 [ACK] Seq=185534 Ack=144 Win=65024 Len=1448 TSval=2916038252 TSecr=3045558022 [TCP segment of a reassembled PDU]"
"40865","34.171493279","192.168.1.55","192.168.1.2","TCP","1514","8004  >  36304 [ACK] Seq=186982 Ack=144 Win=65024 Len=1448 TSval=2916038252 TSecr=3045558022 [TCP segment of a reassembled PDU]"
"40866","34.171494446","192.168.1.55","192.168.1.2","TCP","1514","8004  >  36304 [ACK] Seq=188430 Ack=144 Win=65024 Len=1448 TSval=2916038252 TSecr=3045558022 [TCP segment of a reassembled PDU]"
"40867","34.171495816","192.168.1.55","192.168.1.2","TCP","1514","8004  >  36304 [PSH, ACK] Seq=189878 Ack=144 Win=65024 Len=1448 TSval=2916038252 TSecr=3045558022 [TCP segment of a reassembled PDU]"
"40868","34.173273708","192.168.1.2","192.168.1.55","TCP","66","36304  >  8004 [ACK] Seq=144 Ack=124718 Win=75776 Len=0 TSval=3045558027 TSecr=2916038246"
"40869","34.173289690","192.168.1.55","192.168.1.2","TCP","1514","8004  >  36304 [ACK] Seq=191326 Ack=144 Win=65024 Len=1448 TSval=2916038253 TSecr=3045558027 [TCP segment of a reassembled PDU]"
"40870","34.173295097","192.168.1.55","192.168.1.2","TCP","1514","8004  >  36304 [ACK] Seq=192774 Ack=144 Win=65024 Len=1448 TSval=2916038253 TSecr=3045558027 [TCP segment of a reassembled PDU]"
"40871","34.173296264","192.168.1.55","192.168.1.2","TCP","1514","8004  >  36304 [ACK] Seq=194222 Ack=144 Win=65024 Len=1448 TSval=2916038253 TSecr=3045558027 [TCP segment of a reassembled PDU]"
"40872","34.173297393","192.168.1.55","192.168.1.2","TCP","1514","8004  >  36304 [ACK] Seq=195670 Ack=144 Win=65024 Len=1448 TSval=2916038253 TSecr=3045558027 [TCP segment of a reassembled PDU]"
"40873","34.173298690","192.168.1.55","192.168.1.2","TCP","1514","8004  >  36304 [ACK] Seq=197118 Ack=144 Win=65024 Len=1448 TSval=2916038253 TSecr=3045558027 [TCP segment of a reassembled PDU]"
"40874","34.173299856","192.168.1.55","192.168.1.2","TCP","1514","8004  >  36304 [PSH, ACK] Seq=198566 Ack=144 Win=65024 Len=1448 TSval=2916038253 TSecr=3045558027 [TCP segment of a reassembled PDU]"
"40875","34.173651190","192.168.1.2","192.168.1.55","TCP","66","36304  >  8004 [ACK] Seq=144 Ack=160902 Win=60416 Len=0 TSval=3045558027 TSecr=2916038246"
"40876","34.173666987","192.168.1.55","192.168.1.2","TCP","1514","8004  >  36304 [ACK] Seq=200014 Ack=144 Win=65024 Len=1448 TSval=2916038254 TSecr=3045558027 [TCP segment of a reassembled PDU]"
"40877","34.173669061","192.168.1.55","192.168.1.2","TCP","1514","8004  >  36304 [ACK] Seq=201462 Ack=144 Win=65024 Len=1448 TSval=2916038254 TSecr=3045558027 [TCP segment of a reassembled PDU]"
"40878","34.173670338","192.168.1.55","192.168.1.2","TCP","1514","8004  >  36304 [ACK] Seq=202910 Ack=144 Win=65024 Len=1448 TSval=2916038254 TSecr=3045558027 [TCP segment of a reassembled PDU]"
"40879","34.173671635","192.168.1.55","192.168.1.2","TCP","1514","8004  >  36304 [ACK] Seq=204358 Ack=144 Win=65024 Len=1448 TSval=2916038254 TSecr=3045558027 [TCP segment of a reassembled PDU]"
"40880","34.173672968","192.168.1.55","192.168.1.2","TCP","1514","8004  >  36304 [ACK] Seq=205806 Ack=144 Win=65024 Len=1448 TSval=2916038254 TSecr=3045558027 [TCP segment of a reassembled PDU]"
"40881","34.173674172","192.168.1.55","192.168.1.2","TCP","1514","8004  >  36304 [ACK] Seq=207254 Ack=144 Win=65024 Len=1448 TSval=2916038254 TSecr=3045558027 [TCP segment of a reassembled PDU]"
"40882","34.173675579","192.168.1.55","192.168.1.2","TCP","1514","8004  >  36304 [PSH, ACK] Seq=208702 Ack=144 Win=65024 Len=1448 TSval=2916038254 TSecr=3045558027 [TCP segment of a reassembled PDU]"
"40883","34.173680079","192.168.1.2","192.168.1.55","TCP","66","36304  >  8004 [ACK] Seq=144 Ack=181190 Win=40960 Len=0 TSval=3045558027 TSecr=2916038246"
"40884","34.173687801","192.168.1.2","192.168.1.55","TCP","66","[TCP Window Update] 36304  >  8004 [ACK] Seq=144 Ack=181190 Win=94208 Len=0 TSval=3045558027 TSecr=2916038246"
"40885","34.173724561","192.168.1.55","192.168.1.2","TCP","1514","8004  >  36304 [ACK] Seq=210150 Ack=144 Win=65024 Len=1448 TSval=2916038254 TSecr=3045558027 [TCP segment of a reassembled PDU]"
"40886","34.173726468","192.168.1.55","192.168.1.2","TCP","1514","8004  >  36304 [ACK] Seq=211598 Ack=144 Win=65024 Len=1448 TSval=2916038254 TSecr=3045558027 [TCP segment of a reassembled PDU]"
"40887","34.173727913","192.168.1.55","192.168.1.2","TCP","1514","8004  >  36304 [ACK] Seq=213046 Ack=144 Win=65024 Len=1448 TSval=2916038254 TSecr=3045558027 [TCP segment of a reassembled PDU]"
"40888","34.173729246","192.168.1.55","192.168.1.2","TCP","1514","8004  >  36304 [ACK] Seq=214494 Ack=144 Win=65024 Len=1448 TSval=2916038254 TSecr=3045558027 [TCP segment of a reassembled PDU]"
"40889","34.173730542","192.168.1.55","192.168.1.2","TCP","1514","8004  >  36304 [ACK] Seq=215942 Ack=144 Win=65024 Len=1448 TSval=2916038254 TSecr=3045558027 [TCP segment of a reassembled PDU]"
"40890","34.173731802","192.168.1.55","192.168.1.2","TCP","1514","8004  >  36304 [ACK] Seq=217390 Ack=144 Win=65024 Len=1448 TSval=2916038254 TSecr=3045558027 [TCP segment of a reassembled PDU]"
"40891","34.173733153","192.168.1.55","192.168.1.2","TCP","1514","8004  >  36304 [ACK] Seq=218838 Ack=144 Win=65024 Len=1448 TSval=2916038254 TSecr=3045558027 [TCP segment of a reassembled PDU]"
"40892","34.173734487","192.168.1.55","192.168.1.2","TCP","1514","8004  >  36304 [ACK] Seq=220286 Ack=144 Win=65024 Len=1448 TSval=2916038254 TSecr=3045558027 [TCP segment of a reassembled PDU]"
"40893","34.173735746","192.168.1.55","192.168.1.2","TCP","1514","8004  >  36304 [ACK] Seq=221734 Ack=144 Win=65024 Len=1448 TSval=2916038254 TSecr=3045558027 [TCP segment of a reassembled PDU]"
"40894","34.173737005","192.168.1.55","192.168.1.2","TCP","1514","8004  >  36304 [ACK] Seq=223182 Ack=144 Win=65024 Len=1448 TSval=2916038254 TSecr=3045558027 [TCP segment of a reassembled PDU]"
"40895","34.173738227","192.168.1.55","192.168.1.2","TCP","1514","8004  >  36304 [ACK] Seq=224630 Ack=144 Win=65024 Len=1448 TSval=2916038254 TSecr=3045558027 [TCP segment of a reassembled PDU]"
"40896","34.173739450","192.168.1.55","192.168.1.2","TCP","1514","8004  >  36304 [ACK] Seq=226078 Ack=144 Win=65024 Len=1448 TSval=2916038254 TSecr=3045558027 [TCP segment of a reassembled PDU]"
"40897","34.173740727","192.168.1.55","192.168.1.2","TCP","1514","8004  >  36304 [ACK] Seq=227526 Ack=144 Win=65024 Len=1448 TSval=2916038254 TSecr=3045558027 [TCP segment of a reassembled PDU]"
"40898","34.173741968","192.168.1.55","192.168.1.2","TCP","1514","8004  >  36304 [ACK] Seq=228974 Ack=144 Win=65024 Len=1448 TSval=2916038254 TSecr=3045558027 [TCP segment of a reassembled PDU]"
"40899","34.173743505","192.168.1.55","192.168.1.2","TCP","1514","8004  >  36304 [ACK] Seq=230422 Ack=144 Win=65024 Len=1448 TSval=2916038254 TSecr=3045558027 [TCP segment of a reassembled PDU]"
"40900","34.173745024","192.168.1.55","192.168.1.2","TCP","1514","8004  >  36304 [ACK] Seq=231870 Ack=144 Win=65024 Len=1448 TSval=2916038254 TSecr=3045558027 [TCP segment of a reassembled PDU]"
"40901","34.173746283","192.168.1.55","192.168.1.2","TCP","1514","8004  >  36304 [ACK] Seq=233318 Ack=144 Win=65024 Len=1448 TSval=2916038254 TSecr=3045558027 [TCP segment of a reassembled PDU]"
"40902","34.173747505","192.168.1.55","192.168.1.2","TCP","1514","8004  >  36304 [ACK] Seq=234766 Ack=144 Win=65024 Len=1448 TSval=2916038254 TSecr=3045558027 [TCP segment of a reassembled PDU]"
"40903","34.173748802","192.168.1.55","192.168.1.2","TCP","1514","8004  >  36304 [ACK] Seq=236214 Ack=144 Win=65024 Len=1448 TSval=2916038254 TSecr=3045558027 [TCP segment of a reassembled PDU]"
"40904","34.173750153","192.168.1.55","192.168.1.2","TCP","1514","8004  >  36304 [ACK] Seq=237662 Ack=144 Win=65024 Len=1448 TSval=2916038254 TSecr=3045558027 [TCP segment of a reassembled PDU]"
"40905","34.173751413","192.168.1.55","192.168.1.2","TCP","1514","8004  >  36304 [ACK] Seq=239110 Ack=144 Win=65024 Len=1448 TSval=2916038254 TSecr=3045558027 [TCP segment of a reassembled PDU]"
"40906","34.173752690","192.168.1.55","192.168.1.2","TCP","1514","8004  >  36304 [ACK] Seq=240558 Ack=144 Win=65024 Len=1448 TSval=2916038254 TSecr=3045558027 [TCP segment of a reassembled PDU]"
"40907","34.173753931","192.168.1.55","192.168.1.2","TCP","1514","8004  >  36304 [ACK] Seq=242006 Ack=144 Win=65024 Len=1448 TSval=2916038254 TSecr=3045558027 [TCP segment of a reassembled PDU]"
"40908","34.173755116","192.168.1.55","192.168.1.2","TCP","1514","8004  >  36304 [ACK] Seq=243454 Ack=144 Win=65024 Len=1448 TSval=2916038254 TSecr=3045558027 [TCP segment of a reassembled PDU]"
"40909","34.173756376","192.168.1.55","192.168.1.2","TCP","1514","8004  >  36304 [ACK] Seq=244902 Ack=144 Win=65024 Len=1448 TSval=2916038254 TSecr=3045558027 [TCP segment of a reassembled PDU]"
"40910","34.173757616","192.168.1.55","192.168.1.2","TCP","1514","8004  >  36304 [ACK] Seq=246350 Ack=144 Win=65024 Len=1448 TSval=2916038254 TSecr=3045558027 [TCP segment of a reassembled PDU]"
"40911","34.173758783","192.168.1.55","192.168.1.2","TCP","1514","8004  >  36304 [ACK] Seq=247798 Ack=144 Win=65024 Len=1448 TSval=2916038254 TSecr=3045558027 [TCP segment of a reassembled PDU]"
"40912","34.173760561","192.168.1.55","192.168.1.2","TCP","1514","8004  >  36304 [ACK] Seq=249246 Ack=144 Win=65024 Len=1448 TSval=2916038254 TSecr=3045558027 [TCP segment of a reassembled PDU]"
"40913","34.173761802","192.168.1.55","192.168.1.2","TCP","1514","8004  >  36304 [ACK] Seq=250694 Ack=144 Win=65024 Len=1448 TSval=2916038254 TSecr=3045558027 [TCP segment of a reassembled PDU]"
"40914","34.173763079","192.168.1.55","192.168.1.2","TCP","1514","8004  >  36304 [ACK] Seq=252142 Ack=144 Win=65024 Len=1448 TSval=2916038254 TSecr=3045558027 [TCP segment of a reassembled PDU]"
"40915","34.173764394","192.168.1.55","192.168.1.2","TCP","1514","8004  >  36304 [ACK] Seq=253590 Ack=144 Win=65024 Len=1448 TSval=2916038254 TSecr=3045558027 [TCP segment of a reassembled PDU]"
"40916","34.173765579","192.168.1.55","192.168.1.2","TCP","1514","8004  >  36304 [PSH, ACK] Seq=255038 Ack=144 Win=65024 Len=1448 TSval=2916038254 TSecr=3045558027 [TCP segment of a reassembled PDU]"
"40917","34.177844790","192.168.1.2","192.168.1.55","TCP","66","36304  >  8004 [ACK] Seq=144 Ack=184086 Win=94208 Len=0 TSval=3045558029 TSecr=2916038248"
"40918","34.177875086","192.168.1.55","192.168.1.2","TCP","1514","8004  >  36304 [ACK] Seq=256486 Ack=144 Win=65024 Len=1448 TSval=2916038258 TSecr=3045558029 [TCP segment of a reassembled PDU]"
"40919","34.177877993","192.168.1.55","192.168.1.2","TCP","1514","8004  >  36304 [ACK] Seq=257934 Ack=144 Win=65024 Len=1448 TSval=2916038258 TSecr=3045558029 [TCP segment of a reassembled PDU]"
"40920","34.177878956","192.168.1.55","192.168.1.2","TCP","1514","8004  >  36304 [ACK] Seq=259382 Ack=144 Win=65024 Len=1448 TSval=2916038258 TSecr=3045558029 [TCP segment of a reassembled PDU]"
"40921","34.177879882","192.168.1.55","192.168.1.2","TCP","1514","8004  >  36304 [ACK] Seq=260830 Ack=144 Win=65024 Len=1448 TSval=2916038258 TSecr=3045558029 [TCP segment of a reassembled PDU]"
"40922","34.177880771","192.168.1.55","192.168.1.2","TCP","1514","8004  >  36304 [ACK] Seq=262278 Ack=144 Win=65024 Len=1448 TSval=2916038258 TSecr=3045558029 [TCP segment of a reassembled PDU]"
"40923","34.177881753","192.168.1.55","192.168.1.2","TCP","1514","8004  >  36304 [ACK] Seq=263726 Ack=144 Win=65024 Len=1448 TSval=2916038258 TSecr=3045558029 [TCP segment of a reassembled PDU]"
"40924","34.177882641","192.168.1.55","192.168.1.2","TCP","1514","8004  >  36304 [ACK] Seq=265174 Ack=144 Win=65024 Len=1448 TSval=2916038258 TSecr=3045558029 [TCP segment of a reassembled PDU]"
"40925","34.177883623","192.168.1.55","192.168.1.2","TCP","1514","8004  >  36304 [ACK] Seq=266622 Ack=144 Win=65024 Len=1448 TSval=2916038258 TSecr=3045558029 [TCP segment of a reassembled PDU]"
"40926","34.177884530","192.168.1.55","192.168.1.2","TCP","1514","8004  >  36304 [ACK] Seq=268070 Ack=144 Win=65024 Len=1448 TSval=2916038258 TSecr=3045558029 [TCP segment of a reassembled PDU]"
"40927","34.177885512","192.168.1.55","192.168.1.2","TCP","1514","8004  >  36304 [ACK] Seq=269518 Ack=144 Win=65024 Len=1448 TSval=2916038258 TSecr=3045558029 [TCP segment of a reassembled PDU]"
"40928","34.177886567","192.168.1.55","192.168.1.2","TCP","1514","8004  >  36304 [ACK] Seq=270966 Ack=144 Win=65024 Len=1448 TSval=2916038258 TSecr=3045558029 [TCP segment of a reassembled PDU]"
"40929","34.177887438","192.168.1.55","192.168.1.2","TCP","1514","8004  >  36304 [ACK] Seq=272414 Ack=144 Win=65024 Len=1448 TSval=2916038258 TSecr=3045558029 [TCP segment of a reassembled PDU]"
"40930","34.177888401","192.168.1.55","192.168.1.2","TCP","1514","8004  >  36304 [ACK] Seq=273862 Ack=144 Win=65024 Len=1448 TSval=2916038258 TSecr=3045558029 [TCP segment of a reassembled PDU]"
"40931","34.177889327","192.168.1.55","192.168.1.2","TCP","1514","8004  >  36304 [ACK] Seq=275310 Ack=144 Win=65024 Len=1448 TSval=2916038258 TSecr=3045558029 [TCP segment of a reassembled PDU]"
"40932","34.177890179","192.168.1.55","192.168.1.2","TCP","1514","8004  >  36304 [ACK] Seq=276758 Ack=144 Win=65024 Len=1448 TSval=2916038258 TSecr=3045558029 [TCP segment of a reassembled PDU]"
"40933","34.177891253","192.168.1.55","192.168.1.2","TCP","154","[TCP Window Full] 8004  >  36304 [PSH, ACK] Seq=278206 Ack=144 Win=65024 Len=88 TSval=2916038258 TSecr=3045558029 [TCP segment of a reassembled PDU]"
"40934","34.178495642","192.168.1.2","192.168.1.55","TCP","66","36304  >  8004 [ACK] Seq=144 Ack=191326 Win=90112 Len=0 TSval=3045558030 TSecr=2916038252"
"40935","34.179159162","192.168.1.2","192.168.1.55","TCP","66","36304  >  8004 [ACK] Seq=144 Ack=210150 Win=94208 Len=0 TSval=3045558033 TSecr=2916038253"
"40936","34.179178569","192.168.1.55","192.168.1.2","TCP","1514","8004  >  36304 [ACK] Seq=278294 Ack=144 Win=65024 Len=1448 TSval=2916038259 TSecr=3045558033 [TCP segment of a reassembled PDU]"
"40937","34.179180736","192.168.1.55","192.168.1.2","TCP","1514","8004  >  36304 [ACK] Seq=279742 Ack=144 Win=65024 Len=1448 TSval=2916038259 TSecr=3045558033 [TCP segment of a reassembled PDU]"
"40938","34.179181792","192.168.1.55","192.168.1.2","TCP","1514","8004  >  36304 [ACK] Seq=281190 Ack=144 Win=65024 Len=1448 TSval=2916038259 TSecr=3045558033 [TCP segment of a reassembled PDU]"
"40939","34.179182681","192.168.1.55","192.168.1.2","TCP","1514","8004  >  36304 [ACK] Seq=282638 Ack=144 Win=65024 Len=1448 TSval=2916038259 TSecr=3045558033 [TCP segment of a reassembled PDU]"
"40940","34.179183625","192.168.1.55","192.168.1.2","TCP","1514","8004  >  36304 [ACK] Seq=284086 Ack=144 Win=65024 Len=1448 TSval=2916038259 TSecr=3045558033 [TCP segment of a reassembled PDU]"
"40941","34.179184514","192.168.1.55","192.168.1.2","TCP","1514","8004  >  36304 [ACK] Seq=285534 Ack=144 Win=65024 Len=1448 TSval=2916038259 TSecr=3045558033 [TCP segment of a reassembled PDU]"
"40942","34.179185458","192.168.1.55","192.168.1.2","TCP","1514","8004  >  36304 [ACK] Seq=286982 Ack=144 Win=65024 Len=1448 TSval=2916038259 TSecr=3045558033 [TCP segment of a reassembled PDU]"
"40943","34.179186458","192.168.1.55","192.168.1.2","TCP","1514","8004  >  36304 [ACK] Seq=288430 Ack=144 Win=65024 Len=1448 TSval=2916038259 TSecr=3045558033 [TCP segment of a reassembled PDU]"
"40944","34.179187458","192.168.1.55","192.168.1.2","TCP","1514","8004  >  36304 [ACK] Seq=289878 Ack=144 Win=65024 Len=1448 TSval=2916038259 TSecr=3045558033 [TCP segment of a reassembled PDU]"
"40945","34.179188366","192.168.1.55","192.168.1.2","TCP","1514","8004  >  36304 [ACK] Seq=291326 Ack=144 Win=65024 Len=1448 TSval=2916038259 TSecr=3045558033 [TCP segment of a reassembled PDU]"
"40946","34.179189403","192.168.1.55","192.168.1.2","TCP","1514","8004  >  36304 [ACK] Seq=292774 Ack=144 Win=65024 Len=1448 TSval=2916038259 TSecr=3045558033 [TCP segment of a reassembled PDU]"
"40947","34.179190403","192.168.1.55","192.168.1.2","TCP","1514","8004  >  36304 [ACK] Seq=294222 Ack=144 Win=65024 Len=1448 TSval=2916038259 TSecr=3045558033 [TCP segment of a reassembled PDU]"
"40948","34.179191792","192.168.1.55","192.168.1.2","TCP","1514","8004  >  36304 [ACK] Seq=295670 Ack=144 Win=65024 Len=1448 TSval=2916038259 TSecr=3045558033 [TCP segment of a reassembled PDU]"
"40949","34.179192699","192.168.1.55","192.168.1.2","TCP","1514","8004  >  36304 [ACK] Seq=297118 Ack=144 Win=65024 Len=1448 TSval=2916038259 TSecr=3045558033 [TCP segment of a reassembled PDU]"
"40950","34.179193588","192.168.1.55","192.168.1.2","TCP","1514","8004  >  36304 [ACK] Seq=298566 Ack=144 Win=65024 Len=1448 TSval=2916038259 TSecr=3045558033 [TCP segment of a reassembled PDU]"
"40951","34.179194569","192.168.1.55","192.168.1.2","TCP","1514","8004  >  36304 [PSH, ACK] Seq=300014 Ack=144 Win=65024 Len=1448 TSval=2916038259 TSecr=3045558033 [TCP segment of a reassembled PDU]"
"40952","34.179199329","192.168.1.55","192.168.1.2","TCP","1426","8004  >  36304 [ACK] Seq=301462 Ack=144 Win=65024 Len=1360 TSval=2916038259 TSecr=3045558033 [TCP segment of a reassembled PDU]"
"40953","34.179867293","192.168.1.2","192.168.1.55","TCP","66","36304  >  8004 [ACK] Seq=144 Ack=213046 Win=100352 Len=0 TSval=3045558033 TSecr=2916038254"
"40954","34.181824814","192.168.1.2","192.168.1.55","TCP","66","36304  >  8004 [ACK] Seq=144 Ack=252142 Win=115712 Len=0 TSval=3045558033 TSecr=2916038254"
"40955","34.181875074","192.168.1.55","192.168.1.2","TCP","1514","8004  >  36304 [ACK] Seq=302822 Ack=144 Win=65024 Len=1448 TSval=2916038262 TSecr=3045558033 [TCP segment of a reassembled PDU]"
"40956","34.181878148","192.168.1.55","192.168.1.2","TCP","1514","8004  >  36304 [ACK] Seq=304270 Ack=144 Win=65024 Len=1448 TSval=2916038262 TSecr=3045558033 [TCP segment of a reassembled PDU]"
"40957","34.181879444","192.168.1.55","192.168.1.2","TCP","1514","8004  >  36304 [ACK] Seq=305718 Ack=144 Win=65024 Len=1448 TSval=2916038262 TSecr=3045558033 [TCP segment of a reassembled PDU]"
"40958","34.181880666","192.168.1.55","192.168.1.2","TCP","1514","8004  >  36304 [ACK] Seq=307166 Ack=144 Win=65024 Len=1448 TSval=2916038262 TSecr=3045558033 [TCP segment of a reassembled PDU]"
"40959","34.181881740","192.168.1.55","192.168.1.2","TCP","1514","8004  >  36304 [ACK] Seq=308614 Ack=144 Win=65024 Len=1448 TSval=2916038262 TSecr=3045558033 [TCP segment of a reassembled PDU]"
"40960","34.181882815","192.168.1.55","192.168.1.2","TCP","1514","8004  >  36304 [ACK] Seq=310062 Ack=144 Win=65024 Len=1448 TSval=2916038262 TSecr=3045558033 [TCP segment of a reassembled PDU]"
"40961","34.181883777","192.168.1.55","192.168.1.2","TCP","1514","8004  >  36304 [ACK] Seq=311510 Ack=144 Win=65024 Len=1448 TSval=2916038262 TSecr=3045558033 [TCP segment of a reassembled PDU]"
"40962","34.181884759","192.168.1.55","192.168.1.2","TCP","1514","8004  >  36304 [ACK] Seq=312958 Ack=144 Win=65024 Len=1448 TSval=2916038262 TSecr=3045558033 [TCP segment of a reassembled PDU]"
"40963","34.181885722","192.168.1.55","192.168.1.2","TCP","1514","8004  >  36304 [ACK] Seq=314406 Ack=144 Win=65024 Len=1448 TSval=2916038262 TSecr=3045558033 [TCP segment of a reassembled PDU]"
"40964","34.181886685","192.168.1.55","192.168.1.2","TCP","1514","8004  >  36304 [ACK] Seq=315854 Ack=144 Win=65024 Len=1448 TSval=2916038262 TSecr=3045558033 [TCP segment of a reassembled PDU]"
"40965","34.181888166","192.168.1.55","192.168.1.2","TCP","1514","8004  >  36304 [ACK] Seq=317302 Ack=144 Win=65024 Len=1448 TSval=2916038262 TSecr=3045558033 [TCP segment of a reassembled PDU]"
"40966","34.181889518","192.168.1.55","192.168.1.2","TCP","1514","8004  >  36304 [ACK] Seq=318750 Ack=144 Win=65024 Len=1448 TSval=2916038262 TSecr=3045558033 [TCP segment of a reassembled PDU]"
"40967","34.181890426","192.168.1.55","192.168.1.2","TCP","1514","8004  >  36304 [ACK] Seq=320198 Ack=144 Win=65024 Len=1448 TSval=2916038262 TSecr=3045558033 [TCP segment of a reassembled PDU]"
"40968","34.181891518","192.168.1.55","192.168.1.2","TCP","1514","8004  >  36304 [ACK] Seq=321646 Ack=144 Win=65024 Len=1448 TSval=2916038262 TSecr=3045558033 [TCP segment of a reassembled PDU]"
"40969","34.181892629","192.168.1.55","192.168.1.2","TCP","1514","8004  >  36304 [ACK] Seq=323094 Ack=144 Win=65024 Len=1448 TSval=2916038262 TSecr=3045558033 [TCP segment of a reassembled PDU]"
"40970","34.181893611","192.168.1.55","192.168.1.2","TCP","1514","8004  >  36304 [ACK] Seq=324542 Ack=144 Win=65024 Len=1448 TSval=2916038262 TSecr=3045558033 [TCP segment of a reassembled PDU]"
"40971","34.181894907","192.168.1.55","192.168.1.2","TCP","1514","8004  >  36304 [ACK] Seq=325990 Ack=144 Win=65024 Len=1448 TSval=2916038262 TSecr=3045558033 [TCP segment of a reassembled PDU]"
"40972","34.181896000","192.168.1.55","192.168.1.2","TCP","1514","8004  >  36304 [ACK] Seq=327438 Ack=144 Win=65024 Len=1448 TSval=2916038262 TSecr=3045558033 [TCP segment of a reassembled PDU]"
"40973","34.181897500","192.168.1.55","192.168.1.2","TCP","1514","8004  >  36304 [ACK] Seq=328886 Ack=144 Win=65024 Len=1448 TSval=2916038262 TSecr=3045558033 [TCP segment of a reassembled PDU]"
"40974","34.181898722","192.168.1.55","192.168.1.2","TCP","1514","8004  >  36304 [ACK] Seq=330334 Ack=144 Win=65024 Len=1448 TSval=2916038262 TSecr=3045558033 [TCP segment of a reassembled PDU]"
"40975","34.181899852","192.168.1.55","192.168.1.2","TCP","1514","8004  >  36304 [ACK] Seq=331782 Ack=144 Win=65024 Len=1448 TSval=2916038262 TSecr=3045558033 [TCP segment of a reassembled PDU]"
"40976","34.181901129","192.168.1.55","192.168.1.2","TCP","1514","8004  >  36304 [ACK] Seq=333230 Ack=144 Win=65024 Len=1448 TSval=2916038262 TSecr=3045558033 [TCP segment of a reassembled PDU]"
"40977","34.181902111","192.168.1.55","192.168.1.2","TCP","1514","8004  >  36304 [ACK] Seq=334678 Ack=144 Win=65024 Len=1448 TSval=2916038262 TSecr=3045558033 [TCP segment of a reassembled PDU]"
"40978","34.181903592","192.168.1.55","192.168.1.2","TCP","1514","8004  >  36304 [ACK] Seq=336126 Ack=144 Win=65024 Len=1448 TSval=2916038262 TSecr=3045558033 [TCP segment of a reassembled PDU]"
"40979","34.181914778","192.168.1.55","192.168.1.2","TCP","1514","8004  >  36304 [ACK] Seq=337574 Ack=144 Win=65024 Len=1448 TSval=2916038262 TSecr=3045558033 [TCP segment of a reassembled PDU]"
"40980","34.181917166","192.168.1.55","192.168.1.2","TCP","1514","8004  >  36304 [ACK] Seq=339022 Ack=144 Win=65024 Len=1448 TSval=2916038262 TSecr=3045558033 [TCP segment of a reassembled PDU]"
"40981","34.181919370","192.168.1.55","192.168.1.2","TCP","1514","8004  >  36304 [ACK] Seq=340470 Ack=144 Win=65024 Len=1448 TSval=2916038262 TSecr=3045558033 [TCP segment of a reassembled PDU]"
"40982","34.181920537","192.168.1.55","192.168.1.2","TCP","1514","8004  >  36304 [ACK] Seq=341918 Ack=144 Win=65024 Len=1448 TSval=2916038262 TSecr=3045558033 [TCP segment of a reassembled PDU]"
"40983","34.181922018","192.168.1.55","192.168.1.2","TCP","1514","8004  >  36304 [ACK] Seq=343366 Ack=144 Win=65024 Len=1448 TSval=2916038262 TSecr=3045558033 [TCP segment of a reassembled PDU]"
"40984","34.181922981","192.168.1.55","192.168.1.2","TCP","1514","8004  >  36304 [ACK] Seq=344814 Ack=144 Win=65024 Len=1448 TSval=2916038262 TSecr=3045558033 [TCP segment of a reassembled PDU]"
"40985","34.181924481","192.168.1.55","192.168.1.2","TCP","1514","8004  >  36304 [ACK] Seq=346262 Ack=144 Win=65024 Len=1448 TSval=2916038262 TSecr=3045558033 [TCP segment of a reassembled PDU]"
"40986","34.181926259","192.168.1.55","192.168.1.2","TCP","1514","8004  >  36304 [PSH, ACK] Seq=347710 Ack=144 Win=65024 Len=1448 TSval=2916038262 TSecr=3045558033 [TCP segment of a reassembled PDU]"
"40987","34.181980574","192.168.1.2","192.168.1.55","TCP","66","36304  >  8004 [ACK] Seq=144 Ack=253590 Win=118784 Len=0 TSval=3045558035 TSecr=2916038254"
"40988","34.181990796","192.168.1.2","192.168.1.55","TCP","66","36304  >  8004 [ACK] Seq=144 Ack=256486 Win=123904 Len=0 TSval=3045558035 TSecr=2916038254"
"40989","34.185494061","192.168.1.2","192.168.1.55","TCP","66","36304  >  8004 [ACK] Seq=144 Ack=278294 Win=131072 Len=0 TSval=3045558038 TSecr=2916038258"
"40990","34.185560931","192.168.1.55","192.168.1.2","TCP","1514","8004  >  36304 [ACK] Seq=349158 Ack=144 Win=65024 Len=1448 TSval=2916038266 TSecr=3045558038 [TCP segment of a reassembled PDU]"
"40991","34.185565876","192.168.1.55","192.168.1.2","TCP","1514","8004  >  36304 [ACK] Seq=350606 Ack=144 Win=65024 Len=1448 TSval=2916038266 TSecr=3045558038 [TCP segment of a reassembled PDU]"
"40992","34.185566969","192.168.1.55","192.168.1.2","TCP","1514","8004  >  36304 [ACK] Seq=352054 Ack=144 Win=65024 Len=1448 TSval=2916038266 TSecr=3045558038 [TCP segment of a reassembled PDU]"
"40993","34.185568172","192.168.1.55","192.168.1.2","TCP","1514","8004  >  36304 [ACK] Seq=353502 Ack=144 Win=65024 Len=1448 TSval=2916038266 TSecr=3045558038 [TCP segment of a reassembled PDU]"
"40994","34.185569524","192.168.1.55","192.168.1.2","TCP","1514","8004  >  36304 [ACK] Seq=354950 Ack=144 Win=65024 Len=1448 TSval=2916038266 TSecr=3045558038 [TCP segment of a reassembled PDU]"
"40995","34.185570765","192.168.1.55","192.168.1.2","TCP","1514","8004  >  36304 [ACK] Seq=356398 Ack=144 Win=65024 Len=1448 TSval=2916038266 TSecr=3045558038 [TCP segment of a reassembled PDU]"
"40996","34.185571728","192.168.1.55","192.168.1.2","TCP","1514","8004  >  36304 [ACK] Seq=357846 Ack=144 Win=65024 Len=1448 TSval=2916038266 TSecr=3045558038 [TCP segment of a reassembled PDU]"
"40997","34.185572765","192.168.1.55","192.168.1.2","TCP","1514","8004  >  36304 [ACK] Seq=359294 Ack=144 Win=65024 Len=1448 TSval=2916038266 TSecr=3045558038 [TCP segment of a reassembled PDU]"
"40998","34.185573839","192.168.1.55","192.168.1.2","TCP","1514","8004  >  36304 [ACK] Seq=360742 Ack=144 Win=65024 Len=1448 TSval=2916038266 TSecr=3045558038 [TCP segment of a reassembled PDU]"
"40999","34.185574820","192.168.1.55","192.168.1.2","TCP","1514","8004  >  36304 [ACK] Seq=362190 Ack=144 Win=65024 Len=1448 TSval=2916038266 TSecr=3045558038 [TCP segment of a reassembled PDU]"
"41000","34.185575709","192.168.1.55","192.168.1.2","TCP","1514","8004  >  36304 [ACK] Seq=363638 Ack=144 Win=65024 Len=1448 TSval=2916038266 TSecr=3045558038 [TCP segment of a reassembled PDU]"
"41001","34.185577061","192.168.1.55","192.168.1.2","TCP","1514","8004  >  36304 [ACK] Seq=365086 Ack=144 Win=65024 Len=1448 TSval=2916038266 TSecr=3045558038 [TCP segment of a reassembled PDU]"
"41002","34.185578061","192.168.1.55","192.168.1.2","TCP","1514","8004  >  36304 [ACK] Seq=366534 Ack=144 Win=65024 Len=1448 TSval=2916038266 TSecr=3045558038 [TCP segment of a reassembled PDU]"
"41003","34.185578987","192.168.1.55","192.168.1.2","TCP","1514","8004  >  36304 [ACK] Seq=367982 Ack=144 Win=65024 Len=1448 TSval=2916038266 TSecr=3045558038 [TCP segment of a reassembled PDU]"
"41004","34.185580006","192.168.1.55","192.168.1.2","TCP","1514","8004  >  36304 [ACK] Seq=369430 Ack=144 Win=65024 Len=1448 TSval=2916038266 TSecr=3045558038 [TCP segment of a reassembled PDU]"
"41005","34.185580969","192.168.1.55","192.168.1.2","TCP","1514","8004  >  36304 [ACK] Seq=370878 Ack=144 Win=65024 Len=1448 TSval=2916038266 TSecr=3045558038 [TCP segment of a reassembled PDU]"
"41006","34.185582043","192.168.1.55","192.168.1.2","TCP","1514","8004  >  36304 [ACK] Seq=372326 Ack=144 Win=65024 Len=1448 TSval=2916038266 TSecr=3045558038 [TCP segment of a reassembled PDU]"
"41007","34.185583006","192.168.1.55","192.168.1.2","TCP","1514","8004  >  36304 [ACK] Seq=373774 Ack=144 Win=65024 Len=1448 TSval=2916038266 TSecr=3045558038 [TCP segment of a reassembled PDU]"
"41008","34.185583932","192.168.1.55","192.168.1.2","TCP","1514","8004  >  36304 [ACK] Seq=375222 Ack=144 Win=65024 Len=1448 TSval=2916038266 TSecr=3045558038 [TCP segment of a reassembled PDU]"
"41009","34.185585209","192.168.1.55","192.168.1.2","TCP","1514","8004  >  36304 [ACK] Seq=376670 Ack=144 Win=65024 Len=1448 TSval=2916038266 TSecr=3045558038 [TCP segment of a reassembled PDU]"
"41010","34.185586320","192.168.1.55","192.168.1.2","TCP","1514","8004  >  36304 [ACK] Seq=378118 Ack=144 Win=65024 Len=1448 TSval=2916038266 TSecr=3045558038 [TCP segment of a reassembled PDU]"
"41011","34.185587376","192.168.1.55","192.168.1.2","TCP","1514","8004  >  36304 [ACK] Seq=379566 Ack=144 Win=65024 Len=1448 TSval=2916038266 TSecr=3045558038 [TCP segment of a reassembled PDU]"
"41012","34.185588469","192.168.1.55","192.168.1.2","TCP","1514","8004  >  36304 [ACK] Seq=381014 Ack=144 Win=65024 Len=1448 TSval=2916038266 TSecr=3045558038 [TCP segment of a reassembled PDU]"
"41013","34.185589376","192.168.1.55","192.168.1.2","TCP","1514","8004  >  36304 [ACK] Seq=382462 Ack=144 Win=65024 Len=1448 TSval=2916038266 TSecr=3045558038 [TCP segment of a reassembled PDU]"
"41014","34.185590506","192.168.1.55","192.168.1.2","TCP","1514","8004  >  36304 [ACK] Seq=383910 Ack=144 Win=65024 Len=1448 TSval=2916038266 TSecr=3045558038 [TCP segment of a reassembled PDU]"
"41015","34.185591932","192.168.1.55","192.168.1.2","TCP","1514","8004  >  36304 [ACK] Seq=385358 Ack=144 Win=65024 Len=1448 TSval=2916038266 TSecr=3045558038 [TCP segment of a reassembled PDU]"
"41016","34.185593098","192.168.1.55","192.168.1.2","TCP","1514","8004  >  36304 [ACK] Seq=386806 Ack=144 Win=65024 Len=1448 TSval=2916038266 TSecr=3045558038 [TCP segment of a reassembled PDU]"
"41017","34.185594172","192.168.1.55","192.168.1.2","TCP","1514","8004  >  36304 [ACK] Seq=388254 Ack=144 Win=65024 Len=1448 TSval=2916038266 TSecr=3045558038 [TCP segment of a reassembled PDU]"
"41018","34.185595172","192.168.1.55","192.168.1.2","TCP","1514","8004  >  36304 [ACK] Seq=389702 Ack=144 Win=65024 Len=1448 TSval=2916038266 TSecr=3045558038 [TCP segment of a reassembled PDU]"
"41019","34.185596061","192.168.1.55","192.168.1.2","TCP","1514","8004  >  36304 [ACK] Seq=391150 Ack=144 Win=65024 Len=1448 TSval=2916038266 TSecr=3045558038 [TCP segment of a reassembled PDU]"
"41020","34.185597043","192.168.1.55","192.168.1.2","TCP","1514","8004  >  36304 [ACK] Seq=392598 Ack=144 Win=65024 Len=1448 TSval=2916038266 TSecr=3045558038 [TCP segment of a reassembled PDU]"
"41021","34.185597987","192.168.1.55","192.168.1.2","TCP","1514","8004  >  36304 [PSH, ACK] Seq=394046 Ack=144 Win=65024 Len=1448 TSval=2916038266 TSecr=3045558038 [TCP segment of a reassembled PDU]"
"41022","34.185651821","192.168.1.2","192.168.1.55","TCP","66","36304  >  8004 [ACK] Seq=144 Ack=300014 Win=109568 Len=0 TSval=3045558041 TSecr=2916038259"
"41023","34.185662858","192.168.1.2","192.168.1.55","TCP","66","36304  >  8004 [ACK] Seq=144 Ack=341918 Win=68608 Len=0 TSval=3045558041 TSecr=2916038259"
"41024","34.189426567","192.168.1.2","192.168.1.55","TCP","66","36304  >  8004 [ACK] Seq=144 Ack=349158 Win=145408 Len=0 TSval=3045558043 TSecr=2916038262"
"41025","34.189472864","192.168.1.55","192.168.1.2","TCP","1514","8004  >  36304 [ACK] Seq=395494 Ack=144 Win=65024 Len=1448 TSval=2916038270 TSecr=3045558043 [TCP segment of a reassembled PDU]"
"41026","34.189476438","192.168.1.55","192.168.1.2","TCP","1514","8004  >  36304 [ACK] Seq=396942 Ack=144 Win=65024 Len=1448 TSval=2916038270 TSecr=3045558043 [TCP segment of a reassembled PDU]"
"41027","34.189477475","192.168.1.55","192.168.1.2","TCP","1514","8004  >  36304 [ACK] Seq=398390 Ack=144 Win=65024 Len=1448 TSval=2916038270 TSecr=3045558043 [TCP segment of a reassembled PDU]"
"41028","34.189478364","192.168.1.55","192.168.1.2","TCP","1514","8004  >  36304 [ACK] Seq=399838 Ack=144 Win=65024 Len=1448 TSval=2916038270 TSecr=3045558043 [TCP segment of a reassembled PDU]"
"41029","34.189479345","192.168.1.55","192.168.1.2","TCP","1514","8004  >  36304 [ACK] Seq=401286 Ack=144 Win=65024 Len=1448 TSval=2916038270 TSecr=3045558043 [TCP segment of a reassembled PDU]"
"41030","34.189480438","192.168.1.55","192.168.1.2","TCP","1514","8004  >  36304 [ACK] Seq=402734 Ack=144 Win=65024 Len=1448 TSval=2916038270 TSecr=3045558043 [TCP segment of a reassembled PDU]"
"41031","34.189481345","192.168.1.55","192.168.1.2","TCP","1514","8004  >  36304 [ACK] Seq=404182 Ack=144 Win=65024 Len=1448 TSval=2916038270 TSecr=3045558043 [TCP segment of a reassembled PDU]"
"41032","34.189482364","192.168.1.55","192.168.1.2","TCP","1514","8004  >  36304 [ACK] Seq=405630 Ack=144 Win=65024 Len=1448 TSval=2916038270 TSecr=3045558043 [TCP segment of a reassembled PDU]"
"41033","34.189483364","192.168.1.55","192.168.1.2","TCP","1514","8004  >  36304 [ACK] Seq=407078 Ack=144 Win=65024 Len=1448 TSval=2916038270 TSecr=3045558043 [TCP segment of a reassembled PDU]"
"41034","34.189484290","192.168.1.55","192.168.1.2","TCP","1514","8004  >  36304 [ACK] Seq=408526 Ack=144 Win=65024 Len=1448 TSval=2916038270 TSecr=3045558043 [TCP segment of a reassembled PDU]"
"41035","34.189485345","192.168.1.55","192.168.1.2","TCP","1514","8004  >  36304 [ACK] Seq=409974 Ack=144 Win=65024 Len=1448 TSval=2916038270 TSecr=3045558043 [TCP segment of a reassembled PDU]"
"41036","34.189486234","192.168.1.55","192.168.1.2","TCP","1514","8004  >  36304 [ACK] Seq=411422 Ack=144 Win=65024 Len=1448 TSval=2916038270 TSecr=3045558043 [TCP segment of a reassembled PDU]"
"41037","34.189487141","192.168.1.55","192.168.1.2","TCP","1514","8004  >  36304 [ACK] Seq=412870 Ack=144 Win=65024 Len=1448 TSval=2916038270 TSecr=3045558043 [TCP segment of a reassembled PDU]"
"41038","34.189488493","192.168.1.55","192.168.1.2","TCP","1514","8004  >  36304 [ACK] Seq=414318 Ack=144 Win=65024 Len=1448 TSval=2916038270 TSecr=3045558043 [TCP segment of a reassembled PDU]"
"41039","34.189489382","192.168.1.55","192.168.1.2","TCP","1514","8004  >  36304 [ACK] Seq=415766 Ack=144 Win=65024 Len=1448 TSval=2916038270 TSecr=3045558043 [TCP segment of a reassembled PDU]"
"41040","34.189490456","192.168.1.55","192.168.1.2","TCP","1514","8004  >  36304 [ACK] Seq=417214 Ack=144 Win=65024 Len=1448 TSval=2916038270 TSecr=3045558043 [TCP segment of a reassembled PDU]"
"41041","34.189491382","192.168.1.55","192.168.1.2","TCP","1514","8004  >  36304 [ACK] Seq=418662 Ack=144 Win=65024 Len=1448 TSval=2916038270 TSecr=3045558043 [TCP segment of a reassembled PDU]"
"41042","34.189492308","192.168.1.55","192.168.1.2","TCP","1514","8004  >  36304 [ACK] Seq=420110 Ack=144 Win=65024 Len=1448 TSval=2916038270 TSecr=3045558043 [TCP segment of a reassembled PDU]"
"41043","34.189493271","192.168.1.55","192.168.1.2","TCP","1514","8004  >  36304 [ACK] Seq=421558 Ack=144 Win=65024 Len=1448 TSval=2916038270 TSecr=3045558043 [TCP segment of a reassembled PDU]"
"41044","34.189494253","192.168.1.55","192.168.1.2","TCP","1514","8004  >  36304 [ACK] Seq=423006 Ack=144 Win=65024 Len=1448 TSval=2916038270 TSecr=3045558043 [TCP segment of a reassembled PDU]"
"41045","34.189495586","192.168.1.55","192.168.1.2","TCP","1514","8004  >  36304 [ACK] Seq=424454 Ack=144 Win=65024 Len=1448 TSval=2916038270 TSecr=3045558043 [TCP segment of a reassembled PDU]"
"41046","34.189496512","192.168.1.55","192.168.1.2","TCP","1514","8004  >  36304 [ACK] Seq=425902 Ack=144 Win=65024 Len=1448 TSval=2916038270 TSecr=3045558043 [TCP segment of a reassembled PDU]"
"41047","34.189497419","192.168.1.55","192.168.1.2","TCP","1514","8004  >  36304 [ACK] Seq=427350 Ack=144 Win=65024 Len=1448 TSval=2916038270 TSecr=3045558043 [TCP segment of a reassembled PDU]"
"41048","34.189498512","192.168.1.55","192.168.1.2","TCP","1514","8004  >  36304 [ACK] Seq=428798 Ack=144 Win=65024 Len=1448 TSval=2916038270 TSecr=3045558043 [TCP segment of a reassembled PDU]"
"41049","34.189499419","192.168.1.55","192.168.1.2","TCP","1514","8004  >  36304 [ACK] Seq=430246 Ack=144 Win=65024 Len=1448 TSval=2916038270 TSecr=3045558043 [TCP segment of a reassembled PDU]"
"41050","34.189500475","192.168.1.55","192.168.1.2","TCP","1514","8004  >  36304 [ACK] Seq=431694 Ack=144 Win=65024 Len=1448 TSval=2916038270 TSecr=3045558043 [TCP segment of a reassembled PDU]"
"41051","34.189501364","192.168.1.55","192.168.1.2","TCP","1514","8004  >  36304 [ACK] Seq=433142 Ack=144 Win=65024 Len=1448 TSval=2916038270 TSecr=3045558043 [TCP segment of a reassembled PDU]"
"41052","34.189502271","192.168.1.55","192.168.1.2","TCP","1514","8004  >  36304 [ACK] Seq=434590 Ack=144 Win=65024 Len=1448 TSval=2916038270 TSecr=3045558043 [TCP segment of a reassembled PDU]"
"41053","34.189503512","192.168.1.55","192.168.1.2","TCP","1514","8004  >  36304 [ACK] Seq=436038 Ack=144 Win=65024 Len=1448 TSval=2916038270 TSecr=3045558043 [TCP segment of a reassembled PDU]"
"41054","34.189504438","192.168.1.55","192.168.1.2","TCP","1514","8004  >  36304 [ACK] Seq=437486 Ack=144 Win=65024 Len=1448 TSval=2916038270 TSecr=3045558043 [TCP segment of a reassembled PDU]"
"41055","34.189505438","192.168.1.55","192.168.1.2","TCP","1514","8004  >  36304 [ACK] Seq=438934 Ack=144 Win=65024 Len=1448 TSval=2916038270 TSecr=3045558043 [TCP segment of a reassembled PDU]"
"41056","34.189506401","192.168.1.55","192.168.1.2","TCP","1514","8004  >  36304 [PSH, ACK] Seq=440382 Ack=144 Win=65024 Len=1448 TSval=2916038270 TSecr=3045558043 [TCP segment of a reassembled PDU]"
"41057","34.189577605","192.168.1.2","192.168.1.55","TCP","66","36304  >  8004 [ACK] Seq=144 Ack=382462 Win=120832 Len=0 TSval=3045558045 TSecr=2916038266"
"41058","34.189587882","192.168.1.2","192.168.1.55","TCP","66","36304  >  8004 [ACK] Seq=144 Ack=391150 Win=112640 Len=0 TSval=3045558045 TSecr=2916038266"
"41059","34.189628919","192.168.1.55","192.168.1.2","TCP","1514","8004  >  36304 [ACK] Seq=441830 Ack=144 Win=65024 Len=1448 TSval=2916038270 TSecr=3045558045 [TCP segment of a reassembled PDU]"
"41060","34.189630994","192.168.1.55","192.168.1.2","TCP","1514","8004  >  36304 [ACK] Seq=443278 Ack=144 Win=65024 Len=1448 TSval=2916038270 TSecr=3045558045 [TCP segment of a reassembled PDU]"
"41061","34.189631882","192.168.1.55","192.168.1.2","TCP","1514","8004  >  36304 [ACK] Seq=444726 Ack=144 Win=65024 Len=1448 TSval=2916038270 TSecr=3045558045 [TCP segment of a reassembled PDU]"
"41062","34.189632845","192.168.1.55","192.168.1.2","TCP","1514","8004  >  36304 [ACK] Seq=446174 Ack=144 Win=65024 Len=1448 TSval=2916038270 TSecr=3045558045 [TCP segment of a reassembled PDU]"
"41063","34.189633864","192.168.1.55","192.168.1.2","TCP","1514","8004  >  36304 [ACK] Seq=447622 Ack=144 Win=65024 Len=1448 TSval=2916038270 TSecr=3045558045 [TCP segment of a reassembled PDU]"
"41064","34.189634790","192.168.1.55","192.168.1.2","TCP","1514","8004  >  36304 [ACK] Seq=449070 Ack=144 Win=65024 Len=1448 TSval=2916038270 TSecr=3045558045 [TCP segment of a reassembled PDU]"
"41065","34.189636216","192.168.1.55","192.168.1.2","TCP","1514","8004  >  36304 [ACK] Seq=450518 Ack=144 Win=65024 Len=1448 TSval=2916038270 TSecr=3045558045 [TCP segment of a reassembled PDU]"
"41066","34.189637123","192.168.1.55","192.168.1.2","TCP","1514","8004  >  36304 [ACK] Seq=451966 Ack=144 Win=65024 Len=1448 TSval=2916038270 TSecr=3045558045 [TCP segment of a reassembled PDU]"
"41067","34.189638049","192.168.1.55","192.168.1.2","TCP","1514","8004  >  36304 [ACK] Seq=453414 Ack=144 Win=65024 Len=1448 TSval=2916038270 TSecr=3045558045 [TCP segment of a reassembled PDU]"
"41068","34.189639049","192.168.1.55","192.168.1.2","TCP","1514","8004  >  36304 [ACK] Seq=454862 Ack=144 Win=65024 Len=1448 TSval=2916038270 TSecr=3045558045 [TCP segment of a reassembled PDU]"
"41069","34.189639938","192.168.1.55","192.168.1.2","TCP","1514","8004  >  36304 [ACK] Seq=456310 Ack=144 Win=65024 Len=1448 TSval=2916038270 TSecr=3045558045 [TCP segment of a reassembled PDU]"
"41070","34.189640975","192.168.1.55","192.168.1.2","TCP","1514","8004  >  36304 [ACK] Seq=457758 Ack=144 Win=65024 Len=1448 TSval=2916038270 TSecr=3045558045 [TCP segment of a reassembled PDU]"
"41071","34.189641919","192.168.1.55","192.168.1.2","TCP","1514","8004  >  36304 [ACK] Seq=459206 Ack=144 Win=65024 Len=1448 TSval=2916038270 TSecr=3045558045 [TCP segment of a reassembled PDU]"
"41072","34.189642938","192.168.1.55","192.168.1.2","TCP","1514","8004  >  36304 [ACK] Seq=460654 Ack=144 Win=65024 Len=1448 TSval=2916038270 TSecr=3045558045 [TCP segment of a reassembled PDU]"
"41073","34.189643882","192.168.1.55","192.168.1.2","TCP","1514","8004  >  36304 [ACK] Seq=462102 Ack=144 Win=65024 Len=1448 TSval=2916038270 TSecr=3045558045 [TCP segment of a reassembled PDU]"
"41074","34.189644882","192.168.1.55","192.168.1.2","TCP","1514","8004  >  36304 [ACK] Seq=463550 Ack=144 Win=65024 Len=1448 TSval=2916038270 TSecr=3045558045 [TCP segment of a reassembled PDU]"
"41075","34.189645882","192.168.1.55","192.168.1.2","TCP","1514","8004  >  36304 [ACK] Seq=464998 Ack=144 Win=65024 Len=1448 TSval=2916038270 TSecr=3045558045 [TCP segment of a reassembled PDU]"
"41076","34.189646808","192.168.1.55","192.168.1.2","TCP","1514","8004  >  36304 [ACK] Seq=466446 Ack=144 Win=65024 Len=1448 TSval=2916038270 TSecr=3045558045 [TCP segment of a reassembled PDU]"
"41077","34.189647771","192.168.1.55","192.168.1.2","TCP","1514","8004  >  36304 [ACK] Seq=467894 Ack=144 Win=65024 Len=1448 TSval=2916038270 TSecr=3045558045 [TCP segment of a reassembled PDU]"
"41078","34.189648864","192.168.1.55","192.168.1.2","TCP","1514","8004  >  36304 [ACK] Seq=469342 Ack=144 Win=65024 Len=1448 TSval=2916038270 TSecr=3045558045 [TCP segment of a reassembled PDU]"
"41079","34.189649753","192.168.1.55","192.168.1.2","TCP","1514","8004  >  36304 [ACK] Seq=470790 Ack=144 Win=65024 Len=1448 TSval=2916038270 TSecr=3045558045 [TCP segment of a reassembled PDU]"
"41080","34.189651253","192.168.1.55","192.168.1.2","TCP","1514","8004  >  36304 [ACK] Seq=472238 Ack=144 Win=65024 Len=1448 TSval=2916038270 TSecr=3045558045 [TCP segment of a reassembled PDU]"
"41081","34.189652457","192.168.1.55","192.168.1.2","TCP","1514","8004  >  36304 [ACK] Seq=473686 Ack=144 Win=65024 Len=1448 TSval=2916038270 TSecr=3045558045 [TCP segment of a reassembled PDU]"
"41082","34.189653475","192.168.1.55","192.168.1.2","TCP","1514","8004  >  36304 [ACK] Seq=475134 Ack=144 Win=65024 Len=1448 TSval=2916038270 TSecr=3045558045 [TCP segment of a reassembled PDU]"
"41083","34.189654494","192.168.1.55","192.168.1.2","TCP","1514","8004  >  36304 [ACK] Seq=476582 Ack=144 Win=65024 Len=1448 TSval=2916038270 TSecr=3045558045 [TCP segment of a reassembled PDU]"
"41084","34.189655531","192.168.1.55","192.168.1.2","TCP","1514","8004  >  36304 [ACK] Seq=478030 Ack=144 Win=65024 Len=1448 TSval=2916038270 TSecr=3045558045 [TCP segment of a reassembled PDU]"
"41085","34.189656457","192.168.1.55","192.168.1.2","TCP","1514","8004  >  36304 [ACK] Seq=479478 Ack=144 Win=65024 Len=1448 TSval=2916038270 TSecr=3045558045 [TCP segment of a reassembled PDU]"
"41086","34.189657401","192.168.1.55","192.168.1.2","TCP","1514","8004  >  36304 [ACK] Seq=480926 Ack=144 Win=65024 Len=1448 TSval=2916038270 TSecr=3045558045 [TCP segment of a reassembled PDU]"
"41087","34.189658382","192.168.1.55","192.168.1.2","TCP","1514","8004  >  36304 [ACK] Seq=482374 Ack=144 Win=65024 Len=1448 TSval=2916038270 TSecr=3045558045 [TCP segment of a reassembled PDU]"
"41088","34.189659475","192.168.1.55","192.168.1.2","TCP","1514","8004  >  36304 [ACK] Seq=483822 Ack=144 Win=65024 Len=1448 TSval=2916038270 TSecr=3045558045 [TCP segment of a reassembled PDU]"
"41089","34.189660734","192.168.1.55","192.168.1.2","TCP","1514","8004  >  36304 [ACK] Seq=485270 Ack=144 Win=65024 Len=1448 TSval=2916038270 TSecr=3045558045 [TCP segment of a reassembled PDU]"
"41090","34.189661679","192.168.1.55","192.168.1.2","TCP","1514","8004  >  36304 [PSH, ACK] Seq=486718 Ack=144 Win=65024 Len=1448 TSval=2916038270 TSecr=3045558045 [TCP segment of a reassembled PDU]"
"41091","34.189666364","192.168.1.2","192.168.1.55","TCP","66","36304  >  8004 [ACK] Seq=144 Ack=394046 Win=151552 Len=0 TSval=3045558045 TSecr=2916038266"
"41092","34.190882959","192.168.1.55","192.168.1.2","TCP","1514","8004  >  36304 [ACK] Seq=488166 Ack=144 Win=65024 Len=1448 TSval=2916038271 TSecr=3045558045 [TCP segment of a reassembled PDU]"
"41093","34.190887959","192.168.1.55","192.168.1.2","TCP","1514","8004  >  36304 [ACK] Seq=489614 Ack=144 Win=65024 Len=1448 TSval=2916038271 TSecr=3045558045 [TCP segment of a reassembled PDU]"
"41094","34.190889162","192.168.1.55","192.168.1.2","TCP","1514","8004  >  36304 [ACK] Seq=491062 Ack=144 Win=65024 Len=1448 TSval=2916038271 TSecr=3045558045 [TCP segment of a reassembled PDU]"
"41095","34.190890162","192.168.1.55","192.168.1.2","TCP","1514","8004  >  36304 [ACK] Seq=492510 Ack=144 Win=65024 Len=1448 TSval=2916038271 TSecr=3045558045 [TCP segment of a reassembled PDU]"
"41096","34.190891070","192.168.1.55","192.168.1.2","TCP","1514","8004  >  36304 [ACK] Seq=493958 Ack=144 Win=65024 Len=1448 TSval=2916038271 TSecr=3045558045 [TCP segment of a reassembled PDU]"
"41097","34.190891959","192.168.1.55","192.168.1.2","TCP","1514","8004  >  36304 [ACK] Seq=495406 Ack=144 Win=65024 Len=1448 TSval=2916038271 TSecr=3045558045 [TCP segment of a reassembled PDU]"
"41098","34.190893070","192.168.1.55","192.168.1.2","TCP","1514","8004  >  36304 [ACK] Seq=496854 Ack=144 Win=65024 Len=1448 TSval=2916038271 TSecr=3045558045 [TCP segment of a reassembled PDU]"
"41099","34.190894051","192.168.1.55","192.168.1.2","HTTP","222","HTTP/1.0 200 OK  (PNG)"
"41100","34.193997815","192.168.1.2","192.168.1.55","TCP","66","36304  >  8004 [ACK] Seq=144 Ack=395494 Win=151552 Len=0 TSval=3045558046 TSecr=2916038266"
"41101","34.194093315","192.168.1.2","192.168.1.55","TCP","66","36304  >  8004 [ACK] Seq=144 Ack=417214 Win=194560 Len=0 TSval=3045558049 TSecr=2916038270"
"41102","34.194102019","192.168.1.2","192.168.1.55","TCP","66","36304  >  8004 [ACK] Seq=144 Ack=441830 Win=218112 Len=0 TSval=3045558049 TSecr=2916038270"
"41103","34.194109556","192.168.1.2","192.168.1.55","TCP","66","36304  >  8004 [ACK] Seq=144 Ack=444726 Win=218112 Len=0 TSval=3045558049 TSecr=2916038270"
"41104","34.197237450","192.168.1.2","192.168.1.55","TCP","66","36304  >  8004 [ACK] Seq=144 Ack=472238 Win=236544 Len=0 TSval=3045558052 TSecr=2916038270"
"41105","34.199126249","192.168.1.2","192.168.1.55","TCP","66","36304  >  8004 [ACK] Seq=144 Ack=498459 Win=210944 Len=0 TSval=3045558054 TSecr=2916038270"
"41106","34.200451937","192.168.1.2","192.168.1.55","TCP","66","36304  >  8004 [FIN, ACK] Seq=144 Ack=498459 Win=236544 Len=0 TSval=3045558054 TSecr=2916038270"
"41107","34.200496418","192.168.1.55","192.168.1.2","TCP","66","8004  >  36304 [ACK] Seq=498459 Ack=145 Win=65024 Len=0 TSval=2916038281 TSecr=3045558054"
"41108","34.200559900","192.168.1.2","192.168.1.55","TCP","74","36312  >  8004 [SYN] Seq=0 Win=64240 Len=0 MSS=1460 SACK_PERM TSval=3045558054 TSecr=0 WS=1024"
"41109","34.200589696","192.168.1.55","192.168.1.2","TCP","74","8004  >  36312 [SYN, ACK] Seq=0 Ack=1 Win=65160 Len=0 MSS=1460 SACK_PERM TSval=2916038281 TSecr=3045558054 WS=128"
"41110","34.204635740","192.168.1.2","192.168.1.55","TCP","66","36312  >  8004 [ACK] Seq=1 Ack=1 Win=64512 Len=0 TSval=3045558059 TSecr=2916038281"
"41111","34.207839652","192.168.1.2","192.168.1.55","HTTP","206","GET /stego_benchmark.png HTTP/1.1 "
"41112","34.207865467","192.168.1.55","192.168.1.2","TCP","66","8004  >  36312 [ACK] Seq=1 Ack=141 Win=65024 Len=0 TSval=2916038288 TSecr=3045558059"
"41113","34.208654579","192.168.1.55","192.168.1.2","TCP","255","8004  >  36312 [PSH, ACK] Seq=1 Ack=141 Win=65024 Len=189 TSval=2916038289 TSecr=3045558059 [TCP segment of a reassembled PDU]"
"41114","34.208805487","192.168.1.55","192.168.1.2","TCP","1514","8004  >  36312 [ACK] Seq=190 Ack=141 Win=65024 Len=1448 TSval=2916038289 TSecr=3045558059 [TCP segment of a reassembled PDU]"
"41115","34.208810654","192.168.1.55","192.168.1.2","TCP","1514","8004  >  36312 [ACK] Seq=1638 Ack=141 Win=65024 Len=1448 TSval=2916038289 TSecr=3045558059 [TCP segment of a reassembled PDU]"
"41116","34.208812691","192.168.1.55","192.168.1.2","TCP","1514","8004  >  36312 [ACK] Seq=3086 Ack=141 Win=65024 Len=1448 TSval=2916038289 TSecr=3045558059 [TCP segment of a reassembled PDU]"
"41117","34.208814265","192.168.1.55","192.168.1.2","TCP","1514","8004  >  36312 [ACK] Seq=4534 Ack=141 Win=65024 Len=1448 TSval=2916038289 TSecr=3045558059 [TCP segment of a reassembled PDU]"
"41118","34.208816339","192.168.1.55","192.168.1.2","TCP","1514","8004  >  36312 [PSH, ACK] Seq=5982 Ack=141 Win=65024 Len=1448 TSval=2916038289 TSecr=3045558059 [TCP segment of a reassembled PDU]"
"41119","34.208846950","192.168.1.55","192.168.1.2","TCP","1514","8004  >  36312 [ACK] Seq=7430 Ack=141 Win=65024 Len=1448 TSval=2916038289 TSecr=3045558059 [TCP segment of a reassembled PDU]"
"41120","34.208849858","192.168.1.55","192.168.1.2","TCP","1514","8004  >  36312 [ACK] Seq=8878 Ack=141 Win=65024 Len=1448 TSval=2916038289 TSecr=3045558059 [TCP segment of a reassembled PDU]"
"41121","34.208851672","192.168.1.55","192.168.1.2","TCP","1514","8004  >  36312 [ACK] Seq=10326 Ack=141 Win=65024 Len=1448 TSval=2916038289 TSecr=3045558059 [TCP segment of a reassembled PDU]"
"41122","34.208853765","192.168.1.55","192.168.1.2","TCP","1514","8004  >  36312 [PSH, ACK] Seq=11774 Ack=141 Win=65024 Len=1448 TSval=2916038289 TSecr=3045558059 [TCP segment of a reassembled PDU]"
"41123","34.211980159","192.168.1.2","192.168.1.55","TCP","66","36312  >  8004 [ACK] Seq=141 Ack=190 Win=64512 Len=0 TSval=3045558066 TSecr=2916038289"
"41124","34.212023196","192.168.1.55","192.168.1.2","TCP","1514","8004  >  36312 [ACK] Seq=13222 Ack=141 Win=65024 Len=1448 TSval=2916038292 TSecr=3045558066 [TCP segment of a reassembled PDU]"
"41125","34.212027659","192.168.1.55","192.168.1.2","TCP","1514","8004  >  36312 [PSH, ACK] Seq=14670 Ack=141 Win=65024 Len=1448 TSval=2916038292 TSecr=3045558066 [TCP segment of a reassembled PDU]"
"41126","34.212072900","192.168.1.2","192.168.1.55","TCP","66","36312  >  8004 [ACK] Seq=141 Ack=1638 Win=67584 Len=0 TSval=3045558066 TSecr=2916038289"
"41127","34.213015346","192.168.1.2","192.168.1.55","TCP","66","36312  >  8004 [ACK] Seq=141 Ack=7430 Win=79872 Len=0 TSval=3045558067 TSecr=2916038289"
"41128","34.213078790","192.168.1.55","192.168.1.2","TCP","1514","8004  >  36312 [ACK] Seq=16118 Ack=141 Win=65024 Len=1448 TSval=2916038293 TSecr=3045558067 [TCP segment of a reassembled PDU]"
"41129","34.213086531","192.168.1.55","192.168.1.2","TCP","1514","8004  >  36312 [ACK] Seq=17566 Ack=141 Win=65024 Len=1448 TSval=2916038293 TSecr=3045558067 [TCP segment of a reassembled PDU]"
"41130","34.213089161","192.168.1.55","192.168.1.2","TCP","1514","8004  >  36312 [ACK] Seq=19014 Ack=141 Win=65024 Len=1448 TSval=2916038293 TSecr=3045558067 [TCP segment of a reassembled PDU]"
"41131","34.213091475","192.168.1.55","192.168.1.2","TCP","1514","8004  >  36312 [ACK] Seq=20462 Ack=141 Win=65024 Len=1448 TSval=2916038293 TSecr=3045558067 [TCP segment of a reassembled PDU]"
"41132","34.213094087","192.168.1.55","192.168.1.2","TCP","1514","8004  >  36312 [ACK] Seq=21910 Ack=141 Win=65024 Len=1448 TSval=2916038293 TSecr=3045558067 [TCP segment of a reassembled PDU]"
"41133","34.213095994","192.168.1.55","192.168.1.2","TCP","1514","8004  >  36312 [ACK] Seq=23358 Ack=141 Win=65024 Len=1448 TSval=2916038293 TSecr=3045558067 [TCP segment of a reassembled PDU]"
"41134","34.213098012","192.168.1.55","192.168.1.2","TCP","1514","8004  >  36312 [ACK] Seq=24806 Ack=141 Win=65024 Len=1448 TSval=2916038293 TSecr=3045558067 [TCP segment of a reassembled PDU]"
"41135","34.213100161","192.168.1.55","192.168.1.2","TCP","1514","8004  >  36312 [PSH, ACK] Seq=26254 Ack=141 Win=65024 Len=1448 TSval=2916038293 TSecr=3045558067 [TCP segment of a reassembled PDU]"
"41136","34.214019699","192.168.1.2","192.168.1.55","TCP","66","36312  >  8004 [ACK] Seq=141 Ack=13222 Win=76800 Len=0 TSval=3045558067 TSecr=2916038289"
"41137","34.214070792","192.168.1.55","192.168.1.2","TCP","1514","8004  >  36312 [ACK] Seq=27702 Ack=141 Win=65024 Len=1448 TSval=2916038294 TSecr=3045558067 [TCP segment of a reassembled PDU]"
"41138","34.214076773","192.168.1.55","192.168.1.2","TCP","1514","8004  >  36312 [ACK] Seq=29150 Ack=141 Win=65024 Len=1448 TSval=2916038294 TSecr=3045558067 [TCP segment of a reassembled PDU]"
"41139","34.214078495","192.168.1.55","192.168.1.2","TCP","1514","8004  >  36312 [ACK] Seq=30598 Ack=141 Win=65024 Len=1448 TSval=2916038294 TSecr=3045558067 [TCP segment of a reassembled PDU]"
"41140","34.214080477","192.168.1.55","192.168.1.2","TCP","1514","8004  >  36312 [ACK] Seq=32046 Ack=141 Win=65024 Len=1448 TSval=2916038294 TSecr=3045558067 [TCP segment of a reassembled PDU]"
"41141","34.214082181","192.168.1.55","192.168.1.2","TCP","1514","8004  >  36312 [ACK] Seq=33494 Ack=141 Win=65024 Len=1448 TSval=2916038294 TSecr=3045558067 [TCP segment of a reassembled PDU]"
"41142","34.214083514","192.168.1.55","192.168.1.2","TCP","1514","8004  >  36312 [ACK] Seq=34942 Ack=141 Win=65024 Len=1448 TSval=2916038294 TSecr=3045558067 [TCP segment of a reassembled PDU]"
"41143","34.214086236","192.168.1.55","192.168.1.2","TCP","1514","8004  >  36312 [ACK] Seq=36390 Ack=141 Win=65024 Len=1448 TSval=2916038294 TSecr=3045558067 [TCP segment of a reassembled PDU]"
"41144","34.214087588","192.168.1.55","192.168.1.2","TCP","1514","8004  >  36312 [ACK] Seq=37838 Ack=141 Win=65024 Len=1448 TSval=2916038294 TSecr=3045558067 [TCP segment of a reassembled PDU]"
"41145","34.214089144","192.168.1.55","192.168.1.2","TCP","1514","8004  >  36312 [ACK] Seq=39286 Ack=141 Win=65024 Len=1448 TSval=2916038294 TSecr=3045558067 [TCP segment of a reassembled PDU]"
"41146","34.214091070","192.168.1.55","192.168.1.2","TCP","1514","8004  >  36312 [PSH, ACK] Seq=40734 Ack=141 Win=65024 Len=1448 TSval=2916038294 TSecr=3045558067 [TCP segment of a reassembled PDU]"
"41147","34.215811646","192.168.1.2","192.168.1.55","TCP","66","36312  >  8004 [ACK] Seq=141 Ack=16118 Win=74752 Len=0 TSval=3045558069 TSecr=2916038292"
"41148","34.215831350","192.168.1.55","192.168.1.2","TCP","1514","8004  >  36312 [ACK] Seq=42182 Ack=141 Win=65024 Len=1448 TSval=2916038296 TSecr=3045558069 [TCP segment of a reassembled PDU]"
"41149","34.215834387","192.168.1.55","192.168.1.2","TCP","1514","8004  >  36312 [PSH, ACK] Seq=43630 Ack=141 Win=65024 Len=1448 TSval=2916038296 TSecr=3045558069 [TCP segment of a reassembled PDU]"
"41150","34.218212817","192.168.1.2","192.168.1.55","TCP","66","36312  >  8004 [ACK] Seq=141 Ack=26254 Win=76800 Len=0 TSval=3045558072 TSecr=2916038293"
"41151","34.218238539","192.168.1.55","192.168.1.2","TCP","1514","8004  >  36312 [ACK] Seq=45078 Ack=141 Win=65024 Len=1448 TSval=2916038298 TSecr=3045558072 [TCP segment of a reassembled PDU]"
"41152","34.218241428","192.168.1.55","192.168.1.2","TCP","1514","8004  >  36312 [ACK] Seq=46526 Ack=141 Win=65024 Len=1448 TSval=2916038298 TSecr=3045558072 [TCP segment of a reassembled PDU]"
"41153","34.218242539","192.168.1.55","192.168.1.2","TCP","1514","8004  >  36312 [ACK] Seq=47974 Ack=141 Win=65024 Len=1448 TSval=2916038298 TSecr=3045558072 [TCP segment of a reassembled PDU]"
"41154","34.218243780","192.168.1.55","192.168.1.2","TCP","1514","8004  >  36312 [ACK] Seq=49422 Ack=141 Win=65024 Len=1448 TSval=2916038298 TSecr=3045558072 [TCP segment of a reassembled PDU]"
"41155","34.218244928","192.168.1.55","192.168.1.2","TCP","1514","8004  >  36312 [ACK] Seq=50870 Ack=141 Win=65024 Len=1448 TSval=2916038298 TSecr=3045558072 [TCP segment of a reassembled PDU]"
"41156","34.218246113","192.168.1.55","192.168.1.2","TCP","1514","8004  >  36312 [ACK] Seq=52318 Ack=141 Win=65024 Len=1448 TSval=2916038298 TSecr=3045558072 [TCP segment of a reassembled PDU]"
"41157","34.218247224","192.168.1.55","192.168.1.2","TCP","1514","8004  >  36312 [ACK] Seq=53766 Ack=141 Win=65024 Len=1448 TSval=2916038298 TSecr=3045558072 [TCP segment of a reassembled PDU]"
"41158","34.218248354","192.168.1.55","192.168.1.2","TCP","1514","8004  >  36312 [ACK] Seq=55214 Ack=141 Win=65024 Len=1448 TSval=2916038298 TSecr=3045558072 [TCP segment of a reassembled PDU]"
"41159","34.218249613","192.168.1.55","192.168.1.2","TCP","1514","8004  >  36312 [ACK] Seq=56662 Ack=141 Win=65024 Len=1448 TSval=2916038298 TSecr=3045558072 [TCP segment of a reassembled PDU]"
"41160","34.218250761","192.168.1.55","192.168.1.2","TCP","1514","8004  >  36312 [ACK] Seq=58110 Ack=141 Win=65024 Len=1448 TSval=2916038298 TSecr=3045558072 [TCP segment of a reassembled PDU]"
"41161","34.218252002","192.168.1.55","192.168.1.2","TCP","1514","8004  >  36312 [ACK] Seq=59558 Ack=141 Win=65024 Len=1448 TSval=2916038298 TSecr=3045558072 [TCP segment of a reassembled PDU]"
"41162","34.218253113","192.168.1.55","192.168.1.2","TCP","1514","8004  >  36312 [ACK] Seq=61006 Ack=141 Win=65024 Len=1448 TSval=2916038298 TSecr=3045558072 [TCP segment of a reassembled PDU]"
"41163","34.218254298","192.168.1.55","192.168.1.2","TCP","1514","8004  >  36312 [ACK] Seq=62454 Ack=141 Win=65024 Len=1448 TSval=2916038298 TSecr=3045558072 [TCP segment of a reassembled PDU]"
"41164","34.218255650","192.168.1.55","192.168.1.2","TCP","1514","8004  >  36312 [PSH, ACK] Seq=63902 Ack=141 Win=65024 Len=1448 TSval=2916038298 TSecr=3045558072 [TCP segment of a reassembled PDU]"
"41165","34.221173951","192.168.1.2","192.168.1.55","TCP","66","36312  >  8004 [ACK] Seq=141 Ack=27702 Win=81920 Len=0 TSval=3045558074 TSecr=2916038293"
"41166","34.221185988","192.168.1.55","192.168.1.2","TCP","1514","8004  >  36312 [ACK] Seq=65350 Ack=141 Win=65024 Len=1448 TSval=2916038301 TSecr=3045558074 [TCP segment of a reassembled PDU]"
"41167","34.221188062","192.168.1.55","192.168.1.2","TCP","1514","8004  >  36312 [ACK] Seq=66798 Ack=141 Win=65024 Len=1448 TSval=2916038301 TSecr=3045558074 [TCP segment of a reassembled PDU]"
"41168","34.221189136","192.168.1.55","192.168.1.2","TCP","1514","8004  >  36312 [ACK] Seq=68246 Ack=141 Win=65024 Len=1448 TSval=2916038301 TSecr=3045558074 [TCP segment of a reassembled PDU]"
"41169","34.221190266","192.168.1.55","192.168.1.2","TCP","1514","8004  >  36312 [PSH, ACK] Seq=69694 Ack=141 Win=65024 Len=1448 TSval=2916038301 TSecr=3045558074 [TCP segment of a reassembled PDU]"
"41170","34.221463507","192.168.1.2","192.168.1.55","TCP","66","36312  >  8004 [ACK] Seq=141 Ack=39286 Win=74752 Len=0 TSval=3045558074 TSecr=2916038294"
"41171","34.221480396","192.168.1.55","192.168.1.2","TCP","1514","8004  >  36312 [ACK] Seq=71142 Ack=141 Win=65024 Len=1448 TSval=2916038302 TSecr=3045558074 [TCP segment of a reassembled PDU]"
"41172","34.221482563","192.168.1.55","192.168.1.2","TCP","1514","8004  >  36312 [ACK] Seq=72590 Ack=141 Win=65024 Len=1448 TSval=2916038302 TSecr=3045558074 [TCP segment of a reassembled PDU]"
"41173","34.221483785","192.168.1.55","192.168.1.2","TCP","1514","8004  >  36312 [ACK] Seq=74038 Ack=141 Win=65024 Len=1448 TSval=2916038302 TSecr=3045558074 [TCP segment of a reassembled PDU]"
"41174","34.221484933","192.168.1.55","192.168.1.2","TCP","1514","8004  >  36312 [PSH, ACK] Seq=75486 Ack=141 Win=65024 Len=1448 TSval=2916038302 TSecr=3045558074 [TCP segment of a reassembled PDU]"
"41175","34.221491452","192.168.1.2","192.168.1.55","TCP","66","36312  >  8004 [ACK] Seq=141 Ack=42182 Win=72704 Len=0 TSval=3045558074 TSecr=2916038294"
"41176","34.221516489","192.168.1.55","192.168.1.2","TCP","1514","8004  >  36312 [ACK] Seq=76934 Ack=141 Win=65024 Len=1448 TSval=2916038302 TSecr=3045558074 [TCP segment of a reassembled PDU]"
"41177","34.221518563","192.168.1.55","192.168.1.2","TCP","1514","8004  >  36312 [ACK] Seq=78382 Ack=141 Win=65024 Len=1448 TSval=2916038302 TSecr=3045558074 [TCP segment of a reassembled PDU]"
"41178","34.221519767","192.168.1.55","192.168.1.2","TCP","1514","8004  >  36312 [ACK] Seq=79830 Ack=141 Win=65024 Len=1448 TSval=2916038302 TSecr=3045558074 [TCP segment of a reassembled PDU]"
"41179","34.221521044","192.168.1.55","192.168.1.2","TCP","1514","8004  >  36312 [ACK] Seq=81278 Ack=141 Win=65024 Len=1448 TSval=2916038302 TSecr=3045558074 [TCP segment of a reassembled PDU]"
"41180","34.221522230","192.168.1.55","192.168.1.2","TCP","1514","8004  >  36312 [ACK] Seq=82726 Ack=141 Win=65024 Len=1448 TSval=2916038302 TSecr=3045558074 [TCP segment of a reassembled PDU]"
"41181","34.221523341","192.168.1.55","192.168.1.2","TCP","1514","8004  >  36312 [ACK] Seq=84174 Ack=141 Win=65024 Len=1448 TSval=2916038302 TSecr=3045558074 [TCP segment of a reassembled PDU]"
"41182","34.221524600","192.168.1.55","192.168.1.2","TCP","1514","8004  >  36312 [ACK] Seq=85622 Ack=141 Win=65024 Len=1448 TSval=2916038302 TSecr=3045558074 [TCP segment of a reassembled PDU]"
"41183","34.221525933","192.168.1.55","192.168.1.2","TCP","1514","8004  >  36312 [ACK] Seq=87070 Ack=141 Win=65024 Len=1448 TSval=2916038302 TSecr=3045558074 [TCP segment of a reassembled PDU]"
"41184","34.221527193","192.168.1.55","192.168.1.2","TCP","1514","8004  >  36312 [ACK] Seq=88518 Ack=141 Win=65024 Len=1448 TSval=2916038302 TSecr=3045558074 [TCP segment of a reassembled PDU]"
"41185","34.221528452","192.168.1.55","192.168.1.2","TCP","1514","8004  >  36312 [ACK] Seq=89966 Ack=141 Win=65024 Len=1448 TSval=2916038302 TSecr=3045558074 [TCP segment of a reassembled PDU]"
"41186","34.221529730","192.168.1.55","192.168.1.2","TCP","1514","8004  >  36312 [ACK] Seq=91414 Ack=141 Win=65024 Len=1448 TSval=2916038302 TSecr=3045558074 [TCP segment of a reassembled PDU]"
"41187","34.221531081","192.168.1.55","192.168.1.2","TCP","1514","8004  >  36312 [ACK] Seq=92862 Ack=141 Win=65024 Len=1448 TSval=2916038302 TSecr=3045558074 [TCP segment of a reassembled PDU]"
"41188","34.221532767","192.168.1.55","192.168.1.2","TCP","1514","8004  >  36312 [ACK] Seq=94310 Ack=141 Win=65024 Len=1448 TSval=2916038302 TSecr=3045558074 [TCP segment of a reassembled PDU]"
"41189","34.221534081","192.168.1.55","192.168.1.2","TCP","1514","8004  >  36312 [ACK] Seq=95758 Ack=141 Win=65024 Len=1448 TSval=2916038302 TSecr=3045558074 [TCP segment of a reassembled PDU]"
"41190","34.221535285","192.168.1.55","192.168.1.2","TCP","1514","8004  >  36312 [ACK] Seq=97206 Ack=141 Win=65024 Len=1448 TSval=2916038302 TSecr=3045558074 [TCP segment of a reassembled PDU]"
"41191","34.221536489","192.168.1.55","192.168.1.2","TCP","1514","8004  >  36312 [PSH, ACK] Seq=98654 Ack=141 Win=65024 Len=1448 TSval=2916038302 TSecr=3045558074 [TCP segment of a reassembled PDU]"
"41192","34.221540730","192.168.1.2","192.168.1.55","TCP","66","36312  >  8004 [ACK] Seq=141 Ack=45078 Win=70656 Len=0 TSval=3045558074 TSecr=2916038296"
"41193","34.223667918","192.168.1.2","192.168.1.55","TCP","66","36312  >  8004 [ACK] Seq=141 Ack=46526 Win=69632 Len=0 TSval=3045558076 TSecr=2916038298"
"41194","34.223684085","192.168.1.55","192.168.1.2","TCP","1514","8004  >  36312 [ACK] Seq=100102 Ack=141 Win=65024 Len=1448 TSval=2916038304 TSecr=3045558076 [TCP segment of a reassembled PDU]"
"41195","34.223686418","192.168.1.55","192.168.1.2","TCP","1514","8004  >  36312 [ACK] Seq=101550 Ack=141 Win=65024 Len=1448 TSval=2916038304 TSecr=3045558076 [TCP segment of a reassembled PDU]"
"41196","34.223687677","192.168.1.55","192.168.1.2","TCP","1514","8004  >  36312 [ACK] Seq=102998 Ack=141 Win=65024 Len=1448 TSval=2916038304 TSecr=3045558076 [TCP segment of a reassembled PDU]"
"41197","34.223688789","192.168.1.55","192.168.1.2","TCP","1514","8004  >  36312 [ACK] Seq=104446 Ack=141 Win=65024 Len=1448 TSval=2916038304 TSecr=3045558076 [TCP segment of a reassembled PDU]"
"41198","34.223689863","192.168.1.55","192.168.1.2","TCP","1514","8004  >  36312 [ACK] Seq=105894 Ack=141 Win=65024 Len=1448 TSval=2916038304 TSecr=3045558076 [TCP segment of a reassembled PDU]"
"41199","34.223691048","192.168.1.55","192.168.1.2","TCP","1514","8004  >  36312 [PSH, ACK] Seq=107342 Ack=141 Win=65024 Len=1448 TSval=2916038304 TSecr=3045558076 [TCP segment of a reassembled PDU]"
"41200","34.223720326","192.168.1.2","192.168.1.55","TCP","66","36312  >  8004 [ACK] Seq=141 Ack=65350 Win=51200 Len=0 TSval=3045558077 TSecr=2916038298"
"41201","34.223732789","192.168.1.55","192.168.1.2","TCP","1514","8004  >  36312 [ACK] Seq=108790 Ack=141 Win=65024 Len=1448 TSval=2916038304 TSecr=3045558077 [TCP segment of a reassembled PDU]"
"41202","34.223734270","192.168.1.55","192.168.1.2","TCP","1514","8004  >  36312 [ACK] Seq=110238 Ack=141 Win=65024 Len=1448 TSval=2916038304 TSecr=3045558077 [TCP segment of a reassembled PDU]"
"41203","34.223735474","192.168.1.55","192.168.1.2","TCP","1514","8004  >  36312 [ACK] Seq=111686 Ack=141 Win=65024 Len=1448 TSval=2916038304 TSecr=3045558077 [TCP segment of a reassembled PDU]"
"41204","34.223736659","192.168.1.55","192.168.1.2","TCP","1514","8004  >  36312 [ACK] Seq=113134 Ack=141 Win=65024 Len=1448 TSval=2916038304 TSecr=3045558077 [TCP segment of a reassembled PDU]"
"41205","34.223738252","192.168.1.55","192.168.1.2","TCP","1514","8004  >  36312 [PSH, ACK] Seq=114582 Ack=141 Win=65024 Len=1448 TSval=2916038304 TSecr=3045558077 [TCP segment of a reassembled PDU]"
"41206","34.226868201","192.168.1.2","192.168.1.55","TCP","66","36312  >  8004 [ACK] Seq=141 Ack=71142 Win=78848 Len=0 TSval=3045558079 TSecr=2916038301"
"41207","34.226897812","192.168.1.55","192.168.1.2","TCP","1514","8004  >  36312 [ACK] Seq=116030 Ack=141 Win=65024 Len=1448 TSval=2916038307 TSecr=3045558079 [TCP segment of a reassembled PDU]"
"41208","34.226900164","192.168.1.55","192.168.1.2","TCP","1514","8004  >  36312 [ACK] Seq=117478 Ack=141 Win=65024 Len=1448 TSval=2916038307 TSecr=3045558079 [TCP segment of a reassembled PDU]"
"41209","34.226901331","192.168.1.55","192.168.1.2","TCP","1514","8004  >  36312 [ACK] Seq=118926 Ack=141 Win=65024 Len=1448 TSval=2916038307 TSecr=3045558079 [TCP segment of a reassembled PDU]"
"41210","34.226902738","192.168.1.55","192.168.1.2","TCP","1514","8004  >  36312 [ACK] Seq=120374 Ack=141 Win=65024 Len=1448 TSval=2916038307 TSecr=3045558079 [TCP segment of a reassembled PDU]"
"41211","34.226903886","192.168.1.55","192.168.1.2","TCP","1514","8004  >  36312 [ACK] Seq=121822 Ack=141 Win=65024 Len=1448 TSval=2916038307 TSecr=3045558079 [TCP segment of a reassembled PDU]"
"41212","34.226904979","192.168.1.55","192.168.1.2","TCP","1514","8004  >  36312 [ACK] Seq=123270 Ack=141 Win=65024 Len=1448 TSval=2916038307 TSecr=3045558079 [TCP segment of a reassembled PDU]"
"41213","34.226906294","192.168.1.55","192.168.1.2","TCP","1514","8004  >  36312 [ACK] Seq=124718 Ack=141 Win=65024 Len=1448 TSval=2916038307 TSecr=3045558079 [TCP segment of a reassembled PDU]"
"41214","34.226907794","192.168.1.55","192.168.1.2","TCP","1514","8004  >  36312 [ACK] Seq=126166 Ack=141 Win=65024 Len=1448 TSval=2916038307 TSecr=3045558079 [TCP segment of a reassembled PDU]"
"41215","34.226908997","192.168.1.55","192.168.1.2","TCP","1514","8004  >  36312 [ACK] Seq=127614 Ack=141 Win=65024 Len=1448 TSval=2916038307 TSecr=3045558079 [TCP segment of a reassembled PDU]"
"41216","34.226910701","192.168.1.55","192.168.1.2","TCP","1514","8004  >  36312 [ACK] Seq=129062 Ack=141 Win=65024 Len=1448 TSval=2916038307 TSecr=3045558079 [TCP segment of a reassembled PDU]"
"41217","34.226911831","192.168.1.55","192.168.1.2","TCP","1514","8004  >  36312 [ACK] Seq=130510 Ack=141 Win=65024 Len=1448 TSval=2916038307 TSecr=3045558079 [TCP segment of a reassembled PDU]"
"41218","34.226913090","192.168.1.55","192.168.1.2","TCP","1514","8004  >  36312 [ACK] Seq=131958 Ack=141 Win=65024 Len=1448 TSval=2916038307 TSecr=3045558079 [TCP segment of a reassembled PDU]"
"41219","34.226914423","192.168.1.55","192.168.1.2","TCP","1514","8004  >  36312 [ACK] Seq=133406 Ack=141 Win=65024 Len=1448 TSval=2916038307 TSecr=3045558079 [TCP segment of a reassembled PDU]"
"41220","34.226915516","192.168.1.55","192.168.1.2","TCP","1514","8004  >  36312 [ACK] Seq=134854 Ack=141 Win=65024 Len=1448 TSval=2916038307 TSecr=3045558079 [TCP segment of a reassembled PDU]"
"41221","34.226916720","192.168.1.55","192.168.1.2","TCP","1514","8004  >  36312 [ACK] Seq=136302 Ack=141 Win=65024 Len=1448 TSval=2916038307 TSecr=3045558079 [TCP segment of a reassembled PDU]"
"41222","34.226917942","192.168.1.55","192.168.1.2","TCP","1514","8004  >  36312 [ACK] Seq=137750 Ack=141 Win=65024 Len=1448 TSval=2916038307 TSecr=3045558079 [TCP segment of a reassembled PDU]"
"41223","34.226919072","192.168.1.55","192.168.1.2","TCP","1514","8004  >  36312 [ACK] Seq=139198 Ack=141 Win=65024 Len=1448 TSval=2916038307 TSecr=3045558079 [TCP segment of a reassembled PDU]"
"41224","34.226920201","192.168.1.55","192.168.1.2","TCP","1514","8004  >  36312 [ACK] Seq=140646 Ack=141 Win=65024 Len=1448 TSval=2916038307 TSecr=3045558079 [TCP segment of a reassembled PDU]"
"41225","34.226921294","192.168.1.55","192.168.1.2","TCP","1514","8004  >  36312 [ACK] Seq=142094 Ack=141 Win=65024 Len=1448 TSval=2916038307 TSecr=3045558079 [TCP segment of a reassembled PDU]"
"41226","34.226922460","192.168.1.55","192.168.1.2","TCP","1514","8004  >  36312 [ACK] Seq=143542 Ack=141 Win=65024 Len=1448 TSval=2916038307 TSecr=3045558079 [TCP segment of a reassembled PDU]"
"41227","34.226923738","192.168.1.55","192.168.1.2","TCP","1514","8004  >  36312 [ACK] Seq=144990 Ack=141 Win=65024 Len=1448 TSval=2916038307 TSecr=3045558079 [TCP segment of a reassembled PDU]"
"41228","34.226924849","192.168.1.55","192.168.1.2","TCP","1514","8004  >  36312 [ACK] Seq=146438 Ack=141 Win=65024 Len=1448 TSval=2916038307 TSecr=3045558079 [TCP segment of a reassembled PDU]"
"41229","34.226925960","192.168.1.55","192.168.1.2","TCP","1514","8004  >  36312 [ACK] Seq=147886 Ack=141 Win=65024 Len=1448 TSval=2916038307 TSecr=3045558079 [TCP segment of a reassembled PDU]"
"41230","34.226927146","192.168.1.55","192.168.1.2","TCP","722","[TCP Window Full] 8004  >  36312 [PSH, ACK] Seq=149334 Ack=141 Win=65024 Len=656 TSval=2916038307 TSecr=3045558079 [TCP segment of a reassembled PDU]"
"41231","34.226981831","192.168.1.2","192.168.1.55","TCP","66","36312  >  8004 [ACK] Seq=141 Ack=76934 Win=79872 Len=0 TSval=3045558081 TSecr=2916038302"
"41232","34.226986646","192.168.1.2","192.168.1.55","TCP","66","36312  >  8004 [ACK] Seq=141 Ack=92862 Win=66560 Len=0 TSval=3045558081 TSecr=2916038302"
"41233","34.227022720","192.168.1.55","192.168.1.2","TCP","1514","8004  >  36312 [ACK] Seq=149990 Ack=141 Win=65024 Len=1448 TSval=2916038307 TSecr=3045558081 [TCP segment of a reassembled PDU]"
"41234","34.227032775","192.168.1.55","192.168.1.2","TCP","1514","8004  >  36312 [ACK] Seq=151438 Ack=141 Win=65024 Len=1448 TSval=2916038307 TSecr=3045558081 [TCP segment of a reassembled PDU]"
"41235","34.227034664","192.168.1.55","192.168.1.2","TCP","1514","8004  >  36312 [PSH, ACK] Seq=152886 Ack=141 Win=65024 Len=1448 TSval=2916038307 TSecr=3045558081 [TCP segment of a reassembled PDU]"
"41236","34.227041516","192.168.1.55","192.168.1.2","TCP","858","8004  >  36312 [ACK] Seq=154334 Ack=141 Win=65024 Len=792 TSval=2916038307 TSecr=3045558081 [TCP segment of a reassembled PDU]"
"41237","34.231069374","192.168.1.2","192.168.1.55","TCP","66","36312  >  8004 [ACK] Seq=141 Ack=100102 Win=78848 Len=0 TSval=3045558082 TSecr=2916038302"
"41238","34.231113597","192.168.1.55","192.168.1.2","TCP","1514","8004  >  36312 [ACK] Seq=155126 Ack=141 Win=65024 Len=1448 TSval=2916038311 TSecr=3045558082 [TCP segment of a reassembled PDU]"
"41239","34.231117819","192.168.1.55","192.168.1.2","TCP","1514","8004  >  36312 [ACK] Seq=156574 Ack=141 Win=65024 Len=1448 TSval=2916038311 TSecr=3045558082 [TCP segment of a reassembled PDU]"
"41240","34.231119689","192.168.1.55","192.168.1.2","TCP","1514","8004  >  36312 [ACK] Seq=158022 Ack=141 Win=65024 Len=1448 TSval=2916038311 TSecr=3045558082 [TCP segment of a reassembled PDU]"
"41241","34.231120967","192.168.1.55","192.168.1.2","TCP","1514","8004  >  36312 [ACK] Seq=159470 Ack=141 Win=65024 Len=1448 TSval=2916038311 TSecr=3045558082 [TCP segment of a reassembled PDU]"
"41242","34.231122226","192.168.1.55","192.168.1.2","TCP","1514","8004  >  36312 [ACK] Seq=160918 Ack=141 Win=65024 Len=1448 TSval=2916038311 TSecr=3045558082 [TCP segment of a reassembled PDU]"
"41243","34.231123708","192.168.1.55","192.168.1.2","TCP","1514","8004  >  36312 [ACK] Seq=162366 Ack=141 Win=65024 Len=1448 TSval=2916038311 TSecr=3045558082 [TCP segment of a reassembled PDU]"
"41244","34.231125189","192.168.1.55","192.168.1.2","TCP","1514","8004  >  36312 [ACK] Seq=163814 Ack=141 Win=65024 Len=1448 TSval=2916038311 TSecr=3045558082 [TCP segment of a reassembled PDU]"
"41245","34.231126708","192.168.1.55","192.168.1.2","TCP","1514","8004  >  36312 [ACK] Seq=165262 Ack=141 Win=65024 Len=1448 TSval=2916038311 TSecr=3045558082 [TCP segment of a reassembled PDU]"
"41246","34.231128004","192.168.1.55","192.168.1.2","TCP","1514","8004  >  36312 [ACK] Seq=166710 Ack=141 Win=65024 Len=1448 TSval=2916038311 TSecr=3045558082 [TCP segment of a reassembled PDU]"
"41247","34.231129467","192.168.1.55","192.168.1.2","TCP","1514","8004  >  36312 [ACK] Seq=168158 Ack=141 Win=65024 Len=1448 TSval=2916038311 TSecr=3045558082 [TCP segment of a reassembled PDU]"
"41248","34.231130800","192.168.1.55","192.168.1.2","TCP","1514","8004  >  36312 [ACK] Seq=169606 Ack=141 Win=65024 Len=1448 TSval=2916038311 TSecr=3045558082 [TCP segment of a reassembled PDU]"
"41249","34.231132078","192.168.1.55","192.168.1.2","TCP","1514","8004  >  36312 [ACK] Seq=171054 Ack=141 Win=65024 Len=1448 TSval=2916038311 TSecr=3045558082 [TCP segment of a reassembled PDU]"
"41250","34.231133504","192.168.1.55","192.168.1.2","TCP","1514","8004  >  36312 [ACK] Seq=172502 Ack=141 Win=65024 Len=1448 TSval=2916038311 TSecr=3045558082 [TCP segment of a reassembled PDU]"
"41251","34.231134893","192.168.1.55","192.168.1.2","TCP","1514","8004  >  36312 [ACK] Seq=173950 Ack=141 Win=65024 Len=1448 TSval=2916038311 TSecr=3045558082 [TCP segment of a reassembled PDU]"
"41252","34.231136134","192.168.1.55","192.168.1.2","TCP","1514","8004  >  36312 [ACK] Seq=175398 Ack=141 Win=65024 Len=1448 TSval=2916038311 TSecr=3045558082 [TCP segment of a reassembled PDU]"
"41253","34.231137504","192.168.1.55","192.168.1.2","TCP","1514","8004  >  36312 [PSH, ACK] Seq=176846 Ack=141 Win=65024 Len=1448 TSval=2916038311 TSecr=3045558082 [TCP segment of a reassembled PDU]"
"41254","34.231232023","192.168.1.2","192.168.1.55","TCP","66","36312  >  8004 [ACK] Seq=141 Ack=108790 Win=71680 Len=0 TSval=3045558082 TSecr=2916038304"
"41255","34.231240245","192.168.1.2","192.168.1.55","TCP","66","36312  >  8004 [ACK] Seq=141 Ack=111686 Win=69632 Len=0 TSval=3045558083 TSecr=2916038304"
"41256","34.231244838","192.168.1.2","192.168.1.55","TCP","66","36312  >  8004 [ACK] Seq=141 Ack=116030 Win=81920 Len=0 TSval=3045558084 TSecr=2916038304"
"41257","34.231267486","192.168.1.55","192.168.1.2","TCP","1514","8004  >  36312 [ACK] Seq=178294 Ack=141 Win=65024 Len=1448 TSval=2916038311 TSecr=3045558084 [TCP segment of a reassembled PDU]"
"41258","34.231269801","192.168.1.55","192.168.1.2","TCP","1514","8004  >  36312 [ACK] Seq=179742 Ack=141 Win=65024 Len=1448 TSval=2916038311 TSecr=3045558084 [TCP segment of a reassembled PDU]"
"41259","34.231271227","192.168.1.55","192.168.1.2","TCP","1514","8004  >  36312 [ACK] Seq=181190 Ack=141 Win=65024 Len=1448 TSval=2916038311 TSecr=3045558084 [TCP segment of a reassembled PDU]"
"41260","34.231272523","192.168.1.55","192.168.1.2","TCP","1514","8004  >  36312 [ACK] Seq=182638 Ack=141 Win=65024 Len=1448 TSval=2916038311 TSecr=3045558084 [TCP segment of a reassembled PDU]"
"41261","34.231273893","192.168.1.55","192.168.1.2","TCP","1514","8004  >  36312 [ACK] Seq=184086 Ack=141 Win=65024 Len=1448 TSval=2916038311 TSecr=3045558084 [TCP segment of a reassembled PDU]"
"41262","34.231275282","192.168.1.55","192.168.1.2","TCP","1514","8004  >  36312 [ACK] Seq=185534 Ack=141 Win=65024 Len=1448 TSval=2916038311 TSecr=3045558084 [TCP segment of a reassembled PDU]"
"41263","34.231276912","192.168.1.55","192.168.1.2","TCP","1514","8004  >  36312 [ACK] Seq=186982 Ack=141 Win=65024 Len=1448 TSval=2916038311 TSecr=3045558084 [TCP segment of a reassembled PDU]"
"41264","34.231278375","192.168.1.55","192.168.1.2","TCP","1514","8004  >  36312 [ACK] Seq=188430 Ack=141 Win=65024 Len=1448 TSval=2916038311 TSecr=3045558084 [TCP segment of a reassembled PDU]"
"41265","34.231279690","192.168.1.55","192.168.1.2","TCP","1514","8004  >  36312 [ACK] Seq=189878 Ack=141 Win=65024 Len=1448 TSval=2916038311 TSecr=3045558084 [TCP segment of a reassembled PDU]"
"41266","34.231281412","192.168.1.55","192.168.1.2","TCP","1514","8004  >  36312 [ACK] Seq=191326 Ack=141 Win=65024 Len=1448 TSval=2916038311 TSecr=3045558084 [TCP segment of a reassembled PDU]"
"41267","34.231282745","192.168.1.55","192.168.1.2","TCP","1514","8004  >  36312 [PSH, ACK] Seq=192774 Ack=141 Win=65024 Len=1448 TSval=2916038311 TSecr=3045558084 [TCP segment of a reassembled PDU]"
"41268","34.234210046","192.168.1.2","192.168.1.55","TCP","66","36312  >  8004 [ACK] Seq=141 Ack=120374 Win=81920 Len=0 TSval=3045558086 TSecr=2916038307"
"41269","34.234232213","192.168.1.55","192.168.1.2","TCP","1514","8004  >  36312 [ACK] Seq=194222 Ack=141 Win=65024 Len=1448 TSval=2916038314 TSecr=3045558086 [TCP segment of a reassembled PDU]"
"41270","34.234235491","192.168.1.55","192.168.1.2","TCP","1514","8004  >  36312 [ACK] Seq=195670 Ack=141 Win=65024 Len=1448 TSval=2916038314 TSecr=3045558086 [TCP segment of a reassembled PDU]"
"41271","34.234237028","192.168.1.55","192.168.1.2","TCP","1514","8004  >  36312 [ACK] Seq=197118 Ack=141 Win=65024 Len=1448 TSval=2916038314 TSecr=3045558086 [TCP segment of a reassembled PDU]"
"41272","34.234239454","192.168.1.55","192.168.1.2","TCP","1514","8004  >  36312 [ACK] Seq=198566 Ack=141 Win=65024 Len=1448 TSval=2916038314 TSecr=3045558086 [TCP segment of a reassembled PDU]"
"41273","34.234241268","192.168.1.55","192.168.1.2","TCP","1514","8004  >  36312 [PSH, ACK] Seq=200014 Ack=141 Win=65024 Len=1448 TSval=2916038314 TSecr=3045558086 [TCP segment of a reassembled PDU]"
"41274","34.236896236","192.168.1.2","192.168.1.55","TCP","66","36312  >  8004 [ACK] Seq=141 Ack=149990 Win=61440 Len=0 TSval=3045558087 TSecr=2916038307"
"41275","34.236914624","192.168.1.55","192.168.1.2","TCP","1514","8004  >  36312 [ACK] Seq=201462 Ack=141 Win=65024 Len=1448 TSval=2916038317 TSecr=3045558087 [TCP segment of a reassembled PDU]"
"41276","34.236917013","192.168.1.55","192.168.1.2","TCP","1514","8004  >  36312 [ACK] Seq=202910 Ack=141 Win=65024 Len=1448 TSval=2916038317 TSecr=3045558087 [TCP segment of a reassembled PDU]"
"41277","34.236918624","192.168.1.55","192.168.1.2","TCP","1514","8004  >  36312 [ACK] Seq=204358 Ack=141 Win=65024 Len=1448 TSval=2916038317 TSecr=3045558087 [TCP segment of a reassembled PDU]"
"41278","34.236921421","192.168.1.55","192.168.1.2","TCP","1514","8004  >  36312 [ACK] Seq=205806 Ack=141 Win=65024 Len=1448 TSval=2916038317 TSecr=3045558087 [TCP segment of a reassembled PDU]"
"41279","34.236923124","192.168.1.55","192.168.1.2","TCP","1514","8004  >  36312 [ACK] Seq=207254 Ack=141 Win=65024 Len=1448 TSval=2916038317 TSecr=3045558087 [TCP segment of a reassembled PDU]"
"41280","34.236924513","192.168.1.55","192.168.1.2","TCP","1514","8004  >  36312 [PSH, ACK] Seq=208702 Ack=141 Win=65024 Len=1448 TSval=2916038317 TSecr=3045558087 [TCP segment of a reassembled PDU]"
"41281","34.237268662","192.168.1.2","192.168.1.55","TCP","66","36312  >  8004 [ACK] Seq=141 Ack=152886 Win=61440 Len=0 TSval=3045558087 TSecr=2916038307"
"41282","34.237275477","192.168.1.2","192.168.1.55","TCP","66","36312  >  8004 [ACK] Seq=141 Ack=154334 Win=84992 Len=0 TSval=3045558088 TSecr=2916038307"
"41283","34.237304625","192.168.1.55","192.168.1.2","TCP","1514","8004  >  36312 [ACK] Seq=210150 Ack=141 Win=65024 Len=1448 TSval=2916038317 TSecr=3045558088 [TCP segment of a reassembled PDU]"
"41284","34.237307162","192.168.1.55","192.168.1.2","TCP","1514","8004  >  36312 [ACK] Seq=211598 Ack=141 Win=65024 Len=1448 TSval=2916038317 TSecr=3045558088 [TCP segment of a reassembled PDU]"
"41285","34.237309218","192.168.1.55","192.168.1.2","TCP","1514","8004  >  36312 [ACK] Seq=213046 Ack=141 Win=65024 Len=1448 TSval=2916038317 TSecr=3045558088 [TCP segment of a reassembled PDU]"
"41286","34.237311014","192.168.1.55","192.168.1.2","TCP","1514","8004  >  36312 [ACK] Seq=214494 Ack=141 Win=65024 Len=1448 TSval=2916038317 TSecr=3045558088 [TCP segment of a reassembled PDU]"
"41287","34.237312477","192.168.1.55","192.168.1.2","TCP","1514","8004  >  36312 [ACK] Seq=215942 Ack=141 Win=65024 Len=1448 TSval=2916038317 TSecr=3045558088 [TCP segment of a reassembled PDU]"
"41288","34.237313884","192.168.1.55","192.168.1.2","TCP","1514","8004  >  36312 [ACK] Seq=217390 Ack=141 Win=65024 Len=1448 TSval=2916038317 TSecr=3045558088 [TCP segment of a reassembled PDU]"
"41289","34.237315403","192.168.1.55","192.168.1.2","TCP","1514","8004  >  36312 [ACK] Seq=218838 Ack=141 Win=65024 Len=1448 TSval=2916038317 TSecr=3045558088 [TCP segment of a reassembled PDU]"
"41290","34.237316866","192.168.1.55","192.168.1.2","TCP","1514","8004  >  36312 [ACK] Seq=220286 Ack=141 Win=65024 Len=1448 TSval=2916038317 TSecr=3045558088 [TCP segment of a reassembled PDU]"
"41291","34.237318495","192.168.1.55","192.168.1.2","TCP","1514","8004  >  36312 [ACK] Seq=221734 Ack=141 Win=65024 Len=1448 TSval=2916038317 TSecr=3045558088 [TCP segment of a reassembled PDU]"
"41292","34.237320570","192.168.1.55","192.168.1.2","TCP","1514","8004  >  36312 [ACK] Seq=223182 Ack=141 Win=65024 Len=1448 TSval=2916038317 TSecr=3045558088 [TCP segment of a reassembled PDU]"
"41293","34.237322458","192.168.1.55","192.168.1.2","TCP","1514","8004  >  36312 [ACK] Seq=224630 Ack=141 Win=65024 Len=1448 TSval=2916038317 TSecr=3045558088 [TCP segment of a reassembled PDU]"
"41294","34.237323977","192.168.1.55","192.168.1.2","TCP","1514","8004  >  36312 [ACK] Seq=226078 Ack=141 Win=65024 Len=1448 TSval=2916038317 TSecr=3045558088 [TCP segment of a reassembled PDU]"
"41295","34.237325736","192.168.1.55","192.168.1.2","TCP","1514","8004  >  36312 [ACK] Seq=227526 Ack=141 Win=65024 Len=1448 TSval=2916038317 TSecr=3045558088 [TCP segment of a reassembled PDU]"
"41296","34.237327051","192.168.1.55","192.168.1.2","TCP","1514","8004  >  36312 [ACK] Seq=228974 Ack=141 Win=65024 Len=1448 TSval=2916038317 TSecr=3045558088 [TCP segment of a reassembled PDU]"
"41297","34.237328477","192.168.1.55","192.168.1.2","TCP","1514","8004  >  36312 [ACK] Seq=230422 Ack=141 Win=65024 Len=1448 TSval=2916038317 TSecr=3045558088 [TCP segment of a reassembled PDU]"
"41298","34.237329884","192.168.1.55","192.168.1.2","TCP","1514","8004  >  36312 [ACK] Seq=231870 Ack=141 Win=65024 Len=1448 TSval=2916038317 TSecr=3045558088 [TCP segment of a reassembled PDU]"
"41299","34.237331551","192.168.1.55","192.168.1.2","TCP","1514","8004  >  36312 [PSH, ACK] Seq=233318 Ack=141 Win=65024 Len=1448 TSval=2916038317 TSecr=3045558088 [TCP segment of a reassembled PDU]"
"41300","34.237337366","192.168.1.2","192.168.1.55","TCP","66","36312  >  8004 [ACK] Seq=141 Ack=155126 Win=87040 Len=0 TSval=3045558088 TSecr=2916038307"
"41301","34.237402310","192.168.1.2","192.168.1.55","TCP","66","36312  >  8004 [ACK] Seq=141 Ack=168158 Win=76800 Len=0 TSval=3045558090 TSecr=2916038311"
"41302","34.237412477","192.168.1.2","192.168.1.55","TCP","66","36312  >  8004 [ACK] Seq=141 Ack=178294 Win=81920 Len=0 TSval=3045558092 TSecr=2916038311"
"41303","34.237418033","192.168.1.2","192.168.1.55","TCP","66","36312  >  8004 [ACK] Seq=141 Ack=201462 Win=65536 Len=0 TSval=3045558092 TSecr=2916038311"
"41304","34.237464051","192.168.1.55","192.168.1.2","TCP","1514","8004  >  36312 [ACK] Seq=234766 Ack=141 Win=65024 Len=1448 TSval=2916038318 TSecr=3045558092 [TCP segment of a reassembled PDU]"
"41305","34.237466014","192.168.1.55","192.168.1.2","TCP","1514","8004  >  36312 [ACK] Seq=236214 Ack=141 Win=65024 Len=1448 TSval=2916038318 TSecr=3045558092 [TCP segment of a reassembled PDU]"
"41306","34.237467551","192.168.1.55","192.168.1.2","TCP","1514","8004  >  36312 [ACK] Seq=237662 Ack=141 Win=65024 Len=1448 TSval=2916038318 TSecr=3045558092 [TCP segment of a reassembled PDU]"
"41307","34.237469107","192.168.1.55","192.168.1.2","TCP","1514","8004  >  36312 [ACK] Seq=239110 Ack=141 Win=65024 Len=1448 TSval=2916038318 TSecr=3045558092 [TCP segment of a reassembled PDU]"
"41308","34.237471236","192.168.1.55","192.168.1.2","TCP","1514","8004  >  36312 [ACK] Seq=240558 Ack=141 Win=65024 Len=1448 TSval=2916038318 TSecr=3045558092 [TCP segment of a reassembled PDU]"
"41309","34.237473070","192.168.1.55","192.168.1.2","TCP","1514","8004  >  36312 [ACK] Seq=242006 Ack=141 Win=65024 Len=1448 TSval=2916038318 TSecr=3045558092 [TCP segment of a reassembled PDU]"
"41310","34.237474422","192.168.1.55","192.168.1.2","TCP","1514","8004  >  36312 [ACK] Seq=243454 Ack=141 Win=65024 Len=1448 TSval=2916038318 TSecr=3045558092 [TCP segment of a reassembled PDU]"
"41311","34.237476014","192.168.1.55","192.168.1.2","TCP","1514","8004  >  36312 [ACK] Seq=244902 Ack=141 Win=65024 Len=1448 TSval=2916038318 TSecr=3045558092 [TCP segment of a reassembled PDU]"
"41312","34.237477348","192.168.1.55","192.168.1.2","TCP","1514","8004  >  36312 [ACK] Seq=246350 Ack=141 Win=65024 Len=1448 TSval=2916038318 TSecr=3045558092 [TCP segment of a reassembled PDU]"
"41313","34.237478774","192.168.1.55","192.168.1.2","TCP","1514","8004  >  36312 [ACK] Seq=247798 Ack=141 Win=65024 Len=1448 TSval=2916038318 TSecr=3045558092 [TCP segment of a reassembled PDU]"
"41314","34.237480514","192.168.1.55","192.168.1.2","TCP","1514","8004  >  36312 [ACK] Seq=249246 Ack=141 Win=65024 Len=1448 TSval=2916038318 TSecr=3045558092 [TCP segment of a reassembled PDU]"
"41315","34.237482792","192.168.1.55","192.168.1.2","TCP","1514","8004  >  36312 [ACK] Seq=250694 Ack=141 Win=65024 Len=1448 TSval=2916038318 TSecr=3045558092 [TCP segment of a reassembled PDU]"
"41316","34.237484774","192.168.1.55","192.168.1.2","TCP","1514","8004  >  36312 [ACK] Seq=252142 Ack=141 Win=65024 Len=1448 TSval=2916038318 TSecr=3045558092 [TCP segment of a reassembled PDU]"
"41317","34.237486088","192.168.1.55","192.168.1.2","TCP","1514","8004  >  36312 [ACK] Seq=253590 Ack=141 Win=65024 Len=1448 TSval=2916038318 TSecr=3045558092 [TCP segment of a reassembled PDU]"
"41318","34.237487774","192.168.1.55","192.168.1.2","TCP","1514","8004  >  36312 [ACK] Seq=255038 Ack=141 Win=65024 Len=1448 TSval=2916038318 TSecr=3045558092 [TCP segment of a reassembled PDU]"
"41319","34.237489366","192.168.1.55","192.168.1.2","TCP","1514","8004  >  36312 [ACK] Seq=256486 Ack=141 Win=65024 Len=1448 TSval=2916038318 TSecr=3045558092 [TCP segment of a reassembled PDU]"
"41320","34.237490848","192.168.1.55","192.168.1.2","TCP","1514","8004  >  36312 [ACK] Seq=257934 Ack=141 Win=65024 Len=1448 TSval=2916038318 TSecr=3045558092 [TCP segment of a reassembled PDU]"
"41321","34.237492459","192.168.1.55","192.168.1.2","TCP","1514","8004  >  36312 [ACK] Seq=259382 Ack=141 Win=65024 Len=1448 TSval=2916038318 TSecr=3045558092 [TCP segment of a reassembled PDU]"
"41322","34.237494014","192.168.1.55","192.168.1.2","TCP","1514","8004  >  36312 [ACK] Seq=260830 Ack=141 Win=65024 Len=1448 TSval=2916038318 TSecr=3045558092 [TCP segment of a reassembled PDU]"
"41323","34.237496181","192.168.1.55","192.168.1.2","TCP","1514","8004  >  36312 [ACK] Seq=262278 Ack=141 Win=65024 Len=1448 TSval=2916038318 TSecr=3045558092 [TCP segment of a reassembled PDU]"
"41324","34.237497940","192.168.1.55","192.168.1.2","TCP","1514","8004  >  36312 [ACK] Seq=263726 Ack=141 Win=65024 Len=1448 TSval=2916038318 TSecr=3045558092 [TCP segment of a reassembled PDU]"
"41325","34.237499274","192.168.1.55","192.168.1.2","TCP","1514","8004  >  36312 [ACK] Seq=265174 Ack=141 Win=65024 Len=1448 TSval=2916038318 TSecr=3045558092 [TCP segment of a reassembled PDU]"
"41326","34.237500607","192.168.1.55","192.168.1.2","TCP","442","[TCP Window Full] 8004  >  36312 [PSH, ACK] Seq=266622 Ack=141 Win=65024 Len=376 TSval=2916038318 TSecr=3045558092 [TCP segment of a reassembled PDU]"
"41327","34.242864893","192.168.1.2","192.168.1.55","TCP","66","36312  >  8004 [ACK] Seq=141 Ack=202910 Win=90112 Len=0 TSval=3045558094 TSecr=2916038317"
"41328","34.242879801","192.168.1.55","192.168.1.2","TCP","1514","8004  >  36312 [ACK] Seq=266998 Ack=141 Win=65024 Len=1448 TSval=2916038323 TSecr=3045558094 [TCP segment of a reassembled PDU]"
"41329","34.242882134","192.168.1.55","192.168.1.2","TCP","1514","8004  >  36312 [ACK] Seq=268446 Ack=141 Win=65024 Len=1448 TSval=2916038323 TSecr=3045558094 [TCP segment of a reassembled PDU]"
"41330","34.242883412","192.168.1.55","192.168.1.2","TCP","1514","8004  >  36312 [ACK] Seq=269894 Ack=141 Win=65024 Len=1448 TSval=2916038323 TSecr=3045558094 [TCP segment of a reassembled PDU]"
"41331","34.242884745","192.168.1.55","192.168.1.2","TCP","1514","8004  >  36312 [ACK] Seq=271342 Ack=141 Win=65024 Len=1448 TSval=2916038323 TSecr=3045558094 [TCP segment of a reassembled PDU]"
"41332","34.242886041","192.168.1.55","192.168.1.2","TCP","1514","8004  >  36312 [PSH, ACK] Seq=272790 Ack=141 Win=65024 Len=1448 TSval=2916038323 TSecr=3045558094 [TCP segment of a reassembled PDU]"
"41333","34.242891282","192.168.1.55","192.168.1.2","TCP","1138","8004  >  36312 [ACK] Seq=274238 Ack=141 Win=65024 Len=1072 TSval=2916038323 TSecr=3045558094 [TCP segment of a reassembled PDU]"
"41334","34.243198968","192.168.1.2","192.168.1.55","TCP","66","36312  >  8004 [ACK] Seq=141 Ack=204358 Win=93184 Len=0 TSval=3045558094 TSecr=2916038317"
"41335","34.245057119","192.168.1.2","192.168.1.55","TCP","66","36312  >  8004 [ACK] Seq=141 Ack=275310 Win=26624 Len=0 TSval=3045558101 TSecr=2916038317"
"41336","34.245085526","192.168.1.55","192.168.1.2","TCP","1514","8004  >  36312 [ACK] Seq=275310 Ack=141 Win=65024 Len=1448 TSval=2916038325 TSecr=3045558101 [TCP segment of a reassembled PDU]"
"41337","34.245088915","192.168.1.55","192.168.1.2","TCP","1514","8004  >  36312 [ACK] Seq=276758 Ack=141 Win=65024 Len=1448 TSval=2916038325 TSecr=3045558101 [TCP segment of a reassembled PDU]"
"41338","34.245090304","192.168.1.55","192.168.1.2","TCP","1514","8004  >  36312 [ACK] Seq=278206 Ack=141 Win=65024 Len=1448 TSval=2916038325 TSecr=3045558101 [TCP segment of a reassembled PDU]"
"41339","34.245091693","192.168.1.55","192.168.1.2","TCP","1514","8004  >  36312 [ACK] Seq=279654 Ack=141 Win=65024 Len=1448 TSval=2916038325 TSecr=3045558101 [TCP segment of a reassembled PDU]"
"41340","34.245093230","192.168.1.55","192.168.1.2","TCP","1514","8004  >  36312 [ACK] Seq=281102 Ack=141 Win=65024 Len=1448 TSval=2916038325 TSecr=3045558101 [TCP segment of a reassembled PDU]"
"41341","34.245094600","192.168.1.55","192.168.1.2","TCP","1514","8004  >  36312 [ACK] Seq=282550 Ack=141 Win=65024 Len=1448 TSval=2916038325 TSecr=3045558101 [TCP segment of a reassembled PDU]"
"41342","34.245095915","192.168.1.55","192.168.1.2","TCP","1514","8004  >  36312 [ACK] Seq=283998 Ack=141 Win=65024 Len=1448 TSval=2916038325 TSecr=3045558101 [TCP segment of a reassembled PDU]"
"41343","34.245097304","192.168.1.55","192.168.1.2","TCP","1514","8004  >  36312 [ACK] Seq=285446 Ack=141 Win=65024 Len=1448 TSval=2916038325 TSecr=3045558101 [TCP segment of a reassembled PDU]"
"41344","34.245098786","192.168.1.55","192.168.1.2","TCP","1514","8004  >  36312 [ACK] Seq=286894 Ack=141 Win=65024 Len=1448 TSval=2916038325 TSecr=3045558101 [TCP segment of a reassembled PDU]"
"41345","34.245100212","192.168.1.55","192.168.1.2","TCP","1514","8004  >  36312 [ACK] Seq=288342 Ack=141 Win=65024 Len=1448 TSval=2916038325 TSecr=3045558101 [TCP segment of a reassembled PDU]"
"41346","34.245101508","192.168.1.55","192.168.1.2","TCP","1514","8004  >  36312 [ACK] Seq=289790 Ack=141 Win=65024 Len=1448 TSval=2916038325 TSecr=3045558101 [TCP segment of a reassembled PDU]"
"41347","34.245103156","192.168.1.55","192.168.1.2","TCP","1514","8004  >  36312 [ACK] Seq=291238 Ack=141 Win=65024 Len=1448 TSval=2916038325 TSecr=3045558101 [TCP segment of a reassembled PDU]"
"41348","34.245104638","192.168.1.55","192.168.1.2","TCP","1514","8004  >  36312 [ACK] Seq=292686 Ack=141 Win=65024 Len=1448 TSval=2916038325 TSecr=3045558101 [TCP segment of a reassembled PDU]"
"41349","34.245106063","192.168.1.55","192.168.1.2","TCP","1514","8004  >  36312 [ACK] Seq=294134 Ack=141 Win=65024 Len=1448 TSval=2916038325 TSecr=3045558101 [TCP segment of a reassembled PDU]"
"41350","34.245107471","192.168.1.55","192.168.1.2","TCP","1514","8004  >  36312 [ACK] Seq=295582 Ack=141 Win=65024 Len=1448 TSval=2916038325 TSecr=3045558101 [TCP segment of a reassembled PDU]"
"41351","34.245108897","192.168.1.55","192.168.1.2","TCP","1514","8004  >  36312 [ACK] Seq=297030 Ack=141 Win=65024 Len=1448 TSval=2916038325 TSecr=3045558101 [TCP segment of a reassembled PDU]"
"41352","34.245110434","192.168.1.55","192.168.1.2","TCP","1514","8004  >  36312 [ACK] Seq=298478 Ack=141 Win=65024 Len=1448 TSval=2916038325 TSecr=3045558101 [TCP segment of a reassembled PDU]"
"41353","34.245112138","192.168.1.55","192.168.1.2","TCP","1514","8004  >  36312 [ACK] Seq=299926 Ack=141 Win=65024 Len=1448 TSval=2916038325 TSecr=3045558101 [TCP segment of a reassembled PDU]"
"41354","34.245113582","192.168.1.55","192.168.1.2","TCP","626","[TCP Window Full] 8004  >  36312 [PSH, ACK] Seq=301374 Ack=141 Win=65024 Len=560 TSval=2916038325 TSecr=3045558101 [TCP segment of a reassembled PDU]"
"41355","34.245852176","192.168.1.2","192.168.1.55","TCP","66","[TCP Window Update] 36312  >  8004 [ACK] Seq=141 Ack=275310 Win=56320 Len=0 TSval=3045558101 TSecr=2916038317"
"41356","34.245865861","192.168.1.55","192.168.1.2","TCP","1514","8004  >  36312 [ACK] Seq=301934 Ack=141 Win=65024 Len=1448 TSval=2916038326 TSecr=3045558101 [TCP segment of a reassembled PDU]"
"41357","34.245871102","192.168.1.55","192.168.1.2","TCP","1514","8004  >  36312 [ACK] Seq=303382 Ack=141 Win=65024 Len=1448 TSval=2916038326 TSecr=3045558101 [TCP segment of a reassembled PDU]"
"41358","34.245872620","192.168.1.55","192.168.1.2","TCP","1514","8004  >  36312 [ACK] Seq=304830 Ack=141 Win=65024 Len=1448 TSval=2916038326 TSecr=3045558101 [TCP segment of a reassembled PDU]"
"41359","34.245874083","192.168.1.55","192.168.1.2","TCP","1514","8004  >  36312 [ACK] Seq=306278 Ack=141 Win=65024 Len=1448 TSval=2916038326 TSecr=3045558101 [TCP segment of a reassembled PDU]"
"41360","34.245875417","192.168.1.55","192.168.1.2","TCP","1514","8004  >  36312 [ACK] Seq=307726 Ack=141 Win=65024 Len=1448 TSval=2916038326 TSecr=3045558101 [TCP segment of a reassembled PDU]"
"41361","34.245876694","192.168.1.55","192.168.1.2","TCP","1514","8004  >  36312 [ACK] Seq=309174 Ack=141 Win=65024 Len=1448 TSval=2916038326 TSecr=3045558101 [TCP segment of a reassembled PDU]"
"41362","34.245878009","192.168.1.55","192.168.1.2","TCP","1514","8004  >  36312 [ACK] Seq=310622 Ack=141 Win=65024 Len=1448 TSval=2916038326 TSecr=3045558101 [TCP segment of a reassembled PDU]"
"41363","34.245879454","192.168.1.55","192.168.1.2","TCP","1514","8004  >  36312 [ACK] Seq=312070 Ack=141 Win=65024 Len=1448 TSval=2916038326 TSecr=3045558101 [TCP segment of a reassembled PDU]"
"41364","34.245880713","192.168.1.55","192.168.1.2","TCP","1514","8004  >  36312 [PSH, ACK] Seq=313518 Ack=141 Win=65024 Len=1448 TSval=2916038326 TSecr=3045558101 [TCP segment of a reassembled PDU]"
"41365","34.245885194","192.168.1.55","192.168.1.2","TCP","954","8004  >  36312 [PSH, ACK] Seq=314966 Ack=141 Win=65024 Len=888 TSval=2916038326 TSecr=3045558101 [TCP segment of a reassembled PDU]"
"41366","34.245897954","192.168.1.55","192.168.1.2","TCP","1514","8004  >  36312 [ACK] Seq=315854 Ack=141 Win=65024 Len=1448 TSval=2916038326 TSecr=3045558101 [TCP segment of a reassembled PDU]"
"41367","34.245899380","192.168.1.55","192.168.1.2","TCP","1514","8004  >  36312 [ACK] Seq=317302 Ack=141 Win=65024 Len=1448 TSval=2916038326 TSecr=3045558101 [TCP segment of a reassembled PDU]"
"41368","34.245900676","192.168.1.55","192.168.1.2","TCP","1514","8004  >  36312 [ACK] Seq=318750 Ack=141 Win=65024 Len=1448 TSval=2916038326 TSecr=3045558101 [TCP segment of a reassembled PDU]"
"41369","34.245902028","192.168.1.55","192.168.1.2","TCP","1514","8004  >  36312 [ACK] Seq=320198 Ack=141 Win=65024 Len=1448 TSval=2916038326 TSecr=3045558101 [TCP segment of a reassembled PDU]"
"41370","34.245903435","192.168.1.55","192.168.1.2","TCP","1514","8004  >  36312 [ACK] Seq=321646 Ack=141 Win=65024 Len=1448 TSval=2916038326 TSecr=3045558101 [TCP segment of a reassembled PDU]"
"41371","34.245905194","192.168.1.55","192.168.1.2","TCP","1514","8004  >  36312 [ACK] Seq=323094 Ack=141 Win=65024 Len=1448 TSval=2916038326 TSecr=3045558101 [TCP segment of a reassembled PDU]"
"41372","34.245906620","192.168.1.55","192.168.1.2","TCP","1514","8004  >  36312 [ACK] Seq=324542 Ack=141 Win=65024 Len=1448 TSval=2916038326 TSecr=3045558101 [TCP segment of a reassembled PDU]"
"41373","34.245908009","192.168.1.55","192.168.1.2","TCP","1514","8004  >  36312 [ACK] Seq=325990 Ack=141 Win=65024 Len=1448 TSval=2916038326 TSecr=3045558101 [TCP segment of a reassembled PDU]"
"41374","34.245909268","192.168.1.55","192.168.1.2","TCP","1514","8004  >  36312 [ACK] Seq=327438 Ack=141 Win=65024 Len=1448 TSval=2916038326 TSecr=3045558101 [TCP segment of a reassembled PDU]"
"41375","34.245910620","192.168.1.55","192.168.1.2","TCP","1514","8004  >  36312 [PSH, ACK] Seq=328886 Ack=141 Win=65024 Len=1448 TSval=2916038326 TSecr=3045558101 [TCP segment of a reassembled PDU]"
"41376","34.249454182","192.168.1.2","192.168.1.55","TCP","66","36312  >  8004 [ACK] Seq=141 Ack=301934 Win=70656 Len=0 TSval=3045558104 TSecr=2916038325"
"41377","34.249480459","192.168.1.55","192.168.1.2","TCP","1514","8004  >  36312 [ACK] Seq=330334 Ack=141 Win=65024 Len=1448 TSval=2916038330 TSecr=3045558104 [TCP segment of a reassembled PDU]"
"41378","34.249483163","192.168.1.55","192.168.1.2","TCP","1514","8004  >  36312 [ACK] Seq=331782 Ack=141 Win=65024 Len=1448 TSval=2916038330 TSecr=3045558104 [TCP segment of a reassembled PDU]"
"41379","34.249484570","192.168.1.55","192.168.1.2","TCP","1514","8004  >  36312 [ACK] Seq=333230 Ack=141 Win=65024 Len=1448 TSval=2916038330 TSecr=3045558104 [TCP segment of a reassembled PDU]"
"41380","34.249486311","192.168.1.55","192.168.1.2","TCP","1514","8004  >  36312 [ACK] Seq=334678 Ack=141 Win=65024 Len=1448 TSval=2916038330 TSecr=3045558104 [TCP segment of a reassembled PDU]"
"41381","34.249487774","192.168.1.55","192.168.1.2","TCP","1514","8004  >  36312 [ACK] Seq=336126 Ack=141 Win=65024 Len=1448 TSval=2916038330 TSecr=3045558104 [TCP segment of a reassembled PDU]"
"41382","34.249489089","192.168.1.55","192.168.1.2","TCP","1514","8004  >  36312 [ACK] Seq=337574 Ack=141 Win=65024 Len=1448 TSval=2916038330 TSecr=3045558104 [TCP segment of a reassembled PDU]"
"41383","34.249490496","192.168.1.55","192.168.1.2","TCP","1514","8004  >  36312 [ACK] Seq=339022 Ack=141 Win=65024 Len=1448 TSval=2916038330 TSecr=3045558104 [TCP segment of a reassembled PDU]"
"41384","34.249491885","192.168.1.55","192.168.1.2","TCP","1514","8004  >  36312 [ACK] Seq=340470 Ack=141 Win=65024 Len=1448 TSval=2916038330 TSecr=3045558104 [TCP segment of a reassembled PDU]"
"41385","34.249493552","192.168.1.55","192.168.1.2","TCP","1514","8004  >  36312 [ACK] Seq=341918 Ack=141 Win=65024 Len=1448 TSval=2916038330 TSecr=3045558104 [TCP segment of a reassembled PDU]"
"41386","34.249494996","192.168.1.55","192.168.1.2","TCP","1514","8004  >  36312 [ACK] Seq=343366 Ack=141 Win=65024 Len=1448 TSval=2916038330 TSecr=3045558104 [TCP segment of a reassembled PDU]"
"41387","34.249496404","192.168.1.55","192.168.1.2","TCP","1514","8004  >  36312 [ACK] Seq=344814 Ack=141 Win=65024 Len=1448 TSval=2916038330 TSecr=3045558104 [TCP segment of a reassembled PDU]"
"41388","34.249497774","192.168.1.55","192.168.1.2","TCP","1514","8004  >  36312 [ACK] Seq=346262 Ack=141 Win=65024 Len=1448 TSval=2916038330 TSecr=3045558104 [TCP segment of a reassembled PDU]"
"41389","34.249499237","192.168.1.55","192.168.1.2","TCP","1514","8004  >  36312 [ACK] Seq=347710 Ack=141 Win=65024 Len=1448 TSval=2916038330 TSecr=3045558104 [TCP segment of a reassembled PDU]"
"41390","34.249500608","192.168.1.55","192.168.1.2","TCP","1514","8004  >  36312 [ACK] Seq=349158 Ack=141 Win=65024 Len=1448 TSval=2916038330 TSecr=3045558104 [TCP segment of a reassembled PDU]"
"41391","34.249501978","192.168.1.55","192.168.1.2","TCP","1514","8004  >  36312 [ACK] Seq=350606 Ack=141 Win=65024 Len=1448 TSval=2916038330 TSecr=3045558104 [TCP segment of a reassembled PDU]"
"41392","34.249503533","192.168.1.55","192.168.1.2","TCP","1514","8004  >  36312 [ACK] Seq=352054 Ack=141 Win=65024 Len=1448 TSval=2916038330 TSecr=3045558104 [TCP segment of a reassembled PDU]"
"41393","34.249504922","192.168.1.55","192.168.1.2","TCP","1514","8004  >  36312 [ACK] Seq=353502 Ack=141 Win=65024 Len=1448 TSval=2916038330 TSecr=3045558104 [TCP segment of a reassembled PDU]"
"41394","34.249506274","192.168.1.55","192.168.1.2","TCP","1514","8004  >  36312 [PSH, ACK] Seq=354950 Ack=141 Win=65024 Len=1448 TSval=2916038330 TSecr=3045558104 [TCP segment of a reassembled PDU]"
"41395","34.249582422","192.168.1.2","192.168.1.55","TCP","66","36312  >  8004 [ACK] Seq=141 Ack=314966 Win=66560 Len=0 TSval=3045558104 TSecr=2916038326"
"41396","34.249610830","192.168.1.55","192.168.1.2","TCP","1514","8004  >  36312 [ACK] Seq=356398 Ack=141 Win=65024 Len=1448 TSval=2916038330 TSecr=3045558104 [TCP segment of a reassembled PDU]"
"41397","34.249613015","192.168.1.55","192.168.1.2","TCP","1514","8004  >  36312 [ACK] Seq=357846 Ack=141 Win=65024 Len=1448 TSval=2916038330 TSecr=3045558104 [TCP segment of a reassembled PDU]"
"41398","34.249614348","192.168.1.55","192.168.1.2","TCP","1514","8004  >  36312 [ACK] Seq=359294 Ack=141 Win=65024 Len=1448 TSval=2916038330 TSecr=3045558104 [TCP segment of a reassembled PDU]"
"41399","34.249615626","192.168.1.55","192.168.1.2","TCP","1514","8004  >  36312 [ACK] Seq=360742 Ack=141 Win=65024 Len=1448 TSval=2916038330 TSecr=3045558104 [TCP segment of a reassembled PDU]"
"41400","34.249616997","192.168.1.55","192.168.1.2","TCP","1514","8004  >  36312 [ACK] Seq=362190 Ack=141 Win=65024 Len=1448 TSval=2916038330 TSecr=3045558104 [TCP segment of a reassembled PDU]"
"41401","34.249618274","192.168.1.55","192.168.1.2","TCP","1514","8004  >  36312 [ACK] Seq=363638 Ack=141 Win=65024 Len=1448 TSval=2916038330 TSecr=3045558104 [TCP segment of a reassembled PDU]"
"41402","34.249619719","192.168.1.55","192.168.1.2","TCP","1514","8004  >  36312 [ACK] Seq=365086 Ack=141 Win=65024 Len=1448 TSval=2916038330 TSecr=3045558104 [TCP segment of a reassembled PDU]"
"41403","34.249621237","192.168.1.55","192.168.1.2","TCP","1514","8004  >  36312 [ACK] Seq=366534 Ack=141 Win=65024 Len=1448 TSval=2916038330 TSecr=3045558104 [TCP segment of a reassembled PDU]"
"41404","34.249622552","192.168.1.55","192.168.1.2","TCP","1514","8004  >  36312 [ACK] Seq=367982 Ack=141 Win=65024 Len=1448 TSval=2916038330 TSecr=3045558104 [TCP segment of a reassembled PDU]"
"41405","34.249623848","192.168.1.55","192.168.1.2","TCP","1514","8004  >  36312 [ACK] Seq=369430 Ack=141 Win=65024 Len=1448 TSval=2916038330 TSecr=3045558104 [TCP segment of a reassembled PDU]"
"41406","34.249625126","192.168.1.55","192.168.1.2","TCP","1514","8004  >  36312 [ACK] Seq=370878 Ack=141 Win=65024 Len=1448 TSval=2916038330 TSecr=3045558104 [TCP segment of a reassembled PDU]"
"41407","34.249626830","192.168.1.55","192.168.1.2","TCP","1514","8004  >  36312 [ACK] Seq=372326 Ack=141 Win=65024 Len=1448 TSval=2916038330 TSecr=3045558104 [TCP segment of a reassembled PDU]"
"41408","34.249628163","192.168.1.55","192.168.1.2","TCP","1514","8004  >  36312 [ACK] Seq=373774 Ack=141 Win=65024 Len=1448 TSval=2916038330 TSecr=3045558104 [TCP segment of a reassembled PDU]"
"41409","34.249629441","192.168.1.55","192.168.1.2","TCP","1514","8004  >  36312 [ACK] Seq=375222 Ack=141 Win=65024 Len=1448 TSval=2916038330 TSecr=3045558104 [TCP segment of a reassembled PDU]"
"41410","34.249630830","192.168.1.55","192.168.1.2","TCP","1514","8004  >  36312 [ACK] Seq=376670 Ack=141 Win=65024 Len=1448 TSval=2916038330 TSecr=3045558104 [TCP segment of a reassembled PDU]"
"41411","34.249632089","192.168.1.55","192.168.1.2","TCP","1514","8004  >  36312 [ACK] Seq=378118 Ack=141 Win=65024 Len=1448 TSval=2916038330 TSecr=3045558104 [TCP segment of a reassembled PDU]"
"41412","34.249633497","192.168.1.55","192.168.1.2","TCP","1514","8004  >  36312 [PSH, ACK] Seq=379566 Ack=141 Win=65024 Len=1448 TSval=2916038330 TSecr=3045558104 [TCP segment of a reassembled PDU]"
"41413","34.249638256","192.168.1.2","192.168.1.55","TCP","66","36312  >  8004 [ACK] Seq=141 Ack=323094 Win=59392 Len=0 TSval=3045558104 TSecr=2916038326"
"41414","34.250855776","192.168.1.2","192.168.1.55","TCP","66","36312  >  8004 [ACK] Seq=141 Ack=330334 Win=95232 Len=0 TSval=3045558105 TSecr=2916038326"
"41415","34.250877350","192.168.1.55","192.168.1.2","TCP","1514","8004  >  36312 [ACK] Seq=381014 Ack=141 Win=65024 Len=1448 TSval=2916038331 TSecr=3045558105 [TCP segment of a reassembled PDU]"
"41416","34.250879406","192.168.1.55","192.168.1.2","TCP","1514","8004  >  36312 [ACK] Seq=382462 Ack=141 Win=65024 Len=1448 TSval=2916038331 TSecr=3045558105 [TCP segment of a reassembled PDU]"
"41417","34.250881295","192.168.1.55","192.168.1.2","TCP","1514","8004  >  36312 [ACK] Seq=383910 Ack=141 Win=65024 Len=1448 TSval=2916038331 TSecr=3045558105 [TCP segment of a reassembled PDU]"
"41418","34.250882573","192.168.1.55","192.168.1.2","TCP","1514","8004  >  36312 [ACK] Seq=385358 Ack=141 Win=65024 Len=1448 TSval=2916038331 TSecr=3045558105 [TCP segment of a reassembled PDU]"
"41419","34.250883999","192.168.1.55","192.168.1.2","TCP","1514","8004  >  36312 [ACK] Seq=386806 Ack=141 Win=65024 Len=1448 TSval=2916038331 TSecr=3045558105 [TCP segment of a reassembled PDU]"
"41420","34.250885387","192.168.1.55","192.168.1.2","TCP","1514","8004  >  36312 [ACK] Seq=388254 Ack=141 Win=65024 Len=1448 TSval=2916038331 TSecr=3045558105 [TCP segment of a reassembled PDU]"
"41421","34.250886702","192.168.1.55","192.168.1.2","TCP","1514","8004  >  36312 [ACK] Seq=389702 Ack=141 Win=65024 Len=1448 TSval=2916038331 TSecr=3045558105 [TCP segment of a reassembled PDU]"
"41422","34.250888073","192.168.1.55","192.168.1.2","TCP","1514","8004  >  36312 [ACK] Seq=391150 Ack=141 Win=65024 Len=1448 TSval=2916038331 TSecr=3045558105 [TCP segment of a reassembled PDU]"
"41423","34.250889480","192.168.1.55","192.168.1.2","TCP","1514","8004  >  36312 [ACK] Seq=392598 Ack=141 Win=65024 Len=1448 TSval=2916038331 TSecr=3045558105 [TCP segment of a reassembled PDU]"
"41424","34.250890906","192.168.1.55","192.168.1.2","TCP","1514","8004  >  36312 [ACK] Seq=394046 Ack=141 Win=65024 Len=1448 TSval=2916038331 TSecr=3045558105 [TCP segment of a reassembled PDU]"
"41425","34.250892165","192.168.1.55","192.168.1.2","TCP","1514","8004  >  36312 [PSH, ACK] Seq=395494 Ack=141 Win=65024 Len=1448 TSval=2916038331 TSecr=3045558105 [TCP segment of a reassembled PDU]"
"41426","34.250914869","192.168.1.55","192.168.1.2","TCP","1514","8004  >  36312 [ACK] Seq=396942 Ack=141 Win=65024 Len=1448 TSval=2916038331 TSecr=3045558105 [TCP segment of a reassembled PDU]"
"41427","34.250916610","192.168.1.55","192.168.1.2","TCP","1514","8004  >  36312 [ACK] Seq=398390 Ack=141 Win=65024 Len=1448 TSval=2916038331 TSecr=3045558105 [TCP segment of a reassembled PDU]"
"41428","34.250917943","192.168.1.55","192.168.1.2","TCP","1514","8004  >  36312 [ACK] Seq=399838 Ack=141 Win=65024 Len=1448 TSval=2916038331 TSecr=3045558105 [TCP segment of a reassembled PDU]"
"41429","34.250919276","192.168.1.55","192.168.1.2","TCP","1514","8004  >  36312 [ACK] Seq=401286 Ack=141 Win=65024 Len=1448 TSval=2916038331 TSecr=3045558105 [TCP segment of a reassembled PDU]"
"41430","34.250920610","192.168.1.55","192.168.1.2","TCP","1514","8004  >  36312 [ACK] Seq=402734 Ack=141 Win=65024 Len=1448 TSval=2916038331 TSecr=3045558105 [TCP segment of a reassembled PDU]"
"41431","34.250922017","192.168.1.55","192.168.1.2","TCP","1514","8004  >  36312 [ACK] Seq=404182 Ack=141 Win=65024 Len=1448 TSval=2916038331 TSecr=3045558105 [TCP segment of a reassembled PDU]"
"41432","34.250923425","192.168.1.55","192.168.1.2","TCP","1514","8004  >  36312 [ACK] Seq=405630 Ack=141 Win=65024 Len=1448 TSval=2916038331 TSecr=3045558105 [TCP segment of a reassembled PDU]"
"41433","34.250924813","192.168.1.55","192.168.1.2","TCP","1514","8004  >  36312 [ACK] Seq=407078 Ack=141 Win=65024 Len=1448 TSval=2916038331 TSecr=3045558105 [TCP segment of a reassembled PDU]"
"41434","34.250926221","192.168.1.55","192.168.1.2","TCP","1514","8004  >  36312 [ACK] Seq=408526 Ack=141 Win=65024 Len=1448 TSval=2916038331 TSecr=3045558105 [TCP segment of a reassembled PDU]"
"41435","34.250927721","192.168.1.55","192.168.1.2","TCP","1514","8004  >  36312 [ACK] Seq=409974 Ack=141 Win=65024 Len=1448 TSval=2916038331 TSecr=3045558105 [TCP segment of a reassembled PDU]"
"41436","34.250929054","192.168.1.55","192.168.1.2","TCP","1514","8004  >  36312 [ACK] Seq=411422 Ack=141 Win=65024 Len=1448 TSval=2916038331 TSecr=3045558105 [TCP segment of a reassembled PDU]"
"41437","34.250930647","192.168.1.55","192.168.1.2","TCP","1514","8004  >  36312 [ACK] Seq=412870 Ack=141 Win=65024 Len=1448 TSval=2916038331 TSecr=3045558105 [TCP segment of a reassembled PDU]"
"41438","34.250932073","192.168.1.55","192.168.1.2","TCP","1514","8004  >  36312 [ACK] Seq=414318 Ack=141 Win=65024 Len=1448 TSval=2916038331 TSecr=3045558105 [TCP segment of a reassembled PDU]"
"41439","34.250933351","192.168.1.55","192.168.1.2","TCP","1514","8004  >  36312 [ACK] Seq=415766 Ack=141 Win=65024 Len=1448 TSval=2916038331 TSecr=3045558105 [TCP segment of a reassembled PDU]"
"41440","34.250934665","192.168.1.55","192.168.1.2","TCP","1514","8004  >  36312 [ACK] Seq=417214 Ack=141 Win=65024 Len=1448 TSval=2916038331 TSecr=3045558105 [TCP segment of a reassembled PDU]"
"41441","34.250935943","192.168.1.55","192.168.1.2","TCP","1514","8004  >  36312 [ACK] Seq=418662 Ack=141 Win=65024 Len=1448 TSval=2916038331 TSecr=3045558105 [TCP segment of a reassembled PDU]"
"41442","34.250937406","192.168.1.55","192.168.1.2","TCP","1514","8004  >  36312 [ACK] Seq=420110 Ack=141 Win=65024 Len=1448 TSval=2916038331 TSecr=3045558105 [TCP segment of a reassembled PDU]"
"41443","34.250938869","192.168.1.55","192.168.1.2","TCP","1514","8004  >  36312 [ACK] Seq=421558 Ack=141 Win=65024 Len=1448 TSval=2916038331 TSecr=3045558105 [TCP segment of a reassembled PDU]"
"41444","34.250940554","192.168.1.55","192.168.1.2","TCP","1514","8004  >  36312 [ACK] Seq=423006 Ack=141 Win=65024 Len=1448 TSval=2916038331 TSecr=3045558105 [TCP segment of a reassembled PDU]"
"41445","34.250941943","192.168.1.55","192.168.1.2","TCP","1178","[TCP Window Full] 8004  >  36312 [PSH, ACK] Seq=424454 Ack=141 Win=65024 Len=1112 TSval=2916038331 TSecr=3045558105 [TCP segment of a reassembled PDU]"
"41446","34.256118803","192.168.1.2","192.168.1.55","TCP","66","36312  >  8004 [ACK] Seq=141 Ack=357846 Win=77824 Len=0 TSval=3045558111 TSecr=2916038330"
"41447","34.256135729","192.168.1.55","192.168.1.2","TCP","1514","8004  >  36312 [ACK] Seq=425566 Ack=141 Win=65024 Len=1448 TSval=2916038336 TSecr=3045558111 [TCP segment of a reassembled PDU]"
"41448","34.256138637","192.168.1.55","192.168.1.2","TCP","1514","8004  >  36312 [ACK] Seq=427014 Ack=141 Win=65024 Len=1448 TSval=2916038336 TSecr=3045558111 [TCP segment of a reassembled PDU]"
"41449","34.256140414","192.168.1.55","192.168.1.2","TCP","1514","8004  >  36312 [ACK] Seq=428462 Ack=141 Win=65024 Len=1448 TSval=2916038336 TSecr=3045558111 [TCP segment of a reassembled PDU]"
"41450","34.256141692","192.168.1.55","192.168.1.2","TCP","1514","8004  >  36312 [ACK] Seq=429910 Ack=141 Win=65024 Len=1448 TSval=2916038336 TSecr=3045558111 [TCP segment of a reassembled PDU]"
"41451","34.256143063","192.168.1.55","192.168.1.2","TCP","1514","8004  >  36312 [ACK] Seq=431358 Ack=141 Win=65024 Len=1448 TSval=2916038336 TSecr=3045558111 [TCP segment of a reassembled PDU]"
"41452","34.256144414","192.168.1.55","192.168.1.2","TCP","1514","8004  >  36312 [PSH, ACK] Seq=432806 Ack=141 Win=65024 Len=1448 TSval=2916038336 TSecr=3045558111 [TCP segment of a reassembled PDU]"
"41453","34.258784807","192.168.1.2","192.168.1.55","TCP","66","36312  >  8004 [ACK] Seq=141 Ack=381014 Win=82944 Len=0 TSval=3045558112 TSecr=2916038330"
"41454","34.258796715","192.168.1.55","192.168.1.2","TCP","1514","8004  >  36312 [ACK] Seq=434254 Ack=141 Win=65024 Len=1448 TSval=2916038339 TSecr=3045558112 [TCP segment of a reassembled PDU]"
"41455","34.258798993","192.168.1.55","192.168.1.2","TCP","1514","8004  >  36312 [PSH, ACK] Seq=435702 Ack=141 Win=65024 Len=1448 TSval=2916038339 TSecr=3045558112 [TCP segment of a reassembled PDU]"
"41456","34.258803382","192.168.1.55","192.168.1.2","TCP","402","8004  >  36312 [ACK] Seq=437150 Ack=141 Win=65024 Len=336 TSval=2916038339 TSecr=3045558112 [TCP segment of a reassembled PDU]"
"41457","34.259005919","192.168.1.2","192.168.1.55","TCP","66","36312  >  8004 [ACK] Seq=141 Ack=425566 Win=40960 Len=0 TSval=3045558112 TSecr=2916038331"
"41458","34.259033141","192.168.1.55","192.168.1.2","TCP","1514","8004  >  36312 [ACK] Seq=437486 Ack=141 Win=65024 Len=1448 TSval=2916038339 TSecr=3045558112 [TCP segment of a reassembled PDU]"
"41459","34.259035363","192.168.1.55","192.168.1.2","TCP","1514","8004  >  36312 [ACK] Seq=438934 Ack=141 Win=65024 Len=1448 TSval=2916038339 TSecr=3045558112 [TCP segment of a reassembled PDU]"
"41460","34.259036678","192.168.1.55","192.168.1.2","TCP","1514","8004  >  36312 [ACK] Seq=440382 Ack=141 Win=65024 Len=1448 TSval=2916038339 TSecr=3045558112 [TCP segment of a reassembled PDU]"
"41461","34.259038104","192.168.1.55","192.168.1.2","TCP","1514","8004  >  36312 [ACK] Seq=441830 Ack=141 Win=65024 Len=1448 TSval=2916038339 TSecr=3045558112 [TCP segment of a reassembled PDU]"
"41462","34.259039400","192.168.1.55","192.168.1.2","TCP","1514","8004  >  36312 [ACK] Seq=443278 Ack=141 Win=65024 Len=1448 TSval=2916038339 TSecr=3045558112 [TCP segment of a reassembled PDU]"
"41463","34.259040697","192.168.1.55","192.168.1.2","TCP","1514","8004  >  36312 [ACK] Seq=444726 Ack=141 Win=65024 Len=1448 TSval=2916038339 TSecr=3045558112 [TCP segment of a reassembled PDU]"
"41464","34.259042067","192.168.1.55","192.168.1.2","TCP","1514","8004  >  36312 [ACK] Seq=446174 Ack=141 Win=65024 Len=1448 TSval=2916038339 TSecr=3045558112 [TCP segment of a reassembled PDU]"
"41465","34.259043438","192.168.1.55","192.168.1.2","TCP","1514","8004  >  36312 [ACK] Seq=447622 Ack=141 Win=65024 Len=1448 TSval=2916038339 TSecr=3045558112 [TCP segment of a reassembled PDU]"
"41466","34.259044919","192.168.1.55","192.168.1.2","TCP","1514","8004  >  36312 [ACK] Seq=449070 Ack=141 Win=65024 Len=1448 TSval=2916038339 TSecr=3045558112 [TCP segment of a reassembled PDU]"
"41467","34.259046289","192.168.1.55","192.168.1.2","TCP","1514","8004  >  36312 [ACK] Seq=450518 Ack=141 Win=65024 Len=1448 TSval=2916038339 TSecr=3045558112 [TCP segment of a reassembled PDU]"
"41468","34.259047567","192.168.1.55","192.168.1.2","TCP","1514","8004  >  36312 [ACK] Seq=451966 Ack=141 Win=65024 Len=1448 TSval=2916038339 TSecr=3045558112 [TCP segment of a reassembled PDU]"
"41469","34.259049178","192.168.1.55","192.168.1.2","TCP","1514","8004  >  36312 [ACK] Seq=453414 Ack=141 Win=65024 Len=1448 TSval=2916038339 TSecr=3045558112 [TCP segment of a reassembled PDU]"
"41470","34.259050438","192.168.1.55","192.168.1.2","TCP","1514","8004  >  36312 [ACK] Seq=454862 Ack=141 Win=65024 Len=1448 TSval=2916038339 TSecr=3045558112 [TCP segment of a reassembled PDU]"
"41471","34.259051752","192.168.1.55","192.168.1.2","TCP","1514","8004  >  36312 [ACK] Seq=456310 Ack=141 Win=65024 Len=1448 TSval=2916038339 TSecr=3045558112 [TCP segment of a reassembled PDU]"
"41472","34.259053123","192.168.1.55","192.168.1.2","TCP","1514","8004  >  36312 [ACK] Seq=457758 Ack=141 Win=65024 Len=1448 TSval=2916038339 TSecr=3045558112 [TCP segment of a reassembled PDU]"
"41473","34.259054493","192.168.1.55","192.168.1.2","TCP","1514","8004  >  36312 [ACK] Seq=459206 Ack=141 Win=65024 Len=1448 TSval=2916038339 TSecr=3045558112 [TCP segment of a reassembled PDU]"
"41474","34.259055901","192.168.1.55","192.168.1.2","TCP","1514","8004  >  36312 [ACK] Seq=460654 Ack=141 Win=65024 Len=1448 TSval=2916038339 TSecr=3045558112 [TCP segment of a reassembled PDU]"
"41475","34.259057160","192.168.1.55","192.168.1.2","TCP","1514","8004  >  36312 [ACK] Seq=462102 Ack=141 Win=65024 Len=1448 TSval=2916038339 TSecr=3045558112 [TCP segment of a reassembled PDU]"
"41476","34.259058882","192.168.1.55","192.168.1.2","TCP","1514","8004  >  36312 [ACK] Seq=463550 Ack=141 Win=65024 Len=1448 TSval=2916038339 TSecr=3045558112 [TCP segment of a reassembled PDU]"
"41477","34.259060326","192.168.1.55","192.168.1.2","TCP","1514","8004  >  36312 [PSH, ACK] Seq=464998 Ack=141 Win=65024 Len=1448 TSval=2916038339 TSecr=3045558112 [TCP segment of a reassembled PDU]"
"41478","34.259064938","192.168.1.2","192.168.1.55","TCP","66","[TCP Window Update] 36312  >  8004 [ACK] Seq=141 Ack=425566 Win=95232 Len=0 TSval=3045558112 TSecr=2916038331"
"41479","34.259078586","192.168.1.55","192.168.1.2","TCP","1514","8004  >  36312 [ACK] Seq=466446 Ack=141 Win=65024 Len=1448 TSval=2916038339 TSecr=3045558112 [TCP segment of a reassembled PDU]"
"41480","34.259080660","192.168.1.55","192.168.1.2","TCP","1514","8004  >  36312 [ACK] Seq=467894 Ack=141 Win=65024 Len=1448 TSval=2916038339 TSecr=3045558112 [TCP segment of a reassembled PDU]"
"41481","34.259082012","192.168.1.55","192.168.1.2","TCP","1514","8004  >  36312 [ACK] Seq=469342 Ack=141 Win=65024 Len=1448 TSval=2916038339 TSecr=3045558112 [TCP segment of a reassembled PDU]"
"41482","34.259083289","192.168.1.55","192.168.1.2","TCP","1514","8004  >  36312 [ACK] Seq=470790 Ack=141 Win=65024 Len=1448 TSval=2916038339 TSecr=3045558112 [TCP segment of a reassembled PDU]"
"41483","34.259084567","192.168.1.55","192.168.1.2","TCP","1514","8004  >  36312 [ACK] Seq=472238 Ack=141 Win=65024 Len=1448 TSval=2916038339 TSecr=3045558112 [TCP segment of a reassembled PDU]"
"41484","34.259085882","192.168.1.55","192.168.1.2","TCP","1514","8004  >  36312 [ACK] Seq=473686 Ack=141 Win=65024 Len=1448 TSval=2916038339 TSecr=3045558112 [TCP segment of a reassembled PDU]"
"41485","34.259087271","192.168.1.55","192.168.1.2","TCP","1514","8004  >  36312 [ACK] Seq=475134 Ack=141 Win=65024 Len=1448 TSval=2916038339 TSecr=3045558112 [TCP segment of a reassembled PDU]"
"41486","34.259088678","192.168.1.55","192.168.1.2","TCP","1514","8004  >  36312 [PSH, ACK] Seq=476582 Ack=141 Win=65024 Len=1448 TSval=2916038339 TSecr=3045558112 [TCP segment of a reassembled PDU]"
"41487","34.259108030","192.168.1.55","192.168.1.2","TCP","1514","8004  >  36312 [ACK] Seq=478030 Ack=141 Win=65024 Len=1448 TSval=2916038339 TSecr=3045558112 [TCP segment of a reassembled PDU]"
"41488","34.259109901","192.168.1.55","192.168.1.2","TCP","1514","8004  >  36312 [ACK] Seq=479478 Ack=141 Win=65024 Len=1448 TSval=2916038339 TSecr=3045558112 [TCP segment of a reassembled PDU]"
"41489","34.259111382","192.168.1.55","192.168.1.2","TCP","1514","8004  >  36312 [ACK] Seq=480926 Ack=141 Win=65024 Len=1448 TSval=2916038339 TSecr=3045558112 [TCP segment of a reassembled PDU]"
"41490","34.259112752","192.168.1.55","192.168.1.2","TCP","1514","8004  >  36312 [ACK] Seq=482374 Ack=141 Win=65024 Len=1448 TSval=2916038339 TSecr=3045558112 [TCP segment of a reassembled PDU]"
"41491","34.259114049","192.168.1.55","192.168.1.2","TCP","1514","8004  >  36312 [ACK] Seq=483822 Ack=141 Win=65024 Len=1448 TSval=2916038339 TSecr=3045558112 [TCP segment of a reassembled PDU]"
"41492","34.259115438","192.168.1.55","192.168.1.2","TCP","1514","8004  >  36312 [ACK] Seq=485270 Ack=141 Win=65024 Len=1448 TSval=2916038339 TSecr=3045558112 [TCP segment of a reassembled PDU]"
"41493","34.259116882","192.168.1.55","192.168.1.2","TCP","1514","8004  >  36312 [ACK] Seq=486718 Ack=141 Win=65024 Len=1448 TSval=2916038339 TSecr=3045558112 [TCP segment of a reassembled PDU]"
"41494","34.259118456","192.168.1.55","192.168.1.2","TCP","1514","8004  >  36312 [ACK] Seq=488166 Ack=141 Win=65024 Len=1448 TSval=2916038339 TSecr=3045558112 [TCP segment of a reassembled PDU]"
"41495","34.259119882","192.168.1.55","192.168.1.2","TCP","1514","8004  >  36312 [ACK] Seq=489614 Ack=141 Win=65024 Len=1448 TSval=2916038339 TSecr=3045558112 [TCP segment of a reassembled PDU]"
"41496","34.259121178","192.168.1.55","192.168.1.2","TCP","1514","8004  >  36312 [ACK] Seq=491062 Ack=141 Win=65024 Len=1448 TSval=2916038339 TSecr=3045558112 [TCP segment of a reassembled PDU]"
"41497","34.259122678","192.168.1.55","192.168.1.2","TCP","1514","8004  >  36312 [ACK] Seq=492510 Ack=141 Win=65024 Len=1448 TSval=2916038339 TSecr=3045558112 [TCP segment of a reassembled PDU]"
"41498","34.259124067","192.168.1.55","192.168.1.2","TCP","1514","8004  >  36312 [ACK] Seq=493958 Ack=141 Win=65024 Len=1448 TSval=2916038339 TSecr=3045558112 [TCP segment of a reassembled PDU]"
"41499","34.259125419","192.168.1.55","192.168.1.2","TCP","1514","8004  >  36312 [ACK] Seq=495406 Ack=141 Win=65024 Len=1448 TSval=2916038339 TSecr=3045558112 [TCP segment of a reassembled PDU]"
"41500","34.259126864","192.168.1.55","192.168.1.2","TCP","1514","8004  >  36312 [PSH, ACK] Seq=496854 Ack=141 Win=65024 Len=1448 TSval=2916038339 TSecr=3045558112 [TCP segment of a reassembled PDU]"
"41501","34.259130827","192.168.1.55","192.168.1.2","HTTP","1472","HTTP/1.0 200 OK  (PNG)"
"41502","34.260360588","192.168.1.2","192.168.1.55","TCP","66","36312  >  8004 [ACK] Seq=141 Ack=434254 Win=92160 Len=0 TSval=3045558115 TSecr=2916038336"
"41503","34.263400889","192.168.1.2","192.168.1.55","TCP","66","36312  >  8004 [ACK] Seq=141 Ack=437150 Win=101376 Len=0 TSval=3045558119 TSecr=2916038339"
"41504","34.263565185","192.168.1.2","192.168.1.55","TCP","66","36312  >  8004 [ACK] Seq=141 Ack=440382 Win=107520 Len=0 TSval=3045558119 TSecr=2916038339"
"41505","34.263571667","192.168.1.2","192.168.1.55","TCP","66","36312  >  8004 [ACK] Seq=141 Ack=466446 Win=147456 Len=0 TSval=3045558119 TSecr=2916038339"
"41506","34.263578686","192.168.1.2","192.168.1.55","TCP","66","36312  >  8004 [ACK] Seq=141 Ack=475134 Win=154624 Len=0 TSval=3045558119 TSecr=2916038339"
"41507","34.264619669","192.168.1.2","192.168.1.55","TCP","66","36312  >  8004 [ACK] Seq=141 Ack=478030 Win=160768 Len=0 TSval=3045558119 TSecr=2916038339"
"41508","34.264729650","192.168.1.2","192.168.1.55","TCP","66","36312  >  8004 [ACK] Seq=141 Ack=495406 Win=160768 Len=0 TSval=3045558119 TSecr=2916038339"
"41509","34.265497429","192.168.1.2","192.168.1.55","TCP","66","36312  >  8004 [ACK] Seq=141 Ack=498302 Win=166912 Len=0 TSval=3045558120 TSecr=2916038339"
"41510","34.266943506","192.168.1.2","192.168.1.55","TCP","66","36312  >  8004 [FIN, ACK] Seq=141 Ack=499709 Win=169984 Len=0 TSval=3045558121 TSecr=2916038339"
"41511","34.266957450","192.168.1.55","192.168.1.2","TCP","66","8004  >  36312 [ACK] Seq=499709 Ack=142 Win=65024 Len=0 TSval=2916038347 TSecr=3045558121"
"41512","34.267076210","192.168.1.2","192.168.1.55","TCP","74","36324  >  8004 [SYN] Seq=0 Win=64240 Len=0 MSS=1460 SACK_PERM TSval=3045558122 TSecr=0 WS=1024"
"41513","34.267101802","192.168.1.55","192.168.1.2","TCP","74","8004  >  36324 [SYN, ACK] Seq=0 Ack=1 Win=65160 Len=0 MSS=1460 SACK_PERM TSval=2916038347 TSecr=3045558122 WS=128"
"41514","34.270257141","192.168.1.2","192.168.1.55","TCP","66","36324  >  8004 [ACK] Seq=1 Ack=1 Win=64512 Len=0 TSval=3045558125 TSecr=2916038347"
"41515","34.273443627","192.168.1.2","192.168.1.55","HTTP","209","GET /original_benchmark.png HTTP/1.1 "
"41516","34.273460701","192.168.1.55","192.168.1.2","TCP","66","8004  >  36324 [ACK] Seq=1 Ack=144 Win=65024 Len=0 TSval=2916038354 TSecr=3045558125"
"41517","34.273935776","192.168.1.55","192.168.1.2","TCP","255","8004  >  36324 [PSH, ACK] Seq=1 Ack=144 Win=65024 Len=189 TSval=2916038354 TSecr=3045558125 [TCP segment of a reassembled PDU]"
"41518","34.274029573","192.168.1.55","192.168.1.2","TCP","1514","8004  >  36324 [ACK] Seq=190 Ack=144 Win=65024 Len=1448 TSval=2916038354 TSecr=3045558125 [TCP segment of a reassembled PDU]"
"41519","34.274034869","192.168.1.55","192.168.1.2","TCP","1514","8004  >  36324 [ACK] Seq=1638 Ack=144 Win=65024 Len=1448 TSval=2916038354 TSecr=3045558125 [TCP segment of a reassembled PDU]"
"41520","34.274036795","192.168.1.55","192.168.1.2","TCP","1514","8004  >  36324 [ACK] Seq=3086 Ack=144 Win=65024 Len=1448 TSval=2916038354 TSecr=3045558125 [TCP segment of a reassembled PDU]"
"41521","34.274038110","192.168.1.55","192.168.1.2","TCP","1514","8004  >  36324 [ACK] Seq=4534 Ack=144 Win=65024 Len=1448 TSval=2916038354 TSecr=3045558125 [TCP segment of a reassembled PDU]"
"41522","34.274039424","192.168.1.55","192.168.1.2","TCP","1514","8004  >  36324 [PSH, ACK] Seq=5982 Ack=144 Win=65024 Len=1448 TSval=2916038354 TSecr=3045558125 [TCP segment of a reassembled PDU]"
"41523","34.274055628","192.168.1.55","192.168.1.2","TCP","1514","8004  >  36324 [ACK] Seq=7430 Ack=144 Win=65024 Len=1448 TSval=2916038354 TSecr=3045558125 [TCP segment of a reassembled PDU]"
"41524","34.274057461","192.168.1.55","192.168.1.2","TCP","1514","8004  >  36324 [ACK] Seq=8878 Ack=144 Win=65024 Len=1448 TSval=2916038354 TSecr=3045558125 [TCP segment of a reassembled PDU]"
"41525","34.274058869","192.168.1.55","192.168.1.2","TCP","1514","8004  >  36324 [ACK] Seq=10326 Ack=144 Win=65024 Len=1448 TSval=2916038354 TSecr=3045558125 [TCP segment of a reassembled PDU]"
"41526","34.274060295","192.168.1.55","192.168.1.2","TCP","1514","8004  >  36324 [PSH, ACK] Seq=11774 Ack=144 Win=65024 Len=1448 TSval=2916038354 TSecr=3045558125 [TCP segment of a reassembled PDU]"
"41527","34.278504098","192.168.1.2","192.168.1.55","TCP","66","36324  >  8004 [ACK] Seq=144 Ack=190 Win=64512 Len=0 TSval=3045558132 TSecr=2916038354"
"41528","34.278632747","192.168.1.55","192.168.1.2","TCP","1514","8004  >  36324 [ACK] Seq=13222 Ack=144 Win=65024 Len=1448 TSval=2916038359 TSecr=3045558132 [TCP segment of a reassembled PDU]"
"41529","34.278642617","192.168.1.55","192.168.1.2","TCP","1514","8004  >  36324 [PSH, ACK] Seq=14670 Ack=144 Win=65024 Len=1448 TSval=2916038359 TSecr=3045558132 [TCP segment of a reassembled PDU]"
"41530","34.278759284","192.168.1.2","192.168.1.55","TCP","66","36324  >  8004 [ACK] Seq=144 Ack=3086 Win=70656 Len=0 TSval=3045558132 TSecr=2916038354"
"41531","34.278793006","192.168.1.2","192.168.1.55","TCP","66","36324  >  8004 [ACK] Seq=144 Ack=4534 Win=73728 Len=0 TSval=3045558133 TSecr=2916038354"
"41532","34.278844765","192.168.1.55","192.168.1.2","TCP","1514","8004  >  36324 [ACK] Seq=16118 Ack=144 Win=65024 Len=1448 TSval=2916038359 TSecr=3045558133 [TCP segment of a reassembled PDU]"
"41533","34.278855543","192.168.1.55","192.168.1.2","TCP","1514","8004  >  36324 [ACK] Seq=17566 Ack=144 Win=65024 Len=1448 TSval=2916038359 TSecr=3045558133 [TCP segment of a reassembled PDU]"
"41534","34.278858117","192.168.1.55","192.168.1.2","TCP","1514","8004  >  36324 [ACK] Seq=19014 Ack=144 Win=65024 Len=1448 TSval=2916038359 TSecr=3045558133 [TCP segment of a reassembled PDU]"
"41535","34.278860025","192.168.1.55","192.168.1.2","TCP","1514","8004  >  36324 [ACK] Seq=20462 Ack=144 Win=65024 Len=1448 TSval=2916038359 TSecr=3045558133 [TCP segment of a reassembled PDU]"
"41536","34.278862321","192.168.1.55","192.168.1.2","TCP","1514","8004  >  36324 [ACK] Seq=21910 Ack=144 Win=65024 Len=1448 TSval=2916038359 TSecr=3045558133 [TCP segment of a reassembled PDU]"
"41537","34.278864525","192.168.1.55","192.168.1.2","TCP","1514","8004  >  36324 [PSH, ACK] Seq=23358 Ack=144 Win=65024 Len=1448 TSval=2916038359 TSecr=3045558133 [TCP segment of a reassembled PDU]"
"41538","34.278871951","192.168.1.2","192.168.1.55","TCP","66","36324  >  8004 [ACK] Seq=144 Ack=7430 Win=79872 Len=0 TSval=3045558133 TSecr=2916038354"
"41539","34.279003043","192.168.1.2","192.168.1.55","TCP","66","36324  >  8004 [ACK] Seq=144 Ack=10326 Win=81920 Len=0 TSval=3045558133 TSecr=2916038354"
"41540","34.279076025","192.168.1.55","192.168.1.2","TCP","1514","8004  >  36324 [ACK] Seq=24806 Ack=144 Win=65024 Len=1448 TSval=2916038359 TSecr=3045558133 [TCP segment of a reassembled PDU]"
"41541","34.279084581","192.168.1.55","192.168.1.2","TCP","1514","8004  >  36324 [ACK] Seq=26254 Ack=144 Win=65024 Len=1448 TSval=2916038359 TSecr=3045558133 [TCP segment of a reassembled PDU]"
"41542","34.279086840","192.168.1.55","192.168.1.2","TCP","1514","8004  >  36324 [ACK] Seq=27702 Ack=144 Win=65024 Len=1448 TSval=2916038359 TSecr=3045558133 [TCP segment of a reassembled PDU]"
"41543","34.279090118","192.168.1.55","192.168.1.2","TCP","1514","8004  >  36324 [ACK] Seq=29150 Ack=144 Win=65024 Len=1448 TSval=2916038359 TSecr=3045558133 [TCP segment of a reassembled PDU]"
"41544","34.279093118","192.168.1.55","192.168.1.2","TCP","1514","8004  >  36324 [ACK] Seq=30598 Ack=144 Win=65024 Len=1448 TSval=2916038359 TSecr=3045558133 [TCP segment of a reassembled PDU]"
"41545","34.279096581","192.168.1.55","192.168.1.2","TCP","1514","8004  >  36324 [ACK] Seq=32046 Ack=144 Win=65024 Len=1448 TSval=2916038359 TSecr=3045558133 [TCP segment of a reassembled PDU]"
"41546","34.279098673","192.168.1.55","192.168.1.2","TCP","1514","8004  >  36324 [ACK] Seq=33494 Ack=144 Win=65024 Len=1448 TSval=2916038359 TSecr=3045558133 [TCP segment of a reassembled PDU]"
"41547","34.279101081","192.168.1.55","192.168.1.2","TCP","1514","8004  >  36324 [PSH, ACK] Seq=34942 Ack=144 Win=65024 Len=1448 TSval=2916038359 TSecr=3045558133 [TCP segment of a reassembled PDU]"
"41548","34.279150692","192.168.1.2","192.168.1.55","TCP","66","36324  >  8004 [ACK] Seq=144 Ack=13222 Win=79872 Len=0 TSval=3045558133 TSecr=2916038354"
"41549","34.280506805","192.168.1.55","192.168.1.2","TCP","1514","8004  >  36324 [ACK] Seq=36390 Ack=144 Win=65024 Len=1448 TSval=2916038361 TSecr=3045558133 [TCP segment of a reassembled PDU]"
"41550","34.280516009","192.168.1.55","192.168.1.2","TCP","1514","8004  >  36324 [ACK] Seq=37838 Ack=144 Win=65024 Len=1448 TSval=2916038361 TSecr=3045558133 [TCP segment of a reassembled PDU]"
"41551","34.280517564","192.168.1.55","192.168.1.2","TCP","1514","8004  >  36324 [ACK] Seq=39286 Ack=144 Win=65024 Len=1448 TSval=2916038361 TSecr=3045558133 [TCP segment of a reassembled PDU]"
"41552","34.280518935","192.168.1.55","192.168.1.2","TCP","1514","8004  >  36324 [PSH, ACK] Seq=40734 Ack=144 Win=65024 Len=1448 TSval=2916038361 TSecr=3045558133 [TCP segment of a reassembled PDU]"
"41553","34.287412057","192.168.1.2","192.168.1.55","TCP","66","36324  >  8004 [ACK] Seq=144 Ack=16118 Win=87040 Len=0 TSval=3045558139 TSecr=2916038359"
"41554","34.287490131","192.168.1.55","192.168.1.2","TCP","1514","8004  >  36324 [ACK] Seq=42182 Ack=144 Win=65024 Len=1448 TSval=2916038368 TSecr=3045558139 [TCP segment of a reassembled PDU]"
"41555","34.287498316","192.168.1.55","192.168.1.2","TCP","1514","8004  >  36324 [PSH, ACK] Seq=43630 Ack=144 Win=65024 Len=1448 TSval=2916038368 TSecr=3045558139 [TCP segment of a reassembled PDU]"
"41556","34.287581594","192.168.1.2","192.168.1.55","TCP","66","36324  >  8004 [ACK] Seq=144 Ack=24806 Win=84992 Len=0 TSval=3045558139 TSecr=2916038359"
"41557","34.287618057","192.168.1.55","192.168.1.2","TCP","1514","8004  >  36324 [ACK] Seq=45078 Ack=144 Win=65024 Len=1448 TSval=2916038368 TSecr=3045558139 [TCP segment of a reassembled PDU]"
"41558","34.287620872","192.168.1.55","192.168.1.2","TCP","1514","8004  >  36324 [ACK] Seq=46526 Ack=144 Win=65024 Len=1448 TSval=2916038368 TSecr=3045558139 [TCP segment of a reassembled PDU]"
"41559","34.287622113","192.168.1.55","192.168.1.2","TCP","1514","8004  >  36324 [ACK] Seq=47974 Ack=144 Win=65024 Len=1448 TSval=2916038368 TSecr=3045558139 [TCP segment of a reassembled PDU]"
"41560","34.287623261","192.168.1.55","192.168.1.2","TCP","1514","8004  >  36324 [ACK] Seq=49422 Ack=144 Win=65024 Len=1448 TSval=2916038368 TSecr=3045558139 [TCP segment of a reassembled PDU]"
"41561","34.287624631","192.168.1.55","192.168.1.2","TCP","1514","8004  >  36324 [ACK] Seq=50870 Ack=144 Win=65024 Len=1448 TSval=2916038368 TSecr=3045558139 [TCP segment of a reassembled PDU]"
"41562","34.287626557","192.168.1.55","192.168.1.2","TCP","1514","8004  >  36324 [ACK] Seq=52318 Ack=144 Win=65024 Len=1448 TSval=2916038368 TSecr=3045558139 [TCP segment of a reassembled PDU]"
"41563","34.287628224","192.168.1.55","192.168.1.2","TCP","1514","8004  >  36324 [ACK] Seq=53766 Ack=144 Win=65024 Len=1448 TSval=2916038368 TSecr=3045558139 [TCP segment of a reassembled PDU]"
"41564","34.287629298","192.168.1.55","192.168.1.2","TCP","1514","8004  >  36324 [ACK] Seq=55214 Ack=144 Win=65024 Len=1448 TSval=2916038368 TSecr=3045558139 [TCP segment of a reassembled PDU]"
"41565","34.287630613","192.168.1.55","192.168.1.2","TCP","1514","8004  >  36324 [ACK] Seq=56662 Ack=144 Win=65024 Len=1448 TSval=2916038368 TSecr=3045558139 [TCP segment of a reassembled PDU]"
"41566","34.287632279","192.168.1.55","192.168.1.2","TCP","1514","8004  >  36324 [ACK] Seq=58110 Ack=144 Win=65024 Len=1448 TSval=2916038368 TSecr=3045558139 [TCP segment of a reassembled PDU]"
"41567","34.287634113","192.168.1.55","192.168.1.2","TCP","1514","8004  >  36324 [ACK] Seq=59558 Ack=144 Win=65024 Len=1448 TSval=2916038368 TSecr=3045558139 [TCP segment of a reassembled PDU]"
"41568","34.287635539","192.168.1.55","192.168.1.2","TCP","1514","8004  >  36324 [ACK] Seq=61006 Ack=144 Win=65024 Len=1448 TSval=2916038368 TSecr=3045558139 [TCP segment of a reassembled PDU]"
"41569","34.287637002","192.168.1.55","192.168.1.2","TCP","1514","8004  >  36324 [ACK] Seq=62454 Ack=144 Win=65024 Len=1448 TSval=2916038368 TSecr=3045558139 [TCP segment of a reassembled PDU]"
"41570","34.287638946","192.168.1.55","192.168.1.2","TCP","1514","8004  >  36324 [PSH, ACK] Seq=63902 Ack=144 Win=65024 Len=1448 TSval=2916038368 TSecr=3045558139 [TCP segment of a reassembled PDU]"
"41571","34.287645187","192.168.1.2","192.168.1.55","TCP","66","36324  >  8004 [ACK] Seq=144 Ack=36390 Win=73728 Len=0 TSval=3045558139 TSecr=2916038359"
"41572","34.287684613","192.168.1.55","192.168.1.2","TCP","1514","8004  >  36324 [ACK] Seq=65350 Ack=144 Win=65024 Len=1448 TSval=2916038368 TSecr=3045558139 [TCP segment of a reassembled PDU]"
"41573","34.287687317","192.168.1.55","192.168.1.2","TCP","1514","8004  >  36324 [ACK] Seq=66798 Ack=144 Win=65024 Len=1448 TSval=2916038368 TSecr=3045558139 [TCP segment of a reassembled PDU]"
"41574","34.287690113","192.168.1.55","192.168.1.2","TCP","1514","8004  >  36324 [ACK] Seq=68246 Ack=144 Win=65024 Len=1448 TSval=2916038368 TSecr=3045558139 [TCP segment of a reassembled PDU]"
"41575","34.287691687","192.168.1.55","192.168.1.2","TCP","1514","8004  >  36324 [ACK] Seq=69694 Ack=144 Win=65024 Len=1448 TSval=2916038368 TSecr=3045558139 [TCP segment of a reassembled PDU]"
"41576","34.287692780","192.168.1.55","192.168.1.2","TCP","1514","8004  >  36324 [ACK] Seq=71142 Ack=144 Win=65024 Len=1448 TSval=2916038368 TSecr=3045558139 [TCP segment of a reassembled PDU]"
"41577","34.287694205","192.168.1.55","192.168.1.2","TCP","1514","8004  >  36324 [ACK] Seq=72590 Ack=144 Win=65024 Len=1448 TSval=2916038368 TSecr=3045558139 [TCP segment of a reassembled PDU]"
"41578","34.287696261","192.168.1.55","192.168.1.2","TCP","1514","8004  >  36324 [ACK] Seq=74038 Ack=144 Win=65024 Len=1448 TSval=2916038368 TSecr=3045558139 [TCP segment of a reassembled PDU]"
"41579","34.287697594","192.168.1.55","192.168.1.2","TCP","1514","8004  >  36324 [PSH, ACK] Seq=75486 Ack=144 Win=65024 Len=1448 TSval=2916038368 TSecr=3045558139 [TCP segment of a reassembled PDU]"
"41580","34.287706872","192.168.1.2","192.168.1.55","TCP","66","36324  >  8004 [ACK] Seq=144 Ack=39286 Win=90112 Len=0 TSval=3045558139 TSecr=2916038361"
"41581","34.287716261","192.168.1.2","192.168.1.55","TCP","66","36324  >  8004 [ACK] Seq=144 Ack=42182 Win=90112 Len=0 TSval=3045558139 TSecr=2916038361"
"41582","34.288699374","192.168.1.55","192.168.1.2","TCP","1514","8004  >  36324 [ACK] Seq=76934 Ack=144 Win=65024 Len=1448 TSval=2916038369 TSecr=3045558139 [TCP segment of a reassembled PDU]"
"41583","34.288708337","192.168.1.55","192.168.1.2","TCP","1514","8004  >  36324 [ACK] Seq=78382 Ack=144 Win=65024 Len=1448 TSval=2916038369 TSecr=3045558139 [TCP segment of a reassembled PDU]"
"41584","34.288710892","192.168.1.55","192.168.1.2","TCP","1514","8004  >  36324 [ACK] Seq=79830 Ack=144 Win=65024 Len=1448 TSval=2916038369 TSecr=3045558139 [TCP segment of a reassembled PDU]"
"41585","34.288712522","192.168.1.55","192.168.1.2","TCP","1514","8004  >  36324 [ACK] Seq=81278 Ack=144 Win=65024 Len=1448 TSval=2916038369 TSecr=3045558139 [TCP segment of a reassembled PDU]"
"41586","34.288713874","192.168.1.55","192.168.1.2","TCP","1514","8004  >  36324 [ACK] Seq=82726 Ack=144 Win=65024 Len=1448 TSval=2916038369 TSecr=3045558139 [TCP segment of a reassembled PDU]"
"41587","34.288715577","192.168.1.55","192.168.1.2","TCP","1514","8004  >  36324 [ACK] Seq=84174 Ack=144 Win=65024 Len=1448 TSval=2916038369 TSecr=3045558139 [TCP segment of a reassembled PDU]"
"41588","34.288717059","192.168.1.55","192.168.1.2","TCP","1514","8004  >  36324 [ACK] Seq=85622 Ack=144 Win=65024 Len=1448 TSval=2916038369 TSecr=3045558139 [TCP segment of a reassembled PDU]"
"41589","34.288719355","192.168.1.55","192.168.1.2","TCP","1514","8004  >  36324 [ACK] Seq=87070 Ack=144 Win=65024 Len=1448 TSval=2916038369 TSecr=3045558139 [TCP segment of a reassembled PDU]"
"41590","34.288721244","192.168.1.55","192.168.1.2","TCP","1514","8004  >  36324 [ACK] Seq=88518 Ack=144 Win=65024 Len=1448 TSval=2916038369 TSecr=3045558139 [TCP segment of a reassembled PDU]"
"41591","34.288723670","192.168.1.55","192.168.1.2","TCP","1514","8004  >  36324 [ACK] Seq=89966 Ack=144 Win=65024 Len=1448 TSval=2916038369 TSecr=3045558139 [TCP segment of a reassembled PDU]"
"41592","34.288727318","192.168.1.55","192.168.1.2","TCP","1514","8004  >  36324 [ACK] Seq=91414 Ack=144 Win=65024 Len=1448 TSval=2916038369 TSecr=3045558139 [TCP segment of a reassembled PDU]"
"41593","34.288729244","192.168.1.55","192.168.1.2","TCP","1514","8004  >  36324 [ACK] Seq=92862 Ack=144 Win=65024 Len=1448 TSval=2916038369 TSecr=3045558139 [TCP segment of a reassembled PDU]"
"41594","34.288731540","192.168.1.55","192.168.1.2","TCP","1514","8004  >  36324 [ACK] Seq=94310 Ack=144 Win=65024 Len=1448 TSval=2916038369 TSecr=3045558139 [TCP segment of a reassembled PDU]"
"41595","34.288733763","192.168.1.55","192.168.1.2","TCP","1514","8004  >  36324 [ACK] Seq=95758 Ack=144 Win=65024 Len=1448 TSval=2916038369 TSecr=3045558139 [TCP segment of a reassembled PDU]"
"41596","34.288735448","192.168.1.55","192.168.1.2","TCP","1514","8004  >  36324 [ACK] Seq=97206 Ack=144 Win=65024 Len=1448 TSval=2916038369 TSecr=3045558139 [TCP segment of a reassembled PDU]"
"41597","34.288737300","192.168.1.55","192.168.1.2","TCP","1514","8004  >  36324 [PSH, ACK] Seq=98654 Ack=144 Win=65024 Len=1448 TSval=2916038369 TSecr=3045558139 [TCP segment of a reassembled PDU]"
"41598","34.294852198","192.168.1.2","192.168.1.55","TCP","66","36324  >  8004 [ACK] Seq=144 Ack=45078 Win=88064 Len=0 TSval=3045558147 TSecr=2916038368"
"41599","34.294888995","192.168.1.55","192.168.1.2","TCP","1514","8004  >  36324 [ACK] Seq=100102 Ack=144 Win=65024 Len=1448 TSval=2916038375 TSecr=3045558147 [TCP segment of a reassembled PDU]"
"41600","34.294892402","192.168.1.55","192.168.1.2","TCP","1514","8004  >  36324 [ACK] Seq=101550 Ack=144 Win=65024 Len=1448 TSval=2916038375 TSecr=3045558147 [TCP segment of a reassembled PDU]"
"41601","34.294893569","192.168.1.55","192.168.1.2","TCP","1514","8004  >  36324 [ACK] Seq=102998 Ack=144 Win=65024 Len=1448 TSval=2916038375 TSecr=3045558147 [TCP segment of a reassembled PDU]"
"41602","34.294894643","192.168.1.55","192.168.1.2","TCP","1514","8004  >  36324 [PSH, ACK] Seq=104446 Ack=144 Win=65024 Len=1448 TSval=2916038375 TSecr=3045558147 [TCP segment of a reassembled PDU]"
"41603","34.294919717","192.168.1.2","192.168.1.55","TCP","66","36324  >  8004 [ACK] Seq=144 Ack=52318 Win=86016 Len=0 TSval=3045558147 TSecr=2916038368"
"41604","34.294933550","192.168.1.55","192.168.1.2","TCP","1514","8004  >  36324 [ACK] Seq=105894 Ack=144 Win=65024 Len=1448 TSval=2916038375 TSecr=3045558147 [TCP segment of a reassembled PDU]"
"41605","34.294935032","192.168.1.55","192.168.1.2","TCP","1514","8004  >  36324 [ACK] Seq=107342 Ack=144 Win=65024 Len=1448 TSval=2916038375 TSecr=3045558147 [TCP segment of a reassembled PDU]"
"41606","34.294936087","192.168.1.55","192.168.1.2","TCP","1514","8004  >  36324 [ACK] Seq=108790 Ack=144 Win=65024 Len=1448 TSval=2916038375 TSecr=3045558147 [TCP segment of a reassembled PDU]"
"41607","34.294937087","192.168.1.55","192.168.1.2","TCP","1514","8004  >  36324 [ACK] Seq=110238 Ack=144 Win=65024 Len=1448 TSval=2916038375 TSecr=3045558147 [TCP segment of a reassembled PDU]"
"41608","34.294938087","192.168.1.55","192.168.1.2","TCP","1514","8004  >  36324 [ACK] Seq=111686 Ack=144 Win=65024 Len=1448 TSval=2916038375 TSecr=3045558147 [TCP segment of a reassembled PDU]"
"41609","34.294939032","192.168.1.55","192.168.1.2","TCP","1514","8004  >  36324 [ACK] Seq=113134 Ack=144 Win=65024 Len=1448 TSval=2916038375 TSecr=3045558147 [TCP segment of a reassembled PDU]"
"41610","34.294940217","192.168.1.55","192.168.1.2","TCP","1514","8004  >  36324 [ACK] Seq=114582 Ack=144 Win=65024 Len=1448 TSval=2916038375 TSecr=3045558147 [TCP segment of a reassembled PDU]"
"41611","34.294941254","192.168.1.55","192.168.1.2","TCP","1514","8004  >  36324 [PSH, ACK] Seq=116030 Ack=144 Win=65024 Len=1448 TSval=2916038375 TSecr=3045558147 [TCP segment of a reassembled PDU]"
"41612","34.295478607","192.168.1.2","192.168.1.55","TCP","66","36324  >  8004 [ACK] Seq=144 Ack=65350 Win=80896 Len=0 TSval=3045558148 TSecr=2916038368"
"41613","34.295503273","192.168.1.55","192.168.1.2","TCP","1514","8004  >  36324 [ACK] Seq=117478 Ack=144 Win=65024 Len=1448 TSval=2916038376 TSecr=3045558148 [TCP segment of a reassembled PDU]"
"41614","34.295504996","192.168.1.55","192.168.1.2","TCP","1514","8004  >  36324 [ACK] Seq=118926 Ack=144 Win=65024 Len=1448 TSval=2916038376 TSecr=3045558148 [TCP segment of a reassembled PDU]"
"41615","34.295506125","192.168.1.55","192.168.1.2","TCP","1514","8004  >  36324 [ACK] Seq=120374 Ack=144 Win=65024 Len=1448 TSval=2916038376 TSecr=3045558148 [TCP segment of a reassembled PDU]"
"41616","34.295507033","192.168.1.55","192.168.1.2","TCP","1514","8004  >  36324 [ACK] Seq=121822 Ack=144 Win=65024 Len=1448 TSval=2916038376 TSecr=3045558148 [TCP segment of a reassembled PDU]"
"41617","34.295508125","192.168.1.55","192.168.1.2","TCP","1514","8004  >  36324 [ACK] Seq=123270 Ack=144 Win=65024 Len=1448 TSval=2916038376 TSecr=3045558148 [TCP segment of a reassembled PDU]"
"41618","34.295509273","192.168.1.55","192.168.1.2","TCP","1514","8004  >  36324 [ACK] Seq=124718 Ack=144 Win=65024 Len=1448 TSval=2916038376 TSecr=3045558148 [TCP segment of a reassembled PDU]"
"41619","34.295510218","192.168.1.55","192.168.1.2","TCP","1514","8004  >  36324 [ACK] Seq=126166 Ack=144 Win=65024 Len=1448 TSval=2916038376 TSecr=3045558148 [TCP segment of a reassembled PDU]"
"41620","34.295511459","192.168.1.55","192.168.1.2","TCP","1514","8004  >  36324 [ACK] Seq=127614 Ack=144 Win=65024 Len=1448 TSval=2916038376 TSecr=3045558148 [TCP segment of a reassembled PDU]"
"41621","34.295512699","192.168.1.55","192.168.1.2","TCP","1514","8004  >  36324 [ACK] Seq=129062 Ack=144 Win=65024 Len=1448 TSval=2916038376 TSecr=3045558148 [TCP segment of a reassembled PDU]"
"41622","34.295513922","192.168.1.55","192.168.1.2","TCP","1514","8004  >  36324 [ACK] Seq=130510 Ack=144 Win=65024 Len=1448 TSval=2916038376 TSecr=3045558148 [TCP segment of a reassembled PDU]"
"41623","34.295514866","192.168.1.55","192.168.1.2","TCP","1514","8004  >  36324 [ACK] Seq=131958 Ack=144 Win=65024 Len=1448 TSval=2916038376 TSecr=3045558148 [TCP segment of a reassembled PDU]"
"41624","34.295515811","192.168.1.55","192.168.1.2","TCP","1514","8004  >  36324 [ACK] Seq=133406 Ack=144 Win=65024 Len=1448 TSval=2916038376 TSecr=3045558148 [TCP segment of a reassembled PDU]"
"41625","34.295516811","192.168.1.55","192.168.1.2","TCP","1514","8004  >  36324 [ACK] Seq=134854 Ack=144 Win=65024 Len=1448 TSval=2916038376 TSecr=3045558148 [TCP segment of a reassembled PDU]"
"41626","34.295518033","192.168.1.55","192.168.1.2","TCP","1514","8004  >  36324 [ACK] Seq=136302 Ack=144 Win=65024 Len=1448 TSval=2916038376 TSecr=3045558148 [TCP segment of a reassembled PDU]"
"41627","34.295519014","192.168.1.55","192.168.1.2","TCP","1514","8004  >  36324 [ACK] Seq=137750 Ack=144 Win=65024 Len=1448 TSval=2916038376 TSecr=3045558148 [TCP segment of a reassembled PDU]"
"41628","34.295520107","192.168.1.55","192.168.1.2","TCP","1514","8004  >  36324 [ACK] Seq=139198 Ack=144 Win=65024 Len=1448 TSval=2916038376 TSecr=3045558148 [TCP segment of a reassembled PDU]"
"41629","34.295521125","192.168.1.55","192.168.1.2","TCP","1514","8004  >  36324 [ACK] Seq=140646 Ack=144 Win=65024 Len=1448 TSval=2916038376 TSecr=3045558148 [TCP segment of a reassembled PDU]"
"41630","34.295522107","192.168.1.55","192.168.1.2","TCP","1514","8004  >  36324 [ACK] Seq=142094 Ack=144 Win=65024 Len=1448 TSval=2916038376 TSecr=3045558148 [TCP segment of a reassembled PDU]"
"41631","34.295523051","192.168.1.55","192.168.1.2","TCP","1514","8004  >  36324 [ACK] Seq=143542 Ack=144 Win=65024 Len=1448 TSval=2916038376 TSecr=3045558148 [TCP segment of a reassembled PDU]"
"41632","34.295524014","192.168.1.55","192.168.1.2","TCP","1322","[TCP Window Full] 8004  >  36324 [PSH, ACK] Seq=144990 Ack=144 Win=65024 Len=1256 TSval=2916038376 TSecr=3045558148 [TCP segment of a reassembled PDU]"
"41633","34.295527496","192.168.1.2","192.168.1.55","TCP","66","36324  >  8004 [ACK] Seq=144 Ack=75486 Win=83968 Len=0 TSval=3045558148 TSecr=2916038368"
"41634","34.295544885","192.168.1.55","192.168.1.2","TCP","1514","8004  >  36324 [ACK] Seq=146246 Ack=144 Win=65024 Len=1448 TSval=2916038376 TSecr=3045558148 [TCP segment of a reassembled PDU]"
"41635","34.295546181","192.168.1.55","192.168.1.2","TCP","1514","8004  >  36324 [ACK] Seq=147694 Ack=144 Win=65024 Len=1448 TSval=2916038376 TSecr=3045558148 [TCP segment of a reassembled PDU]"
"41636","34.295547514","192.168.1.55","192.168.1.2","TCP","1514","8004  >  36324 [ACK] Seq=149142 Ack=144 Win=65024 Len=1448 TSval=2916038376 TSecr=3045558148 [TCP segment of a reassembled PDU]"
"41637","34.295548422","192.168.1.55","192.168.1.2","TCP","1514","8004  >  36324 [ACK] Seq=150590 Ack=144 Win=65024 Len=1448 TSval=2916038376 TSecr=3045558148 [TCP segment of a reassembled PDU]"
"41638","34.295549403","192.168.1.55","192.168.1.2","TCP","1514","8004  >  36324 [ACK] Seq=152038 Ack=144 Win=65024 Len=1448 TSval=2916038376 TSecr=3045558148 [TCP segment of a reassembled PDU]"
"41639","34.295550385","192.168.1.55","192.168.1.2","TCP","1514","8004  >  36324 [ACK] Seq=153486 Ack=144 Win=65024 Len=1448 TSval=2916038376 TSecr=3045558148 [TCP segment of a reassembled PDU]"
"41640","34.295551403","192.168.1.55","192.168.1.2","TCP","1514","8004  >  36324 [ACK] Seq=154934 Ack=144 Win=65024 Len=1448 TSval=2916038376 TSecr=3045558148 [TCP segment of a reassembled PDU]"
"41641","34.295552385","192.168.1.55","192.168.1.2","TCP","1514","8004  >  36324 [PSH, ACK] Seq=156382 Ack=144 Win=65024 Len=1448 TSval=2916038376 TSecr=3045558148 [TCP segment of a reassembled PDU]"
"41642","34.295557570","192.168.1.2","192.168.1.55","TCP","66","36324  >  8004 [ACK] Seq=144 Ack=76934 Win=91136 Len=0 TSval=3045558149 TSecr=2916038368"
"41643","34.295562885","192.168.1.2","192.168.1.55","TCP","66","36324  >  8004 [ACK] Seq=144 Ack=100102 Win=69632 Len=0 TSval=3045558149 TSecr=2916038369"
"41644","34.295585477","192.168.1.55","192.168.1.2","TCP","258","8004  >  36324 [ACK] Seq=157830 Ack=144 Win=65024 Len=192 TSval=2916038376 TSecr=3045558149 [TCP segment of a reassembled PDU]"
"41645","34.295607959","192.168.1.55","192.168.1.2","TCP","1514","8004  >  36324 [ACK] Seq=158022 Ack=144 Win=65024 Len=1448 TSval=2916038376 TSecr=3045558149 [TCP segment of a reassembled PDU]"
"41646","34.295609218","192.168.1.55","192.168.1.2","TCP","1514","8004  >  36324 [ACK] Seq=159470 Ack=144 Win=65024 Len=1448 TSval=2916038376 TSecr=3045558149 [TCP segment of a reassembled PDU]"
"41647","34.295610292","192.168.1.55","192.168.1.2","TCP","1514","8004  >  36324 [ACK] Seq=160918 Ack=144 Win=65024 Len=1448 TSval=2916038376 TSecr=3045558149 [TCP segment of a reassembled PDU]"
"41648","34.295611274","192.168.1.55","192.168.1.2","TCP","1514","8004  >  36324 [ACK] Seq=162366 Ack=144 Win=65024 Len=1448 TSval=2916038376 TSecr=3045558149 [TCP segment of a reassembled PDU]"
"41649","34.295612292","192.168.1.55","192.168.1.2","TCP","1514","8004  >  36324 [ACK] Seq=163814 Ack=144 Win=65024 Len=1448 TSval=2916038376 TSecr=3045558149 [TCP segment of a reassembled PDU]"
"41650","34.295613348","192.168.1.55","192.168.1.2","TCP","1514","8004  >  36324 [ACK] Seq=165262 Ack=144 Win=65024 Len=1448 TSval=2916038376 TSecr=3045558149 [TCP segment of a reassembled PDU]"
"41651","34.295614422","192.168.1.55","192.168.1.2","TCP","1514","8004  >  36324 [ACK] Seq=166710 Ack=144 Win=65024 Len=1448 TSval=2916038376 TSecr=3045558149 [TCP segment of a reassembled PDU]"
"41652","34.295615514","192.168.1.55","192.168.1.2","TCP","1514","8004  >  36324 [PSH, ACK] Seq=168158 Ack=144 Win=65024 Len=1448 TSval=2916038376 TSecr=3045558149 [TCP segment of a reassembled PDU]"
"41653","34.301670968","192.168.1.2","192.168.1.55","TCP","66","36324  >  8004 [ACK] Seq=144 Ack=105894 Win=86016 Len=0 TSval=3045558153 TSecr=2916038375"
"41654","34.301752876","192.168.1.55","192.168.1.2","TCP","1514","8004  >  36324 [ACK] Seq=169606 Ack=144 Win=65024 Len=1448 TSval=2916038382 TSecr=3045558153 [TCP segment of a reassembled PDU]"
"41655","34.301759006","192.168.1.55","192.168.1.2","TCP","1514","8004  >  36324 [ACK] Seq=171054 Ack=144 Win=65024 Len=1448 TSval=2916038382 TSecr=3045558153 [TCP segment of a reassembled PDU]"
"41656","34.301760635","192.168.1.55","192.168.1.2","TCP","1514","8004  >  36324 [ACK] Seq=172502 Ack=144 Win=65024 Len=1448 TSval=2916038382 TSecr=3045558153 [TCP segment of a reassembled PDU]"
"41657","34.301763246","192.168.1.55","192.168.1.2","TCP","1514","8004  >  36324 [ACK] Seq=173950 Ack=144 Win=65024 Len=1448 TSval=2916038382 TSecr=3045558153 [TCP segment of a reassembled PDU]"
"41658","34.301764487","192.168.1.55","192.168.1.2","TCP","1514","8004  >  36324 [ACK] Seq=175398 Ack=144 Win=65024 Len=1448 TSval=2916038382 TSecr=3045558153 [TCP segment of a reassembled PDU]"
"41659","34.301766302","192.168.1.55","192.168.1.2","TCP","1514","8004  >  36324 [ACK] Seq=176846 Ack=144 Win=65024 Len=1448 TSval=2916038382 TSecr=3045558153 [TCP segment of a reassembled PDU]"
"41660","34.301768061","192.168.1.55","192.168.1.2","TCP","1514","8004  >  36324 [ACK] Seq=178294 Ack=144 Win=65024 Len=1448 TSval=2916038382 TSecr=3045558153 [TCP segment of a reassembled PDU]"
"41661","34.301769172","192.168.1.55","192.168.1.2","TCP","1514","8004  >  36324 [ACK] Seq=179742 Ack=144 Win=65024 Len=1448 TSval=2916038382 TSecr=3045558153 [TCP segment of a reassembled PDU]"
"41662","34.301770839","192.168.1.55","192.168.1.2","TCP","1514","8004  >  36324 [ACK] Seq=181190 Ack=144 Win=65024 Len=1448 TSval=2916038382 TSecr=3045558153 [TCP segment of a reassembled PDU]"
"41663","34.301772135","192.168.1.55","192.168.1.2","TCP","1514","8004  >  36324 [ACK] Seq=182638 Ack=144 Win=65024 Len=1448 TSval=2916038382 TSecr=3045558153 [TCP segment of a reassembled PDU]"
"41664","34.301773450","192.168.1.55","192.168.1.2","TCP","1514","8004  >  36324 [ACK] Seq=184086 Ack=144 Win=65024 Len=1448 TSval=2916038382 TSecr=3045558153 [TCP segment of a reassembled PDU]"
"41665","34.301774709","192.168.1.55","192.168.1.2","TCP","1514","8004  >  36324 [ACK] Seq=185534 Ack=144 Win=65024 Len=1448 TSval=2916038382 TSecr=3045558153 [TCP segment of a reassembled PDU]"
"41666","34.301776061","192.168.1.55","192.168.1.2","TCP","1514","8004  >  36324 [ACK] Seq=186982 Ack=144 Win=65024 Len=1448 TSval=2916038382 TSecr=3045558153 [TCP segment of a reassembled PDU]"
"41667","34.301777302","192.168.1.55","192.168.1.2","TCP","1514","8004  >  36324 [ACK] Seq=188430 Ack=144 Win=65024 Len=1448 TSval=2916038382 TSecr=3045558153 [TCP segment of a reassembled PDU]"
"41668","34.301778469","192.168.1.55","192.168.1.2","TCP","1514","8004  >  36324 [PSH, ACK] Seq=189878 Ack=144 Win=65024 Len=1448 TSval=2916038382 TSecr=3045558153 [TCP segment of a reassembled PDU]"
"41669","34.301820950","192.168.1.2","192.168.1.55","TCP","66","36324  >  8004 [ACK] Seq=144 Ack=116030 Win=91136 Len=0 TSval=3045558153 TSecr=2916038375"
"41670","34.301861284","192.168.1.55","192.168.1.2","TCP","1514","8004  >  36324 [ACK] Seq=191326 Ack=144 Win=65024 Len=1448 TSval=2916038382 TSecr=3045558153 [TCP segment of a reassembled PDU]"
"41671","34.301866117","192.168.1.55","192.168.1.2","TCP","1514","8004  >  36324 [ACK] Seq=192774 Ack=144 Win=65024 Len=1448 TSval=2916038382 TSecr=3045558153 [TCP segment of a reassembled PDU]"
"41672","34.301867710","192.168.1.55","192.168.1.2","TCP","1514","8004  >  36324 [ACK] Seq=194222 Ack=144 Win=65024 Len=1448 TSval=2916038382 TSecr=3045558153 [TCP segment of a reassembled PDU]"
"41673","34.301869043","192.168.1.55","192.168.1.2","TCP","1514","8004  >  36324 [ACK] Seq=195670 Ack=144 Win=65024 Len=1448 TSval=2916038382 TSecr=3045558153 [TCP segment of a reassembled PDU]"
"41674","34.301870765","192.168.1.55","192.168.1.2","TCP","1514","8004  >  36324 [ACK] Seq=197118 Ack=144 Win=65024 Len=1448 TSval=2916038382 TSecr=3045558153 [TCP segment of a reassembled PDU]"
"41675","34.301871913","192.168.1.55","192.168.1.2","TCP","1514","8004  >  36324 [ACK] Seq=198566 Ack=144 Win=65024 Len=1448 TSval=2916038382 TSecr=3045558153 [TCP segment of a reassembled PDU]"
"41676","34.301874691","192.168.1.55","192.168.1.2","TCP","1514","8004  >  36324 [ACK] Seq=200014 Ack=144 Win=65024 Len=1448 TSval=2916038382 TSecr=3045558153 [TCP segment of a reassembled PDU]"
"41677","34.301876154","192.168.1.55","192.168.1.2","TCP","1514","8004  >  36324 [PSH, ACK] Seq=201462 Ack=144 Win=65024 Len=1448 TSval=2916038382 TSecr=3045558153 [TCP segment of a reassembled PDU]"
"41678","34.304604806","192.168.1.2","192.168.1.55","TCP","66","36324  >  8004 [ACK] Seq=144 Ack=117478 Win=94208 Len=0 TSval=3045558155 TSecr=2916038375"
"41679","34.304621825","192.168.1.55","192.168.1.2","TCP","1514","8004  >  36324 [ACK] Seq=202910 Ack=144 Win=65024 Len=1448 TSval=2916038385 TSecr=3045558155 [TCP segment of a reassembled PDU]"
"41680","34.304624232","192.168.1.55","192.168.1.2","TCP","1514","8004  >  36324 [ACK] Seq=204358 Ack=144 Win=65024 Len=1448 TSval=2916038385 TSecr=3045558155 [TCP segment of a reassembled PDU]"
"41681","34.304625158","192.168.1.55","192.168.1.2","TCP","1514","8004  >  36324 [ACK] Seq=205806 Ack=144 Win=65024 Len=1448 TSval=2916038385 TSecr=3045558155 [TCP segment of a reassembled PDU]"
"41682","34.304626177","192.168.1.55","192.168.1.2","TCP","1514","8004  >  36324 [ACK] Seq=207254 Ack=144 Win=65024 Len=1448 TSval=2916038385 TSecr=3045558155 [TCP segment of a reassembled PDU]"
"41683","34.304627084","192.168.1.55","192.168.1.2","TCP","1514","8004  >  36324 [ACK] Seq=208702 Ack=144 Win=65024 Len=1448 TSval=2916038385 TSecr=3045558155 [TCP segment of a reassembled PDU]"
"41684","34.304627992","192.168.1.55","192.168.1.2","TCP","1514","8004  >  36324 [PSH, ACK] Seq=210150 Ack=144 Win=65024 Len=1448 TSval=2916038385 TSecr=3045558155 [TCP segment of a reassembled PDU]"
"41685","34.304659066","192.168.1.2","192.168.1.55","TCP","66","36324  >  8004 [ACK] Seq=144 Ack=140646 Win=83968 Len=0 TSval=3045558155 TSecr=2916038376"
"41686","34.306776143","192.168.1.2","192.168.1.55","TCP","66","36324  >  8004 [ACK] Seq=144 Ack=160918 Win=64512 Len=0 TSval=3045558155 TSecr=2916038376"
"41687","34.306795958","192.168.1.55","192.168.1.2","TCP","1514","8004  >  36324 [ACK] Seq=211598 Ack=144 Win=65024 Len=1448 TSval=2916038387 TSecr=3045558155 [TCP segment of a reassembled PDU]"
"41688","34.306797828","192.168.1.55","192.168.1.2","TCP","1514","8004  >  36324 [ACK] Seq=213046 Ack=144 Win=65024 Len=1448 TSval=2916038387 TSecr=3045558155 [TCP segment of a reassembled PDU]"
"41689","34.306798791","192.168.1.55","192.168.1.2","TCP","1514","8004  >  36324 [ACK] Seq=214494 Ack=144 Win=65024 Len=1448 TSval=2916038387 TSecr=3045558155 [TCP segment of a reassembled PDU]"
"41690","34.306799791","192.168.1.55","192.168.1.2","TCP","1514","8004  >  36324 [ACK] Seq=215942 Ack=144 Win=65024 Len=1448 TSval=2916038387 TSecr=3045558155 [TCP segment of a reassembled PDU]"
"41691","34.306800680","192.168.1.55","192.168.1.2","TCP","1514","8004  >  36324 [ACK] Seq=217390 Ack=144 Win=65024 Len=1448 TSval=2916038387 TSecr=3045558155 [TCP segment of a reassembled PDU]"
"41692","34.306801662","192.168.1.55","192.168.1.2","TCP","1514","8004  >  36324 [ACK] Seq=218838 Ack=144 Win=65024 Len=1448 TSval=2916038387 TSecr=3045558155 [TCP segment of a reassembled PDU]"
"41693","34.306802569","192.168.1.55","192.168.1.2","TCP","1514","8004  >  36324 [ACK] Seq=220286 Ack=144 Win=65024 Len=1448 TSval=2916038387 TSecr=3045558155 [TCP segment of a reassembled PDU]"
"41694","34.306803606","192.168.1.55","192.168.1.2","TCP","1514","8004  >  36324 [ACK] Seq=221734 Ack=144 Win=65024 Len=1448 TSval=2916038387 TSecr=3045558155 [TCP segment of a reassembled PDU]"
"41695","34.306804625","192.168.1.55","192.168.1.2","TCP","1514","8004  >  36324 [ACK] Seq=223182 Ack=144 Win=65024 Len=1448 TSval=2916038387 TSecr=3045558155 [TCP segment of a reassembled PDU]"
"41696","34.306805532","192.168.1.55","192.168.1.2","TCP","866","[TCP Window Full] 8004  >  36324 [PSH, ACK] Seq=224630 Ack=144 Win=65024 Len=800 TSval=2916038387 TSecr=3045558155 [TCP segment of a reassembled PDU]"
"41697","34.307255626","192.168.1.2","192.168.1.55","TCP","66","36324  >  8004 [ACK] Seq=144 Ack=169606 Win=97280 Len=0 TSval=3045558157 TSecr=2916038376"
"41698","34.307275644","192.168.1.55","192.168.1.2","TCP","1514","8004  >  36324 [ACK] Seq=225430 Ack=144 Win=65024 Len=1448 TSval=2916038387 TSecr=3045558157 [TCP segment of a reassembled PDU]"
"41699","34.307277089","192.168.1.55","192.168.1.2","TCP","1514","8004  >  36324 [ACK] Seq=226878 Ack=144 Win=65024 Len=1448 TSval=2916038387 TSecr=3045558157 [TCP segment of a reassembled PDU]"
"41700","34.307278200","192.168.1.55","192.168.1.2","TCP","1514","8004  >  36324 [ACK] Seq=228326 Ack=144 Win=65024 Len=1448 TSval=2916038387 TSecr=3045558157 [TCP segment of a reassembled PDU]"
"41701","34.307279403","192.168.1.55","192.168.1.2","TCP","1514","8004  >  36324 [ACK] Seq=229774 Ack=144 Win=65024 Len=1448 TSval=2916038387 TSecr=3045558157 [TCP segment of a reassembled PDU]"
"41702","34.307280366","192.168.1.55","192.168.1.2","TCP","1514","8004  >  36324 [ACK] Seq=231222 Ack=144 Win=65024 Len=1448 TSval=2916038387 TSecr=3045558157 [TCP segment of a reassembled PDU]"
"41703","34.307281385","192.168.1.55","192.168.1.2","TCP","1514","8004  >  36324 [ACK] Seq=232670 Ack=144 Win=65024 Len=1448 TSval=2916038387 TSecr=3045558157 [TCP segment of a reassembled PDU]"
"41704","34.307282292","192.168.1.55","192.168.1.2","TCP","1514","8004  >  36324 [ACK] Seq=234118 Ack=144 Win=65024 Len=1448 TSval=2916038387 TSecr=3045558157 [TCP segment of a reassembled PDU]"
"41705","34.307283181","192.168.1.55","192.168.1.2","TCP","1514","8004  >  36324 [ACK] Seq=235566 Ack=144 Win=65024 Len=1448 TSval=2916038387 TSecr=3045558157 [TCP segment of a reassembled PDU]"
"41706","34.307284237","192.168.1.55","192.168.1.2","TCP","1514","8004  >  36324 [ACK] Seq=237014 Ack=144 Win=65024 Len=1448 TSval=2916038387 TSecr=3045558157 [TCP segment of a reassembled PDU]"
"41707","34.307285126","192.168.1.55","192.168.1.2","TCP","1514","8004  >  36324 [ACK] Seq=238462 Ack=144 Win=65024 Len=1448 TSval=2916038387 TSecr=3045558157 [TCP segment of a reassembled PDU]"
"41708","34.307286311","192.168.1.55","192.168.1.2","TCP","1514","8004  >  36324 [ACK] Seq=239910 Ack=144 Win=65024 Len=1448 TSval=2916038387 TSecr=3045558157 [TCP segment of a reassembled PDU]"
"41709","34.307287200","192.168.1.55","192.168.1.2","TCP","1514","8004  >  36324 [ACK] Seq=241358 Ack=144 Win=65024 Len=1448 TSval=2916038387 TSecr=3045558157 [TCP segment of a reassembled PDU]"
"41710","34.307288107","192.168.1.55","192.168.1.2","TCP","1514","8004  >  36324 [ACK] Seq=242806 Ack=144 Win=65024 Len=1448 TSval=2916038387 TSecr=3045558157 [TCP segment of a reassembled PDU]"
"41711","34.307289126","192.168.1.55","192.168.1.2","TCP","1514","8004  >  36324 [ACK] Seq=244254 Ack=144 Win=65024 Len=1448 TSval=2916038387 TSecr=3045558157 [TCP segment of a reassembled PDU]"
"41712","34.307290126","192.168.1.55","192.168.1.2","TCP","1514","8004  >  36324 [PSH, ACK] Seq=245702 Ack=144 Win=65024 Len=1448 TSval=2916038387 TSecr=3045558157 [TCP segment of a reassembled PDU]"
"41713","34.307301626","192.168.1.55","192.168.1.2","TCP","714","8004  >  36324 [PSH, ACK] Seq=247150 Ack=144 Win=65024 Len=648 TSval=2916038387 TSecr=3045558157 [TCP segment of a reassembled PDU]"
"41714","34.307307033","192.168.1.2","192.168.1.55","TCP","66","36324  >  8004 [ACK] Seq=144 Ack=191326 Win=87040 Len=0 TSval=3045558160 TSecr=2916038382"
"41715","34.307336218","192.168.1.55","192.168.1.2","TCP","1514","8004  >  36324 [ACK] Seq=247798 Ack=144 Win=65024 Len=1448 TSval=2916038388 TSecr=3045558160 [TCP segment of a reassembled PDU]"
"41716","34.307338015","192.168.1.55","192.168.1.2","TCP","1514","8004  >  36324 [ACK] Seq=249246 Ack=144 Win=65024 Len=1448 TSval=2916038388 TSecr=3045558160 [TCP segment of a reassembled PDU]"
"41717","34.307339255","192.168.1.55","192.168.1.2","TCP","1514","8004  >  36324 [ACK] Seq=250694 Ack=144 Win=65024 Len=1448 TSval=2916038388 TSecr=3045558160 [TCP segment of a reassembled PDU]"
"41718","34.307340385","192.168.1.55","192.168.1.2","TCP","1514","8004  >  36324 [ACK] Seq=252142 Ack=144 Win=65024 Len=1448 TSval=2916038388 TSecr=3045558160 [TCP segment of a reassembled PDU]"
"41719","34.307341311","192.168.1.55","192.168.1.2","TCP","1514","8004  >  36324 [ACK] Seq=253590 Ack=144 Win=65024 Len=1448 TSval=2916038388 TSecr=3045558160 [TCP segment of a reassembled PDU]"
"41720","34.307342329","192.168.1.55","192.168.1.2","TCP","1514","8004  >  36324 [ACK] Seq=255038 Ack=144 Win=65024 Len=1448 TSval=2916038388 TSecr=3045558160 [TCP segment of a reassembled PDU]"
"41721","34.307343366","192.168.1.55","192.168.1.2","TCP","1514","8004  >  36324 [ACK] Seq=256486 Ack=144 Win=65024 Len=1448 TSval=2916038388 TSecr=3045558160 [TCP segment of a reassembled PDU]"
"41722","34.307344274","192.168.1.55","192.168.1.2","TCP","1514","8004  >  36324 [ACK] Seq=257934 Ack=144 Win=65024 Len=1448 TSval=2916038388 TSecr=3045558160 [TCP segment of a reassembled PDU]"
"41723","34.307345181","192.168.1.55","192.168.1.2","TCP","1514","8004  >  36324 [ACK] Seq=259382 Ack=144 Win=65024 Len=1448 TSval=2916038388 TSecr=3045558160 [TCP segment of a reassembled PDU]"
"41724","34.307346107","192.168.1.55","192.168.1.2","TCP","1514","8004  >  36324 [ACK] Seq=260830 Ack=144 Win=65024 Len=1448 TSval=2916038388 TSecr=3045558160 [TCP segment of a reassembled PDU]"
"41725","34.307347107","192.168.1.55","192.168.1.2","TCP","1514","8004  >  36324 [ACK] Seq=262278 Ack=144 Win=65024 Len=1448 TSval=2916038388 TSecr=3045558160 [TCP segment of a reassembled PDU]"
"41726","34.307348070","192.168.1.55","192.168.1.2","TCP","1514","8004  >  36324 [ACK] Seq=263726 Ack=144 Win=65024 Len=1448 TSval=2916038388 TSecr=3045558160 [TCP segment of a reassembled PDU]"
"41727","34.307349126","192.168.1.55","192.168.1.2","TCP","1514","8004  >  36324 [ACK] Seq=265174 Ack=144 Win=65024 Len=1448 TSval=2916038388 TSecr=3045558160 [TCP segment of a reassembled PDU]"
"41728","34.307350107","192.168.1.55","192.168.1.2","TCP","1514","8004  >  36324 [ACK] Seq=266622 Ack=144 Win=65024 Len=1448 TSval=2916038388 TSecr=3045558160 [TCP segment of a reassembled PDU]"
"41729","34.307351015","192.168.1.55","192.168.1.2","TCP","1514","8004  >  36324 [ACK] Seq=268070 Ack=144 Win=65024 Len=1448 TSval=2916038388 TSecr=3045558160 [TCP segment of a reassembled PDU]"
"41730","34.307357718","192.168.1.55","192.168.1.2","TCP","1514","8004  >  36324 [ACK] Seq=269518 Ack=144 Win=65024 Len=1448 TSval=2916038388 TSecr=3045558160 [TCP segment of a reassembled PDU]"
"41731","34.307358978","192.168.1.55","192.168.1.2","TCP","1514","8004  >  36324 [ACK] Seq=270966 Ack=144 Win=65024 Len=1448 TSval=2916038388 TSecr=3045558160 [TCP segment of a reassembled PDU]"
"41732","34.307359940","192.168.1.55","192.168.1.2","TCP","1514","8004  >  36324 [ACK] Seq=272414 Ack=144 Win=65024 Len=1448 TSval=2916038388 TSecr=3045558160 [TCP segment of a reassembled PDU]"
"41733","34.307360922","192.168.1.55","192.168.1.2","TCP","1514","8004  >  36324 [ACK] Seq=273862 Ack=144 Win=65024 Len=1448 TSval=2916038388 TSecr=3045558160 [TCP segment of a reassembled PDU]"
"41734","34.307361811","192.168.1.55","192.168.1.2","TCP","1514","8004  >  36324 [ACK] Seq=275310 Ack=144 Win=65024 Len=1448 TSval=2916038388 TSecr=3045558160 [TCP segment of a reassembled PDU]"
"41735","34.307362866","192.168.1.55","192.168.1.2","TCP","1514","8004  >  36324 [PSH, ACK] Seq=276758 Ack=144 Win=65024 Len=1448 TSval=2916038388 TSecr=3045558160 [TCP segment of a reassembled PDU]"
"41736","34.307367033","192.168.1.2","192.168.1.55","TCP","66","36324  >  8004 [ACK] Seq=144 Ack=195670 Win=82944 Len=0 TSval=3045558160 TSecr=2916038382"
"41737","34.312191578","192.168.1.2","192.168.1.55","TCP","66","36324  >  8004 [ACK] Seq=144 Ack=202910 Win=100352 Len=0 TSval=3045558164 TSecr=2916038382"
"41738","34.312279374","192.168.1.55","192.168.1.2","TCP","1514","8004  >  36324 [ACK] Seq=278206 Ack=144 Win=65024 Len=1448 TSval=2916038392 TSecr=3045558164 [TCP segment of a reassembled PDU]"
"41739","34.312286782","192.168.1.55","192.168.1.2","TCP","1514","8004  >  36324 [ACK] Seq=279654 Ack=144 Win=65024 Len=1448 TSval=2916038392 TSecr=3045558164 [TCP segment of a reassembled PDU]"
"41740","34.312288634","192.168.1.55","192.168.1.2","TCP","1514","8004  >  36324 [ACK] Seq=281102 Ack=144 Win=65024 Len=1448 TSval=2916038392 TSecr=3045558164 [TCP segment of a reassembled PDU]"
"41741","34.312289597","192.168.1.55","192.168.1.2","TCP","1514","8004  >  36324 [ACK] Seq=282550 Ack=144 Win=65024 Len=1448 TSval=2916038392 TSecr=3045558164 [TCP segment of a reassembled PDU]"
"41742","34.312290782","192.168.1.55","192.168.1.2","TCP","1514","8004  >  36324 [ACK] Seq=283998 Ack=144 Win=65024 Len=1448 TSval=2916038392 TSecr=3045558164 [TCP segment of a reassembled PDU]"
"41743","34.312298541","192.168.1.55","192.168.1.2","TCP","1514","8004  >  36324 [ACK] Seq=285446 Ack=144 Win=65024 Len=1448 TSval=2916038392 TSecr=3045558164 [TCP segment of a reassembled PDU]"
"41744","34.312299837","192.168.1.55","192.168.1.2","TCP","1514","8004  >  36324 [ACK] Seq=286894 Ack=144 Win=65024 Len=1448 TSval=2916038392 TSecr=3045558164 [TCP segment of a reassembled PDU]"
"41745","34.312301022","192.168.1.55","192.168.1.2","TCP","1514","8004  >  36324 [ACK] Seq=288342 Ack=144 Win=65024 Len=1448 TSval=2916038392 TSecr=3045558164 [TCP segment of a reassembled PDU]"
"41746","34.312302059","192.168.1.55","192.168.1.2","TCP","1514","8004  >  36324 [ACK] Seq=289790 Ack=144 Win=65024 Len=1448 TSval=2916038392 TSecr=3045558164 [TCP segment of a reassembled PDU]"
"41747","34.312303263","192.168.1.55","192.168.1.2","TCP","1514","8004  >  36324 [PSH, ACK] Seq=291238 Ack=144 Win=65024 Len=1448 TSval=2916038392 TSecr=3045558164 [TCP segment of a reassembled PDU]"
"41748","34.315122897","192.168.1.2","192.168.1.55","TCP","66","36324  >  8004 [ACK] Seq=144 Ack=213046 Win=97280 Len=0 TSval=3045558167 TSecr=2916038385"
"41749","34.315171231","192.168.1.55","192.168.1.2","TCP","1514","8004  >  36324 [ACK] Seq=292686 Ack=144 Win=65024 Len=1448 TSval=2916038395 TSecr=3045558167 [TCP segment of a reassembled PDU]"
"41750","34.315175046","192.168.1.55","192.168.1.2","TCP","1514","8004  >  36324 [ACK] Seq=294134 Ack=144 Win=65024 Len=1448 TSval=2916038395 TSecr=3045558167 [TCP segment of a reassembled PDU]"
"41751","34.315176027","192.168.1.55","192.168.1.2","TCP","1514","8004  >  36324 [ACK] Seq=295582 Ack=144 Win=65024 Len=1448 TSval=2916038395 TSecr=3045558167 [TCP segment of a reassembled PDU]"
"41752","34.315177360","192.168.1.55","192.168.1.2","TCP","1514","8004  >  36324 [ACK] Seq=297030 Ack=144 Win=65024 Len=1448 TSval=2916038395 TSecr=3045558167 [TCP segment of a reassembled PDU]"
"41753","34.315178342","192.168.1.55","192.168.1.2","TCP","1514","8004  >  36324 [ACK] Seq=298478 Ack=144 Win=65024 Len=1448 TSval=2916038395 TSecr=3045558167 [TCP segment of a reassembled PDU]"
"41754","34.315179231","192.168.1.55","192.168.1.2","TCP","1514","8004  >  36324 [ACK] Seq=299926 Ack=144 Win=65024 Len=1448 TSval=2916038395 TSecr=3045558167 [TCP segment of a reassembled PDU]"
"41755","34.315180212","192.168.1.55","192.168.1.2","TCP","1514","8004  >  36324 [ACK] Seq=301374 Ack=144 Win=65024 Len=1448 TSval=2916038395 TSecr=3045558167 [TCP segment of a reassembled PDU]"
"41756","34.315181101","192.168.1.55","192.168.1.2","TCP","1514","8004  >  36324 [ACK] Seq=302822 Ack=144 Win=65024 Len=1448 TSval=2916038395 TSecr=3045558167 [TCP segment of a reassembled PDU]"
"41757","34.315182046","192.168.1.55","192.168.1.2","TCP","1514","8004  >  36324 [ACK] Seq=304270 Ack=144 Win=65024 Len=1448 TSval=2916038395 TSecr=3045558167 [TCP segment of a reassembled PDU]"
"41758","34.315183286","192.168.1.55","192.168.1.2","TCP","1514","8004  >  36324 [ACK] Seq=305718 Ack=144 Win=65024 Len=1448 TSval=2916038395 TSecr=3045558167 [TCP segment of a reassembled PDU]"
"41759","34.315184194","192.168.1.55","192.168.1.2","TCP","1514","8004  >  36324 [ACK] Seq=307166 Ack=144 Win=65024 Len=1448 TSval=2916038395 TSecr=3045558167 [TCP segment of a reassembled PDU]"
"41760","34.315185175","192.168.1.55","192.168.1.2","TCP","1514","8004  >  36324 [PSH, ACK] Seq=308614 Ack=144 Win=65024 Len=1448 TSval=2916038395 TSecr=3045558167 [TCP segment of a reassembled PDU]"
"41761","34.315721046","192.168.1.2","192.168.1.55","TCP","66","36324  >  8004 [ACK] Seq=144 Ack=225430 Win=97280 Len=0 TSval=3045558167 TSecr=2916038387"
"41762","34.315743361","192.168.1.2","192.168.1.55","TCP","66","36324  >  8004 [ACK] Seq=144 Ack=244254 Win=91136 Len=0 TSval=3045558167 TSecr=2916038387"
"41763","34.315752769","192.168.1.2","192.168.1.55","TCP","66","36324  >  8004 [ACK] Seq=144 Ack=247150 Win=105472 Len=0 TSval=3045558167 TSecr=2916038387"
"41764","34.315783121","192.168.1.55","192.168.1.2","TCP","1514","8004  >  36324 [ACK] Seq=310062 Ack=144 Win=65024 Len=1448 TSval=2916038396 TSecr=3045558167 [TCP segment of a reassembled PDU]"
"41765","34.315786454","192.168.1.55","192.168.1.2","TCP","1514","8004  >  36324 [ACK] Seq=311510 Ack=144 Win=65024 Len=1448 TSval=2916038396 TSecr=3045558167 [TCP segment of a reassembled PDU]"
"41766","34.315787417","192.168.1.55","192.168.1.2","TCP","1514","8004  >  36324 [ACK] Seq=312958 Ack=144 Win=65024 Len=1448 TSval=2916038396 TSecr=3045558167 [TCP segment of a reassembled PDU]"
"41767","34.315788380","192.168.1.55","192.168.1.2","TCP","1514","8004  >  36324 [ACK] Seq=314406 Ack=144 Win=65024 Len=1448 TSval=2916038396 TSecr=3045558167 [TCP segment of a reassembled PDU]"
"41768","34.315789361","192.168.1.55","192.168.1.2","TCP","1514","8004  >  36324 [ACK] Seq=315854 Ack=144 Win=65024 Len=1448 TSval=2916038396 TSecr=3045558167 [TCP segment of a reassembled PDU]"
"41769","34.315790343","192.168.1.55","192.168.1.2","TCP","1514","8004  >  36324 [ACK] Seq=317302 Ack=144 Win=65024 Len=1448 TSval=2916038396 TSecr=3045558167 [TCP segment of a reassembled PDU]"
"41770","34.315791250","192.168.1.55","192.168.1.2","TCP","1514","8004  >  36324 [ACK] Seq=318750 Ack=144 Win=65024 Len=1448 TSval=2916038396 TSecr=3045558167 [TCP segment of a reassembled PDU]"
"41771","34.315792361","192.168.1.55","192.168.1.2","TCP","1514","8004  >  36324 [ACK] Seq=320198 Ack=144 Win=65024 Len=1448 TSval=2916038396 TSecr=3045558167 [TCP segment of a reassembled PDU]"
"41772","34.315793250","192.168.1.55","192.168.1.2","TCP","1514","8004  >  36324 [ACK] Seq=321646 Ack=144 Win=65024 Len=1448 TSval=2916038396 TSecr=3045558167 [TCP segment of a reassembled PDU]"
"41773","34.315794324","192.168.1.55","192.168.1.2","TCP","1514","8004  >  36324 [ACK] Seq=323094 Ack=144 Win=65024 Len=1448 TSval=2916038396 TSecr=3045558167 [TCP segment of a reassembled PDU]"
"41774","34.315795176","192.168.1.55","192.168.1.2","TCP","1514","8004  >  36324 [ACK] Seq=324542 Ack=144 Win=65024 Len=1448 TSval=2916038396 TSecr=3045558167 [TCP segment of a reassembled PDU]"
"41775","34.315796195","192.168.1.55","192.168.1.2","TCP","1514","8004  >  36324 [ACK] Seq=325990 Ack=144 Win=65024 Len=1448 TSval=2916038396 TSecr=3045558167 [TCP segment of a reassembled PDU]"
"41776","34.315797176","192.168.1.55","192.168.1.2","TCP","1514","8004  >  36324 [ACK] Seq=327438 Ack=144 Win=65024 Len=1448 TSval=2916038396 TSecr=3045558167 [TCP segment of a reassembled PDU]"
"41777","34.315798047","192.168.1.55","192.168.1.2","TCP","1514","8004  >  36324 [ACK] Seq=328886 Ack=144 Win=65024 Len=1448 TSval=2916038396 TSecr=3045558167 [TCP segment of a reassembled PDU]"
"41778","34.315799417","192.168.1.55","192.168.1.2","TCP","1514","8004  >  36324 [ACK] Seq=330334 Ack=144 Win=65024 Len=1448 TSval=2916038396 TSecr=3045558167 [TCP segment of a reassembled PDU]"
"41779","34.315800417","192.168.1.55","192.168.1.2","TCP","1514","8004  >  36324 [ACK] Seq=331782 Ack=144 Win=65024 Len=1448 TSval=2916038396 TSecr=3045558167 [TCP segment of a reassembled PDU]"
"41780","34.315801380","192.168.1.55","192.168.1.2","TCP","1514","8004  >  36324 [ACK] Seq=333230 Ack=144 Win=65024 Len=1448 TSval=2916038396 TSecr=3045558167 [TCP segment of a reassembled PDU]"
"41781","34.315802361","192.168.1.55","192.168.1.2","TCP","1514","8004  >  36324 [ACK] Seq=334678 Ack=144 Win=65024 Len=1448 TSval=2916038396 TSecr=3045558167 [TCP segment of a reassembled PDU]"
"41782","34.315803510","192.168.1.55","192.168.1.2","TCP","1514","8004  >  36324 [PSH, ACK] Seq=336126 Ack=144 Win=65024 Len=1448 TSval=2916038396 TSecr=3045558167 [TCP segment of a reassembled PDU]"
"41783","34.315808639","192.168.1.2","192.168.1.55","TCP","66","36324  >  8004 [ACK] Seq=144 Ack=268070 Win=86016 Len=0 TSval=3045558168 TSecr=2916038387"
"41784","34.315837343","192.168.1.2","192.168.1.55","TCP","66","36324  >  8004 [ACK] Seq=144 Ack=278206 Win=97280 Len=0 TSval=3045558171 TSecr=2916038388"
"41785","34.315876547","192.168.1.55","192.168.1.2","TCP","1514","8004  >  36324 [ACK] Seq=337574 Ack=144 Win=65024 Len=1448 TSval=2916038396 TSecr=3045558171 [TCP segment of a reassembled PDU]"
"41786","34.315878843","192.168.1.55","192.168.1.2","TCP","1514","8004  >  36324 [ACK] Seq=339022 Ack=144 Win=65024 Len=1448 TSval=2916038396 TSecr=3045558171 [TCP segment of a reassembled PDU]"
"41787","34.315879861","192.168.1.55","192.168.1.2","TCP","1514","8004  >  36324 [ACK] Seq=340470 Ack=144 Win=65024 Len=1448 TSval=2916038396 TSecr=3045558171 [TCP segment of a reassembled PDU]"
"41788","34.315880861","192.168.1.55","192.168.1.2","TCP","1514","8004  >  36324 [ACK] Seq=341918 Ack=144 Win=65024 Len=1448 TSval=2916038396 TSecr=3045558171 [TCP segment of a reassembled PDU]"
"41789","34.315881769","192.168.1.55","192.168.1.2","TCP","1514","8004  >  36324 [ACK] Seq=343366 Ack=144 Win=65024 Len=1448 TSval=2916038396 TSecr=3045558171 [TCP segment of a reassembled PDU]"
"41790","34.315882824","192.168.1.55","192.168.1.2","TCP","1514","8004  >  36324 [ACK] Seq=344814 Ack=144 Win=65024 Len=1448 TSval=2916038396 TSecr=3045558171 [TCP segment of a reassembled PDU]"
"41791","34.315883732","192.168.1.55","192.168.1.2","TCP","1514","8004  >  36324 [ACK] Seq=346262 Ack=144 Win=65024 Len=1448 TSval=2916038396 TSecr=3045558171 [TCP segment of a reassembled PDU]"
"41792","34.315884676","192.168.1.55","192.168.1.2","TCP","1514","8004  >  36324 [ACK] Seq=347710 Ack=144 Win=65024 Len=1448 TSval=2916038396 TSecr=3045558171 [TCP segment of a reassembled PDU]"
"41793","34.315885769","192.168.1.55","192.168.1.2","TCP","1514","8004  >  36324 [ACK] Seq=349158 Ack=144 Win=65024 Len=1448 TSval=2916038396 TSecr=3045558171 [TCP segment of a reassembled PDU]"
"41794","34.315886806","192.168.1.55","192.168.1.2","TCP","1514","8004  >  36324 [ACK] Seq=350606 Ack=144 Win=65024 Len=1448 TSval=2916038396 TSecr=3045558171 [TCP segment of a reassembled PDU]"
"41795","34.315887695","192.168.1.55","192.168.1.2","TCP","1514","8004  >  36324 [ACK] Seq=352054 Ack=144 Win=65024 Len=1448 TSval=2916038396 TSecr=3045558171 [TCP segment of a reassembled PDU]"
"41796","34.315888769","192.168.1.55","192.168.1.2","TCP","1514","8004  >  36324 [ACK] Seq=353502 Ack=144 Win=65024 Len=1448 TSval=2916038396 TSecr=3045558171 [TCP segment of a reassembled PDU]"
"41797","34.315889695","192.168.1.55","192.168.1.2","TCP","1514","8004  >  36324 [ACK] Seq=354950 Ack=144 Win=65024 Len=1448 TSval=2916038396 TSecr=3045558171 [TCP segment of a reassembled PDU]"
"41798","34.315890843","192.168.1.55","192.168.1.2","TCP","1514","8004  >  36324 [ACK] Seq=356398 Ack=144 Win=65024 Len=1448 TSval=2916038396 TSecr=3045558171 [TCP segment of a reassembled PDU]"
"41799","34.315891787","192.168.1.55","192.168.1.2","TCP","1514","8004  >  36324 [ACK] Seq=357846 Ack=144 Win=65024 Len=1448 TSval=2916038396 TSecr=3045558171 [TCP segment of a reassembled PDU]"
"41800","34.315892787","192.168.1.55","192.168.1.2","TCP","1514","8004  >  36324 [ACK] Seq=359294 Ack=144 Win=65024 Len=1448 TSval=2916038396 TSecr=3045558171 [TCP segment of a reassembled PDU]"
"41801","34.315893750","192.168.1.55","192.168.1.2","TCP","1514","8004  >  36324 [ACK] Seq=360742 Ack=144 Win=65024 Len=1448 TSval=2916038396 TSecr=3045558171 [TCP segment of a reassembled PDU]"
"41802","34.315894732","192.168.1.55","192.168.1.2","TCP","1514","8004  >  36324 [ACK] Seq=362190 Ack=144 Win=65024 Len=1448 TSval=2916038396 TSecr=3045558171 [TCP segment of a reassembled PDU]"
"41803","34.315895769","192.168.1.55","192.168.1.2","TCP","1514","8004  >  36324 [ACK] Seq=363638 Ack=144 Win=65024 Len=1448 TSval=2916038396 TSecr=3045558171 [TCP segment of a reassembled PDU]"
"41804","34.315896695","192.168.1.55","192.168.1.2","TCP","1514","8004  >  36324 [ACK] Seq=365086 Ack=144 Win=65024 Len=1448 TSval=2916038396 TSecr=3045558171 [TCP segment of a reassembled PDU]"
"41805","34.315897880","192.168.1.55","192.168.1.2","TCP","1514","8004  >  36324 [ACK] Seq=366534 Ack=144 Win=65024 Len=1448 TSval=2916038396 TSecr=3045558171 [TCP segment of a reassembled PDU]"
"41806","34.315898917","192.168.1.55","192.168.1.2","TCP","1514","8004  >  36324 [ACK] Seq=367982 Ack=144 Win=65024 Len=1448 TSval=2916038396 TSecr=3045558171 [TCP segment of a reassembled PDU]"
"41807","34.315899843","192.168.1.55","192.168.1.2","TCP","1514","8004  >  36324 [ACK] Seq=369430 Ack=144 Win=65024 Len=1448 TSval=2916038396 TSecr=3045558171 [TCP segment of a reassembled PDU]"
"41808","34.315900880","192.168.1.55","192.168.1.2","TCP","1514","8004  >  36324 [ACK] Seq=370878 Ack=144 Win=65024 Len=1448 TSval=2916038396 TSecr=3045558171 [TCP segment of a reassembled PDU]"
"41809","34.315901843","192.168.1.55","192.168.1.2","TCP","1514","8004  >  36324 [ACK] Seq=372326 Ack=144 Win=65024 Len=1448 TSval=2916038396 TSecr=3045558171 [TCP segment of a reassembled PDU]"
"41810","34.315903195","192.168.1.55","192.168.1.2","TCP","1514","8004  >  36324 [ACK] Seq=373774 Ack=144 Win=65024 Len=1448 TSval=2916038396 TSecr=3045558171 [TCP segment of a reassembled PDU]"
"41811","34.315904306","192.168.1.55","192.168.1.2","TCP","330","[TCP Window Full] 8004  >  36324 [PSH, ACK] Seq=375222 Ack=144 Win=65024 Len=264 TSval=2916038396 TSecr=3045558171 [TCP segment of a reassembled PDU]"
"41812","34.315926899","192.168.1.2","192.168.1.55","TCP","66","36324  >  8004 [ACK] Seq=144 Ack=292686 Win=83968 Len=0 TSval=3045558171 TSecr=2916038392"
"41813","34.322110390","192.168.1.2","192.168.1.55","TCP","66","36324  >  8004 [ACK] Seq=144 Ack=310062 Win=91136 Len=0 TSval=3045558176 TSecr=2916038395"
"41814","34.322156057","192.168.1.55","192.168.1.2","TCP","1514","8004  >  36324 [ACK] Seq=375486 Ack=144 Win=65024 Len=1448 TSval=2916038402 TSecr=3045558176 [TCP segment of a reassembled PDU]"
"41815","34.322161353","192.168.1.55","192.168.1.2","TCP","1514","8004  >  36324 [ACK] Seq=376934 Ack=144 Win=65024 Len=1448 TSval=2916038402 TSecr=3045558176 [TCP segment of a reassembled PDU]"
"41816","34.322164149","192.168.1.55","192.168.1.2","TCP","1514","8004  >  36324 [ACK] Seq=378382 Ack=144 Win=65024 Len=1448 TSval=2916038402 TSecr=3045558176 [TCP segment of a reassembled PDU]"
"41817","34.322165705","192.168.1.55","192.168.1.2","TCP","1514","8004  >  36324 [PSH, ACK] Seq=379830 Ack=144 Win=65024 Len=1448 TSval=2916038402 TSecr=3045558176 [TCP segment of a reassembled PDU]"
"41818","34.322177649","192.168.1.55","192.168.1.2","TCP","1250","8004  >  36324 [PSH, ACK] Seq=381278 Ack=144 Win=65024 Len=1184 TSval=2916038402 TSecr=3045558176 [TCP segment of a reassembled PDU]"
"41819","34.322228298","192.168.1.2","192.168.1.55","TCP","66","36324  >  8004 [ACK] Seq=144 Ack=334678 Win=72704 Len=0 TSval=3045558176 TSecr=2916038396"
"41820","34.322269483","192.168.1.55","192.168.1.2","TCP","1514","8004  >  36324 [ACK] Seq=382462 Ack=144 Win=65024 Len=1448 TSval=2916038402 TSecr=3045558176 [TCP segment of a reassembled PDU]"
"41821","34.322271742","192.168.1.55","192.168.1.2","TCP","1514","8004  >  36324 [ACK] Seq=383910 Ack=144 Win=65024 Len=1448 TSval=2916038402 TSecr=3045558176 [TCP segment of a reassembled PDU]"
"41822","34.322273761","192.168.1.55","192.168.1.2","TCP","1514","8004  >  36324 [ACK] Seq=385358 Ack=144 Win=65024 Len=1448 TSval=2916038402 TSecr=3045558176 [TCP segment of a reassembled PDU]"
"41823","34.322275242","192.168.1.55","192.168.1.2","TCP","1514","8004  >  36324 [ACK] Seq=386806 Ack=144 Win=65024 Len=1448 TSval=2916038402 TSecr=3045558176 [TCP segment of a reassembled PDU]"
"41824","34.322277075","192.168.1.55","192.168.1.2","TCP","1514","8004  >  36324 [ACK] Seq=388254 Ack=144 Win=65024 Len=1448 TSval=2916038402 TSecr=3045558176 [TCP segment of a reassembled PDU]"
"41825","34.322278335","192.168.1.55","192.168.1.2","TCP","1514","8004  >  36324 [ACK] Seq=389702 Ack=144 Win=65024 Len=1448 TSval=2916038402 TSecr=3045558176 [TCP segment of a reassembled PDU]"
"41826","34.322279557","192.168.1.55","192.168.1.2","TCP","1514","8004  >  36324 [ACK] Seq=391150 Ack=144 Win=65024 Len=1448 TSval=2916038402 TSecr=3045558176 [TCP segment of a reassembled PDU]"
"41827","34.322281131","192.168.1.55","192.168.1.2","TCP","1514","8004  >  36324 [ACK] Seq=392598 Ack=144 Win=65024 Len=1448 TSval=2916038402 TSecr=3045558176 [TCP segment of a reassembled PDU]"
"41828","34.322282538","192.168.1.55","192.168.1.2","TCP","1514","8004  >  36324 [ACK] Seq=394046 Ack=144 Win=65024 Len=1448 TSval=2916038402 TSecr=3045558176 [TCP segment of a reassembled PDU]"
"41829","34.322283872","192.168.1.55","192.168.1.2","TCP","1514","8004  >  36324 [ACK] Seq=395494 Ack=144 Win=65024 Len=1448 TSval=2916038402 TSecr=3045558176 [TCP segment of a reassembled PDU]"
"41830","34.322285205","192.168.1.55","192.168.1.2","TCP","1514","8004  >  36324 [ACK] Seq=396942 Ack=144 Win=65024 Len=1448 TSval=2916038402 TSecr=3045558176 [TCP segment of a reassembled PDU]"
"41831","34.322287112","192.168.1.55","192.168.1.2","TCP","1514","8004  >  36324 [ACK] Seq=398390 Ack=144 Win=65024 Len=1448 TSval=2916038402 TSecr=3045558176 [TCP segment of a reassembled PDU]"
"41832","34.322288798","192.168.1.55","192.168.1.2","TCP","1514","8004  >  36324 [ACK] Seq=399838 Ack=144 Win=65024 Len=1448 TSval=2916038402 TSecr=3045558176 [TCP segment of a reassembled PDU]"
"41833","34.322290427","192.168.1.55","192.168.1.2","TCP","1514","8004  >  36324 [ACK] Seq=401286 Ack=144 Win=65024 Len=1448 TSval=2916038402 TSecr=3045558176 [TCP segment of a reassembled PDU]"
"41834","34.322296501","192.168.1.55","192.168.1.2","TCP","1514","8004  >  36324 [ACK] Seq=402734 Ack=144 Win=65024 Len=1448 TSval=2916038402 TSecr=3045558176 [TCP segment of a reassembled PDU]"
"41835","34.322297816","192.168.1.55","192.168.1.2","TCP","1514","8004  >  36324 [ACK] Seq=404182 Ack=144 Win=65024 Len=1448 TSval=2916038402 TSecr=3045558176 [TCP segment of a reassembled PDU]"
"41836","34.322299890","192.168.1.55","192.168.1.2","TCP","1514","8004  >  36324 [PSH, ACK] Seq=405630 Ack=144 Win=65024 Len=1448 TSval=2916038402 TSecr=3045558176 [TCP segment of a reassembled PDU]"
"41837","34.322305687","192.168.1.2","192.168.1.55","TCP","66","36324  >  8004 [ACK] Seq=144 Ack=337574 Win=111616 Len=0 TSval=3045558176 TSecr=2916038396"
"41838","34.322334650","192.168.1.55","192.168.1.2","TCP","1514","8004  >  36324 [ACK] Seq=407078 Ack=144 Win=65024 Len=1448 TSval=2916038403 TSecr=3045558176 [TCP segment of a reassembled PDU]"
"41839","34.322337353","192.168.1.55","192.168.1.2","TCP","1514","8004  >  36324 [ACK] Seq=408526 Ack=144 Win=65024 Len=1448 TSval=2916038403 TSecr=3045558176 [TCP segment of a reassembled PDU]"
"41840","34.322338927","192.168.1.55","192.168.1.2","TCP","1514","8004  >  36324 [ACK] Seq=409974 Ack=144 Win=65024 Len=1448 TSval=2916038403 TSecr=3045558176 [TCP segment of a reassembled PDU]"
"41841","34.322340446","192.168.1.55","192.168.1.2","TCP","1514","8004  >  36324 [ACK] Seq=411422 Ack=144 Win=65024 Len=1448 TSval=2916038403 TSecr=3045558176 [TCP segment of a reassembled PDU]"
"41842","34.322342520","192.168.1.55","192.168.1.2","TCP","1514","8004  >  36324 [ACK] Seq=412870 Ack=144 Win=65024 Len=1448 TSval=2916038403 TSecr=3045558176 [TCP segment of a reassembled PDU]"
"41843","34.322344001","192.168.1.55","192.168.1.2","TCP","1514","8004  >  36324 [ACK] Seq=414318 Ack=144 Win=65024 Len=1448 TSval=2916038403 TSecr=3045558176 [TCP segment of a reassembled PDU]"
"41844","34.322345446","192.168.1.55","192.168.1.2","TCP","1514","8004  >  36324 [ACK] Seq=415766 Ack=144 Win=65024 Len=1448 TSval=2916038403 TSecr=3045558176 [TCP segment of a reassembled PDU]"
"41845","34.322346594","192.168.1.55","192.168.1.2","TCP","1514","8004  >  36324 [ACK] Seq=417214 Ack=144 Win=65024 Len=1448 TSval=2916038403 TSecr=3045558176 [TCP segment of a reassembled PDU]"
"41846","34.322349205","192.168.1.55","192.168.1.2","TCP","1514","8004  >  36324 [ACK] Seq=418662 Ack=144 Win=65024 Len=1448 TSval=2916038403 TSecr=3045558176 [TCP segment of a reassembled PDU]"
"41847","34.322350779","192.168.1.55","192.168.1.2","TCP","1514","8004  >  36324 [ACK] Seq=420110 Ack=144 Win=65024 Len=1448 TSval=2916038403 TSecr=3045558176 [TCP segment of a reassembled PDU]"
"41848","34.322352224","192.168.1.55","192.168.1.2","TCP","1514","8004  >  36324 [ACK] Seq=421558 Ack=144 Win=65024 Len=1448 TSval=2916038403 TSecr=3045558176 [TCP segment of a reassembled PDU]"
"41849","34.322353687","192.168.1.55","192.168.1.2","TCP","1514","8004  >  36324 [ACK] Seq=423006 Ack=144 Win=65024 Len=1448 TSval=2916038403 TSecr=3045558176 [TCP segment of a reassembled PDU]"
"41850","34.322354872","192.168.1.55","192.168.1.2","TCP","1514","8004  >  36324 [ACK] Seq=424454 Ack=144 Win=65024 Len=1448 TSval=2916038403 TSecr=3045558176 [TCP segment of a reassembled PDU]"
"41851","34.322356483","192.168.1.55","192.168.1.2","TCP","1514","8004  >  36324 [PSH, ACK] Seq=425902 Ack=144 Win=65024 Len=1448 TSval=2916038403 TSecr=3045558176 [TCP segment of a reassembled PDU]"
"41852","34.322361298","192.168.1.2","192.168.1.55","TCP","66","36324  >  8004 [ACK] Seq=144 Ack=375486 Win=77824 Len=0 TSval=3045558176 TSecr=2916038396"
"41853","34.322395261","192.168.1.55","192.168.1.2","TCP","1514","8004  >  36324 [ACK] Seq=427350 Ack=144 Win=65024 Len=1448 TSval=2916038403 TSecr=3045558176 [TCP segment of a reassembled PDU]"
"41854","34.322397131","192.168.1.55","192.168.1.2","TCP","1514","8004  >  36324 [ACK] Seq=428798 Ack=144 Win=65024 Len=1448 TSval=2916038403 TSecr=3045558176 [TCP segment of a reassembled PDU]"
"41855","34.322398576","192.168.1.55","192.168.1.2","TCP","1514","8004  >  36324 [ACK] Seq=430246 Ack=144 Win=65024 Len=1448 TSval=2916038403 TSecr=3045558176 [TCP segment of a reassembled PDU]"
"41856","34.322399631","192.168.1.55","192.168.1.2","TCP","1514","8004  >  36324 [ACK] Seq=431694 Ack=144 Win=65024 Len=1448 TSval=2916038403 TSecr=3045558176 [TCP segment of a reassembled PDU]"
"41857","34.322401502","192.168.1.55","192.168.1.2","TCP","1514","8004  >  36324 [ACK] Seq=433142 Ack=144 Win=65024 Len=1448 TSval=2916038403 TSecr=3045558176 [TCP segment of a reassembled PDU]"
"41858","34.322402835","192.168.1.55","192.168.1.2","TCP","1514","8004  >  36324 [ACK] Seq=434590 Ack=144 Win=65024 Len=1448 TSval=2916038403 TSecr=3045558176 [TCP segment of a reassembled PDU]"
"41859","34.322404242","192.168.1.55","192.168.1.2","TCP","1514","8004  >  36324 [ACK] Seq=436038 Ack=144 Win=65024 Len=1448 TSval=2916038403 TSecr=3045558176 [TCP segment of a reassembled PDU]"
"41860","34.322405724","192.168.1.55","192.168.1.2","TCP","1514","8004  >  36324 [ACK] Seq=437486 Ack=144 Win=65024 Len=1448 TSval=2916038403 TSecr=3045558176 [TCP segment of a reassembled PDU]"
"41861","34.322407539","192.168.1.55","192.168.1.2","TCP","1514","8004  >  36324 [ACK] Seq=438934 Ack=144 Win=65024 Len=1448 TSval=2916038403 TSecr=3045558176 [TCP segment of a reassembled PDU]"
"41862","34.322408983","192.168.1.55","192.168.1.2","TCP","1514","8004  >  36324 [ACK] Seq=440382 Ack=144 Win=65024 Len=1448 TSval=2916038403 TSecr=3045558176 [TCP segment of a reassembled PDU]"
"41863","34.322410427","192.168.1.55","192.168.1.2","TCP","1514","8004  >  36324 [ACK] Seq=441830 Ack=144 Win=65024 Len=1448 TSval=2916038403 TSecr=3045558176 [TCP segment of a reassembled PDU]"
"41864","34.322411557","192.168.1.55","192.168.1.2","TCP","1514","8004  >  36324 [ACK] Seq=443278 Ack=144 Win=65024 Len=1448 TSval=2916038403 TSecr=3045558176 [TCP segment of a reassembled PDU]"
"41865","34.322413427","192.168.1.55","192.168.1.2","TCP","1514","8004  >  36324 [ACK] Seq=444726 Ack=144 Win=65024 Len=1448 TSval=2916038403 TSecr=3045558176 [TCP segment of a reassembled PDU]"
"41866","34.322414761","192.168.1.55","192.168.1.2","TCP","1514","8004  >  36324 [ACK] Seq=446174 Ack=144 Win=65024 Len=1448 TSval=2916038403 TSecr=3045558176 [TCP segment of a reassembled PDU]"
"41867","34.322416113","192.168.1.55","192.168.1.2","TCP","1514","8004  >  36324 [ACK] Seq=447622 Ack=144 Win=65024 Len=1448 TSval=2916038403 TSecr=3045558176 [TCP segment of a reassembled PDU]"
"41868","34.322417316","192.168.1.55","192.168.1.2","TCP","1514","8004  >  36324 [ACK] Seq=449070 Ack=144 Win=65024 Len=1448 TSval=2916038403 TSecr=3045558176 [TCP segment of a reassembled PDU]"
"41869","34.322419002","192.168.1.55","192.168.1.2","TCP","1514","8004  >  36324 [PSH, ACK] Seq=450518 Ack=144 Win=65024 Len=1448 TSval=2916038403 TSecr=3045558176 [TCP segment of a reassembled PDU]"
"41870","34.327912121","192.168.1.2","192.168.1.55","TCP","66","36324  >  8004 [ACK] Seq=144 Ack=381278 Win=106496 Len=0 TSval=3045558182 TSecr=2916038402"
"41871","34.327937751","192.168.1.55","192.168.1.2","TCP","1514","8004  >  36324 [ACK] Seq=451966 Ack=144 Win=65024 Len=1448 TSval=2916038408 TSecr=3045558182 [TCP segment of a reassembled PDU]"
"41872","34.327940714","192.168.1.55","192.168.1.2","TCP","1514","8004  >  36324 [ACK] Seq=453414 Ack=144 Win=65024 Len=1448 TSval=2916038408 TSecr=3045558182 [TCP segment of a reassembled PDU]"
"41873","34.327942047","192.168.1.55","192.168.1.2","TCP","1514","8004  >  36324 [ACK] Seq=454862 Ack=144 Win=65024 Len=1448 TSval=2916038408 TSecr=3045558182 [TCP segment of a reassembled PDU]"
"41874","34.327943418","192.168.1.55","192.168.1.2","TCP","1514","8004  >  36324 [ACK] Seq=456310 Ack=144 Win=65024 Len=1448 TSval=2916038408 TSecr=3045558182 [TCP segment of a reassembled PDU]"
"41875","34.327944677","192.168.1.55","192.168.1.2","TCP","1514","8004  >  36324 [ACK] Seq=457758 Ack=144 Win=65024 Len=1448 TSval=2916038408 TSecr=3045558182 [TCP segment of a reassembled PDU]"
"41876","34.327946029","192.168.1.55","192.168.1.2","TCP","1514","8004  >  36324 [ACK] Seq=459206 Ack=144 Win=65024 Len=1448 TSval=2916038408 TSecr=3045558182 [TCP segment of a reassembled PDU]"
"41877","34.327947418","192.168.1.55","192.168.1.2","TCP","1514","8004  >  36324 [ACK] Seq=460654 Ack=144 Win=65024 Len=1448 TSval=2916038408 TSecr=3045558182 [TCP segment of a reassembled PDU]"
"41878","34.327948733","192.168.1.55","192.168.1.2","TCP","1514","8004  >  36324 [ACK] Seq=462102 Ack=144 Win=65024 Len=1448 TSval=2916038408 TSecr=3045558182 [TCP segment of a reassembled PDU]"
"41879","34.327949955","192.168.1.55","192.168.1.2","TCP","1514","8004  >  36324 [ACK] Seq=463550 Ack=144 Win=65024 Len=1448 TSval=2916038408 TSecr=3045558182 [TCP segment of a reassembled PDU]"
"41880","34.327951307","192.168.1.55","192.168.1.2","TCP","1514","8004  >  36324 [ACK] Seq=464998 Ack=144 Win=65024 Len=1448 TSval=2916038408 TSecr=3045558182 [TCP segment of a reassembled PDU]"
"41881","34.327952640","192.168.1.55","192.168.1.2","TCP","1514","8004  >  36324 [ACK] Seq=466446 Ack=144 Win=65024 Len=1448 TSval=2916038408 TSecr=3045558182 [TCP segment of a reassembled PDU]"
"41882","34.327953918","192.168.1.55","192.168.1.2","TCP","1514","8004  >  36324 [ACK] Seq=467894 Ack=144 Win=65024 Len=1448 TSval=2916038408 TSecr=3045558182 [TCP segment of a reassembled PDU]"
"41883","34.327955233","192.168.1.55","192.168.1.2","TCP","1514","8004  >  36324 [ACK] Seq=469342 Ack=144 Win=65024 Len=1448 TSval=2916038408 TSecr=3045558182 [TCP segment of a reassembled PDU]"
"41884","34.327956621","192.168.1.55","192.168.1.2","TCP","1514","8004  >  36324 [PSH, ACK] Seq=470790 Ack=144 Win=65024 Len=1448 TSval=2916038408 TSecr=3045558182 [TCP segment of a reassembled PDU]"
"41885","34.328572345","192.168.1.2","192.168.1.55","TCP","66","36324  >  8004 [ACK] Seq=144 Ack=405630 Win=82944 Len=0 TSval=3045558182 TSecr=2916038402"
"41886","34.328581826","192.168.1.2","192.168.1.55","TCP","66","36324  >  8004 [ACK] Seq=144 Ack=407078 Win=112640 Len=0 TSval=3045558183 TSecr=2916038402"
"41887","34.328601956","192.168.1.55","192.168.1.2","TCP","1514","8004  >  36324 [ACK] Seq=472238 Ack=144 Win=65024 Len=1448 TSval=2916038409 TSecr=3045558183 [TCP segment of a reassembled PDU]"
"41888","34.328603956","192.168.1.55","192.168.1.2","TCP","1514","8004  >  36324 [ACK] Seq=473686 Ack=144 Win=65024 Len=1448 TSval=2916038409 TSecr=3045558183 [TCP segment of a reassembled PDU]"
"41889","34.328605178","192.168.1.55","192.168.1.2","TCP","1514","8004  >  36324 [ACK] Seq=475134 Ack=144 Win=65024 Len=1448 TSval=2916038409 TSecr=3045558183 [TCP segment of a reassembled PDU]"
"41890","34.328606474","192.168.1.55","192.168.1.2","TCP","1514","8004  >  36324 [ACK] Seq=476582 Ack=144 Win=65024 Len=1448 TSval=2916038409 TSecr=3045558183 [TCP segment of a reassembled PDU]"
"41891","34.328607863","192.168.1.55","192.168.1.2","TCP","1514","8004  >  36324 [ACK] Seq=478030 Ack=144 Win=65024 Len=1448 TSval=2916038409 TSecr=3045558183 [TCP segment of a reassembled PDU]"
"41892","34.328609178","192.168.1.55","192.168.1.2","TCP","1514","8004  >  36324 [ACK] Seq=479478 Ack=144 Win=65024 Len=1448 TSval=2916038409 TSecr=3045558183 [TCP segment of a reassembled PDU]"
"41893","34.328610789","192.168.1.55","192.168.1.2","TCP","1514","8004  >  36324 [ACK] Seq=480926 Ack=144 Win=65024 Len=1448 TSval=2916038409 TSecr=3045558183 [TCP segment of a reassembled PDU]"
"41894","34.328612030","192.168.1.55","192.168.1.2","TCP","1514","8004  >  36324 [ACK] Seq=482374 Ack=144 Win=65024 Len=1448 TSval=2916038409 TSecr=3045558183 [TCP segment of a reassembled PDU]"
"41895","34.328613308","192.168.1.55","192.168.1.2","TCP","1514","8004  >  36324 [ACK] Seq=483822 Ack=144 Win=65024 Len=1448 TSval=2916038409 TSecr=3045558183 [TCP segment of a reassembled PDU]"
"41896","34.328614697","192.168.1.55","192.168.1.2","TCP","1514","8004  >  36324 [ACK] Seq=485270 Ack=144 Win=65024 Len=1448 TSval=2916038409 TSecr=3045558183 [TCP segment of a reassembled PDU]"
"41897","34.328616011","192.168.1.55","192.168.1.2","TCP","1514","8004  >  36324 [ACK] Seq=486718 Ack=144 Win=65024 Len=1448 TSval=2916038409 TSecr=3045558183 [TCP segment of a reassembled PDU]"
"41898","34.328617326","192.168.1.55","192.168.1.2","TCP","1514","8004  >  36324 [ACK] Seq=488166 Ack=144 Win=65024 Len=1448 TSval=2916038409 TSecr=3045558183 [TCP segment of a reassembled PDU]"
"41899","34.328618808","192.168.1.55","192.168.1.2","TCP","1514","8004  >  36324 [ACK] Seq=489614 Ack=144 Win=65024 Len=1448 TSval=2916038409 TSecr=3045558183 [TCP segment of a reassembled PDU]"
"41900","34.328620271","192.168.1.55","192.168.1.2","TCP","1514","8004  >  36324 [ACK] Seq=491062 Ack=144 Win=65024 Len=1448 TSval=2916038409 TSecr=3045558183 [TCP segment of a reassembled PDU]"
"41901","34.328621548","192.168.1.55","192.168.1.2","TCP","1514","8004  >  36324 [ACK] Seq=492510 Ack=144 Win=65024 Len=1448 TSval=2916038409 TSecr=3045558183 [TCP segment of a reassembled PDU]"
"41902","34.328622845","192.168.1.55","192.168.1.2","TCP","1514","8004  >  36324 [ACK] Seq=493958 Ack=144 Win=65024 Len=1448 TSval=2916038409 TSecr=3045558183 [TCP segment of a reassembled PDU]"
"41903","34.328624141","192.168.1.55","192.168.1.2","TCP","1514","8004  >  36324 [ACK] Seq=495406 Ack=144 Win=65024 Len=1448 TSval=2916038409 TSecr=3045558183 [TCP segment of a reassembled PDU]"
"41904","34.328625530","192.168.1.55","192.168.1.2","TCP","1514","8004  >  36324 [ACK] Seq=496854 Ack=144 Win=65024 Len=1448 TSval=2916038409 TSecr=3045558183 [TCP segment of a reassembled PDU]"
"41905","34.328626882","192.168.1.55","192.168.1.2","HTTP","222","HTTP/1.0 200 OK  (PNG)"
"41906","34.328631326","192.168.1.2","192.168.1.55","TCP","66","36324  >  8004 [ACK] Seq=144 Ack=444726 Win=75776 Len=0 TSval=3045558183 TSecr=2916038403"
"41907","34.330811145","192.168.1.2","192.168.1.55","TCP","66","36324  >  8004 [ACK] Seq=144 Ack=451966 Win=105472 Len=0 TSval=3045558184 TSecr=2916038403"
"41908","34.333588019","192.168.1.2","192.168.1.55","TCP","66","36324  >  8004 [ACK] Seq=144 Ack=472238 Win=133120 Len=0 TSval=3045558189 TSecr=2916038408"
"41909","34.333698834","192.168.1.2","192.168.1.55","TCP","66","36324  >  8004 [ACK] Seq=144 Ack=498459 Win=107520 Len=0 TSval=3045558189 TSecr=2916038409"
"41910","34.334397872","192.168.1.2","192.168.1.55","TCP","66","36324  >  8004 [FIN, ACK] Seq=144 Ack=498459 Win=133120 Len=0 TSval=3045558189 TSecr=2916038409"
"41911","34.334415632","192.168.1.55","192.168.1.2","TCP","66","8004  >  36324 [ACK] Seq=498459 Ack=145 Win=65024 Len=0 TSval=2916038415 TSecr=3045558189"
"41912","34.334513150","192.168.1.2","192.168.1.55","TCP","74","36326  >  8004 [SYN] Seq=0 Win=64240 Len=0 MSS=1460 SACK_PERM TSval=3045558189 TSecr=0 WS=1024"
"41913","34.334530299","192.168.1.55","192.168.1.2","TCP","74","8004  >  36326 [SYN, ACK] Seq=0 Ack=1 Win=65160 Len=0 MSS=1460 SACK_PERM TSval=2916038415 TSecr=3045558189 WS=128"
"41914","34.337687507","192.168.1.2","192.168.1.55","TCP","66","36326  >  8004 [ACK] Seq=1 Ack=1 Win=64512 Len=0 TSval=3045558192 TSecr=2916038415"
"41915","34.340913161","192.168.1.2","192.168.1.55","HTTP","206","GET /stego_benchmark.png HTTP/1.1 "
"41916","34.340926735","192.168.1.55","192.168.1.2","TCP","66","8004  >  36326 [ACK] Seq=1 Ack=141 Win=65024 Len=0 TSval=2916038421 TSecr=3045558192"
"41917","34.341429643","192.168.1.55","192.168.1.2","TCP","255","8004  >  36326 [PSH, ACK] Seq=1 Ack=141 Win=65024 Len=189 TSval=2916038422 TSecr=3045558192 [TCP segment of a reassembled PDU]"
"41918","34.341522791","192.168.1.55","192.168.1.2","TCP","1514","8004  >  36326 [ACK] Seq=190 Ack=141 Win=65024 Len=1448 TSval=2916038422 TSecr=3045558192 [TCP segment of a reassembled PDU]"
"41919","34.341527421","192.168.1.55","192.168.1.2","TCP","1514","8004  >  36326 [ACK] Seq=1638 Ack=141 Win=65024 Len=1448 TSval=2916038422 TSecr=3045558192 [TCP segment of a reassembled PDU]"
"41920","34.341534662","192.168.1.55","192.168.1.2","TCP","1514","8004  >  36326 [ACK] Seq=3086 Ack=141 Win=65024 Len=1448 TSval=2916038422 TSecr=3045558192 [TCP segment of a reassembled PDU]"
"41921","34.341536365","192.168.1.55","192.168.1.2","TCP","1514","8004  >  36326 [ACK] Seq=4534 Ack=141 Win=65024 Len=1448 TSval=2916038422 TSecr=3045558192 [TCP segment of a reassembled PDU]"
"41922","34.341537773","192.168.1.55","192.168.1.2","TCP","1514","8004  >  36326 [PSH, ACK] Seq=5982 Ack=141 Win=65024 Len=1448 TSval=2916038422 TSecr=3045558192 [TCP segment of a reassembled PDU]"
"41923","34.341557476","192.168.1.55","192.168.1.2","TCP","1514","8004  >  36326 [ACK] Seq=7430 Ack=141 Win=65024 Len=1448 TSval=2916038422 TSecr=3045558192 [TCP segment of a reassembled PDU]"
"41924","34.341559365","192.168.1.55","192.168.1.2","TCP","1514","8004  >  36326 [ACK] Seq=8878 Ack=141 Win=65024 Len=1448 TSval=2916038422 TSecr=3045558192 [TCP segment of a reassembled PDU]"
"41925","34.341560754","192.168.1.55","192.168.1.2","TCP","1514","8004  >  36326 [ACK] Seq=10326 Ack=141 Win=65024 Len=1448 TSval=2916038422 TSecr=3045558192 [TCP segment of a reassembled PDU]"
"41926","34.341562088","192.168.1.55","192.168.1.2","TCP","1514","8004  >  36326 [PSH, ACK] Seq=11774 Ack=141 Win=65024 Len=1448 TSval=2916038422 TSecr=3045558192 [TCP segment of a reassembled PDU]"
"41927","34.345627650","192.168.1.2","192.168.1.55","TCP","66","36326  >  8004 [ACK] Seq=141 Ack=190 Win=64512 Len=0 TSval=3045558200 TSecr=2916038422"
"41928","34.345692242","192.168.1.55","192.168.1.2","TCP","1514","8004  >  36326 [ACK] Seq=13222 Ack=141 Win=65024 Len=1448 TSval=2916038426 TSecr=3045558200 [TCP segment of a reassembled PDU]"
"41929","34.345696965","192.168.1.55","192.168.1.2","TCP","1514","8004  >  36326 [PSH, ACK] Seq=14670 Ack=141 Win=65024 Len=1448 TSval=2916038426 TSecr=3045558200 [TCP segment of a reassembled PDU]"
"41930","34.345790891","192.168.1.2","192.168.1.55","TCP","66","36326  >  8004 [ACK] Seq=141 Ack=7430 Win=71680 Len=0 TSval=3045558200 TSecr=2916038422"
"41931","34.345871150","192.168.1.55","192.168.1.2","TCP","1514","8004  >  36326 [ACK] Seq=16118 Ack=141 Win=65024 Len=1448 TSval=2916038426 TSecr=3045558200 [TCP segment of a reassembled PDU]"
"41932","34.345880650","192.168.1.55","192.168.1.2","TCP","1514","8004  >  36326 [ACK] Seq=17566 Ack=141 Win=65024 Len=1448 TSval=2916038426 TSecr=3045558200 [TCP segment of a reassembled PDU]"
"41933","34.345882372","192.168.1.55","192.168.1.2","TCP","1514","8004  >  36326 [ACK] Seq=19014 Ack=141 Win=65024 Len=1448 TSval=2916038426 TSecr=3045558200 [TCP segment of a reassembled PDU]"
"41934","34.345884557","192.168.1.55","192.168.1.2","TCP","1514","8004  >  36326 [ACK] Seq=20462 Ack=141 Win=65024 Len=1448 TSval=2916038426 TSecr=3045558200 [TCP segment of a reassembled PDU]"
"41935","34.345886576","192.168.1.55","192.168.1.2","TCP","1514","8004  >  36326 [ACK] Seq=21910 Ack=141 Win=65024 Len=1448 TSval=2916038426 TSecr=3045558200 [TCP segment of a reassembled PDU]"
"41936","34.345888928","192.168.1.55","192.168.1.2","TCP","1514","8004  >  36326 [ACK] Seq=23358 Ack=141 Win=65024 Len=1448 TSval=2916038426 TSecr=3045558200 [TCP segment of a reassembled PDU]"
"41937","34.345891243","192.168.1.55","192.168.1.2","TCP","1514","8004  >  36326 [ACK] Seq=24806 Ack=141 Win=65024 Len=1448 TSval=2916038426 TSecr=3045558200 [TCP segment of a reassembled PDU]"
"41938","34.345894595","192.168.1.55","192.168.1.2","TCP","1514","8004  >  36326 [PSH, ACK] Seq=26254 Ack=141 Win=65024 Len=1448 TSval=2916038426 TSecr=3045558200 [TCP segment of a reassembled PDU]"
"41939","34.345907983","192.168.1.2","192.168.1.55","TCP","66","36326  >  8004 [ACK] Seq=141 Ack=10326 Win=76800 Len=0 TSval=3045558200 TSecr=2916038422"
"41940","34.345955150","192.168.1.55","192.168.1.2","TCP","1514","8004  >  36326 [ACK] Seq=27702 Ack=141 Win=65024 Len=1448 TSval=2916038426 TSecr=3045558200 [TCP segment of a reassembled PDU]"
"41941","34.345959946","192.168.1.55","192.168.1.2","TCP","1514","8004  >  36326 [ACK] Seq=29150 Ack=141 Win=65024 Len=1448 TSval=2916038426 TSecr=3045558200 [TCP segment of a reassembled PDU]"
"41942","34.345962132","192.168.1.55","192.168.1.2","TCP","1514","8004  >  36326 [ACK] Seq=30598 Ack=141 Win=65024 Len=1448 TSval=2916038426 TSecr=3045558200 [TCP segment of a reassembled PDU]"
"41943","34.345964613","192.168.1.55","192.168.1.2","TCP","1514","8004  >  36326 [ACK] Seq=32046 Ack=141 Win=65024 Len=1448 TSval=2916038426 TSecr=3045558200 [TCP segment of a reassembled PDU]"
"41944","34.345966706","192.168.1.55","192.168.1.2","TCP","1514","8004  >  36326 [ACK] Seq=33494 Ack=141 Win=65024 Len=1448 TSval=2916038426 TSecr=3045558200 [TCP segment of a reassembled PDU]"
"41945","34.345968706","192.168.1.55","192.168.1.2","TCP","1514","8004  >  36326 [PSH, ACK] Seq=34942 Ack=141 Win=65024 Len=1448 TSval=2916038426 TSecr=3045558200 [TCP segment of a reassembled PDU]"
"41946","34.345979521","192.168.1.2","192.168.1.55","TCP","66","36326  >  8004 [ACK] Seq=141 Ack=13222 Win=74752 Len=0 TSval=3045558200 TSecr=2916038422"
"41947","34.346832874","192.168.1.55","192.168.1.2","TCP","1514","8004  >  36326 [ACK] Seq=36390 Ack=141 Win=65024 Len=1448 TSval=2916038427 TSecr=3045558200 [TCP segment of a reassembled PDU]"
"41948","34.346849466","192.168.1.55","192.168.1.2","TCP","1514","8004  >  36326 [ACK] Seq=37838 Ack=141 Win=65024 Len=1448 TSval=2916038427 TSecr=3045558200 [TCP segment of a reassembled PDU]"
"41949","34.346852966","192.168.1.55","192.168.1.2","TCP","1514","8004  >  36326 [ACK] Seq=39286 Ack=141 Win=65024 Len=1448 TSval=2916038427 TSecr=3045558200 [TCP segment of a reassembled PDU]"
"41950","34.346855244","192.168.1.55","192.168.1.2","TCP","1514","8004  >  36326 [PSH, ACK] Seq=40734 Ack=141 Win=65024 Len=1448 TSval=2916038427 TSecr=3045558200 [TCP segment of a reassembled PDU]"
"41951","34.350393250","192.168.1.2","192.168.1.55","TCP","66","36326  >  8004 [ACK] Seq=141 Ack=16118 Win=76800 Len=0 TSval=3045558205 TSecr=2916038426"
"41952","34.350456768","192.168.1.55","192.168.1.2","TCP","1514","8004  >  36326 [ACK] Seq=42182 Ack=141 Win=65024 Len=1448 TSval=2916038431 TSecr=3045558205 [TCP segment of a reassembled PDU]"
"41953","34.350462250","192.168.1.55","192.168.1.2","TCP","1514","8004  >  36326 [PSH, ACK] Seq=43630 Ack=141 Win=65024 Len=1448 TSval=2916038431 TSecr=3045558205 [TCP segment of a reassembled PDU]"
"41954","34.350593176","192.168.1.2","192.168.1.55","TCP","66","36326  >  8004 [ACK] Seq=141 Ack=27702 Win=69632 Len=0 TSval=3045558205 TSecr=2916038426"
"41955","34.350648880","192.168.1.55","192.168.1.2","TCP","1514","8004  >  36326 [ACK] Seq=45078 Ack=141 Win=65024 Len=1448 TSval=2916038431 TSecr=3045558205 [TCP segment of a reassembled PDU]"
"41956","34.350653213","192.168.1.55","192.168.1.2","TCP","1514","8004  >  36326 [ACK] Seq=46526 Ack=141 Win=65024 Len=1448 TSval=2916038431 TSecr=3045558205 [TCP segment of a reassembled PDU]"
"41957","34.350654824","192.168.1.55","192.168.1.2","TCP","1514","8004  >  36326 [ACK] Seq=47974 Ack=141 Win=65024 Len=1448 TSval=2916038431 TSecr=3045558205 [TCP segment of a reassembled PDU]"
"41958","34.350656880","192.168.1.55","192.168.1.2","TCP","1514","8004  >  36326 [ACK] Seq=49422 Ack=141 Win=65024 Len=1448 TSval=2916038431 TSecr=3045558205 [TCP segment of a reassembled PDU]"
"41959","34.350658472","192.168.1.55","192.168.1.2","TCP","1514","8004  >  36326 [ACK] Seq=50870 Ack=141 Win=65024 Len=1448 TSval=2916038431 TSecr=3045558205 [TCP segment of a reassembled PDU]"
"41960","34.350660158","192.168.1.55","192.168.1.2","TCP","1514","8004  >  36326 [ACK] Seq=52318 Ack=141 Win=65024 Len=1448 TSval=2916038431 TSecr=3045558205 [TCP segment of a reassembled PDU]"
"41961","34.350662565","192.168.1.55","192.168.1.2","TCP","1514","8004  >  36326 [ACK] Seq=53766 Ack=141 Win=65024 Len=1448 TSval=2916038431 TSecr=3045558205 [TCP segment of a reassembled PDU]"
"41962","34.350664547","192.168.1.55","192.168.1.2","TCP","1514","8004  >  36326 [ACK] Seq=55214 Ack=141 Win=65024 Len=1448 TSval=2916038431 TSecr=3045558205 [TCP segment of a reassembled PDU]"
"41963","34.350666287","192.168.1.55","192.168.1.2","TCP","1514","8004  >  36326 [ACK] Seq=56662 Ack=141 Win=65024 Len=1448 TSval=2916038431 TSecr=3045558205 [TCP segment of a reassembled PDU]"
"41964","34.350667861","192.168.1.55","192.168.1.2","TCP","1514","8004  >  36326 [ACK] Seq=58110 Ack=141 Win=65024 Len=1448 TSval=2916038431 TSecr=3045558205 [TCP segment of a reassembled PDU]"
"41965","34.350669435","192.168.1.55","192.168.1.2","TCP","1514","8004  >  36326 [ACK] Seq=59558 Ack=141 Win=65024 Len=1448 TSval=2916038431 TSecr=3045558205 [TCP segment of a reassembled PDU]"
"41966","34.350671732","192.168.1.55","192.168.1.2","TCP","1514","8004  >  36326 [ACK] Seq=61006 Ack=141 Win=65024 Len=1448 TSval=2916038431 TSecr=3045558205 [TCP segment of a reassembled PDU]"
"41967","34.350674454","192.168.1.55","192.168.1.2","TCP","1514","8004  >  36326 [ACK] Seq=62454 Ack=141 Win=65024 Len=1448 TSval=2916038431 TSecr=3045558205 [TCP segment of a reassembled PDU]"
"41968","34.350676491","192.168.1.55","192.168.1.2","TCP","1514","8004  >  36326 [ACK] Seq=63902 Ack=141 Win=65024 Len=1448 TSval=2916038431 TSecr=3045558205 [TCP segment of a reassembled PDU]"
"41969","34.350678676","192.168.1.55","192.168.1.2","TCP","1514","8004  >  36326 [PSH, ACK] Seq=65350 Ack=141 Win=65024 Len=1448 TSval=2916038431 TSecr=3045558205 [TCP segment of a reassembled PDU]"
"41970","34.350693213","192.168.1.2","192.168.1.55","TCP","66","36326  >  8004 [ACK] Seq=141 Ack=36390 Win=63488 Len=0 TSval=3045558205 TSecr=2916038426"
"41971","34.350728380","192.168.1.55","192.168.1.2","TCP","1514","8004  >  36326 [ACK] Seq=66798 Ack=141 Win=65024 Len=1448 TSval=2916038431 TSecr=3045558205 [TCP segment of a reassembled PDU]"
"41972","34.350732176","192.168.1.55","192.168.1.2","TCP","1514","8004  >  36326 [ACK] Seq=68246 Ack=141 Win=65024 Len=1448 TSval=2916038431 TSecr=3045558205 [TCP segment of a reassembled PDU]"
"41973","34.350734269","192.168.1.55","192.168.1.2","TCP","1514","8004  >  36326 [ACK] Seq=69694 Ack=141 Win=65024 Len=1448 TSval=2916038431 TSecr=3045558205 [TCP segment of a reassembled PDU]"
"41974","34.350736343","192.168.1.55","192.168.1.2","TCP","1514","8004  >  36326 [ACK] Seq=71142 Ack=141 Win=65024 Len=1448 TSval=2916038431 TSecr=3045558205 [TCP segment of a reassembled PDU]"
"41975","34.350737917","192.168.1.55","192.168.1.2","TCP","1514","8004  >  36326 [ACK] Seq=72590 Ack=141 Win=65024 Len=1448 TSval=2916038431 TSecr=3045558205 [TCP segment of a reassembled PDU]"
"41976","34.350740602","192.168.1.55","192.168.1.2","TCP","1514","8004  >  36326 [ACK] Seq=74038 Ack=141 Win=65024 Len=1448 TSval=2916038431 TSecr=3045558205 [TCP segment of a reassembled PDU]"
"41977","34.350742269","192.168.1.55","192.168.1.2","TCP","1514","8004  >  36326 [PSH, ACK] Seq=75486 Ack=141 Win=65024 Len=1448 TSval=2916038431 TSecr=3045558205 [TCP segment of a reassembled PDU]"
"41978","34.352634587","192.168.1.2","192.168.1.55","TCP","66","36326  >  8004 [ACK] Seq=141 Ack=39286 Win=76800 Len=0 TSval=3045558206 TSecr=2916038427"
"41979","34.352661698","192.168.1.55","192.168.1.2","TCP","1514","8004  >  36326 [ACK] Seq=76934 Ack=141 Win=65024 Len=1448 TSval=2916038433 TSecr=3045558206 [TCP segment of a reassembled PDU]"
"41980","34.352664309","192.168.1.55","192.168.1.2","TCP","1514","8004  >  36326 [ACK] Seq=78382 Ack=141 Win=65024 Len=1448 TSval=2916038433 TSecr=3045558206 [TCP segment of a reassembled PDU]"
"41981","34.352665605","192.168.1.55","192.168.1.2","TCP","1514","8004  >  36326 [ACK] Seq=79830 Ack=141 Win=65024 Len=1448 TSval=2916038433 TSecr=3045558206 [TCP segment of a reassembled PDU]"
"41982","34.352666883","192.168.1.55","192.168.1.2","TCP","1514","8004  >  36326 [ACK] Seq=81278 Ack=141 Win=65024 Len=1448 TSval=2916038433 TSecr=3045558206 [TCP segment of a reassembled PDU]"
"41983","34.352668346","192.168.1.55","192.168.1.2","TCP","1514","8004  >  36326 [ACK] Seq=82726 Ack=141 Win=65024 Len=1448 TSval=2916038433 TSecr=3045558206 [TCP segment of a reassembled PDU]"
"41984","34.352669716","192.168.1.55","192.168.1.2","TCP","1514","8004  >  36326 [ACK] Seq=84174 Ack=141 Win=65024 Len=1448 TSval=2916038433 TSecr=3045558206 [TCP segment of a reassembled PDU]"
"41985","34.352671050","192.168.1.55","192.168.1.2","TCP","1514","8004  >  36326 [ACK] Seq=85622 Ack=141 Win=65024 Len=1448 TSval=2916038433 TSecr=3045558206 [TCP segment of a reassembled PDU]"
"41986","34.352673420","192.168.1.55","192.168.1.2","TCP","1514","8004  >  36326 [ACK] Seq=87070 Ack=141 Win=65024 Len=1448 TSval=2916038433 TSecr=3045558206 [TCP segment of a reassembled PDU]"
"41987","34.352675253","192.168.1.55","192.168.1.2","TCP","1514","8004  >  36326 [ACK] Seq=88518 Ack=141 Win=65024 Len=1448 TSval=2916038433 TSecr=3045558206 [TCP segment of a reassembled PDU]"
"41988","34.352676957","192.168.1.55","192.168.1.2","TCP","1514","8004  >  36326 [ACK] Seq=89966 Ack=141 Win=65024 Len=1448 TSval=2916038433 TSecr=3045558206 [TCP segment of a reassembled PDU]"
"41989","34.352678420","192.168.1.55","192.168.1.2","TCP","1514","8004  >  36326 [ACK] Seq=91414 Ack=141 Win=65024 Len=1448 TSval=2916038433 TSecr=3045558206 [TCP segment of a reassembled PDU]"
"41990","34.352679865","192.168.1.55","192.168.1.2","TCP","1514","8004  >  36326 [PSH, ACK] Seq=92862 Ack=141 Win=65024 Len=1448 TSval=2916038433 TSecr=3045558206 [TCP segment of a reassembled PDU]"
"41991","34.352711420","192.168.1.2","192.168.1.55","TCP","66","36326  >  8004 [ACK] Seq=141 Ack=42182 Win=76800 Len=0 TSval=3045558206 TSecr=2916038427"
"41992","34.356319796","192.168.1.2","192.168.1.55","TCP","66","36326  >  8004 [ACK] Seq=141 Ack=45078 Win=74752 Len=0 TSval=3045558210 TSecr=2916038431"
"41993","34.356331778","192.168.1.55","192.168.1.2","TCP","1514","8004  >  36326 [ACK] Seq=94310 Ack=141 Win=65024 Len=1448 TSval=2916038437 TSecr=3045558210 [TCP segment of a reassembled PDU]"
"41994","34.356334796","192.168.1.55","192.168.1.2","TCP","1514","8004  >  36326 [ACK] Seq=95758 Ack=141 Win=65024 Len=1448 TSval=2916038437 TSecr=3045558210 [TCP segment of a reassembled PDU]"
"41995","34.356336130","192.168.1.55","192.168.1.2","TCP","1514","8004  >  36326 [ACK] Seq=97206 Ack=141 Win=65024 Len=1448 TSval=2916038437 TSecr=3045558210 [TCP segment of a reassembled PDU]"
"41996","34.356337982","192.168.1.55","192.168.1.2","TCP","1514","8004  >  36326 [ACK] Seq=98654 Ack=141 Win=65024 Len=1448 TSval=2916038437 TSecr=3045558210 [TCP segment of a reassembled PDU]"
"41997","34.356339630","192.168.1.55","192.168.1.2","TCP","1514","8004  >  36326 [ACK] Seq=100102 Ack=141 Win=65024 Len=1448 TSval=2916038437 TSecr=3045558210 [TCP segment of a reassembled PDU]"
"41998","34.356340741","192.168.1.55","192.168.1.2","TCP","1514","8004  >  36326 [ACK] Seq=101550 Ack=141 Win=65024 Len=1448 TSval=2916038437 TSecr=3045558210 [TCP segment of a reassembled PDU]"
"41999","34.356341852","192.168.1.55","192.168.1.2","TCP","1514","8004  >  36326 [ACK] Seq=102998 Ack=141 Win=65024 Len=1448 TSval=2916038437 TSecr=3045558210 [TCP segment of a reassembled PDU]"
"42000","34.356343167","192.168.1.55","192.168.1.2","TCP","1514","8004  >  36326 [PSH, ACK] Seq=104446 Ack=141 Win=65024 Len=1448 TSval=2916038437 TSecr=3045558210 [TCP segment of a reassembled PDU]"
"42001","34.356748871","192.168.1.2","192.168.1.55","TCP","66","36326  >  8004 [ACK] Seq=141 Ack=66798 Win=57344 Len=0 TSval=3045558210 TSecr=2916038431"
"42002","34.356761223","192.168.1.55","192.168.1.2","TCP","1514","8004  >  36326 [ACK] Seq=105894 Ack=141 Win=65024 Len=1448 TSval=2916038437 TSecr=3045558210 [TCP segment of a reassembled PDU]"
"42003","34.356764371","192.168.1.55","192.168.1.2","TCP","1514","8004  >  36326 [ACK] Seq=107342 Ack=141 Win=65024 Len=1448 TSval=2916038437 TSecr=3045558210 [TCP segment of a reassembled PDU]"
"42004","34.356765964","192.168.1.55","192.168.1.2","TCP","1514","8004  >  36326 [ACK] Seq=108790 Ack=141 Win=65024 Len=1448 TSval=2916038437 TSecr=3045558210 [TCP segment of a reassembled PDU]"
"42005","34.356767204","192.168.1.55","192.168.1.2","TCP","1514","8004  >  36326 [ACK] Seq=110238 Ack=141 Win=65024 Len=1448 TSval=2916038437 TSecr=3045558210 [TCP segment of a reassembled PDU]"
"42006","34.356768556","192.168.1.55","192.168.1.2","TCP","1514","8004  >  36326 [ACK] Seq=111686 Ack=141 Win=65024 Len=1448 TSval=2916038437 TSecr=3045558210 [TCP segment of a reassembled PDU]"
"42007","34.356770834","192.168.1.55","192.168.1.2","TCP","1514","8004  >  36326 [PSH, ACK] Seq=113134 Ack=141 Win=65024 Len=1448 TSval=2916038437 TSecr=3045558210 [TCP segment of a reassembled PDU]"
"42008","34.356776334","192.168.1.2","192.168.1.55","TCP","66","36326  >  8004 [ACK] Seq=141 Ack=69694 Win=55296 Len=0 TSval=3045558210 TSecr=2916038431"
"42009","34.356781279","192.168.1.2","192.168.1.55","TCP","66","36326  >  8004 [ACK] Seq=141 Ack=76934 Win=71680 Len=0 TSval=3045558210 TSecr=2916038431"
"42010","34.356869297","192.168.1.55","192.168.1.2","TCP","1514","8004  >  36326 [ACK] Seq=114582 Ack=141 Win=65024 Len=1448 TSval=2916038437 TSecr=3045558210 [TCP segment of a reassembled PDU]"
"42011","34.356873779","192.168.1.55","192.168.1.2","TCP","1514","8004  >  36326 [ACK] Seq=116030 Ack=141 Win=65024 Len=1448 TSval=2916038437 TSecr=3045558210 [TCP segment of a reassembled PDU]"
"42012","34.356875427","192.168.1.55","192.168.1.2","TCP","1514","8004  >  36326 [ACK] Seq=117478 Ack=141 Win=65024 Len=1448 TSval=2916038437 TSecr=3045558210 [TCP segment of a reassembled PDU]"
"42013","34.356877797","192.168.1.55","192.168.1.2","TCP","1514","8004  >  36326 [ACK] Seq=118926 Ack=141 Win=65024 Len=1448 TSval=2916038437 TSecr=3045558210 [TCP segment of a reassembled PDU]"
"42014","34.356878964","192.168.1.55","192.168.1.2","TCP","1514","8004  >  36326 [ACK] Seq=120374 Ack=141 Win=65024 Len=1448 TSval=2916038437 TSecr=3045558210 [TCP segment of a reassembled PDU]"
"42015","34.356881297","192.168.1.55","192.168.1.2","TCP","1514","8004  >  36326 [ACK] Seq=121822 Ack=141 Win=65024 Len=1448 TSval=2916038437 TSecr=3045558210 [TCP segment of a reassembled PDU]"
"42016","34.356883668","192.168.1.55","192.168.1.2","TCP","1514","8004  >  36326 [ACK] Seq=123270 Ack=141 Win=65024 Len=1448 TSval=2916038437 TSecr=3045558210 [TCP segment of a reassembled PDU]"
"42017","34.356885631","192.168.1.55","192.168.1.2","TCP","1514","8004  >  36326 [ACK] Seq=124718 Ack=141 Win=65024 Len=1448 TSval=2916038437 TSecr=3045558210 [TCP segment of a reassembled PDU]"
"42018","34.356887371","192.168.1.55","192.168.1.2","TCP","1514","8004  >  36326 [ACK] Seq=126166 Ack=141 Win=65024 Len=1448 TSval=2916038437 TSecr=3045558210 [TCP segment of a reassembled PDU]"
"42019","34.356888853","192.168.1.55","192.168.1.2","TCP","1514","8004  >  36326 [ACK] Seq=127614 Ack=141 Win=65024 Len=1448 TSval=2916038437 TSecr=3045558210 [TCP segment of a reassembled PDU]"
"42020","34.356890019","192.168.1.55","192.168.1.2","TCP","1514","8004  >  36326 [ACK] Seq=129062 Ack=141 Win=65024 Len=1448 TSval=2916038437 TSecr=3045558210 [TCP segment of a reassembled PDU]"
"42021","34.356891408","192.168.1.55","192.168.1.2","TCP","1514","8004  >  36326 [ACK] Seq=130510 Ack=141 Win=65024 Len=1448 TSval=2916038437 TSecr=3045558210 [TCP segment of a reassembled PDU]"
"42022","34.356893168","192.168.1.55","192.168.1.2","TCP","1514","8004  >  36326 [ACK] Seq=131958 Ack=141 Win=65024 Len=1448 TSval=2916038437 TSecr=3045558210 [TCP segment of a reassembled PDU]"
"42023","34.356894723","192.168.1.55","192.168.1.2","TCP","1514","8004  >  36326 [ACK] Seq=133406 Ack=141 Win=65024 Len=1448 TSval=2916038437 TSecr=3045558210 [TCP segment of a reassembled PDU]"
"42024","34.356897075","192.168.1.55","192.168.1.2","TCP","1514","8004  >  36326 [ACK] Seq=134854 Ack=141 Win=65024 Len=1448 TSval=2916038437 TSecr=3045558210 [TCP segment of a reassembled PDU]"
"42025","34.356898575","192.168.1.55","192.168.1.2","TCP","1514","8004  >  36326 [ACK] Seq=136302 Ack=141 Win=65024 Len=1448 TSval=2916038437 TSecr=3045558210 [TCP segment of a reassembled PDU]"
"42026","34.356900186","192.168.1.55","192.168.1.2","TCP","1514","8004  >  36326 [ACK] Seq=137750 Ack=141 Win=65024 Len=1448 TSval=2916038437 TSecr=3045558210 [TCP segment of a reassembled PDU]"
"42027","34.356901445","192.168.1.55","192.168.1.2","TCP","1514","8004  >  36326 [ACK] Seq=139198 Ack=141 Win=65024 Len=1448 TSval=2916038437 TSecr=3045558210 [TCP segment of a reassembled PDU]"
"42028","34.356903149","192.168.1.55","192.168.1.2","TCP","1514","8004  >  36326 [ACK] Seq=140646 Ack=141 Win=65024 Len=1448 TSval=2916038437 TSecr=3045558210 [TCP segment of a reassembled PDU]"
"42029","34.356904686","192.168.1.55","192.168.1.2","TCP","1514","8004  >  36326 [ACK] Seq=142094 Ack=141 Win=65024 Len=1448 TSval=2916038437 TSecr=3045558210 [TCP segment of a reassembled PDU]"
"42030","34.356906464","192.168.1.55","192.168.1.2","TCP","1514","8004  >  36326 [ACK] Seq=143542 Ack=141 Win=65024 Len=1448 TSval=2916038437 TSecr=3045558210 [TCP segment of a reassembled PDU]"
"42031","34.356908038","192.168.1.55","192.168.1.2","TCP","1514","8004  >  36326 [ACK] Seq=144990 Ack=141 Win=65024 Len=1448 TSval=2916038437 TSecr=3045558210 [TCP segment of a reassembled PDU]"
"42032","34.356909557","192.168.1.55","192.168.1.2","TCP","1514","8004  >  36326 [ACK] Seq=146438 Ack=141 Win=65024 Len=1448 TSval=2916038437 TSecr=3045558210 [TCP segment of a reassembled PDU]"
"42033","34.356911557","192.168.1.55","192.168.1.2","TCP","794","[TCP Window Full] 8004  >  36326 [PSH, ACK] Seq=147886 Ack=141 Win=65024 Len=728 TSval=2916038437 TSecr=3045558210 [TCP segment of a reassembled PDU]"
"42034","34.361073471","192.168.1.2","192.168.1.55","TCP","66","36326  >  8004 [ACK] Seq=141 Ack=84174 Win=71680 Len=0 TSval=3045558212 TSecr=2916038433"
"42035","34.361092471","192.168.1.55","192.168.1.2","TCP","1514","8004  >  36326 [ACK] Seq=148614 Ack=141 Win=65024 Len=1448 TSval=2916038441 TSecr=3045558212 [TCP segment of a reassembled PDU]"
"42036","34.361095452","192.168.1.55","192.168.1.2","TCP","1514","8004  >  36326 [PSH, ACK] Seq=150062 Ack=141 Win=65024 Len=1448 TSval=2916038441 TSecr=3045558212 [TCP segment of a reassembled PDU]"
"42037","34.361101082","192.168.1.55","192.168.1.2","TCP","786","8004  >  36326 [ACK] Seq=151510 Ack=141 Win=65024 Len=720 TSval=2916038441 TSecr=3045558212 [TCP segment of a reassembled PDU]"
"42038","34.361748305","192.168.1.2","192.168.1.55","TCP","66","36326  >  8004 [ACK] Seq=141 Ack=91414 Win=71680 Len=0 TSval=3045558212 TSecr=2916038433"
"42039","34.362294917","192.168.1.2","192.168.1.55","TCP","66","36326  >  8004 [ACK] Seq=141 Ack=94310 Win=74752 Len=0 TSval=3045558215 TSecr=2916038433"
"42040","34.362310639","192.168.1.55","192.168.1.2","TCP","1514","8004  >  36326 [ACK] Seq=152230 Ack=141 Win=65024 Len=1448 TSval=2916038443 TSecr=3045558215 [TCP segment of a reassembled PDU]"
"42041","34.362312750","192.168.1.55","192.168.1.2","TCP","1514","8004  >  36326 [ACK] Seq=153678 Ack=141 Win=65024 Len=1448 TSval=2916038443 TSecr=3045558215 [TCP segment of a reassembled PDU]"
"42042","34.362313954","192.168.1.55","192.168.1.2","TCP","1514","8004  >  36326 [ACK] Seq=155126 Ack=141 Win=65024 Len=1448 TSval=2916038443 TSecr=3045558215 [TCP segment of a reassembled PDU]"
"42043","34.362315065","192.168.1.55","192.168.1.2","TCP","1514","8004  >  36326 [ACK] Seq=156574 Ack=141 Win=65024 Len=1448 TSval=2916038443 TSecr=3045558215 [TCP segment of a reassembled PDU]"
"42044","34.362316158","192.168.1.55","192.168.1.2","TCP","1514","8004  >  36326 [ACK] Seq=158022 Ack=141 Win=65024 Len=1448 TSval=2916038443 TSecr=3045558215 [TCP segment of a reassembled PDU]"
"42045","34.362317417","192.168.1.55","192.168.1.2","TCP","1514","8004  >  36326 [ACK] Seq=159470 Ack=141 Win=65024 Len=1448 TSval=2916038443 TSecr=3045558215 [TCP segment of a reassembled PDU]"
"42046","34.362318491","192.168.1.55","192.168.1.2","TCP","1514","8004  >  36326 [ACK] Seq=160918 Ack=141 Win=65024 Len=1448 TSval=2916038443 TSecr=3045558215 [TCP segment of a reassembled PDU]"
"42047","34.362319658","192.168.1.55","192.168.1.2","TCP","1514","8004  >  36326 [ACK] Seq=162366 Ack=141 Win=65024 Len=1448 TSval=2916038443 TSecr=3045558215 [TCP segment of a reassembled PDU]"
"42048","34.362320861","192.168.1.55","192.168.1.2","TCP","1514","8004  >  36326 [ACK] Seq=163814 Ack=141 Win=65024 Len=1448 TSval=2916038443 TSecr=3045558215 [TCP segment of a reassembled PDU]"
"42049","34.362322065","192.168.1.55","192.168.1.2","TCP","1514","8004  >  36326 [ACK] Seq=165262 Ack=141 Win=65024 Len=1448 TSval=2916038443 TSecr=3045558215 [TCP segment of a reassembled PDU]"
"42050","34.362323287","192.168.1.55","192.168.1.2","TCP","1514","8004  >  36326 [PSH, ACK] Seq=166710 Ack=141 Win=65024 Len=1448 TSval=2916038443 TSecr=3045558215 [TCP segment of a reassembled PDU]"
"42051","34.362848140","192.168.1.2","192.168.1.55","TCP","66","36326  >  8004 [ACK] Seq=141 Ack=95758 Win=79872 Len=0 TSval=3045558216 TSecr=2916038437"
"42052","34.362853862","192.168.1.2","192.168.1.55","TCP","66","36326  >  8004 [ACK] Seq=141 Ack=105894 Win=79872 Len=0 TSval=3045558216 TSecr=2916038437"
"42053","34.362860270","192.168.1.2","192.168.1.55","TCP","66","36326  >  8004 [ACK] Seq=141 Ack=118926 Win=69632 Len=0 TSval=3045558216 TSecr=2916038437"
"42054","34.362908733","192.168.1.2","192.168.1.55","TCP","66","36326  >  8004 [ACK] Seq=141 Ack=136302 Win=74752 Len=0 TSval=3045558216 TSecr=2916038437"
"42055","34.362926603","192.168.1.55","192.168.1.2","TCP","1514","8004  >  36326 [ACK] Seq=168158 Ack=141 Win=65024 Len=1448 TSval=2916038443 TSecr=3045558216 [TCP segment of a reassembled PDU]"
"42056","34.362928603","192.168.1.55","192.168.1.2","TCP","1514","8004  >  36326 [ACK] Seq=169606 Ack=141 Win=65024 Len=1448 TSval=2916038443 TSecr=3045558216 [TCP segment of a reassembled PDU]"
"42057","34.362929714","192.168.1.55","192.168.1.2","TCP","1514","8004  >  36326 [ACK] Seq=171054 Ack=141 Win=65024 Len=1448 TSval=2916038443 TSecr=3045558216 [TCP segment of a reassembled PDU]"
"42058","34.362930807","192.168.1.55","192.168.1.2","TCP","1514","8004  >  36326 [ACK] Seq=172502 Ack=141 Win=65024 Len=1448 TSval=2916038443 TSecr=3045558216 [TCP segment of a reassembled PDU]"
"42059","34.362931992","192.168.1.55","192.168.1.2","TCP","1514","8004  >  36326 [ACK] Seq=173950 Ack=141 Win=65024 Len=1448 TSval=2916038443 TSecr=3045558216 [TCP segment of a reassembled PDU]"
"42060","34.362933085","192.168.1.55","192.168.1.2","TCP","1514","8004  >  36326 [ACK] Seq=175398 Ack=141 Win=65024 Len=1448 TSval=2916038443 TSecr=3045558216 [TCP segment of a reassembled PDU]"
"42061","34.362934362","192.168.1.55","192.168.1.2","TCP","1514","8004  >  36326 [ACK] Seq=176846 Ack=141 Win=65024 Len=1448 TSval=2916038443 TSecr=3045558216 [TCP segment of a reassembled PDU]"
"42062","34.362935548","192.168.1.55","192.168.1.2","TCP","1514","8004  >  36326 [ACK] Seq=178294 Ack=141 Win=65024 Len=1448 TSval=2916038443 TSecr=3045558216 [TCP segment of a reassembled PDU]"
"42063","34.362936677","192.168.1.55","192.168.1.2","TCP","1514","8004  >  36326 [ACK] Seq=179742 Ack=141 Win=65024 Len=1448 TSval=2916038443 TSecr=3045558216 [TCP segment of a reassembled PDU]"
"42064","34.362938011","192.168.1.55","192.168.1.2","TCP","1514","8004  >  36326 [ACK] Seq=181190 Ack=141 Win=65024 Len=1448 TSval=2916038443 TSecr=3045558216 [TCP segment of a reassembled PDU]"
"42065","34.362939196","192.168.1.55","192.168.1.2","TCP","1514","8004  >  36326 [ACK] Seq=182638 Ack=141 Win=65024 Len=1448 TSval=2916038443 TSecr=3045558216 [TCP segment of a reassembled PDU]"
"42066","34.362940622","192.168.1.55","192.168.1.2","TCP","1514","8004  >  36326 [ACK] Seq=184086 Ack=141 Win=65024 Len=1448 TSval=2916038443 TSecr=3045558216 [TCP segment of a reassembled PDU]"
"42067","34.362941714","192.168.1.55","192.168.1.2","TCP","1514","8004  >  36326 [ACK] Seq=185534 Ack=141 Win=65024 Len=1448 TSval=2916038443 TSecr=3045558216 [TCP segment of a reassembled PDU]"
"42068","34.362942825","192.168.1.55","192.168.1.2","TCP","1514","8004  >  36326 [ACK] Seq=186982 Ack=141 Win=65024 Len=1448 TSval=2916038443 TSecr=3045558216 [TCP segment of a reassembled PDU]"
"42069","34.362944011","192.168.1.55","192.168.1.2","TCP","1514","8004  >  36326 [PSH, ACK] Seq=188430 Ack=141 Win=65024 Len=1448 TSval=2916038443 TSecr=3045558216 [TCP segment of a reassembled PDU]"
"42070","34.362947899","192.168.1.2","192.168.1.55","TCP","66","36326  >  8004 [ACK] Seq=141 Ack=140646 Win=82944 Len=0 TSval=3045558216 TSecr=2916038437"
"42071","34.362977696","192.168.1.55","192.168.1.2","TCP","1514","8004  >  36326 [ACK] Seq=189878 Ack=141 Win=65024 Len=1448 TSval=2916038443 TSecr=3045558216 [TCP segment of a reassembled PDU]"
"42072","34.362979381","192.168.1.55","192.168.1.2","TCP","1514","8004  >  36326 [ACK] Seq=191326 Ack=141 Win=65024 Len=1448 TSval=2916038443 TSecr=3045558216 [TCP segment of a reassembled PDU]"
"42073","34.362980548","192.168.1.55","192.168.1.2","TCP","1514","8004  >  36326 [ACK] Seq=192774 Ack=141 Win=65024 Len=1448 TSval=2916038443 TSecr=3045558216 [TCP segment of a reassembled PDU]"
"42074","34.362981659","192.168.1.55","192.168.1.2","TCP","1514","8004  >  36326 [ACK] Seq=194222 Ack=141 Win=65024 Len=1448 TSval=2916038443 TSecr=3045558216 [TCP segment of a reassembled PDU]"
"42075","34.362982881","192.168.1.55","192.168.1.2","TCP","1514","8004  >  36326 [ACK] Seq=195670 Ack=141 Win=65024 Len=1448 TSval=2916038443 TSecr=3045558216 [TCP segment of a reassembled PDU]"
"42076","34.362984048","192.168.1.55","192.168.1.2","TCP","1514","8004  >  36326 [ACK] Seq=197118 Ack=141 Win=65024 Len=1448 TSval=2916038443 TSecr=3045558216 [TCP segment of a reassembled PDU]"
"42077","34.362985400","192.168.1.55","192.168.1.2","TCP","1514","8004  >  36326 [ACK] Seq=198566 Ack=141 Win=65024 Len=1448 TSval=2916038443 TSecr=3045558216 [TCP segment of a reassembled PDU]"
"42078","34.362986640","192.168.1.55","192.168.1.2","TCP","1514","8004  >  36326 [ACK] Seq=200014 Ack=141 Win=65024 Len=1448 TSval=2916038443 TSecr=3045558216 [TCP segment of a reassembled PDU]"
"42079","34.362987696","192.168.1.55","192.168.1.2","TCP","1514","8004  >  36326 [ACK] Seq=201462 Ack=141 Win=65024 Len=1448 TSval=2916038443 TSecr=3045558216 [TCP segment of a reassembled PDU]"
"42080","34.362988937","192.168.1.55","192.168.1.2","TCP","1514","8004  >  36326 [ACK] Seq=202910 Ack=141 Win=65024 Len=1448 TSval=2916038443 TSecr=3045558216 [TCP segment of a reassembled PDU]"
"42081","34.362990011","192.168.1.55","192.168.1.2","TCP","1514","8004  >  36326 [ACK] Seq=204358 Ack=141 Win=65024 Len=1448 TSval=2916038443 TSecr=3045558216 [TCP segment of a reassembled PDU]"
"42082","34.362991307","192.168.1.55","192.168.1.2","TCP","1514","8004  >  36326 [ACK] Seq=205806 Ack=141 Win=65024 Len=1448 TSval=2916038443 TSecr=3045558216 [TCP segment of a reassembled PDU]"
"42083","34.362992529","192.168.1.55","192.168.1.2","TCP","1514","8004  >  36326 [ACK] Seq=207254 Ack=141 Win=65024 Len=1448 TSval=2916038443 TSecr=3045558216 [TCP segment of a reassembled PDU]"
"42084","34.362993807","192.168.1.55","192.168.1.2","TCP","1514","8004  >  36326 [ACK] Seq=208702 Ack=141 Win=65024 Len=1448 TSval=2916038443 TSecr=3045558216 [TCP segment of a reassembled PDU]"
"42085","34.362994992","192.168.1.55","192.168.1.2","TCP","1514","8004  >  36326 [ACK] Seq=210150 Ack=141 Win=65024 Len=1448 TSval=2916038443 TSecr=3045558216 [TCP segment of a reassembled PDU]"
"42086","34.362996177","192.168.1.55","192.168.1.2","TCP","1514","8004  >  36326 [ACK] Seq=211598 Ack=141 Win=65024 Len=1448 TSval=2916038443 TSecr=3045558216 [TCP segment of a reassembled PDU]"
"42087","34.362997455","192.168.1.55","192.168.1.2","TCP","1514","8004  >  36326 [ACK] Seq=213046 Ack=141 Win=65024 Len=1448 TSval=2916038443 TSecr=3045558216 [TCP segment of a reassembled PDU]"
"42088","34.362998677","192.168.1.55","192.168.1.2","TCP","1514","8004  >  36326 [ACK] Seq=214494 Ack=141 Win=65024 Len=1448 TSval=2916038443 TSecr=3045558216 [TCP segment of a reassembled PDU]"
"42089","34.362999788","192.168.1.55","192.168.1.2","TCP","1514","8004  >  36326 [ACK] Seq=215942 Ack=141 Win=65024 Len=1448 TSval=2916038443 TSecr=3045558216 [TCP segment of a reassembled PDU]"
"42090","34.363000992","192.168.1.55","192.168.1.2","TCP","1514","8004  >  36326 [ACK] Seq=217390 Ack=141 Win=65024 Len=1448 TSval=2916038443 TSecr=3045558216 [TCP segment of a reassembled PDU]"
"42091","34.363002103","192.168.1.55","192.168.1.2","TCP","1514","8004  >  36326 [ACK] Seq=218838 Ack=141 Win=65024 Len=1448 TSval=2916038443 TSecr=3045558216 [TCP segment of a reassembled PDU]"
"42092","34.363003196","192.168.1.55","192.168.1.2","TCP","1514","8004  >  36326 [ACK] Seq=220286 Ack=141 Win=65024 Len=1448 TSval=2916038443 TSecr=3045558216 [TCP segment of a reassembled PDU]"
"42093","34.363004455","192.168.1.55","192.168.1.2","TCP","1514","8004  >  36326 [PSH, ACK] Seq=221734 Ack=141 Win=65024 Len=1448 TSval=2916038443 TSecr=3045558216 [TCP segment of a reassembled PDU]"
"42094","34.365540070","192.168.1.2","192.168.1.55","TCP","66","36326  >  8004 [ACK] Seq=141 Ack=148614 Win=82944 Len=0 TSval=3045558218 TSecr=2916038437"
"42095","34.365552126","192.168.1.55","192.168.1.2","TCP","1514","8004  >  36326 [ACK] Seq=223182 Ack=141 Win=65024 Len=1448 TSval=2916038446 TSecr=3045558218 [TCP segment of a reassembled PDU]"
"42096","34.365554552","192.168.1.55","192.168.1.2","TCP","1514","8004  >  36326 [ACK] Seq=224630 Ack=141 Win=65024 Len=1448 TSval=2916038446 TSecr=3045558218 [TCP segment of a reassembled PDU]"
"42097","34.365555830","192.168.1.55","192.168.1.2","TCP","1514","8004  >  36326 [PSH, ACK] Seq=226078 Ack=141 Win=65024 Len=1448 TSval=2916038446 TSecr=3045558218 [TCP segment of a reassembled PDU]"
"42098","34.365600052","192.168.1.2","192.168.1.55","TCP","66","36326  >  8004 [ACK] Seq=141 Ack=151510 Win=82944 Len=0 TSval=3045558219 TSecr=2916038441"
"42099","34.370942116","192.168.1.2","192.168.1.55","TCP","66","36326  >  8004 [ACK] Seq=141 Ack=152230 Win=84992 Len=0 TSval=3045558225 TSecr=2916038441"
"42100","34.370956894","192.168.1.55","192.168.1.2","TCP","1514","8004  >  36326 [ACK] Seq=227526 Ack=141 Win=65024 Len=1448 TSval=2916038451 TSecr=3045558225 [TCP segment of a reassembled PDU]"
"42101","34.370959375","192.168.1.55","192.168.1.2","TCP","1514","8004  >  36326 [ACK] Seq=228974 Ack=141 Win=65024 Len=1448 TSval=2916038451 TSecr=3045558225 [TCP segment of a reassembled PDU]"
"42102","34.370960653","192.168.1.55","192.168.1.2","TCP","1514","8004  >  36326 [ACK] Seq=230422 Ack=141 Win=65024 Len=1448 TSval=2916038451 TSecr=3045558225 [TCP segment of a reassembled PDU]"
"42103","34.370962042","192.168.1.55","192.168.1.2","TCP","1514","8004  >  36326 [ACK] Seq=231870 Ack=141 Win=65024 Len=1448 TSval=2916038451 TSecr=3045558225 [TCP segment of a reassembled PDU]"
"42104","34.370963394","192.168.1.55","192.168.1.2","TCP","1514","8004  >  36326 [ACK] Seq=233318 Ack=141 Win=65024 Len=1448 TSval=2916038451 TSecr=3045558225 [TCP segment of a reassembled PDU]"
"42105","34.370964709","192.168.1.55","192.168.1.2","TCP","1514","8004  >  36326 [ACK] Seq=234766 Ack=141 Win=65024 Len=1448 TSval=2916038451 TSecr=3045558225 [TCP segment of a reassembled PDU]"
"42106","34.370971505","192.168.1.55","192.168.1.2","TCP","1074","[TCP Window Full] 8004  >  36326 [PSH, ACK] Seq=236214 Ack=141 Win=65024 Len=1008 TSval=2916038451 TSecr=3045558225 [TCP segment of a reassembled PDU]"
"42107","34.371353857","192.168.1.2","192.168.1.55","TCP","66","36326  >  8004 [ACK] Seq=141 Ack=168158 Win=91136 Len=0 TSval=3045558225 TSecr=2916038443"
"42108","34.371365098","192.168.1.2","192.168.1.55","TCP","66","36326  >  8004 [ACK] Seq=141 Ack=189878 Win=86016 Len=0 TSval=3045558225 TSecr=2916038443"
"42109","34.371389135","192.168.1.55","192.168.1.2","TCP","1514","8004  >  36326 [ACK] Seq=237222 Ack=141 Win=65024 Len=1448 TSval=2916038452 TSecr=3045558225 [TCP segment of a reassembled PDU]"
"42110","34.371392043","192.168.1.55","192.168.1.2","TCP","1514","8004  >  36326 [ACK] Seq=238670 Ack=141 Win=65024 Len=1448 TSval=2916038452 TSecr=3045558225 [TCP segment of a reassembled PDU]"
"42111","34.371393339","192.168.1.55","192.168.1.2","TCP","1514","8004  >  36326 [ACK] Seq=240118 Ack=141 Win=65024 Len=1448 TSval=2916038452 TSecr=3045558225 [TCP segment of a reassembled PDU]"
"42112","34.371394728","192.168.1.55","192.168.1.2","TCP","1514","8004  >  36326 [ACK] Seq=241566 Ack=141 Win=65024 Len=1448 TSval=2916038452 TSecr=3045558225 [TCP segment of a reassembled PDU]"
"42113","34.371396413","192.168.1.55","192.168.1.2","TCP","1514","8004  >  36326 [ACK] Seq=243014 Ack=141 Win=65024 Len=1448 TSval=2916038452 TSecr=3045558225 [TCP segment of a reassembled PDU]"
"42114","34.371397728","192.168.1.55","192.168.1.2","TCP","1514","8004  >  36326 [ACK] Seq=244462 Ack=141 Win=65024 Len=1448 TSval=2916038452 TSecr=3045558225 [TCP segment of a reassembled PDU]"
"42115","34.371399135","192.168.1.55","192.168.1.2","TCP","1514","8004  >  36326 [ACK] Seq=245910 Ack=141 Win=65024 Len=1448 TSval=2916038452 TSecr=3045558225 [TCP segment of a reassembled PDU]"
"42116","34.371400524","192.168.1.55","192.168.1.2","TCP","1514","8004  >  36326 [ACK] Seq=247358 Ack=141 Win=65024 Len=1448 TSval=2916038452 TSecr=3045558225 [TCP segment of a reassembled PDU]"
"42117","34.371401802","192.168.1.55","192.168.1.2","TCP","1514","8004  >  36326 [ACK] Seq=248806 Ack=141 Win=65024 Len=1448 TSval=2916038452 TSecr=3045558225 [TCP segment of a reassembled PDU]"
"42118","34.371403228","192.168.1.55","192.168.1.2","TCP","1514","8004  >  36326 [ACK] Seq=250254 Ack=141 Win=65024 Len=1448 TSval=2916038452 TSecr=3045558225 [TCP segment of a reassembled PDU]"
"42119","34.371404524","192.168.1.55","192.168.1.2","TCP","1514","8004  >  36326 [ACK] Seq=251702 Ack=141 Win=65024 Len=1448 TSval=2916038452 TSecr=3045558225 [TCP segment of a reassembled PDU]"
"42120","34.371405931","192.168.1.55","192.168.1.2","TCP","1514","8004  >  36326 [ACK] Seq=253150 Ack=141 Win=65024 Len=1448 TSval=2916038452 TSecr=3045558225 [TCP segment of a reassembled PDU]"
"42121","34.371407357","192.168.1.55","192.168.1.2","TCP","1514","8004  >  36326 [ACK] Seq=254598 Ack=141 Win=65024 Len=1448 TSval=2916038452 TSecr=3045558225 [TCP segment of a reassembled PDU]"
"42122","34.371408802","192.168.1.55","192.168.1.2","TCP","1514","8004  >  36326 [ACK] Seq=256046 Ack=141 Win=65024 Len=1448 TSval=2916038452 TSecr=3045558225 [TCP segment of a reassembled PDU]"
"42123","34.371410154","192.168.1.55","192.168.1.2","TCP","1514","8004  >  36326 [ACK] Seq=257494 Ack=141 Win=65024 Len=1448 TSval=2916038452 TSecr=3045558225 [TCP segment of a reassembled PDU]"
"42124","34.371411691","192.168.1.55","192.168.1.2","TCP","1514","8004  >  36326 [ACK] Seq=258942 Ack=141 Win=65024 Len=1448 TSval=2916038452 TSecr=3045558225 [TCP segment of a reassembled PDU]"
"42125","34.371413135","192.168.1.55","192.168.1.2","TCP","1514","8004  >  36326 [ACK] Seq=260390 Ack=141 Win=65024 Len=1448 TSval=2916038452 TSecr=3045558225 [TCP segment of a reassembled PDU]"
"42126","34.371414802","192.168.1.55","192.168.1.2","TCP","1514","8004  >  36326 [ACK] Seq=261838 Ack=141 Win=65024 Len=1448 TSval=2916038452 TSecr=3045558225 [TCP segment of a reassembled PDU]"
"42127","34.371416228","192.168.1.55","192.168.1.2","TCP","1514","8004  >  36326 [PSH, ACK] Seq=263286 Ack=141 Win=65024 Len=1448 TSval=2916038452 TSecr=3045558225 [TCP segment of a reassembled PDU]"
"42128","34.371421765","192.168.1.55","192.168.1.2","TCP","506","8004  >  36326 [ACK] Seq=264734 Ack=141 Win=65024 Len=440 TSval=2916038452 TSecr=3045558225 [TCP segment of a reassembled PDU]"
"42129","34.371425561","192.168.1.2","192.168.1.55","TCP","66","36326  >  8004 [ACK] Seq=141 Ack=223182 Win=88064 Len=0 TSval=3045558225 TSecr=2916038443"
"42130","34.371462320","192.168.1.55","192.168.1.2","TCP","1514","8004  >  36326 [ACK] Seq=265174 Ack=141 Win=65024 Len=1448 TSval=2916038452 TSecr=3045558225 [TCP segment of a reassembled PDU]"
"42131","34.371464339","192.168.1.55","192.168.1.2","TCP","1514","8004  >  36326 [ACK] Seq=266622 Ack=141 Win=65024 Len=1448 TSval=2916038452 TSecr=3045558225 [TCP segment of a reassembled PDU]"
"42132","34.371465672","192.168.1.55","192.168.1.2","TCP","1514","8004  >  36326 [ACK] Seq=268070 Ack=141 Win=65024 Len=1448 TSval=2916038452 TSecr=3045558225 [TCP segment of a reassembled PDU]"
"42133","34.371467283","192.168.1.55","192.168.1.2","TCP","1514","8004  >  36326 [ACK] Seq=269518 Ack=141 Win=65024 Len=1448 TSval=2916038452 TSecr=3045558225 [TCP segment of a reassembled PDU]"
"42134","34.371468598","192.168.1.55","192.168.1.2","TCP","1514","8004  >  36326 [ACK] Seq=270966 Ack=141 Win=65024 Len=1448 TSval=2916038452 TSecr=3045558225 [TCP segment of a reassembled PDU]"
"42135","34.371470043","192.168.1.55","192.168.1.2","TCP","1514","8004  >  36326 [ACK] Seq=272414 Ack=141 Win=65024 Len=1448 TSval=2916038452 TSecr=3045558225 [TCP segment of a reassembled PDU]"
"42136","34.371471598","192.168.1.55","192.168.1.2","TCP","1514","8004  >  36326 [ACK] Seq=273862 Ack=141 Win=65024 Len=1448 TSval=2916038452 TSecr=3045558225 [TCP segment of a reassembled PDU]"
"42137","34.371473117","192.168.1.55","192.168.1.2","TCP","1514","8004  >  36326 [ACK] Seq=275310 Ack=141 Win=65024 Len=1448 TSval=2916038452 TSecr=3045558225 [TCP segment of a reassembled PDU]"
"42138","34.371474450","192.168.1.55","192.168.1.2","TCP","1514","8004  >  36326 [ACK] Seq=276758 Ack=141 Win=65024 Len=1448 TSval=2916038452 TSecr=3045558225 [TCP segment of a reassembled PDU]"
"42139","34.371475987","192.168.1.55","192.168.1.2","TCP","1514","8004  >  36326 [ACK] Seq=278206 Ack=141 Win=65024 Len=1448 TSval=2916038452 TSecr=3045558225 [TCP segment of a reassembled PDU]"
"42140","34.371477469","192.168.1.55","192.168.1.2","TCP","1514","8004  >  36326 [ACK] Seq=279654 Ack=141 Win=65024 Len=1448 TSval=2916038452 TSecr=3045558225 [TCP segment of a reassembled PDU]"
"42141","34.371478820","192.168.1.55","192.168.1.2","TCP","1514","8004  >  36326 [ACK] Seq=281102 Ack=141 Win=65024 Len=1448 TSval=2916038452 TSecr=3045558225 [TCP segment of a reassembled PDU]"
"42142","34.371480395","192.168.1.55","192.168.1.2","TCP","1514","8004  >  36326 [ACK] Seq=282550 Ack=141 Win=65024 Len=1448 TSval=2916038452 TSecr=3045558225 [TCP segment of a reassembled PDU]"
"42143","34.371481672","192.168.1.55","192.168.1.2","TCP","1514","8004  >  36326 [ACK] Seq=283998 Ack=141 Win=65024 Len=1448 TSval=2916038452 TSecr=3045558225 [TCP segment of a reassembled PDU]"
"42144","34.371483246","192.168.1.55","192.168.1.2","TCP","1514","8004  >  36326 [ACK] Seq=285446 Ack=141 Win=65024 Len=1448 TSval=2916038452 TSecr=3045558225 [TCP segment of a reassembled PDU]"
"42145","34.371484783","192.168.1.55","192.168.1.2","TCP","1514","8004  >  36326 [ACK] Seq=286894 Ack=141 Win=65024 Len=1448 TSval=2916038452 TSecr=3045558225 [TCP segment of a reassembled PDU]"
"42146","34.371486172","192.168.1.55","192.168.1.2","TCP","1514","8004  >  36326 [ACK] Seq=288342 Ack=141 Win=65024 Len=1448 TSval=2916038452 TSecr=3045558225 [TCP segment of a reassembled PDU]"
"42147","34.371487635","192.168.1.55","192.168.1.2","TCP","1514","8004  >  36326 [ACK] Seq=289790 Ack=141 Win=65024 Len=1448 TSval=2916038452 TSecr=3045558225 [TCP segment of a reassembled PDU]"
"42148","34.371489024","192.168.1.55","192.168.1.2","TCP","1514","8004  >  36326 [ACK] Seq=291238 Ack=141 Win=65024 Len=1448 TSval=2916038452 TSecr=3045558225 [TCP segment of a reassembled PDU]"
"42149","34.371490339","192.168.1.55","192.168.1.2","TCP","1514","8004  >  36326 [ACK] Seq=292686 Ack=141 Win=65024 Len=1448 TSval=2916038452 TSecr=3045558225 [TCP segment of a reassembled PDU]"
"42150","34.371491876","192.168.1.55","192.168.1.2","TCP","1514","8004  >  36326 [ACK] Seq=294134 Ack=141 Win=65024 Len=1448 TSval=2916038452 TSecr=3045558225 [TCP segment of a reassembled PDU]"
"42151","34.371493376","192.168.1.55","192.168.1.2","TCP","1514","8004  >  36326 [ACK] Seq=295582 Ack=141 Win=65024 Len=1448 TSval=2916038452 TSecr=3045558225 [TCP segment of a reassembled PDU]"
"42152","34.371494765","192.168.1.55","192.168.1.2","TCP","1514","8004  >  36326 [ACK] Seq=297030 Ack=141 Win=65024 Len=1448 TSval=2916038452 TSecr=3045558225 [TCP segment of a reassembled PDU]"
"42153","34.371496265","192.168.1.55","192.168.1.2","TCP","1514","8004  >  36326 [ACK] Seq=298478 Ack=141 Win=65024 Len=1448 TSval=2916038452 TSecr=3045558225 [TCP segment of a reassembled PDU]"
"42154","34.371497598","192.168.1.55","192.168.1.2","TCP","1514","8004  >  36326 [ACK] Seq=299926 Ack=141 Win=65024 Len=1448 TSval=2916038452 TSecr=3045558225 [TCP segment of a reassembled PDU]"
"42155","34.371499154","192.168.1.55","192.168.1.2","TCP","1514","8004  >  36326 [PSH, ACK] Seq=301374 Ack=141 Win=65024 Len=1448 TSval=2916038452 TSecr=3045558225 [TCP segment of a reassembled PDU]"
"42156","34.371557987","192.168.1.2","192.168.1.55","TCP","66","36326  >  8004 [ACK] Seq=141 Ack=224630 Win=93184 Len=0 TSval=3045558225 TSecr=2916038446"
"42157","34.371567135","192.168.1.2","192.168.1.55","TCP","66","36326  >  8004 [ACK] Seq=141 Ack=227526 Win=99328 Len=0 TSval=3045558225 TSecr=2916038446"
"42158","34.371600080","192.168.1.55","192.168.1.2","TCP","1514","8004  >  36326 [ACK] Seq=302822 Ack=141 Win=65024 Len=1448 TSval=2916038452 TSecr=3045558225 [TCP segment of a reassembled PDU]"
"42159","34.371602228","192.168.1.55","192.168.1.2","TCP","1514","8004  >  36326 [ACK] Seq=304270 Ack=141 Win=65024 Len=1448 TSval=2916038452 TSecr=3045558225 [TCP segment of a reassembled PDU]"
"42160","34.371603580","192.168.1.55","192.168.1.2","TCP","1514","8004  >  36326 [ACK] Seq=305718 Ack=141 Win=65024 Len=1448 TSval=2916038452 TSecr=3045558225 [TCP segment of a reassembled PDU]"
"42161","34.371605006","192.168.1.55","192.168.1.2","TCP","1514","8004  >  36326 [ACK] Seq=307166 Ack=141 Win=65024 Len=1448 TSval=2916038452 TSecr=3045558225 [TCP segment of a reassembled PDU]"
"42162","34.371606506","192.168.1.55","192.168.1.2","TCP","1514","8004  >  36326 [ACK] Seq=308614 Ack=141 Win=65024 Len=1448 TSval=2916038452 TSecr=3045558225 [TCP segment of a reassembled PDU]"
"42163","34.371607895","192.168.1.55","192.168.1.2","TCP","1514","8004  >  36326 [ACK] Seq=310062 Ack=141 Win=65024 Len=1448 TSval=2916038452 TSecr=3045558225 [TCP segment of a reassembled PDU]"
"42164","34.371609376","192.168.1.55","192.168.1.2","TCP","1514","8004  >  36326 [ACK] Seq=311510 Ack=141 Win=65024 Len=1448 TSval=2916038452 TSecr=3045558225 [TCP segment of a reassembled PDU]"
"42165","34.371610728","192.168.1.55","192.168.1.2","TCP","1514","8004  >  36326 [ACK] Seq=312958 Ack=141 Win=65024 Len=1448 TSval=2916038452 TSecr=3045558225 [TCP segment of a reassembled PDU]"
"42166","34.371612228","192.168.1.55","192.168.1.2","TCP","1514","8004  >  36326 [ACK] Seq=314406 Ack=141 Win=65024 Len=1448 TSval=2916038452 TSecr=3045558225 [TCP segment of a reassembled PDU]"
"42167","34.371613598","192.168.1.55","192.168.1.2","TCP","1514","8004  >  36326 [ACK] Seq=315854 Ack=141 Win=65024 Len=1448 TSval=2916038452 TSecr=3045558225 [TCP segment of a reassembled PDU]"
"42168","34.371614932","192.168.1.55","192.168.1.2","TCP","1514","8004  >  36326 [ACK] Seq=317302 Ack=141 Win=65024 Len=1448 TSval=2916038452 TSecr=3045558225 [TCP segment of a reassembled PDU]"
"42169","34.371616265","192.168.1.55","192.168.1.2","TCP","1514","8004  >  36326 [ACK] Seq=318750 Ack=141 Win=65024 Len=1448 TSval=2916038452 TSecr=3045558225 [TCP segment of a reassembled PDU]"
"42170","34.371617673","192.168.1.55","192.168.1.2","TCP","1514","8004  >  36326 [ACK] Seq=320198 Ack=141 Win=65024 Len=1448 TSval=2916038452 TSecr=3045558225 [TCP segment of a reassembled PDU]"
"42171","34.371619024","192.168.1.55","192.168.1.2","TCP","1514","8004  >  36326 [ACK] Seq=321646 Ack=141 Win=65024 Len=1448 TSval=2916038452 TSecr=3045558225 [TCP segment of a reassembled PDU]"
"42172","34.371620506","192.168.1.55","192.168.1.2","TCP","1514","8004  >  36326 [ACK] Seq=323094 Ack=141 Win=65024 Len=1448 TSval=2916038452 TSecr=3045558225 [TCP segment of a reassembled PDU]"
"42173","34.371622191","192.168.1.55","192.168.1.2","TCP","1514","8004  >  36326 [PSH, ACK] Seq=324542 Ack=141 Win=65024 Len=1448 TSval=2916038452 TSecr=3045558225 [TCP segment of a reassembled PDU]"
"42174","34.372824823","192.168.1.2","192.168.1.55","TCP","66","36326  >  8004 [ACK] Seq=141 Ack=228974 Win=102400 Len=0 TSval=3045558228 TSecr=2916038451"
"42175","34.372839600","192.168.1.55","192.168.1.2","TCP","1514","8004  >  36326 [ACK] Seq=325990 Ack=141 Win=65024 Len=1448 TSval=2916038453 TSecr=3045558228 [TCP segment of a reassembled PDU]"
"42176","34.372841860","192.168.1.55","192.168.1.2","TCP","1514","8004  >  36326 [ACK] Seq=327438 Ack=141 Win=65024 Len=1448 TSval=2916038453 TSecr=3045558228 [TCP segment of a reassembled PDU]"
"42177","34.372843156","192.168.1.55","192.168.1.2","TCP","1514","8004  >  36326 [PSH, ACK] Seq=328886 Ack=141 Win=65024 Len=1448 TSval=2916038453 TSecr=3045558228 [TCP segment of a reassembled PDU]"
"42178","34.372872378","192.168.1.2","192.168.1.55","TCP","66","36326  >  8004 [ACK] Seq=141 Ack=231870 Win=107520 Len=0 TSval=3045558228 TSecr=2916038451"
"42179","34.372883730","192.168.1.55","192.168.1.2","TCP","1514","8004  >  36326 [ACK] Seq=330334 Ack=141 Win=65024 Len=1448 TSval=2916038453 TSecr=3045558228 [TCP segment of a reassembled PDU]"
"42180","34.372885360","192.168.1.55","192.168.1.2","TCP","1514","8004  >  36326 [ACK] Seq=331782 Ack=141 Win=65024 Len=1448 TSval=2916038453 TSecr=3045558228 [TCP segment of a reassembled PDU]"
"42181","34.372886638","192.168.1.55","192.168.1.2","TCP","1514","8004  >  36326 [ACK] Seq=333230 Ack=141 Win=65024 Len=1448 TSval=2916038453 TSecr=3045558228 [TCP segment of a reassembled PDU]"
"42182","34.372888286","192.168.1.55","192.168.1.2","TCP","1514","8004  >  36326 [ACK] Seq=334678 Ack=141 Win=65024 Len=1448 TSval=2916038453 TSecr=3045558228 [TCP segment of a reassembled PDU]"
"42183","34.372889563","192.168.1.55","192.168.1.2","TCP","1514","8004  >  36326 [ACK] Seq=336126 Ack=141 Win=65024 Len=1448 TSval=2916038453 TSecr=3045558228 [TCP segment of a reassembled PDU]"
"42184","34.372890934","192.168.1.55","192.168.1.2","TCP","1514","8004  >  36326 [PSH, ACK] Seq=337574 Ack=141 Win=65024 Len=1448 TSval=2916038453 TSecr=3045558228 [TCP segment of a reassembled PDU]"
"42185","34.378524924","192.168.1.2","192.168.1.55","TCP","66","36326  >  8004 [ACK] Seq=141 Ack=237222 Win=118784 Len=0 TSval=3045558233 TSecr=2916038451"
"42186","34.378534665","192.168.1.55","192.168.1.2","TCP","1514","8004  >  36326 [ACK] Seq=339022 Ack=141 Win=65024 Len=1448 TSval=2916038459 TSecr=3045558233 [TCP segment of a reassembled PDU]"
"42187","34.378706962","192.168.1.2","192.168.1.55","TCP","66","36326  >  8004 [ACK] Seq=141 Ack=264734 Win=125952 Len=0 TSval=3045558233 TSecr=2916038452"
"42188","34.378737739","192.168.1.55","192.168.1.2","TCP","1514","8004  >  36326 [ACK] Seq=340470 Ack=141 Win=65024 Len=1448 TSval=2916038459 TSecr=3045558233 [TCP segment of a reassembled PDU]"
"42189","34.378739832","192.168.1.55","192.168.1.2","TCP","1514","8004  >  36326 [ACK] Seq=341918 Ack=141 Win=65024 Len=1448 TSval=2916038459 TSecr=3045558233 [TCP segment of a reassembled PDU]"
"42190","34.378741258","192.168.1.55","192.168.1.2","TCP","1514","8004  >  36326 [ACK] Seq=343366 Ack=141 Win=65024 Len=1448 TSval=2916038459 TSecr=3045558233 [TCP segment of a reassembled PDU]"
"42191","34.378742739","192.168.1.55","192.168.1.2","TCP","1514","8004  >  36326 [ACK] Seq=344814 Ack=141 Win=65024 Len=1448 TSval=2916038459 TSecr=3045558233 [TCP segment of a reassembled PDU]"
"42192","34.378743999","192.168.1.55","192.168.1.2","TCP","1514","8004  >  36326 [ACK] Seq=346262 Ack=141 Win=65024 Len=1448 TSval=2916038459 TSecr=3045558233 [TCP segment of a reassembled PDU]"
"42193","34.378745258","192.168.1.55","192.168.1.2","TCP","1514","8004  >  36326 [ACK] Seq=347710 Ack=141 Win=65024 Len=1448 TSval=2916038459 TSecr=3045558233 [TCP segment of a reassembled PDU]"
"42194","34.378746702","192.168.1.55","192.168.1.2","TCP","1514","8004  >  36326 [ACK] Seq=349158 Ack=141 Win=65024 Len=1448 TSval=2916038459 TSecr=3045558233 [TCP segment of a reassembled PDU]"
"42195","34.378748184","192.168.1.55","192.168.1.2","TCP","1514","8004  >  36326 [ACK] Seq=350606 Ack=141 Win=65024 Len=1448 TSval=2916038459 TSecr=3045558233 [TCP segment of a reassembled PDU]"
"42196","34.378749777","192.168.1.55","192.168.1.2","TCP","1514","8004  >  36326 [ACK] Seq=352054 Ack=141 Win=65024 Len=1448 TSval=2916038459 TSecr=3045558233 [TCP segment of a reassembled PDU]"
"42197","34.378751240","192.168.1.55","192.168.1.2","TCP","1514","8004  >  36326 [ACK] Seq=353502 Ack=141 Win=65024 Len=1448 TSval=2916038459 TSecr=3045558233 [TCP segment of a reassembled PDU]"
"42198","34.378752665","192.168.1.55","192.168.1.2","TCP","1514","8004  >  36326 [ACK] Seq=354950 Ack=141 Win=65024 Len=1448 TSval=2916038459 TSecr=3045558233 [TCP segment of a reassembled PDU]"
"42199","34.378754388","192.168.1.55","192.168.1.2","TCP","1514","8004  >  36326 [ACK] Seq=356398 Ack=141 Win=65024 Len=1448 TSval=2916038459 TSecr=3045558233 [TCP segment of a reassembled PDU]"
"42200","34.378755869","192.168.1.55","192.168.1.2","TCP","1514","8004  >  36326 [ACK] Seq=357846 Ack=141 Win=65024 Len=1448 TSval=2916038459 TSecr=3045558233 [TCP segment of a reassembled PDU]"
"42201","34.378757351","192.168.1.55","192.168.1.2","TCP","1514","8004  >  36326 [ACK] Seq=359294 Ack=141 Win=65024 Len=1448 TSval=2916038459 TSecr=3045558233 [TCP segment of a reassembled PDU]"
"42202","34.378758721","192.168.1.55","192.168.1.2","TCP","1514","8004  >  36326 [ACK] Seq=360742 Ack=141 Win=65024 Len=1448 TSval=2916038459 TSecr=3045558233 [TCP segment of a reassembled PDU]"
"42203","34.378760110","192.168.1.55","192.168.1.2","TCP","1514","8004  >  36326 [ACK] Seq=362190 Ack=141 Win=65024 Len=1448 TSval=2916038459 TSecr=3045558233 [TCP segment of a reassembled PDU]"
"42204","34.378761554","192.168.1.55","192.168.1.2","TCP","1514","8004  >  36326 [ACK] Seq=363638 Ack=141 Win=65024 Len=1448 TSval=2916038459 TSecr=3045558233 [TCP segment of a reassembled PDU]"
"42205","34.378763110","192.168.1.55","192.168.1.2","TCP","1514","8004  >  36326 [ACK] Seq=365086 Ack=141 Win=65024 Len=1448 TSval=2916038459 TSecr=3045558233 [TCP segment of a reassembled PDU]"
"42206","34.378764443","192.168.1.55","192.168.1.2","TCP","1514","8004  >  36326 [ACK] Seq=366534 Ack=141 Win=65024 Len=1448 TSval=2916038459 TSecr=3045558233 [TCP segment of a reassembled PDU]"
"42207","34.378765925","192.168.1.55","192.168.1.2","TCP","1514","8004  >  36326 [ACK] Seq=367982 Ack=141 Win=65024 Len=1448 TSval=2916038459 TSecr=3045558233 [TCP segment of a reassembled PDU]"
"42208","34.378767202","192.168.1.55","192.168.1.2","TCP","1514","8004  >  36326 [ACK] Seq=369430 Ack=141 Win=65024 Len=1448 TSval=2916038459 TSecr=3045558233 [TCP segment of a reassembled PDU]"
"42209","34.378768610","192.168.1.55","192.168.1.2","TCP","1514","8004  >  36326 [ACK] Seq=370878 Ack=141 Win=65024 Len=1448 TSval=2916038459 TSecr=3045558233 [TCP segment of a reassembled PDU]"
"42210","34.378770147","192.168.1.55","192.168.1.2","TCP","1514","8004  >  36326 [ACK] Seq=372326 Ack=141 Win=65024 Len=1448 TSval=2916038459 TSecr=3045558233 [TCP segment of a reassembled PDU]"
"42211","34.378771517","192.168.1.55","192.168.1.2","TCP","1514","8004  >  36326 [ACK] Seq=373774 Ack=141 Win=65024 Len=1448 TSval=2916038459 TSecr=3045558233 [TCP segment of a reassembled PDU]"
"42212","34.378772888","192.168.1.55","192.168.1.2","TCP","1514","8004  >  36326 [ACK] Seq=375222 Ack=141 Win=65024 Len=1448 TSval=2916038459 TSecr=3045558233 [TCP segment of a reassembled PDU]"
"42213","34.378774203","192.168.1.55","192.168.1.2","TCP","1514","8004  >  36326 [PSH, ACK] Seq=376670 Ack=141 Win=65024 Len=1448 TSval=2916038459 TSecr=3045558233 [TCP segment of a reassembled PDU]"
"42214","34.378779314","192.168.1.2","192.168.1.55","TCP","66","36326  >  8004 [ACK] Seq=141 Ack=265174 Win=128000 Len=0 TSval=3045558233 TSecr=2916038452"
"42215","34.378785406","192.168.1.2","192.168.1.55","TCP","66","36326  >  8004 [ACK] Seq=141 Ack=302822 Win=100352 Len=0 TSval=3045558233 TSecr=2916038452"
"42216","34.378843443","192.168.1.2","192.168.1.55","TCP","66","36326  >  8004 [ACK] Seq=141 Ack=325990 Win=105472 Len=0 TSval=3045558234 TSecr=2916038452"
"42217","34.378875943","192.168.1.55","192.168.1.2","TCP","1514","8004  >  36326 [ACK] Seq=378118 Ack=141 Win=65024 Len=1448 TSval=2916038459 TSecr=3045558234 [TCP segment of a reassembled PDU]"
"42218","34.378877629","192.168.1.55","192.168.1.2","TCP","1514","8004  >  36326 [ACK] Seq=379566 Ack=141 Win=65024 Len=1448 TSval=2916038459 TSecr=3045558234 [TCP segment of a reassembled PDU]"
"42219","34.378878962","192.168.1.55","192.168.1.2","TCP","1514","8004  >  36326 [ACK] Seq=381014 Ack=141 Win=65024 Len=1448 TSval=2916038459 TSecr=3045558234 [TCP segment of a reassembled PDU]"
"42220","34.378880277","192.168.1.55","192.168.1.2","TCP","1514","8004  >  36326 [ACK] Seq=382462 Ack=141 Win=65024 Len=1448 TSval=2916038459 TSecr=3045558234 [TCP segment of a reassembled PDU]"
"42221","34.378881684","192.168.1.55","192.168.1.2","TCP","1514","8004  >  36326 [ACK] Seq=383910 Ack=141 Win=65024 Len=1448 TSval=2916038459 TSecr=3045558234 [TCP segment of a reassembled PDU]"
"42222","34.378883203","192.168.1.55","192.168.1.2","TCP","1514","8004  >  36326 [ACK] Seq=385358 Ack=141 Win=65024 Len=1448 TSval=2916038459 TSecr=3045558234 [TCP segment of a reassembled PDU]"
"42223","34.378884777","192.168.1.55","192.168.1.2","TCP","1514","8004  >  36326 [ACK] Seq=386806 Ack=141 Win=65024 Len=1448 TSval=2916038459 TSecr=3045558234 [TCP segment of a reassembled PDU]"
"42224","34.378886240","192.168.1.55","192.168.1.2","TCP","1514","8004  >  36326 [ACK] Seq=388254 Ack=141 Win=65024 Len=1448 TSval=2916038459 TSecr=3045558234 [TCP segment of a reassembled PDU]"
"42225","34.378887906","192.168.1.55","192.168.1.2","TCP","1514","8004  >  36326 [ACK] Seq=389702 Ack=141 Win=65024 Len=1448 TSval=2916038459 TSecr=3045558234 [TCP segment of a reassembled PDU]"
"42226","34.378889369","192.168.1.55","192.168.1.2","TCP","1514","8004  >  36326 [ACK] Seq=391150 Ack=141 Win=65024 Len=1448 TSval=2916038459 TSecr=3045558234 [TCP segment of a reassembled PDU]"
"42227","34.378890703","192.168.1.55","192.168.1.2","TCP","1514","8004  >  36326 [ACK] Seq=392598 Ack=141 Win=65024 Len=1448 TSval=2916038459 TSecr=3045558234 [TCP segment of a reassembled PDU]"
"42228","34.378892184","192.168.1.55","192.168.1.2","TCP","1514","8004  >  36326 [ACK] Seq=394046 Ack=141 Win=65024 Len=1448 TSval=2916038459 TSecr=3045558234 [TCP segment of a reassembled PDU]"
"42229","34.378893610","192.168.1.55","192.168.1.2","TCP","1514","8004  >  36326 [ACK] Seq=395494 Ack=141 Win=65024 Len=1448 TSval=2916038459 TSecr=3045558234 [TCP segment of a reassembled PDU]"
"42230","34.378895221","192.168.1.55","192.168.1.2","TCP","1514","8004  >  36326 [ACK] Seq=396942 Ack=141 Win=65024 Len=1448 TSval=2916038459 TSecr=3045558234 [TCP segment of a reassembled PDU]"
"42231","34.378896610","192.168.1.55","192.168.1.2","TCP","1514","8004  >  36326 [ACK] Seq=398390 Ack=141 Win=65024 Len=1448 TSval=2916038459 TSecr=3045558234 [TCP segment of a reassembled PDU]"
"42232","34.378898055","192.168.1.55","192.168.1.2","TCP","1514","8004  >  36326 [ACK] Seq=399838 Ack=141 Win=65024 Len=1448 TSval=2916038459 TSecr=3045558234 [TCP segment of a reassembled PDU]"
"42233","34.378899499","192.168.1.55","192.168.1.2","TCP","1514","8004  >  36326 [ACK] Seq=401286 Ack=141 Win=65024 Len=1448 TSval=2916038459 TSecr=3045558234 [TCP segment of a reassembled PDU]"
"42234","34.378900962","192.168.1.55","192.168.1.2","TCP","1514","8004  >  36326 [ACK] Seq=402734 Ack=141 Win=65024 Len=1448 TSval=2916038459 TSecr=3045558234 [TCP segment of a reassembled PDU]"
"42235","34.378902332","192.168.1.55","192.168.1.2","TCP","1514","8004  >  36326 [ACK] Seq=404182 Ack=141 Win=65024 Len=1448 TSval=2916038459 TSecr=3045558234 [TCP segment of a reassembled PDU]"
"42236","34.378903814","192.168.1.55","192.168.1.2","TCP","1514","8004  >  36326 [ACK] Seq=405630 Ack=141 Win=65024 Len=1448 TSval=2916038459 TSecr=3045558234 [TCP segment of a reassembled PDU]"
"42237","34.378905129","192.168.1.55","192.168.1.2","TCP","1514","8004  >  36326 [ACK] Seq=407078 Ack=141 Win=65024 Len=1448 TSval=2916038459 TSecr=3045558234 [TCP segment of a reassembled PDU]"
"42238","34.378906425","192.168.1.55","192.168.1.2","TCP","1514","8004  >  36326 [ACK] Seq=408526 Ack=141 Win=65024 Len=1448 TSval=2916038459 TSecr=3045558234 [TCP segment of a reassembled PDU]"
"42239","34.378907888","192.168.1.55","192.168.1.2","TCP","1514","8004  >  36326 [ACK] Seq=409974 Ack=141 Win=65024 Len=1448 TSval=2916038459 TSecr=3045558234 [TCP segment of a reassembled PDU]"
"42240","34.378909406","192.168.1.55","192.168.1.2","TCP","1514","8004  >  36326 [ACK] Seq=411422 Ack=141 Win=65024 Len=1448 TSval=2916038459 TSecr=3045558234 [TCP segment of a reassembled PDU]"
"42241","34.378911369","192.168.1.55","192.168.1.2","TCP","1514","8004  >  36326 [ACK] Seq=412870 Ack=141 Win=65024 Len=1448 TSval=2916038459 TSecr=3045558234 [TCP segment of a reassembled PDU]"
"42242","34.378912758","192.168.1.55","192.168.1.2","TCP","1514","8004  >  36326 [PSH, ACK] Seq=414318 Ack=141 Win=65024 Len=1448 TSval=2916038459 TSecr=3045558234 [TCP segment of a reassembled PDU]"
"42243","34.378918166","192.168.1.2","192.168.1.55","TCP","66","36326  >  8004 [ACK] Seq=141 Ack=328886 Win=103424 Len=0 TSval=3045558234 TSecr=2916038453"
"42244","34.378985481","192.168.1.2","192.168.1.55","TCP","66","36326  >  8004 [ACK] Seq=141 Ack=330334 Win=131072 Len=0 TSval=3045558234 TSecr=2916038453"
"42245","34.380185631","192.168.1.55","192.168.1.2","TCP","1514","8004  >  36326 [ACK] Seq=415766 Ack=141 Win=65024 Len=1448 TSval=2916038460 TSecr=3045558234 [TCP segment of a reassembled PDU]"
"42246","34.380187834","192.168.1.55","192.168.1.2","TCP","1514","8004  >  36326 [ACK] Seq=417214 Ack=141 Win=65024 Len=1448 TSval=2916038460 TSecr=3045558234 [TCP segment of a reassembled PDU]"
"42247","34.380189297","192.168.1.55","192.168.1.2","TCP","1514","8004  >  36326 [ACK] Seq=418662 Ack=141 Win=65024 Len=1448 TSval=2916038460 TSecr=3045558234 [TCP segment of a reassembled PDU]"
"42248","34.380190742","192.168.1.55","192.168.1.2","TCP","1514","8004  >  36326 [ACK] Seq=420110 Ack=141 Win=65024 Len=1448 TSval=2916038460 TSecr=3045558234 [TCP segment of a reassembled PDU]"
"42249","34.380192057","192.168.1.55","192.168.1.2","TCP","1514","8004  >  36326 [ACK] Seq=421558 Ack=141 Win=65024 Len=1448 TSval=2916038460 TSecr=3045558234 [TCP segment of a reassembled PDU]"
"42250","34.380193520","192.168.1.55","192.168.1.2","TCP","1514","8004  >  36326 [ACK] Seq=423006 Ack=141 Win=65024 Len=1448 TSval=2916038460 TSecr=3045558234 [TCP segment of a reassembled PDU]"
"42251","34.380194853","192.168.1.55","192.168.1.2","TCP","1514","8004  >  36326 [ACK] Seq=424454 Ack=141 Win=65024 Len=1448 TSval=2916038460 TSecr=3045558234 [TCP segment of a reassembled PDU]"
"42252","34.380196316","192.168.1.55","192.168.1.2","TCP","1514","8004  >  36326 [ACK] Seq=425902 Ack=141 Win=65024 Len=1448 TSval=2916038460 TSecr=3045558234 [TCP segment of a reassembled PDU]"
"42253","34.380197686","192.168.1.55","192.168.1.2","TCP","1514","8004  >  36326 [ACK] Seq=427350 Ack=141 Win=65024 Len=1448 TSval=2916038460 TSecr=3045558234 [TCP segment of a reassembled PDU]"
"42254","34.380199149","192.168.1.55","192.168.1.2","TCP","1514","8004  >  36326 [ACK] Seq=428798 Ack=141 Win=65024 Len=1448 TSval=2916038460 TSecr=3045558234 [TCP segment of a reassembled PDU]"
"42255","34.380200612","192.168.1.55","192.168.1.2","TCP","1514","8004  >  36326 [ACK] Seq=430246 Ack=141 Win=65024 Len=1448 TSval=2916038460 TSecr=3045558234 [TCP segment of a reassembled PDU]"
"42256","34.380202001","192.168.1.55","192.168.1.2","TCP","1514","8004  >  36326 [ACK] Seq=431694 Ack=141 Win=65024 Len=1448 TSval=2916038460 TSecr=3045558234 [TCP segment of a reassembled PDU]"
"42257","34.380203408","192.168.1.55","192.168.1.2","TCP","1514","8004  >  36326 [ACK] Seq=433142 Ack=141 Win=65024 Len=1448 TSval=2916038460 TSecr=3045558234 [TCP segment of a reassembled PDU]"
"42258","34.380204779","192.168.1.55","192.168.1.2","TCP","1514","8004  >  36326 [ACK] Seq=434590 Ack=141 Win=65024 Len=1448 TSval=2916038460 TSecr=3045558234 [TCP segment of a reassembled PDU]"
"42259","34.380206408","192.168.1.55","192.168.1.2","TCP","1514","8004  >  36326 [ACK] Seq=436038 Ack=141 Win=65024 Len=1448 TSval=2916038460 TSecr=3045558234 [TCP segment of a reassembled PDU]"
"42260","34.380207890","192.168.1.55","192.168.1.2","TCP","1514","8004  >  36326 [ACK] Seq=437486 Ack=141 Win=65024 Len=1448 TSval=2916038460 TSecr=3045558234 [TCP segment of a reassembled PDU]"
"42261","34.380209260","192.168.1.55","192.168.1.2","TCP","1514","8004  >  36326 [ACK] Seq=438934 Ack=141 Win=65024 Len=1448 TSval=2916038460 TSecr=3045558234 [TCP segment of a reassembled PDU]"
"42262","34.380210779","192.168.1.55","192.168.1.2","TCP","1514","8004  >  36326 [ACK] Seq=440382 Ack=141 Win=65024 Len=1448 TSval=2916038460 TSecr=3045558234 [TCP segment of a reassembled PDU]"
"42263","34.380212205","192.168.1.55","192.168.1.2","TCP","1514","8004  >  36326 [ACK] Seq=441830 Ack=141 Win=65024 Len=1448 TSval=2916038460 TSecr=3045558234 [TCP segment of a reassembled PDU]"
"42264","34.380213834","192.168.1.55","192.168.1.2","TCP","1514","8004  >  36326 [ACK] Seq=443278 Ack=141 Win=65024 Len=1448 TSval=2916038460 TSecr=3045558234 [TCP segment of a reassembled PDU]"
"42265","34.380215371","192.168.1.55","192.168.1.2","TCP","1514","8004  >  36326 [ACK] Seq=444726 Ack=141 Win=65024 Len=1448 TSval=2916038460 TSecr=3045558234 [TCP segment of a reassembled PDU]"
"42266","34.380216871","192.168.1.55","192.168.1.2","TCP","1514","8004  >  36326 [ACK] Seq=446174 Ack=141 Win=65024 Len=1448 TSval=2916038460 TSecr=3045558234 [TCP segment of a reassembled PDU]"
"42267","34.380213297","192.168.1.2","192.168.1.55","TCP","66","36326  >  8004 [ACK] Seq=141 Ack=339022 Win=144384 Len=0 TSval=3045558234 TSecr=2916038453"
"42268","34.380218316","192.168.1.55","192.168.1.2","TCP","1514","8004  >  36326 [ACK] Seq=447622 Ack=141 Win=65024 Len=1448 TSval=2916038460 TSecr=3045558234 [TCP segment of a reassembled PDU]"
"42269","34.380219890","192.168.1.55","192.168.1.2","TCP","1514","8004  >  36326 [ACK] Seq=449070 Ack=141 Win=65024 Len=1448 TSval=2916038460 TSecr=3045558234 [TCP segment of a reassembled PDU]"
"42270","34.380221446","192.168.1.55","192.168.1.2","TCP","1514","8004  >  36326 [ACK] Seq=450518 Ack=141 Win=65024 Len=1448 TSval=2916038460 TSecr=3045558234 [TCP segment of a reassembled PDU]"
"42271","34.380222946","192.168.1.55","192.168.1.2","TCP","1514","8004  >  36326 [PSH, ACK] Seq=451966 Ack=141 Win=65024 Len=1448 TSval=2916038460 TSecr=3045558234 [TCP segment of a reassembled PDU]"
"42272","34.381813689","192.168.1.55","192.168.1.2","TCP","1514","8004  >  36326 [ACK] Seq=453414 Ack=141 Win=65024 Len=1448 TSval=2916038462 TSecr=3045558234 [TCP segment of a reassembled PDU]"
"42273","34.381817356","192.168.1.55","192.168.1.2","TCP","1514","8004  >  36326 [ACK] Seq=454862 Ack=141 Win=65024 Len=1448 TSval=2916038462 TSecr=3045558234 [TCP segment of a reassembled PDU]"
"42274","34.381818800","192.168.1.55","192.168.1.2","TCP","1514","8004  >  36326 [ACK] Seq=456310 Ack=141 Win=65024 Len=1448 TSval=2916038462 TSecr=3045558234 [TCP segment of a reassembled PDU]"
"42275","34.381820226","192.168.1.55","192.168.1.2","TCP","1514","8004  >  36326 [ACK] Seq=457758 Ack=141 Win=65024 Len=1448 TSval=2916038462 TSecr=3045558234 [TCP segment of a reassembled PDU]"
"42276","34.381821633","192.168.1.55","192.168.1.2","TCP","1514","8004  >  36326 [ACK] Seq=459206 Ack=141 Win=65024 Len=1448 TSval=2916038462 TSecr=3045558234 [TCP segment of a reassembled PDU]"
"42277","34.381822985","192.168.1.55","192.168.1.2","TCP","1514","8004  >  36326 [ACK] Seq=460654 Ack=141 Win=65024 Len=1448 TSval=2916038462 TSecr=3045558234 [TCP segment of a reassembled PDU]"
"42278","34.381824281","192.168.1.55","192.168.1.2","TCP","1514","8004  >  36326 [ACK] Seq=462102 Ack=141 Win=65024 Len=1448 TSval=2916038462 TSecr=3045558234 [TCP segment of a reassembled PDU]"
"42279","34.381825559","192.168.1.55","192.168.1.2","TCP","1514","8004  >  36326 [ACK] Seq=463550 Ack=141 Win=65024 Len=1448 TSval=2916038462 TSecr=3045558234 [TCP segment of a reassembled PDU]"
"42280","34.381826837","192.168.1.55","192.168.1.2","TCP","1514","8004  >  36326 [ACK] Seq=464998 Ack=141 Win=65024 Len=1448 TSval=2916038462 TSecr=3045558234 [TCP segment of a reassembled PDU]"
"42281","34.381828244","192.168.1.55","192.168.1.2","TCP","1514","8004  >  36326 [ACK] Seq=466446 Ack=141 Win=65024 Len=1448 TSval=2916038462 TSecr=3045558234 [TCP segment of a reassembled PDU]"
"42282","34.381829744","192.168.1.55","192.168.1.2","TCP","1514","8004  >  36326 [ACK] Seq=467894 Ack=141 Win=65024 Len=1448 TSval=2916038462 TSecr=3045558234 [TCP segment of a reassembled PDU]"
"42283","34.381831059","192.168.1.55","192.168.1.2","TCP","1514","8004  >  36326 [ACK] Seq=469342 Ack=141 Win=65024 Len=1448 TSval=2916038462 TSecr=3045558234 [TCP segment of a reassembled PDU]"
"42284","34.381837189","192.168.1.55","192.168.1.2","TCP","1514","8004  >  36326 [ACK] Seq=470790 Ack=141 Win=65024 Len=1448 TSval=2916038462 TSecr=3045558234 [TCP segment of a reassembled PDU]"
"42285","34.381838819","192.168.1.55","192.168.1.2","TCP","1514","8004  >  36326 [ACK] Seq=472238 Ack=141 Win=65024 Len=1448 TSval=2916038462 TSecr=3045558234 [TCP segment of a reassembled PDU]"
"42286","34.381840207","192.168.1.55","192.168.1.2","TCP","1514","8004  >  36326 [ACK] Seq=473686 Ack=141 Win=65024 Len=1448 TSval=2916038462 TSecr=3045558234 [TCP segment of a reassembled PDU]"
"42287","34.381841578","192.168.1.55","192.168.1.2","TCP","1514","8004  >  36326 [ACK] Seq=475134 Ack=141 Win=65024 Len=1448 TSval=2916038462 TSecr=3045558234 [TCP segment of a reassembled PDU]"
"42288","34.381842874","192.168.1.55","192.168.1.2","TCP","1514","8004  >  36326 [ACK] Seq=476582 Ack=141 Win=65024 Len=1448 TSval=2916038462 TSecr=3045558234 [TCP segment of a reassembled PDU]"
"42289","34.381844541","192.168.1.55","192.168.1.2","TCP","1514","8004  >  36326 [ACK] Seq=478030 Ack=141 Win=65024 Len=1448 TSval=2916038462 TSecr=3045558234 [TCP segment of a reassembled PDU]"
"42290","34.381845819","192.168.1.55","192.168.1.2","TCP","1514","8004  >  36326 [ACK] Seq=479478 Ack=141 Win=65024 Len=1448 TSval=2916038462 TSecr=3045558234 [TCP segment of a reassembled PDU]"
"42291","34.381847596","192.168.1.55","192.168.1.2","TCP","1514","8004  >  36326 [ACK] Seq=480926 Ack=141 Win=65024 Len=1448 TSval=2916038462 TSecr=3045558234 [TCP segment of a reassembled PDU]"
"42292","34.381848948","192.168.1.55","192.168.1.2","TCP","1098","[TCP Window Full] 8004  >  36326 [PSH, ACK] Seq=482374 Ack=141 Win=65024 Len=1032 TSval=2916038462 TSecr=3045558234 [TCP segment of a reassembled PDU]"
"42293","34.387883773","192.168.1.2","192.168.1.55","TCP","66","36326  >  8004 [ACK] Seq=141 Ack=375222 Win=125952 Len=0 TSval=3045558242 TSecr=2916038459"
"42294","34.387922865","192.168.1.55","192.168.1.2","TCP","1514","8004  >  36326 [ACK] Seq=483406 Ack=141 Win=65024 Len=1448 TSval=2916038468 TSecr=3045558242 [TCP segment of a reassembled PDU]"
"42295","34.387927513","192.168.1.55","192.168.1.2","TCP","1514","8004  >  36326 [ACK] Seq=484854 Ack=141 Win=65024 Len=1448 TSval=2916038468 TSecr=3045558242 [TCP segment of a reassembled PDU]"
"42296","34.387928828","192.168.1.55","192.168.1.2","TCP","1514","8004  >  36326 [ACK] Seq=486302 Ack=141 Win=65024 Len=1448 TSval=2916038468 TSecr=3045558242 [TCP segment of a reassembled PDU]"
"42297","34.387930199","192.168.1.55","192.168.1.2","TCP","1514","8004  >  36326 [ACK] Seq=487750 Ack=141 Win=65024 Len=1448 TSval=2916038468 TSecr=3045558242 [TCP segment of a reassembled PDU]"
"42298","34.387931550","192.168.1.55","192.168.1.2","TCP","1514","8004  >  36326 [PSH, ACK] Seq=489198 Ack=141 Win=65024 Len=1448 TSval=2916038468 TSecr=3045558242 [TCP segment of a reassembled PDU]"
"42299","34.387939254","192.168.1.55","192.168.1.2","TCP","482","8004  >  36326 [ACK] Seq=490646 Ack=141 Win=65024 Len=416 TSval=2916038468 TSecr=3045558242 [TCP segment of a reassembled PDU]"
"42300","34.387951884","192.168.1.55","192.168.1.2","TCP","1514","8004  >  36326 [ACK] Seq=491062 Ack=141 Win=65024 Len=1448 TSval=2916038468 TSecr=3045558242 [TCP segment of a reassembled PDU]"
"42301","34.387953310","192.168.1.55","192.168.1.2","TCP","1514","8004  >  36326 [ACK] Seq=492510 Ack=141 Win=65024 Len=1448 TSval=2916038468 TSecr=3045558242 [TCP segment of a reassembled PDU]"
"42302","34.387954588","192.168.1.55","192.168.1.2","TCP","1514","8004  >  36326 [ACK] Seq=493958 Ack=141 Win=65024 Len=1448 TSval=2916038468 TSecr=3045558242 [TCP segment of a reassembled PDU]"
"42303","34.387956217","192.168.1.55","192.168.1.2","TCP","1514","8004  >  36326 [ACK] Seq=495406 Ack=141 Win=65024 Len=1448 TSval=2916038468 TSecr=3045558242 [TCP segment of a reassembled PDU]"
"42304","34.387957680","192.168.1.55","192.168.1.2","TCP","1514","8004  >  36326 [PSH, ACK] Seq=496854 Ack=141 Win=65024 Len=1448 TSval=2916038468 TSecr=3045558242 [TCP segment of a reassembled PDU]"
"42305","34.387961365","192.168.1.55","192.168.1.2","HTTP","1472","HTTP/1.0 200 OK  (PNG)"
"42306","34.388502570","192.168.1.2","192.168.1.55","TCP","66","36326  >  8004 [ACK] Seq=141 Ack=378118 Win=149504 Len=0 TSval=3045558242 TSecr=2916038459"
"42307","34.388513977","192.168.1.2","192.168.1.55","TCP","66","36326  >  8004 [ACK] Seq=141 Ack=409974 Win=131072 Len=0 TSval=3045558242 TSecr=2916038459"
"42308","34.388519977","192.168.1.2","192.168.1.55","TCP","66","36326  >  8004 [ACK] Seq=141 Ack=415766 Win=151552 Len=0 TSval=3045558243 TSecr=2916038459"
"42309","34.388524811","192.168.1.2","192.168.1.55","TCP","66","36326  >  8004 [ACK] Seq=141 Ack=480926 Win=102400 Len=0 TSval=3045558243 TSecr=2916038460"
"42310","34.389451553","192.168.1.2","192.168.1.55","TCP","66","36326  >  8004 [ACK] Seq=141 Ack=482374 Win=153600 Len=0 TSval=3045558244 TSecr=2916038462"
"42311","34.390818444","192.168.1.2","192.168.1.55","TCP","66","36326  >  8004 [ACK] Seq=141 Ack=483406 Win=153600 Len=0 TSval=3045558244 TSecr=2916038462"
"42312","34.391591612","192.168.1.2","192.168.1.55","TCP","66","36326  >  8004 [ACK] Seq=141 Ack=498302 Win=153600 Len=0 TSval=3045558247 TSecr=2916038468"
"42313","34.393074299","192.168.1.2","192.168.1.55","TCP","66","36326  >  8004 [FIN, ACK] Seq=141 Ack=499709 Win=156672 Len=0 TSval=3045558247 TSecr=2916038468"
"42314","34.393089207","192.168.1.55","192.168.1.2","TCP","66","8004  >  36326 [ACK] Seq=499709 Ack=142 Win=65024 Len=0 TSval=2916038473 TSecr=3045558247"
"42315","34.393132337","192.168.1.2","192.168.1.55","TCP","74","36330  >  8004 [SYN] Seq=0 Win=64240 Len=0 MSS=1460 SACK_PERM TSval=3045558248 TSecr=0 WS=1024"
"42316","34.393159577","192.168.1.55","192.168.1.2","TCP","74","8004  >  36330 [SYN, ACK] Seq=0 Ack=1 Win=65160 Len=0 MSS=1460 SACK_PERM TSval=2916038473 TSecr=3045558248 WS=128"
"42317","34.396507879","192.168.1.2","192.168.1.55","TCP","66","36330  >  8004 [ACK] Seq=1 Ack=1 Win=64512 Len=0 TSval=3045558251 TSecr=2916038473"
"42318","34.399715384","192.168.1.2","192.168.1.55","HTTP","209","GET /original_benchmark.png HTTP/1.1 "
"42319","34.399742717","192.168.1.55","192.168.1.2","TCP","66","8004  >  36330 [ACK] Seq=1 Ack=144 Win=65024 Len=0 TSval=2916038480 TSecr=3045558251"
"42320","34.400553237","192.168.1.55","192.168.1.2","TCP","255","8004  >  36330 [PSH, ACK] Seq=1 Ack=144 Win=65024 Len=189 TSval=2916038481 TSecr=3045558251 [TCP segment of a reassembled PDU]"
"42321","34.400727849","192.168.1.55","192.168.1.2","TCP","1514","8004  >  36330 [ACK] Seq=190 Ack=144 Win=65024 Len=1448 TSval=2916038481 TSecr=3045558251 [TCP segment of a reassembled PDU]"
"42322","34.400733849","192.168.1.55","192.168.1.2","TCP","1514","8004  >  36330 [ACK] Seq=1638 Ack=144 Win=65024 Len=1448 TSval=2916038481 TSecr=3045558251 [TCP segment of a reassembled PDU]"
"42323","34.400734978","192.168.1.55","192.168.1.2","TCP","1514","8004  >  36330 [ACK] Seq=3086 Ack=144 Win=65024 Len=1448 TSval=2916038481 TSecr=3045558251 [TCP segment of a reassembled PDU]"
"42324","34.400736552","192.168.1.55","192.168.1.2","TCP","1514","8004  >  36330 [ACK] Seq=4534 Ack=144 Win=65024 Len=1448 TSval=2916038481 TSecr=3045558251 [TCP segment of a reassembled PDU]"
"42325","34.400737478","192.168.1.55","192.168.1.2","TCP","1514","8004  >  36330 [PSH, ACK] Seq=5982 Ack=144 Win=65024 Len=1448 TSval=2916038481 TSecr=3045558251 [TCP segment of a reassembled PDU]"
"42326","34.400761182","192.168.1.55","192.168.1.2","TCP","1514","8004  >  36330 [ACK] Seq=7430 Ack=144 Win=65024 Len=1448 TSval=2916038481 TSecr=3045558251 [TCP segment of a reassembled PDU]"
"42327","34.400765626","192.168.1.55","192.168.1.2","TCP","1514","8004  >  36330 [ACK] Seq=8878 Ack=144 Win=65024 Len=1448 TSval=2916038481 TSecr=3045558251 [TCP segment of a reassembled PDU]"
"42328","34.400766867","192.168.1.55","192.168.1.2","TCP","1514","8004  >  36330 [ACK] Seq=10326 Ack=144 Win=65024 Len=1448 TSval=2916038481 TSecr=3045558251 [TCP segment of a reassembled PDU]"
"42329","34.400768404","192.168.1.55","192.168.1.2","TCP","1514","8004  >  36330 [PSH, ACK] Seq=11774 Ack=144 Win=65024 Len=1448 TSval=2916038481 TSecr=3045558251 [TCP segment of a reassembled PDU]"
"42330","34.407408359","192.168.1.2","192.168.1.55","TCP","66","36330  >  8004 [ACK] Seq=144 Ack=190 Win=64512 Len=0 TSval=3045558258 TSecr=2916038481"
"42331","34.407468267","192.168.1.55","192.168.1.2","TCP","1514","8004  >  36330 [ACK] Seq=13222 Ack=144 Win=65024 Len=1448 TSval=2916038488 TSecr=3045558258 [TCP segment of a reassembled PDU]"
"42332","34.407473304","192.168.1.55","192.168.1.2","TCP","1514","8004  >  36330 [PSH, ACK] Seq=14670 Ack=144 Win=65024 Len=1448 TSval=2916038488 TSecr=3045558258 [TCP segment of a reassembled PDU]"
"42333","34.407504767","192.168.1.2","192.168.1.55","TCP","66","36330  >  8004 [ACK] Seq=144 Ack=1638 Win=67584 Len=0 TSval=3045558258 TSecr=2916038481"
"42334","34.407581545","192.168.1.2","192.168.1.55","TCP","66","36330  >  8004 [ACK] Seq=144 Ack=7430 Win=79872 Len=0 TSval=3045558260 TSecr=2916038481"
"42335","34.407623600","192.168.1.55","192.168.1.2","TCP","1514","8004  >  36330 [ACK] Seq=16118 Ack=144 Win=65024 Len=1448 TSval=2916038488 TSecr=3045558260 [TCP segment of a reassembled PDU]"
"42336","34.407627026","192.168.1.55","192.168.1.2","TCP","1514","8004  >  36330 [ACK] Seq=17566 Ack=144 Win=65024 Len=1448 TSval=2916038488 TSecr=3045558260 [TCP segment of a reassembled PDU]"
"42337","34.407628045","192.168.1.55","192.168.1.2","TCP","1514","8004  >  36330 [ACK] Seq=19014 Ack=144 Win=65024 Len=1448 TSval=2916038488 TSecr=3045558260 [TCP segment of a reassembled PDU]"
"42338","34.407629063","192.168.1.55","192.168.1.2","TCP","1514","8004  >  36330 [ACK] Seq=20462 Ack=144 Win=65024 Len=1448 TSval=2916038488 TSecr=3045558260 [TCP segment of a reassembled PDU]"
"42339","34.407630100","192.168.1.55","192.168.1.2","TCP","1514","8004  >  36330 [ACK] Seq=21910 Ack=144 Win=65024 Len=1448 TSval=2916038488 TSecr=3045558260 [TCP segment of a reassembled PDU]"
"42340","34.407631286","192.168.1.55","192.168.1.2","TCP","1514","8004  >  36330 [ACK] Seq=23358 Ack=144 Win=65024 Len=1448 TSval=2916038488 TSecr=3045558260 [TCP segment of a reassembled PDU]"
"42341","34.407632508","192.168.1.55","192.168.1.2","TCP","1514","8004  >  36330 [ACK] Seq=24806 Ack=144 Win=65024 Len=1448 TSval=2916038488 TSecr=3045558260 [TCP segment of a reassembled PDU]"
"42342","34.407633563","192.168.1.55","192.168.1.2","TCP","1514","8004  >  36330 [PSH, ACK] Seq=26254 Ack=144 Win=65024 Len=1448 TSval=2916038488 TSecr=3045558260 [TCP segment of a reassembled PDU]"
"42343","34.407639471","192.168.1.2","192.168.1.55","TCP","66","36330  >  8004 [ACK] Seq=144 Ack=13222 Win=79872 Len=0 TSval=3045558260 TSecr=2916038481"
"42344","34.407661063","192.168.1.55","192.168.1.2","TCP","1514","8004  >  36330 [ACK] Seq=27702 Ack=144 Win=65024 Len=1448 TSval=2916038488 TSecr=3045558260 [TCP segment of a reassembled PDU]"
"42345","34.407662600","192.168.1.55","192.168.1.2","TCP","1514","8004  >  36330 [ACK] Seq=29150 Ack=144 Win=65024 Len=1448 TSval=2916038488 TSecr=3045558260 [TCP segment of a reassembled PDU]"
"42346","34.407663600","192.168.1.55","192.168.1.2","TCP","1514","8004  >  36330 [ACK] Seq=30598 Ack=144 Win=65024 Len=1448 TSval=2916038488 TSecr=3045558260 [TCP segment of a reassembled PDU]"
"42347","34.407664823","192.168.1.55","192.168.1.2","TCP","1514","8004  >  36330 [ACK] Seq=32046 Ack=144 Win=65024 Len=1448 TSval=2916038488 TSecr=3045558260 [TCP segment of a reassembled PDU]"
"42348","34.407666341","192.168.1.55","192.168.1.2","TCP","1514","8004  >  36330 [ACK] Seq=33494 Ack=144 Win=65024 Len=1448 TSval=2916038488 TSecr=3045558260 [TCP segment of a reassembled PDU]"
"42349","34.407667249","192.168.1.55","192.168.1.2","TCP","1514","8004  >  36330 [ACK] Seq=34942 Ack=144 Win=65024 Len=1448 TSval=2916038488 TSecr=3045558260 [TCP segment of a reassembled PDU]"
"42350","34.407668156","192.168.1.55","192.168.1.2","TCP","1514","8004  >  36330 [ACK] Seq=36390 Ack=144 Win=65024 Len=1448 TSval=2916038488 TSecr=3045558260 [TCP segment of a reassembled PDU]"
"42351","34.407669212","192.168.1.55","192.168.1.2","TCP","1514","8004  >  36330 [ACK] Seq=37838 Ack=144 Win=65024 Len=1448 TSval=2916038488 TSecr=3045558260 [TCP segment of a reassembled PDU]"
"42352","34.407670119","192.168.1.55","192.168.1.2","TCP","1514","8004  >  36330 [ACK] Seq=39286 Ack=144 Win=65024 Len=1448 TSval=2916038488 TSecr=3045558260 [TCP segment of a reassembled PDU]"
"42353","34.407671286","192.168.1.55","192.168.1.2","TCP","1514","8004  >  36330 [PSH, ACK] Seq=40734 Ack=144 Win=65024 Len=1448 TSval=2916038488 TSecr=3045558260 [TCP segment of a reassembled PDU]"
"42354","34.412575330","192.168.1.2","192.168.1.55","TCP","66","36330  >  8004 [ACK] Seq=144 Ack=16118 Win=84992 Len=0 TSval=3045558266 TSecr=2916038488"
"42355","34.412651257","192.168.1.55","192.168.1.2","TCP","1514","8004  >  36330 [ACK] Seq=42182 Ack=144 Win=65024 Len=1448 TSval=2916038493 TSecr=3045558266 [TCP segment of a reassembled PDU]"
"42356","34.412656794","192.168.1.55","192.168.1.2","TCP","1514","8004  >  36330 [PSH, ACK] Seq=43630 Ack=144 Win=65024 Len=1448 TSval=2916038493 TSecr=3045558266 [TCP segment of a reassembled PDU]"
"42357","34.412775349","192.168.1.2","192.168.1.55","TCP","66","36330  >  8004 [ACK] Seq=144 Ack=27702 Win=76800 Len=0 TSval=3045558266 TSecr=2916038488"
"42358","34.412848386","192.168.1.55","192.168.1.2","TCP","1514","8004  >  36330 [ACK] Seq=45078 Ack=144 Win=65024 Len=1448 TSval=2916038493 TSecr=3045558266 [TCP segment of a reassembled PDU]"
"42359","34.412853405","192.168.1.55","192.168.1.2","TCP","1514","8004  >  36330 [ACK] Seq=46526 Ack=144 Win=65024 Len=1448 TSval=2916038493 TSecr=3045558266 [TCP segment of a reassembled PDU]"
"42360","34.412855257","192.168.1.55","192.168.1.2","TCP","1514","8004  >  36330 [ACK] Seq=47974 Ack=144 Win=65024 Len=1448 TSval=2916038493 TSecr=3045558266 [TCP segment of a reassembled PDU]"
"42361","34.412856424","192.168.1.55","192.168.1.2","TCP","1514","8004  >  36330 [ACK] Seq=49422 Ack=144 Win=65024 Len=1448 TSval=2916038493 TSecr=3045558266 [TCP segment of a reassembled PDU]"
"42362","34.412857831","192.168.1.55","192.168.1.2","TCP","1514","8004  >  36330 [ACK] Seq=50870 Ack=144 Win=65024 Len=1448 TSval=2916038493 TSecr=3045558266 [TCP segment of a reassembled PDU]"
"42363","34.412859238","192.168.1.55","192.168.1.2","TCP","1514","8004  >  36330 [ACK] Seq=52318 Ack=144 Win=65024 Len=1448 TSval=2916038493 TSecr=3045558266 [TCP segment of a reassembled PDU]"
"42364","34.412860812","192.168.1.55","192.168.1.2","TCP","1514","8004  >  36330 [ACK] Seq=53766 Ack=144 Win=65024 Len=1448 TSval=2916038493 TSecr=3045558266 [TCP segment of a reassembled PDU]"
"42365","34.412861924","192.168.1.55","192.168.1.2","TCP","1514","8004  >  36330 [ACK] Seq=55214 Ack=144 Win=65024 Len=1448 TSval=2916038493 TSecr=3045558266 [TCP segment of a reassembled PDU]"
"42366","34.412864257","192.168.1.55","192.168.1.2","TCP","1514","8004  >  36330 [ACK] Seq=56662 Ack=144 Win=65024 Len=1448 TSval=2916038493 TSecr=3045558266 [TCP segment of a reassembled PDU]"
"42367","34.412865609","192.168.1.55","192.168.1.2","TCP","1514","8004  >  36330 [ACK] Seq=58110 Ack=144 Win=65024 Len=1448 TSval=2916038493 TSecr=3045558266 [TCP segment of a reassembled PDU]"
"42368","34.412867146","192.168.1.55","192.168.1.2","TCP","1514","8004  >  36330 [ACK] Seq=59558 Ack=144 Win=65024 Len=1448 TSval=2916038493 TSecr=3045558266 [TCP segment of a reassembled PDU]"
"42369","34.412868090","192.168.1.55","192.168.1.2","TCP","1514","8004  >  36330 [ACK] Seq=61006 Ack=144 Win=65024 Len=1448 TSval=2916038493 TSecr=3045558266 [TCP segment of a reassembled PDU]"
"42370","34.412869275","192.168.1.55","192.168.1.2","TCP","1514","8004  >  36330 [ACK] Seq=62454 Ack=144 Win=65024 Len=1448 TSval=2916038493 TSecr=3045558266 [TCP segment of a reassembled PDU]"
"42371","34.412870794","192.168.1.55","192.168.1.2","TCP","1514","8004  >  36330 [ACK] Seq=63902 Ack=144 Win=65024 Len=1448 TSval=2916038493 TSecr=3045558266 [TCP segment of a reassembled PDU]"
"42372","34.412872386","192.168.1.55","192.168.1.2","TCP","1514","8004  >  36330 [PSH, ACK] Seq=65350 Ack=144 Win=65024 Len=1448 TSval=2916038493 TSecr=3045558266 [TCP segment of a reassembled PDU]"
"42373","34.412882553","192.168.1.2","192.168.1.55","TCP","66","36330  >  8004 [ACK] Seq=144 Ack=36390 Win=69632 Len=0 TSval=3045558266 TSecr=2916038488"
"42374","34.412923275","192.168.1.55","192.168.1.2","TCP","1514","8004  >  36330 [ACK] Seq=66798 Ack=144 Win=65024 Len=1448 TSval=2916038493 TSecr=3045558266 [TCP segment of a reassembled PDU]"
"42375","34.412927646","192.168.1.55","192.168.1.2","TCP","1514","8004  >  36330 [ACK] Seq=68246 Ack=144 Win=65024 Len=1448 TSval=2916038493 TSecr=3045558266 [TCP segment of a reassembled PDU]"
"42376","34.412928887","192.168.1.55","192.168.1.2","TCP","1514","8004  >  36330 [ACK] Seq=69694 Ack=144 Win=65024 Len=1448 TSval=2916038493 TSecr=3045558266 [TCP segment of a reassembled PDU]"
"42377","34.412929961","192.168.1.55","192.168.1.2","TCP","1514","8004  >  36330 [ACK] Seq=71142 Ack=144 Win=65024 Len=1448 TSval=2916038493 TSecr=3045558266 [TCP segment of a reassembled PDU]"
"42378","34.412931201","192.168.1.55","192.168.1.2","TCP","1514","8004  >  36330 [ACK] Seq=72590 Ack=144 Win=65024 Len=1448 TSval=2916038493 TSecr=3045558266 [TCP segment of a reassembled PDU]"
"42379","34.412932664","192.168.1.55","192.168.1.2","TCP","1514","8004  >  36330 [ACK] Seq=74038 Ack=144 Win=65024 Len=1448 TSval=2916038493 TSecr=3045558266 [TCP segment of a reassembled PDU]"
"42380","34.412934424","192.168.1.55","192.168.1.2","TCP","1514","8004  >  36330 [PSH, ACK] Seq=75486 Ack=144 Win=65024 Len=1448 TSval=2916038493 TSecr=3045558266 [TCP segment of a reassembled PDU]"
"42381","34.412941924","192.168.1.2","192.168.1.55","TCP","66","36330  >  8004 [ACK] Seq=144 Ack=42182 Win=81920 Len=0 TSval=3045558267 TSecr=2916038488"
"42382","34.414003722","192.168.1.55","192.168.1.2","TCP","1514","8004  >  36330 [ACK] Seq=76934 Ack=144 Win=65024 Len=1448 TSval=2916038494 TSecr=3045558267 [TCP segment of a reassembled PDU]"
"42383","34.414020574","192.168.1.55","192.168.1.2","TCP","1514","8004  >  36330 [ACK] Seq=78382 Ack=144 Win=65024 Len=1448 TSval=2916038494 TSecr=3045558267 [TCP segment of a reassembled PDU]"
"42384","34.414022814","192.168.1.55","192.168.1.2","TCP","1514","8004  >  36330 [ACK] Seq=79830 Ack=144 Win=65024 Len=1448 TSval=2916038494 TSecr=3045558267 [TCP segment of a reassembled PDU]"
"42385","34.414024148","192.168.1.55","192.168.1.2","TCP","1514","8004  >  36330 [ACK] Seq=81278 Ack=144 Win=65024 Len=1448 TSval=2916038494 TSecr=3045558267 [TCP segment of a reassembled PDU]"
"42386","34.414025203","192.168.1.55","192.168.1.2","TCP","1514","8004  >  36330 [ACK] Seq=82726 Ack=144 Win=65024 Len=1448 TSval=2916038494 TSecr=3045558267 [TCP segment of a reassembled PDU]"
"42387","34.414027092","192.168.1.55","192.168.1.2","TCP","1514","8004  >  36330 [ACK] Seq=84174 Ack=144 Win=65024 Len=1448 TSval=2916038494 TSecr=3045558267 [TCP segment of a reassembled PDU]"
"42388","34.414028740","192.168.1.55","192.168.1.2","TCP","1514","8004  >  36330 [ACK] Seq=85622 Ack=144 Win=65024 Len=1448 TSval=2916038494 TSecr=3045558267 [TCP segment of a reassembled PDU]"
"42389","34.414031981","192.168.1.55","192.168.1.2","TCP","1514","8004  >  36330 [ACK] Seq=87070 Ack=144 Win=65024 Len=1448 TSval=2916038494 TSecr=3045558267 [TCP segment of a reassembled PDU]"
"42390","34.414033370","192.168.1.55","192.168.1.2","TCP","1514","8004  >  36330 [ACK] Seq=88518 Ack=144 Win=65024 Len=1448 TSval=2916038494 TSecr=3045558267 [TCP segment of a reassembled PDU]"
"42391","34.414034407","192.168.1.55","192.168.1.2","TCP","1514","8004  >  36330 [ACK] Seq=89966 Ack=144 Win=65024 Len=1448 TSval=2916038494 TSecr=3045558267 [TCP segment of a reassembled PDU]"
"42392","34.414035759","192.168.1.55","192.168.1.2","TCP","1514","8004  >  36330 [ACK] Seq=91414 Ack=144 Win=65024 Len=1448 TSval=2916038494 TSecr=3045558267 [TCP segment of a reassembled PDU]"
"42393","34.414037462","192.168.1.55","192.168.1.2","TCP","1514","8004  >  36330 [ACK] Seq=92862 Ack=144 Win=65024 Len=1448 TSval=2916038494 TSecr=3045558267 [TCP segment of a reassembled PDU]"
"42394","34.414039462","192.168.1.55","192.168.1.2","TCP","1514","8004  >  36330 [ACK] Seq=94310 Ack=144 Win=65024 Len=1448 TSval=2916038494 TSecr=3045558267 [TCP segment of a reassembled PDU]"
"42395","34.414041111","192.168.1.55","192.168.1.2","TCP","1514","8004  >  36330 [ACK] Seq=95758 Ack=144 Win=65024 Len=1448 TSval=2916038494 TSecr=3045558267 [TCP segment of a reassembled PDU]"
"42396","34.414042351","192.168.1.55","192.168.1.2","TCP","1514","8004  >  36330 [ACK] Seq=97206 Ack=144 Win=65024 Len=1448 TSval=2916038494 TSecr=3045558267 [TCP segment of a reassembled PDU]"
"42397","34.414043722","192.168.1.55","192.168.1.2","TCP","1514","8004  >  36330 [PSH, ACK] Seq=98654 Ack=144 Win=65024 Len=1448 TSval=2916038494 TSecr=3045558267 [TCP segment of a reassembled PDU]"
"42398","34.419416138","192.168.1.2","192.168.1.55","TCP","66","36330  >  8004 [ACK] Seq=144 Ack=45078 Win=82944 Len=0 TSval=3045558272 TSecr=2916038493"
"42399","34.419495286","192.168.1.55","192.168.1.2","TCP","1514","8004  >  36330 [ACK] Seq=100102 Ack=144 Win=65024 Len=1448 TSval=2916038500 TSecr=3045558272 [TCP segment of a reassembled PDU]"
"42400","34.419503156","192.168.1.55","192.168.1.2","TCP","1514","8004  >  36330 [ACK] Seq=101550 Ack=144 Win=65024 Len=1448 TSval=2916038500 TSecr=3045558272 [TCP segment of a reassembled PDU]"
"42401","34.419504304","192.168.1.55","192.168.1.2","TCP","1514","8004  >  36330 [ACK] Seq=102998 Ack=144 Win=65024 Len=1448 TSval=2916038500 TSecr=3045558272 [TCP segment of a reassembled PDU]"
"42402","34.419505323","192.168.1.55","192.168.1.2","TCP","1514","8004  >  36330 [PSH, ACK] Seq=104446 Ack=144 Win=65024 Len=1448 TSval=2916038500 TSecr=3045558272 [TCP segment of a reassembled PDU]"
"42403","34.419537212","192.168.1.2","192.168.1.55","TCP","66","36330  >  8004 [ACK] Seq=144 Ack=61006 Win=68608 Len=0 TSval=3045558272 TSecr=2916038493"
"42404","34.419569212","192.168.1.55","192.168.1.2","TCP","1514","8004  >  36330 [ACK] Seq=105894 Ack=144 Win=65024 Len=1448 TSval=2916038500 TSecr=3045558272 [TCP segment of a reassembled PDU]"
"42405","34.419573268","192.168.1.55","192.168.1.2","TCP","1514","8004  >  36330 [ACK] Seq=107342 Ack=144 Win=65024 Len=1448 TSval=2916038500 TSecr=3045558272 [TCP segment of a reassembled PDU]"
"42406","34.419574379","192.168.1.55","192.168.1.2","TCP","1514","8004  >  36330 [ACK] Seq=108790 Ack=144 Win=65024 Len=1448 TSval=2916038500 TSecr=3045558272 [TCP segment of a reassembled PDU]"
"42407","34.419575342","192.168.1.55","192.168.1.2","TCP","1514","8004  >  36330 [ACK] Seq=110238 Ack=144 Win=65024 Len=1448 TSval=2916038500 TSecr=3045558272 [TCP segment of a reassembled PDU]"
"42408","34.419576286","192.168.1.55","192.168.1.2","TCP","1514","8004  >  36330 [ACK] Seq=111686 Ack=144 Win=65024 Len=1448 TSval=2916038500 TSecr=3045558272 [TCP segment of a reassembled PDU]"
"42409","34.419577471","192.168.1.55","192.168.1.2","TCP","1514","8004  >  36330 [ACK] Seq=113134 Ack=144 Win=65024 Len=1448 TSval=2916038500 TSecr=3045558272 [TCP segment of a reassembled PDU]"
"42410","34.419578675","192.168.1.55","192.168.1.2","TCP","1514","8004  >  36330 [ACK] Seq=114582 Ack=144 Win=65024 Len=1448 TSval=2916038500 TSecr=3045558272 [TCP segment of a reassembled PDU]"
"42411","34.419579768","192.168.1.55","192.168.1.2","TCP","1514","8004  >  36330 [ACK] Seq=116030 Ack=144 Win=65024 Len=1448 TSval=2916038500 TSecr=3045558272 [TCP segment of a reassembled PDU]"
"42412","34.419580990","192.168.1.55","192.168.1.2","TCP","1514","8004  >  36330 [PSH, ACK] Seq=117478 Ack=144 Win=65024 Len=1448 TSval=2916038500 TSecr=3045558272 [TCP segment of a reassembled PDU]"
"42413","34.419669175","192.168.1.2","192.168.1.55","TCP","66","36330  >  8004 [ACK] Seq=144 Ack=66798 Win=81920 Len=0 TSval=3045558272 TSecr=2916038493"
"42414","34.419741842","192.168.1.55","192.168.1.2","TCP","1514","8004  >  36330 [ACK] Seq=118926 Ack=144 Win=65024 Len=1448 TSval=2916038500 TSecr=3045558272 [TCP segment of a reassembled PDU]"
"42415","34.419747564","192.168.1.55","192.168.1.2","TCP","1514","8004  >  36330 [ACK] Seq=120374 Ack=144 Win=65024 Len=1448 TSval=2916038500 TSecr=3045558272 [TCP segment of a reassembled PDU]"
"42416","34.419750360","192.168.1.55","192.168.1.2","TCP","1514","8004  >  36330 [ACK] Seq=121822 Ack=144 Win=65024 Len=1448 TSval=2916038500 TSecr=3045558272 [TCP segment of a reassembled PDU]"
"42417","34.419752879","192.168.1.55","192.168.1.2","TCP","1514","8004  >  36330 [ACK] Seq=123270 Ack=144 Win=65024 Len=1448 TSval=2916038500 TSecr=3045558272 [TCP segment of a reassembled PDU]"
"42418","34.419754175","192.168.1.55","192.168.1.2","TCP","1514","8004  >  36330 [ACK] Seq=124718 Ack=144 Win=65024 Len=1448 TSval=2916038500 TSecr=3045558272 [TCP segment of a reassembled PDU]"
"42419","34.419757490","192.168.1.55","192.168.1.2","TCP","1514","8004  >  36330 [ACK] Seq=126166 Ack=144 Win=65024 Len=1448 TSval=2916038500 TSecr=3045558272 [TCP segment of a reassembled PDU]"
"42420","34.419759064","192.168.1.55","192.168.1.2","TCP","1514","8004  >  36330 [ACK] Seq=127614 Ack=144 Win=65024 Len=1448 TSval=2916038500 TSecr=3045558272 [TCP segment of a reassembled PDU]"
"42421","34.419760805","192.168.1.55","192.168.1.2","TCP","1514","8004  >  36330 [ACK] Seq=129062 Ack=144 Win=65024 Len=1448 TSval=2916038500 TSecr=3045558272 [TCP segment of a reassembled PDU]"
"42422","34.419762397","192.168.1.55","192.168.1.2","TCP","1514","8004  >  36330 [ACK] Seq=130510 Ack=144 Win=65024 Len=1448 TSval=2916038500 TSecr=3045558272 [TCP segment of a reassembled PDU]"
"42423","34.419764620","192.168.1.55","192.168.1.2","TCP","1514","8004  >  36330 [ACK] Seq=131958 Ack=144 Win=65024 Len=1448 TSval=2916038500 TSecr=3045558272 [TCP segment of a reassembled PDU]"
"42424","34.419766657","192.168.1.55","192.168.1.2","TCP","1514","8004  >  36330 [ACK] Seq=133406 Ack=144 Win=65024 Len=1448 TSval=2916038500 TSecr=3045558272 [TCP segment of a reassembled PDU]"
"42425","34.419767842","192.168.1.55","192.168.1.2","TCP","1514","8004  >  36330 [ACK] Seq=134854 Ack=144 Win=65024 Len=1448 TSval=2916038500 TSecr=3045558272 [TCP segment of a reassembled PDU]"
"42426","34.419771009","192.168.1.55","192.168.1.2","TCP","1514","8004  >  36330 [ACK] Seq=136302 Ack=144 Win=65024 Len=1448 TSval=2916038500 TSecr=3045558272 [TCP segment of a reassembled PDU]"
"42427","34.419772286","192.168.1.55","192.168.1.2","TCP","1514","8004  >  36330 [ACK] Seq=137750 Ack=144 Win=65024 Len=1448 TSval=2916038500 TSecr=3045558272 [TCP segment of a reassembled PDU]"
"42428","34.419774046","192.168.1.55","192.168.1.2","TCP","1514","8004  >  36330 [ACK] Seq=139198 Ack=144 Win=65024 Len=1448 TSval=2916038500 TSecr=3045558272 [TCP segment of a reassembled PDU]"
"42429","34.419775768","192.168.1.55","192.168.1.2","TCP","1514","8004  >  36330 [ACK] Seq=140646 Ack=144 Win=65024 Len=1448 TSval=2916038500 TSecr=3045558272 [TCP segment of a reassembled PDU]"
"42430","34.419776860","192.168.1.55","192.168.1.2","TCP","1514","8004  >  36330 [ACK] Seq=142094 Ack=144 Win=65024 Len=1448 TSval=2916038500 TSecr=3045558272 [TCP segment of a reassembled PDU]"
"42431","34.419778749","192.168.1.55","192.168.1.2","TCP","1514","8004  >  36330 [ACK] Seq=143542 Ack=144 Win=65024 Len=1448 TSval=2916038500 TSecr=3045558272 [TCP segment of a reassembled PDU]"
"42432","34.419779972","192.168.1.55","192.168.1.2","TCP","1514","8004  >  36330 [ACK] Seq=144990 Ack=144 Win=65024 Len=1448 TSval=2916038500 TSecr=3045558272 [TCP segment of a reassembled PDU]"
"42433","34.419781083","192.168.1.55","192.168.1.2","TCP","1514","8004  >  36330 [ACK] Seq=146438 Ack=144 Win=65024 Len=1448 TSval=2916038500 TSecr=3045558272 [TCP segment of a reassembled PDU]"
"42434","34.419783101","192.168.1.55","192.168.1.2","TCP","898","[TCP Window Full] 8004  >  36330 [PSH, ACK] Seq=147886 Ack=144 Win=65024 Len=832 TSval=2916038500 TSecr=3045558272 [TCP segment of a reassembled PDU]"
"42435","34.419791953","192.168.1.2","192.168.1.55","TCP","66","36330  >  8004 [ACK] Seq=144 Ack=76934 Win=73728 Len=0 TSval=3045558272 TSecr=2916038493"
"42436","34.419799509","192.168.1.2","192.168.1.55","TCP","66","36330  >  8004 [ACK] Seq=144 Ack=89966 Win=61440 Len=0 TSval=3045558272 TSecr=2916038494"
"42437","34.419803120","192.168.1.2","192.168.1.55","TCP","66","36330  >  8004 [ACK] Seq=144 Ack=100102 Win=76800 Len=0 TSval=3045558273 TSecr=2916038494"
"42438","34.419890731","192.168.1.55","192.168.1.2","TCP","1514","8004  >  36330 [ACK] Seq=148718 Ack=144 Win=65024 Len=1448 TSval=2916038500 TSecr=3045558273 [TCP segment of a reassembled PDU]"
"42439","34.419897842","192.168.1.55","192.168.1.2","TCP","1514","8004  >  36330 [ACK] Seq=150166 Ack=144 Win=65024 Len=1448 TSval=2916038500 TSecr=3045558273 [TCP segment of a reassembled PDU]"
"42440","34.419899268","192.168.1.55","192.168.1.2","TCP","1514","8004  >  36330 [ACK] Seq=151614 Ack=144 Win=65024 Len=1448 TSval=2916038500 TSecr=3045558273 [TCP segment of a reassembled PDU]"
"42441","34.419900398","192.168.1.55","192.168.1.2","TCP","1514","8004  >  36330 [ACK] Seq=153062 Ack=144 Win=65024 Len=1448 TSval=2916038500 TSecr=3045558273 [TCP segment of a reassembled PDU]"
"42442","34.419901842","192.168.1.55","192.168.1.2","TCP","1514","8004  >  36330 [ACK] Seq=154510 Ack=144 Win=65024 Len=1448 TSval=2916038500 TSecr=3045558273 [TCP segment of a reassembled PDU]"
"42443","34.419903675","192.168.1.55","192.168.1.2","TCP","1514","8004  >  36330 [ACK] Seq=155958 Ack=144 Win=65024 Len=1448 TSval=2916038500 TSecr=3045558273 [TCP segment of a reassembled PDU]"
"42444","34.419904898","192.168.1.55","192.168.1.2","TCP","1514","8004  >  36330 [ACK] Seq=157406 Ack=144 Win=65024 Len=1448 TSval=2916038500 TSecr=3045558273 [TCP segment of a reassembled PDU]"
"42445","34.419906250","192.168.1.55","192.168.1.2","TCP","1514","8004  >  36330 [PSH, ACK] Seq=158854 Ack=144 Win=65024 Len=1448 TSval=2916038500 TSecr=3045558273 [TCP segment of a reassembled PDU]"
"42446","34.421054363","192.168.1.55","192.168.1.2","TCP","682","8004  >  36330 [ACK] Seq=160302 Ack=144 Win=65024 Len=616 TSval=2916038501 TSecr=3045558273 [TCP segment of a reassembled PDU]"
"42447","34.421082603","192.168.1.55","192.168.1.2","TCP","1514","8004  >  36330 [ACK] Seq=160918 Ack=144 Win=65024 Len=1448 TSval=2916038501 TSecr=3045558273 [TCP segment of a reassembled PDU]"
"42448","34.421084085","192.168.1.55","192.168.1.2","TCP","1514","8004  >  36330 [ACK] Seq=162366 Ack=144 Win=65024 Len=1448 TSval=2916038501 TSecr=3045558273 [TCP segment of a reassembled PDU]"
"42449","34.421085529","192.168.1.55","192.168.1.2","TCP","1514","8004  >  36330 [ACK] Seq=163814 Ack=144 Win=65024 Len=1448 TSval=2916038501 TSecr=3045558273 [TCP segment of a reassembled PDU]"
"42450","34.421086659","192.168.1.55","192.168.1.2","TCP","1514","8004  >  36330 [ACK] Seq=165262 Ack=144 Win=65024 Len=1448 TSval=2916038501 TSecr=3045558273 [TCP segment of a reassembled PDU]"
"42451","34.421087640","192.168.1.55","192.168.1.2","TCP","1514","8004  >  36330 [ACK] Seq=166710 Ack=144 Win=65024 Len=1448 TSval=2916038501 TSecr=3045558273 [TCP segment of a reassembled PDU]"
"42452","34.421088900","192.168.1.55","192.168.1.2","TCP","1514","8004  >  36330 [ACK] Seq=168158 Ack=144 Win=65024 Len=1448 TSval=2916038501 TSecr=3045558273 [TCP segment of a reassembled PDU]"
"42453","34.421089937","192.168.1.55","192.168.1.2","TCP","1514","8004  >  36330 [ACK] Seq=169606 Ack=144 Win=65024 Len=1448 TSval=2916038501 TSecr=3045558273 [TCP segment of a reassembled PDU]"
"42454","34.421091159","192.168.1.55","192.168.1.2","TCP","1514","8004  >  36330 [ACK] Seq=171054 Ack=144 Win=65024 Len=1448 TSval=2916038501 TSecr=3045558273 [TCP segment of a reassembled PDU]"
"42455","34.421092159","192.168.1.55","192.168.1.2","TCP","1514","8004  >  36330 [ACK] Seq=172502 Ack=144 Win=65024 Len=1448 TSval=2916038501 TSecr=3045558273 [TCP segment of a reassembled PDU]"
"42456","34.421093807","192.168.1.55","192.168.1.2","TCP","1514","8004  >  36330 [ACK] Seq=173950 Ack=144 Win=65024 Len=1448 TSval=2916038501 TSecr=3045558273 [TCP segment of a reassembled PDU]"
"42457","34.421095233","192.168.1.55","192.168.1.2","TCP","1514","8004  >  36330 [PSH, ACK] Seq=175398 Ack=144 Win=65024 Len=1448 TSval=2916038501 TSecr=3045558273 [TCP segment of a reassembled PDU]"
"42458","34.426182037","192.168.1.2","192.168.1.55","TCP","66","36330  >  8004 [ACK] Seq=144 Ack=104446 Win=81920 Len=0 TSval=3045558280 TSecr=2916038500"
"42459","34.426219611","192.168.1.55","192.168.1.2","TCP","1514","8004  >  36330 [ACK] Seq=176846 Ack=144 Win=65024 Len=1448 TSval=2916038506 TSecr=3045558280 [TCP segment of a reassembled PDU]"
"42460","34.426223149","192.168.1.55","192.168.1.2","TCP","1514","8004  >  36330 [ACK] Seq=178294 Ack=144 Win=65024 Len=1448 TSval=2916038506 TSecr=3045558280 [TCP segment of a reassembled PDU]"
"42461","34.426224223","192.168.1.55","192.168.1.2","TCP","1514","8004  >  36330 [ACK] Seq=179742 Ack=144 Win=65024 Len=1448 TSval=2916038506 TSecr=3045558280 [TCP segment of a reassembled PDU]"
"42462","34.426225408","192.168.1.55","192.168.1.2","TCP","1514","8004  >  36330 [ACK] Seq=181190 Ack=144 Win=65024 Len=1448 TSval=2916038506 TSecr=3045558280 [TCP segment of a reassembled PDU]"
"42463","34.426226482","192.168.1.55","192.168.1.2","TCP","1514","8004  >  36330 [ACK] Seq=182638 Ack=144 Win=65024 Len=1448 TSval=2916038506 TSecr=3045558280 [TCP segment of a reassembled PDU]"
"42464","34.426227760","192.168.1.55","192.168.1.2","TCP","1514","8004  >  36330 [PSH, ACK] Seq=184086 Ack=144 Win=65024 Len=1448 TSval=2916038506 TSecr=3045558280 [TCP segment of a reassembled PDU]"
"42465","34.426555519","192.168.1.2","192.168.1.55","TCP","66","36330  >  8004 [ACK] Seq=144 Ack=105894 Win=87040 Len=0 TSval=3045558280 TSecr=2916038500"
"42466","34.426562353","192.168.1.2","192.168.1.55","TCP","66","36330  >  8004 [ACK] Seq=144 Ack=118926 Win=76800 Len=0 TSval=3045558280 TSecr=2916038500"
"42467","34.426567501","192.168.1.2","192.168.1.55","TCP","66","36330  >  8004 [ACK] Seq=144 Ack=148718 Win=50176 Len=0 TSval=3045558280 TSecr=2916038500"
"42468","34.426573297","192.168.1.2","192.168.1.55","TCP","66","36330  >  8004 [ACK] Seq=144 Ack=160302 Win=77824 Len=0 TSval=3045558280 TSecr=2916038500"
"42469","34.426588631","192.168.1.55","192.168.1.2","TCP","1514","8004  >  36330 [ACK] Seq=185534 Ack=144 Win=65024 Len=1448 TSval=2916038507 TSecr=3045558280 [TCP segment of a reassembled PDU]"
"42470","34.426590297","192.168.1.55","192.168.1.2","TCP","1514","8004  >  36330 [ACK] Seq=186982 Ack=144 Win=65024 Len=1448 TSval=2916038507 TSecr=3045558280 [TCP segment of a reassembled PDU]"
"42471","34.426591816","192.168.1.55","192.168.1.2","TCP","1514","8004  >  36330 [ACK] Seq=188430 Ack=144 Win=65024 Len=1448 TSval=2916038507 TSecr=3045558280 [TCP segment of a reassembled PDU]"
"42472","34.426593186","192.168.1.55","192.168.1.2","TCP","1514","8004  >  36330 [ACK] Seq=189878 Ack=144 Win=65024 Len=1448 TSval=2916038507 TSecr=3045558280 [TCP segment of a reassembled PDU]"
"42473","34.426594279","192.168.1.55","192.168.1.2","TCP","1514","8004  >  36330 [ACK] Seq=191326 Ack=144 Win=65024 Len=1448 TSval=2916038507 TSecr=3045558280 [TCP segment of a reassembled PDU]"
"42474","34.426595316","192.168.1.55","192.168.1.2","TCP","1514","8004  >  36330 [ACK] Seq=192774 Ack=144 Win=65024 Len=1448 TSval=2916038507 TSecr=3045558280 [TCP segment of a reassembled PDU]"
"42475","34.426596668","192.168.1.55","192.168.1.2","TCP","1514","8004  >  36330 [ACK] Seq=194222 Ack=144 Win=65024 Len=1448 TSval=2916038507 TSecr=3045558280 [TCP segment of a reassembled PDU]"
"42476","34.426597779","192.168.1.55","192.168.1.2","TCP","1514","8004  >  36330 [ACK] Seq=195670 Ack=144 Win=65024 Len=1448 TSval=2916038507 TSecr=3045558280 [TCP segment of a reassembled PDU]"
"42477","34.426598760","192.168.1.55","192.168.1.2","TCP","1514","8004  >  36330 [ACK] Seq=197118 Ack=144 Win=65024 Len=1448 TSval=2916038507 TSecr=3045558280 [TCP segment of a reassembled PDU]"
"42478","34.426600334","192.168.1.55","192.168.1.2","TCP","1514","8004  >  36330 [ACK] Seq=198566 Ack=144 Win=65024 Len=1448 TSval=2916038507 TSecr=3045558280 [TCP segment of a reassembled PDU]"
"42479","34.426601779","192.168.1.55","192.168.1.2","TCP","1514","8004  >  36330 [ACK] Seq=200014 Ack=144 Win=65024 Len=1448 TSval=2916038507 TSecr=3045558280 [TCP segment of a reassembled PDU]"
"42480","34.426602871","192.168.1.55","192.168.1.2","TCP","1514","8004  >  36330 [PSH, ACK] Seq=201462 Ack=144 Win=65024 Len=1448 TSval=2916038507 TSecr=3045558280 [TCP segment of a reassembled PDU]"
"42481","34.426643760","192.168.1.55","192.168.1.2","TCP","1514","8004  >  36330 [ACK] Seq=202910 Ack=144 Win=65024 Len=1448 TSval=2916038507 TSecr=3045558280 [TCP segment of a reassembled PDU]"
"42482","34.426646168","192.168.1.55","192.168.1.2","TCP","1514","8004  >  36330 [ACK] Seq=204358 Ack=144 Win=65024 Len=1448 TSval=2916038507 TSecr=3045558280 [TCP segment of a reassembled PDU]"
"42483","34.426647834","192.168.1.55","192.168.1.2","TCP","1514","8004  >  36330 [ACK] Seq=205806 Ack=144 Win=65024 Len=1448 TSval=2916038507 TSecr=3045558280 [TCP segment of a reassembled PDU]"
"42484","34.426648853","192.168.1.55","192.168.1.2","TCP","1514","8004  >  36330 [ACK] Seq=207254 Ack=144 Win=65024 Len=1448 TSval=2916038507 TSecr=3045558280 [TCP segment of a reassembled PDU]"
"42485","34.426650038","192.168.1.55","192.168.1.2","TCP","1514","8004  >  36330 [ACK] Seq=208702 Ack=144 Win=65024 Len=1448 TSval=2916038507 TSecr=3045558280 [TCP segment of a reassembled PDU]"
"42486","34.426651279","192.168.1.55","192.168.1.2","TCP","1514","8004  >  36330 [ACK] Seq=210150 Ack=144 Win=65024 Len=1448 TSval=2916038507 TSecr=3045558280 [TCP segment of a reassembled PDU]"
"42487","34.426652371","192.168.1.55","192.168.1.2","TCP","1514","8004  >  36330 [ACK] Seq=211598 Ack=144 Win=65024 Len=1448 TSval=2916038507 TSecr=3045558280 [TCP segment of a reassembled PDU]"
"42488","34.426653946","192.168.1.55","192.168.1.2","TCP","1514","8004  >  36330 [ACK] Seq=213046 Ack=144 Win=65024 Len=1448 TSval=2916038507 TSecr=3045558280 [TCP segment of a reassembled PDU]"
"42489","34.426655186","192.168.1.55","192.168.1.2","TCP","1514","8004  >  36330 [ACK] Seq=214494 Ack=144 Win=65024 Len=1448 TSval=2916038507 TSecr=3045558280 [TCP segment of a reassembled PDU]"
"42490","34.426656205","192.168.1.55","192.168.1.2","TCP","1514","8004  >  36330 [ACK] Seq=215942 Ack=144 Win=65024 Len=1448 TSval=2916038507 TSecr=3045558280 [TCP segment of a reassembled PDU]"
"42491","34.426657168","192.168.1.55","192.168.1.2","TCP","1514","8004  >  36330 [ACK] Seq=217390 Ack=144 Win=65024 Len=1448 TSval=2916038507 TSecr=3045558280 [TCP segment of a reassembled PDU]"
"42492","34.426658205","192.168.1.55","192.168.1.2","TCP","1514","8004  >  36330 [ACK] Seq=218838 Ack=144 Win=65024 Len=1448 TSval=2916038507 TSecr=3045558280 [TCP segment of a reassembled PDU]"
"42493","34.426659834","192.168.1.55","192.168.1.2","TCP","1514","8004  >  36330 [ACK] Seq=220286 Ack=144 Win=65024 Len=1448 TSval=2916038507 TSecr=3045558280 [TCP segment of a reassembled PDU]"
"42494","34.426661094","192.168.1.55","192.168.1.2","TCP","1514","8004  >  36330 [ACK] Seq=221734 Ack=144 Win=65024 Len=1448 TSval=2916038507 TSecr=3045558280 [TCP segment of a reassembled PDU]"
"42495","34.426662353","192.168.1.55","192.168.1.2","TCP","1514","8004  >  36330 [ACK] Seq=223182 Ack=144 Win=65024 Len=1448 TSval=2916038507 TSecr=3045558280 [TCP segment of a reassembled PDU]"
"42496","34.426663612","192.168.1.55","192.168.1.2","TCP","1514","8004  >  36330 [ACK] Seq=224630 Ack=144 Win=65024 Len=1448 TSval=2916038507 TSecr=3045558280 [TCP segment of a reassembled PDU]"
"42497","34.426665149","192.168.1.55","192.168.1.2","TCP","1514","8004  >  36330 [ACK] Seq=226078 Ack=144 Win=65024 Len=1448 TSval=2916038507 TSecr=3045558280 [TCP segment of a reassembled PDU]"
"42498","34.426666446","192.168.1.55","192.168.1.2","TCP","1514","8004  >  36330 [ACK] Seq=227526 Ack=144 Win=65024 Len=1448 TSval=2916038507 TSecr=3045558280 [TCP segment of a reassembled PDU]"
"42499","34.426668353","192.168.1.55","192.168.1.2","TCP","1514","8004  >  36330 [ACK] Seq=228974 Ack=144 Win=65024 Len=1448 TSval=2916038507 TSecr=3045558280 [TCP segment of a reassembled PDU]"
"42500","34.426669742","192.168.1.55","192.168.1.2","TCP","1514","8004  >  36330 [ACK] Seq=230422 Ack=144 Win=65024 Len=1448 TSval=2916038507 TSecr=3045558280 [TCP segment of a reassembled PDU]"
"42501","34.426671390","192.168.1.55","192.168.1.2","TCP","1514","8004  >  36330 [ACK] Seq=231870 Ack=144 Win=65024 Len=1448 TSval=2916038507 TSecr=3045558280 [TCP segment of a reassembled PDU]"
"42502","34.426672631","192.168.1.55","192.168.1.2","TCP","1514","8004  >  36330 [ACK] Seq=233318 Ack=144 Win=65024 Len=1448 TSval=2916038507 TSecr=3045558280 [TCP segment of a reassembled PDU]"
"42503","34.426674131","192.168.1.55","192.168.1.2","TCP","1514","8004  >  36330 [ACK] Seq=234766 Ack=144 Win=65024 Len=1448 TSval=2916038507 TSecr=3045558280 [TCP segment of a reassembled PDU]"
"42504","34.426675260","192.168.1.55","192.168.1.2","TCP","1514","8004  >  36330 [PSH, ACK] Seq=236214 Ack=144 Win=65024 Len=1448 TSval=2916038507 TSecr=3045558280 [TCP segment of a reassembled PDU]"
"42505","34.426721909","192.168.1.2","192.168.1.55","TCP","66","36330  >  8004 [ACK] Seq=144 Ack=168158 Win=70656 Len=0 TSval=3045558280 TSecr=2916038501"
"42506","34.426732890","192.168.1.2","192.168.1.55","TCP","66","36330  >  8004 [ACK] Seq=144 Ack=176846 Win=76800 Len=0 TSval=3045558281 TSecr=2916038501"
"42507","34.426744594","192.168.1.55","192.168.1.2","TCP","1514","8004  >  36330 [ACK] Seq=237662 Ack=144 Win=65024 Len=1448 TSval=2916038507 TSecr=3045558281 [TCP segment of a reassembled PDU]"
"42508","34.426745946","192.168.1.55","192.168.1.2","TCP","1514","8004  >  36330 [ACK] Seq=239110 Ack=144 Win=65024 Len=1448 TSval=2916038507 TSecr=3045558281 [TCP segment of a reassembled PDU]"
"42509","34.426747316","192.168.1.55","192.168.1.2","TCP","1514","8004  >  36330 [ACK] Seq=240558 Ack=144 Win=65024 Len=1448 TSval=2916038507 TSecr=3045558281 [TCP segment of a reassembled PDU]"
"42510","34.426748742","192.168.1.55","192.168.1.2","TCP","1514","8004  >  36330 [ACK] Seq=242006 Ack=144 Win=65024 Len=1448 TSval=2916038507 TSecr=3045558281 [TCP segment of a reassembled PDU]"
"42511","34.426749964","192.168.1.55","192.168.1.2","TCP","1514","8004  >  36330 [PSH, ACK] Seq=243454 Ack=144 Win=65024 Len=1448 TSval=2916038507 TSecr=3045558281 [TCP segment of a reassembled PDU]"
"42512","34.426764723","192.168.1.55","192.168.1.2","TCP","1514","8004  >  36330 [ACK] Seq=244902 Ack=144 Win=65024 Len=1448 TSval=2916038507 TSecr=3045558281 [TCP segment of a reassembled PDU]"
"42513","34.426766575","192.168.1.55","192.168.1.2","TCP","1514","8004  >  36330 [ACK] Seq=246350 Ack=144 Win=65024 Len=1448 TSval=2916038507 TSecr=3045558281 [TCP segment of a reassembled PDU]"
"42514","34.426768001","192.168.1.55","192.168.1.2","TCP","1514","8004  >  36330 [ACK] Seq=247798 Ack=144 Win=65024 Len=1448 TSval=2916038507 TSecr=3045558281 [TCP segment of a reassembled PDU]"
"42515","34.426769186","192.168.1.55","192.168.1.2","TCP","1514","8004  >  36330 [ACK] Seq=249246 Ack=144 Win=65024 Len=1448 TSval=2916038507 TSecr=3045558281 [TCP segment of a reassembled PDU]"
"42516","34.426770372","192.168.1.55","192.168.1.2","TCP","1514","8004  >  36330 [ACK] Seq=250694 Ack=144 Win=65024 Len=1448 TSval=2916038507 TSecr=3045558281 [TCP segment of a reassembled PDU]"
"42517","34.426771668","192.168.1.55","192.168.1.2","TCP","1514","8004  >  36330 [ACK] Seq=252142 Ack=144 Win=65024 Len=1448 TSval=2916038507 TSecr=3045558281 [TCP segment of a reassembled PDU]"
"42518","34.426772890","192.168.1.55","192.168.1.2","TCP","122","[TCP Window Full] 8004  >  36330 [PSH, ACK] Seq=253590 Ack=144 Win=65024 Len=56 TSval=2916038507 TSecr=3045558281 [TCP segment of a reassembled PDU]"
"42519","34.433283938","192.168.1.2","192.168.1.55","TCP","66","36330  >  8004 [ACK] Seq=144 Ack=185534 Win=76800 Len=0 TSval=3045558287 TSecr=2916038506"
"42520","34.433323289","192.168.1.55","192.168.1.2","TCP","1514","8004  >  36330 [ACK] Seq=253646 Ack=144 Win=65024 Len=1448 TSval=2916038514 TSecr=3045558287 [TCP segment of a reassembled PDU]"
"42521","34.433327734","192.168.1.55","192.168.1.2","TCP","1514","8004  >  36330 [ACK] Seq=255094 Ack=144 Win=65024 Len=1448 TSval=2916038514 TSecr=3045558287 [TCP segment of a reassembled PDU]"
"42522","34.433329493","192.168.1.55","192.168.1.2","TCP","1514","8004  >  36330 [ACK] Seq=256542 Ack=144 Win=65024 Len=1448 TSval=2916038514 TSecr=3045558287 [TCP segment of a reassembled PDU]"
"42523","34.433331160","192.168.1.55","192.168.1.2","TCP","1514","8004  >  36330 [ACK] Seq=257990 Ack=144 Win=65024 Len=1448 TSval=2916038514 TSecr=3045558287 [TCP segment of a reassembled PDU]"
"42524","34.433332845","192.168.1.55","192.168.1.2","TCP","1514","8004  >  36330 [ACK] Seq=259438 Ack=144 Win=65024 Len=1448 TSval=2916038514 TSecr=3045558287 [TCP segment of a reassembled PDU]"
"42525","34.433334364","192.168.1.55","192.168.1.2","TCP","1514","[TCP Window Full] 8004  >  36330 [PSH, ACK] Seq=260886 Ack=144 Win=65024 Len=1448 TSval=2916038514 TSecr=3045558287 [TCP segment of a reassembled PDU]"
"42526","34.433397586","192.168.1.2","192.168.1.55","TCP","66","36330  >  8004 [ACK] Seq=144 Ack=202910 Win=71680 Len=0 TSval=3045558287 TSecr=2916038507"
"42527","34.433406975","192.168.1.2","192.168.1.55","TCP","66","36330  >  8004 [ACK] Seq=144 Ack=217390 Win=82944 Len=0 TSval=3045558287 TSecr=2916038507"
"42528","34.433435604","192.168.1.55","192.168.1.2","TCP","1514","8004  >  36330 [ACK] Seq=262334 Ack=144 Win=65024 Len=1448 TSval=2916038514 TSecr=3045558287 [TCP segment of a reassembled PDU]"
"42529","34.433437382","192.168.1.55","192.168.1.2","TCP","1514","8004  >  36330 [ACK] Seq=263782 Ack=144 Win=65024 Len=1448 TSval=2916038514 TSecr=3045558287 [TCP segment of a reassembled PDU]"
"42530","34.433438623","192.168.1.55","192.168.1.2","TCP","1514","8004  >  36330 [ACK] Seq=265230 Ack=144 Win=65024 Len=1448 TSval=2916038514 TSecr=3045558287 [TCP segment of a reassembled PDU]"
"42531","34.433440530","192.168.1.55","192.168.1.2","TCP","1514","8004  >  36330 [ACK] Seq=266678 Ack=144 Win=65024 Len=1448 TSval=2916038514 TSecr=3045558287 [TCP segment of a reassembled PDU]"
"42532","34.433442123","192.168.1.55","192.168.1.2","TCP","1514","8004  >  36330 [ACK] Seq=268126 Ack=144 Win=65024 Len=1448 TSval=2916038514 TSecr=3045558287 [TCP segment of a reassembled PDU]"
"42533","34.433443216","192.168.1.55","192.168.1.2","TCP","1514","8004  >  36330 [ACK] Seq=269574 Ack=144 Win=65024 Len=1448 TSval=2916038514 TSecr=3045558287 [TCP segment of a reassembled PDU]"
"42534","34.433444919","192.168.1.55","192.168.1.2","TCP","1514","8004  >  36330 [ACK] Seq=271022 Ack=144 Win=65024 Len=1448 TSval=2916038514 TSecr=3045558287 [TCP segment of a reassembled PDU]"
"42535","34.433446790","192.168.1.55","192.168.1.2","TCP","1514","8004  >  36330 [ACK] Seq=272470 Ack=144 Win=65024 Len=1448 TSval=2916038514 TSecr=3045558287 [TCP segment of a reassembled PDU]"
"42536","34.433448123","192.168.1.55","192.168.1.2","TCP","1514","8004  >  36330 [ACK] Seq=273918 Ack=144 Win=65024 Len=1448 TSval=2916038514 TSecr=3045558287 [TCP segment of a reassembled PDU]"
"42537","34.433449716","192.168.1.55","192.168.1.2","TCP","1514","8004  >  36330 [ACK] Seq=275366 Ack=144 Win=65024 Len=1448 TSval=2916038514 TSecr=3045558287 [TCP segment of a reassembled PDU]"
"42538","34.433450993","192.168.1.55","192.168.1.2","TCP","1514","8004  >  36330 [ACK] Seq=276814 Ack=144 Win=65024 Len=1448 TSval=2916038514 TSecr=3045558287 [TCP segment of a reassembled PDU]"
"42539","34.433453679","192.168.1.55","192.168.1.2","TCP","1514","8004  >  36330 [ACK] Seq=278262 Ack=144 Win=65024 Len=1448 TSval=2916038514 TSecr=3045558287 [TCP segment of a reassembled PDU]"
"42540","34.433455364","192.168.1.55","192.168.1.2","TCP","1514","8004  >  36330 [ACK] Seq=279710 Ack=144 Win=65024 Len=1448 TSval=2916038514 TSecr=3045558287 [TCP segment of a reassembled PDU]"
"42541","34.433456456","192.168.1.55","192.168.1.2","TCP","1514","8004  >  36330 [ACK] Seq=281158 Ack=144 Win=65024 Len=1448 TSval=2916038514 TSecr=3045558287 [TCP segment of a reassembled PDU]"
"42542","34.433457771","192.168.1.55","192.168.1.2","TCP","1514","8004  >  36330 [ACK] Seq=282606 Ack=144 Win=65024 Len=1448 TSval=2916038514 TSecr=3045558287 [TCP segment of a reassembled PDU]"
"42543","34.433459827","192.168.1.55","192.168.1.2","TCP","1514","8004  >  36330 [PSH, ACK] Seq=284054 Ack=144 Win=65024 Len=1448 TSval=2916038514 TSecr=3045558287 [TCP segment of a reassembled PDU]"
"42544","34.433468012","192.168.1.55","192.168.1.2","TCP","1458","8004  >  36330 [ACK] Seq=285502 Ack=144 Win=65024 Len=1392 TSval=2916038514 TSecr=3045558287 [TCP segment of a reassembled PDU]"
"42545","34.434969792","192.168.1.2","192.168.1.55","TCP","66","36330  >  8004 [ACK] Seq=144 Ack=237662 Win=93184 Len=0 TSval=3045558287 TSecr=2916038507"
"42546","34.435019348","192.168.1.55","192.168.1.2","TCP","1514","8004  >  36330 [ACK] Seq=286894 Ack=144 Win=65024 Len=1448 TSval=2916038515 TSecr=3045558287 [TCP segment of a reassembled PDU]"
"42547","34.435022755","192.168.1.55","192.168.1.2","TCP","1514","8004  >  36330 [ACK] Seq=288342 Ack=144 Win=65024 Len=1448 TSval=2916038515 TSecr=3045558287 [TCP segment of a reassembled PDU]"
"42548","34.435025163","192.168.1.55","192.168.1.2","TCP","1514","8004  >  36330 [ACK] Seq=289790 Ack=144 Win=65024 Len=1448 TSval=2916038515 TSecr=3045558287 [TCP segment of a reassembled PDU]"
"42549","34.435026755","192.168.1.55","192.168.1.2","TCP","1514","8004  >  36330 [ACK] Seq=291238 Ack=144 Win=65024 Len=1448 TSval=2916038515 TSecr=3045558287 [TCP segment of a reassembled PDU]"
"42550","34.435027848","192.168.1.55","192.168.1.2","TCP","1514","8004  >  36330 [ACK] Seq=292686 Ack=144 Win=65024 Len=1448 TSval=2916038515 TSecr=3045558287 [TCP segment of a reassembled PDU]"
"42551","34.435029144","192.168.1.55","192.168.1.2","TCP","1514","8004  >  36330 [ACK] Seq=294134 Ack=144 Win=65024 Len=1448 TSval=2916038515 TSecr=3045558287 [TCP segment of a reassembled PDU]"
"42552","34.435030329","192.168.1.55","192.168.1.2","TCP","1514","8004  >  36330 [ACK] Seq=295582 Ack=144 Win=65024 Len=1448 TSval=2916038515 TSecr=3045558287 [TCP segment of a reassembled PDU]"
"42553","34.435032940","192.168.1.55","192.168.1.2","TCP","1514","8004  >  36330 [ACK] Seq=297030 Ack=144 Win=65024 Len=1448 TSval=2916038515 TSecr=3045558287 [TCP segment of a reassembled PDU]"
"42554","34.435034570","192.168.1.55","192.168.1.2","TCP","1514","8004  >  36330 [ACK] Seq=298478 Ack=144 Win=65024 Len=1448 TSval=2916038515 TSecr=3045558287 [TCP segment of a reassembled PDU]"
"42555","34.435035755","192.168.1.55","192.168.1.2","TCP","1514","8004  >  36330 [ACK] Seq=299926 Ack=144 Win=65024 Len=1448 TSval=2916038515 TSecr=3045558287 [TCP segment of a reassembled PDU]"
"42556","34.435037237","192.168.1.55","192.168.1.2","TCP","1514","8004  >  36330 [ACK] Seq=301374 Ack=144 Win=65024 Len=1448 TSval=2916038515 TSecr=3045558287 [TCP segment of a reassembled PDU]"
"42557","34.435038329","192.168.1.55","192.168.1.2","TCP","1514","8004  >  36330 [ACK] Seq=302822 Ack=144 Win=65024 Len=1448 TSval=2916038515 TSecr=3045558287 [TCP segment of a reassembled PDU]"
"42558","34.435039496","192.168.1.55","192.168.1.2","TCP","1514","8004  >  36330 [ACK] Seq=304270 Ack=144 Win=65024 Len=1448 TSval=2916038515 TSecr=3045558287 [TCP segment of a reassembled PDU]"
"42559","34.435040848","192.168.1.55","192.168.1.2","TCP","1514","8004  >  36330 [ACK] Seq=305718 Ack=144 Win=65024 Len=1448 TSval=2916038515 TSecr=3045558287 [TCP segment of a reassembled PDU]"
"42560","34.435043292","192.168.1.55","192.168.1.2","TCP","1514","8004  >  36330 [ACK] Seq=307166 Ack=144 Win=65024 Len=1448 TSval=2916038515 TSecr=3045558287 [TCP segment of a reassembled PDU]"
"42561","34.435044792","192.168.1.55","192.168.1.2","TCP","1514","8004  >  36330 [ACK] Seq=308614 Ack=144 Win=65024 Len=1448 TSval=2916038515 TSecr=3045558287 [TCP segment of a reassembled PDU]"
"42562","34.435046218","192.168.1.55","192.168.1.2","TCP","1514","8004  >  36330 [ACK] Seq=310062 Ack=144 Win=65024 Len=1448 TSval=2916038515 TSecr=3045558287 [TCP segment of a reassembled PDU]"
"42563","34.435047496","192.168.1.55","192.168.1.2","TCP","1514","8004  >  36330 [ACK] Seq=311510 Ack=144 Win=65024 Len=1448 TSval=2916038515 TSecr=3045558287 [TCP segment of a reassembled PDU]"
"42564","34.435048551","192.168.1.55","192.168.1.2","TCP","1514","8004  >  36330 [ACK] Seq=312958 Ack=144 Win=65024 Len=1448 TSval=2916038515 TSecr=3045558287 [TCP segment of a reassembled PDU]"
"42565","34.435049903","192.168.1.55","192.168.1.2","TCP","1514","8004  >  36330 [ACK] Seq=314406 Ack=144 Win=65024 Len=1448 TSval=2916038515 TSecr=3045558287 [TCP segment of a reassembled PDU]"
"42566","34.435052218","192.168.1.55","192.168.1.2","TCP","1514","8004  >  36330 [ACK] Seq=315854 Ack=144 Win=65024 Len=1448 TSval=2916038515 TSecr=3045558287 [TCP segment of a reassembled PDU]"
"42567","34.435053811","192.168.1.55","192.168.1.2","TCP","1514","8004  >  36330 [ACK] Seq=317302 Ack=144 Win=65024 Len=1448 TSval=2916038515 TSecr=3045558287 [TCP segment of a reassembled PDU]"
"42568","34.435054940","192.168.1.55","192.168.1.2","TCP","1514","8004  >  36330 [ACK] Seq=318750 Ack=144 Win=65024 Len=1448 TSval=2916038515 TSecr=3045558287 [TCP segment of a reassembled PDU]"
"42569","34.435056070","192.168.1.55","192.168.1.2","TCP","1514","8004  >  36330 [ACK] Seq=320198 Ack=144 Win=65024 Len=1448 TSval=2916038515 TSecr=3045558287 [TCP segment of a reassembled PDU]"
"42570","34.435057163","192.168.1.55","192.168.1.2","TCP","1514","8004  >  36330 [ACK] Seq=321646 Ack=144 Win=65024 Len=1448 TSval=2916038515 TSecr=3045558287 [TCP segment of a reassembled PDU]"
"42571","34.435058292","192.168.1.55","192.168.1.2","TCP","1514","8004  >  36330 [ACK] Seq=323094 Ack=144 Win=65024 Len=1448 TSval=2916038515 TSecr=3045558287 [TCP segment of a reassembled PDU]"
"42572","34.435059533","192.168.1.55","192.168.1.2","TCP","1514","8004  >  36330 [ACK] Seq=324542 Ack=144 Win=65024 Len=1448 TSval=2916038515 TSecr=3045558287 [TCP segment of a reassembled PDU]"
"42573","34.435062089","192.168.1.55","192.168.1.2","TCP","1514","8004  >  36330 [ACK] Seq=325990 Ack=144 Win=65024 Len=1448 TSval=2916038515 TSecr=3045558287 [TCP segment of a reassembled PDU]"
"42574","34.435063681","192.168.1.55","192.168.1.2","TCP","1514","8004  >  36330 [PSH, ACK] Seq=327438 Ack=144 Win=65024 Len=1448 TSval=2916038515 TSecr=3045558287 [TCP segment of a reassembled PDU]"
"42575","34.435119644","192.168.1.2","192.168.1.55","TCP","66","36330  >  8004 [ACK] Seq=144 Ack=246350 Win=86016 Len=0 TSval=3045558287 TSecr=2916038507"
"42576","34.435129274","192.168.1.2","192.168.1.55","TCP","66","36330  >  8004 [ACK] Seq=144 Ack=247798 Win=96256 Len=0 TSval=3045558288 TSecr=2916038507"
"42577","34.435133107","192.168.1.2","192.168.1.55","TCP","66","36330  >  8004 [ACK] Seq=144 Ack=253646 Win=105472 Len=0 TSval=3045558288 TSecr=2916038507"
"42578","34.435167866","192.168.1.55","192.168.1.2","TCP","1514","8004  >  36330 [ACK] Seq=328886 Ack=144 Win=65024 Len=1448 TSval=2916038515 TSecr=3045558288 [TCP segment of a reassembled PDU]"
"42579","34.435169552","192.168.1.55","192.168.1.2","TCP","1514","8004  >  36330 [ACK] Seq=330334 Ack=144 Win=65024 Len=1448 TSval=2916038515 TSecr=3045558288 [TCP segment of a reassembled PDU]"
"42580","34.435171033","192.168.1.55","192.168.1.2","TCP","1514","8004  >  36330 [ACK] Seq=331782 Ack=144 Win=65024 Len=1448 TSval=2916038515 TSecr=3045558288 [TCP segment of a reassembled PDU]"
"42581","34.435173552","192.168.1.55","192.168.1.2","TCP","1514","8004  >  36330 [ACK] Seq=333230 Ack=144 Win=65024 Len=1448 TSval=2916038515 TSecr=3045558288 [TCP segment of a reassembled PDU]"
"42582","34.435175311","192.168.1.55","192.168.1.2","TCP","1514","8004  >  36330 [ACK] Seq=334678 Ack=144 Win=65024 Len=1448 TSval=2916038515 TSecr=3045558288 [TCP segment of a reassembled PDU]"
"42583","34.435176367","192.168.1.55","192.168.1.2","TCP","1514","8004  >  36330 [ACK] Seq=336126 Ack=144 Win=65024 Len=1448 TSval=2916038515 TSecr=3045558288 [TCP segment of a reassembled PDU]"
"42584","34.435177552","192.168.1.55","192.168.1.2","TCP","1514","8004  >  36330 [ACK] Seq=337574 Ack=144 Win=65024 Len=1448 TSval=2916038515 TSecr=3045558288 [TCP segment of a reassembled PDU]"
"42585","34.435178644","192.168.1.55","192.168.1.2","TCP","1514","8004  >  36330 [ACK] Seq=339022 Ack=144 Win=65024 Len=1448 TSval=2916038515 TSecr=3045558288 [TCP segment of a reassembled PDU]"
"42586","34.435179885","192.168.1.55","192.168.1.2","TCP","1514","8004  >  36330 [ACK] Seq=340470 Ack=144 Win=65024 Len=1448 TSval=2916038515 TSecr=3045558288 [TCP segment of a reassembled PDU]"
"42587","34.435181737","192.168.1.55","192.168.1.2","TCP","1514","8004  >  36330 [ACK] Seq=341918 Ack=144 Win=65024 Len=1448 TSval=2916038515 TSecr=3045558288 [TCP segment of a reassembled PDU]"
"42588","34.435183552","192.168.1.55","192.168.1.2","TCP","1514","8004  >  36330 [ACK] Seq=343366 Ack=144 Win=65024 Len=1448 TSval=2916038515 TSecr=3045558288 [TCP segment of a reassembled PDU]"
"42589","34.435184718","192.168.1.55","192.168.1.2","TCP","1514","8004  >  36330 [ACK] Seq=344814 Ack=144 Win=65024 Len=1448 TSval=2916038515 TSecr=3045558288 [TCP segment of a reassembled PDU]"
"42590","34.435185978","192.168.1.55","192.168.1.2","TCP","1514","8004  >  36330 [ACK] Seq=346262 Ack=144 Win=65024 Len=1448 TSval=2916038515 TSecr=3045558288 [TCP segment of a reassembled PDU]"
"42591","34.435187033","192.168.1.55","192.168.1.2","TCP","1514","8004  >  36330 [ACK] Seq=347710 Ack=144 Win=65024 Len=1448 TSval=2916038515 TSecr=3045558288 [TCP segment of a reassembled PDU]"
"42592","34.435188348","192.168.1.55","192.168.1.2","TCP","1514","8004  >  36330 [ACK] Seq=349158 Ack=144 Win=65024 Len=1448 TSval=2916038515 TSecr=3045558288 [TCP segment of a reassembled PDU]"
"42593","34.435189441","192.168.1.55","192.168.1.2","TCP","1514","8004  >  36330 [ACK] Seq=350606 Ack=144 Win=65024 Len=1448 TSval=2916038515 TSecr=3045558288 [TCP segment of a reassembled PDU]"
"42594","34.435191941","192.168.1.55","192.168.1.2","TCP","1514","8004  >  36330 [ACK] Seq=352054 Ack=144 Win=65024 Len=1448 TSval=2916038515 TSecr=3045558288 [TCP segment of a reassembled PDU]"
"42595","34.435193552","192.168.1.55","192.168.1.2","TCP","1514","8004  >  36330 [ACK] Seq=353502 Ack=144 Win=65024 Len=1448 TSval=2916038515 TSecr=3045558288 [TCP segment of a reassembled PDU]"
"42596","34.435194626","192.168.1.55","192.168.1.2","TCP","1514","8004  >  36330 [ACK] Seq=354950 Ack=144 Win=65024 Len=1448 TSval=2916038515 TSecr=3045558288 [TCP segment of a reassembled PDU]"
"42597","34.435195922","192.168.1.55","192.168.1.2","TCP","1514","8004  >  36330 [PSH, ACK] Seq=356398 Ack=144 Win=65024 Len=1448 TSval=2916038515 TSecr=3045558288 [TCP segment of a reassembled PDU]"
"42598","34.440684523","192.168.1.2","192.168.1.55","TCP","66","36330  >  8004 [ACK] Seq=144 Ack=285502 Win=79872 Len=0 TSval=3045558296 TSecr=2916038514"
"42599","34.440714616","192.168.1.55","192.168.1.2","TCP","1514","8004  >  36330 [ACK] Seq=357846 Ack=144 Win=65024 Len=1448 TSval=2916038521 TSecr=3045558296 [TCP segment of a reassembled PDU]"
"42600","34.440718061","192.168.1.55","192.168.1.2","TCP","1514","8004  >  36330 [ACK] Seq=359294 Ack=144 Win=65024 Len=1448 TSval=2916038521 TSecr=3045558296 [TCP segment of a reassembled PDU]"
"42601","34.440719468","192.168.1.55","192.168.1.2","TCP","1514","8004  >  36330 [ACK] Seq=360742 Ack=144 Win=65024 Len=1448 TSval=2916038521 TSecr=3045558296 [TCP segment of a reassembled PDU]"
"42602","34.440720820","192.168.1.55","192.168.1.2","TCP","1514","8004  >  36330 [ACK] Seq=362190 Ack=144 Win=65024 Len=1448 TSval=2916038521 TSecr=3045558296 [TCP segment of a reassembled PDU]"
"42603","34.440722375","192.168.1.55","192.168.1.2","TCP","1514","8004  >  36330 [PSH, ACK] Seq=363638 Ack=144 Win=65024 Len=1448 TSval=2916038521 TSecr=3045558296 [TCP segment of a reassembled PDU]"
"42604","34.441028154","192.168.1.2","192.168.1.55","TCP","66","36330  >  8004 [ACK] Seq=144 Ack=328886 Win=50176 Len=0 TSval=3045558296 TSecr=2916038514"
"42605","34.441041728","192.168.1.55","192.168.1.2","TCP","1514","8004  >  36330 [ACK] Seq=365086 Ack=144 Win=65024 Len=1448 TSval=2916038521 TSecr=3045558296 [TCP segment of a reassembled PDU]"
"42606","34.441043820","192.168.1.55","192.168.1.2","TCP","1514","8004  >  36330 [ACK] Seq=366534 Ack=144 Win=65024 Len=1448 TSval=2916038521 TSecr=3045558296 [TCP segment of a reassembled PDU]"
"42607","34.441045209","192.168.1.55","192.168.1.2","TCP","1514","8004  >  36330 [ACK] Seq=367982 Ack=144 Win=65024 Len=1448 TSval=2916038521 TSecr=3045558296 [TCP segment of a reassembled PDU]"
"42608","34.441046580","192.168.1.55","192.168.1.2","TCP","1514","8004  >  36330 [PSH, ACK] Seq=369430 Ack=144 Win=65024 Len=1448 TSval=2916038521 TSecr=3045558296 [TCP segment of a reassembled PDU]"
"42609","34.441051135","192.168.1.2","192.168.1.55","TCP","66","[TCP Window Update] 36330  >  8004 [ACK] Seq=144 Ack=328886 Win=105472 Len=0 TSval=3045558296 TSecr=2916038514"
"42610","34.441084413","192.168.1.55","192.168.1.2","TCP","1514","8004  >  36330 [ACK] Seq=370878 Ack=144 Win=65024 Len=1448 TSval=2916038521 TSecr=3045558296 [TCP segment of a reassembled PDU]"
"42611","34.441086487","192.168.1.55","192.168.1.2","TCP","1514","8004  >  36330 [ACK] Seq=372326 Ack=144 Win=65024 Len=1448 TSval=2916038521 TSecr=3045558296 [TCP segment of a reassembled PDU]"
"42612","34.441087876","192.168.1.55","192.168.1.2","TCP","1514","8004  >  36330 [ACK] Seq=373774 Ack=144 Win=65024 Len=1448 TSval=2916038521 TSecr=3045558296 [TCP segment of a reassembled PDU]"
"42613","34.441089265","192.168.1.55","192.168.1.2","TCP","1514","8004  >  36330 [ACK] Seq=375222 Ack=144 Win=65024 Len=1448 TSval=2916038521 TSecr=3045558296 [TCP segment of a reassembled PDU]"
"42614","34.441090728","192.168.1.55","192.168.1.2","TCP","1514","8004  >  36330 [ACK] Seq=376670 Ack=144 Win=65024 Len=1448 TSval=2916038521 TSecr=3045558296 [TCP segment of a reassembled PDU]"
"42615","34.441092228","192.168.1.55","192.168.1.2","TCP","1514","8004  >  36330 [ACK] Seq=378118 Ack=144 Win=65024 Len=1448 TSval=2916038521 TSecr=3045558296 [TCP segment of a reassembled PDU]"
"42616","34.441093654","192.168.1.55","192.168.1.2","TCP","1514","8004  >  36330 [ACK] Seq=379566 Ack=144 Win=65024 Len=1448 TSval=2916038521 TSecr=3045558296 [TCP segment of a reassembled PDU]"
"42617","34.441095006","192.168.1.55","192.168.1.2","TCP","1514","8004  >  36330 [ACK] Seq=381014 Ack=144 Win=65024 Len=1448 TSval=2916038521 TSecr=3045558296 [TCP segment of a reassembled PDU]"
"42618","34.441096376","192.168.1.55","192.168.1.2","TCP","1514","8004  >  36330 [ACK] Seq=382462 Ack=144 Win=65024 Len=1448 TSval=2916038521 TSecr=3045558296 [TCP segment of a reassembled PDU]"
"42619","34.441097728","192.168.1.55","192.168.1.2","TCP","1514","8004  >  36330 [ACK] Seq=383910 Ack=144 Win=65024 Len=1448 TSval=2916038521 TSecr=3045558296 [TCP segment of a reassembled PDU]"
"42620","34.441099376","192.168.1.55","192.168.1.2","TCP","1514","8004  >  36330 [ACK] Seq=385358 Ack=144 Win=65024 Len=1448 TSval=2916038521 TSecr=3045558296 [TCP segment of a reassembled PDU]"
"42621","34.441100820","192.168.1.55","192.168.1.2","TCP","1514","8004  >  36330 [ACK] Seq=386806 Ack=144 Win=65024 Len=1448 TSval=2916038521 TSecr=3045558296 [TCP segment of a reassembled PDU]"
"42622","34.441102191","192.168.1.55","192.168.1.2","TCP","1514","8004  >  36330 [ACK] Seq=388254 Ack=144 Win=65024 Len=1448 TSval=2916038521 TSecr=3045558296 [TCP segment of a reassembled PDU]"
"42623","34.441103950","192.168.1.55","192.168.1.2","TCP","1514","8004  >  36330 [ACK] Seq=389702 Ack=144 Win=65024 Len=1448 TSval=2916038521 TSecr=3045558296 [TCP segment of a reassembled PDU]"
"42624","34.441105487","192.168.1.55","192.168.1.2","TCP","1514","8004  >  36330 [ACK] Seq=391150 Ack=144 Win=65024 Len=1448 TSval=2916038521 TSecr=3045558296 [TCP segment of a reassembled PDU]"
"42625","34.441107209","192.168.1.55","192.168.1.2","TCP","1514","8004  >  36330 [ACK] Seq=392598 Ack=144 Win=65024 Len=1448 TSval=2916038521 TSecr=3045558296 [TCP segment of a reassembled PDU]"
"42626","34.441108765","192.168.1.55","192.168.1.2","TCP","1514","8004  >  36330 [ACK] Seq=394046 Ack=144 Win=65024 Len=1448 TSval=2916038521 TSecr=3045558296 [TCP segment of a reassembled PDU]"
"42627","34.441110043","192.168.1.55","192.168.1.2","TCP","1514","8004  >  36330 [ACK] Seq=395494 Ack=144 Win=65024 Len=1448 TSval=2916038521 TSecr=3045558296 [TCP segment of a reassembled PDU]"
"42628","34.441111524","192.168.1.55","192.168.1.2","TCP","1514","8004  >  36330 [ACK] Seq=396942 Ack=144 Win=65024 Len=1448 TSval=2916038521 TSecr=3045558296 [TCP segment of a reassembled PDU]"
"42629","34.441112802","192.168.1.55","192.168.1.2","TCP","1514","8004  >  36330 [ACK] Seq=398390 Ack=144 Win=65024 Len=1448 TSval=2916038521 TSecr=3045558296 [TCP segment of a reassembled PDU]"
"42630","34.441114228","192.168.1.55","192.168.1.2","TCP","1514","8004  >  36330 [ACK] Seq=399838 Ack=144 Win=65024 Len=1448 TSval=2916038521 TSecr=3045558296 [TCP segment of a reassembled PDU]"
"42631","34.441115524","192.168.1.55","192.168.1.2","TCP","1514","8004  >  36330 [ACK] Seq=401286 Ack=144 Win=65024 Len=1448 TSval=2916038521 TSecr=3045558296 [TCP segment of a reassembled PDU]"
"42632","34.441116987","192.168.1.55","192.168.1.2","TCP","1514","8004  >  36330 [ACK] Seq=402734 Ack=144 Win=65024 Len=1448 TSval=2916038521 TSecr=3045558296 [TCP segment of a reassembled PDU]"
"42633","34.441118691","192.168.1.55","192.168.1.2","TCP","1514","8004  >  36330 [ACK] Seq=404182 Ack=144 Win=65024 Len=1448 TSval=2916038521 TSecr=3045558296 [TCP segment of a reassembled PDU]"
"42634","34.441119969","192.168.1.55","192.168.1.2","TCP","1514","8004  >  36330 [ACK] Seq=405630 Ack=144 Win=65024 Len=1448 TSval=2916038521 TSecr=3045558296 [TCP segment of a reassembled PDU]"
"42635","34.441121506","192.168.1.55","192.168.1.2","TCP","1514","8004  >  36330 [ACK] Seq=407078 Ack=144 Win=65024 Len=1448 TSval=2916038521 TSecr=3045558296 [TCP segment of a reassembled PDU]"
"42636","34.441122913","192.168.1.55","192.168.1.2","TCP","1514","8004  >  36330 [ACK] Seq=408526 Ack=144 Win=65024 Len=1448 TSval=2916038521 TSecr=3045558296 [TCP segment of a reassembled PDU]"
"42637","34.441124191","192.168.1.55","192.168.1.2","TCP","1514","8004  >  36330 [ACK] Seq=409974 Ack=144 Win=65024 Len=1448 TSval=2916038521 TSecr=3045558296 [TCP segment of a reassembled PDU]"
"42638","34.441125598","192.168.1.55","192.168.1.2","TCP","1514","8004  >  36330 [PSH, ACK] Seq=411422 Ack=144 Win=65024 Len=1448 TSval=2916038521 TSecr=3045558296 [TCP segment of a reassembled PDU]"
"42639","34.441130561","192.168.1.2","192.168.1.55","TCP","66","36330  >  8004 [ACK] Seq=144 Ack=356398 Win=84992 Len=0 TSval=3045558296 TSecr=2916038515"
"42640","34.441166209","192.168.1.55","192.168.1.2","TCP","1514","8004  >  36330 [ACK] Seq=412870 Ack=144 Win=65024 Len=1448 TSval=2916038521 TSecr=3045558296 [TCP segment of a reassembled PDU]"
"42641","34.441168172","192.168.1.55","192.168.1.2","TCP","1514","8004  >  36330 [ACK] Seq=414318 Ack=144 Win=65024 Len=1448 TSval=2916038521 TSecr=3045558296 [TCP segment of a reassembled PDU]"
"42642","34.441169487","192.168.1.55","192.168.1.2","TCP","1514","8004  >  36330 [ACK] Seq=415766 Ack=144 Win=65024 Len=1448 TSval=2916038521 TSecr=3045558296 [TCP segment of a reassembled PDU]"
"42643","34.441170783","192.168.1.55","192.168.1.2","TCP","1514","8004  >  36330 [ACK] Seq=417214 Ack=144 Win=65024 Len=1448 TSval=2916038521 TSecr=3045558296 [TCP segment of a reassembled PDU]"
"42644","34.441172209","192.168.1.55","192.168.1.2","TCP","1514","8004  >  36330 [ACK] Seq=418662 Ack=144 Win=65024 Len=1448 TSval=2916038521 TSecr=3045558296 [TCP segment of a reassembled PDU]"
"42645","34.441173487","192.168.1.55","192.168.1.2","TCP","1514","8004  >  36330 [ACK] Seq=420110 Ack=144 Win=65024 Len=1448 TSval=2916038521 TSecr=3045558296 [TCP segment of a reassembled PDU]"
"42646","34.441174746","192.168.1.55","192.168.1.2","TCP","1514","8004  >  36330 [ACK] Seq=421558 Ack=144 Win=65024 Len=1448 TSval=2916038521 TSecr=3045558296 [TCP segment of a reassembled PDU]"
"42647","34.441176135","192.168.1.55","192.168.1.2","TCP","1514","8004  >  36330 [ACK] Seq=423006 Ack=144 Win=65024 Len=1448 TSval=2916038521 TSecr=3045558296 [TCP segment of a reassembled PDU]"
"42648","34.441177802","192.168.1.55","192.168.1.2","TCP","1514","8004  >  36330 [ACK] Seq=424454 Ack=144 Win=65024 Len=1448 TSval=2916038521 TSecr=3045558296 [TCP segment of a reassembled PDU]"
"42649","34.441179209","192.168.1.55","192.168.1.2","TCP","1514","8004  >  36330 [ACK] Seq=425902 Ack=144 Win=65024 Len=1448 TSval=2916038521 TSecr=3045558296 [TCP segment of a reassembled PDU]"
"42650","34.441180487","192.168.1.55","192.168.1.2","TCP","1514","8004  >  36330 [ACK] Seq=427350 Ack=144 Win=65024 Len=1448 TSval=2916038521 TSecr=3045558296 [TCP segment of a reassembled PDU]"
"42651","34.441181950","192.168.1.55","192.168.1.2","TCP","1514","8004  >  36330 [ACK] Seq=428798 Ack=144 Win=65024 Len=1448 TSval=2916038521 TSecr=3045558296 [TCP segment of a reassembled PDU]"
"42652","34.441183358","192.168.1.55","192.168.1.2","TCP","1514","8004  >  36330 [ACK] Seq=430246 Ack=144 Win=65024 Len=1448 TSval=2916038521 TSecr=3045558296 [TCP segment of a reassembled PDU]"
"42653","34.441184709","192.168.1.55","192.168.1.2","TCP","1514","8004  >  36330 [ACK] Seq=431694 Ack=144 Win=65024 Len=1448 TSval=2916038521 TSecr=3045558296 [TCP segment of a reassembled PDU]"
"42654","34.441186135","192.168.1.55","192.168.1.2","TCP","1514","8004  >  36330 [ACK] Seq=433142 Ack=144 Win=65024 Len=1448 TSval=2916038521 TSecr=3045558296 [TCP segment of a reassembled PDU]"
"42655","34.441187432","192.168.1.55","192.168.1.2","TCP","1514","8004  >  36330 [ACK] Seq=434590 Ack=144 Win=65024 Len=1448 TSval=2916038521 TSecr=3045558296 [TCP segment of a reassembled PDU]"
"42656","34.441188765","192.168.1.55","192.168.1.2","TCP","1514","8004  >  36330 [ACK] Seq=436038 Ack=144 Win=65024 Len=1448 TSval=2916038521 TSecr=3045558296 [TCP segment of a reassembled PDU]"
"42657","34.441195376","192.168.1.55","192.168.1.2","TCP","1514","8004  >  36330 [ACK] Seq=437486 Ack=144 Win=65024 Len=1448 TSval=2916038521 TSecr=3045558296 [TCP segment of a reassembled PDU]"
"42658","34.441197117","192.168.1.55","192.168.1.2","TCP","1514","8004  >  36330 [ACK] Seq=438934 Ack=144 Win=65024 Len=1448 TSval=2916038521 TSecr=3045558296 [TCP segment of a reassembled PDU]"
"42659","34.441198635","192.168.1.55","192.168.1.2","TCP","1074","[TCP Window Full] 8004  >  36330 [PSH, ACK] Seq=440382 Ack=144 Win=65024 Len=1008 TSval=2916038521 TSecr=3045558296 [TCP segment of a reassembled PDU]"
"42660","34.441228524","192.168.1.2","192.168.1.55","TCP","66","36330  >  8004 [ACK] Seq=144 Ack=357846 Win=108544 Len=0 TSval=3045558296 TSecr=2916038515"
"42661","34.441252376","192.168.1.55","192.168.1.2","TCP","1514","8004  >  36330 [ACK] Seq=441390 Ack=144 Win=65024 Len=1448 TSval=2916038521 TSecr=3045558296 [TCP segment of a reassembled PDU]"
"42662","34.441254302","192.168.1.55","192.168.1.2","TCP","1514","8004  >  36330 [ACK] Seq=442838 Ack=144 Win=65024 Len=1448 TSval=2916038521 TSecr=3045558296 [TCP segment of a reassembled PDU]"
"42663","34.441255617","192.168.1.55","192.168.1.2","TCP","1514","8004  >  36330 [ACK] Seq=444286 Ack=144 Win=65024 Len=1448 TSval=2916038521 TSecr=3045558296 [TCP segment of a reassembled PDU]"
"42664","34.441256913","192.168.1.55","192.168.1.2","TCP","1514","8004  >  36330 [ACK] Seq=445734 Ack=144 Win=65024 Len=1448 TSval=2916038521 TSecr=3045558296 [TCP segment of a reassembled PDU]"
"42665","34.441258265","192.168.1.55","192.168.1.2","TCP","1514","8004  >  36330 [ACK] Seq=447182 Ack=144 Win=65024 Len=1448 TSval=2916038521 TSecr=3045558296 [TCP segment of a reassembled PDU]"
"42666","34.441259635","192.168.1.55","192.168.1.2","TCP","1514","8004  >  36330 [ACK] Seq=448630 Ack=144 Win=65024 Len=1448 TSval=2916038521 TSecr=3045558296 [TCP segment of a reassembled PDU]"
"42667","34.441260987","192.168.1.55","192.168.1.2","TCP","1514","8004  >  36330 [ACK] Seq=450078 Ack=144 Win=65024 Len=1448 TSval=2916038521 TSecr=3045558296 [TCP segment of a reassembled PDU]"
"42668","34.441262376","192.168.1.55","192.168.1.2","TCP","1514","8004  >  36330 [ACK] Seq=451526 Ack=144 Win=65024 Len=1448 TSval=2916038521 TSecr=3045558296 [TCP segment of a reassembled PDU]"
"42669","34.441264080","192.168.1.55","192.168.1.2","TCP","1514","8004  >  36330 [PSH, ACK] Seq=452974 Ack=144 Win=65024 Len=1448 TSval=2916038521 TSecr=3045558296 [TCP segment of a reassembled PDU]"
"42670","34.442464174","192.168.1.55","192.168.1.2","TCP","506","8004  >  36330 [PSH, ACK] Seq=454422 Ack=144 Win=65024 Len=440 TSval=2916038523 TSecr=3045558296 [TCP segment of a reassembled PDU]"
"42671","34.442485249","192.168.1.55","192.168.1.2","TCP","1514","8004  >  36330 [ACK] Seq=454862 Ack=144 Win=65024 Len=1448 TSval=2916038523 TSecr=3045558296 [TCP segment of a reassembled PDU]"
"42672","34.442486600","192.168.1.55","192.168.1.2","TCP","1514","8004  >  36330 [ACK] Seq=456310 Ack=144 Win=65024 Len=1448 TSval=2916038523 TSecr=3045558296 [TCP segment of a reassembled PDU]"
"42673","34.442487915","192.168.1.55","192.168.1.2","TCP","1514","8004  >  36330 [ACK] Seq=457758 Ack=144 Win=65024 Len=1448 TSval=2916038523 TSecr=3045558296 [TCP segment of a reassembled PDU]"
"42674","34.442489267","192.168.1.55","192.168.1.2","TCP","1514","8004  >  36330 [ACK] Seq=459206 Ack=144 Win=65024 Len=1448 TSval=2916038523 TSecr=3045558296 [TCP segment of a reassembled PDU]"
"42675","34.442490563","192.168.1.55","192.168.1.2","TCP","1514","8004  >  36330 [ACK] Seq=460654 Ack=144 Win=65024 Len=1448 TSval=2916038523 TSecr=3045558296 [TCP segment of a reassembled PDU]"
"42676","34.442491989","192.168.1.55","192.168.1.2","TCP","1514","8004  >  36330 [ACK] Seq=462102 Ack=144 Win=65024 Len=1448 TSval=2916038523 TSecr=3045558296 [TCP segment of a reassembled PDU]"
"42677","34.442493360","192.168.1.55","192.168.1.2","TCP","1514","8004  >  36330 [PSH, ACK] Seq=463550 Ack=144 Win=65024 Len=1448 TSval=2916038523 TSecr=3045558296 [TCP segment of a reassembled PDU]"
"42678","34.447966850","192.168.1.2","192.168.1.55","TCP","66","36330  >  8004 [ACK] Seq=144 Ack=370878 Win=108544 Len=0 TSval=3045558302 TSecr=2916038521"
"42679","34.447999072","192.168.1.55","192.168.1.2","TCP","1514","8004  >  36330 [ACK] Seq=464998 Ack=144 Win=65024 Len=1448 TSval=2916038528 TSecr=3045558302 [TCP segment of a reassembled PDU]"
"42680","34.448002498","192.168.1.55","192.168.1.2","TCP","1514","8004  >  36330 [ACK] Seq=466446 Ack=144 Win=65024 Len=1448 TSval=2916038528 TSecr=3045558302 [TCP segment of a reassembled PDU]"
"42681","34.448003794","192.168.1.55","192.168.1.2","TCP","1514","8004  >  36330 [ACK] Seq=467894 Ack=144 Win=65024 Len=1448 TSval=2916038528 TSecr=3045558302 [TCP segment of a reassembled PDU]"
"42682","34.448005165","192.168.1.55","192.168.1.2","TCP","1514","8004  >  36330 [ACK] Seq=469342 Ack=144 Win=65024 Len=1448 TSval=2916038528 TSecr=3045558302 [TCP segment of a reassembled PDU]"
"42683","34.448006461","192.168.1.55","192.168.1.2","TCP","1514","8004  >  36330 [ACK] Seq=470790 Ack=144 Win=65024 Len=1448 TSval=2916038528 TSecr=3045558302 [TCP segment of a reassembled PDU]"
"42684","34.448007868","192.168.1.55","192.168.1.2","TCP","1514","8004  >  36330 [ACK] Seq=472238 Ack=144 Win=65024 Len=1448 TSval=2916038528 TSecr=3045558302 [TCP segment of a reassembled PDU]"
"42685","34.448009498","192.168.1.55","192.168.1.2","TCP","1514","8004  >  36330 [ACK] Seq=473686 Ack=144 Win=65024 Len=1448 TSval=2916038528 TSecr=3045558302 [TCP segment of a reassembled PDU]"
"42686","34.448010794","192.168.1.55","192.168.1.2","TCP","1514","8004  >  36330 [ACK] Seq=475134 Ack=144 Win=65024 Len=1448 TSval=2916038528 TSecr=3045558302 [TCP segment of a reassembled PDU]"
"42687","34.448012072","192.168.1.55","192.168.1.2","TCP","1514","8004  >  36330 [PSH, ACK] Seq=476582 Ack=144 Win=65024 Len=1448 TSval=2916038528 TSecr=3045558302 [TCP segment of a reassembled PDU]"
"42688","34.448470258","192.168.1.2","192.168.1.55","TCP","66","36330  >  8004 [ACK] Seq=144 Ack=383910 Win=134144 Len=0 TSval=3045558302 TSecr=2916038521"
"42689","34.448489147","192.168.1.55","192.168.1.2","TCP","1514","8004  >  36330 [ACK] Seq=478030 Ack=144 Win=65024 Len=1448 TSval=2916038529 TSecr=3045558302 [TCP segment of a reassembled PDU]"
"42690","34.448490943","192.168.1.55","192.168.1.2","TCP","1514","8004  >  36330 [ACK] Seq=479478 Ack=144 Win=65024 Len=1448 TSval=2916038529 TSecr=3045558302 [TCP segment of a reassembled PDU]"
"42691","34.448492351","192.168.1.55","192.168.1.2","TCP","1514","8004  >  36330 [ACK] Seq=480926 Ack=144 Win=65024 Len=1448 TSval=2916038529 TSecr=3045558302 [TCP segment of a reassembled PDU]"
"42692","34.448493703","192.168.1.55","192.168.1.2","TCP","1514","8004  >  36330 [ACK] Seq=482374 Ack=144 Win=65024 Len=1448 TSval=2916038529 TSecr=3045558302 [TCP segment of a reassembled PDU]"
"42693","34.448495073","192.168.1.55","192.168.1.2","TCP","1514","8004  >  36330 [ACK] Seq=483822 Ack=144 Win=65024 Len=1448 TSval=2916038529 TSecr=3045558302 [TCP segment of a reassembled PDU]"
"42694","34.448496480","192.168.1.55","192.168.1.2","TCP","1514","8004  >  36330 [ACK] Seq=485270 Ack=144 Win=65024 Len=1448 TSval=2916038529 TSecr=3045558302 [TCP segment of a reassembled PDU]"
"42695","34.448497851","192.168.1.55","192.168.1.2","TCP","1514","8004  >  36330 [ACK] Seq=486718 Ack=144 Win=65024 Len=1448 TSval=2916038529 TSecr=3045558302 [TCP segment of a reassembled PDU]"
"42696","34.448499277","192.168.1.55","192.168.1.2","TCP","1514","8004  >  36330 [ACK] Seq=488166 Ack=144 Win=65024 Len=1448 TSval=2916038529 TSecr=3045558302 [TCP segment of a reassembled PDU]"
"42697","34.448500554","192.168.1.55","192.168.1.2","TCP","1514","8004  >  36330 [ACK] Seq=489614 Ack=144 Win=65024 Len=1448 TSval=2916038529 TSecr=3045558302 [TCP segment of a reassembled PDU]"
"42698","34.448501943","192.168.1.55","192.168.1.2","TCP","1514","8004  >  36330 [ACK] Seq=491062 Ack=144 Win=65024 Len=1448 TSval=2916038529 TSecr=3045558302 [TCP segment of a reassembled PDU]"
"42699","34.448503221","192.168.1.55","192.168.1.2","TCP","1514","8004  >  36330 [ACK] Seq=492510 Ack=144 Win=65024 Len=1448 TSval=2916038529 TSecr=3045558302 [TCP segment of a reassembled PDU]"
"42700","34.448504554","192.168.1.55","192.168.1.2","TCP","1514","8004  >  36330 [ACK] Seq=493958 Ack=144 Win=65024 Len=1448 TSval=2916038529 TSecr=3045558302 [TCP segment of a reassembled PDU]"
"42701","34.448506017","192.168.1.55","192.168.1.2","TCP","1514","8004  >  36330 [PSH, ACK] Seq=495406 Ack=144 Win=65024 Len=1448 TSval=2916038529 TSecr=3045558302 [TCP segment of a reassembled PDU]"
"42702","34.448513536","192.168.1.55","192.168.1.2","TCP","1514","8004  >  36330 [ACK] Seq=496854 Ack=144 Win=65024 Len=1448 TSval=2916038529 TSecr=3045558302 [TCP segment of a reassembled PDU]"
"42703","34.448517129","192.168.1.55","192.168.1.2","HTTP","222","HTTP/1.0 200 OK  (PNG)"
"42704","34.448521110","192.168.1.2","192.168.1.55","TCP","66","36330  >  8004 [ACK] Seq=144 Ack=412870 Win=167936 Len=0 TSval=3045558303 TSecr=2916038521"
"42705","34.448528406","192.168.1.2","192.168.1.55","TCP","66","36330  >  8004 [ACK] Seq=144 Ack=441390 Win=140288 Len=0 TSval=3045558303 TSecr=2916038521"
"42706","34.448534054","192.168.1.2","192.168.1.55","TCP","66","36330  >  8004 [ACK] Seq=144 Ack=456310 Win=129024 Len=0 TSval=3045558303 TSecr=2916038521"
"42707","34.449629945","192.168.1.2","192.168.1.55","TCP","66","36330  >  8004 [ACK] Seq=144 Ack=457758 Win=171008 Len=0 TSval=3045558304 TSecr=2916038523"
"42708","34.449791538","192.168.1.2","192.168.1.55","TCP","66","36330  >  8004 [ACK] Seq=144 Ack=464998 Win=185344 Len=0 TSval=3045558304 TSecr=2916038523"
"42709","34.449797168","192.168.1.2","192.168.1.55","TCP","66","36330  >  8004 [ACK] Seq=144 Ack=466446 Win=188416 Len=0 TSval=3045558305 TSecr=2916038528"
"42710","34.449801445","192.168.1.2","192.168.1.55","TCP","66","36330  >  8004 [ACK] Seq=144 Ack=467894 Win=190464 Len=0 TSval=3045558305 TSecr=2916038528"
"42711","34.452561079","192.168.1.2","192.168.1.55","TCP","66","36330  >  8004 [ACK] Seq=144 Ack=489614 Win=181248 Len=0 TSval=3045558307 TSecr=2916038528"
"42712","34.452660431","192.168.1.2","192.168.1.55","TCP","66","36330  >  8004 [ACK] Seq=144 Ack=496854 Win=193536 Len=0 TSval=3045558308 TSecr=2916038529"
"42713","34.453524525","192.168.1.2","192.168.1.55","TCP","66","36330  >  8004 [ACK] Seq=144 Ack=498459 Win=196608 Len=0 TSval=3045558309 TSecr=2916038529"
"42714","34.455026750","192.168.1.2","192.168.1.55","TCP","66","36330  >  8004 [FIN, ACK] Seq=144 Ack=498459 Win=196608 Len=0 TSval=3045558309 TSecr=2916038529"
"42715","34.455043898","192.168.1.55","192.168.1.2","TCP","66","8004  >  36330 [ACK] Seq=498459 Ack=145 Win=65024 Len=0 TSval=2916038535 TSecr=3045558309"
"42716","34.455140435","192.168.1.2","192.168.1.55","TCP","74","36346  >  8004 [SYN] Seq=0 Win=64240 Len=0 MSS=1460 SACK_PERM TSval=3045558309 TSecr=0 WS=1024"
"42717","34.455154954","192.168.1.55","192.168.1.2","TCP","74","8004  >  36346 [SYN, ACK] Seq=0 Ack=1 Win=65160 Len=0 MSS=1460 SACK_PERM TSval=2916038535 TSecr=3045558309 WS=128"
"42718","34.458340626","192.168.1.2","192.168.1.55","TCP","66","36346  >  8004 [ACK] Seq=1 Ack=1 Win=64512 Len=0 TSval=3045558313 TSecr=2916038535"
"42719","34.461529501","192.168.1.2","192.168.1.55","HTTP","206","GET /stego_benchmark.png HTTP/1.1 "
"42720","34.461545872","192.168.1.55","192.168.1.2","TCP","66","8004  >  36346 [ACK] Seq=1 Ack=141 Win=65024 Len=0 TSval=2916038542 TSecr=3045558313"
"42721","34.462047761","192.168.1.55","192.168.1.2","TCP","255","8004  >  36346 [PSH, ACK] Seq=1 Ack=141 Win=65024 Len=189 TSval=2916038542 TSecr=3045558313 [TCP segment of a reassembled PDU]"
"42722","34.462136928","192.168.1.55","192.168.1.2","TCP","1514","8004  >  36346 [ACK] Seq=190 Ack=141 Win=65024 Len=1448 TSval=2916038542 TSecr=3045558313 [TCP segment of a reassembled PDU]"
"42723","34.462142984","192.168.1.55","192.168.1.2","TCP","1514","8004  >  36346 [ACK] Seq=1638 Ack=141 Win=65024 Len=1448 TSval=2916038542 TSecr=3045558313 [TCP segment of a reassembled PDU]"
"42724","34.462144465","192.168.1.55","192.168.1.2","TCP","1514","8004  >  36346 [ACK] Seq=3086 Ack=141 Win=65024 Len=1448 TSval=2916038542 TSecr=3045558313 [TCP segment of a reassembled PDU]"
"42725","34.462146039","192.168.1.55","192.168.1.2","TCP","1514","8004  >  36346 [ACK] Seq=4534 Ack=141 Win=65024 Len=1448 TSval=2916038542 TSecr=3045558313 [TCP segment of a reassembled PDU]"
"42726","34.462148076","192.168.1.55","192.168.1.2","TCP","1514","8004  >  36346 [PSH, ACK] Seq=5982 Ack=141 Win=65024 Len=1448 TSval=2916038542 TSecr=3045558313 [TCP segment of a reassembled PDU]"
"42727","34.462164650","192.168.1.55","192.168.1.2","TCP","1514","8004  >  36346 [ACK] Seq=7430 Ack=141 Win=65024 Len=1448 TSval=2916038542 TSecr=3045558313 [TCP segment of a reassembled PDU]"
"42728","34.462166872","192.168.1.55","192.168.1.2","TCP","1514","8004  >  36346 [ACK] Seq=8878 Ack=141 Win=65024 Len=1448 TSval=2916038542 TSecr=3045558313 [TCP segment of a reassembled PDU]"
"42729","34.462168280","192.168.1.55","192.168.1.2","TCP","1514","8004  >  36346 [ACK] Seq=10326 Ack=141 Win=65024 Len=1448 TSval=2916038542 TSecr=3045558313 [TCP segment of a reassembled PDU]"
"42730","34.462169687","192.168.1.55","192.168.1.2","TCP","1514","8004  >  36346 [PSH, ACK] Seq=11774 Ack=141 Win=65024 Len=1448 TSval=2916038542 TSecr=3045558313 [TCP segment of a reassembled PDU]"
"42731","34.468451123","192.168.1.2","192.168.1.55","TCP","66","36346  >  8004 [ACK] Seq=141 Ack=190 Win=64512 Len=0 TSval=3045558320 TSecr=2916038542"
"42732","34.468496864","192.168.1.55","192.168.1.2","TCP","1514","8004  >  36346 [ACK] Seq=13222 Ack=141 Win=65024 Len=1448 TSval=2916038549 TSecr=3045558320 [TCP segment of a reassembled PDU]"
"42733","34.468501679","192.168.1.55","192.168.1.2","TCP","1514","8004  >  36346 [PSH, ACK] Seq=14670 Ack=141 Win=65024 Len=1448 TSval=2916038549 TSecr=3045558320 [TCP segment of a reassembled PDU]"
"42734","34.468578086","192.168.1.2","192.168.1.55","TCP","66","36346  >  8004 [ACK] Seq=141 Ack=5982 Win=76800 Len=0 TSval=3045558320 TSecr=2916038542"
"42735","34.468607049","192.168.1.55","192.168.1.2","TCP","1514","8004  >  36346 [ACK] Seq=16118 Ack=141 Win=65024 Len=1448 TSval=2916038549 TSecr=3045558320 [TCP segment of a reassembled PDU]"
"42736","34.468609772","192.168.1.55","192.168.1.2","TCP","1514","8004  >  36346 [ACK] Seq=17566 Ack=141 Win=65024 Len=1448 TSval=2916038549 TSecr=3045558320 [TCP segment of a reassembled PDU]"
"42737","34.468611216","192.168.1.55","192.168.1.2","TCP","1514","8004  >  36346 [ACK] Seq=19014 Ack=141 Win=65024 Len=1448 TSval=2916038549 TSecr=3045558320 [TCP segment of a reassembled PDU]"
"42738","34.468612864","192.168.1.55","192.168.1.2","TCP","1514","8004  >  36346 [ACK] Seq=20462 Ack=141 Win=65024 Len=1448 TSval=2916038549 TSecr=3045558320 [TCP segment of a reassembled PDU]"
"42739","34.468614346","192.168.1.55","192.168.1.2","TCP","1514","8004  >  36346 [ACK] Seq=21910 Ack=141 Win=65024 Len=1448 TSval=2916038549 TSecr=3045558320 [TCP segment of a reassembled PDU]"
"42740","34.468616272","192.168.1.55","192.168.1.2","TCP","1514","8004  >  36346 [ACK] Seq=23358 Ack=141 Win=65024 Len=1448 TSval=2916038549 TSecr=3045558320 [TCP segment of a reassembled PDU]"
"42741","34.468617994","192.168.1.55","192.168.1.2","TCP","1514","8004  >  36346 [PSH, ACK] Seq=24806 Ack=141 Win=65024 Len=1448 TSval=2916038549 TSecr=3045558320 [TCP segment of a reassembled PDU]"
"42742","34.468623531","192.168.1.2","192.168.1.55","TCP","66","36346  >  8004 [ACK] Seq=141 Ack=7430 Win=79872 Len=0 TSval=3045558321 TSecr=2916038542"
"42743","34.468631642","192.168.1.2","192.168.1.55","TCP","66","36346  >  8004 [ACK] Seq=141 Ack=13222 Win=80896 Len=0 TSval=3045558321 TSecr=2916038542"
"42744","34.468655438","192.168.1.55","192.168.1.2","TCP","1514","8004  >  36346 [ACK] Seq=26254 Ack=141 Win=65024 Len=1448 TSval=2916038549 TSecr=3045558321 [TCP segment of a reassembled PDU]"
"42745","34.468657272","192.168.1.55","192.168.1.2","TCP","1514","8004  >  36346 [ACK] Seq=27702 Ack=141 Win=65024 Len=1448 TSval=2916038549 TSecr=3045558321 [TCP segment of a reassembled PDU]"
"42746","34.468658753","192.168.1.55","192.168.1.2","TCP","1514","8004  >  36346 [ACK] Seq=29150 Ack=141 Win=65024 Len=1448 TSval=2916038549 TSecr=3045558321 [TCP segment of a reassembled PDU]"
"42747","34.468660364","192.168.1.55","192.168.1.2","TCP","1514","8004  >  36346 [ACK] Seq=30598 Ack=141 Win=65024 Len=1448 TSval=2916038549 TSecr=3045558321 [TCP segment of a reassembled PDU]"
"42748","34.468662068","192.168.1.55","192.168.1.2","TCP","1514","8004  >  36346 [ACK] Seq=32046 Ack=141 Win=65024 Len=1448 TSval=2916038549 TSecr=3045558321 [TCP segment of a reassembled PDU]"
"42749","34.468663550","192.168.1.55","192.168.1.2","TCP","1514","8004  >  36346 [ACK] Seq=33494 Ack=141 Win=65024 Len=1448 TSval=2916038549 TSecr=3045558321 [TCP segment of a reassembled PDU]"
"42750","34.468665550","192.168.1.55","192.168.1.2","TCP","1514","8004  >  36346 [ACK] Seq=34942 Ack=141 Win=65024 Len=1448 TSval=2916038549 TSecr=3045558321 [TCP segment of a reassembled PDU]"
"42751","34.468666975","192.168.1.55","192.168.1.2","TCP","1514","8004  >  36346 [ACK] Seq=36390 Ack=141 Win=65024 Len=1448 TSval=2916038549 TSecr=3045558321 [TCP segment of a reassembled PDU]"
"42752","34.468668735","192.168.1.55","192.168.1.2","TCP","1514","8004  >  36346 [ACK] Seq=37838 Ack=141 Win=65024 Len=1448 TSval=2916038549 TSecr=3045558321 [TCP segment of a reassembled PDU]"
"42753","34.468670309","192.168.1.55","192.168.1.2","TCP","1514","8004  >  36346 [PSH, ACK] Seq=39286 Ack=141 Win=65024 Len=1448 TSval=2916038549 TSecr=3045558321 [TCP segment of a reassembled PDU]"
"42754","34.469445532","192.168.1.55","192.168.1.2","TCP","1514","8004  >  36346 [ACK] Seq=40734 Ack=141 Win=65024 Len=1448 TSval=2916038550 TSecr=3045558321 [TCP segment of a reassembled PDU]"
"42755","34.473399427","192.168.1.2","192.168.1.55","TCP","66","36346  >  8004 [ACK] Seq=141 Ack=16118 Win=87040 Len=0 TSval=3045558327 TSecr=2916038549"
"42756","34.473417742","192.168.1.55","192.168.1.2","TCP","1514","8004  >  36346 [ACK] Seq=42182 Ack=141 Win=65024 Len=1448 TSval=2916038554 TSecr=3045558327 [TCP segment of a reassembled PDU]"
"42757","34.473420113","192.168.1.55","192.168.1.2","TCP","1514","8004  >  36346 [PSH, ACK] Seq=43630 Ack=141 Win=65024 Len=1448 TSval=2916038554 TSecr=3045558327 [TCP segment of a reassembled PDU]"
"42758","34.473658169","192.168.1.2","192.168.1.55","TCP","66","36346  >  8004 [ACK] Seq=141 Ack=21910 Win=87040 Len=0 TSval=3045558327 TSecr=2916038549"
"42759","34.473679817","192.168.1.55","192.168.1.2","TCP","1514","8004  >  36346 [ACK] Seq=45078 Ack=141 Win=65024 Len=1448 TSval=2916038554 TSecr=3045558327 [TCP segment of a reassembled PDU]"
"42760","34.473682169","192.168.1.55","192.168.1.2","TCP","1514","8004  >  36346 [ACK] Seq=46526 Ack=141 Win=65024 Len=1448 TSval=2916038554 TSecr=3045558327 [TCP segment of a reassembled PDU]"
"42761","34.473683317","192.168.1.55","192.168.1.2","TCP","1514","8004  >  36346 [ACK] Seq=47974 Ack=141 Win=65024 Len=1448 TSval=2916038554 TSecr=3045558327 [TCP segment of a reassembled PDU]"
"42762","34.473684465","192.168.1.55","192.168.1.2","TCP","1514","8004  >  36346 [ACK] Seq=49422 Ack=141 Win=65024 Len=1448 TSval=2916038554 TSecr=3045558327 [TCP segment of a reassembled PDU]"
"42763","34.473685613","192.168.1.55","192.168.1.2","TCP","1514","8004  >  36346 [ACK] Seq=50870 Ack=141 Win=65024 Len=1448 TSval=2916038554 TSecr=3045558327 [TCP segment of a reassembled PDU]"
"42764","34.473687187","192.168.1.55","192.168.1.2","TCP","1514","8004  >  36346 [ACK] Seq=52318 Ack=141 Win=65024 Len=1448 TSval=2916038554 TSecr=3045558327 [TCP segment of a reassembled PDU]"
"42765","34.473689354","192.168.1.55","192.168.1.2","TCP","1514","8004  >  36346 [ACK] Seq=53766 Ack=141 Win=65024 Len=1448 TSval=2916038554 TSecr=3045558327 [TCP segment of a reassembled PDU]"
"42766","34.473691298","192.168.1.55","192.168.1.2","TCP","1514","8004  >  36346 [ACK] Seq=55214 Ack=141 Win=65024 Len=1448 TSval=2916038554 TSecr=3045558327 [TCP segment of a reassembled PDU]"
"42767","34.473692798","192.168.1.55","192.168.1.2","TCP","1514","8004  >  36346 [ACK] Seq=56662 Ack=141 Win=65024 Len=1448 TSval=2916038554 TSecr=3045558327 [TCP segment of a reassembled PDU]"
"42768","34.473693983","192.168.1.55","192.168.1.2","TCP","1514","8004  >  36346 [PSH, ACK] Seq=58110 Ack=141 Win=65024 Len=1448 TSval=2916038554 TSecr=3045558327 [TCP segment of a reassembled PDU]"
"42769","34.473698187","192.168.1.2","192.168.1.55","TCP","66","36346  >  8004 [ACK] Seq=141 Ack=26254 Win=86016 Len=0 TSval=3045558327 TSecr=2916038549"
"42770","34.473704687","192.168.1.2","192.168.1.55","TCP","66","36346  >  8004 [ACK] Seq=141 Ack=36390 Win=76800 Len=0 TSval=3045558327 TSecr=2916038549"
"42771","34.473726076","192.168.1.55","192.168.1.2","TCP","1514","8004  >  36346 [ACK] Seq=59558 Ack=141 Win=65024 Len=1448 TSval=2916038554 TSecr=3045558327 [TCP segment of a reassembled PDU]"
"42772","34.473727835","192.168.1.55","192.168.1.2","TCP","1514","8004  >  36346 [ACK] Seq=61006 Ack=141 Win=65024 Len=1448 TSval=2916038554 TSecr=3045558327 [TCP segment of a reassembled PDU]"
"42773","34.473729002","192.168.1.55","192.168.1.2","TCP","1514","8004  >  36346 [ACK] Seq=62454 Ack=141 Win=65024 Len=1448 TSval=2916038554 TSecr=3045558327 [TCP segment of a reassembled PDU]"
"42774","34.473730206","192.168.1.55","192.168.1.2","TCP","1514","8004  >  36346 [ACK] Seq=63902 Ack=141 Win=65024 Len=1448 TSval=2916038554 TSecr=3045558327 [TCP segment of a reassembled PDU]"
"42775","34.473731409","192.168.1.55","192.168.1.2","TCP","1514","8004  >  36346 [ACK] Seq=65350 Ack=141 Win=65024 Len=1448 TSval=2916038554 TSecr=3045558327 [TCP segment of a reassembled PDU]"
"42776","34.473733669","192.168.1.55","192.168.1.2","TCP","1514","8004  >  36346 [ACK] Seq=66798 Ack=141 Win=65024 Len=1448 TSval=2916038554 TSecr=3045558327 [TCP segment of a reassembled PDU]"
"42777","34.473735539","192.168.1.55","192.168.1.2","TCP","1514","8004  >  36346 [ACK] Seq=68246 Ack=141 Win=65024 Len=1448 TSval=2916038554 TSecr=3045558327 [TCP segment of a reassembled PDU]"
"42778","34.473736743","192.168.1.55","192.168.1.2","TCP","1514","8004  >  36346 [ACK] Seq=69694 Ack=141 Win=65024 Len=1448 TSval=2916038554 TSecr=3045558327 [TCP segment of a reassembled PDU]"
"42779","34.473738076","192.168.1.55","192.168.1.2","TCP","1514","8004  >  36346 [ACK] Seq=71142 Ack=141 Win=65024 Len=1448 TSval=2916038554 TSecr=3045558327 [TCP segment of a reassembled PDU]"
"42780","34.473739280","192.168.1.55","192.168.1.2","TCP","1514","8004  >  36346 [ACK] Seq=72590 Ack=141 Win=65024 Len=1448 TSval=2916038554 TSecr=3045558327 [TCP segment of a reassembled PDU]"
"42781","34.473741021","192.168.1.55","192.168.1.2","TCP","1514","8004  >  36346 [ACK] Seq=74038 Ack=141 Win=65024 Len=1448 TSval=2916038554 TSecr=3045558327 [TCP segment of a reassembled PDU]"
"42782","34.473742224","192.168.1.55","192.168.1.2","TCP","1514","8004  >  36346 [PSH, ACK] Seq=75486 Ack=141 Win=65024 Len=1448 TSval=2916038554 TSecr=3045558327 [TCP segment of a reassembled PDU]"
"42783","34.473747409","192.168.1.2","192.168.1.55","TCP","66","36346  >  8004 [ACK] Seq=141 Ack=39286 Win=92160 Len=0 TSval=3045558328 TSecr=2916038549"
"42784","34.473808798","192.168.1.2","192.168.1.55","TCP","66","36346  >  8004 [ACK] Seq=141 Ack=40734 Win=94208 Len=0 TSval=3045558328 TSecr=2916038549"
"42785","34.473813854","192.168.1.2","192.168.1.55","TCP","66","36346  >  8004 [ACK] Seq=141 Ack=42182 Win=94208 Len=0 TSval=3045558328 TSecr=2916038550"
"42786","34.474680133","192.168.1.55","192.168.1.2","TCP","1514","8004  >  36346 [ACK] Seq=76934 Ack=141 Win=65024 Len=1448 TSval=2916038555 TSecr=3045558328 [TCP segment of a reassembled PDU]"
"42787","34.474685318","192.168.1.55","192.168.1.2","TCP","1514","8004  >  36346 [ACK] Seq=78382 Ack=141 Win=65024 Len=1448 TSval=2916038555 TSecr=3045558328 [TCP segment of a reassembled PDU]"
"42788","34.474687263","192.168.1.55","192.168.1.2","TCP","1514","8004  >  36346 [ACK] Seq=79830 Ack=141 Win=65024 Len=1448 TSval=2916038555 TSecr=3045558328 [TCP segment of a reassembled PDU]"
"42789","34.474689522","192.168.1.55","192.168.1.2","TCP","1514","8004  >  36346 [ACK] Seq=81278 Ack=141 Win=65024 Len=1448 TSval=2916038555 TSecr=3045558328 [TCP segment of a reassembled PDU]"
"42790","34.474690855","192.168.1.55","192.168.1.2","TCP","1514","8004  >  36346 [ACK] Seq=82726 Ack=141 Win=65024 Len=1448 TSval=2916038555 TSecr=3045558328 [TCP segment of a reassembled PDU]"
"42791","34.474692170","192.168.1.55","192.168.1.2","TCP","1514","8004  >  36346 [ACK] Seq=84174 Ack=141 Win=65024 Len=1448 TSval=2916038555 TSecr=3045558328 [TCP segment of a reassembled PDU]"
"42792","34.474694133","192.168.1.55","192.168.1.2","TCP","1514","8004  >  36346 [ACK] Seq=85622 Ack=141 Win=65024 Len=1448 TSval=2916038555 TSecr=3045558328 [TCP segment of a reassembled PDU]"
"42793","34.474695633","192.168.1.55","192.168.1.2","TCP","1514","8004  >  36346 [ACK] Seq=87070 Ack=141 Win=65024 Len=1448 TSval=2916038555 TSecr=3045558328 [TCP segment of a reassembled PDU]"
"42794","34.474697874","192.168.1.55","192.168.1.2","TCP","1514","8004  >  36346 [ACK] Seq=88518 Ack=141 Win=65024 Len=1448 TSval=2916038555 TSecr=3045558328 [TCP segment of a reassembled PDU]"
"42795","34.474699207","192.168.1.55","192.168.1.2","TCP","1514","8004  >  36346 [ACK] Seq=89966 Ack=141 Win=65024 Len=1448 TSval=2916038555 TSecr=3045558328 [TCP segment of a reassembled PDU]"
"42796","34.474700689","192.168.1.55","192.168.1.2","TCP","1514","8004  >  36346 [ACK] Seq=91414 Ack=141 Win=65024 Len=1448 TSval=2916038555 TSecr=3045558328 [TCP segment of a reassembled PDU]"
"42797","34.474702263","192.168.1.55","192.168.1.2","TCP","1514","8004  >  36346 [ACK] Seq=92862 Ack=141 Win=65024 Len=1448 TSval=2916038555 TSecr=3045558328 [TCP segment of a reassembled PDU]"
"42798","34.474705096","192.168.1.55","192.168.1.2","TCP","1514","8004  >  36346 [ACK] Seq=94310 Ack=141 Win=65024 Len=1448 TSval=2916038555 TSecr=3045558328 [TCP segment of a reassembled PDU]"
"42799","34.474706874","192.168.1.55","192.168.1.2","TCP","1514","8004  >  36346 [PSH, ACK] Seq=95758 Ack=141 Win=65024 Len=1448 TSval=2916038555 TSecr=3045558328 [TCP segment of a reassembled PDU]"
"42800","34.474716670","192.168.1.55","192.168.1.2","TCP","1514","8004  >  36346 [ACK] Seq=97206 Ack=141 Win=65024 Len=1448 TSval=2916038555 TSecr=3045558328 [TCP segment of a reassembled PDU]"
"42801","34.474718430","192.168.1.55","192.168.1.2","TCP","1514","8004  >  36346 [PSH, ACK] Seq=98654 Ack=141 Win=65024 Len=1448 TSval=2916038555 TSecr=3045558328 [TCP segment of a reassembled PDU]"
"42802","34.479578067","192.168.1.2","192.168.1.55","TCP","66","36346  >  8004 [ACK] Seq=141 Ack=45078 Win=92160 Len=0 TSval=3045558333 TSecr=2916038554"
"42803","34.479608919","192.168.1.55","192.168.1.2","TCP","1514","8004  >  36346 [ACK] Seq=100102 Ack=141 Win=65024 Len=1448 TSval=2916038560 TSecr=3045558333 [TCP segment of a reassembled PDU]"
"42804","34.479612845","192.168.1.55","192.168.1.2","TCP","1514","8004  >  36346 [ACK] Seq=101550 Ack=141 Win=65024 Len=1448 TSval=2916038560 TSecr=3045558333 [TCP segment of a reassembled PDU]"
"42805","34.479614160","192.168.1.55","192.168.1.2","TCP","1514","8004  >  36346 [ACK] Seq=102998 Ack=141 Win=65024 Len=1448 TSval=2916038560 TSecr=3045558333 [TCP segment of a reassembled PDU]"
"42806","34.479615363","192.168.1.55","192.168.1.2","TCP","1514","8004  >  36346 [PSH, ACK] Seq=104446 Ack=141 Win=65024 Len=1448 TSval=2916038560 TSecr=3045558333 [TCP segment of a reassembled PDU]"
"42807","34.479878030","192.168.1.2","192.168.1.55","TCP","66","36346  >  8004 [ACK] Seq=141 Ack=46526 Win=94208 Len=0 TSval=3045558333 TSecr=2916038554"
"42808","34.479884419","192.168.1.2","192.168.1.55","TCP","66","36346  >  8004 [ACK] Seq=141 Ack=59558 Win=82944 Len=0 TSval=3045558333 TSecr=2916038554"
"42809","34.479895882","192.168.1.55","192.168.1.2","TCP","1514","8004  >  36346 [ACK] Seq=105894 Ack=141 Win=65024 Len=1448 TSval=2916038560 TSecr=3045558333 [TCP segment of a reassembled PDU]"
"42810","34.479897456","192.168.1.55","192.168.1.2","TCP","1514","8004  >  36346 [ACK] Seq=107342 Ack=141 Win=65024 Len=1448 TSval=2916038560 TSecr=3045558333 [TCP segment of a reassembled PDU]"
"42811","34.479898679","192.168.1.55","192.168.1.2","TCP","1514","8004  >  36346 [ACK] Seq=108790 Ack=141 Win=65024 Len=1448 TSval=2916038560 TSecr=3045558333 [TCP segment of a reassembled PDU]"
"42812","34.479899956","192.168.1.55","192.168.1.2","TCP","1514","8004  >  36346 [ACK] Seq=110238 Ack=141 Win=65024 Len=1448 TSval=2916038560 TSecr=3045558333 [TCP segment of a reassembled PDU]"
"42813","34.479901271","192.168.1.55","192.168.1.2","TCP","1514","8004  >  36346 [ACK] Seq=111686 Ack=141 Win=65024 Len=1448 TSval=2916038560 TSecr=3045558333 [TCP segment of a reassembled PDU]"
"42814","34.479902475","192.168.1.55","192.168.1.2","TCP","1514","8004  >  36346 [ACK] Seq=113134 Ack=141 Win=65024 Len=1448 TSval=2916038560 TSecr=3045558333 [TCP segment of a reassembled PDU]"
"42815","34.479904030","192.168.1.55","192.168.1.2","TCP","1514","8004  >  36346 [PSH, ACK] Seq=114582 Ack=141 Win=65024 Len=1448 TSval=2916038560 TSecr=3045558333 [TCP segment of a reassembled PDU]"
"42816","34.479908123","192.168.1.2","192.168.1.55","TCP","66","36346  >  8004 [ACK] Seq=141 Ack=69694 Win=73728 Len=0 TSval=3045558333 TSecr=2916038554"
"42817","34.479939216","192.168.1.55","192.168.1.2","TCP","1514","8004  >  36346 [ACK] Seq=116030 Ack=141 Win=65024 Len=1448 TSval=2916038560 TSecr=3045558333 [TCP segment of a reassembled PDU]"
"42818","34.479940679","192.168.1.55","192.168.1.2","TCP","1514","8004  >  36346 [ACK] Seq=117478 Ack=141 Win=65024 Len=1448 TSval=2916038560 TSecr=3045558333 [TCP segment of a reassembled PDU]"
"42819","34.479941901","192.168.1.55","192.168.1.2","TCP","1514","8004  >  36346 [ACK] Seq=118926 Ack=141 Win=65024 Len=1448 TSval=2916038560 TSecr=3045558333 [TCP segment of a reassembled PDU]"
"42820","34.479943049","192.168.1.55","192.168.1.2","TCP","1514","8004  >  36346 [ACK] Seq=120374 Ack=141 Win=65024 Len=1448 TSval=2916038560 TSecr=3045558333 [TCP segment of a reassembled PDU]"
"42821","34.479944345","192.168.1.55","192.168.1.2","TCP","1514","8004  >  36346 [ACK] Seq=121822 Ack=141 Win=65024 Len=1448 TSval=2916038560 TSecr=3045558333 [TCP segment of a reassembled PDU]"
"42822","34.479945493","192.168.1.55","192.168.1.2","TCP","1514","8004  >  36346 [ACK] Seq=123270 Ack=141 Win=65024 Len=1448 TSval=2916038560 TSecr=3045558333 [TCP segment of a reassembled PDU]"
"42823","34.479946660","192.168.1.55","192.168.1.2","TCP","1514","8004  >  36346 [ACK] Seq=124718 Ack=141 Win=65024 Len=1448 TSval=2916038560 TSecr=3045558333 [TCP segment of a reassembled PDU]"
"42824","34.479948179","192.168.1.55","192.168.1.2","TCP","1514","8004  >  36346 [ACK] Seq=126166 Ack=141 Win=65024 Len=1448 TSval=2916038560 TSecr=3045558333 [TCP segment of a reassembled PDU]"
"42825","34.479949345","192.168.1.55","192.168.1.2","TCP","1514","8004  >  36346 [ACK] Seq=127614 Ack=141 Win=65024 Len=1448 TSval=2916038560 TSecr=3045558333 [TCP segment of a reassembled PDU]"
"42826","34.479950586","192.168.1.55","192.168.1.2","TCP","1514","8004  >  36346 [ACK] Seq=129062 Ack=141 Win=65024 Len=1448 TSval=2916038560 TSecr=3045558333 [TCP segment of a reassembled PDU]"
"42827","34.479951734","192.168.1.55","192.168.1.2","TCP","1514","8004  >  36346 [ACK] Seq=130510 Ack=141 Win=65024 Len=1448 TSval=2916038560 TSecr=3045558333 [TCP segment of a reassembled PDU]"
"42828","34.479952864","192.168.1.55","192.168.1.2","TCP","1514","8004  >  36346 [ACK] Seq=131958 Ack=141 Win=65024 Len=1448 TSval=2916038560 TSecr=3045558333 [TCP segment of a reassembled PDU]"
"42829","34.479954105","192.168.1.55","192.168.1.2","TCP","1514","8004  >  36346 [ACK] Seq=133406 Ack=141 Win=65024 Len=1448 TSval=2916038560 TSecr=3045558333 [TCP segment of a reassembled PDU]"
"42830","34.479955253","192.168.1.55","192.168.1.2","TCP","1514","8004  >  36346 [ACK] Seq=134854 Ack=141 Win=65024 Len=1448 TSval=2916038560 TSecr=3045558333 [TCP segment of a reassembled PDU]"
"42831","34.479956512","192.168.1.55","192.168.1.2","TCP","1514","8004  >  36346 [ACK] Seq=136302 Ack=141 Win=65024 Len=1448 TSval=2916038560 TSecr=3045558333 [TCP segment of a reassembled PDU]"
"42832","34.479957679","192.168.1.55","192.168.1.2","TCP","1514","8004  >  36346 [ACK] Seq=137750 Ack=141 Win=65024 Len=1448 TSval=2916038560 TSecr=3045558333 [TCP segment of a reassembled PDU]"
"42833","34.479958975","192.168.1.55","192.168.1.2","TCP","1514","8004  >  36346 [ACK] Seq=139198 Ack=141 Win=65024 Len=1448 TSval=2916038560 TSecr=3045558333 [TCP segment of a reassembled PDU]"
"42834","34.479960290","192.168.1.55","192.168.1.2","TCP","1514","8004  >  36346 [ACK] Seq=140646 Ack=141 Win=65024 Len=1448 TSval=2916038560 TSecr=3045558333 [TCP segment of a reassembled PDU]"
"42835","34.479961531","192.168.1.55","192.168.1.2","TCP","1394","[TCP Window Full] 8004  >  36346 [PSH, ACK] Seq=142094 Ack=141 Win=65024 Len=1328 TSval=2916038560 TSecr=3045558333 [TCP segment of a reassembled PDU]"
"42836","34.482401738","192.168.1.2","192.168.1.55","TCP","66","36346  >  8004 [ACK] Seq=141 Ack=76934 Win=89088 Len=0 TSval=3045558333 TSecr=2916038554"
"42837","34.482421331","192.168.1.55","192.168.1.2","TCP","1514","8004  >  36346 [ACK] Seq=143422 Ack=141 Win=65024 Len=1448 TSval=2916038563 TSecr=3045558333 [TCP segment of a reassembled PDU]"
"42838","34.482423979","192.168.1.55","192.168.1.2","TCP","1514","8004  >  36346 [ACK] Seq=144870 Ack=141 Win=65024 Len=1448 TSval=2916038563 TSecr=3045558333 [TCP segment of a reassembled PDU]"
"42839","34.482425294","192.168.1.55","192.168.1.2","TCP","1514","8004  >  36346 [ACK] Seq=146318 Ack=141 Win=65024 Len=1448 TSval=2916038563 TSecr=3045558333 [TCP segment of a reassembled PDU]"
"42840","34.482426720","192.168.1.55","192.168.1.2","TCP","1514","8004  >  36346 [ACK] Seq=147766 Ack=141 Win=65024 Len=1448 TSval=2916038563 TSecr=3045558333 [TCP segment of a reassembled PDU]"
"42841","34.482428053","192.168.1.55","192.168.1.2","TCP","1514","8004  >  36346 [ACK] Seq=149214 Ack=141 Win=65024 Len=1448 TSval=2916038563 TSecr=3045558333 [TCP segment of a reassembled PDU]"
"42842","34.482429331","192.168.1.55","192.168.1.2","TCP","1514","8004  >  36346 [ACK] Seq=150662 Ack=141 Win=65024 Len=1448 TSval=2916038563 TSecr=3045558333 [TCP segment of a reassembled PDU]"
"42843","34.482430738","192.168.1.55","192.168.1.2","TCP","1514","8004  >  36346 [ACK] Seq=152110 Ack=141 Win=65024 Len=1448 TSval=2916038563 TSecr=3045558333 [TCP segment of a reassembled PDU]"
"42844","34.482432405","192.168.1.55","192.168.1.2","TCP","1514","8004  >  36346 [PSH, ACK] Seq=153558 Ack=141 Win=65024 Len=1448 TSval=2916038563 TSecr=3045558333 [TCP segment of a reassembled PDU]"
"42845","34.482438294","192.168.1.55","192.168.1.2","TCP","186","8004  >  36346 [ACK] Seq=155006 Ack=141 Win=65024 Len=120 TSval=2916038563 TSecr=3045558333 [TCP segment of a reassembled PDU]"
"42846","34.482853109","192.168.1.2","192.168.1.55","TCP","66","36346  >  8004 [ACK] Seq=141 Ack=85622 Win=80896 Len=0 TSval=3045558333 TSecr=2916038555"
"42847","34.482860331","192.168.1.2","192.168.1.55","TCP","66","36346  >  8004 [ACK] Seq=141 Ack=89966 Win=90112 Len=0 TSval=3045558334 TSecr=2916038555"
"42848","34.482865054","192.168.1.2","192.168.1.55","TCP","66","36346  >  8004 [ACK] Seq=141 Ack=97206 Win=88064 Len=0 TSval=3045558334 TSecr=2916038555"
"42849","34.482888443","192.168.1.55","192.168.1.2","TCP","1514","8004  >  36346 [ACK] Seq=155126 Ack=141 Win=65024 Len=1448 TSval=2916038563 TSecr=3045558334 [TCP segment of a reassembled PDU]"
"42850","34.482890257","192.168.1.55","192.168.1.2","TCP","1514","8004  >  36346 [ACK] Seq=156574 Ack=141 Win=65024 Len=1448 TSval=2916038563 TSecr=3045558334 [TCP segment of a reassembled PDU]"
"42851","34.482891702","192.168.1.55","192.168.1.2","TCP","1514","8004  >  36346 [ACK] Seq=158022 Ack=141 Win=65024 Len=1448 TSval=2916038563 TSecr=3045558334 [TCP segment of a reassembled PDU]"
"42852","34.482893128","192.168.1.55","192.168.1.2","TCP","1514","8004  >  36346 [ACK] Seq=159470 Ack=141 Win=65024 Len=1448 TSval=2916038563 TSecr=3045558334 [TCP segment of a reassembled PDU]"
"42853","34.482894406","192.168.1.55","192.168.1.2","TCP","1514","8004  >  36346 [ACK] Seq=160918 Ack=141 Win=65024 Len=1448 TSval=2916038563 TSecr=3045558334 [TCP segment of a reassembled PDU]"
"42854","34.482896535","192.168.1.55","192.168.1.2","TCP","1514","8004  >  36346 [ACK] Seq=162366 Ack=141 Win=65024 Len=1448 TSval=2916038563 TSecr=3045558334 [TCP segment of a reassembled PDU]"
"42855","34.482897794","192.168.1.55","192.168.1.2","TCP","1514","8004  >  36346 [ACK] Seq=163814 Ack=141 Win=65024 Len=1448 TSval=2916038563 TSecr=3045558334 [TCP segment of a reassembled PDU]"
"42856","34.482899165","192.168.1.55","192.168.1.2","TCP","1514","8004  >  36346 [ACK] Seq=165262 Ack=141 Win=65024 Len=1448 TSval=2916038563 TSecr=3045558334 [TCP segment of a reassembled PDU]"
"42857","34.482900480","192.168.1.55","192.168.1.2","TCP","1514","8004  >  36346 [ACK] Seq=166710 Ack=141 Win=65024 Len=1448 TSval=2916038563 TSecr=3045558334 [TCP segment of a reassembled PDU]"
"42858","34.482901794","192.168.1.55","192.168.1.2","TCP","1514","8004  >  36346 [ACK] Seq=168158 Ack=141 Win=65024 Len=1448 TSval=2916038563 TSecr=3045558334 [TCP segment of a reassembled PDU]"
"42859","34.482908387","192.168.1.55","192.168.1.2","TCP","1514","8004  >  36346 [ACK] Seq=169606 Ack=141 Win=65024 Len=1448 TSval=2916038563 TSecr=3045558334 [TCP segment of a reassembled PDU]"
"42860","34.482909924","192.168.1.55","192.168.1.2","TCP","1514","8004  >  36346 [ACK] Seq=171054 Ack=141 Win=65024 Len=1448 TSval=2916038563 TSecr=3045558334 [TCP segment of a reassembled PDU]"
"42861","34.482911331","192.168.1.55","192.168.1.2","TCP","1514","8004  >  36346 [ACK] Seq=172502 Ack=141 Win=65024 Len=1448 TSval=2916038563 TSecr=3045558334 [TCP segment of a reassembled PDU]"
"42862","34.482912646","192.168.1.55","192.168.1.2","TCP","1514","8004  >  36346 [ACK] Seq=173950 Ack=141 Win=65024 Len=1448 TSval=2916038563 TSecr=3045558334 [TCP segment of a reassembled PDU]"
"42863","34.482913998","192.168.1.55","192.168.1.2","TCP","1514","8004  >  36346 [ACK] Seq=175398 Ack=141 Win=65024 Len=1448 TSval=2916038563 TSecr=3045558334 [TCP segment of a reassembled PDU]"
"42864","34.482915369","192.168.1.55","192.168.1.2","TCP","1514","8004  >  36346 [ACK] Seq=176846 Ack=141 Win=65024 Len=1448 TSval=2916038563 TSecr=3045558334 [TCP segment of a reassembled PDU]"
"42865","34.482916850","192.168.1.55","192.168.1.2","TCP","1514","8004  >  36346 [ACK] Seq=178294 Ack=141 Win=65024 Len=1448 TSval=2916038563 TSecr=3045558334 [TCP segment of a reassembled PDU]"
"42866","34.482918220","192.168.1.55","192.168.1.2","TCP","1514","8004  >  36346 [ACK] Seq=179742 Ack=141 Win=65024 Len=1448 TSval=2916038563 TSecr=3045558334 [TCP segment of a reassembled PDU]"
"42867","34.482919498","192.168.1.55","192.168.1.2","TCP","1514","8004  >  36346 [ACK] Seq=181190 Ack=141 Win=65024 Len=1448 TSval=2916038563 TSecr=3045558334 [TCP segment of a reassembled PDU]"
"42868","34.482920776","192.168.1.55","192.168.1.2","TCP","1514","8004  >  36346 [PSH, ACK] Seq=182638 Ack=141 Win=65024 Len=1448 TSval=2916038563 TSecr=3045558334 [TCP segment of a reassembled PDU]"
"42869","34.482925332","192.168.1.2","192.168.1.55","TCP","66","36346  >  8004 [ACK] Seq=141 Ack=98654 Win=93184 Len=0 TSval=3045558336 TSecr=2916038555"
"42870","34.484563371","192.168.1.2","192.168.1.55","TCP","66","36346  >  8004 [ACK] Seq=141 Ack=100102 Win=94208 Len=0 TSval=3045558337 TSecr=2916038555"
"42871","34.484600130","192.168.1.55","192.168.1.2","TCP","1514","8004  >  36346 [ACK] Seq=184086 Ack=141 Win=65024 Len=1448 TSval=2916038565 TSecr=3045558337 [TCP segment of a reassembled PDU]"
"42872","34.484604408","192.168.1.55","192.168.1.2","TCP","1514","8004  >  36346 [ACK] Seq=185534 Ack=141 Win=65024 Len=1448 TSval=2916038565 TSecr=3045558337 [TCP segment of a reassembled PDU]"
"42873","34.484605834","192.168.1.55","192.168.1.2","TCP","1514","8004  >  36346 [ACK] Seq=186982 Ack=141 Win=65024 Len=1448 TSval=2916038565 TSecr=3045558337 [TCP segment of a reassembled PDU]"
"42874","34.484607519","192.168.1.55","192.168.1.2","TCP","1514","8004  >  36346 [ACK] Seq=188430 Ack=141 Win=65024 Len=1448 TSval=2916038565 TSecr=3045558337 [TCP segment of a reassembled PDU]"
"42875","34.484608890","192.168.1.55","192.168.1.2","TCP","1514","8004  >  36346 [ACK] Seq=189878 Ack=141 Win=65024 Len=1448 TSval=2916038565 TSecr=3045558337 [TCP segment of a reassembled PDU]"
"42876","34.484610260","192.168.1.55","192.168.1.2","TCP","1514","8004  >  36346 [ACK] Seq=191326 Ack=141 Win=65024 Len=1448 TSval=2916038565 TSecr=3045558337 [TCP segment of a reassembled PDU]"
"42877","34.484611705","192.168.1.55","192.168.1.2","TCP","1514","8004  >  36346 [PSH, ACK] Seq=192774 Ack=141 Win=65024 Len=1448 TSval=2916038565 TSecr=3045558337 [TCP segment of a reassembled PDU]"
"42878","34.488739600","192.168.1.2","192.168.1.55","TCP","66","36346  >  8004 [ACK] Seq=141 Ack=107342 Win=88064 Len=0 TSval=3045558340 TSecr=2916038560"
"42879","34.488813211","192.168.1.2","192.168.1.55","TCP","66","36346  >  8004 [ACK] Seq=141 Ack=116030 Win=88064 Len=0 TSval=3045558340 TSecr=2916038560"
"42880","34.488831267","192.168.1.55","192.168.1.2","TCP","1514","8004  >  36346 [ACK] Seq=194222 Ack=141 Win=65024 Len=1448 TSval=2916038569 TSecr=3045558340 [TCP segment of a reassembled PDU]"
"42881","34.488834748","192.168.1.55","192.168.1.2","TCP","1514","8004  >  36346 [ACK] Seq=195670 Ack=141 Win=65024 Len=1448 TSval=2916038569 TSecr=3045558340 [TCP segment of a reassembled PDU]"
"42882","34.488836026","192.168.1.55","192.168.1.2","TCP","1514","8004  >  36346 [ACK] Seq=197118 Ack=141 Win=65024 Len=1448 TSval=2916038569 TSecr=3045558340 [TCP segment of a reassembled PDU]"
"42883","34.488837452","192.168.1.55","192.168.1.2","TCP","1514","8004  >  36346 [PSH, ACK] Seq=198566 Ack=141 Win=65024 Len=1448 TSval=2916038569 TSecr=3045558340 [TCP segment of a reassembled PDU]"
"42884","34.488842915","192.168.1.2","192.168.1.55","TCP","66","36346  >  8004 [ACK] Seq=141 Ack=143422 Win=67584 Len=0 TSval=3045558340 TSecr=2916038560"
"42885","34.490686844","192.168.1.2","192.168.1.55","TCP","66","36346  >  8004 [ACK] Seq=141 Ack=155006 Win=82944 Len=0 TSval=3045558344 TSecr=2916038563"
"42886","34.490731733","192.168.1.55","192.168.1.2","TCP","1514","8004  >  36346 [ACK] Seq=200014 Ack=141 Win=65024 Len=1448 TSval=2916038571 TSecr=3045558344 [TCP segment of a reassembled PDU]"
"42887","34.490735677","192.168.1.55","192.168.1.2","TCP","1514","8004  >  36346 [ACK] Seq=201462 Ack=141 Win=65024 Len=1448 TSval=2916038571 TSecr=3045558344 [TCP segment of a reassembled PDU]"
"42888","34.490737011","192.168.1.55","192.168.1.2","TCP","1514","8004  >  36346 [ACK] Seq=202910 Ack=141 Win=65024 Len=1448 TSval=2916038571 TSecr=3045558344 [TCP segment of a reassembled PDU]"
"42889","34.490738362","192.168.1.55","192.168.1.2","TCP","1514","8004  >  36346 [ACK] Seq=204358 Ack=141 Win=65024 Len=1448 TSval=2916038571 TSecr=3045558344 [TCP segment of a reassembled PDU]"
"42890","34.490739640","192.168.1.55","192.168.1.2","TCP","1514","8004  >  36346 [ACK] Seq=205806 Ack=141 Win=65024 Len=1448 TSval=2916038571 TSecr=3045558344 [TCP segment of a reassembled PDU]"
"42891","34.490740937","192.168.1.55","192.168.1.2","TCP","1514","8004  >  36346 [ACK] Seq=207254 Ack=141 Win=65024 Len=1448 TSval=2916038571 TSecr=3045558344 [TCP segment of a reassembled PDU]"
"42892","34.490742363","192.168.1.55","192.168.1.2","TCP","1514","8004  >  36346 [ACK] Seq=208702 Ack=141 Win=65024 Len=1448 TSval=2916038571 TSecr=3045558344 [TCP segment of a reassembled PDU]"
"42893","34.490743622","192.168.1.55","192.168.1.2","TCP","1514","8004  >  36346 [ACK] Seq=210150 Ack=141 Win=65024 Len=1448 TSval=2916038571 TSecr=3045558344 [TCP segment of a reassembled PDU]"
"42894","34.490744918","192.168.1.55","192.168.1.2","TCP","1514","8004  >  36346 [ACK] Seq=211598 Ack=141 Win=65024 Len=1448 TSval=2916038571 TSecr=3045558344 [TCP segment of a reassembled PDU]"
"42895","34.490746363","192.168.1.55","192.168.1.2","TCP","1514","8004  >  36346 [ACK] Seq=213046 Ack=141 Win=65024 Len=1448 TSval=2916038571 TSecr=3045558344 [TCP segment of a reassembled PDU]"
"42896","34.490748177","192.168.1.55","192.168.1.2","TCP","1514","8004  >  36346 [ACK] Seq=214494 Ack=141 Win=65024 Len=1448 TSval=2916038571 TSecr=3045558344 [TCP segment of a reassembled PDU]"
"42897","34.490749585","192.168.1.55","192.168.1.2","TCP","1514","8004  >  36346 [ACK] Seq=215942 Ack=141 Win=65024 Len=1448 TSval=2916038571 TSecr=3045558344 [TCP segment of a reassembled PDU]"
"42898","34.490750844","192.168.1.55","192.168.1.2","TCP","1514","8004  >  36346 [ACK] Seq=217390 Ack=141 Win=65024 Len=1448 TSval=2916038571 TSecr=3045558344 [TCP segment of a reassembled PDU]"
"42899","34.490752177","192.168.1.55","192.168.1.2","TCP","1514","8004  >  36346 [ACK] Seq=218838 Ack=141 Win=65024 Len=1448 TSval=2916038571 TSecr=3045558344 [TCP segment of a reassembled PDU]"
"42900","34.490753566","192.168.1.55","192.168.1.2","TCP","1514","8004  >  36346 [ACK] Seq=220286 Ack=141 Win=65024 Len=1448 TSval=2916038571 TSecr=3045558344 [TCP segment of a reassembled PDU]"
"42901","34.490755011","192.168.1.55","192.168.1.2","TCP","1514","8004  >  36346 [ACK] Seq=221734 Ack=141 Win=65024 Len=1448 TSval=2916038571 TSecr=3045558344 [TCP segment of a reassembled PDU]"
"42902","34.490756511","192.168.1.55","192.168.1.2","TCP","1514","8004  >  36346 [ACK] Seq=223182 Ack=141 Win=65024 Len=1448 TSval=2916038571 TSecr=3045558344 [TCP segment of a reassembled PDU]"
"42903","34.490757974","192.168.1.55","192.168.1.2","TCP","1514","8004  >  36346 [ACK] Seq=224630 Ack=141 Win=65024 Len=1448 TSval=2916038571 TSecr=3045558344 [TCP segment of a reassembled PDU]"
"42904","34.490759325","192.168.1.55","192.168.1.2","TCP","1514","8004  >  36346 [ACK] Seq=226078 Ack=141 Win=65024 Len=1448 TSval=2916038571 TSecr=3045558344 [TCP segment of a reassembled PDU]"
"42905","34.490760714","192.168.1.55","192.168.1.2","TCP","1514","8004  >  36346 [ACK] Seq=227526 Ack=141 Win=65024 Len=1448 TSval=2916038571 TSecr=3045558344 [TCP segment of a reassembled PDU]"
"42906","34.490762177","192.168.1.55","192.168.1.2","TCP","1514","8004  >  36346 [ACK] Seq=228974 Ack=141 Win=65024 Len=1448 TSval=2916038571 TSecr=3045558344 [TCP segment of a reassembled PDU]"
"42907","34.490763622","192.168.1.55","192.168.1.2","TCP","1514","8004  >  36346 [ACK] Seq=230422 Ack=141 Win=65024 Len=1448 TSval=2916038571 TSecr=3045558344 [TCP segment of a reassembled PDU]"
"42908","34.490764918","192.168.1.55","192.168.1.2","TCP","1514","8004  >  36346 [ACK] Seq=231870 Ack=141 Win=65024 Len=1448 TSval=2916038571 TSecr=3045558344 [TCP segment of a reassembled PDU]"
"42909","34.490766214","192.168.1.55","192.168.1.2","TCP","1514","8004  >  36346 [ACK] Seq=233318 Ack=141 Win=65024 Len=1448 TSval=2916038571 TSecr=3045558344 [TCP segment of a reassembled PDU]"
"42910","34.490767733","192.168.1.55","192.168.1.2","TCP","1514","8004  >  36346 [ACK] Seq=234766 Ack=141 Win=65024 Len=1448 TSval=2916038571 TSecr=3045558344 [TCP segment of a reassembled PDU]"
"42911","34.490769103","192.168.1.55","192.168.1.2","TCP","1514","8004  >  36346 [PSH, ACK] Seq=236214 Ack=141 Win=65024 Len=1448 TSval=2916038571 TSecr=3045558344 [TCP segment of a reassembled PDU]"
"42912","34.490849437","192.168.1.2","192.168.1.55","TCP","66","36346  >  8004 [ACK] Seq=141 Ack=162366 Win=89088 Len=0 TSval=3045558344 TSecr=2916038563"
"42913","34.490867326","192.168.1.55","192.168.1.2","TCP","1514","8004  >  36346 [ACK] Seq=237662 Ack=141 Win=65024 Len=1448 TSval=2916038571 TSecr=3045558344 [TCP segment of a reassembled PDU]"
"42914","34.490869289","192.168.1.55","192.168.1.2","TCP","1514","8004  >  36346 [ACK] Seq=239110 Ack=141 Win=65024 Len=1448 TSval=2916038571 TSecr=3045558344 [TCP segment of a reassembled PDU]"
"42915","34.490870640","192.168.1.55","192.168.1.2","TCP","1514","8004  >  36346 [ACK] Seq=240558 Ack=141 Win=65024 Len=1448 TSval=2916038571 TSecr=3045558344 [TCP segment of a reassembled PDU]"
"42916","34.490872029","192.168.1.55","192.168.1.2","TCP","1514","8004  >  36346 [ACK] Seq=242006 Ack=141 Win=65024 Len=1448 TSval=2916038571 TSecr=3045558344 [TCP segment of a reassembled PDU]"
"42917","34.490873400","192.168.1.55","192.168.1.2","TCP","1514","8004  >  36346 [PSH, ACK] Seq=243454 Ack=141 Win=65024 Len=1448 TSval=2916038571 TSecr=3045558344 [TCP segment of a reassembled PDU]"
"42918","34.490877863","192.168.1.2","192.168.1.55","TCP","66","36346  >  8004 [ACK] Seq=141 Ack=171054 Win=88064 Len=0 TSval=3045558344 TSecr=2916038563"
"42919","34.490885178","192.168.1.2","192.168.1.55","TCP","66","36346  >  8004 [ACK] Seq=141 Ack=194222 Win=74752 Len=0 TSval=3045558344 TSecr=2916038563"
"42920","34.490919937","192.168.1.55","192.168.1.2","TCP","1514","8004  >  36346 [ACK] Seq=244902 Ack=141 Win=65024 Len=1448 TSval=2916038571 TSecr=3045558344 [TCP segment of a reassembled PDU]"
"42921","34.490922029","192.168.1.55","192.168.1.2","TCP","1514","8004  >  36346 [ACK] Seq=246350 Ack=141 Win=65024 Len=1448 TSval=2916038571 TSecr=3045558344 [TCP segment of a reassembled PDU]"
"42922","34.490923344","192.168.1.55","192.168.1.2","TCP","1514","8004  >  36346 [ACK] Seq=247798 Ack=141 Win=65024 Len=1448 TSval=2916038571 TSecr=3045558344 [TCP segment of a reassembled PDU]"
"42923","34.490924807","192.168.1.55","192.168.1.2","TCP","1514","8004  >  36346 [ACK] Seq=249246 Ack=141 Win=65024 Len=1448 TSval=2916038571 TSecr=3045558344 [TCP segment of a reassembled PDU]"
"42924","34.490926122","192.168.1.55","192.168.1.2","TCP","1514","8004  >  36346 [ACK] Seq=250694 Ack=141 Win=65024 Len=1448 TSval=2916038571 TSecr=3045558344 [TCP segment of a reassembled PDU]"
"42925","34.490927585","192.168.1.55","192.168.1.2","TCP","1514","8004  >  36346 [ACK] Seq=252142 Ack=141 Win=65024 Len=1448 TSval=2916038571 TSecr=3045558344 [TCP segment of a reassembled PDU]"
"42926","34.490928918","192.168.1.55","192.168.1.2","TCP","1514","8004  >  36346 [ACK] Seq=253590 Ack=141 Win=65024 Len=1448 TSval=2916038571 TSecr=3045558344 [TCP segment of a reassembled PDU]"
"42927","34.490930215","192.168.1.55","192.168.1.2","TCP","1514","8004  >  36346 [ACK] Seq=255038 Ack=141 Win=65024 Len=1448 TSval=2916038571 TSecr=3045558344 [TCP segment of a reassembled PDU]"
"42928","34.490931678","192.168.1.55","192.168.1.2","TCP","1514","8004  >  36346 [ACK] Seq=256486 Ack=141 Win=65024 Len=1448 TSval=2916038571 TSecr=3045558344 [TCP segment of a reassembled PDU]"
"42929","34.490933104","192.168.1.55","192.168.1.2","TCP","1514","8004  >  36346 [ACK] Seq=257934 Ack=141 Win=65024 Len=1448 TSval=2916038571 TSecr=3045558344 [TCP segment of a reassembled PDU]"
"42930","34.490934548","192.168.1.55","192.168.1.2","TCP","1514","8004  >  36346 [ACK] Seq=259382 Ack=141 Win=65024 Len=1448 TSval=2916038571 TSecr=3045558344 [TCP segment of a reassembled PDU]"
"42931","34.490935844","192.168.1.55","192.168.1.2","TCP","1514","8004  >  36346 [ACK] Seq=260830 Ack=141 Win=65024 Len=1448 TSval=2916038571 TSecr=3045558344 [TCP segment of a reassembled PDU]"
"42932","34.490937344","192.168.1.55","192.168.1.2","TCP","1514","8004  >  36346 [ACK] Seq=262278 Ack=141 Win=65024 Len=1448 TSval=2916038571 TSecr=3045558344 [TCP segment of a reassembled PDU]"
"42933","34.490938770","192.168.1.55","192.168.1.2","TCP","1514","8004  >  36346 [ACK] Seq=263726 Ack=141 Win=65024 Len=1448 TSval=2916038571 TSecr=3045558344 [TCP segment of a reassembled PDU]"
"42934","34.490940178","192.168.1.55","192.168.1.2","TCP","1514","8004  >  36346 [ACK] Seq=265174 Ack=141 Win=65024 Len=1448 TSval=2916038571 TSecr=3045558344 [TCP segment of a reassembled PDU]"
"42935","34.490941511","192.168.1.55","192.168.1.2","TCP","1514","8004  >  36346 [ACK] Seq=266622 Ack=141 Win=65024 Len=1448 TSval=2916038571 TSecr=3045558344 [TCP segment of a reassembled PDU]"
"42936","34.490942844","192.168.1.55","192.168.1.2","TCP","970","[TCP Window Full] 8004  >  36346 [PSH, ACK] Seq=268070 Ack=141 Win=65024 Len=904 TSval=2916038571 TSecr=3045558344 [TCP segment of a reassembled PDU]"
"42937","34.492164809","192.168.1.2","192.168.1.55","TCP","66","36346  >  8004 [ACK] Seq=141 Ack=200014 Win=102400 Len=0 TSval=3045558346 TSecr=2916038569"
"42938","34.492193550","192.168.1.55","192.168.1.2","TCP","1514","8004  >  36346 [ACK] Seq=268974 Ack=141 Win=65024 Len=1448 TSval=2916038572 TSecr=3045558346 [TCP segment of a reassembled PDU]"
"42939","34.492195698","192.168.1.55","192.168.1.2","TCP","1514","8004  >  36346 [ACK] Seq=270422 Ack=141 Win=65024 Len=1448 TSval=2916038572 TSecr=3045558346 [TCP segment of a reassembled PDU]"
"42940","34.492197013","192.168.1.55","192.168.1.2","TCP","1514","8004  >  36346 [ACK] Seq=271870 Ack=141 Win=65024 Len=1448 TSval=2916038572 TSecr=3045558346 [TCP segment of a reassembled PDU]"
"42941","34.492198272","192.168.1.55","192.168.1.2","TCP","1514","8004  >  36346 [ACK] Seq=273318 Ack=141 Win=65024 Len=1448 TSval=2916038572 TSecr=3045558346 [TCP segment of a reassembled PDU]"
"42942","34.492199957","192.168.1.55","192.168.1.2","TCP","1514","8004  >  36346 [ACK] Seq=274766 Ack=141 Win=65024 Len=1448 TSval=2916038572 TSecr=3045558346 [TCP segment of a reassembled PDU]"
"42943","34.492201217","192.168.1.55","192.168.1.2","TCP","1514","8004  >  36346 [ACK] Seq=276214 Ack=141 Win=65024 Len=1448 TSval=2916038572 TSecr=3045558346 [TCP segment of a reassembled PDU]"
"42944","34.492202513","192.168.1.55","192.168.1.2","TCP","1514","8004  >  36346 [ACK] Seq=277662 Ack=141 Win=65024 Len=1448 TSval=2916038572 TSecr=3045558346 [TCP segment of a reassembled PDU]"
"42945","34.492203791","192.168.1.55","192.168.1.2","TCP","1514","8004  >  36346 [ACK] Seq=279110 Ack=141 Win=65024 Len=1448 TSval=2916038572 TSecr=3045558346 [TCP segment of a reassembled PDU]"
"42946","34.492205050","192.168.1.55","192.168.1.2","TCP","1514","8004  >  36346 [ACK] Seq=280558 Ack=141 Win=65024 Len=1448 TSval=2916038572 TSecr=3045558346 [TCP segment of a reassembled PDU]"
"42947","34.492206439","192.168.1.55","192.168.1.2","TCP","1514","8004  >  36346 [ACK] Seq=282006 Ack=141 Win=65024 Len=1448 TSval=2916038572 TSecr=3045558346 [TCP segment of a reassembled PDU]"
"42948","34.492207717","192.168.1.55","192.168.1.2","TCP","1514","8004  >  36346 [ACK] Seq=283454 Ack=141 Win=65024 Len=1448 TSval=2916038572 TSecr=3045558346 [TCP segment of a reassembled PDU]"
"42949","34.492208976","192.168.1.55","192.168.1.2","TCP","1514","8004  >  36346 [ACK] Seq=284902 Ack=141 Win=65024 Len=1448 TSval=2916038572 TSecr=3045558346 [TCP segment of a reassembled PDU]"
"42950","34.492210439","192.168.1.55","192.168.1.2","TCP","1514","8004  >  36346 [ACK] Seq=286350 Ack=141 Win=65024 Len=1448 TSval=2916038572 TSecr=3045558346 [TCP segment of a reassembled PDU]"
"42951","34.492211735","192.168.1.55","192.168.1.2","TCP","1514","8004  >  36346 [ACK] Seq=287798 Ack=141 Win=65024 Len=1448 TSval=2916038572 TSecr=3045558346 [TCP segment of a reassembled PDU]"
"42952","34.492213180","192.168.1.55","192.168.1.2","TCP","1514","8004  >  36346 [PSH, ACK] Seq=289246 Ack=141 Win=65024 Len=1448 TSval=2916038572 TSecr=3045558346 [TCP segment of a reassembled PDU]"
"42953","34.492219828","192.168.1.55","192.168.1.2","TCP","610","8004  >  36346 [ACK] Seq=290694 Ack=141 Win=65024 Len=544 TSval=2916038572 TSecr=3045558346 [TCP segment of a reassembled PDU]"
"42954","34.492232643","192.168.1.55","192.168.1.2","TCP","1514","8004  >  36346 [ACK] Seq=291238 Ack=141 Win=65024 Len=1448 TSval=2916038572 TSecr=3045558346 [TCP segment of a reassembled PDU]"
"42955","34.492234013","192.168.1.55","192.168.1.2","TCP","1514","8004  >  36346 [ACK] Seq=292686 Ack=141 Win=65024 Len=1448 TSval=2916038572 TSecr=3045558346 [TCP segment of a reassembled PDU]"
"42956","34.492235291","192.168.1.55","192.168.1.2","TCP","1514","8004  >  36346 [ACK] Seq=294134 Ack=141 Win=65024 Len=1448 TSval=2916038572 TSecr=3045558346 [TCP segment of a reassembled PDU]"
"42957","34.492236624","192.168.1.55","192.168.1.2","TCP","1514","8004  >  36346 [ACK] Seq=295582 Ack=141 Win=65024 Len=1448 TSval=2916038572 TSecr=3045558346 [TCP segment of a reassembled PDU]"
"42958","34.492237976","192.168.1.55","192.168.1.2","TCP","1514","8004  >  36346 [ACK] Seq=297030 Ack=141 Win=65024 Len=1448 TSval=2916038572 TSecr=3045558346 [TCP segment of a reassembled PDU]"
"42959","34.492239587","192.168.1.55","192.168.1.2","TCP","1514","8004  >  36346 [ACK] Seq=298478 Ack=141 Win=65024 Len=1448 TSval=2916038572 TSecr=3045558346 [TCP segment of a reassembled PDU]"
"42960","34.492240920","192.168.1.55","192.168.1.2","TCP","1514","8004  >  36346 [PSH, ACK] Seq=299926 Ack=141 Win=65024 Len=1448 TSval=2916038572 TSecr=3045558346 [TCP segment of a reassembled PDU]"
"42961","34.498332893","192.168.1.2","192.168.1.55","TCP","66","36346  >  8004 [ACK] Seq=141 Ack=224630 Win=152576 Len=0 TSval=3045558352 TSecr=2916038571"
"42962","34.498381671","192.168.1.55","192.168.1.2","TCP","1514","8004  >  36346 [ACK] Seq=301374 Ack=141 Win=65024 Len=1448 TSval=2916038579 TSecr=3045558352 [TCP segment of a reassembled PDU]"
"42963","34.498386449","192.168.1.55","192.168.1.2","TCP","1514","8004  >  36346 [ACK] Seq=302822 Ack=141 Win=65024 Len=1448 TSval=2916038579 TSecr=3045558352 [TCP segment of a reassembled PDU]"
"42964","34.498387856","192.168.1.55","192.168.1.2","TCP","1514","8004  >  36346 [ACK] Seq=304270 Ack=141 Win=65024 Len=1448 TSval=2916038579 TSecr=3045558352 [TCP segment of a reassembled PDU]"
"42965","34.498388949","192.168.1.55","192.168.1.2","TCP","1514","8004  >  36346 [ACK] Seq=305718 Ack=141 Win=65024 Len=1448 TSval=2916038579 TSecr=3045558352 [TCP segment of a reassembled PDU]"
"42966","34.498390486","192.168.1.55","192.168.1.2","TCP","1514","8004  >  36346 [ACK] Seq=307166 Ack=141 Win=65024 Len=1448 TSval=2916038579 TSecr=3045558352 [TCP segment of a reassembled PDU]"
"42967","34.498391615","192.168.1.55","192.168.1.2","TCP","1514","8004  >  36346 [ACK] Seq=308614 Ack=141 Win=65024 Len=1448 TSval=2916038579 TSecr=3045558352 [TCP segment of a reassembled PDU]"
"42968","34.498392782","192.168.1.55","192.168.1.2","TCP","1514","8004  >  36346 [ACK] Seq=310062 Ack=141 Win=65024 Len=1448 TSval=2916038579 TSecr=3045558352 [TCP segment of a reassembled PDU]"
"42969","34.498393875","192.168.1.55","192.168.1.2","TCP","1514","8004  >  36346 [ACK] Seq=311510 Ack=141 Win=65024 Len=1448 TSval=2916038579 TSecr=3045558352 [TCP segment of a reassembled PDU]"
"42970","34.498395264","192.168.1.55","192.168.1.2","TCP","1514","8004  >  36346 [ACK] Seq=312958 Ack=141 Win=65024 Len=1448 TSval=2916038579 TSecr=3045558352 [TCP segment of a reassembled PDU]"
"42971","34.498396504","192.168.1.55","192.168.1.2","TCP","1514","8004  >  36346 [ACK] Seq=314406 Ack=141 Win=65024 Len=1448 TSval=2916038579 TSecr=3045558352 [TCP segment of a reassembled PDU]"
"42972","34.498398097","192.168.1.55","192.168.1.2","TCP","1514","8004  >  36346 [ACK] Seq=315854 Ack=141 Win=65024 Len=1448 TSval=2916038579 TSecr=3045558352 [TCP segment of a reassembled PDU]"
"42973","34.498399134","192.168.1.55","192.168.1.2","TCP","1514","8004  >  36346 [ACK] Seq=317302 Ack=141 Win=65024 Len=1448 TSval=2916038579 TSecr=3045558352 [TCP segment of a reassembled PDU]"
"42974","34.498400319","192.168.1.55","192.168.1.2","TCP","1514","8004  >  36346 [ACK] Seq=318750 Ack=141 Win=65024 Len=1448 TSval=2916038579 TSecr=3045558352 [TCP segment of a reassembled PDU]"
"42975","34.498401523","192.168.1.55","192.168.1.2","TCP","1514","8004  >  36346 [ACK] Seq=320198 Ack=141 Win=65024 Len=1448 TSval=2916038579 TSecr=3045558352 [TCP segment of a reassembled PDU]"
"42976","34.498403060","192.168.1.55","192.168.1.2","TCP","1514","8004  >  36346 [ACK] Seq=321646 Ack=141 Win=65024 Len=1448 TSval=2916038579 TSecr=3045558352 [TCP segment of a reassembled PDU]"
"42977","34.498404560","192.168.1.55","192.168.1.2","TCP","1514","8004  >  36346 [ACK] Seq=323094 Ack=141 Win=65024 Len=1448 TSval=2916038579 TSecr=3045558352 [TCP segment of a reassembled PDU]"
"42978","34.498405745","192.168.1.55","192.168.1.2","TCP","1514","8004  >  36346 [ACK] Seq=324542 Ack=141 Win=65024 Len=1448 TSval=2916038579 TSecr=3045558352 [TCP segment of a reassembled PDU]"
"42979","34.498408597","192.168.1.55","192.168.1.2","TCP","1514","8004  >  36346 [ACK] Seq=325990 Ack=141 Win=65024 Len=1448 TSval=2916038579 TSecr=3045558352 [TCP segment of a reassembled PDU]"
"42980","34.498409801","192.168.1.55","192.168.1.2","TCP","1514","8004  >  36346 [ACK] Seq=327438 Ack=141 Win=65024 Len=1448 TSval=2916038579 TSecr=3045558352 [TCP segment of a reassembled PDU]"
"42981","34.498411338","192.168.1.55","192.168.1.2","TCP","1514","8004  >  36346 [ACK] Seq=328886 Ack=141 Win=65024 Len=1448 TSval=2916038579 TSecr=3045558352 [TCP segment of a reassembled PDU]"
"42982","34.498412523","192.168.1.55","192.168.1.2","TCP","1514","8004  >  36346 [ACK] Seq=330334 Ack=141 Win=65024 Len=1448 TSval=2916038579 TSecr=3045558352 [TCP segment of a reassembled PDU]"
"42983","34.498413893","192.168.1.55","192.168.1.2","TCP","1514","8004  >  36346 [ACK] Seq=331782 Ack=141 Win=65024 Len=1448 TSval=2916038579 TSecr=3045558352 [TCP segment of a reassembled PDU]"
"42984","34.498415115","192.168.1.55","192.168.1.2","TCP","1514","8004  >  36346 [ACK] Seq=333230 Ack=141 Win=65024 Len=1448 TSval=2916038579 TSecr=3045558352 [TCP segment of a reassembled PDU]"
"42985","34.498416578","192.168.1.55","192.168.1.2","TCP","1514","8004  >  36346 [ACK] Seq=334678 Ack=141 Win=65024 Len=1448 TSval=2916038579 TSecr=3045558352 [TCP segment of a reassembled PDU]"
"42986","34.498417597","192.168.1.55","192.168.1.2","TCP","1514","8004  >  36346 [PSH, ACK] Seq=336126 Ack=141 Win=65024 Len=1448 TSval=2916038579 TSecr=3045558352 [TCP segment of a reassembled PDU]"
"42987","34.498505097","192.168.1.2","192.168.1.55","TCP","66","36346  >  8004 [ACK] Seq=141 Ack=237662 Win=165888 Len=0 TSval=3045558352 TSecr=2916038571"
"42988","34.498571375","192.168.1.55","192.168.1.2","TCP","1514","8004  >  36346 [ACK] Seq=337574 Ack=141 Win=65024 Len=1448 TSval=2916038579 TSecr=3045558352 [TCP segment of a reassembled PDU]"
"42989","34.498575134","192.168.1.55","192.168.1.2","TCP","1514","8004  >  36346 [ACK] Seq=339022 Ack=141 Win=65024 Len=1448 TSval=2916038579 TSecr=3045558352 [TCP segment of a reassembled PDU]"
"42990","34.498576931","192.168.1.55","192.168.1.2","TCP","1514","8004  >  36346 [ACK] Seq=340470 Ack=141 Win=65024 Len=1448 TSval=2916038579 TSecr=3045558352 [TCP segment of a reassembled PDU]"
"42991","34.498577986","192.168.1.55","192.168.1.2","TCP","1514","8004  >  36346 [ACK] Seq=341918 Ack=141 Win=65024 Len=1448 TSval=2916038579 TSecr=3045558352 [TCP segment of a reassembled PDU]"
"42992","34.498579134","192.168.1.55","192.168.1.2","TCP","1514","8004  >  36346 [ACK] Seq=343366 Ack=141 Win=65024 Len=1448 TSval=2916038579 TSecr=3045558352 [TCP segment of a reassembled PDU]"
"42993","34.498580449","192.168.1.55","192.168.1.2","TCP","1514","8004  >  36346 [ACK] Seq=344814 Ack=141 Win=65024 Len=1448 TSval=2916038579 TSecr=3045558352 [TCP segment of a reassembled PDU]"
"42994","34.498582042","192.168.1.55","192.168.1.2","TCP","1514","8004  >  36346 [ACK] Seq=346262 Ack=141 Win=65024 Len=1448 TSval=2916038579 TSecr=3045558352 [TCP segment of a reassembled PDU]"
"42995","34.498583264","192.168.1.55","192.168.1.2","TCP","1514","8004  >  36346 [ACK] Seq=347710 Ack=141 Win=65024 Len=1448 TSval=2916038579 TSecr=3045558352 [TCP segment of a reassembled PDU]"
"42996","34.498584431","192.168.1.55","192.168.1.2","TCP","1514","8004  >  36346 [ACK] Seq=349158 Ack=141 Win=65024 Len=1448 TSval=2916038579 TSecr=3045558352 [TCP segment of a reassembled PDU]"
"42997","34.498585727","192.168.1.55","192.168.1.2","TCP","1514","8004  >  36346 [ACK] Seq=350606 Ack=141 Win=65024 Len=1448 TSval=2916038579 TSecr=3045558352 [TCP segment of a reassembled PDU]"
"42998","34.498587116","192.168.1.55","192.168.1.2","TCP","1514","8004  >  36346 [ACK] Seq=352054 Ack=141 Win=65024 Len=1448 TSval=2916038579 TSecr=3045558352 [TCP segment of a reassembled PDU]"
"42999","34.498588505","192.168.1.55","192.168.1.2","TCP","1514","8004  >  36346 [ACK] Seq=353502 Ack=141 Win=65024 Len=1448 TSval=2916038579 TSecr=3045558352 [TCP segment of a reassembled PDU]"
"43000","34.498589597","192.168.1.55","192.168.1.2","TCP","1514","8004  >  36346 [ACK] Seq=354950 Ack=141 Win=65024 Len=1448 TSval=2916038579 TSecr=3045558352 [TCP segment of a reassembled PDU]"
"43001","34.498590801","192.168.1.55","192.168.1.2","TCP","1514","8004  >  36346 [ACK] Seq=356398 Ack=141 Win=65024 Len=1448 TSval=2916038579 TSecr=3045558352 [TCP segment of a reassembled PDU]"
"43002","34.498592005","192.168.1.55","192.168.1.2","TCP","1514","8004  >  36346 [ACK] Seq=357846 Ack=141 Win=65024 Len=1448 TSval=2916038579 TSecr=3045558352 [TCP segment of a reassembled PDU]"
"43003","34.498593616","192.168.1.55","192.168.1.2","TCP","1514","8004  >  36346 [ACK] Seq=359294 Ack=141 Win=65024 Len=1448 TSval=2916038579 TSecr=3045558352 [TCP segment of a reassembled PDU]"
"43004","34.498594690","192.168.1.55","192.168.1.2","TCP","1514","8004  >  36346 [ACK] Seq=360742 Ack=141 Win=65024 Len=1448 TSval=2916038579 TSecr=3045558352 [TCP segment of a reassembled PDU]"
"43005","34.498595764","192.168.1.55","192.168.1.2","TCP","1514","8004  >  36346 [ACK] Seq=362190 Ack=141 Win=65024 Len=1448 TSval=2916038579 TSecr=3045558352 [TCP segment of a reassembled PDU]"
"43006","34.498597449","192.168.1.55","192.168.1.2","TCP","1514","8004  >  36346 [ACK] Seq=363638 Ack=141 Win=65024 Len=1448 TSval=2916038579 TSecr=3045558352 [TCP segment of a reassembled PDU]"
"43007","34.498598782","192.168.1.55","192.168.1.2","TCP","1514","8004  >  36346 [ACK] Seq=365086 Ack=141 Win=65024 Len=1448 TSval=2916038579 TSecr=3045558352 [TCP segment of a reassembled PDU]"
"43008","34.498600412","192.168.1.55","192.168.1.2","TCP","1514","8004  >  36346 [ACK] Seq=366534 Ack=141 Win=65024 Len=1448 TSval=2916038579 TSecr=3045558352 [TCP segment of a reassembled PDU]"
"43009","34.498601616","192.168.1.55","192.168.1.2","TCP","1514","8004  >  36346 [ACK] Seq=367982 Ack=141 Win=65024 Len=1448 TSval=2916038579 TSecr=3045558352 [TCP segment of a reassembled PDU]"
"43010","34.498602634","192.168.1.55","192.168.1.2","TCP","1514","8004  >  36346 [ACK] Seq=369430 Ack=141 Win=65024 Len=1448 TSval=2916038579 TSecr=3045558352 [TCP segment of a reassembled PDU]"
"43011","34.498603745","192.168.1.55","192.168.1.2","TCP","1514","8004  >  36346 [ACK] Seq=370878 Ack=141 Win=65024 Len=1448 TSval=2916038579 TSecr=3045558352 [TCP segment of a reassembled PDU]"
"43012","34.498604949","192.168.1.55","192.168.1.2","TCP","1514","8004  >  36346 [ACK] Seq=372326 Ack=141 Win=65024 Len=1448 TSval=2916038579 TSecr=3045558352 [TCP segment of a reassembled PDU]"
"43013","34.498606116","192.168.1.55","192.168.1.2","TCP","1514","8004  >  36346 [ACK] Seq=373774 Ack=141 Win=65024 Len=1448 TSval=2916038579 TSecr=3045558352 [TCP segment of a reassembled PDU]"
"43014","34.498607375","192.168.1.55","192.168.1.2","TCP","1514","8004  >  36346 [ACK] Seq=375222 Ack=141 Win=65024 Len=1448 TSval=2916038579 TSecr=3045558352 [TCP segment of a reassembled PDU]"
"43015","34.498608857","192.168.1.55","192.168.1.2","TCP","1514","8004  >  36346 [ACK] Seq=376670 Ack=141 Win=65024 Len=1448 TSval=2916038579 TSecr=3045558352 [TCP segment of a reassembled PDU]"
"43016","34.498610134","192.168.1.55","192.168.1.2","TCP","1514","8004  >  36346 [ACK] Seq=378118 Ack=141 Win=65024 Len=1448 TSval=2916038579 TSecr=3045558352 [TCP segment of a reassembled PDU]"
"43017","34.498611357","192.168.1.55","192.168.1.2","TCP","1514","8004  >  36346 [ACK] Seq=379566 Ack=141 Win=65024 Len=1448 TSval=2916038579 TSecr=3045558352 [TCP segment of a reassembled PDU]"
"43018","34.498612375","192.168.1.55","192.168.1.2","TCP","1514","8004  >  36346 [ACK] Seq=381014 Ack=141 Win=65024 Len=1448 TSval=2916038579 TSecr=3045558352 [TCP segment of a reassembled PDU]"
"43019","34.498613616","192.168.1.55","192.168.1.2","TCP","1514","8004  >  36346 [PSH, ACK] Seq=382462 Ack=141 Win=65024 Len=1448 TSval=2916038579 TSecr=3045558352 [TCP segment of a reassembled PDU]"
"43020","34.498618171","192.168.1.2","192.168.1.55","TCP","66","36346  >  8004 [ACK] Seq=141 Ack=268974 Win=135168 Len=0 TSval=3045558352 TSecr=2916038571"
"43021","34.498626264","192.168.1.2","192.168.1.55","TCP","66","36346  >  8004 [ACK] Seq=141 Ack=291238 Win=133120 Len=0 TSval=3045558352 TSecr=2916038572"
"43022","34.498630727","192.168.1.2","192.168.1.55","TCP","66","36346  >  8004 [ACK] Seq=141 Ack=292686 Win=167936 Len=0 TSval=3045558353 TSecr=2916038572"
"43023","34.498703894","192.168.1.55","192.168.1.2","TCP","1514","8004  >  36346 [ACK] Seq=383910 Ack=141 Win=65024 Len=1448 TSval=2916038579 TSecr=3045558353 [TCP segment of a reassembled PDU]"
"43024","34.498706375","192.168.1.55","192.168.1.2","TCP","1514","8004  >  36346 [ACK] Seq=385358 Ack=141 Win=65024 Len=1448 TSval=2916038579 TSecr=3045558353 [TCP segment of a reassembled PDU]"
"43025","34.498707746","192.168.1.55","192.168.1.2","TCP","1514","8004  >  36346 [ACK] Seq=386806 Ack=141 Win=65024 Len=1448 TSval=2916038579 TSecr=3045558353 [TCP segment of a reassembled PDU]"
"43026","34.498708764","192.168.1.55","192.168.1.2","TCP","1514","8004  >  36346 [ACK] Seq=388254 Ack=141 Win=65024 Len=1448 TSval=2916038579 TSecr=3045558353 [TCP segment of a reassembled PDU]"
"43027","34.498709875","192.168.1.55","192.168.1.2","TCP","1514","8004  >  36346 [ACK] Seq=389702 Ack=141 Win=65024 Len=1448 TSval=2916038579 TSecr=3045558353 [TCP segment of a reassembled PDU]"
"43028","34.498711060","192.168.1.55","192.168.1.2","TCP","1514","8004  >  36346 [ACK] Seq=391150 Ack=141 Win=65024 Len=1448 TSval=2916038579 TSecr=3045558353 [TCP segment of a reassembled PDU]"
"43029","34.498712431","192.168.1.55","192.168.1.2","TCP","1514","8004  >  36346 [ACK] Seq=392598 Ack=141 Win=65024 Len=1448 TSval=2916038579 TSecr=3045558353 [TCP segment of a reassembled PDU]"
"43030","34.498713505","192.168.1.55","192.168.1.2","TCP","1514","8004  >  36346 [ACK] Seq=394046 Ack=141 Win=65024 Len=1448 TSval=2916038579 TSecr=3045558353 [TCP segment of a reassembled PDU]"
"43031","34.498714764","192.168.1.55","192.168.1.2","TCP","1514","8004  >  36346 [ACK] Seq=395494 Ack=141 Win=65024 Len=1448 TSval=2916038579 TSecr=3045558353 [TCP segment of a reassembled PDU]"
"43032","34.498715875","192.168.1.55","192.168.1.2","TCP","1514","8004  >  36346 [ACK] Seq=396942 Ack=141 Win=65024 Len=1448 TSval=2916038579 TSecr=3045558353 [TCP segment of a reassembled PDU]"
"43033","34.498717097","192.168.1.55","192.168.1.2","TCP","1514","8004  >  36346 [ACK] Seq=398390 Ack=141 Win=65024 Len=1448 TSval=2916038579 TSecr=3045558353 [TCP segment of a reassembled PDU]"
"43034","34.498719153","192.168.1.55","192.168.1.2","TCP","1514","8004  >  36346 [ACK] Seq=399838 Ack=141 Win=65024 Len=1448 TSval=2916038579 TSecr=3045558353 [TCP segment of a reassembled PDU]"
"43035","34.498720634","192.168.1.55","192.168.1.2","TCP","1514","8004  >  36346 [ACK] Seq=401286 Ack=141 Win=65024 Len=1448 TSval=2916038579 TSecr=3045558353 [TCP segment of a reassembled PDU]"
"43036","34.498722246","192.168.1.55","192.168.1.2","TCP","1514","8004  >  36346 [ACK] Seq=402734 Ack=141 Win=65024 Len=1448 TSval=2916038579 TSecr=3045558353 [TCP segment of a reassembled PDU]"
"43037","34.498734227","192.168.1.55","192.168.1.2","TCP","1514","8004  >  36346 [ACK] Seq=404182 Ack=141 Win=65024 Len=1448 TSval=2916038579 TSecr=3045558353 [TCP segment of a reassembled PDU]"
"43038","34.498736320","192.168.1.55","192.168.1.2","TCP","1514","8004  >  36346 [ACK] Seq=405630 Ack=141 Win=65024 Len=1448 TSval=2916038579 TSecr=3045558353 [TCP segment of a reassembled PDU]"
"43039","34.498738560","192.168.1.55","192.168.1.2","TCP","1514","8004  >  36346 [ACK] Seq=407078 Ack=141 Win=65024 Len=1448 TSval=2916038579 TSecr=3045558353 [TCP segment of a reassembled PDU]"
"43040","34.498739801","192.168.1.55","192.168.1.2","TCP","1514","8004  >  36346 [ACK] Seq=408526 Ack=141 Win=65024 Len=1448 TSval=2916038579 TSecr=3045558353 [TCP segment of a reassembled PDU]"
"43041","34.498741264","192.168.1.55","192.168.1.2","TCP","1514","8004  >  36346 [ACK] Seq=409974 Ack=141 Win=65024 Len=1448 TSval=2916038579 TSecr=3045558353 [TCP segment of a reassembled PDU]"
"43042","34.498742635","192.168.1.55","192.168.1.2","TCP","1514","8004  >  36346 [ACK] Seq=411422 Ack=141 Win=65024 Len=1448 TSval=2916038579 TSecr=3045558353 [TCP segment of a reassembled PDU]"
"43043","34.498744153","192.168.1.55","192.168.1.2","TCP","1514","8004  >  36346 [ACK] Seq=412870 Ack=141 Win=65024 Len=1448 TSval=2916038579 TSecr=3045558353 [TCP segment of a reassembled PDU]"
"43044","34.498745431","192.168.1.55","192.168.1.2","TCP","1514","8004  >  36346 [ACK] Seq=414318 Ack=141 Win=65024 Len=1448 TSval=2916038579 TSecr=3045558353 [TCP segment of a reassembled PDU]"
"43045","34.498746838","192.168.1.55","192.168.1.2","TCP","1514","8004  >  36346 [ACK] Seq=415766 Ack=141 Win=65024 Len=1448 TSval=2916038579 TSecr=3045558353 [TCP segment of a reassembled PDU]"
"43046","34.498748209","192.168.1.55","192.168.1.2","TCP","1514","8004  >  36346 [ACK] Seq=417214 Ack=141 Win=65024 Len=1448 TSval=2916038579 TSecr=3045558353 [TCP segment of a reassembled PDU]"
"43047","34.498749894","192.168.1.55","192.168.1.2","TCP","1514","8004  >  36346 [ACK] Seq=418662 Ack=141 Win=65024 Len=1448 TSval=2916038579 TSecr=3045558353 [TCP segment of a reassembled PDU]"
"43048","34.498751060","192.168.1.55","192.168.1.2","TCP","1514","8004  >  36346 [ACK] Seq=420110 Ack=141 Win=65024 Len=1448 TSval=2916038579 TSecr=3045558353 [TCP segment of a reassembled PDU]"
"43049","34.498752246","192.168.1.55","192.168.1.2","TCP","1514","8004  >  36346 [ACK] Seq=421558 Ack=141 Win=65024 Len=1448 TSval=2916038579 TSecr=3045558353 [TCP segment of a reassembled PDU]"
"43050","34.498754172","192.168.1.55","192.168.1.2","TCP","1514","8004  >  36346 [ACK] Seq=423006 Ack=141 Win=65024 Len=1448 TSval=2916038579 TSecr=3045558353 [TCP segment of a reassembled PDU]"
"43051","34.498755783","192.168.1.55","192.168.1.2","TCP","1514","8004  >  36346 [ACK] Seq=424454 Ack=141 Win=65024 Len=1448 TSval=2916038579 TSecr=3045558353 [TCP segment of a reassembled PDU]"
"43052","34.498757449","192.168.1.55","192.168.1.2","TCP","1514","8004  >  36346 [ACK] Seq=425902 Ack=141 Win=65024 Len=1448 TSval=2916038579 TSecr=3045558353 [TCP segment of a reassembled PDU]"
"43053","34.498758542","192.168.1.55","192.168.1.2","TCP","1514","8004  >  36346 [ACK] Seq=427350 Ack=141 Win=65024 Len=1448 TSval=2916038579 TSecr=3045558353 [TCP segment of a reassembled PDU]"
"43054","34.498760838","192.168.1.55","192.168.1.2","TCP","1514","8004  >  36346 [PSH, ACK] Seq=428798 Ack=141 Win=65024 Len=1448 TSval=2916038579 TSecr=3045558353 [TCP segment of a reassembled PDU]"
"43055","34.498806172","192.168.1.2","192.168.1.55","TCP","66","36346  >  8004 [ACK] Seq=141 Ack=301374 Win=169984 Len=0 TSval=3045558354 TSecr=2916038572"
"43056","34.500042396","192.168.1.55","192.168.1.2","TCP","1514","8004  >  36346 [ACK] Seq=430246 Ack=141 Win=65024 Len=1448 TSval=2916038580 TSecr=3045558354 [TCP segment of a reassembled PDU]"
"43057","34.500047563","192.168.1.55","192.168.1.2","TCP","1514","8004  >  36346 [ACK] Seq=431694 Ack=141 Win=65024 Len=1448 TSval=2916038580 TSecr=3045558354 [TCP segment of a reassembled PDU]"
"43058","34.500048859","192.168.1.55","192.168.1.2","TCP","1514","8004  >  36346 [ACK] Seq=433142 Ack=141 Win=65024 Len=1448 TSval=2916038580 TSecr=3045558354 [TCP segment of a reassembled PDU]"
"43059","34.500050729","192.168.1.55","192.168.1.2","TCP","1514","8004  >  36346 [ACK] Seq=434590 Ack=141 Win=65024 Len=1448 TSval=2916038580 TSecr=3045558354 [TCP segment of a reassembled PDU]"
"43060","34.500052988","192.168.1.55","192.168.1.2","TCP","1514","8004  >  36346 [ACK] Seq=436038 Ack=141 Win=65024 Len=1448 TSval=2916038580 TSecr=3045558354 [TCP segment of a reassembled PDU]"
"43061","34.500054285","192.168.1.55","192.168.1.2","TCP","1514","8004  >  36346 [ACK] Seq=437486 Ack=141 Win=65024 Len=1448 TSval=2916038580 TSecr=3045558354 [TCP segment of a reassembled PDU]"
"43062","34.500055766","192.168.1.55","192.168.1.2","TCP","1514","8004  >  36346 [ACK] Seq=438934 Ack=141 Win=65024 Len=1448 TSval=2916038580 TSecr=3045558354 [TCP segment of a reassembled PDU]"
"43063","34.500057192","192.168.1.55","192.168.1.2","TCP","1514","8004  >  36346 [ACK] Seq=440382 Ack=141 Win=65024 Len=1448 TSval=2916038580 TSecr=3045558354 [TCP segment of a reassembled PDU]"
"43064","34.500058322","192.168.1.55","192.168.1.2","TCP","1514","8004  >  36346 [ACK] Seq=441830 Ack=141 Win=65024 Len=1448 TSval=2916038580 TSecr=3045558354 [TCP segment of a reassembled PDU]"
"43065","34.500059692","192.168.1.55","192.168.1.2","TCP","1514","8004  >  36346 [ACK] Seq=443278 Ack=141 Win=65024 Len=1448 TSval=2916038580 TSecr=3045558354 [TCP segment of a reassembled PDU]"
"43066","34.500061192","192.168.1.55","192.168.1.2","TCP","1514","8004  >  36346 [ACK] Seq=444726 Ack=141 Win=65024 Len=1448 TSval=2916038580 TSecr=3045558354 [TCP segment of a reassembled PDU]"
"43067","34.500062711","192.168.1.55","192.168.1.2","TCP","1514","8004  >  36346 [ACK] Seq=446174 Ack=141 Win=65024 Len=1448 TSval=2916038580 TSecr=3045558354 [TCP segment of a reassembled PDU]"
"43068","34.500064822","192.168.1.55","192.168.1.2","TCP","1514","8004  >  36346 [ACK] Seq=447622 Ack=141 Win=65024 Len=1448 TSval=2916038580 TSecr=3045558354 [TCP segment of a reassembled PDU]"
"43069","34.500066637","192.168.1.55","192.168.1.2","TCP","1514","8004  >  36346 [ACK] Seq=449070 Ack=141 Win=65024 Len=1448 TSval=2916038580 TSecr=3045558354 [TCP segment of a reassembled PDU]"
"43070","34.500068563","192.168.1.55","192.168.1.2","TCP","1514","8004  >  36346 [ACK] Seq=450518 Ack=141 Win=65024 Len=1448 TSval=2916038580 TSecr=3045558354 [TCP segment of a reassembled PDU]"
"43071","34.500070192","192.168.1.55","192.168.1.2","TCP","1514","8004  >  36346 [ACK] Seq=451966 Ack=141 Win=65024 Len=1448 TSval=2916038580 TSecr=3045558354 [TCP segment of a reassembled PDU]"
"43072","34.500072192","192.168.1.55","192.168.1.2","TCP","1514","8004  >  36346 [ACK] Seq=453414 Ack=141 Win=65024 Len=1448 TSval=2916038580 TSecr=3045558354 [TCP segment of a reassembled PDU]"
"43073","34.500073859","192.168.1.55","192.168.1.2","TCP","1514","8004  >  36346 [ACK] Seq=454862 Ack=141 Win=65024 Len=1448 TSval=2916038580 TSecr=3045558354 [TCP segment of a reassembled PDU]"
"43074","34.500075581","192.168.1.55","192.168.1.2","TCP","1514","8004  >  36346 [ACK] Seq=456310 Ack=141 Win=65024 Len=1448 TSval=2916038580 TSecr=3045558354 [TCP segment of a reassembled PDU]"
"43075","34.500077266","192.168.1.55","192.168.1.2","TCP","1514","8004  >  36346 [ACK] Seq=457758 Ack=141 Win=65024 Len=1448 TSval=2916038580 TSecr=3045558354 [TCP segment of a reassembled PDU]"
"43076","34.500078859","192.168.1.55","192.168.1.2","TCP","1514","8004  >  36346 [ACK] Seq=459206 Ack=141 Win=65024 Len=1448 TSval=2916038580 TSecr=3045558354 [TCP segment of a reassembled PDU]"
"43077","34.500080655","192.168.1.55","192.168.1.2","TCP","1514","8004  >  36346 [ACK] Seq=460654 Ack=141 Win=65024 Len=1448 TSval=2916038580 TSecr=3045558354 [TCP segment of a reassembled PDU]"
"43078","34.500083007","192.168.1.55","192.168.1.2","TCP","1514","8004  >  36346 [ACK] Seq=462102 Ack=141 Win=65024 Len=1448 TSval=2916038580 TSecr=3045558354 [TCP segment of a reassembled PDU]"
"43079","34.500084822","192.168.1.55","192.168.1.2","TCP","1514","8004  >  36346 [ACK] Seq=463550 Ack=141 Win=65024 Len=1448 TSval=2916038580 TSecr=3045558354 [TCP segment of a reassembled PDU]"
"43080","34.500087192","192.168.1.55","192.168.1.2","TCP","1514","8004  >  36346 [ACK] Seq=464998 Ack=141 Win=65024 Len=1448 TSval=2916038580 TSecr=3045558354 [TCP segment of a reassembled PDU]"
"43081","34.500089322","192.168.1.55","192.168.1.2","TCP","1514","8004  >  36346 [ACK] Seq=466446 Ack=141 Win=65024 Len=1448 TSval=2916038580 TSecr=3045558354 [TCP segment of a reassembled PDU]"
"43082","34.500090970","192.168.1.55","192.168.1.2","TCP","1514","8004  >  36346 [ACK] Seq=467894 Ack=141 Win=65024 Len=1448 TSval=2916038580 TSecr=3045558354 [TCP segment of a reassembled PDU]"
"43083","34.500093118","192.168.1.55","192.168.1.2","TCP","1514","8004  >  36346 [ACK] Seq=469342 Ack=141 Win=65024 Len=1448 TSval=2916038580 TSecr=3045558354 [TCP segment of a reassembled PDU]"
"43084","34.500094489","192.168.1.55","192.168.1.2","TCP","634","[TCP Window Full] 8004  >  36346 [PSH, ACK] Seq=470790 Ack=141 Win=65024 Len=568 TSval=2916038580 TSecr=3045558354 [TCP segment of a reassembled PDU]"
"43085","34.512307749","192.168.1.2","192.168.1.55","TCP","66","36346  >  8004 [ACK] Seq=141 Ack=308614 Win=169984 Len=0 TSval=3045558362 TSecr=2916038579"
"43086","34.512381267","192.168.1.55","192.168.1.2","TCP","1514","8004  >  36346 [ACK] Seq=471358 Ack=141 Win=65024 Len=1448 TSval=2916038593 TSecr=3045558362 [TCP segment of a reassembled PDU]"
"43087","34.512385860","192.168.1.55","192.168.1.2","TCP","1514","8004  >  36346 [ACK] Seq=472806 Ack=141 Win=65024 Len=1448 TSval=2916038593 TSecr=3045558362 [TCP segment of a reassembled PDU]"
"43088","34.512386804","192.168.1.55","192.168.1.2","TCP","1514","8004  >  36346 [PSH, ACK] Seq=474254 Ack=141 Win=65024 Len=1448 TSval=2916038593 TSecr=3045558362 [TCP segment of a reassembled PDU]"
"43089","34.512395804","192.168.1.55","192.168.1.2","TCP","946","8004  >  36346 [ACK] Seq=475702 Ack=141 Win=65024 Len=880 TSval=2916038593 TSecr=3045558362 [TCP segment of a reassembled PDU]"
"43090","34.512456786","192.168.1.2","192.168.1.55","TCP","66","36346  >  8004 [ACK] Seq=141 Ack=337574 Win=158720 Len=0 TSval=3045558365 TSecr=2916038579"
"43091","34.512467379","192.168.1.2","192.168.1.55","TCP","66","36346  >  8004 [ACK] Seq=141 Ack=343366 Win=153600 Len=0 TSval=3045558366 TSecr=2916038579"
"43092","34.512472490","192.168.1.2","192.168.1.55","TCP","66","36346  >  8004 [ACK] Seq=141 Ack=383910 Win=147456 Len=0 TSval=3045558366 TSecr=2916038579"
"43093","34.512506323","192.168.1.55","192.168.1.2","TCP","1514","8004  >  36346 [ACK] Seq=476582 Ack=141 Win=65024 Len=1448 TSval=2916038593 TSecr=3045558366 [TCP segment of a reassembled PDU]"
"43094","34.512508897","192.168.1.55","192.168.1.2","TCP","1514","8004  >  36346 [ACK] Seq=478030 Ack=141 Win=65024 Len=1448 TSval=2916038593 TSecr=3045558366 [TCP segment of a reassembled PDU]"
"43095","34.512510064","192.168.1.55","192.168.1.2","TCP","1514","8004  >  36346 [ACK] Seq=479478 Ack=141 Win=65024 Len=1448 TSval=2916038593 TSecr=3045558366 [TCP segment of a reassembled PDU]"
"43096","34.512511379","192.168.1.55","192.168.1.2","TCP","1514","8004  >  36346 [ACK] Seq=480926 Ack=141 Win=65024 Len=1448 TSval=2916038593 TSecr=3045558366 [TCP segment of a reassembled PDU]"
"43097","34.512512971","192.168.1.55","192.168.1.2","TCP","1514","8004  >  36346 [ACK] Seq=482374 Ack=141 Win=65024 Len=1448 TSval=2916038593 TSecr=3045558366 [TCP segment of a reassembled PDU]"
"43098","34.512514601","192.168.1.55","192.168.1.2","TCP","1514","8004  >  36346 [ACK] Seq=483822 Ack=141 Win=65024 Len=1448 TSval=2916038593 TSecr=3045558366 [TCP segment of a reassembled PDU]"
"43099","34.512515638","192.168.1.55","192.168.1.2","TCP","1514","8004  >  36346 [ACK] Seq=485270 Ack=141 Win=65024 Len=1448 TSval=2916038593 TSecr=3045558366 [TCP segment of a reassembled PDU]"
"43100","34.512516953","192.168.1.55","192.168.1.2","TCP","1514","8004  >  36346 [ACK] Seq=486718 Ack=141 Win=65024 Len=1448 TSval=2916038593 TSecr=3045558366 [TCP segment of a reassembled PDU]"
"43101","34.512518008","192.168.1.55","192.168.1.2","TCP","1514","8004  >  36346 [ACK] Seq=488166 Ack=141 Win=65024 Len=1448 TSval=2916038593 TSecr=3045558366 [TCP segment of a reassembled PDU]"
"43102","34.512519305","192.168.1.55","192.168.1.2","TCP","1514","8004  >  36346 [ACK] Seq=489614 Ack=141 Win=65024 Len=1448 TSval=2916038593 TSecr=3045558366 [TCP segment of a reassembled PDU]"
"43103","34.512520916","192.168.1.55","192.168.1.2","TCP","1514","8004  >  36346 [ACK] Seq=491062 Ack=141 Win=65024 Len=1448 TSval=2916038593 TSecr=3045558366 [TCP segment of a reassembled PDU]"
"43104","34.512522212","192.168.1.55","192.168.1.2","TCP","1514","8004  >  36346 [ACK] Seq=492510 Ack=141 Win=65024 Len=1448 TSval=2916038593 TSecr=3045558366 [TCP segment of a reassembled PDU]"
"43105","34.512523638","192.168.1.55","192.168.1.2","TCP","1514","8004  >  36346 [ACK] Seq=493958 Ack=141 Win=65024 Len=1448 TSval=2916038593 TSecr=3045558366 [TCP segment of a reassembled PDU]"
"43106","34.512524675","192.168.1.55","192.168.1.2","TCP","1514","8004  >  36346 [ACK] Seq=495406 Ack=141 Win=65024 Len=1448 TSval=2916038593 TSecr=3045558366 [TCP segment of a reassembled PDU]"
"43107","34.512526231","192.168.1.55","192.168.1.2","TCP","1514","8004  >  36346 [PSH, ACK] Seq=496854 Ack=141 Win=65024 Len=1448 TSval=2916038593 TSecr=3045558366 [TCP segment of a reassembled PDU]"
"43108","34.512531638","192.168.1.55","192.168.1.2","HTTP","1472","HTTP/1.0 200 OK  (PNG)"
"43109","34.512534508","192.168.1.2","192.168.1.55","TCP","66","36346  >  8004 [ACK] Seq=141 Ack=450518 Win=121856 Len=0 TSval=3045558366 TSecr=2916038579"
"43110","34.512564231","192.168.1.2","192.168.1.55","TCP","66","36346  >  8004 [ACK] Seq=141 Ack=471358 Win=164864 Len=0 TSval=3045558367 TSecr=2916038580"
"43111","34.516720737","192.168.1.2","192.168.1.55","TCP","66","36346  >  8004 [ACK] Seq=141 Ack=475702 Win=178176 Len=0 TSval=3045558370 TSecr=2916038593"
"43112","34.516774848","192.168.1.2","192.168.1.55","TCP","66","36346  >  8004 [ACK] Seq=141 Ack=489614 Win=206848 Len=0 TSval=3045558371 TSecr=2916038593"
"43113","34.516824571","192.168.1.2","192.168.1.55","TCP","66","36346  >  8004 [ACK] Seq=141 Ack=491062 Win=209920 Len=0 TSval=3045558372 TSecr=2916038593"
"43114","34.516948219","192.168.1.2","192.168.1.55","TCP","66","36346  >  8004 [ACK] Seq=141 Ack=498302 Win=224256 Len=0 TSval=3045558372 TSecr=2916038593"
"43115","34.518402573","192.168.1.2","192.168.1.55","TCP","66","36346  >  8004 [FIN, ACK] Seq=141 Ack=499709 Win=227328 Len=0 TSval=3045558373 TSecr=2916038593"
"43116","34.518433407","192.168.1.55","192.168.1.2","TCP","66","8004  >  36346 [ACK] Seq=499709 Ack=142 Win=65024 Len=0 TSval=2916038599 TSecr=3045558373"
"43117","34.518473796","192.168.1.2","192.168.1.55","TCP","74","36348  >  8004 [SYN] Seq=0 Win=64240 Len=0 MSS=1460 SACK_PERM TSval=3045558373 TSecr=0 WS=1024"
"43118","34.518501703","192.168.1.55","192.168.1.2","TCP","74","8004  >  36348 [SYN, ACK] Seq=0 Ack=1 Win=65160 Len=0 MSS=1460 SACK_PERM TSval=2916038599 TSecr=3045558373 WS=128"
"43119","34.521863227","192.168.1.2","192.168.1.55","TCP","66","36348  >  8004 [ACK] Seq=1 Ack=1 Win=64512 Len=0 TSval=3045558376 TSecr=2916038599"
"43120","34.525038862","192.168.1.2","192.168.1.55","HTTP","209","GET /original_benchmark.png HTTP/1.1 "
"43121","34.525059269","192.168.1.55","192.168.1.2","TCP","66","8004  >  36348 [ACK] Seq=1 Ack=144 Win=65024 Len=0 TSval=2916038605 TSecr=3045558376"
"43122","34.525799511","192.168.1.55","192.168.1.2","TCP","255","8004  >  36348 [PSH, ACK] Seq=1 Ack=144 Win=65024 Len=189 TSval=2916038606 TSecr=3045558376 [TCP segment of a reassembled PDU]"
"43123","34.525934307","192.168.1.55","192.168.1.2","TCP","1514","8004  >  36348 [ACK] Seq=190 Ack=144 Win=65024 Len=1448 TSval=2916038606 TSecr=3045558376 [TCP segment of a reassembled PDU]"
"43124","34.525939826","192.168.1.55","192.168.1.2","TCP","1514","8004  >  36348 [ACK] Seq=1638 Ack=144 Win=65024 Len=1448 TSval=2916038606 TSecr=3045558376 [TCP segment of a reassembled PDU]"
"43125","34.525941382","192.168.1.55","192.168.1.2","TCP","1514","8004  >  36348 [ACK] Seq=3086 Ack=144 Win=65024 Len=1448 TSval=2916038606 TSecr=3045558376 [TCP segment of a reassembled PDU]"
"43126","34.525943270","192.168.1.55","192.168.1.2","TCP","1514","8004  >  36348 [ACK] Seq=4534 Ack=144 Win=65024 Len=1448 TSval=2916038606 TSecr=3045558376 [TCP segment of a reassembled PDU]"
"43127","34.525945308","192.168.1.55","192.168.1.2","TCP","1514","8004  >  36348 [PSH, ACK] Seq=5982 Ack=144 Win=65024 Len=1448 TSval=2916038606 TSecr=3045558376 [TCP segment of a reassembled PDU]"
"43128","34.525970567","192.168.1.55","192.168.1.2","TCP","1514","8004  >  36348 [ACK] Seq=7430 Ack=144 Win=65024 Len=1448 TSval=2916038606 TSecr=3045558376 [TCP segment of a reassembled PDU]"
"43129","34.525973233","192.168.1.55","192.168.1.2","TCP","1514","8004  >  36348 [ACK] Seq=8878 Ack=144 Win=65024 Len=1448 TSval=2916038606 TSecr=3045558376 [TCP segment of a reassembled PDU]"
"43130","34.525974696","192.168.1.55","192.168.1.2","TCP","1514","8004  >  36348 [ACK] Seq=10326 Ack=144 Win=65024 Len=1448 TSval=2916038606 TSecr=3045558376 [TCP segment of a reassembled PDU]"
"43131","34.525976011","192.168.1.55","192.168.1.2","TCP","1514","8004  >  36348 [PSH, ACK] Seq=11774 Ack=144 Win=65024 Len=1448 TSval=2916038606 TSecr=3045558376 [TCP segment of a reassembled PDU]"
"43132","34.529179942","192.168.1.2","192.168.1.55","TCP","66","36348  >  8004 [ACK] Seq=144 Ack=190 Win=64512 Len=0 TSval=3045558383 TSecr=2916038606"
"43133","34.529210128","192.168.1.55","192.168.1.2","TCP","1514","8004  >  36348 [ACK] Seq=13222 Ack=144 Win=65024 Len=1448 TSval=2916038609 TSecr=3045558383 [TCP segment of a reassembled PDU]"
"43134","34.529213794","192.168.1.55","192.168.1.2","TCP","1514","8004  >  36348 [PSH, ACK] Seq=14670 Ack=144 Win=65024 Len=1448 TSval=2916038609 TSecr=3045558383 [TCP segment of a reassembled PDU]"
"43135","34.529416998","192.168.1.2","192.168.1.55","TCP","66","36348  >  8004 [ACK] Seq=144 Ack=1638 Win=67584 Len=0 TSval=3045558383 TSecr=2916038606"
"43136","34.529425720","192.168.1.2","192.168.1.55","TCP","66","36348  >  8004 [ACK] Seq=144 Ack=7430 Win=79872 Len=0 TSval=3045558384 TSecr=2916038606"
"43137","34.529443906","192.168.1.55","192.168.1.2","TCP","1514","8004  >  36348 [ACK] Seq=16118 Ack=144 Win=65024 Len=1448 TSval=2916038610 TSecr=3045558384 [TCP segment of a reassembled PDU]"
"43138","34.529445665","192.168.1.55","192.168.1.2","TCP","1514","8004  >  36348 [ACK] Seq=17566 Ack=144 Win=65024 Len=1448 TSval=2916038610 TSecr=3045558384 [TCP segment of a reassembled PDU]"
"43139","34.529447091","192.168.1.55","192.168.1.2","TCP","1514","8004  >  36348 [ACK] Seq=19014 Ack=144 Win=65024 Len=1448 TSval=2916038610 TSecr=3045558384 [TCP segment of a reassembled PDU]"
"43140","34.529448258","192.168.1.55","192.168.1.2","TCP","1514","8004  >  36348 [ACK] Seq=20462 Ack=144 Win=65024 Len=1448 TSval=2916038610 TSecr=3045558384 [TCP segment of a reassembled PDU]"
"43141","34.529449498","192.168.1.55","192.168.1.2","TCP","1514","8004  >  36348 [ACK] Seq=21910 Ack=144 Win=65024 Len=1448 TSval=2916038610 TSecr=3045558384 [TCP segment of a reassembled PDU]"
"43142","34.529450628","192.168.1.55","192.168.1.2","TCP","1514","8004  >  36348 [ACK] Seq=23358 Ack=144 Win=65024 Len=1448 TSval=2916038610 TSecr=3045558384 [TCP segment of a reassembled PDU]"
"43143","34.529451795","192.168.1.55","192.168.1.2","TCP","1514","8004  >  36348 [ACK] Seq=24806 Ack=144 Win=65024 Len=1448 TSval=2916038610 TSecr=3045558384 [TCP segment of a reassembled PDU]"
"43144","34.529453017","192.168.1.55","192.168.1.2","TCP","1514","8004  >  36348 [PSH, ACK] Seq=26254 Ack=144 Win=65024 Len=1448 TSval=2916038610 TSecr=3045558384 [TCP segment of a reassembled PDU]"
"43145","34.529456943","192.168.1.2","192.168.1.55","TCP","66","36348  >  8004 [ACK] Seq=144 Ack=13222 Win=76800 Len=0 TSval=3045558384 TSecr=2916038606"
"43146","34.529480035","192.168.1.55","192.168.1.2","TCP","1514","8004  >  36348 [ACK] Seq=27702 Ack=144 Win=65024 Len=1448 TSval=2916038610 TSecr=3045558384 [TCP segment of a reassembled PDU]"
"43147","34.529482165","192.168.1.55","192.168.1.2","TCP","1514","8004  >  36348 [ACK] Seq=29150 Ack=144 Win=65024 Len=1448 TSval=2916038610 TSecr=3045558384 [TCP segment of a reassembled PDU]"
"43148","34.529483313","192.168.1.55","192.168.1.2","TCP","1514","8004  >  36348 [ACK] Seq=30598 Ack=144 Win=65024 Len=1448 TSval=2916038610 TSecr=3045558384 [TCP segment of a reassembled PDU]"
"43149","34.529484443","192.168.1.55","192.168.1.2","TCP","1514","8004  >  36348 [ACK] Seq=32046 Ack=144 Win=65024 Len=1448 TSval=2916038610 TSecr=3045558384 [TCP segment of a reassembled PDU]"
"43150","34.529485684","192.168.1.55","192.168.1.2","TCP","1514","8004  >  36348 [ACK] Seq=33494 Ack=144 Win=65024 Len=1448 TSval=2916038610 TSecr=3045558384 [TCP segment of a reassembled PDU]"
"43151","34.529486813","192.168.1.55","192.168.1.2","TCP","1514","8004  >  36348 [ACK] Seq=34942 Ack=144 Win=65024 Len=1448 TSval=2916038610 TSecr=3045558384 [TCP segment of a reassembled PDU]"
"43152","34.529488072","192.168.1.55","192.168.1.2","TCP","1514","8004  >  36348 [ACK] Seq=36390 Ack=144 Win=65024 Len=1448 TSval=2916038610 TSecr=3045558384 [TCP segment of a reassembled PDU]"
"43153","34.529489628","192.168.1.55","192.168.1.2","TCP","1514","8004  >  36348 [ACK] Seq=37838 Ack=144 Win=65024 Len=1448 TSval=2916038610 TSecr=3045558384 [TCP segment of a reassembled PDU]"
"43154","34.529490869","192.168.1.55","192.168.1.2","TCP","1514","8004  >  36348 [ACK] Seq=39286 Ack=144 Win=65024 Len=1448 TSval=2916038610 TSecr=3045558384 [TCP segment of a reassembled PDU]"
"43155","34.529492165","192.168.1.55","192.168.1.2","TCP","1514","8004  >  36348 [PSH, ACK] Seq=40734 Ack=144 Win=65024 Len=1448 TSval=2916038610 TSecr=3045558384 [TCP segment of a reassembled PDU]"
"43156","34.533808561","192.168.1.2","192.168.1.55","TCP","66","36348  >  8004 [ACK] Seq=144 Ack=16118 Win=84992 Len=0 TSval=3045558388 TSecr=2916038609"
"43157","34.533831079","192.168.1.55","192.168.1.2","TCP","1514","8004  >  36348 [ACK] Seq=42182 Ack=144 Win=65024 Len=1448 TSval=2916038614 TSecr=3045558388 [TCP segment of a reassembled PDU]"
"43158","34.533834172","192.168.1.55","192.168.1.2","TCP","1514","8004  >  36348 [PSH, ACK] Seq=43630 Ack=144 Win=65024 Len=1448 TSval=2916038614 TSecr=3045558388 [TCP segment of a reassembled PDU]"
"43159","34.534042728","192.168.1.2","192.168.1.55","TCP","66","36348  >  8004 [ACK] Seq=144 Ack=27702 Win=76800 Len=0 TSval=3045558388 TSecr=2916038610"
"43160","34.534065895","192.168.1.55","192.168.1.2","TCP","1514","8004  >  36348 [ACK] Seq=45078 Ack=144 Win=65024 Len=1448 TSval=2916038614 TSecr=3045558388 [TCP segment of a reassembled PDU]"
"43161","34.534068098","192.168.1.55","192.168.1.2","TCP","1514","8004  >  36348 [ACK] Seq=46526 Ack=144 Win=65024 Len=1448 TSval=2916038614 TSecr=3045558388 [TCP segment of a reassembled PDU]"
"43162","34.534069450","192.168.1.55","192.168.1.2","TCP","1514","8004  >  36348 [ACK] Seq=47974 Ack=144 Win=65024 Len=1448 TSval=2916038614 TSecr=3045558388 [TCP segment of a reassembled PDU]"
"43163","34.534070635","192.168.1.55","192.168.1.2","TCP","1514","8004  >  36348 [ACK] Seq=49422 Ack=144 Win=65024 Len=1448 TSval=2916038614 TSecr=3045558388 [TCP segment of a reassembled PDU]"
"43164","34.534071802","192.168.1.55","192.168.1.2","TCP","1514","8004  >  36348 [ACK] Seq=50870 Ack=144 Win=65024 Len=1448 TSval=2916038614 TSecr=3045558388 [TCP segment of a reassembled PDU]"
"43165","34.534073043","192.168.1.55","192.168.1.2","TCP","1514","8004  >  36348 [ACK] Seq=52318 Ack=144 Win=65024 Len=1448 TSval=2916038614 TSecr=3045558388 [TCP segment of a reassembled PDU]"
"43166","34.534074209","192.168.1.55","192.168.1.2","TCP","1514","8004  >  36348 [ACK] Seq=53766 Ack=144 Win=65024 Len=1448 TSval=2916038614 TSecr=3045558388 [TCP segment of a reassembled PDU]"
"43167","34.534075506","192.168.1.55","192.168.1.2","TCP","1514","8004  >  36348 [ACK] Seq=55214 Ack=144 Win=65024 Len=1448 TSval=2916038614 TSecr=3045558388 [TCP segment of a reassembled PDU]"
"43168","34.534076820","192.168.1.55","192.168.1.2","TCP","1514","8004  >  36348 [ACK] Seq=56662 Ack=144 Win=65024 Len=1448 TSval=2916038614 TSecr=3045558388 [TCP segment of a reassembled PDU]"
"43169","34.534077969","192.168.1.55","192.168.1.2","TCP","1514","8004  >  36348 [ACK] Seq=58110 Ack=144 Win=65024 Len=1448 TSval=2916038614 TSecr=3045558388 [TCP segment of a reassembled PDU]"
"43170","34.534079228","192.168.1.55","192.168.1.2","TCP","1514","8004  >  36348 [ACK] Seq=59558 Ack=144 Win=65024 Len=1448 TSval=2916038614 TSecr=3045558388 [TCP segment of a reassembled PDU]"
"43171","34.534080432","192.168.1.55","192.168.1.2","TCP","1514","8004  >  36348 [ACK] Seq=61006 Ack=144 Win=65024 Len=1448 TSval=2916038614 TSecr=3045558388 [TCP segment of a reassembled PDU]"
"43172","34.534081654","192.168.1.55","192.168.1.2","TCP","1514","8004  >  36348 [ACK] Seq=62454 Ack=144 Win=65024 Len=1448 TSval=2916038614 TSecr=3045558388 [TCP segment of a reassembled PDU]"
"43173","34.534082913","192.168.1.55","192.168.1.2","TCP","1514","8004  >  36348 [ACK] Seq=63902 Ack=144 Win=65024 Len=1448 TSval=2916038614 TSecr=3045558388 [TCP segment of a reassembled PDU]"
"43174","34.534084228","192.168.1.55","192.168.1.2","TCP","1514","8004  >  36348 [PSH, ACK] Seq=65350 Ack=144 Win=65024 Len=1448 TSval=2916038614 TSecr=3045558388 [TCP segment of a reassembled PDU]"
"43175","34.534089006","192.168.1.2","192.168.1.55","TCP","66","36348  >  8004 [ACK] Seq=144 Ack=33494 Win=71680 Len=0 TSval=3045558388 TSecr=2916038610"
"43176","34.534107969","192.168.1.55","192.168.1.2","TCP","1514","8004  >  36348 [ACK] Seq=66798 Ack=144 Win=65024 Len=1448 TSval=2916038614 TSecr=3045558388 [TCP segment of a reassembled PDU]"
"43177","34.534109709","192.168.1.55","192.168.1.2","TCP","1514","8004  >  36348 [ACK] Seq=68246 Ack=144 Win=65024 Len=1448 TSval=2916038614 TSecr=3045558388 [TCP segment of a reassembled PDU]"
"43178","34.534111265","192.168.1.55","192.168.1.2","TCP","1514","8004  >  36348 [ACK] Seq=69694 Ack=144 Win=65024 Len=1448 TSval=2916038614 TSecr=3045558388 [TCP segment of a reassembled PDU]"
"43179","34.534112506","192.168.1.55","192.168.1.2","TCP","1514","8004  >  36348 [ACK] Seq=71142 Ack=144 Win=65024 Len=1448 TSval=2916038614 TSecr=3045558388 [TCP segment of a reassembled PDU]"
"43180","34.534113746","192.168.1.55","192.168.1.2","TCP","1514","8004  >  36348 [ACK] Seq=72590 Ack=144 Win=65024 Len=1448 TSval=2916038614 TSecr=3045558388 [TCP segment of a reassembled PDU]"
"43181","34.534115024","192.168.1.55","192.168.1.2","TCP","1514","8004  >  36348 [ACK] Seq=74038 Ack=144 Win=65024 Len=1448 TSval=2916038614 TSecr=3045558388 [TCP segment of a reassembled PDU]"
"43182","34.534116191","192.168.1.55","192.168.1.2","TCP","1514","8004  >  36348 [PSH, ACK] Seq=75486 Ack=144 Win=65024 Len=1448 TSval=2916038614 TSecr=3045558388 [TCP segment of a reassembled PDU]"
"43183","34.534121506","192.168.1.2","192.168.1.55","TCP","66","36348  >  8004 [ACK] Seq=144 Ack=42182 Win=79872 Len=0 TSval=3045558389 TSecr=2916038610"
"43184","34.534146209","192.168.1.55","192.168.1.2","TCP","1514","8004  >  36348 [ACK] Seq=76934 Ack=144 Win=65024 Len=1448 TSval=2916038614 TSecr=3045558389 [TCP segment of a reassembled PDU]"
"43185","34.534147784","192.168.1.55","192.168.1.2","TCP","1514","8004  >  36348 [ACK] Seq=78382 Ack=144 Win=65024 Len=1448 TSval=2916038614 TSecr=3045558389 [TCP segment of a reassembled PDU]"
"43186","34.534149024","192.168.1.55","192.168.1.2","TCP","1514","8004  >  36348 [ACK] Seq=79830 Ack=144 Win=65024 Len=1448 TSval=2916038614 TSecr=3045558389 [TCP segment of a reassembled PDU]"
"43187","34.534150321","192.168.1.55","192.168.1.2","TCP","1514","8004  >  36348 [ACK] Seq=81278 Ack=144 Win=65024 Len=1448 TSval=2916038614 TSecr=3045558389 [TCP segment of a reassembled PDU]"
"43188","34.534151543","192.168.1.55","192.168.1.2","TCP","1514","8004  >  36348 [ACK] Seq=82726 Ack=144 Win=65024 Len=1448 TSval=2916038614 TSecr=3045558389 [TCP segment of a reassembled PDU]"
"43189","34.534152709","192.168.1.55","192.168.1.2","TCP","1514","8004  >  36348 [ACK] Seq=84174 Ack=144 Win=65024 Len=1448 TSval=2916038614 TSecr=3045558389 [TCP segment of a reassembled PDU]"
"43190","34.534153913","192.168.1.55","192.168.1.2","TCP","1514","8004  >  36348 [ACK] Seq=85622 Ack=144 Win=65024 Len=1448 TSval=2916038614 TSecr=3045558389 [TCP segment of a reassembled PDU]"
"43191","34.534155543","192.168.1.55","192.168.1.2","TCP","1514","8004  >  36348 [ACK] Seq=87070 Ack=144 Win=65024 Len=1448 TSval=2916038614 TSecr=3045558389 [TCP segment of a reassembled PDU]"
"43192","34.534156932","192.168.1.55","192.168.1.2","TCP","1514","8004  >  36348 [ACK] Seq=88518 Ack=144 Win=65024 Len=1448 TSval=2916038614 TSecr=3045558389 [TCP segment of a reassembled PDU]"
"43193","34.534158154","192.168.1.55","192.168.1.2","TCP","1514","8004  >  36348 [ACK] Seq=89966 Ack=144 Win=65024 Len=1448 TSval=2916038614 TSecr=3045558389 [TCP segment of a reassembled PDU]"
"43194","34.534159432","192.168.1.55","192.168.1.2","TCP","1514","8004  >  36348 [ACK] Seq=91414 Ack=144 Win=65024 Len=1448 TSval=2916038614 TSecr=3045558389 [TCP segment of a reassembled PDU]"
"43195","34.534160672","192.168.1.55","192.168.1.2","TCP","1514","8004  >  36348 [ACK] Seq=92862 Ack=144 Win=65024 Len=1448 TSval=2916038614 TSecr=3045558389 [TCP segment of a reassembled PDU]"
"43196","34.534161913","192.168.1.55","192.168.1.2","TCP","1514","8004  >  36348 [ACK] Seq=94310 Ack=144 Win=65024 Len=1448 TSval=2916038614 TSecr=3045558389 [TCP segment of a reassembled PDU]"
"43197","34.534163172","192.168.1.55","192.168.1.2","TCP","1514","8004  >  36348 [ACK] Seq=95758 Ack=144 Win=65024 Len=1448 TSval=2916038614 TSecr=3045558389 [TCP segment of a reassembled PDU]"
"43198","34.534164432","192.168.1.55","192.168.1.2","TCP","1514","8004  >  36348 [ACK] Seq=97206 Ack=144 Win=65024 Len=1448 TSval=2916038614 TSecr=3045558389 [TCP segment of a reassembled PDU]"
"43199","34.534165617","192.168.1.55","192.168.1.2","TCP","1514","8004  >  36348 [PSH, ACK] Seq=98654 Ack=144 Win=65024 Len=1448 TSval=2916038614 TSecr=3045558389 [TCP segment of a reassembled PDU]"
"43200","34.539839237","192.168.1.2","192.168.1.55","TCP","66","36348  >  8004 [ACK] Seq=144 Ack=45078 Win=82944 Len=0 TSval=3045558393 TSecr=2916038614"
"43201","34.539866533","192.168.1.55","192.168.1.2","TCP","1514","8004  >  36348 [ACK] Seq=100102 Ack=144 Win=65024 Len=1448 TSval=2916038620 TSecr=3045558393 [TCP segment of a reassembled PDU]"
"43202","34.539869737","192.168.1.55","192.168.1.2","TCP","1514","8004  >  36348 [ACK] Seq=101550 Ack=144 Win=65024 Len=1448 TSval=2916038620 TSecr=3045558393 [TCP segment of a reassembled PDU]"
"43203","34.539870978","192.168.1.55","192.168.1.2","TCP","1514","8004  >  36348 [ACK] Seq=102998 Ack=144 Win=65024 Len=1448 TSval=2916038620 TSecr=3045558393 [TCP segment of a reassembled PDU]"
"43204","34.539872089","192.168.1.55","192.168.1.2","TCP","1514","8004  >  36348 [PSH, ACK] Seq=104446 Ack=144 Win=65024 Len=1448 TSval=2916038620 TSecr=3045558393 [TCP segment of a reassembled PDU]"
"43205","34.540139886","192.168.1.2","192.168.1.55","TCP","66","36348  >  8004 [ACK] Seq=144 Ack=66798 Win=68608 Len=0 TSval=3045558393 TSecr=2916038614"
"43206","34.540156404","192.168.1.55","192.168.1.2","TCP","1514","8004  >  36348 [ACK] Seq=105894 Ack=144 Win=65024 Len=1448 TSval=2916038620 TSecr=3045558393 [TCP segment of a reassembled PDU]"
"43207","34.540158664","192.168.1.55","192.168.1.2","TCP","1514","8004  >  36348 [ACK] Seq=107342 Ack=144 Win=65024 Len=1448 TSval=2916038620 TSecr=3045558393 [TCP segment of a reassembled PDU]"
"43208","34.540159830","192.168.1.55","192.168.1.2","TCP","1514","8004  >  36348 [ACK] Seq=108790 Ack=144 Win=65024 Len=1448 TSval=2916038620 TSecr=3045558393 [TCP segment of a reassembled PDU]"
"43209","34.540161052","192.168.1.55","192.168.1.2","TCP","1514","8004  >  36348 [ACK] Seq=110238 Ack=144 Win=65024 Len=1448 TSval=2916038620 TSecr=3045558393 [TCP segment of a reassembled PDU]"
"43210","34.540162145","192.168.1.55","192.168.1.2","TCP","1514","8004  >  36348 [ACK] Seq=111686 Ack=144 Win=65024 Len=1448 TSval=2916038620 TSecr=3045558393 [TCP segment of a reassembled PDU]"
"43211","34.540163275","192.168.1.55","192.168.1.2","TCP","1514","8004  >  36348 [ACK] Seq=113134 Ack=144 Win=65024 Len=1448 TSval=2916038620 TSecr=3045558393 [TCP segment of a reassembled PDU]"
"43212","34.540164441","192.168.1.55","192.168.1.2","TCP","1514","8004  >  36348 [ACK] Seq=114582 Ack=144 Win=65024 Len=1448 TSval=2916038620 TSecr=3045558393 [TCP segment of a reassembled PDU]"
"43213","34.540165645","192.168.1.55","192.168.1.2","TCP","1514","8004  >  36348 [ACK] Seq=116030 Ack=144 Win=65024 Len=1448 TSval=2916038620 TSecr=3045558393 [TCP segment of a reassembled PDU]"
"43214","34.540166849","192.168.1.55","192.168.1.2","TCP","1514","8004  >  36348 [PSH, ACK] Seq=117478 Ack=144 Win=65024 Len=1448 TSval=2916038620 TSecr=3045558393 [TCP segment of a reassembled PDU]"
"43215","34.540172534","192.168.1.2","192.168.1.55","TCP","66","36348  >  8004 [ACK] Seq=144 Ack=76934 Win=59392 Len=0 TSval=3045558394 TSecr=2916038614"
"43216","34.540178719","192.168.1.2","192.168.1.55","TCP","66","36348  >  8004 [ACK] Seq=144 Ack=78382 Win=58368 Len=0 TSval=3045558394 TSecr=2916038614"
"43217","34.540232812","192.168.1.2","192.168.1.55","TCP","66","36348  >  8004 [ACK] Seq=144 Ack=92862 Win=45056 Len=0 TSval=3045558394 TSecr=2916038614"
"43218","34.540236886","192.168.1.2","192.168.1.55","TCP","66","36348  >  8004 [ACK] Seq=144 Ack=100102 Win=78848 Len=0 TSval=3045558394 TSecr=2916038614"
"43219","34.540308182","192.168.1.55","192.168.1.2","TCP","1514","8004  >  36348 [ACK] Seq=118926 Ack=144 Win=65024 Len=1448 TSval=2916038620 TSecr=3045558394 [TCP segment of a reassembled PDU]"
"43220","34.540313145","192.168.1.55","192.168.1.2","TCP","1514","8004  >  36348 [ACK] Seq=120374 Ack=144 Win=65024 Len=1448 TSval=2916038620 TSecr=3045558394 [TCP segment of a reassembled PDU]"
"43221","34.540314442","192.168.1.55","192.168.1.2","TCP","1514","8004  >  36348 [ACK] Seq=121822 Ack=144 Win=65024 Len=1448 TSval=2916038620 TSecr=3045558394 [TCP segment of a reassembled PDU]"
"43222","34.540315682","192.168.1.55","192.168.1.2","TCP","1514","8004  >  36348 [ACK] Seq=123270 Ack=144 Win=65024 Len=1448 TSval=2916038620 TSecr=3045558394 [TCP segment of a reassembled PDU]"
"43223","34.540316997","192.168.1.55","192.168.1.2","TCP","1514","8004  >  36348 [ACK] Seq=124718 Ack=144 Win=65024 Len=1448 TSval=2916038620 TSecr=3045558394 [TCP segment of a reassembled PDU]"
"43224","34.540318701","192.168.1.55","192.168.1.2","TCP","1514","8004  >  36348 [ACK] Seq=126166 Ack=144 Win=65024 Len=1448 TSval=2916038620 TSecr=3045558394 [TCP segment of a reassembled PDU]"
"43225","34.540319923","192.168.1.55","192.168.1.2","TCP","1514","8004  >  36348 [ACK] Seq=127614 Ack=144 Win=65024 Len=1448 TSval=2916038620 TSecr=3045558394 [TCP segment of a reassembled PDU]"
"43226","34.540321071","192.168.1.55","192.168.1.2","TCP","1514","8004  >  36348 [ACK] Seq=129062 Ack=144 Win=65024 Len=1448 TSval=2916038620 TSecr=3045558394 [TCP segment of a reassembled PDU]"
"43227","34.540322386","192.168.1.55","192.168.1.2","TCP","1514","8004  >  36348 [ACK] Seq=130510 Ack=144 Win=65024 Len=1448 TSval=2916038620 TSecr=3045558394 [TCP segment of a reassembled PDU]"
"43228","34.540323571","192.168.1.55","192.168.1.2","TCP","1514","8004  >  36348 [ACK] Seq=131958 Ack=144 Win=65024 Len=1448 TSval=2916038620 TSecr=3045558394 [TCP segment of a reassembled PDU]"
"43229","34.540324867","192.168.1.55","192.168.1.2","TCP","1514","8004  >  36348 [ACK] Seq=133406 Ack=144 Win=65024 Len=1448 TSval=2916038620 TSecr=3045558394 [TCP segment of a reassembled PDU]"
"43230","34.540326553","192.168.1.55","192.168.1.2","TCP","1514","8004  >  36348 [ACK] Seq=134854 Ack=144 Win=65024 Len=1448 TSval=2916038620 TSecr=3045558394 [TCP segment of a reassembled PDU]"
"43231","34.540334053","192.168.1.55","192.168.1.2","TCP","1514","8004  >  36348 [ACK] Seq=136302 Ack=144 Win=65024 Len=1448 TSval=2916038620 TSecr=3045558394 [TCP segment of a reassembled PDU]"
"43232","34.540335571","192.168.1.55","192.168.1.2","TCP","1514","8004  >  36348 [ACK] Seq=137750 Ack=144 Win=65024 Len=1448 TSval=2916038620 TSecr=3045558394 [TCP segment of a reassembled PDU]"
"43233","34.540336738","192.168.1.55","192.168.1.2","TCP","1514","8004  >  36348 [ACK] Seq=139198 Ack=144 Win=65024 Len=1448 TSval=2916038620 TSecr=3045558394 [TCP segment of a reassembled PDU]"
"43234","34.540338034","192.168.1.55","192.168.1.2","TCP","1514","8004  >  36348 [ACK] Seq=140646 Ack=144 Win=65024 Len=1448 TSval=2916038620 TSecr=3045558394 [TCP segment of a reassembled PDU]"
"43235","34.540339164","192.168.1.55","192.168.1.2","TCP","1514","8004  >  36348 [ACK] Seq=142094 Ack=144 Win=65024 Len=1448 TSval=2916038620 TSecr=3045558394 [TCP segment of a reassembled PDU]"
"43236","34.540340423","192.168.1.55","192.168.1.2","TCP","1514","8004  >  36348 [ACK] Seq=143542 Ack=144 Win=65024 Len=1448 TSval=2916038620 TSecr=3045558394 [TCP segment of a reassembled PDU]"
"43237","34.540341719","192.168.1.55","192.168.1.2","TCP","1514","8004  >  36348 [ACK] Seq=144990 Ack=144 Win=65024 Len=1448 TSval=2916038620 TSecr=3045558394 [TCP segment of a reassembled PDU]"
"43238","34.540343016","192.168.1.55","192.168.1.2","TCP","1514","8004  >  36348 [ACK] Seq=146438 Ack=144 Win=65024 Len=1448 TSval=2916038620 TSecr=3045558394 [TCP segment of a reassembled PDU]"
"43239","34.540344182","192.168.1.55","192.168.1.2","TCP","1514","8004  >  36348 [ACK] Seq=147886 Ack=144 Win=65024 Len=1448 TSval=2916038620 TSecr=3045558394 [TCP segment of a reassembled PDU]"
"43240","34.540345275","192.168.1.55","192.168.1.2","TCP","1514","8004  >  36348 [ACK] Seq=149334 Ack=144 Win=65024 Len=1448 TSval=2916038620 TSecr=3045558394 [TCP segment of a reassembled PDU]"
"43241","34.540346460","192.168.1.55","192.168.1.2","TCP","1514","8004  >  36348 [ACK] Seq=150782 Ack=144 Win=65024 Len=1448 TSval=2916038620 TSecr=3045558394 [TCP segment of a reassembled PDU]"
"43242","34.540347553","192.168.1.55","192.168.1.2","TCP","1514","8004  >  36348 [ACK] Seq=152230 Ack=144 Win=65024 Len=1448 TSval=2916038620 TSecr=3045558394 [TCP segment of a reassembled PDU]"
"43243","34.540349090","192.168.1.55","192.168.1.2","TCP","1514","8004  >  36348 [ACK] Seq=153678 Ack=144 Win=65024 Len=1448 TSval=2916038620 TSecr=3045558394 [TCP segment of a reassembled PDU]"
"43244","34.540350405","192.168.1.55","192.168.1.2","TCP","1514","8004  >  36348 [ACK] Seq=155126 Ack=144 Win=65024 Len=1448 TSval=2916038620 TSecr=3045558394 [TCP segment of a reassembled PDU]"
"43245","34.540351923","192.168.1.55","192.168.1.2","TCP","1514","8004  >  36348 [ACK] Seq=156574 Ack=144 Win=65024 Len=1448 TSval=2916038620 TSecr=3045558394 [TCP segment of a reassembled PDU]"
"43246","34.540353275","192.168.1.55","192.168.1.2","TCP","1514","8004  >  36348 [ACK] Seq=158022 Ack=144 Win=65024 Len=1448 TSval=2916038620 TSecr=3045558394 [TCP segment of a reassembled PDU]"
"43247","34.540354386","192.168.1.55","192.168.1.2","TCP","1514","8004  >  36348 [PSH, ACK] Seq=159470 Ack=144 Win=65024 Len=1448 TSval=2916038620 TSecr=3045558394 [TCP segment of a reassembled PDU]"
"43248","34.540384794","192.168.1.55","192.168.1.2","TCP","1514","8004  >  36348 [ACK] Seq=160918 Ack=144 Win=65024 Len=1448 TSval=2916038620 TSecr=3045558394 [TCP segment of a reassembled PDU]"
"43249","34.540386460","192.168.1.55","192.168.1.2","TCP","1514","8004  >  36348 [ACK] Seq=162366 Ack=144 Win=65024 Len=1448 TSval=2916038620 TSecr=3045558394 [TCP segment of a reassembled PDU]"
"43250","34.540388738","192.168.1.55","192.168.1.2","TCP","1514","8004  >  36348 [ACK] Seq=163814 Ack=144 Win=65024 Len=1448 TSval=2916038620 TSecr=3045558394 [TCP segment of a reassembled PDU]"
"43251","34.540390053","192.168.1.55","192.168.1.2","TCP","1514","8004  >  36348 [ACK] Seq=165262 Ack=144 Win=65024 Len=1448 TSval=2916038620 TSecr=3045558394 [TCP segment of a reassembled PDU]"
"43252","34.540391294","192.168.1.55","192.168.1.2","TCP","1514","8004  >  36348 [ACK] Seq=166710 Ack=144 Win=65024 Len=1448 TSval=2916038620 TSecr=3045558394 [TCP segment of a reassembled PDU]"
"43253","34.540393182","192.168.1.55","192.168.1.2","TCP","1514","8004  >  36348 [ACK] Seq=168158 Ack=144 Win=65024 Len=1448 TSval=2916038620 TSecr=3045558394 [TCP segment of a reassembled PDU]"
"43254","34.540394349","192.168.1.55","192.168.1.2","TCP","1514","8004  >  36348 [ACK] Seq=169606 Ack=144 Win=65024 Len=1448 TSval=2916038620 TSecr=3045558394 [TCP segment of a reassembled PDU]"
"43255","34.540395701","192.168.1.55","192.168.1.2","TCP","1514","8004  >  36348 [ACK] Seq=171054 Ack=144 Win=65024 Len=1448 TSval=2916038620 TSecr=3045558394 [TCP segment of a reassembled PDU]"
"43256","34.540397016","192.168.1.55","192.168.1.2","TCP","1514","8004  >  36348 [ACK] Seq=172502 Ack=144 Win=65024 Len=1448 TSval=2916038620 TSecr=3045558394 [TCP segment of a reassembled PDU]"
"43257","34.540398312","192.168.1.55","192.168.1.2","TCP","1514","8004  >  36348 [ACK] Seq=173950 Ack=144 Win=65024 Len=1448 TSval=2916038620 TSecr=3045558394 [TCP segment of a reassembled PDU]"
"43258","34.540399442","192.168.1.55","192.168.1.2","TCP","1514","8004  >  36348 [ACK] Seq=175398 Ack=144 Win=65024 Len=1448 TSval=2916038620 TSecr=3045558394 [TCP segment of a reassembled PDU]"
"43259","34.540400886","192.168.1.55","192.168.1.2","TCP","1514","8004  >  36348 [ACK] Seq=176846 Ack=144 Win=65024 Len=1448 TSval=2916038620 TSecr=3045558394 [TCP segment of a reassembled PDU]"
"43260","34.540401997","192.168.1.55","192.168.1.2","TCP","722","[TCP Window Full] 8004  >  36348 [PSH, ACK] Seq=178294 Ack=144 Win=65024 Len=656 TSval=2916038620 TSecr=3045558394 [TCP segment of a reassembled PDU]"
"43261","34.546000210","192.168.1.2","192.168.1.55","TCP","66","36348  >  8004 [ACK] Seq=144 Ack=101550 Win=83968 Len=0 TSval=3045558397 TSecr=2916038620"
"43262","34.546016340","192.168.1.55","192.168.1.2","TCP","1514","8004  >  36348 [ACK] Seq=178950 Ack=144 Win=65024 Len=1448 TSval=2916038626 TSecr=3045558397 [TCP segment of a reassembled PDU]"
"43263","34.546019395","192.168.1.55","192.168.1.2","TCP","1514","8004  >  36348 [ACK] Seq=180398 Ack=144 Win=65024 Len=1448 TSval=2916038626 TSecr=3045558397 [TCP segment of a reassembled PDU]"
"43264","34.546020802","192.168.1.55","192.168.1.2","TCP","1514","8004  >  36348 [ACK] Seq=181846 Ack=144 Win=65024 Len=1448 TSval=2916038626 TSecr=3045558397 [TCP segment of a reassembled PDU]"
"43265","34.546022543","192.168.1.55","192.168.1.2","TCP","1514","8004  >  36348 [PSH, ACK] Seq=183294 Ack=144 Win=65024 Len=1448 TSval=2916038626 TSecr=3045558397 [TCP segment of a reassembled PDU]"
"43266","34.546279636","192.168.1.2","192.168.1.55","TCP","66","36348  >  8004 [ACK] Seq=144 Ack=104446 Win=84992 Len=0 TSval=3045558397 TSecr=2916038620"
"43267","34.547904676","192.168.1.2","192.168.1.55","TCP","66","36348  >  8004 [ACK] Seq=144 Ack=105894 Win=83968 Len=0 TSval=3045558401 TSecr=2916038620"
"43268","34.547915380","192.168.1.55","192.168.1.2","TCP","1514","8004  >  36348 [ACK] Seq=184742 Ack=144 Win=65024 Len=1448 TSval=2916038628 TSecr=3045558401 [TCP segment of a reassembled PDU]"
"43269","34.547917639","192.168.1.55","192.168.1.2","TCP","1514","8004  >  36348 [ACK] Seq=186190 Ack=144 Win=65024 Len=1448 TSval=2916038628 TSecr=3045558401 [TCP segment of a reassembled PDU]"
"43270","34.547919176","192.168.1.55","192.168.1.2","TCP","1514","8004  >  36348 [PSH, ACK] Seq=187638 Ack=144 Win=65024 Len=1448 TSval=2916038628 TSecr=3045558401 [TCP segment of a reassembled PDU]"
"43271","34.548163991","192.168.1.2","192.168.1.55","TCP","66","36348  >  8004 [ACK] Seq=144 Ack=118926 Win=110592 Len=0 TSval=3045558402 TSecr=2916038620"
"43272","34.548180102","192.168.1.55","192.168.1.2","TCP","1514","8004  >  36348 [ACK] Seq=189086 Ack=144 Win=65024 Len=1448 TSval=2916038628 TSecr=3045558402 [TCP segment of a reassembled PDU]"
"43273","34.548182584","192.168.1.55","192.168.1.2","TCP","1514","8004  >  36348 [ACK] Seq=190534 Ack=144 Win=65024 Len=1448 TSval=2916038628 TSecr=3045558402 [TCP segment of a reassembled PDU]"
"43274","34.548183917","192.168.1.55","192.168.1.2","TCP","1514","8004  >  36348 [ACK] Seq=191982 Ack=144 Win=65024 Len=1448 TSval=2916038628 TSecr=3045558402 [TCP segment of a reassembled PDU]"
"43275","34.548185454","192.168.1.55","192.168.1.2","TCP","1514","8004  >  36348 [ACK] Seq=193430 Ack=144 Win=65024 Len=1448 TSval=2916038628 TSecr=3045558402 [TCP segment of a reassembled PDU]"
"43276","34.548186954","192.168.1.55","192.168.1.2","TCP","1514","8004  >  36348 [ACK] Seq=194878 Ack=144 Win=65024 Len=1448 TSval=2916038628 TSecr=3045558402 [TCP segment of a reassembled PDU]"
"43277","34.548188380","192.168.1.55","192.168.1.2","TCP","1514","8004  >  36348 [ACK] Seq=196326 Ack=144 Win=65024 Len=1448 TSval=2916038628 TSecr=3045558402 [TCP segment of a reassembled PDU]"
"43278","34.548189769","192.168.1.55","192.168.1.2","TCP","1514","8004  >  36348 [ACK] Seq=197774 Ack=144 Win=65024 Len=1448 TSval=2916038628 TSecr=3045558402 [TCP segment of a reassembled PDU]"
"43279","34.548191065","192.168.1.55","192.168.1.2","TCP","1514","8004  >  36348 [ACK] Seq=199222 Ack=144 Win=65024 Len=1448 TSval=2916038628 TSecr=3045558402 [TCP segment of a reassembled PDU]"
"43280","34.548192436","192.168.1.55","192.168.1.2","TCP","1514","8004  >  36348 [PSH, ACK] Seq=200670 Ack=144 Win=65024 Len=1448 TSval=2916038628 TSecr=3045558402 [TCP segment of a reassembled PDU]"
"43281","34.548198417","192.168.1.55","192.168.1.2","TCP","858","8004  >  36348 [PSH, ACK] Seq=202118 Ack=144 Win=65024 Len=792 TSval=2916038628 TSecr=3045558402 [TCP segment of a reassembled PDU]"
"43282","34.548202232","192.168.1.2","192.168.1.55","TCP","66","36348  >  8004 [ACK] Seq=144 Ack=160918 Win=84992 Len=0 TSval=3045558402 TSecr=2916038620"
"43283","34.548238325","192.168.1.55","192.168.1.2","TCP","1514","8004  >  36348 [ACK] Seq=202910 Ack=144 Win=65024 Len=1448 TSval=2916038628 TSecr=3045558402 [TCP segment of a reassembled PDU]"
"43284","34.548240232","192.168.1.55","192.168.1.2","TCP","1514","8004  >  36348 [ACK] Seq=204358 Ack=144 Win=65024 Len=1448 TSval=2916038628 TSecr=3045558402 [TCP segment of a reassembled PDU]"
"43285","34.548241510","192.168.1.55","192.168.1.2","TCP","1514","8004  >  36348 [ACK] Seq=205806 Ack=144 Win=65024 Len=1448 TSval=2916038628 TSecr=3045558402 [TCP segment of a reassembled PDU]"
"43286","34.548242862","192.168.1.55","192.168.1.2","TCP","1514","8004  >  36348 [ACK] Seq=207254 Ack=144 Win=65024 Len=1448 TSval=2916038628 TSecr=3045558402 [TCP segment of a reassembled PDU]"
"43287","34.548244510","192.168.1.55","192.168.1.2","TCP","1514","8004  >  36348 [ACK] Seq=208702 Ack=144 Win=65024 Len=1448 TSval=2916038628 TSecr=3045558402 [TCP segment of a reassembled PDU]"
"43288","34.548245806","192.168.1.55","192.168.1.2","TCP","1514","8004  >  36348 [ACK] Seq=210150 Ack=144 Win=65024 Len=1448 TSval=2916038628 TSecr=3045558402 [TCP segment of a reassembled PDU]"
"43289","34.548247121","192.168.1.55","192.168.1.2","TCP","1514","8004  >  36348 [ACK] Seq=211598 Ack=144 Win=65024 Len=1448 TSval=2916038628 TSecr=3045558402 [TCP segment of a reassembled PDU]"
"43290","34.548248436","192.168.1.55","192.168.1.2","TCP","1514","8004  >  36348 [ACK] Seq=213046 Ack=144 Win=65024 Len=1448 TSval=2916038628 TSecr=3045558402 [TCP segment of a reassembled PDU]"
"43291","34.548249788","192.168.1.55","192.168.1.2","TCP","1514","8004  >  36348 [ACK] Seq=214494 Ack=144 Win=65024 Len=1448 TSval=2916038628 TSecr=3045558402 [TCP segment of a reassembled PDU]"
"43292","34.548251213","192.168.1.55","192.168.1.2","TCP","1514","8004  >  36348 [ACK] Seq=215942 Ack=144 Win=65024 Len=1448 TSval=2916038628 TSecr=3045558402 [TCP segment of a reassembled PDU]"
"43293","34.548252528","192.168.1.55","192.168.1.2","TCP","1514","8004  >  36348 [ACK] Seq=217390 Ack=144 Win=65024 Len=1448 TSval=2916038628 TSecr=3045558402 [TCP segment of a reassembled PDU]"
"43294","34.548253825","192.168.1.55","192.168.1.2","TCP","1514","8004  >  36348 [ACK] Seq=218838 Ack=144 Win=65024 Len=1448 TSval=2916038628 TSecr=3045558402 [TCP segment of a reassembled PDU]"
"43295","34.548255195","192.168.1.55","192.168.1.2","TCP","1514","8004  >  36348 [ACK] Seq=220286 Ack=144 Win=65024 Len=1448 TSval=2916038628 TSecr=3045558402 [TCP segment of a reassembled PDU]"
"43296","34.548256584","192.168.1.55","192.168.1.2","TCP","1514","8004  >  36348 [ACK] Seq=221734 Ack=144 Win=65024 Len=1448 TSval=2916038628 TSecr=3045558402 [TCP segment of a reassembled PDU]"
"43297","34.548258102","192.168.1.55","192.168.1.2","TCP","1514","8004  >  36348 [ACK] Seq=223182 Ack=144 Win=65024 Len=1448 TSval=2916038628 TSecr=3045558402 [TCP segment of a reassembled PDU]"
"43298","34.548259491","192.168.1.55","192.168.1.2","TCP","1514","8004  >  36348 [ACK] Seq=224630 Ack=144 Win=65024 Len=1448 TSval=2916038628 TSecr=3045558402 [TCP segment of a reassembled PDU]"
"43299","34.548260825","192.168.1.55","192.168.1.2","TCP","1514","8004  >  36348 [ACK] Seq=226078 Ack=144 Win=65024 Len=1448 TSval=2916038628 TSecr=3045558402 [TCP segment of a reassembled PDU]"
"43300","34.548262251","192.168.1.55","192.168.1.2","TCP","1514","8004  >  36348 [ACK] Seq=227526 Ack=144 Win=65024 Len=1448 TSval=2916038628 TSecr=3045558402 [TCP segment of a reassembled PDU]"
"43301","34.548263528","192.168.1.55","192.168.1.2","TCP","1514","8004  >  36348 [ACK] Seq=228974 Ack=144 Win=65024 Len=1448 TSval=2916038628 TSecr=3045558402 [TCP segment of a reassembled PDU]"
"43302","34.548264954","192.168.1.55","192.168.1.2","TCP","1514","8004  >  36348 [ACK] Seq=230422 Ack=144 Win=65024 Len=1448 TSval=2916038628 TSecr=3045558402 [TCP segment of a reassembled PDU]"
"43303","34.548266232","192.168.1.55","192.168.1.2","TCP","1514","8004  >  36348 [ACK] Seq=231870 Ack=144 Win=65024 Len=1448 TSval=2916038628 TSecr=3045558402 [TCP segment of a reassembled PDU]"
"43304","34.548267547","192.168.1.55","192.168.1.2","TCP","1514","8004  >  36348 [ACK] Seq=233318 Ack=144 Win=65024 Len=1448 TSval=2916038628 TSecr=3045558402 [TCP segment of a reassembled PDU]"
"43305","34.548268991","192.168.1.55","192.168.1.2","TCP","1514","8004  >  36348 [ACK] Seq=234766 Ack=144 Win=65024 Len=1448 TSval=2916038628 TSecr=3045558402 [TCP segment of a reassembled PDU]"
"43306","34.548270269","192.168.1.55","192.168.1.2","TCP","1514","8004  >  36348 [ACK] Seq=236214 Ack=144 Win=65024 Len=1448 TSval=2916038628 TSecr=3045558402 [TCP segment of a reassembled PDU]"
"43307","34.548271621","192.168.1.55","192.168.1.2","TCP","1514","8004  >  36348 [ACK] Seq=237662 Ack=144 Win=65024 Len=1448 TSval=2916038628 TSecr=3045558402 [TCP segment of a reassembled PDU]"
"43308","34.548272954","192.168.1.55","192.168.1.2","TCP","1514","8004  >  36348 [ACK] Seq=239110 Ack=144 Win=65024 Len=1448 TSval=2916038628 TSecr=3045558402 [TCP segment of a reassembled PDU]"
"43309","34.548274325","192.168.1.55","192.168.1.2","TCP","1514","8004  >  36348 [ACK] Seq=240558 Ack=144 Win=65024 Len=1448 TSval=2916038628 TSecr=3045558402 [TCP segment of a reassembled PDU]"
"43310","34.548275843","192.168.1.55","192.168.1.2","TCP","1514","8004  >  36348 [ACK] Seq=242006 Ack=144 Win=65024 Len=1448 TSval=2916038628 TSecr=3045558402 [TCP segment of a reassembled PDU]"
"43311","34.548277269","192.168.1.55","192.168.1.2","TCP","1514","8004  >  36348 [PSH, ACK] Seq=243454 Ack=144 Win=65024 Len=1448 TSval=2916038628 TSecr=3045558402 [TCP segment of a reassembled PDU]"
"43312","34.548281732","192.168.1.2","192.168.1.55","TCP","66","36348  >  8004 [ACK] Seq=144 Ack=178950 Win=68608 Len=0 TSval=3045558402 TSecr=2916038620"
"43313","34.549460623","192.168.1.55","192.168.1.2","TCP","1514","8004  >  36348 [ACK] Seq=244902 Ack=144 Win=65024 Len=1448 TSval=2916038630 TSecr=3045558402 [TCP segment of a reassembled PDU]"
"43314","34.551123940","192.168.1.2","192.168.1.55","TCP","66","36348  >  8004 [ACK] Seq=144 Ack=180398 Win=113664 Len=0 TSval=3045558403 TSecr=2916038626"
"43315","34.551193792","192.168.1.55","192.168.1.2","TCP","1514","8004  >  36348 [ACK] Seq=246350 Ack=144 Win=65024 Len=1448 TSval=2916038631 TSecr=3045558403 [TCP segment of a reassembled PDU]"
"43316","34.551198959","192.168.1.55","192.168.1.2","TCP","1514","8004  >  36348 [ACK] Seq=247798 Ack=144 Win=65024 Len=1448 TSval=2916038631 TSecr=3045558403 [TCP segment of a reassembled PDU]"
"43317","34.551200774","192.168.1.55","192.168.1.2","TCP","1514","8004  >  36348 [ACK] Seq=249246 Ack=144 Win=65024 Len=1448 TSval=2916038631 TSecr=3045558403 [TCP segment of a reassembled PDU]"
"43318","34.551202255","192.168.1.55","192.168.1.2","TCP","1514","8004  >  36348 [ACK] Seq=250694 Ack=144 Win=65024 Len=1448 TSval=2916038631 TSecr=3045558403 [TCP segment of a reassembled PDU]"
"43319","34.551203755","192.168.1.55","192.168.1.2","TCP","1514","8004  >  36348 [ACK] Seq=252142 Ack=144 Win=65024 Len=1448 TSval=2916038631 TSecr=3045558403 [TCP segment of a reassembled PDU]"
"43320","34.551205792","192.168.1.55","192.168.1.2","TCP","1514","8004  >  36348 [ACK] Seq=253590 Ack=144 Win=65024 Len=1448 TSval=2916038631 TSecr=3045558403 [TCP segment of a reassembled PDU]"
"43321","34.551208348","192.168.1.55","192.168.1.2","TCP","1514","8004  >  36348 [ACK] Seq=255038 Ack=144 Win=65024 Len=1448 TSval=2916038631 TSecr=3045558403 [TCP segment of a reassembled PDU]"
"43322","34.551210255","192.168.1.55","192.168.1.2","TCP","1514","8004  >  36348 [ACK] Seq=256486 Ack=144 Win=65024 Len=1448 TSval=2916038631 TSecr=3045558403 [TCP segment of a reassembled PDU]"
"43323","34.551212644","192.168.1.55","192.168.1.2","TCP","1514","8004  >  36348 [ACK] Seq=257934 Ack=144 Win=65024 Len=1448 TSval=2916038631 TSecr=3045558403 [TCP segment of a reassembled PDU]"
"43324","34.551215163","192.168.1.55","192.168.1.2","TCP","1514","8004  >  36348 [ACK] Seq=259382 Ack=144 Win=65024 Len=1448 TSval=2916038631 TSecr=3045558403 [TCP segment of a reassembled PDU]"
"43325","34.551216755","192.168.1.55","192.168.1.2","TCP","1514","8004  >  36348 [ACK] Seq=260830 Ack=144 Win=65024 Len=1448 TSval=2916038631 TSecr=3045558403 [TCP segment of a reassembled PDU]"
"43326","34.551218496","192.168.1.55","192.168.1.2","TCP","1514","8004  >  36348 [ACK] Seq=262278 Ack=144 Win=65024 Len=1448 TSval=2916038631 TSecr=3045558403 [TCP segment of a reassembled PDU]"
"43327","34.551219885","192.168.1.55","192.168.1.2","TCP","1514","8004  >  36348 [ACK] Seq=263726 Ack=144 Win=65024 Len=1448 TSval=2916038631 TSecr=3045558403 [TCP segment of a reassembled PDU]"
"43328","34.551221422","192.168.1.55","192.168.1.2","TCP","1514","8004  >  36348 [ACK] Seq=265174 Ack=144 Win=65024 Len=1448 TSval=2916038631 TSecr=3045558403 [TCP segment of a reassembled PDU]"
"43329","34.551223514","192.168.1.55","192.168.1.2","TCP","1514","8004  >  36348 [ACK] Seq=266622 Ack=144 Win=65024 Len=1448 TSval=2916038631 TSecr=3045558403 [TCP segment of a reassembled PDU]"
"43330","34.551225403","192.168.1.55","192.168.1.2","TCP","1514","8004  >  36348 [ACK] Seq=268070 Ack=144 Win=65024 Len=1448 TSval=2916038631 TSecr=3045558403 [TCP segment of a reassembled PDU]"
"43331","34.551226940","192.168.1.55","192.168.1.2","TCP","1514","8004  >  36348 [ACK] Seq=269518 Ack=144 Win=65024 Len=1448 TSval=2916038631 TSecr=3045558403 [TCP segment of a reassembled PDU]"
"43332","34.551229014","192.168.1.55","192.168.1.2","TCP","1514","8004  >  36348 [ACK] Seq=270966 Ack=144 Win=65024 Len=1448 TSval=2916038631 TSecr=3045558403 [TCP segment of a reassembled PDU]"
"43333","34.551232181","192.168.1.55","192.168.1.2","TCP","1514","8004  >  36348 [ACK] Seq=272414 Ack=144 Win=65024 Len=1448 TSval=2916038631 TSecr=3045558403 [TCP segment of a reassembled PDU]"
"43334","34.551233755","192.168.1.55","192.168.1.2","TCP","1514","8004  >  36348 [ACK] Seq=273862 Ack=144 Win=65024 Len=1448 TSval=2916038631 TSecr=3045558403 [TCP segment of a reassembled PDU]"
"43335","34.551235959","192.168.1.55","192.168.1.2","TCP","1514","8004  >  36348 [ACK] Seq=275310 Ack=144 Win=65024 Len=1448 TSval=2916038631 TSecr=3045558403 [TCP segment of a reassembled PDU]"
"43336","34.551237829","192.168.1.55","192.168.1.2","TCP","1514","8004  >  36348 [ACK] Seq=276758 Ack=144 Win=65024 Len=1448 TSval=2916038631 TSecr=3045558403 [TCP segment of a reassembled PDU]"
"43337","34.551239218","192.168.1.55","192.168.1.2","TCP","1514","8004  >  36348 [ACK] Seq=278206 Ack=144 Win=65024 Len=1448 TSval=2916038631 TSecr=3045558403 [TCP segment of a reassembled PDU]"
"43338","34.551240681","192.168.1.55","192.168.1.2","TCP","1514","8004  >  36348 [ACK] Seq=279654 Ack=144 Win=65024 Len=1448 TSval=2916038631 TSecr=3045558403 [TCP segment of a reassembled PDU]"
"43339","34.551242218","192.168.1.55","192.168.1.2","TCP","1514","8004  >  36348 [ACK] Seq=281102 Ack=144 Win=65024 Len=1448 TSval=2916038631 TSecr=3045558403 [TCP segment of a reassembled PDU]"
"43340","34.551244570","192.168.1.55","192.168.1.2","TCP","1514","8004  >  36348 [ACK] Seq=282550 Ack=144 Win=65024 Len=1448 TSval=2916038631 TSecr=3045558403 [TCP segment of a reassembled PDU]"
"43341","34.551246829","192.168.1.55","192.168.1.2","TCP","1514","8004  >  36348 [ACK] Seq=283998 Ack=144 Win=65024 Len=1448 TSval=2916038631 TSecr=3045558403 [TCP segment of a reassembled PDU]"
"43342","34.551248348","192.168.1.55","192.168.1.2","TCP","1514","8004  >  36348 [PSH, ACK] Seq=285446 Ack=144 Win=65024 Len=1448 TSval=2916038631 TSecr=3045558403 [TCP segment of a reassembled PDU]"
"43343","34.551363996","192.168.1.2","192.168.1.55","TCP","66","36348  >  8004 [ACK] Seq=144 Ack=181846 Win=116736 Len=0 TSval=3045558403 TSecr=2916038626"
"43344","34.556221485","192.168.1.2","192.168.1.55","TCP","66","36348  >  8004 [ACK] Seq=144 Ack=183294 Win=118784 Len=0 TSval=3045558405 TSecr=2916038626"
"43345","34.556254708","192.168.1.55","192.168.1.2","TCP","1514","8004  >  36348 [ACK] Seq=286894 Ack=144 Win=65024 Len=1448 TSval=2916038636 TSecr=3045558405 [TCP segment of a reassembled PDU]"
"43346","34.556259374","192.168.1.55","192.168.1.2","TCP","1514","8004  >  36348 [ACK] Seq=288342 Ack=144 Win=65024 Len=1448 TSval=2916038636 TSecr=3045558405 [TCP segment of a reassembled PDU]"
"43347","34.556261152","192.168.1.55","192.168.1.2","TCP","1514","8004  >  36348 [ACK] Seq=289790 Ack=144 Win=65024 Len=1448 TSval=2916038636 TSecr=3045558405 [TCP segment of a reassembled PDU]"
"43348","34.556262911","192.168.1.55","192.168.1.2","TCP","1514","8004  >  36348 [ACK] Seq=291238 Ack=144 Win=65024 Len=1448 TSval=2916038636 TSecr=3045558405 [TCP segment of a reassembled PDU]"
"43349","34.556264208","192.168.1.55","192.168.1.2","TCP","1514","8004  >  36348 [ACK] Seq=292686 Ack=144 Win=65024 Len=1448 TSval=2916038636 TSecr=3045558405 [TCP segment of a reassembled PDU]"
"43350","34.556265615","192.168.1.55","192.168.1.2","TCP","1514","8004  >  36348 [ACK] Seq=294134 Ack=144 Win=65024 Len=1448 TSval=2916038636 TSecr=3045558405 [TCP segment of a reassembled PDU]"
"43351","34.556267411","192.168.1.55","192.168.1.2","TCP","1514","8004  >  36348 [ACK] Seq=295582 Ack=144 Win=65024 Len=1448 TSval=2916038636 TSecr=3045558405 [TCP segment of a reassembled PDU]"
"43352","34.556269226","192.168.1.55","192.168.1.2","TCP","1514","8004  >  36348 [ACK] Seq=297030 Ack=144 Win=65024 Len=1448 TSval=2916038636 TSecr=3045558405 [TCP segment of a reassembled PDU]"
"43353","34.556270782","192.168.1.55","192.168.1.2","TCP","1514","8004  >  36348 [ACK] Seq=298478 Ack=144 Win=65024 Len=1448 TSval=2916038636 TSecr=3045558405 [TCP segment of a reassembled PDU]"
"43354","34.556273726","192.168.1.55","192.168.1.2","TCP","1514","8004  >  36348 [PSH, ACK] Seq=299926 Ack=144 Win=65024 Len=1448 TSval=2916038636 TSecr=3045558405 [TCP segment of a reassembled PDU]"
"43355","34.556768505","192.168.1.2","192.168.1.55","TCP","66","36348  >  8004 [ACK] Seq=144 Ack=184742 Win=118784 Len=0 TSval=3045558405 TSecr=2916038626"
"43356","34.556778116","192.168.1.2","192.168.1.55","TCP","66","36348  >  8004 [ACK] Seq=144 Ack=202118 Win=118784 Len=0 TSval=3045558409 TSecr=2916038628"
"43357","34.556787505","192.168.1.2","192.168.1.55","TCP","66","36348  >  8004 [ACK] Seq=144 Ack=226078 Win=102400 Len=0 TSval=3045558409 TSecr=2916038628"
"43358","34.558539619","192.168.1.2","192.168.1.55","TCP","66","36348  >  8004 [ACK] Seq=144 Ack=244902 Win=123904 Len=0 TSval=3045558412 TSecr=2916038628"
"43359","34.558585211","192.168.1.55","192.168.1.2","TCP","1514","8004  >  36348 [ACK] Seq=301374 Ack=144 Win=65024 Len=1448 TSval=2916038639 TSecr=3045558412 [TCP segment of a reassembled PDU]"
"43360","34.558589230","192.168.1.55","192.168.1.2","TCP","1514","8004  >  36348 [ACK] Seq=302822 Ack=144 Win=65024 Len=1448 TSval=2916038639 TSecr=3045558412 [TCP segment of a reassembled PDU]"
"43361","34.558590785","192.168.1.55","192.168.1.2","TCP","1514","8004  >  36348 [ACK] Seq=304270 Ack=144 Win=65024 Len=1448 TSval=2916038639 TSecr=3045558412 [TCP segment of a reassembled PDU]"
"43362","34.558592045","192.168.1.55","192.168.1.2","TCP","1514","8004  >  36348 [ACK] Seq=305718 Ack=144 Win=65024 Len=1448 TSval=2916038639 TSecr=3045558412 [TCP segment of a reassembled PDU]"
"43363","34.558593526","192.168.1.55","192.168.1.2","TCP","1514","8004  >  36348 [ACK] Seq=307166 Ack=144 Win=65024 Len=1448 TSval=2916038639 TSecr=3045558412 [TCP segment of a reassembled PDU]"
"43364","34.558594934","192.168.1.55","192.168.1.2","TCP","1514","8004  >  36348 [ACK] Seq=308614 Ack=144 Win=65024 Len=1448 TSval=2916038639 TSecr=3045558412 [TCP segment of a reassembled PDU]"
"43365","34.558596323","192.168.1.55","192.168.1.2","TCP","1514","8004  >  36348 [ACK] Seq=310062 Ack=144 Win=65024 Len=1448 TSval=2916038639 TSecr=3045558412 [TCP segment of a reassembled PDU]"
"43366","34.558597971","192.168.1.55","192.168.1.2","TCP","1514","8004  >  36348 [ACK] Seq=311510 Ack=144 Win=65024 Len=1448 TSval=2916038639 TSecr=3045558412 [TCP segment of a reassembled PDU]"
"43367","34.558599471","192.168.1.55","192.168.1.2","TCP","1514","8004  >  36348 [ACK] Seq=312958 Ack=144 Win=65024 Len=1448 TSval=2916038639 TSecr=3045558412 [TCP segment of a reassembled PDU]"
"43368","34.558600823","192.168.1.55","192.168.1.2","TCP","1514","8004  >  36348 [ACK] Seq=314406 Ack=144 Win=65024 Len=1448 TSval=2916038639 TSecr=3045558412 [TCP segment of a reassembled PDU]"
"43369","34.558602193","192.168.1.55","192.168.1.2","TCP","1514","8004  >  36348 [ACK] Seq=315854 Ack=144 Win=65024 Len=1448 TSval=2916038639 TSecr=3045558412 [TCP segment of a reassembled PDU]"
"43370","34.558603693","192.168.1.55","192.168.1.2","TCP","1514","8004  >  36348 [ACK] Seq=317302 Ack=144 Win=65024 Len=1448 TSval=2916038639 TSecr=3045558412 [TCP segment of a reassembled PDU]"
"43371","34.558605341","192.168.1.55","192.168.1.2","TCP","1514","8004  >  36348 [ACK] Seq=318750 Ack=144 Win=65024 Len=1448 TSval=2916038639 TSecr=3045558412 [TCP segment of a reassembled PDU]"
"43372","34.558606600","192.168.1.55","192.168.1.2","TCP","1514","8004  >  36348 [ACK] Seq=320198 Ack=144 Win=65024 Len=1448 TSval=2916038639 TSecr=3045558412 [TCP segment of a reassembled PDU]"
"43373","34.558607971","192.168.1.55","192.168.1.2","TCP","1514","8004  >  36348 [ACK] Seq=321646 Ack=144 Win=65024 Len=1448 TSval=2916038639 TSecr=3045558412 [TCP segment of a reassembled PDU]"
"43374","34.558609452","192.168.1.55","192.168.1.2","TCP","1514","8004  >  36348 [ACK] Seq=323094 Ack=144 Win=65024 Len=1448 TSval=2916038639 TSecr=3045558412 [TCP segment of a reassembled PDU]"
"43375","34.558610711","192.168.1.55","192.168.1.2","TCP","1514","8004  >  36348 [ACK] Seq=324542 Ack=144 Win=65024 Len=1448 TSval=2916038639 TSecr=3045558412 [TCP segment of a reassembled PDU]"
"43376","34.558612045","192.168.1.55","192.168.1.2","TCP","1514","8004  >  36348 [ACK] Seq=325990 Ack=144 Win=65024 Len=1448 TSval=2916038639 TSecr=3045558412 [TCP segment of a reassembled PDU]"
"43377","34.558613360","192.168.1.55","192.168.1.2","TCP","1514","8004  >  36348 [PSH, ACK] Seq=327438 Ack=144 Win=65024 Len=1448 TSval=2916038639 TSecr=3045558412 [TCP segment of a reassembled PDU]"
"43378","34.558672545","192.168.1.2","192.168.1.55","TCP","66","36348  >  8004 [ACK] Seq=144 Ack=246350 Win=126976 Len=0 TSval=3045558412 TSecr=2916038630"
"43379","34.558715508","192.168.1.55","192.168.1.2","TCP","1514","8004  >  36348 [ACK] Seq=328886 Ack=144 Win=65024 Len=1448 TSval=2916038639 TSecr=3045558412 [TCP segment of a reassembled PDU]"
"43380","34.558718582","192.168.1.55","192.168.1.2","TCP","1514","8004  >  36348 [ACK] Seq=330334 Ack=144 Win=65024 Len=1448 TSval=2916038639 TSecr=3045558412 [TCP segment of a reassembled PDU]"
"43381","34.558719934","192.168.1.55","192.168.1.2","TCP","1514","8004  >  36348 [ACK] Seq=331782 Ack=144 Win=65024 Len=1448 TSval=2916038639 TSecr=3045558412 [TCP segment of a reassembled PDU]"
"43382","34.558721323","192.168.1.55","192.168.1.2","TCP","1514","8004  >  36348 [ACK] Seq=333230 Ack=144 Win=65024 Len=1448 TSval=2916038639 TSecr=3045558412 [TCP segment of a reassembled PDU]"
"43383","34.558723026","192.168.1.55","192.168.1.2","TCP","1514","8004  >  36348 [ACK] Seq=334678 Ack=144 Win=65024 Len=1448 TSval=2916038639 TSecr=3045558412 [TCP segment of a reassembled PDU]"
"43384","34.558724397","192.168.1.55","192.168.1.2","TCP","1514","8004  >  36348 [ACK] Seq=336126 Ack=144 Win=65024 Len=1448 TSval=2916038639 TSecr=3045558412 [TCP segment of a reassembled PDU]"
"43385","34.558726045","192.168.1.55","192.168.1.2","TCP","1514","8004  >  36348 [ACK] Seq=337574 Ack=144 Win=65024 Len=1448 TSval=2916038639 TSecr=3045558412 [TCP segment of a reassembled PDU]"
"43386","34.558727601","192.168.1.55","192.168.1.2","TCP","1514","8004  >  36348 [ACK] Seq=339022 Ack=144 Win=65024 Len=1448 TSval=2916038639 TSecr=3045558412 [TCP segment of a reassembled PDU]"
"43387","34.558729045","192.168.1.55","192.168.1.2","TCP","1514","8004  >  36348 [ACK] Seq=340470 Ack=144 Win=65024 Len=1448 TSval=2916038639 TSecr=3045558412 [TCP segment of a reassembled PDU]"
"43388","34.558730397","192.168.1.55","192.168.1.2","TCP","1514","8004  >  36348 [ACK] Seq=341918 Ack=144 Win=65024 Len=1448 TSval=2916038639 TSecr=3045558412 [TCP segment of a reassembled PDU]"
"43389","34.558731841","192.168.1.55","192.168.1.2","TCP","1514","8004  >  36348 [ACK] Seq=343366 Ack=144 Win=65024 Len=1448 TSval=2916038639 TSecr=3045558412 [TCP segment of a reassembled PDU]"
"43390","34.558733971","192.168.1.55","192.168.1.2","TCP","1514","8004  >  36348 [ACK] Seq=344814 Ack=144 Win=65024 Len=1448 TSval=2916038639 TSecr=3045558412 [TCP segment of a reassembled PDU]"
"43391","34.558735304","192.168.1.55","192.168.1.2","TCP","1514","8004  >  36348 [ACK] Seq=346262 Ack=144 Win=65024 Len=1448 TSval=2916038639 TSecr=3045558412 [TCP segment of a reassembled PDU]"
"43392","34.558736693","192.168.1.55","192.168.1.2","TCP","1514","8004  >  36348 [ACK] Seq=347710 Ack=144 Win=65024 Len=1448 TSval=2916038639 TSecr=3045558412 [TCP segment of a reassembled PDU]"
"43393","34.558738304","192.168.1.55","192.168.1.2","TCP","1514","8004  >  36348 [ACK] Seq=349158 Ack=144 Win=65024 Len=1448 TSval=2916038639 TSecr=3045558412 [TCP segment of a reassembled PDU]"
"43394","34.558739712","192.168.1.55","192.168.1.2","TCP","1514","8004  >  36348 [ACK] Seq=350606 Ack=144 Win=65024 Len=1448 TSval=2916038639 TSecr=3045558412 [TCP segment of a reassembled PDU]"
"43395","34.558741230","192.168.1.55","192.168.1.2","TCP","1514","8004  >  36348 [ACK] Seq=352054 Ack=144 Win=65024 Len=1448 TSval=2916038639 TSecr=3045558412 [TCP segment of a reassembled PDU]"
"43396","34.558742619","192.168.1.55","192.168.1.2","TCP","1514","8004  >  36348 [ACK] Seq=353502 Ack=144 Win=65024 Len=1448 TSval=2916038639 TSecr=3045558412 [TCP segment of a reassembled PDU]"
"43397","34.558744008","192.168.1.55","192.168.1.2","TCP","1514","8004  >  36348 [ACK] Seq=354950 Ack=144 Win=65024 Len=1448 TSval=2916038639 TSecr=3045558412 [TCP segment of a reassembled PDU]"
"43398","34.558745323","192.168.1.55","192.168.1.2","TCP","1514","8004  >  36348 [ACK] Seq=356398 Ack=144 Win=65024 Len=1448 TSval=2916038639 TSecr=3045558412 [TCP segment of a reassembled PDU]"
"43399","34.558746989","192.168.1.55","192.168.1.2","TCP","1514","8004  >  36348 [ACK] Seq=357846 Ack=144 Win=65024 Len=1448 TSval=2916038639 TSecr=3045558412 [TCP segment of a reassembled PDU]"
"43400","34.558748712","192.168.1.55","192.168.1.2","TCP","1514","8004  >  36348 [ACK] Seq=359294 Ack=144 Win=65024 Len=1448 TSval=2916038639 TSecr=3045558412 [TCP segment of a reassembled PDU]"
"43401","34.558750304","192.168.1.55","192.168.1.2","TCP","1514","8004  >  36348 [ACK] Seq=360742 Ack=144 Win=65024 Len=1448 TSval=2916038639 TSecr=3045558412 [TCP segment of a reassembled PDU]"
"43402","34.558751804","192.168.1.55","192.168.1.2","TCP","1514","8004  >  36348 [ACK] Seq=362190 Ack=144 Win=65024 Len=1448 TSval=2916038639 TSecr=3045558412 [TCP segment of a reassembled PDU]"
"43403","34.558753249","192.168.1.55","192.168.1.2","TCP","1514","8004  >  36348 [ACK] Seq=363638 Ack=144 Win=65024 Len=1448 TSval=2916038639 TSecr=3045558412 [TCP segment of a reassembled PDU]"
"43404","34.558754638","192.168.1.55","192.168.1.2","TCP","1514","8004  >  36348 [ACK] Seq=365086 Ack=144 Win=65024 Len=1448 TSval=2916038639 TSecr=3045558412 [TCP segment of a reassembled PDU]"
"43405","34.558756175","192.168.1.55","192.168.1.2","TCP","1514","8004  >  36348 [ACK] Seq=366534 Ack=144 Win=65024 Len=1448 TSval=2916038639 TSecr=3045558412 [TCP segment of a reassembled PDU]"
"43406","34.558757767","192.168.1.55","192.168.1.2","TCP","1514","8004  >  36348 [ACK] Seq=367982 Ack=144 Win=65024 Len=1448 TSval=2916038639 TSecr=3045558412 [TCP segment of a reassembled PDU]"
"43407","34.558759119","192.168.1.55","192.168.1.2","TCP","1514","8004  >  36348 [PSH, ACK] Seq=369430 Ack=144 Win=65024 Len=1448 TSval=2916038639 TSecr=3045558412 [TCP segment of a reassembled PDU]"
"43408","34.558769582","192.168.1.2","192.168.1.55","TCP","66","36348  >  8004 [ACK] Seq=144 Ack=275310 Win=115712 Len=0 TSval=3045558412 TSecr=2916038631"
"43409","34.561604994","192.168.1.2","192.168.1.55","TCP","66","36348  >  8004 [ACK] Seq=144 Ack=283998 Win=107520 Len=0 TSval=3045558412 TSecr=2916038631"
"43410","34.561643827","192.168.1.55","192.168.1.2","TCP","1514","8004  >  36348 [ACK] Seq=370878 Ack=144 Win=65024 Len=1448 TSval=2916038642 TSecr=3045558412 [TCP segment of a reassembled PDU]"
"43411","34.561647957","192.168.1.55","192.168.1.2","TCP","1514","8004  >  36348 [ACK] Seq=372326 Ack=144 Win=65024 Len=1448 TSval=2916038642 TSecr=3045558412 [TCP segment of a reassembled PDU]"
"43412","34.561649439","192.168.1.55","192.168.1.2","TCP","1514","8004  >  36348 [ACK] Seq=373774 Ack=144 Win=65024 Len=1448 TSval=2916038642 TSecr=3045558412 [TCP segment of a reassembled PDU]"
"43413","34.561650790","192.168.1.55","192.168.1.2","TCP","1514","8004  >  36348 [ACK] Seq=375222 Ack=144 Win=65024 Len=1448 TSval=2916038642 TSecr=3045558412 [TCP segment of a reassembled PDU]"
"43414","34.561652494","192.168.1.55","192.168.1.2","TCP","1514","8004  >  36348 [ACK] Seq=376670 Ack=144 Win=65024 Len=1448 TSval=2916038642 TSecr=3045558412 [TCP segment of a reassembled PDU]"
"43415","34.561653864","192.168.1.55","192.168.1.2","TCP","1514","8004  >  36348 [ACK] Seq=378118 Ack=144 Win=65024 Len=1448 TSval=2916038642 TSecr=3045558412 [TCP segment of a reassembled PDU]"
"43416","34.561655272","192.168.1.55","192.168.1.2","TCP","1514","8004  >  36348 [ACK] Seq=379566 Ack=144 Win=65024 Len=1448 TSval=2916038642 TSecr=3045558412 [TCP segment of a reassembled PDU]"
"43417","34.561656642","192.168.1.55","192.168.1.2","TCP","1514","8004  >  36348 [ACK] Seq=381014 Ack=144 Win=65024 Len=1448 TSval=2916038642 TSecr=3045558412 [TCP segment of a reassembled PDU]"
"43418","34.561658031","192.168.1.55","192.168.1.2","TCP","1514","8004  >  36348 [ACK] Seq=382462 Ack=144 Win=65024 Len=1448 TSval=2916038642 TSecr=3045558412 [TCP segment of a reassembled PDU]"
"43419","34.561659439","192.168.1.55","192.168.1.2","TCP","1514","8004  >  36348 [ACK] Seq=383910 Ack=144 Win=65024 Len=1448 TSval=2916038642 TSecr=3045558412 [TCP segment of a reassembled PDU]"
"43420","34.561660920","192.168.1.55","192.168.1.2","TCP","1514","8004  >  36348 [ACK] Seq=385358 Ack=144 Win=65024 Len=1448 TSval=2916038642 TSecr=3045558412 [TCP segment of a reassembled PDU]"
"43421","34.561662216","192.168.1.55","192.168.1.2","TCP","1514","8004  >  36348 [ACK] Seq=386806 Ack=144 Win=65024 Len=1448 TSval=2916038642 TSecr=3045558412 [TCP segment of a reassembled PDU]"
"43422","34.561663661","192.168.1.55","192.168.1.2","TCP","1514","8004  >  36348 [ACK] Seq=388254 Ack=144 Win=65024 Len=1448 TSval=2916038642 TSecr=3045558412 [TCP segment of a reassembled PDU]"
"43423","34.561664957","192.168.1.55","192.168.1.2","TCP","1514","8004  >  36348 [ACK] Seq=389702 Ack=144 Win=65024 Len=1448 TSval=2916038642 TSecr=3045558412 [TCP segment of a reassembled PDU]"
"43424","34.561666364","192.168.1.55","192.168.1.2","TCP","434","[TCP Window Full] 8004  >  36348 [PSH, ACK] Seq=391150 Ack=144 Win=65024 Len=368 TSval=2916038642 TSecr=3045558412 [TCP segment of a reassembled PDU]"
"43425","34.562311977","192.168.1.2","192.168.1.55","TCP","66","36348  >  8004 [ACK] Seq=144 Ack=286894 Win=133120 Len=0 TSval=3045558414 TSecr=2916038631"
"43426","34.562334736","192.168.1.55","192.168.1.2","TCP","1514","8004  >  36348 [ACK] Seq=391518 Ack=144 Win=65024 Len=1448 TSval=2916038643 TSecr=3045558414 [TCP segment of a reassembled PDU]"
"43427","34.562336643","192.168.1.55","192.168.1.2","TCP","1514","8004  >  36348 [ACK] Seq=392966 Ack=144 Win=65024 Len=1448 TSval=2916038643 TSecr=3045558414 [TCP segment of a reassembled PDU]"
"43428","34.562337958","192.168.1.55","192.168.1.2","TCP","1514","8004  >  36348 [ACK] Seq=394414 Ack=144 Win=65024 Len=1448 TSval=2916038643 TSecr=3045558414 [TCP segment of a reassembled PDU]"
"43429","34.562339329","192.168.1.55","192.168.1.2","TCP","1514","8004  >  36348 [ACK] Seq=395862 Ack=144 Win=65024 Len=1448 TSval=2916038643 TSecr=3045558414 [TCP segment of a reassembled PDU]"
"43430","34.562340643","192.168.1.55","192.168.1.2","TCP","1514","8004  >  36348 [ACK] Seq=397310 Ack=144 Win=65024 Len=1448 TSval=2916038643 TSecr=3045558414 [TCP segment of a reassembled PDU]"
"43431","34.562342125","192.168.1.55","192.168.1.2","TCP","1514","8004  >  36348 [ACK] Seq=398758 Ack=144 Win=65024 Len=1448 TSval=2916038643 TSecr=3045558414 [TCP segment of a reassembled PDU]"
"43432","34.562343421","192.168.1.55","192.168.1.2","TCP","1514","8004  >  36348 [ACK] Seq=400206 Ack=144 Win=65024 Len=1448 TSval=2916038643 TSecr=3045558414 [TCP segment of a reassembled PDU]"
"43433","34.562344699","192.168.1.55","192.168.1.2","TCP","1514","8004  >  36348 [ACK] Seq=401654 Ack=144 Win=65024 Len=1448 TSval=2916038643 TSecr=3045558414 [TCP segment of a reassembled PDU]"
"43434","34.562346088","192.168.1.55","192.168.1.2","TCP","1514","8004  >  36348 [ACK] Seq=403102 Ack=144 Win=65024 Len=1448 TSval=2916038643 TSecr=3045558414 [TCP segment of a reassembled PDU]"
"43435","34.562347329","192.168.1.55","192.168.1.2","TCP","1514","8004  >  36348 [ACK] Seq=404550 Ack=144 Win=65024 Len=1448 TSval=2916038643 TSecr=3045558414 [TCP segment of a reassembled PDU]"
"43436","34.562348699","192.168.1.55","192.168.1.2","TCP","1514","8004  >  36348 [ACK] Seq=405998 Ack=144 Win=65024 Len=1448 TSval=2916038643 TSecr=3045558414 [TCP segment of a reassembled PDU]"
"43437","34.562349977","192.168.1.55","192.168.1.2","TCP","1514","8004  >  36348 [ACK] Seq=407446 Ack=144 Win=65024 Len=1448 TSval=2916038643 TSecr=3045558414 [TCP segment of a reassembled PDU]"
"43438","34.562351310","192.168.1.55","192.168.1.2","TCP","1514","8004  >  36348 [ACK] Seq=408894 Ack=144 Win=65024 Len=1448 TSval=2916038643 TSecr=3045558414 [TCP segment of a reassembled PDU]"
"43439","34.562352680","192.168.1.55","192.168.1.2","TCP","1514","8004  >  36348 [PSH, ACK] Seq=410342 Ack=144 Win=65024 Len=1448 TSval=2916038643 TSecr=3045558414 [TCP segment of a reassembled PDU]"
"43440","34.562358014","192.168.1.55","192.168.1.2","TCP","1146","8004  >  36348 [ACK] Seq=411790 Ack=144 Win=65024 Len=1080 TSval=2916038643 TSecr=3045558414 [TCP segment of a reassembled PDU]"
"43441","34.562362051","192.168.1.2","192.168.1.55","TCP","66","36348  >  8004 [ACK] Seq=144 Ack=298478 Win=129024 Len=0 TSval=3045558414 TSecr=2916038636"
"43442","34.562370347","192.168.1.2","192.168.1.55","TCP","66","36348  >  8004 [ACK] Seq=144 Ack=299926 Win=136192 Len=0 TSval=3045558415 TSecr=2916038636"
"43443","34.562374625","192.168.1.2","192.168.1.55","TCP","66","36348  >  8004 [ACK] Seq=144 Ack=301374 Win=137216 Len=0 TSval=3045558415 TSecr=2916038636"
"43444","34.562400329","192.168.1.55","192.168.1.2","TCP","1514","8004  >  36348 [ACK] Seq=412870 Ack=144 Win=65024 Len=1448 TSval=2916038643 TSecr=3045558415 [TCP segment of a reassembled PDU]"
"43445","34.562402180","192.168.1.55","192.168.1.2","TCP","1514","8004  >  36348 [ACK] Seq=414318 Ack=144 Win=65024 Len=1448 TSval=2916038643 TSecr=3045558415 [TCP segment of a reassembled PDU]"
"43446","34.562403477","192.168.1.55","192.168.1.2","TCP","1514","8004  >  36348 [ACK] Seq=415766 Ack=144 Win=65024 Len=1448 TSval=2916038643 TSecr=3045558415 [TCP segment of a reassembled PDU]"
"43447","34.562404884","192.168.1.55","192.168.1.2","TCP","1514","8004  >  36348 [ACK] Seq=417214 Ack=144 Win=65024 Len=1448 TSval=2916038643 TSecr=3045558415 [TCP segment of a reassembled PDU]"
"43448","34.562406180","192.168.1.55","192.168.1.2","TCP","1514","8004  >  36348 [ACK] Seq=418662 Ack=144 Win=65024 Len=1448 TSval=2916038643 TSecr=3045558415 [TCP segment of a reassembled PDU]"
"43449","34.562407847","192.168.1.55","192.168.1.2","TCP","1514","8004  >  36348 [ACK] Seq=420110 Ack=144 Win=65024 Len=1448 TSval=2916038643 TSecr=3045558415 [TCP segment of a reassembled PDU]"
"43450","34.562409199","192.168.1.55","192.168.1.2","TCP","1514","8004  >  36348 [ACK] Seq=421558 Ack=144 Win=65024 Len=1448 TSval=2916038643 TSecr=3045558415 [TCP segment of a reassembled PDU]"
"43451","34.562410551","192.168.1.55","192.168.1.2","TCP","1514","8004  >  36348 [ACK] Seq=423006 Ack=144 Win=65024 Len=1448 TSval=2916038643 TSecr=3045558415 [TCP segment of a reassembled PDU]"
"43452","34.562411921","192.168.1.55","192.168.1.2","TCP","1514","8004  >  36348 [ACK] Seq=424454 Ack=144 Win=65024 Len=1448 TSval=2916038643 TSecr=3045558415 [TCP segment of a reassembled PDU]"
"43453","34.562413218","192.168.1.55","192.168.1.2","TCP","1514","8004  >  36348 [ACK] Seq=425902 Ack=144 Win=65024 Len=1448 TSval=2916038643 TSecr=3045558415 [TCP segment of a reassembled PDU]"
"43454","34.562414532","192.168.1.55","192.168.1.2","TCP","1514","8004  >  36348 [ACK] Seq=427350 Ack=144 Win=65024 Len=1448 TSval=2916038643 TSecr=3045558415 [TCP segment of a reassembled PDU]"
"43455","34.562415940","192.168.1.55","192.168.1.2","TCP","1514","8004  >  36348 [ACK] Seq=428798 Ack=144 Win=65024 Len=1448 TSval=2916038643 TSecr=3045558415 [TCP segment of a reassembled PDU]"
"43456","34.562417218","192.168.1.55","192.168.1.2","TCP","1514","8004  >  36348 [ACK] Seq=430246 Ack=144 Win=65024 Len=1448 TSval=2916038643 TSecr=3045558415 [TCP segment of a reassembled PDU]"
"43457","34.562418588","192.168.1.55","192.168.1.2","TCP","1514","8004  >  36348 [ACK] Seq=431694 Ack=144 Win=65024 Len=1448 TSval=2916038643 TSecr=3045558415 [TCP segment of a reassembled PDU]"
"43458","34.562419940","192.168.1.55","192.168.1.2","TCP","1514","8004  >  36348 [ACK] Seq=433142 Ack=144 Win=65024 Len=1448 TSval=2916038643 TSecr=3045558415 [TCP segment of a reassembled PDU]"
"43459","34.562421514","192.168.1.55","192.168.1.2","TCP","1514","8004  >  36348 [ACK] Seq=434590 Ack=144 Win=65024 Len=1448 TSval=2916038643 TSecr=3045558415 [TCP segment of a reassembled PDU]"
"43460","34.562422995","192.168.1.55","192.168.1.2","TCP","1514","8004  >  36348 [PSH, ACK] Seq=436038 Ack=144 Win=65024 Len=1448 TSval=2916038643 TSecr=3045558415 [TCP segment of a reassembled PDU]"
"43461","34.567412318","192.168.1.2","192.168.1.55","TCP","66","36348  >  8004 [ACK] Seq=144 Ack=328886 Win=137216 Len=0 TSval=3045558419 TSecr=2916038639"
"43462","34.567448614","192.168.1.55","192.168.1.2","TCP","1514","8004  >  36348 [ACK] Seq=437486 Ack=144 Win=65024 Len=1448 TSval=2916038648 TSecr=3045558419 [TCP segment of a reassembled PDU]"
"43463","34.567452466","192.168.1.55","192.168.1.2","TCP","1514","8004  >  36348 [ACK] Seq=438934 Ack=144 Win=65024 Len=1448 TSval=2916038648 TSecr=3045558419 [TCP segment of a reassembled PDU]"
"43464","34.567453763","192.168.1.55","192.168.1.2","TCP","1514","8004  >  36348 [ACK] Seq=440382 Ack=144 Win=65024 Len=1448 TSval=2916038648 TSecr=3045558419 [TCP segment of a reassembled PDU]"
"43465","34.567455022","192.168.1.55","192.168.1.2","TCP","1514","8004  >  36348 [ACK] Seq=441830 Ack=144 Win=65024 Len=1448 TSval=2916038648 TSecr=3045558419 [TCP segment of a reassembled PDU]"
"43466","34.567456392","192.168.1.55","192.168.1.2","TCP","1514","8004  >  36348 [ACK] Seq=443278 Ack=144 Win=65024 Len=1448 TSval=2916038648 TSecr=3045558419 [TCP segment of a reassembled PDU]"
"43467","34.567457929","192.168.1.55","192.168.1.2","TCP","1514","8004  >  36348 [ACK] Seq=444726 Ack=144 Win=65024 Len=1448 TSval=2916038648 TSecr=3045558419 [TCP segment of a reassembled PDU]"
"43468","34.567460596","192.168.1.55","192.168.1.2","TCP","1514","8004  >  36348 [ACK] Seq=446174 Ack=144 Win=65024 Len=1448 TSval=2916038648 TSecr=3045558419 [TCP segment of a reassembled PDU]"
"43469","34.567462263","192.168.1.55","192.168.1.2","TCP","1514","8004  >  36348 [ACK] Seq=447622 Ack=144 Win=65024 Len=1448 TSval=2916038648 TSecr=3045558419 [TCP segment of a reassembled PDU]"
"43470","34.567463559","192.168.1.55","192.168.1.2","TCP","1514","8004  >  36348 [ACK] Seq=449070 Ack=144 Win=65024 Len=1448 TSval=2916038648 TSecr=3045558419 [TCP segment of a reassembled PDU]"
"43471","34.567465059","192.168.1.55","192.168.1.2","TCP","1514","8004  >  36348 [ACK] Seq=450518 Ack=144 Win=65024 Len=1448 TSval=2916038648 TSecr=3045558419 [TCP segment of a reassembled PDU]"
"43472","34.567466689","192.168.1.55","192.168.1.2","TCP","1514","8004  >  36348 [ACK] Seq=451966 Ack=144 Win=65024 Len=1448 TSval=2916038648 TSecr=3045558419 [TCP segment of a reassembled PDU]"
"43473","34.567468059","192.168.1.55","192.168.1.2","TCP","1514","8004  >  36348 [PSH, ACK] Seq=453414 Ack=144 Win=65024 Len=1448 TSval=2916038648 TSecr=3045558419 [TCP segment of a reassembled PDU]"
"43474","34.568032967","192.168.1.2","192.168.1.55","TCP","66","36348  >  8004 [ACK] Seq=144 Ack=362190 Win=121856 Len=0 TSval=3045558419 TSecr=2916038639"
"43475","34.568044504","192.168.1.2","192.168.1.55","TCP","66","36348  >  8004 [ACK] Seq=144 Ack=370878 Win=154624 Len=0 TSval=3045558422 TSecr=2916038639"
"43476","34.568087208","192.168.1.55","192.168.1.2","TCP","1514","8004  >  36348 [ACK] Seq=454862 Ack=144 Win=65024 Len=1448 TSval=2916038648 TSecr=3045558422 [TCP segment of a reassembled PDU]"
"43477","34.568090912","192.168.1.55","192.168.1.2","TCP","1514","8004  >  36348 [ACK] Seq=456310 Ack=144 Win=65024 Len=1448 TSval=2916038648 TSecr=3045558422 [TCP segment of a reassembled PDU]"
"43478","34.568092319","192.168.1.55","192.168.1.2","TCP","1514","8004  >  36348 [ACK] Seq=457758 Ack=144 Win=65024 Len=1448 TSval=2916038648 TSecr=3045558422 [TCP segment of a reassembled PDU]"
"43479","34.568093727","192.168.1.55","192.168.1.2","TCP","1514","8004  >  36348 [ACK] Seq=459206 Ack=144 Win=65024 Len=1448 TSval=2916038648 TSecr=3045558422 [TCP segment of a reassembled PDU]"
"43480","34.568095449","192.168.1.55","192.168.1.2","TCP","1514","8004  >  36348 [ACK] Seq=460654 Ack=144 Win=65024 Len=1448 TSval=2916038648 TSecr=3045558422 [TCP segment of a reassembled PDU]"
"43481","34.568097004","192.168.1.55","192.168.1.2","TCP","1514","8004  >  36348 [ACK] Seq=462102 Ack=144 Win=65024 Len=1448 TSval=2916038648 TSecr=3045558422 [TCP segment of a reassembled PDU]"
"43482","34.568099393","192.168.1.55","192.168.1.2","TCP","1514","8004  >  36348 [ACK] Seq=463550 Ack=144 Win=65024 Len=1448 TSval=2916038648 TSecr=3045558422 [TCP segment of a reassembled PDU]"
"43483","34.568101078","192.168.1.55","192.168.1.2","TCP","1514","8004  >  36348 [ACK] Seq=464998 Ack=144 Win=65024 Len=1448 TSval=2916038648 TSecr=3045558422 [TCP segment of a reassembled PDU]"
"43484","34.568102597","192.168.1.55","192.168.1.2","TCP","1514","8004  >  36348 [ACK] Seq=466446 Ack=144 Win=65024 Len=1448 TSval=2916038648 TSecr=3045558422 [TCP segment of a reassembled PDU]"
"43485","34.568104190","192.168.1.55","192.168.1.2","TCP","1514","8004  >  36348 [ACK] Seq=467894 Ack=144 Win=65024 Len=1448 TSval=2916038648 TSecr=3045558422 [TCP segment of a reassembled PDU]"
"43486","34.568106264","192.168.1.55","192.168.1.2","TCP","1514","8004  >  36348 [ACK] Seq=469342 Ack=144 Win=65024 Len=1448 TSval=2916038648 TSecr=3045558422 [TCP segment of a reassembled PDU]"
"43487","34.568108041","192.168.1.55","192.168.1.2","TCP","1514","8004  >  36348 [ACK] Seq=470790 Ack=144 Win=65024 Len=1448 TSval=2916038648 TSecr=3045558422 [TCP segment of a reassembled PDU]"
"43488","34.568109523","192.168.1.55","192.168.1.2","TCP","1514","8004  >  36348 [ACK] Seq=472238 Ack=144 Win=65024 Len=1448 TSval=2916038648 TSecr=3045558422 [TCP segment of a reassembled PDU]"
"43489","34.568110856","192.168.1.55","192.168.1.2","TCP","1514","8004  >  36348 [ACK] Seq=473686 Ack=144 Win=65024 Len=1448 TSval=2916038648 TSecr=3045558422 [TCP segment of a reassembled PDU]"
"43490","34.568112541","192.168.1.55","192.168.1.2","TCP","1514","8004  >  36348 [ACK] Seq=475134 Ack=144 Win=65024 Len=1448 TSval=2916038648 TSecr=3045558422 [TCP segment of a reassembled PDU]"
"43491","34.568114115","192.168.1.55","192.168.1.2","TCP","1514","8004  >  36348 [ACK] Seq=476582 Ack=144 Win=65024 Len=1448 TSval=2916038648 TSecr=3045558422 [TCP segment of a reassembled PDU]"
"43492","34.568115560","192.168.1.55","192.168.1.2","TCP","1514","8004  >  36348 [ACK] Seq=478030 Ack=144 Win=65024 Len=1448 TSval=2916038648 TSecr=3045558422 [TCP segment of a reassembled PDU]"
"43493","34.568117208","192.168.1.55","192.168.1.2","TCP","1514","8004  >  36348 [ACK] Seq=479478 Ack=144 Win=65024 Len=1448 TSval=2916038648 TSecr=3045558422 [TCP segment of a reassembled PDU]"
"43494","34.568118782","192.168.1.55","192.168.1.2","TCP","1514","8004  >  36348 [ACK] Seq=480926 Ack=144 Win=65024 Len=1448 TSval=2916038648 TSecr=3045558422 [TCP segment of a reassembled PDU]"
"43495","34.568120190","192.168.1.55","192.168.1.2","TCP","1514","8004  >  36348 [ACK] Seq=482374 Ack=144 Win=65024 Len=1448 TSval=2916038648 TSecr=3045558422 [TCP segment of a reassembled PDU]"
"43496","34.568121912","192.168.1.55","192.168.1.2","TCP","1514","8004  >  36348 [ACK] Seq=483822 Ack=144 Win=65024 Len=1448 TSval=2916038648 TSecr=3045558422 [TCP segment of a reassembled PDU]"
"43497","34.568123671","192.168.1.55","192.168.1.2","TCP","1514","8004  >  36348 [ACK] Seq=485270 Ack=144 Win=65024 Len=1448 TSval=2916038648 TSecr=3045558422 [TCP segment of a reassembled PDU]"
"43498","34.568125875","192.168.1.55","192.168.1.2","TCP","1514","8004  >  36348 [ACK] Seq=486718 Ack=144 Win=65024 Len=1448 TSval=2916038648 TSecr=3045558422 [TCP segment of a reassembled PDU]"
"43499","34.568127301","192.168.1.55","192.168.1.2","TCP","1514","8004  >  36348 [ACK] Seq=488166 Ack=144 Win=65024 Len=1448 TSval=2916038648 TSecr=3045558422 [TCP segment of a reassembled PDU]"
"43500","34.568128634","192.168.1.55","192.168.1.2","TCP","1514","8004  >  36348 [ACK] Seq=489614 Ack=144 Win=65024 Len=1448 TSval=2916038648 TSecr=3045558422 [TCP segment of a reassembled PDU]"
"43501","34.568130301","192.168.1.55","192.168.1.2","TCP","1514","8004  >  36348 [ACK] Seq=491062 Ack=144 Win=65024 Len=1448 TSval=2916038648 TSecr=3045558422 [TCP segment of a reassembled PDU]"
"43502","34.568131782","192.168.1.55","192.168.1.2","TCP","1514","8004  >  36348 [ACK] Seq=492510 Ack=144 Win=65024 Len=1448 TSval=2916038648 TSecr=3045558422 [TCP segment of a reassembled PDU]"
"43503","34.568133986","192.168.1.55","192.168.1.2","TCP","1514","8004  >  36348 [ACK] Seq=493958 Ack=144 Win=65024 Len=1448 TSval=2916038648 TSecr=3045558422 [TCP segment of a reassembled PDU]"
"43504","34.568135745","192.168.1.55","192.168.1.2","TCP","1514","8004  >  36348 [PSH, ACK] Seq=495406 Ack=144 Win=65024 Len=1448 TSval=2916038648 TSecr=3045558422 [TCP segment of a reassembled PDU]"
"43505","34.568146060","192.168.1.2","192.168.1.55","TCP","66","36348  >  8004 [ACK] Seq=144 Ack=411790 Win=143360 Len=0 TSval=3045558423 TSecr=2916038642"
"43506","34.568157338","192.168.1.2","192.168.1.55","TCP","66","36348  >  8004 [ACK] Seq=144 Ack=427350 Win=129024 Len=0 TSval=3045558423 TSecr=2916038643"
"43507","34.568190597","192.168.1.2","192.168.1.55","TCP","66","36348  >  8004 [ACK] Seq=144 Ack=437486 Win=168960 Len=0 TSval=3045558423 TSecr=2916038643"
"43508","34.569284303","192.168.1.55","192.168.1.2","TCP","1514","8004  >  36348 [ACK] Seq=496854 Ack=144 Win=65024 Len=1448 TSval=2916038649 TSecr=3045558423 [TCP segment of a reassembled PDU]"
"43509","34.569297025","192.168.1.55","192.168.1.2","HTTP","222","HTTP/1.0 200 OK  (PNG)"
"43510","34.571601380","192.168.1.2","192.168.1.55","TCP","66","36348  >  8004 [ACK] Seq=144 Ack=451966 Win=168960 Len=0 TSval=3045558425 TSecr=2916038648"
"43511","34.572596845","192.168.1.2","192.168.1.55","TCP","66","36348  >  8004 [ACK] Seq=144 Ack=454862 Win=174080 Len=0 TSval=3045558427 TSecr=2916038648"
"43512","34.572628660","192.168.1.2","192.168.1.55","TCP","66","36348  >  8004 [ACK] Seq=144 Ack=495406 Win=219136 Len=0 TSval=3045558427 TSecr=2916038648"
"43513","34.573525291","192.168.1.2","192.168.1.55","TCP","66","36348  >  8004 [ACK] Seq=144 Ack=496854 Win=222208 Len=0 TSval=3045558429 TSecr=2916038648"
"43514","34.573634902","192.168.1.2","192.168.1.55","TCP","66","36348  >  8004 [ACK] Seq=144 Ack=498302 Win=225280 Len=0 TSval=3045558429 TSecr=2916038649"
"43515","34.575590442","192.168.1.2","192.168.1.55","TCP","66","36348  >  8004 [FIN, ACK] Seq=144 Ack=498459 Win=228352 Len=0 TSval=3045558430 TSecr=2916038649"
"43516","34.575605368","192.168.1.55","192.168.1.2","TCP","66","8004  >  36348 [ACK] Seq=498459 Ack=145 Win=65024 Len=0 TSval=2916038656 TSecr=3045558430"
"43517","34.575713220","192.168.1.2","192.168.1.55","TCP","74","36362  >  8004 [SYN] Seq=0 Win=64240 Len=0 MSS=1460 SACK_PERM TSval=3045558430 TSecr=0 WS=1024"
"43518","34.575737054","192.168.1.55","192.168.1.2","TCP","74","8004  >  36362 [SYN, ACK] Seq=0 Ack=1 Win=65160 Len=0 MSS=1460 SACK_PERM TSval=2916038656 TSecr=3045558430 WS=128"
"43519","34.578960485","192.168.1.2","192.168.1.55","TCP","66","36362  >  8004 [ACK] Seq=1 Ack=1 Win=64512 Len=0 TSval=3045558433 TSecr=2916038656"
"43520","34.582157045","192.168.1.2","192.168.1.55","HTTP","206","GET /stego_benchmark.png HTTP/1.1 "
"43521","34.582167897","192.168.1.55","192.168.1.2","TCP","66","8004  >  36362 [ACK] Seq=1 Ack=141 Win=65024 Len=0 TSval=2916038662 TSecr=3045558434"
"43522","34.582673935","192.168.1.55","192.168.1.2","TCP","255","8004  >  36362 [PSH, ACK] Seq=1 Ack=141 Win=65024 Len=189 TSval=2916038663 TSecr=3045558434 [TCP segment of a reassembled PDU]"
"43523","34.582764046","192.168.1.55","192.168.1.2","TCP","1514","8004  >  36362 [ACK] Seq=190 Ack=141 Win=65024 Len=1448 TSval=2916038663 TSecr=3045558434 [TCP segment of a reassembled PDU]"
"43524","34.582768657","192.168.1.55","192.168.1.2","TCP","1514","8004  >  36362 [ACK] Seq=1638 Ack=141 Win=65024 Len=1448 TSval=2916038663 TSecr=3045558434 [TCP segment of a reassembled PDU]"
"43525","34.582770083","192.168.1.55","192.168.1.2","TCP","1514","8004  >  36362 [ACK] Seq=3086 Ack=141 Win=65024 Len=1448 TSval=2916038663 TSecr=3045558434 [TCP segment of a reassembled PDU]"
"43526","34.582771454","192.168.1.55","192.168.1.2","TCP","1514","8004  >  36362 [ACK] Seq=4534 Ack=141 Win=65024 Len=1448 TSval=2916038663 TSecr=3045558434 [TCP segment of a reassembled PDU]"
"43527","34.582773194","192.168.1.55","192.168.1.2","TCP","1514","8004  >  36362 [PSH, ACK] Seq=5982 Ack=141 Win=65024 Len=1448 TSval=2916038663 TSecr=3045558434 [TCP segment of a reassembled PDU]"
"43528","34.582792694","192.168.1.55","192.168.1.2","TCP","1514","8004  >  36362 [ACK] Seq=7430 Ack=141 Win=65024 Len=1448 TSval=2916038663 TSecr=3045558434 [TCP segment of a reassembled PDU]"
"43529","34.582794361","192.168.1.55","192.168.1.2","TCP","1514","8004  >  36362 [ACK] Seq=8878 Ack=141 Win=65024 Len=1448 TSval=2916038663 TSecr=3045558434 [TCP segment of a reassembled PDU]"
"43530","34.582795676","192.168.1.55","192.168.1.2","TCP","1514","8004  >  36362 [ACK] Seq=10326 Ack=141 Win=65024 Len=1448 TSval=2916038663 TSecr=3045558434 [TCP segment of a reassembled PDU]"
"43531","34.582797065","192.168.1.55","192.168.1.2","TCP","1514","8004  >  36362 [PSH, ACK] Seq=11774 Ack=141 Win=65024 Len=1448 TSval=2916038663 TSecr=3045558434 [TCP segment of a reassembled PDU]"
"43532","34.586491071","192.168.1.2","192.168.1.55","TCP","66","36362  >  8004 [ACK] Seq=141 Ack=190 Win=64512 Len=0 TSval=3045558440 TSecr=2916038663"
"43533","34.586644108","192.168.1.55","192.168.1.2","TCP","1514","8004  >  36362 [ACK] Seq=13222 Ack=141 Win=65024 Len=1448 TSval=2916038667 TSecr=3045558440 [TCP segment of a reassembled PDU]"
"43534","34.586667515","192.168.1.55","192.168.1.2","TCP","1514","8004  >  36362 [PSH, ACK] Seq=14670 Ack=141 Win=65024 Len=1448 TSval=2916038667 TSecr=3045558440 [TCP segment of a reassembled PDU]"
"43535","34.586813479","192.168.1.2","192.168.1.55","TCP","66","36362  >  8004 [ACK] Seq=141 Ack=3086 Win=70656 Len=0 TSval=3045558440 TSecr=2916038663"
"43536","34.586852331","192.168.1.2","192.168.1.55","TCP","66","36362  >  8004 [ACK] Seq=141 Ack=5982 Win=76800 Len=0 TSval=3045558440 TSecr=2916038663"
"43537","34.586913757","192.168.1.55","192.168.1.2","TCP","1514","8004  >  36362 [ACK] Seq=16118 Ack=141 Win=65024 Len=1448 TSval=2916038667 TSecr=3045558440 [TCP segment of a reassembled PDU]"
"43538","34.586919571","192.168.1.55","192.168.1.2","TCP","1514","8004  >  36362 [ACK] Seq=17566 Ack=141 Win=65024 Len=1448 TSval=2916038667 TSecr=3045558440 [TCP segment of a reassembled PDU]"
"43539","34.586924442","192.168.1.55","192.168.1.2","TCP","1514","8004  >  36362 [ACK] Seq=19014 Ack=141 Win=65024 Len=1448 TSval=2916038667 TSecr=3045558440 [TCP segment of a reassembled PDU]"
"43540","34.586928220","192.168.1.55","192.168.1.2","TCP","1514","8004  >  36362 [ACK] Seq=20462 Ack=141 Win=65024 Len=1448 TSval=2916038667 TSecr=3045558440 [TCP segment of a reassembled PDU]"
"43541","34.586931071","192.168.1.55","192.168.1.2","TCP","1514","8004  >  36362 [ACK] Seq=21910 Ack=141 Win=65024 Len=1448 TSval=2916038667 TSecr=3045558440 [TCP segment of a reassembled PDU]"
"43542","34.586933923","192.168.1.55","192.168.1.2","TCP","1514","8004  >  36362 [ACK] Seq=23358 Ack=141 Win=65024 Len=1448 TSval=2916038667 TSecr=3045558440 [TCP segment of a reassembled PDU]"
"43543","34.586936090","192.168.1.55","192.168.1.2","TCP","1514","8004  >  36362 [PSH, ACK] Seq=24806 Ack=141 Win=65024 Len=1448 TSval=2916038667 TSecr=3045558440 [TCP segment of a reassembled PDU]"
"43544","34.587527406","192.168.1.2","192.168.1.55","TCP","66","36362  >  8004 [ACK] Seq=141 Ack=7430 Win=79872 Len=0 TSval=3045558441 TSecr=2916038663"
"43545","34.587578628","192.168.1.2","192.168.1.55","TCP","66","36362  >  8004 [ACK] Seq=141 Ack=13222 Win=79872 Len=0 TSval=3045558441 TSecr=2916038663"
"43546","34.587619850","192.168.1.55","192.168.1.2","TCP","1514","8004  >  36362 [ACK] Seq=26254 Ack=141 Win=65024 Len=1448 TSval=2916038668 TSecr=3045558441 [TCP segment of a reassembled PDU]"
"43547","34.587623906","192.168.1.55","192.168.1.2","TCP","1514","8004  >  36362 [ACK] Seq=27702 Ack=141 Win=65024 Len=1448 TSval=2916038668 TSecr=3045558441 [TCP segment of a reassembled PDU]"
"43548","34.587625480","192.168.1.55","192.168.1.2","TCP","1514","8004  >  36362 [ACK] Seq=29150 Ack=141 Win=65024 Len=1448 TSval=2916038668 TSecr=3045558441 [TCP segment of a reassembled PDU]"
"43549","34.587627202","192.168.1.55","192.168.1.2","TCP","1514","8004  >  36362 [ACK] Seq=30598 Ack=141 Win=65024 Len=1448 TSval=2916038668 TSecr=3045558441 [TCP segment of a reassembled PDU]"
"43550","34.587628832","192.168.1.55","192.168.1.2","TCP","1514","8004  >  36362 [ACK] Seq=32046 Ack=141 Win=65024 Len=1448 TSval=2916038668 TSecr=3045558441 [TCP segment of a reassembled PDU]"
"43551","34.587630647","192.168.1.55","192.168.1.2","TCP","1514","8004  >  36362 [ACK] Seq=33494 Ack=141 Win=65024 Len=1448 TSval=2916038668 TSecr=3045558441 [TCP segment of a reassembled PDU]"
"43552","34.587632276","192.168.1.55","192.168.1.2","TCP","1514","8004  >  36362 [ACK] Seq=34942 Ack=141 Win=65024 Len=1448 TSval=2916038668 TSecr=3045558441 [TCP segment of a reassembled PDU]"
"43553","34.587633961","192.168.1.55","192.168.1.2","TCP","1514","8004  >  36362 [ACK] Seq=36390 Ack=141 Win=65024 Len=1448 TSval=2916038668 TSecr=3045558441 [TCP segment of a reassembled PDU]"
"43554","34.587635424","192.168.1.55","192.168.1.2","TCP","1514","8004  >  36362 [ACK] Seq=37838 Ack=141 Win=65024 Len=1448 TSval=2916038668 TSecr=3045558441 [TCP segment of a reassembled PDU]"
"43555","34.587637610","192.168.1.55","192.168.1.2","TCP","1514","8004  >  36362 [PSH, ACK] Seq=39286 Ack=141 Win=65024 Len=1448 TSval=2916038668 TSecr=3045558441 [TCP segment of a reassembled PDU]"
"43556","34.587655776","192.168.1.55","192.168.1.2","TCP","1514","8004  >  36362 [ACK] Seq=40734 Ack=141 Win=65024 Len=1448 TSval=2916038668 TSecr=3045558441 [TCP segment of a reassembled PDU]"
"43557","34.591953153","192.168.1.2","192.168.1.55","TCP","66","36362  >  8004 [ACK] Seq=141 Ack=16118 Win=84992 Len=0 TSval=3045558446 TSecr=2916038667"
"43558","34.591998283","192.168.1.55","192.168.1.2","TCP","1514","8004  >  36362 [ACK] Seq=42182 Ack=141 Win=65024 Len=1448 TSval=2916038672 TSecr=3045558446 [TCP segment of a reassembled PDU]"
"43559","34.592003654","192.168.1.55","192.168.1.2","TCP","1514","8004  >  36362 [PSH, ACK] Seq=43630 Ack=141 Win=65024 Len=1448 TSval=2916038672 TSecr=3045558446 [TCP segment of a reassembled PDU]"
"43560","34.592222135","192.168.1.2","192.168.1.55","TCP","66","36362  >  8004 [ACK] Seq=141 Ack=24806 Win=84992 Len=0 TSval=3045558446 TSecr=2916038667"
"43561","34.592254210","192.168.1.55","192.168.1.2","TCP","1514","8004  >  36362 [ACK] Seq=45078 Ack=141 Win=65024 Len=1448 TSval=2916038672 TSecr=3045558446 [TCP segment of a reassembled PDU]"
"43562","34.592257876","192.168.1.55","192.168.1.2","TCP","1514","8004  >  36362 [ACK] Seq=46526 Ack=141 Win=65024 Len=1448 TSval=2916038672 TSecr=3045558446 [TCP segment of a reassembled PDU]"
"43563","34.592260228","192.168.1.55","192.168.1.2","TCP","1514","8004  >  36362 [ACK] Seq=47974 Ack=141 Win=65024 Len=1448 TSval=2916038672 TSecr=3045558446 [TCP segment of a reassembled PDU]"
"43564","34.592261543","192.168.1.55","192.168.1.2","TCP","1514","8004  >  36362 [ACK] Seq=49422 Ack=141 Win=65024 Len=1448 TSval=2916038672 TSecr=3045558446 [TCP segment of a reassembled PDU]"
"43565","34.592262895","192.168.1.55","192.168.1.2","TCP","1514","8004  >  36362 [ACK] Seq=50870 Ack=141 Win=65024 Len=1448 TSval=2916038672 TSecr=3045558446 [TCP segment of a reassembled PDU]"
"43566","34.592264469","192.168.1.55","192.168.1.2","TCP","1514","8004  >  36362 [ACK] Seq=52318 Ack=141 Win=65024 Len=1448 TSval=2916038672 TSecr=3045558446 [TCP segment of a reassembled PDU]"
"43567","34.592266543","192.168.1.55","192.168.1.2","TCP","1514","8004  >  36362 [ACK] Seq=53766 Ack=141 Win=65024 Len=1448 TSval=2916038672 TSecr=3045558446 [TCP segment of a reassembled PDU]"
"43568","34.592268321","192.168.1.55","192.168.1.2","TCP","1514","8004  >  36362 [ACK] Seq=55214 Ack=141 Win=65024 Len=1448 TSval=2916038672 TSecr=3045558446 [TCP segment of a reassembled PDU]"
"43569","34.592270413","192.168.1.55","192.168.1.2","TCP","1514","8004  >  36362 [ACK] Seq=56662 Ack=141 Win=65024 Len=1448 TSval=2916038672 TSecr=3045558446 [TCP segment of a reassembled PDU]"
"43570","34.592271710","192.168.1.55","192.168.1.2","TCP","1514","8004  >  36362 [ACK] Seq=58110 Ack=141 Win=65024 Len=1448 TSval=2916038672 TSecr=3045558446 [TCP segment of a reassembled PDU]"
"43571","34.592273284","192.168.1.55","192.168.1.2","TCP","1514","8004  >  36362 [ACK] Seq=59558 Ack=141 Win=65024 Len=1448 TSval=2916038672 TSecr=3045558446 [TCP segment of a reassembled PDU]"
"43572","34.592274876","192.168.1.55","192.168.1.2","TCP","1514","8004  >  36362 [ACK] Seq=61006 Ack=141 Win=65024 Len=1448 TSval=2916038672 TSecr=3045558446 [TCP segment of a reassembled PDU]"
"43573","34.592276358","192.168.1.55","192.168.1.2","TCP","1514","8004  >  36362 [ACK] Seq=62454 Ack=141 Win=65024 Len=1448 TSval=2916038672 TSecr=3045558446 [TCP segment of a reassembled PDU]"
"43574","34.592278191","192.168.1.55","192.168.1.2","TCP","1514","8004  >  36362 [PSH, ACK] Seq=63902 Ack=141 Win=65024 Len=1448 TSval=2916038672 TSecr=3045558446 [TCP segment of a reassembled PDU]"
"43575","34.592282895","192.168.1.2","192.168.1.55","TCP","66","36362  >  8004 [ACK] Seq=141 Ack=26254 Win=88064 Len=0 TSval=3045558446 TSecr=2916038667"
"43576","34.592299117","192.168.1.2","192.168.1.55","TCP","66","36362  >  8004 [ACK] Seq=141 Ack=40734 Win=79872 Len=0 TSval=3045558446 TSecr=2916038668"
"43577","34.592329469","192.168.1.55","192.168.1.2","TCP","1514","8004  >  36362 [ACK] Seq=65350 Ack=141 Win=65024 Len=1448 TSval=2916038673 TSecr=3045558446 [TCP segment of a reassembled PDU]"
"43578","34.592331580","192.168.1.55","192.168.1.2","TCP","1514","8004  >  36362 [ACK] Seq=66798 Ack=141 Win=65024 Len=1448 TSval=2916038673 TSecr=3045558446 [TCP segment of a reassembled PDU]"
"43579","34.592334006","192.168.1.55","192.168.1.2","TCP","1514","8004  >  36362 [ACK] Seq=68246 Ack=141 Win=65024 Len=1448 TSval=2916038673 TSecr=3045558446 [TCP segment of a reassembled PDU]"
"43580","34.592335636","192.168.1.55","192.168.1.2","TCP","1514","8004  >  36362 [ACK] Seq=69694 Ack=141 Win=65024 Len=1448 TSval=2916038673 TSecr=3045558446 [TCP segment of a reassembled PDU]"
"43581","34.592337006","192.168.1.55","192.168.1.2","TCP","1514","8004  >  36362 [ACK] Seq=71142 Ack=141 Win=65024 Len=1448 TSval=2916038673 TSecr=3045558446 [TCP segment of a reassembled PDU]"
"43582","34.592338673","192.168.1.55","192.168.1.2","TCP","1514","8004  >  36362 [ACK] Seq=72590 Ack=141 Win=65024 Len=1448 TSval=2916038673 TSecr=3045558446 [TCP segment of a reassembled PDU]"
"43583","34.592340617","192.168.1.55","192.168.1.2","TCP","1514","8004  >  36362 [ACK] Seq=74038 Ack=141 Win=65024 Len=1448 TSval=2916038673 TSecr=3045558446 [TCP segment of a reassembled PDU]"
"43584","34.592342302","192.168.1.55","192.168.1.2","TCP","1514","8004  >  36362 [PSH, ACK] Seq=75486 Ack=141 Win=65024 Len=1448 TSval=2916038673 TSecr=3045558446 [TCP segment of a reassembled PDU]"
"43585","34.592384117","192.168.1.55","192.168.1.2","TCP","1514","8004  >  36362 [ACK] Seq=76934 Ack=141 Win=65024 Len=1448 TSval=2916038673 TSecr=3045558446 [TCP segment of a reassembled PDU]"
"43586","34.592386710","192.168.1.55","192.168.1.2","TCP","1514","8004  >  36362 [ACK] Seq=78382 Ack=141 Win=65024 Len=1448 TSval=2916038673 TSecr=3045558446 [TCP segment of a reassembled PDU]"
"43587","34.592388747","192.168.1.55","192.168.1.2","TCP","1514","8004  >  36362 [ACK] Seq=79830 Ack=141 Win=65024 Len=1448 TSval=2916038673 TSecr=3045558446 [TCP segment of a reassembled PDU]"
"43588","34.592391302","192.168.1.55","192.168.1.2","TCP","1514","8004  >  36362 [ACK] Seq=81278 Ack=141 Win=65024 Len=1448 TSval=2916038673 TSecr=3045558446 [TCP segment of a reassembled PDU]"
"43589","34.592393339","192.168.1.55","192.168.1.2","TCP","1514","8004  >  36362 [ACK] Seq=82726 Ack=141 Win=65024 Len=1448 TSval=2916038673 TSecr=3045558446 [TCP segment of a reassembled PDU]"
"43590","34.592394673","192.168.1.55","192.168.1.2","TCP","1514","8004  >  36362 [ACK] Seq=84174 Ack=141 Win=65024 Len=1448 TSval=2916038673 TSecr=3045558446 [TCP segment of a reassembled PDU]"
"43591","34.592396247","192.168.1.55","192.168.1.2","TCP","1514","8004  >  36362 [ACK] Seq=85622 Ack=141 Win=65024 Len=1448 TSval=2916038673 TSecr=3045558446 [TCP segment of a reassembled PDU]"
"43592","34.592398562","192.168.1.55","192.168.1.2","TCP","1514","8004  >  36362 [ACK] Seq=87070 Ack=141 Win=65024 Len=1448 TSval=2916038673 TSecr=3045558446 [TCP segment of a reassembled PDU]"
"43593","34.592400339","192.168.1.55","192.168.1.2","TCP","1514","8004  >  36362 [ACK] Seq=88518 Ack=141 Win=65024 Len=1448 TSval=2916038673 TSecr=3045558446 [TCP segment of a reassembled PDU]"
"43594","34.592401691","192.168.1.55","192.168.1.2","TCP","1514","8004  >  36362 [ACK] Seq=89966 Ack=141 Win=65024 Len=1448 TSval=2916038673 TSecr=3045558446 [TCP segment of a reassembled PDU]"
"43595","34.592403099","192.168.1.55","192.168.1.2","TCP","1514","8004  >  36362 [ACK] Seq=91414 Ack=141 Win=65024 Len=1448 TSval=2916038673 TSecr=3045558446 [TCP segment of a reassembled PDU]"
"43596","34.592405599","192.168.1.55","192.168.1.2","TCP","1514","8004  >  36362 [ACK] Seq=92862 Ack=141 Win=65024 Len=1448 TSval=2916038673 TSecr=3045558446 [TCP segment of a reassembled PDU]"
"43597","34.592407784","192.168.1.55","192.168.1.2","TCP","1514","8004  >  36362 [ACK] Seq=94310 Ack=141 Win=65024 Len=1448 TSval=2916038673 TSecr=3045558446 [TCP segment of a reassembled PDU]"
"43598","34.592409173","192.168.1.55","192.168.1.2","TCP","1514","8004  >  36362 [PSH, ACK] Seq=95758 Ack=141 Win=65024 Len=1448 TSval=2916038673 TSecr=3045558446 [TCP segment of a reassembled PDU]"
"43599","34.592415154","192.168.1.2","192.168.1.55","TCP","66","36362  >  8004 [ACK] Seq=141 Ack=42182 Win=78848 Len=0 TSval=3045558446 TSecr=2916038668"
"43600","34.593631230","192.168.1.55","192.168.1.2","TCP","1514","8004  >  36362 [ACK] Seq=97206 Ack=141 Win=65024 Len=1448 TSval=2916038674 TSecr=3045558446 [TCP segment of a reassembled PDU]"
"43601","34.593634915","192.168.1.55","192.168.1.2","TCP","1514","8004  >  36362 [PSH, ACK] Seq=98654 Ack=141 Win=65024 Len=1448 TSval=2916038674 TSecr=3045558446 [TCP segment of a reassembled PDU]"
"43602","34.596656920","192.168.1.2","192.168.1.55","TCP","66","36362  >  8004 [ACK] Seq=141 Ack=43630 Win=90112 Len=0 TSval=3045558449 TSecr=2916038672"
"43603","34.596674198","192.168.1.55","192.168.1.2","TCP","1514","8004  >  36362 [ACK] Seq=100102 Ack=141 Win=65024 Len=1448 TSval=2916038677 TSecr=3045558449 [TCP segment of a reassembled PDU]"
"43604","34.596677328","192.168.1.55","192.168.1.2","TCP","1514","8004  >  36362 [PSH, ACK] Seq=101550 Ack=141 Win=65024 Len=1448 TSval=2916038677 TSecr=3045558449 [TCP segment of a reassembled PDU]"
"43605","34.596863235","192.168.1.2","192.168.1.55","TCP","66","36362  >  8004 [ACK] Seq=141 Ack=45078 Win=90112 Len=0 TSval=3045558449 TSecr=2916038672"
"43606","34.598261608","192.168.1.2","192.168.1.55","TCP","66","36362  >  8004 [ACK] Seq=141 Ack=65350 Win=71680 Len=0 TSval=3045558452 TSecr=2916038672"
"43607","34.598298145","192.168.1.55","192.168.1.2","TCP","1514","8004  >  36362 [ACK] Seq=102998 Ack=141 Win=65024 Len=1448 TSval=2916038678 TSecr=3045558452 [TCP segment of a reassembled PDU]"
"43608","34.598302090","192.168.1.55","192.168.1.2","TCP","1514","8004  >  36362 [ACK] Seq=104446 Ack=141 Win=65024 Len=1448 TSval=2916038678 TSecr=3045558452 [TCP segment of a reassembled PDU]"
"43609","34.598303293","192.168.1.55","192.168.1.2","TCP","1514","8004  >  36362 [ACK] Seq=105894 Ack=141 Win=65024 Len=1448 TSval=2916038678 TSecr=3045558452 [TCP segment of a reassembled PDU]"
"43610","34.598304441","192.168.1.55","192.168.1.2","TCP","1514","8004  >  36362 [ACK] Seq=107342 Ack=141 Win=65024 Len=1448 TSval=2916038678 TSecr=3045558452 [TCP segment of a reassembled PDU]"
"43611","34.598305682","192.168.1.55","192.168.1.2","TCP","1514","8004  >  36362 [ACK] Seq=108790 Ack=141 Win=65024 Len=1448 TSval=2916038678 TSecr=3045558452 [TCP segment of a reassembled PDU]"
"43612","34.598306867","192.168.1.55","192.168.1.2","TCP","1514","8004  >  36362 [ACK] Seq=110238 Ack=141 Win=65024 Len=1448 TSval=2916038678 TSecr=3045558452 [TCP segment of a reassembled PDU]"
"43613","34.598308071","192.168.1.55","192.168.1.2","TCP","1514","8004  >  36362 [ACK] Seq=111686 Ack=141 Win=65024 Len=1448 TSval=2916038678 TSecr=3045558452 [TCP segment of a reassembled PDU]"
"43614","34.598309312","192.168.1.55","192.168.1.2","TCP","1514","8004  >  36362 [ACK] Seq=113134 Ack=141 Win=65024 Len=1448 TSval=2916038678 TSecr=3045558452 [TCP segment of a reassembled PDU]"
"43615","34.598310441","192.168.1.55","192.168.1.2","TCP","1514","8004  >  36362 [PSH, ACK] Seq=114582 Ack=141 Win=65024 Len=1448 TSval=2916038678 TSecr=3045558452 [TCP segment of a reassembled PDU]"
"43616","34.598379108","192.168.1.2","192.168.1.55","TCP","66","36362  >  8004 [ACK] Seq=141 Ack=76934 Win=60416 Len=0 TSval=3045558452 TSecr=2916038673"
"43617","34.598423553","192.168.1.55","192.168.1.2","TCP","1514","8004  >  36362 [ACK] Seq=116030 Ack=141 Win=65024 Len=1448 TSval=2916038679 TSecr=3045558452 [TCP segment of a reassembled PDU]"
"43618","34.598425627","192.168.1.55","192.168.1.2","TCP","1514","8004  >  36362 [ACK] Seq=117478 Ack=141 Win=65024 Len=1448 TSval=2916038679 TSecr=3045558452 [TCP segment of a reassembled PDU]"
"43619","34.598426793","192.168.1.55","192.168.1.2","TCP","1514","8004  >  36362 [ACK] Seq=118926 Ack=141 Win=65024 Len=1448 TSval=2916038679 TSecr=3045558452 [TCP segment of a reassembled PDU]"
"43620","34.598428108","192.168.1.55","192.168.1.2","TCP","1514","8004  >  36362 [ACK] Seq=120374 Ack=141 Win=65024 Len=1448 TSval=2916038679 TSecr=3045558452 [TCP segment of a reassembled PDU]"
"43621","34.598429219","192.168.1.55","192.168.1.2","TCP","1514","8004  >  36362 [ACK] Seq=121822 Ack=141 Win=65024 Len=1448 TSval=2916038679 TSecr=3045558452 [TCP segment of a reassembled PDU]"
"43622","34.598430627","192.168.1.55","192.168.1.2","TCP","1514","8004  >  36362 [ACK] Seq=123270 Ack=141 Win=65024 Len=1448 TSval=2916038679 TSecr=3045558452 [TCP segment of a reassembled PDU]"
"43623","34.598432090","192.168.1.55","192.168.1.2","TCP","1514","8004  >  36362 [ACK] Seq=124718 Ack=141 Win=65024 Len=1448 TSval=2916038679 TSecr=3045558452 [TCP segment of a reassembled PDU]"
"43624","34.598433201","192.168.1.55","192.168.1.2","TCP","1514","8004  >  36362 [ACK] Seq=126166 Ack=141 Win=65024 Len=1448 TSval=2916038679 TSecr=3045558452 [TCP segment of a reassembled PDU]"
"43625","34.598434534","192.168.1.55","192.168.1.2","TCP","1514","8004  >  36362 [ACK] Seq=127614 Ack=141 Win=65024 Len=1448 TSval=2916038679 TSecr=3045558452 [TCP segment of a reassembled PDU]"
"43626","34.598435645","192.168.1.55","192.168.1.2","TCP","1514","8004  >  36362 [ACK] Seq=129062 Ack=141 Win=65024 Len=1448 TSval=2916038679 TSecr=3045558452 [TCP segment of a reassembled PDU]"
"43627","34.598437423","192.168.1.55","192.168.1.2","TCP","1514","8004  >  36362 [ACK] Seq=130510 Ack=141 Win=65024 Len=1448 TSval=2916038679 TSecr=3045558452 [TCP segment of a reassembled PDU]"
"43628","34.598438664","192.168.1.55","192.168.1.2","TCP","1514","8004  >  36362 [ACK] Seq=131958 Ack=141 Win=65024 Len=1448 TSval=2916038679 TSecr=3045558452 [TCP segment of a reassembled PDU]"
"43629","34.598439775","192.168.1.55","192.168.1.2","TCP","1514","8004  >  36362 [ACK] Seq=133406 Ack=141 Win=65024 Len=1448 TSval=2916038679 TSecr=3045558452 [TCP segment of a reassembled PDU]"
"43630","34.598440960","192.168.1.55","192.168.1.2","TCP","1514","8004  >  36362 [ACK] Seq=134854 Ack=141 Win=65024 Len=1448 TSval=2916038679 TSecr=3045558452 [TCP segment of a reassembled PDU]"
"43631","34.598442090","192.168.1.55","192.168.1.2","TCP","1114","[TCP Window Full] 8004  >  36362 [PSH, ACK] Seq=136302 Ack=141 Win=65024 Len=1048 TSval=2916038679 TSecr=3045558452 [TCP segment of a reassembled PDU]"
"43632","34.598446960","192.168.1.2","192.168.1.55","TCP","66","36362  >  8004 [ACK] Seq=141 Ack=94310 Win=74752 Len=0 TSval=3045558452 TSecr=2916038673"
"43633","34.598504016","192.168.1.55","192.168.1.2","TCP","1514","8004  >  36362 [ACK] Seq=137350 Ack=141 Win=65024 Len=1448 TSval=2916038679 TSecr=3045558452 [TCP segment of a reassembled PDU]"
"43634","34.598508886","192.168.1.55","192.168.1.2","TCP","1514","8004  >  36362 [ACK] Seq=138798 Ack=141 Win=65024 Len=1448 TSval=2916038679 TSecr=3045558452 [TCP segment of a reassembled PDU]"
"43635","34.598510016","192.168.1.55","192.168.1.2","TCP","1514","8004  >  36362 [ACK] Seq=140246 Ack=141 Win=65024 Len=1448 TSval=2916038679 TSecr=3045558452 [TCP segment of a reassembled PDU]"
"43636","34.598511331","192.168.1.55","192.168.1.2","TCP","1514","8004  >  36362 [ACK] Seq=141694 Ack=141 Win=65024 Len=1448 TSval=2916038679 TSecr=3045558452 [TCP segment of a reassembled PDU]"
"43637","34.598512423","192.168.1.55","192.168.1.2","TCP","1514","8004  >  36362 [ACK] Seq=143142 Ack=141 Win=65024 Len=1448 TSval=2916038679 TSecr=3045558452 [TCP segment of a reassembled PDU]"
"43638","34.598513571","192.168.1.55","192.168.1.2","TCP","1514","8004  >  36362 [ACK] Seq=144590 Ack=141 Win=65024 Len=1448 TSval=2916038679 TSecr=3045558452 [TCP segment of a reassembled PDU]"
"43639","34.598514794","192.168.1.55","192.168.1.2","TCP","1514","8004  >  36362 [ACK] Seq=146038 Ack=141 Win=65024 Len=1448 TSval=2916038679 TSecr=3045558452 [TCP segment of a reassembled PDU]"
"43640","34.598515868","192.168.1.55","192.168.1.2","TCP","1514","8004  >  36362 [ACK] Seq=147486 Ack=141 Win=65024 Len=1448 TSval=2916038679 TSecr=3045558452 [TCP segment of a reassembled PDU]"
"43641","34.598517238","192.168.1.55","192.168.1.2","TCP","1514","8004  >  36362 [ACK] Seq=148934 Ack=141 Win=65024 Len=1448 TSval=2916038679 TSecr=3045558452 [TCP segment of a reassembled PDU]"
"43642","34.598518405","192.168.1.55","192.168.1.2","TCP","1514","8004  >  36362 [ACK] Seq=150382 Ack=141 Win=65024 Len=1448 TSval=2916038679 TSecr=3045558452 [TCP segment of a reassembled PDU]"
"43643","34.598519497","192.168.1.55","192.168.1.2","TCP","1514","8004  >  36362 [ACK] Seq=151830 Ack=141 Win=65024 Len=1448 TSval=2916038679 TSecr=3045558452 [TCP segment of a reassembled PDU]"
"43644","34.598520664","192.168.1.55","192.168.1.2","TCP","1514","8004  >  36362 [PSH, ACK] Seq=153278 Ack=141 Win=65024 Len=1448 TSval=2916038679 TSecr=3045558452 [TCP segment of a reassembled PDU]"
"43645","34.598527516","192.168.1.55","192.168.1.2","TCP","466","8004  >  36362 [ACK] Seq=154726 Ack=141 Win=65024 Len=400 TSval=2916038679 TSecr=3045558452 [TCP segment of a reassembled PDU]"
"43646","34.600676908","192.168.1.2","192.168.1.55","TCP","66","36362  >  8004 [ACK] Seq=141 Ack=97206 Win=88064 Len=0 TSval=3045558453 TSecr=2916038673"
"43647","34.600723223","192.168.1.55","192.168.1.2","TCP","1514","8004  >  36362 [ACK] Seq=155126 Ack=141 Win=65024 Len=1448 TSval=2916038681 TSecr=3045558453 [TCP segment of a reassembled PDU]"
"43648","34.600726797","192.168.1.55","192.168.1.2","TCP","1514","8004  >  36362 [ACK] Seq=156574 Ack=141 Win=65024 Len=1448 TSval=2916038681 TSecr=3045558453 [TCP segment of a reassembled PDU]"
"43649","34.600727927","192.168.1.55","192.168.1.2","TCP","1514","8004  >  36362 [ACK] Seq=158022 Ack=141 Win=65024 Len=1448 TSval=2916038681 TSecr=3045558453 [TCP segment of a reassembled PDU]"
"43650","34.600729019","192.168.1.55","192.168.1.2","TCP","1514","8004  >  36362 [ACK] Seq=159470 Ack=141 Win=65024 Len=1448 TSval=2916038681 TSecr=3045558453 [TCP segment of a reassembled PDU]"
"43651","34.600730279","192.168.1.55","192.168.1.2","TCP","1514","8004  >  36362 [ACK] Seq=160918 Ack=141 Win=65024 Len=1448 TSval=2916038681 TSecr=3045558453 [TCP segment of a reassembled PDU]"
"43652","34.600731482","192.168.1.55","192.168.1.2","TCP","1514","8004  >  36362 [ACK] Seq=162366 Ack=141 Win=65024 Len=1448 TSval=2916038681 TSecr=3045558453 [TCP segment of a reassembled PDU]"
"43653","34.600732742","192.168.1.55","192.168.1.2","TCP","1514","8004  >  36362 [ACK] Seq=163814 Ack=141 Win=65024 Len=1448 TSval=2916038681 TSecr=3045558453 [TCP segment of a reassembled PDU]"
"43654","34.600733834","192.168.1.55","192.168.1.2","TCP","1514","8004  >  36362 [ACK] Seq=165262 Ack=141 Win=65024 Len=1448 TSval=2916038681 TSecr=3045558453 [TCP segment of a reassembled PDU]"
"43655","34.600735075","192.168.1.55","192.168.1.2","TCP","1514","8004  >  36362 [ACK] Seq=166710 Ack=141 Win=65024 Len=1448 TSval=2916038681 TSecr=3045558453 [TCP segment of a reassembled PDU]"
"43656","34.600736279","192.168.1.55","192.168.1.2","TCP","1514","8004  >  36362 [ACK] Seq=168158 Ack=141 Win=65024 Len=1448 TSval=2916038681 TSecr=3045558453 [TCP segment of a reassembled PDU]"
"43657","34.600737390","192.168.1.55","192.168.1.2","TCP","1514","8004  >  36362 [ACK] Seq=169606 Ack=141 Win=65024 Len=1448 TSval=2916038681 TSecr=3045558453 [TCP segment of a reassembled PDU]"
"43658","34.600738519","192.168.1.55","192.168.1.2","TCP","1514","8004  >  36362 [ACK] Seq=171054 Ack=141 Win=65024 Len=1448 TSval=2916038681 TSecr=3045558453 [TCP segment of a reassembled PDU]"
"43659","34.600739779","192.168.1.55","192.168.1.2","TCP","1514","8004  >  36362 [ACK] Seq=172502 Ack=141 Win=65024 Len=1448 TSval=2916038681 TSecr=3045558453 [TCP segment of a reassembled PDU]"
"43660","34.600740834","192.168.1.55","192.168.1.2","TCP","1514","8004  >  36362 [ACK] Seq=173950 Ack=141 Win=65024 Len=1448 TSval=2916038681 TSecr=3045558453 [TCP segment of a reassembled PDU]"
"43661","34.600742168","192.168.1.55","192.168.1.2","TCP","1514","8004  >  36362 [ACK] Seq=175398 Ack=141 Win=65024 Len=1448 TSval=2916038681 TSecr=3045558453 [TCP segment of a reassembled PDU]"
"43662","34.600743297","192.168.1.55","192.168.1.2","TCP","1514","8004  >  36362 [ACK] Seq=176846 Ack=141 Win=65024 Len=1448 TSval=2916038681 TSecr=3045558453 [TCP segment of a reassembled PDU]"
"43663","34.600744445","192.168.1.55","192.168.1.2","TCP","1514","8004  >  36362 [ACK] Seq=178294 Ack=141 Win=65024 Len=1448 TSval=2916038681 TSecr=3045558453 [TCP segment of a reassembled PDU]"
"43664","34.600745575","192.168.1.55","192.168.1.2","TCP","1514","8004  >  36362 [ACK] Seq=179742 Ack=141 Win=65024 Len=1448 TSval=2916038681 TSecr=3045558453 [TCP segment of a reassembled PDU]"
"43665","34.600747038","192.168.1.55","192.168.1.2","TCP","1514","8004  >  36362 [ACK] Seq=181190 Ack=141 Win=65024 Len=1448 TSval=2916038681 TSecr=3045558453 [TCP segment of a reassembled PDU]"
"43666","34.600748390","192.168.1.55","192.168.1.2","TCP","1514","8004  >  36362 [PSH, ACK] Seq=182638 Ack=141 Win=65024 Len=1448 TSval=2916038681 TSecr=3045558453 [TCP segment of a reassembled PDU]"
"43667","34.602540133","192.168.1.2","192.168.1.55","TCP","66","36362  >  8004 [ACK] Seq=141 Ack=100102 Win=89088 Len=0 TSval=3045558453 TSecr=2916038674"
"43668","34.602561078","192.168.1.55","192.168.1.2","TCP","1514","8004  >  36362 [ACK] Seq=184086 Ack=141 Win=65024 Len=1448 TSval=2916038683 TSecr=3045558453 [TCP segment of a reassembled PDU]"
"43669","34.602563726","192.168.1.55","192.168.1.2","TCP","1514","8004  >  36362 [ACK] Seq=185534 Ack=141 Win=65024 Len=1448 TSval=2916038683 TSecr=3045558453 [TCP segment of a reassembled PDU]"
"43670","34.602564837","192.168.1.55","192.168.1.2","TCP","1514","8004  >  36362 [PSH, ACK] Seq=186982 Ack=141 Win=65024 Len=1448 TSval=2916038683 TSecr=3045558453 [TCP segment of a reassembled PDU]"
"43671","34.605560546","192.168.1.2","192.168.1.55","TCP","66","36362  >  8004 [ACK] Seq=141 Ack=102998 Win=87040 Len=0 TSval=3045558455 TSecr=2916038677"
"43672","34.605574786","192.168.1.55","192.168.1.2","TCP","1514","8004  >  36362 [ACK] Seq=188430 Ack=141 Win=65024 Len=1448 TSval=2916038686 TSecr=3045558455 [TCP segment of a reassembled PDU]"
"43673","34.605743083","192.168.1.2","192.168.1.55","TCP","66","36362  >  8004 [ACK] Seq=141 Ack=116030 Win=78848 Len=0 TSval=3045558458 TSecr=2916038678"
"43674","34.605753435","192.168.1.2","192.168.1.55","TCP","66","36362  >  8004 [ACK] Seq=141 Ack=137350 Win=58368 Len=0 TSval=3045558458 TSecr=2916038679"
"43675","34.605761138","192.168.1.2","192.168.1.55","TCP","66","36362  >  8004 [ACK] Seq=141 Ack=151830 Win=57344 Len=0 TSval=3045558458 TSecr=2916038679"
"43676","34.605773768","192.168.1.55","192.168.1.2","TCP","1514","8004  >  36362 [ACK] Seq=189878 Ack=141 Win=65024 Len=1448 TSval=2916038686 TSecr=3045558458 [TCP segment of a reassembled PDU]"
"43677","34.605776231","192.168.1.55","192.168.1.2","TCP","1514","8004  >  36362 [ACK] Seq=191326 Ack=141 Win=65024 Len=1448 TSval=2916038686 TSecr=3045558458 [TCP segment of a reassembled PDU]"
"43678","34.605777416","192.168.1.55","192.168.1.2","TCP","1514","8004  >  36362 [ACK] Seq=192774 Ack=141 Win=65024 Len=1448 TSval=2916038686 TSecr=3045558458 [TCP segment of a reassembled PDU]"
"43679","34.605778657","192.168.1.55","192.168.1.2","TCP","1514","8004  >  36362 [ACK] Seq=194222 Ack=141 Win=65024 Len=1448 TSval=2916038686 TSecr=3045558458 [TCP segment of a reassembled PDU]"
"43680","34.605779768","192.168.1.55","192.168.1.2","TCP","1514","8004  >  36362 [ACK] Seq=195670 Ack=141 Win=65024 Len=1448 TSval=2916038686 TSecr=3045558458 [TCP segment of a reassembled PDU]"
"43681","34.605780990","192.168.1.55","192.168.1.2","TCP","1514","8004  >  36362 [PSH, ACK] Seq=197118 Ack=141 Win=65024 Len=1448 TSval=2916038686 TSecr=3045558458 [TCP segment of a reassembled PDU]"
"43682","34.607388160","192.168.1.2","192.168.1.55","TCP","66","36362  >  8004 [ACK] Seq=141 Ack=154726 Win=88064 Len=0 TSval=3045558461 TSecr=2916038679"
"43683","34.607426474","192.168.1.55","192.168.1.2","TCP","1514","8004  >  36362 [ACK] Seq=198566 Ack=141 Win=65024 Len=1448 TSval=2916038688 TSecr=3045558461 [TCP segment of a reassembled PDU]"
"43684","34.607429289","192.168.1.55","192.168.1.2","TCP","1514","8004  >  36362 [ACK] Seq=200014 Ack=141 Win=65024 Len=1448 TSval=2916038688 TSecr=3045558461 [TCP segment of a reassembled PDU]"
"43685","34.607430734","192.168.1.55","192.168.1.2","TCP","1514","8004  >  36362 [ACK] Seq=201462 Ack=141 Win=65024 Len=1448 TSval=2916038688 TSecr=3045558461 [TCP segment of a reassembled PDU]"
"43686","34.607432104","192.168.1.55","192.168.1.2","TCP","1514","8004  >  36362 [ACK] Seq=202910 Ack=141 Win=65024 Len=1448 TSval=2916038688 TSecr=3045558461 [TCP segment of a reassembled PDU]"
"43687","34.607433308","192.168.1.55","192.168.1.2","TCP","1514","8004  >  36362 [ACK] Seq=204358 Ack=141 Win=65024 Len=1448 TSval=2916038688 TSecr=3045558461 [TCP segment of a reassembled PDU]"
"43688","34.607434437","192.168.1.55","192.168.1.2","TCP","1514","8004  >  36362 [ACK] Seq=205806 Ack=141 Win=65024 Len=1448 TSval=2916038688 TSecr=3045558461 [TCP segment of a reassembled PDU]"
"43689","34.607435530","192.168.1.55","192.168.1.2","TCP","1514","8004  >  36362 [ACK] Seq=207254 Ack=141 Win=65024 Len=1448 TSval=2916038688 TSecr=3045558461 [TCP segment of a reassembled PDU]"
"43690","34.607437012","192.168.1.55","192.168.1.2","TCP","1514","8004  >  36362 [ACK] Seq=208702 Ack=141 Win=65024 Len=1448 TSval=2916038688 TSecr=3045558461 [TCP segment of a reassembled PDU]"
"43691","34.607438141","192.168.1.55","192.168.1.2","TCP","1514","8004  >  36362 [ACK] Seq=210150 Ack=141 Win=65024 Len=1448 TSval=2916038688 TSecr=3045558461 [TCP segment of a reassembled PDU]"
"43692","34.607439456","192.168.1.55","192.168.1.2","TCP","1514","8004  >  36362 [ACK] Seq=211598 Ack=141 Win=65024 Len=1448 TSval=2916038688 TSecr=3045558461 [TCP segment of a reassembled PDU]"
"43693","34.607440623","192.168.1.55","192.168.1.2","TCP","1514","8004  >  36362 [ACK] Seq=213046 Ack=141 Win=65024 Len=1448 TSval=2916038688 TSecr=3045558461 [TCP segment of a reassembled PDU]"
"43694","34.607441734","192.168.1.55","192.168.1.2","TCP","1514","8004  >  36362 [ACK] Seq=214494 Ack=141 Win=65024 Len=1448 TSval=2916038688 TSecr=3045558461 [TCP segment of a reassembled PDU]"
"43695","34.607442974","192.168.1.55","192.168.1.2","TCP","1514","8004  >  36362 [ACK] Seq=215942 Ack=141 Win=65024 Len=1448 TSval=2916038688 TSecr=3045558461 [TCP segment of a reassembled PDU]"
"43696","34.607444604","192.168.1.55","192.168.1.2","TCP","1514","8004  >  36362 [ACK] Seq=217390 Ack=141 Win=65024 Len=1448 TSval=2916038688 TSecr=3045558461 [TCP segment of a reassembled PDU]"
"43697","34.607445826","192.168.1.55","192.168.1.2","TCP","1514","8004  >  36362 [ACK] Seq=218838 Ack=141 Win=65024 Len=1448 TSval=2916038688 TSecr=3045558461 [TCP segment of a reassembled PDU]"
"43698","34.607446937","192.168.1.55","192.168.1.2","TCP","1514","8004  >  36362 [ACK] Seq=220286 Ack=141 Win=65024 Len=1448 TSval=2916038688 TSecr=3045558461 [TCP segment of a reassembled PDU]"
"43699","34.607448030","192.168.1.55","192.168.1.2","TCP","1514","8004  >  36362 [ACK] Seq=221734 Ack=141 Win=65024 Len=1448 TSval=2916038688 TSecr=3045558461 [TCP segment of a reassembled PDU]"
"43700","34.607449326","192.168.1.55","192.168.1.2","TCP","1514","8004  >  36362 [ACK] Seq=223182 Ack=141 Win=65024 Len=1448 TSval=2916038688 TSecr=3045558461 [TCP segment of a reassembled PDU]"
"43701","34.607450678","192.168.1.55","192.168.1.2","TCP","1514","8004  >  36362 [ACK] Seq=224630 Ack=141 Win=65024 Len=1448 TSval=2916038688 TSecr=3045558461 [TCP segment of a reassembled PDU]"
"43702","34.607451975","192.168.1.55","192.168.1.2","TCP","1514","8004  >  36362 [ACK] Seq=226078 Ack=141 Win=65024 Len=1448 TSval=2916038688 TSecr=3045558461 [TCP segment of a reassembled PDU]"
"43703","34.607453141","192.168.1.55","192.168.1.2","TCP","1514","8004  >  36362 [ACK] Seq=227526 Ack=141 Win=65024 Len=1448 TSval=2916038688 TSecr=3045558461 [TCP segment of a reassembled PDU]"
"43704","34.607454308","192.168.1.55","192.168.1.2","TCP","1514","8004  >  36362 [ACK] Seq=228974 Ack=141 Win=65024 Len=1448 TSval=2916038688 TSecr=3045558461 [TCP segment of a reassembled PDU]"
"43705","34.607455530","192.168.1.55","192.168.1.2","TCP","1514","8004  >  36362 [ACK] Seq=230422 Ack=141 Win=65024 Len=1448 TSval=2916038688 TSecr=3045558461 [TCP segment of a reassembled PDU]"
"43706","34.607456604","192.168.1.55","192.168.1.2","TCP","1514","8004  >  36362 [ACK] Seq=231870 Ack=141 Win=65024 Len=1448 TSval=2916038688 TSecr=3045558461 [TCP segment of a reassembled PDU]"
"43707","34.607457975","192.168.1.55","192.168.1.2","TCP","1514","8004  >  36362 [ACK] Seq=233318 Ack=141 Win=65024 Len=1448 TSval=2916038688 TSecr=3045558461 [TCP segment of a reassembled PDU]"
"43708","34.607459678","192.168.1.55","192.168.1.2","TCP","1514","8004  >  36362 [ACK] Seq=234766 Ack=141 Win=65024 Len=1448 TSval=2916038688 TSecr=3045558461 [TCP segment of a reassembled PDU]"
"43709","34.607461160","192.168.1.55","192.168.1.2","TCP","1514","8004  >  36362 [ACK] Seq=236214 Ack=141 Win=65024 Len=1448 TSval=2916038688 TSecr=3045558461 [TCP segment of a reassembled PDU]"
"43710","34.607462363","192.168.1.55","192.168.1.2","TCP","1514","8004  >  36362 [ACK] Seq=237662 Ack=141 Win=65024 Len=1448 TSval=2916038688 TSecr=3045558461 [TCP segment of a reassembled PDU]"
"43711","34.607463586","192.168.1.55","192.168.1.2","TCP","1514","8004  >  36362 [ACK] Seq=239110 Ack=141 Win=65024 Len=1448 TSval=2916038688 TSecr=3045558461 [TCP segment of a reassembled PDU]"
"43712","34.607464678","192.168.1.55","192.168.1.2","TCP","1514","8004  >  36362 [PSH, ACK] Seq=240558 Ack=141 Win=65024 Len=1448 TSval=2916038688 TSecr=3045558461 [TCP segment of a reassembled PDU]"
"43713","34.607517938","192.168.1.2","192.168.1.55","TCP","66","36362  >  8004 [ACK] Seq=141 Ack=184086 Win=64512 Len=0 TSval=3045558461 TSecr=2916038679"
"43714","34.607529660","192.168.1.2","192.168.1.55","TCP","66","36362  >  8004 [ACK] Seq=141 Ack=188430 Win=60416 Len=0 TSval=3045558461 TSecr=2916038683"
"43715","34.607550123","192.168.1.55","192.168.1.2","TCP","1514","8004  >  36362 [ACK] Seq=242006 Ack=141 Win=65024 Len=1448 TSval=2916038688 TSecr=3045558461 [TCP segment of a reassembled PDU]"
"43716","34.607552308","192.168.1.55","192.168.1.2","TCP","1514","8004  >  36362 [ACK] Seq=243454 Ack=141 Win=65024 Len=1448 TSval=2916038688 TSecr=3045558461 [TCP segment of a reassembled PDU]"
"43717","34.607553493","192.168.1.55","192.168.1.2","TCP","1514","8004  >  36362 [ACK] Seq=244902 Ack=141 Win=65024 Len=1448 TSval=2916038688 TSecr=3045558461 [TCP segment of a reassembled PDU]"
"43718","34.607555030","192.168.1.55","192.168.1.2","TCP","1514","8004  >  36362 [ACK] Seq=246350 Ack=141 Win=65024 Len=1448 TSval=2916038688 TSecr=3045558461 [TCP segment of a reassembled PDU]"
"43719","34.607556234","192.168.1.55","192.168.1.2","TCP","1114","[TCP Window Full] 8004  >  36362 [PSH, ACK] Seq=247798 Ack=141 Win=65024 Len=1048 TSval=2916038688 TSecr=3045558461 [TCP segment of a reassembled PDU]"
"43720","34.611360999","192.168.1.2","192.168.1.55","TCP","66","36362  >  8004 [ACK] Seq=141 Ack=198566 Win=81920 Len=0 TSval=3045558463 TSecr=2916038686"
"43721","34.611396110","192.168.1.55","192.168.1.2","TCP","1514","8004  >  36362 [ACK] Seq=248846 Ack=141 Win=65024 Len=1448 TSval=2916038692 TSecr=3045558463 [TCP segment of a reassembled PDU]"
"43722","34.611398333","192.168.1.55","192.168.1.2","TCP","1514","8004  >  36362 [ACK] Seq=250294 Ack=141 Win=65024 Len=1448 TSval=2916038692 TSecr=3045558463 [TCP segment of a reassembled PDU]"
"43723","34.611399499","192.168.1.55","192.168.1.2","TCP","1514","8004  >  36362 [ACK] Seq=251742 Ack=141 Win=65024 Len=1448 TSval=2916038692 TSecr=3045558463 [TCP segment of a reassembled PDU]"
"43724","34.611400573","192.168.1.55","192.168.1.2","TCP","1514","8004  >  36362 [ACK] Seq=253190 Ack=141 Win=65024 Len=1448 TSval=2916038692 TSecr=3045558463 [TCP segment of a reassembled PDU]"
"43725","34.611401703","192.168.1.55","192.168.1.2","TCP","1514","8004  >  36362 [ACK] Seq=254638 Ack=141 Win=65024 Len=1448 TSval=2916038692 TSecr=3045558463 [TCP segment of a reassembled PDU]"
"43726","34.611402870","192.168.1.55","192.168.1.2","TCP","1514","8004  >  36362 [ACK] Seq=256086 Ack=141 Win=65024 Len=1448 TSval=2916038692 TSecr=3045558463 [TCP segment of a reassembled PDU]"
"43727","34.611403944","192.168.1.55","192.168.1.2","TCP","1514","8004  >  36362 [ACK] Seq=257534 Ack=141 Win=65024 Len=1448 TSval=2916038692 TSecr=3045558463 [TCP segment of a reassembled PDU]"
"43728","34.611405092","192.168.1.55","192.168.1.2","TCP","1514","8004  >  36362 [ACK] Seq=258982 Ack=141 Win=65024 Len=1448 TSval=2916038692 TSecr=3045558463 [TCP segment of a reassembled PDU]"
"43729","34.611406185","192.168.1.55","192.168.1.2","TCP","1514","8004  >  36362 [ACK] Seq=260430 Ack=141 Win=65024 Len=1448 TSval=2916038692 TSecr=3045558463 [TCP segment of a reassembled PDU]"
"43730","34.611407388","192.168.1.55","192.168.1.2","TCP","1514","8004  >  36362 [ACK] Seq=261878 Ack=141 Win=65024 Len=1448 TSval=2916038692 TSecr=3045558463 [TCP segment of a reassembled PDU]"
"43731","34.611408518","192.168.1.55","192.168.1.2","TCP","1514","8004  >  36362 [ACK] Seq=263326 Ack=141 Win=65024 Len=1448 TSval=2916038692 TSecr=3045558463 [TCP segment of a reassembled PDU]"
"43732","34.611409555","192.168.1.55","192.168.1.2","TCP","1514","8004  >  36362 [ACK] Seq=264774 Ack=141 Win=65024 Len=1448 TSval=2916038692 TSecr=3045558463 [TCP segment of a reassembled PDU]"
"43733","34.611410851","192.168.1.55","192.168.1.2","TCP","1514","8004  >  36362 [ACK] Seq=266222 Ack=141 Win=65024 Len=1448 TSval=2916038692 TSecr=3045558463 [TCP segment of a reassembled PDU]"
"43734","34.611412240","192.168.1.55","192.168.1.2","TCP","1514","8004  >  36362 [ACK] Seq=267670 Ack=141 Win=65024 Len=1448 TSval=2916038692 TSecr=3045558463 [TCP segment of a reassembled PDU]"
"43735","34.611413259","192.168.1.55","192.168.1.2","TCP","1514","8004  >  36362 [ACK] Seq=269118 Ack=141 Win=65024 Len=1448 TSval=2916038692 TSecr=3045558463 [TCP segment of a reassembled PDU]"
"43736","34.611414925","192.168.1.55","192.168.1.2","TCP","1514","8004  >  36362 [ACK] Seq=270566 Ack=141 Win=65024 Len=1448 TSval=2916038692 TSecr=3045558463 [TCP segment of a reassembled PDU]"
"43737","34.611415944","192.168.1.55","192.168.1.2","TCP","1514","8004  >  36362 [ACK] Seq=272014 Ack=141 Win=65024 Len=1448 TSval=2916038692 TSecr=3045558463 [TCP segment of a reassembled PDU]"
"43738","34.611417036","192.168.1.55","192.168.1.2","TCP","1514","8004  >  36362 [ACK] Seq=273462 Ack=141 Win=65024 Len=1448 TSval=2916038692 TSecr=3045558463 [TCP segment of a reassembled PDU]"
"43739","34.611418092","192.168.1.55","192.168.1.2","TCP","1514","8004  >  36362 [ACK] Seq=274910 Ack=141 Win=65024 Len=1448 TSval=2916038692 TSecr=3045558463 [TCP segment of a reassembled PDU]"
"43740","34.611419147","192.168.1.55","192.168.1.2","TCP","1514","8004  >  36362 [ACK] Seq=276358 Ack=141 Win=65024 Len=1448 TSval=2916038692 TSecr=3045558463 [TCP segment of a reassembled PDU]"
"43741","34.611420388","192.168.1.55","192.168.1.2","TCP","1514","8004  >  36362 [PSH, ACK] Seq=277806 Ack=141 Win=65024 Len=1448 TSval=2916038692 TSecr=3045558463 [TCP segment of a reassembled PDU]"
"43742","34.615008190","192.168.1.2","192.168.1.55","TCP","66","36362  >  8004 [ACK] Seq=141 Ack=242006 Win=101376 Len=0 TSval=3045558467 TSecr=2916038688"
"43743","34.615032820","192.168.1.55","192.168.1.2","TCP","1514","8004  >  36362 [ACK] Seq=279254 Ack=141 Win=65024 Len=1448 TSval=2916038695 TSecr=3045558467 [TCP segment of a reassembled PDU]"
"43744","34.615036375","192.168.1.55","192.168.1.2","TCP","1514","8004  >  36362 [ACK] Seq=280702 Ack=141 Win=65024 Len=1448 TSval=2916038695 TSecr=3045558467 [TCP segment of a reassembled PDU]"
"43745","34.615037542","192.168.1.55","192.168.1.2","TCP","1514","8004  >  36362 [ACK] Seq=282150 Ack=141 Win=65024 Len=1448 TSval=2916038695 TSecr=3045558467 [TCP segment of a reassembled PDU]"
"43746","34.615038542","192.168.1.55","192.168.1.2","TCP","1514","8004  >  36362 [PSH, ACK] Seq=283598 Ack=141 Win=65024 Len=1448 TSval=2916038695 TSecr=3045558467 [TCP segment of a reassembled PDU]"
"43747","34.615044487","192.168.1.55","192.168.1.2","TCP","466","8004  >  36362 [ACK] Seq=285046 Ack=141 Win=65024 Len=400 TSval=2916038695 TSecr=3045558467 [TCP segment of a reassembled PDU]"
"43748","34.615093209","192.168.1.55","192.168.1.2","TCP","1514","8004  >  36362 [ACK] Seq=285446 Ack=141 Win=65024 Len=1448 TSval=2916038695 TSecr=3045558467 [TCP segment of a reassembled PDU]"
"43749","34.615094931","192.168.1.55","192.168.1.2","TCP","1514","8004  >  36362 [ACK] Seq=286894 Ack=141 Win=65024 Len=1448 TSval=2916038695 TSecr=3045558467 [TCP segment of a reassembled PDU]"
"43750","34.615096579","192.168.1.55","192.168.1.2","TCP","1514","8004  >  36362 [ACK] Seq=288342 Ack=141 Win=65024 Len=1448 TSval=2916038695 TSecr=3045558467 [TCP segment of a reassembled PDU]"
"43751","34.615098227","192.168.1.55","192.168.1.2","TCP","1514","8004  >  36362 [ACK] Seq=289790 Ack=141 Win=65024 Len=1448 TSval=2916038695 TSecr=3045558467 [TCP segment of a reassembled PDU]"
"43752","34.615099376","192.168.1.55","192.168.1.2","TCP","1514","8004  >  36362 [ACK] Seq=291238 Ack=141 Win=65024 Len=1448 TSval=2916038695 TSecr=3045558467 [TCP segment of a reassembled PDU]"
"43753","34.615101061","192.168.1.55","192.168.1.2","TCP","1514","8004  >  36362 [ACK] Seq=292686 Ack=141 Win=65024 Len=1448 TSval=2916038695 TSecr=3045558467 [TCP segment of a reassembled PDU]"
"43754","34.615102172","192.168.1.55","192.168.1.2","TCP","1514","8004  >  36362 [ACK] Seq=294134 Ack=141 Win=65024 Len=1448 TSval=2916038695 TSecr=3045558467 [TCP segment of a reassembled PDU]"
"43755","34.615104190","192.168.1.55","192.168.1.2","TCP","1514","8004  >  36362 [ACK] Seq=295582 Ack=141 Win=65024 Len=1448 TSval=2916038695 TSecr=3045558467 [TCP segment of a reassembled PDU]"
"43756","34.615105320","192.168.1.55","192.168.1.2","TCP","1514","8004  >  36362 [ACK] Seq=297030 Ack=141 Win=65024 Len=1448 TSval=2916038695 TSecr=3045558467 [TCP segment of a reassembled PDU]"
"43757","34.615106987","192.168.1.55","192.168.1.2","TCP","1514","8004  >  36362 [ACK] Seq=298478 Ack=141 Win=65024 Len=1448 TSval=2916038695 TSecr=3045558467 [TCP segment of a reassembled PDU]"
"43758","34.615108357","192.168.1.55","192.168.1.2","TCP","1514","8004  >  36362 [ACK] Seq=299926 Ack=141 Win=65024 Len=1448 TSval=2916038695 TSecr=3045558467 [TCP segment of a reassembled PDU]"
"43759","34.615109746","192.168.1.55","192.168.1.2","TCP","1514","8004  >  36362 [ACK] Seq=301374 Ack=141 Win=65024 Len=1448 TSval=2916038695 TSecr=3045558467 [TCP segment of a reassembled PDU]"
"43760","34.615110857","192.168.1.55","192.168.1.2","TCP","1514","8004  >  36362 [ACK] Seq=302822 Ack=141 Win=65024 Len=1448 TSval=2916038695 TSecr=3045558467 [TCP segment of a reassembled PDU]"
"43761","34.615111950","192.168.1.55","192.168.1.2","TCP","1514","8004  >  36362 [ACK] Seq=304270 Ack=141 Win=65024 Len=1448 TSval=2916038695 TSecr=3045558467 [TCP segment of a reassembled PDU]"
"43762","34.615113190","192.168.1.55","192.168.1.2","TCP","1514","8004  >  36362 [ACK] Seq=305718 Ack=141 Win=65024 Len=1448 TSval=2916038695 TSecr=3045558467 [TCP segment of a reassembled PDU]"
"43763","34.615114635","192.168.1.55","192.168.1.2","TCP","1514","8004  >  36362 [ACK] Seq=307166 Ack=141 Win=65024 Len=1448 TSval=2916038695 TSecr=3045558467 [TCP segment of a reassembled PDU]"
"43764","34.615115820","192.168.1.55","192.168.1.2","TCP","1514","8004  >  36362 [ACK] Seq=308614 Ack=141 Win=65024 Len=1448 TSval=2916038695 TSecr=3045558467 [TCP segment of a reassembled PDU]"
"43765","34.615117302","192.168.1.55","192.168.1.2","TCP","1514","8004  >  36362 [ACK] Seq=310062 Ack=141 Win=65024 Len=1448 TSval=2916038695 TSecr=3045558467 [TCP segment of a reassembled PDU]"
"43766","34.615119172","192.168.1.55","192.168.1.2","TCP","1514","8004  >  36362 [ACK] Seq=311510 Ack=141 Win=65024 Len=1448 TSval=2916038695 TSecr=3045558467 [TCP segment of a reassembled PDU]"
"43767","34.615120653","192.168.1.55","192.168.1.2","TCP","1514","8004  >  36362 [ACK] Seq=312958 Ack=141 Win=65024 Len=1448 TSval=2916038695 TSecr=3045558467 [TCP segment of a reassembled PDU]"
"43768","34.615121783","192.168.1.55","192.168.1.2","TCP","1514","8004  >  36362 [ACK] Seq=314406 Ack=141 Win=65024 Len=1448 TSval=2916038695 TSecr=3045558467 [TCP segment of a reassembled PDU]"
"43769","34.615122913","192.168.1.55","192.168.1.2","TCP","1514","8004  >  36362 [ACK] Seq=315854 Ack=141 Win=65024 Len=1448 TSval=2916038695 TSecr=3045558467 [TCP segment of a reassembled PDU]"
"43770","34.615124709","192.168.1.55","192.168.1.2","TCP","1514","8004  >  36362 [ACK] Seq=317302 Ack=141 Win=65024 Len=1448 TSval=2916038695 TSecr=3045558467 [TCP segment of a reassembled PDU]"
"43771","34.615126153","192.168.1.55","192.168.1.2","TCP","1514","8004  >  36362 [ACK] Seq=318750 Ack=141 Win=65024 Len=1448 TSval=2916038695 TSecr=3045558467 [TCP segment of a reassembled PDU]"
"43772","34.615127487","192.168.1.55","192.168.1.2","TCP","1514","8004  >  36362 [ACK] Seq=320198 Ack=141 Win=65024 Len=1448 TSval=2916038695 TSecr=3045558467 [TCP segment of a reassembled PDU]"
"43773","34.615128950","192.168.1.55","192.168.1.2","TCP","1514","8004  >  36362 [ACK] Seq=321646 Ack=141 Win=65024 Len=1448 TSval=2916038695 TSecr=3045558467 [TCP segment of a reassembled PDU]"
"43774","34.615130135","192.168.1.55","192.168.1.2","TCP","1514","8004  >  36362 [ACK] Seq=323094 Ack=141 Win=65024 Len=1448 TSval=2916038695 TSecr=3045558467 [TCP segment of a reassembled PDU]"
"43775","34.615131320","192.168.1.55","192.168.1.2","TCP","1514","8004  >  36362 [ACK] Seq=324542 Ack=141 Win=65024 Len=1448 TSval=2916038695 TSecr=3045558467 [TCP segment of a reassembled PDU]"
"43776","34.615132487","192.168.1.55","192.168.1.2","TCP","1514","8004  >  36362 [ACK] Seq=325990 Ack=141 Win=65024 Len=1448 TSval=2916038695 TSecr=3045558467 [TCP segment of a reassembled PDU]"
"43777","34.615134320","192.168.1.55","192.168.1.2","TCP","1514","8004  >  36362 [PSH, ACK] Seq=327438 Ack=141 Win=65024 Len=1448 TSval=2916038695 TSecr=3045558467 [TCP segment of a reassembled PDU]"
"43778","34.616369322","192.168.1.2","192.168.1.55","TCP","66","36362  >  8004 [ACK] Seq=141 Ack=247798 Win=96256 Len=0 TSval=3045558467 TSecr=2916038688"
"43779","34.616394007","192.168.1.55","192.168.1.2","TCP","1514","8004  >  36362 [ACK] Seq=328886 Ack=141 Win=65024 Len=1448 TSval=2916038697 TSecr=3045558467 [TCP segment of a reassembled PDU]"
"43780","34.616396563","192.168.1.55","192.168.1.2","TCP","1514","8004  >  36362 [ACK] Seq=330334 Ack=141 Win=65024 Len=1448 TSval=2916038697 TSecr=3045558467 [TCP segment of a reassembled PDU]"
"43781","34.616397989","192.168.1.55","192.168.1.2","TCP","1514","8004  >  36362 [ACK] Seq=331782 Ack=141 Win=65024 Len=1448 TSval=2916038697 TSecr=3045558467 [TCP segment of a reassembled PDU]"
"43782","34.616399155","192.168.1.55","192.168.1.2","TCP","1514","8004  >  36362 [ACK] Seq=333230 Ack=141 Win=65024 Len=1448 TSval=2916038697 TSecr=3045558467 [TCP segment of a reassembled PDU]"
"43783","34.616400415","192.168.1.55","192.168.1.2","TCP","1514","8004  >  36362 [ACK] Seq=334678 Ack=141 Win=65024 Len=1448 TSval=2916038697 TSecr=3045558467 [TCP segment of a reassembled PDU]"
"43784","34.616401859","192.168.1.55","192.168.1.2","TCP","1514","8004  >  36362 [ACK] Seq=336126 Ack=141 Win=65024 Len=1448 TSval=2916038697 TSecr=3045558467 [TCP segment of a reassembled PDU]"
"43785","34.616410415","192.168.1.55","192.168.1.2","TCP","1514","8004  >  36362 [ACK] Seq=337574 Ack=141 Win=65024 Len=1448 TSval=2916038697 TSecr=3045558467 [TCP segment of a reassembled PDU]"
"43786","34.616412007","192.168.1.55","192.168.1.2","TCP","1514","8004  >  36362 [ACK] Seq=339022 Ack=141 Win=65024 Len=1448 TSval=2916038697 TSecr=3045558467 [TCP segment of a reassembled PDU]"
"43787","34.616413748","192.168.1.55","192.168.1.2","TCP","1514","8004  >  36362 [ACK] Seq=340470 Ack=141 Win=65024 Len=1448 TSval=2916038697 TSecr=3045558467 [TCP segment of a reassembled PDU]"
"43788","34.616415026","192.168.1.55","192.168.1.2","TCP","1514","8004  >  36362 [PSH, ACK] Seq=341918 Ack=141 Win=65024 Len=1448 TSval=2916038697 TSecr=3045558467 [TCP segment of a reassembled PDU]"
"43789","34.616419044","192.168.1.2","192.168.1.55","TCP","66","36362  >  8004 [ACK] Seq=141 Ack=248846 Win=104448 Len=0 TSval=3045558469 TSecr=2916038688"
"43790","34.616425118","192.168.1.2","192.168.1.55","TCP","66","36362  >  8004 [ACK] Seq=141 Ack=250294 Win=107520 Len=0 TSval=3045558469 TSecr=2916038692"
"43791","34.616452304","192.168.1.2","192.168.1.55","TCP","66","36362  >  8004 [ACK] Seq=141 Ack=279254 Win=113664 Len=0 TSval=3045558471 TSecr=2916038692"
"43792","34.616496378","192.168.1.55","192.168.1.2","TCP","1514","8004  >  36362 [ACK] Seq=343366 Ack=141 Win=65024 Len=1448 TSval=2916038697 TSecr=3045558471 [TCP segment of a reassembled PDU]"
"43793","34.616498915","192.168.1.55","192.168.1.2","TCP","1514","8004  >  36362 [ACK] Seq=344814 Ack=141 Win=65024 Len=1448 TSval=2916038697 TSecr=3045558471 [TCP segment of a reassembled PDU]"
"43794","34.616501322","192.168.1.55","192.168.1.2","TCP","1514","8004  >  36362 [ACK] Seq=346262 Ack=141 Win=65024 Len=1448 TSval=2916038697 TSecr=3045558471 [TCP segment of a reassembled PDU]"
"43795","34.616502470","192.168.1.55","192.168.1.2","TCP","1514","8004  >  36362 [ACK] Seq=347710 Ack=141 Win=65024 Len=1448 TSval=2916038697 TSecr=3045558471 [TCP segment of a reassembled PDU]"
"43796","34.616503470","192.168.1.55","192.168.1.2","TCP","1514","8004  >  36362 [ACK] Seq=349158 Ack=141 Win=65024 Len=1448 TSval=2916038697 TSecr=3045558471 [TCP segment of a reassembled PDU]"
"43797","34.616505137","192.168.1.55","192.168.1.2","TCP","1514","8004  >  36362 [ACK] Seq=350606 Ack=141 Win=65024 Len=1448 TSval=2916038697 TSecr=3045558471 [TCP segment of a reassembled PDU]"
"43798","34.616507026","192.168.1.55","192.168.1.2","TCP","1514","8004  >  36362 [ACK] Seq=352054 Ack=141 Win=65024 Len=1448 TSval=2916038697 TSecr=3045558471 [TCP segment of a reassembled PDU]"
"43799","34.616508082","192.168.1.55","192.168.1.2","TCP","1514","8004  >  36362 [ACK] Seq=353502 Ack=141 Win=65024 Len=1448 TSval=2916038697 TSecr=3045558471 [TCP segment of a reassembled PDU]"
"43800","34.616510119","192.168.1.55","192.168.1.2","TCP","1514","8004  >  36362 [ACK] Seq=354950 Ack=141 Win=65024 Len=1448 TSval=2916038697 TSecr=3045558471 [TCP segment of a reassembled PDU]"
"43801","34.616511785","192.168.1.55","192.168.1.2","TCP","1514","8004  >  36362 [ACK] Seq=356398 Ack=141 Win=65024 Len=1448 TSval=2916038697 TSecr=3045558471 [TCP segment of a reassembled PDU]"
"43802","34.616513174","192.168.1.55","192.168.1.2","TCP","1514","8004  >  36362 [ACK] Seq=357846 Ack=141 Win=65024 Len=1448 TSval=2916038697 TSecr=3045558471 [TCP segment of a reassembled PDU]"
"43803","34.616515082","192.168.1.55","192.168.1.2","TCP","1514","8004  >  36362 [ACK] Seq=359294 Ack=141 Win=65024 Len=1448 TSval=2916038697 TSecr=3045558471 [TCP segment of a reassembled PDU]"
"43804","34.616516119","192.168.1.55","192.168.1.2","TCP","1514","8004  >  36362 [ACK] Seq=360742 Ack=141 Win=65024 Len=1448 TSval=2916038697 TSecr=3045558471 [TCP segment of a reassembled PDU]"
"43805","34.616518174","192.168.1.55","192.168.1.2","TCP","1514","8004  >  36362 [ACK] Seq=362190 Ack=141 Win=65024 Len=1448 TSval=2916038697 TSecr=3045558471 [TCP segment of a reassembled PDU]"
"43806","34.616519711","192.168.1.55","192.168.1.2","TCP","1514","8004  >  36362 [ACK] Seq=363638 Ack=141 Win=65024 Len=1448 TSval=2916038697 TSecr=3045558471 [TCP segment of a reassembled PDU]"
"43807","34.616521415","192.168.1.55","192.168.1.2","TCP","1514","8004  >  36362 [ACK] Seq=365086 Ack=141 Win=65024 Len=1448 TSval=2916038697 TSecr=3045558471 [TCP segment of a reassembled PDU]"
"43808","34.616523026","192.168.1.55","192.168.1.2","TCP","1514","8004  >  36362 [ACK] Seq=366534 Ack=141 Win=65024 Len=1448 TSval=2916038697 TSecr=3045558471 [TCP segment of a reassembled PDU]"
"43809","34.616524137","192.168.1.55","192.168.1.2","TCP","1514","8004  >  36362 [ACK] Seq=367982 Ack=141 Win=65024 Len=1448 TSval=2916038697 TSecr=3045558471 [TCP segment of a reassembled PDU]"
"43810","34.616526137","192.168.1.55","192.168.1.2","TCP","1514","8004  >  36362 [ACK] Seq=369430 Ack=141 Win=65024 Len=1448 TSval=2916038697 TSecr=3045558471 [TCP segment of a reassembled PDU]"
"43811","34.616527507","192.168.1.55","192.168.1.2","TCP","1514","8004  >  36362 [ACK] Seq=370878 Ack=141 Win=65024 Len=1448 TSval=2916038697 TSecr=3045558471 [TCP segment of a reassembled PDU]"
"43812","34.616528970","192.168.1.55","192.168.1.2","TCP","1514","8004  >  36362 [PSH, ACK] Seq=372326 Ack=141 Win=65024 Len=1448 TSval=2916038697 TSecr=3045558471 [TCP segment of a reassembled PDU]"
"43813","34.616564100","192.168.1.55","192.168.1.2","TCP","1514","8004  >  36362 [ACK] Seq=373774 Ack=141 Win=65024 Len=1448 TSval=2916038697 TSecr=3045558471 [TCP segment of a reassembled PDU]"
"43814","34.616565952","192.168.1.55","192.168.1.2","TCP","1514","8004  >  36362 [ACK] Seq=375222 Ack=141 Win=65024 Len=1448 TSval=2916038697 TSecr=3045558471 [TCP segment of a reassembled PDU]"
"43815","34.616568137","192.168.1.55","192.168.1.2","TCP","1514","8004  >  36362 [ACK] Seq=376670 Ack=141 Win=65024 Len=1448 TSval=2916038697 TSecr=3045558471 [TCP segment of a reassembled PDU]"
"43816","34.616569545","192.168.1.55","192.168.1.2","TCP","1514","8004  >  36362 [ACK] Seq=378118 Ack=141 Win=65024 Len=1448 TSval=2916038697 TSecr=3045558471 [TCP segment of a reassembled PDU]"
"43817","34.616571471","192.168.1.55","192.168.1.2","TCP","1514","8004  >  36362 [ACK] Seq=379566 Ack=141 Win=65024 Len=1448 TSval=2916038697 TSecr=3045558471 [TCP segment of a reassembled PDU]"
"43818","34.616572933","192.168.1.55","192.168.1.2","TCP","1514","8004  >  36362 [ACK] Seq=381014 Ack=141 Win=65024 Len=1448 TSval=2916038697 TSecr=3045558471 [TCP segment of a reassembled PDU]"
"43819","34.616574137","192.168.1.55","192.168.1.2","TCP","1514","8004  >  36362 [ACK] Seq=382462 Ack=141 Win=65024 Len=1448 TSval=2916038697 TSecr=3045558471 [TCP segment of a reassembled PDU]"
"43820","34.616575415","192.168.1.55","192.168.1.2","TCP","1514","8004  >  36362 [ACK] Seq=383910 Ack=141 Win=65024 Len=1448 TSval=2916038697 TSecr=3045558471 [TCP segment of a reassembled PDU]"
"43821","34.616577119","192.168.1.55","192.168.1.2","TCP","1514","8004  >  36362 [ACK] Seq=385358 Ack=141 Win=65024 Len=1448 TSval=2916038697 TSecr=3045558471 [TCP segment of a reassembled PDU]"
"43822","34.616578600","192.168.1.55","192.168.1.2","TCP","1514","8004  >  36362 [ACK] Seq=386806 Ack=141 Win=65024 Len=1448 TSval=2916038697 TSecr=3045558471 [TCP segment of a reassembled PDU]"
"43823","34.616580211","192.168.1.55","192.168.1.2","TCP","1514","8004  >  36362 [ACK] Seq=388254 Ack=141 Win=65024 Len=1448 TSval=2916038697 TSecr=3045558471 [TCP segment of a reassembled PDU]"
"43824","34.616581285","192.168.1.55","192.168.1.2","TCP","1514","8004  >  36362 [ACK] Seq=389702 Ack=141 Win=65024 Len=1448 TSval=2916038697 TSecr=3045558471 [TCP segment of a reassembled PDU]"
"43825","34.616582415","192.168.1.55","192.168.1.2","TCP","1514","8004  >  36362 [PSH, ACK] Seq=391150 Ack=141 Win=65024 Len=1448 TSval=2916038697 TSecr=3045558471 [TCP segment of a reassembled PDU]"
"43826","34.621786738","192.168.1.2","192.168.1.55","TCP","66","36362  >  8004 [ACK] Seq=141 Ack=285046 Win=124928 Len=0 TSval=3045558476 TSecr=2916038695"
"43827","34.621864757","192.168.1.55","192.168.1.2","TCP","1514","8004  >  36362 [ACK] Seq=392598 Ack=141 Win=65024 Len=1448 TSval=2916038702 TSecr=3045558476 [TCP segment of a reassembled PDU]"
"43828","34.621871683","192.168.1.55","192.168.1.2","TCP","1514","8004  >  36362 [ACK] Seq=394046 Ack=141 Win=65024 Len=1448 TSval=2916038702 TSecr=3045558476 [TCP segment of a reassembled PDU]"
"43829","34.621872886","192.168.1.55","192.168.1.2","TCP","1514","8004  >  36362 [ACK] Seq=395494 Ack=141 Win=65024 Len=1448 TSval=2916038702 TSecr=3045558476 [TCP segment of a reassembled PDU]"
"43830","34.621874220","192.168.1.55","192.168.1.2","TCP","1514","8004  >  36362 [ACK] Seq=396942 Ack=141 Win=65024 Len=1448 TSval=2916038702 TSecr=3045558476 [TCP segment of a reassembled PDU]"
"43831","34.621875442","192.168.1.55","192.168.1.2","TCP","1514","8004  >  36362 [ACK] Seq=398390 Ack=141 Win=65024 Len=1448 TSval=2916038702 TSecr=3045558476 [TCP segment of a reassembled PDU]"
"43832","34.621876479","192.168.1.55","192.168.1.2","TCP","1514","8004  >  36362 [ACK] Seq=399838 Ack=141 Win=65024 Len=1448 TSval=2916038702 TSecr=3045558476 [TCP segment of a reassembled PDU]"
"43833","34.621877609","192.168.1.55","192.168.1.2","TCP","1514","8004  >  36362 [ACK] Seq=401286 Ack=141 Win=65024 Len=1448 TSval=2916038702 TSecr=3045558476 [TCP segment of a reassembled PDU]"
"43834","34.621878942","192.168.1.55","192.168.1.2","TCP","1514","8004  >  36362 [ACK] Seq=402734 Ack=141 Win=65024 Len=1448 TSval=2916038702 TSecr=3045558476 [TCP segment of a reassembled PDU]"
"43835","34.621880035","192.168.1.55","192.168.1.2","TCP","1514","8004  >  36362 [ACK] Seq=404182 Ack=141 Win=65024 Len=1448 TSval=2916038702 TSecr=3045558476 [TCP segment of a reassembled PDU]"
"43836","34.621881035","192.168.1.55","192.168.1.2","TCP","1514","8004  >  36362 [ACK] Seq=405630 Ack=141 Win=65024 Len=1448 TSval=2916038702 TSecr=3045558476 [TCP segment of a reassembled PDU]"
"43837","34.621882072","192.168.1.55","192.168.1.2","TCP","1514","8004  >  36362 [ACK] Seq=407078 Ack=141 Win=65024 Len=1448 TSval=2916038702 TSecr=3045558476 [TCP segment of a reassembled PDU]"
"43838","34.621883053","192.168.1.55","192.168.1.2","TCP","1514","[TCP Window Full] 8004  >  36362 [PSH, ACK] Seq=408526 Ack=141 Win=65024 Len=1448 TSval=2916038702 TSecr=3045558476 [TCP segment of a reassembled PDU]"
"43839","34.621959961","192.168.1.2","192.168.1.55","TCP","66","36362  >  8004 [ACK] Seq=141 Ack=328886 Win=103424 Len=0 TSval=3045558476 TSecr=2916038695"
"43840","34.622005220","192.168.1.55","192.168.1.2","TCP","1514","8004  >  36362 [ACK] Seq=409974 Ack=141 Win=65024 Len=1448 TSval=2916038702 TSecr=3045558476 [TCP segment of a reassembled PDU]"
"43841","34.622009516","192.168.1.55","192.168.1.2","TCP","1514","8004  >  36362 [ACK] Seq=411422 Ack=141 Win=65024 Len=1448 TSval=2916038702 TSecr=3045558476 [TCP segment of a reassembled PDU]"
"43842","34.622010609","192.168.1.55","192.168.1.2","TCP","1514","8004  >  36362 [ACK] Seq=412870 Ack=141 Win=65024 Len=1448 TSval=2916038702 TSecr=3045558476 [TCP segment of a reassembled PDU]"
"43843","34.622012035","192.168.1.55","192.168.1.2","TCP","1514","8004  >  36362 [ACK] Seq=414318 Ack=141 Win=65024 Len=1448 TSval=2916038702 TSecr=3045558476 [TCP segment of a reassembled PDU]"
"43844","34.622013146","192.168.1.55","192.168.1.2","TCP","1514","8004  >  36362 [ACK] Seq=415766 Ack=141 Win=65024 Len=1448 TSval=2916038702 TSecr=3045558476 [TCP segment of a reassembled PDU]"
"43845","34.622015313","192.168.1.55","192.168.1.2","TCP","1514","8004  >  36362 [PSH, ACK] Seq=417214 Ack=141 Win=65024 Len=1448 TSval=2916038702 TSecr=3045558476 [TCP segment of a reassembled PDU]"
"43846","34.622022794","192.168.1.2","192.168.1.55","TCP","66","36362  >  8004 [ACK] Seq=141 Ack=350606 Win=82944 Len=0 TSval=3045558476 TSecr=2916038697"
"43847","34.622771999","192.168.1.2","192.168.1.55","TCP","66","36362  >  8004 [ACK] Seq=141 Ack=373774 Win=120832 Len=0 TSval=3045558477 TSecr=2916038697"
"43848","34.622831832","192.168.1.55","192.168.1.2","TCP","1514","8004  >  36362 [ACK] Seq=418662 Ack=141 Win=65024 Len=1448 TSval=2916038703 TSecr=3045558477 [TCP segment of a reassembled PDU]"
"43849","34.622833962","192.168.1.55","192.168.1.2","TCP","1514","8004  >  36362 [ACK] Seq=420110 Ack=141 Win=65024 Len=1448 TSval=2916038703 TSecr=3045558477 [TCP segment of a reassembled PDU]"
"43850","34.622835203","192.168.1.55","192.168.1.2","TCP","1514","8004  >  36362 [ACK] Seq=421558 Ack=141 Win=65024 Len=1448 TSval=2916038703 TSecr=3045558477 [TCP segment of a reassembled PDU]"
"43851","34.622837536","192.168.1.55","192.168.1.2","TCP","1514","8004  >  36362 [ACK] Seq=423006 Ack=141 Win=65024 Len=1448 TSval=2916038703 TSecr=3045558477 [TCP segment of a reassembled PDU]"
"43852","34.622839258","192.168.1.55","192.168.1.2","TCP","1514","8004  >  36362 [ACK] Seq=424454 Ack=141 Win=65024 Len=1448 TSval=2916038703 TSecr=3045558477 [TCP segment of a reassembled PDU]"
"43853","34.622840462","192.168.1.55","192.168.1.2","TCP","1514","8004  >  36362 [ACK] Seq=425902 Ack=141 Win=65024 Len=1448 TSval=2916038703 TSecr=3045558477 [TCP segment of a reassembled PDU]"
"43854","34.622842073","192.168.1.55","192.168.1.2","TCP","1514","8004  >  36362 [ACK] Seq=427350 Ack=141 Win=65024 Len=1448 TSval=2916038703 TSecr=3045558477 [TCP segment of a reassembled PDU]"
"43855","34.622843277","192.168.1.55","192.168.1.2","TCP","1514","8004  >  36362 [ACK] Seq=428798 Ack=141 Win=65024 Len=1448 TSval=2916038703 TSecr=3045558477 [TCP segment of a reassembled PDU]"
"43856","34.622844184","192.168.1.55","192.168.1.2","TCP","1514","8004  >  36362 [ACK] Seq=430246 Ack=141 Win=65024 Len=1448 TSval=2916038703 TSecr=3045558477 [TCP segment of a reassembled PDU]"
"43857","34.622845203","192.168.1.55","192.168.1.2","TCP","1514","8004  >  36362 [ACK] Seq=431694 Ack=141 Win=65024 Len=1448 TSval=2916038703 TSecr=3045558477 [TCP segment of a reassembled PDU]"
"43858","34.622846406","192.168.1.55","192.168.1.2","TCP","1514","8004  >  36362 [ACK] Seq=433142 Ack=141 Win=65024 Len=1448 TSval=2916038703 TSecr=3045558477 [TCP segment of a reassembled PDU]"
"43859","34.622847721","192.168.1.55","192.168.1.2","TCP","1514","8004  >  36362 [ACK] Seq=434590 Ack=141 Win=65024 Len=1448 TSval=2916038703 TSecr=3045558477 [TCP segment of a reassembled PDU]"
"43860","34.622849332","192.168.1.55","192.168.1.2","TCP","1514","8004  >  36362 [ACK] Seq=436038 Ack=141 Win=65024 Len=1448 TSval=2916038703 TSecr=3045558477 [TCP segment of a reassembled PDU]"
"43861","34.622850758","192.168.1.55","192.168.1.2","TCP","1514","8004  >  36362 [ACK] Seq=437486 Ack=141 Win=65024 Len=1448 TSval=2916038703 TSecr=3045558477 [TCP segment of a reassembled PDU]"
"43862","34.622852092","192.168.1.55","192.168.1.2","TCP","1514","8004  >  36362 [ACK] Seq=438934 Ack=141 Win=65024 Len=1448 TSval=2916038703 TSecr=3045558477 [TCP segment of a reassembled PDU]"
"43863","34.622853110","192.168.1.55","192.168.1.2","TCP","1514","8004  >  36362 [ACK] Seq=440382 Ack=141 Win=65024 Len=1448 TSval=2916038703 TSecr=3045558477 [TCP segment of a reassembled PDU]"
"43864","34.622854018","192.168.1.55","192.168.1.2","TCP","1514","8004  >  36362 [ACK] Seq=441830 Ack=141 Win=65024 Len=1448 TSval=2916038703 TSecr=3045558477 [TCP segment of a reassembled PDU]"
"43865","34.622855018","192.168.1.55","192.168.1.2","TCP","1514","8004  >  36362 [ACK] Seq=443278 Ack=141 Win=65024 Len=1448 TSval=2916038703 TSecr=3045558477 [TCP segment of a reassembled PDU]"
"43866","34.622856314","192.168.1.55","192.168.1.2","TCP","1514","8004  >  36362 [ACK] Seq=444726 Ack=141 Win=65024 Len=1448 TSval=2916038703 TSecr=3045558477 [TCP segment of a reassembled PDU]"
"43867","34.622858610","192.168.1.55","192.168.1.2","TCP","1514","8004  >  36362 [ACK] Seq=446174 Ack=141 Win=65024 Len=1448 TSval=2916038703 TSecr=3045558477 [TCP segment of a reassembled PDU]"
"43868","34.622860203","192.168.1.55","192.168.1.2","TCP","1514","8004  >  36362 [ACK] Seq=447622 Ack=141 Win=65024 Len=1448 TSval=2916038703 TSecr=3045558477 [TCP segment of a reassembled PDU]"
"43869","34.622861221","192.168.1.55","192.168.1.2","TCP","1514","8004  >  36362 [ACK] Seq=449070 Ack=141 Win=65024 Len=1448 TSval=2916038703 TSecr=3045558477 [TCP segment of a reassembled PDU]"
"43870","34.622862203","192.168.1.55","192.168.1.2","TCP","1514","8004  >  36362 [ACK] Seq=450518 Ack=141 Win=65024 Len=1448 TSval=2916038703 TSecr=3045558477 [TCP segment of a reassembled PDU]"
"43871","34.622863277","192.168.1.55","192.168.1.2","TCP","1514","8004  >  36362 [ACK] Seq=451966 Ack=141 Win=65024 Len=1448 TSval=2916038703 TSecr=3045558477 [TCP segment of a reassembled PDU]"
"43872","34.622864518","192.168.1.55","192.168.1.2","TCP","1514","8004  >  36362 [ACK] Seq=453414 Ack=141 Win=65024 Len=1448 TSval=2916038703 TSecr=3045558477 [TCP segment of a reassembled PDU]"
"43873","34.622865888","192.168.1.55","192.168.1.2","TCP","1514","8004  >  36362 [ACK] Seq=454862 Ack=141 Win=65024 Len=1448 TSval=2916038703 TSecr=3045558477 [TCP segment of a reassembled PDU]"
"43874","34.622867147","192.168.1.55","192.168.1.2","TCP","1514","8004  >  36362 [ACK] Seq=456310 Ack=141 Win=65024 Len=1448 TSval=2916038703 TSecr=3045558477 [TCP segment of a reassembled PDU]"
"43875","34.622868795","192.168.1.55","192.168.1.2","TCP","1514","8004  >  36362 [ACK] Seq=457758 Ack=141 Win=65024 Len=1448 TSval=2916038703 TSecr=3045558477 [TCP segment of a reassembled PDU]"
"43876","34.622870166","192.168.1.55","192.168.1.2","TCP","1514","8004  >  36362 [ACK] Seq=459206 Ack=141 Win=65024 Len=1448 TSval=2916038703 TSecr=3045558477 [TCP segment of a reassembled PDU]"
"43877","34.622871573","192.168.1.55","192.168.1.2","TCP","1514","8004  >  36362 [ACK] Seq=460654 Ack=141 Win=65024 Len=1448 TSval=2916038703 TSecr=3045558477 [TCP segment of a reassembled PDU]"
"43878","34.622872573","192.168.1.55","192.168.1.2","TCP","1514","8004  >  36362 [PSH, ACK] Seq=462102 Ack=141 Win=65024 Len=1448 TSval=2916038703 TSecr=3045558477 [TCP segment of a reassembled PDU]"
"43879","34.622901277","192.168.1.2","192.168.1.55","TCP","66","36362  >  8004 [ACK] Seq=141 Ack=385358 Win=124928 Len=0 TSval=3045558477 TSecr=2916038697"
"43880","34.622966184","192.168.1.55","192.168.1.2","TCP","1514","8004  >  36362 [ACK] Seq=463550 Ack=141 Win=65024 Len=1448 TSval=2916038703 TSecr=3045558477 [TCP segment of a reassembled PDU]"
"43881","34.622969592","192.168.1.55","192.168.1.2","TCP","1514","8004  >  36362 [ACK] Seq=464998 Ack=141 Win=65024 Len=1448 TSval=2916038703 TSecr=3045558477 [TCP segment of a reassembled PDU]"
"43882","34.622970870","192.168.1.55","192.168.1.2","TCP","1514","8004  >  36362 [ACK] Seq=466446 Ack=141 Win=65024 Len=1448 TSval=2916038703 TSecr=3045558477 [TCP segment of a reassembled PDU]"
"43883","34.622972314","192.168.1.55","192.168.1.2","TCP","1514","8004  >  36362 [ACK] Seq=467894 Ack=141 Win=65024 Len=1448 TSval=2916038703 TSecr=3045558477 [TCP segment of a reassembled PDU]"
"43884","34.622973777","192.168.1.55","192.168.1.2","TCP","1514","8004  >  36362 [ACK] Seq=469342 Ack=141 Win=65024 Len=1448 TSval=2916038703 TSecr=3045558477 [TCP segment of a reassembled PDU]"
"43885","34.622974962","192.168.1.55","192.168.1.2","TCP","1514","8004  >  36362 [ACK] Seq=470790 Ack=141 Win=65024 Len=1448 TSval=2916038703 TSecr=3045558477 [TCP segment of a reassembled PDU]"
"43886","34.622976944","192.168.1.55","192.168.1.2","TCP","1514","8004  >  36362 [ACK] Seq=472238 Ack=141 Win=65024 Len=1448 TSval=2916038703 TSecr=3045558477 [TCP segment of a reassembled PDU]"
"43887","34.622978370","192.168.1.55","192.168.1.2","TCP","1514","8004  >  36362 [ACK] Seq=473686 Ack=141 Win=65024 Len=1448 TSval=2916038703 TSecr=3045558477 [TCP segment of a reassembled PDU]"
"43888","34.622979814","192.168.1.55","192.168.1.2","TCP","1514","8004  >  36362 [ACK] Seq=475134 Ack=141 Win=65024 Len=1448 TSval=2916038703 TSecr=3045558477 [TCP segment of a reassembled PDU]"
"43889","34.622981981","192.168.1.55","192.168.1.2","TCP","1514","8004  >  36362 [ACK] Seq=476582 Ack=141 Win=65024 Len=1448 TSval=2916038703 TSecr=3045558477 [TCP segment of a reassembled PDU]"
"43890","34.622983444","192.168.1.55","192.168.1.2","TCP","1514","8004  >  36362 [ACK] Seq=478030 Ack=141 Win=65024 Len=1448 TSval=2916038703 TSecr=3045558477 [TCP segment of a reassembled PDU]"
"43891","34.622985203","192.168.1.55","192.168.1.2","TCP","1514","8004  >  36362 [ACK] Seq=479478 Ack=141 Win=65024 Len=1448 TSval=2916038703 TSecr=3045558477 [TCP segment of a reassembled PDU]"
"43892","34.622987073","192.168.1.55","192.168.1.2","TCP","1514","8004  >  36362 [ACK] Seq=480926 Ack=141 Win=65024 Len=1448 TSval=2916038703 TSecr=3045558477 [TCP segment of a reassembled PDU]"
"43893","34.622988833","192.168.1.55","192.168.1.2","TCP","1514","8004  >  36362 [ACK] Seq=482374 Ack=141 Win=65024 Len=1448 TSval=2916038703 TSecr=3045558477 [TCP segment of a reassembled PDU]"
"43894","34.622990536","192.168.1.55","192.168.1.2","TCP","1514","8004  >  36362 [ACK] Seq=483822 Ack=141 Win=65024 Len=1448 TSval=2916038703 TSecr=3045558477 [TCP segment of a reassembled PDU]"
"43895","34.622991759","192.168.1.55","192.168.1.2","TCP","1514","8004  >  36362 [ACK] Seq=485270 Ack=141 Win=65024 Len=1448 TSval=2916038703 TSecr=3045558477 [TCP segment of a reassembled PDU]"
"43896","34.622993055","192.168.1.55","192.168.1.2","TCP","1514","8004  >  36362 [ACK] Seq=486718 Ack=141 Win=65024 Len=1448 TSval=2916038703 TSecr=3045558477 [TCP segment of a reassembled PDU]"
"43897","34.622994425","192.168.1.55","192.168.1.2","TCP","1514","8004  >  36362 [ACK] Seq=488166 Ack=141 Win=65024 Len=1448 TSval=2916038703 TSecr=3045558477 [TCP segment of a reassembled PDU]"
"43898","34.622995444","192.168.1.55","192.168.1.2","TCP","1514","8004  >  36362 [ACK] Seq=489614 Ack=141 Win=65024 Len=1448 TSval=2916038703 TSecr=3045558477 [TCP segment of a reassembled PDU]"
"43899","34.622996907","192.168.1.55","192.168.1.2","TCP","1514","8004  >  36362 [ACK] Seq=491062 Ack=141 Win=65024 Len=1448 TSval=2916038703 TSecr=3045558477 [TCP segment of a reassembled PDU]"
"43900","34.622997907","192.168.1.55","192.168.1.2","TCP","1514","8004  >  36362 [ACK] Seq=492510 Ack=141 Win=65024 Len=1448 TSval=2916038703 TSecr=3045558477 [TCP segment of a reassembled PDU]"
"43901","34.622999129","192.168.1.55","192.168.1.2","TCP","1514","8004  >  36362 [ACK] Seq=493958 Ack=141 Win=65024 Len=1448 TSval=2916038703 TSecr=3045558477 [TCP segment of a reassembled PDU]"
"43902","34.623001184","192.168.1.55","192.168.1.2","TCP","1514","8004  >  36362 [ACK] Seq=495406 Ack=141 Win=65024 Len=1448 TSval=2916038703 TSecr=3045558477 [TCP segment of a reassembled PDU]"
"43903","34.623002407","192.168.1.55","192.168.1.2","TCP","1514","8004  >  36362 [ACK] Seq=496854 Ack=141 Win=65024 Len=1448 TSval=2916038703 TSecr=3045558477 [TCP segment of a reassembled PDU]"
"43904","34.623004370","192.168.1.55","192.168.1.2","HTTP","1472","HTTP/1.0 200 OK  (PNG)"
"43905","34.629290213","192.168.1.2","192.168.1.55","TCP","66","36362  >  8004 [ACK] Seq=141 Ack=392598 Win=135168 Len=0 TSval=3045558484 TSecr=2916038697"
"43906","34.629424954","192.168.1.2","192.168.1.55","TCP","66","36362  >  8004 [ACK] Seq=141 Ack=409974 Win=169984 Len=0 TSval=3045558484 TSecr=2916038702"
"43907","34.629447102","192.168.1.2","192.168.1.55","TCP","66","36362  >  8004 [ACK] Seq=141 Ack=418662 Win=187392 Len=0 TSval=3045558484 TSecr=2916038702"
"43908","34.629451010","192.168.1.2","192.168.1.55","TCP","66","36362  >  8004 [ACK] Seq=141 Ack=463550 Win=173056 Len=0 TSval=3045558484 TSecr=2916038703"
"43909","34.629459954","192.168.1.2","192.168.1.55","TCP","66","36362  >  8004 [ACK] Seq=141 Ack=478030 Win=158720 Len=0 TSval=3045558484 TSecr=2916038703"
"43910","34.630444474","192.168.1.2","192.168.1.55","TCP","66","36362  >  8004 [ACK] Seq=141 Ack=496854 Win=195584 Len=0 TSval=3045558485 TSecr=2916038703"
"43911","34.631150309","192.168.1.2","192.168.1.55","TCP","66","36362  >  8004 [ACK] Seq=141 Ack=498302 Win=198656 Len=0 TSval=3045558486 TSecr=2916038703"
"43912","34.632589570","192.168.1.2","192.168.1.55","TCP","66","36362  >  8004 [FIN, ACK] Seq=141 Ack=499709 Win=201728 Len=0 TSval=3045558487 TSecr=2916038703"
"43913","34.632608700","192.168.1.55","192.168.1.2","TCP","66","8004  >  36362 [ACK] Seq=499709 Ack=142 Win=65024 Len=0 TSval=2916038713 TSecr=3045558487"
"43914","34.632693589","192.168.1.2","192.168.1.55","TCP","74","36370  >  8004 [SYN] Seq=0 Win=64240 Len=0 MSS=1460 SACK_PERM TSval=3045558487 TSecr=0 WS=1024"
"43915","34.632716959","192.168.1.55","192.168.1.2","TCP","74","8004  >  36370 [SYN, ACK] Seq=0 Ack=1 Win=65160 Len=0 MSS=1460 SACK_PERM TSval=2916038713 TSecr=3045558487 WS=128"
"43916","34.635895446","192.168.1.2","192.168.1.55","TCP","66","36370  >  8004 [ACK] Seq=1 Ack=1 Win=64512 Len=0 TSval=3045558490 TSecr=2916038713"
"43917","34.639082099","192.168.1.2","192.168.1.55","HTTP","209","GET /original_benchmark.png HTTP/1.1 "
"43918","34.639110784","192.168.1.55","192.168.1.2","TCP","66","8004  >  36370 [ACK] Seq=1 Ack=144 Win=65024 Len=0 TSval=2916038719 TSecr=3045558490"
"43919","34.639914712","192.168.1.55","192.168.1.2","TCP","255","8004  >  36370 [PSH, ACK] Seq=1 Ack=144 Win=65024 Len=189 TSval=2916038720 TSecr=3045558490 [TCP segment of a reassembled PDU]"
"43920","34.640010064","192.168.1.55","192.168.1.2","TCP","1514","8004  >  36370 [ACK] Seq=190 Ack=144 Win=65024 Len=1448 TSval=2916038720 TSecr=3045558490 [TCP segment of a reassembled PDU]"
"43921","34.640014082","192.168.1.55","192.168.1.2","TCP","1514","8004  >  36370 [ACK] Seq=1638 Ack=144 Win=65024 Len=1448 TSval=2916038720 TSecr=3045558490 [TCP segment of a reassembled PDU]"
"43922","34.640015212","192.168.1.55","192.168.1.2","TCP","1514","8004  >  36370 [ACK] Seq=3086 Ack=144 Win=65024 Len=1448 TSval=2916038720 TSecr=3045558490 [TCP segment of a reassembled PDU]"
"43923","34.640016267","192.168.1.55","192.168.1.2","TCP","1514","8004  >  36370 [ACK] Seq=4534 Ack=144 Win=65024 Len=1448 TSval=2916038720 TSecr=3045558490 [TCP segment of a reassembled PDU]"
"43924","34.640017730","192.168.1.55","192.168.1.2","TCP","1514","8004  >  36370 [PSH, ACK] Seq=5982 Ack=144 Win=65024 Len=1448 TSval=2916038720 TSecr=3045558490 [TCP segment of a reassembled PDU]"
"43925","34.640035341","192.168.1.55","192.168.1.2","TCP","1514","8004  >  36370 [ACK] Seq=7430 Ack=144 Win=65024 Len=1448 TSval=2916038720 TSecr=3045558490 [TCP segment of a reassembled PDU]"
"43926","34.640037249","192.168.1.55","192.168.1.2","TCP","1514","8004  >  36370 [ACK] Seq=8878 Ack=144 Win=65024 Len=1448 TSval=2916038720 TSecr=3045558490 [TCP segment of a reassembled PDU]"
"43927","34.640038582","192.168.1.55","192.168.1.2","TCP","1514","8004  >  36370 [ACK] Seq=10326 Ack=144 Win=65024 Len=1448 TSval=2916038720 TSecr=3045558490 [TCP segment of a reassembled PDU]"
"43928","34.640039823","192.168.1.55","192.168.1.2","TCP","1514","8004  >  36370 [PSH, ACK] Seq=11774 Ack=144 Win=65024 Len=1448 TSval=2916038720 TSecr=3045558490 [TCP segment of a reassembled PDU]"
"43929","34.644029163","192.168.1.2","192.168.1.55","TCP","66","36370  >  8004 [ACK] Seq=144 Ack=190 Win=64512 Len=0 TSval=3045558498 TSecr=2916038720"
"43930","34.644190348","192.168.1.55","192.168.1.2","TCP","1514","8004  >  36370 [ACK] Seq=13222 Ack=144 Win=65024 Len=1448 TSval=2916038724 TSecr=3045558498 [TCP segment of a reassembled PDU]"
"43931","34.644209052","192.168.1.55","192.168.1.2","TCP","1514","8004  >  36370 [PSH, ACK] Seq=14670 Ack=144 Win=65024 Len=1448 TSval=2916038724 TSecr=3045558498 [TCP segment of a reassembled PDU]"
"43932","34.644289682","192.168.1.2","192.168.1.55","TCP","66","36370  >  8004 [ACK] Seq=144 Ack=1638 Win=67584 Len=0 TSval=3045558498 TSecr=2916038720"
"43933","34.645226239","192.168.1.2","192.168.1.55","TCP","66","36370  >  8004 [ACK] Seq=144 Ack=7430 Win=79872 Len=0 TSval=3045558499 TSecr=2916038720"
"43934","34.645257979","192.168.1.55","192.168.1.2","TCP","1514","8004  >  36370 [ACK] Seq=16118 Ack=144 Win=65024 Len=1448 TSval=2916038725 TSecr=3045558499 [TCP segment of a reassembled PDU]"
"43935","34.645262702","192.168.1.55","192.168.1.2","TCP","1514","8004  >  36370 [ACK] Seq=17566 Ack=144 Win=65024 Len=1448 TSval=2916038725 TSecr=3045558499 [TCP segment of a reassembled PDU]"
"43936","34.645264091","192.168.1.55","192.168.1.2","TCP","1514","8004  >  36370 [ACK] Seq=19014 Ack=144 Win=65024 Len=1448 TSval=2916038725 TSecr=3045558499 [TCP segment of a reassembled PDU]"
"43937","34.645265498","192.168.1.55","192.168.1.2","TCP","1514","8004  >  36370 [ACK] Seq=20462 Ack=144 Win=65024 Len=1448 TSval=2916038725 TSecr=3045558499 [TCP segment of a reassembled PDU]"
"43938","34.645267442","192.168.1.55","192.168.1.2","TCP","1514","8004  >  36370 [ACK] Seq=21910 Ack=144 Win=65024 Len=1448 TSval=2916038725 TSecr=3045558499 [TCP segment of a reassembled PDU]"
"43939","34.645268535","192.168.1.55","192.168.1.2","TCP","1514","8004  >  36370 [ACK] Seq=23358 Ack=144 Win=65024 Len=1448 TSval=2916038725 TSecr=3045558499 [TCP segment of a reassembled PDU]"
"43940","34.645270239","192.168.1.55","192.168.1.2","TCP","1514","8004  >  36370 [ACK] Seq=24806 Ack=144 Win=65024 Len=1448 TSval=2916038725 TSecr=3045558499 [TCP segment of a reassembled PDU]"
"43941","34.645271868","192.168.1.55","192.168.1.2","TCP","1514","8004  >  36370 [PSH, ACK] Seq=26254 Ack=144 Win=65024 Len=1448 TSval=2916038725 TSecr=3045558499 [TCP segment of a reassembled PDU]"
"43942","34.645350998","192.168.1.2","192.168.1.55","TCP","66","36370  >  8004 [ACK] Seq=144 Ack=10326 Win=84992 Len=0 TSval=3045558499 TSecr=2916038720"
"43943","34.645369146","192.168.1.55","192.168.1.2","TCP","1514","8004  >  36370 [ACK] Seq=27702 Ack=144 Win=65024 Len=1448 TSval=2916038726 TSecr=3045558499 [TCP segment of a reassembled PDU]"
"43944","34.645371405","192.168.1.55","192.168.1.2","TCP","1514","8004  >  36370 [ACK] Seq=29150 Ack=144 Win=65024 Len=1448 TSval=2916038726 TSecr=3045558499 [TCP segment of a reassembled PDU]"
"43945","34.645372535","192.168.1.55","192.168.1.2","TCP","1514","8004  >  36370 [ACK] Seq=30598 Ack=144 Win=65024 Len=1448 TSval=2916038726 TSecr=3045558499 [TCP segment of a reassembled PDU]"
"43946","34.645373628","192.168.1.55","192.168.1.2","TCP","1514","8004  >  36370 [ACK] Seq=32046 Ack=144 Win=65024 Len=1448 TSval=2916038726 TSecr=3045558499 [TCP segment of a reassembled PDU]"
"43947","34.645374776","192.168.1.55","192.168.1.2","TCP","1514","8004  >  36370 [ACK] Seq=33494 Ack=144 Win=65024 Len=1448 TSval=2916038726 TSecr=3045558499 [TCP segment of a reassembled PDU]"
"43948","34.645375831","192.168.1.55","192.168.1.2","TCP","1514","8004  >  36370 [PSH, ACK] Seq=34942 Ack=144 Win=65024 Len=1448 TSval=2916038726 TSecr=3045558499 [TCP segment of a reassembled PDU]"
"43949","34.645379461","192.168.1.2","192.168.1.55","TCP","66","36370  >  8004 [ACK] Seq=144 Ack=13222 Win=84992 Len=0 TSval=3045558499 TSecr=2916038720"
"43950","34.645955129","192.168.1.55","192.168.1.2","TCP","1514","8004  >  36370 [ACK] Seq=36390 Ack=144 Win=65024 Len=1448 TSval=2916038726 TSecr=3045558499 [TCP segment of a reassembled PDU]"
"43951","34.645958481","192.168.1.55","192.168.1.2","TCP","1514","8004  >  36370 [ACK] Seq=37838 Ack=144 Win=65024 Len=1448 TSval=2916038726 TSecr=3045558499 [TCP segment of a reassembled PDU]"
"43952","34.645959740","192.168.1.55","192.168.1.2","TCP","1514","8004  >  36370 [ACK] Seq=39286 Ack=144 Win=65024 Len=1448 TSval=2916038726 TSecr=3045558499 [TCP segment of a reassembled PDU]"
"43953","34.645961018","192.168.1.55","192.168.1.2","TCP","1514","8004  >  36370 [PSH, ACK] Seq=40734 Ack=144 Win=65024 Len=1448 TSval=2916038726 TSecr=3045558499 [TCP segment of a reassembled PDU]"
"43954","34.648746337","192.168.1.2","192.168.1.55","TCP","66","36370  >  8004 [ACK] Seq=144 Ack=16118 Win=84992 Len=0 TSval=3045558503 TSecr=2916038724"
"43955","34.648775207","192.168.1.55","192.168.1.2","TCP","1514","8004  >  36370 [ACK] Seq=42182 Ack=144 Win=65024 Len=1448 TSval=2916038729 TSecr=3045558503 [TCP segment of a reassembled PDU]"
"43956","34.648778948","192.168.1.55","192.168.1.2","TCP","1514","8004  >  36370 [PSH, ACK] Seq=43630 Ack=144 Win=65024 Len=1448 TSval=2916038729 TSecr=3045558503 [TCP segment of a reassembled PDU]"
"43957","34.650679729","192.168.1.2","192.168.1.55","TCP","66","36370  >  8004 [ACK] Seq=144 Ack=27702 Win=76800 Len=0 TSval=3045558505 TSecr=2916038725"
"43958","34.650739192","192.168.1.55","192.168.1.2","TCP","1514","8004  >  36370 [ACK] Seq=45078 Ack=144 Win=65024 Len=1448 TSval=2916038731 TSecr=3045558505 [TCP segment of a reassembled PDU]"
"43959","34.650743099","192.168.1.55","192.168.1.2","TCP","1514","8004  >  36370 [ACK] Seq=46526 Ack=144 Win=65024 Len=1448 TSval=2916038731 TSecr=3045558505 [TCP segment of a reassembled PDU]"
"43960","34.650744988","192.168.1.55","192.168.1.2","TCP","1514","8004  >  36370 [ACK] Seq=47974 Ack=144 Win=65024 Len=1448 TSval=2916038731 TSecr=3045558505 [TCP segment of a reassembled PDU]"
"43961","34.650746081","192.168.1.55","192.168.1.2","TCP","1514","8004  >  36370 [ACK] Seq=49422 Ack=144 Win=65024 Len=1448 TSval=2916038731 TSecr=3045558505 [TCP segment of a reassembled PDU]"
"43962","34.650747266","192.168.1.55","192.168.1.2","TCP","1514","8004  >  36370 [ACK] Seq=50870 Ack=144 Win=65024 Len=1448 TSval=2916038731 TSecr=3045558505 [TCP segment of a reassembled PDU]"
"43963","34.650748544","192.168.1.55","192.168.1.2","TCP","1514","8004  >  36370 [ACK] Seq=52318 Ack=144 Win=65024 Len=1448 TSval=2916038731 TSecr=3045558505 [TCP segment of a reassembled PDU]"
"43964","34.650751025","192.168.1.55","192.168.1.2","TCP","1514","8004  >  36370 [ACK] Seq=53766 Ack=144 Win=65024 Len=1448 TSval=2916038731 TSecr=3045558505 [TCP segment of a reassembled PDU]"
"43965","34.650753136","192.168.1.55","192.168.1.2","TCP","1514","8004  >  36370 [ACK] Seq=55214 Ack=144 Win=65024 Len=1448 TSval=2916038731 TSecr=3045558505 [TCP segment of a reassembled PDU]"
"43966","34.650754359","192.168.1.55","192.168.1.2","TCP","1514","8004  >  36370 [ACK] Seq=56662 Ack=144 Win=65024 Len=1448 TSval=2916038731 TSecr=3045558505 [TCP segment of a reassembled PDU]"
"43967","34.650755766","192.168.1.55","192.168.1.2","TCP","1514","8004  >  36370 [ACK] Seq=58110 Ack=144 Win=65024 Len=1448 TSval=2916038731 TSecr=3045558505 [TCP segment of a reassembled PDU]"
"43968","34.650757044","192.168.1.55","192.168.1.2","TCP","1514","8004  >  36370 [ACK] Seq=59558 Ack=144 Win=65024 Len=1448 TSval=2916038731 TSecr=3045558505 [TCP segment of a reassembled PDU]"
"43969","34.650758766","192.168.1.55","192.168.1.2","TCP","1514","8004  >  36370 [ACK] Seq=61006 Ack=144 Win=65024 Len=1448 TSval=2916038731 TSecr=3045558505 [TCP segment of a reassembled PDU]"
"43970","34.650759951","192.168.1.55","192.168.1.2","TCP","1514","8004  >  36370 [ACK] Seq=62454 Ack=144 Win=65024 Len=1448 TSval=2916038731 TSecr=3045558505 [TCP segment of a reassembled PDU]"
"43971","34.650761229","192.168.1.55","192.168.1.2","TCP","1514","8004  >  36370 [ACK] Seq=63902 Ack=144 Win=65024 Len=1448 TSval=2916038731 TSecr=3045558505 [TCP segment of a reassembled PDU]"
"43972","34.650763766","192.168.1.55","192.168.1.2","TCP","1514","8004  >  36370 [PSH, ACK] Seq=65350 Ack=144 Win=65024 Len=1448 TSval=2916038731 TSecr=3045558505 [TCP segment of a reassembled PDU]"
"43973","34.650825025","192.168.1.2","192.168.1.55","TCP","66","36370  >  8004 [ACK] Seq=144 Ack=36390 Win=69632 Len=0 TSval=3045558505 TSecr=2916038726"
"43974","34.650854748","192.168.1.55","192.168.1.2","TCP","1514","8004  >  36370 [ACK] Seq=66798 Ack=144 Win=65024 Len=1448 TSval=2916038731 TSecr=3045558505 [TCP segment of a reassembled PDU]"
"43975","34.650856544","192.168.1.55","192.168.1.2","TCP","1514","8004  >  36370 [ACK] Seq=68246 Ack=144 Win=65024 Len=1448 TSval=2916038731 TSecr=3045558505 [TCP segment of a reassembled PDU]"
"43976","34.650866118","192.168.1.55","192.168.1.2","TCP","1514","8004  >  36370 [ACK] Seq=69694 Ack=144 Win=65024 Len=1448 TSval=2916038731 TSecr=3045558505 [TCP segment of a reassembled PDU]"
"43977","34.650867433","192.168.1.55","192.168.1.2","TCP","1514","8004  >  36370 [ACK] Seq=71142 Ack=144 Win=65024 Len=1448 TSval=2916038731 TSecr=3045558505 [TCP segment of a reassembled PDU]"
"43978","34.650868618","192.168.1.55","192.168.1.2","TCP","1514","8004  >  36370 [ACK] Seq=72590 Ack=144 Win=65024 Len=1448 TSval=2916038731 TSecr=3045558505 [TCP segment of a reassembled PDU]"
"43979","34.650869877","192.168.1.55","192.168.1.2","TCP","1514","8004  >  36370 [ACK] Seq=74038 Ack=144 Win=65024 Len=1448 TSval=2916038731 TSecr=3045558505 [TCP segment of a reassembled PDU]"
"43980","34.650870951","192.168.1.55","192.168.1.2","TCP","1514","8004  >  36370 [PSH, ACK] Seq=75486 Ack=144 Win=65024 Len=1448 TSval=2916038731 TSecr=3045558505 [TCP segment of a reassembled PDU]"
"43981","34.650878433","192.168.1.2","192.168.1.55","TCP","66","36370  >  8004 [ACK] Seq=144 Ack=39286 Win=67584 Len=0 TSval=3045558505 TSecr=2916038726"
"43982","34.653379289","192.168.1.2","192.168.1.55","TCP","66","36370  >  8004 [ACK] Seq=144 Ack=42182 Win=84992 Len=0 TSval=3045558506 TSecr=2916038726"
"43983","34.653436215","192.168.1.55","192.168.1.2","TCP","1514","8004  >  36370 [ACK] Seq=76934 Ack=144 Win=65024 Len=1448 TSval=2916038734 TSecr=3045558506 [TCP segment of a reassembled PDU]"
"43984","34.653440085","192.168.1.55","192.168.1.2","TCP","1514","8004  >  36370 [ACK] Seq=78382 Ack=144 Win=65024 Len=1448 TSval=2916038734 TSecr=3045558506 [TCP segment of a reassembled PDU]"
"43985","34.653441548","192.168.1.55","192.168.1.2","TCP","1514","8004  >  36370 [ACK] Seq=79830 Ack=144 Win=65024 Len=1448 TSval=2916038734 TSecr=3045558506 [TCP segment of a reassembled PDU]"
"43986","34.653443659","192.168.1.55","192.168.1.2","TCP","1514","8004  >  36370 [ACK] Seq=81278 Ack=144 Win=65024 Len=1448 TSval=2916038734 TSecr=3045558506 [TCP segment of a reassembled PDU]"
"43987","34.653445474","192.168.1.55","192.168.1.2","TCP","1514","8004  >  36370 [ACK] Seq=82726 Ack=144 Win=65024 Len=1448 TSval=2916038734 TSecr=3045558506 [TCP segment of a reassembled PDU]"
"43988","34.653447289","192.168.1.55","192.168.1.2","TCP","1514","8004  >  36370 [ACK] Seq=84174 Ack=144 Win=65024 Len=1448 TSval=2916038734 TSecr=3045558506 [TCP segment of a reassembled PDU]"
"43989","34.653448604","192.168.1.55","192.168.1.2","TCP","1514","8004  >  36370 [ACK] Seq=85622 Ack=144 Win=65024 Len=1448 TSval=2916038734 TSecr=3045558506 [TCP segment of a reassembled PDU]"
"43990","34.653450067","192.168.1.55","192.168.1.2","TCP","1514","8004  >  36370 [ACK] Seq=87070 Ack=144 Win=65024 Len=1448 TSval=2916038734 TSecr=3045558506 [TCP segment of a reassembled PDU]"
"43991","34.653451159","192.168.1.55","192.168.1.2","TCP","1514","8004  >  36370 [ACK] Seq=88518 Ack=144 Win=65024 Len=1448 TSval=2916038734 TSecr=3045558506 [TCP segment of a reassembled PDU]"
"43992","34.653452307","192.168.1.55","192.168.1.2","TCP","1514","8004  >  36370 [ACK] Seq=89966 Ack=144 Win=65024 Len=1448 TSval=2916038734 TSecr=3045558506 [TCP segment of a reassembled PDU]"
"43993","34.653453696","192.168.1.55","192.168.1.2","TCP","1514","8004  >  36370 [ACK] Seq=91414 Ack=144 Win=65024 Len=1448 TSval=2916038734 TSecr=3045558506 [TCP segment of a reassembled PDU]"
"43994","34.653455567","192.168.1.55","192.168.1.2","TCP","1514","8004  >  36370 [ACK] Seq=92862 Ack=144 Win=65024 Len=1448 TSval=2916038734 TSecr=3045558506 [TCP segment of a reassembled PDU]"
"43995","34.653456918","192.168.1.55","192.168.1.2","TCP","1514","8004  >  36370 [ACK] Seq=94310 Ack=144 Win=65024 Len=1448 TSval=2916038734 TSecr=3045558506 [TCP segment of a reassembled PDU]"
"43996","34.653458437","192.168.1.55","192.168.1.2","TCP","1514","8004  >  36370 [ACK] Seq=95758 Ack=144 Win=65024 Len=1448 TSval=2916038734 TSecr=3045558506 [TCP segment of a reassembled PDU]"
"43997","34.653459789","192.168.1.55","192.168.1.2","TCP","1514","8004  >  36370 [ACK] Seq=97206 Ack=144 Win=65024 Len=1448 TSval=2916038734 TSecr=3045558506 [TCP segment of a reassembled PDU]"
"43998","34.653460974","192.168.1.55","192.168.1.2","TCP","1514","8004  >  36370 [PSH, ACK] Seq=98654 Ack=144 Win=65024 Len=1448 TSval=2916038734 TSecr=3045558506 [TCP segment of a reassembled PDU]"
"43999","34.653488844","192.168.1.2","192.168.1.55","TCP","66","36370  >  8004 [ACK] Seq=144 Ack=45078 Win=84992 Len=0 TSval=3045558506 TSecr=2916038729"
"44000","34.657766185","192.168.1.2","192.168.1.55","TCP","66","36370  >  8004 [ACK] Seq=144 Ack=66798 Win=66560 Len=0 TSval=3045558509 TSecr=2916038731"
"44001","34.657786370","192.168.1.55","192.168.1.2","TCP","1514","8004  >  36370 [ACK] Seq=100102 Ack=144 Win=65024 Len=1448 TSval=2916038738 TSecr=3045558509 [TCP segment of a reassembled PDU]"
"44002","34.657788722","192.168.1.55","192.168.1.2","TCP","1514","8004  >  36370 [ACK] Seq=101550 Ack=144 Win=65024 Len=1448 TSval=2916038738 TSecr=3045558509 [TCP segment of a reassembled PDU]"
"44003","34.657789851","192.168.1.55","192.168.1.2","TCP","1514","8004  >  36370 [ACK] Seq=102998 Ack=144 Win=65024 Len=1448 TSval=2916038738 TSecr=3045558509 [TCP segment of a reassembled PDU]"
"44004","34.657791055","192.168.1.55","192.168.1.2","TCP","1514","8004  >  36370 [ACK] Seq=104446 Ack=144 Win=65024 Len=1448 TSval=2916038738 TSecr=3045558509 [TCP segment of a reassembled PDU]"
"44005","34.657792166","192.168.1.55","192.168.1.2","TCP","1514","8004  >  36370 [ACK] Seq=105894 Ack=144 Win=65024 Len=1448 TSval=2916038738 TSecr=3045558509 [TCP segment of a reassembled PDU]"
"44006","34.657793240","192.168.1.55","192.168.1.2","TCP","1514","8004  >  36370 [ACK] Seq=107342 Ack=144 Win=65024 Len=1448 TSval=2916038738 TSecr=3045558509 [TCP segment of a reassembled PDU]"
"44007","34.657794444","192.168.1.55","192.168.1.2","TCP","1514","8004  >  36370 [ACK] Seq=108790 Ack=144 Win=65024 Len=1448 TSval=2916038738 TSecr=3045558509 [TCP segment of a reassembled PDU]"
"44008","34.657795592","192.168.1.55","192.168.1.2","TCP","1514","8004  >  36370 [ACK] Seq=110238 Ack=144 Win=65024 Len=1448 TSval=2916038738 TSecr=3045558509 [TCP segment of a reassembled PDU]"
"44009","34.657796740","192.168.1.55","192.168.1.2","TCP","1514","8004  >  36370 [ACK] Seq=111686 Ack=144 Win=65024 Len=1448 TSval=2916038738 TSecr=3045558509 [TCP segment of a reassembled PDU]"
"44010","34.657797907","192.168.1.55","192.168.1.2","TCP","1514","8004  >  36370 [ACK] Seq=113134 Ack=144 Win=65024 Len=1448 TSval=2916038738 TSecr=3045558509 [TCP segment of a reassembled PDU]"
"44011","34.657799055","192.168.1.55","192.168.1.2","TCP","1514","8004  >  36370 [ACK] Seq=114582 Ack=144 Win=65024 Len=1448 TSval=2916038738 TSecr=3045558509 [TCP segment of a reassembled PDU]"
"44012","34.657800666","192.168.1.55","192.168.1.2","TCP","1514","8004  >  36370 [ACK] Seq=116030 Ack=144 Win=65024 Len=1448 TSval=2916038738 TSecr=3045558509 [TCP segment of a reassembled PDU]"
"44013","34.657801962","192.168.1.55","192.168.1.2","TCP","1514","8004  >  36370 [PSH, ACK] Seq=117478 Ack=144 Win=65024 Len=1448 TSval=2916038738 TSecr=3045558509 [TCP segment of a reassembled PDU]"
"44014","34.658401612","192.168.1.2","192.168.1.55","TCP","66","36370  >  8004 [ACK] Seq=144 Ack=68246 Win=65536 Len=0 TSval=3045558509 TSecr=2916038731"
"44015","34.658411556","192.168.1.2","192.168.1.55","TCP","66","36370  >  8004 [ACK] Seq=144 Ack=76934 Win=76800 Len=0 TSval=3045558510 TSecr=2916038731"
"44016","34.658443500","192.168.1.55","192.168.1.2","TCP","1514","8004  >  36370 [ACK] Seq=118926 Ack=144 Win=65024 Len=1448 TSval=2916038739 TSecr=3045558510 [TCP segment of a reassembled PDU]"
"44017","34.658445815","192.168.1.55","192.168.1.2","TCP","1514","8004  >  36370 [ACK] Seq=120374 Ack=144 Win=65024 Len=1448 TSval=2916038739 TSecr=3045558510 [TCP segment of a reassembled PDU]"
"44018","34.658446982","192.168.1.55","192.168.1.2","TCP","1514","8004  >  36370 [ACK] Seq=121822 Ack=144 Win=65024 Len=1448 TSval=2916038739 TSecr=3045558510 [TCP segment of a reassembled PDU]"
"44019","34.658448186","192.168.1.55","192.168.1.2","TCP","1514","8004  >  36370 [ACK] Seq=123270 Ack=144 Win=65024 Len=1448 TSval=2916038739 TSecr=3045558510 [TCP segment of a reassembled PDU]"
"44020","34.658449334","192.168.1.55","192.168.1.2","TCP","1514","8004  >  36370 [ACK] Seq=124718 Ack=144 Win=65024 Len=1448 TSval=2916038739 TSecr=3045558510 [TCP segment of a reassembled PDU]"
"44021","34.658450501","192.168.1.55","192.168.1.2","TCP","1514","8004  >  36370 [ACK] Seq=126166 Ack=144 Win=65024 Len=1448 TSval=2916038739 TSecr=3045558510 [TCP segment of a reassembled PDU]"
"44022","34.658452371","192.168.1.55","192.168.1.2","TCP","1514","8004  >  36370 [ACK] Seq=127614 Ack=144 Win=65024 Len=1448 TSval=2916038739 TSecr=3045558510 [TCP segment of a reassembled PDU]"
"44023","34.658453463","192.168.1.55","192.168.1.2","TCP","1514","8004  >  36370 [ACK] Seq=129062 Ack=144 Win=65024 Len=1448 TSval=2916038739 TSecr=3045558510 [TCP segment of a reassembled PDU]"
"44024","34.658454649","192.168.1.55","192.168.1.2","TCP","1514","8004  >  36370 [ACK] Seq=130510 Ack=144 Win=65024 Len=1448 TSval=2916038739 TSecr=3045558510 [TCP segment of a reassembled PDU]"
"44025","34.658455741","192.168.1.55","192.168.1.2","TCP","1514","8004  >  36370 [ACK] Seq=131958 Ack=144 Win=65024 Len=1448 TSval=2916038739 TSecr=3045558510 [TCP segment of a reassembled PDU]"
"44026","34.658456852","192.168.1.55","192.168.1.2","TCP","1514","8004  >  36370 [ACK] Seq=133406 Ack=144 Win=65024 Len=1448 TSval=2916038739 TSecr=3045558510 [TCP segment of a reassembled PDU]"
"44027","34.658458075","192.168.1.55","192.168.1.2","TCP","1514","8004  >  36370 [ACK] Seq=134854 Ack=144 Win=65024 Len=1448 TSval=2916038739 TSecr=3045558510 [TCP segment of a reassembled PDU]"
"44028","34.658459186","192.168.1.55","192.168.1.2","TCP","1514","8004  >  36370 [ACK] Seq=136302 Ack=144 Win=65024 Len=1448 TSval=2916038739 TSecr=3045558510 [TCP segment of a reassembled PDU]"
"44029","34.658460297","192.168.1.55","192.168.1.2","TCP","1514","8004  >  36370 [ACK] Seq=137750 Ack=144 Win=65024 Len=1448 TSval=2916038739 TSecr=3045558510 [TCP segment of a reassembled PDU]"
"44030","34.658461408","192.168.1.55","192.168.1.2","TCP","1514","8004  >  36370 [ACK] Seq=139198 Ack=144 Win=65024 Len=1448 TSval=2916038739 TSecr=3045558510 [TCP segment of a reassembled PDU]"
"44031","34.658462501","192.168.1.55","192.168.1.2","TCP","1514","8004  >  36370 [ACK] Seq=140646 Ack=144 Win=65024 Len=1448 TSval=2916038739 TSecr=3045558510 [TCP segment of a reassembled PDU]"
"44032","34.658463686","192.168.1.55","192.168.1.2","TCP","1514","8004  >  36370 [ACK] Seq=142094 Ack=144 Win=65024 Len=1448 TSval=2916038739 TSecr=3045558510 [TCP segment of a reassembled PDU]"
"44033","34.658464760","192.168.1.55","192.168.1.2","TCP","1514","8004  >  36370 [ACK] Seq=143542 Ack=144 Win=65024 Len=1448 TSval=2916038739 TSecr=3045558510 [TCP segment of a reassembled PDU]"
"44034","34.658465945","192.168.1.55","192.168.1.2","TCP","1514","8004  >  36370 [ACK] Seq=144990 Ack=144 Win=65024 Len=1448 TSval=2916038739 TSecr=3045558510 [TCP segment of a reassembled PDU]"
"44035","34.658467093","192.168.1.55","192.168.1.2","TCP","1514","8004  >  36370 [ACK] Seq=146438 Ack=144 Win=65024 Len=1448 TSval=2916038739 TSecr=3045558510 [TCP segment of a reassembled PDU]"
"44036","34.658468186","192.168.1.55","192.168.1.2","TCP","1514","8004  >  36370 [ACK] Seq=147886 Ack=144 Win=65024 Len=1448 TSval=2916038739 TSecr=3045558510 [TCP segment of a reassembled PDU]"
"44037","34.658469389","192.168.1.55","192.168.1.2","TCP","1514","8004  >  36370 [ACK] Seq=149334 Ack=144 Win=65024 Len=1448 TSval=2916038739 TSecr=3045558510 [TCP segment of a reassembled PDU]"
"44038","34.658470538","192.168.1.55","192.168.1.2","TCP","1514","8004  >  36370 [ACK] Seq=150782 Ack=144 Win=65024 Len=1448 TSval=2916038739 TSecr=3045558510 [TCP segment of a reassembled PDU]"
"44039","34.658471741","192.168.1.55","192.168.1.2","TCP","1514","8004  >  36370 [ACK] Seq=152230 Ack=144 Win=65024 Len=1448 TSval=2916038739 TSecr=3045558510 [TCP segment of a reassembled PDU]"
"44040","34.658472926","192.168.1.55","192.168.1.2","TCP","122","[TCP Window Full] 8004  >  36370 [PSH, ACK] Seq=153678 Ack=144 Win=65024 Len=56 TSval=2916038739 TSecr=3045558510 [TCP segment of a reassembled PDU]"
"44041","34.658476964","192.168.1.2","192.168.1.55","TCP","66","36370  >  8004 [ACK] Seq=144 Ack=91414 Win=71680 Len=0 TSval=3045558511 TSecr=2916038734"
"44042","34.658488704","192.168.1.55","192.168.1.2","TCP","1514","8004  >  36370 [ACK] Seq=153734 Ack=144 Win=65024 Len=1448 TSval=2916038739 TSecr=3045558511 [TCP segment of a reassembled PDU]"
"44043","34.658489926","192.168.1.55","192.168.1.2","TCP","1514","8004  >  36370 [ACK] Seq=155182 Ack=144 Win=65024 Len=1448 TSval=2916038739 TSecr=3045558511 [TCP segment of a reassembled PDU]"
"44044","34.658490982","192.168.1.55","192.168.1.2","TCP","1514","8004  >  36370 [ACK] Seq=156630 Ack=144 Win=65024 Len=1448 TSval=2916038739 TSecr=3045558511 [TCP segment of a reassembled PDU]"
"44045","34.658492186","192.168.1.55","192.168.1.2","TCP","1514","8004  >  36370 [PSH, ACK] Seq=158078 Ack=144 Win=65024 Len=1448 TSval=2916038739 TSecr=3045558511 [TCP segment of a reassembled PDU]"
"44046","34.658497723","192.168.1.55","192.168.1.2","TCP","1458","8004  >  36370 [ACK] Seq=159526 Ack=144 Win=65024 Len=1392 TSval=2916038739 TSecr=3045558511 [TCP segment of a reassembled PDU]"
"44047","34.658500908","192.168.1.2","192.168.1.55","TCP","66","36370  >  8004 [ACK] Seq=144 Ack=100102 Win=76800 Len=0 TSval=3045558512 TSecr=2916038734"
"44048","34.658521056","192.168.1.55","192.168.1.2","TCP","1514","8004  >  36370 [ACK] Seq=160918 Ack=144 Win=65024 Len=1448 TSval=2916038739 TSecr=3045558512 [TCP segment of a reassembled PDU]"
"44049","34.658522612","192.168.1.55","192.168.1.2","TCP","1514","8004  >  36370 [ACK] Seq=162366 Ack=144 Win=65024 Len=1448 TSval=2916038739 TSecr=3045558512 [TCP segment of a reassembled PDU]"
"44050","34.658523778","192.168.1.55","192.168.1.2","TCP","1514","8004  >  36370 [ACK] Seq=163814 Ack=144 Win=65024 Len=1448 TSval=2916038739 TSecr=3045558512 [TCP segment of a reassembled PDU]"
"44051","34.658524982","192.168.1.55","192.168.1.2","TCP","1514","8004  >  36370 [ACK] Seq=165262 Ack=144 Win=65024 Len=1448 TSval=2916038739 TSecr=3045558512 [TCP segment of a reassembled PDU]"
"44052","34.658526204","192.168.1.55","192.168.1.2","TCP","1514","8004  >  36370 [ACK] Seq=166710 Ack=144 Win=65024 Len=1448 TSval=2916038739 TSecr=3045558512 [TCP segment of a reassembled PDU]"
"44053","34.658527408","192.168.1.55","192.168.1.2","TCP","1514","8004  >  36370 [ACK] Seq=168158 Ack=144 Win=65024 Len=1448 TSval=2916038739 TSecr=3045558512 [TCP segment of a reassembled PDU]"
"44054","34.658528501","192.168.1.55","192.168.1.2","TCP","1514","8004  >  36370 [ACK] Seq=169606 Ack=144 Win=65024 Len=1448 TSval=2916038739 TSecr=3045558512 [TCP segment of a reassembled PDU]"
"44055","34.658529760","192.168.1.55","192.168.1.2","TCP","1514","8004  >  36370 [ACK] Seq=171054 Ack=144 Win=65024 Len=1448 TSval=2916038739 TSecr=3045558512 [TCP segment of a reassembled PDU]"
"44056","34.658530908","192.168.1.55","192.168.1.2","TCP","1514","8004  >  36370 [ACK] Seq=172502 Ack=144 Win=65024 Len=1448 TSval=2916038739 TSecr=3045558512 [TCP segment of a reassembled PDU]"
"44057","34.658532019","192.168.1.55","192.168.1.2","TCP","1514","8004  >  36370 [ACK] Seq=173950 Ack=144 Win=65024 Len=1448 TSval=2916038739 TSecr=3045558512 [TCP segment of a reassembled PDU]"
"44058","34.658533204","192.168.1.55","192.168.1.2","TCP","1514","8004  >  36370 [PSH, ACK] Seq=175398 Ack=144 Win=65024 Len=1448 TSval=2916038739 TSecr=3045558512 [TCP segment of a reassembled PDU]"
"44059","34.664418584","192.168.1.2","192.168.1.55","TCP","66","36370  >  8004 [ACK] Seq=144 Ack=118926 Win=68608 Len=0 TSval=3045558518 TSecr=2916038738"
"44060","34.664431862","192.168.1.55","192.168.1.2","TCP","1514","8004  >  36370 [ACK] Seq=176846 Ack=144 Win=65024 Len=1448 TSval=2916038745 TSecr=3045558518 [TCP segment of a reassembled PDU]"
"44061","34.664434714","192.168.1.55","192.168.1.2","TCP","1514","8004  >  36370 [ACK] Seq=178294 Ack=144 Win=65024 Len=1448 TSval=2916038745 TSecr=3045558518 [TCP segment of a reassembled PDU]"
"44062","34.664436010","192.168.1.55","192.168.1.2","TCP","1514","8004  >  36370 [ACK] Seq=179742 Ack=144 Win=65024 Len=1448 TSval=2916038745 TSecr=3045558518 [TCP segment of a reassembled PDU]"
"44063","34.664437362","192.168.1.55","192.168.1.2","TCP","1514","8004  >  36370 [ACK] Seq=181190 Ack=144 Win=65024 Len=1448 TSval=2916038745 TSecr=3045558518 [TCP segment of a reassembled PDU]"
"44064","34.664438732","192.168.1.55","192.168.1.2","TCP","1514","8004  >  36370 [ACK] Seq=182638 Ack=144 Win=65024 Len=1448 TSval=2916038745 TSecr=3045558518 [TCP segment of a reassembled PDU]"
"44065","34.664440029","192.168.1.55","192.168.1.2","TCP","1514","8004  >  36370 [ACK] Seq=184086 Ack=144 Win=65024 Len=1448 TSval=2916038745 TSecr=3045558518 [TCP segment of a reassembled PDU]"
"44066","34.664441436","192.168.1.55","192.168.1.2","TCP","1514","8004  >  36370 [PSH, ACK] Seq=185534 Ack=144 Win=65024 Len=1448 TSval=2916038745 TSecr=3045558518 [TCP segment of a reassembled PDU]"
"44067","34.664823122","192.168.1.2","192.168.1.55","TCP","66","36370  >  8004 [ACK] Seq=144 Ack=153734 Win=56320 Len=0 TSval=3045558518 TSecr=2916038739"
"44068","34.664840029","192.168.1.55","192.168.1.2","TCP","1514","8004  >  36370 [ACK] Seq=186982 Ack=144 Win=65024 Len=1448 TSval=2916038745 TSecr=3045558518 [TCP segment of a reassembled PDU]"
"44069","34.664842177","192.168.1.55","192.168.1.2","TCP","1514","8004  >  36370 [ACK] Seq=188430 Ack=144 Win=65024 Len=1448 TSval=2916038745 TSecr=3045558518 [TCP segment of a reassembled PDU]"
"44070","34.664843603","192.168.1.55","192.168.1.2","TCP","1514","8004  >  36370 [ACK] Seq=189878 Ack=144 Win=65024 Len=1448 TSval=2916038745 TSecr=3045558518 [TCP segment of a reassembled PDU]"
"44071","34.664845048","192.168.1.55","192.168.1.2","TCP","1514","8004  >  36370 [ACK] Seq=191326 Ack=144 Win=65024 Len=1448 TSval=2916038745 TSecr=3045558518 [TCP segment of a reassembled PDU]"
"44072","34.664846344","192.168.1.55","192.168.1.2","TCP","1514","8004  >  36370 [ACK] Seq=192774 Ack=144 Win=65024 Len=1448 TSval=2916038745 TSecr=3045558518 [TCP segment of a reassembled PDU]"
"44073","34.664847640","192.168.1.55","192.168.1.2","TCP","1514","8004  >  36370 [ACK] Seq=194222 Ack=144 Win=65024 Len=1448 TSval=2916038745 TSecr=3045558518 [TCP segment of a reassembled PDU]"
"44074","34.664849085","192.168.1.55","192.168.1.2","TCP","1514","8004  >  36370 [ACK] Seq=195670 Ack=144 Win=65024 Len=1448 TSval=2916038745 TSecr=3045558518 [TCP segment of a reassembled PDU]"
"44075","34.664850381","192.168.1.55","192.168.1.2","TCP","1514","8004  >  36370 [ACK] Seq=197118 Ack=144 Win=65024 Len=1448 TSval=2916038745 TSecr=3045558518 [TCP segment of a reassembled PDU]"
"44076","34.664852048","192.168.1.55","192.168.1.2","TCP","1514","8004  >  36370 [ACK] Seq=198566 Ack=144 Win=65024 Len=1448 TSval=2916038745 TSecr=3045558518 [TCP segment of a reassembled PDU]"
"44077","34.664853344","192.168.1.55","192.168.1.2","TCP","1514","8004  >  36370 [ACK] Seq=200014 Ack=144 Win=65024 Len=1448 TSval=2916038745 TSecr=3045558518 [TCP segment of a reassembled PDU]"
"44078","34.664854585","192.168.1.55","192.168.1.2","TCP","1514","8004  >  36370 [PSH, ACK] Seq=201462 Ack=144 Win=65024 Len=1448 TSval=2916038745 TSecr=3045558518 [TCP segment of a reassembled PDU]"
"44079","34.664858955","192.168.1.2","192.168.1.55","TCP","66","36370  >  8004 [ACK] Seq=144 Ack=160918 Win=49152 Len=0 TSval=3045558518 TSecr=2916038739"
"44080","34.664866140","192.168.1.2","192.168.1.55","TCP","66","36370  >  8004 [ACK] Seq=144 Ack=168158 Win=74752 Len=0 TSval=3045558518 TSecr=2916038739"
"44081","34.664898252","192.168.1.55","192.168.1.2","TCP","1514","8004  >  36370 [ACK] Seq=202910 Ack=144 Win=65024 Len=1448 TSval=2916038745 TSecr=3045558518 [TCP segment of a reassembled PDU]"
"44082","34.664899937","192.168.1.55","192.168.1.2","TCP","1514","8004  >  36370 [ACK] Seq=204358 Ack=144 Win=65024 Len=1448 TSval=2916038745 TSecr=3045558518 [TCP segment of a reassembled PDU]"
"44083","34.664901289","192.168.1.55","192.168.1.2","TCP","1514","8004  >  36370 [ACK] Seq=205806 Ack=144 Win=65024 Len=1448 TSval=2916038745 TSecr=3045558518 [TCP segment of a reassembled PDU]"
"44084","34.664902659","192.168.1.55","192.168.1.2","TCP","1514","8004  >  36370 [ACK] Seq=207254 Ack=144 Win=65024 Len=1448 TSval=2916038745 TSecr=3045558518 [TCP segment of a reassembled PDU]"
"44085","34.664903937","192.168.1.55","192.168.1.2","TCP","1514","8004  >  36370 [ACK] Seq=208702 Ack=144 Win=65024 Len=1448 TSval=2916038745 TSecr=3045558518 [TCP segment of a reassembled PDU]"
"44086","34.664905289","192.168.1.55","192.168.1.2","TCP","1514","8004  >  36370 [ACK] Seq=210150 Ack=144 Win=65024 Len=1448 TSval=2916038745 TSecr=3045558518 [TCP segment of a reassembled PDU]"
"44087","34.664906696","192.168.1.55","192.168.1.2","TCP","1514","8004  >  36370 [ACK] Seq=211598 Ack=144 Win=65024 Len=1448 TSval=2916038745 TSecr=3045558518 [TCP segment of a reassembled PDU]"
"44088","34.664907937","192.168.1.55","192.168.1.2","TCP","1514","8004  >  36370 [ACK] Seq=213046 Ack=144 Win=65024 Len=1448 TSval=2916038745 TSecr=3045558518 [TCP segment of a reassembled PDU]"
"44089","34.664909381","192.168.1.55","192.168.1.2","TCP","1514","8004  >  36370 [ACK] Seq=214494 Ack=144 Win=65024 Len=1448 TSval=2916038745 TSecr=3045558518 [TCP segment of a reassembled PDU]"
"44090","34.664910715","192.168.1.55","192.168.1.2","TCP","1514","8004  >  36370 [ACK] Seq=215942 Ack=144 Win=65024 Len=1448 TSval=2916038745 TSecr=3045558518 [TCP segment of a reassembled PDU]"
"44091","34.664911992","192.168.1.55","192.168.1.2","TCP","1514","8004  >  36370 [ACK] Seq=217390 Ack=144 Win=65024 Len=1448 TSval=2916038745 TSecr=3045558518 [TCP segment of a reassembled PDU]"
"44092","34.664913511","192.168.1.55","192.168.1.2","TCP","1514","8004  >  36370 [ACK] Seq=218838 Ack=144 Win=65024 Len=1448 TSval=2916038745 TSecr=3045558518 [TCP segment of a reassembled PDU]"
"44093","34.664914881","192.168.1.55","192.168.1.2","TCP","1514","8004  >  36370 [ACK] Seq=220286 Ack=144 Win=65024 Len=1448 TSval=2916038745 TSecr=3045558518 [TCP segment of a reassembled PDU]"
"44094","34.664916363","192.168.1.55","192.168.1.2","TCP","1514","8004  >  36370 [ACK] Seq=221734 Ack=144 Win=65024 Len=1448 TSval=2916038745 TSecr=3045558518 [TCP segment of a reassembled PDU]"
"44095","34.664917752","192.168.1.55","192.168.1.2","TCP","1514","8004  >  36370 [ACK] Seq=223182 Ack=144 Win=65024 Len=1448 TSval=2916038745 TSecr=3045558518 [TCP segment of a reassembled PDU]"
"44096","34.664919048","192.168.1.55","192.168.1.2","TCP","1514","8004  >  36370 [ACK] Seq=224630 Ack=144 Win=65024 Len=1448 TSval=2916038745 TSecr=3045558518 [TCP segment of a reassembled PDU]"
"44097","34.664920400","192.168.1.55","192.168.1.2","TCP","1514","8004  >  36370 [ACK] Seq=226078 Ack=144 Win=65024 Len=1448 TSval=2916038745 TSecr=3045558518 [TCP segment of a reassembled PDU]"
"44098","34.664921826","192.168.1.55","192.168.1.2","TCP","1514","8004  >  36370 [ACK] Seq=227526 Ack=144 Win=65024 Len=1448 TSval=2916038745 TSecr=3045558518 [TCP segment of a reassembled PDU]"
"44099","34.664923122","192.168.1.55","192.168.1.2","TCP","1514","8004  >  36370 [ACK] Seq=228974 Ack=144 Win=65024 Len=1448 TSval=2916038745 TSecr=3045558518 [TCP segment of a reassembled PDU]"
"44100","34.664924474","192.168.1.55","192.168.1.2","TCP","1514","8004  >  36370 [ACK] Seq=230422 Ack=144 Win=65024 Len=1448 TSval=2916038745 TSecr=3045558518 [TCP segment of a reassembled PDU]"
"44101","34.664926344","192.168.1.55","192.168.1.2","TCP","1514","8004  >  36370 [ACK] Seq=231870 Ack=144 Win=65024 Len=1448 TSval=2916038745 TSecr=3045558518 [TCP segment of a reassembled PDU]"
"44102","34.664927696","192.168.1.55","192.168.1.2","TCP","1514","8004  >  36370 [ACK] Seq=233318 Ack=144 Win=65024 Len=1448 TSval=2916038745 TSecr=3045558518 [TCP segment of a reassembled PDU]"
"44103","34.664929122","192.168.1.55","192.168.1.2","TCP","1514","8004  >  36370 [ACK] Seq=234766 Ack=144 Win=65024 Len=1448 TSval=2916038745 TSecr=3045558518 [TCP segment of a reassembled PDU]"
"44104","34.664930381","192.168.1.55","192.168.1.2","TCP","1514","8004  >  36370 [ACK] Seq=236214 Ack=144 Win=65024 Len=1448 TSval=2916038745 TSecr=3045558518 [TCP segment of a reassembled PDU]"
"44105","34.664931807","192.168.1.55","192.168.1.2","TCP","1514","8004  >  36370 [ACK] Seq=237662 Ack=144 Win=65024 Len=1448 TSval=2916038745 TSecr=3045558518 [TCP segment of a reassembled PDU]"
"44106","34.664933233","192.168.1.55","192.168.1.2","TCP","1514","8004  >  36370 [ACK] Seq=239110 Ack=144 Win=65024 Len=1448 TSval=2916038745 TSecr=3045558518 [TCP segment of a reassembled PDU]"
"44107","34.664934492","192.168.1.55","192.168.1.2","TCP","1514","8004  >  36370 [ACK] Seq=240558 Ack=144 Win=65024 Len=1448 TSval=2916038745 TSecr=3045558518 [TCP segment of a reassembled PDU]"
"44108","34.664935752","192.168.1.55","192.168.1.2","TCP","970","[TCP Window Full] 8004  >  36370 [PSH, ACK] Seq=242006 Ack=144 Win=65024 Len=904 TSval=2916038745 TSecr=3045558518 [TCP segment of a reassembled PDU]"
"44109","34.664940252","192.168.1.2","192.168.1.55","TCP","66","36370  >  8004 [ACK] Seq=144 Ack=176846 Win=76800 Len=0 TSval=3045558519 TSecr=2916038739"
"44110","34.664948344","192.168.1.55","192.168.1.2","TCP","1514","8004  >  36370 [ACK] Seq=242910 Ack=144 Win=65024 Len=1448 TSval=2916038745 TSecr=3045558519 [TCP segment of a reassembled PDU]"
"44111","34.664952400","192.168.1.55","192.168.1.2","TCP","610","8004  >  36370 [ACK] Seq=244358 Ack=144 Win=65024 Len=544 TSval=2916038745 TSecr=3045558519 [TCP segment of a reassembled PDU]"
"44112","34.664963474","192.168.1.55","192.168.1.2","TCP","1514","8004  >  36370 [ACK] Seq=244902 Ack=144 Win=65024 Len=1448 TSval=2916038745 TSecr=3045558519 [TCP segment of a reassembled PDU]"
"44113","34.664964789","192.168.1.55","192.168.1.2","TCP","1514","8004  >  36370 [ACK] Seq=246350 Ack=144 Win=65024 Len=1448 TSval=2916038745 TSecr=3045558519 [TCP segment of a reassembled PDU]"
"44114","34.664966122","192.168.1.55","192.168.1.2","TCP","1514","8004  >  36370 [ACK] Seq=247798 Ack=144 Win=65024 Len=1448 TSval=2916038745 TSecr=3045558519 [TCP segment of a reassembled PDU]"
"44115","34.664967437","192.168.1.55","192.168.1.2","TCP","1514","8004  >  36370 [ACK] Seq=249246 Ack=144 Win=65024 Len=1448 TSval=2916038745 TSecr=3045558519 [TCP segment of a reassembled PDU]"
"44116","34.664968807","192.168.1.55","192.168.1.2","TCP","1514","8004  >  36370 [ACK] Seq=250694 Ack=144 Win=65024 Len=1448 TSval=2916038745 TSecr=3045558519 [TCP segment of a reassembled PDU]"
"44117","34.664970141","192.168.1.55","192.168.1.2","TCP","1514","8004  >  36370 [PSH, ACK] Seq=252142 Ack=144 Win=65024 Len=1448 TSval=2916038745 TSecr=3045558519 [TCP segment of a reassembled PDU]"
"44118","34.669519777","192.168.1.2","192.168.1.55","TCP","66","36370  >  8004 [ACK] Seq=144 Ack=181190 Win=90112 Len=0 TSval=3045558521 TSecr=2916038745"
"44119","34.669540037","192.168.1.55","192.168.1.2","TCP","1514","8004  >  36370 [ACK] Seq=253590 Ack=144 Win=65024 Len=1448 TSval=2916038750 TSecr=3045558521 [TCP segment of a reassembled PDU]"
"44120","34.669542629","192.168.1.55","192.168.1.2","TCP","1514","8004  >  36370 [ACK] Seq=255038 Ack=144 Win=65024 Len=1448 TSval=2916038750 TSecr=3045558521 [TCP segment of a reassembled PDU]"
"44121","34.669544018","192.168.1.55","192.168.1.2","TCP","1514","8004  >  36370 [ACK] Seq=256486 Ack=144 Win=65024 Len=1448 TSval=2916038750 TSecr=3045558521 [TCP segment of a reassembled PDU]"
"44122","34.669545389","192.168.1.55","192.168.1.2","TCP","1514","8004  >  36370 [ACK] Seq=257934 Ack=144 Win=65024 Len=1448 TSval=2916038750 TSecr=3045558521 [TCP segment of a reassembled PDU]"
"44123","34.669546963","192.168.1.55","192.168.1.2","TCP","1514","8004  >  36370 [ACK] Seq=259382 Ack=144 Win=65024 Len=1448 TSval=2916038750 TSecr=3045558521 [TCP segment of a reassembled PDU]"
"44124","34.669548500","192.168.1.55","192.168.1.2","TCP","1514","8004  >  36370 [ACK] Seq=260830 Ack=144 Win=65024 Len=1448 TSval=2916038750 TSecr=3045558521 [TCP segment of a reassembled PDU]"
"44125","34.669549944","192.168.1.55","192.168.1.2","TCP","1514","8004  >  36370 [ACK] Seq=262278 Ack=144 Win=65024 Len=1448 TSval=2916038750 TSecr=3045558521 [TCP segment of a reassembled PDU]"
"44126","34.669551166","192.168.1.55","192.168.1.2","TCP","1514","8004  >  36370 [ACK] Seq=263726 Ack=144 Win=65024 Len=1448 TSval=2916038750 TSecr=3045558521 [TCP segment of a reassembled PDU]"
"44127","34.669552370","192.168.1.55","192.168.1.2","TCP","1514","8004  >  36370 [ACK] Seq=265174 Ack=144 Win=65024 Len=1448 TSval=2916038750 TSecr=3045558521 [TCP segment of a reassembled PDU]"
"44128","34.669553685","192.168.1.55","192.168.1.2","TCP","1514","8004  >  36370 [ACK] Seq=266622 Ack=144 Win=65024 Len=1448 TSval=2916038750 TSecr=3045558521 [TCP segment of a reassembled PDU]"
"44129","34.669554889","192.168.1.55","192.168.1.2","TCP","1514","8004  >  36370 [ACK] Seq=268070 Ack=144 Win=65024 Len=1448 TSval=2916038750 TSecr=3045558521 [TCP segment of a reassembled PDU]"
"44130","34.669556111","192.168.1.55","192.168.1.2","TCP","1514","8004  >  36370 [PSH, ACK] Seq=269518 Ack=144 Win=65024 Len=1448 TSval=2916038750 TSecr=3045558521 [TCP segment of a reassembled PDU]"
"44131","34.672569727","192.168.1.2","192.168.1.55","TCP","66","36370  >  8004 [ACK] Seq=144 Ack=186982 Win=102400 Len=0 TSval=3045558525 TSecr=2916038745"
"44132","34.672586616","192.168.1.55","192.168.1.2","TCP","1514","8004  >  36370 [ACK] Seq=270966 Ack=144 Win=65024 Len=1448 TSval=2916038753 TSecr=3045558525 [TCP segment of a reassembled PDU]"
"44133","34.672588801","192.168.1.55","192.168.1.2","TCP","1514","8004  >  36370 [ACK] Seq=272414 Ack=144 Win=65024 Len=1448 TSval=2916038753 TSecr=3045558525 [TCP segment of a reassembled PDU]"
"44134","34.672590264","192.168.1.55","192.168.1.2","TCP","1514","8004  >  36370 [ACK] Seq=273862 Ack=144 Win=65024 Len=1448 TSval=2916038753 TSecr=3045558525 [TCP segment of a reassembled PDU]"
"44135","34.672591560","192.168.1.55","192.168.1.2","TCP","1514","8004  >  36370 [ACK] Seq=275310 Ack=144 Win=65024 Len=1448 TSval=2916038753 TSecr=3045558525 [TCP segment of a reassembled PDU]"
"44136","34.672593245","192.168.1.55","192.168.1.2","TCP","1514","8004  >  36370 [ACK] Seq=276758 Ack=144 Win=65024 Len=1448 TSval=2916038753 TSecr=3045558525 [TCP segment of a reassembled PDU]"
"44137","34.672594616","192.168.1.55","192.168.1.2","TCP","1514","8004  >  36370 [ACK] Seq=278206 Ack=144 Win=65024 Len=1448 TSval=2916038753 TSecr=3045558525 [TCP segment of a reassembled PDU]"
"44138","34.672595968","192.168.1.55","192.168.1.2","TCP","1514","8004  >  36370 [ACK] Seq=279654 Ack=144 Win=65024 Len=1448 TSval=2916038753 TSecr=3045558525 [TCP segment of a reassembled PDU]"
"44139","34.672597338","192.168.1.55","192.168.1.2","TCP","1514","8004  >  36370 [ACK] Seq=281102 Ack=144 Win=65024 Len=1448 TSval=2916038753 TSecr=3045558525 [TCP segment of a reassembled PDU]"
"44140","34.672598616","192.168.1.55","192.168.1.2","TCP","1514","8004  >  36370 [ACK] Seq=282550 Ack=144 Win=65024 Len=1448 TSval=2916038753 TSecr=3045558525 [TCP segment of a reassembled PDU]"
"44141","34.672600319","192.168.1.55","192.168.1.2","TCP","1514","8004  >  36370 [ACK] Seq=283998 Ack=144 Win=65024 Len=1448 TSval=2916038753 TSecr=3045558525 [TCP segment of a reassembled PDU]"
"44142","34.672602005","192.168.1.55","192.168.1.2","TCP","1514","8004  >  36370 [PSH, ACK] Seq=285446 Ack=144 Win=65024 Len=1448 TSval=2916038753 TSecr=3045558525 [TCP segment of a reassembled PDU]"
"44143","34.673125580","192.168.1.2","192.168.1.55","TCP","66","36370  >  8004 [ACK] Seq=144 Ack=202910 Win=113664 Len=0 TSval=3045558525 TSecr=2916038745"
"44144","34.673133709","192.168.1.2","192.168.1.55","TCP","66","36370  >  8004 [ACK] Seq=144 Ack=242910 Win=105472 Len=0 TSval=3045558525 TSecr=2916038745"
"44145","34.673167265","192.168.1.55","192.168.1.2","TCP","1514","8004  >  36370 [ACK] Seq=286894 Ack=144 Win=65024 Len=1448 TSval=2916038753 TSecr=3045558525 [TCP segment of a reassembled PDU]"
"44146","34.673169117","192.168.1.55","192.168.1.2","TCP","1514","8004  >  36370 [ACK] Seq=288342 Ack=144 Win=65024 Len=1448 TSval=2916038753 TSecr=3045558525 [TCP segment of a reassembled PDU]"
"44147","34.673170394","192.168.1.55","192.168.1.2","TCP","1514","8004  >  36370 [ACK] Seq=289790 Ack=144 Win=65024 Len=1448 TSval=2916038753 TSecr=3045558525 [TCP segment of a reassembled PDU]"
"44148","34.673171691","192.168.1.55","192.168.1.2","TCP","1514","8004  >  36370 [ACK] Seq=291238 Ack=144 Win=65024 Len=1448 TSval=2916038753 TSecr=3045558525 [TCP segment of a reassembled PDU]"
"44149","34.673173061","192.168.1.55","192.168.1.2","TCP","1514","8004  >  36370 [ACK] Seq=292686 Ack=144 Win=65024 Len=1448 TSval=2916038753 TSecr=3045558525 [TCP segment of a reassembled PDU]"
"44150","34.673174709","192.168.1.55","192.168.1.2","TCP","1514","8004  >  36370 [ACK] Seq=294134 Ack=144 Win=65024 Len=1448 TSval=2916038753 TSecr=3045558525 [TCP segment of a reassembled PDU]"
"44151","34.673176135","192.168.1.55","192.168.1.2","TCP","1514","8004  >  36370 [ACK] Seq=295582 Ack=144 Win=65024 Len=1448 TSval=2916038753 TSecr=3045558525 [TCP segment of a reassembled PDU]"
"44152","34.673177506","192.168.1.55","192.168.1.2","TCP","1514","8004  >  36370 [ACK] Seq=297030 Ack=144 Win=65024 Len=1448 TSval=2916038753 TSecr=3045558525 [TCP segment of a reassembled PDU]"
"44153","34.673178857","192.168.1.55","192.168.1.2","TCP","1514","8004  >  36370 [ACK] Seq=298478 Ack=144 Win=65024 Len=1448 TSval=2916038753 TSecr=3045558525 [TCP segment of a reassembled PDU]"
"44154","34.673180246","192.168.1.55","192.168.1.2","TCP","1514","8004  >  36370 [ACK] Seq=299926 Ack=144 Win=65024 Len=1448 TSval=2916038753 TSecr=3045558525 [TCP segment of a reassembled PDU]"
"44155","34.673181598","192.168.1.55","192.168.1.2","TCP","1514","8004  >  36370 [ACK] Seq=301374 Ack=144 Win=65024 Len=1448 TSval=2916038753 TSecr=3045558525 [TCP segment of a reassembled PDU]"
"44156","34.673182931","192.168.1.55","192.168.1.2","TCP","1514","8004  >  36370 [ACK] Seq=302822 Ack=144 Win=65024 Len=1448 TSval=2916038753 TSecr=3045558525 [TCP segment of a reassembled PDU]"
"44157","34.673188135","192.168.1.55","192.168.1.2","TCP","1514","8004  >  36370 [ACK] Seq=304270 Ack=144 Win=65024 Len=1448 TSval=2916038753 TSecr=3045558525 [TCP segment of a reassembled PDU]"
"44158","34.673189802","192.168.1.55","192.168.1.2","TCP","1514","8004  >  36370 [ACK] Seq=305718 Ack=144 Win=65024 Len=1448 TSval=2916038753 TSecr=3045558525 [TCP segment of a reassembled PDU]"
"44159","34.673191265","192.168.1.55","192.168.1.2","TCP","1514","8004  >  36370 [ACK] Seq=307166 Ack=144 Win=65024 Len=1448 TSval=2916038753 TSecr=3045558525 [TCP segment of a reassembled PDU]"
"44160","34.673193172","192.168.1.55","192.168.1.2","TCP","1514","8004  >  36370 [ACK] Seq=308614 Ack=144 Win=65024 Len=1448 TSval=2916038753 TSecr=3045558525 [TCP segment of a reassembled PDU]"
"44161","34.673194450","192.168.1.55","192.168.1.2","TCP","1514","8004  >  36370 [ACK] Seq=310062 Ack=144 Win=65024 Len=1448 TSval=2916038753 TSecr=3045558525 [TCP segment of a reassembled PDU]"
"44162","34.673195876","192.168.1.55","192.168.1.2","TCP","1514","8004  >  36370 [ACK] Seq=311510 Ack=144 Win=65024 Len=1448 TSval=2916038753 TSecr=3045558525 [TCP segment of a reassembled PDU]"
"44163","34.673197302","192.168.1.55","192.168.1.2","TCP","1514","8004  >  36370 [ACK] Seq=312958 Ack=144 Win=65024 Len=1448 TSval=2916038753 TSecr=3045558525 [TCP segment of a reassembled PDU]"
"44164","34.673198672","192.168.1.55","192.168.1.2","TCP","1514","8004  >  36370 [ACK] Seq=314406 Ack=144 Win=65024 Len=1448 TSval=2916038753 TSecr=3045558525 [TCP segment of a reassembled PDU]"
"44165","34.673200006","192.168.1.55","192.168.1.2","TCP","1514","8004  >  36370 [ACK] Seq=315854 Ack=144 Win=65024 Len=1448 TSval=2916038753 TSecr=3045558525 [TCP segment of a reassembled PDU]"
"44166","34.673201376","192.168.1.55","192.168.1.2","TCP","1514","8004  >  36370 [ACK] Seq=317302 Ack=144 Win=65024 Len=1448 TSval=2916038753 TSecr=3045558525 [TCP segment of a reassembled PDU]"
"44167","34.673202728","192.168.1.55","192.168.1.2","TCP","1514","8004  >  36370 [ACK] Seq=318750 Ack=144 Win=65024 Len=1448 TSval=2916038753 TSecr=3045558525 [TCP segment of a reassembled PDU]"
"44168","34.673204024","192.168.1.55","192.168.1.2","TCP","1514","8004  >  36370 [ACK] Seq=320198 Ack=144 Win=65024 Len=1448 TSval=2916038753 TSecr=3045558525 [TCP segment of a reassembled PDU]"
"44169","34.673205506","192.168.1.55","192.168.1.2","TCP","1514","8004  >  36370 [ACK] Seq=321646 Ack=144 Win=65024 Len=1448 TSval=2916038753 TSecr=3045558525 [TCP segment of a reassembled PDU]"
"44170","34.673206894","192.168.1.55","192.168.1.2","TCP","1514","8004  >  36370 [ACK] Seq=323094 Ack=144 Win=65024 Len=1448 TSval=2916038753 TSecr=3045558525 [TCP segment of a reassembled PDU]"
"44171","34.673208469","192.168.1.55","192.168.1.2","TCP","1514","8004  >  36370 [ACK] Seq=324542 Ack=144 Win=65024 Len=1448 TSval=2916038753 TSecr=3045558525 [TCP segment of a reassembled PDU]"
"44172","34.673209895","192.168.1.55","192.168.1.2","TCP","1514","8004  >  36370 [ACK] Seq=325990 Ack=144 Win=65024 Len=1448 TSval=2916038753 TSecr=3045558525 [TCP segment of a reassembled PDU]"
"44173","34.673211376","192.168.1.55","192.168.1.2","TCP","1514","8004  >  36370 [PSH, ACK] Seq=327438 Ack=144 Win=65024 Len=1448 TSval=2916038753 TSecr=3045558525 [TCP segment of a reassembled PDU]"
"44174","34.673216376","192.168.1.2","192.168.1.55","TCP","66","36370  >  8004 [ACK] Seq=144 Ack=244902 Win=115712 Len=0 TSval=3045558526 TSecr=2916038745"
"44175","34.673222913","192.168.1.2","192.168.1.55","TCP","66","36370  >  8004 [ACK] Seq=144 Ack=253590 Win=125952 Len=0 TSval=3045558526 TSecr=2916038745"
"44176","34.673263117","192.168.1.55","192.168.1.2","TCP","1514","8004  >  36370 [ACK] Seq=328886 Ack=144 Win=65024 Len=1448 TSval=2916038753 TSecr=3045558526 [TCP segment of a reassembled PDU]"
"44177","34.673265080","192.168.1.55","192.168.1.2","TCP","1514","8004  >  36370 [ACK] Seq=330334 Ack=144 Win=65024 Len=1448 TSval=2916038753 TSecr=3045558526 [TCP segment of a reassembled PDU]"
"44178","34.673266987","192.168.1.55","192.168.1.2","TCP","1514","8004  >  36370 [ACK] Seq=331782 Ack=144 Win=65024 Len=1448 TSval=2916038753 TSecr=3045558526 [TCP segment of a reassembled PDU]"
"44179","34.673268691","192.168.1.55","192.168.1.2","TCP","1514","8004  >  36370 [ACK] Seq=333230 Ack=144 Win=65024 Len=1448 TSval=2916038753 TSecr=3045558526 [TCP segment of a reassembled PDU]"
"44180","34.673270154","192.168.1.55","192.168.1.2","TCP","1514","8004  >  36370 [ACK] Seq=334678 Ack=144 Win=65024 Len=1448 TSval=2916038753 TSecr=3045558526 [TCP segment of a reassembled PDU]"
"44181","34.673271672","192.168.1.55","192.168.1.2","TCP","1514","8004  >  36370 [ACK] Seq=336126 Ack=144 Win=65024 Len=1448 TSval=2916038753 TSecr=3045558526 [TCP segment of a reassembled PDU]"
"44182","34.673273061","192.168.1.55","192.168.1.2","TCP","1514","8004  >  36370 [ACK] Seq=337574 Ack=144 Win=65024 Len=1448 TSval=2916038753 TSecr=3045558526 [TCP segment of a reassembled PDU]"
"44183","34.673274450","192.168.1.55","192.168.1.2","TCP","1514","8004  >  36370 [ACK] Seq=339022 Ack=144 Win=65024 Len=1448 TSval=2916038753 TSecr=3045558526 [TCP segment of a reassembled PDU]"
"44184","34.673275895","192.168.1.55","192.168.1.2","TCP","1514","8004  >  36370 [ACK] Seq=340470 Ack=144 Win=65024 Len=1448 TSval=2916038753 TSecr=3045558526 [TCP segment of a reassembled PDU]"
"44185","34.673277358","192.168.1.55","192.168.1.2","TCP","1514","8004  >  36370 [ACK] Seq=341918 Ack=144 Win=65024 Len=1448 TSval=2916038753 TSecr=3045558526 [TCP segment of a reassembled PDU]"
"44186","34.673278876","192.168.1.55","192.168.1.2","TCP","1514","8004  >  36370 [ACK] Seq=343366 Ack=144 Win=65024 Len=1448 TSval=2916038753 TSecr=3045558526 [TCP segment of a reassembled PDU]"
"44187","34.673280191","192.168.1.55","192.168.1.2","TCP","1514","8004  >  36370 [ACK] Seq=344814 Ack=144 Win=65024 Len=1448 TSval=2916038753 TSecr=3045558526 [TCP segment of a reassembled PDU]"
"44188","34.673281895","192.168.1.55","192.168.1.2","TCP","1514","8004  >  36370 [ACK] Seq=346262 Ack=144 Win=65024 Len=1448 TSval=2916038753 TSecr=3045558526 [TCP segment of a reassembled PDU]"
"44189","34.673283302","192.168.1.55","192.168.1.2","TCP","1514","8004  >  36370 [ACK] Seq=347710 Ack=144 Win=65024 Len=1448 TSval=2916038753 TSecr=3045558526 [TCP segment of a reassembled PDU]"
"44190","34.673284913","192.168.1.55","192.168.1.2","TCP","1514","8004  >  36370 [ACK] Seq=349158 Ack=144 Win=65024 Len=1448 TSval=2916038753 TSecr=3045558526 [TCP segment of a reassembled PDU]"
"44191","34.673286265","192.168.1.55","192.168.1.2","TCP","1514","8004  >  36370 [ACK] Seq=350606 Ack=144 Win=65024 Len=1448 TSval=2916038753 TSecr=3045558526 [TCP segment of a reassembled PDU]"
"44192","34.673287617","192.168.1.55","192.168.1.2","TCP","1514","8004  >  36370 [ACK] Seq=352054 Ack=144 Win=65024 Len=1448 TSval=2916038753 TSecr=3045558526 [TCP segment of a reassembled PDU]"
"44193","34.673288969","192.168.1.55","192.168.1.2","TCP","1514","8004  >  36370 [ACK] Seq=353502 Ack=144 Win=65024 Len=1448 TSval=2916038753 TSecr=3045558526 [TCP segment of a reassembled PDU]"
"44194","34.673290450","192.168.1.55","192.168.1.2","TCP","1514","8004  >  36370 [ACK] Seq=354950 Ack=144 Win=65024 Len=1448 TSval=2916038753 TSecr=3045558526 [TCP segment of a reassembled PDU]"
"44195","34.673298339","192.168.1.55","192.168.1.2","TCP","1514","8004  >  36370 [ACK] Seq=356398 Ack=144 Win=65024 Len=1448 TSval=2916038753 TSecr=3045558526 [TCP segment of a reassembled PDU]"
"44196","34.673300061","192.168.1.55","192.168.1.2","TCP","1514","8004  >  36370 [ACK] Seq=357846 Ack=144 Win=65024 Len=1448 TSval=2916038753 TSecr=3045558526 [TCP segment of a reassembled PDU]"
"44197","34.673301654","192.168.1.55","192.168.1.2","TCP","1514","8004  >  36370 [ACK] Seq=359294 Ack=144 Win=65024 Len=1448 TSval=2916038753 TSecr=3045558526 [TCP segment of a reassembled PDU]"
"44198","34.673303043","192.168.1.55","192.168.1.2","TCP","1514","8004  >  36370 [ACK] Seq=360742 Ack=144 Win=65024 Len=1448 TSval=2916038753 TSecr=3045558526 [TCP segment of a reassembled PDU]"
"44199","34.673304858","192.168.1.55","192.168.1.2","TCP","1514","8004  >  36370 [ACK] Seq=362190 Ack=144 Win=65024 Len=1448 TSval=2916038753 TSecr=3045558526 [TCP segment of a reassembled PDU]"
"44200","34.673306321","192.168.1.55","192.168.1.2","TCP","1514","8004  >  36370 [ACK] Seq=363638 Ack=144 Win=65024 Len=1448 TSval=2916038753 TSecr=3045558526 [TCP segment of a reassembled PDU]"
"44201","34.673307672","192.168.1.55","192.168.1.2","TCP","1514","8004  >  36370 [ACK] Seq=365086 Ack=144 Win=65024 Len=1448 TSval=2916038753 TSecr=3045558526 [TCP segment of a reassembled PDU]"
"44202","34.673309302","192.168.1.55","192.168.1.2","TCP","1514","8004  >  36370 [ACK] Seq=366534 Ack=144 Win=65024 Len=1448 TSval=2916038753 TSecr=3045558526 [TCP segment of a reassembled PDU]"
"44203","34.673310784","192.168.1.55","192.168.1.2","TCP","1514","8004  >  36370 [ACK] Seq=367982 Ack=144 Win=65024 Len=1448 TSval=2916038753 TSecr=3045558526 [TCP segment of a reassembled PDU]"
"44204","34.673312191","192.168.1.55","192.168.1.2","TCP","1514","8004  >  36370 [PSH, ACK] Seq=369430 Ack=144 Win=65024 Len=1448 TSval=2916038753 TSecr=3045558526 [TCP segment of a reassembled PDU]"
"44205","34.676637622","192.168.1.2","192.168.1.55","TCP","66","36370  >  8004 [ACK] Seq=144 Ack=270966 Win=122880 Len=0 TSval=3045558528 TSecr=2916038750"
"44206","34.676667826","192.168.1.55","192.168.1.2","TCP","1514","8004  >  36370 [ACK] Seq=370878 Ack=144 Win=65024 Len=1448 TSval=2916038757 TSecr=3045558528 [TCP segment of a reassembled PDU]"
"44207","34.676670715","192.168.1.55","192.168.1.2","TCP","1514","8004  >  36370 [ACK] Seq=372326 Ack=144 Win=65024 Len=1448 TSval=2916038757 TSecr=3045558528 [TCP segment of a reassembled PDU]"
"44208","34.676672067","192.168.1.55","192.168.1.2","TCP","1514","8004  >  36370 [ACK] Seq=373774 Ack=144 Win=65024 Len=1448 TSval=2916038757 TSecr=3045558528 [TCP segment of a reassembled PDU]"
"44209","34.676673382","192.168.1.55","192.168.1.2","TCP","1514","8004  >  36370 [ACK] Seq=375222 Ack=144 Win=65024 Len=1448 TSval=2916038757 TSecr=3045558528 [TCP segment of a reassembled PDU]"
"44210","34.676674807","192.168.1.55","192.168.1.2","TCP","1514","8004  >  36370 [ACK] Seq=376670 Ack=144 Win=65024 Len=1448 TSval=2916038757 TSecr=3045558528 [TCP segment of a reassembled PDU]"
"44211","34.676676141","192.168.1.55","192.168.1.2","TCP","1514","8004  >  36370 [ACK] Seq=378118 Ack=144 Win=65024 Len=1448 TSval=2916038757 TSecr=3045558528 [TCP segment of a reassembled PDU]"
"44212","34.676677456","192.168.1.55","192.168.1.2","TCP","1514","8004  >  36370 [ACK] Seq=379566 Ack=144 Win=65024 Len=1448 TSval=2916038757 TSecr=3045558528 [TCP segment of a reassembled PDU]"
"44213","34.676678956","192.168.1.55","192.168.1.2","TCP","1514","8004  >  36370 [ACK] Seq=381014 Ack=144 Win=65024 Len=1448 TSval=2916038757 TSecr=3045558528 [TCP segment of a reassembled PDU]"
"44214","34.676680363","192.168.1.55","192.168.1.2","TCP","1514","8004  >  36370 [ACK] Seq=382462 Ack=144 Win=65024 Len=1448 TSval=2916038757 TSecr=3045558528 [TCP segment of a reassembled PDU]"
"44215","34.676681826","192.168.1.55","192.168.1.2","TCP","1514","8004  >  36370 [ACK] Seq=383910 Ack=144 Win=65024 Len=1448 TSval=2916038757 TSecr=3045558528 [TCP segment of a reassembled PDU]"
"44216","34.676683141","192.168.1.55","192.168.1.2","TCP","1514","8004  >  36370 [ACK] Seq=385358 Ack=144 Win=65024 Len=1448 TSval=2916038757 TSecr=3045558528 [TCP segment of a reassembled PDU]"
"44217","34.676684493","192.168.1.55","192.168.1.2","TCP","1514","8004  >  36370 [ACK] Seq=386806 Ack=144 Win=65024 Len=1448 TSval=2916038757 TSecr=3045558528 [TCP segment of a reassembled PDU]"
"44218","34.676685863","192.168.1.55","192.168.1.2","TCP","1514","8004  >  36370 [ACK] Seq=388254 Ack=144 Win=65024 Len=1448 TSval=2916038757 TSecr=3045558528 [TCP segment of a reassembled PDU]"
"44219","34.676687196","192.168.1.55","192.168.1.2","TCP","1514","8004  >  36370 [ACK] Seq=389702 Ack=144 Win=65024 Len=1448 TSval=2916038757 TSecr=3045558528 [TCP segment of a reassembled PDU]"
"44220","34.676688548","192.168.1.55","192.168.1.2","TCP","1514","8004  >  36370 [ACK] Seq=391150 Ack=144 Win=65024 Len=1448 TSval=2916038757 TSecr=3045558528 [TCP segment of a reassembled PDU]"
"44221","34.676689937","192.168.1.55","192.168.1.2","TCP","1314","[TCP Window Full] 8004  >  36370 [PSH, ACK] Seq=392598 Ack=144 Win=65024 Len=1248 TSval=2916038757 TSecr=3045558528 [TCP segment of a reassembled PDU]"
"44222","34.679973794","192.168.1.2","192.168.1.55","TCP","66","36370  >  8004 [ACK] Seq=144 Ack=282550 Win=128000 Len=0 TSval=3045558530 TSecr=2916038753"
"44223","34.679991220","192.168.1.55","192.168.1.2","TCP","1514","8004  >  36370 [ACK] Seq=393846 Ack=144 Win=65024 Len=1448 TSval=2916038760 TSecr=3045558530 [TCP segment of a reassembled PDU]"
"44224","34.679994146","192.168.1.55","192.168.1.2","TCP","1514","8004  >  36370 [ACK] Seq=395294 Ack=144 Win=65024 Len=1448 TSval=2916038760 TSecr=3045558530 [TCP segment of a reassembled PDU]"
"44225","34.679995516","192.168.1.55","192.168.1.2","TCP","1514","8004  >  36370 [ACK] Seq=396742 Ack=144 Win=65024 Len=1448 TSval=2916038760 TSecr=3045558530 [TCP segment of a reassembled PDU]"
"44226","34.679996831","192.168.1.55","192.168.1.2","TCP","1514","8004  >  36370 [ACK] Seq=398190 Ack=144 Win=65024 Len=1448 TSval=2916038760 TSecr=3045558530 [TCP segment of a reassembled PDU]"
"44227","34.679998461","192.168.1.55","192.168.1.2","TCP","1514","8004  >  36370 [ACK] Seq=399638 Ack=144 Win=65024 Len=1448 TSval=2916038760 TSecr=3045558530 [TCP segment of a reassembled PDU]"
"44228","34.679999739","192.168.1.55","192.168.1.2","TCP","1514","8004  >  36370 [ACK] Seq=401086 Ack=144 Win=65024 Len=1448 TSval=2916038760 TSecr=3045558530 [TCP segment of a reassembled PDU]"
"44229","34.680001109","192.168.1.55","192.168.1.2","TCP","1514","8004  >  36370 [ACK] Seq=402534 Ack=144 Win=65024 Len=1448 TSval=2916038760 TSecr=3045558530 [TCP segment of a reassembled PDU]"
"44230","34.680002405","192.168.1.55","192.168.1.2","TCP","1514","8004  >  36370 [ACK] Seq=403982 Ack=144 Win=65024 Len=1448 TSval=2916038760 TSecr=3045558530 [TCP segment of a reassembled PDU]"
"44231","34.680003702","192.168.1.55","192.168.1.2","TCP","1514","8004  >  36370 [ACK] Seq=405430 Ack=144 Win=65024 Len=1448 TSval=2916038760 TSecr=3045558530 [TCP segment of a reassembled PDU]"
"44232","34.680005183","192.168.1.55","192.168.1.2","TCP","1514","8004  >  36370 [ACK] Seq=406878 Ack=144 Win=65024 Len=1448 TSval=2916038760 TSecr=3045558530 [TCP segment of a reassembled PDU]"
"44233","34.680006479","192.168.1.55","192.168.1.2","TCP","1514","8004  >  36370 [PSH, ACK] Seq=408326 Ack=144 Win=65024 Len=1448 TSval=2916038760 TSecr=3045558530 [TCP segment of a reassembled PDU]"
"44234","34.680704906","192.168.1.2","192.168.1.55","TCP","66","36370  >  8004 [ACK] Seq=144 Ack=286894 Win=136192 Len=0 TSval=3045558536 TSecr=2916038753"
"44235","34.680714073","192.168.1.55","192.168.1.2","TCP","1514","8004  >  36370 [ACK] Seq=409774 Ack=144 Win=65024 Len=1448 TSval=2916038761 TSecr=3045558536 [TCP segment of a reassembled PDU]"
"44236","34.680716314","192.168.1.55","192.168.1.2","TCP","1514","8004  >  36370 [PSH, ACK] Seq=411222 Ack=144 Win=65024 Len=1448 TSval=2916038761 TSecr=3045558536 [TCP segment of a reassembled PDU]"
"44237","34.680721888","192.168.1.55","192.168.1.2","TCP","266","8004  >  36370 [ACK] Seq=412670 Ack=144 Win=65024 Len=200 TSval=2916038761 TSecr=3045558536 [TCP segment of a reassembled PDU]"
"44238","34.680932629","192.168.1.2","192.168.1.55","TCP","66","36370  >  8004 [ACK] Seq=144 Ack=328886 Win=136192 Len=0 TSval=3045558536 TSecr=2916038753"
"44239","34.680967870","192.168.1.55","192.168.1.2","TCP","1514","8004  >  36370 [ACK] Seq=412870 Ack=144 Win=65024 Len=1448 TSval=2916038761 TSecr=3045558536 [TCP segment of a reassembled PDU]"
"44240","34.680970555","192.168.1.55","192.168.1.2","TCP","1514","8004  >  36370 [ACK] Seq=414318 Ack=144 Win=65024 Len=1448 TSval=2916038761 TSecr=3045558536 [TCP segment of a reassembled PDU]"
"44241","34.680971925","192.168.1.55","192.168.1.2","TCP","1514","8004  >  36370 [ACK] Seq=415766 Ack=144 Win=65024 Len=1448 TSval=2916038761 TSecr=3045558536 [TCP segment of a reassembled PDU]"
"44242","34.680973407","192.168.1.55","192.168.1.2","TCP","1514","8004  >  36370 [ACK] Seq=417214 Ack=144 Win=65024 Len=1448 TSval=2916038761 TSecr=3045558536 [TCP segment of a reassembled PDU]"
"44243","34.680974814","192.168.1.55","192.168.1.2","TCP","1514","8004  >  36370 [ACK] Seq=418662 Ack=144 Win=65024 Len=1448 TSval=2916038761 TSecr=3045558536 [TCP segment of a reassembled PDU]"
"44244","34.680976259","192.168.1.55","192.168.1.2","TCP","1514","8004  >  36370 [ACK] Seq=420110 Ack=144 Win=65024 Len=1448 TSval=2916038761 TSecr=3045558536 [TCP segment of a reassembled PDU]"
"44245","34.680977666","192.168.1.55","192.168.1.2","TCP","1514","8004  >  36370 [ACK] Seq=421558 Ack=144 Win=65024 Len=1448 TSval=2916038761 TSecr=3045558536 [TCP segment of a reassembled PDU]"
"44246","34.680979129","192.168.1.55","192.168.1.2","TCP","1514","8004  >  36370 [ACK] Seq=423006 Ack=144 Win=65024 Len=1448 TSval=2916038761 TSecr=3045558536 [TCP segment of a reassembled PDU]"
"44247","34.680980574","192.168.1.55","192.168.1.2","TCP","1514","8004  >  36370 [ACK] Seq=424454 Ack=144 Win=65024 Len=1448 TSval=2916038761 TSecr=3045558536 [TCP segment of a reassembled PDU]"
"44248","34.680981962","192.168.1.55","192.168.1.2","TCP","1514","8004  >  36370 [ACK] Seq=425902 Ack=144 Win=65024 Len=1448 TSval=2916038761 TSecr=3045558536 [TCP segment of a reassembled PDU]"
"44249","34.680983333","192.168.1.55","192.168.1.2","TCP","1514","8004  >  36370 [ACK] Seq=427350 Ack=144 Win=65024 Len=1448 TSval=2916038761 TSecr=3045558536 [TCP segment of a reassembled PDU]"
"44250","34.680984796","192.168.1.55","192.168.1.2","TCP","1514","8004  >  36370 [ACK] Seq=428798 Ack=144 Win=65024 Len=1448 TSval=2916038761 TSecr=3045558536 [TCP segment of a reassembled PDU]"
"44251","34.680986074","192.168.1.55","192.168.1.2","TCP","1514","8004  >  36370 [ACK] Seq=430246 Ack=144 Win=65024 Len=1448 TSval=2916038761 TSecr=3045558536 [TCP segment of a reassembled PDU]"
"44252","34.680987518","192.168.1.55","192.168.1.2","TCP","1514","8004  >  36370 [ACK] Seq=431694 Ack=144 Win=65024 Len=1448 TSval=2916038761 TSecr=3045558536 [TCP segment of a reassembled PDU]"
"44253","34.680988888","192.168.1.55","192.168.1.2","TCP","1514","8004  >  36370 [ACK] Seq=433142 Ack=144 Win=65024 Len=1448 TSval=2916038761 TSecr=3045558536 [TCP segment of a reassembled PDU]"
"44254","34.680990185","192.168.1.55","192.168.1.2","TCP","1514","8004  >  36370 [ACK] Seq=434590 Ack=144 Win=65024 Len=1448 TSval=2916038761 TSecr=3045558536 [TCP segment of a reassembled PDU]"
"44255","34.680991592","192.168.1.55","192.168.1.2","TCP","1514","8004  >  36370 [ACK] Seq=436038 Ack=144 Win=65024 Len=1448 TSval=2916038761 TSecr=3045558536 [TCP segment of a reassembled PDU]"
"44256","34.680993018","192.168.1.55","192.168.1.2","TCP","1514","8004  >  36370 [ACK] Seq=437486 Ack=144 Win=65024 Len=1448 TSval=2916038761 TSecr=3045558536 [TCP segment of a reassembled PDU]"
"44257","34.680994407","192.168.1.55","192.168.1.2","TCP","1514","8004  >  36370 [ACK] Seq=438934 Ack=144 Win=65024 Len=1448 TSval=2916038761 TSecr=3045558536 [TCP segment of a reassembled PDU]"
"44258","34.680995759","192.168.1.55","192.168.1.2","TCP","1514","8004  >  36370 [ACK] Seq=440382 Ack=144 Win=65024 Len=1448 TSval=2916038761 TSecr=3045558536 [TCP segment of a reassembled PDU]"
"44259","34.680997111","192.168.1.55","192.168.1.2","TCP","1514","8004  >  36370 [ACK] Seq=441830 Ack=144 Win=65024 Len=1448 TSval=2916038761 TSecr=3045558536 [TCP segment of a reassembled PDU]"
"44260","34.680998611","192.168.1.55","192.168.1.2","TCP","1514","8004  >  36370 [ACK] Seq=443278 Ack=144 Win=65024 Len=1448 TSval=2916038761 TSecr=3045558536 [TCP segment of a reassembled PDU]"
"44261","34.681000407","192.168.1.55","192.168.1.2","TCP","1514","8004  >  36370 [ACK] Seq=444726 Ack=144 Win=65024 Len=1448 TSval=2916038761 TSecr=3045558536 [TCP segment of a reassembled PDU]"
"44262","34.681001740","192.168.1.55","192.168.1.2","TCP","1514","8004  >  36370 [ACK] Seq=446174 Ack=144 Win=65024 Len=1448 TSval=2916038761 TSecr=3045558536 [TCP segment of a reassembled PDU]"
"44263","34.681003351","192.168.1.55","192.168.1.2","TCP","1514","8004  >  36370 [ACK] Seq=447622 Ack=144 Win=65024 Len=1448 TSval=2916038761 TSecr=3045558536 [TCP segment of a reassembled PDU]"
"44264","34.681004740","192.168.1.55","192.168.1.2","TCP","1514","8004  >  36370 [ACK] Seq=449070 Ack=144 Win=65024 Len=1448 TSval=2916038761 TSecr=3045558536 [TCP segment of a reassembled PDU]"
"44265","34.681006111","192.168.1.55","192.168.1.2","TCP","1514","8004  >  36370 [ACK] Seq=450518 Ack=144 Win=65024 Len=1448 TSval=2916038761 TSecr=3045558536 [TCP segment of a reassembled PDU]"
"44266","34.681007426","192.168.1.55","192.168.1.2","TCP","1514","8004  >  36370 [ACK] Seq=451966 Ack=144 Win=65024 Len=1448 TSval=2916038761 TSecr=3045558536 [TCP segment of a reassembled PDU]"
"44267","34.681008926","192.168.1.55","192.168.1.2","TCP","1514","8004  >  36370 [PSH, ACK] Seq=453414 Ack=144 Win=65024 Len=1448 TSval=2916038761 TSecr=3045558536 [TCP segment of a reassembled PDU]"
"44268","34.681014129","192.168.1.2","192.168.1.55","TCP","66","36370  >  8004 [ACK] Seq=144 Ack=370878 Win=103424 Len=0 TSval=3045558536 TSecr=2916038753"
"44269","34.681022074","192.168.1.2","192.168.1.55","TCP","66","36370  >  8004 [ACK] Seq=144 Ack=388254 Win=124928 Len=0 TSval=3045558536 TSecr=2916038757"
"44270","34.681057296","192.168.1.55","192.168.1.2","TCP","1514","8004  >  36370 [ACK] Seq=454862 Ack=144 Win=65024 Len=1448 TSval=2916038761 TSecr=3045558536 [TCP segment of a reassembled PDU]"
"44271","34.681059000","192.168.1.55","192.168.1.2","TCP","1514","8004  >  36370 [ACK] Seq=456310 Ack=144 Win=65024 Len=1448 TSval=2916038761 TSecr=3045558536 [TCP segment of a reassembled PDU]"
"44272","34.681060370","192.168.1.55","192.168.1.2","TCP","1514","8004  >  36370 [ACK] Seq=457758 Ack=144 Win=65024 Len=1448 TSval=2916038761 TSecr=3045558536 [TCP segment of a reassembled PDU]"
"44273","34.681061722","192.168.1.55","192.168.1.2","TCP","1514","8004  >  36370 [ACK] Seq=459206 Ack=144 Win=65024 Len=1448 TSval=2916038761 TSecr=3045558536 [TCP segment of a reassembled PDU]"
"44274","34.681063018","192.168.1.55","192.168.1.2","TCP","1514","8004  >  36370 [ACK] Seq=460654 Ack=144 Win=65024 Len=1448 TSval=2916038761 TSecr=3045558536 [TCP segment of a reassembled PDU]"
"44275","34.681064463","192.168.1.55","192.168.1.2","TCP","1514","8004  >  36370 [ACK] Seq=462102 Ack=144 Win=65024 Len=1448 TSval=2916038761 TSecr=3045558536 [TCP segment of a reassembled PDU]"
"44276","34.681066111","192.168.1.55","192.168.1.2","TCP","1514","8004  >  36370 [ACK] Seq=463550 Ack=144 Win=65024 Len=1448 TSval=2916038761 TSecr=3045558536 [TCP segment of a reassembled PDU]"
"44277","34.681067574","192.168.1.55","192.168.1.2","TCP","1514","8004  >  36370 [ACK] Seq=464998 Ack=144 Win=65024 Len=1448 TSval=2916038761 TSecr=3045558536 [TCP segment of a reassembled PDU]"
"44278","34.681068963","192.168.1.55","192.168.1.2","TCP","1514","8004  >  36370 [ACK] Seq=466446 Ack=144 Win=65024 Len=1448 TSval=2916038761 TSecr=3045558536 [TCP segment of a reassembled PDU]"
"44279","34.681070389","192.168.1.55","192.168.1.2","TCP","1514","8004  >  36370 [ACK] Seq=467894 Ack=144 Win=65024 Len=1448 TSval=2916038761 TSecr=3045558536 [TCP segment of a reassembled PDU]"
"44280","34.681071889","192.168.1.55","192.168.1.2","TCP","1514","8004  >  36370 [ACK] Seq=469342 Ack=144 Win=65024 Len=1448 TSval=2916038761 TSecr=3045558536 [TCP segment of a reassembled PDU]"
"44281","34.681073277","192.168.1.55","192.168.1.2","TCP","1514","8004  >  36370 [ACK] Seq=470790 Ack=144 Win=65024 Len=1448 TSval=2916038761 TSecr=3045558536 [TCP segment of a reassembled PDU]"
"44282","34.681074685","192.168.1.55","192.168.1.2","TCP","1514","8004  >  36370 [ACK] Seq=472238 Ack=144 Win=65024 Len=1448 TSval=2916038761 TSecr=3045558536 [TCP segment of a reassembled PDU]"
"44283","34.681076148","192.168.1.55","192.168.1.2","TCP","1514","8004  >  36370 [ACK] Seq=473686 Ack=144 Win=65024 Len=1448 TSval=2916038761 TSecr=3045558536 [TCP segment of a reassembled PDU]"
"44284","34.681077444","192.168.1.55","192.168.1.2","TCP","1514","8004  >  36370 [ACK] Seq=475134 Ack=144 Win=65024 Len=1448 TSval=2916038761 TSecr=3045558536 [TCP segment of a reassembled PDU]"
"44285","34.681078981","192.168.1.55","192.168.1.2","TCP","1514","8004  >  36370 [ACK] Seq=476582 Ack=144 Win=65024 Len=1448 TSval=2916038761 TSecr=3045558536 [TCP segment of a reassembled PDU]"
"44286","34.681080426","192.168.1.55","192.168.1.2","TCP","1514","8004  >  36370 [ACK] Seq=478030 Ack=144 Win=65024 Len=1448 TSval=2916038761 TSecr=3045558536 [TCP segment of a reassembled PDU]"
"44287","34.681081981","192.168.1.55","192.168.1.2","TCP","1514","8004  >  36370 [ACK] Seq=479478 Ack=144 Win=65024 Len=1448 TSval=2916038761 TSecr=3045558536 [TCP segment of a reassembled PDU]"
"44288","34.681083352","192.168.1.55","192.168.1.2","TCP","1514","8004  >  36370 [ACK] Seq=480926 Ack=144 Win=65024 Len=1448 TSval=2916038761 TSecr=3045558536 [TCP segment of a reassembled PDU]"
"44289","34.681084722","192.168.1.55","192.168.1.2","TCP","1514","8004  >  36370 [ACK] Seq=482374 Ack=144 Win=65024 Len=1448 TSval=2916038761 TSecr=3045558536 [TCP segment of a reassembled PDU]"
"44290","34.681086111","192.168.1.55","192.168.1.2","TCP","1514","8004  >  36370 [ACK] Seq=483822 Ack=144 Win=65024 Len=1448 TSval=2916038761 TSecr=3045558536 [TCP segment of a reassembled PDU]"
"44291","34.681087426","192.168.1.55","192.168.1.2","TCP","1514","8004  >  36370 [ACK] Seq=485270 Ack=144 Win=65024 Len=1448 TSval=2916038761 TSecr=3045558536 [TCP segment of a reassembled PDU]"
"44292","34.681088722","192.168.1.55","192.168.1.2","TCP","1514","8004  >  36370 [ACK] Seq=486718 Ack=144 Win=65024 Len=1448 TSval=2916038761 TSecr=3045558536 [TCP segment of a reassembled PDU]"
"44293","34.681090037","192.168.1.55","192.168.1.2","TCP","1514","8004  >  36370 [ACK] Seq=488166 Ack=144 Win=65024 Len=1448 TSval=2916038761 TSecr=3045558536 [TCP segment of a reassembled PDU]"
"44294","34.681091518","192.168.1.55","192.168.1.2","TCP","1514","8004  >  36370 [ACK] Seq=489614 Ack=144 Win=65024 Len=1448 TSval=2916038761 TSecr=3045558536 [TCP segment of a reassembled PDU]"
"44295","34.681092907","192.168.1.55","192.168.1.2","TCP","1514","8004  >  36370 [ACK] Seq=491062 Ack=144 Win=65024 Len=1448 TSval=2916038761 TSecr=3045558536 [TCP segment of a reassembled PDU]"
"44296","34.681094222","192.168.1.55","192.168.1.2","TCP","1514","8004  >  36370 [ACK] Seq=492510 Ack=144 Win=65024 Len=1448 TSval=2916038761 TSecr=3045558536 [TCP segment of a reassembled PDU]"
"44297","34.681095648","192.168.1.55","192.168.1.2","TCP","1514","8004  >  36370 [ACK] Seq=493958 Ack=144 Win=65024 Len=1448 TSval=2916038761 TSecr=3045558536 [TCP segment of a reassembled PDU]"
"44298","34.681097166","192.168.1.55","192.168.1.2","TCP","1514","8004  >  36370 [PSH, ACK] Seq=495406 Ack=144 Win=65024 Len=1448 TSval=2916038761 TSecr=3045558536 [TCP segment of a reassembled PDU]"
"44299","34.681102778","192.168.1.55","192.168.1.2","TCP","1514","8004  >  36370 [ACK] Seq=496854 Ack=144 Win=65024 Len=1448 TSval=2916038761 TSecr=3045558536 [TCP segment of a reassembled PDU]"
"44300","34.681106166","192.168.1.55","192.168.1.2","HTTP","222","HTTP/1.0 200 OK  (PNG)"
"44301","34.686544934","192.168.1.2","192.168.1.55","TCP","66","36370  >  8004 [ACK] Seq=144 Ack=393846 Win=147456 Len=0 TSval=3045558538 TSecr=2916038757"
"44302","34.686655638","192.168.1.2","192.168.1.55","TCP","66","36370  >  8004 [ACK] Seq=144 Ack=405430 Win=159744 Len=0 TSval=3045558538 TSecr=2916038760"
"44303","34.687957455","192.168.1.2","192.168.1.55","TCP","66","36370  >  8004 [ACK] Seq=144 Ack=409774 Win=167936 Len=0 TSval=3045558542 TSecr=2916038760"
"44304","34.688121252","192.168.1.2","192.168.1.55","TCP","66","36370  >  8004 [ACK] Seq=144 Ack=454862 Win=177152 Len=0 TSval=3045558542 TSecr=2916038761"
"44305","34.688161530","192.168.1.2","192.168.1.55","TCP","66","36370  >  8004 [ACK] Seq=144 Ack=496854 Win=172032 Len=0 TSval=3045558542 TSecr=2916038761"
"44306","34.688168455","192.168.1.2","192.168.1.55","TCP","66","36370  >  8004 [ACK] Seq=144 Ack=498302 Win=179200 Len=0 TSval=3045558543 TSecr=2916038761"
"44307","34.689966440","192.168.1.2","192.168.1.55","TCP","66","36370  >  8004 [FIN, ACK] Seq=144 Ack=498459 Win=182272 Len=0 TSval=3045558544 TSecr=2916038761"
"44308","34.689991218","192.168.1.55","192.168.1.2","TCP","66","8004  >  36370 [ACK] Seq=498459 Ack=145 Win=65024 Len=0 TSval=2916038770 TSecr=3045558544"
"44309","34.690063273","192.168.1.2","192.168.1.55","TCP","74","36386  >  8004 [SYN] Seq=0 Win=64240 Len=0 MSS=1460 SACK_PERM TSval=3045558545 TSecr=0 WS=1024"
"44310","34.690087014","192.168.1.55","192.168.1.2","TCP","74","8004  >  36386 [SYN, ACK] Seq=0 Ack=1 Win=65160 Len=0 MSS=1460 SACK_PERM TSval=2916038770 TSecr=3045558545 WS=128"
"44311","34.693360075","192.168.1.2","192.168.1.55","TCP","66","36386  >  8004 [ACK] Seq=1 Ack=1 Win=64512 Len=0 TSval=3045558548 TSecr=2916038770"
"44312","34.696557839","192.168.1.2","192.168.1.55","HTTP","206","GET /stego_benchmark.png HTTP/1.1 "
"44313","34.696568562","192.168.1.55","192.168.1.2","TCP","66","8004  >  36386 [ACK] Seq=1 Ack=141 Win=65024 Len=0 TSval=2916038777 TSecr=3045558548"
"44314","34.697046414","192.168.1.55","192.168.1.2","TCP","255","8004  >  36386 [PSH, ACK] Seq=1 Ack=141 Win=65024 Len=189 TSval=2916038777 TSecr=3045558548 [TCP segment of a reassembled PDU]"
"44315","34.697124266","192.168.1.55","192.168.1.2","TCP","1514","8004  >  36386 [ACK] Seq=190 Ack=141 Win=65024 Len=1448 TSval=2916038777 TSecr=3045558548 [TCP segment of a reassembled PDU]"
"44316","34.697128581","192.168.1.55","192.168.1.2","TCP","1514","8004  >  36386 [ACK] Seq=1638 Ack=141 Win=65024 Len=1448 TSval=2916038777 TSecr=3045558548 [TCP segment of a reassembled PDU]"
"44317","34.697130137","192.168.1.55","192.168.1.2","TCP","1514","8004  >  36386 [ACK] Seq=3086 Ack=141 Win=65024 Len=1448 TSval=2916038777 TSecr=3045558548 [TCP segment of a reassembled PDU]"
"44318","34.697131488","192.168.1.55","192.168.1.2","TCP","1514","8004  >  36386 [ACK] Seq=4534 Ack=141 Win=65024 Len=1448 TSval=2916038777 TSecr=3045558548 [TCP segment of a reassembled PDU]"
"44319","34.697133433","192.168.1.55","192.168.1.2","TCP","1514","8004  >  36386 [PSH, ACK] Seq=5982 Ack=141 Win=65024 Len=1448 TSval=2916038777 TSecr=3045558548 [TCP segment of a reassembled PDU]"
"44320","34.697148988","192.168.1.55","192.168.1.2","TCP","1514","8004  >  36386 [ACK] Seq=7430 Ack=141 Win=65024 Len=1448 TSval=2916038777 TSecr=3045558548 [TCP segment of a reassembled PDU]"
"44321","34.697150803","192.168.1.55","192.168.1.2","TCP","1514","8004  >  36386 [ACK] Seq=8878 Ack=141 Win=65024 Len=1448 TSval=2916038777 TSecr=3045558548 [TCP segment of a reassembled PDU]"
"44322","34.697152155","192.168.1.55","192.168.1.2","TCP","1514","8004  >  36386 [ACK] Seq=10326 Ack=141 Win=65024 Len=1448 TSval=2916038777 TSecr=3045558548 [TCP segment of a reassembled PDU]"
"44323","34.697153414","192.168.1.55","192.168.1.2","TCP","1514","8004  >  36386 [PSH, ACK] Seq=11774 Ack=141 Win=65024 Len=1448 TSval=2916038777 TSecr=3045558548 [TCP segment of a reassembled PDU]"
"44324","34.700791142","192.168.1.2","192.168.1.55","TCP","66","36386  >  8004 [ACK] Seq=141 Ack=190 Win=64512 Len=0 TSval=3045558555 TSecr=2916038777"
"44325","34.700909791","192.168.1.55","192.168.1.2","TCP","1514","8004  >  36386 [ACK] Seq=13222 Ack=141 Win=65024 Len=1448 TSval=2916038781 TSecr=3045558555 [TCP segment of a reassembled PDU]"
"44326","34.700922624","192.168.1.55","192.168.1.2","TCP","1514","8004  >  36386 [PSH, ACK] Seq=14670 Ack=141 Win=65024 Len=1448 TSval=2916038781 TSecr=3045558555 [TCP segment of a reassembled PDU]"
"44327","34.701077365","192.168.1.2","192.168.1.55","TCP","66","36386  >  8004 [ACK] Seq=141 Ack=5982 Win=76800 Len=0 TSval=3045558555 TSecr=2916038777"
"44328","34.701180069","192.168.1.55","192.168.1.2","TCP","1514","8004  >  36386 [ACK] Seq=16118 Ack=141 Win=65024 Len=1448 TSval=2916038781 TSecr=3045558555 [TCP segment of a reassembled PDU]"
"44329","34.701187347","192.168.1.55","192.168.1.2","TCP","1514","8004  >  36386 [ACK] Seq=17566 Ack=141 Win=65024 Len=1448 TSval=2916038781 TSecr=3045558555 [TCP segment of a reassembled PDU]"
"44330","34.701189569","192.168.1.55","192.168.1.2","TCP","1514","8004  >  36386 [ACK] Seq=19014 Ack=141 Win=65024 Len=1448 TSval=2916038781 TSecr=3045558555 [TCP segment of a reassembled PDU]"
"44331","34.701192736","192.168.1.55","192.168.1.2","TCP","1514","8004  >  36386 [ACK] Seq=20462 Ack=141 Win=65024 Len=1448 TSval=2916038781 TSecr=3045558555 [TCP segment of a reassembled PDU]"
"44332","34.701194384","192.168.1.55","192.168.1.2","TCP","1514","8004  >  36386 [ACK] Seq=21910 Ack=141 Win=65024 Len=1448 TSval=2916038781 TSecr=3045558555 [TCP segment of a reassembled PDU]"
"44333","34.701196643","192.168.1.55","192.168.1.2","TCP","1514","8004  >  36386 [ACK] Seq=23358 Ack=141 Win=65024 Len=1448 TSval=2916038781 TSecr=3045558555 [TCP segment of a reassembled PDU]"
"44334","34.701198902","192.168.1.55","192.168.1.2","TCP","1514","8004  >  36386 [PSH, ACK] Seq=24806 Ack=141 Win=65024 Len=1448 TSval=2916038781 TSecr=3045558555 [TCP segment of a reassembled PDU]"
"44335","34.701219087","192.168.1.2","192.168.1.55","TCP","66","36386  >  8004 [ACK] Seq=141 Ack=7430 Win=79872 Len=0 TSval=3045558556 TSecr=2916038777"
"44336","34.701242476","192.168.1.2","192.168.1.55","TCP","66","36386  >  8004 [ACK] Seq=141 Ack=13222 Win=80896 Len=0 TSval=3045558556 TSecr=2916038777"
"44337","34.701317162","192.168.1.55","192.168.1.2","TCP","1514","8004  >  36386 [ACK] Seq=26254 Ack=141 Win=65024 Len=1448 TSval=2916038781 TSecr=3045558556 [TCP segment of a reassembled PDU]"
"44338","34.701324199","192.168.1.55","192.168.1.2","TCP","1514","8004  >  36386 [ACK] Seq=27702 Ack=141 Win=65024 Len=1448 TSval=2916038781 TSecr=3045558556 [TCP segment of a reassembled PDU]"
"44339","34.701327699","192.168.1.55","192.168.1.2","TCP","1514","8004  >  36386 [ACK] Seq=29150 Ack=141 Win=65024 Len=1448 TSval=2916038781 TSecr=3045558556 [TCP segment of a reassembled PDU]"
"44340","34.701330699","192.168.1.55","192.168.1.2","TCP","1514","8004  >  36386 [ACK] Seq=30598 Ack=141 Win=65024 Len=1448 TSval=2916038781 TSecr=3045558556 [TCP segment of a reassembled PDU]"
"44341","34.701332958","192.168.1.55","192.168.1.2","TCP","1514","8004  >  36386 [ACK] Seq=32046 Ack=141 Win=65024 Len=1448 TSval=2916038781 TSecr=3045558556 [TCP segment of a reassembled PDU]"
"44342","34.701334754","192.168.1.55","192.168.1.2","TCP","1514","8004  >  36386 [ACK] Seq=33494 Ack=141 Win=65024 Len=1448 TSval=2916038781 TSecr=3045558556 [TCP segment of a reassembled PDU]"
"44343","34.701337051","192.168.1.55","192.168.1.2","TCP","1514","8004  >  36386 [ACK] Seq=34942 Ack=141 Win=65024 Len=1448 TSval=2916038781 TSecr=3045558556 [TCP segment of a reassembled PDU]"
"44344","34.701339014","192.168.1.55","192.168.1.2","TCP","1514","8004  >  36386 [ACK] Seq=36390 Ack=141 Win=65024 Len=1448 TSval=2916038781 TSecr=3045558556 [TCP segment of a reassembled PDU]"
"44345","34.701374366","192.168.1.55","192.168.1.2","TCP","1514","8004  >  36386 [ACK] Seq=37838 Ack=141 Win=65024 Len=1448 TSval=2916038781 TSecr=3045558556 [TCP segment of a reassembled PDU]"
"44346","34.701379180","192.168.1.55","192.168.1.2","TCP","1514","8004  >  36386 [PSH, ACK] Seq=39286 Ack=141 Win=65024 Len=1448 TSval=2916038781 TSecr=3045558556 [TCP segment of a reassembled PDU]"
"44347","34.702399293","192.168.1.55","192.168.1.2","TCP","1514","8004  >  36386 [ACK] Seq=40734 Ack=141 Win=65024 Len=1448 TSval=2916038783 TSecr=3045558556 [TCP segment of a reassembled PDU]"
"44348","34.706538540","192.168.1.2","192.168.1.55","TCP","66","36386  >  8004 [ACK] Seq=141 Ack=16118 Win=87040 Len=0 TSval=3045558560 TSecr=2916038781"
"44349","34.706619707","192.168.1.55","192.168.1.2","TCP","1514","8004  >  36386 [ACK] Seq=42182 Ack=141 Win=65024 Len=1448 TSval=2916038787 TSecr=3045558560 [TCP segment of a reassembled PDU]"
"44350","34.706627281","192.168.1.55","192.168.1.2","TCP","1514","8004  >  36386 [PSH, ACK] Seq=43630 Ack=141 Win=65024 Len=1448 TSval=2916038787 TSecr=3045558560 [TCP segment of a reassembled PDU]"
"44351","34.706715004","192.168.1.2","192.168.1.55","TCP","66","36386  >  8004 [ACK] Seq=141 Ack=26254 Win=82944 Len=0 TSval=3045558560 TSecr=2916038781"
"44352","34.706756670","192.168.1.55","192.168.1.2","TCP","1514","8004  >  36386 [ACK] Seq=45078 Ack=141 Win=65024 Len=1448 TSval=2916038787 TSecr=3045558560 [TCP segment of a reassembled PDU]"
"44353","34.706758967","192.168.1.55","192.168.1.2","TCP","1514","8004  >  36386 [ACK] Seq=46526 Ack=141 Win=65024 Len=1448 TSval=2916038787 TSecr=3045558560 [TCP segment of a reassembled PDU]"
"44354","34.706760856","192.168.1.55","192.168.1.2","TCP","1514","8004  >  36386 [ACK] Seq=47974 Ack=141 Win=65024 Len=1448 TSval=2916038787 TSecr=3045558560 [TCP segment of a reassembled PDU]"
"44355","34.706762782","192.168.1.55","192.168.1.2","TCP","1514","8004  >  36386 [ACK] Seq=49422 Ack=141 Win=65024 Len=1448 TSval=2916038787 TSecr=3045558560 [TCP segment of a reassembled PDU]"
"44356","34.706764041","192.168.1.55","192.168.1.2","TCP","1514","8004  >  36386 [ACK] Seq=50870 Ack=141 Win=65024 Len=1448 TSval=2916038787 TSecr=3045558560 [TCP segment of a reassembled PDU]"
"44357","34.706765430","192.168.1.55","192.168.1.2","TCP","1514","8004  >  36386 [ACK] Seq=52318 Ack=141 Win=65024 Len=1448 TSval=2916038787 TSecr=3045558560 [TCP segment of a reassembled PDU]"
"44358","34.706766652","192.168.1.55","192.168.1.2","TCP","1514","8004  >  36386 [ACK] Seq=53766 Ack=141 Win=65024 Len=1448 TSval=2916038787 TSecr=3045558560 [TCP segment of a reassembled PDU]"
"44359","34.706768004","192.168.1.55","192.168.1.2","TCP","1514","8004  >  36386 [ACK] Seq=55214 Ack=141 Win=65024 Len=1448 TSval=2916038787 TSecr=3045558560 [TCP segment of a reassembled PDU]"
"44360","34.706769170","192.168.1.55","192.168.1.2","TCP","1514","8004  >  36386 [ACK] Seq=56662 Ack=141 Win=65024 Len=1448 TSval=2916038787 TSecr=3045558560 [TCP segment of a reassembled PDU]"
"44361","34.706770504","192.168.1.55","192.168.1.2","TCP","1514","8004  >  36386 [ACK] Seq=58110 Ack=141 Win=65024 Len=1448 TSval=2916038787 TSecr=3045558560 [TCP segment of a reassembled PDU]"
"44362","34.706772170","192.168.1.55","192.168.1.2","TCP","1514","8004  >  36386 [ACK] Seq=59558 Ack=141 Win=65024 Len=1448 TSval=2916038787 TSecr=3045558560 [TCP segment of a reassembled PDU]"
"44363","34.706773874","192.168.1.55","192.168.1.2","TCP","1514","8004  >  36386 [ACK] Seq=61006 Ack=141 Win=65024 Len=1448 TSval=2916038787 TSecr=3045558560 [TCP segment of a reassembled PDU]"
"44364","34.706775430","192.168.1.55","192.168.1.2","TCP","1514","8004  >  36386 [ACK] Seq=62454 Ack=141 Win=65024 Len=1448 TSval=2916038787 TSecr=3045558560 [TCP segment of a reassembled PDU]"
"44365","34.706776578","192.168.1.55","192.168.1.2","TCP","1514","8004  >  36386 [PSH, ACK] Seq=63902 Ack=141 Win=65024 Len=1448 TSval=2916038787 TSecr=3045558560 [TCP segment of a reassembled PDU]"
"44366","34.706781059","192.168.1.2","192.168.1.55","TCP","66","36386  >  8004 [ACK] Seq=141 Ack=36390 Win=73728 Len=0 TSval=3045558560 TSecr=2916038781"
"44367","34.706806837","192.168.1.55","192.168.1.2","TCP","1514","8004  >  36386 [ACK] Seq=65350 Ack=141 Win=65024 Len=1448 TSval=2916038787 TSecr=3045558560 [TCP segment of a reassembled PDU]"
"44368","34.706810096","192.168.1.55","192.168.1.2","TCP","1514","8004  >  36386 [ACK] Seq=66798 Ack=141 Win=65024 Len=1448 TSval=2916038787 TSecr=3045558560 [TCP segment of a reassembled PDU]"
"44369","34.706811300","192.168.1.55","192.168.1.2","TCP","1514","8004  >  36386 [ACK] Seq=68246 Ack=141 Win=65024 Len=1448 TSval=2916038787 TSecr=3045558560 [TCP segment of a reassembled PDU]"
"44370","34.706812615","192.168.1.55","192.168.1.2","TCP","1514","8004  >  36386 [ACK] Seq=69694 Ack=141 Win=65024 Len=1448 TSval=2916038787 TSecr=3045558560 [TCP segment of a reassembled PDU]"
"44371","34.706813837","192.168.1.55","192.168.1.2","TCP","1514","8004  >  36386 [ACK] Seq=71142 Ack=141 Win=65024 Len=1448 TSval=2916038787 TSecr=3045558560 [TCP segment of a reassembled PDU]"
"44372","34.706815041","192.168.1.55","192.168.1.2","TCP","1514","8004  >  36386 [ACK] Seq=72590 Ack=141 Win=65024 Len=1448 TSval=2916038787 TSecr=3045558560 [TCP segment of a reassembled PDU]"
"44373","34.706816448","192.168.1.55","192.168.1.2","TCP","1514","8004  >  36386 [ACK] Seq=74038 Ack=141 Win=65024 Len=1448 TSval=2916038787 TSecr=3045558560 [TCP segment of a reassembled PDU]"
"44374","34.706817782","192.168.1.55","192.168.1.2","TCP","1514","8004  >  36386 [PSH, ACK] Seq=75486 Ack=141 Win=65024 Len=1448 TSval=2916038787 TSecr=3045558560 [TCP segment of a reassembled PDU]"
"44375","34.706827541","192.168.1.2","192.168.1.55","TCP","66","36386  >  8004 [ACK] Seq=141 Ack=39286 Win=92160 Len=0 TSval=3045558561 TSecr=2916038781"
"44376","34.706865893","192.168.1.2","192.168.1.55","TCP","66","36386  >  8004 [ACK] Seq=141 Ack=40734 Win=94208 Len=0 TSval=3045558561 TSecr=2916038781"
"44377","34.707857950","192.168.1.55","192.168.1.2","TCP","1514","8004  >  36386 [ACK] Seq=76934 Ack=141 Win=65024 Len=1448 TSval=2916038788 TSecr=3045558561 [TCP segment of a reassembled PDU]"
"44378","34.707864894","192.168.1.55","192.168.1.2","TCP","1514","8004  >  36386 [ACK] Seq=78382 Ack=141 Win=65024 Len=1448 TSval=2916038788 TSecr=3045558561 [TCP segment of a reassembled PDU]"
"44379","34.707866580","192.168.1.55","192.168.1.2","TCP","1514","8004  >  36386 [ACK] Seq=79830 Ack=141 Win=65024 Len=1448 TSval=2916038788 TSecr=3045558561 [TCP segment of a reassembled PDU]"
"44380","34.707868394","192.168.1.55","192.168.1.2","TCP","1514","8004  >  36386 [ACK] Seq=81278 Ack=141 Win=65024 Len=1448 TSval=2916038788 TSecr=3045558561 [TCP segment of a reassembled PDU]"
"44381","34.707870339","192.168.1.55","192.168.1.2","TCP","1514","8004  >  36386 [ACK] Seq=82726 Ack=141 Win=65024 Len=1448 TSval=2916038788 TSecr=3045558561 [TCP segment of a reassembled PDU]"
"44382","34.707872043","192.168.1.55","192.168.1.2","TCP","1514","8004  >  36386 [ACK] Seq=84174 Ack=141 Win=65024 Len=1448 TSval=2916038788 TSecr=3045558561 [TCP segment of a reassembled PDU]"
"44383","34.707873469","192.168.1.55","192.168.1.2","TCP","1514","8004  >  36386 [ACK] Seq=85622 Ack=141 Win=65024 Len=1448 TSval=2916038788 TSecr=3045558561 [TCP segment of a reassembled PDU]"
"44384","34.707874931","192.168.1.55","192.168.1.2","TCP","1514","8004  >  36386 [ACK] Seq=87070 Ack=141 Win=65024 Len=1448 TSval=2916038788 TSecr=3045558561 [TCP segment of a reassembled PDU]"
"44385","34.707877820","192.168.1.55","192.168.1.2","TCP","1514","8004  >  36386 [ACK] Seq=88518 Ack=141 Win=65024 Len=1448 TSval=2916038788 TSecr=3045558561 [TCP segment of a reassembled PDU]"
"44386","34.707879543","192.168.1.55","192.168.1.2","TCP","1514","8004  >  36386 [ACK] Seq=89966 Ack=141 Win=65024 Len=1448 TSval=2916038788 TSecr=3045558561 [TCP segment of a reassembled PDU]"
"44387","34.707881320","192.168.1.55","192.168.1.2","TCP","1514","8004  >  36386 [ACK] Seq=91414 Ack=141 Win=65024 Len=1448 TSval=2916038788 TSecr=3045558561 [TCP segment of a reassembled PDU]"
"44388","34.707883246","192.168.1.55","192.168.1.2","TCP","1514","8004  >  36386 [ACK] Seq=92862 Ack=141 Win=65024 Len=1448 TSval=2916038788 TSecr=3045558561 [TCP segment of a reassembled PDU]"
"44389","34.707884672","192.168.1.55","192.168.1.2","TCP","1514","8004  >  36386 [ACK] Seq=94310 Ack=141 Win=65024 Len=1448 TSval=2916038788 TSecr=3045558561 [TCP segment of a reassembled PDU]"
"44390","34.707886580","192.168.1.55","192.168.1.2","TCP","1514","8004  >  36386 [PSH, ACK] Seq=95758 Ack=141 Win=65024 Len=1448 TSval=2916038788 TSecr=3045558561 [TCP segment of a reassembled PDU]"
"44391","34.707896783","192.168.1.2","192.168.1.55","TCP","66","36386  >  8004 [ACK] Seq=141 Ack=42182 Win=94208 Len=0 TSval=3045558561 TSecr=2916038783"
"44392","34.707934932","192.168.1.55","192.168.1.2","TCP","1514","8004  >  36386 [ACK] Seq=97206 Ack=141 Win=65024 Len=1448 TSval=2916038788 TSecr=3045558561 [TCP segment of a reassembled PDU]"
"44393","34.707938876","192.168.1.55","192.168.1.2","TCP","1514","8004  >  36386 [PSH, ACK] Seq=98654 Ack=141 Win=65024 Len=1448 TSval=2916038788 TSecr=3045558561 [TCP segment of a reassembled PDU]"
"44394","34.713235662","192.168.1.2","192.168.1.55","TCP","66","36386  >  8004 [ACK] Seq=141 Ack=45078 Win=92160 Len=0 TSval=3045558566 TSecr=2916038787"
"44395","34.713248162","192.168.1.55","192.168.1.2","TCP","1514","8004  >  36386 [ACK] Seq=100102 Ack=141 Win=65024 Len=1448 TSval=2916038793 TSecr=3045558566 [TCP segment of a reassembled PDU]"
"44396","34.713250125","192.168.1.55","192.168.1.2","TCP","1514","8004  >  36386 [ACK] Seq=101550 Ack=141 Win=65024 Len=1448 TSval=2916038793 TSecr=3045558566 [TCP segment of a reassembled PDU]"
"44397","34.713251088","192.168.1.55","192.168.1.2","TCP","1514","8004  >  36386 [ACK] Seq=102998 Ack=141 Win=65024 Len=1448 TSval=2916038793 TSecr=3045558566 [TCP segment of a reassembled PDU]"
"44398","34.713252125","192.168.1.55","192.168.1.2","TCP","1514","8004  >  36386 [PSH, ACK] Seq=104446 Ack=141 Win=65024 Len=1448 TSval=2916038793 TSecr=3045558566 [TCP segment of a reassembled PDU]"
"44399","34.713520941","192.168.1.2","192.168.1.55","TCP","66","36386  >  8004 [ACK] Seq=141 Ack=65350 Win=72704 Len=0 TSval=3045558567 TSecr=2916038787"
"44400","34.713531644","192.168.1.55","192.168.1.2","TCP","1514","8004  >  36386 [ACK] Seq=105894 Ack=141 Win=65024 Len=1448 TSval=2916038794 TSecr=3045558567 [TCP segment of a reassembled PDU]"
"44401","34.713532922","192.168.1.55","192.168.1.2","TCP","1514","8004  >  36386 [ACK] Seq=107342 Ack=141 Win=65024 Len=1448 TSval=2916038794 TSecr=3045558567 [TCP segment of a reassembled PDU]"
"44402","34.713533959","192.168.1.55","192.168.1.2","TCP","1514","8004  >  36386 [ACK] Seq=108790 Ack=141 Win=65024 Len=1448 TSval=2916038794 TSecr=3045558567 [TCP segment of a reassembled PDU]"
"44403","34.713535015","192.168.1.55","192.168.1.2","TCP","1514","8004  >  36386 [ACK] Seq=110238 Ack=141 Win=65024 Len=1448 TSval=2916038794 TSecr=3045558567 [TCP segment of a reassembled PDU]"
"44404","34.713535978","192.168.1.55","192.168.1.2","TCP","1514","8004  >  36386 [ACK] Seq=111686 Ack=141 Win=65024 Len=1448 TSval=2916038794 TSecr=3045558567 [TCP segment of a reassembled PDU]"
"44405","34.713536996","192.168.1.55","192.168.1.2","TCP","1514","8004  >  36386 [ACK] Seq=113134 Ack=141 Win=65024 Len=1448 TSval=2916038794 TSecr=3045558567 [TCP segment of a reassembled PDU]"
"44406","34.713537959","192.168.1.55","192.168.1.2","TCP","1514","8004  >  36386 [PSH, ACK] Seq=114582 Ack=141 Win=65024 Len=1448 TSval=2916038794 TSecr=3045558567 [TCP segment of a reassembled PDU]"
"44407","34.713541515","192.168.1.2","192.168.1.55","TCP","66","36386  >  8004 [ACK] Seq=141 Ack=76934 Win=61440 Len=0 TSval=3045558567 TSecr=2916038787"
"44408","34.713565348","192.168.1.55","192.168.1.2","TCP","1514","8004  >  36386 [ACK] Seq=116030 Ack=141 Win=65024 Len=1448 TSval=2916038794 TSecr=3045558567 [TCP segment of a reassembled PDU]"
"44409","34.713567070","192.168.1.55","192.168.1.2","TCP","1514","8004  >  36386 [ACK] Seq=117478 Ack=141 Win=65024 Len=1448 TSval=2916038794 TSecr=3045558567 [TCP segment of a reassembled PDU]"
"44410","34.713568126","192.168.1.55","192.168.1.2","TCP","1514","8004  >  36386 [ACK] Seq=118926 Ack=141 Win=65024 Len=1448 TSval=2916038794 TSecr=3045558567 [TCP segment of a reassembled PDU]"
"44411","34.713569144","192.168.1.55","192.168.1.2","TCP","1514","8004  >  36386 [ACK] Seq=120374 Ack=141 Win=65024 Len=1448 TSval=2916038794 TSecr=3045558567 [TCP segment of a reassembled PDU]"
"44412","34.713570107","192.168.1.55","192.168.1.2","TCP","1514","8004  >  36386 [ACK] Seq=121822 Ack=141 Win=65024 Len=1448 TSval=2916038794 TSecr=3045558567 [TCP segment of a reassembled PDU]"
"44413","34.713571070","192.168.1.55","192.168.1.2","TCP","1514","8004  >  36386 [ACK] Seq=123270 Ack=141 Win=65024 Len=1448 TSval=2916038794 TSecr=3045558567 [TCP segment of a reassembled PDU]"
"44414","34.713572255","192.168.1.55","192.168.1.2","TCP","1514","8004  >  36386 [ACK] Seq=124718 Ack=141 Win=65024 Len=1448 TSval=2916038794 TSecr=3045558567 [TCP segment of a reassembled PDU]"
"44415","34.713573274","192.168.1.55","192.168.1.2","TCP","1514","8004  >  36386 [ACK] Seq=126166 Ack=141 Win=65024 Len=1448 TSval=2916038794 TSecr=3045558567 [TCP segment of a reassembled PDU]"
"44416","34.713574237","192.168.1.55","192.168.1.2","TCP","1514","8004  >  36386 [ACK] Seq=127614 Ack=141 Win=65024 Len=1448 TSval=2916038794 TSecr=3045558567 [TCP segment of a reassembled PDU]"
"44417","34.713575329","192.168.1.55","192.168.1.2","TCP","1514","8004  >  36386 [ACK] Seq=129062 Ack=141 Win=65024 Len=1448 TSval=2916038794 TSecr=3045558567 [TCP segment of a reassembled PDU]"
"44418","34.713576496","192.168.1.55","192.168.1.2","TCP","1514","8004  >  36386 [ACK] Seq=130510 Ack=141 Win=65024 Len=1448 TSval=2916038794 TSecr=3045558567 [TCP segment of a reassembled PDU]"
"44419","34.713577978","192.168.1.55","192.168.1.2","TCP","1514","8004  >  36386 [ACK] Seq=131958 Ack=141 Win=65024 Len=1448 TSval=2916038794 TSecr=3045558567 [TCP segment of a reassembled PDU]"
"44420","34.713578922","192.168.1.55","192.168.1.2","TCP","1514","8004  >  36386 [ACK] Seq=133406 Ack=141 Win=65024 Len=1448 TSval=2916038794 TSecr=3045558567 [TCP segment of a reassembled PDU]"
"44421","34.713579848","192.168.1.55","192.168.1.2","TCP","1514","8004  >  36386 [ACK] Seq=134854 Ack=141 Win=65024 Len=1448 TSval=2916038794 TSecr=3045558567 [TCP segment of a reassembled PDU]"
"44422","34.713580922","192.168.1.55","192.168.1.2","TCP","1514","8004  >  36386 [ACK] Seq=136302 Ack=141 Win=65024 Len=1448 TSval=2916038794 TSecr=3045558567 [TCP segment of a reassembled PDU]"
"44423","34.713581978","192.168.1.55","192.168.1.2","TCP","690","[TCP Window Full] 8004  >  36386 [PSH, ACK] Seq=137750 Ack=141 Win=65024 Len=624 TSval=2916038794 TSecr=3045558567 [TCP segment of a reassembled PDU]"
"44424","34.713587107","192.168.1.2","192.168.1.55","TCP","66","36386  >  8004 [ACK] Seq=141 Ack=78382 Win=60416 Len=0 TSval=3045558567 TSecr=2916038788"
"44425","34.713641033","192.168.1.2","192.168.1.55","TCP","66","36386  >  8004 [ACK] Seq=141 Ack=97206 Win=77824 Len=0 TSval=3045558568 TSecr=2916038788"
"44426","34.713670219","192.168.1.55","192.168.1.2","TCP","1514","8004  >  36386 [ACK] Seq=138374 Ack=141 Win=65024 Len=1448 TSval=2916038794 TSecr=3045558568 [TCP segment of a reassembled PDU]"
"44427","34.713672070","192.168.1.55","192.168.1.2","TCP","1514","8004  >  36386 [ACK] Seq=139822 Ack=141 Win=65024 Len=1448 TSval=2916038794 TSecr=3045558568 [TCP segment of a reassembled PDU]"
"44428","34.713673237","192.168.1.55","192.168.1.2","TCP","1514","8004  >  36386 [ACK] Seq=141270 Ack=141 Win=65024 Len=1448 TSval=2916038794 TSecr=3045558568 [TCP segment of a reassembled PDU]"
"44429","34.713674367","192.168.1.55","192.168.1.2","TCP","1514","8004  >  36386 [ACK] Seq=142718 Ack=141 Win=65024 Len=1448 TSval=2916038794 TSecr=3045558568 [TCP segment of a reassembled PDU]"
"44430","34.713675311","192.168.1.55","192.168.1.2","TCP","1514","8004  >  36386 [ACK] Seq=144166 Ack=141 Win=65024 Len=1448 TSval=2916038794 TSecr=3045558568 [TCP segment of a reassembled PDU]"
"44431","34.713676256","192.168.1.55","192.168.1.2","TCP","1514","8004  >  36386 [ACK] Seq=145614 Ack=141 Win=65024 Len=1448 TSval=2916038794 TSecr=3045558568 [TCP segment of a reassembled PDU]"
"44432","34.713677348","192.168.1.55","192.168.1.2","TCP","1514","8004  >  36386 [ACK] Seq=147062 Ack=141 Win=65024 Len=1448 TSval=2916038794 TSecr=3045558568 [TCP segment of a reassembled PDU]"
"44433","34.713678441","192.168.1.55","192.168.1.2","TCP","1514","8004  >  36386 [ACK] Seq=148510 Ack=141 Win=65024 Len=1448 TSval=2916038794 TSecr=3045558568 [TCP segment of a reassembled PDU]"
"44434","34.713679496","192.168.1.55","192.168.1.2","TCP","1514","8004  >  36386 [ACK] Seq=149958 Ack=141 Win=65024 Len=1448 TSval=2916038794 TSecr=3045558568 [TCP segment of a reassembled PDU]"
"44435","34.713680496","192.168.1.55","192.168.1.2","TCP","1514","8004  >  36386 [ACK] Seq=151406 Ack=141 Win=65024 Len=1448 TSval=2916038794 TSecr=3045558568 [TCP segment of a reassembled PDU]"
"44436","34.713681700","192.168.1.55","192.168.1.2","TCP","1514","8004  >  36386 [PSH, ACK] Seq=152854 Ack=141 Win=65024 Len=1448 TSval=2916038794 TSecr=3045558568 [TCP segment of a reassembled PDU]"
"44437","34.713686144","192.168.1.55","192.168.1.2","TCP","890","8004  >  36386 [ACK] Seq=154302 Ack=141 Win=65024 Len=824 TSval=2916038794 TSecr=3045558568 [TCP segment of a reassembled PDU]"
"44438","34.713689385","192.168.1.2","192.168.1.55","TCP","66","36386  >  8004 [ACK] Seq=141 Ack=100102 Win=75776 Len=0 TSval=3045558568 TSecr=2916038788"
"44439","34.713737682","192.168.1.55","192.168.1.2","TCP","1514","8004  >  36386 [ACK] Seq=155126 Ack=141 Win=65024 Len=1448 TSval=2916038794 TSecr=3045558568 [TCP segment of a reassembled PDU]"
"44440","34.713742293","192.168.1.55","192.168.1.2","TCP","1514","8004  >  36386 [ACK] Seq=156574 Ack=141 Win=65024 Len=1448 TSval=2916038794 TSecr=3045558568 [TCP segment of a reassembled PDU]"
"44441","34.713743348","192.168.1.55","192.168.1.2","TCP","1514","8004  >  36386 [ACK] Seq=158022 Ack=141 Win=65024 Len=1448 TSval=2916038794 TSecr=3045558568 [TCP segment of a reassembled PDU]"
"44442","34.713744404","192.168.1.55","192.168.1.2","TCP","1514","8004  >  36386 [ACK] Seq=159470 Ack=141 Win=65024 Len=1448 TSval=2916038794 TSecr=3045558568 [TCP segment of a reassembled PDU]"
"44443","34.713745385","192.168.1.55","192.168.1.2","TCP","1514","8004  >  36386 [ACK] Seq=160918 Ack=141 Win=65024 Len=1448 TSval=2916038794 TSecr=3045558568 [TCP segment of a reassembled PDU]"
"44444","34.713746496","192.168.1.55","192.168.1.2","TCP","1514","8004  >  36386 [ACK] Seq=162366 Ack=141 Win=65024 Len=1448 TSval=2916038794 TSecr=3045558568 [TCP segment of a reassembled PDU]"
"44445","34.713747589","192.168.1.55","192.168.1.2","TCP","1514","8004  >  36386 [ACK] Seq=163814 Ack=141 Win=65024 Len=1448 TSval=2916038794 TSecr=3045558568 [TCP segment of a reassembled PDU]"
"44446","34.713748774","192.168.1.55","192.168.1.2","TCP","1514","8004  >  36386 [ACK] Seq=165262 Ack=141 Win=65024 Len=1448 TSval=2916038794 TSecr=3045558568 [TCP segment of a reassembled PDU]"
"44447","34.713749848","192.168.1.55","192.168.1.2","TCP","1514","8004  >  36386 [ACK] Seq=166710 Ack=141 Win=65024 Len=1448 TSval=2916038794 TSecr=3045558568 [TCP segment of a reassembled PDU]"
"44448","34.713750978","192.168.1.55","192.168.1.2","TCP","1514","8004  >  36386 [ACK] Seq=168158 Ack=141 Win=65024 Len=1448 TSval=2916038794 TSecr=3045558568 [TCP segment of a reassembled PDU]"
"44449","34.713752089","192.168.1.55","192.168.1.2","TCP","1514","8004  >  36386 [ACK] Seq=169606 Ack=141 Win=65024 Len=1448 TSval=2916038794 TSecr=3045558568 [TCP segment of a reassembled PDU]"
"44450","34.713753089","192.168.1.55","192.168.1.2","TCP","1514","8004  >  36386 [ACK] Seq=171054 Ack=141 Win=65024 Len=1448 TSval=2916038794 TSecr=3045558568 [TCP segment of a reassembled PDU]"
"44451","34.713754145","192.168.1.55","192.168.1.2","TCP","1514","8004  >  36386 [ACK] Seq=172502 Ack=141 Win=65024 Len=1448 TSval=2916038794 TSecr=3045558568 [TCP segment of a reassembled PDU]"
"44452","34.713755756","192.168.1.55","192.168.1.2","TCP","1514","8004  >  36386 [PSH, ACK] Seq=173950 Ack=141 Win=65024 Len=1448 TSval=2916038794 TSecr=3045558568 [TCP segment of a reassembled PDU]"
"44453","34.719193727","192.168.1.2","192.168.1.55","TCP","66","36386  >  8004 [ACK] Seq=141 Ack=101550 Win=92160 Len=0 TSval=3045558570 TSecr=2916038793"
"44454","34.719235727","192.168.1.55","192.168.1.2","TCP","1514","8004  >  36386 [ACK] Seq=175398 Ack=141 Win=65024 Len=1448 TSval=2916038799 TSecr=3045558570 [TCP segment of a reassembled PDU]"
"44455","34.719240320","192.168.1.55","192.168.1.2","TCP","1514","8004  >  36386 [ACK] Seq=176846 Ack=141 Win=65024 Len=1448 TSval=2916038799 TSecr=3045558570 [TCP segment of a reassembled PDU]"
"44456","34.719241283","192.168.1.55","192.168.1.2","TCP","1514","8004  >  36386 [ACK] Seq=178294 Ack=141 Win=65024 Len=1448 TSval=2916038799 TSecr=3045558570 [TCP segment of a reassembled PDU]"
"44457","34.719242376","192.168.1.55","192.168.1.2","TCP","1514","8004  >  36386 [ACK] Seq=179742 Ack=141 Win=65024 Len=1448 TSval=2916038799 TSecr=3045558570 [TCP segment of a reassembled PDU]"
"44458","34.719243302","192.168.1.55","192.168.1.2","TCP","1514","8004  >  36386 [ACK] Seq=181190 Ack=141 Win=65024 Len=1448 TSval=2916038799 TSecr=3045558570 [TCP segment of a reassembled PDU]"
"44459","34.719244227","192.168.1.55","192.168.1.2","TCP","1514","8004  >  36386 [ACK] Seq=182638 Ack=141 Win=65024 Len=1448 TSval=2916038799 TSecr=3045558570 [TCP segment of a reassembled PDU]"
"44460","34.719245357","192.168.1.55","192.168.1.2","TCP","1514","8004  >  36386 [ACK] Seq=184086 Ack=141 Win=65024 Len=1448 TSval=2916038799 TSecr=3045558570 [TCP segment of a reassembled PDU]"
"44461","34.719246320","192.168.1.55","192.168.1.2","TCP","1514","8004  >  36386 [ACK] Seq=185534 Ack=141 Win=65024 Len=1448 TSval=2916038799 TSecr=3045558570 [TCP segment of a reassembled PDU]"
"44462","34.719247320","192.168.1.55","192.168.1.2","TCP","1514","8004  >  36386 [ACK] Seq=186982 Ack=141 Win=65024 Len=1448 TSval=2916038799 TSecr=3045558570 [TCP segment of a reassembled PDU]"
"44463","34.719248246","192.168.1.55","192.168.1.2","TCP","1514","8004  >  36386 [ACK] Seq=188430 Ack=141 Win=65024 Len=1448 TSval=2916038799 TSecr=3045558570 [TCP segment of a reassembled PDU]"
"44464","34.719249227","192.168.1.55","192.168.1.2","TCP","1514","8004  >  36386 [ACK] Seq=189878 Ack=141 Win=65024 Len=1448 TSval=2916038799 TSecr=3045558570 [TCP segment of a reassembled PDU]"
"44465","34.719250227","192.168.1.55","192.168.1.2","TCP","1514","8004  >  36386 [PSH, ACK] Seq=191326 Ack=141 Win=65024 Len=1448 TSval=2916038799 TSecr=3045558570 [TCP segment of a reassembled PDU]"
"44466","34.720761434","192.168.1.2","192.168.1.55","TCP","66","36386  >  8004 [ACK] Seq=141 Ack=104446 Win=93184 Len=0 TSval=3045558571 TSecr=2916038793"
"44467","34.720774971","192.168.1.55","192.168.1.2","TCP","1514","8004  >  36386 [ACK] Seq=192774 Ack=141 Win=65024 Len=1448 TSval=2916038801 TSecr=3045558571 [TCP segment of a reassembled PDU]"
"44468","34.720776971","192.168.1.55","192.168.1.2","TCP","1514","8004  >  36386 [ACK] Seq=194222 Ack=141 Win=65024 Len=1448 TSval=2916038801 TSecr=3045558571 [TCP segment of a reassembled PDU]"
"44469","34.720777971","192.168.1.55","192.168.1.2","TCP","1514","8004  >  36386 [PSH, ACK] Seq=195670 Ack=141 Win=65024 Len=1448 TSval=2916038801 TSecr=3045558571 [TCP segment of a reassembled PDU]"
"44470","34.721005749","192.168.1.2","192.168.1.55","TCP","66","36386  >  8004 [ACK] Seq=141 Ack=105894 Win=97280 Len=0 TSval=3045558574 TSecr=2916038793"
"44471","34.721015675","192.168.1.55","192.168.1.2","TCP","1514","8004  >  36386 [ACK] Seq=197118 Ack=141 Win=65024 Len=1448 TSval=2916038801 TSecr=3045558574 [TCP segment of a reassembled PDU]"
"44472","34.721017823","192.168.1.55","192.168.1.2","TCP","1514","8004  >  36386 [ACK] Seq=198566 Ack=141 Win=65024 Len=1448 TSval=2916038801 TSecr=3045558574 [TCP segment of a reassembled PDU]"
"44473","34.721018749","192.168.1.55","192.168.1.2","TCP","1514","8004  >  36386 [PSH, ACK] Seq=200014 Ack=141 Win=65024 Len=1448 TSval=2916038801 TSecr=3045558574 [TCP segment of a reassembled PDU]"
"44474","34.721022045","192.168.1.2","192.168.1.55","TCP","66","36386  >  8004 [ACK] Seq=141 Ack=116030 Win=97280 Len=0 TSval=3045558574 TSecr=2916038794"
"44475","34.721026082","192.168.1.2","192.168.1.55","TCP","66","36386  >  8004 [ACK] Seq=141 Ack=120374 Win=94208 Len=0 TSval=3045558574 TSecr=2916038794"
"44476","34.721074619","192.168.1.2","192.168.1.55","TCP","66","36386  >  8004 [ACK] Seq=141 Ack=154302 Win=62464 Len=0 TSval=3045558575 TSecr=2916038794"
"44477","34.721085267","192.168.1.2","192.168.1.55","TCP","66","36386  >  8004 [ACK] Seq=141 Ack=165262 Win=62464 Len=0 TSval=3045558575 TSecr=2916038794"
"44478","34.721132286","192.168.1.55","192.168.1.2","TCP","1514","8004  >  36386 [ACK] Seq=201462 Ack=141 Win=65024 Len=1448 TSval=2916038801 TSecr=3045558575 [TCP segment of a reassembled PDU]"
"44479","34.721137564","192.168.1.55","192.168.1.2","TCP","1514","8004  >  36386 [ACK] Seq=202910 Ack=141 Win=65024 Len=1448 TSval=2916038801 TSecr=3045558575 [TCP segment of a reassembled PDU]"
"44480","34.721139045","192.168.1.55","192.168.1.2","TCP","1514","8004  >  36386 [ACK] Seq=204358 Ack=141 Win=65024 Len=1448 TSval=2916038801 TSecr=3045558575 [TCP segment of a reassembled PDU]"
"44481","34.721140527","192.168.1.55","192.168.1.2","TCP","1514","8004  >  36386 [ACK] Seq=205806 Ack=141 Win=65024 Len=1448 TSval=2916038801 TSecr=3045558575 [TCP segment of a reassembled PDU]"
"44482","34.721142175","192.168.1.55","192.168.1.2","TCP","1514","8004  >  36386 [ACK] Seq=207254 Ack=141 Win=65024 Len=1448 TSval=2916038801 TSecr=3045558575 [TCP segment of a reassembled PDU]"
"44483","34.721144212","192.168.1.55","192.168.1.2","TCP","1514","8004  >  36386 [ACK] Seq=208702 Ack=141 Win=65024 Len=1448 TSval=2916038801 TSecr=3045558575 [TCP segment of a reassembled PDU]"
"44484","34.721145582","192.168.1.55","192.168.1.2","TCP","1514","8004  >  36386 [ACK] Seq=210150 Ack=141 Win=65024 Len=1448 TSval=2916038801 TSecr=3045558575 [TCP segment of a reassembled PDU]"
"44485","34.721149249","192.168.1.55","192.168.1.2","TCP","1514","8004  >  36386 [ACK] Seq=211598 Ack=141 Win=65024 Len=1448 TSval=2916038801 TSecr=3045558575 [TCP segment of a reassembled PDU]"
"44486","34.721152768","192.168.1.55","192.168.1.2","TCP","1514","8004  >  36386 [ACK] Seq=213046 Ack=141 Win=65024 Len=1448 TSval=2916038801 TSecr=3045558575 [TCP segment of a reassembled PDU]"
"44487","34.721154360","192.168.1.55","192.168.1.2","TCP","1514","8004  >  36386 [ACK] Seq=214494 Ack=141 Win=65024 Len=1448 TSval=2916038801 TSecr=3045558575 [TCP segment of a reassembled PDU]"
"44488","34.721157212","192.168.1.55","192.168.1.2","TCP","1514","8004  >  36386 [ACK] Seq=215942 Ack=141 Win=65024 Len=1448 TSval=2916038801 TSecr=3045558575 [TCP segment of a reassembled PDU]"
"44489","34.721159305","192.168.1.55","192.168.1.2","TCP","1514","8004  >  36386 [ACK] Seq=217390 Ack=141 Win=65024 Len=1448 TSval=2916038801 TSecr=3045558575 [TCP segment of a reassembled PDU]"
"44490","34.721160749","192.168.1.55","192.168.1.2","TCP","1514","8004  >  36386 [ACK] Seq=218838 Ack=141 Win=65024 Len=1448 TSval=2916038801 TSecr=3045558575 [TCP segment of a reassembled PDU]"
"44491","34.721162101","192.168.1.55","192.168.1.2","TCP","1514","8004  >  36386 [ACK] Seq=220286 Ack=141 Win=65024 Len=1448 TSval=2916038801 TSecr=3045558575 [TCP segment of a reassembled PDU]"
"44492","34.721164379","192.168.1.55","192.168.1.2","TCP","1514","8004  >  36386 [ACK] Seq=221734 Ack=141 Win=65024 Len=1448 TSval=2916038801 TSecr=3045558575 [TCP segment of a reassembled PDU]"
"44493","34.721165916","192.168.1.55","192.168.1.2","TCP","1514","8004  >  36386 [ACK] Seq=223182 Ack=141 Win=65024 Len=1448 TSval=2916038801 TSecr=3045558575 [TCP segment of a reassembled PDU]"
"44494","34.721167397","192.168.1.55","192.168.1.2","TCP","1514","8004  >  36386 [ACK] Seq=224630 Ack=141 Win=65024 Len=1448 TSval=2916038801 TSecr=3045558575 [TCP segment of a reassembled PDU]"
"44495","34.721168953","192.168.1.55","192.168.1.2","TCP","1514","8004  >  36386 [ACK] Seq=226078 Ack=141 Win=65024 Len=1448 TSval=2916038801 TSecr=3045558575 [TCP segment of a reassembled PDU]"
"44496","34.721170397","192.168.1.55","192.168.1.2","TCP","266","[TCP Window Full] 8004  >  36386 [PSH, ACK] Seq=227526 Ack=141 Win=65024 Len=200 TSval=2916038801 TSecr=3045558575 [TCP segment of a reassembled PDU]"
"44497","34.724469569","192.168.1.2","192.168.1.55","TCP","66","36386  >  8004 [ACK] Seq=141 Ack=175398 Win=96256 Len=0 TSval=3045558576 TSecr=2916038794"
"44498","34.724492254","192.168.1.55","192.168.1.2","TCP","1514","8004  >  36386 [ACK] Seq=227726 Ack=141 Win=65024 Len=1448 TSval=2916038805 TSecr=3045558576 [TCP segment of a reassembled PDU]"
"44499","34.724494236","192.168.1.55","192.168.1.2","TCP","1514","8004  >  36386 [ACK] Seq=229174 Ack=141 Win=65024 Len=1448 TSval=2916038805 TSecr=3045558576 [TCP segment of a reassembled PDU]"
"44500","34.724495421","192.168.1.55","192.168.1.2","TCP","1514","8004  >  36386 [ACK] Seq=230622 Ack=141 Win=65024 Len=1448 TSval=2916038805 TSecr=3045558576 [TCP segment of a reassembled PDU]"
"44501","34.724496736","192.168.1.55","192.168.1.2","TCP","1514","8004  >  36386 [ACK] Seq=232070 Ack=141 Win=65024 Len=1448 TSval=2916038805 TSecr=3045558576 [TCP segment of a reassembled PDU]"
"44502","34.724497847","192.168.1.55","192.168.1.2","TCP","1514","8004  >  36386 [ACK] Seq=233518 Ack=141 Win=65024 Len=1448 TSval=2916038805 TSecr=3045558576 [TCP segment of a reassembled PDU]"
"44503","34.724498828","192.168.1.55","192.168.1.2","TCP","1514","8004  >  36386 [ACK] Seq=234966 Ack=141 Win=65024 Len=1448 TSval=2916038805 TSecr=3045558576 [TCP segment of a reassembled PDU]"
"44504","34.724499884","192.168.1.55","192.168.1.2","TCP","1514","8004  >  36386 [ACK] Seq=236414 Ack=141 Win=65024 Len=1448 TSval=2916038805 TSecr=3045558576 [TCP segment of a reassembled PDU]"
"44505","34.724500921","192.168.1.55","192.168.1.2","TCP","1514","8004  >  36386 [ACK] Seq=237862 Ack=141 Win=65024 Len=1448 TSval=2916038805 TSecr=3045558576 [TCP segment of a reassembled PDU]"
"44506","34.724501866","192.168.1.55","192.168.1.2","TCP","1514","8004  >  36386 [ACK] Seq=239310 Ack=141 Win=65024 Len=1448 TSval=2916038805 TSecr=3045558576 [TCP segment of a reassembled PDU]"
"44507","34.724503088","192.168.1.55","192.168.1.2","TCP","1514","8004  >  36386 [ACK] Seq=240758 Ack=141 Win=65024 Len=1448 TSval=2916038805 TSecr=3045558576 [TCP segment of a reassembled PDU]"
"44508","34.724504014","192.168.1.55","192.168.1.2","TCP","1514","8004  >  36386 [ACK] Seq=242206 Ack=141 Win=65024 Len=1448 TSval=2916038805 TSecr=3045558576 [TCP segment of a reassembled PDU]"
"44509","34.724505014","192.168.1.55","192.168.1.2","TCP","1514","8004  >  36386 [ACK] Seq=243654 Ack=141 Win=65024 Len=1448 TSval=2916038805 TSecr=3045558576 [TCP segment of a reassembled PDU]"
"44510","34.724506088","192.168.1.55","192.168.1.2","TCP","1514","8004  >  36386 [PSH, ACK] Seq=245102 Ack=141 Win=65024 Len=1448 TSval=2916038805 TSecr=3045558576 [TCP segment of a reassembled PDU]"
"44511","34.724511847","192.168.1.55","192.168.1.2","TCP","1314","8004  >  36386 [PSH, ACK] Seq=246550 Ack=141 Win=65024 Len=1248 TSval=2916038805 TSecr=3045558576 [TCP segment of a reassembled PDU]"
"44512","34.724538754","192.168.1.2","192.168.1.55","TCP","66","36386  >  8004 [ACK] Seq=141 Ack=192774 Win=113664 Len=0 TSval=3045558578 TSecr=2916038799"
"44513","34.724577662","192.168.1.55","192.168.1.2","TCP","1514","8004  >  36386 [ACK] Seq=247798 Ack=141 Win=65024 Len=1448 TSval=2916038805 TSecr=3045558578 [TCP segment of a reassembled PDU]"
"44514","34.724580032","192.168.1.55","192.168.1.2","TCP","1514","8004  >  36386 [ACK] Seq=249246 Ack=141 Win=65024 Len=1448 TSval=2916038805 TSecr=3045558578 [TCP segment of a reassembled PDU]"
"44515","34.724581217","192.168.1.55","192.168.1.2","TCP","1514","8004  >  36386 [ACK] Seq=250694 Ack=141 Win=65024 Len=1448 TSval=2916038805 TSecr=3045558578 [TCP segment of a reassembled PDU]"
"44516","34.724582236","192.168.1.55","192.168.1.2","TCP","1514","8004  >  36386 [ACK] Seq=252142 Ack=141 Win=65024 Len=1448 TSval=2916038805 TSecr=3045558578 [TCP segment of a reassembled PDU]"
"44517","34.724583273","192.168.1.55","192.168.1.2","TCP","1514","8004  >  36386 [ACK] Seq=253590 Ack=141 Win=65024 Len=1448 TSval=2916038805 TSecr=3045558578 [TCP segment of a reassembled PDU]"
"44518","34.724584569","192.168.1.55","192.168.1.2","TCP","1514","8004  >  36386 [ACK] Seq=255038 Ack=141 Win=65024 Len=1448 TSval=2916038805 TSecr=3045558578 [TCP segment of a reassembled PDU]"
"44519","34.724585736","192.168.1.55","192.168.1.2","TCP","1514","8004  >  36386 [ACK] Seq=256486 Ack=141 Win=65024 Len=1448 TSval=2916038805 TSecr=3045558578 [TCP segment of a reassembled PDU]"
"44520","34.724586773","192.168.1.55","192.168.1.2","TCP","1514","8004  >  36386 [ACK] Seq=257934 Ack=141 Win=65024 Len=1448 TSval=2916038805 TSecr=3045558578 [TCP segment of a reassembled PDU]"
"44521","34.724587829","192.168.1.55","192.168.1.2","TCP","1514","8004  >  36386 [ACK] Seq=259382 Ack=141 Win=65024 Len=1448 TSval=2916038805 TSecr=3045558578 [TCP segment of a reassembled PDU]"
"44522","34.724588773","192.168.1.55","192.168.1.2","TCP","1514","8004  >  36386 [ACK] Seq=260830 Ack=141 Win=65024 Len=1448 TSval=2916038805 TSecr=3045558578 [TCP segment of a reassembled PDU]"
"44523","34.724589810","192.168.1.55","192.168.1.2","TCP","1514","8004  >  36386 [ACK] Seq=262278 Ack=141 Win=65024 Len=1448 TSval=2916038805 TSecr=3045558578 [TCP segment of a reassembled PDU]"
"44524","34.724590773","192.168.1.55","192.168.1.2","TCP","1514","8004  >  36386 [ACK] Seq=263726 Ack=141 Win=65024 Len=1448 TSval=2916038805 TSecr=3045558578 [TCP segment of a reassembled PDU]"
"44525","34.724591755","192.168.1.55","192.168.1.2","TCP","1514","8004  >  36386 [ACK] Seq=265174 Ack=141 Win=65024 Len=1448 TSval=2916038805 TSecr=3045558578 [TCP segment of a reassembled PDU]"
"44526","34.724593255","192.168.1.55","192.168.1.2","TCP","1514","8004  >  36386 [ACK] Seq=266622 Ack=141 Win=65024 Len=1448 TSval=2916038805 TSecr=3045558578 [TCP segment of a reassembled PDU]"
"44527","34.724594218","192.168.1.55","192.168.1.2","TCP","1514","8004  >  36386 [ACK] Seq=268070 Ack=141 Win=65024 Len=1448 TSval=2916038805 TSecr=3045558578 [TCP segment of a reassembled PDU]"
"44528","34.724595495","192.168.1.55","192.168.1.2","TCP","1514","8004  >  36386 [ACK] Seq=269518 Ack=141 Win=65024 Len=1448 TSval=2916038805 TSecr=3045558578 [TCP segment of a reassembled PDU]"
"44529","34.724602995","192.168.1.55","192.168.1.2","TCP","1514","8004  >  36386 [ACK] Seq=270966 Ack=141 Win=65024 Len=1448 TSval=2916038805 TSecr=3045558578 [TCP segment of a reassembled PDU]"
"44530","34.724604292","192.168.1.55","192.168.1.2","TCP","1514","8004  >  36386 [ACK] Seq=272414 Ack=141 Win=65024 Len=1448 TSval=2916038805 TSecr=3045558578 [TCP segment of a reassembled PDU]"
"44531","34.724605329","192.168.1.55","192.168.1.2","TCP","1514","8004  >  36386 [ACK] Seq=273862 Ack=141 Win=65024 Len=1448 TSval=2916038805 TSecr=3045558578 [TCP segment of a reassembled PDU]"
"44532","34.724606347","192.168.1.55","192.168.1.2","TCP","1514","8004  >  36386 [ACK] Seq=275310 Ack=141 Win=65024 Len=1448 TSval=2916038805 TSecr=3045558578 [TCP segment of a reassembled PDU]"
"44533","34.724607273","192.168.1.55","192.168.1.2","TCP","1514","8004  >  36386 [ACK] Seq=276758 Ack=141 Win=65024 Len=1448 TSval=2916038805 TSecr=3045558578 [TCP segment of a reassembled PDU]"
"44534","34.724608310","192.168.1.55","192.168.1.2","TCP","1514","8004  >  36386 [ACK] Seq=278206 Ack=141 Win=65024 Len=1448 TSval=2916038805 TSecr=3045558578 [TCP segment of a reassembled PDU]"
"44535","34.724609366","192.168.1.55","192.168.1.2","TCP","1514","8004  >  36386 [ACK] Seq=279654 Ack=141 Win=65024 Len=1448 TSval=2916038805 TSecr=3045558578 [TCP segment of a reassembled PDU]"
"44536","34.724610347","192.168.1.55","192.168.1.2","TCP","1514","8004  >  36386 [ACK] Seq=281102 Ack=141 Win=65024 Len=1448 TSval=2916038805 TSecr=3045558578 [TCP segment of a reassembled PDU]"
"44537","34.724611606","192.168.1.55","192.168.1.2","TCP","1514","8004  >  36386 [ACK] Seq=282550 Ack=141 Win=65024 Len=1448 TSval=2916038805 TSecr=3045558578 [TCP segment of a reassembled PDU]"
"44538","34.724612662","192.168.1.55","192.168.1.2","TCP","1514","8004  >  36386 [ACK] Seq=283998 Ack=141 Win=65024 Len=1448 TSval=2916038805 TSecr=3045558578 [TCP segment of a reassembled PDU]"
"44539","34.724613903","192.168.1.55","192.168.1.2","TCP","1514","8004  >  36386 [ACK] Seq=285446 Ack=141 Win=65024 Len=1448 TSval=2916038805 TSecr=3045558578 [TCP segment of a reassembled PDU]"
"44540","34.724615236","192.168.1.55","192.168.1.2","TCP","1514","8004  >  36386 [ACK] Seq=286894 Ack=141 Win=65024 Len=1448 TSval=2916038805 TSecr=3045558578 [TCP segment of a reassembled PDU]"
"44541","34.724616236","192.168.1.55","192.168.1.2","TCP","1514","8004  >  36386 [ACK] Seq=288342 Ack=141 Win=65024 Len=1448 TSval=2916038805 TSecr=3045558578 [TCP segment of a reassembled PDU]"
"44542","34.724617236","192.168.1.55","192.168.1.2","TCP","1514","8004  >  36386 [ACK] Seq=289790 Ack=141 Win=65024 Len=1448 TSval=2916038805 TSecr=3045558578 [TCP segment of a reassembled PDU]"
"44543","34.724618310","192.168.1.55","192.168.1.2","TCP","1514","8004  >  36386 [ACK] Seq=291238 Ack=141 Win=65024 Len=1448 TSval=2916038805 TSecr=3045558578 [TCP segment of a reassembled PDU]"
"44544","34.724619329","192.168.1.55","192.168.1.2","TCP","1514","8004  >  36386 [PSH, ACK] Seq=292686 Ack=141 Win=65024 Len=1448 TSval=2916038805 TSecr=3045558578 [TCP segment of a reassembled PDU]"
"44545","34.729370058","192.168.1.2","192.168.1.55","TCP","66","36386  >  8004 [ACK] Seq=141 Ack=197118 Win=121856 Len=0 TSval=3045558580 TSecr=2916038801"
"44546","34.729407281","192.168.1.55","192.168.1.2","TCP","1514","8004  >  36386 [ACK] Seq=294134 Ack=141 Win=65024 Len=1448 TSval=2916038810 TSecr=3045558580 [TCP segment of a reassembled PDU]"
"44547","34.729409651","192.168.1.55","192.168.1.2","TCP","1514","8004  >  36386 [ACK] Seq=295582 Ack=141 Win=65024 Len=1448 TSval=2916038810 TSecr=3045558580 [TCP segment of a reassembled PDU]"
"44548","34.729410707","192.168.1.55","192.168.1.2","TCP","1514","8004  >  36386 [ACK] Seq=297030 Ack=141 Win=65024 Len=1448 TSval=2916038810 TSecr=3045558580 [TCP segment of a reassembled PDU]"
"44549","34.729411688","192.168.1.55","192.168.1.2","TCP","1514","8004  >  36386 [ACK] Seq=298478 Ack=141 Win=65024 Len=1448 TSval=2916038810 TSecr=3045558580 [TCP segment of a reassembled PDU]"
"44550","34.729412762","192.168.1.55","192.168.1.2","TCP","1514","8004  >  36386 [ACK] Seq=299926 Ack=141 Win=65024 Len=1448 TSval=2916038810 TSecr=3045558580 [TCP segment of a reassembled PDU]"
"44551","34.729413688","192.168.1.55","192.168.1.2","TCP","1514","8004  >  36386 [ACK] Seq=301374 Ack=141 Win=65024 Len=1448 TSval=2916038810 TSecr=3045558580 [TCP segment of a reassembled PDU]"
"44552","34.729415114","192.168.1.55","192.168.1.2","TCP","1514","8004  >  36386 [ACK] Seq=302822 Ack=141 Win=65024 Len=1448 TSval=2916038810 TSecr=3045558580 [TCP segment of a reassembled PDU]"
"44553","34.729416096","192.168.1.55","192.168.1.2","TCP","1514","8004  >  36386 [ACK] Seq=304270 Ack=141 Win=65024 Len=1448 TSval=2916038810 TSecr=3045558580 [TCP segment of a reassembled PDU]"
"44554","34.729417059","192.168.1.55","192.168.1.2","TCP","1514","8004  >  36386 [ACK] Seq=305718 Ack=141 Win=65024 Len=1448 TSval=2916038810 TSecr=3045558580 [TCP segment of a reassembled PDU]"
"44555","34.729418022","192.168.1.55","192.168.1.2","TCP","1514","8004  >  36386 [ACK] Seq=307166 Ack=141 Win=65024 Len=1448 TSval=2916038810 TSecr=3045558580 [TCP segment of a reassembled PDU]"
"44556","34.729419114","192.168.1.55","192.168.1.2","TCP","1514","8004  >  36386 [ACK] Seq=308614 Ack=141 Win=65024 Len=1448 TSval=2916038810 TSecr=3045558580 [TCP segment of a reassembled PDU]"
"44557","34.729420207","192.168.1.55","192.168.1.2","TCP","1514","8004  >  36386 [ACK] Seq=310062 Ack=141 Win=65024 Len=1448 TSval=2916038810 TSecr=3045558580 [TCP segment of a reassembled PDU]"
"44558","34.729421392","192.168.1.55","192.168.1.2","TCP","1514","8004  >  36386 [ACK] Seq=311510 Ack=141 Win=65024 Len=1448 TSval=2916038810 TSecr=3045558580 [TCP segment of a reassembled PDU]"
"44559","34.729422355","192.168.1.55","192.168.1.2","TCP","1514","8004  >  36386 [ACK] Seq=312958 Ack=141 Win=65024 Len=1448 TSval=2916038810 TSecr=3045558580 [TCP segment of a reassembled PDU]"
"44560","34.729423447","192.168.1.55","192.168.1.2","TCP","1514","8004  >  36386 [ACK] Seq=314406 Ack=141 Win=65024 Len=1448 TSval=2916038810 TSecr=3045558580 [TCP segment of a reassembled PDU]"
"44561","34.729424410","192.168.1.55","192.168.1.2","TCP","1514","8004  >  36386 [ACK] Seq=315854 Ack=141 Win=65024 Len=1448 TSval=2916038810 TSecr=3045558580 [TCP segment of a reassembled PDU]"
"44562","34.729425355","192.168.1.55","192.168.1.2","TCP","1514","8004  >  36386 [PSH, ACK] Seq=317302 Ack=141 Win=65024 Len=1448 TSval=2916038810 TSecr=3045558580 [TCP segment of a reassembled PDU]"
"44563","34.730145800","192.168.1.2","192.168.1.55","TCP","66","36386  >  8004 [ACK] Seq=141 Ack=201462 Win=122880 Len=0 TSval=3045558580 TSecr=2916038801"
"44564","34.730155115","192.168.1.2","192.168.1.55","TCP","66","36386  >  8004 [ACK] Seq=141 Ack=220286 Win=115712 Len=0 TSval=3045558580 TSecr=2916038801"
"44565","34.730158967","192.168.1.2","192.168.1.55","TCP","66","36386  >  8004 [ACK] Seq=141 Ack=227726 Win=123904 Len=0 TSval=3045558581 TSecr=2916038801"
"44566","34.730175801","192.168.1.55","192.168.1.2","TCP","1514","8004  >  36386 [ACK] Seq=318750 Ack=141 Win=65024 Len=1448 TSval=2916038810 TSecr=3045558581 [TCP segment of a reassembled PDU]"
"44567","34.730177449","192.168.1.55","192.168.1.2","TCP","1514","8004  >  36386 [ACK] Seq=320198 Ack=141 Win=65024 Len=1448 TSval=2916038810 TSecr=3045558581 [TCP segment of a reassembled PDU]"
"44568","34.730178430","192.168.1.55","192.168.1.2","TCP","1514","8004  >  36386 [ACK] Seq=321646 Ack=141 Win=65024 Len=1448 TSval=2916038810 TSecr=3045558581 [TCP segment of a reassembled PDU]"
"44569","34.730179319","192.168.1.55","192.168.1.2","TCP","1514","8004  >  36386 [ACK] Seq=323094 Ack=141 Win=65024 Len=1448 TSval=2916038810 TSecr=3045558581 [TCP segment of a reassembled PDU]"
"44570","34.730180319","192.168.1.55","192.168.1.2","TCP","1514","8004  >  36386 [ACK] Seq=324542 Ack=141 Win=65024 Len=1448 TSval=2916038810 TSecr=3045558581 [TCP segment of a reassembled PDU]"
"44571","34.730181393","192.168.1.55","192.168.1.2","TCP","1514","8004  >  36386 [ACK] Seq=325990 Ack=141 Win=65024 Len=1448 TSval=2916038810 TSecr=3045558581 [TCP segment of a reassembled PDU]"
"44572","34.730182467","192.168.1.55","192.168.1.2","TCP","1514","8004  >  36386 [ACK] Seq=327438 Ack=141 Win=65024 Len=1448 TSval=2916038810 TSecr=3045558581 [TCP segment of a reassembled PDU]"
"44573","34.730183467","192.168.1.55","192.168.1.2","TCP","1514","8004  >  36386 [ACK] Seq=328886 Ack=141 Win=65024 Len=1448 TSval=2916038810 TSecr=3045558581 [TCP segment of a reassembled PDU]"
"44574","34.730184375","192.168.1.55","192.168.1.2","TCP","1514","8004  >  36386 [ACK] Seq=330334 Ack=141 Win=65024 Len=1448 TSval=2916038810 TSecr=3045558581 [TCP segment of a reassembled PDU]"
"44575","34.730185356","192.168.1.55","192.168.1.2","TCP","1514","8004  >  36386 [ACK] Seq=331782 Ack=141 Win=65024 Len=1448 TSval=2916038810 TSecr=3045558581 [TCP segment of a reassembled PDU]"
"44576","34.730186263","192.168.1.55","192.168.1.2","TCP","1514","8004  >  36386 [ACK] Seq=333230 Ack=141 Win=65024 Len=1448 TSval=2916038810 TSecr=3045558581 [TCP segment of a reassembled PDU]"
"44577","34.730187245","192.168.1.55","192.168.1.2","TCP","1514","8004  >  36386 [ACK] Seq=334678 Ack=141 Win=65024 Len=1448 TSval=2916038810 TSecr=3045558581 [TCP segment of a reassembled PDU]"
"44578","34.730188356","192.168.1.55","192.168.1.2","TCP","1514","8004  >  36386 [ACK] Seq=336126 Ack=141 Win=65024 Len=1448 TSval=2916038810 TSecr=3045558581 [TCP segment of a reassembled PDU]"
"44579","34.730189264","192.168.1.55","192.168.1.2","TCP","1514","8004  >  36386 [ACK] Seq=337574 Ack=141 Win=65024 Len=1448 TSval=2916038810 TSecr=3045558581 [TCP segment of a reassembled PDU]"
"44580","34.730190171","192.168.1.55","192.168.1.2","TCP","1514","8004  >  36386 [PSH, ACK] Seq=339022 Ack=141 Win=65024 Len=1448 TSval=2916038810 TSecr=3045558581 [TCP segment of a reassembled PDU]"
"44581","34.730193430","192.168.1.2","192.168.1.55","TCP","66","36386  >  8004 [ACK] Seq=141 Ack=237862 Win=121856 Len=0 TSval=3045558585 TSecr=2916038805"
"44582","34.730249986","192.168.1.2","192.168.1.55","TCP","66","36386  >  8004 [ACK] Seq=141 Ack=246550 Win=124928 Len=0 TSval=3045558585 TSecr=2916038805"
"44583","34.730256338","192.168.1.2","192.168.1.55","TCP","66","36386  >  8004 [ACK] Seq=141 Ack=288342 Win=83968 Len=0 TSval=3045558585 TSecr=2916038805"
"44584","34.730281690","192.168.1.55","192.168.1.2","TCP","1514","8004  >  36386 [ACK] Seq=340470 Ack=141 Win=65024 Len=1448 TSval=2916038810 TSecr=3045558585 [TCP segment of a reassembled PDU]"
"44585","34.730282912","192.168.1.55","192.168.1.2","TCP","1514","8004  >  36386 [ACK] Seq=341918 Ack=141 Win=65024 Len=1448 TSval=2916038810 TSecr=3045558585 [TCP segment of a reassembled PDU]"
"44586","34.730283986","192.168.1.55","192.168.1.2","TCP","1514","8004  >  36386 [ACK] Seq=343366 Ack=141 Win=65024 Len=1448 TSval=2916038810 TSecr=3045558585 [TCP segment of a reassembled PDU]"
"44587","34.730284949","192.168.1.55","192.168.1.2","TCP","1514","8004  >  36386 [ACK] Seq=344814 Ack=141 Win=65024 Len=1448 TSval=2916038810 TSecr=3045558585 [TCP segment of a reassembled PDU]"
"44588","34.730285875","192.168.1.55","192.168.1.2","TCP","1514","8004  >  36386 [ACK] Seq=346262 Ack=141 Win=65024 Len=1448 TSval=2916038810 TSecr=3045558585 [TCP segment of a reassembled PDU]"
"44589","34.730286782","192.168.1.55","192.168.1.2","TCP","1514","8004  >  36386 [ACK] Seq=347710 Ack=141 Win=65024 Len=1448 TSval=2916038810 TSecr=3045558585 [TCP segment of a reassembled PDU]"
"44590","34.730287708","192.168.1.55","192.168.1.2","TCP","1514","8004  >  36386 [ACK] Seq=349158 Ack=141 Win=65024 Len=1448 TSval=2916038810 TSecr=3045558585 [TCP segment of a reassembled PDU]"
"44591","34.730289227","192.168.1.55","192.168.1.2","TCP","1514","8004  >  36386 [ACK] Seq=350606 Ack=141 Win=65024 Len=1448 TSval=2916038810 TSecr=3045558585 [TCP segment of a reassembled PDU]"
"44592","34.730290134","192.168.1.55","192.168.1.2","TCP","1514","8004  >  36386 [ACK] Seq=352054 Ack=141 Win=65024 Len=1448 TSval=2916038810 TSecr=3045558585 [TCP segment of a reassembled PDU]"
"44593","34.730291060","192.168.1.55","192.168.1.2","TCP","1514","8004  >  36386 [ACK] Seq=353502 Ack=141 Win=65024 Len=1448 TSval=2916038810 TSecr=3045558585 [TCP segment of a reassembled PDU]"
"44594","34.730296541","192.168.1.55","192.168.1.2","TCP","1514","8004  >  36386 [ACK] Seq=354950 Ack=141 Win=65024 Len=1448 TSval=2916038810 TSecr=3045558585 [TCP segment of a reassembled PDU]"
"44595","34.730297616","192.168.1.55","192.168.1.2","TCP","1514","8004  >  36386 [ACK] Seq=356398 Ack=141 Win=65024 Len=1448 TSval=2916038810 TSecr=3045558585 [TCP segment of a reassembled PDU]"
"44596","34.730299004","192.168.1.55","192.168.1.2","TCP","1514","8004  >  36386 [ACK] Seq=357846 Ack=141 Win=65024 Len=1448 TSval=2916038810 TSecr=3045558585 [TCP segment of a reassembled PDU]"
"44597","34.730299949","192.168.1.55","192.168.1.2","TCP","1514","8004  >  36386 [ACK] Seq=359294 Ack=141 Win=65024 Len=1448 TSval=2916038810 TSecr=3045558585 [TCP segment of a reassembled PDU]"
"44598","34.730300986","192.168.1.55","192.168.1.2","TCP","1514","8004  >  36386 [ACK] Seq=360742 Ack=141 Win=65024 Len=1448 TSval=2916038810 TSecr=3045558585 [TCP segment of a reassembled PDU]"
"44599","34.730302078","192.168.1.55","192.168.1.2","TCP","1514","8004  >  36386 [ACK] Seq=362190 Ack=141 Win=65024 Len=1448 TSval=2916038810 TSecr=3045558585 [TCP segment of a reassembled PDU]"
"44600","34.730303264","192.168.1.55","192.168.1.2","TCP","1514","8004  >  36386 [ACK] Seq=363638 Ack=141 Win=65024 Len=1448 TSval=2916038810 TSecr=3045558585 [TCP segment of a reassembled PDU]"
"44601","34.730304430","192.168.1.55","192.168.1.2","TCP","1514","8004  >  36386 [ACK] Seq=365086 Ack=141 Win=65024 Len=1448 TSval=2916038810 TSecr=3045558585 [TCP segment of a reassembled PDU]"
"44602","34.730305393","192.168.1.55","192.168.1.2","TCP","1514","8004  >  36386 [ACK] Seq=366534 Ack=141 Win=65024 Len=1448 TSval=2916038810 TSecr=3045558585 [TCP segment of a reassembled PDU]"
"44603","34.730306708","192.168.1.55","192.168.1.2","TCP","1514","8004  >  36386 [ACK] Seq=367982 Ack=141 Win=65024 Len=1448 TSval=2916038810 TSecr=3045558585 [TCP segment of a reassembled PDU]"
"44604","34.730307671","192.168.1.55","192.168.1.2","TCP","1514","8004  >  36386 [ACK] Seq=369430 Ack=141 Win=65024 Len=1448 TSval=2916038810 TSecr=3045558585 [TCP segment of a reassembled PDU]"
"44605","34.730308727","192.168.1.55","192.168.1.2","TCP","1498","[TCP Window Full] 8004  >  36386 [PSH, ACK] Seq=370878 Ack=141 Win=65024 Len=1432 TSval=2916038810 TSecr=3045558585 [TCP segment of a reassembled PDU]"
"44606","34.731210932","192.168.1.2","192.168.1.55","TCP","66","36386  >  8004 [ACK] Seq=141 Ack=289790 Win=128000 Len=0 TSval=3045558586 TSecr=2916038805"
"44607","34.731231561","192.168.1.55","192.168.1.2","TCP","1514","8004  >  36386 [ACK] Seq=372310 Ack=141 Win=65024 Len=1448 TSval=2916038811 TSecr=3045558586 [TCP segment of a reassembled PDU]"
"44608","34.731233839","192.168.1.55","192.168.1.2","TCP","1514","8004  >  36386 [ACK] Seq=373758 Ack=141 Win=65024 Len=1448 TSval=2916038811 TSecr=3045558586 [TCP segment of a reassembled PDU]"
"44609","34.731234802","192.168.1.55","192.168.1.2","TCP","1514","8004  >  36386 [ACK] Seq=375206 Ack=141 Win=65024 Len=1448 TSval=2916038811 TSecr=3045558586 [TCP segment of a reassembled PDU]"
"44610","34.731235747","192.168.1.55","192.168.1.2","TCP","1514","8004  >  36386 [ACK] Seq=376654 Ack=141 Win=65024 Len=1448 TSval=2916038811 TSecr=3045558586 [TCP segment of a reassembled PDU]"
"44611","34.731236654","192.168.1.55","192.168.1.2","TCP","1514","8004  >  36386 [ACK] Seq=378102 Ack=141 Win=65024 Len=1448 TSval=2916038811 TSecr=3045558586 [TCP segment of a reassembled PDU]"
"44612","34.731237599","192.168.1.55","192.168.1.2","TCP","1514","8004  >  36386 [ACK] Seq=379550 Ack=141 Win=65024 Len=1448 TSval=2916038811 TSecr=3045558586 [TCP segment of a reassembled PDU]"
"44613","34.731238599","192.168.1.55","192.168.1.2","TCP","1514","8004  >  36386 [ACK] Seq=380998 Ack=141 Win=65024 Len=1448 TSval=2916038811 TSecr=3045558586 [TCP segment of a reassembled PDU]"
"44614","34.731239469","192.168.1.55","192.168.1.2","TCP","1514","8004  >  36386 [ACK] Seq=382446 Ack=141 Win=65024 Len=1448 TSval=2916038811 TSecr=3045558586 [TCP segment of a reassembled PDU]"
"44615","34.731240469","192.168.1.55","192.168.1.2","TCP","1514","8004  >  36386 [ACK] Seq=383894 Ack=141 Win=65024 Len=1448 TSval=2916038811 TSecr=3045558586 [TCP segment of a reassembled PDU]"
"44616","34.731241376","192.168.1.55","192.168.1.2","TCP","1514","8004  >  36386 [PSH, ACK] Seq=385342 Ack=141 Win=65024 Len=1448 TSval=2916038811 TSecr=3045558586 [TCP segment of a reassembled PDU]"
"44617","34.731245654","192.168.1.55","192.168.1.2","TCP","82","8004  >  36386 [PSH, ACK] Seq=386790 Ack=141 Win=65024 Len=16 TSval=2916038811 TSecr=3045558586 [TCP segment of a reassembled PDU]"
"44618","34.731271154","192.168.1.2","192.168.1.55","TCP","66","36386  >  8004 [ACK] Seq=141 Ack=294134 Win=128000 Len=0 TSval=3045558587 TSecr=2916038805"
"44619","34.731299043","192.168.1.55","192.168.1.2","TCP","1514","8004  >  36386 [ACK] Seq=386806 Ack=141 Win=65024 Len=1448 TSval=2916038811 TSecr=3045558587 [TCP segment of a reassembled PDU]"
"44620","34.731300432","192.168.1.55","192.168.1.2","TCP","1514","8004  >  36386 [ACK] Seq=388254 Ack=141 Win=65024 Len=1448 TSval=2916038811 TSecr=3045558587 [TCP segment of a reassembled PDU]"
"44621","34.731301321","192.168.1.55","192.168.1.2","TCP","1514","8004  >  36386 [ACK] Seq=389702 Ack=141 Win=65024 Len=1448 TSval=2916038811 TSecr=3045558587 [TCP segment of a reassembled PDU]"
"44622","34.731302413","192.168.1.55","192.168.1.2","TCP","1514","8004  >  36386 [ACK] Seq=391150 Ack=141 Win=65024 Len=1448 TSval=2916038811 TSecr=3045558587 [TCP segment of a reassembled PDU]"
"44623","34.731303339","192.168.1.55","192.168.1.2","TCP","1514","8004  >  36386 [ACK] Seq=392598 Ack=141 Win=65024 Len=1448 TSval=2916038811 TSecr=3045558587 [TCP segment of a reassembled PDU]"
"44624","34.731304302","192.168.1.55","192.168.1.2","TCP","1514","8004  >  36386 [ACK] Seq=394046 Ack=141 Win=65024 Len=1448 TSval=2916038811 TSecr=3045558587 [TCP segment of a reassembled PDU]"
"44625","34.731305228","192.168.1.55","192.168.1.2","TCP","1514","8004  >  36386 [ACK] Seq=395494 Ack=141 Win=65024 Len=1448 TSval=2916038811 TSecr=3045558587 [TCP segment of a reassembled PDU]"
"44626","34.731306284","192.168.1.55","192.168.1.2","TCP","1514","8004  >  36386 [ACK] Seq=396942 Ack=141 Win=65024 Len=1448 TSval=2916038811 TSecr=3045558587 [TCP segment of a reassembled PDU]"
"44627","34.731307284","192.168.1.55","192.168.1.2","TCP","1514","8004  >  36386 [ACK] Seq=398390 Ack=141 Win=65024 Len=1448 TSval=2916038811 TSecr=3045558587 [TCP segment of a reassembled PDU]"
"44628","34.731308413","192.168.1.55","192.168.1.2","TCP","1514","8004  >  36386 [ACK] Seq=399838 Ack=141 Win=65024 Len=1448 TSval=2916038811 TSecr=3045558587 [TCP segment of a reassembled PDU]"
"44629","34.731309469","192.168.1.55","192.168.1.2","TCP","1514","8004  >  36386 [ACK] Seq=401286 Ack=141 Win=65024 Len=1448 TSval=2916038811 TSecr=3045558587 [TCP segment of a reassembled PDU]"
"44630","34.731310506","192.168.1.55","192.168.1.2","TCP","1514","8004  >  36386 [ACK] Seq=402734 Ack=141 Win=65024 Len=1448 TSval=2916038811 TSecr=3045558587 [TCP segment of a reassembled PDU]"
"44631","34.731311413","192.168.1.55","192.168.1.2","TCP","1514","8004  >  36386 [ACK] Seq=404182 Ack=141 Win=65024 Len=1448 TSval=2916038811 TSecr=3045558587 [TCP segment of a reassembled PDU]"
"44632","34.731312432","192.168.1.55","192.168.1.2","TCP","1514","8004  >  36386 [ACK] Seq=405630 Ack=141 Win=65024 Len=1448 TSval=2916038811 TSecr=3045558587 [TCP segment of a reassembled PDU]"
"44633","34.731313469","192.168.1.55","192.168.1.2","TCP","1514","8004  >  36386 [ACK] Seq=407078 Ack=141 Win=65024 Len=1448 TSval=2916038811 TSecr=3045558587 [TCP segment of a reassembled PDU]"
"44634","34.731314413","192.168.1.55","192.168.1.2","TCP","1514","8004  >  36386 [ACK] Seq=408526 Ack=141 Win=65024 Len=1448 TSval=2916038811 TSecr=3045558587 [TCP segment of a reassembled PDU]"
"44635","34.731315506","192.168.1.55","192.168.1.2","TCP","1514","8004  >  36386 [ACK] Seq=409974 Ack=141 Win=65024 Len=1448 TSval=2916038811 TSecr=3045558587 [TCP segment of a reassembled PDU]"
"44636","34.731316395","192.168.1.55","192.168.1.2","TCP","1514","8004  >  36386 [ACK] Seq=411422 Ack=141 Win=65024 Len=1448 TSval=2916038811 TSecr=3045558587 [TCP segment of a reassembled PDU]"
"44637","34.731317395","192.168.1.55","192.168.1.2","TCP","1514","8004  >  36386 [ACK] Seq=412870 Ack=141 Win=65024 Len=1448 TSval=2916038811 TSecr=3045558587 [TCP segment of a reassembled PDU]"
"44638","34.731318358","192.168.1.55","192.168.1.2","TCP","1514","8004  >  36386 [ACK] Seq=414318 Ack=141 Win=65024 Len=1448 TSval=2916038811 TSecr=3045558587 [TCP segment of a reassembled PDU]"
"44639","34.731319265","192.168.1.55","192.168.1.2","TCP","1514","8004  >  36386 [ACK] Seq=415766 Ack=141 Win=65024 Len=1448 TSval=2916038811 TSecr=3045558587 [TCP segment of a reassembled PDU]"
"44640","34.731320339","192.168.1.55","192.168.1.2","TCP","1514","8004  >  36386 [ACK] Seq=417214 Ack=141 Win=65024 Len=1448 TSval=2916038811 TSecr=3045558587 [TCP segment of a reassembled PDU]"
"44641","34.731321284","192.168.1.55","192.168.1.2","TCP","1514","8004  >  36386 [ACK] Seq=418662 Ack=141 Win=65024 Len=1448 TSval=2916038811 TSecr=3045558587 [TCP segment of a reassembled PDU]"
"44642","34.731322265","192.168.1.55","192.168.1.2","TCP","1514","8004  >  36386 [PSH, ACK] Seq=420110 Ack=141 Win=65024 Len=1448 TSval=2916038811 TSecr=3045558587 [TCP segment of a reassembled PDU]"
"44643","34.738670388","192.168.1.2","192.168.1.55","TCP","66","36386  >  8004 [ACK] Seq=141 Ack=318750 Win=107520 Len=0 TSval=3045558592 TSecr=2916038810"
"44644","34.738748481","192.168.1.55","192.168.1.2","TCP","1514","8004  >  36386 [ACK] Seq=421558 Ack=141 Win=65024 Len=1448 TSval=2916038819 TSecr=3045558592 [TCP segment of a reassembled PDU]"
"44645","34.738755388","192.168.1.55","192.168.1.2","TCP","1514","8004  >  36386 [ACK] Seq=423006 Ack=141 Win=65024 Len=1448 TSval=2916038819 TSecr=3045558592 [TCP segment of a reassembled PDU]"
"44646","34.738756462","192.168.1.55","192.168.1.2","TCP","1514","8004  >  36386 [PSH, ACK] Seq=424454 Ack=141 Win=65024 Len=1448 TSval=2916038819 TSecr=3045558592 [TCP segment of a reassembled PDU]"
"44647","34.738819740","192.168.1.2","192.168.1.55","TCP","66","36386  >  8004 [ACK] Seq=141 Ack=336126 Win=91136 Len=0 TSval=3045558592 TSecr=2916038810"
"44648","34.738829296","192.168.1.2","192.168.1.55","TCP","66","36386  >  8004 [ACK] Seq=141 Ack=340470 Win=129024 Len=0 TSval=3045558593 TSecr=2916038810"
"44649","34.738846055","192.168.1.55","192.168.1.2","TCP","1514","8004  >  36386 [ACK] Seq=425902 Ack=141 Win=65024 Len=1448 TSval=2916038819 TSecr=3045558593 [TCP segment of a reassembled PDU]"
"44650","34.738847537","192.168.1.55","192.168.1.2","TCP","1514","8004  >  36386 [ACK] Seq=427350 Ack=141 Win=65024 Len=1448 TSval=2916038819 TSecr=3045558593 [TCP segment of a reassembled PDU]"
"44651","34.738848648","192.168.1.55","192.168.1.2","TCP","1514","8004  >  36386 [ACK] Seq=428798 Ack=141 Win=65024 Len=1448 TSval=2916038819 TSecr=3045558593 [TCP segment of a reassembled PDU]"
"44652","34.738850000","192.168.1.55","192.168.1.2","TCP","1514","8004  >  36386 [ACK] Seq=430246 Ack=141 Win=65024 Len=1448 TSval=2916038819 TSecr=3045558593 [TCP segment of a reassembled PDU]"
"44653","34.738852055","192.168.1.55","192.168.1.2","TCP","1514","8004  >  36386 [PSH, ACK] Seq=431694 Ack=141 Win=65024 Len=1448 TSval=2916038819 TSecr=3045558593 [TCP segment of a reassembled PDU]"
"44654","34.738855759","192.168.1.2","192.168.1.55","TCP","66","36386  >  8004 [ACK] Seq=141 Ack=372310 Win=97280 Len=0 TSval=3045558593 TSecr=2916038810"
"44655","34.738912315","192.168.1.55","192.168.1.2","TCP","1514","8004  >  36386 [ACK] Seq=433142 Ack=141 Win=65024 Len=1448 TSval=2916038819 TSecr=3045558593 [TCP segment of a reassembled PDU]"
"44656","34.738915352","192.168.1.55","192.168.1.2","TCP","1514","8004  >  36386 [ACK] Seq=434590 Ack=141 Win=65024 Len=1448 TSval=2916038819 TSecr=3045558593 [TCP segment of a reassembled PDU]"
"44657","34.738916259","192.168.1.55","192.168.1.2","TCP","1514","8004  >  36386 [ACK] Seq=436038 Ack=141 Win=65024 Len=1448 TSval=2916038819 TSecr=3045558593 [TCP segment of a reassembled PDU]"
"44658","34.738917222","192.168.1.55","192.168.1.2","TCP","1514","8004  >  36386 [ACK] Seq=437486 Ack=141 Win=65024 Len=1448 TSval=2916038819 TSecr=3045558593 [TCP segment of a reassembled PDU]"
"44659","34.738918296","192.168.1.55","192.168.1.2","TCP","1514","8004  >  36386 [ACK] Seq=438934 Ack=141 Win=65024 Len=1448 TSval=2916038819 TSecr=3045558593 [TCP segment of a reassembled PDU]"
"44660","34.738919333","192.168.1.55","192.168.1.2","TCP","1514","8004  >  36386 [ACK] Seq=440382 Ack=141 Win=65024 Len=1448 TSval=2916038819 TSecr=3045558593 [TCP segment of a reassembled PDU]"
"44661","34.738921944","192.168.1.55","192.168.1.2","TCP","1514","8004  >  36386 [ACK] Seq=441830 Ack=141 Win=65024 Len=1448 TSval=2916038819 TSecr=3045558593 [TCP segment of a reassembled PDU]"
"44662","34.738923426","192.168.1.55","192.168.1.2","TCP","1514","8004  >  36386 [ACK] Seq=443278 Ack=141 Win=65024 Len=1448 TSval=2916038819 TSecr=3045558593 [TCP segment of a reassembled PDU]"
"44663","34.738924740","192.168.1.55","192.168.1.2","TCP","1514","8004  >  36386 [ACK] Seq=444726 Ack=141 Win=65024 Len=1448 TSval=2916038819 TSecr=3045558593 [TCP segment of a reassembled PDU]"
"44664","34.738926796","192.168.1.55","192.168.1.2","TCP","1514","8004  >  36386 [ACK] Seq=446174 Ack=141 Win=65024 Len=1448 TSval=2916038819 TSecr=3045558593 [TCP segment of a reassembled PDU]"
"44665","34.738928240","192.168.1.55","192.168.1.2","TCP","1514","8004  >  36386 [ACK] Seq=447622 Ack=141 Win=65024 Len=1448 TSval=2916038819 TSecr=3045558593 [TCP segment of a reassembled PDU]"
"44666","34.738929407","192.168.1.55","192.168.1.2","TCP","1514","8004  >  36386 [ACK] Seq=449070 Ack=141 Win=65024 Len=1448 TSval=2916038819 TSecr=3045558593 [TCP segment of a reassembled PDU]"
"44667","34.738930852","192.168.1.55","192.168.1.2","TCP","1514","8004  >  36386 [ACK] Seq=450518 Ack=141 Win=65024 Len=1448 TSval=2916038819 TSecr=3045558593 [TCP segment of a reassembled PDU]"
"44668","34.738932148","192.168.1.55","192.168.1.2","TCP","1514","8004  >  36386 [ACK] Seq=451966 Ack=141 Win=65024 Len=1448 TSval=2916038819 TSecr=3045558593 [TCP segment of a reassembled PDU]"
"44669","34.738934518","192.168.1.55","192.168.1.2","TCP","1514","8004  >  36386 [ACK] Seq=453414 Ack=141 Win=65024 Len=1448 TSval=2916038819 TSecr=3045558593 [TCP segment of a reassembled PDU]"
"44670","34.738935963","192.168.1.55","192.168.1.2","TCP","1514","8004  >  36386 [ACK] Seq=454862 Ack=141 Win=65024 Len=1448 TSval=2916038819 TSecr=3045558593 [TCP segment of a reassembled PDU]"
"44671","34.738937000","192.168.1.55","192.168.1.2","TCP","1514","8004  >  36386 [ACK] Seq=456310 Ack=141 Win=65024 Len=1448 TSval=2916038819 TSecr=3045558593 [TCP segment of a reassembled PDU]"
"44672","34.738938444","192.168.1.55","192.168.1.2","TCP","1514","8004  >  36386 [ACK] Seq=457758 Ack=141 Win=65024 Len=1448 TSval=2916038819 TSecr=3045558593 [TCP segment of a reassembled PDU]"
"44673","34.738939815","192.168.1.55","192.168.1.2","TCP","1514","8004  >  36386 [ACK] Seq=459206 Ack=141 Win=65024 Len=1448 TSval=2916038819 TSecr=3045558593 [TCP segment of a reassembled PDU]"
"44674","34.738941981","192.168.1.55","192.168.1.2","TCP","1514","8004  >  36386 [ACK] Seq=460654 Ack=141 Win=65024 Len=1448 TSval=2916038819 TSecr=3045558593 [TCP segment of a reassembled PDU]"
"44675","34.738943426","192.168.1.55","192.168.1.2","TCP","1514","8004  >  36386 [ACK] Seq=462102 Ack=141 Win=65024 Len=1448 TSval=2916038819 TSecr=3045558593 [TCP segment of a reassembled PDU]"
"44676","34.738944648","192.168.1.55","192.168.1.2","TCP","1514","8004  >  36386 [ACK] Seq=463550 Ack=141 Win=65024 Len=1448 TSval=2916038819 TSecr=3045558593 [TCP segment of a reassembled PDU]"
"44677","34.738945852","192.168.1.55","192.168.1.2","TCP","1514","8004  >  36386 [ACK] Seq=464998 Ack=141 Win=65024 Len=1448 TSval=2916038819 TSecr=3045558593 [TCP segment of a reassembled PDU]"
"44678","34.738947333","192.168.1.55","192.168.1.2","TCP","1514","8004  >  36386 [ACK] Seq=466446 Ack=141 Win=65024 Len=1448 TSval=2916038819 TSecr=3045558593 [TCP segment of a reassembled PDU]"
"44679","34.738948889","192.168.1.55","192.168.1.2","TCP","1514","8004  >  36386 [PSH, ACK] Seq=467894 Ack=141 Win=65024 Len=1448 TSval=2916038819 TSecr=3045558593 [TCP segment of a reassembled PDU]"
"44680","34.738953833","192.168.1.2","192.168.1.55","TCP","66","36386  >  8004 [ACK] Seq=141 Ack=418662 Win=54272 Len=0 TSval=3045558593 TSecr=2916038811"
"44681","34.739011722","192.168.1.2","192.168.1.55","TCP","66","[TCP Window Update] 36386  >  8004 [ACK] Seq=141 Ack=418662 Win=129024 Len=0 TSval=3045558593 TSecr=2916038811"
"44682","34.739024926","192.168.1.55","192.168.1.2","TCP","1514","8004  >  36386 [ACK] Seq=469342 Ack=141 Win=65024 Len=1448 TSval=2916038819 TSecr=3045558593 [TCP segment of a reassembled PDU]"
"44683","34.739026759","192.168.1.55","192.168.1.2","TCP","1514","8004  >  36386 [ACK] Seq=470790 Ack=141 Win=65024 Len=1448 TSval=2916038819 TSecr=3045558593 [TCP segment of a reassembled PDU]"
"44684","34.739029000","192.168.1.55","192.168.1.2","TCP","1514","8004  >  36386 [ACK] Seq=472238 Ack=141 Win=65024 Len=1448 TSval=2916038819 TSecr=3045558593 [TCP segment of a reassembled PDU]"
"44685","34.739030055","192.168.1.55","192.168.1.2","TCP","1514","8004  >  36386 [ACK] Seq=473686 Ack=141 Win=65024 Len=1448 TSval=2916038819 TSecr=3045558593 [TCP segment of a reassembled PDU]"
"44686","34.739031333","192.168.1.55","192.168.1.2","TCP","1514","8004  >  36386 [ACK] Seq=475134 Ack=141 Win=65024 Len=1448 TSval=2916038819 TSecr=3045558593 [TCP segment of a reassembled PDU]"
"44687","34.739032241","192.168.1.55","192.168.1.2","TCP","1514","8004  >  36386 [ACK] Seq=476582 Ack=141 Win=65024 Len=1448 TSval=2916038819 TSecr=3045558593 [TCP segment of a reassembled PDU]"
"44688","34.739033111","192.168.1.55","192.168.1.2","TCP","1514","8004  >  36386 [PSH, ACK] Seq=478030 Ack=141 Win=65024 Len=1448 TSval=2916038819 TSecr=3045558593 [TCP segment of a reassembled PDU]"
"44689","34.739063167","192.168.1.55","192.168.1.2","TCP","1514","8004  >  36386 [ACK] Seq=479478 Ack=141 Win=65024 Len=1448 TSval=2916038819 TSecr=3045558593 [TCP segment of a reassembled PDU]"
"44690","34.739064241","192.168.1.55","192.168.1.2","TCP","1514","8004  >  36386 [ACK] Seq=480926 Ack=141 Win=65024 Len=1448 TSval=2916038819 TSecr=3045558593 [TCP segment of a reassembled PDU]"
"44691","34.739065759","192.168.1.55","192.168.1.2","TCP","1514","8004  >  36386 [ACK] Seq=482374 Ack=141 Win=65024 Len=1448 TSval=2916038819 TSecr=3045558593 [TCP segment of a reassembled PDU]"
"44692","34.739067130","192.168.1.55","192.168.1.2","TCP","1514","8004  >  36386 [ACK] Seq=483822 Ack=141 Win=65024 Len=1448 TSval=2916038819 TSecr=3045558593 [TCP segment of a reassembled PDU]"
"44693","34.739068241","192.168.1.55","192.168.1.2","TCP","1514","8004  >  36386 [ACK] Seq=485270 Ack=141 Win=65024 Len=1448 TSval=2916038819 TSecr=3045558593 [TCP segment of a reassembled PDU]"
"44694","34.739069407","192.168.1.55","192.168.1.2","TCP","1514","8004  >  36386 [ACK] Seq=486718 Ack=141 Win=65024 Len=1448 TSval=2916038819 TSecr=3045558593 [TCP segment of a reassembled PDU]"
"44695","34.739070333","192.168.1.55","192.168.1.2","TCP","1514","8004  >  36386 [ACK] Seq=488166 Ack=141 Win=65024 Len=1448 TSval=2916038819 TSecr=3045558593 [TCP segment of a reassembled PDU]"
"44696","34.739071241","192.168.1.55","192.168.1.2","TCP","1514","8004  >  36386 [ACK] Seq=489614 Ack=141 Win=65024 Len=1448 TSval=2916038819 TSecr=3045558593 [TCP segment of a reassembled PDU]"
"44697","34.739072204","192.168.1.55","192.168.1.2","TCP","1514","8004  >  36386 [ACK] Seq=491062 Ack=141 Win=65024 Len=1448 TSval=2916038819 TSecr=3045558593 [TCP segment of a reassembled PDU]"
"44698","34.739073185","192.168.1.55","192.168.1.2","TCP","1514","8004  >  36386 [ACK] Seq=492510 Ack=141 Win=65024 Len=1448 TSval=2916038819 TSecr=3045558593 [TCP segment of a reassembled PDU]"
"44699","34.739074352","192.168.1.55","192.168.1.2","TCP","1514","8004  >  36386 [ACK] Seq=493958 Ack=141 Win=65024 Len=1448 TSval=2916038819 TSecr=3045558593 [TCP segment of a reassembled PDU]"
"44700","34.739077056","192.168.1.55","192.168.1.2","TCP","1514","8004  >  36386 [ACK] Seq=495406 Ack=141 Win=65024 Len=1448 TSval=2916038819 TSecr=3045558593 [TCP segment of a reassembled PDU]"
"44701","34.739078574","192.168.1.55","192.168.1.2","TCP","1514","8004  >  36386 [ACK] Seq=496854 Ack=141 Win=65024 Len=1448 TSval=2916038819 TSecr=3045558593 [TCP segment of a reassembled PDU]"
"44702","34.739079500","192.168.1.55","192.168.1.2","HTTP","1472","HTTP/1.0 200 OK  (PNG)"
"44703","34.739082444","192.168.1.2","192.168.1.55","TCP","66","36386  >  8004 [ACK] Seq=141 Ack=421558 Win=129024 Len=0 TSval=3045558594 TSecr=2916038811"
"44704","34.744915880","192.168.1.2","192.168.1.55","TCP","66","36386  >  8004 [ACK] Seq=141 Ack=431694 Win=129024 Len=0 TSval=3045558599 TSecr=2916038819"
"44705","34.745106250","192.168.1.2","192.168.1.55","TCP","66","36386  >  8004 [ACK] Seq=141 Ack=433142 Win=132096 Len=0 TSval=3045558599 TSecr=2916038819"
"44706","34.745113232","192.168.1.2","192.168.1.55","TCP","66","36386  >  8004 [ACK] Seq=141 Ack=469342 Win=202752 Len=0 TSval=3045558599 TSecr=2916038819"
"44707","34.745124769","192.168.1.2","192.168.1.55","TCP","66","36386  >  8004 [ACK] Seq=141 Ack=479478 Win=206848 Len=0 TSval=3045558599 TSecr=2916038819"
"44708","34.745129658","192.168.1.2","192.168.1.55","TCP","66","36386  >  8004 [ACK] Seq=141 Ack=483822 Win=202752 Len=0 TSval=3045558599 TSecr=2916038819"
"44709","34.745258936","192.168.1.2","192.168.1.55","TCP","66","36386  >  8004 [ACK] Seq=141 Ack=493958 Win=193536 Len=0 TSval=3045558599 TSecr=2916038819"
"44710","34.745266343","192.168.1.2","192.168.1.55","TCP","66","36386  >  8004 [ACK] Seq=141 Ack=495406 Win=208896 Len=0 TSval=3045558600 TSecr=2916038819"
"44711","34.745269343","192.168.1.2","192.168.1.55","TCP","66","36386  >  8004 [ACK] Seq=141 Ack=498302 Win=215040 Len=0 TSval=3045558600 TSecr=2916038819"
"44712","34.746813901","192.168.1.2","192.168.1.55","TCP","66","36386  >  8004 [FIN, ACK] Seq=141 Ack=499709 Win=218112 Len=0 TSval=3045558601 TSecr=2916038819"
"44713","34.746830012","192.168.1.55","192.168.1.2","TCP","66","8004  >  36386 [ACK] Seq=499709 Ack=142 Win=65024 Len=0 TSval=2916038827 TSecr=3045558601"
"44714","34.746932087","192.168.1.2","192.168.1.55","TCP","74","36392  >  8004 [SYN] Seq=0 Win=64240 Len=0 MSS=1460 SACK_PERM TSval=3045558602 TSecr=0 WS=1024"
"44715","34.746963568","192.168.1.55","192.168.1.2","TCP","74","8004  >  36392 [SYN, ACK] Seq=0 Ack=1 Win=65160 Len=0 MSS=1460 SACK_PERM TSval=2916038827 TSecr=3045558602 WS=128"
"44716","34.750016721","192.168.1.2","192.168.1.55","TCP","66","36392  >  8004 [ACK] Seq=1 Ack=1 Win=64512 Len=0 TSval=3045558604 TSecr=2916038827"
"44717","34.750132999","192.168.1.2","192.168.1.55","HTTP","209","GET /original_benchmark.png HTTP/1.1 "
"44718","34.750144462","192.168.1.55","192.168.1.2","TCP","66","8004  >  36392 [ACK] Seq=1 Ack=144 Win=65024 Len=0 TSval=2916038830 TSecr=3045558605"
"44719","34.751625594","192.168.1.55","192.168.1.2","TCP","255","8004  >  36392 [PSH, ACK] Seq=1 Ack=144 Win=65024 Len=189 TSval=2916038832 TSecr=3045558605 [TCP segment of a reassembled PDU]"
"44720","34.751789317","192.168.1.55","192.168.1.2","TCP","1514","8004  >  36392 [ACK] Seq=190 Ack=144 Win=65024 Len=1448 TSval=2916038832 TSecr=3045558605 [TCP segment of a reassembled PDU]"
"44721","34.751794724","192.168.1.55","192.168.1.2","TCP","1514","8004  >  36392 [ACK] Seq=1638 Ack=144 Win=65024 Len=1448 TSval=2916038832 TSecr=3045558605 [TCP segment of a reassembled PDU]"
"44722","34.751805687","192.168.1.55","192.168.1.2","TCP","1514","8004  >  36392 [ACK] Seq=3086 Ack=144 Win=65024 Len=1448 TSval=2916038832 TSecr=3045558605 [TCP segment of a reassembled PDU]"
"44723","34.751808835","192.168.1.55","192.168.1.2","TCP","1514","8004  >  36392 [ACK] Seq=4534 Ack=144 Win=65024 Len=1448 TSval=2916038832 TSecr=3045558605 [TCP segment of a reassembled PDU]"
"44724","34.751809946","192.168.1.55","192.168.1.2","TCP","1514","8004  >  36392 [PSH, ACK] Seq=5982 Ack=144 Win=65024 Len=1448 TSval=2916038832 TSecr=3045558605 [TCP segment of a reassembled PDU]"
"44725","34.751839780","192.168.1.55","192.168.1.2","TCP","1514","8004  >  36392 [ACK] Seq=7430 Ack=144 Win=65024 Len=1448 TSval=2916038832 TSecr=3045558605 [TCP segment of a reassembled PDU]"
"44726","34.751841224","192.168.1.55","192.168.1.2","TCP","1514","8004  >  36392 [ACK] Seq=8878 Ack=144 Win=65024 Len=1448 TSval=2916038832 TSecr=3045558605 [TCP segment of a reassembled PDU]"
"44727","34.751842724","192.168.1.55","192.168.1.2","TCP","1514","8004  >  36392 [ACK] Seq=10326 Ack=144 Win=65024 Len=1448 TSval=2916038832 TSecr=3045558605 [TCP segment of a reassembled PDU]"
"44728","34.751844224","192.168.1.55","192.168.1.2","TCP","1514","8004  >  36392 [PSH, ACK] Seq=11774 Ack=144 Win=65024 Len=1448 TSval=2916038832 TSecr=3045558605 [TCP segment of a reassembled PDU]"
"44729","34.755989360","192.168.1.2","192.168.1.55","TCP","66","36392  >  8004 [ACK] Seq=144 Ack=190 Win=64512 Len=0 TSval=3045558610 TSecr=2916038832"
"44730","34.756180138","192.168.1.55","192.168.1.2","TCP","1514","8004  >  36392 [ACK] Seq=13222 Ack=144 Win=65024 Len=1448 TSval=2916038836 TSecr=3045558610 [TCP segment of a reassembled PDU]"
"44731","34.756205564","192.168.1.55","192.168.1.2","TCP","1514","8004  >  36392 [PSH, ACK] Seq=14670 Ack=144 Win=65024 Len=1448 TSval=2916038836 TSecr=3045558610 [TCP segment of a reassembled PDU]"
"44732","34.756400231","192.168.1.2","192.168.1.55","TCP","66","36392  >  8004 [ACK] Seq=144 Ack=8878 Win=79872 Len=0 TSval=3045558610 TSecr=2916038832"
"44733","34.756490972","192.168.1.55","192.168.1.2","TCP","1514","8004  >  36392 [ACK] Seq=16118 Ack=144 Win=65024 Len=1448 TSval=2916038837 TSecr=3045558610 [TCP segment of a reassembled PDU]"
"44734","34.756496009","192.168.1.55","192.168.1.2","TCP","1514","8004  >  36392 [ACK] Seq=17566 Ack=144 Win=65024 Len=1448 TSval=2916038837 TSecr=3045558610 [TCP segment of a reassembled PDU]"
"44735","34.756497565","192.168.1.55","192.168.1.2","TCP","1514","8004  >  36392 [ACK] Seq=19014 Ack=144 Win=65024 Len=1448 TSval=2916038837 TSecr=3045558610 [TCP segment of a reassembled PDU]"
"44736","34.756499620","192.168.1.55","192.168.1.2","TCP","1514","8004  >  36392 [ACK] Seq=20462 Ack=144 Win=65024 Len=1448 TSval=2916038837 TSecr=3045558610 [TCP segment of a reassembled PDU]"
"44737","34.756501509","192.168.1.55","192.168.1.2","TCP","1514","8004  >  36392 [ACK] Seq=21910 Ack=144 Win=65024 Len=1448 TSval=2916038837 TSecr=3045558610 [TCP segment of a reassembled PDU]"
"44738","34.756503139","192.168.1.55","192.168.1.2","TCP","1514","8004  >  36392 [ACK] Seq=23358 Ack=144 Win=65024 Len=1448 TSval=2916038837 TSecr=3045558610 [TCP segment of a reassembled PDU]"
"44739","34.756504769","192.168.1.55","192.168.1.2","TCP","1514","8004  >  36392 [ACK] Seq=24806 Ack=144 Win=65024 Len=1448 TSval=2916038837 TSecr=3045558610 [TCP segment of a reassembled PDU]"
"44740","34.756506435","192.168.1.55","192.168.1.2","TCP","1514","8004  >  36392 [PSH, ACK] Seq=26254 Ack=144 Win=65024 Len=1448 TSval=2916038837 TSecr=3045558610 [TCP segment of a reassembled PDU]"
"44741","34.756516417","192.168.1.2","192.168.1.55","TCP","66","36392  >  8004 [ACK] Seq=144 Ack=13222 Win=79872 Len=0 TSval=3045558610 TSecr=2916038832"
"44742","34.756558417","192.168.1.55","192.168.1.2","TCP","1514","8004  >  36392 [ACK] Seq=27702 Ack=144 Win=65024 Len=1448 TSval=2916038837 TSecr=3045558610 [TCP segment of a reassembled PDU]"
"44743","34.756561621","192.168.1.55","192.168.1.2","TCP","1514","8004  >  36392 [ACK] Seq=29150 Ack=144 Win=65024 Len=1448 TSval=2916038837 TSecr=3045558610 [TCP segment of a reassembled PDU]"
"44744","34.756563306","192.168.1.55","192.168.1.2","TCP","1514","8004  >  36392 [ACK] Seq=30598 Ack=144 Win=65024 Len=1448 TSval=2916038837 TSecr=3045558610 [TCP segment of a reassembled PDU]"
"44745","34.756564917","192.168.1.55","192.168.1.2","TCP","1514","8004  >  36392 [ACK] Seq=32046 Ack=144 Win=65024 Len=1448 TSval=2916038837 TSecr=3045558610 [TCP segment of a reassembled PDU]"
"44746","34.756567028","192.168.1.55","192.168.1.2","TCP","1514","8004  >  36392 [ACK] Seq=33494 Ack=144 Win=65024 Len=1448 TSval=2916038837 TSecr=3045558610 [TCP segment of a reassembled PDU]"
"44747","34.756569639","192.168.1.55","192.168.1.2","TCP","1514","8004  >  36392 [ACK] Seq=34942 Ack=144 Win=65024 Len=1448 TSval=2916038837 TSecr=3045558610 [TCP segment of a reassembled PDU]"
"44748","34.756571491","192.168.1.55","192.168.1.2","TCP","1514","8004  >  36392 [ACK] Seq=36390 Ack=144 Win=65024 Len=1448 TSval=2916038837 TSecr=3045558610 [TCP segment of a reassembled PDU]"
"44749","34.756573046","192.168.1.55","192.168.1.2","TCP","1514","8004  >  36392 [ACK] Seq=37838 Ack=144 Win=65024 Len=1448 TSval=2916038837 TSecr=3045558610 [TCP segment of a reassembled PDU]"
"44750","34.756574435","192.168.1.55","192.168.1.2","TCP","1514","8004  >  36392 [ACK] Seq=39286 Ack=144 Win=65024 Len=1448 TSval=2916038837 TSecr=3045558610 [TCP segment of a reassembled PDU]"
"44751","34.756575806","192.168.1.55","192.168.1.2","TCP","1514","8004  >  36392 [PSH, ACK] Seq=40734 Ack=144 Win=65024 Len=1448 TSval=2916038837 TSecr=3045558610 [TCP segment of a reassembled PDU]"
"44752","34.761114146","192.168.1.2","192.168.1.55","TCP","66","36392  >  8004 [ACK] Seq=144 Ack=16118 Win=84992 Len=0 TSval=3045558615 TSecr=2916038836"
"44753","34.761137350","192.168.1.55","192.168.1.2","TCP","1514","8004  >  36392 [ACK] Seq=42182 Ack=144 Win=65024 Len=1448 TSval=2916038841 TSecr=3045558615 [TCP segment of a reassembled PDU]"
"44754","34.761141183","192.168.1.55","192.168.1.2","TCP","1514","8004  >  36392 [PSH, ACK] Seq=43630 Ack=144 Win=65024 Len=1448 TSval=2916038841 TSecr=3045558615 [TCP segment of a reassembled PDU]"
"44755","34.761501443","192.168.1.2","192.168.1.55","TCP","66","36392  >  8004 [ACK] Seq=144 Ack=19014 Win=91136 Len=0 TSval=3045558615 TSecr=2916038837"
"44756","34.761512665","192.168.1.2","192.168.1.55","TCP","66","36392  >  8004 [ACK] Seq=144 Ack=27702 Win=88064 Len=0 TSval=3045558616 TSecr=2916038837"
"44757","34.761535888","192.168.1.55","192.168.1.2","TCP","1514","8004  >  36392 [ACK] Seq=45078 Ack=144 Win=65024 Len=1448 TSval=2916038842 TSecr=3045558616 [TCP segment of a reassembled PDU]"
"44758","34.761537721","192.168.1.55","192.168.1.2","TCP","1514","8004  >  36392 [ACK] Seq=46526 Ack=144 Win=65024 Len=1448 TSval=2916038842 TSecr=3045558616 [TCP segment of a reassembled PDU]"
"44759","34.761538980","192.168.1.55","192.168.1.2","TCP","1514","8004  >  36392 [ACK] Seq=47974 Ack=144 Win=65024 Len=1448 TSval=2916038842 TSecr=3045558616 [TCP segment of a reassembled PDU]"
"44760","34.761540351","192.168.1.55","192.168.1.2","TCP","1514","8004  >  36392 [ACK] Seq=49422 Ack=144 Win=65024 Len=1448 TSval=2916038842 TSecr=3045558616 [TCP segment of a reassembled PDU]"
"44761","34.761541629","192.168.1.55","192.168.1.2","TCP","1514","8004  >  36392 [ACK] Seq=50870 Ack=144 Win=65024 Len=1448 TSval=2916038842 TSecr=3045558616 [TCP segment of a reassembled PDU]"
"44762","34.761542943","192.168.1.55","192.168.1.2","TCP","1514","8004  >  36392 [ACK] Seq=52318 Ack=144 Win=65024 Len=1448 TSval=2916038842 TSecr=3045558616 [TCP segment of a reassembled PDU]"
"44763","34.761544277","192.168.1.55","192.168.1.2","TCP","1514","8004  >  36392 [ACK] Seq=53766 Ack=144 Win=65024 Len=1448 TSval=2916038842 TSecr=3045558616 [TCP segment of a reassembled PDU]"
"44764","34.761545554","192.168.1.55","192.168.1.2","TCP","1514","8004  >  36392 [ACK] Seq=55214 Ack=144 Win=65024 Len=1448 TSval=2916038842 TSecr=3045558616 [TCP segment of a reassembled PDU]"
"44765","34.761547036","192.168.1.55","192.168.1.2","TCP","1514","8004  >  36392 [ACK] Seq=56662 Ack=144 Win=65024 Len=1448 TSval=2916038842 TSecr=3045558616 [TCP segment of a reassembled PDU]"
"44766","34.761548721","192.168.1.55","192.168.1.2","TCP","1514","8004  >  36392 [ACK] Seq=58110 Ack=144 Win=65024 Len=1448 TSval=2916038842 TSecr=3045558616 [TCP segment of a reassembled PDU]"
"44767","34.761550073","192.168.1.55","192.168.1.2","TCP","1514","8004  >  36392 [ACK] Seq=59558 Ack=144 Win=65024 Len=1448 TSval=2916038842 TSecr=3045558616 [TCP segment of a reassembled PDU]"
"44768","34.761551499","192.168.1.55","192.168.1.2","TCP","1514","8004  >  36392 [ACK] Seq=61006 Ack=144 Win=65024 Len=1448 TSval=2916038842 TSecr=3045558616 [TCP segment of a reassembled PDU]"
"44769","34.761552869","192.168.1.55","192.168.1.2","TCP","1514","8004  >  36392 [ACK] Seq=62454 Ack=144 Win=65024 Len=1448 TSval=2916038842 TSecr=3045558616 [TCP segment of a reassembled PDU]"
"44770","34.761554258","192.168.1.55","192.168.1.2","TCP","1514","8004  >  36392 [ACK] Seq=63902 Ack=144 Win=65024 Len=1448 TSval=2916038842 TSecr=3045558616 [TCP segment of a reassembled PDU]"
"44771","34.761555554","192.168.1.55","192.168.1.2","TCP","1514","8004  >  36392 [PSH, ACK] Seq=65350 Ack=144 Win=65024 Len=1448 TSval=2916038842 TSecr=3045558616 [TCP segment of a reassembled PDU]"
"44772","34.761560703","192.168.1.2","192.168.1.55","TCP","66","36392  >  8004 [ACK] Seq=144 Ack=42182 Win=73728 Len=0 TSval=3045558616 TSecr=2916038837"
"44773","34.761575869","192.168.1.55","192.168.1.2","TCP","1514","8004  >  36392 [ACK] Seq=66798 Ack=144 Win=65024 Len=1448 TSval=2916038842 TSecr=3045558616 [TCP segment of a reassembled PDU]"
"44774","34.761577721","192.168.1.55","192.168.1.2","TCP","1514","8004  >  36392 [ACK] Seq=68246 Ack=144 Win=65024 Len=1448 TSval=2916038842 TSecr=3045558616 [TCP segment of a reassembled PDU]"
"44775","34.761578980","192.168.1.55","192.168.1.2","TCP","1514","8004  >  36392 [ACK] Seq=69694 Ack=144 Win=65024 Len=1448 TSval=2916038842 TSecr=3045558616 [TCP segment of a reassembled PDU]"
"44776","34.761580388","192.168.1.55","192.168.1.2","TCP","1514","8004  >  36392 [ACK] Seq=71142 Ack=144 Win=65024 Len=1448 TSval=2916038842 TSecr=3045558616 [TCP segment of a reassembled PDU]"
"44777","34.761581684","192.168.1.55","192.168.1.2","TCP","1514","8004  >  36392 [ACK] Seq=72590 Ack=144 Win=65024 Len=1448 TSval=2916038842 TSecr=3045558616 [TCP segment of a reassembled PDU]"
"44778","34.761582999","192.168.1.55","192.168.1.2","TCP","1514","8004  >  36392 [ACK] Seq=74038 Ack=144 Win=65024 Len=1448 TSval=2916038842 TSecr=3045558616 [TCP segment of a reassembled PDU]"
"44779","34.761584388","192.168.1.55","192.168.1.2","TCP","1514","8004  >  36392 [PSH, ACK] Seq=75486 Ack=144 Win=65024 Len=1448 TSval=2916038842 TSecr=3045558616 [TCP segment of a reassembled PDU]"
"44780","34.761613499","192.168.1.55","192.168.1.2","TCP","1514","8004  >  36392 [ACK] Seq=76934 Ack=144 Win=65024 Len=1448 TSval=2916038842 TSecr=3045558616 [TCP segment of a reassembled PDU]"
"44781","34.761615129","192.168.1.55","192.168.1.2","TCP","1514","8004  >  36392 [ACK] Seq=78382 Ack=144 Win=65024 Len=1448 TSval=2916038842 TSecr=3045558616 [TCP segment of a reassembled PDU]"
"44782","34.761616480","192.168.1.55","192.168.1.2","TCP","1514","8004  >  36392 [ACK] Seq=79830 Ack=144 Win=65024 Len=1448 TSval=2916038842 TSecr=3045558616 [TCP segment of a reassembled PDU]"
"44783","34.761617851","192.168.1.55","192.168.1.2","TCP","1514","8004  >  36392 [ACK] Seq=81278 Ack=144 Win=65024 Len=1448 TSval=2916038842 TSecr=3045558616 [TCP segment of a reassembled PDU]"
"44784","34.761619203","192.168.1.55","192.168.1.2","TCP","1514","8004  >  36392 [ACK] Seq=82726 Ack=144 Win=65024 Len=1448 TSval=2916038842 TSecr=3045558616 [TCP segment of a reassembled PDU]"
"44785","34.761620592","192.168.1.55","192.168.1.2","TCP","1514","8004  >  36392 [ACK] Seq=84174 Ack=144 Win=65024 Len=1448 TSval=2916038842 TSecr=3045558616 [TCP segment of a reassembled PDU]"
"44786","34.761621925","192.168.1.55","192.168.1.2","TCP","1514","8004  >  36392 [ACK] Seq=85622 Ack=144 Win=65024 Len=1448 TSval=2916038842 TSecr=3045558616 [TCP segment of a reassembled PDU]"
"44787","34.761623203","192.168.1.55","192.168.1.2","TCP","1514","8004  >  36392 [ACK] Seq=87070 Ack=144 Win=65024 Len=1448 TSval=2916038842 TSecr=3045558616 [TCP segment of a reassembled PDU]"
"44788","34.761624555","192.168.1.55","192.168.1.2","TCP","1514","8004  >  36392 [ACK] Seq=88518 Ack=144 Win=65024 Len=1448 TSval=2916038842 TSecr=3045558616 [TCP segment of a reassembled PDU]"
"44789","34.761626110","192.168.1.55","192.168.1.2","TCP","1514","8004  >  36392 [ACK] Seq=89966 Ack=144 Win=65024 Len=1448 TSval=2916038842 TSecr=3045558616 [TCP segment of a reassembled PDU]"
"44790","34.761627555","192.168.1.55","192.168.1.2","TCP","1514","8004  >  36392 [ACK] Seq=91414 Ack=144 Win=65024 Len=1448 TSval=2916038842 TSecr=3045558616 [TCP segment of a reassembled PDU]"
"44791","34.761628888","192.168.1.55","192.168.1.2","TCP","1514","8004  >  36392 [ACK] Seq=92862 Ack=144 Win=65024 Len=1448 TSval=2916038842 TSecr=3045558616 [TCP segment of a reassembled PDU]"
"44792","34.761630277","192.168.1.55","192.168.1.2","TCP","1514","8004  >  36392 [ACK] Seq=94310 Ack=144 Win=65024 Len=1448 TSval=2916038842 TSecr=3045558616 [TCP segment of a reassembled PDU]"
"44793","34.761631629","192.168.1.55","192.168.1.2","TCP","1514","8004  >  36392 [ACK] Seq=95758 Ack=144 Win=65024 Len=1448 TSval=2916038842 TSecr=3045558616 [TCP segment of a reassembled PDU]"
"44794","34.761633110","192.168.1.55","192.168.1.2","TCP","1514","8004  >  36392 [ACK] Seq=97206 Ack=144 Win=65024 Len=1448 TSval=2916038842 TSecr=3045558616 [TCP segment of a reassembled PDU]"
"44795","34.761634406","192.168.1.55","192.168.1.2","TCP","1514","8004  >  36392 [PSH, ACK] Seq=98654 Ack=144 Win=65024 Len=1448 TSval=2916038842 TSecr=3045558616 [TCP segment of a reassembled PDU]"
"44796","34.765613265","192.168.1.2","192.168.1.55","TCP","66","36392  >  8004 [ACK] Seq=144 Ack=43630 Win=93184 Len=0 TSval=3045558618 TSecr=2916038841"
"44797","34.765629709","192.168.1.55","192.168.1.2","TCP","1514","8004  >  36392 [ACK] Seq=100102 Ack=144 Win=65024 Len=1448 TSval=2916038846 TSecr=3045558618 [TCP segment of a reassembled PDU]"
"44798","34.765632802","192.168.1.55","192.168.1.2","TCP","1514","8004  >  36392 [PSH, ACK] Seq=101550 Ack=144 Win=65024 Len=1448 TSval=2916038846 TSecr=3045558618 [TCP segment of a reassembled PDU]"
"44799","34.765806339","192.168.1.2","192.168.1.55","TCP","66","36392  >  8004 [ACK] Seq=144 Ack=45078 Win=93184 Len=0 TSval=3045558618 TSecr=2916038841"
"44800","34.769216326","192.168.1.2","192.168.1.55","TCP","66","36392  >  8004 [ACK] Seq=144 Ack=46526 Win=93184 Len=0 TSval=3045558621 TSecr=2916038842"
"44801","34.769255419","192.168.1.55","192.168.1.2","TCP","1514","8004  >  36392 [ACK] Seq=102998 Ack=144 Win=65024 Len=1448 TSval=2916038849 TSecr=3045558621 [TCP segment of a reassembled PDU]"
"44802","34.769260252","192.168.1.55","192.168.1.2","TCP","1514","8004  >  36392 [ACK] Seq=104446 Ack=144 Win=65024 Len=1448 TSval=2916038849 TSecr=3045558621 [TCP segment of a reassembled PDU]"
"44803","34.769261956","192.168.1.55","192.168.1.2","TCP","1514","8004  >  36392 [ACK] Seq=105894 Ack=144 Win=65024 Len=1448 TSval=2916038849 TSecr=3045558621 [TCP segment of a reassembled PDU]"
"44804","34.769263030","192.168.1.55","192.168.1.2","TCP","1514","8004  >  36392 [PSH, ACK] Seq=107342 Ack=144 Win=65024 Len=1448 TSval=2916038849 TSecr=3045558621 [TCP segment of a reassembled PDU]"
"44805","34.769546123","192.168.1.2","192.168.1.55","TCP","66","36392  >  8004 [ACK] Seq=144 Ack=66798 Win=76800 Len=0 TSval=3045558621 TSecr=2916038842"
"44806","34.769566493","192.168.1.55","192.168.1.2","TCP","1514","8004  >  36392 [ACK] Seq=108790 Ack=144 Win=65024 Len=1448 TSval=2916038850 TSecr=3045558621 [TCP segment of a reassembled PDU]"
"44807","34.769569919","192.168.1.55","192.168.1.2","TCP","1514","8004  >  36392 [ACK] Seq=110238 Ack=144 Win=65024 Len=1448 TSval=2916038850 TSecr=3045558621 [TCP segment of a reassembled PDU]"
"44808","34.769571475","192.168.1.55","192.168.1.2","TCP","1514","8004  >  36392 [ACK] Seq=111686 Ack=144 Win=65024 Len=1448 TSval=2916038850 TSecr=3045558621 [TCP segment of a reassembled PDU]"
"44809","34.769572586","192.168.1.55","192.168.1.2","TCP","1514","8004  >  36392 [ACK] Seq=113134 Ack=144 Win=65024 Len=1448 TSval=2916038850 TSecr=3045558621 [TCP segment of a reassembled PDU]"
"44810","34.769574049","192.168.1.55","192.168.1.2","TCP","1514","8004  >  36392 [ACK] Seq=114582 Ack=144 Win=65024 Len=1448 TSval=2916038850 TSecr=3045558621 [TCP segment of a reassembled PDU]"
"44811","34.769575178","192.168.1.55","192.168.1.2","TCP","1514","8004  >  36392 [ACK] Seq=116030 Ack=144 Win=65024 Len=1448 TSval=2916038850 TSecr=3045558621 [TCP segment of a reassembled PDU]"
"44812","34.769576252","192.168.1.55","192.168.1.2","TCP","1514","8004  >  36392 [PSH, ACK] Seq=117478 Ack=144 Win=65024 Len=1448 TSval=2916038850 TSecr=3045558621 [TCP segment of a reassembled PDU]"
"44813","34.769584160","192.168.1.2","192.168.1.55","TCP","66","36392  >  8004 [ACK] Seq=144 Ack=94310 Win=50176 Len=0 TSval=3045558621 TSecr=2916038842"
"44814","34.769624382","192.168.1.55","192.168.1.2","TCP","1514","8004  >  36392 [ACK] Seq=118926 Ack=144 Win=65024 Len=1448 TSval=2916038850 TSecr=3045558621 [TCP segment of a reassembled PDU]"
"44815","34.769626808","192.168.1.55","192.168.1.2","TCP","1514","8004  >  36392 [ACK] Seq=120374 Ack=144 Win=65024 Len=1448 TSval=2916038850 TSecr=3045558621 [TCP segment of a reassembled PDU]"
"44816","34.769627919","192.168.1.55","192.168.1.2","TCP","1514","8004  >  36392 [ACK] Seq=121822 Ack=144 Win=65024 Len=1448 TSval=2916038850 TSecr=3045558621 [TCP segment of a reassembled PDU]"
"44817","34.769629160","192.168.1.55","192.168.1.2","TCP","1514","8004  >  36392 [ACK] Seq=123270 Ack=144 Win=65024 Len=1448 TSval=2916038850 TSecr=3045558621 [TCP segment of a reassembled PDU]"
"44818","34.769630290","192.168.1.55","192.168.1.2","TCP","1514","8004  >  36392 [ACK] Seq=124718 Ack=144 Win=65024 Len=1448 TSval=2916038850 TSecr=3045558621 [TCP segment of a reassembled PDU]"
"44819","34.769631604","192.168.1.55","192.168.1.2","TCP","1514","8004  >  36392 [ACK] Seq=126166 Ack=144 Win=65024 Len=1448 TSval=2916038850 TSecr=3045558621 [TCP segment of a reassembled PDU]"
"44820","34.769632938","192.168.1.55","192.168.1.2","TCP","1514","8004  >  36392 [ACK] Seq=127614 Ack=144 Win=65024 Len=1448 TSval=2916038850 TSecr=3045558621 [TCP segment of a reassembled PDU]"
"44821","34.769634401","192.168.1.55","192.168.1.2","TCP","1514","8004  >  36392 [ACK] Seq=129062 Ack=144 Win=65024 Len=1448 TSval=2916038850 TSecr=3045558621 [TCP segment of a reassembled PDU]"
"44822","34.769636160","192.168.1.55","192.168.1.2","TCP","1514","8004  >  36392 [ACK] Seq=130510 Ack=144 Win=65024 Len=1448 TSval=2916038850 TSecr=3045558621 [TCP segment of a reassembled PDU]"
"44823","34.769637660","192.168.1.55","192.168.1.2","TCP","1514","8004  >  36392 [ACK] Seq=131958 Ack=144 Win=65024 Len=1448 TSval=2916038850 TSecr=3045558621 [TCP segment of a reassembled PDU]"
"44824","34.769639030","192.168.1.55","192.168.1.2","TCP","1514","8004  >  36392 [ACK] Seq=133406 Ack=144 Win=65024 Len=1448 TSval=2916038850 TSecr=3045558621 [TCP segment of a reassembled PDU]"
"44825","34.769640234","192.168.1.55","192.168.1.2","TCP","1514","8004  >  36392 [ACK] Seq=134854 Ack=144 Win=65024 Len=1448 TSval=2916038850 TSecr=3045558621 [TCP segment of a reassembled PDU]"
"44826","34.769641530","192.168.1.55","192.168.1.2","TCP","1514","8004  >  36392 [ACK] Seq=136302 Ack=144 Win=65024 Len=1448 TSval=2916038850 TSecr=3045558621 [TCP segment of a reassembled PDU]"
"44827","34.769642734","192.168.1.55","192.168.1.2","TCP","1514","8004  >  36392 [ACK] Seq=137750 Ack=144 Win=65024 Len=1448 TSval=2916038850 TSecr=3045558621 [TCP segment of a reassembled PDU]"
"44828","34.769643919","192.168.1.55","192.168.1.2","TCP","1514","8004  >  36392 [ACK] Seq=139198 Ack=144 Win=65024 Len=1448 TSval=2916038850 TSecr=3045558621 [TCP segment of a reassembled PDU]"
"44829","34.769645716","192.168.1.55","192.168.1.2","TCP","1514","8004  >  36392 [ACK] Seq=140646 Ack=144 Win=65024 Len=1448 TSval=2916038850 TSecr=3045558621 [TCP segment of a reassembled PDU]"
"44830","34.769647067","192.168.1.55","192.168.1.2","TCP","1514","8004  >  36392 [ACK] Seq=142094 Ack=144 Win=65024 Len=1448 TSval=2916038850 TSecr=3045558621 [TCP segment of a reassembled PDU]"
"44831","34.769648623","192.168.1.55","192.168.1.2","TCP","1010","[TCP Window Full] 8004  >  36392 [PSH, ACK] Seq=143542 Ack=144 Win=65024 Len=944 TSval=2916038850 TSecr=3045558621 [TCP segment of a reassembled PDU]"
"44832","34.769652679","192.168.1.2","192.168.1.55","TCP","66","36392  >  8004 [ACK] Seq=144 Ack=100102 Win=91136 Len=0 TSval=3045558623 TSecr=2916038842"
"44833","34.769657401","192.168.1.2","192.168.1.55","TCP","66","36392  >  8004 [ACK] Seq=144 Ack=102998 Win=94208 Len=0 TSval=3045558623 TSecr=2916038846"
"44834","34.769712456","192.168.1.55","192.168.1.2","TCP","1514","8004  >  36392 [ACK] Seq=144486 Ack=144 Win=65024 Len=1448 TSval=2916038850 TSecr=3045558623 [TCP segment of a reassembled PDU]"
"44835","34.769721642","192.168.1.55","192.168.1.2","TCP","1514","8004  >  36392 [ACK] Seq=145934 Ack=144 Win=65024 Len=1448 TSval=2916038850 TSecr=3045558623 [TCP segment of a reassembled PDU]"
"44836","34.769723512","192.168.1.55","192.168.1.2","TCP","1514","8004  >  36392 [ACK] Seq=147382 Ack=144 Win=65024 Len=1448 TSval=2916038850 TSecr=3045558623 [TCP segment of a reassembled PDU]"
"44837","34.769724716","192.168.1.55","192.168.1.2","TCP","1514","8004  >  36392 [ACK] Seq=148830 Ack=144 Win=65024 Len=1448 TSval=2916038850 TSecr=3045558623 [TCP segment of a reassembled PDU]"
"44838","34.769726475","192.168.1.55","192.168.1.2","TCP","1514","8004  >  36392 [ACK] Seq=150278 Ack=144 Win=65024 Len=1448 TSval=2916038850 TSecr=3045558623 [TCP segment of a reassembled PDU]"
"44839","34.769728771","192.168.1.55","192.168.1.2","TCP","1514","8004  >  36392 [ACK] Seq=151726 Ack=144 Win=65024 Len=1448 TSval=2916038850 TSecr=3045558623 [TCP segment of a reassembled PDU]"
"44840","34.769730401","192.168.1.55","192.168.1.2","TCP","1514","8004  >  36392 [ACK] Seq=153174 Ack=144 Win=65024 Len=1448 TSval=2916038850 TSecr=3045558623 [TCP segment of a reassembled PDU]"
"44841","34.769731882","192.168.1.55","192.168.1.2","TCP","1514","8004  >  36392 [ACK] Seq=154622 Ack=144 Win=65024 Len=1448 TSval=2916038850 TSecr=3045558623 [TCP segment of a reassembled PDU]"
"44842","34.769734123","192.168.1.55","192.168.1.2","TCP","1514","8004  >  36392 [ACK] Seq=156070 Ack=144 Win=65024 Len=1448 TSval=2916038850 TSecr=3045558623 [TCP segment of a reassembled PDU]"
"44843","34.769735753","192.168.1.55","192.168.1.2","TCP","1514","8004  >  36392 [ACK] Seq=157518 Ack=144 Win=65024 Len=1448 TSval=2916038850 TSecr=3045558623 [TCP segment of a reassembled PDU]"
"44844","34.769736919","192.168.1.55","192.168.1.2","TCP","1514","8004  >  36392 [PSH, ACK] Seq=158966 Ack=144 Win=65024 Len=1448 TSval=2916038850 TSecr=3045558623 [TCP segment of a reassembled PDU]"
"44845","34.769748716","192.168.1.55","192.168.1.2","TCP","570","8004  >  36392 [ACK] Seq=160414 Ack=144 Win=65024 Len=504 TSval=2916038850 TSecr=3045558623 [TCP segment of a reassembled PDU]"
"44846","34.769806290","192.168.1.55","192.168.1.2","TCP","1514","8004  >  36392 [ACK] Seq=160918 Ack=144 Win=65024 Len=1448 TSval=2916038850 TSecr=3045558623 [TCP segment of a reassembled PDU]"
"44847","34.769809475","192.168.1.55","192.168.1.2","TCP","1514","8004  >  36392 [ACK] Seq=162366 Ack=144 Win=65024 Len=1448 TSval=2916038850 TSecr=3045558623 [TCP segment of a reassembled PDU]"
"44848","34.769810605","192.168.1.55","192.168.1.2","TCP","1514","8004  >  36392 [ACK] Seq=163814 Ack=144 Win=65024 Len=1448 TSval=2916038850 TSecr=3045558623 [TCP segment of a reassembled PDU]"
"44849","34.769811901","192.168.1.55","192.168.1.2","TCP","1514","8004  >  36392 [ACK] Seq=165262 Ack=144 Win=65024 Len=1448 TSval=2916038850 TSecr=3045558623 [TCP segment of a reassembled PDU]"
"44850","34.769813234","192.168.1.55","192.168.1.2","TCP","1514","8004  >  36392 [ACK] Seq=166710 Ack=144 Win=65024 Len=1448 TSval=2916038850 TSecr=3045558623 [TCP segment of a reassembled PDU]"
"44851","34.769814401","192.168.1.55","192.168.1.2","TCP","1514","8004  >  36392 [ACK] Seq=168158 Ack=144 Win=65024 Len=1448 TSval=2916038850 TSecr=3045558623 [TCP segment of a reassembled PDU]"
"44852","34.769815901","192.168.1.55","192.168.1.2","TCP","1514","8004  >  36392 [ACK] Seq=169606 Ack=144 Win=65024 Len=1448 TSval=2916038850 TSecr=3045558623 [TCP segment of a reassembled PDU]"
"44853","34.769818031","192.168.1.55","192.168.1.2","TCP","1514","8004  >  36392 [ACK] Seq=171054 Ack=144 Win=65024 Len=1448 TSval=2916038850 TSecr=3045558623 [TCP segment of a reassembled PDU]"
"44854","34.769819420","192.168.1.55","192.168.1.2","TCP","1514","8004  >  36392 [ACK] Seq=172502 Ack=144 Win=65024 Len=1448 TSval=2916038850 TSecr=3045558623 [TCP segment of a reassembled PDU]"
"44855","34.769820679","192.168.1.55","192.168.1.2","TCP","1514","8004  >  36392 [ACK] Seq=173950 Ack=144 Win=65024 Len=1448 TSval=2916038850 TSecr=3045558623 [TCP segment of a reassembled PDU]"
"44856","34.769821827","192.168.1.55","192.168.1.2","TCP","1514","8004  >  36392 [ACK] Seq=175398 Ack=144 Win=65024 Len=1448 TSval=2916038850 TSecr=3045558623 [TCP segment of a reassembled PDU]"
"44857","34.769823068","192.168.1.55","192.168.1.2","TCP","1514","8004  >  36392 [ACK] Seq=176846 Ack=144 Win=65024 Len=1448 TSval=2916038850 TSecr=3045558623 [TCP segment of a reassembled PDU]"
"44858","34.769824401","192.168.1.55","192.168.1.2","TCP","1514","8004  >  36392 [ACK] Seq=178294 Ack=144 Win=65024 Len=1448 TSval=2916038850 TSecr=3045558623 [TCP segment of a reassembled PDU]"
"44859","34.769825845","192.168.1.55","192.168.1.2","TCP","1514","8004  >  36392 [ACK] Seq=179742 Ack=144 Win=65024 Len=1448 TSval=2916038850 TSecr=3045558623 [TCP segment of a reassembled PDU]"
"44860","34.769828049","192.168.1.55","192.168.1.2","TCP","1514","8004  >  36392 [ACK] Seq=181190 Ack=144 Win=65024 Len=1448 TSval=2916038850 TSecr=3045558623 [TCP segment of a reassembled PDU]"
"44861","34.769830531","192.168.1.55","192.168.1.2","TCP","1514","8004  >  36392 [ACK] Seq=182638 Ack=144 Win=65024 Len=1448 TSval=2916038850 TSecr=3045558623 [TCP segment of a reassembled PDU]"
"44862","34.769831660","192.168.1.55","192.168.1.2","TCP","1514","8004  >  36392 [ACK] Seq=184086 Ack=144 Win=65024 Len=1448 TSval=2916038850 TSecr=3045558623 [TCP segment of a reassembled PDU]"
"44863","34.769833160","192.168.1.55","192.168.1.2","TCP","1514","8004  >  36392 [ACK] Seq=185534 Ack=144 Win=65024 Len=1448 TSval=2916038850 TSecr=3045558623 [TCP segment of a reassembled PDU]"
"44864","34.769834586","192.168.1.55","192.168.1.2","TCP","1514","8004  >  36392 [ACK] Seq=186982 Ack=144 Win=65024 Len=1448 TSval=2916038850 TSecr=3045558623 [TCP segment of a reassembled PDU]"
"44865","34.769835753","192.168.1.55","192.168.1.2","TCP","1514","8004  >  36392 [ACK] Seq=188430 Ack=144 Win=65024 Len=1448 TSval=2916038850 TSecr=3045558623 [TCP segment of a reassembled PDU]"
"44866","34.769837049","192.168.1.55","192.168.1.2","TCP","1514","8004  >  36392 [ACK] Seq=189878 Ack=144 Win=65024 Len=1448 TSval=2916038850 TSecr=3045558623 [TCP segment of a reassembled PDU]"
"44867","34.769838457","192.168.1.55","192.168.1.2","TCP","1514","8004  >  36392 [ACK] Seq=191326 Ack=144 Win=65024 Len=1448 TSval=2916038850 TSecr=3045558623 [TCP segment of a reassembled PDU]"
"44868","34.769839938","192.168.1.55","192.168.1.2","TCP","1514","8004  >  36392 [ACK] Seq=192774 Ack=144 Win=65024 Len=1448 TSval=2916038850 TSecr=3045558623 [TCP segment of a reassembled PDU]"
"44869","34.769841568","192.168.1.55","192.168.1.2","TCP","1514","8004  >  36392 [ACK] Seq=194222 Ack=144 Win=65024 Len=1448 TSval=2916038850 TSecr=3045558623 [TCP segment of a reassembled PDU]"
"44870","34.769843031","192.168.1.55","192.168.1.2","TCP","1514","8004  >  36392 [PSH, ACK] Seq=195670 Ack=144 Win=65024 Len=1448 TSval=2916038850 TSecr=3045558623 [TCP segment of a reassembled PDU]"
"44871","34.776030689","192.168.1.2","192.168.1.55","TCP","66","36392  >  8004 [ACK] Seq=144 Ack=108790 Win=94208 Len=0 TSval=3045558626 TSecr=2916038849"
"44872","34.776047855","192.168.1.55","192.168.1.2","TCP","1514","8004  >  36392 [ACK] Seq=197118 Ack=144 Win=65024 Len=1448 TSval=2916038856 TSecr=3045558626 [TCP segment of a reassembled PDU]"
"44873","34.776050633","192.168.1.55","192.168.1.2","TCP","1514","8004  >  36392 [ACK] Seq=198566 Ack=144 Win=65024 Len=1448 TSval=2916038856 TSecr=3045558626 [TCP segment of a reassembled PDU]"
"44874","34.776052411","192.168.1.55","192.168.1.2","TCP","1514","8004  >  36392 [ACK] Seq=200014 Ack=144 Win=65024 Len=1448 TSval=2916038856 TSecr=3045558626 [TCP segment of a reassembled PDU]"
"44875","34.776053726","192.168.1.55","192.168.1.2","TCP","1514","8004  >  36392 [PSH, ACK] Seq=201462 Ack=144 Win=65024 Len=1448 TSval=2916038856 TSecr=3045558626 [TCP segment of a reassembled PDU]"
"44876","34.777926618","192.168.1.2","192.168.1.55","TCP","66","36392  >  8004 [ACK] Seq=144 Ack=118926 Win=108544 Len=0 TSval=3045558631 TSecr=2916038850"
"44877","34.777936340","192.168.1.55","192.168.1.2","TCP","1514","8004  >  36392 [ACK] Seq=202910 Ack=144 Win=65024 Len=1448 TSval=2916038858 TSecr=3045558631 [TCP segment of a reassembled PDU]"
"44878","34.777938544","192.168.1.55","192.168.1.2","TCP","1514","8004  >  36392 [PSH, ACK] Seq=204358 Ack=144 Win=65024 Len=1448 TSval=2916038858 TSecr=3045558631 [TCP segment of a reassembled PDU]"
"44879","34.778181303","192.168.1.2","192.168.1.55","TCP","66","36392  >  8004 [ACK] Seq=144 Ack=142094 Win=98304 Len=0 TSval=3045558631 TSecr=2916038850"
"44880","34.778212414","192.168.1.55","192.168.1.2","TCP","1514","8004  >  36392 [ACK] Seq=205806 Ack=144 Win=65024 Len=1448 TSval=2916038858 TSecr=3045558631 [TCP segment of a reassembled PDU]"
"44881","34.778214470","192.168.1.55","192.168.1.2","TCP","1514","8004  >  36392 [ACK] Seq=207254 Ack=144 Win=65024 Len=1448 TSval=2916038858 TSecr=3045558631 [TCP segment of a reassembled PDU]"
"44882","34.778215729","192.168.1.55","192.168.1.2","TCP","1514","8004  >  36392 [ACK] Seq=208702 Ack=144 Win=65024 Len=1448 TSval=2916038858 TSecr=3045558631 [TCP segment of a reassembled PDU]"
"44883","34.778217044","192.168.1.55","192.168.1.2","TCP","1514","8004  >  36392 [ACK] Seq=210150 Ack=144 Win=65024 Len=1448 TSval=2916038858 TSecr=3045558631 [TCP segment of a reassembled PDU]"
"44884","34.778218396","192.168.1.55","192.168.1.2","TCP","1514","8004  >  36392 [ACK] Seq=211598 Ack=144 Win=65024 Len=1448 TSval=2916038858 TSecr=3045558631 [TCP segment of a reassembled PDU]"
"44885","34.778219729","192.168.1.55","192.168.1.2","TCP","1514","8004  >  36392 [ACK] Seq=213046 Ack=144 Win=65024 Len=1448 TSval=2916038858 TSecr=3045558631 [TCP segment of a reassembled PDU]"
"44886","34.778221137","192.168.1.55","192.168.1.2","TCP","1514","8004  >  36392 [ACK] Seq=214494 Ack=144 Win=65024 Len=1448 TSval=2916038858 TSecr=3045558631 [TCP segment of a reassembled PDU]"
"44887","34.778222414","192.168.1.55","192.168.1.2","TCP","1514","8004  >  36392 [ACK] Seq=215942 Ack=144 Win=65024 Len=1448 TSval=2916038858 TSecr=3045558631 [TCP segment of a reassembled PDU]"
"44888","34.778223840","192.168.1.55","192.168.1.2","TCP","1514","8004  >  36392 [ACK] Seq=217390 Ack=144 Win=65024 Len=1448 TSval=2916038858 TSecr=3045558631 [TCP segment of a reassembled PDU]"
"44889","34.778225303","192.168.1.55","192.168.1.2","TCP","1514","8004  >  36392 [ACK] Seq=218838 Ack=144 Win=65024 Len=1448 TSval=2916038858 TSecr=3045558631 [TCP segment of a reassembled PDU]"
"44890","34.778226600","192.168.1.55","192.168.1.2","TCP","1514","8004  >  36392 [ACK] Seq=220286 Ack=144 Win=65024 Len=1448 TSval=2916038858 TSecr=3045558631 [TCP segment of a reassembled PDU]"
"44891","34.778228026","192.168.1.55","192.168.1.2","TCP","1514","8004  >  36392 [ACK] Seq=221734 Ack=144 Win=65024 Len=1448 TSval=2916038858 TSecr=3045558631 [TCP segment of a reassembled PDU]"
"44892","34.778229285","192.168.1.55","192.168.1.2","TCP","1514","8004  >  36392 [ACK] Seq=223182 Ack=144 Win=65024 Len=1448 TSval=2916038858 TSecr=3045558631 [TCP segment of a reassembled PDU]"
"44893","34.778230803","192.168.1.55","192.168.1.2","TCP","1514","8004  >  36392 [ACK] Seq=224630 Ack=144 Win=65024 Len=1448 TSval=2916038858 TSecr=3045558631 [TCP segment of a reassembled PDU]"
"44894","34.778232155","192.168.1.55","192.168.1.2","TCP","1514","8004  >  36392 [ACK] Seq=226078 Ack=144 Win=65024 Len=1448 TSval=2916038858 TSecr=3045558631 [TCP segment of a reassembled PDU]"
"44895","34.778233581","192.168.1.55","192.168.1.2","TCP","1514","8004  >  36392 [ACK] Seq=227526 Ack=144 Win=65024 Len=1448 TSval=2916038858 TSecr=3045558631 [TCP segment of a reassembled PDU]"
"44896","34.778235026","192.168.1.55","192.168.1.2","TCP","1514","8004  >  36392 [ACK] Seq=228974 Ack=144 Win=65024 Len=1448 TSval=2916038858 TSecr=3045558631 [TCP segment of a reassembled PDU]"
"44897","34.778236396","192.168.1.55","192.168.1.2","TCP","1514","8004  >  36392 [ACK] Seq=230422 Ack=144 Win=65024 Len=1448 TSval=2916038858 TSecr=3045558631 [TCP segment of a reassembled PDU]"
"44898","34.778237711","192.168.1.55","192.168.1.2","TCP","1514","8004  >  36392 [ACK] Seq=231870 Ack=144 Win=65024 Len=1448 TSval=2916038858 TSecr=3045558631 [TCP segment of a reassembled PDU]"
"44899","34.778239285","192.168.1.55","192.168.1.2","TCP","1514","8004  >  36392 [ACK] Seq=233318 Ack=144 Win=65024 Len=1448 TSval=2916038858 TSecr=3045558631 [TCP segment of a reassembled PDU]"
"44900","34.778240748","192.168.1.55","192.168.1.2","TCP","1514","8004  >  36392 [ACK] Seq=234766 Ack=144 Win=65024 Len=1448 TSval=2916038858 TSecr=3045558631 [TCP segment of a reassembled PDU]"
"44901","34.778242174","192.168.1.55","192.168.1.2","TCP","1514","8004  >  36392 [ACK] Seq=236214 Ack=144 Win=65024 Len=1448 TSval=2916038858 TSecr=3045558631 [TCP segment of a reassembled PDU]"
"44902","34.778248766","192.168.1.55","192.168.1.2","TCP","1514","8004  >  36392 [PSH, ACK] Seq=237662 Ack=144 Win=65024 Len=1448 TSval=2916038858 TSecr=3045558631 [TCP segment of a reassembled PDU]"
"44903","34.778253989","192.168.1.2","192.168.1.55","TCP","66","36392  >  8004 [ACK] Seq=144 Ack=144486 Win=113664 Len=0 TSval=3045558632 TSecr=2916038850"
"44904","34.778272878","192.168.1.55","192.168.1.2","TCP","1514","8004  >  36392 [ACK] Seq=239110 Ack=144 Win=65024 Len=1448 TSval=2916038858 TSecr=3045558632 [TCP segment of a reassembled PDU]"
"44905","34.778275007","192.168.1.55","192.168.1.2","TCP","1514","8004  >  36392 [ACK] Seq=240558 Ack=144 Win=65024 Len=1448 TSval=2916038858 TSecr=3045558632 [TCP segment of a reassembled PDU]"
"44906","34.778276285","192.168.1.55","192.168.1.2","TCP","1514","8004  >  36392 [ACK] Seq=242006 Ack=144 Win=65024 Len=1448 TSval=2916038858 TSecr=3045558632 [TCP segment of a reassembled PDU]"
"44907","34.778277785","192.168.1.55","192.168.1.2","TCP","1514","8004  >  36392 [ACK] Seq=243454 Ack=144 Win=65024 Len=1448 TSval=2916038858 TSecr=3045558632 [TCP segment of a reassembled PDU]"
"44908","34.778279211","192.168.1.55","192.168.1.2","TCP","1514","8004  >  36392 [ACK] Seq=244902 Ack=144 Win=65024 Len=1448 TSval=2916038858 TSecr=3045558632 [TCP segment of a reassembled PDU]"
"44909","34.778280581","192.168.1.55","192.168.1.2","TCP","1514","8004  >  36392 [ACK] Seq=246350 Ack=144 Win=65024 Len=1448 TSval=2916038858 TSecr=3045558632 [TCP segment of a reassembled PDU]"
"44910","34.778282229","192.168.1.55","192.168.1.2","TCP","1514","8004  >  36392 [ACK] Seq=247798 Ack=144 Win=65024 Len=1448 TSval=2916038858 TSecr=3045558632 [TCP segment of a reassembled PDU]"
"44911","34.778283711","192.168.1.55","192.168.1.2","TCP","1514","8004  >  36392 [PSH, ACK] Seq=249246 Ack=144 Win=65024 Len=1448 TSval=2916038858 TSecr=3045558632 [TCP segment of a reassembled PDU]"
"44912","34.778288007","192.168.1.2","192.168.1.55","TCP","66","36392  >  8004 [ACK] Seq=144 Ack=160414 Win=102400 Len=0 TSval=3045558632 TSecr=2916038850"
"44913","34.778303063","192.168.1.2","192.168.1.55","TCP","66","36392  >  8004 [ACK] Seq=144 Ack=160918 Win=116736 Len=0 TSval=3045558632 TSecr=2916038850"
"44914","34.778363118","192.168.1.2","192.168.1.55","TCP","66","36392  >  8004 [ACK] Seq=144 Ack=195670 Win=84992 Len=0 TSval=3045558632 TSecr=2916038850"
"44915","34.778402933","192.168.1.55","192.168.1.2","TCP","1514","8004  >  36392 [ACK] Seq=250694 Ack=144 Win=65024 Len=1448 TSval=2916038859 TSecr=3045558632 [TCP segment of a reassembled PDU]"
"44916","34.778405193","192.168.1.55","192.168.1.2","TCP","1514","8004  >  36392 [ACK] Seq=252142 Ack=144 Win=65024 Len=1448 TSval=2916038859 TSecr=3045558632 [TCP segment of a reassembled PDU]"
"44917","34.778406507","192.168.1.55","192.168.1.2","TCP","1514","8004  >  36392 [ACK] Seq=253590 Ack=144 Win=65024 Len=1448 TSval=2916038859 TSecr=3045558632 [TCP segment of a reassembled PDU]"
"44918","34.778408322","192.168.1.55","192.168.1.2","TCP","1514","8004  >  36392 [ACK] Seq=255038 Ack=144 Win=65024 Len=1448 TSval=2916038859 TSecr=3045558632 [TCP segment of a reassembled PDU]"
"44919","34.778409674","192.168.1.55","192.168.1.2","TCP","1514","8004  >  36392 [ACK] Seq=256486 Ack=144 Win=65024 Len=1448 TSval=2916038859 TSecr=3045558632 [TCP segment of a reassembled PDU]"
"44920","34.778411081","192.168.1.55","192.168.1.2","TCP","1514","8004  >  36392 [ACK] Seq=257934 Ack=144 Win=65024 Len=1448 TSval=2916038859 TSecr=3045558632 [TCP segment of a reassembled PDU]"
"44921","34.778412618","192.168.1.55","192.168.1.2","TCP","1514","8004  >  36392 [ACK] Seq=259382 Ack=144 Win=65024 Len=1448 TSval=2916038859 TSecr=3045558632 [TCP segment of a reassembled PDU]"
"44922","34.778414081","192.168.1.55","192.168.1.2","TCP","1514","8004  >  36392 [ACK] Seq=260830 Ack=144 Win=65024 Len=1448 TSval=2916038859 TSecr=3045558632 [TCP segment of a reassembled PDU]"
"44923","34.778415637","192.168.1.55","192.168.1.2","TCP","1514","8004  >  36392 [ACK] Seq=262278 Ack=144 Win=65024 Len=1448 TSval=2916038859 TSecr=3045558632 [TCP segment of a reassembled PDU]"
"44924","34.778417044","192.168.1.55","192.168.1.2","TCP","1514","8004  >  36392 [ACK] Seq=263726 Ack=144 Win=65024 Len=1448 TSval=2916038859 TSecr=3045558632 [TCP segment of a reassembled PDU]"
"44925","34.778418452","192.168.1.55","192.168.1.2","TCP","1514","8004  >  36392 [ACK] Seq=265174 Ack=144 Win=65024 Len=1448 TSval=2916038859 TSecr=3045558632 [TCP segment of a reassembled PDU]"
"44926","34.778419896","192.168.1.55","192.168.1.2","TCP","1514","8004  >  36392 [ACK] Seq=266622 Ack=144 Win=65024 Len=1448 TSval=2916038859 TSecr=3045558632 [TCP segment of a reassembled PDU]"
"44927","34.778421248","192.168.1.55","192.168.1.2","TCP","1514","8004  >  36392 [ACK] Seq=268070 Ack=144 Win=65024 Len=1448 TSval=2916038859 TSecr=3045558632 [TCP segment of a reassembled PDU]"
"44928","34.778423007","192.168.1.55","192.168.1.2","TCP","1514","8004  >  36392 [ACK] Seq=269518 Ack=144 Win=65024 Len=1448 TSval=2916038859 TSecr=3045558632 [TCP segment of a reassembled PDU]"
"44929","34.778424322","192.168.1.55","192.168.1.2","TCP","1514","8004  >  36392 [ACK] Seq=270966 Ack=144 Win=65024 Len=1448 TSval=2916038859 TSecr=3045558632 [TCP segment of a reassembled PDU]"
"44930","34.778425748","192.168.1.55","192.168.1.2","TCP","1514","8004  >  36392 [ACK] Seq=272414 Ack=144 Win=65024 Len=1448 TSval=2916038859 TSecr=3045558632 [TCP segment of a reassembled PDU]"
"44931","34.778427322","192.168.1.55","192.168.1.2","TCP","1514","8004  >  36392 [ACK] Seq=273862 Ack=144 Win=65024 Len=1448 TSval=2916038859 TSecr=3045558632 [TCP segment of a reassembled PDU]"
"44932","34.778428656","192.168.1.55","192.168.1.2","TCP","1514","8004  >  36392 [ACK] Seq=275310 Ack=144 Win=65024 Len=1448 TSval=2916038859 TSecr=3045558632 [TCP segment of a reassembled PDU]"
"44933","34.778430026","192.168.1.55","192.168.1.2","TCP","1514","8004  >  36392 [ACK] Seq=276758 Ack=144 Win=65024 Len=1448 TSval=2916038859 TSecr=3045558632 [TCP segment of a reassembled PDU]"
"44934","34.778431507","192.168.1.55","192.168.1.2","TCP","1514","8004  >  36392 [ACK] Seq=278206 Ack=144 Win=65024 Len=1448 TSval=2916038859 TSecr=3045558632 [TCP segment of a reassembled PDU]"
"44935","34.778433007","192.168.1.55","192.168.1.2","TCP","1074","[TCP Window Full] 8004  >  36392 [PSH, ACK] Seq=279654 Ack=144 Win=65024 Len=1008 TSval=2916038859 TSecr=3045558632 [TCP segment of a reassembled PDU]"
"44936","34.778439193","192.168.1.2","192.168.1.55","TCP","66","36392  >  8004 [ACK] Seq=144 Ack=197118 Win=116736 Len=0 TSval=3045558632 TSecr=2916038850"
"44937","34.779639102","192.168.1.55","192.168.1.2","TCP","1514","8004  >  36392 [ACK] Seq=280662 Ack=144 Win=65024 Len=1448 TSval=2916038860 TSecr=3045558632 [TCP segment of a reassembled PDU]"
"44938","34.779641546","192.168.1.55","192.168.1.2","TCP","1514","8004  >  36392 [ACK] Seq=282110 Ack=144 Win=65024 Len=1448 TSval=2916038860 TSecr=3045558632 [TCP segment of a reassembled PDU]"
"44939","34.779643046","192.168.1.55","192.168.1.2","TCP","1514","8004  >  36392 [ACK] Seq=283558 Ack=144 Win=65024 Len=1448 TSval=2916038860 TSecr=3045558632 [TCP segment of a reassembled PDU]"
"44940","34.779644546","192.168.1.55","192.168.1.2","TCP","1514","8004  >  36392 [ACK] Seq=285006 Ack=144 Win=65024 Len=1448 TSval=2916038860 TSecr=3045558632 [TCP segment of a reassembled PDU]"
"44941","34.779645898","192.168.1.55","192.168.1.2","TCP","1514","8004  >  36392 [ACK] Seq=286454 Ack=144 Win=65024 Len=1448 TSval=2916038860 TSecr=3045558632 [TCP segment of a reassembled PDU]"
"44942","34.779647306","192.168.1.55","192.168.1.2","TCP","1514","8004  >  36392 [ACK] Seq=287902 Ack=144 Win=65024 Len=1448 TSval=2916038860 TSecr=3045558632 [TCP segment of a reassembled PDU]"
"44943","34.779648898","192.168.1.55","192.168.1.2","TCP","1514","8004  >  36392 [ACK] Seq=289350 Ack=144 Win=65024 Len=1448 TSval=2916038860 TSecr=3045558632 [TCP segment of a reassembled PDU]"
"44944","34.779650195","192.168.1.55","192.168.1.2","TCP","1514","8004  >  36392 [ACK] Seq=290798 Ack=144 Win=65024 Len=1448 TSval=2916038860 TSecr=3045558632 [TCP segment of a reassembled PDU]"
"44945","34.779651491","192.168.1.55","192.168.1.2","TCP","1514","8004  >  36392 [ACK] Seq=292246 Ack=144 Win=65024 Len=1448 TSval=2916038860 TSecr=3045558632 [TCP segment of a reassembled PDU]"
"44946","34.779652787","192.168.1.55","192.168.1.2","TCP","1514","8004  >  36392 [PSH, ACK] Seq=293694 Ack=144 Win=65024 Len=1448 TSval=2916038860 TSecr=3045558632 [TCP segment of a reassembled PDU]"
"44947","34.779659528","192.168.1.55","192.168.1.2","TCP","506","8004  >  36392 [ACK] Seq=295142 Ack=144 Win=65024 Len=440 TSval=2916038860 TSecr=3045558632 [TCP segment of a reassembled PDU]"
"44948","34.779669065","192.168.1.2","192.168.1.55","TCP","66","36392  >  8004 [ACK] Seq=144 Ack=198566 Win=116736 Len=0 TSval=3045558633 TSecr=2916038856"
"44949","34.779675991","192.168.1.55","192.168.1.2","TCP","1514","8004  >  36392 [ACK] Seq=295582 Ack=144 Win=65024 Len=1448 TSval=2916038860 TSecr=3045558632 [TCP segment of a reassembled PDU]"
"44950","34.779677583","192.168.1.55","192.168.1.2","TCP","1514","8004  >  36392 [ACK] Seq=297030 Ack=144 Win=65024 Len=1448 TSval=2916038860 TSecr=3045558632 [TCP segment of a reassembled PDU]"
"44951","34.779678972","192.168.1.55","192.168.1.2","TCP","1514","8004  >  36392 [ACK] Seq=298478 Ack=144 Win=65024 Len=1448 TSval=2916038860 TSecr=3045558632 [TCP segment of a reassembled PDU]"
"44952","34.779680361","192.168.1.55","192.168.1.2","TCP","1514","8004  >  36392 [ACK] Seq=299926 Ack=144 Win=65024 Len=1448 TSval=2916038860 TSecr=3045558632 [TCP segment of a reassembled PDU]"
"44953","34.779682083","192.168.1.55","192.168.1.2","TCP","1514","8004  >  36392 [ACK] Seq=301374 Ack=144 Win=65024 Len=1448 TSval=2916038860 TSecr=3045558632 [TCP segment of a reassembled PDU]"
"44954","34.779683528","192.168.1.55","192.168.1.2","TCP","1514","8004  >  36392 [ACK] Seq=302822 Ack=144 Win=65024 Len=1448 TSval=2916038860 TSecr=3045558632 [TCP segment of a reassembled PDU]"
"44955","34.779684954","192.168.1.55","192.168.1.2","TCP","1514","8004  >  36392 [ACK] Seq=304270 Ack=144 Win=65024 Len=1448 TSval=2916038860 TSecr=3045558632 [TCP segment of a reassembled PDU]"
"44956","34.779686361","192.168.1.55","192.168.1.2","TCP","1514","8004  >  36392 [ACK] Seq=305718 Ack=144 Win=65024 Len=1448 TSval=2916038860 TSecr=3045558632 [TCP segment of a reassembled PDU]"
"44957","34.779687861","192.168.1.55","192.168.1.2","TCP","1514","8004  >  36392 [ACK] Seq=307166 Ack=144 Win=65024 Len=1448 TSval=2916038860 TSecr=3045558632 [TCP segment of a reassembled PDU]"
"44958","34.779689158","192.168.1.55","192.168.1.2","TCP","1514","8004  >  36392 [ACK] Seq=308614 Ack=144 Win=65024 Len=1448 TSval=2916038860 TSecr=3045558632 [TCP segment of a reassembled PDU]"
"44959","34.779690546","192.168.1.55","192.168.1.2","TCP","1514","8004  >  36392 [ACK] Seq=310062 Ack=144 Win=65024 Len=1448 TSval=2916038860 TSecr=3045558632 [TCP segment of a reassembled PDU]"
"44960","34.779692028","192.168.1.55","192.168.1.2","TCP","1514","8004  >  36392 [PSH, ACK] Seq=311510 Ack=144 Win=65024 Len=1448 TSval=2916038860 TSecr=3045558632 [TCP segment of a reassembled PDU]"
"44961","34.785163074","192.168.1.2","192.168.1.55","TCP","66","36392  >  8004 [ACK] Seq=144 Ack=201462 Win=116736 Len=0 TSval=3045558634 TSecr=2916038856"
"44962","34.785187815","192.168.1.55","192.168.1.2","TCP","1514","8004  >  36392 [ACK] Seq=312958 Ack=144 Win=65024 Len=1448 TSval=2916038865 TSecr=3045558634 [TCP segment of a reassembled PDU]"
"44963","34.785192037","192.168.1.55","192.168.1.2","TCP","1514","8004  >  36392 [ACK] Seq=314406 Ack=144 Win=65024 Len=1448 TSval=2916038865 TSecr=3045558634 [TCP segment of a reassembled PDU]"
"44964","34.785193389","192.168.1.55","192.168.1.2","TCP","1514","8004  >  36392 [PSH, ACK] Seq=315854 Ack=144 Win=65024 Len=1448 TSval=2916038865 TSecr=3045558634 [TCP segment of a reassembled PDU]"
"44965","34.786756873","192.168.1.2","192.168.1.55","TCP","66","36392  >  8004 [ACK] Seq=144 Ack=202910 Win=116736 Len=0 TSval=3045558634 TSecr=2916038856"
"44966","34.786766706","192.168.1.55","192.168.1.2","TCP","1514","8004  >  36392 [ACK] Seq=317302 Ack=144 Win=65024 Len=1448 TSval=2916038867 TSecr=3045558634 [TCP segment of a reassembled PDU]"
"44967","34.786946299","192.168.1.2","192.168.1.55","TCP","66","36392  >  8004 [ACK] Seq=144 Ack=205806 Win=119808 Len=0 TSval=3045558640 TSecr=2916038858"
"44968","34.786953188","192.168.1.2","192.168.1.55","TCP","66","36392  >  8004 [ACK] Seq=144 Ack=239110 Win=119808 Len=0 TSval=3045558640 TSecr=2916038858"
"44969","34.786975854","192.168.1.55","192.168.1.2","TCP","1514","8004  >  36392 [ACK] Seq=318750 Ack=144 Win=65024 Len=1448 TSval=2916038867 TSecr=3045558640 [TCP segment of a reassembled PDU]"
"44970","34.786978299","192.168.1.55","192.168.1.2","TCP","1514","8004  >  36392 [ACK] Seq=320198 Ack=144 Win=65024 Len=1448 TSval=2916038867 TSecr=3045558640 [TCP segment of a reassembled PDU]"
"44971","34.786979706","192.168.1.55","192.168.1.2","TCP","1514","8004  >  36392 [ACK] Seq=321646 Ack=144 Win=65024 Len=1448 TSval=2916038867 TSecr=3045558640 [TCP segment of a reassembled PDU]"
"44972","34.786981040","192.168.1.55","192.168.1.2","TCP","1514","8004  >  36392 [ACK] Seq=323094 Ack=144 Win=65024 Len=1448 TSval=2916038867 TSecr=3045558640 [TCP segment of a reassembled PDU]"
"44973","34.786982466","192.168.1.55","192.168.1.2","TCP","1514","8004  >  36392 [ACK] Seq=324542 Ack=144 Win=65024 Len=1448 TSval=2916038867 TSecr=3045558640 [TCP segment of a reassembled PDU]"
"44974","34.786983743","192.168.1.55","192.168.1.2","TCP","1514","8004  >  36392 [ACK] Seq=325990 Ack=144 Win=65024 Len=1448 TSval=2916038867 TSecr=3045558640 [TCP segment of a reassembled PDU]"
"44975","34.786985132","192.168.1.55","192.168.1.2","TCP","1514","8004  >  36392 [ACK] Seq=327438 Ack=144 Win=65024 Len=1448 TSval=2916038867 TSecr=3045558640 [TCP segment of a reassembled PDU]"
"44976","34.786986410","192.168.1.55","192.168.1.2","TCP","1514","8004  >  36392 [ACK] Seq=328886 Ack=144 Win=65024 Len=1448 TSval=2916038867 TSecr=3045558640 [TCP segment of a reassembled PDU]"
"44977","34.786987836","192.168.1.55","192.168.1.2","TCP","1514","8004  >  36392 [ACK] Seq=330334 Ack=144 Win=65024 Len=1448 TSval=2916038867 TSecr=3045558640 [TCP segment of a reassembled PDU]"
"44978","34.786989188","192.168.1.55","192.168.1.2","TCP","1514","8004  >  36392 [ACK] Seq=331782 Ack=144 Win=65024 Len=1448 TSval=2916038867 TSecr=3045558640 [TCP segment of a reassembled PDU]"
"44979","34.786990521","192.168.1.55","192.168.1.2","TCP","1514","8004  >  36392 [ACK] Seq=333230 Ack=144 Win=65024 Len=1448 TSval=2916038867 TSecr=3045558640 [TCP segment of a reassembled PDU]"
"44980","34.786991836","192.168.1.55","192.168.1.2","TCP","1514","8004  >  36392 [ACK] Seq=334678 Ack=144 Win=65024 Len=1448 TSval=2916038867 TSecr=3045558640 [TCP segment of a reassembled PDU]"
"44981","34.786993169","192.168.1.55","192.168.1.2","TCP","1514","8004  >  36392 [ACK] Seq=336126 Ack=144 Win=65024 Len=1448 TSval=2916038867 TSecr=3045558640 [TCP segment of a reassembled PDU]"
"44982","34.786994521","192.168.1.55","192.168.1.2","TCP","1514","8004  >  36392 [ACK] Seq=337574 Ack=144 Win=65024 Len=1448 TSval=2916038867 TSecr=3045558640 [TCP segment of a reassembled PDU]"
"44983","34.786995891","192.168.1.55","192.168.1.2","TCP","1514","8004  >  36392 [PSH, ACK] Seq=339022 Ack=144 Win=65024 Len=1448 TSval=2916038867 TSecr=3045558640 [TCP segment of a reassembled PDU]"
"44984","34.787000503","192.168.1.2","192.168.1.55","TCP","66","36392  >  8004 [ACK] Seq=144 Ack=250694 Win=133120 Len=0 TSval=3045558640 TSecr=2916038858"
"44985","34.787007299","192.168.1.2","192.168.1.55","TCP","66","36392  >  8004 [ACK] Seq=144 Ack=270966 Win=133120 Len=0 TSval=3045558641 TSecr=2916038859"
"44986","34.787049169","192.168.1.55","192.168.1.2","TCP","1514","8004  >  36392 [ACK] Seq=340470 Ack=144 Win=65024 Len=1448 TSval=2916038867 TSecr=3045558641 [TCP segment of a reassembled PDU]"
"44987","34.787051151","192.168.1.55","192.168.1.2","TCP","1514","8004  >  36392 [ACK] Seq=341918 Ack=144 Win=65024 Len=1448 TSval=2916038867 TSecr=3045558641 [TCP segment of a reassembled PDU]"
"44988","34.787052503","192.168.1.55","192.168.1.2","TCP","1514","8004  >  36392 [ACK] Seq=343366 Ack=144 Win=65024 Len=1448 TSval=2916038867 TSecr=3045558641 [TCP segment of a reassembled PDU]"
"44989","34.787053929","192.168.1.55","192.168.1.2","TCP","1514","8004  >  36392 [ACK] Seq=344814 Ack=144 Win=65024 Len=1448 TSval=2916038867 TSecr=3045558641 [TCP segment of a reassembled PDU]"
"44990","34.787055429","192.168.1.55","192.168.1.2","TCP","1514","8004  >  36392 [ACK] Seq=346262 Ack=144 Win=65024 Len=1448 TSval=2916038867 TSecr=3045558641 [TCP segment of a reassembled PDU]"
"44991","34.787056743","192.168.1.55","192.168.1.2","TCP","1514","8004  >  36392 [ACK] Seq=347710 Ack=144 Win=65024 Len=1448 TSval=2916038867 TSecr=3045558641 [TCP segment of a reassembled PDU]"
"44992","34.787058003","192.168.1.55","192.168.1.2","TCP","1514","8004  >  36392 [ACK] Seq=349158 Ack=144 Win=65024 Len=1448 TSval=2916038867 TSecr=3045558641 [TCP segment of a reassembled PDU]"
"44993","34.787059780","192.168.1.55","192.168.1.2","TCP","1514","8004  >  36392 [ACK] Seq=350606 Ack=144 Win=65024 Len=1448 TSval=2916038867 TSecr=3045558641 [TCP segment of a reassembled PDU]"
"44994","34.787061077","192.168.1.55","192.168.1.2","TCP","1514","8004  >  36392 [ACK] Seq=352054 Ack=144 Win=65024 Len=1448 TSval=2916038867 TSecr=3045558641 [TCP segment of a reassembled PDU]"
"44995","34.787062595","192.168.1.55","192.168.1.2","TCP","1514","8004  >  36392 [ACK] Seq=353502 Ack=144 Win=65024 Len=1448 TSval=2916038867 TSecr=3045558641 [TCP segment of a reassembled PDU]"
"44996","34.787063929","192.168.1.55","192.168.1.2","TCP","1514","8004  >  36392 [ACK] Seq=354950 Ack=144 Win=65024 Len=1448 TSval=2916038867 TSecr=3045558641 [TCP segment of a reassembled PDU]"
"44997","34.787065280","192.168.1.55","192.168.1.2","TCP","1514","8004  >  36392 [ACK] Seq=356398 Ack=144 Win=65024 Len=1448 TSval=2916038867 TSecr=3045558641 [TCP segment of a reassembled PDU]"
"44998","34.787066688","192.168.1.55","192.168.1.2","TCP","1514","8004  >  36392 [ACK] Seq=357846 Ack=144 Win=65024 Len=1448 TSval=2916038867 TSecr=3045558641 [TCP segment of a reassembled PDU]"
"44999","34.787067984","192.168.1.55","192.168.1.2","TCP","1514","8004  >  36392 [ACK] Seq=359294 Ack=144 Win=65024 Len=1448 TSval=2916038867 TSecr=3045558641 [TCP segment of a reassembled PDU]"
"45000","34.787069410","192.168.1.55","192.168.1.2","TCP","1514","8004  >  36392 [ACK] Seq=360742 Ack=144 Win=65024 Len=1448 TSval=2916038867 TSecr=3045558641 [TCP segment of a reassembled PDU]"
"45001","34.787070725","192.168.1.55","192.168.1.2","TCP","1514","8004  >  36392 [ACK] Seq=362190 Ack=144 Win=65024 Len=1448 TSval=2916038867 TSecr=3045558641 [TCP segment of a reassembled PDU]"
"45002","34.787072169","192.168.1.55","192.168.1.2","TCP","1514","8004  >  36392 [ACK] Seq=363638 Ack=144 Win=65024 Len=1448 TSval=2916038867 TSecr=3045558641 [TCP segment of a reassembled PDU]"
"45003","34.787073651","192.168.1.55","192.168.1.2","TCP","1514","8004  >  36392 [ACK] Seq=365086 Ack=144 Win=65024 Len=1448 TSval=2916038867 TSecr=3045558641 [TCP segment of a reassembled PDU]"
"45004","34.787075151","192.168.1.55","192.168.1.2","TCP","1514","8004  >  36392 [ACK] Seq=366534 Ack=144 Win=65024 Len=1448 TSval=2916038867 TSecr=3045558641 [TCP segment of a reassembled PDU]"
"45005","34.787076577","192.168.1.55","192.168.1.2","TCP","1514","8004  >  36392 [ACK] Seq=367982 Ack=144 Win=65024 Len=1448 TSval=2916038867 TSecr=3045558641 [TCP segment of a reassembled PDU]"
"45006","34.787078040","192.168.1.55","192.168.1.2","TCP","1514","8004  >  36392 [ACK] Seq=369430 Ack=144 Win=65024 Len=1448 TSval=2916038867 TSecr=3045558641 [TCP segment of a reassembled PDU]"
"45007","34.787079540","192.168.1.55","192.168.1.2","TCP","1514","8004  >  36392 [ACK] Seq=370878 Ack=144 Win=65024 Len=1448 TSval=2916038867 TSecr=3045558641 [TCP segment of a reassembled PDU]"
"45008","34.787080910","192.168.1.55","192.168.1.2","TCP","1514","8004  >  36392 [ACK] Seq=372326 Ack=144 Win=65024 Len=1448 TSval=2916038867 TSecr=3045558641 [TCP segment of a reassembled PDU]"
"45009","34.787082299","192.168.1.55","192.168.1.2","TCP","1514","8004  >  36392 [ACK] Seq=373774 Ack=144 Win=65024 Len=1448 TSval=2916038867 TSecr=3045558641 [TCP segment of a reassembled PDU]"
"45010","34.787083706","192.168.1.55","192.168.1.2","TCP","1514","8004  >  36392 [ACK] Seq=375222 Ack=144 Win=65024 Len=1448 TSval=2916038867 TSecr=3045558641 [TCP segment of a reassembled PDU]"
"45011","34.787085114","192.168.1.55","192.168.1.2","TCP","1514","8004  >  36392 [ACK] Seq=376670 Ack=144 Win=65024 Len=1448 TSval=2916038867 TSecr=3045558641 [TCP segment of a reassembled PDU]"
"45012","34.787086484","192.168.1.55","192.168.1.2","TCP","1514","8004  >  36392 [ACK] Seq=378118 Ack=144 Win=65024 Len=1448 TSval=2916038867 TSecr=3045558641 [TCP segment of a reassembled PDU]"
"45013","34.787087892","192.168.1.55","192.168.1.2","TCP","1514","8004  >  36392 [ACK] Seq=379566 Ack=144 Win=65024 Len=1448 TSval=2916038867 TSecr=3045558641 [TCP segment of a reassembled PDU]"
"45014","34.787089632","192.168.1.55","192.168.1.2","TCP","1514","8004  >  36392 [ACK] Seq=381014 Ack=144 Win=65024 Len=1448 TSval=2916038867 TSecr=3045558641 [TCP segment of a reassembled PDU]"
"45015","34.787090892","192.168.1.55","192.168.1.2","TCP","1514","8004  >  36392 [ACK] Seq=382462 Ack=144 Win=65024 Len=1448 TSval=2916038867 TSecr=3045558641 [TCP segment of a reassembled PDU]"
"45016","34.787092410","192.168.1.55","192.168.1.2","TCP","1514","8004  >  36392 [ACK] Seq=383910 Ack=144 Win=65024 Len=1448 TSval=2916038867 TSecr=3045558641 [TCP segment of a reassembled PDU]"
"45017","34.787093688","192.168.1.55","192.168.1.2","TCP","1514","8004  >  36392 [PSH, ACK] Seq=385358 Ack=144 Win=65024 Len=1448 TSval=2916038867 TSecr=3045558641 [TCP segment of a reassembled PDU]"
"45018","34.787187244","192.168.1.2","192.168.1.55","TCP","66","36392  >  8004 [ACK] Seq=144 Ack=280662 Win=152576 Len=0 TSval=3045558641 TSecr=2916038859"
"45019","34.787233929","192.168.1.55","192.168.1.2","TCP","1514","8004  >  36392 [ACK] Seq=386806 Ack=144 Win=65024 Len=1448 TSval=2916038867 TSecr=3045558641 [TCP segment of a reassembled PDU]"
"45020","34.787235910","192.168.1.55","192.168.1.2","TCP","1514","8004  >  36392 [ACK] Seq=388254 Ack=144 Win=65024 Len=1448 TSval=2916038867 TSecr=3045558641 [TCP segment of a reassembled PDU]"
"45021","34.787237707","192.168.1.55","192.168.1.2","TCP","1514","8004  >  36392 [ACK] Seq=389702 Ack=144 Win=65024 Len=1448 TSval=2916038867 TSecr=3045558641 [TCP segment of a reassembled PDU]"
"45022","34.787239059","192.168.1.55","192.168.1.2","TCP","1514","8004  >  36392 [ACK] Seq=391150 Ack=144 Win=65024 Len=1448 TSval=2916038867 TSecr=3045558641 [TCP segment of a reassembled PDU]"
"45023","34.787240336","192.168.1.55","192.168.1.2","TCP","1514","8004  >  36392 [ACK] Seq=392598 Ack=144 Win=65024 Len=1448 TSval=2916038867 TSecr=3045558641 [TCP segment of a reassembled PDU]"
"45024","34.787241762","192.168.1.55","192.168.1.2","TCP","1514","8004  >  36392 [ACK] Seq=394046 Ack=144 Win=65024 Len=1448 TSval=2916038867 TSecr=3045558641 [TCP segment of a reassembled PDU]"
"45025","34.787243022","192.168.1.55","192.168.1.2","TCP","1514","8004  >  36392 [ACK] Seq=395494 Ack=144 Win=65024 Len=1448 TSval=2916038867 TSecr=3045558641 [TCP segment of a reassembled PDU]"
"45026","34.787244466","192.168.1.55","192.168.1.2","TCP","1514","8004  >  36392 [ACK] Seq=396942 Ack=144 Win=65024 Len=1448 TSval=2916038867 TSecr=3045558641 [TCP segment of a reassembled PDU]"
"45027","34.787245873","192.168.1.55","192.168.1.2","TCP","1514","8004  >  36392 [ACK] Seq=398390 Ack=144 Win=65024 Len=1448 TSval=2916038867 TSecr=3045558641 [TCP segment of a reassembled PDU]"
"45028","34.787247262","192.168.1.55","192.168.1.2","TCP","1514","8004  >  36392 [ACK] Seq=399838 Ack=144 Win=65024 Len=1448 TSval=2916038867 TSecr=3045558641 [TCP segment of a reassembled PDU]"
"45029","34.787248688","192.168.1.55","192.168.1.2","TCP","1514","8004  >  36392 [ACK] Seq=401286 Ack=144 Win=65024 Len=1448 TSval=2916038867 TSecr=3045558641 [TCP segment of a reassembled PDU]"
"45030","34.787249966","192.168.1.55","192.168.1.2","TCP","1514","8004  >  36392 [ACK] Seq=402734 Ack=144 Win=65024 Len=1448 TSval=2916038867 TSecr=3045558641 [TCP segment of a reassembled PDU]"
"45031","34.787251447","192.168.1.55","192.168.1.2","TCP","1514","8004  >  36392 [ACK] Seq=404182 Ack=144 Win=65024 Len=1448 TSval=2916038867 TSecr=3045558641 [TCP segment of a reassembled PDU]"
"45032","34.787252910","192.168.1.55","192.168.1.2","TCP","1514","8004  >  36392 [ACK] Seq=405630 Ack=144 Win=65024 Len=1448 TSval=2916038867 TSecr=3045558641 [TCP segment of a reassembled PDU]"
"45033","34.787254170","192.168.1.55","192.168.1.2","TCP","1514","8004  >  36392 [ACK] Seq=407078 Ack=144 Win=65024 Len=1448 TSval=2916038867 TSecr=3045558641 [TCP segment of a reassembled PDU]"
"45034","34.787255633","192.168.1.55","192.168.1.2","TCP","1514","8004  >  36392 [ACK] Seq=408526 Ack=144 Win=65024 Len=1448 TSval=2916038867 TSecr=3045558641 [TCP segment of a reassembled PDU]"
"45035","34.787256947","192.168.1.55","192.168.1.2","TCP","1514","8004  >  36392 [ACK] Seq=409974 Ack=144 Win=65024 Len=1448 TSval=2916038867 TSecr=3045558641 [TCP segment of a reassembled PDU]"
"45036","34.787258244","192.168.1.55","192.168.1.2","TCP","1514","8004  >  36392 [ACK] Seq=411422 Ack=144 Win=65024 Len=1448 TSval=2916038867 TSecr=3045558641 [TCP segment of a reassembled PDU]"
"45037","34.787259744","192.168.1.55","192.168.1.2","TCP","1514","8004  >  36392 [ACK] Seq=412870 Ack=144 Win=65024 Len=1448 TSval=2916038867 TSecr=3045558641 [TCP segment of a reassembled PDU]"
"45038","34.787261022","192.168.1.55","192.168.1.2","TCP","1514","8004  >  36392 [ACK] Seq=414318 Ack=144 Win=65024 Len=1448 TSval=2916038867 TSecr=3045558641 [TCP segment of a reassembled PDU]"
"45039","34.787262485","192.168.1.55","192.168.1.2","TCP","1514","8004  >  36392 [ACK] Seq=415766 Ack=144 Win=65024 Len=1448 TSval=2916038867 TSecr=3045558641 [TCP segment of a reassembled PDU]"
"45040","34.787263929","192.168.1.55","192.168.1.2","TCP","1514","8004  >  36392 [ACK] Seq=417214 Ack=144 Win=65024 Len=1448 TSval=2916038867 TSecr=3045558641 [TCP segment of a reassembled PDU]"
"45041","34.787265244","192.168.1.55","192.168.1.2","TCP","1514","8004  >  36392 [ACK] Seq=418662 Ack=144 Win=65024 Len=1448 TSval=2916038867 TSecr=3045558641 [TCP segment of a reassembled PDU]"
"45042","34.787266596","192.168.1.55","192.168.1.2","TCP","1514","8004  >  36392 [ACK] Seq=420110 Ack=144 Win=65024 Len=1448 TSval=2916038867 TSecr=3045558641 [TCP segment of a reassembled PDU]"
"45043","34.787267873","192.168.1.55","192.168.1.2","TCP","1514","8004  >  36392 [ACK] Seq=421558 Ack=144 Win=65024 Len=1448 TSval=2916038867 TSecr=3045558641 [TCP segment of a reassembled PDU]"
"45044","34.787269244","192.168.1.55","192.168.1.2","TCP","1514","8004  >  36392 [ACK] Seq=423006 Ack=144 Win=65024 Len=1448 TSval=2916038867 TSecr=3045558641 [TCP segment of a reassembled PDU]"
"45045","34.787270781","192.168.1.55","192.168.1.2","TCP","1514","8004  >  36392 [ACK] Seq=424454 Ack=144 Win=65024 Len=1448 TSval=2916038867 TSecr=3045558641 [TCP segment of a reassembled PDU]"
"45046","34.787272077","192.168.1.55","192.168.1.2","TCP","1514","8004  >  36392 [ACK] Seq=425902 Ack=144 Win=65024 Len=1448 TSval=2916038867 TSecr=3045558641 [TCP segment of a reassembled PDU]"
"45047","34.787273466","192.168.1.55","192.168.1.2","TCP","1514","8004  >  36392 [ACK] Seq=427350 Ack=144 Win=65024 Len=1448 TSval=2916038867 TSecr=3045558641 [TCP segment of a reassembled PDU]"
"45048","34.787274744","192.168.1.55","192.168.1.2","TCP","1514","8004  >  36392 [ACK] Seq=428798 Ack=144 Win=65024 Len=1448 TSval=2916038867 TSecr=3045558641 [TCP segment of a reassembled PDU]"
"45049","34.787276077","192.168.1.55","192.168.1.2","TCP","1514","8004  >  36392 [ACK] Seq=430246 Ack=144 Win=65024 Len=1448 TSval=2916038867 TSecr=3045558641 [TCP segment of a reassembled PDU]"
"45050","34.787277485","192.168.1.55","192.168.1.2","TCP","1514","8004  >  36392 [PSH, ACK] Seq=431694 Ack=144 Win=65024 Len=1448 TSval=2916038867 TSecr=3045558641 [TCP segment of a reassembled PDU]"
"45051","34.787282670","192.168.1.2","192.168.1.55","TCP","66","36392  >  8004 [ACK] Seq=144 Ack=295582 Win=152576 Len=0 TSval=3045558641 TSecr=2916038860"
"45052","34.787290873","192.168.1.2","192.168.1.55","TCP","66","36392  >  8004 [ACK] Seq=144 Ack=308614 Win=140288 Len=0 TSval=3045558641 TSecr=2916038860"
"45053","34.787308096","192.168.1.2","192.168.1.55","TCP","66","36392  >  8004 [ACK] Seq=144 Ack=310062 Win=155648 Len=0 TSval=3045558642 TSecr=2916038860"
"45054","34.787313577","192.168.1.2","192.168.1.55","TCP","66","36392  >  8004 [ACK] Seq=144 Ack=312958 Win=161792 Len=0 TSval=3045558642 TSecr=2916038860"
"45055","34.788528338","192.168.1.55","192.168.1.2","TCP","1514","8004  >  36392 [ACK] Seq=433142 Ack=144 Win=65024 Len=1448 TSval=2916038869 TSecr=3045558642 [TCP segment of a reassembled PDU]"
"45056","34.788531135","192.168.1.55","192.168.1.2","TCP","1514","8004  >  36392 [ACK] Seq=434590 Ack=144 Win=65024 Len=1448 TSval=2916038869 TSecr=3045558642 [TCP segment of a reassembled PDU]"
"45057","34.788532505","192.168.1.55","192.168.1.2","TCP","1514","8004  >  36392 [ACK] Seq=436038 Ack=144 Win=65024 Len=1448 TSval=2916038869 TSecr=3045558642 [TCP segment of a reassembled PDU]"
"45058","34.788533875","192.168.1.55","192.168.1.2","TCP","1514","8004  >  36392 [ACK] Seq=437486 Ack=144 Win=65024 Len=1448 TSval=2916038869 TSecr=3045558642 [TCP segment of a reassembled PDU]"
"45059","34.788535431","192.168.1.55","192.168.1.2","TCP","1514","8004  >  36392 [ACK] Seq=438934 Ack=144 Win=65024 Len=1448 TSval=2916038869 TSecr=3045558642 [TCP segment of a reassembled PDU]"
"45060","34.788536857","192.168.1.55","192.168.1.2","TCP","1514","8004  >  36392 [ACK] Seq=440382 Ack=144 Win=65024 Len=1448 TSval=2916038869 TSecr=3045558642 [TCP segment of a reassembled PDU]"
"45061","34.788538375","192.168.1.55","192.168.1.2","TCP","1514","8004  >  36392 [ACK] Seq=441830 Ack=144 Win=65024 Len=1448 TSval=2916038869 TSecr=3045558642 [TCP segment of a reassembled PDU]"
"45062","34.788539857","192.168.1.55","192.168.1.2","TCP","1514","8004  >  36392 [ACK] Seq=443278 Ack=144 Win=65024 Len=1448 TSval=2916038869 TSecr=3045558642 [TCP segment of a reassembled PDU]"
"45063","34.788541394","192.168.1.55","192.168.1.2","TCP","1514","8004  >  36392 [ACK] Seq=444726 Ack=144 Win=65024 Len=1448 TSval=2916038869 TSecr=3045558642 [TCP segment of a reassembled PDU]"
"45064","34.788542709","192.168.1.55","192.168.1.2","TCP","1514","8004  >  36392 [ACK] Seq=446174 Ack=144 Win=65024 Len=1448 TSval=2916038869 TSecr=3045558642 [TCP segment of a reassembled PDU]"
"45065","34.788544024","192.168.1.55","192.168.1.2","TCP","1514","8004  >  36392 [ACK] Seq=447622 Ack=144 Win=65024 Len=1448 TSval=2916038869 TSecr=3045558642 [TCP segment of a reassembled PDU]"
"45066","34.788545450","192.168.1.55","192.168.1.2","TCP","1514","8004  >  36392 [ACK] Seq=449070 Ack=144 Win=65024 Len=1448 TSval=2916038869 TSecr=3045558642 [TCP segment of a reassembled PDU]"
"45067","34.788546820","192.168.1.55","192.168.1.2","TCP","1514","8004  >  36392 [ACK] Seq=450518 Ack=144 Win=65024 Len=1448 TSval=2916038869 TSecr=3045558642 [TCP segment of a reassembled PDU]"
"45068","34.788548190","192.168.1.55","192.168.1.2","TCP","1514","8004  >  36392 [ACK] Seq=451966 Ack=144 Win=65024 Len=1448 TSval=2916038869 TSecr=3045558642 [TCP segment of a reassembled PDU]"
"45069","34.788549579","192.168.1.55","192.168.1.2","TCP","1514","8004  >  36392 [ACK] Seq=453414 Ack=144 Win=65024 Len=1448 TSval=2916038869 TSecr=3045558642 [TCP segment of a reassembled PDU]"
"45070","34.788550894","192.168.1.55","192.168.1.2","TCP","1514","8004  >  36392 [ACK] Seq=454862 Ack=144 Win=65024 Len=1448 TSval=2916038869 TSecr=3045558642 [TCP segment of a reassembled PDU]"
"45071","34.788552320","192.168.1.55","192.168.1.2","TCP","1514","8004  >  36392 [ACK] Seq=456310 Ack=144 Win=65024 Len=1448 TSval=2916038869 TSecr=3045558642 [TCP segment of a reassembled PDU]"
"45072","34.788553764","192.168.1.55","192.168.1.2","TCP","1514","8004  >  36392 [ACK] Seq=457758 Ack=144 Win=65024 Len=1448 TSval=2916038869 TSecr=3045558642 [TCP segment of a reassembled PDU]"
"45073","34.788555172","192.168.1.55","192.168.1.2","TCP","1514","8004  >  36392 [ACK] Seq=459206 Ack=144 Win=65024 Len=1448 TSval=2916038869 TSecr=3045558642 [TCP segment of a reassembled PDU]"
"45074","34.788556542","192.168.1.55","192.168.1.2","TCP","1514","8004  >  36392 [ACK] Seq=460654 Ack=144 Win=65024 Len=1448 TSval=2916038869 TSecr=3045558642 [TCP segment of a reassembled PDU]"
"45075","34.788557820","192.168.1.55","192.168.1.2","TCP","1514","8004  >  36392 [ACK] Seq=462102 Ack=144 Win=65024 Len=1448 TSval=2916038869 TSecr=3045558642 [TCP segment of a reassembled PDU]"
"45076","34.788559301","192.168.1.55","192.168.1.2","TCP","1514","8004  >  36392 [ACK] Seq=463550 Ack=144 Win=65024 Len=1448 TSval=2916038869 TSecr=3045558642 [TCP segment of a reassembled PDU]"
"45077","34.788561005","192.168.1.55","192.168.1.2","TCP","1514","8004  >  36392 [ACK] Seq=464998 Ack=144 Win=65024 Len=1448 TSval=2916038869 TSecr=3045558642 [TCP segment of a reassembled PDU]"
"45078","34.788562431","192.168.1.55","192.168.1.2","TCP","1514","8004  >  36392 [ACK] Seq=466446 Ack=144 Win=65024 Len=1448 TSval=2916038869 TSecr=3045558642 [TCP segment of a reassembled PDU]"
"45079","34.788563820","192.168.1.55","192.168.1.2","TCP","1514","8004  >  36392 [ACK] Seq=467894 Ack=144 Win=65024 Len=1448 TSval=2916038869 TSecr=3045558642 [TCP segment of a reassembled PDU]"
"45080","34.788565116","192.168.1.55","192.168.1.2","TCP","1514","8004  >  36392 [ACK] Seq=469342 Ack=144 Win=65024 Len=1448 TSval=2916038869 TSecr=3045558642 [TCP segment of a reassembled PDU]"
"45081","34.788566431","192.168.1.55","192.168.1.2","TCP","1514","8004  >  36392 [ACK] Seq=470790 Ack=144 Win=65024 Len=1448 TSval=2916038869 TSecr=3045558642 [TCP segment of a reassembled PDU]"
"45082","34.788572616","192.168.1.55","192.168.1.2","TCP","1514","8004  >  36392 [ACK] Seq=472238 Ack=144 Win=65024 Len=1448 TSval=2916038869 TSecr=3045558642 [TCP segment of a reassembled PDU]"
"45083","34.788574394","192.168.1.55","192.168.1.2","TCP","1130","[TCP Window Full] 8004  >  36392 [PSH, ACK] Seq=473686 Ack=144 Win=65024 Len=1064 TSval=2916038869 TSecr=3045558642 [TCP segment of a reassembled PDU]"
"45084","34.797880520","192.168.1.2","192.168.1.55","TCP","66","36392  >  8004 [ACK] Seq=144 Ack=314406 Win=164864 Len=0 TSval=3045558643 TSecr=2916038865"
"45085","34.797897650","192.168.1.55","192.168.1.2","TCP","1514","8004  >  36392 [ACK] Seq=474750 Ack=144 Win=65024 Len=1448 TSval=2916038878 TSecr=3045558643 [TCP segment of a reassembled PDU]"
"45086","34.797900335","192.168.1.55","192.168.1.2","TCP","1514","8004  >  36392 [ACK] Seq=476198 Ack=144 Win=65024 Len=1448 TSval=2916038878 TSecr=3045558643 [TCP segment of a reassembled PDU]"
"45087","34.797901742","192.168.1.55","192.168.1.2","TCP","1514","8004  >  36392 [PSH, ACK] Seq=477646 Ack=144 Win=65024 Len=1448 TSval=2916038878 TSecr=3045558643 [TCP segment of a reassembled PDU]"
"45088","34.798181039","192.168.1.2","192.168.1.55","TCP","66","36392  >  8004 [ACK] Seq=144 Ack=317302 Win=169984 Len=0 TSval=3045558643 TSecr=2916038865"
"45089","34.798189743","192.168.1.55","192.168.1.2","TCP","450","8004  >  36392 [ACK] Seq=479094 Ack=144 Win=65024 Len=384 TSval=2916038878 TSecr=3045558643 [TCP segment of a reassembled PDU]"
"45090","34.798194409","192.168.1.2","192.168.1.55","TCP","66","36392  >  8004 [ACK] Seq=144 Ack=318750 Win=173056 Len=0 TSval=3045558652 TSecr=2916038867"
"45091","34.798200428","192.168.1.2","192.168.1.55","TCP","66","36392  >  8004 [ACK] Seq=144 Ack=340470 Win=207872 Len=0 TSval=3045558653 TSecr=2916038867"
"45092","34.798221687","192.168.1.55","192.168.1.2","TCP","1514","8004  >  36392 [ACK] Seq=479478 Ack=144 Win=65024 Len=1448 TSval=2916038878 TSecr=3045558653 [TCP segment of a reassembled PDU]"
"45093","34.798223391","192.168.1.55","192.168.1.2","TCP","1514","8004  >  36392 [ACK] Seq=480926 Ack=144 Win=65024 Len=1448 TSval=2916038878 TSecr=3045558653 [TCP segment of a reassembled PDU]"
"45094","34.798224780","192.168.1.55","192.168.1.2","TCP","1514","8004  >  36392 [ACK] Seq=482374 Ack=144 Win=65024 Len=1448 TSval=2916038878 TSecr=3045558653 [TCP segment of a reassembled PDU]"
"45095","34.798226076","192.168.1.55","192.168.1.2","TCP","1514","8004  >  36392 [ACK] Seq=483822 Ack=144 Win=65024 Len=1448 TSval=2916038878 TSecr=3045558653 [TCP segment of a reassembled PDU]"
"45096","34.798227465","192.168.1.55","192.168.1.2","TCP","1514","8004  >  36392 [ACK] Seq=485270 Ack=144 Win=65024 Len=1448 TSval=2916038878 TSecr=3045558653 [TCP segment of a reassembled PDU]"
"45097","34.798228854","192.168.1.55","192.168.1.2","TCP","1514","8004  >  36392 [ACK] Seq=486718 Ack=144 Win=65024 Len=1448 TSval=2916038878 TSecr=3045558653 [TCP segment of a reassembled PDU]"
"45098","34.798230243","192.168.1.55","192.168.1.2","TCP","1514","8004  >  36392 [ACK] Seq=488166 Ack=144 Win=65024 Len=1448 TSval=2916038878 TSecr=3045558653 [TCP segment of a reassembled PDU]"
"45099","34.798231613","192.168.1.55","192.168.1.2","TCP","1514","8004  >  36392 [ACK] Seq=489614 Ack=144 Win=65024 Len=1448 TSval=2916038878 TSecr=3045558653 [TCP segment of a reassembled PDU]"
"45100","34.798233039","192.168.1.55","192.168.1.2","TCP","1514","8004  >  36392 [ACK] Seq=491062 Ack=144 Win=65024 Len=1448 TSval=2916038878 TSecr=3045558653 [TCP segment of a reassembled PDU]"
"45101","34.798234687","192.168.1.55","192.168.1.2","TCP","1514","8004  >  36392 [ACK] Seq=492510 Ack=144 Win=65024 Len=1448 TSval=2916038878 TSecr=3045558653 [TCP segment of a reassembled PDU]"
"45102","34.798235965","192.168.1.55","192.168.1.2","TCP","1514","8004  >  36392 [ACK] Seq=493958 Ack=144 Win=65024 Len=1448 TSval=2916038878 TSecr=3045558653 [TCP segment of a reassembled PDU]"
"45103","34.798237465","192.168.1.55","192.168.1.2","TCP","1514","8004  >  36392 [ACK] Seq=495406 Ack=144 Win=65024 Len=1448 TSval=2916038878 TSecr=3045558653 [TCP segment of a reassembled PDU]"
"45104","34.798238984","192.168.1.55","192.168.1.2","TCP","1514","8004  >  36392 [PSH, ACK] Seq=496854 Ack=144 Win=65024 Len=1448 TSval=2916038878 TSecr=3045558653 [TCP segment of a reassembled PDU]"
"45105","34.798243484","192.168.1.55","192.168.1.2","HTTP","222","HTTP/1.0 200 OK  (PNG)"
"45106","34.798247391","192.168.1.2","192.168.1.55","TCP","66","36392  >  8004 [ACK] Seq=144 Ack=386806 Win=183296 Len=0 TSval=3045558653 TSecr=2916038867"
"45107","34.798338910","192.168.1.2","192.168.1.55","TCP","66","36392  >  8004 [ACK] Seq=144 Ack=433142 Win=182272 Len=0 TSval=3045558653 TSecr=2916038867"
"45108","34.798348391","192.168.1.2","192.168.1.55","TCP","66","36392  >  8004 [ACK] Seq=144 Ack=474750 Win=186368 Len=0 TSval=3045558653 TSecr=2916038869"
"45109","34.802096193","192.168.1.2","192.168.1.55","TCP","66","36392  >  8004 [ACK] Seq=144 Ack=479094 Win=217088 Len=0 TSval=3045558657 TSecr=2916038878"
"45110","34.802212083","192.168.1.2","192.168.1.55","TCP","66","36392  >  8004 [ACK] Seq=144 Ack=491062 Win=217088 Len=0 TSval=3045558657 TSecr=2916038878"
"45111","34.802218434","192.168.1.2","192.168.1.55","TCP","66","36392  >  8004 [ACK] Seq=144 Ack=493958 Win=222208 Len=0 TSval=3045558657 TSecr=2916038878"
"45112","34.803869622","192.168.1.2","192.168.1.55","TCP","66","36392  >  8004 [ACK] Seq=144 Ack=495406 Win=225280 Len=0 TSval=3045558658 TSecr=2916038878"
"45113","34.803978641","192.168.1.2","192.168.1.55","TCP","66","36392  >  8004 [ACK] Seq=144 Ack=498302 Win=231424 Len=0 TSval=3045558659 TSecr=2916038878"
"45114","34.805461440","192.168.1.2","192.168.1.55","TCP","66","36392  >  8004 [FIN, ACK] Seq=144 Ack=498459 Win=234496 Len=0 TSval=3045558660 TSecr=2916038878"
"45115","34.805473643","192.168.1.55","192.168.1.2","TCP","66","8004  >  36392 [ACK] Seq=498459 Ack=145 Win=65024 Len=0 TSval=2916038886 TSecr=3045558660"
"45116","34.805590569","192.168.1.2","192.168.1.55","TCP","74","36400  >  8004 [SYN] Seq=0 Win=64240 Len=0 MSS=1460 SACK_PERM TSval=3045558660 TSecr=0 WS=1024"
"45117","34.805615495","192.168.1.55","192.168.1.2","TCP","74","8004  >  36400 [SYN, ACK] Seq=0 Ack=1 Win=65160 Len=0 MSS=1460 SACK_PERM TSval=2916038886 TSecr=3045558660 WS=128"
"45118","34.808841704","192.168.1.2","192.168.1.55","TCP","66","36400  >  8004 [ACK] Seq=1 Ack=1 Win=64512 Len=0 TSval=3045558663 TSecr=2916038886"
"45119","34.811050671","192.168.1.2","192.168.1.55","HTTP","206","GET /stego_benchmark.png HTTP/1.1 "
"45120","34.811071023","192.168.1.55","192.168.1.2","TCP","66","8004  >  36400 [ACK] Seq=1 Ack=141 Win=65024 Len=0 TSval=2916038891 TSecr=3045558663"
"45121","34.811581301","192.168.1.55","192.168.1.2","TCP","255","8004  >  36400 [PSH, ACK] Seq=1 Ack=141 Win=65024 Len=189 TSval=2916038892 TSecr=3045558663 [TCP segment of a reassembled PDU]"
"45122","34.811662320","192.168.1.55","192.168.1.2","TCP","1514","8004  >  36400 [ACK] Seq=190 Ack=141 Win=65024 Len=1448 TSval=2916038892 TSecr=3045558663 [TCP segment of a reassembled PDU]"
"45123","34.811666894","192.168.1.55","192.168.1.2","TCP","1514","8004  >  36400 [ACK] Seq=1638 Ack=141 Win=65024 Len=1448 TSval=2916038892 TSecr=3045558663 [TCP segment of a reassembled PDU]"
"45124","34.811668524","192.168.1.55","192.168.1.2","TCP","1514","8004  >  36400 [ACK] Seq=3086 Ack=141 Win=65024 Len=1448 TSval=2916038892 TSecr=3045558663 [TCP segment of a reassembled PDU]"
"45125","34.811669912","192.168.1.55","192.168.1.2","TCP","1514","8004  >  36400 [ACK] Seq=4534 Ack=141 Win=65024 Len=1448 TSval=2916038892 TSecr=3045558663 [TCP segment of a reassembled PDU]"
"45126","34.811671875","192.168.1.55","192.168.1.2","TCP","1514","8004  >  36400 [PSH, ACK] Seq=5982 Ack=141 Win=65024 Len=1448 TSval=2916038892 TSecr=3045558663 [TCP segment of a reassembled PDU]"
"45127","34.811689283","192.168.1.55","192.168.1.2","TCP","1514","8004  >  36400 [ACK] Seq=7430 Ack=141 Win=65024 Len=1448 TSval=2916038892 TSecr=3045558663 [TCP segment of a reassembled PDU]"
"45128","34.811691394","192.168.1.55","192.168.1.2","TCP","1514","8004  >  36400 [ACK] Seq=8878 Ack=141 Win=65024 Len=1448 TSval=2916038892 TSecr=3045558663 [TCP segment of a reassembled PDU]"
"45129","34.811692820","192.168.1.55","192.168.1.2","TCP","1514","8004  >  36400 [ACK] Seq=10326 Ack=141 Win=65024 Len=1448 TSval=2916038892 TSecr=3045558663 [TCP segment of a reassembled PDU]"
"45130","34.811694172","192.168.1.55","192.168.1.2","TCP","1514","8004  >  36400 [PSH, ACK] Seq=11774 Ack=141 Win=65024 Len=1448 TSval=2916038892 TSecr=3045558663 [TCP segment of a reassembled PDU]"
"45131","34.817731959","192.168.1.2","192.168.1.55","TCP","66","36400  >  8004 [ACK] Seq=141 Ack=190 Win=64512 Len=0 TSval=3045558670 TSecr=2916038892"
"45132","34.817782089","192.168.1.55","192.168.1.2","TCP","1514","8004  >  36400 [ACK] Seq=13222 Ack=141 Win=65024 Len=1448 TSval=2916038898 TSecr=3045558670 [TCP segment of a reassembled PDU]"
"45133","34.817787385","192.168.1.55","192.168.1.2","TCP","1514","8004  >  36400 [PSH, ACK] Seq=14670 Ack=141 Win=65024 Len=1448 TSval=2916038898 TSecr=3045558670 [TCP segment of a reassembled PDU]"
"45134","34.817885034","192.168.1.2","192.168.1.55","TCP","66","36400  >  8004 [ACK] Seq=141 Ack=3086 Win=70656 Len=0 TSval=3045558670 TSecr=2916038892"
"45135","34.817898774","192.168.1.2","192.168.1.55","TCP","66","36400  >  8004 [ACK] Seq=141 Ack=7430 Win=79872 Len=0 TSval=3045558670 TSecr=2916038892"
"45136","34.817930497","192.168.1.55","192.168.1.2","TCP","1514","8004  >  36400 [ACK] Seq=16118 Ack=141 Win=65024 Len=1448 TSval=2916038898 TSecr=3045558670 [TCP segment of a reassembled PDU]"
"45137","34.817934608","192.168.1.55","192.168.1.2","TCP","1514","8004  >  36400 [ACK] Seq=17566 Ack=141 Win=65024 Len=1448 TSval=2916038898 TSecr=3045558670 [TCP segment of a reassembled PDU]"
"45138","34.817936052","192.168.1.55","192.168.1.2","TCP","1514","8004  >  36400 [ACK] Seq=19014 Ack=141 Win=65024 Len=1448 TSval=2916038898 TSecr=3045558670 [TCP segment of a reassembled PDU]"
"45139","34.817937460","192.168.1.55","192.168.1.2","TCP","1514","8004  >  36400 [ACK] Seq=20462 Ack=141 Win=65024 Len=1448 TSval=2916038898 TSecr=3045558670 [TCP segment of a reassembled PDU]"
"45140","34.817939015","192.168.1.55","192.168.1.2","TCP","1514","8004  >  36400 [ACK] Seq=21910 Ack=141 Win=65024 Len=1448 TSval=2916038898 TSecr=3045558670 [TCP segment of a reassembled PDU]"
"45141","34.817940423","192.168.1.55","192.168.1.2","TCP","1514","8004  >  36400 [ACK] Seq=23358 Ack=141 Win=65024 Len=1448 TSval=2916038898 TSecr=3045558670 [TCP segment of a reassembled PDU]"
"45142","34.817942200","192.168.1.55","192.168.1.2","TCP","1514","8004  >  36400 [ACK] Seq=24806 Ack=141 Win=65024 Len=1448 TSval=2916038898 TSecr=3045558670 [TCP segment of a reassembled PDU]"
"45143","34.817943682","192.168.1.55","192.168.1.2","TCP","1514","8004  >  36400 [PSH, ACK] Seq=26254 Ack=141 Win=65024 Len=1448 TSval=2916038898 TSecr=3045558670 [TCP segment of a reassembled PDU]"
"45144","34.817975886","192.168.1.2","192.168.1.55","TCP","66","36400  >  8004 [ACK] Seq=141 Ack=10326 Win=84992 Len=0 TSval=3045558672 TSecr=2916038892"
"45145","34.817996219","192.168.1.55","192.168.1.2","TCP","1514","8004  >  36400 [ACK] Seq=27702 Ack=141 Win=65024 Len=1448 TSval=2916038898 TSecr=3045558672 [TCP segment of a reassembled PDU]"
"45146","34.817998960","192.168.1.55","192.168.1.2","TCP","1514","8004  >  36400 [ACK] Seq=29150 Ack=141 Win=65024 Len=1448 TSval=2916038898 TSecr=3045558672 [TCP segment of a reassembled PDU]"
"45147","34.818000663","192.168.1.55","192.168.1.2","TCP","1514","8004  >  36400 [ACK] Seq=30598 Ack=141 Win=65024 Len=1448 TSval=2916038898 TSecr=3045558672 [TCP segment of a reassembled PDU]"
"45148","34.818002052","192.168.1.55","192.168.1.2","TCP","1514","8004  >  36400 [ACK] Seq=32046 Ack=141 Win=65024 Len=1448 TSval=2916038898 TSecr=3045558672 [TCP segment of a reassembled PDU]"
"45149","34.818003515","192.168.1.55","192.168.1.2","TCP","1514","8004  >  36400 [ACK] Seq=33494 Ack=141 Win=65024 Len=1448 TSval=2916038898 TSecr=3045558672 [TCP segment of a reassembled PDU]"
"45150","34.818005219","192.168.1.55","192.168.1.2","TCP","1514","8004  >  36400 [PSH, ACK] Seq=34942 Ack=141 Win=65024 Len=1448 TSval=2916038898 TSecr=3045558672 [TCP segment of a reassembled PDU]"
"45151","34.818060534","192.168.1.2","192.168.1.55","TCP","66","36400  >  8004 [ACK] Seq=141 Ack=13222 Win=90112 Len=0 TSval=3045558672 TSecr=2916038892"
"45152","34.818734090","192.168.1.55","192.168.1.2","TCP","1514","8004  >  36400 [ACK] Seq=36390 Ack=141 Win=65024 Len=1448 TSval=2916038899 TSecr=3045558672 [TCP segment of a reassembled PDU]"
"45153","34.818740665","192.168.1.55","192.168.1.2","TCP","1514","8004  >  36400 [ACK] Seq=37838 Ack=141 Win=65024 Len=1448 TSval=2916038899 TSecr=3045558672 [TCP segment of a reassembled PDU]"
"45154","34.818742350","192.168.1.55","192.168.1.2","TCP","1514","8004  >  36400 [ACK] Seq=39286 Ack=141 Win=65024 Len=1448 TSval=2916038899 TSecr=3045558672 [TCP segment of a reassembled PDU]"
"45155","34.818744146","192.168.1.55","192.168.1.2","TCP","1514","8004  >  36400 [PSH, ACK] Seq=40734 Ack=141 Win=65024 Len=1448 TSval=2916038899 TSecr=3045558672 [TCP segment of a reassembled PDU]"
"45156","34.822175337","192.168.1.2","192.168.1.55","TCP","66","36400  >  8004 [ACK] Seq=141 Ack=16118 Win=90112 Len=0 TSval=3045558677 TSecr=2916038898"
"45157","34.822212559","192.168.1.55","192.168.1.2","TCP","1514","8004  >  36400 [ACK] Seq=42182 Ack=141 Win=65024 Len=1448 TSval=2916038902 TSecr=3045558677 [TCP segment of a reassembled PDU]"
"45158","34.822218170","192.168.1.55","192.168.1.2","TCP","1514","8004  >  36400 [PSH, ACK] Seq=43630 Ack=141 Win=65024 Len=1448 TSval=2916038902 TSecr=3045558677 [TCP segment of a reassembled PDU]"
"45159","34.822277892","192.168.1.2","192.168.1.55","TCP","66","36400  >  8004 [ACK] Seq=141 Ack=27702 Win=81920 Len=0 TSval=3045558677 TSecr=2916038898"
"45160","34.822316948","192.168.1.55","192.168.1.2","TCP","1514","8004  >  36400 [ACK] Seq=45078 Ack=141 Win=65024 Len=1448 TSval=2916038902 TSecr=3045558677 [TCP segment of a reassembled PDU]"
"45161","34.822320300","192.168.1.55","192.168.1.2","TCP","1514","8004  >  36400 [ACK] Seq=46526 Ack=141 Win=65024 Len=1448 TSval=2916038902 TSecr=3045558677 [TCP segment of a reassembled PDU]"
"45162","34.822321800","192.168.1.55","192.168.1.2","TCP","1514","8004  >  36400 [ACK] Seq=47974 Ack=141 Win=65024 Len=1448 TSval=2916038902 TSecr=3045558677 [TCP segment of a reassembled PDU]"
"45163","34.822323115","192.168.1.55","192.168.1.2","TCP","1514","8004  >  36400 [ACK] Seq=49422 Ack=141 Win=65024 Len=1448 TSval=2916038902 TSecr=3045558677 [TCP segment of a reassembled PDU]"
"45164","34.822324874","192.168.1.55","192.168.1.2","TCP","1514","8004  >  36400 [ACK] Seq=50870 Ack=141 Win=65024 Len=1448 TSval=2916038902 TSecr=3045558677 [TCP segment of a reassembled PDU]"
"45165","34.822326281","192.168.1.55","192.168.1.2","TCP","1514","8004  >  36400 [ACK] Seq=52318 Ack=141 Win=65024 Len=1448 TSval=2916038902 TSecr=3045558677 [TCP segment of a reassembled PDU]"
"45166","34.822327726","192.168.1.55","192.168.1.2","TCP","1514","8004  >  36400 [ACK] Seq=53766 Ack=141 Win=65024 Len=1448 TSval=2916038902 TSecr=3045558677 [TCP segment of a reassembled PDU]"
"45167","34.822329430","192.168.1.55","192.168.1.2","TCP","1514","8004  >  36400 [ACK] Seq=55214 Ack=141 Win=65024 Len=1448 TSval=2916038902 TSecr=3045558677 [TCP segment of a reassembled PDU]"
"45168","34.822331096","192.168.1.55","192.168.1.2","TCP","1514","8004  >  36400 [ACK] Seq=56662 Ack=141 Win=65024 Len=1448 TSval=2916038902 TSecr=3045558677 [TCP segment of a reassembled PDU]"
"45169","34.822332874","192.168.1.55","192.168.1.2","TCP","1514","8004  >  36400 [ACK] Seq=58110 Ack=141 Win=65024 Len=1448 TSval=2916038902 TSecr=3045558677 [TCP segment of a reassembled PDU]"
"45170","34.822334152","192.168.1.55","192.168.1.2","TCP","1514","8004  >  36400 [ACK] Seq=59558 Ack=141 Win=65024 Len=1448 TSval=2916038902 TSecr=3045558677 [TCP segment of a reassembled PDU]"
"45171","34.822335541","192.168.1.55","192.168.1.2","TCP","1514","8004  >  36400 [ACK] Seq=61006 Ack=141 Win=65024 Len=1448 TSval=2916038902 TSecr=3045558677 [TCP segment of a reassembled PDU]"
"45172","34.822336930","192.168.1.55","192.168.1.2","TCP","1514","8004  >  36400 [ACK] Seq=62454 Ack=141 Win=65024 Len=1448 TSval=2916038902 TSecr=3045558677 [TCP segment of a reassembled PDU]"
"45173","34.822338318","192.168.1.55","192.168.1.2","TCP","1514","8004  >  36400 [ACK] Seq=63902 Ack=141 Win=65024 Len=1448 TSval=2916038902 TSecr=3045558677 [TCP segment of a reassembled PDU]"
"45174","34.822339911","192.168.1.55","192.168.1.2","TCP","1514","8004  >  36400 [PSH, ACK] Seq=65350 Ack=141 Win=65024 Len=1448 TSval=2916038902 TSecr=3045558677 [TCP segment of a reassembled PDU]"
"45175","34.822346670","192.168.1.2","192.168.1.55","TCP","66","36400  >  8004 [ACK] Seq=141 Ack=36390 Win=73728 Len=0 TSval=3045558677 TSecr=2916038898"
"45176","34.822371707","192.168.1.55","192.168.1.2","TCP","1514","8004  >  36400 [ACK] Seq=66798 Ack=141 Win=65024 Len=1448 TSval=2916038903 TSecr=3045558677 [TCP segment of a reassembled PDU]"
"45177","34.822374170","192.168.1.55","192.168.1.2","TCP","1514","8004  >  36400 [ACK] Seq=68246 Ack=141 Win=65024 Len=1448 TSval=2916038903 TSecr=3045558677 [TCP segment of a reassembled PDU]"
"45178","34.822375504","192.168.1.55","192.168.1.2","TCP","1514","8004  >  36400 [ACK] Seq=69694 Ack=141 Win=65024 Len=1448 TSval=2916038903 TSecr=3045558677 [TCP segment of a reassembled PDU]"
"45179","34.822376930","192.168.1.55","192.168.1.2","TCP","1514","8004  >  36400 [ACK] Seq=71142 Ack=141 Win=65024 Len=1448 TSval=2916038903 TSecr=3045558677 [TCP segment of a reassembled PDU]"
"45180","34.822378559","192.168.1.55","192.168.1.2","TCP","1514","8004  >  36400 [ACK] Seq=72590 Ack=141 Win=65024 Len=1448 TSval=2916038903 TSecr=3045558677 [TCP segment of a reassembled PDU]"
"45181","34.822380022","192.168.1.55","192.168.1.2","TCP","1514","8004  >  36400 [ACK] Seq=74038 Ack=141 Win=65024 Len=1448 TSval=2916038903 TSecr=3045558677 [TCP segment of a reassembled PDU]"
"45182","34.822382374","192.168.1.55","192.168.1.2","TCP","1514","8004  >  36400 [PSH, ACK] Seq=75486 Ack=141 Win=65024 Len=1448 TSval=2916038903 TSecr=3045558677 [TCP segment of a reassembled PDU]"
"45183","34.825839139","192.168.1.2","192.168.1.55","TCP","66","36400  >  8004 [ACK] Seq=141 Ack=40734 Win=87040 Len=0 TSval=3045558678 TSecr=2916038899"
"45184","34.825906139","192.168.1.55","192.168.1.2","TCP","1514","8004  >  36400 [ACK] Seq=76934 Ack=141 Win=65024 Len=1448 TSval=2916038906 TSecr=3045558678 [TCP segment of a reassembled PDU]"
"45185","34.825909861","192.168.1.55","192.168.1.2","TCP","1514","8004  >  36400 [ACK] Seq=78382 Ack=141 Win=65024 Len=1448 TSval=2916038906 TSecr=3045558678 [TCP segment of a reassembled PDU]"
"45186","34.825911528","192.168.1.55","192.168.1.2","TCP","1514","8004  >  36400 [ACK] Seq=79830 Ack=141 Win=65024 Len=1448 TSval=2916038906 TSecr=3045558678 [TCP segment of a reassembled PDU]"
"45187","34.825912713","192.168.1.55","192.168.1.2","TCP","1514","8004  >  36400 [ACK] Seq=81278 Ack=141 Win=65024 Len=1448 TSval=2916038906 TSecr=3045558678 [TCP segment of a reassembled PDU]"
"45188","34.825914009","192.168.1.55","192.168.1.2","TCP","1514","8004  >  36400 [ACK] Seq=82726 Ack=141 Win=65024 Len=1448 TSval=2916038906 TSecr=3045558678 [TCP segment of a reassembled PDU]"
"45189","34.825915620","192.168.1.55","192.168.1.2","TCP","1514","8004  >  36400 [ACK] Seq=84174 Ack=141 Win=65024 Len=1448 TSval=2916038906 TSecr=3045558678 [TCP segment of a reassembled PDU]"
"45190","34.825916843","192.168.1.55","192.168.1.2","TCP","1514","8004  >  36400 [ACK] Seq=85622 Ack=141 Win=65024 Len=1448 TSval=2916038906 TSecr=3045558678 [TCP segment of a reassembled PDU]"
"45191","34.825918417","192.168.1.55","192.168.1.2","TCP","1514","8004  >  36400 [ACK] Seq=87070 Ack=141 Win=65024 Len=1448 TSval=2916038906 TSecr=3045558678 [TCP segment of a reassembled PDU]"
"45192","34.825919602","192.168.1.55","192.168.1.2","TCP","1514","8004  >  36400 [ACK] Seq=88518 Ack=141 Win=65024 Len=1448 TSval=2916038906 TSecr=3045558678 [TCP segment of a reassembled PDU]"
"45193","34.825921120","192.168.1.55","192.168.1.2","TCP","1514","8004  >  36400 [ACK] Seq=89966 Ack=141 Win=65024 Len=1448 TSval=2916038906 TSecr=3045558678 [TCP segment of a reassembled PDU]"
"45194","34.825922898","192.168.1.55","192.168.1.2","TCP","1514","8004  >  36400 [ACK] Seq=91414 Ack=141 Win=65024 Len=1448 TSval=2916038906 TSecr=3045558678 [TCP segment of a reassembled PDU]"
"45195","34.825924769","192.168.1.55","192.168.1.2","TCP","1514","8004  >  36400 [ACK] Seq=92862 Ack=141 Win=65024 Len=1448 TSval=2916038906 TSecr=3045558678 [TCP segment of a reassembled PDU]"
"45196","34.825926120","192.168.1.55","192.168.1.2","TCP","1514","8004  >  36400 [ACK] Seq=94310 Ack=141 Win=65024 Len=1448 TSval=2916038906 TSecr=3045558678 [TCP segment of a reassembled PDU]"
"45197","34.825927491","192.168.1.55","192.168.1.2","TCP","1514","8004  >  36400 [PSH, ACK] Seq=95758 Ack=141 Win=65024 Len=1448 TSval=2916038906 TSecr=3045558678 [TCP segment of a reassembled PDU]"
"45198","34.825972102","192.168.1.2","192.168.1.55","TCP","66","36400  >  8004 [ACK] Seq=141 Ack=42182 Win=90112 Len=0 TSval=3045558679 TSecr=2916038899"
"45199","34.828105772","192.168.1.2","192.168.1.55","TCP","66","36400  >  8004 [ACK] Seq=141 Ack=45078 Win=88064 Len=0 TSval=3045558681 TSecr=2916038902"
"45200","34.828123402","192.168.1.55","192.168.1.2","TCP","1514","8004  >  36400 [ACK] Seq=97206 Ack=141 Win=65024 Len=1448 TSval=2916038908 TSecr=3045558681 [TCP segment of a reassembled PDU]"
"45201","34.828126383","192.168.1.55","192.168.1.2","TCP","1514","8004  >  36400 [ACK] Seq=98654 Ack=141 Win=65024 Len=1448 TSval=2916038908 TSecr=3045558681 [TCP segment of a reassembled PDU]"
"45202","34.828127513","192.168.1.55","192.168.1.2","TCP","1514","8004  >  36400 [ACK] Seq=100102 Ack=141 Win=65024 Len=1448 TSval=2916038908 TSecr=3045558681 [TCP segment of a reassembled PDU]"
"45203","34.828128735","192.168.1.55","192.168.1.2","TCP","1514","8004  >  36400 [ACK] Seq=101550 Ack=141 Win=65024 Len=1448 TSval=2916038908 TSecr=3045558681 [TCP segment of a reassembled PDU]"
"45204","34.828129846","192.168.1.55","192.168.1.2","TCP","1514","8004  >  36400 [ACK] Seq=102998 Ack=141 Win=65024 Len=1448 TSval=2916038908 TSecr=3045558681 [TCP segment of a reassembled PDU]"
"45205","34.828130994","192.168.1.55","192.168.1.2","TCP","1514","8004  >  36400 [PSH, ACK] Seq=104446 Ack=141 Win=65024 Len=1448 TSval=2916038908 TSecr=3045558681 [TCP segment of a reassembled PDU]"
"45206","34.828460717","192.168.1.2","192.168.1.55","TCP","66","36400  >  8004 [ACK] Seq=141 Ack=66798 Win=72704 Len=0 TSval=3045558681 TSecr=2916038902"
"45207","34.828477643","192.168.1.55","192.168.1.2","TCP","1514","8004  >  36400 [ACK] Seq=105894 Ack=141 Win=65024 Len=1448 TSval=2916038909 TSecr=3045558681 [TCP segment of a reassembled PDU]"
"45208","34.828479180","192.168.1.55","192.168.1.2","TCP","1514","8004  >  36400 [ACK] Seq=107342 Ack=141 Win=65024 Len=1448 TSval=2916038909 TSecr=3045558681 [TCP segment of a reassembled PDU]"
"45209","34.828480347","192.168.1.55","192.168.1.2","TCP","1514","8004  >  36400 [ACK] Seq=108790 Ack=141 Win=65024 Len=1448 TSval=2916038909 TSecr=3045558681 [TCP segment of a reassembled PDU]"
"45210","34.828481884","192.168.1.55","192.168.1.2","TCP","1514","8004  >  36400 [ACK] Seq=110238 Ack=141 Win=65024 Len=1448 TSval=2916038909 TSecr=3045558681 [TCP segment of a reassembled PDU]"
"45211","34.828483013","192.168.1.55","192.168.1.2","TCP","1514","8004  >  36400 [ACK] Seq=111686 Ack=141 Win=65024 Len=1448 TSval=2916038909 TSecr=3045558681 [TCP segment of a reassembled PDU]"
"45212","34.828484199","192.168.1.55","192.168.1.2","TCP","1514","8004  >  36400 [ACK] Seq=113134 Ack=141 Win=65024 Len=1448 TSval=2916038909 TSecr=3045558681 [TCP segment of a reassembled PDU]"
"45213","34.828485365","192.168.1.55","192.168.1.2","TCP","1514","8004  >  36400 [ACK] Seq=114582 Ack=141 Win=65024 Len=1448 TSval=2916038909 TSecr=3045558681 [TCP segment of a reassembled PDU]"
"45214","34.828486699","192.168.1.55","192.168.1.2","TCP","1514","8004  >  36400 [ACK] Seq=116030 Ack=141 Win=65024 Len=1448 TSval=2916038909 TSecr=3045558681 [TCP segment of a reassembled PDU]"
"45215","34.828487791","192.168.1.55","192.168.1.2","TCP","1514","8004  >  36400 [ACK] Seq=117478 Ack=141 Win=65024 Len=1448 TSval=2916038909 TSecr=3045558681 [TCP segment of a reassembled PDU]"
"45216","34.828488884","192.168.1.55","192.168.1.2","TCP","1514","8004  >  36400 [ACK] Seq=118926 Ack=141 Win=65024 Len=1448 TSval=2916038909 TSecr=3045558681 [TCP segment of a reassembled PDU]"
"45217","34.828490162","192.168.1.55","192.168.1.2","TCP","1514","8004  >  36400 [PSH, ACK] Seq=120374 Ack=141 Win=65024 Len=1448 TSval=2916038909 TSecr=3045558681 [TCP segment of a reassembled PDU]"
"45218","34.828495162","192.168.1.2","192.168.1.55","TCP","66","36400  >  8004 [ACK] Seq=141 Ack=76934 Win=63488 Len=0 TSval=3045558681 TSecr=2916038903"
"45219","34.828516588","192.168.1.55","192.168.1.2","TCP","1514","8004  >  36400 [ACK] Seq=121822 Ack=141 Win=65024 Len=1448 TSval=2916038909 TSecr=3045558681 [TCP segment of a reassembled PDU]"
"45220","34.828518125","192.168.1.55","192.168.1.2","TCP","1514","8004  >  36400 [ACK] Seq=123270 Ack=141 Win=65024 Len=1448 TSval=2916038909 TSecr=3045558681 [TCP segment of a reassembled PDU]"
"45221","34.828519217","192.168.1.55","192.168.1.2","TCP","1514","8004  >  36400 [ACK] Seq=124718 Ack=141 Win=65024 Len=1448 TSval=2916038909 TSecr=3045558681 [TCP segment of a reassembled PDU]"
"45222","34.828520347","192.168.1.55","192.168.1.2","TCP","1514","8004  >  36400 [ACK] Seq=126166 Ack=141 Win=65024 Len=1448 TSval=2916038909 TSecr=3045558681 [TCP segment of a reassembled PDU]"
"45223","34.828521569","192.168.1.55","192.168.1.2","TCP","1514","8004  >  36400 [ACK] Seq=127614 Ack=141 Win=65024 Len=1448 TSval=2916038909 TSecr=3045558681 [TCP segment of a reassembled PDU]"
"45224","34.828522680","192.168.1.55","192.168.1.2","TCP","1514","8004  >  36400 [ACK] Seq=129062 Ack=141 Win=65024 Len=1448 TSval=2916038909 TSecr=3045558681 [TCP segment of a reassembled PDU]"
"45225","34.828523847","192.168.1.55","192.168.1.2","TCP","1514","8004  >  36400 [ACK] Seq=130510 Ack=141 Win=65024 Len=1448 TSval=2916038909 TSecr=3045558681 [TCP segment of a reassembled PDU]"
"45226","34.828525014","192.168.1.55","192.168.1.2","TCP","1514","8004  >  36400 [ACK] Seq=131958 Ack=141 Win=65024 Len=1448 TSval=2916038909 TSecr=3045558681 [TCP segment of a reassembled PDU]"
"45227","34.828526439","192.168.1.55","192.168.1.2","TCP","1514","8004  >  36400 [ACK] Seq=133406 Ack=141 Win=65024 Len=1448 TSval=2916038909 TSecr=3045558681 [TCP segment of a reassembled PDU]"
"45228","34.828527588","192.168.1.55","192.168.1.2","TCP","1514","8004  >  36400 [ACK] Seq=134854 Ack=141 Win=65024 Len=1448 TSval=2916038909 TSecr=3045558681 [TCP segment of a reassembled PDU]"
"45229","34.828528680","192.168.1.55","192.168.1.2","TCP","1514","8004  >  36400 [ACK] Seq=136302 Ack=141 Win=65024 Len=1448 TSval=2916038909 TSecr=3045558681 [TCP segment of a reassembled PDU]"
"45230","34.828529736","192.168.1.55","192.168.1.2","TCP","1514","8004  >  36400 [ACK] Seq=137750 Ack=141 Win=65024 Len=1448 TSval=2916038909 TSecr=3045558681 [TCP segment of a reassembled PDU]"
"45231","34.828530847","192.168.1.55","192.168.1.2","TCP","1290","[TCP Window Full] 8004  >  36400 [PSH, ACK] Seq=139198 Ack=141 Win=65024 Len=1224 TSval=2916038909 TSecr=3045558681 [TCP segment of a reassembled PDU]"
"45232","34.834297356","192.168.1.2","192.168.1.55","TCP","66","36400  >  8004 [ACK] Seq=141 Ack=91414 Win=75776 Len=0 TSval=3045558684 TSecr=2916038906"
"45233","34.834318208","192.168.1.55","192.168.1.2","TCP","1514","8004  >  36400 [ACK] Seq=140422 Ack=141 Win=65024 Len=1448 TSval=2916038915 TSecr=3045558684 [TCP segment of a reassembled PDU]"
"45234","34.834320652","192.168.1.55","192.168.1.2","TCP","1514","8004  >  36400 [ACK] Seq=141870 Ack=141 Win=65024 Len=1448 TSval=2916038915 TSecr=3045558684 [TCP segment of a reassembled PDU]"
"45235","34.834321727","192.168.1.55","192.168.1.2","TCP","1514","8004  >  36400 [ACK] Seq=143318 Ack=141 Win=65024 Len=1448 TSval=2916038915 TSecr=3045558684 [TCP segment of a reassembled PDU]"
"45236","34.834322986","192.168.1.55","192.168.1.2","TCP","1514","8004  >  36400 [ACK] Seq=144766 Ack=141 Win=65024 Len=1448 TSval=2916038915 TSecr=3045558684 [TCP segment of a reassembled PDU]"
"45237","34.834324245","192.168.1.55","192.168.1.2","TCP","1514","8004  >  36400 [ACK] Seq=146214 Ack=141 Win=65024 Len=1448 TSval=2916038915 TSecr=3045558684 [TCP segment of a reassembled PDU]"
"45238","34.834325356","192.168.1.55","192.168.1.2","TCP","1514","8004  >  36400 [ACK] Seq=147662 Ack=141 Win=65024 Len=1448 TSval=2916038915 TSecr=3045558684 [TCP segment of a reassembled PDU]"
"45239","34.834326597","192.168.1.55","192.168.1.2","TCP","1514","8004  >  36400 [ACK] Seq=149110 Ack=141 Win=65024 Len=1448 TSval=2916038915 TSecr=3045558684 [TCP segment of a reassembled PDU]"
"45240","34.834327671","192.168.1.55","192.168.1.2","TCP","1514","8004  >  36400 [ACK] Seq=150558 Ack=141 Win=65024 Len=1448 TSval=2916038915 TSecr=3045558684 [TCP segment of a reassembled PDU]"
"45241","34.834328782","192.168.1.55","192.168.1.2","TCP","1514","8004  >  36400 [ACK] Seq=152006 Ack=141 Win=65024 Len=1448 TSval=2916038915 TSecr=3045558684 [TCP segment of a reassembled PDU]"
"45242","34.834330189","192.168.1.55","192.168.1.2","TCP","1514","8004  >  36400 [ACK] Seq=153454 Ack=141 Win=65024 Len=1448 TSval=2916038915 TSecr=3045558684 [TCP segment of a reassembled PDU]"
"45243","34.834331338","192.168.1.55","192.168.1.2","TCP","1514","8004  >  36400 [ACK] Seq=154902 Ack=141 Win=65024 Len=1448 TSval=2916038915 TSecr=3045558684 [TCP segment of a reassembled PDU]"
"45244","34.834332504","192.168.1.55","192.168.1.2","TCP","1514","8004  >  36400 [ACK] Seq=156350 Ack=141 Win=65024 Len=1448 TSval=2916038915 TSecr=3045558684 [TCP segment of a reassembled PDU]"
"45245","34.834333856","192.168.1.55","192.168.1.2","TCP","1514","8004  >  36400 [ACK] Seq=157798 Ack=141 Win=65024 Len=1448 TSval=2916038915 TSecr=3045558684 [TCP segment of a reassembled PDU]"
"45246","34.834335171","192.168.1.55","192.168.1.2","TCP","1514","8004  >  36400 [ACK] Seq=159246 Ack=141 Win=65024 Len=1448 TSval=2916038915 TSecr=3045558684 [TCP segment of a reassembled PDU]"
"45247","34.834336467","192.168.1.55","192.168.1.2","TCP","1514","8004  >  36400 [ACK] Seq=160694 Ack=141 Win=65024 Len=1448 TSval=2916038915 TSecr=3045558684 [TCP segment of a reassembled PDU]"
"45248","34.834337838","192.168.1.55","192.168.1.2","TCP","1514","8004  >  36400 [ACK] Seq=162142 Ack=141 Win=65024 Len=1448 TSval=2916038915 TSecr=3045558684 [TCP segment of a reassembled PDU]"
"45249","34.834338986","192.168.1.55","192.168.1.2","TCP","1514","8004  >  36400 [ACK] Seq=163590 Ack=141 Win=65024 Len=1448 TSval=2916038915 TSecr=3045558684 [TCP segment of a reassembled PDU]"
"45250","34.834340208","192.168.1.55","192.168.1.2","TCP","1514","8004  >  36400 [PSH, ACK] Seq=165038 Ack=141 Win=65024 Len=1448 TSval=2916038915 TSecr=3045558684 [TCP segment of a reassembled PDU]"
"45251","34.834345449","192.168.1.55","192.168.1.2","TCP","290","8004  >  36400 [ACK] Seq=166486 Ack=141 Win=65024 Len=224 TSval=2916038915 TSecr=3045558684 [TCP segment of a reassembled PDU]"
"45252","34.835093765","192.168.1.2","192.168.1.55","TCP","66","36400  >  8004 [ACK] Seq=141 Ack=97206 Win=86016 Len=0 TSval=3045558685 TSecr=2916038906"
"45253","34.835104783","192.168.1.2","192.168.1.55","TCP","66","36400  >  8004 [ACK] Seq=141 Ack=100102 Win=89088 Len=0 TSval=3045558685 TSecr=2916038908"
"45254","34.835110617","192.168.1.2","192.168.1.55","TCP","66","36400  >  8004 [ACK] Seq=141 Ack=105894 Win=86016 Len=0 TSval=3045558687 TSecr=2916038908"
"45255","34.835159561","192.168.1.2","192.168.1.55","TCP","66","36400  >  8004 [ACK] Seq=141 Ack=121822 Win=92160 Len=0 TSval=3045558687 TSecr=2916038909"
"45256","34.835193765","192.168.1.55","192.168.1.2","TCP","1514","8004  >  36400 [ACK] Seq=166710 Ack=141 Win=65024 Len=1448 TSval=2916038915 TSecr=3045558687 [TCP segment of a reassembled PDU]"
"45257","34.835196006","192.168.1.55","192.168.1.2","TCP","1514","8004  >  36400 [ACK] Seq=168158 Ack=141 Win=65024 Len=1448 TSval=2916038915 TSecr=3045558687 [TCP segment of a reassembled PDU]"
"45258","34.835197246","192.168.1.55","192.168.1.2","TCP","1514","8004  >  36400 [ACK] Seq=169606 Ack=141 Win=65024 Len=1448 TSval=2916038915 TSecr=3045558687 [TCP segment of a reassembled PDU]"
"45259","34.835198450","192.168.1.55","192.168.1.2","TCP","1514","8004  >  36400 [ACK] Seq=171054 Ack=141 Win=65024 Len=1448 TSval=2916038915 TSecr=3045558687 [TCP segment of a reassembled PDU]"
"45260","34.835199654","192.168.1.55","192.168.1.2","TCP","1514","8004  >  36400 [ACK] Seq=172502 Ack=141 Win=65024 Len=1448 TSval=2916038915 TSecr=3045558687 [TCP segment of a reassembled PDU]"
"45261","34.835201006","192.168.1.55","192.168.1.2","TCP","1514","8004  >  36400 [ACK] Seq=173950 Ack=141 Win=65024 Len=1448 TSval=2916038915 TSecr=3045558687 [TCP segment of a reassembled PDU]"
"45262","34.835202191","192.168.1.55","192.168.1.2","TCP","1514","8004  >  36400 [ACK] Seq=175398 Ack=141 Win=65024 Len=1448 TSval=2916038915 TSecr=3045558687 [TCP segment of a reassembled PDU]"
"45263","34.835203302","192.168.1.55","192.168.1.2","TCP","1514","8004  >  36400 [ACK] Seq=176846 Ack=141 Win=65024 Len=1448 TSval=2916038915 TSecr=3045558687 [TCP segment of a reassembled PDU]"
"45264","34.835204487","192.168.1.55","192.168.1.2","TCP","1514","8004  >  36400 [ACK] Seq=178294 Ack=141 Win=65024 Len=1448 TSval=2916038915 TSecr=3045558687 [TCP segment of a reassembled PDU]"
"45265","34.835205691","192.168.1.55","192.168.1.2","TCP","1514","8004  >  36400 [ACK] Seq=179742 Ack=141 Win=65024 Len=1448 TSval=2916038915 TSecr=3045558687 [TCP segment of a reassembled PDU]"
"45266","34.835206839","192.168.1.55","192.168.1.2","TCP","1514","8004  >  36400 [ACK] Seq=181190 Ack=141 Win=65024 Len=1448 TSval=2916038915 TSecr=3045558687 [TCP segment of a reassembled PDU]"
"45267","34.835207987","192.168.1.55","192.168.1.2","TCP","1514","8004  >  36400 [ACK] Seq=182638 Ack=141 Win=65024 Len=1448 TSval=2916038915 TSecr=3045558687 [TCP segment of a reassembled PDU]"
"45268","34.835209506","192.168.1.55","192.168.1.2","TCP","1514","8004  >  36400 [ACK] Seq=184086 Ack=141 Win=65024 Len=1448 TSval=2916038915 TSecr=3045558687 [TCP segment of a reassembled PDU]"
"45269","34.835210691","192.168.1.55","192.168.1.2","TCP","1514","8004  >  36400 [ACK] Seq=185534 Ack=141 Win=65024 Len=1448 TSval=2916038915 TSecr=3045558687 [TCP segment of a reassembled PDU]"
"45270","34.835211895","192.168.1.55","192.168.1.2","TCP","1514","8004  >  36400 [ACK] Seq=186982 Ack=141 Win=65024 Len=1448 TSval=2916038915 TSecr=3045558687 [TCP segment of a reassembled PDU]"
"45271","34.835213043","192.168.1.55","192.168.1.2","TCP","1514","8004  >  36400 [ACK] Seq=188430 Ack=141 Win=65024 Len=1448 TSval=2916038915 TSecr=3045558687 [TCP segment of a reassembled PDU]"
"45272","34.835214302","192.168.1.55","192.168.1.2","TCP","1514","8004  >  36400 [ACK] Seq=189878 Ack=141 Win=65024 Len=1448 TSval=2916038915 TSecr=3045558687 [TCP segment of a reassembled PDU]"
"45273","34.835215506","192.168.1.55","192.168.1.2","TCP","1514","8004  >  36400 [ACK] Seq=191326 Ack=141 Win=65024 Len=1448 TSval=2916038915 TSecr=3045558687 [TCP segment of a reassembled PDU]"
"45274","34.835216691","192.168.1.55","192.168.1.2","TCP","1514","8004  >  36400 [ACK] Seq=192774 Ack=141 Win=65024 Len=1448 TSval=2916038915 TSecr=3045558687 [TCP segment of a reassembled PDU]"
"45275","34.835217821","192.168.1.55","192.168.1.2","TCP","1514","8004  >  36400 [ACK] Seq=194222 Ack=141 Win=65024 Len=1448 TSval=2916038915 TSecr=3045558687 [TCP segment of a reassembled PDU]"
"45276","34.835219117","192.168.1.55","192.168.1.2","TCP","1514","8004  >  36400 [ACK] Seq=195670 Ack=141 Win=65024 Len=1448 TSval=2916038915 TSecr=3045558687 [TCP segment of a reassembled PDU]"
"45277","34.835220302","192.168.1.55","192.168.1.2","TCP","1514","8004  >  36400 [ACK] Seq=197118 Ack=141 Win=65024 Len=1448 TSval=2916038915 TSecr=3045558687 [TCP segment of a reassembled PDU]"
"45278","34.835221561","192.168.1.55","192.168.1.2","TCP","1514","8004  >  36400 [ACK] Seq=198566 Ack=141 Win=65024 Len=1448 TSval=2916038915 TSecr=3045558687 [TCP segment of a reassembled PDU]"
"45279","34.835222765","192.168.1.55","192.168.1.2","TCP","1514","8004  >  36400 [ACK] Seq=200014 Ack=141 Win=65024 Len=1448 TSval=2916038915 TSecr=3045558687 [TCP segment of a reassembled PDU]"
"45280","34.835223895","192.168.1.55","192.168.1.2","TCP","1514","8004  >  36400 [ACK] Seq=201462 Ack=141 Win=65024 Len=1448 TSval=2916038915 TSecr=3045558687 [TCP segment of a reassembled PDU]"
"45281","34.835225043","192.168.1.55","192.168.1.2","TCP","1514","8004  >  36400 [ACK] Seq=202910 Ack=141 Win=65024 Len=1448 TSval=2916038915 TSecr=3045558687 [TCP segment of a reassembled PDU]"
"45282","34.835231154","192.168.1.55","192.168.1.2","TCP","1514","8004  >  36400 [ACK] Seq=204358 Ack=141 Win=65024 Len=1448 TSval=2916038915 TSecr=3045558687 [TCP segment of a reassembled PDU]"
"45283","34.835232654","192.168.1.55","192.168.1.2","TCP","1514","8004  >  36400 [ACK] Seq=205806 Ack=141 Win=65024 Len=1448 TSval=2916038915 TSecr=3045558687 [TCP segment of a reassembled PDU]"
"45284","34.835233895","192.168.1.55","192.168.1.2","TCP","1514","8004  >  36400 [ACK] Seq=207254 Ack=141 Win=65024 Len=1448 TSval=2916038915 TSecr=3045558687 [TCP segment of a reassembled PDU]"
"45285","34.835235024","192.168.1.55","192.168.1.2","TCP","1514","8004  >  36400 [ACK] Seq=208702 Ack=141 Win=65024 Len=1448 TSval=2916038915 TSecr=3045558687 [TCP segment of a reassembled PDU]"
"45286","34.835236228","192.168.1.55","192.168.1.2","TCP","1514","8004  >  36400 [PSH, ACK] Seq=210150 Ack=141 Win=65024 Len=1448 TSval=2916038915 TSecr=3045558687 [TCP segment of a reassembled PDU]"
"45287","34.835241302","192.168.1.2","192.168.1.55","TCP","66","36400  >  8004 [ACK] Seq=141 Ack=127614 Win=96256 Len=0 TSval=3045558687 TSecr=2916038909"
"45288","34.838430066","192.168.1.2","192.168.1.55","TCP","66","36400  >  8004 [ACK] Seq=141 Ack=140422 Win=108544 Len=0 TSval=3045558690 TSecr=2916038909"
"45289","34.838478085","192.168.1.55","192.168.1.2","TCP","1514","8004  >  36400 [ACK] Seq=211598 Ack=141 Win=65024 Len=1448 TSval=2916038919 TSecr=3045558690 [TCP segment of a reassembled PDU]"
"45290","34.838482066","192.168.1.55","192.168.1.2","TCP","1514","8004  >  36400 [ACK] Seq=213046 Ack=141 Win=65024 Len=1448 TSval=2916038919 TSecr=3045558690 [TCP segment of a reassembled PDU]"
"45291","34.838484067","192.168.1.55","192.168.1.2","TCP","1514","8004  >  36400 [ACK] Seq=214494 Ack=141 Win=65024 Len=1448 TSval=2916038919 TSecr=3045558690 [TCP segment of a reassembled PDU]"
"45292","34.838485678","192.168.1.55","192.168.1.2","TCP","1514","8004  >  36400 [ACK] Seq=215942 Ack=141 Win=65024 Len=1448 TSval=2916038919 TSecr=3045558690 [TCP segment of a reassembled PDU]"
"45293","34.838487233","192.168.1.55","192.168.1.2","TCP","1514","8004  >  36400 [ACK] Seq=217390 Ack=141 Win=65024 Len=1448 TSval=2916038919 TSecr=3045558690 [TCP segment of a reassembled PDU]"
"45294","34.838488715","192.168.1.55","192.168.1.2","TCP","1514","8004  >  36400 [ACK] Seq=218838 Ack=141 Win=65024 Len=1448 TSval=2916038919 TSecr=3045558690 [TCP segment of a reassembled PDU]"
"45295","34.838490196","192.168.1.55","192.168.1.2","TCP","1514","8004  >  36400 [ACK] Seq=220286 Ack=141 Win=65024 Len=1448 TSval=2916038919 TSecr=3045558690 [TCP segment of a reassembled PDU]"
"45296","34.838491900","192.168.1.55","192.168.1.2","TCP","1514","8004  >  36400 [ACK] Seq=221734 Ack=141 Win=65024 Len=1448 TSval=2916038919 TSecr=3045558690 [TCP segment of a reassembled PDU]"
"45297","34.838493381","192.168.1.55","192.168.1.2","TCP","1514","8004  >  36400 [ACK] Seq=223182 Ack=141 Win=65024 Len=1448 TSval=2916038919 TSecr=3045558690 [TCP segment of a reassembled PDU]"
"45298","34.838494789","192.168.1.55","192.168.1.2","TCP","1514","8004  >  36400 [ACK] Seq=224630 Ack=141 Win=65024 Len=1448 TSval=2916038919 TSecr=3045558690 [TCP segment of a reassembled PDU]"
"45299","34.838496289","192.168.1.55","192.168.1.2","TCP","1514","8004  >  36400 [ACK] Seq=226078 Ack=141 Win=65024 Len=1448 TSval=2916038919 TSecr=3045558690 [TCP segment of a reassembled PDU]"
"45300","34.838497715","192.168.1.55","192.168.1.2","TCP","1514","8004  >  36400 [ACK] Seq=227526 Ack=141 Win=65024 Len=1448 TSval=2916038919 TSecr=3045558690 [TCP segment of a reassembled PDU]"
"45301","34.838499529","192.168.1.55","192.168.1.2","TCP","1514","8004  >  36400 [ACK] Seq=228974 Ack=141 Win=65024 Len=1448 TSval=2916038919 TSecr=3045558690 [TCP segment of a reassembled PDU]"
"45302","34.838501048","192.168.1.55","192.168.1.2","TCP","1514","8004  >  36400 [ACK] Seq=230422 Ack=141 Win=65024 Len=1448 TSval=2916038919 TSecr=3045558690 [TCP segment of a reassembled PDU]"
"45303","34.838502529","192.168.1.55","192.168.1.2","TCP","1514","8004  >  36400 [ACK] Seq=231870 Ack=141 Win=65024 Len=1448 TSval=2916038919 TSecr=3045558690 [TCP segment of a reassembled PDU]"
"45304","34.838504141","192.168.1.55","192.168.1.2","TCP","1514","8004  >  36400 [ACK] Seq=233318 Ack=141 Win=65024 Len=1448 TSval=2916038919 TSecr=3045558690 [TCP segment of a reassembled PDU]"
"45305","34.838505548","192.168.1.55","192.168.1.2","TCP","1514","8004  >  36400 [ACK] Seq=234766 Ack=141 Win=65024 Len=1448 TSval=2916038919 TSecr=3045558690 [TCP segment of a reassembled PDU]"
"45306","34.838507344","192.168.1.55","192.168.1.2","TCP","1514","8004  >  36400 [ACK] Seq=236214 Ack=141 Win=65024 Len=1448 TSval=2916038919 TSecr=3045558690 [TCP segment of a reassembled PDU]"
"45307","34.838508789","192.168.1.55","192.168.1.2","TCP","1514","8004  >  36400 [ACK] Seq=237662 Ack=141 Win=65024 Len=1448 TSval=2916038919 TSecr=3045558690 [TCP segment of a reassembled PDU]"
"45308","34.838510307","192.168.1.55","192.168.1.2","TCP","1514","8004  >  36400 [ACK] Seq=239110 Ack=141 Win=65024 Len=1448 TSval=2916038919 TSecr=3045558690 [TCP segment of a reassembled PDU]"
"45309","34.838512030","192.168.1.55","192.168.1.2","TCP","1514","8004  >  36400 [ACK] Seq=240558 Ack=141 Win=65024 Len=1448 TSval=2916038919 TSecr=3045558690 [TCP segment of a reassembled PDU]"
"45310","34.838513492","192.168.1.55","192.168.1.2","TCP","1514","8004  >  36400 [ACK] Seq=242006 Ack=141 Win=65024 Len=1448 TSval=2916038919 TSecr=3045558690 [TCP segment of a reassembled PDU]"
"45311","34.838515270","192.168.1.55","192.168.1.2","TCP","1514","8004  >  36400 [ACK] Seq=243454 Ack=141 Win=65024 Len=1448 TSval=2916038919 TSecr=3045558690 [TCP segment of a reassembled PDU]"
"45312","34.838516752","192.168.1.55","192.168.1.2","TCP","1514","8004  >  36400 [ACK] Seq=244902 Ack=141 Win=65024 Len=1448 TSval=2916038919 TSecr=3045558690 [TCP segment of a reassembled PDU]"
"45313","34.838518178","192.168.1.55","192.168.1.2","TCP","1514","8004  >  36400 [PSH, ACK] Seq=246350 Ack=141 Win=65024 Len=1448 TSval=2916038919 TSecr=3045558690 [TCP segment of a reassembled PDU]"
"45314","34.839757809","192.168.1.2","192.168.1.55","TCP","66","36400  >  8004 [ACK] Seq=141 Ack=166486 Win=95232 Len=0 TSval=3045558692 TSecr=2916038915"
"45315","34.839780050","192.168.1.55","192.168.1.2","TCP","1514","8004  >  36400 [ACK] Seq=247798 Ack=141 Win=65024 Len=1448 TSval=2916038920 TSecr=3045558692 [TCP segment of a reassembled PDU]"
"45316","34.839782124","192.168.1.55","192.168.1.2","TCP","1514","8004  >  36400 [ACK] Seq=249246 Ack=141 Win=65024 Len=1448 TSval=2916038920 TSecr=3045558692 [TCP segment of a reassembled PDU]"
"45317","34.839783587","192.168.1.55","192.168.1.2","TCP","1514","8004  >  36400 [ACK] Seq=250694 Ack=141 Win=65024 Len=1448 TSval=2916038920 TSecr=3045558692 [TCP segment of a reassembled PDU]"
"45318","34.839784939","192.168.1.55","192.168.1.2","TCP","1514","8004  >  36400 [ACK] Seq=252142 Ack=141 Win=65024 Len=1448 TSval=2916038920 TSecr=3045558692 [TCP segment of a reassembled PDU]"
"45319","34.839786513","192.168.1.55","192.168.1.2","TCP","1514","8004  >  36400 [ACK] Seq=253590 Ack=141 Win=65024 Len=1448 TSval=2916038920 TSecr=3045558692 [TCP segment of a reassembled PDU]"
"45320","34.839788013","192.168.1.55","192.168.1.2","TCP","1514","8004  >  36400 [PSH, ACK] Seq=255038 Ack=141 Win=65024 Len=1448 TSval=2916038920 TSecr=3045558692 [TCP segment of a reassembled PDU]"
"45321","34.839819476","192.168.1.2","192.168.1.55","TCP","66","36400  >  8004 [ACK] Seq=141 Ack=166710 Win=95232 Len=0 TSval=3045558692 TSecr=2916038915"
"45322","34.842860111","192.168.1.2","192.168.1.55","TCP","66","36400  >  8004 [ACK] Seq=141 Ack=173950 Win=112640 Len=0 TSval=3045558695 TSecr=2916038915"
"45323","34.842893129","192.168.1.55","192.168.1.2","TCP","1514","8004  >  36400 [ACK] Seq=256486 Ack=141 Win=65024 Len=1448 TSval=2916038923 TSecr=3045558695 [TCP segment of a reassembled PDU]"
"45324","34.842896333","192.168.1.55","192.168.1.2","TCP","1514","8004  >  36400 [ACK] Seq=257934 Ack=141 Win=65024 Len=1448 TSval=2916038923 TSecr=3045558695 [TCP segment of a reassembled PDU]"
"45325","34.842897740","192.168.1.55","192.168.1.2","TCP","1514","8004  >  36400 [ACK] Seq=259382 Ack=141 Win=65024 Len=1448 TSval=2916038923 TSecr=3045558695 [TCP segment of a reassembled PDU]"
"45326","34.842899203","192.168.1.55","192.168.1.2","TCP","1514","8004  >  36400 [ACK] Seq=260830 Ack=141 Win=65024 Len=1448 TSval=2916038923 TSecr=3045558695 [TCP segment of a reassembled PDU]"
"45327","34.842900666","192.168.1.55","192.168.1.2","TCP","1514","8004  >  36400 [ACK] Seq=262278 Ack=141 Win=65024 Len=1448 TSval=2916038923 TSecr=3045558695 [TCP segment of a reassembled PDU]"
"45328","34.842902018","192.168.1.55","192.168.1.2","TCP","1514","8004  >  36400 [ACK] Seq=263726 Ack=141 Win=65024 Len=1448 TSval=2916038923 TSecr=3045558695 [TCP segment of a reassembled PDU]"
"45329","34.842903444","192.168.1.55","192.168.1.2","TCP","1514","8004  >  36400 [ACK] Seq=265174 Ack=141 Win=65024 Len=1448 TSval=2916038923 TSecr=3045558695 [TCP segment of a reassembled PDU]"
"45330","34.842904870","192.168.1.55","192.168.1.2","TCP","1514","8004  >  36400 [ACK] Seq=266622 Ack=141 Win=65024 Len=1448 TSval=2916038923 TSecr=3045558695 [TCP segment of a reassembled PDU]"
"45331","34.842906259","192.168.1.55","192.168.1.2","TCP","1514","8004  >  36400 [ACK] Seq=268070 Ack=141 Win=65024 Len=1448 TSval=2916038923 TSecr=3045558695 [TCP segment of a reassembled PDU]"
"45332","34.842907814","192.168.1.55","192.168.1.2","TCP","1514","8004  >  36400 [ACK] Seq=269518 Ack=141 Win=65024 Len=1448 TSval=2916038923 TSecr=3045558695 [TCP segment of a reassembled PDU]"
"45333","34.842909222","192.168.1.55","192.168.1.2","TCP","1514","8004  >  36400 [ACK] Seq=270966 Ack=141 Win=65024 Len=1448 TSval=2916038923 TSecr=3045558695 [TCP segment of a reassembled PDU]"
"45334","34.842910722","192.168.1.55","192.168.1.2","TCP","1514","8004  >  36400 [ACK] Seq=272414 Ack=141 Win=65024 Len=1448 TSval=2916038923 TSecr=3045558695 [TCP segment of a reassembled PDU]"
"45335","34.842912370","192.168.1.55","192.168.1.2","TCP","1514","8004  >  36400 [ACK] Seq=273862 Ack=141 Win=65024 Len=1448 TSval=2916038923 TSecr=3045558695 [TCP segment of a reassembled PDU]"
"45336","34.842913833","192.168.1.55","192.168.1.2","TCP","1514","8004  >  36400 [ACK] Seq=275310 Ack=141 Win=65024 Len=1448 TSval=2916038923 TSecr=3045558695 [TCP segment of a reassembled PDU]"
"45337","34.842915314","192.168.1.55","192.168.1.2","TCP","1514","8004  >  36400 [ACK] Seq=276758 Ack=141 Win=65024 Len=1448 TSval=2916038923 TSecr=3045558695 [TCP segment of a reassembled PDU]"
"45338","34.842916722","192.168.1.55","192.168.1.2","TCP","1514","8004  >  36400 [ACK] Seq=278206 Ack=141 Win=65024 Len=1448 TSval=2916038923 TSecr=3045558695 [TCP segment of a reassembled PDU]"
"45339","34.842918185","192.168.1.55","192.168.1.2","TCP","1514","8004  >  36400 [ACK] Seq=279654 Ack=141 Win=65024 Len=1448 TSval=2916038923 TSecr=3045558695 [TCP segment of a reassembled PDU]"
"45340","34.842919722","192.168.1.55","192.168.1.2","TCP","1514","8004  >  36400 [ACK] Seq=281102 Ack=141 Win=65024 Len=1448 TSval=2916038923 TSecr=3045558695 [TCP segment of a reassembled PDU]"
"45341","34.842921185","192.168.1.55","192.168.1.2","TCP","1514","8004  >  36400 [ACK] Seq=282550 Ack=141 Win=65024 Len=1448 TSval=2916038923 TSecr=3045558695 [TCP segment of a reassembled PDU]"
"45342","34.842922648","192.168.1.55","192.168.1.2","TCP","1514","8004  >  36400 [ACK] Seq=283998 Ack=141 Win=65024 Len=1448 TSval=2916038923 TSecr=3045558695 [TCP segment of a reassembled PDU]"
"45343","34.842924129","192.168.1.55","192.168.1.2","TCP","1210","[TCP Window Full] 8004  >  36400 [PSH, ACK] Seq=285446 Ack=141 Win=65024 Len=1144 TSval=2916038923 TSecr=3045558695 [TCP segment of a reassembled PDU]"
"45344","34.842960703","192.168.1.2","192.168.1.55","TCP","66","36400  >  8004 [ACK] Seq=141 Ack=197118 Win=91136 Len=0 TSval=3045558695 TSecr=2916038915"
"45345","34.846672691","192.168.1.2","192.168.1.55","TCP","66","36400  >  8004 [ACK] Seq=141 Ack=204358 Win=112640 Len=0 TSval=3045558698 TSecr=2916038915"
"45346","34.846693228","192.168.1.55","192.168.1.2","TCP","1514","8004  >  36400 [ACK] Seq=286590 Ack=141 Win=65024 Len=1448 TSval=2916038927 TSecr=3045558698 [TCP segment of a reassembled PDU]"
"45347","34.846696154","192.168.1.55","192.168.1.2","TCP","1514","8004  >  36400 [ACK] Seq=288038 Ack=141 Win=65024 Len=1448 TSval=2916038927 TSecr=3045558698 [TCP segment of a reassembled PDU]"
"45348","34.846697617","192.168.1.55","192.168.1.2","TCP","1514","8004  >  36400 [ACK] Seq=289486 Ack=141 Win=65024 Len=1448 TSval=2916038927 TSecr=3045558698 [TCP segment of a reassembled PDU]"
"45349","34.846699172","192.168.1.55","192.168.1.2","TCP","1514","8004  >  36400 [ACK] Seq=290934 Ack=141 Win=65024 Len=1448 TSval=2916038927 TSecr=3045558698 [TCP segment of a reassembled PDU]"
"45350","34.846700654","192.168.1.55","192.168.1.2","TCP","1514","8004  >  36400 [ACK] Seq=292382 Ack=141 Win=65024 Len=1448 TSval=2916038927 TSecr=3045558698 [TCP segment of a reassembled PDU]"
"45351","34.846702024","192.168.1.55","192.168.1.2","TCP","1514","8004  >  36400 [ACK] Seq=293830 Ack=141 Win=65024 Len=1448 TSval=2916038927 TSecr=3045558698 [TCP segment of a reassembled PDU]"
"45352","34.846703580","192.168.1.55","192.168.1.2","TCP","1514","8004  >  36400 [ACK] Seq=295278 Ack=141 Win=65024 Len=1448 TSval=2916038927 TSecr=3045558698 [TCP segment of a reassembled PDU]"
"45353","34.846705043","192.168.1.55","192.168.1.2","TCP","1514","8004  >  36400 [ACK] Seq=296726 Ack=141 Win=65024 Len=1448 TSval=2916038927 TSecr=3045558698 [TCP segment of a reassembled PDU]"
"45354","34.846706506","192.168.1.55","192.168.1.2","TCP","1514","8004  >  36400 [ACK] Seq=298174 Ack=141 Win=65024 Len=1448 TSval=2916038927 TSecr=3045558698 [TCP segment of a reassembled PDU]"
"45355","34.846707950","192.168.1.55","192.168.1.2","TCP","1514","8004  >  36400 [PSH, ACK] Seq=299622 Ack=141 Win=65024 Len=1448 TSval=2916038927 TSecr=3045558698 [TCP segment of a reassembled PDU]"
"45356","34.846714043","192.168.1.55","192.168.1.2","TCP","370","8004  >  36400 [ACK] Seq=301070 Ack=141 Win=65024 Len=304 TSval=2916038927 TSecr=3045558698 [TCP segment of a reassembled PDU]"
"45357","34.846795524","192.168.1.2","192.168.1.55","TCP","66","36400  >  8004 [ACK] Seq=141 Ack=211598 Win=114688 Len=0 TSval=3045558698 TSecr=2916038915"
"45358","34.846804413","192.168.1.2","192.168.1.55","TCP","66","36400  >  8004 [ACK] Seq=141 Ack=246350 Win=88064 Len=0 TSval=3045558699 TSecr=2916038919"
"45359","34.846836969","192.168.1.55","192.168.1.2","TCP","1514","8004  >  36400 [ACK] Seq=301374 Ack=141 Win=65024 Len=1448 TSval=2916038927 TSecr=3045558699 [TCP segment of a reassembled PDU]"
"45360","34.846839154","192.168.1.55","192.168.1.2","TCP","1514","8004  >  36400 [ACK] Seq=302822 Ack=141 Win=65024 Len=1448 TSval=2916038927 TSecr=3045558699 [TCP segment of a reassembled PDU]"
"45361","34.846840506","192.168.1.55","192.168.1.2","TCP","1514","8004  >  36400 [ACK] Seq=304270 Ack=141 Win=65024 Len=1448 TSval=2916038927 TSecr=3045558699 [TCP segment of a reassembled PDU]"
"45362","34.846841969","192.168.1.55","192.168.1.2","TCP","1514","8004  >  36400 [ACK] Seq=305718 Ack=141 Win=65024 Len=1448 TSval=2916038927 TSecr=3045558699 [TCP segment of a reassembled PDU]"
"45363","34.846843358","192.168.1.55","192.168.1.2","TCP","1514","8004  >  36400 [ACK] Seq=307166 Ack=141 Win=65024 Len=1448 TSval=2916038927 TSecr=3045558699 [TCP segment of a reassembled PDU]"
"45364","34.846844932","192.168.1.55","192.168.1.2","TCP","1514","8004  >  36400 [ACK] Seq=308614 Ack=141 Win=65024 Len=1448 TSval=2916038927 TSecr=3045558699 [TCP segment of a reassembled PDU]"
"45365","34.846846672","192.168.1.55","192.168.1.2","TCP","1514","8004  >  36400 [ACK] Seq=310062 Ack=141 Win=65024 Len=1448 TSval=2916038927 TSecr=3045558699 [TCP segment of a reassembled PDU]"
"45366","34.846848154","192.168.1.55","192.168.1.2","TCP","1514","8004  >  36400 [ACK] Seq=311510 Ack=141 Win=65024 Len=1448 TSval=2916038927 TSecr=3045558699 [TCP segment of a reassembled PDU]"
"45367","34.846849617","192.168.1.55","192.168.1.2","TCP","1514","8004  >  36400 [ACK] Seq=312958 Ack=141 Win=65024 Len=1448 TSval=2916038927 TSecr=3045558699 [TCP segment of a reassembled PDU]"
"45368","34.846850987","192.168.1.55","192.168.1.2","TCP","1514","8004  >  36400 [ACK] Seq=314406 Ack=141 Win=65024 Len=1448 TSval=2916038927 TSecr=3045558699 [TCP segment of a reassembled PDU]"
"45369","34.846852654","192.168.1.55","192.168.1.2","TCP","1514","8004  >  36400 [ACK] Seq=315854 Ack=141 Win=65024 Len=1448 TSval=2916038927 TSecr=3045558699 [TCP segment of a reassembled PDU]"
"45370","34.846854321","192.168.1.55","192.168.1.2","TCP","1514","8004  >  36400 [ACK] Seq=317302 Ack=141 Win=65024 Len=1448 TSval=2916038927 TSecr=3045558699 [TCP segment of a reassembled PDU]"
"45371","34.846855858","192.168.1.55","192.168.1.2","TCP","1514","8004  >  36400 [ACK] Seq=318750 Ack=141 Win=65024 Len=1448 TSval=2916038927 TSecr=3045558699 [TCP segment of a reassembled PDU]"
"45372","34.846857450","192.168.1.55","192.168.1.2","TCP","1514","8004  >  36400 [ACK] Seq=320198 Ack=141 Win=65024 Len=1448 TSval=2916038927 TSecr=3045558699 [TCP segment of a reassembled PDU]"
"45373","34.846858987","192.168.1.55","192.168.1.2","TCP","1514","8004  >  36400 [ACK] Seq=321646 Ack=141 Win=65024 Len=1448 TSval=2916038927 TSecr=3045558699 [TCP segment of a reassembled PDU]"
"45374","34.846860376","192.168.1.55","192.168.1.2","TCP","1514","8004  >  36400 [ACK] Seq=323094 Ack=141 Win=65024 Len=1448 TSval=2916038927 TSecr=3045558699 [TCP segment of a reassembled PDU]"
"45375","34.846862098","192.168.1.55","192.168.1.2","TCP","1514","8004  >  36400 [ACK] Seq=324542 Ack=141 Win=65024 Len=1448 TSval=2916038927 TSecr=3045558699 [TCP segment of a reassembled PDU]"
"45376","34.846863487","192.168.1.55","192.168.1.2","TCP","1514","8004  >  36400 [ACK] Seq=325990 Ack=141 Win=65024 Len=1448 TSval=2916038927 TSecr=3045558699 [TCP segment of a reassembled PDU]"
"45377","34.846864932","192.168.1.55","192.168.1.2","TCP","1514","8004  >  36400 [ACK] Seq=327438 Ack=141 Win=65024 Len=1448 TSval=2916038927 TSecr=3045558699 [TCP segment of a reassembled PDU]"
"45378","34.846866598","192.168.1.55","192.168.1.2","TCP","1514","8004  >  36400 [ACK] Seq=328886 Ack=141 Win=65024 Len=1448 TSval=2916038927 TSecr=3045558699 [TCP segment of a reassembled PDU]"
"45379","34.846868043","192.168.1.55","192.168.1.2","TCP","1514","8004  >  36400 [ACK] Seq=330334 Ack=141 Win=65024 Len=1448 TSval=2916038927 TSecr=3045558699 [TCP segment of a reassembled PDU]"
"45380","34.846869710","192.168.1.55","192.168.1.2","TCP","1514","8004  >  36400 [PSH, ACK] Seq=331782 Ack=141 Win=65024 Len=1448 TSval=2916038927 TSecr=3045558699 [TCP segment of a reassembled PDU]"
"45381","34.850333067","192.168.1.2","192.168.1.55","TCP","66","36400  >  8004 [ACK] Seq=141 Ack=247798 Win=117760 Len=0 TSval=3045558702 TSecr=2916038919"
"45382","34.850353641","192.168.1.55","192.168.1.2","TCP","1514","8004  >  36400 [ACK] Seq=333230 Ack=141 Win=65024 Len=1448 TSval=2916038931 TSecr=3045558702 [TCP segment of a reassembled PDU]"
"45383","34.850355863","192.168.1.55","192.168.1.2","TCP","1514","8004  >  36400 [ACK] Seq=334678 Ack=141 Win=65024 Len=1448 TSval=2916038931 TSecr=3045558702 [TCP segment of a reassembled PDU]"
"45384","34.850356845","192.168.1.55","192.168.1.2","TCP","1514","8004  >  36400 [ACK] Seq=336126 Ack=141 Win=65024 Len=1448 TSval=2916038931 TSecr=3045558702 [TCP segment of a reassembled PDU]"
"45385","34.850357771","192.168.1.55","192.168.1.2","TCP","1514","8004  >  36400 [ACK] Seq=337574 Ack=141 Win=65024 Len=1448 TSval=2916038931 TSecr=3045558702 [TCP segment of a reassembled PDU]"
"45386","34.850358771","192.168.1.55","192.168.1.2","TCP","1514","8004  >  36400 [ACK] Seq=339022 Ack=141 Win=65024 Len=1448 TSval=2916038931 TSecr=3045558702 [TCP segment of a reassembled PDU]"
"45387","34.850359734","192.168.1.55","192.168.1.2","TCP","1514","8004  >  36400 [ACK] Seq=340470 Ack=141 Win=65024 Len=1448 TSval=2916038931 TSecr=3045558702 [TCP segment of a reassembled PDU]"
"45388","34.850360660","192.168.1.55","192.168.1.2","TCP","1514","8004  >  36400 [ACK] Seq=341918 Ack=141 Win=65024 Len=1448 TSval=2916038931 TSecr=3045558702 [TCP segment of a reassembled PDU]"
"45389","34.850361641","192.168.1.55","192.168.1.2","TCP","1514","8004  >  36400 [ACK] Seq=343366 Ack=141 Win=65024 Len=1448 TSval=2916038931 TSecr=3045558702 [TCP segment of a reassembled PDU]"
"45390","34.850362660","192.168.1.55","192.168.1.2","TCP","1514","8004  >  36400 [PSH, ACK] Seq=344814 Ack=141 Win=65024 Len=1448 TSval=2916038931 TSecr=3045558702 [TCP segment of a reassembled PDU]"
"45391","34.850800142","192.168.1.2","192.168.1.55","TCP","66","36400  >  8004 [ACK] Seq=141 Ack=268070 Win=103424 Len=0 TSval=3045558702 TSecr=2916038920"
"45392","34.850810216","192.168.1.2","192.168.1.55","TCP","66","36400  >  8004 [ACK] Seq=141 Ack=279654 Win=92160 Len=0 TSval=3045558702 TSecr=2916038923"
"45393","34.850813808","192.168.1.2","192.168.1.55","TCP","66","36400  >  8004 [ACK] Seq=141 Ack=286590 Win=113664 Len=0 TSval=3045558703 TSecr=2916038923"
"45394","34.850842049","192.168.1.55","192.168.1.2","TCP","1514","8004  >  36400 [ACK] Seq=346262 Ack=141 Win=65024 Len=1448 TSval=2916038931 TSecr=3045558703 [TCP segment of a reassembled PDU]"
"45395","34.850843383","192.168.1.55","192.168.1.2","TCP","1514","8004  >  36400 [ACK] Seq=347710 Ack=141 Win=65024 Len=1448 TSval=2916038931 TSecr=3045558703 [TCP segment of a reassembled PDU]"
"45396","34.850844271","192.168.1.55","192.168.1.2","TCP","1514","8004  >  36400 [ACK] Seq=349158 Ack=141 Win=65024 Len=1448 TSval=2916038931 TSecr=3045558703 [TCP segment of a reassembled PDU]"
"45397","34.850845346","192.168.1.55","192.168.1.2","TCP","1514","8004  >  36400 [ACK] Seq=350606 Ack=141 Win=65024 Len=1448 TSval=2916038931 TSecr=3045558703 [TCP segment of a reassembled PDU]"
"45398","34.850846290","192.168.1.55","192.168.1.2","TCP","1514","8004  >  36400 [ACK] Seq=352054 Ack=141 Win=65024 Len=1448 TSval=2916038931 TSecr=3045558703 [TCP segment of a reassembled PDU]"
"45399","34.850847438","192.168.1.55","192.168.1.2","TCP","1514","8004  >  36400 [ACK] Seq=353502 Ack=141 Win=65024 Len=1448 TSval=2916038931 TSecr=3045558703 [TCP segment of a reassembled PDU]"
"45400","34.850848512","192.168.1.55","192.168.1.2","TCP","1514","8004  >  36400 [ACK] Seq=354950 Ack=141 Win=65024 Len=1448 TSval=2916038931 TSecr=3045558703 [TCP segment of a reassembled PDU]"
"45401","34.850849660","192.168.1.55","192.168.1.2","TCP","1514","8004  >  36400 [ACK] Seq=356398 Ack=141 Win=65024 Len=1448 TSval=2916038931 TSecr=3045558703 [TCP segment of a reassembled PDU]"
"45402","34.850850642","192.168.1.55","192.168.1.2","TCP","1514","8004  >  36400 [ACK] Seq=357846 Ack=141 Win=65024 Len=1448 TSval=2916038931 TSecr=3045558703 [TCP segment of a reassembled PDU]"
"45403","34.850851605","192.168.1.55","192.168.1.2","TCP","1514","8004  >  36400 [ACK] Seq=359294 Ack=141 Win=65024 Len=1448 TSval=2916038931 TSecr=3045558703 [TCP segment of a reassembled PDU]"
"45404","34.850852846","192.168.1.55","192.168.1.2","TCP","1514","8004  >  36400 [ACK] Seq=360742 Ack=141 Win=65024 Len=1448 TSval=2916038931 TSecr=3045558703 [TCP segment of a reassembled PDU]"
"45405","34.850854660","192.168.1.55","192.168.1.2","TCP","1514","8004  >  36400 [ACK] Seq=362190 Ack=141 Win=65024 Len=1448 TSval=2916038931 TSecr=3045558703 [TCP segment of a reassembled PDU]"
"45406","34.850856049","192.168.1.55","192.168.1.2","TCP","1514","8004  >  36400 [ACK] Seq=363638 Ack=141 Win=65024 Len=1448 TSval=2916038931 TSecr=3045558703 [TCP segment of a reassembled PDU]"
"45407","34.850858086","192.168.1.55","192.168.1.2","TCP","1514","8004  >  36400 [ACK] Seq=365086 Ack=141 Win=65024 Len=1448 TSval=2916038931 TSecr=3045558703 [TCP segment of a reassembled PDU]"
"45408","34.850859605","192.168.1.55","192.168.1.2","TCP","1514","8004  >  36400 [ACK] Seq=366534 Ack=141 Win=65024 Len=1448 TSval=2916038931 TSecr=3045558703 [TCP segment of a reassembled PDU]"
"45409","34.850861401","192.168.1.55","192.168.1.2","TCP","1514","8004  >  36400 [ACK] Seq=367982 Ack=141 Win=65024 Len=1448 TSval=2916038931 TSecr=3045558703 [TCP segment of a reassembled PDU]"
"45410","34.850862809","192.168.1.55","192.168.1.2","TCP","1514","8004  >  36400 [ACK] Seq=369430 Ack=141 Win=65024 Len=1448 TSval=2916038931 TSecr=3045558703 [TCP segment of a reassembled PDU]"
"45411","34.850864234","192.168.1.55","192.168.1.2","TCP","1514","8004  >  36400 [ACK] Seq=370878 Ack=141 Win=65024 Len=1448 TSval=2916038931 TSecr=3045558703 [TCP segment of a reassembled PDU]"
"45412","34.850866160","192.168.1.55","192.168.1.2","TCP","1514","8004  >  36400 [ACK] Seq=372326 Ack=141 Win=65024 Len=1448 TSval=2916038931 TSecr=3045558703 [TCP segment of a reassembled PDU]"
"45413","34.850867346","192.168.1.55","192.168.1.2","TCP","1514","8004  >  36400 [ACK] Seq=373774 Ack=141 Win=65024 Len=1448 TSval=2916038931 TSecr=3045558703 [TCP segment of a reassembled PDU]"
"45414","34.850868716","192.168.1.55","192.168.1.2","TCP","1514","8004  >  36400 [ACK] Seq=375222 Ack=141 Win=65024 Len=1448 TSval=2916038931 TSecr=3045558703 [TCP segment of a reassembled PDU]"
"45415","34.850869994","192.168.1.55","192.168.1.2","TCP","1514","8004  >  36400 [ACK] Seq=376670 Ack=141 Win=65024 Len=1448 TSval=2916038931 TSecr=3045558703 [TCP segment of a reassembled PDU]"
"45416","34.850871660","192.168.1.55","192.168.1.2","TCP","1514","8004  >  36400 [ACK] Seq=378118 Ack=141 Win=65024 Len=1448 TSval=2916038931 TSecr=3045558703 [TCP segment of a reassembled PDU]"
"45417","34.850873790","192.168.1.55","192.168.1.2","TCP","1514","8004  >  36400 [ACK] Seq=379566 Ack=141 Win=65024 Len=1448 TSval=2916038931 TSecr=3045558703 [TCP segment of a reassembled PDU]"
"45418","34.850875346","192.168.1.55","192.168.1.2","TCP","1514","8004  >  36400 [ACK] Seq=381014 Ack=141 Win=65024 Len=1448 TSval=2916038931 TSecr=3045558703 [TCP segment of a reassembled PDU]"
"45419","34.850877512","192.168.1.55","192.168.1.2","TCP","1514","8004  >  36400 [ACK] Seq=382462 Ack=141 Win=65024 Len=1448 TSval=2916038931 TSecr=3045558703 [TCP segment of a reassembled PDU]"
"45420","34.850879420","192.168.1.55","192.168.1.2","TCP","1514","8004  >  36400 [ACK] Seq=383910 Ack=141 Win=65024 Len=1448 TSval=2916038931 TSecr=3045558703 [TCP segment of a reassembled PDU]"
"45421","34.850880920","192.168.1.55","192.168.1.2","TCP","1514","8004  >  36400 [ACK] Seq=385358 Ack=141 Win=65024 Len=1448 TSval=2916038931 TSecr=3045558703 [TCP segment of a reassembled PDU]"
"45422","34.850883272","192.168.1.55","192.168.1.2","TCP","1514","8004  >  36400 [ACK] Seq=386806 Ack=141 Win=65024 Len=1448 TSval=2916038931 TSecr=3045558703 [TCP segment of a reassembled PDU]"
"45423","34.850884920","192.168.1.55","192.168.1.2","TCP","1514","8004  >  36400 [ACK] Seq=388254 Ack=141 Win=65024 Len=1448 TSval=2916038931 TSecr=3045558703 [TCP segment of a reassembled PDU]"
"45424","34.850886531","192.168.1.55","192.168.1.2","TCP","1514","8004  >  36400 [PSH, ACK] Seq=389702 Ack=141 Win=65024 Len=1448 TSval=2916038931 TSecr=3045558703 [TCP segment of a reassembled PDU]"
"45425","34.850902216","192.168.1.55","192.168.1.2","TCP","1514","8004  >  36400 [ACK] Seq=391150 Ack=141 Win=65024 Len=1448 TSval=2916038931 TSecr=3045558703 [TCP segment of a reassembled PDU]"
"45426","34.850903957","192.168.1.55","192.168.1.2","TCP","1514","8004  >  36400 [ACK] Seq=392598 Ack=141 Win=65024 Len=1448 TSval=2916038931 TSecr=3045558703 [TCP segment of a reassembled PDU]"
"45427","34.850904975","192.168.1.55","192.168.1.2","TCP","1514","8004  >  36400 [ACK] Seq=394046 Ack=141 Win=65024 Len=1448 TSval=2916038931 TSecr=3045558703 [TCP segment of a reassembled PDU]"
"45428","34.850905864","192.168.1.55","192.168.1.2","TCP","1514","8004  >  36400 [ACK] Seq=395494 Ack=141 Win=65024 Len=1448 TSval=2916038931 TSecr=3045558703 [TCP segment of a reassembled PDU]"
"45429","34.850907086","192.168.1.55","192.168.1.2","TCP","1514","8004  >  36400 [ACK] Seq=396942 Ack=141 Win=65024 Len=1448 TSval=2916038931 TSecr=3045558703 [TCP segment of a reassembled PDU]"
"45430","34.850908216","192.168.1.55","192.168.1.2","TCP","1514","8004  >  36400 [PSH, ACK] Seq=398390 Ack=141 Win=65024 Len=1448 TSval=2916038931 TSecr=3045558703 [TCP segment of a reassembled PDU]"
"45431","34.850986772","192.168.1.2","192.168.1.55","TCP","66","36400  >  8004 [ACK] Seq=141 Ack=301070 Win=117760 Len=0 TSval=3045558706 TSecr=2916038927"
"45432","34.850997587","192.168.1.2","192.168.1.55","TCP","66","36400  >  8004 [ACK] Seq=141 Ack=301374 Win=120832 Len=0 TSval=3045558706 TSecr=2916038927"
"45433","34.851001068","192.168.1.2","192.168.1.55","TCP","66","36400  >  8004 [ACK] Seq=141 Ack=333230 Win=90112 Len=0 TSval=3045558706 TSecr=2916038927"
"45434","34.851022642","192.168.1.55","192.168.1.2","TCP","1514","8004  >  36400 [ACK] Seq=399838 Ack=141 Win=65024 Len=1448 TSval=2916038931 TSecr=3045558706 [TCP segment of a reassembled PDU]"
"45435","34.851024494","192.168.1.55","192.168.1.2","TCP","1514","8004  >  36400 [ACK] Seq=401286 Ack=141 Win=65024 Len=1448 TSval=2916038931 TSecr=3045558706 [TCP segment of a reassembled PDU]"
"45436","34.851025642","192.168.1.55","192.168.1.2","TCP","1514","8004  >  36400 [ACK] Seq=402734 Ack=141 Win=65024 Len=1448 TSval=2916038931 TSecr=3045558706 [TCP segment of a reassembled PDU]"
"45437","34.851026716","192.168.1.55","192.168.1.2","TCP","1514","8004  >  36400 [ACK] Seq=404182 Ack=141 Win=65024 Len=1448 TSval=2916038931 TSecr=3045558706 [TCP segment of a reassembled PDU]"
"45438","34.851027938","192.168.1.55","192.168.1.2","TCP","1514","8004  >  36400 [ACK] Seq=405630 Ack=141 Win=65024 Len=1448 TSval=2916038931 TSecr=3045558706 [TCP segment of a reassembled PDU]"
"45439","34.851029031","192.168.1.55","192.168.1.2","TCP","1514","8004  >  36400 [ACK] Seq=407078 Ack=141 Win=65024 Len=1448 TSval=2916038931 TSecr=3045558706 [TCP segment of a reassembled PDU]"
"45440","34.851030216","192.168.1.55","192.168.1.2","TCP","1514","8004  >  36400 [ACK] Seq=408526 Ack=141 Win=65024 Len=1448 TSval=2916038931 TSecr=3045558706 [TCP segment of a reassembled PDU]"
"45441","34.851031272","192.168.1.55","192.168.1.2","TCP","1514","8004  >  36400 [ACK] Seq=409974 Ack=141 Win=65024 Len=1448 TSval=2916038931 TSecr=3045558706 [TCP segment of a reassembled PDU]"
"45442","34.851032383","192.168.1.55","192.168.1.2","TCP","1514","8004  >  36400 [ACK] Seq=411422 Ack=141 Win=65024 Len=1448 TSval=2916038931 TSecr=3045558706 [TCP segment of a reassembled PDU]"
"45443","34.851033494","192.168.1.55","192.168.1.2","TCP","1514","8004  >  36400 [ACK] Seq=412870 Ack=141 Win=65024 Len=1448 TSval=2916038931 TSecr=3045558706 [TCP segment of a reassembled PDU]"
"45444","34.851034438","192.168.1.55","192.168.1.2","TCP","1514","8004  >  36400 [ACK] Seq=414318 Ack=141 Win=65024 Len=1448 TSval=2916038931 TSecr=3045558706 [TCP segment of a reassembled PDU]"
"45445","34.851035475","192.168.1.55","192.168.1.2","TCP","1514","8004  >  36400 [ACK] Seq=415766 Ack=141 Win=65024 Len=1448 TSval=2916038931 TSecr=3045558706 [TCP segment of a reassembled PDU]"
"45446","34.851036457","192.168.1.55","192.168.1.2","TCP","1514","8004  >  36400 [ACK] Seq=417214 Ack=141 Win=65024 Len=1448 TSval=2916038931 TSecr=3045558706 [TCP segment of a reassembled PDU]"
"45447","34.851037420","192.168.1.55","192.168.1.2","TCP","1514","8004  >  36400 [ACK] Seq=418662 Ack=141 Win=65024 Len=1448 TSval=2916038931 TSecr=3045558706 [TCP segment of a reassembled PDU]"
"45448","34.851038550","192.168.1.55","192.168.1.2","TCP","1514","8004  >  36400 [ACK] Seq=420110 Ack=141 Win=65024 Len=1448 TSval=2916038931 TSecr=3045558706 [TCP segment of a reassembled PDU]"
"45449","34.851039475","192.168.1.55","192.168.1.2","TCP","1514","8004  >  36400 [ACK] Seq=421558 Ack=141 Win=65024 Len=1448 TSval=2916038931 TSecr=3045558706 [TCP segment of a reassembled PDU]"
"45450","34.851040605","192.168.1.55","192.168.1.2","TCP","402","[TCP Window Full] 8004  >  36400 [PSH, ACK] Seq=423006 Ack=141 Win=65024 Len=336 TSval=2916038931 TSecr=3045558706 [TCP segment of a reassembled PDU]"
"45451","34.852238718","192.168.1.2","192.168.1.55","TCP","66","36400  >  8004 [ACK] Seq=141 Ack=334678 Win=123904 Len=0 TSval=3045558707 TSecr=2916038931"
"45452","34.852255626","192.168.1.55","192.168.1.2","TCP","1514","8004  >  36400 [ACK] Seq=423342 Ack=141 Win=65024 Len=1448 TSval=2916038932 TSecr=3045558707 [TCP segment of a reassembled PDU]"
"45453","34.852256959","192.168.1.55","192.168.1.2","TCP","1514","8004  >  36400 [ACK] Seq=424790 Ack=141 Win=65024 Len=1448 TSval=2916038932 TSecr=3045558707 [TCP segment of a reassembled PDU]"
"45454","34.852257903","192.168.1.55","192.168.1.2","TCP","1514","8004  >  36400 [ACK] Seq=426238 Ack=141 Win=65024 Len=1448 TSval=2916038932 TSecr=3045558707 [TCP segment of a reassembled PDU]"
"45455","34.852258848","192.168.1.55","192.168.1.2","TCP","1514","8004  >  36400 [ACK] Seq=427686 Ack=141 Win=65024 Len=1448 TSval=2916038932 TSecr=3045558707 [TCP segment of a reassembled PDU]"
"45456","34.852259940","192.168.1.55","192.168.1.2","TCP","1514","8004  >  36400 [ACK] Seq=429134 Ack=141 Win=65024 Len=1448 TSval=2916038932 TSecr=3045558707 [TCP segment of a reassembled PDU]"
"45457","34.852261052","192.168.1.55","192.168.1.2","TCP","1514","8004  >  36400 [ACK] Seq=430582 Ack=141 Win=65024 Len=1448 TSval=2916038932 TSecr=3045558707 [TCP segment of a reassembled PDU]"
"45458","34.852262089","192.168.1.55","192.168.1.2","TCP","1514","8004  >  36400 [ACK] Seq=432030 Ack=141 Win=65024 Len=1448 TSval=2916038932 TSecr=3045558707 [TCP segment of a reassembled PDU]"
"45459","34.852263070","192.168.1.55","192.168.1.2","TCP","1514","8004  >  36400 [PSH, ACK] Seq=433478 Ack=141 Win=65024 Len=1448 TSval=2916038932 TSecr=3045558707 [TCP segment of a reassembled PDU]"
"45460","34.852267422","192.168.1.55","192.168.1.2","TCP","1178","8004  >  36400 [ACK] Seq=434926 Ack=141 Win=65024 Len=1112 TSval=2916038932 TSecr=3045558707 [TCP segment of a reassembled PDU]"
"45461","34.852279755","192.168.1.55","192.168.1.2","TCP","1514","8004  >  36400 [ACK] Seq=436038 Ack=141 Win=65024 Len=1448 TSval=2916038932 TSecr=3045558707 [TCP segment of a reassembled PDU]"
"45462","34.852280811","192.168.1.55","192.168.1.2","TCP","1514","8004  >  36400 [ACK] Seq=437486 Ack=141 Win=65024 Len=1448 TSval=2916038932 TSecr=3045558707 [TCP segment of a reassembled PDU]"
"45463","34.852286181","192.168.1.55","192.168.1.2","TCP","1514","8004  >  36400 [ACK] Seq=438934 Ack=141 Win=65024 Len=1448 TSval=2916038932 TSecr=3045558707 [TCP segment of a reassembled PDU]"
"45464","34.852287737","192.168.1.55","192.168.1.2","TCP","1514","8004  >  36400 [ACK] Seq=440382 Ack=141 Win=65024 Len=1448 TSval=2916038932 TSecr=3045558707 [TCP segment of a reassembled PDU]"
"45465","34.852289200","192.168.1.55","192.168.1.2","TCP","1514","8004  >  36400 [ACK] Seq=441830 Ack=141 Win=65024 Len=1448 TSval=2916038932 TSecr=3045558707 [TCP segment of a reassembled PDU]"
"45466","34.852290144","192.168.1.55","192.168.1.2","TCP","1514","8004  >  36400 [ACK] Seq=443278 Ack=141 Win=65024 Len=1448 TSval=2916038932 TSecr=3045558707 [TCP segment of a reassembled PDU]"
"45467","34.852296626","192.168.1.55","192.168.1.2","TCP","1514","8004  >  36400 [ACK] Seq=444726 Ack=141 Win=65024 Len=1448 TSval=2916038932 TSecr=3045558707 [TCP segment of a reassembled PDU]"
"45468","34.852297959","192.168.1.55","192.168.1.2","TCP","1514","8004  >  36400 [ACK] Seq=446174 Ack=141 Win=65024 Len=1448 TSval=2916038932 TSecr=3045558707 [TCP segment of a reassembled PDU]"
"45469","34.852299144","192.168.1.55","192.168.1.2","TCP","1514","8004  >  36400 [ACK] Seq=447622 Ack=141 Win=65024 Len=1448 TSval=2916038932 TSecr=3045558707 [TCP segment of a reassembled PDU]"
"45470","34.852300218","192.168.1.55","192.168.1.2","TCP","1514","8004  >  36400 [ACK] Seq=449070 Ack=141 Win=65024 Len=1448 TSval=2916038932 TSecr=3045558707 [TCP segment of a reassembled PDU]"
"45471","34.852301255","192.168.1.55","192.168.1.2","TCP","1514","8004  >  36400 [ACK] Seq=450518 Ack=141 Win=65024 Len=1448 TSval=2916038932 TSecr=3045558707 [TCP segment of a reassembled PDU]"
"45472","34.852302237","192.168.1.55","192.168.1.2","TCP","1514","8004  >  36400 [ACK] Seq=451966 Ack=141 Win=65024 Len=1448 TSval=2916038932 TSecr=3045558707 [TCP segment of a reassembled PDU]"
"45473","34.852303311","192.168.1.55","192.168.1.2","TCP","1514","8004  >  36400 [ACK] Seq=453414 Ack=141 Win=65024 Len=1448 TSval=2916038932 TSecr=3045558707 [TCP segment of a reassembled PDU]"
"45474","34.852304552","192.168.1.55","192.168.1.2","TCP","1514","8004  >  36400 [ACK] Seq=454862 Ack=141 Win=65024 Len=1448 TSval=2916038932 TSecr=3045558707 [TCP segment of a reassembled PDU]"
"45475","34.852305737","192.168.1.55","192.168.1.2","TCP","1514","8004  >  36400 [PSH, ACK] Seq=456310 Ack=141 Win=65024 Len=1448 TSval=2916038932 TSecr=3045558707 [TCP segment of a reassembled PDU]"
"45476","34.852334311","192.168.1.2","192.168.1.55","TCP","66","36400  >  8004 [ACK] Seq=141 Ack=336126 Win=126976 Len=0 TSval=3045558708 TSecr=2916038931"
"45477","34.853490739","192.168.1.55","192.168.1.2","TCP","1514","8004  >  36400 [ACK] Seq=457758 Ack=141 Win=65024 Len=1448 TSval=2916038934 TSecr=3045558708 [TCP segment of a reassembled PDU]"
"45478","34.853494165","192.168.1.55","192.168.1.2","TCP","1514","8004  >  36400 [ACK] Seq=459206 Ack=141 Win=65024 Len=1448 TSval=2916038934 TSecr=3045558708 [TCP segment of a reassembled PDU]"
"45479","34.853495350","192.168.1.55","192.168.1.2","TCP","1514","8004  >  36400 [PSH, ACK] Seq=460654 Ack=141 Win=65024 Len=1448 TSval=2916038934 TSecr=3045558708 [TCP segment of a reassembled PDU]"
"45480","34.859257026","192.168.1.2","192.168.1.55","TCP","66","36400  >  8004 [ACK] Seq=141 Ack=346262 Win=126976 Len=0 TSval=3045558714 TSecr=2916038931"
"45481","34.859324878","192.168.1.55","192.168.1.2","TCP","1514","8004  >  36400 [ACK] Seq=462102 Ack=141 Win=65024 Len=1448 TSval=2916038939 TSecr=3045558714 [TCP segment of a reassembled PDU]"
"45482","34.859329637","192.168.1.55","192.168.1.2","TCP","1514","8004  >  36400 [ACK] Seq=463550 Ack=141 Win=65024 Len=1448 TSval=2916038939 TSecr=3045558714 [TCP segment of a reassembled PDU]"
"45483","34.859331230","192.168.1.55","192.168.1.2","TCP","1514","8004  >  36400 [ACK] Seq=464998 Ack=141 Win=65024 Len=1448 TSval=2916038939 TSecr=3045558714 [TCP segment of a reassembled PDU]"
"45484","34.859332137","192.168.1.55","192.168.1.2","TCP","1514","8004  >  36400 [ACK] Seq=466446 Ack=141 Win=65024 Len=1448 TSval=2916038939 TSecr=3045558714 [TCP segment of a reassembled PDU]"
"45485","34.859333137","192.168.1.55","192.168.1.2","TCP","1514","8004  >  36400 [ACK] Seq=467894 Ack=141 Win=65024 Len=1448 TSval=2916038939 TSecr=3045558714 [TCP segment of a reassembled PDU]"
"45486","34.859334044","192.168.1.55","192.168.1.2","TCP","1514","8004  >  36400 [ACK] Seq=469342 Ack=141 Win=65024 Len=1448 TSval=2916038939 TSecr=3045558714 [TCP segment of a reassembled PDU]"
"45487","34.859335100","192.168.1.55","192.168.1.2","TCP","1514","8004  >  36400 [PSH, ACK] Seq=470790 Ack=141 Win=65024 Len=1448 TSval=2916038939 TSecr=3045558714 [TCP segment of a reassembled PDU]"
"45488","34.859397619","192.168.1.2","192.168.1.55","TCP","66","36400  >  8004 [ACK] Seq=141 Ack=391150 Win=96256 Len=0 TSval=3045558714 TSecr=2916038931"
"45489","34.859420026","192.168.1.55","192.168.1.2","TCP","1514","8004  >  36400 [ACK] Seq=472238 Ack=141 Win=65024 Len=1448 TSval=2916038940 TSecr=3045558714 [TCP segment of a reassembled PDU]"
"45490","34.859422970","192.168.1.55","192.168.1.2","TCP","1514","8004  >  36400 [ACK] Seq=473686 Ack=141 Win=65024 Len=1448 TSval=2916038940 TSecr=3045558714 [TCP segment of a reassembled PDU]"
"45491","34.859424489","192.168.1.55","192.168.1.2","TCP","1514","8004  >  36400 [ACK] Seq=475134 Ack=141 Win=65024 Len=1448 TSval=2916038940 TSecr=3045558714 [TCP segment of a reassembled PDU]"
"45492","34.859425600","192.168.1.55","192.168.1.2","TCP","1514","8004  >  36400 [ACK] Seq=476582 Ack=141 Win=65024 Len=1448 TSval=2916038940 TSecr=3045558714 [TCP segment of a reassembled PDU]"
"45493","34.859426970","192.168.1.55","192.168.1.2","TCP","1514","8004  >  36400 [ACK] Seq=478030 Ack=141 Win=65024 Len=1448 TSval=2916038940 TSecr=3045558714 [TCP segment of a reassembled PDU]"
"45494","34.859428211","192.168.1.55","192.168.1.2","TCP","1514","8004  >  36400 [PSH, ACK] Seq=479478 Ack=141 Win=65024 Len=1448 TSval=2916038940 TSecr=3045558714 [TCP segment of a reassembled PDU]"
"45495","34.859432137","192.168.1.2","192.168.1.55","TCP","66","36400  >  8004 [ACK] Seq=141 Ack=423342 Win=64512 Len=0 TSval=3045558714 TSecr=2916038931"
"45496","34.859438600","192.168.1.2","192.168.1.55","TCP","66","36400  >  8004 [ACK] Seq=141 Ack=434926 Win=53248 Len=0 TSval=3045558714 TSecr=2916038932"
"45497","34.859495952","192.168.1.2","192.168.1.55","TCP","66","36400  >  8004 [ACK] Seq=141 Ack=457758 Win=74752 Len=0 TSval=3045558714 TSecr=2916038932"
"45498","34.859527637","192.168.1.55","192.168.1.2","TCP","1514","8004  >  36400 [ACK] Seq=480926 Ack=141 Win=65024 Len=1448 TSval=2916038940 TSecr=3045558714 [TCP segment of a reassembled PDU]"
"45499","34.859530248","192.168.1.55","192.168.1.2","TCP","1514","8004  >  36400 [ACK] Seq=482374 Ack=141 Win=65024 Len=1448 TSval=2916038940 TSecr=3045558714 [TCP segment of a reassembled PDU]"
"45500","34.859532322","192.168.1.55","192.168.1.2","TCP","1514","8004  >  36400 [ACK] Seq=483822 Ack=141 Win=65024 Len=1448 TSval=2916038940 TSecr=3045558714 [TCP segment of a reassembled PDU]"
"45501","34.859534322","192.168.1.55","192.168.1.2","TCP","1514","8004  >  36400 [ACK] Seq=485270 Ack=141 Win=65024 Len=1448 TSval=2916038940 TSecr=3045558714 [TCP segment of a reassembled PDU]"
"45502","34.859535267","192.168.1.55","192.168.1.2","TCP","1514","8004  >  36400 [ACK] Seq=486718 Ack=141 Win=65024 Len=1448 TSval=2916038940 TSecr=3045558714 [TCP segment of a reassembled PDU]"
"45503","34.859536211","192.168.1.55","192.168.1.2","TCP","1514","8004  >  36400 [ACK] Seq=488166 Ack=141 Win=65024 Len=1448 TSval=2916038940 TSecr=3045558714 [TCP segment of a reassembled PDU]"
"45504","34.859537600","192.168.1.55","192.168.1.2","TCP","1514","8004  >  36400 [ACK] Seq=489614 Ack=141 Win=65024 Len=1448 TSval=2916038940 TSecr=3045558714 [TCP segment of a reassembled PDU]"
"45505","34.859538915","192.168.1.55","192.168.1.2","TCP","1514","8004  >  36400 [ACK] Seq=491062 Ack=141 Win=65024 Len=1448 TSval=2916038940 TSecr=3045558714 [TCP segment of a reassembled PDU]"
"45506","34.859540785","192.168.1.55","192.168.1.2","TCP","1514","8004  >  36400 [ACK] Seq=492510 Ack=141 Win=65024 Len=1448 TSval=2916038940 TSecr=3045558714 [TCP segment of a reassembled PDU]"
"45507","34.859541859","192.168.1.55","192.168.1.2","TCP","1514","8004  >  36400 [ACK] Seq=493958 Ack=141 Win=65024 Len=1448 TSval=2916038940 TSecr=3045558714 [TCP segment of a reassembled PDU]"
"45508","34.859543008","192.168.1.55","192.168.1.2","TCP","1514","8004  >  36400 [ACK] Seq=495406 Ack=141 Win=65024 Len=1448 TSval=2916038940 TSecr=3045558714 [TCP segment of a reassembled PDU]"
"45509","34.859544267","192.168.1.55","192.168.1.2","TCP","1514","8004  >  36400 [ACK] Seq=496854 Ack=141 Win=65024 Len=1448 TSval=2916038940 TSecr=3045558714 [TCP segment of a reassembled PDU]"
"45510","34.859545489","192.168.1.55","192.168.1.2","HTTP","1472","HTTP/1.0 200 OK  (PNG)"
"45511","34.859550378","192.168.1.2","192.168.1.55","TCP","66","36400  >  8004 [ACK] Seq=141 Ack=460654 Win=78848 Len=0 TSval=3045558714 TSecr=2916038934"
"45512","34.860560361","192.168.1.2","192.168.1.55","TCP","66","36400  >  8004 [ACK] Seq=141 Ack=462102 Win=130048 Len=0 TSval=3045558715 TSecr=2916038934"
"45513","34.863193532","192.168.1.2","192.168.1.55","TCP","66","36400  >  8004 [ACK] Seq=141 Ack=480926 Win=130048 Len=0 TSval=3045558718 TSecr=2916038939"
"45514","34.863283365","192.168.1.2","192.168.1.55","TCP","66","36400  >  8004 [ACK] Seq=141 Ack=498302 Win=164864 Len=0 TSval=3045558718 TSecr=2916038940"
"45515","34.864772646","192.168.1.2","192.168.1.55","TCP","66","36400  >  8004 [FIN, ACK] Seq=141 Ack=499709 Win=166912 Len=0 TSval=3045558719 TSecr=2916038940"
"45516","34.864790201","192.168.1.55","192.168.1.2","TCP","66","8004  >  36400 [ACK] Seq=499709 Ack=142 Win=65024 Len=0 TSval=2916038945 TSecr=3045558719"
"45517","34.864888072","192.168.1.2","192.168.1.55","TCP","74","36408  >  8004 [SYN] Seq=0 Win=64240 Len=0 MSS=1460 SACK_PERM TSval=3045558720 TSecr=0 WS=1024"
"45518","34.864908664","192.168.1.55","192.168.1.2","TCP","74","8004  >  36408 [SYN, ACK] Seq=0 Ack=1 Win=65160 Len=0 MSS=1460 SACK_PERM TSval=2916038945 TSecr=3045558720 WS=128"
"45519","34.868069058","192.168.1.2","192.168.1.55","TCP","66","36408  >  8004 [ACK] Seq=1 Ack=1 Win=64512 Len=0 TSval=3045558723 TSecr=2916038945"
"45520","34.871334564","192.168.1.2","192.168.1.55","HTTP","209","GET /original_benchmark.png HTTP/1.1 "
"45521","34.871409675","192.168.1.55","192.168.1.2","TCP","66","8004  >  36408 [ACK] Seq=1 Ack=144 Win=65024 Len=0 TSval=2916038952 TSecr=3045558723"
"45522","34.872405195","192.168.1.55","192.168.1.2","TCP","255","8004  >  36408 [PSH, ACK] Seq=1 Ack=144 Win=65024 Len=189 TSval=2916038953 TSecr=3045558723 [TCP segment of a reassembled PDU]"
"45523","34.872562862","192.168.1.55","192.168.1.2","TCP","1514","8004  >  36408 [ACK] Seq=190 Ack=144 Win=65024 Len=1448 TSval=2916038953 TSecr=3045558723 [TCP segment of a reassembled PDU]"
"45524","34.872572491","192.168.1.55","192.168.1.2","TCP","1514","8004  >  36408 [ACK] Seq=1638 Ack=144 Win=65024 Len=1448 TSval=2916038953 TSecr=3045558723 [TCP segment of a reassembled PDU]"
"45525","34.872574436","192.168.1.55","192.168.1.2","TCP","1514","8004  >  36408 [ACK] Seq=3086 Ack=144 Win=65024 Len=1448 TSval=2916038953 TSecr=3045558723 [TCP segment of a reassembled PDU]"
"45526","34.872576862","192.168.1.55","192.168.1.2","TCP","1514","8004  >  36408 [ACK] Seq=4534 Ack=144 Win=65024 Len=1448 TSval=2916038953 TSecr=3045558723 [TCP segment of a reassembled PDU]"
"45527","34.872578862","192.168.1.55","192.168.1.2","TCP","1514","8004  >  36408 [PSH, ACK] Seq=5982 Ack=144 Win=65024 Len=1448 TSval=2916038953 TSecr=3045558723 [TCP segment of a reassembled PDU]"
"45528","34.872627269","192.168.1.55","192.168.1.2","TCP","1514","8004  >  36408 [ACK] Seq=7430 Ack=144 Win=65024 Len=1448 TSval=2916038953 TSecr=3045558723 [TCP segment of a reassembled PDU]"
"45529","34.872631899","192.168.1.55","192.168.1.2","TCP","1514","8004  >  36408 [ACK] Seq=8878 Ack=144 Win=65024 Len=1448 TSval=2916038953 TSecr=3045558723 [TCP segment of a reassembled PDU]"
"45530","34.872633325","192.168.1.55","192.168.1.2","TCP","1514","8004  >  36408 [ACK] Seq=10326 Ack=144 Win=65024 Len=1448 TSval=2916038953 TSecr=3045558723 [TCP segment of a reassembled PDU]"
"45531","34.872634547","192.168.1.55","192.168.1.2","TCP","1514","8004  >  36408 [PSH, ACK] Seq=11774 Ack=144 Win=65024 Len=1448 TSval=2916038953 TSecr=3045558723 [TCP segment of a reassembled PDU]"
"45532","34.876380201","192.168.1.2","192.168.1.55","TCP","66","36408  >  8004 [ACK] Seq=144 Ack=190 Win=64512 Len=0 TSval=3045558730 TSecr=2916038953"
"45533","34.876446016","192.168.1.55","192.168.1.2","TCP","1514","8004  >  36408 [ACK] Seq=13222 Ack=144 Win=65024 Len=1448 TSval=2916038957 TSecr=3045558730 [TCP segment of a reassembled PDU]"
"45534","34.876452461","192.168.1.55","192.168.1.2","TCP","1514","8004  >  36408 [PSH, ACK] Seq=14670 Ack=144 Win=65024 Len=1448 TSval=2916038957 TSecr=3045558730 [TCP segment of a reassembled PDU]"
"45535","34.876527053","192.168.1.2","192.168.1.55","TCP","66","36408  >  8004 [ACK] Seq=144 Ack=7430 Win=71680 Len=0 TSval=3045558731 TSecr=2916038953"
"45536","34.876565572","192.168.1.55","192.168.1.2","TCP","1514","8004  >  36408 [ACK] Seq=16118 Ack=144 Win=65024 Len=1448 TSval=2916038957 TSecr=3045558731 [TCP segment of a reassembled PDU]"
"45537","34.876567609","192.168.1.55","192.168.1.2","TCP","1514","8004  >  36408 [ACK] Seq=17566 Ack=144 Win=65024 Len=1448 TSval=2916038957 TSecr=3045558731 [TCP segment of a reassembled PDU]"
"45538","34.876569683","192.168.1.55","192.168.1.2","TCP","1514","8004  >  36408 [ACK] Seq=19014 Ack=144 Win=65024 Len=1448 TSval=2916038957 TSecr=3045558731 [TCP segment of a reassembled PDU]"
"45539","34.876571702","192.168.1.55","192.168.1.2","TCP","1514","8004  >  36408 [ACK] Seq=20462 Ack=144 Win=65024 Len=1448 TSval=2916038957 TSecr=3045558731 [TCP segment of a reassembled PDU]"
"45540","34.876573127","192.168.1.55","192.168.1.2","TCP","1514","8004  >  36408 [ACK] Seq=21910 Ack=144 Win=65024 Len=1448 TSval=2916038957 TSecr=3045558731 [TCP segment of a reassembled PDU]"
"45541","34.876574276","192.168.1.55","192.168.1.2","TCP","1514","8004  >  36408 [ACK] Seq=23358 Ack=144 Win=65024 Len=1448 TSval=2916038957 TSecr=3045558731 [TCP segment of a reassembled PDU]"
"45542","34.876576257","192.168.1.55","192.168.1.2","TCP","1514","8004  >  36408 [ACK] Seq=24806 Ack=144 Win=65024 Len=1448 TSval=2916038957 TSecr=3045558731 [TCP segment of a reassembled PDU]"
"45543","34.876577331","192.168.1.55","192.168.1.2","TCP","1514","8004  >  36408 [PSH, ACK] Seq=26254 Ack=144 Win=65024 Len=1448 TSval=2916038957 TSecr=3045558731 [TCP segment of a reassembled PDU]"
"45544","34.876585757","192.168.1.2","192.168.1.55","TCP","66","36408  >  8004 [ACK] Seq=144 Ack=10326 Win=76800 Len=0 TSval=3045558731 TSecr=2916038953"
"45545","34.876602887","192.168.1.55","192.168.1.2","TCP","1514","8004  >  36408 [ACK] Seq=27702 Ack=144 Win=65024 Len=1448 TSval=2916038957 TSecr=3045558731 [TCP segment of a reassembled PDU]"
"45546","34.876606183","192.168.1.55","192.168.1.2","TCP","1514","8004  >  36408 [ACK] Seq=29150 Ack=144 Win=65024 Len=1448 TSval=2916038957 TSecr=3045558731 [TCP segment of a reassembled PDU]"
"45547","34.876607461","192.168.1.55","192.168.1.2","TCP","1514","8004  >  36408 [ACK] Seq=30598 Ack=144 Win=65024 Len=1448 TSval=2916038957 TSecr=3045558731 [TCP segment of a reassembled PDU]"
"45548","34.876609091","192.168.1.55","192.168.1.2","TCP","1514","8004  >  36408 [ACK] Seq=32046 Ack=144 Win=65024 Len=1448 TSval=2916038957 TSecr=3045558731 [TCP segment of a reassembled PDU]"
"45549","34.876610239","192.168.1.55","192.168.1.2","TCP","1514","8004  >  36408 [ACK] Seq=33494 Ack=144 Win=65024 Len=1448 TSval=2916038957 TSecr=3045558731 [TCP segment of a reassembled PDU]"
"45550","34.876611739","192.168.1.55","192.168.1.2","TCP","1514","8004  >  36408 [PSH, ACK] Seq=34942 Ack=144 Win=65024 Len=1448 TSval=2916038957 TSecr=3045558731 [TCP segment of a reassembled PDU]"
"45551","34.876615072","192.168.1.2","192.168.1.55","TCP","66","36408  >  8004 [ACK] Seq=144 Ack=13222 Win=76800 Len=0 TSval=3045558731 TSecr=2916038953"
"45552","34.877276869","192.168.1.55","192.168.1.2","TCP","1514","8004  >  36408 [ACK] Seq=36390 Ack=144 Win=65024 Len=1448 TSval=2916038957 TSecr=3045558731 [TCP segment of a reassembled PDU]"
"45553","34.877283277","192.168.1.55","192.168.1.2","TCP","1514","8004  >  36408 [ACK] Seq=37838 Ack=144 Win=65024 Len=1448 TSval=2916038957 TSecr=3045558731 [TCP segment of a reassembled PDU]"
"45554","34.877284832","192.168.1.55","192.168.1.2","TCP","1514","8004  >  36408 [ACK] Seq=39286 Ack=144 Win=65024 Len=1448 TSval=2916038957 TSecr=3045558731 [TCP segment of a reassembled PDU]"
"45555","34.877285925","192.168.1.55","192.168.1.2","TCP","1514","8004  >  36408 [PSH, ACK] Seq=40734 Ack=144 Win=65024 Len=1448 TSval=2916038957 TSecr=3045558731 [TCP segment of a reassembled PDU]"
"45556","34.881082764","192.168.1.2","192.168.1.55","TCP","66","36408  >  8004 [ACK] Seq=144 Ack=16118 Win=76800 Len=0 TSval=3045558735 TSecr=2916038957"
"45557","34.881227098","192.168.1.55","192.168.1.2","TCP","1514","8004  >  36408 [ACK] Seq=42182 Ack=144 Win=65024 Len=1448 TSval=2916038961 TSecr=3045558735 [TCP segment of a reassembled PDU]"
"45558","34.881242357","192.168.1.55","192.168.1.2","TCP","1514","8004  >  36408 [PSH, ACK] Seq=43630 Ack=144 Win=65024 Len=1448 TSval=2916038961 TSecr=3045558735 [TCP segment of a reassembled PDU]"
"45559","34.881401228","192.168.1.2","192.168.1.55","TCP","66","36408  >  8004 [ACK] Seq=144 Ack=27702 Win=69632 Len=0 TSval=3045558735 TSecr=2916038957"
"45560","34.881540821","192.168.1.55","192.168.1.2","TCP","1514","8004  >  36408 [ACK] Seq=45078 Ack=144 Win=65024 Len=1448 TSval=2916038962 TSecr=3045558735 [TCP segment of a reassembled PDU]"
"45561","34.881548821","192.168.1.55","192.168.1.2","TCP","1514","8004  >  36408 [ACK] Seq=46526 Ack=144 Win=65024 Len=1448 TSval=2916038962 TSecr=3045558735 [TCP segment of a reassembled PDU]"
"45562","34.881550598","192.168.1.55","192.168.1.2","TCP","1514","8004  >  36408 [ACK] Seq=47974 Ack=144 Win=65024 Len=1448 TSval=2916038962 TSecr=3045558735 [TCP segment of a reassembled PDU]"
"45563","34.881555247","192.168.1.55","192.168.1.2","TCP","1514","8004  >  36408 [ACK] Seq=49422 Ack=144 Win=65024 Len=1448 TSval=2916038962 TSecr=3045558735 [TCP segment of a reassembled PDU]"
"45564","34.881557265","192.168.1.55","192.168.1.2","TCP","1514","8004  >  36408 [ACK] Seq=50870 Ack=144 Win=65024 Len=1448 TSval=2916038962 TSecr=3045558735 [TCP segment of a reassembled PDU]"
"45565","34.881559321","192.168.1.55","192.168.1.2","TCP","1514","8004  >  36408 [ACK] Seq=52318 Ack=144 Win=65024 Len=1448 TSval=2916038962 TSecr=3045558735 [TCP segment of a reassembled PDU]"
"45566","34.881563839","192.168.1.55","192.168.1.2","TCP","1514","8004  >  36408 [ACK] Seq=53766 Ack=144 Win=65024 Len=1448 TSval=2916038962 TSecr=3045558735 [TCP segment of a reassembled PDU]"
"45567","34.881566469","192.168.1.55","192.168.1.2","TCP","1514","8004  >  36408 [ACK] Seq=55214 Ack=144 Win=65024 Len=1448 TSval=2916038962 TSecr=3045558735 [TCP segment of a reassembled PDU]"
"45568","34.881568950","192.168.1.55","192.168.1.2","TCP","1514","8004  >  36408 [ACK] Seq=56662 Ack=144 Win=65024 Len=1448 TSval=2916038962 TSecr=3045558735 [TCP segment of a reassembled PDU]"
"45569","34.881570821","192.168.1.55","192.168.1.2","TCP","1514","8004  >  36408 [ACK] Seq=58110 Ack=144 Win=65024 Len=1448 TSval=2916038962 TSecr=3045558735 [TCP segment of a reassembled PDU]"
"45570","34.881573080","192.168.1.55","192.168.1.2","TCP","1514","8004  >  36408 [ACK] Seq=59558 Ack=144 Win=65024 Len=1448 TSval=2916038962 TSecr=3045558735 [TCP segment of a reassembled PDU]"
"45571","34.881575024","192.168.1.55","192.168.1.2","TCP","1514","8004  >  36408 [ACK] Seq=61006 Ack=144 Win=65024 Len=1448 TSval=2916038962 TSecr=3045558735 [TCP segment of a reassembled PDU]"
"45572","34.881578339","192.168.1.55","192.168.1.2","TCP","1514","8004  >  36408 [ACK] Seq=62454 Ack=144 Win=65024 Len=1448 TSval=2916038962 TSecr=3045558735 [TCP segment of a reassembled PDU]"
"45573","34.881580506","192.168.1.55","192.168.1.2","TCP","1514","8004  >  36408 [ACK] Seq=63902 Ack=144 Win=65024 Len=1448 TSval=2916038962 TSecr=3045558735 [TCP segment of a reassembled PDU]"
"45574","34.881582987","192.168.1.55","192.168.1.2","TCP","1514","8004  >  36408 [PSH, ACK] Seq=65350 Ack=144 Win=65024 Len=1448 TSval=2916038962 TSecr=3045558735 [TCP segment of a reassembled PDU]"
"45575","34.881603747","192.168.1.2","192.168.1.55","TCP","66","36408  >  8004 [ACK] Seq=144 Ack=36390 Win=63488 Len=0 TSval=3045558735 TSecr=2916038957"
"45576","34.881683636","192.168.1.55","192.168.1.2","TCP","1514","8004  >  36408 [ACK] Seq=66798 Ack=144 Win=65024 Len=1448 TSval=2916038962 TSecr=3045558735 [TCP segment of a reassembled PDU]"
"45577","34.881689654","192.168.1.55","192.168.1.2","TCP","1514","8004  >  36408 [ACK] Seq=68246 Ack=144 Win=65024 Len=1448 TSval=2916038962 TSecr=3045558735 [TCP segment of a reassembled PDU]"
"45578","34.881691932","192.168.1.55","192.168.1.2","TCP","1514","8004  >  36408 [ACK] Seq=69694 Ack=144 Win=65024 Len=1448 TSval=2916038962 TSecr=3045558735 [TCP segment of a reassembled PDU]"
"45579","34.881693839","192.168.1.55","192.168.1.2","TCP","1514","8004  >  36408 [ACK] Seq=71142 Ack=144 Win=65024 Len=1448 TSval=2916038962 TSecr=3045558735 [TCP segment of a reassembled PDU]"
"45580","34.881696006","192.168.1.55","192.168.1.2","TCP","1514","8004  >  36408 [ACK] Seq=72590 Ack=144 Win=65024 Len=1448 TSval=2916038962 TSecr=3045558735 [TCP segment of a reassembled PDU]"
"45581","34.881697728","192.168.1.55","192.168.1.2","TCP","1514","8004  >  36408 [ACK] Seq=74038 Ack=144 Win=65024 Len=1448 TSval=2916038962 TSecr=3045558735 [TCP segment of a reassembled PDU]"
"45582","34.881699932","192.168.1.55","192.168.1.2","TCP","1514","8004  >  36408 [PSH, ACK] Seq=75486 Ack=144 Win=65024 Len=1448 TSval=2916038962 TSecr=3045558735 [TCP segment of a reassembled PDU]"
"45583","34.881711358","192.168.1.2","192.168.1.55","TCP","66","36408  >  8004 [ACK] Seq=144 Ack=39286 Win=76800 Len=0 TSval=3045558736 TSecr=2916038957"
"45584","34.881719062","192.168.1.2","192.168.1.55","TCP","66","36408  >  8004 [ACK] Seq=144 Ack=42182 Win=76800 Len=0 TSval=3045558736 TSecr=2916038957"
"45585","34.881894580","192.168.1.55","192.168.1.2","TCP","1514","8004  >  36408 [ACK] Seq=76934 Ack=144 Win=65024 Len=1448 TSval=2916038962 TSecr=3045558736 [TCP segment of a reassembled PDU]"
"45586","34.881908525","192.168.1.55","192.168.1.2","TCP","1514","8004  >  36408 [ACK] Seq=78382 Ack=144 Win=65024 Len=1448 TSval=2916038962 TSecr=3045558736 [TCP segment of a reassembled PDU]"
"45587","34.881909914","192.168.1.55","192.168.1.2","TCP","1514","8004  >  36408 [ACK] Seq=79830 Ack=144 Win=65024 Len=1448 TSval=2916038962 TSecr=3045558736 [TCP segment of a reassembled PDU]"
"45588","34.881911655","192.168.1.55","192.168.1.2","TCP","1514","8004  >  36408 [ACK] Seq=81278 Ack=144 Win=65024 Len=1448 TSval=2916038962 TSecr=3045558736 [TCP segment of a reassembled PDU]"
"45589","34.881913414","192.168.1.55","192.168.1.2","TCP","1514","8004  >  36408 [ACK] Seq=82726 Ack=144 Win=65024 Len=1448 TSval=2916038962 TSecr=3045558736 [TCP segment of a reassembled PDU]"
"45590","34.881914710","192.168.1.55","192.168.1.2","TCP","1514","8004  >  36408 [ACK] Seq=84174 Ack=144 Win=65024 Len=1448 TSval=2916038962 TSecr=3045558736 [TCP segment of a reassembled PDU]"
"45591","34.881915932","192.168.1.55","192.168.1.2","TCP","1514","8004  >  36408 [ACK] Seq=85622 Ack=144 Win=65024 Len=1448 TSval=2916038962 TSecr=3045558736 [TCP segment of a reassembled PDU]"
"45592","34.881917099","192.168.1.55","192.168.1.2","TCP","1514","8004  >  36408 [ACK] Seq=87070 Ack=144 Win=65024 Len=1448 TSval=2916038962 TSecr=3045558736 [TCP segment of a reassembled PDU]"
"45593","34.881919340","192.168.1.55","192.168.1.2","TCP","1514","8004  >  36408 [ACK] Seq=88518 Ack=144 Win=65024 Len=1448 TSval=2916038962 TSecr=3045558736 [TCP segment of a reassembled PDU]"
"45594","34.881921432","192.168.1.55","192.168.1.2","TCP","1514","8004  >  36408 [ACK] Seq=89966 Ack=144 Win=65024 Len=1448 TSval=2916038962 TSecr=3045558736 [TCP segment of a reassembled PDU]"
"45595","34.881923525","192.168.1.55","192.168.1.2","TCP","1514","8004  >  36408 [ACK] Seq=91414 Ack=144 Win=65024 Len=1448 TSval=2916038962 TSecr=3045558736 [TCP segment of a reassembled PDU]"
"45596","34.881925710","192.168.1.55","192.168.1.2","TCP","1514","8004  >  36408 [ACK] Seq=92862 Ack=144 Win=65024 Len=1448 TSval=2916038962 TSecr=3045558736 [TCP segment of a reassembled PDU]"
"45597","34.881927543","192.168.1.55","192.168.1.2","TCP","1514","8004  >  36408 [ACK] Seq=94310 Ack=144 Win=65024 Len=1448 TSval=2916038962 TSecr=3045558736 [TCP segment of a reassembled PDU]"
"45598","34.881931877","192.168.1.55","192.168.1.2","TCP","1514","8004  >  36408 [ACK] Seq=95758 Ack=144 Win=65024 Len=1448 TSval=2916038962 TSecr=3045558736 [TCP segment of a reassembled PDU]"
"45599","34.881933932","192.168.1.55","192.168.1.2","TCP","1514","8004  >  36408 [ACK] Seq=97206 Ack=144 Win=65024 Len=1448 TSval=2916038962 TSecr=3045558736 [TCP segment of a reassembled PDU]"
"45600","34.881935506","192.168.1.55","192.168.1.2","TCP","1514","8004  >  36408 [PSH, ACK] Seq=98654 Ack=144 Win=65024 Len=1448 TSval=2916038962 TSecr=3045558736 [TCP segment of a reassembled PDU]"
"45601","34.887269385","192.168.1.2","192.168.1.55","TCP","66","36408  >  8004 [ACK] Seq=144 Ack=45078 Win=74752 Len=0 TSval=3045558741 TSecr=2916038961"
"45602","34.887316219","192.168.1.55","192.168.1.2","TCP","1514","8004  >  36408 [ACK] Seq=100102 Ack=144 Win=65024 Len=1448 TSval=2916038968 TSecr=3045558741 [TCP segment of a reassembled PDU]"
"45603","34.887319663","192.168.1.55","192.168.1.2","TCP","1514","8004  >  36408 [ACK] Seq=101550 Ack=144 Win=65024 Len=1448 TSval=2916038968 TSecr=3045558741 [TCP segment of a reassembled PDU]"
"45604","34.887320830","192.168.1.55","192.168.1.2","TCP","1514","8004  >  36408 [ACK] Seq=102998 Ack=144 Win=65024 Len=1448 TSval=2916038968 TSecr=3045558741 [TCP segment of a reassembled PDU]"
"45605","34.887322311","192.168.1.55","192.168.1.2","TCP","1514","8004  >  36408 [PSH, ACK] Seq=104446 Ack=144 Win=65024 Len=1448 TSval=2916038968 TSecr=3045558741 [TCP segment of a reassembled PDU]"
"45606","34.887600127","192.168.1.2","192.168.1.55","TCP","66","36408  >  8004 [ACK] Seq=144 Ack=66798 Win=57344 Len=0 TSval=3045558741 TSecr=2916038962"
"45607","34.887624553","192.168.1.55","192.168.1.2","TCP","1514","8004  >  36408 [ACK] Seq=105894 Ack=144 Win=65024 Len=1448 TSval=2916038968 TSecr=3045558741 [TCP segment of a reassembled PDU]"
"45608","34.887626479","192.168.1.55","192.168.1.2","TCP","1514","8004  >  36408 [ACK] Seq=107342 Ack=144 Win=65024 Len=1448 TSval=2916038968 TSecr=3045558741 [TCP segment of a reassembled PDU]"
"45609","34.887629293","192.168.1.55","192.168.1.2","TCP","1514","8004  >  36408 [ACK] Seq=108790 Ack=144 Win=65024 Len=1448 TSval=2916038968 TSecr=3045558741 [TCP segment of a reassembled PDU]"
"45610","34.887630756","192.168.1.55","192.168.1.2","TCP","1514","8004  >  36408 [ACK] Seq=110238 Ack=144 Win=65024 Len=1448 TSval=2916038968 TSecr=3045558741 [TCP segment of a reassembled PDU]"
"45611","34.887632090","192.168.1.55","192.168.1.2","TCP","1514","8004  >  36408 [ACK] Seq=111686 Ack=144 Win=65024 Len=1448 TSval=2916038968 TSecr=3045558741 [TCP segment of a reassembled PDU]"
"45612","34.887634553","192.168.1.55","192.168.1.2","TCP","1514","8004  >  36408 [PSH, ACK] Seq=113134 Ack=144 Win=65024 Len=1448 TSval=2916038968 TSecr=3045558741 [TCP segment of a reassembled PDU]"
"45613","34.887640016","192.168.1.2","192.168.1.55","TCP","66","36408  >  8004 [ACK] Seq=144 Ack=69694 Win=55296 Len=0 TSval=3045558741 TSecr=2916038962"
"45614","34.887644775","192.168.1.2","192.168.1.55","TCP","66","36408  >  8004 [ACK] Seq=144 Ack=76934 Win=73728 Len=0 TSval=3045558742 TSecr=2916038962"
"45615","34.887648275","192.168.1.2","192.168.1.55","TCP","66","36408  >  8004 [ACK] Seq=144 Ack=100102 Win=53248 Len=0 TSval=3045558742 TSecr=2916038962"
"45616","34.887728016","192.168.1.55","192.168.1.2","TCP","1514","8004  >  36408 [ACK] Seq=114582 Ack=144 Win=65024 Len=1448 TSval=2916038968 TSecr=3045558742 [TCP segment of a reassembled PDU]"
"45617","34.887733812","192.168.1.55","192.168.1.2","TCP","1514","8004  >  36408 [ACK] Seq=116030 Ack=144 Win=65024 Len=1448 TSval=2916038968 TSecr=3045558742 [TCP segment of a reassembled PDU]"
"45618","34.887735145","192.168.1.55","192.168.1.2","TCP","1514","8004  >  36408 [ACK] Seq=117478 Ack=144 Win=65024 Len=1448 TSval=2916038968 TSecr=3045558742 [TCP segment of a reassembled PDU]"
"45619","34.887737905","192.168.1.55","192.168.1.2","TCP","1514","8004  >  36408 [ACK] Seq=118926 Ack=144 Win=65024 Len=1448 TSval=2916038968 TSecr=3045558742 [TCP segment of a reassembled PDU]"
"45620","34.887739312","192.168.1.55","192.168.1.2","TCP","1514","8004  >  36408 [ACK] Seq=120374 Ack=144 Win=65024 Len=1448 TSval=2916038968 TSecr=3045558742 [TCP segment of a reassembled PDU]"
"45621","34.887740368","192.168.1.55","192.168.1.2","TCP","1514","8004  >  36408 [ACK] Seq=121822 Ack=144 Win=65024 Len=1448 TSval=2916038968 TSecr=3045558742 [TCP segment of a reassembled PDU]"
"45622","34.887741664","192.168.1.55","192.168.1.2","TCP","1514","8004  >  36408 [ACK] Seq=123270 Ack=144 Win=65024 Len=1448 TSval=2916038968 TSecr=3045558742 [TCP segment of a reassembled PDU]"
"45623","34.887742775","192.168.1.55","192.168.1.2","TCP","1514","8004  >  36408 [ACK] Seq=124718 Ack=144 Win=65024 Len=1448 TSval=2916038968 TSecr=3045558742 [TCP segment of a reassembled PDU]"
"45624","34.887743979","192.168.1.55","192.168.1.2","TCP","1514","8004  >  36408 [ACK] Seq=126166 Ack=144 Win=65024 Len=1448 TSval=2916038968 TSecr=3045558742 [TCP segment of a reassembled PDU]"
"45625","34.887745386","192.168.1.55","192.168.1.2","TCP","1514","8004  >  36408 [ACK] Seq=127614 Ack=144 Win=65024 Len=1448 TSval=2916038968 TSecr=3045558742 [TCP segment of a reassembled PDU]"
"45626","34.887747534","192.168.1.55","192.168.1.2","TCP","1514","8004  >  36408 [ACK] Seq=129062 Ack=144 Win=65024 Len=1448 TSval=2916038968 TSecr=3045558742 [TCP segment of a reassembled PDU]"
"45627","34.887749497","192.168.1.55","192.168.1.2","TCP","1514","8004  >  36408 [ACK] Seq=130510 Ack=144 Win=65024 Len=1448 TSval=2916038968 TSecr=3045558742 [TCP segment of a reassembled PDU]"
"45628","34.887750831","192.168.1.55","192.168.1.2","TCP","1514","8004  >  36408 [ACK] Seq=131958 Ack=144 Win=65024 Len=1448 TSval=2916038968 TSecr=3045558742 [TCP segment of a reassembled PDU]"
"45629","34.887752145","192.168.1.55","192.168.1.2","TCP","1514","8004  >  36408 [ACK] Seq=133406 Ack=144 Win=65024 Len=1448 TSval=2916038968 TSecr=3045558742 [TCP segment of a reassembled PDU]"
"45630","34.887753682","192.168.1.55","192.168.1.2","TCP","1514","8004  >  36408 [ACK] Seq=134854 Ack=144 Win=65024 Len=1448 TSval=2916038968 TSecr=3045558742 [TCP segment of a reassembled PDU]"
"45631","34.887756182","192.168.1.55","192.168.1.2","TCP","1514","8004  >  36408 [ACK] Seq=136302 Ack=144 Win=65024 Len=1448 TSval=2916038968 TSecr=3045558742 [TCP segment of a reassembled PDU]"
"45632","34.887757627","192.168.1.55","192.168.1.2","TCP","1514","8004  >  36408 [ACK] Seq=137750 Ack=144 Win=65024 Len=1448 TSval=2916038968 TSecr=3045558742 [TCP segment of a reassembled PDU]"
"45633","34.887758905","192.168.1.55","192.168.1.2","TCP","1514","8004  >  36408 [ACK] Seq=139198 Ack=144 Win=65024 Len=1448 TSval=2916038968 TSecr=3045558742 [TCP segment of a reassembled PDU]"
"45634","34.887759923","192.168.1.55","192.168.1.2","TCP","1514","8004  >  36408 [ACK] Seq=140646 Ack=144 Win=65024 Len=1448 TSval=2916038968 TSecr=3045558742 [TCP segment of a reassembled PDU]"
"45635","34.887761831","192.168.1.55","192.168.1.2","TCP","1514","8004  >  36408 [ACK] Seq=142094 Ack=144 Win=65024 Len=1448 TSval=2916038968 TSecr=3045558742 [TCP segment of a reassembled PDU]"
"45636","34.887763182","192.168.1.55","192.168.1.2","TCP","1514","8004  >  36408 [ACK] Seq=143542 Ack=144 Win=65024 Len=1448 TSval=2916038968 TSecr=3045558742 [TCP segment of a reassembled PDU]"
"45637","34.887765775","192.168.1.55","192.168.1.2","TCP","1514","8004  >  36408 [ACK] Seq=144990 Ack=144 Win=65024 Len=1448 TSval=2916038968 TSecr=3045558742 [TCP segment of a reassembled PDU]"
"45638","34.887767108","192.168.1.55","192.168.1.2","TCP","1514","8004  >  36408 [ACK] Seq=146438 Ack=144 Win=65024 Len=1448 TSval=2916038968 TSecr=3045558742 [TCP segment of a reassembled PDU]"
"45639","34.887768164","192.168.1.55","192.168.1.2","TCP","1514","8004  >  36408 [ACK] Seq=147886 Ack=144 Win=65024 Len=1448 TSval=2916038968 TSecr=3045558742 [TCP segment of a reassembled PDU]"
"45640","34.887769201","192.168.1.55","192.168.1.2","TCP","1514","8004  >  36408 [ACK] Seq=149334 Ack=144 Win=65024 Len=1448 TSval=2916038968 TSecr=3045558742 [TCP segment of a reassembled PDU]"
"45641","34.887770386","192.168.1.55","192.168.1.2","TCP","1514","8004  >  36408 [PSH, ACK] Seq=150782 Ack=144 Win=65024 Len=1448 TSval=2916038968 TSecr=3045558742 [TCP segment of a reassembled PDU]"
"45642","34.892787283","192.168.1.2","192.168.1.55","TCP","66","36408  >  8004 [ACK] Seq=144 Ack=105894 Win=72704 Len=0 TSval=3045558747 TSecr=2916038968"
"45643","34.892817246","192.168.1.55","192.168.1.2","TCP","1514","8004  >  36408 [ACK] Seq=152230 Ack=144 Win=65024 Len=1448 TSval=2916038973 TSecr=3045558747 [TCP segment of a reassembled PDU]"
"45644","34.892820228","192.168.1.55","192.168.1.2","TCP","1514","8004  >  36408 [ACK] Seq=153678 Ack=144 Win=65024 Len=1448 TSval=2916038973 TSecr=3045558747 [TCP segment of a reassembled PDU]"
"45645","34.892821413","192.168.1.55","192.168.1.2","TCP","1514","8004  >  36408 [ACK] Seq=155126 Ack=144 Win=65024 Len=1448 TSval=2916038973 TSecr=3045558747 [TCP segment of a reassembled PDU]"
"45646","34.892823024","192.168.1.55","192.168.1.2","TCP","1514","8004  >  36408 [ACK] Seq=156574 Ack=144 Win=65024 Len=1448 TSval=2916038973 TSecr=3045558747 [TCP segment of a reassembled PDU]"
"45647","34.892824209","192.168.1.55","192.168.1.2","TCP","1514","8004  >  36408 [ACK] Seq=158022 Ack=144 Win=65024 Len=1448 TSval=2916038973 TSecr=3045558747 [TCP segment of a reassembled PDU]"
"45648","34.892825505","192.168.1.55","192.168.1.2","TCP","1514","8004  >  36408 [ACK] Seq=159470 Ack=144 Win=65024 Len=1448 TSval=2916038973 TSecr=3045558747 [TCP segment of a reassembled PDU]"
"45649","34.892826672","192.168.1.55","192.168.1.2","TCP","1514","8004  >  36408 [ACK] Seq=160918 Ack=144 Win=65024 Len=1448 TSval=2916038973 TSecr=3045558747 [TCP segment of a reassembled PDU]"
"45650","34.892828172","192.168.1.55","192.168.1.2","TCP","1514","8004  >  36408 [ACK] Seq=162366 Ack=144 Win=65024 Len=1448 TSval=2916038973 TSecr=3045558747 [TCP segment of a reassembled PDU]"
"45651","34.892829505","192.168.1.55","192.168.1.2","TCP","1514","8004  >  36408 [ACK] Seq=163814 Ack=144 Win=65024 Len=1448 TSval=2916038973 TSecr=3045558747 [TCP segment of a reassembled PDU]"
"45652","34.892830672","192.168.1.55","192.168.1.2","TCP","1514","8004  >  36408 [ACK] Seq=165262 Ack=144 Win=65024 Len=1448 TSval=2916038973 TSecr=3045558747 [TCP segment of a reassembled PDU]"
"45653","34.892832005","192.168.1.55","192.168.1.2","TCP","1514","8004  >  36408 [ACK] Seq=166710 Ack=144 Win=65024 Len=1448 TSval=2916038973 TSecr=3045558747 [TCP segment of a reassembled PDU]"
"45654","34.892833191","192.168.1.55","192.168.1.2","TCP","1514","8004  >  36408 [ACK] Seq=168158 Ack=144 Win=65024 Len=1448 TSval=2916038973 TSecr=3045558747 [TCP segment of a reassembled PDU]"
"45655","34.892834394","192.168.1.55","192.168.1.2","TCP","1514","8004  >  36408 [ACK] Seq=169606 Ack=144 Win=65024 Len=1448 TSval=2916038973 TSecr=3045558747 [TCP segment of a reassembled PDU]"
"45656","34.892840968","192.168.1.55","192.168.1.2","TCP","1514","8004  >  36408 [ACK] Seq=171054 Ack=144 Win=65024 Len=1448 TSval=2916038973 TSecr=3045558747 [TCP segment of a reassembled PDU]"
"45657","34.892842709","192.168.1.55","192.168.1.2","TCP","1514","8004  >  36408 [ACK] Seq=172502 Ack=144 Win=65024 Len=1448 TSval=2916038973 TSecr=3045558747 [TCP segment of a reassembled PDU]"
"45658","34.892844061","192.168.1.55","192.168.1.2","TCP","1514","8004  >  36408 [ACK] Seq=173950 Ack=144 Win=65024 Len=1448 TSval=2916038973 TSecr=3045558747 [TCP segment of a reassembled PDU]"
"45659","34.892845302","192.168.1.55","192.168.1.2","TCP","1514","8004  >  36408 [ACK] Seq=175398 Ack=144 Win=65024 Len=1448 TSval=2916038973 TSecr=3045558747 [TCP segment of a reassembled PDU]"
"45660","34.892846616","192.168.1.55","192.168.1.2","TCP","1514","8004  >  36408 [ACK] Seq=176846 Ack=144 Win=65024 Len=1448 TSval=2916038973 TSecr=3045558747 [TCP segment of a reassembled PDU]"
"45661","34.892847802","192.168.1.55","192.168.1.2","TCP","370","[TCP Window Full] 8004  >  36408 [PSH, ACK] Seq=178294 Ack=144 Win=65024 Len=304 TSval=2916038973 TSecr=3045558747 [TCP segment of a reassembled PDU]"
"45662","34.893606303","192.168.1.2","192.168.1.55","TCP","66","36408  >  8004 [ACK] Seq=144 Ack=110238 Win=69632 Len=0 TSval=3045558747 TSecr=2916038968"
"45663","34.893615210","192.168.1.2","192.168.1.55","TCP","66","36408  >  8004 [ACK] Seq=144 Ack=114582 Win=86016 Len=0 TSval=3045558748 TSecr=2916038968"
"45664","34.893628321","192.168.1.55","192.168.1.2","TCP","1514","8004  >  36408 [ACK] Seq=178598 Ack=144 Win=65024 Len=1448 TSval=2916038974 TSecr=3045558748 [TCP segment of a reassembled PDU]"
"45665","34.893630303","192.168.1.55","192.168.1.2","TCP","1514","8004  >  36408 [ACK] Seq=180046 Ack=144 Win=65024 Len=1448 TSval=2916038974 TSecr=3045558748 [TCP segment of a reassembled PDU]"
"45666","34.893631525","192.168.1.55","192.168.1.2","TCP","1514","8004  >  36408 [ACK] Seq=181494 Ack=144 Win=65024 Len=1448 TSval=2916038974 TSecr=3045558748 [TCP segment of a reassembled PDU]"
"45667","34.893632877","192.168.1.55","192.168.1.2","TCP","1514","8004  >  36408 [ACK] Seq=182942 Ack=144 Win=65024 Len=1448 TSval=2916038974 TSecr=3045558748 [TCP segment of a reassembled PDU]"
"45668","34.893634118","192.168.1.55","192.168.1.2","TCP","1514","8004  >  36408 [ACK] Seq=184390 Ack=144 Win=65024 Len=1448 TSval=2916038974 TSecr=3045558748 [TCP segment of a reassembled PDU]"
"45669","34.893635377","192.168.1.55","192.168.1.2","TCP","1514","8004  >  36408 [ACK] Seq=185838 Ack=144 Win=65024 Len=1448 TSval=2916038974 TSecr=3045558748 [TCP segment of a reassembled PDU]"
"45670","34.893636562","192.168.1.55","192.168.1.2","TCP","1514","8004  >  36408 [PSH, ACK] Seq=187286 Ack=144 Win=65024 Len=1448 TSval=2916038974 TSecr=3045558748 [TCP segment of a reassembled PDU]"
"45671","34.893641470","192.168.1.55","192.168.1.2","TCP","1210","8004  >  36408 [PSH, ACK] Seq=188734 Ack=144 Win=65024 Len=1144 TSval=2916038974 TSecr=3045558748 [TCP segment of a reassembled PDU]"
"45672","34.893644766","192.168.1.2","192.168.1.55","TCP","66","36408  >  8004 [ACK] Seq=144 Ack=149334 Win=80896 Len=0 TSval=3045558748 TSecr=2916038968"
"45673","34.893680136","192.168.1.55","192.168.1.2","TCP","1514","8004  >  36408 [ACK] Seq=189878 Ack=144 Win=65024 Len=1448 TSval=2916038974 TSecr=3045558748 [TCP segment of a reassembled PDU]"
"45674","34.893682284","192.168.1.55","192.168.1.2","TCP","1514","8004  >  36408 [ACK] Seq=191326 Ack=144 Win=65024 Len=1448 TSval=2916038974 TSecr=3045558748 [TCP segment of a reassembled PDU]"
"45675","34.893683507","192.168.1.55","192.168.1.2","TCP","1514","8004  >  36408 [ACK] Seq=192774 Ack=144 Win=65024 Len=1448 TSval=2916038974 TSecr=3045558748 [TCP segment of a reassembled PDU]"
"45676","34.893684785","192.168.1.55","192.168.1.2","TCP","1514","8004  >  36408 [ACK] Seq=194222 Ack=144 Win=65024 Len=1448 TSval=2916038974 TSecr=3045558748 [TCP segment of a reassembled PDU]"
"45677","34.893686044","192.168.1.55","192.168.1.2","TCP","1514","8004  >  36408 [ACK] Seq=195670 Ack=144 Win=65024 Len=1448 TSval=2916038974 TSecr=3045558748 [TCP segment of a reassembled PDU]"
"45678","34.893687396","192.168.1.55","192.168.1.2","TCP","1514","8004  >  36408 [ACK] Seq=197118 Ack=144 Win=65024 Len=1448 TSval=2916038974 TSecr=3045558748 [TCP segment of a reassembled PDU]"
"45679","34.893688525","192.168.1.55","192.168.1.2","TCP","1514","8004  >  36408 [ACK] Seq=198566 Ack=144 Win=65024 Len=1448 TSval=2916038974 TSecr=3045558748 [TCP segment of a reassembled PDU]"
"45680","34.893689933","192.168.1.55","192.168.1.2","TCP","1514","8004  >  36408 [ACK] Seq=200014 Ack=144 Win=65024 Len=1448 TSval=2916038974 TSecr=3045558748 [TCP segment of a reassembled PDU]"
"45681","34.893691099","192.168.1.55","192.168.1.2","TCP","1514","8004  >  36408 [ACK] Seq=201462 Ack=144 Win=65024 Len=1448 TSval=2916038974 TSecr=3045558748 [TCP segment of a reassembled PDU]"
"45682","34.893692488","192.168.1.55","192.168.1.2","TCP","1514","8004  >  36408 [ACK] Seq=202910 Ack=144 Win=65024 Len=1448 TSval=2916038974 TSecr=3045558748 [TCP segment of a reassembled PDU]"
"45683","34.893693766","192.168.1.55","192.168.1.2","TCP","1514","8004  >  36408 [ACK] Seq=204358 Ack=144 Win=65024 Len=1448 TSval=2916038974 TSecr=3045558748 [TCP segment of a reassembled PDU]"
"45684","34.893694914","192.168.1.55","192.168.1.2","TCP","1514","8004  >  36408 [ACK] Seq=205806 Ack=144 Win=65024 Len=1448 TSval=2916038974 TSecr=3045558748 [TCP segment of a reassembled PDU]"
"45685","34.893696192","192.168.1.55","192.168.1.2","TCP","1514","8004  >  36408 [ACK] Seq=207254 Ack=144 Win=65024 Len=1448 TSval=2916038974 TSecr=3045558748 [TCP segment of a reassembled PDU]"
"45686","34.893697785","192.168.1.55","192.168.1.2","TCP","1514","8004  >  36408 [ACK] Seq=208702 Ack=144 Win=65024 Len=1448 TSval=2916038974 TSecr=3045558748 [TCP segment of a reassembled PDU]"
"45687","34.893699081","192.168.1.55","192.168.1.2","TCP","1514","8004  >  36408 [ACK] Seq=210150 Ack=144 Win=65024 Len=1448 TSval=2916038974 TSecr=3045558748 [TCP segment of a reassembled PDU]"
"45688","34.893700229","192.168.1.55","192.168.1.2","TCP","1514","8004  >  36408 [ACK] Seq=211598 Ack=144 Win=65024 Len=1448 TSval=2916038974 TSecr=3045558748 [TCP segment of a reassembled PDU]"
"45689","34.893701488","192.168.1.55","192.168.1.2","TCP","1514","8004  >  36408 [ACK] Seq=213046 Ack=144 Win=65024 Len=1448 TSval=2916038974 TSecr=3045558748 [TCP segment of a reassembled PDU]"
"45690","34.893702766","192.168.1.55","192.168.1.2","TCP","1514","8004  >  36408 [ACK] Seq=214494 Ack=144 Win=65024 Len=1448 TSval=2916038974 TSecr=3045558748 [TCP segment of a reassembled PDU]"
"45691","34.893704062","192.168.1.55","192.168.1.2","TCP","1514","8004  >  36408 [ACK] Seq=215942 Ack=144 Win=65024 Len=1448 TSval=2916038974 TSecr=3045558748 [TCP segment of a reassembled PDU]"
"45692","34.893705433","192.168.1.55","192.168.1.2","TCP","1514","8004  >  36408 [ACK] Seq=217390 Ack=144 Win=65024 Len=1448 TSval=2916038974 TSecr=3045558748 [TCP segment of a reassembled PDU]"
"45693","34.893706766","192.168.1.55","192.168.1.2","TCP","1514","8004  >  36408 [ACK] Seq=218838 Ack=144 Win=65024 Len=1448 TSval=2916038974 TSecr=3045558748 [TCP segment of a reassembled PDU]"
"45694","34.893708025","192.168.1.55","192.168.1.2","TCP","1514","8004  >  36408 [ACK] Seq=220286 Ack=144 Win=65024 Len=1448 TSval=2916038974 TSecr=3045558748 [TCP segment of a reassembled PDU]"
"45695","34.893709433","192.168.1.55","192.168.1.2","TCP","1514","8004  >  36408 [ACK] Seq=221734 Ack=144 Win=65024 Len=1448 TSval=2916038974 TSecr=3045558748 [TCP segment of a reassembled PDU]"
"45696","34.893710618","192.168.1.55","192.168.1.2","TCP","1514","8004  >  36408 [ACK] Seq=223182 Ack=144 Win=65024 Len=1448 TSval=2916038974 TSecr=3045558748 [TCP segment of a reassembled PDU]"
"45697","34.893711933","192.168.1.55","192.168.1.2","TCP","1514","8004  >  36408 [ACK] Seq=224630 Ack=144 Win=65024 Len=1448 TSval=2916038974 TSecr=3045558748 [TCP segment of a reassembled PDU]"
"45698","34.893713451","192.168.1.55","192.168.1.2","TCP","1514","8004  >  36408 [PSH, ACK] Seq=226078 Ack=144 Win=65024 Len=1448 TSval=2916038974 TSecr=3045558748 [TCP segment of a reassembled PDU]"
"45699","34.897753939","192.168.1.2","192.168.1.55","TCP","66","36408  >  8004 [ACK] Seq=144 Ack=152230 Win=91136 Len=0 TSval=3045558748 TSecr=2916038968"
"45700","34.897776198","192.168.1.55","192.168.1.2","TCP","1514","8004  >  36408 [ACK] Seq=227526 Ack=144 Win=65024 Len=1448 TSval=2916038978 TSecr=3045558748 [TCP segment of a reassembled PDU]"
"45701","34.897778736","192.168.1.55","192.168.1.2","TCP","1514","8004  >  36408 [ACK] Seq=228974 Ack=144 Win=65024 Len=1448 TSval=2916038978 TSecr=3045558748 [TCP segment of a reassembled PDU]"
"45702","34.897779921","192.168.1.55","192.168.1.2","TCP","1514","8004  >  36408 [ACK] Seq=230422 Ack=144 Win=65024 Len=1448 TSval=2916038978 TSecr=3045558748 [TCP segment of a reassembled PDU]"
"45703","34.897781198","192.168.1.55","192.168.1.2","TCP","1514","8004  >  36408 [ACK] Seq=231870 Ack=144 Win=65024 Len=1448 TSval=2916038978 TSecr=3045558748 [TCP segment of a reassembled PDU]"
"45704","34.897782365","192.168.1.55","192.168.1.2","TCP","1514","8004  >  36408 [ACK] Seq=233318 Ack=144 Win=65024 Len=1448 TSval=2916038978 TSecr=3045558748 [TCP segment of a reassembled PDU]"
"45705","34.897783680","192.168.1.55","192.168.1.2","TCP","1514","8004  >  36408 [ACK] Seq=234766 Ack=144 Win=65024 Len=1448 TSval=2916038978 TSecr=3045558748 [TCP segment of a reassembled PDU]"
"45706","34.897784939","192.168.1.55","192.168.1.2","TCP","1514","8004  >  36408 [ACK] Seq=236214 Ack=144 Win=65024 Len=1448 TSval=2916038978 TSecr=3045558748 [TCP segment of a reassembled PDU]"
"45707","34.897786254","192.168.1.55","192.168.1.2","TCP","1514","8004  >  36408 [ACK] Seq=237662 Ack=144 Win=65024 Len=1448 TSval=2916038978 TSecr=3045558748 [TCP segment of a reassembled PDU]"
"45708","34.897787384","192.168.1.55","192.168.1.2","TCP","1514","8004  >  36408 [ACK] Seq=239110 Ack=144 Win=65024 Len=1448 TSval=2916038978 TSecr=3045558748 [TCP segment of a reassembled PDU]"
"45709","34.897788550","192.168.1.55","192.168.1.2","TCP","1514","8004  >  36408 [PSH, ACK] Seq=240558 Ack=144 Win=65024 Len=1448 TSval=2916038978 TSecr=3045558748 [TCP segment of a reassembled PDU]"
"45710","34.900307721","192.168.1.2","192.168.1.55","TCP","66","36408  >  8004 [ACK] Seq=144 Ack=162366 Win=100352 Len=0 TSval=3045558753 TSecr=2916038973"
"45711","34.900384369","192.168.1.55","192.168.1.2","TCP","1514","8004  >  36408 [ACK] Seq=242006 Ack=144 Win=65024 Len=1448 TSval=2916038981 TSecr=3045558753 [TCP segment of a reassembled PDU]"
"45712","34.900391555","192.168.1.55","192.168.1.2","TCP","1514","8004  >  36408 [ACK] Seq=243454 Ack=144 Win=65024 Len=1448 TSval=2916038981 TSecr=3045558753 [TCP segment of a reassembled PDU]"
"45713","34.900394073","192.168.1.55","192.168.1.2","TCP","1514","8004  >  36408 [ACK] Seq=244902 Ack=144 Win=65024 Len=1448 TSval=2916038981 TSecr=3045558753 [TCP segment of a reassembled PDU]"
"45714","34.900395443","192.168.1.55","192.168.1.2","TCP","1514","8004  >  36408 [ACK] Seq=246350 Ack=144 Win=65024 Len=1448 TSval=2916038981 TSecr=3045558753 [TCP segment of a reassembled PDU]"
"45715","34.900396999","192.168.1.55","192.168.1.2","TCP","1514","8004  >  36408 [ACK] Seq=247798 Ack=144 Win=65024 Len=1448 TSval=2916038981 TSecr=3045558753 [TCP segment of a reassembled PDU]"
"45716","34.900399184","192.168.1.55","192.168.1.2","TCP","1514","8004  >  36408 [ACK] Seq=249246 Ack=144 Win=65024 Len=1448 TSval=2916038981 TSecr=3045558753 [TCP segment of a reassembled PDU]"
"45717","34.900400980","192.168.1.55","192.168.1.2","TCP","1514","8004  >  36408 [ACK] Seq=250694 Ack=144 Win=65024 Len=1448 TSval=2916038981 TSecr=3045558753 [TCP segment of a reassembled PDU]"
"45718","34.900402314","192.168.1.55","192.168.1.2","TCP","1514","8004  >  36408 [ACK] Seq=252142 Ack=144 Win=65024 Len=1448 TSval=2916038981 TSecr=3045558753 [TCP segment of a reassembled PDU]"
"45719","34.900403832","192.168.1.55","192.168.1.2","TCP","1514","8004  >  36408 [ACK] Seq=253590 Ack=144 Win=65024 Len=1448 TSval=2916038981 TSecr=3045558753 [TCP segment of a reassembled PDU]"
"45720","34.900406017","192.168.1.55","192.168.1.2","TCP","1514","8004  >  36408 [ACK] Seq=255038 Ack=144 Win=65024 Len=1448 TSval=2916038981 TSecr=3045558753 [TCP segment of a reassembled PDU]"
"45721","34.900408462","192.168.1.55","192.168.1.2","TCP","1514","8004  >  36408 [ACK] Seq=256486 Ack=144 Win=65024 Len=1448 TSval=2916038981 TSecr=3045558753 [TCP segment of a reassembled PDU]"
"45722","34.900410184","192.168.1.55","192.168.1.2","TCP","1514","8004  >  36408 [ACK] Seq=257934 Ack=144 Win=65024 Len=1448 TSval=2916038981 TSecr=3045558753 [TCP segment of a reassembled PDU]"
"45723","34.900412110","192.168.1.55","192.168.1.2","TCP","1514","8004  >  36408 [ACK] Seq=259382 Ack=144 Win=65024 Len=1448 TSval=2916038981 TSecr=3045558753 [TCP segment of a reassembled PDU]"
"45724","34.900414147","192.168.1.55","192.168.1.2","TCP","1514","8004  >  36408 [PSH, ACK] Seq=260830 Ack=144 Win=65024 Len=1448 TSval=2916038981 TSecr=3045558753 [TCP segment of a reassembled PDU]"
"45725","34.900499518","192.168.1.2","192.168.1.55","TCP","66","36408  >  8004 [ACK] Seq=144 Ack=185838 Win=91136 Len=0 TSval=3045558753 TSecr=2916038973"
"45726","34.900521870","192.168.1.55","192.168.1.2","TCP","1514","8004  >  36408 [ACK] Seq=262278 Ack=144 Win=65024 Len=1448 TSval=2916038981 TSecr=3045558753 [TCP segment of a reassembled PDU]"
"45727","34.900523777","192.168.1.55","192.168.1.2","TCP","1514","8004  >  36408 [PSH, ACK] Seq=263726 Ack=144 Win=65024 Len=1448 TSval=2916038981 TSecr=3045558753 [TCP segment of a reassembled PDU]"
"45728","34.900529740","192.168.1.2","192.168.1.55","TCP","66","36408  >  8004 [ACK] Seq=144 Ack=188734 Win=105472 Len=0 TSval=3045558753 TSecr=2916038974"
"45729","34.900536258","192.168.1.2","192.168.1.55","TCP","66","36408  >  8004 [ACK] Seq=144 Ack=189878 Win=106496 Len=0 TSval=3045558753 TSecr=2916038974"
"45730","34.900541592","192.168.1.2","192.168.1.55","TCP","66","36408  >  8004 [ACK] Seq=144 Ack=220286 Win=86016 Len=0 TSval=3045558753 TSecr=2916038974"
"45731","34.900589796","192.168.1.55","192.168.1.2","TCP","1514","8004  >  36408 [ACK] Seq=265174 Ack=144 Win=65024 Len=1448 TSval=2916038981 TSecr=3045558753 [TCP segment of a reassembled PDU]"
"45732","34.900594203","192.168.1.55","192.168.1.2","TCP","1514","8004  >  36408 [ACK] Seq=266622 Ack=144 Win=65024 Len=1448 TSval=2916038981 TSecr=3045558753 [TCP segment of a reassembled PDU]"
"45733","34.900595573","192.168.1.55","192.168.1.2","TCP","1514","8004  >  36408 [ACK] Seq=268070 Ack=144 Win=65024 Len=1448 TSval=2916038981 TSecr=3045558753 [TCP segment of a reassembled PDU]"
"45734","34.900597073","192.168.1.55","192.168.1.2","TCP","1514","8004  >  36408 [ACK] Seq=269518 Ack=144 Win=65024 Len=1448 TSval=2916038981 TSecr=3045558753 [TCP segment of a reassembled PDU]"
"45735","34.900598962","192.168.1.55","192.168.1.2","TCP","1514","8004  >  36408 [ACK] Seq=270966 Ack=144 Win=65024 Len=1448 TSval=2916038981 TSecr=3045558753 [TCP segment of a reassembled PDU]"
"45736","34.900601388","192.168.1.55","192.168.1.2","TCP","1514","8004  >  36408 [ACK] Seq=272414 Ack=144 Win=65024 Len=1448 TSval=2916038981 TSecr=3045558753 [TCP segment of a reassembled PDU]"
"45737","34.900602888","192.168.1.55","192.168.1.2","TCP","1514","8004  >  36408 [ACK] Seq=273862 Ack=144 Win=65024 Len=1448 TSval=2916038981 TSecr=3045558753 [TCP segment of a reassembled PDU]"
"45738","34.900604444","192.168.1.55","192.168.1.2","TCP","1514","8004  >  36408 [ACK] Seq=275310 Ack=144 Win=65024 Len=1448 TSval=2916038981 TSecr=3045558753 [TCP segment of a reassembled PDU]"
"45739","34.900607129","192.168.1.55","192.168.1.2","TCP","1514","8004  >  36408 [ACK] Seq=276758 Ack=144 Win=65024 Len=1448 TSval=2916038981 TSecr=3045558753 [TCP segment of a reassembled PDU]"
"45740","34.900608499","192.168.1.55","192.168.1.2","TCP","1514","8004  >  36408 [ACK] Seq=278206 Ack=144 Win=65024 Len=1448 TSval=2916038981 TSecr=3045558753 [TCP segment of a reassembled PDU]"
"45741","34.900609981","192.168.1.55","192.168.1.2","TCP","1514","8004  >  36408 [ACK] Seq=279654 Ack=144 Win=65024 Len=1448 TSval=2916038981 TSecr=3045558753 [TCP segment of a reassembled PDU]"
"45742","34.900611573","192.168.1.55","192.168.1.2","TCP","1514","8004  >  36408 [ACK] Seq=281102 Ack=144 Win=65024 Len=1448 TSval=2916038981 TSecr=3045558753 [TCP segment of a reassembled PDU]"
"45743","34.900613629","192.168.1.55","192.168.1.2","TCP","1514","8004  >  36408 [ACK] Seq=282550 Ack=144 Win=65024 Len=1448 TSval=2916038981 TSecr=3045558753 [TCP segment of a reassembled PDU]"
"45744","34.900615518","192.168.1.55","192.168.1.2","TCP","1514","8004  >  36408 [ACK] Seq=283998 Ack=144 Win=65024 Len=1448 TSval=2916038981 TSecr=3045558753 [TCP segment of a reassembled PDU]"
"45745","34.900616944","192.168.1.55","192.168.1.2","TCP","1514","8004  >  36408 [ACK] Seq=285446 Ack=144 Win=65024 Len=1448 TSval=2916038981 TSecr=3045558753 [TCP segment of a reassembled PDU]"
"45746","34.900619333","192.168.1.55","192.168.1.2","TCP","1514","8004  >  36408 [ACK] Seq=286894 Ack=144 Win=65024 Len=1448 TSval=2916038981 TSecr=3045558753 [TCP segment of a reassembled PDU]"
"45747","34.900621333","192.168.1.55","192.168.1.2","TCP","1514","8004  >  36408 [ACK] Seq=288342 Ack=144 Win=65024 Len=1448 TSval=2916038981 TSecr=3045558753 [TCP segment of a reassembled PDU]"
"45748","34.900622962","192.168.1.55","192.168.1.2","TCP","1514","8004  >  36408 [ACK] Seq=289790 Ack=144 Win=65024 Len=1448 TSval=2916038981 TSecr=3045558753 [TCP segment of a reassembled PDU]"
"45749","34.900624999","192.168.1.55","192.168.1.2","TCP","1514","8004  >  36408 [ACK] Seq=291238 Ack=144 Win=65024 Len=1448 TSval=2916038981 TSecr=3045558753 [TCP segment of a reassembled PDU]"
"45750","34.900626851","192.168.1.55","192.168.1.2","TCP","1514","8004  >  36408 [ACK] Seq=292686 Ack=144 Win=65024 Len=1448 TSval=2916038981 TSecr=3045558753 [TCP segment of a reassembled PDU]"
"45751","34.900628333","192.168.1.55","192.168.1.2","TCP","1514","8004  >  36408 [ACK] Seq=294134 Ack=144 Win=65024 Len=1448 TSval=2916038981 TSecr=3045558753 [TCP segment of a reassembled PDU]"
"45752","34.900629740","192.168.1.55","192.168.1.2","TCP","1514","8004  >  36408 [ACK] Seq=295582 Ack=144 Win=65024 Len=1448 TSval=2916038981 TSecr=3045558753 [TCP segment of a reassembled PDU]"
"45753","34.900631444","192.168.1.55","192.168.1.2","TCP","1514","8004  >  36408 [ACK] Seq=297030 Ack=144 Win=65024 Len=1448 TSval=2916038981 TSecr=3045558753 [TCP segment of a reassembled PDU]"
"45754","34.900634166","192.168.1.55","192.168.1.2","TCP","1514","8004  >  36408 [ACK] Seq=298478 Ack=144 Win=65024 Len=1448 TSval=2916038981 TSecr=3045558753 [TCP segment of a reassembled PDU]"
"45755","34.900635685","192.168.1.55","192.168.1.2","TCP","1514","8004  >  36408 [ACK] Seq=299926 Ack=144 Win=65024 Len=1448 TSval=2916038981 TSecr=3045558753 [TCP segment of a reassembled PDU]"
"45756","34.900637259","192.168.1.55","192.168.1.2","TCP","1514","8004  >  36408 [PSH, ACK] Seq=301374 Ack=144 Win=65024 Len=1448 TSval=2916038981 TSecr=3045558753 [TCP segment of a reassembled PDU]"
"45757","34.904939784","192.168.1.2","192.168.1.55","TCP","66","36408  >  8004 [ACK] Seq=144 Ack=224630 Win=104448 Len=0 TSval=3045558756 TSecr=2916038974"
"45758","34.904993488","192.168.1.55","192.168.1.2","TCP","1514","8004  >  36408 [ACK] Seq=302822 Ack=144 Win=65024 Len=1448 TSval=2916038985 TSecr=3045558756 [TCP segment of a reassembled PDU]"
"45759","34.904996747","192.168.1.55","192.168.1.2","TCP","1514","8004  >  36408 [ACK] Seq=304270 Ack=144 Win=65024 Len=1448 TSval=2916038985 TSecr=3045558756 [TCP segment of a reassembled PDU]"
"45760","34.904998766","192.168.1.55","192.168.1.2","TCP","1514","8004  >  36408 [ACK] Seq=305718 Ack=144 Win=65024 Len=1448 TSval=2916038985 TSecr=3045558756 [TCP segment of a reassembled PDU]"
"45761","34.905000117","192.168.1.55","192.168.1.2","TCP","1514","8004  >  36408 [ACK] Seq=307166 Ack=144 Win=65024 Len=1448 TSval=2916038985 TSecr=3045558756 [TCP segment of a reassembled PDU]"
"45762","34.905001506","192.168.1.55","192.168.1.2","TCP","1514","8004  >  36408 [ACK] Seq=308614 Ack=144 Win=65024 Len=1448 TSval=2916038985 TSecr=3045558756 [TCP segment of a reassembled PDU]"
"45763","34.905003099","192.168.1.55","192.168.1.2","TCP","1514","8004  >  36408 [ACK] Seq=310062 Ack=144 Win=65024 Len=1448 TSval=2916038985 TSecr=3045558756 [TCP segment of a reassembled PDU]"
"45764","34.905004877","192.168.1.55","192.168.1.2","TCP","1514","8004  >  36408 [ACK] Seq=311510 Ack=144 Win=65024 Len=1448 TSval=2916038985 TSecr=3045558756 [TCP segment of a reassembled PDU]"
"45765","34.905006914","192.168.1.55","192.168.1.2","TCP","1514","8004  >  36408 [ACK] Seq=312958 Ack=144 Win=65024 Len=1448 TSval=2916038985 TSecr=3045558756 [TCP segment of a reassembled PDU]"
"45766","34.905008562","192.168.1.55","192.168.1.2","TCP","1514","8004  >  36408 [ACK] Seq=314406 Ack=144 Win=65024 Len=1448 TSval=2916038985 TSecr=3045558756 [TCP segment of a reassembled PDU]"
"45767","34.905009895","192.168.1.55","192.168.1.2","TCP","1514","8004  >  36408 [ACK] Seq=315854 Ack=144 Win=65024 Len=1448 TSval=2916038985 TSecr=3045558756 [TCP segment of a reassembled PDU]"
"45768","34.905011543","192.168.1.55","192.168.1.2","TCP","1514","8004  >  36408 [ACK] Seq=317302 Ack=144 Win=65024 Len=1448 TSval=2916038985 TSecr=3045558756 [TCP segment of a reassembled PDU]"
"45769","34.905013895","192.168.1.55","192.168.1.2","TCP","1514","8004  >  36408 [ACK] Seq=318750 Ack=144 Win=65024 Len=1448 TSval=2916038985 TSecr=3045558756 [TCP segment of a reassembled PDU]"
"45770","34.905016154","192.168.1.55","192.168.1.2","TCP","1514","8004  >  36408 [ACK] Seq=320198 Ack=144 Win=65024 Len=1448 TSval=2916038985 TSecr=3045558756 [TCP segment of a reassembled PDU]"
"45771","34.905017562","192.168.1.55","192.168.1.2","TCP","1514","8004  >  36408 [ACK] Seq=321646 Ack=144 Win=65024 Len=1448 TSval=2916038985 TSecr=3045558756 [TCP segment of a reassembled PDU]"
"45772","34.905018951","192.168.1.55","192.168.1.2","TCP","1514","8004  >  36408 [ACK] Seq=323094 Ack=144 Win=65024 Len=1448 TSval=2916038985 TSecr=3045558756 [TCP segment of a reassembled PDU]"
"45773","34.905020432","192.168.1.55","192.168.1.2","TCP","1514","8004  >  36408 [ACK] Seq=324542 Ack=144 Win=65024 Len=1448 TSval=2916038985 TSecr=3045558756 [TCP segment of a reassembled PDU]"
"45774","34.905022655","192.168.1.55","192.168.1.2","TCP","1514","8004  >  36408 [ACK] Seq=325990 Ack=144 Win=65024 Len=1448 TSval=2916038985 TSecr=3045558756 [TCP segment of a reassembled PDU]"
"45775","34.905024451","192.168.1.55","192.168.1.2","TCP","1514","8004  >  36408 [ACK] Seq=327438 Ack=144 Win=65024 Len=1448 TSval=2916038985 TSecr=3045558756 [TCP segment of a reassembled PDU]"
"45776","34.905025747","192.168.1.55","192.168.1.2","TCP","258","[TCP Window Full] 8004  >  36408 [PSH, ACK] Seq=328886 Ack=144 Win=65024 Len=192 TSval=2916038985 TSecr=3045558756 [TCP segment of a reassembled PDU]"
"45777","34.905059340","192.168.1.2","192.168.1.55","TCP","66","36408  >  8004 [ACK] Seq=144 Ack=242006 Win=91136 Len=0 TSval=3045558756 TSecr=2916038974"
"45778","34.909136865","192.168.1.2","192.168.1.55","TCP","66","36408  >  8004 [ACK] Seq=144 Ack=262278 Win=92160 Len=0 TSval=3045558760 TSecr=2916038981"
"45779","34.909155624","192.168.1.55","192.168.1.2","TCP","1514","8004  >  36408 [ACK] Seq=329078 Ack=144 Win=65024 Len=1448 TSval=2916038989 TSecr=3045558760 [TCP segment of a reassembled PDU]"
"45780","34.909158402","192.168.1.55","192.168.1.2","TCP","1514","8004  >  36408 [ACK] Seq=330526 Ack=144 Win=65024 Len=1448 TSval=2916038989 TSecr=3045558760 [TCP segment of a reassembled PDU]"
"45781","34.909159846","192.168.1.55","192.168.1.2","TCP","1514","8004  >  36408 [ACK] Seq=331974 Ack=144 Win=65024 Len=1448 TSval=2916038989 TSecr=3045558760 [TCP segment of a reassembled PDU]"
"45782","34.909161143","192.168.1.55","192.168.1.2","TCP","1514","8004  >  36408 [ACK] Seq=333422 Ack=144 Win=65024 Len=1448 TSval=2916038989 TSecr=3045558760 [TCP segment of a reassembled PDU]"
"45783","34.909162606","192.168.1.55","192.168.1.2","TCP","1514","8004  >  36408 [ACK] Seq=334870 Ack=144 Win=65024 Len=1448 TSval=2916038989 TSecr=3045558760 [TCP segment of a reassembled PDU]"
"45784","34.909163846","192.168.1.55","192.168.1.2","TCP","1514","8004  >  36408 [ACK] Seq=336318 Ack=144 Win=65024 Len=1448 TSval=2916038989 TSecr=3045558760 [TCP segment of a reassembled PDU]"
"45785","34.909165106","192.168.1.55","192.168.1.2","TCP","1514","8004  >  36408 [PSH, ACK] Seq=337766 Ack=144 Win=65024 Len=1448 TSval=2916038989 TSecr=3045558760 [TCP segment of a reassembled PDU]"
"45786","34.909170735","192.168.1.55","192.168.1.2","TCP","1322","8004  >  36408 [ACK] Seq=339214 Ack=144 Win=65024 Len=1256 TSval=2916038989 TSecr=3045558760 [TCP segment of a reassembled PDU]"
"45787","34.909573273","192.168.1.2","192.168.1.55","TCP","66","36408  >  8004 [ACK] Seq=144 Ack=263726 Win=109568 Len=0 TSval=3045558760 TSecr=2916038981"
"45788","34.909580680","192.168.1.2","192.168.1.55","TCP","66","36408  >  8004 [ACK] Seq=144 Ack=265174 Win=112640 Len=0 TSval=3045558760 TSecr=2916038981"
"45789","34.909585532","192.168.1.2","192.168.1.55","TCP","66","36408  >  8004 [ACK] Seq=144 Ack=301374 Win=119808 Len=0 TSval=3045558760 TSecr=2916038981"
"45790","34.909613625","192.168.1.55","192.168.1.2","TCP","1514","8004  >  36408 [ACK] Seq=340470 Ack=144 Win=65024 Len=1448 TSval=2916038990 TSecr=3045558760 [TCP segment of a reassembled PDU]"
"45791","34.909615606","192.168.1.55","192.168.1.2","TCP","1514","8004  >  36408 [ACK] Seq=341918 Ack=144 Win=65024 Len=1448 TSval=2916038990 TSecr=3045558760 [TCP segment of a reassembled PDU]"
"45792","34.909617069","192.168.1.55","192.168.1.2","TCP","1514","8004  >  36408 [ACK] Seq=343366 Ack=144 Win=65024 Len=1448 TSval=2916038990 TSecr=3045558760 [TCP segment of a reassembled PDU]"
"45793","34.909618495","192.168.1.55","192.168.1.2","TCP","1514","8004  >  36408 [ACK] Seq=344814 Ack=144 Win=65024 Len=1448 TSval=2916038990 TSecr=3045558760 [TCP segment of a reassembled PDU]"
"45794","34.909619866","192.168.1.55","192.168.1.2","TCP","1514","8004  >  36408 [ACK] Seq=346262 Ack=144 Win=65024 Len=1448 TSval=2916038990 TSecr=3045558760 [TCP segment of a reassembled PDU]"
"45795","34.909621254","192.168.1.55","192.168.1.2","TCP","1514","8004  >  36408 [ACK] Seq=347710 Ack=144 Win=65024 Len=1448 TSval=2916038990 TSecr=3045558760 [TCP segment of a reassembled PDU]"
"45796","34.909623088","192.168.1.55","192.168.1.2","TCP","1514","8004  >  36408 [ACK] Seq=349158 Ack=144 Win=65024 Len=1448 TSval=2916038990 TSecr=3045558760 [TCP segment of a reassembled PDU]"
"45797","34.909624532","192.168.1.55","192.168.1.2","TCP","1514","8004  >  36408 [ACK] Seq=350606 Ack=144 Win=65024 Len=1448 TSval=2916038990 TSecr=3045558760 [TCP segment of a reassembled PDU]"
"45798","34.909625847","192.168.1.55","192.168.1.2","TCP","1514","8004  >  36408 [ACK] Seq=352054 Ack=144 Win=65024 Len=1448 TSval=2916038990 TSecr=3045558760 [TCP segment of a reassembled PDU]"
"45799","34.909627403","192.168.1.55","192.168.1.2","TCP","1514","8004  >  36408 [ACK] Seq=353502 Ack=144 Win=65024 Len=1448 TSval=2916038990 TSecr=3045558760 [TCP segment of a reassembled PDU]"
"45800","34.909628717","192.168.1.55","192.168.1.2","TCP","1514","8004  >  36408 [ACK] Seq=354950 Ack=144 Win=65024 Len=1448 TSval=2916038990 TSecr=3045558760 [TCP segment of a reassembled PDU]"
"45801","34.909630106","192.168.1.55","192.168.1.2","TCP","1514","8004  >  36408 [ACK] Seq=356398 Ack=144 Win=65024 Len=1448 TSval=2916038990 TSecr=3045558760 [TCP segment of a reassembled PDU]"
"45802","34.909631458","192.168.1.55","192.168.1.2","TCP","1514","8004  >  36408 [ACK] Seq=357846 Ack=144 Win=65024 Len=1448 TSval=2916038990 TSecr=3045558760 [TCP segment of a reassembled PDU]"
"45803","34.909632810","192.168.1.55","192.168.1.2","TCP","1514","8004  >  36408 [ACK] Seq=359294 Ack=144 Win=65024 Len=1448 TSval=2916038990 TSecr=3045558760 [TCP segment of a reassembled PDU]"
"45804","34.909634180","192.168.1.55","192.168.1.2","TCP","1514","8004  >  36408 [ACK] Seq=360742 Ack=144 Win=65024 Len=1448 TSval=2916038990 TSecr=3045558760 [TCP segment of a reassembled PDU]"
"45805","34.909635477","192.168.1.55","192.168.1.2","TCP","1514","8004  >  36408 [ACK] Seq=362190 Ack=144 Win=65024 Len=1448 TSval=2916038990 TSecr=3045558760 [TCP segment of a reassembled PDU]"
"45806","34.909636940","192.168.1.55","192.168.1.2","TCP","1514","8004  >  36408 [ACK] Seq=363638 Ack=144 Win=65024 Len=1448 TSval=2916038990 TSecr=3045558760 [TCP segment of a reassembled PDU]"
"45807","34.909638310","192.168.1.55","192.168.1.2","TCP","1514","8004  >  36408 [ACK] Seq=365086 Ack=144 Win=65024 Len=1448 TSval=2916038990 TSecr=3045558760 [TCP segment of a reassembled PDU]"
"45808","34.909639588","192.168.1.55","192.168.1.2","TCP","1514","8004  >  36408 [ACK] Seq=366534 Ack=144 Win=65024 Len=1448 TSval=2916038990 TSecr=3045558760 [TCP segment of a reassembled PDU]"
"45809","34.909640977","192.168.1.55","192.168.1.2","TCP","1514","8004  >  36408 [ACK] Seq=367982 Ack=144 Win=65024 Len=1448 TSval=2916038990 TSecr=3045558760 [TCP segment of a reassembled PDU]"
"45810","34.909642440","192.168.1.55","192.168.1.2","TCP","1514","8004  >  36408 [ACK] Seq=369430 Ack=144 Win=65024 Len=1448 TSval=2916038990 TSecr=3045558760 [TCP segment of a reassembled PDU]"
"45811","34.909643829","192.168.1.55","192.168.1.2","TCP","1514","8004  >  36408 [ACK] Seq=370878 Ack=144 Win=65024 Len=1448 TSval=2916038990 TSecr=3045558760 [TCP segment of a reassembled PDU]"
"45812","34.909645217","192.168.1.55","192.168.1.2","TCP","1514","8004  >  36408 [ACK] Seq=372326 Ack=144 Win=65024 Len=1448 TSval=2916038990 TSecr=3045558760 [TCP segment of a reassembled PDU]"
"45813","34.909646662","192.168.1.55","192.168.1.2","TCP","1514","8004  >  36408 [ACK] Seq=373774 Ack=144 Win=65024 Len=1448 TSval=2916038990 TSecr=3045558760 [TCP segment of a reassembled PDU]"
"45814","34.909648236","192.168.1.55","192.168.1.2","TCP","1514","8004  >  36408 [ACK] Seq=375222 Ack=144 Win=65024 Len=1448 TSval=2916038990 TSecr=3045558760 [TCP segment of a reassembled PDU]"
"45815","34.909649625","192.168.1.55","192.168.1.2","TCP","1514","8004  >  36408 [PSH, ACK] Seq=376670 Ack=144 Win=65024 Len=1448 TSval=2916038990 TSecr=3045558760 [TCP segment of a reassembled PDU]"
"45816","34.909682236","192.168.1.55","192.168.1.2","TCP","1514","8004  >  36408 [ACK] Seq=378118 Ack=144 Win=65024 Len=1448 TSval=2916038990 TSecr=3045558760 [TCP segment of a reassembled PDU]"
"45817","34.909684366","192.168.1.55","192.168.1.2","TCP","1514","8004  >  36408 [ACK] Seq=379566 Ack=144 Win=65024 Len=1448 TSval=2916038990 TSecr=3045558760 [TCP segment of a reassembled PDU]"
"45818","34.909686051","192.168.1.55","192.168.1.2","TCP","1514","8004  >  36408 [ACK] Seq=381014 Ack=144 Win=65024 Len=1448 TSval=2916038990 TSecr=3045558760 [TCP segment of a reassembled PDU]"
"45819","34.909687495","192.168.1.55","192.168.1.2","TCP","1514","8004  >  36408 [ACK] Seq=382462 Ack=144 Win=65024 Len=1448 TSval=2916038990 TSecr=3045558760 [TCP segment of a reassembled PDU]"
"45820","34.909688903","192.168.1.55","192.168.1.2","TCP","1514","8004  >  36408 [ACK] Seq=383910 Ack=144 Win=65024 Len=1448 TSval=2916038990 TSecr=3045558760 [TCP segment of a reassembled PDU]"
"45821","34.909690384","192.168.1.55","192.168.1.2","TCP","1514","8004  >  36408 [ACK] Seq=385358 Ack=144 Win=65024 Len=1448 TSval=2916038990 TSecr=3045558760 [TCP segment of a reassembled PDU]"
"45822","34.909691958","192.168.1.55","192.168.1.2","TCP","1514","8004  >  36408 [ACK] Seq=386806 Ack=144 Win=65024 Len=1448 TSval=2916038990 TSecr=3045558760 [TCP segment of a reassembled PDU]"
"45823","34.909693255","192.168.1.55","192.168.1.2","TCP","1514","8004  >  36408 [ACK] Seq=388254 Ack=144 Win=65024 Len=1448 TSval=2916038990 TSecr=3045558760 [TCP segment of a reassembled PDU]"
"45824","34.909694755","192.168.1.55","192.168.1.2","TCP","1514","8004  >  36408 [ACK] Seq=389702 Ack=144 Win=65024 Len=1448 TSval=2916038990 TSecr=3045558760 [TCP segment of a reassembled PDU]"
"45825","34.909696162","192.168.1.55","192.168.1.2","TCP","1514","8004  >  36408 [ACK] Seq=391150 Ack=144 Win=65024 Len=1448 TSval=2916038990 TSecr=3045558760 [TCP segment of a reassembled PDU]"
"45826","34.909697532","192.168.1.55","192.168.1.2","TCP","1514","8004  >  36408 [ACK] Seq=392598 Ack=144 Win=65024 Len=1448 TSval=2916038990 TSecr=3045558760 [TCP segment of a reassembled PDU]"
"45827","34.909698940","192.168.1.55","192.168.1.2","TCP","1514","8004  >  36408 [ACK] Seq=394046 Ack=144 Win=65024 Len=1448 TSval=2916038990 TSecr=3045558760 [TCP segment of a reassembled PDU]"
"45828","34.909700347","192.168.1.55","192.168.1.2","TCP","1514","8004  >  36408 [ACK] Seq=395494 Ack=144 Win=65024 Len=1448 TSval=2916038990 TSecr=3045558760 [TCP segment of a reassembled PDU]"
"45829","34.909702032","192.168.1.55","192.168.1.2","TCP","1514","8004  >  36408 [ACK] Seq=396942 Ack=144 Win=65024 Len=1448 TSval=2916038990 TSecr=3045558760 [TCP segment of a reassembled PDU]"
"45830","34.909703347","192.168.1.55","192.168.1.2","TCP","1514","8004  >  36408 [ACK] Seq=398390 Ack=144 Win=65024 Len=1448 TSval=2916038990 TSecr=3045558760 [TCP segment of a reassembled PDU]"
"45831","34.909704847","192.168.1.55","192.168.1.2","TCP","1514","8004  >  36408 [ACK] Seq=399838 Ack=144 Win=65024 Len=1448 TSval=2916038990 TSecr=3045558760 [TCP segment of a reassembled PDU]"
"45832","34.909706236","192.168.1.55","192.168.1.2","TCP","1514","8004  >  36408 [ACK] Seq=401286 Ack=144 Win=65024 Len=1448 TSval=2916038990 TSecr=3045558760 [TCP segment of a reassembled PDU]"
"45833","34.909707625","192.168.1.55","192.168.1.2","TCP","1514","8004  >  36408 [ACK] Seq=402734 Ack=144 Win=65024 Len=1448 TSval=2916038990 TSecr=3045558760 [TCP segment of a reassembled PDU]"
"45834","34.909709088","192.168.1.55","192.168.1.2","TCP","1514","8004  >  36408 [ACK] Seq=404182 Ack=144 Win=65024 Len=1448 TSval=2916038990 TSecr=3045558760 [TCP segment of a reassembled PDU]"
"45835","34.909715143","192.168.1.55","192.168.1.2","TCP","1514","8004  >  36408 [ACK] Seq=405630 Ack=144 Win=65024 Len=1448 TSval=2916038990 TSecr=3045558760 [TCP segment of a reassembled PDU]"
"45836","34.909716736","192.168.1.55","192.168.1.2","TCP","1514","8004  >  36408 [ACK] Seq=407078 Ack=144 Win=65024 Len=1448 TSval=2916038990 TSecr=3045558760 [TCP segment of a reassembled PDU]"
"45837","34.909718144","192.168.1.55","192.168.1.2","TCP","1514","8004  >  36408 [ACK] Seq=408526 Ack=144 Win=65024 Len=1448 TSval=2916038990 TSecr=3045558760 [TCP segment of a reassembled PDU]"
"45838","34.909719662","192.168.1.55","192.168.1.2","TCP","1514","8004  >  36408 [ACK] Seq=409974 Ack=144 Win=65024 Len=1448 TSval=2916038990 TSecr=3045558760 [TCP segment of a reassembled PDU]"
"45839","34.909720958","192.168.1.55","192.168.1.2","TCP","1514","8004  >  36408 [ACK] Seq=411422 Ack=144 Win=65024 Len=1448 TSval=2916038990 TSecr=3045558760 [TCP segment of a reassembled PDU]"
"45840","34.909722384","192.168.1.55","192.168.1.2","TCP","1514","8004  >  36408 [ACK] Seq=412870 Ack=144 Win=65024 Len=1448 TSval=2916038990 TSecr=3045558760 [TCP segment of a reassembled PDU]"
"45841","34.909723718","192.168.1.55","192.168.1.2","TCP","1514","8004  >  36408 [PSH, ACK] Seq=414318 Ack=144 Win=65024 Len=1448 TSval=2916038990 TSecr=3045558760 [TCP segment of a reassembled PDU]"
"45842","34.909728699","192.168.1.2","192.168.1.55","TCP","66","36408  >  8004 [ACK] Seq=144 Ack=302822 Win=122880 Len=0 TSval=3045558761 TSecr=2916038981"
"45843","34.909789588","192.168.1.2","192.168.1.55","TCP","66","36408  >  8004 [ACK] Seq=144 Ack=315854 Win=138240 Len=0 TSval=3045558763 TSecr=2916038985"
"45844","34.909838273","192.168.1.55","192.168.1.2","TCP","1514","8004  >  36408 [ACK] Seq=415766 Ack=144 Win=65024 Len=1448 TSval=2916038990 TSecr=3045558763 [TCP segment of a reassembled PDU]"
"45845","34.909840829","192.168.1.55","192.168.1.2","TCP","1514","8004  >  36408 [ACK] Seq=417214 Ack=144 Win=65024 Len=1448 TSval=2916038990 TSecr=3045558763 [TCP segment of a reassembled PDU]"
"45846","34.909842199","192.168.1.55","192.168.1.2","TCP","1514","8004  >  36408 [ACK] Seq=418662 Ack=144 Win=65024 Len=1448 TSval=2916038990 TSecr=3045558763 [TCP segment of a reassembled PDU]"
"45847","34.909843607","192.168.1.55","192.168.1.2","TCP","1514","8004  >  36408 [ACK] Seq=420110 Ack=144 Win=65024 Len=1448 TSval=2916038990 TSecr=3045558763 [TCP segment of a reassembled PDU]"
"45848","34.909845440","192.168.1.55","192.168.1.2","TCP","1514","8004  >  36408 [ACK] Seq=421558 Ack=144 Win=65024 Len=1448 TSval=2916038990 TSecr=3045558763 [TCP segment of a reassembled PDU]"
"45849","34.909846847","192.168.1.55","192.168.1.2","TCP","1514","8004  >  36408 [ACK] Seq=423006 Ack=144 Win=65024 Len=1448 TSval=2916038990 TSecr=3045558763 [TCP segment of a reassembled PDU]"
"45850","34.909848496","192.168.1.55","192.168.1.2","TCP","1514","8004  >  36408 [ACK] Seq=424454 Ack=144 Win=65024 Len=1448 TSval=2916038990 TSecr=3045558763 [TCP segment of a reassembled PDU]"
"45851","34.909850014","192.168.1.55","192.168.1.2","TCP","1514","8004  >  36408 [ACK] Seq=425902 Ack=144 Win=65024 Len=1448 TSval=2916038990 TSecr=3045558763 [TCP segment of a reassembled PDU]"
"45852","34.909851384","192.168.1.55","192.168.1.2","TCP","1514","8004  >  36408 [ACK] Seq=427350 Ack=144 Win=65024 Len=1448 TSval=2916038990 TSecr=3045558763 [TCP segment of a reassembled PDU]"
"45853","34.909852773","192.168.1.55","192.168.1.2","TCP","1514","8004  >  36408 [ACK] Seq=428798 Ack=144 Win=65024 Len=1448 TSval=2916038990 TSecr=3045558763 [TCP segment of a reassembled PDU]"
"45854","34.909854162","192.168.1.55","192.168.1.2","TCP","1514","8004  >  36408 [ACK] Seq=430246 Ack=144 Win=65024 Len=1448 TSval=2916038990 TSecr=3045558763 [TCP segment of a reassembled PDU]"
"45855","34.909855644","192.168.1.55","192.168.1.2","TCP","1514","8004  >  36408 [ACK] Seq=431694 Ack=144 Win=65024 Len=1448 TSval=2916038990 TSecr=3045558763 [TCP segment of a reassembled PDU]"
"45856","34.909857162","192.168.1.55","192.168.1.2","TCP","1514","8004  >  36408 [ACK] Seq=433142 Ack=144 Win=65024 Len=1448 TSval=2916038990 TSecr=3045558763 [TCP segment of a reassembled PDU]"
"45857","34.909858607","192.168.1.55","192.168.1.2","TCP","1514","8004  >  36408 [ACK] Seq=434590 Ack=144 Win=65024 Len=1448 TSval=2916038990 TSecr=3045558763 [TCP segment of a reassembled PDU]"
"45858","34.909860051","192.168.1.55","192.168.1.2","TCP","1514","8004  >  36408 [ACK] Seq=436038 Ack=144 Win=65024 Len=1448 TSval=2916038990 TSecr=3045558763 [TCP segment of a reassembled PDU]"
"45859","34.909861625","192.168.1.55","192.168.1.2","TCP","1514","8004  >  36408 [ACK] Seq=437486 Ack=144 Win=65024 Len=1448 TSval=2916038990 TSecr=3045558763 [TCP segment of a reassembled PDU]"
"45860","34.909863218","192.168.1.55","192.168.1.2","TCP","1514","8004  >  36408 [ACK] Seq=438934 Ack=144 Win=65024 Len=1448 TSval=2916038990 TSecr=3045558763 [TCP segment of a reassembled PDU]"
"45861","34.909864570","192.168.1.55","192.168.1.2","TCP","1514","8004  >  36408 [ACK] Seq=440382 Ack=144 Win=65024 Len=1448 TSval=2916038990 TSecr=3045558763 [TCP segment of a reassembled PDU]"
"45862","34.909866144","192.168.1.55","192.168.1.2","TCP","1514","8004  >  36408 [ACK] Seq=441830 Ack=144 Win=65024 Len=1448 TSval=2916038990 TSecr=3045558763 [TCP segment of a reassembled PDU]"
"45863","34.909867792","192.168.1.55","192.168.1.2","TCP","1514","8004  >  36408 [ACK] Seq=443278 Ack=144 Win=65024 Len=1448 TSval=2916038990 TSecr=3045558763 [TCP segment of a reassembled PDU]"
"45864","34.909869199","192.168.1.55","192.168.1.2","TCP","1514","8004  >  36408 [ACK] Seq=444726 Ack=144 Win=65024 Len=1448 TSval=2916038990 TSecr=3045558763 [TCP segment of a reassembled PDU]"
"45865","34.909870496","192.168.1.55","192.168.1.2","TCP","1514","8004  >  36408 [ACK] Seq=446174 Ack=144 Win=65024 Len=1448 TSval=2916038990 TSecr=3045558763 [TCP segment of a reassembled PDU]"
"45866","34.909871884","192.168.1.55","192.168.1.2","TCP","1514","8004  >  36408 [ACK] Seq=447622 Ack=144 Win=65024 Len=1448 TSval=2916038990 TSecr=3045558763 [TCP segment of a reassembled PDU]"
"45867","34.909873292","192.168.1.55","192.168.1.2","TCP","1514","8004  >  36408 [ACK] Seq=449070 Ack=144 Win=65024 Len=1448 TSval=2916038990 TSecr=3045558763 [TCP segment of a reassembled PDU]"
"45868","34.909874996","192.168.1.55","192.168.1.2","TCP","1514","8004  >  36408 [ACK] Seq=450518 Ack=144 Win=65024 Len=1448 TSval=2916038990 TSecr=3045558763 [TCP segment of a reassembled PDU]"
"45869","34.909876440","192.168.1.55","192.168.1.2","TCP","1514","8004  >  36408 [PSH, ACK] Seq=451966 Ack=144 Win=65024 Len=1448 TSval=2916038990 TSecr=3045558763 [TCP segment of a reassembled PDU]"
"45870","34.909882181","192.168.1.2","192.168.1.55","TCP","66","36408  >  8004 [ACK] Seq=144 Ack=329078 Win=126976 Len=0 TSval=3045558764 TSecr=2916038985"
"45871","34.911076738","192.168.1.55","192.168.1.2","TCP","1514","8004  >  36408 [ACK] Seq=453414 Ack=144 Win=65024 Len=1448 TSval=2916038991 TSecr=3045558764 [TCP segment of a reassembled PDU]"
"45872","34.920076530","192.168.1.2","192.168.1.55","TCP","66","36408  >  8004 [ACK] Seq=144 Ack=333422 Win=144384 Len=0 TSval=3045558766 TSecr=2916038989"
"45873","34.920116919","192.168.1.55","192.168.1.2","TCP","1514","8004  >  36408 [ACK] Seq=454862 Ack=144 Win=65024 Len=1448 TSval=2916039000 TSecr=3045558766 [TCP segment of a reassembled PDU]"
"45874","34.920120975","192.168.1.55","192.168.1.2","TCP","1514","8004  >  36408 [ACK] Seq=456310 Ack=144 Win=65024 Len=1448 TSval=2916039000 TSecr=3045558766 [TCP segment of a reassembled PDU]"
"45875","34.920122308","192.168.1.55","192.168.1.2","TCP","1514","8004  >  36408 [ACK] Seq=457758 Ack=144 Win=65024 Len=1448 TSval=2916039000 TSecr=3045558766 [TCP segment of a reassembled PDU]"
"45876","34.920123753","192.168.1.55","192.168.1.2","TCP","1514","8004  >  36408 [ACK] Seq=459206 Ack=144 Win=65024 Len=1448 TSval=2916039000 TSecr=3045558766 [TCP segment of a reassembled PDU]"
"45877","34.920124975","192.168.1.55","192.168.1.2","TCP","1514","8004  >  36408 [ACK] Seq=460654 Ack=144 Win=65024 Len=1448 TSval=2916039000 TSecr=3045558766 [TCP segment of a reassembled PDU]"
"45878","34.920126734","192.168.1.55","192.168.1.2","TCP","1514","8004  >  36408 [ACK] Seq=462102 Ack=144 Win=65024 Len=1448 TSval=2916039000 TSecr=3045558766 [TCP segment of a reassembled PDU]"
"45879","34.920128105","192.168.1.55","192.168.1.2","TCP","1514","8004  >  36408 [ACK] Seq=463550 Ack=144 Win=65024 Len=1448 TSval=2916039000 TSecr=3045558766 [TCP segment of a reassembled PDU]"
"45880","34.920129382","192.168.1.55","192.168.1.2","TCP","1514","8004  >  36408 [ACK] Seq=464998 Ack=144 Win=65024 Len=1448 TSval=2916039000 TSecr=3045558766 [TCP segment of a reassembled PDU]"
"45881","34.920130660","192.168.1.55","192.168.1.2","TCP","1514","8004  >  36408 [ACK] Seq=466446 Ack=144 Win=65024 Len=1448 TSval=2916039000 TSecr=3045558766 [TCP segment of a reassembled PDU]"
"45882","34.920131901","192.168.1.55","192.168.1.2","TCP","1514","8004  >  36408 [ACK] Seq=467894 Ack=144 Win=65024 Len=1448 TSval=2916039000 TSecr=3045558766 [TCP segment of a reassembled PDU]"
"45883","34.920133197","192.168.1.55","192.168.1.2","TCP","1514","8004  >  36408 [ACK] Seq=469342 Ack=144 Win=65024 Len=1448 TSval=2916039000 TSecr=3045558766 [TCP segment of a reassembled PDU]"
"45884","34.920134586","192.168.1.55","192.168.1.2","TCP","1514","8004  >  36408 [ACK] Seq=470790 Ack=144 Win=65024 Len=1448 TSval=2916039000 TSecr=3045558766 [TCP segment of a reassembled PDU]"
"45885","34.920135808","192.168.1.55","192.168.1.2","TCP","1514","8004  >  36408 [ACK] Seq=472238 Ack=144 Win=65024 Len=1448 TSval=2916039000 TSecr=3045558766 [TCP segment of a reassembled PDU]"
"45886","34.920137345","192.168.1.55","192.168.1.2","TCP","1514","8004  >  36408 [ACK] Seq=473686 Ack=144 Win=65024 Len=1448 TSval=2916039000 TSecr=3045558766 [TCP segment of a reassembled PDU]"
"45887","34.920138734","192.168.1.55","192.168.1.2","TCP","1514","8004  >  36408 [PSH, ACK] Seq=475134 Ack=144 Win=65024 Len=1448 TSval=2916039000 TSecr=3045558766 [TCP segment of a reassembled PDU]"
"45888","34.920828624","192.168.1.2","192.168.1.55","TCP","66","36408  >  8004 [ACK] Seq=144 Ack=334870 Win=147456 Len=0 TSval=3045558766 TSecr=2916038989"
"45889","34.920835532","192.168.1.2","192.168.1.55","TCP","66","36408  >  8004 [ACK] Seq=144 Ack=339214 Win=156672 Len=0 TSval=3045558771 TSecr=2916038989"
"45890","34.920850587","192.168.1.55","192.168.1.2","TCP","1514","8004  >  36408 [ACK] Seq=476582 Ack=144 Win=65024 Len=1448 TSval=2916039001 TSecr=3045558771 [TCP segment of a reassembled PDU]"
"45891","34.920852272","192.168.1.55","192.168.1.2","TCP","1514","8004  >  36408 [ACK] Seq=478030 Ack=144 Win=65024 Len=1448 TSval=2916039001 TSecr=3045558771 [TCP segment of a reassembled PDU]"
"45892","34.920853550","192.168.1.55","192.168.1.2","TCP","1514","8004  >  36408 [ACK] Seq=479478 Ack=144 Win=65024 Len=1448 TSval=2916039001 TSecr=3045558771 [TCP segment of a reassembled PDU]"
"45893","34.920854754","192.168.1.55","192.168.1.2","TCP","1514","8004  >  36408 [ACK] Seq=480926 Ack=144 Win=65024 Len=1448 TSval=2916039001 TSecr=3045558771 [TCP segment of a reassembled PDU]"
"45894","34.920855995","192.168.1.55","192.168.1.2","TCP","1514","8004  >  36408 [ACK] Seq=482374 Ack=144 Win=65024 Len=1448 TSval=2916039001 TSecr=3045558771 [TCP segment of a reassembled PDU]"
"45895","34.920857309","192.168.1.55","192.168.1.2","TCP","1514","8004  >  36408 [ACK] Seq=483822 Ack=144 Win=65024 Len=1448 TSval=2916039001 TSecr=3045558771 [TCP segment of a reassembled PDU]"
"45896","34.920858698","192.168.1.55","192.168.1.2","TCP","1514","8004  >  36408 [ACK] Seq=485270 Ack=144 Win=65024 Len=1448 TSval=2916039001 TSecr=3045558771 [TCP segment of a reassembled PDU]"
"45897","34.920860032","192.168.1.55","192.168.1.2","TCP","1514","8004  >  36408 [ACK] Seq=486718 Ack=144 Win=65024 Len=1448 TSval=2916039001 TSecr=3045558771 [TCP segment of a reassembled PDU]"
"45898","34.920861365","192.168.1.55","192.168.1.2","TCP","1514","8004  >  36408 [ACK] Seq=488166 Ack=144 Win=65024 Len=1448 TSval=2916039001 TSecr=3045558771 [TCP segment of a reassembled PDU]"
"45899","34.920862680","192.168.1.55","192.168.1.2","TCP","1514","8004  >  36408 [PSH, ACK] Seq=489614 Ack=144 Win=65024 Len=1448 TSval=2916039001 TSecr=3045558771 [TCP segment of a reassembled PDU]"
"45900","34.920866958","192.168.1.2","192.168.1.55","TCP","66","36408  >  8004 [ACK] Seq=144 Ack=340470 Win=159744 Len=0 TSval=3045558771 TSecr=2916038989"
"45901","34.920879735","192.168.1.55","192.168.1.2","TCP","1514","8004  >  36408 [ACK] Seq=491062 Ack=144 Win=65024 Len=1448 TSval=2916039001 TSecr=3045558771 [TCP segment of a reassembled PDU]"
"45902","34.920881310","192.168.1.55","192.168.1.2","TCP","1514","8004  >  36408 [ACK] Seq=492510 Ack=144 Win=65024 Len=1448 TSval=2916039001 TSecr=3045558771 [TCP segment of a reassembled PDU]"
"45903","34.920882513","192.168.1.55","192.168.1.2","TCP","1514","8004  >  36408 [ACK] Seq=493958 Ack=144 Win=65024 Len=1448 TSval=2916039001 TSecr=3045558771 [TCP segment of a reassembled PDU]"
"45904","34.920883921","192.168.1.55","192.168.1.2","TCP","1514","8004  >  36408 [ACK] Seq=495406 Ack=144 Win=65024 Len=1448 TSval=2916039001 TSecr=3045558771 [TCP segment of a reassembled PDU]"
"45905","34.920885124","192.168.1.55","192.168.1.2","TCP","1514","8004  >  36408 [ACK] Seq=496854 Ack=144 Win=65024 Len=1448 TSval=2916039001 TSecr=3045558771 [TCP segment of a reassembled PDU]"
"45906","34.920886328","192.168.1.55","192.168.1.2","HTTP","222","HTTP/1.0 200 OK  (PNG)"
"45907","34.920890217","192.168.1.2","192.168.1.55","TCP","66","36408  >  8004 [ACK] Seq=144 Ack=347710 Win=160768 Len=0 TSval=3045558771 TSecr=2916038990"
"45908","34.920951865","192.168.1.2","192.168.1.55","TCP","66","36408  >  8004 [ACK] Seq=144 Ack=376670 Win=149504 Len=0 TSval=3045558774 TSecr=2916038990"
"45909","34.920960273","192.168.1.2","192.168.1.55","TCP","66","36408  >  8004 [ACK] Seq=144 Ack=378118 Win=163840 Len=0 TSval=3045558775 TSecr=2916038990"
"45910","34.920965199","192.168.1.2","192.168.1.55","TCP","66","36408  >  8004 [ACK] Seq=144 Ack=415766 Win=143360 Len=0 TSval=3045558775 TSecr=2916038990"
"45911","34.920971013","192.168.1.2","192.168.1.55","TCP","66","36408  >  8004 [ACK] Seq=144 Ack=434590 Win=128000 Len=0 TSval=3045558775 TSecr=2916038990"
"45912","34.920976402","192.168.1.2","192.168.1.55","TCP","66","36408  >  8004 [ACK] Seq=144 Ack=453414 Win=138240 Len=0 TSval=3045558775 TSecr=2916038990"
"45913","34.924761556","192.168.1.2","192.168.1.55","TCP","66","36408  >  8004 [ACK] Seq=144 Ack=470790 Win=158720 Len=0 TSval=3045558779 TSecr=2916038991"
"45914","34.924958112","192.168.1.2","192.168.1.55","TCP","66","36408  >  8004 [ACK] Seq=144 Ack=476582 Win=168960 Len=0 TSval=3045558779 TSecr=2916039000"
"45915","34.924964390","192.168.1.2","192.168.1.55","TCP","66","36408  >  8004 [ACK] Seq=144 Ack=485270 Win=161792 Len=0 TSval=3045558779 TSecr=2916039001"
"45916","34.924969186","192.168.1.2","192.168.1.55","TCP","66","36408  >  8004 [ACK] Seq=144 Ack=491062 Win=168960 Len=0 TSval=3045558780 TSecr=2916039001"
"45917","34.924974112","192.168.1.2","192.168.1.55","TCP","66","36408  >  8004 [ACK] Seq=144 Ack=496854 Win=168960 Len=0 TSval=3045558780 TSecr=2916039001"
"45918","34.926118207","192.168.1.2","192.168.1.55","TCP","66","36408  >  8004 [ACK] Seq=144 Ack=498302 Win=169984 Len=0 TSval=3045558781 TSecr=2916039001"
"45919","34.927662080","192.168.1.2","192.168.1.55","TCP","66","36408  >  8004 [FIN, ACK] Seq=144 Ack=498459 Win=173056 Len=0 TSval=3045558782 TSecr=2916039001"
"45920","34.927674080","192.168.1.55","192.168.1.2","TCP","66","8004  >  36408 [ACK] Seq=498459 Ack=145 Win=65024 Len=0 TSval=2916039008 TSecr=3045558782"
"45921","34.927786191","192.168.1.2","192.168.1.55","TCP","74","36424  >  8004 [SYN] Seq=0 Win=64240 Len=0 MSS=1460 SACK_PERM TSval=3045558782 TSecr=0 WS=1024"
"45922","34.927810858","192.168.1.55","192.168.1.2","TCP","74","8004  >  36424 [SYN, ACK] Seq=0 Ack=1 Win=65160 Len=0 MSS=1460 SACK_PERM TSval=2916039008 TSecr=3045558782 WS=128"
"45923","34.930941252","192.168.1.2","192.168.1.55","TCP","66","36424  >  8004 [ACK] Seq=1 Ack=1 Win=64512 Len=0 TSval=3045558785 TSecr=2916039008"
"45924","34.934163479","192.168.1.2","192.168.1.55","HTTP","206","GET /stego_benchmark.png HTTP/1.1 "
"45925","34.934181146","192.168.1.55","192.168.1.2","TCP","66","8004  >  36424 [ACK] Seq=1 Ack=141 Win=65024 Len=0 TSval=2916039014 TSecr=3045558785"
"45926","34.934673813","192.168.1.55","192.168.1.2","TCP","255","8004  >  36424 [PSH, ACK] Seq=1 Ack=141 Win=65024 Len=189 TSval=2916039015 TSecr=3045558785 [TCP segment of a reassembled PDU]"
"45927","34.934754554","192.168.1.55","192.168.1.2","TCP","1514","8004  >  36424 [ACK] Seq=190 Ack=141 Win=65024 Len=1448 TSval=2916039015 TSecr=3045558785 [TCP segment of a reassembled PDU]"
"45928","34.934758795","192.168.1.55","192.168.1.2","TCP","1514","8004  >  36424 [ACK] Seq=1638 Ack=141 Win=65024 Len=1448 TSval=2916039015 TSecr=3045558785 [TCP segment of a reassembled PDU]"
"45929","34.934760332","192.168.1.55","192.168.1.2","TCP","1514","8004  >  36424 [ACK] Seq=3086 Ack=141 Win=65024 Len=1448 TSval=2916039015 TSecr=3045558785 [TCP segment of a reassembled PDU]"
"45930","34.934761610","192.168.1.55","192.168.1.2","TCP","1514","8004  >  36424 [ACK] Seq=4534 Ack=141 Win=65024 Len=1448 TSval=2916039015 TSecr=3045558785 [TCP segment of a reassembled PDU]"
"45931","34.934763443","192.168.1.55","192.168.1.2","TCP","1514","8004  >  36424 [PSH, ACK] Seq=5982 Ack=141 Win=65024 Len=1448 TSval=2916039015 TSecr=3045558785 [TCP segment of a reassembled PDU]"
"45932","34.934784184","192.168.1.55","192.168.1.2","TCP","1514","8004  >  36424 [ACK] Seq=7430 Ack=141 Win=65024 Len=1448 TSval=2916039015 TSecr=3045558785 [TCP segment of a reassembled PDU]"
"45933","34.934785961","192.168.1.55","192.168.1.2","TCP","1514","8004  >  36424 [ACK] Seq=8878 Ack=141 Win=65024 Len=1448 TSval=2916039015 TSecr=3045558785 [TCP segment of a reassembled PDU]"
"45934","34.934787406","192.168.1.55","192.168.1.2","TCP","1514","8004  >  36424 [ACK] Seq=10326 Ack=141 Win=65024 Len=1448 TSval=2916039015 TSecr=3045558785 [TCP segment of a reassembled PDU]"
"45935","34.934788850","192.168.1.55","192.168.1.2","TCP","1514","8004  >  36424 [PSH, ACK] Seq=11774 Ack=141 Win=65024 Len=1448 TSval=2916039015 TSecr=3045558785 [TCP segment of a reassembled PDU]"
"45936","34.938434745","192.168.1.2","192.168.1.55","TCP","66","36424  >  8004 [ACK] Seq=141 Ack=190 Win=64512 Len=0 TSval=3045558792 TSecr=2916039015"
"45937","34.938458356","192.168.1.55","192.168.1.2","TCP","1514","8004  >  36424 [ACK] Seq=13222 Ack=141 Win=65024 Len=1448 TSval=2916039019 TSecr=3045558792 [TCP segment of a reassembled PDU]"
"45938","34.938461541","192.168.1.55","192.168.1.2","TCP","1514","8004  >  36424 [PSH, ACK] Seq=14670 Ack=141 Win=65024 Len=1448 TSval=2916039019 TSecr=3045558792 [TCP segment of a reassembled PDU]"
"45939","34.938554153","192.168.1.2","192.168.1.55","TCP","66","36424  >  8004 [ACK] Seq=141 Ack=3086 Win=70656 Len=0 TSval=3045558792 TSecr=2916039015"
"45940","34.938562319","192.168.1.2","192.168.1.55","TCP","66","36424  >  8004 [ACK] Seq=141 Ack=5982 Win=76800 Len=0 TSval=3045558793 TSecr=2916039015"
"45941","34.938577005","192.168.1.55","192.168.1.2","TCP","1514","8004  >  36424 [ACK] Seq=16118 Ack=141 Win=65024 Len=1448 TSval=2916039019 TSecr=3045558793 [TCP segment of a reassembled PDU]"
"45942","34.938578930","192.168.1.55","192.168.1.2","TCP","1514","8004  >  36424 [ACK] Seq=17566 Ack=141 Win=65024 Len=1448 TSval=2916039019 TSecr=3045558793 [TCP segment of a reassembled PDU]"
"45943","34.938580523","192.168.1.55","192.168.1.2","TCP","1514","8004  >  36424 [ACK] Seq=19014 Ack=141 Win=65024 Len=1448 TSval=2916039019 TSecr=3045558793 [TCP segment of a reassembled PDU]"
"45944","34.938582023","192.168.1.55","192.168.1.2","TCP","1514","8004  >  36424 [ACK] Seq=20462 Ack=141 Win=65024 Len=1448 TSval=2916039019 TSecr=3045558793 [TCP segment of a reassembled PDU]"
"45945","34.938583467","192.168.1.55","192.168.1.2","TCP","1514","8004  >  36424 [ACK] Seq=21910 Ack=141 Win=65024 Len=1448 TSval=2916039019 TSecr=3045558793 [TCP segment of a reassembled PDU]"
"45946","34.938584968","192.168.1.55","192.168.1.2","TCP","1514","8004  >  36424 [ACK] Seq=23358 Ack=141 Win=65024 Len=1448 TSval=2916039019 TSecr=3045558793 [TCP segment of a reassembled PDU]"
"45947","34.938586282","192.168.1.55","192.168.1.2","TCP","1514","8004  >  36424 [PSH, ACK] Seq=24806 Ack=141 Win=65024 Len=1448 TSval=2916039019 TSecr=3045558793 [TCP segment of a reassembled PDU]"
"45948","34.940057044","192.168.1.2","192.168.1.55","TCP","66","36424  >  8004 [ACK] Seq=141 Ack=7430 Win=79872 Len=0 TSval=3045558794 TSecr=2916039015"
"45949","34.940146248","192.168.1.55","192.168.1.2","TCP","1514","8004  >  36424 [ACK] Seq=26254 Ack=141 Win=65024 Len=1448 TSval=2916039020 TSecr=3045558794 [TCP segment of a reassembled PDU]"
"45950","34.940161359","192.168.1.55","192.168.1.2","TCP","1514","8004  >  36424 [ACK] Seq=27702 Ack=141 Win=65024 Len=1448 TSval=2916039020 TSecr=3045558794 [TCP segment of a reassembled PDU]"
"45951","34.940163526","192.168.1.55","192.168.1.2","TCP","1514","8004  >  36424 [PSH, ACK] Seq=29150 Ack=141 Win=65024 Len=1448 TSval=2916039020 TSecr=3045558794 [TCP segment of a reassembled PDU]"
"45952","34.941042768","192.168.1.2","192.168.1.55","TCP","66","36424  >  8004 [ACK] Seq=141 Ack=13222 Win=78848 Len=0 TSval=3045558794 TSecr=2916039015"
"45953","34.941077305","192.168.1.55","192.168.1.2","TCP","1514","8004  >  36424 [ACK] Seq=30598 Ack=141 Win=65024 Len=1448 TSval=2916039021 TSecr=3045558794 [TCP segment of a reassembled PDU]"
"45954","34.941081453","192.168.1.55","192.168.1.2","TCP","1514","8004  >  36424 [ACK] Seq=32046 Ack=141 Win=65024 Len=1448 TSval=2916039021 TSecr=3045558794 [TCP segment of a reassembled PDU]"
"45955","34.941083175","192.168.1.55","192.168.1.2","TCP","1514","8004  >  36424 [ACK] Seq=33494 Ack=141 Win=65024 Len=1448 TSval=2916039021 TSecr=3045558794 [TCP segment of a reassembled PDU]"
"45956","34.941084583","192.168.1.55","192.168.1.2","TCP","1514","8004  >  36424 [ACK] Seq=34942 Ack=141 Win=65024 Len=1448 TSval=2916039021 TSecr=3045558794 [TCP segment of a reassembled PDU]"
"45957","34.941086027","192.168.1.55","192.168.1.2","TCP","1514","8004  >  36424 [ACK] Seq=36390 Ack=141 Win=65024 Len=1448 TSval=2916039021 TSecr=3045558794 [TCP segment of a reassembled PDU]"
"45958","34.941087342","192.168.1.55","192.168.1.2","TCP","1514","8004  >  36424 [ACK] Seq=37838 Ack=141 Win=65024 Len=1448 TSval=2916039021 TSecr=3045558794 [TCP segment of a reassembled PDU]"
"45959","34.941088675","192.168.1.55","192.168.1.2","TCP","1514","8004  >  36424 [ACK] Seq=39286 Ack=141 Win=65024 Len=1448 TSval=2916039021 TSecr=3045558794 [TCP segment of a reassembled PDU]"
"45960","34.941090157","192.168.1.55","192.168.1.2","TCP","1514","8004  >  36424 [PSH, ACK] Seq=40734 Ack=141 Win=65024 Len=1448 TSval=2916039021 TSecr=3045558794 [TCP segment of a reassembled PDU]"
"45961","34.942474085","192.168.1.2","192.168.1.55","TCP","66","36424  >  8004 [ACK] Seq=141 Ack=14670 Win=81920 Len=0 TSval=3045558796 TSecr=2916039019"
"45962","34.942528233","192.168.1.55","192.168.1.2","TCP","1514","8004  >  36424 [ACK] Seq=42182 Ack=141 Win=65024 Len=1448 TSval=2916039023 TSecr=3045558796 [TCP segment of a reassembled PDU]"
"45963","34.942533622","192.168.1.55","192.168.1.2","TCP","1514","8004  >  36424 [PSH, ACK] Seq=43630 Ack=141 Win=65024 Len=1448 TSval=2916039023 TSecr=3045558796 [TCP segment of a reassembled PDU]"
"45964","34.943912958","192.168.1.2","192.168.1.55","TCP","66","36424  >  8004 [ACK] Seq=141 Ack=16118 Win=84992 Len=0 TSval=3045558798 TSecr=2916039019"
"45965","34.943943902","192.168.1.55","192.168.1.2","TCP","1514","8004  >  36424 [ACK] Seq=45078 Ack=141 Win=65024 Len=1448 TSval=2916039024 TSecr=3045558798 [TCP segment of a reassembled PDU]"
"45966","34.943948050","192.168.1.55","192.168.1.2","TCP","1514","8004  >  36424 [PSH, ACK] Seq=46526 Ack=141 Win=65024 Len=1448 TSval=2916039024 TSecr=3045558798 [TCP segment of a reassembled PDU]"
"45967","34.944155069","192.168.1.2","192.168.1.55","TCP","66","36424  >  8004 [ACK] Seq=141 Ack=26254 Win=83968 Len=0 TSval=3045558798 TSecr=2916039019"
"45968","34.944192328","192.168.1.55","192.168.1.2","TCP","1514","8004  >  36424 [ACK] Seq=47974 Ack=141 Win=65024 Len=1448 TSval=2916039024 TSecr=3045558798 [TCP segment of a reassembled PDU]"
"45969","34.944195458","192.168.1.55","192.168.1.2","TCP","1514","8004  >  36424 [ACK] Seq=49422 Ack=141 Win=65024 Len=1448 TSval=2916039024 TSecr=3045558798 [TCP segment of a reassembled PDU]"
"45970","34.944197143","192.168.1.55","192.168.1.2","TCP","1514","8004  >  36424 [ACK] Seq=50870 Ack=141 Win=65024 Len=1448 TSval=2916039024 TSecr=3045558798 [TCP segment of a reassembled PDU]"
"45971","34.944198699","192.168.1.55","192.168.1.2","TCP","1514","8004  >  36424 [ACK] Seq=52318 Ack=141 Win=65024 Len=1448 TSval=2916039024 TSecr=3045558798 [TCP segment of a reassembled PDU]"
"45972","34.944200088","192.168.1.55","192.168.1.2","TCP","1514","8004  >  36424 [ACK] Seq=53766 Ack=141 Win=65024 Len=1448 TSval=2916039024 TSecr=3045558798 [TCP segment of a reassembled PDU]"
"45973","34.944201754","192.168.1.55","192.168.1.2","TCP","1514","8004  >  36424 [ACK] Seq=55214 Ack=141 Win=65024 Len=1448 TSval=2916039024 TSecr=3045558798 [TCP segment of a reassembled PDU]"
"45974","34.944203588","192.168.1.55","192.168.1.2","TCP","1514","8004  >  36424 [ACK] Seq=56662 Ack=141 Win=65024 Len=1448 TSval=2916039024 TSecr=3045558798 [TCP segment of a reassembled PDU]"
"45975","34.944205273","192.168.1.55","192.168.1.2","TCP","1514","8004  >  36424 [ACK] Seq=58110 Ack=141 Win=65024 Len=1448 TSval=2916039024 TSecr=3045558798 [TCP segment of a reassembled PDU]"
"45976","34.944206569","192.168.1.55","192.168.1.2","TCP","1514","8004  >  36424 [ACK] Seq=59558 Ack=141 Win=65024 Len=1448 TSval=2916039024 TSecr=3045558798 [TCP segment of a reassembled PDU]"
"45977","34.944208791","192.168.1.55","192.168.1.2","TCP","1514","8004  >  36424 [ACK] Seq=61006 Ack=141 Win=65024 Len=1448 TSval=2916039024 TSecr=3045558798 [TCP segment of a reassembled PDU]"
"45978","34.944211162","192.168.1.55","192.168.1.2","TCP","1514","8004  >  36424 [ACK] Seq=62454 Ack=141 Win=65024 Len=1448 TSval=2916039024 TSecr=3045558798 [TCP segment of a reassembled PDU]"
"45979","34.944212421","192.168.1.55","192.168.1.2","TCP","1514","8004  >  36424 [ACK] Seq=63902 Ack=141 Win=65024 Len=1448 TSval=2916039024 TSecr=3045558798 [TCP segment of a reassembled PDU]"
"45980","34.944215069","192.168.1.55","192.168.1.2","TCP","1514","8004  >  36424 [ACK] Seq=65350 Ack=141 Win=65024 Len=1448 TSval=2916039024 TSecr=3045558798 [TCP segment of a reassembled PDU]"
"45981","34.944217384","192.168.1.55","192.168.1.2","TCP","1514","8004  >  36424 [PSH, ACK] Seq=66798 Ack=141 Win=65024 Len=1448 TSval=2916039024 TSecr=3045558798 [TCP segment of a reassembled PDU]"
"45982","34.944223180","192.168.1.2","192.168.1.55","TCP","66","36424  >  8004 [ACK] Seq=141 Ack=29150 Win=81920 Len=0 TSval=3045558798 TSecr=2916039020"
"45983","34.944232440","192.168.1.2","192.168.1.55","TCP","66","36424  >  8004 [ACK] Seq=141 Ack=30598 Win=80896 Len=0 TSval=3045558798 TSecr=2916039020"
"45984","34.944249865","192.168.1.55","192.168.1.2","TCP","1514","8004  >  36424 [ACK] Seq=68246 Ack=141 Win=65024 Len=1448 TSval=2916039024 TSecr=3045558798 [TCP segment of a reassembled PDU]"
"45985","34.944252310","192.168.1.55","192.168.1.2","TCP","1514","8004  >  36424 [ACK] Seq=69694 Ack=141 Win=65024 Len=1448 TSval=2916039024 TSecr=3045558798 [TCP segment of a reassembled PDU]"
"45986","34.944254014","192.168.1.55","192.168.1.2","TCP","1514","8004  >  36424 [ACK] Seq=71142 Ack=141 Win=65024 Len=1448 TSval=2916039024 TSecr=3045558798 [TCP segment of a reassembled PDU]"
"45987","34.944255384","192.168.1.55","192.168.1.2","TCP","1514","8004  >  36424 [ACK] Seq=72590 Ack=141 Win=65024 Len=1448 TSval=2916039024 TSecr=3045558798 [TCP segment of a reassembled PDU]"
"45988","34.944257606","192.168.1.55","192.168.1.2","TCP","1514","8004  >  36424 [ACK] Seq=74038 Ack=141 Win=65024 Len=1448 TSval=2916039024 TSecr=3045558798 [TCP segment of a reassembled PDU]"
"45989","34.944259088","192.168.1.55","192.168.1.2","TCP","1514","8004  >  36424 [PSH, ACK] Seq=75486 Ack=141 Win=65024 Len=1448 TSval=2916039024 TSecr=3045558798 [TCP segment of a reassembled PDU]"
"45990","34.948908503","192.168.1.2","192.168.1.55","TCP","66","36424  >  8004 [ACK] Seq=141 Ack=42182 Win=80896 Len=0 TSval=3045558803 TSecr=2916039021"
"45991","34.948954354","192.168.1.55","192.168.1.2","TCP","1514","8004  >  36424 [ACK] Seq=76934 Ack=141 Win=65024 Len=1448 TSval=2916039029 TSecr=3045558803 [TCP segment of a reassembled PDU]"
"45992","34.948958984","192.168.1.55","192.168.1.2","TCP","1514","8004  >  36424 [ACK] Seq=78382 Ack=141 Win=65024 Len=1448 TSval=2916039029 TSecr=3045558803 [TCP segment of a reassembled PDU]"
"45993","34.948961892","192.168.1.55","192.168.1.2","TCP","1514","8004  >  36424 [ACK] Seq=79830 Ack=141 Win=65024 Len=1448 TSval=2916039029 TSecr=3045558803 [TCP segment of a reassembled PDU]"
"45994","34.948963429","192.168.1.55","192.168.1.2","TCP","1514","8004  >  36424 [ACK] Seq=81278 Ack=141 Win=65024 Len=1448 TSval=2916039029 TSecr=3045558803 [TCP segment of a reassembled PDU]"
"45995","34.948965095","192.168.1.55","192.168.1.2","TCP","1514","8004  >  36424 [ACK] Seq=82726 Ack=141 Win=65024 Len=1448 TSval=2916039029 TSecr=3045558803 [TCP segment of a reassembled PDU]"
"45996","34.948967762","192.168.1.55","192.168.1.2","TCP","1514","8004  >  36424 [ACK] Seq=84174 Ack=141 Win=65024 Len=1448 TSval=2916039029 TSecr=3045558803 [TCP segment of a reassembled PDU]"
"45997","34.948969688","192.168.1.55","192.168.1.2","TCP","1514","8004  >  36424 [ACK] Seq=85622 Ack=141 Win=65024 Len=1448 TSval=2916039029 TSecr=3045558803 [TCP segment of a reassembled PDU]"
"45998","34.948971632","192.168.1.55","192.168.1.2","TCP","1514","8004  >  36424 [ACK] Seq=87070 Ack=141 Win=65024 Len=1448 TSval=2916039029 TSecr=3045558803 [TCP segment of a reassembled PDU]"
"45999","34.948973577","192.168.1.55","192.168.1.2","TCP","1514","8004  >  36424 [ACK] Seq=88518 Ack=141 Win=65024 Len=1448 TSval=2916039029 TSecr=3045558803 [TCP segment of a reassembled PDU]"
"46000","34.948975540","192.168.1.55","192.168.1.2","TCP","1514","8004  >  36424 [ACK] Seq=89966 Ack=141 Win=65024 Len=1448 TSval=2916039029 TSecr=3045558803 [TCP segment of a reassembled PDU]"
"46001","34.948977188","192.168.1.55","192.168.1.2","TCP","1514","8004  >  36424 [ACK] Seq=91414 Ack=141 Win=65024 Len=1448 TSval=2916039029 TSecr=3045558803 [TCP segment of a reassembled PDU]"
"46002","34.948978447","192.168.1.55","192.168.1.2","TCP","1514","8004  >  36424 [ACK] Seq=92862 Ack=141 Win=65024 Len=1448 TSval=2916039029 TSecr=3045558803 [TCP segment of a reassembled PDU]"
"46003","34.948980780","192.168.1.55","192.168.1.2","TCP","1514","8004  >  36424 [ACK] Seq=94310 Ack=141 Win=65024 Len=1448 TSval=2916039029 TSecr=3045558803 [TCP segment of a reassembled PDU]"
"46004","34.948982577","192.168.1.55","192.168.1.2","TCP","1514","8004  >  36424 [ACK] Seq=95758 Ack=141 Win=65024 Len=1448 TSval=2916039029 TSecr=3045558803 [TCP segment of a reassembled PDU]"
"46005","34.948983799","192.168.1.55","192.168.1.2","TCP","1514","8004  >  36424 [ACK] Seq=97206 Ack=141 Win=65024 Len=1448 TSval=2916039029 TSecr=3045558803 [TCP segment of a reassembled PDU]"
"46006","34.948985447","192.168.1.55","192.168.1.2","TCP","1514","8004  >  36424 [PSH, ACK] Seq=98654 Ack=141 Win=65024 Len=1448 TSval=2916039029 TSecr=3045558803 [TCP segment of a reassembled PDU]"
"46007","34.949681930","192.168.1.2","192.168.1.55","TCP","66","36424  >  8004 [ACK] Seq=141 Ack=45078 Win=78848 Len=0 TSval=3045558803 TSecr=2916039023"
"46008","34.949692782","192.168.1.2","192.168.1.55","TCP","66","36424  >  8004 [ACK] Seq=141 Ack=68246 Win=71680 Len=0 TSval=3045558803 TSecr=2916039024"
"46009","34.949714615","192.168.1.55","192.168.1.2","TCP","1514","8004  >  36424 [ACK] Seq=100102 Ack=141 Win=65024 Len=1448 TSval=2916039030 TSecr=3045558803 [TCP segment of a reassembled PDU]"
"46010","34.949717967","192.168.1.55","192.168.1.2","TCP","1514","8004  >  36424 [ACK] Seq=101550 Ack=141 Win=65024 Len=1448 TSval=2916039030 TSecr=3045558803 [TCP segment of a reassembled PDU]"
"46011","34.949719800","192.168.1.55","192.168.1.2","TCP","1514","8004  >  36424 [ACK] Seq=102998 Ack=141 Win=65024 Len=1448 TSval=2916039030 TSecr=3045558803 [TCP segment of a reassembled PDU]"
"46012","34.949721226","192.168.1.55","192.168.1.2","TCP","1514","8004  >  36424 [ACK] Seq=104446 Ack=141 Win=65024 Len=1448 TSval=2916039030 TSecr=3045558803 [TCP segment of a reassembled PDU]"
"46013","34.949723763","192.168.1.55","192.168.1.2","TCP","1514","8004  >  36424 [ACK] Seq=105894 Ack=141 Win=65024 Len=1448 TSval=2916039030 TSecr=3045558803 [TCP segment of a reassembled PDU]"
"46014","34.949725374","192.168.1.55","192.168.1.2","TCP","1514","8004  >  36424 [ACK] Seq=107342 Ack=141 Win=65024 Len=1448 TSval=2916039030 TSecr=3045558803 [TCP segment of a reassembled PDU]"
"46015","34.949727319","192.168.1.55","192.168.1.2","TCP","1514","8004  >  36424 [ACK] Seq=108790 Ack=141 Win=65024 Len=1448 TSval=2916039030 TSecr=3045558803 [TCP segment of a reassembled PDU]"
"46016","34.949729689","192.168.1.55","192.168.1.2","TCP","1514","8004  >  36424 [ACK] Seq=110238 Ack=141 Win=65024 Len=1448 TSval=2916039030 TSecr=3045558803 [TCP segment of a reassembled PDU]"
"46017","34.949731430","192.168.1.55","192.168.1.2","TCP","1514","8004  >  36424 [ACK] Seq=111686 Ack=141 Win=65024 Len=1448 TSval=2916039030 TSecr=3045558803 [TCP segment of a reassembled PDU]"
"46018","34.949732596","192.168.1.55","192.168.1.2","TCP","1514","8004  >  36424 [ACK] Seq=113134 Ack=141 Win=65024 Len=1448 TSval=2916039030 TSecr=3045558803 [TCP segment of a reassembled PDU]"
"46019","34.949734152","192.168.1.55","192.168.1.2","TCP","1514","8004  >  36424 [ACK] Seq=114582 Ack=141 Win=65024 Len=1448 TSval=2916039030 TSecr=3045558803 [TCP segment of a reassembled PDU]"
"46020","34.949736245","192.168.1.55","192.168.1.2","TCP","1514","8004  >  36424 [ACK] Seq=116030 Ack=141 Win=65024 Len=1448 TSval=2916039030 TSecr=3045558803 [TCP segment of a reassembled PDU]"
"46021","34.949737967","192.168.1.55","192.168.1.2","TCP","1514","8004  >  36424 [PSH, ACK] Seq=117478 Ack=141 Win=65024 Len=1448 TSval=2916039030 TSecr=3045558803 [TCP segment of a reassembled PDU]"
"46022","34.949744041","192.168.1.2","192.168.1.55","TCP","66","36424  >  8004 [ACK] Seq=141 Ack=71142 Win=69632 Len=0 TSval=3045558803 TSecr=2916039024"
"46023","34.949749559","192.168.1.2","192.168.1.55","TCP","66","36424  >  8004 [ACK] Seq=141 Ack=76934 Win=83968 Len=0 TSval=3045558804 TSecr=2916039024"
"46024","34.949866874","192.168.1.55","192.168.1.2","TCP","1514","8004  >  36424 [ACK] Seq=118926 Ack=141 Win=65024 Len=1448 TSval=2916039030 TSecr=3045558804 [TCP segment of a reassembled PDU]"
"46025","34.949874115","192.168.1.55","192.168.1.2","TCP","1514","8004  >  36424 [ACK] Seq=120374 Ack=141 Win=65024 Len=1448 TSval=2916039030 TSecr=3045558804 [TCP segment of a reassembled PDU]"
"46026","34.949876282","192.168.1.55","192.168.1.2","TCP","1514","8004  >  36424 [ACK] Seq=121822 Ack=141 Win=65024 Len=1448 TSval=2916039030 TSecr=3045558804 [TCP segment of a reassembled PDU]"
"46027","34.949878560","192.168.1.55","192.168.1.2","TCP","1514","8004  >  36424 [ACK] Seq=123270 Ack=141 Win=65024 Len=1448 TSval=2916039030 TSecr=3045558804 [TCP segment of a reassembled PDU]"
"46028","34.949880467","192.168.1.55","192.168.1.2","TCP","1514","8004  >  36424 [ACK] Seq=124718 Ack=141 Win=65024 Len=1448 TSval=2916039030 TSecr=3045558804 [TCP segment of a reassembled PDU]"
"46029","34.949883078","192.168.1.55","192.168.1.2","TCP","1514","8004  >  36424 [ACK] Seq=126166 Ack=141 Win=65024 Len=1448 TSval=2916039030 TSecr=3045558804 [TCP segment of a reassembled PDU]"
"46030","34.949884467","192.168.1.55","192.168.1.2","TCP","1514","8004  >  36424 [ACK] Seq=127614 Ack=141 Win=65024 Len=1448 TSval=2916039030 TSecr=3045558804 [TCP segment of a reassembled PDU]"
"46031","34.949885671","192.168.1.55","192.168.1.2","TCP","1514","8004  >  36424 [ACK] Seq=129062 Ack=141 Win=65024 Len=1448 TSval=2916039030 TSecr=3045558804 [TCP segment of a reassembled PDU]"
"46032","34.949887152","192.168.1.55","192.168.1.2","TCP","1514","8004  >  36424 [ACK] Seq=130510 Ack=141 Win=65024 Len=1448 TSval=2916039030 TSecr=3045558804 [TCP segment of a reassembled PDU]"
"46033","34.949888856","192.168.1.55","192.168.1.2","TCP","1514","8004  >  36424 [ACK] Seq=131958 Ack=141 Win=65024 Len=1448 TSval=2916039030 TSecr=3045558804 [TCP segment of a reassembled PDU]"
"46034","34.949890541","192.168.1.55","192.168.1.2","TCP","1514","8004  >  36424 [ACK] Seq=133406 Ack=141 Win=65024 Len=1448 TSval=2916039030 TSecr=3045558804 [TCP segment of a reassembled PDU]"
"46035","34.949892004","192.168.1.55","192.168.1.2","TCP","1514","8004  >  36424 [ACK] Seq=134854 Ack=141 Win=65024 Len=1448 TSval=2916039030 TSecr=3045558804 [TCP segment of a reassembled PDU]"
"46036","34.949894245","192.168.1.55","192.168.1.2","TCP","1514","8004  >  36424 [ACK] Seq=136302 Ack=141 Win=65024 Len=1448 TSval=2916039030 TSecr=3045558804 [TCP segment of a reassembled PDU]"
"46037","34.949902967","192.168.1.55","192.168.1.2","TCP","1514","8004  >  36424 [ACK] Seq=137750 Ack=141 Win=65024 Len=1448 TSval=2916039030 TSecr=3045558804 [TCP segment of a reassembled PDU]"
"46038","34.949905671","192.168.1.55","192.168.1.2","TCP","1514","8004  >  36424 [ACK] Seq=139198 Ack=141 Win=65024 Len=1448 TSval=2916039030 TSecr=3045558804 [TCP segment of a reassembled PDU]"
"46039","34.949907578","192.168.1.55","192.168.1.2","TCP","1514","8004  >  36424 [ACK] Seq=140646 Ack=141 Win=65024 Len=1448 TSval=2916039030 TSecr=3045558804 [TCP segment of a reassembled PDU]"
"46040","34.949909319","192.168.1.55","192.168.1.2","TCP","1514","8004  >  36424 [ACK] Seq=142094 Ack=141 Win=65024 Len=1448 TSval=2916039030 TSecr=3045558804 [TCP segment of a reassembled PDU]"
"46041","34.949910597","192.168.1.55","192.168.1.2","TCP","1514","8004  >  36424 [ACK] Seq=143542 Ack=141 Win=65024 Len=1448 TSval=2916039030 TSecr=3045558804 [TCP segment of a reassembled PDU]"
"46042","34.949912337","192.168.1.55","192.168.1.2","TCP","1514","8004  >  36424 [ACK] Seq=144990 Ack=141 Win=65024 Len=1448 TSval=2916039030 TSecr=3045558804 [TCP segment of a reassembled PDU]"
"46043","34.949913763","192.168.1.55","192.168.1.2","TCP","1514","8004  >  36424 [ACK] Seq=146438 Ack=141 Win=65024 Len=1448 TSval=2916039030 TSecr=3045558804 [TCP segment of a reassembled PDU]"
"46044","34.949915060","192.168.1.55","192.168.1.2","TCP","1514","8004  >  36424 [ACK] Seq=147886 Ack=141 Win=65024 Len=1448 TSval=2916039030 TSecr=3045558804 [TCP segment of a reassembled PDU]"
"46045","34.949916523","192.168.1.55","192.168.1.2","TCP","1514","8004  >  36424 [ACK] Seq=149334 Ack=141 Win=65024 Len=1448 TSval=2916039030 TSecr=3045558804 [TCP segment of a reassembled PDU]"
"46046","34.949918486","192.168.1.55","192.168.1.2","TCP","1514","8004  >  36424 [ACK] Seq=150782 Ack=141 Win=65024 Len=1448 TSval=2916039030 TSecr=3045558804 [TCP segment of a reassembled PDU]"
"46047","34.949919856","192.168.1.55","192.168.1.2","TCP","1514","8004  >  36424 [ACK] Seq=152230 Ack=141 Win=65024 Len=1448 TSval=2916039030 TSecr=3045558804 [TCP segment of a reassembled PDU]"
"46048","34.949921800","192.168.1.55","192.168.1.2","TCP","1514","8004  >  36424 [ACK] Seq=153678 Ack=141 Win=65024 Len=1448 TSval=2916039030 TSecr=3045558804 [TCP segment of a reassembled PDU]"
"46049","34.949922986","192.168.1.55","192.168.1.2","TCP","1514","8004  >  36424 [ACK] Seq=155126 Ack=141 Win=65024 Len=1448 TSval=2916039030 TSecr=3045558804 [TCP segment of a reassembled PDU]"
"46050","34.949924356","192.168.1.55","192.168.1.2","TCP","1514","8004  >  36424 [ACK] Seq=156574 Ack=141 Win=65024 Len=1448 TSval=2916039030 TSecr=3045558804 [TCP segment of a reassembled PDU]"
"46051","34.949926800","192.168.1.55","192.168.1.2","TCP","1514","8004  >  36424 [ACK] Seq=158022 Ack=141 Win=65024 Len=1448 TSval=2916039030 TSecr=3045558804 [TCP segment of a reassembled PDU]"
"46052","34.949929134","192.168.1.55","192.168.1.2","TCP","1498","[TCP Window Full] 8004  >  36424 [PSH, ACK] Seq=159470 Ack=141 Win=65024 Len=1432 TSval=2916039030 TSecr=3045558804 [TCP segment of a reassembled PDU]"
"46053","34.955138920","192.168.1.2","192.168.1.55","TCP","66","36424  >  8004 [ACK] Seq=141 Ack=81278 Win=87040 Len=0 TSval=3045558809 TSecr=2916039029"
"46054","34.955178550","192.168.1.55","192.168.1.2","TCP","82","8004  >  36424 [ACK] Seq=160902 Ack=141 Win=65024 Len=16 TSval=2916039035 TSecr=3045558809 [TCP segment of a reassembled PDU]"
"46055","34.955312494","192.168.1.2","192.168.1.55","TCP","66","36424  >  8004 [ACK] Seq=141 Ack=100102 Win=75776 Len=0 TSval=3045558809 TSecr=2916039029"
"46056","34.955322717","192.168.1.2","192.168.1.55","TCP","66","36424  >  8004 [ACK] Seq=141 Ack=118926 Win=57344 Len=0 TSval=3045558809 TSecr=2916039030"
"46057","34.955327957","192.168.1.2","192.168.1.55","TCP","66","36424  >  8004 [ACK] Seq=141 Ack=134854 Win=58368 Len=0 TSval=3045558809 TSecr=2916039030"
"46058","34.955364031","192.168.1.55","192.168.1.2","TCP","1514","8004  >  36424 [ACK] Seq=160918 Ack=141 Win=65024 Len=1448 TSval=2916039036 TSecr=3045558809 [TCP segment of a reassembled PDU]"
"46059","34.955366754","192.168.1.55","192.168.1.2","TCP","1514","8004  >  36424 [ACK] Seq=162366 Ack=141 Win=65024 Len=1448 TSval=2916039036 TSecr=3045558809 [TCP segment of a reassembled PDU]"
"46060","34.955367939","192.168.1.55","192.168.1.2","TCP","1514","8004  >  36424 [ACK] Seq=163814 Ack=141 Win=65024 Len=1448 TSval=2916039036 TSecr=3045558809 [TCP segment of a reassembled PDU]"
"46061","34.955369605","192.168.1.55","192.168.1.2","TCP","1514","8004  >  36424 [ACK] Seq=165262 Ack=141 Win=65024 Len=1448 TSval=2916039036 TSecr=3045558809 [TCP segment of a reassembled PDU]"
"46062","34.955371291","192.168.1.55","192.168.1.2","TCP","1514","8004  >  36424 [ACK] Seq=166710 Ack=141 Win=65024 Len=1448 TSval=2916039036 TSecr=3045558809 [TCP segment of a reassembled PDU]"
"46063","34.955372494","192.168.1.55","192.168.1.2","TCP","1514","8004  >  36424 [ACK] Seq=168158 Ack=141 Win=65024 Len=1448 TSval=2916039036 TSecr=3045558809 [TCP segment of a reassembled PDU]"
"46064","34.955373809","192.168.1.55","192.168.1.2","TCP","1514","8004  >  36424 [ACK] Seq=169606 Ack=141 Win=65024 Len=1448 TSval=2916039036 TSecr=3045558809 [TCP segment of a reassembled PDU]"
"46065","34.955375124","192.168.1.55","192.168.1.2","TCP","1514","8004  >  36424 [ACK] Seq=171054 Ack=141 Win=65024 Len=1448 TSval=2916039036 TSecr=3045558809 [TCP segment of a reassembled PDU]"
"46066","34.955376420","192.168.1.55","192.168.1.2","TCP","1514","8004  >  36424 [ACK] Seq=172502 Ack=141 Win=65024 Len=1448 TSval=2916039036 TSecr=3045558809 [TCP segment of a reassembled PDU]"
"46067","34.955377680","192.168.1.55","192.168.1.2","TCP","1514","8004  >  36424 [ACK] Seq=173950 Ack=141 Win=65024 Len=1448 TSval=2916039036 TSecr=3045558809 [TCP segment of a reassembled PDU]"
"46068","34.955378865","192.168.1.55","192.168.1.2","TCP","1514","8004  >  36424 [ACK] Seq=175398 Ack=141 Win=65024 Len=1448 TSval=2916039036 TSecr=3045558809 [TCP segment of a reassembled PDU]"
"46069","34.955380105","192.168.1.55","192.168.1.2","TCP","1514","8004  >  36424 [ACK] Seq=176846 Ack=141 Win=65024 Len=1448 TSval=2916039036 TSecr=3045558809 [TCP segment of a reassembled PDU]"
"46070","34.955381365","192.168.1.55","192.168.1.2","TCP","1514","8004  >  36424 [ACK] Seq=178294 Ack=141 Win=65024 Len=1448 TSval=2916039036 TSecr=3045558809 [TCP segment of a reassembled PDU]"
"46071","34.955382531","192.168.1.55","192.168.1.2","TCP","1514","8004  >  36424 [ACK] Seq=179742 Ack=141 Win=65024 Len=1448 TSval=2916039036 TSecr=3045558809 [TCP segment of a reassembled PDU]"
"46072","34.955383846","192.168.1.55","192.168.1.2","TCP","1514","8004  >  36424 [ACK] Seq=181190 Ack=141 Win=65024 Len=1448 TSval=2916039036 TSecr=3045558809 [TCP segment of a reassembled PDU]"
"46073","34.955385050","192.168.1.55","192.168.1.2","TCP","1514","8004  >  36424 [ACK] Seq=182638 Ack=141 Win=65024 Len=1448 TSval=2916039036 TSecr=3045558809 [TCP segment of a reassembled PDU]"
"46074","34.955386383","192.168.1.55","192.168.1.2","TCP","1514","8004  >  36424 [ACK] Seq=184086 Ack=141 Win=65024 Len=1448 TSval=2916039036 TSecr=3045558809 [TCP segment of a reassembled PDU]"
"46075","34.955387680","192.168.1.55","192.168.1.2","TCP","1514","8004  >  36424 [ACK] Seq=185534 Ack=141 Win=65024 Len=1448 TSval=2916039036 TSecr=3045558809 [TCP segment of a reassembled PDU]"
"46076","34.955388920","192.168.1.55","192.168.1.2","TCP","1514","8004  >  36424 [ACK] Seq=186982 Ack=141 Win=65024 Len=1448 TSval=2916039036 TSecr=3045558809 [TCP segment of a reassembled PDU]"
"46077","34.955390143","192.168.1.55","192.168.1.2","TCP","1514","8004  >  36424 [ACK] Seq=188430 Ack=141 Win=65024 Len=1448 TSval=2916039036 TSecr=3045558809 [TCP segment of a reassembled PDU]"
"46078","34.955391346","192.168.1.55","192.168.1.2","TCP","1514","8004  >  36424 [ACK] Seq=189878 Ack=141 Win=65024 Len=1448 TSval=2916039036 TSecr=3045558809 [TCP segment of a reassembled PDU]"
"46079","34.955392587","192.168.1.55","192.168.1.2","TCP","1514","8004  >  36424 [PSH, ACK] Seq=191326 Ack=141 Win=65024 Len=1448 TSval=2916039036 TSecr=3045558809 [TCP segment of a reassembled PDU]"
"46080","34.958629537","192.168.1.2","192.168.1.55","TCP","66","36424  >  8004 [ACK] Seq=141 Ack=160902 Win=64512 Len=0 TSval=3045558811 TSecr=2916039030"
"46081","34.958648259","192.168.1.55","192.168.1.2","TCP","1514","8004  >  36424 [ACK] Seq=192774 Ack=141 Win=65024 Len=1448 TSval=2916039039 TSecr=3045558811 [TCP segment of a reassembled PDU]"
"46082","34.958650777","192.168.1.55","192.168.1.2","TCP","1514","8004  >  36424 [ACK] Seq=194222 Ack=141 Win=65024 Len=1448 TSval=2916039039 TSecr=3045558811 [TCP segment of a reassembled PDU]"
"46083","34.958652074","192.168.1.55","192.168.1.2","TCP","1514","8004  >  36424 [ACK] Seq=195670 Ack=141 Win=65024 Len=1448 TSval=2916039039 TSecr=3045558811 [TCP segment of a reassembled PDU]"
"46084","34.958653222","192.168.1.55","192.168.1.2","TCP","1514","8004  >  36424 [ACK] Seq=197118 Ack=141 Win=65024 Len=1448 TSval=2916039039 TSecr=3045558811 [TCP segment of a reassembled PDU]"
"46085","34.958654463","192.168.1.55","192.168.1.2","TCP","1514","8004  >  36424 [ACK] Seq=198566 Ack=141 Win=65024 Len=1448 TSval=2916039039 TSecr=3045558811 [TCP segment of a reassembled PDU]"
"46086","34.958655611","192.168.1.55","192.168.1.2","TCP","1514","8004  >  36424 [ACK] Seq=200014 Ack=141 Win=65024 Len=1448 TSval=2916039039 TSecr=3045558811 [TCP segment of a reassembled PDU]"
"46087","34.958656796","192.168.1.55","192.168.1.2","TCP","1514","8004  >  36424 [PSH, ACK] Seq=201462 Ack=141 Win=65024 Len=1448 TSval=2916039039 TSecr=3045558811 [TCP segment of a reassembled PDU]"
"46088","34.958673296","192.168.1.55","192.168.1.2","TCP","1514","8004  >  36424 [ACK] Seq=202910 Ack=141 Win=65024 Len=1448 TSval=2916039039 TSecr=3045558811 [TCP segment of a reassembled PDU]"
"46089","34.958675407","192.168.1.55","192.168.1.2","TCP","1514","8004  >  36424 [ACK] Seq=204358 Ack=141 Win=65024 Len=1448 TSval=2916039039 TSecr=3045558811 [TCP segment of a reassembled PDU]"
"46090","34.958676537","192.168.1.55","192.168.1.2","TCP","1514","8004  >  36424 [ACK] Seq=205806 Ack=141 Win=65024 Len=1448 TSval=2916039039 TSecr=3045558811 [TCP segment of a reassembled PDU]"
"46091","34.958677703","192.168.1.55","192.168.1.2","TCP","1514","8004  >  36424 [ACK] Seq=207254 Ack=141 Win=65024 Len=1448 TSval=2916039039 TSecr=3045558811 [TCP segment of a reassembled PDU]"
"46092","34.958679000","192.168.1.55","192.168.1.2","TCP","1514","8004  >  36424 [ACK] Seq=208702 Ack=141 Win=65024 Len=1448 TSval=2916039039 TSecr=3045558811 [TCP segment of a reassembled PDU]"
"46093","34.958680222","192.168.1.55","192.168.1.2","TCP","1514","8004  >  36424 [ACK] Seq=210150 Ack=141 Win=65024 Len=1448 TSval=2916039039 TSecr=3045558811 [TCP segment of a reassembled PDU]"
"46094","34.958681463","192.168.1.55","192.168.1.2","TCP","1514","8004  >  36424 [ACK] Seq=211598 Ack=141 Win=65024 Len=1448 TSval=2916039039 TSecr=3045558811 [TCP segment of a reassembled PDU]"
"46095","34.958682611","192.168.1.55","192.168.1.2","TCP","1514","8004  >  36424 [ACK] Seq=213046 Ack=141 Win=65024 Len=1448 TSval=2916039039 TSecr=3045558811 [TCP segment of a reassembled PDU]"
"46096","34.958683740","192.168.1.55","192.168.1.2","TCP","1514","8004  >  36424 [ACK] Seq=214494 Ack=141 Win=65024 Len=1448 TSval=2916039039 TSecr=3045558811 [TCP segment of a reassembled PDU]"
"46097","34.958684907","192.168.1.55","192.168.1.2","TCP","1514","8004  >  36424 [ACK] Seq=215942 Ack=141 Win=65024 Len=1448 TSval=2916039039 TSecr=3045558811 [TCP segment of a reassembled PDU]"
"46098","34.958686148","192.168.1.55","192.168.1.2","TCP","1514","8004  >  36424 [ACK] Seq=217390 Ack=141 Win=65024 Len=1448 TSval=2916039039 TSecr=3045558811 [TCP segment of a reassembled PDU]"
"46099","34.958687259","192.168.1.55","192.168.1.2","TCP","1514","8004  >  36424 [ACK] Seq=218838 Ack=141 Win=65024 Len=1448 TSval=2916039039 TSecr=3045558811 [TCP segment of a reassembled PDU]"
"46100","34.958688407","192.168.1.55","192.168.1.2","TCP","1514","8004  >  36424 [ACK] Seq=220286 Ack=141 Win=65024 Len=1448 TSval=2916039039 TSecr=3045558811 [TCP segment of a reassembled PDU]"
"46101","34.958689815","192.168.1.55","192.168.1.2","TCP","1514","8004  >  36424 [ACK] Seq=221734 Ack=141 Win=65024 Len=1448 TSval=2916039039 TSecr=3045558811 [TCP segment of a reassembled PDU]"
"46102","34.958690944","192.168.1.55","192.168.1.2","TCP","1514","8004  >  36424 [PSH, ACK] Seq=223182 Ack=141 Win=65024 Len=1448 TSval=2916039039 TSecr=3045558811 [TCP segment of a reassembled PDU]"
"46103","34.962968877","192.168.1.2","192.168.1.55","TCP","66","36424  >  8004 [ACK] Seq=141 Ack=181190 Win=73728 Len=0 TSval=3045558814 TSecr=2916039035"
"46104","34.962998192","192.168.1.55","192.168.1.2","TCP","1514","8004  >  36424 [ACK] Seq=224630 Ack=141 Win=65024 Len=1448 TSval=2916039043 TSecr=3045558814 [TCP segment of a reassembled PDU]"
"46105","34.963002007","192.168.1.55","192.168.1.2","TCP","1514","8004  >  36424 [ACK] Seq=226078 Ack=141 Win=65024 Len=1448 TSval=2916039043 TSecr=3045558814 [TCP segment of a reassembled PDU]"
"46106","34.963003173","192.168.1.55","192.168.1.2","TCP","1514","8004  >  36424 [ACK] Seq=227526 Ack=141 Win=65024 Len=1448 TSval=2916039043 TSecr=3045558814 [TCP segment of a reassembled PDU]"
"46107","34.963004507","192.168.1.55","192.168.1.2","TCP","1514","8004  >  36424 [ACK] Seq=228974 Ack=141 Win=65024 Len=1448 TSval=2916039043 TSecr=3045558814 [TCP segment of a reassembled PDU]"
"46108","34.963005784","192.168.1.55","192.168.1.2","TCP","1514","8004  >  36424 [ACK] Seq=230422 Ack=141 Win=65024 Len=1448 TSval=2916039043 TSecr=3045558814 [TCP segment of a reassembled PDU]"
"46109","34.963007303","192.168.1.55","192.168.1.2","TCP","1514","8004  >  36424 [ACK] Seq=231870 Ack=141 Win=65024 Len=1448 TSval=2916039043 TSecr=3045558814 [TCP segment of a reassembled PDU]"
"46110","34.963008433","192.168.1.55","192.168.1.2","TCP","1514","8004  >  36424 [ACK] Seq=233318 Ack=141 Win=65024 Len=1448 TSval=2916039043 TSecr=3045558814 [TCP segment of a reassembled PDU]"
"46111","34.963009599","192.168.1.55","192.168.1.2","TCP","1514","8004  >  36424 [ACK] Seq=234766 Ack=141 Win=65024 Len=1448 TSval=2916039043 TSecr=3045558814 [TCP segment of a reassembled PDU]"
"46112","34.963010895","192.168.1.55","192.168.1.2","TCP","1514","8004  >  36424 [ACK] Seq=236214 Ack=141 Win=65024 Len=1448 TSval=2916039043 TSecr=3045558814 [TCP segment of a reassembled PDU]"
"46113","34.963012062","192.168.1.55","192.168.1.2","TCP","1514","8004  >  36424 [ACK] Seq=237662 Ack=141 Win=65024 Len=1448 TSval=2916039043 TSecr=3045558814 [TCP segment of a reassembled PDU]"
"46114","34.963013340","192.168.1.55","192.168.1.2","TCP","1514","8004  >  36424 [ACK] Seq=239110 Ack=141 Win=65024 Len=1448 TSval=2916039043 TSecr=3045558814 [TCP segment of a reassembled PDU]"
"46115","34.963014618","192.168.1.55","192.168.1.2","TCP","1514","8004  >  36424 [ACK] Seq=240558 Ack=141 Win=65024 Len=1448 TSval=2916039043 TSecr=3045558814 [TCP segment of a reassembled PDU]"
"46116","34.963015729","192.168.1.55","192.168.1.2","TCP","1514","8004  >  36424 [ACK] Seq=242006 Ack=141 Win=65024 Len=1448 TSval=2916039043 TSecr=3045558814 [TCP segment of a reassembled PDU]"
"46117","34.963017321","192.168.1.55","192.168.1.2","TCP","1514","8004  >  36424 [PSH, ACK] Seq=243454 Ack=141 Win=65024 Len=1448 TSval=2916039043 TSecr=3045558814 [TCP segment of a reassembled PDU]"
"46118","34.963081636","192.168.1.2","192.168.1.55","TCP","66","36424  >  8004 [ACK] Seq=141 Ack=192774 Win=109568 Len=0 TSval=3045558814 TSecr=2916039036"
"46119","34.963128210","192.168.1.55","192.168.1.2","TCP","1514","8004  >  36424 [ACK] Seq=244902 Ack=141 Win=65024 Len=1448 TSval=2916039043 TSecr=3045558814 [TCP segment of a reassembled PDU]"
"46120","34.963130729","192.168.1.55","192.168.1.2","TCP","1514","8004  >  36424 [ACK] Seq=246350 Ack=141 Win=65024 Len=1448 TSval=2916039043 TSecr=3045558814 [TCP segment of a reassembled PDU]"
"46121","34.963132007","192.168.1.55","192.168.1.2","TCP","1514","8004  >  36424 [ACK] Seq=247798 Ack=141 Win=65024 Len=1448 TSval=2916039043 TSecr=3045558814 [TCP segment of a reassembled PDU]"
"46122","34.963133136","192.168.1.55","192.168.1.2","TCP","1514","8004  >  36424 [ACK] Seq=249246 Ack=141 Win=65024 Len=1448 TSval=2916039043 TSecr=3045558814 [TCP segment of a reassembled PDU]"
"46123","34.963134359","192.168.1.55","192.168.1.2","TCP","1514","8004  >  36424 [ACK] Seq=250694 Ack=141 Win=65024 Len=1448 TSval=2916039043 TSecr=3045558814 [TCP segment of a reassembled PDU]"
"46124","34.963135599","192.168.1.55","192.168.1.2","TCP","1514","8004  >  36424 [ACK] Seq=252142 Ack=141 Win=65024 Len=1448 TSval=2916039043 TSecr=3045558814 [TCP segment of a reassembled PDU]"
"46125","34.963136748","192.168.1.55","192.168.1.2","TCP","1514","8004  >  36424 [ACK] Seq=253590 Ack=141 Win=65024 Len=1448 TSval=2916039043 TSecr=3045558814 [TCP segment of a reassembled PDU]"
"46126","34.963137896","192.168.1.55","192.168.1.2","TCP","1514","8004  >  36424 [ACK] Seq=255038 Ack=141 Win=65024 Len=1448 TSval=2916039043 TSecr=3045558814 [TCP segment of a reassembled PDU]"
"46127","34.963139044","192.168.1.55","192.168.1.2","TCP","1514","8004  >  36424 [ACK] Seq=256486 Ack=141 Win=65024 Len=1448 TSval=2916039043 TSecr=3045558814 [TCP segment of a reassembled PDU]"
"46128","34.963140544","192.168.1.55","192.168.1.2","TCP","1514","8004  >  36424 [ACK] Seq=257934 Ack=141 Win=65024 Len=1448 TSval=2916039043 TSecr=3045558814 [TCP segment of a reassembled PDU]"
"46129","34.963141748","192.168.1.55","192.168.1.2","TCP","1514","8004  >  36424 [ACK] Seq=259382 Ack=141 Win=65024 Len=1448 TSval=2916039043 TSecr=3045558814 [TCP segment of a reassembled PDU]"
"46130","34.963143136","192.168.1.55","192.168.1.2","TCP","1514","8004  >  36424 [ACK] Seq=260830 Ack=141 Win=65024 Len=1448 TSval=2916039043 TSecr=3045558814 [TCP segment of a reassembled PDU]"
"46131","34.963144396","192.168.1.55","192.168.1.2","TCP","1514","8004  >  36424 [ACK] Seq=262278 Ack=141 Win=65024 Len=1448 TSval=2916039043 TSecr=3045558814 [TCP segment of a reassembled PDU]"
"46132","34.963145655","192.168.1.55","192.168.1.2","TCP","1514","8004  >  36424 [ACK] Seq=263726 Ack=141 Win=65024 Len=1448 TSval=2916039043 TSecr=3045558814 [TCP segment of a reassembled PDU]"
"46133","34.963146914","192.168.1.55","192.168.1.2","TCP","1514","8004  >  36424 [ACK] Seq=265174 Ack=141 Win=65024 Len=1448 TSval=2916039043 TSecr=3045558814 [TCP segment of a reassembled PDU]"
"46134","34.963148248","192.168.1.55","192.168.1.2","TCP","1514","8004  >  36424 [ACK] Seq=266622 Ack=141 Win=65024 Len=1448 TSval=2916039043 TSecr=3045558814 [TCP segment of a reassembled PDU]"
"46135","34.963149414","192.168.1.55","192.168.1.2","TCP","1514","8004  >  36424 [ACK] Seq=268070 Ack=141 Win=65024 Len=1448 TSval=2916039043 TSecr=3045558814 [TCP segment of a reassembled PDU]"
"46136","34.963150896","192.168.1.55","192.168.1.2","TCP","1514","8004  >  36424 [ACK] Seq=269518 Ack=141 Win=65024 Len=1448 TSval=2916039043 TSecr=3045558814 [TCP segment of a reassembled PDU]"
"46137","34.963152303","192.168.1.55","192.168.1.2","TCP","1514","8004  >  36424 [ACK] Seq=270966 Ack=141 Win=65024 Len=1448 TSval=2916039043 TSecr=3045558814 [TCP segment of a reassembled PDU]"
"46138","34.963153562","192.168.1.55","192.168.1.2","TCP","1514","8004  >  36424 [ACK] Seq=272414 Ack=141 Win=65024 Len=1448 TSval=2916039043 TSecr=3045558814 [TCP segment of a reassembled PDU]"
"46139","34.963154822","192.168.1.55","192.168.1.2","TCP","1514","8004  >  36424 [ACK] Seq=273862 Ack=141 Win=65024 Len=1448 TSval=2916039043 TSecr=3045558814 [TCP segment of a reassembled PDU]"
"46140","34.963156044","192.168.1.55","192.168.1.2","TCP","1514","8004  >  36424 [ACK] Seq=275310 Ack=141 Win=65024 Len=1448 TSval=2916039043 TSecr=3045558814 [TCP segment of a reassembled PDU]"
"46141","34.963157470","192.168.1.55","192.168.1.2","TCP","1514","8004  >  36424 [ACK] Seq=276758 Ack=141 Win=65024 Len=1448 TSval=2916039043 TSecr=3045558814 [TCP segment of a reassembled PDU]"
"46142","34.963158636","192.168.1.55","192.168.1.2","TCP","1514","8004  >  36424 [ACK] Seq=278206 Ack=141 Win=65024 Len=1448 TSval=2916039043 TSecr=3045558814 [TCP segment of a reassembled PDU]"
"46143","34.963159822","192.168.1.55","192.168.1.2","TCP","1514","8004  >  36424 [ACK] Seq=279654 Ack=141 Win=65024 Len=1448 TSval=2916039043 TSecr=3045558814 [TCP segment of a reassembled PDU]"
"46144","34.963161007","192.168.1.55","192.168.1.2","TCP","1514","8004  >  36424 [ACK] Seq=281102 Ack=141 Win=65024 Len=1448 TSval=2916039043 TSecr=3045558814 [TCP segment of a reassembled PDU]"
"46145","34.963162174","192.168.1.55","192.168.1.2","TCP","1514","8004  >  36424 [ACK] Seq=282550 Ack=141 Win=65024 Len=1448 TSval=2916039043 TSecr=3045558814 [TCP segment of a reassembled PDU]"
"46146","34.963163970","192.168.1.55","192.168.1.2","TCP","1514","8004  >  36424 [ACK] Seq=283998 Ack=141 Win=65024 Len=1448 TSval=2916039043 TSecr=3045558814 [TCP segment of a reassembled PDU]"
"46147","34.963165136","192.168.1.55","192.168.1.2","TCP","1514","8004  >  36424 [PSH, ACK] Seq=285446 Ack=141 Win=65024 Len=1448 TSval=2916039043 TSecr=3045558814 [TCP segment of a reassembled PDU]"
"46148","34.964366509","192.168.1.2","192.168.1.55","TCP","66","36424  >  8004 [ACK] Seq=141 Ack=202910 Win=130048 Len=0 TSval=3045558818 TSecr=2916039039"
"46149","34.964398546","192.168.1.55","192.168.1.2","TCP","1514","8004  >  36424 [ACK] Seq=286894 Ack=141 Win=65024 Len=1448 TSval=2916039045 TSecr=3045558818 [TCP segment of a reassembled PDU]"
"46150","34.964400453","192.168.1.55","192.168.1.2","TCP","1514","8004  >  36424 [ACK] Seq=288342 Ack=141 Win=65024 Len=1448 TSval=2916039045 TSecr=3045558818 [TCP segment of a reassembled PDU]"
"46151","34.964401472","192.168.1.55","192.168.1.2","TCP","1514","8004  >  36424 [ACK] Seq=289790 Ack=141 Win=65024 Len=1448 TSval=2916039045 TSecr=3045558818 [TCP segment of a reassembled PDU]"
"46152","34.964402509","192.168.1.55","192.168.1.2","TCP","1514","8004  >  36424 [ACK] Seq=291238 Ack=141 Win=65024 Len=1448 TSval=2916039045 TSecr=3045558818 [TCP segment of a reassembled PDU]"
"46153","34.964403509","192.168.1.55","192.168.1.2","TCP","1514","8004  >  36424 [ACK] Seq=292686 Ack=141 Win=65024 Len=1448 TSval=2916039045 TSecr=3045558818 [TCP segment of a reassembled PDU]"
"46154","34.964404453","192.168.1.55","192.168.1.2","TCP","1514","8004  >  36424 [ACK] Seq=294134 Ack=141 Win=65024 Len=1448 TSval=2916039045 TSecr=3045558818 [TCP segment of a reassembled PDU]"
"46155","34.964405398","192.168.1.55","192.168.1.2","TCP","1514","8004  >  36424 [ACK] Seq=295582 Ack=141 Win=65024 Len=1448 TSval=2916039045 TSecr=3045558818 [TCP segment of a reassembled PDU]"
"46156","34.964406490","192.168.1.55","192.168.1.2","TCP","1514","8004  >  36424 [ACK] Seq=297030 Ack=141 Win=65024 Len=1448 TSval=2916039045 TSecr=3045558818 [TCP segment of a reassembled PDU]"
"46157","34.964407824","192.168.1.55","192.168.1.2","TCP","1514","8004  >  36424 [ACK] Seq=298478 Ack=141 Win=65024 Len=1448 TSval=2916039045 TSecr=3045558818 [TCP segment of a reassembled PDU]"
"46158","34.964408842","192.168.1.55","192.168.1.2","TCP","1514","8004  >  36424 [ACK] Seq=299926 Ack=141 Win=65024 Len=1448 TSval=2916039045 TSecr=3045558818 [TCP segment of a reassembled PDU]"
"46159","34.964409824","192.168.1.55","192.168.1.2","TCP","1514","8004  >  36424 [ACK] Seq=301374 Ack=141 Win=65024 Len=1448 TSval=2916039045 TSecr=3045558818 [TCP segment of a reassembled PDU]"
"46160","34.964410824","192.168.1.55","192.168.1.2","TCP","1514","8004  >  36424 [ACK] Seq=302822 Ack=141 Win=65024 Len=1448 TSval=2916039045 TSecr=3045558818 [TCP segment of a reassembled PDU]"
"46161","34.964411750","192.168.1.55","192.168.1.2","TCP","1514","8004  >  36424 [ACK] Seq=304270 Ack=141 Win=65024 Len=1448 TSval=2916039045 TSecr=3045558818 [TCP segment of a reassembled PDU]"
"46162","34.964412990","192.168.1.55","192.168.1.2","TCP","1514","8004  >  36424 [ACK] Seq=305718 Ack=141 Win=65024 Len=1448 TSval=2916039045 TSecr=3045558818 [TCP segment of a reassembled PDU]"
"46163","34.964414064","192.168.1.55","192.168.1.2","TCP","1514","8004  >  36424 [ACK] Seq=307166 Ack=141 Win=65024 Len=1448 TSval=2916039045 TSecr=3045558818 [TCP segment of a reassembled PDU]"
"46164","34.964415342","192.168.1.55","192.168.1.2","TCP","1514","8004  >  36424 [ACK] Seq=308614 Ack=141 Win=65024 Len=1448 TSval=2916039045 TSecr=3045558818 [TCP segment of a reassembled PDU]"
"46165","34.964416398","192.168.1.55","192.168.1.2","TCP","1514","8004  >  36424 [ACK] Seq=310062 Ack=141 Win=65024 Len=1448 TSval=2916039045 TSecr=3045558818 [TCP segment of a reassembled PDU]"
"46166","34.964417583","192.168.1.55","192.168.1.2","TCP","1514","8004  >  36424 [ACK] Seq=311510 Ack=141 Win=65024 Len=1448 TSval=2916039045 TSecr=3045558818 [TCP segment of a reassembled PDU]"
"46167","34.964418824","192.168.1.55","192.168.1.2","TCP","1514","8004  >  36424 [ACK] Seq=312958 Ack=141 Win=65024 Len=1448 TSval=2916039045 TSecr=3045558818 [TCP segment of a reassembled PDU]"
"46168","34.964419824","192.168.1.55","192.168.1.2","TCP","1514","8004  >  36424 [ACK] Seq=314406 Ack=141 Win=65024 Len=1448 TSval=2916039045 TSecr=3045558818 [TCP segment of a reassembled PDU]"
"46169","34.964420805","192.168.1.55","192.168.1.2","TCP","1514","8004  >  36424 [ACK] Seq=315854 Ack=141 Win=65024 Len=1448 TSval=2916039045 TSecr=3045558818 [TCP segment of a reassembled PDU]"
"46170","34.964421824","192.168.1.55","192.168.1.2","TCP","1514","8004  >  36424 [ACK] Seq=317302 Ack=141 Win=65024 Len=1448 TSval=2916039045 TSecr=3045558818 [TCP segment of a reassembled PDU]"
"46171","34.964423138","192.168.1.55","192.168.1.2","TCP","1514","8004  >  36424 [ACK] Seq=318750 Ack=141 Win=65024 Len=1448 TSval=2916039045 TSecr=3045558818 [TCP segment of a reassembled PDU]"
"46172","34.964424120","192.168.1.55","192.168.1.2","TCP","1514","8004  >  36424 [ACK] Seq=320198 Ack=141 Win=65024 Len=1448 TSval=2916039045 TSecr=3045558818 [TCP segment of a reassembled PDU]"
"46173","34.964425046","192.168.1.55","192.168.1.2","TCP","1514","8004  >  36424 [ACK] Seq=321646 Ack=141 Win=65024 Len=1448 TSval=2916039045 TSecr=3045558818 [TCP segment of a reassembled PDU]"
"46174","34.964426027","192.168.1.55","192.168.1.2","TCP","1514","8004  >  36424 [ACK] Seq=323094 Ack=141 Win=65024 Len=1448 TSval=2916039045 TSecr=3045558818 [TCP segment of a reassembled PDU]"
"46175","34.964427009","192.168.1.55","192.168.1.2","TCP","1514","8004  >  36424 [ACK] Seq=324542 Ack=141 Win=65024 Len=1448 TSval=2916039045 TSecr=3045558818 [TCP segment of a reassembled PDU]"
"46176","34.964428120","192.168.1.55","192.168.1.2","TCP","1514","8004  >  36424 [ACK] Seq=325990 Ack=141 Win=65024 Len=1448 TSval=2916039045 TSecr=3045558818 [TCP segment of a reassembled PDU]"
"46177","34.964429027","192.168.1.55","192.168.1.2","TCP","1514","8004  >  36424 [PSH, ACK] Seq=327438 Ack=141 Win=65024 Len=1448 TSval=2916039045 TSecr=3045558818 [TCP segment of a reassembled PDU]"
"46178","34.964474657","192.168.1.2","192.168.1.55","TCP","66","36424  >  8004 [ACK] Seq=141 Ack=208702 Win=126976 Len=0 TSval=3045558818 TSecr=2916039039"
"46179","34.964479861","192.168.1.2","192.168.1.55","TCP","66","36424  >  8004 [ACK] Seq=141 Ack=224630 Win=126976 Len=0 TSval=3045558818 TSecr=2916039039"
"46180","34.964505768","192.168.1.55","192.168.1.2","TCP","1514","8004  >  36424 [ACK] Seq=328886 Ack=141 Win=65024 Len=1448 TSval=2916039045 TSecr=3045558818 [TCP segment of a reassembled PDU]"
"46181","34.964507324","192.168.1.55","192.168.1.2","TCP","1514","8004  >  36424 [ACK] Seq=330334 Ack=141 Win=65024 Len=1448 TSval=2916039045 TSecr=3045558818 [TCP segment of a reassembled PDU]"
"46182","34.964508287","192.168.1.55","192.168.1.2","TCP","1514","8004  >  36424 [ACK] Seq=331782 Ack=141 Win=65024 Len=1448 TSval=2916039045 TSecr=3045558818 [TCP segment of a reassembled PDU]"
"46183","34.964509361","192.168.1.55","192.168.1.2","TCP","1514","8004  >  36424 [ACK] Seq=333230 Ack=141 Win=65024 Len=1448 TSval=2916039045 TSecr=3045558818 [TCP segment of a reassembled PDU]"
"46184","34.964510361","192.168.1.55","192.168.1.2","TCP","1514","8004  >  36424 [ACK] Seq=334678 Ack=141 Win=65024 Len=1448 TSval=2916039045 TSecr=3045558818 [TCP segment of a reassembled PDU]"
"46185","34.964511731","192.168.1.55","192.168.1.2","TCP","1514","8004  >  36424 [ACK] Seq=336126 Ack=141 Win=65024 Len=1448 TSval=2916039045 TSecr=3045558818 [TCP segment of a reassembled PDU]"
"46186","34.964512805","192.168.1.55","192.168.1.2","TCP","1514","8004  >  36424 [ACK] Seq=337574 Ack=141 Win=65024 Len=1448 TSval=2916039045 TSecr=3045558818 [TCP segment of a reassembled PDU]"
"46187","34.964513787","192.168.1.55","192.168.1.2","TCP","1514","8004  >  36424 [ACK] Seq=339022 Ack=141 Win=65024 Len=1448 TSval=2916039045 TSecr=3045558818 [TCP segment of a reassembled PDU]"
"46188","34.964514694","192.168.1.55","192.168.1.2","TCP","1514","8004  >  36424 [ACK] Seq=340470 Ack=141 Win=65024 Len=1448 TSval=2916039045 TSecr=3045558818 [TCP segment of a reassembled PDU]"
"46189","34.964515713","192.168.1.55","192.168.1.2","TCP","1514","8004  >  36424 [ACK] Seq=341918 Ack=141 Win=65024 Len=1448 TSval=2916039045 TSecr=3045558818 [TCP segment of a reassembled PDU]"
"46190","34.964516842","192.168.1.55","192.168.1.2","TCP","1514","8004  >  36424 [ACK] Seq=343366 Ack=141 Win=65024 Len=1448 TSval=2916039045 TSecr=3045558818 [TCP segment of a reassembled PDU]"
"46191","34.964517768","192.168.1.55","192.168.1.2","TCP","1514","8004  >  36424 [ACK] Seq=344814 Ack=141 Win=65024 Len=1448 TSval=2916039045 TSecr=3045558818 [TCP segment of a reassembled PDU]"
"46192","34.964518916","192.168.1.55","192.168.1.2","TCP","1514","8004  >  36424 [ACK] Seq=346262 Ack=141 Win=65024 Len=1448 TSval=2916039045 TSecr=3045558818 [TCP segment of a reassembled PDU]"
"46193","34.964519805","192.168.1.55","192.168.1.2","TCP","1514","8004  >  36424 [ACK] Seq=347710 Ack=141 Win=65024 Len=1448 TSval=2916039045 TSecr=3045558818 [TCP segment of a reassembled PDU]"
"46194","34.964520713","192.168.1.55","192.168.1.2","TCP","1514","8004  >  36424 [ACK] Seq=349158 Ack=141 Win=65024 Len=1448 TSval=2916039045 TSecr=3045558818 [TCP segment of a reassembled PDU]"
"46195","34.964521842","192.168.1.55","192.168.1.2","TCP","1066","[TCP Window Full] 8004  >  36424 [PSH, ACK] Seq=350606 Ack=141 Win=65024 Len=1000 TSval=2916039045 TSecr=3045558818 [TCP segment of a reassembled PDU]"
"46196","34.972181373","192.168.1.2","192.168.1.55","TCP","66","36424  >  8004 [ACK] Seq=141 Ack=237662 Win=129024 Len=0 TSval=3045558824 TSecr=2916039043"
"46197","34.972216244","192.168.1.55","192.168.1.2","TCP","1514","8004  >  36424 [ACK] Seq=351606 Ack=141 Win=65024 Len=1448 TSval=2916039052 TSecr=3045558824 [TCP segment of a reassembled PDU]"
"46198","34.972219688","192.168.1.55","192.168.1.2","TCP","1514","8004  >  36424 [ACK] Seq=353054 Ack=141 Win=65024 Len=1448 TSval=2916039052 TSecr=3045558824 [TCP segment of a reassembled PDU]"
"46199","34.972220836","192.168.1.55","192.168.1.2","TCP","1514","8004  >  36424 [ACK] Seq=354502 Ack=141 Win=65024 Len=1448 TSval=2916039052 TSecr=3045558824 [TCP segment of a reassembled PDU]"
"46200","34.972221947","192.168.1.55","192.168.1.2","TCP","1514","8004  >  36424 [ACK] Seq=355950 Ack=141 Win=65024 Len=1448 TSval=2916039052 TSecr=3045558824 [TCP segment of a reassembled PDU]"
"46201","34.972222910","192.168.1.55","192.168.1.2","TCP","1514","8004  >  36424 [ACK] Seq=357398 Ack=141 Win=65024 Len=1448 TSval=2916039052 TSecr=3045558824 [TCP segment of a reassembled PDU]"
"46202","34.972224077","192.168.1.55","192.168.1.2","TCP","1514","8004  >  36424 [ACK] Seq=358846 Ack=141 Win=65024 Len=1448 TSval=2916039052 TSecr=3045558824 [TCP segment of a reassembled PDU]"
"46203","34.972225244","192.168.1.55","192.168.1.2","TCP","1514","8004  >  36424 [ACK] Seq=360294 Ack=141 Win=65024 Len=1448 TSval=2916039052 TSecr=3045558824 [TCP segment of a reassembled PDU]"
"46204","34.972226281","192.168.1.55","192.168.1.2","TCP","1514","8004  >  36424 [ACK] Seq=361742 Ack=141 Win=65024 Len=1448 TSval=2916039052 TSecr=3045558824 [TCP segment of a reassembled PDU]"
"46205","34.972227188","192.168.1.55","192.168.1.2","TCP","1514","8004  >  36424 [ACK] Seq=363190 Ack=141 Win=65024 Len=1448 TSval=2916039052 TSecr=3045558824 [TCP segment of a reassembled PDU]"
"46206","34.972228299","192.168.1.55","192.168.1.2","TCP","1514","8004  >  36424 [PSH, ACK] Seq=364638 Ack=141 Win=65024 Len=1448 TSval=2916039052 TSecr=3045558824 [TCP segment of a reassembled PDU]"
"46207","34.972692818","192.168.1.2","192.168.1.55","TCP","66","36424  >  8004 [ACK] Seq=141 Ack=244902 Win=137216 Len=0 TSval=3045558824 TSecr=2916039043"
"46208","34.972704948","192.168.1.55","192.168.1.2","TCP","1514","8004  >  36424 [ACK] Seq=366086 Ack=141 Win=65024 Len=1448 TSval=2916039053 TSecr=3045558824 [TCP segment of a reassembled PDU]"
"46209","34.972706837","192.168.1.55","192.168.1.2","TCP","1514","8004  >  36424 [ACK] Seq=367534 Ack=141 Win=65024 Len=1448 TSval=2916039053 TSecr=3045558824 [TCP segment of a reassembled PDU]"
"46210","34.972708133","192.168.1.55","192.168.1.2","TCP","1514","8004  >  36424 [PSH, ACK] Seq=368982 Ack=141 Win=65024 Len=1448 TSval=2916039053 TSecr=3045558824 [TCP segment of a reassembled PDU]"
"46211","34.972712504","192.168.1.55","192.168.1.2","TCP","514","8004  >  36424 [ACK] Seq=370430 Ack=141 Win=65024 Len=448 TSval=2916039053 TSecr=3045558824 [TCP segment of a reassembled PDU]"
"46212","34.972715393","192.168.1.2","192.168.1.55","TCP","66","36424  >  8004 [ACK] Seq=141 Ack=255038 Win=128000 Len=0 TSval=3045558825 TSecr=2916039043"
"46213","34.972719652","192.168.1.2","192.168.1.55","TCP","66","36424  >  8004 [ACK] Seq=141 Ack=286894 Win=113664 Len=0 TSval=3045558825 TSecr=2916039043"
"46214","34.972724596","192.168.1.2","192.168.1.55","TCP","66","36424  >  8004 [ACK] Seq=141 Ack=318750 Win=82944 Len=0 TSval=3045558825 TSecr=2916039045"
"46215","34.972745615","192.168.1.55","192.168.1.2","TCP","1514","8004  >  36424 [ACK] Seq=370878 Ack=141 Win=65024 Len=1448 TSval=2916039053 TSecr=3045558825 [TCP segment of a reassembled PDU]"
"46216","34.972753615","192.168.1.55","192.168.1.2","TCP","1514","8004  >  36424 [ACK] Seq=372326 Ack=141 Win=65024 Len=1448 TSval=2916039053 TSecr=3045558825 [TCP segment of a reassembled PDU]"
"46217","34.972754930","192.168.1.55","192.168.1.2","TCP","1514","8004  >  36424 [ACK] Seq=373774 Ack=141 Win=65024 Len=1448 TSval=2916039053 TSecr=3045558825 [TCP segment of a reassembled PDU]"
"46218","34.972755930","192.168.1.55","192.168.1.2","TCP","1514","8004  >  36424 [ACK] Seq=375222 Ack=141 Win=65024 Len=1448 TSval=2916039053 TSecr=3045558825 [TCP segment of a reassembled PDU]"
"46219","34.972756819","192.168.1.55","192.168.1.2","TCP","1514","8004  >  36424 [ACK] Seq=376670 Ack=141 Win=65024 Len=1448 TSval=2916039053 TSecr=3045558825 [TCP segment of a reassembled PDU]"
"46220","34.972757707","192.168.1.55","192.168.1.2","TCP","1514","8004  >  36424 [ACK] Seq=378118 Ack=141 Win=65024 Len=1448 TSval=2916039053 TSecr=3045558825 [TCP segment of a reassembled PDU]"
"46221","34.972758726","192.168.1.55","192.168.1.2","TCP","1514","8004  >  36424 [ACK] Seq=379566 Ack=141 Win=65024 Len=1448 TSval=2916039053 TSecr=3045558825 [TCP segment of a reassembled PDU]"
"46222","34.972759615","192.168.1.55","192.168.1.2","TCP","1514","8004  >  36424 [ACK] Seq=381014 Ack=141 Win=65024 Len=1448 TSval=2916039053 TSecr=3045558825 [TCP segment of a reassembled PDU]"
"46223","34.972760615","192.168.1.55","192.168.1.2","TCP","1514","8004  >  36424 [ACK] Seq=382462 Ack=141 Win=65024 Len=1448 TSval=2916039053 TSecr=3045558825 [TCP segment of a reassembled PDU]"
"46224","34.972761522","192.168.1.55","192.168.1.2","TCP","1514","8004  >  36424 [ACK] Seq=383910 Ack=141 Win=65024 Len=1448 TSval=2916039053 TSecr=3045558825 [TCP segment of a reassembled PDU]"
"46225","34.972762707","192.168.1.55","192.168.1.2","TCP","1514","8004  >  36424 [ACK] Seq=385358 Ack=141 Win=65024 Len=1448 TSval=2916039053 TSecr=3045558825 [TCP segment of a reassembled PDU]"
"46226","34.972763800","192.168.1.55","192.168.1.2","TCP","1514","8004  >  36424 [ACK] Seq=386806 Ack=141 Win=65024 Len=1448 TSval=2916039053 TSecr=3045558825 [TCP segment of a reassembled PDU]"
"46227","34.972764689","192.168.1.55","192.168.1.2","TCP","1514","8004  >  36424 [ACK] Seq=388254 Ack=141 Win=65024 Len=1448 TSval=2916039053 TSecr=3045558825 [TCP segment of a reassembled PDU]"
"46228","34.972765670","192.168.1.55","192.168.1.2","TCP","1514","8004  >  36424 [ACK] Seq=389702 Ack=141 Win=65024 Len=1448 TSval=2916039053 TSecr=3045558825 [TCP segment of a reassembled PDU]"
"46229","34.972766652","192.168.1.55","192.168.1.2","TCP","1514","8004  >  36424 [ACK] Seq=391150 Ack=141 Win=65024 Len=1448 TSval=2916039053 TSecr=3045558825 [TCP segment of a reassembled PDU]"
"46230","34.972767578","192.168.1.55","192.168.1.2","TCP","1514","8004  >  36424 [ACK] Seq=392598 Ack=141 Win=65024 Len=1448 TSval=2916039053 TSecr=3045558825 [TCP segment of a reassembled PDU]"
"46231","34.972768522","192.168.1.55","192.168.1.2","TCP","1514","8004  >  36424 [ACK] Seq=394046 Ack=141 Win=65024 Len=1448 TSval=2916039053 TSecr=3045558825 [TCP segment of a reassembled PDU]"
"46232","34.972769615","192.168.1.55","192.168.1.2","TCP","1514","8004  >  36424 [ACK] Seq=395494 Ack=141 Win=65024 Len=1448 TSval=2916039053 TSecr=3045558825 [TCP segment of a reassembled PDU]"
"46233","34.972770615","192.168.1.55","192.168.1.2","TCP","1514","8004  >  36424 [ACK] Seq=396942 Ack=141 Win=65024 Len=1448 TSval=2916039053 TSecr=3045558825 [TCP segment of a reassembled PDU]"
"46234","34.972771559","192.168.1.55","192.168.1.2","TCP","1514","8004  >  36424 [ACK] Seq=398390 Ack=141 Win=65024 Len=1448 TSval=2916039053 TSecr=3045558825 [TCP segment of a reassembled PDU]"
"46235","34.972772485","192.168.1.55","192.168.1.2","TCP","1514","8004  >  36424 [PSH, ACK] Seq=399838 Ack=141 Win=65024 Len=1448 TSval=2916039053 TSecr=3045558825 [TCP segment of a reassembled PDU]"
"46236","34.972820559","192.168.1.2","192.168.1.55","TCP","66","36424  >  8004 [ACK] Seq=141 Ack=328886 Win=132096 Len=0 TSval=3045558826 TSecr=2916039045"
"46237","34.972839874","192.168.1.55","192.168.1.2","TCP","1514","8004  >  36424 [ACK] Seq=401286 Ack=141 Win=65024 Len=1448 TSval=2916039053 TSecr=3045558826 [TCP segment of a reassembled PDU]"
"46238","34.972842152","192.168.1.55","192.168.1.2","TCP","1514","8004  >  36424 [ACK] Seq=402734 Ack=141 Win=65024 Len=1448 TSval=2916039053 TSecr=3045558826 [TCP segment of a reassembled PDU]"
"46239","34.972843282","192.168.1.55","192.168.1.2","TCP","1514","8004  >  36424 [ACK] Seq=404182 Ack=141 Win=65024 Len=1448 TSval=2916039053 TSecr=3045558826 [TCP segment of a reassembled PDU]"
"46240","34.972844208","192.168.1.55","192.168.1.2","TCP","1514","8004  >  36424 [ACK] Seq=405630 Ack=141 Win=65024 Len=1448 TSval=2916039053 TSecr=3045558826 [TCP segment of a reassembled PDU]"
"46241","34.972845337","192.168.1.55","192.168.1.2","TCP","1514","8004  >  36424 [ACK] Seq=407078 Ack=141 Win=65024 Len=1448 TSval=2916039053 TSecr=3045558826 [TCP segment of a reassembled PDU]"
"46242","34.972846300","192.168.1.55","192.168.1.2","TCP","1514","8004  >  36424 [ACK] Seq=408526 Ack=141 Win=65024 Len=1448 TSval=2916039053 TSecr=3045558826 [TCP segment of a reassembled PDU]"
"46243","34.972847356","192.168.1.55","192.168.1.2","TCP","1514","8004  >  36424 [ACK] Seq=409974 Ack=141 Win=65024 Len=1448 TSval=2916039053 TSecr=3045558826 [TCP segment of a reassembled PDU]"
"46244","34.972848245","192.168.1.55","192.168.1.2","TCP","1514","8004  >  36424 [PSH, ACK] Seq=411422 Ack=141 Win=65024 Len=1448 TSval=2916039053 TSecr=3045558826 [TCP segment of a reassembled PDU]"
"46245","34.972889356","192.168.1.55","192.168.1.2","TCP","1514","8004  >  36424 [ACK] Seq=412870 Ack=141 Win=65024 Len=1448 TSval=2916039053 TSecr=3045558826 [TCP segment of a reassembled PDU]"
"46246","34.972891319","192.168.1.55","192.168.1.2","TCP","1514","8004  >  36424 [ACK] Seq=414318 Ack=141 Win=65024 Len=1448 TSval=2916039053 TSecr=3045558826 [TCP segment of a reassembled PDU]"
"46247","34.972893152","192.168.1.55","192.168.1.2","TCP","1514","8004  >  36424 [ACK] Seq=415766 Ack=141 Win=65024 Len=1448 TSval=2916039053 TSecr=3045558826 [TCP segment of a reassembled PDU]"
"46248","34.972894078","192.168.1.55","192.168.1.2","TCP","1514","8004  >  36424 [ACK] Seq=417214 Ack=141 Win=65024 Len=1448 TSval=2916039053 TSecr=3045558826 [TCP segment of a reassembled PDU]"
"46249","34.972895300","192.168.1.55","192.168.1.2","TCP","1514","8004  >  36424 [ACK] Seq=418662 Ack=141 Win=65024 Len=1448 TSval=2916039053 TSecr=3045558826 [TCP segment of a reassembled PDU]"
"46250","34.972896819","192.168.1.55","192.168.1.2","TCP","1514","8004  >  36424 [ACK] Seq=420110 Ack=141 Win=65024 Len=1448 TSval=2916039053 TSecr=3045558826 [TCP segment of a reassembled PDU]"
"46251","34.972897726","192.168.1.55","192.168.1.2","TCP","1514","8004  >  36424 [ACK] Seq=421558 Ack=141 Win=65024 Len=1448 TSval=2916039053 TSecr=3045558826 [TCP segment of a reassembled PDU]"
"46252","34.972898763","192.168.1.55","192.168.1.2","TCP","1514","8004  >  36424 [ACK] Seq=423006 Ack=141 Win=65024 Len=1448 TSval=2916039053 TSecr=3045558826 [TCP segment of a reassembled PDU]"
"46253","34.972899763","192.168.1.55","192.168.1.2","TCP","1514","8004  >  36424 [ACK] Seq=424454 Ack=141 Win=65024 Len=1448 TSval=2916039053 TSecr=3045558826 [TCP segment of a reassembled PDU]"
"46254","34.972901041","192.168.1.55","192.168.1.2","TCP","1514","8004  >  36424 [ACK] Seq=425902 Ack=141 Win=65024 Len=1448 TSval=2916039053 TSecr=3045558826 [TCP segment of a reassembled PDU]"
"46255","34.972902763","192.168.1.55","192.168.1.2","TCP","1514","8004  >  36424 [ACK] Seq=427350 Ack=141 Win=65024 Len=1448 TSval=2916039053 TSecr=3045558826 [TCP segment of a reassembled PDU]"
"46256","34.972903948","192.168.1.55","192.168.1.2","TCP","1514","8004  >  36424 [ACK] Seq=428798 Ack=141 Win=65024 Len=1448 TSval=2916039053 TSecr=3045558826 [TCP segment of a reassembled PDU]"
"46257","34.972905300","192.168.1.55","192.168.1.2","TCP","1514","8004  >  36424 [ACK] Seq=430246 Ack=141 Win=65024 Len=1448 TSval=2916039053 TSecr=3045558826 [TCP segment of a reassembled PDU]"
"46258","34.972906319","192.168.1.55","192.168.1.2","TCP","1514","8004  >  36424 [ACK] Seq=431694 Ack=141 Win=65024 Len=1448 TSval=2916039053 TSecr=3045558826 [TCP segment of a reassembled PDU]"
"46259","34.972907504","192.168.1.55","192.168.1.2","TCP","1514","8004  >  36424 [ACK] Seq=433142 Ack=141 Win=65024 Len=1448 TSval=2916039053 TSecr=3045558826 [TCP segment of a reassembled PDU]"
"46260","34.972909152","192.168.1.55","192.168.1.2","TCP","1514","8004  >  36424 [ACK] Seq=434590 Ack=141 Win=65024 Len=1448 TSval=2916039053 TSecr=3045558826 [TCP segment of a reassembled PDU]"
"46261","34.972910448","192.168.1.55","192.168.1.2","TCP","1514","8004  >  36424 [ACK] Seq=436038 Ack=141 Win=65024 Len=1448 TSval=2916039053 TSecr=3045558826 [TCP segment of a reassembled PDU]"
"46262","34.972911893","192.168.1.55","192.168.1.2","TCP","1514","8004  >  36424 [ACK] Seq=437486 Ack=141 Win=65024 Len=1448 TSval=2916039053 TSecr=3045558826 [TCP segment of a reassembled PDU]"
"46263","34.972912893","192.168.1.55","192.168.1.2","TCP","1514","8004  >  36424 [ACK] Seq=438934 Ack=141 Win=65024 Len=1448 TSval=2916039053 TSecr=3045558826 [TCP segment of a reassembled PDU]"
"46264","34.972913893","192.168.1.55","192.168.1.2","TCP","1514","8004  >  36424 [ACK] Seq=440382 Ack=141 Win=65024 Len=1448 TSval=2916039053 TSecr=3045558826 [TCP segment of a reassembled PDU]"
"46265","34.972915171","192.168.1.55","192.168.1.2","TCP","1514","8004  >  36424 [ACK] Seq=441830 Ack=141 Win=65024 Len=1448 TSval=2916039053 TSecr=3045558826 [TCP segment of a reassembled PDU]"
"46266","34.972916319","192.168.1.55","192.168.1.2","TCP","1514","8004  >  36424 [ACK] Seq=443278 Ack=141 Win=65024 Len=1448 TSval=2916039053 TSecr=3045558826 [TCP segment of a reassembled PDU]"
"46267","34.972917560","192.168.1.55","192.168.1.2","TCP","1514","8004  >  36424 [ACK] Seq=444726 Ack=141 Win=65024 Len=1448 TSval=2916039053 TSecr=3045558826 [TCP segment of a reassembled PDU]"
"46268","34.972918782","192.168.1.55","192.168.1.2","TCP","1514","8004  >  36424 [ACK] Seq=446174 Ack=141 Win=65024 Len=1448 TSval=2916039053 TSecr=3045558826 [TCP segment of a reassembled PDU]"
"46269","34.972919800","192.168.1.55","192.168.1.2","TCP","1514","8004  >  36424 [ACK] Seq=447622 Ack=141 Win=65024 Len=1448 TSval=2916039053 TSecr=3045558826 [TCP segment of a reassembled PDU]"
"46270","34.972920763","192.168.1.55","192.168.1.2","TCP","1514","8004  >  36424 [ACK] Seq=449070 Ack=141 Win=65024 Len=1448 TSval=2916039053 TSecr=3045558826 [TCP segment of a reassembled PDU]"
"46271","34.972922171","192.168.1.55","192.168.1.2","TCP","1514","8004  >  36424 [ACK] Seq=450518 Ack=141 Win=65024 Len=1448 TSval=2916039053 TSecr=3045558826 [TCP segment of a reassembled PDU]"
"46272","34.972923522","192.168.1.55","192.168.1.2","TCP","1514","8004  >  36424 [ACK] Seq=451966 Ack=141 Win=65024 Len=1448 TSval=2916039053 TSecr=3045558826 [TCP segment of a reassembled PDU]"
"46273","34.972924504","192.168.1.55","192.168.1.2","TCP","1514","8004  >  36424 [PSH, ACK] Seq=453414 Ack=141 Win=65024 Len=1448 TSval=2916039053 TSecr=3045558826 [TCP segment of a reassembled PDU]"
"46274","34.972929115","192.168.1.2","192.168.1.55","TCP","66","36424  >  8004 [ACK] Seq=141 Ack=343366 Win=118784 Len=0 TSval=3045558826 TSecr=2916039045"
"46275","34.972939245","192.168.1.2","192.168.1.55","TCP","66","36424  >  8004 [ACK] Seq=141 Ack=344814 Win=139264 Len=0 TSval=3045558828 TSecr=2916039045"
"46276","34.972967763","192.168.1.2","192.168.1.55","TCP","66","36424  >  8004 [ACK] Seq=141 Ack=351606 Win=139264 Len=0 TSval=3045558828 TSecr=2916039045"
"46277","34.974144654","192.168.1.55","192.168.1.2","TCP","1514","8004  >  36424 [ACK] Seq=454862 Ack=141 Win=65024 Len=1448 TSval=2916039054 TSecr=3045558828 [TCP segment of a reassembled PDU]"
"46278","34.974147710","192.168.1.55","192.168.1.2","TCP","1514","8004  >  36424 [ACK] Seq=456310 Ack=141 Win=65024 Len=1448 TSval=2916039054 TSecr=3045558828 [TCP segment of a reassembled PDU]"
"46279","34.974148802","192.168.1.55","192.168.1.2","TCP","1514","8004  >  36424 [ACK] Seq=457758 Ack=141 Win=65024 Len=1448 TSval=2916039054 TSecr=3045558828 [TCP segment of a reassembled PDU]"
"46280","34.974149691","192.168.1.55","192.168.1.2","TCP","1514","8004  >  36424 [ACK] Seq=459206 Ack=141 Win=65024 Len=1448 TSval=2916039054 TSecr=3045558828 [TCP segment of a reassembled PDU]"
"46281","34.974150691","192.168.1.55","192.168.1.2","TCP","1514","8004  >  36424 [ACK] Seq=460654 Ack=141 Win=65024 Len=1448 TSval=2916039054 TSecr=3045558828 [TCP segment of a reassembled PDU]"
"46282","34.974151747","192.168.1.55","192.168.1.2","TCP","1514","8004  >  36424 [ACK] Seq=462102 Ack=141 Win=65024 Len=1448 TSval=2916039054 TSecr=3045558828 [TCP segment of a reassembled PDU]"
"46283","34.974152802","192.168.1.55","192.168.1.2","TCP","1514","8004  >  36424 [ACK] Seq=463550 Ack=141 Win=65024 Len=1448 TSval=2916039054 TSecr=3045558828 [TCP segment of a reassembled PDU]"
"46284","34.974153895","192.168.1.55","192.168.1.2","TCP","1514","8004  >  36424 [ACK] Seq=464998 Ack=141 Win=65024 Len=1448 TSval=2916039054 TSecr=3045558828 [TCP segment of a reassembled PDU]"
"46285","34.974154821","192.168.1.55","192.168.1.2","TCP","1514","8004  >  36424 [ACK] Seq=466446 Ack=141 Win=65024 Len=1448 TSval=2916039054 TSecr=3045558828 [TCP segment of a reassembled PDU]"
"46286","34.974156228","192.168.1.55","192.168.1.2","TCP","1514","8004  >  36424 [ACK] Seq=467894 Ack=141 Win=65024 Len=1448 TSval=2916039054 TSecr=3045558828 [TCP segment of a reassembled PDU]"
"46287","34.974157210","192.168.1.55","192.168.1.2","TCP","1514","8004  >  36424 [ACK] Seq=469342 Ack=141 Win=65024 Len=1448 TSval=2916039054 TSecr=3045558828 [TCP segment of a reassembled PDU]"
"46288","34.974158210","192.168.1.55","192.168.1.2","TCP","1514","8004  >  36424 [ACK] Seq=470790 Ack=141 Win=65024 Len=1448 TSval=2916039054 TSecr=3045558828 [TCP segment of a reassembled PDU]"
"46289","34.974159358","192.168.1.55","192.168.1.2","TCP","1514","8004  >  36424 [ACK] Seq=472238 Ack=141 Win=65024 Len=1448 TSval=2916039054 TSecr=3045558828 [TCP segment of a reassembled PDU]"
"46290","34.974160358","192.168.1.55","192.168.1.2","TCP","1514","8004  >  36424 [ACK] Seq=473686 Ack=141 Win=65024 Len=1448 TSval=2916039054 TSecr=3045558828 [TCP segment of a reassembled PDU]"
"46291","34.974161450","192.168.1.55","192.168.1.2","TCP","1514","8004  >  36424 [ACK] Seq=475134 Ack=141 Win=65024 Len=1448 TSval=2916039054 TSecr=3045558828 [TCP segment of a reassembled PDU]"
"46292","34.974162358","192.168.1.55","192.168.1.2","TCP","1514","8004  >  36424 [ACK] Seq=476582 Ack=141 Win=65024 Len=1448 TSval=2916039054 TSecr=3045558828 [TCP segment of a reassembled PDU]"
"46293","34.974163395","192.168.1.55","192.168.1.2","TCP","1514","8004  >  36424 [ACK] Seq=478030 Ack=141 Win=65024 Len=1448 TSval=2916039054 TSecr=3045558828 [TCP segment of a reassembled PDU]"
"46294","34.974164339","192.168.1.55","192.168.1.2","TCP","1514","8004  >  36424 [ACK] Seq=479478 Ack=141 Win=65024 Len=1448 TSval=2916039054 TSecr=3045558828 [TCP segment of a reassembled PDU]"
"46295","34.974165469","192.168.1.55","192.168.1.2","TCP","1514","8004  >  36424 [ACK] Seq=480926 Ack=141 Win=65024 Len=1448 TSval=2916039054 TSecr=3045558828 [TCP segment of a reassembled PDU]"
"46296","34.974166506","192.168.1.55","192.168.1.2","TCP","1514","8004  >  36424 [ACK] Seq=482374 Ack=141 Win=65024 Len=1448 TSval=2916039054 TSecr=3045558828 [TCP segment of a reassembled PDU]"
"46297","34.974167524","192.168.1.55","192.168.1.2","TCP","1514","8004  >  36424 [ACK] Seq=483822 Ack=141 Win=65024 Len=1448 TSval=2916039054 TSecr=3045558828 [TCP segment of a reassembled PDU]"
"46298","34.974168599","192.168.1.55","192.168.1.2","TCP","1514","8004  >  36424 [ACK] Seq=485270 Ack=141 Win=65024 Len=1448 TSval=2916039054 TSecr=3045558828 [TCP segment of a reassembled PDU]"
"46299","34.974170247","192.168.1.55","192.168.1.2","TCP","1514","8004  >  36424 [ACK] Seq=486718 Ack=141 Win=65024 Len=1448 TSval=2916039054 TSecr=3045558828 [TCP segment of a reassembled PDU]"
"46300","34.974171228","192.168.1.55","192.168.1.2","TCP","1514","8004  >  36424 [PSH, ACK] Seq=488166 Ack=141 Win=65024 Len=1448 TSval=2916039054 TSecr=3045558828 [TCP segment of a reassembled PDU]"
"46301","34.981170776","192.168.1.2","192.168.1.55","TCP","66","36424  >  8004 [ACK] Seq=141 Ack=358846 Win=139264 Len=0 TSval=3045558830 TSecr=2916039052"
"46302","34.981271369","192.168.1.55","192.168.1.2","TCP","1514","8004  >  36424 [ACK] Seq=489614 Ack=141 Win=65024 Len=1448 TSval=2916039061 TSecr=3045558830 [TCP segment of a reassembled PDU]"
"46303","34.981278814","192.168.1.55","192.168.1.2","TCP","1514","8004  >  36424 [ACK] Seq=491062 Ack=141 Win=65024 Len=1448 TSval=2916039061 TSecr=3045558830 [TCP segment of a reassembled PDU]"
"46304","34.981280740","192.168.1.55","192.168.1.2","TCP","1514","8004  >  36424 [ACK] Seq=492510 Ack=141 Win=65024 Len=1448 TSval=2916039061 TSecr=3045558830 [TCP segment of a reassembled PDU]"
"46305","34.981282665","192.168.1.55","192.168.1.2","TCP","1514","8004  >  36424 [ACK] Seq=493958 Ack=141 Win=65024 Len=1448 TSval=2916039061 TSecr=3045558830 [TCP segment of a reassembled PDU]"
"46306","34.981283703","192.168.1.55","192.168.1.2","TCP","1514","8004  >  36424 [PSH, ACK] Seq=495406 Ack=141 Win=65024 Len=1448 TSval=2916039061 TSecr=3045558830 [TCP segment of a reassembled PDU]"
"46307","34.981420462","192.168.1.2","192.168.1.55","TCP","66","36424  >  8004 [ACK] Seq=141 Ack=366086 Win=154624 Len=0 TSval=3045558836 TSecr=2916039052"
"46308","34.981464555","192.168.1.55","192.168.1.2","TCP","1514","8004  >  36424 [ACK] Seq=496854 Ack=141 Win=65024 Len=1448 TSval=2916039062 TSecr=3045558836 [TCP segment of a reassembled PDU]"
"46309","34.981476666","192.168.1.55","192.168.1.2","HTTP","1472","HTTP/1.0 200 OK  (PNG)"
"46310","34.981480444","192.168.1.2","192.168.1.55","TCP","66","36424  >  8004 [ACK] Seq=141 Ack=370430 Win=162816 Len=0 TSval=3045558836 TSecr=2916039053"
"46311","34.981487481","192.168.1.2","192.168.1.55","TCP","66","36424  >  8004 [ACK] Seq=141 Ack=370878 Win=165888 Len=0 TSval=3045558836 TSecr=2916039053"
"46312","34.981492092","192.168.1.2","192.168.1.55","TCP","66","36424  >  8004 [ACK] Seq=141 Ack=401286 Win=204800 Len=0 TSval=3045558836 TSecr=2916039053"
"46313","34.981547925","192.168.1.2","192.168.1.55","TCP","66","36424  >  8004 [ACK] Seq=141 Ack=409974 Win=196608 Len=0 TSval=3045558836 TSecr=2916039053"
"46314","34.981554055","192.168.1.2","192.168.1.55","TCP","66","36424  >  8004 [ACK] Seq=141 Ack=412870 Win=194560 Len=0 TSval=3045558836 TSecr=2916039053"
"46315","34.981558203","192.168.1.2","192.168.1.55","TCP","66","36424  >  8004 [ACK] Seq=141 Ack=454862 Win=194560 Len=0 TSval=3045558836 TSecr=2916039053"
"46316","34.982710890","192.168.1.2","192.168.1.55","TCP","66","36424  >  8004 [ACK] Seq=141 Ack=483822 Win=165888 Len=0 TSval=3045558836 TSecr=2916039054"
"46317","34.984223170","192.168.1.2","192.168.1.55","TCP","66","36424  >  8004 [ACK] Seq=141 Ack=485270 Win=206848 Len=0 TSval=3045558838 TSecr=2916039054"
"46318","34.984356096","192.168.1.2","192.168.1.55","TCP","66","36424  >  8004 [ACK] Seq=141 Ack=489614 Win=216064 Len=0 TSval=3045558838 TSecr=2916039054"
"46319","34.984363744","192.168.1.2","192.168.1.55","TCP","66","36424  >  8004 [ACK] Seq=141 Ack=492510 Win=222208 Len=0 TSval=3045558839 TSecr=2916039061"
"46320","34.985654747","192.168.1.2","192.168.1.55","TCP","66","36424  >  8004 [ACK] Seq=141 Ack=493958 Win=224256 Len=0 TSval=3045558841 TSecr=2916039061"
"46321","34.986069006","192.168.1.2","192.168.1.55","TCP","66","36424  >  8004 [ACK] Seq=141 Ack=496854 Win=230400 Len=0 TSval=3045558841 TSecr=2916039061"
"46322","34.986176803","192.168.1.2","192.168.1.55","TCP","66","36424  >  8004 [ACK] Seq=141 Ack=499709 Win=230400 Len=0 TSval=3045558841 TSecr=2916039062"
"46323","34.987120267","192.168.1.2","192.168.1.55","TCP","66","36424  >  8004 [FIN, ACK] Seq=141 Ack=499709 Win=230400 Len=0 TSval=3045558841 TSecr=2916039062"
"46324","34.987153416","192.168.1.55","192.168.1.2","TCP","66","8004  >  36424 [ACK] Seq=499709 Ack=142 Win=65024 Len=0 TSval=2916039067 TSecr=3045558841"
"46325","34.987250971","192.168.1.2","192.168.1.55","TCP","74","36440  >  8004 [SYN] Seq=0 Win=64240 Len=0 MSS=1460 SACK_PERM TSval=3045558842 TSecr=0 WS=1024"
"46326","34.987276916","192.168.1.55","192.168.1.2","TCP","74","8004  >  36440 [SYN, ACK] Seq=0 Ack=1 Win=65160 Len=0 MSS=1460 SACK_PERM TSval=2916039067 TSecr=3045558842 WS=128"
"46327","34.990404162","192.168.1.2","192.168.1.55","TCP","66","36440  >  8004 [ACK] Seq=1 Ack=1 Win=64512 Len=0 TSval=3045558845 TSecr=2916039067"
"46328","34.993624574","192.168.1.2","192.168.1.55","HTTP","209","GET /original_benchmark.png HTTP/1.1 "
"46329","34.993656370","192.168.1.55","192.168.1.2","TCP","66","8004  >  36440 [ACK] Seq=1 Ack=144 Win=65024 Len=0 TSval=2916039074 TSecr=3045558845"
"46330","34.994384816","192.168.1.55","192.168.1.2","TCP","255","8004  >  36440 [PSH, ACK] Seq=1 Ack=144 Win=65024 Len=189 TSval=2916039075 TSecr=3045558845 [TCP segment of a reassembled PDU]"
"46331","34.994507168","192.168.1.55","192.168.1.2","TCP","1514","8004  >  36440 [ACK] Seq=190 Ack=144 Win=65024 Len=1448 TSval=2916039075 TSecr=3045558845 [TCP segment of a reassembled PDU]"
"46332","34.994512131","192.168.1.55","192.168.1.2","TCP","1514","8004  >  36440 [ACK] Seq=1638 Ack=144 Win=65024 Len=1448 TSval=2916039075 TSecr=3045558845 [TCP segment of a reassembled PDU]"
"46333","34.994513446","192.168.1.55","192.168.1.2","TCP","1514","8004  >  36440 [ACK] Seq=3086 Ack=144 Win=65024 Len=1448 TSval=2916039075 TSecr=3045558845 [TCP segment of a reassembled PDU]"
"46334","34.994515427","192.168.1.55","192.168.1.2","TCP","1514","8004  >  36440 [ACK] Seq=4534 Ack=144 Win=65024 Len=1448 TSval=2916039075 TSecr=3045558845 [TCP segment of a reassembled PDU]"
"46335","34.994517094","192.168.1.55","192.168.1.2","TCP","1514","8004  >  36440 [PSH, ACK] Seq=5982 Ack=144 Win=65024 Len=1448 TSval=2916039075 TSecr=3045558845 [TCP segment of a reassembled PDU]"
"46336","34.994541890","192.168.1.55","192.168.1.2","TCP","1514","8004  >  36440 [ACK] Seq=7430 Ack=144 Win=65024 Len=1448 TSval=2916039075 TSecr=3045558845 [TCP segment of a reassembled PDU]"
"46337","34.994544002","192.168.1.55","192.168.1.2","TCP","1514","8004  >  36440 [ACK] Seq=8878 Ack=144 Win=65024 Len=1448 TSval=2916039075 TSecr=3045558845 [TCP segment of a reassembled PDU]"
"46338","34.994545594","192.168.1.55","192.168.1.2","TCP","1514","8004  >  36440 [ACK] Seq=10326 Ack=144 Win=65024 Len=1448 TSval=2916039075 TSecr=3045558845 [TCP segment of a reassembled PDU]"
"46339","34.994546890","192.168.1.55","192.168.1.2","TCP","1514","8004  >  36440 [PSH, ACK] Seq=11774 Ack=144 Win=65024 Len=1448 TSval=2916039075 TSecr=3045558845 [TCP segment of a reassembled PDU]"
"46340","34.998040452","192.168.1.2","192.168.1.55","TCP","66","36440  >  8004 [ACK] Seq=144 Ack=190 Win=64512 Len=0 TSval=3045558852 TSecr=2916039075"
"46341","34.998076266","192.168.1.55","192.168.1.2","TCP","1514","8004  >  36440 [ACK] Seq=13222 Ack=144 Win=65024 Len=1448 TSval=2916039078 TSecr=3045558852 [TCP segment of a reassembled PDU]"
"46342","34.998080470","192.168.1.55","192.168.1.2","TCP","1514","8004  >  36440 [PSH, ACK] Seq=14670 Ack=144 Win=65024 Len=1448 TSval=2916039078 TSecr=3045558852 [TCP segment of a reassembled PDU]"
"46343","34.998291137","192.168.1.2","192.168.1.55","TCP","66","36440  >  8004 [ACK] Seq=144 Ack=1638 Win=67584 Len=0 TSval=3045558852 TSecr=2916039075"
"46344","34.998315119","192.168.1.2","192.168.1.55","TCP","66","36440  >  8004 [ACK] Seq=144 Ack=7430 Win=79872 Len=0 TSval=3045558853 TSecr=2916039075"
"46345","34.998339359","192.168.1.55","192.168.1.2","TCP","1514","8004  >  36440 [ACK] Seq=16118 Ack=144 Win=65024 Len=1448 TSval=2916039079 TSecr=3045558853 [TCP segment of a reassembled PDU]"
"46346","34.998342137","192.168.1.55","192.168.1.2","TCP","1514","8004  >  36440 [ACK] Seq=17566 Ack=144 Win=65024 Len=1448 TSval=2916039079 TSecr=3045558853 [TCP segment of a reassembled PDU]"
"46347","34.998343582","192.168.1.55","192.168.1.2","TCP","1514","8004  >  36440 [ACK] Seq=19014 Ack=144 Win=65024 Len=1448 TSval=2916039079 TSecr=3045558853 [TCP segment of a reassembled PDU]"
"46348","34.998345082","192.168.1.55","192.168.1.2","TCP","1514","8004  >  36440 [ACK] Seq=20462 Ack=144 Win=65024 Len=1448 TSval=2916039079 TSecr=3045558853 [TCP segment of a reassembled PDU]"
"46349","34.998346359","192.168.1.55","192.168.1.2","TCP","1514","8004  >  36440 [ACK] Seq=21910 Ack=144 Win=65024 Len=1448 TSval=2916039079 TSecr=3045558853 [TCP segment of a reassembled PDU]"
"46350","34.998347767","192.168.1.55","192.168.1.2","TCP","1514","8004  >  36440 [ACK] Seq=23358 Ack=144 Win=65024 Len=1448 TSval=2916039079 TSecr=3045558853 [TCP segment of a reassembled PDU]"
"46351","34.998349230","192.168.1.55","192.168.1.2","TCP","1514","8004  >  36440 [ACK] Seq=24806 Ack=144 Win=65024 Len=1448 TSval=2916039079 TSecr=3045558853 [TCP segment of a reassembled PDU]"
"46352","34.998350730","192.168.1.55","192.168.1.2","TCP","1514","8004  >  36440 [PSH, ACK] Seq=26254 Ack=144 Win=65024 Len=1448 TSval=2916039079 TSecr=3045558853 [TCP segment of a reassembled PDU]"
"46353","34.998355656","192.168.1.2","192.168.1.55","TCP","66","36440  >  8004 [ACK] Seq=144 Ack=13222 Win=79872 Len=0 TSval=3045558853 TSecr=2916039075"
"46354","34.998379100","192.168.1.55","192.168.1.2","TCP","1514","8004  >  36440 [ACK] Seq=27702 Ack=144 Win=65024 Len=1448 TSval=2916039079 TSecr=3045558853 [TCP segment of a reassembled PDU]"
"46355","34.998380952","192.168.1.55","192.168.1.2","TCP","1514","8004  >  36440 [ACK] Seq=29150 Ack=144 Win=65024 Len=1448 TSval=2916039079 TSecr=3045558853 [TCP segment of a reassembled PDU]"
"46356","34.998382619","192.168.1.55","192.168.1.2","TCP","1514","8004  >  36440 [ACK] Seq=30598 Ack=144 Win=65024 Len=1448 TSval=2916039079 TSecr=3045558853 [TCP segment of a reassembled PDU]"
"46357","34.998384267","192.168.1.55","192.168.1.2","TCP","1514","8004  >  36440 [ACK] Seq=32046 Ack=144 Win=65024 Len=1448 TSval=2916039079 TSecr=3045558853 [TCP segment of a reassembled PDU]"
"46358","34.998385582","192.168.1.55","192.168.1.2","TCP","1514","8004  >  36440 [ACK] Seq=33494 Ack=144 Win=65024 Len=1448 TSval=2916039079 TSecr=3045558853 [TCP segment of a reassembled PDU]"
"46359","34.998386767","192.168.1.55","192.168.1.2","TCP","1514","8004  >  36440 [ACK] Seq=34942 Ack=144 Win=65024 Len=1448 TSval=2916039079 TSecr=3045558853 [TCP segment of a reassembled PDU]"
"46360","34.998388026","192.168.1.55","192.168.1.2","TCP","1514","8004  >  36440 [ACK] Seq=36390 Ack=144 Win=65024 Len=1448 TSval=2916039079 TSecr=3045558853 [TCP segment of a reassembled PDU]"
"46361","34.998389508","192.168.1.55","192.168.1.2","TCP","1514","8004  >  36440 [ACK] Seq=37838 Ack=144 Win=65024 Len=1448 TSval=2916039079 TSecr=3045558853 [TCP segment of a reassembled PDU]"
"46362","34.998391100","192.168.1.55","192.168.1.2","TCP","1514","8004  >  36440 [ACK] Seq=39286 Ack=144 Win=65024 Len=1448 TSval=2916039079 TSecr=3045558853 [TCP segment of a reassembled PDU]"
"46363","34.998392304","192.168.1.55","192.168.1.2","TCP","1514","8004  >  36440 [PSH, ACK] Seq=40734 Ack=144 Win=65024 Len=1448 TSval=2916039079 TSecr=3045558853 [TCP segment of a reassembled PDU]"
"46364","35.002550811","192.168.1.2","192.168.1.55","TCP","66","36440  >  8004 [ACK] Seq=144 Ack=16118 Win=84992 Len=0 TSval=3045558857 TSecr=2916039078"
"46365","35.002578329","192.168.1.55","192.168.1.2","TCP","1514","8004  >  36440 [ACK] Seq=42182 Ack=144 Win=65024 Len=1448 TSval=2916039083 TSecr=3045558857 [TCP segment of a reassembled PDU]"
"46366","35.002582311","192.168.1.55","192.168.1.2","TCP","1514","8004  >  36440 [PSH, ACK] Seq=43630 Ack=144 Win=65024 Len=1448 TSval=2916039083 TSecr=3045558857 [TCP segment of a reassembled PDU]"
"46367","35.002870552","192.168.1.2","192.168.1.55","TCP","66","36440  >  8004 [ACK] Seq=144 Ack=27702 Win=76800 Len=0 TSval=3045558857 TSecr=2916039079"
"46368","35.002897237","192.168.1.55","192.168.1.2","TCP","1514","8004  >  36440 [ACK] Seq=45078 Ack=144 Win=65024 Len=1448 TSval=2916039083 TSecr=3045558857 [TCP segment of a reassembled PDU]"
"46369","35.002899589","192.168.1.55","192.168.1.2","TCP","1514","8004  >  36440 [ACK] Seq=46526 Ack=144 Win=65024 Len=1448 TSval=2916039083 TSecr=3045558857 [TCP segment of a reassembled PDU]"
"46370","35.002900830","192.168.1.55","192.168.1.2","TCP","1514","8004  >  36440 [ACK] Seq=47974 Ack=144 Win=65024 Len=1448 TSval=2916039083 TSecr=3045558857 [TCP segment of a reassembled PDU]"
"46371","35.002902126","192.168.1.55","192.168.1.2","TCP","1514","8004  >  36440 [ACK] Seq=49422 Ack=144 Win=65024 Len=1448 TSval=2916039083 TSecr=3045558857 [TCP segment of a reassembled PDU]"
"46372","35.002903311","192.168.1.55","192.168.1.2","TCP","1514","8004  >  36440 [ACK] Seq=50870 Ack=144 Win=65024 Len=1448 TSval=2916039083 TSecr=3045558857 [TCP segment of a reassembled PDU]"
"46373","35.002904663","192.168.1.55","192.168.1.2","TCP","1514","8004  >  36440 [ACK] Seq=52318 Ack=144 Win=65024 Len=1448 TSval=2916039083 TSecr=3045558857 [TCP segment of a reassembled PDU]"
"46374","35.002905959","192.168.1.55","192.168.1.2","TCP","1514","8004  >  36440 [ACK] Seq=53766 Ack=144 Win=65024 Len=1448 TSval=2916039083 TSecr=3045558857 [TCP segment of a reassembled PDU]"
"46375","35.002907274","192.168.1.55","192.168.1.2","TCP","1514","8004  >  36440 [ACK] Seq=55214 Ack=144 Win=65024 Len=1448 TSval=2916039083 TSecr=3045558857 [TCP segment of a reassembled PDU]"
"46376","35.002908515","192.168.1.55","192.168.1.2","TCP","1514","8004  >  36440 [ACK] Seq=56662 Ack=144 Win=65024 Len=1448 TSval=2916039083 TSecr=3045558857 [TCP segment of a reassembled PDU]"
"46377","35.002909811","192.168.1.55","192.168.1.2","TCP","1514","8004  >  36440 [ACK] Seq=58110 Ack=144 Win=65024 Len=1448 TSval=2916039083 TSecr=3045558857 [TCP segment of a reassembled PDU]"
"46378","35.002911145","192.168.1.55","192.168.1.2","TCP","1514","8004  >  36440 [ACK] Seq=59558 Ack=144 Win=65024 Len=1448 TSval=2916039083 TSecr=3045558857 [TCP segment of a reassembled PDU]"
"46379","35.002912348","192.168.1.55","192.168.1.2","TCP","1514","8004  >  36440 [ACK] Seq=61006 Ack=144 Win=65024 Len=1448 TSval=2916039083 TSecr=3045558857 [TCP segment of a reassembled PDU]"
"46380","35.002913737","192.168.1.55","192.168.1.2","TCP","1514","8004  >  36440 [ACK] Seq=62454 Ack=144 Win=65024 Len=1448 TSval=2916039083 TSecr=3045558857 [TCP segment of a reassembled PDU]"
"46381","35.002915052","192.168.1.55","192.168.1.2","TCP","1514","8004  >  36440 [ACK] Seq=63902 Ack=144 Win=65024 Len=1448 TSval=2916039083 TSecr=3045558857 [TCP segment of a reassembled PDU]"
"46382","35.002916404","192.168.1.55","192.168.1.2","TCP","1514","8004  >  36440 [PSH, ACK] Seq=65350 Ack=144 Win=65024 Len=1448 TSval=2916039083 TSecr=3045558857 [TCP segment of a reassembled PDU]"
"46383","35.002921478","192.168.1.2","192.168.1.55","TCP","66","36440  >  8004 [ACK] Seq=144 Ack=32046 Win=72704 Len=0 TSval=3045558857 TSecr=2916039079"
"46384","35.002936033","192.168.1.55","192.168.1.2","TCP","1514","8004  >  36440 [ACK] Seq=66798 Ack=144 Win=65024 Len=1448 TSval=2916039083 TSecr=3045558857 [TCP segment of a reassembled PDU]"
"46385","35.002937441","192.168.1.55","192.168.1.2","TCP","1514","8004  >  36440 [ACK] Seq=68246 Ack=144 Win=65024 Len=1448 TSval=2916039083 TSecr=3045558857 [TCP segment of a reassembled PDU]"
"46386","35.002938682","192.168.1.55","192.168.1.2","TCP","1514","8004  >  36440 [ACK] Seq=69694 Ack=144 Win=65024 Len=1448 TSval=2916039083 TSecr=3045558857 [TCP segment of a reassembled PDU]"
"46387","35.002940052","192.168.1.55","192.168.1.2","TCP","1514","8004  >  36440 [ACK] Seq=71142 Ack=144 Win=65024 Len=1448 TSval=2916039083 TSecr=3045558857 [TCP segment of a reassembled PDU]"
"46388","35.002941663","192.168.1.55","192.168.1.2","TCP","1514","8004  >  36440 [ACK] Seq=72590 Ack=144 Win=65024 Len=1448 TSval=2916039083 TSecr=3045558857 [TCP segment of a reassembled PDU]"
"46389","35.002943108","192.168.1.55","192.168.1.2","TCP","1514","8004  >  36440 [ACK] Seq=74038 Ack=144 Win=65024 Len=1448 TSval=2916039083 TSecr=3045558857 [TCP segment of a reassembled PDU]"
"46390","35.002944459","192.168.1.55","192.168.1.2","TCP","1514","8004  >  36440 [PSH, ACK] Seq=75486 Ack=144 Win=65024 Len=1448 TSval=2916039083 TSecr=3045558857 [TCP segment of a reassembled PDU]"
"46391","35.002949663","192.168.1.2","192.168.1.55","TCP","66","36440  >  8004 [ACK] Seq=144 Ack=42182 Win=76800 Len=0 TSval=3045558858 TSecr=2916039079"
"46392","35.002983108","192.168.1.55","192.168.1.2","TCP","1514","8004  >  36440 [ACK] Seq=76934 Ack=144 Win=65024 Len=1448 TSval=2916039083 TSecr=3045558858 [TCP segment of a reassembled PDU]"
"46393","35.002985219","192.168.1.55","192.168.1.2","TCP","1514","8004  >  36440 [ACK] Seq=78382 Ack=144 Win=65024 Len=1448 TSval=2916039083 TSecr=3045558858 [TCP segment of a reassembled PDU]"
"46394","35.002986534","192.168.1.55","192.168.1.2","TCP","1514","8004  >  36440 [ACK] Seq=79830 Ack=144 Win=65024 Len=1448 TSval=2916039083 TSecr=3045558858 [TCP segment of a reassembled PDU]"
"46395","35.002987867","192.168.1.55","192.168.1.2","TCP","1514","8004  >  36440 [ACK] Seq=81278 Ack=144 Win=65024 Len=1448 TSval=2916039083 TSecr=3045558858 [TCP segment of a reassembled PDU]"
"46396","35.002989071","192.168.1.55","192.168.1.2","TCP","1514","8004  >  36440 [ACK] Seq=82726 Ack=144 Win=65024 Len=1448 TSval=2916039083 TSecr=3045558858 [TCP segment of a reassembled PDU]"
"46397","35.002990293","192.168.1.55","192.168.1.2","TCP","1514","8004  >  36440 [ACK] Seq=84174 Ack=144 Win=65024 Len=1448 TSval=2916039083 TSecr=3045558858 [TCP segment of a reassembled PDU]"
"46398","35.002991589","192.168.1.55","192.168.1.2","TCP","1514","8004  >  36440 [ACK] Seq=85622 Ack=144 Win=65024 Len=1448 TSval=2916039083 TSecr=3045558858 [TCP segment of a reassembled PDU]"
"46399","35.002992885","192.168.1.55","192.168.1.2","TCP","1514","8004  >  36440 [ACK] Seq=87070 Ack=144 Win=65024 Len=1448 TSval=2916039083 TSecr=3045558858 [TCP segment of a reassembled PDU]"
"46400","35.002994163","192.168.1.55","192.168.1.2","TCP","1514","8004  >  36440 [ACK] Seq=88518 Ack=144 Win=65024 Len=1448 TSval=2916039083 TSecr=3045558858 [TCP segment of a reassembled PDU]"
"46401","35.002995404","192.168.1.55","192.168.1.2","TCP","1514","8004  >  36440 [ACK] Seq=89966 Ack=144 Win=65024 Len=1448 TSval=2916039083 TSecr=3045558858 [TCP segment of a reassembled PDU]"
"46402","35.002996885","192.168.1.55","192.168.1.2","TCP","1514","8004  >  36440 [ACK] Seq=91414 Ack=144 Win=65024 Len=1448 TSval=2916039083 TSecr=3045558858 [TCP segment of a reassembled PDU]"
"46403","35.002998293","192.168.1.55","192.168.1.2","TCP","1514","8004  >  36440 [ACK] Seq=92862 Ack=144 Win=65024 Len=1448 TSval=2916039083 TSecr=3045558858 [TCP segment of a reassembled PDU]"
"46404","35.002999571","192.168.1.55","192.168.1.2","TCP","1514","8004  >  36440 [ACK] Seq=94310 Ack=144 Win=65024 Len=1448 TSval=2916039083 TSecr=3045558858 [TCP segment of a reassembled PDU]"
"46405","35.003001015","192.168.1.55","192.168.1.2","TCP","1514","8004  >  36440 [ACK] Seq=95758 Ack=144 Win=65024 Len=1448 TSval=2916039083 TSecr=3045558858 [TCP segment of a reassembled PDU]"
"46406","35.003002219","192.168.1.55","192.168.1.2","TCP","1514","8004  >  36440 [ACK] Seq=97206 Ack=144 Win=65024 Len=1448 TSval=2916039083 TSecr=3045558858 [TCP segment of a reassembled PDU]"
"46407","35.003003478","192.168.1.55","192.168.1.2","TCP","1514","8004  >  36440 [PSH, ACK] Seq=98654 Ack=144 Win=65024 Len=1448 TSval=2916039083 TSecr=3045558858 [TCP segment of a reassembled PDU]"
"46408","35.007359170","192.168.1.2","192.168.1.55","TCP","66","36440  >  8004 [ACK] Seq=144 Ack=43630 Win=83968 Len=0 TSval=3045558859 TSecr=2916039083"
"46409","35.007376133","192.168.1.55","192.168.1.2","TCP","1514","8004  >  36440 [ACK] Seq=100102 Ack=144 Win=65024 Len=1448 TSval=2916039088 TSecr=3045558859 [TCP segment of a reassembled PDU]"
"46410","35.007378522","192.168.1.55","192.168.1.2","TCP","1514","8004  >  36440 [PSH, ACK] Seq=101550 Ack=144 Win=65024 Len=1448 TSval=2916039088 TSecr=3045558859 [TCP segment of a reassembled PDU]"
"46411","35.007548504","192.168.1.2","192.168.1.55","TCP","66","36440  >  8004 [ACK] Seq=144 Ack=45078 Win=83968 Len=0 TSval=3045558859 TSecr=2916039083"
"46412","35.008978802","192.168.1.2","192.168.1.55","TCP","66","36440  >  8004 [ACK] Seq=144 Ack=52318 Win=78848 Len=0 TSval=3045558862 TSecr=2916039083"
"46413","35.008991951","192.168.1.55","192.168.1.2","TCP","1514","8004  >  36440 [ACK] Seq=102998 Ack=144 Win=65024 Len=1448 TSval=2916039089 TSecr=3045558862 [TCP segment of a reassembled PDU]"
"46414","35.008999006","192.168.1.55","192.168.1.2","TCP","1514","8004  >  36440 [ACK] Seq=104446 Ack=144 Win=65024 Len=1448 TSval=2916039089 TSecr=3045558862 [TCP segment of a reassembled PDU]"
"46415","35.009000914","192.168.1.55","192.168.1.2","TCP","1514","8004  >  36440 [ACK] Seq=105894 Ack=144 Win=65024 Len=1448 TSval=2916039089 TSecr=3045558862 [TCP segment of a reassembled PDU]"
"46416","35.009002099","192.168.1.55","192.168.1.2","TCP","1514","8004  >  36440 [ACK] Seq=107342 Ack=144 Win=65024 Len=1448 TSval=2916039089 TSecr=3045558862 [TCP segment of a reassembled PDU]"
"46417","35.009003210","192.168.1.55","192.168.1.2","TCP","1514","8004  >  36440 [ACK] Seq=108790 Ack=144 Win=65024 Len=1448 TSval=2916039089 TSecr=3045558862 [TCP segment of a reassembled PDU]"
"46418","35.009004284","192.168.1.55","192.168.1.2","TCP","1514","8004  >  36440 [ACK] Seq=110238 Ack=144 Win=65024 Len=1448 TSval=2916039089 TSecr=3045558862 [TCP segment of a reassembled PDU]"
"46419","35.009005414","192.168.1.55","192.168.1.2","TCP","1514","8004  >  36440 [ACK] Seq=111686 Ack=144 Win=65024 Len=1448 TSval=2916039089 TSecr=3045558862 [TCP segment of a reassembled PDU]"
"46420","35.009006784","192.168.1.55","192.168.1.2","TCP","1514","8004  >  36440 [ACK] Seq=113134 Ack=144 Win=65024 Len=1448 TSval=2916039089 TSecr=3045558862 [TCP segment of a reassembled PDU]"
"46421","35.009007969","192.168.1.55","192.168.1.2","TCP","1514","8004  >  36440 [ACK] Seq=114582 Ack=144 Win=65024 Len=1448 TSval=2916039089 TSecr=3045558862 [TCP segment of a reassembled PDU]"
"46422","35.009009154","192.168.1.55","192.168.1.2","TCP","1514","8004  >  36440 [ACK] Seq=116030 Ack=144 Win=65024 Len=1448 TSval=2916039089 TSecr=3045558862 [TCP segment of a reassembled PDU]"
"46423","35.009010340","192.168.1.55","192.168.1.2","TCP","1514","8004  >  36440 [PSH, ACK] Seq=117478 Ack=144 Win=65024 Len=1448 TSval=2916039089 TSecr=3045558862 [TCP segment of a reassembled PDU]"
"46424","35.009515044","192.168.1.2","192.168.1.55","TCP","66","36440  >  8004 [ACK] Seq=144 Ack=66798 Win=74752 Len=0 TSval=3045558863 TSecr=2916039083"
"46425","35.009525711","192.168.1.2","192.168.1.55","TCP","66","36440  >  8004 [ACK] Seq=144 Ack=76934 Win=78848 Len=0 TSval=3045558863 TSecr=2916039083"
"46426","35.009554729","192.168.1.55","192.168.1.2","TCP","1514","8004  >  36440 [ACK] Seq=118926 Ack=144 Win=65024 Len=1448 TSval=2916039090 TSecr=3045558863 [TCP segment of a reassembled PDU]"
"46427","35.009556489","192.168.1.55","192.168.1.2","TCP","1514","8004  >  36440 [ACK] Seq=120374 Ack=144 Win=65024 Len=1448 TSval=2916039090 TSecr=3045558863 [TCP segment of a reassembled PDU]"
"46428","35.009557748","192.168.1.55","192.168.1.2","TCP","1514","8004  >  36440 [ACK] Seq=121822 Ack=144 Win=65024 Len=1448 TSval=2916039090 TSecr=3045558863 [TCP segment of a reassembled PDU]"
"46429","35.009558840","192.168.1.55","192.168.1.2","TCP","1514","8004  >  36440 [ACK] Seq=123270 Ack=144 Win=65024 Len=1448 TSval=2916039090 TSecr=3045558863 [TCP segment of a reassembled PDU]"
"46430","35.009559951","192.168.1.55","192.168.1.2","TCP","1514","8004  >  36440 [ACK] Seq=124718 Ack=144 Win=65024 Len=1448 TSval=2916039090 TSecr=3045558863 [TCP segment of a reassembled PDU]"
"46431","35.009561044","192.168.1.55","192.168.1.2","TCP","1514","8004  >  36440 [ACK] Seq=126166 Ack=144 Win=65024 Len=1448 TSval=2916039090 TSecr=3045558863 [TCP segment of a reassembled PDU]"
"46432","35.009562211","192.168.1.55","192.168.1.2","TCP","1514","8004  >  36440 [ACK] Seq=127614 Ack=144 Win=65024 Len=1448 TSval=2916039090 TSecr=3045558863 [TCP segment of a reassembled PDU]"
"46433","35.009564229","192.168.1.55","192.168.1.2","TCP","1514","8004  >  36440 [ACK] Seq=129062 Ack=144 Win=65024 Len=1448 TSval=2916039090 TSecr=3045558863 [TCP segment of a reassembled PDU]"
"46434","35.009565359","192.168.1.55","192.168.1.2","TCP","1514","8004  >  36440 [ACK] Seq=130510 Ack=144 Win=65024 Len=1448 TSval=2916039090 TSecr=3045558863 [TCP segment of a reassembled PDU]"
"46435","35.009566674","192.168.1.55","192.168.1.2","TCP","1514","8004  >  36440 [ACK] Seq=131958 Ack=144 Win=65024 Len=1448 TSval=2916039090 TSecr=3045558863 [TCP segment of a reassembled PDU]"
"46436","35.009567877","192.168.1.55","192.168.1.2","TCP","1514","8004  >  36440 [ACK] Seq=133406 Ack=144 Win=65024 Len=1448 TSval=2916039090 TSecr=3045558863 [TCP segment of a reassembled PDU]"
"46437","35.009569081","192.168.1.55","192.168.1.2","TCP","1514","8004  >  36440 [ACK] Seq=134854 Ack=144 Win=65024 Len=1448 TSval=2916039090 TSecr=3045558863 [TCP segment of a reassembled PDU]"
"46438","35.009570322","192.168.1.55","192.168.1.2","TCP","1514","8004  >  36440 [ACK] Seq=136302 Ack=144 Win=65024 Len=1448 TSval=2916039090 TSecr=3045558863 [TCP segment of a reassembled PDU]"
"46439","35.009571674","192.168.1.55","192.168.1.2","TCP","1514","8004  >  36440 [ACK] Seq=137750 Ack=144 Win=65024 Len=1448 TSval=2916039090 TSecr=3045558863 [TCP segment of a reassembled PDU]"
"46440","35.009573026","192.168.1.55","192.168.1.2","TCP","1514","8004  >  36440 [ACK] Seq=139198 Ack=144 Win=65024 Len=1448 TSval=2916039090 TSecr=3045558863 [TCP segment of a reassembled PDU]"
"46441","35.009574359","192.168.1.55","192.168.1.2","TCP","1514","8004  >  36440 [ACK] Seq=140646 Ack=144 Win=65024 Len=1448 TSval=2916039090 TSecr=3045558863 [TCP segment of a reassembled PDU]"
"46442","35.009575526","192.168.1.55","192.168.1.2","TCP","1514","8004  >  36440 [ACK] Seq=142094 Ack=144 Win=65024 Len=1448 TSval=2916039090 TSecr=3045558863 [TCP segment of a reassembled PDU]"
"46443","35.009576822","192.168.1.55","192.168.1.2","TCP","1514","8004  >  36440 [ACK] Seq=143542 Ack=144 Win=65024 Len=1448 TSval=2916039090 TSecr=3045558863 [TCP segment of a reassembled PDU]"
"46444","35.009577933","192.168.1.55","192.168.1.2","TCP","1514","8004  >  36440 [ACK] Seq=144990 Ack=144 Win=65024 Len=1448 TSval=2916039090 TSecr=3045558863 [TCP segment of a reassembled PDU]"
"46445","35.009579266","192.168.1.55","192.168.1.2","TCP","1514","8004  >  36440 [ACK] Seq=146438 Ack=144 Win=65024 Len=1448 TSval=2916039090 TSecr=3045558863 [TCP segment of a reassembled PDU]"
"46446","35.009580581","192.168.1.55","192.168.1.2","TCP","1514","8004  >  36440 [ACK] Seq=147886 Ack=144 Win=65024 Len=1448 TSval=2916039090 TSecr=3045558863 [TCP segment of a reassembled PDU]"
"46447","35.009581803","192.168.1.55","192.168.1.2","TCP","1514","8004  >  36440 [ACK] Seq=149334 Ack=144 Win=65024 Len=1448 TSval=2916039090 TSecr=3045558863 [TCP segment of a reassembled PDU]"
"46448","35.009582933","192.168.1.55","192.168.1.2","TCP","1514","8004  >  36440 [ACK] Seq=150782 Ack=144 Win=65024 Len=1448 TSval=2916039090 TSecr=3045558863 [TCP segment of a reassembled PDU]"
"46449","35.009584303","192.168.1.55","192.168.1.2","TCP","1514","8004  >  36440 [ACK] Seq=152230 Ack=144 Win=65024 Len=1448 TSval=2916039090 TSecr=3045558863 [TCP segment of a reassembled PDU]"
"46450","35.009585526","192.168.1.55","192.168.1.2","TCP","1514","8004  >  36440 [ACK] Seq=153678 Ack=144 Win=65024 Len=1448 TSval=2916039090 TSecr=3045558863 [TCP segment of a reassembled PDU]"
"46451","35.009586748","192.168.1.55","192.168.1.2","TCP","722","[TCP Window Full] 8004  >  36440 [PSH, ACK] Seq=155126 Ack=144 Win=65024 Len=656 TSval=2916039090 TSecr=3045558863 [TCP segment of a reassembled PDU]"
"46452","35.009591137","192.168.1.2","192.168.1.55","TCP","66","36440  >  8004 [ACK] Seq=144 Ack=94310 Win=62464 Len=0 TSval=3045558863 TSecr=2916039083"
"46453","35.013714958","192.168.1.2","192.168.1.55","TCP","66","36440  >  8004 [ACK] Seq=144 Ack=100102 Win=78848 Len=0 TSval=3045558864 TSecr=2916039083"
"46454","35.013731254","192.168.1.55","192.168.1.2","TCP","1514","8004  >  36440 [ACK] Seq=155782 Ack=144 Win=65024 Len=1448 TSval=2916039094 TSecr=3045558864 [TCP segment of a reassembled PDU]"
"46455","35.013734329","192.168.1.55","192.168.1.2","TCP","1514","8004  >  36440 [ACK] Seq=157230 Ack=144 Win=65024 Len=1448 TSval=2916039094 TSecr=3045558864 [TCP segment of a reassembled PDU]"
"46456","35.013735495","192.168.1.55","192.168.1.2","TCP","1514","8004  >  36440 [PSH, ACK] Seq=158678 Ack=144 Win=65024 Len=1448 TSval=2916039094 TSecr=3045558864 [TCP segment of a reassembled PDU]"
"46457","35.013740829","192.168.1.55","192.168.1.2","TCP","858","8004  >  36440 [ACK] Seq=160126 Ack=144 Win=65024 Len=792 TSval=2916039094 TSecr=3045558864 [TCP segment of a reassembled PDU]"
"46458","35.013808236","192.168.1.2","192.168.1.55","TCP","66","36440  >  8004 [ACK] Seq=144 Ack=101550 Win=83968 Len=0 TSval=3045558864 TSecr=2916039088"
"46459","35.013813292","192.168.1.2","192.168.1.55","TCP","66","36440  >  8004 [ACK] Seq=144 Ack=102998 Win=83968 Len=0 TSval=3045558864 TSecr=2916039088"
"46460","35.014725867","192.168.1.2","192.168.1.55","TCP","66","36440  >  8004 [ACK] Seq=144 Ack=118926 Win=76800 Len=0 TSval=3045558868 TSecr=2916039089"
"46461","35.014751978","192.168.1.55","192.168.1.2","TCP","1514","8004  >  36440 [ACK] Seq=160918 Ack=144 Win=65024 Len=1448 TSval=2916039095 TSecr=3045558868 [TCP segment of a reassembled PDU]"
"46462","35.014754108","192.168.1.55","192.168.1.2","TCP","1514","8004  >  36440 [ACK] Seq=162366 Ack=144 Win=65024 Len=1448 TSval=2916039095 TSecr=3045558868 [TCP segment of a reassembled PDU]"
"46463","35.014755201","192.168.1.55","192.168.1.2","TCP","1514","8004  >  36440 [ACK] Seq=163814 Ack=144 Win=65024 Len=1448 TSval=2916039095 TSecr=3045558868 [TCP segment of a reassembled PDU]"
"46464","35.014756423","192.168.1.55","192.168.1.2","TCP","1514","8004  >  36440 [ACK] Seq=165262 Ack=144 Win=65024 Len=1448 TSval=2916039095 TSecr=3045558868 [TCP segment of a reassembled PDU]"
"46465","35.014757515","192.168.1.55","192.168.1.2","TCP","1514","8004  >  36440 [ACK] Seq=166710 Ack=144 Win=65024 Len=1448 TSval=2916039095 TSecr=3045558868 [TCP segment of a reassembled PDU]"
"46466","35.014758589","192.168.1.55","192.168.1.2","TCP","1514","8004  >  36440 [ACK] Seq=168158 Ack=144 Win=65024 Len=1448 TSval=2916039095 TSecr=3045558868 [TCP segment of a reassembled PDU]"
"46467","35.014759775","192.168.1.55","192.168.1.2","TCP","1514","8004  >  36440 [ACK] Seq=169606 Ack=144 Win=65024 Len=1448 TSval=2916039095 TSecr=3045558868 [TCP segment of a reassembled PDU]"
"46468","35.014760830","192.168.1.55","192.168.1.2","TCP","1514","8004  >  36440 [ACK] Seq=171054 Ack=144 Win=65024 Len=1448 TSval=2916039095 TSecr=3045558868 [TCP segment of a reassembled PDU]"
"46469","35.014762126","192.168.1.55","192.168.1.2","TCP","1514","8004  >  36440 [ACK] Seq=172502 Ack=144 Win=65024 Len=1448 TSval=2916039095 TSecr=3045558868 [TCP segment of a reassembled PDU]"
"46470","35.014763756","192.168.1.55","192.168.1.2","TCP","1514","8004  >  36440 [ACK] Seq=173950 Ack=144 Win=65024 Len=1448 TSval=2916039095 TSecr=3045558868 [TCP segment of a reassembled PDU]"
"46471","35.014764941","192.168.1.55","192.168.1.2","TCP","1514","8004  >  36440 [ACK] Seq=175398 Ack=144 Win=65024 Len=1448 TSval=2916039095 TSecr=3045558868 [TCP segment of a reassembled PDU]"
"46472","35.014766238","192.168.1.55","192.168.1.2","TCP","1514","8004  >  36440 [ACK] Seq=176846 Ack=144 Win=65024 Len=1448 TSval=2916039095 TSecr=3045558868 [TCP segment of a reassembled PDU]"
"46473","35.014767367","192.168.1.55","192.168.1.2","TCP","1514","8004  >  36440 [ACK] Seq=178294 Ack=144 Win=65024 Len=1448 TSval=2916039095 TSecr=3045558868 [TCP segment of a reassembled PDU]"
"46474","35.014768608","192.168.1.55","192.168.1.2","TCP","1514","8004  >  36440 [ACK] Seq=179742 Ack=144 Win=65024 Len=1448 TSval=2916039095 TSecr=3045558868 [TCP segment of a reassembled PDU]"
"46475","35.014769775","192.168.1.55","192.168.1.2","TCP","1514","8004  >  36440 [ACK] Seq=181190 Ack=144 Win=65024 Len=1448 TSval=2916039095 TSecr=3045558868 [TCP segment of a reassembled PDU]"
"46476","35.014770867","192.168.1.55","192.168.1.2","TCP","1514","8004  >  36440 [ACK] Seq=182638 Ack=144 Win=65024 Len=1448 TSval=2916039095 TSecr=3045558868 [TCP segment of a reassembled PDU]"
"46477","35.014772089","192.168.1.55","192.168.1.2","TCP","1514","8004  >  36440 [ACK] Seq=184086 Ack=144 Win=65024 Len=1448 TSval=2916039095 TSecr=3045558868 [TCP segment of a reassembled PDU]"
"46478","35.014773219","192.168.1.55","192.168.1.2","TCP","1514","8004  >  36440 [ACK] Seq=185534 Ack=144 Win=65024 Len=1448 TSval=2916039095 TSecr=3045558868 [TCP segment of a reassembled PDU]"
"46479","35.014774349","192.168.1.55","192.168.1.2","TCP","1514","8004  >  36440 [ACK] Seq=186982 Ack=144 Win=65024 Len=1448 TSval=2916039095 TSecr=3045558868 [TCP segment of a reassembled PDU]"
"46480","35.014775423","192.168.1.55","192.168.1.2","TCP","1514","8004  >  36440 [ACK] Seq=188430 Ack=144 Win=65024 Len=1448 TSval=2916039095 TSecr=3045558868 [TCP segment of a reassembled PDU]"
"46481","35.014776515","192.168.1.55","192.168.1.2","TCP","1514","8004  >  36440 [ACK] Seq=189878 Ack=144 Win=65024 Len=1448 TSval=2916039095 TSecr=3045558868 [TCP segment of a reassembled PDU]"
"46482","35.014778589","192.168.1.55","192.168.1.2","TCP","1514","8004  >  36440 [ACK] Seq=191326 Ack=144 Win=65024 Len=1448 TSval=2916039095 TSecr=3045558868 [TCP segment of a reassembled PDU]"
"46483","35.014779701","192.168.1.55","192.168.1.2","TCP","1514","8004  >  36440 [ACK] Seq=192774 Ack=144 Win=65024 Len=1448 TSval=2916039095 TSecr=3045558868 [TCP segment of a reassembled PDU]"
"46484","35.014780793","192.168.1.55","192.168.1.2","TCP","1514","8004  >  36440 [PSH, ACK] Seq=194222 Ack=144 Win=65024 Len=1448 TSval=2916039095 TSecr=3045558868 [TCP segment of a reassembled PDU]"
"46485","35.016870056","192.168.1.2","192.168.1.55","TCP","66","36440  >  8004 [ACK] Seq=144 Ack=155782 Win=59392 Len=0 TSval=3045558869 TSecr=2916039090"
"46486","35.016930519","192.168.1.55","192.168.1.2","TCP","1514","8004  >  36440 [ACK] Seq=195670 Ack=144 Win=65024 Len=1448 TSval=2916039097 TSecr=3045558869 [TCP segment of a reassembled PDU]"
"46487","35.016937519","192.168.1.55","192.168.1.2","TCP","1514","8004  >  36440 [ACK] Seq=197118 Ack=144 Win=65024 Len=1448 TSval=2916039097 TSecr=3045558869 [TCP segment of a reassembled PDU]"
"46488","35.016939297","192.168.1.55","192.168.1.2","TCP","1514","8004  >  36440 [ACK] Seq=198566 Ack=144 Win=65024 Len=1448 TSval=2916039097 TSecr=3045558869 [TCP segment of a reassembled PDU]"
"46489","35.016940889","192.168.1.55","192.168.1.2","TCP","1514","8004  >  36440 [ACK] Seq=200014 Ack=144 Win=65024 Len=1448 TSval=2916039097 TSecr=3045558869 [TCP segment of a reassembled PDU]"
"46490","35.016942445","192.168.1.55","192.168.1.2","TCP","1514","8004  >  36440 [PSH, ACK] Seq=201462 Ack=144 Win=65024 Len=1448 TSval=2916039097 TSecr=3045558869 [TCP segment of a reassembled PDU]"
"46491","35.019016318","192.168.1.2","192.168.1.55","TCP","66","36440  >  8004 [ACK] Seq=144 Ack=157230 Win=88064 Len=0 TSval=3045558871 TSecr=2916039094"
"46492","35.019085967","192.168.1.55","192.168.1.2","TCP","1514","8004  >  36440 [ACK] Seq=202910 Ack=144 Win=65024 Len=1448 TSval=2916039099 TSecr=3045558871 [TCP segment of a reassembled PDU]"
"46493","35.019089170","192.168.1.55","192.168.1.2","TCP","1514","8004  >  36440 [ACK] Seq=204358 Ack=144 Win=65024 Len=1448 TSval=2916039099 TSecr=3045558871 [TCP segment of a reassembled PDU]"
"46494","35.019090689","192.168.1.55","192.168.1.2","TCP","1514","8004  >  36440 [ACK] Seq=205806 Ack=144 Win=65024 Len=1448 TSval=2916039099 TSecr=3045558871 [TCP segment of a reassembled PDU]"
"46495","35.019092985","192.168.1.55","192.168.1.2","TCP","1514","8004  >  36440 [ACK] Seq=207254 Ack=144 Win=65024 Len=1448 TSval=2916039099 TSecr=3045558871 [TCP segment of a reassembled PDU]"
"46496","35.019094726","192.168.1.55","192.168.1.2","TCP","1514","8004  >  36440 [ACK] Seq=208702 Ack=144 Win=65024 Len=1448 TSval=2916039099 TSecr=3045558871 [TCP segment of a reassembled PDU]"
"46497","35.019096096","192.168.1.55","192.168.1.2","TCP","1514","8004  >  36440 [ACK] Seq=210150 Ack=144 Win=65024 Len=1448 TSval=2916039099 TSecr=3045558871 [TCP segment of a reassembled PDU]"
"46498","35.019097411","192.168.1.55","192.168.1.2","TCP","1514","8004  >  36440 [ACK] Seq=211598 Ack=144 Win=65024 Len=1448 TSval=2916039099 TSecr=3045558871 [TCP segment of a reassembled PDU]"
"46499","35.019098800","192.168.1.55","192.168.1.2","TCP","1514","8004  >  36440 [ACK] Seq=213046 Ack=144 Win=65024 Len=1448 TSval=2916039099 TSecr=3045558871 [TCP segment of a reassembled PDU]"
"46500","35.019100393","192.168.1.55","192.168.1.2","TCP","1514","8004  >  36440 [ACK] Seq=214494 Ack=144 Win=65024 Len=1448 TSval=2916039099 TSecr=3045558871 [TCP segment of a reassembled PDU]"
"46501","35.019101967","192.168.1.55","192.168.1.2","TCP","1514","8004  >  36440 [ACK] Seq=215942 Ack=144 Win=65024 Len=1448 TSval=2916039099 TSecr=3045558871 [TCP segment of a reassembled PDU]"
"46502","35.019104448","192.168.1.55","192.168.1.2","TCP","1514","8004  >  36440 [ACK] Seq=217390 Ack=144 Win=65024 Len=1448 TSval=2916039099 TSecr=3045558871 [TCP segment of a reassembled PDU]"
"46503","35.019106245","192.168.1.55","192.168.1.2","TCP","1514","8004  >  36440 [ACK] Seq=218838 Ack=144 Win=65024 Len=1448 TSval=2916039099 TSecr=3045558871 [TCP segment of a reassembled PDU]"
"46504","35.019108152","192.168.1.55","192.168.1.2","TCP","1514","8004  >  36440 [ACK] Seq=220286 Ack=144 Win=65024 Len=1448 TSval=2916039099 TSecr=3045558871 [TCP segment of a reassembled PDU]"
"46505","35.019109504","192.168.1.55","192.168.1.2","TCP","1514","8004  >  36440 [ACK] Seq=221734 Ack=144 Win=65024 Len=1448 TSval=2916039099 TSecr=3045558871 [TCP segment of a reassembled PDU]"
"46506","35.019110837","192.168.1.55","192.168.1.2","TCP","1514","8004  >  36440 [ACK] Seq=223182 Ack=144 Win=65024 Len=1448 TSval=2916039099 TSecr=3045558871 [TCP segment of a reassembled PDU]"
"46507","35.019112652","192.168.1.55","192.168.1.2","TCP","1514","8004  >  36440 [ACK] Seq=224630 Ack=144 Win=65024 Len=1448 TSval=2916039099 TSecr=3045558871 [TCP segment of a reassembled PDU]"
"46508","35.019114189","192.168.1.55","192.168.1.2","TCP","1514","8004  >  36440 [ACK] Seq=226078 Ack=144 Win=65024 Len=1448 TSval=2916039099 TSecr=3045558871 [TCP segment of a reassembled PDU]"
"46509","35.019115726","192.168.1.55","192.168.1.2","TCP","1514","8004  >  36440 [ACK] Seq=227526 Ack=144 Win=65024 Len=1448 TSval=2916039099 TSecr=3045558871 [TCP segment of a reassembled PDU]"
"46510","35.019118245","192.168.1.55","192.168.1.2","TCP","1514","8004  >  36440 [ACK] Seq=228974 Ack=144 Win=65024 Len=1448 TSval=2916039099 TSecr=3045558871 [TCP segment of a reassembled PDU]"
"46511","35.019119763","192.168.1.55","192.168.1.2","TCP","1514","8004  >  36440 [ACK] Seq=230422 Ack=144 Win=65024 Len=1448 TSval=2916039099 TSecr=3045558871 [TCP segment of a reassembled PDU]"
"46512","35.019121411","192.168.1.55","192.168.1.2","TCP","1514","8004  >  36440 [ACK] Seq=231870 Ack=144 Win=65024 Len=1448 TSval=2916039099 TSecr=3045558871 [TCP segment of a reassembled PDU]"
"46513","35.019122763","192.168.1.55","192.168.1.2","TCP","1514","8004  >  36440 [ACK] Seq=233318 Ack=144 Win=65024 Len=1448 TSval=2916039099 TSecr=3045558871 [TCP segment of a reassembled PDU]"
"46514","35.019124152","192.168.1.55","192.168.1.2","TCP","1514","8004  >  36440 [ACK] Seq=234766 Ack=144 Win=65024 Len=1448 TSval=2916039099 TSecr=3045558871 [TCP segment of a reassembled PDU]"
"46515","35.019125522","192.168.1.55","192.168.1.2","TCP","1514","8004  >  36440 [ACK] Seq=236214 Ack=144 Win=65024 Len=1448 TSval=2916039099 TSecr=3045558871 [TCP segment of a reassembled PDU]"
"46516","35.019126819","192.168.1.55","192.168.1.2","TCP","1514","8004  >  36440 [ACK] Seq=237662 Ack=144 Win=65024 Len=1448 TSval=2916039099 TSecr=3045558871 [TCP segment of a reassembled PDU]"
"46517","35.019128467","192.168.1.55","192.168.1.2","TCP","1514","8004  >  36440 [ACK] Seq=239110 Ack=144 Win=65024 Len=1448 TSval=2916039099 TSecr=3045558871 [TCP segment of a reassembled PDU]"
"46518","35.019131004","192.168.1.55","192.168.1.2","TCP","1514","8004  >  36440 [ACK] Seq=240558 Ack=144 Win=65024 Len=1448 TSval=2916039099 TSecr=3045558871 [TCP segment of a reassembled PDU]"
"46519","35.019132689","192.168.1.55","192.168.1.2","TCP","1514","8004  >  36440 [ACK] Seq=242006 Ack=144 Win=65024 Len=1448 TSval=2916039099 TSecr=3045558871 [TCP segment of a reassembled PDU]"
"46520","35.019134374","192.168.1.55","192.168.1.2","TCP","1514","8004  >  36440 [PSH, ACK] Seq=243454 Ack=144 Win=65024 Len=1448 TSval=2916039099 TSecr=3045558871 [TCP segment of a reassembled PDU]"
"46521","35.019198134","192.168.1.2","192.168.1.55","TCP","66","36440  >  8004 [ACK] Seq=144 Ack=160126 Win=90112 Len=0 TSval=3045558871 TSecr=2916039094"
"46522","35.019209189","192.168.1.2","192.168.1.55","TCP","66","36440  >  8004 [ACK] Seq=144 Ack=160918 Win=90112 Len=0 TSval=3045558871 TSecr=2916039094"
"46523","35.023133584","192.168.1.2","192.168.1.55","TCP","66","36440  >  8004 [ACK] Seq=144 Ack=195670 Win=58368 Len=0 TSval=3045558875 TSecr=2916039095"
"46524","35.023159677","192.168.1.55","192.168.1.2","TCP","1514","8004  >  36440 [ACK] Seq=244902 Ack=144 Win=65024 Len=1448 TSval=2916039103 TSecr=3045558875 [TCP segment of a reassembled PDU]"
"46525","35.023163066","192.168.1.55","192.168.1.2","TCP","1514","8004  >  36440 [ACK] Seq=246350 Ack=144 Win=65024 Len=1448 TSval=2916039103 TSecr=3045558875 [TCP segment of a reassembled PDU]"
"46526","35.023164677","192.168.1.55","192.168.1.2","TCP","1514","8004  >  36440 [ACK] Seq=247798 Ack=144 Win=65024 Len=1448 TSval=2916039103 TSecr=3045558875 [TCP segment of a reassembled PDU]"
"46527","35.023166047","192.168.1.55","192.168.1.2","TCP","1514","8004  >  36440 [ACK] Seq=249246 Ack=144 Win=65024 Len=1448 TSval=2916039103 TSecr=3045558875 [TCP segment of a reassembled PDU]"
"46528","35.023167973","192.168.1.55","192.168.1.2","TCP","1514","8004  >  36440 [ACK] Seq=250694 Ack=144 Win=65024 Len=1448 TSval=2916039103 TSecr=3045558875 [TCP segment of a reassembled PDU]"
"46529","35.023169325","192.168.1.55","192.168.1.2","TCP","1514","8004  >  36440 [ACK] Seq=252142 Ack=144 Win=65024 Len=1448 TSval=2916039103 TSecr=3045558875 [TCP segment of a reassembled PDU]"
"46530","35.023170825","192.168.1.55","192.168.1.2","TCP","514","[TCP Window Full] 8004  >  36440 [PSH, ACK] Seq=253590 Ack=144 Win=65024 Len=448 TSval=2916039103 TSecr=3045558875 [TCP segment of a reassembled PDU]"
"46531","35.025110050","192.168.1.2","192.168.1.55","TCP","66","36440  >  8004 [ACK] Seq=144 Ack=202910 Win=83968 Len=0 TSval=3045558879 TSecr=2916039097"
"46532","35.025138143","192.168.1.55","192.168.1.2","TCP","1514","8004  >  36440 [ACK] Seq=254038 Ack=144 Win=65024 Len=1448 TSval=2916039105 TSecr=3045558879 [TCP segment of a reassembled PDU]"
"46533","35.025140588","192.168.1.55","192.168.1.2","TCP","1514","8004  >  36440 [ACK] Seq=255486 Ack=144 Win=65024 Len=1448 TSval=2916039105 TSecr=3045558879 [TCP segment of a reassembled PDU]"
"46534","35.025142013","192.168.1.55","192.168.1.2","TCP","1514","8004  >  36440 [ACK] Seq=256934 Ack=144 Win=65024 Len=1448 TSval=2916039105 TSecr=3045558879 [TCP segment of a reassembled PDU]"
"46535","35.025143402","192.168.1.55","192.168.1.2","TCP","1514","8004  >  36440 [ACK] Seq=258382 Ack=144 Win=65024 Len=1448 TSval=2916039105 TSecr=3045558879 [TCP segment of a reassembled PDU]"
"46536","35.025144865","192.168.1.55","192.168.1.2","TCP","1514","8004  >  36440 [ACK] Seq=259830 Ack=144 Win=65024 Len=1448 TSval=2916039105 TSecr=3045558879 [TCP segment of a reassembled PDU]"
"46537","35.025146328","192.168.1.55","192.168.1.2","TCP","1514","8004  >  36440 [ACK] Seq=261278 Ack=144 Win=65024 Len=1448 TSval=2916039105 TSecr=3045558879 [TCP segment of a reassembled PDU]"
"46538","35.025147810","192.168.1.55","192.168.1.2","TCP","1514","8004  >  36440 [ACK] Seq=262726 Ack=144 Win=65024 Len=1448 TSval=2916039105 TSecr=3045558879 [TCP segment of a reassembled PDU]"
"46539","35.025149291","192.168.1.55","192.168.1.2","TCP","1514","8004  >  36440 [ACK] Seq=264174 Ack=144 Win=65024 Len=1448 TSval=2916039105 TSecr=3045558879 [TCP segment of a reassembled PDU]"
"46540","35.025150921","192.168.1.55","192.168.1.2","TCP","1514","8004  >  36440 [ACK] Seq=265622 Ack=144 Win=65024 Len=1448 TSval=2916039105 TSecr=3045558879 [TCP segment of a reassembled PDU]"
"46541","35.025152236","192.168.1.55","192.168.1.2","TCP","1514","8004  >  36440 [ACK] Seq=267070 Ack=144 Win=65024 Len=1448 TSval=2916039105 TSecr=3045558879 [TCP segment of a reassembled PDU]"
"46542","35.025153680","192.168.1.55","192.168.1.2","TCP","1514","8004  >  36440 [ACK] Seq=268518 Ack=144 Win=65024 Len=1448 TSval=2916039105 TSecr=3045558879 [TCP segment of a reassembled PDU]"
"46543","35.025155032","192.168.1.55","192.168.1.2","TCP","1514","8004  >  36440 [ACK] Seq=269966 Ack=144 Win=65024 Len=1448 TSval=2916039105 TSecr=3045558879 [TCP segment of a reassembled PDU]"
"46544","35.025156439","192.168.1.55","192.168.1.2","TCP","1514","8004  >  36440 [ACK] Seq=271414 Ack=144 Win=65024 Len=1448 TSval=2916039105 TSecr=3045558879 [TCP segment of a reassembled PDU]"
"46545","35.025157828","192.168.1.55","192.168.1.2","TCP","1514","8004  >  36440 [ACK] Seq=272862 Ack=144 Win=65024 Len=1448 TSval=2916039105 TSecr=3045558879 [TCP segment of a reassembled PDU]"
"46546","35.025159125","192.168.1.55","192.168.1.2","TCP","1514","8004  >  36440 [ACK] Seq=274310 Ack=144 Win=65024 Len=1448 TSval=2916039105 TSecr=3045558879 [TCP segment of a reassembled PDU]"
"46547","35.025160532","192.168.1.55","192.168.1.2","TCP","1514","8004  >  36440 [ACK] Seq=275758 Ack=144 Win=65024 Len=1448 TSval=2916039105 TSecr=3045558879 [TCP segment of a reassembled PDU]"
"46548","35.025161976","192.168.1.55","192.168.1.2","TCP","1514","8004  >  36440 [ACK] Seq=277206 Ack=144 Win=65024 Len=1448 TSval=2916039105 TSecr=3045558879 [TCP segment of a reassembled PDU]"
"46549","35.025163791","192.168.1.55","192.168.1.2","TCP","1514","8004  >  36440 [ACK] Seq=278654 Ack=144 Win=65024 Len=1448 TSval=2916039105 TSecr=3045558879 [TCP segment of a reassembled PDU]"
"46550","35.025165199","192.168.1.55","192.168.1.2","TCP","1514","8004  >  36440 [ACK] Seq=280102 Ack=144 Win=65024 Len=1448 TSval=2916039105 TSecr=3045558879 [TCP segment of a reassembled PDU]"
"46551","35.025166514","192.168.1.55","192.168.1.2","TCP","1514","8004  >  36440 [ACK] Seq=281550 Ack=144 Win=65024 Len=1448 TSval=2916039105 TSecr=3045558879 [TCP segment of a reassembled PDU]"
"46552","35.025167939","192.168.1.55","192.168.1.2","TCP","1514","8004  >  36440 [ACK] Seq=282998 Ack=144 Win=65024 Len=1448 TSval=2916039105 TSecr=3045558879 [TCP segment of a reassembled PDU]"
"46553","35.025169273","192.168.1.55","192.168.1.2","TCP","1514","8004  >  36440 [PSH, ACK] Seq=284446 Ack=144 Win=65024 Len=1448 TSval=2916039105 TSecr=3045558879 [TCP segment of a reassembled PDU]"
"46554","35.026868498","192.168.1.2","192.168.1.55","TCP","66","36440  >  8004 [ACK] Seq=144 Ack=244902 Win=54272 Len=0 TSval=3045558879 TSecr=2916039099"
"46555","35.026880405","192.168.1.55","192.168.1.2","TCP","1066","8004  >  36440 [ACK] Seq=285894 Ack=144 Win=65024 Len=1000 TSval=2916039107 TSecr=3045558879 [TCP segment of a reassembled PDU]"
"46556","35.026910720","192.168.1.2","192.168.1.55","TCP","66","36440  >  8004 [ACK] Seq=144 Ack=247798 Win=87040 Len=0 TSval=3045558880 TSecr=2916039103"
"46557","35.026942350","192.168.1.55","192.168.1.2","TCP","1514","8004  >  36440 [ACK] Seq=286894 Ack=144 Win=65024 Len=1448 TSval=2916039107 TSecr=3045558880 [TCP segment of a reassembled PDU]"
"46558","35.026944202","192.168.1.55","192.168.1.2","TCP","1514","8004  >  36440 [ACK] Seq=288342 Ack=144 Win=65024 Len=1448 TSval=2916039107 TSecr=3045558880 [TCP segment of a reassembled PDU]"
"46559","35.026945627","192.168.1.55","192.168.1.2","TCP","1514","8004  >  36440 [ACK] Seq=289790 Ack=144 Win=65024 Len=1448 TSval=2916039107 TSecr=3045558880 [TCP segment of a reassembled PDU]"
"46560","35.026947090","192.168.1.55","192.168.1.2","TCP","1514","8004  >  36440 [ACK] Seq=291238 Ack=144 Win=65024 Len=1448 TSval=2916039107 TSecr=3045558880 [TCP segment of a reassembled PDU]"
"46561","35.026948498","192.168.1.55","192.168.1.2","TCP","1514","8004  >  36440 [ACK] Seq=292686 Ack=144 Win=65024 Len=1448 TSval=2916039107 TSecr=3045558880 [TCP segment of a reassembled PDU]"
"46562","35.026949942","192.168.1.55","192.168.1.2","TCP","1514","8004  >  36440 [ACK] Seq=294134 Ack=144 Win=65024 Len=1448 TSval=2916039107 TSecr=3045558880 [TCP segment of a reassembled PDU]"
"46563","35.026951368","192.168.1.55","192.168.1.2","TCP","1514","8004  >  36440 [ACK] Seq=295582 Ack=144 Win=65024 Len=1448 TSval=2916039107 TSecr=3045558880 [TCP segment of a reassembled PDU]"
"46564","35.026952757","192.168.1.55","192.168.1.2","TCP","1514","8004  >  36440 [ACK] Seq=297030 Ack=144 Win=65024 Len=1448 TSval=2916039107 TSecr=3045558880 [TCP segment of a reassembled PDU]"
"46565","35.026954165","192.168.1.55","192.168.1.2","TCP","1514","8004  >  36440 [ACK] Seq=298478 Ack=144 Win=65024 Len=1448 TSval=2916039107 TSecr=3045558880 [TCP segment of a reassembled PDU]"
"46566","35.026955553","192.168.1.55","192.168.1.2","TCP","1514","8004  >  36440 [ACK] Seq=299926 Ack=144 Win=65024 Len=1448 TSval=2916039107 TSecr=3045558880 [TCP segment of a reassembled PDU]"
"46567","35.026956998","192.168.1.55","192.168.1.2","TCP","1514","8004  >  36440 [ACK] Seq=301374 Ack=144 Win=65024 Len=1448 TSval=2916039107 TSecr=3045558880 [TCP segment of a reassembled PDU]"
"46568","35.026958442","192.168.1.55","192.168.1.2","TCP","1514","8004  >  36440 [ACK] Seq=302822 Ack=144 Win=65024 Len=1448 TSval=2916039107 TSecr=3045558880 [TCP segment of a reassembled PDU]"
"46569","35.026959776","192.168.1.55","192.168.1.2","TCP","1514","8004  >  36440 [ACK] Seq=304270 Ack=144 Win=65024 Len=1448 TSval=2916039107 TSecr=3045558880 [TCP segment of a reassembled PDU]"
"46570","35.026961109","192.168.1.55","192.168.1.2","TCP","1514","8004  >  36440 [ACK] Seq=305718 Ack=144 Win=65024 Len=1448 TSval=2916039107 TSecr=3045558880 [TCP segment of a reassembled PDU]"
"46571","35.026962535","192.168.1.55","192.168.1.2","TCP","1514","8004  >  36440 [ACK] Seq=307166 Ack=144 Win=65024 Len=1448 TSval=2916039107 TSecr=3045558880 [TCP segment of a reassembled PDU]"
"46572","35.026963942","192.168.1.55","192.168.1.2","TCP","1514","8004  >  36440 [ACK] Seq=308614 Ack=144 Win=65024 Len=1448 TSval=2916039107 TSecr=3045558880 [TCP segment of a reassembled PDU]"
"46573","35.026965368","192.168.1.55","192.168.1.2","TCP","1514","8004  >  36440 [ACK] Seq=310062 Ack=144 Win=65024 Len=1448 TSval=2916039107 TSecr=3045558880 [TCP segment of a reassembled PDU]"
"46574","35.026966887","192.168.1.55","192.168.1.2","TCP","1514","8004  >  36440 [ACK] Seq=311510 Ack=144 Win=65024 Len=1448 TSval=2916039107 TSecr=3045558880 [TCP segment of a reassembled PDU]"
"46575","35.026968313","192.168.1.55","192.168.1.2","TCP","1514","8004  >  36440 [ACK] Seq=312958 Ack=144 Win=65024 Len=1448 TSval=2916039107 TSecr=3045558880 [TCP segment of a reassembled PDU]"
"46576","35.026969813","192.168.1.55","192.168.1.2","TCP","1514","8004  >  36440 [ACK] Seq=314406 Ack=144 Win=65024 Len=1448 TSval=2916039107 TSecr=3045558880 [TCP segment of a reassembled PDU]"
"46577","35.026971498","192.168.1.55","192.168.1.2","TCP","1514","8004  >  36440 [ACK] Seq=315854 Ack=144 Win=65024 Len=1448 TSval=2916039107 TSecr=3045558880 [TCP segment of a reassembled PDU]"
"46578","35.026972942","192.168.1.55","192.168.1.2","TCP","1514","8004  >  36440 [ACK] Seq=317302 Ack=144 Win=65024 Len=1448 TSval=2916039107 TSecr=3045558880 [TCP segment of a reassembled PDU]"
"46579","35.026974368","192.168.1.55","192.168.1.2","TCP","1514","8004  >  36440 [ACK] Seq=318750 Ack=144 Win=65024 Len=1448 TSval=2916039107 TSecr=3045558880 [TCP segment of a reassembled PDU]"
"46580","35.026975757","192.168.1.55","192.168.1.2","TCP","1514","8004  >  36440 [ACK] Seq=320198 Ack=144 Win=65024 Len=1448 TSval=2916039107 TSecr=3045558880 [TCP segment of a reassembled PDU]"
"46581","35.026977090","192.168.1.55","192.168.1.2","TCP","1514","8004  >  36440 [ACK] Seq=321646 Ack=144 Win=65024 Len=1448 TSval=2916039107 TSecr=3045558880 [TCP segment of a reassembled PDU]"
"46582","35.026978479","192.168.1.55","192.168.1.2","TCP","1514","8004  >  36440 [ACK] Seq=323094 Ack=144 Win=65024 Len=1448 TSval=2916039107 TSecr=3045558880 [TCP segment of a reassembled PDU]"
"46583","35.026979961","192.168.1.55","192.168.1.2","TCP","1514","8004  >  36440 [ACK] Seq=324542 Ack=144 Win=65024 Len=1448 TSval=2916039107 TSecr=3045558880 [TCP segment of a reassembled PDU]"
"46584","35.026981368","192.168.1.55","192.168.1.2","TCP","1514","8004  >  36440 [ACK] Seq=325990 Ack=144 Win=65024 Len=1448 TSval=2916039107 TSecr=3045558880 [TCP segment of a reassembled PDU]"
"46585","35.026982794","192.168.1.55","192.168.1.2","TCP","1514","8004  >  36440 [PSH, ACK] Seq=327438 Ack=144 Win=65024 Len=1448 TSval=2916039107 TSecr=3045558880 [TCP segment of a reassembled PDU]"
"46586","35.029249390","192.168.1.2","192.168.1.55","TCP","66","36440  >  8004 [ACK] Seq=144 Ack=249246 Win=93184 Len=0 TSval=3045558882 TSecr=2916039103"
"46587","35.029268372","192.168.1.55","192.168.1.2","TCP","1514","8004  >  36440 [ACK] Seq=328886 Ack=144 Win=65024 Len=1448 TSval=2916039109 TSecr=3045558882 [TCP segment of a reassembled PDU]"
"46588","35.029271020","192.168.1.55","192.168.1.2","TCP","1514","8004  >  36440 [ACK] Seq=330334 Ack=144 Win=65024 Len=1448 TSval=2916039109 TSecr=3045558882 [TCP segment of a reassembled PDU]"
"46589","35.029272427","192.168.1.55","192.168.1.2","TCP","1514","8004  >  36440 [ACK] Seq=331782 Ack=144 Win=65024 Len=1448 TSval=2916039109 TSecr=3045558882 [TCP segment of a reassembled PDU]"
"46590","35.029273724","192.168.1.55","192.168.1.2","TCP","1514","8004  >  36440 [ACK] Seq=333230 Ack=144 Win=65024 Len=1448 TSval=2916039109 TSecr=3045558882 [TCP segment of a reassembled PDU]"
"46591","35.029275094","192.168.1.55","192.168.1.2","TCP","1514","8004  >  36440 [ACK] Seq=334678 Ack=144 Win=65024 Len=1448 TSval=2916039109 TSecr=3045558882 [TCP segment of a reassembled PDU]"
"46592","35.029276446","192.168.1.55","192.168.1.2","TCP","1514","8004  >  36440 [ACK] Seq=336126 Ack=144 Win=65024 Len=1448 TSval=2916039109 TSecr=3045558882 [TCP segment of a reassembled PDU]"
"46593","35.029277724","192.168.1.55","192.168.1.2","TCP","1514","8004  >  36440 [ACK] Seq=337574 Ack=144 Win=65024 Len=1448 TSval=2916039109 TSecr=3045558882 [TCP segment of a reassembled PDU]"
"46594","35.029284187","192.168.1.55","192.168.1.2","TCP","1514","8004  >  36440 [ACK] Seq=339022 Ack=144 Win=65024 Len=1448 TSval=2916039109 TSecr=3045558882 [TCP segment of a reassembled PDU]"
"46595","35.029285779","192.168.1.55","192.168.1.2","TCP","1514","8004  >  36440 [PSH, ACK] Seq=340470 Ack=144 Win=65024 Len=1448 TSval=2916039109 TSecr=3045558882 [TCP segment of a reassembled PDU]"
"46596","35.029345872","192.168.1.2","192.168.1.55","TCP","66","36440  >  8004 [ACK] Seq=144 Ack=254038 Win=102400 Len=0 TSval=3045558882 TSecr=2916039103"
"46597","35.029353928","192.168.1.2","192.168.1.55","TCP","66","36440  >  8004 [ACK] Seq=144 Ack=258382 Win=111616 Len=0 TSval=3045558884 TSecr=2916039105"
"46598","35.034168287","192.168.1.2","192.168.1.55","TCP","66","36440  >  8004 [ACK] Seq=144 Ack=280102 Win=142336 Len=0 TSval=3045558885 TSecr=2916039105"
"46599","35.034196250","192.168.1.55","192.168.1.2","TCP","1514","8004  >  36440 [ACK] Seq=341918 Ack=144 Win=65024 Len=1448 TSval=2916039114 TSecr=3045558885 [TCP segment of a reassembled PDU]"
"46600","35.034198787","192.168.1.55","192.168.1.2","TCP","1514","8004  >  36440 [ACK] Seq=343366 Ack=144 Win=65024 Len=1448 TSval=2916039114 TSecr=3045558885 [TCP segment of a reassembled PDU]"
"46601","35.034200176","192.168.1.55","192.168.1.2","TCP","1514","8004  >  36440 [ACK] Seq=344814 Ack=144 Win=65024 Len=1448 TSval=2916039114 TSecr=3045558885 [TCP segment of a reassembled PDU]"
"46602","35.034201454","192.168.1.55","192.168.1.2","TCP","1514","8004  >  36440 [ACK] Seq=346262 Ack=144 Win=65024 Len=1448 TSval=2916039114 TSecr=3045558885 [TCP segment of a reassembled PDU]"
"46603","35.034202750","192.168.1.55","192.168.1.2","TCP","1514","8004  >  36440 [ACK] Seq=347710 Ack=144 Win=65024 Len=1448 TSval=2916039114 TSecr=3045558885 [TCP segment of a reassembled PDU]"
"46604","35.034204398","192.168.1.55","192.168.1.2","TCP","1514","8004  >  36440 [ACK] Seq=349158 Ack=144 Win=65024 Len=1448 TSval=2916039114 TSecr=3045558885 [TCP segment of a reassembled PDU]"
"46605","35.034205843","192.168.1.55","192.168.1.2","TCP","1514","8004  >  36440 [ACK] Seq=350606 Ack=144 Win=65024 Len=1448 TSval=2916039114 TSecr=3045558885 [TCP segment of a reassembled PDU]"
"46606","35.034207232","192.168.1.55","192.168.1.2","TCP","1514","8004  >  36440 [ACK] Seq=352054 Ack=144 Win=65024 Len=1448 TSval=2916039114 TSecr=3045558885 [TCP segment of a reassembled PDU]"
"46607","35.034208658","192.168.1.55","192.168.1.2","TCP","1514","8004  >  36440 [ACK] Seq=353502 Ack=144 Win=65024 Len=1448 TSval=2916039114 TSecr=3045558885 [TCP segment of a reassembled PDU]"
"46608","35.034209917","192.168.1.55","192.168.1.2","TCP","1514","8004  >  36440 [ACK] Seq=354950 Ack=144 Win=65024 Len=1448 TSval=2916039114 TSecr=3045558885 [TCP segment of a reassembled PDU]"
"46609","35.034211287","192.168.1.55","192.168.1.2","TCP","1514","8004  >  36440 [ACK] Seq=356398 Ack=144 Win=65024 Len=1448 TSval=2916039114 TSecr=3045558885 [TCP segment of a reassembled PDU]"
"46610","35.034212547","192.168.1.55","192.168.1.2","TCP","1514","8004  >  36440 [ACK] Seq=357846 Ack=144 Win=65024 Len=1448 TSval=2916039114 TSecr=3045558885 [TCP segment of a reassembled PDU]"
"46611","35.034214047","192.168.1.55","192.168.1.2","TCP","1514","8004  >  36440 [ACK] Seq=359294 Ack=144 Win=65024 Len=1448 TSval=2916039114 TSecr=3045558885 [TCP segment of a reassembled PDU]"
"46612","35.034215806","192.168.1.55","192.168.1.2","TCP","1514","8004  >  36440 [ACK] Seq=360742 Ack=144 Win=65024 Len=1448 TSval=2916039114 TSecr=3045558885 [TCP segment of a reassembled PDU]"
"46613","35.034217065","192.168.1.55","192.168.1.2","TCP","1514","8004  >  36440 [ACK] Seq=362190 Ack=144 Win=65024 Len=1448 TSval=2916039114 TSecr=3045558885 [TCP segment of a reassembled PDU]"
"46614","35.034218454","192.168.1.55","192.168.1.2","TCP","1514","8004  >  36440 [ACK] Seq=363638 Ack=144 Win=65024 Len=1448 TSval=2916039114 TSecr=3045558885 [TCP segment of a reassembled PDU]"
"46615","35.034220009","192.168.1.55","192.168.1.2","TCP","1514","8004  >  36440 [ACK] Seq=365086 Ack=144 Win=65024 Len=1448 TSval=2916039114 TSecr=3045558885 [TCP segment of a reassembled PDU]"
"46616","35.034221306","192.168.1.55","192.168.1.2","TCP","1514","8004  >  36440 [ACK] Seq=366534 Ack=144 Win=65024 Len=1448 TSval=2916039114 TSecr=3045558885 [TCP segment of a reassembled PDU]"
"46617","35.034222695","192.168.1.55","192.168.1.2","TCP","1514","8004  >  36440 [ACK] Seq=367982 Ack=144 Win=65024 Len=1448 TSval=2916039114 TSecr=3045558885 [TCP segment of a reassembled PDU]"
"46618","35.034223972","192.168.1.55","192.168.1.2","TCP","1514","8004  >  36440 [PSH, ACK] Seq=369430 Ack=144 Win=65024 Len=1448 TSval=2916039114 TSecr=3045558885 [TCP segment of a reassembled PDU]"
"46619","35.034257732","192.168.1.55","192.168.1.2","TCP","1514","8004  >  36440 [ACK] Seq=370878 Ack=144 Win=65024 Len=1448 TSval=2916039114 TSecr=3045558885 [TCP segment of a reassembled PDU]"
"46620","35.034259528","192.168.1.55","192.168.1.2","TCP","1514","8004  >  36440 [ACK] Seq=372326 Ack=144 Win=65024 Len=1448 TSval=2916039114 TSecr=3045558885 [TCP segment of a reassembled PDU]"
"46621","35.034261010","192.168.1.55","192.168.1.2","TCP","1514","8004  >  36440 [ACK] Seq=373774 Ack=144 Win=65024 Len=1448 TSval=2916039114 TSecr=3045558885 [TCP segment of a reassembled PDU]"
"46622","35.034262380","192.168.1.55","192.168.1.2","TCP","1514","8004  >  36440 [ACK] Seq=375222 Ack=144 Win=65024 Len=1448 TSval=2916039114 TSecr=3045558885 [TCP segment of a reassembled PDU]"
"46623","35.034263695","192.168.1.55","192.168.1.2","TCP","1514","8004  >  36440 [ACK] Seq=376670 Ack=144 Win=65024 Len=1448 TSval=2916039114 TSecr=3045558885 [TCP segment of a reassembled PDU]"
"46624","35.034265121","192.168.1.55","192.168.1.2","TCP","1514","8004  >  36440 [ACK] Seq=378118 Ack=144 Win=65024 Len=1448 TSval=2916039114 TSecr=3045558885 [TCP segment of a reassembled PDU]"
"46625","35.034266454","192.168.1.55","192.168.1.2","TCP","1514","8004  >  36440 [ACK] Seq=379566 Ack=144 Win=65024 Len=1448 TSval=2916039114 TSecr=3045558885 [TCP segment of a reassembled PDU]"
"46626","35.034267861","192.168.1.55","192.168.1.2","TCP","1514","8004  >  36440 [ACK] Seq=381014 Ack=144 Win=65024 Len=1448 TSval=2916039114 TSecr=3045558885 [TCP segment of a reassembled PDU]"
"46627","35.034269287","192.168.1.55","192.168.1.2","TCP","1514","8004  >  36440 [ACK] Seq=382462 Ack=144 Win=65024 Len=1448 TSval=2916039114 TSecr=3045558885 [TCP segment of a reassembled PDU]"
"46628","35.034270565","192.168.1.55","192.168.1.2","TCP","1514","8004  >  36440 [ACK] Seq=383910 Ack=144 Win=65024 Len=1448 TSval=2916039114 TSecr=3045558885 [TCP segment of a reassembled PDU]"
"46629","35.034271973","192.168.1.55","192.168.1.2","TCP","1514","8004  >  36440 [ACK] Seq=385358 Ack=144 Win=65024 Len=1448 TSval=2916039114 TSecr=3045558885 [TCP segment of a reassembled PDU]"
"46630","35.034273306","192.168.1.55","192.168.1.2","TCP","1514","8004  >  36440 [ACK] Seq=386806 Ack=144 Win=65024 Len=1448 TSval=2916039114 TSecr=3045558885 [TCP segment of a reassembled PDU]"
"46631","35.034275380","192.168.1.55","192.168.1.2","TCP","1514","8004  >  36440 [ACK] Seq=388254 Ack=144 Win=65024 Len=1448 TSval=2916039114 TSecr=3045558885 [TCP segment of a reassembled PDU]"
"46632","35.034276936","192.168.1.55","192.168.1.2","TCP","1514","8004  >  36440 [ACK] Seq=389702 Ack=144 Win=65024 Len=1448 TSval=2916039114 TSecr=3045558885 [TCP segment of a reassembled PDU]"
"46633","35.034278361","192.168.1.55","192.168.1.2","TCP","1514","8004  >  36440 [ACK] Seq=391150 Ack=144 Win=65024 Len=1448 TSval=2916039114 TSecr=3045558885 [TCP segment of a reassembled PDU]"
"46634","35.034279676","192.168.1.55","192.168.1.2","TCP","1514","8004  >  36440 [ACK] Seq=392598 Ack=144 Win=65024 Len=1448 TSval=2916039114 TSecr=3045558885 [TCP segment of a reassembled PDU]"
"46635","35.034281028","192.168.1.55","192.168.1.2","TCP","1514","8004  >  36440 [ACK] Seq=394046 Ack=144 Win=65024 Len=1448 TSval=2916039114 TSecr=3045558885 [TCP segment of a reassembled PDU]"
"46636","35.034282361","192.168.1.55","192.168.1.2","TCP","1514","8004  >  36440 [ACK] Seq=395494 Ack=144 Win=65024 Len=1448 TSval=2916039114 TSecr=3045558885 [TCP segment of a reassembled PDU]"
"46637","35.034283824","192.168.1.55","192.168.1.2","TCP","1514","8004  >  36440 [ACK] Seq=396942 Ack=144 Win=65024 Len=1448 TSval=2916039114 TSecr=3045558885 [TCP segment of a reassembled PDU]"
"46638","35.034285158","192.168.1.55","192.168.1.2","TCP","1514","8004  >  36440 [ACK] Seq=398390 Ack=144 Win=65024 Len=1448 TSval=2916039114 TSecr=3045558885 [TCP segment of a reassembled PDU]"
"46639","35.034286676","192.168.1.55","192.168.1.2","TCP","1514","8004  >  36440 [ACK] Seq=399838 Ack=144 Win=65024 Len=1448 TSval=2916039114 TSecr=3045558885 [TCP segment of a reassembled PDU]"
"46640","35.034287973","192.168.1.55","192.168.1.2","TCP","1514","8004  >  36440 [ACK] Seq=401286 Ack=144 Win=65024 Len=1448 TSval=2916039114 TSecr=3045558885 [TCP segment of a reassembled PDU]"
"46641","35.034289824","192.168.1.55","192.168.1.2","TCP","1514","8004  >  36440 [ACK] Seq=402734 Ack=144 Win=65024 Len=1448 TSval=2916039114 TSecr=3045558885 [TCP segment of a reassembled PDU]"
"46642","35.034295287","192.168.1.55","192.168.1.2","TCP","1514","8004  >  36440 [ACK] Seq=404182 Ack=144 Win=65024 Len=1448 TSval=2916039114 TSecr=3045558885 [TCP segment of a reassembled PDU]"
"46643","35.034296991","192.168.1.55","192.168.1.2","TCP","1514","8004  >  36440 [ACK] Seq=405630 Ack=144 Win=65024 Len=1448 TSval=2916039114 TSecr=3045558885 [TCP segment of a reassembled PDU]"
"46644","35.034298324","192.168.1.55","192.168.1.2","TCP","1514","8004  >  36440 [ACK] Seq=407078 Ack=144 Win=65024 Len=1448 TSval=2916039114 TSecr=3045558885 [TCP segment of a reassembled PDU]"
"46645","35.034299769","192.168.1.55","192.168.1.2","TCP","1514","8004  >  36440 [ACK] Seq=408526 Ack=144 Win=65024 Len=1448 TSval=2916039114 TSecr=3045558885 [TCP segment of a reassembled PDU]"
"46646","35.034301047","192.168.1.55","192.168.1.2","TCP","1514","8004  >  36440 [ACK] Seq=409974 Ack=144 Win=65024 Len=1448 TSval=2916039114 TSecr=3045558885 [TCP segment of a reassembled PDU]"
"46647","35.034302491","192.168.1.55","192.168.1.2","TCP","1514","8004  >  36440 [PSH, ACK] Seq=411422 Ack=144 Win=65024 Len=1448 TSval=2916039114 TSecr=3045558885 [TCP segment of a reassembled PDU]"
"46648","35.034370713","192.168.1.2","192.168.1.55","TCP","66","36440  >  8004 [ACK] Seq=144 Ack=285894 Win=153600 Len=0 TSval=3045558888 TSecr=2916039105"
"46649","35.034379510","192.168.1.2","192.168.1.55","TCP","66","36440  >  8004 [ACK] Seq=144 Ack=292686 Win=155648 Len=0 TSval=3045558888 TSecr=2916039107"
"46650","35.034385306","192.168.1.2","192.168.1.55","TCP","66","36440  >  8004 [ACK] Seq=144 Ack=331782 Win=125952 Len=0 TSval=3045558889 TSecr=2916039107"
"46651","35.035597956","192.168.1.55","192.168.1.2","TCP","1514","8004  >  36440 [ACK] Seq=412870 Ack=144 Win=65024 Len=1448 TSval=2916039116 TSecr=3045558889 [TCP segment of a reassembled PDU]"
"46652","35.035600678","192.168.1.55","192.168.1.2","TCP","1514","8004  >  36440 [ACK] Seq=414318 Ack=144 Win=65024 Len=1448 TSval=2916039116 TSecr=3045558889 [TCP segment of a reassembled PDU]"
"46653","35.035602086","192.168.1.55","192.168.1.2","TCP","1514","8004  >  36440 [ACK] Seq=415766 Ack=144 Win=65024 Len=1448 TSval=2916039116 TSecr=3045558889 [TCP segment of a reassembled PDU]"
"46654","35.035603438","192.168.1.55","192.168.1.2","TCP","1514","8004  >  36440 [ACK] Seq=417214 Ack=144 Win=65024 Len=1448 TSval=2916039116 TSecr=3045558889 [TCP segment of a reassembled PDU]"
"46655","35.035604808","192.168.1.55","192.168.1.2","TCP","1514","8004  >  36440 [ACK] Seq=418662 Ack=144 Win=65024 Len=1448 TSval=2916039116 TSecr=3045558889 [TCP segment of a reassembled PDU]"
"46656","35.035606160","192.168.1.55","192.168.1.2","TCP","1514","8004  >  36440 [ACK] Seq=420110 Ack=144 Win=65024 Len=1448 TSval=2916039116 TSecr=3045558889 [TCP segment of a reassembled PDU]"
"46657","35.035607419","192.168.1.55","192.168.1.2","TCP","1514","8004  >  36440 [ACK] Seq=421558 Ack=144 Win=65024 Len=1448 TSval=2916039116 TSecr=3045558889 [TCP segment of a reassembled PDU]"
"46658","35.035608845","192.168.1.55","192.168.1.2","TCP","1514","8004  >  36440 [ACK] Seq=423006 Ack=144 Win=65024 Len=1448 TSval=2916039116 TSecr=3045558889 [TCP segment of a reassembled PDU]"
"46659","35.035610141","192.168.1.55","192.168.1.2","TCP","1514","8004  >  36440 [ACK] Seq=424454 Ack=144 Win=65024 Len=1448 TSval=2916039116 TSecr=3045558889 [TCP segment of a reassembled PDU]"
"46660","35.035611771","192.168.1.55","192.168.1.2","TCP","1514","8004  >  36440 [ACK] Seq=425902 Ack=144 Win=65024 Len=1448 TSval=2916039116 TSecr=3045558889 [TCP segment of a reassembled PDU]"
"46661","35.035613067","192.168.1.55","192.168.1.2","TCP","1514","8004  >  36440 [ACK] Seq=427350 Ack=144 Win=65024 Len=1448 TSval=2916039116 TSecr=3045558889 [TCP segment of a reassembled PDU]"
"46662","35.035614475","192.168.1.55","192.168.1.2","TCP","1514","8004  >  36440 [ACK] Seq=428798 Ack=144 Win=65024 Len=1448 TSval=2916039116 TSecr=3045558889 [TCP segment of a reassembled PDU]"
"46663","35.035615845","192.168.1.55","192.168.1.2","TCP","1514","8004  >  36440 [ACK] Seq=430246 Ack=144 Win=65024 Len=1448 TSval=2916039116 TSecr=3045558889 [TCP segment of a reassembled PDU]"
"46664","35.035617160","192.168.1.55","192.168.1.2","TCP","1514","8004  >  36440 [ACK] Seq=431694 Ack=144 Win=65024 Len=1448 TSval=2916039116 TSecr=3045558889 [TCP segment of a reassembled PDU]"
"46665","35.035614104","192.168.1.2","192.168.1.55","TCP","66","36440  >  8004 [ACK] Seq=144 Ack=341918 Win=151552 Len=0 TSval=3045558890 TSecr=2916039109"
"46666","35.035618715","192.168.1.55","192.168.1.2","TCP","1514","8004  >  36440 [ACK] Seq=433142 Ack=144 Win=65024 Len=1448 TSval=2916039116 TSecr=3045558889 [TCP segment of a reassembled PDU]"
"46667","35.035620123","192.168.1.55","192.168.1.2","TCP","1514","8004  >  36440 [ACK] Seq=434590 Ack=144 Win=65024 Len=1448 TSval=2916039116 TSecr=3045558889 [TCP segment of a reassembled PDU]"
"46668","35.035621549","192.168.1.55","192.168.1.2","TCP","1514","8004  >  36440 [ACK] Seq=436038 Ack=144 Win=65024 Len=1448 TSval=2916039116 TSecr=3045558889 [TCP segment of a reassembled PDU]"
"46669","35.035623493","192.168.1.55","192.168.1.2","TCP","1514","8004  >  36440 [ACK] Seq=437486 Ack=144 Win=65024 Len=1448 TSval=2916039116 TSecr=3045558889 [TCP segment of a reassembled PDU]"
"46670","35.035625215","192.168.1.55","192.168.1.2","TCP","1514","8004  >  36440 [ACK] Seq=438934 Ack=144 Win=65024 Len=1448 TSval=2916039116 TSecr=3045558889 [TCP segment of a reassembled PDU]"
"46671","35.035626604","192.168.1.55","192.168.1.2","TCP","1514","8004  >  36440 [ACK] Seq=440382 Ack=144 Win=65024 Len=1448 TSval=2916039116 TSecr=3045558889 [TCP segment of a reassembled PDU]"
"46672","35.035627938","192.168.1.55","192.168.1.2","TCP","1514","8004  >  36440 [ACK] Seq=441830 Ack=144 Win=65024 Len=1448 TSval=2916039116 TSecr=3045558889 [TCP segment of a reassembled PDU]"
"46673","35.035629234","192.168.1.55","192.168.1.2","TCP","1514","8004  >  36440 [ACK] Seq=443278 Ack=144 Win=65024 Len=1448 TSval=2916039116 TSecr=3045558889 [TCP segment of a reassembled PDU]"
"46674","35.035630641","192.168.1.55","192.168.1.2","TCP","1514","8004  >  36440 [ACK] Seq=444726 Ack=144 Win=65024 Len=1448 TSval=2916039116 TSecr=3045558889 [TCP segment of a reassembled PDU]"
"46675","35.035632012","192.168.1.55","192.168.1.2","TCP","1514","8004  >  36440 [ACK] Seq=446174 Ack=144 Win=65024 Len=1448 TSval=2916039116 TSecr=3045558889 [TCP segment of a reassembled PDU]"
"46676","35.035633308","192.168.1.55","192.168.1.2","TCP","1514","8004  >  36440 [ACK] Seq=447622 Ack=144 Win=65024 Len=1448 TSval=2916039116 TSecr=3045558889 [TCP segment of a reassembled PDU]"
"46677","35.035634623","192.168.1.55","192.168.1.2","TCP","1514","8004  >  36440 [ACK] Seq=449070 Ack=144 Win=65024 Len=1448 TSval=2916039116 TSecr=3045558889 [TCP segment of a reassembled PDU]"
"46678","35.035635938","192.168.1.55","192.168.1.2","TCP","1514","8004  >  36440 [ACK] Seq=450518 Ack=144 Win=65024 Len=1448 TSval=2916039116 TSecr=3045558889 [TCP segment of a reassembled PDU]"
"46679","35.035637327","192.168.1.55","192.168.1.2","TCP","1514","8004  >  36440 [ACK] Seq=451966 Ack=144 Win=65024 Len=1448 TSval=2916039116 TSecr=3045558889 [TCP segment of a reassembled PDU]"
"46680","35.035638734","192.168.1.55","192.168.1.2","TCP","1514","8004  >  36440 [PSH, ACK] Seq=453414 Ack=144 Win=65024 Len=1448 TSval=2916039116 TSecr=3045558889 [TCP segment of a reassembled PDU]"
"46681","35.037307514","192.168.1.55","192.168.1.2","TCP","1514","8004  >  36440 [ACK] Seq=454862 Ack=144 Win=65024 Len=1448 TSval=2916039117 TSecr=3045558890 [TCP segment of a reassembled PDU]"
"46682","35.037311514","192.168.1.55","192.168.1.2","TCP","1514","8004  >  36440 [ACK] Seq=456310 Ack=144 Win=65024 Len=1448 TSval=2916039117 TSecr=3045558890 [TCP segment of a reassembled PDU]"
"46683","35.037312885","192.168.1.55","192.168.1.2","TCP","1514","8004  >  36440 [ACK] Seq=457758 Ack=144 Win=65024 Len=1448 TSval=2916039117 TSecr=3045558890 [TCP segment of a reassembled PDU]"
"46684","35.037314292","192.168.1.55","192.168.1.2","TCP","1514","8004  >  36440 [ACK] Seq=459206 Ack=144 Win=65024 Len=1448 TSval=2916039117 TSecr=3045558890 [TCP segment of a reassembled PDU]"
"46685","35.037315737","192.168.1.55","192.168.1.2","TCP","1514","8004  >  36440 [ACK] Seq=460654 Ack=144 Win=65024 Len=1448 TSval=2916039117 TSecr=3045558890 [TCP segment of a reassembled PDU]"
"46686","35.037317163","192.168.1.55","192.168.1.2","TCP","1514","8004  >  36440 [ACK] Seq=462102 Ack=144 Win=65024 Len=1448 TSval=2916039117 TSecr=3045558890 [TCP segment of a reassembled PDU]"
"46687","35.037318644","192.168.1.55","192.168.1.2","TCP","1514","8004  >  36440 [ACK] Seq=463550 Ack=144 Win=65024 Len=1448 TSval=2916039117 TSecr=3045558890 [TCP segment of a reassembled PDU]"
"46688","35.037319977","192.168.1.55","192.168.1.2","TCP","1514","8004  >  36440 [ACK] Seq=464998 Ack=144 Win=65024 Len=1448 TSval=2916039117 TSecr=3045558890 [TCP segment of a reassembled PDU]"
"46689","35.037321589","192.168.1.55","192.168.1.2","TCP","1514","8004  >  36440 [ACK] Seq=466446 Ack=144 Win=65024 Len=1448 TSval=2916039117 TSecr=3045558890 [TCP segment of a reassembled PDU]"
"46690","35.037322996","192.168.1.55","192.168.1.2","TCP","1514","8004  >  36440 [ACK] Seq=467894 Ack=144 Win=65024 Len=1448 TSval=2916039117 TSecr=3045558890 [TCP segment of a reassembled PDU]"
"46691","35.037324459","192.168.1.55","192.168.1.2","TCP","1514","8004  >  36440 [ACK] Seq=469342 Ack=144 Win=65024 Len=1448 TSval=2916039117 TSecr=3045558890 [TCP segment of a reassembled PDU]"
"46692","35.037325829","192.168.1.55","192.168.1.2","TCP","1514","8004  >  36440 [ACK] Seq=470790 Ack=144 Win=65024 Len=1448 TSval=2916039117 TSecr=3045558890 [TCP segment of a reassembled PDU]"
"46693","35.037327274","192.168.1.55","192.168.1.2","TCP","1514","8004  >  36440 [ACK] Seq=472238 Ack=144 Win=65024 Len=1448 TSval=2916039117 TSecr=3045558890 [TCP segment of a reassembled PDU]"
"46694","35.037328755","192.168.1.55","192.168.1.2","TCP","1514","8004  >  36440 [ACK] Seq=473686 Ack=144 Win=65024 Len=1448 TSval=2916039117 TSecr=3045558890 [TCP segment of a reassembled PDU]"
"46695","35.037330218","192.168.1.55","192.168.1.2","TCP","1514","8004  >  36440 [ACK] Seq=475134 Ack=144 Win=65024 Len=1448 TSval=2916039117 TSecr=3045558890 [TCP segment of a reassembled PDU]"
"46696","35.037331626","192.168.1.55","192.168.1.2","TCP","1514","8004  >  36440 [ACK] Seq=476582 Ack=144 Win=65024 Len=1448 TSval=2916039117 TSecr=3045558890 [TCP segment of a reassembled PDU]"
"46697","35.037333089","192.168.1.55","192.168.1.2","TCP","1514","8004  >  36440 [ACK] Seq=478030 Ack=144 Win=65024 Len=1448 TSval=2916039117 TSecr=3045558890 [TCP segment of a reassembled PDU]"
"46698","35.037334385","192.168.1.55","192.168.1.2","TCP","1514","8004  >  36440 [ACK] Seq=479478 Ack=144 Win=65024 Len=1448 TSval=2916039117 TSecr=3045558890 [TCP segment of a reassembled PDU]"
"46699","35.037335848","192.168.1.55","192.168.1.2","TCP","1514","8004  >  36440 [ACK] Seq=480926 Ack=144 Win=65024 Len=1448 TSval=2916039117 TSecr=3045558890 [TCP segment of a reassembled PDU]"
"46700","35.037337126","192.168.1.55","192.168.1.2","TCP","1514","8004  >  36440 [ACK] Seq=482374 Ack=144 Win=65024 Len=1448 TSval=2916039117 TSecr=3045558890 [TCP segment of a reassembled PDU]"
"46701","35.037338459","192.168.1.55","192.168.1.2","TCP","1514","8004  >  36440 [ACK] Seq=483822 Ack=144 Win=65024 Len=1448 TSval=2916039117 TSecr=3045558890 [TCP segment of a reassembled PDU]"
"46702","35.037339940","192.168.1.55","192.168.1.2","TCP","1514","8004  >  36440 [ACK] Seq=485270 Ack=144 Win=65024 Len=1448 TSval=2916039117 TSecr=3045558890 [TCP segment of a reassembled PDU]"
"46703","35.037341848","192.168.1.55","192.168.1.2","TCP","1514","8004  >  36440 [ACK] Seq=486718 Ack=144 Win=65024 Len=1448 TSval=2916039117 TSecr=3045558890 [TCP segment of a reassembled PDU]"
"46704","35.037343163","192.168.1.55","192.168.1.2","TCP","1514","8004  >  36440 [ACK] Seq=488166 Ack=144 Win=65024 Len=1448 TSval=2916039117 TSecr=3045558890 [TCP segment of a reassembled PDU]"
"46705","35.037344885","192.168.1.55","192.168.1.2","TCP","1514","8004  >  36440 [ACK] Seq=489614 Ack=144 Win=65024 Len=1448 TSval=2916039117 TSecr=3045558890 [TCP segment of a reassembled PDU]"
"46706","35.037346255","192.168.1.55","192.168.1.2","TCP","1514","8004  >  36440 [ACK] Seq=491062 Ack=144 Win=65024 Len=1448 TSval=2916039117 TSecr=3045558890 [TCP segment of a reassembled PDU]"
"46707","35.037347663","192.168.1.55","192.168.1.2","TCP","1026","[TCP Window Full] 8004  >  36440 [PSH, ACK] Seq=492510 Ack=144 Win=65024 Len=960 TSval=2916039117 TSecr=3045558890 [TCP segment of a reassembled PDU]"
"46708","35.043360894","192.168.1.2","192.168.1.55","TCP","66","36440  >  8004 [ACK] Seq=144 Ack=370878 Win=135168 Len=0 TSval=3045558898 TSecr=2916039114"
"46709","35.043375913","192.168.1.55","192.168.1.2","TCP","1514","8004  >  36440 [ACK] Seq=493470 Ack=144 Win=65024 Len=1448 TSval=2916039124 TSecr=3045558898 [TCP segment of a reassembled PDU]"
"46710","35.043378506","192.168.1.55","192.168.1.2","TCP","1514","8004  >  36440 [PSH, ACK] Seq=494918 Ack=144 Win=65024 Len=1448 TSval=2916039124 TSecr=3045558898 [TCP segment of a reassembled PDU]"
"46711","35.043383746","192.168.1.55","192.168.1.2","TCP","554","8004  >  36440 [ACK] Seq=496366 Ack=144 Win=65024 Len=488 TSval=2916039124 TSecr=3045558898 [TCP segment of a reassembled PDU]"
"46712","35.043387913","192.168.1.55","192.168.1.2","TCP","1514","8004  >  36440 [ACK] Seq=496854 Ack=144 Win=65024 Len=1448 TSval=2916039124 TSecr=3045558898 [TCP segment of a reassembled PDU]"
"46713","35.043391487","192.168.1.55","192.168.1.2","HTTP","222","HTTP/1.0 200 OK  (PNG)"
"46714","35.043653654","192.168.1.2","192.168.1.55","TCP","66","36440  >  8004 [ACK] Seq=144 Ack=412870 Win=97280 Len=0 TSval=3045558898 TSecr=2916039114"
"46715","35.043661488","192.168.1.2","192.168.1.55","TCP","66","36440  >  8004 [ACK] Seq=144 Ack=454862 Win=124928 Len=0 TSval=3045558898 TSecr=2916039116"
"46716","35.043732821","192.168.1.2","192.168.1.55","TCP","66","36440  >  8004 [ACK] Seq=144 Ack=483822 Win=135168 Len=0 TSval=3045558898 TSecr=2916039117"
"46717","35.043766747","192.168.1.2","192.168.1.55","TCP","66","36440  >  8004 [ACK] Seq=144 Ack=493470 Win=151552 Len=0 TSval=3045558899 TSecr=2916039117"
"46718","35.045411750","192.168.1.2","192.168.1.55","TCP","66","36440  >  8004 [ACK] Seq=144 Ack=494918 Win=157696 Len=0 TSval=3045558901 TSecr=2916039124"
"46719","35.046146288","192.168.1.2","192.168.1.55","TCP","66","36440  >  8004 [ACK] Seq=144 Ack=496366 Win=160768 Len=0 TSval=3045558901 TSecr=2916039124"
"46720","35.046259566","192.168.1.2","192.168.1.55","TCP","66","36440  >  8004 [ACK] Seq=144 Ack=498302 Win=166912 Len=0 TSval=3045558901 TSecr=2916039124"
"46721","35.048717459","192.168.1.2","192.168.1.55","TCP","66","36440  >  8004 [FIN, ACK] Seq=144 Ack=498459 Win=169984 Len=0 TSval=3045558902 TSecr=2916039124"
"46722","35.048729070","192.168.1.55","192.168.1.2","TCP","66","8004  >  36440 [ACK] Seq=498459 Ack=145 Win=65024 Len=0 TSval=2916039129 TSecr=3045558902"
"46723","35.048841737","192.168.1.2","192.168.1.55","TCP","74","36442  >  8004 [SYN] Seq=0 Win=64240 Len=0 MSS=1460 SACK_PERM TSval=3045558902 TSecr=0 WS=1024"
"46724","35.048866033","192.168.1.55","192.168.1.2","TCP","74","8004  >  36442 [SYN, ACK] Seq=0 Ack=1 Win=65160 Len=0 MSS=1460 SACK_PERM TSval=2916039129 TSecr=3045558902 WS=128"
"46725","35.052016390","192.168.1.2","192.168.1.55","TCP","66","36442  >  8004 [ACK] Seq=1 Ack=1 Win=64512 Len=0 TSval=3045558906 TSecr=2916039129"
"46726","35.055229858","192.168.1.2","192.168.1.55","HTTP","206","GET /stego_benchmark.png HTTP/1.1 "
"46727","35.055241580","192.168.1.55","192.168.1.2","TCP","66","8004  >  36442 [ACK] Seq=1 Ack=141 Win=65024 Len=0 TSval=2916039135 TSecr=3045558907"
"46728","35.055730118","192.168.1.55","192.168.1.2","TCP","255","8004  >  36442 [PSH, ACK] Seq=1 Ack=141 Win=65024 Len=189 TSval=2916039136 TSecr=3045558907 [TCP segment of a reassembled PDU]"
"46729","35.055809044","192.168.1.55","192.168.1.2","TCP","1514","8004  >  36442 [ACK] Seq=190 Ack=141 Win=65024 Len=1448 TSval=2916039136 TSecr=3045558907 [TCP segment of a reassembled PDU]"
"46730","35.055813544","192.168.1.55","192.168.1.2","TCP","1514","8004  >  36442 [ACK] Seq=1638 Ack=141 Win=65024 Len=1448 TSval=2916039136 TSecr=3045558907 [TCP segment of a reassembled PDU]"
"46731","35.055815026","192.168.1.55","192.168.1.2","TCP","1514","8004  >  36442 [ACK] Seq=3086 Ack=141 Win=65024 Len=1448 TSval=2916039136 TSecr=3045558907 [TCP segment of a reassembled PDU]"
"46732","35.055816340","192.168.1.55","192.168.1.2","TCP","1514","8004  >  36442 [ACK] Seq=4534 Ack=141 Win=65024 Len=1448 TSval=2916039136 TSecr=3045558907 [TCP segment of a reassembled PDU]"
"46733","35.055818174","192.168.1.55","192.168.1.2","TCP","1514","8004  >  36442 [PSH, ACK] Seq=5982 Ack=141 Win=65024 Len=1448 TSval=2916039136 TSecr=3045558907 [TCP segment of a reassembled PDU]"
"46734","35.055833285","192.168.1.55","192.168.1.2","TCP","1514","8004  >  36442 [ACK] Seq=7430 Ack=141 Win=65024 Len=1448 TSval=2916039136 TSecr=3045558907 [TCP segment of a reassembled PDU]"
"46735","35.055834933","192.168.1.55","192.168.1.2","TCP","1514","8004  >  36442 [ACK] Seq=8878 Ack=141 Win=65024 Len=1448 TSval=2916039136 TSecr=3045558907 [TCP segment of a reassembled PDU]"
"46736","35.055836637","192.168.1.55","192.168.1.2","TCP","1514","8004  >  36442 [ACK] Seq=10326 Ack=141 Win=65024 Len=1448 TSval=2916039136 TSecr=3045558907 [TCP segment of a reassembled PDU]"
"46737","35.055837914","192.168.1.55","192.168.1.2","TCP","1514","8004  >  36442 [PSH, ACK] Seq=11774 Ack=141 Win=65024 Len=1448 TSval=2916039136 TSecr=3045558907 [TCP segment of a reassembled PDU]"
"46738","35.059604958","192.168.1.2","192.168.1.55","TCP","66","36442  >  8004 [ACK] Seq=141 Ack=190 Win=64512 Len=0 TSval=3045558913 TSecr=2916039136"
"46739","35.059793699","192.168.1.55","192.168.1.2","TCP","1514","8004  >  36442 [ACK] Seq=13222 Ack=141 Win=65024 Len=1448 TSval=2916039140 TSecr=3045558913 [TCP segment of a reassembled PDU]"
"46740","35.059810902","192.168.1.55","192.168.1.2","TCP","1514","8004  >  36442 [PSH, ACK] Seq=14670 Ack=141 Win=65024 Len=1448 TSval=2916039140 TSecr=3045558913 [TCP segment of a reassembled PDU]"
"46741","35.059987403","192.168.1.2","192.168.1.55","TCP","66","36442  >  8004 [ACK] Seq=141 Ack=3086 Win=70656 Len=0 TSval=3045558914 TSecr=2916039136"
"46742","35.060021569","192.168.1.2","192.168.1.55","TCP","66","36442  >  8004 [ACK] Seq=141 Ack=5982 Win=76800 Len=0 TSval=3045558914 TSecr=2916039136"
"46743","35.060081829","192.168.1.55","192.168.1.2","TCP","1514","8004  >  36442 [ACK] Seq=16118 Ack=141 Win=65024 Len=1448 TSval=2916039140 TSecr=3045558914 [TCP segment of a reassembled PDU]"
"46744","35.060088699","192.168.1.55","192.168.1.2","TCP","1514","8004  >  36442 [ACK] Seq=17566 Ack=141 Win=65024 Len=1448 TSval=2916039140 TSecr=3045558914 [TCP segment of a reassembled PDU]"
"46745","35.060093125","192.168.1.55","192.168.1.2","TCP","1514","8004  >  36442 [ACK] Seq=19014 Ack=141 Win=65024 Len=1448 TSval=2916039140 TSecr=3045558914 [TCP segment of a reassembled PDU]"
"46746","35.060095255","192.168.1.55","192.168.1.2","TCP","1514","8004  >  36442 [ACK] Seq=20462 Ack=141 Win=65024 Len=1448 TSval=2916039140 TSecr=3045558914 [TCP segment of a reassembled PDU]"
"46747","35.060097977","192.168.1.55","192.168.1.2","TCP","1514","8004  >  36442 [ACK] Seq=21910 Ack=141 Win=65024 Len=1448 TSval=2916039140 TSecr=3045558914 [TCP segment of a reassembled PDU]"
"46748","35.060103162","192.168.1.55","192.168.1.2","TCP","1514","8004  >  36442 [ACK] Seq=23358 Ack=141 Win=65024 Len=1448 TSval=2916039140 TSecr=3045558914 [TCP segment of a reassembled PDU]"
"46749","35.060105069","192.168.1.55","192.168.1.2","TCP","1514","8004  >  36442 [PSH, ACK] Seq=24806 Ack=141 Win=65024 Len=1448 TSval=2916039140 TSecr=3045558914 [TCP segment of a reassembled PDU]"
"46750","35.060116829","192.168.1.2","192.168.1.55","TCP","66","36442  >  8004 [ACK] Seq=141 Ack=7430 Win=79872 Len=0 TSval=3045558914 TSecr=2916039136"
"46751","35.060139107","192.168.1.2","192.168.1.55","TCP","66","36442  >  8004 [ACK] Seq=141 Ack=13222 Win=79872 Len=0 TSval=3045558914 TSecr=2916039136"
"46752","35.060210014","192.168.1.55","192.168.1.2","TCP","1514","8004  >  36442 [ACK] Seq=26254 Ack=141 Win=65024 Len=1448 TSval=2916039140 TSecr=3045558914 [TCP segment of a reassembled PDU]"
"46753","35.060215884","192.168.1.55","192.168.1.2","TCP","1514","8004  >  36442 [ACK] Seq=27702 Ack=141 Win=65024 Len=1448 TSval=2916039140 TSecr=3045558914 [TCP segment of a reassembled PDU]"
"46754","35.060218273","192.168.1.55","192.168.1.2","TCP","1514","8004  >  36442 [ACK] Seq=29150 Ack=141 Win=65024 Len=1448 TSval=2916039140 TSecr=3045558914 [TCP segment of a reassembled PDU]"
"46755","35.060220310","192.168.1.55","192.168.1.2","TCP","1514","8004  >  36442 [ACK] Seq=30598 Ack=141 Win=65024 Len=1448 TSval=2916039140 TSecr=3045558914 [TCP segment of a reassembled PDU]"
"46756","35.060223347","192.168.1.55","192.168.1.2","TCP","1514","8004  >  36442 [ACK] Seq=32046 Ack=141 Win=65024 Len=1448 TSval=2916039140 TSecr=3045558914 [TCP segment of a reassembled PDU]"
"46757","35.060228588","192.168.1.55","192.168.1.2","TCP","1514","8004  >  36442 [ACK] Seq=33494 Ack=141 Win=65024 Len=1448 TSval=2916039140 TSecr=3045558914 [TCP segment of a reassembled PDU]"
"46758","35.060231699","192.168.1.55","192.168.1.2","TCP","1514","8004  >  36442 [ACK] Seq=34942 Ack=141 Win=65024 Len=1448 TSval=2916039140 TSecr=3045558914 [TCP segment of a reassembled PDU]"
"46759","35.060234273","192.168.1.55","192.168.1.2","TCP","1514","8004  >  36442 [ACK] Seq=36390 Ack=141 Win=65024 Len=1448 TSval=2916039140 TSecr=3045558914 [TCP segment of a reassembled PDU]"
"46760","35.060236477","192.168.1.55","192.168.1.2","TCP","1514","8004  >  36442 [ACK] Seq=37838 Ack=141 Win=65024 Len=1448 TSval=2916039140 TSecr=3045558914 [TCP segment of a reassembled PDU]"
"46761","35.060238588","192.168.1.55","192.168.1.2","TCP","1514","8004  >  36442 [PSH, ACK] Seq=39286 Ack=141 Win=65024 Len=1448 TSval=2916039140 TSecr=3045558914 [TCP segment of a reassembled PDU]"
"46762","35.061151423","192.168.1.55","192.168.1.2","TCP","1514","8004  >  36442 [ACK] Seq=40734 Ack=141 Win=65024 Len=1448 TSval=2916039141 TSecr=3045558914 [TCP segment of a reassembled PDU]"
"46763","35.064834466","192.168.1.2","192.168.1.55","TCP","66","36442  >  8004 [ACK] Seq=141 Ack=16118 Win=84992 Len=0 TSval=3045558919 TSecr=2916039140"
"46764","35.064888688","192.168.1.55","192.168.1.2","TCP","1514","8004  >  36442 [ACK] Seq=42182 Ack=141 Win=65024 Len=1448 TSval=2916039145 TSecr=3045558919 [TCP segment of a reassembled PDU]"
"46765","35.064893855","192.168.1.55","192.168.1.2","TCP","1514","8004  >  36442 [PSH, ACK] Seq=43630 Ack=141 Win=65024 Len=1448 TSval=2916039145 TSecr=3045558919 [TCP segment of a reassembled PDU]"
"46766","35.065007281","192.168.1.2","192.168.1.55","TCP","66","36442  >  8004 [ACK] Seq=141 Ack=26254 Win=83968 Len=0 TSval=3045558919 TSecr=2916039140"
"46767","35.065064355","192.168.1.55","192.168.1.2","TCP","1514","8004  >  36442 [ACK] Seq=45078 Ack=141 Win=65024 Len=1448 TSval=2916039145 TSecr=3045558919 [TCP segment of a reassembled PDU]"
"46768","35.065068540","192.168.1.55","192.168.1.2","TCP","1514","8004  >  36442 [ACK] Seq=46526 Ack=141 Win=65024 Len=1448 TSval=2916039145 TSecr=3045558919 [TCP segment of a reassembled PDU]"
"46769","35.065069874","192.168.1.55","192.168.1.2","TCP","1514","8004  >  36442 [ACK] Seq=47974 Ack=141 Win=65024 Len=1448 TSval=2916039145 TSecr=3045558919 [TCP segment of a reassembled PDU]"
"46770","35.065071300","192.168.1.55","192.168.1.2","TCP","1514","8004  >  36442 [ACK] Seq=49422 Ack=141 Win=65024 Len=1448 TSval=2916039145 TSecr=3045558919 [TCP segment of a reassembled PDU]"
"46771","35.065072689","192.168.1.55","192.168.1.2","TCP","1514","8004  >  36442 [ACK] Seq=50870 Ack=141 Win=65024 Len=1448 TSval=2916039145 TSecr=3045558919 [TCP segment of a reassembled PDU]"
"46772","35.065074114","192.168.1.55","192.168.1.2","TCP","1514","8004  >  36442 [ACK] Seq=52318 Ack=141 Win=65024 Len=1448 TSval=2916039145 TSecr=3045558919 [TCP segment of a reassembled PDU]"
"46773","35.065076170","192.168.1.55","192.168.1.2","TCP","1514","8004  >  36442 [ACK] Seq=53766 Ack=141 Win=65024 Len=1448 TSval=2916039145 TSecr=3045558919 [TCP segment of a reassembled PDU]"
"46774","35.065078300","192.168.1.55","192.168.1.2","TCP","1514","8004  >  36442 [ACK] Seq=55214 Ack=141 Win=65024 Len=1448 TSval=2916039145 TSecr=3045558919 [TCP segment of a reassembled PDU]"
"46775","35.065079892","192.168.1.55","192.168.1.2","TCP","1514","8004  >  36442 [ACK] Seq=56662 Ack=141 Win=65024 Len=1448 TSval=2916039145 TSecr=3045558919 [TCP segment of a reassembled PDU]"
"46776","35.065081170","192.168.1.55","192.168.1.2","TCP","1514","8004  >  36442 [ACK] Seq=58110 Ack=141 Win=65024 Len=1448 TSval=2916039145 TSecr=3045558919 [TCP segment of a reassembled PDU]"
"46777","35.065082485","192.168.1.55","192.168.1.2","TCP","1514","8004  >  36442 [ACK] Seq=59558 Ack=141 Win=65024 Len=1448 TSval=2916039145 TSecr=3045558919 [TCP segment of a reassembled PDU]"
"46778","35.065083874","192.168.1.55","192.168.1.2","TCP","1514","8004  >  36442 [ACK] Seq=61006 Ack=141 Win=65024 Len=1448 TSval=2916039145 TSecr=3045558919 [TCP segment of a reassembled PDU]"
"46779","35.065085392","192.168.1.55","192.168.1.2","TCP","1514","8004  >  36442 [ACK] Seq=62454 Ack=141 Win=65024 Len=1448 TSval=2916039145 TSecr=3045558919 [TCP segment of a reassembled PDU]"
"46780","35.065087485","192.168.1.55","192.168.1.2","TCP","1514","8004  >  36442 [PSH, ACK] Seq=63902 Ack=141 Win=65024 Len=1448 TSval=2916039145 TSecr=3045558919 [TCP segment of a reassembled PDU]"
"46781","35.065094707","192.168.1.2","192.168.1.55","TCP","66","36442  >  8004 [ACK] Seq=141 Ack=36390 Win=74752 Len=0 TSval=3045558919 TSecr=2916039140"
"46782","35.065126374","192.168.1.55","192.168.1.2","TCP","1514","8004  >  36442 [ACK] Seq=65350 Ack=141 Win=65024 Len=1448 TSval=2916039145 TSecr=3045558919 [TCP segment of a reassembled PDU]"
"46783","35.065128559","192.168.1.55","192.168.1.2","TCP","1514","8004  >  36442 [ACK] Seq=66798 Ack=141 Win=65024 Len=1448 TSval=2916039145 TSecr=3045558919 [TCP segment of a reassembled PDU]"
"46784","35.065130040","192.168.1.55","192.168.1.2","TCP","1514","8004  >  36442 [ACK] Seq=68246 Ack=141 Win=65024 Len=1448 TSval=2916039145 TSecr=3045558919 [TCP segment of a reassembled PDU]"
"46785","35.065131392","192.168.1.55","192.168.1.2","TCP","1514","8004  >  36442 [ACK] Seq=69694 Ack=141 Win=65024 Len=1448 TSval=2916039145 TSecr=3045558919 [TCP segment of a reassembled PDU]"
"46786","35.065132707","192.168.1.55","192.168.1.2","TCP","1514","8004  >  36442 [ACK] Seq=71142 Ack=141 Win=65024 Len=1448 TSval=2916039145 TSecr=3045558919 [TCP segment of a reassembled PDU]"
"46787","35.065143578","192.168.1.55","192.168.1.2","TCP","1514","8004  >  36442 [ACK] Seq=72590 Ack=141 Win=65024 Len=1448 TSval=2916039145 TSecr=3045558919 [TCP segment of a reassembled PDU]"
"46788","35.065145559","192.168.1.55","192.168.1.2","TCP","1514","8004  >  36442 [ACK] Seq=74038 Ack=141 Win=65024 Len=1448 TSval=2916039145 TSecr=3045558919 [TCP segment of a reassembled PDU]"
"46789","35.065147744","192.168.1.55","192.168.1.2","TCP","1514","8004  >  36442 [PSH, ACK] Seq=75486 Ack=141 Win=65024 Len=1448 TSval=2916039145 TSecr=3045558919 [TCP segment of a reassembled PDU]"
"46790","35.066157283","192.168.1.55","192.168.1.2","TCP","1514","8004  >  36442 [ACK] Seq=76934 Ack=141 Win=65024 Len=1448 TSval=2916039146 TSecr=3045558919 [TCP segment of a reassembled PDU]"
"46791","35.066166190","192.168.1.55","192.168.1.2","TCP","1514","8004  >  36442 [ACK] Seq=78382 Ack=141 Win=65024 Len=1448 TSval=2916039146 TSecr=3045558919 [TCP segment of a reassembled PDU]"
"46792","35.066167931","192.168.1.55","192.168.1.2","TCP","1514","8004  >  36442 [ACK] Seq=79830 Ack=141 Win=65024 Len=1448 TSval=2916039146 TSecr=3045558919 [TCP segment of a reassembled PDU]"
"46793","35.066169783","192.168.1.55","192.168.1.2","TCP","1514","8004  >  36442 [ACK] Seq=81278 Ack=141 Win=65024 Len=1448 TSval=2916039146 TSecr=3045558919 [TCP segment of a reassembled PDU]"
"46794","35.066172783","192.168.1.55","192.168.1.2","TCP","1514","8004  >  36442 [ACK] Seq=82726 Ack=141 Win=65024 Len=1448 TSval=2916039146 TSecr=3045558919 [TCP segment of a reassembled PDU]"
"46795","35.066174542","192.168.1.55","192.168.1.2","TCP","1514","8004  >  36442 [ACK] Seq=84174 Ack=141 Win=65024 Len=1448 TSval=2916039146 TSecr=3045558919 [TCP segment of a reassembled PDU]"
"46796","35.066177468","192.168.1.55","192.168.1.2","TCP","1514","8004  >  36442 [ACK] Seq=85622 Ack=141 Win=65024 Len=1448 TSval=2916039146 TSecr=3045558919 [TCP segment of a reassembled PDU]"
"46797","35.066178875","192.168.1.55","192.168.1.2","TCP","1514","8004  >  36442 [PSH, ACK] Seq=87070 Ack=141 Win=65024 Len=1448 TSval=2916039146 TSecr=3045558919 [TCP segment of a reassembled PDU]"
"46798","35.067334785","192.168.1.2","192.168.1.55","TCP","66","36442  >  8004 [ACK] Seq=141 Ack=40734 Win=89088 Len=0 TSval=3045558920 TSecr=2916039140"
"46799","35.067389155","192.168.1.55","192.168.1.2","TCP","1514","8004  >  36442 [ACK] Seq=88518 Ack=141 Win=65024 Len=1448 TSval=2916039148 TSecr=3045558920 [TCP segment of a reassembled PDU]"
"46800","35.067393489","192.168.1.55","192.168.1.2","TCP","1514","8004  >  36442 [ACK] Seq=89966 Ack=141 Win=65024 Len=1448 TSval=2916039148 TSecr=3045558920 [TCP segment of a reassembled PDU]"
"46801","35.067395489","192.168.1.55","192.168.1.2","TCP","1514","8004  >  36442 [ACK] Seq=91414 Ack=141 Win=65024 Len=1448 TSval=2916039148 TSecr=3045558920 [TCP segment of a reassembled PDU]"
"46802","35.067397803","192.168.1.55","192.168.1.2","TCP","1514","8004  >  36442 [ACK] Seq=92862 Ack=141 Win=65024 Len=1448 TSval=2916039148 TSecr=3045558920 [TCP segment of a reassembled PDU]"
"46803","35.067400007","192.168.1.55","192.168.1.2","TCP","1514","8004  >  36442 [ACK] Seq=94310 Ack=141 Win=65024 Len=1448 TSval=2916039148 TSecr=3045558920 [TCP segment of a reassembled PDU]"
"46804","35.067401655","192.168.1.55","192.168.1.2","TCP","1514","8004  >  36442 [PSH, ACK] Seq=95758 Ack=141 Win=65024 Len=1448 TSval=2916039148 TSecr=3045558920 [TCP segment of a reassembled PDU]"
"46805","35.067459989","192.168.1.2","192.168.1.55","TCP","66","36442  >  8004 [ACK] Seq=141 Ack=42182 Win=88064 Len=0 TSval=3045558920 TSecr=2916039141"
"46806","35.071611625","192.168.1.2","192.168.1.55","TCP","66","36442  >  8004 [ACK] Seq=141 Ack=45078 Win=88064 Len=0 TSval=3045558926 TSecr=2916039145"
"46807","35.071636532","192.168.1.55","192.168.1.2","TCP","1514","8004  >  36442 [ACK] Seq=97206 Ack=141 Win=65024 Len=1448 TSval=2916039152 TSecr=3045558926 [TCP segment of a reassembled PDU]"
"46808","35.071640440","192.168.1.55","192.168.1.2","TCP","1514","8004  >  36442 [ACK] Seq=98654 Ack=141 Win=65024 Len=1448 TSval=2916039152 TSecr=3045558926 [TCP segment of a reassembled PDU]"
"46809","35.071641625","192.168.1.55","192.168.1.2","TCP","1514","8004  >  36442 [ACK] Seq=100102 Ack=141 Win=65024 Len=1448 TSval=2916039152 TSecr=3045558926 [TCP segment of a reassembled PDU]"
"46810","35.071642810","192.168.1.55","192.168.1.2","TCP","1514","8004  >  36442 [ACK] Seq=101550 Ack=141 Win=65024 Len=1448 TSval=2916039152 TSecr=3045558926 [TCP segment of a reassembled PDU]"
"46811","35.071643866","192.168.1.55","192.168.1.2","TCP","1514","8004  >  36442 [ACK] Seq=102998 Ack=141 Win=65024 Len=1448 TSval=2916039152 TSecr=3045558926 [TCP segment of a reassembled PDU]"
"46812","35.071644995","192.168.1.55","192.168.1.2","TCP","1514","8004  >  36442 [PSH, ACK] Seq=104446 Ack=141 Win=65024 Len=1448 TSval=2916039152 TSecr=3045558926 [TCP segment of a reassembled PDU]"
"46813","35.071977551","192.168.1.2","192.168.1.55","TCP","66","36442  >  8004 [ACK] Seq=141 Ack=61006 Win=77824 Len=0 TSval=3045558926 TSecr=2916039145"
"46814","35.071990792","192.168.1.55","192.168.1.2","TCP","1514","8004  >  36442 [ACK] Seq=105894 Ack=141 Win=65024 Len=1448 TSval=2916039152 TSecr=3045558926 [TCP segment of a reassembled PDU]"
"46815","35.071992403","192.168.1.55","192.168.1.2","TCP","1514","8004  >  36442 [ACK] Seq=107342 Ack=141 Win=65024 Len=1448 TSval=2916039152 TSecr=3045558926 [TCP segment of a reassembled PDU]"
"46816","35.071993607","192.168.1.55","192.168.1.2","TCP","1514","8004  >  36442 [ACK] Seq=108790 Ack=141 Win=65024 Len=1448 TSval=2916039152 TSecr=3045558926 [TCP segment of a reassembled PDU]"
"46817","35.071994700","192.168.1.55","192.168.1.2","TCP","1514","8004  >  36442 [ACK] Seq=110238 Ack=141 Win=65024 Len=1448 TSval=2916039152 TSecr=3045558926 [TCP segment of a reassembled PDU]"
"46818","35.071995866","192.168.1.55","192.168.1.2","TCP","1514","8004  >  36442 [ACK] Seq=111686 Ack=141 Win=65024 Len=1448 TSval=2916039152 TSecr=3045558926 [TCP segment of a reassembled PDU]"
"46819","35.071997033","192.168.1.55","192.168.1.2","TCP","1514","8004  >  36442 [ACK] Seq=113134 Ack=141 Win=65024 Len=1448 TSval=2916039152 TSecr=3045558926 [TCP segment of a reassembled PDU]"
"46820","35.071998107","192.168.1.55","192.168.1.2","TCP","1514","8004  >  36442 [PSH, ACK] Seq=114582 Ack=141 Win=65024 Len=1448 TSval=2916039152 TSecr=3045558926 [TCP segment of a reassembled PDU]"
"46821","35.072002107","192.168.1.2","192.168.1.55","TCP","66","36442  >  8004 [ACK] Seq=141 Ack=76934 Win=62464 Len=0 TSval=3045558926 TSecr=2916039145"
"46822","35.072032311","192.168.1.55","192.168.1.2","TCP","1514","8004  >  36442 [ACK] Seq=116030 Ack=141 Win=65024 Len=1448 TSval=2916039152 TSecr=3045558926 [TCP segment of a reassembled PDU]"
"46823","35.072034070","192.168.1.55","192.168.1.2","TCP","1514","8004  >  36442 [ACK] Seq=117478 Ack=141 Win=65024 Len=1448 TSval=2916039152 TSecr=3045558926 [TCP segment of a reassembled PDU]"
"46824","35.072035200","192.168.1.55","192.168.1.2","TCP","1514","8004  >  36442 [ACK] Seq=118926 Ack=141 Win=65024 Len=1448 TSval=2916039152 TSecr=3045558926 [TCP segment of a reassembled PDU]"
"46825","35.072036348","192.168.1.55","192.168.1.2","TCP","1514","8004  >  36442 [ACK] Seq=120374 Ack=141 Win=65024 Len=1448 TSval=2916039152 TSecr=3045558926 [TCP segment of a reassembled PDU]"
"46826","35.072038089","192.168.1.55","192.168.1.2","TCP","1514","8004  >  36442 [ACK] Seq=121822 Ack=141 Win=65024 Len=1448 TSval=2916039152 TSecr=3045558926 [TCP segment of a reassembled PDU]"
"46827","35.072039237","192.168.1.55","192.168.1.2","TCP","1514","8004  >  36442 [ACK] Seq=123270 Ack=141 Win=65024 Len=1448 TSval=2916039152 TSecr=3045558926 [TCP segment of a reassembled PDU]"
"46828","35.072040403","192.168.1.55","192.168.1.2","TCP","1514","8004  >  36442 [ACK] Seq=124718 Ack=141 Win=65024 Len=1448 TSval=2916039152 TSecr=3045558926 [TCP segment of a reassembled PDU]"
"46829","35.072041700","192.168.1.55","192.168.1.2","TCP","1514","8004  >  36442 [ACK] Seq=126166 Ack=141 Win=65024 Len=1448 TSval=2916039152 TSecr=3045558926 [TCP segment of a reassembled PDU]"
"46830","35.072043052","192.168.1.55","192.168.1.2","TCP","1514","8004  >  36442 [ACK] Seq=127614 Ack=141 Win=65024 Len=1448 TSval=2916039152 TSecr=3045558926 [TCP segment of a reassembled PDU]"
"46831","35.072044237","192.168.1.55","192.168.1.2","TCP","1514","8004  >  36442 [ACK] Seq=129062 Ack=141 Win=65024 Len=1448 TSval=2916039152 TSecr=3045558926 [TCP segment of a reassembled PDU]"
"46832","35.072045552","192.168.1.55","192.168.1.2","TCP","1514","8004  >  36442 [ACK] Seq=130510 Ack=141 Win=65024 Len=1448 TSval=2916039152 TSecr=3045558926 [TCP segment of a reassembled PDU]"
"46833","35.072046737","192.168.1.55","192.168.1.2","TCP","1514","8004  >  36442 [ACK] Seq=131958 Ack=141 Win=65024 Len=1448 TSval=2916039152 TSecr=3045558926 [TCP segment of a reassembled PDU]"
"46834","35.072047829","192.168.1.55","192.168.1.2","TCP","1514","8004  >  36442 [ACK] Seq=133406 Ack=141 Win=65024 Len=1448 TSval=2916039152 TSecr=3045558926 [TCP segment of a reassembled PDU]"
"46835","35.072049144","192.168.1.55","192.168.1.2","TCP","1514","8004  >  36442 [ACK] Seq=134854 Ack=141 Win=65024 Len=1448 TSval=2916039152 TSecr=3045558926 [TCP segment of a reassembled PDU]"
"46836","35.072050292","192.168.1.55","192.168.1.2","TCP","1514","8004  >  36442 [ACK] Seq=136302 Ack=141 Win=65024 Len=1448 TSval=2916039152 TSecr=3045558926 [TCP segment of a reassembled PDU]"
"46837","35.072051422","192.168.1.55","192.168.1.2","TCP","1514","8004  >  36442 [ACK] Seq=137750 Ack=141 Win=65024 Len=1448 TSval=2916039152 TSecr=3045558926 [TCP segment of a reassembled PDU]"
"46838","35.072052829","192.168.1.55","192.168.1.2","TCP","266","[TCP Window Full] 8004  >  36442 [PSH, ACK] Seq=139198 Ack=141 Win=65024 Len=200 TSval=2916039152 TSecr=3045558926 [TCP segment of a reassembled PDU]"
"46839","35.072058829","192.168.1.2","192.168.1.55","TCP","66","36442  >  8004 [ACK] Seq=141 Ack=88518 Win=51200 Len=0 TSval=3045558926 TSecr=2916039146"
"46840","35.072065626","192.168.1.2","192.168.1.55","TCP","66","36442  >  8004 [ACK] Seq=141 Ack=97206 Win=84992 Len=0 TSval=3045558926 TSecr=2916039148"
"46841","35.072109459","192.168.1.55","192.168.1.2","TCP","1514","8004  >  36442 [ACK] Seq=139398 Ack=141 Win=65024 Len=1448 TSval=2916039152 TSecr=3045558926 [TCP segment of a reassembled PDU]"
"46842","35.072112589","192.168.1.55","192.168.1.2","TCP","1514","8004  >  36442 [ACK] Seq=140846 Ack=141 Win=65024 Len=1448 TSval=2916039152 TSecr=3045558926 [TCP segment of a reassembled PDU]"
"46843","35.072113848","192.168.1.55","192.168.1.2","TCP","1514","8004  >  36442 [ACK] Seq=142294 Ack=141 Win=65024 Len=1448 TSval=2916039152 TSecr=3045558926 [TCP segment of a reassembled PDU]"
"46844","35.072114959","192.168.1.55","192.168.1.2","TCP","1514","8004  >  36442 [ACK] Seq=143742 Ack=141 Win=65024 Len=1448 TSval=2916039152 TSecr=3045558926 [TCP segment of a reassembled PDU]"
"46845","35.072116144","192.168.1.55","192.168.1.2","TCP","1514","8004  >  36442 [ACK] Seq=145190 Ack=141 Win=65024 Len=1448 TSval=2916039152 TSecr=3045558926 [TCP segment of a reassembled PDU]"
"46846","35.072117459","192.168.1.55","192.168.1.2","TCP","1514","8004  >  36442 [ACK] Seq=146638 Ack=141 Win=65024 Len=1448 TSval=2916039152 TSecr=3045558926 [TCP segment of a reassembled PDU]"
"46847","35.072118644","192.168.1.55","192.168.1.2","TCP","1514","8004  >  36442 [ACK] Seq=148086 Ack=141 Win=65024 Len=1448 TSval=2916039152 TSecr=3045558926 [TCP segment of a reassembled PDU]"
"46848","35.072119718","192.168.1.55","192.168.1.2","TCP","1514","8004  >  36442 [ACK] Seq=149534 Ack=141 Win=65024 Len=1448 TSval=2916039152 TSecr=3045558926 [TCP segment of a reassembled PDU]"
"46849","35.072120941","192.168.1.55","192.168.1.2","TCP","1514","8004  >  36442 [ACK] Seq=150982 Ack=141 Win=65024 Len=1448 TSval=2916039152 TSecr=3045558926 [TCP segment of a reassembled PDU]"
"46850","35.072122107","192.168.1.55","192.168.1.2","TCP","1514","8004  >  36442 [PSH, ACK] Seq=152430 Ack=141 Win=65024 Len=1448 TSval=2916039152 TSecr=3045558926 [TCP segment of a reassembled PDU]"
"46851","35.072129292","192.168.1.55","192.168.1.2","TCP","1314","8004  >  36442 [ACK] Seq=153878 Ack=141 Win=65024 Len=1248 TSval=2916039152 TSecr=3045558926 [TCP segment of a reassembled PDU]"
"46852","35.072157867","192.168.1.55","192.168.1.2","TCP","1514","8004  >  36442 [ACK] Seq=155126 Ack=141 Win=65024 Len=1448 TSval=2916039152 TSecr=3045558926 [TCP segment of a reassembled PDU]"
"46853","35.072159867","192.168.1.55","192.168.1.2","TCP","1514","8004  >  36442 [ACK] Seq=156574 Ack=141 Win=65024 Len=1448 TSval=2916039152 TSecr=3045558926 [TCP segment of a reassembled PDU]"
"46854","35.072160922","192.168.1.55","192.168.1.2","TCP","1514","8004  >  36442 [ACK] Seq=158022 Ack=141 Win=65024 Len=1448 TSval=2916039152 TSecr=3045558926 [TCP segment of a reassembled PDU]"
"46855","35.072162163","192.168.1.55","192.168.1.2","TCP","1514","8004  >  36442 [ACK] Seq=159470 Ack=141 Win=65024 Len=1448 TSval=2916039152 TSecr=3045558926 [TCP segment of a reassembled PDU]"
"46856","35.072163237","192.168.1.55","192.168.1.2","TCP","1514","8004  >  36442 [ACK] Seq=160918 Ack=141 Win=65024 Len=1448 TSval=2916039152 TSecr=3045558926 [TCP segment of a reassembled PDU]"
"46857","35.072164367","192.168.1.55","192.168.1.2","TCP","1514","8004  >  36442 [ACK] Seq=162366 Ack=141 Win=65024 Len=1448 TSval=2916039152 TSecr=3045558926 [TCP segment of a reassembled PDU]"
"46858","35.072165459","192.168.1.55","192.168.1.2","TCP","1514","8004  >  36442 [ACK] Seq=163814 Ack=141 Win=65024 Len=1448 TSval=2916039152 TSecr=3045558926 [TCP segment of a reassembled PDU]"
"46859","35.072166663","192.168.1.55","192.168.1.2","TCP","1514","8004  >  36442 [ACK] Seq=165262 Ack=141 Win=65024 Len=1448 TSval=2916039152 TSecr=3045558926 [TCP segment of a reassembled PDU]"
"46860","35.072167922","192.168.1.55","192.168.1.2","TCP","1514","8004  >  36442 [ACK] Seq=166710 Ack=141 Win=65024 Len=1448 TSval=2916039152 TSecr=3045558926 [TCP segment of a reassembled PDU]"
"46861","35.072169330","192.168.1.55","192.168.1.2","TCP","1514","8004  >  36442 [ACK] Seq=168158 Ack=141 Win=65024 Len=1448 TSval=2916039152 TSecr=3045558926 [TCP segment of a reassembled PDU]"
"46862","35.072170422","192.168.1.55","192.168.1.2","TCP","1514","8004  >  36442 [ACK] Seq=169606 Ack=141 Win=65024 Len=1448 TSval=2916039152 TSecr=3045558926 [TCP segment of a reassembled PDU]"
"46863","35.072171626","192.168.1.55","192.168.1.2","TCP","1514","8004  >  36442 [ACK] Seq=171054 Ack=141 Win=65024 Len=1448 TSval=2916039152 TSecr=3045558926 [TCP segment of a reassembled PDU]"
"46864","35.072172681","192.168.1.55","192.168.1.2","TCP","1514","8004  >  36442 [ACK] Seq=172502 Ack=141 Win=65024 Len=1448 TSval=2916039152 TSecr=3045558926 [TCP segment of a reassembled PDU]"
"46865","35.072173885","192.168.1.55","192.168.1.2","TCP","1514","8004  >  36442 [ACK] Seq=173950 Ack=141 Win=65024 Len=1448 TSval=2916039152 TSecr=3045558926 [TCP segment of a reassembled PDU]"
"46866","35.072175089","192.168.1.55","192.168.1.2","TCP","1514","8004  >  36442 [ACK] Seq=175398 Ack=141 Win=65024 Len=1448 TSval=2916039152 TSecr=3045558926 [TCP segment of a reassembled PDU]"
"46867","35.072176348","192.168.1.55","192.168.1.2","TCP","1514","8004  >  36442 [ACK] Seq=176846 Ack=141 Win=65024 Len=1448 TSval=2916039152 TSecr=3045558926 [TCP segment of a reassembled PDU]"
"46868","35.072177774","192.168.1.55","192.168.1.2","TCP","1514","8004  >  36442 [ACK] Seq=178294 Ack=141 Win=65024 Len=1448 TSval=2916039152 TSecr=3045558926 [TCP segment of a reassembled PDU]"
"46869","35.072178941","192.168.1.55","192.168.1.2","TCP","1514","8004  >  36442 [PSH, ACK] Seq=179742 Ack=141 Win=65024 Len=1448 TSval=2916039152 TSecr=3045558926 [TCP segment of a reassembled PDU]"
"46870","35.081276381","192.168.1.2","192.168.1.55","TCP","66","36442  >  8004 [ACK] Seq=141 Ack=98654 Win=90112 Len=0 TSval=3045558928 TSecr=2916039152"
"46871","35.081313159","192.168.1.55","192.168.1.2","TCP","1514","8004  >  36442 [ACK] Seq=181190 Ack=141 Win=65024 Len=1448 TSval=2916039162 TSecr=3045558928 [TCP segment of a reassembled PDU]"
"46872","35.081316622","192.168.1.55","192.168.1.2","TCP","1514","8004  >  36442 [ACK] Seq=182638 Ack=141 Win=65024 Len=1448 TSval=2916039162 TSecr=3045558928 [TCP segment of a reassembled PDU]"
"46873","35.081317529","192.168.1.55","192.168.1.2","TCP","1514","8004  >  36442 [ACK] Seq=184086 Ack=141 Win=65024 Len=1448 TSval=2916039162 TSecr=3045558928 [TCP segment of a reassembled PDU]"
"46874","35.081318511","192.168.1.55","192.168.1.2","TCP","1514","8004  >  36442 [ACK] Seq=185534 Ack=141 Win=65024 Len=1448 TSval=2916039162 TSecr=3045558928 [TCP segment of a reassembled PDU]"
"46875","35.081319381","192.168.1.55","192.168.1.2","TCP","1514","8004  >  36442 [PSH, ACK] Seq=186982 Ack=141 Win=65024 Len=1448 TSval=2916039162 TSecr=3045558928 [TCP segment of a reassembled PDU]"
"46876","35.081349455","192.168.1.2","192.168.1.55","TCP","66","36442  >  8004 [ACK] Seq=141 Ack=101550 Win=95232 Len=0 TSval=3045558929 TSecr=2916039152"
"46877","35.082707069","192.168.1.2","192.168.1.55","TCP","66","36442  >  8004 [ACK] Seq=141 Ack=105894 Win=101376 Len=0 TSval=3045558936 TSecr=2916039152"
"46878","35.082760717","192.168.1.55","192.168.1.2","TCP","1514","8004  >  36442 [ACK] Seq=188430 Ack=141 Win=65024 Len=1448 TSval=2916039163 TSecr=3045558936 [TCP segment of a reassembled PDU]"
"46879","35.082767402","192.168.1.55","192.168.1.2","TCP","1514","8004  >  36442 [ACK] Seq=189878 Ack=141 Win=65024 Len=1448 TSval=2916039163 TSecr=3045558936 [TCP segment of a reassembled PDU]"
"46880","35.082769698","192.168.1.55","192.168.1.2","TCP","1514","8004  >  36442 [ACK] Seq=191326 Ack=141 Win=65024 Len=1448 TSval=2916039163 TSecr=3045558936 [TCP segment of a reassembled PDU]"
"46881","35.082772050","192.168.1.55","192.168.1.2","TCP","1514","8004  >  36442 [ACK] Seq=192774 Ack=141 Win=65024 Len=1448 TSval=2916039163 TSecr=3045558936 [TCP segment of a reassembled PDU]"
"46882","35.082773754","192.168.1.55","192.168.1.2","TCP","1514","8004  >  36442 [ACK] Seq=194222 Ack=141 Win=65024 Len=1448 TSval=2916039163 TSecr=3045558936 [TCP segment of a reassembled PDU]"
"46883","35.082775846","192.168.1.55","192.168.1.2","TCP","1514","8004  >  36442 [PSH, ACK] Seq=195670 Ack=141 Win=65024 Len=1448 TSval=2916039163 TSecr=3045558936 [TCP segment of a reassembled PDU]"
"46884","35.082866810","192.168.1.2","192.168.1.55","TCP","66","36442  >  8004 [ACK] Seq=141 Ack=116030 Win=98304 Len=0 TSval=3045558937 TSecr=2916039152"
"46885","35.082872569","192.168.1.2","192.168.1.55","TCP","66","36442  >  8004 [ACK] Seq=141 Ack=137750 Win=77824 Len=0 TSval=3045558937 TSecr=2916039152"
"46886","35.082877976","192.168.1.2","192.168.1.55","TCP","66","36442  >  8004 [ACK] Seq=141 Ack=139398 Win=104448 Len=0 TSval=3045558937 TSecr=2916039152"
"46887","35.082939587","192.168.1.55","192.168.1.2","TCP","1514","8004  >  36442 [ACK] Seq=197118 Ack=141 Win=65024 Len=1448 TSval=2916039163 TSecr=3045558937 [TCP segment of a reassembled PDU]"
"46888","35.082943180","192.168.1.55","192.168.1.2","TCP","1514","8004  >  36442 [ACK] Seq=198566 Ack=141 Win=65024 Len=1448 TSval=2916039163 TSecr=3045558937 [TCP segment of a reassembled PDU]"
"46889","35.082944921","192.168.1.55","192.168.1.2","TCP","1514","8004  >  36442 [ACK] Seq=200014 Ack=141 Win=65024 Len=1448 TSval=2916039163 TSecr=3045558937 [TCP segment of a reassembled PDU]"
"46890","35.082946143","192.168.1.55","192.168.1.2","TCP","1514","8004  >  36442 [ACK] Seq=201462 Ack=141 Win=65024 Len=1448 TSval=2916039163 TSecr=3045558937 [TCP segment of a reassembled PDU]"
"46891","35.082947273","192.168.1.55","192.168.1.2","TCP","1514","8004  >  36442 [ACK] Seq=202910 Ack=141 Win=65024 Len=1448 TSval=2916039163 TSecr=3045558937 [TCP segment of a reassembled PDU]"
"46892","35.082948402","192.168.1.55","192.168.1.2","TCP","1514","8004  >  36442 [ACK] Seq=204358 Ack=141 Win=65024 Len=1448 TSval=2916039163 TSecr=3045558937 [TCP segment of a reassembled PDU]"
"46893","35.082950069","192.168.1.55","192.168.1.2","TCP","1514","8004  >  36442 [ACK] Seq=205806 Ack=141 Win=65024 Len=1448 TSval=2916039163 TSecr=3045558937 [TCP segment of a reassembled PDU]"
"46894","35.082951088","192.168.1.55","192.168.1.2","TCP","1514","8004  >  36442 [ACK] Seq=207254 Ack=141 Win=65024 Len=1448 TSval=2916039163 TSecr=3045558937 [TCP segment of a reassembled PDU]"
"46895","35.082952606","192.168.1.55","192.168.1.2","TCP","1514","8004  >  36442 [ACK] Seq=208702 Ack=141 Win=65024 Len=1448 TSval=2916039163 TSecr=3045558937 [TCP segment of a reassembled PDU]"
"46896","35.082954236","192.168.1.55","192.168.1.2","TCP","1514","8004  >  36442 [ACK] Seq=210150 Ack=141 Win=65024 Len=1448 TSval=2916039163 TSecr=3045558937 [TCP segment of a reassembled PDU]"
"46897","35.082956199","192.168.1.55","192.168.1.2","TCP","1514","8004  >  36442 [ACK] Seq=211598 Ack=141 Win=65024 Len=1448 TSval=2916039163 TSecr=3045558937 [TCP segment of a reassembled PDU]"
"46898","35.082957291","192.168.1.55","192.168.1.2","TCP","1514","8004  >  36442 [ACK] Seq=213046 Ack=141 Win=65024 Len=1448 TSval=2916039163 TSecr=3045558937 [TCP segment of a reassembled PDU]"
"46899","35.082959384","192.168.1.55","192.168.1.2","TCP","1514","8004  >  36442 [ACK] Seq=214494 Ack=141 Win=65024 Len=1448 TSval=2916039163 TSecr=3045558937 [TCP segment of a reassembled PDU]"
"46900","35.082960328","192.168.1.55","192.168.1.2","TCP","1514","8004  >  36442 [ACK] Seq=215942 Ack=141 Win=65024 Len=1448 TSval=2916039163 TSecr=3045558937 [TCP segment of a reassembled PDU]"
"46901","35.082961439","192.168.1.55","192.168.1.2","TCP","1514","8004  >  36442 [ACK] Seq=217390 Ack=141 Win=65024 Len=1448 TSval=2916039163 TSecr=3045558937 [TCP segment of a reassembled PDU]"
"46902","35.082962625","192.168.1.55","192.168.1.2","TCP","1514","8004  >  36442 [ACK] Seq=218838 Ack=141 Win=65024 Len=1448 TSval=2916039163 TSecr=3045558937 [TCP segment of a reassembled PDU]"
"46903","35.082963902","192.168.1.55","192.168.1.2","TCP","1514","8004  >  36442 [ACK] Seq=220286 Ack=141 Win=65024 Len=1448 TSval=2916039163 TSecr=3045558937 [TCP segment of a reassembled PDU]"
"46904","35.082966402","192.168.1.55","192.168.1.2","TCP","1514","8004  >  36442 [ACK] Seq=221734 Ack=141 Win=65024 Len=1448 TSval=2916039163 TSecr=3045558937 [TCP segment of a reassembled PDU]"
"46905","35.082967865","192.168.1.55","192.168.1.2","TCP","1514","8004  >  36442 [ACK] Seq=223182 Ack=141 Win=65024 Len=1448 TSval=2916039163 TSecr=3045558937 [TCP segment of a reassembled PDU]"
"46906","35.082969606","192.168.1.55","192.168.1.2","TCP","1514","8004  >  36442 [ACK] Seq=224630 Ack=141 Win=65024 Len=1448 TSval=2916039163 TSecr=3045558937 [TCP segment of a reassembled PDU]"
"46907","35.082972162","192.168.1.55","192.168.1.2","TCP","1514","8004  >  36442 [ACK] Seq=226078 Ack=141 Win=65024 Len=1448 TSval=2916039163 TSecr=3045558937 [TCP segment of a reassembled PDU]"
"46908","35.082975643","192.168.1.55","192.168.1.2","TCP","1514","8004  >  36442 [ACK] Seq=227526 Ack=141 Win=65024 Len=1448 TSval=2916039163 TSecr=3045558937 [TCP segment of a reassembled PDU]"
"46909","35.082976958","192.168.1.55","192.168.1.2","TCP","1514","8004  >  36442 [ACK] Seq=228974 Ack=141 Win=65024 Len=1448 TSval=2916039163 TSecr=3045558937 [TCP segment of a reassembled PDU]"
"46910","35.082978291","192.168.1.55","192.168.1.2","TCP","1514","8004  >  36442 [ACK] Seq=230422 Ack=141 Win=65024 Len=1448 TSval=2916039163 TSecr=3045558937 [TCP segment of a reassembled PDU]"
"46911","35.082980180","192.168.1.55","192.168.1.2","TCP","1514","8004  >  36442 [ACK] Seq=231870 Ack=141 Win=65024 Len=1448 TSval=2916039163 TSecr=3045558937 [TCP segment of a reassembled PDU]"
"46912","35.082982180","192.168.1.55","192.168.1.2","TCP","1514","8004  >  36442 [ACK] Seq=233318 Ack=141 Win=65024 Len=1448 TSval=2916039163 TSecr=3045558937 [TCP segment of a reassembled PDU]"
"46913","35.082983569","192.168.1.55","192.168.1.2","TCP","1514","8004  >  36442 [ACK] Seq=234766 Ack=141 Win=65024 Len=1448 TSval=2916039163 TSecr=3045558937 [TCP segment of a reassembled PDU]"
"46914","35.082986162","192.168.1.55","192.168.1.2","TCP","1514","8004  >  36442 [ACK] Seq=236214 Ack=141 Win=65024 Len=1448 TSval=2916039163 TSecr=3045558937 [TCP segment of a reassembled PDU]"
"46915","35.082987773","192.168.1.55","192.168.1.2","TCP","1514","8004  >  36442 [PSH, ACK] Seq=237662 Ack=141 Win=65024 Len=1448 TSval=2916039163 TSecr=3045558937 [TCP segment of a reassembled PDU]"
"46916","35.082993532","192.168.1.2","192.168.1.55","TCP","66","36442  >  8004 [ACK] Seq=141 Ack=153878 Win=92160 Len=0 TSval=3045558937 TSecr=2916039152"
"46917","35.083044588","192.168.1.2","192.168.1.55","TCP","66","36442  >  8004 [ACK] Seq=141 Ack=155126 Win=106496 Len=0 TSval=3045558937 TSecr=2916039152"
"46918","35.083049699","192.168.1.2","192.168.1.55","TCP","66","36442  >  8004 [ACK] Seq=141 Ack=175398 Win=87040 Len=0 TSval=3045558937 TSecr=2916039152"
"46919","35.086463630","192.168.1.2","192.168.1.55","TCP","66","36442  >  8004 [ACK] Seq=141 Ack=181190 Win=98304 Len=0 TSval=3045558938 TSecr=2916039152"
"46920","35.086516001","192.168.1.55","192.168.1.2","TCP","1514","8004  >  36442 [ACK] Seq=239110 Ack=141 Win=65024 Len=1448 TSval=2916039167 TSecr=3045558938 [TCP segment of a reassembled PDU]"
"46921","35.086519519","192.168.1.55","192.168.1.2","TCP","1514","8004  >  36442 [ACK] Seq=240558 Ack=141 Win=65024 Len=1448 TSval=2916039167 TSecr=3045558938 [TCP segment of a reassembled PDU]"
"46922","35.086520890","192.168.1.55","192.168.1.2","TCP","1514","8004  >  36442 [ACK] Seq=242006 Ack=141 Win=65024 Len=1448 TSval=2916039167 TSecr=3045558938 [TCP segment of a reassembled PDU]"
"46923","35.086522130","192.168.1.55","192.168.1.2","TCP","1514","8004  >  36442 [ACK] Seq=243454 Ack=141 Win=65024 Len=1448 TSval=2916039167 TSecr=3045558938 [TCP segment of a reassembled PDU]"
"46924","35.086523278","192.168.1.55","192.168.1.2","TCP","1514","8004  >  36442 [ACK] Seq=244902 Ack=141 Win=65024 Len=1448 TSval=2916039167 TSecr=3045558938 [TCP segment of a reassembled PDU]"
"46925","35.086524464","192.168.1.55","192.168.1.2","TCP","1514","8004  >  36442 [ACK] Seq=246350 Ack=141 Win=65024 Len=1448 TSval=2916039167 TSecr=3045558938 [TCP segment of a reassembled PDU]"
"46926","35.086525871","192.168.1.55","192.168.1.2","TCP","1514","8004  >  36442 [ACK] Seq=247798 Ack=141 Win=65024 Len=1448 TSval=2916039167 TSecr=3045558938 [TCP segment of a reassembled PDU]"
"46927","35.086526927","192.168.1.55","192.168.1.2","TCP","1514","8004  >  36442 [ACK] Seq=249246 Ack=141 Win=65024 Len=1448 TSval=2916039167 TSecr=3045558938 [TCP segment of a reassembled PDU]"
"46928","35.086528019","192.168.1.55","192.168.1.2","TCP","1514","8004  >  36442 [ACK] Seq=250694 Ack=141 Win=65024 Len=1448 TSval=2916039167 TSecr=3045558938 [TCP segment of a reassembled PDU]"
"46929","35.086529297","192.168.1.55","192.168.1.2","TCP","1514","8004  >  36442 [ACK] Seq=252142 Ack=141 Win=65024 Len=1448 TSval=2916039167 TSecr=3045558938 [TCP segment of a reassembled PDU]"
"46930","35.086530612","192.168.1.55","192.168.1.2","TCP","1514","8004  >  36442 [ACK] Seq=253590 Ack=141 Win=65024 Len=1448 TSval=2916039167 TSecr=3045558938 [TCP segment of a reassembled PDU]"
"46931","35.086531649","192.168.1.55","192.168.1.2","TCP","1514","8004  >  36442 [ACK] Seq=255038 Ack=141 Win=65024 Len=1448 TSval=2916039167 TSecr=3045558938 [TCP segment of a reassembled PDU]"
"46932","35.086532704","192.168.1.55","192.168.1.2","TCP","1514","8004  >  36442 [ACK] Seq=256486 Ack=141 Win=65024 Len=1448 TSval=2916039167 TSecr=3045558938 [TCP segment of a reassembled PDU]"
"46933","35.086533741","192.168.1.55","192.168.1.2","TCP","1514","8004  >  36442 [ACK] Seq=257934 Ack=141 Win=65024 Len=1448 TSval=2916039167 TSecr=3045558938 [TCP segment of a reassembled PDU]"
"46934","35.086534871","192.168.1.55","192.168.1.2","TCP","1514","8004  >  36442 [ACK] Seq=259382 Ack=141 Win=65024 Len=1448 TSval=2916039167 TSecr=3045558938 [TCP segment of a reassembled PDU]"
"46935","35.086535815","192.168.1.55","192.168.1.2","TCP","1514","8004  >  36442 [ACK] Seq=260830 Ack=141 Win=65024 Len=1448 TSval=2916039167 TSecr=3045558938 [TCP segment of a reassembled PDU]"
"46936","35.086537149","192.168.1.55","192.168.1.2","TCP","1514","8004  >  36442 [ACK] Seq=262278 Ack=141 Win=65024 Len=1448 TSval=2916039167 TSecr=3045558938 [TCP segment of a reassembled PDU]"
"46937","35.086538056","192.168.1.55","192.168.1.2","TCP","1514","8004  >  36442 [ACK] Seq=263726 Ack=141 Win=65024 Len=1448 TSval=2916039167 TSecr=3045558938 [TCP segment of a reassembled PDU]"
"46938","35.086539353","192.168.1.55","192.168.1.2","TCP","1514","8004  >  36442 [ACK] Seq=265174 Ack=141 Win=65024 Len=1448 TSval=2916039167 TSecr=3045558938 [TCP segment of a reassembled PDU]"
"46939","35.086540741","192.168.1.55","192.168.1.2","TCP","1514","8004  >  36442 [ACK] Seq=266622 Ack=141 Win=65024 Len=1448 TSval=2916039167 TSecr=3045558938 [TCP segment of a reassembled PDU]"
"46940","35.086541778","192.168.1.55","192.168.1.2","TCP","1514","8004  >  36442 [ACK] Seq=268070 Ack=141 Win=65024 Len=1448 TSval=2916039167 TSecr=3045558938 [TCP segment of a reassembled PDU]"
"46941","35.086542945","192.168.1.55","192.168.1.2","TCP","1514","8004  >  36442 [ACK] Seq=269518 Ack=141 Win=65024 Len=1448 TSval=2916039167 TSecr=3045558938 [TCP segment of a reassembled PDU]"
"46942","35.086543964","192.168.1.55","192.168.1.2","TCP","1514","8004  >  36442 [ACK] Seq=270966 Ack=141 Win=65024 Len=1448 TSval=2916039167 TSecr=3045558938 [TCP segment of a reassembled PDU]"
"46943","35.086545371","192.168.1.55","192.168.1.2","TCP","1514","8004  >  36442 [ACK] Seq=272414 Ack=141 Win=65024 Len=1448 TSval=2916039167 TSecr=3045558938 [TCP segment of a reassembled PDU]"
"46944","35.086546353","192.168.1.55","192.168.1.2","TCP","1514","8004  >  36442 [ACK] Seq=273862 Ack=141 Win=65024 Len=1448 TSval=2916039167 TSecr=3045558938 [TCP segment of a reassembled PDU]"
"46945","35.086547241","192.168.1.55","192.168.1.2","TCP","1514","8004  >  36442 [ACK] Seq=275310 Ack=141 Win=65024 Len=1448 TSval=2916039167 TSecr=3045558938 [TCP segment of a reassembled PDU]"
"46946","35.086548797","192.168.1.55","192.168.1.2","TCP","1514","8004  >  36442 [ACK] Seq=276758 Ack=141 Win=65024 Len=1448 TSval=2916039167 TSecr=3045558938 [TCP segment of a reassembled PDU]"
"46947","35.086549945","192.168.1.55","192.168.1.2","TCP","1354","[TCP Window Full] 8004  >  36442 [PSH, ACK] Seq=278206 Ack=141 Win=65024 Len=1288 TSval=2916039167 TSecr=3045558938 [TCP segment of a reassembled PDU]"
"46948","35.091340082","192.168.1.2","192.168.1.55","TCP","66","36442  >  8004 [ACK] Seq=141 Ack=188430 Win=120832 Len=0 TSval=3045558942 TSecr=2916039162"
"46949","35.091360749","192.168.1.55","192.168.1.2","TCP","1514","8004  >  36442 [ACK] Seq=279494 Ack=141 Win=65024 Len=1448 TSval=2916039172 TSecr=3045558942 [TCP segment of a reassembled PDU]"
"46950","35.091367045","192.168.1.55","192.168.1.2","TCP","226","8004  >  36442 [ACK] Seq=280942 Ack=141 Win=65024 Len=160 TSval=2916039172 TSecr=3045558942 [TCP segment of a reassembled PDU]"
"46951","35.091515731","192.168.1.2","192.168.1.55","TCP","66","36442  >  8004 [ACK] Seq=141 Ack=197118 Win=134144 Len=0 TSval=3045558942 TSecr=2916039163"
"46952","35.091549786","192.168.1.55","192.168.1.2","TCP","1514","8004  >  36442 [ACK] Seq=281102 Ack=141 Win=65024 Len=1448 TSval=2916039172 TSecr=3045558942 [TCP segment of a reassembled PDU]"
"46953","35.091552249","192.168.1.55","192.168.1.2","TCP","1514","8004  >  36442 [ACK] Seq=282550 Ack=141 Win=65024 Len=1448 TSval=2916039172 TSecr=3045558942 [TCP segment of a reassembled PDU]"
"46954","35.091553305","192.168.1.55","192.168.1.2","TCP","1514","8004  >  36442 [ACK] Seq=283998 Ack=141 Win=65024 Len=1448 TSval=2916039172 TSecr=3045558942 [TCP segment of a reassembled PDU]"
"46955","35.091554286","192.168.1.55","192.168.1.2","TCP","1514","8004  >  36442 [ACK] Seq=285446 Ack=141 Win=65024 Len=1448 TSval=2916039172 TSecr=3045558942 [TCP segment of a reassembled PDU]"
"46956","35.091555212","192.168.1.55","192.168.1.2","TCP","1514","8004  >  36442 [ACK] Seq=286894 Ack=141 Win=65024 Len=1448 TSval=2916039172 TSecr=3045558942 [TCP segment of a reassembled PDU]"
"46957","35.091556231","192.168.1.55","192.168.1.2","TCP","1514","8004  >  36442 [ACK] Seq=288342 Ack=141 Win=65024 Len=1448 TSval=2916039172 TSecr=3045558942 [TCP segment of a reassembled PDU]"
"46958","35.091557175","192.168.1.55","192.168.1.2","TCP","1514","8004  >  36442 [ACK] Seq=289790 Ack=141 Win=65024 Len=1448 TSval=2916039172 TSecr=3045558942 [TCP segment of a reassembled PDU]"
"46959","35.091558194","192.168.1.55","192.168.1.2","TCP","1514","8004  >  36442 [ACK] Seq=291238 Ack=141 Win=65024 Len=1448 TSval=2916039172 TSecr=3045558942 [TCP segment of a reassembled PDU]"
"46960","35.091559379","192.168.1.55","192.168.1.2","TCP","1514","8004  >  36442 [ACK] Seq=292686 Ack=141 Win=65024 Len=1448 TSval=2916039172 TSecr=3045558942 [TCP segment of a reassembled PDU]"
"46961","35.091560361","192.168.1.55","192.168.1.2","TCP","1514","8004  >  36442 [ACK] Seq=294134 Ack=141 Win=65024 Len=1448 TSval=2916039172 TSecr=3045558942 [TCP segment of a reassembled PDU]"
"46962","35.091561342","192.168.1.55","192.168.1.2","TCP","1514","8004  >  36442 [ACK] Seq=295582 Ack=141 Win=65024 Len=1448 TSval=2916039172 TSecr=3045558942 [TCP segment of a reassembled PDU]"
"46963","35.091562231","192.168.1.55","192.168.1.2","TCP","1514","8004  >  36442 [ACK] Seq=297030 Ack=141 Win=65024 Len=1448 TSval=2916039172 TSecr=3045558942 [TCP segment of a reassembled PDU]"
"46964","35.091563749","192.168.1.55","192.168.1.2","TCP","1514","8004  >  36442 [ACK] Seq=298478 Ack=141 Win=65024 Len=1448 TSval=2916039172 TSecr=3045558942 [TCP segment of a reassembled PDU]"
"46965","35.091564749","192.168.1.55","192.168.1.2","TCP","1514","8004  >  36442 [ACK] Seq=299926 Ack=141 Win=65024 Len=1448 TSval=2916039172 TSecr=3045558942 [TCP segment of a reassembled PDU]"
"46966","35.091565675","192.168.1.55","192.168.1.2","TCP","1514","8004  >  36442 [ACK] Seq=301374 Ack=141 Win=65024 Len=1448 TSval=2916039172 TSecr=3045558942 [TCP segment of a reassembled PDU]"
"46967","35.091566657","192.168.1.55","192.168.1.2","TCP","1514","8004  >  36442 [ACK] Seq=302822 Ack=141 Win=65024 Len=1448 TSval=2916039172 TSecr=3045558942 [TCP segment of a reassembled PDU]"
"46968","35.091567620","192.168.1.55","192.168.1.2","TCP","1514","8004  >  36442 [ACK] Seq=304270 Ack=141 Win=65024 Len=1448 TSval=2916039172 TSecr=3045558942 [TCP segment of a reassembled PDU]"
"46969","35.091574861","192.168.1.55","192.168.1.2","TCP","1514","8004  >  36442 [ACK] Seq=305718 Ack=141 Win=65024 Len=1448 TSval=2916039172 TSecr=3045558942 [TCP segment of a reassembled PDU]"
"46970","35.091576435","192.168.1.55","192.168.1.2","TCP","1514","8004  >  36442 [ACK] Seq=307166 Ack=141 Win=65024 Len=1448 TSval=2916039172 TSecr=3045558942 [TCP segment of a reassembled PDU]"
"46971","35.091577916","192.168.1.55","192.168.1.2","TCP","1514","8004  >  36442 [ACK] Seq=308614 Ack=141 Win=65024 Len=1448 TSval=2916039172 TSecr=3045558942 [TCP segment of a reassembled PDU]"
"46972","35.091579046","192.168.1.55","192.168.1.2","TCP","1514","8004  >  36442 [ACK] Seq=310062 Ack=141 Win=65024 Len=1448 TSval=2916039172 TSecr=3045558942 [TCP segment of a reassembled PDU]"
"46973","35.091580064","192.168.1.55","192.168.1.2","TCP","1514","8004  >  36442 [ACK] Seq=311510 Ack=141 Win=65024 Len=1448 TSval=2916039172 TSecr=3045558942 [TCP segment of a reassembled PDU]"
"46974","35.091581398","192.168.1.55","192.168.1.2","TCP","1514","8004  >  36442 [ACK] Seq=312958 Ack=141 Win=65024 Len=1448 TSval=2916039172 TSecr=3045558942 [TCP segment of a reassembled PDU]"
"46975","35.091582805","192.168.1.55","192.168.1.2","TCP","1514","8004  >  36442 [ACK] Seq=314406 Ack=141 Win=65024 Len=1448 TSval=2916039172 TSecr=3045558942 [TCP segment of a reassembled PDU]"
"46976","35.091583787","192.168.1.55","192.168.1.2","TCP","1514","8004  >  36442 [ACK] Seq=315854 Ack=141 Win=65024 Len=1448 TSval=2916039172 TSecr=3045558942 [TCP segment of a reassembled PDU]"
"46977","35.091584805","192.168.1.55","192.168.1.2","TCP","1514","8004  >  36442 [ACK] Seq=317302 Ack=141 Win=65024 Len=1448 TSval=2916039172 TSecr=3045558942 [TCP segment of a reassembled PDU]"
"46978","35.091586175","192.168.1.55","192.168.1.2","TCP","1514","8004  >  36442 [ACK] Seq=318750 Ack=141 Win=65024 Len=1448 TSval=2916039172 TSecr=3045558942 [TCP segment of a reassembled PDU]"
"46979","35.091587601","192.168.1.55","192.168.1.2","TCP","1514","8004  >  36442 [ACK] Seq=320198 Ack=141 Win=65024 Len=1448 TSval=2916039172 TSecr=3045558942 [TCP segment of a reassembled PDU]"
"46980","35.091588564","192.168.1.55","192.168.1.2","TCP","1514","8004  >  36442 [PSH, ACK] Seq=321646 Ack=141 Win=65024 Len=1448 TSval=2916039172 TSecr=3045558942 [TCP segment of a reassembled PDU]"
"46981","35.091594064","192.168.1.2","192.168.1.55","TCP","66","36442  >  8004 [ACK] Seq=141 Ack=230422 Win=117760 Len=0 TSval=3045558942 TSecr=2916039163"
"46982","35.091604194","192.168.1.2","192.168.1.55","TCP","66","36442  >  8004 [ACK] Seq=141 Ack=239110 Win=139264 Len=0 TSval=3045558943 TSecr=2916039163"
"46983","35.092724566","192.168.1.55","192.168.1.2","TCP","1514","8004  >  36442 [ACK] Seq=323094 Ack=141 Win=65024 Len=1448 TSval=2916039173 TSecr=3045558943 [TCP segment of a reassembled PDU]"
"46984","35.092730899","192.168.1.55","192.168.1.2","TCP","1514","8004  >  36442 [ACK] Seq=324542 Ack=141 Win=65024 Len=1448 TSval=2916039173 TSecr=3045558943 [TCP segment of a reassembled PDU]"
"46985","35.092732011","192.168.1.55","192.168.1.2","TCP","1514","8004  >  36442 [ACK] Seq=325990 Ack=141 Win=65024 Len=1448 TSval=2916039173 TSecr=3045558943 [TCP segment of a reassembled PDU]"
"46986","35.092733307","192.168.1.55","192.168.1.2","TCP","1514","8004  >  36442 [ACK] Seq=327438 Ack=141 Win=65024 Len=1448 TSval=2916039173 TSecr=3045558943 [TCP segment of a reassembled PDU]"
"46987","35.092734492","192.168.1.55","192.168.1.2","TCP","1514","8004  >  36442 [ACK] Seq=328886 Ack=141 Win=65024 Len=1448 TSval=2916039173 TSecr=3045558943 [TCP segment of a reassembled PDU]"
"46988","35.092735474","192.168.1.55","192.168.1.2","TCP","1514","8004  >  36442 [ACK] Seq=330334 Ack=141 Win=65024 Len=1448 TSval=2916039173 TSecr=3045558943 [TCP segment of a reassembled PDU]"
"46989","35.092737011","192.168.1.55","192.168.1.2","TCP","1514","8004  >  36442 [ACK] Seq=331782 Ack=141 Win=65024 Len=1448 TSval=2916039173 TSecr=3045558943 [TCP segment of a reassembled PDU]"
"46990","35.092739029","192.168.1.55","192.168.1.2","TCP","1514","8004  >  36442 [ACK] Seq=333230 Ack=141 Win=65024 Len=1448 TSval=2916039173 TSecr=3045558943 [TCP segment of a reassembled PDU]"
"46991","35.092740159","192.168.1.55","192.168.1.2","TCP","1514","8004  >  36442 [ACK] Seq=334678 Ack=141 Win=65024 Len=1448 TSval=2916039173 TSecr=3045558943 [TCP segment of a reassembled PDU]"
"46992","35.092742714","192.168.1.55","192.168.1.2","TCP","1514","8004  >  36442 [ACK] Seq=336126 Ack=141 Win=65024 Len=1448 TSval=2916039173 TSecr=3045558943 [TCP segment of a reassembled PDU]"
"46993","35.092743788","192.168.1.55","192.168.1.2","TCP","1514","8004  >  36442 [ACK] Seq=337574 Ack=141 Win=65024 Len=1448 TSval=2916039173 TSecr=3045558943 [TCP segment of a reassembled PDU]"
"46994","35.092744770","192.168.1.55","192.168.1.2","TCP","1514","8004  >  36442 [ACK] Seq=339022 Ack=141 Win=65024 Len=1448 TSval=2916039173 TSecr=3045558943 [TCP segment of a reassembled PDU]"
"46995","35.092746529","192.168.1.55","192.168.1.2","TCP","1514","8004  >  36442 [ACK] Seq=340470 Ack=141 Win=65024 Len=1448 TSval=2916039173 TSecr=3045558943 [TCP segment of a reassembled PDU]"
"46996","35.092749418","192.168.1.55","192.168.1.2","TCP","1514","8004  >  36442 [ACK] Seq=341918 Ack=141 Win=65024 Len=1448 TSval=2916039173 TSecr=3045558943 [TCP segment of a reassembled PDU]"
"46997","35.092751011","192.168.1.55","192.168.1.2","TCP","1514","8004  >  36442 [ACK] Seq=343366 Ack=141 Win=65024 Len=1448 TSval=2916039173 TSecr=3045558943 [TCP segment of a reassembled PDU]"
"46998","35.092752140","192.168.1.55","192.168.1.2","TCP","1514","8004  >  36442 [ACK] Seq=344814 Ack=141 Win=65024 Len=1448 TSval=2916039173 TSecr=3045558943 [TCP segment of a reassembled PDU]"
"46999","35.092753511","192.168.1.55","192.168.1.2","TCP","1514","8004  >  36442 [ACK] Seq=346262 Ack=141 Win=65024 Len=1448 TSval=2916039173 TSecr=3045558943 [TCP segment of a reassembled PDU]"
"47000","35.092754918","192.168.1.55","192.168.1.2","TCP","1514","8004  >  36442 [ACK] Seq=347710 Ack=141 Win=65024 Len=1448 TSval=2916039173 TSecr=3045558943 [TCP segment of a reassembled PDU]"
"47001","35.092756066","192.168.1.55","192.168.1.2","TCP","1514","8004  >  36442 [ACK] Seq=349158 Ack=141 Win=65024 Len=1448 TSval=2916039173 TSecr=3045558943 [TCP segment of a reassembled PDU]"
"47002","35.092757270","192.168.1.55","192.168.1.2","TCP","1514","8004  >  36442 [ACK] Seq=350606 Ack=141 Win=65024 Len=1448 TSval=2916039173 TSecr=3045558943 [TCP segment of a reassembled PDU]"
"47003","35.092758270","192.168.1.55","192.168.1.2","TCP","1514","8004  >  36442 [ACK] Seq=352054 Ack=141 Win=65024 Len=1448 TSval=2916039173 TSecr=3045558943 [TCP segment of a reassembled PDU]"
"47004","35.092759677","192.168.1.55","192.168.1.2","TCP","1514","8004  >  36442 [ACK] Seq=353502 Ack=141 Win=65024 Len=1448 TSval=2916039173 TSecr=3045558943 [TCP segment of a reassembled PDU]"
"47005","35.092760622","192.168.1.55","192.168.1.2","TCP","1514","8004  >  36442 [ACK] Seq=354950 Ack=141 Win=65024 Len=1448 TSval=2916039173 TSecr=3045558943 [TCP segment of a reassembled PDU]"
"47006","35.092761788","192.168.1.55","192.168.1.2","TCP","1514","8004  >  36442 [ACK] Seq=356398 Ack=141 Win=65024 Len=1448 TSval=2916039173 TSecr=3045558943 [TCP segment of a reassembled PDU]"
"47007","35.092763085","192.168.1.55","192.168.1.2","TCP","1514","8004  >  36442 [ACK] Seq=357846 Ack=141 Win=65024 Len=1448 TSval=2916039173 TSecr=3045558943 [TCP segment of a reassembled PDU]"
"47008","35.092764548","192.168.1.55","192.168.1.2","TCP","1514","8004  >  36442 [ACK] Seq=359294 Ack=141 Win=65024 Len=1448 TSval=2916039173 TSecr=3045558943 [TCP segment of a reassembled PDU]"
"47009","35.092765474","192.168.1.55","192.168.1.2","TCP","1514","8004  >  36442 [ACK] Seq=360742 Ack=141 Win=65024 Len=1448 TSval=2916039173 TSecr=3045558943 [TCP segment of a reassembled PDU]"
"47010","35.092766566","192.168.1.55","192.168.1.2","TCP","1514","8004  >  36442 [ACK] Seq=362190 Ack=141 Win=65024 Len=1448 TSval=2916039173 TSecr=3045558943 [TCP segment of a reassembled PDU]"
"47011","35.092767751","192.168.1.55","192.168.1.2","TCP","1514","8004  >  36442 [ACK] Seq=363638 Ack=141 Win=65024 Len=1448 TSval=2916039173 TSecr=3045558943 [TCP segment of a reassembled PDU]"
"47012","35.092768825","192.168.1.55","192.168.1.2","TCP","1514","8004  >  36442 [PSH, ACK] Seq=365086 Ack=141 Win=65024 Len=1448 TSval=2916039173 TSecr=3045558943 [TCP segment of a reassembled PDU]"
"47013","35.095997831","192.168.1.2","192.168.1.55","TCP","66","36442  >  8004 [ACK] Seq=141 Ack=246350 Win=142336 Len=0 TSval=3045558946 TSecr=2916039167"
"47014","35.096060960","192.168.1.55","192.168.1.2","TCP","1514","8004  >  36442 [ACK] Seq=366534 Ack=141 Win=65024 Len=1448 TSval=2916039176 TSecr=3045558946 [TCP segment of a reassembled PDU]"
"47015","35.096067275","192.168.1.55","192.168.1.2","TCP","1514","8004  >  36442 [ACK] Seq=367982 Ack=141 Win=65024 Len=1448 TSval=2916039176 TSecr=3045558946 [TCP segment of a reassembled PDU]"
"47016","35.096068497","192.168.1.55","192.168.1.2","TCP","1514","8004  >  36442 [ACK] Seq=369430 Ack=141 Win=65024 Len=1448 TSval=2916039176 TSecr=3045558946 [TCP segment of a reassembled PDU]"
"47017","35.096069664","192.168.1.55","192.168.1.2","TCP","1514","8004  >  36442 [ACK] Seq=370878 Ack=141 Win=65024 Len=1448 TSval=2916039176 TSecr=3045558946 [TCP segment of a reassembled PDU]"
"47018","35.096070812","192.168.1.55","192.168.1.2","TCP","1514","8004  >  36442 [ACK] Seq=372326 Ack=141 Win=65024 Len=1448 TSval=2916039176 TSecr=3045558946 [TCP segment of a reassembled PDU]"
"47019","35.096071942","192.168.1.55","192.168.1.2","TCP","1514","8004  >  36442 [ACK] Seq=373774 Ack=141 Win=65024 Len=1448 TSval=2916039176 TSecr=3045558946 [TCP segment of a reassembled PDU]"
"47020","35.096073090","192.168.1.55","192.168.1.2","TCP","1514","8004  >  36442 [ACK] Seq=375222 Ack=141 Win=65024 Len=1448 TSval=2916039176 TSecr=3045558946 [TCP segment of a reassembled PDU]"
"47021","35.096074127","192.168.1.55","192.168.1.2","TCP","1514","8004  >  36442 [ACK] Seq=376670 Ack=141 Win=65024 Len=1448 TSval=2916039176 TSecr=3045558946 [TCP segment of a reassembled PDU]"
"47022","35.096075257","192.168.1.55","192.168.1.2","TCP","1514","8004  >  36442 [ACK] Seq=378118 Ack=141 Win=65024 Len=1448 TSval=2916039176 TSecr=3045558946 [TCP segment of a reassembled PDU]"
"47023","35.096076534","192.168.1.55","192.168.1.2","TCP","1514","8004  >  36442 [ACK] Seq=379566 Ack=141 Win=65024 Len=1448 TSval=2916039176 TSecr=3045558946 [TCP segment of a reassembled PDU]"
"47024","35.096077738","192.168.1.55","192.168.1.2","TCP","1514","8004  >  36442 [ACK] Seq=381014 Ack=141 Win=65024 Len=1448 TSval=2916039176 TSecr=3045558946 [TCP segment of a reassembled PDU]"
"47025","35.096079164","192.168.1.55","192.168.1.2","TCP","1514","8004  >  36442 [ACK] Seq=382462 Ack=141 Win=65024 Len=1448 TSval=2916039176 TSecr=3045558946 [TCP segment of a reassembled PDU]"
"47026","35.096080849","192.168.1.55","192.168.1.2","TCP","1514","8004  >  36442 [ACK] Seq=383910 Ack=141 Win=65024 Len=1448 TSval=2916039176 TSecr=3045558946 [TCP segment of a reassembled PDU]"
"47027","35.096082738","192.168.1.55","192.168.1.2","TCP","1514","8004  >  36442 [ACK] Seq=385358 Ack=141 Win=65024 Len=1448 TSval=2916039176 TSecr=3045558946 [TCP segment of a reassembled PDU]"
"47028","35.096084127","192.168.1.55","192.168.1.2","TCP","1514","8004  >  36442 [PSH, ACK] Seq=386806 Ack=141 Win=65024 Len=1448 TSval=2916039176 TSecr=3045558946 [TCP segment of a reassembled PDU]"
"47029","35.096123683","192.168.1.2","192.168.1.55","TCP","66","36442  >  8004 [ACK] Seq=141 Ack=279494 Win=117760 Len=0 TSval=3045558947 TSecr=2916039167"
"47030","35.101473765","192.168.1.2","192.168.1.55","TCP","66","36442  >  8004 [ACK] Seq=141 Ack=281102 Win=145408 Len=0 TSval=3045558952 TSecr=2916039172"
"47031","35.101547710","192.168.1.55","192.168.1.2","TCP","1514","8004  >  36442 [ACK] Seq=388254 Ack=141 Win=65024 Len=1448 TSval=2916039182 TSecr=3045558952 [TCP segment of a reassembled PDU]"
"47032","35.101554284","192.168.1.55","192.168.1.2","TCP","1514","8004  >  36442 [ACK] Seq=389702 Ack=141 Win=65024 Len=1448 TSval=2916039182 TSecr=3045558952 [TCP segment of a reassembled PDU]"
"47033","35.101555488","192.168.1.55","192.168.1.2","TCP","1514","8004  >  36442 [ACK] Seq=391150 Ack=141 Win=65024 Len=1448 TSval=2916039182 TSecr=3045558952 [TCP segment of a reassembled PDU]"
"47034","35.101556932","192.168.1.55","192.168.1.2","TCP","1514","8004  >  36442 [ACK] Seq=392598 Ack=141 Win=65024 Len=1448 TSval=2916039182 TSecr=3045558952 [TCP segment of a reassembled PDU]"
"47035","35.101558117","192.168.1.55","192.168.1.2","TCP","1514","8004  >  36442 [ACK] Seq=394046 Ack=141 Win=65024 Len=1448 TSval=2916039182 TSecr=3045558952 [TCP segment of a reassembled PDU]"
"47036","35.101559710","192.168.1.55","192.168.1.2","TCP","1514","8004  >  36442 [ACK] Seq=395494 Ack=141 Win=65024 Len=1448 TSval=2916039182 TSecr=3045558952 [TCP segment of a reassembled PDU]"
"47037","35.101561080","192.168.1.55","192.168.1.2","TCP","1514","8004  >  36442 [ACK] Seq=396942 Ack=141 Win=65024 Len=1448 TSval=2916039182 TSecr=3045558952 [TCP segment of a reassembled PDU]"
"47038","35.101562599","192.168.1.55","192.168.1.2","TCP","1514","8004  >  36442 [ACK] Seq=398390 Ack=141 Win=65024 Len=1448 TSval=2916039182 TSecr=3045558952 [TCP segment of a reassembled PDU]"
"47039","35.101563543","192.168.1.55","192.168.1.2","TCP","1514","8004  >  36442 [ACK] Seq=399838 Ack=141 Win=65024 Len=1448 TSval=2916039182 TSecr=3045558952 [TCP segment of a reassembled PDU]"
"47040","35.101564636","192.168.1.55","192.168.1.2","TCP","1514","8004  >  36442 [ACK] Seq=401286 Ack=141 Win=65024 Len=1448 TSval=2916039182 TSecr=3045558952 [TCP segment of a reassembled PDU]"
"47041","35.101565765","192.168.1.55","192.168.1.2","TCP","1514","8004  >  36442 [ACK] Seq=402734 Ack=141 Win=65024 Len=1448 TSval=2916039182 TSecr=3045558952 [TCP segment of a reassembled PDU]"
"47042","35.101568747","192.168.1.55","192.168.1.2","TCP","1514","8004  >  36442 [ACK] Seq=404182 Ack=141 Win=65024 Len=1448 TSval=2916039182 TSecr=3045558952 [TCP segment of a reassembled PDU]"
"47043","35.101570228","192.168.1.55","192.168.1.2","TCP","1514","8004  >  36442 [ACK] Seq=405630 Ack=141 Win=65024 Len=1448 TSval=2916039182 TSecr=3045558952 [TCP segment of a reassembled PDU]"
"47044","35.101571247","192.168.1.55","192.168.1.2","TCP","1514","8004  >  36442 [ACK] Seq=407078 Ack=141 Win=65024 Len=1448 TSval=2916039182 TSecr=3045558952 [TCP segment of a reassembled PDU]"
"47045","35.101572173","192.168.1.55","192.168.1.2","TCP","1514","8004  >  36442 [PSH, ACK] Seq=408526 Ack=141 Win=65024 Len=1448 TSval=2916039182 TSecr=3045558952 [TCP segment of a reassembled PDU]"
"47046","35.101679099","192.168.1.2","192.168.1.55","TCP","66","36442  >  8004 [ACK] Seq=141 Ack=323094 Win=111616 Len=0 TSval=3045558952 TSecr=2916039172"
"47047","35.101703043","192.168.1.2","192.168.1.55","TCP","66","36442  >  8004 [ACK] Seq=141 Ack=344814 Win=91136 Len=0 TSval=3045558952 TSecr=2916039173"
"47048","35.101709877","192.168.1.2","192.168.1.55","TCP","66","36442  >  8004 [ACK] Seq=141 Ack=354950 Win=139264 Len=0 TSval=3045558955 TSecr=2916039173"
"47049","35.101768395","192.168.1.55","192.168.1.2","TCP","1514","8004  >  36442 [ACK] Seq=409974 Ack=141 Win=65024 Len=1448 TSval=2916039182 TSecr=3045558955 [TCP segment of a reassembled PDU]"
"47050","35.101771377","192.168.1.55","192.168.1.2","TCP","1514","8004  >  36442 [ACK] Seq=411422 Ack=141 Win=65024 Len=1448 TSval=2916039182 TSecr=3045558955 [TCP segment of a reassembled PDU]"
"47051","35.101772432","192.168.1.55","192.168.1.2","TCP","1514","8004  >  36442 [ACK] Seq=412870 Ack=141 Win=65024 Len=1448 TSval=2916039182 TSecr=3045558955 [TCP segment of a reassembled PDU]"
"47052","35.101773377","192.168.1.55","192.168.1.2","TCP","1514","8004  >  36442 [ACK] Seq=414318 Ack=141 Win=65024 Len=1448 TSval=2916039182 TSecr=3045558955 [TCP segment of a reassembled PDU]"
"47053","35.101774784","192.168.1.55","192.168.1.2","TCP","1514","8004  >  36442 [ACK] Seq=415766 Ack=141 Win=65024 Len=1448 TSval=2916039182 TSecr=3045558955 [TCP segment of a reassembled PDU]"
"47054","35.101776025","192.168.1.55","192.168.1.2","TCP","1514","8004  >  36442 [ACK] Seq=417214 Ack=141 Win=65024 Len=1448 TSval=2916039182 TSecr=3045558955 [TCP segment of a reassembled PDU]"
"47055","35.101777432","192.168.1.55","192.168.1.2","TCP","1514","8004  >  36442 [ACK] Seq=418662 Ack=141 Win=65024 Len=1448 TSval=2916039182 TSecr=3045558955 [TCP segment of a reassembled PDU]"
"47056","35.101778858","192.168.1.55","192.168.1.2","TCP","1514","8004  >  36442 [ACK] Seq=420110 Ack=141 Win=65024 Len=1448 TSval=2916039182 TSecr=3045558955 [TCP segment of a reassembled PDU]"
"47057","35.101779970","192.168.1.55","192.168.1.2","TCP","1514","8004  >  36442 [ACK] Seq=421558 Ack=141 Win=65024 Len=1448 TSval=2916039182 TSecr=3045558955 [TCP segment of a reassembled PDU]"
"47058","35.101781062","192.168.1.55","192.168.1.2","TCP","1514","8004  >  36442 [ACK] Seq=423006 Ack=141 Win=65024 Len=1448 TSval=2916039182 TSecr=3045558955 [TCP segment of a reassembled PDU]"
"47059","35.101782210","192.168.1.55","192.168.1.2","TCP","1514","8004  >  36442 [ACK] Seq=424454 Ack=141 Win=65024 Len=1448 TSval=2916039182 TSecr=3045558955 [TCP segment of a reassembled PDU]"
"47060","35.101783173","192.168.1.55","192.168.1.2","TCP","1514","8004  >  36442 [ACK] Seq=425902 Ack=141 Win=65024 Len=1448 TSval=2916039182 TSecr=3045558955 [TCP segment of a reassembled PDU]"
"47061","35.101784451","192.168.1.55","192.168.1.2","TCP","1514","8004  >  36442 [ACK] Seq=427350 Ack=141 Win=65024 Len=1448 TSval=2916039182 TSecr=3045558955 [TCP segment of a reassembled PDU]"
"47062","35.101785507","192.168.1.55","192.168.1.2","TCP","1514","8004  >  36442 [ACK] Seq=428798 Ack=141 Win=65024 Len=1448 TSval=2916039182 TSecr=3045558955 [TCP segment of a reassembled PDU]"
"47063","35.101787007","192.168.1.55","192.168.1.2","TCP","1514","8004  >  36442 [ACK] Seq=430246 Ack=141 Win=65024 Len=1448 TSval=2916039182 TSecr=3045558955 [TCP segment of a reassembled PDU]"
"47064","35.101788414","192.168.1.55","192.168.1.2","TCP","1514","8004  >  36442 [ACK] Seq=431694 Ack=141 Win=65024 Len=1448 TSval=2916039182 TSecr=3045558955 [TCP segment of a reassembled PDU]"
"47065","35.101789525","192.168.1.55","192.168.1.2","TCP","1514","8004  >  36442 [ACK] Seq=433142 Ack=141 Win=65024 Len=1448 TSval=2916039182 TSecr=3045558955 [TCP segment of a reassembled PDU]"
"47066","35.101790470","192.168.1.55","192.168.1.2","TCP","1514","8004  >  36442 [ACK] Seq=434590 Ack=141 Win=65024 Len=1448 TSval=2916039182 TSecr=3045558955 [TCP segment of a reassembled PDU]"
"47067","35.101791451","192.168.1.55","192.168.1.2","TCP","1514","8004  >  36442 [ACK] Seq=436038 Ack=141 Win=65024 Len=1448 TSval=2916039182 TSecr=3045558955 [TCP segment of a reassembled PDU]"
"47068","35.101792488","192.168.1.55","192.168.1.2","TCP","1514","8004  >  36442 [ACK] Seq=437486 Ack=141 Win=65024 Len=1448 TSval=2916039182 TSecr=3045558955 [TCP segment of a reassembled PDU]"
"47069","35.101793747","192.168.1.55","192.168.1.2","TCP","1514","8004  >  36442 [ACK] Seq=438934 Ack=141 Win=65024 Len=1448 TSval=2916039182 TSecr=3045558955 [TCP segment of a reassembled PDU]"
"47070","35.101795210","192.168.1.55","192.168.1.2","TCP","1514","8004  >  36442 [ACK] Seq=440382 Ack=141 Win=65024 Len=1448 TSval=2916039182 TSecr=3045558955 [TCP segment of a reassembled PDU]"
"47071","35.101796840","192.168.1.55","192.168.1.2","TCP","1514","8004  >  36442 [ACK] Seq=441830 Ack=141 Win=65024 Len=1448 TSval=2916039182 TSecr=3045558955 [TCP segment of a reassembled PDU]"
"47072","35.101798562","192.168.1.55","192.168.1.2","TCP","1514","8004  >  36442 [ACK] Seq=443278 Ack=141 Win=65024 Len=1448 TSval=2916039182 TSecr=3045558955 [TCP segment of a reassembled PDU]"
"47073","35.101799655","192.168.1.55","192.168.1.2","TCP","1514","8004  >  36442 [ACK] Seq=444726 Ack=141 Win=65024 Len=1448 TSval=2916039182 TSecr=3045558955 [TCP segment of a reassembled PDU]"
"47074","35.101800581","192.168.1.55","192.168.1.2","TCP","1514","8004  >  36442 [ACK] Seq=446174 Ack=141 Win=65024 Len=1448 TSval=2916039182 TSecr=3045558955 [TCP segment of a reassembled PDU]"
"47075","35.101801562","192.168.1.55","192.168.1.2","TCP","1514","8004  >  36442 [ACK] Seq=447622 Ack=141 Win=65024 Len=1448 TSval=2916039182 TSecr=3045558955 [TCP segment of a reassembled PDU]"
"47076","35.101802636","192.168.1.55","192.168.1.2","TCP","1514","8004  >  36442 [ACK] Seq=449070 Ack=141 Win=65024 Len=1448 TSval=2916039182 TSecr=3045558955 [TCP segment of a reassembled PDU]"
"47077","35.101803895","192.168.1.55","192.168.1.2","TCP","1514","8004  >  36442 [ACK] Seq=450518 Ack=141 Win=65024 Len=1448 TSval=2916039182 TSecr=3045558955 [TCP segment of a reassembled PDU]"
"47078","35.101806636","192.168.1.55","192.168.1.2","TCP","1514","8004  >  36442 [PSH, ACK] Seq=451966 Ack=141 Win=65024 Len=1448 TSval=2916039182 TSecr=3045558955 [TCP segment of a reassembled PDU]"
"47079","35.101854896","192.168.1.2","192.168.1.55","TCP","66","36442  >  8004 [ACK] Seq=141 Ack=366534 Win=138240 Len=0 TSval=3045558955 TSecr=2916039173"
"47080","35.101863821","192.168.1.2","192.168.1.55","TCP","66","36442  >  8004 [ACK] Seq=141 Ack=388254 Win=130048 Len=0 TSval=3045558955 TSecr=2916039176"
"47081","35.103111027","192.168.1.55","192.168.1.2","TCP","1514","8004  >  36442 [ACK] Seq=453414 Ack=141 Win=65024 Len=1448 TSval=2916039183 TSecr=3045558955 [TCP segment of a reassembled PDU]"
"47082","35.103114453","192.168.1.55","192.168.1.2","TCP","1514","8004  >  36442 [ACK] Seq=454862 Ack=141 Win=65024 Len=1448 TSval=2916039183 TSecr=3045558955 [TCP segment of a reassembled PDU]"
"47083","35.103116009","192.168.1.55","192.168.1.2","TCP","1514","8004  >  36442 [ACK] Seq=456310 Ack=141 Win=65024 Len=1448 TSval=2916039183 TSecr=3045558955 [TCP segment of a reassembled PDU]"
"47084","35.103117323","192.168.1.55","192.168.1.2","TCP","1514","8004  >  36442 [ACK] Seq=457758 Ack=141 Win=65024 Len=1448 TSval=2916039183 TSecr=3045558955 [TCP segment of a reassembled PDU]"
"47085","35.103118712","192.168.1.55","192.168.1.2","TCP","1514","8004  >  36442 [ACK] Seq=459206 Ack=141 Win=65024 Len=1448 TSval=2916039183 TSecr=3045558955 [TCP segment of a reassembled PDU]"
"47086","35.103119731","192.168.1.55","192.168.1.2","TCP","1514","8004  >  36442 [ACK] Seq=460654 Ack=141 Win=65024 Len=1448 TSval=2916039183 TSecr=3045558955 [TCP segment of a reassembled PDU]"
"47087","35.103120749","192.168.1.55","192.168.1.2","TCP","1514","8004  >  36442 [ACK] Seq=462102 Ack=141 Win=65024 Len=1448 TSval=2916039183 TSecr=3045558955 [TCP segment of a reassembled PDU]"
"47088","35.103122138","192.168.1.55","192.168.1.2","TCP","1514","8004  >  36442 [ACK] Seq=463550 Ack=141 Win=65024 Len=1448 TSval=2916039183 TSecr=3045558955 [TCP segment of a reassembled PDU]"
"47089","35.103124027","192.168.1.55","192.168.1.2","TCP","1514","8004  >  36442 [ACK] Seq=464998 Ack=141 Win=65024 Len=1448 TSval=2916039183 TSecr=3045558955 [TCP segment of a reassembled PDU]"
"47090","35.103125749","192.168.1.55","192.168.1.2","TCP","1514","8004  >  36442 [ACK] Seq=466446 Ack=141 Win=65024 Len=1448 TSval=2916039183 TSecr=3045558955 [TCP segment of a reassembled PDU]"
"47091","35.103126861","192.168.1.55","192.168.1.2","TCP","1514","8004  >  36442 [ACK] Seq=467894 Ack=141 Win=65024 Len=1448 TSval=2916039183 TSecr=3045558955 [TCP segment of a reassembled PDU]"
"47092","35.103127935","192.168.1.55","192.168.1.2","TCP","1514","8004  >  36442 [ACK] Seq=469342 Ack=141 Win=65024 Len=1448 TSval=2916039183 TSecr=3045558955 [TCP segment of a reassembled PDU]"
"47093","35.103129342","192.168.1.55","192.168.1.2","TCP","1514","8004  >  36442 [ACK] Seq=470790 Ack=141 Win=65024 Len=1448 TSval=2916039183 TSecr=3045558955 [TCP segment of a reassembled PDU]"
"47094","35.103130768","192.168.1.55","192.168.1.2","TCP","1514","8004  >  36442 [ACK] Seq=472238 Ack=141 Win=65024 Len=1448 TSval=2916039183 TSecr=3045558955 [TCP segment of a reassembled PDU]"
"47095","35.103132786","192.168.1.55","192.168.1.2","TCP","1514","8004  >  36442 [ACK] Seq=473686 Ack=141 Win=65024 Len=1448 TSval=2916039183 TSecr=3045558955 [TCP segment of a reassembled PDU]"
"47096","35.103134435","192.168.1.55","192.168.1.2","TCP","1514","8004  >  36442 [ACK] Seq=475134 Ack=141 Win=65024 Len=1448 TSval=2916039183 TSecr=3045558955 [TCP segment of a reassembled PDU]"
"47097","35.103135490","192.168.1.55","192.168.1.2","TCP","1514","8004  >  36442 [ACK] Seq=476582 Ack=141 Win=65024 Len=1448 TSval=2916039183 TSecr=3045558955 [TCP segment of a reassembled PDU]"
"47098","35.103136583","192.168.1.55","192.168.1.2","TCP","1514","8004  >  36442 [ACK] Seq=478030 Ack=141 Win=65024 Len=1448 TSval=2916039183 TSecr=3045558955 [TCP segment of a reassembled PDU]"
"47099","35.103137842","192.168.1.55","192.168.1.2","TCP","1514","8004  >  36442 [ACK] Seq=479478 Ack=141 Win=65024 Len=1448 TSval=2916039183 TSecr=3045558955 [TCP segment of a reassembled PDU]"
"47100","35.103139101","192.168.1.55","192.168.1.2","TCP","1514","8004  >  36442 [ACK] Seq=480926 Ack=141 Win=65024 Len=1448 TSval=2916039183 TSecr=3045558955 [TCP segment of a reassembled PDU]"
"47101","35.103141694","192.168.1.55","192.168.1.2","TCP","1514","8004  >  36442 [ACK] Seq=482374 Ack=141 Win=65024 Len=1448 TSval=2916039183 TSecr=3045558955 [TCP segment of a reassembled PDU]"
"47102","35.103143231","192.168.1.55","192.168.1.2","TCP","1514","8004  >  36442 [ACK] Seq=483822 Ack=141 Win=65024 Len=1448 TSval=2916039183 TSecr=3045558955 [TCP segment of a reassembled PDU]"
"47103","35.103144268","192.168.1.55","192.168.1.2","TCP","1514","8004  >  36442 [ACK] Seq=485270 Ack=141 Win=65024 Len=1448 TSval=2916039183 TSecr=3045558955 [TCP segment of a reassembled PDU]"
"47104","35.103145379","192.168.1.55","192.168.1.2","TCP","1514","8004  >  36442 [ACK] Seq=486718 Ack=141 Win=65024 Len=1448 TSval=2916039183 TSecr=3045558955 [TCP segment of a reassembled PDU]"
"47105","35.103146361","192.168.1.55","192.168.1.2","TCP","1514","8004  >  36442 [ACK] Seq=488166 Ack=141 Win=65024 Len=1448 TSval=2916039183 TSecr=3045558955 [TCP segment of a reassembled PDU]"
"47106","35.103147453","192.168.1.55","192.168.1.2","TCP","1514","8004  >  36442 [ACK] Seq=489614 Ack=141 Win=65024 Len=1448 TSval=2916039183 TSecr=3045558955 [TCP segment of a reassembled PDU]"
"47107","35.103149268","192.168.1.55","192.168.1.2","TCP","1514","8004  >  36442 [ACK] Seq=491062 Ack=141 Win=65024 Len=1448 TSval=2916039183 TSecr=3045558955 [TCP segment of a reassembled PDU]"
"47108","35.103152138","192.168.1.55","192.168.1.2","TCP","1514","8004  >  36442 [ACK] Seq=492510 Ack=141 Win=65024 Len=1448 TSval=2916039183 TSecr=3045558955 [TCP segment of a reassembled PDU]"
"47109","35.103153638","192.168.1.55","192.168.1.2","TCP","1514","8004  >  36442 [ACK] Seq=493958 Ack=141 Win=65024 Len=1448 TSval=2916039183 TSecr=3045558955 [TCP segment of a reassembled PDU]"
"47110","35.103154620","192.168.1.55","192.168.1.2","TCP","1514","8004  >  36442 [PSH, ACK] Seq=495406 Ack=141 Win=65024 Len=1448 TSval=2916039183 TSecr=3045558955 [TCP segment of a reassembled PDU]"
"47111","35.104562363","192.168.1.55","192.168.1.2","TCP","1514","8004  >  36442 [ACK] Seq=496854 Ack=141 Win=65024 Len=1448 TSval=2916039185 TSecr=3045558955 [TCP segment of a reassembled PDU]"
"47112","35.104563992","192.168.1.55","192.168.1.2","HTTP","1472","HTTP/1.0 200 OK  (PNG)"
"47113","35.109598964","192.168.1.2","192.168.1.55","TCP","66","36442  >  8004 [ACK] Seq=141 Ack=409974 Win=145408 Len=0 TSval=3045558962 TSecr=2916039182"
"47114","35.109759371","192.168.1.2","192.168.1.55","TCP","66","36442  >  8004 [ACK] Seq=141 Ack=453414 Win=129024 Len=0 TSval=3045558962 TSecr=2916039182"
"47115","35.109765890","192.168.1.2","192.168.1.55","TCP","66","36442  >  8004 [ACK] Seq=141 Ack=464998 Win=140288 Len=0 TSval=3045558963 TSecr=2916039183"
"47116","35.109770575","192.168.1.2","192.168.1.55","TCP","66","36442  >  8004 [ACK] Seq=141 Ack=492510 Win=164864 Len=0 TSval=3045558964 TSecr=2916039183"
"47117","35.110480817","192.168.1.2","192.168.1.55","TCP","66","36442  >  8004 [ACK] Seq=141 Ack=496854 Win=173056 Len=0 TSval=3045558965 TSecr=2916039183"
"47118","35.111125022","192.168.1.2","192.168.1.55","TCP","66","36442  >  8004 [ACK] Seq=141 Ack=498302 Win=176128 Len=0 TSval=3045558965 TSecr=2916039185"
"47119","35.112626283","192.168.1.2","192.168.1.55","TCP","66","36442  >  8004 [FIN, ACK] Seq=141 Ack=499709 Win=179200 Len=0 TSval=3045558967 TSecr=2916039185"
"47120","35.112640691","192.168.1.55","192.168.1.2","TCP","66","8004  >  36442 [ACK] Seq=499709 Ack=142 Win=65024 Len=0 TSval=2916039193 TSecr=3045558967"
"47121","35.112741617","192.168.1.2","192.168.1.55","TCP","74","36446  >  8004 [SYN] Seq=0 Win=64240 Len=0 MSS=1460 SACK_PERM TSval=3045558967 TSecr=0 WS=1024"
"47122","35.112765320","192.168.1.55","192.168.1.2","TCP","74","8004  >  36446 [SYN, ACK] Seq=0 Ack=1 Win=65160 Len=0 MSS=1460 SACK_PERM TSval=2916039193 TSecr=3045558967 WS=128"
"47123","35.115989789","192.168.1.2","192.168.1.55","TCP","66","36446  >  8004 [ACK] Seq=1 Ack=1 Win=64512 Len=0 TSval=3045558970 TSecr=2916039193"
"47124","35.119222627","192.168.1.2","192.168.1.55","HTTP","209","GET /original_benchmark.png HTTP/1.1 "
"47125","35.119239016","192.168.1.55","192.168.1.2","TCP","66","8004  >  36446 [ACK] Seq=1 Ack=144 Win=65024 Len=0 TSval=2916039199 TSecr=3045558971"
"47126","35.119713091","192.168.1.55","192.168.1.2","TCP","255","8004  >  36446 [PSH, ACK] Seq=1 Ack=144 Win=65024 Len=189 TSval=2916039200 TSecr=3045558971 [TCP segment of a reassembled PDU]"
"47127","35.119799387","192.168.1.55","192.168.1.2","TCP","1514","8004  >  36446 [ACK] Seq=190 Ack=144 Win=65024 Len=1448 TSval=2916039200 TSecr=3045558971 [TCP segment of a reassembled PDU]"
"47128","35.119804517","192.168.1.55","192.168.1.2","TCP","1514","8004  >  36446 [ACK] Seq=1638 Ack=144 Win=65024 Len=1448 TSval=2916039200 TSecr=3045558971 [TCP segment of a reassembled PDU]"
"47129","35.119805906","192.168.1.55","192.168.1.2","TCP","1514","8004  >  36446 [ACK] Seq=3086 Ack=144 Win=65024 Len=1448 TSval=2916039200 TSecr=3045558971 [TCP segment of a reassembled PDU]"
"47130","35.119807258","192.168.1.55","192.168.1.2","TCP","1514","8004  >  36446 [ACK] Seq=4534 Ack=144 Win=65024 Len=1448 TSval=2916039200 TSecr=3045558971 [TCP segment of a reassembled PDU]"
"47131","35.119808758","192.168.1.55","192.168.1.2","TCP","1514","8004  >  36446 [PSH, ACK] Seq=5982 Ack=144 Win=65024 Len=1448 TSval=2916039200 TSecr=3045558971 [TCP segment of a reassembled PDU]"
"47132","35.119825517","192.168.1.55","192.168.1.2","TCP","1514","8004  >  36446 [ACK] Seq=7430 Ack=144 Win=65024 Len=1448 TSval=2916039200 TSecr=3045558971 [TCP segment of a reassembled PDU]"
"47133","35.119827591","192.168.1.55","192.168.1.2","TCP","1514","8004  >  36446 [ACK] Seq=8878 Ack=144 Win=65024 Len=1448 TSval=2916039200 TSecr=3045558971 [TCP segment of a reassembled PDU]"
"47134","35.119829017","192.168.1.55","192.168.1.2","TCP","1514","8004  >  36446 [ACK] Seq=10326 Ack=144 Win=65024 Len=1448 TSval=2916039200 TSecr=3045558971 [TCP segment of a reassembled PDU]"
"47135","35.119830924","192.168.1.55","192.168.1.2","TCP","1514","8004  >  36446 [PSH, ACK] Seq=11774 Ack=144 Win=65024 Len=1448 TSval=2916039200 TSecr=3045558971 [TCP segment of a reassembled PDU]"
"47136","35.125428396","192.168.1.2","192.168.1.55","TCP","66","36446  >  8004 [ACK] Seq=144 Ack=190 Win=64512 Len=0 TSval=3045558979 TSecr=2916039200"
"47137","35.125492711","192.168.1.55","192.168.1.2","TCP","1514","8004  >  36446 [ACK] Seq=13222 Ack=144 Win=65024 Len=1448 TSval=2916039206 TSecr=3045558979 [TCP segment of a reassembled PDU]"
"47138","35.125499489","192.168.1.55","192.168.1.2","TCP","1514","8004  >  36446 [PSH, ACK] Seq=14670 Ack=144 Win=65024 Len=1448 TSval=2916039206 TSecr=3045558979 [TCP segment of a reassembled PDU]"
"47139","35.125578693","192.168.1.2","192.168.1.55","TCP","66","36446  >  8004 [ACK] Seq=144 Ack=7430 Win=79872 Len=0 TSval=3045558979 TSecr=2916039200"
"47140","35.125610674","192.168.1.55","192.168.1.2","TCP","1514","8004  >  36446 [ACK] Seq=16118 Ack=144 Win=65024 Len=1448 TSval=2916039206 TSecr=3045558979 [TCP segment of a reassembled PDU]"
"47141","35.125613063","192.168.1.55","192.168.1.2","TCP","1514","8004  >  36446 [ACK] Seq=17566 Ack=144 Win=65024 Len=1448 TSval=2916039206 TSecr=3045558979 [TCP segment of a reassembled PDU]"
"47142","35.125614471","192.168.1.55","192.168.1.2","TCP","1514","8004  >  36446 [ACK] Seq=19014 Ack=144 Win=65024 Len=1448 TSval=2916039206 TSecr=3045558979 [TCP segment of a reassembled PDU]"
"47143","35.125615915","192.168.1.55","192.168.1.2","TCP","1514","8004  >  36446 [ACK] Seq=20462 Ack=144 Win=65024 Len=1448 TSval=2916039206 TSecr=3045558979 [TCP segment of a reassembled PDU]"
"47144","35.125617378","192.168.1.55","192.168.1.2","TCP","1514","8004  >  36446 [ACK] Seq=21910 Ack=144 Win=65024 Len=1448 TSval=2916039206 TSecr=3045558979 [TCP segment of a reassembled PDU]"
"47145","35.125618841","192.168.1.55","192.168.1.2","TCP","1514","8004  >  36446 [ACK] Seq=23358 Ack=144 Win=65024 Len=1448 TSval=2916039206 TSecr=3045558979 [TCP segment of a reassembled PDU]"
"47146","35.125620285","192.168.1.55","192.168.1.2","TCP","1514","8004  >  36446 [ACK] Seq=24806 Ack=144 Win=65024 Len=1448 TSval=2916039206 TSecr=3045558979 [TCP segment of a reassembled PDU]"
"47147","35.125621804","192.168.1.55","192.168.1.2","TCP","1514","8004  >  36446 [PSH, ACK] Seq=26254 Ack=144 Win=65024 Len=1448 TSval=2916039206 TSecr=3045558979 [TCP segment of a reassembled PDU]"
"47148","35.125627360","192.168.1.2","192.168.1.55","TCP","66","36446  >  8004 [ACK] Seq=144 Ack=13222 Win=81920 Len=0 TSval=3045558979 TSecr=2916039200"
"47149","35.125656563","192.168.1.55","192.168.1.2","TCP","1514","8004  >  36446 [ACK] Seq=27702 Ack=144 Win=65024 Len=1448 TSval=2916039206 TSecr=3045558979 [TCP segment of a reassembled PDU]"
"47150","35.125658656","192.168.1.55","192.168.1.2","TCP","1514","8004  >  36446 [ACK] Seq=29150 Ack=144 Win=65024 Len=1448 TSval=2916039206 TSecr=3045558979 [TCP segment of a reassembled PDU]"
"47151","35.125660211","192.168.1.55","192.168.1.2","TCP","1514","8004  >  36446 [ACK] Seq=30598 Ack=144 Win=65024 Len=1448 TSval=2916039206 TSecr=3045558979 [TCP segment of a reassembled PDU]"
"47152","35.125661619","192.168.1.55","192.168.1.2","TCP","1514","8004  >  36446 [ACK] Seq=32046 Ack=144 Win=65024 Len=1448 TSval=2916039206 TSecr=3045558979 [TCP segment of a reassembled PDU]"
"47153","35.125662989","192.168.1.55","192.168.1.2","TCP","1514","8004  >  36446 [ACK] Seq=33494 Ack=144 Win=65024 Len=1448 TSval=2916039206 TSecr=3045558979 [TCP segment of a reassembled PDU]"
"47154","35.125664508","192.168.1.55","192.168.1.2","TCP","1514","8004  >  36446 [ACK] Seq=34942 Ack=144 Win=65024 Len=1448 TSval=2916039206 TSecr=3045558979 [TCP segment of a reassembled PDU]"
"47155","35.125666193","192.168.1.55","192.168.1.2","TCP","1514","8004  >  36446 [ACK] Seq=36390 Ack=144 Win=65024 Len=1448 TSval=2916039206 TSecr=3045558979 [TCP segment of a reassembled PDU]"
"47156","35.125668008","192.168.1.55","192.168.1.2","TCP","1514","8004  >  36446 [ACK] Seq=37838 Ack=144 Win=65024 Len=1448 TSval=2916039206 TSecr=3045558979 [TCP segment of a reassembled PDU]"
"47157","35.125678230","192.168.1.55","192.168.1.2","TCP","1514","8004  >  36446 [ACK] Seq=39286 Ack=144 Win=65024 Len=1448 TSval=2916039206 TSecr=3045558979 [TCP segment of a reassembled PDU]"
"47158","35.125680619","192.168.1.55","192.168.1.2","TCP","1514","8004  >  36446 [PSH, ACK] Seq=40734 Ack=144 Win=65024 Len=1448 TSval=2916039206 TSecr=3045558979 [TCP segment of a reassembled PDU]"
"47159","35.130587886","192.168.1.2","192.168.1.55","TCP","66","36446  >  8004 [ACK] Seq=144 Ack=16118 Win=88064 Len=0 TSval=3045558984 TSecr=2916039206"
"47160","35.130623053","192.168.1.55","192.168.1.2","TCP","1514","8004  >  36446 [ACK] Seq=42182 Ack=144 Win=65024 Len=1448 TSval=2916039211 TSecr=3045558984 [TCP segment of a reassembled PDU]"
"47161","35.130628460","192.168.1.55","192.168.1.2","TCP","1514","8004  >  36446 [PSH, ACK] Seq=43630 Ack=144 Win=65024 Len=1448 TSval=2916039211 TSecr=3045558984 [TCP segment of a reassembled PDU]"
"47162","35.130730053","192.168.1.2","192.168.1.55","TCP","66","36446  >  8004 [ACK] Seq=144 Ack=27702 Win=84992 Len=0 TSval=3045558984 TSecr=2916039206"
"47163","35.130772368","192.168.1.55","192.168.1.2","TCP","1514","8004  >  36446 [ACK] Seq=45078 Ack=144 Win=65024 Len=1448 TSval=2916039211 TSecr=3045558984 [TCP segment of a reassembled PDU]"
"47164","35.130774775","192.168.1.55","192.168.1.2","TCP","1514","8004  >  36446 [ACK] Seq=46526 Ack=144 Win=65024 Len=1448 TSval=2916039211 TSecr=3045558984 [TCP segment of a reassembled PDU]"
"47165","35.130776312","192.168.1.55","192.168.1.2","TCP","1514","8004  >  36446 [ACK] Seq=47974 Ack=144 Win=65024 Len=1448 TSval=2916039211 TSecr=3045558984 [TCP segment of a reassembled PDU]"
"47166","35.130778090","192.168.1.55","192.168.1.2","TCP","1514","8004  >  36446 [ACK] Seq=49422 Ack=144 Win=65024 Len=1448 TSval=2916039211 TSecr=3045558984 [TCP segment of a reassembled PDU]"
"47167","35.130780109","192.168.1.55","192.168.1.2","TCP","1514","8004  >  36446 [ACK] Seq=50870 Ack=144 Win=65024 Len=1448 TSval=2916039211 TSecr=3045558984 [TCP segment of a reassembled PDU]"
"47168","35.130781683","192.168.1.55","192.168.1.2","TCP","1514","8004  >  36446 [ACK] Seq=52318 Ack=144 Win=65024 Len=1448 TSval=2916039211 TSecr=3045558984 [TCP segment of a reassembled PDU]"
"47169","35.130783386","192.168.1.55","192.168.1.2","TCP","1514","8004  >  36446 [ACK] Seq=53766 Ack=144 Win=65024 Len=1448 TSval=2916039211 TSecr=3045558984 [TCP segment of a reassembled PDU]"
"47170","35.130784831","192.168.1.55","192.168.1.2","TCP","1514","8004  >  36446 [ACK] Seq=55214 Ack=144 Win=65024 Len=1448 TSval=2916039211 TSecr=3045558984 [TCP segment of a reassembled PDU]"
"47171","35.130786312","192.168.1.55","192.168.1.2","TCP","1514","8004  >  36446 [ACK] Seq=56662 Ack=144 Win=65024 Len=1448 TSval=2916039211 TSecr=3045558984 [TCP segment of a reassembled PDU]"
"47172","35.130787701","192.168.1.55","192.168.1.2","TCP","1514","8004  >  36446 [ACK] Seq=58110 Ack=144 Win=65024 Len=1448 TSval=2916039211 TSecr=3045558984 [TCP segment of a reassembled PDU]"
"47173","35.130789257","192.168.1.55","192.168.1.2","TCP","1514","8004  >  36446 [ACK] Seq=59558 Ack=144 Win=65024 Len=1448 TSval=2916039211 TSecr=3045558984 [TCP segment of a reassembled PDU]"
"47174","35.130791331","192.168.1.55","192.168.1.2","TCP","1514","8004  >  36446 [ACK] Seq=61006 Ack=144 Win=65024 Len=1448 TSval=2916039211 TSecr=3045558984 [TCP segment of a reassembled PDU]"
"47175","35.130793979","192.168.1.55","192.168.1.2","TCP","1514","8004  >  36446 [ACK] Seq=62454 Ack=144 Win=65024 Len=1448 TSval=2916039211 TSecr=3045558984 [TCP segment of a reassembled PDU]"
"47176","35.130795497","192.168.1.55","192.168.1.2","TCP","1514","8004  >  36446 [ACK] Seq=63902 Ack=144 Win=65024 Len=1448 TSval=2916039211 TSecr=3045558984 [TCP segment of a reassembled PDU]"
"47177","35.130796979","192.168.1.55","192.168.1.2","TCP","1514","8004  >  36446 [PSH, ACK] Seq=65350 Ack=144 Win=65024 Len=1448 TSval=2916039211 TSecr=3045558984 [TCP segment of a reassembled PDU]"
"47178","35.130802738","192.168.1.2","192.168.1.55","TCP","66","36446  >  8004 [ACK] Seq=144 Ack=36390 Win=76800 Len=0 TSval=3045558984 TSecr=2916039206"
"47179","35.130810405","192.168.1.2","192.168.1.55","TCP","66","36446  >  8004 [ACK] Seq=144 Ack=42182 Win=91136 Len=0 TSval=3045558985 TSecr=2916039206"
"47180","35.130868812","192.168.1.55","192.168.1.2","TCP","1514","8004  >  36446 [ACK] Seq=66798 Ack=144 Win=65024 Len=1448 TSval=2916039211 TSecr=3045558984 [TCP segment of a reassembled PDU]"
"47181","35.130878109","192.168.1.55","192.168.1.2","TCP","1514","8004  >  36446 [ACK] Seq=68246 Ack=144 Win=65024 Len=1448 TSval=2916039211 TSecr=3045558984 [TCP segment of a reassembled PDU]"
"47182","35.130879868","192.168.1.55","192.168.1.2","TCP","1514","8004  >  36446 [ACK] Seq=69694 Ack=144 Win=65024 Len=1448 TSval=2916039211 TSecr=3045558984 [TCP segment of a reassembled PDU]"
"47183","35.130881683","192.168.1.55","192.168.1.2","TCP","1514","8004  >  36446 [ACK] Seq=71142 Ack=144 Win=65024 Len=1448 TSval=2916039211 TSecr=3045558984 [TCP segment of a reassembled PDU]"
"47184","35.130883201","192.168.1.55","192.168.1.2","TCP","1514","8004  >  36446 [ACK] Seq=72590 Ack=144 Win=65024 Len=1448 TSval=2916039211 TSecr=3045558984 [TCP segment of a reassembled PDU]"
"47185","35.130884572","192.168.1.55","192.168.1.2","TCP","1514","8004  >  36446 [ACK] Seq=74038 Ack=144 Win=65024 Len=1448 TSval=2916039211 TSecr=3045558984 [TCP segment of a reassembled PDU]"
"47186","35.130885886","192.168.1.55","192.168.1.2","TCP","1514","8004  >  36446 [PSH, ACK] Seq=75486 Ack=144 Win=65024 Len=1448 TSval=2916039211 TSecr=3045558984 [TCP segment of a reassembled PDU]"
"47187","35.131504387","192.168.1.55","192.168.1.2","TCP","1514","8004  >  36446 [ACK] Seq=76934 Ack=144 Win=65024 Len=1448 TSval=2916039212 TSecr=3045558985 [TCP segment of a reassembled PDU]"
"47188","35.131506332","192.168.1.55","192.168.1.2","TCP","1514","8004  >  36446 [ACK] Seq=78382 Ack=144 Win=65024 Len=1448 TSval=2916039212 TSecr=3045558985 [TCP segment of a reassembled PDU]"
"47189","35.131507554","192.168.1.55","192.168.1.2","TCP","1514","8004  >  36446 [ACK] Seq=79830 Ack=144 Win=65024 Len=1448 TSval=2916039212 TSecr=3045558985 [TCP segment of a reassembled PDU]"
"47190","35.131508647","192.168.1.55","192.168.1.2","TCP","1514","8004  >  36446 [ACK] Seq=81278 Ack=144 Win=65024 Len=1448 TSval=2916039212 TSecr=3045558985 [TCP segment of a reassembled PDU]"
"47191","35.131509925","192.168.1.55","192.168.1.2","TCP","1514","8004  >  36446 [ACK] Seq=82726 Ack=144 Win=65024 Len=1448 TSval=2916039212 TSecr=3045558985 [TCP segment of a reassembled PDU]"
"47192","35.131511980","192.168.1.55","192.168.1.2","TCP","1514","8004  >  36446 [ACK] Seq=84174 Ack=144 Win=65024 Len=1448 TSval=2916039212 TSecr=3045558985 [TCP segment of a reassembled PDU]"
"47193","35.131513850","192.168.1.55","192.168.1.2","TCP","1514","8004  >  36446 [ACK] Seq=85622 Ack=144 Win=65024 Len=1448 TSval=2916039212 TSecr=3045558985 [TCP segment of a reassembled PDU]"
"47194","35.131515128","192.168.1.55","192.168.1.2","TCP","1514","8004  >  36446 [ACK] Seq=87070 Ack=144 Win=65024 Len=1448 TSval=2916039212 TSecr=3045558985 [TCP segment of a reassembled PDU]"
"47195","35.131516313","192.168.1.55","192.168.1.2","TCP","1514","8004  >  36446 [ACK] Seq=88518 Ack=144 Win=65024 Len=1448 TSval=2916039212 TSecr=3045558985 [TCP segment of a reassembled PDU]"
"47196","35.131517684","192.168.1.55","192.168.1.2","TCP","1514","8004  >  36446 [ACK] Seq=89966 Ack=144 Win=65024 Len=1448 TSval=2916039212 TSecr=3045558985 [TCP segment of a reassembled PDU]"
"47197","35.131518776","192.168.1.55","192.168.1.2","TCP","1514","8004  >  36446 [ACK] Seq=91414 Ack=144 Win=65024 Len=1448 TSval=2916039212 TSecr=3045558985 [TCP segment of a reassembled PDU]"
"47198","35.131520295","192.168.1.55","192.168.1.2","TCP","1514","8004  >  36446 [ACK] Seq=92862 Ack=144 Win=65024 Len=1448 TSval=2916039212 TSecr=3045558985 [TCP segment of a reassembled PDU]"
"47199","35.131522980","192.168.1.55","192.168.1.2","TCP","1514","8004  >  36446 [ACK] Seq=94310 Ack=144 Win=65024 Len=1448 TSval=2916039212 TSecr=3045558985 [TCP segment of a reassembled PDU]"
"47200","35.131524554","192.168.1.55","192.168.1.2","TCP","1514","8004  >  36446 [ACK] Seq=95758 Ack=144 Win=65024 Len=1448 TSval=2916039212 TSecr=3045558985 [TCP segment of a reassembled PDU]"
"47201","35.131525721","192.168.1.55","192.168.1.2","TCP","1514","8004  >  36446 [ACK] Seq=97206 Ack=144 Win=65024 Len=1448 TSval=2916039212 TSecr=3045558985 [TCP segment of a reassembled PDU]"
"47202","35.131526850","192.168.1.55","192.168.1.2","TCP","1514","8004  >  36446 [PSH, ACK] Seq=98654 Ack=144 Win=65024 Len=1448 TSval=2916039212 TSecr=3045558985 [TCP segment of a reassembled PDU]"
"47203","35.136184913","192.168.1.2","192.168.1.55","TCP","66","36446  >  8004 [ACK] Seq=144 Ack=45078 Win=91136 Len=0 TSval=3045558990 TSecr=2916039211"
"47204","35.136196913","192.168.1.55","192.168.1.2","TCP","1514","8004  >  36446 [ACK] Seq=100102 Ack=144 Win=65024 Len=1448 TSval=2916039216 TSecr=3045558990 [TCP segment of a reassembled PDU]"
"47205","35.136199154","192.168.1.55","192.168.1.2","TCP","1514","8004  >  36446 [ACK] Seq=101550 Ack=144 Win=65024 Len=1448 TSval=2916039216 TSecr=3045558990 [TCP segment of a reassembled PDU]"
"47206","35.136200691","192.168.1.55","192.168.1.2","TCP","1514","8004  >  36446 [ACK] Seq=102998 Ack=144 Win=65024 Len=1448 TSval=2916039216 TSecr=3045558990 [TCP segment of a reassembled PDU]"
"47207","35.136202154","192.168.1.55","192.168.1.2","TCP","1514","8004  >  36446 [PSH, ACK] Seq=104446 Ack=144 Win=65024 Len=1448 TSval=2916039216 TSecr=3045558990 [TCP segment of a reassembled PDU]"
"47208","35.136467044","192.168.1.2","192.168.1.55","TCP","66","36446  >  8004 [ACK] Seq=144 Ack=66798 Win=75776 Len=0 TSval=3045558991 TSecr=2916039211"
"47209","35.136481970","192.168.1.55","192.168.1.2","TCP","1514","8004  >  36446 [ACK] Seq=105894 Ack=144 Win=65024 Len=1448 TSval=2916039217 TSecr=3045558991 [TCP segment of a reassembled PDU]"
"47210","35.136483970","192.168.1.55","192.168.1.2","TCP","1514","8004  >  36446 [ACK] Seq=107342 Ack=144 Win=65024 Len=1448 TSval=2916039217 TSecr=3045558991 [TCP segment of a reassembled PDU]"
"47211","35.136485136","192.168.1.55","192.168.1.2","TCP","1514","8004  >  36446 [ACK] Seq=108790 Ack=144 Win=65024 Len=1448 TSval=2916039217 TSecr=3045558991 [TCP segment of a reassembled PDU]"
"47212","35.136486229","192.168.1.55","192.168.1.2","TCP","1514","8004  >  36446 [ACK] Seq=110238 Ack=144 Win=65024 Len=1448 TSval=2916039217 TSecr=3045558991 [TCP segment of a reassembled PDU]"
"47213","35.136487414","192.168.1.55","192.168.1.2","TCP","1514","8004  >  36446 [ACK] Seq=111686 Ack=144 Win=65024 Len=1448 TSval=2916039217 TSecr=3045558991 [TCP segment of a reassembled PDU]"
"47214","35.136488488","192.168.1.55","192.168.1.2","TCP","1514","8004  >  36446 [ACK] Seq=113134 Ack=144 Win=65024 Len=1448 TSval=2916039217 TSecr=3045558991 [TCP segment of a reassembled PDU]"
"47215","35.136489655","192.168.1.55","192.168.1.2","TCP","1514","8004  >  36446 [ACK] Seq=114582 Ack=144 Win=65024 Len=1448 TSval=2916039217 TSecr=3045558991 [TCP segment of a reassembled PDU]"
"47216","35.136490803","192.168.1.55","192.168.1.2","TCP","1514","8004  >  36446 [ACK] Seq=116030 Ack=144 Win=65024 Len=1448 TSval=2916039217 TSecr=3045558991 [TCP segment of a reassembled PDU]"
"47217","35.136492007","192.168.1.55","192.168.1.2","TCP","1514","8004  >  36446 [ACK] Seq=117478 Ack=144 Win=65024 Len=1448 TSval=2916039217 TSecr=3045558991 [TCP segment of a reassembled PDU]"
"47218","35.136493192","192.168.1.55","192.168.1.2","TCP","1514","8004  >  36446 [PSH, ACK] Seq=118926 Ack=144 Win=65024 Len=1448 TSval=2916039217 TSecr=3045558991 [TCP segment of a reassembled PDU]"
"47219","35.136498432","192.168.1.2","192.168.1.55","TCP","66","36446  >  8004 [ACK] Seq=144 Ack=76934 Win=87040 Len=0 TSval=3045558991 TSecr=2916039211"
"47220","35.136533710","192.168.1.55","192.168.1.2","TCP","1514","8004  >  36446 [ACK] Seq=120374 Ack=144 Win=65024 Len=1448 TSval=2916039217 TSecr=3045558991 [TCP segment of a reassembled PDU]"
"47221","35.136535266","192.168.1.55","192.168.1.2","TCP","1514","8004  >  36446 [ACK] Seq=121822 Ack=144 Win=65024 Len=1448 TSval=2916039217 TSecr=3045558991 [TCP segment of a reassembled PDU]"
"47222","35.136536470","192.168.1.55","192.168.1.2","TCP","1514","8004  >  36446 [ACK] Seq=123270 Ack=144 Win=65024 Len=1448 TSval=2916039217 TSecr=3045558991 [TCP segment of a reassembled PDU]"
"47223","35.136537655","192.168.1.55","192.168.1.2","TCP","1514","8004  >  36446 [ACK] Seq=124718 Ack=144 Win=65024 Len=1448 TSval=2916039217 TSecr=3045558991 [TCP segment of a reassembled PDU]"
"47224","35.136538951","192.168.1.55","192.168.1.2","TCP","1514","8004  >  36446 [ACK] Seq=126166 Ack=144 Win=65024 Len=1448 TSval=2916039217 TSecr=3045558991 [TCP segment of a reassembled PDU]"
"47225","35.136540192","192.168.1.55","192.168.1.2","TCP","1514","8004  >  36446 [ACK] Seq=127614 Ack=144 Win=65024 Len=1448 TSval=2916039217 TSecr=3045558991 [TCP segment of a reassembled PDU]"
"47226","35.136541803","192.168.1.55","192.168.1.2","TCP","1514","8004  >  36446 [ACK] Seq=129062 Ack=144 Win=65024 Len=1448 TSval=2916039217 TSecr=3045558991 [TCP segment of a reassembled PDU]"
"47227","35.136543081","192.168.1.55","192.168.1.2","TCP","1514","8004  >  36446 [ACK] Seq=130510 Ack=144 Win=65024 Len=1448 TSval=2916039217 TSecr=3045558991 [TCP segment of a reassembled PDU]"
"47228","35.136544247","192.168.1.55","192.168.1.2","TCP","1514","8004  >  36446 [ACK] Seq=131958 Ack=144 Win=65024 Len=1448 TSval=2916039217 TSecr=3045558991 [TCP segment of a reassembled PDU]"
"47229","35.136545507","192.168.1.55","192.168.1.2","TCP","1514","8004  >  36446 [ACK] Seq=133406 Ack=144 Win=65024 Len=1448 TSval=2916039217 TSecr=3045558991 [TCP segment of a reassembled PDU]"
"47230","35.136546692","192.168.1.55","192.168.1.2","TCP","1514","8004  >  36446 [ACK] Seq=134854 Ack=144 Win=65024 Len=1448 TSval=2916039217 TSecr=3045558991 [TCP segment of a reassembled PDU]"
"47231","35.136547803","192.168.1.55","192.168.1.2","TCP","1514","8004  >  36446 [ACK] Seq=136302 Ack=144 Win=65024 Len=1448 TSval=2916039217 TSecr=3045558991 [TCP segment of a reassembled PDU]"
"47232","35.136548988","192.168.1.55","192.168.1.2","TCP","1514","8004  >  36446 [ACK] Seq=137750 Ack=144 Win=65024 Len=1448 TSval=2916039217 TSecr=3045558991 [TCP segment of a reassembled PDU]"
"47233","35.136550247","192.168.1.55","192.168.1.2","TCP","1514","8004  >  36446 [ACK] Seq=139198 Ack=144 Win=65024 Len=1448 TSval=2916039217 TSecr=3045558991 [TCP segment of a reassembled PDU]"
"47234","35.136551470","192.168.1.55","192.168.1.2","TCP","1514","8004  >  36446 [ACK] Seq=140646 Ack=144 Win=65024 Len=1448 TSval=2916039217 TSecr=3045558991 [TCP segment of a reassembled PDU]"
"47235","35.136552673","192.168.1.55","192.168.1.2","TCP","1514","8004  >  36446 [ACK] Seq=142094 Ack=144 Win=65024 Len=1448 TSval=2916039217 TSecr=3045558991 [TCP segment of a reassembled PDU]"
"47236","35.136553896","192.168.1.55","192.168.1.2","TCP","1514","8004  >  36446 [ACK] Seq=143542 Ack=144 Win=65024 Len=1448 TSval=2916039217 TSecr=3045558991 [TCP segment of a reassembled PDU]"
"47237","35.136555414","192.168.1.55","192.168.1.2","TCP","1514","8004  >  36446 [ACK] Seq=144990 Ack=144 Win=65024 Len=1448 TSval=2916039217 TSecr=3045558991 [TCP segment of a reassembled PDU]"
"47238","35.136556729","192.168.1.55","192.168.1.2","TCP","1514","8004  >  36446 [ACK] Seq=146438 Ack=144 Win=65024 Len=1448 TSval=2916039217 TSecr=3045558991 [TCP segment of a reassembled PDU]"
"47239","35.136558044","192.168.1.55","192.168.1.2","TCP","1514","8004  >  36446 [ACK] Seq=147886 Ack=144 Win=65024 Len=1448 TSval=2916039217 TSecr=3045558991 [TCP segment of a reassembled PDU]"
"47240","35.136559359","192.168.1.55","192.168.1.2","TCP","1514","8004  >  36446 [ACK] Seq=149334 Ack=144 Win=65024 Len=1448 TSval=2916039217 TSecr=3045558991 [TCP segment of a reassembled PDU]"
"47241","35.136560618","192.168.1.55","192.168.1.2","TCP","1514","8004  >  36446 [ACK] Seq=150782 Ack=144 Win=65024 Len=1448 TSval=2916039217 TSecr=3045558991 [TCP segment of a reassembled PDU]"
"47242","35.136561877","192.168.1.55","192.168.1.2","TCP","1514","8004  >  36446 [ACK] Seq=152230 Ack=144 Win=65024 Len=1448 TSval=2916039217 TSecr=3045558991 [TCP segment of a reassembled PDU]"
"47243","35.136563136","192.168.1.55","192.168.1.2","TCP","1514","8004  >  36446 [ACK] Seq=153678 Ack=144 Win=65024 Len=1448 TSval=2916039217 TSecr=3045558991 [TCP segment of a reassembled PDU]"
"47244","35.136564359","192.168.1.55","192.168.1.2","TCP","1514","8004  >  36446 [ACK] Seq=155126 Ack=144 Win=65024 Len=1448 TSval=2916039217 TSecr=3045558991 [TCP segment of a reassembled PDU]"
"47245","35.136565784","192.168.1.55","192.168.1.2","TCP","1514","8004  >  36446 [ACK] Seq=156574 Ack=144 Win=65024 Len=1448 TSval=2916039217 TSecr=3045558991 [TCP segment of a reassembled PDU]"
"47246","35.136566896","192.168.1.55","192.168.1.2","TCP","1514","8004  >  36446 [ACK] Seq=158022 Ack=144 Win=65024 Len=1448 TSval=2916039217 TSecr=3045558991 [TCP segment of a reassembled PDU]"
"47247","35.136568136","192.168.1.55","192.168.1.2","TCP","1514","8004  >  36446 [ACK] Seq=159470 Ack=144 Win=65024 Len=1448 TSval=2916039217 TSecr=3045558991 [TCP segment of a reassembled PDU]"
"47248","35.136569359","192.168.1.55","192.168.1.2","TCP","1514","8004  >  36446 [ACK] Seq=160918 Ack=144 Win=65024 Len=1448 TSval=2916039217 TSecr=3045558991 [TCP segment of a reassembled PDU]"
"47249","35.136570636","192.168.1.55","192.168.1.2","TCP","1514","8004  >  36446 [PSH, ACK] Seq=162366 Ack=144 Win=65024 Len=1448 TSval=2916039217 TSecr=3045558991 [TCP segment of a reassembled PDU]"
"47250","35.136574673","192.168.1.2","192.168.1.55","TCP","66","36446  >  8004 [ACK] Seq=144 Ack=100102 Win=72704 Len=0 TSval=3045558991 TSecr=2916039212"
"47251","35.136595710","192.168.1.55","192.168.1.2","TCP","1514","8004  >  36446 [ACK] Seq=163814 Ack=144 Win=65024 Len=1448 TSval=2916039217 TSecr=3045558991 [TCP segment of a reassembled PDU]"
"47252","35.136599785","192.168.1.55","192.168.1.2","TCP","1514","8004  >  36446 [ACK] Seq=165262 Ack=144 Win=65024 Len=1448 TSval=2916039217 TSecr=3045558991 [TCP segment of a reassembled PDU]"
"47253","35.136601210","192.168.1.55","192.168.1.2","TCP","1514","8004  >  36446 [ACK] Seq=166710 Ack=144 Win=65024 Len=1448 TSval=2916039217 TSecr=3045558991 [TCP segment of a reassembled PDU]"
"47254","35.136602322","192.168.1.55","192.168.1.2","TCP","1514","8004  >  36446 [ACK] Seq=168158 Ack=144 Win=65024 Len=1448 TSval=2916039217 TSecr=3045558991 [TCP segment of a reassembled PDU]"
"47255","35.136603396","192.168.1.55","192.168.1.2","TCP","1514","8004  >  36446 [ACK] Seq=169606 Ack=144 Win=65024 Len=1448 TSval=2916039217 TSecr=3045558991 [TCP segment of a reassembled PDU]"
"47256","35.136604636","192.168.1.55","192.168.1.2","TCP","1514","8004  >  36446 [ACK] Seq=171054 Ack=144 Win=65024 Len=1448 TSval=2916039217 TSecr=3045558991 [TCP segment of a reassembled PDU]"
"47257","35.136605970","192.168.1.55","192.168.1.2","TCP","370","[TCP Window Full] 8004  >  36446 [PSH, ACK] Seq=172502 Ack=144 Win=65024 Len=304 TSval=2916039217 TSecr=3045558991 [TCP segment of a reassembled PDU]"
"47258","35.143790944","192.168.1.2","192.168.1.55","TCP","66","36446  >  8004 [ACK] Seq=144 Ack=105894 Win=87040 Len=0 TSval=3045558993 TSecr=2916039216"
"47259","35.143817370","192.168.1.55","192.168.1.2","TCP","1514","8004  >  36446 [ACK] Seq=172806 Ack=144 Win=65024 Len=1448 TSval=2916039224 TSecr=3045558993 [TCP segment of a reassembled PDU]"
"47260","35.143820166","192.168.1.55","192.168.1.2","TCP","1514","8004  >  36446 [ACK] Seq=174254 Ack=144 Win=65024 Len=1448 TSval=2916039224 TSecr=3045558993 [TCP segment of a reassembled PDU]"
"47261","35.143821481","192.168.1.55","192.168.1.2","TCP","1514","8004  >  36446 [ACK] Seq=175702 Ack=144 Win=65024 Len=1448 TSval=2916039224 TSecr=3045558993 [TCP segment of a reassembled PDU]"
"47262","35.143822833","192.168.1.55","192.168.1.2","TCP","1514","8004  >  36446 [ACK] Seq=177150 Ack=144 Win=65024 Len=1448 TSval=2916039224 TSecr=3045558993 [TCP segment of a reassembled PDU]"
"47263","35.143824185","192.168.1.55","192.168.1.2","TCP","1514","8004  >  36446 [ACK] Seq=178598 Ack=144 Win=65024 Len=1448 TSval=2916039224 TSecr=3045558993 [TCP segment of a reassembled PDU]"
"47264","35.143825592","192.168.1.55","192.168.1.2","TCP","1514","8004  >  36446 [ACK] Seq=180046 Ack=144 Win=65024 Len=1448 TSval=2916039224 TSecr=3045558993 [TCP segment of a reassembled PDU]"
"47265","35.143826981","192.168.1.55","192.168.1.2","TCP","1514","8004  >  36446 [ACK] Seq=181494 Ack=144 Win=65024 Len=1448 TSval=2916039224 TSecr=3045558993 [TCP segment of a reassembled PDU]"
"47266","35.143828278","192.168.1.55","192.168.1.2","TCP","1514","8004  >  36446 [ACK] Seq=182942 Ack=144 Win=65024 Len=1448 TSval=2916039224 TSecr=3045558993 [TCP segment of a reassembled PDU]"
"47267","35.143829574","192.168.1.55","192.168.1.2","TCP","1514","8004  >  36446 [ACK] Seq=184390 Ack=144 Win=65024 Len=1448 TSval=2916039224 TSecr=3045558993 [TCP segment of a reassembled PDU]"
"47268","35.143830944","192.168.1.55","192.168.1.2","TCP","1514","8004  >  36446 [ACK] Seq=185838 Ack=144 Win=65024 Len=1448 TSval=2916039224 TSecr=3045558993 [TCP segment of a reassembled PDU]"
"47269","35.143832352","192.168.1.55","192.168.1.2","TCP","1514","8004  >  36446 [ACK] Seq=187286 Ack=144 Win=65024 Len=1448 TSval=2916039224 TSecr=3045558993 [TCP segment of a reassembled PDU]"
"47270","35.143833778","192.168.1.55","192.168.1.2","TCP","1514","8004  >  36446 [ACK] Seq=188734 Ack=144 Win=65024 Len=1448 TSval=2916039224 TSecr=3045558993 [TCP segment of a reassembled PDU]"
"47271","35.143835185","192.168.1.55","192.168.1.2","TCP","1514","8004  >  36446 [PSH, ACK] Seq=190182 Ack=144 Win=65024 Len=1448 TSval=2916039224 TSecr=3045558993 [TCP segment of a reassembled PDU]"
"47272","35.144425871","192.168.1.2","192.168.1.55","TCP","66","36446  >  8004 [ACK] Seq=144 Ack=120374 Win=83968 Len=0 TSval=3045558997 TSecr=2916039217"
"47273","35.144433279","192.168.1.2","192.168.1.55","TCP","66","36446  >  8004 [ACK] Seq=144 Ack=163814 Win=40960 Len=0 TSval=3045558997 TSecr=2916039217"
"47274","35.144440704","192.168.1.2","192.168.1.55","TCP","66","36446  >  8004 [ACK] Seq=144 Ack=171054 Win=50176 Len=0 TSval=3045558997 TSecr=2916039217"
"47275","35.144454779","192.168.1.55","192.168.1.2","TCP","1514","8004  >  36446 [ACK] Seq=191630 Ack=144 Win=65024 Len=1448 TSval=2916039225 TSecr=3045558997 [TCP segment of a reassembled PDU]"
"47276","35.144456538","192.168.1.55","192.168.1.2","TCP","1514","8004  >  36446 [ACK] Seq=193078 Ack=144 Win=65024 Len=1448 TSval=2916039225 TSecr=3045558997 [TCP segment of a reassembled PDU]"
"47277","35.144457834","192.168.1.55","192.168.1.2","TCP","1514","8004  >  36446 [ACK] Seq=194526 Ack=144 Win=65024 Len=1448 TSval=2916039225 TSecr=3045558997 [TCP segment of a reassembled PDU]"
"47278","35.144459279","192.168.1.55","192.168.1.2","TCP","1514","8004  >  36446 [ACK] Seq=195974 Ack=144 Win=65024 Len=1448 TSval=2916039225 TSecr=3045558997 [TCP segment of a reassembled PDU]"
"47279","35.144460686","192.168.1.55","192.168.1.2","TCP","1514","8004  >  36446 [ACK] Seq=197422 Ack=144 Win=65024 Len=1448 TSval=2916039225 TSecr=3045558997 [TCP segment of a reassembled PDU]"
"47280","35.144462149","192.168.1.55","192.168.1.2","TCP","1514","8004  >  36446 [ACK] Seq=198870 Ack=144 Win=65024 Len=1448 TSval=2916039225 TSecr=3045558997 [TCP segment of a reassembled PDU]"
"47281","35.144463464","192.168.1.55","192.168.1.2","TCP","1514","8004  >  36446 [ACK] Seq=200318 Ack=144 Win=65024 Len=1448 TSval=2916039225 TSecr=3045558997 [TCP segment of a reassembled PDU]"
"47282","35.144464908","192.168.1.55","192.168.1.2","TCP","1514","8004  >  36446 [ACK] Seq=201766 Ack=144 Win=65024 Len=1448 TSval=2916039225 TSecr=3045558997 [TCP segment of a reassembled PDU]"
"47283","35.144466316","192.168.1.55","192.168.1.2","TCP","1514","8004  >  36446 [ACK] Seq=203214 Ack=144 Win=65024 Len=1448 TSval=2916039225 TSecr=3045558997 [TCP segment of a reassembled PDU]"
"47284","35.144467871","192.168.1.55","192.168.1.2","TCP","1514","8004  >  36446 [ACK] Seq=204662 Ack=144 Win=65024 Len=1448 TSval=2916039225 TSecr=3045558997 [TCP segment of a reassembled PDU]"
"47285","35.144469260","192.168.1.55","192.168.1.2","TCP","1514","8004  >  36446 [PSH, ACK] Seq=206110 Ack=144 Win=65024 Len=1448 TSval=2916039225 TSecr=3045558997 [TCP segment of a reassembled PDU]"
"47286","35.144475853","192.168.1.55","192.168.1.2","TCP","1210","8004  >  36446 [ACK] Seq=207558 Ack=144 Win=65024 Len=1144 TSval=2916039225 TSecr=3045558997 [TCP segment of a reassembled PDU]"
"47287","35.147183876","192.168.1.2","192.168.1.55","TCP","66","36446  >  8004 [ACK] Seq=144 Ack=172806 Win=95232 Len=0 TSval=3045558999 TSecr=2916039217"
"47288","35.147219357","192.168.1.55","192.168.1.2","TCP","1514","8004  >  36446 [ACK] Seq=208702 Ack=144 Win=65024 Len=1448 TSval=2916039227 TSecr=3045558999 [TCP segment of a reassembled PDU]"
"47289","35.147221746","192.168.1.55","192.168.1.2","TCP","1514","8004  >  36446 [ACK] Seq=210150 Ack=144 Win=65024 Len=1448 TSval=2916039227 TSecr=3045558999 [TCP segment of a reassembled PDU]"
"47290","35.147223376","192.168.1.55","192.168.1.2","TCP","1514","8004  >  36446 [ACK] Seq=211598 Ack=144 Win=65024 Len=1448 TSval=2916039227 TSecr=3045558999 [TCP segment of a reassembled PDU]"
"47291","35.147224727","192.168.1.55","192.168.1.2","TCP","1514","8004  >  36446 [ACK] Seq=213046 Ack=144 Win=65024 Len=1448 TSval=2916039227 TSecr=3045558999 [TCP segment of a reassembled PDU]"
"47292","35.147226487","192.168.1.55","192.168.1.2","TCP","1514","8004  >  36446 [ACK] Seq=214494 Ack=144 Win=65024 Len=1448 TSval=2916039227 TSecr=3045558999 [TCP segment of a reassembled PDU]"
"47293","35.147227727","192.168.1.55","192.168.1.2","TCP","1514","8004  >  36446 [ACK] Seq=215942 Ack=144 Win=65024 Len=1448 TSval=2916039227 TSecr=3045558999 [TCP segment of a reassembled PDU]"
"47294","35.147229024","192.168.1.55","192.168.1.2","TCP","1514","8004  >  36446 [ACK] Seq=217390 Ack=144 Win=65024 Len=1448 TSval=2916039227 TSecr=3045558999 [TCP segment of a reassembled PDU]"
"47295","35.147230376","192.168.1.55","192.168.1.2","TCP","1514","8004  >  36446 [ACK] Seq=218838 Ack=144 Win=65024 Len=1448 TSval=2916039227 TSecr=3045558999 [TCP segment of a reassembled PDU]"
"47296","35.147231690","192.168.1.55","192.168.1.2","TCP","1514","8004  >  36446 [ACK] Seq=220286 Ack=144 Win=65024 Len=1448 TSval=2916039227 TSecr=3045558999 [TCP segment of a reassembled PDU]"
"47297","35.147233135","192.168.1.55","192.168.1.2","TCP","1514","8004  >  36446 [ACK] Seq=221734 Ack=144 Win=65024 Len=1448 TSval=2916039227 TSecr=3045558999 [TCP segment of a reassembled PDU]"
"47298","35.147234487","192.168.1.55","192.168.1.2","TCP","1514","8004  >  36446 [ACK] Seq=223182 Ack=144 Win=65024 Len=1448 TSval=2916039227 TSecr=3045558999 [TCP segment of a reassembled PDU]"
"47299","35.147235839","192.168.1.55","192.168.1.2","TCP","1514","8004  >  36446 [ACK] Seq=224630 Ack=144 Win=65024 Len=1448 TSval=2916039227 TSecr=3045558999 [TCP segment of a reassembled PDU]"
"47300","35.147237135","192.168.1.55","192.168.1.2","TCP","1514","8004  >  36446 [ACK] Seq=226078 Ack=144 Win=65024 Len=1448 TSval=2916039227 TSecr=3045558999 [TCP segment of a reassembled PDU]"
"47301","35.147238394","192.168.1.55","192.168.1.2","TCP","1514","8004  >  36446 [ACK] Seq=227526 Ack=144 Win=65024 Len=1448 TSval=2916039227 TSecr=3045558999 [TCP segment of a reassembled PDU]"
"47302","35.147239802","192.168.1.55","192.168.1.2","TCP","1514","8004  >  36446 [ACK] Seq=228974 Ack=144 Win=65024 Len=1448 TSval=2916039227 TSecr=3045558999 [TCP segment of a reassembled PDU]"
"47303","35.147241079","192.168.1.55","192.168.1.2","TCP","1514","8004  >  36446 [ACK] Seq=230422 Ack=144 Win=65024 Len=1448 TSval=2916039227 TSecr=3045558999 [TCP segment of a reassembled PDU]"
"47304","35.147242468","192.168.1.55","192.168.1.2","TCP","1514","8004  >  36446 [ACK] Seq=231870 Ack=144 Win=65024 Len=1448 TSval=2916039227 TSecr=3045558999 [TCP segment of a reassembled PDU]"
"47305","35.147243913","192.168.1.55","192.168.1.2","TCP","1514","8004  >  36446 [ACK] Seq=233318 Ack=144 Win=65024 Len=1448 TSval=2916039227 TSecr=3045558999 [TCP segment of a reassembled PDU]"
"47306","35.147245209","192.168.1.55","192.168.1.2","TCP","1514","8004  >  36446 [ACK] Seq=234766 Ack=144 Win=65024 Len=1448 TSval=2916039227 TSecr=3045558999 [TCP segment of a reassembled PDU]"
"47307","35.147246598","192.168.1.55","192.168.1.2","TCP","1514","8004  >  36446 [ACK] Seq=236214 Ack=144 Win=65024 Len=1448 TSval=2916039227 TSecr=3045558999 [TCP segment of a reassembled PDU]"
"47308","35.147247987","192.168.1.55","192.168.1.2","TCP","1514","8004  >  36446 [ACK] Seq=237662 Ack=144 Win=65024 Len=1448 TSval=2916039227 TSecr=3045558999 [TCP segment of a reassembled PDU]"
"47309","35.147249357","192.168.1.55","192.168.1.2","TCP","1514","8004  >  36446 [ACK] Seq=239110 Ack=144 Win=65024 Len=1448 TSval=2916039227 TSecr=3045558999 [TCP segment of a reassembled PDU]"
"47310","35.147250894","192.168.1.55","192.168.1.2","TCP","1514","8004  >  36446 [ACK] Seq=240558 Ack=144 Win=65024 Len=1448 TSval=2916039227 TSecr=3045558999 [TCP segment of a reassembled PDU]"
"47311","35.147252227","192.168.1.55","192.168.1.2","TCP","1514","8004  >  36446 [ACK] Seq=242006 Ack=144 Win=65024 Len=1448 TSval=2916039227 TSecr=3045558999 [TCP segment of a reassembled PDU]"
"47312","35.147253783","192.168.1.55","192.168.1.2","TCP","1514","8004  >  36446 [ACK] Seq=243454 Ack=144 Win=65024 Len=1448 TSval=2916039227 TSecr=3045558999 [TCP segment of a reassembled PDU]"
"47313","35.147255302","192.168.1.55","192.168.1.2","TCP","1514","8004  >  36446 [ACK] Seq=244902 Ack=144 Win=65024 Len=1448 TSval=2916039227 TSecr=3045558999 [TCP segment of a reassembled PDU]"
"47314","35.147256579","192.168.1.55","192.168.1.2","TCP","1514","8004  >  36446 [ACK] Seq=246350 Ack=144 Win=65024 Len=1448 TSval=2916039227 TSecr=3045558999 [TCP segment of a reassembled PDU]"
"47315","35.147258376","192.168.1.55","192.168.1.2","TCP","1514","8004  >  36446 [ACK] Seq=247798 Ack=144 Win=65024 Len=1448 TSval=2916039227 TSecr=3045558999 [TCP segment of a reassembled PDU]"
"47316","35.147259635","192.168.1.55","192.168.1.2","TCP","1514","8004  >  36446 [ACK] Seq=249246 Ack=144 Win=65024 Len=1448 TSval=2916039227 TSecr=3045558999 [TCP segment of a reassembled PDU]"
"47317","35.147260931","192.168.1.55","192.168.1.2","TCP","1514","8004  >  36446 [ACK] Seq=250694 Ack=144 Win=65024 Len=1448 TSval=2916039227 TSecr=3045558999 [TCP segment of a reassembled PDU]"
"47318","35.147262209","192.168.1.55","192.168.1.2","TCP","1514","8004  >  36446 [PSH, ACK] Seq=252142 Ack=144 Win=65024 Len=1448 TSval=2916039227 TSecr=3045558999 [TCP segment of a reassembled PDU]"
"47319","35.152088920","192.168.1.2","192.168.1.55","TCP","66","36446  >  8004 [ACK] Seq=144 Ack=191630 Win=95232 Len=0 TSval=3045559003 TSecr=2916039224"
"47320","35.152121976","192.168.1.55","192.168.1.2","TCP","1514","8004  >  36446 [ACK] Seq=253590 Ack=144 Win=65024 Len=1448 TSval=2916039232 TSecr=3045559003 [TCP segment of a reassembled PDU]"
"47321","35.152124124","192.168.1.55","192.168.1.2","TCP","1514","8004  >  36446 [ACK] Seq=255038 Ack=144 Win=65024 Len=1448 TSval=2916039232 TSecr=3045559003 [TCP segment of a reassembled PDU]"
"47322","35.152125587","192.168.1.55","192.168.1.2","TCP","1514","8004  >  36446 [ACK] Seq=256486 Ack=144 Win=65024 Len=1448 TSval=2916039232 TSecr=3045559003 [TCP segment of a reassembled PDU]"
"47323","35.152127198","192.168.1.55","192.168.1.2","TCP","1514","8004  >  36446 [ACK] Seq=257934 Ack=144 Win=65024 Len=1448 TSval=2916039232 TSecr=3045559003 [TCP segment of a reassembled PDU]"
"47324","35.152128569","192.168.1.55","192.168.1.2","TCP","1514","8004  >  36446 [ACK] Seq=259382 Ack=144 Win=65024 Len=1448 TSval=2916039232 TSecr=3045559003 [TCP segment of a reassembled PDU]"
"47325","35.152130050","192.168.1.55","192.168.1.2","TCP","1514","8004  >  36446 [ACK] Seq=260830 Ack=144 Win=65024 Len=1448 TSval=2916039232 TSecr=3045559003 [TCP segment of a reassembled PDU]"
"47326","35.152131550","192.168.1.55","192.168.1.2","TCP","1514","8004  >  36446 [ACK] Seq=262278 Ack=144 Win=65024 Len=1448 TSval=2916039232 TSecr=3045559003 [TCP segment of a reassembled PDU]"
"47327","35.152132939","192.168.1.55","192.168.1.2","TCP","1514","8004  >  36446 [ACK] Seq=263726 Ack=144 Win=65024 Len=1448 TSval=2916039232 TSecr=3045559003 [TCP segment of a reassembled PDU]"
"47328","35.152134513","192.168.1.55","192.168.1.2","TCP","1514","8004  >  36446 [ACK] Seq=265174 Ack=144 Win=65024 Len=1448 TSval=2916039232 TSecr=3045559003 [TCP segment of a reassembled PDU]"
"47329","35.152135976","192.168.1.55","192.168.1.2","TCP","1514","8004  >  36446 [ACK] Seq=266622 Ack=144 Win=65024 Len=1448 TSval=2916039232 TSecr=3045559003 [TCP segment of a reassembled PDU]"
"47330","35.152137328","192.168.1.55","192.168.1.2","TCP","1514","8004  >  36446 [ACK] Seq=268070 Ack=144 Win=65024 Len=1448 TSval=2916039232 TSecr=3045559003 [TCP segment of a reassembled PDU]"
"47331","35.152138791","192.168.1.55","192.168.1.2","TCP","1514","8004  >  36446 [ACK] Seq=269518 Ack=144 Win=65024 Len=1448 TSval=2916039232 TSecr=3045559003 [TCP segment of a reassembled PDU]"
"47332","35.152140309","192.168.1.55","192.168.1.2","TCP","1514","8004  >  36446 [ACK] Seq=270966 Ack=144 Win=65024 Len=1448 TSval=2916039232 TSecr=3045559003 [TCP segment of a reassembled PDU]"
"47333","35.152142550","192.168.1.55","192.168.1.2","TCP","1514","8004  >  36446 [ACK] Seq=272414 Ack=144 Win=65024 Len=1448 TSval=2916039232 TSecr=3045559003 [TCP segment of a reassembled PDU]"
"47334","35.152148272","192.168.1.55","192.168.1.2","TCP","1514","8004  >  36446 [ACK] Seq=273862 Ack=144 Win=65024 Len=1448 TSval=2916039232 TSecr=3045559003 [TCP segment of a reassembled PDU]"
"47335","35.152150161","192.168.1.55","192.168.1.2","TCP","1514","8004  >  36446 [ACK] Seq=275310 Ack=144 Win=65024 Len=1448 TSval=2916039232 TSecr=3045559003 [TCP segment of a reassembled PDU]"
"47336","35.152151643","192.168.1.55","192.168.1.2","TCP","1514","8004  >  36446 [ACK] Seq=276758 Ack=144 Win=65024 Len=1448 TSval=2916039232 TSecr=3045559003 [TCP segment of a reassembled PDU]"
"47337","35.152153032","192.168.1.55","192.168.1.2","TCP","1514","8004  >  36446 [ACK] Seq=278206 Ack=144 Win=65024 Len=1448 TSval=2916039232 TSecr=3045559003 [TCP segment of a reassembled PDU]"
"47338","35.152154513","192.168.1.55","192.168.1.2","TCP","1514","8004  >  36446 [ACK] Seq=279654 Ack=144 Win=65024 Len=1448 TSval=2916039232 TSecr=3045559003 [TCP segment of a reassembled PDU]"
"47339","35.152155958","192.168.1.55","192.168.1.2","TCP","1514","8004  >  36446 [ACK] Seq=281102 Ack=144 Win=65024 Len=1448 TSval=2916039232 TSecr=3045559003 [TCP segment of a reassembled PDU]"
"47340","35.152157328","192.168.1.55","192.168.1.2","TCP","1514","8004  >  36446 [ACK] Seq=282550 Ack=144 Win=65024 Len=1448 TSval=2916039232 TSecr=3045559003 [TCP segment of a reassembled PDU]"
"47341","35.152158846","192.168.1.55","192.168.1.2","TCP","1514","8004  >  36446 [PSH, ACK] Seq=283998 Ack=144 Win=65024 Len=1448 TSval=2916039232 TSecr=3045559003 [TCP segment of a reassembled PDU]"
"47342","35.152190995","192.168.1.2","192.168.1.55","TCP","66","36446  >  8004 [ACK] Seq=144 Ack=208702 Win=88064 Len=0 TSval=3045559003 TSecr=2916039225"
"47343","35.153101996","192.168.1.2","192.168.1.55","TCP","66","36446  >  8004 [ACK] Seq=144 Ack=246350 Win=84992 Len=0 TSval=3045559007 TSecr=2916039227"
"47344","35.153122422","192.168.1.55","192.168.1.2","TCP","1514","8004  >  36446 [ACK] Seq=285446 Ack=144 Win=65024 Len=1448 TSval=2916039233 TSecr=3045559007 [TCP segment of a reassembled PDU]"
"47345","35.153125292","192.168.1.55","192.168.1.2","TCP","1514","8004  >  36446 [ACK] Seq=286894 Ack=144 Win=65024 Len=1448 TSval=2916039233 TSecr=3045559007 [TCP segment of a reassembled PDU]"
"47346","35.153126755","192.168.1.55","192.168.1.2","TCP","1514","8004  >  36446 [ACK] Seq=288342 Ack=144 Win=65024 Len=1448 TSval=2916039233 TSecr=3045559007 [TCP segment of a reassembled PDU]"
"47347","35.153128089","192.168.1.55","192.168.1.2","TCP","1514","8004  >  36446 [ACK] Seq=289790 Ack=144 Win=65024 Len=1448 TSval=2916039233 TSecr=3045559007 [TCP segment of a reassembled PDU]"
"47348","35.153129607","192.168.1.55","192.168.1.2","TCP","1514","8004  >  36446 [ACK] Seq=291238 Ack=144 Win=65024 Len=1448 TSval=2916039233 TSecr=3045559007 [TCP segment of a reassembled PDU]"
"47349","35.153131218","192.168.1.55","192.168.1.2","TCP","1514","8004  >  36446 [ACK] Seq=292686 Ack=144 Win=65024 Len=1448 TSval=2916039233 TSecr=3045559007 [TCP segment of a reassembled PDU]"
"47350","35.153132644","192.168.1.55","192.168.1.2","TCP","1514","8004  >  36446 [ACK] Seq=294134 Ack=144 Win=65024 Len=1448 TSval=2916039233 TSecr=3045559007 [TCP segment of a reassembled PDU]"
"47351","35.153134033","192.168.1.55","192.168.1.2","TCP","1514","8004  >  36446 [ACK] Seq=295582 Ack=144 Win=65024 Len=1448 TSval=2916039233 TSecr=3045559007 [TCP segment of a reassembled PDU]"
"47352","35.153135385","192.168.1.55","192.168.1.2","TCP","1514","8004  >  36446 [PSH, ACK] Seq=297030 Ack=144 Win=65024 Len=1448 TSval=2916039233 TSecr=3045559007 [TCP segment of a reassembled PDU]"
"47353","35.153161459","192.168.1.55","192.168.1.2","TCP","1514","8004  >  36446 [ACK] Seq=298478 Ack=144 Win=65024 Len=1448 TSval=2916039233 TSecr=3045559007 [TCP segment of a reassembled PDU]"
"47354","35.153163237","192.168.1.55","192.168.1.2","TCP","1514","8004  >  36446 [ACK] Seq=299926 Ack=144 Win=65024 Len=1448 TSval=2916039233 TSecr=3045559007 [TCP segment of a reassembled PDU]"
"47355","35.153164718","192.168.1.55","192.168.1.2","TCP","1514","8004  >  36446 [ACK] Seq=301374 Ack=144 Win=65024 Len=1448 TSval=2916039233 TSecr=3045559007 [TCP segment of a reassembled PDU]"
"47356","35.153166274","192.168.1.55","192.168.1.2","TCP","1514","8004  >  36446 [ACK] Seq=302822 Ack=144 Win=65024 Len=1448 TSval=2916039233 TSecr=3045559007 [TCP segment of a reassembled PDU]"
"47357","35.153167867","192.168.1.55","192.168.1.2","TCP","1514","8004  >  36446 [ACK] Seq=304270 Ack=144 Win=65024 Len=1448 TSval=2916039233 TSecr=3045559007 [TCP segment of a reassembled PDU]"
"47358","35.153169404","192.168.1.55","192.168.1.2","TCP","1514","8004  >  36446 [ACK] Seq=305718 Ack=144 Win=65024 Len=1448 TSval=2916039233 TSecr=3045559007 [TCP segment of a reassembled PDU]"
"47359","35.153170996","192.168.1.55","192.168.1.2","TCP","1514","8004  >  36446 [ACK] Seq=307166 Ack=144 Win=65024 Len=1448 TSval=2916039233 TSecr=3045559007 [TCP segment of a reassembled PDU]"
"47360","35.153172515","192.168.1.55","192.168.1.2","TCP","1514","8004  >  36446 [ACK] Seq=308614 Ack=144 Win=65024 Len=1448 TSval=2916039233 TSecr=3045559007 [TCP segment of a reassembled PDU]"
"47361","35.153174126","192.168.1.55","192.168.1.2","TCP","1514","8004  >  36446 [ACK] Seq=310062 Ack=144 Win=65024 Len=1448 TSval=2916039233 TSecr=3045559007 [TCP segment of a reassembled PDU]"
"47362","35.153175589","192.168.1.55","192.168.1.2","TCP","1514","8004  >  36446 [ACK] Seq=311510 Ack=144 Win=65024 Len=1448 TSval=2916039233 TSecr=3045559007 [TCP segment of a reassembled PDU]"
"47363","35.153177144","192.168.1.55","192.168.1.2","TCP","1514","8004  >  36446 [ACK] Seq=312958 Ack=144 Win=65024 Len=1448 TSval=2916039233 TSecr=3045559007 [TCP segment of a reassembled PDU]"
"47364","35.153179348","192.168.1.55","192.168.1.2","TCP","1514","8004  >  36446 [ACK] Seq=314406 Ack=144 Win=65024 Len=1448 TSval=2916039233 TSecr=3045559007 [TCP segment of a reassembled PDU]"
"47365","35.153180755","192.168.1.55","192.168.1.2","TCP","1514","8004  >  36446 [ACK] Seq=315854 Ack=144 Win=65024 Len=1448 TSval=2916039233 TSecr=3045559007 [TCP segment of a reassembled PDU]"
"47366","35.153182404","192.168.1.55","192.168.1.2","TCP","1514","8004  >  36446 [ACK] Seq=317302 Ack=144 Win=65024 Len=1448 TSval=2916039233 TSecr=3045559007 [TCP segment of a reassembled PDU]"
"47367","35.153183922","192.168.1.55","192.168.1.2","TCP","1514","8004  >  36446 [ACK] Seq=318750 Ack=144 Win=65024 Len=1448 TSval=2916039233 TSecr=3045559007 [TCP segment of a reassembled PDU]"
"47368","35.153185367","192.168.1.55","192.168.1.2","TCP","1514","8004  >  36446 [ACK] Seq=320198 Ack=144 Win=65024 Len=1448 TSval=2916039233 TSecr=3045559007 [TCP segment of a reassembled PDU]"
"47369","35.153186922","192.168.1.55","192.168.1.2","TCP","1514","8004  >  36446 [ACK] Seq=321646 Ack=144 Win=65024 Len=1448 TSval=2916039233 TSecr=3045559007 [TCP segment of a reassembled PDU]"
"47370","35.153188422","192.168.1.55","192.168.1.2","TCP","1514","8004  >  36446 [ACK] Seq=323094 Ack=144 Win=65024 Len=1448 TSval=2916039233 TSecr=3045559007 [TCP segment of a reassembled PDU]"
"47371","35.153189941","192.168.1.55","192.168.1.2","TCP","1514","8004  >  36446 [ACK] Seq=324542 Ack=144 Win=65024 Len=1448 TSval=2916039233 TSecr=3045559007 [TCP segment of a reassembled PDU]"
"47372","35.153191533","192.168.1.55","192.168.1.2","TCP","1514","8004  >  36446 [ACK] Seq=325990 Ack=144 Win=65024 Len=1448 TSval=2916039233 TSecr=3045559007 [TCP segment of a reassembled PDU]"
"47373","35.153193552","192.168.1.55","192.168.1.2","TCP","1514","8004  >  36446 [ACK] Seq=327438 Ack=144 Win=65024 Len=1448 TSval=2916039233 TSecr=3045559007 [TCP segment of a reassembled PDU]"
"47374","35.153195200","192.168.1.55","192.168.1.2","TCP","1514","8004  >  36446 [ACK] Seq=328886 Ack=144 Win=65024 Len=1448 TSval=2916039233 TSecr=3045559007 [TCP segment of a reassembled PDU]"
"47375","35.153196626","192.168.1.55","192.168.1.2","TCP","1074","[TCP Window Full] 8004  >  36446 [PSH, ACK] Seq=330334 Ack=144 Win=65024 Len=1008 TSval=2916039233 TSecr=3045559007 [TCP segment of a reassembled PDU]"
"47376","35.157436873","192.168.1.2","192.168.1.55","TCP","66","36446  >  8004 [ACK] Seq=144 Ack=247798 Win=98304 Len=0 TSval=3045559008 TSecr=2916039227"
"47377","35.157452503","192.168.1.55","192.168.1.2","TCP","1514","8004  >  36446 [ACK] Seq=331342 Ack=144 Win=65024 Len=1448 TSval=2916039238 TSecr=3045559008 [TCP segment of a reassembled PDU]"
"47378","35.157455262","192.168.1.55","192.168.1.2","TCP","1514","8004  >  36446 [ACK] Seq=332790 Ack=144 Win=65024 Len=1448 TSval=2916039238 TSecr=3045559008 [TCP segment of a reassembled PDU]"
"47379","35.157456670","192.168.1.55","192.168.1.2","TCP","1514","8004  >  36446 [ACK] Seq=334238 Ack=144 Win=65024 Len=1448 TSval=2916039238 TSecr=3045559008 [TCP segment of a reassembled PDU]"
"47380","35.157458262","192.168.1.55","192.168.1.2","TCP","1514","8004  >  36446 [ACK] Seq=335686 Ack=144 Win=65024 Len=1448 TSval=2916039238 TSecr=3045559008 [TCP segment of a reassembled PDU]"
"47381","35.157459670","192.168.1.55","192.168.1.2","TCP","1514","8004  >  36446 [ACK] Seq=337134 Ack=144 Win=65024 Len=1448 TSval=2916039238 TSecr=3045559008 [TCP segment of a reassembled PDU]"
"47382","35.157461244","192.168.1.55","192.168.1.2","TCP","1514","8004  >  36446 [ACK] Seq=338582 Ack=144 Win=65024 Len=1448 TSval=2916039238 TSecr=3045559008 [TCP segment of a reassembled PDU]"
"47383","35.157462670","192.168.1.55","192.168.1.2","TCP","1514","8004  >  36446 [ACK] Seq=340030 Ack=144 Win=65024 Len=1448 TSval=2916039238 TSecr=3045559008 [TCP segment of a reassembled PDU]"
"47384","35.157464059","192.168.1.55","192.168.1.2","TCP","1514","8004  >  36446 [PSH, ACK] Seq=341478 Ack=144 Win=65024 Len=1448 TSval=2916039238 TSecr=3045559008 [TCP segment of a reassembled PDU]"
"47385","35.157469633","192.168.1.55","192.168.1.2","TCP","506","8004  >  36446 [ACK] Seq=342926 Ack=144 Win=65024 Len=440 TSval=2916039238 TSecr=3045559008 [TCP segment of a reassembled PDU]"
"47386","35.157502299","192.168.1.2","192.168.1.55","TCP","66","36446  >  8004 [ACK] Seq=144 Ack=253590 Win=109568 Len=0 TSval=3045559009 TSecr=2916039227"
"47387","35.160548860","192.168.1.2","192.168.1.55","TCP","66","36446  >  8004 [ACK] Seq=144 Ack=269518 Win=116736 Len=0 TSval=3045559013 TSecr=2916039232"
"47388","35.160652471","192.168.1.55","192.168.1.2","TCP","1514","8004  >  36446 [ACK] Seq=343366 Ack=144 Win=65024 Len=1448 TSval=2916039241 TSecr=3045559013 [TCP segment of a reassembled PDU]"
"47389","35.160660027","192.168.1.55","192.168.1.2","TCP","1514","8004  >  36446 [ACK] Seq=344814 Ack=144 Win=65024 Len=1448 TSval=2916039241 TSecr=3045559013 [TCP segment of a reassembled PDU]"
"47390","35.160662267","192.168.1.55","192.168.1.2","TCP","1514","8004  >  36446 [ACK] Seq=346262 Ack=144 Win=65024 Len=1448 TSval=2916039241 TSecr=3045559013 [TCP segment of a reassembled PDU]"
"47391","35.160664082","192.168.1.55","192.168.1.2","TCP","1514","8004  >  36446 [ACK] Seq=347710 Ack=144 Win=65024 Len=1448 TSval=2916039241 TSecr=3045559013 [TCP segment of a reassembled PDU]"
"47392","35.160665490","192.168.1.55","192.168.1.2","TCP","1514","8004  >  36446 [ACK] Seq=349158 Ack=144 Win=65024 Len=1448 TSval=2916039241 TSecr=3045559013 [TCP segment of a reassembled PDU]"
"47393","35.160666916","192.168.1.55","192.168.1.2","TCP","1514","8004  >  36446 [ACK] Seq=350606 Ack=144 Win=65024 Len=1448 TSval=2916039241 TSecr=3045559013 [TCP segment of a reassembled PDU]"
"47394","35.160668767","192.168.1.55","192.168.1.2","TCP","1514","8004  >  36446 [ACK] Seq=352054 Ack=144 Win=65024 Len=1448 TSval=2916039241 TSecr=3045559013 [TCP segment of a reassembled PDU]"
"47395","35.160670656","192.168.1.55","192.168.1.2","TCP","1514","8004  >  36446 [ACK] Seq=353502 Ack=144 Win=65024 Len=1448 TSval=2916039241 TSecr=3045559013 [TCP segment of a reassembled PDU]"
"47396","35.160672323","192.168.1.55","192.168.1.2","TCP","1514","8004  >  36446 [ACK] Seq=354950 Ack=144 Win=65024 Len=1448 TSval=2916039241 TSecr=3045559013 [TCP segment of a reassembled PDU]"
"47397","35.160673805","192.168.1.55","192.168.1.2","TCP","1514","8004  >  36446 [ACK] Seq=356398 Ack=144 Win=65024 Len=1448 TSval=2916039241 TSecr=3045559013 [TCP segment of a reassembled PDU]"
"47398","35.160675990","192.168.1.55","192.168.1.2","TCP","1514","8004  >  36446 [ACK] Seq=357846 Ack=144 Win=65024 Len=1448 TSval=2916039241 TSecr=3045559013 [TCP segment of a reassembled PDU]"
"47399","35.160677842","192.168.1.55","192.168.1.2","TCP","1514","8004  >  36446 [ACK] Seq=359294 Ack=144 Win=65024 Len=1448 TSval=2916039241 TSecr=3045559013 [TCP segment of a reassembled PDU]"
"47400","35.160679656","192.168.1.55","192.168.1.2","TCP","1514","8004  >  36446 [ACK] Seq=360742 Ack=144 Win=65024 Len=1448 TSval=2916039241 TSecr=3045559013 [TCP segment of a reassembled PDU]"
"47401","35.160681193","192.168.1.55","192.168.1.2","TCP","1514","8004  >  36446 [ACK] Seq=362190 Ack=144 Win=65024 Len=1448 TSval=2916039241 TSecr=3045559013 [TCP segment of a reassembled PDU]"
"47402","35.160683527","192.168.1.55","192.168.1.2","TCP","1514","8004  >  36446 [ACK] Seq=363638 Ack=144 Win=65024 Len=1448 TSval=2916039241 TSecr=3045559013 [TCP segment of a reassembled PDU]"
"47403","35.160685249","192.168.1.55","192.168.1.2","TCP","1514","8004  >  36446 [ACK] Seq=365086 Ack=144 Win=65024 Len=1448 TSval=2916039241 TSecr=3045559013 [TCP segment of a reassembled PDU]"
"47404","35.160686749","192.168.1.55","192.168.1.2","TCP","1514","8004  >  36446 [ACK] Seq=366534 Ack=144 Win=65024 Len=1448 TSval=2916039241 TSecr=3045559013 [TCP segment of a reassembled PDU]"
"47405","35.160689156","192.168.1.55","192.168.1.2","TCP","1514","8004  >  36446 [ACK] Seq=367982 Ack=144 Win=65024 Len=1448 TSval=2916039241 TSecr=3045559013 [TCP segment of a reassembled PDU]"
"47406","35.160690934","192.168.1.55","192.168.1.2","TCP","1514","8004  >  36446 [ACK] Seq=369430 Ack=144 Win=65024 Len=1448 TSval=2916039241 TSecr=3045559013 [TCP segment of a reassembled PDU]"
"47407","35.160692638","192.168.1.55","192.168.1.2","TCP","1514","8004  >  36446 [ACK] Seq=370878 Ack=144 Win=65024 Len=1448 TSval=2916039241 TSecr=3045559013 [TCP segment of a reassembled PDU]"
"47408","35.160694119","192.168.1.55","192.168.1.2","TCP","1514","8004  >  36446 [ACK] Seq=372326 Ack=144 Win=65024 Len=1448 TSval=2916039241 TSecr=3045559013 [TCP segment of a reassembled PDU]"
"47409","35.160695730","192.168.1.55","192.168.1.2","TCP","1514","8004  >  36446 [ACK] Seq=373774 Ack=144 Win=65024 Len=1448 TSval=2916039241 TSecr=3045559013 [TCP segment of a reassembled PDU]"
"47410","35.160697564","192.168.1.55","192.168.1.2","TCP","1514","8004  >  36446 [ACK] Seq=375222 Ack=144 Win=65024 Len=1448 TSval=2916039241 TSecr=3045559013 [TCP segment of a reassembled PDU]"
"47411","35.160699360","192.168.1.55","192.168.1.2","TCP","1514","8004  >  36446 [ACK] Seq=376670 Ack=144 Win=65024 Len=1448 TSval=2916039241 TSecr=3045559013 [TCP segment of a reassembled PDU]"
"47412","35.160700897","192.168.1.55","192.168.1.2","TCP","1514","8004  >  36446 [ACK] Seq=378118 Ack=144 Win=65024 Len=1448 TSval=2916039241 TSecr=3045559013 [TCP segment of a reassembled PDU]"
"47413","35.160703323","192.168.1.55","192.168.1.2","TCP","1514","8004  >  36446 [ACK] Seq=379566 Ack=144 Win=65024 Len=1448 TSval=2916039241 TSecr=3045559013 [TCP segment of a reassembled PDU]"
"47414","35.160705453","192.168.1.55","192.168.1.2","TCP","1514","8004  >  36446 [ACK] Seq=381014 Ack=144 Win=65024 Len=1448 TSval=2916039241 TSecr=3045559013 [TCP segment of a reassembled PDU]"
"47415","35.160706860","192.168.1.55","192.168.1.2","TCP","1514","8004  >  36446 [ACK] Seq=382462 Ack=144 Win=65024 Len=1448 TSval=2916039241 TSecr=3045559013 [TCP segment of a reassembled PDU]"
"47416","35.160708305","192.168.1.55","192.168.1.2","TCP","1514","8004  >  36446 [PSH, ACK] Seq=383910 Ack=144 Win=65024 Len=1448 TSval=2916039241 TSecr=3045559013 [TCP segment of a reassembled PDU]"
"47417","35.160784545","192.168.1.2","192.168.1.55","TCP","66","36446  >  8004 [ACK] Seq=144 Ack=285446 Win=118784 Len=0 TSval=3045559013 TSecr=2916039232"
"47418","35.160800786","192.168.1.55","192.168.1.2","TCP","1514","8004  >  36446 [ACK] Seq=385358 Ack=144 Win=65024 Len=1448 TSval=2916039241 TSecr=3045559013 [TCP segment of a reassembled PDU]"
"47419","35.160803990","192.168.1.55","192.168.1.2","TCP","1514","8004  >  36446 [PSH, ACK] Seq=386806 Ack=144 Win=65024 Len=1448 TSval=2916039241 TSecr=3045559013 [TCP segment of a reassembled PDU]"
"47420","35.160809879","192.168.1.2","192.168.1.55","TCP","66","36446  >  8004 [ACK] Seq=144 Ack=298478 Win=118784 Len=0 TSval=3045559013 TSecr=2916039233"
"47421","35.160821971","192.168.1.2","192.168.1.55","TCP","66","36446  >  8004 [ACK] Seq=144 Ack=325990 Win=104448 Len=0 TSval=3045559013 TSecr=2916039233"
"47422","35.160893323","192.168.1.55","192.168.1.2","TCP","1514","8004  >  36446 [ACK] Seq=388254 Ack=144 Win=65024 Len=1448 TSval=2916039241 TSecr=3045559013 [TCP segment of a reassembled PDU]"
"47423","35.160895823","192.168.1.55","192.168.1.2","TCP","1514","8004  >  36446 [ACK] Seq=389702 Ack=144 Win=65024 Len=1448 TSval=2916039241 TSecr=3045559013 [TCP segment of a reassembled PDU]"
"47424","35.160898101","192.168.1.55","192.168.1.2","TCP","1514","8004  >  36446 [ACK] Seq=391150 Ack=144 Win=65024 Len=1448 TSval=2916039241 TSecr=3045559013 [TCP segment of a reassembled PDU]"
"47425","35.160900212","192.168.1.55","192.168.1.2","TCP","1514","8004  >  36446 [ACK] Seq=392598 Ack=144 Win=65024 Len=1448 TSval=2916039241 TSecr=3045559013 [TCP segment of a reassembled PDU]"
"47426","35.160902157","192.168.1.55","192.168.1.2","TCP","1514","8004  >  36446 [ACK] Seq=394046 Ack=144 Win=65024 Len=1448 TSval=2916039241 TSecr=3045559013 [TCP segment of a reassembled PDU]"
"47427","35.160903916","192.168.1.55","192.168.1.2","TCP","1514","8004  >  36446 [ACK] Seq=395494 Ack=144 Win=65024 Len=1448 TSval=2916039241 TSecr=3045559013 [TCP segment of a reassembled PDU]"
"47428","35.160906435","192.168.1.55","192.168.1.2","TCP","1514","8004  >  36446 [ACK] Seq=396942 Ack=144 Win=65024 Len=1448 TSval=2916039241 TSecr=3045559013 [TCP segment of a reassembled PDU]"
"47429","35.160908416","192.168.1.55","192.168.1.2","TCP","1514","8004  >  36446 [ACK] Seq=398390 Ack=144 Win=65024 Len=1448 TSval=2916039241 TSecr=3045559013 [TCP segment of a reassembled PDU]"
"47430","35.160910027","192.168.1.55","192.168.1.2","TCP","1514","8004  >  36446 [ACK] Seq=399838 Ack=144 Win=65024 Len=1448 TSval=2916039241 TSecr=3045559013 [TCP segment of a reassembled PDU]"
"47431","35.160911601","192.168.1.55","192.168.1.2","TCP","1514","8004  >  36446 [ACK] Seq=401286 Ack=144 Win=65024 Len=1448 TSval=2916039241 TSecr=3045559013 [TCP segment of a reassembled PDU]"
"47432","35.160914083","192.168.1.55","192.168.1.2","TCP","1514","8004  >  36446 [ACK] Seq=402734 Ack=144 Win=65024 Len=1448 TSval=2916039241 TSecr=3045559013 [TCP segment of a reassembled PDU]"
"47433","35.160915916","192.168.1.55","192.168.1.2","TCP","1514","8004  >  36446 [ACK] Seq=404182 Ack=144 Win=65024 Len=1448 TSval=2916039241 TSecr=3045559013 [TCP segment of a reassembled PDU]"
"47434","35.160917509","192.168.1.55","192.168.1.2","TCP","1514","8004  >  36446 [ACK] Seq=405630 Ack=144 Win=65024 Len=1448 TSval=2916039241 TSecr=3045559013 [TCP segment of a reassembled PDU]"
"47435","35.160919194","192.168.1.55","192.168.1.2","TCP","1514","8004  >  36446 [ACK] Seq=407078 Ack=144 Win=65024 Len=1448 TSval=2916039241 TSecr=3045559013 [TCP segment of a reassembled PDU]"
"47436","35.160921212","192.168.1.55","192.168.1.2","TCP","1514","8004  >  36446 [ACK] Seq=408526 Ack=144 Win=65024 Len=1448 TSval=2916039241 TSecr=3045559013 [TCP segment of a reassembled PDU]"
"47437","35.160922935","192.168.1.55","192.168.1.2","TCP","1514","8004  >  36446 [ACK] Seq=409974 Ack=144 Win=65024 Len=1448 TSval=2916039241 TSecr=3045559013 [TCP segment of a reassembled PDU]"
"47438","35.160924379","192.168.1.55","192.168.1.2","TCP","1514","8004  >  36446 [ACK] Seq=411422 Ack=144 Win=65024 Len=1448 TSval=2916039241 TSecr=3045559013 [TCP segment of a reassembled PDU]"
"47439","35.160925842","192.168.1.55","192.168.1.2","TCP","1514","8004  >  36446 [ACK] Seq=412870 Ack=144 Win=65024 Len=1448 TSval=2916039241 TSecr=3045559013 [TCP segment of a reassembled PDU]"
"47440","35.160927786","192.168.1.55","192.168.1.2","TCP","1514","8004  >  36446 [ACK] Seq=414318 Ack=144 Win=65024 Len=1448 TSval=2916039241 TSecr=3045559013 [TCP segment of a reassembled PDU]"
"47441","35.160930046","192.168.1.55","192.168.1.2","TCP","1514","8004  >  36446 [ACK] Seq=415766 Ack=144 Win=65024 Len=1448 TSval=2916039241 TSecr=3045559013 [TCP segment of a reassembled PDU]"
"47442","35.160931638","192.168.1.55","192.168.1.2","TCP","1514","8004  >  36446 [ACK] Seq=417214 Ack=144 Win=65024 Len=1448 TSval=2916039241 TSecr=3045559013 [TCP segment of a reassembled PDU]"
"47443","35.160933009","192.168.1.55","192.168.1.2","TCP","1514","8004  >  36446 [ACK] Seq=418662 Ack=144 Win=65024 Len=1448 TSval=2916039241 TSecr=3045559013 [TCP segment of a reassembled PDU]"
"47444","35.160935749","192.168.1.55","192.168.1.2","TCP","1514","8004  >  36446 [ACK] Seq=420110 Ack=144 Win=65024 Len=1448 TSval=2916039241 TSecr=3045559013 [TCP segment of a reassembled PDU]"
"47445","35.160937490","192.168.1.55","192.168.1.2","TCP","1514","8004  >  36446 [ACK] Seq=421558 Ack=144 Win=65024 Len=1448 TSval=2916039241 TSecr=3045559013 [TCP segment of a reassembled PDU]"
"47446","35.160938972","192.168.1.55","192.168.1.2","TCP","1514","8004  >  36446 [ACK] Seq=423006 Ack=144 Win=65024 Len=1448 TSval=2916039241 TSecr=3045559013 [TCP segment of a reassembled PDU]"
"47447","35.160940657","192.168.1.55","192.168.1.2","TCP","1514","8004  >  36446 [ACK] Seq=424454 Ack=144 Win=65024 Len=1448 TSval=2916039241 TSecr=3045559013 [TCP segment of a reassembled PDU]"
"47448","35.160942657","192.168.1.55","192.168.1.2","TCP","1514","8004  >  36446 [ACK] Seq=425902 Ack=144 Win=65024 Len=1448 TSval=2916039241 TSecr=3045559013 [TCP segment of a reassembled PDU]"
"47449","35.160944398","192.168.1.55","192.168.1.2","TCP","1514","8004  >  36446 [ACK] Seq=427350 Ack=144 Win=65024 Len=1448 TSval=2916039241 TSecr=3045559013 [TCP segment of a reassembled PDU]"
"47450","35.160945805","192.168.1.55","192.168.1.2","TCP","1514","8004  >  36446 [PSH, ACK] Seq=428798 Ack=144 Win=65024 Len=1448 TSval=2916039241 TSecr=3045559013 [TCP segment of a reassembled PDU]"
"47451","35.160951286","192.168.1.2","192.168.1.55","TCP","66","36446  >  8004 [ACK] Seq=144 Ack=331342 Win=124928 Len=0 TSval=3045559014 TSecr=2916039233"
"47452","35.162164566","192.168.1.55","192.168.1.2","TCP","1514","8004  >  36446 [ACK] Seq=430246 Ack=144 Win=65024 Len=1448 TSval=2916039242 TSecr=3045559014 [TCP segment of a reassembled PDU]"
"47453","35.162169214","192.168.1.55","192.168.1.2","TCP","1514","8004  >  36446 [PSH, ACK] Seq=431694 Ack=144 Win=65024 Len=1448 TSval=2916039242 TSecr=3045559014 [TCP segment of a reassembled PDU]"
"47454","35.167299574","192.168.1.2","192.168.1.55","TCP","66","36446  >  8004 [ACK] Seq=144 Ack=341478 Win=143360 Len=0 TSval=3045559016 TSecr=2916039238"
"47455","35.167342278","192.168.1.55","192.168.1.2","TCP","1514","8004  >  36446 [ACK] Seq=433142 Ack=144 Win=65024 Len=1448 TSval=2916039248 TSecr=3045559016 [TCP segment of a reassembled PDU]"
"47456","35.167346519","192.168.1.55","192.168.1.2","TCP","1514","8004  >  36446 [ACK] Seq=434590 Ack=144 Win=65024 Len=1448 TSval=2916039248 TSecr=3045559016 [TCP segment of a reassembled PDU]"
"47457","35.167348019","192.168.1.55","192.168.1.2","TCP","1514","8004  >  36446 [ACK] Seq=436038 Ack=144 Win=65024 Len=1448 TSval=2916039248 TSecr=3045559016 [TCP segment of a reassembled PDU]"
"47458","35.167349500","192.168.1.55","192.168.1.2","TCP","1514","8004  >  36446 [ACK] Seq=437486 Ack=144 Win=65024 Len=1448 TSval=2916039248 TSecr=3045559016 [TCP segment of a reassembled PDU]"
"47459","35.167351130","192.168.1.55","192.168.1.2","TCP","1514","8004  >  36446 [ACK] Seq=438934 Ack=144 Win=65024 Len=1448 TSval=2916039248 TSecr=3045559016 [TCP segment of a reassembled PDU]"
"47460","35.167352778","192.168.1.55","192.168.1.2","TCP","1514","8004  >  36446 [ACK] Seq=440382 Ack=144 Win=65024 Len=1448 TSval=2916039248 TSecr=3045559016 [TCP segment of a reassembled PDU]"
"47461","35.167354204","192.168.1.55","192.168.1.2","TCP","1514","8004  >  36446 [ACK] Seq=441830 Ack=144 Win=65024 Len=1448 TSval=2916039248 TSecr=3045559016 [TCP segment of a reassembled PDU]"
"47462","35.167355686","192.168.1.55","192.168.1.2","TCP","1514","8004  >  36446 [ACK] Seq=443278 Ack=144 Win=65024 Len=1448 TSval=2916039248 TSecr=3045559016 [TCP segment of a reassembled PDU]"
"47463","35.167357834","192.168.1.55","192.168.1.2","TCP","1514","8004  >  36446 [ACK] Seq=444726 Ack=144 Win=65024 Len=1448 TSval=2916039248 TSecr=3045559016 [TCP segment of a reassembled PDU]"
"47464","35.167359500","192.168.1.55","192.168.1.2","TCP","1514","8004  >  36446 [ACK] Seq=446174 Ack=144 Win=65024 Len=1448 TSval=2916039248 TSecr=3045559016 [TCP segment of a reassembled PDU]"
"47465","35.167360778","192.168.1.55","192.168.1.2","TCP","1514","8004  >  36446 [ACK] Seq=447622 Ack=144 Win=65024 Len=1448 TSval=2916039248 TSecr=3045559016 [TCP segment of a reassembled PDU]"
"47466","35.167362426","192.168.1.55","192.168.1.2","TCP","1514","8004  >  36446 [ACK] Seq=449070 Ack=144 Win=65024 Len=1448 TSval=2916039248 TSecr=3045559016 [TCP segment of a reassembled PDU]"
"47467","35.167364519","192.168.1.55","192.168.1.2","TCP","1514","8004  >  36446 [ACK] Seq=450518 Ack=144 Win=65024 Len=1448 TSval=2916039248 TSecr=3045559016 [TCP segment of a reassembled PDU]"
"47468","35.167366260","192.168.1.55","192.168.1.2","TCP","1514","8004  >  36446 [ACK] Seq=451966 Ack=144 Win=65024 Len=1448 TSval=2916039248 TSecr=3045559016 [TCP segment of a reassembled PDU]"
"47469","35.167367834","192.168.1.55","192.168.1.2","TCP","1514","8004  >  36446 [ACK] Seq=453414 Ack=144 Win=65024 Len=1448 TSval=2916039248 TSecr=3045559016 [TCP segment of a reassembled PDU]"
"47470","35.167369297","192.168.1.55","192.168.1.2","TCP","1514","8004  >  36446 [ACK] Seq=454862 Ack=144 Win=65024 Len=1448 TSval=2916039248 TSecr=3045559016 [TCP segment of a reassembled PDU]"
"47471","35.167371889","192.168.1.55","192.168.1.2","TCP","1514","8004  >  36446 [ACK] Seq=456310 Ack=144 Win=65024 Len=1448 TSval=2916039248 TSecr=3045559016 [TCP segment of a reassembled PDU]"
"47472","35.167373278","192.168.1.55","192.168.1.2","TCP","1514","8004  >  36446 [ACK] Seq=457758 Ack=144 Win=65024 Len=1448 TSval=2916039248 TSecr=3045559016 [TCP segment of a reassembled PDU]"
"47473","35.167374593","192.168.1.55","192.168.1.2","TCP","1514","8004  >  36446 [ACK] Seq=459206 Ack=144 Win=65024 Len=1448 TSval=2916039248 TSecr=3045559016 [TCP segment of a reassembled PDU]"
"47474","35.167377093","192.168.1.55","192.168.1.2","TCP","1514","8004  >  36446 [ACK] Seq=460654 Ack=144 Win=65024 Len=1448 TSval=2916039248 TSecr=3045559016 [TCP segment of a reassembled PDU]"
"47475","35.167378760","192.168.1.55","192.168.1.2","TCP","1514","8004  >  36446 [ACK] Seq=462102 Ack=144 Win=65024 Len=1448 TSval=2916039248 TSecr=3045559016 [TCP segment of a reassembled PDU]"
"47476","35.167380130","192.168.1.55","192.168.1.2","TCP","1514","8004  >  36446 [ACK] Seq=463550 Ack=144 Win=65024 Len=1448 TSval=2916039248 TSecr=3045559016 [TCP segment of a reassembled PDU]"
"47477","35.167381667","192.168.1.55","192.168.1.2","TCP","1514","8004  >  36446 [ACK] Seq=464998 Ack=144 Win=65024 Len=1448 TSval=2916039248 TSecr=3045559016 [TCP segment of a reassembled PDU]"
"47478","35.167383334","192.168.1.55","192.168.1.2","TCP","1514","8004  >  36446 [ACK] Seq=466446 Ack=144 Win=65024 Len=1448 TSval=2916039248 TSecr=3045559016 [TCP segment of a reassembled PDU]"
"47479","35.167385130","192.168.1.55","192.168.1.2","TCP","1514","8004  >  36446 [ACK] Seq=467894 Ack=144 Win=65024 Len=1448 TSval=2916039248 TSecr=3045559016 [TCP segment of a reassembled PDU]"
"47480","35.167386463","192.168.1.55","192.168.1.2","TCP","1514","8004  >  36446 [ACK] Seq=469342 Ack=144 Win=65024 Len=1448 TSval=2916039248 TSecr=3045559016 [TCP segment of a reassembled PDU]"
"47481","35.167388037","192.168.1.55","192.168.1.2","TCP","1514","8004  >  36446 [ACK] Seq=470790 Ack=144 Win=65024 Len=1448 TSval=2916039248 TSecr=3045559016 [TCP segment of a reassembled PDU]"
"47482","35.167389815","192.168.1.55","192.168.1.2","TCP","1514","8004  >  36446 [ACK] Seq=472238 Ack=144 Win=65024 Len=1448 TSval=2916039248 TSecr=3045559016 [TCP segment of a reassembled PDU]"
"47483","35.167391575","192.168.1.55","192.168.1.2","TCP","1514","8004  >  36446 [ACK] Seq=473686 Ack=144 Win=65024 Len=1448 TSval=2916039248 TSecr=3045559016 [TCP segment of a reassembled PDU]"
"47484","35.167393334","192.168.1.55","192.168.1.2","TCP","1514","8004  >  36446 [ACK] Seq=475134 Ack=144 Win=65024 Len=1448 TSval=2916039248 TSecr=3045559016 [TCP segment of a reassembled PDU]"
"47485","35.167394741","192.168.1.55","192.168.1.2","TCP","1514","8004  >  36446 [PSH, ACK] Seq=476582 Ack=144 Win=65024 Len=1448 TSval=2916039248 TSecr=3045559016 [TCP segment of a reassembled PDU]"
"47486","35.167496686","192.168.1.2","192.168.1.55","TCP","66","36446  >  8004 [ACK] Seq=144 Ack=342926 Win=146432 Len=0 TSval=3045559017 TSecr=2916039238"
"47487","35.167506853","192.168.1.2","192.168.1.55","TCP","66","36446  >  8004 [ACK] Seq=144 Ack=343366 Win=148480 Len=0 TSval=3045559017 TSecr=2916039238"
"47488","35.167511575","192.168.1.2","192.168.1.55","TCP","66","36446  >  8004 [ACK] Seq=144 Ack=353502 Win=143360 Len=0 TSval=3045559022 TSecr=2916039241"
"47489","35.167517853","192.168.1.2","192.168.1.55","TCP","66","36446  >  8004 [ACK] Seq=144 Ack=385358 Win=123904 Len=0 TSval=3045559023 TSecr=2916039241"
"47490","35.167547945","192.168.1.55","192.168.1.2","TCP","1514","8004  >  36446 [ACK] Seq=478030 Ack=144 Win=65024 Len=1448 TSval=2916039248 TSecr=3045559023 [TCP segment of a reassembled PDU]"
"47491","35.167550982","192.168.1.55","192.168.1.2","TCP","1514","8004  >  36446 [ACK] Seq=479478 Ack=144 Win=65024 Len=1448 TSval=2916039248 TSecr=3045559023 [TCP segment of a reassembled PDU]"
"47492","35.167552556","192.168.1.55","192.168.1.2","TCP","1514","8004  >  36446 [ACK] Seq=480926 Ack=144 Win=65024 Len=1448 TSval=2916039248 TSecr=3045559023 [TCP segment of a reassembled PDU]"
"47493","35.167555093","192.168.1.55","192.168.1.2","TCP","1514","8004  >  36446 [ACK] Seq=482374 Ack=144 Win=65024 Len=1448 TSval=2916039248 TSecr=3045559023 [TCP segment of a reassembled PDU]"
"47494","35.167556834","192.168.1.55","192.168.1.2","TCP","1514","8004  >  36446 [ACK] Seq=483822 Ack=144 Win=65024 Len=1448 TSval=2916039248 TSecr=3045559023 [TCP segment of a reassembled PDU]"
"47495","35.167558445","192.168.1.55","192.168.1.2","TCP","1514","8004  >  36446 [ACK] Seq=485270 Ack=144 Win=65024 Len=1448 TSval=2916039248 TSecr=3045559023 [TCP segment of a reassembled PDU]"
"47496","35.167560704","192.168.1.55","192.168.1.2","TCP","1514","8004  >  36446 [ACK] Seq=486718 Ack=144 Win=65024 Len=1448 TSval=2916039248 TSecr=3045559023 [TCP segment of a reassembled PDU]"
"47497","35.167562741","192.168.1.55","192.168.1.2","TCP","1514","8004  >  36446 [ACK] Seq=488166 Ack=144 Win=65024 Len=1448 TSval=2916039248 TSecr=3045559023 [TCP segment of a reassembled PDU]"
"47498","35.167564408","192.168.1.55","192.168.1.2","TCP","1514","8004  >  36446 [ACK] Seq=489614 Ack=144 Win=65024 Len=1448 TSval=2916039248 TSecr=3045559023 [TCP segment of a reassembled PDU]"
"47499","35.167565927","192.168.1.55","192.168.1.2","TCP","1514","8004  >  36446 [ACK] Seq=491062 Ack=144 Win=65024 Len=1448 TSval=2916039248 TSecr=3045559023 [TCP segment of a reassembled PDU]"
"47500","35.167567853","192.168.1.55","192.168.1.2","TCP","1514","8004  >  36446 [ACK] Seq=492510 Ack=144 Win=65024 Len=1448 TSval=2916039248 TSecr=3045559023 [TCP segment of a reassembled PDU]"
"47501","35.167569501","192.168.1.55","192.168.1.2","TCP","1514","8004  >  36446 [ACK] Seq=493958 Ack=144 Win=65024 Len=1448 TSval=2916039248 TSecr=3045559023 [TCP segment of a reassembled PDU]"
"47502","35.167570945","192.168.1.55","192.168.1.2","TCP","1514","8004  >  36446 [ACK] Seq=495406 Ack=144 Win=65024 Len=1448 TSval=2916039248 TSecr=3045559023 [TCP segment of a reassembled PDU]"
"47503","35.167573019","192.168.1.55","192.168.1.2","TCP","1514","8004  >  36446 [ACK] Seq=496854 Ack=144 Win=65024 Len=1448 TSval=2916039248 TSecr=3045559023 [TCP segment of a reassembled PDU]"
"47504","35.167574816","192.168.1.55","192.168.1.2","HTTP","222","HTTP/1.0 200 OK  (PNG)"
"47505","35.168808725","192.168.1.2","192.168.1.55","TCP","66","36446  >  8004 [ACK] Seq=144 Ack=388254 Win=152576 Len=0 TSval=3045559023 TSecr=2916039241"
"47506","35.168841892","192.168.1.2","192.168.1.55","TCP","66","36446  >  8004 [ACK] Seq=144 Ack=433142 Win=109568 Len=0 TSval=3045559023 TSecr=2916039241"
"47507","35.172438657","192.168.1.2","192.168.1.55","TCP","66","36446  >  8004 [ACK] Seq=144 Ack=449070 Win=137216 Len=0 TSval=3045559027 TSecr=2916039248"
"47508","35.172567657","192.168.1.2","192.168.1.55","TCP","66","36446  >  8004 [ACK] Seq=144 Ack=469342 Win=135168 Len=0 TSval=3045559028 TSecr=2916039248"
"47509","35.172574712","192.168.1.2","192.168.1.55","TCP","66","36446  >  8004 [ACK] Seq=144 Ack=475134 Win=149504 Len=0 TSval=3045559028 TSecr=2916039248"
"47510","35.172843380","192.168.1.2","192.168.1.55","TCP","66","36446  >  8004 [ACK] Seq=144 Ack=478030 Win=152576 Len=0 TSval=3045559028 TSecr=2916039248"
"47511","35.172955898","192.168.1.2","192.168.1.55","TCP","66","36446  >  8004 [ACK] Seq=144 Ack=496854 Win=152576 Len=0 TSval=3045559028 TSecr=2916039248"
"47512","35.173979696","192.168.1.2","192.168.1.55","TCP","66","36446  >  8004 [ACK] Seq=144 Ack=498302 Win=155648 Len=0 TSval=3045559030 TSecr=2916039248"
"47513","35.176108959","192.168.1.2","192.168.1.55","TCP","66","36446  >  8004 [FIN, ACK] Seq=144 Ack=498459 Win=157696 Len=0 TSval=3045559031 TSecr=2916039248"
"47514","35.176122644","192.168.1.55","192.168.1.2","TCP","66","8004  >  36446 [ACK] Seq=498459 Ack=145 Win=65024 Len=0 TSval=2916039256 TSecr=3045559031"
"47515","35.176229329","192.168.1.2","192.168.1.55","TCP","74","36450  >  8004 [SYN] Seq=0 Win=64240 Len=0 MSS=1460 SACK_PERM TSval=3045559031 TSecr=0 WS=1024"
"47516","35.176252422","192.168.1.55","192.168.1.2","TCP","74","8004  >  36450 [SYN, ACK] Seq=0 Ack=1 Win=65160 Len=0 MSS=1460 SACK_PERM TSval=2916039256 TSecr=3045559031 WS=128"
"47517","35.179478724","192.168.1.2","192.168.1.55","TCP","66","36450  >  8004 [ACK] Seq=1 Ack=1 Win=64512 Len=0 TSval=3045559034 TSecr=2916039256"
"47518","35.182685414","192.168.1.2","192.168.1.55","HTTP","206","GET /stego_benchmark.png HTTP/1.1 "
"47519","35.182696840","192.168.1.55","192.168.1.2","TCP","66","8004  >  36450 [ACK] Seq=1 Ack=141 Win=65024 Len=0 TSval=2916039263 TSecr=3045559034"
"47520","35.183145692","192.168.1.55","192.168.1.2","TCP","255","8004  >  36450 [PSH, ACK] Seq=1 Ack=141 Win=65024 Len=189 TSval=2916039263 TSecr=3045559034 [TCP segment of a reassembled PDU]"
"47521","35.183222637","192.168.1.55","192.168.1.2","TCP","1514","8004  >  36450 [ACK] Seq=190 Ack=141 Win=65024 Len=1448 TSval=2916039263 TSecr=3045559034 [TCP segment of a reassembled PDU]"
"47522","35.183226637","192.168.1.55","192.168.1.2","TCP","1514","8004  >  36450 [ACK] Seq=1638 Ack=141 Win=65024 Len=1448 TSval=2916039263 TSecr=3045559034 [TCP segment of a reassembled PDU]"
"47523","35.183228378","192.168.1.55","192.168.1.2","TCP","1514","8004  >  36450 [ACK] Seq=3086 Ack=141 Win=65024 Len=1448 TSval=2916039263 TSecr=3045559034 [TCP segment of a reassembled PDU]"
"47524","35.183229767","192.168.1.55","192.168.1.2","TCP","1514","8004  >  36450 [ACK] Seq=4534 Ack=141 Win=65024 Len=1448 TSval=2916039263 TSecr=3045559034 [TCP segment of a reassembled PDU]"
"47525","35.183231359","192.168.1.55","192.168.1.2","TCP","1514","8004  >  36450 [PSH, ACK] Seq=5982 Ack=141 Win=65024 Len=1448 TSval=2916039263 TSecr=3045559034 [TCP segment of a reassembled PDU]"
"47526","35.183253618","192.168.1.55","192.168.1.2","TCP","1514","8004  >  36450 [ACK] Seq=7430 Ack=141 Win=65024 Len=1448 TSval=2916039263 TSecr=3045559034 [TCP segment of a reassembled PDU]"
"47527","35.183255878","192.168.1.55","192.168.1.2","TCP","1514","8004  >  36450 [ACK] Seq=8878 Ack=141 Win=65024 Len=1448 TSval=2916039263 TSecr=3045559034 [TCP segment of a reassembled PDU]"
"47528","35.183257211","192.168.1.55","192.168.1.2","TCP","1514","8004  >  36450 [ACK] Seq=10326 Ack=141 Win=65024 Len=1448 TSval=2916039263 TSecr=3045559034 [TCP segment of a reassembled PDU]"
"47529","35.183258415","192.168.1.55","192.168.1.2","TCP","1514","8004  >  36450 [PSH, ACK] Seq=11774 Ack=141 Win=65024 Len=1448 TSval=2916039263 TSecr=3045559034 [TCP segment of a reassembled PDU]"
"47530","35.186634513","192.168.1.2","192.168.1.55","TCP","66","36450  >  8004 [ACK] Seq=141 Ack=190 Win=64512 Len=0 TSval=3045559041 TSecr=2916039263"
"47531","35.186678754","192.168.1.55","192.168.1.2","TCP","1514","8004  >  36450 [ACK] Seq=13222 Ack=141 Win=65024 Len=1448 TSval=2916039267 TSecr=3045559041 [TCP segment of a reassembled PDU]"
"47532","35.186683642","192.168.1.55","192.168.1.2","TCP","1514","8004  >  36450 [PSH, ACK] Seq=14670 Ack=141 Win=65024 Len=1448 TSval=2916039267 TSecr=3045559041 [TCP segment of a reassembled PDU]"
"47533","35.186753513","192.168.1.2","192.168.1.55","TCP","66","36450  >  8004 [ACK] Seq=141 Ack=5982 Win=76800 Len=0 TSval=3045559041 TSecr=2916039263"
"47534","35.186778920","192.168.1.55","192.168.1.2","TCP","1514","8004  >  36450 [ACK] Seq=16118 Ack=141 Win=65024 Len=1448 TSval=2916039267 TSecr=3045559041 [TCP segment of a reassembled PDU]"
"47535","35.186781383","192.168.1.55","192.168.1.2","TCP","1514","8004  >  36450 [ACK] Seq=17566 Ack=141 Win=65024 Len=1448 TSval=2916039267 TSecr=3045559041 [TCP segment of a reassembled PDU]"
"47536","35.186782717","192.168.1.55","192.168.1.2","TCP","1514","8004  >  36450 [ACK] Seq=19014 Ack=141 Win=65024 Len=1448 TSval=2916039267 TSecr=3045559041 [TCP segment of a reassembled PDU]"
"47537","35.186784050","192.168.1.55","192.168.1.2","TCP","1514","8004  >  36450 [ACK] Seq=20462 Ack=141 Win=65024 Len=1448 TSval=2916039267 TSecr=3045559041 [TCP segment of a reassembled PDU]"
"47538","35.186785846","192.168.1.55","192.168.1.2","TCP","1514","8004  >  36450 [ACK] Seq=21910 Ack=141 Win=65024 Len=1448 TSval=2916039267 TSecr=3045559041 [TCP segment of a reassembled PDU]"
"47539","35.186787254","192.168.1.55","192.168.1.2","TCP","1514","8004  >  36450 [ACK] Seq=23358 Ack=141 Win=65024 Len=1448 TSval=2916039267 TSecr=3045559041 [TCP segment of a reassembled PDU]"
"47540","35.186788754","192.168.1.55","192.168.1.2","TCP","1514","8004  >  36450 [PSH, ACK] Seq=24806 Ack=141 Win=65024 Len=1448 TSval=2916039267 TSecr=3045559041 [TCP segment of a reassembled PDU]"
"47541","35.186796606","192.168.1.2","192.168.1.55","TCP","66","36450  >  8004 [ACK] Seq=141 Ack=7430 Win=79872 Len=0 TSval=3045559042 TSecr=2916039263"
"47542","35.186808791","192.168.1.2","192.168.1.55","TCP","66","36450  >  8004 [ACK] Seq=141 Ack=13222 Win=80896 Len=0 TSval=3045559042 TSecr=2916039263"
"47543","35.186847291","192.168.1.55","192.168.1.2","TCP","1514","8004  >  36450 [ACK] Seq=26254 Ack=141 Win=65024 Len=1448 TSval=2916039267 TSecr=3045559042 [TCP segment of a reassembled PDU]"
"47544","35.186850569","192.168.1.55","192.168.1.2","TCP","1514","8004  >  36450 [ACK] Seq=27702 Ack=141 Win=65024 Len=1448 TSval=2916039267 TSecr=3045559042 [TCP segment of a reassembled PDU]"
"47545","35.186851828","192.168.1.55","192.168.1.2","TCP","1514","8004  >  36450 [ACK] Seq=29150 Ack=141 Win=65024 Len=1448 TSval=2916039267 TSecr=3045559042 [TCP segment of a reassembled PDU]"
"47546","35.186853402","192.168.1.55","192.168.1.2","TCP","1514","8004  >  36450 [ACK] Seq=30598 Ack=141 Win=65024 Len=1448 TSval=2916039267 TSecr=3045559042 [TCP segment of a reassembled PDU]"
"47547","35.186854643","192.168.1.55","192.168.1.2","TCP","1514","8004  >  36450 [ACK] Seq=32046 Ack=141 Win=65024 Len=1448 TSval=2916039267 TSecr=3045559042 [TCP segment of a reassembled PDU]"
"47548","35.186855921","192.168.1.55","192.168.1.2","TCP","1514","8004  >  36450 [ACK] Seq=33494 Ack=141 Win=65024 Len=1448 TSval=2916039267 TSecr=3045559042 [TCP segment of a reassembled PDU]"
"47549","35.186857309","192.168.1.55","192.168.1.2","TCP","1514","8004  >  36450 [ACK] Seq=34942 Ack=141 Win=65024 Len=1448 TSval=2916039267 TSecr=3045559042 [TCP segment of a reassembled PDU]"
"47550","35.186858587","192.168.1.55","192.168.1.2","TCP","1514","8004  >  36450 [ACK] Seq=36390 Ack=141 Win=65024 Len=1448 TSval=2916039267 TSecr=3045559042 [TCP segment of a reassembled PDU]"
"47551","35.186859865","192.168.1.55","192.168.1.2","TCP","1514","8004  >  36450 [ACK] Seq=37838 Ack=141 Win=65024 Len=1448 TSval=2916039267 TSecr=3045559042 [TCP segment of a reassembled PDU]"
"47552","35.186861143","192.168.1.55","192.168.1.2","TCP","1514","8004  >  36450 [PSH, ACK] Seq=39286 Ack=141 Win=65024 Len=1448 TSval=2916039267 TSecr=3045559042 [TCP segment of a reassembled PDU]"
"47553","35.187625107","192.168.1.55","192.168.1.2","TCP","1514","8004  >  36450 [ACK] Seq=40734 Ack=141 Win=65024 Len=1448 TSval=2916039268 TSecr=3045559042 [TCP segment of a reassembled PDU]"
"47554","35.191242335","192.168.1.2","192.168.1.55","TCP","66","36450  >  8004 [ACK] Seq=141 Ack=16118 Win=87040 Len=0 TSval=3045559045 TSecr=2916039267"
"47555","35.191318428","192.168.1.55","192.168.1.2","TCP","1514","8004  >  36450 [ACK] Seq=42182 Ack=141 Win=65024 Len=1448 TSval=2916039271 TSecr=3045559045 [TCP segment of a reassembled PDU]"
"47556","35.191325372","192.168.1.55","192.168.1.2","TCP","1514","8004  >  36450 [PSH, ACK] Seq=43630 Ack=141 Win=65024 Len=1448 TSval=2916039271 TSecr=3045559045 [TCP segment of a reassembled PDU]"
"47557","35.191433187","192.168.1.2","192.168.1.55","TCP","66","36450  >  8004 [ACK] Seq=141 Ack=26254 Win=82944 Len=0 TSval=3045559045 TSecr=2916039267"
"47558","35.191470872","192.168.1.55","192.168.1.2","TCP","1514","8004  >  36450 [ACK] Seq=45078 Ack=141 Win=65024 Len=1448 TSval=2916039272 TSecr=3045559045 [TCP segment of a reassembled PDU]"
"47559","35.191473706","192.168.1.55","192.168.1.2","TCP","1514","8004  >  36450 [ACK] Seq=46526 Ack=141 Win=65024 Len=1448 TSval=2916039272 TSecr=3045559045 [TCP segment of a reassembled PDU]"
"47560","35.191475372","192.168.1.55","192.168.1.2","TCP","1514","8004  >  36450 [ACK] Seq=47974 Ack=141 Win=65024 Len=1448 TSval=2916039272 TSecr=3045559045 [TCP segment of a reassembled PDU]"
"47561","35.191476946","192.168.1.55","192.168.1.2","TCP","1514","8004  >  36450 [ACK] Seq=49422 Ack=141 Win=65024 Len=1448 TSval=2916039272 TSecr=3045559045 [TCP segment of a reassembled PDU]"
"47562","35.191478169","192.168.1.55","192.168.1.2","TCP","1514","8004  >  36450 [ACK] Seq=50870 Ack=141 Win=65024 Len=1448 TSval=2916039272 TSecr=3045559045 [TCP segment of a reassembled PDU]"
"47563","35.191479372","192.168.1.55","192.168.1.2","TCP","1514","8004  >  36450 [ACK] Seq=52318 Ack=141 Win=65024 Len=1448 TSval=2916039272 TSecr=3045559045 [TCP segment of a reassembled PDU]"
"47564","35.191480724","192.168.1.55","192.168.1.2","TCP","1514","8004  >  36450 [ACK] Seq=53766 Ack=141 Win=65024 Len=1448 TSval=2916039272 TSecr=3045559045 [TCP segment of a reassembled PDU]"
"47565","35.191482039","192.168.1.55","192.168.1.2","TCP","1514","8004  >  36450 [ACK] Seq=55214 Ack=141 Win=65024 Len=1448 TSval=2916039272 TSecr=3045559045 [TCP segment of a reassembled PDU]"
"47566","35.191483243","192.168.1.55","192.168.1.2","TCP","1514","8004  >  36450 [ACK] Seq=56662 Ack=141 Win=65024 Len=1448 TSval=2916039272 TSecr=3045559045 [TCP segment of a reassembled PDU]"
"47567","35.191484539","192.168.1.55","192.168.1.2","TCP","1514","8004  >  36450 [ACK] Seq=58110 Ack=141 Win=65024 Len=1448 TSval=2916039272 TSecr=3045559045 [TCP segment of a reassembled PDU]"
"47568","35.191485687","192.168.1.55","192.168.1.2","TCP","1514","8004  >  36450 [ACK] Seq=59558 Ack=141 Win=65024 Len=1448 TSval=2916039272 TSecr=3045559045 [TCP segment of a reassembled PDU]"
"47569","35.191486909","192.168.1.55","192.168.1.2","TCP","1514","8004  >  36450 [ACK] Seq=61006 Ack=141 Win=65024 Len=1448 TSval=2916039272 TSecr=3045559045 [TCP segment of a reassembled PDU]"
"47570","35.191488169","192.168.1.55","192.168.1.2","TCP","1514","8004  >  36450 [ACK] Seq=62454 Ack=141 Win=65024 Len=1448 TSval=2916039272 TSecr=3045559045 [TCP segment of a reassembled PDU]"
"47571","35.191489354","192.168.1.55","192.168.1.2","TCP","1514","8004  >  36450 [PSH, ACK] Seq=63902 Ack=141 Win=65024 Len=1448 TSval=2916039272 TSecr=3045559045 [TCP segment of a reassembled PDU]"
"47572","35.191494446","192.168.1.2","192.168.1.55","TCP","66","36450  >  8004 [ACK] Seq=141 Ack=36390 Win=73728 Len=0 TSval=3045559046 TSecr=2916039267"
"47573","35.191517817","192.168.1.55","192.168.1.2","TCP","1514","8004  >  36450 [ACK] Seq=65350 Ack=141 Win=65024 Len=1448 TSval=2916039272 TSecr=3045559046 [TCP segment of a reassembled PDU]"
"47574","35.191520761","192.168.1.55","192.168.1.2","TCP","1514","8004  >  36450 [ACK] Seq=66798 Ack=141 Win=65024 Len=1448 TSval=2916039272 TSecr=3045559046 [TCP segment of a reassembled PDU]"
"47575","35.191522058","192.168.1.55","192.168.1.2","TCP","1514","8004  >  36450 [ACK] Seq=68246 Ack=141 Win=65024 Len=1448 TSval=2916039272 TSecr=3045559046 [TCP segment of a reassembled PDU]"
"47576","35.191523428","192.168.1.55","192.168.1.2","TCP","1514","8004  >  36450 [ACK] Seq=69694 Ack=141 Win=65024 Len=1448 TSval=2916039272 TSecr=3045559046 [TCP segment of a reassembled PDU]"
"47577","35.191524613","192.168.1.55","192.168.1.2","TCP","1514","8004  >  36450 [ACK] Seq=71142 Ack=141 Win=65024 Len=1448 TSval=2916039272 TSecr=3045559046 [TCP segment of a reassembled PDU]"
"47578","35.191525891","192.168.1.55","192.168.1.2","TCP","1514","8004  >  36450 [ACK] Seq=72590 Ack=141 Win=65024 Len=1448 TSval=2916039272 TSecr=3045559046 [TCP segment of a reassembled PDU]"
"47579","35.191527113","192.168.1.55","192.168.1.2","TCP","1514","8004  >  36450 [ACK] Seq=74038 Ack=141 Win=65024 Len=1448 TSval=2916039272 TSecr=3045559046 [TCP segment of a reassembled PDU]"
"47580","35.191528372","192.168.1.55","192.168.1.2","TCP","1514","8004  >  36450 [PSH, ACK] Seq=75486 Ack=141 Win=65024 Len=1448 TSval=2916039272 TSecr=3045559046 [TCP segment of a reassembled PDU]"
"47581","35.191538150","192.168.1.2","192.168.1.55","TCP","66","36450  >  8004 [ACK] Seq=141 Ack=39286 Win=71680 Len=0 TSval=3045559046 TSecr=2916039267"
"47582","35.191641317","192.168.1.2","192.168.1.55","TCP","66","36450  >  8004 [ACK] Seq=141 Ack=40734 Win=89088 Len=0 TSval=3045559046 TSecr=2916039267"
"47583","35.191694150","192.168.1.55","192.168.1.2","TCP","1514","8004  >  36450 [ACK] Seq=76934 Ack=141 Win=65024 Len=1448 TSval=2916039272 TSecr=3045559046 [TCP segment of a reassembled PDU]"
"47584","35.191701447","192.168.1.55","192.168.1.2","TCP","1514","8004  >  36450 [ACK] Seq=78382 Ack=141 Win=65024 Len=1448 TSval=2916039272 TSecr=3045559046 [TCP segment of a reassembled PDU]"
"47585","35.191703947","192.168.1.55","192.168.1.2","TCP","1514","8004  >  36450 [ACK] Seq=79830 Ack=141 Win=65024 Len=1448 TSval=2916039272 TSecr=3045559046 [TCP segment of a reassembled PDU]"
"47586","35.191707576","192.168.1.55","192.168.1.2","TCP","1514","8004  >  36450 [ACK] Seq=81278 Ack=141 Win=65024 Len=1448 TSval=2916039272 TSecr=3045559046 [TCP segment of a reassembled PDU]"
"47587","35.191709762","192.168.1.55","192.168.1.2","TCP","1514","8004  >  36450 [ACK] Seq=82726 Ack=141 Win=65024 Len=1448 TSval=2916039272 TSecr=3045559046 [TCP segment of a reassembled PDU]"
"47588","35.191711354","192.168.1.55","192.168.1.2","TCP","1514","8004  >  36450 [ACK] Seq=84174 Ack=141 Win=65024 Len=1448 TSval=2916039272 TSecr=3045559046 [TCP segment of a reassembled PDU]"
"47589","35.191713151","192.168.1.55","192.168.1.2","TCP","1514","8004  >  36450 [ACK] Seq=85622 Ack=141 Win=65024 Len=1448 TSval=2916039272 TSecr=3045559046 [TCP segment of a reassembled PDU]"
"47590","35.191715447","192.168.1.55","192.168.1.2","TCP","1514","8004  >  36450 [ACK] Seq=87070 Ack=141 Win=65024 Len=1448 TSval=2916039272 TSecr=3045559046 [TCP segment of a reassembled PDU]"
"47591","35.191717632","192.168.1.55","192.168.1.2","TCP","1514","8004  >  36450 [ACK] Seq=88518 Ack=141 Win=65024 Len=1448 TSval=2916039272 TSecr=3045559046 [TCP segment of a reassembled PDU]"
"47592","35.191719243","192.168.1.55","192.168.1.2","TCP","1514","8004  >  36450 [ACK] Seq=89966 Ack=141 Win=65024 Len=1448 TSval=2916039272 TSecr=3045559046 [TCP segment of a reassembled PDU]"
"47593","35.191721465","192.168.1.55","192.168.1.2","TCP","1514","8004  >  36450 [ACK] Seq=91414 Ack=141 Win=65024 Len=1448 TSval=2916039272 TSecr=3045559046 [TCP segment of a reassembled PDU]"
"47594","35.191723780","192.168.1.55","192.168.1.2","TCP","1514","8004  >  36450 [ACK] Seq=92862 Ack=141 Win=65024 Len=1448 TSval=2916039272 TSecr=3045559046 [TCP segment of a reassembled PDU]"
"47595","35.191725743","192.168.1.55","192.168.1.2","TCP","1514","8004  >  36450 [ACK] Seq=94310 Ack=141 Win=65024 Len=1448 TSval=2916039272 TSecr=3045559046 [TCP segment of a reassembled PDU]"
"47596","35.191727614","192.168.1.55","192.168.1.2","TCP","1514","8004  >  36450 [PSH, ACK] Seq=95758 Ack=141 Win=65024 Len=1448 TSval=2916039272 TSecr=3045559046 [TCP segment of a reassembled PDU]"
"47597","35.191735836","192.168.1.2","192.168.1.55","TCP","66","36450  >  8004 [ACK] Seq=141 Ack=42182 Win=92160 Len=0 TSval=3045559046 TSecr=2916039268"
"47598","35.193061227","192.168.1.55","192.168.1.2","TCP","1514","8004  >  36450 [ACK] Seq=97206 Ack=141 Win=65024 Len=1448 TSval=2916039273 TSecr=3045559046 [TCP segment of a reassembled PDU]"
"47599","35.193072190","192.168.1.55","192.168.1.2","TCP","1514","8004  >  36450 [PSH, ACK] Seq=98654 Ack=141 Win=65024 Len=1448 TSval=2916039273 TSecr=3045559046 [TCP segment of a reassembled PDU]"
"47600","35.197084048","192.168.1.2","192.168.1.55","TCP","66","36450  >  8004 [ACK] Seq=141 Ack=45078 Win=91136 Len=0 TSval=3045559051 TSecr=2916039271"
"47601","35.197149326","192.168.1.55","192.168.1.2","TCP","1514","8004  >  36450 [ACK] Seq=100102 Ack=141 Win=65024 Len=1448 TSval=2916039277 TSecr=3045559051 [TCP segment of a reassembled PDU]"
"47602","35.197154215","192.168.1.55","192.168.1.2","TCP","1514","8004  >  36450 [ACK] Seq=101550 Ack=141 Win=65024 Len=1448 TSval=2916039277 TSecr=3045559051 [TCP segment of a reassembled PDU]"
"47603","35.197155307","192.168.1.55","192.168.1.2","TCP","1514","8004  >  36450 [ACK] Seq=102998 Ack=141 Win=65024 Len=1448 TSval=2916039277 TSecr=3045559051 [TCP segment of a reassembled PDU]"
"47604","35.197156326","192.168.1.55","192.168.1.2","TCP","1514","8004  >  36450 [PSH, ACK] Seq=104446 Ack=141 Win=65024 Len=1448 TSval=2916039277 TSecr=3045559051 [TCP segment of a reassembled PDU]"
"47605","35.197439530","192.168.1.2","192.168.1.55","TCP","66","36450  >  8004 [ACK] Seq=141 Ack=65350 Win=71680 Len=0 TSval=3045559051 TSecr=2916039272"
"47606","35.197465049","192.168.1.55","192.168.1.2","TCP","1514","8004  >  36450 [ACK] Seq=105894 Ack=141 Win=65024 Len=1448 TSval=2916039278 TSecr=3045559051 [TCP segment of a reassembled PDU]"
"47607","35.197468326","192.168.1.55","192.168.1.2","TCP","1514","8004  >  36450 [ACK] Seq=107342 Ack=141 Win=65024 Len=1448 TSval=2916039278 TSecr=3045559051 [TCP segment of a reassembled PDU]"
"47608","35.197470049","192.168.1.55","192.168.1.2","TCP","1514","8004  >  36450 [ACK] Seq=108790 Ack=141 Win=65024 Len=1448 TSval=2916039278 TSecr=3045559051 [TCP segment of a reassembled PDU]"
"47609","35.197471067","192.168.1.55","192.168.1.2","TCP","1514","8004  >  36450 [ACK] Seq=110238 Ack=141 Win=65024 Len=1448 TSval=2916039278 TSecr=3045559051 [TCP segment of a reassembled PDU]"
"47610","35.197472123","192.168.1.55","192.168.1.2","TCP","1514","8004  >  36450 [ACK] Seq=111686 Ack=141 Win=65024 Len=1448 TSval=2916039278 TSecr=3045559051 [TCP segment of a reassembled PDU]"
"47611","35.197473382","192.168.1.55","192.168.1.2","TCP","1514","8004  >  36450 [ACK] Seq=113134 Ack=141 Win=65024 Len=1448 TSval=2916039278 TSecr=3045559051 [TCP segment of a reassembled PDU]"
"47612","35.197475512","192.168.1.55","192.168.1.2","TCP","1514","8004  >  36450 [PSH, ACK] Seq=114582 Ack=141 Win=65024 Len=1448 TSval=2916039278 TSecr=3045559051 [TCP segment of a reassembled PDU]"
"47613","35.197484067","192.168.1.2","192.168.1.55","TCP","66","36450  >  8004 [ACK] Seq=141 Ack=76934 Win=60416 Len=0 TSval=3045559051 TSecr=2916039272"
"47614","35.197534586","192.168.1.55","192.168.1.2","TCP","1514","8004  >  36450 [ACK] Seq=116030 Ack=141 Win=65024 Len=1448 TSval=2916039278 TSecr=3045559051 [TCP segment of a reassembled PDU]"
"47615","35.197536827","192.168.1.55","192.168.1.2","TCP","1514","8004  >  36450 [ACK] Seq=117478 Ack=141 Win=65024 Len=1448 TSval=2916039278 TSecr=3045559051 [TCP segment of a reassembled PDU]"
"47616","35.197538789","192.168.1.55","192.168.1.2","TCP","1514","8004  >  36450 [ACK] Seq=118926 Ack=141 Win=65024 Len=1448 TSval=2916039278 TSecr=3045559051 [TCP segment of a reassembled PDU]"
"47617","35.197540364","192.168.1.55","192.168.1.2","TCP","1514","8004  >  36450 [ACK] Seq=120374 Ack=141 Win=65024 Len=1448 TSval=2916039278 TSecr=3045559051 [TCP segment of a reassembled PDU]"
"47618","35.197541456","192.168.1.55","192.168.1.2","TCP","1514","8004  >  36450 [ACK] Seq=121822 Ack=141 Win=65024 Len=1448 TSval=2916039278 TSecr=3045559051 [TCP segment of a reassembled PDU]"
"47619","35.197543012","192.168.1.55","192.168.1.2","TCP","1514","8004  >  36450 [ACK] Seq=123270 Ack=141 Win=65024 Len=1448 TSval=2916039278 TSecr=3045559051 [TCP segment of a reassembled PDU]"
"47620","35.197544734","192.168.1.55","192.168.1.2","TCP","1514","8004  >  36450 [ACK] Seq=124718 Ack=141 Win=65024 Len=1448 TSval=2916039278 TSecr=3045559051 [TCP segment of a reassembled PDU]"
"47621","35.197546345","192.168.1.55","192.168.1.2","TCP","1514","8004  >  36450 [ACK] Seq=126166 Ack=141 Win=65024 Len=1448 TSval=2916039278 TSecr=3045559051 [TCP segment of a reassembled PDU]"
"47622","35.197547604","192.168.1.55","192.168.1.2","TCP","1514","8004  >  36450 [ACK] Seq=127614 Ack=141 Win=65024 Len=1448 TSval=2916039278 TSecr=3045559051 [TCP segment of a reassembled PDU]"
"47623","35.197549401","192.168.1.55","192.168.1.2","TCP","1514","8004  >  36450 [ACK] Seq=129062 Ack=141 Win=65024 Len=1448 TSval=2916039278 TSecr=3045559051 [TCP segment of a reassembled PDU]"
"47624","35.197551178","192.168.1.55","192.168.1.2","TCP","1514","8004  >  36450 [ACK] Seq=130510 Ack=141 Win=65024 Len=1448 TSval=2916039278 TSecr=3045559051 [TCP segment of a reassembled PDU]"
"47625","35.197553345","192.168.1.55","192.168.1.2","TCP","1514","8004  >  36450 [ACK] Seq=131958 Ack=141 Win=65024 Len=1448 TSval=2916039278 TSecr=3045559051 [TCP segment of a reassembled PDU]"
"47626","35.197554845","192.168.1.55","192.168.1.2","TCP","1514","8004  >  36450 [ACK] Seq=133406 Ack=141 Win=65024 Len=1448 TSval=2916039278 TSecr=3045559051 [TCP segment of a reassembled PDU]"
"47627","35.197556160","192.168.1.55","192.168.1.2","TCP","1514","8004  >  36450 [ACK] Seq=134854 Ack=141 Win=65024 Len=1448 TSval=2916039278 TSecr=3045559051 [TCP segment of a reassembled PDU]"
"47628","35.197558160","192.168.1.55","192.168.1.2","TCP","1114","[TCP Window Full] 8004  >  36450 [PSH, ACK] Seq=136302 Ack=141 Win=65024 Len=1048 TSval=2916039278 TSecr=3045559051 [TCP segment of a reassembled PDU]"
"47629","35.197563030","192.168.1.2","192.168.1.55","TCP","66","36450  >  8004 [ACK] Seq=141 Ack=100102 Win=37888 Len=0 TSval=3045559052 TSecr=2916039272"
"47630","35.197567641","192.168.1.2","192.168.1.55","TCP","66","[TCP Window Update] 36450  >  8004 [ACK] Seq=141 Ack=100102 Win=92160 Len=0 TSval=3045559052 TSecr=2916039272"
"47631","35.197641012","192.168.1.55","192.168.1.2","TCP","1514","8004  >  36450 [ACK] Seq=137350 Ack=141 Win=65024 Len=1448 TSval=2916039278 TSecr=3045559052 [TCP segment of a reassembled PDU]"
"47632","35.197645771","192.168.1.55","192.168.1.2","TCP","1514","8004  >  36450 [ACK] Seq=138798 Ack=141 Win=65024 Len=1448 TSval=2916039278 TSecr=3045559052 [TCP segment of a reassembled PDU]"
"47633","35.197647216","192.168.1.55","192.168.1.2","TCP","1514","8004  >  36450 [ACK] Seq=140246 Ack=141 Win=65024 Len=1448 TSval=2916039278 TSecr=3045559052 [TCP segment of a reassembled PDU]"
"47634","35.197649049","192.168.1.55","192.168.1.2","TCP","1514","8004  >  36450 [ACK] Seq=141694 Ack=141 Win=65024 Len=1448 TSval=2916039278 TSecr=3045559052 [TCP segment of a reassembled PDU]"
"47635","35.197650493","192.168.1.55","192.168.1.2","TCP","1514","8004  >  36450 [ACK] Seq=143142 Ack=141 Win=65024 Len=1448 TSval=2916039278 TSecr=3045559052 [TCP segment of a reassembled PDU]"
"47636","35.197651512","192.168.1.55","192.168.1.2","TCP","1514","8004  >  36450 [ACK] Seq=144590 Ack=141 Win=65024 Len=1448 TSval=2916039278 TSecr=3045559052 [TCP segment of a reassembled PDU]"
"47637","35.197652975","192.168.1.55","192.168.1.2","TCP","1514","8004  >  36450 [ACK] Seq=146038 Ack=141 Win=65024 Len=1448 TSval=2916039278 TSecr=3045559052 [TCP segment of a reassembled PDU]"
"47638","35.197654956","192.168.1.55","192.168.1.2","TCP","1514","8004  >  36450 [ACK] Seq=147486 Ack=141 Win=65024 Len=1448 TSval=2916039278 TSecr=3045559052 [TCP segment of a reassembled PDU]"
"47639","35.197656919","192.168.1.55","192.168.1.2","TCP","1514","8004  >  36450 [ACK] Seq=148934 Ack=141 Win=65024 Len=1448 TSval=2916039278 TSecr=3045559052 [TCP segment of a reassembled PDU]"
"47640","35.197658123","192.168.1.55","192.168.1.2","TCP","1514","8004  >  36450 [ACK] Seq=150382 Ack=141 Win=65024 Len=1448 TSval=2916039278 TSecr=3045559052 [TCP segment of a reassembled PDU]"
"47641","35.197659438","192.168.1.55","192.168.1.2","TCP","1514","8004  >  36450 [ACK] Seq=151830 Ack=141 Win=65024 Len=1448 TSval=2916039278 TSecr=3045559052 [TCP segment of a reassembled PDU]"
"47642","35.197661790","192.168.1.55","192.168.1.2","TCP","1514","8004  >  36450 [PSH, ACK] Seq=153278 Ack=141 Win=65024 Len=1448 TSval=2916039278 TSecr=3045559052 [TCP segment of a reassembled PDU]"
"47643","35.197671549","192.168.1.55","192.168.1.2","TCP","466","8004  >  36450 [ACK] Seq=154726 Ack=141 Win=65024 Len=400 TSval=2916039278 TSecr=3045559052 [TCP segment of a reassembled PDU]"
"47644","35.197725753","192.168.1.55","192.168.1.2","TCP","1514","8004  >  36450 [ACK] Seq=155126 Ack=141 Win=65024 Len=1448 TSval=2916039278 TSecr=3045559052 [TCP segment of a reassembled PDU]"
"47645","35.197728031","192.168.1.55","192.168.1.2","TCP","1514","8004  >  36450 [ACK] Seq=156574 Ack=141 Win=65024 Len=1448 TSval=2916039278 TSecr=3045559052 [TCP segment of a reassembled PDU]"
"47646","35.197729827","192.168.1.55","192.168.1.2","TCP","1514","8004  >  36450 [ACK] Seq=158022 Ack=141 Win=65024 Len=1448 TSval=2916039278 TSecr=3045559052 [TCP segment of a reassembled PDU]"
"47647","35.197731160","192.168.1.55","192.168.1.2","TCP","1514","8004  >  36450 [ACK] Seq=159470 Ack=141 Win=65024 Len=1448 TSval=2916039278 TSecr=3045559052 [TCP segment of a reassembled PDU]"
"47648","35.197732660","192.168.1.55","192.168.1.2","TCP","1514","8004  >  36450 [ACK] Seq=160918 Ack=141 Win=65024 Len=1448 TSval=2916039278 TSecr=3045559052 [TCP segment of a reassembled PDU]"
"47649","35.197733938","192.168.1.55","192.168.1.2","TCP","1514","8004  >  36450 [ACK] Seq=162366 Ack=141 Win=65024 Len=1448 TSval=2916039278 TSecr=3045559052 [TCP segment of a reassembled PDU]"
"47650","35.197736216","192.168.1.55","192.168.1.2","TCP","1514","8004  >  36450 [ACK] Seq=163814 Ack=141 Win=65024 Len=1448 TSval=2916039278 TSecr=3045559052 [TCP segment of a reassembled PDU]"
"47651","35.197737901","192.168.1.55","192.168.1.2","TCP","1514","8004  >  36450 [ACK] Seq=165262 Ack=141 Win=65024 Len=1448 TSval=2916039278 TSecr=3045559052 [TCP segment of a reassembled PDU]"
"47652","35.197739031","192.168.1.55","192.168.1.2","TCP","1514","8004  >  36450 [ACK] Seq=166710 Ack=141 Win=65024 Len=1448 TSval=2916039278 TSecr=3045559052 [TCP segment of a reassembled PDU]"
"47653","35.197740142","192.168.1.55","192.168.1.2","TCP","1514","8004  >  36450 [ACK] Seq=168158 Ack=141 Win=65024 Len=1448 TSval=2916039278 TSecr=3045559052 [TCP segment of a reassembled PDU]"
"47654","35.197741160","192.168.1.55","192.168.1.2","TCP","1514","8004  >  36450 [ACK] Seq=169606 Ack=141 Win=65024 Len=1448 TSval=2916039278 TSecr=3045559052 [TCP segment of a reassembled PDU]"
"47655","35.197742456","192.168.1.55","192.168.1.2","TCP","1514","8004  >  36450 [ACK] Seq=171054 Ack=141 Win=65024 Len=1448 TSval=2916039278 TSecr=3045559052 [TCP segment of a reassembled PDU]"
"47656","35.197743549","192.168.1.55","192.168.1.2","TCP","1514","8004  >  36450 [ACK] Seq=172502 Ack=141 Win=65024 Len=1448 TSval=2916039278 TSecr=3045559052 [TCP segment of a reassembled PDU]"
"47657","35.197744734","192.168.1.55","192.168.1.2","TCP","1514","8004  >  36450 [ACK] Seq=173950 Ack=141 Win=65024 Len=1448 TSval=2916039278 TSecr=3045559052 [TCP segment of a reassembled PDU]"
"47658","35.197746382","192.168.1.55","192.168.1.2","TCP","1514","8004  >  36450 [ACK] Seq=175398 Ack=141 Win=65024 Len=1448 TSval=2916039278 TSecr=3045559052 [TCP segment of a reassembled PDU]"
"47659","35.197747623","192.168.1.55","192.168.1.2","TCP","1514","8004  >  36450 [ACK] Seq=176846 Ack=141 Win=65024 Len=1448 TSval=2916039278 TSecr=3045559052 [TCP segment of a reassembled PDU]"
"47660","35.197749216","192.168.1.55","192.168.1.2","TCP","1514","8004  >  36450 [ACK] Seq=178294 Ack=141 Win=65024 Len=1448 TSval=2916039278 TSecr=3045559052 [TCP segment of a reassembled PDU]"
"47661","35.197750531","192.168.1.55","192.168.1.2","TCP","1514","8004  >  36450 [ACK] Seq=179742 Ack=141 Win=65024 Len=1448 TSval=2916039278 TSecr=3045559052 [TCP segment of a reassembled PDU]"
"47662","35.197751771","192.168.1.55","192.168.1.2","TCP","1514","8004  >  36450 [ACK] Seq=181190 Ack=141 Win=65024 Len=1448 TSval=2916039278 TSecr=3045559052 [TCP segment of a reassembled PDU]"
"47663","35.197753142","192.168.1.55","192.168.1.2","TCP","1514","8004  >  36450 [ACK] Seq=182638 Ack=141 Win=65024 Len=1448 TSval=2916039278 TSecr=3045559052 [TCP segment of a reassembled PDU]"
"47664","35.197754401","192.168.1.55","192.168.1.2","TCP","1514","8004  >  36450 [ACK] Seq=184086 Ack=141 Win=65024 Len=1448 TSval=2916039278 TSecr=3045559052 [TCP segment of a reassembled PDU]"
"47665","35.197756216","192.168.1.55","192.168.1.2","TCP","1514","8004  >  36450 [ACK] Seq=185534 Ack=141 Win=65024 Len=1448 TSval=2916039278 TSecr=3045559052 [TCP segment of a reassembled PDU]"
"47666","35.197757808","192.168.1.55","192.168.1.2","TCP","1514","8004  >  36450 [ACK] Seq=186982 Ack=141 Win=65024 Len=1448 TSval=2916039278 TSecr=3045559052 [TCP segment of a reassembled PDU]"
"47667","35.197759105","192.168.1.55","192.168.1.2","TCP","1514","8004  >  36450 [ACK] Seq=188430 Ack=141 Win=65024 Len=1448 TSval=2916039278 TSecr=3045559052 [TCP segment of a reassembled PDU]"
"47668","35.197760364","192.168.1.55","192.168.1.2","TCP","1514","8004  >  36450 [PSH, ACK] Seq=189878 Ack=141 Win=65024 Len=1448 TSval=2916039278 TSecr=3045559052 [TCP segment of a reassembled PDU]"
"47669","35.204556912","192.168.1.2","192.168.1.55","TCP","66","36450  >  8004 [ACK] Seq=141 Ack=116030 Win=80896 Len=0 TSval=3045559058 TSecr=2916039277"
"47670","35.204723671","192.168.1.55","192.168.1.2","TCP","1514","8004  >  36450 [ACK] Seq=191326 Ack=141 Win=65024 Len=1448 TSval=2916039285 TSecr=3045559058 [TCP segment of a reassembled PDU]"
"47671","35.204735245","192.168.1.55","192.168.1.2","TCP","1514","8004  >  36450 [ACK] Seq=192774 Ack=141 Win=65024 Len=1448 TSval=2916039285 TSecr=3045559058 [TCP segment of a reassembled PDU]"
"47672","35.204736282","192.168.1.55","192.168.1.2","TCP","1514","8004  >  36450 [PSH, ACK] Seq=194222 Ack=141 Win=65024 Len=1448 TSval=2916039285 TSecr=3045559058 [TCP segment of a reassembled PDU]"
"47673","35.204796949","192.168.1.2","192.168.1.55","TCP","66","36450  >  8004 [ACK] Seq=141 Ack=154726 Win=43008 Len=0 TSval=3045559059 TSecr=2916039278"
"47674","35.204809190","192.168.1.2","192.168.1.55","TCP","66","36450  >  8004 [ACK] Seq=141 Ack=191326 Win=45056 Len=0 TSval=3045559059 TSecr=2916039278"
"47675","35.204821894","192.168.1.55","192.168.1.2","TCP","1514","8004  >  36450 [ACK] Seq=195670 Ack=141 Win=65024 Len=1448 TSval=2916039285 TSecr=3045559059 [TCP segment of a reassembled PDU]"
"47676","35.204824116","192.168.1.55","192.168.1.2","TCP","1514","8004  >  36450 [ACK] Seq=197118 Ack=141 Win=65024 Len=1448 TSval=2916039285 TSecr=3045559059 [TCP segment of a reassembled PDU]"
"47677","35.204825097","192.168.1.55","192.168.1.2","TCP","1514","8004  >  36450 [PSH, ACK] Seq=198566 Ack=141 Win=65024 Len=1448 TSval=2916039285 TSecr=3045559059 [TCP segment of a reassembled PDU]"
"47678","35.204888153","192.168.1.55","192.168.1.2","TCP","1514","8004  >  36450 [ACK] Seq=200014 Ack=141 Win=65024 Len=1448 TSval=2916039285 TSecr=3045559059 [TCP segment of a reassembled PDU]"
"47679","35.204890727","192.168.1.55","192.168.1.2","TCP","1514","8004  >  36450 [ACK] Seq=201462 Ack=141 Win=65024 Len=1448 TSval=2916039285 TSecr=3045559059 [TCP segment of a reassembled PDU]"
"47680","35.204892635","192.168.1.55","192.168.1.2","TCP","1514","8004  >  36450 [ACK] Seq=202910 Ack=141 Win=65024 Len=1448 TSval=2916039285 TSecr=3045559059 [TCP segment of a reassembled PDU]"
"47681","35.204893857","192.168.1.55","192.168.1.2","TCP","1514","8004  >  36450 [ACK] Seq=204358 Ack=141 Win=65024 Len=1448 TSval=2916039285 TSecr=3045559059 [TCP segment of a reassembled PDU]"
"47682","35.204894838","192.168.1.55","192.168.1.2","TCP","1514","8004  >  36450 [ACK] Seq=205806 Ack=141 Win=65024 Len=1448 TSval=2916039285 TSecr=3045559059 [TCP segment of a reassembled PDU]"
"47683","35.204896042","192.168.1.55","192.168.1.2","TCP","1514","8004  >  36450 [ACK] Seq=207254 Ack=141 Win=65024 Len=1448 TSval=2916039285 TSecr=3045559059 [TCP segment of a reassembled PDU]"
"47684","35.204897727","192.168.1.55","192.168.1.2","TCP","1514","8004  >  36450 [ACK] Seq=208702 Ack=141 Win=65024 Len=1448 TSval=2916039285 TSecr=3045559059 [TCP segment of a reassembled PDU]"
"47685","35.204898949","192.168.1.55","192.168.1.2","TCP","1514","8004  >  36450 [ACK] Seq=210150 Ack=141 Win=65024 Len=1448 TSval=2916039285 TSecr=3045559059 [TCP segment of a reassembled PDU]"
"47686","35.204900190","192.168.1.55","192.168.1.2","TCP","1514","8004  >  36450 [ACK] Seq=211598 Ack=141 Win=65024 Len=1448 TSval=2916039285 TSecr=3045559059 [TCP segment of a reassembled PDU]"
"47687","35.204901468","192.168.1.55","192.168.1.2","TCP","1514","8004  >  36450 [ACK] Seq=213046 Ack=141 Win=65024 Len=1448 TSval=2916039285 TSecr=3045559059 [TCP segment of a reassembled PDU]"
"47688","35.204902468","192.168.1.55","192.168.1.2","TCP","1514","8004  >  36450 [ACK] Seq=214494 Ack=141 Win=65024 Len=1448 TSval=2916039285 TSecr=3045559059 [TCP segment of a reassembled PDU]"
"47689","35.204903746","192.168.1.55","192.168.1.2","TCP","1514","8004  >  36450 [ACK] Seq=215942 Ack=141 Win=65024 Len=1448 TSval=2916039285 TSecr=3045559059 [TCP segment of a reassembled PDU]"
"47690","35.204904838","192.168.1.55","192.168.1.2","TCP","1514","8004  >  36450 [ACK] Seq=217390 Ack=141 Win=65024 Len=1448 TSval=2916039285 TSecr=3045559059 [TCP segment of a reassembled PDU]"
"47691","35.204905931","192.168.1.55","192.168.1.2","TCP","1514","8004  >  36450 [ACK] Seq=218838 Ack=141 Win=65024 Len=1448 TSval=2916039285 TSecr=3045559059 [TCP segment of a reassembled PDU]"
"47692","35.204907005","192.168.1.55","192.168.1.2","TCP","1514","8004  >  36450 [ACK] Seq=220286 Ack=141 Win=65024 Len=1448 TSval=2916039285 TSecr=3045559059 [TCP segment of a reassembled PDU]"
"47693","35.204907949","192.168.1.55","192.168.1.2","TCP","1514","8004  >  36450 [ACK] Seq=221734 Ack=141 Win=65024 Len=1448 TSval=2916039285 TSecr=3045559059 [TCP segment of a reassembled PDU]"
"47694","35.204908894","192.168.1.55","192.168.1.2","TCP","1514","8004  >  36450 [ACK] Seq=223182 Ack=141 Win=65024 Len=1448 TSval=2916039285 TSecr=3045559059 [TCP segment of a reassembled PDU]"
"47695","35.204910098","192.168.1.55","192.168.1.2","TCP","1514","8004  >  36450 [ACK] Seq=224630 Ack=141 Win=65024 Len=1448 TSval=2916039285 TSecr=3045559059 [TCP segment of a reassembled PDU]"
"47696","35.204912227","192.168.1.55","192.168.1.2","TCP","1514","8004  >  36450 [ACK] Seq=226078 Ack=141 Win=65024 Len=1448 TSval=2916039285 TSecr=3045559059 [TCP segment of a reassembled PDU]"
"47697","35.204913468","192.168.1.55","192.168.1.2","TCP","1514","8004  >  36450 [ACK] Seq=227526 Ack=141 Win=65024 Len=1448 TSval=2916039285 TSecr=3045559059 [TCP segment of a reassembled PDU]"
"47698","35.204914986","192.168.1.55","192.168.1.2","TCP","1514","8004  >  36450 [ACK] Seq=228974 Ack=141 Win=65024 Len=1448 TSval=2916039285 TSecr=3045559059 [TCP segment of a reassembled PDU]"
"47699","35.204916449","192.168.1.55","192.168.1.2","TCP","1514","8004  >  36450 [ACK] Seq=230422 Ack=141 Win=65024 Len=1448 TSval=2916039285 TSecr=3045559059 [TCP segment of a reassembled PDU]"
"47700","35.204917616","192.168.1.55","192.168.1.2","TCP","1514","8004  >  36450 [ACK] Seq=231870 Ack=141 Win=65024 Len=1448 TSval=2916039285 TSecr=3045559059 [TCP segment of a reassembled PDU]"
"47701","35.204919079","192.168.1.55","192.168.1.2","TCP","1514","8004  >  36450 [ACK] Seq=233318 Ack=141 Win=65024 Len=1448 TSval=2916039285 TSecr=3045559059 [TCP segment of a reassembled PDU]"
"47702","35.204920209","192.168.1.55","192.168.1.2","TCP","1514","8004  >  36450 [ACK] Seq=234766 Ack=141 Win=65024 Len=1448 TSval=2916039285 TSecr=3045559059 [TCP segment of a reassembled PDU]"
"47703","35.204921449","192.168.1.55","192.168.1.2","TCP","234","[TCP Window Full] 8004  >  36450 [PSH, ACK] Seq=236214 Ack=141 Win=65024 Len=168 TSval=2916039285 TSecr=3045559059 [TCP segment of a reassembled PDU]"
"47704","35.204924894","192.168.1.2","192.168.1.55","TCP","66","[TCP Window Update] 36450  >  8004 [ACK] Seq=141 Ack=191326 Win=92160 Len=0 TSval=3045559059 TSecr=2916039278"
"47705","35.204941801","192.168.1.55","192.168.1.2","TCP","1514","8004  >  36450 [ACK] Seq=236382 Ack=141 Win=65024 Len=1448 TSval=2916039285 TSecr=3045559059 [TCP segment of a reassembled PDU]"
"47706","35.204943987","192.168.1.55","192.168.1.2","TCP","1514","8004  >  36450 [ACK] Seq=237830 Ack=141 Win=65024 Len=1448 TSval=2916039285 TSecr=3045559059 [TCP segment of a reassembled PDU]"
"47707","35.204944931","192.168.1.55","192.168.1.2","TCP","1514","8004  >  36450 [ACK] Seq=239278 Ack=141 Win=65024 Len=1448 TSval=2916039285 TSecr=3045559059 [TCP segment of a reassembled PDU]"
"47708","35.204958690","192.168.1.55","192.168.1.2","TCP","1514","8004  >  36450 [ACK] Seq=240726 Ack=141 Win=65024 Len=1448 TSval=2916039285 TSecr=3045559059 [TCP segment of a reassembled PDU]"
"47709","35.204961264","192.168.1.55","192.168.1.2","TCP","1514","8004  >  36450 [PSH, ACK] Seq=242174 Ack=141 Win=65024 Len=1448 TSval=2916039285 TSecr=3045559059 [TCP segment of a reassembled PDU]"
"47710","35.204967394","192.168.1.55","192.168.1.2","TCP","1346","8004  >  36450 [PSH, ACK] Seq=243622 Ack=141 Win=65024 Len=1280 TSval=2916039285 TSecr=3045559059 [TCP segment of a reassembled PDU]"
"47711","35.205046764","192.168.1.55","192.168.1.2","TCP","1514","8004  >  36450 [ACK] Seq=244902 Ack=141 Win=65024 Len=1448 TSval=2916039285 TSecr=3045559059 [TCP segment of a reassembled PDU]"
"47712","35.205049042","192.168.1.55","192.168.1.2","TCP","1514","8004  >  36450 [ACK] Seq=246350 Ack=141 Win=65024 Len=1448 TSval=2916039285 TSecr=3045559059 [TCP segment of a reassembled PDU]"
"47713","35.205050079","192.168.1.55","192.168.1.2","TCP","1514","8004  >  36450 [ACK] Seq=247798 Ack=141 Win=65024 Len=1448 TSval=2916039285 TSecr=3045559059 [TCP segment of a reassembled PDU]"
"47714","35.205051264","192.168.1.55","192.168.1.2","TCP","1514","8004  >  36450 [ACK] Seq=249246 Ack=141 Win=65024 Len=1448 TSval=2916039285 TSecr=3045559059 [TCP segment of a reassembled PDU]"
"47715","35.205053376","192.168.1.55","192.168.1.2","TCP","1514","8004  >  36450 [ACK] Seq=250694 Ack=141 Win=65024 Len=1448 TSval=2916039285 TSecr=3045559059 [TCP segment of a reassembled PDU]"
"47716","35.205055172","192.168.1.55","192.168.1.2","TCP","1514","8004  >  36450 [ACK] Seq=252142 Ack=141 Win=65024 Len=1448 TSval=2916039285 TSecr=3045559059 [TCP segment of a reassembled PDU]"
"47717","35.205056116","192.168.1.55","192.168.1.2","TCP","1514","8004  >  36450 [ACK] Seq=253590 Ack=141 Win=65024 Len=1448 TSval=2916039285 TSecr=3045559059 [TCP segment of a reassembled PDU]"
"47718","35.205057598","192.168.1.55","192.168.1.2","TCP","1514","8004  >  36450 [ACK] Seq=255038 Ack=141 Win=65024 Len=1448 TSval=2916039285 TSecr=3045559059 [TCP segment of a reassembled PDU]"
"47719","35.205060524","192.168.1.55","192.168.1.2","TCP","1514","8004  >  36450 [ACK] Seq=256486 Ack=141 Win=65024 Len=1448 TSval=2916039285 TSecr=3045559059 [TCP segment of a reassembled PDU]"
"47720","35.205062487","192.168.1.55","192.168.1.2","TCP","1514","8004  >  36450 [ACK] Seq=257934 Ack=141 Win=65024 Len=1448 TSval=2916039285 TSecr=3045559059 [TCP segment of a reassembled PDU]"
"47721","35.205064079","192.168.1.55","192.168.1.2","TCP","1514","8004  >  36450 [ACK] Seq=259382 Ack=141 Win=65024 Len=1448 TSval=2916039285 TSecr=3045559059 [TCP segment of a reassembled PDU]"
"47722","35.205065320","192.168.1.55","192.168.1.2","TCP","1514","8004  >  36450 [ACK] Seq=260830 Ack=141 Win=65024 Len=1448 TSval=2916039285 TSecr=3045559059 [TCP segment of a reassembled PDU]"
"47723","35.205067153","192.168.1.55","192.168.1.2","TCP","1514","8004  >  36450 [ACK] Seq=262278 Ack=141 Win=65024 Len=1448 TSval=2916039285 TSecr=3045559059 [TCP segment of a reassembled PDU]"
"47724","35.205068283","192.168.1.55","192.168.1.2","TCP","1514","8004  >  36450 [ACK] Seq=263726 Ack=141 Win=65024 Len=1448 TSval=2916039285 TSecr=3045559059 [TCP segment of a reassembled PDU]"
"47725","35.205069839","192.168.1.55","192.168.1.2","TCP","1514","8004  >  36450 [ACK] Seq=265174 Ack=141 Win=65024 Len=1448 TSval=2916039285 TSecr=3045559059 [TCP segment of a reassembled PDU]"
"47726","35.205071561","192.168.1.55","192.168.1.2","TCP","1514","8004  >  36450 [ACK] Seq=266622 Ack=141 Win=65024 Len=1448 TSval=2916039285 TSecr=3045559059 [TCP segment of a reassembled PDU]"
"47727","35.205073172","192.168.1.55","192.168.1.2","TCP","1514","8004  >  36450 [ACK] Seq=268070 Ack=141 Win=65024 Len=1448 TSval=2916039285 TSecr=3045559059 [TCP segment of a reassembled PDU]"
"47728","35.205075505","192.168.1.55","192.168.1.2","TCP","1514","8004  >  36450 [ACK] Seq=269518 Ack=141 Win=65024 Len=1448 TSval=2916039285 TSecr=3045559059 [TCP segment of a reassembled PDU]"
"47729","35.205077135","192.168.1.55","192.168.1.2","TCP","1514","8004  >  36450 [ACK] Seq=270966 Ack=141 Win=65024 Len=1448 TSval=2916039285 TSecr=3045559059 [TCP segment of a reassembled PDU]"
"47730","35.205078283","192.168.1.55","192.168.1.2","TCP","1514","8004  >  36450 [ACK] Seq=272414 Ack=141 Win=65024 Len=1448 TSval=2916039285 TSecr=3045559059 [TCP segment of a reassembled PDU]"
"47731","35.205079765","192.168.1.55","192.168.1.2","TCP","1514","8004  >  36450 [ACK] Seq=273862 Ack=141 Win=65024 Len=1448 TSval=2916039285 TSecr=3045559059 [TCP segment of a reassembled PDU]"
"47732","35.205080820","192.168.1.55","192.168.1.2","TCP","1514","8004  >  36450 [ACK] Seq=275310 Ack=141 Win=65024 Len=1448 TSval=2916039285 TSecr=3045559059 [TCP segment of a reassembled PDU]"
"47733","35.205082098","192.168.1.55","192.168.1.2","TCP","1514","8004  >  36450 [ACK] Seq=276758 Ack=141 Win=65024 Len=1448 TSval=2916039285 TSecr=3045559059 [TCP segment of a reassembled PDU]"
"47734","35.205083450","192.168.1.55","192.168.1.2","TCP","1514","8004  >  36450 [ACK] Seq=278206 Ack=141 Win=65024 Len=1448 TSval=2916039285 TSecr=3045559059 [TCP segment of a reassembled PDU]"
"47735","35.205084931","192.168.1.55","192.168.1.2","TCP","1514","8004  >  36450 [ACK] Seq=279654 Ack=141 Win=65024 Len=1448 TSval=2916039285 TSecr=3045559059 [TCP segment of a reassembled PDU]"
"47736","35.205087653","192.168.1.55","192.168.1.2","TCP","1514","8004  >  36450 [PSH, ACK] Seq=281102 Ack=141 Win=65024 Len=1448 TSval=2916039285 TSecr=3045559059 [TCP segment of a reassembled PDU]"
"47737","35.213197166","192.168.1.2","192.168.1.55","TCP","66","36450  >  8004 [ACK] Seq=141 Ack=195670 Win=92160 Len=0 TSval=3045559067 TSecr=2916039285"
"47738","35.213240333","192.168.1.55","192.168.1.2","TCP","1514","8004  >  36450 [ACK] Seq=282550 Ack=141 Win=65024 Len=1448 TSval=2916039293 TSecr=3045559067 [TCP segment of a reassembled PDU]"
"47739","35.213244611","192.168.1.55","192.168.1.2","TCP","1514","8004  >  36450 [ACK] Seq=283998 Ack=141 Win=65024 Len=1448 TSval=2916039293 TSecr=3045559067 [TCP segment of a reassembled PDU]"
"47740","35.213245537","192.168.1.55","192.168.1.2","TCP","1514","8004  >  36450 [PSH, ACK] Seq=285446 Ack=141 Win=65024 Len=1448 TSval=2916039293 TSecr=3045559067 [TCP segment of a reassembled PDU]"
"47741","35.213473445","192.168.1.2","192.168.1.55","TCP","66","36450  >  8004 [ACK] Seq=141 Ack=236382 Win=57344 Len=0 TSval=3045559067 TSecr=2916039285"
"47742","35.213486630","192.168.1.55","192.168.1.2","TCP","1514","8004  >  36450 [ACK] Seq=286894 Ack=141 Win=65024 Len=1448 TSval=2916039294 TSecr=3045559067 [TCP segment of a reassembled PDU]"
"47743","35.213488389","192.168.1.55","192.168.1.2","TCP","1514","8004  >  36450 [PSH, ACK] Seq=288342 Ack=141 Win=65024 Len=1448 TSval=2916039294 TSecr=3045559067 [TCP segment of a reassembled PDU]"
"47744","35.213491537","192.168.1.2","192.168.1.55","TCP","66","36450  >  8004 [ACK] Seq=141 Ack=243622 Win=96256 Len=0 TSval=3045559068 TSecr=2916039285"
"47745","35.213526741","192.168.1.55","192.168.1.2","TCP","1514","8004  >  36450 [ACK] Seq=289790 Ack=141 Win=65024 Len=1448 TSval=2916039294 TSecr=3045559068 [TCP segment of a reassembled PDU]"
"47746","35.213528574","192.168.1.55","192.168.1.2","TCP","1514","8004  >  36450 [ACK] Seq=291238 Ack=141 Win=65024 Len=1448 TSval=2916039294 TSecr=3045559068 [TCP segment of a reassembled PDU]"
"47747","35.213529482","192.168.1.55","192.168.1.2","TCP","1514","8004  >  36450 [ACK] Seq=292686 Ack=141 Win=65024 Len=1448 TSval=2916039294 TSecr=3045559068 [TCP segment of a reassembled PDU]"
"47748","35.213530519","192.168.1.55","192.168.1.2","TCP","1514","8004  >  36450 [ACK] Seq=294134 Ack=141 Win=65024 Len=1448 TSval=2916039294 TSecr=3045559068 [TCP segment of a reassembled PDU]"
"47749","35.213531426","192.168.1.55","192.168.1.2","TCP","1514","8004  >  36450 [ACK] Seq=295582 Ack=141 Win=65024 Len=1448 TSval=2916039294 TSecr=3045559068 [TCP segment of a reassembled PDU]"
"47750","35.213532463","192.168.1.55","192.168.1.2","TCP","1514","8004  >  36450 [ACK] Seq=297030 Ack=141 Win=65024 Len=1448 TSval=2916039294 TSecr=3045559068 [TCP segment of a reassembled PDU]"
"47751","35.213533537","192.168.1.55","192.168.1.2","TCP","1514","8004  >  36450 [ACK] Seq=298478 Ack=141 Win=65024 Len=1448 TSval=2916039294 TSecr=3045559068 [TCP segment of a reassembled PDU]"
"47752","35.213534556","192.168.1.55","192.168.1.2","TCP","1514","8004  >  36450 [ACK] Seq=299926 Ack=141 Win=65024 Len=1448 TSval=2916039294 TSecr=3045559068 [TCP segment of a reassembled PDU]"
"47753","35.213535537","192.168.1.55","192.168.1.2","TCP","1514","8004  >  36450 [ACK] Seq=301374 Ack=141 Win=65024 Len=1448 TSval=2916039294 TSecr=3045559068 [TCP segment of a reassembled PDU]"
"47754","35.213536593","192.168.1.55","192.168.1.2","TCP","1514","8004  >  36450 [ACK] Seq=302822 Ack=141 Win=65024 Len=1448 TSval=2916039294 TSecr=3045559068 [TCP segment of a reassembled PDU]"
"47755","35.213537685","192.168.1.55","192.168.1.2","TCP","1514","8004  >  36450 [ACK] Seq=304270 Ack=141 Win=65024 Len=1448 TSval=2916039294 TSecr=3045559068 [TCP segment of a reassembled PDU]"
"47756","35.213538778","192.168.1.55","192.168.1.2","TCP","1514","8004  >  36450 [ACK] Seq=305718 Ack=141 Win=65024 Len=1448 TSval=2916039294 TSecr=3045559068 [TCP segment of a reassembled PDU]"
"47757","35.213539704","192.168.1.55","192.168.1.2","TCP","1514","8004  >  36450 [ACK] Seq=307166 Ack=141 Win=65024 Len=1448 TSval=2916039294 TSecr=3045559068 [TCP segment of a reassembled PDU]"
"47758","35.213540611","192.168.1.55","192.168.1.2","TCP","1514","8004  >  36450 [ACK] Seq=308614 Ack=141 Win=65024 Len=1448 TSval=2916039294 TSecr=3045559068 [TCP segment of a reassembled PDU]"
"47759","35.213541611","192.168.1.55","192.168.1.2","TCP","1514","8004  >  36450 [ACK] Seq=310062 Ack=141 Win=65024 Len=1448 TSval=2916039294 TSecr=3045559068 [TCP segment of a reassembled PDU]"
"47760","35.213542982","192.168.1.55","192.168.1.2","TCP","1514","8004  >  36450 [ACK] Seq=311510 Ack=141 Win=65024 Len=1448 TSval=2916039294 TSecr=3045559068 [TCP segment of a reassembled PDU]"
"47761","35.213543963","192.168.1.55","192.168.1.2","TCP","1514","8004  >  36450 [ACK] Seq=312958 Ack=141 Win=65024 Len=1448 TSval=2916039294 TSecr=3045559068 [TCP segment of a reassembled PDU]"
"47762","35.213544963","192.168.1.55","192.168.1.2","TCP","1514","8004  >  36450 [ACK] Seq=314406 Ack=141 Win=65024 Len=1448 TSval=2916039294 TSecr=3045559068 [TCP segment of a reassembled PDU]"
"47763","35.213546037","192.168.1.55","192.168.1.2","TCP","1514","8004  >  36450 [ACK] Seq=315854 Ack=141 Win=65024 Len=1448 TSval=2916039294 TSecr=3045559068 [TCP segment of a reassembled PDU]"
"47764","35.213547130","192.168.1.55","192.168.1.2","TCP","1514","8004  >  36450 [ACK] Seq=317302 Ack=141 Win=65024 Len=1448 TSval=2916039294 TSecr=3045559068 [TCP segment of a reassembled PDU]"
"47765","35.213548111","192.168.1.55","192.168.1.2","TCP","1514","8004  >  36450 [ACK] Seq=318750 Ack=141 Win=65024 Len=1448 TSval=2916039294 TSecr=3045559068 [TCP segment of a reassembled PDU]"
"47766","35.213549223","192.168.1.55","192.168.1.2","TCP","1514","8004  >  36450 [ACK] Seq=320198 Ack=141 Win=65024 Len=1448 TSval=2916039294 TSecr=3045559068 [TCP segment of a reassembled PDU]"
"47767","35.213550315","192.168.1.55","192.168.1.2","TCP","1514","8004  >  36450 [ACK] Seq=321646 Ack=141 Win=65024 Len=1448 TSval=2916039294 TSecr=3045559068 [TCP segment of a reassembled PDU]"
"47768","35.213551426","192.168.1.55","192.168.1.2","TCP","1514","8004  >  36450 [ACK] Seq=323094 Ack=141 Win=65024 Len=1448 TSval=2916039294 TSecr=3045559068 [TCP segment of a reassembled PDU]"
"47769","35.213552648","192.168.1.55","192.168.1.2","TCP","1514","8004  >  36450 [ACK] Seq=324542 Ack=141 Win=65024 Len=1448 TSval=2916039294 TSecr=3045559068 [TCP segment of a reassembled PDU]"
"47770","35.213553574","192.168.1.55","192.168.1.2","TCP","1514","8004  >  36450 [ACK] Seq=325990 Ack=141 Win=65024 Len=1448 TSval=2916039294 TSecr=3045559068 [TCP segment of a reassembled PDU]"
"47771","35.213554556","192.168.1.55","192.168.1.2","TCP","1514","8004  >  36450 [ACK] Seq=327438 Ack=141 Win=65024 Len=1448 TSval=2916039294 TSecr=3045559068 [TCP segment of a reassembled PDU]"
"47772","35.213555556","192.168.1.55","192.168.1.2","TCP","1514","8004  >  36450 [ACK] Seq=328886 Ack=141 Win=65024 Len=1448 TSval=2916039294 TSecr=3045559068 [TCP segment of a reassembled PDU]"
"47773","35.213556574","192.168.1.55","192.168.1.2","TCP","1514","8004  >  36450 [ACK] Seq=330334 Ack=141 Win=65024 Len=1448 TSval=2916039294 TSecr=3045559068 [TCP segment of a reassembled PDU]"
"47774","35.213557778","192.168.1.55","192.168.1.2","TCP","1514","8004  >  36450 [ACK] Seq=331782 Ack=141 Win=65024 Len=1448 TSval=2916039294 TSecr=3045559068 [TCP segment of a reassembled PDU]"
"47775","35.213558685","192.168.1.55","192.168.1.2","TCP","1514","8004  >  36450 [PSH, ACK] Seq=333230 Ack=141 Win=65024 Len=1448 TSval=2916039294 TSecr=3045559068 [TCP segment of a reassembled PDU]"
"47776","35.213562408","192.168.1.2","192.168.1.55","TCP","66","36450  >  8004 [ACK] Seq=141 Ack=282550 Win=58368 Len=0 TSval=3045559068 TSecr=2916039285"
"47777","35.213574519","192.168.1.55","192.168.1.2","TCP","1514","8004  >  36450 [ACK] Seq=334678 Ack=141 Win=65024 Len=1448 TSval=2916039294 TSecr=3045559068 [TCP segment of a reassembled PDU]"
"47778","35.213575760","192.168.1.55","192.168.1.2","TCP","1514","8004  >  36450 [ACK] Seq=336126 Ack=141 Win=65024 Len=1448 TSval=2916039294 TSecr=3045559068 [TCP segment of a reassembled PDU]"
"47779","35.213576797","192.168.1.55","192.168.1.2","TCP","1514","8004  >  36450 [ACK] Seq=337574 Ack=141 Win=65024 Len=1448 TSval=2916039294 TSecr=3045559068 [TCP segment of a reassembled PDU]"
"47780","35.213577797","192.168.1.55","192.168.1.2","TCP","1514","8004  >  36450 [ACK] Seq=339022 Ack=141 Win=65024 Len=1448 TSval=2916039294 TSecr=3045559068 [TCP segment of a reassembled PDU]"
"47781","35.213578741","192.168.1.55","192.168.1.2","TCP","514","[TCP Window Full] 8004  >  36450 [PSH, ACK] Seq=340470 Ack=141 Win=65024 Len=448 TSval=2916039294 TSecr=3045559068 [TCP segment of a reassembled PDU]"
"47782","35.219035361","192.168.1.2","192.168.1.55","TCP","66","36450  >  8004 [ACK] Seq=141 Ack=286894 Win=97280 Len=0 TSval=3045559072 TSecr=2916039293"
"47783","35.219194176","192.168.1.55","192.168.1.2","TCP","1514","8004  >  36450 [ACK] Seq=340918 Ack=141 Win=65024 Len=1448 TSval=2916039299 TSecr=3045559072 [TCP segment of a reassembled PDU]"
"47784","35.219200491","192.168.1.55","192.168.1.2","TCP","1514","8004  >  36450 [ACK] Seq=342366 Ack=141 Win=65024 Len=1448 TSval=2916039299 TSecr=3045559072 [TCP segment of a reassembled PDU]"
"47785","35.219202213","192.168.1.55","192.168.1.2","TCP","1514","8004  >  36450 [ACK] Seq=343814 Ack=141 Win=65024 Len=1448 TSval=2916039299 TSecr=3045559072 [TCP segment of a reassembled PDU]"
"47786","35.219203213","192.168.1.55","192.168.1.2","TCP","1514","8004  >  36450 [ACK] Seq=345262 Ack=141 Win=65024 Len=1448 TSval=2916039299 TSecr=3045559072 [TCP segment of a reassembled PDU]"
"47787","35.219204269","192.168.1.55","192.168.1.2","TCP","1514","8004  >  36450 [ACK] Seq=346710 Ack=141 Win=65024 Len=1448 TSval=2916039299 TSecr=3045559072 [TCP segment of a reassembled PDU]"
"47788","35.219205195","192.168.1.55","192.168.1.2","TCP","1514","8004  >  36450 [ACK] Seq=348158 Ack=141 Win=65024 Len=1448 TSval=2916039299 TSecr=3045559072 [TCP segment of a reassembled PDU]"
"47789","35.219206232","192.168.1.55","192.168.1.2","TCP","1514","8004  >  36450 [ACK] Seq=349606 Ack=141 Win=65024 Len=1448 TSval=2916039299 TSecr=3045559072 [TCP segment of a reassembled PDU]"
"47790","35.219207361","192.168.1.55","192.168.1.2","TCP","1514","8004  >  36450 [ACK] Seq=351054 Ack=141 Win=65024 Len=1448 TSval=2916039299 TSecr=3045559072 [TCP segment of a reassembled PDU]"
"47791","35.219208620","192.168.1.55","192.168.1.2","TCP","1514","8004  >  36450 [ACK] Seq=352502 Ack=141 Win=65024 Len=1448 TSval=2916039299 TSecr=3045559072 [TCP segment of a reassembled PDU]"
"47792","35.219210491","192.168.1.55","192.168.1.2","TCP","1514","8004  >  36450 [ACK] Seq=353950 Ack=141 Win=65024 Len=1448 TSval=2916039299 TSecr=3045559072 [TCP segment of a reassembled PDU]"
"47793","35.219212046","192.168.1.55","192.168.1.2","TCP","1514","8004  >  36450 [ACK] Seq=355398 Ack=141 Win=65024 Len=1448 TSval=2916039299 TSecr=3045559072 [TCP segment of a reassembled PDU]"
"47794","35.219213528","192.168.1.55","192.168.1.2","TCP","1514","8004  >  36450 [ACK] Seq=356846 Ack=141 Win=65024 Len=1448 TSval=2916039299 TSecr=3045559072 [TCP segment of a reassembled PDU]"
"47795","35.219214676","192.168.1.55","192.168.1.2","TCP","1514","8004  >  36450 [ACK] Seq=358294 Ack=141 Win=65024 Len=1448 TSval=2916039299 TSecr=3045559072 [TCP segment of a reassembled PDU]"
"47796","35.219215676","192.168.1.55","192.168.1.2","TCP","1514","8004  >  36450 [ACK] Seq=359742 Ack=141 Win=65024 Len=1448 TSval=2916039299 TSecr=3045559072 [TCP segment of a reassembled PDU]"
"47797","35.219216713","192.168.1.55","192.168.1.2","TCP","1514","8004  >  36450 [ACK] Seq=361190 Ack=141 Win=65024 Len=1448 TSval=2916039299 TSecr=3045559072 [TCP segment of a reassembled PDU]"
"47798","35.219217732","192.168.1.55","192.168.1.2","TCP","1514","8004  >  36450 [ACK] Seq=362638 Ack=141 Win=65024 Len=1448 TSval=2916039299 TSecr=3045559072 [TCP segment of a reassembled PDU]"
"47799","35.219219139","192.168.1.55","192.168.1.2","TCP","1514","8004  >  36450 [ACK] Seq=364086 Ack=141 Win=65024 Len=1448 TSval=2916039299 TSecr=3045559072 [TCP segment of a reassembled PDU]"
"47800","35.219221046","192.168.1.55","192.168.1.2","TCP","1514","8004  >  36450 [ACK] Seq=365534 Ack=141 Win=65024 Len=1448 TSval=2916039299 TSecr=3045559072 [TCP segment of a reassembled PDU]"
"47801","35.219222158","192.168.1.55","192.168.1.2","TCP","1514","8004  >  36450 [ACK] Seq=366982 Ack=141 Win=65024 Len=1448 TSval=2916039299 TSecr=3045559072 [TCP segment of a reassembled PDU]"
"47802","35.219223676","192.168.1.55","192.168.1.2","TCP","1514","8004  >  36450 [ACK] Seq=368430 Ack=141 Win=65024 Len=1448 TSval=2916039299 TSecr=3045559072 [TCP segment of a reassembled PDU]"
"47803","35.219225028","192.168.1.55","192.168.1.2","TCP","1514","8004  >  36450 [ACK] Seq=369878 Ack=141 Win=65024 Len=1448 TSval=2916039299 TSecr=3045559072 [TCP segment of a reassembled PDU]"
"47804","35.219226176","192.168.1.55","192.168.1.2","TCP","1514","8004  >  36450 [ACK] Seq=371326 Ack=141 Win=65024 Len=1448 TSval=2916039299 TSecr=3045559072 [TCP segment of a reassembled PDU]"
"47805","35.219228083","192.168.1.55","192.168.1.2","TCP","1514","8004  >  36450 [ACK] Seq=372774 Ack=141 Win=65024 Len=1448 TSval=2916039299 TSecr=3045559072 [TCP segment of a reassembled PDU]"
"47806","35.219229343","192.168.1.55","192.168.1.2","TCP","1514","8004  >  36450 [ACK] Seq=374222 Ack=141 Win=65024 Len=1448 TSval=2916039299 TSecr=3045559072 [TCP segment of a reassembled PDU]"
"47807","35.219230676","192.168.1.55","192.168.1.2","TCP","1514","8004  >  36450 [ACK] Seq=375670 Ack=141 Win=65024 Len=1448 TSval=2916039299 TSecr=3045559072 [TCP segment of a reassembled PDU]"
"47808","35.219231861","192.168.1.55","192.168.1.2","TCP","1514","8004  >  36450 [PSH, ACK] Seq=377118 Ack=141 Win=65024 Len=1448 TSval=2916039299 TSecr=3045559072 [TCP segment of a reassembled PDU]"
"47809","35.219245158","192.168.1.55","192.168.1.2","TCP","1066","8004  >  36450 [PSH, ACK] Seq=378566 Ack=141 Win=65024 Len=1000 TSval=2916039299 TSecr=3045559072 [TCP segment of a reassembled PDU]"
"47810","35.219321861","192.168.1.2","192.168.1.55","TCP","66","36450  >  8004 [ACK] Seq=141 Ack=336126 Win=48128 Len=0 TSval=3045559074 TSecr=2916039294"
"47811","35.219354510","192.168.1.2","192.168.1.55","TCP","66","[TCP Window Update] 36450  >  8004 [ACK] Seq=141 Ack=336126 Win=97280 Len=0 TSval=3045559074 TSecr=2916039294"
"47812","35.219409676","192.168.1.55","192.168.1.2","TCP","1514","8004  >  36450 [ACK] Seq=379566 Ack=141 Win=65024 Len=1448 TSval=2916039300 TSecr=3045559074 [TCP segment of a reassembled PDU]"
"47813","35.219412732","192.168.1.55","192.168.1.2","TCP","1514","8004  >  36450 [ACK] Seq=381014 Ack=141 Win=65024 Len=1448 TSval=2916039300 TSecr=3045559074 [TCP segment of a reassembled PDU]"
"47814","35.219413695","192.168.1.55","192.168.1.2","TCP","1514","8004  >  36450 [ACK] Seq=382462 Ack=141 Win=65024 Len=1448 TSval=2916039300 TSecr=3045559074 [TCP segment of a reassembled PDU]"
"47815","35.219414695","192.168.1.55","192.168.1.2","TCP","1514","8004  >  36450 [ACK] Seq=383910 Ack=141 Win=65024 Len=1448 TSval=2916039300 TSecr=3045559074 [TCP segment of a reassembled PDU]"
"47816","35.219416121","192.168.1.55","192.168.1.2","TCP","1514","8004  >  36450 [ACK] Seq=385358 Ack=141 Win=65024 Len=1448 TSval=2916039300 TSecr=3045559074 [TCP segment of a reassembled PDU]"
"47817","35.219417454","192.168.1.55","192.168.1.2","TCP","1514","8004  >  36450 [ACK] Seq=386806 Ack=141 Win=65024 Len=1448 TSval=2916039300 TSecr=3045559074 [TCP segment of a reassembled PDU]"
"47818","35.219419102","192.168.1.55","192.168.1.2","TCP","1514","8004  >  36450 [ACK] Seq=388254 Ack=141 Win=65024 Len=1448 TSval=2916039300 TSecr=3045559074 [TCP segment of a reassembled PDU]"
"47819","35.219420750","192.168.1.55","192.168.1.2","TCP","1514","8004  >  36450 [ACK] Seq=389702 Ack=141 Win=65024 Len=1448 TSval=2916039300 TSecr=3045559074 [TCP segment of a reassembled PDU]"
"47820","35.219422676","192.168.1.55","192.168.1.2","TCP","1514","8004  >  36450 [ACK] Seq=391150 Ack=141 Win=65024 Len=1448 TSval=2916039300 TSecr=3045559074 [TCP segment of a reassembled PDU]"
"47821","35.219424010","192.168.1.55","192.168.1.2","TCP","1514","8004  >  36450 [ACK] Seq=392598 Ack=141 Win=65024 Len=1448 TSval=2916039300 TSecr=3045559074 [TCP segment of a reassembled PDU]"
"47822","35.219425028","192.168.1.55","192.168.1.2","TCP","1514","8004  >  36450 [ACK] Seq=394046 Ack=141 Win=65024 Len=1448 TSval=2916039300 TSecr=3045559074 [TCP segment of a reassembled PDU]"
"47823","35.219426028","192.168.1.55","192.168.1.2","TCP","1514","8004  >  36450 [ACK] Seq=395494 Ack=141 Win=65024 Len=1448 TSval=2916039300 TSecr=3045559074 [TCP segment of a reassembled PDU]"
"47824","35.219426991","192.168.1.55","192.168.1.2","TCP","1514","8004  >  36450 [ACK] Seq=396942 Ack=141 Win=65024 Len=1448 TSval=2916039300 TSecr=3045559074 [TCP segment of a reassembled PDU]"
"47825","35.219428028","192.168.1.55","192.168.1.2","TCP","1514","8004  >  36450 [ACK] Seq=398390 Ack=141 Win=65024 Len=1448 TSval=2916039300 TSecr=3045559074 [TCP segment of a reassembled PDU]"
"47826","35.219429491","192.168.1.55","192.168.1.2","TCP","1514","8004  >  36450 [ACK] Seq=399838 Ack=141 Win=65024 Len=1448 TSval=2916039300 TSecr=3045559074 [TCP segment of a reassembled PDU]"
"47827","35.219432121","192.168.1.55","192.168.1.2","TCP","1514","8004  >  36450 [ACK] Seq=401286 Ack=141 Win=65024 Len=1448 TSval=2916039300 TSecr=3045559074 [TCP segment of a reassembled PDU]"
"47828","35.219433862","192.168.1.55","192.168.1.2","TCP","1514","8004  >  36450 [ACK] Seq=402734 Ack=141 Win=65024 Len=1448 TSval=2916039300 TSecr=3045559074 [TCP segment of a reassembled PDU]"
"47829","35.219435065","192.168.1.55","192.168.1.2","TCP","1514","8004  >  36450 [ACK] Seq=404182 Ack=141 Win=65024 Len=1448 TSval=2916039300 TSecr=3045559074 [TCP segment of a reassembled PDU]"
"47830","35.219436047","192.168.1.55","192.168.1.2","TCP","1514","8004  >  36450 [ACK] Seq=405630 Ack=141 Win=65024 Len=1448 TSval=2916039300 TSecr=3045559074 [TCP segment of a reassembled PDU]"
"47831","35.219437380","192.168.1.55","192.168.1.2","TCP","1514","8004  >  36450 [ACK] Seq=407078 Ack=141 Win=65024 Len=1448 TSval=2916039300 TSecr=3045559074 [TCP segment of a reassembled PDU]"
"47832","35.219438491","192.168.1.55","192.168.1.2","TCP","1514","8004  >  36450 [ACK] Seq=408526 Ack=141 Win=65024 Len=1448 TSval=2916039300 TSecr=3045559074 [TCP segment of a reassembled PDU]"
"47833","35.219439473","192.168.1.55","192.168.1.2","TCP","1514","8004  >  36450 [ACK] Seq=409974 Ack=141 Win=65024 Len=1448 TSval=2916039300 TSecr=3045559074 [TCP segment of a reassembled PDU]"
"47834","35.219440362","192.168.1.55","192.168.1.2","TCP","1514","8004  >  36450 [ACK] Seq=411422 Ack=141 Win=65024 Len=1448 TSval=2916039300 TSecr=3045559074 [TCP segment of a reassembled PDU]"
"47835","35.219441510","192.168.1.55","192.168.1.2","TCP","1514","8004  >  36450 [ACK] Seq=412870 Ack=141 Win=65024 Len=1448 TSval=2916039300 TSecr=3045559074 [TCP segment of a reassembled PDU]"
"47836","35.219443047","192.168.1.55","192.168.1.2","TCP","1514","8004  >  36450 [ACK] Seq=414318 Ack=141 Win=65024 Len=1448 TSval=2916039300 TSecr=3045559074 [TCP segment of a reassembled PDU]"
"47837","35.219444288","192.168.1.55","192.168.1.2","TCP","1514","8004  >  36450 [ACK] Seq=415766 Ack=141 Win=65024 Len=1448 TSval=2916039300 TSecr=3045559074 [TCP segment of a reassembled PDU]"
"47838","35.219445880","192.168.1.55","192.168.1.2","TCP","1514","8004  >  36450 [ACK] Seq=417214 Ack=141 Win=65024 Len=1448 TSval=2916039300 TSecr=3045559074 [TCP segment of a reassembled PDU]"
"47839","35.219446954","192.168.1.55","192.168.1.2","TCP","1514","8004  >  36450 [ACK] Seq=418662 Ack=141 Win=65024 Len=1448 TSval=2916039300 TSecr=3045559074 [TCP segment of a reassembled PDU]"
"47840","35.219448658","192.168.1.55","192.168.1.2","TCP","1514","8004  >  36450 [ACK] Seq=420110 Ack=141 Win=65024 Len=1448 TSval=2916039300 TSecr=3045559074 [TCP segment of a reassembled PDU]"
"47841","35.219449843","192.168.1.55","192.168.1.2","TCP","1514","8004  >  36450 [ACK] Seq=421558 Ack=141 Win=65024 Len=1448 TSval=2916039300 TSecr=3045559074 [TCP segment of a reassembled PDU]"
"47842","35.219451121","192.168.1.55","192.168.1.2","TCP","1514","8004  >  36450 [PSH, ACK] Seq=423006 Ack=141 Win=65024 Len=1448 TSval=2916039300 TSecr=3045559074 [TCP segment of a reassembled PDU]"
"47843","35.225584020","192.168.1.2","192.168.1.55","TCP","66","36450  >  8004 [ACK] Seq=141 Ack=337574 Win=100352 Len=0 TSval=3045559074 TSecr=2916039294"
"47844","35.225672390","192.168.1.55","192.168.1.2","TCP","1514","8004  >  36450 [ACK] Seq=424454 Ack=141 Win=65024 Len=1448 TSval=2916039306 TSecr=3045559074 [TCP segment of a reassembled PDU]"
"47845","35.225677057","192.168.1.55","192.168.1.2","TCP","1514","8004  >  36450 [ACK] Seq=425902 Ack=141 Win=65024 Len=1448 TSval=2916039306 TSecr=3045559074 [TCP segment of a reassembled PDU]"
"47846","35.225678131","192.168.1.55","192.168.1.2","TCP","1514","8004  >  36450 [ACK] Seq=427350 Ack=141 Win=65024 Len=1448 TSval=2916039306 TSecr=3045559074 [TCP segment of a reassembled PDU]"
"47847","35.225679038","192.168.1.55","192.168.1.2","TCP","1514","8004  >  36450 [ACK] Seq=428798 Ack=141 Win=65024 Len=1448 TSval=2916039306 TSecr=3045559074 [TCP segment of a reassembled PDU]"
"47848","35.225679964","192.168.1.55","192.168.1.2","TCP","1514","8004  >  36450 [ACK] Seq=430246 Ack=141 Win=65024 Len=1448 TSval=2916039306 TSecr=3045559074 [TCP segment of a reassembled PDU]"
"47849","35.225680983","192.168.1.55","192.168.1.2","TCP","1514","8004  >  36450 [ACK] Seq=431694 Ack=141 Win=65024 Len=1448 TSval=2916039306 TSecr=3045559074 [TCP segment of a reassembled PDU]"
"47850","35.225681872","192.168.1.55","192.168.1.2","TCP","1514","8004  >  36450 [ACK] Seq=433142 Ack=141 Win=65024 Len=1448 TSval=2916039306 TSecr=3045559074 [TCP segment of a reassembled PDU]"
"47851","35.225682853","192.168.1.55","192.168.1.2","TCP","1514","8004  >  36450 [ACK] Seq=434590 Ack=141 Win=65024 Len=1448 TSval=2916039306 TSecr=3045559074 [TCP segment of a reassembled PDU]"
"47852","35.225683890","192.168.1.55","192.168.1.2","TCP","1514","8004  >  36450 [PSH, ACK] Seq=436038 Ack=141 Win=65024 Len=1448 TSval=2916039306 TSecr=3045559074 [TCP segment of a reassembled PDU]"
"47853","35.226006465","192.168.1.2","192.168.1.55","TCP","66","36450  >  8004 [ACK] Seq=141 Ack=340470 Win=100352 Len=0 TSval=3045559074 TSecr=2916039294"
"47854","35.226017854","192.168.1.2","192.168.1.55","TCP","66","36450  >  8004 [ACK] Seq=141 Ack=340918 Win=100352 Len=0 TSval=3045559076 TSecr=2916039294"
"47855","35.226022465","192.168.1.2","192.168.1.55","TCP","66","36450  >  8004 [ACK] Seq=141 Ack=378566 Win=64512 Len=0 TSval=3045559081 TSecr=2916039299"
"47856","35.226077076","192.168.1.2","192.168.1.55","TCP","66","36450  >  8004 [ACK] Seq=141 Ack=414318 Win=29696 Len=0 TSval=3045559081 TSecr=2916039299"
"47857","35.226103354","192.168.1.2","192.168.1.55","TCP","66","[TCP Window Update] 36450  >  8004 [ACK] Seq=141 Ack=414318 Win=69632 Len=0 TSval=3045559081 TSecr=2916039299"
"47858","35.226149983","192.168.1.55","192.168.1.2","TCP","1514","8004  >  36450 [ACK] Seq=437486 Ack=141 Win=65024 Len=1448 TSval=2916039306 TSecr=3045559081 [TCP segment of a reassembled PDU]"
"47859","35.226153354","192.168.1.55","192.168.1.2","TCP","1514","8004  >  36450 [ACK] Seq=438934 Ack=141 Win=65024 Len=1448 TSval=2916039306 TSecr=3045559081 [TCP segment of a reassembled PDU]"
"47860","35.226154298","192.168.1.55","192.168.1.2","TCP","1514","8004  >  36450 [ACK] Seq=440382 Ack=141 Win=65024 Len=1448 TSval=2916039306 TSecr=3045559081 [TCP segment of a reassembled PDU]"
"47861","35.226155613","192.168.1.55","192.168.1.2","TCP","1514","8004  >  36450 [ACK] Seq=441830 Ack=141 Win=65024 Len=1448 TSval=2916039306 TSecr=3045559081 [TCP segment of a reassembled PDU]"
"47862","35.226157095","192.168.1.55","192.168.1.2","TCP","1514","8004  >  36450 [ACK] Seq=443278 Ack=141 Win=65024 Len=1448 TSval=2916039306 TSecr=3045559081 [TCP segment of a reassembled PDU]"
"47863","35.226158298","192.168.1.55","192.168.1.2","TCP","1514","8004  >  36450 [ACK] Seq=444726 Ack=141 Win=65024 Len=1448 TSval=2916039306 TSecr=3045559081 [TCP segment of a reassembled PDU]"
"47864","35.226159502","192.168.1.55","192.168.1.2","TCP","1514","8004  >  36450 [ACK] Seq=446174 Ack=141 Win=65024 Len=1448 TSval=2916039306 TSecr=3045559081 [TCP segment of a reassembled PDU]"
"47865","35.226160576","192.168.1.55","192.168.1.2","TCP","1514","8004  >  36450 [ACK] Seq=447622 Ack=141 Win=65024 Len=1448 TSval=2916039306 TSecr=3045559081 [TCP segment of a reassembled PDU]"
"47866","35.226161983","192.168.1.55","192.168.1.2","TCP","1514","8004  >  36450 [ACK] Seq=449070 Ack=141 Win=65024 Len=1448 TSval=2916039306 TSecr=3045559081 [TCP segment of a reassembled PDU]"
"47867","35.226163224","192.168.1.55","192.168.1.2","TCP","1514","8004  >  36450 [ACK] Seq=450518 Ack=141 Win=65024 Len=1448 TSval=2916039306 TSecr=3045559081 [TCP segment of a reassembled PDU]"
"47868","35.226164243","192.168.1.55","192.168.1.2","TCP","1514","8004  >  36450 [ACK] Seq=451966 Ack=141 Win=65024 Len=1448 TSval=2916039306 TSecr=3045559081 [TCP segment of a reassembled PDU]"
"47869","35.226165261","192.168.1.55","192.168.1.2","TCP","1514","8004  >  36450 [ACK] Seq=453414 Ack=141 Win=65024 Len=1448 TSval=2916039306 TSecr=3045559081 [TCP segment of a reassembled PDU]"
"47870","35.226166280","192.168.1.55","192.168.1.2","TCP","1514","8004  >  36450 [ACK] Seq=454862 Ack=141 Win=65024 Len=1448 TSval=2916039306 TSecr=3045559081 [TCP segment of a reassembled PDU]"
"47871","35.226167298","192.168.1.55","192.168.1.2","TCP","1514","8004  >  36450 [ACK] Seq=456310 Ack=141 Win=65024 Len=1448 TSval=2916039306 TSecr=3045559081 [TCP segment of a reassembled PDU]"
"47872","35.226168335","192.168.1.55","192.168.1.2","TCP","1514","8004  >  36450 [ACK] Seq=457758 Ack=141 Win=65024 Len=1448 TSval=2916039306 TSecr=3045559081 [TCP segment of a reassembled PDU]"
"47873","35.226169409","192.168.1.55","192.168.1.2","TCP","1514","8004  >  36450 [ACK] Seq=459206 Ack=141 Win=65024 Len=1448 TSval=2916039306 TSecr=3045559081 [TCP segment of a reassembled PDU]"
"47874","35.226170706","192.168.1.55","192.168.1.2","TCP","1514","8004  >  36450 [ACK] Seq=460654 Ack=141 Win=65024 Len=1448 TSval=2916039306 TSecr=3045559081 [TCP segment of a reassembled PDU]"
"47875","35.226171798","192.168.1.55","192.168.1.2","TCP","1514","8004  >  36450 [ACK] Seq=462102 Ack=141 Win=65024 Len=1448 TSval=2916039306 TSecr=3045559081 [TCP segment of a reassembled PDU]"
"47876","35.226173169","192.168.1.55","192.168.1.2","TCP","1514","8004  >  36450 [ACK] Seq=463550 Ack=141 Win=65024 Len=1448 TSval=2916039306 TSecr=3045559081 [TCP segment of a reassembled PDU]"
"47877","35.226174187","192.168.1.55","192.168.1.2","TCP","1514","8004  >  36450 [ACK] Seq=464998 Ack=141 Win=65024 Len=1448 TSval=2916039306 TSecr=3045559081 [TCP segment of a reassembled PDU]"
"47878","35.226175391","192.168.1.55","192.168.1.2","TCP","1514","8004  >  36450 [ACK] Seq=466446 Ack=141 Win=65024 Len=1448 TSval=2916039306 TSecr=3045559081 [TCP segment of a reassembled PDU]"
"47879","35.226176706","192.168.1.55","192.168.1.2","TCP","1514","8004  >  36450 [PSH, ACK] Seq=467894 Ack=141 Win=65024 Len=1448 TSval=2916039306 TSecr=3045559081 [TCP segment of a reassembled PDU]"
"47880","35.230706694","192.168.1.2","192.168.1.55","TCP","66","36450  >  8004 [ACK] Seq=141 Ack=424454 Win=88064 Len=0 TSval=3045559083 TSecr=2916039300"
"47881","35.230741194","192.168.1.55","192.168.1.2","TCP","1514","8004  >  36450 [ACK] Seq=469342 Ack=141 Win=65024 Len=1448 TSval=2916039311 TSecr=3045559083 [TCP segment of a reassembled PDU]"
"47882","35.230745898","192.168.1.55","192.168.1.2","TCP","1514","8004  >  36450 [ACK] Seq=470790 Ack=141 Win=65024 Len=1448 TSval=2916039311 TSecr=3045559083 [TCP segment of a reassembled PDU]"
"47883","35.230747546","192.168.1.55","192.168.1.2","TCP","1514","8004  >  36450 [ACK] Seq=472238 Ack=141 Win=65024 Len=1448 TSval=2916039311 TSecr=3045559083 [TCP segment of a reassembled PDU]"
"47884","35.230749194","192.168.1.55","192.168.1.2","TCP","1514","8004  >  36450 [ACK] Seq=473686 Ack=141 Win=65024 Len=1448 TSval=2916039311 TSecr=3045559083 [TCP segment of a reassembled PDU]"
"47885","35.230758046","192.168.1.55","192.168.1.2","TCP","1514","8004  >  36450 [ACK] Seq=475134 Ack=141 Win=65024 Len=1448 TSval=2916039311 TSecr=3045559083 [TCP segment of a reassembled PDU]"
"47886","35.230759695","192.168.1.55","192.168.1.2","TCP","1514","8004  >  36450 [ACK] Seq=476582 Ack=141 Win=65024 Len=1448 TSval=2916039311 TSecr=3045559083 [TCP segment of a reassembled PDU]"
"47887","35.230762157","192.168.1.55","192.168.1.2","TCP","1514","8004  >  36450 [ACK] Seq=478030 Ack=141 Win=65024 Len=1448 TSval=2916039311 TSecr=3045559083 [TCP segment of a reassembled PDU]"
"47888","35.230764398","192.168.1.55","192.168.1.2","TCP","1514","8004  >  36450 [ACK] Seq=479478 Ack=141 Win=65024 Len=1448 TSval=2916039311 TSecr=3045559083 [TCP segment of a reassembled PDU]"
"47889","35.230765472","192.168.1.55","192.168.1.2","TCP","1514","8004  >  36450 [ACK] Seq=480926 Ack=141 Win=65024 Len=1448 TSval=2916039311 TSecr=3045559083 [TCP segment of a reassembled PDU]"
"47890","35.230767065","192.168.1.55","192.168.1.2","TCP","1514","8004  >  36450 [ACK] Seq=482374 Ack=141 Win=65024 Len=1448 TSval=2916039311 TSecr=3045559083 [TCP segment of a reassembled PDU]"
"47891","35.230768880","192.168.1.55","192.168.1.2","TCP","1514","8004  >  36450 [ACK] Seq=483822 Ack=141 Win=65024 Len=1448 TSval=2916039311 TSecr=3045559083 [TCP segment of a reassembled PDU]"
"47892","35.230770750","192.168.1.55","192.168.1.2","TCP","1514","8004  >  36450 [ACK] Seq=485270 Ack=141 Win=65024 Len=1448 TSval=2916039311 TSecr=3045559083 [TCP segment of a reassembled PDU]"
"47893","35.230772009","192.168.1.55","192.168.1.2","TCP","1514","8004  >  36450 [ACK] Seq=486718 Ack=141 Win=65024 Len=1448 TSval=2916039311 TSecr=3045559083 [TCP segment of a reassembled PDU]"
"47894","35.230773213","192.168.1.55","192.168.1.2","TCP","1514","8004  >  36450 [ACK] Seq=488166 Ack=141 Win=65024 Len=1448 TSval=2916039311 TSecr=3045559083 [TCP segment of a reassembled PDU]"
"47895","35.230774491","192.168.1.55","192.168.1.2","TCP","1514","8004  >  36450 [ACK] Seq=489614 Ack=141 Win=65024 Len=1448 TSval=2916039311 TSecr=3045559083 [TCP segment of a reassembled PDU]"
"47896","35.230775972","192.168.1.55","192.168.1.2","TCP","1514","8004  >  36450 [ACK] Seq=491062 Ack=141 Win=65024 Len=1448 TSval=2916039311 TSecr=3045559083 [TCP segment of a reassembled PDU]"
"47897","35.230777935","192.168.1.55","192.168.1.2","TCP","1514","8004  >  36450 [ACK] Seq=492510 Ack=141 Win=65024 Len=1448 TSval=2916039311 TSecr=3045559083 [TCP segment of a reassembled PDU]"
"47898","35.230779361","192.168.1.55","192.168.1.2","TCP","1514","8004  >  36450 [ACK] Seq=493958 Ack=141 Win=65024 Len=1448 TSval=2916039311 TSecr=3045559083 [TCP segment of a reassembled PDU]"
"47899","35.230780583","192.168.1.55","192.168.1.2","TCP","1514","8004  >  36450 [ACK] Seq=495406 Ack=141 Win=65024 Len=1448 TSval=2916039311 TSecr=3045559083 [TCP segment of a reassembled PDU]"
"47900","35.230781917","192.168.1.55","192.168.1.2","TCP","1514","8004  >  36450 [ACK] Seq=496854 Ack=141 Win=65024 Len=1448 TSval=2916039311 TSecr=3045559083 [TCP segment of a reassembled PDU]"
"47901","35.230783695","192.168.1.55","192.168.1.2","HTTP","1472","HTTP/1.0 200 OK  (PNG)"
"47902","35.230841232","192.168.1.2","192.168.1.55","TCP","66","36450  >  8004 [ACK] Seq=141 Ack=437486 Win=89088 Len=0 TSval=3045559086 TSecr=2916039306"
"47903","35.230851491","192.168.1.2","192.168.1.55","TCP","66","36450  >  8004 [ACK] Seq=141 Ack=462102 Win=100352 Len=0 TSval=3045559086 TSecr=2916039306"
"47904","35.233377958","192.168.1.2","192.168.1.55","TCP","66","36450  >  8004 [ACK] Seq=141 Ack=469342 Win=114688 Len=0 TSval=3045559087 TSecr=2916039306"
"47905","35.234651738","192.168.1.2","192.168.1.55","TCP","66","36450  >  8004 [ACK] Seq=141 Ack=473686 Win=123904 Len=0 TSval=3045559089 TSecr=2916039311"
"47906","35.234817164","192.168.1.2","192.168.1.55","TCP","66","36450  >  8004 [ACK] Seq=141 Ack=495406 Win=118784 Len=0 TSval=3045559089 TSecr=2916039311"
"47907","35.234830534","192.168.1.2","192.168.1.55","TCP","66","36450  >  8004 [ACK] Seq=141 Ack=496854 Win=126976 Len=0 TSval=3045559090 TSecr=2916039311"
"47908","35.234835090","192.168.1.2","192.168.1.55","TCP","66","36450  >  8004 [ACK] Seq=141 Ack=498302 Win=130048 Len=0 TSval=3045559090 TSecr=2916039311"
"47909","35.239118634","192.168.1.2","192.168.1.55","TCP","66","36450  >  8004 [FIN, ACK] Seq=141 Ack=499709 Win=132096 Len=0 TSval=3045559094 TSecr=2916039311"
"47910","35.239133023","192.168.1.55","192.168.1.2","TCP","66","8004  >  36450 [ACK] Seq=499709 Ack=142 Win=65024 Len=0 TSval=2916039319 TSecr=3045559094"
"47911","35.239232782","192.168.1.2","192.168.1.55","TCP","74","36458  >  8004 [SYN] Seq=0 Win=64240 Len=0 MSS=1460 SACK_PERM TSval=3045559094 TSecr=0 WS=1024"
"47912","35.239254764","192.168.1.55","192.168.1.2","TCP","74","8004  >  36458 [SYN, ACK] Seq=0 Ack=1 Win=65160 Len=0 MSS=1460 SACK_PERM TSval=2916039319 TSecr=3045559094 WS=128"
"47913","35.242378898","192.168.1.2","192.168.1.55","TCP","66","36458  >  8004 [ACK] Seq=1 Ack=1 Win=64512 Len=0 TSval=3045559097 TSecr=2916039319"
"47914","35.245612163","192.168.1.2","192.168.1.55","HTTP","209","GET /original_benchmark.png HTTP/1.1 "
"47915","35.245627515","192.168.1.55","192.168.1.2","TCP","66","8004  >  36458 [ACK] Seq=1 Ack=144 Win=65024 Len=0 TSval=2916039326 TSecr=3045559097"
"47916","35.246115645","192.168.1.55","192.168.1.2","TCP","255","8004  >  36458 [PSH, ACK] Seq=1 Ack=144 Win=65024 Len=189 TSval=2916039326 TSecr=3045559097 [TCP segment of a reassembled PDU]"
"47917","35.246214201","192.168.1.55","192.168.1.2","TCP","1514","8004  >  36458 [ACK] Seq=190 Ack=144 Win=65024 Len=1448 TSval=2916039326 TSecr=3045559097 [TCP segment of a reassembled PDU]"
"47918","35.246220053","192.168.1.55","192.168.1.2","TCP","1514","8004  >  36458 [ACK] Seq=1638 Ack=144 Win=65024 Len=1448 TSval=2916039326 TSecr=3045559097 [TCP segment of a reassembled PDU]"
"47919","35.246221441","192.168.1.55","192.168.1.2","TCP","1514","8004  >  36458 [ACK] Seq=3086 Ack=144 Win=65024 Len=1448 TSval=2916039326 TSecr=3045559097 [TCP segment of a reassembled PDU]"
"47920","35.246222775","192.168.1.55","192.168.1.2","TCP","1514","8004  >  36458 [ACK] Seq=4534 Ack=144 Win=65024 Len=1448 TSval=2916039326 TSecr=3045559097 [TCP segment of a reassembled PDU]"
"47921","35.246224164","192.168.1.55","192.168.1.2","TCP","1514","8004  >  36458 [PSH, ACK] Seq=5982 Ack=144 Win=65024 Len=1448 TSval=2916039326 TSecr=3045559097 [TCP segment of a reassembled PDU]"
"47922","35.246245034","192.168.1.55","192.168.1.2","TCP","1514","8004  >  36458 [ACK] Seq=7430 Ack=144 Win=65024 Len=1448 TSval=2916039326 TSecr=3045559097 [TCP segment of a reassembled PDU]"
"47923","35.246247238","192.168.1.55","192.168.1.2","TCP","1514","8004  >  36458 [ACK] Seq=8878 Ack=144 Win=65024 Len=1448 TSval=2916039326 TSecr=3045559097 [TCP segment of a reassembled PDU]"
"47924","35.246248830","192.168.1.55","192.168.1.2","TCP","1514","8004  >  36458 [ACK] Seq=10326 Ack=144 Win=65024 Len=1448 TSval=2916039326 TSecr=3045559097 [TCP segment of a reassembled PDU]"
"47925","35.246250127","192.168.1.55","192.168.1.2","TCP","1514","8004  >  36458 [PSH, ACK] Seq=11774 Ack=144 Win=65024 Len=1448 TSval=2916039326 TSecr=3045559097 [TCP segment of a reassembled PDU]"
"47926","35.252410674","192.168.1.2","192.168.1.55","TCP","66","36458  >  8004 [ACK] Seq=144 Ack=190 Win=64512 Len=0 TSval=3045559104 TSecr=2916039326"
"47927","35.252458914","192.168.1.55","192.168.1.2","TCP","1514","8004  >  36458 [ACK] Seq=13222 Ack=144 Win=65024 Len=1448 TSval=2916039333 TSecr=3045559104 [TCP segment of a reassembled PDU]"
"47928","35.252463563","192.168.1.55","192.168.1.2","TCP","1514","8004  >  36458 [PSH, ACK] Seq=14670 Ack=144 Win=65024 Len=1448 TSval=2916039333 TSecr=3045559104 [TCP segment of a reassembled PDU]"
"47929","35.252540100","192.168.1.2","192.168.1.55","TCP","66","36458  >  8004 [ACK] Seq=144 Ack=3086 Win=70656 Len=0 TSval=3045559104 TSecr=2916039326"
"47930","35.252563044","192.168.1.2","192.168.1.55","TCP","66","36458  >  8004 [ACK] Seq=144 Ack=7430 Win=79872 Len=0 TSval=3045559105 TSecr=2916039326"
"47931","35.252595637","192.168.1.55","192.168.1.2","TCP","1514","8004  >  36458 [ACK] Seq=16118 Ack=144 Win=65024 Len=1448 TSval=2916039333 TSecr=3045559105 [TCP segment of a reassembled PDU]"
"47932","35.252598748","192.168.1.55","192.168.1.2","TCP","1514","8004  >  36458 [ACK] Seq=17566 Ack=144 Win=65024 Len=1448 TSval=2916039333 TSecr=3045559105 [TCP segment of a reassembled PDU]"
"47933","35.252600007","192.168.1.55","192.168.1.2","TCP","1514","8004  >  36458 [ACK] Seq=19014 Ack=144 Win=65024 Len=1448 TSval=2916039333 TSecr=3045559105 [TCP segment of a reassembled PDU]"
"47934","35.252601655","192.168.1.55","192.168.1.2","TCP","1514","8004  >  36458 [ACK] Seq=20462 Ack=144 Win=65024 Len=1448 TSval=2916039333 TSecr=3045559105 [TCP segment of a reassembled PDU]"
"47935","35.252602915","192.168.1.55","192.168.1.2","TCP","1514","8004  >  36458 [ACK] Seq=21910 Ack=144 Win=65024 Len=1448 TSval=2916039333 TSecr=3045559105 [TCP segment of a reassembled PDU]"
"47936","35.252604211","192.168.1.55","192.168.1.2","TCP","1514","8004  >  36458 [ACK] Seq=23358 Ack=144 Win=65024 Len=1448 TSval=2916039333 TSecr=3045559105 [TCP segment of a reassembled PDU]"
"47937","35.252605526","192.168.1.55","192.168.1.2","TCP","1514","8004  >  36458 [ACK] Seq=24806 Ack=144 Win=65024 Len=1448 TSval=2916039333 TSecr=3045559105 [TCP segment of a reassembled PDU]"
"47938","35.252606878","192.168.1.55","192.168.1.2","TCP","1514","8004  >  36458 [PSH, ACK] Seq=26254 Ack=144 Win=65024 Len=1448 TSval=2916039333 TSecr=3045559105 [TCP segment of a reassembled PDU]"
"47939","35.252612211","192.168.1.2","192.168.1.55","TCP","66","36458  >  8004 [ACK] Seq=144 Ack=8878 Win=81920 Len=0 TSval=3045559105 TSecr=2916039326"
"47940","35.252617878","192.168.1.2","192.168.1.55","TCP","66","36458  >  8004 [ACK] Seq=144 Ack=13222 Win=87040 Len=0 TSval=3045559105 TSecr=2916039326"
"47941","35.252644118","192.168.1.55","192.168.1.2","TCP","1514","8004  >  36458 [ACK] Seq=27702 Ack=144 Win=65024 Len=1448 TSval=2916039333 TSecr=3045559105 [TCP segment of a reassembled PDU]"
"47942","35.252646415","192.168.1.55","192.168.1.2","TCP","1514","8004  >  36458 [ACK] Seq=29150 Ack=144 Win=65024 Len=1448 TSval=2916039333 TSecr=3045559105 [TCP segment of a reassembled PDU]"
"47943","35.252648211","192.168.1.55","192.168.1.2","TCP","1514","8004  >  36458 [ACK] Seq=30598 Ack=144 Win=65024 Len=1448 TSval=2916039333 TSecr=3045559105 [TCP segment of a reassembled PDU]"
"47944","35.252649507","192.168.1.55","192.168.1.2","TCP","1514","8004  >  36458 [ACK] Seq=32046 Ack=144 Win=65024 Len=1448 TSval=2916039333 TSecr=3045559105 [TCP segment of a reassembled PDU]"
"47945","35.252650841","192.168.1.55","192.168.1.2","TCP","1514","8004  >  36458 [ACK] Seq=33494 Ack=144 Win=65024 Len=1448 TSval=2916039333 TSecr=3045559105 [TCP segment of a reassembled PDU]"
"47946","35.252652267","192.168.1.55","192.168.1.2","TCP","1514","8004  >  36458 [ACK] Seq=34942 Ack=144 Win=65024 Len=1448 TSval=2916039333 TSecr=3045559105 [TCP segment of a reassembled PDU]"
"47947","35.252653526","192.168.1.55","192.168.1.2","TCP","1514","8004  >  36458 [ACK] Seq=36390 Ack=144 Win=65024 Len=1448 TSval=2916039333 TSecr=3045559105 [TCP segment of a reassembled PDU]"
"47948","35.252654915","192.168.1.55","192.168.1.2","TCP","1514","8004  >  36458 [ACK] Seq=37838 Ack=144 Win=65024 Len=1448 TSval=2916039333 TSecr=3045559105 [TCP segment of a reassembled PDU]"
"47949","35.252656230","192.168.1.55","192.168.1.2","TCP","1514","8004  >  36458 [ACK] Seq=39286 Ack=144 Win=65024 Len=1448 TSval=2916039333 TSecr=3045559105 [TCP segment of a reassembled PDU]"
"47950","35.252657637","192.168.1.55","192.168.1.2","TCP","1514","8004  >  36458 [PSH, ACK] Seq=40734 Ack=144 Win=65024 Len=1448 TSval=2916039333 TSecr=3045559105 [TCP segment of a reassembled PDU]"
"47951","35.257634163","192.168.1.2","192.168.1.55","TCP","66","36458  >  8004 [ACK] Seq=144 Ack=16118 Win=90112 Len=0 TSval=3045559111 TSecr=2916039333"
"47952","35.257651238","192.168.1.55","192.168.1.2","TCP","1514","8004  >  36458 [ACK] Seq=42182 Ack=144 Win=65024 Len=1448 TSval=2916039338 TSecr=3045559111 [TCP segment of a reassembled PDU]"
"47953","35.257654738","192.168.1.55","192.168.1.2","TCP","1514","8004  >  36458 [PSH, ACK] Seq=43630 Ack=144 Win=65024 Len=1448 TSval=2916039338 TSecr=3045559111 [TCP segment of a reassembled PDU]"
"47954","35.258083238","192.168.1.2","192.168.1.55","TCP","66","36458  >  8004 [ACK] Seq=144 Ack=27702 Win=81920 Len=0 TSval=3045559111 TSecr=2916039333"
"47955","35.258117849","192.168.1.55","192.168.1.2","TCP","1514","8004  >  36458 [ACK] Seq=45078 Ack=144 Win=65024 Len=1448 TSval=2916039338 TSecr=3045559111 [TCP segment of a reassembled PDU]"
"47956","35.258119886","192.168.1.55","192.168.1.2","TCP","1514","8004  >  36458 [ACK] Seq=46526 Ack=144 Win=65024 Len=1448 TSval=2916039338 TSecr=3045559111 [TCP segment of a reassembled PDU]"
"47957","35.258121164","192.168.1.55","192.168.1.2","TCP","1514","8004  >  36458 [ACK] Seq=47974 Ack=144 Win=65024 Len=1448 TSval=2916039338 TSecr=3045559111 [TCP segment of a reassembled PDU]"
"47958","35.258122720","192.168.1.55","192.168.1.2","TCP","1514","8004  >  36458 [ACK] Seq=49422 Ack=144 Win=65024 Len=1448 TSval=2916039338 TSecr=3045559111 [TCP segment of a reassembled PDU]"
"47959","35.258125016","192.168.1.55","192.168.1.2","TCP","1514","8004  >  36458 [ACK] Seq=50870 Ack=144 Win=65024 Len=1448 TSval=2916039338 TSecr=3045559111 [TCP segment of a reassembled PDU]"
"47960","35.258127331","192.168.1.55","192.168.1.2","TCP","1514","8004  >  36458 [ACK] Seq=52318 Ack=144 Win=65024 Len=1448 TSval=2916039338 TSecr=3045559111 [TCP segment of a reassembled PDU]"
"47961","35.258128553","192.168.1.55","192.168.1.2","TCP","1514","8004  >  36458 [ACK] Seq=53766 Ack=144 Win=65024 Len=1448 TSval=2916039338 TSecr=3045559111 [TCP segment of a reassembled PDU]"
"47962","35.258129849","192.168.1.55","192.168.1.2","TCP","1514","8004  >  36458 [ACK] Seq=55214 Ack=144 Win=65024 Len=1448 TSval=2916039338 TSecr=3045559111 [TCP segment of a reassembled PDU]"
"47963","35.258131183","192.168.1.55","192.168.1.2","TCP","1514","8004  >  36458 [ACK] Seq=56662 Ack=144 Win=65024 Len=1448 TSval=2916039338 TSecr=3045559111 [TCP segment of a reassembled PDU]"
"47964","35.258132386","192.168.1.55","192.168.1.2","TCP","1514","8004  >  36458 [ACK] Seq=58110 Ack=144 Win=65024 Len=1448 TSval=2916039338 TSecr=3045559111 [TCP segment of a reassembled PDU]"
"47965","35.258133775","192.168.1.55","192.168.1.2","TCP","1514","8004  >  36458 [ACK] Seq=59558 Ack=144 Win=65024 Len=1448 TSval=2916039338 TSecr=3045559111 [TCP segment of a reassembled PDU]"
"47966","35.258135572","192.168.1.55","192.168.1.2","TCP","1514","8004  >  36458 [ACK] Seq=61006 Ack=144 Win=65024 Len=1448 TSval=2916039338 TSecr=3045559111 [TCP segment of a reassembled PDU]"
"47967","35.258137109","192.168.1.55","192.168.1.2","TCP","1514","8004  >  36458 [ACK] Seq=62454 Ack=144 Win=65024 Len=1448 TSval=2916039338 TSecr=3045559111 [TCP segment of a reassembled PDU]"
"47968","35.258138664","192.168.1.55","192.168.1.2","TCP","1514","8004  >  36458 [ACK] Seq=63902 Ack=144 Win=65024 Len=1448 TSval=2916039338 TSecr=3045559111 [TCP segment of a reassembled PDU]"
"47969","35.258140090","192.168.1.55","192.168.1.2","TCP","1514","8004  >  36458 [PSH, ACK] Seq=65350 Ack=144 Win=65024 Len=1448 TSval=2916039338 TSecr=3045559111 [TCP segment of a reassembled PDU]"
"47970","35.258144942","192.168.1.2","192.168.1.55","TCP","66","36458  >  8004 [ACK] Seq=144 Ack=36390 Win=73728 Len=0 TSval=3045559111 TSecr=2916039333"
"47971","35.258167572","192.168.1.55","192.168.1.2","TCP","1514","8004  >  36458 [ACK] Seq=66798 Ack=144 Win=65024 Len=1448 TSval=2916039338 TSecr=3045559111 [TCP segment of a reassembled PDU]"
"47972","35.258169127","192.168.1.55","192.168.1.2","TCP","1514","8004  >  36458 [ACK] Seq=68246 Ack=144 Win=65024 Len=1448 TSval=2916039338 TSecr=3045559111 [TCP segment of a reassembled PDU]"
"47973","35.258170331","192.168.1.55","192.168.1.2","TCP","1514","8004  >  36458 [ACK] Seq=69694 Ack=144 Win=65024 Len=1448 TSval=2916039338 TSecr=3045559111 [TCP segment of a reassembled PDU]"
"47974","35.258171720","192.168.1.55","192.168.1.2","TCP","1514","8004  >  36458 [ACK] Seq=71142 Ack=144 Win=65024 Len=1448 TSval=2916039338 TSecr=3045559111 [TCP segment of a reassembled PDU]"
"47975","35.258172998","192.168.1.55","192.168.1.2","TCP","1514","8004  >  36458 [ACK] Seq=72590 Ack=144 Win=65024 Len=1448 TSval=2916039338 TSecr=3045559111 [TCP segment of a reassembled PDU]"
"47976","35.258174553","192.168.1.55","192.168.1.2","TCP","1514","8004  >  36458 [ACK] Seq=74038 Ack=144 Win=65024 Len=1448 TSval=2916039338 TSecr=3045559111 [TCP segment of a reassembled PDU]"
"47977","35.258176442","192.168.1.55","192.168.1.2","TCP","1514","8004  >  36458 [PSH, ACK] Seq=75486 Ack=144 Win=65024 Len=1448 TSval=2916039338 TSecr=3045559111 [TCP segment of a reassembled PDU]"
"47978","35.258181850","192.168.1.2","192.168.1.55","TCP","66","36458  >  8004 [ACK] Seq=144 Ack=39286 Win=90112 Len=0 TSval=3045559112 TSecr=2916039333"
"47979","35.258187646","192.168.1.2","192.168.1.55","TCP","66","36458  >  8004 [ACK] Seq=144 Ack=42182 Win=90112 Len=0 TSval=3045559112 TSecr=2916039333"
"47980","35.259073721","192.168.1.55","192.168.1.2","TCP","1514","8004  >  36458 [ACK] Seq=76934 Ack=144 Win=65024 Len=1448 TSval=2916039339 TSecr=3045559112 [TCP segment of a reassembled PDU]"
"47981","35.259080999","192.168.1.55","192.168.1.2","TCP","1514","8004  >  36458 [ACK] Seq=78382 Ack=144 Win=65024 Len=1448 TSval=2916039339 TSecr=3045559112 [TCP segment of a reassembled PDU]"
"47982","35.259082462","192.168.1.55","192.168.1.2","TCP","1514","8004  >  36458 [ACK] Seq=79830 Ack=144 Win=65024 Len=1448 TSval=2916039339 TSecr=3045559112 [TCP segment of a reassembled PDU]"
"47983","35.259084166","192.168.1.55","192.168.1.2","TCP","1514","8004  >  36458 [ACK] Seq=81278 Ack=144 Win=65024 Len=1448 TSval=2916039339 TSecr=3045559112 [TCP segment of a reassembled PDU]"
"47984","35.259085499","192.168.1.55","192.168.1.2","TCP","1514","8004  >  36458 [ACK] Seq=82726 Ack=144 Win=65024 Len=1448 TSval=2916039339 TSecr=3045559112 [TCP segment of a reassembled PDU]"
"47985","35.259087129","192.168.1.55","192.168.1.2","TCP","1514","8004  >  36458 [ACK] Seq=84174 Ack=144 Win=65024 Len=1448 TSval=2916039339 TSecr=3045559112 [TCP segment of a reassembled PDU]"
"47986","35.259088481","192.168.1.55","192.168.1.2","TCP","1514","8004  >  36458 [ACK] Seq=85622 Ack=144 Win=65024 Len=1448 TSval=2916039339 TSecr=3045559112 [TCP segment of a reassembled PDU]"
"47987","35.259091036","192.168.1.55","192.168.1.2","TCP","1514","8004  >  36458 [ACK] Seq=87070 Ack=144 Win=65024 Len=1448 TSval=2916039339 TSecr=3045559112 [TCP segment of a reassembled PDU]"
"47988","35.259092944","192.168.1.55","192.168.1.2","TCP","1514","8004  >  36458 [ACK] Seq=88518 Ack=144 Win=65024 Len=1448 TSval=2916039339 TSecr=3045559112 [TCP segment of a reassembled PDU]"
"47989","35.259097092","192.168.1.55","192.168.1.2","TCP","1514","8004  >  36458 [ACK] Seq=89966 Ack=144 Win=65024 Len=1448 TSval=2916039339 TSecr=3045559112 [TCP segment of a reassembled PDU]"
"47990","35.259098777","192.168.1.55","192.168.1.2","TCP","1514","8004  >  36458 [ACK] Seq=91414 Ack=144 Win=65024 Len=1448 TSval=2916039339 TSecr=3045559112 [TCP segment of a reassembled PDU]"
"47991","35.259100851","192.168.1.55","192.168.1.2","TCP","1514","8004  >  36458 [ACK] Seq=92862 Ack=144 Win=65024 Len=1448 TSval=2916039339 TSecr=3045559112 [TCP segment of a reassembled PDU]"
"47992","35.259102684","192.168.1.55","192.168.1.2","TCP","1514","8004  >  36458 [ACK] Seq=94310 Ack=144 Win=65024 Len=1448 TSval=2916039339 TSecr=3045559112 [TCP segment of a reassembled PDU]"
"47993","35.259103944","192.168.1.55","192.168.1.2","TCP","1514","8004  >  36458 [ACK] Seq=95758 Ack=144 Win=65024 Len=1448 TSval=2916039339 TSecr=3045559112 [TCP segment of a reassembled PDU]"
"47994","35.259105684","192.168.1.55","192.168.1.2","TCP","1514","8004  >  36458 [ACK] Seq=97206 Ack=144 Win=65024 Len=1448 TSval=2916039339 TSecr=3045559112 [TCP segment of a reassembled PDU]"
"47995","35.259107832","192.168.1.55","192.168.1.2","TCP","1514","8004  >  36458 [PSH, ACK] Seq=98654 Ack=144 Win=65024 Len=1448 TSval=2916039339 TSecr=3045559112 [TCP segment of a reassembled PDU]"
"47996","35.263584043","192.168.1.2","192.168.1.55","TCP","66","36458  >  8004 [ACK] Seq=144 Ack=43630 Win=90112 Len=0 TSval=3045559114 TSecr=2916039338"
"47997","35.263601692","192.168.1.55","192.168.1.2","TCP","1514","8004  >  36458 [ACK] Seq=100102 Ack=144 Win=65024 Len=1448 TSval=2916039344 TSecr=3045559114 [TCP segment of a reassembled PDU]"
"47998","35.263604988","192.168.1.55","192.168.1.2","TCP","1514","8004  >  36458 [PSH, ACK] Seq=101550 Ack=144 Win=65024 Len=1448 TSval=2916039344 TSecr=3045559114 [TCP segment of a reassembled PDU]"
"47999","35.263804173","192.168.1.2","192.168.1.55","TCP","66","36458  >  8004 [ACK] Seq=144 Ack=45078 Win=89088 Len=0 TSval=3045559115 TSecr=2916039338"
"48000","35.263811747","192.168.1.2","192.168.1.55","TCP","66","36458  >  8004 [ACK] Seq=144 Ack=66798 Win=70656 Len=0 TSval=3045559118 TSecr=2916039338"
"48001","35.263832118","192.168.1.55","192.168.1.2","TCP","1514","8004  >  36458 [ACK] Seq=102998 Ack=144 Win=65024 Len=1448 TSval=2916039344 TSecr=3045559118 [TCP segment of a reassembled PDU]"
"48002","35.263833877","192.168.1.55","192.168.1.2","TCP","1514","8004  >  36458 [ACK] Seq=104446 Ack=144 Win=65024 Len=1448 TSval=2916039344 TSecr=3045559118 [TCP segment of a reassembled PDU]"
"48003","35.263834988","192.168.1.55","192.168.1.2","TCP","1514","8004  >  36458 [ACK] Seq=105894 Ack=144 Win=65024 Len=1448 TSval=2916039344 TSecr=3045559118 [TCP segment of a reassembled PDU]"
"48004","35.263836210","192.168.1.55","192.168.1.2","TCP","1514","8004  >  36458 [ACK] Seq=107342 Ack=144 Win=65024 Len=1448 TSval=2916039344 TSecr=3045559118 [TCP segment of a reassembled PDU]"
"48005","35.263837655","192.168.1.55","192.168.1.2","TCP","1514","8004  >  36458 [ACK] Seq=108790 Ack=144 Win=65024 Len=1448 TSval=2916039344 TSecr=3045559118 [TCP segment of a reassembled PDU]"
"48006","35.263838803","192.168.1.55","192.168.1.2","TCP","1514","8004  >  36458 [ACK] Seq=110238 Ack=144 Win=65024 Len=1448 TSval=2916039344 TSecr=3045559118 [TCP segment of a reassembled PDU]"
"48007","35.263839970","192.168.1.55","192.168.1.2","TCP","1514","8004  >  36458 [ACK] Seq=111686 Ack=144 Win=65024 Len=1448 TSval=2916039344 TSecr=3045559118 [TCP segment of a reassembled PDU]"
"48008","35.263841118","192.168.1.55","192.168.1.2","TCP","1514","8004  >  36458 [ACK] Seq=113134 Ack=144 Win=65024 Len=1448 TSval=2916039344 TSecr=3045559118 [TCP segment of a reassembled PDU]"
"48009","35.263842303","192.168.1.55","192.168.1.2","TCP","1514","8004  >  36458 [ACK] Seq=114582 Ack=144 Win=65024 Len=1448 TSval=2916039344 TSecr=3045559118 [TCP segment of a reassembled PDU]"
"48010","35.263843433","192.168.1.55","192.168.1.2","TCP","1514","8004  >  36458 [ACK] Seq=116030 Ack=144 Win=65024 Len=1448 TSval=2916039344 TSecr=3045559118 [TCP segment of a reassembled PDU]"
"48011","35.263844747","192.168.1.55","192.168.1.2","TCP","1514","8004  >  36458 [ACK] Seq=117478 Ack=144 Win=65024 Len=1448 TSval=2916039344 TSecr=3045559118 [TCP segment of a reassembled PDU]"
"48012","35.263845988","192.168.1.55","192.168.1.2","TCP","1514","8004  >  36458 [ACK] Seq=118926 Ack=144 Win=65024 Len=1448 TSval=2916039344 TSecr=3045559118 [TCP segment of a reassembled PDU]"
"48013","35.263847155","192.168.1.55","192.168.1.2","TCP","1514","8004  >  36458 [PSH, ACK] Seq=120374 Ack=144 Win=65024 Len=1448 TSval=2916039344 TSecr=3045559118 [TCP segment of a reassembled PDU]"
"48014","35.263852766","192.168.1.2","192.168.1.55","TCP","66","36458  >  8004 [ACK] Seq=144 Ack=76934 Win=61440 Len=0 TSval=3045559118 TSecr=2916039338"
"48015","35.263905155","192.168.1.2","192.168.1.55","TCP","66","36458  >  8004 [ACK] Seq=144 Ack=94310 Win=45056 Len=0 TSval=3045559118 TSecr=2916039339"
"48016","35.263930525","192.168.1.55","192.168.1.2","TCP","1514","8004  >  36458 [ACK] Seq=121822 Ack=144 Win=65024 Len=1448 TSval=2916039344 TSecr=3045559118 [TCP segment of a reassembled PDU]"
"48017","35.263932303","192.168.1.55","192.168.1.2","TCP","1514","8004  >  36458 [ACK] Seq=123270 Ack=144 Win=65024 Len=1448 TSval=2916039344 TSecr=3045559118 [TCP segment of a reassembled PDU]"
"48018","35.263933507","192.168.1.55","192.168.1.2","TCP","1514","8004  >  36458 [ACK] Seq=124718 Ack=144 Win=65024 Len=1448 TSval=2916039344 TSecr=3045559118 [TCP segment of a reassembled PDU]"
"48019","35.263934692","192.168.1.55","192.168.1.2","TCP","1514","8004  >  36458 [ACK] Seq=126166 Ack=144 Win=65024 Len=1448 TSval=2916039344 TSecr=3045559118 [TCP segment of a reassembled PDU]"
"48020","35.263935822","192.168.1.55","192.168.1.2","TCP","1514","8004  >  36458 [ACK] Seq=127614 Ack=144 Win=65024 Len=1448 TSval=2916039344 TSecr=3045559118 [TCP segment of a reassembled PDU]"
"48021","35.263936951","192.168.1.55","192.168.1.2","TCP","1514","8004  >  36458 [ACK] Seq=129062 Ack=144 Win=65024 Len=1448 TSval=2916039344 TSecr=3045559118 [TCP segment of a reassembled PDU]"
"48022","35.263938099","192.168.1.55","192.168.1.2","TCP","1514","8004  >  36458 [ACK] Seq=130510 Ack=144 Win=65024 Len=1448 TSval=2916039344 TSecr=3045559118 [TCP segment of a reassembled PDU]"
"48023","35.263939192","192.168.1.55","192.168.1.2","TCP","1514","8004  >  36458 [ACK] Seq=131958 Ack=144 Win=65024 Len=1448 TSval=2916039344 TSecr=3045559118 [TCP segment of a reassembled PDU]"
"48024","35.263940414","192.168.1.55","192.168.1.2","TCP","1514","8004  >  36458 [ACK] Seq=133406 Ack=144 Win=65024 Len=1448 TSval=2916039344 TSecr=3045559118 [TCP segment of a reassembled PDU]"
"48025","35.263941562","192.168.1.55","192.168.1.2","TCP","1514","8004  >  36458 [ACK] Seq=134854 Ack=144 Win=65024 Len=1448 TSval=2916039344 TSecr=3045559118 [TCP segment of a reassembled PDU]"
"48026","35.263942711","192.168.1.55","192.168.1.2","TCP","1514","8004  >  36458 [ACK] Seq=136302 Ack=144 Win=65024 Len=1448 TSval=2916039344 TSecr=3045559118 [TCP segment of a reassembled PDU]"
"48027","35.263943933","192.168.1.55","192.168.1.2","TCP","1514","8004  >  36458 [ACK] Seq=137750 Ack=144 Win=65024 Len=1448 TSval=2916039344 TSecr=3045559118 [TCP segment of a reassembled PDU]"
"48028","35.263945062","192.168.1.55","192.168.1.2","TCP","234","[TCP Window Full] 8004  >  36458 [PSH, ACK] Seq=139198 Ack=144 Win=65024 Len=168 TSval=2916039344 TSecr=3045559118 [TCP segment of a reassembled PDU]"
"48029","35.263949025","192.168.1.2","192.168.1.55","TCP","66","[TCP Window Update] 36458  >  8004 [ACK] Seq=144 Ack=94310 Win=90112 Len=0 TSval=3045559118 TSecr=2916039339"
"48030","35.264005840","192.168.1.55","192.168.1.2","TCP","1514","8004  >  36458 [ACK] Seq=139366 Ack=144 Win=65024 Len=1448 TSval=2916039344 TSecr=3045559118 [TCP segment of a reassembled PDU]"
"48031","35.264010155","192.168.1.55","192.168.1.2","TCP","1514","8004  >  36458 [ACK] Seq=140814 Ack=144 Win=65024 Len=1448 TSval=2916039344 TSecr=3045559118 [TCP segment of a reassembled PDU]"
"48032","35.264011248","192.168.1.55","192.168.1.2","TCP","1514","8004  >  36458 [ACK] Seq=142262 Ack=144 Win=65024 Len=1448 TSval=2916039344 TSecr=3045559118 [TCP segment of a reassembled PDU]"
"48033","35.264012488","192.168.1.55","192.168.1.2","TCP","1514","8004  >  36458 [ACK] Seq=143710 Ack=144 Win=65024 Len=1448 TSval=2916039344 TSecr=3045559118 [TCP segment of a reassembled PDU]"
"48034","35.264013674","192.168.1.55","192.168.1.2","TCP","1514","8004  >  36458 [ACK] Seq=145158 Ack=144 Win=65024 Len=1448 TSval=2916039344 TSecr=3045559118 [TCP segment of a reassembled PDU]"
"48035","35.264014914","192.168.1.55","192.168.1.2","TCP","1514","8004  >  36458 [ACK] Seq=146606 Ack=144 Win=65024 Len=1448 TSval=2916039344 TSecr=3045559118 [TCP segment of a reassembled PDU]"
"48036","35.264016229","192.168.1.55","192.168.1.2","TCP","1514","8004  >  36458 [ACK] Seq=148054 Ack=144 Win=65024 Len=1448 TSval=2916039344 TSecr=3045559118 [TCP segment of a reassembled PDU]"
"48037","35.264017433","192.168.1.55","192.168.1.2","TCP","1514","8004  >  36458 [ACK] Seq=149502 Ack=144 Win=65024 Len=1448 TSval=2916039344 TSecr=3045559118 [TCP segment of a reassembled PDU]"
"48038","35.264018655","192.168.1.55","192.168.1.2","TCP","1514","8004  >  36458 [ACK] Seq=150950 Ack=144 Win=65024 Len=1448 TSval=2916039344 TSecr=3045559118 [TCP segment of a reassembled PDU]"
"48039","35.264019785","192.168.1.55","192.168.1.2","TCP","1514","8004  >  36458 [ACK] Seq=152398 Ack=144 Win=65024 Len=1448 TSval=2916039344 TSecr=3045559118 [TCP segment of a reassembled PDU]"
"48040","35.264021044","192.168.1.55","192.168.1.2","TCP","1514","8004  >  36458 [ACK] Seq=153846 Ack=144 Win=65024 Len=1448 TSval=2916039344 TSecr=3045559118 [TCP segment of a reassembled PDU]"
"48041","35.264022229","192.168.1.55","192.168.1.2","TCP","1514","8004  >  36458 [ACK] Seq=155294 Ack=144 Win=65024 Len=1448 TSval=2916039344 TSecr=3045559118 [TCP segment of a reassembled PDU]"
"48042","35.264023488","192.168.1.55","192.168.1.2","TCP","1514","8004  >  36458 [ACK] Seq=156742 Ack=144 Win=65024 Len=1448 TSval=2916039344 TSecr=3045559118 [TCP segment of a reassembled PDU]"
"48043","35.264024729","192.168.1.55","192.168.1.2","TCP","1514","8004  >  36458 [ACK] Seq=158190 Ack=144 Win=65024 Len=1448 TSval=2916039344 TSecr=3045559118 [TCP segment of a reassembled PDU]"
"48044","35.264026081","192.168.1.55","192.168.1.2","TCP","1514","8004  >  36458 [ACK] Seq=159638 Ack=144 Win=65024 Len=1448 TSval=2916039344 TSecr=3045559118 [TCP segment of a reassembled PDU]"
"48045","35.264027377","192.168.1.55","192.168.1.2","TCP","1514","8004  >  36458 [ACK] Seq=161086 Ack=144 Win=65024 Len=1448 TSval=2916039344 TSecr=3045559118 [TCP segment of a reassembled PDU]"
"48046","35.264028729","192.168.1.55","192.168.1.2","TCP","1514","8004  >  36458 [ACK] Seq=162534 Ack=144 Win=65024 Len=1448 TSval=2916039344 TSecr=3045559118 [TCP segment of a reassembled PDU]"
"48047","35.264029970","192.168.1.55","192.168.1.2","TCP","1514","8004  >  36458 [PSH, ACK] Seq=163982 Ack=144 Win=65024 Len=1448 TSval=2916039344 TSecr=3045559118 [TCP segment of a reassembled PDU]"
"48048","35.264890601","192.168.1.55","192.168.1.2","TCP","1346","8004  >  36458 [ACK] Seq=165430 Ack=144 Win=65024 Len=1280 TSval=2916039345 TSecr=3045559118 [TCP segment of a reassembled PDU]"
"48049","35.267342142","192.168.1.2","192.168.1.55","TCP","66","36458  >  8004 [ACK] Seq=144 Ack=100102 Win=90112 Len=0 TSval=3045559119 TSecr=2916039339"
"48050","35.267367049","192.168.1.55","192.168.1.2","TCP","1514","8004  >  36458 [ACK] Seq=166710 Ack=144 Win=65024 Len=1448 TSval=2916039348 TSecr=3045559119 [TCP segment of a reassembled PDU]"
"48051","35.267369346","192.168.1.55","192.168.1.2","TCP","1514","8004  >  36458 [ACK] Seq=168158 Ack=144 Win=65024 Len=1448 TSval=2916039348 TSecr=3045559119 [TCP segment of a reassembled PDU]"
"48052","35.267370735","192.168.1.55","192.168.1.2","TCP","1514","8004  >  36458 [ACK] Seq=169606 Ack=144 Win=65024 Len=1448 TSval=2916039348 TSecr=3045559119 [TCP segment of a reassembled PDU]"
"48053","35.267371957","192.168.1.55","192.168.1.2","TCP","1514","8004  >  36458 [ACK] Seq=171054 Ack=144 Win=65024 Len=1448 TSval=2916039348 TSecr=3045559119 [TCP segment of a reassembled PDU]"
"48054","35.267373068","192.168.1.55","192.168.1.2","TCP","1514","8004  >  36458 [ACK] Seq=172502 Ack=144 Win=65024 Len=1448 TSval=2916039348 TSecr=3045559119 [TCP segment of a reassembled PDU]"
"48055","35.267374272","192.168.1.55","192.168.1.2","TCP","1514","8004  >  36458 [ACK] Seq=173950 Ack=144 Win=65024 Len=1448 TSval=2916039348 TSecr=3045559119 [TCP segment of a reassembled PDU]"
"48056","35.267375364","192.168.1.55","192.168.1.2","TCP","1514","8004  >  36458 [ACK] Seq=175398 Ack=144 Win=65024 Len=1448 TSval=2916039348 TSecr=3045559119 [TCP segment of a reassembled PDU]"
"48057","35.267376475","192.168.1.55","192.168.1.2","TCP","1514","8004  >  36458 [ACK] Seq=176846 Ack=144 Win=65024 Len=1448 TSval=2916039348 TSecr=3045559119 [TCP segment of a reassembled PDU]"
"48058","35.267377698","192.168.1.55","192.168.1.2","TCP","1514","8004  >  36458 [ACK] Seq=178294 Ack=144 Win=65024 Len=1448 TSval=2916039348 TSecr=3045559119 [TCP segment of a reassembled PDU]"
"48059","35.267378753","192.168.1.55","192.168.1.2","TCP","1514","8004  >  36458 [ACK] Seq=179742 Ack=144 Win=65024 Len=1448 TSval=2916039348 TSecr=3045559119 [TCP segment of a reassembled PDU]"
"48060","35.267379920","192.168.1.55","192.168.1.2","TCP","1514","8004  >  36458 [ACK] Seq=181190 Ack=144 Win=65024 Len=1448 TSval=2916039348 TSecr=3045559119 [TCP segment of a reassembled PDU]"
"48061","35.267381105","192.168.1.55","192.168.1.2","TCP","1514","8004  >  36458 [ACK] Seq=182638 Ack=144 Win=65024 Len=1448 TSval=2916039348 TSecr=3045559119 [TCP segment of a reassembled PDU]"
"48062","35.267382309","192.168.1.55","192.168.1.2","TCP","1514","8004  >  36458 [ACK] Seq=184086 Ack=144 Win=65024 Len=1448 TSval=2916039348 TSecr=3045559119 [TCP segment of a reassembled PDU]"
"48063","35.267383383","192.168.1.55","192.168.1.2","TCP","1514","8004  >  36458 [ACK] Seq=185534 Ack=144 Win=65024 Len=1448 TSval=2916039348 TSecr=3045559119 [TCP segment of a reassembled PDU]"
"48064","35.267384605","192.168.1.55","192.168.1.2","TCP","1514","8004  >  36458 [ACK] Seq=186982 Ack=144 Win=65024 Len=1448 TSval=2916039348 TSecr=3045559119 [TCP segment of a reassembled PDU]"
"48065","35.267385753","192.168.1.55","192.168.1.2","TCP","1514","8004  >  36458 [PSH, ACK] Seq=188430 Ack=144 Win=65024 Len=1448 TSval=2916039348 TSecr=3045559119 [TCP segment of a reassembled PDU]"
"48066","35.271222870","192.168.1.2","192.168.1.55","TCP","66","36458  >  8004 [ACK] Seq=144 Ack=102998 Win=96256 Len=0 TSval=3045559123 TSecr=2916039344"
"48067","35.271235907","192.168.1.55","192.168.1.2","TCP","1514","8004  >  36458 [ACK] Seq=189878 Ack=144 Win=65024 Len=1448 TSval=2916039351 TSecr=3045559123 [TCP segment of a reassembled PDU]"
"48068","35.271238019","192.168.1.55","192.168.1.2","TCP","1514","8004  >  36458 [ACK] Seq=191326 Ack=144 Win=65024 Len=1448 TSval=2916039351 TSecr=3045559123 [TCP segment of a reassembled PDU]"
"48069","35.271239167","192.168.1.55","192.168.1.2","TCP","1514","8004  >  36458 [ACK] Seq=192774 Ack=144 Win=65024 Len=1448 TSval=2916039351 TSecr=3045559123 [TCP segment of a reassembled PDU]"
"48070","35.271240296","192.168.1.55","192.168.1.2","TCP","1514","8004  >  36458 [ACK] Seq=194222 Ack=144 Win=65024 Len=1448 TSval=2916039351 TSecr=3045559123 [TCP segment of a reassembled PDU]"
"48071","35.271241704","192.168.1.55","192.168.1.2","TCP","1514","8004  >  36458 [ACK] Seq=195670 Ack=144 Win=65024 Len=1448 TSval=2916039351 TSecr=3045559123 [TCP segment of a reassembled PDU]"
"48072","35.271242815","192.168.1.55","192.168.1.2","TCP","1514","8004  >  36458 [PSH, ACK] Seq=197118 Ack=144 Win=65024 Len=1448 TSval=2916039351 TSecr=3045559123 [TCP segment of a reassembled PDU]"
"48073","35.271581501","192.168.1.2","192.168.1.55","TCP","66","36458  >  8004 [ACK] Seq=144 Ack=121822 Win=88064 Len=0 TSval=3045559123 TSecr=2916039344"
"48074","35.271588130","192.168.1.2","192.168.1.55","TCP","66","36458  >  8004 [ACK] Seq=144 Ack=139366 Win=70656 Len=0 TSval=3045559123 TSecr=2916039344"
"48075","35.271593556","192.168.1.2","192.168.1.55","TCP","66","36458  >  8004 [ACK] Seq=144 Ack=155294 Win=72704 Len=0 TSval=3045559123 TSecr=2916039344"
"48076","35.271604945","192.168.1.55","192.168.1.2","TCP","1514","8004  >  36458 [ACK] Seq=198566 Ack=144 Win=65024 Len=1448 TSval=2916039352 TSecr=3045559123 [TCP segment of a reassembled PDU]"
"48077","35.271606760","192.168.1.55","192.168.1.2","TCP","1514","8004  >  36458 [ACK] Seq=200014 Ack=144 Win=65024 Len=1448 TSval=2916039352 TSecr=3045559123 [TCP segment of a reassembled PDU]"
"48078","35.271607890","192.168.1.55","192.168.1.2","TCP","1514","8004  >  36458 [ACK] Seq=201462 Ack=144 Win=65024 Len=1448 TSval=2916039352 TSecr=3045559123 [TCP segment of a reassembled PDU]"
"48079","35.271609093","192.168.1.55","192.168.1.2","TCP","1514","8004  >  36458 [ACK] Seq=202910 Ack=144 Win=65024 Len=1448 TSval=2916039352 TSecr=3045559123 [TCP segment of a reassembled PDU]"
"48080","35.271610278","192.168.1.55","192.168.1.2","TCP","1514","8004  >  36458 [ACK] Seq=204358 Ack=144 Win=65024 Len=1448 TSval=2916039352 TSecr=3045559123 [TCP segment of a reassembled PDU]"
"48081","35.271611445","192.168.1.55","192.168.1.2","TCP","1514","8004  >  36458 [ACK] Seq=205806 Ack=144 Win=65024 Len=1448 TSval=2916039352 TSecr=3045559123 [TCP segment of a reassembled PDU]"
"48082","35.271617038","192.168.1.55","192.168.1.2","TCP","1514","8004  >  36458 [ACK] Seq=207254 Ack=144 Win=65024 Len=1448 TSval=2916039352 TSecr=3045559123 [TCP segment of a reassembled PDU]"
"48083","35.271618612","192.168.1.55","192.168.1.2","TCP","1514","8004  >  36458 [ACK] Seq=208702 Ack=144 Win=65024 Len=1448 TSval=2916039352 TSecr=3045559123 [TCP segment of a reassembled PDU]"
"48084","35.271619797","192.168.1.55","192.168.1.2","TCP","1514","8004  >  36458 [PSH, ACK] Seq=210150 Ack=144 Win=65024 Len=1448 TSval=2916039352 TSecr=3045559123 [TCP segment of a reassembled PDU]"
"48085","35.271669464","192.168.1.2","192.168.1.55","TCP","66","36458  >  8004 [ACK] Seq=144 Ack=165430 Win=94208 Len=0 TSval=3045559126 TSecr=2916039344"
"48086","35.271704742","192.168.1.55","192.168.1.2","TCP","1514","8004  >  36458 [ACK] Seq=211598 Ack=144 Win=65024 Len=1448 TSval=2916039352 TSecr=3045559126 [TCP segment of a reassembled PDU]"
"48087","35.271706445","192.168.1.55","192.168.1.2","TCP","1514","8004  >  36458 [ACK] Seq=213046 Ack=144 Win=65024 Len=1448 TSval=2916039352 TSecr=3045559126 [TCP segment of a reassembled PDU]"
"48088","35.271707575","192.168.1.55","192.168.1.2","TCP","1514","8004  >  36458 [ACK] Seq=214494 Ack=144 Win=65024 Len=1448 TSval=2916039352 TSecr=3045559126 [TCP segment of a reassembled PDU]"
"48089","35.271708705","192.168.1.55","192.168.1.2","TCP","1514","8004  >  36458 [ACK] Seq=215942 Ack=144 Win=65024 Len=1448 TSval=2916039352 TSecr=3045559126 [TCP segment of a reassembled PDU]"
"48090","35.271709964","192.168.1.55","192.168.1.2","TCP","1514","8004  >  36458 [ACK] Seq=217390 Ack=144 Win=65024 Len=1448 TSval=2916039352 TSecr=3045559126 [TCP segment of a reassembled PDU]"
"48091","35.271711075","192.168.1.55","192.168.1.2","TCP","1514","8004  >  36458 [ACK] Seq=218838 Ack=144 Win=65024 Len=1448 TSval=2916039352 TSecr=3045559126 [TCP segment of a reassembled PDU]"
"48092","35.271712353","192.168.1.55","192.168.1.2","TCP","1514","8004  >  36458 [ACK] Seq=220286 Ack=144 Win=65024 Len=1448 TSval=2916039352 TSecr=3045559126 [TCP segment of a reassembled PDU]"
"48093","35.271713482","192.168.1.55","192.168.1.2","TCP","1514","8004  >  36458 [ACK] Seq=221734 Ack=144 Win=65024 Len=1448 TSval=2916039352 TSecr=3045559126 [TCP segment of a reassembled PDU]"
"48094","35.271714630","192.168.1.55","192.168.1.2","TCP","1514","8004  >  36458 [ACK] Seq=223182 Ack=144 Win=65024 Len=1448 TSval=2916039352 TSecr=3045559126 [TCP segment of a reassembled PDU]"
"48095","35.271715816","192.168.1.55","192.168.1.2","TCP","1514","8004  >  36458 [ACK] Seq=224630 Ack=144 Win=65024 Len=1448 TSval=2916039352 TSecr=3045559126 [TCP segment of a reassembled PDU]"
"48096","35.271716982","192.168.1.55","192.168.1.2","TCP","1514","8004  >  36458 [ACK] Seq=226078 Ack=144 Win=65024 Len=1448 TSval=2916039352 TSecr=3045559126 [TCP segment of a reassembled PDU]"
"48097","35.271718205","192.168.1.55","192.168.1.2","TCP","1514","8004  >  36458 [ACK] Seq=227526 Ack=144 Win=65024 Len=1448 TSval=2916039352 TSecr=3045559126 [TCP segment of a reassembled PDU]"
"48098","35.271719519","192.168.1.55","192.168.1.2","TCP","1514","8004  >  36458 [ACK] Seq=228974 Ack=144 Win=65024 Len=1448 TSval=2916039352 TSecr=3045559126 [TCP segment of a reassembled PDU]"
"48099","35.271720705","192.168.1.55","192.168.1.2","TCP","1514","8004  >  36458 [ACK] Seq=230422 Ack=144 Win=65024 Len=1448 TSval=2916039352 TSecr=3045559126 [TCP segment of a reassembled PDU]"
"48100","35.271722334","192.168.1.55","192.168.1.2","TCP","1514","8004  >  36458 [ACK] Seq=231870 Ack=144 Win=65024 Len=1448 TSval=2916039352 TSecr=3045559126 [TCP segment of a reassembled PDU]"
"48101","35.271723575","192.168.1.55","192.168.1.2","TCP","1514","8004  >  36458 [ACK] Seq=233318 Ack=144 Win=65024 Len=1448 TSval=2916039352 TSecr=3045559126 [TCP segment of a reassembled PDU]"
"48102","35.271724816","192.168.1.55","192.168.1.2","TCP","1514","8004  >  36458 [ACK] Seq=234766 Ack=144 Win=65024 Len=1448 TSval=2916039352 TSecr=3045559126 [TCP segment of a reassembled PDU]"
"48103","35.271726019","192.168.1.55","192.168.1.2","TCP","1514","8004  >  36458 [ACK] Seq=236214 Ack=144 Win=65024 Len=1448 TSval=2916039352 TSecr=3045559126 [TCP segment of a reassembled PDU]"
"48104","35.271727186","192.168.1.55","192.168.1.2","TCP","1514","8004  >  36458 [ACK] Seq=237662 Ack=144 Win=65024 Len=1448 TSval=2916039352 TSecr=3045559126 [TCP segment of a reassembled PDU]"
"48105","35.271728649","192.168.1.55","192.168.1.2","TCP","1514","8004  >  36458 [ACK] Seq=239110 Ack=144 Win=65024 Len=1448 TSval=2916039352 TSecr=3045559126 [TCP segment of a reassembled PDU]"
"48106","35.271729982","192.168.1.55","192.168.1.2","TCP","1514","8004  >  36458 [ACK] Seq=240558 Ack=144 Win=65024 Len=1448 TSval=2916039352 TSecr=3045559126 [TCP segment of a reassembled PDU]"
"48107","35.271731205","192.168.1.55","192.168.1.2","TCP","1514","8004  >  36458 [ACK] Seq=242006 Ack=144 Win=65024 Len=1448 TSval=2916039352 TSecr=3045559126 [TCP segment of a reassembled PDU]"
"48108","35.271732501","192.168.1.55","192.168.1.2","TCP","1514","8004  >  36458 [ACK] Seq=243454 Ack=144 Win=65024 Len=1448 TSval=2916039352 TSecr=3045559126 [TCP segment of a reassembled PDU]"
"48109","35.271733649","192.168.1.55","192.168.1.2","TCP","1514","8004  >  36458 [ACK] Seq=244902 Ack=144 Win=65024 Len=1448 TSval=2916039352 TSecr=3045559126 [TCP segment of a reassembled PDU]"
"48110","35.271734927","192.168.1.55","192.168.1.2","TCP","1514","8004  >  36458 [ACK] Seq=246350 Ack=144 Win=65024 Len=1448 TSval=2916039352 TSecr=3045559126 [TCP segment of a reassembled PDU]"
"48111","35.271736186","192.168.1.55","192.168.1.2","TCP","1514","8004  >  36458 [ACK] Seq=247798 Ack=144 Win=65024 Len=1448 TSval=2916039352 TSecr=3045559126 [TCP segment of a reassembled PDU]"
"48112","35.271737390","192.168.1.55","192.168.1.2","TCP","1514","8004  >  36458 [ACK] Seq=249246 Ack=144 Win=65024 Len=1448 TSval=2916039352 TSecr=3045559126 [TCP segment of a reassembled PDU]"
"48113","35.271738556","192.168.1.55","192.168.1.2","TCP","1514","8004  >  36458 [ACK] Seq=250694 Ack=144 Win=65024 Len=1448 TSval=2916039352 TSecr=3045559126 [TCP segment of a reassembled PDU]"
"48114","35.271739834","192.168.1.55","192.168.1.2","TCP","1514","8004  >  36458 [ACK] Seq=252142 Ack=144 Win=65024 Len=1448 TSval=2916039352 TSecr=3045559126 [TCP segment of a reassembled PDU]"
"48115","35.271740982","192.168.1.55","192.168.1.2","TCP","1514","8004  >  36458 [ACK] Seq=253590 Ack=144 Win=65024 Len=1448 TSval=2916039352 TSecr=3045559126 [TCP segment of a reassembled PDU]"
"48116","35.271742260","192.168.1.55","192.168.1.2","TCP","1514","8004  >  36458 [PSH, ACK] Seq=255038 Ack=144 Win=65024 Len=1448 TSval=2916039352 TSecr=3045559126 [TCP segment of a reassembled PDU]"
"48117","35.271746593","192.168.1.2","192.168.1.55","TCP","66","36458  >  8004 [ACK] Seq=144 Ack=189878 Win=70656 Len=0 TSval=3045559126 TSecr=2916039345"
"48118","35.271759556","192.168.1.55","192.168.1.2","TCP","1514","8004  >  36458 [ACK] Seq=256486 Ack=144 Win=65024 Len=1448 TSval=2916039352 TSecr=3045559126 [TCP segment of a reassembled PDU]"
"48119","35.271761038","192.168.1.55","192.168.1.2","TCP","1514","8004  >  36458 [ACK] Seq=257934 Ack=144 Win=65024 Len=1448 TSval=2916039352 TSecr=3045559126 [TCP segment of a reassembled PDU]"
"48120","35.271762223","192.168.1.55","192.168.1.2","TCP","1218","[TCP Window Full] 8004  >  36458 [PSH, ACK] Seq=259382 Ack=144 Win=65024 Len=1152 TSval=2916039352 TSecr=3045559126 [TCP segment of a reassembled PDU]"
"48121","35.277286213","192.168.1.2","192.168.1.55","TCP","66","36458  >  8004 [ACK] Seq=144 Ack=195670 Win=97280 Len=0 TSval=3045559128 TSecr=2916039351"
"48122","35.277323491","192.168.1.55","192.168.1.2","TCP","1514","8004  >  36458 [ACK] Seq=260534 Ack=144 Win=65024 Len=1448 TSval=2916039358 TSecr=3045559128 [TCP segment of a reassembled PDU]"
"48123","35.277326251","192.168.1.55","192.168.1.2","TCP","1514","8004  >  36458 [ACK] Seq=261982 Ack=144 Win=65024 Len=1448 TSval=2916039358 TSecr=3045559128 [TCP segment of a reassembled PDU]"
"48124","35.277327658","192.168.1.55","192.168.1.2","TCP","1514","8004  >  36458 [ACK] Seq=263430 Ack=144 Win=65024 Len=1448 TSval=2916039358 TSecr=3045559128 [TCP segment of a reassembled PDU]"
"48125","35.277329139","192.168.1.55","192.168.1.2","TCP","1514","8004  >  36458 [ACK] Seq=264878 Ack=144 Win=65024 Len=1448 TSval=2916039358 TSecr=3045559128 [TCP segment of a reassembled PDU]"
"48126","35.277330510","192.168.1.55","192.168.1.2","TCP","1514","8004  >  36458 [ACK] Seq=266326 Ack=144 Win=65024 Len=1448 TSval=2916039358 TSecr=3045559128 [TCP segment of a reassembled PDU]"
"48127","35.277331880","192.168.1.55","192.168.1.2","TCP","1514","8004  >  36458 [ACK] Seq=267774 Ack=144 Win=65024 Len=1448 TSval=2916039358 TSecr=3045559128 [TCP segment of a reassembled PDU]"
"48128","35.277333343","192.168.1.55","192.168.1.2","TCP","1514","8004  >  36458 [ACK] Seq=269222 Ack=144 Win=65024 Len=1448 TSval=2916039358 TSecr=3045559128 [TCP segment of a reassembled PDU]"
"48129","35.277334621","192.168.1.55","192.168.1.2","TCP","1514","8004  >  36458 [ACK] Seq=270670 Ack=144 Win=65024 Len=1448 TSval=2916039358 TSecr=3045559128 [TCP segment of a reassembled PDU]"
"48130","35.277336065","192.168.1.55","192.168.1.2","TCP","1514","8004  >  36458 [ACK] Seq=272118 Ack=144 Win=65024 Len=1448 TSval=2916039358 TSecr=3045559128 [TCP segment of a reassembled PDU]"
"48131","35.277337510","192.168.1.55","192.168.1.2","TCP","1514","8004  >  36458 [ACK] Seq=273566 Ack=144 Win=65024 Len=1448 TSval=2916039358 TSecr=3045559128 [TCP segment of a reassembled PDU]"
"48132","35.277338954","192.168.1.55","192.168.1.2","TCP","1514","8004  >  36458 [ACK] Seq=275014 Ack=144 Win=65024 Len=1448 TSval=2916039358 TSecr=3045559128 [TCP segment of a reassembled PDU]"
"48133","35.277340343","192.168.1.55","192.168.1.2","TCP","1514","8004  >  36458 [ACK] Seq=276462 Ack=144 Win=65024 Len=1448 TSval=2916039358 TSecr=3045559128 [TCP segment of a reassembled PDU]"
"48134","35.277342028","192.168.1.55","192.168.1.2","TCP","1514","8004  >  36458 [ACK] Seq=277910 Ack=144 Win=65024 Len=1448 TSval=2916039358 TSecr=3045559128 [TCP segment of a reassembled PDU]"
"48135","35.277343306","192.168.1.55","192.168.1.2","TCP","1514","8004  >  36458 [ACK] Seq=279358 Ack=144 Win=65024 Len=1448 TSval=2916039358 TSecr=3045559128 [TCP segment of a reassembled PDU]"
"48136","35.277344676","192.168.1.55","192.168.1.2","TCP","1514","8004  >  36458 [ACK] Seq=280806 Ack=144 Win=65024 Len=1448 TSval=2916039358 TSecr=3045559128 [TCP segment of a reassembled PDU]"
"48137","35.277346047","192.168.1.55","192.168.1.2","TCP","1514","8004  >  36458 [ACK] Seq=282254 Ack=144 Win=65024 Len=1448 TSval=2916039358 TSecr=3045559128 [TCP segment of a reassembled PDU]"
"48138","35.277347436","192.168.1.55","192.168.1.2","TCP","1514","8004  >  36458 [ACK] Seq=283702 Ack=144 Win=65024 Len=1448 TSval=2916039358 TSecr=3045559128 [TCP segment of a reassembled PDU]"
"48139","35.277348843","192.168.1.55","192.168.1.2","TCP","1514","8004  >  36458 [ACK] Seq=285150 Ack=144 Win=65024 Len=1448 TSval=2916039358 TSecr=3045559128 [TCP segment of a reassembled PDU]"
"48140","35.277350158","192.168.1.55","192.168.1.2","TCP","1514","8004  >  36458 [ACK] Seq=286598 Ack=144 Win=65024 Len=1448 TSval=2916039358 TSecr=3045559128 [TCP segment of a reassembled PDU]"
"48141","35.277351473","192.168.1.55","192.168.1.2","TCP","1514","8004  >  36458 [ACK] Seq=288046 Ack=144 Win=65024 Len=1448 TSval=2916039358 TSecr=3045559128 [TCP segment of a reassembled PDU]"
"48142","35.277352899","192.168.1.55","192.168.1.2","TCP","1514","8004  >  36458 [ACK] Seq=289494 Ack=144 Win=65024 Len=1448 TSval=2916039358 TSecr=3045559128 [TCP segment of a reassembled PDU]"
"48143","35.277354399","192.168.1.55","192.168.1.2","TCP","1514","8004  >  36458 [PSH, ACK] Seq=290942 Ack=144 Win=65024 Len=1448 TSval=2916039358 TSecr=3045559128 [TCP segment of a reassembled PDU]"
"48144","35.277411084","192.168.1.2","192.168.1.55","TCP","66","36458  >  8004 [ACK] Seq=144 Ack=198566 Win=102400 Len=0 TSval=3045559132 TSecr=2916039351"
"48145","35.277419491","192.168.1.2","192.168.1.55","TCP","66","36458  >  8004 [ACK] Seq=144 Ack=211598 Win=129024 Len=0 TSval=3045559132 TSecr=2916039352"
"48146","35.277435028","192.168.1.55","192.168.1.2","TCP","1514","8004  >  36458 [ACK] Seq=292390 Ack=144 Win=65024 Len=1448 TSval=2916039358 TSecr=3045559132 [TCP segment of a reassembled PDU]"
"48147","35.277436825","192.168.1.55","192.168.1.2","TCP","1514","8004  >  36458 [ACK] Seq=293838 Ack=144 Win=65024 Len=1448 TSval=2916039358 TSecr=3045559132 [TCP segment of a reassembled PDU]"
"48148","35.277438195","192.168.1.55","192.168.1.2","TCP","1514","8004  >  36458 [ACK] Seq=295286 Ack=144 Win=65024 Len=1448 TSval=2916039358 TSecr=3045559132 [TCP segment of a reassembled PDU]"
"48149","35.277439566","192.168.1.55","192.168.1.2","TCP","1514","8004  >  36458 [ACK] Seq=296734 Ack=144 Win=65024 Len=1448 TSval=2916039358 TSecr=3045559132 [TCP segment of a reassembled PDU]"
"48150","35.277440917","192.168.1.55","192.168.1.2","TCP","1514","8004  >  36458 [ACK] Seq=298182 Ack=144 Win=65024 Len=1448 TSval=2916039358 TSecr=3045559132 [TCP segment of a reassembled PDU]"
"48151","35.277442158","192.168.1.55","192.168.1.2","TCP","1514","8004  >  36458 [PSH, ACK] Seq=299630 Ack=144 Win=65024 Len=1448 TSval=2916039358 TSecr=3045559132 [TCP segment of a reassembled PDU]"
"48152","35.277447751","192.168.1.55","192.168.1.2","TCP","362","8004  >  36458 [ACK] Seq=301078 Ack=144 Win=65024 Len=296 TSval=2916039358 TSecr=3045559132 [TCP segment of a reassembled PDU]"
"48153","35.281471553","192.168.1.2","192.168.1.55","TCP","66","36458  >  8004 [ACK] Seq=144 Ack=260534 Win=118784 Len=0 TSval=3045559134 TSecr=2916039352"
"48154","35.281508628","192.168.1.55","192.168.1.2","TCP","1514","8004  >  36458 [ACK] Seq=301374 Ack=144 Win=65024 Len=1448 TSval=2916039362 TSecr=3045559134 [TCP segment of a reassembled PDU]"
"48155","35.281511109","192.168.1.55","192.168.1.2","TCP","1514","8004  >  36458 [ACK] Seq=302822 Ack=144 Win=65024 Len=1448 TSval=2916039362 TSecr=3045559134 [TCP segment of a reassembled PDU]"
"48156","35.281512424","192.168.1.55","192.168.1.2","TCP","1514","8004  >  36458 [ACK] Seq=304270 Ack=144 Win=65024 Len=1448 TSval=2916039362 TSecr=3045559134 [TCP segment of a reassembled PDU]"
"48157","35.281513924","192.168.1.55","192.168.1.2","TCP","1514","8004  >  36458 [ACK] Seq=305718 Ack=144 Win=65024 Len=1448 TSval=2916039362 TSecr=3045559134 [TCP segment of a reassembled PDU]"
"48158","35.281515220","192.168.1.55","192.168.1.2","TCP","1514","8004  >  36458 [ACK] Seq=307166 Ack=144 Win=65024 Len=1448 TSval=2916039362 TSecr=3045559134 [TCP segment of a reassembled PDU]"
"48159","35.281516720","192.168.1.55","192.168.1.2","TCP","1514","8004  >  36458 [ACK] Seq=308614 Ack=144 Win=65024 Len=1448 TSval=2916039362 TSecr=3045559134 [TCP segment of a reassembled PDU]"
"48160","35.281518035","192.168.1.55","192.168.1.2","TCP","1514","8004  >  36458 [ACK] Seq=310062 Ack=144 Win=65024 Len=1448 TSval=2916039362 TSecr=3045559134 [TCP segment of a reassembled PDU]"
"48161","35.281519794","192.168.1.55","192.168.1.2","TCP","1514","8004  >  36458 [ACK] Seq=311510 Ack=144 Win=65024 Len=1448 TSval=2916039362 TSecr=3045559134 [TCP segment of a reassembled PDU]"
"48162","35.281521239","192.168.1.55","192.168.1.2","TCP","1514","8004  >  36458 [ACK] Seq=312958 Ack=144 Win=65024 Len=1448 TSval=2916039362 TSecr=3045559134 [TCP segment of a reassembled PDU]"
"48163","35.281522739","192.168.1.55","192.168.1.2","TCP","1514","8004  >  36458 [ACK] Seq=314406 Ack=144 Win=65024 Len=1448 TSval=2916039362 TSecr=3045559134 [TCP segment of a reassembled PDU]"
"48164","35.281524165","192.168.1.55","192.168.1.2","TCP","1514","8004  >  36458 [ACK] Seq=315854 Ack=144 Win=65024 Len=1448 TSval=2916039362 TSecr=3045559134 [TCP segment of a reassembled PDU]"
"48165","35.281525498","192.168.1.55","192.168.1.2","TCP","1514","8004  >  36458 [ACK] Seq=317302 Ack=144 Win=65024 Len=1448 TSval=2916039362 TSecr=3045559134 [TCP segment of a reassembled PDU]"
"48166","35.281526924","192.168.1.55","192.168.1.2","TCP","1514","8004  >  36458 [ACK] Seq=318750 Ack=144 Win=65024 Len=1448 TSval=2916039362 TSecr=3045559134 [TCP segment of a reassembled PDU]"
"48167","35.281528424","192.168.1.55","192.168.1.2","TCP","1514","8004  >  36458 [ACK] Seq=320198 Ack=144 Win=65024 Len=1448 TSval=2916039362 TSecr=3045559134 [TCP segment of a reassembled PDU]"
"48168","35.281529868","192.168.1.55","192.168.1.2","TCP","1514","8004  >  36458 [ACK] Seq=321646 Ack=144 Win=65024 Len=1448 TSval=2916039362 TSecr=3045559134 [TCP segment of a reassembled PDU]"
"48169","35.281531294","192.168.1.55","192.168.1.2","TCP","1514","8004  >  36458 [ACK] Seq=323094 Ack=144 Win=65024 Len=1448 TSval=2916039362 TSecr=3045559134 [TCP segment of a reassembled PDU]"
"48170","35.281532757","192.168.1.55","192.168.1.2","TCP","1514","8004  >  36458 [ACK] Seq=324542 Ack=144 Win=65024 Len=1448 TSval=2916039362 TSecr=3045559134 [TCP segment of a reassembled PDU]"
"48171","35.281534609","192.168.1.55","192.168.1.2","TCP","1514","8004  >  36458 [ACK] Seq=325990 Ack=144 Win=65024 Len=1448 TSval=2916039362 TSecr=3045559134 [TCP segment of a reassembled PDU]"
"48172","35.281536313","192.168.1.55","192.168.1.2","TCP","1514","8004  >  36458 [ACK] Seq=327438 Ack=144 Win=65024 Len=1448 TSval=2916039362 TSecr=3045559134 [TCP segment of a reassembled PDU]"
"48173","35.281537720","192.168.1.55","192.168.1.2","TCP","1514","8004  >  36458 [ACK] Seq=328886 Ack=144 Win=65024 Len=1448 TSval=2916039362 TSecr=3045559134 [TCP segment of a reassembled PDU]"
"48174","35.281539054","192.168.1.55","192.168.1.2","TCP","1514","8004  >  36458 [ACK] Seq=330334 Ack=144 Win=65024 Len=1448 TSval=2916039362 TSecr=3045559134 [TCP segment of a reassembled PDU]"
"48175","35.281540554","192.168.1.55","192.168.1.2","TCP","1514","8004  >  36458 [ACK] Seq=331782 Ack=144 Win=65024 Len=1448 TSval=2916039362 TSecr=3045559134 [TCP segment of a reassembled PDU]"
"48176","35.281541998","192.168.1.55","192.168.1.2","TCP","1514","8004  >  36458 [ACK] Seq=333230 Ack=144 Win=65024 Len=1448 TSval=2916039362 TSecr=3045559134 [TCP segment of a reassembled PDU]"
"48177","35.281543424","192.168.1.55","192.168.1.2","TCP","1514","8004  >  36458 [ACK] Seq=334678 Ack=144 Win=65024 Len=1448 TSval=2916039362 TSecr=3045559134 [TCP segment of a reassembled PDU]"
"48178","35.281544887","192.168.1.55","192.168.1.2","TCP","1514","8004  >  36458 [ACK] Seq=336126 Ack=144 Win=65024 Len=1448 TSval=2916039362 TSecr=3045559134 [TCP segment of a reassembled PDU]"
"48179","35.281546350","192.168.1.55","192.168.1.2","TCP","1514","8004  >  36458 [ACK] Seq=337574 Ack=144 Win=65024 Len=1448 TSval=2916039362 TSecr=3045559134 [TCP segment of a reassembled PDU]"
"48180","35.281547868","192.168.1.55","192.168.1.2","TCP","1514","8004  >  36458 [ACK] Seq=339022 Ack=144 Win=65024 Len=1448 TSval=2916039362 TSecr=3045559134 [TCP segment of a reassembled PDU]"
"48181","35.281549702","192.168.1.55","192.168.1.2","TCP","1514","8004  >  36458 [ACK] Seq=340470 Ack=144 Win=65024 Len=1448 TSval=2916039362 TSecr=3045559134 [TCP segment of a reassembled PDU]"
"48182","35.281551165","192.168.1.55","192.168.1.2","TCP","1514","8004  >  36458 [ACK] Seq=341918 Ack=144 Win=65024 Len=1448 TSval=2916039362 TSecr=3045559134 [TCP segment of a reassembled PDU]"
"48183","35.281552517","192.168.1.55","192.168.1.2","TCP","1514","8004  >  36458 [ACK] Seq=343366 Ack=144 Win=65024 Len=1448 TSval=2916039362 TSecr=3045559134 [TCP segment of a reassembled PDU]"
"48184","35.281553850","192.168.1.55","192.168.1.2","TCP","1514","8004  >  36458 [PSH, ACK] Seq=344814 Ack=144 Win=65024 Len=1448 TSval=2916039362 TSecr=3045559134 [TCP segment of a reassembled PDU]"
"48185","35.286111857","192.168.1.2","192.168.1.55","TCP","66","36458  >  8004 [ACK] Seq=144 Ack=292390 Win=153600 Len=0 TSval=3045559136 TSecr=2916039358"
"48186","35.286147950","192.168.1.55","192.168.1.2","TCP","1514","8004  >  36458 [ACK] Seq=346262 Ack=144 Win=65024 Len=1448 TSval=2916039366 TSecr=3045559136 [TCP segment of a reassembled PDU]"
"48187","35.286150524","192.168.1.55","192.168.1.2","TCP","1514","8004  >  36458 [ACK] Seq=347710 Ack=144 Win=65024 Len=1448 TSval=2916039366 TSecr=3045559136 [TCP segment of a reassembled PDU]"
"48188","35.286151839","192.168.1.55","192.168.1.2","TCP","1514","8004  >  36458 [ACK] Seq=349158 Ack=144 Win=65024 Len=1448 TSval=2916039366 TSecr=3045559136 [TCP segment of a reassembled PDU]"
"48189","35.286153579","192.168.1.55","192.168.1.2","TCP","1514","8004  >  36458 [ACK] Seq=350606 Ack=144 Win=65024 Len=1448 TSval=2916039366 TSecr=3045559136 [TCP segment of a reassembled PDU]"
"48190","35.286155042","192.168.1.55","192.168.1.2","TCP","1514","8004  >  36458 [ACK] Seq=352054 Ack=144 Win=65024 Len=1448 TSval=2916039366 TSecr=3045559136 [TCP segment of a reassembled PDU]"
"48191","35.286156820","192.168.1.55","192.168.1.2","TCP","1514","8004  >  36458 [ACK] Seq=353502 Ack=144 Win=65024 Len=1448 TSval=2916039366 TSecr=3045559136 [TCP segment of a reassembled PDU]"
"48192","35.286158135","192.168.1.55","192.168.1.2","TCP","1514","8004  >  36458 [ACK] Seq=354950 Ack=144 Win=65024 Len=1448 TSval=2916039366 TSecr=3045559136 [TCP segment of a reassembled PDU]"
"48193","35.286159561","192.168.1.55","192.168.1.2","TCP","1514","8004  >  36458 [ACK] Seq=356398 Ack=144 Win=65024 Len=1448 TSval=2916039366 TSecr=3045559136 [TCP segment of a reassembled PDU]"
"48194","35.286161098","192.168.1.55","192.168.1.2","TCP","1514","8004  >  36458 [ACK] Seq=357846 Ack=144 Win=65024 Len=1448 TSval=2916039366 TSecr=3045559136 [TCP segment of a reassembled PDU]"
"48195","35.286162450","192.168.1.55","192.168.1.2","TCP","1514","8004  >  36458 [ACK] Seq=359294 Ack=144 Win=65024 Len=1448 TSval=2916039366 TSecr=3045559136 [TCP segment of a reassembled PDU]"
"48196","35.286163876","192.168.1.55","192.168.1.2","TCP","1514","8004  >  36458 [ACK] Seq=360742 Ack=144 Win=65024 Len=1448 TSval=2916039366 TSecr=3045559136 [TCP segment of a reassembled PDU]"
"48197","35.286165172","192.168.1.55","192.168.1.2","TCP","1514","8004  >  36458 [ACK] Seq=362190 Ack=144 Win=65024 Len=1448 TSval=2916039366 TSecr=3045559136 [TCP segment of a reassembled PDU]"
"48198","35.286166524","192.168.1.55","192.168.1.2","TCP","1514","8004  >  36458 [ACK] Seq=363638 Ack=144 Win=65024 Len=1448 TSval=2916039366 TSecr=3045559136 [TCP segment of a reassembled PDU]"
"48199","35.286168005","192.168.1.55","192.168.1.2","TCP","1514","8004  >  36458 [ACK] Seq=365086 Ack=144 Win=65024 Len=1448 TSval=2916039366 TSecr=3045559136 [TCP segment of a reassembled PDU]"
"48200","35.286169339","192.168.1.55","192.168.1.2","TCP","1514","8004  >  36458 [ACK] Seq=366534 Ack=144 Win=65024 Len=1448 TSval=2916039366 TSecr=3045559136 [TCP segment of a reassembled PDU]"
"48201","35.286170802","192.168.1.55","192.168.1.2","TCP","1514","8004  >  36458 [ACK] Seq=367982 Ack=144 Win=65024 Len=1448 TSval=2916039366 TSecr=3045559136 [TCP segment of a reassembled PDU]"
"48202","35.286172117","192.168.1.55","192.168.1.2","TCP","1514","8004  >  36458 [ACK] Seq=369430 Ack=144 Win=65024 Len=1448 TSval=2916039366 TSecr=3045559136 [TCP segment of a reassembled PDU]"
"48203","35.286173413","192.168.1.55","192.168.1.2","TCP","1514","8004  >  36458 [ACK] Seq=370878 Ack=144 Win=65024 Len=1448 TSval=2916039366 TSecr=3045559136 [TCP segment of a reassembled PDU]"
"48204","35.286174876","192.168.1.55","192.168.1.2","TCP","1514","8004  >  36458 [ACK] Seq=372326 Ack=144 Win=65024 Len=1448 TSval=2916039366 TSecr=3045559136 [TCP segment of a reassembled PDU]"
"48205","35.286176709","192.168.1.55","192.168.1.2","TCP","1514","8004  >  36458 [ACK] Seq=373774 Ack=144 Win=65024 Len=1448 TSval=2916039366 TSecr=3045559136 [TCP segment of a reassembled PDU]"
"48206","35.286178172","192.168.1.55","192.168.1.2","TCP","1514","8004  >  36458 [ACK] Seq=375222 Ack=144 Win=65024 Len=1448 TSval=2916039366 TSecr=3045559136 [TCP segment of a reassembled PDU]"
"48207","35.286179524","192.168.1.55","192.168.1.2","TCP","1514","8004  >  36458 [ACK] Seq=376670 Ack=144 Win=65024 Len=1448 TSval=2916039366 TSecr=3045559136 [TCP segment of a reassembled PDU]"
"48208","35.286180857","192.168.1.55","192.168.1.2","TCP","1514","8004  >  36458 [ACK] Seq=378118 Ack=144 Win=65024 Len=1448 TSval=2916039366 TSecr=3045559136 [TCP segment of a reassembled PDU]"
"48209","35.286182265","192.168.1.55","192.168.1.2","TCP","1514","8004  >  36458 [ACK] Seq=379566 Ack=144 Win=65024 Len=1448 TSval=2916039366 TSecr=3045559136 [TCP segment of a reassembled PDU]"
"48210","35.286183820","192.168.1.55","192.168.1.2","TCP","1514","8004  >  36458 [ACK] Seq=381014 Ack=144 Win=65024 Len=1448 TSval=2916039366 TSecr=3045559136 [TCP segment of a reassembled PDU]"
"48211","35.286185265","192.168.1.55","192.168.1.2","TCP","1514","8004  >  36458 [ACK] Seq=382462 Ack=144 Win=65024 Len=1448 TSval=2916039366 TSecr=3045559136 [TCP segment of a reassembled PDU]"
"48212","35.286186765","192.168.1.55","192.168.1.2","TCP","1514","8004  >  36458 [ACK] Seq=383910 Ack=144 Win=65024 Len=1448 TSval=2916039366 TSecr=3045559136 [TCP segment of a reassembled PDU]"
"48213","35.286188080","192.168.1.55","192.168.1.2","TCP","1514","8004  >  36458 [ACK] Seq=385358 Ack=144 Win=65024 Len=1448 TSval=2916039366 TSecr=3045559136 [TCP segment of a reassembled PDU]"
"48214","35.286189505","192.168.1.55","192.168.1.2","TCP","1514","8004  >  36458 [ACK] Seq=386806 Ack=144 Win=65024 Len=1448 TSval=2916039366 TSecr=3045559136 [TCP segment of a reassembled PDU]"
"48215","35.286190857","192.168.1.55","192.168.1.2","TCP","1514","8004  >  36458 [ACK] Seq=388254 Ack=144 Win=65024 Len=1448 TSval=2916039366 TSecr=3045559136 [TCP segment of a reassembled PDU]"
"48216","35.286192172","192.168.1.55","192.168.1.2","TCP","1514","8004  >  36458 [PSH, ACK] Seq=389702 Ack=144 Win=65024 Len=1448 TSval=2916039366 TSecr=3045559136 [TCP segment of a reassembled PDU]"
"48217","35.286229839","192.168.1.55","192.168.1.2","TCP","1514","8004  >  36458 [ACK] Seq=391150 Ack=144 Win=65024 Len=1448 TSval=2916039366 TSecr=3045559136 [TCP segment of a reassembled PDU]"
"48218","35.286232135","192.168.1.55","192.168.1.2","TCP","1514","8004  >  36458 [ACK] Seq=392598 Ack=144 Win=65024 Len=1448 TSval=2916039366 TSecr=3045559136 [TCP segment of a reassembled PDU]"
"48219","35.286233524","192.168.1.55","192.168.1.2","TCP","1514","8004  >  36458 [ACK] Seq=394046 Ack=144 Win=65024 Len=1448 TSval=2916039366 TSecr=3045559136 [TCP segment of a reassembled PDU]"
"48220","35.286234913","192.168.1.55","192.168.1.2","TCP","1514","8004  >  36458 [ACK] Seq=395494 Ack=144 Win=65024 Len=1448 TSval=2916039366 TSecr=3045559136 [TCP segment of a reassembled PDU]"
"48221","35.286236209","192.168.1.55","192.168.1.2","TCP","1514","8004  >  36458 [ACK] Seq=396942 Ack=144 Win=65024 Len=1448 TSval=2916039366 TSecr=3045559136 [TCP segment of a reassembled PDU]"
"48222","35.286237580","192.168.1.55","192.168.1.2","TCP","1514","8004  >  36458 [ACK] Seq=398390 Ack=144 Win=65024 Len=1448 TSval=2916039366 TSecr=3045559136 [TCP segment of a reassembled PDU]"
"48223","35.286238876","192.168.1.55","192.168.1.2","TCP","1514","8004  >  36458 [ACK] Seq=399838 Ack=144 Win=65024 Len=1448 TSval=2916039366 TSecr=3045559136 [TCP segment of a reassembled PDU]"
"48224","35.286240283","192.168.1.55","192.168.1.2","TCP","1514","8004  >  36458 [ACK] Seq=401286 Ack=144 Win=65024 Len=1448 TSval=2916039366 TSecr=3045559136 [TCP segment of a reassembled PDU]"
"48225","35.286241598","192.168.1.55","192.168.1.2","TCP","1514","8004  >  36458 [ACK] Seq=402734 Ack=144 Win=65024 Len=1448 TSval=2916039366 TSecr=3045559136 [TCP segment of a reassembled PDU]"
"48226","35.286242969","192.168.1.55","192.168.1.2","TCP","1514","8004  >  36458 [ACK] Seq=404182 Ack=144 Win=65024 Len=1448 TSval=2916039366 TSecr=3045559136 [TCP segment of a reassembled PDU]"
"48227","35.286244450","192.168.1.55","192.168.1.2","TCP","1514","8004  >  36458 [ACK] Seq=405630 Ack=144 Win=65024 Len=1448 TSval=2916039366 TSecr=3045559136 [TCP segment of a reassembled PDU]"
"48228","35.286245876","192.168.1.55","192.168.1.2","TCP","1514","8004  >  36458 [ACK] Seq=407078 Ack=144 Win=65024 Len=1448 TSval=2916039366 TSecr=3045559136 [TCP segment of a reassembled PDU]"
"48229","35.286247469","192.168.1.55","192.168.1.2","TCP","1514","8004  >  36458 [ACK] Seq=408526 Ack=144 Win=65024 Len=1448 TSval=2916039366 TSecr=3045559136 [TCP segment of a reassembled PDU]"
"48230","35.286248783","192.168.1.55","192.168.1.2","TCP","1514","8004  >  36458 [ACK] Seq=409974 Ack=144 Win=65024 Len=1448 TSval=2916039366 TSecr=3045559136 [TCP segment of a reassembled PDU]"
"48231","35.286250283","192.168.1.55","192.168.1.2","TCP","1514","8004  >  36458 [ACK] Seq=411422 Ack=144 Win=65024 Len=1448 TSval=2916039366 TSecr=3045559136 [TCP segment of a reassembled PDU]"
"48232","35.286251820","192.168.1.55","192.168.1.2","TCP","1514","8004  >  36458 [ACK] Seq=412870 Ack=144 Win=65024 Len=1448 TSval=2916039366 TSecr=3045559136 [TCP segment of a reassembled PDU]"
"48233","35.286253154","192.168.1.55","192.168.1.2","TCP","1514","8004  >  36458 [ACK] Seq=414318 Ack=144 Win=65024 Len=1448 TSval=2916039366 TSecr=3045559136 [TCP segment of a reassembled PDU]"
"48234","35.286254450","192.168.1.55","192.168.1.2","TCP","1514","8004  >  36458 [ACK] Seq=415766 Ack=144 Win=65024 Len=1448 TSval=2916039366 TSecr=3045559136 [TCP segment of a reassembled PDU]"
"48235","35.286255765","192.168.1.55","192.168.1.2","TCP","1514","8004  >  36458 [ACK] Seq=417214 Ack=144 Win=65024 Len=1448 TSval=2916039366 TSecr=3045559136 [TCP segment of a reassembled PDU]"
"48236","35.286257135","192.168.1.55","192.168.1.2","TCP","1514","8004  >  36458 [ACK] Seq=418662 Ack=144 Win=65024 Len=1448 TSval=2916039366 TSecr=3045559136 [TCP segment of a reassembled PDU]"
"48237","35.286258543","192.168.1.55","192.168.1.2","TCP","1514","8004  >  36458 [ACK] Seq=420110 Ack=144 Win=65024 Len=1448 TSval=2916039366 TSecr=3045559136 [TCP segment of a reassembled PDU]"
"48238","35.286259950","192.168.1.55","192.168.1.2","TCP","1514","8004  >  36458 [ACK] Seq=421558 Ack=144 Win=65024 Len=1448 TSval=2916039366 TSecr=3045559136 [TCP segment of a reassembled PDU]"
"48239","35.286261413","192.168.1.55","192.168.1.2","TCP","1514","8004  >  36458 [ACK] Seq=423006 Ack=144 Win=65024 Len=1448 TSval=2916039366 TSecr=3045559136 [TCP segment of a reassembled PDU]"
"48240","35.286263024","192.168.1.55","192.168.1.2","TCP","1514","8004  >  36458 [ACK] Seq=424454 Ack=144 Win=65024 Len=1448 TSval=2916039366 TSecr=3045559136 [TCP segment of a reassembled PDU]"
"48241","35.286264320","192.168.1.55","192.168.1.2","TCP","1514","8004  >  36458 [ACK] Seq=425902 Ack=144 Win=65024 Len=1448 TSval=2916039366 TSecr=3045559136 [TCP segment of a reassembled PDU]"
"48242","35.286265746","192.168.1.55","192.168.1.2","TCP","1514","8004  >  36458 [ACK] Seq=427350 Ack=144 Win=65024 Len=1448 TSval=2916039366 TSecr=3045559136 [TCP segment of a reassembled PDU]"
"48243","35.286267117","192.168.1.55","192.168.1.2","TCP","1514","8004  >  36458 [ACK] Seq=428798 Ack=144 Win=65024 Len=1448 TSval=2916039366 TSecr=3045559136 [TCP segment of a reassembled PDU]"
"48244","35.286268487","192.168.1.55","192.168.1.2","TCP","1514","8004  >  36458 [ACK] Seq=430246 Ack=144 Win=65024 Len=1448 TSval=2916039366 TSecr=3045559136 [TCP segment of a reassembled PDU]"
"48245","35.286269987","192.168.1.55","192.168.1.2","TCP","1514","8004  >  36458 [ACK] Seq=431694 Ack=144 Win=65024 Len=1448 TSval=2916039366 TSecr=3045559136 [TCP segment of a reassembled PDU]"
"48246","35.286271339","192.168.1.55","192.168.1.2","TCP","1514","8004  >  36458 [ACK] Seq=433142 Ack=144 Win=65024 Len=1448 TSval=2916039366 TSecr=3045559136 [TCP segment of a reassembled PDU]"
"48247","35.286272765","192.168.1.55","192.168.1.2","TCP","1514","8004  >  36458 [PSH, ACK] Seq=434590 Ack=144 Win=65024 Len=1448 TSval=2916039366 TSecr=3045559136 [TCP segment of a reassembled PDU]"
"48248","35.286340598","192.168.1.2","192.168.1.55","TCP","66","36458  >  8004 [ACK] Seq=144 Ack=295286 Win=151552 Len=0 TSval=3045559136 TSecr=2916039358"
"48249","35.286350191","192.168.1.2","192.168.1.55","TCP","66","36458  >  8004 [ACK] Seq=144 Ack=301078 Win=164864 Len=0 TSval=3045559137 TSecr=2916039358"
"48250","35.286356228","192.168.1.2","192.168.1.55","TCP","66","36458  >  8004 [ACK] Seq=144 Ack=301374 Win=167936 Len=0 TSval=3045559137 TSecr=2916039358"
"48251","35.286425376","192.168.1.2","192.168.1.55","TCP","66","36458  >  8004 [ACK] Seq=144 Ack=336126 Win=172032 Len=0 TSval=3045559140 TSecr=2916039362"
"48252","35.286432561","192.168.1.2","192.168.1.55","TCP","66","36458  >  8004 [ACK] Seq=144 Ack=346262 Win=192512 Len=0 TSval=3045559141 TSecr=2916039362"
"48253","35.286475117","192.168.1.55","192.168.1.2","TCP","1514","8004  >  36458 [ACK] Seq=436038 Ack=144 Win=65024 Len=1448 TSval=2916039367 TSecr=3045559141 [TCP segment of a reassembled PDU]"
"48254","35.286477487","192.168.1.55","192.168.1.2","TCP","1514","8004  >  36458 [ACK] Seq=437486 Ack=144 Win=65024 Len=1448 TSval=2916039367 TSecr=3045559141 [TCP segment of a reassembled PDU]"
"48255","35.286478821","192.168.1.55","192.168.1.2","TCP","1514","8004  >  36458 [ACK] Seq=438934 Ack=144 Win=65024 Len=1448 TSval=2916039367 TSecr=3045559141 [TCP segment of a reassembled PDU]"
"48256","35.286480136","192.168.1.55","192.168.1.2","TCP","1514","8004  >  36458 [ACK] Seq=440382 Ack=144 Win=65024 Len=1448 TSval=2916039367 TSecr=3045559141 [TCP segment of a reassembled PDU]"
"48257","35.286485080","192.168.1.55","192.168.1.2","TCP","1514","8004  >  36458 [ACK] Seq=441830 Ack=144 Win=65024 Len=1448 TSval=2916039367 TSecr=3045559141 [TCP segment of a reassembled PDU]"
"48258","35.286486673","192.168.1.55","192.168.1.2","TCP","1514","8004  >  36458 [ACK] Seq=443278 Ack=144 Win=65024 Len=1448 TSval=2916039367 TSecr=3045559141 [TCP segment of a reassembled PDU]"
"48259","35.286488117","192.168.1.55","192.168.1.2","TCP","1514","8004  >  36458 [ACK] Seq=444726 Ack=144 Win=65024 Len=1448 TSval=2916039367 TSecr=3045559141 [TCP segment of a reassembled PDU]"
"48260","35.286489413","192.168.1.55","192.168.1.2","TCP","1514","8004  >  36458 [ACK] Seq=446174 Ack=144 Win=65024 Len=1448 TSval=2916039367 TSecr=3045559141 [TCP segment of a reassembled PDU]"
"48261","35.286490765","192.168.1.55","192.168.1.2","TCP","1514","8004  >  36458 [ACK] Seq=447622 Ack=144 Win=65024 Len=1448 TSval=2916039367 TSecr=3045559141 [TCP segment of a reassembled PDU]"
"48262","35.286492080","192.168.1.55","192.168.1.2","TCP","1514","8004  >  36458 [ACK] Seq=449070 Ack=144 Win=65024 Len=1448 TSval=2916039367 TSecr=3045559141 [TCP segment of a reassembled PDU]"
"48263","35.286493358","192.168.1.55","192.168.1.2","TCP","1514","8004  >  36458 [ACK] Seq=450518 Ack=144 Win=65024 Len=1448 TSval=2916039367 TSecr=3045559141 [TCP segment of a reassembled PDU]"
"48264","35.286494728","192.168.1.55","192.168.1.2","TCP","1514","8004  >  36458 [ACK] Seq=451966 Ack=144 Win=65024 Len=1448 TSval=2916039367 TSecr=3045559141 [TCP segment of a reassembled PDU]"
"48265","35.286496321","192.168.1.55","192.168.1.2","TCP","1514","8004  >  36458 [ACK] Seq=453414 Ack=144 Win=65024 Len=1448 TSval=2916039367 TSecr=3045559141 [TCP segment of a reassembled PDU]"
"48266","35.286497950","192.168.1.55","192.168.1.2","TCP","1514","8004  >  36458 [ACK] Seq=454862 Ack=144 Win=65024 Len=1448 TSval=2916039367 TSecr=3045559141 [TCP segment of a reassembled PDU]"
"48267","35.286499302","192.168.1.55","192.168.1.2","TCP","1514","8004  >  36458 [ACK] Seq=456310 Ack=144 Win=65024 Len=1448 TSval=2916039367 TSecr=3045559141 [TCP segment of a reassembled PDU]"
"48268","35.286500599","192.168.1.55","192.168.1.2","TCP","1514","8004  >  36458 [ACK] Seq=457758 Ack=144 Win=65024 Len=1448 TSval=2916039367 TSecr=3045559141 [TCP segment of a reassembled PDU]"
"48269","35.286502099","192.168.1.55","192.168.1.2","TCP","1514","8004  >  36458 [ACK] Seq=459206 Ack=144 Win=65024 Len=1448 TSval=2916039367 TSecr=3045559141 [TCP segment of a reassembled PDU]"
"48270","35.286503395","192.168.1.55","192.168.1.2","TCP","1514","8004  >  36458 [ACK] Seq=460654 Ack=144 Win=65024 Len=1448 TSval=2916039367 TSecr=3045559141 [TCP segment of a reassembled PDU]"
"48271","35.286504710","192.168.1.55","192.168.1.2","TCP","1514","8004  >  36458 [ACK] Seq=462102 Ack=144 Win=65024 Len=1448 TSval=2916039367 TSecr=3045559141 [TCP segment of a reassembled PDU]"
"48272","35.286506117","192.168.1.55","192.168.1.2","TCP","1514","8004  >  36458 [ACK] Seq=463550 Ack=144 Win=65024 Len=1448 TSval=2916039367 TSecr=3045559141 [TCP segment of a reassembled PDU]"
"48273","35.286507376","192.168.1.55","192.168.1.2","TCP","1514","8004  >  36458 [ACK] Seq=464998 Ack=144 Win=65024 Len=1448 TSval=2916039367 TSecr=3045559141 [TCP segment of a reassembled PDU]"
"48274","35.286508784","192.168.1.55","192.168.1.2","TCP","1514","8004  >  36458 [ACK] Seq=466446 Ack=144 Win=65024 Len=1448 TSval=2916039367 TSecr=3045559141 [TCP segment of a reassembled PDU]"
"48275","35.286510154","192.168.1.55","192.168.1.2","TCP","1514","8004  >  36458 [ACK] Seq=467894 Ack=144 Win=65024 Len=1448 TSval=2916039367 TSecr=3045559141 [TCP segment of a reassembled PDU]"
"48276","35.286511562","192.168.1.55","192.168.1.2","TCP","1514","8004  >  36458 [ACK] Seq=469342 Ack=144 Win=65024 Len=1448 TSval=2916039367 TSecr=3045559141 [TCP segment of a reassembled PDU]"
"48277","35.286512987","192.168.1.55","192.168.1.2","TCP","1514","8004  >  36458 [ACK] Seq=470790 Ack=144 Win=65024 Len=1448 TSval=2916039367 TSecr=3045559141 [TCP segment of a reassembled PDU]"
"48278","35.286514302","192.168.1.55","192.168.1.2","TCP","1514","8004  >  36458 [ACK] Seq=472238 Ack=144 Win=65024 Len=1448 TSval=2916039367 TSecr=3045559141 [TCP segment of a reassembled PDU]"
"48279","35.286515654","192.168.1.55","192.168.1.2","TCP","1514","8004  >  36458 [ACK] Seq=473686 Ack=144 Win=65024 Len=1448 TSval=2916039367 TSecr=3045559141 [TCP segment of a reassembled PDU]"
"48280","35.286517117","192.168.1.55","192.168.1.2","TCP","1514","8004  >  36458 [ACK] Seq=475134 Ack=144 Win=65024 Len=1448 TSval=2916039367 TSecr=3045559141 [TCP segment of a reassembled PDU]"
"48281","35.286518525","192.168.1.55","192.168.1.2","TCP","1514","8004  >  36458 [ACK] Seq=476582 Ack=144 Win=65024 Len=1448 TSval=2916039367 TSecr=3045559141 [TCP segment of a reassembled PDU]"
"48282","35.286519932","192.168.1.55","192.168.1.2","TCP","1514","8004  >  36458 [ACK] Seq=478030 Ack=144 Win=65024 Len=1448 TSval=2916039367 TSecr=3045559141 [TCP segment of a reassembled PDU]"
"48283","35.286521321","192.168.1.55","192.168.1.2","TCP","1514","8004  >  36458 [PSH, ACK] Seq=479478 Ack=144 Win=65024 Len=1448 TSval=2916039367 TSecr=3045559141 [TCP segment of a reassembled PDU]"
"48284","35.287750508","192.168.1.55","192.168.1.2","TCP","1514","8004  >  36458 [ACK] Seq=480926 Ack=144 Win=65024 Len=1448 TSval=2916039368 TSecr=3045559141 [TCP segment of a reassembled PDU]"
"48285","35.287755934","192.168.1.55","192.168.1.2","TCP","1514","8004  >  36458 [ACK] Seq=482374 Ack=144 Win=65024 Len=1448 TSval=2916039368 TSecr=3045559141 [TCP segment of a reassembled PDU]"
"48286","35.287757360","192.168.1.55","192.168.1.2","TCP","1514","8004  >  36458 [ACK] Seq=483822 Ack=144 Win=65024 Len=1448 TSval=2916039368 TSecr=3045559141 [TCP segment of a reassembled PDU]"
"48287","35.287758841","192.168.1.55","192.168.1.2","TCP","1514","8004  >  36458 [ACK] Seq=485270 Ack=144 Win=65024 Len=1448 TSval=2916039368 TSecr=3045559141 [TCP segment of a reassembled PDU]"
"48288","35.287760082","192.168.1.55","192.168.1.2","TCP","1514","8004  >  36458 [ACK] Seq=486718 Ack=144 Win=65024 Len=1448 TSval=2916039368 TSecr=3045559141 [TCP segment of a reassembled PDU]"
"48289","35.287761397","192.168.1.55","192.168.1.2","TCP","1514","8004  >  36458 [ACK] Seq=488166 Ack=144 Win=65024 Len=1448 TSval=2916039368 TSecr=3045559141 [TCP segment of a reassembled PDU]"
"48290","35.287762804","192.168.1.55","192.168.1.2","TCP","1514","8004  >  36458 [ACK] Seq=489614 Ack=144 Win=65024 Len=1448 TSval=2916039368 TSecr=3045559141 [TCP segment of a reassembled PDU]"
"48291","35.287764119","192.168.1.55","192.168.1.2","TCP","1514","8004  >  36458 [ACK] Seq=491062 Ack=144 Win=65024 Len=1448 TSval=2916039368 TSecr=3045559141 [TCP segment of a reassembled PDU]"
"48292","35.287765508","192.168.1.55","192.168.1.2","TCP","1514","8004  >  36458 [ACK] Seq=492510 Ack=144 Win=65024 Len=1448 TSval=2916039368 TSecr=3045559141 [TCP segment of a reassembled PDU]"
"48293","35.287766915","192.168.1.55","192.168.1.2","TCP","1514","8004  >  36458 [ACK] Seq=493958 Ack=144 Win=65024 Len=1448 TSval=2916039368 TSecr=3045559141 [TCP segment of a reassembled PDU]"
"48294","35.287768360","192.168.1.55","192.168.1.2","TCP","1514","8004  >  36458 [ACK] Seq=495406 Ack=144 Win=65024 Len=1448 TSval=2916039368 TSecr=3045559141 [TCP segment of a reassembled PDU]"
"48295","35.287769878","192.168.1.55","192.168.1.2","TCP","1514","8004  >  36458 [ACK] Seq=496854 Ack=144 Win=65024 Len=1448 TSval=2916039368 TSecr=3045559141 [TCP segment of a reassembled PDU]"
"48296","35.287771712","192.168.1.55","192.168.1.2","HTTP","222","HTTP/1.0 200 OK  (PNG)"
"48297","35.296949189","192.168.1.2","192.168.1.55","TCP","66","36458  >  8004 [ACK] Seq=144 Ack=391150 Win=163840 Len=0 TSval=3045559147 TSecr=2916039366"
"48298","35.297110319","192.168.1.2","192.168.1.55","TCP","66","36458  >  8004 [ACK] Seq=144 Ack=417214 Win=139264 Len=0 TSval=3045559147 TSecr=2916039366"
"48299","35.297141597","192.168.1.2","192.168.1.55","TCP","66","36458  >  8004 [ACK] Seq=144 Ack=436038 Win=188416 Len=0 TSval=3045559151 TSecr=2916039366"
"48300","35.297147930","192.168.1.2","192.168.1.55","TCP","66","36458  >  8004 [ACK] Seq=144 Ack=447622 Win=178176 Len=0 TSval=3045559151 TSecr=2916039367"
"48301","35.298206543","192.168.1.2","192.168.1.55","TCP","66","36458  >  8004 [ACK] Seq=144 Ack=498302 Win=158720 Len=0 TSval=3045559154 TSecr=2916039367"
"48302","35.299704509","192.168.1.2","192.168.1.55","TCP","66","36458  >  8004 [FIN, ACK] Seq=144 Ack=498459 Win=195584 Len=0 TSval=3045559154 TSecr=2916039368"
"48303","35.299737472","192.168.1.55","192.168.1.2","TCP","66","8004  >  36458 [ACK] Seq=498459 Ack=145 Win=65024 Len=0 TSval=2916039380 TSecr=3045559154"
"48304","35.299781361","192.168.1.2","192.168.1.55","TCP","74","36466  >  8004 [SYN] Seq=0 Win=64240 Len=0 MSS=1460 SACK_PERM TSval=3045559154 TSecr=0 WS=1024"
"48305","35.299807805","192.168.1.55","192.168.1.2","TCP","74","8004  >  36466 [SYN, ACK] Seq=0 Ack=1 Win=65160 Len=0 MSS=1460 SACK_PERM TSval=2916039380 TSecr=3045559154 WS=128"
"48306","35.303231033","192.168.1.2","192.168.1.55","TCP","66","36466  >  8004 [ACK] Seq=1 Ack=1 Win=64512 Len=0 TSval=3045559158 TSecr=2916039380"
"48307","35.304288368","192.168.1.2","192.168.1.55","HTTP","206","GET /stego_benchmark.png HTTP/1.1 "
"48308","35.304351423","192.168.1.55","192.168.1.2","TCP","66","8004  >  36466 [ACK] Seq=1 Ack=141 Win=65024 Len=0 TSval=2916039385 TSecr=3045559159"
"48309","35.305109221","192.168.1.55","192.168.1.2","TCP","255","8004  >  36466 [PSH, ACK] Seq=1 Ack=141 Win=65024 Len=189 TSval=2916039385 TSecr=3045559159 [TCP segment of a reassembled PDU]"
"48310","35.305266666","192.168.1.55","192.168.1.2","TCP","1514","8004  >  36466 [ACK] Seq=190 Ack=141 Win=65024 Len=1448 TSval=2916039385 TSecr=3045559159 [TCP segment of a reassembled PDU]"
"48311","35.305274814","192.168.1.55","192.168.1.2","TCP","1514","8004  >  36466 [ACK] Seq=1638 Ack=141 Win=65024 Len=1448 TSval=2916039385 TSecr=3045559159 [TCP segment of a reassembled PDU]"
"48312","35.305276666","192.168.1.55","192.168.1.2","TCP","1514","8004  >  36466 [ACK] Seq=3086 Ack=141 Win=65024 Len=1448 TSval=2916039385 TSecr=3045559159 [TCP segment of a reassembled PDU]"
"48313","35.305277943","192.168.1.55","192.168.1.2","TCP","1514","8004  >  36466 [ACK] Seq=4534 Ack=141 Win=65024 Len=1448 TSval=2916039385 TSecr=3045559159 [TCP segment of a reassembled PDU]"
"48314","35.305279258","192.168.1.55","192.168.1.2","TCP","1514","8004  >  36466 [PSH, ACK] Seq=5982 Ack=141 Win=65024 Len=1448 TSval=2916039385 TSecr=3045559159 [TCP segment of a reassembled PDU]"
"48315","35.305322351","192.168.1.55","192.168.1.2","TCP","1514","8004  >  36466 [ACK] Seq=7430 Ack=141 Win=65024 Len=1448 TSval=2916039385 TSecr=3045559159 [TCP segment of a reassembled PDU]"
"48316","35.305324444","192.168.1.55","192.168.1.2","TCP","1514","8004  >  36466 [ACK] Seq=8878 Ack=141 Win=65024 Len=1448 TSval=2916039385 TSecr=3045559159 [TCP segment of a reassembled PDU]"
"48317","35.305325795","192.168.1.55","192.168.1.2","TCP","1514","8004  >  36466 [ACK] Seq=10326 Ack=141 Win=65024 Len=1448 TSval=2916039385 TSecr=3045559159 [TCP segment of a reassembled PDU]"
"48318","35.305327684","192.168.1.55","192.168.1.2","TCP","1514","8004  >  36466 [PSH, ACK] Seq=11774 Ack=141 Win=65024 Len=1448 TSval=2916039385 TSecr=3045559159 [TCP segment of a reassembled PDU]"
"48319","35.308475486","192.168.1.2","192.168.1.55","TCP","66","36466  >  8004 [ACK] Seq=141 Ack=190 Win=64512 Len=0 TSval=3045559163 TSecr=2916039385"
"48320","35.308510060","192.168.1.55","192.168.1.2","TCP","1514","8004  >  36466 [ACK] Seq=13222 Ack=141 Win=65024 Len=1448 TSval=2916039389 TSecr=3045559163 [TCP segment of a reassembled PDU]"
"48321","35.308514671","192.168.1.55","192.168.1.2","TCP","1514","8004  >  36466 [PSH, ACK] Seq=14670 Ack=141 Win=65024 Len=1448 TSval=2916039389 TSecr=3045559163 [TCP segment of a reassembled PDU]"
"48322","35.308713004","192.168.1.2","192.168.1.55","TCP","66","36466  >  8004 [ACK] Seq=141 Ack=1638 Win=67584 Len=0 TSval=3045559163 TSecr=2916039385"
"48323","35.308722930","192.168.1.2","192.168.1.55","TCP","66","36466  >  8004 [ACK] Seq=141 Ack=7430 Win=79872 Len=0 TSval=3045559164 TSecr=2916039385"
"48324","35.308745986","192.168.1.55","192.168.1.2","TCP","1514","8004  >  36466 [ACK] Seq=16118 Ack=141 Win=65024 Len=1448 TSval=2916039389 TSecr=3045559164 [TCP segment of a reassembled PDU]"
"48325","35.308752393","192.168.1.55","192.168.1.2","TCP","1514","8004  >  36466 [ACK] Seq=17566 Ack=141 Win=65024 Len=1448 TSval=2916039389 TSecr=3045559164 [TCP segment of a reassembled PDU]"
"48326","35.308753671","192.168.1.55","192.168.1.2","TCP","1514","8004  >  36466 [ACK] Seq=19014 Ack=141 Win=65024 Len=1448 TSval=2916039389 TSecr=3045559164 [TCP segment of a reassembled PDU]"
"48327","35.308755430","192.168.1.55","192.168.1.2","TCP","1514","8004  >  36466 [ACK] Seq=20462 Ack=141 Win=65024 Len=1448 TSval=2916039389 TSecr=3045559164 [TCP segment of a reassembled PDU]"
"48328","35.308757116","192.168.1.55","192.168.1.2","TCP","1514","8004  >  36466 [ACK] Seq=21910 Ack=141 Win=65024 Len=1448 TSval=2916039389 TSecr=3045559164 [TCP segment of a reassembled PDU]"
"48329","35.308758579","192.168.1.55","192.168.1.2","TCP","1514","8004  >  36466 [ACK] Seq=23358 Ack=141 Win=65024 Len=1448 TSval=2916039389 TSecr=3045559164 [TCP segment of a reassembled PDU]"
"48330","35.308760819","192.168.1.55","192.168.1.2","TCP","1514","8004  >  36466 [ACK] Seq=24806 Ack=141 Win=65024 Len=1448 TSval=2916039389 TSecr=3045559164 [TCP segment of a reassembled PDU]"
"48331","35.308762856","192.168.1.55","192.168.1.2","TCP","1514","8004  >  36466 [PSH, ACK] Seq=26254 Ack=141 Win=65024 Len=1448 TSval=2916039389 TSecr=3045559164 [TCP segment of a reassembled PDU]"
"48332","35.308773060","192.168.1.2","192.168.1.55","TCP","66","36466  >  8004 [ACK] Seq=141 Ack=13222 Win=76800 Len=0 TSval=3045559164 TSecr=2916039385"
"48333","35.308820245","192.168.1.55","192.168.1.2","TCP","1514","8004  >  36466 [ACK] Seq=27702 Ack=141 Win=65024 Len=1448 TSval=2916039389 TSecr=3045559164 [TCP segment of a reassembled PDU]"
"48334","35.308825245","192.168.1.55","192.168.1.2","TCP","1514","8004  >  36466 [ACK] Seq=29150 Ack=141 Win=65024 Len=1448 TSval=2916039389 TSecr=3045559164 [TCP segment of a reassembled PDU]"
"48335","35.308827097","192.168.1.55","192.168.1.2","TCP","1514","8004  >  36466 [ACK] Seq=30598 Ack=141 Win=65024 Len=1448 TSval=2916039389 TSecr=3045559164 [TCP segment of a reassembled PDU]"
"48336","35.308828505","192.168.1.55","192.168.1.2","TCP","1514","8004  >  36466 [ACK] Seq=32046 Ack=141 Win=65024 Len=1448 TSval=2916039389 TSecr=3045559164 [TCP segment of a reassembled PDU]"
"48337","35.308831931","192.168.1.55","192.168.1.2","TCP","1514","8004  >  36466 [ACK] Seq=33494 Ack=141 Win=65024 Len=1448 TSval=2916039389 TSecr=3045559164 [TCP segment of a reassembled PDU]"
"48338","35.308833319","192.168.1.55","192.168.1.2","TCP","1514","8004  >  36466 [ACK] Seq=34942 Ack=141 Win=65024 Len=1448 TSval=2916039389 TSecr=3045559164 [TCP segment of a reassembled PDU]"
"48339","35.308835264","192.168.1.55","192.168.1.2","TCP","1514","8004  >  36466 [ACK] Seq=36390 Ack=141 Win=65024 Len=1448 TSval=2916039389 TSecr=3045559164 [TCP segment of a reassembled PDU]"
"48340","35.308837116","192.168.1.55","192.168.1.2","TCP","1514","8004  >  36466 [ACK] Seq=37838 Ack=141 Win=65024 Len=1448 TSval=2916039389 TSecr=3045559164 [TCP segment of a reassembled PDU]"
"48341","35.308838764","192.168.1.55","192.168.1.2","TCP","1514","8004  >  36466 [ACK] Seq=39286 Ack=141 Win=65024 Len=1448 TSval=2916039389 TSecr=3045559164 [TCP segment of a reassembled PDU]"
"48342","35.308840468","192.168.1.55","192.168.1.2","TCP","1514","8004  >  36466 [PSH, ACK] Seq=40734 Ack=141 Win=65024 Len=1448 TSval=2916039389 TSecr=3045559164 [TCP segment of a reassembled PDU]"
"48343","35.313255734","192.168.1.2","192.168.1.55","TCP","66","36466  >  8004 [ACK] Seq=141 Ack=16118 Win=84992 Len=0 TSval=3045559167 TSecr=2916039389"
"48344","35.313304364","192.168.1.55","192.168.1.2","TCP","1514","8004  >  36466 [ACK] Seq=42182 Ack=141 Win=65024 Len=1448 TSval=2916039393 TSecr=3045559167 [TCP segment of a reassembled PDU]"
"48345","35.313310679","192.168.1.55","192.168.1.2","TCP","1514","8004  >  36466 [PSH, ACK] Seq=43630 Ack=141 Win=65024 Len=1448 TSval=2916039393 TSecr=3045559167 [TCP segment of a reassembled PDU]"
"48346","35.313617679","192.168.1.2","192.168.1.55","TCP","66","36466  >  8004 [ACK] Seq=141 Ack=27702 Win=76800 Len=0 TSval=3045559167 TSecr=2916039389"
"48347","35.313674624","192.168.1.55","192.168.1.2","TCP","1514","8004  >  36466 [ACK] Seq=45078 Ack=141 Win=65024 Len=1448 TSval=2916039394 TSecr=3045559167 [TCP segment of a reassembled PDU]"
"48348","35.313679290","192.168.1.55","192.168.1.2","TCP","1514","8004  >  36466 [ACK] Seq=46526 Ack=141 Win=65024 Len=1448 TSval=2916039394 TSecr=3045559167 [TCP segment of a reassembled PDU]"
"48349","35.313680531","192.168.1.55","192.168.1.2","TCP","1514","8004  >  36466 [ACK] Seq=47974 Ack=141 Win=65024 Len=1448 TSval=2916039394 TSecr=3045559167 [TCP segment of a reassembled PDU]"
"48350","35.313681624","192.168.1.55","192.168.1.2","TCP","1514","8004  >  36466 [ACK] Seq=49422 Ack=141 Win=65024 Len=1448 TSval=2916039394 TSecr=3045559167 [TCP segment of a reassembled PDU]"
"48351","35.313683142","192.168.1.55","192.168.1.2","TCP","1514","8004  >  36466 [ACK] Seq=50870 Ack=141 Win=65024 Len=1448 TSval=2916039394 TSecr=3045559167 [TCP segment of a reassembled PDU]"
"48352","35.313684068","192.168.1.55","192.168.1.2","TCP","1514","8004  >  36466 [ACK] Seq=52318 Ack=141 Win=65024 Len=1448 TSval=2916039394 TSecr=3045559167 [TCP segment of a reassembled PDU]"
"48353","35.313685235","192.168.1.55","192.168.1.2","TCP","1514","8004  >  36466 [ACK] Seq=53766 Ack=141 Win=65024 Len=1448 TSval=2916039394 TSecr=3045559167 [TCP segment of a reassembled PDU]"
"48354","35.313686216","192.168.1.55","192.168.1.2","TCP","1514","8004  >  36466 [ACK] Seq=55214 Ack=141 Win=65024 Len=1448 TSval=2916039394 TSecr=3045559167 [TCP segment of a reassembled PDU]"
"48355","35.313687198","192.168.1.55","192.168.1.2","TCP","1514","8004  >  36466 [ACK] Seq=56662 Ack=141 Win=65024 Len=1448 TSval=2916039394 TSecr=3045559167 [TCP segment of a reassembled PDU]"
"48356","35.313688401","192.168.1.55","192.168.1.2","TCP","1514","8004  >  36466 [ACK] Seq=58110 Ack=141 Win=65024 Len=1448 TSval=2916039394 TSecr=3045559167 [TCP segment of a reassembled PDU]"
"48357","35.313689698","192.168.1.55","192.168.1.2","TCP","1514","8004  >  36466 [ACK] Seq=59558 Ack=141 Win=65024 Len=1448 TSval=2916039394 TSecr=3045559167 [TCP segment of a reassembled PDU]"
"48358","35.313690994","192.168.1.55","192.168.1.2","TCP","1514","8004  >  36466 [ACK] Seq=61006 Ack=141 Win=65024 Len=1448 TSval=2916039394 TSecr=3045559167 [TCP segment of a reassembled PDU]"
"48359","35.313692235","192.168.1.55","192.168.1.2","TCP","1514","8004  >  36466 [ACK] Seq=62454 Ack=141 Win=65024 Len=1448 TSval=2916039394 TSecr=3045559167 [TCP segment of a reassembled PDU]"
"48360","35.313693401","192.168.1.55","192.168.1.2","TCP","1514","8004  >  36466 [ACK] Seq=63902 Ack=141 Win=65024 Len=1448 TSval=2916039394 TSecr=3045559167 [TCP segment of a reassembled PDU]"
"48361","35.313694790","192.168.1.55","192.168.1.2","TCP","1514","8004  >  36466 [PSH, ACK] Seq=65350 Ack=141 Win=65024 Len=1448 TSval=2916039394 TSecr=3045559167 [TCP segment of a reassembled PDU]"
"48362","35.313703050","192.168.1.2","192.168.1.55","TCP","66","36466  >  8004 [ACK] Seq=141 Ack=34942 Win=69632 Len=0 TSval=3045559167 TSecr=2916039389"
"48363","35.313726105","192.168.1.55","192.168.1.2","TCP","1514","8004  >  36466 [ACK] Seq=66798 Ack=141 Win=65024 Len=1448 TSval=2916039394 TSecr=3045559167 [TCP segment of a reassembled PDU]"
"48364","35.313728457","192.168.1.55","192.168.1.2","TCP","1514","8004  >  36466 [ACK] Seq=68246 Ack=141 Win=65024 Len=1448 TSval=2916039394 TSecr=3045559167 [TCP segment of a reassembled PDU]"
"48365","35.313729531","192.168.1.55","192.168.1.2","TCP","1514","8004  >  36466 [ACK] Seq=69694 Ack=141 Win=65024 Len=1448 TSval=2916039394 TSecr=3045559167 [TCP segment of a reassembled PDU]"
"48366","35.313730901","192.168.1.55","192.168.1.2","TCP","1514","8004  >  36466 [ACK] Seq=71142 Ack=141 Win=65024 Len=1448 TSval=2916039394 TSecr=3045559167 [TCP segment of a reassembled PDU]"
"48367","35.313732161","192.168.1.55","192.168.1.2","TCP","1514","8004  >  36466 [ACK] Seq=72590 Ack=141 Win=65024 Len=1448 TSval=2916039394 TSecr=3045559167 [TCP segment of a reassembled PDU]"
"48368","35.313733309","192.168.1.55","192.168.1.2","TCP","1514","8004  >  36466 [ACK] Seq=74038 Ack=141 Win=65024 Len=1448 TSval=2916039394 TSecr=3045559167 [TCP segment of a reassembled PDU]"
"48369","35.313734624","192.168.1.55","192.168.1.2","TCP","1514","8004  >  36466 [PSH, ACK] Seq=75486 Ack=141 Win=65024 Len=1448 TSval=2916039394 TSecr=3045559167 [TCP segment of a reassembled PDU]"
"48370","35.313744846","192.168.1.2","192.168.1.55","TCP","66","36466  >  8004 [ACK] Seq=141 Ack=42182 Win=79872 Len=0 TSval=3045559168 TSecr=2916039389"
"48371","35.313795883","192.168.1.55","192.168.1.2","TCP","1514","8004  >  36466 [ACK] Seq=76934 Ack=141 Win=65024 Len=1448 TSval=2916039394 TSecr=3045559168 [TCP segment of a reassembled PDU]"
"48372","35.313800087","192.168.1.55","192.168.1.2","TCP","1514","8004  >  36466 [ACK] Seq=78382 Ack=141 Win=65024 Len=1448 TSval=2916039394 TSecr=3045559168 [TCP segment of a reassembled PDU]"
"48373","35.313801587","192.168.1.55","192.168.1.2","TCP","1514","8004  >  36466 [ACK] Seq=79830 Ack=141 Win=65024 Len=1448 TSval=2916039394 TSecr=3045559168 [TCP segment of a reassembled PDU]"
"48374","35.313802568","192.168.1.55","192.168.1.2","TCP","1514","8004  >  36466 [ACK] Seq=81278 Ack=141 Win=65024 Len=1448 TSval=2916039394 TSecr=3045559168 [TCP segment of a reassembled PDU]"
"48375","35.313803679","192.168.1.55","192.168.1.2","TCP","1514","8004  >  36466 [ACK] Seq=82726 Ack=141 Win=65024 Len=1448 TSval=2916039394 TSecr=3045559168 [TCP segment of a reassembled PDU]"
"48376","35.313805198","192.168.1.55","192.168.1.2","TCP","1514","8004  >  36466 [ACK] Seq=84174 Ack=141 Win=65024 Len=1448 TSval=2916039394 TSecr=3045559168 [TCP segment of a reassembled PDU]"
"48377","35.313806735","192.168.1.55","192.168.1.2","TCP","1514","8004  >  36466 [ACK] Seq=85622 Ack=141 Win=65024 Len=1448 TSval=2916039394 TSecr=3045559168 [TCP segment of a reassembled PDU]"
"48378","35.313810476","192.168.1.55","192.168.1.2","TCP","1514","8004  >  36466 [ACK] Seq=87070 Ack=141 Win=65024 Len=1448 TSval=2916039394 TSecr=3045559168 [TCP segment of a reassembled PDU]"
"48379","35.313811902","192.168.1.55","192.168.1.2","TCP","1514","8004  >  36466 [ACK] Seq=88518 Ack=141 Win=65024 Len=1448 TSval=2916039394 TSecr=3045559168 [TCP segment of a reassembled PDU]"
"48380","35.313813402","192.168.1.55","192.168.1.2","TCP","1514","8004  >  36466 [ACK] Seq=89966 Ack=141 Win=65024 Len=1448 TSval=2916039394 TSecr=3045559168 [TCP segment of a reassembled PDU]"
"48381","35.313815346","192.168.1.55","192.168.1.2","TCP","1514","8004  >  36466 [ACK] Seq=91414 Ack=141 Win=65024 Len=1448 TSval=2916039394 TSecr=3045559168 [TCP segment of a reassembled PDU]"
"48382","35.313816513","192.168.1.55","192.168.1.2","TCP","1514","8004  >  36466 [ACK] Seq=92862 Ack=141 Win=65024 Len=1448 TSval=2916039394 TSecr=3045559168 [TCP segment of a reassembled PDU]"
"48383","35.313817790","192.168.1.55","192.168.1.2","TCP","1514","8004  >  36466 [ACK] Seq=94310 Ack=141 Win=65024 Len=1448 TSval=2916039394 TSecr=3045559168 [TCP segment of a reassembled PDU]"
"48384","35.313819105","192.168.1.55","192.168.1.2","TCP","1514","8004  >  36466 [ACK] Seq=95758 Ack=141 Win=65024 Len=1448 TSval=2916039394 TSecr=3045559168 [TCP segment of a reassembled PDU]"
"48385","35.313820661","192.168.1.55","192.168.1.2","TCP","1514","8004  >  36466 [ACK] Seq=97206 Ack=141 Win=65024 Len=1448 TSval=2916039394 TSecr=3045559168 [TCP segment of a reassembled PDU]"
"48386","35.313822402","192.168.1.55","192.168.1.2","TCP","1514","8004  >  36466 [PSH, ACK] Seq=98654 Ack=141 Win=65024 Len=1448 TSval=2916039394 TSecr=3045559168 [TCP segment of a reassembled PDU]"
"48387","35.319232447","192.168.1.2","192.168.1.55","TCP","66","36466  >  8004 [ACK] Seq=141 Ack=45078 Win=82944 Len=0 TSval=3045559173 TSecr=2916039393"
"48388","35.319335614","192.168.1.55","192.168.1.2","TCP","1514","8004  >  36466 [ACK] Seq=100102 Ack=141 Win=65024 Len=1448 TSval=2916039399 TSecr=3045559173 [TCP segment of a reassembled PDU]"
"48389","35.319344022","192.168.1.55","192.168.1.2","TCP","1514","8004  >  36466 [ACK] Seq=101550 Ack=141 Win=65024 Len=1448 TSval=2916039399 TSecr=3045559173 [TCP segment of a reassembled PDU]"
"48390","35.319345336","192.168.1.55","192.168.1.2","TCP","1514","8004  >  36466 [ACK] Seq=102998 Ack=141 Win=65024 Len=1448 TSval=2916039399 TSecr=3045559173 [TCP segment of a reassembled PDU]"
"48391","35.319346318","192.168.1.55","192.168.1.2","TCP","1514","8004  >  36466 [PSH, ACK] Seq=104446 Ack=141 Win=65024 Len=1448 TSval=2916039399 TSecr=3045559173 [TCP segment of a reassembled PDU]"
"48392","35.319429614","192.168.1.2","192.168.1.55","TCP","66","36466  >  8004 [ACK] Seq=141 Ack=66798 Win=68608 Len=0 TSval=3045559173 TSecr=2916039394"
"48393","35.319486707","192.168.1.55","192.168.1.2","TCP","1514","8004  >  36466 [ACK] Seq=105894 Ack=141 Win=65024 Len=1448 TSval=2916039400 TSecr=3045559173 [TCP segment of a reassembled PDU]"
"48394","35.319490559","192.168.1.55","192.168.1.2","TCP","1514","8004  >  36466 [ACK] Seq=107342 Ack=141 Win=65024 Len=1448 TSval=2916039400 TSecr=3045559173 [TCP segment of a reassembled PDU]"
"48395","35.319492114","192.168.1.55","192.168.1.2","TCP","1514","8004  >  36466 [ACK] Seq=108790 Ack=141 Win=65024 Len=1448 TSval=2916039400 TSecr=3045559173 [TCP segment of a reassembled PDU]"
"48396","35.319493707","192.168.1.55","192.168.1.2","TCP","1514","8004  >  36466 [ACK] Seq=110238 Ack=141 Win=65024 Len=1448 TSval=2916039400 TSecr=3045559173 [TCP segment of a reassembled PDU]"
"48397","35.319495485","192.168.1.55","192.168.1.2","TCP","1514","8004  >  36466 [ACK] Seq=111686 Ack=141 Win=65024 Len=1448 TSval=2916039400 TSecr=3045559173 [TCP segment of a reassembled PDU]"
"48398","35.319496725","192.168.1.55","192.168.1.2","TCP","1514","8004  >  36466 [ACK] Seq=113134 Ack=141 Win=65024 Len=1448 TSval=2916039400 TSecr=3045559173 [TCP segment of a reassembled PDU]"
"48399","35.319497911","192.168.1.55","192.168.1.2","TCP","1514","8004  >  36466 [ACK] Seq=114582 Ack=141 Win=65024 Len=1448 TSval=2916039400 TSecr=3045559173 [TCP segment of a reassembled PDU]"
"48400","35.319498892","192.168.1.55","192.168.1.2","TCP","1514","8004  >  36466 [ACK] Seq=116030 Ack=141 Win=65024 Len=1448 TSval=2916039400 TSecr=3045559173 [TCP segment of a reassembled PDU]"
"48401","35.319500022","192.168.1.55","192.168.1.2","TCP","1514","8004  >  36466 [PSH, ACK] Seq=117478 Ack=141 Win=65024 Len=1448 TSval=2916039400 TSecr=3045559173 [TCP segment of a reassembled PDU]"
"48402","35.319511392","192.168.1.2","192.168.1.55","TCP","66","36466  >  8004 [ACK] Seq=141 Ack=76934 Win=78848 Len=0 TSval=3045559174 TSecr=2916039394"
"48403","35.319567800","192.168.1.55","192.168.1.2","TCP","1514","8004  >  36466 [ACK] Seq=118926 Ack=141 Win=65024 Len=1448 TSval=2916039400 TSecr=3045559174 [TCP segment of a reassembled PDU]"
"48404","35.319571522","192.168.1.55","192.168.1.2","TCP","1514","8004  >  36466 [ACK] Seq=120374 Ack=141 Win=65024 Len=1448 TSval=2916039400 TSecr=3045559174 [TCP segment of a reassembled PDU]"
"48405","35.319573077","192.168.1.55","192.168.1.2","TCP","1514","8004  >  36466 [ACK] Seq=121822 Ack=141 Win=65024 Len=1448 TSval=2916039400 TSecr=3045559174 [TCP segment of a reassembled PDU]"
"48406","35.319574114","192.168.1.55","192.168.1.2","TCP","1514","8004  >  36466 [ACK] Seq=123270 Ack=141 Win=65024 Len=1448 TSval=2916039400 TSecr=3045559174 [TCP segment of a reassembled PDU]"
"48407","35.319575485","192.168.1.55","192.168.1.2","TCP","1514","8004  >  36466 [ACK] Seq=124718 Ack=141 Win=65024 Len=1448 TSval=2916039400 TSecr=3045559174 [TCP segment of a reassembled PDU]"
"48408","35.319576911","192.168.1.55","192.168.1.2","TCP","1514","8004  >  36466 [ACK] Seq=126166 Ack=141 Win=65024 Len=1448 TSval=2916039400 TSecr=3045559174 [TCP segment of a reassembled PDU]"
"48409","35.319579281","192.168.1.55","192.168.1.2","TCP","1514","8004  >  36466 [ACK] Seq=127614 Ack=141 Win=65024 Len=1448 TSval=2916039400 TSecr=3045559174 [TCP segment of a reassembled PDU]"
"48410","35.319580503","192.168.1.55","192.168.1.2","TCP","1514","8004  >  36466 [ACK] Seq=129062 Ack=141 Win=65024 Len=1448 TSval=2916039400 TSecr=3045559174 [TCP segment of a reassembled PDU]"
"48411","35.319581800","192.168.1.55","192.168.1.2","TCP","1514","8004  >  36466 [ACK] Seq=130510 Ack=141 Win=65024 Len=1448 TSval=2916039400 TSecr=3045559174 [TCP segment of a reassembled PDU]"
"48412","35.319583652","192.168.1.55","192.168.1.2","TCP","1514","8004  >  36466 [ACK] Seq=131958 Ack=141 Win=65024 Len=1448 TSval=2916039400 TSecr=3045559174 [TCP segment of a reassembled PDU]"
"48413","35.319585170","192.168.1.55","192.168.1.2","TCP","1514","8004  >  36466 [ACK] Seq=133406 Ack=141 Win=65024 Len=1448 TSval=2916039400 TSecr=3045559174 [TCP segment of a reassembled PDU]"
"48414","35.319586429","192.168.1.55","192.168.1.2","TCP","1514","8004  >  36466 [ACK] Seq=134854 Ack=141 Win=65024 Len=1448 TSval=2916039400 TSecr=3045559174 [TCP segment of a reassembled PDU]"
"48415","35.319587652","192.168.1.55","192.168.1.2","TCP","1514","8004  >  36466 [ACK] Seq=136302 Ack=141 Win=65024 Len=1448 TSval=2916039400 TSecr=3045559174 [TCP segment of a reassembled PDU]"
"48416","35.319589392","192.168.1.55","192.168.1.2","TCP","1514","8004  >  36466 [ACK] Seq=137750 Ack=141 Win=65024 Len=1448 TSval=2916039400 TSecr=3045559174 [TCP segment of a reassembled PDU]"
"48417","35.319591874","192.168.1.55","192.168.1.2","TCP","1514","8004  >  36466 [ACK] Seq=139198 Ack=141 Win=65024 Len=1448 TSval=2916039400 TSecr=3045559174 [TCP segment of a reassembled PDU]"
"48418","35.319593911","192.168.1.55","192.168.1.2","TCP","1514","8004  >  36466 [ACK] Seq=140646 Ack=141 Win=65024 Len=1448 TSval=2916039400 TSecr=3045559174 [TCP segment of a reassembled PDU]"
"48419","35.319595096","192.168.1.55","192.168.1.2","TCP","1514","8004  >  36466 [ACK] Seq=142094 Ack=141 Win=65024 Len=1448 TSval=2916039400 TSecr=3045559174 [TCP segment of a reassembled PDU]"
"48420","35.319596300","192.168.1.55","192.168.1.2","TCP","1514","8004  >  36466 [ACK] Seq=143542 Ack=141 Win=65024 Len=1448 TSval=2916039400 TSecr=3045559174 [TCP segment of a reassembled PDU]"
"48421","35.319597689","192.168.1.55","192.168.1.2","TCP","1514","8004  >  36466 [ACK] Seq=144990 Ack=141 Win=65024 Len=1448 TSval=2916039400 TSecr=3045559174 [TCP segment of a reassembled PDU]"
"48422","35.319599985","192.168.1.55","192.168.1.2","TCP","1514","8004  >  36466 [ACK] Seq=146438 Ack=141 Win=65024 Len=1448 TSval=2916039400 TSecr=3045559174 [TCP segment of a reassembled PDU]"
"48423","35.319601429","192.168.1.55","192.168.1.2","TCP","1514","8004  >  36466 [ACK] Seq=147886 Ack=141 Win=65024 Len=1448 TSval=2916039400 TSecr=3045559174 [TCP segment of a reassembled PDU]"
"48424","35.319602559","192.168.1.55","192.168.1.2","TCP","1514","8004  >  36466 [ACK] Seq=149334 Ack=141 Win=65024 Len=1448 TSval=2916039400 TSecr=3045559174 [TCP segment of a reassembled PDU]"
"48425","35.319603874","192.168.1.55","192.168.1.2","TCP","1514","8004  >  36466 [ACK] Seq=150782 Ack=141 Win=65024 Len=1448 TSval=2916039400 TSecr=3045559174 [TCP segment of a reassembled PDU]"
"48426","35.319605707","192.168.1.55","192.168.1.2","TCP","1514","8004  >  36466 [ACK] Seq=152230 Ack=141 Win=65024 Len=1448 TSval=2916039400 TSecr=3045559174 [TCP segment of a reassembled PDU]"
"48427","35.319607726","192.168.1.55","192.168.1.2","TCP","1514","8004  >  36466 [ACK] Seq=153678 Ack=141 Win=65024 Len=1448 TSval=2916039400 TSecr=3045559174 [TCP segment of a reassembled PDU]"
"48428","35.319609281","192.168.1.55","192.168.1.2","TCP","722","[TCP Window Full] 8004  >  36466 [PSH, ACK] Seq=155126 Ack=141 Win=65024 Len=656 TSval=2916039400 TSecr=3045559174 [TCP segment of a reassembled PDU]"
"48429","35.319612911","192.168.1.2","192.168.1.55","TCP","66","36466  >  8004 [ACK] Seq=141 Ack=100102 Win=65536 Len=0 TSval=3045559174 TSecr=2916039394"
"48430","35.319682892","192.168.1.55","192.168.1.2","TCP","1514","8004  >  36466 [ACK] Seq=155782 Ack=141 Win=65024 Len=1448 TSval=2916039400 TSecr=3045559174 [TCP segment of a reassembled PDU]"
"48431","35.319688411","192.168.1.55","192.168.1.2","TCP","1514","8004  >  36466 [ACK] Seq=157230 Ack=141 Win=65024 Len=1448 TSval=2916039400 TSecr=3045559174 [TCP segment of a reassembled PDU]"
"48432","35.319690689","192.168.1.55","192.168.1.2","TCP","1514","8004  >  36466 [PSH, ACK] Seq=158678 Ack=141 Win=65024 Len=1448 TSval=2916039400 TSecr=3045559174 [TCP segment of a reassembled PDU]"
"48433","35.319702374","192.168.1.55","192.168.1.2","TCP","858","8004  >  36466 [ACK] Seq=160126 Ack=141 Win=65024 Len=792 TSval=2916039400 TSecr=3045559174 [TCP segment of a reassembled PDU]"
"48434","35.319713430","192.168.1.55","192.168.1.2","TCP","1514","8004  >  36466 [ACK] Seq=160918 Ack=141 Win=65024 Len=1448 TSval=2916039400 TSecr=3045559174 [TCP segment of a reassembled PDU]"
"48435","35.319714559","192.168.1.55","192.168.1.2","TCP","1514","8004  >  36466 [ACK] Seq=162366 Ack=141 Win=65024 Len=1448 TSval=2916039400 TSecr=3045559174 [TCP segment of a reassembled PDU]"
"48436","35.319715578","192.168.1.55","192.168.1.2","TCP","1514","8004  >  36466 [PSH, ACK] Seq=163814 Ack=141 Win=65024 Len=1448 TSval=2916039400 TSecr=3045559174 [TCP segment of a reassembled PDU]"
"48437","35.326210514","192.168.1.2","192.168.1.55","TCP","66","36466  >  8004 [ACK] Seq=141 Ack=105894 Win=79872 Len=0 TSval=3045559179 TSecr=2916039399"
"48438","35.326308940","192.168.1.55","192.168.1.2","TCP","1514","8004  >  36466 [ACK] Seq=165262 Ack=141 Win=65024 Len=1448 TSval=2916039406 TSecr=3045559179 [TCP segment of a reassembled PDU]"
"48439","35.326316107","192.168.1.55","192.168.1.2","TCP","1514","8004  >  36466 [ACK] Seq=166710 Ack=141 Win=65024 Len=1448 TSval=2916039406 TSecr=3045559179 [TCP segment of a reassembled PDU]"
"48440","35.326317236","192.168.1.55","192.168.1.2","TCP","1514","8004  >  36466 [ACK] Seq=168158 Ack=141 Win=65024 Len=1448 TSval=2916039406 TSecr=3045559179 [TCP segment of a reassembled PDU]"
"48441","35.326318347","192.168.1.55","192.168.1.2","TCP","1514","8004  >  36466 [ACK] Seq=169606 Ack=141 Win=65024 Len=1448 TSval=2916039406 TSecr=3045559179 [TCP segment of a reassembled PDU]"
"48442","35.326320236","192.168.1.55","192.168.1.2","TCP","1514","8004  >  36466 [ACK] Seq=171054 Ack=141 Win=65024 Len=1448 TSval=2916039406 TSecr=3045559179 [TCP segment of a reassembled PDU]"
"48443","35.326322940","192.168.1.55","192.168.1.2","TCP","1514","8004  >  36466 [ACK] Seq=172502 Ack=141 Win=65024 Len=1448 TSval=2916039406 TSecr=3045559179 [TCP segment of a reassembled PDU]"
"48444","35.326324144","192.168.1.55","192.168.1.2","TCP","1514","8004  >  36466 [ACK] Seq=173950 Ack=141 Win=65024 Len=1448 TSval=2916039406 TSecr=3045559179 [TCP segment of a reassembled PDU]"
"48445","35.326331329","192.168.1.55","192.168.1.2","TCP","1514","8004  >  36466 [ACK] Seq=175398 Ack=141 Win=65024 Len=1448 TSval=2916039406 TSecr=3045559179 [TCP segment of a reassembled PDU]"
"48446","35.326333144","192.168.1.55","192.168.1.2","TCP","1514","8004  >  36466 [ACK] Seq=176846 Ack=141 Win=65024 Len=1448 TSval=2916039406 TSecr=3045559179 [TCP segment of a reassembled PDU]"
"48447","35.326334755","192.168.1.55","192.168.1.2","TCP","1514","8004  >  36466 [ACK] Seq=178294 Ack=141 Win=65024 Len=1448 TSval=2916039406 TSecr=3045559179 [TCP segment of a reassembled PDU]"
"48448","35.326336199","192.168.1.55","192.168.1.2","TCP","1514","8004  >  36466 [ACK] Seq=179742 Ack=141 Win=65024 Len=1448 TSval=2916039406 TSecr=3045559179 [TCP segment of a reassembled PDU]"
"48449","35.326337533","192.168.1.55","192.168.1.2","TCP","1514","8004  >  36466 [ACK] Seq=181190 Ack=141 Win=65024 Len=1448 TSval=2916039406 TSecr=3045559179 [TCP segment of a reassembled PDU]"
"48450","35.326339348","192.168.1.55","192.168.1.2","TCP","1514","8004  >  36466 [ACK] Seq=182638 Ack=141 Win=65024 Len=1448 TSval=2916039406 TSecr=3045559179 [TCP segment of a reassembled PDU]"
"48451","35.326340348","192.168.1.55","192.168.1.2","TCP","1514","8004  >  36466 [PSH, ACK] Seq=184086 Ack=141 Win=65024 Len=1448 TSval=2916039406 TSecr=3045559179 [TCP segment of a reassembled PDU]"
"48452","35.326427311","192.168.1.2","192.168.1.55","TCP","66","36466  >  8004 [ACK] Seq=141 Ack=118926 Win=99328 Len=0 TSval=3045559179 TSecr=2916039400"
"48453","35.326462440","192.168.1.55","192.168.1.2","TCP","1514","8004  >  36466 [ACK] Seq=185534 Ack=141 Win=65024 Len=1448 TSval=2916039407 TSecr=3045559179 [TCP segment of a reassembled PDU]"
"48454","35.326464014","192.168.1.55","192.168.1.2","TCP","1514","8004  >  36466 [ACK] Seq=186982 Ack=141 Win=65024 Len=1448 TSval=2916039407 TSecr=3045559179 [TCP segment of a reassembled PDU]"
"48455","35.326465440","192.168.1.55","192.168.1.2","TCP","1514","8004  >  36466 [ACK] Seq=188430 Ack=141 Win=65024 Len=1448 TSval=2916039407 TSecr=3045559179 [TCP segment of a reassembled PDU]"
"48456","35.326466996","192.168.1.55","192.168.1.2","TCP","1514","8004  >  36466 [ACK] Seq=189878 Ack=141 Win=65024 Len=1448 TSval=2916039407 TSecr=3045559179 [TCP segment of a reassembled PDU]"
"48457","35.326468626","192.168.1.55","192.168.1.2","TCP","1514","8004  >  36466 [ACK] Seq=191326 Ack=141 Win=65024 Len=1448 TSval=2916039407 TSecr=3045559179 [TCP segment of a reassembled PDU]"
"48458","35.326470533","192.168.1.55","192.168.1.2","TCP","1514","8004  >  36466 [ACK] Seq=192774 Ack=141 Win=65024 Len=1448 TSval=2916039407 TSecr=3045559179 [TCP segment of a reassembled PDU]"
"48459","35.326471885","192.168.1.55","192.168.1.2","TCP","1514","8004  >  36466 [ACK] Seq=194222 Ack=141 Win=65024 Len=1448 TSval=2916039407 TSecr=3045559179 [TCP segment of a reassembled PDU]"
"48460","35.326473237","192.168.1.55","192.168.1.2","TCP","1514","8004  >  36466 [ACK] Seq=195670 Ack=141 Win=65024 Len=1448 TSval=2916039407 TSecr=3045559179 [TCP segment of a reassembled PDU]"
"48461","35.326474255","192.168.1.55","192.168.1.2","TCP","1514","8004  >  36466 [ACK] Seq=197118 Ack=141 Win=65024 Len=1448 TSval=2916039407 TSecr=3045559179 [TCP segment of a reassembled PDU]"
"48462","35.326475440","192.168.1.55","192.168.1.2","TCP","1514","8004  >  36466 [ACK] Seq=198566 Ack=141 Win=65024 Len=1448 TSval=2916039407 TSecr=3045559179 [TCP segment of a reassembled PDU]"
"48463","35.326476977","192.168.1.55","192.168.1.2","TCP","1514","8004  >  36466 [ACK] Seq=200014 Ack=141 Win=65024 Len=1448 TSval=2916039407 TSecr=3045559179 [TCP segment of a reassembled PDU]"
"48464","35.326478570","192.168.1.55","192.168.1.2","TCP","1514","8004  >  36466 [PSH, ACK] Seq=201462 Ack=141 Win=65024 Len=1448 TSval=2916039407 TSecr=3045559179 [TCP segment of a reassembled PDU]"
"48465","35.326484496","192.168.1.2","192.168.1.55","TCP","66","36466  >  8004 [ACK] Seq=141 Ack=155782 Win=88064 Len=0 TSval=3045559180 TSecr=2916039400"
"48466","35.326560385","192.168.1.55","192.168.1.2","TCP","1514","8004  >  36466 [ACK] Seq=202910 Ack=141 Win=65024 Len=1448 TSval=2916039407 TSecr=3045559180 [TCP segment of a reassembled PDU]"
"48467","35.326563218","192.168.1.55","192.168.1.2","TCP","1514","8004  >  36466 [ACK] Seq=204358 Ack=141 Win=65024 Len=1448 TSval=2916039407 TSecr=3045559180 [TCP segment of a reassembled PDU]"
"48468","35.326564663","192.168.1.55","192.168.1.2","TCP","1514","8004  >  36466 [ACK] Seq=205806 Ack=141 Win=65024 Len=1448 TSval=2916039407 TSecr=3045559180 [TCP segment of a reassembled PDU]"
"48469","35.326566311","192.168.1.55","192.168.1.2","TCP","1514","8004  >  36466 [ACK] Seq=207254 Ack=141 Win=65024 Len=1448 TSval=2916039407 TSecr=3045559180 [TCP segment of a reassembled PDU]"
"48470","35.326567755","192.168.1.55","192.168.1.2","TCP","1514","8004  >  36466 [ACK] Seq=208702 Ack=141 Win=65024 Len=1448 TSval=2916039407 TSecr=3045559180 [TCP segment of a reassembled PDU]"
"48471","35.326569070","192.168.1.55","192.168.1.2","TCP","1514","8004  >  36466 [ACK] Seq=210150 Ack=141 Win=65024 Len=1448 TSval=2916039407 TSecr=3045559180 [TCP segment of a reassembled PDU]"
"48472","35.326570292","192.168.1.55","192.168.1.2","TCP","1514","8004  >  36466 [ACK] Seq=211598 Ack=141 Win=65024 Len=1448 TSval=2916039407 TSecr=3045559180 [TCP segment of a reassembled PDU]"
"48473","35.326571774","192.168.1.55","192.168.1.2","TCP","1514","8004  >  36466 [ACK] Seq=213046 Ack=141 Win=65024 Len=1448 TSval=2916039407 TSecr=3045559180 [TCP segment of a reassembled PDU]"
"48474","35.326572959","192.168.1.55","192.168.1.2","TCP","1514","8004  >  36466 [ACK] Seq=214494 Ack=141 Win=65024 Len=1448 TSval=2916039407 TSecr=3045559180 [TCP segment of a reassembled PDU]"
"48475","35.326574126","192.168.1.55","192.168.1.2","TCP","1514","8004  >  36466 [ACK] Seq=215942 Ack=141 Win=65024 Len=1448 TSval=2916039407 TSecr=3045559180 [TCP segment of a reassembled PDU]"
"48476","35.326575478","192.168.1.55","192.168.1.2","TCP","1514","8004  >  36466 [ACK] Seq=217390 Ack=141 Win=65024 Len=1448 TSval=2916039407 TSecr=3045559180 [TCP segment of a reassembled PDU]"
"48477","35.326577200","192.168.1.55","192.168.1.2","TCP","1514","8004  >  36466 [ACK] Seq=218838 Ack=141 Win=65024 Len=1448 TSval=2916039407 TSecr=3045559180 [TCP segment of a reassembled PDU]"
"48478","35.326578385","192.168.1.55","192.168.1.2","TCP","1514","8004  >  36466 [ACK] Seq=220286 Ack=141 Win=65024 Len=1448 TSval=2916039407 TSecr=3045559180 [TCP segment of a reassembled PDU]"
"48479","35.326579663","192.168.1.55","192.168.1.2","TCP","1514","8004  >  36466 [ACK] Seq=221734 Ack=141 Win=65024 Len=1448 TSval=2916039407 TSecr=3045559180 [TCP segment of a reassembled PDU]"
"48480","35.326580866","192.168.1.55","192.168.1.2","TCP","1514","8004  >  36466 [ACK] Seq=223182 Ack=141 Win=65024 Len=1448 TSval=2916039407 TSecr=3045559180 [TCP segment of a reassembled PDU]"
"48481","35.326582329","192.168.1.55","192.168.1.2","TCP","1514","8004  >  36466 [ACK] Seq=224630 Ack=141 Win=65024 Len=1448 TSval=2916039407 TSecr=3045559180 [TCP segment of a reassembled PDU]"
"48482","35.326583644","192.168.1.55","192.168.1.2","TCP","1514","8004  >  36466 [ACK] Seq=226078 Ack=141 Win=65024 Len=1448 TSval=2916039407 TSecr=3045559180 [TCP segment of a reassembled PDU]"
"48483","35.326584885","192.168.1.55","192.168.1.2","TCP","1514","8004  >  36466 [ACK] Seq=227526 Ack=141 Win=65024 Len=1448 TSval=2916039407 TSecr=3045559180 [TCP segment of a reassembled PDU]"
"48484","35.326586348","192.168.1.55","192.168.1.2","TCP","1514","8004  >  36466 [ACK] Seq=228974 Ack=141 Win=65024 Len=1448 TSval=2916039407 TSecr=3045559180 [TCP segment of a reassembled PDU]"
"48485","35.326587441","192.168.1.55","192.168.1.2","TCP","1514","8004  >  36466 [ACK] Seq=230422 Ack=141 Win=65024 Len=1448 TSval=2916039407 TSecr=3045559180 [TCP segment of a reassembled PDU]"
"48486","35.326588922","192.168.1.55","192.168.1.2","TCP","1514","8004  >  36466 [ACK] Seq=231870 Ack=141 Win=65024 Len=1448 TSval=2916039407 TSecr=3045559180 [TCP segment of a reassembled PDU]"
"48487","35.326590700","192.168.1.55","192.168.1.2","TCP","1514","8004  >  36466 [ACK] Seq=233318 Ack=141 Win=65024 Len=1448 TSval=2916039407 TSecr=3045559180 [TCP segment of a reassembled PDU]"
"48488","35.326592552","192.168.1.55","192.168.1.2","TCP","1514","8004  >  36466 [ACK] Seq=234766 Ack=141 Win=65024 Len=1448 TSval=2916039407 TSecr=3045559180 [TCP segment of a reassembled PDU]"
"48489","35.326594015","192.168.1.55","192.168.1.2","TCP","1514","8004  >  36466 [ACK] Seq=236214 Ack=141 Win=65024 Len=1448 TSval=2916039407 TSecr=3045559180 [TCP segment of a reassembled PDU]"
"48490","35.326595070","192.168.1.55","192.168.1.2","TCP","1514","8004  >  36466 [ACK] Seq=237662 Ack=141 Win=65024 Len=1448 TSval=2916039407 TSecr=3045559180 [TCP segment of a reassembled PDU]"
"48491","35.326596663","192.168.1.55","192.168.1.2","TCP","1514","8004  >  36466 [ACK] Seq=239110 Ack=141 Win=65024 Len=1448 TSval=2916039407 TSecr=3045559180 [TCP segment of a reassembled PDU]"
"48492","35.326597792","192.168.1.55","192.168.1.2","TCP","1514","8004  >  36466 [ACK] Seq=240558 Ack=141 Win=65024 Len=1448 TSval=2916039407 TSecr=3045559180 [TCP segment of a reassembled PDU]"
"48493","35.326599237","192.168.1.55","192.168.1.2","TCP","1514","8004  >  36466 [PSH, ACK] Seq=242006 Ack=141 Win=65024 Len=1448 TSval=2916039407 TSecr=3045559180 [TCP segment of a reassembled PDU]"
"48494","35.332370802","192.168.1.2","192.168.1.55","TCP","66","36466  >  8004 [ACK] Seq=141 Ack=160126 Win=104448 Len=0 TSval=3045559182 TSecr=2916039400"
"48495","35.332395561","192.168.1.55","192.168.1.2","TCP","1514","8004  >  36466 [ACK] Seq=243454 Ack=141 Win=65024 Len=1448 TSval=2916039413 TSecr=3045559182 [TCP segment of a reassembled PDU]"
"48496","35.332525135","192.168.1.2","192.168.1.55","TCP","66","36466  >  8004 [ACK] Seq=141 Ack=165262 Win=109568 Len=0 TSval=3045559182 TSecr=2916039400"
"48497","35.334845861","192.168.1.2","192.168.1.55","TCP","66","36466  >  8004 [ACK] Seq=141 Ack=185534 Win=102400 Len=0 TSval=3045559188 TSecr=2916039406"
"48498","35.334890806","192.168.1.55","192.168.1.2","TCP","1514","8004  >  36466 [ACK] Seq=244902 Ack=141 Win=65024 Len=1448 TSval=2916039415 TSecr=3045559188 [TCP segment of a reassembled PDU]"
"48499","35.334893935","192.168.1.55","192.168.1.2","TCP","1514","8004  >  36466 [ACK] Seq=246350 Ack=141 Win=65024 Len=1448 TSval=2916039415 TSecr=3045559188 [TCP segment of a reassembled PDU]"
"48500","35.334895046","192.168.1.55","192.168.1.2","TCP","1514","8004  >  36466 [ACK] Seq=247798 Ack=141 Win=65024 Len=1448 TSval=2916039415 TSecr=3045559188 [TCP segment of a reassembled PDU]"
"48501","35.334896028","192.168.1.55","192.168.1.2","TCP","1514","8004  >  36466 [ACK] Seq=249246 Ack=141 Win=65024 Len=1448 TSval=2916039415 TSecr=3045559188 [TCP segment of a reassembled PDU]"
"48502","35.334897046","192.168.1.55","192.168.1.2","TCP","1514","8004  >  36466 [ACK] Seq=250694 Ack=141 Win=65024 Len=1448 TSval=2916039415 TSecr=3045559188 [TCP segment of a reassembled PDU]"
"48503","35.334898120","192.168.1.55","192.168.1.2","TCP","1514","8004  >  36466 [ACK] Seq=252142 Ack=141 Win=65024 Len=1448 TSval=2916039415 TSecr=3045559188 [TCP segment of a reassembled PDU]"
"48504","35.334899158","192.168.1.55","192.168.1.2","TCP","1514","8004  >  36466 [ACK] Seq=253590 Ack=141 Win=65024 Len=1448 TSval=2916039415 TSecr=3045559188 [TCP segment of a reassembled PDU]"
"48505","35.334900250","192.168.1.55","192.168.1.2","TCP","1514","8004  >  36466 [ACK] Seq=255038 Ack=141 Win=65024 Len=1448 TSval=2916039415 TSecr=3045559188 [TCP segment of a reassembled PDU]"
"48506","35.334901287","192.168.1.55","192.168.1.2","TCP","1514","8004  >  36466 [ACK] Seq=256486 Ack=141 Win=65024 Len=1448 TSval=2916039415 TSecr=3045559188 [TCP segment of a reassembled PDU]"
"48507","35.334902287","192.168.1.55","192.168.1.2","TCP","1514","8004  >  36466 [ACK] Seq=257934 Ack=141 Win=65024 Len=1448 TSval=2916039415 TSecr=3045559188 [TCP segment of a reassembled PDU]"
"48508","35.334903472","192.168.1.55","192.168.1.2","TCP","1514","8004  >  36466 [ACK] Seq=259382 Ack=141 Win=65024 Len=1448 TSval=2916039415 TSecr=3045559188 [TCP segment of a reassembled PDU]"
"48509","35.334904565","192.168.1.55","192.168.1.2","TCP","1514","8004  >  36466 [ACK] Seq=260830 Ack=141 Win=65024 Len=1448 TSval=2916039415 TSecr=3045559188 [TCP segment of a reassembled PDU]"
"48510","35.334906046","192.168.1.55","192.168.1.2","TCP","1514","8004  >  36466 [ACK] Seq=262278 Ack=141 Win=65024 Len=1448 TSval=2916039415 TSecr=3045559188 [TCP segment of a reassembled PDU]"
"48511","35.334907120","192.168.1.55","192.168.1.2","TCP","1514","8004  >  36466 [ACK] Seq=263726 Ack=141 Win=65024 Len=1448 TSval=2916039415 TSecr=3045559188 [TCP segment of a reassembled PDU]"
"48512","35.334908139","192.168.1.55","192.168.1.2","TCP","1514","8004  >  36466 [ACK] Seq=265174 Ack=141 Win=65024 Len=1448 TSval=2916039415 TSecr=3045559188 [TCP segment of a reassembled PDU]"
"48513","35.334909176","192.168.1.55","192.168.1.2","TCP","1514","8004  >  36466 [ACK] Seq=266622 Ack=141 Win=65024 Len=1448 TSval=2916039415 TSecr=3045559188 [TCP segment of a reassembled PDU]"
"48514","35.334910176","192.168.1.55","192.168.1.2","TCP","1514","8004  >  36466 [ACK] Seq=268070 Ack=141 Win=65024 Len=1448 TSval=2916039415 TSecr=3045559188 [TCP segment of a reassembled PDU]"
"48515","35.334911250","192.168.1.55","192.168.1.2","TCP","1514","8004  >  36466 [ACK] Seq=269518 Ack=141 Win=65024 Len=1448 TSval=2916039415 TSecr=3045559188 [TCP segment of a reassembled PDU]"
"48516","35.334912324","192.168.1.55","192.168.1.2","TCP","1514","8004  >  36466 [ACK] Seq=270966 Ack=141 Win=65024 Len=1448 TSval=2916039415 TSecr=3045559188 [TCP segment of a reassembled PDU]"
"48517","35.334913324","192.168.1.55","192.168.1.2","TCP","1514","8004  >  36466 [ACK] Seq=272414 Ack=141 Win=65024 Len=1448 TSval=2916039415 TSecr=3045559188 [TCP segment of a reassembled PDU]"
"48518","35.334914361","192.168.1.55","192.168.1.2","TCP","1514","8004  >  36466 [ACK] Seq=273862 Ack=141 Win=65024 Len=1448 TSval=2916039415 TSecr=3045559188 [TCP segment of a reassembled PDU]"
"48519","35.334915398","192.168.1.55","192.168.1.2","TCP","1514","8004  >  36466 [ACK] Seq=275310 Ack=141 Win=65024 Len=1448 TSval=2916039415 TSecr=3045559188 [TCP segment of a reassembled PDU]"
"48520","35.334916528","192.168.1.55","192.168.1.2","TCP","1514","8004  >  36466 [ACK] Seq=276758 Ack=141 Win=65024 Len=1448 TSval=2916039415 TSecr=3045559188 [TCP segment of a reassembled PDU]"
"48521","35.334917602","192.168.1.55","192.168.1.2","TCP","1514","8004  >  36466 [ACK] Seq=278206 Ack=141 Win=65024 Len=1448 TSval=2916039415 TSecr=3045559188 [TCP segment of a reassembled PDU]"
"48522","35.334918602","192.168.1.55","192.168.1.2","TCP","1514","8004  >  36466 [ACK] Seq=279654 Ack=141 Win=65024 Len=1448 TSval=2916039415 TSecr=3045559188 [TCP segment of a reassembled PDU]"
"48523","35.334919750","192.168.1.55","192.168.1.2","TCP","1514","8004  >  36466 [ACK] Seq=281102 Ack=141 Win=65024 Len=1448 TSval=2916039415 TSecr=3045559188 [TCP segment of a reassembled PDU]"
"48524","35.334920824","192.168.1.55","192.168.1.2","TCP","1514","8004  >  36466 [ACK] Seq=282550 Ack=141 Win=65024 Len=1448 TSval=2916039415 TSecr=3045559188 [TCP segment of a reassembled PDU]"
"48525","35.334921843","192.168.1.55","192.168.1.2","TCP","1514","8004  >  36466 [ACK] Seq=283998 Ack=141 Win=65024 Len=1448 TSval=2916039415 TSecr=3045559188 [TCP segment of a reassembled PDU]"
"48526","35.334923028","192.168.1.55","192.168.1.2","TCP","1514","8004  >  36466 [PSH, ACK] Seq=285446 Ack=141 Win=65024 Len=1448 TSval=2916039415 TSecr=3045559188 [TCP segment of a reassembled PDU]"
"48527","35.334978028","192.168.1.2","192.168.1.55","TCP","66","36466  >  8004 [ACK] Seq=141 Ack=202910 Win=87040 Len=0 TSval=3045559189 TSecr=2916039407"
"48528","35.334985750","192.168.1.2","192.168.1.55","TCP","66","36466  >  8004 [ACK] Seq=141 Ack=243454 Win=84992 Len=0 TSval=3045559189 TSecr=2916039407"
"48529","35.335019621","192.168.1.55","192.168.1.2","TCP","1514","8004  >  36466 [ACK] Seq=286894 Ack=141 Win=65024 Len=1448 TSval=2916039415 TSecr=3045559189 [TCP segment of a reassembled PDU]"
"48530","35.335021343","192.168.1.55","192.168.1.2","TCP","1514","8004  >  36466 [ACK] Seq=288342 Ack=141 Win=65024 Len=1448 TSval=2916039415 TSecr=3045559189 [TCP segment of a reassembled PDU]"
"48531","35.335022398","192.168.1.55","192.168.1.2","TCP","1514","8004  >  36466 [ACK] Seq=289790 Ack=141 Win=65024 Len=1448 TSval=2916039415 TSecr=3045559189 [TCP segment of a reassembled PDU]"
"48532","35.335023528","192.168.1.55","192.168.1.2","TCP","1514","8004  >  36466 [ACK] Seq=291238 Ack=141 Win=65024 Len=1448 TSval=2916039415 TSecr=3045559189 [TCP segment of a reassembled PDU]"
"48533","35.335024639","192.168.1.55","192.168.1.2","TCP","1514","8004  >  36466 [ACK] Seq=292686 Ack=141 Win=65024 Len=1448 TSval=2916039415 TSecr=3045559189 [TCP segment of a reassembled PDU]"
"48534","35.335025695","192.168.1.55","192.168.1.2","TCP","1514","8004  >  36466 [ACK] Seq=294134 Ack=141 Win=65024 Len=1448 TSval=2916039415 TSecr=3045559189 [TCP segment of a reassembled PDU]"
"48535","35.335026750","192.168.1.55","192.168.1.2","TCP","1514","8004  >  36466 [ACK] Seq=295582 Ack=141 Win=65024 Len=1448 TSval=2916039415 TSecr=3045559189 [TCP segment of a reassembled PDU]"
"48536","35.335027787","192.168.1.55","192.168.1.2","TCP","1514","8004  >  36466 [ACK] Seq=297030 Ack=141 Win=65024 Len=1448 TSval=2916039415 TSecr=3045559189 [TCP segment of a reassembled PDU]"
"48537","35.335028750","192.168.1.55","192.168.1.2","TCP","1514","8004  >  36466 [ACK] Seq=298478 Ack=141 Win=65024 Len=1448 TSval=2916039415 TSecr=3045559189 [TCP segment of a reassembled PDU]"
"48538","35.335029843","192.168.1.55","192.168.1.2","TCP","1514","8004  >  36466 [ACK] Seq=299926 Ack=141 Win=65024 Len=1448 TSval=2916039415 TSecr=3045559189 [TCP segment of a reassembled PDU]"
"48539","35.335030843","192.168.1.55","192.168.1.2","TCP","1514","8004  >  36466 [ACK] Seq=301374 Ack=141 Win=65024 Len=1448 TSval=2916039415 TSecr=3045559189 [TCP segment of a reassembled PDU]"
"48540","35.335031917","192.168.1.55","192.168.1.2","TCP","1514","8004  >  36466 [ACK] Seq=302822 Ack=141 Win=65024 Len=1448 TSval=2916039415 TSecr=3045559189 [TCP segment of a reassembled PDU]"
"48541","35.335032991","192.168.1.55","192.168.1.2","TCP","1514","8004  >  36466 [ACK] Seq=304270 Ack=141 Win=65024 Len=1448 TSval=2916039415 TSecr=3045559189 [TCP segment of a reassembled PDU]"
"48542","35.335033991","192.168.1.55","192.168.1.2","TCP","1514","8004  >  36466 [ACK] Seq=305718 Ack=141 Win=65024 Len=1448 TSval=2916039415 TSecr=3045559189 [TCP segment of a reassembled PDU]"
"48543","35.335035232","192.168.1.55","192.168.1.2","TCP","1514","8004  >  36466 [ACK] Seq=307166 Ack=141 Win=65024 Len=1448 TSval=2916039415 TSecr=3045559189 [TCP segment of a reassembled PDU]"
"48544","35.335036343","192.168.1.55","192.168.1.2","TCP","1514","8004  >  36466 [ACK] Seq=308614 Ack=141 Win=65024 Len=1448 TSval=2916039415 TSecr=3045559189 [TCP segment of a reassembled PDU]"
"48545","35.335037417","192.168.1.55","192.168.1.2","TCP","1514","8004  >  36466 [ACK] Seq=310062 Ack=141 Win=65024 Len=1448 TSval=2916039415 TSecr=3045559189 [TCP segment of a reassembled PDU]"
"48546","35.335038436","192.168.1.55","192.168.1.2","TCP","1514","8004  >  36466 [ACK] Seq=311510 Ack=141 Win=65024 Len=1448 TSval=2916039415 TSecr=3045559189 [TCP segment of a reassembled PDU]"
"48547","35.335039473","192.168.1.55","192.168.1.2","TCP","1514","8004  >  36466 [ACK] Seq=312958 Ack=141 Win=65024 Len=1448 TSval=2916039415 TSecr=3045559189 [TCP segment of a reassembled PDU]"
"48548","35.335040602","192.168.1.55","192.168.1.2","TCP","1514","8004  >  36466 [ACK] Seq=314406 Ack=141 Win=65024 Len=1448 TSval=2916039415 TSecr=3045559189 [TCP segment of a reassembled PDU]"
"48549","35.335041584","192.168.1.55","192.168.1.2","TCP","1514","8004  >  36466 [ACK] Seq=315854 Ack=141 Win=65024 Len=1448 TSval=2916039415 TSecr=3045559189 [TCP segment of a reassembled PDU]"
"48550","35.335042676","192.168.1.55","192.168.1.2","TCP","1514","8004  >  36466 [ACK] Seq=317302 Ack=141 Win=65024 Len=1448 TSval=2916039415 TSecr=3045559189 [TCP segment of a reassembled PDU]"
"48551","35.335043695","192.168.1.55","192.168.1.2","TCP","1514","8004  >  36466 [ACK] Seq=318750 Ack=141 Win=65024 Len=1448 TSval=2916039415 TSecr=3045559189 [TCP segment of a reassembled PDU]"
"48552","35.335044787","192.168.1.55","192.168.1.2","TCP","1514","8004  >  36466 [ACK] Seq=320198 Ack=141 Win=65024 Len=1448 TSval=2916039415 TSecr=3045559189 [TCP segment of a reassembled PDU]"
"48553","35.335045936","192.168.1.55","192.168.1.2","TCP","1514","8004  >  36466 [ACK] Seq=321646 Ack=141 Win=65024 Len=1448 TSval=2916039415 TSecr=3045559189 [TCP segment of a reassembled PDU]"
"48554","35.335046991","192.168.1.55","192.168.1.2","TCP","1514","8004  >  36466 [ACK] Seq=323094 Ack=141 Win=65024 Len=1448 TSval=2916039415 TSecr=3045559189 [TCP segment of a reassembled PDU]"
"48555","35.335048065","192.168.1.55","192.168.1.2","TCP","1514","8004  >  36466 [ACK] Seq=324542 Ack=141 Win=65024 Len=1448 TSval=2916039415 TSecr=3045559189 [TCP segment of a reassembled PDU]"
"48556","35.335049176","192.168.1.55","192.168.1.2","TCP","1514","8004  >  36466 [ACK] Seq=325990 Ack=141 Win=65024 Len=1448 TSval=2916039415 TSecr=3045559189 [TCP segment of a reassembled PDU]"
"48557","35.335050306","192.168.1.55","192.168.1.2","TCP","1074","[TCP Window Full] 8004  >  36466 [PSH, ACK] Seq=327438 Ack=141 Win=65024 Len=1008 TSval=2916039415 TSecr=3045559189 [TCP segment of a reassembled PDU]"
"48558","35.335053899","192.168.1.2","192.168.1.55","TCP","66","36466  >  8004 [ACK] Seq=141 Ack=244902 Win=112640 Len=0 TSval=3045559189 TSecr=2916039413"
"48559","35.335060473","192.168.1.55","192.168.1.2","TCP","506","8004  >  36466 [ACK] Seq=328446 Ack=141 Win=65024 Len=440 TSval=2916039415 TSecr=3045559189 [TCP segment of a reassembled PDU]"
"48560","35.335083899","192.168.1.55","192.168.1.2","TCP","1514","8004  >  36466 [ACK] Seq=328886 Ack=141 Win=65024 Len=1448 TSval=2916039415 TSecr=3045559189 [TCP segment of a reassembled PDU]"
"48561","35.335085399","192.168.1.55","192.168.1.2","TCP","1514","8004  >  36466 [ACK] Seq=330334 Ack=141 Win=65024 Len=1448 TSval=2916039415 TSecr=3045559189 [TCP segment of a reassembled PDU]"
"48562","35.335086454","192.168.1.55","192.168.1.2","TCP","1514","8004  >  36466 [ACK] Seq=331782 Ack=141 Win=65024 Len=1448 TSval=2916039415 TSecr=3045559189 [TCP segment of a reassembled PDU]"
"48563","35.335087510","192.168.1.55","192.168.1.2","TCP","1514","8004  >  36466 [ACK] Seq=333230 Ack=141 Win=65024 Len=1448 TSval=2916039415 TSecr=3045559189 [TCP segment of a reassembled PDU]"
"48564","35.335088639","192.168.1.55","192.168.1.2","TCP","1514","8004  >  36466 [ACK] Seq=334678 Ack=141 Win=65024 Len=1448 TSval=2916039415 TSecr=3045559189 [TCP segment of a reassembled PDU]"
"48565","35.335089769","192.168.1.55","192.168.1.2","TCP","1514","8004  >  36466 [ACK] Seq=336126 Ack=141 Win=65024 Len=1448 TSval=2916039415 TSecr=3045559189 [TCP segment of a reassembled PDU]"
"48566","35.335090787","192.168.1.55","192.168.1.2","TCP","1514","8004  >  36466 [ACK] Seq=337574 Ack=141 Win=65024 Len=1448 TSval=2916039415 TSecr=3045559189 [TCP segment of a reassembled PDU]"
"48567","35.335091806","192.168.1.55","192.168.1.2","TCP","1514","8004  >  36466 [ACK] Seq=339022 Ack=141 Win=65024 Len=1448 TSval=2916039415 TSecr=3045559189 [TCP segment of a reassembled PDU]"
"48568","35.335092954","192.168.1.55","192.168.1.2","TCP","1514","8004  >  36466 [ACK] Seq=340470 Ack=141 Win=65024 Len=1448 TSval=2916039415 TSecr=3045559189 [TCP segment of a reassembled PDU]"
"48569","35.335093917","192.168.1.55","192.168.1.2","TCP","1514","8004  >  36466 [ACK] Seq=341918 Ack=141 Win=65024 Len=1448 TSval=2916039415 TSecr=3045559189 [TCP segment of a reassembled PDU]"
"48570","35.335095010","192.168.1.55","192.168.1.2","TCP","1514","8004  >  36466 [ACK] Seq=343366 Ack=141 Win=65024 Len=1448 TSval=2916039415 TSecr=3045559189 [TCP segment of a reassembled PDU]"
"48571","35.335096213","192.168.1.55","192.168.1.2","TCP","1514","8004  >  36466 [ACK] Seq=344814 Ack=141 Win=65024 Len=1448 TSval=2916039415 TSecr=3045559189 [TCP segment of a reassembled PDU]"
"48572","35.335097232","192.168.1.55","192.168.1.2","TCP","1514","8004  >  36466 [ACK] Seq=346262 Ack=141 Win=65024 Len=1448 TSval=2916039415 TSecr=3045559189 [TCP segment of a reassembled PDU]"
"48573","35.335098436","192.168.1.55","192.168.1.2","TCP","1514","8004  >  36466 [ACK] Seq=347710 Ack=141 Win=65024 Len=1448 TSval=2916039415 TSecr=3045559189 [TCP segment of a reassembled PDU]"
"48574","35.335099417","192.168.1.55","192.168.1.2","TCP","1514","8004  >  36466 [ACK] Seq=349158 Ack=141 Win=65024 Len=1448 TSval=2916039415 TSecr=3045559189 [TCP segment of a reassembled PDU]"
"48575","35.335100676","192.168.1.55","192.168.1.2","TCP","1514","8004  >  36466 [ACK] Seq=350606 Ack=141 Win=65024 Len=1448 TSval=2916039415 TSecr=3045559189 [TCP segment of a reassembled PDU]"
"48576","35.335101732","192.168.1.55","192.168.1.2","TCP","1514","8004  >  36466 [ACK] Seq=352054 Ack=141 Win=65024 Len=1448 TSval=2916039415 TSecr=3045559189 [TCP segment of a reassembled PDU]"
"48577","35.335102769","192.168.1.55","192.168.1.2","TCP","1514","8004  >  36466 [ACK] Seq=353502 Ack=141 Win=65024 Len=1448 TSval=2916039415 TSecr=3045559189 [TCP segment of a reassembled PDU]"
"48578","35.335103880","192.168.1.55","192.168.1.2","TCP","1514","8004  >  36466 [PSH, ACK] Seq=354950 Ack=141 Win=65024 Len=1448 TSval=2916039415 TSecr=3045559189 [TCP segment of a reassembled PDU]"
"48579","35.346006860","192.168.1.2","192.168.1.55","TCP","66","36466  >  8004 [ACK] Seq=141 Ack=286894 Win=82944 Len=0 TSval=3045559196 TSecr=2916039415"
"48580","35.346028731","192.168.1.55","192.168.1.2","TCP","1514","8004  >  36466 [ACK] Seq=356398 Ack=141 Win=65024 Len=1448 TSval=2916039426 TSecr=3045559196 [TCP segment of a reassembled PDU]"
"48581","35.346031490","192.168.1.55","192.168.1.2","TCP","1514","8004  >  36466 [ACK] Seq=357846 Ack=141 Win=65024 Len=1448 TSval=2916039426 TSecr=3045559196 [TCP segment of a reassembled PDU]"
"48582","35.346032712","192.168.1.55","192.168.1.2","TCP","1514","8004  >  36466 [ACK] Seq=359294 Ack=141 Win=65024 Len=1448 TSval=2916039426 TSecr=3045559196 [TCP segment of a reassembled PDU]"
"48583","35.346033916","192.168.1.55","192.168.1.2","TCP","1514","8004  >  36466 [ACK] Seq=360742 Ack=141 Win=65024 Len=1448 TSval=2916039426 TSecr=3045559196 [TCP segment of a reassembled PDU]"
"48584","35.346035286","192.168.1.55","192.168.1.2","TCP","1514","8004  >  36466 [ACK] Seq=362190 Ack=141 Win=65024 Len=1448 TSval=2916039426 TSecr=3045559196 [TCP segment of a reassembled PDU]"
"48585","35.346036638","192.168.1.55","192.168.1.2","TCP","1514","8004  >  36466 [ACK] Seq=363638 Ack=141 Win=65024 Len=1448 TSval=2916039426 TSecr=3045559196 [TCP segment of a reassembled PDU]"
"48586","35.346037842","192.168.1.55","192.168.1.2","TCP","1514","8004  >  36466 [ACK] Seq=365086 Ack=141 Win=65024 Len=1448 TSval=2916039426 TSecr=3045559196 [TCP segment of a reassembled PDU]"
"48587","35.346039046","192.168.1.55","192.168.1.2","TCP","1514","8004  >  36466 [ACK] Seq=366534 Ack=141 Win=65024 Len=1448 TSval=2916039426 TSecr=3045559196 [TCP segment of a reassembled PDU]"
"48588","35.346040509","192.168.1.55","192.168.1.2","TCP","1514","8004  >  36466 [PSH, ACK] Seq=367982 Ack=141 Win=65024 Len=1448 TSval=2916039426 TSecr=3045559196 [TCP segment of a reassembled PDU]"
"48589","35.346518658","192.168.1.2","192.168.1.55","TCP","66","36466  >  8004 [ACK] Seq=141 Ack=324542 Win=48128 Len=0 TSval=3045559196 TSecr=2916039415"
"48590","35.346528213","192.168.1.55","192.168.1.2","TCP","1514","8004  >  36466 [PSH, ACK] Seq=369430 Ack=141 Win=65024 Len=1448 TSval=2916039427 TSecr=3045559196 [TCP segment of a reassembled PDU]"
"48591","35.346532806","192.168.1.2","192.168.1.55","TCP","66","[TCP Window Update] 36466  >  8004 [ACK] Seq=141 Ack=324542 Win=112640 Len=0 TSval=3045559196 TSecr=2916039415"
"48592","35.346560565","192.168.1.55","192.168.1.2","TCP","1514","8004  >  36466 [ACK] Seq=370878 Ack=141 Win=65024 Len=1448 TSval=2916039427 TSecr=3045559196 [TCP segment of a reassembled PDU]"
"48593","35.346562028","192.168.1.55","192.168.1.2","TCP","1514","8004  >  36466 [ACK] Seq=372326 Ack=141 Win=65024 Len=1448 TSval=2916039427 TSecr=3045559196 [TCP segment of a reassembled PDU]"
"48594","35.346563287","192.168.1.55","192.168.1.2","TCP","1514","8004  >  36466 [ACK] Seq=373774 Ack=141 Win=65024 Len=1448 TSval=2916039427 TSecr=3045559196 [TCP segment of a reassembled PDU]"
"48595","35.346564639","192.168.1.55","192.168.1.2","TCP","1514","8004  >  36466 [ACK] Seq=375222 Ack=141 Win=65024 Len=1448 TSval=2916039427 TSecr=3045559196 [TCP segment of a reassembled PDU]"
"48596","35.346565973","192.168.1.55","192.168.1.2","TCP","1514","8004  >  36466 [ACK] Seq=376670 Ack=141 Win=65024 Len=1448 TSval=2916039427 TSecr=3045559196 [TCP segment of a reassembled PDU]"
"48597","35.346567195","192.168.1.55","192.168.1.2","TCP","1514","8004  >  36466 [ACK] Seq=378118 Ack=141 Win=65024 Len=1448 TSval=2916039427 TSecr=3045559196 [TCP segment of a reassembled PDU]"
"48598","35.346568435","192.168.1.55","192.168.1.2","TCP","1514","8004  >  36466 [ACK] Seq=379566 Ack=141 Win=65024 Len=1448 TSval=2916039427 TSecr=3045559196 [TCP segment of a reassembled PDU]"
"48599","35.346569806","192.168.1.55","192.168.1.2","TCP","1514","8004  >  36466 [ACK] Seq=381014 Ack=141 Win=65024 Len=1448 TSval=2916039427 TSecr=3045559196 [TCP segment of a reassembled PDU]"
"48600","35.346571121","192.168.1.55","192.168.1.2","TCP","1514","8004  >  36466 [ACK] Seq=382462 Ack=141 Win=65024 Len=1448 TSval=2916039427 TSecr=3045559196 [TCP segment of a reassembled PDU]"
"48601","35.346572473","192.168.1.55","192.168.1.2","TCP","1514","8004  >  36466 [ACK] Seq=383910 Ack=141 Win=65024 Len=1448 TSval=2916039427 TSecr=3045559196 [TCP segment of a reassembled PDU]"
"48602","35.346573824","192.168.1.55","192.168.1.2","TCP","1514","8004  >  36466 [ACK] Seq=385358 Ack=141 Win=65024 Len=1448 TSval=2916039427 TSecr=3045559196 [TCP segment of a reassembled PDU]"
"48603","35.346575121","192.168.1.55","192.168.1.2","TCP","1514","8004  >  36466 [ACK] Seq=386806 Ack=141 Win=65024 Len=1448 TSval=2916039427 TSecr=3045559196 [TCP segment of a reassembled PDU]"
"48604","35.346576454","192.168.1.55","192.168.1.2","TCP","1514","8004  >  36466 [ACK] Seq=388254 Ack=141 Win=65024 Len=1448 TSval=2916039427 TSecr=3045559196 [TCP segment of a reassembled PDU]"
"48605","35.346577676","192.168.1.55","192.168.1.2","TCP","1514","8004  >  36466 [ACK] Seq=389702 Ack=141 Win=65024 Len=1448 TSval=2916039427 TSecr=3045559196 [TCP segment of a reassembled PDU]"
"48606","35.346579010","192.168.1.55","192.168.1.2","TCP","1514","8004  >  36466 [ACK] Seq=391150 Ack=141 Win=65024 Len=1448 TSval=2916039427 TSecr=3045559196 [TCP segment of a reassembled PDU]"
"48607","35.346580232","192.168.1.55","192.168.1.2","TCP","1514","8004  >  36466 [ACK] Seq=392598 Ack=141 Win=65024 Len=1448 TSval=2916039427 TSecr=3045559196 [TCP segment of a reassembled PDU]"
"48608","35.346581473","192.168.1.55","192.168.1.2","TCP","1514","8004  >  36466 [ACK] Seq=394046 Ack=141 Win=65024 Len=1448 TSval=2916039427 TSecr=3045559196 [TCP segment of a reassembled PDU]"
"48609","35.346582806","192.168.1.55","192.168.1.2","TCP","1514","8004  >  36466 [ACK] Seq=395494 Ack=141 Win=65024 Len=1448 TSval=2916039427 TSecr=3045559196 [TCP segment of a reassembled PDU]"
"48610","35.346584139","192.168.1.55","192.168.1.2","TCP","1514","8004  >  36466 [ACK] Seq=396942 Ack=141 Win=65024 Len=1448 TSval=2916039427 TSecr=3045559196 [TCP segment of a reassembled PDU]"
"48611","35.346585435","192.168.1.55","192.168.1.2","TCP","1514","8004  >  36466 [ACK] Seq=398390 Ack=141 Win=65024 Len=1448 TSval=2916039427 TSecr=3045559196 [TCP segment of a reassembled PDU]"
"48612","35.346586769","192.168.1.55","192.168.1.2","TCP","1514","8004  >  36466 [ACK] Seq=399838 Ack=141 Win=65024 Len=1448 TSval=2916039427 TSecr=3045559196 [TCP segment of a reassembled PDU]"
"48613","35.346587991","192.168.1.55","192.168.1.2","TCP","1514","8004  >  36466 [ACK] Seq=401286 Ack=141 Win=65024 Len=1448 TSval=2916039427 TSecr=3045559196 [TCP segment of a reassembled PDU]"
"48614","35.346589306","192.168.1.55","192.168.1.2","TCP","1514","8004  >  36466 [ACK] Seq=402734 Ack=141 Win=65024 Len=1448 TSval=2916039427 TSecr=3045559196 [TCP segment of a reassembled PDU]"
"48615","35.346590973","192.168.1.55","192.168.1.2","TCP","1514","8004  >  36466 [ACK] Seq=404182 Ack=141 Win=65024 Len=1448 TSval=2916039427 TSecr=3045559196 [TCP segment of a reassembled PDU]"
"48616","35.346592343","192.168.1.55","192.168.1.2","TCP","1514","8004  >  36466 [ACK] Seq=405630 Ack=141 Win=65024 Len=1448 TSval=2916039427 TSecr=3045559196 [TCP segment of a reassembled PDU]"
"48617","35.346593769","192.168.1.55","192.168.1.2","TCP","1514","8004  >  36466 [ACK] Seq=407078 Ack=141 Win=65024 Len=1448 TSval=2916039427 TSecr=3045559196 [TCP segment of a reassembled PDU]"
"48618","35.346595065","192.168.1.55","192.168.1.2","TCP","1514","8004  >  36466 [ACK] Seq=408526 Ack=141 Win=65024 Len=1448 TSval=2916039427 TSecr=3045559196 [TCP segment of a reassembled PDU]"
"48619","35.346601398","192.168.1.55","192.168.1.2","TCP","1514","8004  >  36466 [ACK] Seq=409974 Ack=141 Win=65024 Len=1448 TSval=2916039427 TSecr=3045559196 [TCP segment of a reassembled PDU]"
"48620","35.346603102","192.168.1.55","192.168.1.2","TCP","1514","8004  >  36466 [PSH, ACK] Seq=411422 Ack=141 Win=65024 Len=1448 TSval=2916039427 TSecr=3045559196 [TCP segment of a reassembled PDU]"
"48621","35.346607380","192.168.1.2","192.168.1.55","TCP","66","36466  >  8004 [ACK] Seq=141 Ack=328446 Win=116736 Len=0 TSval=3045559197 TSecr=2916039415"
"48622","35.346662325","192.168.1.2","192.168.1.55","TCP","66","36466  >  8004 [ACK] Seq=141 Ack=347710 Win=103424 Len=0 TSval=3045559197 TSecr=2916039415"
"48623","35.346696288","192.168.1.55","192.168.1.2","TCP","1514","8004  >  36466 [ACK] Seq=412870 Ack=141 Win=65024 Len=1448 TSval=2916039427 TSecr=3045559197 [TCP segment of a reassembled PDU]"
"48624","35.346698454","192.168.1.55","192.168.1.2","TCP","1514","8004  >  36466 [ACK] Seq=414318 Ack=141 Win=65024 Len=1448 TSval=2916039427 TSecr=3045559197 [TCP segment of a reassembled PDU]"
"48625","35.346700065","192.168.1.55","192.168.1.2","TCP","1514","8004  >  36466 [ACK] Seq=415766 Ack=141 Win=65024 Len=1448 TSval=2916039427 TSecr=3045559197 [TCP segment of a reassembled PDU]"
"48626","35.346701491","192.168.1.55","192.168.1.2","TCP","1514","8004  >  36466 [ACK] Seq=417214 Ack=141 Win=65024 Len=1448 TSval=2916039427 TSecr=3045559197 [TCP segment of a reassembled PDU]"
"48627","35.346702695","192.168.1.55","192.168.1.2","TCP","1514","8004  >  36466 [ACK] Seq=418662 Ack=141 Win=65024 Len=1448 TSval=2916039427 TSecr=3045559197 [TCP segment of a reassembled PDU]"
"48628","35.346703973","192.168.1.55","192.168.1.2","TCP","1514","8004  >  36466 [ACK] Seq=420110 Ack=141 Win=65024 Len=1448 TSval=2916039427 TSecr=3045559197 [TCP segment of a reassembled PDU]"
"48629","35.346705176","192.168.1.55","192.168.1.2","TCP","1514","8004  >  36466 [ACK] Seq=421558 Ack=141 Win=65024 Len=1448 TSval=2916039427 TSecr=3045559197 [TCP segment of a reassembled PDU]"
"48630","35.346706417","192.168.1.55","192.168.1.2","TCP","1514","8004  >  36466 [ACK] Seq=423006 Ack=141 Win=65024 Len=1448 TSval=2916039427 TSecr=3045559197 [TCP segment of a reassembled PDU]"
"48631","35.346707621","192.168.1.55","192.168.1.2","TCP","1514","8004  >  36466 [ACK] Seq=424454 Ack=141 Win=65024 Len=1448 TSval=2916039427 TSecr=3045559197 [TCP segment of a reassembled PDU]"
"48632","35.346708880","192.168.1.55","192.168.1.2","TCP","1514","8004  >  36466 [ACK] Seq=425902 Ack=141 Win=65024 Len=1448 TSval=2916039427 TSecr=3045559197 [TCP segment of a reassembled PDU]"
"48633","35.346710176","192.168.1.55","192.168.1.2","TCP","1514","8004  >  36466 [ACK] Seq=427350 Ack=141 Win=65024 Len=1448 TSval=2916039427 TSecr=3045559197 [TCP segment of a reassembled PDU]"
"48634","35.346711528","192.168.1.55","192.168.1.2","TCP","1514","8004  >  36466 [ACK] Seq=428798 Ack=141 Win=65024 Len=1448 TSval=2916039427 TSecr=3045559197 [TCP segment of a reassembled PDU]"
"48635","35.346712917","192.168.1.55","192.168.1.2","TCP","1514","8004  >  36466 [ACK] Seq=430246 Ack=141 Win=65024 Len=1448 TSval=2916039427 TSecr=3045559197 [TCP segment of a reassembled PDU]"
"48636","35.346714269","192.168.1.55","192.168.1.2","TCP","1514","8004  >  36466 [ACK] Seq=431694 Ack=141 Win=65024 Len=1448 TSval=2916039427 TSecr=3045559197 [TCP segment of a reassembled PDU]"
"48637","35.346715547","192.168.1.55","192.168.1.2","TCP","1514","8004  >  36466 [ACK] Seq=433142 Ack=141 Win=65024 Len=1448 TSval=2916039427 TSecr=3045559197 [TCP segment of a reassembled PDU]"
"48638","35.346716825","192.168.1.55","192.168.1.2","TCP","1514","8004  >  36466 [ACK] Seq=434590 Ack=141 Win=65024 Len=1448 TSval=2916039427 TSecr=3045559197 [TCP segment of a reassembled PDU]"
"48639","35.346718213","192.168.1.55","192.168.1.2","TCP","1514","8004  >  36466 [ACK] Seq=436038 Ack=141 Win=65024 Len=1448 TSval=2916039427 TSecr=3045559197 [TCP segment of a reassembled PDU]"
"48640","35.346719991","192.168.1.55","192.168.1.2","TCP","1514","8004  >  36466 [ACK] Seq=437486 Ack=141 Win=65024 Len=1448 TSval=2916039427 TSecr=3045559197 [TCP segment of a reassembled PDU]"
"48641","35.346721473","192.168.1.55","192.168.1.2","TCP","1514","8004  >  36466 [ACK] Seq=438934 Ack=141 Win=65024 Len=1448 TSval=2916039427 TSecr=3045559197 [TCP segment of a reassembled PDU]"
"48642","35.346722713","192.168.1.55","192.168.1.2","TCP","1514","8004  >  36466 [ACK] Seq=440382 Ack=141 Win=65024 Len=1448 TSval=2916039427 TSecr=3045559197 [TCP segment of a reassembled PDU]"
"48643","35.346724047","192.168.1.55","192.168.1.2","TCP","1514","8004  >  36466 [ACK] Seq=441830 Ack=141 Win=65024 Len=1448 TSval=2916039427 TSecr=3045559197 [TCP segment of a reassembled PDU]"
"48644","35.346725362","192.168.1.55","192.168.1.2","TCP","1514","8004  >  36466 [ACK] Seq=443278 Ack=141 Win=65024 Len=1448 TSval=2916039427 TSecr=3045559197 [TCP segment of a reassembled PDU]"
"48645","35.346726714","192.168.1.55","192.168.1.2","TCP","1514","8004  >  36466 [ACK] Seq=444726 Ack=141 Win=65024 Len=1448 TSval=2916039427 TSecr=3045559197 [TCP segment of a reassembled PDU]"
"48646","35.346727991","192.168.1.55","192.168.1.2","TCP","1514","8004  >  36466 [ACK] Seq=446174 Ack=141 Win=65024 Len=1448 TSval=2916039427 TSecr=3045559197 [TCP segment of a reassembled PDU]"
"48647","35.346729251","192.168.1.55","192.168.1.2","TCP","1514","8004  >  36466 [ACK] Seq=447622 Ack=141 Win=65024 Len=1448 TSval=2916039427 TSecr=3045559197 [TCP segment of a reassembled PDU]"
"48648","35.346730547","192.168.1.55","192.168.1.2","TCP","1514","8004  >  36466 [ACK] Seq=449070 Ack=141 Win=65024 Len=1448 TSval=2916039427 TSecr=3045559197 [TCP segment of a reassembled PDU]"
"48649","35.346731769","192.168.1.55","192.168.1.2","TCP","682","[TCP Window Full] 8004  >  36466 [PSH, ACK] Seq=450518 Ack=141 Win=65024 Len=616 TSval=2916039427 TSecr=3045559197 [TCP segment of a reassembled PDU]"
"48650","35.346736806","192.168.1.2","192.168.1.55","TCP","66","36466  >  8004 [ACK] Seq=141 Ack=356398 Win=110592 Len=0 TSval=3045559198 TSecr=2916039415"
"48651","35.347884604","192.168.1.55","192.168.1.2","TCP","1514","8004  >  36466 [ACK] Seq=451134 Ack=141 Win=65024 Len=1448 TSval=2916039428 TSecr=3045559198 [TCP segment of a reassembled PDU]"
"48652","35.347887382","192.168.1.55","192.168.1.2","TCP","1514","8004  >  36466 [PSH, ACK] Seq=452582 Ack=141 Win=65024 Len=1448 TSval=2916039428 TSecr=3045559198 [TCP segment of a reassembled PDU]"
"48653","35.347892012","192.168.1.55","192.168.1.2","TCP","898","8004  >  36466 [PSH, ACK] Seq=454030 Ack=141 Win=65024 Len=832 TSval=2916039428 TSecr=3045559198 [TCP segment of a reassembled PDU]"
"48654","35.347905104","192.168.1.55","192.168.1.2","TCP","1514","8004  >  36466 [ACK] Seq=454862 Ack=141 Win=65024 Len=1448 TSval=2916039428 TSecr=3045559198 [TCP segment of a reassembled PDU]"
"48655","35.347906734","192.168.1.55","192.168.1.2","TCP","1514","8004  >  36466 [ACK] Seq=456310 Ack=141 Win=65024 Len=1448 TSval=2916039428 TSecr=3045559198 [TCP segment of a reassembled PDU]"
"48656","35.347908049","192.168.1.55","192.168.1.2","TCP","1514","8004  >  36466 [ACK] Seq=457758 Ack=141 Win=65024 Len=1448 TSval=2916039428 TSecr=3045559198 [TCP segment of a reassembled PDU]"
"48657","35.347909382","192.168.1.55","192.168.1.2","TCP","1514","8004  >  36466 [ACK] Seq=459206 Ack=141 Win=65024 Len=1448 TSval=2916039428 TSecr=3045559198 [TCP segment of a reassembled PDU]"
"48658","35.347910715","192.168.1.55","192.168.1.2","TCP","1514","8004  >  36466 [ACK] Seq=460654 Ack=141 Win=65024 Len=1448 TSval=2916039428 TSecr=3045559198 [TCP segment of a reassembled PDU]"
"48659","35.347911956","192.168.1.55","192.168.1.2","TCP","1514","8004  >  36466 [ACK] Seq=462102 Ack=141 Win=65024 Len=1448 TSval=2916039428 TSecr=3045559198 [TCP segment of a reassembled PDU]"
"48660","35.347913289","192.168.1.55","192.168.1.2","TCP","1514","8004  >  36466 [ACK] Seq=463550 Ack=141 Win=65024 Len=1448 TSval=2916039428 TSecr=3045559198 [TCP segment of a reassembled PDU]"
"48661","35.347914549","192.168.1.55","192.168.1.2","TCP","1514","8004  >  36466 [PSH, ACK] Seq=464998 Ack=141 Win=65024 Len=1448 TSval=2916039428 TSecr=3045559198 [TCP segment of a reassembled PDU]"
"48662","35.359169289","192.168.1.2","192.168.1.55","TCP","66","36466  >  8004 [ACK] Seq=141 Ack=369430 Win=116736 Len=0 TSval=3045559208 TSecr=2916039426"
"48663","35.359216271","192.168.1.55","192.168.1.2","TCP","1514","8004  >  36466 [ACK] Seq=466446 Ack=141 Win=65024 Len=1448 TSval=2916039439 TSecr=3045559208 [TCP segment of a reassembled PDU]"
"48664","35.359221067","192.168.1.55","192.168.1.2","TCP","1514","8004  >  36466 [ACK] Seq=467894 Ack=141 Win=65024 Len=1448 TSval=2916039439 TSecr=3045559208 [TCP segment of a reassembled PDU]"
"48665","35.359222530","192.168.1.55","192.168.1.2","TCP","1514","8004  >  36466 [ACK] Seq=469342 Ack=141 Win=65024 Len=1448 TSval=2916039439 TSecr=3045559208 [TCP segment of a reassembled PDU]"
"48666","35.359223956","192.168.1.55","192.168.1.2","TCP","1514","8004  >  36466 [ACK] Seq=470790 Ack=141 Win=65024 Len=1448 TSval=2916039439 TSecr=3045559208 [TCP segment of a reassembled PDU]"
"48667","35.359225400","192.168.1.55","192.168.1.2","TCP","1514","8004  >  36466 [ACK] Seq=472238 Ack=141 Win=65024 Len=1448 TSval=2916039439 TSecr=3045559208 [TCP segment of a reassembled PDU]"
"48668","35.359226771","192.168.1.55","192.168.1.2","TCP","1514","8004  >  36466 [ACK] Seq=473686 Ack=141 Win=65024 Len=1448 TSval=2916039439 TSecr=3045559208 [TCP segment of a reassembled PDU]"
"48669","35.359228252","192.168.1.55","192.168.1.2","TCP","1514","8004  >  36466 [ACK] Seq=475134 Ack=141 Win=65024 Len=1448 TSval=2916039439 TSecr=3045559208 [TCP segment of a reassembled PDU]"
"48670","35.359229696","192.168.1.55","192.168.1.2","TCP","1514","8004  >  36466 [ACK] Seq=476582 Ack=141 Win=65024 Len=1448 TSval=2916039439 TSecr=3045559208 [TCP segment of a reassembled PDU]"
"48671","35.359231067","192.168.1.55","192.168.1.2","TCP","1514","8004  >  36466 [ACK] Seq=478030 Ack=141 Win=65024 Len=1448 TSval=2916039439 TSecr=3045559208 [TCP segment of a reassembled PDU]"
"48672","35.359232808","192.168.1.55","192.168.1.2","TCP","1514","8004  >  36466 [ACK] Seq=479478 Ack=141 Win=65024 Len=1448 TSval=2916039439 TSecr=3045559208 [TCP segment of a reassembled PDU]"
"48673","35.359234141","192.168.1.55","192.168.1.2","TCP","1514","8004  >  36466 [ACK] Seq=480926 Ack=141 Win=65024 Len=1448 TSval=2916039439 TSecr=3045559208 [TCP segment of a reassembled PDU]"
"48674","35.359235604","192.168.1.55","192.168.1.2","TCP","1514","8004  >  36466 [ACK] Seq=482374 Ack=141 Win=65024 Len=1448 TSval=2916039439 TSecr=3045559208 [TCP segment of a reassembled PDU]"
"48675","35.359237104","192.168.1.55","192.168.1.2","TCP","1514","8004  >  36466 [PSH, ACK] Seq=483822 Ack=141 Win=65024 Len=1448 TSval=2916039439 TSecr=3045559208 [TCP segment of a reassembled PDU]"
"48676","35.359318141","192.168.1.2","192.168.1.55","TCP","66","36466  >  8004 [ACK] Seq=141 Ack=386806 Win=151552 Len=0 TSval=3045559208 TSecr=2916039427"
"48677","35.359340493","192.168.1.55","192.168.1.2","TCP","1514","8004  >  36466 [ACK] Seq=485270 Ack=141 Win=65024 Len=1448 TSval=2916039440 TSecr=3045559208 [TCP segment of a reassembled PDU]"
"48678","35.359343197","192.168.1.55","192.168.1.2","TCP","1514","8004  >  36466 [ACK] Seq=486718 Ack=141 Win=65024 Len=1448 TSval=2916039440 TSecr=3045559208 [TCP segment of a reassembled PDU]"
"48679","35.359344530","192.168.1.55","192.168.1.2","TCP","1514","8004  >  36466 [ACK] Seq=488166 Ack=141 Win=65024 Len=1448 TSval=2916039440 TSecr=3045559208 [TCP segment of a reassembled PDU]"
"48680","35.359345993","192.168.1.55","192.168.1.2","TCP","1514","8004  >  36466 [ACK] Seq=489614 Ack=141 Win=65024 Len=1448 TSval=2916039440 TSecr=3045559208 [TCP segment of a reassembled PDU]"
"48681","35.359347419","192.168.1.55","192.168.1.2","TCP","1514","8004  >  36466 [ACK] Seq=491062 Ack=141 Win=65024 Len=1448 TSval=2916039440 TSecr=3045559208 [TCP segment of a reassembled PDU]"
"48682","35.359348752","192.168.1.55","192.168.1.2","TCP","1514","8004  >  36466 [ACK] Seq=492510 Ack=141 Win=65024 Len=1448 TSval=2916039440 TSecr=3045559208 [TCP segment of a reassembled PDU]"
"48683","35.359350419","192.168.1.55","192.168.1.2","TCP","1514","8004  >  36466 [ACK] Seq=493958 Ack=141 Win=65024 Len=1448 TSval=2916039440 TSecr=3045559208 [TCP segment of a reassembled PDU]"
"48684","35.359351771","192.168.1.55","192.168.1.2","TCP","1514","8004  >  36466 [PSH, ACK] Seq=495406 Ack=141 Win=65024 Len=1448 TSval=2916039440 TSecr=3045559208 [TCP segment of a reassembled PDU]"
"48685","35.359359271","192.168.1.55","192.168.1.2","TCP","1514","8004  >  36466 [ACK] Seq=496854 Ack=141 Win=65024 Len=1448 TSval=2916039440 TSecr=3045559208 [TCP segment of a reassembled PDU]"
"48686","35.359362900","192.168.1.55","192.168.1.2","HTTP","1472","HTTP/1.0 200 OK  (PNG)"
"48687","35.359367215","192.168.1.2","192.168.1.55","TCP","66","36466  >  8004 [ACK] Seq=141 Ack=412870 Win=191488 Len=0 TSval=3045559213 TSecr=2916039427"
"48688","35.359375586","192.168.1.2","192.168.1.55","TCP","66","36466  >  8004 [ACK] Seq=141 Ack=450518 Win=157696 Len=0 TSval=3045559213 TSecr=2916039427"
"48689","35.360286754","192.168.1.2","192.168.1.55","TCP","66","36466  >  8004 [ACK] Seq=141 Ack=451134 Win=194560 Len=0 TSval=3045559214 TSecr=2916039427"
"48690","35.360348198","192.168.1.2","192.168.1.55","TCP","66","36466  >  8004 [ACK] Seq=141 Ack=454030 Win=199680 Len=0 TSval=3045559214 TSecr=2916039428"
"48691","35.360354458","192.168.1.2","192.168.1.55","TCP","66","36466  >  8004 [ACK] Seq=141 Ack=460654 Win=199680 Len=0 TSval=3045559214 TSecr=2916039428"
"48692","35.363772519","192.168.1.2","192.168.1.55","TCP","66","36466  >  8004 [ACK] Seq=141 Ack=466446 Win=205824 Len=0 TSval=3045559216 TSecr=2916039428"
"48693","35.365177299","192.168.1.2","192.168.1.55","TCP","66","36466  >  8004 [ACK] Seq=141 Ack=492510 Win=187392 Len=0 TSval=3045559218 TSecr=2916039439"
"48694","35.365307391","192.168.1.2","192.168.1.55","TCP","66","36466  >  8004 [ACK] Seq=141 Ack=496854 Win=208896 Len=0 TSval=3045559220 TSecr=2916039440"
"48695","35.365313317","192.168.1.2","192.168.1.55","TCP","66","36466  >  8004 [ACK] Seq=141 Ack=499709 Win=210944 Len=0 TSval=3045559220 TSecr=2916039440"
"48696","35.365877337","192.168.1.2","192.168.1.55","TCP","66","36466  >  8004 [FIN, ACK] Seq=141 Ack=499709 Win=210944 Len=0 TSval=3045559220 TSecr=2916039440"
"48697","35.365895300","192.168.1.55","192.168.1.2","TCP","66","8004  >  36466 [ACK] Seq=499709 Ack=142 Win=65024 Len=0 TSval=2916039446 TSecr=3045559220"
"48698","35.365996078","192.168.1.2","192.168.1.55","TCP","74","36482  >  8004 [SYN] Seq=0 Win=64240 Len=0 MSS=1460 SACK_PERM TSval=3045559221 TSecr=0 WS=1024"
"48699","35.366012559","192.168.1.55","192.168.1.2","TCP","74","8004  >  36482 [SYN, ACK] Seq=0 Ack=1 Win=65160 Len=0 MSS=1460 SACK_PERM TSval=2916039446 TSecr=3045559221 WS=128"
"48700","35.369201212","192.168.1.2","192.168.1.55","TCP","66","36482  >  8004 [ACK] Seq=1 Ack=1 Win=64512 Len=0 TSval=3045559224 TSecr=2916039446"
"48701","35.372415051","192.168.1.2","192.168.1.55","HTTP","209","GET /original_benchmark.png HTTP/1.1 "
"48702","35.372428995","192.168.1.55","192.168.1.2","TCP","66","8004  >  36482 [ACK] Seq=1 Ack=144 Win=65024 Len=0 TSval=2916039453 TSecr=3045559224"
"48703","35.372899033","192.168.1.55","192.168.1.2","TCP","255","8004  >  36482 [PSH, ACK] Seq=1 Ack=144 Win=65024 Len=189 TSval=2916039453 TSecr=3045559224 [TCP segment of a reassembled PDU]"
"48704","35.372987570","192.168.1.55","192.168.1.2","TCP","1514","8004  >  36482 [ACK] Seq=190 Ack=144 Win=65024 Len=1448 TSval=2916039453 TSecr=3045559224 [TCP segment of a reassembled PDU]"
"48705","35.372992274","192.168.1.55","192.168.1.2","TCP","1514","8004  >  36482 [ACK] Seq=1638 Ack=144 Win=65024 Len=1448 TSval=2916039453 TSecr=3045559224 [TCP segment of a reassembled PDU]"
"48706","35.372993626","192.168.1.55","192.168.1.2","TCP","1514","8004  >  36482 [ACK] Seq=3086 Ack=144 Win=65024 Len=1448 TSval=2916039453 TSecr=3045559224 [TCP segment of a reassembled PDU]"
"48707","35.372994922","192.168.1.55","192.168.1.2","TCP","1514","8004  >  36482 [ACK] Seq=4534 Ack=144 Win=65024 Len=1448 TSval=2916039453 TSecr=3045559224 [TCP segment of a reassembled PDU]"
"48708","35.372996774","192.168.1.55","192.168.1.2","TCP","1514","8004  >  36482 [PSH, ACK] Seq=5982 Ack=144 Win=65024 Len=1448 TSval=2916039453 TSecr=3045559224 [TCP segment of a reassembled PDU]"
"48709","35.373012996","192.168.1.55","192.168.1.2","TCP","1514","8004  >  36482 [ACK] Seq=7430 Ack=144 Win=65024 Len=1448 TSval=2916039453 TSecr=3045559224 [TCP segment of a reassembled PDU]"
"48710","35.373014793","192.168.1.55","192.168.1.2","TCP","1514","8004  >  36482 [ACK] Seq=8878 Ack=144 Win=65024 Len=1448 TSval=2916039453 TSecr=3045559224 [TCP segment of a reassembled PDU]"
"48711","35.373016441","192.168.1.55","192.168.1.2","TCP","1514","8004  >  36482 [ACK] Seq=10326 Ack=144 Win=65024 Len=1448 TSval=2916039453 TSecr=3045559224 [TCP segment of a reassembled PDU]"
"48712","35.373017774","192.168.1.55","192.168.1.2","TCP","1514","8004  >  36482 [PSH, ACK] Seq=11774 Ack=144 Win=65024 Len=1448 TSval=2916039453 TSecr=3045559224 [TCP segment of a reassembled PDU]"
"48713","35.376641039","192.168.1.2","192.168.1.55","TCP","66","36482  >  8004 [ACK] Seq=144 Ack=190 Win=64512 Len=0 TSval=3045559231 TSecr=2916039453"
"48714","35.376832188","192.168.1.55","192.168.1.2","TCP","1514","8004  >  36482 [ACK] Seq=13222 Ack=144 Win=65024 Len=1448 TSval=2916039457 TSecr=3045559231 [TCP segment of a reassembled PDU]"
"48715","35.376846743","192.168.1.55","192.168.1.2","TCP","1514","8004  >  36482 [PSH, ACK] Seq=14670 Ack=144 Win=65024 Len=1448 TSval=2916039457 TSecr=3045559231 [TCP segment of a reassembled PDU]"
"48716","35.377012206","192.168.1.2","192.168.1.55","TCP","66","36482  >  8004 [ACK] Seq=144 Ack=5982 Win=76800 Len=0 TSval=3045559231 TSecr=2916039453"
"48717","35.377115892","192.168.1.55","192.168.1.2","TCP","1514","8004  >  36482 [ACK] Seq=16118 Ack=144 Win=65024 Len=1448 TSval=2916039457 TSecr=3045559231 [TCP segment of a reassembled PDU]"
"48718","35.377125521","192.168.1.55","192.168.1.2","TCP","1514","8004  >  36482 [ACK] Seq=17566 Ack=144 Win=65024 Len=1448 TSval=2916039457 TSecr=3045559231 [TCP segment of a reassembled PDU]"
"48719","35.377130021","192.168.1.55","192.168.1.2","TCP","1514","8004  >  36482 [ACK] Seq=19014 Ack=144 Win=65024 Len=1448 TSval=2916039457 TSecr=3045559231 [TCP segment of a reassembled PDU]"
"48720","35.377133244","192.168.1.55","192.168.1.2","TCP","1514","8004  >  36482 [ACK] Seq=20462 Ack=144 Win=65024 Len=1448 TSval=2916039457 TSecr=3045559231 [TCP segment of a reassembled PDU]"
"48721","35.377136818","192.168.1.55","192.168.1.2","TCP","1514","8004  >  36482 [ACK] Seq=21910 Ack=144 Win=65024 Len=1448 TSval=2916039457 TSecr=3045559231 [TCP segment of a reassembled PDU]"
"48722","35.377140021","192.168.1.55","192.168.1.2","TCP","1514","8004  >  36482 [ACK] Seq=23358 Ack=144 Win=65024 Len=1448 TSval=2916039457 TSecr=3045559231 [TCP segment of a reassembled PDU]"
"48723","35.377142855","192.168.1.55","192.168.1.2","TCP","1514","8004  >  36482 [PSH, ACK] Seq=24806 Ack=144 Win=65024 Len=1448 TSval=2916039457 TSecr=3045559231 [TCP segment of a reassembled PDU]"
"48724","35.377154447","192.168.1.2","192.168.1.55","TCP","66","36482  >  8004 [ACK] Seq=144 Ack=7430 Win=79872 Len=0 TSval=3045559232 TSecr=2916039453"
"48725","35.377169799","192.168.1.2","192.168.1.55","TCP","66","36482  >  8004 [ACK] Seq=144 Ack=13222 Win=87040 Len=0 TSval=3045559232 TSecr=2916039453"
"48726","35.377237910","192.168.1.55","192.168.1.2","TCP","1514","8004  >  36482 [ACK] Seq=26254 Ack=144 Win=65024 Len=1448 TSval=2916039457 TSecr=3045559232 [TCP segment of a reassembled PDU]"
"48727","35.377243003","192.168.1.55","192.168.1.2","TCP","1514","8004  >  36482 [ACK] Seq=27702 Ack=144 Win=65024 Len=1448 TSval=2916039457 TSecr=3045559232 [TCP segment of a reassembled PDU]"
"48728","35.377246503","192.168.1.55","192.168.1.2","TCP","1514","8004  >  36482 [ACK] Seq=29150 Ack=144 Win=65024 Len=1448 TSval=2916039457 TSecr=3045559232 [TCP segment of a reassembled PDU]"
"48729","35.377249022","192.168.1.55","192.168.1.2","TCP","1514","8004  >  36482 [ACK] Seq=30598 Ack=144 Win=65024 Len=1448 TSval=2916039457 TSecr=3045559232 [TCP segment of a reassembled PDU]"
"48730","35.377250818","192.168.1.55","192.168.1.2","TCP","1514","8004  >  36482 [ACK] Seq=32046 Ack=144 Win=65024 Len=1448 TSval=2916039457 TSecr=3045559232 [TCP segment of a reassembled PDU]"
"48731","35.377256133","192.168.1.55","192.168.1.2","TCP","1514","8004  >  36482 [ACK] Seq=33494 Ack=144 Win=65024 Len=1448 TSval=2916039457 TSecr=3045559232 [TCP segment of a reassembled PDU]"
"48732","35.377259577","192.168.1.55","192.168.1.2","TCP","1514","8004  >  36482 [ACK] Seq=34942 Ack=144 Win=65024 Len=1448 TSval=2916039457 TSecr=3045559232 [TCP segment of a reassembled PDU]"
"48733","35.377261799","192.168.1.55","192.168.1.2","TCP","1514","8004  >  36482 [ACK] Seq=36390 Ack=144 Win=65024 Len=1448 TSval=2916039457 TSecr=3045559232 [TCP segment of a reassembled PDU]"
"48734","35.377264244","192.168.1.55","192.168.1.2","TCP","1514","8004  >  36482 [ACK] Seq=37838 Ack=144 Win=65024 Len=1448 TSval=2916039457 TSecr=3045559232 [TCP segment of a reassembled PDU]"
"48735","35.377267781","192.168.1.55","192.168.1.2","TCP","1514","8004  >  36482 [PSH, ACK] Seq=39286 Ack=144 Win=65024 Len=1448 TSval=2916039457 TSecr=3045559232 [TCP segment of a reassembled PDU]"
"48736","35.378218338","192.168.1.55","192.168.1.2","TCP","1514","8004  >  36482 [ACK] Seq=40734 Ack=144 Win=65024 Len=1448 TSval=2916039458 TSecr=3045559232 [TCP segment of a reassembled PDU]"
"48737","35.381744973","192.168.1.2","192.168.1.55","TCP","66","36482  >  8004 [ACK] Seq=144 Ack=16118 Win=93184 Len=0 TSval=3045559236 TSecr=2916039457"
"48738","35.381775936","192.168.1.55","192.168.1.2","TCP","1514","8004  >  36482 [ACK] Seq=42182 Ack=144 Win=65024 Len=1448 TSval=2916039462 TSecr=3045559236 [TCP segment of a reassembled PDU]"
"48739","35.381779862","192.168.1.55","192.168.1.2","TCP","1514","8004  >  36482 [PSH, ACK] Seq=43630 Ack=144 Win=65024 Len=1448 TSval=2916039462 TSecr=3045559236 [TCP segment of a reassembled PDU]"
"48740","35.381811455","192.168.1.2","192.168.1.55","TCP","66","36482  >  8004 [ACK] Seq=144 Ack=26254 Win=83968 Len=0 TSval=3045559236 TSecr=2916039457"
"48741","35.381834159","192.168.1.55","192.168.1.2","TCP","1514","8004  >  36482 [ACK] Seq=45078 Ack=144 Win=65024 Len=1448 TSval=2916039462 TSecr=3045559236 [TCP segment of a reassembled PDU]"
"48742","35.381836103","192.168.1.55","192.168.1.2","TCP","1514","8004  >  36482 [ACK] Seq=46526 Ack=144 Win=65024 Len=1448 TSval=2916039462 TSecr=3045559236 [TCP segment of a reassembled PDU]"
"48743","35.381837381","192.168.1.55","192.168.1.2","TCP","1514","8004  >  36482 [ACK] Seq=47974 Ack=144 Win=65024 Len=1448 TSval=2916039462 TSecr=3045559236 [TCP segment of a reassembled PDU]"
"48744","35.381838788","192.168.1.55","192.168.1.2","TCP","1514","8004  >  36482 [ACK] Seq=49422 Ack=144 Win=65024 Len=1448 TSval=2916039462 TSecr=3045559236 [TCP segment of a reassembled PDU]"
"48745","35.381840214","192.168.1.55","192.168.1.2","TCP","1514","8004  >  36482 [ACK] Seq=50870 Ack=144 Win=65024 Len=1448 TSval=2916039462 TSecr=3045559236 [TCP segment of a reassembled PDU]"
"48746","35.381841696","192.168.1.55","192.168.1.2","TCP","1514","8004  >  36482 [ACK] Seq=52318 Ack=144 Win=65024 Len=1448 TSval=2916039462 TSecr=3045559236 [TCP segment of a reassembled PDU]"
"48747","35.381843196","192.168.1.55","192.168.1.2","TCP","1514","8004  >  36482 [ACK] Seq=53766 Ack=144 Win=65024 Len=1448 TSval=2916039462 TSecr=3045559236 [TCP segment of a reassembled PDU]"
"48748","35.381844696","192.168.1.55","192.168.1.2","TCP","1514","8004  >  36482 [ACK] Seq=55214 Ack=144 Win=65024 Len=1448 TSval=2916039462 TSecr=3045559236 [TCP segment of a reassembled PDU]"
"48749","35.381846196","192.168.1.55","192.168.1.2","TCP","1514","8004  >  36482 [ACK] Seq=56662 Ack=144 Win=65024 Len=1448 TSval=2916039462 TSecr=3045559236 [TCP segment of a reassembled PDU]"
"48750","35.381847492","192.168.1.55","192.168.1.2","TCP","1514","8004  >  36482 [ACK] Seq=58110 Ack=144 Win=65024 Len=1448 TSval=2916039462 TSecr=3045559236 [TCP segment of a reassembled PDU]"
"48751","35.381848899","192.168.1.55","192.168.1.2","TCP","1514","8004  >  36482 [ACK] Seq=59558 Ack=144 Win=65024 Len=1448 TSval=2916039462 TSecr=3045559236 [TCP segment of a reassembled PDU]"
"48752","35.381850307","192.168.1.55","192.168.1.2","TCP","1514","8004  >  36482 [ACK] Seq=61006 Ack=144 Win=65024 Len=1448 TSval=2916039462 TSecr=3045559236 [TCP segment of a reassembled PDU]"
"48753","35.381851585","192.168.1.55","192.168.1.2","TCP","1514","8004  >  36482 [ACK] Seq=62454 Ack=144 Win=65024 Len=1448 TSval=2916039462 TSecr=3045559236 [TCP segment of a reassembled PDU]"
"48754","35.381853010","192.168.1.55","192.168.1.2","TCP","1514","8004  >  36482 [PSH, ACK] Seq=63902 Ack=144 Win=65024 Len=1448 TSval=2916039462 TSecr=3045559236 [TCP segment of a reassembled PDU]"
"48755","35.384212440","192.168.1.2","192.168.1.55","TCP","66","36482  >  8004 [ACK] Seq=144 Ack=36390 Win=74752 Len=0 TSval=3045559236 TSecr=2916039457"
"48756","35.384300107","192.168.1.55","192.168.1.2","TCP","1514","8004  >  36482 [ACK] Seq=65350 Ack=144 Win=65024 Len=1448 TSval=2916039464 TSecr=3045559236 [TCP segment of a reassembled PDU]"
"48757","35.384305163","192.168.1.55","192.168.1.2","TCP","1514","8004  >  36482 [ACK] Seq=66798 Ack=144 Win=65024 Len=1448 TSval=2916039464 TSecr=3045559236 [TCP segment of a reassembled PDU]"
"48758","35.384306533","192.168.1.55","192.168.1.2","TCP","1514","8004  >  36482 [ACK] Seq=68246 Ack=144 Win=65024 Len=1448 TSval=2916039464 TSecr=3045559236 [TCP segment of a reassembled PDU]"
"48759","35.384308014","192.168.1.55","192.168.1.2","TCP","1514","8004  >  36482 [ACK] Seq=69694 Ack=144 Win=65024 Len=1448 TSval=2916039464 TSecr=3045559236 [TCP segment of a reassembled PDU]"
"48760","35.384309385","192.168.1.55","192.168.1.2","TCP","1514","8004  >  36482 [ACK] Seq=71142 Ack=144 Win=65024 Len=1448 TSval=2916039464 TSecr=3045559236 [TCP segment of a reassembled PDU]"
"48761","35.384310977","192.168.1.55","192.168.1.2","TCP","1514","8004  >  36482 [ACK] Seq=72590 Ack=144 Win=65024 Len=1448 TSval=2916039464 TSecr=3045559236 [TCP segment of a reassembled PDU]"
"48762","35.384313033","192.168.1.55","192.168.1.2","TCP","1514","8004  >  36482 [ACK] Seq=74038 Ack=144 Win=65024 Len=1448 TSval=2916039464 TSecr=3045559236 [TCP segment of a reassembled PDU]"
"48763","35.384315144","192.168.1.55","192.168.1.2","TCP","1514","8004  >  36482 [PSH, ACK] Seq=75486 Ack=144 Win=65024 Len=1448 TSval=2916039464 TSecr=3045559236 [TCP segment of a reassembled PDU]"
"48764","35.384400570","192.168.1.2","192.168.1.55","TCP","66","36482  >  8004 [ACK] Seq=144 Ack=39286 Win=93184 Len=0 TSval=3045559237 TSecr=2916039457"
"48765","35.384409681","192.168.1.2","192.168.1.55","TCP","66","36482  >  8004 [ACK] Seq=144 Ack=40734 Win=94208 Len=0 TSval=3045559237 TSecr=2916039457"
"48766","35.384454404","192.168.1.55","192.168.1.2","TCP","1514","8004  >  36482 [ACK] Seq=76934 Ack=144 Win=65024 Len=1448 TSval=2916039465 TSecr=3045559237 [TCP segment of a reassembled PDU]"
"48767","35.384457570","192.168.1.55","192.168.1.2","TCP","1514","8004  >  36482 [ACK] Seq=78382 Ack=144 Win=65024 Len=1448 TSval=2916039465 TSecr=3045559237 [TCP segment of a reassembled PDU]"
"48768","35.384459329","192.168.1.55","192.168.1.2","TCP","1514","8004  >  36482 [ACK] Seq=79830 Ack=144 Win=65024 Len=1448 TSval=2916039465 TSecr=3045559237 [TCP segment of a reassembled PDU]"
"48769","35.384462478","192.168.1.55","192.168.1.2","TCP","1514","8004  >  36482 [ACK] Seq=81278 Ack=144 Win=65024 Len=1448 TSval=2916039465 TSecr=3045559237 [TCP segment of a reassembled PDU]"
"48770","35.384465200","192.168.1.55","192.168.1.2","TCP","1514","8004  >  36482 [ACK] Seq=82726 Ack=144 Win=65024 Len=1448 TSval=2916039465 TSecr=3045559237 [TCP segment of a reassembled PDU]"
"48771","35.384466829","192.168.1.55","192.168.1.2","TCP","1514","8004  >  36482 [ACK] Seq=84174 Ack=144 Win=65024 Len=1448 TSval=2916039465 TSecr=3045559237 [TCP segment of a reassembled PDU]"
"48772","35.384468163","192.168.1.55","192.168.1.2","TCP","1514","8004  >  36482 [ACK] Seq=85622 Ack=144 Win=65024 Len=1448 TSval=2916039465 TSecr=3045559237 [TCP segment of a reassembled PDU]"
"48773","35.384470126","192.168.1.55","192.168.1.2","TCP","1514","8004  >  36482 [ACK] Seq=87070 Ack=144 Win=65024 Len=1448 TSval=2916039465 TSecr=3045559237 [TCP segment of a reassembled PDU]"
"48774","35.384471589","192.168.1.55","192.168.1.2","TCP","1514","8004  >  36482 [ACK] Seq=88518 Ack=144 Win=65024 Len=1448 TSval=2916039465 TSecr=3045559237 [TCP segment of a reassembled PDU]"
"48775","35.384473367","192.168.1.55","192.168.1.2","TCP","1514","8004  >  36482 [ACK] Seq=89966 Ack=144 Win=65024 Len=1448 TSval=2916039465 TSecr=3045559237 [TCP segment of a reassembled PDU]"
"48776","35.384474533","192.168.1.55","192.168.1.2","TCP","1514","8004  >  36482 [ACK] Seq=91414 Ack=144 Win=65024 Len=1448 TSval=2916039465 TSecr=3045559237 [TCP segment of a reassembled PDU]"
"48777","35.384475848","192.168.1.55","192.168.1.2","TCP","1514","8004  >  36482 [ACK] Seq=92862 Ack=144 Win=65024 Len=1448 TSval=2916039465 TSecr=3045559237 [TCP segment of a reassembled PDU]"
"48778","35.384477959","192.168.1.55","192.168.1.2","TCP","1514","8004  >  36482 [ACK] Seq=94310 Ack=144 Win=65024 Len=1448 TSval=2916039465 TSecr=3045559237 [TCP segment of a reassembled PDU]"
"48779","35.384479515","192.168.1.55","192.168.1.2","TCP","1514","8004  >  36482 [PSH, ACK] Seq=95758 Ack=144 Win=65024 Len=1448 TSval=2916039465 TSecr=3045559237 [TCP segment of a reassembled PDU]"
"48780","35.384485552","192.168.1.2","192.168.1.55","TCP","66","36482  >  8004 [ACK] Seq=144 Ack=42182 Win=93184 Len=0 TSval=3045559237 TSecr=2916039458"
"48781","35.387472316","192.168.1.2","192.168.1.55","TCP","66","36482  >  8004 [ACK] Seq=144 Ack=45078 Win=91136 Len=0 TSval=3045559240 TSecr=2916039462"
"48782","35.387494519","192.168.1.55","192.168.1.2","TCP","1514","8004  >  36482 [ACK] Seq=97206 Ack=144 Win=65024 Len=1448 TSval=2916039468 TSecr=3045559240 [TCP segment of a reassembled PDU]"
"48783","35.387497557","192.168.1.55","192.168.1.2","TCP","1514","8004  >  36482 [ACK] Seq=98654 Ack=144 Win=65024 Len=1448 TSval=2916039468 TSecr=3045559240 [TCP segment of a reassembled PDU]"
"48784","35.387498668","192.168.1.55","192.168.1.2","TCP","1514","8004  >  36482 [ACK] Seq=100102 Ack=144 Win=65024 Len=1448 TSval=2916039468 TSecr=3045559240 [TCP segment of a reassembled PDU]"
"48785","35.387499797","192.168.1.55","192.168.1.2","TCP","1514","8004  >  36482 [ACK] Seq=101550 Ack=144 Win=65024 Len=1448 TSval=2916039468 TSecr=3045559240 [TCP segment of a reassembled PDU]"
"48786","35.387501186","192.168.1.55","192.168.1.2","TCP","1514","8004  >  36482 [ACK] Seq=102998 Ack=144 Win=65024 Len=1448 TSval=2916039468 TSecr=3045559240 [TCP segment of a reassembled PDU]"
"48787","35.387503520","192.168.1.55","192.168.1.2","TCP","1514","8004  >  36482 [PSH, ACK] Seq=104446 Ack=144 Win=65024 Len=1448 TSval=2916039468 TSecr=3045559240 [TCP segment of a reassembled PDU]"
"48788","35.387530260","192.168.1.2","192.168.1.55","TCP","66","36482  >  8004 [ACK] Seq=144 Ack=65350 Win=74752 Len=0 TSval=3045559240 TSecr=2916039462"
"48789","35.387548094","192.168.1.55","192.168.1.2","TCP","1514","8004  >  36482 [ACK] Seq=105894 Ack=144 Win=65024 Len=1448 TSval=2916039468 TSecr=3045559240 [TCP segment of a reassembled PDU]"
"48790","35.387550205","192.168.1.55","192.168.1.2","TCP","1514","8004  >  36482 [ACK] Seq=107342 Ack=144 Win=65024 Len=1448 TSval=2916039468 TSecr=3045559240 [TCP segment of a reassembled PDU]"
"48791","35.387551779","192.168.1.55","192.168.1.2","TCP","1514","8004  >  36482 [ACK] Seq=108790 Ack=144 Win=65024 Len=1448 TSval=2916039468 TSecr=3045559240 [TCP segment of a reassembled PDU]"
"48792","35.387553705","192.168.1.55","192.168.1.2","TCP","1514","8004  >  36482 [ACK] Seq=110238 Ack=144 Win=65024 Len=1448 TSval=2916039468 TSecr=3045559240 [TCP segment of a reassembled PDU]"
"48793","35.387555186","192.168.1.55","192.168.1.2","TCP","1514","8004  >  36482 [ACK] Seq=111686 Ack=144 Win=65024 Len=1448 TSval=2916039468 TSecr=3045559240 [TCP segment of a reassembled PDU]"
"48794","35.387556316","192.168.1.55","192.168.1.2","TCP","1514","8004  >  36482 [ACK] Seq=113134 Ack=144 Win=65024 Len=1448 TSval=2916039468 TSecr=3045559240 [TCP segment of a reassembled PDU]"
"48795","35.387557520","192.168.1.55","192.168.1.2","TCP","1514","8004  >  36482 [ACK] Seq=114582 Ack=144 Win=65024 Len=1448 TSval=2916039468 TSecr=3045559240 [TCP segment of a reassembled PDU]"
"48796","35.387558853","192.168.1.55","192.168.1.2","TCP","1514","8004  >  36482 [ACK] Seq=116030 Ack=144 Win=65024 Len=1448 TSval=2916039468 TSecr=3045559240 [TCP segment of a reassembled PDU]"
"48797","35.387560297","192.168.1.55","192.168.1.2","TCP","1514","8004  >  36482 [ACK] Seq=117478 Ack=144 Win=65024 Len=1448 TSval=2916039468 TSecr=3045559240 [TCP segment of a reassembled PDU]"
"48798","35.387562557","192.168.1.55","192.168.1.2","TCP","1514","8004  >  36482 [PSH, ACK] Seq=118926 Ack=144 Win=65024 Len=1448 TSval=2916039468 TSecr=3045559240 [TCP segment of a reassembled PDU]"
"48799","35.390494932","192.168.1.2","192.168.1.55","TCP","66","36482  >  8004 [ACK] Seq=144 Ack=76934 Win=81920 Len=0 TSval=3045559243 TSecr=2916039464"
"48800","35.390574839","192.168.1.55","192.168.1.2","TCP","1514","8004  >  36482 [ACK] Seq=120374 Ack=144 Win=65024 Len=1448 TSval=2916039471 TSecr=3045559243 [TCP segment of a reassembled PDU]"
"48801","35.390579839","192.168.1.55","192.168.1.2","TCP","1514","8004  >  36482 [ACK] Seq=121822 Ack=144 Win=65024 Len=1448 TSval=2916039471 TSecr=3045559243 [TCP segment of a reassembled PDU]"
"48802","35.390581358","192.168.1.55","192.168.1.2","TCP","1514","8004  >  36482 [ACK] Seq=123270 Ack=144 Win=65024 Len=1448 TSval=2916039471 TSecr=3045559243 [TCP segment of a reassembled PDU]"
"48803","35.390583302","192.168.1.55","192.168.1.2","TCP","1514","8004  >  36482 [ACK] Seq=124718 Ack=144 Win=65024 Len=1448 TSval=2916039471 TSecr=3045559243 [TCP segment of a reassembled PDU]"
"48804","35.390584969","192.168.1.55","192.168.1.2","TCP","1514","8004  >  36482 [ACK] Seq=126166 Ack=144 Win=65024 Len=1448 TSval=2916039471 TSecr=3045559243 [TCP segment of a reassembled PDU]"
"48805","35.390586950","192.168.1.55","192.168.1.2","TCP","1514","8004  >  36482 [ACK] Seq=127614 Ack=144 Win=65024 Len=1448 TSval=2916039471 TSecr=3045559243 [TCP segment of a reassembled PDU]"
"48806","35.390588265","192.168.1.55","192.168.1.2","TCP","1514","8004  >  36482 [ACK] Seq=129062 Ack=144 Win=65024 Len=1448 TSval=2916039471 TSecr=3045559243 [TCP segment of a reassembled PDU]"
"48807","35.390590784","192.168.1.55","192.168.1.2","TCP","1514","8004  >  36482 [ACK] Seq=130510 Ack=144 Win=65024 Len=1448 TSval=2916039471 TSecr=3045559243 [TCP segment of a reassembled PDU]"
"48808","35.390592395","192.168.1.55","192.168.1.2","TCP","1514","8004  >  36482 [ACK] Seq=131958 Ack=144 Win=65024 Len=1448 TSval=2916039471 TSecr=3045559243 [TCP segment of a reassembled PDU]"
"48809","35.390593876","192.168.1.55","192.168.1.2","TCP","1514","8004  >  36482 [ACK] Seq=133406 Ack=144 Win=65024 Len=1448 TSval=2916039471 TSecr=3045559243 [TCP segment of a reassembled PDU]"
"48810","35.390595932","192.168.1.55","192.168.1.2","TCP","1514","8004  >  36482 [ACK] Seq=134854 Ack=144 Win=65024 Len=1448 TSval=2916039471 TSecr=3045559243 [TCP segment of a reassembled PDU]"
"48811","35.390597913","192.168.1.55","192.168.1.2","TCP","1514","8004  >  36482 [ACK] Seq=136302 Ack=144 Win=65024 Len=1448 TSval=2916039471 TSecr=3045559243 [TCP segment of a reassembled PDU]"
"48812","35.390599284","192.168.1.55","192.168.1.2","TCP","1514","8004  >  36482 [ACK] Seq=137750 Ack=144 Win=65024 Len=1448 TSval=2916039471 TSecr=3045559243 [TCP segment of a reassembled PDU]"
"48813","35.390600728","192.168.1.55","192.168.1.2","TCP","1514","8004  >  36482 [ACK] Seq=139198 Ack=144 Win=65024 Len=1448 TSval=2916039471 TSecr=3045559243 [TCP segment of a reassembled PDU]"
"48814","35.390603043","192.168.1.55","192.168.1.2","TCP","1514","8004  >  36482 [ACK] Seq=140646 Ack=144 Win=65024 Len=1448 TSval=2916039471 TSecr=3045559243 [TCP segment of a reassembled PDU]"
"48815","35.390612617","192.168.1.55","192.168.1.2","TCP","1514","8004  >  36482 [ACK] Seq=142094 Ack=144 Win=65024 Len=1448 TSval=2916039471 TSecr=3045559243 [TCP segment of a reassembled PDU]"
"48816","35.390614747","192.168.1.55","192.168.1.2","TCP","1514","8004  >  36482 [ACK] Seq=143542 Ack=144 Win=65024 Len=1448 TSval=2916039471 TSecr=3045559243 [TCP segment of a reassembled PDU]"
"48817","35.390616728","192.168.1.55","192.168.1.2","TCP","1514","8004  >  36482 [ACK] Seq=144990 Ack=144 Win=65024 Len=1448 TSval=2916039471 TSecr=3045559243 [TCP segment of a reassembled PDU]"
"48818","35.390618728","192.168.1.55","192.168.1.2","TCP","1514","8004  >  36482 [ACK] Seq=146438 Ack=144 Win=65024 Len=1448 TSval=2916039471 TSecr=3045559243 [TCP segment of a reassembled PDU]"
"48819","35.390620099","192.168.1.55","192.168.1.2","TCP","1514","8004  >  36482 [ACK] Seq=147886 Ack=144 Win=65024 Len=1448 TSval=2916039471 TSecr=3045559243 [TCP segment of a reassembled PDU]"
"48820","35.390622543","192.168.1.55","192.168.1.2","TCP","1514","8004  >  36482 [ACK] Seq=149334 Ack=144 Win=65024 Len=1448 TSval=2916039471 TSecr=3045559243 [TCP segment of a reassembled PDU]"
"48821","35.390624413","192.168.1.55","192.168.1.2","TCP","1514","8004  >  36482 [ACK] Seq=150782 Ack=144 Win=65024 Len=1448 TSval=2916039471 TSecr=3045559243 [TCP segment of a reassembled PDU]"
"48822","35.390626173","192.168.1.55","192.168.1.2","TCP","1514","8004  >  36482 [ACK] Seq=152230 Ack=144 Win=65024 Len=1448 TSval=2916039471 TSecr=3045559243 [TCP segment of a reassembled PDU]"
"48823","35.390627913","192.168.1.55","192.168.1.2","TCP","1514","8004  >  36482 [ACK] Seq=153678 Ack=144 Win=65024 Len=1448 TSval=2916039471 TSecr=3045559243 [TCP segment of a reassembled PDU]"
"48824","35.390629043","192.168.1.55","192.168.1.2","TCP","1514","8004  >  36482 [ACK] Seq=155126 Ack=144 Win=65024 Len=1448 TSval=2916039471 TSecr=3045559243 [TCP segment of a reassembled PDU]"
"48825","35.390630432","192.168.1.55","192.168.1.2","TCP","1514","8004  >  36482 [ACK] Seq=156574 Ack=144 Win=65024 Len=1448 TSval=2916039471 TSecr=3045559243 [TCP segment of a reassembled PDU]"
"48826","35.390631821","192.168.1.55","192.168.1.2","TCP","898","[TCP Window Full] 8004  >  36482 [PSH, ACK] Seq=158022 Ack=144 Win=65024 Len=832 TSval=2916039471 TSecr=3045559243 [TCP segment of a reassembled PDU]"
"48827","35.390695191","192.168.1.2","192.168.1.55","TCP","66","36482  >  8004 [ACK] Seq=144 Ack=88518 Win=70656 Len=0 TSval=3045559243 TSecr=2916039465"
"48828","35.390704802","192.168.1.2","192.168.1.55","TCP","66","36482  >  8004 [ACK] Seq=144 Ack=97206 Win=83968 Len=0 TSval=3045559244 TSecr=2916039465"
"48829","35.390723710","192.168.1.55","192.168.1.2","TCP","1514","8004  >  36482 [ACK] Seq=158854 Ack=144 Win=65024 Len=1448 TSval=2916039471 TSecr=3045559244 [TCP segment of a reassembled PDU]"
"48830","35.390726173","192.168.1.55","192.168.1.2","TCP","1514","8004  >  36482 [ACK] Seq=160302 Ack=144 Win=65024 Len=1448 TSval=2916039471 TSecr=3045559244 [TCP segment of a reassembled PDU]"
"48831","35.390727691","192.168.1.55","192.168.1.2","TCP","1514","8004  >  36482 [PSH, ACK] Seq=161750 Ack=144 Win=65024 Len=1448 TSval=2916039471 TSecr=3045559244 [TCP segment of a reassembled PDU]"
"48832","35.390734154","192.168.1.55","192.168.1.2","TCP","682","8004  >  36482 [ACK] Seq=163198 Ack=144 Win=65024 Len=616 TSval=2916039471 TSecr=3045559244 [TCP segment of a reassembled PDU]"
"48833","35.396395256","192.168.1.2","192.168.1.55","TCP","66","36482  >  8004 [ACK] Seq=144 Ack=105894 Win=84992 Len=0 TSval=3045559246 TSecr=2916039468"
"48834","35.396436571","192.168.1.55","192.168.1.2","TCP","1514","8004  >  36482 [ACK] Seq=163814 Ack=144 Win=65024 Len=1448 TSval=2916039477 TSecr=3045559246 [TCP segment of a reassembled PDU]"
"48835","35.396440608","192.168.1.55","192.168.1.2","TCP","1514","8004  >  36482 [ACK] Seq=165262 Ack=144 Win=65024 Len=1448 TSval=2916039477 TSecr=3045559246 [TCP segment of a reassembled PDU]"
"48836","35.396441997","192.168.1.55","192.168.1.2","TCP","1514","8004  >  36482 [ACK] Seq=166710 Ack=144 Win=65024 Len=1448 TSval=2916039477 TSecr=3045559246 [TCP segment of a reassembled PDU]"
"48837","35.396443312","192.168.1.55","192.168.1.2","TCP","1514","8004  >  36482 [ACK] Seq=168158 Ack=144 Win=65024 Len=1448 TSval=2916039477 TSecr=3045559246 [TCP segment of a reassembled PDU]"
"48838","35.396444589","192.168.1.55","192.168.1.2","TCP","1514","8004  >  36482 [ACK] Seq=169606 Ack=144 Win=65024 Len=1448 TSval=2916039477 TSecr=3045559246 [TCP segment of a reassembled PDU]"
"48839","35.396446108","192.168.1.55","192.168.1.2","TCP","1514","8004  >  36482 [ACK] Seq=171054 Ack=144 Win=65024 Len=1448 TSval=2916039477 TSecr=3045559246 [TCP segment of a reassembled PDU]"
"48840","35.396447386","192.168.1.55","192.168.1.2","TCP","1514","8004  >  36482 [ACK] Seq=172502 Ack=144 Win=65024 Len=1448 TSval=2916039477 TSecr=3045559246 [TCP segment of a reassembled PDU]"
"48841","35.396448756","192.168.1.55","192.168.1.2","TCP","1514","8004  >  36482 [ACK] Seq=173950 Ack=144 Win=65024 Len=1448 TSval=2916039477 TSecr=3045559246 [TCP segment of a reassembled PDU]"
"48842","35.396450145","192.168.1.55","192.168.1.2","TCP","1514","8004  >  36482 [ACK] Seq=175398 Ack=144 Win=65024 Len=1448 TSval=2916039477 TSecr=3045559246 [TCP segment of a reassembled PDU]"
"48843","35.396451515","192.168.1.55","192.168.1.2","TCP","1514","8004  >  36482 [ACK] Seq=176846 Ack=144 Win=65024 Len=1448 TSval=2916039477 TSecr=3045559246 [TCP segment of a reassembled PDU]"
"48844","35.396452849","192.168.1.55","192.168.1.2","TCP","1514","8004  >  36482 [ACK] Seq=178294 Ack=144 Win=65024 Len=1448 TSval=2916039477 TSecr=3045559246 [TCP segment of a reassembled PDU]"
"48845","35.396454219","192.168.1.55","192.168.1.2","TCP","1514","8004  >  36482 [ACK] Seq=179742 Ack=144 Win=65024 Len=1448 TSval=2916039477 TSecr=3045559246 [TCP segment of a reassembled PDU]"
"48846","35.396455608","192.168.1.55","192.168.1.2","TCP","1514","8004  >  36482 [ACK] Seq=181190 Ack=144 Win=65024 Len=1448 TSval=2916039477 TSecr=3045559246 [TCP segment of a reassembled PDU]"
"48847","35.396456923","192.168.1.55","192.168.1.2","TCP","1514","8004  >  36482 [ACK] Seq=182638 Ack=144 Win=65024 Len=1448 TSval=2916039477 TSecr=3045559246 [TCP segment of a reassembled PDU]"
"48848","35.396458256","192.168.1.55","192.168.1.2","TCP","1514","8004  >  36482 [ACK] Seq=184086 Ack=144 Win=65024 Len=1448 TSval=2916039477 TSecr=3045559246 [TCP segment of a reassembled PDU]"
"48849","35.396459608","192.168.1.55","192.168.1.2","TCP","1514","8004  >  36482 [ACK] Seq=185534 Ack=144 Win=65024 Len=1448 TSval=2916039477 TSecr=3045559246 [TCP segment of a reassembled PDU]"
"48850","35.396461034","192.168.1.55","192.168.1.2","TCP","1514","8004  >  36482 [ACK] Seq=186982 Ack=144 Win=65024 Len=1448 TSval=2916039477 TSecr=3045559246 [TCP segment of a reassembled PDU]"
"48851","35.396462460","192.168.1.55","192.168.1.2","TCP","1514","8004  >  36482 [PSH, ACK] Seq=188430 Ack=144 Win=65024 Len=1448 TSval=2916039477 TSecr=3045559246 [TCP segment of a reassembled PDU]"
"48852","35.396496201","192.168.1.2","192.168.1.55","TCP","66","36482  >  8004 [ACK] Seq=144 Ack=120374 Win=70656 Len=0 TSval=3045559246 TSecr=2916039468"
"48853","35.396564423","192.168.1.2","192.168.1.55","TCP","66","36482  >  8004 [ACK] Seq=144 Ack=155126 Win=58368 Len=0 TSval=3045559249 TSecr=2916039471"
"48854","35.396592293","192.168.1.55","192.168.1.2","TCP","1514","8004  >  36482 [ACK] Seq=189878 Ack=144 Win=65024 Len=1448 TSval=2916039477 TSecr=3045559249 [TCP segment of a reassembled PDU]"
"48855","35.396594904","192.168.1.55","192.168.1.2","TCP","1514","8004  >  36482 [ACK] Seq=191326 Ack=144 Win=65024 Len=1448 TSval=2916039477 TSecr=3045559249 [TCP segment of a reassembled PDU]"
"48856","35.396596682","192.168.1.55","192.168.1.2","TCP","1514","8004  >  36482 [ACK] Seq=192774 Ack=144 Win=65024 Len=1448 TSval=2916039477 TSecr=3045559249 [TCP segment of a reassembled PDU]"
"48857","35.396598219","192.168.1.55","192.168.1.2","TCP","1514","8004  >  36482 [ACK] Seq=194222 Ack=144 Win=65024 Len=1448 TSval=2916039477 TSecr=3045559249 [TCP segment of a reassembled PDU]"
"48858","35.396600182","192.168.1.55","192.168.1.2","TCP","1514","8004  >  36482 [ACK] Seq=195670 Ack=144 Win=65024 Len=1448 TSval=2916039477 TSecr=3045559249 [TCP segment of a reassembled PDU]"
"48859","35.396602460","192.168.1.55","192.168.1.2","TCP","1514","8004  >  36482 [ACK] Seq=197118 Ack=144 Win=65024 Len=1448 TSval=2916039477 TSecr=3045559249 [TCP segment of a reassembled PDU]"
"48860","35.396604367","192.168.1.55","192.168.1.2","TCP","1514","8004  >  36482 [ACK] Seq=198566 Ack=144 Win=65024 Len=1448 TSval=2916039477 TSecr=3045559249 [TCP segment of a reassembled PDU]"
"48861","35.396606497","192.168.1.55","192.168.1.2","TCP","1514","8004  >  36482 [ACK] Seq=200014 Ack=144 Win=65024 Len=1448 TSval=2916039477 TSecr=3045559249 [TCP segment of a reassembled PDU]"
"48862","35.396608201","192.168.1.55","192.168.1.2","TCP","1514","8004  >  36482 [ACK] Seq=201462 Ack=144 Win=65024 Len=1448 TSval=2916039477 TSecr=3045559249 [TCP segment of a reassembled PDU]"
"48863","35.396610238","192.168.1.55","192.168.1.2","TCP","1514","8004  >  36482 [ACK] Seq=202910 Ack=144 Win=65024 Len=1448 TSval=2916039477 TSecr=3045559249 [TCP segment of a reassembled PDU]"
"48864","35.396611701","192.168.1.55","192.168.1.2","TCP","1514","8004  >  36482 [ACK] Seq=204358 Ack=144 Win=65024 Len=1448 TSval=2916039477 TSecr=3045559249 [TCP segment of a reassembled PDU]"
"48865","35.396612997","192.168.1.55","192.168.1.2","TCP","1514","8004  >  36482 [ACK] Seq=205806 Ack=144 Win=65024 Len=1448 TSval=2916039477 TSecr=3045559249 [TCP segment of a reassembled PDU]"
"48866","35.396614386","192.168.1.55","192.168.1.2","TCP","1514","8004  >  36482 [ACK] Seq=207254 Ack=144 Win=65024 Len=1448 TSval=2916039477 TSecr=3045559249 [TCP segment of a reassembled PDU]"
"48867","35.396615738","192.168.1.55","192.168.1.2","TCP","1514","8004  >  36482 [PSH, ACK] Seq=208702 Ack=144 Win=65024 Len=1448 TSval=2916039477 TSecr=3045559249 [TCP segment of a reassembled PDU]"
"48868","35.396620979","192.168.1.2","192.168.1.55","TCP","66","36482  >  8004 [ACK] Seq=144 Ack=158854 Win=90112 Len=0 TSval=3045559251 TSecr=2916039471"
"48869","35.396665497","192.168.1.55","192.168.1.2","TCP","1514","8004  >  36482 [ACK] Seq=210150 Ack=144 Win=65024 Len=1448 TSval=2916039477 TSecr=3045559251 [TCP segment of a reassembled PDU]"
"48870","35.396667812","192.168.1.55","192.168.1.2","TCP","1514","8004  >  36482 [ACK] Seq=211598 Ack=144 Win=65024 Len=1448 TSval=2916039477 TSecr=3045559251 [TCP segment of a reassembled PDU]"
"48871","35.396669127","192.168.1.55","192.168.1.2","TCP","1514","8004  >  36482 [ACK] Seq=213046 Ack=144 Win=65024 Len=1448 TSval=2916039477 TSecr=3045559251 [TCP segment of a reassembled PDU]"
"48872","35.396670534","192.168.1.55","192.168.1.2","TCP","1514","8004  >  36482 [ACK] Seq=214494 Ack=144 Win=65024 Len=1448 TSval=2916039477 TSecr=3045559251 [TCP segment of a reassembled PDU]"
"48873","35.396671979","192.168.1.55","192.168.1.2","TCP","1514","8004  >  36482 [ACK] Seq=215942 Ack=144 Win=65024 Len=1448 TSval=2916039477 TSecr=3045559251 [TCP segment of a reassembled PDU]"
"48874","35.396673479","192.168.1.55","192.168.1.2","TCP","1514","8004  >  36482 [ACK] Seq=217390 Ack=144 Win=65024 Len=1448 TSval=2916039477 TSecr=3045559251 [TCP segment of a reassembled PDU]"
"48875","35.396674812","192.168.1.55","192.168.1.2","TCP","1514","8004  >  36482 [ACK] Seq=218838 Ack=144 Win=65024 Len=1448 TSval=2916039477 TSecr=3045559251 [TCP segment of a reassembled PDU]"
"48876","35.396676182","192.168.1.55","192.168.1.2","TCP","1514","8004  >  36482 [ACK] Seq=220286 Ack=144 Win=65024 Len=1448 TSval=2916039477 TSecr=3045559251 [TCP segment of a reassembled PDU]"
"48877","35.396677645","192.168.1.55","192.168.1.2","TCP","1514","8004  >  36482 [ACK] Seq=221734 Ack=144 Win=65024 Len=1448 TSval=2916039477 TSecr=3045559251 [TCP segment of a reassembled PDU]"
"48878","35.396679386","192.168.1.55","192.168.1.2","TCP","1514","8004  >  36482 [ACK] Seq=223182 Ack=144 Win=65024 Len=1448 TSval=2916039477 TSecr=3045559251 [TCP segment of a reassembled PDU]"
"48879","35.396680979","192.168.1.55","192.168.1.2","TCP","1514","8004  >  36482 [ACK] Seq=224630 Ack=144 Win=65024 Len=1448 TSval=2916039477 TSecr=3045559251 [TCP segment of a reassembled PDU]"
"48880","35.396682386","192.168.1.55","192.168.1.2","TCP","1514","8004  >  36482 [ACK] Seq=226078 Ack=144 Win=65024 Len=1448 TSval=2916039477 TSecr=3045559251 [TCP segment of a reassembled PDU]"
"48881","35.396683775","192.168.1.55","192.168.1.2","TCP","1514","8004  >  36482 [ACK] Seq=227526 Ack=144 Win=65024 Len=1448 TSval=2916039477 TSecr=3045559251 [TCP segment of a reassembled PDU]"
"48882","35.396685293","192.168.1.55","192.168.1.2","TCP","1514","8004  >  36482 [ACK] Seq=228974 Ack=144 Win=65024 Len=1448 TSval=2916039477 TSecr=3045559251 [TCP segment of a reassembled PDU]"
"48883","35.396686608","192.168.1.55","192.168.1.2","TCP","1514","8004  >  36482 [ACK] Seq=230422 Ack=144 Win=65024 Len=1448 TSval=2916039477 TSecr=3045559251 [TCP segment of a reassembled PDU]"
"48884","35.396688201","192.168.1.55","192.168.1.2","TCP","1514","8004  >  36482 [ACK] Seq=231870 Ack=144 Win=65024 Len=1448 TSval=2916039477 TSecr=3045559251 [TCP segment of a reassembled PDU]"
"48885","35.396689627","192.168.1.55","192.168.1.2","TCP","1514","8004  >  36482 [ACK] Seq=233318 Ack=144 Win=65024 Len=1448 TSval=2916039477 TSecr=3045559251 [TCP segment of a reassembled PDU]"
"48886","35.396690923","192.168.1.55","192.168.1.2","TCP","1514","8004  >  36482 [ACK] Seq=234766 Ack=144 Win=65024 Len=1448 TSval=2916039477 TSecr=3045559251 [TCP segment of a reassembled PDU]"
"48887","35.396692293","192.168.1.55","192.168.1.2","TCP","1514","8004  >  36482 [ACK] Seq=236214 Ack=144 Win=65024 Len=1448 TSval=2916039477 TSecr=3045559251 [TCP segment of a reassembled PDU]"
"48888","35.396693701","192.168.1.55","192.168.1.2","TCP","1514","8004  >  36482 [ACK] Seq=237662 Ack=144 Win=65024 Len=1448 TSval=2916039477 TSecr=3045559251 [TCP segment of a reassembled PDU]"
"48889","35.396695108","192.168.1.55","192.168.1.2","TCP","1514","8004  >  36482 [ACK] Seq=239110 Ack=144 Win=65024 Len=1448 TSval=2916039477 TSecr=3045559251 [TCP segment of a reassembled PDU]"
"48890","35.396696516","192.168.1.55","192.168.1.2","TCP","1514","8004  >  36482 [ACK] Seq=240558 Ack=144 Win=65024 Len=1448 TSval=2916039477 TSecr=3045559251 [TCP segment of a reassembled PDU]"
"48891","35.396698016","192.168.1.55","192.168.1.2","TCP","1514","8004  >  36482 [ACK] Seq=242006 Ack=144 Win=65024 Len=1448 TSval=2916039477 TSecr=3045559251 [TCP segment of a reassembled PDU]"
"48892","35.396699460","192.168.1.55","192.168.1.2","TCP","1514","8004  >  36482 [ACK] Seq=243454 Ack=144 Win=65024 Len=1448 TSval=2916039477 TSecr=3045559251 [TCP segment of a reassembled PDU]"
"48893","35.396700849","192.168.1.55","192.168.1.2","TCP","1514","8004  >  36482 [ACK] Seq=244902 Ack=144 Win=65024 Len=1448 TSval=2916039477 TSecr=3045559251 [TCP segment of a reassembled PDU]"
"48894","35.396702182","192.168.1.55","192.168.1.2","TCP","1514","8004  >  36482 [PSH, ACK] Seq=246350 Ack=144 Win=65024 Len=1448 TSval=2916039477 TSecr=3045559251 [TCP segment of a reassembled PDU]"
"48895","35.396707034","192.168.1.2","192.168.1.55","TCP","66","36482  >  8004 [ACK] Seq=144 Ack=163814 Win=94208 Len=0 TSval=3045559251 TSecr=2916039471"
"48896","35.397927370","192.168.1.55","192.168.1.2","TCP","1514","8004  >  36482 [ACK] Seq=247798 Ack=144 Win=65024 Len=1448 TSval=2916039478 TSecr=3045559251 [TCP segment of a reassembled PDU]"
"48897","35.397930962","192.168.1.55","192.168.1.2","TCP","1514","8004  >  36482 [ACK] Seq=249246 Ack=144 Win=65024 Len=1448 TSval=2916039478 TSecr=3045559251 [TCP segment of a reassembled PDU]"
"48898","35.397932333","192.168.1.55","192.168.1.2","TCP","1514","8004  >  36482 [ACK] Seq=250694 Ack=144 Win=65024 Len=1448 TSval=2916039478 TSecr=3045559251 [TCP segment of a reassembled PDU]"
"48899","35.397933684","192.168.1.55","192.168.1.2","TCP","1514","8004  >  36482 [ACK] Seq=252142 Ack=144 Win=65024 Len=1448 TSval=2916039478 TSecr=3045559251 [TCP segment of a reassembled PDU]"
"48900","35.397935018","192.168.1.55","192.168.1.2","TCP","1514","8004  >  36482 [ACK] Seq=253590 Ack=144 Win=65024 Len=1448 TSval=2916039478 TSecr=3045559251 [TCP segment of a reassembled PDU]"
"48901","35.397936388","192.168.1.55","192.168.1.2","TCP","1514","8004  >  36482 [PSH, ACK] Seq=255038 Ack=144 Win=65024 Len=1448 TSval=2916039478 TSecr=3045559251 [TCP segment of a reassembled PDU]"
"48902","35.397945333","192.168.1.55","192.168.1.2","TCP","1514","8004  >  36482 [ACK] Seq=256486 Ack=144 Win=65024 Len=1448 TSval=2916039478 TSecr=3045559251 [TCP segment of a reassembled PDU]"
"48903","35.397946703","192.168.1.55","192.168.1.2","TCP","154","[TCP Window Full] 8004  >  36482 [PSH, ACK] Seq=257934 Ack=144 Win=65024 Len=88 TSval=2916039478 TSecr=3045559251 [TCP segment of a reassembled PDU]"
"48904","35.403816620","192.168.1.2","192.168.1.55","TCP","66","36482  >  8004 [ACK] Seq=144 Ack=189878 Win=68608 Len=0 TSval=3045559257 TSecr=2916039477"
"48905","35.403949268","192.168.1.2","192.168.1.55","TCP","66","36482  >  8004 [ACK] Seq=144 Ack=210150 Win=49152 Len=0 TSval=3045559257 TSecr=2916039477"
"48906","35.403956138","192.168.1.2","192.168.1.55","TCP","66","36482  >  8004 [ACK] Seq=144 Ack=233318 Win=26624 Len=0 TSval=3045559257 TSecr=2916039477"
"48907","35.403970268","192.168.1.55","192.168.1.2","TCP","1514","8004  >  36482 [ACK] Seq=258022 Ack=144 Win=65024 Len=1448 TSval=2916039484 TSecr=3045559257 [TCP segment of a reassembled PDU]"
"48908","35.403976379","192.168.1.2","192.168.1.55","TCP","66","[TCP Window Update] 36482  >  8004 [ACK] Seq=144 Ack=233318 Win=71680 Len=0 TSval=3045559257 TSecr=2916039477"
"48909","35.404009564","192.168.1.55","192.168.1.2","TCP","1514","8004  >  36482 [ACK] Seq=259470 Ack=144 Win=65024 Len=1448 TSval=2916039484 TSecr=3045559257 [TCP segment of a reassembled PDU]"
"48910","35.404011157","192.168.1.55","192.168.1.2","TCP","1514","8004  >  36482 [ACK] Seq=260918 Ack=144 Win=65024 Len=1448 TSval=2916039484 TSecr=3045559257 [TCP segment of a reassembled PDU]"
"48911","35.404012213","192.168.1.55","192.168.1.2","TCP","1514","8004  >  36482 [ACK] Seq=262366 Ack=144 Win=65024 Len=1448 TSval=2916039484 TSecr=3045559257 [TCP segment of a reassembled PDU]"
"48912","35.404013231","192.168.1.55","192.168.1.2","TCP","1514","8004  >  36482 [ACK] Seq=263814 Ack=144 Win=65024 Len=1448 TSval=2916039484 TSecr=3045559257 [TCP segment of a reassembled PDU]"
"48913","35.404014287","192.168.1.55","192.168.1.2","TCP","1514","8004  >  36482 [ACK] Seq=265262 Ack=144 Win=65024 Len=1448 TSval=2916039484 TSecr=3045559257 [TCP segment of a reassembled PDU]"
"48914","35.404015157","192.168.1.55","192.168.1.2","TCP","1514","8004  >  36482 [ACK] Seq=266710 Ack=144 Win=65024 Len=1448 TSval=2916039484 TSecr=3045559257 [TCP segment of a reassembled PDU]"
"48915","35.404016102","192.168.1.55","192.168.1.2","TCP","1514","8004  >  36482 [ACK] Seq=268158 Ack=144 Win=65024 Len=1448 TSval=2916039484 TSecr=3045559257 [TCP segment of a reassembled PDU]"
"48916","35.404017139","192.168.1.55","192.168.1.2","TCP","1514","8004  >  36482 [ACK] Seq=269606 Ack=144 Win=65024 Len=1448 TSval=2916039484 TSecr=3045559257 [TCP segment of a reassembled PDU]"
"48917","35.404018083","192.168.1.55","192.168.1.2","TCP","1514","8004  >  36482 [ACK] Seq=271054 Ack=144 Win=65024 Len=1448 TSval=2916039484 TSecr=3045559257 [TCP segment of a reassembled PDU]"
"48918","35.404019379","192.168.1.55","192.168.1.2","TCP","1514","8004  >  36482 [ACK] Seq=272502 Ack=144 Win=65024 Len=1448 TSval=2916039484 TSecr=3045559257 [TCP segment of a reassembled PDU]"
"48919","35.404020361","192.168.1.55","192.168.1.2","TCP","1514","8004  >  36482 [ACK] Seq=273950 Ack=144 Win=65024 Len=1448 TSval=2916039484 TSecr=3045559257 [TCP segment of a reassembled PDU]"
"48920","35.404021268","192.168.1.55","192.168.1.2","TCP","1514","8004  >  36482 [ACK] Seq=275398 Ack=144 Win=65024 Len=1448 TSval=2916039484 TSecr=3045559257 [TCP segment of a reassembled PDU]"
"48921","35.404022342","192.168.1.55","192.168.1.2","TCP","1514","8004  >  36482 [ACK] Seq=276846 Ack=144 Win=65024 Len=1448 TSval=2916039484 TSecr=3045559257 [TCP segment of a reassembled PDU]"
"48922","35.404023509","192.168.1.55","192.168.1.2","TCP","1514","8004  >  36482 [ACK] Seq=278294 Ack=144 Win=65024 Len=1448 TSval=2916039484 TSecr=3045559257 [TCP segment of a reassembled PDU]"
"48923","35.404024509","192.168.1.55","192.168.1.2","TCP","1514","8004  >  36482 [ACK] Seq=279742 Ack=144 Win=65024 Len=1448 TSval=2916039484 TSecr=3045559257 [TCP segment of a reassembled PDU]"
"48924","35.404025398","192.168.1.55","192.168.1.2","TCP","1514","8004  >  36482 [ACK] Seq=281190 Ack=144 Win=65024 Len=1448 TSval=2916039484 TSecr=3045559257 [TCP segment of a reassembled PDU]"
"48925","35.404026324","192.168.1.55","192.168.1.2","TCP","1514","8004  >  36482 [ACK] Seq=282638 Ack=144 Win=65024 Len=1448 TSval=2916039484 TSecr=3045559257 [TCP segment of a reassembled PDU]"
"48926","35.404027305","192.168.1.55","192.168.1.2","TCP","1514","8004  >  36482 [ACK] Seq=284086 Ack=144 Win=65024 Len=1448 TSval=2916039484 TSecr=3045559257 [TCP segment of a reassembled PDU]"
"48927","35.404028379","192.168.1.55","192.168.1.2","TCP","1514","8004  >  36482 [ACK] Seq=285534 Ack=144 Win=65024 Len=1448 TSval=2916039484 TSecr=3045559257 [TCP segment of a reassembled PDU]"
"48928","35.404029287","192.168.1.55","192.168.1.2","TCP","1514","8004  >  36482 [ACK] Seq=286982 Ack=144 Win=65024 Len=1448 TSval=2916039484 TSecr=3045559257 [TCP segment of a reassembled PDU]"
"48929","35.404030546","192.168.1.55","192.168.1.2","TCP","1514","8004  >  36482 [ACK] Seq=288430 Ack=144 Win=65024 Len=1448 TSval=2916039484 TSecr=3045559257 [TCP segment of a reassembled PDU]"
"48930","35.404031694","192.168.1.55","192.168.1.2","TCP","1514","8004  >  36482 [ACK] Seq=289878 Ack=144 Win=65024 Len=1448 TSval=2916039484 TSecr=3045559257 [TCP segment of a reassembled PDU]"
"48931","35.404032750","192.168.1.55","192.168.1.2","TCP","1514","8004  >  36482 [ACK] Seq=291326 Ack=144 Win=65024 Len=1448 TSval=2916039484 TSecr=3045559257 [TCP segment of a reassembled PDU]"
"48932","35.404033657","192.168.1.55","192.168.1.2","TCP","1514","8004  >  36482 [ACK] Seq=292774 Ack=144 Win=65024 Len=1448 TSval=2916039484 TSecr=3045559257 [TCP segment of a reassembled PDU]"
"48933","35.404034898","192.168.1.55","192.168.1.2","TCP","1514","8004  >  36482 [ACK] Seq=294222 Ack=144 Win=65024 Len=1448 TSval=2916039484 TSecr=3045559257 [TCP segment of a reassembled PDU]"
"48934","35.404035861","192.168.1.55","192.168.1.2","TCP","1514","8004  >  36482 [ACK] Seq=295670 Ack=144 Win=65024 Len=1448 TSval=2916039484 TSecr=3045559257 [TCP segment of a reassembled PDU]"
"48935","35.404036861","192.168.1.55","192.168.1.2","TCP","1514","8004  >  36482 [ACK] Seq=297118 Ack=144 Win=65024 Len=1448 TSval=2916039484 TSecr=3045559257 [TCP segment of a reassembled PDU]"
"48936","35.404038213","192.168.1.55","192.168.1.2","TCP","1514","8004  >  36482 [ACK] Seq=298566 Ack=144 Win=65024 Len=1448 TSval=2916039484 TSecr=3045559257 [TCP segment of a reassembled PDU]"
"48937","35.404039231","192.168.1.55","192.168.1.2","TCP","1514","8004  >  36482 [PSH, ACK] Seq=300014 Ack=144 Win=65024 Len=1448 TSval=2916039484 TSecr=3045559257 [TCP segment of a reassembled PDU]"
"48938","35.404042694","192.168.1.55","192.168.1.2","TCP","1426","8004  >  36482 [ACK] Seq=301462 Ack=144 Win=65024 Len=1360 TSval=2916039484 TSecr=3045559257 [TCP segment of a reassembled PDU]"
"48939","35.404096139","192.168.1.2","192.168.1.55","TCP","66","36482  >  8004 [ACK] Seq=144 Ack=247798 Win=79872 Len=0 TSval=3045559258 TSecr=2916039477"
"48940","35.404101898","192.168.1.2","192.168.1.55","TCP","66","36482  >  8004 [ACK] Seq=144 Ack=256486 Win=71680 Len=0 TSval=3045559258 TSecr=2916039478"
"48941","35.404123731","192.168.1.55","192.168.1.2","TCP","1514","8004  >  36482 [ACK] Seq=302822 Ack=144 Win=65024 Len=1448 TSval=2916039484 TSecr=3045559258 [TCP segment of a reassembled PDU]"
"48942","35.404125250","192.168.1.55","192.168.1.2","TCP","1514","8004  >  36482 [ACK] Seq=304270 Ack=144 Win=65024 Len=1448 TSval=2916039484 TSecr=3045559258 [TCP segment of a reassembled PDU]"
"48943","35.404126268","192.168.1.55","192.168.1.2","TCP","1514","8004  >  36482 [ACK] Seq=305718 Ack=144 Win=65024 Len=1448 TSval=2916039484 TSecr=3045559258 [TCP segment of a reassembled PDU]"
"48944","35.404127213","192.168.1.55","192.168.1.2","TCP","1514","8004  >  36482 [ACK] Seq=307166 Ack=144 Win=65024 Len=1448 TSval=2916039484 TSecr=3045559258 [TCP segment of a reassembled PDU]"
"48945","35.404128268","192.168.1.55","192.168.1.2","TCP","1514","8004  >  36482 [ACK] Seq=308614 Ack=144 Win=65024 Len=1448 TSval=2916039484 TSecr=3045559258 [TCP segment of a reassembled PDU]"
"48946","35.404129676","192.168.1.55","192.168.1.2","TCP","1514","8004  >  36482 [ACK] Seq=310062 Ack=144 Win=65024 Len=1448 TSval=2916039484 TSecr=3045559258 [TCP segment of a reassembled PDU]"
"48947","35.404130731","192.168.1.55","192.168.1.2","TCP","1514","8004  >  36482 [ACK] Seq=311510 Ack=144 Win=65024 Len=1448 TSval=2916039484 TSecr=3045559258 [TCP segment of a reassembled PDU]"
"48948","35.404131768","192.168.1.55","192.168.1.2","TCP","1514","8004  >  36482 [ACK] Seq=312958 Ack=144 Win=65024 Len=1448 TSval=2916039484 TSecr=3045559258 [TCP segment of a reassembled PDU]"
"48949","35.404132824","192.168.1.55","192.168.1.2","TCP","1514","8004  >  36482 [ACK] Seq=314406 Ack=144 Win=65024 Len=1448 TSval=2916039484 TSecr=3045559258 [TCP segment of a reassembled PDU]"
"48950","35.404133954","192.168.1.55","192.168.1.2","TCP","1514","8004  >  36482 [ACK] Seq=315854 Ack=144 Win=65024 Len=1448 TSval=2916039484 TSecr=3045559258 [TCP segment of a reassembled PDU]"
"48951","35.404135065","192.168.1.55","192.168.1.2","TCP","1514","8004  >  36482 [ACK] Seq=317302 Ack=144 Win=65024 Len=1448 TSval=2916039484 TSecr=3045559258 [TCP segment of a reassembled PDU]"
"48952","35.404136231","192.168.1.55","192.168.1.2","TCP","1514","8004  >  36482 [ACK] Seq=318750 Ack=144 Win=65024 Len=1448 TSval=2916039484 TSecr=3045559258 [TCP segment of a reassembled PDU]"
"48953","35.404137305","192.168.1.55","192.168.1.2","TCP","1514","8004  >  36482 [ACK] Seq=320198 Ack=144 Win=65024 Len=1448 TSval=2916039484 TSecr=3045559258 [TCP segment of a reassembled PDU]"
"48954","35.404138231","192.168.1.55","192.168.1.2","TCP","1514","8004  >  36482 [ACK] Seq=321646 Ack=144 Win=65024 Len=1448 TSval=2916039484 TSecr=3045559258 [TCP segment of a reassembled PDU]"
"48955","35.404139417","192.168.1.55","192.168.1.2","TCP","1514","8004  >  36482 [ACK] Seq=323094 Ack=144 Win=65024 Len=1448 TSval=2916039484 TSecr=3045559258 [TCP segment of a reassembled PDU]"
"48956","35.404140435","192.168.1.55","192.168.1.2","TCP","1514","8004  >  36482 [ACK] Seq=324542 Ack=144 Win=65024 Len=1448 TSval=2916039484 TSecr=3045559258 [TCP segment of a reassembled PDU]"
"48957","35.404141379","192.168.1.55","192.168.1.2","TCP","1514","8004  >  36482 [PSH, ACK] Seq=325990 Ack=144 Win=65024 Len=1448 TSval=2916039484 TSecr=3045559258 [TCP segment of a reassembled PDU]"
"48958","35.406712569","192.168.1.2","192.168.1.55","TCP","66","36482  >  8004 [ACK] Seq=144 Ack=258022 Win=93184 Len=0 TSval=3045559259 TSecr=2916039478"
"48959","35.406750402","192.168.1.55","192.168.1.2","TCP","1514","8004  >  36482 [ACK] Seq=327438 Ack=144 Win=65024 Len=1448 TSval=2916039487 TSecr=3045559259 [TCP segment of a reassembled PDU]"
"48960","35.406754773","192.168.1.55","192.168.1.2","TCP","1514","8004  >  36482 [ACK] Seq=328886 Ack=144 Win=65024 Len=1448 TSval=2916039487 TSecr=3045559259 [TCP segment of a reassembled PDU]"
"48961","35.406756180","192.168.1.55","192.168.1.2","TCP","1514","8004  >  36482 [ACK] Seq=330334 Ack=144 Win=65024 Len=1448 TSval=2916039487 TSecr=3045559259 [TCP segment of a reassembled PDU]"
"48962","35.406757328","192.168.1.55","192.168.1.2","TCP","1514","8004  >  36482 [ACK] Seq=331782 Ack=144 Win=65024 Len=1448 TSval=2916039487 TSecr=3045559259 [TCP segment of a reassembled PDU]"
"48963","35.406758736","192.168.1.55","192.168.1.2","TCP","1514","8004  >  36482 [ACK] Seq=333230 Ack=144 Win=65024 Len=1448 TSval=2916039487 TSecr=3045559259 [TCP segment of a reassembled PDU]"
"48964","35.406760384","192.168.1.55","192.168.1.2","TCP","1514","8004  >  36482 [ACK] Seq=334678 Ack=144 Win=65024 Len=1448 TSval=2916039487 TSecr=3045559259 [TCP segment of a reassembled PDU]"
"48965","35.406761495","192.168.1.55","192.168.1.2","TCP","1514","8004  >  36482 [ACK] Seq=336126 Ack=144 Win=65024 Len=1448 TSval=2916039487 TSecr=3045559259 [TCP segment of a reassembled PDU]"
"48966","35.406762939","192.168.1.55","192.168.1.2","TCP","1514","8004  >  36482 [ACK] Seq=337574 Ack=144 Win=65024 Len=1448 TSval=2916039487 TSecr=3045559259 [TCP segment of a reassembled PDU]"
"48967","35.406765328","192.168.1.55","192.168.1.2","TCP","1514","8004  >  36482 [ACK] Seq=339022 Ack=144 Win=65024 Len=1448 TSval=2916039487 TSecr=3045559259 [TCP segment of a reassembled PDU]"
"48968","35.406766884","192.168.1.55","192.168.1.2","TCP","1514","8004  >  36482 [ACK] Seq=340470 Ack=144 Win=65024 Len=1448 TSval=2916039487 TSecr=3045559259 [TCP segment of a reassembled PDU]"
"48969","35.406768587","192.168.1.55","192.168.1.2","TCP","1514","8004  >  36482 [ACK] Seq=341918 Ack=144 Win=65024 Len=1448 TSval=2916039487 TSecr=3045559259 [TCP segment of a reassembled PDU]"
"48970","35.406770254","192.168.1.55","192.168.1.2","TCP","1514","8004  >  36482 [ACK] Seq=343366 Ack=144 Win=65024 Len=1448 TSval=2916039487 TSecr=3045559259 [TCP segment of a reassembled PDU]"
"48971","35.406771310","192.168.1.55","192.168.1.2","TCP","1514","8004  >  36482 [ACK] Seq=344814 Ack=144 Win=65024 Len=1448 TSval=2916039487 TSecr=3045559259 [TCP segment of a reassembled PDU]"
"48972","35.406773143","192.168.1.55","192.168.1.2","TCP","1514","8004  >  36482 [ACK] Seq=346262 Ack=144 Win=65024 Len=1448 TSval=2916039487 TSecr=3045559259 [TCP segment of a reassembled PDU]"
"48973","35.406774069","192.168.1.55","192.168.1.2","TCP","1514","8004  >  36482 [PSH, ACK] Seq=347710 Ack=144 Win=65024 Len=1448 TSval=2916039487 TSecr=3045559259 [TCP segment of a reassembled PDU]"
"48974","35.406784161","192.168.1.55","192.168.1.2","TCP","1514","8004  >  36482 [ACK] Seq=349158 Ack=144 Win=65024 Len=1448 TSval=2916039487 TSecr=3045559259 [TCP segment of a reassembled PDU]"
"48975","35.411636188","192.168.1.2","192.168.1.55","TCP","66","36482  >  8004 [ACK] Seq=144 Ack=301462 Win=76800 Len=0 TSval=3045559266 TSecr=2916039484"
"48976","35.411670132","192.168.1.55","192.168.1.2","TCP","1514","8004  >  36482 [ACK] Seq=350606 Ack=144 Win=65024 Len=1448 TSval=2916039492 TSecr=3045559266 [TCP segment of a reassembled PDU]"
"48977","35.411673392","192.168.1.55","192.168.1.2","TCP","1514","8004  >  36482 [ACK] Seq=352054 Ack=144 Win=65024 Len=1448 TSval=2916039492 TSecr=3045559266 [TCP segment of a reassembled PDU]"
"48978","35.411674540","192.168.1.55","192.168.1.2","TCP","1514","8004  >  36482 [ACK] Seq=353502 Ack=144 Win=65024 Len=1448 TSval=2916039492 TSecr=3045559266 [TCP segment of a reassembled PDU]"
"48979","35.411675725","192.168.1.55","192.168.1.2","TCP","1514","8004  >  36482 [ACK] Seq=354950 Ack=144 Win=65024 Len=1448 TSval=2916039492 TSecr=3045559266 [TCP segment of a reassembled PDU]"
"48980","35.411676836","192.168.1.55","192.168.1.2","TCP","1514","8004  >  36482 [ACK] Seq=356398 Ack=144 Win=65024 Len=1448 TSval=2916039492 TSecr=3045559266 [TCP segment of a reassembled PDU]"
"48981","35.411677910","192.168.1.55","192.168.1.2","TCP","1514","8004  >  36482 [ACK] Seq=357846 Ack=144 Win=65024 Len=1448 TSval=2916039492 TSecr=3045559266 [TCP segment of a reassembled PDU]"
"48982","35.411679169","192.168.1.55","192.168.1.2","TCP","1514","8004  >  36482 [ACK] Seq=359294 Ack=144 Win=65024 Len=1448 TSval=2916039492 TSecr=3045559266 [TCP segment of a reassembled PDU]"
"48983","35.411680280","192.168.1.55","192.168.1.2","TCP","1514","8004  >  36482 [ACK] Seq=360742 Ack=144 Win=65024 Len=1448 TSval=2916039492 TSecr=3045559266 [TCP segment of a reassembled PDU]"
"48984","35.411681317","192.168.1.55","192.168.1.2","TCP","1514","8004  >  36482 [ACK] Seq=362190 Ack=144 Win=65024 Len=1448 TSval=2916039492 TSecr=3045559266 [TCP segment of a reassembled PDU]"
"48985","35.411683021","192.168.1.55","192.168.1.2","TCP","1514","8004  >  36482 [ACK] Seq=363638 Ack=144 Win=65024 Len=1448 TSval=2916039492 TSecr=3045559266 [TCP segment of a reassembled PDU]"
"48986","35.411684021","192.168.1.55","192.168.1.2","TCP","1514","8004  >  36482 [ACK] Seq=365086 Ack=144 Win=65024 Len=1448 TSval=2916039492 TSecr=3045559266 [TCP segment of a reassembled PDU]"
"48987","35.411685206","192.168.1.55","192.168.1.2","TCP","1514","8004  >  36482 [ACK] Seq=366534 Ack=144 Win=65024 Len=1448 TSval=2916039492 TSecr=3045559266 [TCP segment of a reassembled PDU]"
"48988","35.411686262","192.168.1.55","192.168.1.2","TCP","1514","8004  >  36482 [ACK] Seq=367982 Ack=144 Win=65024 Len=1448 TSval=2916039492 TSecr=3045559266 [TCP segment of a reassembled PDU]"
"48989","35.411687225","192.168.1.55","192.168.1.2","TCP","1514","8004  >  36482 [ACK] Seq=369430 Ack=144 Win=65024 Len=1448 TSval=2916039492 TSecr=3045559266 [TCP segment of a reassembled PDU]"
"48990","35.411688151","192.168.1.55","192.168.1.2","TCP","1514","8004  >  36482 [ACK] Seq=370878 Ack=144 Win=65024 Len=1448 TSval=2916039492 TSecr=3045559266 [TCP segment of a reassembled PDU]"
"48991","35.411689114","192.168.1.55","192.168.1.2","TCP","1514","8004  >  36482 [ACK] Seq=372326 Ack=144 Win=65024 Len=1448 TSval=2916039492 TSecr=3045559266 [TCP segment of a reassembled PDU]"
"48992","35.411690151","192.168.1.55","192.168.1.2","TCP","1514","8004  >  36482 [ACK] Seq=373774 Ack=144 Win=65024 Len=1448 TSval=2916039492 TSecr=3045559266 [TCP segment of a reassembled PDU]"
"48993","35.411691484","192.168.1.55","192.168.1.2","TCP","1514","8004  >  36482 [ACK] Seq=375222 Ack=144 Win=65024 Len=1448 TSval=2916039492 TSecr=3045559266 [TCP segment of a reassembled PDU]"
"48994","35.411698632","192.168.1.55","192.168.1.2","TCP","1514","8004  >  36482 [PSH, ACK] Seq=376670 Ack=144 Win=65024 Len=1448 TSval=2916039492 TSecr=3045559266 [TCP segment of a reassembled PDU]"
"48995","35.411763318","192.168.1.2","192.168.1.55","TCP","66","36482  >  8004 [ACK] Seq=144 Ack=327438 Win=51200 Len=0 TSval=3045559266 TSecr=2916039484"
"48996","35.411772429","192.168.1.2","192.168.1.55","TCP","66","36482  >  8004 [ACK] Seq=144 Ack=349158 Win=29696 Len=0 TSval=3045559266 TSecr=2916039487"
"48997","35.411777521","192.168.1.2","192.168.1.55","TCP","66","36482  >  8004 [ACK] Seq=144 Ack=350606 Win=71680 Len=0 TSval=3045559266 TSecr=2916039487"
"48998","35.411798207","192.168.1.55","192.168.1.2","TCP","1514","8004  >  36482 [ACK] Seq=378118 Ack=144 Win=65024 Len=1448 TSval=2916039492 TSecr=3045559266 [TCP segment of a reassembled PDU]"
"48999","35.411800021","192.168.1.55","192.168.1.2","TCP","1514","8004  >  36482 [ACK] Seq=379566 Ack=144 Win=65024 Len=1448 TSval=2916039492 TSecr=3045559266 [TCP segment of a reassembled PDU]"
"49000","35.411801503","192.168.1.55","192.168.1.2","TCP","1514","8004  >  36482 [ACK] Seq=381014 Ack=144 Win=65024 Len=1448 TSval=2916039492 TSecr=3045559266 [TCP segment of a reassembled PDU]"
"49001","35.411802521","192.168.1.55","192.168.1.2","TCP","1514","8004  >  36482 [ACK] Seq=382462 Ack=144 Win=65024 Len=1448 TSval=2916039492 TSecr=3045559266 [TCP segment of a reassembled PDU]"
"49002","35.411803577","192.168.1.55","192.168.1.2","TCP","1514","8004  >  36482 [ACK] Seq=383910 Ack=144 Win=65024 Len=1448 TSval=2916039492 TSecr=3045559266 [TCP segment of a reassembled PDU]"
"49003","35.411804688","192.168.1.55","192.168.1.2","TCP","1514","8004  >  36482 [ACK] Seq=385358 Ack=144 Win=65024 Len=1448 TSval=2916039492 TSecr=3045559266 [TCP segment of a reassembled PDU]"
"49004","35.411805744","192.168.1.55","192.168.1.2","TCP","1514","8004  >  36482 [ACK] Seq=386806 Ack=144 Win=65024 Len=1448 TSval=2916039492 TSecr=3045559266 [TCP segment of a reassembled PDU]"
"49005","35.411806670","192.168.1.55","192.168.1.2","TCP","1514","8004  >  36482 [ACK] Seq=388254 Ack=144 Win=65024 Len=1448 TSval=2916039492 TSecr=3045559266 [TCP segment of a reassembled PDU]"
"49006","35.411807651","192.168.1.55","192.168.1.2","TCP","1514","8004  >  36482 [ACK] Seq=389702 Ack=144 Win=65024 Len=1448 TSval=2916039492 TSecr=3045559266 [TCP segment of a reassembled PDU]"
"49007","35.411808892","192.168.1.55","192.168.1.2","TCP","1514","8004  >  36482 [ACK] Seq=391150 Ack=144 Win=65024 Len=1448 TSval=2916039492 TSecr=3045559266 [TCP segment of a reassembled PDU]"
"49008","35.411810188","192.168.1.55","192.168.1.2","TCP","1514","8004  >  36482 [ACK] Seq=392598 Ack=144 Win=65024 Len=1448 TSval=2916039492 TSecr=3045559266 [TCP segment of a reassembled PDU]"
"49009","35.411811355","192.168.1.55","192.168.1.2","TCP","1514","8004  >  36482 [PSH, ACK] Seq=394046 Ack=144 Win=65024 Len=1448 TSval=2916039492 TSecr=3045559266 [TCP segment of a reassembled PDU]"
"49010","35.411842281","192.168.1.55","192.168.1.2","TCP","1514","8004  >  36482 [ACK] Seq=395494 Ack=144 Win=65024 Len=1448 TSval=2916039492 TSecr=3045559266 [TCP segment of a reassembled PDU]"
"49011","35.411844484","192.168.1.55","192.168.1.2","TCP","1514","8004  >  36482 [ACK] Seq=396942 Ack=144 Win=65024 Len=1448 TSval=2916039492 TSecr=3045559266 [TCP segment of a reassembled PDU]"
"49012","35.411846021","192.168.1.55","192.168.1.2","TCP","1514","8004  >  36482 [ACK] Seq=398390 Ack=144 Win=65024 Len=1448 TSval=2916039492 TSecr=3045559266 [TCP segment of a reassembled PDU]"
"49013","35.411848318","192.168.1.55","192.168.1.2","TCP","1514","8004  >  36482 [ACK] Seq=399838 Ack=144 Win=65024 Len=1448 TSval=2916039492 TSecr=3045559266 [TCP segment of a reassembled PDU]"
"49014","35.411849614","192.168.1.55","192.168.1.2","TCP","1514","8004  >  36482 [ACK] Seq=401286 Ack=144 Win=65024 Len=1448 TSval=2916039492 TSecr=3045559266 [TCP segment of a reassembled PDU]"
"49015","35.411850521","192.168.1.55","192.168.1.2","TCP","1514","8004  >  36482 [ACK] Seq=402734 Ack=144 Win=65024 Len=1448 TSval=2916039492 TSecr=3045559266 [TCP segment of a reassembled PDU]"
"49016","35.411851633","192.168.1.55","192.168.1.2","TCP","1514","8004  >  36482 [ACK] Seq=404182 Ack=144 Win=65024 Len=1448 TSval=2916039492 TSecr=3045559266 [TCP segment of a reassembled PDU]"
"49017","35.411852596","192.168.1.55","192.168.1.2","TCP","1514","8004  >  36482 [ACK] Seq=405630 Ack=144 Win=65024 Len=1448 TSval=2916039492 TSecr=3045559266 [TCP segment of a reassembled PDU]"
"49018","35.411853521","192.168.1.55","192.168.1.2","TCP","1514","8004  >  36482 [ACK] Seq=407078 Ack=144 Win=65024 Len=1448 TSval=2916039492 TSecr=3045559266 [TCP segment of a reassembled PDU]"
"49019","35.411854558","192.168.1.55","192.168.1.2","TCP","1514","8004  >  36482 [ACK] Seq=408526 Ack=144 Win=65024 Len=1448 TSval=2916039492 TSecr=3045559266 [TCP segment of a reassembled PDU]"
"49020","35.411855503","192.168.1.55","192.168.1.2","TCP","1514","8004  >  36482 [ACK] Seq=409974 Ack=144 Win=65024 Len=1448 TSval=2916039492 TSecr=3045559266 [TCP segment of a reassembled PDU]"
"49021","35.411856466","192.168.1.55","192.168.1.2","TCP","1514","8004  >  36482 [ACK] Seq=411422 Ack=144 Win=65024 Len=1448 TSval=2916039492 TSecr=3045559266 [TCP segment of a reassembled PDU]"
"49022","35.411857466","192.168.1.55","192.168.1.2","TCP","1514","8004  >  36482 [ACK] Seq=412870 Ack=144 Win=65024 Len=1448 TSval=2916039492 TSecr=3045559266 [TCP segment of a reassembled PDU]"
"49023","35.411858429","192.168.1.55","192.168.1.2","TCP","1514","8004  >  36482 [ACK] Seq=414318 Ack=144 Win=65024 Len=1448 TSval=2916039492 TSecr=3045559266 [TCP segment of a reassembled PDU]"
"49024","35.411859818","192.168.1.55","192.168.1.2","TCP","1514","8004  >  36482 [ACK] Seq=415766 Ack=144 Win=65024 Len=1448 TSval=2916039492 TSecr=3045559266 [TCP segment of a reassembled PDU]"
"49025","35.411860984","192.168.1.55","192.168.1.2","TCP","1514","8004  >  36482 [ACK] Seq=417214 Ack=144 Win=65024 Len=1448 TSval=2916039492 TSecr=3045559266 [TCP segment of a reassembled PDU]"
"49026","35.411862133","192.168.1.55","192.168.1.2","TCP","1514","8004  >  36482 [ACK] Seq=418662 Ack=144 Win=65024 Len=1448 TSval=2916039492 TSecr=3045559266 [TCP segment of a reassembled PDU]"
"49027","35.411863225","192.168.1.55","192.168.1.2","TCP","1514","8004  >  36482 [ACK] Seq=420110 Ack=144 Win=65024 Len=1448 TSval=2916039492 TSecr=3045559266 [TCP segment of a reassembled PDU]"
"49028","35.411864262","192.168.1.55","192.168.1.2","TCP","794","[TCP Window Full] 8004  >  36482 [PSH, ACK] Seq=421558 Ack=144 Win=65024 Len=728 TSval=2916039492 TSecr=3045559266 [TCP segment of a reassembled PDU]"
"49029","35.417420327","192.168.1.2","192.168.1.55","TCP","66","36482  >  8004 [ACK] Seq=144 Ack=378118 Win=92160 Len=0 TSval=3045559273 TSecr=2916039492"
"49030","35.417553105","192.168.1.55","192.168.1.2","TCP","1514","8004  >  36482 [ACK] Seq=422286 Ack=144 Win=65024 Len=1448 TSval=2916039498 TSecr=3045559273 [TCP segment of a reassembled PDU]"
"49031","35.417567382","192.168.1.55","192.168.1.2","TCP","1514","8004  >  36482 [ACK] Seq=423734 Ack=144 Win=65024 Len=1448 TSval=2916039498 TSecr=3045559273 [TCP segment of a reassembled PDU]"
"49032","35.417569438","192.168.1.55","192.168.1.2","TCP","1514","8004  >  36482 [ACK] Seq=425182 Ack=144 Win=65024 Len=1448 TSval=2916039498 TSecr=3045559273 [TCP segment of a reassembled PDU]"
"49033","35.417571086","192.168.1.55","192.168.1.2","TCP","1514","8004  >  36482 [ACK] Seq=426630 Ack=144 Win=65024 Len=1448 TSval=2916039498 TSecr=3045559273 [TCP segment of a reassembled PDU]"
"49034","35.417574808","192.168.1.55","192.168.1.2","TCP","1514","8004  >  36482 [ACK] Seq=428078 Ack=144 Win=65024 Len=1448 TSval=2916039498 TSecr=3045559273 [TCP segment of a reassembled PDU]"
"49035","35.417576345","192.168.1.55","192.168.1.2","TCP","1514","8004  >  36482 [ACK] Seq=429526 Ack=144 Win=65024 Len=1448 TSval=2916039498 TSecr=3045559273 [TCP segment of a reassembled PDU]"
"49036","35.417578049","192.168.1.55","192.168.1.2","TCP","1514","8004  >  36482 [ACK] Seq=430974 Ack=144 Win=65024 Len=1448 TSval=2916039498 TSecr=3045559273 [TCP segment of a reassembled PDU]"
"49037","35.417580290","192.168.1.55","192.168.1.2","TCP","1514","8004  >  36482 [ACK] Seq=432422 Ack=144 Win=65024 Len=1448 TSval=2916039498 TSecr=3045559273 [TCP segment of a reassembled PDU]"
"49038","35.417582420","192.168.1.55","192.168.1.2","TCP","1514","8004  >  36482 [ACK] Seq=433870 Ack=144 Win=65024 Len=1448 TSval=2916039498 TSecr=3045559273 [TCP segment of a reassembled PDU]"
"49039","35.417584605","192.168.1.55","192.168.1.2","TCP","1514","8004  >  36482 [ACK] Seq=435318 Ack=144 Win=65024 Len=1448 TSval=2916039498 TSecr=3045559273 [TCP segment of a reassembled PDU]"
"49040","35.417586623","192.168.1.55","192.168.1.2","TCP","1514","8004  >  36482 [ACK] Seq=436766 Ack=144 Win=65024 Len=1448 TSval=2916039498 TSecr=3045559273 [TCP segment of a reassembled PDU]"
"49041","35.417588882","192.168.1.55","192.168.1.2","TCP","1514","8004  >  36482 [ACK] Seq=438214 Ack=144 Win=65024 Len=1448 TSval=2916039498 TSecr=3045559273 [TCP segment of a reassembled PDU]"
"49042","35.417590679","192.168.1.55","192.168.1.2","TCP","1514","8004  >  36482 [PSH, ACK] Seq=439662 Ack=144 Win=65024 Len=1448 TSval=2916039498 TSecr=3045559273 [TCP segment of a reassembled PDU]"
"49043","35.417611253","192.168.1.55","192.168.1.2","TCP","786","8004  >  36482 [PSH, ACK] Seq=441110 Ack=144 Win=65024 Len=720 TSval=2916039498 TSecr=3045559273 [TCP segment of a reassembled PDU]"
"49044","35.417688457","192.168.1.2","192.168.1.55","TCP","66","36482  >  8004 [ACK] Seq=144 Ack=395494 Win=86016 Len=0 TSval=3045559273 TSecr=2916039492"
"49045","35.417799883","192.168.1.55","192.168.1.2","TCP","1514","8004  >  36482 [ACK] Seq=441830 Ack=144 Win=65024 Len=1448 TSval=2916039498 TSecr=3045559273 [TCP segment of a reassembled PDU]"
"49046","35.417811346","192.168.1.55","192.168.1.2","TCP","1514","8004  >  36482 [ACK] Seq=443278 Ack=144 Win=65024 Len=1448 TSval=2916039498 TSecr=3045559273 [TCP segment of a reassembled PDU]"
"49047","35.417814642","192.168.1.55","192.168.1.2","TCP","1514","8004  >  36482 [ACK] Seq=444726 Ack=144 Win=65024 Len=1448 TSval=2916039498 TSecr=3045559273 [TCP segment of a reassembled PDU]"
"49048","35.417816753","192.168.1.55","192.168.1.2","TCP","1514","8004  >  36482 [ACK] Seq=446174 Ack=144 Win=65024 Len=1448 TSval=2916039498 TSecr=3045559273 [TCP segment of a reassembled PDU]"
"49049","35.417818846","192.168.1.55","192.168.1.2","TCP","1514","8004  >  36482 [ACK] Seq=447622 Ack=144 Win=65024 Len=1448 TSval=2916039498 TSecr=3045559273 [TCP segment of a reassembled PDU]"
"49050","35.417821124","192.168.1.55","192.168.1.2","TCP","1514","8004  >  36482 [ACK] Seq=449070 Ack=144 Win=65024 Len=1448 TSval=2916039498 TSecr=3045559273 [TCP segment of a reassembled PDU]"
"49051","35.417823346","192.168.1.55","192.168.1.2","TCP","1514","8004  >  36482 [ACK] Seq=450518 Ack=144 Win=65024 Len=1448 TSval=2916039498 TSecr=3045559273 [TCP segment of a reassembled PDU]"
"49052","35.417825475","192.168.1.55","192.168.1.2","TCP","1514","8004  >  36482 [ACK] Seq=451966 Ack=144 Win=65024 Len=1448 TSval=2916039498 TSecr=3045559273 [TCP segment of a reassembled PDU]"
"49053","35.417828679","192.168.1.55","192.168.1.2","TCP","1514","8004  >  36482 [ACK] Seq=453414 Ack=144 Win=65024 Len=1448 TSval=2916039498 TSecr=3045559273 [TCP segment of a reassembled PDU]"
"49054","35.417830661","192.168.1.55","192.168.1.2","TCP","1514","8004  >  36482 [ACK] Seq=454862 Ack=144 Win=65024 Len=1448 TSval=2916039498 TSecr=3045559273 [TCP segment of a reassembled PDU]"
"49055","35.417832994","192.168.1.55","192.168.1.2","TCP","1514","8004  >  36482 [ACK] Seq=456310 Ack=144 Win=65024 Len=1448 TSval=2916039498 TSecr=3045559273 [TCP segment of a reassembled PDU]"
"49056","35.417835105","192.168.1.55","192.168.1.2","TCP","1514","8004  >  36482 [ACK] Seq=457758 Ack=144 Win=65024 Len=1448 TSval=2916039498 TSecr=3045559273 [TCP segment of a reassembled PDU]"
"49057","35.417836587","192.168.1.55","192.168.1.2","TCP","1514","8004  >  36482 [ACK] Seq=459206 Ack=144 Win=65024 Len=1448 TSval=2916039498 TSecr=3045559273 [TCP segment of a reassembled PDU]"
"49058","35.417838735","192.168.1.55","192.168.1.2","TCP","1514","8004  >  36482 [ACK] Seq=460654 Ack=144 Win=65024 Len=1448 TSval=2916039498 TSecr=3045559273 [TCP segment of a reassembled PDU]"
"49059","35.417840642","192.168.1.55","192.168.1.2","TCP","1514","8004  >  36482 [ACK] Seq=462102 Ack=144 Win=65024 Len=1448 TSval=2916039498 TSecr=3045559273 [TCP segment of a reassembled PDU]"
"49060","35.417842901","192.168.1.55","192.168.1.2","TCP","1514","8004  >  36482 [ACK] Seq=463550 Ack=144 Win=65024 Len=1448 TSval=2916039498 TSecr=3045559273 [TCP segment of a reassembled PDU]"
"49061","35.417844661","192.168.1.55","192.168.1.2","TCP","1514","8004  >  36482 [ACK] Seq=464998 Ack=144 Win=65024 Len=1448 TSval=2916039498 TSecr=3045559273 [TCP segment of a reassembled PDU]"
"49062","35.417846327","192.168.1.55","192.168.1.2","TCP","1514","8004  >  36482 [ACK] Seq=466446 Ack=144 Win=65024 Len=1448 TSval=2916039498 TSecr=3045559273 [TCP segment of a reassembled PDU]"
"49063","35.417851272","192.168.1.55","192.168.1.2","TCP","1514","8004  >  36482 [ACK] Seq=467894 Ack=144 Win=65024 Len=1448 TSval=2916039498 TSecr=3045559273 [TCP segment of a reassembled PDU]"
"49064","35.417853772","192.168.1.55","192.168.1.2","TCP","1514","8004  >  36482 [ACK] Seq=469342 Ack=144 Win=65024 Len=1448 TSval=2916039498 TSecr=3045559273 [TCP segment of a reassembled PDU]"
"49065","35.417855994","192.168.1.55","192.168.1.2","TCP","1514","8004  >  36482 [ACK] Seq=470790 Ack=144 Win=65024 Len=1448 TSval=2916039498 TSecr=3045559273 [TCP segment of a reassembled PDU]"
"49066","35.417857735","192.168.1.55","192.168.1.2","TCP","1514","8004  >  36482 [ACK] Seq=472238 Ack=144 Win=65024 Len=1448 TSval=2916039498 TSecr=3045559273 [TCP segment of a reassembled PDU]"
"49067","35.417859476","192.168.1.55","192.168.1.2","TCP","1514","8004  >  36482 [ACK] Seq=473686 Ack=144 Win=65024 Len=1448 TSval=2916039498 TSecr=3045559273 [TCP segment of a reassembled PDU]"
"49068","35.417861698","192.168.1.55","192.168.1.2","TCP","1514","8004  >  36482 [ACK] Seq=475134 Ack=144 Win=65024 Len=1448 TSval=2916039498 TSecr=3045559273 [TCP segment of a reassembled PDU]"
"49069","35.417863716","192.168.1.55","192.168.1.2","TCP","1514","8004  >  36482 [ACK] Seq=476582 Ack=144 Win=65024 Len=1448 TSval=2916039498 TSecr=3045559273 [TCP segment of a reassembled PDU]"
"49070","35.417865161","192.168.1.55","192.168.1.2","TCP","1514","8004  >  36482 [ACK] Seq=478030 Ack=144 Win=65024 Len=1448 TSval=2916039498 TSecr=3045559273 [TCP segment of a reassembled PDU]"
"49071","35.417866809","192.168.1.55","192.168.1.2","TCP","1514","8004  >  36482 [PSH, ACK] Seq=479478 Ack=144 Win=65024 Len=1448 TSval=2916039498 TSecr=3045559273 [TCP segment of a reassembled PDU]"
"49072","35.417931179","192.168.1.2","192.168.1.55","TCP","66","36482  >  8004 [ACK] Seq=144 Ack=422286 Win=94208 Len=0 TSval=3045559273 TSecr=2916039492"
"49073","35.417978291","192.168.1.55","192.168.1.2","TCP","1514","8004  >  36482 [ACK] Seq=480926 Ack=144 Win=65024 Len=1448 TSval=2916039498 TSecr=3045559273 [TCP segment of a reassembled PDU]"
"49074","35.417986550","192.168.1.55","192.168.1.2","TCP","1514","8004  >  36482 [ACK] Seq=482374 Ack=144 Win=65024 Len=1448 TSval=2916039498 TSecr=3045559273 [TCP segment of a reassembled PDU]"
"49075","35.417988754","192.168.1.55","192.168.1.2","TCP","1514","8004  >  36482 [ACK] Seq=483822 Ack=144 Win=65024 Len=1448 TSval=2916039498 TSecr=3045559273 [TCP segment of a reassembled PDU]"
"49076","35.417990087","192.168.1.55","192.168.1.2","TCP","1514","8004  >  36482 [ACK] Seq=485270 Ack=144 Win=65024 Len=1448 TSval=2916039498 TSecr=3045559273 [TCP segment of a reassembled PDU]"
"49077","35.417991698","192.168.1.55","192.168.1.2","TCP","1514","8004  >  36482 [PSH, ACK] Seq=486718 Ack=144 Win=65024 Len=1448 TSval=2916039498 TSecr=3045559273 [TCP segment of a reassembled PDU]"
"49078","35.418022698","192.168.1.55","192.168.1.2","TCP","1514","8004  >  36482 [ACK] Seq=488166 Ack=144 Win=65024 Len=1448 TSval=2916039498 TSecr=3045559273 [TCP segment of a reassembled PDU]"
"49079","35.418026420","192.168.1.55","192.168.1.2","TCP","1514","8004  >  36482 [ACK] Seq=489614 Ack=144 Win=65024 Len=1448 TSval=2916039498 TSecr=3045559273 [TCP segment of a reassembled PDU]"
"49080","35.418027976","192.168.1.55","192.168.1.2","TCP","1514","8004  >  36482 [ACK] Seq=491062 Ack=144 Win=65024 Len=1448 TSval=2916039498 TSecr=3045559273 [TCP segment of a reassembled PDU]"
"49081","35.418029587","192.168.1.55","192.168.1.2","TCP","1514","8004  >  36482 [ACK] Seq=492510 Ack=144 Win=65024 Len=1448 TSval=2916039498 TSecr=3045559273 [TCP segment of a reassembled PDU]"
"49082","35.418031013","192.168.1.55","192.168.1.2","TCP","1514","8004  >  36482 [ACK] Seq=493958 Ack=144 Win=65024 Len=1448 TSval=2916039498 TSecr=3045559273 [TCP segment of a reassembled PDU]"
"49083","35.418032550","192.168.1.55","192.168.1.2","TCP","1514","8004  >  36482 [ACK] Seq=495406 Ack=144 Win=65024 Len=1448 TSval=2916039498 TSecr=3045559273 [TCP segment of a reassembled PDU]"
"49084","35.418034846","192.168.1.55","192.168.1.2","TCP","1514","8004  >  36482 [PSH, ACK] Seq=496854 Ack=144 Win=65024 Len=1448 TSval=2916039498 TSecr=3045559273 [TCP segment of a reassembled PDU]"
"49085","35.418046791","192.168.1.55","192.168.1.2","HTTP","222","HTTP/1.0 200 OK  (PNG)"
"49086","35.423768781","192.168.1.2","192.168.1.55","TCP","66","36482  >  8004 [ACK] Seq=144 Ack=441110 Win=110592 Len=0 TSval=3045559278 TSecr=2916039498"
"49087","35.423927096","192.168.1.2","192.168.1.55","TCP","66","36482  >  8004 [ACK] Seq=144 Ack=441830 Win=113664 Len=0 TSval=3045559278 TSecr=2916039498"
"49088","35.423934430","192.168.1.2","192.168.1.55","TCP","66","36482  >  8004 [ACK] Seq=144 Ack=480926 Win=93184 Len=0 TSval=3045559278 TSecr=2916039498"
"49089","35.423939652","192.168.1.2","192.168.1.55","TCP","66","36482  >  8004 [ACK] Seq=144 Ack=488166 Win=86016 Len=0 TSval=3045559279 TSecr=2916039498"
"49090","35.423944004","192.168.1.2","192.168.1.55","TCP","66","36482  >  8004 [ACK] Seq=144 Ack=491062 Win=83968 Len=0 TSval=3045559279 TSecr=2916039498"
"49091","35.424469208","192.168.1.2","192.168.1.55","TCP","66","36482  >  8004 [ACK] Seq=144 Ack=498302 Win=121856 Len=0 TSval=3045559279 TSecr=2916039498"
"49092","35.425919303","192.168.1.2","192.168.1.55","TCP","66","36482  >  8004 [FIN, ACK] Seq=144 Ack=498459 Win=124928 Len=0 TSval=3045559280 TSecr=2916039498"
"49093","35.425952155","192.168.1.55","192.168.1.2","TCP","66","8004  >  36482 [ACK] Seq=498459 Ack=145 Win=65024 Len=0 TSval=2916039506 TSecr=3045559280"
"49094","35.426029359","192.168.1.2","192.168.1.55","TCP","74","36496  >  8004 [SYN] Seq=0 Win=64240 Len=0 MSS=1460 SACK_PERM TSval=3045559281 TSecr=0 WS=1024"
"49095","35.426073711","192.168.1.55","192.168.1.2","TCP","74","8004  >  36496 [SYN, ACK] Seq=0 Ack=1 Win=65160 Len=0 MSS=1460 SACK_PERM TSval=2916039506 TSecr=3045559281 WS=128"
"49096","35.429583939","192.168.1.2","192.168.1.55","TCP","66","36496  >  8004 [ACK] Seq=1 Ack=1 Win=64512 Len=0 TSval=3045559284 TSecr=2916039506"
"49097","35.430201477","192.168.1.2","192.168.1.55","HTTP","206","GET /stego_benchmark.png HTTP/1.1 "
"49098","35.430218495","192.168.1.55","192.168.1.2","TCP","66","8004  >  36496 [ACK] Seq=1 Ack=141 Win=65024 Len=0 TSval=2916039510 TSecr=3045559284"
"49099","35.430990997","192.168.1.55","192.168.1.2","TCP","255","8004  >  36496 [PSH, ACK] Seq=1 Ack=141 Win=65024 Len=189 TSval=2916039511 TSecr=3045559284 [TCP segment of a reassembled PDU]"
"49100","35.431091237","192.168.1.55","192.168.1.2","TCP","1514","8004  >  36496 [ACK] Seq=190 Ack=141 Win=65024 Len=1448 TSval=2916039511 TSecr=3045559284 [TCP segment of a reassembled PDU]"
"49101","35.431095904","192.168.1.55","192.168.1.2","TCP","1514","8004  >  36496 [ACK] Seq=1638 Ack=141 Win=65024 Len=1448 TSval=2916039511 TSecr=3045559284 [TCP segment of a reassembled PDU]"
"49102","35.431097089","192.168.1.55","192.168.1.2","TCP","1514","8004  >  36496 [ACK] Seq=3086 Ack=141 Win=65024 Len=1448 TSval=2916039511 TSecr=3045559284 [TCP segment of a reassembled PDU]"
"49103","35.431098386","192.168.1.55","192.168.1.2","TCP","1514","8004  >  36496 [ACK] Seq=4534 Ack=141 Win=65024 Len=1448 TSval=2916039511 TSecr=3045559284 [TCP segment of a reassembled PDU]"
"49104","35.431099700","192.168.1.55","192.168.1.2","TCP","1514","8004  >  36496 [PSH, ACK] Seq=5982 Ack=141 Win=65024 Len=1448 TSval=2916039511 TSecr=3045559284 [TCP segment of a reassembled PDU]"
"49105","35.431118830","192.168.1.55","192.168.1.2","TCP","1514","8004  >  36496 [ACK] Seq=7430 Ack=141 Win=65024 Len=1448 TSval=2916039511 TSecr=3045559284 [TCP segment of a reassembled PDU]"
"49106","35.431121108","192.168.1.55","192.168.1.2","TCP","1514","8004  >  36496 [ACK] Seq=8878 Ack=141 Win=65024 Len=1448 TSval=2916039511 TSecr=3045559284 [TCP segment of a reassembled PDU]"
"49107","35.431122349","192.168.1.55","192.168.1.2","TCP","1514","8004  >  36496 [ACK] Seq=10326 Ack=141 Win=65024 Len=1448 TSval=2916039511 TSecr=3045559284 [TCP segment of a reassembled PDU]"
"49108","35.431123867","192.168.1.55","192.168.1.2","TCP","1514","8004  >  36496 [PSH, ACK] Seq=11774 Ack=141 Win=65024 Len=1448 TSval=2916039511 TSecr=3045559284 [TCP segment of a reassembled PDU]"
"49109","35.435482633","192.168.1.2","192.168.1.55","TCP","66","36496  >  8004 [ACK] Seq=141 Ack=190 Win=64512 Len=0 TSval=3045559290 TSecr=2916039511"
"49110","35.435548096","192.168.1.55","192.168.1.2","TCP","1514","8004  >  36496 [ACK] Seq=13222 Ack=141 Win=65024 Len=1448 TSval=2916039516 TSecr=3045559290 [TCP segment of a reassembled PDU]"
"49111","35.435555041","192.168.1.55","192.168.1.2","TCP","1514","8004  >  36496 [PSH, ACK] Seq=14670 Ack=141 Win=65024 Len=1448 TSval=2916039516 TSecr=3045559290 [TCP segment of a reassembled PDU]"
"49112","35.435601245","192.168.1.2","192.168.1.55","TCP","66","36496  >  8004 [ACK] Seq=141 Ack=13222 Win=64512 Len=0 TSval=3045559290 TSecr=2916039511"
"49113","35.435644597","192.168.1.55","192.168.1.2","TCP","1514","8004  >  36496 [ACK] Seq=16118 Ack=141 Win=65024 Len=1448 TSval=2916039516 TSecr=3045559290 [TCP segment of a reassembled PDU]"
"49114","35.435649819","192.168.1.55","192.168.1.2","TCP","1514","8004  >  36496 [ACK] Seq=17566 Ack=141 Win=65024 Len=1448 TSval=2916039516 TSecr=3045559290 [TCP segment of a reassembled PDU]"
"49115","35.435651689","192.168.1.55","192.168.1.2","TCP","1514","8004  >  36496 [ACK] Seq=19014 Ack=141 Win=65024 Len=1448 TSval=2916039516 TSecr=3045559290 [TCP segment of a reassembled PDU]"
"49116","35.435653541","192.168.1.55","192.168.1.2","TCP","1514","8004  >  36496 [ACK] Seq=20462 Ack=141 Win=65024 Len=1448 TSval=2916039516 TSecr=3045559290 [TCP segment of a reassembled PDU]"
"49117","35.435655634","192.168.1.55","192.168.1.2","TCP","1514","8004  >  36496 [ACK] Seq=21910 Ack=141 Win=65024 Len=1448 TSval=2916039516 TSecr=3045559290 [TCP segment of a reassembled PDU]"
"49118","35.435657115","192.168.1.55","192.168.1.2","TCP","1514","8004  >  36496 [ACK] Seq=23358 Ack=141 Win=65024 Len=1448 TSval=2916039516 TSecr=3045559290 [TCP segment of a reassembled PDU]"
"49119","35.435659597","192.168.1.55","192.168.1.2","TCP","1514","8004  >  36496 [ACK] Seq=24806 Ack=141 Win=65024 Len=1448 TSval=2916039516 TSecr=3045559290 [TCP segment of a reassembled PDU]"
"49120","35.435662634","192.168.1.55","192.168.1.2","TCP","1514","8004  >  36496 [ACK] Seq=26254 Ack=141 Win=65024 Len=1448 TSval=2916039516 TSecr=3045559290 [TCP segment of a reassembled PDU]"
"49121","35.435664263","192.168.1.55","192.168.1.2","TCP","1514","8004  >  36496 [ACK] Seq=27702 Ack=141 Win=65024 Len=1448 TSval=2916039516 TSecr=3045559290 [TCP segment of a reassembled PDU]"
"49122","35.435666448","192.168.1.55","192.168.1.2","TCP","1514","8004  >  36496 [PSH, ACK] Seq=29150 Ack=141 Win=65024 Len=1448 TSval=2916039516 TSecr=3045559290 [TCP segment of a reassembled PDU]"
"49123","35.435701486","192.168.1.55","192.168.1.2","TCP","1514","8004  >  36496 [ACK] Seq=30598 Ack=141 Win=65024 Len=1448 TSval=2916039516 TSecr=3045559290 [TCP segment of a reassembled PDU]"
"49124","35.435703541","192.168.1.55","192.168.1.2","TCP","1514","8004  >  36496 [ACK] Seq=32046 Ack=141 Win=65024 Len=1448 TSval=2916039516 TSecr=3045559290 [TCP segment of a reassembled PDU]"
"49125","35.435705300","192.168.1.55","192.168.1.2","TCP","1514","8004  >  36496 [ACK] Seq=33494 Ack=141 Win=65024 Len=1448 TSval=2916039516 TSecr=3045559290 [TCP segment of a reassembled PDU]"
"49126","35.435707171","192.168.1.55","192.168.1.2","TCP","1514","8004  >  36496 [ACK] Seq=34942 Ack=141 Win=65024 Len=1448 TSval=2916039516 TSecr=3045559290 [TCP segment of a reassembled PDU]"
"49127","35.435708726","192.168.1.55","192.168.1.2","TCP","1514","8004  >  36496 [ACK] Seq=36390 Ack=141 Win=65024 Len=1448 TSval=2916039516 TSecr=3045559290 [TCP segment of a reassembled PDU]"
"49128","35.435710745","192.168.1.55","192.168.1.2","TCP","1514","8004  >  36496 [ACK] Seq=37838 Ack=141 Win=65024 Len=1448 TSval=2916039516 TSecr=3045559290 [TCP segment of a reassembled PDU]"
"49129","35.435713282","192.168.1.55","192.168.1.2","TCP","1514","8004  >  36496 [ACK] Seq=39286 Ack=141 Win=65024 Len=1448 TSval=2916039516 TSecr=3045559290 [TCP segment of a reassembled PDU]"
"49130","35.435715300","192.168.1.55","192.168.1.2","TCP","1514","8004  >  36496 [PSH, ACK] Seq=40734 Ack=141 Win=65024 Len=1448 TSval=2916039516 TSecr=3045559290 [TCP segment of a reassembled PDU]"
"49131","35.440102233","192.168.1.2","192.168.1.55","TCP","66","36496  >  8004 [ACK] Seq=141 Ack=16118 Win=70656 Len=0 TSval=3045559294 TSecr=2916039516"
"49132","35.440136974","192.168.1.55","192.168.1.2","TCP","1514","8004  >  36496 [ACK] Seq=42182 Ack=141 Win=65024 Len=1448 TSval=2916039520 TSecr=3045559294 [TCP segment of a reassembled PDU]"
"49133","35.440141659","192.168.1.55","192.168.1.2","TCP","1514","8004  >  36496 [PSH, ACK] Seq=43630 Ack=141 Win=65024 Len=1448 TSval=2916039520 TSecr=3045559294 [TCP segment of a reassembled PDU]"
"49134","35.440214511","192.168.1.2","192.168.1.55","TCP","66","36496  >  8004 [ACK] Seq=141 Ack=30598 Win=70656 Len=0 TSval=3045559294 TSecr=2916039516"
"49135","35.440243734","192.168.1.55","192.168.1.2","TCP","1514","8004  >  36496 [ACK] Seq=45078 Ack=141 Win=65024 Len=1448 TSval=2916039520 TSecr=3045559294 [TCP segment of a reassembled PDU]"
"49136","35.440246085","192.168.1.55","192.168.1.2","TCP","1514","8004  >  36496 [ACK] Seq=46526 Ack=141 Win=65024 Len=1448 TSval=2916039520 TSecr=3045559294 [TCP segment of a reassembled PDU]"
"49137","35.440247474","192.168.1.55","192.168.1.2","TCP","1514","8004  >  36496 [ACK] Seq=47974 Ack=141 Win=65024 Len=1448 TSval=2916039520 TSecr=3045559294 [TCP segment of a reassembled PDU]"
"49138","35.440248771","192.168.1.55","192.168.1.2","TCP","1514","8004  >  36496 [ACK] Seq=49422 Ack=141 Win=65024 Len=1448 TSval=2916039520 TSecr=3045559294 [TCP segment of a reassembled PDU]"
"49139","35.440250197","192.168.1.55","192.168.1.2","TCP","1514","8004  >  36496 [ACK] Seq=50870 Ack=141 Win=65024 Len=1448 TSval=2916039520 TSecr=3045559294 [TCP segment of a reassembled PDU]"
"49140","35.440251622","192.168.1.55","192.168.1.2","TCP","1514","8004  >  36496 [ACK] Seq=52318 Ack=141 Win=65024 Len=1448 TSval=2916039520 TSecr=3045559294 [TCP segment of a reassembled PDU]"
"49141","35.440252919","192.168.1.55","192.168.1.2","TCP","1514","8004  >  36496 [ACK] Seq=53766 Ack=141 Win=65024 Len=1448 TSval=2916039520 TSecr=3045559294 [TCP segment of a reassembled PDU]"
"49142","35.440254326","192.168.1.55","192.168.1.2","TCP","1514","8004  >  36496 [ACK] Seq=55214 Ack=141 Win=65024 Len=1448 TSval=2916039520 TSecr=3045559294 [TCP segment of a reassembled PDU]"
"49143","35.440255604","192.168.1.55","192.168.1.2","TCP","1514","8004  >  36496 [ACK] Seq=56662 Ack=141 Win=65024 Len=1448 TSval=2916039520 TSecr=3045559294 [TCP segment of a reassembled PDU]"
"49144","35.440256882","192.168.1.55","192.168.1.2","TCP","1514","8004  >  36496 [ACK] Seq=58110 Ack=141 Win=65024 Len=1448 TSval=2916039520 TSecr=3045559294 [TCP segment of a reassembled PDU]"
"49145","35.440258160","192.168.1.55","192.168.1.2","TCP","1514","8004  >  36496 [ACK] Seq=59558 Ack=141 Win=65024 Len=1448 TSval=2916039520 TSecr=3045559294 [TCP segment of a reassembled PDU]"
"49146","35.440259437","192.168.1.55","192.168.1.2","TCP","1514","8004  >  36496 [ACK] Seq=61006 Ack=141 Win=65024 Len=1448 TSval=2916039520 TSecr=3045559294 [TCP segment of a reassembled PDU]"
"49147","35.440261122","192.168.1.55","192.168.1.2","TCP","1514","8004  >  36496 [ACK] Seq=62454 Ack=141 Win=65024 Len=1448 TSval=2916039520 TSecr=3045559294 [TCP segment of a reassembled PDU]"
"49148","35.440262437","192.168.1.55","192.168.1.2","TCP","1514","8004  >  36496 [ACK] Seq=63902 Ack=141 Win=65024 Len=1448 TSval=2916039520 TSecr=3045559294 [TCP segment of a reassembled PDU]"
"49149","35.440263752","192.168.1.55","192.168.1.2","TCP","1514","8004  >  36496 [ACK] Seq=65350 Ack=141 Win=65024 Len=1448 TSval=2916039520 TSecr=3045559294 [TCP segment of a reassembled PDU]"
"49150","35.440265530","192.168.1.55","192.168.1.2","TCP","1514","8004  >  36496 [PSH, ACK] Seq=66798 Ack=141 Win=65024 Len=1448 TSval=2916039520 TSecr=3045559294 [TCP segment of a reassembled PDU]"
"49151","35.440279474","192.168.1.55","192.168.1.2","TCP","1514","8004  >  36496 [ACK] Seq=68246 Ack=141 Win=65024 Len=1448 TSval=2916039520 TSecr=3045559294 [TCP segment of a reassembled PDU]"
"49152","35.440281104","192.168.1.55","192.168.1.2","TCP","1514","8004  >  36496 [ACK] Seq=69694 Ack=141 Win=65024 Len=1448 TSval=2916039520 TSecr=3045559294 [TCP segment of a reassembled PDU]"
"49153","35.440282511","192.168.1.55","192.168.1.2","TCP","1514","8004  >  36496 [ACK] Seq=71142 Ack=141 Win=65024 Len=1448 TSval=2916039520 TSecr=3045559294 [TCP segment of a reassembled PDU]"
"49154","35.440283882","192.168.1.55","192.168.1.2","TCP","1514","8004  >  36496 [ACK] Seq=72590 Ack=141 Win=65024 Len=1448 TSval=2916039520 TSecr=3045559294 [TCP segment of a reassembled PDU]"
"49155","35.440285234","192.168.1.55","192.168.1.2","TCP","1514","8004  >  36496 [ACK] Seq=74038 Ack=141 Win=65024 Len=1448 TSval=2916039520 TSecr=3045559294 [TCP segment of a reassembled PDU]"
"49156","35.440286493","192.168.1.55","192.168.1.2","TCP","1514","8004  >  36496 [PSH, ACK] Seq=75486 Ack=141 Win=65024 Len=1448 TSval=2916039520 TSecr=3045559294 [TCP segment of a reassembled PDU]"
"49157","35.440290919","192.168.1.2","192.168.1.55","TCP","66","36496  >  8004 [ACK] Seq=141 Ack=36390 Win=69632 Len=0 TSval=3045559294 TSecr=2916039516"
"49158","35.442895016","192.168.1.2","192.168.1.55","TCP","66","36496  >  8004 [ACK] Seq=141 Ack=42182 Win=81920 Len=0 TSval=3045559295 TSecr=2916039516"
"49159","35.442925571","192.168.1.55","192.168.1.2","TCP","1514","8004  >  36496 [ACK] Seq=76934 Ack=141 Win=65024 Len=1448 TSval=2916039523 TSecr=3045559295 [TCP segment of a reassembled PDU]"
"49160","35.442928775","192.168.1.55","192.168.1.2","TCP","1514","8004  >  36496 [ACK] Seq=78382 Ack=141 Win=65024 Len=1448 TSval=2916039523 TSecr=3045559295 [TCP segment of a reassembled PDU]"
"49161","35.442930238","192.168.1.55","192.168.1.2","TCP","1514","8004  >  36496 [ACK] Seq=79830 Ack=141 Win=65024 Len=1448 TSval=2916039523 TSecr=3045559295 [TCP segment of a reassembled PDU]"
"49162","35.442931608","192.168.1.55","192.168.1.2","TCP","1514","8004  >  36496 [ACK] Seq=81278 Ack=141 Win=65024 Len=1448 TSval=2916039523 TSecr=3045559295 [TCP segment of a reassembled PDU]"
"49163","35.442933053","192.168.1.55","192.168.1.2","TCP","1514","8004  >  36496 [ACK] Seq=82726 Ack=141 Win=65024 Len=1448 TSval=2916039523 TSecr=3045559295 [TCP segment of a reassembled PDU]"
"49164","35.442934442","192.168.1.55","192.168.1.2","TCP","1514","8004  >  36496 [ACK] Seq=84174 Ack=141 Win=65024 Len=1448 TSval=2916039523 TSecr=3045559295 [TCP segment of a reassembled PDU]"
"49165","35.442935830","192.168.1.55","192.168.1.2","TCP","1514","8004  >  36496 [ACK] Seq=85622 Ack=141 Win=65024 Len=1448 TSval=2916039523 TSecr=3045559295 [TCP segment of a reassembled PDU]"
"49166","35.442937238","192.168.1.55","192.168.1.2","TCP","1514","8004  >  36496 [ACK] Seq=87070 Ack=141 Win=65024 Len=1448 TSval=2916039523 TSecr=3045559295 [TCP segment of a reassembled PDU]"
"49167","35.442938627","192.168.1.55","192.168.1.2","TCP","1514","8004  >  36496 [ACK] Seq=88518 Ack=141 Win=65024 Len=1448 TSval=2916039523 TSecr=3045559295 [TCP segment of a reassembled PDU]"
"49168","35.442940071","192.168.1.55","192.168.1.2","TCP","1514","8004  >  36496 [ACK] Seq=89966 Ack=141 Win=65024 Len=1448 TSval=2916039523 TSecr=3045559295 [TCP segment of a reassembled PDU]"
"49169","35.442941479","192.168.1.55","192.168.1.2","TCP","1514","8004  >  36496 [ACK] Seq=91414 Ack=141 Win=65024 Len=1448 TSval=2916039523 TSecr=3045559295 [TCP segment of a reassembled PDU]"
"49170","35.442942812","192.168.1.55","192.168.1.2","TCP","1514","8004  >  36496 [ACK] Seq=92862 Ack=141 Win=65024 Len=1448 TSval=2916039523 TSecr=3045559295 [TCP segment of a reassembled PDU]"
"49171","35.442944145","192.168.1.55","192.168.1.2","TCP","1514","8004  >  36496 [ACK] Seq=94310 Ack=141 Win=65024 Len=1448 TSval=2916039523 TSecr=3045559295 [TCP segment of a reassembled PDU]"
"49172","35.442945497","192.168.1.55","192.168.1.2","TCP","1514","8004  >  36496 [ACK] Seq=95758 Ack=141 Win=65024 Len=1448 TSval=2916039523 TSecr=3045559295 [TCP segment of a reassembled PDU]"
"49173","35.442946868","192.168.1.55","192.168.1.2","TCP","1514","8004  >  36496 [ACK] Seq=97206 Ack=141 Win=65024 Len=1448 TSval=2916039523 TSecr=3045559295 [TCP segment of a reassembled PDU]"
"49174","35.442948275","192.168.1.55","192.168.1.2","TCP","1514","8004  >  36496 [PSH, ACK] Seq=98654 Ack=141 Win=65024 Len=1448 TSval=2916039523 TSecr=3045559295 [TCP segment of a reassembled PDU]"
"49175","35.445371483","192.168.1.2","192.168.1.55","TCP","66","36496  >  8004 [ACK] Seq=141 Ack=45078 Win=82944 Len=0 TSval=3045559299 TSecr=2916039520"
"49176","35.445380890","192.168.1.55","192.168.1.2","TCP","1514","8004  >  36496 [ACK] Seq=100102 Ack=141 Win=65024 Len=1448 TSval=2916039526 TSecr=3045559299 [TCP segment of a reassembled PDU]"
"49177","35.445382964","192.168.1.55","192.168.1.2","TCP","1514","8004  >  36496 [ACK] Seq=101550 Ack=141 Win=65024 Len=1448 TSval=2916039526 TSecr=3045559299 [TCP segment of a reassembled PDU]"
"49178","35.445384149","192.168.1.55","192.168.1.2","TCP","1514","8004  >  36496 [ACK] Seq=102998 Ack=141 Win=65024 Len=1448 TSval=2916039526 TSecr=3045559299 [TCP segment of a reassembled PDU]"
"49179","35.445385334","192.168.1.55","192.168.1.2","TCP","1514","8004  >  36496 [PSH, ACK] Seq=104446 Ack=141 Win=65024 Len=1448 TSval=2916039526 TSecr=3045559299 [TCP segment of a reassembled PDU]"
"49180","35.445645316","192.168.1.2","192.168.1.55","TCP","66","36496  >  8004 [ACK] Seq=141 Ack=68246 Win=66560 Len=0 TSval=3045559299 TSecr=2916039520"
"49181","35.445654187","192.168.1.55","192.168.1.2","TCP","1514","8004  >  36496 [ACK] Seq=105894 Ack=141 Win=65024 Len=1448 TSval=2916039526 TSecr=3045559299 [TCP segment of a reassembled PDU]"
"49182","35.445656168","192.168.1.55","192.168.1.2","TCP","1514","8004  >  36496 [PSH, ACK] Seq=107342 Ack=141 Win=65024 Len=1448 TSval=2916039526 TSecr=3045559299 [TCP segment of a reassembled PDU]"
"49183","35.445675150","192.168.1.55","192.168.1.2","TCP","1514","8004  >  36496 [ACK] Seq=108790 Ack=141 Win=65024 Len=1448 TSval=2916039526 TSecr=3045559299 [TCP segment of a reassembled PDU]"
"49184","35.445680965","192.168.1.55","192.168.1.2","TCP","1514","8004  >  36496 [ACK] Seq=110238 Ack=141 Win=65024 Len=1448 TSval=2916039526 TSecr=3045559299 [TCP segment of a reassembled PDU]"
"49185","35.445682316","192.168.1.55","192.168.1.2","TCP","1514","8004  >  36496 [ACK] Seq=111686 Ack=141 Win=65024 Len=1448 TSval=2916039526 TSecr=3045559299 [TCP segment of a reassembled PDU]"
"49186","35.445683576","192.168.1.55","192.168.1.2","TCP","1514","8004  >  36496 [ACK] Seq=113134 Ack=141 Win=65024 Len=1448 TSval=2916039526 TSecr=3045559299 [TCP segment of a reassembled PDU]"
"49187","35.445684742","192.168.1.55","192.168.1.2","TCP","1514","8004  >  36496 [ACK] Seq=114582 Ack=141 Win=65024 Len=1448 TSval=2916039526 TSecr=3045559299 [TCP segment of a reassembled PDU]"
"49188","35.445685835","192.168.1.55","192.168.1.2","TCP","1514","8004  >  36496 [ACK] Seq=116030 Ack=141 Win=65024 Len=1448 TSval=2916039526 TSecr=3045559299 [TCP segment of a reassembled PDU]"
"49189","35.445687113","192.168.1.55","192.168.1.2","TCP","1514","8004  >  36496 [ACK] Seq=117478 Ack=141 Win=65024 Len=1448 TSval=2916039526 TSecr=3045559299 [TCP segment of a reassembled PDU]"
"49190","35.445688205","192.168.1.55","192.168.1.2","TCP","1514","8004  >  36496 [ACK] Seq=118926 Ack=141 Win=65024 Len=1448 TSval=2916039526 TSecr=3045559299 [TCP segment of a reassembled PDU]"
"49191","35.445689465","192.168.1.55","192.168.1.2","TCP","1514","8004  >  36496 [ACK] Seq=120374 Ack=141 Win=65024 Len=1448 TSval=2916039526 TSecr=3045559299 [TCP segment of a reassembled PDU]"
"49192","35.445690576","192.168.1.55","192.168.1.2","TCP","1514","8004  >  36496 [ACK] Seq=121822 Ack=141 Win=65024 Len=1448 TSval=2916039526 TSecr=3045559299 [TCP segment of a reassembled PDU]"
"49193","35.445691816","192.168.1.55","192.168.1.2","TCP","1514","8004  >  36496 [ACK] Seq=123270 Ack=141 Win=65024 Len=1448 TSval=2916039526 TSecr=3045559299 [TCP segment of a reassembled PDU]"
"49194","35.445693224","192.168.1.55","192.168.1.2","TCP","1514","8004  >  36496 [ACK] Seq=124718 Ack=141 Win=65024 Len=1448 TSval=2916039526 TSecr=3045559299 [TCP segment of a reassembled PDU]"
"49195","35.445694502","192.168.1.55","192.168.1.2","TCP","1514","8004  >  36496 [ACK] Seq=126166 Ack=141 Win=65024 Len=1448 TSval=2916039526 TSecr=3045559299 [TCP segment of a reassembled PDU]"
"49196","35.445695668","192.168.1.55","192.168.1.2","TCP","1514","8004  >  36496 [ACK] Seq=127614 Ack=141 Win=65024 Len=1448 TSval=2916039526 TSecr=3045559299 [TCP segment of a reassembled PDU]"
"49197","35.445697002","192.168.1.55","192.168.1.2","TCP","1514","8004  >  36496 [ACK] Seq=129062 Ack=141 Win=65024 Len=1448 TSval=2916039526 TSecr=3045559299 [TCP segment of a reassembled PDU]"
"49198","35.445698187","192.168.1.55","192.168.1.2","TCP","1514","8004  >  36496 [ACK] Seq=130510 Ack=141 Win=65024 Len=1448 TSval=2916039526 TSecr=3045559299 [TCP segment of a reassembled PDU]"
"49199","35.445699465","192.168.1.55","192.168.1.2","TCP","1514","8004  >  36496 [ACK] Seq=131958 Ack=141 Win=65024 Len=1448 TSval=2916039526 TSecr=3045559299 [TCP segment of a reassembled PDU]"
"49200","35.445700946","192.168.1.55","192.168.1.2","TCP","1466","[TCP Window Full] 8004  >  36496 [PSH, ACK] Seq=133406 Ack=141 Win=65024 Len=1400 TSval=2916039526 TSecr=3045559299 [TCP segment of a reassembled PDU]"
"49201","35.445704520","192.168.1.2","192.168.1.55","TCP","66","36496  >  8004 [ACK] Seq=141 Ack=76934 Win=58368 Len=0 TSval=3045559299 TSecr=2916039520"
"49202","35.448299746","192.168.1.2","192.168.1.55","TCP","66","36496  >  8004 [ACK] Seq=141 Ack=91414 Win=70656 Len=0 TSval=3045559301 TSecr=2916039523"
"49203","35.448315709","192.168.1.55","192.168.1.2","TCP","1514","8004  >  36496 [ACK] Seq=134806 Ack=141 Win=65024 Len=1448 TSval=2916039529 TSecr=3045559301 [TCP segment of a reassembled PDU]"
"49204","35.448318339","192.168.1.55","192.168.1.2","TCP","1514","8004  >  36496 [ACK] Seq=136254 Ack=141 Win=65024 Len=1448 TSval=2916039529 TSecr=3045559301 [TCP segment of a reassembled PDU]"
"49205","35.448319432","192.168.1.55","192.168.1.2","TCP","1514","8004  >  36496 [ACK] Seq=137702 Ack=141 Win=65024 Len=1448 TSval=2916039529 TSecr=3045559301 [TCP segment of a reassembled PDU]"
"49206","35.448320617","192.168.1.55","192.168.1.2","TCP","1514","8004  >  36496 [PSH, ACK] Seq=139150 Ack=141 Win=65024 Len=1448 TSval=2916039529 TSecr=3045559301 [TCP segment of a reassembled PDU]"
"49207","35.448325432","192.168.1.55","192.168.1.2","TCP","114","8004  >  36496 [ACK] Seq=140598 Ack=141 Win=65024 Len=48 TSval=2916039529 TSecr=3045559301 [TCP segment of a reassembled PDU]"
"49208","35.450694176","192.168.1.2","192.168.1.55","TCP","66","36496  >  8004 [ACK] Seq=141 Ack=100102 Win=75776 Len=0 TSval=3045559302 TSecr=2916039523"
"49209","35.450736084","192.168.1.55","192.168.1.2","TCP","1514","8004  >  36496 [ACK] Seq=140646 Ack=141 Win=65024 Len=1448 TSval=2916039531 TSecr=3045559302 [TCP segment of a reassembled PDU]"
"49210","35.450739176","192.168.1.55","192.168.1.2","TCP","1514","8004  >  36496 [ACK] Seq=142094 Ack=141 Win=65024 Len=1448 TSval=2916039531 TSecr=3045559302 [TCP segment of a reassembled PDU]"
"49211","35.450740621","192.168.1.55","192.168.1.2","TCP","1514","8004  >  36496 [ACK] Seq=143542 Ack=141 Win=65024 Len=1448 TSval=2916039531 TSecr=3045559302 [TCP segment of a reassembled PDU]"
"49212","35.450742324","192.168.1.55","192.168.1.2","TCP","1514","8004  >  36496 [ACK] Seq=144990 Ack=141 Win=65024 Len=1448 TSval=2916039531 TSecr=3045559302 [TCP segment of a reassembled PDU]"
"49213","35.450743676","192.168.1.55","192.168.1.2","TCP","1514","8004  >  36496 [ACK] Seq=146438 Ack=141 Win=65024 Len=1448 TSval=2916039531 TSecr=3045559302 [TCP segment of a reassembled PDU]"
"49214","35.450745158","192.168.1.55","192.168.1.2","TCP","1514","8004  >  36496 [ACK] Seq=147886 Ack=141 Win=65024 Len=1448 TSval=2916039531 TSecr=3045559302 [TCP segment of a reassembled PDU]"
"49215","35.450746343","192.168.1.55","192.168.1.2","TCP","1514","8004  >  36496 [ACK] Seq=149334 Ack=141 Win=65024 Len=1448 TSval=2916039531 TSecr=3045559302 [TCP segment of a reassembled PDU]"
"49216","35.450747528","192.168.1.55","192.168.1.2","TCP","1514","8004  >  36496 [ACK] Seq=150782 Ack=141 Win=65024 Len=1448 TSval=2916039531 TSecr=3045559302 [TCP segment of a reassembled PDU]"
"49217","35.450748639","192.168.1.55","192.168.1.2","TCP","1514","8004  >  36496 [ACK] Seq=152230 Ack=141 Win=65024 Len=1448 TSval=2916039531 TSecr=3045559302 [TCP segment of a reassembled PDU]"
"49218","35.450749973","192.168.1.55","192.168.1.2","TCP","1514","8004  >  36496 [ACK] Seq=153678 Ack=141 Win=65024 Len=1448 TSval=2916039531 TSecr=3045559302 [TCP segment of a reassembled PDU]"
"49219","35.450751250","192.168.1.55","192.168.1.2","TCP","1514","8004  >  36496 [ACK] Seq=155126 Ack=141 Win=65024 Len=1448 TSval=2916039531 TSecr=3045559302 [TCP segment of a reassembled PDU]"
"49220","35.450753787","192.168.1.55","192.168.1.2","TCP","1514","8004  >  36496 [ACK] Seq=156574 Ack=141 Win=65024 Len=1448 TSval=2916039531 TSecr=3045559302 [TCP segment of a reassembled PDU]"
"49221","35.450755362","192.168.1.55","192.168.1.2","TCP","1514","8004  >  36496 [ACK] Seq=158022 Ack=141 Win=65024 Len=1448 TSval=2916039531 TSecr=3045559302 [TCP segment of a reassembled PDU]"
"49222","35.450756528","192.168.1.55","192.168.1.2","TCP","1514","8004  >  36496 [ACK] Seq=159470 Ack=141 Win=65024 Len=1448 TSval=2916039531 TSecr=3045559302 [TCP segment of a reassembled PDU]"
"49223","35.450757787","192.168.1.55","192.168.1.2","TCP","1514","8004  >  36496 [ACK] Seq=160918 Ack=141 Win=65024 Len=1448 TSval=2916039531 TSecr=3045559302 [TCP segment of a reassembled PDU]"
"49224","35.450758973","192.168.1.55","192.168.1.2","TCP","1514","8004  >  36496 [ACK] Seq=162366 Ack=141 Win=65024 Len=1448 TSval=2916039531 TSecr=3045559302 [TCP segment of a reassembled PDU]"
"49225","35.450760195","192.168.1.55","192.168.1.2","TCP","1514","8004  >  36496 [ACK] Seq=163814 Ack=141 Win=65024 Len=1448 TSval=2916039531 TSecr=3045559302 [TCP segment of a reassembled PDU]"
"49226","35.450761269","192.168.1.55","192.168.1.2","TCP","1514","8004  >  36496 [ACK] Seq=165262 Ack=141 Win=65024 Len=1448 TSval=2916039531 TSecr=3045559302 [TCP segment of a reassembled PDU]"
"49227","35.450762769","192.168.1.55","192.168.1.2","TCP","1514","8004  >  36496 [ACK] Seq=166710 Ack=141 Win=65024 Len=1448 TSval=2916039531 TSecr=3045559302 [TCP segment of a reassembled PDU]"
"49228","35.450765787","192.168.1.55","192.168.1.2","TCP","1514","8004  >  36496 [ACK] Seq=168158 Ack=141 Win=65024 Len=1448 TSval=2916039531 TSecr=3045559302 [TCP segment of a reassembled PDU]"
"49229","35.450767362","192.168.1.55","192.168.1.2","TCP","1514","8004  >  36496 [ACK] Seq=169606 Ack=141 Win=65024 Len=1448 TSval=2916039531 TSecr=3045559302 [TCP segment of a reassembled PDU]"
"49230","35.450768510","192.168.1.55","192.168.1.2","TCP","1514","8004  >  36496 [PSH, ACK] Seq=171054 Ack=141 Win=65024 Len=1448 TSval=2916039531 TSecr=3045559302 [TCP segment of a reassembled PDU]"
"49231","35.450826288","192.168.1.2","192.168.1.55","TCP","66","36496  >  8004 [ACK] Seq=141 Ack=105894 Win=79872 Len=0 TSval=3045559304 TSecr=2916039526"
"49232","35.450834917","192.168.1.2","192.168.1.55","TCP","66","36496  >  8004 [ACK] Seq=141 Ack=126166 Win=82944 Len=0 TSval=3045559304 TSecr=2916039526"
"49233","35.450888677","192.168.1.55","192.168.1.2","TCP","1514","8004  >  36496 [ACK] Seq=172502 Ack=141 Win=65024 Len=1448 TSval=2916039531 TSecr=3045559304 [TCP segment of a reassembled PDU]"
"49234","35.450890362","192.168.1.55","192.168.1.2","TCP","1514","8004  >  36496 [ACK] Seq=173950 Ack=141 Win=65024 Len=1448 TSval=2916039531 TSecr=3045559304 [TCP segment of a reassembled PDU]"
"49235","35.450891880","192.168.1.55","192.168.1.2","TCP","1514","8004  >  36496 [ACK] Seq=175398 Ack=141 Win=65024 Len=1448 TSval=2916039531 TSecr=3045559304 [TCP segment of a reassembled PDU]"
"49236","35.450894306","192.168.1.55","192.168.1.2","TCP","1514","8004  >  36496 [ACK] Seq=176846 Ack=141 Win=65024 Len=1448 TSval=2916039531 TSecr=3045559304 [TCP segment of a reassembled PDU]"
"49237","35.450895880","192.168.1.55","192.168.1.2","TCP","1514","8004  >  36496 [ACK] Seq=178294 Ack=141 Win=65024 Len=1448 TSval=2916039531 TSecr=3045559304 [TCP segment of a reassembled PDU]"
"49238","35.450897084","192.168.1.55","192.168.1.2","TCP","1514","8004  >  36496 [ACK] Seq=179742 Ack=141 Win=65024 Len=1448 TSval=2916039531 TSecr=3045559304 [TCP segment of a reassembled PDU]"
"49239","35.450898288","192.168.1.55","192.168.1.2","TCP","1514","8004  >  36496 [ACK] Seq=181190 Ack=141 Win=65024 Len=1448 TSval=2916039531 TSecr=3045559304 [TCP segment of a reassembled PDU]"
"49240","35.450899732","192.168.1.55","192.168.1.2","TCP","1514","8004  >  36496 [ACK] Seq=182638 Ack=141 Win=65024 Len=1448 TSval=2916039531 TSecr=3045559304 [TCP segment of a reassembled PDU]"
"49241","35.450901899","192.168.1.55","192.168.1.2","TCP","1514","8004  >  36496 [ACK] Seq=184086 Ack=141 Win=65024 Len=1448 TSval=2916039531 TSecr=3045559304 [TCP segment of a reassembled PDU]"
"49242","35.450903473","192.168.1.55","192.168.1.2","TCP","1514","8004  >  36496 [ACK] Seq=185534 Ack=141 Win=65024 Len=1448 TSval=2916039531 TSecr=3045559304 [TCP segment of a reassembled PDU]"
"49243","35.450904565","192.168.1.55","192.168.1.2","TCP","1514","8004  >  36496 [ACK] Seq=186982 Ack=141 Win=65024 Len=1448 TSval=2916039531 TSecr=3045559304 [TCP segment of a reassembled PDU]"
"49244","35.450905695","192.168.1.55","192.168.1.2","TCP","1514","8004  >  36496 [ACK] Seq=188430 Ack=141 Win=65024 Len=1448 TSval=2916039531 TSecr=3045559304 [TCP segment of a reassembled PDU]"
"49245","35.450907121","192.168.1.55","192.168.1.2","TCP","1514","8004  >  36496 [ACK] Seq=189878 Ack=141 Win=65024 Len=1448 TSval=2916039531 TSecr=3045559304 [TCP segment of a reassembled PDU]"
"49246","35.450909084","192.168.1.55","192.168.1.2","TCP","1514","8004  >  36496 [ACK] Seq=191326 Ack=141 Win=65024 Len=1448 TSval=2916039531 TSecr=3045559304 [TCP segment of a reassembled PDU]"
"49247","35.450911065","192.168.1.55","192.168.1.2","TCP","1514","8004  >  36496 [ACK] Seq=192774 Ack=141 Win=65024 Len=1448 TSval=2916039531 TSecr=3045559304 [TCP segment of a reassembled PDU]"
"49248","35.450913028","192.168.1.55","192.168.1.2","TCP","1514","8004  >  36496 [ACK] Seq=194222 Ack=141 Win=65024 Len=1448 TSval=2916039531 TSecr=3045559304 [TCP segment of a reassembled PDU]"
"49249","35.450914121","192.168.1.55","192.168.1.2","TCP","1514","8004  >  36496 [ACK] Seq=195670 Ack=141 Win=65024 Len=1448 TSval=2916039531 TSecr=3045559304 [TCP segment of a reassembled PDU]"
"49250","35.450915584","192.168.1.55","192.168.1.2","TCP","1514","8004  >  36496 [ACK] Seq=197118 Ack=141 Win=65024 Len=1448 TSval=2916039531 TSecr=3045559304 [TCP segment of a reassembled PDU]"
"49251","35.450917640","192.168.1.55","192.168.1.2","TCP","1514","8004  >  36496 [ACK] Seq=198566 Ack=141 Win=65024 Len=1448 TSval=2916039531 TSecr=3045559304 [TCP segment of a reassembled PDU]"
"49252","35.450919325","192.168.1.55","192.168.1.2","TCP","1514","8004  >  36496 [ACK] Seq=200014 Ack=141 Win=65024 Len=1448 TSval=2916039531 TSecr=3045559304 [TCP segment of a reassembled PDU]"
"49253","35.450920547","192.168.1.55","192.168.1.2","TCP","1514","8004  >  36496 [ACK] Seq=201462 Ack=141 Win=65024 Len=1448 TSval=2916039531 TSecr=3045559304 [TCP segment of a reassembled PDU]"
"49254","35.450921621","192.168.1.55","192.168.1.2","TCP","1514","8004  >  36496 [ACK] Seq=202910 Ack=141 Win=65024 Len=1448 TSval=2916039531 TSecr=3045559304 [TCP segment of a reassembled PDU]"
"49255","35.450923528","192.168.1.55","192.168.1.2","TCP","1514","8004  >  36496 [ACK] Seq=204358 Ack=141 Win=65024 Len=1448 TSval=2916039531 TSecr=3045559304 [TCP segment of a reassembled PDU]"
"49256","35.450925565","192.168.1.55","192.168.1.2","TCP","1514","8004  >  36496 [PSH, ACK] Seq=205806 Ack=141 Win=65024 Len=1448 TSval=2916039531 TSecr=3045559304 [TCP segment of a reassembled PDU]"
"49257","35.452155456","192.168.1.2","192.168.1.55","TCP","66","36496  >  8004 [ACK] Seq=141 Ack=134806 Win=100352 Len=0 TSval=3045559305 TSecr=2916039526"
"49258","35.452231845","192.168.1.55","192.168.1.2","TCP","1514","8004  >  36496 [ACK] Seq=207254 Ack=141 Win=65024 Len=1448 TSval=2916039532 TSecr=3045559305 [TCP segment of a reassembled PDU]"
"49259","35.452234253","192.168.1.55","192.168.1.2","TCP","1514","8004  >  36496 [ACK] Seq=208702 Ack=141 Win=65024 Len=1448 TSval=2916039532 TSecr=3045559305 [TCP segment of a reassembled PDU]"
"49260","35.452236734","192.168.1.55","192.168.1.2","TCP","1514","8004  >  36496 [ACK] Seq=210150 Ack=141 Win=65024 Len=1448 TSval=2916039532 TSecr=3045559305 [TCP segment of a reassembled PDU]"
"49261","35.452238438","192.168.1.55","192.168.1.2","TCP","1514","8004  >  36496 [ACK] Seq=211598 Ack=141 Win=65024 Len=1448 TSval=2916039532 TSecr=3045559305 [TCP segment of a reassembled PDU]"
"49262","35.452239845","192.168.1.55","192.168.1.2","TCP","1514","8004  >  36496 [ACK] Seq=213046 Ack=141 Win=65024 Len=1448 TSval=2916039532 TSecr=3045559305 [TCP segment of a reassembled PDU]"
"49263","35.452240956","192.168.1.55","192.168.1.2","TCP","1514","8004  >  36496 [ACK] Seq=214494 Ack=141 Win=65024 Len=1448 TSval=2916039532 TSecr=3045559305 [TCP segment of a reassembled PDU]"
"49264","35.452242142","192.168.1.55","192.168.1.2","TCP","1514","8004  >  36496 [ACK] Seq=215942 Ack=141 Win=65024 Len=1448 TSval=2916039532 TSecr=3045559305 [TCP segment of a reassembled PDU]"
"49265","35.452243419","192.168.1.55","192.168.1.2","TCP","1514","8004  >  36496 [ACK] Seq=217390 Ack=141 Win=65024 Len=1448 TSval=2916039532 TSecr=3045559305 [TCP segment of a reassembled PDU]"
"49266","35.452244660","192.168.1.55","192.168.1.2","TCP","1514","8004  >  36496 [ACK] Seq=218838 Ack=141 Win=65024 Len=1448 TSval=2916039532 TSecr=3045559305 [TCP segment of a reassembled PDU]"
"49267","35.452246253","192.168.1.55","192.168.1.2","TCP","1514","8004  >  36496 [ACK] Seq=220286 Ack=141 Win=65024 Len=1448 TSval=2916039532 TSecr=3045559305 [TCP segment of a reassembled PDU]"
"49268","35.452248271","192.168.1.55","192.168.1.2","TCP","1514","8004  >  36496 [ACK] Seq=221734 Ack=141 Win=65024 Len=1448 TSval=2916039532 TSecr=3045559305 [TCP segment of a reassembled PDU]"
"49269","35.452249808","192.168.1.55","192.168.1.2","TCP","1514","8004  >  36496 [ACK] Seq=223182 Ack=141 Win=65024 Len=1448 TSval=2916039532 TSecr=3045559305 [TCP segment of a reassembled PDU]"
"49270","35.452251012","192.168.1.55","192.168.1.2","TCP","1514","8004  >  36496 [ACK] Seq=224630 Ack=141 Win=65024 Len=1448 TSval=2916039532 TSecr=3045559305 [TCP segment of a reassembled PDU]"
"49271","35.452252086","192.168.1.55","192.168.1.2","TCP","1514","8004  >  36496 [ACK] Seq=226078 Ack=141 Win=65024 Len=1448 TSval=2916039532 TSecr=3045559305 [TCP segment of a reassembled PDU]"
"49272","35.452253308","192.168.1.55","192.168.1.2","TCP","1514","8004  >  36496 [ACK] Seq=227526 Ack=141 Win=65024 Len=1448 TSval=2916039532 TSecr=3045559305 [TCP segment of a reassembled PDU]"
"49273","35.452254475","192.168.1.55","192.168.1.2","TCP","1514","8004  >  36496 [ACK] Seq=228974 Ack=141 Win=65024 Len=1448 TSval=2916039532 TSecr=3045559305 [TCP segment of a reassembled PDU]"
"49274","35.452255716","192.168.1.55","192.168.1.2","TCP","1514","8004  >  36496 [ACK] Seq=230422 Ack=141 Win=65024 Len=1448 TSval=2916039532 TSecr=3045559305 [TCP segment of a reassembled PDU]"
"49275","35.452257308","192.168.1.55","192.168.1.2","TCP","1514","8004  >  36496 [ACK] Seq=231870 Ack=141 Win=65024 Len=1448 TSval=2916039532 TSecr=3045559305 [TCP segment of a reassembled PDU]"
"49276","35.452259049","192.168.1.55","192.168.1.2","TCP","1514","8004  >  36496 [PSH, ACK] Seq=233318 Ack=141 Win=65024 Len=1448 TSval=2916039532 TSecr=3045559305 [TCP segment of a reassembled PDU]"
"49277","35.455912259","192.168.1.2","192.168.1.55","TCP","66","36496  >  8004 [ACK] Seq=141 Ack=137702 Win=106496 Len=0 TSval=3045559306 TSecr=2916039529"
"49278","35.455934351","192.168.1.55","192.168.1.2","TCP","1514","8004  >  36496 [ACK] Seq=234766 Ack=141 Win=65024 Len=1448 TSval=2916039536 TSecr=3045559306 [TCP segment of a reassembled PDU]"
"49279","35.455937351","192.168.1.55","192.168.1.2","TCP","1514","8004  >  36496 [ACK] Seq=236214 Ack=141 Win=65024 Len=1448 TSval=2916039536 TSecr=3045559306 [TCP segment of a reassembled PDU]"
"49280","35.455938944","192.168.1.55","192.168.1.2","TCP","1514","8004  >  36496 [ACK] Seq=237662 Ack=141 Win=65024 Len=1448 TSval=2916039536 TSecr=3045559306 [TCP segment of a reassembled PDU]"
"49281","35.455940536","192.168.1.55","192.168.1.2","TCP","1514","8004  >  36496 [ACK] Seq=239110 Ack=141 Win=65024 Len=1448 TSval=2916039536 TSecr=3045559306 [TCP segment of a reassembled PDU]"
"49282","35.455942962","192.168.1.55","192.168.1.2","TCP","1514","8004  >  36496 [PSH, ACK] Seq=240558 Ack=141 Win=65024 Len=1448 TSval=2916039536 TSecr=3045559306 [TCP segment of a reassembled PDU]"
"49283","35.458974375","192.168.1.2","192.168.1.55","TCP","66","36496  >  8004 [ACK] Seq=141 Ack=140598 Win=112640 Len=0 TSval=3045559312 TSecr=2916039529"
"49284","35.458989893","192.168.1.55","192.168.1.2","TCP","1514","8004  >  36496 [ACK] Seq=242006 Ack=141 Win=65024 Len=1448 TSval=2916039539 TSecr=3045559312 [TCP segment of a reassembled PDU]"
"49285","35.458992727","192.168.1.55","192.168.1.2","TCP","1514","8004  >  36496 [ACK] Seq=243454 Ack=141 Win=65024 Len=1448 TSval=2916039539 TSecr=3045559312 [TCP segment of a reassembled PDU]"
"49286","35.458994190","192.168.1.55","192.168.1.2","TCP","1514","8004  >  36496 [ACK] Seq=244902 Ack=141 Win=65024 Len=1448 TSval=2916039539 TSecr=3045559312 [TCP segment of a reassembled PDU]"
"49287","35.458995523","192.168.1.55","192.168.1.2","TCP","1514","8004  >  36496 [ACK] Seq=246350 Ack=141 Win=65024 Len=1448 TSval=2916039539 TSecr=3045559312 [TCP segment of a reassembled PDU]"
"49288","35.458996856","192.168.1.55","192.168.1.2","TCP","1514","8004  >  36496 [ACK] Seq=247798 Ack=141 Win=65024 Len=1448 TSval=2916039539 TSecr=3045559312 [TCP segment of a reassembled PDU]"
"49289","35.458998245","192.168.1.55","192.168.1.2","TCP","1514","8004  >  36496 [ACK] Seq=249246 Ack=141 Win=65024 Len=1448 TSval=2916039539 TSecr=3045559312 [TCP segment of a reassembled PDU]"
"49290","35.458999708","192.168.1.55","192.168.1.2","TCP","1514","8004  >  36496 [PSH, ACK] Seq=250694 Ack=141 Win=65024 Len=1448 TSval=2916039539 TSecr=3045559312 [TCP segment of a reassembled PDU]"
"49291","35.459388468","192.168.1.2","192.168.1.55","TCP","66","36496  >  8004 [ACK] Seq=141 Ack=172502 Win=89088 Len=0 TSval=3045559312 TSecr=2916039529"
"49292","35.459398912","192.168.1.2","192.168.1.55","TCP","66","36496  >  8004 [ACK] Seq=141 Ack=207254 Win=91136 Len=0 TSval=3045559312 TSecr=2916039531"
"49293","35.459423338","192.168.1.55","192.168.1.2","TCP","1514","8004  >  36496 [ACK] Seq=252142 Ack=141 Win=65024 Len=1448 TSval=2916039540 TSecr=3045559312 [TCP segment of a reassembled PDU]"
"49294","35.459426024","192.168.1.55","192.168.1.2","TCP","1514","8004  >  36496 [ACK] Seq=253590 Ack=141 Win=65024 Len=1448 TSval=2916039540 TSecr=3045559312 [TCP segment of a reassembled PDU]"
"49295","35.459427431","192.168.1.55","192.168.1.2","TCP","1514","8004  >  36496 [ACK] Seq=255038 Ack=141 Win=65024 Len=1448 TSval=2916039540 TSecr=3045559312 [TCP segment of a reassembled PDU]"
"49296","35.459428820","192.168.1.55","192.168.1.2","TCP","1514","8004  >  36496 [ACK] Seq=256486 Ack=141 Win=65024 Len=1448 TSval=2916039540 TSecr=3045559312 [TCP segment of a reassembled PDU]"
"49297","35.459430098","192.168.1.55","192.168.1.2","TCP","1514","8004  >  36496 [ACK] Seq=257934 Ack=141 Win=65024 Len=1448 TSval=2916039540 TSecr=3045559312 [TCP segment of a reassembled PDU]"
"49298","35.459431468","192.168.1.55","192.168.1.2","TCP","1514","8004  >  36496 [ACK] Seq=259382 Ack=141 Win=65024 Len=1448 TSval=2916039540 TSecr=3045559312 [TCP segment of a reassembled PDU]"
"49299","35.459432746","192.168.1.55","192.168.1.2","TCP","1514","8004  >  36496 [ACK] Seq=260830 Ack=141 Win=65024 Len=1448 TSval=2916039540 TSecr=3045559312 [TCP segment of a reassembled PDU]"
"49300","35.459434079","192.168.1.55","192.168.1.2","TCP","1514","8004  >  36496 [ACK] Seq=262278 Ack=141 Win=65024 Len=1448 TSval=2916039540 TSecr=3045559312 [TCP segment of a reassembled PDU]"
"49301","35.459435542","192.168.1.55","192.168.1.2","TCP","1514","8004  >  36496 [ACK] Seq=263726 Ack=141 Win=65024 Len=1448 TSval=2916039540 TSecr=3045559312 [TCP segment of a reassembled PDU]"
"49302","35.459436931","192.168.1.55","192.168.1.2","TCP","1514","8004  >  36496 [ACK] Seq=265174 Ack=141 Win=65024 Len=1448 TSval=2916039540 TSecr=3045559312 [TCP segment of a reassembled PDU]"
"49303","35.459438227","192.168.1.55","192.168.1.2","TCP","1514","8004  >  36496 [ACK] Seq=266622 Ack=141 Win=65024 Len=1448 TSval=2916039540 TSecr=3045559312 [TCP segment of a reassembled PDU]"
"49304","35.459439524","192.168.1.55","192.168.1.2","TCP","1514","8004  >  36496 [ACK] Seq=268070 Ack=141 Win=65024 Len=1448 TSval=2916039540 TSecr=3045559312 [TCP segment of a reassembled PDU]"
"49305","35.459440783","192.168.1.55","192.168.1.2","TCP","1514","8004  >  36496 [ACK] Seq=269518 Ack=141 Win=65024 Len=1448 TSval=2916039540 TSecr=3045559312 [TCP segment of a reassembled PDU]"
"49306","35.459442153","192.168.1.55","192.168.1.2","TCP","1514","8004  >  36496 [ACK] Seq=270966 Ack=141 Win=65024 Len=1448 TSval=2916039540 TSecr=3045559312 [TCP segment of a reassembled PDU]"
"49307","35.459443431","192.168.1.55","192.168.1.2","TCP","1514","8004  >  36496 [ACK] Seq=272414 Ack=141 Win=65024 Len=1448 TSval=2916039540 TSecr=3045559312 [TCP segment of a reassembled PDU]"
"49308","35.459444709","192.168.1.55","192.168.1.2","TCP","1514","8004  >  36496 [ACK] Seq=273862 Ack=141 Win=65024 Len=1448 TSval=2916039540 TSecr=3045559312 [TCP segment of a reassembled PDU]"
"49309","35.459446116","192.168.1.55","192.168.1.2","TCP","1514","8004  >  36496 [PSH, ACK] Seq=275310 Ack=141 Win=65024 Len=1448 TSval=2916039540 TSecr=3045559312 [TCP segment of a reassembled PDU]"
"49310","35.459450524","192.168.1.2","192.168.1.55","TCP","66","36496  >  8004 [ACK] Seq=141 Ack=224630 Win=74752 Len=0 TSval=3045559312 TSecr=2916039532"
"49311","35.463311993","192.168.1.2","192.168.1.55","TCP","66","36496  >  8004 [ACK] Seq=141 Ack=233318 Win=110592 Len=0 TSval=3045559313 TSecr=2916039532"
"49312","35.463345548","192.168.1.55","192.168.1.2","TCP","1514","8004  >  36496 [ACK] Seq=276758 Ack=141 Win=65024 Len=1448 TSval=2916039544 TSecr=3045559313 [TCP segment of a reassembled PDU]"
"49313","35.463348196","192.168.1.55","192.168.1.2","TCP","1514","8004  >  36496 [ACK] Seq=278206 Ack=141 Win=65024 Len=1448 TSval=2916039544 TSecr=3045559313 [TCP segment of a reassembled PDU]"
"49314","35.463349511","192.168.1.55","192.168.1.2","TCP","1514","8004  >  36496 [ACK] Seq=279654 Ack=141 Win=65024 Len=1448 TSval=2916039544 TSecr=3045559313 [TCP segment of a reassembled PDU]"
"49315","35.463350937","192.168.1.55","192.168.1.2","TCP","1514","8004  >  36496 [ACK] Seq=281102 Ack=141 Win=65024 Len=1448 TSval=2916039544 TSecr=3045559313 [TCP segment of a reassembled PDU]"
"49316","35.463352271","192.168.1.55","192.168.1.2","TCP","1514","8004  >  36496 [ACK] Seq=282550 Ack=141 Win=65024 Len=1448 TSval=2916039544 TSecr=3045559313 [TCP segment of a reassembled PDU]"
"49317","35.463353622","192.168.1.55","192.168.1.2","TCP","1514","8004  >  36496 [ACK] Seq=283998 Ack=141 Win=65024 Len=1448 TSval=2916039544 TSecr=3045559313 [TCP segment of a reassembled PDU]"
"49318","35.463355067","192.168.1.55","192.168.1.2","TCP","1514","8004  >  36496 [ACK] Seq=285446 Ack=141 Win=65024 Len=1448 TSval=2916039544 TSecr=3045559313 [TCP segment of a reassembled PDU]"
"49319","35.463356437","192.168.1.55","192.168.1.2","TCP","1514","8004  >  36496 [ACK] Seq=286894 Ack=141 Win=65024 Len=1448 TSval=2916039544 TSecr=3045559313 [TCP segment of a reassembled PDU]"
"49320","35.463357752","192.168.1.55","192.168.1.2","TCP","1514","8004  >  36496 [ACK] Seq=288342 Ack=141 Win=65024 Len=1448 TSval=2916039544 TSecr=3045559313 [TCP segment of a reassembled PDU]"
"49321","35.463359030","192.168.1.55","192.168.1.2","TCP","1514","8004  >  36496 [ACK] Seq=289790 Ack=141 Win=65024 Len=1448 TSval=2916039544 TSecr=3045559313 [TCP segment of a reassembled PDU]"
"49322","35.463360345","192.168.1.55","192.168.1.2","TCP","1514","8004  >  36496 [ACK] Seq=291238 Ack=141 Win=65024 Len=1448 TSval=2916039544 TSecr=3045559313 [TCP segment of a reassembled PDU]"
"49323","35.463361734","192.168.1.55","192.168.1.2","TCP","1514","8004  >  36496 [ACK] Seq=292686 Ack=141 Win=65024 Len=1448 TSval=2916039544 TSecr=3045559313 [TCP segment of a reassembled PDU]"
"49324","35.463363141","192.168.1.55","192.168.1.2","TCP","1514","8004  >  36496 [ACK] Seq=294134 Ack=141 Win=65024 Len=1448 TSval=2916039544 TSecr=3045559313 [TCP segment of a reassembled PDU]"
"49325","35.463364567","192.168.1.55","192.168.1.2","TCP","1514","8004  >  36496 [ACK] Seq=295582 Ack=141 Win=65024 Len=1448 TSval=2916039544 TSecr=3045559313 [TCP segment of a reassembled PDU]"
"49326","35.463366197","192.168.1.55","192.168.1.2","TCP","1514","8004  >  36496 [ACK] Seq=297030 Ack=141 Win=65024 Len=1448 TSval=2916039544 TSecr=3045559313 [TCP segment of a reassembled PDU]"
"49327","35.463367585","192.168.1.55","192.168.1.2","TCP","1514","8004  >  36496 [ACK] Seq=298478 Ack=141 Win=65024 Len=1448 TSval=2916039544 TSecr=3045559313 [TCP segment of a reassembled PDU]"
"49328","35.463369030","192.168.1.55","192.168.1.2","TCP","1514","8004  >  36496 [ACK] Seq=299926 Ack=141 Win=65024 Len=1448 TSval=2916039544 TSecr=3045559313 [TCP segment of a reassembled PDU]"
"49329","35.463370419","192.168.1.55","192.168.1.2","TCP","1514","8004  >  36496 [ACK] Seq=301374 Ack=141 Win=65024 Len=1448 TSval=2916039544 TSecr=3045559313 [TCP segment of a reassembled PDU]"
"49330","35.463372067","192.168.1.55","192.168.1.2","TCP","1514","8004  >  36496 [ACK] Seq=302822 Ack=141 Win=65024 Len=1448 TSval=2916039544 TSecr=3045559313 [TCP segment of a reassembled PDU]"
"49331","35.463373771","192.168.1.55","192.168.1.2","TCP","1514","8004  >  36496 [ACK] Seq=304270 Ack=141 Win=65024 Len=1448 TSval=2916039544 TSecr=3045559313 [TCP segment of a reassembled PDU]"
"49332","35.463375122","192.168.1.55","192.168.1.2","TCP","1514","8004  >  36496 [ACK] Seq=305718 Ack=141 Win=65024 Len=1448 TSval=2916039544 TSecr=3045559313 [TCP segment of a reassembled PDU]"
"49333","35.463376493","192.168.1.55","192.168.1.2","TCP","1514","8004  >  36496 [ACK] Seq=307166 Ack=141 Win=65024 Len=1448 TSval=2916039544 TSecr=3045559313 [TCP segment of a reassembled PDU]"
"49334","35.463377900","192.168.1.55","192.168.1.2","TCP","1514","8004  >  36496 [ACK] Seq=308614 Ack=141 Win=65024 Len=1448 TSval=2916039544 TSecr=3045559313 [TCP segment of a reassembled PDU]"
"49335","35.463379271","192.168.1.55","192.168.1.2","TCP","1514","8004  >  36496 [ACK] Seq=310062 Ack=141 Win=65024 Len=1448 TSval=2916039544 TSecr=3045559313 [TCP segment of a reassembled PDU]"
"49336","35.463380660","192.168.1.55","192.168.1.2","TCP","1514","8004  >  36496 [ACK] Seq=311510 Ack=141 Win=65024 Len=1448 TSval=2916039544 TSecr=3045559313 [TCP segment of a reassembled PDU]"
"49337","35.463382030","192.168.1.55","192.168.1.2","TCP","1514","8004  >  36496 [ACK] Seq=312958 Ack=141 Win=65024 Len=1448 TSval=2916039544 TSecr=3045559313 [TCP segment of a reassembled PDU]"
"49338","35.463383437","192.168.1.55","192.168.1.2","TCP","1514","8004  >  36496 [ACK] Seq=314406 Ack=141 Win=65024 Len=1448 TSval=2916039544 TSecr=3045559313 [TCP segment of a reassembled PDU]"
"49339","35.463384826","192.168.1.55","192.168.1.2","TCP","1514","8004  >  36496 [PSH, ACK] Seq=315854 Ack=141 Win=65024 Len=1448 TSval=2916039544 TSecr=3045559313 [TCP segment of a reassembled PDU]"
"49340","35.463443141","192.168.1.2","192.168.1.55","TCP","66","36496  >  8004 [ACK] Seq=141 Ack=234766 Win=115712 Len=0 TSval=3045559315 TSecr=2916039532"
"49341","35.463452067","192.168.1.2","192.168.1.55","TCP","66","36496  >  8004 [ACK] Seq=141 Ack=242006 Win=114688 Len=0 TSval=3045559315 TSecr=2916039536"
"49342","35.463488215","192.168.1.55","192.168.1.2","TCP","1514","8004  >  36496 [ACK] Seq=317302 Ack=141 Win=65024 Len=1448 TSval=2916039544 TSecr=3045559315 [TCP segment of a reassembled PDU]"
"49343","35.463490363","192.168.1.55","192.168.1.2","TCP","1514","8004  >  36496 [ACK] Seq=318750 Ack=141 Win=65024 Len=1448 TSval=2916039544 TSecr=3045559315 [TCP segment of a reassembled PDU]"
"49344","35.463491789","192.168.1.55","192.168.1.2","TCP","1514","8004  >  36496 [ACK] Seq=320198 Ack=141 Win=65024 Len=1448 TSval=2916039544 TSecr=3045559315 [TCP segment of a reassembled PDU]"
"49345","35.463493215","192.168.1.55","192.168.1.2","TCP","1514","8004  >  36496 [ACK] Seq=321646 Ack=141 Win=65024 Len=1448 TSval=2916039544 TSecr=3045559315 [TCP segment of a reassembled PDU]"
"49346","35.463494623","192.168.1.55","192.168.1.2","TCP","1514","8004  >  36496 [ACK] Seq=323094 Ack=141 Win=65024 Len=1448 TSval=2916039544 TSecr=3045559315 [TCP segment of a reassembled PDU]"
"49347","35.463496160","192.168.1.55","192.168.1.2","TCP","1514","8004  >  36496 [ACK] Seq=324542 Ack=141 Win=65024 Len=1448 TSval=2916039544 TSecr=3045559315 [TCP segment of a reassembled PDU]"
"49348","35.463497530","192.168.1.55","192.168.1.2","TCP","1514","8004  >  36496 [ACK] Seq=325990 Ack=141 Win=65024 Len=1448 TSval=2916039544 TSecr=3045559315 [TCP segment of a reassembled PDU]"
"49349","35.463498826","192.168.1.55","192.168.1.2","TCP","1514","8004  >  36496 [ACK] Seq=327438 Ack=141 Win=65024 Len=1448 TSval=2916039544 TSecr=3045559315 [TCP segment of a reassembled PDU]"
"49350","35.463500123","192.168.1.55","192.168.1.2","TCP","1514","8004  >  36496 [ACK] Seq=328886 Ack=141 Win=65024 Len=1448 TSval=2916039544 TSecr=3045559315 [TCP segment of a reassembled PDU]"
"49351","35.463501419","192.168.1.55","192.168.1.2","TCP","1514","8004  >  36496 [ACK] Seq=330334 Ack=141 Win=65024 Len=1448 TSval=2916039544 TSecr=3045559315 [TCP segment of a reassembled PDU]"
"49352","35.463502826","192.168.1.55","192.168.1.2","TCP","1514","8004  >  36496 [ACK] Seq=331782 Ack=141 Win=65024 Len=1448 TSval=2916039544 TSecr=3045559315 [TCP segment of a reassembled PDU]"
"49353","35.463504234","192.168.1.55","192.168.1.2","TCP","1514","8004  >  36496 [ACK] Seq=333230 Ack=141 Win=65024 Len=1448 TSval=2916039544 TSecr=3045559315 [TCP segment of a reassembled PDU]"
"49354","35.463505586","192.168.1.55","192.168.1.2","TCP","1514","8004  >  36496 [ACK] Seq=334678 Ack=141 Win=65024 Len=1448 TSval=2916039544 TSecr=3045559315 [TCP segment of a reassembled PDU]"
"49355","35.463506882","192.168.1.55","192.168.1.2","TCP","1514","8004  >  36496 [ACK] Seq=336126 Ack=141 Win=65024 Len=1448 TSval=2916039544 TSecr=3045559315 [TCP segment of a reassembled PDU]"
"49356","35.463508252","192.168.1.55","192.168.1.2","TCP","1514","8004  >  36496 [ACK] Seq=337574 Ack=141 Win=65024 Len=1448 TSval=2916039544 TSecr=3045559315 [TCP segment of a reassembled PDU]"
"49357","35.463509530","192.168.1.55","192.168.1.2","TCP","1514","8004  >  36496 [ACK] Seq=339022 Ack=141 Win=65024 Len=1448 TSval=2916039544 TSecr=3045559315 [TCP segment of a reassembled PDU]"
"49358","35.463510975","192.168.1.55","192.168.1.2","TCP","1514","8004  >  36496 [ACK] Seq=340470 Ack=141 Win=65024 Len=1448 TSval=2916039544 TSecr=3045559315 [TCP segment of a reassembled PDU]"
"49359","35.463512289","192.168.1.55","192.168.1.2","TCP","1514","8004  >  36496 [ACK] Seq=341918 Ack=141 Win=65024 Len=1448 TSval=2916039544 TSecr=3045559315 [TCP segment of a reassembled PDU]"
"49360","35.463513567","192.168.1.55","192.168.1.2","TCP","1514","8004  >  36496 [ACK] Seq=343366 Ack=141 Win=65024 Len=1448 TSval=2916039544 TSecr=3045559315 [TCP segment of a reassembled PDU]"
"49361","35.463519326","192.168.1.55","192.168.1.2","TCP","1514","8004  >  36496 [ACK] Seq=344814 Ack=141 Win=65024 Len=1448 TSval=2916039544 TSecr=3045559315 [TCP segment of a reassembled PDU]"
"49362","35.463520975","192.168.1.55","192.168.1.2","TCP","1514","8004  >  36496 [ACK] Seq=346262 Ack=141 Win=65024 Len=1448 TSval=2916039544 TSecr=3045559315 [TCP segment of a reassembled PDU]"
"49363","35.463522475","192.168.1.55","192.168.1.2","TCP","1514","8004  >  36496 [ACK] Seq=347710 Ack=141 Win=65024 Len=1448 TSval=2916039544 TSecr=3045559315 [TCP segment of a reassembled PDU]"
"49364","35.463523975","192.168.1.55","192.168.1.2","TCP","1514","8004  >  36496 [ACK] Seq=349158 Ack=141 Win=65024 Len=1448 TSval=2916039544 TSecr=3045559315 [TCP segment of a reassembled PDU]"
"49365","35.463525289","192.168.1.55","192.168.1.2","TCP","1514","8004  >  36496 [ACK] Seq=350606 Ack=141 Win=65024 Len=1448 TSval=2916039544 TSecr=3045559315 [TCP segment of a reassembled PDU]"
"49366","35.463526734","192.168.1.55","192.168.1.2","TCP","1514","8004  >  36496 [ACK] Seq=352054 Ack=141 Win=65024 Len=1448 TSval=2916039544 TSecr=3045559315 [TCP segment of a reassembled PDU]"
"49367","35.463528086","192.168.1.55","192.168.1.2","TCP","1514","8004  >  36496 [ACK] Seq=353502 Ack=141 Win=65024 Len=1448 TSval=2916039544 TSecr=3045559315 [TCP segment of a reassembled PDU]"
"49368","35.463529530","192.168.1.55","192.168.1.2","TCP","1514","8004  >  36496 [ACK] Seq=354950 Ack=141 Win=65024 Len=1448 TSval=2916039544 TSecr=3045559315 [TCP segment of a reassembled PDU]"
"49369","35.463531178","192.168.1.55","192.168.1.2","TCP","362","[TCP Window Full] 8004  >  36496 [PSH, ACK] Seq=356398 Ack=141 Win=65024 Len=296 TSval=2916039544 TSecr=3045559315 [TCP segment of a reassembled PDU]"
"49370","35.468366482","192.168.1.2","192.168.1.55","TCP","66","36496  >  8004 [ACK] Seq=141 Ack=272414 Win=115712 Len=0 TSval=3045559318 TSecr=2916039539"
"49371","35.468385482","192.168.1.55","192.168.1.2","TCP","1218","8004  >  36496 [ACK] Seq=356694 Ack=141 Win=65024 Len=1152 TSval=2916039549 TSecr=3045559318 [TCP segment of a reassembled PDU]"
"49372","35.468556371","192.168.1.2","192.168.1.55","TCP","66","36496  >  8004 [ACK] Seq=141 Ack=273862 Win=117760 Len=0 TSval=3045559318 TSecr=2916039540"
"49373","35.468562927","192.168.1.2","192.168.1.55","TCP","66","36496  >  8004 [ACK] Seq=141 Ack=276758 Win=123904 Len=0 TSval=3045559319 TSecr=2916039540"
"49374","35.468597557","192.168.1.55","192.168.1.2","TCP","1514","8004  >  36496 [ACK] Seq=357846 Ack=141 Win=65024 Len=1448 TSval=2916039549 TSecr=3045559319 [TCP segment of a reassembled PDU]"
"49375","35.468600353","192.168.1.55","192.168.1.2","TCP","1514","8004  >  36496 [ACK] Seq=359294 Ack=141 Win=65024 Len=1448 TSval=2916039549 TSecr=3045559319 [TCP segment of a reassembled PDU]"
"49376","35.468601909","192.168.1.55","192.168.1.2","TCP","1514","8004  >  36496 [ACK] Seq=360742 Ack=141 Win=65024 Len=1448 TSval=2916039549 TSecr=3045559319 [TCP segment of a reassembled PDU]"
"49377","35.468603575","192.168.1.55","192.168.1.2","TCP","1514","8004  >  36496 [ACK] Seq=362190 Ack=141 Win=65024 Len=1448 TSval=2916039549 TSecr=3045559319 [TCP segment of a reassembled PDU]"
"49378","35.468604946","192.168.1.55","192.168.1.2","TCP","1514","8004  >  36496 [ACK] Seq=363638 Ack=141 Win=65024 Len=1448 TSval=2916039549 TSecr=3045559319 [TCP segment of a reassembled PDU]"
"49379","35.468606409","192.168.1.55","192.168.1.2","TCP","1514","8004  >  36496 [ACK] Seq=365086 Ack=141 Win=65024 Len=1448 TSval=2916039549 TSecr=3045559319 [TCP segment of a reassembled PDU]"
"49380","35.468607890","192.168.1.55","192.168.1.2","TCP","1514","8004  >  36496 [ACK] Seq=366534 Ack=141 Win=65024 Len=1448 TSval=2916039549 TSecr=3045559319 [TCP segment of a reassembled PDU]"
"49381","35.468609279","192.168.1.55","192.168.1.2","TCP","1514","8004  >  36496 [ACK] Seq=367982 Ack=141 Win=65024 Len=1448 TSval=2916039549 TSecr=3045559319 [TCP segment of a reassembled PDU]"
"49382","35.468610816","192.168.1.55","192.168.1.2","TCP","1514","8004  >  36496 [ACK] Seq=369430 Ack=141 Win=65024 Len=1448 TSval=2916039549 TSecr=3045559319 [TCP segment of a reassembled PDU]"
"49383","35.468612168","192.168.1.55","192.168.1.2","TCP","1514","8004  >  36496 [ACK] Seq=370878 Ack=141 Win=65024 Len=1448 TSval=2916039549 TSecr=3045559319 [TCP segment of a reassembled PDU]"
"49384","35.468613649","192.168.1.55","192.168.1.2","TCP","1514","8004  >  36496 [ACK] Seq=372326 Ack=141 Win=65024 Len=1448 TSval=2916039549 TSecr=3045559319 [TCP segment of a reassembled PDU]"
"49385","35.468615149","192.168.1.55","192.168.1.2","TCP","1514","8004  >  36496 [ACK] Seq=373774 Ack=141 Win=65024 Len=1448 TSval=2916039549 TSecr=3045559319 [TCP segment of a reassembled PDU]"
"49386","35.468616686","192.168.1.55","192.168.1.2","TCP","1514","8004  >  36496 [ACK] Seq=375222 Ack=141 Win=65024 Len=1448 TSval=2916039549 TSecr=3045559319 [TCP segment of a reassembled PDU]"
"49387","35.468618186","192.168.1.55","192.168.1.2","TCP","1514","8004  >  36496 [ACK] Seq=376670 Ack=141 Win=65024 Len=1448 TSval=2916039549 TSecr=3045559319 [TCP segment of a reassembled PDU]"
"49388","35.468619557","192.168.1.55","192.168.1.2","TCP","1514","8004  >  36496 [ACK] Seq=378118 Ack=141 Win=65024 Len=1448 TSval=2916039549 TSecr=3045559319 [TCP segment of a reassembled PDU]"
"49389","35.468621057","192.168.1.55","192.168.1.2","TCP","1514","8004  >  36496 [ACK] Seq=379566 Ack=141 Win=65024 Len=1448 TSval=2916039549 TSecr=3045559319 [TCP segment of a reassembled PDU]"
"49390","35.468622557","192.168.1.55","192.168.1.2","TCP","1514","8004  >  36496 [ACK] Seq=381014 Ack=141 Win=65024 Len=1448 TSval=2916039549 TSecr=3045559319 [TCP segment of a reassembled PDU]"
"49391","35.468624112","192.168.1.55","192.168.1.2","TCP","1514","8004  >  36496 [ACK] Seq=382462 Ack=141 Win=65024 Len=1448 TSval=2916039549 TSecr=3045559319 [TCP segment of a reassembled PDU]"
"49392","35.468625594","192.168.1.55","192.168.1.2","TCP","1514","8004  >  36496 [ACK] Seq=383910 Ack=141 Win=65024 Len=1448 TSval=2916039549 TSecr=3045559319 [TCP segment of a reassembled PDU]"
"49393","35.468627298","192.168.1.55","192.168.1.2","TCP","1514","8004  >  36496 [ACK] Seq=385358 Ack=141 Win=65024 Len=1448 TSval=2916039549 TSecr=3045559319 [TCP segment of a reassembled PDU]"
"49394","35.468628761","192.168.1.55","192.168.1.2","TCP","1514","8004  >  36496 [ACK] Seq=386806 Ack=141 Win=65024 Len=1448 TSval=2916039549 TSecr=3045559319 [TCP segment of a reassembled PDU]"
"49395","35.468630279","192.168.1.55","192.168.1.2","TCP","1514","8004  >  36496 [ACK] Seq=388254 Ack=141 Win=65024 Len=1448 TSval=2916039549 TSecr=3045559319 [TCP segment of a reassembled PDU]"
"49396","35.468631686","192.168.1.55","192.168.1.2","TCP","1514","8004  >  36496 [ACK] Seq=389702 Ack=141 Win=65024 Len=1448 TSval=2916039549 TSecr=3045559319 [TCP segment of a reassembled PDU]"
"49397","35.468633168","192.168.1.55","192.168.1.2","TCP","1514","8004  >  36496 [ACK] Seq=391150 Ack=141 Win=65024 Len=1448 TSval=2916039549 TSecr=3045559319 [TCP segment of a reassembled PDU]"
"49398","35.468634946","192.168.1.55","192.168.1.2","TCP","1514","8004  >  36496 [ACK] Seq=392598 Ack=141 Win=65024 Len=1448 TSval=2916039549 TSecr=3045559319 [TCP segment of a reassembled PDU]"
"49399","35.468636372","192.168.1.55","192.168.1.2","TCP","1514","8004  >  36496 [ACK] Seq=394046 Ack=141 Win=65024 Len=1448 TSval=2916039549 TSecr=3045559319 [TCP segment of a reassembled PDU]"
"49400","35.468637890","192.168.1.55","192.168.1.2","TCP","1514","8004  >  36496 [ACK] Seq=395494 Ack=141 Win=65024 Len=1448 TSval=2916039549 TSecr=3045559319 [TCP segment of a reassembled PDU]"
"49401","35.468639298","192.168.1.55","192.168.1.2","TCP","1514","8004  >  36496 [PSH, ACK] Seq=396942 Ack=141 Win=65024 Len=1448 TSval=2916039549 TSecr=3045559319 [TCP segment of a reassembled PDU]"
"49402","35.471748543","192.168.1.2","192.168.1.55","TCP","66","36496  >  8004 [ACK] Seq=141 Ack=304270 Win=136192 Len=0 TSval=3045559324 TSecr=2916039544"
"49403","35.471785006","192.168.1.55","192.168.1.2","TCP","1514","8004  >  36496 [ACK] Seq=398390 Ack=141 Win=65024 Len=1448 TSval=2916039552 TSecr=3045559324 [TCP segment of a reassembled PDU]"
"49404","35.471788303","192.168.1.55","192.168.1.2","TCP","1514","8004  >  36496 [ACK] Seq=399838 Ack=141 Win=65024 Len=1448 TSval=2916039552 TSecr=3045559324 [TCP segment of a reassembled PDU]"
"49405","35.471789710","192.168.1.55","192.168.1.2","TCP","1514","8004  >  36496 [ACK] Seq=401286 Ack=141 Win=65024 Len=1448 TSval=2916039552 TSecr=3045559324 [TCP segment of a reassembled PDU]"
"49406","35.471791543","192.168.1.55","192.168.1.2","TCP","1514","8004  >  36496 [ACK] Seq=402734 Ack=141 Win=65024 Len=1448 TSval=2916039552 TSecr=3045559324 [TCP segment of a reassembled PDU]"
"49407","35.471792932","192.168.1.55","192.168.1.2","TCP","1514","8004  >  36496 [ACK] Seq=404182 Ack=141 Win=65024 Len=1448 TSval=2916039552 TSecr=3045559324 [TCP segment of a reassembled PDU]"
"49408","35.471794321","192.168.1.55","192.168.1.2","TCP","1514","8004  >  36496 [ACK] Seq=405630 Ack=141 Win=65024 Len=1448 TSval=2916039552 TSecr=3045559324 [TCP segment of a reassembled PDU]"
"49409","35.471795821","192.168.1.55","192.168.1.2","TCP","1514","8004  >  36496 [ACK] Seq=407078 Ack=141 Win=65024 Len=1448 TSval=2916039552 TSecr=3045559324 [TCP segment of a reassembled PDU]"
"49410","35.471797525","192.168.1.55","192.168.1.2","TCP","1514","8004  >  36496 [ACK] Seq=408526 Ack=141 Win=65024 Len=1448 TSval=2916039552 TSecr=3045559324 [TCP segment of a reassembled PDU]"
"49411","35.471799247","192.168.1.55","192.168.1.2","TCP","1514","8004  >  36496 [ACK] Seq=409974 Ack=141 Win=65024 Len=1448 TSval=2916039552 TSecr=3045559324 [TCP segment of a reassembled PDU]"
"49412","35.471800747","192.168.1.55","192.168.1.2","TCP","1514","8004  >  36496 [ACK] Seq=411422 Ack=141 Win=65024 Len=1448 TSval=2916039552 TSecr=3045559324 [TCP segment of a reassembled PDU]"
"49413","35.471802154","192.168.1.55","192.168.1.2","TCP","1514","8004  >  36496 [ACK] Seq=412870 Ack=141 Win=65024 Len=1448 TSval=2916039552 TSecr=3045559324 [TCP segment of a reassembled PDU]"
"49414","35.471803562","192.168.1.55","192.168.1.2","TCP","1514","8004  >  36496 [ACK] Seq=414318 Ack=141 Win=65024 Len=1448 TSval=2916039552 TSecr=3045559324 [TCP segment of a reassembled PDU]"
"49415","35.471805006","192.168.1.55","192.168.1.2","TCP","1514","8004  >  36496 [ACK] Seq=415766 Ack=141 Win=65024 Len=1448 TSval=2916039552 TSecr=3045559324 [TCP segment of a reassembled PDU]"
"49416","35.471806488","192.168.1.55","192.168.1.2","TCP","1514","8004  >  36496 [ACK] Seq=417214 Ack=141 Win=65024 Len=1448 TSval=2916039552 TSecr=3045559324 [TCP segment of a reassembled PDU]"
"49417","35.471808006","192.168.1.55","192.168.1.2","TCP","1514","8004  >  36496 [ACK] Seq=418662 Ack=141 Win=65024 Len=1448 TSval=2916039552 TSecr=3045559324 [TCP segment of a reassembled PDU]"
"49418","35.471809506","192.168.1.55","192.168.1.2","TCP","1514","8004  >  36496 [ACK] Seq=420110 Ack=141 Win=65024 Len=1448 TSval=2916039552 TSecr=3045559324 [TCP segment of a reassembled PDU]"
"49419","35.471810914","192.168.1.55","192.168.1.2","TCP","1514","8004  >  36496 [ACK] Seq=421558 Ack=141 Win=65024 Len=1448 TSval=2916039552 TSecr=3045559324 [TCP segment of a reassembled PDU]"
"49420","35.471812321","192.168.1.55","192.168.1.2","TCP","1514","8004  >  36496 [ACK] Seq=423006 Ack=141 Win=65024 Len=1448 TSval=2916039552 TSecr=3045559324 [TCP segment of a reassembled PDU]"
"49421","35.471813821","192.168.1.55","192.168.1.2","TCP","1514","8004  >  36496 [ACK] Seq=424454 Ack=141 Win=65024 Len=1448 TSval=2916039552 TSecr=3045559324 [TCP segment of a reassembled PDU]"
"49422","35.471815432","192.168.1.55","192.168.1.2","TCP","1514","8004  >  36496 [ACK] Seq=425902 Ack=141 Win=65024 Len=1448 TSval=2916039552 TSecr=3045559324 [TCP segment of a reassembled PDU]"
"49423","35.471816932","192.168.1.55","192.168.1.2","TCP","1514","8004  >  36496 [ACK] Seq=427350 Ack=141 Win=65024 Len=1448 TSval=2916039552 TSecr=3045559324 [TCP segment of a reassembled PDU]"
"49424","35.471818377","192.168.1.55","192.168.1.2","TCP","1514","8004  >  36496 [ACK] Seq=428798 Ack=141 Win=65024 Len=1448 TSval=2916039552 TSecr=3045559324 [TCP segment of a reassembled PDU]"
"49425","35.471819932","192.168.1.55","192.168.1.2","TCP","1514","8004  >  36496 [ACK] Seq=430246 Ack=141 Win=65024 Len=1448 TSval=2916039552 TSecr=3045559324 [TCP segment of a reassembled PDU]"
"49426","35.471821469","192.168.1.55","192.168.1.2","TCP","1514","8004  >  36496 [ACK] Seq=431694 Ack=141 Win=65024 Len=1448 TSval=2916039552 TSecr=3045559324 [TCP segment of a reassembled PDU]"
"49427","35.471823229","192.168.1.55","192.168.1.2","TCP","1514","8004  >  36496 [ACK] Seq=433142 Ack=141 Win=65024 Len=1448 TSval=2916039552 TSecr=3045559324 [TCP segment of a reassembled PDU]"
"49428","35.471824710","192.168.1.55","192.168.1.2","TCP","1514","8004  >  36496 [ACK] Seq=434590 Ack=141 Win=65024 Len=1448 TSval=2916039552 TSecr=3045559324 [TCP segment of a reassembled PDU]"
"49429","35.471826155","192.168.1.55","192.168.1.2","TCP","1514","8004  >  36496 [ACK] Seq=436038 Ack=141 Win=65024 Len=1448 TSval=2916039552 TSecr=3045559324 [TCP segment of a reassembled PDU]"
"49430","35.471827692","192.168.1.55","192.168.1.2","TCP","1514","8004  >  36496 [PSH, ACK] Seq=437486 Ack=141 Win=65024 Len=1448 TSval=2916039552 TSecr=3045559324 [TCP segment of a reassembled PDU]"
"49431","35.471888247","192.168.1.2","192.168.1.55","TCP","66","36496  >  8004 [ACK] Seq=141 Ack=317302 Win=151552 Len=0 TSval=3045559324 TSecr=2916039544"
"49432","35.471897118","192.168.1.2","192.168.1.55","TCP","66","36496  >  8004 [ACK] Seq=141 Ack=347710 Win=136192 Len=0 TSval=3045559324 TSecr=2916039544"
"49433","35.471938025","192.168.1.55","192.168.1.2","TCP","1514","8004  >  36496 [ACK] Seq=438934 Ack=141 Win=65024 Len=1448 TSval=2916039552 TSecr=3045559324 [TCP segment of a reassembled PDU]"
"49434","35.471939988","192.168.1.55","192.168.1.2","TCP","1514","8004  >  36496 [ACK] Seq=440382 Ack=141 Win=65024 Len=1448 TSval=2916039552 TSecr=3045559324 [TCP segment of a reassembled PDU]"
"49435","35.471941340","192.168.1.55","192.168.1.2","TCP","1514","8004  >  36496 [ACK] Seq=441830 Ack=141 Win=65024 Len=1448 TSval=2916039552 TSecr=3045559324 [TCP segment of a reassembled PDU]"
"49436","35.471942932","192.168.1.55","192.168.1.2","TCP","1514","8004  >  36496 [ACK] Seq=443278 Ack=141 Win=65024 Len=1448 TSval=2916039552 TSecr=3045559324 [TCP segment of a reassembled PDU]"
"49437","35.471944377","192.168.1.55","192.168.1.2","TCP","1514","8004  >  36496 [ACK] Seq=444726 Ack=141 Win=65024 Len=1448 TSval=2916039552 TSecr=3045559324 [TCP segment of a reassembled PDU]"
"49438","35.471945895","192.168.1.55","192.168.1.2","TCP","1514","8004  >  36496 [ACK] Seq=446174 Ack=141 Win=65024 Len=1448 TSval=2916039552 TSecr=3045559324 [TCP segment of a reassembled PDU]"
"49439","35.471947395","192.168.1.55","192.168.1.2","TCP","1514","8004  >  36496 [ACK] Seq=447622 Ack=141 Win=65024 Len=1448 TSval=2916039552 TSecr=3045559324 [TCP segment of a reassembled PDU]"
"49440","35.471948858","192.168.1.55","192.168.1.2","TCP","1514","8004  >  36496 [ACK] Seq=449070 Ack=141 Win=65024 Len=1448 TSval=2916039552 TSecr=3045559324 [TCP segment of a reassembled PDU]"
"49441","35.471950321","192.168.1.55","192.168.1.2","TCP","1514","8004  >  36496 [ACK] Seq=450518 Ack=141 Win=65024 Len=1448 TSval=2916039552 TSecr=3045559324 [TCP segment of a reassembled PDU]"
"49442","35.471951710","192.168.1.55","192.168.1.2","TCP","1514","8004  >  36496 [ACK] Seq=451966 Ack=141 Win=65024 Len=1448 TSval=2916039552 TSecr=3045559324 [TCP segment of a reassembled PDU]"
"49443","35.471953210","192.168.1.55","192.168.1.2","TCP","1514","8004  >  36496 [ACK] Seq=453414 Ack=141 Win=65024 Len=1448 TSval=2916039552 TSecr=3045559324 [TCP segment of a reassembled PDU]"
"49444","35.471954618","192.168.1.55","192.168.1.2","TCP","1514","8004  >  36496 [ACK] Seq=454862 Ack=141 Win=65024 Len=1448 TSval=2916039552 TSecr=3045559324 [TCP segment of a reassembled PDU]"
"49445","35.471956414","192.168.1.55","192.168.1.2","TCP","1514","8004  >  36496 [ACK] Seq=456310 Ack=141 Win=65024 Len=1448 TSval=2916039552 TSecr=3045559324 [TCP segment of a reassembled PDU]"
"49446","35.471957951","192.168.1.55","192.168.1.2","TCP","1514","8004  >  36496 [ACK] Seq=457758 Ack=141 Win=65024 Len=1448 TSval=2916039552 TSecr=3045559324 [TCP segment of a reassembled PDU]"
"49447","35.471959321","192.168.1.55","192.168.1.2","TCP","1514","8004  >  36496 [ACK] Seq=459206 Ack=141 Win=65024 Len=1448 TSval=2916039552 TSecr=3045559324 [TCP segment of a reassembled PDU]"
"49448","35.471960729","192.168.1.55","192.168.1.2","TCP","1514","8004  >  36496 [ACK] Seq=460654 Ack=141 Win=65024 Len=1448 TSval=2916039552 TSecr=3045559324 [TCP segment of a reassembled PDU]"
"49449","35.471962210","192.168.1.55","192.168.1.2","TCP","1514","8004  >  36496 [ACK] Seq=462102 Ack=141 Win=65024 Len=1448 TSval=2916039552 TSecr=3045559324 [TCP segment of a reassembled PDU]"
"49450","35.471963710","192.168.1.55","192.168.1.2","TCP","1514","8004  >  36496 [ACK] Seq=463550 Ack=141 Win=65024 Len=1448 TSval=2916039552 TSecr=3045559324 [TCP segment of a reassembled PDU]"
"49451","35.471965229","192.168.1.55","192.168.1.2","TCP","1514","8004  >  36496 [ACK] Seq=464998 Ack=141 Win=65024 Len=1448 TSval=2916039552 TSecr=3045559324 [TCP segment of a reassembled PDU]"
"49452","35.471966673","192.168.1.55","192.168.1.2","TCP","1514","8004  >  36496 [ACK] Seq=466446 Ack=141 Win=65024 Len=1448 TSval=2916039552 TSecr=3045559324 [TCP segment of a reassembled PDU]"
"49453","35.471968099","192.168.1.55","192.168.1.2","TCP","1514","8004  >  36496 [ACK] Seq=467894 Ack=141 Win=65024 Len=1448 TSval=2916039552 TSecr=3045559324 [TCP segment of a reassembled PDU]"
"49454","35.471969636","192.168.1.55","192.168.1.2","TCP","1514","8004  >  36496 [ACK] Seq=469342 Ack=141 Win=65024 Len=1448 TSval=2916039552 TSecr=3045559324 [TCP segment of a reassembled PDU]"
"49455","35.471971081","192.168.1.55","192.168.1.2","TCP","1514","8004  >  36496 [ACK] Seq=470790 Ack=141 Win=65024 Len=1448 TSval=2916039552 TSecr=3045559324 [TCP segment of a reassembled PDU]"
"49456","35.471972581","192.168.1.55","192.168.1.2","TCP","1514","8004  >  36496 [ACK] Seq=472238 Ack=141 Win=65024 Len=1448 TSval=2916039552 TSecr=3045559324 [TCP segment of a reassembled PDU]"
"49457","35.471973970","192.168.1.55","192.168.1.2","TCP","1514","8004  >  36496 [ACK] Seq=473686 Ack=141 Win=65024 Len=1448 TSval=2916039552 TSecr=3045559324 [TCP segment of a reassembled PDU]"
"49458","35.471975433","192.168.1.55","192.168.1.2","TCP","1514","8004  >  36496 [ACK] Seq=475134 Ack=141 Win=65024 Len=1448 TSval=2916039552 TSecr=3045559324 [TCP segment of a reassembled PDU]"
"49459","35.471976914","192.168.1.55","192.168.1.2","TCP","1514","8004  >  36496 [ACK] Seq=476582 Ack=141 Win=65024 Len=1448 TSval=2916039552 TSecr=3045559324 [TCP segment of a reassembled PDU]"
"49460","35.471978247","192.168.1.55","192.168.1.2","TCP","1514","8004  >  36496 [PSH, ACK] Seq=478030 Ack=141 Win=65024 Len=1448 TSval=2916039552 TSecr=3045559324 [TCP segment of a reassembled PDU]"
"49461","35.475347345","192.168.1.2","192.168.1.55","TCP","66","36496  >  8004 [ACK] Seq=141 Ack=356694 Win=152576 Len=0 TSval=3045559327 TSecr=2916039544"
"49462","35.475371771","192.168.1.55","192.168.1.2","TCP","1514","8004  >  36496 [ACK] Seq=479478 Ack=141 Win=65024 Len=1448 TSval=2916039556 TSecr=3045559327 [TCP segment of a reassembled PDU]"
"49463","35.475374956","192.168.1.55","192.168.1.2","TCP","1514","8004  >  36496 [ACK] Seq=480926 Ack=141 Win=65024 Len=1448 TSval=2916039556 TSecr=3045559327 [TCP segment of a reassembled PDU]"
"49464","35.475376364","192.168.1.55","192.168.1.2","TCP","1514","8004  >  36496 [ACK] Seq=482374 Ack=141 Win=65024 Len=1448 TSval=2916039556 TSecr=3045559327 [TCP segment of a reassembled PDU]"
"49465","35.475377882","192.168.1.55","192.168.1.2","TCP","1514","8004  >  36496 [ACK] Seq=483822 Ack=141 Win=65024 Len=1448 TSval=2916039556 TSecr=3045559327 [TCP segment of a reassembled PDU]"
"49466","35.475379234","192.168.1.55","192.168.1.2","TCP","1514","8004  >  36496 [ACK] Seq=485270 Ack=141 Win=65024 Len=1448 TSval=2916039556 TSecr=3045559327 [TCP segment of a reassembled PDU]"
"49467","35.475380660","192.168.1.55","192.168.1.2","TCP","1514","8004  >  36496 [ACK] Seq=486718 Ack=141 Win=65024 Len=1448 TSval=2916039556 TSecr=3045559327 [TCP segment of a reassembled PDU]"
"49468","35.475382142","192.168.1.55","192.168.1.2","TCP","1514","8004  >  36496 [ACK] Seq=488166 Ack=141 Win=65024 Len=1448 TSval=2916039556 TSecr=3045559327 [TCP segment of a reassembled PDU]"
"49469","35.475383512","192.168.1.55","192.168.1.2","TCP","1514","8004  >  36496 [ACK] Seq=489614 Ack=141 Win=65024 Len=1448 TSval=2916039556 TSecr=3045559327 [TCP segment of a reassembled PDU]"
"49470","35.475385086","192.168.1.55","192.168.1.2","TCP","1514","8004  >  36496 [ACK] Seq=491062 Ack=141 Win=65024 Len=1448 TSval=2916039556 TSecr=3045559327 [TCP segment of a reassembled PDU]"
"49471","35.475386882","192.168.1.55","192.168.1.2","TCP","1514","8004  >  36496 [ACK] Seq=492510 Ack=141 Win=65024 Len=1448 TSval=2916039556 TSecr=3045559327 [TCP segment of a reassembled PDU]"
"49472","35.475388253","192.168.1.55","192.168.1.2","TCP","1514","8004  >  36496 [ACK] Seq=493958 Ack=141 Win=65024 Len=1448 TSval=2916039556 TSecr=3045559327 [TCP segment of a reassembled PDU]"
"49473","35.475389790","192.168.1.55","192.168.1.2","TCP","1514","8004  >  36496 [ACK] Seq=495406 Ack=141 Win=65024 Len=1448 TSval=2916039556 TSecr=3045559327 [TCP segment of a reassembled PDU]"
"49474","35.475391160","192.168.1.55","192.168.1.2","TCP","1514","8004  >  36496 [PSH, ACK] Seq=496854 Ack=141 Win=65024 Len=1448 TSval=2916039556 TSecr=3045559327 [TCP segment of a reassembled PDU]"
"49475","35.475397068","192.168.1.55","192.168.1.2","HTTP","1472","HTTP/1.0 200 OK  (PNG)"
"49476","35.475476475","192.168.1.2","192.168.1.55","TCP","66","36496  >  8004 [ACK] Seq=141 Ack=357846 Win=152576 Len=0 TSval=3045559327 TSecr=2916039549"
"49477","35.475484586","192.168.1.2","192.168.1.55","TCP","66","36496  >  8004 [ACK] Seq=141 Ack=391150 Win=132096 Len=0 TSval=3045559327 TSecr=2916039549"
"49478","35.479254518","192.168.1.2","192.168.1.55","TCP","66","36496  >  8004 [ACK] Seq=141 Ack=398390 Win=154624 Len=0 TSval=3045559328 TSecr=2916039549"
"49479","35.480148890","192.168.1.2","192.168.1.55","TCP","66","36496  >  8004 [ACK] Seq=141 Ack=438934 Win=136192 Len=0 TSval=3045559335 TSecr=2916039552"
"49480","35.480277298","192.168.1.2","192.168.1.55","TCP","66","36496  >  8004 [ACK] Seq=141 Ack=479478 Win=100352 Len=0 TSval=3045559335 TSecr=2916039552"
"49481","35.480284390","192.168.1.2","192.168.1.55","TCP","66","36496  >  8004 [ACK] Seq=141 Ack=498302 Win=81920 Len=0 TSval=3045559335 TSecr=2916039556"
"49482","35.481693948","192.168.1.2","192.168.1.55","TCP","66","36496  >  8004 [FIN, ACK] Seq=141 Ack=499709 Win=156672 Len=0 TSval=3045559336 TSecr=2916039556"
"49483","35.481705578","192.168.1.55","192.168.1.2","TCP","66","8004  >  36496 [ACK] Seq=499709 Ack=142 Win=65024 Len=0 TSval=2916039562 TSecr=3045559336"
"49484","35.481816911","192.168.1.2","192.168.1.55","TCP","74","36504  >  8004 [SYN] Seq=0 Win=64240 Len=0 MSS=1460 SACK_PERM TSval=3045559336 TSecr=0 WS=1024"
"49485","35.481840726","192.168.1.55","192.168.1.2","TCP","74","8004  >  36504 [SYN, ACK] Seq=0 Ack=1 Win=65160 Len=0 MSS=1460 SACK_PERM TSval=2916039562 TSecr=3045559336 WS=128"
"49486","35.484956713","192.168.1.2","192.168.1.55","TCP","66","36504  >  8004 [ACK] Seq=1 Ack=1 Win=64512 Len=0 TSval=3045559339 TSecr=2916039562"
"49487","35.488180588","192.168.1.2","192.168.1.55","HTTP","209","GET /original_benchmark.png HTTP/1.1 "
"49488","35.488203884","192.168.1.55","192.168.1.2","TCP","66","8004  >  36504 [ACK] Seq=1 Ack=144 Win=65024 Len=0 TSval=2916039568 TSecr=3045559339"
"49489","35.488704570","192.168.1.55","192.168.1.2","TCP","255","8004  >  36504 [PSH, ACK] Seq=1 Ack=144 Win=65024 Len=189 TSval=2916039569 TSecr=3045559339 [TCP segment of a reassembled PDU]"
"49490","35.488794422","192.168.1.55","192.168.1.2","TCP","1514","8004  >  36504 [ACK] Seq=190 Ack=144 Win=65024 Len=1448 TSval=2916039569 TSecr=3045559339 [TCP segment of a reassembled PDU]"
"49491","35.488799311","192.168.1.55","192.168.1.2","TCP","1514","8004  >  36504 [ACK] Seq=1638 Ack=144 Win=65024 Len=1448 TSval=2916039569 TSecr=3045559339 [TCP segment of a reassembled PDU]"
"49492","35.488800904","192.168.1.55","192.168.1.2","TCP","1514","8004  >  36504 [ACK] Seq=3086 Ack=144 Win=65024 Len=1448 TSval=2916039569 TSecr=3045559339 [TCP segment of a reassembled PDU]"
"49493","35.488802459","192.168.1.55","192.168.1.2","TCP","1514","8004  >  36504 [ACK] Seq=4534 Ack=144 Win=65024 Len=1448 TSval=2916039569 TSecr=3045559339 [TCP segment of a reassembled PDU]"
"49494","35.488804422","192.168.1.55","192.168.1.2","TCP","1514","8004  >  36504 [PSH, ACK] Seq=5982 Ack=144 Win=65024 Len=1448 TSval=2916039569 TSecr=3045559339 [TCP segment of a reassembled PDU]"
"49495","35.488820867","192.168.1.55","192.168.1.2","TCP","1514","8004  >  36504 [ACK] Seq=7430 Ack=144 Win=65024 Len=1448 TSval=2916039569 TSecr=3045559339 [TCP segment of a reassembled PDU]"
"49496","35.488822885","192.168.1.55","192.168.1.2","TCP","1514","8004  >  36504 [ACK] Seq=8878 Ack=144 Win=65024 Len=1448 TSval=2916039569 TSecr=3045559339 [TCP segment of a reassembled PDU]"
"49497","35.488824256","192.168.1.55","192.168.1.2","TCP","1514","8004  >  36504 [ACK] Seq=10326 Ack=144 Win=65024 Len=1448 TSval=2916039569 TSecr=3045559339 [TCP segment of a reassembled PDU]"
"49498","35.488825719","192.168.1.55","192.168.1.2","TCP","1514","8004  >  36504 [PSH, ACK] Seq=11774 Ack=144 Win=65024 Len=1448 TSval=2916039569 TSecr=3045559339 [TCP segment of a reassembled PDU]"
"49499","35.492633095","192.168.1.2","192.168.1.55","TCP","66","36504  >  8004 [ACK] Seq=144 Ack=190 Win=64512 Len=0 TSval=3045559347 TSecr=2916039569"
"49500","35.492747151","192.168.1.55","192.168.1.2","TCP","1514","8004  >  36504 [ACK] Seq=13222 Ack=144 Win=65024 Len=1448 TSval=2916039573 TSecr=3045559347 [TCP segment of a reassembled PDU]"
"49501","35.492758447","192.168.1.55","192.168.1.2","TCP","1514","8004  >  36504 [PSH, ACK] Seq=14670 Ack=144 Win=65024 Len=1448 TSval=2916039573 TSecr=3045559347 [TCP segment of a reassembled PDU]"
"49502","35.492912485","192.168.1.2","192.168.1.55","TCP","66","36504  >  8004 [ACK] Seq=144 Ack=5982 Win=76800 Len=0 TSval=3045559347 TSecr=2916039569"
"49503","35.493000318","192.168.1.55","192.168.1.2","TCP","1514","8004  >  36504 [ACK] Seq=16118 Ack=144 Win=65024 Len=1448 TSval=2916039573 TSecr=3045559347 [TCP segment of a reassembled PDU]"
"49504","35.493011355","192.168.1.55","192.168.1.2","TCP","1514","8004  >  36504 [ACK] Seq=17566 Ack=144 Win=65024 Len=1448 TSval=2916039573 TSecr=3045559347 [TCP segment of a reassembled PDU]"
"49505","35.493015281","192.168.1.55","192.168.1.2","TCP","1514","8004  >  36504 [ACK] Seq=19014 Ack=144 Win=65024 Len=1448 TSval=2916039573 TSecr=3045559347 [TCP segment of a reassembled PDU]"
"49506","35.493018300","192.168.1.55","192.168.1.2","TCP","1514","8004  >  36504 [ACK] Seq=20462 Ack=144 Win=65024 Len=1448 TSval=2916039573 TSecr=3045559347 [TCP segment of a reassembled PDU]"
"49507","35.493020503","192.168.1.55","192.168.1.2","TCP","1514","8004  >  36504 [ACK] Seq=21910 Ack=144 Win=65024 Len=1448 TSval=2916039573 TSecr=3045559347 [TCP segment of a reassembled PDU]"
"49508","35.493022763","192.168.1.55","192.168.1.2","TCP","1514","8004  >  36504 [ACK] Seq=23358 Ack=144 Win=65024 Len=1448 TSval=2916039573 TSecr=3045559347 [TCP segment of a reassembled PDU]"
"49509","35.493025133","192.168.1.55","192.168.1.2","TCP","1514","8004  >  36504 [PSH, ACK] Seq=24806 Ack=144 Win=65024 Len=1448 TSval=2916039573 TSecr=3045559347 [TCP segment of a reassembled PDU]"
"49510","35.493038559","192.168.1.2","192.168.1.55","TCP","66","36504  >  8004 [ACK] Seq=144 Ack=7430 Win=79872 Len=0 TSval=3045559347 TSecr=2916039569"
"49511","35.493056929","192.168.1.2","192.168.1.55","TCP","66","36504  >  8004 [ACK] Seq=144 Ack=13222 Win=87040 Len=0 TSval=3045559347 TSecr=2916039569"
"49512","35.493124670","192.168.1.55","192.168.1.2","TCP","1514","8004  >  36504 [ACK] Seq=26254 Ack=144 Win=65024 Len=1448 TSval=2916039573 TSecr=3045559347 [TCP segment of a reassembled PDU]"
"49513","35.493129226","192.168.1.55","192.168.1.2","TCP","1514","8004  >  36504 [ACK] Seq=27702 Ack=144 Win=65024 Len=1448 TSval=2916039573 TSecr=3045559347 [TCP segment of a reassembled PDU]"
"49514","35.493132078","192.168.1.55","192.168.1.2","TCP","1514","8004  >  36504 [ACK] Seq=29150 Ack=144 Win=65024 Len=1448 TSval=2916039573 TSecr=3045559347 [TCP segment of a reassembled PDU]"
"49515","35.493133578","192.168.1.55","192.168.1.2","TCP","1514","8004  >  36504 [ACK] Seq=30598 Ack=144 Win=65024 Len=1448 TSval=2916039573 TSecr=3045559347 [TCP segment of a reassembled PDU]"
"49516","35.493136337","192.168.1.55","192.168.1.2","TCP","1514","8004  >  36504 [ACK] Seq=32046 Ack=144 Win=65024 Len=1448 TSval=2916039573 TSecr=3045559347 [TCP segment of a reassembled PDU]"
"49517","35.493139059","192.168.1.55","192.168.1.2","TCP","1514","8004  >  36504 [ACK] Seq=33494 Ack=144 Win=65024 Len=1448 TSval=2916039573 TSecr=3045559347 [TCP segment of a reassembled PDU]"
"49518","35.493141318","192.168.1.55","192.168.1.2","TCP","1514","8004  >  36504 [ACK] Seq=34942 Ack=144 Win=65024 Len=1448 TSval=2916039573 TSecr=3045559347 [TCP segment of a reassembled PDU]"
"49519","35.493144133","192.168.1.55","192.168.1.2","TCP","1514","8004  >  36504 [ACK] Seq=36390 Ack=144 Win=65024 Len=1448 TSval=2916039573 TSecr=3045559347 [TCP segment of a reassembled PDU]"
"49520","35.493146596","192.168.1.55","192.168.1.2","TCP","1514","8004  >  36504 [ACK] Seq=37838 Ack=144 Win=65024 Len=1448 TSval=2916039573 TSecr=3045559347 [TCP segment of a reassembled PDU]"
"49521","35.493148559","192.168.1.55","192.168.1.2","TCP","1514","8004  >  36504 [PSH, ACK] Seq=39286 Ack=144 Win=65024 Len=1448 TSval=2916039573 TSecr=3045559347 [TCP segment of a reassembled PDU]"
"49522","35.494029431","192.168.1.55","192.168.1.2","TCP","1514","8004  >  36504 [ACK] Seq=40734 Ack=144 Win=65024 Len=1448 TSval=2916039574 TSecr=3045559347 [TCP segment of a reassembled PDU]"
"49523","35.497755363","192.168.1.2","192.168.1.55","TCP","66","36504  >  8004 [ACK] Seq=144 Ack=16118 Win=93184 Len=0 TSval=3045559352 TSecr=2916039573"
"49524","35.497794400","192.168.1.55","192.168.1.2","TCP","1514","8004  >  36504 [ACK] Seq=42182 Ack=144 Win=65024 Len=1448 TSval=2916039578 TSecr=3045559352 [TCP segment of a reassembled PDU]"
"49525","35.497799474","192.168.1.55","192.168.1.2","TCP","1514","8004  >  36504 [PSH, ACK] Seq=43630 Ack=144 Win=65024 Len=1448 TSval=2916039578 TSecr=3045559352 [TCP segment of a reassembled PDU]"
"49526","35.497891085","192.168.1.2","192.168.1.55","TCP","66","36504  >  8004 [ACK] Seq=144 Ack=26254 Win=83968 Len=0 TSval=3045559352 TSecr=2916039573"
"49527","35.497923863","192.168.1.55","192.168.1.2","TCP","1514","8004  >  36504 [ACK] Seq=45078 Ack=144 Win=65024 Len=1448 TSval=2916039578 TSecr=3045559352 [TCP segment of a reassembled PDU]"
"49528","35.497926715","192.168.1.55","192.168.1.2","TCP","1514","8004  >  36504 [ACK] Seq=46526 Ack=144 Win=65024 Len=1448 TSval=2916039578 TSecr=3045559352 [TCP segment of a reassembled PDU]"
"49529","35.497928733","192.168.1.55","192.168.1.2","TCP","1514","8004  >  36504 [ACK] Seq=47974 Ack=144 Win=65024 Len=1448 TSval=2916039578 TSecr=3045559352 [TCP segment of a reassembled PDU]"
"49530","35.497930678","192.168.1.55","192.168.1.2","TCP","1514","8004  >  36504 [ACK] Seq=49422 Ack=144 Win=65024 Len=1448 TSval=2916039578 TSecr=3045559352 [TCP segment of a reassembled PDU]"
"49531","35.497932030","192.168.1.55","192.168.1.2","TCP","1514","8004  >  36504 [ACK] Seq=50870 Ack=144 Win=65024 Len=1448 TSval=2916039578 TSecr=3045559352 [TCP segment of a reassembled PDU]"
"49532","35.497933585","192.168.1.55","192.168.1.2","TCP","1514","8004  >  36504 [ACK] Seq=52318 Ack=144 Win=65024 Len=1448 TSval=2916039578 TSecr=3045559352 [TCP segment of a reassembled PDU]"
"49533","35.497935567","192.168.1.55","192.168.1.2","TCP","1514","8004  >  36504 [ACK] Seq=53766 Ack=144 Win=65024 Len=1448 TSval=2916039578 TSecr=3045559352 [TCP segment of a reassembled PDU]"
"49534","35.497937252","192.168.1.55","192.168.1.2","TCP","1514","8004  >  36504 [ACK] Seq=55214 Ack=144 Win=65024 Len=1448 TSval=2916039578 TSecr=3045559352 [TCP segment of a reassembled PDU]"
"49535","35.497939400","192.168.1.55","192.168.1.2","TCP","1514","8004  >  36504 [ACK] Seq=56662 Ack=144 Win=65024 Len=1448 TSval=2916039578 TSecr=3045559352 [TCP segment of a reassembled PDU]"
"49536","35.497942344","192.168.1.55","192.168.1.2","TCP","1514","8004  >  36504 [ACK] Seq=58110 Ack=144 Win=65024 Len=1448 TSval=2916039578 TSecr=3045559352 [TCP segment of a reassembled PDU]"
"49537","35.497944196","192.168.1.55","192.168.1.2","TCP","1514","8004  >  36504 [ACK] Seq=59558 Ack=144 Win=65024 Len=1448 TSval=2916039578 TSecr=3045559352 [TCP segment of a reassembled PDU]"
"49538","35.497945696","192.168.1.55","192.168.1.2","TCP","1514","8004  >  36504 [ACK] Seq=61006 Ack=144 Win=65024 Len=1448 TSval=2916039578 TSecr=3045559352 [TCP segment of a reassembled PDU]"
"49539","35.497947511","192.168.1.55","192.168.1.2","TCP","1514","8004  >  36504 [ACK] Seq=62454 Ack=144 Win=65024 Len=1448 TSval=2916039578 TSecr=3045559352 [TCP segment of a reassembled PDU]"
"49540","35.497949437","192.168.1.55","192.168.1.2","TCP","1514","8004  >  36504 [PSH, ACK] Seq=63902 Ack=144 Win=65024 Len=1448 TSval=2916039578 TSecr=3045559352 [TCP segment of a reassembled PDU]"
"49541","35.497953548","192.168.1.2","192.168.1.55","TCP","66","36504  >  8004 [ACK] Seq=144 Ack=36390 Win=74752 Len=0 TSval=3045559352 TSecr=2916039573"
"49542","35.497981937","192.168.1.55","192.168.1.2","TCP","1514","8004  >  36504 [ACK] Seq=65350 Ack=144 Win=65024 Len=1448 TSval=2916039578 TSecr=3045559352 [TCP segment of a reassembled PDU]"
"49543","35.497985511","192.168.1.55","192.168.1.2","TCP","1514","8004  >  36504 [ACK] Seq=66798 Ack=144 Win=65024 Len=1448 TSval=2916039578 TSecr=3045559352 [TCP segment of a reassembled PDU]"
"49544","35.497987159","192.168.1.55","192.168.1.2","TCP","1514","8004  >  36504 [ACK] Seq=68246 Ack=144 Win=65024 Len=1448 TSval=2916039578 TSecr=3045559352 [TCP segment of a reassembled PDU]"
"49545","35.497988437","192.168.1.55","192.168.1.2","TCP","1514","8004  >  36504 [ACK] Seq=69694 Ack=144 Win=65024 Len=1448 TSval=2916039578 TSecr=3045559352 [TCP segment of a reassembled PDU]"
"49546","35.497989622","192.168.1.55","192.168.1.2","TCP","1514","8004  >  36504 [ACK] Seq=71142 Ack=144 Win=65024 Len=1448 TSval=2916039578 TSecr=3045559352 [TCP segment of a reassembled PDU]"
"49547","35.497990845","192.168.1.55","192.168.1.2","TCP","1514","8004  >  36504 [ACK] Seq=72590 Ack=144 Win=65024 Len=1448 TSval=2916039578 TSecr=3045559352 [TCP segment of a reassembled PDU]"
"49548","35.497992085","192.168.1.55","192.168.1.2","TCP","1514","8004  >  36504 [ACK] Seq=74038 Ack=144 Win=65024 Len=1448 TSval=2916039578 TSecr=3045559352 [TCP segment of a reassembled PDU]"
"49549","35.497994270","192.168.1.55","192.168.1.2","TCP","1514","8004  >  36504 [PSH, ACK] Seq=75486 Ack=144 Win=65024 Len=1448 TSval=2916039578 TSecr=3045559352 [TCP segment of a reassembled PDU]"
"49550","35.498011715","192.168.1.2","192.168.1.55","TCP","66","36504  >  8004 [ACK] Seq=144 Ack=39286 Win=93184 Len=0 TSval=3045559353 TSecr=2916039573"
"49551","35.498081326","192.168.1.2","192.168.1.55","TCP","66","36504  >  8004 [ACK] Seq=144 Ack=40734 Win=94208 Len=0 TSval=3045559353 TSecr=2916039573"
"49552","35.498088678","192.168.1.2","192.168.1.55","TCP","66","36504  >  8004 [ACK] Seq=144 Ack=42182 Win=93184 Len=0 TSval=3045559353 TSecr=2916039574"
"49553","35.498189456","192.168.1.55","192.168.1.2","TCP","1514","8004  >  36504 [ACK] Seq=76934 Ack=144 Win=65024 Len=1448 TSval=2916039578 TSecr=3045559353 [TCP segment of a reassembled PDU]"
"49554","35.498197345","192.168.1.55","192.168.1.2","TCP","1514","8004  >  36504 [ACK] Seq=78382 Ack=144 Win=65024 Len=1448 TSval=2916039578 TSecr=3045559353 [TCP segment of a reassembled PDU]"
"49555","35.498198919","192.168.1.55","192.168.1.2","TCP","1514","8004  >  36504 [ACK] Seq=79830 Ack=144 Win=65024 Len=1448 TSval=2916039578 TSecr=3045559353 [TCP segment of a reassembled PDU]"
"49556","35.498200141","192.168.1.55","192.168.1.2","TCP","1514","8004  >  36504 [ACK] Seq=81278 Ack=144 Win=65024 Len=1448 TSval=2916039578 TSecr=3045559353 [TCP segment of a reassembled PDU]"
"49557","35.498202326","192.168.1.55","192.168.1.2","TCP","1514","8004  >  36504 [ACK] Seq=82726 Ack=144 Win=65024 Len=1448 TSval=2916039578 TSecr=3045559353 [TCP segment of a reassembled PDU]"
"49558","35.498203567","192.168.1.55","192.168.1.2","TCP","1514","8004  >  36504 [ACK] Seq=84174 Ack=144 Win=65024 Len=1448 TSval=2916039578 TSecr=3045559353 [TCP segment of a reassembled PDU]"
"49559","35.498205012","192.168.1.55","192.168.1.2","TCP","1514","8004  >  36504 [ACK] Seq=85622 Ack=144 Win=65024 Len=1448 TSval=2916039578 TSecr=3045559353 [TCP segment of a reassembled PDU]"
"49560","35.498207030","192.168.1.55","192.168.1.2","TCP","1514","8004  >  36504 [ACK] Seq=87070 Ack=144 Win=65024 Len=1448 TSval=2916039578 TSecr=3045559353 [TCP segment of a reassembled PDU]"
"49561","35.498208623","192.168.1.55","192.168.1.2","TCP","1514","8004  >  36504 [ACK] Seq=88518 Ack=144 Win=65024 Len=1448 TSval=2916039578 TSecr=3045559353 [TCP segment of a reassembled PDU]"
"49562","35.498210141","192.168.1.55","192.168.1.2","TCP","1514","8004  >  36504 [ACK] Seq=89966 Ack=144 Win=65024 Len=1448 TSval=2916039578 TSecr=3045559353 [TCP segment of a reassembled PDU]"
"49563","35.498211567","192.168.1.55","192.168.1.2","TCP","1514","8004  >  36504 [ACK] Seq=91414 Ack=144 Win=65024 Len=1448 TSval=2916039578 TSecr=3045559353 [TCP segment of a reassembled PDU]"
"49564","35.498213160","192.168.1.55","192.168.1.2","TCP","1514","8004  >  36504 [ACK] Seq=92862 Ack=144 Win=65024 Len=1448 TSval=2916039578 TSecr=3045559353 [TCP segment of a reassembled PDU]"
"49565","35.498215197","192.168.1.55","192.168.1.2","TCP","1514","8004  >  36504 [ACK] Seq=94310 Ack=144 Win=65024 Len=1448 TSval=2916039578 TSecr=3045559353 [TCP segment of a reassembled PDU]"
"49566","35.498216882","192.168.1.55","192.168.1.2","TCP","1514","8004  >  36504 [PSH, ACK] Seq=95758 Ack=144 Win=65024 Len=1448 TSval=2916039578 TSecr=3045559353 [TCP segment of a reassembled PDU]"
"49567","35.499079550","192.168.1.55","192.168.1.2","TCP","1514","8004  >  36504 [ACK] Seq=97206 Ack=144 Win=65024 Len=1448 TSval=2916039579 TSecr=3045559353 [TCP segment of a reassembled PDU]"
"49568","35.499084809","192.168.1.55","192.168.1.2","TCP","1514","8004  >  36504 [PSH, ACK] Seq=98654 Ack=144 Win=65024 Len=1448 TSval=2916039579 TSecr=3045559353 [TCP segment of a reassembled PDU]"
"49569","35.503567057","192.168.1.2","192.168.1.55","TCP","66","36504  >  8004 [ACK] Seq=144 Ack=45078 Win=91136 Len=0 TSval=3045559358 TSecr=2916039578"
"49570","35.503619798","192.168.1.55","192.168.1.2","TCP","1514","8004  >  36504 [ACK] Seq=100102 Ack=144 Win=65024 Len=1448 TSval=2916039584 TSecr=3045559358 [TCP segment of a reassembled PDU]"
"49571","35.503625613","192.168.1.55","192.168.1.2","TCP","1514","8004  >  36504 [ACK] Seq=101550 Ack=144 Win=65024 Len=1448 TSval=2916039584 TSecr=3045559358 [TCP segment of a reassembled PDU]"
"49572","35.503627224","192.168.1.55","192.168.1.2","TCP","1514","8004  >  36504 [ACK] Seq=102998 Ack=144 Win=65024 Len=1448 TSval=2916039584 TSecr=3045559358 [TCP segment of a reassembled PDU]"
"49573","35.503628446","192.168.1.55","192.168.1.2","TCP","1514","8004  >  36504 [PSH, ACK] Seq=104446 Ack=144 Win=65024 Len=1448 TSval=2916039584 TSecr=3045559358 [TCP segment of a reassembled PDU]"
"49574","35.503913706","192.168.1.2","192.168.1.55","TCP","66","36504  >  8004 [ACK] Seq=144 Ack=65350 Win=75776 Len=0 TSval=3045559358 TSecr=2916039578"
"49575","35.503940873","192.168.1.55","192.168.1.2","TCP","1514","8004  >  36504 [ACK] Seq=105894 Ack=144 Win=65024 Len=1448 TSval=2916039584 TSecr=3045559358 [TCP segment of a reassembled PDU]"
"49576","35.503943706","192.168.1.55","192.168.1.2","TCP","1514","8004  >  36504 [ACK] Seq=107342 Ack=144 Win=65024 Len=1448 TSval=2916039584 TSecr=3045559358 [TCP segment of a reassembled PDU]"
"49577","35.503945224","192.168.1.55","192.168.1.2","TCP","1514","8004  >  36504 [ACK] Seq=108790 Ack=144 Win=65024 Len=1448 TSval=2916039584 TSecr=3045559358 [TCP segment of a reassembled PDU]"
"49578","35.503947373","192.168.1.55","192.168.1.2","TCP","1514","8004  >  36504 [ACK] Seq=110238 Ack=144 Win=65024 Len=1448 TSval=2916039584 TSecr=3045559358 [TCP segment of a reassembled PDU]"
"49579","35.503949891","192.168.1.55","192.168.1.2","TCP","1514","8004  >  36504 [ACK] Seq=111686 Ack=144 Win=65024 Len=1448 TSval=2916039584 TSecr=3045559358 [TCP segment of a reassembled PDU]"
"49580","35.503951428","192.168.1.55","192.168.1.2","TCP","1514","8004  >  36504 [ACK] Seq=113134 Ack=144 Win=65024 Len=1448 TSval=2916039584 TSecr=3045559358 [TCP segment of a reassembled PDU]"
"49581","35.503953576","192.168.1.55","192.168.1.2","TCP","1514","8004  >  36504 [ACK] Seq=114582 Ack=144 Win=65024 Len=1448 TSval=2916039584 TSecr=3045559358 [TCP segment of a reassembled PDU]"
"49582","35.503955224","192.168.1.55","192.168.1.2","TCP","1514","8004  >  36504 [ACK] Seq=116030 Ack=144 Win=65024 Len=1448 TSval=2916039584 TSecr=3045559358 [TCP segment of a reassembled PDU]"
"49583","35.503956595","192.168.1.55","192.168.1.2","TCP","1514","8004  >  36504 [ACK] Seq=117478 Ack=144 Win=65024 Len=1448 TSval=2916039584 TSecr=3045559358 [TCP segment of a reassembled PDU]"
"49584","35.503958039","192.168.1.55","192.168.1.2","TCP","1514","8004  >  36504 [PSH, ACK] Seq=118926 Ack=144 Win=65024 Len=1448 TSval=2916039584 TSecr=3045559358 [TCP segment of a reassembled PDU]"
"49585","35.503965724","192.168.1.2","192.168.1.55","TCP","66","36504  >  8004 [ACK] Seq=144 Ack=76934 Win=64512 Len=0 TSval=3045559358 TSecr=2916039578"
"49586","35.503982150","192.168.1.2","192.168.1.55","TCP","66","36504  >  8004 [ACK] Seq=144 Ack=97206 Win=75776 Len=0 TSval=3045559358 TSecr=2916039578"
"49587","35.504029725","192.168.1.55","192.168.1.2","TCP","1514","8004  >  36504 [ACK] Seq=120374 Ack=144 Win=65024 Len=1448 TSval=2916039584 TSecr=3045559358 [TCP segment of a reassembled PDU]"
"49588","35.504031836","192.168.1.55","192.168.1.2","TCP","1514","8004  >  36504 [ACK] Seq=121822 Ack=144 Win=65024 Len=1448 TSval=2916039584 TSecr=3045559358 [TCP segment of a reassembled PDU]"
"49589","35.504033002","192.168.1.55","192.168.1.2","TCP","1514","8004  >  36504 [ACK] Seq=123270 Ack=144 Win=65024 Len=1448 TSval=2916039584 TSecr=3045559358 [TCP segment of a reassembled PDU]"
"49590","35.504034225","192.168.1.55","192.168.1.2","TCP","1514","8004  >  36504 [ACK] Seq=124718 Ack=144 Win=65024 Len=1448 TSval=2916039584 TSecr=3045559358 [TCP segment of a reassembled PDU]"
"49591","35.504035336","192.168.1.55","192.168.1.2","TCP","1514","8004  >  36504 [ACK] Seq=126166 Ack=144 Win=65024 Len=1448 TSval=2916039584 TSecr=3045559358 [TCP segment of a reassembled PDU]"
"49592","35.504036669","192.168.1.55","192.168.1.2","TCP","1514","8004  >  36504 [ACK] Seq=127614 Ack=144 Win=65024 Len=1448 TSval=2916039584 TSecr=3045559358 [TCP segment of a reassembled PDU]"
"49593","35.504037780","192.168.1.55","192.168.1.2","TCP","1514","8004  >  36504 [ACK] Seq=129062 Ack=144 Win=65024 Len=1448 TSval=2916039584 TSecr=3045559358 [TCP segment of a reassembled PDU]"
"49594","35.504039002","192.168.1.55","192.168.1.2","TCP","1514","8004  >  36504 [ACK] Seq=130510 Ack=144 Win=65024 Len=1448 TSval=2916039584 TSecr=3045559358 [TCP segment of a reassembled PDU]"
"49595","35.504040132","192.168.1.55","192.168.1.2","TCP","1514","8004  >  36504 [ACK] Seq=131958 Ack=144 Win=65024 Len=1448 TSval=2916039584 TSecr=3045559358 [TCP segment of a reassembled PDU]"
"49596","35.504041243","192.168.1.55","192.168.1.2","TCP","1514","8004  >  36504 [ACK] Seq=133406 Ack=144 Win=65024 Len=1448 TSval=2916039584 TSecr=3045559358 [TCP segment of a reassembled PDU]"
"49597","35.504042502","192.168.1.55","192.168.1.2","TCP","1514","8004  >  36504 [ACK] Seq=134854 Ack=144 Win=65024 Len=1448 TSval=2916039584 TSecr=3045559358 [TCP segment of a reassembled PDU]"
"49598","35.504043762","192.168.1.55","192.168.1.2","TCP","1514","8004  >  36504 [ACK] Seq=136302 Ack=144 Win=65024 Len=1448 TSval=2916039584 TSecr=3045559358 [TCP segment of a reassembled PDU]"
"49599","35.504045225","192.168.1.55","192.168.1.2","TCP","1514","8004  >  36504 [ACK] Seq=137750 Ack=144 Win=65024 Len=1448 TSval=2916039584 TSecr=3045559358 [TCP segment of a reassembled PDU]"
"49600","35.504046428","192.168.1.55","192.168.1.2","TCP","1514","8004  >  36504 [ACK] Seq=139198 Ack=144 Win=65024 Len=1448 TSval=2916039584 TSecr=3045559358 [TCP segment of a reassembled PDU]"
"49601","35.504047651","192.168.1.55","192.168.1.2","TCP","1514","8004  >  36504 [ACK] Seq=140646 Ack=144 Win=65024 Len=1448 TSval=2916039584 TSecr=3045559358 [TCP segment of a reassembled PDU]"
"49602","35.504048965","192.168.1.55","192.168.1.2","TCP","1514","8004  >  36504 [ACK] Seq=142094 Ack=144 Win=65024 Len=1448 TSval=2916039584 TSecr=3045559358 [TCP segment of a reassembled PDU]"
"49603","35.504050169","192.168.1.55","192.168.1.2","TCP","1514","8004  >  36504 [ACK] Seq=143542 Ack=144 Win=65024 Len=1448 TSval=2916039584 TSecr=3045559358 [TCP segment of a reassembled PDU]"
"49604","35.504051484","192.168.1.55","192.168.1.2","TCP","1514","8004  >  36504 [ACK] Seq=144990 Ack=144 Win=65024 Len=1448 TSval=2916039584 TSecr=3045559358 [TCP segment of a reassembled PDU]"
"49605","35.504052595","192.168.1.55","192.168.1.2","TCP","1514","8004  >  36504 [ACK] Seq=146438 Ack=144 Win=65024 Len=1448 TSval=2916039584 TSecr=3045559358 [TCP segment of a reassembled PDU]"
"49606","35.504053854","192.168.1.55","192.168.1.2","TCP","1514","8004  >  36504 [ACK] Seq=147886 Ack=144 Win=65024 Len=1448 TSval=2916039584 TSecr=3045559358 [TCP segment of a reassembled PDU]"
"49607","35.504055206","192.168.1.55","192.168.1.2","TCP","1514","8004  >  36504 [ACK] Seq=149334 Ack=144 Win=65024 Len=1448 TSval=2916039584 TSecr=3045559358 [TCP segment of a reassembled PDU]"
"49608","35.504056336","192.168.1.55","192.168.1.2","TCP","1514","8004  >  36504 [ACK] Seq=150782 Ack=144 Win=65024 Len=1448 TSval=2916039584 TSecr=3045559358 [TCP segment of a reassembled PDU]"
"49609","35.504057558","192.168.1.55","192.168.1.2","TCP","1514","8004  >  36504 [ACK] Seq=152230 Ack=144 Win=65024 Len=1448 TSval=2916039584 TSecr=3045559358 [TCP segment of a reassembled PDU]"
"49610","35.504058873","192.168.1.55","192.168.1.2","TCP","1514","8004  >  36504 [ACK] Seq=153678 Ack=144 Win=65024 Len=1448 TSval=2916039584 TSecr=3045559358 [TCP segment of a reassembled PDU]"
"49611","35.504060058","192.168.1.55","192.168.1.2","TCP","1514","8004  >  36504 [ACK] Seq=155126 Ack=144 Win=65024 Len=1448 TSval=2916039584 TSecr=3045559358 [TCP segment of a reassembled PDU]"
"49612","35.504061336","192.168.1.55","192.168.1.2","TCP","1514","8004  >  36504 [ACK] Seq=156574 Ack=144 Win=65024 Len=1448 TSval=2916039584 TSecr=3045559358 [TCP segment of a reassembled PDU]"
"49613","35.504062632","192.168.1.55","192.168.1.2","TCP","1514","8004  >  36504 [ACK] Seq=158022 Ack=144 Win=65024 Len=1448 TSval=2916039584 TSecr=3045559358 [TCP segment of a reassembled PDU]"
"49614","35.504063891","192.168.1.55","192.168.1.2","TCP","1514","8004  >  36504 [ACK] Seq=159470 Ack=144 Win=65024 Len=1448 TSval=2916039584 TSecr=3045559358 [TCP segment of a reassembled PDU]"
"49615","35.504065095","192.168.1.55","192.168.1.2","TCP","1514","8004  >  36504 [ACK] Seq=160918 Ack=144 Win=65024 Len=1448 TSval=2916039584 TSecr=3045559358 [TCP segment of a reassembled PDU]"
"49616","35.504066373","192.168.1.55","192.168.1.2","TCP","1514","8004  >  36504 [PSH, ACK] Seq=162366 Ack=144 Win=65024 Len=1448 TSval=2916039584 TSecr=3045559358 [TCP segment of a reassembled PDU]"
"49617","35.504071188","192.168.1.2","192.168.1.55","TCP","66","36504  >  8004 [ACK] Seq=144 Ack=100102 Win=73728 Len=0 TSval=3045559358 TSecr=2916039579"
"49618","35.504142577","192.168.1.55","192.168.1.2","TCP","1514","8004  >  36504 [ACK] Seq=163814 Ack=144 Win=65024 Len=1448 TSval=2916039584 TSecr=3045559358 [TCP segment of a reassembled PDU]"
"49619","35.504147577","192.168.1.55","192.168.1.2","TCP","1514","8004  >  36504 [ACK] Seq=165262 Ack=144 Win=65024 Len=1448 TSval=2916039584 TSecr=3045559358 [TCP segment of a reassembled PDU]"
"49620","35.504148780","192.168.1.55","192.168.1.2","TCP","1514","8004  >  36504 [ACK] Seq=166710 Ack=144 Win=65024 Len=1448 TSval=2916039584 TSecr=3045559358 [TCP segment of a reassembled PDU]"
"49621","35.504149947","192.168.1.55","192.168.1.2","TCP","1514","8004  >  36504 [ACK] Seq=168158 Ack=144 Win=65024 Len=1448 TSval=2916039584 TSecr=3045559358 [TCP segment of a reassembled PDU]"
"49622","35.504151021","192.168.1.55","192.168.1.2","TCP","1514","8004  >  36504 [ACK] Seq=169606 Ack=144 Win=65024 Len=1448 TSval=2916039584 TSecr=3045559358 [TCP segment of a reassembled PDU]"
"49623","35.504152188","192.168.1.55","192.168.1.2","TCP","1514","8004  >  36504 [ACK] Seq=171054 Ack=144 Win=65024 Len=1448 TSval=2916039584 TSecr=3045559358 [TCP segment of a reassembled PDU]"
"49624","35.504153428","192.168.1.55","192.168.1.2","TCP","1394","[TCP Window Full] 8004  >  36504 [PSH, ACK] Seq=172502 Ack=144 Win=65024 Len=1328 TSval=2916039584 TSecr=3045559358 [TCP segment of a reassembled PDU]"
"49625","35.509850067","192.168.1.2","192.168.1.55","TCP","66","36504  >  8004 [ACK] Seq=144 Ack=105894 Win=86016 Len=0 TSval=3045559361 TSecr=2916039584"
"49626","35.509885604","192.168.1.55","192.168.1.2","TCP","1514","8004  >  36504 [ACK] Seq=173830 Ack=144 Win=65024 Len=1448 TSval=2916039590 TSecr=3045559361 [TCP segment of a reassembled PDU]"
"49627","35.509889160","192.168.1.55","192.168.1.2","TCP","1514","8004  >  36504 [ACK] Seq=175278 Ack=144 Win=65024 Len=1448 TSval=2916039590 TSecr=3045559361 [TCP segment of a reassembled PDU]"
"49628","35.509890382","192.168.1.55","192.168.1.2","TCP","1514","8004  >  36504 [ACK] Seq=176726 Ack=144 Win=65024 Len=1448 TSval=2916039590 TSecr=3045559361 [TCP segment of a reassembled PDU]"
"49629","35.509891493","192.168.1.55","192.168.1.2","TCP","1514","8004  >  36504 [ACK] Seq=178174 Ack=144 Win=65024 Len=1448 TSval=2916039590 TSecr=3045559361 [TCP segment of a reassembled PDU]"
"49630","35.509892493","192.168.1.55","192.168.1.2","TCP","1514","8004  >  36504 [ACK] Seq=179622 Ack=144 Win=65024 Len=1448 TSval=2916039590 TSecr=3045559361 [TCP segment of a reassembled PDU]"
"49631","35.509893641","192.168.1.55","192.168.1.2","TCP","1514","8004  >  36504 [ACK] Seq=181070 Ack=144 Win=65024 Len=1448 TSval=2916039590 TSecr=3045559361 [TCP segment of a reassembled PDU]"
"49632","35.509894771","192.168.1.55","192.168.1.2","TCP","1514","8004  >  36504 [ACK] Seq=182518 Ack=144 Win=65024 Len=1448 TSval=2916039590 TSecr=3045559361 [TCP segment of a reassembled PDU]"
"49633","35.509895771","192.168.1.55","192.168.1.2","TCP","1514","8004  >  36504 [ACK] Seq=183966 Ack=144 Win=65024 Len=1448 TSval=2916039590 TSecr=3045559361 [TCP segment of a reassembled PDU]"
"49634","35.509897271","192.168.1.55","192.168.1.2","TCP","1514","8004  >  36504 [ACK] Seq=185414 Ack=144 Win=65024 Len=1448 TSval=2916039590 TSecr=3045559361 [TCP segment of a reassembled PDU]"
"49635","35.509898530","192.168.1.55","192.168.1.2","TCP","1514","8004  >  36504 [ACK] Seq=186862 Ack=144 Win=65024 Len=1448 TSval=2916039590 TSecr=3045559361 [TCP segment of a reassembled PDU]"
"49636","35.509899604","192.168.1.55","192.168.1.2","TCP","1514","8004  >  36504 [ACK] Seq=188310 Ack=144 Win=65024 Len=1448 TSval=2916039590 TSecr=3045559361 [TCP segment of a reassembled PDU]"
"49637","35.509900753","192.168.1.55","192.168.1.2","TCP","1514","8004  >  36504 [PSH, ACK] Seq=189758 Ack=144 Win=65024 Len=1448 TSval=2916039590 TSecr=3045559361 [TCP segment of a reassembled PDU]"
"49638","35.510439420","192.168.1.2","192.168.1.55","TCP","66","36504  >  8004 [ACK] Seq=144 Ack=120374 Win=79872 Len=0 TSval=3045559364 TSecr=2916039584"
"49639","35.510447550","192.168.1.2","192.168.1.55","TCP","66","36504  >  8004 [ACK] Seq=144 Ack=163814 Win=58368 Len=0 TSval=3045559364 TSecr=2916039584"
"49640","35.510465865","192.168.1.55","192.168.1.2","TCP","1514","8004  >  36504 [ACK] Seq=191206 Ack=144 Win=65024 Len=1448 TSval=2916039591 TSecr=3045559364 [TCP segment of a reassembled PDU]"
"49641","35.510467476","192.168.1.55","192.168.1.2","TCP","1514","8004  >  36504 [ACK] Seq=192654 Ack=144 Win=65024 Len=1448 TSval=2916039591 TSecr=3045559364 [TCP segment of a reassembled PDU]"
"49642","35.510468531","192.168.1.55","192.168.1.2","TCP","1514","8004  >  36504 [ACK] Seq=194102 Ack=144 Win=65024 Len=1448 TSval=2916039591 TSecr=3045559364 [TCP segment of a reassembled PDU]"
"49643","35.510469550","192.168.1.55","192.168.1.2","TCP","1514","8004  >  36504 [ACK] Seq=195550 Ack=144 Win=65024 Len=1448 TSval=2916039591 TSecr=3045559364 [TCP segment of a reassembled PDU]"
"49644","35.510470698","192.168.1.55","192.168.1.2","TCP","1514","8004  >  36504 [ACK] Seq=196998 Ack=144 Win=65024 Len=1448 TSval=2916039591 TSecr=3045559364 [TCP segment of a reassembled PDU]"
"49645","35.510471679","192.168.1.55","192.168.1.2","TCP","1514","8004  >  36504 [ACK] Seq=198446 Ack=144 Win=65024 Len=1448 TSval=2916039591 TSecr=3045559364 [TCP segment of a reassembled PDU]"
"49646","35.510472753","192.168.1.55","192.168.1.2","TCP","1514","8004  >  36504 [ACK] Seq=199894 Ack=144 Win=65024 Len=1448 TSval=2916039591 TSecr=3045559364 [TCP segment of a reassembled PDU]"
"49647","35.510473735","192.168.1.55","192.168.1.2","TCP","1514","8004  >  36504 [ACK] Seq=201342 Ack=144 Win=65024 Len=1448 TSval=2916039591 TSecr=3045559364 [TCP segment of a reassembled PDU]"
"49648","35.510474772","192.168.1.55","192.168.1.2","TCP","1514","8004  >  36504 [ACK] Seq=202790 Ack=144 Win=65024 Len=1448 TSval=2916039591 TSecr=3045559364 [TCP segment of a reassembled PDU]"
"49649","35.510475809","192.168.1.55","192.168.1.2","TCP","1514","8004  >  36504 [ACK] Seq=204238 Ack=144 Win=65024 Len=1448 TSval=2916039591 TSecr=3045559364 [TCP segment of a reassembled PDU]"
"49650","35.510476865","192.168.1.55","192.168.1.2","TCP","1514","8004  >  36504 [ACK] Seq=205686 Ack=144 Win=65024 Len=1448 TSval=2916039591 TSecr=3045559364 [TCP segment of a reassembled PDU]"
"49651","35.510477865","192.168.1.55","192.168.1.2","TCP","1514","8004  >  36504 [ACK] Seq=207134 Ack=144 Win=65024 Len=1448 TSval=2916039591 TSecr=3045559364 [TCP segment of a reassembled PDU]"
"49652","35.510478828","192.168.1.55","192.168.1.2","TCP","1514","8004  >  36504 [PSH, ACK] Seq=208582 Ack=144 Win=65024 Len=1448 TSval=2916039591 TSecr=3045559364 [TCP segment of a reassembled PDU]"
"49653","35.510484142","192.168.1.55","192.168.1.2","TCP","186","8004  >  36504 [PSH, ACK] Seq=210030 Ack=144 Win=65024 Len=120 TSval=2916039591 TSecr=3045559364 [TCP segment of a reassembled PDU]"
"49654","35.510487105","192.168.1.2","192.168.1.55","TCP","66","36504  >  8004 [ACK] Seq=144 Ack=169606 Win=53248 Len=0 TSval=3045559364 TSecr=2916039584"
"49655","35.513193573","192.168.1.2","192.168.1.55","TCP","66","36504  >  8004 [ACK] Seq=144 Ack=171054 Win=97280 Len=0 TSval=3045559365 TSecr=2916039584"
"49656","35.513227424","192.168.1.55","192.168.1.2","TCP","1514","8004  >  36504 [ACK] Seq=210150 Ack=144 Win=65024 Len=1448 TSval=2916039593 TSecr=3045559365 [TCP segment of a reassembled PDU]"
"49657","35.513230258","192.168.1.55","192.168.1.2","TCP","1514","8004  >  36504 [ACK] Seq=211598 Ack=144 Win=65024 Len=1448 TSval=2916039593 TSecr=3045559365 [TCP segment of a reassembled PDU]"
"49658","35.513231221","192.168.1.55","192.168.1.2","TCP","1514","8004  >  36504 [ACK] Seq=213046 Ack=144 Win=65024 Len=1448 TSval=2916039593 TSecr=3045559365 [TCP segment of a reassembled PDU]"
"49659","35.513232295","192.168.1.55","192.168.1.2","TCP","1514","8004  >  36504 [ACK] Seq=214494 Ack=144 Win=65024 Len=1448 TSval=2916039593 TSecr=3045559365 [TCP segment of a reassembled PDU]"
"49660","35.513233313","192.168.1.55","192.168.1.2","TCP","1514","8004  >  36504 [ACK] Seq=215942 Ack=144 Win=65024 Len=1448 TSval=2916039593 TSecr=3045559365 [TCP segment of a reassembled PDU]"
"49661","35.513234276","192.168.1.55","192.168.1.2","TCP","1514","8004  >  36504 [ACK] Seq=217390 Ack=144 Win=65024 Len=1448 TSval=2916039593 TSecr=3045559365 [TCP segment of a reassembled PDU]"
"49662","35.513235369","192.168.1.55","192.168.1.2","TCP","1514","8004  >  36504 [ACK] Seq=218838 Ack=144 Win=65024 Len=1448 TSval=2916039593 TSecr=3045559365 [TCP segment of a reassembled PDU]"
"49663","35.513236425","192.168.1.55","192.168.1.2","TCP","1514","8004  >  36504 [ACK] Seq=220286 Ack=144 Win=65024 Len=1448 TSval=2916039593 TSecr=3045559365 [TCP segment of a reassembled PDU]"
"49664","35.513237462","192.168.1.55","192.168.1.2","TCP","1514","8004  >  36504 [ACK] Seq=221734 Ack=144 Win=65024 Len=1448 TSval=2916039593 TSecr=3045559365 [TCP segment of a reassembled PDU]"
"49665","35.513238554","192.168.1.55","192.168.1.2","TCP","1514","8004  >  36504 [ACK] Seq=223182 Ack=144 Win=65024 Len=1448 TSval=2916039593 TSecr=3045559365 [TCP segment of a reassembled PDU]"
"49666","35.513239554","192.168.1.55","192.168.1.2","TCP","1514","8004  >  36504 [ACK] Seq=224630 Ack=144 Win=65024 Len=1448 TSval=2916039593 TSecr=3045559365 [TCP segment of a reassembled PDU]"
"49667","35.513240610","192.168.1.55","192.168.1.2","TCP","1514","8004  >  36504 [ACK] Seq=226078 Ack=144 Win=65024 Len=1448 TSval=2916039593 TSecr=3045559365 [TCP segment of a reassembled PDU]"
"49668","35.513241591","192.168.1.55","192.168.1.2","TCP","1514","8004  >  36504 [ACK] Seq=227526 Ack=144 Win=65024 Len=1448 TSval=2916039593 TSecr=3045559365 [TCP segment of a reassembled PDU]"
"49669","35.513242554","192.168.1.55","192.168.1.2","TCP","1514","8004  >  36504 [ACK] Seq=228974 Ack=144 Win=65024 Len=1448 TSval=2916039593 TSecr=3045559365 [TCP segment of a reassembled PDU]"
"49670","35.513243684","192.168.1.55","192.168.1.2","TCP","1514","8004  >  36504 [ACK] Seq=230422 Ack=144 Win=65024 Len=1448 TSval=2916039593 TSecr=3045559365 [TCP segment of a reassembled PDU]"
"49671","35.513244647","192.168.1.55","192.168.1.2","TCP","1514","8004  >  36504 [ACK] Seq=231870 Ack=144 Win=65024 Len=1448 TSval=2916039593 TSecr=3045559365 [TCP segment of a reassembled PDU]"
"49672","35.513245758","192.168.1.55","192.168.1.2","TCP","1514","8004  >  36504 [ACK] Seq=233318 Ack=144 Win=65024 Len=1448 TSval=2916039593 TSecr=3045559365 [TCP segment of a reassembled PDU]"
"49673","35.513246925","192.168.1.55","192.168.1.2","TCP","1514","8004  >  36504 [ACK] Seq=234766 Ack=144 Win=65024 Len=1448 TSval=2916039593 TSecr=3045559365 [TCP segment of a reassembled PDU]"
"49674","35.513247999","192.168.1.55","192.168.1.2","TCP","1514","8004  >  36504 [ACK] Seq=236214 Ack=144 Win=65024 Len=1448 TSval=2916039593 TSecr=3045559365 [TCP segment of a reassembled PDU]"
"49675","35.513249073","192.168.1.55","192.168.1.2","TCP","1514","8004  >  36504 [ACK] Seq=237662 Ack=144 Win=65024 Len=1448 TSval=2916039593 TSecr=3045559365 [TCP segment of a reassembled PDU]"
"49676","35.513250036","192.168.1.55","192.168.1.2","TCP","1514","8004  >  36504 [ACK] Seq=239110 Ack=144 Win=65024 Len=1448 TSval=2916039593 TSecr=3045559365 [TCP segment of a reassembled PDU]"
"49677","35.513251147","192.168.1.55","192.168.1.2","TCP","1514","8004  >  36504 [ACK] Seq=240558 Ack=144 Win=65024 Len=1448 TSval=2916039593 TSecr=3045559365 [TCP segment of a reassembled PDU]"
"49678","35.513252128","192.168.1.55","192.168.1.2","TCP","1514","8004  >  36504 [ACK] Seq=242006 Ack=144 Win=65024 Len=1448 TSval=2916039593 TSecr=3045559365 [TCP segment of a reassembled PDU]"
"49679","35.513253480","192.168.1.55","192.168.1.2","TCP","1514","8004  >  36504 [ACK] Seq=243454 Ack=144 Win=65024 Len=1448 TSval=2916039593 TSecr=3045559365 [TCP segment of a reassembled PDU]"
"49680","35.513254610","192.168.1.55","192.168.1.2","TCP","1514","8004  >  36504 [ACK] Seq=244902 Ack=144 Win=65024 Len=1448 TSval=2916039593 TSecr=3045559365 [TCP segment of a reassembled PDU]"
"49681","35.513255554","192.168.1.55","192.168.1.2","TCP","1514","8004  >  36504 [ACK] Seq=246350 Ack=144 Win=65024 Len=1448 TSval=2916039593 TSecr=3045559365 [TCP segment of a reassembled PDU]"
"49682","35.513256591","192.168.1.55","192.168.1.2","TCP","1514","8004  >  36504 [ACK] Seq=247798 Ack=144 Win=65024 Len=1448 TSval=2916039593 TSecr=3045559365 [TCP segment of a reassembled PDU]"
"49683","35.513257813","192.168.1.55","192.168.1.2","TCP","1514","8004  >  36504 [ACK] Seq=249246 Ack=144 Win=65024 Len=1448 TSval=2916039593 TSecr=3045559365 [TCP segment of a reassembled PDU]"
"49684","35.513258776","192.168.1.55","192.168.1.2","TCP","1514","8004  >  36504 [ACK] Seq=250694 Ack=144 Win=65024 Len=1448 TSval=2916039593 TSecr=3045559365 [TCP segment of a reassembled PDU]"
"49685","35.513259832","192.168.1.55","192.168.1.2","TCP","1514","8004  >  36504 [ACK] Seq=252142 Ack=144 Win=65024 Len=1448 TSval=2916039593 TSecr=3045559365 [TCP segment of a reassembled PDU]"
"49686","35.513260869","192.168.1.55","192.168.1.2","TCP","1514","8004  >  36504 [ACK] Seq=253590 Ack=144 Win=65024 Len=1448 TSval=2916039593 TSecr=3045559365 [TCP segment of a reassembled PDU]"
"49687","35.513261980","192.168.1.55","192.168.1.2","TCP","1514","8004  >  36504 [PSH, ACK] Seq=255038 Ack=144 Win=65024 Len=1448 TSval=2916039593 TSecr=3045559365 [TCP segment of a reassembled PDU]"
"49688","35.513309091","192.168.1.2","192.168.1.55","TCP","66","36504  >  8004 [ACK] Seq=144 Ack=173830 Win=97280 Len=0 TSval=3045559365 TSecr=2916039584"
"49689","35.515999818","192.168.1.2","192.168.1.55","TCP","66","36504  >  8004 [ACK] Seq=144 Ack=191206 Win=97280 Len=0 TSval=3045559369 TSecr=2916039590"
"49690","35.516051762","192.168.1.55","192.168.1.2","TCP","1514","8004  >  36504 [ACK] Seq=256486 Ack=144 Win=65024 Len=1448 TSval=2916039596 TSecr=3045559369 [TCP segment of a reassembled PDU]"
"49691","35.516056318","192.168.1.55","192.168.1.2","TCP","1514","8004  >  36504 [ACK] Seq=257934 Ack=144 Win=65024 Len=1448 TSval=2916039596 TSecr=3045559369 [TCP segment of a reassembled PDU]"
"49692","35.516058318","192.168.1.55","192.168.1.2","TCP","1514","8004  >  36504 [ACK] Seq=259382 Ack=144 Win=65024 Len=1448 TSval=2916039596 TSecr=3045559369 [TCP segment of a reassembled PDU]"
"49693","35.516059836","192.168.1.55","192.168.1.2","TCP","1514","8004  >  36504 [ACK] Seq=260830 Ack=144 Win=65024 Len=1448 TSval=2916039596 TSecr=3045559369 [TCP segment of a reassembled PDU]"
"49694","35.516061929","192.168.1.55","192.168.1.2","TCP","1514","8004  >  36504 [ACK] Seq=262278 Ack=144 Win=65024 Len=1448 TSval=2916039596 TSecr=3045559369 [TCP segment of a reassembled PDU]"
"49695","35.516063429","192.168.1.55","192.168.1.2","TCP","1514","8004  >  36504 [ACK] Seq=263726 Ack=144 Win=65024 Len=1448 TSval=2916039596 TSecr=3045559369 [TCP segment of a reassembled PDU]"
"49696","35.516064873","192.168.1.55","192.168.1.2","TCP","1514","8004  >  36504 [ACK] Seq=265174 Ack=144 Win=65024 Len=1448 TSval=2916039596 TSecr=3045559369 [TCP segment of a reassembled PDU]"
"49697","35.516067225","192.168.1.55","192.168.1.2","TCP","1514","8004  >  36504 [ACK] Seq=266622 Ack=144 Win=65024 Len=1448 TSval=2916039596 TSecr=3045559369 [TCP segment of a reassembled PDU]"
"49698","35.516069040","192.168.1.55","192.168.1.2","TCP","1514","8004  >  36504 [ACK] Seq=268070 Ack=144 Win=65024 Len=1448 TSval=2916039596 TSecr=3045559369 [TCP segment of a reassembled PDU]"
"49699","35.516070485","192.168.1.55","192.168.1.2","TCP","1514","8004  >  36504 [ACK] Seq=269518 Ack=144 Win=65024 Len=1448 TSval=2916039596 TSecr=3045559369 [TCP segment of a reassembled PDU]"
"49700","35.516072077","192.168.1.55","192.168.1.2","TCP","1514","8004  >  36504 [ACK] Seq=270966 Ack=144 Win=65024 Len=1448 TSval=2916039596 TSecr=3045559369 [TCP segment of a reassembled PDU]"
"49701","35.516073466","192.168.1.55","192.168.1.2","TCP","1514","8004  >  36504 [ACK] Seq=272414 Ack=144 Win=65024 Len=1448 TSval=2916039596 TSecr=3045559369 [TCP segment of a reassembled PDU]"
"49702","35.516075522","192.168.1.55","192.168.1.2","TCP","1514","8004  >  36504 [ACK] Seq=273862 Ack=144 Win=65024 Len=1448 TSval=2916039596 TSecr=3045559369 [TCP segment of a reassembled PDU]"
"49703","35.516076651","192.168.1.55","192.168.1.2","TCP","1514","8004  >  36504 [ACK] Seq=275310 Ack=144 Win=65024 Len=1448 TSval=2916039596 TSecr=3045559369 [TCP segment of a reassembled PDU]"
"49704","35.516078633","192.168.1.55","192.168.1.2","TCP","1514","8004  >  36504 [ACK] Seq=276758 Ack=144 Win=65024 Len=1448 TSval=2916039596 TSecr=3045559369 [TCP segment of a reassembled PDU]"
"49705","35.516079929","192.168.1.55","192.168.1.2","TCP","1514","8004  >  36504 [ACK] Seq=278206 Ack=144 Win=65024 Len=1448 TSval=2916039596 TSecr=3045559369 [TCP segment of a reassembled PDU]"
"49706","35.516080929","192.168.1.55","192.168.1.2","TCP","1514","8004  >  36504 [ACK] Seq=279654 Ack=144 Win=65024 Len=1448 TSval=2916039596 TSecr=3045559369 [TCP segment of a reassembled PDU]"
"49707","35.516082170","192.168.1.55","192.168.1.2","TCP","1514","8004  >  36504 [ACK] Seq=281102 Ack=144 Win=65024 Len=1448 TSval=2916039596 TSecr=3045559369 [TCP segment of a reassembled PDU]"
"49708","35.516083392","192.168.1.55","192.168.1.2","TCP","1514","8004  >  36504 [ACK] Seq=282550 Ack=144 Win=65024 Len=1448 TSval=2916039596 TSecr=3045559369 [TCP segment of a reassembled PDU]"
"49709","35.516085392","192.168.1.55","192.168.1.2","TCP","1514","8004  >  36504 [ACK] Seq=283998 Ack=144 Win=65024 Len=1448 TSval=2916039596 TSecr=3045559369 [TCP segment of a reassembled PDU]"
"49710","35.516086929","192.168.1.55","192.168.1.2","TCP","1514","8004  >  36504 [ACK] Seq=285446 Ack=144 Win=65024 Len=1448 TSval=2916039596 TSecr=3045559369 [TCP segment of a reassembled PDU]"
"49711","35.516088003","192.168.1.55","192.168.1.2","TCP","1514","8004  >  36504 [PSH, ACK] Seq=286894 Ack=144 Win=65024 Len=1448 TSval=2916039596 TSecr=3045559369 [TCP segment of a reassembled PDU]"
"49712","35.516118614","192.168.1.2","192.168.1.55","TCP","66","36504  >  8004 [ACK] Seq=144 Ack=208582 Win=91136 Len=0 TSval=3045559369 TSecr=2916039591"
"49713","35.519376379","192.168.1.2","192.168.1.55","TCP","66","36504  >  8004 [ACK] Seq=144 Ack=210030 Win=100352 Len=0 TSval=3045559370 TSecr=2916039591"
"49714","35.519399305","192.168.1.55","192.168.1.2","TCP","1514","8004  >  36504 [ACK] Seq=288342 Ack=144 Win=65024 Len=1448 TSval=2916039600 TSecr=3045559370 [TCP segment of a reassembled PDU]"
"49715","35.519402175","192.168.1.55","192.168.1.2","TCP","1514","8004  >  36504 [ACK] Seq=289790 Ack=144 Win=65024 Len=1448 TSval=2916039600 TSecr=3045559370 [TCP segment of a reassembled PDU]"
"49716","35.519403083","192.168.1.55","192.168.1.2","TCP","1514","8004  >  36504 [ACK] Seq=291238 Ack=144 Win=65024 Len=1448 TSval=2916039600 TSecr=3045559370 [TCP segment of a reassembled PDU]"
"49717","35.519404083","192.168.1.55","192.168.1.2","TCP","1514","8004  >  36504 [ACK] Seq=292686 Ack=144 Win=65024 Len=1448 TSval=2916039600 TSecr=3045559370 [TCP segment of a reassembled PDU]"
"49718","35.519405064","192.168.1.55","192.168.1.2","TCP","1514","8004  >  36504 [ACK] Seq=294134 Ack=144 Win=65024 Len=1448 TSval=2916039600 TSecr=3045559370 [TCP segment of a reassembled PDU]"
"49719","35.519406138","192.168.1.55","192.168.1.2","TCP","1514","8004  >  36504 [ACK] Seq=295582 Ack=144 Win=65024 Len=1448 TSval=2916039600 TSecr=3045559370 [TCP segment of a reassembled PDU]"
"49720","35.519407120","192.168.1.55","192.168.1.2","TCP","1514","8004  >  36504 [ACK] Seq=297030 Ack=144 Win=65024 Len=1448 TSval=2916039600 TSecr=3045559370 [TCP segment of a reassembled PDU]"
"49721","35.519408194","192.168.1.55","192.168.1.2","TCP","1514","8004  >  36504 [ACK] Seq=298478 Ack=144 Win=65024 Len=1448 TSval=2916039600 TSecr=3045559370 [TCP segment of a reassembled PDU]"
"49722","35.519409231","192.168.1.55","192.168.1.2","TCP","1514","8004  >  36504 [ACK] Seq=299926 Ack=144 Win=65024 Len=1448 TSval=2916039600 TSecr=3045559370 [TCP segment of a reassembled PDU]"
"49723","35.519410120","192.168.1.55","192.168.1.2","TCP","1514","8004  >  36504 [PSH, ACK] Seq=301374 Ack=144 Win=65024 Len=1448 TSval=2916039600 TSecr=3045559370 [TCP segment of a reassembled PDU]"
"49724","35.519435546","192.168.1.2","192.168.1.55","TCP","66","36504  >  8004 [ACK] Seq=144 Ack=210150 Win=100352 Len=0 TSval=3045559370 TSecr=2916039591"
"49725","35.521877068","192.168.1.2","192.168.1.55","TCP","66","36504  >  8004 [ACK] Seq=144 Ack=256486 Win=79872 Len=0 TSval=3045559375 TSecr=2916039593"
"49726","35.521905846","192.168.1.55","192.168.1.2","TCP","1514","8004  >  36504 [ACK] Seq=302822 Ack=144 Win=65024 Len=1448 TSval=2916039602 TSecr=3045559375 [TCP segment of a reassembled PDU]"
"49727","35.521907957","192.168.1.55","192.168.1.2","TCP","1514","8004  >  36504 [ACK] Seq=304270 Ack=144 Win=65024 Len=1448 TSval=2916039602 TSecr=3045559375 [TCP segment of a reassembled PDU]"
"49728","35.521908809","192.168.1.55","192.168.1.2","TCP","1514","8004  >  36504 [ACK] Seq=305718 Ack=144 Win=65024 Len=1448 TSval=2916039602 TSecr=3045559375 [TCP segment of a reassembled PDU]"
"49729","35.521909809","192.168.1.55","192.168.1.2","TCP","1514","8004  >  36504 [ACK] Seq=307166 Ack=144 Win=65024 Len=1448 TSval=2916039602 TSecr=3045559375 [TCP segment of a reassembled PDU]"
"49730","35.521910827","192.168.1.55","192.168.1.2","TCP","1514","8004  >  36504 [ACK] Seq=308614 Ack=144 Win=65024 Len=1448 TSval=2916039602 TSecr=3045559375 [TCP segment of a reassembled PDU]"
"49731","35.521916179","192.168.1.55","192.168.1.2","TCP","1514","8004  >  36504 [ACK] Seq=310062 Ack=144 Win=65024 Len=1448 TSval=2916039602 TSecr=3045559375 [TCP segment of a reassembled PDU]"
"49732","35.521917550","192.168.1.55","192.168.1.2","TCP","1514","8004  >  36504 [ACK] Seq=311510 Ack=144 Win=65024 Len=1448 TSval=2916039602 TSecr=3045559375 [TCP segment of a reassembled PDU]"
"49733","35.521918605","192.168.1.55","192.168.1.2","TCP","1514","8004  >  36504 [ACK] Seq=312958 Ack=144 Win=65024 Len=1448 TSval=2916039602 TSecr=3045559375 [TCP segment of a reassembled PDU]"
"49734","35.521920142","192.168.1.55","192.168.1.2","TCP","1514","8004  >  36504 [ACK] Seq=314406 Ack=144 Win=65024 Len=1448 TSval=2916039602 TSecr=3045559375 [TCP segment of a reassembled PDU]"
"49735","35.521921012","192.168.1.55","192.168.1.2","TCP","1514","8004  >  36504 [ACK] Seq=315854 Ack=144 Win=65024 Len=1448 TSval=2916039602 TSecr=3045559375 [TCP segment of a reassembled PDU]"
"49736","35.521922012","192.168.1.55","192.168.1.2","TCP","1514","8004  >  36504 [ACK] Seq=317302 Ack=144 Win=65024 Len=1448 TSval=2916039602 TSecr=3045559375 [TCP segment of a reassembled PDU]"
"49737","35.521922901","192.168.1.55","192.168.1.2","TCP","1514","8004  >  36504 [ACK] Seq=318750 Ack=144 Win=65024 Len=1448 TSval=2916039602 TSecr=3045559375 [TCP segment of a reassembled PDU]"
"49738","35.521923864","192.168.1.55","192.168.1.2","TCP","1514","8004  >  36504 [ACK] Seq=320198 Ack=144 Win=65024 Len=1448 TSval=2916039602 TSecr=3045559375 [TCP segment of a reassembled PDU]"
"49739","35.521924846","192.168.1.55","192.168.1.2","TCP","1514","8004  >  36504 [ACK] Seq=321646 Ack=144 Win=65024 Len=1448 TSval=2916039602 TSecr=3045559375 [TCP segment of a reassembled PDU]"
"49740","35.521925790","192.168.1.55","192.168.1.2","TCP","1514","8004  >  36504 [ACK] Seq=323094 Ack=144 Win=65024 Len=1448 TSval=2916039602 TSecr=3045559375 [TCP segment of a reassembled PDU]"
"49741","35.521926716","192.168.1.55","192.168.1.2","TCP","1514","8004  >  36504 [ACK] Seq=324542 Ack=144 Win=65024 Len=1448 TSval=2916039602 TSecr=3045559375 [TCP segment of a reassembled PDU]"
"49742","35.521927642","192.168.1.55","192.168.1.2","TCP","1514","8004  >  36504 [ACK] Seq=325990 Ack=144 Win=65024 Len=1448 TSval=2916039602 TSecr=3045559375 [TCP segment of a reassembled PDU]"
"49743","35.521928938","192.168.1.55","192.168.1.2","TCP","1514","8004  >  36504 [ACK] Seq=327438 Ack=144 Win=65024 Len=1448 TSval=2916039602 TSecr=3045559375 [TCP segment of a reassembled PDU]"
"49744","35.521929901","192.168.1.55","192.168.1.2","TCP","1514","8004  >  36504 [ACK] Seq=328886 Ack=144 Win=65024 Len=1448 TSval=2916039602 TSecr=3045559375 [TCP segment of a reassembled PDU]"
"49745","35.521930790","192.168.1.55","192.168.1.2","TCP","1514","8004  >  36504 [ACK] Seq=330334 Ack=144 Win=65024 Len=1448 TSval=2916039602 TSecr=3045559375 [TCP segment of a reassembled PDU]"
"49746","35.521931846","192.168.1.55","192.168.1.2","TCP","1514","8004  >  36504 [ACK] Seq=331782 Ack=144 Win=65024 Len=1448 TSval=2916039602 TSecr=3045559375 [TCP segment of a reassembled PDU]"
"49747","35.521932735","192.168.1.55","192.168.1.2","TCP","1514","8004  >  36504 [ACK] Seq=333230 Ack=144 Win=65024 Len=1448 TSval=2916039602 TSecr=3045559375 [TCP segment of a reassembled PDU]"
"49748","35.521933864","192.168.1.55","192.168.1.2","TCP","1514","8004  >  36504 [ACK] Seq=334678 Ack=144 Win=65024 Len=1448 TSval=2916039602 TSecr=3045559375 [TCP segment of a reassembled PDU]"
"49749","35.521935142","192.168.1.55","192.168.1.2","TCP","298","[TCP Window Full] 8004  >  36504 [PSH, ACK] Seq=336126 Ack=144 Win=65024 Len=232 TSval=2916039602 TSecr=3045559375 [TCP segment of a reassembled PDU]"
"49750","35.521986698","192.168.1.2","192.168.1.55","TCP","66","36504  >  8004 [ACK] Seq=144 Ack=282550 Win=54272 Len=0 TSval=3045559376 TSecr=2916039596"
"49751","35.525146907","192.168.1.2","192.168.1.55","TCP","66","36504  >  8004 [ACK] Seq=144 Ack=288342 Win=111616 Len=0 TSval=3045559376 TSecr=2916039596"
"49752","35.525171944","192.168.1.55","192.168.1.2","TCP","1514","8004  >  36504 [ACK] Seq=336358 Ack=144 Win=65024 Len=1448 TSval=2916039605 TSecr=3045559376 [TCP segment of a reassembled PDU]"
"49753","35.525175351","192.168.1.55","192.168.1.2","TCP","1514","8004  >  36504 [ACK] Seq=337806 Ack=144 Win=65024 Len=1448 TSval=2916039605 TSecr=3045559376 [TCP segment of a reassembled PDU]"
"49754","35.525176240","192.168.1.55","192.168.1.2","TCP","1514","8004  >  36504 [ACK] Seq=339254 Ack=144 Win=65024 Len=1448 TSval=2916039605 TSecr=3045559376 [TCP segment of a reassembled PDU]"
"49755","35.525177129","192.168.1.55","192.168.1.2","TCP","1514","8004  >  36504 [ACK] Seq=340702 Ack=144 Win=65024 Len=1448 TSval=2916039605 TSecr=3045559376 [TCP segment of a reassembled PDU]"
"49756","35.525178092","192.168.1.55","192.168.1.2","TCP","1514","8004  >  36504 [ACK] Seq=342150 Ack=144 Win=65024 Len=1448 TSval=2916039605 TSecr=3045559376 [TCP segment of a reassembled PDU]"
"49757","35.525179388","192.168.1.55","192.168.1.2","TCP","1514","8004  >  36504 [ACK] Seq=343598 Ack=144 Win=65024 Len=1448 TSval=2916039605 TSecr=3045559376 [TCP segment of a reassembled PDU]"
"49758","35.525180314","192.168.1.55","192.168.1.2","TCP","1514","8004  >  36504 [ACK] Seq=345046 Ack=144 Win=65024 Len=1448 TSval=2916039605 TSecr=3045559376 [TCP segment of a reassembled PDU]"
"49759","35.525181425","192.168.1.55","192.168.1.2","TCP","1514","8004  >  36504 [PSH, ACK] Seq=346494 Ack=144 Win=65024 Len=1448 TSval=2916039605 TSecr=3045559376 [TCP segment of a reassembled PDU]"
"49760","35.525187129","192.168.1.55","192.168.1.2","TCP","1282","8004  >  36504 [PSH, ACK] Seq=347942 Ack=144 Win=65024 Len=1216 TSval=2916039605 TSecr=3045559376 [TCP segment of a reassembled PDU]"
"49761","35.525219944","192.168.1.55","192.168.1.2","TCP","1514","8004  >  36504 [ACK] Seq=349158 Ack=144 Win=65024 Len=1448 TSval=2916039605 TSecr=3045559376 [TCP segment of a reassembled PDU]"
"49762","35.525222221","192.168.1.55","192.168.1.2","TCP","1514","8004  >  36504 [ACK] Seq=350606 Ack=144 Win=65024 Len=1448 TSval=2916039605 TSecr=3045559376 [TCP segment of a reassembled PDU]"
"49763","35.525223110","192.168.1.55","192.168.1.2","TCP","1514","8004  >  36504 [ACK] Seq=352054 Ack=144 Win=65024 Len=1448 TSval=2916039605 TSecr=3045559376 [TCP segment of a reassembled PDU]"
"49764","35.525224481","192.168.1.55","192.168.1.2","TCP","1514","8004  >  36504 [ACK] Seq=353502 Ack=144 Win=65024 Len=1448 TSval=2916039605 TSecr=3045559376 [TCP segment of a reassembled PDU]"
"49765","35.525225499","192.168.1.55","192.168.1.2","TCP","1514","8004  >  36504 [ACK] Seq=354950 Ack=144 Win=65024 Len=1448 TSval=2916039605 TSecr=3045559376 [TCP segment of a reassembled PDU]"
"49766","35.525226610","192.168.1.55","192.168.1.2","TCP","1514","8004  >  36504 [ACK] Seq=356398 Ack=144 Win=65024 Len=1448 TSval=2916039605 TSecr=3045559376 [TCP segment of a reassembled PDU]"
"49767","35.525227610","192.168.1.55","192.168.1.2","TCP","1514","8004  >  36504 [ACK] Seq=357846 Ack=144 Win=65024 Len=1448 TSval=2916039605 TSecr=3045559376 [TCP segment of a reassembled PDU]"
"49768","35.525228629","192.168.1.55","192.168.1.2","TCP","1514","8004  >  36504 [ACK] Seq=359294 Ack=144 Win=65024 Len=1448 TSval=2916039605 TSecr=3045559376 [TCP segment of a reassembled PDU]"
"49769","35.525229629","192.168.1.55","192.168.1.2","TCP","1514","8004  >  36504 [ACK] Seq=360742 Ack=144 Win=65024 Len=1448 TSval=2916039605 TSecr=3045559376 [TCP segment of a reassembled PDU]"
"49770","35.525230610","192.168.1.55","192.168.1.2","TCP","1514","8004  >  36504 [ACK] Seq=362190 Ack=144 Win=65024 Len=1448 TSval=2916039605 TSecr=3045559376 [TCP segment of a reassembled PDU]"
"49771","35.525231536","192.168.1.55","192.168.1.2","TCP","1514","8004  >  36504 [ACK] Seq=363638 Ack=144 Win=65024 Len=1448 TSval=2916039605 TSecr=3045559376 [TCP segment of a reassembled PDU]"
"49772","35.525232481","192.168.1.55","192.168.1.2","TCP","1514","8004  >  36504 [ACK] Seq=365086 Ack=144 Win=65024 Len=1448 TSval=2916039605 TSecr=3045559376 [TCP segment of a reassembled PDU]"
"49773","35.525233703","192.168.1.55","192.168.1.2","TCP","1514","8004  >  36504 [ACK] Seq=366534 Ack=144 Win=65024 Len=1448 TSval=2916039605 TSecr=3045559376 [TCP segment of a reassembled PDU]"
"49774","35.525234796","192.168.1.55","192.168.1.2","TCP","1514","8004  >  36504 [ACK] Seq=367982 Ack=144 Win=65024 Len=1448 TSval=2916039605 TSecr=3045559376 [TCP segment of a reassembled PDU]"
"49775","35.525235851","192.168.1.55","192.168.1.2","TCP","1514","8004  >  36504 [ACK] Seq=369430 Ack=144 Win=65024 Len=1448 TSval=2916039605 TSecr=3045559376 [TCP segment of a reassembled PDU]"
"49776","35.525236777","192.168.1.55","192.168.1.2","TCP","1514","8004  >  36504 [ACK] Seq=370878 Ack=144 Win=65024 Len=1448 TSval=2916039605 TSecr=3045559376 [TCP segment of a reassembled PDU]"
"49777","35.525237759","192.168.1.55","192.168.1.2","TCP","1514","8004  >  36504 [ACK] Seq=372326 Ack=144 Win=65024 Len=1448 TSval=2916039605 TSecr=3045559376 [TCP segment of a reassembled PDU]"
"49778","35.525238629","192.168.1.55","192.168.1.2","TCP","1514","8004  >  36504 [ACK] Seq=373774 Ack=144 Win=65024 Len=1448 TSval=2916039605 TSecr=3045559376 [TCP segment of a reassembled PDU]"
"49779","35.525239962","192.168.1.55","192.168.1.2","TCP","1514","8004  >  36504 [ACK] Seq=375222 Ack=144 Win=65024 Len=1448 TSval=2916039605 TSecr=3045559376 [TCP segment of a reassembled PDU]"
"49780","35.525241110","192.168.1.55","192.168.1.2","TCP","1514","8004  >  36504 [ACK] Seq=376670 Ack=144 Win=65024 Len=1448 TSval=2916039605 TSecr=3045559376 [TCP segment of a reassembled PDU]"
"49781","35.525242147","192.168.1.55","192.168.1.2","TCP","1514","8004  >  36504 [ACK] Seq=378118 Ack=144 Win=65024 Len=1448 TSval=2916039605 TSecr=3045559376 [TCP segment of a reassembled PDU]"
"49782","35.525243166","192.168.1.55","192.168.1.2","TCP","1514","8004  >  36504 [ACK] Seq=379566 Ack=144 Win=65024 Len=1448 TSval=2916039605 TSecr=3045559376 [TCP segment of a reassembled PDU]"
"49783","35.525244147","192.168.1.55","192.168.1.2","TCP","1514","8004  >  36504 [ACK] Seq=381014 Ack=144 Win=65024 Len=1448 TSval=2916039605 TSecr=3045559376 [TCP segment of a reassembled PDU]"
"49784","35.525245333","192.168.1.55","192.168.1.2","TCP","1514","8004  >  36504 [ACK] Seq=382462 Ack=144 Win=65024 Len=1448 TSval=2916039605 TSecr=3045559376 [TCP segment of a reassembled PDU]"
"49785","35.525246259","192.168.1.55","192.168.1.2","TCP","1514","8004  >  36504 [ACK] Seq=383910 Ack=144 Win=65024 Len=1448 TSval=2916039605 TSecr=3045559376 [TCP segment of a reassembled PDU]"
"49786","35.525247444","192.168.1.55","192.168.1.2","TCP","1514","8004  >  36504 [ACK] Seq=385358 Ack=144 Win=65024 Len=1448 TSval=2916039605 TSecr=3045559376 [TCP segment of a reassembled PDU]"
"49787","35.525248629","192.168.1.55","192.168.1.2","TCP","1514","8004  >  36504 [ACK] Seq=386806 Ack=144 Win=65024 Len=1448 TSval=2916039605 TSecr=3045559376 [TCP segment of a reassembled PDU]"
"49788","35.525249610","192.168.1.55","192.168.1.2","TCP","1514","8004  >  36504 [ACK] Seq=388254 Ack=144 Win=65024 Len=1448 TSval=2916039605 TSecr=3045559376 [TCP segment of a reassembled PDU]"
"49789","35.525250592","192.168.1.55","192.168.1.2","TCP","1514","8004  >  36504 [ACK] Seq=389702 Ack=144 Win=65024 Len=1448 TSval=2916039605 TSecr=3045559376 [TCP segment of a reassembled PDU]"
"49790","35.525251666","192.168.1.55","192.168.1.2","TCP","1514","8004  >  36504 [ACK] Seq=391150 Ack=144 Win=65024 Len=1448 TSval=2916039605 TSecr=3045559376 [TCP segment of a reassembled PDU]"
"49791","35.525252610","192.168.1.55","192.168.1.2","TCP","1514","8004  >  36504 [ACK] Seq=392598 Ack=144 Win=65024 Len=1448 TSval=2916039605 TSecr=3045559376 [TCP segment of a reassembled PDU]"
"49792","35.525253666","192.168.1.55","192.168.1.2","TCP","1514","8004  >  36504 [PSH, ACK] Seq=394046 Ack=144 Win=65024 Len=1448 TSval=2916039605 TSecr=3045559376 [TCP segment of a reassembled PDU]"
"49793","35.525311888","192.168.1.2","192.168.1.55","TCP","66","36504  >  8004 [ACK] Seq=144 Ack=299926 Win=113664 Len=0 TSval=3045559377 TSecr=2916039600"
"49794","35.525323722","192.168.1.2","192.168.1.55","TCP","66","36504  >  8004 [ACK] Seq=144 Ack=302822 Win=118784 Len=0 TSval=3045559379 TSecr=2916039600"
"49795","35.525355296","192.168.1.55","192.168.1.2","TCP","1514","8004  >  36504 [ACK] Seq=395494 Ack=144 Win=65024 Len=1448 TSval=2916039606 TSecr=3045559379 [TCP segment of a reassembled PDU]"
"49796","35.525358907","192.168.1.55","192.168.1.2","TCP","1514","8004  >  36504 [ACK] Seq=396942 Ack=144 Win=65024 Len=1448 TSval=2916039606 TSecr=3045559379 [TCP segment of a reassembled PDU]"
"49797","35.525360074","192.168.1.55","192.168.1.2","TCP","1514","8004  >  36504 [ACK] Seq=398390 Ack=144 Win=65024 Len=1448 TSval=2916039606 TSecr=3045559379 [TCP segment of a reassembled PDU]"
"49798","35.525361111","192.168.1.55","192.168.1.2","TCP","1514","8004  >  36504 [ACK] Seq=399838 Ack=144 Win=65024 Len=1448 TSval=2916039606 TSecr=3045559379 [TCP segment of a reassembled PDU]"
"49799","35.525362296","192.168.1.55","192.168.1.2","TCP","1514","8004  >  36504 [ACK] Seq=401286 Ack=144 Win=65024 Len=1448 TSval=2916039606 TSecr=3045559379 [TCP segment of a reassembled PDU]"
"49800","35.525363388","192.168.1.55","192.168.1.2","TCP","1514","8004  >  36504 [ACK] Seq=402734 Ack=144 Win=65024 Len=1448 TSval=2916039606 TSecr=3045559379 [TCP segment of a reassembled PDU]"
"49801","35.525364611","192.168.1.55","192.168.1.2","TCP","1514","8004  >  36504 [ACK] Seq=404182 Ack=144 Win=65024 Len=1448 TSval=2916039606 TSecr=3045559379 [TCP segment of a reassembled PDU]"
"49802","35.525366037","192.168.1.55","192.168.1.2","TCP","1514","8004  >  36504 [ACK] Seq=405630 Ack=144 Win=65024 Len=1448 TSval=2916039606 TSecr=3045559379 [TCP segment of a reassembled PDU]"
"49803","35.525367277","192.168.1.55","192.168.1.2","TCP","1514","8004  >  36504 [ACK] Seq=407078 Ack=144 Win=65024 Len=1448 TSval=2916039606 TSecr=3045559379 [TCP segment of a reassembled PDU]"
"49804","35.525368537","192.168.1.55","192.168.1.2","TCP","1514","8004  >  36504 [ACK] Seq=408526 Ack=144 Win=65024 Len=1448 TSval=2916039606 TSecr=3045559379 [TCP segment of a reassembled PDU]"
"49805","35.525369703","192.168.1.55","192.168.1.2","TCP","1514","8004  >  36504 [ACK] Seq=409974 Ack=144 Win=65024 Len=1448 TSval=2916039606 TSecr=3045559379 [TCP segment of a reassembled PDU]"
"49806","35.525370703","192.168.1.55","192.168.1.2","TCP","1514","8004  >  36504 [ACK] Seq=411422 Ack=144 Win=65024 Len=1448 TSval=2916039606 TSecr=3045559379 [TCP segment of a reassembled PDU]"
"49807","35.525371925","192.168.1.55","192.168.1.2","TCP","1514","8004  >  36504 [ACK] Seq=412870 Ack=144 Win=65024 Len=1448 TSval=2916039606 TSecr=3045559379 [TCP segment of a reassembled PDU]"
"49808","35.525372833","192.168.1.55","192.168.1.2","TCP","1514","8004  >  36504 [ACK] Seq=414318 Ack=144 Win=65024 Len=1448 TSval=2916039606 TSecr=3045559379 [TCP segment of a reassembled PDU]"
"49809","35.525373833","192.168.1.55","192.168.1.2","TCP","1514","8004  >  36504 [ACK] Seq=415766 Ack=144 Win=65024 Len=1448 TSval=2916039606 TSecr=3045559379 [TCP segment of a reassembled PDU]"
"49810","35.525374925","192.168.1.55","192.168.1.2","TCP","1514","8004  >  36504 [ACK] Seq=417214 Ack=144 Win=65024 Len=1448 TSval=2916039606 TSecr=3045559379 [TCP segment of a reassembled PDU]"
"49811","35.525375962","192.168.1.55","192.168.1.2","TCP","1514","8004  >  36504 [ACK] Seq=418662 Ack=144 Win=65024 Len=1448 TSval=2916039606 TSecr=3045559379 [TCP segment of a reassembled PDU]"
"49812","35.525377055","192.168.1.55","192.168.1.2","TCP","1514","8004  >  36504 [PSH, ACK] Seq=420110 Ack=144 Win=65024 Len=1448 TSval=2916039606 TSecr=3045559379 [TCP segment of a reassembled PDU]"
"49813","35.528826653","192.168.1.2","192.168.1.55","TCP","66","36504  >  8004 [ACK] Seq=144 Ack=328886 Win=102400 Len=0 TSval=3045559380 TSecr=2916039602"
"49814","35.528916190","192.168.1.55","192.168.1.2","TCP","1514","8004  >  36504 [ACK] Seq=421558 Ack=144 Win=65024 Len=1448 TSval=2916039609 TSecr=3045559380 [TCP segment of a reassembled PDU]"
"49815","35.528923357","192.168.1.55","192.168.1.2","TCP","1514","8004  >  36504 [ACK] Seq=423006 Ack=144 Win=65024 Len=1448 TSval=2916039609 TSecr=3045559380 [TCP segment of a reassembled PDU]"
"49816","35.528925098","192.168.1.55","192.168.1.2","TCP","1514","8004  >  36504 [ACK] Seq=424454 Ack=144 Win=65024 Len=1448 TSval=2916039609 TSecr=3045559380 [TCP segment of a reassembled PDU]"
"49817","35.528926116","192.168.1.55","192.168.1.2","TCP","1514","8004  >  36504 [ACK] Seq=425902 Ack=144 Win=65024 Len=1448 TSval=2916039609 TSecr=3045559380 [TCP segment of a reassembled PDU]"
"49818","35.528927653","192.168.1.55","192.168.1.2","TCP","1514","8004  >  36504 [ACK] Seq=427350 Ack=144 Win=65024 Len=1448 TSval=2916039609 TSecr=3045559380 [TCP segment of a reassembled PDU]"
"49819","35.528928653","192.168.1.55","192.168.1.2","TCP","1514","8004  >  36504 [PSH, ACK] Seq=428798 Ack=144 Win=65024 Len=1448 TSval=2916039609 TSecr=3045559380 [TCP segment of a reassembled PDU]"
"49820","35.531225194","192.168.1.2","192.168.1.55","TCP","66","36504  >  8004 [ACK] Seq=144 Ack=336358 Win=121856 Len=0 TSval=3045559382 TSecr=2916039602"
"49821","35.531254453","192.168.1.55","192.168.1.2","TCP","1514","8004  >  36504 [ACK] Seq=430246 Ack=144 Win=65024 Len=1448 TSval=2916039611 TSecr=3045559382 [TCP segment of a reassembled PDU]"
"49822","35.531257657","192.168.1.55","192.168.1.2","TCP","1514","8004  >  36504 [ACK] Seq=431694 Ack=144 Win=65024 Len=1448 TSval=2916039611 TSecr=3045559382 [TCP segment of a reassembled PDU]"
"49823","35.531258546","192.168.1.55","192.168.1.2","TCP","1514","8004  >  36504 [ACK] Seq=433142 Ack=144 Win=65024 Len=1448 TSval=2916039611 TSecr=3045559382 [TCP segment of a reassembled PDU]"
"49824","35.531259435","192.168.1.55","192.168.1.2","TCP","1514","8004  >  36504 [ACK] Seq=434590 Ack=144 Win=65024 Len=1448 TSval=2916039611 TSecr=3045559382 [TCP segment of a reassembled PDU]"
"49825","35.531260342","192.168.1.55","192.168.1.2","TCP","1514","8004  >  36504 [ACK] Seq=436038 Ack=144 Win=65024 Len=1448 TSval=2916039611 TSecr=3045559382 [TCP segment of a reassembled PDU]"
"49826","35.531261305","192.168.1.55","192.168.1.2","TCP","1514","8004  >  36504 [ACK] Seq=437486 Ack=144 Win=65024 Len=1448 TSval=2916039611 TSecr=3045559382 [TCP segment of a reassembled PDU]"
"49827","35.531262213","192.168.1.55","192.168.1.2","TCP","1514","8004  >  36504 [ACK] Seq=438934 Ack=144 Win=65024 Len=1448 TSval=2916039611 TSecr=3045559382 [TCP segment of a reassembled PDU]"
"49828","35.531263120","192.168.1.55","192.168.1.2","TCP","1514","8004  >  36504 [PSH, ACK] Seq=440382 Ack=144 Win=65024 Len=1448 TSval=2916039611 TSecr=3045559382 [TCP segment of a reassembled PDU]"
"49829","35.531647584","192.168.1.2","192.168.1.55","TCP","66","36504  >  8004 [ACK] Seq=144 Ack=347942 Win=117760 Len=0 TSval=3045559385 TSecr=2916039605"
"49830","35.531654713","192.168.1.2","192.168.1.55","TCP","66","36504  >  8004 [ACK] Seq=144 Ack=385358 Win=95232 Len=0 TSval=3045559385 TSecr=2916039605"
"49831","35.531684602","192.168.1.55","192.168.1.2","TCP","1514","8004  >  36504 [ACK] Seq=441830 Ack=144 Win=65024 Len=1448 TSval=2916039612 TSecr=3045559385 [TCP segment of a reassembled PDU]"
"49832","35.531687121","192.168.1.55","192.168.1.2","TCP","1514","8004  >  36504 [ACK] Seq=443278 Ack=144 Win=65024 Len=1448 TSval=2916039612 TSecr=3045559385 [TCP segment of a reassembled PDU]"
"49833","35.531688195","192.168.1.55","192.168.1.2","TCP","1514","8004  >  36504 [ACK] Seq=444726 Ack=144 Win=65024 Len=1448 TSval=2916039612 TSecr=3045559385 [TCP segment of a reassembled PDU]"
"49834","35.531689158","192.168.1.55","192.168.1.2","TCP","1514","8004  >  36504 [ACK] Seq=446174 Ack=144 Win=65024 Len=1448 TSval=2916039612 TSecr=3045559385 [TCP segment of a reassembled PDU]"
"49835","35.531690195","192.168.1.55","192.168.1.2","TCP","1514","8004  >  36504 [ACK] Seq=447622 Ack=144 Win=65024 Len=1448 TSval=2916039612 TSecr=3045559385 [TCP segment of a reassembled PDU]"
"49836","35.531691324","192.168.1.55","192.168.1.2","TCP","1514","8004  >  36504 [ACK] Seq=449070 Ack=144 Win=65024 Len=1448 TSval=2916039612 TSecr=3045559385 [TCP segment of a reassembled PDU]"
"49837","35.531692361","192.168.1.55","192.168.1.2","TCP","1514","8004  >  36504 [ACK] Seq=450518 Ack=144 Win=65024 Len=1448 TSval=2916039612 TSecr=3045559385 [TCP segment of a reassembled PDU]"
"49838","35.531693547","192.168.1.55","192.168.1.2","TCP","1514","8004  >  36504 [ACK] Seq=451966 Ack=144 Win=65024 Len=1448 TSval=2916039612 TSecr=3045559385 [TCP segment of a reassembled PDU]"
"49839","35.531694676","192.168.1.55","192.168.1.2","TCP","1514","8004  >  36504 [ACK] Seq=453414 Ack=144 Win=65024 Len=1448 TSval=2916039612 TSecr=3045559385 [TCP segment of a reassembled PDU]"
"49840","35.531695621","192.168.1.55","192.168.1.2","TCP","1514","8004  >  36504 [ACK] Seq=454862 Ack=144 Win=65024 Len=1448 TSval=2916039612 TSecr=3045559385 [TCP segment of a reassembled PDU]"
"49841","35.531696676","192.168.1.55","192.168.1.2","TCP","1514","8004  >  36504 [ACK] Seq=456310 Ack=144 Win=65024 Len=1448 TSval=2916039612 TSecr=3045559385 [TCP segment of a reassembled PDU]"
"49842","35.531697824","192.168.1.55","192.168.1.2","TCP","1514","8004  >  36504 [ACK] Seq=457758 Ack=144 Win=65024 Len=1448 TSval=2916039612 TSecr=3045559385 [TCP segment of a reassembled PDU]"
"49843","35.531698843","192.168.1.55","192.168.1.2","TCP","1514","8004  >  36504 [ACK] Seq=459206 Ack=144 Win=65024 Len=1448 TSval=2916039612 TSecr=3045559385 [TCP segment of a reassembled PDU]"
"49844","35.531699787","192.168.1.55","192.168.1.2","TCP","1514","8004  >  36504 [ACK] Seq=460654 Ack=144 Win=65024 Len=1448 TSval=2916039612 TSecr=3045559385 [TCP segment of a reassembled PDU]"
"49845","35.531700695","192.168.1.55","192.168.1.2","TCP","1514","8004  >  36504 [ACK] Seq=462102 Ack=144 Win=65024 Len=1448 TSval=2916039612 TSecr=3045559385 [TCP segment of a reassembled PDU]"
"49846","35.531701695","192.168.1.55","192.168.1.2","TCP","1514","8004  >  36504 [ACK] Seq=463550 Ack=144 Win=65024 Len=1448 TSval=2916039612 TSecr=3045559385 [TCP segment of a reassembled PDU]"
"49847","35.531702676","192.168.1.55","192.168.1.2","TCP","1514","8004  >  36504 [ACK] Seq=464998 Ack=144 Win=65024 Len=1448 TSval=2916039612 TSecr=3045559385 [TCP segment of a reassembled PDU]"
"49848","35.531703713","192.168.1.55","192.168.1.2","TCP","1514","8004  >  36504 [ACK] Seq=466446 Ack=144 Win=65024 Len=1448 TSval=2916039612 TSecr=3045559385 [TCP segment of a reassembled PDU]"
"49849","35.531704621","192.168.1.55","192.168.1.2","TCP","1514","8004  >  36504 [ACK] Seq=467894 Ack=144 Win=65024 Len=1448 TSval=2916039612 TSecr=3045559385 [TCP segment of a reassembled PDU]"
"49850","35.531705547","192.168.1.55","192.168.1.2","TCP","1514","8004  >  36504 [ACK] Seq=469342 Ack=144 Win=65024 Len=1448 TSval=2916039612 TSecr=3045559385 [TCP segment of a reassembled PDU]"
"49851","35.531706528","192.168.1.55","192.168.1.2","TCP","1514","8004  >  36504 [ACK] Seq=470790 Ack=144 Win=65024 Len=1448 TSval=2916039612 TSecr=3045559385 [TCP segment of a reassembled PDU]"
"49852","35.531707565","192.168.1.55","192.168.1.2","TCP","1514","8004  >  36504 [ACK] Seq=472238 Ack=144 Win=65024 Len=1448 TSval=2916039612 TSecr=3045559385 [TCP segment of a reassembled PDU]"
"49853","35.531708491","192.168.1.55","192.168.1.2","TCP","1514","8004  >  36504 [ACK] Seq=473686 Ack=144 Win=65024 Len=1448 TSval=2916039612 TSecr=3045559385 [TCP segment of a reassembled PDU]"
"49854","35.531709806","192.168.1.55","192.168.1.2","TCP","1514","8004  >  36504 [ACK] Seq=475134 Ack=144 Win=65024 Len=1448 TSval=2916039612 TSecr=3045559385 [TCP segment of a reassembled PDU]"
"49855","35.531710787","192.168.1.55","192.168.1.2","TCP","1514","8004  >  36504 [ACK] Seq=476582 Ack=144 Win=65024 Len=1448 TSval=2916039612 TSecr=3045559385 [TCP segment of a reassembled PDU]"
"49856","35.531711787","192.168.1.55","192.168.1.2","TCP","1514","8004  >  36504 [ACK] Seq=478030 Ack=144 Win=65024 Len=1448 TSval=2916039612 TSecr=3045559385 [TCP segment of a reassembled PDU]"
"49857","35.531712732","192.168.1.55","192.168.1.2","TCP","1178","[TCP Window Full] 8004  >  36504 [PSH, ACK] Seq=479478 Ack=144 Win=65024 Len=1112 TSval=2916039612 TSecr=3045559385 [TCP segment of a reassembled PDU]"
"49858","35.533215086","192.168.1.2","192.168.1.55","TCP","66","36504  >  8004 [ACK] Seq=144 Ack=394046 Win=119808 Len=0 TSval=3045559387 TSecr=2916039605"
"49859","35.533288623","192.168.1.55","192.168.1.2","TCP","1514","8004  >  36504 [ACK] Seq=480590 Ack=144 Win=65024 Len=1448 TSval=2916039613 TSecr=3045559387 [TCP segment of a reassembled PDU]"
"49860","35.533300438","192.168.1.55","192.168.1.2","TCP","1514","8004  >  36504 [ACK] Seq=482038 Ack=144 Win=65024 Len=1448 TSval=2916039613 TSecr=3045559387 [TCP segment of a reassembled PDU]"
"49861","35.533301679","192.168.1.55","192.168.1.2","TCP","1514","8004  >  36504 [ACK] Seq=483486 Ack=144 Win=65024 Len=1448 TSval=2916039613 TSecr=3045559387 [TCP segment of a reassembled PDU]"
"49862","35.533303031","192.168.1.55","192.168.1.2","TCP","1514","8004  >  36504 [ACK] Seq=484934 Ack=144 Win=65024 Len=1448 TSval=2916039613 TSecr=3045559387 [TCP segment of a reassembled PDU]"
"49863","35.533305771","192.168.1.55","192.168.1.2","TCP","1514","8004  >  36504 [PSH, ACK] Seq=486382 Ack=144 Win=65024 Len=1448 TSval=2916039613 TSecr=3045559387 [TCP segment of a reassembled PDU]"
"49864","35.533315568","192.168.1.55","192.168.1.2","TCP","402","8004  >  36504 [ACK] Seq=487830 Ack=144 Win=65024 Len=336 TSval=2916039613 TSecr=3045559387 [TCP segment of a reassembled PDU]"
"49865","35.533338864","192.168.1.55","192.168.1.2","TCP","1514","8004  >  36504 [ACK] Seq=488166 Ack=144 Win=65024 Len=1448 TSval=2916039613 TSecr=3045559387 [TCP segment of a reassembled PDU]"
"49866","35.533340586","192.168.1.55","192.168.1.2","TCP","1514","8004  >  36504 [ACK] Seq=489614 Ack=144 Win=65024 Len=1448 TSval=2916039613 TSecr=3045559387 [TCP segment of a reassembled PDU]"
"49867","35.533341660","192.168.1.55","192.168.1.2","TCP","1514","8004  >  36504 [ACK] Seq=491062 Ack=144 Win=65024 Len=1448 TSval=2916039613 TSecr=3045559387 [TCP segment of a reassembled PDU]"
"49868","35.533343309","192.168.1.55","192.168.1.2","TCP","1514","8004  >  36504 [ACK] Seq=492510 Ack=144 Win=65024 Len=1448 TSval=2916039613 TSecr=3045559387 [TCP segment of a reassembled PDU]"
"49869","35.533345383","192.168.1.55","192.168.1.2","TCP","1514","8004  >  36504 [ACK] Seq=493958 Ack=144 Win=65024 Len=1448 TSval=2916039613 TSecr=3045559387 [TCP segment of a reassembled PDU]"
"49870","35.533346827","192.168.1.55","192.168.1.2","TCP","1514","8004  >  36504 [ACK] Seq=495406 Ack=144 Win=65024 Len=1448 TSval=2916039613 TSecr=3045559387 [TCP segment of a reassembled PDU]"
"49871","35.533347975","192.168.1.55","192.168.1.2","TCP","1514","8004  >  36504 [PSH, ACK] Seq=496854 Ack=144 Win=65024 Len=1448 TSval=2916039613 TSecr=3045559387 [TCP segment of a reassembled PDU]"
"49872","35.533352883","192.168.1.55","192.168.1.2","HTTP","222","HTTP/1.0 200 OK  (PNG)"
"49873","35.536899944","192.168.1.2","192.168.1.55","TCP","66","36504  >  8004 [ACK] Seq=144 Ack=395494 Win=124928 Len=0 TSval=3045559390 TSecr=2916039605"
"49874","35.537004463","192.168.1.2","192.168.1.55","TCP","66","36504  >  8004 [ACK] Seq=144 Ack=412870 Win=144384 Len=0 TSval=3045559390 TSecr=2916039606"
"49875","35.539791356","192.168.1.2","192.168.1.55","TCP","66","36504  >  8004 [ACK] Seq=144 Ack=421558 Win=161792 Len=0 TSval=3045559391 TSecr=2916039606"
"49876","35.539896726","192.168.1.2","192.168.1.55","TCP","66","36504  >  8004 [ACK] Seq=144 Ack=430246 Win=160768 Len=0 TSval=3045559391 TSecr=2916039609"
"49877","35.540652635","192.168.1.2","192.168.1.55","TCP","66","36504  >  8004 [ACK] Seq=144 Ack=441830 Win=164864 Len=0 TSval=3045559396 TSecr=2916039611"
"49878","35.540816358","192.168.1.2","192.168.1.55","TCP","66","36504  >  8004 [ACK] Seq=144 Ack=480590 Win=140288 Len=0 TSval=3045559396 TSecr=2916039612"
"49879","35.540822876","192.168.1.2","192.168.1.55","TCP","66","36504  >  8004 [ACK] Seq=144 Ack=488166 Win=133120 Len=0 TSval=3045559396 TSecr=2916039613"
"49880","35.540827672","192.168.1.2","192.168.1.55","TCP","66","36504  >  8004 [ACK] Seq=144 Ack=498302 Win=123904 Len=0 TSval=3045559396 TSecr=2916039613"
"49881","35.543011657","192.168.1.2","192.168.1.55","TCP","66","36504  >  8004 [FIN, ACK] Seq=144 Ack=498459 Win=167936 Len=0 TSval=3045559397 TSecr=2916039613"
"49882","35.543022268","192.168.1.55","192.168.1.2","TCP","66","8004  >  36504 [ACK] Seq=498459 Ack=145 Win=65024 Len=0 TSval=2916039623 TSecr=3045559397"
"49883","35.543122713","192.168.1.2","192.168.1.55","TCP","74","36510  >  8004 [SYN] Seq=0 Win=64240 Len=0 MSS=1460 SACK_PERM TSval=3045559398 TSecr=0 WS=1024"
"49884","35.543144621","192.168.1.55","192.168.1.2","TCP","74","8004  >  36510 [SYN, ACK] Seq=0 Ack=1 Win=65160 Len=0 MSS=1460 SACK_PERM TSval=2916039623 TSecr=3045559398 WS=128"
"49885","35.546223200","192.168.1.2","192.168.1.55","TCP","66","36510  >  8004 [ACK] Seq=1 Ack=1 Win=64512 Len=0 TSval=3045559401 TSecr=2916039623"
"49886","35.546342422","192.168.1.2","192.168.1.55","HTTP","206","GET /stego_benchmark.png HTTP/1.1 "
"49887","35.546350329","192.168.1.55","192.168.1.2","TCP","66","8004  >  36510 [ACK] Seq=1 Ack=141 Win=65024 Len=0 TSval=2916039627 TSecr=3045559401"
"49888","35.547143460","192.168.1.55","192.168.1.2","TCP","255","8004  >  36510 [PSH, ACK] Seq=1 Ack=141 Win=65024 Len=189 TSval=2916039627 TSecr=3045559401 [TCP segment of a reassembled PDU]"
"49889","35.547218849","192.168.1.55","192.168.1.2","TCP","1514","8004  >  36510 [ACK] Seq=190 Ack=141 Win=65024 Len=1448 TSval=2916039627 TSecr=3045559401 [TCP segment of a reassembled PDU]"
"49890","35.547222979","192.168.1.55","192.168.1.2","TCP","1514","8004  >  36510 [ACK] Seq=1638 Ack=141 Win=65024 Len=1448 TSval=2916039627 TSecr=3045559401 [TCP segment of a reassembled PDU]"
"49891","35.547224220","192.168.1.55","192.168.1.2","TCP","1514","8004  >  36510 [ACK] Seq=3086 Ack=141 Win=65024 Len=1448 TSval=2916039627 TSecr=3045559401 [TCP segment of a reassembled PDU]"
"49892","35.547225479","192.168.1.55","192.168.1.2","TCP","1514","8004  >  36510 [ACK] Seq=4534 Ack=141 Win=65024 Len=1448 TSval=2916039627 TSecr=3045559401 [TCP segment of a reassembled PDU]"
"49893","35.547227072","192.168.1.55","192.168.1.2","TCP","1514","8004  >  36510 [PSH, ACK] Seq=5982 Ack=141 Win=65024 Len=1448 TSval=2916039627 TSecr=3045559401 [TCP segment of a reassembled PDU]"
"49894","35.547242701","192.168.1.55","192.168.1.2","TCP","1514","8004  >  36510 [ACK] Seq=7430 Ack=141 Win=65024 Len=1448 TSval=2916039627 TSecr=3045559401 [TCP segment of a reassembled PDU]"
"49895","35.547244294","192.168.1.55","192.168.1.2","TCP","1514","8004  >  36510 [ACK] Seq=8878 Ack=141 Win=65024 Len=1448 TSval=2916039627 TSecr=3045559401 [TCP segment of a reassembled PDU]"
"49896","35.547245497","192.168.1.55","192.168.1.2","TCP","1514","8004  >  36510 [ACK] Seq=10326 Ack=141 Win=65024 Len=1448 TSval=2916039627 TSecr=3045559401 [TCP segment of a reassembled PDU]"
"49897","35.547246757","192.168.1.55","192.168.1.2","TCP","1514","8004  >  36510 [PSH, ACK] Seq=11774 Ack=141 Win=65024 Len=1448 TSval=2916039627 TSecr=3045559401 [TCP segment of a reassembled PDU]"
"49898","35.550402114","192.168.1.2","192.168.1.55","TCP","66","36510  >  8004 [ACK] Seq=141 Ack=190 Win=64512 Len=0 TSval=3045559405 TSecr=2916039627"
"49899","35.550435169","192.168.1.55","192.168.1.2","TCP","1514","8004  >  36510 [ACK] Seq=13222 Ack=141 Win=65024 Len=1448 TSval=2916039631 TSecr=3045559405 [TCP segment of a reassembled PDU]"
"49900","35.550440299","192.168.1.55","192.168.1.2","TCP","1514","8004  >  36510 [PSH, ACK] Seq=14670 Ack=141 Win=65024 Len=1448 TSval=2916039631 TSecr=3045559405 [TCP segment of a reassembled PDU]"
"49901","35.550535169","192.168.1.2","192.168.1.55","TCP","66","36510  >  8004 [ACK] Seq=141 Ack=1638 Win=67584 Len=0 TSval=3045559405 TSecr=2916039627"
"49902","35.550544040","192.168.1.2","192.168.1.55","TCP","66","36510  >  8004 [ACK] Seq=141 Ack=7430 Win=79872 Len=0 TSval=3045559406 TSecr=2916039627"
"49903","35.550571799","192.168.1.55","192.168.1.2","TCP","1514","8004  >  36510 [ACK] Seq=16118 Ack=141 Win=65024 Len=1448 TSval=2916039631 TSecr=3045559406 [TCP segment of a reassembled PDU]"
"49904","35.550576058","192.168.1.55","192.168.1.2","TCP","1514","8004  >  36510 [ACK] Seq=17566 Ack=141 Win=65024 Len=1448 TSval=2916039631 TSecr=3045559406 [TCP segment of a reassembled PDU]"
"49905","35.550577781","192.168.1.55","192.168.1.2","TCP","1514","8004  >  36510 [ACK] Seq=19014 Ack=141 Win=65024 Len=1448 TSval=2916039631 TSecr=3045559406 [TCP segment of a reassembled PDU]"
"49906","35.550580151","192.168.1.55","192.168.1.2","TCP","1514","8004  >  36510 [ACK] Seq=20462 Ack=141 Win=65024 Len=1448 TSval=2916039631 TSecr=3045559406 [TCP segment of a reassembled PDU]"
"49907","35.550582151","192.168.1.55","192.168.1.2","TCP","1514","8004  >  36510 [ACK] Seq=21910 Ack=141 Win=65024 Len=1448 TSval=2916039631 TSecr=3045559406 [TCP segment of a reassembled PDU]"
"49908","35.550584669","192.168.1.55","192.168.1.2","TCP","1514","8004  >  36510 [ACK] Seq=23358 Ack=141 Win=65024 Len=1448 TSval=2916039631 TSecr=3045559406 [TCP segment of a reassembled PDU]"
"49909","35.550587095","192.168.1.55","192.168.1.2","TCP","1514","8004  >  36510 [ACK] Seq=24806 Ack=141 Win=65024 Len=1448 TSval=2916039631 TSecr=3045559406 [TCP segment of a reassembled PDU]"
"49910","35.550590373","192.168.1.55","192.168.1.2","TCP","1514","8004  >  36510 [PSH, ACK] Seq=26254 Ack=141 Win=65024 Len=1448 TSval=2916039631 TSecr=3045559406 [TCP segment of a reassembled PDU]"
"49911","35.550599577","192.168.1.2","192.168.1.55","TCP","66","36510  >  8004 [ACK] Seq=141 Ack=13222 Win=79872 Len=0 TSval=3045559406 TSecr=2916039627"
"49912","35.550651355","192.168.1.55","192.168.1.2","TCP","1514","8004  >  36510 [ACK] Seq=27702 Ack=141 Win=65024 Len=1448 TSval=2916039631 TSecr=3045559406 [TCP segment of a reassembled PDU]"
"49913","35.550657077","192.168.1.55","192.168.1.2","TCP","1514","8004  >  36510 [ACK] Seq=29150 Ack=141 Win=65024 Len=1448 TSval=2916039631 TSecr=3045559406 [TCP segment of a reassembled PDU]"
"49914","35.550658762","192.168.1.55","192.168.1.2","TCP","1514","8004  >  36510 [ACK] Seq=30598 Ack=141 Win=65024 Len=1448 TSval=2916039631 TSecr=3045559406 [TCP segment of a reassembled PDU]"
"49915","35.550661521","192.168.1.55","192.168.1.2","TCP","1514","8004  >  36510 [ACK] Seq=32046 Ack=141 Win=65024 Len=1448 TSval=2916039631 TSecr=3045559406 [TCP segment of a reassembled PDU]"
"49916","35.550663614","192.168.1.55","192.168.1.2","TCP","1514","8004  >  36510 [ACK] Seq=33494 Ack=141 Win=65024 Len=1448 TSval=2916039631 TSecr=3045559406 [TCP segment of a reassembled PDU]"
"49917","35.550667040","192.168.1.55","192.168.1.2","TCP","1514","8004  >  36510 [ACK] Seq=34942 Ack=141 Win=65024 Len=1448 TSval=2916039631 TSecr=3045559406 [TCP segment of a reassembled PDU]"
"49918","35.550670096","192.168.1.55","192.168.1.2","TCP","1514","8004  >  36510 [ACK] Seq=36390 Ack=141 Win=65024 Len=1448 TSval=2916039631 TSecr=3045559406 [TCP segment of a reassembled PDU]"
"49919","35.550675059","192.168.1.55","192.168.1.2","TCP","1514","8004  >  36510 [ACK] Seq=37838 Ack=141 Win=65024 Len=1448 TSval=2916039631 TSecr=3045559406 [TCP segment of a reassembled PDU]"
"49920","35.550678040","192.168.1.55","192.168.1.2","TCP","1514","8004  >  36510 [ACK] Seq=39286 Ack=141 Win=65024 Len=1448 TSval=2916039631 TSecr=3045559406 [TCP segment of a reassembled PDU]"
"49921","35.550680373","192.168.1.55","192.168.1.2","TCP","1514","8004  >  36510 [PSH, ACK] Seq=40734 Ack=141 Win=65024 Len=1448 TSval=2916039631 TSecr=3045559406 [TCP segment of a reassembled PDU]"
"49922","35.555085547","192.168.1.2","192.168.1.55","TCP","66","36510  >  8004 [ACK] Seq=141 Ack=16118 Win=84992 Len=0 TSval=3045559409 TSecr=2916039631"
"49923","35.555128288","192.168.1.55","192.168.1.2","TCP","1514","8004  >  36510 [ACK] Seq=42182 Ack=141 Win=65024 Len=1448 TSval=2916039635 TSecr=3045559409 [TCP segment of a reassembled PDU]"
"49924","35.555140566","192.168.1.55","192.168.1.2","TCP","1514","8004  >  36510 [PSH, ACK] Seq=43630 Ack=141 Win=65024 Len=1448 TSval=2916039635 TSecr=3045559409 [TCP segment of a reassembled PDU]"
"49925","35.555431474","192.168.1.2","192.168.1.55","TCP","66","36510  >  8004 [ACK] Seq=141 Ack=27702 Win=76800 Len=0 TSval=3045559409 TSecr=2916039631"
"49926","35.555442788","192.168.1.2","192.168.1.55","TCP","66","36510  >  8004 [ACK] Seq=141 Ack=36390 Win=69632 Len=0 TSval=3045559409 TSecr=2916039631"
"49927","35.555449511","192.168.1.2","192.168.1.55","TCP","66","36510  >  8004 [ACK] Seq=141 Ack=39286 Win=84992 Len=0 TSval=3045559410 TSecr=2916039631"
"49928","35.555455511","192.168.1.2","192.168.1.55","TCP","66","36510  >  8004 [ACK] Seq=141 Ack=42182 Win=84992 Len=0 TSval=3045559410 TSecr=2916039631"
"49929","35.555554214","192.168.1.55","192.168.1.2","TCP","1514","8004  >  36510 [ACK] Seq=45078 Ack=141 Win=65024 Len=1448 TSval=2916039636 TSecr=3045559409 [TCP segment of a reassembled PDU]"
"49930","35.555564752","192.168.1.55","192.168.1.2","TCP","1514","8004  >  36510 [ACK] Seq=46526 Ack=141 Win=65024 Len=1448 TSval=2916039636 TSecr=3045559409 [TCP segment of a reassembled PDU]"
"49931","35.555566807","192.168.1.55","192.168.1.2","TCP","1514","8004  >  36510 [ACK] Seq=47974 Ack=141 Win=65024 Len=1448 TSval=2916039636 TSecr=3045559409 [TCP segment of a reassembled PDU]"
"49932","35.555569066","192.168.1.55","192.168.1.2","TCP","1514","8004  >  36510 [ACK] Seq=49422 Ack=141 Win=65024 Len=1448 TSval=2916039636 TSecr=3045559409 [TCP segment of a reassembled PDU]"
"49933","35.555571844","192.168.1.55","192.168.1.2","TCP","1514","8004  >  36510 [ACK] Seq=50870 Ack=141 Win=65024 Len=1448 TSval=2916039636 TSecr=3045559409 [TCP segment of a reassembled PDU]"
"49934","35.555574529","192.168.1.55","192.168.1.2","TCP","1514","8004  >  36510 [ACK] Seq=52318 Ack=141 Win=65024 Len=1448 TSval=2916039636 TSecr=3045559409 [TCP segment of a reassembled PDU]"
"49935","35.555576103","192.168.1.55","192.168.1.2","TCP","1514","8004  >  36510 [ACK] Seq=53766 Ack=141 Win=65024 Len=1448 TSval=2916039636 TSecr=3045559409 [TCP segment of a reassembled PDU]"
"49936","35.555578048","192.168.1.55","192.168.1.2","TCP","1514","8004  >  36510 [ACK] Seq=55214 Ack=141 Win=65024 Len=1448 TSval=2916039636 TSecr=3045559409 [TCP segment of a reassembled PDU]"
"49937","35.555580437","192.168.1.55","192.168.1.2","TCP","1514","8004  >  36510 [ACK] Seq=56662 Ack=141 Win=65024 Len=1448 TSval=2916039636 TSecr=3045559409 [TCP segment of a reassembled PDU]"
"49938","35.555582733","192.168.1.55","192.168.1.2","TCP","1514","8004  >  36510 [ACK] Seq=58110 Ack=141 Win=65024 Len=1448 TSval=2916039636 TSecr=3045559409 [TCP segment of a reassembled PDU]"
"49939","35.555584826","192.168.1.55","192.168.1.2","TCP","1514","8004  >  36510 [ACK] Seq=59558 Ack=141 Win=65024 Len=1448 TSval=2916039636 TSecr=3045559409 [TCP segment of a reassembled PDU]"
"49940","35.555586622","192.168.1.55","192.168.1.2","TCP","1514","8004  >  36510 [ACK] Seq=61006 Ack=141 Win=65024 Len=1448 TSval=2916039636 TSecr=3045559409 [TCP segment of a reassembled PDU]"
"49941","35.555592307","192.168.1.55","192.168.1.2","TCP","1514","8004  >  36510 [ACK] Seq=62454 Ack=141 Win=65024 Len=1448 TSval=2916039636 TSecr=3045559409 [TCP segment of a reassembled PDU]"
"49942","35.555595178","192.168.1.55","192.168.1.2","TCP","1514","8004  >  36510 [ACK] Seq=63902 Ack=141 Win=65024 Len=1448 TSval=2916039636 TSecr=3045559409 [TCP segment of a reassembled PDU]"
"49943","35.555596807","192.168.1.55","192.168.1.2","TCP","1514","8004  >  36510 [ACK] Seq=65350 Ack=141 Win=65024 Len=1448 TSval=2916039636 TSecr=3045559409 [TCP segment of a reassembled PDU]"
"49944","35.555598437","192.168.1.55","192.168.1.2","TCP","1514","8004  >  36510 [ACK] Seq=66798 Ack=141 Win=65024 Len=1448 TSval=2916039636 TSecr=3045559409 [TCP segment of a reassembled PDU]"
"49945","35.555600270","192.168.1.55","192.168.1.2","TCP","1514","8004  >  36510 [ACK] Seq=68246 Ack=141 Win=65024 Len=1448 TSval=2916039636 TSecr=3045559409 [TCP segment of a reassembled PDU]"
"49946","35.555602418","192.168.1.55","192.168.1.2","TCP","1514","8004  >  36510 [PSH, ACK] Seq=69694 Ack=141 Win=65024 Len=1448 TSval=2916039636 TSecr=3045559409 [TCP segment of a reassembled PDU]"
"49947","35.555618400","192.168.1.55","192.168.1.2","TCP","1514","8004  >  36510 [ACK] Seq=71142 Ack=141 Win=65024 Len=1448 TSval=2916039636 TSecr=3045559409 [TCP segment of a reassembled PDU]"
"49948","35.555620641","192.168.1.55","192.168.1.2","TCP","1514","8004  >  36510 [ACK] Seq=72590 Ack=141 Win=65024 Len=1448 TSval=2916039636 TSecr=3045559409 [TCP segment of a reassembled PDU]"
"49949","35.555622770","192.168.1.55","192.168.1.2","TCP","1514","8004  >  36510 [ACK] Seq=74038 Ack=141 Win=65024 Len=1448 TSval=2916039636 TSecr=3045559409 [TCP segment of a reassembled PDU]"
"49950","35.555624918","192.168.1.55","192.168.1.2","TCP","1514","8004  >  36510 [PSH, ACK] Seq=75486 Ack=141 Win=65024 Len=1448 TSval=2916039636 TSecr=3045559409 [TCP segment of a reassembled PDU]"
"49951","35.555673622","192.168.1.55","192.168.1.2","TCP","1514","8004  >  36510 [ACK] Seq=76934 Ack=141 Win=65024 Len=1448 TSval=2916039636 TSecr=3045559410 [TCP segment of a reassembled PDU]"
"49952","35.555677196","192.168.1.55","192.168.1.2","TCP","1514","8004  >  36510 [ACK] Seq=78382 Ack=141 Win=65024 Len=1448 TSval=2916039636 TSecr=3045559410 [TCP segment of a reassembled PDU]"
"49953","35.555678881","192.168.1.55","192.168.1.2","TCP","1514","8004  >  36510 [ACK] Seq=79830 Ack=141 Win=65024 Len=1448 TSval=2916039636 TSecr=3045559410 [TCP segment of a reassembled PDU]"
"49954","35.555681104","192.168.1.55","192.168.1.2","TCP","1514","8004  >  36510 [ACK] Seq=81278 Ack=141 Win=65024 Len=1448 TSval=2916039636 TSecr=3045559410 [TCP segment of a reassembled PDU]"
"49955","35.555683418","192.168.1.55","192.168.1.2","TCP","1514","8004  >  36510 [ACK] Seq=82726 Ack=141 Win=65024 Len=1448 TSval=2916039636 TSecr=3045559410 [TCP segment of a reassembled PDU]"
"49956","35.555684974","192.168.1.55","192.168.1.2","TCP","1514","8004  >  36510 [ACK] Seq=84174 Ack=141 Win=65024 Len=1448 TSval=2916039636 TSecr=3045559410 [TCP segment of a reassembled PDU]"
"49957","35.555687067","192.168.1.55","192.168.1.2","TCP","1514","8004  >  36510 [ACK] Seq=85622 Ack=141 Win=65024 Len=1448 TSval=2916039636 TSecr=3045559410 [TCP segment of a reassembled PDU]"
"49958","35.555689289","192.168.1.55","192.168.1.2","TCP","1514","8004  >  36510 [ACK] Seq=87070 Ack=141 Win=65024 Len=1448 TSval=2916039636 TSecr=3045559410 [TCP segment of a reassembled PDU]"
"49959","35.555690733","192.168.1.55","192.168.1.2","TCP","1514","8004  >  36510 [ACK] Seq=88518 Ack=141 Win=65024 Len=1448 TSval=2916039636 TSecr=3045559410 [TCP segment of a reassembled PDU]"
"49960","35.555692585","192.168.1.55","192.168.1.2","TCP","1514","8004  >  36510 [ACK] Seq=89966 Ack=141 Win=65024 Len=1448 TSval=2916039636 TSecr=3045559410 [TCP segment of a reassembled PDU]"
"49961","35.555694085","192.168.1.55","192.168.1.2","TCP","1514","8004  >  36510 [ACK] Seq=91414 Ack=141 Win=65024 Len=1448 TSval=2916039636 TSecr=3045559410 [TCP segment of a reassembled PDU]"
"49962","35.555695585","192.168.1.55","192.168.1.2","TCP","1514","8004  >  36510 [ACK] Seq=92862 Ack=141 Win=65024 Len=1448 TSval=2916039636 TSecr=3045559410 [TCP segment of a reassembled PDU]"
"49963","35.555699159","192.168.1.55","192.168.1.2","TCP","1514","8004  >  36510 [ACK] Seq=94310 Ack=141 Win=65024 Len=1448 TSval=2916039636 TSecr=3045559410 [TCP segment of a reassembled PDU]"
"49964","35.555700955","192.168.1.55","192.168.1.2","TCP","1514","8004  >  36510 [ACK] Seq=95758 Ack=141 Win=65024 Len=1448 TSval=2916039636 TSecr=3045559410 [TCP segment of a reassembled PDU]"
"49965","35.555702437","192.168.1.55","192.168.1.2","TCP","1514","8004  >  36510 [ACK] Seq=97206 Ack=141 Win=65024 Len=1448 TSval=2916039636 TSecr=3045559410 [TCP segment of a reassembled PDU]"
"49966","35.555704030","192.168.1.55","192.168.1.2","TCP","1514","8004  >  36510 [PSH, ACK] Seq=98654 Ack=141 Win=65024 Len=1448 TSval=2916039636 TSecr=3045559410 [TCP segment of a reassembled PDU]"
"49967","35.559229035","192.168.1.2","192.168.1.55","TCP","66","36510  >  8004 [ACK] Seq=141 Ack=43630 Win=83968 Len=0 TSval=3045559412 TSecr=2916039635"
"49968","35.559246498","192.168.1.55","192.168.1.2","TCP","1514","8004  >  36510 [ACK] Seq=100102 Ack=141 Win=65024 Len=1448 TSval=2916039639 TSecr=3045559412 [TCP segment of a reassembled PDU]"
"49969","35.559248998","192.168.1.55","192.168.1.2","TCP","1514","8004  >  36510 [PSH, ACK] Seq=101550 Ack=141 Win=65024 Len=1448 TSval=2916039639 TSecr=3045559412 [TCP segment of a reassembled PDU]"
"49970","35.559423461","192.168.1.2","192.168.1.55","TCP","66","36510  >  8004 [ACK] Seq=141 Ack=45078 Win=83968 Len=0 TSval=3045559412 TSecr=2916039635"
"49971","35.562209133","192.168.1.2","192.168.1.55","TCP","66","36510  >  8004 [ACK] Seq=141 Ack=71142 Win=62464 Len=0 TSval=3045559415 TSecr=2916039636"
"49972","35.562243392","192.168.1.55","192.168.1.2","TCP","1514","8004  >  36510 [ACK] Seq=102998 Ack=141 Win=65024 Len=1448 TSval=2916039642 TSecr=3045559415 [TCP segment of a reassembled PDU]"
"49973","35.562247429","192.168.1.55","192.168.1.2","TCP","1514","8004  >  36510 [ACK] Seq=104446 Ack=141 Win=65024 Len=1448 TSval=2916039642 TSecr=3045559415 [TCP segment of a reassembled PDU]"
"49974","35.562249281","192.168.1.55","192.168.1.2","TCP","1514","8004  >  36510 [ACK] Seq=105894 Ack=141 Win=65024 Len=1448 TSval=2916039642 TSecr=3045559415 [TCP segment of a reassembled PDU]"
"49975","35.562250521","192.168.1.55","192.168.1.2","TCP","1514","8004  >  36510 [ACK] Seq=107342 Ack=141 Win=65024 Len=1448 TSval=2916039642 TSecr=3045559415 [TCP segment of a reassembled PDU]"
"49976","35.562252188","192.168.1.55","192.168.1.2","TCP","1514","8004  >  36510 [ACK] Seq=108790 Ack=141 Win=65024 Len=1448 TSval=2916039642 TSecr=3045559415 [TCP segment of a reassembled PDU]"
"49977","35.562253781","192.168.1.55","192.168.1.2","TCP","1514","8004  >  36510 [ACK] Seq=110238 Ack=141 Win=65024 Len=1448 TSval=2916039642 TSecr=3045559415 [TCP segment of a reassembled PDU]"
"49978","35.562255429","192.168.1.55","192.168.1.2","TCP","1514","8004  >  36510 [ACK] Seq=111686 Ack=141 Win=65024 Len=1448 TSval=2916039642 TSecr=3045559415 [TCP segment of a reassembled PDU]"
"49979","35.562256670","192.168.1.55","192.168.1.2","TCP","1514","8004  >  36510 [ACK] Seq=113134 Ack=141 Win=65024 Len=1448 TSval=2916039642 TSecr=3045559415 [TCP segment of a reassembled PDU]"
"49980","35.562258447","192.168.1.55","192.168.1.2","TCP","1514","8004  >  36510 [ACK] Seq=114582 Ack=141 Win=65024 Len=1448 TSval=2916039642 TSecr=3045559415 [TCP segment of a reassembled PDU]"
"49981","35.562260077","192.168.1.55","192.168.1.2","TCP","1514","8004  >  36510 [ACK] Seq=116030 Ack=141 Win=65024 Len=1448 TSval=2916039642 TSecr=3045559415 [TCP segment of a reassembled PDU]"
"49982","35.562261429","192.168.1.55","192.168.1.2","TCP","1514","8004  >  36510 [PSH, ACK] Seq=117478 Ack=141 Win=65024 Len=1448 TSval=2916039642 TSecr=3045559415 [TCP segment of a reassembled PDU]"
"49983","35.562792800","192.168.1.2","192.168.1.55","TCP","66","36510  >  8004 [ACK] Seq=141 Ack=76934 Win=57344 Len=0 TSval=3045559415 TSecr=2916039636"
"49984","35.562812374","192.168.1.2","192.168.1.55","TCP","66","36510  >  8004 [ACK] Seq=141 Ack=95758 Win=39936 Len=0 TSval=3045559415 TSecr=2916039636"
"49985","35.562836874","192.168.1.55","192.168.1.2","TCP","1514","8004  >  36510 [ACK] Seq=118926 Ack=141 Win=65024 Len=1448 TSval=2916039643 TSecr=3045559415 [TCP segment of a reassembled PDU]"
"49986","35.562839504","192.168.1.55","192.168.1.2","TCP","1514","8004  >  36510 [ACK] Seq=120374 Ack=141 Win=65024 Len=1448 TSval=2916039643 TSecr=3045559415 [TCP segment of a reassembled PDU]"
"49987","35.562840634","192.168.1.55","192.168.1.2","TCP","1514","8004  >  36510 [ACK] Seq=121822 Ack=141 Win=65024 Len=1448 TSval=2916039643 TSecr=3045559415 [TCP segment of a reassembled PDU]"
"49988","35.562841893","192.168.1.55","192.168.1.2","TCP","1514","8004  >  36510 [ACK] Seq=123270 Ack=141 Win=65024 Len=1448 TSval=2916039643 TSecr=3045559415 [TCP segment of a reassembled PDU]"
"49989","35.562843022","192.168.1.55","192.168.1.2","TCP","1514","8004  >  36510 [ACK] Seq=124718 Ack=141 Win=65024 Len=1448 TSval=2916039643 TSecr=3045559415 [TCP segment of a reassembled PDU]"
"49990","35.562844208","192.168.1.55","192.168.1.2","TCP","1514","8004  >  36510 [ACK] Seq=126166 Ack=141 Win=65024 Len=1448 TSval=2916039643 TSecr=3045559415 [TCP segment of a reassembled PDU]"
"49991","35.562845448","192.168.1.55","192.168.1.2","TCP","1514","8004  >  36510 [ACK] Seq=127614 Ack=141 Win=65024 Len=1448 TSval=2916039643 TSecr=3045559415 [TCP segment of a reassembled PDU]"
"49992","35.562846597","192.168.1.55","192.168.1.2","TCP","1514","8004  >  36510 [ACK] Seq=129062 Ack=141 Win=65024 Len=1448 TSval=2916039643 TSecr=3045559415 [TCP segment of a reassembled PDU]"
"49993","35.562847837","192.168.1.55","192.168.1.2","TCP","1514","8004  >  36510 [ACK] Seq=130510 Ack=141 Win=65024 Len=1448 TSval=2916039643 TSecr=3045559415 [TCP segment of a reassembled PDU]"
"49994","35.562849004","192.168.1.55","192.168.1.2","TCP","1514","8004  >  36510 [ACK] Seq=131958 Ack=141 Win=65024 Len=1448 TSval=2916039643 TSecr=3045559415 [TCP segment of a reassembled PDU]"
"49995","35.562850152","192.168.1.55","192.168.1.2","TCP","1514","8004  >  36510 [ACK] Seq=133406 Ack=141 Win=65024 Len=1448 TSval=2916039643 TSecr=3045559415 [TCP segment of a reassembled PDU]"
"49996","35.562851226","192.168.1.55","192.168.1.2","TCP","906","[TCP Window Full] 8004  >  36510 [PSH, ACK] Seq=134854 Ack=141 Win=65024 Len=840 TSval=2916039643 TSecr=3045559415 [TCP segment of a reassembled PDU]"
"49997","35.562855763","192.168.1.2","192.168.1.55","TCP","66","[TCP Window Update] 36510  >  8004 [ACK] Seq=141 Ack=95758 Win=84992 Len=0 TSval=3045559416 TSecr=2916039636"
"49998","35.562858985","192.168.1.2","192.168.1.55","TCP","66","36510  >  8004 [ACK] Seq=141 Ack=100102 Win=84992 Len=0 TSval=3045559416 TSecr=2916039636"
"49999","35.562903874","192.168.1.55","192.168.1.2","TCP","1514","8004  >  36510 [ACK] Seq=135694 Ack=141 Win=65024 Len=1448 TSval=2916039643 TSecr=3045559416 [TCP segment of a reassembled PDU]"
"50000","35.562907078","192.168.1.55","192.168.1.2","TCP","1514","8004  >  36510 [ACK] Seq=137142 Ack=141 Win=65024 Len=1448 TSval=2916039643 TSecr=3045559416 [TCP segment of a reassembled PDU]"
"50001","35.562908300","192.168.1.55","192.168.1.2","TCP","1514","8004  >  36510 [ACK] Seq=138590 Ack=141 Win=65024 Len=1448 TSval=2916039643 TSecr=3045559416 [TCP segment of a reassembled PDU]"
"50002","35.562909356","192.168.1.55","192.168.1.2","TCP","1514","8004  >  36510 [ACK] Seq=140038 Ack=141 Win=65024 Len=1448 TSval=2916039643 TSecr=3045559416 [TCP segment of a reassembled PDU]"
"50003","35.562910615","192.168.1.55","192.168.1.2","TCP","1514","8004  >  36510 [ACK] Seq=141486 Ack=141 Win=65024 Len=1448 TSval=2916039643 TSecr=3045559416 [TCP segment of a reassembled PDU]"
"50004","35.562911689","192.168.1.55","192.168.1.2","TCP","1514","8004  >  36510 [ACK] Seq=142934 Ack=141 Win=65024 Len=1448 TSval=2916039643 TSecr=3045559416 [TCP segment of a reassembled PDU]"
"50005","35.562912837","192.168.1.55","192.168.1.2","TCP","1514","8004  >  36510 [ACK] Seq=144382 Ack=141 Win=65024 Len=1448 TSval=2916039643 TSecr=3045559416 [TCP segment of a reassembled PDU]"
"50006","35.562913930","192.168.1.55","192.168.1.2","TCP","1514","8004  >  36510 [ACK] Seq=145830 Ack=141 Win=65024 Len=1448 TSval=2916039643 TSecr=3045559416 [TCP segment of a reassembled PDU]"
"50007","35.562915097","192.168.1.55","192.168.1.2","TCP","1514","8004  >  36510 [ACK] Seq=147278 Ack=141 Win=65024 Len=1448 TSval=2916039643 TSecr=3045559416 [TCP segment of a reassembled PDU]"
"50008","35.562916263","192.168.1.55","192.168.1.2","TCP","1514","8004  >  36510 [ACK] Seq=148726 Ack=141 Win=65024 Len=1448 TSval=2916039643 TSecr=3045559416 [TCP segment of a reassembled PDU]"
"50009","35.562917393","192.168.1.55","192.168.1.2","TCP","1514","8004  >  36510 [ACK] Seq=150174 Ack=141 Win=65024 Len=1448 TSval=2916039643 TSecr=3045559416 [TCP segment of a reassembled PDU]"
"50010","35.562918504","192.168.1.55","192.168.1.2","TCP","1514","8004  >  36510 [ACK] Seq=151622 Ack=141 Win=65024 Len=1448 TSval=2916039643 TSecr=3045559416 [TCP segment of a reassembled PDU]"
"50011","35.562919615","192.168.1.55","192.168.1.2","TCP","1514","8004  >  36510 [ACK] Seq=153070 Ack=141 Win=65024 Len=1448 TSval=2916039643 TSecr=3045559416 [TCP segment of a reassembled PDU]"
"50012","35.562920726","192.168.1.55","192.168.1.2","TCP","1514","8004  >  36510 [ACK] Seq=154518 Ack=141 Win=65024 Len=1448 TSval=2916039643 TSecr=3045559416 [TCP segment of a reassembled PDU]"
"50013","35.562922152","192.168.1.55","192.168.1.2","TCP","1514","8004  >  36510 [ACK] Seq=155966 Ack=141 Win=65024 Len=1448 TSval=2916039643 TSecr=3045559416 [TCP segment of a reassembled PDU]"
"50014","35.562923486","192.168.1.55","192.168.1.2","TCP","1514","8004  >  36510 [ACK] Seq=157414 Ack=141 Win=65024 Len=1448 TSval=2916039643 TSecr=3045559416 [TCP segment of a reassembled PDU]"
"50015","35.562924597","192.168.1.55","192.168.1.2","TCP","1514","8004  >  36510 [PSH, ACK] Seq=158862 Ack=141 Win=65024 Len=1448 TSval=2916039643 TSecr=3045559416 [TCP segment of a reassembled PDU]"
"50016","35.562930726","192.168.1.55","192.168.1.2","TCP","674","8004  >  36510 [ACK] Seq=160310 Ack=141 Win=65024 Len=608 TSval=2916039643 TSecr=3045559416 [TCP segment of a reassembled PDU]"
"50017","35.565648453","192.168.1.2","192.168.1.55","TCP","66","36510  >  8004 [ACK] Seq=141 Ack=102998 Win=84992 Len=0 TSval=3045559418 TSecr=2916039639"
"50018","35.565674768","192.168.1.55","192.168.1.2","TCP","1514","8004  >  36510 [ACK] Seq=160918 Ack=141 Win=65024 Len=1448 TSval=2916039646 TSecr=3045559418 [TCP segment of a reassembled PDU]"
"50019","35.565677897","192.168.1.55","192.168.1.2","TCP","1514","8004  >  36510 [ACK] Seq=162366 Ack=141 Win=65024 Len=1448 TSval=2916039646 TSecr=3045559418 [TCP segment of a reassembled PDU]"
"50020","35.565678971","192.168.1.55","192.168.1.2","TCP","1514","8004  >  36510 [ACK] Seq=163814 Ack=141 Win=65024 Len=1448 TSval=2916039646 TSecr=3045559418 [TCP segment of a reassembled PDU]"
"50021","35.565680064","192.168.1.55","192.168.1.2","TCP","1514","8004  >  36510 [ACK] Seq=165262 Ack=141 Win=65024 Len=1448 TSval=2916039646 TSecr=3045559418 [TCP segment of a reassembled PDU]"
"50022","35.565681249","192.168.1.55","192.168.1.2","TCP","1514","8004  >  36510 [ACK] Seq=166710 Ack=141 Win=65024 Len=1448 TSval=2916039646 TSecr=3045559418 [TCP segment of a reassembled PDU]"
"50023","35.565682323","192.168.1.55","192.168.1.2","TCP","1514","8004  >  36510 [ACK] Seq=168158 Ack=141 Win=65024 Len=1448 TSval=2916039646 TSecr=3045559418 [TCP segment of a reassembled PDU]"
"50024","35.565683564","192.168.1.55","192.168.1.2","TCP","1514","8004  >  36510 [ACK] Seq=169606 Ack=141 Win=65024 Len=1448 TSval=2916039646 TSecr=3045559418 [TCP segment of a reassembled PDU]"
"50025","35.565684712","192.168.1.55","192.168.1.2","TCP","1514","8004  >  36510 [ACK] Seq=171054 Ack=141 Win=65024 Len=1448 TSval=2916039646 TSecr=3045559418 [TCP segment of a reassembled PDU]"
"50026","35.565686008","192.168.1.55","192.168.1.2","TCP","1514","8004  >  36510 [ACK] Seq=172502 Ack=141 Win=65024 Len=1448 TSval=2916039646 TSecr=3045559418 [TCP segment of a reassembled PDU]"
"50027","35.565687194","192.168.1.55","192.168.1.2","TCP","1514","8004  >  36510 [ACK] Seq=173950 Ack=141 Win=65024 Len=1448 TSval=2916039646 TSecr=3045559418 [TCP segment of a reassembled PDU]"
"50028","35.565688249","192.168.1.55","192.168.1.2","TCP","1514","8004  >  36510 [ACK] Seq=175398 Ack=141 Win=65024 Len=1448 TSval=2916039646 TSecr=3045559418 [TCP segment of a reassembled PDU]"
"50029","35.565689305","192.168.1.55","192.168.1.2","TCP","1514","8004  >  36510 [ACK] Seq=176846 Ack=141 Win=65024 Len=1448 TSval=2916039646 TSecr=3045559418 [TCP segment of a reassembled PDU]"
"50030","35.565690508","192.168.1.55","192.168.1.2","TCP","1514","8004  >  36510 [ACK] Seq=178294 Ack=141 Win=65024 Len=1448 TSval=2916039646 TSecr=3045559418 [TCP segment of a reassembled PDU]"
"50031","35.565691601","192.168.1.55","192.168.1.2","TCP","1514","8004  >  36510 [ACK] Seq=179742 Ack=141 Win=65024 Len=1448 TSval=2916039646 TSecr=3045559418 [TCP segment of a reassembled PDU]"
"50032","35.565692675","192.168.1.55","192.168.1.2","TCP","1514","8004  >  36510 [ACK] Seq=181190 Ack=141 Win=65024 Len=1448 TSval=2916039646 TSecr=3045559418 [TCP segment of a reassembled PDU]"
"50033","35.565693786","192.168.1.55","192.168.1.2","TCP","1514","8004  >  36510 [ACK] Seq=182638 Ack=141 Win=65024 Len=1448 TSval=2916039646 TSecr=3045559418 [TCP segment of a reassembled PDU]"
"50034","35.565694879","192.168.1.55","192.168.1.2","TCP","1514","8004  >  36510 [ACK] Seq=184086 Ack=141 Win=65024 Len=1448 TSval=2916039646 TSecr=3045559418 [TCP segment of a reassembled PDU]"
"50035","35.565696027","192.168.1.55","192.168.1.2","TCP","1514","8004  >  36510 [PSH, ACK] Seq=185534 Ack=141 Win=65024 Len=1448 TSval=2916039646 TSecr=3045559418 [TCP segment of a reassembled PDU]"
"50036","35.567664697","192.168.1.2","192.168.1.55","TCP","66","36510  >  8004 [ACK] Seq=141 Ack=114582 Win=84992 Len=0 TSval=3045559420 TSecr=2916039642"
"50037","35.567677623","192.168.1.55","192.168.1.2","TCP","1514","8004  >  36510 [ACK] Seq=186982 Ack=141 Win=65024 Len=1448 TSval=2916039648 TSecr=3045559420 [TCP segment of a reassembled PDU]"
"50038","35.567679530","192.168.1.55","192.168.1.2","TCP","1514","8004  >  36510 [ACK] Seq=188430 Ack=141 Win=65024 Len=1448 TSval=2916039648 TSecr=3045559420 [TCP segment of a reassembled PDU]"
"50039","35.567680697","192.168.1.55","192.168.1.2","TCP","1514","8004  >  36510 [ACK] Seq=189878 Ack=141 Win=65024 Len=1448 TSval=2916039648 TSecr=3045559420 [TCP segment of a reassembled PDU]"
"50040","35.567681715","192.168.1.55","192.168.1.2","TCP","1514","8004  >  36510 [ACK] Seq=191326 Ack=141 Win=65024 Len=1448 TSval=2916039648 TSecr=3045559420 [TCP segment of a reassembled PDU]"
"50041","35.567683197","192.168.1.55","192.168.1.2","TCP","1514","8004  >  36510 [ACK] Seq=192774 Ack=141 Win=65024 Len=1448 TSval=2916039648 TSecr=3045559420 [TCP segment of a reassembled PDU]"
"50042","35.567684234","192.168.1.55","192.168.1.2","TCP","1514","8004  >  36510 [ACK] Seq=194222 Ack=141 Win=65024 Len=1448 TSval=2916039648 TSecr=3045559420 [TCP segment of a reassembled PDU]"
"50043","35.567685289","192.168.1.55","192.168.1.2","TCP","1514","8004  >  36510 [ACK] Seq=195670 Ack=141 Win=65024 Len=1448 TSval=2916039648 TSecr=3045559420 [TCP segment of a reassembled PDU]"
"50044","35.567686326","192.168.1.55","192.168.1.2","TCP","1514","8004  >  36510 [PSH, ACK] Seq=197118 Ack=141 Win=65024 Len=1448 TSval=2916039648 TSecr=3045559420 [TCP segment of a reassembled PDU]"
"50045","35.569742367","192.168.1.2","192.168.1.55","TCP","66","36510  >  8004 [ACK] Seq=141 Ack=118926 Win=93184 Len=0 TSval=3045559423 TSecr=2916039642"
"50046","35.569756904","192.168.1.55","192.168.1.2","TCP","1514","8004  >  36510 [ACK] Seq=198566 Ack=141 Win=65024 Len=1448 TSval=2916039650 TSecr=3045559423 [TCP segment of a reassembled PDU]"
"50047","35.569759478","192.168.1.55","192.168.1.2","TCP","1514","8004  >  36510 [ACK] Seq=200014 Ack=141 Win=65024 Len=1448 TSval=2916039650 TSecr=3045559423 [TCP segment of a reassembled PDU]"
"50048","35.569760867","192.168.1.55","192.168.1.2","TCP","1514","8004  >  36510 [PSH, ACK] Seq=201462 Ack=141 Win=65024 Len=1448 TSval=2916039650 TSecr=3045559423 [TCP segment of a reassembled PDU]"
"50049","35.570007886","192.168.1.2","192.168.1.55","TCP","66","36510  >  8004 [ACK] Seq=141 Ack=135694 Win=80896 Len=0 TSval=3045559423 TSecr=2916039643"
"50050","35.570016312","192.168.1.2","192.168.1.55","TCP","66","36510  >  8004 [ACK] Seq=141 Ack=160310 Win=79872 Len=0 TSval=3045559423 TSecr=2916039643"
"50051","35.570047330","192.168.1.55","192.168.1.2","TCP","1514","8004  >  36510 [ACK] Seq=202910 Ack=141 Win=65024 Len=1448 TSval=2916039650 TSecr=3045559423 [TCP segment of a reassembled PDU]"
"50052","35.570050015","192.168.1.55","192.168.1.2","TCP","1514","8004  >  36510 [ACK] Seq=204358 Ack=141 Win=65024 Len=1448 TSval=2916039650 TSecr=3045559423 [TCP segment of a reassembled PDU]"
"50053","35.570051404","192.168.1.55","192.168.1.2","TCP","1514","8004  >  36510 [ACK] Seq=205806 Ack=141 Win=65024 Len=1448 TSval=2916039650 TSecr=3045559423 [TCP segment of a reassembled PDU]"
"50054","35.570052775","192.168.1.55","192.168.1.2","TCP","1514","8004  >  36510 [ACK] Seq=207254 Ack=141 Win=65024 Len=1448 TSval=2916039650 TSecr=3045559423 [TCP segment of a reassembled PDU]"
"50055","35.570054238","192.168.1.55","192.168.1.2","TCP","1514","8004  >  36510 [ACK] Seq=208702 Ack=141 Win=65024 Len=1448 TSval=2916039650 TSecr=3045559423 [TCP segment of a reassembled PDU]"
"50056","35.570055571","192.168.1.55","192.168.1.2","TCP","1514","8004  >  36510 [ACK] Seq=210150 Ack=141 Win=65024 Len=1448 TSval=2916039650 TSecr=3045559423 [TCP segment of a reassembled PDU]"
"50057","35.570057015","192.168.1.55","192.168.1.2","TCP","1514","8004  >  36510 [ACK] Seq=211598 Ack=141 Win=65024 Len=1448 TSval=2916039650 TSecr=3045559423 [TCP segment of a reassembled PDU]"
"50058","35.570058386","192.168.1.55","192.168.1.2","TCP","1514","8004  >  36510 [ACK] Seq=213046 Ack=141 Win=65024 Len=1448 TSval=2916039650 TSecr=3045559423 [TCP segment of a reassembled PDU]"
"50059","35.570059793","192.168.1.55","192.168.1.2","TCP","1514","8004  >  36510 [ACK] Seq=214494 Ack=141 Win=65024 Len=1448 TSval=2916039650 TSecr=3045559423 [TCP segment of a reassembled PDU]"
"50060","35.570061164","192.168.1.55","192.168.1.2","TCP","1514","8004  >  36510 [ACK] Seq=215942 Ack=141 Win=65024 Len=1448 TSval=2916039650 TSecr=3045559423 [TCP segment of a reassembled PDU]"
"50061","35.570062553","192.168.1.55","192.168.1.2","TCP","1514","8004  >  36510 [ACK] Seq=217390 Ack=141 Win=65024 Len=1448 TSval=2916039650 TSecr=3045559423 [TCP segment of a reassembled PDU]"
"50062","35.570064127","192.168.1.55","192.168.1.2","TCP","1514","8004  >  36510 [ACK] Seq=218838 Ack=141 Win=65024 Len=1448 TSval=2916039650 TSecr=3045559423 [TCP segment of a reassembled PDU]"
"50063","35.570065497","192.168.1.55","192.168.1.2","TCP","1514","8004  >  36510 [ACK] Seq=220286 Ack=141 Win=65024 Len=1448 TSval=2916039650 TSecr=3045559423 [TCP segment of a reassembled PDU]"
"50064","35.570066923","192.168.1.55","192.168.1.2","TCP","1514","8004  >  36510 [ACK] Seq=221734 Ack=141 Win=65024 Len=1448 TSval=2916039650 TSecr=3045559423 [TCP segment of a reassembled PDU]"
"50065","35.570068682","192.168.1.55","192.168.1.2","TCP","1514","8004  >  36510 [ACK] Seq=223182 Ack=141 Win=65024 Len=1448 TSval=2916039650 TSecr=3045559423 [TCP segment of a reassembled PDU]"
"50066","35.570070053","192.168.1.55","192.168.1.2","TCP","1514","8004  >  36510 [ACK] Seq=224630 Ack=141 Win=65024 Len=1448 TSval=2916039650 TSecr=3045559423 [TCP segment of a reassembled PDU]"
"50067","35.570071553","192.168.1.55","192.168.1.2","TCP","1514","8004  >  36510 [ACK] Seq=226078 Ack=141 Win=65024 Len=1448 TSval=2916039650 TSecr=3045559423 [TCP segment of a reassembled PDU]"
"50068","35.570072867","192.168.1.55","192.168.1.2","TCP","1514","8004  >  36510 [ACK] Seq=227526 Ack=141 Win=65024 Len=1448 TSval=2916039650 TSecr=3045559423 [TCP segment of a reassembled PDU]"
"50069","35.570074238","192.168.1.55","192.168.1.2","TCP","1514","8004  >  36510 [ACK] Seq=228974 Ack=141 Win=65024 Len=1448 TSval=2916039650 TSecr=3045559423 [TCP segment of a reassembled PDU]"
"50070","35.570075590","192.168.1.55","192.168.1.2","TCP","1514","8004  >  36510 [ACK] Seq=230422 Ack=141 Win=65024 Len=1448 TSval=2916039650 TSecr=3045559423 [TCP segment of a reassembled PDU]"
"50071","35.570076997","192.168.1.55","192.168.1.2","TCP","1514","8004  >  36510 [ACK] Seq=231870 Ack=141 Win=65024 Len=1448 TSval=2916039650 TSecr=3045559423 [TCP segment of a reassembled PDU]"
"50072","35.570078349","192.168.1.55","192.168.1.2","TCP","1514","8004  >  36510 [ACK] Seq=233318 Ack=141 Win=65024 Len=1448 TSval=2916039650 TSecr=3045559423 [TCP segment of a reassembled PDU]"
"50073","35.570079812","192.168.1.55","192.168.1.2","TCP","1514","8004  >  36510 [ACK] Seq=234766 Ack=141 Win=65024 Len=1448 TSval=2916039650 TSecr=3045559423 [TCP segment of a reassembled PDU]"
"50074","35.570081238","192.168.1.55","192.168.1.2","TCP","1514","8004  >  36510 [ACK] Seq=236214 Ack=141 Win=65024 Len=1448 TSval=2916039650 TSecr=3045559423 [TCP segment of a reassembled PDU]"
"50075","35.570082627","192.168.1.55","192.168.1.2","TCP","1514","8004  >  36510 [PSH, ACK] Seq=237662 Ack=141 Win=65024 Len=1448 TSval=2916039650 TSecr=3045559423 [TCP segment of a reassembled PDU]"
"50076","35.570087219","192.168.1.2","192.168.1.55","TCP","66","36510  >  8004 [ACK] Seq=141 Ack=160918 Win=93184 Len=0 TSval=3045559423 TSecr=2916039643"
"50077","35.570100275","192.168.1.55","192.168.1.2","TCP","1514","8004  >  36510 [ACK] Seq=239110 Ack=141 Win=65024 Len=1448 TSval=2916039650 TSecr=3045559423 [TCP segment of a reassembled PDU]"
"50078","35.570101960","192.168.1.55","192.168.1.2","TCP","1514","8004  >  36510 [ACK] Seq=240558 Ack=141 Win=65024 Len=1448 TSval=2916039650 TSecr=3045559423 [TCP segment of a reassembled PDU]"
"50079","35.570103201","192.168.1.55","192.168.1.2","TCP","1514","8004  >  36510 [ACK] Seq=242006 Ack=141 Win=65024 Len=1448 TSval=2916039650 TSecr=3045559423 [TCP segment of a reassembled PDU]"
"50080","35.570104479","192.168.1.55","192.168.1.2","TCP","1514","8004  >  36510 [PSH, ACK] Seq=243454 Ack=141 Win=65024 Len=1448 TSval=2916039650 TSecr=3045559423 [TCP segment of a reassembled PDU]"
"50081","35.572166760","192.168.1.2","192.168.1.55","TCP","66","36510  >  8004 [ACK] Seq=141 Ack=186982 Win=74752 Len=0 TSval=3045559425 TSecr=2916039646"
"50082","35.572187241","192.168.1.55","192.168.1.2","TCP","1514","8004  >  36510 [ACK] Seq=244902 Ack=141 Win=65024 Len=1448 TSval=2916039652 TSecr=3045559425 [TCP segment of a reassembled PDU]"
"50083","35.572189630","192.168.1.55","192.168.1.2","TCP","1514","8004  >  36510 [ACK] Seq=246350 Ack=141 Win=65024 Len=1448 TSval=2916039652 TSecr=3045559425 [TCP segment of a reassembled PDU]"
"50084","35.572191000","192.168.1.55","192.168.1.2","TCP","1514","8004  >  36510 [ACK] Seq=247798 Ack=141 Win=65024 Len=1448 TSval=2916039652 TSecr=3045559425 [TCP segment of a reassembled PDU]"
"50085","35.572192371","192.168.1.55","192.168.1.2","TCP","1514","8004  >  36510 [ACK] Seq=249246 Ack=141 Win=65024 Len=1448 TSval=2916039652 TSecr=3045559425 [TCP segment of a reassembled PDU]"
"50086","35.572193815","192.168.1.55","192.168.1.2","TCP","1514","8004  >  36510 [ACK] Seq=250694 Ack=141 Win=65024 Len=1448 TSval=2916039652 TSecr=3045559425 [TCP segment of a reassembled PDU]"
"50087","35.572195167","192.168.1.55","192.168.1.2","TCP","1514","8004  >  36510 [ACK] Seq=252142 Ack=141 Win=65024 Len=1448 TSval=2916039652 TSecr=3045559425 [TCP segment of a reassembled PDU]"
"50088","35.572196463","192.168.1.55","192.168.1.2","TCP","1514","8004  >  36510 [ACK] Seq=253590 Ack=141 Win=65024 Len=1448 TSval=2916039652 TSecr=3045559425 [TCP segment of a reassembled PDU]"
"50089","35.572197889","192.168.1.55","192.168.1.2","TCP","1514","8004  >  36510 [ACK] Seq=255038 Ack=141 Win=65024 Len=1448 TSval=2916039652 TSecr=3045559425 [TCP segment of a reassembled PDU]"
"50090","35.572199334","192.168.1.55","192.168.1.2","TCP","1514","8004  >  36510 [ACK] Seq=256486 Ack=141 Win=65024 Len=1448 TSval=2916039652 TSecr=3045559425 [TCP segment of a reassembled PDU]"
"50091","35.572200611","192.168.1.55","192.168.1.2","TCP","1514","8004  >  36510 [ACK] Seq=257934 Ack=141 Win=65024 Len=1448 TSval=2916039652 TSecr=3045559425 [TCP segment of a reassembled PDU]"
"50092","35.572201926","192.168.1.55","192.168.1.2","TCP","1514","8004  >  36510 [ACK] Seq=259382 Ack=141 Win=65024 Len=1448 TSval=2916039652 TSecr=3045559425 [TCP segment of a reassembled PDU]"
"50093","35.572203389","192.168.1.55","192.168.1.2","TCP","970","[TCP Window Full] 8004  >  36510 [PSH, ACK] Seq=260830 Ack=141 Win=65024 Len=904 TSval=2916039652 TSecr=3045559425 [TCP segment of a reassembled PDU]"
"50094","35.572261538","192.168.1.2","192.168.1.55","TCP","66","36510  >  8004 [ACK] Seq=141 Ack=188430 Win=96256 Len=0 TSval=3045559425 TSecr=2916039648"
"50095","35.572269167","192.168.1.2","192.168.1.55","TCP","66","36510  >  8004 [ACK] Seq=141 Ack=189878 Win=98304 Len=0 TSval=3045559425 TSecr=2916039648"
"50096","35.572297945","192.168.1.55","192.168.1.2","TCP","1514","8004  >  36510 [ACK] Seq=261734 Ack=141 Win=65024 Len=1448 TSval=2916039652 TSecr=3045559425 [TCP segment of a reassembled PDU]"
"50097","35.572300149","192.168.1.55","192.168.1.2","TCP","1514","8004  >  36510 [ACK] Seq=263182 Ack=141 Win=65024 Len=1448 TSval=2916039652 TSecr=3045559425 [TCP segment of a reassembled PDU]"
"50098","35.572301760","192.168.1.55","192.168.1.2","TCP","1514","8004  >  36510 [ACK] Seq=264630 Ack=141 Win=65024 Len=1448 TSval=2916039652 TSecr=3045559425 [TCP segment of a reassembled PDU]"
"50099","35.572303130","192.168.1.55","192.168.1.2","TCP","1514","8004  >  36510 [ACK] Seq=266078 Ack=141 Win=65024 Len=1448 TSval=2916039652 TSecr=3045559425 [TCP segment of a reassembled PDU]"
"50100","35.572304630","192.168.1.55","192.168.1.2","TCP","1514","8004  >  36510 [ACK] Seq=267526 Ack=141 Win=65024 Len=1448 TSval=2916039652 TSecr=3045559425 [TCP segment of a reassembled PDU]"
"50101","35.572306075","192.168.1.55","192.168.1.2","TCP","1514","8004  >  36510 [ACK] Seq=268974 Ack=141 Win=65024 Len=1448 TSval=2916039652 TSecr=3045559425 [TCP segment of a reassembled PDU]"
"50102","35.572307426","192.168.1.55","192.168.1.2","TCP","1514","8004  >  36510 [ACK] Seq=270422 Ack=141 Win=65024 Len=1448 TSval=2916039652 TSecr=3045559425 [TCP segment of a reassembled PDU]"
"50103","35.572309093","192.168.1.55","192.168.1.2","TCP","1514","8004  >  36510 [ACK] Seq=271870 Ack=141 Win=65024 Len=1448 TSval=2916039652 TSecr=3045559425 [TCP segment of a reassembled PDU]"
"50104","35.572310501","192.168.1.55","192.168.1.2","TCP","1514","8004  >  36510 [ACK] Seq=273318 Ack=141 Win=65024 Len=1448 TSval=2916039652 TSecr=3045559425 [TCP segment of a reassembled PDU]"
"50105","35.572311926","192.168.1.55","192.168.1.2","TCP","1514","8004  >  36510 [ACK] Seq=274766 Ack=141 Win=65024 Len=1448 TSval=2916039652 TSecr=3045559425 [TCP segment of a reassembled PDU]"
"50106","35.572313297","192.168.1.55","192.168.1.2","TCP","1514","8004  >  36510 [ACK] Seq=276214 Ack=141 Win=65024 Len=1448 TSval=2916039652 TSecr=3045559425 [TCP segment of a reassembled PDU]"
"50107","35.572318556","192.168.1.55","192.168.1.2","TCP","1514","8004  >  36510 [ACK] Seq=277662 Ack=141 Win=65024 Len=1448 TSval=2916039652 TSecr=3045559425 [TCP segment of a reassembled PDU]"
"50108","35.572321112","192.168.1.55","192.168.1.2","TCP","1514","8004  >  36510 [ACK] Seq=279110 Ack=141 Win=65024 Len=1448 TSval=2916039652 TSecr=3045559425 [TCP segment of a reassembled PDU]"
"50109","35.572322649","192.168.1.55","192.168.1.2","TCP","1514","8004  >  36510 [ACK] Seq=280558 Ack=141 Win=65024 Len=1448 TSval=2916039652 TSecr=3045559425 [TCP segment of a reassembled PDU]"
"50110","35.572323908","192.168.1.55","192.168.1.2","TCP","1514","8004  >  36510 [ACK] Seq=282006 Ack=141 Win=65024 Len=1448 TSval=2916039652 TSecr=3045559425 [TCP segment of a reassembled PDU]"
"50111","35.572325167","192.168.1.55","192.168.1.2","TCP","1514","8004  >  36510 [ACK] Seq=283454 Ack=141 Win=65024 Len=1448 TSval=2916039652 TSecr=3045559425 [TCP segment of a reassembled PDU]"
"50112","35.572326538","192.168.1.55","192.168.1.2","TCP","1514","8004  >  36510 [PSH, ACK] Seq=284902 Ack=141 Win=65024 Len=1448 TSval=2916039652 TSecr=3045559425 [TCP segment of a reassembled PDU]"
"50113","35.572332352","192.168.1.55","192.168.1.2","TCP","610","8004  >  36510 [ACK] Seq=286350 Ack=141 Win=65024 Len=544 TSval=2916039652 TSecr=3045559425 [TCP segment of a reassembled PDU]"
"50114","35.574989264","192.168.1.2","192.168.1.55","TCP","66","36510  >  8004 [ACK] Seq=141 Ack=198566 Win=90112 Len=0 TSval=3045559427 TSecr=2916039648"
"50115","35.575033783","192.168.1.55","192.168.1.2","TCP","1514","8004  >  36510 [ACK] Seq=286894 Ack=141 Win=65024 Len=1448 TSval=2916039655 TSecr=3045559427 [TCP segment of a reassembled PDU]"
"50116","35.576770452","192.168.1.2","192.168.1.55","TCP","66","36510  >  8004 [ACK] Seq=141 Ack=202910 Win=98304 Len=0 TSval=3045559429 TSecr=2916039650"
"50117","35.576786730","192.168.1.55","192.168.1.2","TCP","1514","8004  >  36510 [ACK] Seq=288342 Ack=141 Win=65024 Len=1448 TSval=2916039657 TSecr=3045559429 [TCP segment of a reassembled PDU]"
"50118","35.576788952","192.168.1.55","192.168.1.2","TCP","1514","8004  >  36510 [ACK] Seq=289790 Ack=141 Win=65024 Len=1448 TSval=2916039657 TSecr=3045559429 [TCP segment of a reassembled PDU]"
"50119","35.576790323","192.168.1.55","192.168.1.2","TCP","1514","8004  >  36510 [ACK] Seq=291238 Ack=141 Win=65024 Len=1448 TSval=2916039657 TSecr=3045559429 [TCP segment of a reassembled PDU]"
"50120","35.576791656","192.168.1.55","192.168.1.2","TCP","1514","8004  >  36510 [ACK] Seq=292686 Ack=141 Win=65024 Len=1448 TSval=2916039657 TSecr=3045559429 [TCP segment of a reassembled PDU]"
"50121","35.576792934","192.168.1.55","192.168.1.2","TCP","1514","8004  >  36510 [ACK] Seq=294134 Ack=141 Win=65024 Len=1448 TSval=2916039657 TSecr=3045559429 [TCP segment of a reassembled PDU]"
"50122","35.576794471","192.168.1.55","192.168.1.2","TCP","1514","8004  >  36510 [ACK] Seq=295582 Ack=141 Win=65024 Len=1448 TSval=2916039657 TSecr=3045559429 [TCP segment of a reassembled PDU]"
"50123","35.576795878","192.168.1.55","192.168.1.2","TCP","1514","8004  >  36510 [ACK] Seq=297030 Ack=141 Win=65024 Len=1448 TSval=2916039657 TSecr=3045559429 [TCP segment of a reassembled PDU]"
"50124","35.576797267","192.168.1.55","192.168.1.2","TCP","1514","8004  >  36510 [PSH, ACK] Seq=298478 Ack=141 Win=65024 Len=1448 TSval=2916039657 TSecr=3045559429 [TCP segment of a reassembled PDU]"
"50125","35.577181045","192.168.1.2","192.168.1.55","TCP","66","36510  >  8004 [ACK] Seq=141 Ack=237662 Win=70656 Len=0 TSval=3045559430 TSecr=2916039650"
"50126","35.578957956","192.168.1.2","192.168.1.55","TCP","66","36510  >  8004 [ACK] Seq=141 Ack=244902 Win=93184 Len=0 TSval=3045559432 TSecr=2916039650"
"50127","35.578983733","192.168.1.55","192.168.1.2","TCP","1514","8004  >  36510 [ACK] Seq=299926 Ack=141 Win=65024 Len=1448 TSval=2916039659 TSecr=3045559432 [TCP segment of a reassembled PDU]"
"50128","35.578986122","192.168.1.55","192.168.1.2","TCP","1514","8004  >  36510 [ACK] Seq=301374 Ack=141 Win=65024 Len=1448 TSval=2916039659 TSecr=3045559432 [TCP segment of a reassembled PDU]"
"50129","35.578987511","192.168.1.55","192.168.1.2","TCP","1514","8004  >  36510 [ACK] Seq=302822 Ack=141 Win=65024 Len=1448 TSval=2916039659 TSecr=3045559432 [TCP segment of a reassembled PDU]"
"50130","35.578988826","192.168.1.55","192.168.1.2","TCP","1514","8004  >  36510 [ACK] Seq=304270 Ack=141 Win=65024 Len=1448 TSval=2916039659 TSecr=3045559432 [TCP segment of a reassembled PDU]"
"50131","35.578990308","192.168.1.55","192.168.1.2","TCP","1514","8004  >  36510 [ACK] Seq=305718 Ack=141 Win=65024 Len=1448 TSval=2916039659 TSecr=3045559432 [TCP segment of a reassembled PDU]"
"50132","35.578991641","192.168.1.55","192.168.1.2","TCP","1514","8004  >  36510 [ACK] Seq=307166 Ack=141 Win=65024 Len=1448 TSval=2916039659 TSecr=3045559432 [TCP segment of a reassembled PDU]"
"50133","35.578993067","192.168.1.55","192.168.1.2","TCP","1514","8004  >  36510 [ACK] Seq=308614 Ack=141 Win=65024 Len=1448 TSval=2916039659 TSecr=3045559432 [TCP segment of a reassembled PDU]"
"50134","35.578994382","192.168.1.55","192.168.1.2","TCP","1514","8004  >  36510 [ACK] Seq=310062 Ack=141 Win=65024 Len=1448 TSval=2916039659 TSecr=3045559432 [TCP segment of a reassembled PDU]"
"50135","35.578995808","192.168.1.55","192.168.1.2","TCP","1514","8004  >  36510 [ACK] Seq=311510 Ack=141 Win=65024 Len=1448 TSval=2916039659 TSecr=3045559432 [TCP segment of a reassembled PDU]"
"50136","35.578997196","192.168.1.55","192.168.1.2","TCP","1514","8004  >  36510 [ACK] Seq=312958 Ack=141 Win=65024 Len=1448 TSval=2916039659 TSecr=3045559432 [TCP segment of a reassembled PDU]"
"50137","35.578998641","192.168.1.55","192.168.1.2","TCP","1514","8004  >  36510 [ACK] Seq=314406 Ack=141 Win=65024 Len=1448 TSval=2916039659 TSecr=3045559432 [TCP segment of a reassembled PDU]"
"50138","35.579000030","192.168.1.55","192.168.1.2","TCP","1514","8004  >  36510 [ACK] Seq=315854 Ack=141 Win=65024 Len=1448 TSval=2916039659 TSecr=3045559432 [TCP segment of a reassembled PDU]"
"50139","35.579001826","192.168.1.55","192.168.1.2","TCP","1514","8004  >  36510 [ACK] Seq=317302 Ack=141 Win=65024 Len=1448 TSval=2916039659 TSecr=3045559432 [TCP segment of a reassembled PDU]"
"50140","35.579003141","192.168.1.55","192.168.1.2","TCP","1514","8004  >  36510 [ACK] Seq=318750 Ack=141 Win=65024 Len=1448 TSval=2916039659 TSecr=3045559432 [TCP segment of a reassembled PDU]"
"50141","35.579004530","192.168.1.55","192.168.1.2","TCP","1514","8004  >  36510 [ACK] Seq=320198 Ack=141 Win=65024 Len=1448 TSval=2916039659 TSecr=3045559432 [TCP segment of a reassembled PDU]"
"50142","35.579005974","192.168.1.55","192.168.1.2","TCP","1514","8004  >  36510 [ACK] Seq=321646 Ack=141 Win=65024 Len=1448 TSval=2916039659 TSecr=3045559432 [TCP segment of a reassembled PDU]"
"50143","35.579007419","192.168.1.55","192.168.1.2","TCP","1514","8004  >  36510 [ACK] Seq=323094 Ack=141 Win=65024 Len=1448 TSval=2916039659 TSecr=3045559432 [TCP segment of a reassembled PDU]"
"50144","35.579008919","192.168.1.55","192.168.1.2","TCP","1514","8004  >  36510 [ACK] Seq=324542 Ack=141 Win=65024 Len=1448 TSval=2916039659 TSecr=3045559432 [TCP segment of a reassembled PDU]"
"50145","35.579010289","192.168.1.55","192.168.1.2","TCP","1514","8004  >  36510 [ACK] Seq=325990 Ack=141 Win=65024 Len=1448 TSval=2916039659 TSecr=3045559432 [TCP segment of a reassembled PDU]"
"50146","35.579011752","192.168.1.55","192.168.1.2","TCP","1514","8004  >  36510 [PSH, ACK] Seq=327438 Ack=141 Win=65024 Len=1448 TSval=2916039659 TSecr=3045559432 [TCP segment of a reassembled PDU]"
"50147","35.579087456","192.168.1.2","192.168.1.55","TCP","66","36510  >  8004 [ACK] Seq=141 Ack=261734 Win=77824 Len=0 TSval=3045559433 TSecr=2916039652"
"50148","35.579095067","192.168.1.2","192.168.1.55","TCP","66","36510  >  8004 [ACK] Seq=141 Ack=286894 Win=55296 Len=0 TSval=3045559433 TSecr=2916039652"
"50149","35.579900420","192.168.1.2","192.168.1.55","TCP","66","36510  >  8004 [ACK] Seq=141 Ack=299926 Win=91136 Len=0 TSval=3045559435 TSecr=2916039655"
"50150","35.579933661","192.168.1.55","192.168.1.2","TCP","1514","8004  >  36510 [ACK] Seq=328886 Ack=141 Win=65024 Len=1448 TSval=2916039660 TSecr=3045559435 [TCP segment of a reassembled PDU]"
"50151","35.579935994","192.168.1.55","192.168.1.2","TCP","1514","8004  >  36510 [ACK] Seq=330334 Ack=141 Win=65024 Len=1448 TSval=2916039660 TSecr=3045559435 [TCP segment of a reassembled PDU]"
"50152","35.579937716","192.168.1.55","192.168.1.2","TCP","1514","8004  >  36510 [ACK] Seq=331782 Ack=141 Win=65024 Len=1448 TSval=2916039660 TSecr=3045559435 [TCP segment of a reassembled PDU]"
"50153","35.579939216","192.168.1.55","192.168.1.2","TCP","1514","8004  >  36510 [ACK] Seq=333230 Ack=141 Win=65024 Len=1448 TSval=2916039660 TSecr=3045559435 [TCP segment of a reassembled PDU]"
"50154","35.579940698","192.168.1.55","192.168.1.2","TCP","1514","8004  >  36510 [ACK] Seq=334678 Ack=141 Win=65024 Len=1448 TSval=2916039660 TSecr=3045559435 [TCP segment of a reassembled PDU]"
"50155","35.579942105","192.168.1.55","192.168.1.2","TCP","1514","8004  >  36510 [ACK] Seq=336126 Ack=141 Win=65024 Len=1448 TSval=2916039660 TSecr=3045559435 [TCP segment of a reassembled PDU]"
"50156","35.579943439","192.168.1.55","192.168.1.2","TCP","1514","8004  >  36510 [ACK] Seq=337574 Ack=141 Win=65024 Len=1448 TSval=2916039660 TSecr=3045559435 [TCP segment of a reassembled PDU]"
"50157","35.579944902","192.168.1.55","192.168.1.2","TCP","1514","8004  >  36510 [ACK] Seq=339022 Ack=141 Win=65024 Len=1448 TSval=2916039660 TSecr=3045559435 [TCP segment of a reassembled PDU]"
"50158","35.579946420","192.168.1.55","192.168.1.2","TCP","1514","8004  >  36510 [ACK] Seq=340470 Ack=141 Win=65024 Len=1448 TSval=2916039660 TSecr=3045559435 [TCP segment of a reassembled PDU]"
"50159","35.579947865","192.168.1.55","192.168.1.2","TCP","1514","8004  >  36510 [ACK] Seq=341918 Ack=141 Win=65024 Len=1448 TSval=2916039660 TSecr=3045559435 [TCP segment of a reassembled PDU]"
"50160","35.579949161","192.168.1.55","192.168.1.2","TCP","1514","8004  >  36510 [ACK] Seq=343366 Ack=141 Win=65024 Len=1448 TSval=2916039660 TSecr=3045559435 [TCP segment of a reassembled PDU]"
"50161","35.579950568","192.168.1.55","192.168.1.2","TCP","1514","8004  >  36510 [ACK] Seq=344814 Ack=141 Win=65024 Len=1448 TSval=2916039660 TSecr=3045559435 [TCP segment of a reassembled PDU]"
"50162","35.579951994","192.168.1.55","192.168.1.2","TCP","1514","8004  >  36510 [ACK] Seq=346262 Ack=141 Win=65024 Len=1448 TSval=2916039660 TSecr=3045559435 [TCP segment of a reassembled PDU]"
"50163","35.579953272","192.168.1.55","192.168.1.2","TCP","1514","8004  >  36510 [ACK] Seq=347710 Ack=141 Win=65024 Len=1448 TSval=2916039660 TSecr=3045559435 [TCP segment of a reassembled PDU]"
"50164","35.579954587","192.168.1.55","192.168.1.2","TCP","1514","8004  >  36510 [ACK] Seq=349158 Ack=141 Win=65024 Len=1448 TSval=2916039660 TSecr=3045559435 [TCP segment of a reassembled PDU]"
"50165","35.579955976","192.168.1.55","192.168.1.2","TCP","1514","8004  >  36510 [ACK] Seq=350606 Ack=141 Win=65024 Len=1448 TSval=2916039660 TSecr=3045559435 [TCP segment of a reassembled PDU]"
"50166","35.579957346","192.168.1.55","192.168.1.2","TCP","1514","8004  >  36510 [ACK] Seq=352054 Ack=141 Win=65024 Len=1448 TSval=2916039660 TSecr=3045559435 [TCP segment of a reassembled PDU]"
"50167","35.579958828","192.168.1.55","192.168.1.2","TCP","1514","8004  >  36510 [ACK] Seq=353502 Ack=141 Win=65024 Len=1448 TSval=2916039660 TSecr=3045559435 [TCP segment of a reassembled PDU]"
"50168","35.579960124","192.168.1.55","192.168.1.2","TCP","1514","8004  >  36510 [ACK] Seq=354950 Ack=141 Win=65024 Len=1448 TSval=2916039660 TSecr=3045559435 [TCP segment of a reassembled PDU]"
"50169","35.579961420","192.168.1.55","192.168.1.2","TCP","1514","8004  >  36510 [ACK] Seq=356398 Ack=141 Win=65024 Len=1448 TSval=2916039660 TSecr=3045559435 [TCP segment of a reassembled PDU]"
"50170","35.579962735","192.168.1.55","192.168.1.2","TCP","1514","8004  >  36510 [ACK] Seq=357846 Ack=141 Win=65024 Len=1448 TSval=2916039660 TSecr=3045559435 [TCP segment of a reassembled PDU]"
"50171","35.579964087","192.168.1.55","192.168.1.2","TCP","1514","8004  >  36510 [ACK] Seq=359294 Ack=141 Win=65024 Len=1448 TSval=2916039660 TSecr=3045559435 [TCP segment of a reassembled PDU]"
"50172","35.579965531","192.168.1.55","192.168.1.2","TCP","1514","8004  >  36510 [ACK] Seq=360742 Ack=141 Win=65024 Len=1448 TSval=2916039660 TSecr=3045559435 [TCP segment of a reassembled PDU]"
"50173","35.579966828","192.168.1.55","192.168.1.2","TCP","1514","8004  >  36510 [ACK] Seq=362190 Ack=141 Win=65024 Len=1448 TSval=2916039660 TSecr=3045559435 [TCP segment of a reassembled PDU]"
"50174","35.579968235","192.168.1.55","192.168.1.2","TCP","1514","8004  >  36510 [ACK] Seq=363638 Ack=141 Win=65024 Len=1448 TSval=2916039660 TSecr=3045559435 [TCP segment of a reassembled PDU]"
"50175","35.579969661","192.168.1.55","192.168.1.2","TCP","1514","8004  >  36510 [ACK] Seq=365086 Ack=141 Win=65024 Len=1448 TSval=2916039660 TSecr=3045559435 [TCP segment of a reassembled PDU]"
"50176","35.579971142","192.168.1.55","192.168.1.2","TCP","1514","8004  >  36510 [ACK] Seq=366534 Ack=141 Win=65024 Len=1448 TSval=2916039660 TSecr=3045559435 [TCP segment of a reassembled PDU]"
"50177","35.579972531","192.168.1.55","192.168.1.2","TCP","1514","8004  >  36510 [ACK] Seq=367982 Ack=141 Win=65024 Len=1448 TSval=2916039660 TSecr=3045559435 [TCP segment of a reassembled PDU]"
"50178","35.579973828","192.168.1.55","192.168.1.2","TCP","1514","8004  >  36510 [PSH, ACK] Seq=369430 Ack=141 Win=65024 Len=1448 TSval=2916039660 TSecr=3045559435 [TCP segment of a reassembled PDU]"
"50179","35.579991420","192.168.1.55","192.168.1.2","TCP","1514","8004  >  36510 [ACK] Seq=370878 Ack=141 Win=65024 Len=1448 TSval=2916039660 TSecr=3045559435 [TCP segment of a reassembled PDU]"
"50180","35.579993124","192.168.1.55","192.168.1.2","TCP","1514","8004  >  36510 [ACK] Seq=372326 Ack=141 Win=65024 Len=1448 TSval=2916039660 TSecr=3045559435 [TCP segment of a reassembled PDU]"
"50181","35.579994457","192.168.1.55","192.168.1.2","TCP","1514","8004  >  36510 [ACK] Seq=373774 Ack=141 Win=65024 Len=1448 TSval=2916039660 TSecr=3045559435 [TCP segment of a reassembled PDU]"
"50182","35.579995846","192.168.1.55","192.168.1.2","TCP","1514","8004  >  36510 [ACK] Seq=375222 Ack=141 Win=65024 Len=1448 TSval=2916039660 TSecr=3045559435 [TCP segment of a reassembled PDU]"
"50183","35.579997235","192.168.1.55","192.168.1.2","TCP","1514","8004  >  36510 [ACK] Seq=376670 Ack=141 Win=65024 Len=1448 TSval=2916039660 TSecr=3045559435 [TCP segment of a reassembled PDU]"
"50184","35.579998846","192.168.1.55","192.168.1.2","TCP","1514","8004  >  36510 [ACK] Seq=378118 Ack=141 Win=65024 Len=1448 TSval=2916039660 TSecr=3045559435 [TCP segment of a reassembled PDU]"
"50185","35.580000476","192.168.1.55","192.168.1.2","TCP","1514","8004  >  36510 [ACK] Seq=379566 Ack=141 Win=65024 Len=1448 TSval=2916039660 TSecr=3045559435 [TCP segment of a reassembled PDU]"
"50186","35.580001939","192.168.1.55","192.168.1.2","TCP","1514","8004  >  36510 [ACK] Seq=381014 Ack=141 Win=65024 Len=1448 TSval=2916039660 TSecr=3045559435 [TCP segment of a reassembled PDU]"
"50187","35.580003235","192.168.1.55","192.168.1.2","TCP","1514","8004  >  36510 [ACK] Seq=382462 Ack=141 Win=65024 Len=1448 TSval=2916039660 TSecr=3045559435 [TCP segment of a reassembled PDU]"
"50188","35.580004531","192.168.1.55","192.168.1.2","TCP","1514","8004  >  36510 [ACK] Seq=383910 Ack=141 Win=65024 Len=1448 TSval=2916039660 TSecr=3045559435 [TCP segment of a reassembled PDU]"
"50189","35.580005828","192.168.1.55","192.168.1.2","TCP","1514","8004  >  36510 [ACK] Seq=385358 Ack=141 Win=65024 Len=1448 TSval=2916039660 TSecr=3045559435 [TCP segment of a reassembled PDU]"
"50190","35.580007161","192.168.1.55","192.168.1.2","TCP","1514","8004  >  36510 [ACK] Seq=386806 Ack=141 Win=65024 Len=1448 TSval=2916039660 TSecr=3045559435 [TCP segment of a reassembled PDU]"
"50191","35.580008531","192.168.1.55","192.168.1.2","TCP","1514","8004  >  36510 [ACK] Seq=388254 Ack=141 Win=65024 Len=1448 TSval=2916039660 TSecr=3045559435 [TCP segment of a reassembled PDU]"
"50192","35.580009809","192.168.1.55","192.168.1.2","TCP","1426","[TCP Window Full] 8004  >  36510 [PSH, ACK] Seq=389702 Ack=141 Win=65024 Len=1360 TSval=2916039660 TSecr=3045559435 [TCP segment of a reassembled PDU]"
"50193","35.584347094","192.168.1.2","192.168.1.55","TCP","66","36510  >  8004 [ACK] Seq=141 Ack=301374 Win=101376 Len=0 TSval=3045559440 TSecr=2916039659"
"50194","35.584362446","192.168.1.55","192.168.1.2","TCP","1514","8004  >  36510 [ACK] Seq=391062 Ack=141 Win=65024 Len=1448 TSval=2916039665 TSecr=3045559440 [TCP segment of a reassembled PDU]"
"50195","35.584364798","192.168.1.55","192.168.1.2","TCP","1514","8004  >  36510 [ACK] Seq=392510 Ack=141 Win=65024 Len=1448 TSval=2916039665 TSecr=3045559440 [TCP segment of a reassembled PDU]"
"50196","35.584366464","192.168.1.55","192.168.1.2","TCP","1514","8004  >  36510 [ACK] Seq=393958 Ack=141 Win=65024 Len=1448 TSval=2916039665 TSecr=3045559440 [TCP segment of a reassembled PDU]"
"50197","35.584367742","192.168.1.55","192.168.1.2","TCP","1514","8004  >  36510 [ACK] Seq=395406 Ack=141 Win=65024 Len=1448 TSval=2916039665 TSecr=3045559440 [TCP segment of a reassembled PDU]"
"50198","35.584369020","192.168.1.55","192.168.1.2","TCP","1514","8004  >  36510 [ACK] Seq=396854 Ack=141 Win=65024 Len=1448 TSval=2916039665 TSecr=3045559440 [TCP segment of a reassembled PDU]"
"50199","35.584370390","192.168.1.55","192.168.1.2","TCP","1514","8004  >  36510 [ACK] Seq=398302 Ack=141 Win=65024 Len=1448 TSval=2916039665 TSecr=3045559440 [TCP segment of a reassembled PDU]"
"50200","35.584371705","192.168.1.55","192.168.1.2","TCP","1514","8004  >  36510 [ACK] Seq=399750 Ack=141 Win=65024 Len=1448 TSval=2916039665 TSecr=3045559440 [TCP segment of a reassembled PDU]"
"50201","35.584373075","192.168.1.55","192.168.1.2","TCP","1514","8004  >  36510 [PSH, ACK] Seq=401198 Ack=141 Win=65024 Len=1448 TSval=2916039665 TSecr=3045559440 [TCP segment of a reassembled PDU]"
"50202","35.584759669","192.168.1.2","192.168.1.55","TCP","66","36510  >  8004 [ACK] Seq=141 Ack=328886 Win=156672 Len=0 TSval=3045559440 TSecr=2916039659"
"50203","35.584774465","192.168.1.55","192.168.1.2","TCP","1514","8004  >  36510 [ACK] Seq=402646 Ack=141 Win=65024 Len=1448 TSval=2916039665 TSecr=3045559440 [TCP segment of a reassembled PDU]"
"50204","35.584776169","192.168.1.55","192.168.1.2","TCP","1514","8004  >  36510 [ACK] Seq=404094 Ack=141 Win=65024 Len=1448 TSval=2916039665 TSecr=3045559440 [TCP segment of a reassembled PDU]"
"50205","35.584777613","192.168.1.55","192.168.1.2","TCP","1514","8004  >  36510 [ACK] Seq=405542 Ack=141 Win=65024 Len=1448 TSval=2916039665 TSecr=3045559440 [TCP segment of a reassembled PDU]"
"50206","35.584778891","192.168.1.55","192.168.1.2","TCP","1514","8004  >  36510 [ACK] Seq=406990 Ack=141 Win=65024 Len=1448 TSval=2916039665 TSecr=3045559440 [TCP segment of a reassembled PDU]"
"50207","35.584780354","192.168.1.55","192.168.1.2","TCP","1514","8004  >  36510 [ACK] Seq=408438 Ack=141 Win=65024 Len=1448 TSval=2916039665 TSecr=3045559440 [TCP segment of a reassembled PDU]"
"50208","35.584781632","192.168.1.55","192.168.1.2","TCP","1514","8004  >  36510 [ACK] Seq=409886 Ack=141 Win=65024 Len=1448 TSval=2916039665 TSecr=3045559440 [TCP segment of a reassembled PDU]"
"50209","35.584782965","192.168.1.55","192.168.1.2","TCP","1514","8004  >  36510 [ACK] Seq=411334 Ack=141 Win=65024 Len=1448 TSval=2916039665 TSecr=3045559440 [TCP segment of a reassembled PDU]"
"50210","35.584784428","192.168.1.55","192.168.1.2","TCP","154","8004  >  36510 [PSH, ACK] Seq=412782 Ack=141 Win=65024 Len=88 TSval=2916039665 TSecr=3045559440 [TCP segment of a reassembled PDU]"
"50211","35.584812002","192.168.1.55","192.168.1.2","TCP","1514","8004  >  36510 [ACK] Seq=412870 Ack=141 Win=65024 Len=1448 TSval=2916039665 TSecr=3045559440 [TCP segment of a reassembled PDU]"
"50212","35.584813409","192.168.1.55","192.168.1.2","TCP","1514","8004  >  36510 [ACK] Seq=414318 Ack=141 Win=65024 Len=1448 TSval=2916039665 TSecr=3045559440 [TCP segment of a reassembled PDU]"
"50213","35.584814891","192.168.1.55","192.168.1.2","TCP","1514","8004  >  36510 [ACK] Seq=415766 Ack=141 Win=65024 Len=1448 TSval=2916039665 TSecr=3045559440 [TCP segment of a reassembled PDU]"
"50214","35.584816280","192.168.1.55","192.168.1.2","TCP","1514","8004  >  36510 [ACK] Seq=417214 Ack=141 Win=65024 Len=1448 TSval=2916039665 TSecr=3045559440 [TCP segment of a reassembled PDU]"
"50215","35.584817632","192.168.1.55","192.168.1.2","TCP","1514","8004  >  36510 [ACK] Seq=418662 Ack=141 Win=65024 Len=1448 TSval=2916039665 TSecr=3045559440 [TCP segment of a reassembled PDU]"
"50216","35.584819021","192.168.1.55","192.168.1.2","TCP","1514","8004  >  36510 [ACK] Seq=420110 Ack=141 Win=65024 Len=1448 TSval=2916039665 TSecr=3045559440 [TCP segment of a reassembled PDU]"
"50217","35.584820391","192.168.1.55","192.168.1.2","TCP","1514","8004  >  36510 [ACK] Seq=421558 Ack=141 Win=65024 Len=1448 TSval=2916039665 TSecr=3045559440 [TCP segment of a reassembled PDU]"
"50218","35.584822206","192.168.1.55","192.168.1.2","TCP","1514","8004  >  36510 [ACK] Seq=423006 Ack=141 Win=65024 Len=1448 TSval=2916039665 TSecr=3045559440 [TCP segment of a reassembled PDU]"
"50219","35.584823724","192.168.1.55","192.168.1.2","TCP","1514","8004  >  36510 [ACK] Seq=424454 Ack=141 Win=65024 Len=1448 TSval=2916039665 TSecr=3045559440 [TCP segment of a reassembled PDU]"
"50220","35.584825002","192.168.1.55","192.168.1.2","TCP","1514","8004  >  36510 [ACK] Seq=425902 Ack=141 Win=65024 Len=1448 TSval=2916039665 TSecr=3045559440 [TCP segment of a reassembled PDU]"
"50221","35.584826391","192.168.1.55","192.168.1.2","TCP","1514","8004  >  36510 [ACK] Seq=427350 Ack=141 Win=65024 Len=1448 TSval=2916039665 TSecr=3045559440 [TCP segment of a reassembled PDU]"
"50222","35.584827835","192.168.1.55","192.168.1.2","TCP","1514","8004  >  36510 [ACK] Seq=428798 Ack=141 Win=65024 Len=1448 TSval=2916039665 TSecr=3045559440 [TCP segment of a reassembled PDU]"
"50223","35.584829150","192.168.1.55","192.168.1.2","TCP","1514","8004  >  36510 [ACK] Seq=430246 Ack=141 Win=65024 Len=1448 TSval=2916039665 TSecr=3045559440 [TCP segment of a reassembled PDU]"
"50224","35.584830595","192.168.1.55","192.168.1.2","TCP","1514","8004  >  36510 [ACK] Seq=431694 Ack=141 Win=65024 Len=1448 TSval=2916039665 TSecr=3045559440 [TCP segment of a reassembled PDU]"
"50225","35.584831984","192.168.1.55","192.168.1.2","TCP","1514","8004  >  36510 [ACK] Seq=433142 Ack=141 Win=65024 Len=1448 TSval=2916039665 TSecr=3045559440 [TCP segment of a reassembled PDU]"
"50226","35.584833447","192.168.1.55","192.168.1.2","TCP","1514","8004  >  36510 [ACK] Seq=434590 Ack=141 Win=65024 Len=1448 TSval=2916039665 TSecr=3045559440 [TCP segment of a reassembled PDU]"
"50227","35.584834743","192.168.1.55","192.168.1.2","TCP","1514","8004  >  36510 [ACK] Seq=436038 Ack=141 Win=65024 Len=1448 TSval=2916039665 TSecr=3045559440 [TCP segment of a reassembled PDU]"
"50228","35.584836113","192.168.1.55","192.168.1.2","TCP","1514","8004  >  36510 [ACK] Seq=437486 Ack=141 Win=65024 Len=1448 TSval=2916039665 TSecr=3045559440 [TCP segment of a reassembled PDU]"
"50229","35.584837687","192.168.1.55","192.168.1.2","TCP","1514","8004  >  36510 [ACK] Seq=438934 Ack=141 Win=65024 Len=1448 TSval=2916039665 TSecr=3045559440 [TCP segment of a reassembled PDU]"
"50230","35.584839058","192.168.1.55","192.168.1.2","TCP","1514","8004  >  36510 [ACK] Seq=440382 Ack=141 Win=65024 Len=1448 TSval=2916039665 TSecr=3045559440 [TCP segment of a reassembled PDU]"
"50231","35.584840484","192.168.1.55","192.168.1.2","TCP","1514","8004  >  36510 [ACK] Seq=441830 Ack=141 Win=65024 Len=1448 TSval=2916039665 TSecr=3045559440 [TCP segment of a reassembled PDU]"
"50232","35.584841780","192.168.1.55","192.168.1.2","TCP","1514","8004  >  36510 [ACK] Seq=443278 Ack=141 Win=65024 Len=1448 TSval=2916039665 TSecr=3045559440 [TCP segment of a reassembled PDU]"
"50233","35.584843187","192.168.1.55","192.168.1.2","TCP","1514","8004  >  36510 [ACK] Seq=444726 Ack=141 Win=65024 Len=1448 TSval=2916039665 TSecr=3045559440 [TCP segment of a reassembled PDU]"
"50234","35.584844743","192.168.1.55","192.168.1.2","TCP","1514","8004  >  36510 [ACK] Seq=446174 Ack=141 Win=65024 Len=1448 TSval=2916039665 TSecr=3045559440 [TCP segment of a reassembled PDU]"
"50235","35.584846076","192.168.1.55","192.168.1.2","TCP","1514","8004  >  36510 [ACK] Seq=447622 Ack=141 Win=65024 Len=1448 TSval=2916039665 TSecr=3045559440 [TCP segment of a reassembled PDU]"
"50236","35.584847484","192.168.1.55","192.168.1.2","TCP","1514","8004  >  36510 [ACK] Seq=449070 Ack=141 Win=65024 Len=1448 TSval=2916039665 TSecr=3045559440 [TCP segment of a reassembled PDU]"
"50237","35.584848910","192.168.1.55","192.168.1.2","TCP","1514","8004  >  36510 [ACK] Seq=450518 Ack=141 Win=65024 Len=1448 TSval=2916039665 TSecr=3045559440 [TCP segment of a reassembled PDU]"
"50238","35.584850335","192.168.1.55","192.168.1.2","TCP","1514","8004  >  36510 [ACK] Seq=451966 Ack=141 Win=65024 Len=1448 TSval=2916039665 TSecr=3045559440 [TCP segment of a reassembled PDU]"
"50239","35.584851910","192.168.1.55","192.168.1.2","TCP","1514","8004  >  36510 [PSH, ACK] Seq=453414 Ack=141 Win=65024 Len=1448 TSval=2916039665 TSecr=3045559440 [TCP segment of a reassembled PDU]"
"50240","35.586034152","192.168.1.2","192.168.1.55","TCP","66","36510  >  8004 [ACK] Seq=141 Ack=383910 Win=110592 Len=0 TSval=3045559440 TSecr=2916039660"
"50241","35.586071356","192.168.1.55","192.168.1.2","TCP","1514","8004  >  36510 [ACK] Seq=454862 Ack=141 Win=65024 Len=1448 TSval=2916039666 TSecr=3045559440 [TCP segment of a reassembled PDU]"
"50242","35.586073411","192.168.1.55","192.168.1.2","TCP","1514","8004  >  36510 [ACK] Seq=456310 Ack=141 Win=65024 Len=1448 TSval=2916039666 TSecr=3045559440 [TCP segment of a reassembled PDU]"
"50243","35.586074708","192.168.1.55","192.168.1.2","TCP","1514","8004  >  36510 [ACK] Seq=457758 Ack=141 Win=65024 Len=1448 TSval=2916039666 TSecr=3045559440 [TCP segment of a reassembled PDU]"
"50244","35.586076041","192.168.1.55","192.168.1.2","TCP","1514","8004  >  36510 [ACK] Seq=459206 Ack=141 Win=65024 Len=1448 TSval=2916039666 TSecr=3045559440 [TCP segment of a reassembled PDU]"
"50245","35.586077411","192.168.1.55","192.168.1.2","TCP","1514","8004  >  36510 [ACK] Seq=460654 Ack=141 Win=65024 Len=1448 TSval=2916039666 TSecr=3045559440 [TCP segment of a reassembled PDU]"
"50246","35.586078671","192.168.1.55","192.168.1.2","TCP","1514","8004  >  36510 [ACK] Seq=462102 Ack=141 Win=65024 Len=1448 TSval=2916039666 TSecr=3045559440 [TCP segment of a reassembled PDU]"
"50247","35.586079967","192.168.1.55","192.168.1.2","TCP","1514","8004  >  36510 [ACK] Seq=463550 Ack=141 Win=65024 Len=1448 TSval=2916039666 TSecr=3045559440 [TCP segment of a reassembled PDU]"
"50248","35.586081449","192.168.1.55","192.168.1.2","TCP","1514","8004  >  36510 [ACK] Seq=464998 Ack=141 Win=65024 Len=1448 TSval=2916039666 TSecr=3045559440 [TCP segment of a reassembled PDU]"
"50249","35.586082800","192.168.1.55","192.168.1.2","TCP","1514","8004  >  36510 [ACK] Seq=466446 Ack=141 Win=65024 Len=1448 TSval=2916039666 TSecr=3045559440 [TCP segment of a reassembled PDU]"
"50250","35.586084208","192.168.1.55","192.168.1.2","TCP","1514","8004  >  36510 [ACK] Seq=467894 Ack=141 Win=65024 Len=1448 TSval=2916039666 TSecr=3045559440 [TCP segment of a reassembled PDU]"
"50251","35.586085504","192.168.1.55","192.168.1.2","TCP","1514","8004  >  36510 [ACK] Seq=469342 Ack=141 Win=65024 Len=1448 TSval=2916039666 TSecr=3045559440 [TCP segment of a reassembled PDU]"
"50252","35.586086782","192.168.1.55","192.168.1.2","TCP","1514","8004  >  36510 [ACK] Seq=470790 Ack=141 Win=65024 Len=1448 TSval=2916039666 TSecr=3045559440 [TCP segment of a reassembled PDU]"
"50253","35.586088060","192.168.1.55","192.168.1.2","TCP","1514","8004  >  36510 [ACK] Seq=472238 Ack=141 Win=65024 Len=1448 TSval=2916039666 TSecr=3045559440 [TCP segment of a reassembled PDU]"
"50254","35.586089356","192.168.1.55","192.168.1.2","TCP","1514","8004  >  36510 [ACK] Seq=473686 Ack=141 Win=65024 Len=1448 TSval=2916039666 TSecr=3045559440 [TCP segment of a reassembled PDU]"
"50255","35.586090745","192.168.1.55","192.168.1.2","TCP","1514","8004  >  36510 [ACK] Seq=475134 Ack=141 Win=65024 Len=1448 TSval=2916039666 TSecr=3045559440 [TCP segment of a reassembled PDU]"
"50256","35.586092115","192.168.1.55","192.168.1.2","TCP","1514","8004  >  36510 [ACK] Seq=476582 Ack=141 Win=65024 Len=1448 TSval=2916039666 TSecr=3045559440 [TCP segment of a reassembled PDU]"
"50257","35.586093837","192.168.1.55","192.168.1.2","TCP","1514","8004  >  36510 [ACK] Seq=478030 Ack=141 Win=65024 Len=1448 TSval=2916039666 TSecr=3045559440 [TCP segment of a reassembled PDU]"
"50258","35.586095208","192.168.1.55","192.168.1.2","TCP","1514","8004  >  36510 [ACK] Seq=479478 Ack=141 Win=65024 Len=1448 TSval=2916039666 TSecr=3045559440 [TCP segment of a reassembled PDU]"
"50259","35.586096504","192.168.1.55","192.168.1.2","TCP","1514","8004  >  36510 [ACK] Seq=480926 Ack=141 Win=65024 Len=1448 TSval=2916039666 TSecr=3045559440 [TCP segment of a reassembled PDU]"
"50260","35.586098374","192.168.1.55","192.168.1.2","TCP","1514","8004  >  36510 [ACK] Seq=482374 Ack=141 Win=65024 Len=1448 TSval=2916039666 TSecr=3045559440 [TCP segment of a reassembled PDU]"
"50261","35.586099837","192.168.1.55","192.168.1.2","TCP","1514","8004  >  36510 [ACK] Seq=483822 Ack=141 Win=65024 Len=1448 TSval=2916039666 TSecr=3045559440 [TCP segment of a reassembled PDU]"
"50262","35.586101486","192.168.1.55","192.168.1.2","TCP","1514","8004  >  36510 [ACK] Seq=485270 Ack=141 Win=65024 Len=1448 TSval=2916039666 TSecr=3045559440 [TCP segment of a reassembled PDU]"
"50263","35.586102893","192.168.1.55","192.168.1.2","TCP","1514","8004  >  36510 [ACK] Seq=486718 Ack=141 Win=65024 Len=1448 TSval=2916039666 TSecr=3045559440 [TCP segment of a reassembled PDU]"
"50264","35.586104171","192.168.1.55","192.168.1.2","TCP","1514","8004  >  36510 [ACK] Seq=488166 Ack=141 Win=65024 Len=1448 TSval=2916039666 TSecr=3045559440 [TCP segment of a reassembled PDU]"
"50265","35.586105578","192.168.1.55","192.168.1.2","TCP","1514","8004  >  36510 [ACK] Seq=489614 Ack=141 Win=65024 Len=1448 TSval=2916039666 TSecr=3045559440 [TCP segment of a reassembled PDU]"
"50266","35.586106874","192.168.1.55","192.168.1.2","TCP","1514","8004  >  36510 [ACK] Seq=491062 Ack=141 Win=65024 Len=1448 TSval=2916039666 TSecr=3045559440 [TCP segment of a reassembled PDU]"
"50267","35.586108152","192.168.1.55","192.168.1.2","TCP","1514","8004  >  36510 [PSH, ACK] Seq=492510 Ack=141 Win=65024 Len=1448 TSval=2916039666 TSecr=3045559440 [TCP segment of a reassembled PDU]"
"50268","35.591383901","192.168.1.2","192.168.1.55","TCP","66","36510  >  8004 [ACK] Seq=141 Ack=391062 Win=171008 Len=0 TSval=3045559446 TSecr=2916039660"
"50269","35.591395142","192.168.1.55","192.168.1.2","TCP","1514","8004  >  36510 [ACK] Seq=493958 Ack=141 Win=65024 Len=1448 TSval=2916039672 TSecr=3045559446 [TCP segment of a reassembled PDU]"
"50270","35.591397587","192.168.1.55","192.168.1.2","TCP","1514","8004  >  36510 [PSH, ACK] Seq=495406 Ack=141 Win=65024 Len=1448 TSval=2916039672 TSecr=3045559446 [TCP segment of a reassembled PDU]"
"50271","35.591403976","192.168.1.55","192.168.1.2","TCP","1514","8004  >  36510 [ACK] Seq=496854 Ack=141 Win=65024 Len=1448 TSval=2916039672 TSecr=3045559446 [TCP segment of a reassembled PDU]"
"50272","35.591407587","192.168.1.55","192.168.1.2","HTTP","1472","HTTP/1.0 200 OK  (PNG)"
"50273","35.591682087","192.168.1.2","192.168.1.55","TCP","66","36510  >  8004 [ACK] Seq=141 Ack=402646 Win=166912 Len=0 TSval=3045559446 TSecr=2916039665"
"50274","35.591690050","192.168.1.2","192.168.1.55","TCP","66","36510  >  8004 [ACK] Seq=141 Ack=411334 Win=171008 Len=0 TSval=3045559446 TSecr=2916039665"
"50275","35.591694587","192.168.1.2","192.168.1.55","TCP","66","36510  >  8004 [ACK] Seq=141 Ack=412870 Win=174080 Len=0 TSval=3045559446 TSecr=2916039665"
"50276","35.591747772","192.168.1.2","192.168.1.55","TCP","66","36510  >  8004 [ACK] Seq=141 Ack=454862 Win=147456 Len=0 TSval=3045559446 TSecr=2916039665"
"50277","35.591754698","192.168.1.2","192.168.1.55","TCP","66","36510  >  8004 [ACK] Seq=141 Ack=493958 Win=148480 Len=0 TSval=3045559447 TSecr=2916039666"
"50278","35.593215738","192.168.1.2","192.168.1.55","TCP","66","36510  >  8004 [ACK] Seq=141 Ack=495406 Win=177152 Len=0 TSval=3045559449 TSecr=2916039672"
"50279","35.593330590","192.168.1.2","192.168.1.55","TCP","66","36510  >  8004 [ACK] Seq=141 Ack=496854 Win=180224 Len=0 TSval=3045559449 TSecr=2916039672"
"50280","35.594198462","192.168.1.2","192.168.1.55","TCP","66","36510  >  8004 [ACK] Seq=141 Ack=498302 Win=182272 Len=0 TSval=3045559449 TSecr=2916039672"
"50281","35.595750094","192.168.1.2","192.168.1.55","TCP","66","36510  >  8004 [FIN, ACK] Seq=141 Ack=499709 Win=182272 Len=0 TSval=3045559450 TSecr=2916039672"
"50282","35.595761094","192.168.1.55","192.168.1.2","TCP","66","8004  >  36510 [ACK] Seq=499709 Ack=142 Win=65024 Len=0 TSval=2916039676 TSecr=3045559450"
"50283","35.595867742","192.168.1.2","192.168.1.55","TCP","74","36514  >  8004 [SYN] Seq=0 Win=64240 Len=0 MSS=1460 SACK_PERM TSval=3045559450 TSecr=0 WS=1024"
"50284","35.595891835","192.168.1.55","192.168.1.2","TCP","74","8004  >  36514 [SYN, ACK] Seq=0 Ack=1 Win=65160 Len=0 MSS=1460 SACK_PERM TSval=2916039676 TSecr=3045559450 WS=128"
"50285","35.599238747","192.168.1.2","192.168.1.55","TCP","66","36514  >  8004 [ACK] Seq=1 Ack=1 Win=64512 Len=0 TSval=3045559454 TSecr=2916039676"
"50286","35.601434695","192.168.1.2","192.168.1.55","HTTP","209","GET /original_benchmark.png HTTP/1.1 "
"50287","35.601445788","192.168.1.55","192.168.1.2","TCP","66","8004  >  36514 [ACK] Seq=1 Ack=144 Win=65024 Len=0 TSval=2916039682 TSecr=3045559454"
"50288","35.601933863","192.168.1.55","192.168.1.2","TCP","255","8004  >  36514 [PSH, ACK] Seq=1 Ack=144 Win=65024 Len=189 TSval=2916039682 TSecr=3045559454 [TCP segment of a reassembled PDU]"
"50289","35.602027789","192.168.1.55","192.168.1.2","TCP","1514","8004  >  36514 [ACK] Seq=190 Ack=144 Win=65024 Len=1448 TSval=2916039682 TSecr=3045559454 [TCP segment of a reassembled PDU]"
"50290","35.602033381","192.168.1.55","192.168.1.2","TCP","1514","8004  >  36514 [ACK] Seq=1638 Ack=144 Win=65024 Len=1448 TSval=2916039682 TSecr=3045559454 [TCP segment of a reassembled PDU]"
"50291","35.602034937","192.168.1.55","192.168.1.2","TCP","1514","8004  >  36514 [ACK] Seq=3086 Ack=144 Win=65024 Len=1448 TSval=2916039682 TSecr=3045559454 [TCP segment of a reassembled PDU]"
"50292","35.602036307","192.168.1.55","192.168.1.2","TCP","1514","8004  >  36514 [ACK] Seq=4534 Ack=144 Win=65024 Len=1448 TSval=2916039682 TSecr=3045559454 [TCP segment of a reassembled PDU]"
"50293","35.602038067","192.168.1.55","192.168.1.2","TCP","1514","8004  >  36514 [PSH, ACK] Seq=5982 Ack=144 Win=65024 Len=1448 TSval=2916039682 TSecr=3045559454 [TCP segment of a reassembled PDU]"
"50294","35.602056900","192.168.1.55","192.168.1.2","TCP","1514","8004  >  36514 [ACK] Seq=7430 Ack=144 Win=65024 Len=1448 TSval=2916039682 TSecr=3045559454 [TCP segment of a reassembled PDU]"
"50295","35.602058789","192.168.1.55","192.168.1.2","TCP","1514","8004  >  36514 [ACK] Seq=8878 Ack=144 Win=65024 Len=1448 TSval=2916039682 TSecr=3045559454 [TCP segment of a reassembled PDU]"
"50296","35.602064956","192.168.1.55","192.168.1.2","TCP","1514","8004  >  36514 [ACK] Seq=10326 Ack=144 Win=65024 Len=1448 TSval=2916039682 TSecr=3045559454 [TCP segment of a reassembled PDU]"
"50297","35.602066659","192.168.1.55","192.168.1.2","TCP","1514","8004  >  36514 [PSH, ACK] Seq=11774 Ack=144 Win=65024 Len=1448 TSval=2916039682 TSecr=3045559454 [TCP segment of a reassembled PDU]"
"50298","35.605411183","192.168.1.2","192.168.1.55","TCP","66","36514  >  8004 [ACK] Seq=144 Ack=190 Win=64512 Len=0 TSval=3045559460 TSecr=2916039682"
"50299","35.605458424","192.168.1.55","192.168.1.2","TCP","1514","8004  >  36514 [ACK] Seq=13222 Ack=144 Win=65024 Len=1448 TSval=2916039686 TSecr=3045559460 [TCP segment of a reassembled PDU]"
"50300","35.605464646","192.168.1.55","192.168.1.2","TCP","1514","8004  >  36514 [PSH, ACK] Seq=14670 Ack=144 Win=65024 Len=1448 TSval=2916039686 TSecr=3045559460 [TCP segment of a reassembled PDU]"
"50301","35.609449764","192.168.1.2","192.168.1.55","TCP","66","36514  >  8004 [ACK] Seq=144 Ack=5982 Win=76800 Len=0 TSval=3045559460 TSecr=2916039682"
"50302","35.609528523","192.168.1.55","192.168.1.2","TCP","1514","8004  >  36514 [ACK] Seq=16118 Ack=144 Win=65024 Len=1448 TSval=2916039690 TSecr=3045559460 [TCP segment of a reassembled PDU]"
"50303","35.609536005","192.168.1.55","192.168.1.2","TCP","1514","8004  >  36514 [ACK] Seq=17566 Ack=144 Win=65024 Len=1448 TSval=2916039690 TSecr=3045559460 [TCP segment of a reassembled PDU]"
"50304","35.609537893","192.168.1.55","192.168.1.2","TCP","1514","8004  >  36514 [ACK] Seq=19014 Ack=144 Win=65024 Len=1448 TSval=2916039690 TSecr=3045559460 [TCP segment of a reassembled PDU]"
"50305","35.609539523","192.168.1.55","192.168.1.2","TCP","1514","8004  >  36514 [ACK] Seq=20462 Ack=144 Win=65024 Len=1448 TSval=2916039690 TSecr=3045559460 [TCP segment of a reassembled PDU]"
"50306","35.609541282","192.168.1.55","192.168.1.2","TCP","1514","8004  >  36514 [ACK] Seq=21910 Ack=144 Win=65024 Len=1448 TSval=2916039690 TSecr=3045559460 [TCP segment of a reassembled PDU]"
"50307","35.609542894","192.168.1.55","192.168.1.2","TCP","1514","8004  >  36514 [ACK] Seq=23358 Ack=144 Win=65024 Len=1448 TSval=2916039690 TSecr=3045559460 [TCP segment of a reassembled PDU]"
"50308","35.609544523","192.168.1.55","192.168.1.2","TCP","1514","8004  >  36514 [PSH, ACK] Seq=24806 Ack=144 Win=65024 Len=1448 TSval=2916039690 TSecr=3045559460 [TCP segment of a reassembled PDU]"
"50309","35.609585208","192.168.1.2","192.168.1.55","TCP","66","36514  >  8004 [ACK] Seq=144 Ack=7430 Win=79872 Len=0 TSval=3045559461 TSecr=2916039682"
"50310","35.609661412","192.168.1.2","192.168.1.55","TCP","66","36514  >  8004 [ACK] Seq=144 Ack=13222 Win=90112 Len=0 TSval=3045559462 TSecr=2916039682"
"50311","35.609700764","192.168.1.55","192.168.1.2","TCP","1514","8004  >  36514 [ACK] Seq=26254 Ack=144 Win=65024 Len=1448 TSval=2916039690 TSecr=3045559462 [TCP segment of a reassembled PDU]"
"50312","35.609704468","192.168.1.55","192.168.1.2","TCP","1514","8004  >  36514 [ACK] Seq=27702 Ack=144 Win=65024 Len=1448 TSval=2916039690 TSecr=3045559462 [TCP segment of a reassembled PDU]"
"50313","35.609706672","192.168.1.55","192.168.1.2","TCP","1514","8004  >  36514 [ACK] Seq=29150 Ack=144 Win=65024 Len=1448 TSval=2916039690 TSecr=3045559462 [TCP segment of a reassembled PDU]"
"50314","35.609708486","192.168.1.55","192.168.1.2","TCP","1514","8004  >  36514 [ACK] Seq=30598 Ack=144 Win=65024 Len=1448 TSval=2916039690 TSecr=3045559462 [TCP segment of a reassembled PDU]"
"50315","35.609709968","192.168.1.55","192.168.1.2","TCP","1514","8004  >  36514 [ACK] Seq=32046 Ack=144 Win=65024 Len=1448 TSval=2916039690 TSecr=3045559462 [TCP segment of a reassembled PDU]"
"50316","35.609711597","192.168.1.55","192.168.1.2","TCP","1514","8004  >  36514 [ACK] Seq=33494 Ack=144 Win=65024 Len=1448 TSval=2916039690 TSecr=3045559462 [TCP segment of a reassembled PDU]"
"50317","35.609713616","192.168.1.55","192.168.1.2","TCP","1514","8004  >  36514 [ACK] Seq=34942 Ack=144 Win=65024 Len=1448 TSval=2916039690 TSecr=3045559462 [TCP segment of a reassembled PDU]"
"50318","35.609715486","192.168.1.55","192.168.1.2","TCP","1514","8004  >  36514 [ACK] Seq=36390 Ack=144 Win=65024 Len=1448 TSval=2916039690 TSecr=3045559462 [TCP segment of a reassembled PDU]"
"50319","35.609717320","192.168.1.55","192.168.1.2","TCP","1514","8004  >  36514 [ACK] Seq=37838 Ack=144 Win=65024 Len=1448 TSval=2916039690 TSecr=3045559462 [TCP segment of a reassembled PDU]"
"50320","35.609719505","192.168.1.55","192.168.1.2","TCP","1514","8004  >  36514 [PSH, ACK] Seq=39286 Ack=144 Win=65024 Len=1448 TSval=2916039690 TSecr=3045559462 [TCP segment of a reassembled PDU]"
"50321","35.609739135","192.168.1.2","192.168.1.55","TCP","66","36514  >  8004 [ACK] Seq=144 Ack=16118 Win=93184 Len=0 TSval=3045559463 TSecr=2916039686"
"50322","35.610472765","192.168.1.55","192.168.1.2","TCP","1514","8004  >  36514 [ACK] Seq=40734 Ack=144 Win=65024 Len=1448 TSval=2916039691 TSecr=3045559463 [TCP segment of a reassembled PDU]"
"50323","35.610479876","192.168.1.55","192.168.1.2","TCP","1514","8004  >  36514 [ACK] Seq=42182 Ack=144 Win=65024 Len=1448 TSval=2916039691 TSecr=3045559463 [TCP segment of a reassembled PDU]"
"50324","35.610481765","192.168.1.55","192.168.1.2","TCP","1514","8004  >  36514 [PSH, ACK] Seq=43630 Ack=144 Win=65024 Len=1448 TSval=2916039691 TSecr=3045559463 [TCP segment of a reassembled PDU]"
"50325","35.610494710","192.168.1.55","192.168.1.2","TCP","1514","8004  >  36514 [ACK] Seq=45078 Ack=144 Win=65024 Len=1448 TSval=2916039691 TSecr=3045559463 [TCP segment of a reassembled PDU]"
"50326","35.610496728","192.168.1.55","192.168.1.2","TCP","1514","8004  >  36514 [PSH, ACK] Seq=46526 Ack=144 Win=65024 Len=1448 TSval=2916039691 TSecr=3045559463 [TCP segment of a reassembled PDU]"
"50327","35.614596161","192.168.1.2","192.168.1.55","TCP","66","36514  >  8004 [ACK] Seq=144 Ack=26254 Win=86016 Len=0 TSval=3045559468 TSecr=2916039690"
"50328","35.614665420","192.168.1.55","192.168.1.2","TCP","1514","8004  >  36514 [ACK] Seq=47974 Ack=144 Win=65024 Len=1448 TSval=2916039695 TSecr=3045559468 [TCP segment of a reassembled PDU]"
"50329","35.614671494","192.168.1.55","192.168.1.2","TCP","1514","8004  >  36514 [ACK] Seq=49422 Ack=144 Win=65024 Len=1448 TSval=2916039695 TSecr=3045559468 [TCP segment of a reassembled PDU]"
"50330","35.614672679","192.168.1.55","192.168.1.2","TCP","1514","8004  >  36514 [ACK] Seq=50870 Ack=144 Win=65024 Len=1448 TSval=2916039695 TSecr=3045559468 [TCP segment of a reassembled PDU]"
"50331","35.614674735","192.168.1.55","192.168.1.2","TCP","1514","8004  >  36514 [ACK] Seq=52318 Ack=144 Win=65024 Len=1448 TSval=2916039695 TSecr=3045559468 [TCP segment of a reassembled PDU]"
"50332","35.614676957","192.168.1.55","192.168.1.2","TCP","1514","8004  >  36514 [ACK] Seq=53766 Ack=144 Win=65024 Len=1448 TSval=2916039695 TSecr=3045559468 [TCP segment of a reassembled PDU]"
"50333","35.614678568","192.168.1.55","192.168.1.2","TCP","1514","8004  >  36514 [ACK] Seq=55214 Ack=144 Win=65024 Len=1448 TSval=2916039695 TSecr=3045559468 [TCP segment of a reassembled PDU]"
"50334","35.614679809","192.168.1.55","192.168.1.2","TCP","1514","8004  >  36514 [ACK] Seq=56662 Ack=144 Win=65024 Len=1448 TSval=2916039695 TSecr=3045559468 [TCP segment of a reassembled PDU]"
"50335","35.614680865","192.168.1.55","192.168.1.2","TCP","1514","8004  >  36514 [ACK] Seq=58110 Ack=144 Win=65024 Len=1448 TSval=2916039695 TSecr=3045559468 [TCP segment of a reassembled PDU]"
"50336","35.614682013","192.168.1.55","192.168.1.2","TCP","1514","8004  >  36514 [ACK] Seq=59558 Ack=144 Win=65024 Len=1448 TSval=2916039695 TSecr=3045559468 [TCP segment of a reassembled PDU]"
"50337","35.614683142","192.168.1.55","192.168.1.2","TCP","1514","8004  >  36514 [ACK] Seq=61006 Ack=144 Win=65024 Len=1448 TSval=2916039695 TSecr=3045559468 [TCP segment of a reassembled PDU]"
"50338","35.614684828","192.168.1.55","192.168.1.2","TCP","1514","8004  >  36514 [ACK] Seq=62454 Ack=144 Win=65024 Len=1448 TSval=2916039695 TSecr=3045559468 [TCP segment of a reassembled PDU]"
"50339","35.614687013","192.168.1.55","192.168.1.2","TCP","1514","8004  >  36514 [ACK] Seq=63902 Ack=144 Win=65024 Len=1448 TSval=2916039695 TSecr=3045559468 [TCP segment of a reassembled PDU]"
"50340","35.614688568","192.168.1.55","192.168.1.2","TCP","1514","8004  >  36514 [ACK] Seq=65350 Ack=144 Win=65024 Len=1448 TSval=2916039695 TSecr=3045559468 [TCP segment of a reassembled PDU]"
"50341","35.614689568","192.168.1.55","192.168.1.2","TCP","1514","8004  >  36514 [PSH, ACK] Seq=66798 Ack=144 Win=65024 Len=1448 TSval=2916039695 TSecr=3045559468 [TCP segment of a reassembled PDU]"
"50342","35.614753680","192.168.1.2","192.168.1.55","TCP","66","36514  >  8004 [ACK] Seq=144 Ack=39286 Win=73728 Len=0 TSval=3045559468 TSecr=2916039690"
"50343","35.614781198","192.168.1.55","192.168.1.2","TCP","1514","8004  >  36514 [ACK] Seq=68246 Ack=144 Win=65024 Len=1448 TSval=2916039695 TSecr=3045559468 [TCP segment of a reassembled PDU]"
"50344","35.614782994","192.168.1.55","192.168.1.2","TCP","1514","8004  >  36514 [ACK] Seq=69694 Ack=144 Win=65024 Len=1448 TSval=2916039695 TSecr=3045559468 [TCP segment of a reassembled PDU]"
"50345","35.614784846","192.168.1.55","192.168.1.2","TCP","1514","8004  >  36514 [ACK] Seq=71142 Ack=144 Win=65024 Len=1448 TSval=2916039695 TSecr=3045559468 [TCP segment of a reassembled PDU]"
"50346","35.614786550","192.168.1.55","192.168.1.2","TCP","1514","8004  >  36514 [ACK] Seq=72590 Ack=144 Win=65024 Len=1448 TSval=2916039695 TSecr=3045559468 [TCP segment of a reassembled PDU]"
"50347","35.614788643","192.168.1.55","192.168.1.2","TCP","1514","8004  >  36514 [ACK] Seq=74038 Ack=144 Win=65024 Len=1448 TSval=2916039695 TSecr=3045559468 [TCP segment of a reassembled PDU]"
"50348","35.614790272","192.168.1.55","192.168.1.2","TCP","1514","8004  >  36514 [PSH, ACK] Seq=75486 Ack=144 Win=65024 Len=1448 TSval=2916039695 TSecr=3045559468 [TCP segment of a reassembled PDU]"
"50349","35.614797661","192.168.1.2","192.168.1.55","TCP","66","36514  >  8004 [ACK] Seq=144 Ack=40734 Win=94208 Len=0 TSval=3045559469 TSecr=2916039690"
"50350","35.614831939","192.168.1.55","192.168.1.2","TCP","1514","8004  >  36514 [ACK] Seq=76934 Ack=144 Win=65024 Len=1448 TSval=2916039695 TSecr=3045559469 [TCP segment of a reassembled PDU]"
"50351","35.614836032","192.168.1.55","192.168.1.2","TCP","1514","8004  >  36514 [ACK] Seq=78382 Ack=144 Win=65024 Len=1448 TSval=2916039695 TSecr=3045559469 [TCP segment of a reassembled PDU]"
"50352","35.614837606","192.168.1.55","192.168.1.2","TCP","1514","8004  >  36514 [ACK] Seq=79830 Ack=144 Win=65024 Len=1448 TSval=2916039695 TSecr=3045559469 [TCP segment of a reassembled PDU]"
"50353","35.614839069","192.168.1.55","192.168.1.2","TCP","1514","8004  >  36514 [ACK] Seq=81278 Ack=144 Win=65024 Len=1448 TSval=2916039695 TSecr=3045559469 [TCP segment of a reassembled PDU]"
"50354","35.614840383","192.168.1.55","192.168.1.2","TCP","1514","8004  >  36514 [ACK] Seq=82726 Ack=144 Win=65024 Len=1448 TSval=2916039695 TSecr=3045559469 [TCP segment of a reassembled PDU]"
"50355","35.614841550","192.168.1.55","192.168.1.2","TCP","1514","8004  >  36514 [ACK] Seq=84174 Ack=144 Win=65024 Len=1448 TSval=2916039695 TSecr=3045559469 [TCP segment of a reassembled PDU]"
"50356","35.614842939","192.168.1.55","192.168.1.2","TCP","1514","8004  >  36514 [ACK] Seq=85622 Ack=144 Win=65024 Len=1448 TSval=2916039695 TSecr=3045559469 [TCP segment of a reassembled PDU]"
"50357","35.614844198","192.168.1.55","192.168.1.2","TCP","1514","8004  >  36514 [ACK] Seq=87070 Ack=144 Win=65024 Len=1448 TSval=2916039695 TSecr=3045559469 [TCP segment of a reassembled PDU]"
"50358","35.614845272","192.168.1.55","192.168.1.2","TCP","1514","8004  >  36514 [ACK] Seq=88518 Ack=144 Win=65024 Len=1448 TSval=2916039695 TSecr=3045559469 [TCP segment of a reassembled PDU]"
"50359","35.614846809","192.168.1.55","192.168.1.2","TCP","1514","8004  >  36514 [ACK] Seq=89966 Ack=144 Win=65024 Len=1448 TSval=2916039695 TSecr=3045559469 [TCP segment of a reassembled PDU]"
"50360","35.614847976","192.168.1.55","192.168.1.2","TCP","1514","8004  >  36514 [ACK] Seq=91414 Ack=144 Win=65024 Len=1448 TSval=2916039695 TSecr=3045559469 [TCP segment of a reassembled PDU]"
"50361","35.614849087","192.168.1.55","192.168.1.2","TCP","1514","8004  >  36514 [ACK] Seq=92862 Ack=144 Win=65024 Len=1448 TSval=2916039695 TSecr=3045559469 [TCP segment of a reassembled PDU]"
"50362","35.614850087","192.168.1.55","192.168.1.2","TCP","1514","8004  >  36514 [ACK] Seq=94310 Ack=144 Win=65024 Len=1448 TSval=2916039695 TSecr=3045559469 [TCP segment of a reassembled PDU]"
"50363","35.614851550","192.168.1.55","192.168.1.2","TCP","1514","8004  >  36514 [PSH, ACK] Seq=95758 Ack=144 Win=65024 Len=1448 TSval=2916039695 TSecr=3045559469 [TCP segment of a reassembled PDU]"
"50364","35.614856995","192.168.1.2","192.168.1.55","TCP","66","36514  >  8004 [ACK] Seq=144 Ack=45078 Win=90112 Len=0 TSval=3045559469 TSecr=2916039691"
"50365","35.616090719","192.168.1.55","192.168.1.2","TCP","1514","8004  >  36514 [ACK] Seq=97206 Ack=144 Win=65024 Len=1448 TSval=2916039696 TSecr=3045559469 [TCP segment of a reassembled PDU]"
"50366","35.616094311","192.168.1.55","192.168.1.2","TCP","1514","8004  >  36514 [ACK] Seq=98654 Ack=144 Win=65024 Len=1448 TSval=2916039696 TSecr=3045559469 [TCP segment of a reassembled PDU]"
"50367","35.616095682","192.168.1.55","192.168.1.2","TCP","1514","8004  >  36514 [ACK] Seq=100102 Ack=144 Win=65024 Len=1448 TSval=2916039696 TSecr=3045559469 [TCP segment of a reassembled PDU]"
"50368","35.616097719","192.168.1.55","192.168.1.2","TCP","1514","8004  >  36514 [ACK] Seq=101550 Ack=144 Win=65024 Len=1448 TSval=2916039696 TSecr=3045559469 [TCP segment of a reassembled PDU]"
"50369","35.616099182","192.168.1.55","192.168.1.2","TCP","1514","8004  >  36514 [ACK] Seq=102998 Ack=144 Win=65024 Len=1448 TSval=2916039696 TSecr=3045559469 [TCP segment of a reassembled PDU]"
"50370","35.616100608","192.168.1.55","192.168.1.2","TCP","1514","8004  >  36514 [PSH, ACK] Seq=104446 Ack=144 Win=65024 Len=1448 TSval=2916039696 TSecr=3045559469 [TCP segment of a reassembled PDU]"
"50371","35.619331650","192.168.1.2","192.168.1.55","TCP","66","36514  >  8004 [ACK] Seq=144 Ack=47974 Win=93184 Len=0 TSval=3045559470 TSecr=2916039691"
"50372","35.619364224","192.168.1.55","192.168.1.2","TCP","1514","8004  >  36514 [ACK] Seq=105894 Ack=144 Win=65024 Len=1448 TSval=2916039700 TSecr=3045559470 [TCP segment of a reassembled PDU]"
"50373","35.619367780","192.168.1.55","192.168.1.2","TCP","1514","8004  >  36514 [ACK] Seq=107342 Ack=144 Win=65024 Len=1448 TSval=2916039700 TSecr=3045559470 [TCP segment of a reassembled PDU]"
"50374","35.619368909","192.168.1.55","192.168.1.2","TCP","1514","8004  >  36514 [ACK] Seq=108790 Ack=144 Win=65024 Len=1448 TSval=2916039700 TSecr=3045559470 [TCP segment of a reassembled PDU]"
"50375","35.619369909","192.168.1.55","192.168.1.2","TCP","1514","8004  >  36514 [PSH, ACK] Seq=110238 Ack=144 Win=65024 Len=1448 TSval=2916039700 TSecr=3045559470 [TCP segment of a reassembled PDU]"
"50376","35.621167801","192.168.1.2","192.168.1.55","TCP","66","36514  >  8004 [ACK] Seq=144 Ack=52318 Win=89088 Len=0 TSval=3045559474 TSecr=2916039695"
"50377","35.621180042","192.168.1.55","192.168.1.2","TCP","1514","8004  >  36514 [ACK] Seq=111686 Ack=144 Win=65024 Len=1448 TSval=2916039701 TSecr=3045559474 [TCP segment of a reassembled PDU]"
"50378","35.621182097","192.168.1.55","192.168.1.2","TCP","1514","8004  >  36514 [ACK] Seq=113134 Ack=144 Win=65024 Len=1448 TSval=2916039701 TSecr=3045559474 [TCP segment of a reassembled PDU]"
"50379","35.621183097","192.168.1.55","192.168.1.2","TCP","1514","8004  >  36514 [ACK] Seq=114582 Ack=144 Win=65024 Len=1448 TSval=2916039701 TSecr=3045559474 [TCP segment of a reassembled PDU]"
"50380","35.621184116","192.168.1.55","192.168.1.2","TCP","1514","8004  >  36514 [ACK] Seq=116030 Ack=144 Win=65024 Len=1448 TSval=2916039701 TSecr=3045559474 [TCP segment of a reassembled PDU]"
"50381","35.621185283","192.168.1.55","192.168.1.2","TCP","1514","8004  >  36514 [ACK] Seq=117478 Ack=144 Win=65024 Len=1448 TSval=2916039701 TSecr=3045559474 [TCP segment of a reassembled PDU]"
"50382","35.621186357","192.168.1.55","192.168.1.2","TCP","1514","8004  >  36514 [PSH, ACK] Seq=118926 Ack=144 Win=65024 Len=1448 TSval=2916039701 TSecr=3045559474 [TCP segment of a reassembled PDU]"
"50383","35.621513709","192.168.1.2","192.168.1.55","TCP","66","36514  >  8004 [ACK] Seq=144 Ack=68246 Win=79872 Len=0 TSval=3045559475 TSecr=2916039695"
"50384","35.621524209","192.168.1.55","192.168.1.2","TCP","1514","8004  >  36514 [ACK] Seq=120374 Ack=144 Win=65024 Len=1448 TSval=2916039702 TSecr=3045559475 [TCP segment of a reassembled PDU]"
"50385","35.621525820","192.168.1.55","192.168.1.2","TCP","1514","8004  >  36514 [PSH, ACK] Seq=121822 Ack=144 Win=65024 Len=1448 TSval=2916039702 TSecr=3045559475 [TCP segment of a reassembled PDU]"
"50386","35.621529394","192.168.1.2","192.168.1.55","TCP","66","36514  >  8004 [ACK] Seq=144 Ack=75486 Win=73728 Len=0 TSval=3045559475 TSecr=2916039695"
"50387","35.621551228","192.168.1.55","192.168.1.2","TCP","1514","8004  >  36514 [ACK] Seq=123270 Ack=144 Win=65024 Len=1448 TSval=2916039702 TSecr=3045559475 [TCP segment of a reassembled PDU]"
"50388","35.621552505","192.168.1.55","192.168.1.2","TCP","1514","8004  >  36514 [ACK] Seq=124718 Ack=144 Win=65024 Len=1448 TSval=2916039702 TSecr=3045559475 [TCP segment of a reassembled PDU]"
"50389","35.621553635","192.168.1.55","192.168.1.2","TCP","1514","8004  >  36514 [ACK] Seq=126166 Ack=144 Win=65024 Len=1448 TSval=2916039702 TSecr=3045559475 [TCP segment of a reassembled PDU]"
"50390","35.621554542","192.168.1.55","192.168.1.2","TCP","1514","8004  >  36514 [ACK] Seq=127614 Ack=144 Win=65024 Len=1448 TSval=2916039702 TSecr=3045559475 [TCP segment of a reassembled PDU]"
"50391","35.621555505","192.168.1.55","192.168.1.2","TCP","1514","8004  >  36514 [ACK] Seq=129062 Ack=144 Win=65024 Len=1448 TSval=2916039702 TSecr=3045559475 [TCP segment of a reassembled PDU]"
"50392","35.621556505","192.168.1.55","192.168.1.2","TCP","1514","8004  >  36514 [ACK] Seq=130510 Ack=144 Win=65024 Len=1448 TSval=2916039702 TSecr=3045559475 [TCP segment of a reassembled PDU]"
"50393","35.621557524","192.168.1.55","192.168.1.2","TCP","1514","8004  >  36514 [ACK] Seq=131958 Ack=144 Win=65024 Len=1448 TSval=2916039702 TSecr=3045559475 [TCP segment of a reassembled PDU]"
"50394","35.621558542","192.168.1.55","192.168.1.2","TCP","1514","8004  >  36514 [ACK] Seq=133406 Ack=144 Win=65024 Len=1448 TSval=2916039702 TSecr=3045559475 [TCP segment of a reassembled PDU]"
"50395","35.621559468","192.168.1.55","192.168.1.2","TCP","1514","8004  >  36514 [ACK] Seq=134854 Ack=144 Win=65024 Len=1448 TSval=2916039702 TSecr=3045559475 [TCP segment of a reassembled PDU]"
"50396","35.621560394","192.168.1.55","192.168.1.2","TCP","1514","8004  >  36514 [ACK] Seq=136302 Ack=144 Win=65024 Len=1448 TSval=2916039702 TSecr=3045559475 [TCP segment of a reassembled PDU]"
"50397","35.621561394","192.168.1.55","192.168.1.2","TCP","1514","8004  >  36514 [ACK] Seq=137750 Ack=144 Win=65024 Len=1448 TSval=2916039702 TSecr=3045559475 [TCP segment of a reassembled PDU]"
"50398","35.621562320","192.168.1.55","192.168.1.2","TCP","1514","8004  >  36514 [ACK] Seq=139198 Ack=144 Win=65024 Len=1448 TSval=2916039702 TSecr=3045559475 [TCP segment of a reassembled PDU]"
"50399","35.621563394","192.168.1.55","192.168.1.2","TCP","1514","8004  >  36514 [ACK] Seq=140646 Ack=144 Win=65024 Len=1448 TSval=2916039702 TSecr=3045559475 [TCP segment of a reassembled PDU]"
"50400","35.621564616","192.168.1.55","192.168.1.2","TCP","1514","8004  >  36514 [ACK] Seq=142094 Ack=144 Win=65024 Len=1448 TSval=2916039702 TSecr=3045559475 [TCP segment of a reassembled PDU]"
"50401","35.621565691","192.168.1.55","192.168.1.2","TCP","1514","8004  >  36514 [ACK] Seq=143542 Ack=144 Win=65024 Len=1448 TSval=2916039702 TSecr=3045559475 [TCP segment of a reassembled PDU]"
"50402","35.621566709","192.168.1.55","192.168.1.2","TCP","1514","8004  >  36514 [ACK] Seq=144990 Ack=144 Win=65024 Len=1448 TSval=2916039702 TSecr=3045559475 [TCP segment of a reassembled PDU]"
"50403","35.621567635","192.168.1.55","192.168.1.2","TCP","1514","8004  >  36514 [ACK] Seq=146438 Ack=144 Win=65024 Len=1448 TSval=2916039702 TSecr=3045559475 [TCP segment of a reassembled PDU]"
"50404","35.621568598","192.168.1.55","192.168.1.2","TCP","1394","[TCP Window Full] 8004  >  36514 [PSH, ACK] Seq=147886 Ack=144 Win=65024 Len=1328 TSval=2916039702 TSecr=3045559475 [TCP segment of a reassembled PDU]"
"50405","35.621573413","192.168.1.2","192.168.1.55","TCP","66","36514  >  8004 [ACK] Seq=144 Ack=76934 Win=94208 Len=0 TSval=3045559475 TSecr=2916039695"
"50406","35.621624709","192.168.1.2","192.168.1.55","TCP","66","36514  >  8004 [ACK] Seq=144 Ack=97206 Win=74752 Len=0 TSval=3045559475 TSecr=2916039695"
"50407","35.621650228","192.168.1.55","192.168.1.2","TCP","1514","8004  >  36514 [ACK] Seq=149214 Ack=144 Win=65024 Len=1448 TSval=2916039702 TSecr=3045559475 [TCP segment of a reassembled PDU]"
"50408","35.621652672","192.168.1.55","192.168.1.2","TCP","1514","8004  >  36514 [ACK] Seq=150662 Ack=144 Win=65024 Len=1448 TSval=2916039702 TSecr=3045559475 [TCP segment of a reassembled PDU]"
"50409","35.621654024","192.168.1.55","192.168.1.2","TCP","1514","8004  >  36514 [ACK] Seq=152110 Ack=144 Win=65024 Len=1448 TSval=2916039702 TSecr=3045559475 [TCP segment of a reassembled PDU]"
"50410","35.621654950","192.168.1.55","192.168.1.2","TCP","1514","8004  >  36514 [ACK] Seq=153558 Ack=144 Win=65024 Len=1448 TSval=2916039702 TSecr=3045559475 [TCP segment of a reassembled PDU]"
"50411","35.621655968","192.168.1.55","192.168.1.2","TCP","1514","8004  >  36514 [ACK] Seq=155006 Ack=144 Win=65024 Len=1448 TSval=2916039702 TSecr=3045559475 [TCP segment of a reassembled PDU]"
"50412","35.621657061","192.168.1.55","192.168.1.2","TCP","1514","8004  >  36514 [ACK] Seq=156454 Ack=144 Win=65024 Len=1448 TSval=2916039702 TSecr=3045559475 [TCP segment of a reassembled PDU]"
"50413","35.621657950","192.168.1.55","192.168.1.2","TCP","1514","8004  >  36514 [ACK] Seq=157902 Ack=144 Win=65024 Len=1448 TSval=2916039702 TSecr=3045559475 [TCP segment of a reassembled PDU]"
"50414","35.621659006","192.168.1.55","192.168.1.2","TCP","1514","8004  >  36514 [ACK] Seq=159350 Ack=144 Win=65024 Len=1448 TSval=2916039702 TSecr=3045559475 [TCP segment of a reassembled PDU]"
"50415","35.621660302","192.168.1.55","192.168.1.2","TCP","1514","8004  >  36514 [ACK] Seq=160798 Ack=144 Win=65024 Len=1448 TSval=2916039702 TSecr=3045559475 [TCP segment of a reassembled PDU]"
"50416","35.621662283","192.168.1.55","192.168.1.2","TCP","1514","8004  >  36514 [ACK] Seq=162246 Ack=144 Win=65024 Len=1448 TSval=2916039702 TSecr=3045559475 [TCP segment of a reassembled PDU]"
"50417","35.621663746","192.168.1.55","192.168.1.2","TCP","1514","8004  >  36514 [ACK] Seq=163694 Ack=144 Win=65024 Len=1448 TSval=2916039702 TSecr=3045559475 [TCP segment of a reassembled PDU]"
"50418","35.621665098","192.168.1.55","192.168.1.2","TCP","1514","8004  >  36514 [ACK] Seq=165142 Ack=144 Win=65024 Len=1448 TSval=2916039702 TSecr=3045559475 [TCP segment of a reassembled PDU]"
"50419","35.621666691","192.168.1.55","192.168.1.2","TCP","1514","8004  >  36514 [ACK] Seq=166590 Ack=144 Win=65024 Len=1448 TSval=2916039702 TSecr=3045559475 [TCP segment of a reassembled PDU]"
"50420","35.621668357","192.168.1.55","192.168.1.2","TCP","1514","8004  >  36514 [PSH, ACK] Seq=168038 Ack=144 Win=65024 Len=1448 TSval=2916039702 TSecr=3045559475 [TCP segment of a reassembled PDU]"
"50421","35.621676098","192.168.1.55","192.168.1.2","TCP","186","8004  >  36514 [ACK] Seq=169486 Ack=144 Win=65024 Len=120 TSval=2916039702 TSecr=3045559475 [TCP segment of a reassembled PDU]"
"50422","35.621679080","192.168.1.2","192.168.1.55","TCP","66","36514  >  8004 [ACK] Seq=144 Ack=105894 Win=66560 Len=0 TSval=3045559475 TSecr=2916039696"
"50423","35.621689117","192.168.1.55","192.168.1.2","TCP","1514","8004  >  36514 [ACK] Seq=169606 Ack=144 Win=65024 Len=1448 TSval=2916039702 TSecr=3045559475 [TCP segment of a reassembled PDU]"
"50424","35.624176343","192.168.1.2","192.168.1.55","TCP","66","36514  >  8004 [ACK] Seq=144 Ack=107342 Win=92160 Len=0 TSval=3045559476 TSecr=2916039700"
"50425","35.624215084","192.168.1.55","192.168.1.2","TCP","1514","8004  >  36514 [ACK] Seq=171054 Ack=144 Win=65024 Len=1448 TSval=2916039704 TSecr=3045559476 [TCP segment of a reassembled PDU]"
"50426","35.624219621","192.168.1.55","192.168.1.2","TCP","1514","8004  >  36514 [ACK] Seq=172502 Ack=144 Win=65024 Len=1448 TSval=2916039704 TSecr=3045559476 [TCP segment of a reassembled PDU]"
"50427","35.624221899","192.168.1.55","192.168.1.2","TCP","1514","8004  >  36514 [ACK] Seq=173950 Ack=144 Win=65024 Len=1448 TSval=2916039704 TSecr=3045559476 [TCP segment of a reassembled PDU]"
"50428","35.624223158","192.168.1.55","192.168.1.2","TCP","1514","8004  >  36514 [ACK] Seq=175398 Ack=144 Win=65024 Len=1448 TSval=2916039704 TSecr=3045559476 [TCP segment of a reassembled PDU]"
"50429","35.624224361","192.168.1.55","192.168.1.2","TCP","1514","8004  >  36514 [ACK] Seq=176846 Ack=144 Win=65024 Len=1448 TSval=2916039704 TSecr=3045559476 [TCP segment of a reassembled PDU]"
"50430","35.624225436","192.168.1.55","192.168.1.2","TCP","1514","8004  >  36514 [ACK] Seq=178294 Ack=144 Win=65024 Len=1448 TSval=2916039704 TSecr=3045559476 [TCP segment of a reassembled PDU]"
"50431","35.624226824","192.168.1.55","192.168.1.2","TCP","1514","8004  >  36514 [ACK] Seq=179742 Ack=144 Win=65024 Len=1448 TSval=2916039704 TSecr=3045559476 [TCP segment of a reassembled PDU]"
"50432","35.624228491","192.168.1.55","192.168.1.2","TCP","1514","8004  >  36514 [ACK] Seq=181190 Ack=144 Win=65024 Len=1448 TSval=2916039704 TSecr=3045559476 [TCP segment of a reassembled PDU]"
"50433","35.624229676","192.168.1.55","192.168.1.2","TCP","1514","8004  >  36514 [ACK] Seq=182638 Ack=144 Win=65024 Len=1448 TSval=2916039704 TSecr=3045559476 [TCP segment of a reassembled PDU]"
"50434","35.624231269","192.168.1.55","192.168.1.2","TCP","1514","8004  >  36514 [ACK] Seq=184086 Ack=144 Win=65024 Len=1448 TSval=2916039704 TSecr=3045559476 [TCP segment of a reassembled PDU]"
"50435","35.624232584","192.168.1.55","192.168.1.2","TCP","1514","8004  >  36514 [ACK] Seq=185534 Ack=144 Win=65024 Len=1448 TSval=2916039704 TSecr=3045559476 [TCP segment of a reassembled PDU]"
"50436","35.624233491","192.168.1.55","192.168.1.2","TCP","1514","8004  >  36514 [ACK] Seq=186982 Ack=144 Win=65024 Len=1448 TSval=2916039704 TSecr=3045559476 [TCP segment of a reassembled PDU]"
"50437","35.624234510","192.168.1.55","192.168.1.2","TCP","1514","8004  >  36514 [ACK] Seq=188430 Ack=144 Win=65024 Len=1448 TSval=2916039704 TSecr=3045559476 [TCP segment of a reassembled PDU]"
"50438","35.624235695","192.168.1.55","192.168.1.2","TCP","1514","8004  >  36514 [ACK] Seq=189878 Ack=144 Win=65024 Len=1448 TSval=2916039704 TSecr=3045559476 [TCP segment of a reassembled PDU]"
"50439","35.624236861","192.168.1.55","192.168.1.2","TCP","1514","8004  >  36514 [ACK] Seq=191326 Ack=144 Win=65024 Len=1448 TSval=2916039704 TSecr=3045559476 [TCP segment of a reassembled PDU]"
"50440","35.624237880","192.168.1.55","192.168.1.2","TCP","1514","8004  >  36514 [ACK] Seq=192774 Ack=144 Win=65024 Len=1448 TSval=2916039704 TSecr=3045559476 [TCP segment of a reassembled PDU]"
"50441","35.624238787","192.168.1.55","192.168.1.2","TCP","1514","8004  >  36514 [ACK] Seq=194222 Ack=144 Win=65024 Len=1448 TSval=2916039704 TSecr=3045559476 [TCP segment of a reassembled PDU]"
"50442","35.624239787","192.168.1.55","192.168.1.2","TCP","1514","8004  >  36514 [ACK] Seq=195670 Ack=144 Win=65024 Len=1448 TSval=2916039704 TSecr=3045559476 [TCP segment of a reassembled PDU]"
"50443","35.624240917","192.168.1.55","192.168.1.2","TCP","1514","8004  >  36514 [PSH, ACK] Seq=197118 Ack=144 Win=65024 Len=1448 TSval=2916039704 TSecr=3045559476 [TCP segment of a reassembled PDU]"
"50444","35.625015974","192.168.1.2","192.168.1.55","TCP","66","36514  >  8004 [ACK] Seq=144 Ack=108790 Win=92160 Len=0 TSval=3045559477 TSecr=2916039700"
"50445","35.625023011","192.168.1.2","192.168.1.55","TCP","66","36514  >  8004 [ACK] Seq=144 Ack=110238 Win=92160 Len=0 TSval=3045559478 TSecr=2916039700"
"50446","35.625025659","192.168.1.2","192.168.1.55","TCP","66","36514  >  8004 [ACK] Seq=144 Ack=111686 Win=92160 Len=0 TSval=3045559478 TSecr=2916039700"
"50447","35.627751145","192.168.1.2","192.168.1.55","TCP","66","36514  >  8004 [ACK] Seq=144 Ack=123270 Win=94208 Len=0 TSval=3045559481 TSecr=2916039701"
"50448","35.627779552","192.168.1.55","192.168.1.2","TCP","1514","8004  >  36514 [ACK] Seq=198566 Ack=144 Win=65024 Len=1448 TSval=2916039708 TSecr=3045559481 [TCP segment of a reassembled PDU]"
"50449","35.627782626","192.168.1.55","192.168.1.2","TCP","1514","8004  >  36514 [ACK] Seq=200014 Ack=144 Win=65024 Len=1448 TSval=2916039708 TSecr=3045559481 [TCP segment of a reassembled PDU]"
"50450","35.627783626","192.168.1.55","192.168.1.2","TCP","1514","8004  >  36514 [ACK] Seq=201462 Ack=144 Win=65024 Len=1448 TSval=2916039708 TSecr=3045559481 [TCP segment of a reassembled PDU]"
"50451","35.627784867","192.168.1.55","192.168.1.2","TCP","1514","8004  >  36514 [ACK] Seq=202910 Ack=144 Win=65024 Len=1448 TSval=2916039708 TSecr=3045559481 [TCP segment of a reassembled PDU]"
"50452","35.627786071","192.168.1.55","192.168.1.2","TCP","1514","8004  >  36514 [ACK] Seq=204358 Ack=144 Win=65024 Len=1448 TSval=2916039708 TSecr=3045559481 [TCP segment of a reassembled PDU]"
"50453","35.627787367","192.168.1.55","192.168.1.2","TCP","1514","8004  >  36514 [ACK] Seq=205806 Ack=144 Win=65024 Len=1448 TSval=2916039708 TSecr=3045559481 [TCP segment of a reassembled PDU]"
"50454","35.627788867","192.168.1.55","192.168.1.2","TCP","1514","8004  >  36514 [ACK] Seq=207254 Ack=144 Win=65024 Len=1448 TSval=2916039708 TSecr=3045559481 [TCP segment of a reassembled PDU]"
"50455","35.627790034","192.168.1.55","192.168.1.2","TCP","1514","8004  >  36514 [ACK] Seq=208702 Ack=144 Win=65024 Len=1448 TSval=2916039708 TSecr=3045559481 [TCP segment of a reassembled PDU]"
"50456","35.627791256","192.168.1.55","192.168.1.2","TCP","1514","8004  >  36514 [ACK] Seq=210150 Ack=144 Win=65024 Len=1448 TSval=2916039708 TSecr=3045559481 [TCP segment of a reassembled PDU]"
"50457","35.627792515","192.168.1.55","192.168.1.2","TCP","1514","8004  >  36514 [ACK] Seq=211598 Ack=144 Win=65024 Len=1448 TSval=2916039708 TSecr=3045559481 [TCP segment of a reassembled PDU]"
"50458","35.627793756","192.168.1.55","192.168.1.2","TCP","1514","8004  >  36514 [ACK] Seq=213046 Ack=144 Win=65024 Len=1448 TSval=2916039708 TSecr=3045559481 [TCP segment of a reassembled PDU]"
"50459","35.627794886","192.168.1.55","192.168.1.2","TCP","1514","8004  >  36514 [PSH, ACK] Seq=214494 Ack=144 Win=65024 Len=1448 TSval=2916039708 TSecr=3045559481 [TCP segment of a reassembled PDU]"
"50460","35.627866145","192.168.1.2","192.168.1.55","TCP","66","36514  >  8004 [ACK] Seq=144 Ack=149214 Win=86016 Len=0 TSval=3045559481 TSecr=2916039702"
"50461","35.627874904","192.168.1.2","192.168.1.55","TCP","66","36514  >  8004 [ACK] Seq=144 Ack=166590 Win=69632 Len=0 TSval=3045559481 TSecr=2916039702"
"50462","35.631056965","192.168.1.2","192.168.1.55","TCP","66","36514  >  8004 [ACK] Seq=144 Ack=169486 Win=100352 Len=0 TSval=3045559483 TSecr=2916039702"
"50463","35.631093743","192.168.1.55","192.168.1.2","TCP","1514","8004  >  36514 [ACK] Seq=215942 Ack=144 Win=65024 Len=1448 TSval=2916039711 TSecr=3045559483 [TCP segment of a reassembled PDU]"
"50464","35.631096280","192.168.1.55","192.168.1.2","TCP","1514","8004  >  36514 [ACK] Seq=217390 Ack=144 Win=65024 Len=1448 TSval=2916039711 TSecr=3045559483 [TCP segment of a reassembled PDU]"
"50465","35.631097261","192.168.1.55","192.168.1.2","TCP","1514","8004  >  36514 [ACK] Seq=218838 Ack=144 Win=65024 Len=1448 TSval=2916039711 TSecr=3045559483 [TCP segment of a reassembled PDU]"
"50466","35.631098169","192.168.1.55","192.168.1.2","TCP","1514","8004  >  36514 [ACK] Seq=220286 Ack=144 Win=65024 Len=1448 TSval=2916039711 TSecr=3045559483 [TCP segment of a reassembled PDU]"
"50467","35.631099187","192.168.1.55","192.168.1.2","TCP","1514","8004  >  36514 [ACK] Seq=221734 Ack=144 Win=65024 Len=1448 TSval=2916039711 TSecr=3045559483 [TCP segment of a reassembled PDU]"
"50468","35.631100076","192.168.1.55","192.168.1.2","TCP","1514","8004  >  36514 [ACK] Seq=223182 Ack=144 Win=65024 Len=1448 TSval=2916039711 TSecr=3045559483 [TCP segment of a reassembled PDU]"
"50469","35.631101317","192.168.1.55","192.168.1.2","TCP","1514","8004  >  36514 [ACK] Seq=224630 Ack=144 Win=65024 Len=1448 TSval=2916039711 TSecr=3045559483 [TCP segment of a reassembled PDU]"
"50470","35.631102280","192.168.1.55","192.168.1.2","TCP","1514","8004  >  36514 [ACK] Seq=226078 Ack=144 Win=65024 Len=1448 TSval=2916039711 TSecr=3045559483 [TCP segment of a reassembled PDU]"
"50471","35.631103391","192.168.1.55","192.168.1.2","TCP","1514","8004  >  36514 [ACK] Seq=227526 Ack=144 Win=65024 Len=1448 TSval=2916039711 TSecr=3045559483 [TCP segment of a reassembled PDU]"
"50472","35.631104428","192.168.1.55","192.168.1.2","TCP","1514","8004  >  36514 [ACK] Seq=228974 Ack=144 Win=65024 Len=1448 TSval=2916039711 TSecr=3045559483 [TCP segment of a reassembled PDU]"
"50473","35.631105632","192.168.1.55","192.168.1.2","TCP","1514","8004  >  36514 [ACK] Seq=230422 Ack=144 Win=65024 Len=1448 TSval=2916039711 TSecr=3045559483 [TCP segment of a reassembled PDU]"
"50474","35.631106928","192.168.1.55","192.168.1.2","TCP","1514","8004  >  36514 [ACK] Seq=231870 Ack=144 Win=65024 Len=1448 TSval=2916039711 TSecr=3045559483 [TCP segment of a reassembled PDU]"
"50475","35.631107836","192.168.1.55","192.168.1.2","TCP","1514","8004  >  36514 [ACK] Seq=233318 Ack=144 Win=65024 Len=1448 TSval=2916039711 TSecr=3045559483 [TCP segment of a reassembled PDU]"
"50476","35.631108743","192.168.1.55","192.168.1.2","TCP","1514","8004  >  36514 [ACK] Seq=234766 Ack=144 Win=65024 Len=1448 TSval=2916039711 TSecr=3045559483 [TCP segment of a reassembled PDU]"
"50477","35.631109780","192.168.1.55","192.168.1.2","TCP","1514","8004  >  36514 [ACK] Seq=236214 Ack=144 Win=65024 Len=1448 TSval=2916039711 TSecr=3045559483 [TCP segment of a reassembled PDU]"
"50478","35.631110706","192.168.1.55","192.168.1.2","TCP","1514","8004  >  36514 [ACK] Seq=237662 Ack=144 Win=65024 Len=1448 TSval=2916039711 TSecr=3045559483 [TCP segment of a reassembled PDU]"
"50479","35.631111687","192.168.1.55","192.168.1.2","TCP","1514","8004  >  36514 [ACK] Seq=239110 Ack=144 Win=65024 Len=1448 TSval=2916039711 TSecr=3045559483 [TCP segment of a reassembled PDU]"
"50480","35.631112613","192.168.1.55","192.168.1.2","TCP","1514","8004  >  36514 [ACK] Seq=240558 Ack=144 Win=65024 Len=1448 TSval=2916039711 TSecr=3045559483 [TCP segment of a reassembled PDU]"
"50481","35.631113613","192.168.1.55","192.168.1.2","TCP","1514","8004  >  36514 [ACK] Seq=242006 Ack=144 Win=65024 Len=1448 TSval=2916039711 TSecr=3045559483 [TCP segment of a reassembled PDU]"
"50482","35.631120428","192.168.1.55","192.168.1.2","TCP","1514","8004  >  36514 [ACK] Seq=243454 Ack=144 Win=65024 Len=1448 TSval=2916039711 TSecr=3045559483 [TCP segment of a reassembled PDU]"
"50483","35.631121502","192.168.1.55","192.168.1.2","TCP","1514","8004  >  36514 [ACK] Seq=244902 Ack=144 Win=65024 Len=1448 TSval=2916039711 TSecr=3045559483 [TCP segment of a reassembled PDU]"
"50484","35.631122484","192.168.1.55","192.168.1.2","TCP","1514","8004  >  36514 [ACK] Seq=246350 Ack=144 Win=65024 Len=1448 TSval=2916039711 TSecr=3045559483 [TCP segment of a reassembled PDU]"
"50485","35.631123373","192.168.1.55","192.168.1.2","TCP","1514","8004  >  36514 [ACK] Seq=247798 Ack=144 Win=65024 Len=1448 TSval=2916039711 TSecr=3045559483 [TCP segment of a reassembled PDU]"
"50486","35.631124298","192.168.1.55","192.168.1.2","TCP","1514","8004  >  36514 [ACK] Seq=249246 Ack=144 Win=65024 Len=1448 TSval=2916039711 TSecr=3045559483 [TCP segment of a reassembled PDU]"
"50487","35.631125243","192.168.1.55","192.168.1.2","TCP","1514","8004  >  36514 [ACK] Seq=250694 Ack=144 Win=65024 Len=1448 TSval=2916039711 TSecr=3045559483 [TCP segment of a reassembled PDU]"
"50488","35.631126132","192.168.1.55","192.168.1.2","TCP","1514","8004  >  36514 [ACK] Seq=252142 Ack=144 Win=65024 Len=1448 TSval=2916039711 TSecr=3045559483 [TCP segment of a reassembled PDU]"
"50489","35.631127187","192.168.1.55","192.168.1.2","TCP","1514","8004  >  36514 [ACK] Seq=253590 Ack=144 Win=65024 Len=1448 TSval=2916039711 TSecr=3045559483 [TCP segment of a reassembled PDU]"
"50490","35.631128076","192.168.1.55","192.168.1.2","TCP","1514","8004  >  36514 [ACK] Seq=255038 Ack=144 Win=65024 Len=1448 TSval=2916039711 TSecr=3045559483 [TCP segment of a reassembled PDU]"
"50491","35.631129021","192.168.1.55","192.168.1.2","TCP","1514","8004  >  36514 [ACK] Seq=256486 Ack=144 Win=65024 Len=1448 TSval=2916039711 TSecr=3045559483 [TCP segment of a reassembled PDU]"
"50492","35.631129947","192.168.1.55","192.168.1.2","TCP","1514","8004  >  36514 [ACK] Seq=257934 Ack=144 Win=65024 Len=1448 TSval=2916039711 TSecr=3045559483 [TCP segment of a reassembled PDU]"
"50493","35.631130910","192.168.1.55","192.168.1.2","TCP","1514","8004  >  36514 [ACK] Seq=259382 Ack=144 Win=65024 Len=1448 TSval=2916039711 TSecr=3045559483 [TCP segment of a reassembled PDU]"
"50494","35.631132261","192.168.1.55","192.168.1.2","TCP","1514","8004  >  36514 [PSH, ACK] Seq=260830 Ack=144 Win=65024 Len=1448 TSval=2916039711 TSecr=3045559483 [TCP segment of a reassembled PDU]"
"50495","35.631213021","192.168.1.2","192.168.1.55","TCP","66","36514  >  8004 [ACK] Seq=144 Ack=194222 Win=87040 Len=0 TSval=3045559483 TSecr=2916039702"
"50496","35.631224965","192.168.1.2","192.168.1.55","TCP","66","36514  >  8004 [ACK] Seq=144 Ack=195670 Win=102400 Len=0 TSval=3045559484 TSecr=2916039704"
"50497","35.631274762","192.168.1.55","192.168.1.2","TCP","1514","8004  >  36514 [ACK] Seq=262278 Ack=144 Win=65024 Len=1448 TSval=2916039711 TSecr=3045559484 [TCP segment of a reassembled PDU]"
"50498","35.631278077","192.168.1.55","192.168.1.2","TCP","1514","8004  >  36514 [ACK] Seq=263726 Ack=144 Win=65024 Len=1448 TSval=2916039711 TSecr=3045559484 [TCP segment of a reassembled PDU]"
"50499","35.631279114","192.168.1.55","192.168.1.2","TCP","1514","8004  >  36514 [ACK] Seq=265174 Ack=144 Win=65024 Len=1448 TSval=2916039711 TSecr=3045559484 [TCP segment of a reassembled PDU]"
"50500","35.631280484","192.168.1.55","192.168.1.2","TCP","1514","8004  >  36514 [ACK] Seq=266622 Ack=144 Win=65024 Len=1448 TSval=2916039711 TSecr=3045559484 [TCP segment of a reassembled PDU]"
"50501","35.631281558","192.168.1.55","192.168.1.2","TCP","1514","8004  >  36514 [ACK] Seq=268070 Ack=144 Win=65024 Len=1448 TSval=2916039711 TSecr=3045559484 [TCP segment of a reassembled PDU]"
"50502","35.631283002","192.168.1.55","192.168.1.2","TCP","1514","8004  >  36514 [ACK] Seq=269518 Ack=144 Win=65024 Len=1448 TSval=2916039711 TSecr=3045559484 [TCP segment of a reassembled PDU]"
"50503","35.631284410","192.168.1.55","192.168.1.2","TCP","1514","8004  >  36514 [ACK] Seq=270966 Ack=144 Win=65024 Len=1448 TSval=2916039711 TSecr=3045559484 [TCP segment of a reassembled PDU]"
"50504","35.631285428","192.168.1.55","192.168.1.2","TCP","1514","8004  >  36514 [ACK] Seq=272414 Ack=144 Win=65024 Len=1448 TSval=2916039711 TSecr=3045559484 [TCP segment of a reassembled PDU]"
"50505","35.631286354","192.168.1.55","192.168.1.2","TCP","1514","8004  >  36514 [ACK] Seq=273862 Ack=144 Win=65024 Len=1448 TSval=2916039711 TSecr=3045559484 [TCP segment of a reassembled PDU]"
"50506","35.631288002","192.168.1.55","192.168.1.2","TCP","1514","8004  >  36514 [ACK] Seq=275310 Ack=144 Win=65024 Len=1448 TSval=2916039711 TSecr=3045559484 [TCP segment of a reassembled PDU]"
"50507","35.631289095","192.168.1.55","192.168.1.2","TCP","1514","8004  >  36514 [ACK] Seq=276758 Ack=144 Win=65024 Len=1448 TSval=2916039711 TSecr=3045559484 [TCP segment of a reassembled PDU]"
"50508","35.631290243","192.168.1.55","192.168.1.2","TCP","1514","8004  >  36514 [ACK] Seq=278206 Ack=144 Win=65024 Len=1448 TSval=2916039711 TSecr=3045559484 [TCP segment of a reassembled PDU]"
"50509","35.631299577","192.168.1.55","192.168.1.2","TCP","1514","8004  >  36514 [ACK] Seq=279654 Ack=144 Win=65024 Len=1448 TSval=2916039711 TSecr=3045559484 [TCP segment of a reassembled PDU]"
"50510","35.631301391","192.168.1.55","192.168.1.2","TCP","1514","8004  >  36514 [ACK] Seq=281102 Ack=144 Win=65024 Len=1448 TSval=2916039711 TSecr=3045559484 [TCP segment of a reassembled PDU]"
"50511","35.631302577","192.168.1.55","192.168.1.2","TCP","1514","8004  >  36514 [ACK] Seq=282550 Ack=144 Win=65024 Len=1448 TSval=2916039711 TSecr=3045559484 [TCP segment of a reassembled PDU]"
"50512","35.631303725","192.168.1.55","192.168.1.2","TCP","1514","8004  >  36514 [ACK] Seq=283998 Ack=144 Win=65024 Len=1448 TSval=2916039711 TSecr=3045559484 [TCP segment of a reassembled PDU]"
"50513","35.631304817","192.168.1.55","192.168.1.2","TCP","1514","8004  >  36514 [ACK] Seq=285446 Ack=144 Win=65024 Len=1448 TSval=2916039711 TSecr=3045559484 [TCP segment of a reassembled PDU]"
"50514","35.631305854","192.168.1.55","192.168.1.2","TCP","1514","8004  >  36514 [ACK] Seq=286894 Ack=144 Win=65024 Len=1448 TSval=2916039711 TSecr=3045559484 [TCP segment of a reassembled PDU]"
"50515","35.631306984","192.168.1.55","192.168.1.2","TCP","1514","8004  >  36514 [ACK] Seq=288342 Ack=144 Win=65024 Len=1448 TSval=2916039711 TSecr=3045559484 [TCP segment of a reassembled PDU]"
"50516","35.631308243","192.168.1.55","192.168.1.2","TCP","1514","8004  >  36514 [ACK] Seq=289790 Ack=144 Win=65024 Len=1448 TSval=2916039711 TSecr=3045559484 [TCP segment of a reassembled PDU]"
"50517","35.631309206","192.168.1.55","192.168.1.2","TCP","1514","8004  >  36514 [ACK] Seq=291238 Ack=144 Win=65024 Len=1448 TSval=2916039711 TSecr=3045559484 [TCP segment of a reassembled PDU]"
"50518","35.631310299","192.168.1.55","192.168.1.2","TCP","1514","8004  >  36514 [ACK] Seq=292686 Ack=144 Win=65024 Len=1448 TSval=2916039711 TSecr=3045559484 [TCP segment of a reassembled PDU]"
"50519","35.631311484","192.168.1.55","192.168.1.2","TCP","1514","8004  >  36514 [ACK] Seq=294134 Ack=144 Win=65024 Len=1448 TSval=2916039711 TSecr=3045559484 [TCP segment of a reassembled PDU]"
"50520","35.631312910","192.168.1.55","192.168.1.2","TCP","1514","8004  >  36514 [ACK] Seq=295582 Ack=144 Win=65024 Len=1448 TSval=2916039711 TSecr=3045559484 [TCP segment of a reassembled PDU]"
"50521","35.631314317","192.168.1.55","192.168.1.2","TCP","1106","[TCP Window Full] 8004  >  36514 [PSH, ACK] Seq=297030 Ack=144 Win=65024 Len=1040 TSval=2916039711 TSecr=3045559484 [TCP segment of a reassembled PDU]"
"50522","35.631320836","192.168.1.2","192.168.1.55","TCP","66","36514  >  8004 [ACK] Seq=144 Ack=198566 Win=108544 Len=0 TSval=3045559484 TSecr=2916039704"
"50523","35.638977293","192.168.1.2","192.168.1.55","TCP","66","36514  >  8004 [ACK] Seq=144 Ack=202910 Win=108544 Len=0 TSval=3045559486 TSecr=2916039708"
"50524","35.639053756","192.168.1.55","192.168.1.2","TCP","1514","8004  >  36514 [ACK] Seq=298070 Ack=144 Win=65024 Len=1448 TSval=2916039719 TSecr=3045559486 [TCP segment of a reassembled PDU]"
"50525","35.639058385","192.168.1.55","192.168.1.2","TCP","1514","8004  >  36514 [ACK] Seq=299518 Ack=144 Win=65024 Len=1448 TSval=2916039719 TSecr=3045559486 [TCP segment of a reassembled PDU]"
"50526","35.639060737","192.168.1.55","192.168.1.2","TCP","1514","8004  >  36514 [ACK] Seq=300966 Ack=144 Win=65024 Len=1448 TSval=2916039719 TSecr=3045559486 [TCP segment of a reassembled PDU]"
"50527","35.639062237","192.168.1.55","192.168.1.2","TCP","1514","8004  >  36514 [ACK] Seq=302414 Ack=144 Win=65024 Len=1448 TSval=2916039719 TSecr=3045559486 [TCP segment of a reassembled PDU]"
"50528","35.639063367","192.168.1.55","192.168.1.2","TCP","1514","8004  >  36514 [ACK] Seq=303862 Ack=144 Win=65024 Len=1448 TSval=2916039719 TSecr=3045559486 [TCP segment of a reassembled PDU]"
"50529","35.639064311","192.168.1.55","192.168.1.2","TCP","1514","8004  >  36514 [ACK] Seq=305310 Ack=144 Win=65024 Len=1448 TSval=2916039719 TSecr=3045559486 [TCP segment of a reassembled PDU]"
"50530","35.639065219","192.168.1.55","192.168.1.2","TCP","1514","8004  >  36514 [PSH, ACK] Seq=306758 Ack=144 Win=65024 Len=1448 TSval=2916039719 TSecr=3045559486 [TCP segment of a reassembled PDU]"
"50531","35.639074052","192.168.1.55","192.168.1.2","TCP","474","8004  >  36514 [ACK] Seq=308206 Ack=144 Win=65024 Len=408 TSval=2916039719 TSecr=3045559486 [TCP segment of a reassembled PDU]"
"50532","35.639133034","192.168.1.2","192.168.1.55","TCP","66","36514  >  8004 [ACK] Seq=144 Ack=215942 Win=134144 Len=0 TSval=3045559487 TSecr=2916039708"
"50533","35.639141830","192.168.1.2","192.168.1.55","TCP","66","36514  >  8004 [ACK] Seq=144 Ack=262278 Win=128000 Len=0 TSval=3045559494 TSecr=2916039711"
"50534","35.639214904","192.168.1.55","192.168.1.2","TCP","1514","8004  >  36514 [ACK] Seq=308614 Ack=144 Win=65024 Len=1448 TSval=2916039719 TSecr=3045559494 [TCP segment of a reassembled PDU]"
"50535","35.639218626","192.168.1.55","192.168.1.2","TCP","1514","8004  >  36514 [ACK] Seq=310062 Ack=144 Win=65024 Len=1448 TSval=2916039719 TSecr=3045559494 [TCP segment of a reassembled PDU]"
"50536","35.639220552","192.168.1.55","192.168.1.2","TCP","1514","8004  >  36514 [ACK] Seq=311510 Ack=144 Win=65024 Len=1448 TSval=2916039719 TSecr=3045559494 [TCP segment of a reassembled PDU]"
"50537","35.639222126","192.168.1.55","192.168.1.2","TCP","1514","8004  >  36514 [ACK] Seq=312958 Ack=144 Win=65024 Len=1448 TSval=2916039719 TSecr=3045559494 [TCP segment of a reassembled PDU]"
"50538","35.639223126","192.168.1.55","192.168.1.2","TCP","1514","8004  >  36514 [ACK] Seq=314406 Ack=144 Win=65024 Len=1448 TSval=2916039719 TSecr=3045559494 [TCP segment of a reassembled PDU]"
"50539","35.639224626","192.168.1.55","192.168.1.2","TCP","1514","8004  >  36514 [ACK] Seq=315854 Ack=144 Win=65024 Len=1448 TSval=2916039719 TSecr=3045559494 [TCP segment of a reassembled PDU]"
"50540","35.639226293","192.168.1.55","192.168.1.2","TCP","1514","8004  >  36514 [ACK] Seq=317302 Ack=144 Win=65024 Len=1448 TSval=2916039719 TSecr=3045559494 [TCP segment of a reassembled PDU]"
"50541","35.639227645","192.168.1.55","192.168.1.2","TCP","1514","8004  >  36514 [ACK] Seq=318750 Ack=144 Win=65024 Len=1448 TSval=2916039719 TSecr=3045559494 [TCP segment of a reassembled PDU]"
"50542","35.639229219","192.168.1.55","192.168.1.2","TCP","1514","8004  >  36514 [ACK] Seq=320198 Ack=144 Win=65024 Len=1448 TSval=2916039719 TSecr=3045559494 [TCP segment of a reassembled PDU]"
"50543","35.639230182","192.168.1.55","192.168.1.2","TCP","1514","8004  >  36514 [ACK] Seq=321646 Ack=144 Win=65024 Len=1448 TSval=2916039719 TSecr=3045559494 [TCP segment of a reassembled PDU]"
"50544","35.639231163","192.168.1.55","192.168.1.2","TCP","1514","8004  >  36514 [ACK] Seq=323094 Ack=144 Win=65024 Len=1448 TSval=2916039719 TSecr=3045559494 [TCP segment of a reassembled PDU]"
"50545","35.639232663","192.168.1.55","192.168.1.2","TCP","1514","8004  >  36514 [ACK] Seq=324542 Ack=144 Win=65024 Len=1448 TSval=2916039719 TSecr=3045559494 [TCP segment of a reassembled PDU]"
"50546","35.639233700","192.168.1.55","192.168.1.2","TCP","1514","8004  >  36514 [ACK] Seq=325990 Ack=144 Win=65024 Len=1448 TSval=2916039719 TSecr=3045559494 [TCP segment of a reassembled PDU]"
"50547","35.639235386","192.168.1.55","192.168.1.2","TCP","1514","8004  >  36514 [ACK] Seq=327438 Ack=144 Win=65024 Len=1448 TSval=2916039719 TSecr=3045559494 [TCP segment of a reassembled PDU]"
"50548","35.639236793","192.168.1.55","192.168.1.2","TCP","1514","8004  >  36514 [ACK] Seq=328886 Ack=144 Win=65024 Len=1448 TSval=2916039719 TSecr=3045559494 [TCP segment of a reassembled PDU]"
"50549","35.639237849","192.168.1.55","192.168.1.2","TCP","1514","8004  >  36514 [ACK] Seq=330334 Ack=144 Win=65024 Len=1448 TSval=2916039719 TSecr=3045559494 [TCP segment of a reassembled PDU]"
"50550","35.639239275","192.168.1.55","192.168.1.2","TCP","1514","8004  >  36514 [ACK] Seq=331782 Ack=144 Win=65024 Len=1448 TSval=2916039719 TSecr=3045559494 [TCP segment of a reassembled PDU]"
"50551","35.639240997","192.168.1.55","192.168.1.2","TCP","1514","8004  >  36514 [ACK] Seq=333230 Ack=144 Win=65024 Len=1448 TSval=2916039719 TSecr=3045559494 [TCP segment of a reassembled PDU]"
"50552","35.639242756","192.168.1.55","192.168.1.2","TCP","1514","8004  >  36514 [ACK] Seq=334678 Ack=144 Win=65024 Len=1448 TSval=2916039719 TSecr=3045559494 [TCP segment of a reassembled PDU]"
"50553","35.639244126","192.168.1.55","192.168.1.2","TCP","1514","8004  >  36514 [ACK] Seq=336126 Ack=144 Win=65024 Len=1448 TSval=2916039719 TSecr=3045559494 [TCP segment of a reassembled PDU]"
"50554","35.639245108","192.168.1.55","192.168.1.2","TCP","1514","8004  >  36514 [ACK] Seq=337574 Ack=144 Win=65024 Len=1448 TSval=2916039719 TSecr=3045559494 [TCP segment of a reassembled PDU]"
"50555","35.639246182","192.168.1.55","192.168.1.2","TCP","1514","8004  >  36514 [ACK] Seq=339022 Ack=144 Win=65024 Len=1448 TSval=2916039719 TSecr=3045559494 [TCP segment of a reassembled PDU]"
"50556","35.639247404","192.168.1.55","192.168.1.2","TCP","1514","8004  >  36514 [ACK] Seq=340470 Ack=144 Win=65024 Len=1448 TSval=2916039719 TSecr=3045559494 [TCP segment of a reassembled PDU]"
"50557","35.639249849","192.168.1.55","192.168.1.2","TCP","1514","8004  >  36514 [ACK] Seq=341918 Ack=144 Win=65024 Len=1448 TSval=2916039719 TSecr=3045559494 [TCP segment of a reassembled PDU]"
"50558","35.639251219","192.168.1.55","192.168.1.2","TCP","1514","8004  >  36514 [ACK] Seq=343366 Ack=144 Win=65024 Len=1448 TSval=2916039719 TSecr=3045559494 [TCP segment of a reassembled PDU]"
"50559","35.639252219","192.168.1.55","192.168.1.2","TCP","1514","8004  >  36514 [ACK] Seq=344814 Ack=144 Win=65024 Len=1448 TSval=2916039719 TSecr=3045559494 [TCP segment of a reassembled PDU]"
"50560","35.639253756","192.168.1.55","192.168.1.2","TCP","1514","8004  >  36514 [ACK] Seq=346262 Ack=144 Win=65024 Len=1448 TSval=2916039719 TSecr=3045559494 [TCP segment of a reassembled PDU]"
"50561","35.639255849","192.168.1.55","192.168.1.2","TCP","1514","8004  >  36514 [ACK] Seq=347710 Ack=144 Win=65024 Len=1448 TSval=2916039719 TSecr=3045559494 [TCP segment of a reassembled PDU]"
"50562","35.639257423","192.168.1.55","192.168.1.2","TCP","1514","8004  >  36514 [ACK] Seq=349158 Ack=144 Win=65024 Len=1448 TSval=2916039719 TSecr=3045559494 [TCP segment of a reassembled PDU]"
"50563","35.639258849","192.168.1.55","192.168.1.2","TCP","1514","8004  >  36514 [ACK] Seq=350606 Ack=144 Win=65024 Len=1448 TSval=2916039719 TSecr=3045559494 [TCP segment of a reassembled PDU]"
"50564","35.639259830","192.168.1.55","192.168.1.2","TCP","1514","8004  >  36514 [ACK] Seq=352054 Ack=144 Win=65024 Len=1448 TSval=2916039719 TSecr=3045559494 [TCP segment of a reassembled PDU]"
"50565","35.639260867","192.168.1.55","192.168.1.2","TCP","1514","8004  >  36514 [PSH, ACK] Seq=353502 Ack=144 Win=65024 Len=1448 TSval=2916039719 TSecr=3045559494 [TCP segment of a reassembled PDU]"
"50566","35.639302238","192.168.1.2","192.168.1.55","TCP","66","36514  >  8004 [ACK] Seq=144 Ack=269518 Win=120832 Len=0 TSval=3045559494 TSecr=2916039711"
"50567","35.640495906","192.168.1.2","192.168.1.55","TCP","66","36514  >  8004 [ACK] Seq=144 Ack=298070 Win=93184 Len=0 TSval=3045559494 TSecr=2916039711"
"50568","35.640546906","192.168.1.55","192.168.1.2","TCP","1514","8004  >  36514 [ACK] Seq=354950 Ack=144 Win=65024 Len=1448 TSval=2916039721 TSecr=3045559494 [TCP segment of a reassembled PDU]"
"50569","35.640549277","192.168.1.55","192.168.1.2","TCP","1514","8004  >  36514 [ACK] Seq=356398 Ack=144 Win=65024 Len=1448 TSval=2916039721 TSecr=3045559494 [TCP segment of a reassembled PDU]"
"50570","35.640550499","192.168.1.55","192.168.1.2","TCP","1514","8004  >  36514 [ACK] Seq=357846 Ack=144 Win=65024 Len=1448 TSval=2916039721 TSecr=3045559494 [TCP segment of a reassembled PDU]"
"50571","35.640551684","192.168.1.55","192.168.1.2","TCP","1514","8004  >  36514 [ACK] Seq=359294 Ack=144 Win=65024 Len=1448 TSval=2916039721 TSecr=3045559494 [TCP segment of a reassembled PDU]"
"50572","35.640554425","192.168.1.55","192.168.1.2","TCP","1514","8004  >  36514 [ACK] Seq=360742 Ack=144 Win=65024 Len=1448 TSval=2916039721 TSecr=3045559494 [TCP segment of a reassembled PDU]"
"50573","35.640555703","192.168.1.55","192.168.1.2","TCP","1514","8004  >  36514 [ACK] Seq=362190 Ack=144 Win=65024 Len=1448 TSval=2916039721 TSecr=3045559494 [TCP segment of a reassembled PDU]"
"50574","35.640557110","192.168.1.55","192.168.1.2","TCP","1514","8004  >  36514 [ACK] Seq=363638 Ack=144 Win=65024 Len=1448 TSval=2916039721 TSecr=3045559494 [TCP segment of a reassembled PDU]"
"50575","35.640558277","192.168.1.55","192.168.1.2","TCP","1514","8004  >  36514 [ACK] Seq=365086 Ack=144 Win=65024 Len=1448 TSval=2916039721 TSecr=3045559494 [TCP segment of a reassembled PDU]"
"50576","35.640559369","192.168.1.55","192.168.1.2","TCP","1514","8004  >  36514 [ACK] Seq=366534 Ack=144 Win=65024 Len=1448 TSval=2916039721 TSecr=3045559494 [TCP segment of a reassembled PDU]"
"50577","35.640560906","192.168.1.55","192.168.1.2","TCP","1514","8004  >  36514 [ACK] Seq=367982 Ack=144 Win=65024 Len=1448 TSval=2916039721 TSecr=3045559494 [TCP segment of a reassembled PDU]"
"50578","35.640561980","192.168.1.55","192.168.1.2","TCP","1514","8004  >  36514 [ACK] Seq=369430 Ack=144 Win=65024 Len=1448 TSval=2916039721 TSecr=3045559494 [TCP segment of a reassembled PDU]"
"50579","35.640563462","192.168.1.55","192.168.1.2","TCP","1514","8004  >  36514 [ACK] Seq=370878 Ack=144 Win=65024 Len=1448 TSval=2916039721 TSecr=3045559494 [TCP segment of a reassembled PDU]"
"50580","35.640565091","192.168.1.55","192.168.1.2","TCP","1514","8004  >  36514 [ACK] Seq=372326 Ack=144 Win=65024 Len=1448 TSval=2916039721 TSecr=3045559494 [TCP segment of a reassembled PDU]"
"50581","35.640566073","192.168.1.55","192.168.1.2","TCP","1514","8004  >  36514 [ACK] Seq=373774 Ack=144 Win=65024 Len=1448 TSval=2916039721 TSecr=3045559494 [TCP segment of a reassembled PDU]"
"50582","35.640567128","192.168.1.55","192.168.1.2","TCP","1514","8004  >  36514 [ACK] Seq=375222 Ack=144 Win=65024 Len=1448 TSval=2916039721 TSecr=3045559494 [TCP segment of a reassembled PDU]"
"50583","35.640568110","192.168.1.55","192.168.1.2","TCP","1514","8004  >  36514 [ACK] Seq=376670 Ack=144 Win=65024 Len=1448 TSval=2916039721 TSecr=3045559494 [TCP segment of a reassembled PDU]"
"50584","35.640569258","192.168.1.55","192.168.1.2","TCP","1514","8004  >  36514 [ACK] Seq=378118 Ack=144 Win=65024 Len=1448 TSval=2916039721 TSecr=3045559494 [TCP segment of a reassembled PDU]"
"50585","35.640571962","192.168.1.55","192.168.1.2","TCP","1514","8004  >  36514 [ACK] Seq=379566 Ack=144 Win=65024 Len=1448 TSval=2916039721 TSecr=3045559494 [TCP segment of a reassembled PDU]"
"50586","35.640573666","192.168.1.55","192.168.1.2","TCP","1514","8004  >  36514 [ACK] Seq=381014 Ack=144 Win=65024 Len=1448 TSval=2916039721 TSecr=3045559494 [TCP segment of a reassembled PDU]"
"50587","35.640575203","192.168.1.55","192.168.1.2","TCP","1514","8004  >  36514 [ACK] Seq=382462 Ack=144 Win=65024 Len=1448 TSval=2916039721 TSecr=3045559494 [TCP segment of a reassembled PDU]"
"50588","35.640576258","192.168.1.55","192.168.1.2","TCP","1514","8004  >  36514 [ACK] Seq=383910 Ack=144 Win=65024 Len=1448 TSval=2916039721 TSecr=3045559494 [TCP segment of a reassembled PDU]"
"50589","35.640577295","192.168.1.55","192.168.1.2","TCP","1514","8004  >  36514 [ACK] Seq=385358 Ack=144 Win=65024 Len=1448 TSval=2916039721 TSecr=3045559494 [TCP segment of a reassembled PDU]"
"50590","35.640578332","192.168.1.55","192.168.1.2","TCP","1514","8004  >  36514 [ACK] Seq=386806 Ack=144 Win=65024 Len=1448 TSval=2916039721 TSecr=3045559494 [TCP segment of a reassembled PDU]"
"50591","35.640579703","192.168.1.55","192.168.1.2","TCP","1514","8004  >  36514 [ACK] Seq=388254 Ack=144 Win=65024 Len=1448 TSval=2916039721 TSecr=3045559494 [TCP segment of a reassembled PDU]"
"50592","35.640581591","192.168.1.55","192.168.1.2","TCP","1514","8004  >  36514 [PSH, ACK] Seq=389702 Ack=144 Win=65024 Len=1448 TSval=2916039721 TSecr=3045559494 [TCP segment of a reassembled PDU]"
"50593","35.646904139","192.168.1.2","192.168.1.55","TCP","66","36514  >  8004 [ACK] Seq=144 Ack=305310 Win=149504 Len=0 TSval=3045559500 TSecr=2916039719"
"50594","35.646921528","192.168.1.55","192.168.1.2","TCP","1514","8004  >  36514 [ACK] Seq=391150 Ack=144 Win=65024 Len=1448 TSval=2916039727 TSecr=3045559500 [TCP segment of a reassembled PDU]"
"50595","35.646923954","192.168.1.55","192.168.1.2","TCP","1514","8004  >  36514 [ACK] Seq=392598 Ack=144 Win=65024 Len=1448 TSval=2916039727 TSecr=3045559500 [TCP segment of a reassembled PDU]"
"50596","35.646924954","192.168.1.55","192.168.1.2","TCP","1514","8004  >  36514 [ACK] Seq=394046 Ack=144 Win=65024 Len=1448 TSval=2916039727 TSecr=3045559500 [TCP segment of a reassembled PDU]"
"50597","35.646925972","192.168.1.55","192.168.1.2","TCP","1514","8004  >  36514 [ACK] Seq=395494 Ack=144 Win=65024 Len=1448 TSval=2916039727 TSecr=3045559500 [TCP segment of a reassembled PDU]"
"50598","35.646927065","192.168.1.55","192.168.1.2","TCP","1514","8004  >  36514 [ACK] Seq=396942 Ack=144 Win=65024 Len=1448 TSval=2916039727 TSecr=3045559500 [TCP segment of a reassembled PDU]"
"50599","35.646928065","192.168.1.55","192.168.1.2","TCP","1514","8004  >  36514 [ACK] Seq=398390 Ack=144 Win=65024 Len=1448 TSval=2916039727 TSecr=3045559500 [TCP segment of a reassembled PDU]"
"50600","35.646929083","192.168.1.55","192.168.1.2","TCP","1514","8004  >  36514 [PSH, ACK] Seq=399838 Ack=144 Win=65024 Len=1448 TSval=2916039727 TSecr=3045559500 [TCP segment of a reassembled PDU]"
"50601","35.646956065","192.168.1.55","192.168.1.2","TCP","1514","8004  >  36514 [ACK] Seq=401286 Ack=144 Win=65024 Len=1448 TSval=2916039727 TSecr=3045559500 [TCP segment of a reassembled PDU]"
"50602","35.646958083","192.168.1.55","192.168.1.2","TCP","1514","8004  >  36514 [ACK] Seq=402734 Ack=144 Win=65024 Len=1448 TSval=2916039727 TSecr=3045559500 [TCP segment of a reassembled PDU]"
"50603","35.646959157","192.168.1.55","192.168.1.2","TCP","1514","8004  >  36514 [ACK] Seq=404182 Ack=144 Win=65024 Len=1448 TSval=2916039727 TSecr=3045559500 [TCP segment of a reassembled PDU]"
"50604","35.646960268","192.168.1.55","192.168.1.2","TCP","1514","8004  >  36514 [ACK] Seq=405630 Ack=144 Win=65024 Len=1448 TSval=2916039727 TSecr=3045559500 [TCP segment of a reassembled PDU]"
"50605","35.646961287","192.168.1.55","192.168.1.2","TCP","1514","8004  >  36514 [ACK] Seq=407078 Ack=144 Win=65024 Len=1448 TSval=2916039727 TSecr=3045559500 [TCP segment of a reassembled PDU]"
"50606","35.646962528","192.168.1.55","192.168.1.2","TCP","1514","8004  >  36514 [ACK] Seq=408526 Ack=144 Win=65024 Len=1448 TSval=2916039727 TSecr=3045559500 [TCP segment of a reassembled PDU]"
"50607","35.646963546","192.168.1.55","192.168.1.2","TCP","1514","8004  >  36514 [ACK] Seq=409974 Ack=144 Win=65024 Len=1448 TSval=2916039727 TSecr=3045559500 [TCP segment of a reassembled PDU]"
"50608","35.646964657","192.168.1.55","192.168.1.2","TCP","1514","8004  >  36514 [ACK] Seq=411422 Ack=144 Win=65024 Len=1448 TSval=2916039727 TSecr=3045559500 [TCP segment of a reassembled PDU]"
"50609","35.646965639","192.168.1.55","192.168.1.2","TCP","1514","8004  >  36514 [ACK] Seq=412870 Ack=144 Win=65024 Len=1448 TSval=2916039727 TSecr=3045559500 [TCP segment of a reassembled PDU]"
"50610","35.646966768","192.168.1.55","192.168.1.2","TCP","1514","8004  >  36514 [ACK] Seq=414318 Ack=144 Win=65024 Len=1448 TSval=2916039727 TSecr=3045559500 [TCP segment of a reassembled PDU]"
"50611","35.646967898","192.168.1.55","192.168.1.2","TCP","1514","8004  >  36514 [ACK] Seq=415766 Ack=144 Win=65024 Len=1448 TSval=2916039727 TSecr=3045559500 [TCP segment of a reassembled PDU]"
"50612","35.646969102","192.168.1.55","192.168.1.2","TCP","1514","8004  >  36514 [ACK] Seq=417214 Ack=144 Win=65024 Len=1448 TSval=2916039727 TSecr=3045559500 [TCP segment of a reassembled PDU]"
"50613","35.646970565","192.168.1.55","192.168.1.2","TCP","1514","8004  >  36514 [ACK] Seq=418662 Ack=144 Win=65024 Len=1448 TSval=2916039727 TSecr=3045559500 [TCP segment of a reassembled PDU]"
"50614","35.646972046","192.168.1.55","192.168.1.2","TCP","1514","8004  >  36514 [ACK] Seq=420110 Ack=144 Win=65024 Len=1448 TSval=2916039727 TSecr=3045559500 [TCP segment of a reassembled PDU]"
"50615","35.646973120","192.168.1.55","192.168.1.2","TCP","1514","8004  >  36514 [ACK] Seq=421558 Ack=144 Win=65024 Len=1448 TSval=2916039727 TSecr=3045559500 [TCP segment of a reassembled PDU]"
"50616","35.646974268","192.168.1.55","192.168.1.2","TCP","1514","8004  >  36514 [ACK] Seq=423006 Ack=144 Win=65024 Len=1448 TSval=2916039727 TSecr=3045559500 [TCP segment of a reassembled PDU]"
"50617","35.646975380","192.168.1.55","192.168.1.2","TCP","1514","8004  >  36514 [ACK] Seq=424454 Ack=144 Win=65024 Len=1448 TSval=2916039727 TSecr=3045559500 [TCP segment of a reassembled PDU]"
"50618","35.646976639","192.168.1.55","192.168.1.2","TCP","1514","8004  >  36514 [ACK] Seq=425902 Ack=144 Win=65024 Len=1448 TSval=2916039727 TSecr=3045559500 [TCP segment of a reassembled PDU]"
"50619","35.646977750","192.168.1.55","192.168.1.2","TCP","1514","8004  >  36514 [ACK] Seq=427350 Ack=144 Win=65024 Len=1448 TSval=2916039727 TSecr=3045559500 [TCP segment of a reassembled PDU]"
"50620","35.646978824","192.168.1.55","192.168.1.2","TCP","1514","8004  >  36514 [ACK] Seq=428798 Ack=144 Win=65024 Len=1448 TSval=2916039727 TSecr=3045559500 [TCP segment of a reassembled PDU]"
"50621","35.646979972","192.168.1.55","192.168.1.2","TCP","1514","8004  >  36514 [ACK] Seq=430246 Ack=144 Win=65024 Len=1448 TSval=2916039727 TSecr=3045559500 [TCP segment of a reassembled PDU]"
"50622","35.646980954","192.168.1.55","192.168.1.2","TCP","1514","8004  >  36514 [ACK] Seq=431694 Ack=144 Win=65024 Len=1448 TSval=2916039727 TSecr=3045559500 [TCP segment of a reassembled PDU]"
"50623","35.646982046","192.168.1.55","192.168.1.2","TCP","1514","8004  >  36514 [ACK] Seq=433142 Ack=144 Win=65024 Len=1448 TSval=2916039727 TSecr=3045559500 [TCP segment of a reassembled PDU]"
"50624","35.646983083","192.168.1.55","192.168.1.2","TCP","1514","8004  >  36514 [ACK] Seq=434590 Ack=144 Win=65024 Len=1448 TSval=2916039727 TSecr=3045559500 [TCP segment of a reassembled PDU]"
"50625","35.646984120","192.168.1.55","192.168.1.2","TCP","1514","8004  >  36514 [ACK] Seq=436038 Ack=144 Win=65024 Len=1448 TSval=2916039727 TSecr=3045559500 [TCP segment of a reassembled PDU]"
"50626","35.646985268","192.168.1.55","192.168.1.2","TCP","1514","8004  >  36514 [ACK] Seq=437486 Ack=144 Win=65024 Len=1448 TSval=2916039727 TSecr=3045559500 [TCP segment of a reassembled PDU]"
"50627","35.646986787","192.168.1.55","192.168.1.2","TCP","1514","8004  >  36514 [ACK] Seq=438934 Ack=144 Win=65024 Len=1448 TSval=2916039727 TSecr=3045559500 [TCP segment of a reassembled PDU]"
"50628","35.646987991","192.168.1.55","192.168.1.2","TCP","1514","8004  >  36514 [ACK] Seq=440382 Ack=144 Win=65024 Len=1448 TSval=2916039727 TSecr=3045559500 [TCP segment of a reassembled PDU]"
"50629","35.646989009","192.168.1.55","192.168.1.2","TCP","1514","8004  >  36514 [ACK] Seq=441830 Ack=144 Win=65024 Len=1448 TSval=2916039727 TSecr=3045559500 [TCP segment of a reassembled PDU]"
"50630","35.646990009","192.168.1.55","192.168.1.2","TCP","1514","8004  >  36514 [ACK] Seq=443278 Ack=144 Win=65024 Len=1448 TSval=2916039727 TSecr=3045559500 [TCP segment of a reassembled PDU]"
"50631","35.646991120","192.168.1.55","192.168.1.2","TCP","1514","8004  >  36514 [ACK] Seq=444726 Ack=144 Win=65024 Len=1448 TSval=2916039727 TSecr=3045559500 [TCP segment of a reassembled PDU]"
"50632","35.646992213","192.168.1.55","192.168.1.2","TCP","1514","8004  >  36514 [PSH, ACK] Seq=446174 Ack=144 Win=65024 Len=1448 TSval=2916039727 TSecr=3045559500 [TCP segment of a reassembled PDU]"
"50633","35.648211252","192.168.1.2","192.168.1.55","TCP","66","36514  >  8004 [ACK] Seq=144 Ack=308206 Win=154624 Len=0 TSval=3045559500 TSecr=2916039719"
"50634","35.648232178","192.168.1.55","192.168.1.2","TCP","1514","8004  >  36514 [ACK] Seq=447622 Ack=144 Win=65024 Len=1448 TSval=2916039728 TSecr=3045559500 [TCP segment of a reassembled PDU]"
"50635","35.648233900","192.168.1.55","192.168.1.2","TCP","1514","8004  >  36514 [ACK] Seq=449070 Ack=144 Win=65024 Len=1448 TSval=2916039728 TSecr=3045559500 [TCP segment of a reassembled PDU]"
"50636","35.648234900","192.168.1.55","192.168.1.2","TCP","1514","8004  >  36514 [ACK] Seq=450518 Ack=144 Win=65024 Len=1448 TSval=2916039728 TSecr=3045559500 [TCP segment of a reassembled PDU]"
"50637","35.648236011","192.168.1.55","192.168.1.2","TCP","1514","8004  >  36514 [ACK] Seq=451966 Ack=144 Win=65024 Len=1448 TSval=2916039728 TSecr=3045559500 [TCP segment of a reassembled PDU]"
"50638","35.648237030","192.168.1.55","192.168.1.2","TCP","1514","8004  >  36514 [ACK] Seq=453414 Ack=144 Win=65024 Len=1448 TSval=2916039728 TSecr=3045559500 [TCP segment of a reassembled PDU]"
"50639","35.648238011","192.168.1.55","192.168.1.2","TCP","1514","8004  >  36514 [ACK] Seq=454862 Ack=144 Win=65024 Len=1448 TSval=2916039728 TSecr=3045559500 [TCP segment of a reassembled PDU]"
"50640","35.648239085","192.168.1.55","192.168.1.2","TCP","1514","8004  >  36514 [ACK] Seq=456310 Ack=144 Win=65024 Len=1448 TSval=2916039728 TSecr=3045559500 [TCP segment of a reassembled PDU]"
"50641","35.648240122","192.168.1.55","192.168.1.2","TCP","1514","8004  >  36514 [ACK] Seq=457758 Ack=144 Win=65024 Len=1448 TSval=2916039728 TSecr=3045559500 [TCP segment of a reassembled PDU]"
"50642","35.648241215","192.168.1.55","192.168.1.2","TCP","1514","8004  >  36514 [ACK] Seq=459206 Ack=144 Win=65024 Len=1448 TSval=2916039728 TSecr=3045559500 [TCP segment of a reassembled PDU]"
"50643","35.648242252","192.168.1.55","192.168.1.2","TCP","1514","8004  >  36514 [PSH, ACK] Seq=460654 Ack=144 Win=65024 Len=1448 TSval=2916039728 TSecr=3045559500 [TCP segment of a reassembled PDU]"
"50644","35.648245993","192.168.1.2","192.168.1.55","TCP","66","36514  >  8004 [ACK] Seq=144 Ack=308614 Win=157696 Len=0 TSval=3045559500 TSecr=2916039719"
"50645","35.648251382","192.168.1.2","192.168.1.55","TCP","66","36514  >  8004 [ACK] Seq=144 Ack=354950 Win=130048 Len=0 TSval=3045559500 TSecr=2916039719"
"50646","35.648258900","192.168.1.2","192.168.1.55","TCP","66","36514  >  8004 [ACK] Seq=144 Ack=379566 Win=105472 Len=0 TSval=3045559500 TSecr=2916039721"
"50647","35.653995502","192.168.1.2","192.168.1.55","TCP","66","36514  >  8004 [ACK] Seq=144 Ack=391150 Win=159744 Len=0 TSval=3045559502 TSecr=2916039721"
"50648","35.654047169","192.168.1.55","192.168.1.2","TCP","1514","8004  >  36514 [ACK] Seq=462102 Ack=144 Win=65024 Len=1448 TSval=2916039734 TSecr=3045559502 [TCP segment of a reassembled PDU]"
"50649","35.654050835","192.168.1.55","192.168.1.2","TCP","1514","8004  >  36514 [ACK] Seq=463550 Ack=144 Win=65024 Len=1448 TSval=2916039734 TSecr=3045559502 [TCP segment of a reassembled PDU]"
"50650","35.654052224","192.168.1.55","192.168.1.2","TCP","1514","8004  >  36514 [ACK] Seq=464998 Ack=144 Win=65024 Len=1448 TSval=2916039734 TSecr=3045559502 [TCP segment of a reassembled PDU]"
"50651","35.654054095","192.168.1.55","192.168.1.2","TCP","1514","8004  >  36514 [ACK] Seq=466446 Ack=144 Win=65024 Len=1448 TSval=2916039734 TSecr=3045559502 [TCP segment of a reassembled PDU]"
"50652","35.654056576","192.168.1.55","192.168.1.2","TCP","1514","8004  >  36514 [ACK] Seq=467894 Ack=144 Win=65024 Len=1448 TSval=2916039734 TSecr=3045559502 [TCP segment of a reassembled PDU]"
"50653","35.654058428","192.168.1.55","192.168.1.2","TCP","1514","8004  >  36514 [ACK] Seq=469342 Ack=144 Win=65024 Len=1448 TSval=2916039734 TSecr=3045559502 [TCP segment of a reassembled PDU]"
"50654","35.654059798","192.168.1.55","192.168.1.2","TCP","1514","8004  >  36514 [ACK] Seq=470790 Ack=144 Win=65024 Len=1448 TSval=2916039734 TSecr=3045559502 [TCP segment of a reassembled PDU]"
"50655","35.654061169","192.168.1.55","192.168.1.2","TCP","1514","8004  >  36514 [ACK] Seq=472238 Ack=144 Win=65024 Len=1448 TSval=2916039734 TSecr=3045559502 [TCP segment of a reassembled PDU]"
"50656","35.654062595","192.168.1.55","192.168.1.2","TCP","1514","8004  >  36514 [ACK] Seq=473686 Ack=144 Win=65024 Len=1448 TSval=2916039734 TSecr=3045559502 [TCP segment of a reassembled PDU]"
"50657","35.654064132","192.168.1.55","192.168.1.2","TCP","1514","8004  >  36514 [ACK] Seq=475134 Ack=144 Win=65024 Len=1448 TSval=2916039734 TSecr=3045559502 [TCP segment of a reassembled PDU]"
"50658","35.654065687","192.168.1.55","192.168.1.2","TCP","1514","8004  >  36514 [ACK] Seq=476582 Ack=144 Win=65024 Len=1448 TSval=2916039734 TSecr=3045559502 [TCP segment of a reassembled PDU]"
"50659","35.654075298","192.168.1.55","192.168.1.2","TCP","1514","8004  >  36514 [ACK] Seq=478030 Ack=144 Win=65024 Len=1448 TSval=2916039734 TSecr=3045559502 [TCP segment of a reassembled PDU]"
"50660","35.654077372","192.168.1.55","192.168.1.2","TCP","1514","8004  >  36514 [ACK] Seq=479478 Ack=144 Win=65024 Len=1448 TSval=2916039734 TSecr=3045559502 [TCP segment of a reassembled PDU]"
"50661","35.654078891","192.168.1.55","192.168.1.2","TCP","1514","8004  >  36514 [ACK] Seq=480926 Ack=144 Win=65024 Len=1448 TSval=2916039734 TSecr=3045559502 [TCP segment of a reassembled PDU]"
"50662","35.654080909","192.168.1.55","192.168.1.2","TCP","1514","8004  >  36514 [ACK] Seq=482374 Ack=144 Win=65024 Len=1448 TSval=2916039734 TSecr=3045559502 [TCP segment of a reassembled PDU]"
"50663","35.654082872","192.168.1.55","192.168.1.2","TCP","1514","8004  >  36514 [ACK] Seq=483822 Ack=144 Win=65024 Len=1448 TSval=2916039734 TSecr=3045559502 [TCP segment of a reassembled PDU]"
"50664","35.654084650","192.168.1.55","192.168.1.2","TCP","1514","8004  >  36514 [ACK] Seq=485270 Ack=144 Win=65024 Len=1448 TSval=2916039734 TSecr=3045559502 [TCP segment of a reassembled PDU]"
"50665","35.654086076","192.168.1.55","192.168.1.2","TCP","1514","8004  >  36514 [ACK] Seq=486718 Ack=144 Win=65024 Len=1448 TSval=2916039734 TSecr=3045559502 [TCP segment of a reassembled PDU]"
"50666","35.654087539","192.168.1.55","192.168.1.2","TCP","1514","8004  >  36514 [ACK] Seq=488166 Ack=144 Win=65024 Len=1448 TSval=2916039734 TSecr=3045559502 [TCP segment of a reassembled PDU]"
"50667","35.654088872","192.168.1.55","192.168.1.2","TCP","1514","8004  >  36514 [ACK] Seq=489614 Ack=144 Win=65024 Len=1448 TSval=2916039734 TSecr=3045559502 [TCP segment of a reassembled PDU]"
"50668","35.654090261","192.168.1.55","192.168.1.2","TCP","1514","8004  >  36514 [ACK] Seq=491062 Ack=144 Win=65024 Len=1448 TSval=2916039734 TSecr=3045559502 [TCP segment of a reassembled PDU]"
"50669","35.654091872","192.168.1.55","192.168.1.2","TCP","1514","8004  >  36514 [PSH, ACK] Seq=492510 Ack=144 Win=65024 Len=1448 TSval=2916039734 TSecr=3045559502 [TCP segment of a reassembled PDU]"
"50670","35.654109410","192.168.1.55","192.168.1.2","TCP","1514","8004  >  36514 [ACK] Seq=493958 Ack=144 Win=65024 Len=1448 TSval=2916039734 TSecr=3045559502 [TCP segment of a reassembled PDU]"
"50671","35.654111150","192.168.1.55","192.168.1.2","TCP","1514","8004  >  36514 [ACK] Seq=495406 Ack=144 Win=65024 Len=1448 TSval=2916039734 TSecr=3045559502 [TCP segment of a reassembled PDU]"
"50672","35.654112521","192.168.1.55","192.168.1.2","TCP","1514","8004  >  36514 [ACK] Seq=496854 Ack=144 Win=65024 Len=1448 TSval=2916039734 TSecr=3045559502 [TCP segment of a reassembled PDU]"
"50673","35.654113817","192.168.1.55","192.168.1.2","HTTP","222","HTTP/1.0 200 OK  (PNG)"
"50674","35.658077934","192.168.1.2","192.168.1.55","TCP","66","36514  >  8004 [ACK] Seq=144 Ack=401286 Win=162816 Len=0 TSval=3045559509 TSecr=2916039727"
"50675","35.658207731","192.168.1.2","192.168.1.55","TCP","66","36514  >  8004 [ACK] Seq=144 Ack=404182 Win=160768 Len=0 TSval=3045559510 TSecr=2916039727"
"50676","35.658214749","192.168.1.2","192.168.1.55","TCP","66","36514  >  8004 [ACK] Seq=144 Ack=462102 Win=118784 Len=0 TSval=3045559510 TSecr=2916039727"
"50677","35.659404011","192.168.1.2","192.168.1.55","TCP","66","36514  >  8004 [ACK] Seq=144 Ack=483822 Win=151552 Len=0 TSval=3045559513 TSecr=2916039734"
"50678","35.659516640","192.168.1.2","192.168.1.55","TCP","66","36514  >  8004 [ACK] Seq=144 Ack=498302 Win=138240 Len=0 TSval=3045559513 TSecr=2916039734"
"50679","35.660424605","192.168.1.2","192.168.1.55","TCP","66","36514  >  8004 [FIN, ACK] Seq=144 Ack=498459 Win=165888 Len=0 TSval=3045559514 TSecr=2916039734"
"50680","35.660439716","192.168.1.55","192.168.1.2","TCP","66","8004  >  36514 [ACK] Seq=498459 Ack=145 Win=65024 Len=0 TSval=2916039741 TSecr=3045559514"
"50681","35.660553012","192.168.1.2","192.168.1.55","TCP","74","36522  >  8004 [SYN] Seq=0 Win=64240 Len=0 MSS=1460 SACK_PERM TSval=3045559514 TSecr=0 WS=1024"
"50682","35.660578605","192.168.1.55","192.168.1.2","TCP","74","8004  >  36522 [SYN, ACK] Seq=0 Ack=1 Win=65160 Len=0 MSS=1460 SACK_PERM TSval=2916039741 TSecr=3045559514 WS=128"
"50683","35.663672610","192.168.1.2","192.168.1.55","TCP","66","36522  >  8004 [ACK] Seq=1 Ack=1 Win=64512 Len=0 TSval=3045559518 TSecr=2916039741"
"50684","35.666883245","192.168.1.2","192.168.1.55","HTTP","206","GET /stego_benchmark.png HTTP/1.1 "
"50685","35.666895245","192.168.1.55","192.168.1.2","TCP","66","8004  >  36522 [ACK] Seq=1 Ack=141 Win=65024 Len=0 TSval=2916039747 TSecr=3045559518"
"50686","35.667381598","192.168.1.55","192.168.1.2","TCP","255","8004  >  36522 [PSH, ACK] Seq=1 Ack=141 Win=65024 Len=189 TSval=2916039748 TSecr=3045559518 [TCP segment of a reassembled PDU]"
"50687","35.667463542","192.168.1.55","192.168.1.2","TCP","1514","8004  >  36522 [ACK] Seq=190 Ack=141 Win=65024 Len=1448 TSval=2916039748 TSecr=3045559518 [TCP segment of a reassembled PDU]"
"50688","35.667468375","192.168.1.55","192.168.1.2","TCP","1514","8004  >  36522 [ACK] Seq=1638 Ack=141 Win=65024 Len=1448 TSval=2916039748 TSecr=3045559518 [TCP segment of a reassembled PDU]"
"50689","35.667469875","192.168.1.55","192.168.1.2","TCP","1514","8004  >  36522 [ACK] Seq=3086 Ack=141 Win=65024 Len=1448 TSval=2916039748 TSecr=3045559518 [TCP segment of a reassembled PDU]"
"50690","35.667471227","192.168.1.55","192.168.1.2","TCP","1514","8004  >  36522 [ACK] Seq=4534 Ack=141 Win=65024 Len=1448 TSval=2916039748 TSecr=3045559518 [TCP segment of a reassembled PDU]"
"50691","35.667473172","192.168.1.55","192.168.1.2","TCP","1514","8004  >  36522 [PSH, ACK] Seq=5982 Ack=141 Win=65024 Len=1448 TSval=2916039748 TSecr=3045559518 [TCP segment of a reassembled PDU]"
"50692","35.667487894","192.168.1.55","192.168.1.2","TCP","1514","8004  >  36522 [ACK] Seq=7430 Ack=141 Win=65024 Len=1448 TSval=2916039748 TSecr=3045559518 [TCP segment of a reassembled PDU]"
"50693","35.667489616","192.168.1.55","192.168.1.2","TCP","1514","8004  >  36522 [ACK] Seq=8878 Ack=141 Win=65024 Len=1448 TSval=2916039748 TSecr=3045559518 [TCP segment of a reassembled PDU]"
"50694","35.667491098","192.168.1.55","192.168.1.2","TCP","1514","8004  >  36522 [ACK] Seq=10326 Ack=141 Win=65024 Len=1448 TSval=2916039748 TSecr=3045559518 [TCP segment of a reassembled PDU]"
"50695","35.667492487","192.168.1.55","192.168.1.2","TCP","1514","8004  >  36522 [PSH, ACK] Seq=11774 Ack=141 Win=65024 Len=1448 TSval=2916039748 TSecr=3045559518 [TCP segment of a reassembled PDU]"
"50696","35.674457442","192.168.1.2","192.168.1.55","TCP","66","36522  >  8004 [ACK] Seq=141 Ack=190 Win=64512 Len=0 TSval=3045559526 TSecr=2916039748"
"50697","35.674517720","192.168.1.55","192.168.1.2","TCP","1514","8004  >  36522 [ACK] Seq=13222 Ack=141 Win=65024 Len=1448 TSval=2916039755 TSecr=3045559526 [TCP segment of a reassembled PDU]"
"50698","35.674523665","192.168.1.55","192.168.1.2","TCP","1514","8004  >  36522 [PSH, ACK] Seq=14670 Ack=141 Win=65024 Len=1448 TSval=2916039755 TSecr=3045559526 [TCP segment of a reassembled PDU]"
"50699","35.674599572","192.168.1.2","192.168.1.55","TCP","66","36522  >  8004 [ACK] Seq=141 Ack=3086 Win=70656 Len=0 TSval=3045559526 TSecr=2916039748"
"50700","35.674609035","192.168.1.2","192.168.1.55","TCP","66","36522  >  8004 [ACK] Seq=141 Ack=5982 Win=76800 Len=0 TSval=3045559527 TSecr=2916039748"
"50701","35.674628480","192.168.1.55","192.168.1.2","TCP","1514","8004  >  36522 [ACK] Seq=16118 Ack=141 Win=65024 Len=1448 TSval=2916039755 TSecr=3045559527 [TCP segment of a reassembled PDU]"
"50702","35.674630850","192.168.1.55","192.168.1.2","TCP","1514","8004  >  36522 [ACK] Seq=17566 Ack=141 Win=65024 Len=1448 TSval=2916039755 TSecr=3045559527 [TCP segment of a reassembled PDU]"
"50703","35.674632257","192.168.1.55","192.168.1.2","TCP","1514","8004  >  36522 [ACK] Seq=19014 Ack=141 Win=65024 Len=1448 TSval=2916039755 TSecr=3045559527 [TCP segment of a reassembled PDU]"
"50704","35.674633609","192.168.1.55","192.168.1.2","TCP","1514","8004  >  36522 [ACK] Seq=20462 Ack=141 Win=65024 Len=1448 TSval=2916039755 TSecr=3045559527 [TCP segment of a reassembled PDU]"
"50705","35.674634887","192.168.1.55","192.168.1.2","TCP","1514","8004  >  36522 [ACK] Seq=21910 Ack=141 Win=65024 Len=1448 TSval=2916039755 TSecr=3045559527 [TCP segment of a reassembled PDU]"
"50706","35.674636183","192.168.1.55","192.168.1.2","TCP","1514","8004  >  36522 [ACK] Seq=23358 Ack=141 Win=65024 Len=1448 TSval=2916039755 TSecr=3045559527 [TCP segment of a reassembled PDU]"
"50707","35.674637480","192.168.1.55","192.168.1.2","TCP","1514","8004  >  36522 [PSH, ACK] Seq=24806 Ack=141 Win=65024 Len=1448 TSval=2916039755 TSecr=3045559527 [TCP segment of a reassembled PDU]"
"50708","35.674642535","192.168.1.2","192.168.1.55","TCP","66","36522  >  8004 [ACK] Seq=141 Ack=7430 Win=79872 Len=0 TSval=3045559527 TSecr=2916039748"
"50709","35.674649943","192.168.1.2","192.168.1.55","TCP","66","36522  >  8004 [ACK] Seq=141 Ack=13222 Win=84992 Len=0 TSval=3045559527 TSecr=2916039748"
"50710","35.674671109","192.168.1.55","192.168.1.2","TCP","1514","8004  >  36522 [ACK] Seq=26254 Ack=141 Win=65024 Len=1448 TSval=2916039755 TSecr=3045559527 [TCP segment of a reassembled PDU]"
"50711","35.674673091","192.168.1.55","192.168.1.2","TCP","1514","8004  >  36522 [ACK] Seq=27702 Ack=141 Win=65024 Len=1448 TSval=2916039755 TSecr=3045559527 [TCP segment of a reassembled PDU]"
"50712","35.674674424","192.168.1.55","192.168.1.2","TCP","1514","8004  >  36522 [ACK] Seq=29150 Ack=141 Win=65024 Len=1448 TSval=2916039755 TSecr=3045559527 [TCP segment of a reassembled PDU]"
"50713","35.674676220","192.168.1.55","192.168.1.2","TCP","1514","8004  >  36522 [ACK] Seq=30598 Ack=141 Win=65024 Len=1448 TSval=2916039755 TSecr=3045559527 [TCP segment of a reassembled PDU]"
"50714","35.674677628","192.168.1.55","192.168.1.2","TCP","1514","8004  >  36522 [ACK] Seq=32046 Ack=141 Win=65024 Len=1448 TSval=2916039755 TSecr=3045559527 [TCP segment of a reassembled PDU]"
"50715","35.674678924","192.168.1.55","192.168.1.2","TCP","1514","8004  >  36522 [ACK] Seq=33494 Ack=141 Win=65024 Len=1448 TSval=2916039755 TSecr=3045559527 [TCP segment of a reassembled PDU]"
"50716","35.674680757","192.168.1.55","192.168.1.2","TCP","1514","8004  >  36522 [ACK] Seq=34942 Ack=141 Win=65024 Len=1448 TSval=2916039755 TSecr=3045559527 [TCP segment of a reassembled PDU]"
"50717","35.674682072","192.168.1.55","192.168.1.2","TCP","1514","8004  >  36522 [ACK] Seq=36390 Ack=141 Win=65024 Len=1448 TSval=2916039755 TSecr=3045559527 [TCP segment of a reassembled PDU]"
"50718","35.674683406","192.168.1.55","192.168.1.2","TCP","1514","8004  >  36522 [ACK] Seq=37838 Ack=141 Win=65024 Len=1448 TSval=2916039755 TSecr=3045559527 [TCP segment of a reassembled PDU]"
"50719","35.674684869","192.168.1.55","192.168.1.2","TCP","1514","8004  >  36522 [PSH, ACK] Seq=39286 Ack=141 Win=65024 Len=1448 TSval=2916039755 TSecr=3045559527 [TCP segment of a reassembled PDU]"
"50720","35.675529407","192.168.1.55","192.168.1.2","TCP","1514","8004  >  36522 [ACK] Seq=40734 Ack=141 Win=65024 Len=1448 TSval=2916039756 TSecr=3045559527 [TCP segment of a reassembled PDU]"
"50721","35.681475842","192.168.1.2","192.168.1.55","TCP","66","36522  >  8004 [ACK] Seq=141 Ack=16118 Win=90112 Len=0 TSval=3045559535 TSecr=2916039755"
"50722","35.681509546","192.168.1.55","192.168.1.2","TCP","1514","8004  >  36522 [ACK] Seq=42182 Ack=141 Win=65024 Len=1448 TSval=2916039762 TSecr=3045559535 [TCP segment of a reassembled PDU]"
"50723","35.681513213","192.168.1.55","192.168.1.2","TCP","1514","8004  >  36522 [PSH, ACK] Seq=43630 Ack=141 Win=65024 Len=1448 TSval=2916039762 TSecr=3045559535 [TCP segment of a reassembled PDU]"
"50724","35.681720824","192.168.1.2","192.168.1.55","TCP","66","36522  >  8004 [ACK] Seq=141 Ack=17566 Win=89088 Len=0 TSval=3045559535 TSecr=2916039755"
"50725","35.681727787","192.168.1.2","192.168.1.55","TCP","66","36522  >  8004 [ACK] Seq=141 Ack=26254 Win=84992 Len=0 TSval=3045559536 TSecr=2916039755"
"50726","35.681753176","192.168.1.55","192.168.1.2","TCP","1514","8004  >  36522 [ACK] Seq=45078 Ack=141 Win=65024 Len=1448 TSval=2916039762 TSecr=3045559536 [TCP segment of a reassembled PDU]"
"50727","35.681756750","192.168.1.55","192.168.1.2","TCP","1514","8004  >  36522 [ACK] Seq=46526 Ack=141 Win=65024 Len=1448 TSval=2916039762 TSecr=3045559536 [TCP segment of a reassembled PDU]"
"50728","35.681758065","192.168.1.55","192.168.1.2","TCP","1514","8004  >  36522 [ACK] Seq=47974 Ack=141 Win=65024 Len=1448 TSval=2916039762 TSecr=3045559536 [TCP segment of a reassembled PDU]"
"50729","35.681759454","192.168.1.55","192.168.1.2","TCP","1514","8004  >  36522 [ACK] Seq=49422 Ack=141 Win=65024 Len=1448 TSval=2916039762 TSecr=3045559536 [TCP segment of a reassembled PDU]"
"50730","35.681761621","192.168.1.55","192.168.1.2","TCP","1514","8004  >  36522 [ACK] Seq=50870 Ack=141 Win=65024 Len=1448 TSval=2916039762 TSecr=3045559536 [TCP segment of a reassembled PDU]"
"50731","35.681763232","192.168.1.55","192.168.1.2","TCP","1514","8004  >  36522 [ACK] Seq=52318 Ack=141 Win=65024 Len=1448 TSval=2916039762 TSecr=3045559536 [TCP segment of a reassembled PDU]"
"50732","35.681764658","192.168.1.55","192.168.1.2","TCP","1514","8004  >  36522 [ACK] Seq=53766 Ack=141 Win=65024 Len=1448 TSval=2916039762 TSecr=3045559536 [TCP segment of a reassembled PDU]"
"50733","35.681766232","192.168.1.55","192.168.1.2","TCP","1514","8004  >  36522 [ACK] Seq=55214 Ack=141 Win=65024 Len=1448 TSval=2916039762 TSecr=3045559536 [TCP segment of a reassembled PDU]"
"50734","35.681768084","192.168.1.55","192.168.1.2","TCP","1514","8004  >  36522 [ACK] Seq=56662 Ack=141 Win=65024 Len=1448 TSval=2916039762 TSecr=3045559536 [TCP segment of a reassembled PDU]"
"50735","35.681769602","192.168.1.55","192.168.1.2","TCP","1514","8004  >  36522 [ACK] Seq=58110 Ack=141 Win=65024 Len=1448 TSval=2916039762 TSecr=3045559536 [TCP segment of a reassembled PDU]"
"50736","35.681771010","192.168.1.55","192.168.1.2","TCP","1514","8004  >  36522 [ACK] Seq=59558 Ack=141 Win=65024 Len=1448 TSval=2916039762 TSecr=3045559536 [TCP segment of a reassembled PDU]"
"50737","35.681773361","192.168.1.55","192.168.1.2","TCP","1514","8004  >  36522 [ACK] Seq=61006 Ack=141 Win=65024 Len=1448 TSval=2916039762 TSecr=3045559536 [TCP segment of a reassembled PDU]"
"50738","35.681774991","192.168.1.55","192.168.1.2","TCP","1514","8004  >  36522 [ACK] Seq=62454 Ack=141 Win=65024 Len=1448 TSval=2916039762 TSecr=3045559536 [TCP segment of a reassembled PDU]"
"50739","35.681776435","192.168.1.55","192.168.1.2","TCP","1514","8004  >  36522 [PSH, ACK] Seq=63902 Ack=141 Win=65024 Len=1448 TSval=2916039762 TSecr=3045559536 [TCP segment of a reassembled PDU]"
"50740","35.681780824","192.168.1.2","192.168.1.55","TCP","66","36522  >  8004 [ACK] Seq=141 Ack=40734 Win=71680 Len=0 TSval=3045559536 TSecr=2916039755"
"50741","35.681810658","192.168.1.55","192.168.1.2","TCP","1514","8004  >  36522 [ACK] Seq=65350 Ack=141 Win=65024 Len=1448 TSval=2916039762 TSecr=3045559536 [TCP segment of a reassembled PDU]"
"50742","35.681813269","192.168.1.55","192.168.1.2","TCP","1514","8004  >  36522 [ACK] Seq=66798 Ack=141 Win=65024 Len=1448 TSval=2916039762 TSecr=3045559536 [TCP segment of a reassembled PDU]"
"50743","35.681814528","192.168.1.55","192.168.1.2","TCP","1514","8004  >  36522 [ACK] Seq=68246 Ack=141 Win=65024 Len=1448 TSval=2916039762 TSecr=3045559536 [TCP segment of a reassembled PDU]"
"50744","35.681815861","192.168.1.55","192.168.1.2","TCP","1514","8004  >  36522 [ACK] Seq=69694 Ack=141 Win=65024 Len=1448 TSval=2916039762 TSecr=3045559536 [TCP segment of a reassembled PDU]"
"50745","35.681817936","192.168.1.55","192.168.1.2","TCP","1514","8004  >  36522 [ACK] Seq=71142 Ack=141 Win=65024 Len=1448 TSval=2916039762 TSecr=3045559536 [TCP segment of a reassembled PDU]"
"50746","35.681819584","192.168.1.55","192.168.1.2","TCP","1514","8004  >  36522 [ACK] Seq=72590 Ack=141 Win=65024 Len=1448 TSval=2916039762 TSecr=3045559536 [TCP segment of a reassembled PDU]"
"50747","35.681821028","192.168.1.55","192.168.1.2","TCP","1514","8004  >  36522 [ACK] Seq=74038 Ack=141 Win=65024 Len=1448 TSval=2916039762 TSecr=3045559536 [TCP segment of a reassembled PDU]"
"50748","35.681822361","192.168.1.55","192.168.1.2","TCP","1514","8004  >  36522 [PSH, ACK] Seq=75486 Ack=141 Win=65024 Len=1448 TSval=2916039762 TSecr=3045559536 [TCP segment of a reassembled PDU]"
"50749","35.681831380","192.168.1.2","192.168.1.55","TCP","66","36522  >  8004 [ACK] Seq=141 Ack=42182 Win=70656 Len=0 TSval=3045559536 TSecr=2916039756"
"50750","35.682711585","192.168.1.55","192.168.1.2","TCP","1514","8004  >  36522 [ACK] Seq=76934 Ack=141 Win=65024 Len=1448 TSval=2916039763 TSecr=3045559536 [TCP segment of a reassembled PDU]"
"50751","35.682716956","192.168.1.55","192.168.1.2","TCP","1514","8004  >  36522 [ACK] Seq=78382 Ack=141 Win=65024 Len=1448 TSval=2916039763 TSecr=3045559536 [TCP segment of a reassembled PDU]"
"50752","35.682718918","192.168.1.55","192.168.1.2","TCP","1514","8004  >  36522 [ACK] Seq=79830 Ack=141 Win=65024 Len=1448 TSval=2916039763 TSecr=3045559536 [TCP segment of a reassembled PDU]"
"50753","35.682720678","192.168.1.55","192.168.1.2","TCP","1514","8004  >  36522 [ACK] Seq=81278 Ack=141 Win=65024 Len=1448 TSval=2916039763 TSecr=3045559536 [TCP segment of a reassembled PDU]"
"50754","35.682722548","192.168.1.55","192.168.1.2","TCP","1514","8004  >  36522 [ACK] Seq=82726 Ack=141 Win=65024 Len=1448 TSval=2916039763 TSecr=3045559536 [TCP segment of a reassembled PDU]"
"50755","35.682724344","192.168.1.55","192.168.1.2","TCP","1514","8004  >  36522 [ACK] Seq=84174 Ack=141 Win=65024 Len=1448 TSval=2916039763 TSecr=3045559536 [TCP segment of a reassembled PDU]"
"50756","35.682726270","192.168.1.55","192.168.1.2","TCP","1514","8004  >  36522 [ACK] Seq=85622 Ack=141 Win=65024 Len=1448 TSval=2916039763 TSecr=3045559536 [TCP segment of a reassembled PDU]"
"50757","35.682728493","192.168.1.55","192.168.1.2","TCP","1514","8004  >  36522 [ACK] Seq=87070 Ack=141 Win=65024 Len=1448 TSval=2916039763 TSecr=3045559536 [TCP segment of a reassembled PDU]"
"50758","35.682730048","192.168.1.55","192.168.1.2","TCP","1514","8004  >  36522 [ACK] Seq=88518 Ack=141 Win=65024 Len=1448 TSval=2916039763 TSecr=3045559536 [TCP segment of a reassembled PDU]"
"50759","35.682733196","192.168.1.55","192.168.1.2","TCP","1514","8004  >  36522 [ACK] Seq=89966 Ack=141 Win=65024 Len=1448 TSval=2916039763 TSecr=3045559536 [TCP segment of a reassembled PDU]"
"50760","35.682734622","192.168.1.55","192.168.1.2","TCP","1514","8004  >  36522 [ACK] Seq=91414 Ack=141 Win=65024 Len=1448 TSval=2916039763 TSecr=3045559536 [TCP segment of a reassembled PDU]"
"50761","35.682736196","192.168.1.55","192.168.1.2","TCP","1514","8004  >  36522 [ACK] Seq=92862 Ack=141 Win=65024 Len=1448 TSval=2916039763 TSecr=3045559536 [TCP segment of a reassembled PDU]"
"50762","35.682737956","192.168.1.55","192.168.1.2","TCP","1514","8004  >  36522 [ACK] Seq=94310 Ack=141 Win=65024 Len=1448 TSval=2916039763 TSecr=3045559536 [TCP segment of a reassembled PDU]"
"50763","35.682739474","192.168.1.55","192.168.1.2","TCP","1514","8004  >  36522 [PSH, ACK] Seq=95758 Ack=141 Win=65024 Len=1448 TSval=2916039763 TSecr=3045559536 [TCP segment of a reassembled PDU]"
"50764","35.682751659","192.168.1.55","192.168.1.2","TCP","1514","8004  >  36522 [ACK] Seq=97206 Ack=141 Win=65024 Len=1448 TSval=2916039763 TSecr=3045559536 [TCP segment of a reassembled PDU]"
"50765","35.682753659","192.168.1.55","192.168.1.2","TCP","1514","8004  >  36522 [PSH, ACK] Seq=98654 Ack=141 Win=65024 Len=1448 TSval=2916039763 TSecr=3045559536 [TCP segment of a reassembled PDU]"
"50766","35.686525128","192.168.1.2","192.168.1.55","TCP","66","36522  >  8004 [ACK] Seq=141 Ack=45078 Win=88064 Len=0 TSval=3045559541 TSecr=2916039762"
"50767","35.686555758","192.168.1.55","192.168.1.2","TCP","1514","8004  >  36522 [ACK] Seq=100102 Ack=141 Win=65024 Len=1448 TSval=2916039767 TSecr=3045559541 [TCP segment of a reassembled PDU]"
"50768","35.686559962","192.168.1.55","192.168.1.2","TCP","1514","8004  >  36522 [ACK] Seq=101550 Ack=141 Win=65024 Len=1448 TSval=2916039767 TSecr=3045559541 [TCP segment of a reassembled PDU]"
"50769","35.686561276","192.168.1.55","192.168.1.2","TCP","1514","8004  >  36522 [ACK] Seq=102998 Ack=141 Win=65024 Len=1448 TSval=2916039767 TSecr=3045559541 [TCP segment of a reassembled PDU]"
"50770","35.686562665","192.168.1.55","192.168.1.2","TCP","1514","8004  >  36522 [PSH, ACK] Seq=104446 Ack=141 Win=65024 Len=1448 TSval=2916039767 TSecr=3045559541 [TCP segment of a reassembled PDU]"
"50771","35.686851814","192.168.1.2","192.168.1.55","TCP","66","36522  >  8004 [ACK] Seq=141 Ack=65350 Win=69632 Len=0 TSval=3045559541 TSecr=2916039762"
"50772","35.686869721","192.168.1.55","192.168.1.2","TCP","1514","8004  >  36522 [ACK] Seq=105894 Ack=141 Win=65024 Len=1448 TSval=2916039767 TSecr=3045559541 [TCP segment of a reassembled PDU]"
"50773","35.686872092","192.168.1.55","192.168.1.2","TCP","1514","8004  >  36522 [ACK] Seq=107342 Ack=141 Win=65024 Len=1448 TSval=2916039767 TSecr=3045559541 [TCP segment of a reassembled PDU]"
"50774","35.686873370","192.168.1.55","192.168.1.2","TCP","1514","8004  >  36522 [ACK] Seq=108790 Ack=141 Win=65024 Len=1448 TSval=2916039767 TSecr=3045559541 [TCP segment of a reassembled PDU]"
"50775","35.686874666","192.168.1.55","192.168.1.2","TCP","1514","8004  >  36522 [ACK] Seq=110238 Ack=141 Win=65024 Len=1448 TSval=2916039767 TSecr=3045559541 [TCP segment of a reassembled PDU]"
"50776","35.686876055","192.168.1.55","192.168.1.2","TCP","1514","8004  >  36522 [ACK] Seq=111686 Ack=141 Win=65024 Len=1448 TSval=2916039767 TSecr=3045559541 [TCP segment of a reassembled PDU]"
"50777","35.686877499","192.168.1.55","192.168.1.2","TCP","1514","8004  >  36522 [ACK] Seq=113134 Ack=141 Win=65024 Len=1448 TSval=2916039767 TSecr=3045559541 [TCP segment of a reassembled PDU]"
"50778","35.686878925","192.168.1.55","192.168.1.2","TCP","1514","8004  >  36522 [ACK] Seq=114582 Ack=141 Win=65024 Len=1448 TSval=2916039767 TSecr=3045559541 [TCP segment of a reassembled PDU]"
"50779","35.686880277","192.168.1.55","192.168.1.2","TCP","1514","8004  >  36522 [ACK] Seq=116030 Ack=141 Win=65024 Len=1448 TSval=2916039767 TSecr=3045559541 [TCP segment of a reassembled PDU]"
"50780","35.686881629","192.168.1.55","192.168.1.2","TCP","1514","8004  >  36522 [PSH, ACK] Seq=117478 Ack=141 Win=65024 Len=1448 TSval=2916039767 TSecr=3045559541 [TCP segment of a reassembled PDU]"
"50781","35.686886833","192.168.1.2","192.168.1.55","TCP","66","36522  >  8004 [ACK] Seq=141 Ack=66798 Win=68608 Len=0 TSval=3045559541 TSecr=2916039762"
"50782","35.686897555","192.168.1.2","192.168.1.55","TCP","66","36522  >  8004 [ACK] Seq=141 Ack=76934 Win=83968 Len=0 TSval=3045559541 TSecr=2916039762"
"50783","35.686940796","192.168.1.55","192.168.1.2","TCP","1514","8004  >  36522 [ACK] Seq=118926 Ack=141 Win=65024 Len=1448 TSval=2916039767 TSecr=3045559541 [TCP segment of a reassembled PDU]"
"50784","35.686943203","192.168.1.55","192.168.1.2","TCP","1514","8004  >  36522 [ACK] Seq=120374 Ack=141 Win=65024 Len=1448 TSval=2916039767 TSecr=3045559541 [TCP segment of a reassembled PDU]"
"50785","35.686944592","192.168.1.55","192.168.1.2","TCP","1514","8004  >  36522 [ACK] Seq=121822 Ack=141 Win=65024 Len=1448 TSval=2916039767 TSecr=3045559541 [TCP segment of a reassembled PDU]"
"50786","35.686946036","192.168.1.55","192.168.1.2","TCP","1514","8004  >  36522 [ACK] Seq=123270 Ack=141 Win=65024 Len=1448 TSval=2916039767 TSecr=3045559541 [TCP segment of a reassembled PDU]"
"50787","35.686947296","192.168.1.55","192.168.1.2","TCP","1514","8004  >  36522 [ACK] Seq=124718 Ack=141 Win=65024 Len=1448 TSval=2916039767 TSecr=3045559541 [TCP segment of a reassembled PDU]"
"50788","35.686948740","192.168.1.55","192.168.1.2","TCP","1514","8004  >  36522 [ACK] Seq=126166 Ack=141 Win=65024 Len=1448 TSval=2916039767 TSecr=3045559541 [TCP segment of a reassembled PDU]"
"50789","35.686950129","192.168.1.55","192.168.1.2","TCP","1514","8004  >  36522 [ACK] Seq=127614 Ack=141 Win=65024 Len=1448 TSval=2916039767 TSecr=3045559541 [TCP segment of a reassembled PDU]"
"50790","35.686951518","192.168.1.55","192.168.1.2","TCP","1514","8004  >  36522 [ACK] Seq=129062 Ack=141 Win=65024 Len=1448 TSval=2916039767 TSecr=3045559541 [TCP segment of a reassembled PDU]"
"50791","35.686953240","192.168.1.55","192.168.1.2","TCP","1514","8004  >  36522 [ACK] Seq=130510 Ack=141 Win=65024 Len=1448 TSval=2916039767 TSecr=3045559541 [TCP segment of a reassembled PDU]"
"50792","35.686954647","192.168.1.55","192.168.1.2","TCP","1514","8004  >  36522 [ACK] Seq=131958 Ack=141 Win=65024 Len=1448 TSval=2916039767 TSecr=3045559541 [TCP segment of a reassembled PDU]"
"50793","35.686955999","192.168.1.55","192.168.1.2","TCP","1514","8004  >  36522 [ACK] Seq=133406 Ack=141 Win=65024 Len=1448 TSval=2916039767 TSecr=3045559541 [TCP segment of a reassembled PDU]"
"50794","35.686957610","192.168.1.55","192.168.1.2","TCP","1514","8004  >  36522 [ACK] Seq=134854 Ack=141 Win=65024 Len=1448 TSval=2916039767 TSecr=3045559541 [TCP segment of a reassembled PDU]"
"50795","35.686959036","192.168.1.55","192.168.1.2","TCP","1514","8004  >  36522 [ACK] Seq=136302 Ack=141 Win=65024 Len=1448 TSval=2916039767 TSecr=3045559541 [TCP segment of a reassembled PDU]"
"50796","35.686960462","192.168.1.55","192.168.1.2","TCP","1514","8004  >  36522 [ACK] Seq=137750 Ack=141 Win=65024 Len=1448 TSval=2916039767 TSecr=3045559541 [TCP segment of a reassembled PDU]"
"50797","35.686961777","192.168.1.55","192.168.1.2","TCP","1514","8004  >  36522 [ACK] Seq=139198 Ack=141 Win=65024 Len=1448 TSval=2916039767 TSecr=3045559541 [TCP segment of a reassembled PDU]"
"50798","35.686963073","192.168.1.55","192.168.1.2","TCP","1514","8004  >  36522 [ACK] Seq=140646 Ack=141 Win=65024 Len=1448 TSval=2916039767 TSecr=3045559541 [TCP segment of a reassembled PDU]"
"50799","35.686964388","192.168.1.55","192.168.1.2","TCP","1514","8004  >  36522 [ACK] Seq=142094 Ack=141 Win=65024 Len=1448 TSval=2916039767 TSecr=3045559541 [TCP segment of a reassembled PDU]"
"50800","35.686965851","192.168.1.55","192.168.1.2","TCP","1514","8004  >  36522 [ACK] Seq=143542 Ack=141 Win=65024 Len=1448 TSval=2916039767 TSecr=3045559541 [TCP segment of a reassembled PDU]"
"50801","35.686967240","192.168.1.55","192.168.1.2","TCP","1514","8004  >  36522 [ACK] Seq=144990 Ack=141 Win=65024 Len=1448 TSval=2916039767 TSecr=3045559541 [TCP segment of a reassembled PDU]"
"50802","35.686968573","192.168.1.55","192.168.1.2","TCP","1514","8004  >  36522 [ACK] Seq=146438 Ack=141 Win=65024 Len=1448 TSval=2916039767 TSecr=3045559541 [TCP segment of a reassembled PDU]"
"50803","35.686969907","192.168.1.55","192.168.1.2","TCP","1514","8004  >  36522 [ACK] Seq=147886 Ack=141 Win=65024 Len=1448 TSval=2916039767 TSecr=3045559541 [TCP segment of a reassembled PDU]"
"50804","35.686971444","192.168.1.55","192.168.1.2","TCP","1514","8004  >  36522 [ACK] Seq=149334 Ack=141 Win=65024 Len=1448 TSval=2916039767 TSecr=3045559541 [TCP segment of a reassembled PDU]"
"50805","35.686972777","192.168.1.55","192.168.1.2","TCP","1514","8004  >  36522 [ACK] Seq=150782 Ack=141 Win=65024 Len=1448 TSval=2916039767 TSecr=3045559541 [TCP segment of a reassembled PDU]"
"50806","35.686974185","192.168.1.55","192.168.1.2","TCP","1514","8004  >  36522 [ACK] Seq=152230 Ack=141 Win=65024 Len=1448 TSval=2916039767 TSecr=3045559541 [TCP segment of a reassembled PDU]"
"50807","35.686975573","192.168.1.55","192.168.1.2","TCP","1514","8004  >  36522 [ACK] Seq=153678 Ack=141 Win=65024 Len=1448 TSval=2916039767 TSecr=3045559541 [TCP segment of a reassembled PDU]"
"50808","35.686976999","192.168.1.55","192.168.1.2","TCP","1514","8004  >  36522 [ACK] Seq=155126 Ack=141 Win=65024 Len=1448 TSval=2916039767 TSecr=3045559541 [TCP segment of a reassembled PDU]"
"50809","35.686978407","192.168.1.55","192.168.1.2","TCP","1514","8004  >  36522 [ACK] Seq=156574 Ack=141 Win=65024 Len=1448 TSval=2916039767 TSecr=3045559541 [TCP segment of a reassembled PDU]"
"50810","35.686979814","192.168.1.55","192.168.1.2","TCP","1514","8004  >  36522 [ACK] Seq=158022 Ack=141 Win=65024 Len=1448 TSval=2916039767 TSecr=3045559541 [TCP segment of a reassembled PDU]"
"50811","35.686981518","192.168.1.55","192.168.1.2","TCP","1498","[TCP Window Full] 8004  >  36522 [PSH, ACK] Seq=159470 Ack=141 Win=65024 Len=1432 TSval=2916039767 TSecr=3045559541 [TCP segment of a reassembled PDU]"
"50812","35.686985888","192.168.1.2","192.168.1.55","TCP","66","36522  >  8004 [ACK] Seq=141 Ack=88518 Win=72704 Len=0 TSval=3045559541 TSecr=2916039763"
"50813","35.688179761","192.168.1.55","192.168.1.2","TCP","82","8004  >  36522 [ACK] Seq=160902 Ack=141 Win=65024 Len=16 TSval=2916039768 TSecr=3045559541 [TCP segment of a reassembled PDU]"
"50814","35.691139932","192.168.1.2","192.168.1.55","TCP","66","36522  >  8004 [ACK] Seq=141 Ack=97206 Win=82944 Len=0 TSval=3045559542 TSecr=2916039763"
"50815","35.691164691","192.168.1.55","192.168.1.2","TCP","1514","8004  >  36522 [ACK] Seq=160918 Ack=141 Win=65024 Len=1448 TSval=2916039771 TSecr=3045559542 [TCP segment of a reassembled PDU]"
"50816","35.691167265","192.168.1.55","192.168.1.2","TCP","1514","8004  >  36522 [ACK] Seq=162366 Ack=141 Win=65024 Len=1448 TSval=2916039771 TSecr=3045559542 [TCP segment of a reassembled PDU]"
"50817","35.691168747","192.168.1.55","192.168.1.2","TCP","1514","8004  >  36522 [ACK] Seq=163814 Ack=141 Win=65024 Len=1448 TSval=2916039771 TSecr=3045559542 [TCP segment of a reassembled PDU]"
"50818","35.691170154","192.168.1.55","192.168.1.2","TCP","1514","8004  >  36522 [ACK] Seq=165262 Ack=141 Win=65024 Len=1448 TSval=2916039771 TSecr=3045559542 [TCP segment of a reassembled PDU]"
"50819","35.691171617","192.168.1.55","192.168.1.2","TCP","1514","8004  >  36522 [ACK] Seq=166710 Ack=141 Win=65024 Len=1448 TSval=2916039771 TSecr=3045559542 [TCP segment of a reassembled PDU]"
"50820","35.691173025","192.168.1.55","192.168.1.2","TCP","1514","8004  >  36522 [ACK] Seq=168158 Ack=141 Win=65024 Len=1448 TSval=2916039771 TSecr=3045559542 [TCP segment of a reassembled PDU]"
"50821","35.691174339","192.168.1.55","192.168.1.2","TCP","1514","8004  >  36522 [ACK] Seq=169606 Ack=141 Win=65024 Len=1448 TSval=2916039771 TSecr=3045559542 [TCP segment of a reassembled PDU]"
"50822","35.691175932","192.168.1.55","192.168.1.2","TCP","1514","8004  >  36522 [ACK] Seq=171054 Ack=141 Win=65024 Len=1448 TSval=2916039771 TSecr=3045559542 [TCP segment of a reassembled PDU]"
"50823","35.691177599","192.168.1.55","192.168.1.2","TCP","1514","8004  >  36522 [ACK] Seq=172502 Ack=141 Win=65024 Len=1448 TSval=2916039771 TSecr=3045559542 [TCP segment of a reassembled PDU]"
"50824","35.691179025","192.168.1.55","192.168.1.2","TCP","1514","8004  >  36522 [ACK] Seq=173950 Ack=141 Win=65024 Len=1448 TSval=2916039771 TSecr=3045559542 [TCP segment of a reassembled PDU]"
"50825","35.691180339","192.168.1.55","192.168.1.2","TCP","1514","8004  >  36522 [ACK] Seq=175398 Ack=141 Win=65024 Len=1448 TSval=2916039771 TSecr=3045559542 [TCP segment of a reassembled PDU]"
"50826","35.691181747","192.168.1.55","192.168.1.2","TCP","1514","8004  >  36522 [ACK] Seq=176846 Ack=141 Win=65024 Len=1448 TSval=2916039771 TSecr=3045559542 [TCP segment of a reassembled PDU]"
"50827","35.691183173","192.168.1.55","192.168.1.2","TCP","1514","8004  >  36522 [PSH, ACK] Seq=178294 Ack=141 Win=65024 Len=1448 TSval=2916039771 TSecr=3045559542 [TCP segment of a reassembled PDU]"
"50828","35.691770748","192.168.1.2","192.168.1.55","TCP","66","36522  >  8004 [ACK] Seq=141 Ack=100102 Win=80896 Len=0 TSval=3045559542 TSecr=2916039763"
"50829","35.691779989","192.168.1.2","192.168.1.55","TCP","66","36522  >  8004 [ACK] Seq=141 Ack=101550 Win=90112 Len=0 TSval=3045559543 TSecr=2916039767"
"50830","35.691784248","192.168.1.2","192.168.1.55","TCP","66","36522  >  8004 [ACK] Seq=141 Ack=102998 Win=93184 Len=0 TSval=3045559543 TSecr=2916039767"
"50831","35.694014974","192.168.1.2","192.168.1.55","TCP","66","36522  >  8004 [ACK] Seq=141 Ack=105894 Win=98304 Len=0 TSval=3045559546 TSecr=2916039767"
"50832","35.694037677","192.168.1.55","192.168.1.2","TCP","1514","8004  >  36522 [ACK] Seq=179742 Ack=141 Win=65024 Len=1448 TSval=2916039774 TSecr=3045559546 [TCP segment of a reassembled PDU]"
"50833","35.694040326","192.168.1.55","192.168.1.2","TCP","1514","8004  >  36522 [ACK] Seq=181190 Ack=141 Win=65024 Len=1448 TSval=2916039774 TSecr=3045559546 [TCP segment of a reassembled PDU]"
"50834","35.694041622","192.168.1.55","192.168.1.2","TCP","1514","8004  >  36522 [ACK] Seq=182638 Ack=141 Win=65024 Len=1448 TSval=2916039774 TSecr=3045559546 [TCP segment of a reassembled PDU]"
"50835","35.694042918","192.168.1.55","192.168.1.2","TCP","1514","8004  >  36522 [ACK] Seq=184086 Ack=141 Win=65024 Len=1448 TSval=2916039774 TSecr=3045559546 [TCP segment of a reassembled PDU]"
"50836","35.694044214","192.168.1.55","192.168.1.2","TCP","1514","8004  >  36522 [ACK] Seq=185534 Ack=141 Win=65024 Len=1448 TSval=2916039774 TSecr=3045559546 [TCP segment of a reassembled PDU]"
"50837","35.694045492","192.168.1.55","192.168.1.2","TCP","1514","8004  >  36522 [ACK] Seq=186982 Ack=141 Win=65024 Len=1448 TSval=2916039774 TSecr=3045559546 [TCP segment of a reassembled PDU]"
"50838","35.694046881","192.168.1.55","192.168.1.2","TCP","1514","8004  >  36522 [ACK] Seq=188430 Ack=141 Win=65024 Len=1448 TSval=2916039774 TSecr=3045559546 [TCP segment of a reassembled PDU]"
"50839","35.694048363","192.168.1.55","192.168.1.2","TCP","1514","8004  >  36522 [ACK] Seq=189878 Ack=141 Win=65024 Len=1448 TSval=2916039774 TSecr=3045559546 [TCP segment of a reassembled PDU]"
"50840","35.694049677","192.168.1.55","192.168.1.2","TCP","1514","8004  >  36522 [ACK] Seq=191326 Ack=141 Win=65024 Len=1448 TSval=2916039774 TSecr=3045559546 [TCP segment of a reassembled PDU]"
"50841","35.694051363","192.168.1.55","192.168.1.2","TCP","1514","8004  >  36522 [ACK] Seq=192774 Ack=141 Win=65024 Len=1448 TSval=2916039774 TSecr=3045559546 [TCP segment of a reassembled PDU]"
"50842","35.694052640","192.168.1.55","192.168.1.2","TCP","1514","8004  >  36522 [ACK] Seq=194222 Ack=141 Win=65024 Len=1448 TSval=2916039774 TSecr=3045559546 [TCP segment of a reassembled PDU]"
"50843","35.694054048","192.168.1.55","192.168.1.2","TCP","1514","8004  >  36522 [ACK] Seq=195670 Ack=141 Win=65024 Len=1448 TSval=2916039774 TSecr=3045559546 [TCP segment of a reassembled PDU]"
"50844","35.694055344","192.168.1.55","192.168.1.2","TCP","1514","8004  >  36522 [ACK] Seq=197118 Ack=141 Win=65024 Len=1448 TSval=2916039774 TSecr=3045559546 [TCP segment of a reassembled PDU]"
"50845","35.694056659","192.168.1.55","192.168.1.2","TCP","1514","8004  >  36522 [ACK] Seq=198566 Ack=141 Win=65024 Len=1448 TSval=2916039774 TSecr=3045559546 [TCP segment of a reassembled PDU]"
"50846","35.694058066","192.168.1.55","192.168.1.2","TCP","1514","8004  >  36522 [ACK] Seq=200014 Ack=141 Win=65024 Len=1448 TSval=2916039774 TSecr=3045559546 [TCP segment of a reassembled PDU]"
"50847","35.694059344","192.168.1.55","192.168.1.2","TCP","1514","8004  >  36522 [PSH, ACK] Seq=201462 Ack=141 Win=65024 Len=1448 TSval=2916039774 TSecr=3045559546 [TCP segment of a reassembled PDU]"
"50848","35.694755401","192.168.1.2","192.168.1.55","TCP","66","36522  >  8004 [ACK] Seq=141 Ack=107342 Win=97280 Len=0 TSval=3045559546 TSecr=2916039767"
"50849","35.694762901","192.168.1.2","192.168.1.55","TCP","66","36522  >  8004 [ACK] Seq=141 Ack=118926 Win=92160 Len=0 TSval=3045559546 TSecr=2916039767"
"50850","35.694770660","192.168.1.55","192.168.1.2","TCP","1514","8004  >  36522 [ACK] Seq=202910 Ack=141 Win=65024 Len=1448 TSval=2916039775 TSecr=3045559546 [TCP segment of a reassembled PDU]"
"50851","35.694772382","192.168.1.55","192.168.1.2","TCP","1514","8004  >  36522 [PSH, ACK] Seq=204358 Ack=141 Win=65024 Len=1448 TSval=2916039775 TSecr=3045559546 [TCP segment of a reassembled PDU]"
"50852","35.694776530","192.168.1.2","192.168.1.55","TCP","66","36522  >  8004 [ACK] Seq=141 Ack=142094 Win=80896 Len=0 TSval=3045559547 TSecr=2916039767"
"50853","35.694783308","192.168.1.2","192.168.1.55","TCP","66","36522  >  8004 [ACK] Seq=141 Ack=153678 Win=69632 Len=0 TSval=3045559547 TSecr=2916039767"
"50854","35.694839642","192.168.1.2","192.168.1.55","TCP","66","36522  >  8004 [ACK] Seq=141 Ack=158022 Win=96256 Len=0 TSval=3045559548 TSecr=2916039767"
"50855","35.694879734","192.168.1.55","192.168.1.2","TCP","1514","8004  >  36522 [ACK] Seq=205806 Ack=141 Win=65024 Len=1448 TSval=2916039775 TSecr=3045559548 [TCP segment of a reassembled PDU]"
"50856","35.694881642","192.168.1.55","192.168.1.2","TCP","1514","8004  >  36522 [ACK] Seq=207254 Ack=141 Win=65024 Len=1448 TSval=2916039775 TSecr=3045559548 [TCP segment of a reassembled PDU]"
"50857","35.694883420","192.168.1.55","192.168.1.2","TCP","1514","8004  >  36522 [ACK] Seq=208702 Ack=141 Win=65024 Len=1448 TSval=2916039775 TSecr=3045559548 [TCP segment of a reassembled PDU]"
"50858","35.694889938","192.168.1.55","192.168.1.2","TCP","1514","8004  >  36522 [ACK] Seq=210150 Ack=141 Win=65024 Len=1448 TSval=2916039775 TSecr=3045559548 [TCP segment of a reassembled PDU]"
"50859","35.694891827","192.168.1.55","192.168.1.2","TCP","1514","8004  >  36522 [ACK] Seq=211598 Ack=141 Win=65024 Len=1448 TSval=2916039775 TSecr=3045559548 [TCP segment of a reassembled PDU]"
"50860","35.694893216","192.168.1.55","192.168.1.2","TCP","1514","8004  >  36522 [ACK] Seq=213046 Ack=141 Win=65024 Len=1448 TSval=2916039775 TSecr=3045559548 [TCP segment of a reassembled PDU]"
"50861","35.694894494","192.168.1.55","192.168.1.2","TCP","1514","8004  >  36522 [ACK] Seq=214494 Ack=141 Win=65024 Len=1448 TSval=2916039775 TSecr=3045559548 [TCP segment of a reassembled PDU]"
"50862","35.694895753","192.168.1.55","192.168.1.2","TCP","1514","8004  >  36522 [ACK] Seq=215942 Ack=141 Win=65024 Len=1448 TSval=2916039775 TSecr=3045559548 [TCP segment of a reassembled PDU]"
"50863","35.694897049","192.168.1.55","192.168.1.2","TCP","1514","8004  >  36522 [ACK] Seq=217390 Ack=141 Win=65024 Len=1448 TSval=2916039775 TSecr=3045559548 [TCP segment of a reassembled PDU]"
"50864","35.694898364","192.168.1.55","192.168.1.2","TCP","1514","8004  >  36522 [ACK] Seq=218838 Ack=141 Win=65024 Len=1448 TSval=2916039775 TSecr=3045559548 [TCP segment of a reassembled PDU]"
"50865","35.694899790","192.168.1.55","192.168.1.2","TCP","1514","8004  >  36522 [ACK] Seq=220286 Ack=141 Win=65024 Len=1448 TSval=2916039775 TSecr=3045559548 [TCP segment of a reassembled PDU]"
"50866","35.694901123","192.168.1.55","192.168.1.2","TCP","1514","8004  >  36522 [ACK] Seq=221734 Ack=141 Win=65024 Len=1448 TSval=2916039775 TSecr=3045559548 [TCP segment of a reassembled PDU]"
"50867","35.694902401","192.168.1.55","192.168.1.2","TCP","1514","8004  >  36522 [ACK] Seq=223182 Ack=141 Win=65024 Len=1448 TSval=2916039775 TSecr=3045559548 [TCP segment of a reassembled PDU]"
"50868","35.694903827","192.168.1.55","192.168.1.2","TCP","1514","8004  >  36522 [ACK] Seq=224630 Ack=141 Win=65024 Len=1448 TSval=2916039775 TSecr=3045559548 [TCP segment of a reassembled PDU]"
"50869","35.694905197","192.168.1.55","192.168.1.2","TCP","1514","8004  >  36522 [ACK] Seq=226078 Ack=141 Win=65024 Len=1448 TSval=2916039775 TSecr=3045559548 [TCP segment of a reassembled PDU]"
"50870","35.694906771","192.168.1.55","192.168.1.2","TCP","1514","8004  >  36522 [ACK] Seq=227526 Ack=141 Win=65024 Len=1448 TSval=2916039775 TSecr=3045559548 [TCP segment of a reassembled PDU]"
"50871","35.694908401","192.168.1.55","192.168.1.2","TCP","1514","8004  >  36522 [ACK] Seq=228974 Ack=141 Win=65024 Len=1448 TSval=2916039775 TSecr=3045559548 [TCP segment of a reassembled PDU]"
"50872","35.694909716","192.168.1.55","192.168.1.2","TCP","1514","8004  >  36522 [ACK] Seq=230422 Ack=141 Win=65024 Len=1448 TSval=2916039775 TSecr=3045559548 [TCP segment of a reassembled PDU]"
"50873","35.694911049","192.168.1.55","192.168.1.2","TCP","1514","8004  >  36522 [ACK] Seq=231870 Ack=141 Win=65024 Len=1448 TSval=2916039775 TSecr=3045559548 [TCP segment of a reassembled PDU]"
"50874","35.694912623","192.168.1.55","192.168.1.2","TCP","1514","8004  >  36522 [ACK] Seq=233318 Ack=141 Win=65024 Len=1448 TSval=2916039775 TSecr=3045559548 [TCP segment of a reassembled PDU]"
"50875","35.694914049","192.168.1.55","192.168.1.2","TCP","1514","8004  >  36522 [ACK] Seq=234766 Ack=141 Win=65024 Len=1448 TSval=2916039775 TSecr=3045559548 [TCP segment of a reassembled PDU]"
"50876","35.694915475","192.168.1.55","192.168.1.2","TCP","1514","8004  >  36522 [ACK] Seq=236214 Ack=141 Win=65024 Len=1448 TSval=2916039775 TSecr=3045559548 [TCP segment of a reassembled PDU]"
"50877","35.694916790","192.168.1.55","192.168.1.2","TCP","1514","8004  >  36522 [ACK] Seq=237662 Ack=141 Win=65024 Len=1448 TSval=2916039775 TSecr=3045559548 [TCP segment of a reassembled PDU]"
"50878","35.694918271","192.168.1.55","192.168.1.2","TCP","1514","8004  >  36522 [ACK] Seq=239110 Ack=141 Win=65024 Len=1448 TSval=2916039775 TSecr=3045559548 [TCP segment of a reassembled PDU]"
"50879","35.694919642","192.168.1.55","192.168.1.2","TCP","1514","8004  >  36522 [ACK] Seq=240558 Ack=141 Win=65024 Len=1448 TSval=2916039775 TSecr=3045559548 [TCP segment of a reassembled PDU]"
"50880","35.694920957","192.168.1.55","192.168.1.2","TCP","1514","8004  >  36522 [ACK] Seq=242006 Ack=141 Win=65024 Len=1448 TSval=2916039775 TSecr=3045559548 [TCP segment of a reassembled PDU]"
"50881","35.694922308","192.168.1.55","192.168.1.2","TCP","1514","8004  >  36522 [ACK] Seq=243454 Ack=141 Win=65024 Len=1448 TSval=2916039775 TSecr=3045559548 [TCP segment of a reassembled PDU]"
"50882","35.694923716","192.168.1.55","192.168.1.2","TCP","1514","8004  >  36522 [ACK] Seq=244902 Ack=141 Win=65024 Len=1448 TSval=2916039775 TSecr=3045559548 [TCP segment of a reassembled PDU]"
"50883","35.694925197","192.168.1.55","192.168.1.2","TCP","1514","8004  >  36522 [ACK] Seq=246350 Ack=141 Win=65024 Len=1448 TSval=2916039775 TSecr=3045559548 [TCP segment of a reassembled PDU]"
"50884","35.694926660","192.168.1.55","192.168.1.2","TCP","1514","8004  >  36522 [ACK] Seq=247798 Ack=141 Win=65024 Len=1448 TSval=2916039775 TSecr=3045559548 [TCP segment of a reassembled PDU]"
"50885","35.694928012","192.168.1.55","192.168.1.2","TCP","1514","8004  >  36522 [PSH, ACK] Seq=249246 Ack=141 Win=65024 Len=1448 TSval=2916039775 TSecr=3045559548 [TCP segment of a reassembled PDU]"
"50886","35.694932827","192.168.1.2","192.168.1.55","TCP","66","36522  >  8004 [ACK] Seq=141 Ack=160902 Win=100352 Len=0 TSval=3045559548 TSecr=2916039767"
"50887","35.694939920","192.168.1.2","192.168.1.55","TCP","66","36522  >  8004 [ACK] Seq=141 Ack=160918 Win=100352 Len=0 TSval=3045559548 TSecr=2916039768"
"50888","35.699598075","192.168.1.2","192.168.1.55","TCP","66","36522  >  8004 [ACK] Seq=141 Ack=179742 Win=82944 Len=0 TSval=3045559551 TSecr=2916039771"
"50889","35.699622260","192.168.1.55","192.168.1.2","TCP","1514","8004  >  36522 [ACK] Seq=250694 Ack=141 Win=65024 Len=1448 TSval=2916039780 TSecr=3045559551 [TCP segment of a reassembled PDU]"
"50890","35.699625223","192.168.1.55","192.168.1.2","TCP","1514","8004  >  36522 [ACK] Seq=252142 Ack=141 Win=65024 Len=1448 TSval=2916039780 TSecr=3045559551 [TCP segment of a reassembled PDU]"
"50891","35.699626723","192.168.1.55","192.168.1.2","TCP","1514","8004  >  36522 [ACK] Seq=253590 Ack=141 Win=65024 Len=1448 TSval=2916039780 TSecr=3045559551 [TCP segment of a reassembled PDU]"
"50892","35.699628001","192.168.1.55","192.168.1.2","TCP","1514","8004  >  36522 [ACK] Seq=255038 Ack=141 Win=65024 Len=1448 TSval=2916039780 TSecr=3045559551 [TCP segment of a reassembled PDU]"
"50893","35.699629372","192.168.1.55","192.168.1.2","TCP","1514","8004  >  36522 [ACK] Seq=256486 Ack=141 Win=65024 Len=1448 TSval=2916039780 TSecr=3045559551 [TCP segment of a reassembled PDU]"
"50894","35.699630705","192.168.1.55","192.168.1.2","TCP","1514","8004  >  36522 [ACK] Seq=257934 Ack=141 Win=65024 Len=1448 TSval=2916039780 TSecr=3045559551 [TCP segment of a reassembled PDU]"
"50895","35.699632001","192.168.1.55","192.168.1.2","TCP","1514","8004  >  36522 [ACK] Seq=259382 Ack=141 Win=65024 Len=1448 TSval=2916039780 TSecr=3045559551 [TCP segment of a reassembled PDU]"
"50896","35.699633353","192.168.1.55","192.168.1.2","TCP","1514","8004  >  36522 [ACK] Seq=260830 Ack=141 Win=65024 Len=1448 TSval=2916039780 TSecr=3045559551 [TCP segment of a reassembled PDU]"
"50897","35.699635020","192.168.1.55","192.168.1.2","TCP","474","[TCP Window Full] 8004  >  36522 [PSH, ACK] Seq=262278 Ack=141 Win=65024 Len=408 TSval=2916039780 TSecr=3045559551 [TCP segment of a reassembled PDU]"
"50898","35.700165095","192.168.1.2","192.168.1.55","TCP","66","36522  >  8004 [ACK] Seq=141 Ack=202910 Win=78848 Len=0 TSval=3045559554 TSecr=2916039774"
"50899","35.700334243","192.168.1.2","192.168.1.55","TCP","66","36522  >  8004 [ACK] Seq=141 Ack=218838 Win=63488 Len=0 TSval=3045559554 TSecr=2916039775"
"50900","35.700341873","192.168.1.2","192.168.1.55","TCP","66","36522  >  8004 [ACK] Seq=141 Ack=243454 Win=77824 Len=0 TSval=3045559554 TSecr=2916039775"
"50901","35.700367225","192.168.1.55","192.168.1.2","TCP","1514","8004  >  36522 [ACK] Seq=262686 Ack=141 Win=65024 Len=1448 TSval=2916039781 TSecr=3045559554 [TCP segment of a reassembled PDU]"
"50902","35.700369947","192.168.1.55","192.168.1.2","TCP","1514","8004  >  36522 [ACK] Seq=264134 Ack=141 Win=65024 Len=1448 TSval=2916039781 TSecr=3045559554 [TCP segment of a reassembled PDU]"
"50903","35.700371299","192.168.1.55","192.168.1.2","TCP","1514","8004  >  36522 [ACK] Seq=265582 Ack=141 Win=65024 Len=1448 TSval=2916039781 TSecr=3045559554 [TCP segment of a reassembled PDU]"
"50904","35.700372576","192.168.1.55","192.168.1.2","TCP","1514","8004  >  36522 [ACK] Seq=267030 Ack=141 Win=65024 Len=1448 TSval=2916039781 TSecr=3045559554 [TCP segment of a reassembled PDU]"
"50905","35.700373947","192.168.1.55","192.168.1.2","TCP","1514","8004  >  36522 [ACK] Seq=268478 Ack=141 Win=65024 Len=1448 TSval=2916039781 TSecr=3045559554 [TCP segment of a reassembled PDU]"
"50906","35.700375317","192.168.1.55","192.168.1.2","TCP","1514","8004  >  36522 [ACK] Seq=269926 Ack=141 Win=65024 Len=1448 TSval=2916039781 TSecr=3045559554 [TCP segment of a reassembled PDU]"
"50907","35.700376706","192.168.1.55","192.168.1.2","TCP","1514","8004  >  36522 [ACK] Seq=271374 Ack=141 Win=65024 Len=1448 TSval=2916039781 TSecr=3045559554 [TCP segment of a reassembled PDU]"
"50908","35.700378021","192.168.1.55","192.168.1.2","TCP","1514","8004  >  36522 [ACK] Seq=272822 Ack=141 Win=65024 Len=1448 TSval=2916039781 TSecr=3045559554 [TCP segment of a reassembled PDU]"
"50909","35.700379743","192.168.1.55","192.168.1.2","TCP","1514","8004  >  36522 [ACK] Seq=274270 Ack=141 Win=65024 Len=1448 TSval=2916039781 TSecr=3045559554 [TCP segment of a reassembled PDU]"
"50910","35.700381039","192.168.1.55","192.168.1.2","TCP","1514","8004  >  36522 [ACK] Seq=275718 Ack=141 Win=65024 Len=1448 TSval=2916039781 TSecr=3045559554 [TCP segment of a reassembled PDU]"
"50911","35.700382354","192.168.1.55","192.168.1.2","TCP","1514","8004  >  36522 [ACK] Seq=277166 Ack=141 Win=65024 Len=1448 TSval=2916039781 TSecr=3045559554 [TCP segment of a reassembled PDU]"
"50912","35.700383780","192.168.1.55","192.168.1.2","TCP","1514","8004  >  36522 [ACK] Seq=278614 Ack=141 Win=65024 Len=1448 TSval=2916039781 TSecr=3045559554 [TCP segment of a reassembled PDU]"
"50913","35.700385058","192.168.1.55","192.168.1.2","TCP","1514","8004  >  36522 [ACK] Seq=280062 Ack=141 Win=65024 Len=1448 TSval=2916039781 TSecr=3045559554 [TCP segment of a reassembled PDU]"
"50914","35.700386447","192.168.1.55","192.168.1.2","TCP","1514","8004  >  36522 [ACK] Seq=281510 Ack=141 Win=65024 Len=1448 TSval=2916039781 TSecr=3045559554 [TCP segment of a reassembled PDU]"
"50915","35.700388095","192.168.1.55","192.168.1.2","TCP","1514","8004  >  36522 [ACK] Seq=282958 Ack=141 Win=65024 Len=1448 TSval=2916039781 TSecr=3045559554 [TCP segment of a reassembled PDU]"
"50916","35.700389447","192.168.1.55","192.168.1.2","TCP","1514","8004  >  36522 [ACK] Seq=284406 Ack=141 Win=65024 Len=1448 TSval=2916039781 TSecr=3045559554 [TCP segment of a reassembled PDU]"
"50917","35.700390873","192.168.1.55","192.168.1.2","TCP","1514","8004  >  36522 [ACK] Seq=285854 Ack=141 Win=65024 Len=1448 TSval=2916039781 TSecr=3045559554 [TCP segment of a reassembled PDU]"
"50918","35.700392280","192.168.1.55","192.168.1.2","TCP","1514","8004  >  36522 [ACK] Seq=287302 Ack=141 Win=65024 Len=1448 TSval=2916039781 TSecr=3045559554 [TCP segment of a reassembled PDU]"
"50919","35.700393595","192.168.1.55","192.168.1.2","TCP","1514","8004  >  36522 [ACK] Seq=288750 Ack=141 Win=65024 Len=1448 TSval=2916039781 TSecr=3045559554 [TCP segment of a reassembled PDU]"
"50920","35.700395039","192.168.1.55","192.168.1.2","TCP","1514","8004  >  36522 [ACK] Seq=290198 Ack=141 Win=65024 Len=1448 TSval=2916039781 TSecr=3045559554 [TCP segment of a reassembled PDU]"
"50921","35.700396539","192.168.1.55","192.168.1.2","TCP","1514","8004  >  36522 [ACK] Seq=291646 Ack=141 Win=65024 Len=1448 TSval=2916039781 TSecr=3045559554 [TCP segment of a reassembled PDU]"
"50922","35.700397965","192.168.1.55","192.168.1.2","TCP","1514","8004  >  36522 [PSH, ACK] Seq=293094 Ack=141 Win=65024 Len=1448 TSval=2916039781 TSecr=3045559554 [TCP segment of a reassembled PDU]"
"50923","35.700403947","192.168.1.55","192.168.1.2","TCP","1106","8004  >  36522 [ACK] Seq=294542 Ack=141 Win=65024 Len=1040 TSval=2916039781 TSecr=3045559554 [TCP segment of a reassembled PDU]"
"50924","35.700407854","192.168.1.2","192.168.1.55","TCP","66","36522  >  8004 [ACK] Seq=141 Ack=250694 Win=94208 Len=0 TSval=3045559555 TSecr=2916039775"
"50925","35.700451521","192.168.1.55","192.168.1.2","TCP","1514","8004  >  36522 [ACK] Seq=295582 Ack=141 Win=65024 Len=1448 TSval=2916039781 TSecr=3045559555 [TCP segment of a reassembled PDU]"
"50926","35.700453984","192.168.1.55","192.168.1.2","TCP","1514","8004  >  36522 [ACK] Seq=297030 Ack=141 Win=65024 Len=1448 TSval=2916039781 TSecr=3045559555 [TCP segment of a reassembled PDU]"
"50927","35.700455336","192.168.1.55","192.168.1.2","TCP","1514","8004  >  36522 [ACK] Seq=298478 Ack=141 Win=65024 Len=1448 TSval=2916039781 TSecr=3045559555 [TCP segment of a reassembled PDU]"
"50928","35.700456725","192.168.1.55","192.168.1.2","TCP","1514","8004  >  36522 [ACK] Seq=299926 Ack=141 Win=65024 Len=1448 TSval=2916039781 TSecr=3045559555 [TCP segment of a reassembled PDU]"
"50929","35.700458169","192.168.1.55","192.168.1.2","TCP","1514","8004  >  36522 [ACK] Seq=301374 Ack=141 Win=65024 Len=1448 TSval=2916039781 TSecr=3045559555 [TCP segment of a reassembled PDU]"
"50930","35.700459447","192.168.1.55","192.168.1.2","TCP","1514","8004  >  36522 [ACK] Seq=302822 Ack=141 Win=65024 Len=1448 TSval=2916039781 TSecr=3045559555 [TCP segment of a reassembled PDU]"
"50931","35.700460799","192.168.1.55","192.168.1.2","TCP","1514","8004  >  36522 [ACK] Seq=304270 Ack=141 Win=65024 Len=1448 TSval=2916039781 TSecr=3045559555 [TCP segment of a reassembled PDU]"
"50932","35.700462280","192.168.1.55","192.168.1.2","TCP","1514","8004  >  36522 [ACK] Seq=305718 Ack=141 Win=65024 Len=1448 TSval=2916039781 TSecr=3045559555 [TCP segment of a reassembled PDU]"
"50933","35.700463688","192.168.1.55","192.168.1.2","TCP","1514","8004  >  36522 [ACK] Seq=307166 Ack=141 Win=65024 Len=1448 TSval=2916039781 TSecr=3045559555 [TCP segment of a reassembled PDU]"
"50934","35.700465169","192.168.1.55","192.168.1.2","TCP","1514","8004  >  36522 [ACK] Seq=308614 Ack=141 Win=65024 Len=1448 TSval=2916039781 TSecr=3045559555 [TCP segment of a reassembled PDU]"
"50935","35.700466651","192.168.1.55","192.168.1.2","TCP","1514","8004  >  36522 [ACK] Seq=310062 Ack=141 Win=65024 Len=1448 TSval=2916039781 TSecr=3045559555 [TCP segment of a reassembled PDU]"
"50936","35.700468114","192.168.1.55","192.168.1.2","TCP","1514","8004  >  36522 [ACK] Seq=311510 Ack=141 Win=65024 Len=1448 TSval=2916039781 TSecr=3045559555 [TCP segment of a reassembled PDU]"
"50937","35.700469466","192.168.1.55","192.168.1.2","TCP","1514","8004  >  36522 [ACK] Seq=312958 Ack=141 Win=65024 Len=1448 TSval=2916039781 TSecr=3045559555 [TCP segment of a reassembled PDU]"
"50938","35.700470743","192.168.1.55","192.168.1.2","TCP","1514","8004  >  36522 [ACK] Seq=314406 Ack=141 Win=65024 Len=1448 TSval=2916039781 TSecr=3045559555 [TCP segment of a reassembled PDU]"
"50939","35.700472114","192.168.1.55","192.168.1.2","TCP","1514","8004  >  36522 [ACK] Seq=315854 Ack=141 Win=65024 Len=1448 TSval=2916039781 TSecr=3045559555 [TCP segment of a reassembled PDU]"
"50940","35.700473391","192.168.1.55","192.168.1.2","TCP","1514","8004  >  36522 [ACK] Seq=317302 Ack=141 Win=65024 Len=1448 TSval=2916039781 TSecr=3045559555 [TCP segment of a reassembled PDU]"
"50941","35.700475021","192.168.1.55","192.168.1.2","TCP","1514","8004  >  36522 [ACK] Seq=318750 Ack=141 Win=65024 Len=1448 TSval=2916039781 TSecr=3045559555 [TCP segment of a reassembled PDU]"
"50942","35.700476391","192.168.1.55","192.168.1.2","TCP","1514","8004  >  36522 [ACK] Seq=320198 Ack=141 Win=65024 Len=1448 TSval=2916039781 TSecr=3045559555 [TCP segment of a reassembled PDU]"
"50943","35.700477743","192.168.1.55","192.168.1.2","TCP","1514","8004  >  36522 [ACK] Seq=321646 Ack=141 Win=65024 Len=1448 TSval=2916039781 TSecr=3045559555 [TCP segment of a reassembled PDU]"
"50944","35.700479095","192.168.1.55","192.168.1.2","TCP","1514","8004  >  36522 [ACK] Seq=323094 Ack=141 Win=65024 Len=1448 TSval=2916039781 TSecr=3045559555 [TCP segment of a reassembled PDU]"
"50945","35.700480391","192.168.1.55","192.168.1.2","TCP","1514","8004  >  36522 [ACK] Seq=324542 Ack=141 Win=65024 Len=1448 TSval=2916039781 TSecr=3045559555 [TCP segment of a reassembled PDU]"
"50946","35.700481743","192.168.1.55","192.168.1.2","TCP","1514","8004  >  36522 [ACK] Seq=325990 Ack=141 Win=65024 Len=1448 TSval=2916039781 TSecr=3045559555 [TCP segment of a reassembled PDU]"
"50947","35.700483521","192.168.1.55","192.168.1.2","TCP","1514","8004  >  36522 [ACK] Seq=327438 Ack=141 Win=65024 Len=1448 TSval=2916039781 TSecr=3045559555 [TCP segment of a reassembled PDU]"
"50948","35.700484817","192.168.1.55","192.168.1.2","TCP","1514","8004  >  36522 [ACK] Seq=328886 Ack=141 Win=65024 Len=1448 TSval=2916039781 TSecr=3045559555 [TCP segment of a reassembled PDU]"
"50949","35.700486299","192.168.1.55","192.168.1.2","TCP","1514","8004  >  36522 [ACK] Seq=330334 Ack=141 Win=65024 Len=1448 TSval=2916039781 TSecr=3045559555 [TCP segment of a reassembled PDU]"
"50950","35.700487577","192.168.1.55","192.168.1.2","TCP","1514","8004  >  36522 [ACK] Seq=331782 Ack=141 Win=65024 Len=1448 TSval=2916039781 TSecr=3045559555 [TCP segment of a reassembled PDU]"
"50951","35.700488891","192.168.1.55","192.168.1.2","TCP","1514","8004  >  36522 [ACK] Seq=333230 Ack=141 Win=65024 Len=1448 TSval=2916039781 TSecr=3045559555 [TCP segment of a reassembled PDU]"
"50952","35.700490540","192.168.1.55","192.168.1.2","TCP","1514","8004  >  36522 [ACK] Seq=334678 Ack=141 Win=65024 Len=1448 TSval=2916039781 TSecr=3045559555 [TCP segment of a reassembled PDU]"
"50953","35.700491836","192.168.1.55","192.168.1.2","TCP","1514","8004  >  36522 [ACK] Seq=336126 Ack=141 Win=65024 Len=1448 TSval=2916039781 TSecr=3045559555 [TCP segment of a reassembled PDU]"
"50954","35.700493262","192.168.1.55","192.168.1.2","TCP","1514","8004  >  36522 [ACK] Seq=337574 Ack=141 Win=65024 Len=1448 TSval=2916039781 TSecr=3045559555 [TCP segment of a reassembled PDU]"
"50955","35.700494540","192.168.1.55","192.168.1.2","TCP","1514","8004  >  36522 [PSH, ACK] Seq=339022 Ack=141 Win=65024 Len=1448 TSval=2916039781 TSecr=3045559555 [TCP segment of a reassembled PDU]"
"50956","35.700503373","192.168.1.55","192.168.1.2","TCP","1514","8004  >  36522 [ACK] Seq=340470 Ack=141 Win=65024 Len=1448 TSval=2916039781 TSecr=3045559555 [TCP segment of a reassembled PDU]"
"50957","35.700505003","192.168.1.55","192.168.1.2","TCP","1514","8004  >  36522 [ACK] Seq=341918 Ack=141 Win=65024 Len=1448 TSval=2916039781 TSecr=3045559555 [TCP segment of a reassembled PDU]"
"50958","35.700506280","192.168.1.55","192.168.1.2","TCP","1514","8004  >  36522 [PSH, ACK] Seq=343366 Ack=141 Win=65024 Len=1448 TSval=2916039781 TSecr=3045559555 [TCP segment of a reassembled PDU]"
"50959","35.706583883","192.168.1.2","192.168.1.55","TCP","66","36522  >  8004 [ACK] Seq=141 Ack=262686 Win=89088 Len=0 TSval=3045559562 TSecr=2916039780"
"50960","35.706598809","192.168.1.55","192.168.1.2","TCP","1514","8004  >  36522 [ACK] Seq=344814 Ack=141 Win=65024 Len=1448 TSval=2916039787 TSecr=3045559562 [TCP segment of a reassembled PDU]"
"50961","35.706601235","192.168.1.55","192.168.1.2","TCP","1514","8004  >  36522 [ACK] Seq=346262 Ack=141 Win=65024 Len=1448 TSval=2916039787 TSecr=3045559562 [TCP segment of a reassembled PDU]"
"50962","35.706602549","192.168.1.55","192.168.1.2","TCP","1514","8004  >  36522 [ACK] Seq=347710 Ack=141 Win=65024 Len=1448 TSval=2916039787 TSecr=3045559562 [TCP segment of a reassembled PDU]"
"50963","35.706603938","192.168.1.55","192.168.1.2","TCP","1514","8004  >  36522 [PSH, ACK] Seq=349158 Ack=141 Win=65024 Len=1448 TSval=2916039787 TSecr=3045559562 [TCP segment of a reassembled PDU]"
"50964","35.706882142","192.168.1.2","192.168.1.55","TCP","66","36522  >  8004 [ACK] Seq=141 Ack=281510 Win=84992 Len=0 TSval=3045559562 TSecr=2916039781"
"50965","35.706888939","192.168.1.2","192.168.1.55","TCP","66","36522  >  8004 [ACK] Seq=141 Ack=294542 Win=90112 Len=0 TSval=3045559562 TSecr=2916039781"
"50966","35.706914772","192.168.1.55","192.168.1.2","TCP","1514","8004  >  36522 [ACK] Seq=350606 Ack=141 Win=65024 Len=1448 TSval=2916039787 TSecr=3045559562 [TCP segment of a reassembled PDU]"
"50967","35.706917217","192.168.1.55","192.168.1.2","TCP","1514","8004  >  36522 [ACK] Seq=352054 Ack=141 Win=65024 Len=1448 TSval=2916039787 TSecr=3045559562 [TCP segment of a reassembled PDU]"
"50968","35.706918531","192.168.1.55","192.168.1.2","TCP","1514","8004  >  36522 [ACK] Seq=353502 Ack=141 Win=65024 Len=1448 TSval=2916039787 TSecr=3045559562 [TCP segment of a reassembled PDU]"
"50969","35.706919809","192.168.1.55","192.168.1.2","TCP","1514","8004  >  36522 [ACK] Seq=354950 Ack=141 Win=65024 Len=1448 TSval=2916039787 TSecr=3045559562 [TCP segment of a reassembled PDU]"
"50970","35.706921457","192.168.1.55","192.168.1.2","TCP","1514","8004  >  36522 [ACK] Seq=356398 Ack=141 Win=65024 Len=1448 TSval=2916039787 TSecr=3045559562 [TCP segment of a reassembled PDU]"
"50971","35.706922754","192.168.1.55","192.168.1.2","TCP","1514","8004  >  36522 [ACK] Seq=357846 Ack=141 Win=65024 Len=1448 TSval=2916039787 TSecr=3045559562 [TCP segment of a reassembled PDU]"
"50972","35.706924124","192.168.1.55","192.168.1.2","TCP","1514","8004  >  36522 [ACK] Seq=359294 Ack=141 Win=65024 Len=1448 TSval=2916039787 TSecr=3045559562 [TCP segment of a reassembled PDU]"
"50973","35.706925457","192.168.1.55","192.168.1.2","TCP","1514","8004  >  36522 [ACK] Seq=360742 Ack=141 Win=65024 Len=1448 TSval=2916039787 TSecr=3045559562 [TCP segment of a reassembled PDU]"
"50974","35.706926772","192.168.1.55","192.168.1.2","TCP","1514","8004  >  36522 [ACK] Seq=362190 Ack=141 Win=65024 Len=1448 TSval=2916039787 TSecr=3045559562 [TCP segment of a reassembled PDU]"
"50975","35.706928143","192.168.1.55","192.168.1.2","TCP","1514","8004  >  36522 [ACK] Seq=363638 Ack=141 Win=65024 Len=1448 TSval=2916039787 TSecr=3045559562 [TCP segment of a reassembled PDU]"
"50976","35.706929439","192.168.1.55","192.168.1.2","TCP","1514","8004  >  36522 [ACK] Seq=365086 Ack=141 Win=65024 Len=1448 TSval=2916039787 TSecr=3045559562 [TCP segment of a reassembled PDU]"
"50977","35.706930717","192.168.1.55","192.168.1.2","TCP","1514","8004  >  36522 [ACK] Seq=366534 Ack=141 Win=65024 Len=1448 TSval=2916039787 TSecr=3045559562 [TCP segment of a reassembled PDU]"
"50978","35.706932013","192.168.1.55","192.168.1.2","TCP","1514","8004  >  36522 [ACK] Seq=367982 Ack=141 Win=65024 Len=1448 TSval=2916039787 TSecr=3045559562 [TCP segment of a reassembled PDU]"
"50979","35.706933476","192.168.1.55","192.168.1.2","TCP","1514","8004  >  36522 [ACK] Seq=369430 Ack=141 Win=65024 Len=1448 TSval=2916039787 TSecr=3045559562 [TCP segment of a reassembled PDU]"
"50980","35.706934791","192.168.1.55","192.168.1.2","TCP","1514","8004  >  36522 [ACK] Seq=370878 Ack=141 Win=65024 Len=1448 TSval=2916039787 TSecr=3045559562 [TCP segment of a reassembled PDU]"
"50981","35.706936124","192.168.1.55","192.168.1.2","TCP","1514","8004  >  36522 [ACK] Seq=372326 Ack=141 Win=65024 Len=1448 TSval=2916039787 TSecr=3045559562 [TCP segment of a reassembled PDU]"
"50982","35.706937513","192.168.1.55","192.168.1.2","TCP","1514","8004  >  36522 [ACK] Seq=373774 Ack=141 Win=65024 Len=1448 TSval=2916039787 TSecr=3045559562 [TCP segment of a reassembled PDU]"
"50983","35.706938846","192.168.1.55","192.168.1.2","TCP","1514","8004  >  36522 [ACK] Seq=375222 Ack=141 Win=65024 Len=1448 TSval=2916039787 TSecr=3045559562 [TCP segment of a reassembled PDU]"
"50984","35.706940124","192.168.1.55","192.168.1.2","TCP","1514","8004  >  36522 [ACK] Seq=376670 Ack=141 Win=65024 Len=1448 TSval=2916039787 TSecr=3045559562 [TCP segment of a reassembled PDU]"
"50985","35.706941569","192.168.1.55","192.168.1.2","TCP","1514","8004  >  36522 [ACK] Seq=378118 Ack=141 Win=65024 Len=1448 TSval=2916039787 TSecr=3045559562 [TCP segment of a reassembled PDU]"
"50986","35.706942865","192.168.1.55","192.168.1.2","TCP","1514","8004  >  36522 [ACK] Seq=379566 Ack=141 Win=65024 Len=1448 TSval=2916039787 TSecr=3045559562 [TCP segment of a reassembled PDU]"
"50987","35.706944217","192.168.1.55","192.168.1.2","TCP","1514","8004  >  36522 [ACK] Seq=381014 Ack=141 Win=65024 Len=1448 TSval=2916039787 TSecr=3045559562 [TCP segment of a reassembled PDU]"
"50988","35.706945606","192.168.1.55","192.168.1.2","TCP","1514","8004  >  36522 [PSH, ACK] Seq=382462 Ack=141 Win=65024 Len=1448 TSval=2916039787 TSecr=3045559562 [TCP segment of a reassembled PDU]"
"50989","35.706950013","192.168.1.2","192.168.1.55","TCP","66","36522  >  8004 [ACK] Seq=141 Ack=295582 Win=101376 Len=0 TSval=3045559562 TSecr=2916039781"
"50990","35.706960143","192.168.1.55","192.168.1.2","TCP","1514","8004  >  36522 [PSH, ACK] Seq=383910 Ack=141 Win=65024 Len=1448 TSval=2916039787 TSecr=3045559562 [TCP segment of a reassembled PDU]"
"50991","35.707016495","192.168.1.2","192.168.1.55","TCP","66","36522  >  8004 [ACK] Seq=141 Ack=339022 Win=61440 Len=0 TSval=3045559562 TSecr=2916039781"
"50992","35.707959552","192.168.1.2","192.168.1.55","TCP","66","36522  >  8004 [ACK] Seq=141 Ack=344814 Win=56320 Len=0 TSval=3045559562 TSecr=2916039781"
"50993","35.707979311","192.168.1.55","192.168.1.2","TCP","1514","8004  >  36522 [ACK] Seq=385358 Ack=141 Win=65024 Len=1448 TSval=2916039788 TSecr=3045559562 [TCP segment of a reassembled PDU]"
"50994","35.707981033","192.168.1.55","192.168.1.2","TCP","1514","8004  >  36522 [ACK] Seq=386806 Ack=141 Win=65024 Len=1448 TSval=2916039788 TSecr=3045559562 [TCP segment of a reassembled PDU]"
"50995","35.707982311","192.168.1.55","192.168.1.2","TCP","1514","8004  >  36522 [ACK] Seq=388254 Ack=141 Win=65024 Len=1448 TSval=2916039788 TSecr=3045559562 [TCP segment of a reassembled PDU]"
"50996","35.707983644","192.168.1.55","192.168.1.2","TCP","1514","8004  >  36522 [ACK] Seq=389702 Ack=141 Win=65024 Len=1448 TSval=2916039788 TSecr=3045559562 [TCP segment of a reassembled PDU]"
"50997","35.707985033","192.168.1.55","192.168.1.2","TCP","1514","8004  >  36522 [ACK] Seq=391150 Ack=141 Win=65024 Len=1448 TSval=2916039788 TSecr=3045559562 [TCP segment of a reassembled PDU]"
"50998","35.707986441","192.168.1.55","192.168.1.2","TCP","1514","8004  >  36522 [ACK] Seq=392598 Ack=141 Win=65024 Len=1448 TSval=2916039788 TSecr=3045559562 [TCP segment of a reassembled PDU]"
"50999","35.707987700","192.168.1.55","192.168.1.2","TCP","1514","8004  >  36522 [ACK] Seq=394046 Ack=141 Win=65024 Len=1448 TSval=2916039788 TSecr=3045559562 [TCP segment of a reassembled PDU]"
"51000","35.707989052","192.168.1.55","192.168.1.2","TCP","1514","8004  >  36522 [ACK] Seq=395494 Ack=141 Win=65024 Len=1448 TSval=2916039788 TSecr=3045559562 [TCP segment of a reassembled PDU]"
"51001","35.707990404","192.168.1.55","192.168.1.2","TCP","1514","8004  >  36522 [ACK] Seq=396942 Ack=141 Win=65024 Len=1448 TSval=2916039788 TSecr=3045559562 [TCP segment of a reassembled PDU]"
"51002","35.707991681","192.168.1.55","192.168.1.2","TCP","1514","8004  >  36522 [ACK] Seq=398390 Ack=141 Win=65024 Len=1448 TSval=2916039788 TSecr=3045559562 [TCP segment of a reassembled PDU]"
"51003","35.707993052","192.168.1.55","192.168.1.2","TCP","1362","[TCP Window Full] 8004  >  36522 [PSH, ACK] Seq=399838 Ack=141 Win=65024 Len=1296 TSval=2916039788 TSecr=3045559562 [TCP segment of a reassembled PDU]"
"51004","35.711526243","192.168.1.2","192.168.1.55","TCP","66","36522  >  8004 [ACK] Seq=141 Ack=350606 Win=110592 Len=0 TSval=3045559566 TSecr=2916039787"
"51005","35.711550780","192.168.1.55","192.168.1.2","TCP","1514","8004  >  36522 [ACK] Seq=401134 Ack=141 Win=65024 Len=1448 TSval=2916039792 TSecr=3045559566 [TCP segment of a reassembled PDU]"
"51006","35.711553094","192.168.1.55","192.168.1.2","TCP","1514","8004  >  36522 [ACK] Seq=402582 Ack=141 Win=65024 Len=1448 TSval=2916039792 TSecr=3045559566 [TCP segment of a reassembled PDU]"
"51007","35.711554483","192.168.1.55","192.168.1.2","TCP","1514","8004  >  36522 [ACK] Seq=404030 Ack=141 Win=65024 Len=1448 TSval=2916039792 TSecr=3045559566 [TCP segment of a reassembled PDU]"
"51008","35.711555835","192.168.1.55","192.168.1.2","TCP","1514","8004  >  36522 [ACK] Seq=405478 Ack=141 Win=65024 Len=1448 TSval=2916039792 TSecr=3045559566 [TCP segment of a reassembled PDU]"
"51009","35.711557224","192.168.1.55","192.168.1.2","TCP","1514","8004  >  36522 [ACK] Seq=406926 Ack=141 Win=65024 Len=1448 TSval=2916039792 TSecr=3045559566 [TCP segment of a reassembled PDU]"
"51010","35.711558669","192.168.1.55","192.168.1.2","TCP","1514","8004  >  36522 [ACK] Seq=408374 Ack=141 Win=65024 Len=1448 TSval=2916039792 TSecr=3045559566 [TCP segment of a reassembled PDU]"
"51011","35.711560002","192.168.1.55","192.168.1.2","TCP","1514","8004  >  36522 [ACK] Seq=409822 Ack=141 Win=65024 Len=1448 TSval=2916039792 TSecr=3045559566 [TCP segment of a reassembled PDU]"
"51012","35.711561706","192.168.1.55","192.168.1.2","TCP","1514","8004  >  36522 [ACK] Seq=411270 Ack=141 Win=65024 Len=1448 TSval=2916039792 TSecr=3045559566 [TCP segment of a reassembled PDU]"
"51013","35.711562965","192.168.1.55","192.168.1.2","TCP","1514","8004  >  36522 [ACK] Seq=412718 Ack=141 Win=65024 Len=1448 TSval=2916039792 TSecr=3045559566 [TCP segment of a reassembled PDU]"
"51014","35.711564409","192.168.1.55","192.168.1.2","TCP","1514","8004  >  36522 [ACK] Seq=414166 Ack=141 Win=65024 Len=1448 TSval=2916039792 TSecr=3045559566 [TCP segment of a reassembled PDU]"
"51015","35.711565891","192.168.1.55","192.168.1.2","TCP","1514","8004  >  36522 [ACK] Seq=415614 Ack=141 Win=65024 Len=1448 TSval=2916039792 TSecr=3045559566 [TCP segment of a reassembled PDU]"
"51016","35.711567243","192.168.1.55","192.168.1.2","TCP","1514","8004  >  36522 [ACK] Seq=417062 Ack=141 Win=65024 Len=1448 TSval=2916039792 TSecr=3045559566 [TCP segment of a reassembled PDU]"
"51017","35.711568594","192.168.1.55","192.168.1.2","TCP","1514","8004  >  36522 [ACK] Seq=418510 Ack=141 Win=65024 Len=1448 TSval=2916039792 TSecr=3045559566 [TCP segment of a reassembled PDU]"
"51018","35.711569872","192.168.1.55","192.168.1.2","TCP","1514","8004  >  36522 [ACK] Seq=419958 Ack=141 Win=65024 Len=1448 TSval=2916039792 TSecr=3045559566 [TCP segment of a reassembled PDU]"
"51019","35.711571206","192.168.1.55","192.168.1.2","TCP","1514","8004  >  36522 [ACK] Seq=421406 Ack=141 Win=65024 Len=1448 TSval=2916039792 TSecr=3045559566 [TCP segment of a reassembled PDU]"
"51020","35.711572483","192.168.1.55","192.168.1.2","TCP","1514","8004  >  36522 [ACK] Seq=422854 Ack=141 Win=65024 Len=1448 TSval=2916039792 TSecr=3045559566 [TCP segment of a reassembled PDU]"
"51021","35.711573780","192.168.1.55","192.168.1.2","TCP","1514","8004  >  36522 [ACK] Seq=424302 Ack=141 Win=65024 Len=1448 TSval=2916039792 TSecr=3045559566 [TCP segment of a reassembled PDU]"
"51022","35.711575187","192.168.1.55","192.168.1.2","TCP","1514","8004  >  36522 [ACK] Seq=425750 Ack=141 Win=65024 Len=1448 TSval=2916039792 TSecr=3045559566 [TCP segment of a reassembled PDU]"
"51023","35.711576446","192.168.1.55","192.168.1.2","TCP","1514","8004  >  36522 [ACK] Seq=427198 Ack=141 Win=65024 Len=1448 TSval=2916039792 TSecr=3045559566 [TCP segment of a reassembled PDU]"
"51024","35.711577817","192.168.1.55","192.168.1.2","TCP","1514","8004  >  36522 [PSH, ACK] Seq=428646 Ack=141 Win=65024 Len=1448 TSval=2916039792 TSecr=3045559566 [TCP segment of a reassembled PDU]"
"51025","35.711582317","192.168.1.55","192.168.1.2","TCP","218","8004  >  36522 [ACK] Seq=430094 Ack=141 Win=65024 Len=152 TSval=2916039792 TSecr=3045559566 [TCP segment of a reassembled PDU]"
"51026","35.712409818","192.168.1.2","192.168.1.55","TCP","66","36522  >  8004 [ACK] Seq=141 Ack=383910 Win=147456 Len=0 TSval=3045559566 TSecr=2916039787"
"51027","35.712444263","192.168.1.55","192.168.1.2","TCP","1514","8004  >  36522 [ACK] Seq=430246 Ack=141 Win=65024 Len=1448 TSval=2916039793 TSecr=3045559566 [TCP segment of a reassembled PDU]"
"51028","35.712446300","192.168.1.55","192.168.1.2","TCP","1514","8004  >  36522 [ACK] Seq=431694 Ack=141 Win=65024 Len=1448 TSval=2916039793 TSecr=3045559566 [TCP segment of a reassembled PDU]"
"51029","35.712447707","192.168.1.55","192.168.1.2","TCP","1514","8004  >  36522 [ACK] Seq=433142 Ack=141 Win=65024 Len=1448 TSval=2916039793 TSecr=3045559566 [TCP segment of a reassembled PDU]"
"51030","35.712449059","192.168.1.55","192.168.1.2","TCP","1514","8004  >  36522 [ACK] Seq=434590 Ack=141 Win=65024 Len=1448 TSval=2916039793 TSecr=3045559566 [TCP segment of a reassembled PDU]"
"51031","35.712450448","192.168.1.55","192.168.1.2","TCP","1514","8004  >  36522 [ACK] Seq=436038 Ack=141 Win=65024 Len=1448 TSval=2916039793 TSecr=3045559566 [TCP segment of a reassembled PDU]"
"51032","35.712451874","192.168.1.55","192.168.1.2","TCP","1514","8004  >  36522 [ACK] Seq=437486 Ack=141 Win=65024 Len=1448 TSval=2916039793 TSecr=3045559566 [TCP segment of a reassembled PDU]"
"51033","35.712453392","192.168.1.55","192.168.1.2","TCP","1514","8004  >  36522 [ACK] Seq=438934 Ack=141 Win=65024 Len=1448 TSval=2916039793 TSecr=3045559566 [TCP segment of a reassembled PDU]"
"51034","35.712454763","192.168.1.55","192.168.1.2","TCP","1514","8004  >  36522 [ACK] Seq=440382 Ack=141 Win=65024 Len=1448 TSval=2916039793 TSecr=3045559566 [TCP segment of a reassembled PDU]"
"51035","35.712456151","192.168.1.55","192.168.1.2","TCP","1514","8004  >  36522 [ACK] Seq=441830 Ack=141 Win=65024 Len=1448 TSval=2916039793 TSecr=3045559566 [TCP segment of a reassembled PDU]"
"51036","35.712457448","192.168.1.55","192.168.1.2","TCP","1514","8004  >  36522 [ACK] Seq=443278 Ack=141 Win=65024 Len=1448 TSval=2916039793 TSecr=3045559566 [TCP segment of a reassembled PDU]"
"51037","35.712462763","192.168.1.55","192.168.1.2","TCP","1514","8004  >  36522 [ACK] Seq=444726 Ack=141 Win=65024 Len=1448 TSval=2916039793 TSecr=3045559566 [TCP segment of a reassembled PDU]"
"51038","35.712464559","192.168.1.55","192.168.1.2","TCP","1514","8004  >  36522 [ACK] Seq=446174 Ack=141 Win=65024 Len=1448 TSval=2916039793 TSecr=3045559566 [TCP segment of a reassembled PDU]"
"51039","35.712466059","192.168.1.55","192.168.1.2","TCP","1514","8004  >  36522 [ACK] Seq=447622 Ack=141 Win=65024 Len=1448 TSval=2916039793 TSecr=3045559566 [TCP segment of a reassembled PDU]"
"51040","35.712467485","192.168.1.55","192.168.1.2","TCP","1514","8004  >  36522 [ACK] Seq=449070 Ack=141 Win=65024 Len=1448 TSval=2916039793 TSecr=3045559566 [TCP segment of a reassembled PDU]"
"51041","35.712468911","192.168.1.55","192.168.1.2","TCP","1514","8004  >  36522 [ACK] Seq=450518 Ack=141 Win=65024 Len=1448 TSval=2916039793 TSecr=3045559566 [TCP segment of a reassembled PDU]"
"51042","35.712470207","192.168.1.55","192.168.1.2","TCP","1514","8004  >  36522 [ACK] Seq=451966 Ack=141 Win=65024 Len=1448 TSval=2916039793 TSecr=3045559566 [TCP segment of a reassembled PDU]"
"51043","35.712471559","192.168.1.55","192.168.1.2","TCP","1514","8004  >  36522 [ACK] Seq=453414 Ack=141 Win=65024 Len=1448 TSval=2916039793 TSecr=3045559566 [TCP segment of a reassembled PDU]"
"51044","35.712472985","192.168.1.55","192.168.1.2","TCP","1514","8004  >  36522 [ACK] Seq=454862 Ack=141 Win=65024 Len=1448 TSval=2916039793 TSecr=3045559566 [TCP segment of a reassembled PDU]"
"51045","35.712474466","192.168.1.55","192.168.1.2","TCP","1514","8004  >  36522 [ACK] Seq=456310 Ack=141 Win=65024 Len=1448 TSval=2916039793 TSecr=3045559566 [TCP segment of a reassembled PDU]"
"51046","35.712475744","192.168.1.55","192.168.1.2","TCP","1514","8004  >  36522 [ACK] Seq=457758 Ack=141 Win=65024 Len=1448 TSval=2916039793 TSecr=3045559566 [TCP segment of a reassembled PDU]"
"51047","35.712477170","192.168.1.55","192.168.1.2","TCP","1514","8004  >  36522 [ACK] Seq=459206 Ack=141 Win=65024 Len=1448 TSval=2916039793 TSecr=3045559566 [TCP segment of a reassembled PDU]"
"51048","35.712478429","192.168.1.55","192.168.1.2","TCP","1514","8004  >  36522 [ACK] Seq=460654 Ack=141 Win=65024 Len=1448 TSval=2916039793 TSecr=3045559566 [TCP segment of a reassembled PDU]"
"51049","35.712479818","192.168.1.55","192.168.1.2","TCP","1514","8004  >  36522 [ACK] Seq=462102 Ack=141 Win=65024 Len=1448 TSval=2916039793 TSecr=3045559566 [TCP segment of a reassembled PDU]"
"51050","35.712481096","192.168.1.55","192.168.1.2","TCP","1514","8004  >  36522 [ACK] Seq=463550 Ack=141 Win=65024 Len=1448 TSval=2916039793 TSecr=3045559566 [TCP segment of a reassembled PDU]"
"51051","35.712482411","192.168.1.55","192.168.1.2","TCP","1514","8004  >  36522 [ACK] Seq=464998 Ack=141 Win=65024 Len=1448 TSval=2916039793 TSecr=3045559566 [TCP segment of a reassembled PDU]"
"51052","35.712483781","192.168.1.55","192.168.1.2","TCP","1514","8004  >  36522 [ACK] Seq=466446 Ack=141 Win=65024 Len=1448 TSval=2916039793 TSecr=3045559566 [TCP segment of a reassembled PDU]"
"51053","35.712485059","192.168.1.55","192.168.1.2","TCP","1514","8004  >  36522 [ACK] Seq=467894 Ack=141 Win=65024 Len=1448 TSval=2916039793 TSecr=3045559566 [TCP segment of a reassembled PDU]"
"51054","35.712486577","192.168.1.55","192.168.1.2","TCP","1514","8004  >  36522 [ACK] Seq=469342 Ack=141 Win=65024 Len=1448 TSval=2916039793 TSecr=3045559566 [TCP segment of a reassembled PDU]"
"51055","35.712488114","192.168.1.55","192.168.1.2","TCP","1514","8004  >  36522 [ACK] Seq=470790 Ack=141 Win=65024 Len=1448 TSval=2916039793 TSecr=3045559566 [TCP segment of a reassembled PDU]"
"51056","35.712489411","192.168.1.55","192.168.1.2","TCP","1514","8004  >  36522 [ACK] Seq=472238 Ack=141 Win=65024 Len=1448 TSval=2916039793 TSecr=3045559566 [TCP segment of a reassembled PDU]"
"51057","35.712490818","192.168.1.55","192.168.1.2","TCP","1514","8004  >  36522 [PSH, ACK] Seq=473686 Ack=141 Win=65024 Len=1448 TSval=2916039793 TSecr=3045559566 [TCP segment of a reassembled PDU]"
"51058","35.712512244","192.168.1.55","192.168.1.2","TCP","1514","8004  >  36522 [ACK] Seq=475134 Ack=141 Win=65024 Len=1448 TSval=2916039793 TSecr=3045559566 [TCP segment of a reassembled PDU]"
"51059","35.712513929","192.168.1.55","192.168.1.2","TCP","1514","8004  >  36522 [ACK] Seq=476582 Ack=141 Win=65024 Len=1448 TSval=2916039793 TSecr=3045559566 [TCP segment of a reassembled PDU]"
"51060","35.712515207","192.168.1.55","192.168.1.2","TCP","1514","8004  >  36522 [ACK] Seq=478030 Ack=141 Win=65024 Len=1448 TSval=2916039793 TSecr=3045559566 [TCP segment of a reassembled PDU]"
"51061","35.712516485","192.168.1.55","192.168.1.2","TCP","1514","8004  >  36522 [ACK] Seq=479478 Ack=141 Win=65024 Len=1448 TSval=2916039793 TSecr=3045559566 [TCP segment of a reassembled PDU]"
"51062","35.712517911","192.168.1.55","192.168.1.2","TCP","1514","8004  >  36522 [ACK] Seq=480926 Ack=141 Win=65024 Len=1448 TSval=2916039793 TSecr=3045559566 [TCP segment of a reassembled PDU]"
"51063","35.712519226","192.168.1.55","192.168.1.2","TCP","1514","8004  >  36522 [ACK] Seq=482374 Ack=141 Win=65024 Len=1448 TSval=2916039793 TSecr=3045559566 [TCP segment of a reassembled PDU]"
"51064","35.712520652","192.168.1.55","192.168.1.2","TCP","1514","8004  >  36522 [ACK] Seq=483822 Ack=141 Win=65024 Len=1448 TSval=2916039793 TSecr=3045559566 [TCP segment of a reassembled PDU]"
"51065","35.712522096","192.168.1.55","192.168.1.2","TCP","1514","8004  >  36522 [ACK] Seq=485270 Ack=141 Win=65024 Len=1448 TSval=2916039793 TSecr=3045559566 [TCP segment of a reassembled PDU]"
"51066","35.712523374","192.168.1.55","192.168.1.2","TCP","1514","8004  >  36522 [ACK] Seq=486718 Ack=141 Win=65024 Len=1448 TSval=2916039793 TSecr=3045559566 [TCP segment of a reassembled PDU]"
"51067","35.712524763","192.168.1.55","192.168.1.2","TCP","1514","8004  >  36522 [ACK] Seq=488166 Ack=141 Win=65024 Len=1448 TSval=2916039793 TSecr=3045559566 [TCP segment of a reassembled PDU]"
"51068","35.712526133","192.168.1.55","192.168.1.2","TCP","1514","8004  >  36522 [ACK] Seq=489614 Ack=141 Win=65024 Len=1448 TSval=2916039793 TSecr=3045559566 [TCP segment of a reassembled PDU]"
"51069","35.712528040","192.168.1.55","192.168.1.2","TCP","1514","8004  >  36522 [ACK] Seq=491062 Ack=141 Win=65024 Len=1448 TSval=2916039793 TSecr=3045559566 [TCP segment of a reassembled PDU]"
"51070","35.712529355","192.168.1.55","192.168.1.2","TCP","1514","8004  >  36522 [ACK] Seq=492510 Ack=141 Win=65024 Len=1448 TSval=2916039793 TSecr=3045559566 [TCP segment of a reassembled PDU]"
"51071","35.712530689","192.168.1.55","192.168.1.2","TCP","1514","8004  >  36522 [ACK] Seq=493958 Ack=141 Win=65024 Len=1448 TSval=2916039793 TSecr=3045559566 [TCP segment of a reassembled PDU]"
"51072","35.712532170","192.168.1.55","192.168.1.2","TCP","1514","8004  >  36522 [ACK] Seq=495406 Ack=141 Win=65024 Len=1448 TSval=2916039793 TSecr=3045559566 [TCP segment of a reassembled PDU]"
"51073","35.712533522","192.168.1.55","192.168.1.2","TCP","1514","8004  >  36522 [PSH, ACK] Seq=496854 Ack=141 Win=65024 Len=1448 TSval=2916039793 TSecr=3045559566 [TCP segment of a reassembled PDU]"
"51074","35.712537133","192.168.1.55","192.168.1.2","HTTP","1472","HTTP/1.0 200 OK  (PNG)"
"51075","35.712542355","192.168.1.2","192.168.1.55","TCP","66","36522  >  8004 [ACK] Seq=141 Ack=385358 Win=150528 Len=0 TSval=3045559566 TSecr=2916039787"
"51076","35.712548189","192.168.1.2","192.168.1.55","TCP","66","36522  >  8004 [ACK] Seq=141 Ack=394046 Win=142336 Len=0 TSval=3045559566 TSecr=2916039788"
"51077","35.715959342","192.168.1.2","192.168.1.55","TCP","66","36522  >  8004 [ACK] Seq=141 Ack=401134 Win=164864 Len=0 TSval=3045559567 TSecr=2916039788"
"51078","35.718601624","192.168.1.2","192.168.1.55","TCP","66","36522  >  8004 [ACK] Seq=141 Ack=402582 Win=166912 Len=0 TSval=3045559574 TSecr=2916039792"
"51079","35.718728495","192.168.1.2","192.168.1.55","TCP","66","36522  >  8004 [ACK] Seq=141 Ack=430094 Win=157696 Len=0 TSval=3045559574 TSecr=2916039792"
"51080","35.718737828","192.168.1.2","192.168.1.55","TCP","66","36522  >  8004 [ACK] Seq=141 Ack=443278 Win=145408 Len=0 TSval=3045559574 TSecr=2916039792"
"51081","35.719037199","192.168.1.2","192.168.1.55","TCP","66","36522  >  8004 [ACK] Seq=141 Ack=475134 Win=153600 Len=0 TSval=3045559574 TSecr=2916039793"
"51082","35.719149533","192.168.1.2","192.168.1.55","TCP","66","36522  >  8004 [ACK] Seq=141 Ack=499709 Win=158720 Len=0 TSval=3045559574 TSecr=2916039793"
"51083","35.720092238","192.168.1.2","192.168.1.55","TCP","66","36522  >  8004 [FIN, ACK] Seq=141 Ack=499709 Win=166912 Len=0 TSval=3045559574 TSecr=2916039793"
"51084","35.720114812","192.168.1.55","192.168.1.2","TCP","66","8004  >  36522 [ACK] Seq=499709 Ack=142 Win=65024 Len=0 TSval=2916039800 TSecr=3045559574"
"51085","35.720220923","192.168.1.2","192.168.1.55","TCP","74","36538  >  8004 [SYN] Seq=0 Win=64240 Len=0 MSS=1460 SACK_PERM TSval=3045559575 TSecr=0 WS=1024"
"51086","35.720239164","192.168.1.55","192.168.1.2","TCP","74","8004  >  36538 [SYN, ACK] Seq=0 Ack=1 Win=65160 Len=0 MSS=1460 SACK_PERM TSval=2916039800 TSecr=3045559575 WS=128"
"51087","35.723358169","192.168.1.2","192.168.1.55","TCP","66","36538  >  8004 [ACK] Seq=1 Ack=1 Win=64512 Len=0 TSval=3045559578 TSecr=2916039800"
"51088","35.726586470","192.168.1.2","192.168.1.55","HTTP","209","GET /original_benchmark.png HTTP/1.1 "
"51089","35.726608174","192.168.1.55","192.168.1.2","TCP","66","8004  >  36538 [ACK] Seq=1 Ack=144 Win=65024 Len=0 TSval=2916039807 TSecr=3045559578"
"51090","35.727085453","192.168.1.55","192.168.1.2","TCP","255","8004  >  36538 [PSH, ACK] Seq=1 Ack=144 Win=65024 Len=189 TSval=2916039807 TSecr=3045559578 [TCP segment of a reassembled PDU]"
"51091","35.727203823","192.168.1.55","192.168.1.2","TCP","1514","8004  >  36538 [ACK] Seq=190 Ack=144 Win=65024 Len=1448 TSval=2916039807 TSecr=3045559578 [TCP segment of a reassembled PDU]"
"51092","35.727209490","192.168.1.55","192.168.1.2","TCP","1514","8004  >  36538 [ACK] Seq=1638 Ack=144 Win=65024 Len=1448 TSval=2916039807 TSecr=3045559578 [TCP segment of a reassembled PDU]"
"51093","35.727210712","192.168.1.55","192.168.1.2","TCP","1514","8004  >  36538 [ACK] Seq=3086 Ack=144 Win=65024 Len=1448 TSval=2916039807 TSecr=3045559578 [TCP segment of a reassembled PDU]"
"51094","35.727212138","192.168.1.55","192.168.1.2","TCP","1514","8004  >  36538 [ACK] Seq=4534 Ack=144 Win=65024 Len=1448 TSval=2916039807 TSecr=3045559578 [TCP segment of a reassembled PDU]"
"51095","35.727213657","192.168.1.55","192.168.1.2","TCP","1514","8004  >  36538 [PSH, ACK] Seq=5982 Ack=144 Win=65024 Len=1448 TSval=2916039807 TSecr=3045559578 [TCP segment of a reassembled PDU]"
"51096","35.727232397","192.168.1.55","192.168.1.2","TCP","1514","8004  >  36538 [ACK] Seq=7430 Ack=144 Win=65024 Len=1448 TSval=2916039807 TSecr=3045559578 [TCP segment of a reassembled PDU]"
"51097","35.727234175","192.168.1.55","192.168.1.2","TCP","1514","8004  >  36538 [ACK] Seq=8878 Ack=144 Win=65024 Len=1448 TSval=2916039807 TSecr=3045559578 [TCP segment of a reassembled PDU]"
"51098","35.727235360","192.168.1.55","192.168.1.2","TCP","1514","8004  >  36538 [ACK] Seq=10326 Ack=144 Win=65024 Len=1448 TSval=2916039807 TSecr=3045559578 [TCP segment of a reassembled PDU]"
"51099","35.727236564","192.168.1.55","192.168.1.2","TCP","1514","8004  >  36538 [PSH, ACK] Seq=11774 Ack=144 Win=65024 Len=1448 TSval=2916039807 TSecr=3045559578 [TCP segment of a reassembled PDU]"
"51100","35.737361025","192.168.1.55","192.168.1.2","TCP","1514","8004  >  36538 [ACK] Seq=13222 Ack=144 Win=65024 Len=1448 TSval=2916039818 TSecr=3045559578 [TCP segment of a reassembled PDU]"
"51101","35.739045879","192.168.1.2","192.168.1.55","TCP","66","36538  >  8004 [ACK] Seq=144 Ack=190 Win=64512 Len=0 TSval=3045559593 TSecr=2916039807"
"51102","35.739108528","192.168.1.55","192.168.1.2","TCP","1514","8004  >  36538 [ACK] Seq=14670 Ack=144 Win=65024 Len=1448 TSval=2916039819 TSecr=3045559593 [TCP segment of a reassembled PDU]"
"51103","35.739278676","192.168.1.2","192.168.1.55","TCP","66","36538  >  8004 [ACK] Seq=144 Ack=3086 Win=70656 Len=0 TSval=3045559593 TSecr=2916039807"
"51104","35.739288658","192.168.1.2","192.168.1.55","TCP","66","36538  >  8004 [ACK] Seq=144 Ack=4534 Win=73728 Len=0 TSval=3045559593 TSecr=2916039807"
"51105","35.739314861","192.168.1.55","192.168.1.2","TCP","1514","8004  >  36538 [ACK] Seq=16118 Ack=144 Win=65024 Len=1448 TSval=2916039819 TSecr=3045559593 [TCP segment of a reassembled PDU]"
"51106","35.739316472","192.168.1.55","192.168.1.2","TCP","1514","8004  >  36538 [ACK] Seq=17566 Ack=144 Win=65024 Len=1448 TSval=2916039819 TSecr=3045559593 [TCP segment of a reassembled PDU]"
"51107","35.739317621","192.168.1.55","192.168.1.2","TCP","1514","8004  >  36538 [ACK] Seq=19014 Ack=144 Win=65024 Len=1448 TSval=2916039819 TSecr=3045559593 [TCP segment of a reassembled PDU]"
"51108","35.739318824","192.168.1.55","192.168.1.2","TCP","1514","8004  >  36538 [ACK] Seq=20462 Ack=144 Win=65024 Len=1448 TSval=2916039819 TSecr=3045559593 [TCP segment of a reassembled PDU]"
"51109","35.739320361","192.168.1.55","192.168.1.2","TCP","1514","8004  >  36538 [ACK] Seq=21910 Ack=144 Win=65024 Len=1448 TSval=2916039819 TSecr=3045559593 [TCP segment of a reassembled PDU]"
"51110","35.739322880","192.168.1.55","192.168.1.2","TCP","1514","8004  >  36538 [PSH, ACK] Seq=23358 Ack=144 Win=65024 Len=1448 TSval=2916039819 TSecr=3045559593 [TCP segment of a reassembled PDU]"
"51111","35.739331380","192.168.1.2","192.168.1.55","TCP","66","36538  >  8004 [ACK] Seq=144 Ack=7430 Win=79872 Len=0 TSval=3045559593 TSecr=2916039807"
"51112","35.739337843","192.168.1.2","192.168.1.55","TCP","66","36538  >  8004 [ACK] Seq=144 Ack=13222 Win=81920 Len=0 TSval=3045559593 TSecr=2916039807"
"51113","35.739364639","192.168.1.55","192.168.1.2","TCP","1514","8004  >  36538 [ACK] Seq=24806 Ack=144 Win=65024 Len=1448 TSval=2916039820 TSecr=3045559593 [TCP segment of a reassembled PDU]"
"51114","35.739367380","192.168.1.55","192.168.1.2","TCP","1514","8004  >  36538 [ACK] Seq=26254 Ack=144 Win=65024 Len=1448 TSval=2916039820 TSecr=3045559593 [TCP segment of a reassembled PDU]"
"51115","35.739368584","192.168.1.55","192.168.1.2","TCP","1514","8004  >  36538 [ACK] Seq=27702 Ack=144 Win=65024 Len=1448 TSval=2916039820 TSecr=3045559593 [TCP segment of a reassembled PDU]"
"51116","35.739370084","192.168.1.55","192.168.1.2","TCP","1514","8004  >  36538 [ACK] Seq=29150 Ack=144 Win=65024 Len=1448 TSval=2916039820 TSecr=3045559593 [TCP segment of a reassembled PDU]"
"51117","35.739372213","192.168.1.55","192.168.1.2","TCP","1514","8004  >  36538 [ACK] Seq=30598 Ack=144 Win=65024 Len=1448 TSval=2916039820 TSecr=3045559593 [TCP segment of a reassembled PDU]"
"51118","35.739373639","192.168.1.55","192.168.1.2","TCP","1514","8004  >  36538 [ACK] Seq=32046 Ack=144 Win=65024 Len=1448 TSval=2916039820 TSecr=3045559593 [TCP segment of a reassembled PDU]"
"51119","35.739374973","192.168.1.55","192.168.1.2","TCP","1514","8004  >  36538 [ACK] Seq=33494 Ack=144 Win=65024 Len=1448 TSval=2916039820 TSecr=3045559593 [TCP segment of a reassembled PDU]"
"51120","35.739375935","192.168.1.55","192.168.1.2","TCP","1514","8004  >  36538 [ACK] Seq=34942 Ack=144 Win=65024 Len=1448 TSval=2916039820 TSecr=3045559593 [TCP segment of a reassembled PDU]"
"51121","35.739376861","192.168.1.55","192.168.1.2","TCP","1514","8004  >  36538 [ACK] Seq=36390 Ack=144 Win=65024 Len=1448 TSval=2916039820 TSecr=3045559593 [TCP segment of a reassembled PDU]"
"51122","35.739377898","192.168.1.55","192.168.1.2","TCP","1514","8004  >  36538 [PSH, ACK] Seq=37838 Ack=144 Win=65024 Len=1448 TSval=2916039820 TSecr=3045559593 [TCP segment of a reassembled PDU]"
"51123","35.740027566","192.168.1.55","192.168.1.2","TCP","1514","8004  >  36538 [ACK] Seq=39286 Ack=144 Win=65024 Len=1448 TSval=2916039820 TSecr=3045559593 [TCP segment of a reassembled PDU]"
"51124","35.740029566","192.168.1.55","192.168.1.2","TCP","1514","8004  >  36538 [PSH, ACK] Seq=40734 Ack=144 Win=65024 Len=1448 TSval=2916039820 TSecr=3045559593 [TCP segment of a reassembled PDU]"
"51125","35.743247757","192.168.1.2","192.168.1.55","TCP","66","36538  >  8004 [ACK] Seq=144 Ack=14670 Win=84992 Len=0 TSval=3045559596 TSecr=2916039818"
"51126","35.743265442","192.168.1.55","192.168.1.2","TCP","1514","8004  >  36538 [ACK] Seq=42182 Ack=144 Win=65024 Len=1448 TSval=2916039823 TSecr=3045559596 [TCP segment of a reassembled PDU]"
"51127","35.743267905","192.168.1.55","192.168.1.2","TCP","1514","8004  >  36538 [PSH, ACK] Seq=43630 Ack=144 Win=65024 Len=1448 TSval=2916039823 TSecr=3045559596 [TCP segment of a reassembled PDU]"
"51128","35.745044074","192.168.1.2","192.168.1.55","TCP","66","36538  >  8004 [ACK] Seq=144 Ack=24806 Win=83968 Len=0 TSval=3045559599 TSecr=2916039819"
"51129","35.745117556","192.168.1.55","192.168.1.2","TCP","1514","8004  >  36538 [ACK] Seq=45078 Ack=144 Win=65024 Len=1448 TSval=2916039825 TSecr=3045559599 [TCP segment of a reassembled PDU]"
"51130","35.745122778","192.168.1.55","192.168.1.2","TCP","1514","8004  >  36538 [ACK] Seq=46526 Ack=144 Win=65024 Len=1448 TSval=2916039825 TSecr=3045559599 [TCP segment of a reassembled PDU]"
"51131","35.745124278","192.168.1.55","192.168.1.2","TCP","1514","8004  >  36538 [ACK] Seq=47974 Ack=144 Win=65024 Len=1448 TSval=2916039825 TSecr=3045559599 [TCP segment of a reassembled PDU]"
"51132","35.745125371","192.168.1.55","192.168.1.2","TCP","1514","8004  >  36538 [ACK] Seq=49422 Ack=144 Win=65024 Len=1448 TSval=2916039825 TSecr=3045559599 [TCP segment of a reassembled PDU]"
"51133","35.745126260","192.168.1.55","192.168.1.2","TCP","1514","8004  >  36538 [ACK] Seq=50870 Ack=144 Win=65024 Len=1448 TSval=2916039825 TSecr=3045559599 [TCP segment of a reassembled PDU]"
"51134","35.745127426","192.168.1.55","192.168.1.2","TCP","1514","8004  >  36538 [ACK] Seq=52318 Ack=144 Win=65024 Len=1448 TSval=2916039825 TSecr=3045559599 [TCP segment of a reassembled PDU]"
"51135","35.745128722","192.168.1.55","192.168.1.2","TCP","1514","8004  >  36538 [ACK] Seq=53766 Ack=144 Win=65024 Len=1448 TSval=2916039825 TSecr=3045559599 [TCP segment of a reassembled PDU]"
"51136","35.745129741","192.168.1.55","192.168.1.2","TCP","1514","8004  >  36538 [ACK] Seq=55214 Ack=144 Win=65024 Len=1448 TSval=2916039825 TSecr=3045559599 [TCP segment of a reassembled PDU]"
"51137","35.745130797","192.168.1.55","192.168.1.2","TCP","1514","8004  >  36538 [ACK] Seq=56662 Ack=144 Win=65024 Len=1448 TSval=2916039825 TSecr=3045559599 [TCP segment of a reassembled PDU]"
"51138","35.745131852","192.168.1.55","192.168.1.2","TCP","1514","8004  >  36538 [ACK] Seq=58110 Ack=144 Win=65024 Len=1448 TSval=2916039825 TSecr=3045559599 [TCP segment of a reassembled PDU]"
"51139","35.745133519","192.168.1.55","192.168.1.2","TCP","1514","8004  >  36538 [ACK] Seq=59558 Ack=144 Win=65024 Len=1448 TSval=2916039825 TSecr=3045559599 [TCP segment of a reassembled PDU]"
"51140","35.745135074","192.168.1.55","192.168.1.2","TCP","1514","8004  >  36538 [ACK] Seq=61006 Ack=144 Win=65024 Len=1448 TSval=2916039825 TSecr=3045559599 [TCP segment of a reassembled PDU]"
"51141","35.745136000","192.168.1.55","192.168.1.2","TCP","1514","8004  >  36538 [ACK] Seq=62454 Ack=144 Win=65024 Len=1448 TSval=2916039825 TSecr=3045559599 [TCP segment of a reassembled PDU]"
"51142","35.745137056","192.168.1.55","192.168.1.2","TCP","1514","8004  >  36538 [PSH, ACK] Seq=63902 Ack=144 Win=65024 Len=1448 TSval=2916039825 TSecr=3045559599 [TCP segment of a reassembled PDU]"
"51143","35.745189186","192.168.1.2","192.168.1.55","TCP","66","36538  >  8004 [ACK] Seq=144 Ack=39286 Win=69632 Len=0 TSval=3045559599 TSecr=2916039820"
"51144","35.745212834","192.168.1.55","192.168.1.2","TCP","1514","8004  >  36538 [ACK] Seq=65350 Ack=144 Win=65024 Len=1448 TSval=2916039825 TSecr=3045559599 [TCP segment of a reassembled PDU]"
"51145","35.745214463","192.168.1.55","192.168.1.2","TCP","1514","8004  >  36538 [ACK] Seq=66798 Ack=144 Win=65024 Len=1448 TSval=2916039825 TSecr=3045559599 [TCP segment of a reassembled PDU]"
"51146","35.745215537","192.168.1.55","192.168.1.2","TCP","1514","8004  >  36538 [ACK] Seq=68246 Ack=144 Win=65024 Len=1448 TSval=2916039825 TSecr=3045559599 [TCP segment of a reassembled PDU]"
"51147","35.745216445","192.168.1.55","192.168.1.2","TCP","1514","8004  >  36538 [ACK] Seq=69694 Ack=144 Win=65024 Len=1448 TSval=2916039825 TSecr=3045559599 [TCP segment of a reassembled PDU]"
"51148","35.745217389","192.168.1.55","192.168.1.2","TCP","1514","8004  >  36538 [ACK] Seq=71142 Ack=144 Win=65024 Len=1448 TSval=2916039825 TSecr=3045559599 [TCP segment of a reassembled PDU]"
"51149","35.745218408","192.168.1.55","192.168.1.2","TCP","1514","8004  >  36538 [ACK] Seq=72590 Ack=144 Win=65024 Len=1448 TSval=2916039825 TSecr=3045559599 [TCP segment of a reassembled PDU]"
"51150","35.745219371","192.168.1.55","192.168.1.2","TCP","1514","8004  >  36538 [ACK] Seq=74038 Ack=144 Win=65024 Len=1448 TSval=2916039825 TSecr=3045559599 [TCP segment of a reassembled PDU]"
"51151","35.745220408","192.168.1.55","192.168.1.2","TCP","1514","8004  >  36538 [PSH, ACK] Seq=75486 Ack=144 Win=65024 Len=1448 TSval=2916039825 TSecr=3045559599 [TCP segment of a reassembled PDU]"
"51152","35.745228445","192.168.1.2","192.168.1.55","TCP","66","36538  >  8004 [ACK] Seq=144 Ack=42182 Win=67584 Len=0 TSval=3045559599 TSecr=2916039820"
"51153","35.746229372","192.168.1.55","192.168.1.2","TCP","1514","8004  >  36538 [ACK] Seq=76934 Ack=144 Win=65024 Len=1448 TSval=2916039826 TSecr=3045559599 [TCP segment of a reassembled PDU]"
"51154","35.746255595","192.168.1.55","192.168.1.2","TCP","1514","8004  >  36538 [ACK] Seq=78382 Ack=144 Win=65024 Len=1448 TSval=2916039826 TSecr=3045559599 [TCP segment of a reassembled PDU]"
"51155","35.746258095","192.168.1.55","192.168.1.2","TCP","1514","8004  >  36538 [ACK] Seq=79830 Ack=144 Win=65024 Len=1448 TSval=2916039826 TSecr=3045559599 [TCP segment of a reassembled PDU]"
"51156","35.746262465","192.168.1.55","192.168.1.2","TCP","1514","8004  >  36538 [ACK] Seq=81278 Ack=144 Win=65024 Len=1448 TSval=2916039826 TSecr=3045559599 [TCP segment of a reassembled PDU]"
"51157","35.746264335","192.168.1.55","192.168.1.2","TCP","1514","8004  >  36538 [ACK] Seq=82726 Ack=144 Win=65024 Len=1448 TSval=2916039826 TSecr=3045559599 [TCP segment of a reassembled PDU]"
"51158","35.746266410","192.168.1.55","192.168.1.2","TCP","1514","8004  >  36538 [ACK] Seq=84174 Ack=144 Win=65024 Len=1448 TSval=2916039826 TSecr=3045559599 [TCP segment of a reassembled PDU]"
"51159","35.746268447","192.168.1.55","192.168.1.2","TCP","1514","8004  >  36538 [ACK] Seq=85622 Ack=144 Win=65024 Len=1448 TSval=2916039826 TSecr=3045559599 [TCP segment of a reassembled PDU]"
"51160","35.746270298","192.168.1.55","192.168.1.2","TCP","1514","8004  >  36538 [ACK] Seq=87070 Ack=144 Win=65024 Len=1448 TSval=2916039826 TSecr=3045559599 [TCP segment of a reassembled PDU]"
"51161","35.746274039","192.168.1.55","192.168.1.2","TCP","1514","8004  >  36538 [ACK] Seq=88518 Ack=144 Win=65024 Len=1448 TSval=2916039826 TSecr=3045559599 [TCP segment of a reassembled PDU]"
"51162","35.746276798","192.168.1.55","192.168.1.2","TCP","1514","8004  >  36538 [ACK] Seq=89966 Ack=144 Win=65024 Len=1448 TSval=2916039826 TSecr=3045559599 [TCP segment of a reassembled PDU]"
"51163","35.746278428","192.168.1.55","192.168.1.2","TCP","1514","8004  >  36538 [ACK] Seq=91414 Ack=144 Win=65024 Len=1448 TSval=2916039826 TSecr=3045559599 [TCP segment of a reassembled PDU]"
"51164","35.746282150","192.168.1.55","192.168.1.2","TCP","1514","8004  >  36538 [ACK] Seq=92862 Ack=144 Win=65024 Len=1448 TSval=2916039826 TSecr=3045559599 [TCP segment of a reassembled PDU]"
"51165","35.746288447","192.168.1.55","192.168.1.2","TCP","1514","8004  >  36538 [ACK] Seq=94310 Ack=144 Win=65024 Len=1448 TSval=2916039826 TSecr=3045559599 [TCP segment of a reassembled PDU]"
"51166","35.746290113","192.168.1.55","192.168.1.2","TCP","1514","8004  >  36538 [ACK] Seq=95758 Ack=144 Win=65024 Len=1448 TSval=2916039826 TSecr=3045559599 [TCP segment of a reassembled PDU]"
"51167","35.746303280","192.168.1.55","192.168.1.2","TCP","1514","8004  >  36538 [ACK] Seq=97206 Ack=144 Win=65024 Len=1448 TSval=2916039826 TSecr=3045559599 [TCP segment of a reassembled PDU]"
"51168","35.746307132","192.168.1.55","192.168.1.2","TCP","1514","8004  >  36538 [PSH, ACK] Seq=98654 Ack=144 Win=65024 Len=1448 TSval=2916039826 TSecr=3045559599 [TCP segment of a reassembled PDU]"
"51169","35.748930062","192.168.1.2","192.168.1.55","TCP","66","36538  >  8004 [ACK] Seq=144 Ack=43630 Win=88064 Len=0 TSval=3045559600 TSecr=2916039823"
"51170","35.749013914","192.168.1.55","192.168.1.2","TCP","1514","8004  >  36538 [ACK] Seq=100102 Ack=144 Win=65024 Len=1448 TSval=2916039829 TSecr=3045559600 [TCP segment of a reassembled PDU]"
"51171","35.749024895","192.168.1.55","192.168.1.2","TCP","1514","8004  >  36538 [PSH, ACK] Seq=101550 Ack=144 Win=65024 Len=1448 TSval=2916039829 TSecr=3045559600 [TCP segment of a reassembled PDU]"
"51172","35.749065784","192.168.1.2","192.168.1.55","TCP","66","36538  >  8004 [ACK] Seq=144 Ack=45078 Win=90112 Len=0 TSval=3045559600 TSecr=2916039823"
"51173","35.752342790","192.168.1.2","192.168.1.55","TCP","66","36538  >  8004 [ACK] Seq=144 Ack=65350 Win=71680 Len=0 TSval=3045559604 TSecr=2916039825"
"51174","35.752416456","192.168.1.55","192.168.1.2","TCP","1514","8004  >  36538 [ACK] Seq=102998 Ack=144 Win=65024 Len=1448 TSval=2916039833 TSecr=3045559604 [TCP segment of a reassembled PDU]"
"51175","35.752420679","192.168.1.55","192.168.1.2","TCP","1514","8004  >  36538 [ACK] Seq=104446 Ack=144 Win=65024 Len=1448 TSval=2916039833 TSecr=3045559604 [TCP segment of a reassembled PDU]"
"51176","35.752421827","192.168.1.55","192.168.1.2","TCP","1514","8004  >  36538 [ACK] Seq=105894 Ack=144 Win=65024 Len=1448 TSval=2916039833 TSecr=3045559604 [TCP segment of a reassembled PDU]"
"51177","35.752423049","192.168.1.55","192.168.1.2","TCP","1514","8004  >  36538 [ACK] Seq=107342 Ack=144 Win=65024 Len=1448 TSval=2916039833 TSecr=3045559604 [TCP segment of a reassembled PDU]"
"51178","35.752424401","192.168.1.55","192.168.1.2","TCP","1514","8004  >  36538 [ACK] Seq=108790 Ack=144 Win=65024 Len=1448 TSval=2916039833 TSecr=3045559604 [TCP segment of a reassembled PDU]"
"51179","35.752426734","192.168.1.55","192.168.1.2","TCP","1514","8004  >  36538 [ACK] Seq=110238 Ack=144 Win=65024 Len=1448 TSval=2916039833 TSecr=3045559604 [TCP segment of a reassembled PDU]"
"51180","35.752428327","192.168.1.55","192.168.1.2","TCP","1514","8004  >  36538 [ACK] Seq=111686 Ack=144 Win=65024 Len=1448 TSval=2916039833 TSecr=3045559604 [TCP segment of a reassembled PDU]"
"51181","35.752429271","192.168.1.55","192.168.1.2","TCP","1514","8004  >  36538 [ACK] Seq=113134 Ack=144 Win=65024 Len=1448 TSval=2916039833 TSecr=3045559604 [TCP segment of a reassembled PDU]"
"51182","35.752430401","192.168.1.55","192.168.1.2","TCP","1514","8004  >  36538 [ACK] Seq=114582 Ack=144 Win=65024 Len=1448 TSval=2916039833 TSecr=3045559604 [TCP segment of a reassembled PDU]"
"51183","35.752431512","192.168.1.55","192.168.1.2","TCP","1514","8004  >  36538 [PSH, ACK] Seq=116030 Ack=144 Win=65024 Len=1448 TSval=2916039833 TSecr=3045559604 [TCP segment of a reassembled PDU]"
"51184","35.752495123","192.168.1.2","192.168.1.55","TCP","66","36538  >  8004 [ACK] Seq=144 Ack=76934 Win=60416 Len=0 TSval=3045559604 TSecr=2916039825"
"51185","35.752507457","192.168.1.2","192.168.1.55","TCP","66","36538  >  8004 [ACK] Seq=144 Ack=91414 Win=77824 Len=0 TSval=3045559605 TSecr=2916039826"
"51186","35.752566105","192.168.1.55","192.168.1.2","TCP","1514","8004  >  36538 [ACK] Seq=117478 Ack=144 Win=65024 Len=1448 TSval=2916039833 TSecr=3045559605 [TCP segment of a reassembled PDU]"
"51187","35.752570086","192.168.1.55","192.168.1.2","TCP","1514","8004  >  36538 [ACK] Seq=118926 Ack=144 Win=65024 Len=1448 TSval=2916039833 TSecr=3045559605 [TCP segment of a reassembled PDU]"
"51188","35.752571438","192.168.1.55","192.168.1.2","TCP","1514","8004  >  36538 [ACK] Seq=120374 Ack=144 Win=65024 Len=1448 TSval=2916039833 TSecr=3045559605 [TCP segment of a reassembled PDU]"
"51189","35.752573160","192.168.1.55","192.168.1.2","TCP","1514","8004  >  36538 [ACK] Seq=121822 Ack=144 Win=65024 Len=1448 TSval=2916039833 TSecr=3045559605 [TCP segment of a reassembled PDU]"
"51190","35.752575086","192.168.1.55","192.168.1.2","TCP","1514","8004  >  36538 [ACK] Seq=123270 Ack=144 Win=65024 Len=1448 TSval=2916039833 TSecr=3045559605 [TCP segment of a reassembled PDU]"
"51191","35.752576290","192.168.1.55","192.168.1.2","TCP","1514","8004  >  36538 [ACK] Seq=124718 Ack=144 Win=65024 Len=1448 TSval=2916039833 TSecr=3045559605 [TCP segment of a reassembled PDU]"
"51192","35.752577549","192.168.1.55","192.168.1.2","TCP","1514","8004  >  36538 [ACK] Seq=126166 Ack=144 Win=65024 Len=1448 TSval=2916039833 TSecr=3045559605 [TCP segment of a reassembled PDU]"
"51193","35.752578883","192.168.1.55","192.168.1.2","TCP","1514","8004  >  36538 [ACK] Seq=127614 Ack=144 Win=65024 Len=1448 TSval=2916039833 TSecr=3045559605 [TCP segment of a reassembled PDU]"
"51194","35.752580346","192.168.1.55","192.168.1.2","TCP","1514","8004  >  36538 [ACK] Seq=129062 Ack=144 Win=65024 Len=1448 TSval=2916039833 TSecr=3045559605 [TCP segment of a reassembled PDU]"
"51195","35.752581586","192.168.1.55","192.168.1.2","TCP","1514","8004  >  36538 [ACK] Seq=130510 Ack=144 Win=65024 Len=1448 TSval=2916039833 TSecr=3045559605 [TCP segment of a reassembled PDU]"
"51196","35.752583031","192.168.1.55","192.168.1.2","TCP","1514","8004  >  36538 [ACK] Seq=131958 Ack=144 Win=65024 Len=1448 TSval=2916039833 TSecr=3045559605 [TCP segment of a reassembled PDU]"
"51197","35.752584272","192.168.1.55","192.168.1.2","TCP","1514","8004  >  36538 [ACK] Seq=133406 Ack=144 Win=65024 Len=1448 TSval=2916039833 TSecr=3045559605 [TCP segment of a reassembled PDU]"
"51198","35.752585346","192.168.1.55","192.168.1.2","TCP","1514","8004  >  36538 [ACK] Seq=134854 Ack=144 Win=65024 Len=1448 TSval=2916039833 TSecr=3045559605 [TCP segment of a reassembled PDU]"
"51199","35.752587753","192.168.1.55","192.168.1.2","TCP","1514","8004  >  36538 [ACK] Seq=136302 Ack=144 Win=65024 Len=1448 TSval=2916039833 TSecr=3045559605 [TCP segment of a reassembled PDU]"
"51200","35.752589049","192.168.1.55","192.168.1.2","TCP","1514","8004  >  36538 [ACK] Seq=137750 Ack=144 Win=65024 Len=1448 TSval=2916039833 TSecr=3045559605 [TCP segment of a reassembled PDU]"
"51201","35.752590309","192.168.1.55","192.168.1.2","TCP","1514","8004  >  36538 [ACK] Seq=139198 Ack=144 Win=65024 Len=1448 TSval=2916039833 TSecr=3045559605 [TCP segment of a reassembled PDU]"
"51202","35.752592123","192.168.1.55","192.168.1.2","TCP","1514","8004  >  36538 [ACK] Seq=140646 Ack=144 Win=65024 Len=1448 TSval=2916039833 TSecr=3045559605 [TCP segment of a reassembled PDU]"
"51203","35.752594068","192.168.1.55","192.168.1.2","TCP","1514","8004  >  36538 [ACK] Seq=142094 Ack=144 Win=65024 Len=1448 TSval=2916039833 TSecr=3045559605 [TCP segment of a reassembled PDU]"
"51204","35.752595123","192.168.1.55","192.168.1.2","TCP","1514","8004  >  36538 [ACK] Seq=143542 Ack=144 Win=65024 Len=1448 TSval=2916039833 TSecr=3045559605 [TCP segment of a reassembled PDU]"
"51205","35.752596197","192.168.1.55","192.168.1.2","TCP","1514","8004  >  36538 [ACK] Seq=144990 Ack=144 Win=65024 Len=1448 TSval=2916039833 TSecr=3045559605 [TCP segment of a reassembled PDU]"
"51206","35.752597253","192.168.1.55","192.168.1.2","TCP","1514","8004  >  36538 [ACK] Seq=146438 Ack=144 Win=65024 Len=1448 TSval=2916039833 TSecr=3045559605 [TCP segment of a reassembled PDU]"
"51207","35.752598420","192.168.1.55","192.168.1.2","TCP","1514","8004  >  36538 [ACK] Seq=147886 Ack=144 Win=65024 Len=1448 TSval=2916039833 TSecr=3045559605 [TCP segment of a reassembled PDU]"
"51208","35.752599549","192.168.1.55","192.168.1.2","TCP","1514","8004  >  36538 [ACK] Seq=149334 Ack=144 Win=65024 Len=1448 TSval=2916039833 TSecr=3045559605 [TCP segment of a reassembled PDU]"
"51209","35.752601253","192.168.1.55","192.168.1.2","TCP","1514","8004  >  36538 [ACK] Seq=150782 Ack=144 Win=65024 Len=1448 TSval=2916039833 TSecr=3045559605 [TCP segment of a reassembled PDU]"
"51210","35.752602772","192.168.1.55","192.168.1.2","TCP","1514","8004  >  36538 [ACK] Seq=152230 Ack=144 Win=65024 Len=1448 TSval=2916039833 TSecr=3045559605 [TCP segment of a reassembled PDU]"
"51211","35.752604327","192.168.1.55","192.168.1.2","TCP","1514","8004  >  36538 [ACK] Seq=153678 Ack=144 Win=65024 Len=1448 TSval=2916039833 TSecr=3045559605 [TCP segment of a reassembled PDU]"
"51212","35.752605846","192.168.1.55","192.168.1.2","TCP","1514","8004  >  36538 [ACK] Seq=155126 Ack=144 Win=65024 Len=1448 TSval=2916039833 TSecr=3045559605 [TCP segment of a reassembled PDU]"
"51213","35.752606827","192.168.1.55","192.168.1.2","TCP","1514","8004  >  36538 [PSH, ACK] Seq=156574 Ack=144 Win=65024 Len=1448 TSval=2916039833 TSecr=3045559605 [TCP segment of a reassembled PDU]"
"51214","35.752613735","192.168.1.2","192.168.1.55","TCP","66","36538  >  8004 [ACK] Seq=144 Ack=100102 Win=80896 Len=0 TSval=3045559606 TSecr=2916039826"
"51215","35.753862311","192.168.1.55","192.168.1.2","TCP","1514","8004  >  36538 [ACK] Seq=158022 Ack=144 Win=65024 Len=1448 TSval=2916039834 TSecr=3045559606 [TCP segment of a reassembled PDU]"
"51216","35.753865125","192.168.1.55","192.168.1.2","TCP","1514","8004  >  36538 [ACK] Seq=159470 Ack=144 Win=65024 Len=1448 TSval=2916039834 TSecr=3045559606 [TCP segment of a reassembled PDU]"
"51217","35.753866218","192.168.1.55","192.168.1.2","TCP","1514","8004  >  36538 [ACK] Seq=160918 Ack=144 Win=65024 Len=1448 TSval=2916039834 TSecr=3045559606 [TCP segment of a reassembled PDU]"
"51218","35.753867477","192.168.1.55","192.168.1.2","TCP","1514","8004  >  36538 [ACK] Seq=162366 Ack=144 Win=65024 Len=1448 TSval=2916039834 TSecr=3045559606 [TCP segment of a reassembled PDU]"
"51219","35.753868922","192.168.1.55","192.168.1.2","TCP","1514","8004  >  36538 [ACK] Seq=163814 Ack=144 Win=65024 Len=1448 TSval=2916039834 TSecr=3045559606 [TCP segment of a reassembled PDU]"
"51220","35.753871551","192.168.1.55","192.168.1.2","TCP","1514","8004  >  36538 [ACK] Seq=165262 Ack=144 Win=65024 Len=1448 TSval=2916039834 TSecr=3045559606 [TCP segment of a reassembled PDU]"
"51221","35.753872996","192.168.1.55","192.168.1.2","TCP","1514","8004  >  36538 [ACK] Seq=166710 Ack=144 Win=65024 Len=1448 TSval=2916039834 TSecr=3045559606 [TCP segment of a reassembled PDU]"
"51222","35.753874051","192.168.1.55","192.168.1.2","TCP","1514","8004  >  36538 [ACK] Seq=168158 Ack=144 Win=65024 Len=1448 TSval=2916039834 TSecr=3045559606 [TCP segment of a reassembled PDU]"
"51223","35.753870681","192.168.1.2","192.168.1.55","TCP","66","36538  >  8004 [ACK] Seq=144 Ack=102998 Win=87040 Len=0 TSval=3045559607 TSecr=2916039829"
"51224","35.753875996","192.168.1.55","192.168.1.2","TCP","1514","8004  >  36538 [ACK] Seq=169606 Ack=144 Win=65024 Len=1448 TSval=2916039834 TSecr=3045559606 [TCP segment of a reassembled PDU]"
"51225","35.753877422","192.168.1.55","192.168.1.2","TCP","1514","8004  >  36538 [ACK] Seq=171054 Ack=144 Win=65024 Len=1448 TSval=2916039834 TSecr=3045559606 [TCP segment of a reassembled PDU]"
"51226","35.753878514","192.168.1.55","192.168.1.2","TCP","1514","8004  >  36538 [ACK] Seq=172502 Ack=144 Win=65024 Len=1448 TSval=2916039834 TSecr=3045559606 [TCP segment of a reassembled PDU]"
"51227","35.753880033","192.168.1.55","192.168.1.2","TCP","1514","8004  >  36538 [ACK] Seq=173950 Ack=144 Win=65024 Len=1448 TSval=2916039834 TSecr=3045559606 [TCP segment of a reassembled PDU]"
"51228","35.753881255","192.168.1.55","192.168.1.2","TCP","1514","8004  >  36538 [ACK] Seq=175398 Ack=144 Win=65024 Len=1448 TSval=2916039834 TSecr=3045559606 [TCP segment of a reassembled PDU]"
"51229","35.753891977","192.168.1.55","192.168.1.2","TCP","1514","8004  >  36538 [ACK] Seq=176846 Ack=144 Win=65024 Len=1448 TSval=2916039834 TSecr=3045559606 [TCP segment of a reassembled PDU]"
"51230","35.753893181","192.168.1.55","192.168.1.2","TCP","1514","8004  >  36538 [ACK] Seq=178294 Ack=144 Win=65024 Len=1448 TSval=2916039834 TSecr=3045559606 [TCP segment of a reassembled PDU]"
"51231","35.753894588","192.168.1.55","192.168.1.2","TCP","1322","8004  >  36538 [PSH, ACK] Seq=179742 Ack=144 Win=65024 Len=1256 TSval=2916039834 TSecr=3045559606 [TCP segment of a reassembled PDU]"
"51232","35.753923218","192.168.1.55","192.168.1.2","TCP","1514","8004  >  36538 [ACK] Seq=180998 Ack=144 Win=65024 Len=1448 TSval=2916039834 TSecr=3045559607 [TCP segment of a reassembled PDU]"
"51233","35.753926681","192.168.1.55","192.168.1.2","TCP","1514","8004  >  36538 [ACK] Seq=182446 Ack=144 Win=65024 Len=1448 TSval=2916039834 TSecr=3045559607 [TCP segment of a reassembled PDU]"
"51234","35.753928366","192.168.1.55","192.168.1.2","TCP","1514","8004  >  36538 [ACK] Seq=183894 Ack=144 Win=65024 Len=1448 TSval=2916039834 TSecr=3045559607 [TCP segment of a reassembled PDU]"
"51235","35.753929737","192.168.1.55","192.168.1.2","TCP","1514","8004  >  36538 [ACK] Seq=185342 Ack=144 Win=65024 Len=1448 TSval=2916039834 TSecr=3045559607 [TCP segment of a reassembled PDU]"
"51236","35.753931440","192.168.1.55","192.168.1.2","TCP","1514","8004  >  36538 [ACK] Seq=186790 Ack=144 Win=65024 Len=1448 TSval=2916039834 TSecr=3045559607 [TCP segment of a reassembled PDU]"
"51237","35.753932477","192.168.1.55","192.168.1.2","TCP","1514","8004  >  36538 [PSH, ACK] Seq=188238 Ack=144 Win=65024 Len=1448 TSval=2916039834 TSecr=3045559607 [TCP segment of a reassembled PDU]"
"51238","35.759037745","192.168.1.2","192.168.1.55","TCP","66","36538  >  8004 [ACK] Seq=144 Ack=117478 Win=77824 Len=0 TSval=3045559612 TSecr=2916039833"
"51239","35.759051300","192.168.1.55","192.168.1.2","TCP","1514","8004  >  36538 [ACK] Seq=189686 Ack=144 Win=65024 Len=1448 TSval=2916039839 TSecr=3045559612 [TCP segment of a reassembled PDU]"
"51240","35.759053837","192.168.1.55","192.168.1.2","TCP","1514","8004  >  36538 [ACK] Seq=191134 Ack=144 Win=65024 Len=1448 TSval=2916039839 TSecr=3045559612 [TCP segment of a reassembled PDU]"
"51241","35.759054837","192.168.1.55","192.168.1.2","TCP","1514","8004  >  36538 [PSH, ACK] Seq=192582 Ack=144 Win=65024 Len=1448 TSval=2916039839 TSecr=3045559612 [TCP segment of a reassembled PDU]"
"51242","35.759270949","192.168.1.2","192.168.1.55","TCP","66","36538  >  8004 [ACK] Seq=144 Ack=144990 Win=69632 Len=0 TSval=3045559612 TSecr=2916039833"
"51243","35.759280690","192.168.1.55","192.168.1.2","TCP","1514","8004  >  36538 [ACK] Seq=194030 Ack=144 Win=65024 Len=1448 TSval=2916039839 TSecr=3045559612 [TCP segment of a reassembled PDU]"
"51244","35.759281949","192.168.1.55","192.168.1.2","TCP","1514","8004  >  36538 [ACK] Seq=195478 Ack=144 Win=65024 Len=1448 TSval=2916039839 TSecr=3045559612 [TCP segment of a reassembled PDU]"
"51245","35.759283319","192.168.1.55","192.168.1.2","TCP","1514","8004  >  36538 [ACK] Seq=196926 Ack=144 Win=65024 Len=1448 TSval=2916039839 TSecr=3045559612 [TCP segment of a reassembled PDU]"
"51246","35.759284282","192.168.1.55","192.168.1.2","TCP","1514","8004  >  36538 [PSH, ACK] Seq=198374 Ack=144 Win=65024 Len=1448 TSval=2916039839 TSecr=3045559612 [TCP segment of a reassembled PDU]"
"51247","35.759288634","192.168.1.55","192.168.1.2","TCP","258","8004  >  36538 [PSH, ACK] Seq=199822 Ack=144 Win=65024 Len=192 TSval=2916039839 TSecr=3045559612 [TCP segment of a reassembled PDU]"
"51248","35.759295282","192.168.1.2","192.168.1.55","TCP","66","36538  >  8004 [ACK] Seq=144 Ack=152230 Win=62464 Len=0 TSval=3045559612 TSecr=2916039833"
"51249","35.760407377","192.168.1.2","192.168.1.55","TCP","66","36538  >  8004 [ACK] Seq=144 Ack=158022 Win=88064 Len=0 TSval=3045559614 TSecr=2916039833"
"51250","35.760438932","192.168.1.55","192.168.1.2","TCP","1514","8004  >  36538 [ACK] Seq=200014 Ack=144 Win=65024 Len=1448 TSval=2916039841 TSecr=3045559614 [TCP segment of a reassembled PDU]"
"51251","35.760441784","192.168.1.55","192.168.1.2","TCP","1514","8004  >  36538 [ACK] Seq=201462 Ack=144 Win=65024 Len=1448 TSval=2916039841 TSecr=3045559614 [TCP segment of a reassembled PDU]"
"51252","35.760442988","192.168.1.55","192.168.1.2","TCP","1514","8004  >  36538 [ACK] Seq=202910 Ack=144 Win=65024 Len=1448 TSval=2916039841 TSecr=3045559614 [TCP segment of a reassembled PDU]"
"51253","35.760444358","192.168.1.55","192.168.1.2","TCP","1514","8004  >  36538 [ACK] Seq=204358 Ack=144 Win=65024 Len=1448 TSval=2916039841 TSecr=3045559614 [TCP segment of a reassembled PDU]"
"51254","35.760445692","192.168.1.55","192.168.1.2","TCP","1514","8004  >  36538 [ACK] Seq=205806 Ack=144 Win=65024 Len=1448 TSval=2916039841 TSecr=3045559614 [TCP segment of a reassembled PDU]"
"51255","35.760447117","192.168.1.55","192.168.1.2","TCP","1514","8004  >  36538 [ACK] Seq=207254 Ack=144 Win=65024 Len=1448 TSval=2916039841 TSecr=3045559614 [TCP segment of a reassembled PDU]"
"51256","35.760448580","192.168.1.55","192.168.1.2","TCP","1514","8004  >  36538 [ACK] Seq=208702 Ack=144 Win=65024 Len=1448 TSval=2916039841 TSecr=3045559614 [TCP segment of a reassembled PDU]"
"51257","35.760449840","192.168.1.55","192.168.1.2","TCP","1514","8004  >  36538 [ACK] Seq=210150 Ack=144 Win=65024 Len=1448 TSval=2916039841 TSecr=3045559614 [TCP segment of a reassembled PDU]"
"51258","35.760451136","192.168.1.55","192.168.1.2","TCP","1514","8004  >  36538 [ACK] Seq=211598 Ack=144 Win=65024 Len=1448 TSval=2916039841 TSecr=3045559614 [TCP segment of a reassembled PDU]"
"51259","35.760452284","192.168.1.55","192.168.1.2","TCP","1514","8004  >  36538 [ACK] Seq=213046 Ack=144 Win=65024 Len=1448 TSval=2916039841 TSecr=3045559614 [TCP segment of a reassembled PDU]"
"51260","35.760454136","192.168.1.55","192.168.1.2","TCP","1514","8004  >  36538 [ACK] Seq=214494 Ack=144 Win=65024 Len=1448 TSval=2916039841 TSecr=3045559614 [TCP segment of a reassembled PDU]"
"51261","35.760455358","192.168.1.55","192.168.1.2","TCP","1514","8004  >  36538 [ACK] Seq=215942 Ack=144 Win=65024 Len=1448 TSval=2916039841 TSecr=3045559614 [TCP segment of a reassembled PDU]"
"51262","35.760456543","192.168.1.55","192.168.1.2","TCP","1514","8004  >  36538 [ACK] Seq=217390 Ack=144 Win=65024 Len=1448 TSval=2916039841 TSecr=3045559614 [TCP segment of a reassembled PDU]"
"51263","35.760457840","192.168.1.55","192.168.1.2","TCP","1514","8004  >  36538 [ACK] Seq=218838 Ack=144 Win=65024 Len=1448 TSval=2916039841 TSecr=3045559614 [TCP segment of a reassembled PDU]"
"51264","35.760459099","192.168.1.55","192.168.1.2","TCP","1514","8004  >  36538 [ACK] Seq=220286 Ack=144 Win=65024 Len=1448 TSval=2916039841 TSecr=3045559614 [TCP segment of a reassembled PDU]"
"51265","35.760460377","192.168.1.55","192.168.1.2","TCP","1514","8004  >  36538 [ACK] Seq=221734 Ack=144 Win=65024 Len=1448 TSval=2916039841 TSecr=3045559614 [TCP segment of a reassembled PDU]"
"51266","35.760461618","192.168.1.55","192.168.1.2","TCP","1514","8004  >  36538 [ACK] Seq=223182 Ack=144 Win=65024 Len=1448 TSval=2916039841 TSecr=3045559614 [TCP segment of a reassembled PDU]"
"51267","35.760463025","192.168.1.55","192.168.1.2","TCP","1514","8004  >  36538 [ACK] Seq=224630 Ack=144 Win=65024 Len=1448 TSval=2916039841 TSecr=3045559614 [TCP segment of a reassembled PDU]"
"51268","35.760464506","192.168.1.55","192.168.1.2","TCP","1514","8004  >  36538 [ACK] Seq=226078 Ack=144 Win=65024 Len=1448 TSval=2916039841 TSecr=3045559614 [TCP segment of a reassembled PDU]"
"51269","35.760465803","192.168.1.55","192.168.1.2","TCP","1514","8004  >  36538 [ACK] Seq=227526 Ack=144 Win=65024 Len=1448 TSval=2916039841 TSecr=3045559614 [TCP segment of a reassembled PDU]"
"51270","35.760467043","192.168.1.55","192.168.1.2","TCP","1514","8004  >  36538 [ACK] Seq=228974 Ack=144 Win=65024 Len=1448 TSval=2916039841 TSecr=3045559614 [TCP segment of a reassembled PDU]"
"51271","35.760468655","192.168.1.55","192.168.1.2","TCP","1514","8004  >  36538 [ACK] Seq=230422 Ack=144 Win=65024 Len=1448 TSval=2916039841 TSecr=3045559614 [TCP segment of a reassembled PDU]"
"51272","35.760469951","192.168.1.55","192.168.1.2","TCP","1514","8004  >  36538 [ACK] Seq=231870 Ack=144 Win=65024 Len=1448 TSval=2916039841 TSecr=3045559614 [TCP segment of a reassembled PDU]"
"51273","35.760471080","192.168.1.55","192.168.1.2","TCP","1514","8004  >  36538 [ACK] Seq=233318 Ack=144 Win=65024 Len=1448 TSval=2916039841 TSecr=3045559614 [TCP segment of a reassembled PDU]"
"51274","35.760472340","192.168.1.55","192.168.1.2","TCP","1514","8004  >  36538 [ACK] Seq=234766 Ack=144 Win=65024 Len=1448 TSval=2916039841 TSecr=3045559614 [TCP segment of a reassembled PDU]"
"51275","35.760473599","192.168.1.55","192.168.1.2","TCP","1514","8004  >  36538 [ACK] Seq=236214 Ack=144 Win=65024 Len=1448 TSval=2916039841 TSecr=3045559614 [TCP segment of a reassembled PDU]"
"51276","35.760474747","192.168.1.55","192.168.1.2","TCP","1514","8004  >  36538 [ACK] Seq=237662 Ack=144 Win=65024 Len=1448 TSval=2916039841 TSecr=3045559614 [TCP segment of a reassembled PDU]"
"51277","35.760476025","192.168.1.55","192.168.1.2","TCP","1514","8004  >  36538 [ACK] Seq=239110 Ack=144 Win=65024 Len=1448 TSval=2916039841 TSecr=3045559614 [TCP segment of a reassembled PDU]"
"51278","35.760477321","192.168.1.55","192.168.1.2","TCP","1514","8004  >  36538 [PSH, ACK] Seq=240558 Ack=144 Win=65024 Len=1448 TSval=2916039841 TSecr=3045559614 [TCP segment of a reassembled PDU]"
"51279","35.760565932","192.168.1.2","192.168.1.55","TCP","66","36538  >  8004 [ACK] Seq=144 Ack=168158 Win=78848 Len=0 TSval=3045559614 TSecr=2916039834"
"51280","35.760580710","192.168.1.2","192.168.1.55","TCP","66","36538  >  8004 [ACK] Seq=144 Ack=180998 Win=82944 Len=0 TSval=3045559615 TSecr=2916039834"
"51281","35.760586062","192.168.1.2","192.168.1.55","TCP","66","36538  >  8004 [ACK] Seq=144 Ack=189686 Win=86016 Len=0 TSval=3045559615 TSecr=2916039834"
"51282","35.760618451","192.168.1.55","192.168.1.2","TCP","1514","8004  >  36538 [ACK] Seq=242006 Ack=144 Win=65024 Len=1448 TSval=2916039841 TSecr=3045559615 [TCP segment of a reassembled PDU]"
"51283","35.760621396","192.168.1.55","192.168.1.2","TCP","1514","8004  >  36538 [ACK] Seq=243454 Ack=144 Win=65024 Len=1448 TSval=2916039841 TSecr=3045559615 [TCP segment of a reassembled PDU]"
"51284","35.760622673","192.168.1.55","192.168.1.2","TCP","1514","8004  >  36538 [ACK] Seq=244902 Ack=144 Win=65024 Len=1448 TSval=2916039841 TSecr=3045559615 [TCP segment of a reassembled PDU]"
"51285","35.760624025","192.168.1.55","192.168.1.2","TCP","1514","8004  >  36538 [ACK] Seq=246350 Ack=144 Win=65024 Len=1448 TSval=2916039841 TSecr=3045559615 [TCP segment of a reassembled PDU]"
"51286","35.760625210","192.168.1.55","192.168.1.2","TCP","1514","8004  >  36538 [ACK] Seq=247798 Ack=144 Win=65024 Len=1448 TSval=2916039841 TSecr=3045559615 [TCP segment of a reassembled PDU]"
"51287","35.760626451","192.168.1.55","192.168.1.2","TCP","1514","8004  >  36538 [ACK] Seq=249246 Ack=144 Win=65024 Len=1448 TSval=2916039841 TSecr=3045559615 [TCP segment of a reassembled PDU]"
"51288","35.760627618","192.168.1.55","192.168.1.2","TCP","1514","8004  >  36538 [ACK] Seq=250694 Ack=144 Win=65024 Len=1448 TSval=2916039841 TSecr=3045559615 [TCP segment of a reassembled PDU]"
"51289","35.760628877","192.168.1.55","192.168.1.2","TCP","1514","8004  >  36538 [ACK] Seq=252142 Ack=144 Win=65024 Len=1448 TSval=2916039841 TSecr=3045559615 [TCP segment of a reassembled PDU]"
"51290","35.760630099","192.168.1.55","192.168.1.2","TCP","1514","8004  >  36538 [ACK] Seq=253590 Ack=144 Win=65024 Len=1448 TSval=2916039841 TSecr=3045559615 [TCP segment of a reassembled PDU]"
"51291","35.760631636","192.168.1.55","192.168.1.2","TCP","1514","8004  >  36538 [ACK] Seq=255038 Ack=144 Win=65024 Len=1448 TSval=2916039841 TSecr=3045559615 [TCP segment of a reassembled PDU]"
"51292","35.760632896","192.168.1.55","192.168.1.2","TCP","1514","8004  >  36538 [ACK] Seq=256486 Ack=144 Win=65024 Len=1448 TSval=2916039841 TSecr=3045559615 [TCP segment of a reassembled PDU]"
"51293","35.760634081","192.168.1.55","192.168.1.2","TCP","1514","8004  >  36538 [ACK] Seq=257934 Ack=144 Win=65024 Len=1448 TSval=2916039841 TSecr=3045559615 [TCP segment of a reassembled PDU]"
"51294","35.760635266","192.168.1.55","192.168.1.2","TCP","1514","8004  >  36538 [ACK] Seq=259382 Ack=144 Win=65024 Len=1448 TSval=2916039841 TSecr=3045559615 [TCP segment of a reassembled PDU]"
"51295","35.760636451","192.168.1.55","192.168.1.2","TCP","1514","8004  >  36538 [ACK] Seq=260830 Ack=144 Win=65024 Len=1448 TSval=2916039841 TSecr=3045559615 [TCP segment of a reassembled PDU]"
"51296","35.760637729","192.168.1.55","192.168.1.2","TCP","1514","8004  >  36538 [ACK] Seq=262278 Ack=144 Win=65024 Len=1448 TSval=2916039841 TSecr=3045559615 [TCP segment of a reassembled PDU]"
"51297","35.760639062","192.168.1.55","192.168.1.2","TCP","1514","8004  >  36538 [ACK] Seq=263726 Ack=144 Win=65024 Len=1448 TSval=2916039841 TSecr=3045559615 [TCP segment of a reassembled PDU]"
"51298","35.760640247","192.168.1.55","192.168.1.2","TCP","1514","8004  >  36538 [ACK] Seq=265174 Ack=144 Win=65024 Len=1448 TSval=2916039841 TSecr=3045559615 [TCP segment of a reassembled PDU]"
"51299","35.760641396","192.168.1.55","192.168.1.2","TCP","1514","8004  >  36538 [ACK] Seq=266622 Ack=144 Win=65024 Len=1448 TSval=2916039841 TSecr=3045559615 [TCP segment of a reassembled PDU]"
"51300","35.760642599","192.168.1.55","192.168.1.2","TCP","1514","8004  >  36538 [ACK] Seq=268070 Ack=144 Win=65024 Len=1448 TSval=2916039841 TSecr=3045559615 [TCP segment of a reassembled PDU]"
"51301","35.760643729","192.168.1.55","192.168.1.2","TCP","1514","8004  >  36538 [ACK] Seq=269518 Ack=144 Win=65024 Len=1448 TSval=2916039841 TSecr=3045559615 [TCP segment of a reassembled PDU]"
"51302","35.760645007","192.168.1.55","192.168.1.2","TCP","1514","8004  >  36538 [ACK] Seq=270966 Ack=144 Win=65024 Len=1448 TSval=2916039841 TSecr=3045559615 [TCP segment of a reassembled PDU]"
"51303","35.760646488","192.168.1.55","192.168.1.2","TCP","1514","8004  >  36538 [ACK] Seq=272414 Ack=144 Win=65024 Len=1448 TSval=2916039841 TSecr=3045559615 [TCP segment of a reassembled PDU]"
"51304","35.760647803","192.168.1.55","192.168.1.2","TCP","1514","8004  >  36538 [PSH, ACK] Seq=273862 Ack=144 Win=65024 Len=1448 TSval=2916039841 TSecr=3045559615 [TCP segment of a reassembled PDU]"
"51305","35.766710072","192.168.1.2","192.168.1.55","TCP","66","36538  >  8004 [ACK] Seq=144 Ack=192582 Win=89088 Len=0 TSval=3045559616 TSecr=2916039839"
"51306","35.766739016","192.168.1.55","192.168.1.2","TCP","1514","8004  >  36538 [ACK] Seq=275310 Ack=144 Win=65024 Len=1448 TSval=2916039847 TSecr=3045559616 [TCP segment of a reassembled PDU]"
"51307","35.766743479","192.168.1.55","192.168.1.2","TCP","1514","8004  >  36538 [ACK] Seq=276758 Ack=144 Win=65024 Len=1448 TSval=2916039847 TSecr=3045559616 [TCP segment of a reassembled PDU]"
"51308","35.766745794","192.168.1.55","192.168.1.2","TCP","1514","8004  >  36538 [ACK] Seq=278206 Ack=144 Win=65024 Len=1448 TSval=2916039847 TSecr=3045559616 [TCP segment of a reassembled PDU]"
"51309","35.766747609","192.168.1.55","192.168.1.2","TCP","1514","8004  >  36538 [PSH, ACK] Seq=279654 Ack=144 Win=65024 Len=1448 TSval=2916039847 TSecr=3045559616 [TCP segment of a reassembled PDU]"
"51310","35.768309797","192.168.1.2","192.168.1.55","TCP","66","36538  >  8004 [ACK] Seq=144 Ack=194030 Win=92160 Len=0 TSval=3045559622 TSecr=2916039839"
"51311","35.768331501","192.168.1.55","192.168.1.2","TCP","1514","8004  >  36538 [ACK] Seq=281102 Ack=144 Win=65024 Len=1448 TSval=2916039849 TSecr=3045559622 [TCP segment of a reassembled PDU]"
"51312","35.768335038","192.168.1.55","192.168.1.2","TCP","1514","8004  >  36538 [PSH, ACK] Seq=282550 Ack=144 Win=65024 Len=1448 TSval=2916039849 TSecr=3045559622 [TCP segment of a reassembled PDU]"
"51313","35.768534093","192.168.1.2","192.168.1.55","TCP","66","36538  >  8004 [ACK] Seq=144 Ack=231870 Win=106496 Len=0 TSval=3045559622 TSecr=2916039839"
"51314","35.768585390","192.168.1.55","192.168.1.2","TCP","1514","8004  >  36538 [ACK] Seq=283998 Ack=144 Win=65024 Len=1448 TSval=2916039849 TSecr=3045559622 [TCP segment of a reassembled PDU]"
"51315","35.768589056","192.168.1.55","192.168.1.2","TCP","1514","8004  >  36538 [ACK] Seq=285446 Ack=144 Win=65024 Len=1448 TSval=2916039849 TSecr=3045559622 [TCP segment of a reassembled PDU]"
"51316","35.768590853","192.168.1.55","192.168.1.2","TCP","1514","8004  >  36538 [ACK] Seq=286894 Ack=144 Win=65024 Len=1448 TSval=2916039849 TSecr=3045559622 [TCP segment of a reassembled PDU]"
"51317","35.768592279","192.168.1.55","192.168.1.2","TCP","1514","8004  >  36538 [ACK] Seq=288342 Ack=144 Win=65024 Len=1448 TSval=2916039849 TSecr=3045559622 [TCP segment of a reassembled PDU]"
"51318","35.768593594","192.168.1.55","192.168.1.2","TCP","1514","8004  >  36538 [ACK] Seq=289790 Ack=144 Win=65024 Len=1448 TSval=2916039849 TSecr=3045559622 [TCP segment of a reassembled PDU]"
"51319","35.768594760","192.168.1.55","192.168.1.2","TCP","1514","8004  >  36538 [ACK] Seq=291238 Ack=144 Win=65024 Len=1448 TSval=2916039849 TSecr=3045559622 [TCP segment of a reassembled PDU]"
"51320","35.768596242","192.168.1.55","192.168.1.2","TCP","1514","8004  >  36538 [ACK] Seq=292686 Ack=144 Win=65024 Len=1448 TSval=2916039849 TSecr=3045559622 [TCP segment of a reassembled PDU]"
"51321","35.768598390","192.168.1.55","192.168.1.2","TCP","1514","8004  >  36538 [ACK] Seq=294134 Ack=144 Win=65024 Len=1448 TSval=2916039849 TSecr=3045559622 [TCP segment of a reassembled PDU]"
"51322","35.768600316","192.168.1.55","192.168.1.2","TCP","1514","8004  >  36538 [ACK] Seq=295582 Ack=144 Win=65024 Len=1448 TSval=2916039849 TSecr=3045559622 [TCP segment of a reassembled PDU]"
"51323","35.768601945","192.168.1.55","192.168.1.2","TCP","1514","8004  >  36538 [ACK] Seq=297030 Ack=144 Win=65024 Len=1448 TSval=2916039849 TSecr=3045559622 [TCP segment of a reassembled PDU]"
"51324","35.768603297","192.168.1.55","192.168.1.2","TCP","1514","8004  >  36538 [ACK] Seq=298478 Ack=144 Win=65024 Len=1448 TSval=2916039849 TSecr=3045559622 [TCP segment of a reassembled PDU]"
"51325","35.768604686","192.168.1.55","192.168.1.2","TCP","1514","8004  >  36538 [ACK] Seq=299926 Ack=144 Win=65024 Len=1448 TSval=2916039849 TSecr=3045559622 [TCP segment of a reassembled PDU]"
"51326","35.768605908","192.168.1.55","192.168.1.2","TCP","1514","8004  >  36538 [ACK] Seq=301374 Ack=144 Win=65024 Len=1448 TSval=2916039849 TSecr=3045559622 [TCP segment of a reassembled PDU]"
"51327","35.768607427","192.168.1.55","192.168.1.2","TCP","1514","8004  >  36538 [ACK] Seq=302822 Ack=144 Win=65024 Len=1448 TSval=2916039849 TSecr=3045559622 [TCP segment of a reassembled PDU]"
"51328","35.768609260","192.168.1.55","192.168.1.2","TCP","1514","8004  >  36538 [ACK] Seq=304270 Ack=144 Win=65024 Len=1448 TSval=2916039849 TSecr=3045559622 [TCP segment of a reassembled PDU]"
"51329","35.768610816","192.168.1.55","192.168.1.2","TCP","1514","8004  >  36538 [ACK] Seq=305718 Ack=144 Win=65024 Len=1448 TSval=2916039849 TSecr=3045559622 [TCP segment of a reassembled PDU]"
"51330","35.768612316","192.168.1.55","192.168.1.2","TCP","1514","8004  >  36538 [ACK] Seq=307166 Ack=144 Win=65024 Len=1448 TSval=2916039849 TSecr=3045559622 [TCP segment of a reassembled PDU]"
"51331","35.768613464","192.168.1.55","192.168.1.2","TCP","1514","8004  >  36538 [ACK] Seq=308614 Ack=144 Win=65024 Len=1448 TSval=2916039849 TSecr=3045559622 [TCP segment of a reassembled PDU]"
"51332","35.768614797","192.168.1.55","192.168.1.2","TCP","1514","8004  >  36538 [ACK] Seq=310062 Ack=144 Win=65024 Len=1448 TSval=2916039849 TSecr=3045559622 [TCP segment of a reassembled PDU]"
"51333","35.768616149","192.168.1.55","192.168.1.2","TCP","1514","8004  >  36538 [ACK] Seq=311510 Ack=144 Win=65024 Len=1448 TSval=2916039849 TSecr=3045559622 [TCP segment of a reassembled PDU]"
"51334","35.768617594","192.168.1.55","192.168.1.2","TCP","1514","8004  >  36538 [ACK] Seq=312958 Ack=144 Win=65024 Len=1448 TSval=2916039849 TSecr=3045559622 [TCP segment of a reassembled PDU]"
"51335","35.768619020","192.168.1.55","192.168.1.2","TCP","1514","8004  >  36538 [ACK] Seq=314406 Ack=144 Win=65024 Len=1448 TSval=2916039849 TSecr=3045559622 [TCP segment of a reassembled PDU]"
"51336","35.768620668","192.168.1.55","192.168.1.2","TCP","1514","8004  >  36538 [ACK] Seq=315854 Ack=144 Win=65024 Len=1448 TSval=2916039849 TSecr=3045559622 [TCP segment of a reassembled PDU]"
"51337","35.768621890","192.168.1.55","192.168.1.2","TCP","1514","8004  >  36538 [ACK] Seq=317302 Ack=144 Win=65024 Len=1448 TSval=2916039849 TSecr=3045559622 [TCP segment of a reassembled PDU]"
"51338","35.768623223","192.168.1.55","192.168.1.2","TCP","1514","8004  >  36538 [ACK] Seq=318750 Ack=144 Win=65024 Len=1448 TSval=2916039849 TSecr=3045559622 [TCP segment of a reassembled PDU]"
"51339","35.768624538","192.168.1.55","192.168.1.2","TCP","1514","8004  >  36538 [ACK] Seq=320198 Ack=144 Win=65024 Len=1448 TSval=2916039849 TSecr=3045559622 [TCP segment of a reassembled PDU]"
"51340","35.768625705","192.168.1.55","192.168.1.2","TCP","1514","8004  >  36538 [ACK] Seq=321646 Ack=144 Win=65024 Len=1448 TSval=2916039849 TSecr=3045559622 [TCP segment of a reassembled PDU]"
"51341","35.768626964","192.168.1.55","192.168.1.2","TCP","1514","8004  >  36538 [ACK] Seq=323094 Ack=144 Win=65024 Len=1448 TSval=2916039849 TSecr=3045559622 [TCP segment of a reassembled PDU]"
"51342","35.768628260","192.168.1.55","192.168.1.2","TCP","1514","8004  >  36538 [PSH, ACK] Seq=324542 Ack=144 Win=65024 Len=1448 TSval=2916039849 TSecr=3045559622 [TCP segment of a reassembled PDU]"
"51343","35.768633760","192.168.1.2","192.168.1.55","TCP","66","36538  >  8004 [ACK] Seq=144 Ack=242006 Win=126976 Len=0 TSval=3045559622 TSecr=2916039841"
"51344","35.768684483","192.168.1.55","192.168.1.2","TCP","1514","8004  >  36538 [ACK] Seq=325990 Ack=144 Win=65024 Len=1448 TSval=2916039849 TSecr=3045559622 [TCP segment of a reassembled PDU]"
"51345","35.768686371","192.168.1.55","192.168.1.2","TCP","1514","8004  >  36538 [ACK] Seq=327438 Ack=144 Win=65024 Len=1448 TSval=2916039849 TSecr=3045559622 [TCP segment of a reassembled PDU]"
"51346","35.768687612","192.168.1.55","192.168.1.2","TCP","1514","8004  >  36538 [ACK] Seq=328886 Ack=144 Win=65024 Len=1448 TSval=2916039849 TSecr=3045559622 [TCP segment of a reassembled PDU]"
"51347","35.768688983","192.168.1.55","192.168.1.2","TCP","1514","8004  >  36538 [ACK] Seq=330334 Ack=144 Win=65024 Len=1448 TSval=2916039849 TSecr=3045559622 [TCP segment of a reassembled PDU]"
"51348","35.768690297","192.168.1.55","192.168.1.2","TCP","1514","8004  >  36538 [ACK] Seq=331782 Ack=144 Win=65024 Len=1448 TSval=2916039849 TSecr=3045559622 [TCP segment of a reassembled PDU]"
"51349","35.768692131","192.168.1.55","192.168.1.2","TCP","1514","8004  >  36538 [ACK] Seq=333230 Ack=144 Win=65024 Len=1448 TSval=2916039849 TSecr=3045559622 [TCP segment of a reassembled PDU]"
"51350","35.768693723","192.168.1.55","192.168.1.2","TCP","1514","8004  >  36538 [ACK] Seq=334678 Ack=144 Win=65024 Len=1448 TSval=2916039849 TSecr=3045559622 [TCP segment of a reassembled PDU]"
"51351","35.768695631","192.168.1.55","192.168.1.2","TCP","1514","8004  >  36538 [ACK] Seq=336126 Ack=144 Win=65024 Len=1448 TSval=2916039849 TSecr=3045559622 [TCP segment of a reassembled PDU]"
"51352","35.768696890","192.168.1.55","192.168.1.2","TCP","1514","8004  >  36538 [ACK] Seq=337574 Ack=144 Win=65024 Len=1448 TSval=2916039849 TSecr=3045559622 [TCP segment of a reassembled PDU]"
"51353","35.768698223","192.168.1.55","192.168.1.2","TCP","1514","8004  >  36538 [ACK] Seq=339022 Ack=144 Win=65024 Len=1448 TSval=2916039849 TSecr=3045559622 [TCP segment of a reassembled PDU]"
"51354","35.768700223","192.168.1.55","192.168.1.2","TCP","1514","8004  >  36538 [ACK] Seq=340470 Ack=144 Win=65024 Len=1448 TSval=2916039849 TSecr=3045559622 [TCP segment of a reassembled PDU]"
"51355","35.768701890","192.168.1.55","192.168.1.2","TCP","1514","8004  >  36538 [ACK] Seq=341918 Ack=144 Win=65024 Len=1448 TSval=2916039849 TSecr=3045559622 [TCP segment of a reassembled PDU]"
"51356","35.768703353","192.168.1.55","192.168.1.2","TCP","1514","8004  >  36538 [ACK] Seq=343366 Ack=144 Win=65024 Len=1448 TSval=2916039849 TSecr=3045559622 [TCP segment of a reassembled PDU]"
"51357","35.768704779","192.168.1.55","192.168.1.2","TCP","1514","8004  >  36538 [ACK] Seq=344814 Ack=144 Win=65024 Len=1448 TSval=2916039849 TSecr=3045559622 [TCP segment of a reassembled PDU]"
"51358","35.768707316","192.168.1.55","192.168.1.2","TCP","1514","8004  >  36538 [ACK] Seq=346262 Ack=144 Win=65024 Len=1448 TSval=2916039849 TSecr=3045559622 [TCP segment of a reassembled PDU]"
"51359","35.768709149","192.168.1.55","192.168.1.2","TCP","1514","8004  >  36538 [ACK] Seq=347710 Ack=144 Win=65024 Len=1448 TSval=2916039849 TSecr=3045559622 [TCP segment of a reassembled PDU]"
"51360","35.768710612","192.168.1.55","192.168.1.2","TCP","1514","8004  >  36538 [ACK] Seq=349158 Ack=144 Win=65024 Len=1448 TSval=2916039849 TSecr=3045559622 [TCP segment of a reassembled PDU]"
"51361","35.768712168","192.168.1.55","192.168.1.2","TCP","1514","8004  >  36538 [ACK] Seq=350606 Ack=144 Win=65024 Len=1448 TSval=2916039849 TSecr=3045559622 [TCP segment of a reassembled PDU]"
"51362","35.768714112","192.168.1.55","192.168.1.2","TCP","1514","8004  >  36538 [ACK] Seq=352054 Ack=144 Win=65024 Len=1448 TSval=2916039849 TSecr=3045559622 [TCP segment of a reassembled PDU]"
"51363","35.768715631","192.168.1.55","192.168.1.2","TCP","1514","8004  >  36538 [ACK] Seq=353502 Ack=144 Win=65024 Len=1448 TSval=2916039849 TSecr=3045559622 [TCP segment of a reassembled PDU]"
"51364","35.768717038","192.168.1.55","192.168.1.2","TCP","1514","8004  >  36538 [ACK] Seq=354950 Ack=144 Win=65024 Len=1448 TSval=2916039849 TSecr=3045559622 [TCP segment of a reassembled PDU]"
"51365","35.768718797","192.168.1.55","192.168.1.2","TCP","1514","8004  >  36538 [ACK] Seq=356398 Ack=144 Win=65024 Len=1448 TSval=2916039849 TSecr=3045559622 [TCP segment of a reassembled PDU]"
"51366","35.768721131","192.168.1.55","192.168.1.2","TCP","1514","8004  >  36538 [ACK] Seq=357846 Ack=144 Win=65024 Len=1448 TSval=2916039849 TSecr=3045559622 [TCP segment of a reassembled PDU]"
"51367","35.768722427","192.168.1.55","192.168.1.2","TCP","1514","8004  >  36538 [ACK] Seq=359294 Ack=144 Win=65024 Len=1448 TSval=2916039849 TSecr=3045559622 [TCP segment of a reassembled PDU]"
"51368","35.768723816","192.168.1.55","192.168.1.2","TCP","1514","8004  >  36538 [ACK] Seq=360742 Ack=144 Win=65024 Len=1448 TSval=2916039849 TSecr=3045559622 [TCP segment of a reassembled PDU]"
"51369","35.768725390","192.168.1.55","192.168.1.2","TCP","1514","8004  >  36538 [ACK] Seq=362190 Ack=144 Win=65024 Len=1448 TSval=2916039849 TSecr=3045559622 [TCP segment of a reassembled PDU]"
"51370","35.768727020","192.168.1.55","192.168.1.2","TCP","1514","8004  >  36538 [ACK] Seq=363638 Ack=144 Win=65024 Len=1448 TSval=2916039849 TSecr=3045559622 [TCP segment of a reassembled PDU]"
"51371","35.768728483","192.168.1.55","192.168.1.2","TCP","1514","8004  >  36538 [ACK] Seq=365086 Ack=144 Win=65024 Len=1448 TSval=2916039849 TSecr=3045559622 [TCP segment of a reassembled PDU]"
"51372","35.768729964","192.168.1.55","192.168.1.2","TCP","1514","8004  >  36538 [ACK] Seq=366534 Ack=144 Win=65024 Len=1448 TSval=2916039849 TSecr=3045559622 [TCP segment of a reassembled PDU]"
"51373","35.768732168","192.168.1.55","192.168.1.2","TCP","1066","[TCP Window Full] 8004  >  36538 [PSH, ACK] Seq=367982 Ack=144 Win=65024 Len=1000 TSval=2916039849 TSecr=3045559622 [TCP segment of a reassembled PDU]"
"51374","35.768736594","192.168.1.2","192.168.1.55","TCP","66","36538  >  8004 [ACK] Seq=144 Ack=269518 Win=126976 Len=0 TSval=3045559622 TSecr=2916039841"
"51375","35.768771427","192.168.1.2","192.168.1.55","TCP","66","36538  >  8004 [ACK] Seq=144 Ack=275310 Win=139264 Len=0 TSval=3045559624 TSecr=2916039841"
"51376","35.768825020","192.168.1.2","192.168.1.55","TCP","66","36538  >  8004 [ACK] Seq=144 Ack=281102 Win=148480 Len=0 TSval=3045559624 TSecr=2916039847"
"51377","35.768833705","192.168.1.55","192.168.1.2","TCP","1514","8004  >  36538 [ACK] Seq=368982 Ack=144 Win=65024 Len=1448 TSval=2916039849 TSecr=3045559624 [TCP segment of a reassembled PDU]"
"51378","35.768838909","192.168.1.55","192.168.1.2","TCP","514","8004  >  36538 [PSH, ACK] Seq=370430 Ack=144 Win=65024 Len=448 TSval=2916039849 TSecr=3045559624 [TCP segment of a reassembled PDU]"
"51379","35.768888613","192.168.1.55","192.168.1.2","TCP","1514","8004  >  36538 [ACK] Seq=370878 Ack=144 Win=65024 Len=1448 TSval=2916039849 TSecr=3045559624 [TCP segment of a reassembled PDU]"
"51380","35.768890353","192.168.1.55","192.168.1.2","TCP","1514","8004  >  36538 [ACK] Seq=372326 Ack=144 Win=65024 Len=1448 TSval=2916039849 TSecr=3045559624 [TCP segment of a reassembled PDU]"
"51381","35.768891650","192.168.1.55","192.168.1.2","TCP","1514","8004  >  36538 [ACK] Seq=373774 Ack=144 Win=65024 Len=1448 TSval=2916039849 TSecr=3045559624 [TCP segment of a reassembled PDU]"
"51382","35.768893020","192.168.1.55","192.168.1.2","TCP","1514","8004  >  36538 [ACK] Seq=375222 Ack=144 Win=65024 Len=1448 TSval=2916039849 TSecr=3045559624 [TCP segment of a reassembled PDU]"
"51383","35.768895076","192.168.1.55","192.168.1.2","TCP","1514","8004  >  36538 [ACK] Seq=376670 Ack=144 Win=65024 Len=1448 TSval=2916039849 TSecr=3045559624 [TCP segment of a reassembled PDU]"
"51384","35.768896890","192.168.1.55","192.168.1.2","TCP","1514","8004  >  36538 [ACK] Seq=378118 Ack=144 Win=65024 Len=1448 TSval=2916039849 TSecr=3045559624 [TCP segment of a reassembled PDU]"
"51385","35.768898464","192.168.1.55","192.168.1.2","TCP","1514","8004  >  36538 [ACK] Seq=379566 Ack=144 Win=65024 Len=1448 TSval=2916039849 TSecr=3045559624 [TCP segment of a reassembled PDU]"
"51386","35.768899853","192.168.1.55","192.168.1.2","TCP","1514","8004  >  36538 [ACK] Seq=381014 Ack=144 Win=65024 Len=1448 TSval=2916039849 TSecr=3045559624 [TCP segment of a reassembled PDU]"
"51387","35.768901168","192.168.1.55","192.168.1.2","TCP","1514","8004  >  36538 [ACK] Seq=382462 Ack=144 Win=65024 Len=1448 TSval=2916039849 TSecr=3045559624 [TCP segment of a reassembled PDU]"
"51388","35.768902538","192.168.1.55","192.168.1.2","TCP","1514","8004  >  36538 [ACK] Seq=383910 Ack=144 Win=65024 Len=1448 TSval=2916039849 TSecr=3045559624 [TCP segment of a reassembled PDU]"
"51389","35.768904076","192.168.1.55","192.168.1.2","TCP","1514","8004  >  36538 [ACK] Seq=385358 Ack=144 Win=65024 Len=1448 TSval=2916039849 TSecr=3045559624 [TCP segment of a reassembled PDU]"
"51390","35.768905872","192.168.1.55","192.168.1.2","TCP","1514","8004  >  36538 [ACK] Seq=386806 Ack=144 Win=65024 Len=1448 TSval=2916039849 TSecr=3045559624 [TCP segment of a reassembled PDU]"
"51391","35.768907594","192.168.1.55","192.168.1.2","TCP","1514","8004  >  36538 [ACK] Seq=388254 Ack=144 Win=65024 Len=1448 TSval=2916039849 TSecr=3045559624 [TCP segment of a reassembled PDU]"
"51392","35.768909168","192.168.1.55","192.168.1.2","TCP","1514","8004  >  36538 [ACK] Seq=389702 Ack=144 Win=65024 Len=1448 TSval=2916039849 TSecr=3045559624 [TCP segment of a reassembled PDU]"
"51393","35.768910353","192.168.1.55","192.168.1.2","TCP","1514","8004  >  36538 [ACK] Seq=391150 Ack=144 Win=65024 Len=1448 TSval=2916039849 TSecr=3045559624 [TCP segment of a reassembled PDU]"
"51394","35.768911798","192.168.1.55","192.168.1.2","TCP","1514","8004  >  36538 [ACK] Seq=392598 Ack=144 Win=65024 Len=1448 TSval=2916039849 TSecr=3045559624 [TCP segment of a reassembled PDU]"
"51395","35.768913187","192.168.1.55","192.168.1.2","TCP","1514","8004  >  36538 [ACK] Seq=394046 Ack=144 Win=65024 Len=1448 TSval=2916039849 TSecr=3045559624 [TCP segment of a reassembled PDU]"
"51396","35.768914650","192.168.1.55","192.168.1.2","TCP","1514","8004  >  36538 [ACK] Seq=395494 Ack=144 Win=65024 Len=1448 TSval=2916039849 TSecr=3045559624 [TCP segment of a reassembled PDU]"
"51397","35.768917353","192.168.1.55","192.168.1.2","TCP","1514","8004  >  36538 [ACK] Seq=396942 Ack=144 Win=65024 Len=1448 TSval=2916039849 TSecr=3045559624 [TCP segment of a reassembled PDU]"
"51398","35.768918983","192.168.1.55","192.168.1.2","TCP","1514","8004  >  36538 [ACK] Seq=398390 Ack=144 Win=65024 Len=1448 TSval=2916039849 TSecr=3045559624 [TCP segment of a reassembled PDU]"
"51399","35.768920261","192.168.1.55","192.168.1.2","TCP","1514","8004  >  36538 [ACK] Seq=399838 Ack=144 Win=65024 Len=1448 TSval=2916039849 TSecr=3045559624 [TCP segment of a reassembled PDU]"
"51400","35.768921557","192.168.1.55","192.168.1.2","TCP","1514","8004  >  36538 [ACK] Seq=401286 Ack=144 Win=65024 Len=1448 TSval=2916039849 TSecr=3045559624 [TCP segment of a reassembled PDU]"
"51401","35.768922853","192.168.1.55","192.168.1.2","TCP","1514","8004  >  36538 [ACK] Seq=402734 Ack=144 Win=65024 Len=1448 TSval=2916039849 TSecr=3045559624 [TCP segment of a reassembled PDU]"
"51402","35.768924094","192.168.1.55","192.168.1.2","TCP","1514","8004  >  36538 [ACK] Seq=404182 Ack=144 Win=65024 Len=1448 TSval=2916039849 TSecr=3045559624 [TCP segment of a reassembled PDU]"
"51403","35.768925520","192.168.1.55","192.168.1.2","TCP","1514","8004  >  36538 [ACK] Seq=405630 Ack=144 Win=65024 Len=1448 TSval=2916039849 TSecr=3045559624 [TCP segment of a reassembled PDU]"
"51404","35.768927631","192.168.1.55","192.168.1.2","TCP","1514","8004  >  36538 [ACK] Seq=407078 Ack=144 Win=65024 Len=1448 TSval=2916039849 TSecr=3045559624 [TCP segment of a reassembled PDU]"
"51405","35.768929057","192.168.1.55","192.168.1.2","TCP","1514","8004  >  36538 [ACK] Seq=408526 Ack=144 Win=65024 Len=1448 TSval=2916039849 TSecr=3045559624 [TCP segment of a reassembled PDU]"
"51406","35.768930650","192.168.1.55","192.168.1.2","TCP","1514","8004  >  36538 [ACK] Seq=409974 Ack=144 Win=65024 Len=1448 TSval=2916039849 TSecr=3045559624 [TCP segment of a reassembled PDU]"
"51407","35.768936557","192.168.1.55","192.168.1.2","TCP","1514","8004  >  36538 [ACK] Seq=411422 Ack=144 Win=65024 Len=1448 TSval=2916039849 TSecr=3045559624 [TCP segment of a reassembled PDU]"
"51408","35.768940353","192.168.1.55","192.168.1.2","TCP","1514","8004  >  36538 [ACK] Seq=412870 Ack=144 Win=65024 Len=1448 TSval=2916039849 TSecr=3045559624 [TCP segment of a reassembled PDU]"
"51409","35.768942150","192.168.1.55","192.168.1.2","TCP","1514","8004  >  36538 [PSH, ACK] Seq=414318 Ack=144 Win=65024 Len=1448 TSval=2916039849 TSecr=3045559624 [TCP segment of a reassembled PDU]"
"51410","35.770160152","192.168.1.55","192.168.1.2","TCP","1514","8004  >  36538 [ACK] Seq=415766 Ack=144 Win=65024 Len=1448 TSval=2916039850 TSecr=3045559624 [TCP segment of a reassembled PDU]"
"51411","35.770163466","192.168.1.55","192.168.1.2","TCP","1514","8004  >  36538 [ACK] Seq=417214 Ack=144 Win=65024 Len=1448 TSval=2916039850 TSecr=3045559624 [TCP segment of a reassembled PDU]"
"51412","35.770165170","192.168.1.55","192.168.1.2","TCP","1514","8004  >  36538 [ACK] Seq=418662 Ack=144 Win=65024 Len=1448 TSval=2916039850 TSecr=3045559624 [TCP segment of a reassembled PDU]"
"51413","35.770166781","192.168.1.55","192.168.1.2","TCP","1514","8004  >  36538 [ACK] Seq=420110 Ack=144 Win=65024 Len=1448 TSval=2916039850 TSecr=3045559624 [TCP segment of a reassembled PDU]"
"51414","35.770168800","192.168.1.55","192.168.1.2","TCP","1514","8004  >  36538 [ACK] Seq=421558 Ack=144 Win=65024 Len=1448 TSval=2916039850 TSecr=3045559624 [TCP segment of a reassembled PDU]"
"51415","35.770170522","192.168.1.55","192.168.1.2","TCP","1514","8004  >  36538 [ACK] Seq=423006 Ack=144 Win=65024 Len=1448 TSval=2916039850 TSecr=3045559624 [TCP segment of a reassembled PDU]"
"51416","35.770171763","192.168.1.55","192.168.1.2","TCP","1514","8004  >  36538 [ACK] Seq=424454 Ack=144 Win=65024 Len=1448 TSval=2916039850 TSecr=3045559624 [TCP segment of a reassembled PDU]"
"51417","35.770172911","192.168.1.55","192.168.1.2","TCP","1514","8004  >  36538 [ACK] Seq=425902 Ack=144 Win=65024 Len=1448 TSval=2916039850 TSecr=3045559624 [TCP segment of a reassembled PDU]"
"51418","35.770174078","192.168.1.55","192.168.1.2","TCP","1514","8004  >  36538 [PSH, ACK] Seq=427350 Ack=144 Win=65024 Len=1448 TSval=2916039850 TSecr=3045559624 [TCP segment of a reassembled PDU]"
"51419","35.770542374","192.168.1.2","192.168.1.55","TCP","66","36538  >  8004 [ACK] Seq=144 Ack=282550 Win=151552 Len=0 TSval=3045559625 TSecr=2916039849"
"51420","35.770585319","192.168.1.2","192.168.1.55","TCP","66","36538  >  8004 [ACK] Seq=144 Ack=283998 Win=154624 Len=0 TSval=3045559626 TSecr=2916039849"
"51421","35.771620450","192.168.1.55","192.168.1.2","TCP","1514","8004  >  36538 [ACK] Seq=428798 Ack=144 Win=65024 Len=1448 TSval=2916039852 TSecr=3045559626 [TCP segment of a reassembled PDU]"
"51422","35.771625117","192.168.1.55","192.168.1.2","TCP","1514","8004  >  36538 [ACK] Seq=430246 Ack=144 Win=65024 Len=1448 TSval=2916039852 TSecr=3045559626 [TCP segment of a reassembled PDU]"
"51423","35.771626598","192.168.1.55","192.168.1.2","TCP","1514","8004  >  36538 [PSH, ACK] Seq=431694 Ack=144 Win=65024 Len=1448 TSval=2916039852 TSecr=3045559626 [TCP segment of a reassembled PDU]"
"51424","35.778101813","192.168.1.2","192.168.1.55","TCP","66","36538  >  8004 [ACK] Seq=144 Ack=297030 Win=162816 Len=0 TSval=3045559632 TSecr=2916039849"
"51425","35.778134942","192.168.1.55","192.168.1.2","TCP","1514","8004  >  36538 [ACK] Seq=433142 Ack=144 Win=65024 Len=1448 TSval=2916039858 TSecr=3045559632 [TCP segment of a reassembled PDU]"
"51426","35.778138146","192.168.1.55","192.168.1.2","TCP","1514","8004  >  36538 [ACK] Seq=434590 Ack=144 Win=65024 Len=1448 TSval=2916039858 TSecr=3045559632 [TCP segment of a reassembled PDU]"
"51427","35.778139553","192.168.1.55","192.168.1.2","TCP","1514","8004  >  36538 [ACK] Seq=436038 Ack=144 Win=65024 Len=1448 TSval=2916039858 TSecr=3045559632 [TCP segment of a reassembled PDU]"
"51428","35.778140757","192.168.1.55","192.168.1.2","TCP","1514","8004  >  36538 [ACK] Seq=437486 Ack=144 Win=65024 Len=1448 TSval=2916039858 TSecr=3045559632 [TCP segment of a reassembled PDU]"
"51429","35.778142016","192.168.1.55","192.168.1.2","TCP","1514","8004  >  36538 [ACK] Seq=438934 Ack=144 Win=65024 Len=1448 TSval=2916039858 TSecr=3045559632 [TCP segment of a reassembled PDU]"
"51430","35.778143405","192.168.1.55","192.168.1.2","TCP","1514","8004  >  36538 [ACK] Seq=440382 Ack=144 Win=65024 Len=1448 TSval=2916039858 TSecr=3045559632 [TCP segment of a reassembled PDU]"
"51431","35.778144609","192.168.1.55","192.168.1.2","TCP","1514","8004  >  36538 [ACK] Seq=441830 Ack=144 Win=65024 Len=1448 TSval=2916039858 TSecr=3045559632 [TCP segment of a reassembled PDU]"
"51432","35.778145924","192.168.1.55","192.168.1.2","TCP","1514","8004  >  36538 [ACK] Seq=443278 Ack=144 Win=65024 Len=1448 TSval=2916039858 TSecr=3045559632 [TCP segment of a reassembled PDU]"
"51433","35.778147183","192.168.1.55","192.168.1.2","TCP","1514","8004  >  36538 [ACK] Seq=444726 Ack=144 Win=65024 Len=1448 TSval=2916039858 TSecr=3045559632 [TCP segment of a reassembled PDU]"
"51434","35.778148368","192.168.1.55","192.168.1.2","TCP","1514","8004  >  36538 [ACK] Seq=446174 Ack=144 Win=65024 Len=1448 TSval=2916039858 TSecr=3045559632 [TCP segment of a reassembled PDU]"
"51435","35.778149664","192.168.1.55","192.168.1.2","TCP","1514","8004  >  36538 [ACK] Seq=447622 Ack=144 Win=65024 Len=1448 TSval=2916039858 TSecr=3045559632 [TCP segment of a reassembled PDU]"
"51436","35.778150887","192.168.1.55","192.168.1.2","TCP","1514","8004  >  36538 [ACK] Seq=449070 Ack=144 Win=65024 Len=1448 TSval=2916039858 TSecr=3045559632 [TCP segment of a reassembled PDU]"
"51437","35.778152183","192.168.1.55","192.168.1.2","TCP","1514","8004  >  36538 [ACK] Seq=450518 Ack=144 Win=65024 Len=1448 TSval=2916039858 TSecr=3045559632 [TCP segment of a reassembled PDU]"
"51438","35.778153424","192.168.1.55","192.168.1.2","TCP","1514","8004  >  36538 [ACK] Seq=451966 Ack=144 Win=65024 Len=1448 TSval=2916039858 TSecr=3045559632 [TCP segment of a reassembled PDU]"
"51439","35.778154664","192.168.1.55","192.168.1.2","TCP","1514","8004  >  36538 [ACK] Seq=453414 Ack=144 Win=65024 Len=1448 TSval=2916039858 TSecr=3045559632 [TCP segment of a reassembled PDU]"
"51440","35.778155998","192.168.1.55","192.168.1.2","TCP","1514","8004  >  36538 [ACK] Seq=454862 Ack=144 Win=65024 Len=1448 TSval=2916039858 TSecr=3045559632 [TCP segment of a reassembled PDU]"
"51441","35.778157702","192.168.1.55","192.168.1.2","TCP","1514","8004  >  36538 [ACK] Seq=456310 Ack=144 Win=65024 Len=1448 TSval=2916039858 TSecr=3045559632 [TCP segment of a reassembled PDU]"
"51442","35.778159016","192.168.1.55","192.168.1.2","TCP","1514","8004  >  36538 [PSH, ACK] Seq=457758 Ack=144 Win=65024 Len=1448 TSval=2916039858 TSecr=3045559632 [TCP segment of a reassembled PDU]"
"51443","35.778925073","192.168.1.2","192.168.1.55","TCP","66","36538  >  8004 [ACK] Seq=144 Ack=325990 Win=150528 Len=0 TSval=3045559633 TSecr=2916039849"
"51444","35.778941240","192.168.1.55","192.168.1.2","TCP","1514","8004  >  36538 [ACK] Seq=459206 Ack=144 Win=65024 Len=1448 TSval=2916039859 TSecr=3045559633 [TCP segment of a reassembled PDU]"
"51445","35.778946777","192.168.1.2","192.168.1.55","TCP","66","36538  >  8004 [ACK] Seq=144 Ack=415766 Win=63488 Len=0 TSval=3045559633 TSecr=2916039849"
"51446","35.778957555","192.168.1.2","192.168.1.55","TCP","66","36538  >  8004 [ACK] Seq=144 Ack=427350 Win=52224 Len=0 TSval=3045559633 TSecr=2916039850"
"51447","35.778976795","192.168.1.55","192.168.1.2","TCP","1514","8004  >  36538 [ACK] Seq=460654 Ack=144 Win=65024 Len=1448 TSval=2916039859 TSecr=3045559633 [TCP segment of a reassembled PDU]"
"51448","35.778978351","192.168.1.55","192.168.1.2","TCP","1514","8004  >  36538 [ACK] Seq=462102 Ack=144 Win=65024 Len=1448 TSval=2916039859 TSecr=3045559633 [TCP segment of a reassembled PDU]"
"51449","35.778979592","192.168.1.55","192.168.1.2","TCP","1514","8004  >  36538 [ACK] Seq=463550 Ack=144 Win=65024 Len=1448 TSval=2916039859 TSecr=3045559633 [TCP segment of a reassembled PDU]"
"51450","35.778980925","192.168.1.55","192.168.1.2","TCP","1514","8004  >  36538 [ACK] Seq=464998 Ack=144 Win=65024 Len=1448 TSval=2916039859 TSecr=3045559633 [TCP segment of a reassembled PDU]"
"51451","35.778982110","192.168.1.55","192.168.1.2","TCP","1514","8004  >  36538 [ACK] Seq=466446 Ack=144 Win=65024 Len=1448 TSval=2916039859 TSecr=3045559633 [TCP segment of a reassembled PDU]"
"51452","35.778983407","192.168.1.55","192.168.1.2","TCP","1514","8004  >  36538 [ACK] Seq=467894 Ack=144 Win=65024 Len=1448 TSval=2916039859 TSecr=3045559633 [TCP segment of a reassembled PDU]"
"51453","35.778984758","192.168.1.55","192.168.1.2","TCP","1514","8004  >  36538 [ACK] Seq=469342 Ack=144 Win=65024 Len=1448 TSval=2916039859 TSecr=3045559633 [TCP segment of a reassembled PDU]"
"51454","35.778985944","192.168.1.55","192.168.1.2","TCP","1514","8004  >  36538 [ACK] Seq=470790 Ack=144 Win=65024 Len=1448 TSval=2916039859 TSecr=3045559633 [TCP segment of a reassembled PDU]"
"51455","35.778987647","192.168.1.55","192.168.1.2","TCP","1514","8004  >  36538 [ACK] Seq=472238 Ack=144 Win=65024 Len=1448 TSval=2916039859 TSecr=3045559633 [TCP segment of a reassembled PDU]"
"51456","35.778988832","192.168.1.55","192.168.1.2","TCP","1514","8004  >  36538 [ACK] Seq=473686 Ack=144 Win=65024 Len=1448 TSval=2916039859 TSecr=3045559633 [TCP segment of a reassembled PDU]"
"51457","35.778990018","192.168.1.55","192.168.1.2","TCP","1514","8004  >  36538 [ACK] Seq=475134 Ack=144 Win=65024 Len=1448 TSval=2916039859 TSecr=3045559633 [TCP segment of a reassembled PDU]"
"51458","35.778991370","192.168.1.55","192.168.1.2","TCP","1514","8004  >  36538 [ACK] Seq=476582 Ack=144 Win=65024 Len=1448 TSval=2916039859 TSecr=3045559633 [TCP segment of a reassembled PDU]"
"51459","35.778992573","192.168.1.55","192.168.1.2","TCP","1514","8004  >  36538 [ACK] Seq=478030 Ack=144 Win=65024 Len=1448 TSval=2916039859 TSecr=3045559633 [TCP segment of a reassembled PDU]"
"51460","35.778993907","192.168.1.55","192.168.1.2","TCP","162","[TCP Window Full] 8004  >  36538 [PSH, ACK] Seq=479478 Ack=144 Win=65024 Len=96 TSval=2916039859 TSecr=3045559633 [TCP segment of a reassembled PDU]"
"51461","35.778997721","192.168.1.2","192.168.1.55","TCP","66","[TCP Window Update] 36538  >  8004 [ACK] Seq=144 Ack=427350 Win=121856 Len=0 TSval=3045559633 TSecr=2916039850"
"51462","35.779017555","192.168.1.55","192.168.1.2","TCP","1514","8004  >  36538 [ACK] Seq=479574 Ack=144 Win=65024 Len=1448 TSval=2916039859 TSecr=3045559633 [TCP segment of a reassembled PDU]"
"51463","35.779019036","192.168.1.55","192.168.1.2","TCP","1514","8004  >  36538 [ACK] Seq=481022 Ack=144 Win=65024 Len=1448 TSval=2916039859 TSecr=3045559633 [TCP segment of a reassembled PDU]"
"51464","35.779020258","192.168.1.55","192.168.1.2","TCP","1514","8004  >  36538 [ACK] Seq=482470 Ack=144 Win=65024 Len=1448 TSval=2916039859 TSecr=3045559633 [TCP segment of a reassembled PDU]"
"51465","35.779021573","192.168.1.55","192.168.1.2","TCP","1514","8004  >  36538 [ACK] Seq=483918 Ack=144 Win=65024 Len=1448 TSval=2916039859 TSecr=3045559633 [TCP segment of a reassembled PDU]"
"51466","35.779022795","192.168.1.55","192.168.1.2","TCP","1514","8004  >  36538 [ACK] Seq=485366 Ack=144 Win=65024 Len=1448 TSval=2916039859 TSecr=3045559633 [TCP segment of a reassembled PDU]"
"51467","35.779024092","192.168.1.55","192.168.1.2","TCP","1514","8004  >  36538 [ACK] Seq=486814 Ack=144 Win=65024 Len=1448 TSval=2916039859 TSecr=3045559633 [TCP segment of a reassembled PDU]"
"51468","35.779025407","192.168.1.55","192.168.1.2","TCP","1514","8004  >  36538 [ACK] Seq=488262 Ack=144 Win=65024 Len=1448 TSval=2916039859 TSecr=3045559633 [TCP segment of a reassembled PDU]"
"51469","35.779027018","192.168.1.55","192.168.1.2","TCP","1514","8004  >  36538 [ACK] Seq=489710 Ack=144 Win=65024 Len=1448 TSval=2916039859 TSecr=3045559633 [TCP segment of a reassembled PDU]"
"51470","35.779028351","192.168.1.55","192.168.1.2","TCP","1514","8004  >  36538 [ACK] Seq=491158 Ack=144 Win=65024 Len=1448 TSval=2916039859 TSecr=3045559633 [TCP segment of a reassembled PDU]"
"51471","35.779029629","192.168.1.55","192.168.1.2","TCP","1514","8004  >  36538 [ACK] Seq=492606 Ack=144 Win=65024 Len=1448 TSval=2916039859 TSecr=3045559633 [TCP segment of a reassembled PDU]"
"51472","35.779030851","192.168.1.55","192.168.1.2","TCP","1514","8004  >  36538 [ACK] Seq=494054 Ack=144 Win=65024 Len=1448 TSval=2916039859 TSecr=3045559633 [TCP segment of a reassembled PDU]"
"51473","35.779032166","192.168.1.55","192.168.1.2","TCP","1514","8004  >  36538 [ACK] Seq=495502 Ack=144 Win=65024 Len=1448 TSval=2916039859 TSecr=3045559633 [TCP segment of a reassembled PDU]"
"51474","35.779033407","192.168.1.55","192.168.1.2","TCP","1514","8004  >  36538 [PSH, ACK] Seq=496950 Ack=144 Win=65024 Len=1448 TSval=2916039859 TSecr=3045559633 [TCP segment of a reassembled PDU]"
"51475","35.779037240","192.168.1.55","192.168.1.2","HTTP","126","HTTP/1.0 200 OK  (PNG)"
"51476","35.779089481","192.168.1.2","192.168.1.55","TCP","66","36538  >  8004 [ACK] Seq=144 Ack=428798 Win=165888 Len=0 TSval=3045559633 TSecr=2916039850"
"51477","35.779096222","192.168.1.2","192.168.1.55","TCP","66","36538  >  8004 [ACK] Seq=144 Ack=433142 Win=165888 Len=0 TSval=3045559633 TSecr=2916039852"
"51478","35.783614062","192.168.1.2","192.168.1.55","TCP","66","36538  >  8004 [ACK] Seq=144 Ack=449070 Win=160768 Len=0 TSval=3045559636 TSecr=2916039858"
"51479","35.783777636","192.168.1.2","192.168.1.55","TCP","66","36538  >  8004 [ACK] Seq=144 Ack=453414 Win=175104 Len=0 TSval=3045559638 TSecr=2916039858"
"51480","35.783783285","192.168.1.2","192.168.1.55","TCP","66","36538  >  8004 [ACK] Seq=144 Ack=459206 Win=186368 Len=0 TSval=3045559639 TSecr=2916039858"
"51481","35.783789229","192.168.1.2","192.168.1.55","TCP","66","36538  >  8004 [ACK] Seq=144 Ack=470790 Win=209920 Len=0 TSval=3045559639 TSecr=2916039859"
"51482","35.784863694","192.168.1.2","192.168.1.55","TCP","66","36538  >  8004 [ACK] Seq=144 Ack=479574 Win=227328 Len=0 TSval=3045559639 TSecr=2916039859"
"51483","35.785018805","192.168.1.2","192.168.1.55","TCP","66","36538  >  8004 [ACK] Seq=144 Ack=492606 Win=252928 Len=0 TSval=3045559639 TSecr=2916039859"
"51484","35.785024953","192.168.1.2","192.168.1.55","TCP","66","36538  >  8004 [ACK] Seq=144 Ack=494054 Win=256000 Len=0 TSval=3045559640 TSecr=2916039859"
"51485","35.785029120","192.168.1.2","192.168.1.55","TCP","66","36538  >  8004 [ACK] Seq=144 Ack=498398 Win=264192 Len=0 TSval=3045559640 TSecr=2916039859"
"51486","35.786780993","192.168.1.2","192.168.1.55","TCP","66","36538  >  8004 [FIN, ACK] Seq=144 Ack=498459 Win=264192 Len=0 TSval=3045559641 TSecr=2916039859"
"51487","35.786796012","192.168.1.55","192.168.1.2","TCP","66","8004  >  36538 [ACK] Seq=498459 Ack=145 Win=65024 Len=0 TSval=2916039867 TSecr=3045559641"
"51488","35.786909530","192.168.1.2","192.168.1.55","TCP","74","36554  >  8004 [SYN] Seq=0 Win=64240 Len=0 MSS=1460 SACK_PERM TSval=3045559642 TSecr=0 WS=1024"
"51489","35.786933660","192.168.1.55","192.168.1.2","TCP","74","8004  >  36554 [SYN, ACK] Seq=0 Ack=1 Win=65160 Len=0 MSS=1460 SACK_PERM TSval=2916039867 TSecr=3045559642 WS=128"
"51490","35.790182499","192.168.1.2","192.168.1.55","TCP","66","36554  >  8004 [ACK] Seq=1 Ack=1 Win=64512 Len=0 TSval=3045559645 TSecr=2916039867"
"51491","35.793379670","192.168.1.2","192.168.1.55","HTTP","206","GET /stego_benchmark.png HTTP/1.1 "
"51492","35.793390893","192.168.1.55","192.168.1.2","TCP","66","8004  >  36554 [ACK] Seq=1 Ack=141 Win=65024 Len=0 TSval=2916039874 TSecr=3045559645"
"51493","35.793855801","192.168.1.55","192.168.1.2","TCP","255","8004  >  36554 [PSH, ACK] Seq=1 Ack=141 Win=65024 Len=189 TSval=2916039874 TSecr=3045559645 [TCP segment of a reassembled PDU]"
"51494","35.793932060","192.168.1.55","192.168.1.2","TCP","1514","8004  >  36554 [ACK] Seq=190 Ack=141 Win=65024 Len=1448 TSval=2916039874 TSecr=3045559645 [TCP segment of a reassembled PDU]"
"51495","35.793936542","192.168.1.55","192.168.1.2","TCP","1514","8004  >  36554 [ACK] Seq=1638 Ack=141 Win=65024 Len=1448 TSval=2916039874 TSecr=3045559645 [TCP segment of a reassembled PDU]"
"51496","35.793938042","192.168.1.55","192.168.1.2","TCP","1514","8004  >  36554 [ACK] Seq=3086 Ack=141 Win=65024 Len=1448 TSval=2916039874 TSecr=3045559645 [TCP segment of a reassembled PDU]"
"51497","35.793939431","192.168.1.55","192.168.1.2","TCP","1514","8004  >  36554 [ACK] Seq=4534 Ack=141 Win=65024 Len=1448 TSval=2916039874 TSecr=3045559645 [TCP segment of a reassembled PDU]"
"51498","35.793940745","192.168.1.55","192.168.1.2","TCP","1514","8004  >  36554 [PSH, ACK] Seq=5982 Ack=141 Win=65024 Len=1448 TSval=2916039874 TSecr=3045559645 [TCP segment of a reassembled PDU]"
"51499","35.793957208","192.168.1.55","192.168.1.2","TCP","1514","8004  >  36554 [ACK] Seq=7430 Ack=141 Win=65024 Len=1448 TSval=2916039874 TSecr=3045559645 [TCP segment of a reassembled PDU]"
"51500","35.793958931","192.168.1.55","192.168.1.2","TCP","1514","8004  >  36554 [ACK] Seq=8878 Ack=141 Win=65024 Len=1448 TSval=2916039874 TSecr=3045559645 [TCP segment of a reassembled PDU]"
"51501","35.793960301","192.168.1.55","192.168.1.2","TCP","1514","8004  >  36554 [ACK] Seq=10326 Ack=141 Win=65024 Len=1448 TSval=2916039874 TSecr=3045559645 [TCP segment of a reassembled PDU]"
"51502","35.793961708","192.168.1.55","192.168.1.2","TCP","1514","8004  >  36554 [PSH, ACK] Seq=11774 Ack=141 Win=65024 Len=1448 TSval=2916039874 TSecr=3045559645 [TCP segment of a reassembled PDU]"
"51503","35.798079530","192.168.1.2","192.168.1.55","TCP","66","36554  >  8004 [ACK] Seq=141 Ack=190 Win=64512 Len=0 TSval=3045559651 TSecr=2916039874"
"51504","35.798111141","192.168.1.55","192.168.1.2","TCP","1514","8004  >  36554 [ACK] Seq=13222 Ack=141 Win=65024 Len=1448 TSval=2916039878 TSecr=3045559651 [TCP segment of a reassembled PDU]"
"51505","35.798114752","192.168.1.55","192.168.1.2","TCP","1514","8004  >  36554 [PSH, ACK] Seq=14670 Ack=141 Win=65024 Len=1448 TSval=2916039878 TSecr=3045559651 [TCP segment of a reassembled PDU]"
"51506","35.798179086","192.168.1.2","192.168.1.55","TCP","66","36554  >  8004 [ACK] Seq=141 Ack=3086 Win=70656 Len=0 TSval=3045559652 TSecr=2916039874"
"51507","35.798246234","192.168.1.2","192.168.1.55","TCP","66","36554  >  8004 [ACK] Seq=141 Ack=5982 Win=76800 Len=0 TSval=3045559652 TSecr=2916039874"
"51508","35.798265752","192.168.1.55","192.168.1.2","TCP","1514","8004  >  36554 [ACK] Seq=16118 Ack=141 Win=65024 Len=1448 TSval=2916039878 TSecr=3045559652 [TCP segment of a reassembled PDU]"
"51509","35.798269197","192.168.1.55","192.168.1.2","TCP","1514","8004  >  36554 [ACK] Seq=17566 Ack=141 Win=65024 Len=1448 TSval=2916039878 TSecr=3045559652 [TCP segment of a reassembled PDU]"
"51510","35.798271530","192.168.1.55","192.168.1.2","TCP","1514","8004  >  36554 [ACK] Seq=19014 Ack=141 Win=65024 Len=1448 TSval=2916039878 TSecr=3045559652 [TCP segment of a reassembled PDU]"
"51511","35.798273271","192.168.1.55","192.168.1.2","TCP","1514","8004  >  36554 [ACK] Seq=20462 Ack=141 Win=65024 Len=1448 TSval=2916039878 TSecr=3045559652 [TCP segment of a reassembled PDU]"
"51512","35.798275067","192.168.1.55","192.168.1.2","TCP","1514","8004  >  36554 [ACK] Seq=21910 Ack=141 Win=65024 Len=1448 TSval=2916039878 TSecr=3045559652 [TCP segment of a reassembled PDU]"
"51513","35.798276734","192.168.1.55","192.168.1.2","TCP","1514","8004  >  36554 [ACK] Seq=23358 Ack=141 Win=65024 Len=1448 TSval=2916039878 TSecr=3045559652 [TCP segment of a reassembled PDU]"
"51514","35.798278901","192.168.1.55","192.168.1.2","TCP","1514","8004  >  36554 [PSH, ACK] Seq=24806 Ack=141 Win=65024 Len=1448 TSval=2916039878 TSecr=3045559652 [TCP segment of a reassembled PDU]"
"51515","35.798285660","192.168.1.2","192.168.1.55","TCP","66","36554  >  8004 [ACK] Seq=141 Ack=7430 Win=79872 Len=0 TSval=3045559653 TSecr=2916039874"
"51516","35.798311993","192.168.1.2","192.168.1.55","TCP","66","36554  >  8004 [ACK] Seq=141 Ack=13222 Win=79872 Len=0 TSval=3045559653 TSecr=2916039874"
"51517","35.798357382","192.168.1.55","192.168.1.2","TCP","1514","8004  >  36554 [ACK] Seq=26254 Ack=141 Win=65024 Len=1448 TSval=2916039879 TSecr=3045559653 [TCP segment of a reassembled PDU]"
"51518","35.798364808","192.168.1.55","192.168.1.2","TCP","1514","8004  >  36554 [ACK] Seq=27702 Ack=141 Win=65024 Len=1448 TSval=2916039879 TSecr=3045559653 [TCP segment of a reassembled PDU]"
"51519","35.798366845","192.168.1.55","192.168.1.2","TCP","1514","8004  >  36554 [ACK] Seq=29150 Ack=141 Win=65024 Len=1448 TSval=2916039879 TSecr=3045559653 [TCP segment of a reassembled PDU]"
"51520","35.798368734","192.168.1.55","192.168.1.2","TCP","1514","8004  >  36554 [ACK] Seq=30598 Ack=141 Win=65024 Len=1448 TSval=2916039879 TSecr=3045559653 [TCP segment of a reassembled PDU]"
"51521","35.798370438","192.168.1.55","192.168.1.2","TCP","1514","8004  >  36554 [ACK] Seq=32046 Ack=141 Win=65024 Len=1448 TSval=2916039879 TSecr=3045559653 [TCP segment of a reassembled PDU]"
"51522","35.798372493","192.168.1.55","192.168.1.2","TCP","1514","8004  >  36554 [ACK] Seq=33494 Ack=141 Win=65024 Len=1448 TSval=2916039879 TSecr=3045559653 [TCP segment of a reassembled PDU]"
"51523","35.798376790","192.168.1.55","192.168.1.2","TCP","1514","8004  >  36554 [ACK] Seq=34942 Ack=141 Win=65024 Len=1448 TSval=2916039879 TSecr=3045559653 [TCP segment of a reassembled PDU]"
"51524","35.798379234","192.168.1.55","192.168.1.2","TCP","1514","8004  >  36554 [ACK] Seq=36390 Ack=141 Win=65024 Len=1448 TSval=2916039879 TSecr=3045559653 [TCP segment of a reassembled PDU]"
"51525","35.798381901","192.168.1.55","192.168.1.2","TCP","1514","8004  >  36554 [ACK] Seq=37838 Ack=141 Win=65024 Len=1448 TSval=2916039879 TSecr=3045559653 [TCP segment of a reassembled PDU]"
"51526","35.798383678","192.168.1.55","192.168.1.2","TCP","1514","8004  >  36554 [PSH, ACK] Seq=39286 Ack=141 Win=65024 Len=1448 TSval=2916039879 TSecr=3045559653 [TCP segment of a reassembled PDU]"
"51527","35.799323273","192.168.1.55","192.168.1.2","TCP","1514","8004  >  36554 [ACK] Seq=40734 Ack=141 Win=65024 Len=1448 TSval=2916039880 TSecr=3045559653 [TCP segment of a reassembled PDU]"
"51528","35.802693926","192.168.1.2","192.168.1.55","TCP","66","36554  >  8004 [ACK] Seq=141 Ack=16118 Win=84992 Len=0 TSval=3045559657 TSecr=2916039878"
"51529","35.802774056","192.168.1.55","192.168.1.2","TCP","1514","8004  >  36554 [ACK] Seq=42182 Ack=141 Win=65024 Len=1448 TSval=2916039883 TSecr=3045559657 [TCP segment of a reassembled PDU]"
"51530","35.802778834","192.168.1.55","192.168.1.2","TCP","1514","8004  >  36554 [PSH, ACK] Seq=43630 Ack=141 Win=65024 Len=1448 TSval=2916039883 TSecr=3045559657 [TCP segment of a reassembled PDU]"
"51531","35.802854519","192.168.1.2","192.168.1.55","TCP","66","36554  >  8004 [ACK] Seq=141 Ack=26254 Win=83968 Len=0 TSval=3045559657 TSecr=2916039878"
"51532","35.802898056","192.168.1.55","192.168.1.2","TCP","1514","8004  >  36554 [ACK] Seq=45078 Ack=141 Win=65024 Len=1448 TSval=2916039883 TSecr=3045559657 [TCP segment of a reassembled PDU]"
"51533","35.802900001","192.168.1.55","192.168.1.2","TCP","1514","8004  >  36554 [ACK] Seq=46526 Ack=141 Win=65024 Len=1448 TSval=2916039883 TSecr=3045559657 [TCP segment of a reassembled PDU]"
"51534","35.802901389","192.168.1.55","192.168.1.2","TCP","1514","8004  >  36554 [ACK] Seq=47974 Ack=141 Win=65024 Len=1448 TSval=2916039883 TSecr=3045559657 [TCP segment of a reassembled PDU]"
"51535","35.802902667","192.168.1.55","192.168.1.2","TCP","1514","8004  >  36554 [ACK] Seq=49422 Ack=141 Win=65024 Len=1448 TSval=2916039883 TSecr=3045559657 [TCP segment of a reassembled PDU]"
"51536","35.802904001","192.168.1.55","192.168.1.2","TCP","1514","8004  >  36554 [ACK] Seq=50870 Ack=141 Win=65024 Len=1448 TSval=2916039883 TSecr=3045559657 [TCP segment of a reassembled PDU]"
"51537","35.802905445","192.168.1.55","192.168.1.2","TCP","1514","8004  >  36554 [ACK] Seq=52318 Ack=141 Win=65024 Len=1448 TSval=2916039883 TSecr=3045559657 [TCP segment of a reassembled PDU]"
"51538","35.802907093","192.168.1.55","192.168.1.2","TCP","1514","8004  >  36554 [ACK] Seq=53766 Ack=141 Win=65024 Len=1448 TSval=2916039883 TSecr=3045559657 [TCP segment of a reassembled PDU]"
"51539","35.802909112","192.168.1.55","192.168.1.2","TCP","1514","8004  >  36554 [ACK] Seq=55214 Ack=141 Win=65024 Len=1448 TSval=2916039883 TSecr=3045559657 [TCP segment of a reassembled PDU]"
"51540","35.802910889","192.168.1.55","192.168.1.2","TCP","1514","8004  >  36554 [ACK] Seq=56662 Ack=141 Win=65024 Len=1448 TSval=2916039883 TSecr=3045559657 [TCP segment of a reassembled PDU]"
"51541","35.802912371","192.168.1.55","192.168.1.2","TCP","1514","8004  >  36554 [ACK] Seq=58110 Ack=141 Win=65024 Len=1448 TSval=2916039883 TSecr=3045559657 [TCP segment of a reassembled PDU]"
"51542","35.802913778","192.168.1.55","192.168.1.2","TCP","1514","8004  >  36554 [ACK] Seq=59558 Ack=141 Win=65024 Len=1448 TSval=2916039883 TSecr=3045559657 [TCP segment of a reassembled PDU]"
"51543","35.802915093","192.168.1.55","192.168.1.2","TCP","1514","8004  >  36554 [ACK] Seq=61006 Ack=141 Win=65024 Len=1448 TSval=2916039883 TSecr=3045559657 [TCP segment of a reassembled PDU]"
"51544","35.802916852","192.168.1.55","192.168.1.2","TCP","1514","8004  >  36554 [ACK] Seq=62454 Ack=141 Win=65024 Len=1448 TSval=2916039883 TSecr=3045559657 [TCP segment of a reassembled PDU]"
"51545","35.802918408","192.168.1.55","192.168.1.2","TCP","1514","8004  >  36554 [PSH, ACK] Seq=63902 Ack=141 Win=65024 Len=1448 TSval=2916039883 TSecr=3045559657 [TCP segment of a reassembled PDU]"
"51546","35.802923575","192.168.1.2","192.168.1.55","TCP","66","36554  >  8004 [ACK] Seq=141 Ack=36390 Win=74752 Len=0 TSval=3045559657 TSecr=2916039879"
"51547","35.802954464","192.168.1.55","192.168.1.2","TCP","1514","8004  >  36554 [ACK] Seq=65350 Ack=141 Win=65024 Len=1448 TSval=2916039883 TSecr=3045559657 [TCP segment of a reassembled PDU]"
"51548","35.802956204","192.168.1.55","192.168.1.2","TCP","1514","8004  >  36554 [ACK] Seq=66798 Ack=141 Win=65024 Len=1448 TSval=2916039883 TSecr=3045559657 [TCP segment of a reassembled PDU]"
"51549","35.802957964","192.168.1.55","192.168.1.2","TCP","1514","8004  >  36554 [ACK] Seq=68246 Ack=141 Win=65024 Len=1448 TSval=2916039883 TSecr=3045559657 [TCP segment of a reassembled PDU]"
"51550","35.802959390","192.168.1.55","192.168.1.2","TCP","1514","8004  >  36554 [ACK] Seq=69694 Ack=141 Win=65024 Len=1448 TSval=2916039883 TSecr=3045559657 [TCP segment of a reassembled PDU]"
"51551","35.802960908","192.168.1.55","192.168.1.2","TCP","1514","8004  >  36554 [ACK] Seq=71142 Ack=141 Win=65024 Len=1448 TSval=2916039883 TSecr=3045559657 [TCP segment of a reassembled PDU]"
"51552","35.802962649","192.168.1.55","192.168.1.2","TCP","1514","8004  >  36554 [ACK] Seq=72590 Ack=141 Win=65024 Len=1448 TSval=2916039883 TSecr=3045559657 [TCP segment of a reassembled PDU]"
"51553","35.802964538","192.168.1.55","192.168.1.2","TCP","1514","8004  >  36554 [ACK] Seq=74038 Ack=141 Win=65024 Len=1448 TSval=2916039883 TSecr=3045559657 [TCP segment of a reassembled PDU]"
"51554","35.802966001","192.168.1.55","192.168.1.2","TCP","1514","8004  >  36554 [PSH, ACK] Seq=75486 Ack=141 Win=65024 Len=1448 TSval=2916039883 TSecr=3045559657 [TCP segment of a reassembled PDU]"
"51555","35.805764894","192.168.1.2","192.168.1.55","TCP","66","36554  >  8004 [ACK] Seq=141 Ack=40734 Win=89088 Len=0 TSval=3045559658 TSecr=2916039879"
"51556","35.805820987","192.168.1.55","192.168.1.2","TCP","1514","8004  >  36554 [ACK] Seq=76934 Ack=141 Win=65024 Len=1448 TSval=2916039886 TSecr=3045559658 [TCP segment of a reassembled PDU]"
"51557","35.805825894","192.168.1.55","192.168.1.2","TCP","1514","8004  >  36554 [ACK] Seq=78382 Ack=141 Win=65024 Len=1448 TSval=2916039886 TSecr=3045559658 [TCP segment of a reassembled PDU]"
"51558","35.805827153","192.168.1.55","192.168.1.2","TCP","1514","8004  >  36554 [ACK] Seq=79830 Ack=141 Win=65024 Len=1448 TSval=2916039886 TSecr=3045559658 [TCP segment of a reassembled PDU]"
"51559","35.805828357","192.168.1.55","192.168.1.2","TCP","1514","8004  >  36554 [ACK] Seq=81278 Ack=141 Win=65024 Len=1448 TSval=2916039886 TSecr=3045559658 [TCP segment of a reassembled PDU]"
"51560","35.805829635","192.168.1.55","192.168.1.2","TCP","1514","8004  >  36554 [ACK] Seq=82726 Ack=141 Win=65024 Len=1448 TSval=2916039886 TSecr=3045559658 [TCP segment of a reassembled PDU]"
"51561","35.805830857","192.168.1.55","192.168.1.2","TCP","1514","8004  >  36554 [ACK] Seq=84174 Ack=141 Win=65024 Len=1448 TSval=2916039886 TSecr=3045559658 [TCP segment of a reassembled PDU]"
"51562","35.805832598","192.168.1.55","192.168.1.2","TCP","1514","8004  >  36554 [ACK] Seq=85622 Ack=141 Win=65024 Len=1448 TSval=2916039886 TSecr=3045559658 [TCP segment of a reassembled PDU]"
"51563","35.805835024","192.168.1.55","192.168.1.2","TCP","1514","8004  >  36554 [ACK] Seq=87070 Ack=141 Win=65024 Len=1448 TSval=2916039886 TSecr=3045559658 [TCP segment of a reassembled PDU]"
"51564","35.805836820","192.168.1.55","192.168.1.2","TCP","1514","8004  >  36554 [ACK] Seq=88518 Ack=141 Win=65024 Len=1448 TSval=2916039886 TSecr=3045559658 [TCP segment of a reassembled PDU]"
"51565","35.805837950","192.168.1.55","192.168.1.2","TCP","1514","8004  >  36554 [ACK] Seq=89966 Ack=141 Win=65024 Len=1448 TSval=2916039886 TSecr=3045559658 [TCP segment of a reassembled PDU]"
"51566","35.805839246","192.168.1.55","192.168.1.2","TCP","1514","8004  >  36554 [ACK] Seq=91414 Ack=141 Win=65024 Len=1448 TSval=2916039886 TSecr=3045559658 [TCP segment of a reassembled PDU]"
"51567","35.805840431","192.168.1.55","192.168.1.2","TCP","1514","8004  >  36554 [ACK] Seq=92862 Ack=141 Win=65024 Len=1448 TSval=2916039886 TSecr=3045559658 [TCP segment of a reassembled PDU]"
"51568","35.805841616","192.168.1.55","192.168.1.2","TCP","1514","8004  >  36554 [ACK] Seq=94310 Ack=141 Win=65024 Len=1448 TSval=2916039886 TSecr=3045559658 [TCP segment of a reassembled PDU]"
"51569","35.805843616","192.168.1.55","192.168.1.2","TCP","1514","8004  >  36554 [PSH, ACK] Seq=95758 Ack=141 Win=65024 Len=1448 TSval=2916039886 TSecr=3045559658 [TCP segment of a reassembled PDU]"
"51570","35.805875061","192.168.1.2","192.168.1.55","TCP","66","36554  >  8004 [ACK] Seq=141 Ack=42182 Win=90112 Len=0 TSval=3045559658 TSecr=2916039880"
"51571","35.807973361","192.168.1.2","192.168.1.55","TCP","66","36554  >  8004 [ACK] Seq=141 Ack=45078 Win=88064 Len=0 TSval=3045559661 TSecr=2916039883"
"51572","35.807990268","192.168.1.55","192.168.1.2","TCP","1514","8004  >  36554 [ACK] Seq=97206 Ack=141 Win=65024 Len=1448 TSval=2916039888 TSecr=3045559661 [TCP segment of a reassembled PDU]"
"51573","35.807993287","192.168.1.55","192.168.1.2","TCP","1514","8004  >  36554 [ACK] Seq=98654 Ack=141 Win=65024 Len=1448 TSval=2916039888 TSecr=3045559661 [TCP segment of a reassembled PDU]"
"51574","35.807994879","192.168.1.55","192.168.1.2","TCP","1514","8004  >  36554 [ACK] Seq=100102 Ack=141 Win=65024 Len=1448 TSval=2916039888 TSecr=3045559661 [TCP segment of a reassembled PDU]"
"51575","35.807996194","192.168.1.55","192.168.1.2","TCP","1514","8004  >  36554 [ACK] Seq=101550 Ack=141 Win=65024 Len=1448 TSval=2916039888 TSecr=3045559661 [TCP segment of a reassembled PDU]"
"51576","35.807998398","192.168.1.55","192.168.1.2","TCP","1514","8004  >  36554 [ACK] Seq=102998 Ack=141 Win=65024 Len=1448 TSval=2916039888 TSecr=3045559661 [TCP segment of a reassembled PDU]"
"51577","35.808000083","192.168.1.55","192.168.1.2","TCP","1514","8004  >  36554 [PSH, ACK] Seq=104446 Ack=141 Win=65024 Len=1448 TSval=2916039888 TSecr=3045559661 [TCP segment of a reassembled PDU]"
"51578","35.808345472","192.168.1.2","192.168.1.55","TCP","66","36554  >  8004 [ACK] Seq=141 Ack=65350 Win=73728 Len=0 TSval=3045559661 TSecr=2916039883"
"51579","35.808359509","192.168.1.55","192.168.1.2","TCP","1514","8004  >  36554 [ACK] Seq=105894 Ack=141 Win=65024 Len=1448 TSval=2916039889 TSecr=3045559661 [TCP segment of a reassembled PDU]"
"51580","35.808362195","192.168.1.55","192.168.1.2","TCP","1514","8004  >  36554 [ACK] Seq=107342 Ack=141 Win=65024 Len=1448 TSval=2916039889 TSecr=3045559661 [TCP segment of a reassembled PDU]"
"51581","35.808363398","192.168.1.55","192.168.1.2","TCP","1514","8004  >  36554 [ACK] Seq=108790 Ack=141 Win=65024 Len=1448 TSval=2916039889 TSecr=3045559661 [TCP segment of a reassembled PDU]"
"51582","35.808366083","192.168.1.55","192.168.1.2","TCP","1514","8004  >  36554 [ACK] Seq=110238 Ack=141 Win=65024 Len=1448 TSval=2916039889 TSecr=3045559661 [TCP segment of a reassembled PDU]"
"51583","35.808367954","192.168.1.55","192.168.1.2","TCP","1514","8004  >  36554 [ACK] Seq=111686 Ack=141 Win=65024 Len=1448 TSval=2916039889 TSecr=3045559661 [TCP segment of a reassembled PDU]"
"51584","35.808369195","192.168.1.55","192.168.1.2","TCP","1514","8004  >  36554 [ACK] Seq=113134 Ack=141 Win=65024 Len=1448 TSval=2916039889 TSecr=3045559661 [TCP segment of a reassembled PDU]"
"51585","35.808370491","192.168.1.55","192.168.1.2","TCP","1514","8004  >  36554 [PSH, ACK] Seq=114582 Ack=141 Win=65024 Len=1448 TSval=2916039889 TSecr=3045559661 [TCP segment of a reassembled PDU]"
"51586","35.808375954","192.168.1.2","192.168.1.55","TCP","66","36554  >  8004 [ACK] Seq=141 Ack=76934 Win=62464 Len=0 TSval=3045559662 TSecr=2916039883"
"51587","35.808407917","192.168.1.55","192.168.1.2","TCP","1514","8004  >  36554 [ACK] Seq=116030 Ack=141 Win=65024 Len=1448 TSval=2916039889 TSecr=3045559662 [TCP segment of a reassembled PDU]"
"51588","35.808410361","192.168.1.55","192.168.1.2","TCP","1514","8004  >  36554 [ACK] Seq=117478 Ack=141 Win=65024 Len=1448 TSval=2916039889 TSecr=3045559662 [TCP segment of a reassembled PDU]"
"51589","35.808411787","192.168.1.55","192.168.1.2","TCP","1514","8004  >  36554 [ACK] Seq=118926 Ack=141 Win=65024 Len=1448 TSval=2916039889 TSecr=3045559662 [TCP segment of a reassembled PDU]"
"51590","35.808413343","192.168.1.55","192.168.1.2","TCP","1514","8004  >  36554 [ACK] Seq=120374 Ack=141 Win=65024 Len=1448 TSval=2916039889 TSecr=3045559662 [TCP segment of a reassembled PDU]"
"51591","35.808414991","192.168.1.55","192.168.1.2","TCP","1514","8004  >  36554 [ACK] Seq=121822 Ack=141 Win=65024 Len=1448 TSval=2916039889 TSecr=3045559662 [TCP segment of a reassembled PDU]"
"51592","35.808416287","192.168.1.55","192.168.1.2","TCP","1514","8004  >  36554 [ACK] Seq=123270 Ack=141 Win=65024 Len=1448 TSval=2916039889 TSecr=3045559662 [TCP segment of a reassembled PDU]"
"51593","35.808418269","192.168.1.55","192.168.1.2","TCP","1514","8004  >  36554 [ACK] Seq=124718 Ack=141 Win=65024 Len=1448 TSval=2916039889 TSecr=3045559662 [TCP segment of a reassembled PDU]"
"51594","35.808420139","192.168.1.55","192.168.1.2","TCP","1514","8004  >  36554 [ACK] Seq=126166 Ack=141 Win=65024 Len=1448 TSval=2916039889 TSecr=3045559662 [TCP segment of a reassembled PDU]"
"51595","35.808421509","192.168.1.55","192.168.1.2","TCP","1514","8004  >  36554 [ACK] Seq=127614 Ack=141 Win=65024 Len=1448 TSval=2916039889 TSecr=3045559662 [TCP segment of a reassembled PDU]"
"51596","35.808422824","192.168.1.55","192.168.1.2","TCP","1514","8004  >  36554 [ACK] Seq=129062 Ack=141 Win=65024 Len=1448 TSval=2916039889 TSecr=3045559662 [TCP segment of a reassembled PDU]"
"51597","35.808425083","192.168.1.55","192.168.1.2","TCP","1514","8004  >  36554 [ACK] Seq=130510 Ack=141 Win=65024 Len=1448 TSval=2916039889 TSecr=3045559662 [TCP segment of a reassembled PDU]"
"51598","35.808426732","192.168.1.55","192.168.1.2","TCP","1514","8004  >  36554 [ACK] Seq=131958 Ack=141 Win=65024 Len=1448 TSval=2916039889 TSecr=3045559662 [TCP segment of a reassembled PDU]"
"51599","35.808427954","192.168.1.55","192.168.1.2","TCP","1514","8004  >  36554 [ACK] Seq=133406 Ack=141 Win=65024 Len=1448 TSval=2916039889 TSecr=3045559662 [TCP segment of a reassembled PDU]"
"51600","35.808429491","192.168.1.55","192.168.1.2","TCP","1514","8004  >  36554 [ACK] Seq=134854 Ack=141 Win=65024 Len=1448 TSval=2916039889 TSecr=3045559662 [TCP segment of a reassembled PDU]"
"51601","35.808431454","192.168.1.55","192.168.1.2","TCP","1514","8004  >  36554 [ACK] Seq=136302 Ack=141 Win=65024 Len=1448 TSval=2916039889 TSecr=3045559662 [TCP segment of a reassembled PDU]"
"51602","35.808433028","192.168.1.55","192.168.1.2","TCP","1514","8004  >  36554 [ACK] Seq=137750 Ack=141 Win=65024 Len=1448 TSval=2916039889 TSecr=3045559662 [TCP segment of a reassembled PDU]"
"51603","35.808434565","192.168.1.55","192.168.1.2","TCP","266","[TCP Window Full] 8004  >  36554 [PSH, ACK] Seq=139198 Ack=141 Win=65024 Len=200 TSval=2916039889 TSecr=3045559662 [TCP segment of a reassembled PDU]"
"51604","35.811581533","192.168.1.2","192.168.1.55","TCP","66","36554  >  8004 [ACK] Seq=141 Ack=91414 Win=75776 Len=0 TSval=3045559664 TSecr=2916039886"
"51605","35.811596440","192.168.1.55","192.168.1.2","TCP","1514","8004  >  36554 [ACK] Seq=139398 Ack=141 Win=65024 Len=1448 TSval=2916039892 TSecr=3045559664 [TCP segment of a reassembled PDU]"
"51606","35.811598663","192.168.1.55","192.168.1.2","TCP","1514","8004  >  36554 [ACK] Seq=140846 Ack=141 Win=65024 Len=1448 TSval=2916039892 TSecr=3045559664 [TCP segment of a reassembled PDU]"
"51607","35.811599792","192.168.1.55","192.168.1.2","TCP","1514","8004  >  36554 [ACK] Seq=142294 Ack=141 Win=65024 Len=1448 TSval=2916039892 TSecr=3045559664 [TCP segment of a reassembled PDU]"
"51608","35.811605422","192.168.1.55","192.168.1.2","TCP","1514","8004  >  36554 [ACK] Seq=143742 Ack=141 Win=65024 Len=1448 TSval=2916039892 TSecr=3045559664 [TCP segment of a reassembled PDU]"
"51609","35.811606811","192.168.1.55","192.168.1.2","TCP","1514","8004  >  36554 [ACK] Seq=145190 Ack=141 Win=65024 Len=1448 TSval=2916039892 TSecr=3045559664 [TCP segment of a reassembled PDU]"
"51610","35.811608015","192.168.1.55","192.168.1.2","TCP","1514","8004  >  36554 [ACK] Seq=146638 Ack=141 Win=65024 Len=1448 TSval=2916039892 TSecr=3045559664 [TCP segment of a reassembled PDU]"
"51611","35.811609570","192.168.1.55","192.168.1.2","TCP","1514","8004  >  36554 [ACK] Seq=148086 Ack=141 Win=65024 Len=1448 TSval=2916039892 TSecr=3045559664 [TCP segment of a reassembled PDU]"
"51612","35.811610644","192.168.1.55","192.168.1.2","TCP","1514","8004  >  36554 [ACK] Seq=149534 Ack=141 Win=65024 Len=1448 TSval=2916039892 TSecr=3045559664 [TCP segment of a reassembled PDU]"
"51613","35.811611737","192.168.1.55","192.168.1.2","TCP","1514","8004  >  36554 [ACK] Seq=150982 Ack=141 Win=65024 Len=1448 TSval=2916039892 TSecr=3045559664 [TCP segment of a reassembled PDU]"
"51614","35.811612959","192.168.1.55","192.168.1.2","TCP","1514","8004  >  36554 [PSH, ACK] Seq=152430 Ack=141 Win=65024 Len=1448 TSval=2916039892 TSecr=3045559664 [TCP segment of a reassembled PDU]"
"51615","35.811618311","192.168.1.55","192.168.1.2","TCP","1314","8004  >  36554 [ACK] Seq=153878 Ack=141 Win=65024 Len=1248 TSval=2916039892 TSecr=3045559664 [TCP segment of a reassembled PDU]"
"51616","35.811706385","192.168.1.2","192.168.1.55","TCP","66","36554  >  8004 [ACK] Seq=141 Ack=92862 Win=90112 Len=0 TSval=3045559665 TSecr=2916039886"
"51617","35.811711830","192.168.1.2","192.168.1.55","TCP","66","36554  >  8004 [ACK] Seq=141 Ack=97206 Win=87040 Len=0 TSval=3045559665 TSecr=2916039886"
"51618","35.811736070","192.168.1.55","192.168.1.2","TCP","1514","8004  >  36554 [ACK] Seq=155126 Ack=141 Win=65024 Len=1448 TSval=2916039892 TSecr=3045559665 [TCP segment of a reassembled PDU]"
"51619","35.811738070","192.168.1.55","192.168.1.2","TCP","1514","8004  >  36554 [ACK] Seq=156574 Ack=141 Win=65024 Len=1448 TSval=2916039892 TSecr=3045559665 [TCP segment of a reassembled PDU]"
"51620","35.811739293","192.168.1.55","192.168.1.2","TCP","1514","8004  >  36554 [ACK] Seq=158022 Ack=141 Win=65024 Len=1448 TSval=2916039892 TSecr=3045559665 [TCP segment of a reassembled PDU]"
"51621","35.811740533","192.168.1.55","192.168.1.2","TCP","1514","8004  >  36554 [ACK] Seq=159470 Ack=141 Win=65024 Len=1448 TSval=2916039892 TSecr=3045559665 [TCP segment of a reassembled PDU]"
"51622","35.811741737","192.168.1.55","192.168.1.2","TCP","1514","8004  >  36554 [ACK] Seq=160918 Ack=141 Win=65024 Len=1448 TSval=2916039892 TSecr=3045559665 [TCP segment of a reassembled PDU]"
"51623","35.811742867","192.168.1.55","192.168.1.2","TCP","1514","8004  >  36554 [ACK] Seq=162366 Ack=141 Win=65024 Len=1448 TSval=2916039892 TSecr=3045559665 [TCP segment of a reassembled PDU]"
"51624","35.811744144","192.168.1.55","192.168.1.2","TCP","1514","8004  >  36554 [ACK] Seq=163814 Ack=141 Win=65024 Len=1448 TSval=2916039892 TSecr=3045559665 [TCP segment of a reassembled PDU]"
"51625","35.811745330","192.168.1.55","192.168.1.2","TCP","1514","8004  >  36554 [ACK] Seq=165262 Ack=141 Win=65024 Len=1448 TSval=2916039892 TSecr=3045559665 [TCP segment of a reassembled PDU]"
"51626","35.811746589","192.168.1.55","192.168.1.2","TCP","1514","8004  >  36554 [ACK] Seq=166710 Ack=141 Win=65024 Len=1448 TSval=2916039892 TSecr=3045559665 [TCP segment of a reassembled PDU]"
"51627","35.811747793","192.168.1.55","192.168.1.2","TCP","1514","8004  >  36554 [ACK] Seq=168158 Ack=141 Win=65024 Len=1448 TSval=2916039892 TSecr=3045559665 [TCP segment of a reassembled PDU]"
"51628","35.811749015","192.168.1.55","192.168.1.2","TCP","1514","8004  >  36554 [ACK] Seq=169606 Ack=141 Win=65024 Len=1448 TSval=2916039892 TSecr=3045559665 [TCP segment of a reassembled PDU]"
"51629","35.811750163","192.168.1.55","192.168.1.2","TCP","1514","8004  >  36554 [ACK] Seq=171054 Ack=141 Win=65024 Len=1448 TSval=2916039892 TSecr=3045559665 [TCP segment of a reassembled PDU]"
"51630","35.811751404","192.168.1.55","192.168.1.2","TCP","1514","8004  >  36554 [ACK] Seq=172502 Ack=141 Win=65024 Len=1448 TSval=2916039892 TSecr=3045559665 [TCP segment of a reassembled PDU]"
"51631","35.811752589","192.168.1.55","192.168.1.2","TCP","1514","8004  >  36554 [ACK] Seq=173950 Ack=141 Win=65024 Len=1448 TSval=2916039892 TSecr=3045559665 [TCP segment of a reassembled PDU]"
"51632","35.811754052","192.168.1.55","192.168.1.2","TCP","1514","8004  >  36554 [ACK] Seq=175398 Ack=141 Win=65024 Len=1448 TSval=2916039892 TSecr=3045559665 [TCP segment of a reassembled PDU]"
"51633","35.811755311","192.168.1.55","192.168.1.2","TCP","1514","8004  >  36554 [ACK] Seq=176846 Ack=141 Win=65024 Len=1448 TSval=2916039892 TSecr=3045559665 [TCP segment of a reassembled PDU]"
"51634","35.811756515","192.168.1.55","192.168.1.2","TCP","1514","8004  >  36554 [ACK] Seq=178294 Ack=141 Win=65024 Len=1448 TSval=2916039892 TSecr=3045559665 [TCP segment of a reassembled PDU]"
"51635","35.811757737","192.168.1.55","192.168.1.2","TCP","1514","8004  >  36554 [ACK] Seq=179742 Ack=141 Win=65024 Len=1448 TSval=2916039892 TSecr=3045559665 [TCP segment of a reassembled PDU]"
"51636","35.811758904","192.168.1.55","192.168.1.2","TCP","1514","8004  >  36554 [ACK] Seq=181190 Ack=141 Win=65024 Len=1448 TSval=2916039892 TSecr=3045559665 [TCP segment of a reassembled PDU]"
"51637","35.811760237","192.168.1.55","192.168.1.2","TCP","1514","8004  >  36554 [PSH, ACK] Seq=182638 Ack=141 Win=65024 Len=1448 TSval=2916039892 TSecr=3045559665 [TCP segment of a reassembled PDU]"
"51638","35.816808801","192.168.1.2","192.168.1.55","TCP","66","36554  >  8004 [ACK] Seq=141 Ack=105894 Win=82944 Len=0 TSval=3045559667 TSecr=2916039888"
"51639","35.816831930","192.168.1.55","192.168.1.2","TCP","1514","8004  >  36554 [ACK] Seq=184086 Ack=141 Win=65024 Len=1448 TSval=2916039897 TSecr=3045559667 [TCP segment of a reassembled PDU]"
"51640","35.816835616","192.168.1.55","192.168.1.2","TCP","1514","8004  >  36554 [ACK] Seq=185534 Ack=141 Win=65024 Len=1448 TSval=2916039897 TSecr=3045559667 [TCP segment of a reassembled PDU]"
"51641","35.816836893","192.168.1.55","192.168.1.2","TCP","1514","8004  >  36554 [PSH, ACK] Seq=186982 Ack=141 Win=65024 Len=1448 TSval=2916039897 TSecr=3045559667 [TCP segment of a reassembled PDU]"
"51642","35.817084301","192.168.1.2","192.168.1.55","TCP","66","36554  >  8004 [ACK] Seq=141 Ack=116030 Win=73728 Len=0 TSval=3045559667 TSecr=2916039889"
"51643","35.817092394","192.168.1.2","192.168.1.55","TCP","66","36554  >  8004 [ACK] Seq=141 Ack=124718 Win=65536 Len=0 TSval=3045559667 TSecr=2916039889"
"51644","35.817097301","192.168.1.2","192.168.1.55","TCP","66","36554  >  8004 [ACK] Seq=141 Ack=134854 Win=56320 Len=0 TSval=3045559667 TSecr=2916039889"
"51645","35.821854938","192.168.1.2","192.168.1.55","TCP","66","36554  >  8004 [ACK] Seq=141 Ack=139398 Win=86016 Len=0 TSval=3045559672 TSecr=2916039889"
"51646","35.821895735","192.168.1.55","192.168.1.2","TCP","1514","8004  >  36554 [ACK] Seq=188430 Ack=141 Win=65024 Len=1448 TSval=2916039902 TSecr=3045559672 [TCP segment of a reassembled PDU]"
"51647","35.821901179","192.168.1.55","192.168.1.2","TCP","1514","8004  >  36554 [ACK] Seq=189878 Ack=141 Win=65024 Len=1448 TSval=2916039902 TSecr=3045559672 [TCP segment of a reassembled PDU]"
"51648","35.821902513","192.168.1.55","192.168.1.2","TCP","1514","8004  >  36554 [ACK] Seq=191326 Ack=141 Win=65024 Len=1448 TSval=2916039902 TSecr=3045559672 [TCP segment of a reassembled PDU]"
"51649","35.821903716","192.168.1.55","192.168.1.2","TCP","1514","8004  >  36554 [ACK] Seq=192774 Ack=141 Win=65024 Len=1448 TSval=2916039902 TSecr=3045559672 [TCP segment of a reassembled PDU]"
"51650","35.821905031","192.168.1.55","192.168.1.2","TCP","1514","8004  >  36554 [ACK] Seq=194222 Ack=141 Win=65024 Len=1448 TSval=2916039902 TSecr=3045559672 [TCP segment of a reassembled PDU]"
"51651","35.821906383","192.168.1.55","192.168.1.2","TCP","1514","8004  >  36554 [PSH, ACK] Seq=195670 Ack=141 Win=65024 Len=1448 TSval=2916039902 TSecr=3045559672 [TCP segment of a reassembled PDU]"
"51652","35.824918480","192.168.1.2","192.168.1.55","TCP","66","36554  >  8004 [ACK] Seq=141 Ack=145190 Win=88064 Len=0 TSval=3045559672 TSecr=2916039892"
"51653","35.824955851","192.168.1.55","192.168.1.2","TCP","1514","8004  >  36554 [ACK] Seq=197118 Ack=141 Win=65024 Len=1448 TSval=2916039905 TSecr=3045559672 [TCP segment of a reassembled PDU]"
"51654","35.824958943","192.168.1.55","192.168.1.2","TCP","1514","8004  >  36554 [ACK] Seq=198566 Ack=141 Win=65024 Len=1448 TSval=2916039905 TSecr=3045559672 [TCP segment of a reassembled PDU]"
"51655","35.824960258","192.168.1.55","192.168.1.2","TCP","1514","8004  >  36554 [ACK] Seq=200014 Ack=141 Win=65024 Len=1448 TSval=2916039905 TSecr=3045559672 [TCP segment of a reassembled PDU]"
"51656","35.824961462","192.168.1.55","192.168.1.2","TCP","1514","8004  >  36554 [ACK] Seq=201462 Ack=141 Win=65024 Len=1448 TSval=2916039905 TSecr=3045559672 [TCP segment of a reassembled PDU]"
"51657","35.824962721","192.168.1.55","192.168.1.2","TCP","1514","8004  >  36554 [ACK] Seq=202910 Ack=141 Win=65024 Len=1448 TSval=2916039905 TSecr=3045559672 [TCP segment of a reassembled PDU]"
"51658","35.824963832","192.168.1.55","192.168.1.2","TCP","1514","8004  >  36554 [ACK] Seq=204358 Ack=141 Win=65024 Len=1448 TSval=2916039905 TSecr=3045559672 [TCP segment of a reassembled PDU]"
"51659","35.824965129","192.168.1.55","192.168.1.2","TCP","1514","8004  >  36554 [ACK] Seq=205806 Ack=141 Win=65024 Len=1448 TSval=2916039905 TSecr=3045559672 [TCP segment of a reassembled PDU]"
"51660","35.824966129","192.168.1.55","192.168.1.2","TCP","1514","8004  >  36554 [ACK] Seq=207254 Ack=141 Win=65024 Len=1448 TSval=2916039905 TSecr=3045559672 [TCP segment of a reassembled PDU]"
"51661","35.824967147","192.168.1.55","192.168.1.2","TCP","1514","8004  >  36554 [ACK] Seq=208702 Ack=141 Win=65024 Len=1448 TSval=2916039905 TSecr=3045559672 [TCP segment of a reassembled PDU]"
"51662","35.824968166","192.168.1.55","192.168.1.2","TCP","1514","8004  >  36554 [ACK] Seq=210150 Ack=141 Win=65024 Len=1448 TSval=2916039905 TSecr=3045559672 [TCP segment of a reassembled PDU]"
"51663","35.824969295","192.168.1.55","192.168.1.2","TCP","1514","8004  >  36554 [ACK] Seq=211598 Ack=141 Win=65024 Len=1448 TSval=2916039905 TSecr=3045559672 [TCP segment of a reassembled PDU]"
"51664","35.824970240","192.168.1.55","192.168.1.2","TCP","1514","8004  >  36554 [ACK] Seq=213046 Ack=141 Win=65024 Len=1448 TSval=2916039905 TSecr=3045559672 [TCP segment of a reassembled PDU]"
"51665","35.824971221","192.168.1.55","192.168.1.2","TCP","1514","8004  >  36554 [ACK] Seq=214494 Ack=141 Win=65024 Len=1448 TSval=2916039905 TSecr=3045559672 [TCP segment of a reassembled PDU]"
"51666","35.824972314","192.168.1.55","192.168.1.2","TCP","1514","8004  >  36554 [ACK] Seq=215942 Ack=141 Win=65024 Len=1448 TSval=2916039905 TSecr=3045559672 [TCP segment of a reassembled PDU]"
"51667","35.824973388","192.168.1.55","192.168.1.2","TCP","1514","8004  >  36554 [ACK] Seq=217390 Ack=141 Win=65024 Len=1448 TSval=2916039905 TSecr=3045559672 [TCP segment of a reassembled PDU]"
"51668","35.824974462","192.168.1.55","192.168.1.2","TCP","1514","8004  >  36554 [ACK] Seq=218838 Ack=141 Win=65024 Len=1448 TSval=2916039905 TSecr=3045559672 [TCP segment of a reassembled PDU]"
"51669","35.824975443","192.168.1.55","192.168.1.2","TCP","1514","8004  >  36554 [ACK] Seq=220286 Ack=141 Win=65024 Len=1448 TSval=2916039905 TSecr=3045559672 [TCP segment of a reassembled PDU]"
"51670","35.824976703","192.168.1.55","192.168.1.2","TCP","1514","8004  >  36554 [ACK] Seq=221734 Ack=141 Win=65024 Len=1448 TSval=2916039905 TSecr=3045559672 [TCP segment of a reassembled PDU]"
"51671","35.824977721","192.168.1.55","192.168.1.2","TCP","1514","8004  >  36554 [ACK] Seq=223182 Ack=141 Win=65024 Len=1448 TSval=2916039905 TSecr=3045559672 [TCP segment of a reassembled PDU]"
"51672","35.824978684","192.168.1.55","192.168.1.2","TCP","1514","8004  >  36554 [ACK] Seq=224630 Ack=141 Win=65024 Len=1448 TSval=2916039905 TSecr=3045559672 [TCP segment of a reassembled PDU]"
"51673","35.824979684","192.168.1.55","192.168.1.2","TCP","1514","8004  >  36554 [ACK] Seq=226078 Ack=141 Win=65024 Len=1448 TSval=2916039905 TSecr=3045559672 [TCP segment of a reassembled PDU]"
"51674","35.824980703","192.168.1.55","192.168.1.2","TCP","1514","8004  >  36554 [ACK] Seq=227526 Ack=141 Win=65024 Len=1448 TSval=2916039905 TSecr=3045559672 [TCP segment of a reassembled PDU]"
"51675","35.824981703","192.168.1.55","192.168.1.2","TCP","1514","8004  >  36554 [ACK] Seq=228974 Ack=141 Win=65024 Len=1448 TSval=2916039905 TSecr=3045559672 [TCP segment of a reassembled PDU]"
"51676","35.824982851","192.168.1.55","192.168.1.2","TCP","1514","8004  >  36554 [PSH, ACK] Seq=230422 Ack=141 Win=65024 Len=1448 TSval=2916039905 TSecr=3045559672 [TCP segment of a reassembled PDU]"
"51677","35.825060481","192.168.1.2","192.168.1.55","TCP","66","36554  >  8004 [ACK] Seq=141 Ack=150982 Win=88064 Len=0 TSval=3045559672 TSecr=2916039892"
"51678","35.825066870","192.168.1.2","192.168.1.55","TCP","66","36554  >  8004 [ACK] Seq=141 Ack=153878 Win=90112 Len=0 TSval=3045559672 TSecr=2916039892"
"51679","35.825077351","192.168.1.55","192.168.1.2","TCP","1514","8004  >  36554 [ACK] Seq=231870 Ack=141 Win=65024 Len=1448 TSval=2916039905 TSecr=3045559672 [TCP segment of a reassembled PDU]"
"51680","35.825078851","192.168.1.55","192.168.1.2","TCP","1514","8004  >  36554 [ACK] Seq=233318 Ack=141 Win=65024 Len=1448 TSval=2916039905 TSecr=3045559672 [TCP segment of a reassembled PDU]"
"51681","35.825079814","192.168.1.55","192.168.1.2","TCP","1514","8004  >  36554 [ACK] Seq=234766 Ack=141 Win=65024 Len=1448 TSval=2916039905 TSecr=3045559672 [TCP segment of a reassembled PDU]"
"51682","35.825080758","192.168.1.55","192.168.1.2","TCP","1514","8004  >  36554 [ACK] Seq=236214 Ack=141 Win=65024 Len=1448 TSval=2916039905 TSecr=3045559672 [TCP segment of a reassembled PDU]"
"51683","35.825081795","192.168.1.55","192.168.1.2","TCP","1514","8004  >  36554 [PSH, ACK] Seq=237662 Ack=141 Win=65024 Len=1448 TSval=2916039905 TSecr=3045559672 [TCP segment of a reassembled PDU]"
"51684","35.825084907","192.168.1.2","192.168.1.55","TCP","66","36554  >  8004 [ACK] Seq=141 Ack=181190 Win=66560 Len=0 TSval=3045559672 TSecr=2916039892"
"51685","35.826198038","192.168.1.2","192.168.1.55","TCP","66","36554  >  8004 [ACK] Seq=141 Ack=184086 Win=90112 Len=0 TSval=3045559674 TSecr=2916039892"
"51686","35.826227205","192.168.1.55","192.168.1.2","TCP","1514","8004  >  36554 [ACK] Seq=239110 Ack=141 Win=65024 Len=1448 TSval=2916039906 TSecr=3045559674 [TCP segment of a reassembled PDU]"
"51687","35.826229057","192.168.1.55","192.168.1.2","TCP","1514","8004  >  36554 [ACK] Seq=240558 Ack=141 Win=65024 Len=1448 TSval=2916039906 TSecr=3045559674 [TCP segment of a reassembled PDU]"
"51688","35.826230112","192.168.1.55","192.168.1.2","TCP","1514","8004  >  36554 [ACK] Seq=242006 Ack=141 Win=65024 Len=1448 TSval=2916039906 TSecr=3045559674 [TCP segment of a reassembled PDU]"
"51689","35.826231538","192.168.1.55","192.168.1.2","TCP","1514","8004  >  36554 [ACK] Seq=243454 Ack=141 Win=65024 Len=1448 TSval=2916039906 TSecr=3045559674 [TCP segment of a reassembled PDU]"
"51690","35.826232834","192.168.1.55","192.168.1.2","TCP","1514","8004  >  36554 [ACK] Seq=244902 Ack=141 Win=65024 Len=1448 TSval=2916039906 TSecr=3045559674 [TCP segment of a reassembled PDU]"
"51691","35.826233945","192.168.1.55","192.168.1.2","TCP","1514","8004  >  36554 [ACK] Seq=246350 Ack=141 Win=65024 Len=1448 TSval=2916039906 TSecr=3045559674 [TCP segment of a reassembled PDU]"
"51692","35.826234982","192.168.1.55","192.168.1.2","TCP","1514","8004  >  36554 [ACK] Seq=247798 Ack=141 Win=65024 Len=1448 TSval=2916039906 TSecr=3045559674 [TCP segment of a reassembled PDU]"
"51693","35.826236075","192.168.1.55","192.168.1.2","TCP","1514","8004  >  36554 [ACK] Seq=249246 Ack=141 Win=65024 Len=1448 TSval=2916039906 TSecr=3045559674 [TCP segment of a reassembled PDU]"
"51694","35.826237038","192.168.1.55","192.168.1.2","TCP","1514","8004  >  36554 [ACK] Seq=250694 Ack=141 Win=65024 Len=1448 TSval=2916039906 TSecr=3045559674 [TCP segment of a reassembled PDU]"
"51695","35.826238038","192.168.1.55","192.168.1.2","TCP","1514","8004  >  36554 [ACK] Seq=252142 Ack=141 Win=65024 Len=1448 TSval=2916039906 TSecr=3045559674 [TCP segment of a reassembled PDU]"
"51696","35.826239168","192.168.1.55","192.168.1.2","TCP","1514","8004  >  36554 [ACK] Seq=253590 Ack=141 Win=65024 Len=1448 TSval=2916039906 TSecr=3045559674 [TCP segment of a reassembled PDU]"
"51697","35.826240205","192.168.1.55","192.168.1.2","TCP","1514","8004  >  36554 [ACK] Seq=255038 Ack=141 Win=65024 Len=1448 TSval=2916039906 TSecr=3045559674 [TCP segment of a reassembled PDU]"
"51698","35.826241279","192.168.1.55","192.168.1.2","TCP","1514","8004  >  36554 [ACK] Seq=256486 Ack=141 Win=65024 Len=1448 TSval=2916039906 TSecr=3045559674 [TCP segment of a reassembled PDU]"
"51699","35.826242242","192.168.1.55","192.168.1.2","TCP","1514","8004  >  36554 [ACK] Seq=257934 Ack=141 Win=65024 Len=1448 TSval=2916039906 TSecr=3045559674 [TCP segment of a reassembled PDU]"
"51700","35.826243297","192.168.1.55","192.168.1.2","TCP","1514","8004  >  36554 [ACK] Seq=259382 Ack=141 Win=65024 Len=1448 TSval=2916039906 TSecr=3045559674 [TCP segment of a reassembled PDU]"
"51701","35.826244427","192.168.1.55","192.168.1.2","TCP","1514","8004  >  36554 [ACK] Seq=260830 Ack=141 Win=65024 Len=1448 TSval=2916039906 TSecr=3045559674 [TCP segment of a reassembled PDU]"
"51702","35.826245464","192.168.1.55","192.168.1.2","TCP","1514","8004  >  36554 [ACK] Seq=262278 Ack=141 Win=65024 Len=1448 TSval=2916039906 TSecr=3045559674 [TCP segment of a reassembled PDU]"
"51703","35.826246557","192.168.1.55","192.168.1.2","TCP","1514","8004  >  36554 [ACK] Seq=263726 Ack=141 Win=65024 Len=1448 TSval=2916039906 TSecr=3045559674 [TCP segment of a reassembled PDU]"
"51704","35.826247631","192.168.1.55","192.168.1.2","TCP","1514","8004  >  36554 [ACK] Seq=265174 Ack=141 Win=65024 Len=1448 TSval=2916039906 TSecr=3045559674 [TCP segment of a reassembled PDU]"
"51705","35.826249205","192.168.1.55","192.168.1.2","TCP","1514","8004  >  36554 [ACK] Seq=266622 Ack=141 Win=65024 Len=1448 TSval=2916039906 TSecr=3045559674 [TCP segment of a reassembled PDU]"
"51706","35.826250149","192.168.1.55","192.168.1.2","TCP","1514","8004  >  36554 [ACK] Seq=268070 Ack=141 Win=65024 Len=1448 TSval=2916039906 TSecr=3045559674 [TCP segment of a reassembled PDU]"
"51707","35.826251168","192.168.1.55","192.168.1.2","TCP","1514","8004  >  36554 [ACK] Seq=269518 Ack=141 Win=65024 Len=1448 TSval=2916039906 TSecr=3045559674 [TCP segment of a reassembled PDU]"
"51708","35.826252168","192.168.1.55","192.168.1.2","TCP","1514","8004  >  36554 [ACK] Seq=270966 Ack=141 Win=65024 Len=1448 TSval=2916039906 TSecr=3045559674 [TCP segment of a reassembled PDU]"
"51709","35.826253149","192.168.1.55","192.168.1.2","TCP","1514","8004  >  36554 [ACK] Seq=272414 Ack=141 Win=65024 Len=1448 TSval=2916039906 TSecr=3045559674 [TCP segment of a reassembled PDU]"
"51710","35.826254371","192.168.1.55","192.168.1.2","TCP","402","[TCP Window Full] 8004  >  36554 [PSH, ACK] Seq=273862 Ack=141 Win=65024 Len=336 TSval=2916039906 TSecr=3045559674 [TCP segment of a reassembled PDU]"
"51711","35.826258334","192.168.1.2","192.168.1.55","TCP","66","36554  >  8004 [ACK] Seq=141 Ack=188430 Win=90112 Len=0 TSval=3045559677 TSecr=2916039897"
"51712","35.826706872","192.168.1.55","192.168.1.2","TCP","1514","8004  >  36554 [ACK] Seq=274198 Ack=141 Win=65024 Len=1448 TSval=2916039907 TSecr=3045559677 [TCP segment of a reassembled PDU]"
"51713","35.826712317","192.168.1.55","192.168.1.2","TCP","1514","8004  >  36554 [ACK] Seq=275646 Ack=141 Win=65024 Len=1448 TSval=2916039907 TSecr=3045559677 [TCP segment of a reassembled PDU]"
"51714","35.826713502","192.168.1.55","192.168.1.2","TCP","1514","[TCP Window Full] 8004  >  36554 [PSH, ACK] Seq=277094 Ack=141 Win=65024 Len=1448 TSval=2916039907 TSecr=3045559677 [TCP segment of a reassembled PDU]"
"51715","35.831329231","192.168.1.2","192.168.1.55","TCP","66","36554  >  8004 [ACK] Seq=141 Ack=189878 Win=93184 Len=0 TSval=3045559679 TSecr=2916039902"
"51716","35.831348491","192.168.1.55","192.168.1.2","TCP","1514","8004  >  36554 [ACK] Seq=278542 Ack=141 Win=65024 Len=1448 TSval=2916039912 TSecr=3045559679 [TCP segment of a reassembled PDU]"
"51717","35.831354343","192.168.1.55","192.168.1.2","TCP","1178","8004  >  36554 [ACK] Seq=279990 Ack=141 Win=65024 Len=1112 TSval=2916039912 TSecr=3045559679 [TCP segment of a reassembled PDU]"
"51718","35.831529991","192.168.1.2","192.168.1.55","TCP","66","36554  >  8004 [ACK] Seq=141 Ack=197118 Win=93184 Len=0 TSval=3045559682 TSecr=2916039902"
"51719","35.831537861","192.168.1.2","192.168.1.55","TCP","66","36554  >  8004 [ACK] Seq=141 Ack=198566 Win=95232 Len=0 TSval=3045559684 TSecr=2916039905"
"51720","35.831541435","192.168.1.2","192.168.1.55","TCP","66","36554  >  8004 [ACK] Seq=141 Ack=204358 Win=95232 Len=0 TSval=3045559684 TSecr=2916039905"
"51721","35.836121684","192.168.1.2","192.168.1.55","TCP","66","36554  >  8004 [ACK] Seq=141 Ack=231870 Win=70656 Len=0 TSval=3045559689 TSecr=2916039905"
"51722","35.836147258","192.168.1.55","192.168.1.2","TCP","1514","8004  >  36554 [ACK] Seq=281102 Ack=141 Win=65024 Len=1448 TSval=2916039916 TSecr=3045559689 [TCP segment of a reassembled PDU]"
"51723","35.836150017","192.168.1.55","192.168.1.2","TCP","1514","8004  >  36554 [ACK] Seq=282550 Ack=141 Win=65024 Len=1448 TSval=2916039916 TSecr=3045559689 [TCP segment of a reassembled PDU]"
"51724","35.836150943","192.168.1.55","192.168.1.2","TCP","1514","8004  >  36554 [ACK] Seq=283998 Ack=141 Win=65024 Len=1448 TSval=2916039916 TSecr=3045559689 [TCP segment of a reassembled PDU]"
"51725","35.836152128","192.168.1.55","192.168.1.2","TCP","1514","8004  >  36554 [ACK] Seq=285446 Ack=141 Win=65024 Len=1448 TSval=2916039916 TSecr=3045559689 [TCP segment of a reassembled PDU]"
"51726","35.836153147","192.168.1.55","192.168.1.2","TCP","1514","8004  >  36554 [ACK] Seq=286894 Ack=141 Win=65024 Len=1448 TSval=2916039916 TSecr=3045559689 [TCP segment of a reassembled PDU]"
"51727","35.836154221","192.168.1.55","192.168.1.2","TCP","1514","8004  >  36554 [ACK] Seq=288342 Ack=141 Win=65024 Len=1448 TSval=2916039916 TSecr=3045559689 [TCP segment of a reassembled PDU]"
"51728","35.836155110","192.168.1.55","192.168.1.2","TCP","1514","8004  >  36554 [ACK] Seq=289790 Ack=141 Win=65024 Len=1448 TSval=2916039916 TSecr=3045559689 [TCP segment of a reassembled PDU]"
"51729","35.836156017","192.168.1.55","192.168.1.2","TCP","1514","8004  >  36554 [ACK] Seq=291238 Ack=141 Win=65024 Len=1448 TSval=2916039916 TSecr=3045559689 [TCP segment of a reassembled PDU]"
"51730","35.836157443","192.168.1.55","192.168.1.2","TCP","1514","8004  >  36554 [ACK] Seq=292686 Ack=141 Win=65024 Len=1448 TSval=2916039916 TSecr=3045559689 [TCP segment of a reassembled PDU]"
"51731","35.836158461","192.168.1.55","192.168.1.2","TCP","1514","8004  >  36554 [ACK] Seq=294134 Ack=141 Win=65024 Len=1448 TSval=2916039916 TSecr=3045559689 [TCP segment of a reassembled PDU]"
"51732","35.836159443","192.168.1.55","192.168.1.2","TCP","1514","8004  >  36554 [ACK] Seq=295582 Ack=141 Win=65024 Len=1448 TSval=2916039916 TSecr=3045559689 [TCP segment of a reassembled PDU]"
"51733","35.836160350","192.168.1.55","192.168.1.2","TCP","1514","8004  >  36554 [ACK] Seq=297030 Ack=141 Win=65024 Len=1448 TSval=2916039916 TSecr=3045559689 [TCP segment of a reassembled PDU]"
"51734","35.836161239","192.168.1.55","192.168.1.2","TCP","1514","8004  >  36554 [ACK] Seq=298478 Ack=141 Win=65024 Len=1448 TSval=2916039916 TSecr=3045559689 [TCP segment of a reassembled PDU]"
"51735","35.836162276","192.168.1.55","192.168.1.2","TCP","1514","8004  >  36554 [PSH, ACK] Seq=299926 Ack=141 Win=65024 Len=1448 TSval=2916039916 TSecr=3045559689 [TCP segment of a reassembled PDU]"
"51736","35.837773260","192.168.1.2","192.168.1.55","TCP","66","36554  >  8004 [ACK] Seq=141 Ack=239110 Win=91136 Len=0 TSval=3045559689 TSecr=2916039905"
"51737","35.837791908","192.168.1.55","192.168.1.2","TCP","1514","8004  >  36554 [ACK] Seq=301374 Ack=141 Win=65024 Len=1448 TSval=2916039918 TSecr=3045559689 [TCP segment of a reassembled PDU]"
"51738","35.837793686","192.168.1.55","192.168.1.2","TCP","1514","8004  >  36554 [ACK] Seq=302822 Ack=141 Win=65024 Len=1448 TSval=2916039918 TSecr=3045559689 [TCP segment of a reassembled PDU]"
"51739","35.837794594","192.168.1.55","192.168.1.2","TCP","1514","8004  >  36554 [ACK] Seq=304270 Ack=141 Win=65024 Len=1448 TSval=2916039918 TSecr=3045559689 [TCP segment of a reassembled PDU]"
"51740","35.837795557","192.168.1.55","192.168.1.2","TCP","1514","8004  >  36554 [ACK] Seq=305718 Ack=141 Win=65024 Len=1448 TSval=2916039918 TSecr=3045559689 [TCP segment of a reassembled PDU]"
"51741","35.837796668","192.168.1.55","192.168.1.2","TCP","1514","8004  >  36554 [ACK] Seq=307166 Ack=141 Win=65024 Len=1448 TSval=2916039918 TSecr=3045559689 [TCP segment of a reassembled PDU]"
"51742","35.837797649","192.168.1.55","192.168.1.2","TCP","1514","8004  >  36554 [ACK] Seq=308614 Ack=141 Win=65024 Len=1448 TSval=2916039918 TSecr=3045559689 [TCP segment of a reassembled PDU]"
"51743","35.837798983","192.168.1.55","192.168.1.2","TCP","1514","8004  >  36554 [ACK] Seq=310062 Ack=141 Win=65024 Len=1448 TSval=2916039918 TSecr=3045559689 [TCP segment of a reassembled PDU]"
"51744","35.837799983","192.168.1.55","192.168.1.2","TCP","1514","8004  >  36554 [ACK] Seq=311510 Ack=141 Win=65024 Len=1448 TSval=2916039918 TSecr=3045559689 [TCP segment of a reassembled PDU]"
"51745","35.837800890","192.168.1.55","192.168.1.2","TCP","1514","8004  >  36554 [ACK] Seq=312958 Ack=141 Win=65024 Len=1448 TSval=2916039918 TSecr=3045559689 [TCP segment of a reassembled PDU]"
"51746","35.837802020","192.168.1.55","192.168.1.2","TCP","1514","8004  >  36554 [ACK] Seq=314406 Ack=141 Win=65024 Len=1448 TSval=2916039918 TSecr=3045559689 [TCP segment of a reassembled PDU]"
"51747","35.837802909","192.168.1.55","192.168.1.2","TCP","1514","8004  >  36554 [ACK] Seq=315854 Ack=141 Win=65024 Len=1448 TSval=2916039918 TSecr=3045559689 [TCP segment of a reassembled PDU]"
"51748","35.837803797","192.168.1.55","192.168.1.2","TCP","1514","8004  >  36554 [ACK] Seq=317302 Ack=141 Win=65024 Len=1448 TSval=2916039918 TSecr=3045559689 [TCP segment of a reassembled PDU]"
"51749","35.837804816","192.168.1.55","192.168.1.2","TCP","1514","8004  >  36554 [ACK] Seq=318750 Ack=141 Win=65024 Len=1448 TSval=2916039918 TSecr=3045559689 [TCP segment of a reassembled PDU]"
"51750","35.837805723","192.168.1.55","192.168.1.2","TCP","1514","8004  >  36554 [ACK] Seq=320198 Ack=141 Win=65024 Len=1448 TSval=2916039918 TSecr=3045559689 [TCP segment of a reassembled PDU]"
"51751","35.837806668","192.168.1.55","192.168.1.2","TCP","1514","8004  >  36554 [PSH, ACK] Seq=321646 Ack=141 Win=65024 Len=1448 TSval=2916039918 TSecr=3045559689 [TCP segment of a reassembled PDU]"
"51752","35.838410761","192.168.1.2","192.168.1.55","TCP","66","36554  >  8004 [ACK] Seq=141 Ack=278542 Win=60416 Len=0 TSval=3045559689 TSecr=2916039906"
"51753","35.838440261","192.168.1.2","192.168.1.55","TCP","66","36554  >  8004 [ACK] Seq=141 Ack=281102 Win=95232 Len=0 TSval=3045559691 TSecr=2916039912"
"51754","35.838475650","192.168.1.55","192.168.1.2","TCP","1514","8004  >  36554 [ACK] Seq=323094 Ack=141 Win=65024 Len=1448 TSval=2916039919 TSecr=3045559691 [TCP segment of a reassembled PDU]"
"51755","35.838477354","192.168.1.55","192.168.1.2","TCP","1514","8004  >  36554 [ACK] Seq=324542 Ack=141 Win=65024 Len=1448 TSval=2916039919 TSecr=3045559691 [TCP segment of a reassembled PDU]"
"51756","35.838478280","192.168.1.55","192.168.1.2","TCP","1514","8004  >  36554 [ACK] Seq=325990 Ack=141 Win=65024 Len=1448 TSval=2916039919 TSecr=3045559691 [TCP segment of a reassembled PDU]"
"51757","35.838479206","192.168.1.55","192.168.1.2","TCP","1514","8004  >  36554 [ACK] Seq=327438 Ack=141 Win=65024 Len=1448 TSval=2916039919 TSecr=3045559691 [TCP segment of a reassembled PDU]"
"51758","35.838480169","192.168.1.55","192.168.1.2","TCP","1514","8004  >  36554 [ACK] Seq=328886 Ack=141 Win=65024 Len=1448 TSval=2916039919 TSecr=3045559691 [TCP segment of a reassembled PDU]"
"51759","35.838481076","192.168.1.55","192.168.1.2","TCP","1514","8004  >  36554 [ACK] Seq=330334 Ack=141 Win=65024 Len=1448 TSval=2916039919 TSecr=3045559691 [TCP segment of a reassembled PDU]"
"51760","35.838481984","192.168.1.55","192.168.1.2","TCP","1514","8004  >  36554 [ACK] Seq=331782 Ack=141 Win=65024 Len=1448 TSval=2916039919 TSecr=3045559691 [TCP segment of a reassembled PDU]"
"51761","35.838483354","192.168.1.55","192.168.1.2","TCP","1514","8004  >  36554 [ACK] Seq=333230 Ack=141 Win=65024 Len=1448 TSval=2916039919 TSecr=3045559691 [TCP segment of a reassembled PDU]"
"51762","35.838484336","192.168.1.55","192.168.1.2","TCP","1514","8004  >  36554 [ACK] Seq=334678 Ack=141 Win=65024 Len=1448 TSval=2916039919 TSecr=3045559691 [TCP segment of a reassembled PDU]"
"51763","35.838485298","192.168.1.55","192.168.1.2","TCP","1514","8004  >  36554 [ACK] Seq=336126 Ack=141 Win=65024 Len=1448 TSval=2916039919 TSecr=3045559691 [TCP segment of a reassembled PDU]"
"51764","35.838486187","192.168.1.55","192.168.1.2","TCP","1514","8004  >  36554 [ACK] Seq=337574 Ack=141 Win=65024 Len=1448 TSval=2916039919 TSecr=3045559691 [TCP segment of a reassembled PDU]"
"51765","35.838487206","192.168.1.55","192.168.1.2","TCP","1514","8004  >  36554 [ACK] Seq=339022 Ack=141 Win=65024 Len=1448 TSval=2916039919 TSecr=3045559691 [TCP segment of a reassembled PDU]"
"51766","35.838488261","192.168.1.55","192.168.1.2","TCP","1514","8004  >  36554 [ACK] Seq=340470 Ack=141 Win=65024 Len=1448 TSval=2916039919 TSecr=3045559691 [TCP segment of a reassembled PDU]"
"51767","35.838489373","192.168.1.55","192.168.1.2","TCP","1514","8004  >  36554 [ACK] Seq=341918 Ack=141 Win=65024 Len=1448 TSval=2916039919 TSecr=3045559691 [TCP segment of a reassembled PDU]"
"51768","35.838490336","192.168.1.55","192.168.1.2","TCP","1514","8004  >  36554 [ACK] Seq=343366 Ack=141 Win=65024 Len=1448 TSval=2916039919 TSecr=3045559691 [TCP segment of a reassembled PDU]"
"51769","35.838491354","192.168.1.55","192.168.1.2","TCP","1514","8004  >  36554 [ACK] Seq=344814 Ack=141 Win=65024 Len=1448 TSval=2916039919 TSecr=3045559691 [TCP segment of a reassembled PDU]"
"51770","35.838492298","192.168.1.55","192.168.1.2","TCP","1514","8004  >  36554 [ACK] Seq=346262 Ack=141 Win=65024 Len=1448 TSval=2916039919 TSecr=3045559691 [TCP segment of a reassembled PDU]"
"51771","35.838493280","192.168.1.55","192.168.1.2","TCP","1514","8004  >  36554 [ACK] Seq=347710 Ack=141 Win=65024 Len=1448 TSval=2916039919 TSecr=3045559691 [TCP segment of a reassembled PDU]"
"51772","35.838494373","192.168.1.55","192.168.1.2","TCP","1514","8004  >  36554 [ACK] Seq=349158 Ack=141 Win=65024 Len=1448 TSval=2916039919 TSecr=3045559691 [TCP segment of a reassembled PDU]"
"51773","35.838495558","192.168.1.55","192.168.1.2","TCP","1514","8004  >  36554 [ACK] Seq=350606 Ack=141 Win=65024 Len=1448 TSval=2916039919 TSecr=3045559691 [TCP segment of a reassembled PDU]"
"51774","35.838496447","192.168.1.55","192.168.1.2","TCP","1514","8004  >  36554 [ACK] Seq=352054 Ack=141 Win=65024 Len=1448 TSval=2916039919 TSecr=3045559691 [TCP segment of a reassembled PDU]"
"51775","35.838497836","192.168.1.55","192.168.1.2","TCP","1514","8004  >  36554 [ACK] Seq=353502 Ack=141 Win=65024 Len=1448 TSval=2916039919 TSecr=3045559691 [TCP segment of a reassembled PDU]"
"51776","35.838498836","192.168.1.55","192.168.1.2","TCP","1514","8004  >  36554 [ACK] Seq=354950 Ack=141 Win=65024 Len=1448 TSval=2916039919 TSecr=3045559691 [TCP segment of a reassembled PDU]"
"51777","35.838499873","192.168.1.55","192.168.1.2","TCP","1514","8004  >  36554 [ACK] Seq=356398 Ack=141 Win=65024 Len=1448 TSval=2916039919 TSecr=3045559691 [TCP segment of a reassembled PDU]"
"51778","35.838500761","192.168.1.55","192.168.1.2","TCP","1514","8004  >  36554 [ACK] Seq=357846 Ack=141 Win=65024 Len=1448 TSval=2916039919 TSecr=3045559691 [TCP segment of a reassembled PDU]"
"51779","35.838501799","192.168.1.55","192.168.1.2","TCP","1514","8004  >  36554 [ACK] Seq=359294 Ack=141 Win=65024 Len=1448 TSval=2916039919 TSecr=3045559691 [TCP segment of a reassembled PDU]"
"51780","35.838502873","192.168.1.55","192.168.1.2","TCP","1514","8004  >  36554 [ACK] Seq=360742 Ack=141 Win=65024 Len=1448 TSval=2916039919 TSecr=3045559691 [TCP segment of a reassembled PDU]"
"51781","35.838503910","192.168.1.55","192.168.1.2","TCP","1514","8004  >  36554 [ACK] Seq=362190 Ack=141 Win=65024 Len=1448 TSval=2916039919 TSecr=3045559691 [TCP segment of a reassembled PDU]"
"51782","35.838504928","192.168.1.55","192.168.1.2","TCP","1514","8004  >  36554 [ACK] Seq=363638 Ack=141 Win=65024 Len=1448 TSval=2916039919 TSecr=3045559691 [TCP segment of a reassembled PDU]"
"51783","35.838506132","192.168.1.55","192.168.1.2","TCP","1514","8004  >  36554 [ACK] Seq=365086 Ack=141 Win=65024 Len=1448 TSval=2916039919 TSecr=3045559691 [TCP segment of a reassembled PDU]"
"51784","35.838507132","192.168.1.55","192.168.1.2","TCP","1514","8004  >  36554 [PSH, ACK] Seq=366534 Ack=141 Win=65024 Len=1448 TSval=2916039919 TSecr=3045559691 [TCP segment of a reassembled PDU]"
"51785","35.839650578","192.168.1.55","192.168.1.2","TCP","1514","8004  >  36554 [ACK] Seq=367982 Ack=141 Win=65024 Len=1448 TSval=2916039920 TSecr=3045559691 [TCP segment of a reassembled PDU]"
"51786","35.839656430","192.168.1.55","192.168.1.2","TCP","1514","8004  >  36554 [ACK] Seq=369430 Ack=141 Win=65024 Len=1448 TSval=2916039920 TSecr=3045559691 [TCP segment of a reassembled PDU]"
"51787","35.839657374","192.168.1.55","192.168.1.2","TCP","1514","8004  >  36554 [ACK] Seq=370878 Ack=141 Win=65024 Len=1448 TSval=2916039920 TSecr=3045559691 [TCP segment of a reassembled PDU]"
"51788","35.839658300","192.168.1.55","192.168.1.2","TCP","1514","8004  >  36554 [ACK] Seq=372326 Ack=141 Win=65024 Len=1448 TSval=2916039920 TSecr=3045559691 [TCP segment of a reassembled PDU]"
"51789","35.839659634","192.168.1.55","192.168.1.2","TCP","1514","8004  >  36554 [ACK] Seq=373774 Ack=141 Win=65024 Len=1448 TSval=2916039920 TSecr=3045559691 [TCP segment of a reassembled PDU]"
"51790","35.839660578","192.168.1.55","192.168.1.2","TCP","1178","[TCP Window Full] 8004  >  36554 [PSH, ACK] Seq=375222 Ack=141 Win=65024 Len=1112 TSval=2916039920 TSecr=3045559691 [TCP segment of a reassembled PDU]"
"51791","35.848658537","192.168.1.2","192.168.1.55","TCP","66","36554  >  8004 [ACK] Seq=141 Ack=292686 Win=87040 Len=0 TSval=3045559702 TSecr=2916039916"
"51792","35.848775222","192.168.1.55","192.168.1.2","TCP","1514","8004  >  36554 [ACK] Seq=376334 Ack=141 Win=65024 Len=1448 TSval=2916039929 TSecr=3045559702 [TCP segment of a reassembled PDU]"
"51793","35.848784556","192.168.1.55","192.168.1.2","TCP","1514","8004  >  36554 [PSH, ACK] Seq=377782 Ack=141 Win=65024 Len=1448 TSval=2916039929 TSecr=3045559702 [TCP segment of a reassembled PDU]"
"51794","35.849141723","192.168.1.2","192.168.1.55","TCP","66","36554  >  8004 [ACK] Seq=141 Ack=301374 Win=90112 Len=0 TSval=3045559704 TSecr=2916039916"
"51795","35.849341797","192.168.1.2","192.168.1.55","TCP","66","36554  >  8004 [ACK] Seq=141 Ack=323094 Win=68608 Len=0 TSval=3045559704 TSecr=2916039918"
"51796","35.849354927","192.168.1.2","192.168.1.55","TCP","66","36554  >  8004 [ACK] Seq=141 Ack=344814 Win=48128 Len=0 TSval=3045559704 TSecr=2916039919"
"51797","35.849361149","192.168.1.2","192.168.1.55","TCP","66","36554  >  8004 [ACK] Seq=141 Ack=350606 Win=93184 Len=0 TSval=3045559704 TSecr=2916039919"
"51798","35.849416631","192.168.1.55","192.168.1.2","TCP","1514","8004  >  36554 [ACK] Seq=379230 Ack=141 Win=65024 Len=1448 TSval=2916039930 TSecr=3045559704 [TCP segment of a reassembled PDU]"
"51799","35.849421779","192.168.1.55","192.168.1.2","TCP","1514","8004  >  36554 [ACK] Seq=380678 Ack=141 Win=65024 Len=1448 TSval=2916039930 TSecr=3045559704 [TCP segment of a reassembled PDU]"
"51800","35.849422835","192.168.1.55","192.168.1.2","TCP","1514","8004  >  36554 [ACK] Seq=382126 Ack=141 Win=65024 Len=1448 TSval=2916039930 TSecr=3045559704 [TCP segment of a reassembled PDU]"
"51801","35.849424464","192.168.1.55","192.168.1.2","TCP","1514","8004  >  36554 [ACK] Seq=383574 Ack=141 Win=65024 Len=1448 TSval=2916039930 TSecr=3045559704 [TCP segment of a reassembled PDU]"
"51802","35.849426057","192.168.1.55","192.168.1.2","TCP","1514","8004  >  36554 [ACK] Seq=385022 Ack=141 Win=65024 Len=1448 TSval=2916039930 TSecr=3045559704 [TCP segment of a reassembled PDU]"
"51803","35.849427353","192.168.1.55","192.168.1.2","TCP","1514","8004  >  36554 [ACK] Seq=386470 Ack=141 Win=65024 Len=1448 TSval=2916039930 TSecr=3045559704 [TCP segment of a reassembled PDU]"
"51804","35.849428705","192.168.1.55","192.168.1.2","TCP","1514","8004  >  36554 [ACK] Seq=387918 Ack=141 Win=65024 Len=1448 TSval=2916039930 TSecr=3045559704 [TCP segment of a reassembled PDU]"
"51805","35.849429853","192.168.1.55","192.168.1.2","TCP","1514","8004  >  36554 [ACK] Seq=389366 Ack=141 Win=65024 Len=1448 TSval=2916039930 TSecr=3045559704 [TCP segment of a reassembled PDU]"
"51806","35.849431853","192.168.1.55","192.168.1.2","TCP","1514","8004  >  36554 [ACK] Seq=390814 Ack=141 Win=65024 Len=1448 TSval=2916039930 TSecr=3045559704 [TCP segment of a reassembled PDU]"
"51807","35.849433483","192.168.1.55","192.168.1.2","TCP","1514","8004  >  36554 [ACK] Seq=392262 Ack=141 Win=65024 Len=1448 TSval=2916039930 TSecr=3045559704 [TCP segment of a reassembled PDU]"
"51808","35.849434816","192.168.1.55","192.168.1.2","TCP","1514","8004  >  36554 [ACK] Seq=393710 Ack=141 Win=65024 Len=1448 TSval=2916039930 TSecr=3045559704 [TCP segment of a reassembled PDU]"
"51809","35.849437261","192.168.1.55","192.168.1.2","TCP","1514","8004  >  36554 [ACK] Seq=395158 Ack=141 Win=65024 Len=1448 TSval=2916039930 TSecr=3045559704 [TCP segment of a reassembled PDU]"
"51810","35.849438575","192.168.1.55","192.168.1.2","TCP","1514","8004  >  36554 [ACK] Seq=396606 Ack=141 Win=65024 Len=1448 TSval=2916039930 TSecr=3045559704 [TCP segment of a reassembled PDU]"
"51811","35.849440353","192.168.1.55","192.168.1.2","TCP","1514","8004  >  36554 [ACK] Seq=398054 Ack=141 Win=65024 Len=1448 TSval=2916039930 TSecr=3045559704 [TCP segment of a reassembled PDU]"
"51812","35.849441853","192.168.1.55","192.168.1.2","TCP","1514","8004  >  36554 [ACK] Seq=399502 Ack=141 Win=65024 Len=1448 TSval=2916039930 TSecr=3045559704 [TCP segment of a reassembled PDU]"
"51813","35.849443112","192.168.1.55","192.168.1.2","TCP","1514","8004  >  36554 [ACK] Seq=400950 Ack=141 Win=65024 Len=1448 TSval=2916039930 TSecr=3045559704 [TCP segment of a reassembled PDU]"
"51814","35.849444538","192.168.1.55","192.168.1.2","TCP","1514","8004  >  36554 [ACK] Seq=402398 Ack=141 Win=65024 Len=1448 TSval=2916039930 TSecr=3045559704 [TCP segment of a reassembled PDU]"
"51815","35.849446983","192.168.1.55","192.168.1.2","TCP","1514","8004  >  36554 [ACK] Seq=403846 Ack=141 Win=65024 Len=1448 TSval=2916039930 TSecr=3045559704 [TCP segment of a reassembled PDU]"
"51816","35.849449001","192.168.1.55","192.168.1.2","TCP","1514","8004  >  36554 [ACK] Seq=405294 Ack=141 Win=65024 Len=1448 TSval=2916039930 TSecr=3045559704 [TCP segment of a reassembled PDU]"
"51817","35.849450575","192.168.1.55","192.168.1.2","TCP","1514","8004  >  36554 [ACK] Seq=406742 Ack=141 Win=65024 Len=1448 TSval=2916039930 TSecr=3045559704 [TCP segment of a reassembled PDU]"
"51818","35.849451649","192.168.1.55","192.168.1.2","TCP","1514","8004  >  36554 [ACK] Seq=408190 Ack=141 Win=65024 Len=1448 TSval=2916039930 TSecr=3045559704 [TCP segment of a reassembled PDU]"
"51819","35.849453890","192.168.1.55","192.168.1.2","TCP","1514","8004  >  36554 [ACK] Seq=409638 Ack=141 Win=65024 Len=1448 TSval=2916039930 TSecr=3045559704 [TCP segment of a reassembled PDU]"
"51820","35.849455168","192.168.1.55","192.168.1.2","TCP","1514","8004  >  36554 [PSH, ACK] Seq=411086 Ack=141 Win=65024 Len=1448 TSval=2916039930 TSecr=3045559704 [TCP segment of a reassembled PDU]"
"51821","35.849463242","192.168.1.2","192.168.1.55","TCP","66","36554  >  8004 [ACK] Seq=141 Ack=376334 Win=73728 Len=0 TSval=3045559704 TSecr=2916039919"
"51822","35.850376299","192.168.1.55","192.168.1.2","TCP","402","8004  >  36554 [ACK] Seq=412534 Ack=141 Win=65024 Len=336 TSval=2916039931 TSecr=3045559704 [TCP segment of a reassembled PDU]"
"51823","35.850420225","192.168.1.55","192.168.1.2","TCP","1514","8004  >  36554 [ACK] Seq=412870 Ack=141 Win=65024 Len=1448 TSval=2916039931 TSecr=3045559704 [TCP segment of a reassembled PDU]"
"51824","35.850422058","192.168.1.55","192.168.1.2","TCP","1514","8004  >  36554 [ACK] Seq=414318 Ack=141 Win=65024 Len=1448 TSval=2916039931 TSecr=3045559704 [TCP segment of a reassembled PDU]"
"51825","35.850423077","192.168.1.55","192.168.1.2","TCP","1514","8004  >  36554 [ACK] Seq=415766 Ack=141 Win=65024 Len=1448 TSval=2916039931 TSecr=3045559704 [TCP segment of a reassembled PDU]"
"51826","35.850425095","192.168.1.55","192.168.1.2","TCP","1514","8004  >  36554 [ACK] Seq=417214 Ack=141 Win=65024 Len=1448 TSval=2916039931 TSecr=3045559704 [TCP segment of a reassembled PDU]"
"51827","35.850426373","192.168.1.55","192.168.1.2","TCP","1514","8004  >  36554 [ACK] Seq=418662 Ack=141 Win=65024 Len=1448 TSval=2916039931 TSecr=3045559704 [TCP segment of a reassembled PDU]"
"51828","35.850427947","192.168.1.55","192.168.1.2","TCP","1514","8004  >  36554 [ACK] Seq=420110 Ack=141 Win=65024 Len=1448 TSval=2916039931 TSecr=3045559704 [TCP segment of a reassembled PDU]"
"51829","35.850429633","192.168.1.55","192.168.1.2","TCP","1514","8004  >  36554 [ACK] Seq=421558 Ack=141 Win=65024 Len=1448 TSval=2916039931 TSecr=3045559704 [TCP segment of a reassembled PDU]"
"51830","35.850430966","192.168.1.55","192.168.1.2","TCP","1514","8004  >  36554 [ACK] Seq=423006 Ack=141 Win=65024 Len=1448 TSval=2916039931 TSecr=3045559704 [TCP segment of a reassembled PDU]"
"51831","35.850432318","192.168.1.55","192.168.1.2","TCP","1514","8004  >  36554 [ACK] Seq=424454 Ack=141 Win=65024 Len=1448 TSval=2916039931 TSecr=3045559704 [TCP segment of a reassembled PDU]"
"51832","35.850434466","192.168.1.55","192.168.1.2","TCP","1514","8004  >  36554 [ACK] Seq=425902 Ack=141 Win=65024 Len=1448 TSval=2916039931 TSecr=3045559704 [TCP segment of a reassembled PDU]"
"51833","35.850435873","192.168.1.55","192.168.1.2","TCP","1514","8004  >  36554 [ACK] Seq=427350 Ack=141 Win=65024 Len=1448 TSval=2916039931 TSecr=3045559704 [TCP segment of a reassembled PDU]"
"51834","35.850437207","192.168.1.55","192.168.1.2","TCP","1514","8004  >  36554 [ACK] Seq=428798 Ack=141 Win=65024 Len=1448 TSval=2916039931 TSecr=3045559704 [TCP segment of a reassembled PDU]"
"51835","35.850438336","192.168.1.55","192.168.1.2","TCP","1514","8004  >  36554 [ACK] Seq=430246 Ack=141 Win=65024 Len=1448 TSval=2916039931 TSecr=3045559704 [TCP segment of a reassembled PDU]"
"51836","35.850439633","192.168.1.55","192.168.1.2","TCP","1514","8004  >  36554 [ACK] Seq=431694 Ack=141 Win=65024 Len=1448 TSval=2916039931 TSecr=3045559704 [TCP segment of a reassembled PDU]"
"51837","35.850440910","192.168.1.55","192.168.1.2","TCP","1514","8004  >  36554 [ACK] Seq=433142 Ack=141 Win=65024 Len=1448 TSval=2916039931 TSecr=3045559704 [TCP segment of a reassembled PDU]"
"51838","35.850441984","192.168.1.55","192.168.1.2","TCP","1514","8004  >  36554 [ACK] Seq=434590 Ack=141 Win=65024 Len=1448 TSval=2916039931 TSecr=3045559704 [TCP segment of a reassembled PDU]"
"51839","35.850443744","192.168.1.55","192.168.1.2","TCP","1514","8004  >  36554 [ACK] Seq=436038 Ack=141 Win=65024 Len=1448 TSval=2916039931 TSecr=3045559704 [TCP segment of a reassembled PDU]"
"51840","35.850444966","192.168.1.55","192.168.1.2","TCP","1514","8004  >  36554 [ACK] Seq=437486 Ack=141 Win=65024 Len=1448 TSval=2916039931 TSecr=3045559704 [TCP segment of a reassembled PDU]"
"51841","35.850446410","192.168.1.55","192.168.1.2","TCP","1514","8004  >  36554 [ACK] Seq=438934 Ack=141 Win=65024 Len=1448 TSval=2916039931 TSecr=3045559704 [TCP segment of a reassembled PDU]"
"51842","35.850448262","192.168.1.55","192.168.1.2","TCP","1514","8004  >  36554 [ACK] Seq=440382 Ack=141 Win=65024 Len=1448 TSval=2916039931 TSecr=3045559704 [TCP segment of a reassembled PDU]"
"51843","35.850449466","192.168.1.55","192.168.1.2","TCP","1514","8004  >  36554 [ACK] Seq=441830 Ack=141 Win=65024 Len=1448 TSval=2916039931 TSecr=3045559704 [TCP segment of a reassembled PDU]"
"51844","35.850450762","192.168.1.55","192.168.1.2","TCP","1514","8004  >  36554 [ACK] Seq=443278 Ack=141 Win=65024 Len=1448 TSval=2916039931 TSecr=3045559704 [TCP segment of a reassembled PDU]"
"51845","35.850452355","192.168.1.55","192.168.1.2","TCP","1514","8004  >  36554 [ACK] Seq=444726 Ack=141 Win=65024 Len=1448 TSval=2916039931 TSecr=3045559704 [TCP segment of a reassembled PDU]"
"51846","35.850454521","192.168.1.55","192.168.1.2","TCP","1514","8004  >  36554 [ACK] Seq=446174 Ack=141 Win=65024 Len=1448 TSval=2916039931 TSecr=3045559704 [TCP segment of a reassembled PDU]"
"51847","35.850456281","192.168.1.55","192.168.1.2","TCP","1514","8004  >  36554 [PSH, ACK] Seq=447622 Ack=141 Win=65024 Len=1448 TSval=2916039931 TSecr=3045559704 [TCP segment of a reassembled PDU]"
"51848","35.858332053","192.168.1.2","192.168.1.55","TCP","66","36554  >  8004 [ACK] Seq=141 Ack=379230 Win=93184 Len=0 TSval=3045559710 TSecr=2916039929"
"51849","35.858392997","192.168.1.55","192.168.1.2","TCP","1514","8004  >  36554 [ACK] Seq=449070 Ack=141 Win=65024 Len=1448 TSval=2916039939 TSecr=3045559710 [TCP segment of a reassembled PDU]"
"51850","35.858400090","192.168.1.55","192.168.1.2","TCP","1514","8004  >  36554 [ACK] Seq=450518 Ack=141 Win=65024 Len=1448 TSval=2916039939 TSecr=3045559710 [TCP segment of a reassembled PDU]"
"51851","35.858401497","192.168.1.55","192.168.1.2","TCP","1514","8004  >  36554 [ACK] Seq=451966 Ack=141 Win=65024 Len=1448 TSval=2916039939 TSecr=3045559710 [TCP segment of a reassembled PDU]"
"51852","35.858403812","192.168.1.55","192.168.1.2","TCP","1514","8004  >  36554 [ACK] Seq=453414 Ack=141 Win=65024 Len=1448 TSval=2916039939 TSecr=3045559710 [TCP segment of a reassembled PDU]"
"51853","35.858405479","192.168.1.55","192.168.1.2","TCP","1514","8004  >  36554 [ACK] Seq=454862 Ack=141 Win=65024 Len=1448 TSval=2916039939 TSecr=3045559710 [TCP segment of a reassembled PDU]"
"51854","35.858406664","192.168.1.55","192.168.1.2","TCP","1514","8004  >  36554 [PSH, ACK] Seq=456310 Ack=141 Win=65024 Len=1448 TSval=2916039939 TSecr=3045559710 [TCP segment of a reassembled PDU]"
"51855","35.858811090","192.168.1.2","192.168.1.55","TCP","66","36554  >  8004 [ACK] Seq=141 Ack=389366 Win=115712 Len=0 TSval=3045559710 TSecr=2916039930"
"51856","35.858852776","192.168.1.55","192.168.1.2","TCP","1514","8004  >  36554 [ACK] Seq=457758 Ack=141 Win=65024 Len=1448 TSval=2916039939 TSecr=3045559710 [TCP segment of a reassembled PDU]"
"51857","35.858854905","192.168.1.55","192.168.1.2","TCP","1514","8004  >  36554 [ACK] Seq=459206 Ack=141 Win=65024 Len=1448 TSval=2916039939 TSecr=3045559710 [TCP segment of a reassembled PDU]"
"51858","35.858856202","192.168.1.55","192.168.1.2","TCP","1514","8004  >  36554 [ACK] Seq=460654 Ack=141 Win=65024 Len=1448 TSval=2916039939 TSecr=3045559710 [TCP segment of a reassembled PDU]"
"51859","35.858857498","192.168.1.55","192.168.1.2","TCP","1514","8004  >  36554 [ACK] Seq=462102 Ack=141 Win=65024 Len=1448 TSval=2916039939 TSecr=3045559710 [TCP segment of a reassembled PDU]"
"51860","35.858858757","192.168.1.55","192.168.1.2","TCP","1514","8004  >  36554 [ACK] Seq=463550 Ack=141 Win=65024 Len=1448 TSval=2916039939 TSecr=3045559710 [TCP segment of a reassembled PDU]"
"51861","35.858860090","192.168.1.55","192.168.1.2","TCP","1514","8004  >  36554 [ACK] Seq=464998 Ack=141 Win=65024 Len=1448 TSval=2916039939 TSecr=3045559710 [TCP segment of a reassembled PDU]"
"51862","35.858861424","192.168.1.55","192.168.1.2","TCP","1514","8004  >  36554 [ACK] Seq=466446 Ack=141 Win=65024 Len=1448 TSval=2916039939 TSecr=3045559710 [TCP segment of a reassembled PDU]"
"51863","35.858862665","192.168.1.55","192.168.1.2","TCP","1514","8004  >  36554 [ACK] Seq=467894 Ack=141 Win=65024 Len=1448 TSval=2916039939 TSecr=3045559710 [TCP segment of a reassembled PDU]"
"51864","35.858863868","192.168.1.55","192.168.1.2","TCP","1514","8004  >  36554 [ACK] Seq=469342 Ack=141 Win=65024 Len=1448 TSval=2916039939 TSecr=3045559710 [TCP segment of a reassembled PDU]"
"51865","35.858865053","192.168.1.55","192.168.1.2","TCP","1514","8004  >  36554 [ACK] Seq=470790 Ack=141 Win=65024 Len=1448 TSval=2916039939 TSecr=3045559710 [TCP segment of a reassembled PDU]"
"51866","35.858866368","192.168.1.55","192.168.1.2","TCP","1514","8004  >  36554 [ACK] Seq=472238 Ack=141 Win=65024 Len=1448 TSval=2916039939 TSecr=3045559710 [TCP segment of a reassembled PDU]"
"51867","35.858867665","192.168.1.55","192.168.1.2","TCP","1514","8004  >  36554 [ACK] Seq=473686 Ack=141 Win=65024 Len=1448 TSval=2916039939 TSecr=3045559710 [TCP segment of a reassembled PDU]"
"51868","35.858868979","192.168.1.55","192.168.1.2","TCP","1514","8004  >  36554 [ACK] Seq=475134 Ack=141 Win=65024 Len=1448 TSval=2916039939 TSecr=3045559710 [TCP segment of a reassembled PDU]"
"51869","35.858870257","192.168.1.55","192.168.1.2","TCP","1514","8004  >  36554 [ACK] Seq=476582 Ack=141 Win=65024 Len=1448 TSval=2916039939 TSecr=3045559710 [TCP segment of a reassembled PDU]"
"51870","35.858871461","192.168.1.55","192.168.1.2","TCP","1514","8004  >  36554 [ACK] Seq=478030 Ack=141 Win=65024 Len=1448 TSval=2916039939 TSecr=3045559710 [TCP segment of a reassembled PDU]"
"51871","35.858872776","192.168.1.55","192.168.1.2","TCP","1514","8004  >  36554 [ACK] Seq=479478 Ack=141 Win=65024 Len=1448 TSval=2916039939 TSecr=3045559710 [TCP segment of a reassembled PDU]"
"51872","35.858874331","192.168.1.55","192.168.1.2","TCP","1514","8004  >  36554 [ACK] Seq=480926 Ack=141 Win=65024 Len=1448 TSval=2916039939 TSecr=3045559710 [TCP segment of a reassembled PDU]"
"51873","35.858875757","192.168.1.55","192.168.1.2","TCP","1514","8004  >  36554 [ACK] Seq=482374 Ack=141 Win=65024 Len=1448 TSval=2916039939 TSecr=3045559710 [TCP segment of a reassembled PDU]"
"51874","35.858876979","192.168.1.55","192.168.1.2","TCP","1514","8004  >  36554 [ACK] Seq=483822 Ack=141 Win=65024 Len=1448 TSval=2916039939 TSecr=3045559710 [TCP segment of a reassembled PDU]"
"51875","35.858878239","192.168.1.55","192.168.1.2","TCP","1514","8004  >  36554 [ACK] Seq=485270 Ack=141 Win=65024 Len=1448 TSval=2916039939 TSecr=3045559710 [TCP segment of a reassembled PDU]"
"51876","35.858879591","192.168.1.55","192.168.1.2","TCP","1514","8004  >  36554 [ACK] Seq=486718 Ack=141 Win=65024 Len=1448 TSval=2916039939 TSecr=3045559710 [TCP segment of a reassembled PDU]"
"51877","35.858880924","192.168.1.55","192.168.1.2","TCP","1514","8004  >  36554 [ACK] Seq=488166 Ack=141 Win=65024 Len=1448 TSval=2916039939 TSecr=3045559710 [TCP segment of a reassembled PDU]"
"51878","35.858882313","192.168.1.55","192.168.1.2","TCP","1514","8004  >  36554 [ACK] Seq=489614 Ack=141 Win=65024 Len=1448 TSval=2916039939 TSecr=3045559710 [TCP segment of a reassembled PDU]"
"51879","35.858883961","192.168.1.55","192.168.1.2","TCP","1514","8004  >  36554 [ACK] Seq=491062 Ack=141 Win=65024 Len=1448 TSval=2916039939 TSecr=3045559710 [TCP segment of a reassembled PDU]"
"51880","35.858885313","192.168.1.55","192.168.1.2","TCP","1514","8004  >  36554 [ACK] Seq=492510 Ack=141 Win=65024 Len=1448 TSval=2916039939 TSecr=3045559710 [TCP segment of a reassembled PDU]"
"51881","35.858886739","192.168.1.55","192.168.1.2","TCP","1514","8004  >  36554 [ACK] Seq=493958 Ack=141 Win=65024 Len=1448 TSval=2916039939 TSecr=3045559710 [TCP segment of a reassembled PDU]"
"51882","35.858887979","192.168.1.55","192.168.1.2","TCP","1514","8004  >  36554 [ACK] Seq=495406 Ack=141 Win=65024 Len=1448 TSval=2916039939 TSecr=3045559710 [TCP segment of a reassembled PDU]"
"51883","35.858889572","192.168.1.55","192.168.1.2","TCP","1514","8004  >  36554 [PSH, ACK] Seq=496854 Ack=141 Win=65024 Len=1448 TSval=2916039939 TSecr=3045559710 [TCP segment of a reassembled PDU]"
"51884","35.858894628","192.168.1.2","192.168.1.55","TCP","66","36554  >  8004 [ACK] Seq=141 Ack=412534 Win=140288 Len=0 TSval=3045559710 TSecr=2916039930"
"51885","35.858903387","192.168.1.2","192.168.1.55","TCP","66","36554  >  8004 [ACK] Seq=141 Ack=412870 Win=143360 Len=0 TSval=3045559711 TSecr=2916039931"
"51886","35.858907516","192.168.1.2","192.168.1.55","TCP","66","36554  >  8004 [ACK] Seq=141 Ack=447622 Win=143360 Len=0 TSval=3045559711 TSecr=2916039931"
"51887","35.858936776","192.168.1.2","192.168.1.55","TCP","66","36554  >  8004 [ACK] Seq=141 Ack=449070 Win=146432 Len=0 TSval=3045559714 TSecr=2916039931"
"51888","35.859975500","192.168.1.55","192.168.1.2","HTTP","1472","HTTP/1.0 200 OK  (PNG)"
"51889","35.860191982","192.168.1.2","192.168.1.55","TCP","66","36554  >  8004 [ACK] Seq=141 Ack=450518 Win=149504 Len=0 TSval=3045559715 TSecr=2916039939"
"51890","35.860309630","192.168.1.2","192.168.1.55","TCP","66","36554  >  8004 [ACK] Seq=141 Ack=451966 Win=152576 Len=0 TSval=3045559716 TSecr=2916039939"
"51891","35.864195488","192.168.1.2","192.168.1.55","TCP","66","36554  >  8004 [ACK] Seq=141 Ack=457758 Win=163840 Len=0 TSval=3045559719 TSecr=2916039939"
"51892","35.864352433","192.168.1.2","192.168.1.55","TCP","66","36554  >  8004 [ACK] Seq=141 Ack=467894 Win=163840 Len=0 TSval=3045559719 TSecr=2916039939"
"51893","35.864359229","192.168.1.2","192.168.1.55","TCP","66","36554  >  8004 [ACK] Seq=141 Ack=493958 Win=142336 Len=0 TSval=3045559719 TSecr=2916039939"
"51894","35.864364488","192.168.1.2","192.168.1.55","TCP","66","36554  >  8004 [ACK] Seq=141 Ack=495406 Win=166912 Len=0 TSval=3045559720 TSecr=2916039939"
"51895","35.864965860","192.168.1.2","192.168.1.55","TCP","66","36554  >  8004 [ACK] Seq=141 Ack=498302 Win=172032 Len=0 TSval=3045559720 TSecr=2916039939"
"51896","35.866444306","192.168.1.2","192.168.1.55","TCP","66","36554  >  8004 [FIN, ACK] Seq=141 Ack=499709 Win=173056 Len=0 TSval=3045559721 TSecr=2916039940"
"51897","35.866459455","192.168.1.55","192.168.1.2","TCP","66","8004  >  36554 [ACK] Seq=499709 Ack=142 Win=65024 Len=0 TSval=2916039947 TSecr=3045559721"
"51898","35.868015957","192.168.1.2","192.168.1.55","TCP","74","36566  >  8004 [SYN] Seq=0 Win=64240 Len=0 MSS=1460 SACK_PERM TSval=3045559721 TSecr=0 WS=1024"
"51899","35.868042050","192.168.1.55","192.168.1.2","TCP","74","8004  >  36566 [SYN, ACK] Seq=0 Ack=1 Win=65160 Len=0 MSS=1460 SACK_PERM TSval=2916039948 TSecr=3045559721 WS=128"
"51900","35.871510870","192.168.1.2","192.168.1.55","TCP","66","36566  >  8004 [ACK] Seq=1 Ack=1 Win=64512 Len=0 TSval=3045559726 TSecr=2916039948"
"51901","35.874748801","192.168.1.2","192.168.1.55","HTTP","209","GET /original_benchmark.png HTTP/1.1 "
"51902","35.874767783","192.168.1.55","192.168.1.2","TCP","66","8004  >  36566 [ACK] Seq=1 Ack=144 Win=65024 Len=0 TSval=2916039955 TSecr=3045559726"
"51903","35.875259821","192.168.1.55","192.168.1.2","TCP","255","8004  >  36566 [PSH, ACK] Seq=1 Ack=144 Win=65024 Len=189 TSval=2916039955 TSecr=3045559726 [TCP segment of a reassembled PDU]"
"51904","35.875359136","192.168.1.55","192.168.1.2","TCP","1514","8004  >  36566 [ACK] Seq=190 Ack=144 Win=65024 Len=1448 TSval=2916039956 TSecr=3045559726 [TCP segment of a reassembled PDU]"
"51905","35.875364024","192.168.1.55","192.168.1.2","TCP","1514","8004  >  36566 [ACK] Seq=1638 Ack=144 Win=65024 Len=1448 TSval=2916039956 TSecr=3045559726 [TCP segment of a reassembled PDU]"
"51906","35.875365524","192.168.1.55","192.168.1.2","TCP","1514","8004  >  36566 [ACK] Seq=3086 Ack=144 Win=65024 Len=1448 TSval=2916039956 TSecr=3045559726 [TCP segment of a reassembled PDU]"
"51907","35.875366987","192.168.1.55","192.168.1.2","TCP","1514","8004  >  36566 [ACK] Seq=4534 Ack=144 Win=65024 Len=1448 TSval=2916039956 TSecr=3045559726 [TCP segment of a reassembled PDU]"
"51908","35.875368858","192.168.1.55","192.168.1.2","TCP","1514","8004  >  36566 [PSH, ACK] Seq=5982 Ack=144 Win=65024 Len=1448 TSval=2916039956 TSecr=3045559726 [TCP segment of a reassembled PDU]"
"51909","35.875385099","192.168.1.55","192.168.1.2","TCP","1514","8004  >  36566 [ACK] Seq=7430 Ack=144 Win=65024 Len=1448 TSval=2916039956 TSecr=3045559726 [TCP segment of a reassembled PDU]"
"51910","35.875386969","192.168.1.55","192.168.1.2","TCP","1514","8004  >  36566 [ACK] Seq=8878 Ack=144 Win=65024 Len=1448 TSval=2916039956 TSecr=3045559726 [TCP segment of a reassembled PDU]"
"51911","35.875388432","192.168.1.55","192.168.1.2","TCP","1514","8004  >  36566 [ACK] Seq=10326 Ack=144 Win=65024 Len=1448 TSval=2916039956 TSecr=3045559726 [TCP segment of a reassembled PDU]"
"51912","35.875389895","192.168.1.55","192.168.1.2","TCP","1514","8004  >  36566 [PSH, ACK] Seq=11774 Ack=144 Win=65024 Len=1448 TSval=2916039956 TSecr=3045559726 [TCP segment of a reassembled PDU]"
"51913","35.881300256","192.168.1.2","192.168.1.55","TCP","66","36566  >  8004 [ACK] Seq=144 Ack=190 Win=64512 Len=0 TSval=3045559733 TSecr=2916039955"
"51914","35.881342701","192.168.1.55","192.168.1.2","TCP","1514","8004  >  36566 [ACK] Seq=13222 Ack=144 Win=65024 Len=1448 TSval=2916039962 TSecr=3045559733 [TCP segment of a reassembled PDU]"
"51915","35.881347516","192.168.1.55","192.168.1.2","TCP","1514","8004  >  36566 [PSH, ACK] Seq=14670 Ack=144 Win=65024 Len=1448 TSval=2916039962 TSecr=3045559733 [TCP segment of a reassembled PDU]"
"51916","35.881420701","192.168.1.2","192.168.1.55","TCP","66","36566  >  8004 [ACK] Seq=144 Ack=5982 Win=76800 Len=0 TSval=3045559734 TSecr=2916039956"
"51917","35.881444627","192.168.1.55","192.168.1.2","TCP","1514","8004  >  36566 [ACK] Seq=16118 Ack=144 Win=65024 Len=1448 TSval=2916039962 TSecr=3045559734 [TCP segment of a reassembled PDU]"
"51918","35.881447479","192.168.1.55","192.168.1.2","TCP","1514","8004  >  36566 [ACK] Seq=17566 Ack=144 Win=65024 Len=1448 TSval=2916039962 TSecr=3045559734 [TCP segment of a reassembled PDU]"
"51919","35.881448886","192.168.1.55","192.168.1.2","TCP","1514","8004  >  36566 [ACK] Seq=19014 Ack=144 Win=65024 Len=1448 TSval=2916039962 TSecr=3045559734 [TCP segment of a reassembled PDU]"
"51920","35.881450145","192.168.1.55","192.168.1.2","TCP","1514","8004  >  36566 [ACK] Seq=20462 Ack=144 Win=65024 Len=1448 TSval=2916039962 TSecr=3045559734 [TCP segment of a reassembled PDU]"
"51921","35.881451831","192.168.1.55","192.168.1.2","TCP","1514","8004  >  36566 [ACK] Seq=21910 Ack=144 Win=65024 Len=1448 TSval=2916039962 TSecr=3045559734 [TCP segment of a reassembled PDU]"
"51922","35.881453145","192.168.1.55","192.168.1.2","TCP","1514","8004  >  36566 [ACK] Seq=23358 Ack=144 Win=65024 Len=1448 TSval=2916039962 TSecr=3045559734 [TCP segment of a reassembled PDU]"
"51923","35.881454553","192.168.1.55","192.168.1.2","TCP","1514","8004  >  36566 [PSH, ACK] Seq=24806 Ack=144 Win=65024 Len=1448 TSval=2916039962 TSecr=3045559734 [TCP segment of a reassembled PDU]"
"51924","35.881459516","192.168.1.2","192.168.1.55","TCP","66","36566  >  8004 [ACK] Seq=144 Ack=7430 Win=79872 Len=0 TSval=3045559734 TSecr=2916039956"
"51925","35.881466831","192.168.1.2","192.168.1.55","TCP","66","36566  >  8004 [ACK] Seq=144 Ack=13222 Win=80896 Len=0 TSval=3045559734 TSecr=2916039956"
"51926","35.881490312","192.168.1.55","192.168.1.2","TCP","1514","8004  >  36566 [ACK] Seq=26254 Ack=144 Win=65024 Len=1448 TSval=2916039962 TSecr=3045559734 [TCP segment of a reassembled PDU]"
"51927","35.881492627","192.168.1.55","192.168.1.2","TCP","1514","8004  >  36566 [ACK] Seq=27702 Ack=144 Win=65024 Len=1448 TSval=2916039962 TSecr=3045559734 [TCP segment of a reassembled PDU]"
"51928","35.881494219","192.168.1.55","192.168.1.2","TCP","1514","8004  >  36566 [ACK] Seq=29150 Ack=144 Win=65024 Len=1448 TSval=2916039962 TSecr=3045559734 [TCP segment of a reassembled PDU]"
"51929","35.881495738","192.168.1.55","192.168.1.2","TCP","1514","8004  >  36566 [ACK] Seq=30598 Ack=144 Win=65024 Len=1448 TSval=2916039962 TSecr=3045559734 [TCP segment of a reassembled PDU]"
"51930","35.881497275","192.168.1.55","192.168.1.2","TCP","1514","8004  >  36566 [ACK] Seq=32046 Ack=144 Win=65024 Len=1448 TSval=2916039962 TSecr=3045559734 [TCP segment of a reassembled PDU]"
"51931","35.881498571","192.168.1.55","192.168.1.2","TCP","1514","8004  >  36566 [ACK] Seq=33494 Ack=144 Win=65024 Len=1448 TSval=2916039962 TSecr=3045559734 [TCP segment of a reassembled PDU]"
"51932","35.881499886","192.168.1.55","192.168.1.2","TCP","1514","8004  >  36566 [ACK] Seq=34942 Ack=144 Win=65024 Len=1448 TSval=2916039962 TSecr=3045559734 [TCP segment of a reassembled PDU]"
"51933","35.881501386","192.168.1.55","192.168.1.2","TCP","1514","8004  >  36566 [ACK] Seq=36390 Ack=144 Win=65024 Len=1448 TSval=2916039962 TSecr=3045559734 [TCP segment of a reassembled PDU]"
"51934","35.881502757","192.168.1.55","192.168.1.2","TCP","1514","8004  >  36566 [ACK] Seq=37838 Ack=144 Win=65024 Len=1448 TSval=2916039962 TSecr=3045559734 [TCP segment of a reassembled PDU]"
"51935","35.881504349","192.168.1.55","192.168.1.2","TCP","1514","8004  >  36566 [PSH, ACK] Seq=39286 Ack=144 Win=65024 Len=1448 TSval=2916039962 TSecr=3045559734 [TCP segment of a reassembled PDU]"
"51936","35.882239628","192.168.1.55","192.168.1.2","TCP","1514","8004  >  36566 [ACK] Seq=40734 Ack=144 Win=65024 Len=1448 TSval=2916039962 TSecr=3045559734 [TCP segment of a reassembled PDU]"
"51937","35.886623617","192.168.1.2","192.168.1.55","TCP","66","36566  >  8004 [ACK] Seq=144 Ack=16118 Win=87040 Len=0 TSval=3045559740 TSecr=2916039962"
"51938","35.886668098","192.168.1.55","192.168.1.2","TCP","1514","8004  >  36566 [ACK] Seq=42182 Ack=144 Win=65024 Len=1448 TSval=2916039967 TSecr=3045559740 [TCP segment of a reassembled PDU]"
"51939","35.886673487","192.168.1.55","192.168.1.2","TCP","1514","8004  >  36566 [PSH, ACK] Seq=43630 Ack=144 Win=65024 Len=1448 TSval=2916039967 TSecr=3045559740 [TCP segment of a reassembled PDU]"
"51940","35.886748783","192.168.1.2","192.168.1.55","TCP","66","36566  >  8004 [ACK] Seq=144 Ack=24806 Win=83968 Len=0 TSval=3045559740 TSecr=2916039962"
"51941","35.886778450","192.168.1.55","192.168.1.2","TCP","1514","8004  >  36566 [ACK] Seq=45078 Ack=144 Win=65024 Len=1448 TSval=2916039967 TSecr=3045559740 [TCP segment of a reassembled PDU]"
"51942","35.886781413","192.168.1.55","192.168.1.2","TCP","1514","8004  >  36566 [ACK] Seq=46526 Ack=144 Win=65024 Len=1448 TSval=2916039967 TSecr=3045559740 [TCP segment of a reassembled PDU]"
"51943","35.886783469","192.168.1.55","192.168.1.2","TCP","1514","8004  >  36566 [ACK] Seq=47974 Ack=144 Win=65024 Len=1448 TSval=2916039967 TSecr=3045559740 [TCP segment of a reassembled PDU]"
"51944","35.886786154","192.168.1.55","192.168.1.2","TCP","1514","8004  >  36566 [ACK] Seq=49422 Ack=144 Win=65024 Len=1448 TSval=2916039967 TSecr=3045559740 [TCP segment of a reassembled PDU]"
"51945","35.886787598","192.168.1.55","192.168.1.2","TCP","1514","8004  >  36566 [ACK] Seq=50870 Ack=144 Win=65024 Len=1448 TSval=2916039967 TSecr=3045559740 [TCP segment of a reassembled PDU]"
"51946","35.886789061","192.168.1.55","192.168.1.2","TCP","1514","8004  >  36566 [ACK] Seq=52318 Ack=144 Win=65024 Len=1448 TSval=2916039967 TSecr=3045559740 [TCP segment of a reassembled PDU]"
"51947","35.886790469","192.168.1.55","192.168.1.2","TCP","1514","8004  >  36566 [ACK] Seq=53766 Ack=144 Win=65024 Len=1448 TSval=2916039967 TSecr=3045559740 [TCP segment of a reassembled PDU]"
"51948","35.886792154","192.168.1.55","192.168.1.2","TCP","1514","8004  >  36566 [ACK] Seq=55214 Ack=144 Win=65024 Len=1448 TSval=2916039967 TSecr=3045559740 [TCP segment of a reassembled PDU]"
"51949","35.886793709","192.168.1.55","192.168.1.2","TCP","1514","8004  >  36566 [ACK] Seq=56662 Ack=144 Win=65024 Len=1448 TSval=2916039967 TSecr=3045559740 [TCP segment of a reassembled PDU]"
"51950","35.886795487","192.168.1.55","192.168.1.2","TCP","1514","8004  >  36566 [ACK] Seq=58110 Ack=144 Win=65024 Len=1448 TSval=2916039967 TSecr=3045559740 [TCP segment of a reassembled PDU]"
"51951","35.886797024","192.168.1.55","192.168.1.2","TCP","1514","8004  >  36566 [ACK] Seq=59558 Ack=144 Win=65024 Len=1448 TSval=2916039967 TSecr=3045559740 [TCP segment of a reassembled PDU]"
"51952","35.886799358","192.168.1.55","192.168.1.2","TCP","1514","8004  >  36566 [ACK] Seq=61006 Ack=144 Win=65024 Len=1448 TSval=2916039967 TSecr=3045559740 [TCP segment of a reassembled PDU]"
"51953","35.886801154","192.168.1.55","192.168.1.2","TCP","1514","8004  >  36566 [ACK] Seq=62454 Ack=144 Win=65024 Len=1448 TSval=2916039967 TSecr=3045559740 [TCP segment of a reassembled PDU]"
"51954","35.886802617","192.168.1.55","192.168.1.2","TCP","1514","8004  >  36566 [PSH, ACK] Seq=63902 Ack=144 Win=65024 Len=1448 TSval=2916039967 TSecr=3045559740 [TCP segment of a reassembled PDU]"
"51955","35.886807450","192.168.1.2","192.168.1.55","TCP","66","36566  >  8004 [ACK] Seq=144 Ack=26254 Win=90112 Len=0 TSval=3045559741 TSecr=2916039962"
"51956","35.886816450","192.168.1.2","192.168.1.55","TCP","66","36566  >  8004 [ACK] Seq=144 Ack=36390 Win=83968 Len=0 TSval=3045559741 TSecr=2916039962"
"51957","35.886844598","192.168.1.55","192.168.1.2","TCP","1514","8004  >  36566 [ACK] Seq=65350 Ack=144 Win=65024 Len=1448 TSval=2916039967 TSecr=3045559741 [TCP segment of a reassembled PDU]"
"51958","35.886846654","192.168.1.55","192.168.1.2","TCP","1514","8004  >  36566 [ACK] Seq=66798 Ack=144 Win=65024 Len=1448 TSval=2916039967 TSecr=3045559741 [TCP segment of a reassembled PDU]"
"51959","35.886848654","192.168.1.55","192.168.1.2","TCP","1514","8004  >  36566 [ACK] Seq=68246 Ack=144 Win=65024 Len=1448 TSval=2916039967 TSecr=3045559741 [TCP segment of a reassembled PDU]"
"51960","35.886851321","192.168.1.55","192.168.1.2","TCP","1514","8004  >  36566 [ACK] Seq=69694 Ack=144 Win=65024 Len=1448 TSval=2916039967 TSecr=3045559741 [TCP segment of a reassembled PDU]"
"51961","35.886853006","192.168.1.55","192.168.1.2","TCP","1514","8004  >  36566 [ACK] Seq=71142 Ack=144 Win=65024 Len=1448 TSval=2916039967 TSecr=3045559741 [TCP segment of a reassembled PDU]"
"51962","35.886854765","192.168.1.55","192.168.1.2","TCP","1514","8004  >  36566 [ACK] Seq=72590 Ack=144 Win=65024 Len=1448 TSval=2916039967 TSecr=3045559741 [TCP segment of a reassembled PDU]"
"51963","35.886856061","192.168.1.55","192.168.1.2","TCP","1514","8004  >  36566 [ACK] Seq=74038 Ack=144 Win=65024 Len=1448 TSval=2916039967 TSecr=3045559741 [TCP segment of a reassembled PDU]"
"51964","35.886857580","192.168.1.55","192.168.1.2","TCP","1514","8004  >  36566 [PSH, ACK] Seq=75486 Ack=144 Win=65024 Len=1448 TSval=2916039967 TSecr=3045559741 [TCP segment of a reassembled PDU]"
"51965","35.886923821","192.168.1.2","192.168.1.55","TCP","66","36566  >  8004 [ACK] Seq=144 Ack=40734 Win=91136 Len=0 TSval=3045559741 TSecr=2916039962"
"51966","35.886937654","192.168.1.2","192.168.1.55","TCP","66","36566  >  8004 [ACK] Seq=144 Ack=42182 Win=92160 Len=0 TSval=3045559741 TSecr=2916039962"
"51967","35.887899545","192.168.1.55","192.168.1.2","TCP","1514","8004  >  36566 [ACK] Seq=76934 Ack=144 Win=65024 Len=1448 TSval=2916039968 TSecr=3045559741 [TCP segment of a reassembled PDU]"
"51968","35.887906711","192.168.1.55","192.168.1.2","TCP","1514","8004  >  36566 [ACK] Seq=78382 Ack=144 Win=65024 Len=1448 TSval=2916039968 TSecr=3045559741 [TCP segment of a reassembled PDU]"
"51969","35.887908619","192.168.1.55","192.168.1.2","TCP","1514","8004  >  36566 [ACK] Seq=79830 Ack=144 Win=65024 Len=1448 TSval=2916039968 TSecr=3045559741 [TCP segment of a reassembled PDU]"
"51970","35.887910063","192.168.1.55","192.168.1.2","TCP","1514","8004  >  36566 [ACK] Seq=81278 Ack=144 Win=65024 Len=1448 TSval=2916039968 TSecr=3045559741 [TCP segment of a reassembled PDU]"
"51971","35.887912156","192.168.1.55","192.168.1.2","TCP","1514","8004  >  36566 [ACK] Seq=82726 Ack=144 Win=65024 Len=1448 TSval=2916039968 TSecr=3045559741 [TCP segment of a reassembled PDU]"
"51972","35.887915674","192.168.1.55","192.168.1.2","TCP","1514","8004  >  36566 [ACK] Seq=84174 Ack=144 Win=65024 Len=1448 TSval=2916039968 TSecr=3045559741 [TCP segment of a reassembled PDU]"
"51973","35.887919452","192.168.1.55","192.168.1.2","TCP","1514","8004  >  36566 [ACK] Seq=85622 Ack=144 Win=65024 Len=1448 TSval=2916039968 TSecr=3045559741 [TCP segment of a reassembled PDU]"
"51974","35.887921656","192.168.1.55","192.168.1.2","TCP","1514","8004  >  36566 [ACK] Seq=87070 Ack=144 Win=65024 Len=1448 TSval=2916039968 TSecr=3045559741 [TCP segment of a reassembled PDU]"
"51975","35.887923063","192.168.1.55","192.168.1.2","TCP","1514","8004  >  36566 [ACK] Seq=88518 Ack=144 Win=65024 Len=1448 TSval=2916039968 TSecr=3045559741 [TCP segment of a reassembled PDU]"
"51976","35.887924582","192.168.1.55","192.168.1.2","TCP","1514","8004  >  36566 [ACK] Seq=89966 Ack=144 Win=65024 Len=1448 TSval=2916039968 TSecr=3045559741 [TCP segment of a reassembled PDU]"
"51977","35.887925989","192.168.1.55","192.168.1.2","TCP","1514","8004  >  36566 [ACK] Seq=91414 Ack=144 Win=65024 Len=1448 TSval=2916039968 TSecr=3045559741 [TCP segment of a reassembled PDU]"
"51978","35.887927878","192.168.1.55","192.168.1.2","TCP","1514","8004  >  36566 [ACK] Seq=92862 Ack=144 Win=65024 Len=1448 TSval=2916039968 TSecr=3045559741 [TCP segment of a reassembled PDU]"
"51979","35.887930230","192.168.1.55","192.168.1.2","TCP","1514","8004  >  36566 [ACK] Seq=94310 Ack=144 Win=65024 Len=1448 TSval=2916039968 TSecr=3045559741 [TCP segment of a reassembled PDU]"
"51980","35.887932545","192.168.1.55","192.168.1.2","TCP","1514","8004  >  36566 [PSH, ACK] Seq=95758 Ack=144 Win=65024 Len=1448 TSval=2916039968 TSecr=3045559741 [TCP segment of a reassembled PDU]"
"51981","35.887942082","192.168.1.55","192.168.1.2","TCP","1514","8004  >  36566 [ACK] Seq=97206 Ack=144 Win=65024 Len=1448 TSval=2916039968 TSecr=3045559741 [TCP segment of a reassembled PDU]"
"51982","35.887944359","192.168.1.55","192.168.1.2","TCP","1514","8004  >  36566 [PSH, ACK] Seq=98654 Ack=144 Win=65024 Len=1448 TSval=2916039968 TSecr=3045559741 [TCP segment of a reassembled PDU]"
"51983","35.892288255","192.168.1.2","192.168.1.55","TCP","66","36566  >  8004 [ACK] Seq=144 Ack=45078 Win=91136 Len=0 TSval=3045559746 TSecr=2916039967"
"51984","35.892324163","192.168.1.55","192.168.1.2","TCP","1514","8004  >  36566 [ACK] Seq=100102 Ack=144 Win=65024 Len=1448 TSval=2916039973 TSecr=3045559746 [TCP segment of a reassembled PDU]"
"51985","35.892327496","192.168.1.55","192.168.1.2","TCP","1514","8004  >  36566 [ACK] Seq=101550 Ack=144 Win=65024 Len=1448 TSval=2916039973 TSecr=3045559746 [TCP segment of a reassembled PDU]"
"51986","35.892328774","192.168.1.55","192.168.1.2","TCP","1514","8004  >  36566 [ACK] Seq=102998 Ack=144 Win=65024 Len=1448 TSval=2916039973 TSecr=3045559746 [TCP segment of a reassembled PDU]"
"51987","35.892329959","192.168.1.55","192.168.1.2","TCP","1514","8004  >  36566 [PSH, ACK] Seq=104446 Ack=144 Win=65024 Len=1448 TSval=2916039973 TSecr=3045559746 [TCP segment of a reassembled PDU]"
"51988","35.892602904","192.168.1.2","192.168.1.55","TCP","66","36566  >  8004 [ACK] Seq=144 Ack=65350 Win=75776 Len=0 TSval=3045559746 TSecr=2916039967"
"51989","35.892615460","192.168.1.55","192.168.1.2","TCP","1514","8004  >  36566 [ACK] Seq=105894 Ack=144 Win=65024 Len=1448 TSval=2916039973 TSecr=3045559746 [TCP segment of a reassembled PDU]"
"51990","35.892617830","192.168.1.55","192.168.1.2","TCP","1514","8004  >  36566 [ACK] Seq=107342 Ack=144 Win=65024 Len=1448 TSval=2916039973 TSecr=3045559746 [TCP segment of a reassembled PDU]"
"51991","35.892623941","192.168.1.55","192.168.1.2","TCP","1514","8004  >  36566 [ACK] Seq=108790 Ack=144 Win=65024 Len=1448 TSval=2916039973 TSecr=3045559746 [TCP segment of a reassembled PDU]"
"51992","35.892625256","192.168.1.55","192.168.1.2","TCP","1514","8004  >  36566 [ACK] Seq=110238 Ack=144 Win=65024 Len=1448 TSval=2916039973 TSecr=3045559746 [TCP segment of a reassembled PDU]"
"51993","35.892626423","192.168.1.55","192.168.1.2","TCP","1514","8004  >  36566 [ACK] Seq=111686 Ack=144 Win=65024 Len=1448 TSval=2916039973 TSecr=3045559746 [TCP segment of a reassembled PDU]"
"51994","35.892627534","192.168.1.55","192.168.1.2","TCP","1514","8004  >  36566 [ACK] Seq=113134 Ack=144 Win=65024 Len=1448 TSval=2916039973 TSecr=3045559746 [TCP segment of a reassembled PDU]"
"51995","35.892628626","192.168.1.55","192.168.1.2","TCP","1514","8004  >  36566 [PSH, ACK] Seq=114582 Ack=144 Win=65024 Len=1448 TSval=2916039973 TSecr=3045559746 [TCP segment of a reassembled PDU]"
"51996","35.892633700","192.168.1.2","192.168.1.55","TCP","66","36566  >  8004 [ACK] Seq=144 Ack=76934 Win=64512 Len=0 TSval=3045559747 TSecr=2916039967"
"51997","35.892667460","192.168.1.55","192.168.1.2","TCP","1514","8004  >  36566 [ACK] Seq=116030 Ack=144 Win=65024 Len=1448 TSval=2916039973 TSecr=3045559747 [TCP segment of a reassembled PDU]"
"51998","35.892669497","192.168.1.55","192.168.1.2","TCP","1514","8004  >  36566 [ACK] Seq=117478 Ack=144 Win=65024 Len=1448 TSval=2916039973 TSecr=3045559747 [TCP segment of a reassembled PDU]"
"51999","35.892670682","192.168.1.55","192.168.1.2","TCP","1514","8004  >  36566 [ACK] Seq=118926 Ack=144 Win=65024 Len=1448 TSval=2916039973 TSecr=3045559747 [TCP segment of a reassembled PDU]"
"52000","35.892671923","192.168.1.55","192.168.1.2","TCP","1514","8004  >  36566 [ACK] Seq=120374 Ack=144 Win=65024 Len=1448 TSval=2916039973 TSecr=3045559747 [TCP segment of a reassembled PDU]"
"52001","35.892673126","192.168.1.55","192.168.1.2","TCP","1514","8004  >  36566 [ACK] Seq=121822 Ack=144 Win=65024 Len=1448 TSval=2916039973 TSecr=3045559747 [TCP segment of a reassembled PDU]"
"52002","35.892674293","192.168.1.55","192.168.1.2","TCP","1514","8004  >  36566 [ACK] Seq=123270 Ack=144 Win=65024 Len=1448 TSval=2916039973 TSecr=3045559747 [TCP segment of a reassembled PDU]"
"52003","35.892675515","192.168.1.55","192.168.1.2","TCP","1514","8004  >  36566 [ACK] Seq=124718 Ack=144 Win=65024 Len=1448 TSval=2916039973 TSecr=3045559747 [TCP segment of a reassembled PDU]"
"52004","35.892676960","192.168.1.55","192.168.1.2","TCP","1514","8004  >  36566 [ACK] Seq=126166 Ack=144 Win=65024 Len=1448 TSval=2916039973 TSecr=3045559747 [TCP segment of a reassembled PDU]"
"52005","35.892678200","192.168.1.55","192.168.1.2","TCP","1514","8004  >  36566 [ACK] Seq=127614 Ack=144 Win=65024 Len=1448 TSval=2916039973 TSecr=3045559747 [TCP segment of a reassembled PDU]"
"52006","35.892679460","192.168.1.55","192.168.1.2","TCP","1514","8004  >  36566 [ACK] Seq=129062 Ack=144 Win=65024 Len=1448 TSval=2916039973 TSecr=3045559747 [TCP segment of a reassembled PDU]"
"52007","35.892680608","192.168.1.55","192.168.1.2","TCP","1514","8004  >  36566 [ACK] Seq=130510 Ack=144 Win=65024 Len=1448 TSval=2916039973 TSecr=3045559747 [TCP segment of a reassembled PDU]"
"52008","35.892681793","192.168.1.55","192.168.1.2","TCP","1514","8004  >  36566 [ACK] Seq=131958 Ack=144 Win=65024 Len=1448 TSval=2916039973 TSecr=3045559747 [TCP segment of a reassembled PDU]"
"52009","35.892683219","192.168.1.55","192.168.1.2","TCP","1514","8004  >  36566 [ACK] Seq=133406 Ack=144 Win=65024 Len=1448 TSval=2916039973 TSecr=3045559747 [TCP segment of a reassembled PDU]"
"52010","35.892684626","192.168.1.55","192.168.1.2","TCP","1514","8004  >  36566 [ACK] Seq=134854 Ack=144 Win=65024 Len=1448 TSval=2916039973 TSecr=3045559747 [TCP segment of a reassembled PDU]"
"52011","35.892686089","192.168.1.55","192.168.1.2","TCP","1514","8004  >  36566 [ACK] Seq=136302 Ack=144 Win=65024 Len=1448 TSval=2916039973 TSecr=3045559747 [TCP segment of a reassembled PDU]"
"52012","35.892687330","192.168.1.55","192.168.1.2","TCP","1514","8004  >  36566 [ACK] Seq=137750 Ack=144 Win=65024 Len=1448 TSval=2916039973 TSecr=3045559747 [TCP segment of a reassembled PDU]"
"52013","35.892688497","192.168.1.55","192.168.1.2","TCP","1514","8004  >  36566 [ACK] Seq=139198 Ack=144 Win=65024 Len=1448 TSval=2916039973 TSecr=3045559747 [TCP segment of a reassembled PDU]"
"52014","35.892689812","192.168.1.55","192.168.1.2","TCP","866","[TCP Window Full] 8004  >  36566 [PSH, ACK] Seq=140646 Ack=144 Win=65024 Len=800 TSval=2916039973 TSecr=3045559747 [TCP segment of a reassembled PDU]"
"52015","35.892693719","192.168.1.2","192.168.1.55","TCP","66","36566  >  8004 [ACK] Seq=144 Ack=78382 Win=63488 Len=0 TSval=3045559747 TSecr=2916039968"
"52016","35.892748775","192.168.1.2","192.168.1.55","TCP","66","36566  >  8004 [ACK] Seq=144 Ack=97206 Win=77824 Len=0 TSval=3045559747 TSecr=2916039968"
"52017","35.892754108","192.168.1.2","192.168.1.55","TCP","66","36566  >  8004 [ACK] Seq=144 Ack=100102 Win=75776 Len=0 TSval=3045559747 TSecr=2916039968"
"52018","35.892789682","192.168.1.55","192.168.1.2","TCP","1514","8004  >  36566 [ACK] Seq=141446 Ack=144 Win=65024 Len=1448 TSval=2916039973 TSecr=3045559747 [TCP segment of a reassembled PDU]"
"52019","35.892793589","192.168.1.55","192.168.1.2","TCP","1514","8004  >  36566 [ACK] Seq=142894 Ack=144 Win=65024 Len=1448 TSval=2916039973 TSecr=3045559747 [TCP segment of a reassembled PDU]"
"52020","35.892795108","192.168.1.55","192.168.1.2","TCP","1514","8004  >  36566 [ACK] Seq=144342 Ack=144 Win=65024 Len=1448 TSval=2916039973 TSecr=3045559747 [TCP segment of a reassembled PDU]"
"52021","35.892796423","192.168.1.55","192.168.1.2","TCP","1514","8004  >  36566 [ACK] Seq=145790 Ack=144 Win=65024 Len=1448 TSval=2916039973 TSecr=3045559747 [TCP segment of a reassembled PDU]"
"52022","35.892797738","192.168.1.55","192.168.1.2","TCP","1514","8004  >  36566 [ACK] Seq=147238 Ack=144 Win=65024 Len=1448 TSval=2916039973 TSecr=3045559747 [TCP segment of a reassembled PDU]"
"52023","35.892798978","192.168.1.55","192.168.1.2","TCP","1514","8004  >  36566 [ACK] Seq=148686 Ack=144 Win=65024 Len=1448 TSval=2916039973 TSecr=3045559747 [TCP segment of a reassembled PDU]"
"52024","35.892800238","192.168.1.55","192.168.1.2","TCP","1514","8004  >  36566 [ACK] Seq=150134 Ack=144 Win=65024 Len=1448 TSval=2916039973 TSecr=3045559747 [TCP segment of a reassembled PDU]"
"52025","35.892801552","192.168.1.55","192.168.1.2","TCP","1514","8004  >  36566 [ACK] Seq=151582 Ack=144 Win=65024 Len=1448 TSval=2916039973 TSecr=3045559747 [TCP segment of a reassembled PDU]"
"52026","35.892802756","192.168.1.55","192.168.1.2","TCP","1514","8004  >  36566 [PSH, ACK] Seq=153030 Ack=144 Win=65024 Len=1448 TSval=2916039973 TSecr=3045559747 [TCP segment of a reassembled PDU]"
"52027","35.892810201","192.168.1.55","192.168.1.2","TCP","714","8004  >  36566 [ACK] Seq=154478 Ack=144 Win=65024 Len=648 TSval=2916039973 TSecr=3045559747 [TCP segment of a reassembled PDU]"
"52028","35.892832960","192.168.1.55","192.168.1.2","TCP","1514","8004  >  36566 [ACK] Seq=155126 Ack=144 Win=65024 Len=1448 TSval=2916039973 TSecr=3045559747 [TCP segment of a reassembled PDU]"
"52029","35.892834701","192.168.1.55","192.168.1.2","TCP","1514","8004  >  36566 [ACK] Seq=156574 Ack=144 Win=65024 Len=1448 TSval=2916039973 TSecr=3045559747 [TCP segment of a reassembled PDU]"
"52030","35.892835960","192.168.1.55","192.168.1.2","TCP","1514","8004  >  36566 [ACK] Seq=158022 Ack=144 Win=65024 Len=1448 TSval=2916039973 TSecr=3045559747 [TCP segment of a reassembled PDU]"
"52031","35.892837145","192.168.1.55","192.168.1.2","TCP","1514","8004  >  36566 [ACK] Seq=159470 Ack=144 Win=65024 Len=1448 TSval=2916039973 TSecr=3045559747 [TCP segment of a reassembled PDU]"
"52032","35.892838256","192.168.1.55","192.168.1.2","TCP","1514","8004  >  36566 [ACK] Seq=160918 Ack=144 Win=65024 Len=1448 TSval=2916039973 TSecr=3045559747 [TCP segment of a reassembled PDU]"
"52033","35.892839515","192.168.1.55","192.168.1.2","TCP","1514","8004  >  36566 [ACK] Seq=162366 Ack=144 Win=65024 Len=1448 TSval=2916039973 TSecr=3045559747 [TCP segment of a reassembled PDU]"
"52034","35.892841071","192.168.1.55","192.168.1.2","TCP","1514","8004  >  36566 [ACK] Seq=163814 Ack=144 Win=65024 Len=1448 TSval=2916039973 TSecr=3045559747 [TCP segment of a reassembled PDU]"
"52035","35.892842386","192.168.1.55","192.168.1.2","TCP","1514","8004  >  36566 [ACK] Seq=165262 Ack=144 Win=65024 Len=1448 TSval=2916039973 TSecr=3045559747 [TCP segment of a reassembled PDU]"
"52036","35.892843590","192.168.1.55","192.168.1.2","TCP","1514","8004  >  36566 [ACK] Seq=166710 Ack=144 Win=65024 Len=1448 TSval=2916039973 TSecr=3045559747 [TCP segment of a reassembled PDU]"
"52037","35.892844682","192.168.1.55","192.168.1.2","TCP","1514","8004  >  36566 [ACK] Seq=168158 Ack=144 Win=65024 Len=1448 TSval=2916039973 TSecr=3045559747 [TCP segment of a reassembled PDU]"
"52038","35.892845904","192.168.1.55","192.168.1.2","TCP","1514","8004  >  36566 [ACK] Seq=169606 Ack=144 Win=65024 Len=1448 TSval=2916039973 TSecr=3045559747 [TCP segment of a reassembled PDU]"
"52039","35.892847071","192.168.1.55","192.168.1.2","TCP","1514","8004  >  36566 [ACK] Seq=171054 Ack=144 Win=65024 Len=1448 TSval=2916039973 TSecr=3045559747 [TCP segment of a reassembled PDU]"
"52040","35.892848238","192.168.1.55","192.168.1.2","TCP","1514","8004  >  36566 [ACK] Seq=172502 Ack=144 Win=65024 Len=1448 TSval=2916039973 TSecr=3045559747 [TCP segment of a reassembled PDU]"
"52041","35.892849423","192.168.1.55","192.168.1.2","TCP","1514","8004  >  36566 [PSH, ACK] Seq=173950 Ack=144 Win=65024 Len=1448 TSval=2916039973 TSecr=3045559747 [TCP segment of a reassembled PDU]"
"52042","35.899504008","192.168.1.2","192.168.1.55","TCP","66","36566  >  8004 [ACK] Seq=144 Ack=105894 Win=88064 Len=0 TSval=3045559753 TSecr=2916039973"
"52043","35.899542767","192.168.1.55","192.168.1.2","TCP","1514","8004  >  36566 [ACK] Seq=175398 Ack=144 Win=65024 Len=1448 TSval=2916039980 TSecr=3045559753 [TCP segment of a reassembled PDU]"
"52044","35.899546841","192.168.1.55","192.168.1.2","TCP","1514","8004  >  36566 [ACK] Seq=176846 Ack=144 Win=65024 Len=1448 TSval=2916039980 TSecr=3045559753 [TCP segment of a reassembled PDU]"
"52045","35.899548230","192.168.1.55","192.168.1.2","TCP","1514","8004  >  36566 [ACK] Seq=178294 Ack=144 Win=65024 Len=1448 TSval=2916039980 TSecr=3045559753 [TCP segment of a reassembled PDU]"
"52046","35.899550193","192.168.1.55","192.168.1.2","TCP","1514","8004  >  36566 [ACK] Seq=179742 Ack=144 Win=65024 Len=1448 TSval=2916039980 TSecr=3045559753 [TCP segment of a reassembled PDU]"
"52047","35.899551637","192.168.1.55","192.168.1.2","TCP","1514","8004  >  36566 [ACK] Seq=181190 Ack=144 Win=65024 Len=1448 TSval=2916039980 TSecr=3045559753 [TCP segment of a reassembled PDU]"
"52048","35.899553045","192.168.1.55","192.168.1.2","TCP","1514","8004  >  36566 [ACK] Seq=182638 Ack=144 Win=65024 Len=1448 TSval=2916039980 TSecr=3045559753 [TCP segment of a reassembled PDU]"
"52049","35.899554619","192.168.1.55","192.168.1.2","TCP","1514","8004  >  36566 [ACK] Seq=184086 Ack=144 Win=65024 Len=1448 TSval=2916039980 TSecr=3045559753 [TCP segment of a reassembled PDU]"
"52050","35.899556119","192.168.1.55","192.168.1.2","TCP","1514","8004  >  36566 [ACK] Seq=185534 Ack=144 Win=65024 Len=1448 TSval=2916039980 TSecr=3045559753 [TCP segment of a reassembled PDU]"
"52051","35.899557656","192.168.1.55","192.168.1.2","TCP","1514","8004  >  36566 [ACK] Seq=186982 Ack=144 Win=65024 Len=1448 TSval=2916039980 TSecr=3045559753 [TCP segment of a reassembled PDU]"
"52052","35.899559137","192.168.1.55","192.168.1.2","TCP","1514","8004  >  36566 [ACK] Seq=188430 Ack=144 Win=65024 Len=1448 TSval=2916039980 TSecr=3045559753 [TCP segment of a reassembled PDU]"
"52053","35.899560878","192.168.1.55","192.168.1.2","TCP","1514","8004  >  36566 [ACK] Seq=189878 Ack=144 Win=65024 Len=1448 TSval=2916039980 TSecr=3045559753 [TCP segment of a reassembled PDU]"
"52054","35.899562415","192.168.1.55","192.168.1.2","TCP","1514","8004  >  36566 [PSH, ACK] Seq=191326 Ack=144 Win=65024 Len=1448 TSval=2916039980 TSecr=3045559753 [TCP segment of a reassembled PDU]"
"52055","35.900128564","192.168.1.2","192.168.1.55","TCP","66","36566  >  8004 [ACK] Seq=144 Ack=116030 Win=102400 Len=0 TSval=3045559753 TSecr=2916039973"
"52056","35.900145046","192.168.1.55","192.168.1.2","TCP","1514","8004  >  36566 [ACK] Seq=192774 Ack=144 Win=65024 Len=1448 TSval=2916039980 TSecr=3045559753 [TCP segment of a reassembled PDU]"
"52057","35.900147009","192.168.1.55","192.168.1.2","TCP","1514","8004  >  36566 [ACK] Seq=194222 Ack=144 Win=65024 Len=1448 TSval=2916039980 TSecr=3045559753 [TCP segment of a reassembled PDU]"
"52058","35.900148472","192.168.1.55","192.168.1.2","TCP","1514","8004  >  36566 [ACK] Seq=195670 Ack=144 Win=65024 Len=1448 TSval=2916039980 TSecr=3045559753 [TCP segment of a reassembled PDU]"
"52059","35.900149916","192.168.1.55","192.168.1.2","TCP","1514","8004  >  36566 [ACK] Seq=197118 Ack=144 Win=65024 Len=1448 TSval=2916039980 TSecr=3045559753 [TCP segment of a reassembled PDU]"
"52060","35.900151342","192.168.1.55","192.168.1.2","TCP","1514","8004  >  36566 [PSH, ACK] Seq=198566 Ack=144 Win=65024 Len=1448 TSval=2916039980 TSecr=3045559753 [TCP segment of a reassembled PDU]"
"52061","35.900155824","192.168.1.2","192.168.1.55","TCP","66","36566  >  8004 [ACK] Seq=144 Ack=133406 Win=95232 Len=0 TSval=3045559753 TSecr=2916039973"
"52062","35.900163064","192.168.1.2","192.168.1.55","TCP","66","36566  >  8004 [ACK] Seq=144 Ack=141446 Win=113664 Len=0 TSval=3045559753 TSecr=2916039973"
"52063","35.900204694","192.168.1.55","192.168.1.2","TCP","1514","8004  >  36566 [ACK] Seq=200014 Ack=144 Win=65024 Len=1448 TSval=2916039980 TSecr=3045559753 [TCP segment of a reassembled PDU]"
"52064","35.900206731","192.168.1.55","192.168.1.2","TCP","1514","8004  >  36566 [ACK] Seq=201462 Ack=144 Win=65024 Len=1448 TSval=2916039980 TSecr=3045559753 [TCP segment of a reassembled PDU]"
"52065","35.900208138","192.168.1.55","192.168.1.2","TCP","1514","8004  >  36566 [ACK] Seq=202910 Ack=144 Win=65024 Len=1448 TSval=2916039980 TSecr=3045559753 [TCP segment of a reassembled PDU]"
"52066","35.900209824","192.168.1.55","192.168.1.2","TCP","1514","8004  >  36566 [ACK] Seq=204358 Ack=144 Win=65024 Len=1448 TSval=2916039980 TSecr=3045559753 [TCP segment of a reassembled PDU]"
"52067","35.900211138","192.168.1.55","192.168.1.2","TCP","1514","8004  >  36566 [ACK] Seq=205806 Ack=144 Win=65024 Len=1448 TSval=2916039980 TSecr=3045559753 [TCP segment of a reassembled PDU]"
"52068","35.900212546","192.168.1.55","192.168.1.2","TCP","1514","8004  >  36566 [ACK] Seq=207254 Ack=144 Win=65024 Len=1448 TSval=2916039980 TSecr=3045559753 [TCP segment of a reassembled PDU]"
"52069","35.900213916","192.168.1.55","192.168.1.2","TCP","1514","8004  >  36566 [ACK] Seq=208702 Ack=144 Win=65024 Len=1448 TSval=2916039980 TSecr=3045559753 [TCP segment of a reassembled PDU]"
"52070","35.900215453","192.168.1.55","192.168.1.2","TCP","1514","8004  >  36566 [ACK] Seq=210150 Ack=144 Win=65024 Len=1448 TSval=2916039980 TSecr=3045559753 [TCP segment of a reassembled PDU]"
"52071","35.900217342","192.168.1.55","192.168.1.2","TCP","1514","8004  >  36566 [ACK] Seq=211598 Ack=144 Win=65024 Len=1448 TSval=2916039980 TSecr=3045559753 [TCP segment of a reassembled PDU]"
"52072","35.900218713","192.168.1.55","192.168.1.2","TCP","1514","8004  >  36566 [ACK] Seq=213046 Ack=144 Win=65024 Len=1448 TSval=2916039980 TSecr=3045559753 [TCP segment of a reassembled PDU]"
"52073","35.900220213","192.168.1.55","192.168.1.2","TCP","1514","8004  >  36566 [ACK] Seq=214494 Ack=144 Win=65024 Len=1448 TSval=2916039980 TSecr=3045559753 [TCP segment of a reassembled PDU]"
"52074","35.900221750","192.168.1.55","192.168.1.2","TCP","1514","8004  >  36566 [ACK] Seq=215942 Ack=144 Win=65024 Len=1448 TSval=2916039980 TSecr=3045559753 [TCP segment of a reassembled PDU]"
"52075","35.900223213","192.168.1.55","192.168.1.2","TCP","1514","8004  >  36566 [ACK] Seq=217390 Ack=144 Win=65024 Len=1448 TSval=2916039980 TSecr=3045559753 [TCP segment of a reassembled PDU]"
"52076","35.900224620","192.168.1.55","192.168.1.2","TCP","1514","8004  >  36566 [ACK] Seq=218838 Ack=144 Win=65024 Len=1448 TSval=2916039980 TSecr=3045559753 [TCP segment of a reassembled PDU]"
"52077","35.900225990","192.168.1.55","192.168.1.2","TCP","1514","8004  >  36566 [ACK] Seq=220286 Ack=144 Win=65024 Len=1448 TSval=2916039980 TSecr=3045559753 [TCP segment of a reassembled PDU]"
"52078","35.900227379","192.168.1.55","192.168.1.2","TCP","1514","8004  >  36566 [ACK] Seq=221734 Ack=144 Win=65024 Len=1448 TSval=2916039980 TSecr=3045559753 [TCP segment of a reassembled PDU]"
"52079","35.900228898","192.168.1.55","192.168.1.2","TCP","1514","8004  >  36566 [ACK] Seq=223182 Ack=144 Win=65024 Len=1448 TSval=2916039980 TSecr=3045559753 [TCP segment of a reassembled PDU]"
"52080","35.900230324","192.168.1.55","192.168.1.2","TCP","1514","8004  >  36566 [ACK] Seq=224630 Ack=144 Win=65024 Len=1448 TSval=2916039980 TSecr=3045559753 [TCP segment of a reassembled PDU]"
"52081","35.900232138","192.168.1.55","192.168.1.2","TCP","1514","8004  >  36566 [ACK] Seq=226078 Ack=144 Win=65024 Len=1448 TSval=2916039980 TSecr=3045559753 [TCP segment of a reassembled PDU]"
"52082","35.900233601","192.168.1.55","192.168.1.2","TCP","1514","8004  >  36566 [ACK] Seq=227526 Ack=144 Win=65024 Len=1448 TSval=2916039980 TSecr=3045559753 [TCP segment of a reassembled PDU]"
"52083","35.900235009","192.168.1.55","192.168.1.2","TCP","1514","8004  >  36566 [ACK] Seq=228974 Ack=144 Win=65024 Len=1448 TSval=2916039980 TSecr=3045559753 [TCP segment of a reassembled PDU]"
"52084","35.900236324","192.168.1.55","192.168.1.2","TCP","1514","8004  >  36566 [ACK] Seq=230422 Ack=144 Win=65024 Len=1448 TSval=2916039980 TSecr=3045559753 [TCP segment of a reassembled PDU]"
"52085","35.900237898","192.168.1.55","192.168.1.2","TCP","1514","8004  >  36566 [ACK] Seq=231870 Ack=144 Win=65024 Len=1448 TSval=2916039980 TSecr=3045559753 [TCP segment of a reassembled PDU]"
"52086","35.900239324","192.168.1.55","192.168.1.2","TCP","1514","8004  >  36566 [ACK] Seq=233318 Ack=144 Win=65024 Len=1448 TSval=2916039980 TSecr=3045559753 [TCP segment of a reassembled PDU]"
"52087","35.900240620","192.168.1.55","192.168.1.2","TCP","1514","8004  >  36566 [ACK] Seq=234766 Ack=144 Win=65024 Len=1448 TSval=2916039980 TSecr=3045559753 [TCP segment of a reassembled PDU]"
"52088","35.900242046","192.168.1.55","192.168.1.2","TCP","1514","8004  >  36566 [ACK] Seq=236214 Ack=144 Win=65024 Len=1448 TSval=2916039980 TSecr=3045559753 [TCP segment of a reassembled PDU]"
"52089","35.900243564","192.168.1.55","192.168.1.2","TCP","1514","8004  >  36566 [ACK] Seq=237662 Ack=144 Win=65024 Len=1448 TSval=2916039980 TSecr=3045559753 [TCP segment of a reassembled PDU]"
"52090","35.900244861","192.168.1.55","192.168.1.2","TCP","1514","8004  >  36566 [ACK] Seq=239110 Ack=144 Win=65024 Len=1448 TSval=2916039980 TSecr=3045559753 [TCP segment of a reassembled PDU]"
"52091","35.900246990","192.168.1.55","192.168.1.2","TCP","1514","8004  >  36566 [ACK] Seq=240558 Ack=144 Win=65024 Len=1448 TSval=2916039980 TSecr=3045559753 [TCP segment of a reassembled PDU]"
"52092","35.900248361","192.168.1.55","192.168.1.2","TCP","1514","8004  >  36566 [ACK] Seq=242006 Ack=144 Win=65024 Len=1448 TSval=2916039980 TSecr=3045559753 [TCP segment of a reassembled PDU]"
"52093","35.900249805","192.168.1.55","192.168.1.2","TCP","1514","8004  >  36566 [PSH, ACK] Seq=243454 Ack=144 Win=65024 Len=1448 TSval=2916039980 TSecr=3045559753 [TCP segment of a reassembled PDU]"
"52094","35.900254657","192.168.1.2","192.168.1.55","TCP","66","36566  >  8004 [ACK] Seq=144 Ack=168158 Win=88064 Len=0 TSval=3045559753 TSecr=2916039973"
"52095","35.904936979","192.168.1.2","192.168.1.55","TCP","66","36566  >  8004 [ACK] Seq=144 Ack=169606 Win=116736 Len=0 TSval=3045559755 TSecr=2916039973"
"52096","35.904988757","192.168.1.55","192.168.1.2","TCP","1514","8004  >  36566 [ACK] Seq=244902 Ack=144 Win=65024 Len=1448 TSval=2916039985 TSecr=3045559755 [TCP segment of a reassembled PDU]"
"52097","35.904991887","192.168.1.55","192.168.1.2","TCP","1514","8004  >  36566 [ACK] Seq=246350 Ack=144 Win=65024 Len=1448 TSval=2916039985 TSecr=3045559755 [TCP segment of a reassembled PDU]"
"52098","35.904993442","192.168.1.55","192.168.1.2","TCP","1514","8004  >  36566 [ACK] Seq=247798 Ack=144 Win=65024 Len=1448 TSval=2916039985 TSecr=3045559755 [TCP segment of a reassembled PDU]"
"52099","35.904994850","192.168.1.55","192.168.1.2","TCP","1514","8004  >  36566 [ACK] Seq=249246 Ack=144 Win=65024 Len=1448 TSval=2916039985 TSecr=3045559755 [TCP segment of a reassembled PDU]"
"52100","35.904996294","192.168.1.55","192.168.1.2","TCP","1514","8004  >  36566 [ACK] Seq=250694 Ack=144 Win=65024 Len=1448 TSval=2916039985 TSecr=3045559755 [TCP segment of a reassembled PDU]"
"52101","35.904997665","192.168.1.55","192.168.1.2","TCP","1514","8004  >  36566 [ACK] Seq=252142 Ack=144 Win=65024 Len=1448 TSval=2916039985 TSecr=3045559755 [TCP segment of a reassembled PDU]"
"52102","35.904998998","192.168.1.55","192.168.1.2","TCP","1514","8004  >  36566 [ACK] Seq=253590 Ack=144 Win=65024 Len=1448 TSval=2916039985 TSecr=3045559755 [TCP segment of a reassembled PDU]"
"52103","35.905000405","192.168.1.55","192.168.1.2","TCP","1514","8004  >  36566 [ACK] Seq=255038 Ack=144 Win=65024 Len=1448 TSval=2916039985 TSecr=3045559755 [TCP segment of a reassembled PDU]"
"52104","35.905001794","192.168.1.55","192.168.1.2","TCP","1514","8004  >  36566 [ACK] Seq=256486 Ack=144 Win=65024 Len=1448 TSval=2916039985 TSecr=3045559755 [TCP segment of a reassembled PDU]"
"52105","35.905003257","192.168.1.55","192.168.1.2","TCP","1514","8004  >  36566 [ACK] Seq=257934 Ack=144 Win=65024 Len=1448 TSval=2916039985 TSecr=3045559755 [TCP segment of a reassembled PDU]"
"52106","35.905004683","192.168.1.55","192.168.1.2","TCP","1514","8004  >  36566 [ACK] Seq=259382 Ack=144 Win=65024 Len=1448 TSval=2916039985 TSecr=3045559755 [TCP segment of a reassembled PDU]"
"52107","35.905006017","192.168.1.55","192.168.1.2","TCP","1514","8004  >  36566 [ACK] Seq=260830 Ack=144 Win=65024 Len=1448 TSval=2916039985 TSecr=3045559755 [TCP segment of a reassembled PDU]"
"52108","35.905007442","192.168.1.55","192.168.1.2","TCP","1514","8004  >  36566 [ACK] Seq=262278 Ack=144 Win=65024 Len=1448 TSval=2916039985 TSecr=3045559755 [TCP segment of a reassembled PDU]"
"52109","35.905008757","192.168.1.55","192.168.1.2","TCP","1514","8004  >  36566 [ACK] Seq=263726 Ack=144 Win=65024 Len=1448 TSval=2916039985 TSecr=3045559755 [TCP segment of a reassembled PDU]"
"52110","35.905010109","192.168.1.55","192.168.1.2","TCP","1514","8004  >  36566 [ACK] Seq=265174 Ack=144 Win=65024 Len=1448 TSval=2916039985 TSecr=3045559755 [TCP segment of a reassembled PDU]"
"52111","35.905011424","192.168.1.55","192.168.1.2","TCP","1514","8004  >  36566 [ACK] Seq=266622 Ack=144 Win=65024 Len=1448 TSval=2916039985 TSecr=3045559755 [TCP segment of a reassembled PDU]"
"52112","35.905012868","192.168.1.55","192.168.1.2","TCP","1514","8004  >  36566 [ACK] Seq=268070 Ack=144 Win=65024 Len=1448 TSval=2916039985 TSecr=3045559755 [TCP segment of a reassembled PDU]"
"52113","35.905014276","192.168.1.55","192.168.1.2","TCP","1514","8004  >  36566 [ACK] Seq=269518 Ack=144 Win=65024 Len=1448 TSval=2916039985 TSecr=3045559755 [TCP segment of a reassembled PDU]"
"52114","35.905015591","192.168.1.55","192.168.1.2","TCP","1514","8004  >  36566 [ACK] Seq=270966 Ack=144 Win=65024 Len=1448 TSval=2916039985 TSecr=3045559755 [TCP segment of a reassembled PDU]"
"52115","35.905017257","192.168.1.55","192.168.1.2","TCP","1514","8004  >  36566 [ACK] Seq=272414 Ack=144 Win=65024 Len=1448 TSval=2916039985 TSecr=3045559755 [TCP segment of a reassembled PDU]"
"52116","35.905018646","192.168.1.55","192.168.1.2","TCP","1514","8004  >  36566 [ACK] Seq=273862 Ack=144 Win=65024 Len=1448 TSval=2916039985 TSecr=3045559755 [TCP segment of a reassembled PDU]"
"52117","35.905019998","192.168.1.55","192.168.1.2","TCP","1514","8004  >  36566 [ACK] Seq=275310 Ack=144 Win=65024 Len=1448 TSval=2916039985 TSecr=3045559755 [TCP segment of a reassembled PDU]"
"52118","35.905021405","192.168.1.55","192.168.1.2","TCP","1514","8004  >  36566 [ACK] Seq=276758 Ack=144 Win=65024 Len=1448 TSval=2916039985 TSecr=3045559755 [TCP segment of a reassembled PDU]"
"52119","35.905022739","192.168.1.55","192.168.1.2","TCP","1514","8004  >  36566 [ACK] Seq=278206 Ack=144 Win=65024 Len=1448 TSval=2916039985 TSecr=3045559755 [TCP segment of a reassembled PDU]"
"52120","35.905024313","192.168.1.55","192.168.1.2","TCP","1514","8004  >  36566 [ACK] Seq=279654 Ack=144 Win=65024 Len=1448 TSval=2916039985 TSecr=3045559755 [TCP segment of a reassembled PDU]"
"52121","35.905025831","192.168.1.55","192.168.1.2","TCP","1514","8004  >  36566 [ACK] Seq=281102 Ack=144 Win=65024 Len=1448 TSval=2916039985 TSecr=3045559755 [TCP segment of a reassembled PDU]"
"52122","35.905027239","192.168.1.55","192.168.1.2","TCP","1514","8004  >  36566 [ACK] Seq=282550 Ack=144 Win=65024 Len=1448 TSval=2916039985 TSecr=3045559755 [TCP segment of a reassembled PDU]"
"52123","35.905029091","192.168.1.55","192.168.1.2","TCP","1514","8004  >  36566 [ACK] Seq=283998 Ack=144 Win=65024 Len=1448 TSval=2916039985 TSecr=3045559755 [TCP segment of a reassembled PDU]"
"52124","35.905030461","192.168.1.55","192.168.1.2","TCP","962","[TCP Window Full] 8004  >  36566 [PSH, ACK] Seq=285446 Ack=144 Win=65024 Len=896 TSval=2916039985 TSecr=3045559755 [TCP segment of a reassembled PDU]"
"52125","35.905061683","192.168.1.2","192.168.1.55","TCP","66","36566  >  8004 [ACK] Seq=144 Ack=175398 Win=116736 Len=0 TSval=3045559755 TSecr=2916039973"
"52126","35.905074924","192.168.1.55","192.168.1.2","TCP","1514","8004  >  36566 [ACK] Seq=286342 Ack=144 Win=65024 Len=1448 TSval=2916039985 TSecr=3045559755 [TCP segment of a reassembled PDU]"
"52127","35.905076980","192.168.1.55","192.168.1.2","TCP","1514","8004  >  36566 [PSH, ACK] Seq=287790 Ack=144 Win=65024 Len=1448 TSval=2916039985 TSecr=3045559755 [TCP segment of a reassembled PDU]"
"52128","35.905082572","192.168.1.55","192.168.1.2","TCP","618","8004  >  36566 [ACK] Seq=289238 Ack=144 Win=65024 Len=552 TSval=2916039985 TSecr=3045559755 [TCP segment of a reassembled PDU]"
"52129","35.906263982","192.168.1.2","192.168.1.55","TCP","66","36566  >  8004 [ACK] Seq=144 Ack=192774 Win=105472 Len=0 TSval=3045559760 TSecr=2916039980"
"52130","35.906278796","192.168.1.55","192.168.1.2","TCP","1514","8004  >  36566 [ACK] Seq=289790 Ack=144 Win=65024 Len=1448 TSval=2916039986 TSecr=3045559760 [TCP segment of a reassembled PDU]"
"52131","35.906280704","192.168.1.55","192.168.1.2","TCP","1514","8004  >  36566 [ACK] Seq=291238 Ack=144 Win=65024 Len=1448 TSval=2916039986 TSecr=3045559760 [TCP segment of a reassembled PDU]"
"52132","35.906281963","192.168.1.55","192.168.1.2","TCP","1514","8004  >  36566 [ACK] Seq=292686 Ack=144 Win=65024 Len=1448 TSval=2916039986 TSecr=3045559760 [TCP segment of a reassembled PDU]"
"52133","35.906283389","192.168.1.55","192.168.1.2","TCP","1514","8004  >  36566 [ACK] Seq=294134 Ack=144 Win=65024 Len=1448 TSval=2916039986 TSecr=3045559760 [TCP segment of a reassembled PDU]"
"52134","35.906284667","192.168.1.55","192.168.1.2","TCP","1514","8004  >  36566 [PSH, ACK] Seq=295582 Ack=144 Win=65024 Len=1448 TSval=2916039986 TSecr=3045559760 [TCP segment of a reassembled PDU]"
"52135","35.906349445","192.168.1.2","192.168.1.55","TCP","66","36566  >  8004 [ACK] Seq=144 Ack=197118 Win=101376 Len=0 TSval=3045559760 TSecr=2916039980"
"52136","35.906357352","192.168.1.2","192.168.1.55","TCP","66","36566  >  8004 [ACK] Seq=144 Ack=200014 Win=121856 Len=0 TSval=3045559760 TSecr=2916039980"
"52137","35.906362482","192.168.1.2","192.168.1.55","TCP","66","36566  >  8004 [ACK] Seq=144 Ack=236214 Win=88064 Len=0 TSval=3045559760 TSecr=2916039980"
"52138","35.908669485","192.168.1.2","192.168.1.55","TCP","66","36566  >  8004 [ACK] Seq=144 Ack=244902 Win=112640 Len=0 TSval=3045559761 TSecr=2916039980"
"52139","35.908697541","192.168.1.55","192.168.1.2","TCP","1514","8004  >  36566 [ACK] Seq=297030 Ack=144 Win=65024 Len=1448 TSval=2916039989 TSecr=3045559761 [TCP segment of a reassembled PDU]"
"52140","35.908700411","192.168.1.55","192.168.1.2","TCP","1514","8004  >  36566 [ACK] Seq=298478 Ack=144 Win=65024 Len=1448 TSval=2916039989 TSecr=3045559761 [TCP segment of a reassembled PDU]"
"52141","35.908701726","192.168.1.55","192.168.1.2","TCP","1514","8004  >  36566 [ACK] Seq=299926 Ack=144 Win=65024 Len=1448 TSval=2916039989 TSecr=3045559761 [TCP segment of a reassembled PDU]"
"52142","35.908703430","192.168.1.55","192.168.1.2","TCP","1514","8004  >  36566 [ACK] Seq=301374 Ack=144 Win=65024 Len=1448 TSval=2916039989 TSecr=3045559761 [TCP segment of a reassembled PDU]"
"52143","35.908704708","192.168.1.55","192.168.1.2","TCP","1514","8004  >  36566 [ACK] Seq=302822 Ack=144 Win=65024 Len=1448 TSval=2916039989 TSecr=3045559761 [TCP segment of a reassembled PDU]"
"52144","35.908706282","192.168.1.55","192.168.1.2","TCP","1514","8004  >  36566 [ACK] Seq=304270 Ack=144 Win=65024 Len=1448 TSval=2916039989 TSecr=3045559761 [TCP segment of a reassembled PDU]"
"52145","35.908707689","192.168.1.55","192.168.1.2","TCP","1514","8004  >  36566 [ACK] Seq=305718 Ack=144 Win=65024 Len=1448 TSval=2916039989 TSecr=3045559761 [TCP segment of a reassembled PDU]"
"52146","35.908709134","192.168.1.55","192.168.1.2","TCP","1514","8004  >  36566 [ACK] Seq=307166 Ack=144 Win=65024 Len=1448 TSval=2916039989 TSecr=3045559761 [TCP segment of a reassembled PDU]"
"52147","35.908710430","192.168.1.55","192.168.1.2","TCP","1514","8004  >  36566 [ACK] Seq=308614 Ack=144 Win=65024 Len=1448 TSval=2916039989 TSecr=3045559761 [TCP segment of a reassembled PDU]"
"52148","35.908711745","192.168.1.55","192.168.1.2","TCP","1514","8004  >  36566 [ACK] Seq=310062 Ack=144 Win=65024 Len=1448 TSval=2916039989 TSecr=3045559761 [TCP segment of a reassembled PDU]"
"52149","35.908713060","192.168.1.55","192.168.1.2","TCP","1514","8004  >  36566 [ACK] Seq=311510 Ack=144 Win=65024 Len=1448 TSval=2916039989 TSecr=3045559761 [TCP segment of a reassembled PDU]"
"52150","35.908714522","192.168.1.55","192.168.1.2","TCP","1514","8004  >  36566 [ACK] Seq=312958 Ack=144 Win=65024 Len=1448 TSval=2916039989 TSecr=3045559761 [TCP segment of a reassembled PDU]"
"52151","35.908715948","192.168.1.55","192.168.1.2","TCP","1514","8004  >  36566 [ACK] Seq=314406 Ack=144 Win=65024 Len=1448 TSval=2916039989 TSecr=3045559761 [TCP segment of a reassembled PDU]"
"52152","35.908717560","192.168.1.55","192.168.1.2","TCP","1514","8004  >  36566 [ACK] Seq=315854 Ack=144 Win=65024 Len=1448 TSval=2916039989 TSecr=3045559761 [TCP segment of a reassembled PDU]"
"52153","35.908719263","192.168.1.55","192.168.1.2","TCP","1514","8004  >  36566 [ACK] Seq=317302 Ack=144 Win=65024 Len=1448 TSval=2916039989 TSecr=3045559761 [TCP segment of a reassembled PDU]"
"52154","35.908720930","192.168.1.55","192.168.1.2","TCP","1514","8004  >  36566 [ACK] Seq=318750 Ack=144 Win=65024 Len=1448 TSval=2916039989 TSecr=3045559761 [TCP segment of a reassembled PDU]"
"52155","35.908722319","192.168.1.55","192.168.1.2","TCP","1514","8004  >  36566 [ACK] Seq=320198 Ack=144 Win=65024 Len=1448 TSval=2916039989 TSecr=3045559761 [TCP segment of a reassembled PDU]"
"52156","35.908723615","192.168.1.55","192.168.1.2","TCP","1514","8004  >  36566 [ACK] Seq=321646 Ack=144 Win=65024 Len=1448 TSval=2916039989 TSecr=3045559761 [TCP segment of a reassembled PDU]"
"52157","35.908724930","192.168.1.55","192.168.1.2","TCP","1514","8004  >  36566 [ACK] Seq=323094 Ack=144 Win=65024 Len=1448 TSval=2916039989 TSecr=3045559761 [TCP segment of a reassembled PDU]"
"52158","35.908726245","192.168.1.55","192.168.1.2","TCP","1514","8004  >  36566 [ACK] Seq=324542 Ack=144 Win=65024 Len=1448 TSval=2916039989 TSecr=3045559761 [TCP segment of a reassembled PDU]"
"52159","35.908727671","192.168.1.55","192.168.1.2","TCP","1514","8004  >  36566 [ACK] Seq=325990 Ack=144 Win=65024 Len=1448 TSval=2916039989 TSecr=3045559761 [TCP segment of a reassembled PDU]"
"52160","35.908729041","192.168.1.55","192.168.1.2","TCP","1514","8004  >  36566 [ACK] Seq=327438 Ack=144 Win=65024 Len=1448 TSval=2916039989 TSecr=3045559761 [TCP segment of a reassembled PDU]"
"52161","35.908730319","192.168.1.55","192.168.1.2","TCP","1514","8004  >  36566 [ACK] Seq=328886 Ack=144 Win=65024 Len=1448 TSval=2916039989 TSecr=3045559761 [TCP segment of a reassembled PDU]"
"52162","35.908731597","192.168.1.55","192.168.1.2","TCP","1514","8004  >  36566 [ACK] Seq=330334 Ack=144 Win=65024 Len=1448 TSval=2916039989 TSecr=3045559761 [TCP segment of a reassembled PDU]"
"52163","35.908732985","192.168.1.55","192.168.1.2","TCP","1514","8004  >  36566 [ACK] Seq=331782 Ack=144 Win=65024 Len=1448 TSval=2916039989 TSecr=3045559761 [TCP segment of a reassembled PDU]"
"52164","35.908734356","192.168.1.55","192.168.1.2","TCP","1514","8004  >  36566 [PSH, ACK] Seq=333230 Ack=144 Win=65024 Len=1448 TSval=2916039989 TSecr=3045559761 [TCP segment of a reassembled PDU]"
"52165","35.912555288","192.168.1.2","192.168.1.55","TCP","66","36566  >  8004 [ACK] Seq=144 Ack=286342 Win=82944 Len=0 TSval=3045559765 TSecr=2916039985"
"52166","35.912583862","192.168.1.55","192.168.1.2","TCP","1514","8004  >  36566 [ACK] Seq=334678 Ack=144 Win=65024 Len=1448 TSval=2916039993 TSecr=3045559765 [TCP segment of a reassembled PDU]"
"52167","35.912586195","192.168.1.55","192.168.1.2","TCP","1514","8004  >  36566 [ACK] Seq=336126 Ack=144 Win=65024 Len=1448 TSval=2916039993 TSecr=3045559765 [TCP segment of a reassembled PDU]"
"52168","35.912587547","192.168.1.55","192.168.1.2","TCP","1514","8004  >  36566 [ACK] Seq=337574 Ack=144 Win=65024 Len=1448 TSval=2916039993 TSecr=3045559765 [TCP segment of a reassembled PDU]"
"52169","35.912589010","192.168.1.55","192.168.1.2","TCP","1514","8004  >  36566 [ACK] Seq=339022 Ack=144 Win=65024 Len=1448 TSval=2916039993 TSecr=3045559765 [TCP segment of a reassembled PDU]"
"52170","35.912590325","192.168.1.55","192.168.1.2","TCP","1514","8004  >  36566 [ACK] Seq=340470 Ack=144 Win=65024 Len=1448 TSval=2916039993 TSecr=3045559765 [TCP segment of a reassembled PDU]"
"52171","35.912591658","192.168.1.55","192.168.1.2","TCP","1514","8004  >  36566 [ACK] Seq=341918 Ack=144 Win=65024 Len=1448 TSval=2916039993 TSecr=3045559765 [TCP segment of a reassembled PDU]"
"52172","35.912597881","192.168.1.55","192.168.1.2","TCP","1514","8004  >  36566 [ACK] Seq=343366 Ack=144 Win=65024 Len=1448 TSval=2916039993 TSecr=3045559765 [TCP segment of a reassembled PDU]"
"52173","35.912599529","192.168.1.55","192.168.1.2","TCP","1514","8004  >  36566 [ACK] Seq=344814 Ack=144 Win=65024 Len=1448 TSval=2916039993 TSecr=3045559765 [TCP segment of a reassembled PDU]"
"52174","35.912600918","192.168.1.55","192.168.1.2","TCP","1514","8004  >  36566 [ACK] Seq=346262 Ack=144 Win=65024 Len=1448 TSval=2916039993 TSecr=3045559765 [TCP segment of a reassembled PDU]"
"52175","35.912602677","192.168.1.55","192.168.1.2","TCP","1514","8004  >  36566 [ACK] Seq=347710 Ack=144 Win=65024 Len=1448 TSval=2916039993 TSecr=3045559765 [TCP segment of a reassembled PDU]"
"52176","35.912603992","192.168.1.55","192.168.1.2","TCP","1514","8004  >  36566 [ACK] Seq=349158 Ack=144 Win=65024 Len=1448 TSval=2916039993 TSecr=3045559765 [TCP segment of a reassembled PDU]"
"52177","35.912605344","192.168.1.55","192.168.1.2","TCP","1514","8004  >  36566 [ACK] Seq=350606 Ack=144 Win=65024 Len=1448 TSval=2916039993 TSecr=3045559765 [TCP segment of a reassembled PDU]"
"52178","35.912606603","192.168.1.55","192.168.1.2","TCP","1514","8004  >  36566 [ACK] Seq=352054 Ack=144 Win=65024 Len=1448 TSval=2916039993 TSecr=3045559765 [TCP segment of a reassembled PDU]"
"52179","35.912608010","192.168.1.55","192.168.1.2","TCP","1514","8004  >  36566 [ACK] Seq=353502 Ack=144 Win=65024 Len=1448 TSval=2916039993 TSecr=3045559765 [TCP segment of a reassembled PDU]"
"52180","35.912609436","192.168.1.55","192.168.1.2","TCP","1514","8004  >  36566 [ACK] Seq=354950 Ack=144 Win=65024 Len=1448 TSval=2916039993 TSecr=3045559765 [TCP segment of a reassembled PDU]"
"52181","35.912610732","192.168.1.55","192.168.1.2","TCP","1514","8004  >  36566 [ACK] Seq=356398 Ack=144 Win=65024 Len=1448 TSval=2916039993 TSecr=3045559765 [TCP segment of a reassembled PDU]"
"52182","35.912612029","192.168.1.55","192.168.1.2","TCP","1514","8004  >  36566 [ACK] Seq=357846 Ack=144 Win=65024 Len=1448 TSval=2916039993 TSecr=3045559765 [TCP segment of a reassembled PDU]"
"52183","35.912613492","192.168.1.55","192.168.1.2","TCP","1514","8004  >  36566 [ACK] Seq=359294 Ack=144 Win=65024 Len=1448 TSval=2916039993 TSecr=3045559765 [TCP segment of a reassembled PDU]"
"52184","35.912614955","192.168.1.55","192.168.1.2","TCP","1514","8004  >  36566 [ACK] Seq=360742 Ack=144 Win=65024 Len=1448 TSval=2916039993 TSecr=3045559765 [TCP segment of a reassembled PDU]"
"52185","35.912616825","192.168.1.55","192.168.1.2","TCP","1514","8004  >  36566 [ACK] Seq=362190 Ack=144 Win=65024 Len=1448 TSval=2916039993 TSecr=3045559765 [TCP segment of a reassembled PDU]"
"52186","35.912618288","192.168.1.55","192.168.1.2","TCP","1514","8004  >  36566 [ACK] Seq=363638 Ack=144 Win=65024 Len=1448 TSval=2916039993 TSecr=3045559765 [TCP segment of a reassembled PDU]"
"52187","35.912619807","192.168.1.55","192.168.1.2","TCP","1514","8004  >  36566 [ACK] Seq=365086 Ack=144 Win=65024 Len=1448 TSval=2916039993 TSecr=3045559765 [TCP segment of a reassembled PDU]"
"52188","35.912621492","192.168.1.55","192.168.1.2","TCP","1514","8004  >  36566 [PSH, ACK] Seq=366534 Ack=144 Win=65024 Len=1448 TSval=2916039993 TSecr=3045559765 [TCP segment of a reassembled PDU]"
"52189","35.912683029","192.168.1.2","192.168.1.55","TCP","66","36566  >  8004 [ACK] Seq=144 Ack=292686 Win=76800 Len=0 TSval=3045559765 TSecr=2916039985"
"52190","35.912691455","192.168.1.2","192.168.1.55","TCP","66","36566  >  8004 [ACK] Seq=144 Ack=297030 Win=121856 Len=0 TSval=3045559765 TSecr=2916039986"
"52191","35.912709325","192.168.1.55","192.168.1.2","TCP","1514","8004  >  36566 [ACK] Seq=367982 Ack=144 Win=65024 Len=1448 TSval=2916039993 TSecr=3045559765 [TCP segment of a reassembled PDU]"
"52192","35.912711307","192.168.1.55","192.168.1.2","TCP","1514","8004  >  36566 [ACK] Seq=369430 Ack=144 Win=65024 Len=1448 TSval=2916039993 TSecr=3045559765 [TCP segment of a reassembled PDU]"
"52193","35.912712640","192.168.1.55","192.168.1.2","TCP","1514","8004  >  36566 [ACK] Seq=370878 Ack=144 Win=65024 Len=1448 TSval=2916039993 TSecr=3045559765 [TCP segment of a reassembled PDU]"
"52194","35.912714362","192.168.1.55","192.168.1.2","TCP","1514","8004  >  36566 [ACK] Seq=372326 Ack=144 Win=65024 Len=1448 TSval=2916039993 TSecr=3045559765 [TCP segment of a reassembled PDU]"
"52195","35.912715751","192.168.1.55","192.168.1.2","TCP","1514","8004  >  36566 [ACK] Seq=373774 Ack=144 Win=65024 Len=1448 TSval=2916039993 TSecr=3045559765 [TCP segment of a reassembled PDU]"
"52196","35.912717214","192.168.1.55","192.168.1.2","TCP","1514","8004  >  36566 [ACK] Seq=375222 Ack=144 Win=65024 Len=1448 TSval=2916039993 TSecr=3045559765 [TCP segment of a reassembled PDU]"
"52197","35.912718733","192.168.1.55","192.168.1.2","TCP","1514","8004  >  36566 [ACK] Seq=376670 Ack=144 Win=65024 Len=1448 TSval=2916039993 TSecr=3045559765 [TCP segment of a reassembled PDU]"
"52198","35.912720196","192.168.1.55","192.168.1.2","TCP","1514","8004  >  36566 [PSH, ACK] Seq=378118 Ack=144 Win=65024 Len=1448 TSval=2916039993 TSecr=3045559765 [TCP segment of a reassembled PDU]"
"52199","35.912725103","192.168.1.2","192.168.1.55","TCP","66","36566  >  8004 [ACK] Seq=144 Ack=327438 Win=93184 Len=0 TSval=3045559768 TSecr=2916039989"
"52200","35.912765362","192.168.1.55","192.168.1.2","TCP","1514","8004  >  36566 [ACK] Seq=379566 Ack=144 Win=65024 Len=1448 TSval=2916039993 TSecr=3045559768 [TCP segment of a reassembled PDU]"
"52201","35.912767936","192.168.1.55","192.168.1.2","TCP","1514","8004  >  36566 [ACK] Seq=381014 Ack=144 Win=65024 Len=1448 TSval=2916039993 TSecr=3045559768 [TCP segment of a reassembled PDU]"
"52202","35.912769473","192.168.1.55","192.168.1.2","TCP","1514","8004  >  36566 [ACK] Seq=382462 Ack=144 Win=65024 Len=1448 TSval=2916039993 TSecr=3045559768 [TCP segment of a reassembled PDU]"
"52203","35.912770899","192.168.1.55","192.168.1.2","TCP","1514","8004  >  36566 [ACK] Seq=383910 Ack=144 Win=65024 Len=1448 TSval=2916039993 TSecr=3045559768 [TCP segment of a reassembled PDU]"
"52204","35.912772325","192.168.1.55","192.168.1.2","TCP","1514","8004  >  36566 [ACK] Seq=385358 Ack=144 Win=65024 Len=1448 TSval=2916039993 TSecr=3045559768 [TCP segment of a reassembled PDU]"
"52205","35.912773807","192.168.1.55","192.168.1.2","TCP","1514","8004  >  36566 [ACK] Seq=386806 Ack=144 Win=65024 Len=1448 TSval=2916039993 TSecr=3045559768 [TCP segment of a reassembled PDU]"
"52206","35.912775270","192.168.1.55","192.168.1.2","TCP","1514","8004  >  36566 [ACK] Seq=388254 Ack=144 Win=65024 Len=1448 TSval=2916039993 TSecr=3045559768 [TCP segment of a reassembled PDU]"
"52207","35.912776825","192.168.1.55","192.168.1.2","TCP","1514","8004  >  36566 [ACK] Seq=389702 Ack=144 Win=65024 Len=1448 TSval=2916039993 TSecr=3045559768 [TCP segment of a reassembled PDU]"
"52208","35.912778177","192.168.1.55","192.168.1.2","TCP","1514","8004  >  36566 [ACK] Seq=391150 Ack=144 Win=65024 Len=1448 TSval=2916039993 TSecr=3045559768 [TCP segment of a reassembled PDU]"
"52209","35.912780214","192.168.1.55","192.168.1.2","TCP","1514","8004  >  36566 [ACK] Seq=392598 Ack=144 Win=65024 Len=1448 TSval=2916039993 TSecr=3045559768 [TCP segment of a reassembled PDU]"
"52210","35.912781659","192.168.1.55","192.168.1.2","TCP","1514","8004  >  36566 [ACK] Seq=394046 Ack=144 Win=65024 Len=1448 TSval=2916039993 TSecr=3045559768 [TCP segment of a reassembled PDU]"
"52211","35.912783029","192.168.1.55","192.168.1.2","TCP","1514","8004  >  36566 [ACK] Seq=395494 Ack=144 Win=65024 Len=1448 TSval=2916039993 TSecr=3045559768 [TCP segment of a reassembled PDU]"
"52212","35.912784455","192.168.1.55","192.168.1.2","TCP","1514","8004  >  36566 [ACK] Seq=396942 Ack=144 Win=65024 Len=1448 TSval=2916039993 TSecr=3045559768 [TCP segment of a reassembled PDU]"
"52213","35.912785844","192.168.1.55","192.168.1.2","TCP","1514","8004  >  36566 [ACK] Seq=398390 Ack=144 Win=65024 Len=1448 TSval=2916039993 TSecr=3045559768 [TCP segment of a reassembled PDU]"
"52214","35.912787492","192.168.1.55","192.168.1.2","TCP","1514","8004  >  36566 [ACK] Seq=399838 Ack=144 Win=65024 Len=1448 TSval=2916039993 TSecr=3045559768 [TCP segment of a reassembled PDU]"
"52215","35.912788992","192.168.1.55","192.168.1.2","TCP","1514","8004  >  36566 [ACK] Seq=401286 Ack=144 Win=65024 Len=1448 TSval=2916039993 TSecr=3045559768 [TCP segment of a reassembled PDU]"
"52216","35.912790585","192.168.1.55","192.168.1.2","TCP","1514","8004  >  36566 [ACK] Seq=402734 Ack=144 Win=65024 Len=1448 TSval=2916039993 TSecr=3045559768 [TCP segment of a reassembled PDU]"
"52217","35.912791955","192.168.1.55","192.168.1.2","TCP","1514","8004  >  36566 [ACK] Seq=404182 Ack=144 Win=65024 Len=1448 TSval=2916039993 TSecr=3045559768 [TCP segment of a reassembled PDU]"
"52218","35.912793473","192.168.1.55","192.168.1.2","TCP","1514","8004  >  36566 [ACK] Seq=405630 Ack=144 Win=65024 Len=1448 TSval=2916039993 TSecr=3045559768 [TCP segment of a reassembled PDU]"
"52219","35.912795214","192.168.1.55","192.168.1.2","TCP","1514","8004  >  36566 [ACK] Seq=407078 Ack=144 Win=65024 Len=1448 TSval=2916039993 TSecr=3045559768 [TCP segment of a reassembled PDU]"
"52220","35.912796955","192.168.1.55","192.168.1.2","TCP","1514","8004  >  36566 [ACK] Seq=408526 Ack=144 Win=65024 Len=1448 TSval=2916039993 TSecr=3045559768 [TCP segment of a reassembled PDU]"
"52221","35.912798362","192.168.1.55","192.168.1.2","TCP","1514","8004  >  36566 [ACK] Seq=409974 Ack=144 Win=65024 Len=1448 TSval=2916039993 TSecr=3045559768 [TCP segment of a reassembled PDU]"
"52222","35.912799770","192.168.1.55","192.168.1.2","TCP","1514","8004  >  36566 [ACK] Seq=411422 Ack=144 Win=65024 Len=1448 TSval=2916039993 TSecr=3045559768 [TCP segment of a reassembled PDU]"
"52223","35.912801214","192.168.1.55","192.168.1.2","TCP","1514","8004  >  36566 [ACK] Seq=412870 Ack=144 Win=65024 Len=1448 TSval=2916039993 TSecr=3045559768 [TCP segment of a reassembled PDU]"
"52224","35.912802788","192.168.1.55","192.168.1.2","TCP","1514","8004  >  36566 [ACK] Seq=414318 Ack=144 Win=65024 Len=1448 TSval=2916039993 TSecr=3045559768 [TCP segment of a reassembled PDU]"
"52225","35.912804270","192.168.1.55","192.168.1.2","TCP","1514","8004  >  36566 [ACK] Seq=415766 Ack=144 Win=65024 Len=1448 TSval=2916039993 TSecr=3045559768 [TCP segment of a reassembled PDU]"
"52226","35.912805788","192.168.1.55","192.168.1.2","TCP","1514","8004  >  36566 [ACK] Seq=417214 Ack=144 Win=65024 Len=1448 TSval=2916039993 TSecr=3045559768 [TCP segment of a reassembled PDU]"
"52227","35.912807270","192.168.1.55","192.168.1.2","TCP","1514","8004  >  36566 [ACK] Seq=418662 Ack=144 Win=65024 Len=1448 TSval=2916039993 TSecr=3045559768 [TCP segment of a reassembled PDU]"
"52228","35.912808992","192.168.1.55","192.168.1.2","TCP","578","[TCP Window Full] 8004  >  36566 [PSH, ACK] Seq=420110 Ack=144 Win=65024 Len=512 TSval=2916039993 TSecr=3045559768 [TCP segment of a reassembled PDU]"
"52229","35.918605649","192.168.1.2","192.168.1.55","TCP","66","36566  >  8004 [ACK] Seq=144 Ack=334678 Win=115712 Len=0 TSval=3045559769 TSecr=2916039989"
"52230","35.918656076","192.168.1.55","192.168.1.2","TCP","1514","8004  >  36566 [ACK] Seq=420622 Ack=144 Win=65024 Len=1448 TSval=2916039999 TSecr=3045559769 [TCP segment of a reassembled PDU]"
"52231","35.918659816","192.168.1.55","192.168.1.2","TCP","1514","8004  >  36566 [PSH, ACK] Seq=422070 Ack=144 Win=65024 Len=1448 TSval=2916039999 TSecr=3045559769 [TCP segment of a reassembled PDU]"
"52232","35.918666538","192.168.1.55","192.168.1.2","TCP","1002","8004  >  36566 [ACK] Seq=423518 Ack=144 Win=65024 Len=936 TSval=2916039999 TSecr=3045559769 [TCP segment of a reassembled PDU]"
"52233","35.921280413","192.168.1.2","192.168.1.55","TCP","66","36566  >  8004 [ACK] Seq=144 Ack=367982 Win=133120 Len=0 TSval=3045559774 TSecr=2916039993"
"52234","35.921331506","192.168.1.55","192.168.1.2","TCP","1514","8004  >  36566 [ACK] Seq=424454 Ack=144 Win=65024 Len=1448 TSval=2916040002 TSecr=3045559774 [TCP segment of a reassembled PDU]"
"52235","35.921334135","192.168.1.55","192.168.1.2","TCP","1514","8004  >  36566 [ACK] Seq=425902 Ack=144 Win=65024 Len=1448 TSval=2916040002 TSecr=3045559774 [TCP segment of a reassembled PDU]"
"52236","35.921335321","192.168.1.55","192.168.1.2","TCP","1514","8004  >  36566 [ACK] Seq=427350 Ack=144 Win=65024 Len=1448 TSval=2916040002 TSecr=3045559774 [TCP segment of a reassembled PDU]"
"52237","35.921336450","192.168.1.55","192.168.1.2","TCP","1514","8004  >  36566 [ACK] Seq=428798 Ack=144 Win=65024 Len=1448 TSval=2916040002 TSecr=3045559774 [TCP segment of a reassembled PDU]"
"52238","35.921337691","192.168.1.55","192.168.1.2","TCP","1514","8004  >  36566 [ACK] Seq=430246 Ack=144 Win=65024 Len=1448 TSval=2916040002 TSecr=3045559774 [TCP segment of a reassembled PDU]"
"52239","35.921338746","192.168.1.55","192.168.1.2","TCP","1514","8004  >  36566 [ACK] Seq=431694 Ack=144 Win=65024 Len=1448 TSval=2916040002 TSecr=3045559774 [TCP segment of a reassembled PDU]"
"52240","35.921339876","192.168.1.55","192.168.1.2","TCP","1514","8004  >  36566 [ACK] Seq=433142 Ack=144 Win=65024 Len=1448 TSval=2916040002 TSecr=3045559774 [TCP segment of a reassembled PDU]"
"52241","35.921341209","192.168.1.55","192.168.1.2","TCP","1514","8004  >  36566 [ACK] Seq=434590 Ack=144 Win=65024 Len=1448 TSval=2916040002 TSecr=3045559774 [TCP segment of a reassembled PDU]"
"52242","35.921342284","192.168.1.55","192.168.1.2","TCP","1514","8004  >  36566 [ACK] Seq=436038 Ack=144 Win=65024 Len=1448 TSval=2916040002 TSecr=3045559774 [TCP segment of a reassembled PDU]"
"52243","35.921343524","192.168.1.55","192.168.1.2","TCP","1514","8004  >  36566 [ACK] Seq=437486 Ack=144 Win=65024 Len=1448 TSval=2916040002 TSecr=3045559774 [TCP segment of a reassembled PDU]"
"52244","35.921344598","192.168.1.55","192.168.1.2","TCP","1514","8004  >  36566 [ACK] Seq=438934 Ack=144 Win=65024 Len=1448 TSval=2916040002 TSecr=3045559774 [TCP segment of a reassembled PDU]"
"52245","35.921345765","192.168.1.55","192.168.1.2","TCP","1514","8004  >  36566 [ACK] Seq=440382 Ack=144 Win=65024 Len=1448 TSval=2916040002 TSecr=3045559774 [TCP segment of a reassembled PDU]"
"52246","35.921346950","192.168.1.55","192.168.1.2","TCP","1514","8004  >  36566 [ACK] Seq=441830 Ack=144 Win=65024 Len=1448 TSval=2916040002 TSecr=3045559774 [TCP segment of a reassembled PDU]"
"52247","35.921348080","192.168.1.55","192.168.1.2","TCP","1514","8004  >  36566 [ACK] Seq=443278 Ack=144 Win=65024 Len=1448 TSval=2916040002 TSecr=3045559774 [TCP segment of a reassembled PDU]"
"52248","35.921349172","192.168.1.55","192.168.1.2","TCP","1514","8004  >  36566 [ACK] Seq=444726 Ack=144 Win=65024 Len=1448 TSval=2916040002 TSecr=3045559774 [TCP segment of a reassembled PDU]"
"52249","35.921350321","192.168.1.55","192.168.1.2","TCP","1514","8004  >  36566 [ACK] Seq=446174 Ack=144 Win=65024 Len=1448 TSval=2916040002 TSecr=3045559774 [TCP segment of a reassembled PDU]"
"52250","35.921351561","192.168.1.55","192.168.1.2","TCP","1514","8004  >  36566 [ACK] Seq=447622 Ack=144 Win=65024 Len=1448 TSval=2916040002 TSecr=3045559774 [TCP segment of a reassembled PDU]"
"52251","35.921352802","192.168.1.55","192.168.1.2","TCP","1514","8004  >  36566 [ACK] Seq=449070 Ack=144 Win=65024 Len=1448 TSval=2916040002 TSecr=3045559774 [TCP segment of a reassembled PDU]"
"52252","35.921353969","192.168.1.55","192.168.1.2","TCP","1514","8004  >  36566 [ACK] Seq=450518 Ack=144 Win=65024 Len=1448 TSval=2916040002 TSecr=3045559774 [TCP segment of a reassembled PDU]"
"52253","35.921355080","192.168.1.55","192.168.1.2","TCP","1514","8004  >  36566 [ACK] Seq=451966 Ack=144 Win=65024 Len=1448 TSval=2916040002 TSecr=3045559774 [TCP segment of a reassembled PDU]"
"52254","35.921356172","192.168.1.55","192.168.1.2","TCP","1514","8004  >  36566 [ACK] Seq=453414 Ack=144 Win=65024 Len=1448 TSval=2916040002 TSecr=3045559774 [TCP segment of a reassembled PDU]"
"52255","35.921357784","192.168.1.55","192.168.1.2","TCP","1514","8004  >  36566 [ACK] Seq=454862 Ack=144 Win=65024 Len=1448 TSval=2916040002 TSecr=3045559774 [TCP segment of a reassembled PDU]"
"52256","35.921358987","192.168.1.55","192.168.1.2","TCP","1514","8004  >  36566 [ACK] Seq=456310 Ack=144 Win=65024 Len=1448 TSval=2916040002 TSecr=3045559774 [TCP segment of a reassembled PDU]"
"52257","35.921360080","192.168.1.55","192.168.1.2","TCP","1514","8004  >  36566 [ACK] Seq=457758 Ack=144 Win=65024 Len=1448 TSval=2916040002 TSecr=3045559774 [TCP segment of a reassembled PDU]"
"52258","35.921361339","192.168.1.55","192.168.1.2","TCP","1514","8004  >  36566 [ACK] Seq=459206 Ack=144 Win=65024 Len=1448 TSval=2916040002 TSecr=3045559774 [TCP segment of a reassembled PDU]"
"52259","35.921362543","192.168.1.55","192.168.1.2","TCP","1514","8004  >  36566 [ACK] Seq=460654 Ack=144 Win=65024 Len=1448 TSval=2916040002 TSecr=3045559774 [TCP segment of a reassembled PDU]"
"52260","35.921363617","192.168.1.55","192.168.1.2","TCP","1514","8004  >  36566 [ACK] Seq=462102 Ack=144 Win=65024 Len=1448 TSval=2916040002 TSecr=3045559774 [TCP segment of a reassembled PDU]"
"52261","35.921364802","192.168.1.55","192.168.1.2","TCP","1514","8004  >  36566 [ACK] Seq=463550 Ack=144 Win=65024 Len=1448 TSval=2916040002 TSecr=3045559774 [TCP segment of a reassembled PDU]"
"52262","35.921365876","192.168.1.55","192.168.1.2","TCP","1514","8004  >  36566 [ACK] Seq=464998 Ack=144 Win=65024 Len=1448 TSval=2916040002 TSecr=3045559774 [TCP segment of a reassembled PDU]"
"52263","35.921366969","192.168.1.55","192.168.1.2","TCP","1514","8004  >  36566 [ACK] Seq=466446 Ack=144 Win=65024 Len=1448 TSval=2916040002 TSecr=3045559774 [TCP segment of a reassembled PDU]"
"52264","35.921368413","192.168.1.55","192.168.1.2","TCP","1514","8004  >  36566 [PSH, ACK] Seq=467894 Ack=144 Win=65024 Len=1448 TSval=2916040002 TSecr=3045559774 [TCP segment of a reassembled PDU]"
"52265","35.921399524","192.168.1.55","192.168.1.2","TCP","1514","8004  >  36566 [ACK] Seq=469342 Ack=144 Win=65024 Len=1448 TSval=2916040002 TSecr=3045559774 [TCP segment of a reassembled PDU]"
"52266","35.921401265","192.168.1.55","192.168.1.2","TCP","1514","8004  >  36566 [ACK] Seq=470790 Ack=144 Win=65024 Len=1448 TSval=2916040002 TSecr=3045559774 [TCP segment of a reassembled PDU]"
"52267","35.921402506","192.168.1.55","192.168.1.2","TCP","1514","8004  >  36566 [ACK] Seq=472238 Ack=144 Win=65024 Len=1448 TSval=2916040002 TSecr=3045559774 [TCP segment of a reassembled PDU]"
"52268","35.921403691","192.168.1.55","192.168.1.2","TCP","1514","8004  >  36566 [ACK] Seq=473686 Ack=144 Win=65024 Len=1448 TSval=2916040002 TSecr=3045559774 [TCP segment of a reassembled PDU]"
"52269","35.921404876","192.168.1.55","192.168.1.2","TCP","1514","8004  >  36566 [ACK] Seq=475134 Ack=144 Win=65024 Len=1448 TSval=2916040002 TSecr=3045559774 [TCP segment of a reassembled PDU]"
"52270","35.921405950","192.168.1.55","192.168.1.2","TCP","1514","8004  >  36566 [ACK] Seq=476582 Ack=144 Win=65024 Len=1448 TSval=2916040002 TSecr=3045559774 [TCP segment of a reassembled PDU]"
"52271","35.921407061","192.168.1.55","192.168.1.2","TCP","1514","8004  >  36566 [ACK] Seq=478030 Ack=144 Win=65024 Len=1448 TSval=2916040002 TSecr=3045559774 [TCP segment of a reassembled PDU]"
"52272","35.921408173","192.168.1.55","192.168.1.2","TCP","1514","8004  >  36566 [ACK] Seq=479478 Ack=144 Win=65024 Len=1448 TSval=2916040002 TSecr=3045559774 [TCP segment of a reassembled PDU]"
"52273","35.921409321","192.168.1.55","192.168.1.2","TCP","1514","8004  >  36566 [ACK] Seq=480926 Ack=144 Win=65024 Len=1448 TSval=2916040002 TSecr=3045559774 [TCP segment of a reassembled PDU]"
"52274","35.921410506","192.168.1.55","192.168.1.2","TCP","1514","8004  >  36566 [ACK] Seq=482374 Ack=144 Win=65024 Len=1448 TSval=2916040002 TSecr=3045559774 [TCP segment of a reassembled PDU]"
"52275","35.921411580","192.168.1.55","192.168.1.2","TCP","1514","8004  >  36566 [ACK] Seq=483822 Ack=144 Win=65024 Len=1448 TSval=2916040002 TSecr=3045559774 [TCP segment of a reassembled PDU]"
"52276","35.921412710","192.168.1.55","192.168.1.2","TCP","1514","8004  >  36566 [ACK] Seq=485270 Ack=144 Win=65024 Len=1448 TSval=2916040002 TSecr=3045559774 [TCP segment of a reassembled PDU]"
"52277","35.921413839","192.168.1.55","192.168.1.2","TCP","1514","8004  >  36566 [ACK] Seq=486718 Ack=144 Win=65024 Len=1448 TSval=2916040002 TSecr=3045559774 [TCP segment of a reassembled PDU]"
"52278","35.921414950","192.168.1.55","192.168.1.2","TCP","1514","8004  >  36566 [ACK] Seq=488166 Ack=144 Win=65024 Len=1448 TSval=2916040002 TSecr=3045559774 [TCP segment of a reassembled PDU]"
"52279","35.921416284","192.168.1.55","192.168.1.2","TCP","1514","8004  >  36566 [ACK] Seq=489614 Ack=144 Win=65024 Len=1448 TSval=2916040002 TSecr=3045559774 [TCP segment of a reassembled PDU]"
"52280","35.921417469","192.168.1.55","192.168.1.2","TCP","1514","8004  >  36566 [ACK] Seq=491062 Ack=144 Win=65024 Len=1448 TSval=2916040002 TSecr=3045559774 [TCP segment of a reassembled PDU]"
"52281","35.921418561","192.168.1.55","192.168.1.2","TCP","1514","8004  >  36566 [ACK] Seq=492510 Ack=144 Win=65024 Len=1448 TSval=2916040002 TSecr=3045559774 [TCP segment of a reassembled PDU]"
"52282","35.921419821","192.168.1.55","192.168.1.2","TCP","1514","8004  >  36566 [ACK] Seq=493958 Ack=144 Win=65024 Len=1448 TSval=2916040002 TSecr=3045559774 [TCP segment of a reassembled PDU]"
"52283","35.921420895","192.168.1.55","192.168.1.2","TCP","1514","8004  >  36566 [ACK] Seq=495406 Ack=144 Win=65024 Len=1448 TSval=2916040002 TSecr=3045559774 [TCP segment of a reassembled PDU]"
"52284","35.921422117","192.168.1.55","192.168.1.2","TCP","1514","8004  >  36566 [PSH, ACK] Seq=496854 Ack=144 Win=65024 Len=1448 TSval=2916040002 TSecr=3045559774 [TCP segment of a reassembled PDU]"
"52285","35.921426636","192.168.1.55","192.168.1.2","HTTP","222","HTTP/1.0 200 OK  (PNG)"
"52286","35.921483562","192.168.1.2","192.168.1.55","TCP","66","36566  >  8004 [ACK] Seq=144 Ack=379566 Win=121856 Len=0 TSval=3045559774 TSecr=2916039993"
"52287","35.921492969","192.168.1.2","192.168.1.55","TCP","66","36566  >  8004 [ACK] Seq=144 Ack=415766 Win=86016 Len=0 TSval=3045559774 TSecr=2916039993"
"52288","35.921498839","192.168.1.2","192.168.1.55","TCP","66","36566  >  8004 [ACK] Seq=144 Ack=417214 Win=136192 Len=0 TSval=3045559775 TSecr=2916039993"
"52289","35.922700452","192.168.1.2","192.168.1.55","TCP","66","36566  >  8004 [ACK] Seq=144 Ack=420622 Win=143360 Len=0 TSval=3045559777 TSecr=2916039993"
"52290","35.922729286","192.168.1.2","192.168.1.55","TCP","66","36566  >  8004 [ACK] Seq=144 Ack=424454 Win=148480 Len=0 TSval=3045559777 TSecr=2916039999"
"52291","35.927120404","192.168.1.2","192.168.1.55","TCP","66","36566  >  8004 [ACK] Seq=144 Ack=434590 Win=152576 Len=0 TSval=3045559782 TSecr=2916040002"
"52292","35.927279812","192.168.1.2","192.168.1.55","TCP","66","36566  >  8004 [ACK] Seq=144 Ack=469342 Win=130048 Len=0 TSval=3045559782 TSecr=2916040002"
"52293","35.927286645","192.168.1.2","192.168.1.55","TCP","66","36566  >  8004 [ACK] Seq=144 Ack=478030 Win=121856 Len=0 TSval=3045559782 TSecr=2916040002"
"52294","35.927290404","192.168.1.2","192.168.1.55","TCP","66","36566  >  8004 [ACK] Seq=144 Ack=496854 Win=136192 Len=0 TSval=3045559782 TSecr=2916040002"
"52295","35.927823683","192.168.1.2","192.168.1.55","TCP","66","36566  >  8004 [ACK] Seq=144 Ack=498302 Win=155648 Len=0 TSval=3045559783 TSecr=2916040002"
"52296","35.929256518","192.168.1.2","192.168.1.55","TCP","66","36566  >  8004 [FIN, ACK] Seq=144 Ack=498459 Win=157696 Len=0 TSval=3045559784 TSecr=2916040002"
"52297","35.929273130","192.168.1.55","192.168.1.2","TCP","66","8004  >  36566 [ACK] Seq=498459 Ack=145 Win=65024 Len=0 TSval=2916040009 TSecr=3045559784"
"52298","35.929387426","192.168.1.2","192.168.1.55","TCP","74","36582  >  8004 [SYN] Seq=0 Win=64240 Len=0 MSS=1460 SACK_PERM TSval=3045559784 TSecr=0 WS=1024"
"52299","35.929410945","192.168.1.55","192.168.1.2","TCP","74","8004  >  36582 [SYN, ACK] Seq=0 Ack=1 Win=65160 Len=0 MSS=1460 SACK_PERM TSval=2916040010 TSecr=3045559784 WS=128"
"52300","35.932642505","192.168.1.2","192.168.1.55","TCP","66","36582  >  8004 [ACK] Seq=1 Ack=1 Win=64512 Len=0 TSval=3045559787 TSecr=2916040010"
"52301","35.932753654","192.168.1.2","192.168.1.55","HTTP","206","GET /stego_benchmark.png HTTP/1.1 "
"52302","35.932766413","192.168.1.55","192.168.1.2","TCP","66","8004  >  36582 [ACK] Seq=1 Ack=141 Win=65024 Len=0 TSval=2916040013 TSecr=3045559787"
"52303","35.933563470","192.168.1.55","192.168.1.2","TCP","255","8004  >  36582 [PSH, ACK] Seq=1 Ack=141 Win=65024 Len=189 TSval=2916040014 TSecr=3045559787 [TCP segment of a reassembled PDU]"
"52304","35.933660174","192.168.1.55","192.168.1.2","TCP","1514","8004  >  36582 [ACK] Seq=190 Ack=141 Win=65024 Len=1448 TSval=2916040014 TSecr=3045559787 [TCP segment of a reassembled PDU]"
"52305","35.933664877","192.168.1.55","192.168.1.2","TCP","1514","8004  >  36582 [ACK] Seq=1638 Ack=141 Win=65024 Len=1448 TSval=2916040014 TSecr=3045559787 [TCP segment of a reassembled PDU]"
"52306","35.933665951","192.168.1.55","192.168.1.2","TCP","1514","8004  >  36582 [ACK] Seq=3086 Ack=141 Win=65024 Len=1448 TSval=2916040014 TSecr=3045559787 [TCP segment of a reassembled PDU]"
"52307","35.933667063","192.168.1.55","192.168.1.2","TCP","1514","8004  >  36582 [ACK] Seq=4534 Ack=141 Win=65024 Len=1448 TSval=2916040014 TSecr=3045559787 [TCP segment of a reassembled PDU]"
"52308","35.933668026","192.168.1.55","192.168.1.2","TCP","1514","8004  >  36582 [PSH, ACK] Seq=5982 Ack=141 Win=65024 Len=1448 TSval=2916040014 TSecr=3045559787 [TCP segment of a reassembled PDU]"
"52309","35.933685285","192.168.1.55","192.168.1.2","TCP","1514","8004  >  36582 [ACK] Seq=7430 Ack=141 Win=65024 Len=1448 TSval=2916040014 TSecr=3045559787 [TCP segment of a reassembled PDU]"
"52310","35.933687266","192.168.1.55","192.168.1.2","TCP","1514","8004  >  36582 [ACK] Seq=8878 Ack=141 Win=65024 Len=1448 TSval=2916040014 TSecr=3045559787 [TCP segment of a reassembled PDU]"
"52311","35.933688229","192.168.1.55","192.168.1.2","TCP","1514","8004  >  36582 [ACK] Seq=10326 Ack=141 Win=65024 Len=1448 TSval=2916040014 TSecr=3045559787 [TCP segment of a reassembled PDU]"
"52312","35.933689581","192.168.1.55","192.168.1.2","TCP","1514","8004  >  36582 [PSH, ACK] Seq=11774 Ack=141 Win=65024 Len=1448 TSval=2916040014 TSecr=3045559787 [TCP segment of a reassembled PDU]"
"52313","35.937042975","192.168.1.2","192.168.1.55","TCP","66","36582  >  8004 [ACK] Seq=141 Ack=190 Win=64512 Len=0 TSval=3045559791 TSecr=2916040014"
"52314","35.937096513","192.168.1.55","192.168.1.2","TCP","1514","8004  >  36582 [ACK] Seq=13222 Ack=141 Win=65024 Len=1448 TSval=2916040017 TSecr=3045559791 [TCP segment of a reassembled PDU]"
"52315","35.937103179","192.168.1.55","192.168.1.2","TCP","1514","8004  >  36582 [PSH, ACK] Seq=14670 Ack=141 Win=65024 Len=1448 TSval=2916040017 TSecr=3045559791 [TCP segment of a reassembled PDU]"
"52316","35.937167994","192.168.1.2","192.168.1.55","TCP","66","36582  >  8004 [ACK] Seq=141 Ack=1638 Win=67584 Len=0 TSval=3045559791 TSecr=2916040014"
"52317","35.937177216","192.168.1.2","192.168.1.55","TCP","66","36582  >  8004 [ACK] Seq=141 Ack=7430 Win=79872 Len=0 TSval=3045559792 TSecr=2916040014"
"52318","35.937214920","192.168.1.55","192.168.1.2","TCP","1514","8004  >  36582 [ACK] Seq=16118 Ack=141 Win=65024 Len=1448 TSval=2916040017 TSecr=3045559792 [TCP segment of a reassembled PDU]"
"52319","35.937219346","192.168.1.55","192.168.1.2","TCP","1514","8004  >  36582 [ACK] Seq=17566 Ack=141 Win=65024 Len=1448 TSval=2916040017 TSecr=3045559792 [TCP segment of a reassembled PDU]"
"52320","35.937221920","192.168.1.55","192.168.1.2","TCP","1514","8004  >  36582 [ACK] Seq=19014 Ack=141 Win=65024 Len=1448 TSval=2916040017 TSecr=3045559792 [TCP segment of a reassembled PDU]"
"52321","35.937223865","192.168.1.55","192.168.1.2","TCP","1514","8004  >  36582 [ACK] Seq=20462 Ack=141 Win=65024 Len=1448 TSval=2916040017 TSecr=3045559792 [TCP segment of a reassembled PDU]"
"52322","35.937226735","192.168.1.55","192.168.1.2","TCP","1514","8004  >  36582 [ACK] Seq=21910 Ack=141 Win=65024 Len=1448 TSval=2916040017 TSecr=3045559792 [TCP segment of a reassembled PDU]"
"52323","35.937229439","192.168.1.55","192.168.1.2","TCP","1514","8004  >  36582 [ACK] Seq=23358 Ack=141 Win=65024 Len=1448 TSval=2916040017 TSecr=3045559792 [TCP segment of a reassembled PDU]"
"52324","35.937231272","192.168.1.55","192.168.1.2","TCP","1514","8004  >  36582 [ACK] Seq=24806 Ack=141 Win=65024 Len=1448 TSval=2916040017 TSecr=3045559792 [TCP segment of a reassembled PDU]"
"52325","35.937233716","192.168.1.55","192.168.1.2","TCP","1514","8004  >  36582 [PSH, ACK] Seq=26254 Ack=141 Win=65024 Len=1448 TSval=2916040017 TSecr=3045559792 [TCP segment of a reassembled PDU]"
"52326","35.937248068","192.168.1.2","192.168.1.55","TCP","66","36582  >  8004 [ACK] Seq=141 Ack=13222 Win=79872 Len=0 TSval=3045559792 TSecr=2916040014"
"52327","35.937325161","192.168.1.55","192.168.1.2","TCP","1514","8004  >  36582 [ACK] Seq=27702 Ack=141 Win=65024 Len=1448 TSval=2916040017 TSecr=3045559792 [TCP segment of a reassembled PDU]"
"52328","35.937332217","192.168.1.55","192.168.1.2","TCP","1514","8004  >  36582 [ACK] Seq=29150 Ack=141 Win=65024 Len=1448 TSval=2916040017 TSecr=3045559792 [TCP segment of a reassembled PDU]"
"52329","35.937333976","192.168.1.55","192.168.1.2","TCP","1514","8004  >  36582 [ACK] Seq=30598 Ack=141 Win=65024 Len=1448 TSval=2916040017 TSecr=3045559792 [TCP segment of a reassembled PDU]"
"52330","35.937336124","192.168.1.55","192.168.1.2","TCP","1514","8004  >  36582 [ACK] Seq=32046 Ack=141 Win=65024 Len=1448 TSval=2916040017 TSecr=3045559792 [TCP segment of a reassembled PDU]"
"52331","35.937337976","192.168.1.55","192.168.1.2","TCP","1514","8004  >  36582 [ACK] Seq=33494 Ack=141 Win=65024 Len=1448 TSval=2916040017 TSecr=3045559792 [TCP segment of a reassembled PDU]"
"52332","35.937339809","192.168.1.55","192.168.1.2","TCP","1514","8004  >  36582 [ACK] Seq=34942 Ack=141 Win=65024 Len=1448 TSval=2916040017 TSecr=3045559792 [TCP segment of a reassembled PDU]"
"52333","35.937342291","192.168.1.55","192.168.1.2","TCP","1514","8004  >  36582 [ACK] Seq=36390 Ack=141 Win=65024 Len=1448 TSval=2916040017 TSecr=3045559792 [TCP segment of a reassembled PDU]"
"52334","35.937343513","192.168.1.55","192.168.1.2","TCP","1514","8004  >  36582 [ACK] Seq=37838 Ack=141 Win=65024 Len=1448 TSval=2916040017 TSecr=3045559792 [TCP segment of a reassembled PDU]"
"52335","35.937344957","192.168.1.55","192.168.1.2","TCP","1514","8004  >  36582 [ACK] Seq=39286 Ack=141 Win=65024 Len=1448 TSval=2916040017 TSecr=3045559792 [TCP segment of a reassembled PDU]"
"52336","35.937346661","192.168.1.55","192.168.1.2","TCP","1514","8004  >  36582 [PSH, ACK] Seq=40734 Ack=141 Win=65024 Len=1448 TSval=2916040017 TSecr=3045559792 [TCP segment of a reassembled PDU]"
"52337","35.942415114","192.168.1.2","192.168.1.55","TCP","66","36582  >  8004 [ACK] Seq=141 Ack=16118 Win=84992 Len=0 TSval=3045559797 TSecr=2916040017"
"52338","35.942484392","192.168.1.55","192.168.1.2","TCP","1514","8004  >  36582 [ACK] Seq=42182 Ack=141 Win=65024 Len=1448 TSval=2916040023 TSecr=3045559797 [TCP segment of a reassembled PDU]"
"52339","35.942491614","192.168.1.55","192.168.1.2","TCP","1514","8004  >  36582 [PSH, ACK] Seq=43630 Ack=141 Win=65024 Len=1448 TSval=2916040023 TSecr=3045559797 [TCP segment of a reassembled PDU]"
"52340","35.942567744","192.168.1.2","192.168.1.55","TCP","66","36582  >  8004 [ACK] Seq=141 Ack=27702 Win=76800 Len=0 TSval=3045559797 TSecr=2916040017"
"52341","35.942603762","192.168.1.55","192.168.1.2","TCP","1514","8004  >  36582 [ACK] Seq=45078 Ack=141 Win=65024 Len=1448 TSval=2916040023 TSecr=3045559797 [TCP segment of a reassembled PDU]"
"52342","35.942606410","192.168.1.55","192.168.1.2","TCP","1514","8004  >  36582 [ACK] Seq=46526 Ack=141 Win=65024 Len=1448 TSval=2916040023 TSecr=3045559797 [TCP segment of a reassembled PDU]"
"52343","35.942607855","192.168.1.55","192.168.1.2","TCP","1514","8004  >  36582 [ACK] Seq=47974 Ack=141 Win=65024 Len=1448 TSval=2916040023 TSecr=3045559797 [TCP segment of a reassembled PDU]"
"52344","35.942608984","192.168.1.55","192.168.1.2","TCP","1514","8004  >  36582 [ACK] Seq=49422 Ack=141 Win=65024 Len=1448 TSval=2916040023 TSecr=3045559797 [TCP segment of a reassembled PDU]"
"52345","35.942610633","192.168.1.55","192.168.1.2","TCP","1514","8004  >  36582 [ACK] Seq=50870 Ack=141 Win=65024 Len=1448 TSval=2916040023 TSecr=3045559797 [TCP segment of a reassembled PDU]"
"52346","35.942611947","192.168.1.55","192.168.1.2","TCP","1514","8004  >  36582 [ACK] Seq=52318 Ack=141 Win=65024 Len=1448 TSval=2916040023 TSecr=3045559797 [TCP segment of a reassembled PDU]"
"52347","35.942613281","192.168.1.55","192.168.1.2","TCP","1514","8004  >  36582 [ACK] Seq=53766 Ack=141 Win=65024 Len=1448 TSval=2916040023 TSecr=3045559797 [TCP segment of a reassembled PDU]"
"52348","35.942615725","192.168.1.55","192.168.1.2","TCP","1514","8004  >  36582 [ACK] Seq=55214 Ack=141 Win=65024 Len=1448 TSval=2916040023 TSecr=3045559797 [TCP segment of a reassembled PDU]"
"52349","35.942617096","192.168.1.55","192.168.1.2","TCP","1514","8004  >  36582 [ACK] Seq=56662 Ack=141 Win=65024 Len=1448 TSval=2916040023 TSecr=3045559797 [TCP segment of a reassembled PDU]"
"52350","35.942618299","192.168.1.55","192.168.1.2","TCP","1514","8004  >  36582 [ACK] Seq=58110 Ack=141 Win=65024 Len=1448 TSval=2916040023 TSecr=3045559797 [TCP segment of a reassembled PDU]"
"52351","35.942619670","192.168.1.55","192.168.1.2","TCP","1514","8004  >  36582 [ACK] Seq=59558 Ack=141 Win=65024 Len=1448 TSval=2916040023 TSecr=3045559797 [TCP segment of a reassembled PDU]"
"52352","35.942620818","192.168.1.55","192.168.1.2","TCP","1514","8004  >  36582 [ACK] Seq=61006 Ack=141 Win=65024 Len=1448 TSval=2916040023 TSecr=3045559797 [TCP segment of a reassembled PDU]"
"52353","35.942622114","192.168.1.55","192.168.1.2","TCP","1514","8004  >  36582 [ACK] Seq=62454 Ack=141 Win=65024 Len=1448 TSval=2916040023 TSecr=3045559797 [TCP segment of a reassembled PDU]"
"52354","35.942623373","192.168.1.55","192.168.1.2","TCP","1514","8004  >  36582 [ACK] Seq=63902 Ack=141 Win=65024 Len=1448 TSval=2916040023 TSecr=3045559797 [TCP segment of a reassembled PDU]"
"52355","35.942624688","192.168.1.55","192.168.1.2","TCP","1514","8004  >  36582 [PSH, ACK] Seq=65350 Ack=141 Win=65024 Len=1448 TSval=2916040023 TSecr=3045559797 [TCP segment of a reassembled PDU]"
"52356","35.942629003","192.168.1.2","192.168.1.55","TCP","66","36582  >  8004 [ACK] Seq=141 Ack=36390 Win=69632 Len=0 TSval=3045559797 TSecr=2916040017"
"52357","35.942676540","192.168.1.55","192.168.1.2","TCP","1514","8004  >  36582 [ACK] Seq=66798 Ack=141 Win=65024 Len=1448 TSval=2916040023 TSecr=3045559797 [TCP segment of a reassembled PDU]"
"52358","35.942680040","192.168.1.55","192.168.1.2","TCP","1514","8004  >  36582 [ACK] Seq=68246 Ack=141 Win=65024 Len=1448 TSval=2916040023 TSecr=3045559797 [TCP segment of a reassembled PDU]"
"52359","35.942681429","192.168.1.55","192.168.1.2","TCP","1514","8004  >  36582 [ACK] Seq=69694 Ack=141 Win=65024 Len=1448 TSval=2916040023 TSecr=3045559797 [TCP segment of a reassembled PDU]"
"52360","35.942682410","192.168.1.55","192.168.1.2","TCP","1514","8004  >  36582 [ACK] Seq=71142 Ack=141 Win=65024 Len=1448 TSval=2916040023 TSecr=3045559797 [TCP segment of a reassembled PDU]"
"52361","35.942683929","192.168.1.55","192.168.1.2","TCP","1514","8004  >  36582 [ACK] Seq=72590 Ack=141 Win=65024 Len=1448 TSval=2916040023 TSecr=3045559797 [TCP segment of a reassembled PDU]"
"52362","35.942685225","192.168.1.55","192.168.1.2","TCP","1514","8004  >  36582 [ACK] Seq=74038 Ack=141 Win=65024 Len=1448 TSval=2916040023 TSecr=3045559797 [TCP segment of a reassembled PDU]"
"52363","35.942686244","192.168.1.55","192.168.1.2","TCP","1514","8004  >  36582 [PSH, ACK] Seq=75486 Ack=141 Win=65024 Len=1448 TSval=2916040023 TSecr=3045559797 [TCP segment of a reassembled PDU]"
"52364","35.942700818","192.168.1.2","192.168.1.55","TCP","66","36582  >  8004 [ACK] Seq=141 Ack=42182 Win=64512 Len=0 TSval=3045559797 TSecr=2916040017"
"52365","35.942801540","192.168.1.55","192.168.1.2","TCP","1514","8004  >  36582 [ACK] Seq=76934 Ack=141 Win=65024 Len=1448 TSval=2916040023 TSecr=3045559797 [TCP segment of a reassembled PDU]"
"52366","35.942810133","192.168.1.55","192.168.1.2","TCP","1514","8004  >  36582 [ACK] Seq=78382 Ack=141 Win=65024 Len=1448 TSval=2916040023 TSecr=3045559797 [TCP segment of a reassembled PDU]"
"52367","35.942811837","192.168.1.55","192.168.1.2","TCP","1514","8004  >  36582 [ACK] Seq=79830 Ack=141 Win=65024 Len=1448 TSval=2916040023 TSecr=3045559797 [TCP segment of a reassembled PDU]"
"52368","35.942813022","192.168.1.55","192.168.1.2","TCP","1514","8004  >  36582 [ACK] Seq=81278 Ack=141 Win=65024 Len=1448 TSval=2916040023 TSecr=3045559797 [TCP segment of a reassembled PDU]"
"52369","35.942814466","192.168.1.55","192.168.1.2","TCP","1514","8004  >  36582 [ACK] Seq=82726 Ack=141 Win=65024 Len=1448 TSval=2916040023 TSecr=3045559797 [TCP segment of a reassembled PDU]"
"52370","35.942817522","192.168.1.55","192.168.1.2","TCP","1514","8004  >  36582 [ACK] Seq=84174 Ack=141 Win=65024 Len=1448 TSval=2916040023 TSecr=3045559797 [TCP segment of a reassembled PDU]"
"52371","35.942819300","192.168.1.55","192.168.1.2","TCP","1514","8004  >  36582 [ACK] Seq=85622 Ack=141 Win=65024 Len=1448 TSval=2916040023 TSecr=3045559797 [TCP segment of a reassembled PDU]"
"52372","35.942820874","192.168.1.55","192.168.1.2","TCP","1514","8004  >  36582 [ACK] Seq=87070 Ack=141 Win=65024 Len=1448 TSval=2916040023 TSecr=3045559797 [TCP segment of a reassembled PDU]"
"52373","35.942821948","192.168.1.55","192.168.1.2","TCP","1514","8004  >  36582 [ACK] Seq=88518 Ack=141 Win=65024 Len=1448 TSval=2916040023 TSecr=3045559797 [TCP segment of a reassembled PDU]"
"52374","35.942823225","192.168.1.55","192.168.1.2","TCP","1514","8004  >  36582 [ACK] Seq=89966 Ack=141 Win=65024 Len=1448 TSval=2916040023 TSecr=3045559797 [TCP segment of a reassembled PDU]"
"52375","35.942824874","192.168.1.55","192.168.1.2","TCP","1514","8004  >  36582 [ACK] Seq=91414 Ack=141 Win=65024 Len=1448 TSval=2916040023 TSecr=3045559797 [TCP segment of a reassembled PDU]"
"52376","35.942826207","192.168.1.55","192.168.1.2","TCP","1514","8004  >  36582 [ACK] Seq=92862 Ack=141 Win=65024 Len=1448 TSval=2916040023 TSecr=3045559797 [TCP segment of a reassembled PDU]"
"52377","35.942827633","192.168.1.55","192.168.1.2","TCP","1514","8004  >  36582 [ACK] Seq=94310 Ack=141 Win=65024 Len=1448 TSval=2916040023 TSecr=3045559797 [TCP segment of a reassembled PDU]"
"52378","35.942828781","192.168.1.55","192.168.1.2","TCP","1514","8004  >  36582 [ACK] Seq=95758 Ack=141 Win=65024 Len=1448 TSval=2916040023 TSecr=3045559797 [TCP segment of a reassembled PDU]"
"52379","35.942830188","192.168.1.55","192.168.1.2","TCP","1514","8004  >  36582 [ACK] Seq=97206 Ack=141 Win=65024 Len=1448 TSval=2916040023 TSecr=3045559797 [TCP segment of a reassembled PDU]"
"52380","35.942831207","192.168.1.55","192.168.1.2","TCP","1514","8004  >  36582 [PSH, ACK] Seq=98654 Ack=141 Win=65024 Len=1448 TSval=2916040023 TSecr=3045559797 [TCP segment of a reassembled PDU]"
"52381","35.949142680","192.168.1.2","192.168.1.55","TCP","66","36582  >  8004 [ACK] Seq=141 Ack=45078 Win=82944 Len=0 TSval=3045559803 TSecr=2916040023"
"52382","35.949204347","192.168.1.55","192.168.1.2","TCP","1514","8004  >  36582 [ACK] Seq=100102 Ack=141 Win=65024 Len=1448 TSval=2916040029 TSecr=3045559803 [TCP segment of a reassembled PDU]"
"52383","35.949212199","192.168.1.55","192.168.1.2","TCP","1514","8004  >  36582 [ACK] Seq=101550 Ack=141 Win=65024 Len=1448 TSval=2916040029 TSecr=3045559803 [TCP segment of a reassembled PDU]"
"52384","35.949213143","192.168.1.55","192.168.1.2","TCP","1514","8004  >  36582 [ACK] Seq=102998 Ack=141 Win=65024 Len=1448 TSval=2916040029 TSecr=3045559803 [TCP segment of a reassembled PDU]"
"52385","35.949214199","192.168.1.55","192.168.1.2","TCP","1514","8004  >  36582 [PSH, ACK] Seq=104446 Ack=141 Win=65024 Len=1448 TSval=2916040029 TSecr=3045559803 [TCP segment of a reassembled PDU]"
"52386","35.949290532","192.168.1.2","192.168.1.55","TCP","66","36582  >  8004 [ACK] Seq=141 Ack=66798 Win=68608 Len=0 TSval=3045559803 TSecr=2916040023"
"52387","35.949320810","192.168.1.55","192.168.1.2","TCP","1514","8004  >  36582 [ACK] Seq=105894 Ack=141 Win=65024 Len=1448 TSval=2916040030 TSecr=3045559803 [TCP segment of a reassembled PDU]"
"52388","35.949323977","192.168.1.55","192.168.1.2","TCP","1514","8004  >  36582 [ACK] Seq=107342 Ack=141 Win=65024 Len=1448 TSval=2916040030 TSecr=3045559803 [TCP segment of a reassembled PDU]"
"52389","35.949325514","192.168.1.55","192.168.1.2","TCP","1514","8004  >  36582 [ACK] Seq=108790 Ack=141 Win=65024 Len=1448 TSval=2916040030 TSecr=3045559803 [TCP segment of a reassembled PDU]"
"52390","35.949327088","192.168.1.55","192.168.1.2","TCP","1514","8004  >  36582 [ACK] Seq=110238 Ack=141 Win=65024 Len=1448 TSval=2916040030 TSecr=3045559803 [TCP segment of a reassembled PDU]"
"52391","35.949329143","192.168.1.55","192.168.1.2","TCP","1514","8004  >  36582 [ACK] Seq=111686 Ack=141 Win=65024 Len=1448 TSval=2916040030 TSecr=3045559803 [TCP segment of a reassembled PDU]"
"52392","35.949330903","192.168.1.55","192.168.1.2","TCP","1514","8004  >  36582 [ACK] Seq=113134 Ack=141 Win=65024 Len=1448 TSval=2916040030 TSecr=3045559803 [TCP segment of a reassembled PDU]"
"52393","35.949332273","192.168.1.55","192.168.1.2","TCP","1514","8004  >  36582 [ACK] Seq=114582 Ack=141 Win=65024 Len=1448 TSval=2916040030 TSecr=3045559803 [TCP segment of a reassembled PDU]"
"52394","35.949333717","192.168.1.55","192.168.1.2","TCP","1514","8004  >  36582 [ACK] Seq=116030 Ack=141 Win=65024 Len=1448 TSval=2916040030 TSecr=3045559803 [TCP segment of a reassembled PDU]"
"52395","35.949336403","192.168.1.55","192.168.1.2","TCP","1514","8004  >  36582 [PSH, ACK] Seq=117478 Ack=141 Win=65024 Len=1448 TSval=2916040030 TSecr=3045559803 [TCP segment of a reassembled PDU]"
"52396","35.949347884","192.168.1.2","192.168.1.55","TCP","66","36582  >  8004 [ACK] Seq=141 Ack=76934 Win=59392 Len=0 TSval=3045559803 TSecr=2916040023"
"52397","35.949355014","192.168.1.2","192.168.1.55","TCP","66","36582  >  8004 [ACK] Seq=141 Ack=100102 Win=36864 Len=0 TSval=3045559803 TSecr=2916040023"
"52398","35.949359699","192.168.1.2","192.168.1.55","TCP","66","[TCP Window Update] 36582  >  8004 [ACK] Seq=141 Ack=100102 Win=84992 Len=0 TSval=3045559804 TSecr=2916040023"
"52399","35.949433606","192.168.1.55","192.168.1.2","TCP","1514","8004  >  36582 [ACK] Seq=118926 Ack=141 Win=65024 Len=1448 TSval=2916040030 TSecr=3045559803 [TCP segment of a reassembled PDU]"
"52400","35.949437310","192.168.1.55","192.168.1.2","TCP","1514","8004  >  36582 [ACK] Seq=120374 Ack=141 Win=65024 Len=1448 TSval=2916040030 TSecr=3045559803 [TCP segment of a reassembled PDU]"
"52401","35.949438699","192.168.1.55","192.168.1.2","TCP","1514","8004  >  36582 [ACK] Seq=121822 Ack=141 Win=65024 Len=1448 TSval=2916040030 TSecr=3045559803 [TCP segment of a reassembled PDU]"
"52402","35.949440218","192.168.1.55","192.168.1.2","TCP","1514","8004  >  36582 [ACK] Seq=123270 Ack=141 Win=65024 Len=1448 TSval=2916040030 TSecr=3045559803 [TCP segment of a reassembled PDU]"
"52403","35.949441384","192.168.1.55","192.168.1.2","TCP","1514","8004  >  36582 [ACK] Seq=124718 Ack=141 Win=65024 Len=1448 TSval=2916040030 TSecr=3045559803 [TCP segment of a reassembled PDU]"
"52404","35.949442847","192.168.1.55","192.168.1.2","TCP","1514","8004  >  36582 [ACK] Seq=126166 Ack=141 Win=65024 Len=1448 TSval=2916040030 TSecr=3045559803 [TCP segment of a reassembled PDU]"
"52405","35.949444255","192.168.1.55","192.168.1.2","TCP","1514","8004  >  36582 [ACK] Seq=127614 Ack=141 Win=65024 Len=1448 TSval=2916040030 TSecr=3045559803 [TCP segment of a reassembled PDU]"
"52406","35.949445829","192.168.1.55","192.168.1.2","TCP","1514","8004  >  36582 [ACK] Seq=129062 Ack=141 Win=65024 Len=1448 TSval=2916040030 TSecr=3045559803 [TCP segment of a reassembled PDU]"
"52407","35.949447088","192.168.1.55","192.168.1.2","TCP","1514","8004  >  36582 [ACK] Seq=130510 Ack=141 Win=65024 Len=1448 TSval=2916040030 TSecr=3045559803 [TCP segment of a reassembled PDU]"
"52408","35.949448366","192.168.1.55","192.168.1.2","TCP","1514","8004  >  36582 [ACK] Seq=131958 Ack=141 Win=65024 Len=1448 TSval=2916040030 TSecr=3045559803 [TCP segment of a reassembled PDU]"
"52409","35.949449958","192.168.1.55","192.168.1.2","TCP","1514","8004  >  36582 [ACK] Seq=133406 Ack=141 Win=65024 Len=1448 TSval=2916040030 TSecr=3045559803 [TCP segment of a reassembled PDU]"
"52410","35.949451773","192.168.1.55","192.168.1.2","TCP","1514","8004  >  36582 [ACK] Seq=134854 Ack=141 Win=65024 Len=1448 TSval=2916040030 TSecr=3045559803 [TCP segment of a reassembled PDU]"
"52411","35.949453199","192.168.1.55","192.168.1.2","TCP","730","8004  >  36582 [PSH, ACK] Seq=136302 Ack=141 Win=65024 Len=664 TSval=2916040030 TSecr=3045559803 [TCP segment of a reassembled PDU]"
"52412","35.949488014","192.168.1.55","192.168.1.2","TCP","1514","8004  >  36582 [ACK] Seq=136966 Ack=141 Win=65024 Len=1448 TSval=2916040030 TSecr=3045559804 [TCP segment of a reassembled PDU]"
"52413","35.949491199","192.168.1.55","192.168.1.2","TCP","1514","8004  >  36582 [ACK] Seq=138414 Ack=141 Win=65024 Len=1448 TSval=2916040030 TSecr=3045559804 [TCP segment of a reassembled PDU]"
"52414","35.949492810","192.168.1.55","192.168.1.2","TCP","1514","8004  >  36582 [ACK] Seq=139862 Ack=141 Win=65024 Len=1448 TSval=2916040030 TSecr=3045559804 [TCP segment of a reassembled PDU]"
"52415","35.949493847","192.168.1.55","192.168.1.2","TCP","1514","8004  >  36582 [ACK] Seq=141310 Ack=141 Win=65024 Len=1448 TSval=2916040030 TSecr=3045559804 [TCP segment of a reassembled PDU]"
"52416","35.949495329","192.168.1.55","192.168.1.2","TCP","1514","8004  >  36582 [ACK] Seq=142758 Ack=141 Win=65024 Len=1448 TSval=2916040030 TSecr=3045559804 [TCP segment of a reassembled PDU]"
"52417","35.949496866","192.168.1.55","192.168.1.2","TCP","1514","8004  >  36582 [ACK] Seq=144206 Ack=141 Win=65024 Len=1448 TSval=2916040030 TSecr=3045559804 [TCP segment of a reassembled PDU]"
"52418","35.949498495","192.168.1.55","192.168.1.2","TCP","1514","8004  >  36582 [ACK] Seq=145654 Ack=141 Win=65024 Len=1448 TSval=2916040030 TSecr=3045559804 [TCP segment of a reassembled PDU]"
"52419","35.949499810","192.168.1.55","192.168.1.2","TCP","1514","8004  >  36582 [ACK] Seq=147102 Ack=141 Win=65024 Len=1448 TSval=2916040030 TSecr=3045559804 [TCP segment of a reassembled PDU]"
"52420","35.949501088","192.168.1.55","192.168.1.2","TCP","1514","8004  >  36582 [ACK] Seq=148550 Ack=141 Win=65024 Len=1448 TSval=2916040030 TSecr=3045559804 [TCP segment of a reassembled PDU]"
"52421","35.949502718","192.168.1.55","192.168.1.2","TCP","1514","8004  >  36582 [ACK] Seq=149998 Ack=141 Win=65024 Len=1448 TSval=2916040030 TSecr=3045559804 [TCP segment of a reassembled PDU]"
"52422","35.949504236","192.168.1.55","192.168.1.2","TCP","1514","8004  >  36582 [ACK] Seq=151446 Ack=141 Win=65024 Len=1448 TSval=2916040030 TSecr=3045559804 [TCP segment of a reassembled PDU]"
"52423","35.949506218","192.168.1.55","192.168.1.2","TCP","1514","8004  >  36582 [ACK] Seq=152894 Ack=141 Win=65024 Len=1448 TSval=2916040030 TSecr=3045559804 [TCP segment of a reassembled PDU]"
"52424","35.949507421","192.168.1.55","192.168.1.2","TCP","1514","8004  >  36582 [ACK] Seq=154342 Ack=141 Win=65024 Len=1448 TSval=2916040030 TSecr=3045559804 [TCP segment of a reassembled PDU]"
"52425","35.949509070","192.168.1.55","192.168.1.2","TCP","1514","8004  >  36582 [ACK] Seq=155790 Ack=141 Win=65024 Len=1448 TSval=2916040030 TSecr=3045559804 [TCP segment of a reassembled PDU]"
"52426","35.949510144","192.168.1.55","192.168.1.2","TCP","1514","8004  >  36582 [ACK] Seq=157238 Ack=141 Win=65024 Len=1448 TSval=2916040030 TSecr=3045559804 [TCP segment of a reassembled PDU]"
"52427","35.949511329","192.168.1.55","192.168.1.2","TCP","1514","8004  >  36582 [PSH, ACK] Seq=158686 Ack=141 Win=65024 Len=1448 TSval=2916040030 TSecr=3045559804 [TCP segment of a reassembled PDU]"
"52428","35.949887052","192.168.1.55","192.168.1.2","TCP","850","8004  >  36582 [ACK] Seq=160134 Ack=141 Win=65024 Len=784 TSval=2916040030 TSecr=3045559804 [TCP segment of a reassembled PDU]"
"52429","35.949911829","192.168.1.55","192.168.1.2","TCP","1514","8004  >  36582 [ACK] Seq=160918 Ack=141 Win=65024 Len=1448 TSval=2916040030 TSecr=3045559804 [TCP segment of a reassembled PDU]"
"52430","35.949913144","192.168.1.55","192.168.1.2","TCP","1514","8004  >  36582 [ACK] Seq=162366 Ack=141 Win=65024 Len=1448 TSval=2916040030 TSecr=3045559804 [TCP segment of a reassembled PDU]"
"52431","35.949914422","192.168.1.55","192.168.1.2","TCP","1514","8004  >  36582 [ACK] Seq=163814 Ack=141 Win=65024 Len=1448 TSval=2916040030 TSecr=3045559804 [TCP segment of a reassembled PDU]"
"52432","35.949916033","192.168.1.55","192.168.1.2","TCP","1514","8004  >  36582 [ACK] Seq=165262 Ack=141 Win=65024 Len=1448 TSval=2916040030 TSecr=3045559804 [TCP segment of a reassembled PDU]"
"52433","35.949918089","192.168.1.55","192.168.1.2","TCP","1514","8004  >  36582 [ACK] Seq=166710 Ack=141 Win=65024 Len=1448 TSval=2916040030 TSecr=3045559804 [TCP segment of a reassembled PDU]"
"52434","35.949920978","192.168.1.55","192.168.1.2","TCP","1514","8004  >  36582 [ACK] Seq=168158 Ack=141 Win=65024 Len=1448 TSval=2916040030 TSecr=3045559804 [TCP segment of a reassembled PDU]"
"52435","35.949922385","192.168.1.55","192.168.1.2","TCP","1514","8004  >  36582 [ACK] Seq=169606 Ack=141 Win=65024 Len=1448 TSval=2916040030 TSecr=3045559804 [TCP segment of a reassembled PDU]"
"52436","35.949924033","192.168.1.55","192.168.1.2","TCP","1514","8004  >  36582 [ACK] Seq=171054 Ack=141 Win=65024 Len=1448 TSval=2916040030 TSecr=3045559804 [TCP segment of a reassembled PDU]"
"52437","35.949925292","192.168.1.55","192.168.1.2","TCP","1514","8004  >  36582 [ACK] Seq=172502 Ack=141 Win=65024 Len=1448 TSval=2916040030 TSecr=3045559804 [TCP segment of a reassembled PDU]"
"52438","35.949926663","192.168.1.55","192.168.1.2","TCP","1514","8004  >  36582 [ACK] Seq=173950 Ack=141 Win=65024 Len=1448 TSval=2916040030 TSecr=3045559804 [TCP segment of a reassembled PDU]"
"52439","35.949928589","192.168.1.55","192.168.1.2","TCP","1514","8004  >  36582 [ACK] Seq=175398 Ack=141 Win=65024 Len=1448 TSval=2916040030 TSecr=3045559804 [TCP segment of a reassembled PDU]"
"52440","35.949929663","192.168.1.55","192.168.1.2","TCP","1514","8004  >  36582 [ACK] Seq=176846 Ack=141 Win=65024 Len=1448 TSval=2916040030 TSecr=3045559804 [TCP segment of a reassembled PDU]"
"52441","35.949931255","192.168.1.55","192.168.1.2","TCP","1514","8004  >  36582 [ACK] Seq=178294 Ack=141 Win=65024 Len=1448 TSval=2916040030 TSecr=3045559804 [TCP segment of a reassembled PDU]"
"52442","35.949933348","192.168.1.55","192.168.1.2","TCP","1514","8004  >  36582 [ACK] Seq=179742 Ack=141 Win=65024 Len=1448 TSval=2916040030 TSecr=3045559804 [TCP segment of a reassembled PDU]"
"52443","35.949934792","192.168.1.55","192.168.1.2","TCP","1514","8004  >  36582 [ACK] Seq=181190 Ack=141 Win=65024 Len=1448 TSval=2916040030 TSecr=3045559804 [TCP segment of a reassembled PDU]"
"52444","35.949935867","192.168.1.55","192.168.1.2","TCP","1514","8004  >  36582 [PSH, ACK] Seq=182638 Ack=141 Win=65024 Len=1448 TSval=2916040030 TSecr=3045559804 [TCP segment of a reassembled PDU]"
"52445","35.956092913","192.168.1.2","192.168.1.55","TCP","66","36582  >  8004 [ACK] Seq=141 Ack=118926 Win=84992 Len=0 TSval=3045559810 TSecr=2916040029"
"52446","35.956116562","192.168.1.55","192.168.1.2","TCP","1514","8004  >  36582 [ACK] Seq=184086 Ack=141 Win=65024 Len=1448 TSval=2916040036 TSecr=3045559810 [TCP segment of a reassembled PDU]"
"52447","35.956119117","192.168.1.55","192.168.1.2","TCP","1514","8004  >  36582 [ACK] Seq=185534 Ack=141 Win=65024 Len=1448 TSval=2916040036 TSecr=3045559810 [TCP segment of a reassembled PDU]"
"52448","35.956120247","192.168.1.55","192.168.1.2","TCP","1514","8004  >  36582 [ACK] Seq=186982 Ack=141 Win=65024 Len=1448 TSval=2916040036 TSecr=3045559810 [TCP segment of a reassembled PDU]"
"52449","35.956121339","192.168.1.55","192.168.1.2","TCP","1514","8004  >  36582 [ACK] Seq=188430 Ack=141 Win=65024 Len=1448 TSval=2916040036 TSecr=3045559810 [TCP segment of a reassembled PDU]"
"52450","35.956122469","192.168.1.55","192.168.1.2","TCP","1514","8004  >  36582 [ACK] Seq=189878 Ack=141 Win=65024 Len=1448 TSval=2916040036 TSecr=3045559810 [TCP segment of a reassembled PDU]"
"52451","35.956123506","192.168.1.55","192.168.1.2","TCP","1514","8004  >  36582 [ACK] Seq=191326 Ack=141 Win=65024 Len=1448 TSval=2916040036 TSecr=3045559810 [TCP segment of a reassembled PDU]"
"52452","35.956124562","192.168.1.55","192.168.1.2","TCP","1514","8004  >  36582 [ACK] Seq=192774 Ack=141 Win=65024 Len=1448 TSval=2916040036 TSecr=3045559810 [TCP segment of a reassembled PDU]"
"52453","35.956125747","192.168.1.55","192.168.1.2","TCP","1514","8004  >  36582 [ACK] Seq=194222 Ack=141 Win=65024 Len=1448 TSval=2916040036 TSecr=3045559810 [TCP segment of a reassembled PDU]"
"52454","35.956126876","192.168.1.55","192.168.1.2","TCP","1514","8004  >  36582 [ACK] Seq=195670 Ack=141 Win=65024 Len=1448 TSval=2916040036 TSecr=3045559810 [TCP segment of a reassembled PDU]"
"52455","35.956128284","192.168.1.55","192.168.1.2","TCP","1514","8004  >  36582 [ACK] Seq=197118 Ack=141 Win=65024 Len=1448 TSval=2916040036 TSecr=3045559810 [TCP segment of a reassembled PDU]"
"52456","35.956129321","192.168.1.55","192.168.1.2","TCP","1514","8004  >  36582 [ACK] Seq=198566 Ack=141 Win=65024 Len=1448 TSval=2916040036 TSecr=3045559810 [TCP segment of a reassembled PDU]"
"52457","35.956130414","192.168.1.55","192.168.1.2","TCP","1514","8004  >  36582 [ACK] Seq=200014 Ack=141 Win=65024 Len=1448 TSval=2916040036 TSecr=3045559810 [TCP segment of a reassembled PDU]"
"52458","35.956131562","192.168.1.55","192.168.1.2","TCP","1514","8004  >  36582 [PSH, ACK] Seq=201462 Ack=141 Win=65024 Len=1448 TSval=2916040036 TSecr=3045559810 [TCP segment of a reassembled PDU]"
"52459","35.956704507","192.168.1.2","192.168.1.55","TCP","66","36582  >  8004 [ACK] Seq=141 Ack=130510 Win=74752 Len=0 TSval=3045559810 TSecr=2916040030"
"52460","35.956711507","192.168.1.2","192.168.1.55","TCP","66","36582  >  8004 [ACK] Seq=141 Ack=136966 Win=97280 Len=0 TSval=3045559810 TSecr=2916040030"
"52461","35.956717248","192.168.1.2","192.168.1.55","TCP","66","36582  >  8004 [ACK] Seq=141 Ack=179742 Win=65536 Len=0 TSval=3045559810 TSecr=2916040030"
"52462","35.956747489","192.168.1.55","192.168.1.2","TCP","1514","8004  >  36582 [ACK] Seq=202910 Ack=141 Win=65024 Len=1448 TSval=2916040037 TSecr=3045559810 [TCP segment of a reassembled PDU]"
"52463","35.956749118","192.168.1.55","192.168.1.2","TCP","1514","8004  >  36582 [ACK] Seq=204358 Ack=141 Win=65024 Len=1448 TSval=2916040037 TSecr=3045559810 [TCP segment of a reassembled PDU]"
"52464","35.956750415","192.168.1.55","192.168.1.2","TCP","1514","8004  >  36582 [ACK] Seq=205806 Ack=141 Win=65024 Len=1448 TSval=2916040037 TSecr=3045559810 [TCP segment of a reassembled PDU]"
"52465","35.956751489","192.168.1.55","192.168.1.2","TCP","1514","8004  >  36582 [ACK] Seq=207254 Ack=141 Win=65024 Len=1448 TSval=2916040037 TSecr=3045559810 [TCP segment of a reassembled PDU]"
"52466","35.956752655","192.168.1.55","192.168.1.2","TCP","1514","8004  >  36582 [ACK] Seq=208702 Ack=141 Win=65024 Len=1448 TSval=2916040037 TSecr=3045559810 [TCP segment of a reassembled PDU]"
"52467","35.956753711","192.168.1.55","192.168.1.2","TCP","1514","8004  >  36582 [ACK] Seq=210150 Ack=141 Win=65024 Len=1448 TSval=2916040037 TSecr=3045559810 [TCP segment of a reassembled PDU]"
"52468","35.956754989","192.168.1.55","192.168.1.2","TCP","1514","8004  >  36582 [ACK] Seq=211598 Ack=141 Win=65024 Len=1448 TSval=2916040037 TSecr=3045559810 [TCP segment of a reassembled PDU]"
"52469","35.956756044","192.168.1.55","192.168.1.2","TCP","1514","8004  >  36582 [ACK] Seq=213046 Ack=141 Win=65024 Len=1448 TSval=2916040037 TSecr=3045559810 [TCP segment of a reassembled PDU]"
"52470","35.956757285","192.168.1.55","192.168.1.2","TCP","1514","8004  >  36582 [ACK] Seq=214494 Ack=141 Win=65024 Len=1448 TSval=2916040037 TSecr=3045559810 [TCP segment of a reassembled PDU]"
"52471","35.956758359","192.168.1.55","192.168.1.2","TCP","1514","8004  >  36582 [ACK] Seq=215942 Ack=141 Win=65024 Len=1448 TSval=2916040037 TSecr=3045559810 [TCP segment of a reassembled PDU]"
"52472","35.956759452","192.168.1.55","192.168.1.2","TCP","1514","8004  >  36582 [ACK] Seq=217390 Ack=141 Win=65024 Len=1448 TSval=2916040037 TSecr=3045559810 [TCP segment of a reassembled PDU]"
"52473","35.956760581","192.168.1.55","192.168.1.2","TCP","1514","8004  >  36582 [ACK] Seq=218838 Ack=141 Win=65024 Len=1448 TSval=2916040037 TSecr=3045559810 [TCP segment of a reassembled PDU]"
"52474","35.956761637","192.168.1.55","192.168.1.2","TCP","1514","8004  >  36582 [ACK] Seq=220286 Ack=141 Win=65024 Len=1448 TSval=2916040037 TSecr=3045559810 [TCP segment of a reassembled PDU]"
"52475","35.956762729","192.168.1.55","192.168.1.2","TCP","1514","8004  >  36582 [ACK] Seq=221734 Ack=141 Win=65024 Len=1448 TSval=2916040037 TSecr=3045559810 [TCP segment of a reassembled PDU]"
"52476","35.956763896","192.168.1.55","192.168.1.2","TCP","1514","8004  >  36582 [ACK] Seq=223182 Ack=141 Win=65024 Len=1448 TSval=2916040037 TSecr=3045559810 [TCP segment of a reassembled PDU]"
"52477","35.956765229","192.168.1.55","192.168.1.2","TCP","1514","8004  >  36582 [ACK] Seq=224630 Ack=141 Win=65024 Len=1448 TSval=2916040037 TSecr=3045559810 [TCP segment of a reassembled PDU]"
"52478","35.956766396","192.168.1.55","192.168.1.2","TCP","1514","8004  >  36582 [ACK] Seq=226078 Ack=141 Win=65024 Len=1448 TSval=2916040037 TSecr=3045559810 [TCP segment of a reassembled PDU]"
"52479","35.956767470","192.168.1.55","192.168.1.2","TCP","1514","8004  >  36582 [ACK] Seq=227526 Ack=141 Win=65024 Len=1448 TSval=2916040037 TSecr=3045559810 [TCP segment of a reassembled PDU]"
"52480","35.956768655","192.168.1.55","192.168.1.2","TCP","1514","8004  >  36582 [ACK] Seq=228974 Ack=141 Win=65024 Len=1448 TSval=2916040037 TSecr=3045559810 [TCP segment of a reassembled PDU]"
"52481","35.956769915","192.168.1.55","192.168.1.2","TCP","1514","8004  >  36582 [ACK] Seq=230422 Ack=141 Win=65024 Len=1448 TSval=2916040037 TSecr=3045559810 [TCP segment of a reassembled PDU]"
"52482","35.956771007","192.168.1.55","192.168.1.2","TCP","1514","8004  >  36582 [ACK] Seq=231870 Ack=141 Win=65024 Len=1448 TSval=2916040037 TSecr=3045559810 [TCP segment of a reassembled PDU]"
"52483","35.956772100","192.168.1.55","192.168.1.2","TCP","1514","8004  >  36582 [ACK] Seq=233318 Ack=141 Win=65024 Len=1448 TSval=2916040037 TSecr=3045559810 [TCP segment of a reassembled PDU]"
"52484","35.956773489","192.168.1.55","192.168.1.2","TCP","1514","8004  >  36582 [ACK] Seq=234766 Ack=141 Win=65024 Len=1448 TSval=2916040037 TSecr=3045559810 [TCP segment of a reassembled PDU]"
"52485","35.956774563","192.168.1.55","192.168.1.2","TCP","1514","8004  >  36582 [ACK] Seq=236214 Ack=141 Win=65024 Len=1448 TSval=2916040037 TSecr=3045559810 [TCP segment of a reassembled PDU]"
"52486","35.956775729","192.168.1.55","192.168.1.2","TCP","1514","8004  >  36582 [ACK] Seq=237662 Ack=141 Win=65024 Len=1448 TSval=2916040037 TSecr=3045559810 [TCP segment of a reassembled PDU]"
"52487","35.956776840","192.168.1.55","192.168.1.2","TCP","1514","8004  >  36582 [ACK] Seq=239110 Ack=141 Win=65024 Len=1448 TSval=2916040037 TSecr=3045559810 [TCP segment of a reassembled PDU]"
"52488","35.956777896","192.168.1.55","192.168.1.2","TCP","1514","8004  >  36582 [ACK] Seq=240558 Ack=141 Win=65024 Len=1448 TSval=2916040037 TSecr=3045559810 [TCP segment of a reassembled PDU]"
"52489","35.956778989","192.168.1.55","192.168.1.2","TCP","1514","8004  >  36582 [ACK] Seq=242006 Ack=141 Win=65024 Len=1448 TSval=2916040037 TSecr=3045559810 [TCP segment of a reassembled PDU]"
"52490","35.956780081","192.168.1.55","192.168.1.2","TCP","1514","8004  >  36582 [PSH, ACK] Seq=243454 Ack=141 Win=65024 Len=1448 TSval=2916040037 TSecr=3045559810 [TCP segment of a reassembled PDU]"
"52491","35.960380680","192.168.1.2","192.168.1.55","TCP","66","36582  >  8004 [ACK] Seq=141 Ack=181190 Win=100352 Len=0 TSval=3045559811 TSecr=2916040030"
"52492","35.960407754","192.168.1.55","192.168.1.2","TCP","1514","8004  >  36582 [ACK] Seq=244902 Ack=141 Win=65024 Len=1448 TSval=2916040041 TSecr=3045559811 [TCP segment of a reassembled PDU]"
"52493","35.960410235","192.168.1.55","192.168.1.2","TCP","1514","8004  >  36582 [ACK] Seq=246350 Ack=141 Win=65024 Len=1448 TSval=2916040041 TSecr=3045559811 [TCP segment of a reassembled PDU]"
"52494","35.960411383","192.168.1.55","192.168.1.2","TCP","1514","8004  >  36582 [ACK] Seq=247798 Ack=141 Win=65024 Len=1448 TSval=2916040041 TSecr=3045559811 [TCP segment of a reassembled PDU]"
"52495","35.960412532","192.168.1.55","192.168.1.2","TCP","1514","8004  >  36582 [ACK] Seq=249246 Ack=141 Win=65024 Len=1448 TSval=2916040041 TSecr=3045559811 [TCP segment of a reassembled PDU]"
"52496","35.960413698","192.168.1.55","192.168.1.2","TCP","1514","8004  >  36582 [ACK] Seq=250694 Ack=141 Win=65024 Len=1448 TSval=2916040041 TSecr=3045559811 [TCP segment of a reassembled PDU]"
"52497","35.960414939","192.168.1.55","192.168.1.2","TCP","1514","8004  >  36582 [ACK] Seq=252142 Ack=141 Win=65024 Len=1448 TSval=2916040041 TSecr=3045559811 [TCP segment of a reassembled PDU]"
"52498","35.960416013","192.168.1.55","192.168.1.2","TCP","1514","8004  >  36582 [ACK] Seq=253590 Ack=141 Win=65024 Len=1448 TSval=2916040041 TSecr=3045559811 [TCP segment of a reassembled PDU]"
"52499","35.960417124","192.168.1.55","192.168.1.2","TCP","1514","8004  >  36582 [ACK] Seq=255038 Ack=141 Win=65024 Len=1448 TSval=2916040041 TSecr=3045559811 [TCP segment of a reassembled PDU]"
"52500","35.960418346","192.168.1.55","192.168.1.2","TCP","1514","8004  >  36582 [ACK] Seq=256486 Ack=141 Win=65024 Len=1448 TSval=2916040041 TSecr=3045559811 [TCP segment of a reassembled PDU]"
"52501","35.960419457","192.168.1.55","192.168.1.2","TCP","1514","8004  >  36582 [ACK] Seq=257934 Ack=141 Win=65024 Len=1448 TSval=2916040041 TSecr=3045559811 [TCP segment of a reassembled PDU]"
"52502","35.960420624","192.168.1.55","192.168.1.2","TCP","1514","8004  >  36582 [ACK] Seq=259382 Ack=141 Win=65024 Len=1448 TSval=2916040041 TSecr=3045559811 [TCP segment of a reassembled PDU]"
"52503","35.960421735","192.168.1.55","192.168.1.2","TCP","1514","8004  >  36582 [ACK] Seq=260830 Ack=141 Win=65024 Len=1448 TSval=2916040041 TSecr=3045559811 [TCP segment of a reassembled PDU]"
"52504","35.960422883","192.168.1.55","192.168.1.2","TCP","1514","8004  >  36582 [ACK] Seq=262278 Ack=141 Win=65024 Len=1448 TSval=2916040041 TSecr=3045559811 [TCP segment of a reassembled PDU]"
"52505","35.960424791","192.168.1.55","192.168.1.2","TCP","1514","8004  >  36582 [ACK] Seq=263726 Ack=141 Win=65024 Len=1448 TSval=2916040041 TSecr=3045559811 [TCP segment of a reassembled PDU]"
"52506","35.960425846","192.168.1.55","192.168.1.2","TCP","1514","8004  >  36582 [ACK] Seq=265174 Ack=141 Win=65024 Len=1448 TSval=2916040041 TSecr=3045559811 [TCP segment of a reassembled PDU]"
"52507","35.960427087","192.168.1.55","192.168.1.2","TCP","1514","8004  >  36582 [ACK] Seq=266622 Ack=141 Win=65024 Len=1448 TSval=2916040041 TSecr=3045559811 [TCP segment of a reassembled PDU]"
"52508","35.960428235","192.168.1.55","192.168.1.2","TCP","1514","8004  >  36582 [ACK] Seq=268070 Ack=141 Win=65024 Len=1448 TSval=2916040041 TSecr=3045559811 [TCP segment of a reassembled PDU]"
"52509","35.960429309","192.168.1.55","192.168.1.2","TCP","1514","8004  >  36582 [ACK] Seq=269518 Ack=141 Win=65024 Len=1448 TSval=2916040041 TSecr=3045559811 [TCP segment of a reassembled PDU]"
"52510","35.960430420","192.168.1.55","192.168.1.2","TCP","1514","8004  >  36582 [ACK] Seq=270966 Ack=141 Win=65024 Len=1448 TSval=2916040041 TSecr=3045559811 [TCP segment of a reassembled PDU]"
"52511","35.960431495","192.168.1.55","192.168.1.2","TCP","1514","8004  >  36582 [ACK] Seq=272414 Ack=141 Win=65024 Len=1448 TSval=2916040041 TSecr=3045559811 [TCP segment of a reassembled PDU]"
"52512","35.960432569","192.168.1.55","192.168.1.2","TCP","1514","8004  >  36582 [ACK] Seq=273862 Ack=141 Win=65024 Len=1448 TSval=2916040041 TSecr=3045559811 [TCP segment of a reassembled PDU]"
"52513","35.960433754","192.168.1.55","192.168.1.2","TCP","1514","8004  >  36582 [ACK] Seq=275310 Ack=141 Win=65024 Len=1448 TSval=2916040041 TSecr=3045559811 [TCP segment of a reassembled PDU]"
"52514","35.960434791","192.168.1.55","192.168.1.2","TCP","1514","8004  >  36582 [ACK] Seq=276758 Ack=141 Win=65024 Len=1448 TSval=2916040041 TSecr=3045559811 [TCP segment of a reassembled PDU]"
"52515","35.960435995","192.168.1.55","192.168.1.2","TCP","1514","8004  >  36582 [ACK] Seq=278206 Ack=141 Win=65024 Len=1448 TSval=2916040041 TSecr=3045559811 [TCP segment of a reassembled PDU]"
"52516","35.960437106","192.168.1.55","192.168.1.2","TCP","1514","8004  >  36582 [ACK] Seq=279654 Ack=141 Win=65024 Len=1448 TSval=2916040041 TSecr=3045559811 [TCP segment of a reassembled PDU]"
"52517","35.960438235","192.168.1.55","192.168.1.2","TCP","506","[TCP Window Full] 8004  >  36582 [PSH, ACK] Seq=281102 Ack=141 Win=65024 Len=440 TSval=2916040041 TSecr=3045559811 [TCP segment of a reassembled PDU]"
"52518","35.960482643","192.168.1.2","192.168.1.55","TCP","66","36582  >  8004 [ACK] Seq=141 Ack=184086 Win=100352 Len=0 TSval=3045559811 TSecr=2916040030"
"52519","35.965810022","192.168.1.2","192.168.1.55","TCP","66","36582  >  8004 [ACK] Seq=141 Ack=202910 Win=135168 Len=0 TSval=3045559816 TSecr=2916040036"
"52520","35.965822614","192.168.1.55","192.168.1.2","TCP","1514","8004  >  36582 [ACK] Seq=281542 Ack=141 Win=65024 Len=1448 TSval=2916040046 TSecr=3045559816 [TCP segment of a reassembled PDU]"
"52521","35.965825207","192.168.1.55","192.168.1.2","TCP","1514","8004  >  36582 [ACK] Seq=282990 Ack=141 Win=65024 Len=1448 TSval=2916040046 TSecr=3045559816 [TCP segment of a reassembled PDU]"
"52522","35.965826503","192.168.1.55","192.168.1.2","TCP","1514","8004  >  36582 [PSH, ACK] Seq=284438 Ack=141 Win=65024 Len=1448 TSval=2916040046 TSecr=3045559816 [TCP segment of a reassembled PDU]"
"52523","35.965831337","192.168.1.55","192.168.1.2","TCP","1074","8004  >  36582 [ACK] Seq=285886 Ack=141 Win=65024 Len=1008 TSval=2916040046 TSecr=3045559816 [TCP segment of a reassembled PDU]"
"52524","35.965860874","192.168.1.55","192.168.1.2","TCP","1514","8004  >  36582 [ACK] Seq=286894 Ack=141 Win=65024 Len=1448 TSval=2916040046 TSecr=3045559816 [TCP segment of a reassembled PDU]"
"52525","35.965862300","192.168.1.55","192.168.1.2","TCP","1514","8004  >  36582 [ACK] Seq=288342 Ack=141 Win=65024 Len=1448 TSval=2916040046 TSecr=3045559816 [TCP segment of a reassembled PDU]"
"52526","35.965863651","192.168.1.55","192.168.1.2","TCP","1514","8004  >  36582 [ACK] Seq=289790 Ack=141 Win=65024 Len=1448 TSval=2916040046 TSecr=3045559816 [TCP segment of a reassembled PDU]"
"52527","35.965865337","192.168.1.55","192.168.1.2","TCP","1514","8004  >  36582 [ACK] Seq=291238 Ack=141 Win=65024 Len=1448 TSval=2916040046 TSecr=3045559816 [TCP segment of a reassembled PDU]"
"52528","35.965866929","192.168.1.55","192.168.1.2","TCP","1514","8004  >  36582 [ACK] Seq=292686 Ack=141 Win=65024 Len=1448 TSval=2916040046 TSecr=3045559816 [TCP segment of a reassembled PDU]"
"52529","35.965868337","192.168.1.55","192.168.1.2","TCP","1514","8004  >  36582 [ACK] Seq=294134 Ack=141 Win=65024 Len=1448 TSval=2916040046 TSecr=3045559816 [TCP segment of a reassembled PDU]"
"52530","35.965869818","192.168.1.55","192.168.1.2","TCP","1514","8004  >  36582 [ACK] Seq=295582 Ack=141 Win=65024 Len=1448 TSval=2916040046 TSecr=3045559816 [TCP segment of a reassembled PDU]"
"52531","35.965871114","192.168.1.55","192.168.1.2","TCP","1514","8004  >  36582 [ACK] Seq=297030 Ack=141 Win=65024 Len=1448 TSval=2916040046 TSecr=3045559816 [TCP segment of a reassembled PDU]"
"52532","35.965872559","192.168.1.55","192.168.1.2","TCP","1514","8004  >  36582 [ACK] Seq=298478 Ack=141 Win=65024 Len=1448 TSval=2916040046 TSecr=3045559816 [TCP segment of a reassembled PDU]"
"52533","35.965874207","192.168.1.55","192.168.1.2","TCP","1514","8004  >  36582 [ACK] Seq=299926 Ack=141 Win=65024 Len=1448 TSval=2916040046 TSecr=3045559816 [TCP segment of a reassembled PDU]"
"52534","35.965875633","192.168.1.55","192.168.1.2","TCP","1514","8004  >  36582 [ACK] Seq=301374 Ack=141 Win=65024 Len=1448 TSval=2916040046 TSecr=3045559816 [TCP segment of a reassembled PDU]"
"52535","35.965877133","192.168.1.55","192.168.1.2","TCP","1514","8004  >  36582 [ACK] Seq=302822 Ack=141 Win=65024 Len=1448 TSval=2916040046 TSecr=3045559816 [TCP segment of a reassembled PDU]"
"52536","35.965878559","192.168.1.55","192.168.1.2","TCP","1514","8004  >  36582 [ACK] Seq=304270 Ack=141 Win=65024 Len=1448 TSval=2916040046 TSecr=3045559816 [TCP segment of a reassembled PDU]"
"52537","35.965879874","192.168.1.55","192.168.1.2","TCP","1514","8004  >  36582 [ACK] Seq=305718 Ack=141 Win=65024 Len=1448 TSval=2916040046 TSecr=3045559816 [TCP segment of a reassembled PDU]"
"52538","35.965881374","192.168.1.55","192.168.1.2","TCP","1514","8004  >  36582 [ACK] Seq=307166 Ack=141 Win=65024 Len=1448 TSval=2916040046 TSecr=3045559816 [TCP segment of a reassembled PDU]"
"52539","35.965882725","192.168.1.55","192.168.1.2","TCP","1514","8004  >  36582 [ACK] Seq=308614 Ack=141 Win=65024 Len=1448 TSval=2916040046 TSecr=3045559816 [TCP segment of a reassembled PDU]"
"52540","35.965884170","192.168.1.55","192.168.1.2","TCP","1514","8004  >  36582 [ACK] Seq=310062 Ack=141 Win=65024 Len=1448 TSval=2916040046 TSecr=3045559816 [TCP segment of a reassembled PDU]"
"52541","35.965891392","192.168.1.55","192.168.1.2","TCP","1514","8004  >  36582 [ACK] Seq=311510 Ack=141 Win=65024 Len=1448 TSval=2916040046 TSecr=3045559816 [TCP segment of a reassembled PDU]"
"52542","35.965893022","192.168.1.55","192.168.1.2","TCP","1514","8004  >  36582 [ACK] Seq=312958 Ack=141 Win=65024 Len=1448 TSval=2916040046 TSecr=3045559816 [TCP segment of a reassembled PDU]"
"52543","35.965894429","192.168.1.55","192.168.1.2","TCP","1514","8004  >  36582 [ACK] Seq=314406 Ack=141 Win=65024 Len=1448 TSval=2916040046 TSecr=3045559816 [TCP segment of a reassembled PDU]"
"52544","35.965895707","192.168.1.55","192.168.1.2","TCP","1514","8004  >  36582 [ACK] Seq=315854 Ack=141 Win=65024 Len=1448 TSval=2916040046 TSecr=3045559816 [TCP segment of a reassembled PDU]"
"52545","35.965897040","192.168.1.55","192.168.1.2","TCP","1514","8004  >  36582 [ACK] Seq=317302 Ack=141 Win=65024 Len=1448 TSval=2916040046 TSecr=3045559816 [TCP segment of a reassembled PDU]"
"52546","35.965898429","192.168.1.55","192.168.1.2","TCP","1514","8004  >  36582 [ACK] Seq=318750 Ack=141 Win=65024 Len=1448 TSval=2916040046 TSecr=3045559816 [TCP segment of a reassembled PDU]"
"52547","35.965899892","192.168.1.55","192.168.1.2","TCP","1514","8004  >  36582 [ACK] Seq=320198 Ack=141 Win=65024 Len=1448 TSval=2916040046 TSecr=3045559816 [TCP segment of a reassembled PDU]"
"52548","35.965901337","192.168.1.55","192.168.1.2","TCP","1514","8004  >  36582 [ACK] Seq=321646 Ack=141 Win=65024 Len=1448 TSval=2916040046 TSecr=3045559816 [TCP segment of a reassembled PDU]"
"52549","35.965902726","192.168.1.55","192.168.1.2","TCP","1514","8004  >  36582 [ACK] Seq=323094 Ack=141 Win=65024 Len=1448 TSval=2916040046 TSecr=3045559816 [TCP segment of a reassembled PDU]"
"52550","35.965904114","192.168.1.55","192.168.1.2","TCP","1514","8004  >  36582 [ACK] Seq=324542 Ack=141 Win=65024 Len=1448 TSval=2916040046 TSecr=3045559816 [TCP segment of a reassembled PDU]"
"52551","35.965905596","192.168.1.55","192.168.1.2","TCP","1514","8004  >  36582 [ACK] Seq=325990 Ack=141 Win=65024 Len=1448 TSval=2916040046 TSecr=3045559816 [TCP segment of a reassembled PDU]"
"52552","35.965906966","192.168.1.55","192.168.1.2","TCP","1514","8004  >  36582 [PSH, ACK] Seq=327438 Ack=141 Win=65024 Len=1448 TSval=2916040046 TSecr=3045559816 [TCP segment of a reassembled PDU]"
"52553","35.965977115","192.168.1.2","192.168.1.55","TCP","66","36582  >  8004 [ACK] Seq=141 Ack=240558 Win=122880 Len=0 TSval=3045559816 TSecr=2916040037"
"52554","35.965986874","192.168.1.2","192.168.1.55","TCP","66","36582  >  8004 [ACK] Seq=141 Ack=244902 Win=144384 Len=0 TSval=3045559817 TSecr=2916040037"
"52555","35.966027911","192.168.1.55","192.168.1.2","TCP","1514","8004  >  36582 [ACK] Seq=328886 Ack=141 Win=65024 Len=1448 TSval=2916040046 TSecr=3045559817 [TCP segment of a reassembled PDU]"
"52556","35.966029892","192.168.1.55","192.168.1.2","TCP","1514","8004  >  36582 [ACK] Seq=330334 Ack=141 Win=65024 Len=1448 TSval=2916040046 TSecr=3045559817 [TCP segment of a reassembled PDU]"
"52557","35.966031300","192.168.1.55","192.168.1.2","TCP","1514","8004  >  36582 [ACK] Seq=331782 Ack=141 Win=65024 Len=1448 TSval=2916040046 TSecr=3045559817 [TCP segment of a reassembled PDU]"
"52558","35.966032707","192.168.1.55","192.168.1.2","TCP","1514","8004  >  36582 [ACK] Seq=333230 Ack=141 Win=65024 Len=1448 TSval=2916040046 TSecr=3045559817 [TCP segment of a reassembled PDU]"
"52559","35.966034133","192.168.1.55","192.168.1.2","TCP","1514","8004  >  36582 [ACK] Seq=334678 Ack=141 Win=65024 Len=1448 TSval=2916040046 TSecr=3045559817 [TCP segment of a reassembled PDU]"
"52560","35.966035541","192.168.1.55","192.168.1.2","TCP","1514","8004  >  36582 [ACK] Seq=336126 Ack=141 Win=65024 Len=1448 TSval=2916040046 TSecr=3045559817 [TCP segment of a reassembled PDU]"
"52561","35.966036985","192.168.1.55","192.168.1.2","TCP","1514","8004  >  36582 [ACK] Seq=337574 Ack=141 Win=65024 Len=1448 TSval=2916040046 TSecr=3045559817 [TCP segment of a reassembled PDU]"
"52562","35.966038429","192.168.1.55","192.168.1.2","TCP","1514","8004  >  36582 [ACK] Seq=339022 Ack=141 Win=65024 Len=1448 TSval=2916040046 TSecr=3045559817 [TCP segment of a reassembled PDU]"
"52563","35.966040078","192.168.1.55","192.168.1.2","TCP","1514","8004  >  36582 [ACK] Seq=340470 Ack=141 Win=65024 Len=1448 TSval=2916040046 TSecr=3045559817 [TCP segment of a reassembled PDU]"
"52564","35.966041429","192.168.1.55","192.168.1.2","TCP","1514","8004  >  36582 [ACK] Seq=341918 Ack=141 Win=65024 Len=1448 TSval=2916040046 TSecr=3045559817 [TCP segment of a reassembled PDU]"
"52565","35.966042818","192.168.1.55","192.168.1.2","TCP","1514","8004  >  36582 [ACK] Seq=343366 Ack=141 Win=65024 Len=1448 TSval=2916040046 TSecr=3045559817 [TCP segment of a reassembled PDU]"
"52566","35.966044929","192.168.1.55","192.168.1.2","TCP","1514","8004  >  36582 [ACK] Seq=344814 Ack=141 Win=65024 Len=1448 TSval=2916040046 TSecr=3045559817 [TCP segment of a reassembled PDU]"
"52567","35.966046355","192.168.1.55","192.168.1.2","TCP","1514","8004  >  36582 [ACK] Seq=346262 Ack=141 Win=65024 Len=1448 TSval=2916040046 TSecr=3045559817 [TCP segment of a reassembled PDU]"
"52568","35.966047707","192.168.1.55","192.168.1.2","TCP","1514","8004  >  36582 [ACK] Seq=347710 Ack=141 Win=65024 Len=1448 TSval=2916040046 TSecr=3045559817 [TCP segment of a reassembled PDU]"
"52569","35.966049170","192.168.1.55","192.168.1.2","TCP","1514","8004  >  36582 [ACK] Seq=349158 Ack=141 Win=65024 Len=1448 TSval=2916040046 TSecr=3045559817 [TCP segment of a reassembled PDU]"
"52570","35.966050559","192.168.1.55","192.168.1.2","TCP","1514","8004  >  36582 [ACK] Seq=350606 Ack=141 Win=65024 Len=1448 TSval=2916040046 TSecr=3045559817 [TCP segment of a reassembled PDU]"
"52571","35.966051967","192.168.1.55","192.168.1.2","TCP","1514","8004  >  36582 [ACK] Seq=352054 Ack=141 Win=65024 Len=1448 TSval=2916040046 TSecr=3045559817 [TCP segment of a reassembled PDU]"
"52572","35.966053281","192.168.1.55","192.168.1.2","TCP","1514","8004  >  36582 [ACK] Seq=353502 Ack=141 Win=65024 Len=1448 TSval=2916040046 TSecr=3045559817 [TCP segment of a reassembled PDU]"
"52573","35.966054892","192.168.1.55","192.168.1.2","TCP","1514","8004  >  36582 [ACK] Seq=354950 Ack=141 Win=65024 Len=1448 TSval=2916040046 TSecr=3045559817 [TCP segment of a reassembled PDU]"
"52574","35.966056318","192.168.1.55","192.168.1.2","TCP","1514","8004  >  36582 [ACK] Seq=356398 Ack=141 Win=65024 Len=1448 TSval=2916040046 TSecr=3045559817 [TCP segment of a reassembled PDU]"
"52575","35.966057633","192.168.1.55","192.168.1.2","TCP","1514","8004  >  36582 [ACK] Seq=357846 Ack=141 Win=65024 Len=1448 TSval=2916040046 TSecr=3045559817 [TCP segment of a reassembled PDU]"
"52576","35.966059133","192.168.1.55","192.168.1.2","TCP","1514","8004  >  36582 [ACK] Seq=359294 Ack=141 Win=65024 Len=1448 TSval=2916040046 TSecr=3045559817 [TCP segment of a reassembled PDU]"
"52577","35.966060448","192.168.1.55","192.168.1.2","TCP","1514","8004  >  36582 [ACK] Seq=360742 Ack=141 Win=65024 Len=1448 TSval=2916040046 TSecr=3045559817 [TCP segment of a reassembled PDU]"
"52578","35.966061837","192.168.1.55","192.168.1.2","TCP","1514","8004  >  36582 [ACK] Seq=362190 Ack=141 Win=65024 Len=1448 TSval=2916040046 TSecr=3045559817 [TCP segment of a reassembled PDU]"
"52579","35.966063263","192.168.1.55","192.168.1.2","TCP","1514","8004  >  36582 [ACK] Seq=363638 Ack=141 Win=65024 Len=1448 TSval=2916040046 TSecr=3045559817 [TCP segment of a reassembled PDU]"
"52580","35.966064541","192.168.1.55","192.168.1.2","TCP","1514","8004  >  36582 [ACK] Seq=365086 Ack=141 Win=65024 Len=1448 TSval=2916040046 TSecr=3045559817 [TCP segment of a reassembled PDU]"
"52581","35.966065985","192.168.1.55","192.168.1.2","TCP","1514","8004  >  36582 [ACK] Seq=366534 Ack=141 Win=65024 Len=1448 TSval=2916040046 TSecr=3045559817 [TCP segment of a reassembled PDU]"
"52582","35.966067504","192.168.1.55","192.168.1.2","TCP","1514","8004  >  36582 [ACK] Seq=367982 Ack=141 Win=65024 Len=1448 TSval=2916040046 TSecr=3045559817 [TCP segment of a reassembled PDU]"
"52583","35.966069337","192.168.1.55","192.168.1.2","TCP","1514","8004  >  36582 [PSH, ACK] Seq=369430 Ack=141 Win=65024 Len=1448 TSval=2916040046 TSecr=3045559817 [TCP segment of a reassembled PDU]"
"52584","35.966075041","192.168.1.2","192.168.1.55","TCP","66","36582  >  8004 [ACK] Seq=141 Ack=249246 Win=150528 Len=0 TSval=3045559819 TSecr=2916040041"
"52585","35.972400977","192.168.1.2","192.168.1.55","TCP","66","36582  >  8004 [ACK] Seq=141 Ack=281542 Win=126976 Len=0 TSval=3045559822 TSecr=2916040041"
"52586","35.972435699","192.168.1.55","192.168.1.2","TCP","1514","8004  >  36582 [ACK] Seq=370878 Ack=141 Win=65024 Len=1448 TSval=2916040053 TSecr=3045559822 [TCP segment of a reassembled PDU]"
"52587","35.972438958","192.168.1.55","192.168.1.2","TCP","1514","8004  >  36582 [ACK] Seq=372326 Ack=141 Win=65024 Len=1448 TSval=2916040053 TSecr=3045559822 [TCP segment of a reassembled PDU]"
"52588","35.972440403","192.168.1.55","192.168.1.2","TCP","1514","8004  >  36582 [ACK] Seq=373774 Ack=141 Win=65024 Len=1448 TSval=2916040053 TSecr=3045559822 [TCP segment of a reassembled PDU]"
"52589","35.972441921","192.168.1.55","192.168.1.2","TCP","1514","8004  >  36582 [ACK] Seq=375222 Ack=141 Win=65024 Len=1448 TSval=2916040053 TSecr=3045559822 [TCP segment of a reassembled PDU]"
"52590","35.972443255","192.168.1.55","192.168.1.2","TCP","1514","8004  >  36582 [ACK] Seq=376670 Ack=141 Win=65024 Len=1448 TSval=2916040053 TSecr=3045559822 [TCP segment of a reassembled PDU]"
"52591","35.972444588","192.168.1.55","192.168.1.2","TCP","1514","8004  >  36582 [ACK] Seq=378118 Ack=141 Win=65024 Len=1448 TSval=2916040053 TSecr=3045559822 [TCP segment of a reassembled PDU]"
"52592","35.972446273","192.168.1.55","192.168.1.2","TCP","1514","8004  >  36582 [ACK] Seq=379566 Ack=141 Win=65024 Len=1448 TSval=2916040053 TSecr=3045559822 [TCP segment of a reassembled PDU]"
"52593","35.972447755","192.168.1.55","192.168.1.2","TCP","1514","8004  >  36582 [ACK] Seq=381014 Ack=141 Win=65024 Len=1448 TSval=2916040053 TSecr=3045559822 [TCP segment of a reassembled PDU]"
"52594","35.972449125","192.168.1.55","192.168.1.2","TCP","1514","8004  >  36582 [ACK] Seq=382462 Ack=141 Win=65024 Len=1448 TSval=2916040053 TSecr=3045559822 [TCP segment of a reassembled PDU]"
"52595","35.972450477","192.168.1.55","192.168.1.2","TCP","1514","8004  >  36582 [ACK] Seq=383910 Ack=141 Win=65024 Len=1448 TSval=2916040053 TSecr=3045559822 [TCP segment of a reassembled PDU]"
"52596","35.972451903","192.168.1.55","192.168.1.2","TCP","1514","8004  >  36582 [ACK] Seq=385358 Ack=141 Win=65024 Len=1448 TSval=2916040053 TSecr=3045559822 [TCP segment of a reassembled PDU]"
"52597","35.972453440","192.168.1.55","192.168.1.2","TCP","1514","8004  >  36582 [ACK] Seq=386806 Ack=141 Win=65024 Len=1448 TSval=2916040053 TSecr=3045559822 [TCP segment of a reassembled PDU]"
"52598","35.972454940","192.168.1.55","192.168.1.2","TCP","1514","8004  >  36582 [ACK] Seq=388254 Ack=141 Win=65024 Len=1448 TSval=2916040053 TSecr=3045559822 [TCP segment of a reassembled PDU]"
"52599","35.972456273","192.168.1.55","192.168.1.2","TCP","1514","8004  >  36582 [ACK] Seq=389702 Ack=141 Win=65024 Len=1448 TSval=2916040053 TSecr=3045559822 [TCP segment of a reassembled PDU]"
"52600","35.972457866","192.168.1.55","192.168.1.2","TCP","1514","8004  >  36582 [ACK] Seq=391150 Ack=141 Win=65024 Len=1448 TSval=2916040053 TSecr=3045559822 [TCP segment of a reassembled PDU]"
"52601","35.972459292","192.168.1.55","192.168.1.2","TCP","1514","8004  >  36582 [ACK] Seq=392598 Ack=141 Win=65024 Len=1448 TSval=2916040053 TSecr=3045559822 [TCP segment of a reassembled PDU]"
"52602","35.972460810","192.168.1.55","192.168.1.2","TCP","1514","8004  >  36582 [ACK] Seq=394046 Ack=141 Win=65024 Len=1448 TSval=2916040053 TSecr=3045559822 [TCP segment of a reassembled PDU]"
"52603","35.972462458","192.168.1.55","192.168.1.2","TCP","1514","8004  >  36582 [ACK] Seq=395494 Ack=141 Win=65024 Len=1448 TSval=2916040053 TSecr=3045559822 [TCP segment of a reassembled PDU]"
"52604","35.972463810","192.168.1.55","192.168.1.2","TCP","1514","8004  >  36582 [ACK] Seq=396942 Ack=141 Win=65024 Len=1448 TSval=2916040053 TSecr=3045559822 [TCP segment of a reassembled PDU]"
"52605","35.972465125","192.168.1.55","192.168.1.2","TCP","1514","8004  >  36582 [ACK] Seq=398390 Ack=141 Win=65024 Len=1448 TSval=2916040053 TSecr=3045559822 [TCP segment of a reassembled PDU]"
"52606","35.972466569","192.168.1.55","192.168.1.2","TCP","1514","8004  >  36582 [ACK] Seq=399838 Ack=141 Win=65024 Len=1448 TSval=2916040053 TSecr=3045559822 [TCP segment of a reassembled PDU]"
"52607","35.972467884","192.168.1.55","192.168.1.2","TCP","1514","8004  >  36582 [ACK] Seq=401286 Ack=141 Win=65024 Len=1448 TSval=2916040053 TSecr=3045559822 [TCP segment of a reassembled PDU]"
"52608","35.972469514","192.168.1.55","192.168.1.2","TCP","1514","8004  >  36582 [ACK] Seq=402734 Ack=141 Win=65024 Len=1448 TSval=2916040053 TSecr=3045559822 [TCP segment of a reassembled PDU]"
"52609","35.972470847","192.168.1.55","192.168.1.2","TCP","1514","8004  >  36582 [ACK] Seq=404182 Ack=141 Win=65024 Len=1448 TSval=2916040053 TSecr=3045559822 [TCP segment of a reassembled PDU]"
"52610","35.972472199","192.168.1.55","192.168.1.2","TCP","1514","8004  >  36582 [PSH, ACK] Seq=405630 Ack=141 Win=65024 Len=1448 TSval=2916040053 TSecr=3045559822 [TCP segment of a reassembled PDU]"
"52611","35.974624888","192.168.1.2","192.168.1.55","TCP","66","36582  >  8004 [ACK] Seq=141 Ack=282990 Win=152576 Len=0 TSval=3045559827 TSecr=2916040046"
"52612","35.974635999","192.168.1.55","192.168.1.2","TCP","1514","8004  >  36582 [ACK] Seq=407078 Ack=141 Win=65024 Len=1448 TSval=2916040055 TSecr=3045559827 [TCP segment of a reassembled PDU]"
"52613","35.974638665","192.168.1.55","192.168.1.2","TCP","1514","8004  >  36582 [ACK] Seq=408526 Ack=141 Win=65024 Len=1448 TSval=2916040055 TSecr=3045559827 [TCP segment of a reassembled PDU]"
"52614","35.974640036","192.168.1.55","192.168.1.2","TCP","1514","8004  >  36582 [ACK] Seq=409974 Ack=141 Win=65024 Len=1448 TSval=2916040055 TSecr=3045559827 [TCP segment of a reassembled PDU]"
"52615","35.974641351","192.168.1.55","192.168.1.2","TCP","1514","8004  >  36582 [PSH, ACK] Seq=411422 Ack=141 Win=65024 Len=1448 TSval=2916040055 TSecr=3045559827 [TCP segment of a reassembled PDU]"
"52616","35.974923499","192.168.1.2","192.168.1.55","TCP","66","36582  >  8004 [ACK] Seq=141 Ack=285886 Win=153600 Len=0 TSval=3045559828 TSecr=2916040046"
"52617","35.974931259","192.168.1.2","192.168.1.55","TCP","66","36582  >  8004 [ACK] Seq=141 Ack=311510 Win=134144 Len=0 TSval=3045559828 TSecr=2916040046"
"52618","35.974937981","192.168.1.2","192.168.1.55","TCP","66","36582  >  8004 [ACK] Seq=141 Ack=328886 Win=140288 Len=0 TSval=3045559828 TSecr=2916040046"
"52619","35.974969444","192.168.1.55","192.168.1.2","TCP","1514","8004  >  36582 [ACK] Seq=412870 Ack=141 Win=65024 Len=1448 TSval=2916040055 TSecr=3045559828 [TCP segment of a reassembled PDU]"
"52620","35.974971796","192.168.1.55","192.168.1.2","TCP","1514","8004  >  36582 [ACK] Seq=414318 Ack=141 Win=65024 Len=1448 TSval=2916040055 TSecr=3045559828 [TCP segment of a reassembled PDU]"
"52621","35.974973222","192.168.1.55","192.168.1.2","TCP","1514","8004  >  36582 [ACK] Seq=415766 Ack=141 Win=65024 Len=1448 TSval=2916040055 TSecr=3045559828 [TCP segment of a reassembled PDU]"
"52622","35.974974796","192.168.1.55","192.168.1.2","TCP","1514","8004  >  36582 [ACK] Seq=417214 Ack=141 Win=65024 Len=1448 TSval=2916040055 TSecr=3045559828 [TCP segment of a reassembled PDU]"
"52623","35.974976092","192.168.1.55","192.168.1.2","TCP","1514","8004  >  36582 [ACK] Seq=418662 Ack=141 Win=65024 Len=1448 TSval=2916040055 TSecr=3045559828 [TCP segment of a reassembled PDU]"
"52624","35.974977407","192.168.1.55","192.168.1.2","TCP","1514","8004  >  36582 [ACK] Seq=420110 Ack=141 Win=65024 Len=1448 TSval=2916040055 TSecr=3045559828 [TCP segment of a reassembled PDU]"
"52625","35.974978777","192.168.1.55","192.168.1.2","TCP","1514","8004  >  36582 [ACK] Seq=421558 Ack=141 Win=65024 Len=1448 TSval=2916040055 TSecr=3045559828 [TCP segment of a reassembled PDU]"
"52626","35.974980073","192.168.1.55","192.168.1.2","TCP","1514","8004  >  36582 [ACK] Seq=423006 Ack=141 Win=65024 Len=1448 TSval=2916040055 TSecr=3045559828 [TCP segment of a reassembled PDU]"
"52627","35.974981444","192.168.1.55","192.168.1.2","TCP","1514","8004  >  36582 [ACK] Seq=424454 Ack=141 Win=65024 Len=1448 TSval=2916040055 TSecr=3045559828 [TCP segment of a reassembled PDU]"
"52628","35.974982814","192.168.1.55","192.168.1.2","TCP","1514","8004  >  36582 [ACK] Seq=425902 Ack=141 Win=65024 Len=1448 TSval=2916040055 TSecr=3045559828 [TCP segment of a reassembled PDU]"
"52629","35.974984166","192.168.1.55","192.168.1.2","TCP","1514","8004  >  36582 [ACK] Seq=427350 Ack=141 Win=65024 Len=1448 TSval=2916040055 TSecr=3045559828 [TCP segment of a reassembled PDU]"
"52630","35.974985592","192.168.1.55","192.168.1.2","TCP","1514","8004  >  36582 [ACK] Seq=428798 Ack=141 Win=65024 Len=1448 TSval=2916040055 TSecr=3045559828 [TCP segment of a reassembled PDU]"
"52631","35.974986888","192.168.1.55","192.168.1.2","TCP","1514","8004  >  36582 [ACK] Seq=430246 Ack=141 Win=65024 Len=1448 TSval=2916040055 TSecr=3045559828 [TCP segment of a reassembled PDU]"
"52632","35.974988296","192.168.1.55","192.168.1.2","TCP","1514","8004  >  36582 [ACK] Seq=431694 Ack=141 Win=65024 Len=1448 TSval=2916040055 TSecr=3045559828 [TCP segment of a reassembled PDU]"
"52633","35.974989611","192.168.1.55","192.168.1.2","TCP","1514","8004  >  36582 [ACK] Seq=433142 Ack=141 Win=65024 Len=1448 TSval=2916040055 TSecr=3045559828 [TCP segment of a reassembled PDU]"
"52634","35.974990888","192.168.1.55","192.168.1.2","TCP","1514","8004  >  36582 [ACK] Seq=434590 Ack=141 Win=65024 Len=1448 TSval=2916040055 TSecr=3045559828 [TCP segment of a reassembled PDU]"
"52635","35.974992166","192.168.1.55","192.168.1.2","TCP","1514","8004  >  36582 [ACK] Seq=436038 Ack=141 Win=65024 Len=1448 TSval=2916040055 TSecr=3045559828 [TCP segment of a reassembled PDU]"
"52636","35.974993462","192.168.1.55","192.168.1.2","TCP","1514","8004  >  36582 [ACK] Seq=437486 Ack=141 Win=65024 Len=1448 TSval=2916040055 TSecr=3045559828 [TCP segment of a reassembled PDU]"
"52637","35.974994851","192.168.1.55","192.168.1.2","TCP","1514","8004  >  36582 [ACK] Seq=438934 Ack=141 Win=65024 Len=1448 TSval=2916040055 TSecr=3045559828 [TCP segment of a reassembled PDU]"
"52638","35.974996166","192.168.1.55","192.168.1.2","TCP","1514","8004  >  36582 [ACK] Seq=440382 Ack=141 Win=65024 Len=1448 TSval=2916040055 TSecr=3045559828 [TCP segment of a reassembled PDU]"
"52639","35.974997462","192.168.1.55","192.168.1.2","TCP","1514","8004  >  36582 [ACK] Seq=441830 Ack=141 Win=65024 Len=1448 TSval=2916040055 TSecr=3045559828 [TCP segment of a reassembled PDU]"
"52640","35.974998833","192.168.1.55","192.168.1.2","TCP","1514","8004  >  36582 [ACK] Seq=443278 Ack=141 Win=65024 Len=1448 TSval=2916040055 TSecr=3045559828 [TCP segment of a reassembled PDU]"
"52641","35.975000092","192.168.1.55","192.168.1.2","TCP","1514","8004  >  36582 [ACK] Seq=444726 Ack=141 Win=65024 Len=1448 TSval=2916040055 TSecr=3045559828 [TCP segment of a reassembled PDU]"
"52642","35.975001499","192.168.1.55","192.168.1.2","TCP","1514","8004  >  36582 [ACK] Seq=446174 Ack=141 Win=65024 Len=1448 TSval=2916040055 TSecr=3045559828 [TCP segment of a reassembled PDU]"
"52643","35.975002888","192.168.1.55","192.168.1.2","TCP","1514","8004  >  36582 [ACK] Seq=447622 Ack=141 Win=65024 Len=1448 TSval=2916040055 TSecr=3045559828 [TCP segment of a reassembled PDU]"
"52644","35.975004222","192.168.1.55","192.168.1.2","TCP","1514","8004  >  36582 [ACK] Seq=449070 Ack=141 Win=65024 Len=1448 TSval=2916040055 TSecr=3045559828 [TCP segment of a reassembled PDU]"
"52645","35.975005851","192.168.1.55","192.168.1.2","TCP","1514","8004  >  36582 [ACK] Seq=450518 Ack=141 Win=65024 Len=1448 TSval=2916040055 TSecr=3045559828 [TCP segment of a reassembled PDU]"
"52646","35.975007166","192.168.1.55","192.168.1.2","TCP","1514","8004  >  36582 [ACK] Seq=451966 Ack=141 Win=65024 Len=1448 TSval=2916040055 TSecr=3045559828 [TCP segment of a reassembled PDU]"
"52647","35.975008481","192.168.1.55","192.168.1.2","TCP","1514","8004  >  36582 [PSH, ACK] Seq=453414 Ack=141 Win=65024 Len=1448 TSval=2916040055 TSecr=3045559828 [TCP segment of a reassembled PDU]"
"52648","35.975013036","192.168.1.2","192.168.1.55","TCP","66","36582  >  8004 [ACK] Seq=141 Ack=352054 Win=135168 Len=0 TSval=3045559828 TSecr=2916040046"
"52649","35.975044851","192.168.1.2","192.168.1.55","TCP","66","36582  >  8004 [ACK] Seq=141 Ack=363638 Win=145408 Len=0 TSval=3045559828 TSecr=2916040046"
"52650","35.975082481","192.168.1.55","192.168.1.2","TCP","1514","8004  >  36582 [ACK] Seq=454862 Ack=141 Win=65024 Len=1448 TSval=2916040055 TSecr=3045559828 [TCP segment of a reassembled PDU]"
"52651","35.975084666","192.168.1.55","192.168.1.2","TCP","1514","8004  >  36582 [ACK] Seq=456310 Ack=141 Win=65024 Len=1448 TSval=2916040055 TSecr=3045559828 [TCP segment of a reassembled PDU]"
"52652","35.975086148","192.168.1.55","192.168.1.2","TCP","1514","8004  >  36582 [ACK] Seq=457758 Ack=141 Win=65024 Len=1448 TSval=2916040055 TSecr=3045559828 [TCP segment of a reassembled PDU]"
"52653","35.975087555","192.168.1.55","192.168.1.2","TCP","1514","8004  >  36582 [ACK] Seq=459206 Ack=141 Win=65024 Len=1448 TSval=2916040055 TSecr=3045559828 [TCP segment of a reassembled PDU]"
"52654","35.975088963","192.168.1.55","192.168.1.2","TCP","1514","8004  >  36582 [ACK] Seq=460654 Ack=141 Win=65024 Len=1448 TSval=2916040055 TSecr=3045559828 [TCP segment of a reassembled PDU]"
"52655","35.975090259","192.168.1.55","192.168.1.2","TCP","1514","8004  >  36582 [ACK] Seq=462102 Ack=141 Win=65024 Len=1448 TSval=2916040055 TSecr=3045559828 [TCP segment of a reassembled PDU]"
"52656","35.975091648","192.168.1.55","192.168.1.2","TCP","1514","8004  >  36582 [ACK] Seq=463550 Ack=141 Win=65024 Len=1448 TSval=2916040055 TSecr=3045559828 [TCP segment of a reassembled PDU]"
"52657","35.975093148","192.168.1.55","192.168.1.2","TCP","1514","8004  >  36582 [ACK] Seq=464998 Ack=141 Win=65024 Len=1448 TSval=2916040055 TSecr=3045559828 [TCP segment of a reassembled PDU]"
"52658","35.975094574","192.168.1.55","192.168.1.2","TCP","1514","8004  >  36582 [ACK] Seq=466446 Ack=141 Win=65024 Len=1448 TSval=2916040055 TSecr=3045559828 [TCP segment of a reassembled PDU]"
"52659","35.975096018","192.168.1.55","192.168.1.2","TCP","1514","8004  >  36582 [ACK] Seq=467894 Ack=141 Win=65024 Len=1448 TSval=2916040055 TSecr=3045559828 [TCP segment of a reassembled PDU]"
"52660","35.975097333","192.168.1.55","192.168.1.2","TCP","1514","8004  >  36582 [ACK] Seq=469342 Ack=141 Win=65024 Len=1448 TSval=2916040055 TSecr=3045559828 [TCP segment of a reassembled PDU]"
"52661","35.975098703","192.168.1.55","192.168.1.2","TCP","1514","8004  >  36582 [ACK] Seq=470790 Ack=141 Win=65024 Len=1448 TSval=2916040055 TSecr=3045559828 [TCP segment of a reassembled PDU]"
"52662","35.975100333","192.168.1.55","192.168.1.2","TCP","1514","8004  >  36582 [ACK] Seq=472238 Ack=141 Win=65024 Len=1448 TSval=2916040055 TSecr=3045559828 [TCP segment of a reassembled PDU]"
"52663","35.975101629","192.168.1.55","192.168.1.2","TCP","1514","8004  >  36582 [ACK] Seq=473686 Ack=141 Win=65024 Len=1448 TSval=2916040055 TSecr=3045559828 [TCP segment of a reassembled PDU]"
"52664","35.975103037","192.168.1.55","192.168.1.2","TCP","1514","8004  >  36582 [ACK] Seq=475134 Ack=141 Win=65024 Len=1448 TSval=2916040055 TSecr=3045559828 [TCP segment of a reassembled PDU]"
"52665","35.975104407","192.168.1.55","192.168.1.2","TCP","1514","8004  >  36582 [ACK] Seq=476582 Ack=141 Win=65024 Len=1448 TSval=2916040055 TSecr=3045559828 [TCP segment of a reassembled PDU]"
"52666","35.975106092","192.168.1.55","192.168.1.2","TCP","1514","8004  >  36582 [ACK] Seq=478030 Ack=141 Win=65024 Len=1448 TSval=2916040055 TSecr=3045559828 [TCP segment of a reassembled PDU]"
"52667","35.975107518","192.168.1.55","192.168.1.2","TCP","1514","8004  >  36582 [ACK] Seq=479478 Ack=141 Win=65024 Len=1448 TSval=2916040055 TSecr=3045559828 [TCP segment of a reassembled PDU]"
"52668","35.975108888","192.168.1.55","192.168.1.2","TCP","1514","8004  >  36582 [ACK] Seq=480926 Ack=141 Win=65024 Len=1448 TSval=2916040055 TSecr=3045559828 [TCP segment of a reassembled PDU]"
"52669","35.975110314","192.168.1.55","192.168.1.2","TCP","1514","8004  >  36582 [ACK] Seq=482374 Ack=141 Win=65024 Len=1448 TSval=2916040055 TSecr=3045559828 [TCP segment of a reassembled PDU]"
"52670","35.975111703","192.168.1.55","192.168.1.2","TCP","1514","8004  >  36582 [ACK] Seq=483822 Ack=141 Win=65024 Len=1448 TSval=2916040055 TSecr=3045559828 [TCP segment of a reassembled PDU]"
"52671","35.975113148","192.168.1.55","192.168.1.2","TCP","1514","8004  >  36582 [ACK] Seq=485270 Ack=141 Win=65024 Len=1448 TSval=2916040055 TSecr=3045559828 [TCP segment of a reassembled PDU]"
"52672","35.975114666","192.168.1.55","192.168.1.2","TCP","1514","8004  >  36582 [ACK] Seq=486718 Ack=141 Win=65024 Len=1448 TSval=2916040055 TSecr=3045559828 [TCP segment of a reassembled PDU]"
"52673","35.975115963","192.168.1.55","192.168.1.2","TCP","1514","8004  >  36582 [ACK] Seq=488166 Ack=141 Win=65024 Len=1448 TSval=2916040055 TSecr=3045559828 [TCP segment of a reassembled PDU]"
"52674","35.975117277","192.168.1.55","192.168.1.2","TCP","1514","8004  >  36582 [ACK] Seq=489614 Ack=141 Win=65024 Len=1448 TSval=2916040055 TSecr=3045559828 [TCP segment of a reassembled PDU]"
"52675","35.975118722","192.168.1.55","192.168.1.2","TCP","1514","8004  >  36582 [ACK] Seq=491062 Ack=141 Win=65024 Len=1448 TSval=2916040055 TSecr=3045559828 [TCP segment of a reassembled PDU]"
"52676","35.975120018","192.168.1.55","192.168.1.2","TCP","1514","8004  >  36582 [ACK] Seq=492510 Ack=141 Win=65024 Len=1448 TSval=2916040055 TSecr=3045559828 [TCP segment of a reassembled PDU]"
"52677","35.975121574","192.168.1.55","192.168.1.2","TCP","1514","8004  >  36582 [ACK] Seq=493958 Ack=141 Win=65024 Len=1448 TSval=2916040055 TSecr=3045559828 [TCP segment of a reassembled PDU]"
"52678","35.975122926","192.168.1.55","192.168.1.2","TCP","1514","8004  >  36582 [PSH, ACK] Seq=495406 Ack=141 Win=65024 Len=1448 TSval=2916040055 TSecr=3045559828 [TCP segment of a reassembled PDU]"
"52679","35.975128740","192.168.1.55","192.168.1.2","TCP","1514","8004  >  36582 [ACK] Seq=496854 Ack=141 Win=65024 Len=1448 TSval=2916040055 TSecr=3045559828 [TCP segment of a reassembled PDU]"
"52680","35.975130277","192.168.1.55","192.168.1.2","HTTP","1472","HTTP/1.0 200 OK  (PNG)"
"52681","35.976350187","192.168.1.2","192.168.1.55","TCP","66","36582  >  8004 [ACK] Seq=141 Ack=370878 Win=147456 Len=0 TSval=3045559829 TSecr=2916040046"
"52682","35.980927861","192.168.1.2","192.168.1.55","TCP","66","36582  >  8004 [ACK] Seq=141 Ack=402734 Win=192512 Len=0 TSval=3045559832 TSecr=2916040053"
"52683","35.982500808","192.168.1.2","192.168.1.55","TCP","66","36582  >  8004 [ACK] Seq=141 Ack=407078 Win=201728 Len=0 TSval=3045559837 TSecr=2916040053"
"52684","35.982662956","192.168.1.2","192.168.1.55","TCP","66","36582  >  8004 [ACK] Seq=141 Ack=454862 Win=181248 Len=0 TSval=3045559837 TSecr=2916040055"
"52685","35.982670845","192.168.1.2","192.168.1.55","TCP","66","36582  >  8004 [ACK] Seq=141 Ack=496854 Win=146432 Len=0 TSval=3045559837 TSecr=2916040055"
"52686","35.982719678","192.168.1.2","192.168.1.55","TCP","66","36582  >  8004 [ACK] Seq=141 Ack=499709 Win=144384 Len=0 TSval=3045559837 TSecr=2916040055"
"52687","35.983143457","192.168.1.2","192.168.1.55","TCP","66","36582  >  8004 [FIN, ACK] Seq=141 Ack=499709 Win=201728 Len=0 TSval=3045559837 TSecr=2916040055"
"52688","35.983162513","192.168.1.55","192.168.1.2","TCP","66","8004  >  36582 [ACK] Seq=499709 Ack=142 Win=65024 Len=0 TSval=2916040063 TSecr=3045559837"
"52689","35.983264513","192.168.1.2","192.168.1.55","TCP","74","36590  >  8004 [SYN] Seq=0 Win=64240 Len=0 MSS=1460 SACK_PERM TSval=3045559838 TSecr=0 WS=1024"
"52690","35.983280790","192.168.1.55","192.168.1.2","TCP","74","8004  >  36590 [SYN, ACK] Seq=0 Ack=1 Win=65160 Len=0 MSS=1460 SACK_PERM TSval=2916040063 TSecr=3045559838 WS=128"
"52691","35.986419629","192.168.1.2","192.168.1.55","TCP","66","36590  >  8004 [ACK] Seq=1 Ack=1 Win=64512 Len=0 TSval=3045559841 TSecr=2916040063"
"52692","35.989638227","192.168.1.2","192.168.1.55","HTTP","209","GET /original_benchmark.png HTTP/1.1 "
"52693","35.989660060","192.168.1.55","192.168.1.2","TCP","66","8004  >  36590 [ACK] Seq=1 Ack=144 Win=65024 Len=0 TSval=2916040070 TSecr=3045559841"
"52694","35.990124727","192.168.1.55","192.168.1.2","TCP","255","8004  >  36590 [PSH, ACK] Seq=1 Ack=144 Win=65024 Len=189 TSval=2916040070 TSecr=3045559841 [TCP segment of a reassembled PDU]"
"52695","35.990210802","192.168.1.55","192.168.1.2","TCP","1514","8004  >  36590 [ACK] Seq=190 Ack=144 Win=65024 Len=1448 TSval=2916040070 TSecr=3045559841 [TCP segment of a reassembled PDU]"
"52696","35.990215357","192.168.1.55","192.168.1.2","TCP","1514","8004  >  36590 [ACK] Seq=1638 Ack=144 Win=65024 Len=1448 TSval=2916040070 TSecr=3045559841 [TCP segment of a reassembled PDU]"
"52697","35.990216691","192.168.1.55","192.168.1.2","TCP","1514","8004  >  36590 [ACK] Seq=3086 Ack=144 Win=65024 Len=1448 TSval=2916040070 TSecr=3045559841 [TCP segment of a reassembled PDU]"
"52698","35.990217950","192.168.1.55","192.168.1.2","TCP","1514","8004  >  36590 [ACK] Seq=4534 Ack=144 Win=65024 Len=1448 TSval=2916040070 TSecr=3045559841 [TCP segment of a reassembled PDU]"
"52699","35.990219876","192.168.1.55","192.168.1.2","TCP","1514","8004  >  36590 [PSH, ACK] Seq=5982 Ack=144 Win=65024 Len=1448 TSval=2916040070 TSecr=3045559841 [TCP segment of a reassembled PDU]"
"52700","35.990235302","192.168.1.55","192.168.1.2","TCP","1514","8004  >  36590 [ACK] Seq=7430 Ack=144 Win=65024 Len=1448 TSval=2916040070 TSecr=3045559841 [TCP segment of a reassembled PDU]"
"52701","35.990237320","192.168.1.55","192.168.1.2","TCP","1514","8004  >  36590 [ACK] Seq=8878 Ack=144 Win=65024 Len=1448 TSval=2916040070 TSecr=3045559841 [TCP segment of a reassembled PDU]"
"52702","35.990238857","192.168.1.55","192.168.1.2","TCP","1514","8004  >  36590 [ACK] Seq=10326 Ack=144 Win=65024 Len=1448 TSval=2916040070 TSecr=3045559841 [TCP segment of a reassembled PDU]"
"52703","35.990240413","192.168.1.55","192.168.1.2","TCP","1514","8004  >  36590 [PSH, ACK] Seq=11774 Ack=144 Win=65024 Len=1448 TSval=2916040070 TSecr=3045559841 [TCP segment of a reassembled PDU]"
"52704","35.993861048","192.168.1.2","192.168.1.55","TCP","66","36590  >  8004 [ACK] Seq=144 Ack=190 Win=64512 Len=0 TSval=3045559848 TSecr=2916040070"
"52705","35.993983734","192.168.1.55","192.168.1.2","TCP","1514","8004  >  36590 [ACK] Seq=13222 Ack=144 Win=65024 Len=1448 TSval=2916040074 TSecr=3045559848 [TCP segment of a reassembled PDU]"
"52706","35.993996271","192.168.1.55","192.168.1.2","TCP","1514","8004  >  36590 [PSH, ACK] Seq=14670 Ack=144 Win=65024 Len=1448 TSval=2916040074 TSecr=3045559848 [TCP segment of a reassembled PDU]"
"52707","35.994162901","192.168.1.2","192.168.1.55","TCP","66","36590  >  8004 [ACK] Seq=144 Ack=5982 Win=76800 Len=0 TSval=3045559848 TSecr=2916040070"
"52708","35.994261438","192.168.1.55","192.168.1.2","TCP","1514","8004  >  36590 [ACK] Seq=16118 Ack=144 Win=65024 Len=1448 TSval=2916040074 TSecr=3045559848 [TCP segment of a reassembled PDU]"
"52709","35.994269790","192.168.1.55","192.168.1.2","TCP","1514","8004  >  36590 [ACK] Seq=17566 Ack=144 Win=65024 Len=1448 TSval=2916040074 TSecr=3045559848 [TCP segment of a reassembled PDU]"
"52710","35.994271567","192.168.1.55","192.168.1.2","TCP","1514","8004  >  36590 [ACK] Seq=19014 Ack=144 Win=65024 Len=1448 TSval=2916040074 TSecr=3045559848 [TCP segment of a reassembled PDU]"
"52711","35.994274179","192.168.1.55","192.168.1.2","TCP","1514","8004  >  36590 [ACK] Seq=20462 Ack=144 Win=65024 Len=1448 TSval=2916040074 TSecr=3045559848 [TCP segment of a reassembled PDU]"
"52712","35.994276882","192.168.1.55","192.168.1.2","TCP","1514","8004  >  36590 [ACK] Seq=21910 Ack=144 Win=65024 Len=1448 TSval=2916040074 TSecr=3045559848 [TCP segment of a reassembled PDU]"
"52713","35.994279512","192.168.1.55","192.168.1.2","TCP","1514","8004  >  36590 [ACK] Seq=23358 Ack=144 Win=65024 Len=1448 TSval=2916040074 TSecr=3045559848 [TCP segment of a reassembled PDU]"
"52714","35.994281549","192.168.1.55","192.168.1.2","TCP","1514","8004  >  36590 [PSH, ACK] Seq=24806 Ack=144 Win=65024 Len=1448 TSval=2916040074 TSecr=3045559848 [TCP segment of a reassembled PDU]"
"52715","35.994321197","192.168.1.2","192.168.1.55","TCP","66","36590  >  8004 [ACK] Seq=144 Ack=7430 Win=79872 Len=0 TSval=3045559849 TSecr=2916040070"
"52716","35.994345697","192.168.1.2","192.168.1.55","TCP","66","36590  >  8004 [ACK] Seq=144 Ack=13222 Win=87040 Len=0 TSval=3045559849 TSecr=2916040070"
"52717","35.994413216","192.168.1.55","192.168.1.2","TCP","1514","8004  >  36590 [ACK] Seq=26254 Ack=144 Win=65024 Len=1448 TSval=2916040075 TSecr=3045559849 [TCP segment of a reassembled PDU]"
"52718","35.994420660","192.168.1.55","192.168.1.2","TCP","1514","8004  >  36590 [ACK] Seq=27702 Ack=144 Win=65024 Len=1448 TSval=2916040075 TSecr=3045559849 [TCP segment of a reassembled PDU]"
"52719","35.994424123","192.168.1.55","192.168.1.2","TCP","1514","8004  >  36590 [ACK] Seq=29150 Ack=144 Win=65024 Len=1448 TSval=2916040075 TSecr=3045559849 [TCP segment of a reassembled PDU]"
"52720","35.994426271","192.168.1.55","192.168.1.2","TCP","1514","8004  >  36590 [ACK] Seq=30598 Ack=144 Win=65024 Len=1448 TSval=2916040075 TSecr=3045559849 [TCP segment of a reassembled PDU]"
"52721","35.994428697","192.168.1.55","192.168.1.2","TCP","1514","8004  >  36590 [ACK] Seq=32046 Ack=144 Win=65024 Len=1448 TSval=2916040075 TSecr=3045559849 [TCP segment of a reassembled PDU]"
"52722","35.994431308","192.168.1.55","192.168.1.2","TCP","1514","8004  >  36590 [ACK] Seq=33494 Ack=144 Win=65024 Len=1448 TSval=2916040075 TSecr=3045559849 [TCP segment of a reassembled PDU]"
"52723","35.994434345","192.168.1.55","192.168.1.2","TCP","1514","8004  >  36590 [ACK] Seq=34942 Ack=144 Win=65024 Len=1448 TSval=2916040075 TSecr=3045559849 [TCP segment of a reassembled PDU]"
"52724","35.994436697","192.168.1.55","192.168.1.2","TCP","1514","8004  >  36590 [ACK] Seq=36390 Ack=144 Win=65024 Len=1448 TSval=2916040075 TSecr=3045559849 [TCP segment of a reassembled PDU]"
"52725","35.994440216","192.168.1.55","192.168.1.2","TCP","1514","8004  >  36590 [ACK] Seq=37838 Ack=144 Win=65024 Len=1448 TSval=2916040075 TSecr=3045559849 [TCP segment of a reassembled PDU]"
"52726","35.994443142","192.168.1.55","192.168.1.2","TCP","1514","8004  >  36590 [PSH, ACK] Seq=39286 Ack=144 Win=65024 Len=1448 TSval=2916040075 TSecr=3045559849 [TCP segment of a reassembled PDU]"
"52727","35.995364477","192.168.1.55","192.168.1.2","TCP","1514","8004  >  36590 [ACK] Seq=40734 Ack=144 Win=65024 Len=1448 TSval=2916040076 TSecr=3045559849 [TCP segment of a reassembled PDU]"
"52728","35.999299742","192.168.1.2","192.168.1.55","TCP","66","36590  >  8004 [ACK] Seq=144 Ack=16118 Win=93184 Len=0 TSval=3045559853 TSecr=2916040074"
"52729","35.999337576","192.168.1.55","192.168.1.2","TCP","1514","8004  >  36590 [ACK] Seq=42182 Ack=144 Win=65024 Len=1448 TSval=2916040080 TSecr=3045559853 [TCP segment of a reassembled PDU]"
"52730","35.999349502","192.168.1.55","192.168.1.2","TCP","1514","8004  >  36590 [PSH, ACK] Seq=43630 Ack=144 Win=65024 Len=1448 TSval=2916040080 TSecr=3045559853 [TCP segment of a reassembled PDU]"
"52731","35.999430520","192.168.1.2","192.168.1.55","TCP","66","36590  >  8004 [ACK] Seq=144 Ack=26254 Win=83968 Len=0 TSval=3045559853 TSecr=2916040074"
"52732","35.999463668","192.168.1.55","192.168.1.2","TCP","1514","8004  >  36590 [ACK] Seq=45078 Ack=144 Win=65024 Len=1448 TSval=2916040080 TSecr=3045559853 [TCP segment of a reassembled PDU]"
"52733","35.999466483","192.168.1.55","192.168.1.2","TCP","1514","8004  >  36590 [ACK] Seq=46526 Ack=144 Win=65024 Len=1448 TSval=2916040080 TSecr=3045559853 [TCP segment of a reassembled PDU]"
"52734","35.999468187","192.168.1.55","192.168.1.2","TCP","1514","8004  >  36590 [ACK] Seq=47974 Ack=144 Win=65024 Len=1448 TSval=2916040080 TSecr=3045559853 [TCP segment of a reassembled PDU]"
"52735","35.999470150","192.168.1.55","192.168.1.2","TCP","1514","8004  >  36590 [ACK] Seq=49422 Ack=144 Win=65024 Len=1448 TSval=2916040080 TSecr=3045559853 [TCP segment of a reassembled PDU]"
"52736","35.999472057","192.168.1.55","192.168.1.2","TCP","1514","8004  >  36590 [ACK] Seq=50870 Ack=144 Win=65024 Len=1448 TSval=2916040080 TSecr=3045559853 [TCP segment of a reassembled PDU]"
"52737","35.999473928","192.168.1.55","192.168.1.2","TCP","1514","8004  >  36590 [ACK] Seq=52318 Ack=144 Win=65024 Len=1448 TSval=2916040080 TSecr=3045559853 [TCP segment of a reassembled PDU]"
"52738","35.999475298","192.168.1.55","192.168.1.2","TCP","1514","8004  >  36590 [ACK] Seq=53766 Ack=144 Win=65024 Len=1448 TSval=2916040080 TSecr=3045559853 [TCP segment of a reassembled PDU]"
"52739","35.999476835","192.168.1.55","192.168.1.2","TCP","1514","8004  >  36590 [ACK] Seq=55214 Ack=144 Win=65024 Len=1448 TSval=2916040080 TSecr=3045559853 [TCP segment of a reassembled PDU]"
"52740","35.999478298","192.168.1.55","192.168.1.2","TCP","1514","8004  >  36590 [ACK] Seq=56662 Ack=144 Win=65024 Len=1448 TSval=2916040080 TSecr=3045559853 [TCP segment of a reassembled PDU]"
"52741","35.999479872","192.168.1.55","192.168.1.2","TCP","1514","8004  >  36590 [ACK] Seq=58110 Ack=144 Win=65024 Len=1448 TSval=2916040080 TSecr=3045559853 [TCP segment of a reassembled PDU]"
"52742","35.999481650","192.168.1.55","192.168.1.2","TCP","1514","8004  >  36590 [ACK] Seq=59558 Ack=144 Win=65024 Len=1448 TSval=2916040080 TSecr=3045559853 [TCP segment of a reassembled PDU]"
"52743","35.999483317","192.168.1.55","192.168.1.2","TCP","1514","8004  >  36590 [ACK] Seq=61006 Ack=144 Win=65024 Len=1448 TSval=2916040080 TSecr=3045559853 [TCP segment of a reassembled PDU]"
"52744","35.999485039","192.168.1.55","192.168.1.2","TCP","1514","8004  >  36590 [ACK] Seq=62454 Ack=144 Win=65024 Len=1448 TSval=2916040080 TSecr=3045559853 [TCP segment of a reassembled PDU]"
"52745","35.999486465","192.168.1.55","192.168.1.2","TCP","1514","8004  >  36590 [PSH, ACK] Seq=63902 Ack=144 Win=65024 Len=1448 TSval=2916040080 TSecr=3045559853 [TCP segment of a reassembled PDU]"
"52746","35.999492224","192.168.1.2","192.168.1.55","TCP","66","36590  >  8004 [ACK] Seq=144 Ack=36390 Win=74752 Len=0 TSval=3045559853 TSecr=2916040075"
"52747","35.999522965","192.168.1.55","192.168.1.2","TCP","1514","8004  >  36590 [ACK] Seq=65350 Ack=144 Win=65024 Len=1448 TSval=2916040080 TSecr=3045559853 [TCP segment of a reassembled PDU]"
"52748","35.999524780","192.168.1.55","192.168.1.2","TCP","1514","8004  >  36590 [ACK] Seq=66798 Ack=144 Win=65024 Len=1448 TSval=2916040080 TSecr=3045559853 [TCP segment of a reassembled PDU]"
"52749","35.999526631","192.168.1.55","192.168.1.2","TCP","1514","8004  >  36590 [ACK] Seq=68246 Ack=144 Win=65024 Len=1448 TSval=2916040080 TSecr=3045559853 [TCP segment of a reassembled PDU]"
"52750","35.999528335","192.168.1.55","192.168.1.2","TCP","1514","8004  >  36590 [ACK] Seq=69694 Ack=144 Win=65024 Len=1448 TSval=2916040080 TSecr=3045559853 [TCP segment of a reassembled PDU]"
"52751","35.999529835","192.168.1.55","192.168.1.2","TCP","1514","8004  >  36590 [ACK] Seq=71142 Ack=144 Win=65024 Len=1448 TSval=2916040080 TSecr=3045559853 [TCP segment of a reassembled PDU]"
"52752","35.999531206","192.168.1.55","192.168.1.2","TCP","1514","8004  >  36590 [ACK] Seq=72590 Ack=144 Win=65024 Len=1448 TSval=2916040080 TSecr=3045559853 [TCP segment of a reassembled PDU]"
"52753","35.999532668","192.168.1.55","192.168.1.2","TCP","1514","8004  >  36590 [ACK] Seq=74038 Ack=144 Win=65024 Len=1448 TSval=2916040080 TSecr=3045559853 [TCP segment of a reassembled PDU]"
"52754","35.999534372","192.168.1.55","192.168.1.2","TCP","1514","8004  >  36590 [PSH, ACK] Seq=75486 Ack=144 Win=65024 Len=1448 TSval=2916040080 TSecr=3045559853 [TCP segment of a reassembled PDU]"
"52755","35.999546224","192.168.1.2","192.168.1.55","TCP","66","36590  >  8004 [ACK] Seq=144 Ack=39286 Win=93184 Len=0 TSval=3045559853 TSecr=2916040075"
"52756","35.999623002","192.168.1.2","192.168.1.55","TCP","66","36590  >  8004 [ACK] Seq=144 Ack=40734 Win=94208 Len=0 TSval=3045559854 TSecr=2916040075"
"52757","35.999627706","192.168.1.2","192.168.1.55","TCP","66","36590  >  8004 [ACK] Seq=144 Ack=42182 Win=93184 Len=0 TSval=3045559854 TSecr=2916040076"
"52758","36.000581485","192.168.1.55","192.168.1.2","TCP","1514","8004  >  36590 [ACK] Seq=76934 Ack=144 Win=65024 Len=1448 TSval=2916040081 TSecr=3045559854 [TCP segment of a reassembled PDU]"
"52759","36.000586078","192.168.1.55","192.168.1.2","TCP","1514","8004  >  36590 [ACK] Seq=78382 Ack=144 Win=65024 Len=1448 TSval=2916040081 TSecr=3045559854 [TCP segment of a reassembled PDU]"
"52760","36.000588189","192.168.1.55","192.168.1.2","TCP","1514","8004  >  36590 [ACK] Seq=79830 Ack=144 Win=65024 Len=1448 TSval=2916040081 TSecr=3045559854 [TCP segment of a reassembled PDU]"
"52761","36.000589874","192.168.1.55","192.168.1.2","TCP","1514","8004  >  36590 [ACK] Seq=81278 Ack=144 Win=65024 Len=1448 TSval=2916040081 TSecr=3045559854 [TCP segment of a reassembled PDU]"
"52762","36.000591800","192.168.1.55","192.168.1.2","TCP","1514","8004  >  36590 [ACK] Seq=82726 Ack=144 Win=65024 Len=1448 TSval=2916040081 TSecr=3045559854 [TCP segment of a reassembled PDU]"
"52763","36.000593152","192.168.1.55","192.168.1.2","TCP","1514","8004  >  36590 [ACK] Seq=84174 Ack=144 Win=65024 Len=1448 TSval=2916040081 TSecr=3045559854 [TCP segment of a reassembled PDU]"
"52764","36.000594485","192.168.1.55","192.168.1.2","TCP","1514","8004  >  36590 [ACK] Seq=85622 Ack=144 Win=65024 Len=1448 TSval=2916040081 TSecr=3045559854 [TCP segment of a reassembled PDU]"
"52765","36.000596615","192.168.1.55","192.168.1.2","TCP","1514","8004  >  36590 [ACK] Seq=87070 Ack=144 Win=65024 Len=1448 TSval=2916040081 TSecr=3045559854 [TCP segment of a reassembled PDU]"
"52766","36.000598096","192.168.1.55","192.168.1.2","TCP","1514","8004  >  36590 [ACK] Seq=88518 Ack=144 Win=65024 Len=1448 TSval=2916040081 TSecr=3045559854 [TCP segment of a reassembled PDU]"
"52767","36.000600096","192.168.1.55","192.168.1.2","TCP","1514","8004  >  36590 [ACK] Seq=89966 Ack=144 Win=65024 Len=1448 TSval=2916040081 TSecr=3045559854 [TCP segment of a reassembled PDU]"
"52768","36.000602596","192.168.1.55","192.168.1.2","TCP","1514","8004  >  36590 [ACK] Seq=91414 Ack=144 Win=65024 Len=1448 TSval=2916040081 TSecr=3045559854 [TCP segment of a reassembled PDU]"
"52769","36.000604022","192.168.1.55","192.168.1.2","TCP","1514","8004  >  36590 [ACK] Seq=92862 Ack=144 Win=65024 Len=1448 TSval=2916040081 TSecr=3045559854 [TCP segment of a reassembled PDU]"
"52770","36.000605559","192.168.1.55","192.168.1.2","TCP","1514","8004  >  36590 [ACK] Seq=94310 Ack=144 Win=65024 Len=1448 TSval=2916040081 TSecr=3045559854 [TCP segment of a reassembled PDU]"
"52771","36.000606911","192.168.1.55","192.168.1.2","TCP","1514","8004  >  36590 [PSH, ACK] Seq=95758 Ack=144 Win=65024 Len=1448 TSval=2916040081 TSecr=3045559854 [TCP segment of a reassembled PDU]"
"52772","36.000616967","192.168.1.55","192.168.1.2","TCP","1514","8004  >  36590 [ACK] Seq=97206 Ack=144 Win=65024 Len=1448 TSval=2916040081 TSecr=3045559854 [TCP segment of a reassembled PDU]"
"52773","36.000618374","192.168.1.55","192.168.1.2","TCP","1514","8004  >  36590 [PSH, ACK] Seq=98654 Ack=144 Win=65024 Len=1448 TSval=2916040081 TSecr=3045559854 [TCP segment of a reassembled PDU]"
"52774","36.004956436","192.168.1.2","192.168.1.55","TCP","66","36590  >  8004 [ACK] Seq=144 Ack=45078 Win=91136 Len=0 TSval=3045559859 TSecr=2916040080"
"52775","36.004992437","192.168.1.55","192.168.1.2","TCP","1514","8004  >  36590 [ACK] Seq=100102 Ack=144 Win=65024 Len=1448 TSval=2916040085 TSecr=3045559859 [TCP segment of a reassembled PDU]"
"52776","36.004997381","192.168.1.55","192.168.1.2","TCP","1514","8004  >  36590 [ACK] Seq=101550 Ack=144 Win=65024 Len=1448 TSval=2916040085 TSecr=3045559859 [TCP segment of a reassembled PDU]"
"52777","36.004998696","192.168.1.55","192.168.1.2","TCP","1514","8004  >  36590 [ACK] Seq=102998 Ack=144 Win=65024 Len=1448 TSval=2916040085 TSecr=3045559859 [TCP segment of a reassembled PDU]"
"52778","36.004999918","192.168.1.55","192.168.1.2","TCP","1514","8004  >  36590 [PSH, ACK] Seq=104446 Ack=144 Win=65024 Len=1448 TSval=2916040085 TSecr=3045559859 [TCP segment of a reassembled PDU]"
"52779","36.005274048","192.168.1.2","192.168.1.55","TCP","66","36590  >  8004 [ACK] Seq=144 Ack=63902 Win=77824 Len=0 TSval=3045559859 TSecr=2916040080"
"52780","36.005295104","192.168.1.55","192.168.1.2","TCP","1514","8004  >  36590 [ACK] Seq=105894 Ack=144 Win=65024 Len=1448 TSval=2916040085 TSecr=3045559859 [TCP segment of a reassembled PDU]"
"52781","36.005297307","192.168.1.55","192.168.1.2","TCP","1514","8004  >  36590 [ACK] Seq=107342 Ack=144 Win=65024 Len=1448 TSval=2916040085 TSecr=3045559859 [TCP segment of a reassembled PDU]"
"52782","36.005298918","192.168.1.55","192.168.1.2","TCP","1514","8004  >  36590 [ACK] Seq=108790 Ack=144 Win=65024 Len=1448 TSval=2916040085 TSecr=3045559859 [TCP segment of a reassembled PDU]"
"52783","36.005300196","192.168.1.55","192.168.1.2","TCP","1514","8004  >  36590 [ACK] Seq=110238 Ack=144 Win=65024 Len=1448 TSval=2916040085 TSecr=3045559859 [TCP segment of a reassembled PDU]"
"52784","36.005301456","192.168.1.55","192.168.1.2","TCP","1514","8004  >  36590 [ACK] Seq=111686 Ack=144 Win=65024 Len=1448 TSval=2916040085 TSecr=3045559859 [TCP segment of a reassembled PDU]"
"52785","36.005302622","192.168.1.55","192.168.1.2","TCP","1514","8004  >  36590 [ACK] Seq=113134 Ack=144 Win=65024 Len=1448 TSval=2916040085 TSecr=3045559859 [TCP segment of a reassembled PDU]"
"52786","36.005303826","192.168.1.55","192.168.1.2","TCP","1514","8004  >  36590 [ACK] Seq=114582 Ack=144 Win=65024 Len=1448 TSval=2916040085 TSecr=3045559859 [TCP segment of a reassembled PDU]"
"52787","36.005305141","192.168.1.55","192.168.1.2","TCP","1514","8004  >  36590 [ACK] Seq=116030 Ack=144 Win=65024 Len=1448 TSval=2916040085 TSecr=3045559859 [TCP segment of a reassembled PDU]"
"52788","36.005306289","192.168.1.55","192.168.1.2","TCP","1514","8004  >  36590 [ACK] Seq=117478 Ack=144 Win=65024 Len=1448 TSval=2916040085 TSecr=3045559859 [TCP segment of a reassembled PDU]"
"52789","36.005307641","192.168.1.55","192.168.1.2","TCP","1514","8004  >  36590 [PSH, ACK] Seq=118926 Ack=144 Win=65024 Len=1448 TSval=2916040085 TSecr=3045559859 [TCP segment of a reassembled PDU]"
"52790","36.005314789","192.168.1.2","192.168.1.55","TCP","66","36590  >  8004 [ACK] Seq=144 Ack=65350 Win=94208 Len=0 TSval=3045559859 TSecr=2916040080"
"52791","36.005318696","192.168.1.2","192.168.1.55","TCP","66","36590  >  8004 [ACK] Seq=144 Ack=66798 Win=93184 Len=0 TSval=3045559859 TSecr=2916040080"
"52792","36.005374289","192.168.1.55","192.168.1.2","TCP","1514","8004  >  36590 [ACK] Seq=120374 Ack=144 Win=65024 Len=1448 TSval=2916040086 TSecr=3045559859 [TCP segment of a reassembled PDU]"
"52793","36.005377585","192.168.1.55","192.168.1.2","TCP","1514","8004  >  36590 [ACK] Seq=121822 Ack=144 Win=65024 Len=1448 TSval=2916040086 TSecr=3045559859 [TCP segment of a reassembled PDU]"
"52794","36.005378919","192.168.1.55","192.168.1.2","TCP","1514","8004  >  36590 [ACK] Seq=123270 Ack=144 Win=65024 Len=1448 TSval=2916040086 TSecr=3045559859 [TCP segment of a reassembled PDU]"
"52795","36.005380196","192.168.1.55","192.168.1.2","TCP","1514","8004  >  36590 [ACK] Seq=124718 Ack=144 Win=65024 Len=1448 TSval=2916040086 TSecr=3045559859 [TCP segment of a reassembled PDU]"
"52796","36.005381456","192.168.1.55","192.168.1.2","TCP","1514","8004  >  36590 [ACK] Seq=126166 Ack=144 Win=65024 Len=1448 TSval=2916040086 TSecr=3045559859 [TCP segment of a reassembled PDU]"
"52797","36.005382641","192.168.1.55","192.168.1.2","TCP","1514","8004  >  36590 [ACK] Seq=127614 Ack=144 Win=65024 Len=1448 TSval=2916040086 TSecr=3045559859 [TCP segment of a reassembled PDU]"
"52798","36.005383863","192.168.1.55","192.168.1.2","TCP","1514","8004  >  36590 [ACK] Seq=129062 Ack=144 Win=65024 Len=1448 TSval=2916040086 TSecr=3045559859 [TCP segment of a reassembled PDU]"
"52799","36.005385437","192.168.1.55","192.168.1.2","TCP","1514","8004  >  36590 [ACK] Seq=130510 Ack=144 Win=65024 Len=1448 TSval=2916040086 TSecr=3045559859 [TCP segment of a reassembled PDU]"
"52800","36.005386715","192.168.1.55","192.168.1.2","TCP","1514","8004  >  36590 [ACK] Seq=131958 Ack=144 Win=65024 Len=1448 TSval=2916040086 TSecr=3045559859 [TCP segment of a reassembled PDU]"
"52801","36.005388067","192.168.1.55","192.168.1.2","TCP","1514","8004  >  36590 [ACK] Seq=133406 Ack=144 Win=65024 Len=1448 TSval=2916040086 TSecr=3045559859 [TCP segment of a reassembled PDU]"
"52802","36.005389326","192.168.1.55","192.168.1.2","TCP","1514","8004  >  36590 [ACK] Seq=134854 Ack=144 Win=65024 Len=1448 TSval=2916040086 TSecr=3045559859 [TCP segment of a reassembled PDU]"
"52803","36.005390567","192.168.1.55","192.168.1.2","TCP","1514","8004  >  36590 [ACK] Seq=136302 Ack=144 Win=65024 Len=1448 TSval=2916040086 TSecr=3045559859 [TCP segment of a reassembled PDU]"
"52804","36.005391919","192.168.1.55","192.168.1.2","TCP","1514","8004  >  36590 [ACK] Seq=137750 Ack=144 Win=65024 Len=1448 TSval=2916040086 TSecr=3045559859 [TCP segment of a reassembled PDU]"
"52805","36.005393122","192.168.1.55","192.168.1.2","TCP","1514","8004  >  36590 [ACK] Seq=139198 Ack=144 Win=65024 Len=1448 TSval=2916040086 TSecr=3045559859 [TCP segment of a reassembled PDU]"
"52806","36.005394363","192.168.1.55","192.168.1.2","TCP","1514","8004  >  36590 [ACK] Seq=140646 Ack=144 Win=65024 Len=1448 TSval=2916040086 TSecr=3045559859 [TCP segment of a reassembled PDU]"
"52807","36.005395622","192.168.1.55","192.168.1.2","TCP","1514","8004  >  36590 [ACK] Seq=142094 Ack=144 Win=65024 Len=1448 TSval=2916040086 TSecr=3045559859 [TCP segment of a reassembled PDU]"
"52808","36.005396845","192.168.1.55","192.168.1.2","TCP","1514","8004  >  36590 [ACK] Seq=143542 Ack=144 Win=65024 Len=1448 TSval=2916040086 TSecr=3045559859 [TCP segment of a reassembled PDU]"
"52809","36.005398196","192.168.1.55","192.168.1.2","TCP","1514","8004  >  36590 [ACK] Seq=144990 Ack=144 Win=65024 Len=1448 TSval=2916040086 TSecr=3045559859 [TCP segment of a reassembled PDU]"
"52810","36.005399437","192.168.1.55","192.168.1.2","TCP","1514","8004  >  36590 [ACK] Seq=146438 Ack=144 Win=65024 Len=1448 TSval=2916040086 TSecr=3045559859 [TCP segment of a reassembled PDU]"
"52811","36.005400604","192.168.1.55","192.168.1.2","TCP","1514","8004  >  36590 [PSH, ACK] Seq=147886 Ack=144 Win=65024 Len=1448 TSval=2916040086 TSecr=3045559859 [TCP segment of a reassembled PDU]"
"52812","36.005417845","192.168.1.2","192.168.1.55","TCP","66","36590  >  8004 [ACK] Seq=144 Ack=76934 Win=86016 Len=0 TSval=3045559859 TSecr=2916040080"
"52813","36.005424437","192.168.1.2","192.168.1.55","TCP","66","36590  >  8004 [ACK] Seq=144 Ack=89966 Win=73728 Len=0 TSval=3045559859 TSecr=2916040081"
"52814","36.006543291","192.168.1.55","192.168.1.2","TCP","1514","8004  >  36590 [ACK] Seq=149334 Ack=144 Win=65024 Len=1448 TSval=2916040087 TSecr=3045559859 [TCP segment of a reassembled PDU]"
"52815","36.006546661","192.168.1.55","192.168.1.2","TCP","1514","8004  >  36590 [ACK] Seq=150782 Ack=144 Win=65024 Len=1448 TSval=2916040087 TSecr=3045559859 [TCP segment of a reassembled PDU]"
"52816","36.006547958","192.168.1.55","192.168.1.2","TCP","1514","8004  >  36590 [ACK] Seq=152230 Ack=144 Win=65024 Len=1448 TSval=2916040087 TSecr=3045559859 [TCP segment of a reassembled PDU]"
"52817","36.006549161","192.168.1.55","192.168.1.2","TCP","1514","8004  >  36590 [ACK] Seq=153678 Ack=144 Win=65024 Len=1448 TSval=2916040087 TSecr=3045559859 [TCP segment of a reassembled PDU]"
"52818","36.006550495","192.168.1.55","192.168.1.2","TCP","1514","8004  >  36590 [ACK] Seq=155126 Ack=144 Win=65024 Len=1448 TSval=2916040087 TSecr=3045559859 [TCP segment of a reassembled PDU]"
"52819","36.006552180","192.168.1.55","192.168.1.2","TCP","1514","8004  >  36590 [ACK] Seq=156574 Ack=144 Win=65024 Len=1448 TSval=2916040087 TSecr=3045559859 [TCP segment of a reassembled PDU]"
"52820","36.006553439","192.168.1.55","192.168.1.2","TCP","1514","8004  >  36590 [ACK] Seq=158022 Ack=144 Win=65024 Len=1448 TSval=2916040087 TSecr=3045559859 [TCP segment of a reassembled PDU]"
"52821","36.006556421","192.168.1.55","192.168.1.2","TCP","1514","8004  >  36590 [ACK] Seq=159470 Ack=144 Win=65024 Len=1448 TSval=2916040087 TSecr=3045559859 [TCP segment of a reassembled PDU]"
"52822","36.006558069","192.168.1.55","192.168.1.2","TCP","1514","8004  >  36590 [ACK] Seq=160918 Ack=144 Win=65024 Len=1448 TSval=2916040087 TSecr=3045559859 [TCP segment of a reassembled PDU]"
"52823","36.006559217","192.168.1.55","192.168.1.2","TCP","1394","[TCP Window Full] 8004  >  36590 [PSH, ACK] Seq=162366 Ack=144 Win=65024 Len=1328 TSval=2916040087 TSecr=3045559859 [TCP segment of a reassembled PDU]"
"52824","36.006846977","192.168.1.2","192.168.1.55","TCP","66","36590  >  8004 [ACK] Seq=144 Ack=97206 Win=86016 Len=0 TSval=3045559861 TSecr=2916040081"
"52825","36.006856477","192.168.1.55","192.168.1.2","TCP","186","8004  >  36590 [ACK] Seq=163694 Ack=144 Win=65024 Len=120 TSval=2916040087 TSecr=3045559861 [TCP segment of a reassembled PDU]"
"52826","36.006882106","192.168.1.2","192.168.1.55","TCP","66","36590  >  8004 [ACK] Seq=144 Ack=100102 Win=83968 Len=0 TSval=3045559861 TSecr=2916040081"
"52827","36.006898866","192.168.1.55","192.168.1.2","TCP","1514","8004  >  36590 [ACK] Seq=163814 Ack=144 Win=65024 Len=1448 TSval=2916040087 TSecr=3045559861 [TCP segment of a reassembled PDU]"
"52828","36.006900347","192.168.1.55","192.168.1.2","TCP","1514","8004  >  36590 [ACK] Seq=165262 Ack=144 Win=65024 Len=1448 TSval=2916040087 TSecr=3045559861 [TCP segment of a reassembled PDU]"
"52829","36.006901643","192.168.1.55","192.168.1.2","TCP","1514","8004  >  36590 [ACK] Seq=166710 Ack=144 Win=65024 Len=1448 TSval=2916040087 TSecr=3045559861 [TCP segment of a reassembled PDU]"
"52830","36.006902791","192.168.1.55","192.168.1.2","TCP","1514","8004  >  36590 [ACK] Seq=168158 Ack=144 Win=65024 Len=1448 TSval=2916040087 TSecr=3045559861 [TCP segment of a reassembled PDU]"
"52831","36.006903958","192.168.1.55","192.168.1.2","TCP","1514","8004  >  36590 [ACK] Seq=169606 Ack=144 Win=65024 Len=1448 TSval=2916040087 TSecr=3045559861 [TCP segment of a reassembled PDU]"
"52832","36.006905106","192.168.1.55","192.168.1.2","TCP","1514","8004  >  36590 [ACK] Seq=171054 Ack=144 Win=65024 Len=1448 TSval=2916040087 TSecr=3045559861 [TCP segment of a reassembled PDU]"
"52833","36.006906403","192.168.1.55","192.168.1.2","TCP","1514","8004  >  36590 [ACK] Seq=172502 Ack=144 Win=65024 Len=1448 TSval=2916040087 TSecr=3045559861 [TCP segment of a reassembled PDU]"
"52834","36.006907625","192.168.1.55","192.168.1.2","TCP","1514","8004  >  36590 [ACK] Seq=173950 Ack=144 Win=65024 Len=1448 TSval=2916040087 TSecr=3045559861 [TCP segment of a reassembled PDU]"
"52835","36.006908958","192.168.1.55","192.168.1.2","TCP","1514","8004  >  36590 [ACK] Seq=175398 Ack=144 Win=65024 Len=1448 TSval=2916040087 TSecr=3045559861 [TCP segment of a reassembled PDU]"
"52836","36.006910273","192.168.1.55","192.168.1.2","TCP","1514","8004  >  36590 [ACK] Seq=176846 Ack=144 Win=65024 Len=1448 TSval=2916040087 TSecr=3045559861 [TCP segment of a reassembled PDU]"
"52837","36.006911551","192.168.1.55","192.168.1.2","TCP","1514","8004  >  36590 [ACK] Seq=178294 Ack=144 Win=65024 Len=1448 TSval=2916040087 TSecr=3045559861 [TCP segment of a reassembled PDU]"
"52838","36.006912680","192.168.1.55","192.168.1.2","TCP","1514","8004  >  36590 [ACK] Seq=179742 Ack=144 Win=65024 Len=1448 TSval=2916040087 TSecr=3045559861 [TCP segment of a reassembled PDU]"
"52839","36.006913903","192.168.1.55","192.168.1.2","TCP","1514","8004  >  36590 [PSH, ACK] Seq=181190 Ack=144 Win=65024 Len=1448 TSval=2916040087 TSecr=3045559861 [TCP segment of a reassembled PDU]"
"52840","36.011055298","192.168.1.2","192.168.1.55","TCP","66","36590  >  8004 [ACK] Seq=144 Ack=101550 Win=92160 Len=0 TSval=3045559862 TSecr=2916040085"
"52841","36.011065724","192.168.1.55","192.168.1.2","TCP","1514","8004  >  36590 [ACK] Seq=182638 Ack=144 Win=65024 Len=1448 TSval=2916040091 TSecr=3045559862 [TCP segment of a reassembled PDU]"
"52842","36.011067724","192.168.1.55","192.168.1.2","TCP","1514","8004  >  36590 [ACK] Seq=184086 Ack=144 Win=65024 Len=1448 TSval=2916040091 TSecr=3045559862 [TCP segment of a reassembled PDU]"
"52843","36.011068965","192.168.1.55","192.168.1.2","TCP","1514","8004  >  36590 [ACK] Seq=185534 Ack=144 Win=65024 Len=1448 TSval=2916040091 TSecr=3045559862 [TCP segment of a reassembled PDU]"
"52844","36.011070557","192.168.1.55","192.168.1.2","TCP","1514","8004  >  36590 [ACK] Seq=186982 Ack=144 Win=65024 Len=1448 TSval=2916040091 TSecr=3045559862 [TCP segment of a reassembled PDU]"
"52845","36.011071798","192.168.1.55","192.168.1.2","TCP","1514","8004  >  36590 [ACK] Seq=188430 Ack=144 Win=65024 Len=1448 TSval=2916040091 TSecr=3045559862 [TCP segment of a reassembled PDU]"
"52846","36.011072928","192.168.1.55","192.168.1.2","TCP","1514","8004  >  36590 [ACK] Seq=189878 Ack=144 Win=65024 Len=1448 TSval=2916040091 TSecr=3045559862 [TCP segment of a reassembled PDU]"
"52847","36.011074076","192.168.1.55","192.168.1.2","TCP","1514","8004  >  36590 [PSH, ACK] Seq=191326 Ack=144 Win=65024 Len=1448 TSval=2916040091 TSecr=3045559862 [TCP segment of a reassembled PDU]"
"52848","36.012327671","192.168.1.2","192.168.1.55","TCP","66","36590  >  8004 [ACK] Seq=144 Ack=104446 Win=94208 Len=0 TSval=3045559864 TSecr=2916040085"
"52849","36.012337041","192.168.1.55","192.168.1.2","TCP","1514","8004  >  36590 [ACK] Seq=192774 Ack=144 Win=65024 Len=1448 TSval=2916040093 TSecr=3045559864 [TCP segment of a reassembled PDU]"
"52850","36.012339041","192.168.1.55","192.168.1.2","TCP","1514","8004  >  36590 [ACK] Seq=194222 Ack=144 Win=65024 Len=1448 TSval=2916040093 TSecr=3045559864 [TCP segment of a reassembled PDU]"
"52851","36.012340263","192.168.1.55","192.168.1.2","TCP","1514","8004  >  36590 [ACK] Seq=195670 Ack=144 Win=65024 Len=1448 TSval=2916040093 TSecr=3045559864 [TCP segment of a reassembled PDU]"
"52852","36.012341411","192.168.1.55","192.168.1.2","TCP","1514","8004  >  36590 [PSH, ACK] Seq=197118 Ack=144 Win=65024 Len=1448 TSval=2916040093 TSecr=3045559864 [TCP segment of a reassembled PDU]"
"52853","36.012611023","192.168.1.2","192.168.1.55","TCP","66","36590  >  8004 [ACK] Seq=144 Ack=105894 Win=97280 Len=0 TSval=3045559867 TSecr=2916040085"
"52854","36.012616634","192.168.1.2","192.168.1.55","TCP","66","36590  >  8004 [ACK] Seq=144 Ack=120374 Win=97280 Len=0 TSval=3045559867 TSecr=2916040085"
"52855","36.012625819","192.168.1.55","192.168.1.2","TCP","1514","8004  >  36590 [ACK] Seq=198566 Ack=144 Win=65024 Len=1448 TSval=2916040093 TSecr=3045559867 [TCP segment of a reassembled PDU]"
"52856","36.012627838","192.168.1.55","192.168.1.2","TCP","1514","8004  >  36590 [ACK] Seq=200014 Ack=144 Win=65024 Len=1448 TSval=2916040093 TSecr=3045559867 [TCP segment of a reassembled PDU]"
"52857","36.012628967","192.168.1.55","192.168.1.2","TCP","1514","8004  >  36590 [ACK] Seq=201462 Ack=144 Win=65024 Len=1448 TSval=2916040093 TSecr=3045559867 [TCP segment of a reassembled PDU]"
"52858","36.012630208","192.168.1.55","192.168.1.2","TCP","1514","8004  >  36590 [ACK] Seq=202910 Ack=144 Win=65024 Len=1448 TSval=2916040093 TSecr=3045559867 [TCP segment of a reassembled PDU]"
"52859","36.012631356","192.168.1.55","192.168.1.2","TCP","1514","8004  >  36590 [ACK] Seq=204358 Ack=144 Win=65024 Len=1448 TSval=2916040093 TSecr=3045559867 [TCP segment of a reassembled PDU]"
"52860","36.012632523","192.168.1.55","192.168.1.2","TCP","1514","8004  >  36590 [ACK] Seq=205806 Ack=144 Win=65024 Len=1448 TSval=2916040093 TSecr=3045559867 [TCP segment of a reassembled PDU]"
"52861","36.012633764","192.168.1.55","192.168.1.2","TCP","1514","8004  >  36590 [ACK] Seq=207254 Ack=144 Win=65024 Len=1448 TSval=2916040093 TSecr=3045559867 [TCP segment of a reassembled PDU]"
"52862","36.012634986","192.168.1.55","192.168.1.2","TCP","1514","8004  >  36590 [PSH, ACK] Seq=208702 Ack=144 Win=65024 Len=1448 TSval=2916040093 TSecr=3045559867 [TCP segment of a reassembled PDU]"
"52863","36.012638634","192.168.1.2","192.168.1.55","TCP","66","36590  >  8004 [ACK] Seq=144 Ack=149334 Win=91136 Len=0 TSval=3045559867 TSecr=2916040086"
"52864","36.012644708","192.168.1.2","192.168.1.55","TCP","66","36590  >  8004 [ACK] Seq=144 Ack=163694 Win=76800 Len=0 TSval=3045559867 TSecr=2916040087"
"52865","36.012668041","192.168.1.55","192.168.1.2","TCP","1514","8004  >  36590 [ACK] Seq=210150 Ack=144 Win=65024 Len=1448 TSval=2916040093 TSecr=3045559867 [TCP segment of a reassembled PDU]"
"52866","36.012669486","192.168.1.55","192.168.1.2","TCP","1514","8004  >  36590 [ACK] Seq=211598 Ack=144 Win=65024 Len=1448 TSval=2916040093 TSecr=3045559867 [TCP segment of a reassembled PDU]"
"52867","36.012670764","192.168.1.55","192.168.1.2","TCP","1514","8004  >  36590 [ACK] Seq=213046 Ack=144 Win=65024 Len=1448 TSval=2916040093 TSecr=3045559867 [TCP segment of a reassembled PDU]"
"52868","36.012672338","192.168.1.55","192.168.1.2","TCP","1514","8004  >  36590 [ACK] Seq=214494 Ack=144 Win=65024 Len=1448 TSval=2916040093 TSecr=3045559867 [TCP segment of a reassembled PDU]"
"52869","36.012673523","192.168.1.55","192.168.1.2","TCP","1514","8004  >  36590 [ACK] Seq=215942 Ack=144 Win=65024 Len=1448 TSval=2916040093 TSecr=3045559867 [TCP segment of a reassembled PDU]"
"52870","36.012674912","192.168.1.55","192.168.1.2","TCP","1514","8004  >  36590 [ACK] Seq=217390 Ack=144 Win=65024 Len=1448 TSval=2916040093 TSecr=3045559867 [TCP segment of a reassembled PDU]"
"52871","36.012676597","192.168.1.55","192.168.1.2","TCP","1514","8004  >  36590 [ACK] Seq=218838 Ack=144 Win=65024 Len=1448 TSval=2916040093 TSecr=3045559867 [TCP segment of a reassembled PDU]"
"52872","36.012677801","192.168.1.55","192.168.1.2","TCP","1514","8004  >  36590 [ACK] Seq=220286 Ack=144 Win=65024 Len=1448 TSval=2916040093 TSecr=3045559867 [TCP segment of a reassembled PDU]"
"52873","36.012679153","192.168.1.55","192.168.1.2","TCP","1514","8004  >  36590 [ACK] Seq=221734 Ack=144 Win=65024 Len=1448 TSval=2916040093 TSecr=3045559867 [TCP segment of a reassembled PDU]"
"52874","36.012680375","192.168.1.55","192.168.1.2","TCP","1514","8004  >  36590 [ACK] Seq=223182 Ack=144 Win=65024 Len=1448 TSval=2916040093 TSecr=3045559867 [TCP segment of a reassembled PDU]"
"52875","36.012681616","192.168.1.55","192.168.1.2","TCP","1514","8004  >  36590 [ACK] Seq=224630 Ack=144 Win=65024 Len=1448 TSval=2916040093 TSecr=3045559867 [TCP segment of a reassembled PDU]"
"52876","36.012682782","192.168.1.55","192.168.1.2","TCP","1514","8004  >  36590 [ACK] Seq=226078 Ack=144 Win=65024 Len=1448 TSval=2916040093 TSecr=3045559867 [TCP segment of a reassembled PDU]"
"52877","36.012683986","192.168.1.55","192.168.1.2","TCP","1514","8004  >  36590 [ACK] Seq=227526 Ack=144 Win=65024 Len=1448 TSval=2916040093 TSecr=3045559867 [TCP segment of a reassembled PDU]"
"52878","36.012685245","192.168.1.55","192.168.1.2","TCP","1514","8004  >  36590 [ACK] Seq=228974 Ack=144 Win=65024 Len=1448 TSval=2916040093 TSecr=3045559867 [TCP segment of a reassembled PDU]"
"52879","36.012686486","192.168.1.55","192.168.1.2","TCP","1514","8004  >  36590 [ACK] Seq=230422 Ack=144 Win=65024 Len=1448 TSval=2916040093 TSecr=3045559867 [TCP segment of a reassembled PDU]"
"52880","36.012687856","192.168.1.55","192.168.1.2","TCP","1514","8004  >  36590 [ACK] Seq=231870 Ack=144 Win=65024 Len=1448 TSval=2916040093 TSecr=3045559867 [TCP segment of a reassembled PDU]"
"52881","36.012689134","192.168.1.55","192.168.1.2","TCP","1514","8004  >  36590 [ACK] Seq=233318 Ack=144 Win=65024 Len=1448 TSval=2916040093 TSecr=3045559867 [TCP segment of a reassembled PDU]"
"52882","36.012690338","192.168.1.55","192.168.1.2","TCP","1514","8004  >  36590 [ACK] Seq=234766 Ack=144 Win=65024 Len=1448 TSval=2916040093 TSecr=3045559867 [TCP segment of a reassembled PDU]"
"52883","36.012691727","192.168.1.55","192.168.1.2","TCP","1514","8004  >  36590 [ACK] Seq=236214 Ack=144 Win=65024 Len=1448 TSval=2916040093 TSecr=3045559867 [TCP segment of a reassembled PDU]"
"52884","36.012692912","192.168.1.55","192.168.1.2","TCP","1514","8004  >  36590 [PSH, ACK] Seq=237662 Ack=144 Win=65024 Len=1448 TSval=2916040093 TSecr=3045559867 [TCP segment of a reassembled PDU]"
"52885","36.012720171","192.168.1.2","192.168.1.55","TCP","66","36590  >  8004 [ACK] Seq=144 Ack=178294 Win=62464 Len=0 TSval=3045559867 TSecr=2916040087"
"52886","36.016258677","192.168.1.2","192.168.1.55","TCP","66","36590  >  8004 [ACK] Seq=144 Ack=182638 Win=105472 Len=0 TSval=3045559868 TSecr=2916040087"
"52887","36.016273677","192.168.1.55","192.168.1.2","TCP","1514","8004  >  36590 [ACK] Seq=239110 Ack=144 Win=65024 Len=1448 TSval=2916040096 TSecr=3045559868 [TCP segment of a reassembled PDU]"
"52888","36.016275677","192.168.1.55","192.168.1.2","TCP","1514","8004  >  36590 [ACK] Seq=240558 Ack=144 Win=65024 Len=1448 TSval=2916040096 TSecr=3045559868 [TCP segment of a reassembled PDU]"
"52889","36.016277066","192.168.1.55","192.168.1.2","TCP","1514","8004  >  36590 [ACK] Seq=242006 Ack=144 Win=65024 Len=1448 TSval=2916040096 TSecr=3045559868 [TCP segment of a reassembled PDU]"
"52890","36.016278362","192.168.1.55","192.168.1.2","TCP","1514","8004  >  36590 [ACK] Seq=243454 Ack=144 Win=65024 Len=1448 TSval=2916040096 TSecr=3045559868 [TCP segment of a reassembled PDU]"
"52891","36.016279492","192.168.1.55","192.168.1.2","TCP","1514","8004  >  36590 [ACK] Seq=244902 Ack=144 Win=65024 Len=1448 TSval=2916040096 TSecr=3045559868 [TCP segment of a reassembled PDU]"
"52892","36.016280695","192.168.1.55","192.168.1.2","TCP","1514","8004  >  36590 [ACK] Seq=246350 Ack=144 Win=65024 Len=1448 TSval=2916040096 TSecr=3045559868 [TCP segment of a reassembled PDU]"
"52893","36.016281936","192.168.1.55","192.168.1.2","TCP","1514","8004  >  36590 [ACK] Seq=247798 Ack=144 Win=65024 Len=1448 TSval=2916040096 TSecr=3045559868 [TCP segment of a reassembled PDU]"
"52894","36.016283066","192.168.1.55","192.168.1.2","TCP","1514","8004  >  36590 [ACK] Seq=249246 Ack=144 Win=65024 Len=1448 TSval=2916040096 TSecr=3045559868 [TCP segment of a reassembled PDU]"
"52895","36.016284510","192.168.1.55","192.168.1.2","TCP","1514","8004  >  36590 [ACK] Seq=250694 Ack=144 Win=65024 Len=1448 TSval=2916040096 TSecr=3045559868 [TCP segment of a reassembled PDU]"
"52896","36.016285658","192.168.1.55","192.168.1.2","TCP","1514","8004  >  36590 [ACK] Seq=252142 Ack=144 Win=65024 Len=1448 TSval=2916040096 TSecr=3045559868 [TCP segment of a reassembled PDU]"
"52897","36.016286788","192.168.1.55","192.168.1.2","TCP","1514","8004  >  36590 [ACK] Seq=253590 Ack=144 Win=65024 Len=1448 TSval=2916040096 TSecr=3045559868 [TCP segment of a reassembled PDU]"
"52898","36.016288177","192.168.1.55","192.168.1.2","TCP","1514","8004  >  36590 [PSH, ACK] Seq=255038 Ack=144 Win=65024 Len=1448 TSval=2916040096 TSecr=3045559868 [TCP segment of a reassembled PDU]"
"52899","36.019419682","192.168.1.2","192.168.1.55","TCP","66","36590  >  8004 [ACK] Seq=144 Ack=184086 Win=108544 Len=0 TSval=3045559869 TSecr=2916040091"
"52900","36.019453052","192.168.1.55","192.168.1.2","TCP","1514","8004  >  36590 [ACK] Seq=256486 Ack=144 Win=65024 Len=1448 TSval=2916040100 TSecr=3045559869 [TCP segment of a reassembled PDU]"
"52901","36.019456534","192.168.1.55","192.168.1.2","TCP","1514","8004  >  36590 [ACK] Seq=257934 Ack=144 Win=65024 Len=1448 TSval=2916040100 TSecr=3045559869 [TCP segment of a reassembled PDU]"
"52902","36.019457849","192.168.1.55","192.168.1.2","TCP","1514","8004  >  36590 [ACK] Seq=259382 Ack=144 Win=65024 Len=1448 TSval=2916040100 TSecr=3045559869 [TCP segment of a reassembled PDU]"
"52903","36.019459219","192.168.1.55","192.168.1.2","TCP","1514","8004  >  36590 [ACK] Seq=260830 Ack=144 Win=65024 Len=1448 TSval=2916040100 TSecr=3045559869 [TCP segment of a reassembled PDU]"
"52904","36.019460682","192.168.1.55","192.168.1.2","TCP","1514","8004  >  36590 [ACK] Seq=262278 Ack=144 Win=65024 Len=1448 TSval=2916040100 TSecr=3045559869 [TCP segment of a reassembled PDU]"
"52905","36.019461997","192.168.1.55","192.168.1.2","TCP","1514","8004  >  36590 [ACK] Seq=263726 Ack=144 Win=65024 Len=1448 TSval=2916040100 TSecr=3045559869 [TCP segment of a reassembled PDU]"
"52906","36.019463404","192.168.1.55","192.168.1.2","TCP","1514","8004  >  36590 [ACK] Seq=265174 Ack=144 Win=65024 Len=1448 TSval=2916040100 TSecr=3045559869 [TCP segment of a reassembled PDU]"
"52907","36.019464775","192.168.1.55","192.168.1.2","TCP","1514","8004  >  36590 [ACK] Seq=266622 Ack=144 Win=65024 Len=1448 TSval=2916040100 TSecr=3045559869 [TCP segment of a reassembled PDU]"
"52908","36.019466182","192.168.1.55","192.168.1.2","TCP","1514","8004  >  36590 [ACK] Seq=268070 Ack=144 Win=65024 Len=1448 TSval=2916040100 TSecr=3045559869 [TCP segment of a reassembled PDU]"
"52909","36.019467571","192.168.1.55","192.168.1.2","TCP","1514","8004  >  36590 [ACK] Seq=269518 Ack=144 Win=65024 Len=1448 TSval=2916040100 TSecr=3045559869 [TCP segment of a reassembled PDU]"
"52910","36.019468886","192.168.1.55","192.168.1.2","TCP","1514","8004  >  36590 [ACK] Seq=270966 Ack=144 Win=65024 Len=1448 TSval=2916040100 TSecr=3045559869 [TCP segment of a reassembled PDU]"
"52911","36.019470182","192.168.1.55","192.168.1.2","TCP","1514","8004  >  36590 [ACK] Seq=272414 Ack=144 Win=65024 Len=1448 TSval=2916040100 TSecr=3045559869 [TCP segment of a reassembled PDU]"
"52912","36.019471626","192.168.1.55","192.168.1.2","TCP","1514","8004  >  36590 [ACK] Seq=273862 Ack=144 Win=65024 Len=1448 TSval=2916040100 TSecr=3045559869 [TCP segment of a reassembled PDU]"
"52913","36.019472978","192.168.1.55","192.168.1.2","TCP","1514","8004  >  36590 [ACK] Seq=275310 Ack=144 Win=65024 Len=1448 TSval=2916040100 TSecr=3045559869 [TCP segment of a reassembled PDU]"
"52914","36.019478793","192.168.1.55","192.168.1.2","TCP","1514","8004  >  36590 [ACK] Seq=276758 Ack=144 Win=65024 Len=1448 TSval=2916040100 TSecr=3045559869 [TCP segment of a reassembled PDU]"
"52915","36.019480423","192.168.1.55","192.168.1.2","TCP","1514","8004  >  36590 [ACK] Seq=278206 Ack=144 Win=65024 Len=1448 TSval=2916040100 TSecr=3045559869 [TCP segment of a reassembled PDU]"
"52916","36.019481793","192.168.1.55","192.168.1.2","TCP","1514","8004  >  36590 [ACK] Seq=279654 Ack=144 Win=65024 Len=1448 TSval=2916040100 TSecr=3045559869 [TCP segment of a reassembled PDU]"
"52917","36.019483108","192.168.1.55","192.168.1.2","TCP","1514","8004  >  36590 [ACK] Seq=281102 Ack=144 Win=65024 Len=1448 TSval=2916040100 TSecr=3045559869 [TCP segment of a reassembled PDU]"
"52918","36.019484404","192.168.1.55","192.168.1.2","TCP","1514","8004  >  36590 [ACK] Seq=282550 Ack=144 Win=65024 Len=1448 TSval=2916040100 TSecr=3045559869 [TCP segment of a reassembled PDU]"
"52919","36.019485775","192.168.1.55","192.168.1.2","TCP","1514","8004  >  36590 [ACK] Seq=283998 Ack=144 Win=65024 Len=1448 TSval=2916040100 TSecr=3045559869 [TCP segment of a reassembled PDU]"
"52920","36.019487071","192.168.1.55","192.168.1.2","TCP","1514","8004  >  36590 [ACK] Seq=285446 Ack=144 Win=65024 Len=1448 TSval=2916040100 TSecr=3045559869 [TCP segment of a reassembled PDU]"
"52921","36.019488423","192.168.1.55","192.168.1.2","TCP","1514","8004  >  36590 [ACK] Seq=286894 Ack=144 Win=65024 Len=1448 TSval=2916040100 TSecr=3045559869 [TCP segment of a reassembled PDU]"
"52922","36.019489830","192.168.1.55","192.168.1.2","TCP","1514","8004  >  36590 [ACK] Seq=288342 Ack=144 Win=65024 Len=1448 TSval=2916040100 TSecr=3045559869 [TCP segment of a reassembled PDU]"
"52923","36.019491497","192.168.1.55","192.168.1.2","TCP","1514","8004  >  36590 [ACK] Seq=289790 Ack=144 Win=65024 Len=1448 TSval=2916040100 TSecr=3045559869 [TCP segment of a reassembled PDU]"
"52924","36.019492812","192.168.1.55","192.168.1.2","TCP","1458","[TCP Window Full] 8004  >  36590 [PSH, ACK] Seq=291238 Ack=144 Win=65024 Len=1392 TSval=2916040100 TSecr=3045559869 [TCP segment of a reassembled PDU]"
"52925","36.019599127","192.168.1.2","192.168.1.55","TCP","66","36590  >  8004 [ACK] Seq=144 Ack=185534 Win=111616 Len=0 TSval=3045559869 TSecr=2916040091"
"52926","36.019607293","192.168.1.2","192.168.1.55","TCP","66","36590  >  8004 [ACK] Seq=144 Ack=239110 Win=64512 Len=0 TSval=3045559873 TSecr=2916040091"
"52927","36.019630423","192.168.1.55","192.168.1.2","TCP","1514","8004  >  36590 [ACK] Seq=292630 Ack=144 Win=65024 Len=1448 TSval=2916040100 TSecr=3045559873 [TCP segment of a reassembled PDU]"
"52928","36.019632312","192.168.1.55","192.168.1.2","TCP","1514","8004  >  36590 [ACK] Seq=294078 Ack=144 Win=65024 Len=1448 TSval=2916040100 TSecr=3045559873 [TCP segment of a reassembled PDU]"
"52929","36.019633701","192.168.1.55","192.168.1.2","TCP","1514","8004  >  36590 [ACK] Seq=295526 Ack=144 Win=65024 Len=1448 TSval=2916040100 TSecr=3045559873 [TCP segment of a reassembled PDU]"
"52930","36.019635108","192.168.1.55","192.168.1.2","TCP","1514","8004  >  36590 [ACK] Seq=296974 Ack=144 Win=65024 Len=1448 TSval=2916040100 TSecr=3045559873 [TCP segment of a reassembled PDU]"
"52931","36.019636404","192.168.1.55","192.168.1.2","TCP","1514","8004  >  36590 [ACK] Seq=298422 Ack=144 Win=65024 Len=1448 TSval=2916040100 TSecr=3045559873 [TCP segment of a reassembled PDU]"
"52932","36.019637664","192.168.1.55","192.168.1.2","TCP","1514","8004  >  36590 [ACK] Seq=299870 Ack=144 Win=65024 Len=1448 TSval=2916040100 TSecr=3045559873 [TCP segment of a reassembled PDU]"
"52933","36.019639497","192.168.1.55","192.168.1.2","TCP","1514","8004  >  36590 [PSH, ACK] Seq=301318 Ack=144 Win=65024 Len=1448 TSval=2916040100 TSecr=3045559873 [TCP segment of a reassembled PDU]"
"52934","36.019643886","192.168.1.55","192.168.1.2","TCP","122","8004  >  36590 [ACK] Seq=302766 Ack=144 Win=65024 Len=56 TSval=2916040100 TSecr=3045559873 [TCP segment of a reassembled PDU]"
"52935","36.019647590","192.168.1.2","192.168.1.55","TCP","66","36590  >  8004 [ACK] Seq=144 Ack=256486 Win=98304 Len=0 TSval=3045559874 TSecr=2916040096"
"52936","36.019697534","192.168.1.55","192.168.1.2","TCP","1514","8004  >  36590 [ACK] Seq=302822 Ack=144 Win=65024 Len=1448 TSval=2916040100 TSecr=3045559874 [TCP segment of a reassembled PDU]"
"52937","36.019700312","192.168.1.55","192.168.1.2","TCP","1514","8004  >  36590 [ACK] Seq=304270 Ack=144 Win=65024 Len=1448 TSval=2916040100 TSecr=3045559874 [TCP segment of a reassembled PDU]"
"52938","36.019701905","192.168.1.55","192.168.1.2","TCP","1514","8004  >  36590 [ACK] Seq=305718 Ack=144 Win=65024 Len=1448 TSval=2916040100 TSecr=3045559874 [TCP segment of a reassembled PDU]"
"52939","36.019703349","192.168.1.55","192.168.1.2","TCP","1514","8004  >  36590 [ACK] Seq=307166 Ack=144 Win=65024 Len=1448 TSval=2916040100 TSecr=3045559874 [TCP segment of a reassembled PDU]"
"52940","36.019704942","192.168.1.55","192.168.1.2","TCP","1514","8004  >  36590 [ACK] Seq=308614 Ack=144 Win=65024 Len=1448 TSval=2916040100 TSecr=3045559874 [TCP segment of a reassembled PDU]"
"52941","36.019706534","192.168.1.55","192.168.1.2","TCP","1514","8004  >  36590 [ACK] Seq=310062 Ack=144 Win=65024 Len=1448 TSval=2916040100 TSecr=3045559874 [TCP segment of a reassembled PDU]"
"52942","36.019708201","192.168.1.55","192.168.1.2","TCP","1514","8004  >  36590 [ACK] Seq=311510 Ack=144 Win=65024 Len=1448 TSval=2916040100 TSecr=3045559874 [TCP segment of a reassembled PDU]"
"52943","36.019709719","192.168.1.55","192.168.1.2","TCP","1514","8004  >  36590 [ACK] Seq=312958 Ack=144 Win=65024 Len=1448 TSval=2916040100 TSecr=3045559874 [TCP segment of a reassembled PDU]"
"52944","36.019711405","192.168.1.55","192.168.1.2","TCP","1514","8004  >  36590 [ACK] Seq=314406 Ack=144 Win=65024 Len=1448 TSval=2916040100 TSecr=3045559874 [TCP segment of a reassembled PDU]"
"52945","36.019712942","192.168.1.55","192.168.1.2","TCP","1514","8004  >  36590 [ACK] Seq=315854 Ack=144 Win=65024 Len=1448 TSval=2916040100 TSecr=3045559874 [TCP segment of a reassembled PDU]"
"52946","36.019714275","192.168.1.55","192.168.1.2","TCP","1514","8004  >  36590 [ACK] Seq=317302 Ack=144 Win=65024 Len=1448 TSval=2916040100 TSecr=3045559874 [TCP segment of a reassembled PDU]"
"52947","36.019715645","192.168.1.55","192.168.1.2","TCP","1514","8004  >  36590 [ACK] Seq=318750 Ack=144 Win=65024 Len=1448 TSval=2916040100 TSecr=3045559874 [TCP segment of a reassembled PDU]"
"52948","36.019717053","192.168.1.55","192.168.1.2","TCP","1514","8004  >  36590 [ACK] Seq=320198 Ack=144 Win=65024 Len=1448 TSval=2916040100 TSecr=3045559874 [TCP segment of a reassembled PDU]"
"52949","36.019718979","192.168.1.55","192.168.1.2","TCP","1514","8004  >  36590 [ACK] Seq=321646 Ack=144 Win=65024 Len=1448 TSval=2916040100 TSecr=3045559874 [TCP segment of a reassembled PDU]"
"52950","36.019720497","192.168.1.55","192.168.1.2","TCP","1514","8004  >  36590 [ACK] Seq=323094 Ack=144 Win=65024 Len=1448 TSval=2916040100 TSecr=3045559874 [TCP segment of a reassembled PDU]"
"52951","36.019722108","192.168.1.55","192.168.1.2","TCP","1514","8004  >  36590 [ACK] Seq=324542 Ack=144 Win=65024 Len=1448 TSval=2916040100 TSecr=3045559874 [TCP segment of a reassembled PDU]"
"52952","36.019723627","192.168.1.55","192.168.1.2","TCP","1514","8004  >  36590 [ACK] Seq=325990 Ack=144 Win=65024 Len=1448 TSval=2916040100 TSecr=3045559874 [TCP segment of a reassembled PDU]"
"52953","36.019725386","192.168.1.55","192.168.1.2","TCP","1514","8004  >  36590 [ACK] Seq=327438 Ack=144 Win=65024 Len=1448 TSval=2916040100 TSecr=3045559874 [TCP segment of a reassembled PDU]"
"52954","36.019726794","192.168.1.55","192.168.1.2","TCP","1514","8004  >  36590 [ACK] Seq=328886 Ack=144 Win=65024 Len=1448 TSval=2916040100 TSecr=3045559874 [TCP segment of a reassembled PDU]"
"52955","36.019728960","192.168.1.55","192.168.1.2","TCP","1514","8004  >  36590 [ACK] Seq=330334 Ack=144 Win=65024 Len=1448 TSval=2916040100 TSecr=3045559874 [TCP segment of a reassembled PDU]"
"52956","36.019730423","192.168.1.55","192.168.1.2","TCP","1514","8004  >  36590 [ACK] Seq=331782 Ack=144 Win=65024 Len=1448 TSval=2916040100 TSecr=3045559874 [TCP segment of a reassembled PDU]"
"52957","36.019731868","192.168.1.55","192.168.1.2","TCP","1514","8004  >  36590 [ACK] Seq=333230 Ack=144 Win=65024 Len=1448 TSval=2916040100 TSecr=3045559874 [TCP segment of a reassembled PDU]"
"52958","36.019733534","192.168.1.55","192.168.1.2","TCP","1514","8004  >  36590 [ACK] Seq=334678 Ack=144 Win=65024 Len=1448 TSval=2916040100 TSecr=3045559874 [TCP segment of a reassembled PDU]"
"52959","36.019735182","192.168.1.55","192.168.1.2","TCP","1514","8004  >  36590 [ACK] Seq=336126 Ack=144 Win=65024 Len=1448 TSval=2916040100 TSecr=3045559874 [TCP segment of a reassembled PDU]"
"52960","36.019736553","192.168.1.55","192.168.1.2","TCP","1514","8004  >  36590 [ACK] Seq=337574 Ack=144 Win=65024 Len=1448 TSval=2916040100 TSecr=3045559874 [TCP segment of a reassembled PDU]"
"52961","36.019737923","192.168.1.55","192.168.1.2","TCP","1514","8004  >  36590 [ACK] Seq=339022 Ack=144 Win=65024 Len=1448 TSval=2916040100 TSecr=3045559874 [TCP segment of a reassembled PDU]"
"52962","36.019739405","192.168.1.55","192.168.1.2","TCP","1514","8004  >  36590 [ACK] Seq=340470 Ack=144 Win=65024 Len=1448 TSval=2916040100 TSecr=3045559874 [TCP segment of a reassembled PDU]"
"52963","36.019740923","192.168.1.55","192.168.1.2","TCP","1514","8004  >  36590 [ACK] Seq=341918 Ack=144 Win=65024 Len=1448 TSval=2916040100 TSecr=3045559874 [TCP segment of a reassembled PDU]"
"52964","36.019742553","192.168.1.55","192.168.1.2","TCP","1514","8004  >  36590 [ACK] Seq=343366 Ack=144 Win=65024 Len=1448 TSval=2916040100 TSecr=3045559874 [TCP segment of a reassembled PDU]"
"52965","36.019744053","192.168.1.55","192.168.1.2","TCP","1514","8004  >  36590 [ACK] Seq=344814 Ack=144 Win=65024 Len=1448 TSval=2916040100 TSecr=3045559874 [TCP segment of a reassembled PDU]"
"52966","36.019746053","192.168.1.55","192.168.1.2","TCP","1514","8004  >  36590 [ACK] Seq=346262 Ack=144 Win=65024 Len=1448 TSval=2916040100 TSecr=3045559874 [TCP segment of a reassembled PDU]"
"52967","36.019747664","192.168.1.55","192.168.1.2","TCP","1514","8004  >  36590 [PSH, ACK] Seq=347710 Ack=144 Win=65024 Len=1448 TSval=2916040100 TSecr=3045559874 [TCP segment of a reassembled PDU]"
"52968","36.020954184","192.168.1.55","192.168.1.2","TCP","1514","8004  >  36590 [ACK] Seq=349158 Ack=144 Win=65024 Len=1448 TSval=2916040101 TSecr=3045559874 [TCP segment of a reassembled PDU]"
"52969","36.020958240","192.168.1.55","192.168.1.2","TCP","1514","8004  >  36590 [ACK] Seq=350606 Ack=144 Win=65024 Len=1448 TSval=2916040101 TSecr=3045559874 [TCP segment of a reassembled PDU]"
"52970","36.020959610","192.168.1.55","192.168.1.2","TCP","1514","8004  >  36590 [PSH, ACK] Seq=352054 Ack=144 Win=65024 Len=1448 TSval=2916040101 TSecr=3045559874 [TCP segment of a reassembled PDU]"
"52971","36.027033250","192.168.1.2","192.168.1.55","TCP","66","36590  >  8004 [ACK] Seq=144 Ack=292630 Win=81920 Len=0 TSval=3045559882 TSecr=2916040100"
"52972","36.027070620","192.168.1.55","192.168.1.2","TCP","1514","8004  >  36590 [ACK] Seq=353502 Ack=144 Win=65024 Len=1448 TSval=2916040107 TSecr=3045559882 [TCP segment of a reassembled PDU]"
"52973","36.027074379","192.168.1.55","192.168.1.2","TCP","1514","8004  >  36590 [ACK] Seq=354950 Ack=144 Win=65024 Len=1448 TSval=2916040107 TSecr=3045559882 [TCP segment of a reassembled PDU]"
"52974","36.027075861","192.168.1.55","192.168.1.2","TCP","1514","8004  >  36590 [ACK] Seq=356398 Ack=144 Win=65024 Len=1448 TSval=2916040107 TSecr=3045559882 [TCP segment of a reassembled PDU]"
"52975","36.027077213","192.168.1.55","192.168.1.2","TCP","1514","8004  >  36590 [ACK] Seq=357846 Ack=144 Win=65024 Len=1448 TSval=2916040107 TSecr=3045559882 [TCP segment of a reassembled PDU]"
"52976","36.027078602","192.168.1.55","192.168.1.2","TCP","1514","8004  >  36590 [ACK] Seq=359294 Ack=144 Win=65024 Len=1448 TSval=2916040107 TSecr=3045559882 [TCP segment of a reassembled PDU]"
"52977","36.027080009","192.168.1.55","192.168.1.2","TCP","1514","8004  >  36590 [ACK] Seq=360742 Ack=144 Win=65024 Len=1448 TSval=2916040107 TSecr=3045559882 [TCP segment of a reassembled PDU]"
"52978","36.027081454","192.168.1.55","192.168.1.2","TCP","1514","8004  >  36590 [ACK] Seq=362190 Ack=144 Win=65024 Len=1448 TSval=2916040107 TSecr=3045559882 [TCP segment of a reassembled PDU]"
"52979","36.027082972","192.168.1.55","192.168.1.2","TCP","1514","8004  >  36590 [ACK] Seq=363638 Ack=144 Win=65024 Len=1448 TSval=2916040107 TSecr=3045559882 [TCP segment of a reassembled PDU]"
"52980","36.027084565","192.168.1.55","192.168.1.2","TCP","1514","8004  >  36590 [ACK] Seq=365086 Ack=144 Win=65024 Len=1448 TSval=2916040107 TSecr=3045559882 [TCP segment of a reassembled PDU]"
"52981","36.027085879","192.168.1.55","192.168.1.2","TCP","1514","8004  >  36590 [ACK] Seq=366534 Ack=144 Win=65024 Len=1448 TSval=2916040107 TSecr=3045559882 [TCP segment of a reassembled PDU]"
"52982","36.027087231","192.168.1.55","192.168.1.2","TCP","1514","8004  >  36590 [ACK] Seq=367982 Ack=144 Win=65024 Len=1448 TSval=2916040107 TSecr=3045559882 [TCP segment of a reassembled PDU]"
"52983","36.027088583","192.168.1.55","192.168.1.2","TCP","1514","8004  >  36590 [ACK] Seq=369430 Ack=144 Win=65024 Len=1448 TSval=2916040107 TSecr=3045559882 [TCP segment of a reassembled PDU]"
"52984","36.027090491","192.168.1.55","192.168.1.2","TCP","1514","8004  >  36590 [ACK] Seq=370878 Ack=144 Win=65024 Len=1448 TSval=2916040107 TSecr=3045559882 [TCP segment of a reassembled PDU]"
"52985","36.027091842","192.168.1.55","192.168.1.2","TCP","1514","8004  >  36590 [PSH, ACK] Seq=372326 Ack=144 Win=65024 Len=1448 TSval=2916040107 TSecr=3045559882 [TCP segment of a reassembled PDU]"
"52986","36.027158509","192.168.1.2","192.168.1.55","TCP","66","36590  >  8004 [ACK] Seq=144 Ack=302822 Win=72704 Len=0 TSval=3045559882 TSecr=2916040100"
"52987","36.027170194","192.168.1.2","192.168.1.55","TCP","66","36590  >  8004 [ACK] Seq=144 Ack=347710 Win=28672 Len=0 TSval=3045559882 TSecr=2916040100"
"52988","36.027176157","192.168.1.2","192.168.1.55","TCP","66","[TCP Window Update] 36590  >  8004 [ACK] Seq=144 Ack=347710 Win=64512 Len=0 TSval=3045559882 TSecr=2916040100"
"52989","36.027198972","192.168.1.55","192.168.1.2","TCP","1514","8004  >  36590 [ACK] Seq=373774 Ack=144 Win=65024 Len=1448 TSval=2916040107 TSecr=3045559882 [TCP segment of a reassembled PDU]"
"52990","36.027200843","192.168.1.55","192.168.1.2","TCP","1514","8004  >  36590 [ACK] Seq=375222 Ack=144 Win=65024 Len=1448 TSval=2916040107 TSecr=3045559882 [TCP segment of a reassembled PDU]"
"52991","36.027202139","192.168.1.55","192.168.1.2","TCP","1514","8004  >  36590 [ACK] Seq=376670 Ack=144 Win=65024 Len=1448 TSval=2916040107 TSecr=3045559882 [TCP segment of a reassembled PDU]"
"52992","36.027203528","192.168.1.55","192.168.1.2","TCP","1514","8004  >  36590 [ACK] Seq=378118 Ack=144 Win=65024 Len=1448 TSval=2916040107 TSecr=3045559882 [TCP segment of a reassembled PDU]"
"52993","36.027204935","192.168.1.55","192.168.1.2","TCP","1514","8004  >  36590 [ACK] Seq=379566 Ack=144 Win=65024 Len=1448 TSval=2916040107 TSecr=3045559882 [TCP segment of a reassembled PDU]"
"52994","36.027206343","192.168.1.55","192.168.1.2","TCP","1514","8004  >  36590 [ACK] Seq=381014 Ack=144 Win=65024 Len=1448 TSval=2916040107 TSecr=3045559882 [TCP segment of a reassembled PDU]"
"52995","36.027207843","192.168.1.55","192.168.1.2","TCP","1514","8004  >  36590 [ACK] Seq=382462 Ack=144 Win=65024 Len=1448 TSval=2916040107 TSecr=3045559882 [TCP segment of a reassembled PDU]"
"52996","36.027209157","192.168.1.55","192.168.1.2","TCP","1514","8004  >  36590 [ACK] Seq=383910 Ack=144 Win=65024 Len=1448 TSval=2916040107 TSecr=3045559882 [TCP segment of a reassembled PDU]"
"52997","36.027210417","192.168.1.55","192.168.1.2","TCP","1514","8004  >  36590 [ACK] Seq=385358 Ack=144 Win=65024 Len=1448 TSval=2916040107 TSecr=3045559882 [TCP segment of a reassembled PDU]"
"52998","36.027211731","192.168.1.55","192.168.1.2","TCP","1514","8004  >  36590 [ACK] Seq=386806 Ack=144 Win=65024 Len=1448 TSval=2916040107 TSecr=3045559882 [TCP segment of a reassembled PDU]"
"52999","36.027213065","192.168.1.55","192.168.1.2","TCP","1514","8004  >  36590 [ACK] Seq=388254 Ack=144 Win=65024 Len=1448 TSval=2916040107 TSecr=3045559882 [TCP segment of a reassembled PDU]"
"53000","36.027214713","192.168.1.55","192.168.1.2","TCP","1514","8004  >  36590 [ACK] Seq=389702 Ack=144 Win=65024 Len=1448 TSval=2916040107 TSecr=3045559882 [TCP segment of a reassembled PDU]"
"53001","36.027216065","192.168.1.55","192.168.1.2","TCP","1514","8004  >  36590 [ACK] Seq=391150 Ack=144 Win=65024 Len=1448 TSval=2916040107 TSecr=3045559882 [TCP segment of a reassembled PDU]"
"53002","36.027217380","192.168.1.55","192.168.1.2","TCP","1514","8004  >  36590 [ACK] Seq=392598 Ack=144 Win=65024 Len=1448 TSval=2916040107 TSecr=3045559882 [TCP segment of a reassembled PDU]"
"53003","36.027218843","192.168.1.55","192.168.1.2","TCP","1514","8004  >  36590 [PSH, ACK] Seq=394046 Ack=144 Win=65024 Len=1448 TSval=2916040107 TSecr=3045559882 [TCP segment of a reassembled PDU]"
"53004","36.027277806","192.168.1.2","192.168.1.55","TCP","66","36590  >  8004 [ACK] Seq=144 Ack=349158 Win=114688 Len=0 TSval=3045559882 TSecr=2916040100"
"53005","36.027327084","192.168.1.55","192.168.1.2","TCP","1514","8004  >  36590 [ACK] Seq=395494 Ack=144 Win=65024 Len=1448 TSval=2916040107 TSecr=3045559882 [TCP segment of a reassembled PDU]"
"53006","36.027329417","192.168.1.55","192.168.1.2","TCP","1514","8004  >  36590 [ACK] Seq=396942 Ack=144 Win=65024 Len=1448 TSval=2916040107 TSecr=3045559882 [TCP segment of a reassembled PDU]"
"53007","36.027331176","192.168.1.55","192.168.1.2","TCP","1514","8004  >  36590 [ACK] Seq=398390 Ack=144 Win=65024 Len=1448 TSval=2916040107 TSecr=3045559882 [TCP segment of a reassembled PDU]"
"53008","36.027332639","192.168.1.55","192.168.1.2","TCP","1514","8004  >  36590 [ACK] Seq=399838 Ack=144 Win=65024 Len=1448 TSval=2916040107 TSecr=3045559882 [TCP segment of a reassembled PDU]"
"53009","36.027333972","192.168.1.55","192.168.1.2","TCP","1514","8004  >  36590 [ACK] Seq=401286 Ack=144 Win=65024 Len=1448 TSval=2916040107 TSecr=3045559882 [TCP segment of a reassembled PDU]"
"53010","36.027335306","192.168.1.55","192.168.1.2","TCP","1514","8004  >  36590 [ACK] Seq=402734 Ack=144 Win=65024 Len=1448 TSval=2916040107 TSecr=3045559882 [TCP segment of a reassembled PDU]"
"53011","36.027336750","192.168.1.55","192.168.1.2","TCP","1514","8004  >  36590 [ACK] Seq=404182 Ack=144 Win=65024 Len=1448 TSval=2916040107 TSecr=3045559882 [TCP segment of a reassembled PDU]"
"53012","36.027338398","192.168.1.55","192.168.1.2","TCP","1514","8004  >  36590 [ACK] Seq=405630 Ack=144 Win=65024 Len=1448 TSval=2916040107 TSecr=3045559882 [TCP segment of a reassembled PDU]"
"53013","36.027339750","192.168.1.55","192.168.1.2","TCP","1514","8004  >  36590 [ACK] Seq=407078 Ack=144 Win=65024 Len=1448 TSval=2916040107 TSecr=3045559882 [TCP segment of a reassembled PDU]"
"53014","36.027341435","192.168.1.55","192.168.1.2","TCP","1514","8004  >  36590 [ACK] Seq=408526 Ack=144 Win=65024 Len=1448 TSval=2916040107 TSecr=3045559882 [TCP segment of a reassembled PDU]"
"53015","36.027343861","192.168.1.55","192.168.1.2","TCP","1514","8004  >  36590 [ACK] Seq=409974 Ack=144 Win=65024 Len=1448 TSval=2916040107 TSecr=3045559882 [TCP segment of a reassembled PDU]"
"53016","36.027345824","192.168.1.55","192.168.1.2","TCP","1514","8004  >  36590 [ACK] Seq=411422 Ack=144 Win=65024 Len=1448 TSval=2916040107 TSecr=3045559882 [TCP segment of a reassembled PDU]"
"53017","36.027347343","192.168.1.55","192.168.1.2","TCP","1514","8004  >  36590 [ACK] Seq=412870 Ack=144 Win=65024 Len=1448 TSval=2916040107 TSecr=3045559882 [TCP segment of a reassembled PDU]"
"53018","36.027349676","192.168.1.55","192.168.1.2","TCP","1514","8004  >  36590 [ACK] Seq=414318 Ack=144 Win=65024 Len=1448 TSval=2916040107 TSecr=3045559882 [TCP segment of a reassembled PDU]"
"53019","36.027351287","192.168.1.55","192.168.1.2","TCP","1514","8004  >  36590 [ACK] Seq=415766 Ack=144 Win=65024 Len=1448 TSval=2916040107 TSecr=3045559882 [TCP segment of a reassembled PDU]"
"53020","36.027353139","192.168.1.55","192.168.1.2","TCP","1514","8004  >  36590 [ACK] Seq=417214 Ack=144 Win=65024 Len=1448 TSval=2916040107 TSecr=3045559882 [TCP segment of a reassembled PDU]"
"53021","36.027354676","192.168.1.55","192.168.1.2","TCP","1514","8004  >  36590 [ACK] Seq=418662 Ack=144 Win=65024 Len=1448 TSval=2916040107 TSecr=3045559882 [TCP segment of a reassembled PDU]"
"53022","36.027356510","192.168.1.55","192.168.1.2","TCP","1514","8004  >  36590 [ACK] Seq=420110 Ack=144 Win=65024 Len=1448 TSval=2916040107 TSecr=3045559882 [TCP segment of a reassembled PDU]"
"53023","36.027358621","192.168.1.55","192.168.1.2","TCP","1514","8004  >  36590 [ACK] Seq=421558 Ack=144 Win=65024 Len=1448 TSval=2916040107 TSecr=3045559882 [TCP segment of a reassembled PDU]"
"53024","36.027360102","192.168.1.55","192.168.1.2","TCP","1514","8004  >  36590 [ACK] Seq=423006 Ack=144 Win=65024 Len=1448 TSval=2916040107 TSecr=3045559882 [TCP segment of a reassembled PDU]"
"53025","36.027361547","192.168.1.55","192.168.1.2","TCP","1514","8004  >  36590 [ACK] Seq=424454 Ack=144 Win=65024 Len=1448 TSval=2916040107 TSecr=3045559882 [TCP segment of a reassembled PDU]"
"53026","36.027363324","192.168.1.55","192.168.1.2","TCP","1514","8004  >  36590 [ACK] Seq=425902 Ack=144 Win=65024 Len=1448 TSval=2916040107 TSecr=3045559882 [TCP segment of a reassembled PDU]"
"53027","36.027365232","192.168.1.55","192.168.1.2","TCP","1514","8004  >  36590 [ACK] Seq=427350 Ack=144 Win=65024 Len=1448 TSval=2916040107 TSecr=3045559882 [TCP segment of a reassembled PDU]"
"53028","36.027367287","192.168.1.55","192.168.1.2","TCP","1514","8004  >  36590 [ACK] Seq=428798 Ack=144 Win=65024 Len=1448 TSval=2916040107 TSecr=3045559882 [TCP segment of a reassembled PDU]"
"53029","36.027369121","192.168.1.55","192.168.1.2","TCP","1514","8004  >  36590 [ACK] Seq=430246 Ack=144 Win=65024 Len=1448 TSval=2916040107 TSecr=3045559882 [TCP segment of a reassembled PDU]"
"53030","36.027370565","192.168.1.55","192.168.1.2","TCP","1514","8004  >  36590 [ACK] Seq=431694 Ack=144 Win=65024 Len=1448 TSval=2916040107 TSecr=3045559882 [TCP segment of a reassembled PDU]"
"53031","36.027373102","192.168.1.55","192.168.1.2","TCP","1514","8004  >  36590 [ACK] Seq=433142 Ack=144 Win=65024 Len=1448 TSval=2916040107 TSecr=3045559882 [TCP segment of a reassembled PDU]"
"53032","36.027374861","192.168.1.55","192.168.1.2","TCP","1514","8004  >  36590 [ACK] Seq=434590 Ack=144 Win=65024 Len=1448 TSval=2916040107 TSecr=3045559882 [TCP segment of a reassembled PDU]"
"53033","36.027376380","192.168.1.55","192.168.1.2","TCP","1514","8004  >  36590 [ACK] Seq=436038 Ack=144 Win=65024 Len=1448 TSval=2916040107 TSecr=3045559882 [TCP segment of a reassembled PDU]"
"53034","36.027378047","192.168.1.55","192.168.1.2","TCP","1514","8004  >  36590 [ACK] Seq=437486 Ack=144 Win=65024 Len=1448 TSval=2916040107 TSecr=3045559882 [TCP segment of a reassembled PDU]"
"53035","36.027379435","192.168.1.55","192.168.1.2","TCP","1514","8004  >  36590 [ACK] Seq=438934 Ack=144 Win=65024 Len=1448 TSval=2916040107 TSecr=3045559882 [TCP segment of a reassembled PDU]"
"53036","36.027381028","192.168.1.55","192.168.1.2","TCP","1514","8004  >  36590 [PSH, ACK] Seq=440382 Ack=144 Win=65024 Len=1448 TSval=2916040107 TSecr=3045559882 [TCP segment of a reassembled PDU]"
"53037","36.027388973","192.168.1.2","192.168.1.55","TCP","66","36590  >  8004 [ACK] Seq=144 Ack=353502 Win=113664 Len=0 TSval=3045559882 TSecr=2916040101"
"53038","36.028593419","192.168.1.55","192.168.1.2","TCP","1514","8004  >  36590 [ACK] Seq=441830 Ack=144 Win=65024 Len=1448 TSval=2916040109 TSecr=3045559882 [TCP segment of a reassembled PDU]"
"53039","36.028596660","192.168.1.55","192.168.1.2","TCP","1514","8004  >  36590 [ACK] Seq=443278 Ack=144 Win=65024 Len=1448 TSval=2916040109 TSecr=3045559882 [TCP segment of a reassembled PDU]"
"53040","36.028597900","192.168.1.55","192.168.1.2","TCP","1514","8004  >  36590 [ACK] Seq=444726 Ack=144 Win=65024 Len=1448 TSval=2916040109 TSecr=3045559882 [TCP segment of a reassembled PDU]"
"53041","36.028599086","192.168.1.55","192.168.1.2","TCP","1514","8004  >  36590 [ACK] Seq=446174 Ack=144 Win=65024 Len=1448 TSval=2916040109 TSecr=3045559882 [TCP segment of a reassembled PDU]"
"53042","36.028600160","192.168.1.55","192.168.1.2","TCP","1514","8004  >  36590 [ACK] Seq=447622 Ack=144 Win=65024 Len=1448 TSval=2916040109 TSecr=3045559882 [TCP segment of a reassembled PDU]"
"53043","36.028601363","192.168.1.55","192.168.1.2","TCP","1514","8004  >  36590 [ACK] Seq=449070 Ack=144 Win=65024 Len=1448 TSval=2916040109 TSecr=3045559882 [TCP segment of a reassembled PDU]"
"53044","36.028602530","192.168.1.55","192.168.1.2","TCP","1514","8004  >  36590 [ACK] Seq=450518 Ack=144 Win=65024 Len=1448 TSval=2916040109 TSecr=3045559882 [TCP segment of a reassembled PDU]"
"53045","36.028604141","192.168.1.55","192.168.1.2","TCP","1514","8004  >  36590 [ACK] Seq=451966 Ack=144 Win=65024 Len=1448 TSval=2916040109 TSecr=3045559882 [TCP segment of a reassembled PDU]"
"53046","36.028605289","192.168.1.55","192.168.1.2","TCP","1514","8004  >  36590 [ACK] Seq=453414 Ack=144 Win=65024 Len=1448 TSval=2916040109 TSecr=3045559882 [TCP segment of a reassembled PDU]"
"53047","36.028606512","192.168.1.55","192.168.1.2","TCP","1514","8004  >  36590 [ACK] Seq=454862 Ack=144 Win=65024 Len=1448 TSval=2916040109 TSecr=3045559882 [TCP segment of a reassembled PDU]"
"53048","36.028607697","192.168.1.55","192.168.1.2","TCP","1514","8004  >  36590 [ACK] Seq=456310 Ack=144 Win=65024 Len=1448 TSval=2916040109 TSecr=3045559882 [TCP segment of a reassembled PDU]"
"53049","36.028608771","192.168.1.55","192.168.1.2","TCP","1514","8004  >  36590 [ACK] Seq=457758 Ack=144 Win=65024 Len=1448 TSval=2916040109 TSecr=3045559882 [TCP segment of a reassembled PDU]"
"53050","36.028609900","192.168.1.55","192.168.1.2","TCP","1514","8004  >  36590 [ACK] Seq=459206 Ack=144 Win=65024 Len=1448 TSval=2916040109 TSecr=3045559882 [TCP segment of a reassembled PDU]"
"53051","36.028610993","192.168.1.55","192.168.1.2","TCP","1514","8004  >  36590 [ACK] Seq=460654 Ack=144 Win=65024 Len=1448 TSval=2916040109 TSecr=3045559882 [TCP segment of a reassembled PDU]"
"53052","36.028612086","192.168.1.55","192.168.1.2","TCP","1514","8004  >  36590 [ACK] Seq=462102 Ack=144 Win=65024 Len=1448 TSval=2916040109 TSecr=3045559882 [TCP segment of a reassembled PDU]"
"53053","36.028613345","192.168.1.55","192.168.1.2","TCP","1514","8004  >  36590 [ACK] Seq=463550 Ack=144 Win=65024 Len=1448 TSval=2916040109 TSecr=3045559882 [TCP segment of a reassembled PDU]"
"53054","36.028614493","192.168.1.55","192.168.1.2","TCP","1514","8004  >  36590 [ACK] Seq=464998 Ack=144 Win=65024 Len=1448 TSval=2916040109 TSecr=3045559882 [TCP segment of a reassembled PDU]"
"53055","36.028615567","192.168.1.55","192.168.1.2","TCP","786","[TCP Window Full] 8004  >  36590 [PSH, ACK] Seq=466446 Ack=144 Win=65024 Len=720 TSval=2916040109 TSecr=3045559882 [TCP segment of a reassembled PDU]"
"53056","36.034850651","192.168.1.2","192.168.1.55","TCP","66","36590  >  8004 [ACK] Seq=144 Ack=373774 Win=114688 Len=0 TSval=3045559889 TSecr=2916040107"
"53057","36.034875651","192.168.1.55","192.168.1.2","TCP","1514","8004  >  36590 [ACK] Seq=467166 Ack=144 Win=65024 Len=1448 TSval=2916040115 TSecr=3045559889 [TCP segment of a reassembled PDU]"
"53058","36.034879688","192.168.1.55","192.168.1.2","TCP","1514","8004  >  36590 [ACK] Seq=468614 Ack=144 Win=65024 Len=1448 TSval=2916040115 TSecr=3045559889 [TCP segment of a reassembled PDU]"
"53059","36.034881318","192.168.1.55","192.168.1.2","TCP","1514","8004  >  36590 [ACK] Seq=470062 Ack=144 Win=65024 Len=1448 TSval=2916040115 TSecr=3045559889 [TCP segment of a reassembled PDU]"
"53060","36.034882855","192.168.1.55","192.168.1.2","TCP","1514","8004  >  36590 [ACK] Seq=471510 Ack=144 Win=65024 Len=1448 TSval=2916040115 TSecr=3045559889 [TCP segment of a reassembled PDU]"
"53061","36.034884836","192.168.1.55","192.168.1.2","TCP","1514","8004  >  36590 [ACK] Seq=472958 Ack=144 Win=65024 Len=1448 TSval=2916040115 TSecr=3045559889 [TCP segment of a reassembled PDU]"
"53062","36.034887077","192.168.1.55","192.168.1.2","TCP","1514","8004  >  36590 [ACK] Seq=474406 Ack=144 Win=65024 Len=1448 TSval=2916040115 TSecr=3045559889 [TCP segment of a reassembled PDU]"
"53063","36.034888651","192.168.1.55","192.168.1.2","TCP","1514","8004  >  36590 [ACK] Seq=475854 Ack=144 Win=65024 Len=1448 TSval=2916040115 TSecr=3045559889 [TCP segment of a reassembled PDU]"
"53064","36.034890114","192.168.1.55","192.168.1.2","TCP","1514","8004  >  36590 [ACK] Seq=477302 Ack=144 Win=65024 Len=1448 TSval=2916040115 TSecr=3045559889 [TCP segment of a reassembled PDU]"
"53065","36.034891799","192.168.1.55","192.168.1.2","TCP","1514","8004  >  36590 [ACK] Seq=478750 Ack=144 Win=65024 Len=1448 TSval=2916040115 TSecr=3045559889 [TCP segment of a reassembled PDU]"
"53066","36.034893170","192.168.1.55","192.168.1.2","TCP","1514","8004  >  36590 [ACK] Seq=480198 Ack=144 Win=65024 Len=1448 TSval=2916040115 TSecr=3045559889 [TCP segment of a reassembled PDU]"
"53067","36.034895022","192.168.1.55","192.168.1.2","TCP","1514","8004  >  36590 [ACK] Seq=481646 Ack=144 Win=65024 Len=1448 TSval=2916040115 TSecr=3045559889 [TCP segment of a reassembled PDU]"
"53068","36.034897040","192.168.1.55","192.168.1.2","TCP","1514","8004  >  36590 [ACK] Seq=483094 Ack=144 Win=65024 Len=1448 TSval=2916040115 TSecr=3045559889 [TCP segment of a reassembled PDU]"
"53069","36.034898688","192.168.1.55","192.168.1.2","TCP","1514","8004  >  36590 [ACK] Seq=484542 Ack=144 Win=65024 Len=1448 TSval=2916040115 TSecr=3045559889 [TCP segment of a reassembled PDU]"
"53070","36.034900281","192.168.1.55","192.168.1.2","TCP","1514","8004  >  36590 [PSH, ACK] Seq=485990 Ack=144 Win=65024 Len=1448 TSval=2916040115 TSecr=3045559889 [TCP segment of a reassembled PDU]"
"53071","36.034908466","192.168.1.55","192.168.1.2","TCP","794","8004  >  36590 [ACK] Seq=487438 Ack=144 Win=65024 Len=728 TSval=2916040115 TSecr=3045559889 [TCP segment of a reassembled PDU]"
"53072","36.035558726","192.168.1.2","192.168.1.55","TCP","66","36590  >  8004 [ACK] Seq=144 Ack=395494 Win=130048 Len=0 TSval=3045559889 TSecr=2916040107"
"53073","36.035670967","192.168.1.55","192.168.1.2","TCP","1514","8004  >  36590 [ACK] Seq=488166 Ack=144 Win=65024 Len=1448 TSval=2916040116 TSecr=3045559889 [TCP segment of a reassembled PDU]"
"53074","36.035673671","192.168.1.55","192.168.1.2","TCP","1514","8004  >  36590 [ACK] Seq=489614 Ack=144 Win=65024 Len=1448 TSval=2916040116 TSecr=3045559889 [TCP segment of a reassembled PDU]"
"53075","36.035674782","192.168.1.55","192.168.1.2","TCP","1514","8004  >  36590 [ACK] Seq=491062 Ack=144 Win=65024 Len=1448 TSval=2916040116 TSecr=3045559889 [TCP segment of a reassembled PDU]"
"53076","36.035675949","192.168.1.55","192.168.1.2","TCP","1514","8004  >  36590 [ACK] Seq=492510 Ack=144 Win=65024 Len=1448 TSval=2916040116 TSecr=3045559889 [TCP segment of a reassembled PDU]"
"53077","36.035677134","192.168.1.55","192.168.1.2","TCP","1514","8004  >  36590 [ACK] Seq=493958 Ack=144 Win=65024 Len=1448 TSval=2916040116 TSecr=3045559889 [TCP segment of a reassembled PDU]"
"53078","36.035678597","192.168.1.55","192.168.1.2","TCP","1514","8004  >  36590 [ACK] Seq=495406 Ack=144 Win=65024 Len=1448 TSval=2916040116 TSecr=3045559889 [TCP segment of a reassembled PDU]"
"53079","36.035679967","192.168.1.55","192.168.1.2","TCP","1514","8004  >  36590 [PSH, ACK] Seq=496854 Ack=144 Win=65024 Len=1448 TSval=2916040116 TSecr=3045559889 [TCP segment of a reassembled PDU]"
"53080","36.035684449","192.168.1.55","192.168.1.2","HTTP","222","HTTP/1.0 200 OK  (PNG)"
"53081","36.035687912","192.168.1.2","192.168.1.55","TCP","66","36590  >  8004 [ACK] Seq=144 Ack=441830 Win=128000 Len=0 TSval=3045559889 TSecr=2916040107"
"53082","36.035694190","192.168.1.2","192.168.1.55","TCP","66","36590  >  8004 [ACK] Seq=144 Ack=457758 Win=112640 Len=0 TSval=3045559889 TSecr=2916040109"
"53083","36.035721060","192.168.1.2","192.168.1.55","TCP","66","36590  >  8004 [ACK] Seq=144 Ack=467166 Win=148480 Len=0 TSval=3045559891 TSecr=2916040109"
"53084","36.038610954","192.168.1.2","192.168.1.55","TCP","66","36590  >  8004 [ACK] Seq=144 Ack=487438 Win=151552 Len=0 TSval=3045559893 TSecr=2916040115"
"53085","36.038729954","192.168.1.2","192.168.1.55","TCP","66","36590  >  8004 [ACK] Seq=144 Ack=488166 Win=153600 Len=0 TSval=3045559893 TSecr=2916040115"
"53086","36.038734972","192.168.1.2","192.168.1.55","TCP","66","36590  >  8004 [ACK] Seq=144 Ack=492510 Win=162816 Len=0 TSval=3045559893 TSecr=2916040116"
"53087","36.039724696","192.168.1.2","192.168.1.55","TCP","66","36590  >  8004 [ACK] Seq=144 Ack=498302 Win=174080 Len=0 TSval=3045559894 TSecr=2916040116"
"53088","36.040681383","192.168.1.2","192.168.1.55","TCP","66","36590  >  8004 [FIN, ACK] Seq=144 Ack=498459 Win=177152 Len=0 TSval=3045559895 TSecr=2916040116"
"53089","36.040693068","192.168.1.55","192.168.1.2","TCP","66","8004  >  36590 [ACK] Seq=498459 Ack=145 Win=65024 Len=0 TSval=2916040121 TSecr=3045559895"
"53090","36.040787698","192.168.1.2","192.168.1.55","TCP","74","36600  >  8004 [SYN] Seq=0 Win=64240 Len=0 MSS=1460 SACK_PERM TSval=3045559896 TSecr=0 WS=1024"
"53091","36.040816216","192.168.1.55","192.168.1.2","TCP","74","8004  >  36600 [SYN, ACK] Seq=0 Ack=1 Win=65160 Len=0 MSS=1460 SACK_PERM TSval=2916040121 TSecr=3045559896 WS=128"
"53092","36.043908425","192.168.1.2","192.168.1.55","TCP","66","36600  >  8004 [ACK] Seq=1 Ack=1 Win=64512 Len=0 TSval=3045559898 TSecr=2916040121"
"53093","36.044363574","192.168.1.2","192.168.1.55","HTTP","206","GET /stego_benchmark.png HTTP/1.1 "
"53094","36.044377185","192.168.1.55","192.168.1.2","TCP","66","8004  >  36600 [ACK] Seq=1 Ack=141 Win=65024 Len=0 TSval=2916040125 TSecr=3045559898"
"53095","36.044854315","192.168.1.55","192.168.1.2","TCP","255","8004  >  36600 [PSH, ACK] Seq=1 Ack=141 Win=65024 Len=189 TSval=2916040125 TSecr=3045559898 [TCP segment of a reassembled PDU]"
"53096","36.044958056","192.168.1.55","192.168.1.2","TCP","1514","8004  >  36600 [ACK] Seq=190 Ack=141 Win=65024 Len=1448 TSval=2916040125 TSecr=3045559898 [TCP segment of a reassembled PDU]"
"53097","36.044962353","192.168.1.55","192.168.1.2","TCP","1514","8004  >  36600 [ACK] Seq=1638 Ack=141 Win=65024 Len=1448 TSval=2916040125 TSecr=3045559898 [TCP segment of a reassembled PDU]"
"53098","36.044963390","192.168.1.55","192.168.1.2","TCP","1514","8004  >  36600 [ACK] Seq=3086 Ack=141 Win=65024 Len=1448 TSval=2916040125 TSecr=3045559898 [TCP segment of a reassembled PDU]"
"53099","36.044964445","192.168.1.55","192.168.1.2","TCP","1514","8004  >  36600 [ACK] Seq=4534 Ack=141 Win=65024 Len=1448 TSval=2916040125 TSecr=3045559898 [TCP segment of a reassembled PDU]"
"53100","36.044965649","192.168.1.55","192.168.1.2","TCP","1514","8004  >  36600 [PSH, ACK] Seq=5982 Ack=141 Win=65024 Len=1448 TSval=2916040125 TSecr=3045559898 [TCP segment of a reassembled PDU]"
"53101","36.044983556","192.168.1.55","192.168.1.2","TCP","1514","8004  >  36600 [ACK] Seq=7430 Ack=141 Win=65024 Len=1448 TSval=2916040125 TSecr=3045559898 [TCP segment of a reassembled PDU]"
"53102","36.044986371","192.168.1.55","192.168.1.2","TCP","1514","8004  >  36600 [ACK] Seq=8878 Ack=141 Win=65024 Len=1448 TSval=2916040125 TSecr=3045559898 [TCP segment of a reassembled PDU]"
"53103","36.044991519","192.168.1.55","192.168.1.2","TCP","1514","8004  >  36600 [ACK] Seq=10326 Ack=141 Win=65024 Len=1448 TSval=2916040125 TSecr=3045559898 [TCP segment of a reassembled PDU]"
"53104","36.044993056","192.168.1.55","192.168.1.2","TCP","1514","8004  >  36600 [PSH, ACK] Seq=11774 Ack=141 Win=65024 Len=1448 TSval=2916040125 TSecr=3045559898 [TCP segment of a reassembled PDU]"
"53105","36.051445382","192.168.1.2","192.168.1.55","TCP","66","36600  >  8004 [ACK] Seq=141 Ack=190 Win=64512 Len=0 TSval=3045559904 TSecr=2916040125"
"53106","36.051490474","192.168.1.55","192.168.1.2","TCP","1514","8004  >  36600 [ACK] Seq=13222 Ack=141 Win=65024 Len=1448 TSval=2916040132 TSecr=3045559904 [TCP segment of a reassembled PDU]"
"53107","36.051495678","192.168.1.55","192.168.1.2","TCP","1514","8004  >  36600 [PSH, ACK] Seq=14670 Ack=141 Win=65024 Len=1448 TSval=2916040132 TSecr=3045559904 [TCP segment of a reassembled PDU]"
"53108","36.051553160","192.168.1.2","192.168.1.55","TCP","66","36600  >  8004 [ACK] Seq=141 Ack=3086 Win=70656 Len=0 TSval=3045559904 TSecr=2916040125"
"53109","36.051561974","192.168.1.2","192.168.1.55","TCP","66","36600  >  8004 [ACK] Seq=141 Ack=5982 Win=76800 Len=0 TSval=3045559904 TSecr=2916040125"
"53110","36.051583141","192.168.1.55","192.168.1.2","TCP","1514","8004  >  36600 [ACK] Seq=16118 Ack=141 Win=65024 Len=1448 TSval=2916040132 TSecr=3045559904 [TCP segment of a reassembled PDU]"
"53111","36.051585771","192.168.1.55","192.168.1.2","TCP","1514","8004  >  36600 [ACK] Seq=17566 Ack=141 Win=65024 Len=1448 TSval=2916040132 TSecr=3045559904 [TCP segment of a reassembled PDU]"
"53112","36.051587382","192.168.1.55","192.168.1.2","TCP","1514","8004  >  36600 [ACK] Seq=19014 Ack=141 Win=65024 Len=1448 TSval=2916040132 TSecr=3045559904 [TCP segment of a reassembled PDU]"
"53113","36.051588845","192.168.1.55","192.168.1.2","TCP","1514","8004  >  36600 [ACK] Seq=20462 Ack=141 Win=65024 Len=1448 TSval=2916040132 TSecr=3045559904 [TCP segment of a reassembled PDU]"
"53114","36.051589900","192.168.1.55","192.168.1.2","TCP","1514","8004  >  36600 [ACK] Seq=21910 Ack=141 Win=65024 Len=1448 TSval=2916040132 TSecr=3045559904 [TCP segment of a reassembled PDU]"
"53115","36.051590919","192.168.1.55","192.168.1.2","TCP","1514","8004  >  36600 [ACK] Seq=23358 Ack=141 Win=65024 Len=1448 TSval=2916040132 TSecr=3045559904 [TCP segment of a reassembled PDU]"
"53116","36.051591956","192.168.1.55","192.168.1.2","TCP","1514","8004  >  36600 [PSH, ACK] Seq=24806 Ack=141 Win=65024 Len=1448 TSval=2916040132 TSecr=3045559904 [TCP segment of a reassembled PDU]"
"53117","36.051641178","192.168.1.2","192.168.1.55","TCP","66","36600  >  8004 [ACK] Seq=141 Ack=7430 Win=79872 Len=0 TSval=3045559905 TSecr=2916040125"
"53118","36.051650956","192.168.1.2","192.168.1.55","TCP","66","36600  >  8004 [ACK] Seq=141 Ack=13222 Win=79872 Len=0 TSval=3045559905 TSecr=2916040125"
"53119","36.051674086","192.168.1.55","192.168.1.2","TCP","1514","8004  >  36600 [ACK] Seq=26254 Ack=141 Win=65024 Len=1448 TSval=2916040132 TSecr=3045559905 [TCP segment of a reassembled PDU]"
"53120","36.051676641","192.168.1.55","192.168.1.2","TCP","1514","8004  >  36600 [ACK] Seq=27702 Ack=141 Win=65024 Len=1448 TSval=2916040132 TSecr=3045559905 [TCP segment of a reassembled PDU]"
"53121","36.051677752","192.168.1.55","192.168.1.2","TCP","1514","8004  >  36600 [ACK] Seq=29150 Ack=141 Win=65024 Len=1448 TSval=2916040132 TSecr=3045559905 [TCP segment of a reassembled PDU]"
"53122","36.051679512","192.168.1.55","192.168.1.2","TCP","1514","8004  >  36600 [ACK] Seq=30598 Ack=141 Win=65024 Len=1448 TSval=2916040132 TSecr=3045559905 [TCP segment of a reassembled PDU]"
"53123","36.051680863","192.168.1.55","192.168.1.2","TCP","1514","8004  >  36600 [ACK] Seq=32046 Ack=141 Win=65024 Len=1448 TSval=2916040132 TSecr=3045559905 [TCP segment of a reassembled PDU]"
"53124","36.051682049","192.168.1.55","192.168.1.2","TCP","1514","8004  >  36600 [ACK] Seq=33494 Ack=141 Win=65024 Len=1448 TSval=2916040132 TSecr=3045559905 [TCP segment of a reassembled PDU]"
"53125","36.051683512","192.168.1.55","192.168.1.2","TCP","1514","8004  >  36600 [ACK] Seq=34942 Ack=141 Win=65024 Len=1448 TSval=2916040132 TSecr=3045559905 [TCP segment of a reassembled PDU]"
"53126","36.051684604","192.168.1.55","192.168.1.2","TCP","1514","8004  >  36600 [ACK] Seq=36390 Ack=141 Win=65024 Len=1448 TSval=2916040132 TSecr=3045559905 [TCP segment of a reassembled PDU]"
"53127","36.051685715","192.168.1.55","192.168.1.2","TCP","1514","8004  >  36600 [ACK] Seq=37838 Ack=141 Win=65024 Len=1448 TSval=2916040132 TSecr=3045559905 [TCP segment of a reassembled PDU]"
"53128","36.051687289","192.168.1.55","192.168.1.2","TCP","1514","8004  >  36600 [PSH, ACK] Seq=39286 Ack=141 Win=65024 Len=1448 TSval=2916040132 TSecr=3045559905 [TCP segment of a reassembled PDU]"
"53129","36.052557791","192.168.1.55","192.168.1.2","TCP","1514","8004  >  36600 [ACK] Seq=40734 Ack=141 Win=65024 Len=1448 TSval=2916040133 TSecr=3045559905 [TCP segment of a reassembled PDU]"
"53130","36.056834853","192.168.1.2","192.168.1.55","TCP","66","36600  >  8004 [ACK] Seq=141 Ack=16118 Win=84992 Len=0 TSval=3045559910 TSecr=2916040132"
"53131","36.057008113","192.168.1.55","192.168.1.2","TCP","1514","8004  >  36600 [ACK] Seq=42182 Ack=141 Win=65024 Len=1448 TSval=2916040137 TSecr=3045559910 [TCP segment of a reassembled PDU]"
"53132","36.057024131","192.168.1.55","192.168.1.2","TCP","1514","8004  >  36600 [PSH, ACK] Seq=43630 Ack=141 Win=65024 Len=1448 TSval=2916040137 TSecr=3045559910 [TCP segment of a reassembled PDU]"
"53133","36.057199280","192.168.1.2","192.168.1.55","TCP","66","36600  >  8004 [ACK] Seq=141 Ack=26254 Win=83968 Len=0 TSval=3045559910 TSecr=2916040132"
"53134","36.057279261","192.168.1.55","192.168.1.2","TCP","1514","8004  >  36600 [ACK] Seq=45078 Ack=141 Win=65024 Len=1448 TSval=2916040137 TSecr=3045559910 [TCP segment of a reassembled PDU]"
"53135","36.057286224","192.168.1.55","192.168.1.2","TCP","1514","8004  >  36600 [ACK] Seq=46526 Ack=141 Win=65024 Len=1448 TSval=2916040137 TSecr=3045559910 [TCP segment of a reassembled PDU]"
"53136","36.057287780","192.168.1.55","192.168.1.2","TCP","1514","8004  >  36600 [ACK] Seq=47974 Ack=141 Win=65024 Len=1448 TSval=2916040137 TSecr=3045559910 [TCP segment of a reassembled PDU]"
"53137","36.057289058","192.168.1.55","192.168.1.2","TCP","1514","8004  >  36600 [ACK] Seq=49422 Ack=141 Win=65024 Len=1448 TSval=2916040137 TSecr=3045559910 [TCP segment of a reassembled PDU]"
"53138","36.057290280","192.168.1.55","192.168.1.2","TCP","1514","8004  >  36600 [ACK] Seq=50870 Ack=141 Win=65024 Len=1448 TSval=2916040137 TSecr=3045559910 [TCP segment of a reassembled PDU]"
"53139","36.057301335","192.168.1.55","192.168.1.2","TCP","1514","8004  >  36600 [ACK] Seq=52318 Ack=141 Win=65024 Len=1448 TSval=2916040137 TSecr=3045559910 [TCP segment of a reassembled PDU]"
"53140","36.057303298","192.168.1.55","192.168.1.2","TCP","1514","8004  >  36600 [ACK] Seq=53766 Ack=141 Win=65024 Len=1448 TSval=2916040137 TSecr=3045559910 [TCP segment of a reassembled PDU]"
"53141","36.057304780","192.168.1.55","192.168.1.2","TCP","1514","8004  >  36600 [ACK] Seq=55214 Ack=141 Win=65024 Len=1448 TSval=2916040137 TSecr=3045559910 [TCP segment of a reassembled PDU]"
"53142","36.057306132","192.168.1.55","192.168.1.2","TCP","1514","8004  >  36600 [ACK] Seq=56662 Ack=141 Win=65024 Len=1448 TSval=2916040137 TSecr=3045559910 [TCP segment of a reassembled PDU]"
"53143","36.057307187","192.168.1.55","192.168.1.2","TCP","1514","8004  >  36600 [ACK] Seq=58110 Ack=141 Win=65024 Len=1448 TSval=2916040137 TSecr=3045559910 [TCP segment of a reassembled PDU]"
"53144","36.057308113","192.168.1.55","192.168.1.2","TCP","1514","8004  >  36600 [ACK] Seq=59558 Ack=141 Win=65024 Len=1448 TSval=2916040137 TSecr=3045559910 [TCP segment of a reassembled PDU]"
"53145","36.057309558","192.168.1.55","192.168.1.2","TCP","1514","8004  >  36600 [ACK] Seq=61006 Ack=141 Win=65024 Len=1448 TSval=2916040137 TSecr=3045559910 [TCP segment of a reassembled PDU]"
"53146","36.057311187","192.168.1.55","192.168.1.2","TCP","1514","8004  >  36600 [ACK] Seq=62454 Ack=141 Win=65024 Len=1448 TSval=2916040137 TSecr=3045559910 [TCP segment of a reassembled PDU]"
"53147","36.057314187","192.168.1.55","192.168.1.2","TCP","1514","8004  >  36600 [PSH, ACK] Seq=63902 Ack=141 Win=65024 Len=1448 TSval=2916040137 TSecr=3045559910 [TCP segment of a reassembled PDU]"
"53148","36.057324947","192.168.1.2","192.168.1.55","TCP","66","36600  >  8004 [ACK] Seq=141 Ack=36390 Win=74752 Len=0 TSval=3045559910 TSecr=2916040132"
"53149","36.057362817","192.168.1.55","192.168.1.2","TCP","1514","8004  >  36600 [ACK] Seq=65350 Ack=141 Win=65024 Len=1448 TSval=2916040138 TSecr=3045559910 [TCP segment of a reassembled PDU]"
"53150","36.057366150","192.168.1.55","192.168.1.2","TCP","1514","8004  >  36600 [ACK] Seq=66798 Ack=141 Win=65024 Len=1448 TSval=2916040138 TSecr=3045559910 [TCP segment of a reassembled PDU]"
"53151","36.057367891","192.168.1.55","192.168.1.2","TCP","1514","8004  >  36600 [ACK] Seq=68246 Ack=141 Win=65024 Len=1448 TSval=2916040138 TSecr=3045559910 [TCP segment of a reassembled PDU]"
"53152","36.057368798","192.168.1.55","192.168.1.2","TCP","1514","8004  >  36600 [ACK] Seq=69694 Ack=141 Win=65024 Len=1448 TSval=2916040138 TSecr=3045559910 [TCP segment of a reassembled PDU]"
"53153","36.057370187","192.168.1.55","192.168.1.2","TCP","1514","8004  >  36600 [ACK] Seq=71142 Ack=141 Win=65024 Len=1448 TSval=2916040138 TSecr=3045559910 [TCP segment of a reassembled PDU]"
"53154","36.057371150","192.168.1.55","192.168.1.2","TCP","1514","8004  >  36600 [ACK] Seq=72590 Ack=141 Win=65024 Len=1448 TSval=2916040138 TSecr=3045559910 [TCP segment of a reassembled PDU]"
"53155","36.057373243","192.168.1.55","192.168.1.2","TCP","1514","8004  >  36600 [ACK] Seq=74038 Ack=141 Win=65024 Len=1448 TSval=2916040138 TSecr=3045559910 [TCP segment of a reassembled PDU]"
"53156","36.057375354","192.168.1.55","192.168.1.2","TCP","1514","8004  >  36600 [PSH, ACK] Seq=75486 Ack=141 Win=65024 Len=1448 TSval=2916040138 TSecr=3045559910 [TCP segment of a reassembled PDU]"
"53157","36.057387910","192.168.1.2","192.168.1.55","TCP","66","36600  >  8004 [ACK] Seq=141 Ack=40734 Win=89088 Len=0 TSval=3045559911 TSecr=2916040132"
"53158","36.057401206","192.168.1.2","192.168.1.55","TCP","66","36600  >  8004 [ACK] Seq=141 Ack=42182 Win=90112 Len=0 TSval=3045559911 TSecr=2916040133"
"53159","36.058443578","192.168.1.55","192.168.1.2","TCP","1514","8004  >  36600 [ACK] Seq=76934 Ack=141 Win=65024 Len=1448 TSval=2916040139 TSecr=3045559911 [TCP segment of a reassembled PDU]"
"53160","36.058460393","192.168.1.55","192.168.1.2","TCP","1514","8004  >  36600 [ACK] Seq=78382 Ack=141 Win=65024 Len=1448 TSval=2916040139 TSecr=3045559911 [TCP segment of a reassembled PDU]"
"53161","36.058462171","192.168.1.55","192.168.1.2","TCP","1514","8004  >  36600 [ACK] Seq=79830 Ack=141 Win=65024 Len=1448 TSval=2916040139 TSecr=3045559911 [TCP segment of a reassembled PDU]"
"53162","36.058464245","192.168.1.55","192.168.1.2","TCP","1514","8004  >  36600 [ACK] Seq=81278 Ack=141 Win=65024 Len=1448 TSval=2916040139 TSecr=3045559911 [TCP segment of a reassembled PDU]"
"53163","36.058466022","192.168.1.55","192.168.1.2","TCP","1514","8004  >  36600 [ACK] Seq=82726 Ack=141 Win=65024 Len=1448 TSval=2916040139 TSecr=3045559911 [TCP segment of a reassembled PDU]"
"53164","36.058467152","192.168.1.55","192.168.1.2","TCP","1514","8004  >  36600 [ACK] Seq=84174 Ack=141 Win=65024 Len=1448 TSval=2916040139 TSecr=3045559911 [TCP segment of a reassembled PDU]"
"53165","36.058469226","192.168.1.55","192.168.1.2","TCP","1514","8004  >  36600 [ACK] Seq=85622 Ack=141 Win=65024 Len=1448 TSval=2916040139 TSecr=3045559911 [TCP segment of a reassembled PDU]"
"53166","36.058470597","192.168.1.55","192.168.1.2","TCP","1514","8004  >  36600 [ACK] Seq=87070 Ack=141 Win=65024 Len=1448 TSval=2916040139 TSecr=3045559911 [TCP segment of a reassembled PDU]"
"53167","36.058471800","192.168.1.55","192.168.1.2","TCP","1514","8004  >  36600 [ACK] Seq=88518 Ack=141 Win=65024 Len=1448 TSval=2916040139 TSecr=3045559911 [TCP segment of a reassembled PDU]"
"53168","36.058473060","192.168.1.55","192.168.1.2","TCP","1514","8004  >  36600 [ACK] Seq=89966 Ack=141 Win=65024 Len=1448 TSval=2916040139 TSecr=3045559911 [TCP segment of a reassembled PDU]"
"53169","36.058474782","192.168.1.55","192.168.1.2","TCP","1514","8004  >  36600 [ACK] Seq=91414 Ack=141 Win=65024 Len=1448 TSval=2916040139 TSecr=3045559911 [TCP segment of a reassembled PDU]"
"53170","36.058476671","192.168.1.55","192.168.1.2","TCP","1514","8004  >  36600 [ACK] Seq=92862 Ack=141 Win=65024 Len=1448 TSval=2916040139 TSecr=3045559911 [TCP segment of a reassembled PDU]"
"53171","36.058478893","192.168.1.55","192.168.1.2","TCP","1514","8004  >  36600 [ACK] Seq=94310 Ack=141 Win=65024 Len=1448 TSval=2916040139 TSecr=3045559911 [TCP segment of a reassembled PDU]"
"53172","36.058480597","192.168.1.55","192.168.1.2","TCP","1514","8004  >  36600 [PSH, ACK] Seq=95758 Ack=141 Win=65024 Len=1448 TSval=2916040139 TSecr=3045559911 [TCP segment of a reassembled PDU]"
"53173","36.058502689","192.168.1.55","192.168.1.2","TCP","1514","8004  >  36600 [ACK] Seq=97206 Ack=141 Win=65024 Len=1448 TSval=2916040139 TSecr=3045559911 [TCP segment of a reassembled PDU]"
"53174","36.058505115","192.168.1.55","192.168.1.2","TCP","1514","8004  >  36600 [PSH, ACK] Seq=98654 Ack=141 Win=65024 Len=1448 TSval=2916040139 TSecr=3045559911 [TCP segment of a reassembled PDU]"
"53175","36.062911196","192.168.1.2","192.168.1.55","TCP","66","36600  >  8004 [ACK] Seq=141 Ack=45078 Win=88064 Len=0 TSval=3045559917 TSecr=2916040137"
"53176","36.062974326","192.168.1.55","192.168.1.2","TCP","1514","8004  >  36600 [ACK] Seq=100102 Ack=141 Win=65024 Len=1448 TSval=2916040143 TSecr=3045559917 [TCP segment of a reassembled PDU]"
"53177","36.062980382","192.168.1.55","192.168.1.2","TCP","1514","8004  >  36600 [ACK] Seq=101550 Ack=141 Win=65024 Len=1448 TSval=2916040143 TSecr=3045559917 [TCP segment of a reassembled PDU]"
"53178","36.062981826","192.168.1.55","192.168.1.2","TCP","1514","8004  >  36600 [ACK] Seq=102998 Ack=141 Win=65024 Len=1448 TSval=2916040143 TSecr=3045559917 [TCP segment of a reassembled PDU]"
"53179","36.062984104","192.168.1.55","192.168.1.2","TCP","1514","8004  >  36600 [PSH, ACK] Seq=104446 Ack=141 Win=65024 Len=1448 TSval=2916040143 TSecr=3045559917 [TCP segment of a reassembled PDU]"
"53180","36.063049604","192.168.1.2","192.168.1.55","TCP","66","36600  >  8004 [ACK] Seq=141 Ack=49422 Win=89088 Len=0 TSval=3045559917 TSecr=2916040137"
"53181","36.063057919","192.168.1.2","192.168.1.55","TCP","66","36600  >  8004 [ACK] Seq=141 Ack=65350 Win=77824 Len=0 TSval=3045559917 TSecr=2916040137"
"53182","36.063073160","192.168.1.55","192.168.1.2","TCP","1514","8004  >  36600 [ACK] Seq=105894 Ack=141 Win=65024 Len=1448 TSval=2916040143 TSecr=3045559917 [TCP segment of a reassembled PDU]"
"53183","36.063076622","192.168.1.55","192.168.1.2","TCP","1514","8004  >  36600 [ACK] Seq=107342 Ack=141 Win=65024 Len=1448 TSval=2916040143 TSecr=3045559917 [TCP segment of a reassembled PDU]"
"53184","36.063078345","192.168.1.55","192.168.1.2","TCP","1514","8004  >  36600 [ACK] Seq=108790 Ack=141 Win=65024 Len=1448 TSval=2916040143 TSecr=3045559917 [TCP segment of a reassembled PDU]"
"53185","36.063079511","192.168.1.55","192.168.1.2","TCP","1514","8004  >  36600 [ACK] Seq=110238 Ack=141 Win=65024 Len=1448 TSval=2916040143 TSecr=3045559917 [TCP segment of a reassembled PDU]"
"53186","36.063080882","192.168.1.55","192.168.1.2","TCP","1514","8004  >  36600 [ACK] Seq=111686 Ack=141 Win=65024 Len=1448 TSval=2916040143 TSecr=3045559917 [TCP segment of a reassembled PDU]"
"53187","36.063083215","192.168.1.55","192.168.1.2","TCP","1514","8004  >  36600 [ACK] Seq=113134 Ack=141 Win=65024 Len=1448 TSval=2916040143 TSecr=3045559917 [TCP segment of a reassembled PDU]"
"53188","36.063084641","192.168.1.55","192.168.1.2","TCP","1514","8004  >  36600 [PSH, ACK] Seq=114582 Ack=141 Win=65024 Len=1448 TSval=2916040143 TSecr=3045559917 [TCP segment of a reassembled PDU]"
"53189","36.063132308","192.168.1.55","192.168.1.2","TCP","1514","8004  >  36600 [ACK] Seq=116030 Ack=141 Win=65024 Len=1448 TSval=2916040143 TSecr=3045559917 [TCP segment of a reassembled PDU]"
"53190","36.063136160","192.168.1.55","192.168.1.2","TCP","1514","8004  >  36600 [ACK] Seq=117478 Ack=141 Win=65024 Len=1448 TSval=2916040143 TSecr=3045559917 [TCP segment of a reassembled PDU]"
"53191","36.063137845","192.168.1.55","192.168.1.2","TCP","1514","8004  >  36600 [ACK] Seq=118926 Ack=141 Win=65024 Len=1448 TSval=2916040143 TSecr=3045559917 [TCP segment of a reassembled PDU]"
"53192","36.063138808","192.168.1.55","192.168.1.2","TCP","1514","8004  >  36600 [ACK] Seq=120374 Ack=141 Win=65024 Len=1448 TSval=2916040143 TSecr=3045559917 [TCP segment of a reassembled PDU]"
"53193","36.063140252","192.168.1.55","192.168.1.2","TCP","1514","8004  >  36600 [ACK] Seq=121822 Ack=141 Win=65024 Len=1448 TSval=2916040143 TSecr=3045559917 [TCP segment of a reassembled PDU]"
"53194","36.063141974","192.168.1.55","192.168.1.2","TCP","1514","8004  >  36600 [ACK] Seq=123270 Ack=141 Win=65024 Len=1448 TSval=2916040143 TSecr=3045559917 [TCP segment of a reassembled PDU]"
"53195","36.063143160","192.168.1.55","192.168.1.2","TCP","1514","8004  >  36600 [ACK] Seq=124718 Ack=141 Win=65024 Len=1448 TSval=2916040143 TSecr=3045559917 [TCP segment of a reassembled PDU]"
"53196","36.063144586","192.168.1.55","192.168.1.2","TCP","1514","8004  >  36600 [ACK] Seq=126166 Ack=141 Win=65024 Len=1448 TSval=2916040143 TSecr=3045559917 [TCP segment of a reassembled PDU]"
"53197","36.063145697","192.168.1.55","192.168.1.2","TCP","1514","8004  >  36600 [ACK] Seq=127614 Ack=141 Win=65024 Len=1448 TSval=2916040143 TSecr=3045559917 [TCP segment of a reassembled PDU]"
"53198","36.063148049","192.168.1.55","192.168.1.2","TCP","1514","8004  >  36600 [ACK] Seq=129062 Ack=141 Win=65024 Len=1448 TSval=2916040143 TSecr=3045559917 [TCP segment of a reassembled PDU]"
"53199","36.063150660","192.168.1.55","192.168.1.2","TCP","1514","8004  >  36600 [ACK] Seq=130510 Ack=141 Win=65024 Len=1448 TSval=2916040143 TSecr=3045559917 [TCP segment of a reassembled PDU]"
"53200","36.063151660","192.168.1.55","192.168.1.2","TCP","1514","8004  >  36600 [ACK] Seq=131958 Ack=141 Win=65024 Len=1448 TSval=2916040143 TSecr=3045559917 [TCP segment of a reassembled PDU]"
"53201","36.063152956","192.168.1.55","192.168.1.2","TCP","1514","8004  >  36600 [ACK] Seq=133406 Ack=141 Win=65024 Len=1448 TSval=2916040143 TSecr=3045559917 [TCP segment of a reassembled PDU]"
"53202","36.063155141","192.168.1.55","192.168.1.2","TCP","1514","8004  >  36600 [ACK] Seq=134854 Ack=141 Win=65024 Len=1448 TSval=2916040143 TSecr=3045559917 [TCP segment of a reassembled PDU]"
"53203","36.063156419","192.168.1.55","192.168.1.2","TCP","1514","8004  >  36600 [ACK] Seq=136302 Ack=141 Win=65024 Len=1448 TSval=2916040143 TSecr=3045559917 [TCP segment of a reassembled PDU]"
"53204","36.063157789","192.168.1.55","192.168.1.2","TCP","1514","8004  >  36600 [ACK] Seq=137750 Ack=141 Win=65024 Len=1448 TSval=2916040143 TSecr=3045559917 [TCP segment of a reassembled PDU]"
"53205","36.063159160","192.168.1.55","192.168.1.2","TCP","1514","8004  >  36600 [ACK] Seq=139198 Ack=141 Win=65024 Len=1448 TSval=2916040143 TSecr=3045559917 [TCP segment of a reassembled PDU]"
"53206","36.063162067","192.168.1.55","192.168.1.2","TCP","1514","8004  >  36600 [ACK] Seq=140646 Ack=141 Win=65024 Len=1448 TSval=2916040143 TSecr=3045559917 [TCP segment of a reassembled PDU]"
"53207","36.063163474","192.168.1.55","192.168.1.2","TCP","1146","[TCP Window Full] 8004  >  36600 [PSH, ACK] Seq=142094 Ack=141 Win=65024 Len=1080 TSval=2916040143 TSecr=3045559917 [TCP segment of a reassembled PDU]"
"53208","36.063166789","192.168.1.2","192.168.1.55","TCP","66","36600  >  8004 [ACK] Seq=141 Ack=76934 Win=81920 Len=0 TSval=3045559917 TSecr=2916040138"
"53209","36.063216956","192.168.1.2","192.168.1.55","TCP","66","36600  >  8004 [ACK] Seq=141 Ack=97206 Win=73728 Len=0 TSval=3045559917 TSecr=2916040139"
"53210","36.063220104","192.168.1.2","192.168.1.55","TCP","66","36600  >  8004 [ACK] Seq=141 Ack=100102 Win=71680 Len=0 TSval=3045559917 TSecr=2916040139"
"53211","36.063222771","192.168.1.55","192.168.1.2","TCP","1514","8004  >  36600 [ACK] Seq=143174 Ack=141 Win=65024 Len=1448 TSval=2916040143 TSecr=3045559917 [TCP segment of a reassembled PDU]"
"53212","36.063228604","192.168.1.55","192.168.1.2","TCP","1514","8004  >  36600 [ACK] Seq=144622 Ack=141 Win=65024 Len=1448 TSval=2916040143 TSecr=3045559917 [TCP segment of a reassembled PDU]"
"53213","36.063229549","192.168.1.55","192.168.1.2","TCP","1514","8004  >  36600 [ACK] Seq=146070 Ack=141 Win=65024 Len=1448 TSval=2916040143 TSecr=3045559917 [TCP segment of a reassembled PDU]"
"53214","36.063230752","192.168.1.55","192.168.1.2","TCP","1514","8004  >  36600 [ACK] Seq=147518 Ack=141 Win=65024 Len=1448 TSval=2916040143 TSecr=3045559917 [TCP segment of a reassembled PDU]"
"53215","36.063233141","192.168.1.55","192.168.1.2","TCP","1514","8004  >  36600 [ACK] Seq=148966 Ack=141 Win=65024 Len=1448 TSval=2916040143 TSecr=3045559917 [TCP segment of a reassembled PDU]"
"53216","36.063234586","192.168.1.55","192.168.1.2","TCP","1514","8004  >  36600 [ACK] Seq=150414 Ack=141 Win=65024 Len=1448 TSval=2916040143 TSecr=3045559917 [TCP segment of a reassembled PDU]"
"53217","36.063235993","192.168.1.55","192.168.1.2","TCP","1514","8004  >  36600 [ACK] Seq=151862 Ack=141 Win=65024 Len=1448 TSval=2916040143 TSecr=3045559917 [TCP segment of a reassembled PDU]"
"53218","36.063237030","192.168.1.55","192.168.1.2","TCP","1514","8004  >  36600 [PSH, ACK] Seq=153310 Ack=141 Win=65024 Len=1448 TSval=2916040143 TSecr=3045559917 [TCP segment of a reassembled PDU]"
"53219","36.063259067","192.168.1.55","192.168.1.2","TCP","434","8004  >  36600 [ACK] Seq=154758 Ack=141 Win=65024 Len=368 TSval=2916040143 TSecr=3045559917 [TCP segment of a reassembled PDU]"
"53220","36.063286197","192.168.1.55","192.168.1.2","TCP","1514","8004  >  36600 [ACK] Seq=155126 Ack=141 Win=65024 Len=1448 TSval=2916040143 TSecr=3045559917 [TCP segment of a reassembled PDU]"
"53221","36.063287586","192.168.1.55","192.168.1.2","TCP","1514","8004  >  36600 [ACK] Seq=156574 Ack=141 Win=65024 Len=1448 TSval=2916040143 TSecr=3045559917 [TCP segment of a reassembled PDU]"
"53222","36.063288530","192.168.1.55","192.168.1.2","TCP","1514","8004  >  36600 [ACK] Seq=158022 Ack=141 Win=65024 Len=1448 TSval=2916040143 TSecr=3045559917 [TCP segment of a reassembled PDU]"
"53223","36.063289604","192.168.1.55","192.168.1.2","TCP","1514","8004  >  36600 [ACK] Seq=159470 Ack=141 Win=65024 Len=1448 TSval=2916040143 TSecr=3045559917 [TCP segment of a reassembled PDU]"
"53224","36.063290549","192.168.1.55","192.168.1.2","TCP","1514","8004  >  36600 [ACK] Seq=160918 Ack=141 Win=65024 Len=1448 TSval=2916040143 TSecr=3045559917 [TCP segment of a reassembled PDU]"
"53225","36.063299697","192.168.1.55","192.168.1.2","TCP","1514","8004  >  36600 [ACK] Seq=162366 Ack=141 Win=65024 Len=1448 TSval=2916040143 TSecr=3045559917 [TCP segment of a reassembled PDU]"
"53226","36.063300901","192.168.1.55","192.168.1.2","TCP","1514","8004  >  36600 [ACK] Seq=163814 Ack=141 Win=65024 Len=1448 TSval=2916040143 TSecr=3045559917 [TCP segment of a reassembled PDU]"
"53227","36.063302141","192.168.1.55","192.168.1.2","TCP","1514","8004  >  36600 [ACK] Seq=165262 Ack=141 Win=65024 Len=1448 TSval=2916040143 TSecr=3045559917 [TCP segment of a reassembled PDU]"
"53228","36.063304919","192.168.1.55","192.168.1.2","TCP","1514","8004  >  36600 [ACK] Seq=166710 Ack=141 Win=65024 Len=1448 TSval=2916040143 TSecr=3045559917 [TCP segment of a reassembled PDU]"
"53229","36.063306567","192.168.1.55","192.168.1.2","TCP","1514","8004  >  36600 [ACK] Seq=168158 Ack=141 Win=65024 Len=1448 TSval=2916040143 TSecr=3045559917 [TCP segment of a reassembled PDU]"
"53230","36.063307623","192.168.1.55","192.168.1.2","TCP","1514","8004  >  36600 [PSH, ACK] Seq=169606 Ack=141 Win=65024 Len=1448 TSval=2916040143 TSecr=3045559917 [TCP segment of a reassembled PDU]"
"53231","36.069697652","192.168.1.2","192.168.1.55","TCP","66","36600  >  8004 [ACK] Seq=141 Ack=105894 Win=86016 Len=0 TSval=3045559923 TSecr=2916040143"
"53232","36.069731578","192.168.1.55","192.168.1.2","TCP","1514","8004  >  36600 [ACK] Seq=171054 Ack=141 Win=65024 Len=1448 TSval=2916040150 TSecr=3045559923 [TCP segment of a reassembled PDU]"
"53233","36.069735874","192.168.1.55","192.168.1.2","TCP","1514","8004  >  36600 [ACK] Seq=172502 Ack=141 Win=65024 Len=1448 TSval=2916040150 TSecr=3045559923 [TCP segment of a reassembled PDU]"
"53234","36.069737429","192.168.1.55","192.168.1.2","TCP","1514","8004  >  36600 [ACK] Seq=173950 Ack=141 Win=65024 Len=1448 TSval=2916040150 TSecr=3045559923 [TCP segment of a reassembled PDU]"
"53235","36.069738578","192.168.1.55","192.168.1.2","TCP","1514","8004  >  36600 [ACK] Seq=175398 Ack=141 Win=65024 Len=1448 TSval=2916040150 TSecr=3045559923 [TCP segment of a reassembled PDU]"
"53236","36.069739633","192.168.1.55","192.168.1.2","TCP","1514","8004  >  36600 [ACK] Seq=176846 Ack=141 Win=65024 Len=1448 TSval=2916040150 TSecr=3045559923 [TCP segment of a reassembled PDU]"
"53237","36.069740744","192.168.1.55","192.168.1.2","TCP","1514","8004  >  36600 [ACK] Seq=178294 Ack=141 Win=65024 Len=1448 TSval=2916040150 TSecr=3045559923 [TCP segment of a reassembled PDU]"
"53238","36.069742096","192.168.1.55","192.168.1.2","TCP","1514","8004  >  36600 [ACK] Seq=179742 Ack=141 Win=65024 Len=1448 TSval=2916040150 TSecr=3045559923 [TCP segment of a reassembled PDU]"
"53239","36.069743763","192.168.1.55","192.168.1.2","TCP","1514","8004  >  36600 [ACK] Seq=181190 Ack=141 Win=65024 Len=1448 TSval=2916040150 TSecr=3045559923 [TCP segment of a reassembled PDU]"
"53240","36.069745300","192.168.1.55","192.168.1.2","TCP","1514","8004  >  36600 [ACK] Seq=182638 Ack=141 Win=65024 Len=1448 TSval=2916040150 TSecr=3045559923 [TCP segment of a reassembled PDU]"
"53241","36.069746337","192.168.1.55","192.168.1.2","TCP","1514","8004  >  36600 [ACK] Seq=184086 Ack=141 Win=65024 Len=1448 TSval=2916040150 TSecr=3045559923 [TCP segment of a reassembled PDU]"
"53242","36.069747800","192.168.1.55","192.168.1.2","TCP","1514","8004  >  36600 [ACK] Seq=185534 Ack=141 Win=65024 Len=1448 TSval=2916040150 TSecr=3045559923 [TCP segment of a reassembled PDU]"
"53243","36.069748948","192.168.1.55","192.168.1.2","TCP","1514","8004  >  36600 [ACK] Seq=186982 Ack=141 Win=65024 Len=1448 TSval=2916040150 TSecr=3045559923 [TCP segment of a reassembled PDU]"
"53244","36.069750059","192.168.1.55","192.168.1.2","TCP","1514","8004  >  36600 [ACK] Seq=188430 Ack=141 Win=65024 Len=1448 TSval=2916040150 TSecr=3045559923 [TCP segment of a reassembled PDU]"
"53245","36.069751115","192.168.1.55","192.168.1.2","TCP","1514","8004  >  36600 [PSH, ACK] Seq=189878 Ack=141 Win=65024 Len=1448 TSval=2916040150 TSecr=3045559923 [TCP segment of a reassembled PDU]"
"53246","36.070358449","192.168.1.2","192.168.1.55","TCP","66","36600  >  8004 [ACK] Seq=141 Ack=110238 Win=81920 Len=0 TSval=3045559923 TSecr=2916040143"
"53247","36.070365023","192.168.1.2","192.168.1.55","TCP","66","36600  >  8004 [ACK] Seq=141 Ack=116030 Win=101376 Len=0 TSval=3045559924 TSecr=2916040143"
"53248","36.070375338","192.168.1.55","192.168.1.2","TCP","1514","8004  >  36600 [ACK] Seq=191326 Ack=141 Win=65024 Len=1448 TSval=2916040151 TSecr=3045559924 [TCP segment of a reassembled PDU]"
"53249","36.070377060","192.168.1.55","192.168.1.2","TCP","1514","8004  >  36600 [ACK] Seq=192774 Ack=141 Win=65024 Len=1448 TSval=2916040151 TSecr=3045559924 [TCP segment of a reassembled PDU]"
"53250","36.070378171","192.168.1.55","192.168.1.2","TCP","1514","8004  >  36600 [ACK] Seq=194222 Ack=141 Win=65024 Len=1448 TSval=2916040151 TSecr=3045559924 [TCP segment of a reassembled PDU]"
"53251","36.070379338","192.168.1.55","192.168.1.2","TCP","1514","8004  >  36600 [ACK] Seq=195670 Ack=141 Win=65024 Len=1448 TSval=2916040151 TSecr=3045559924 [TCP segment of a reassembled PDU]"
"53252","36.070380412","192.168.1.55","192.168.1.2","TCP","1514","8004  >  36600 [ACK] Seq=197118 Ack=141 Win=65024 Len=1448 TSval=2916040151 TSecr=3045559924 [TCP segment of a reassembled PDU]"
"53253","36.070381523","192.168.1.55","192.168.1.2","TCP","1514","8004  >  36600 [PSH, ACK] Seq=198566 Ack=141 Win=65024 Len=1448 TSval=2916040151 TSecr=3045559924 [TCP segment of a reassembled PDU]"
"53254","36.070385319","192.168.1.2","192.168.1.55","TCP","66","36600  >  8004 [ACK] Seq=141 Ack=143174 Win=84992 Len=0 TSval=3045559924 TSecr=2916040143"
"53255","36.070392727","192.168.1.2","192.168.1.55","TCP","66","36600  >  8004 [ACK] Seq=141 Ack=154758 Win=74752 Len=0 TSval=3045559924 TSecr=2916040143"
"53256","36.070414838","192.168.1.55","192.168.1.2","TCP","1514","8004  >  36600 [ACK] Seq=200014 Ack=141 Win=65024 Len=1448 TSval=2916040151 TSecr=3045559924 [TCP segment of a reassembled PDU]"
"53257","36.070416468","192.168.1.55","192.168.1.2","TCP","1514","8004  >  36600 [ACK] Seq=201462 Ack=141 Win=65024 Len=1448 TSval=2916040151 TSecr=3045559924 [TCP segment of a reassembled PDU]"
"53258","36.070417708","192.168.1.55","192.168.1.2","TCP","1514","8004  >  36600 [ACK] Seq=202910 Ack=141 Win=65024 Len=1448 TSval=2916040151 TSecr=3045559924 [TCP segment of a reassembled PDU]"
"53259","36.070418838","192.168.1.55","192.168.1.2","TCP","1514","8004  >  36600 [ACK] Seq=204358 Ack=141 Win=65024 Len=1448 TSval=2916040151 TSecr=3045559924 [TCP segment of a reassembled PDU]"
"53260","36.070419968","192.168.1.55","192.168.1.2","TCP","1514","8004  >  36600 [ACK] Seq=205806 Ack=141 Win=65024 Len=1448 TSval=2916040151 TSecr=3045559924 [TCP segment of a reassembled PDU]"
"53261","36.070421208","192.168.1.55","192.168.1.2","TCP","1514","8004  >  36600 [ACK] Seq=207254 Ack=141 Win=65024 Len=1448 TSval=2916040151 TSecr=3045559924 [TCP segment of a reassembled PDU]"
"53262","36.070422394","192.168.1.55","192.168.1.2","TCP","1514","8004  >  36600 [ACK] Seq=208702 Ack=141 Win=65024 Len=1448 TSval=2916040151 TSecr=3045559924 [TCP segment of a reassembled PDU]"
"53263","36.070423894","192.168.1.55","192.168.1.2","TCP","1514","8004  >  36600 [ACK] Seq=210150 Ack=141 Win=65024 Len=1448 TSval=2916040151 TSecr=3045559924 [TCP segment of a reassembled PDU]"
"53264","36.070424986","192.168.1.55","192.168.1.2","TCP","1514","8004  >  36600 [ACK] Seq=211598 Ack=141 Win=65024 Len=1448 TSval=2916040151 TSecr=3045559924 [TCP segment of a reassembled PDU]"
"53265","36.070426208","192.168.1.55","192.168.1.2","TCP","1514","8004  >  36600 [ACK] Seq=213046 Ack=141 Win=65024 Len=1448 TSval=2916040151 TSecr=3045559924 [TCP segment of a reassembled PDU]"
"53266","36.070427412","192.168.1.55","192.168.1.2","TCP","1514","8004  >  36600 [ACK] Seq=214494 Ack=141 Win=65024 Len=1448 TSval=2916040151 TSecr=3045559924 [TCP segment of a reassembled PDU]"
"53267","36.070428523","192.168.1.55","192.168.1.2","TCP","1514","8004  >  36600 [ACK] Seq=215942 Ack=141 Win=65024 Len=1448 TSval=2916040151 TSecr=3045559924 [TCP segment of a reassembled PDU]"
"53268","36.070429819","192.168.1.55","192.168.1.2","TCP","1514","8004  >  36600 [ACK] Seq=217390 Ack=141 Win=65024 Len=1448 TSval=2916040151 TSecr=3045559924 [TCP segment of a reassembled PDU]"
"53269","36.070430949","192.168.1.55","192.168.1.2","TCP","1514","8004  >  36600 [ACK] Seq=218838 Ack=141 Win=65024 Len=1448 TSval=2916040151 TSecr=3045559924 [TCP segment of a reassembled PDU]"
"53270","36.070432060","192.168.1.55","192.168.1.2","TCP","1514","8004  >  36600 [ACK] Seq=220286 Ack=141 Win=65024 Len=1448 TSval=2916040151 TSecr=3045559924 [TCP segment of a reassembled PDU]"
"53271","36.070433412","192.168.1.55","192.168.1.2","TCP","1514","8004  >  36600 [ACK] Seq=221734 Ack=141 Win=65024 Len=1448 TSval=2916040151 TSecr=3045559924 [TCP segment of a reassembled PDU]"
"53272","36.070434597","192.168.1.55","192.168.1.2","TCP","1514","8004  >  36600 [ACK] Seq=223182 Ack=141 Win=65024 Len=1448 TSval=2916040151 TSecr=3045559924 [TCP segment of a reassembled PDU]"
"53273","36.070435857","192.168.1.55","192.168.1.2","TCP","1514","8004  >  36600 [ACK] Seq=224630 Ack=141 Win=65024 Len=1448 TSval=2916040151 TSecr=3045559924 [TCP segment of a reassembled PDU]"
"53274","36.070436949","192.168.1.55","192.168.1.2","TCP","1514","8004  >  36600 [ACK] Seq=226078 Ack=141 Win=65024 Len=1448 TSval=2916040151 TSecr=3045559924 [TCP segment of a reassembled PDU]"
"53275","36.070438171","192.168.1.55","192.168.1.2","TCP","1514","8004  >  36600 [PSH, ACK] Seq=227526 Ack=141 Win=65024 Len=1448 TSval=2916040151 TSecr=3045559924 [TCP segment of a reassembled PDU]"
"53276","36.070490597","192.168.1.2","192.168.1.55","TCP","66","36600  >  8004 [ACK] Seq=141 Ack=168158 Win=67584 Len=0 TSval=3045559924 TSecr=2916040143"
"53277","36.070498523","192.168.1.2","192.168.1.55","TCP","66","36600  >  8004 [ACK] Seq=141 Ack=169606 Win=104448 Len=0 TSval=3045559924 TSecr=2916040143"
"53278","36.070512264","192.168.1.55","192.168.1.2","TCP","1514","8004  >  36600 [ACK] Seq=228974 Ack=141 Win=65024 Len=1448 TSval=2916040151 TSecr=3045559924 [TCP segment of a reassembled PDU]"
"53279","36.070514190","192.168.1.55","192.168.1.2","TCP","1514","8004  >  36600 [ACK] Seq=230422 Ack=141 Win=65024 Len=1448 TSval=2916040151 TSecr=3045559924 [TCP segment of a reassembled PDU]"
"53280","36.070515394","192.168.1.55","192.168.1.2","TCP","1514","8004  >  36600 [ACK] Seq=231870 Ack=141 Win=65024 Len=1448 TSval=2916040151 TSecr=3045559924 [TCP segment of a reassembled PDU]"
"53281","36.070516505","192.168.1.55","192.168.1.2","TCP","1514","8004  >  36600 [ACK] Seq=233318 Ack=141 Win=65024 Len=1448 TSval=2916040151 TSecr=3045559924 [TCP segment of a reassembled PDU]"
"53282","36.070517579","192.168.1.55","192.168.1.2","TCP","1514","8004  >  36600 [ACK] Seq=234766 Ack=141 Win=65024 Len=1448 TSval=2916040151 TSecr=3045559924 [TCP segment of a reassembled PDU]"
"53283","36.070518746","192.168.1.55","192.168.1.2","TCP","1514","8004  >  36600 [ACK] Seq=236214 Ack=141 Win=65024 Len=1448 TSval=2916040151 TSecr=3045559924 [TCP segment of a reassembled PDU]"
"53284","36.070519949","192.168.1.55","192.168.1.2","TCP","1514","8004  >  36600 [ACK] Seq=237662 Ack=141 Win=65024 Len=1448 TSval=2916040151 TSecr=3045559924 [TCP segment of a reassembled PDU]"
"53285","36.070521116","192.168.1.55","192.168.1.2","TCP","1514","8004  >  36600 [ACK] Seq=239110 Ack=141 Win=65024 Len=1448 TSval=2916040151 TSecr=3045559924 [TCP segment of a reassembled PDU]"
"53286","36.070522246","192.168.1.55","192.168.1.2","TCP","1514","8004  >  36600 [ACK] Seq=240558 Ack=141 Win=65024 Len=1448 TSval=2916040151 TSecr=3045559924 [TCP segment of a reassembled PDU]"
"53287","36.070523357","192.168.1.55","192.168.1.2","TCP","1514","8004  >  36600 [ACK] Seq=242006 Ack=141 Win=65024 Len=1448 TSval=2916040151 TSecr=3045559924 [TCP segment of a reassembled PDU]"
"53288","36.070529468","192.168.1.55","192.168.1.2","TCP","1514","8004  >  36600 [PSH, ACK] Seq=243454 Ack=141 Win=65024 Len=1448 TSval=2916040151 TSecr=3045559924 [TCP segment of a reassembled PDU]"
"53289","36.070533486","192.168.1.2","192.168.1.55","TCP","66","36600  >  8004 [ACK] Seq=141 Ack=171054 Win=107520 Len=0 TSval=3045559925 TSecr=2916040143"
"53290","36.070567635","192.168.1.55","192.168.1.2","TCP","1514","8004  >  36600 [ACK] Seq=244902 Ack=141 Win=65024 Len=1448 TSval=2916040151 TSecr=3045559925 [TCP segment of a reassembled PDU]"
"53291","36.070569357","192.168.1.55","192.168.1.2","TCP","1514","8004  >  36600 [ACK] Seq=246350 Ack=141 Win=65024 Len=1448 TSval=2916040151 TSecr=3045559925 [TCP segment of a reassembled PDU]"
"53292","36.070570635","192.168.1.55","192.168.1.2","TCP","1514","8004  >  36600 [ACK] Seq=247798 Ack=141 Win=65024 Len=1448 TSval=2916040151 TSecr=3045559925 [TCP segment of a reassembled PDU]"
"53293","36.070571931","192.168.1.55","192.168.1.2","TCP","1514","8004  >  36600 [ACK] Seq=249246 Ack=141 Win=65024 Len=1448 TSval=2916040151 TSecr=3045559925 [TCP segment of a reassembled PDU]"
"53294","36.070573264","192.168.1.55","192.168.1.2","TCP","1514","8004  >  36600 [ACK] Seq=250694 Ack=141 Win=65024 Len=1448 TSval=2916040151 TSecr=3045559925 [TCP segment of a reassembled PDU]"
"53295","36.070574431","192.168.1.55","192.168.1.2","TCP","1514","8004  >  36600 [ACK] Seq=252142 Ack=141 Win=65024 Len=1448 TSval=2916040151 TSecr=3045559925 [TCP segment of a reassembled PDU]"
"53296","36.070575727","192.168.1.55","192.168.1.2","TCP","1514","8004  >  36600 [ACK] Seq=253590 Ack=141 Win=65024 Len=1448 TSval=2916040151 TSecr=3045559925 [TCP segment of a reassembled PDU]"
"53297","36.070576875","192.168.1.55","192.168.1.2","TCP","1514","8004  >  36600 [ACK] Seq=255038 Ack=141 Win=65024 Len=1448 TSval=2916040151 TSecr=3045559925 [TCP segment of a reassembled PDU]"
"53298","36.070578005","192.168.1.55","192.168.1.2","TCP","1514","8004  >  36600 [ACK] Seq=256486 Ack=141 Win=65024 Len=1448 TSval=2916040151 TSecr=3045559925 [TCP segment of a reassembled PDU]"
"53299","36.070579135","192.168.1.55","192.168.1.2","TCP","1514","8004  >  36600 [ACK] Seq=257934 Ack=141 Win=65024 Len=1448 TSval=2916040151 TSecr=3045559925 [TCP segment of a reassembled PDU]"
"53300","36.070580375","192.168.1.55","192.168.1.2","TCP","1514","8004  >  36600 [ACK] Seq=259382 Ack=141 Win=65024 Len=1448 TSval=2916040151 TSecr=3045559925 [TCP segment of a reassembled PDU]"
"53301","36.070581635","192.168.1.55","192.168.1.2","TCP","1514","8004  >  36600 [ACK] Seq=260830 Ack=141 Win=65024 Len=1448 TSval=2916040151 TSecr=3045559925 [TCP segment of a reassembled PDU]"
"53302","36.070582875","192.168.1.55","192.168.1.2","TCP","1514","8004  >  36600 [ACK] Seq=262278 Ack=141 Win=65024 Len=1448 TSval=2916040151 TSecr=3045559925 [TCP segment of a reassembled PDU]"
"53303","36.070584135","192.168.1.55","192.168.1.2","TCP","1514","8004  >  36600 [ACK] Seq=263726 Ack=141 Win=65024 Len=1448 TSval=2916040151 TSecr=3045559925 [TCP segment of a reassembled PDU]"
"53304","36.070585357","192.168.1.55","192.168.1.2","TCP","1514","8004  >  36600 [ACK] Seq=265174 Ack=141 Win=65024 Len=1448 TSval=2916040151 TSecr=3045559925 [TCP segment of a reassembled PDU]"
"53305","36.070586875","192.168.1.55","192.168.1.2","TCP","1514","8004  >  36600 [ACK] Seq=266622 Ack=141 Win=65024 Len=1448 TSval=2916040151 TSecr=3045559925 [TCP segment of a reassembled PDU]"
"53306","36.070588135","192.168.1.55","192.168.1.2","TCP","1514","8004  >  36600 [ACK] Seq=268070 Ack=141 Win=65024 Len=1448 TSval=2916040151 TSecr=3045559925 [TCP segment of a reassembled PDU]"
"53307","36.070589579","192.168.1.55","192.168.1.2","TCP","1514","8004  >  36600 [ACK] Seq=269518 Ack=141 Win=65024 Len=1448 TSval=2916040151 TSecr=3045559925 [TCP segment of a reassembled PDU]"
"53308","36.070590764","192.168.1.55","192.168.1.2","TCP","1514","8004  >  36600 [ACK] Seq=270966 Ack=141 Win=65024 Len=1448 TSval=2916040151 TSecr=3045559925 [TCP segment of a reassembled PDU]"
"53309","36.070592209","192.168.1.55","192.168.1.2","TCP","1514","8004  >  36600 [ACK] Seq=272414 Ack=141 Win=65024 Len=1448 TSval=2916040151 TSecr=3045559925 [TCP segment of a reassembled PDU]"
"53310","36.070593468","192.168.1.55","192.168.1.2","TCP","1514","8004  >  36600 [ACK] Seq=273862 Ack=141 Win=65024 Len=1448 TSval=2916040151 TSecr=3045559925 [TCP segment of a reassembled PDU]"
"53311","36.070595060","192.168.1.55","192.168.1.2","TCP","1514","8004  >  36600 [ACK] Seq=275310 Ack=141 Win=65024 Len=1448 TSval=2916040151 TSecr=3045559925 [TCP segment of a reassembled PDU]"
"53312","36.070596264","192.168.1.55","192.168.1.2","TCP","1514","8004  >  36600 [ACK] Seq=276758 Ack=141 Win=65024 Len=1448 TSval=2916040151 TSecr=3045559925 [TCP segment of a reassembled PDU]"
"53313","36.070597672","192.168.1.55","192.168.1.2","TCP","434","[TCP Window Full] 8004  >  36600 [PSH, ACK] Seq=278206 Ack=141 Win=65024 Len=368 TSval=2916040151 TSecr=3045559925 [TCP segment of a reassembled PDU]"
"53314","36.085460251","192.168.1.2","192.168.1.55","TCP","66","36600  >  8004 [ACK] Seq=141 Ack=191326 Win=95232 Len=0 TSval=3045559933 TSecr=2916040150"
"53315","36.085494807","192.168.1.55","192.168.1.2","TCP","1514","8004  >  36600 [ACK] Seq=278574 Ack=141 Win=65024 Len=1448 TSval=2916040166 TSecr=3045559933 [TCP segment of a reassembled PDU]"
"53316","36.085499529","192.168.1.55","192.168.1.2","TCP","1514","8004  >  36600 [ACK] Seq=280022 Ack=141 Win=65024 Len=1448 TSval=2916040166 TSecr=3045559933 [TCP segment of a reassembled PDU]"
"53317","36.085500862","192.168.1.55","192.168.1.2","TCP","1514","8004  >  36600 [ACK] Seq=281470 Ack=141 Win=65024 Len=1448 TSval=2916040166 TSecr=3045559933 [TCP segment of a reassembled PDU]"
"53318","36.085502307","192.168.1.55","192.168.1.2","TCP","1514","8004  >  36600 [ACK] Seq=282918 Ack=141 Win=65024 Len=1448 TSval=2916040166 TSecr=3045559933 [TCP segment of a reassembled PDU]"
"53319","36.085503918","192.168.1.55","192.168.1.2","TCP","1514","8004  >  36600 [PSH, ACK] Seq=284366 Ack=141 Win=65024 Len=1448 TSval=2916040166 TSecr=3045559933 [TCP segment of a reassembled PDU]"
"53320","36.085831437","192.168.1.2","192.168.1.55","TCP","66","36600  >  8004 [ACK] Seq=141 Ack=201462 Win=86016 Len=0 TSval=3045559933 TSecr=2916040151"
"53321","36.085841566","192.168.1.2","192.168.1.55","TCP","66","36600  >  8004 [ACK] Seq=141 Ack=228974 Win=91136 Len=0 TSval=3045559940 TSecr=2916040151"
"53322","36.085850992","192.168.1.55","192.168.1.2","TCP","1514","8004  >  36600 [ACK] Seq=285814 Ack=141 Win=65024 Len=1448 TSval=2916040166 TSecr=3045559940 [TCP segment of a reassembled PDU]"
"53323","36.085853381","192.168.1.55","192.168.1.2","TCP","1514","8004  >  36600 [PSH, ACK] Seq=287262 Ack=141 Win=65024 Len=1448 TSval=2916040166 TSecr=3045559940 [TCP segment of a reassembled PDU]"
"53324","36.085860733","192.168.1.55","192.168.1.2","TCP","1146","8004  >  36600 [ACK] Seq=288710 Ack=141 Win=65024 Len=1080 TSval=2916040166 TSecr=3045559940 [TCP segment of a reassembled PDU]"
"53325","36.085864492","192.168.1.2","192.168.1.55","TCP","66","36600  >  8004 [ACK] Seq=141 Ack=244902 Win=75776 Len=0 TSval=3045559940 TSecr=2916040151"
"53326","36.085897992","192.168.1.55","192.168.1.2","TCP","1514","8004  >  36600 [ACK] Seq=289790 Ack=141 Win=65024 Len=1448 TSval=2916040166 TSecr=3045559940 [TCP segment of a reassembled PDU]"
"53327","36.085899789","192.168.1.55","192.168.1.2","TCP","1514","8004  >  36600 [ACK] Seq=291238 Ack=141 Win=65024 Len=1448 TSval=2916040166 TSecr=3045559940 [TCP segment of a reassembled PDU]"
"53328","36.085901048","192.168.1.55","192.168.1.2","TCP","1514","8004  >  36600 [ACK] Seq=292686 Ack=141 Win=65024 Len=1448 TSval=2916040166 TSecr=3045559940 [TCP segment of a reassembled PDU]"
"53329","36.085902418","192.168.1.55","192.168.1.2","TCP","1514","8004  >  36600 [ACK] Seq=294134 Ack=141 Win=65024 Len=1448 TSval=2916040166 TSecr=3045559940 [TCP segment of a reassembled PDU]"
"53330","36.085903918","192.168.1.55","192.168.1.2","TCP","1514","8004  >  36600 [ACK] Seq=295582 Ack=141 Win=65024 Len=1448 TSval=2916040166 TSecr=3045559940 [TCP segment of a reassembled PDU]"
"53331","36.085905400","192.168.1.55","192.168.1.2","TCP","1514","8004  >  36600 [ACK] Seq=297030 Ack=141 Win=65024 Len=1448 TSval=2916040166 TSecr=3045559940 [TCP segment of a reassembled PDU]"
"53332","36.085907307","192.168.1.55","192.168.1.2","TCP","1514","8004  >  36600 [ACK] Seq=298478 Ack=141 Win=65024 Len=1448 TSval=2916040166 TSecr=3045559940 [TCP segment of a reassembled PDU]"
"53333","36.085909104","192.168.1.55","192.168.1.2","TCP","1514","8004  >  36600 [ACK] Seq=299926 Ack=141 Win=65024 Len=1448 TSval=2916040166 TSecr=3045559940 [TCP segment of a reassembled PDU]"
"53334","36.085910511","192.168.1.55","192.168.1.2","TCP","1514","8004  >  36600 [ACK] Seq=301374 Ack=141 Win=65024 Len=1448 TSval=2916040166 TSecr=3045559940 [TCP segment of a reassembled PDU]"
"53335","36.085911826","192.168.1.55","192.168.1.2","TCP","1514","8004  >  36600 [ACK] Seq=302822 Ack=141 Win=65024 Len=1448 TSval=2916040166 TSecr=3045559940 [TCP segment of a reassembled PDU]"
"53336","36.085913196","192.168.1.55","192.168.1.2","TCP","1514","8004  >  36600 [ACK] Seq=304270 Ack=141 Win=65024 Len=1448 TSval=2916040166 TSecr=3045559940 [TCP segment of a reassembled PDU]"
"53337","36.085914437","192.168.1.55","192.168.1.2","TCP","1514","8004  >  36600 [ACK] Seq=305718 Ack=141 Win=65024 Len=1448 TSval=2916040166 TSecr=3045559940 [TCP segment of a reassembled PDU]"
"53338","36.085915715","192.168.1.55","192.168.1.2","TCP","1514","8004  >  36600 [ACK] Seq=307166 Ack=141 Win=65024 Len=1448 TSval=2916040166 TSecr=3045559940 [TCP segment of a reassembled PDU]"
"53339","36.085917178","192.168.1.55","192.168.1.2","TCP","1514","8004  >  36600 [ACK] Seq=308614 Ack=141 Win=65024 Len=1448 TSval=2916040166 TSecr=3045559940 [TCP segment of a reassembled PDU]"
"53340","36.085919104","192.168.1.55","192.168.1.2","TCP","1514","8004  >  36600 [ACK] Seq=310062 Ack=141 Win=65024 Len=1448 TSval=2916040166 TSecr=3045559940 [TCP segment of a reassembled PDU]"
"53341","36.085921511","192.168.1.55","192.168.1.2","TCP","1514","8004  >  36600 [ACK] Seq=311510 Ack=141 Win=65024 Len=1448 TSval=2916040166 TSecr=3045559940 [TCP segment of a reassembled PDU]"
"53342","36.085922789","192.168.1.55","192.168.1.2","TCP","1514","8004  >  36600 [ACK] Seq=312958 Ack=141 Win=65024 Len=1448 TSval=2916040166 TSecr=3045559940 [TCP segment of a reassembled PDU]"
"53343","36.085924104","192.168.1.55","192.168.1.2","TCP","1514","8004  >  36600 [ACK] Seq=314406 Ack=141 Win=65024 Len=1448 TSval=2916040166 TSecr=3045559940 [TCP segment of a reassembled PDU]"
"53344","36.085925493","192.168.1.55","192.168.1.2","TCP","1514","8004  >  36600 [ACK] Seq=315854 Ack=141 Win=65024 Len=1448 TSval=2916040166 TSecr=3045559940 [TCP segment of a reassembled PDU]"
"53345","36.085926863","192.168.1.55","192.168.1.2","TCP","1514","8004  >  36600 [ACK] Seq=317302 Ack=141 Win=65024 Len=1448 TSval=2916040166 TSecr=3045559940 [TCP segment of a reassembled PDU]"
"53346","36.085928178","192.168.1.55","192.168.1.2","TCP","1514","8004  >  36600 [PSH, ACK] Seq=318750 Ack=141 Win=65024 Len=1448 TSval=2916040166 TSecr=3045559940 [TCP segment of a reassembled PDU]"
"53347","36.085932900","192.168.1.2","192.168.1.55","TCP","66","36600  >  8004 [ACK] Seq=141 Ack=278574 Win=69632 Len=0 TSval=3045559940 TSecr=2916040151"
"53348","36.085954770","192.168.1.55","192.168.1.2","TCP","1514","8004  >  36600 [ACK] Seq=320198 Ack=141 Win=65024 Len=1448 TSval=2916040166 TSecr=3045559940 [TCP segment of a reassembled PDU]"
"53349","36.085957585","192.168.1.55","192.168.1.2","TCP","1514","8004  >  36600 [ACK] Seq=321646 Ack=141 Win=65024 Len=1448 TSval=2916040166 TSecr=3045559940 [TCP segment of a reassembled PDU]"
"53350","36.085959215","192.168.1.55","192.168.1.2","TCP","1514","8004  >  36600 [ACK] Seq=323094 Ack=141 Win=65024 Len=1448 TSval=2916040166 TSecr=3045559940 [TCP segment of a reassembled PDU]"
"53351","36.085960548","192.168.1.55","192.168.1.2","TCP","1514","8004  >  36600 [ACK] Seq=324542 Ack=141 Win=65024 Len=1448 TSval=2916040166 TSecr=3045559940 [TCP segment of a reassembled PDU]"
"53352","36.085961863","192.168.1.55","192.168.1.2","TCP","1514","8004  >  36600 [ACK] Seq=325990 Ack=141 Win=65024 Len=1448 TSval=2916040166 TSecr=3045559940 [TCP segment of a reassembled PDU]"
"53353","36.085963289","192.168.1.55","192.168.1.2","TCP","1514","8004  >  36600 [ACK] Seq=327438 Ack=141 Win=65024 Len=1448 TSval=2916040166 TSecr=3045559940 [TCP segment of a reassembled PDU]"
"53354","36.085964567","192.168.1.55","192.168.1.2","TCP","1514","8004  >  36600 [ACK] Seq=328886 Ack=141 Win=65024 Len=1448 TSval=2916040166 TSecr=3045559940 [TCP segment of a reassembled PDU]"
"53355","36.085965826","192.168.1.55","192.168.1.2","TCP","1514","8004  >  36600 [ACK] Seq=330334 Ack=141 Win=65024 Len=1448 TSval=2916040166 TSecr=3045559940 [TCP segment of a reassembled PDU]"
"53356","36.085967289","192.168.1.55","192.168.1.2","TCP","1514","8004  >  36600 [ACK] Seq=331782 Ack=141 Win=65024 Len=1448 TSval=2916040166 TSecr=3045559940 [TCP segment of a reassembled PDU]"
"53357","36.085969307","192.168.1.55","192.168.1.2","TCP","1514","8004  >  36600 [PSH, ACK] Seq=333230 Ack=141 Win=65024 Len=1448 TSval=2916040166 TSecr=3045559940 [TCP segment of a reassembled PDU]"
"53358","36.085988604","192.168.1.55","192.168.1.2","TCP","1514","8004  >  36600 [ACK] Seq=334678 Ack=141 Win=65024 Len=1448 TSval=2916040166 TSecr=3045559940 [TCP segment of a reassembled PDU]"
"53359","36.085990882","192.168.1.55","192.168.1.2","TCP","1514","8004  >  36600 [ACK] Seq=336126 Ack=141 Win=65024 Len=1448 TSval=2916040166 TSecr=3045559940 [TCP segment of a reassembled PDU]"
"53360","36.085993030","192.168.1.55","192.168.1.2","TCP","1514","8004  >  36600 [ACK] Seq=337574 Ack=141 Win=65024 Len=1448 TSval=2916040166 TSecr=3045559940 [TCP segment of a reassembled PDU]"
"53361","36.085995456","192.168.1.55","192.168.1.2","TCP","1514","8004  >  36600 [ACK] Seq=339022 Ack=141 Win=65024 Len=1448 TSval=2916040166 TSecr=3045559940 [TCP segment of a reassembled PDU]"
"53362","36.085997030","192.168.1.55","192.168.1.2","TCP","1514","8004  >  36600 [ACK] Seq=340470 Ack=141 Win=65024 Len=1448 TSval=2916040166 TSecr=3045559940 [TCP segment of a reassembled PDU]"
"53363","36.085998456","192.168.1.55","192.168.1.2","TCP","1514","8004  >  36600 [ACK] Seq=341918 Ack=141 Win=65024 Len=1448 TSval=2916040166 TSecr=3045559940 [TCP segment of a reassembled PDU]"
"53364","36.085999715","192.168.1.55","192.168.1.2","TCP","1514","8004  >  36600 [ACK] Seq=343366 Ack=141 Win=65024 Len=1448 TSval=2916040166 TSecr=3045559940 [TCP segment of a reassembled PDU]"
"53365","36.086001104","192.168.1.55","192.168.1.2","TCP","1514","8004  >  36600 [ACK] Seq=344814 Ack=141 Win=65024 Len=1448 TSval=2916040166 TSecr=3045559940 [TCP segment of a reassembled PDU]"
"53366","36.086002641","192.168.1.55","192.168.1.2","TCP","1514","8004  >  36600 [PSH, ACK] Seq=346262 Ack=141 Win=65024 Len=1448 TSval=2916040166 TSecr=3045559940 [TCP segment of a reassembled PDU]"
"53367","36.091398705","192.168.1.2","192.168.1.55","TCP","66","36600  >  8004 [ACK] Seq=141 Ack=285814 Win=107520 Len=0 TSval=3045559946 TSecr=2916040166"
"53368","36.091430038","192.168.1.55","192.168.1.2","TCP","1514","8004  >  36600 [ACK] Seq=347710 Ack=141 Win=65024 Len=1448 TSval=2916040172 TSecr=3045559946 [TCP segment of a reassembled PDU]"
"53369","36.091432983","192.168.1.55","192.168.1.2","TCP","1514","8004  >  36600 [ACK] Seq=349158 Ack=141 Win=65024 Len=1448 TSval=2916040172 TSecr=3045559946 [TCP segment of a reassembled PDU]"
"53370","36.091434298","192.168.1.55","192.168.1.2","TCP","1514","8004  >  36600 [ACK] Seq=350606 Ack=141 Win=65024 Len=1448 TSval=2916040172 TSecr=3045559946 [TCP segment of a reassembled PDU]"
"53371","36.091435575","192.168.1.55","192.168.1.2","TCP","1514","8004  >  36600 [ACK] Seq=352054 Ack=141 Win=65024 Len=1448 TSval=2916040172 TSecr=3045559946 [TCP segment of a reassembled PDU]"
"53372","36.091436872","192.168.1.55","192.168.1.2","TCP","1514","8004  >  36600 [ACK] Seq=353502 Ack=141 Win=65024 Len=1448 TSval=2916040172 TSecr=3045559946 [TCP segment of a reassembled PDU]"
"53373","36.091438150","192.168.1.55","192.168.1.2","TCP","1514","8004  >  36600 [ACK] Seq=354950 Ack=141 Win=65024 Len=1448 TSval=2916040172 TSecr=3045559946 [TCP segment of a reassembled PDU]"
"53374","36.091439575","192.168.1.55","192.168.1.2","TCP","1514","8004  >  36600 [ACK] Seq=356398 Ack=141 Win=65024 Len=1448 TSval=2916040172 TSecr=3045559946 [TCP segment of a reassembled PDU]"
"53375","36.091440853","192.168.1.55","192.168.1.2","TCP","1514","8004  >  36600 [ACK] Seq=357846 Ack=141 Win=65024 Len=1448 TSval=2916040172 TSecr=3045559946 [TCP segment of a reassembled PDU]"
"53376","36.091442168","192.168.1.55","192.168.1.2","TCP","1514","8004  >  36600 [ACK] Seq=359294 Ack=141 Win=65024 Len=1448 TSval=2916040172 TSecr=3045559946 [TCP segment of a reassembled PDU]"
"53377","36.091443668","192.168.1.55","192.168.1.2","TCP","1514","8004  >  36600 [ACK] Seq=360742 Ack=141 Win=65024 Len=1448 TSval=2916040172 TSecr=3045559946 [TCP segment of a reassembled PDU]"
"53378","36.091444964","192.168.1.55","192.168.1.2","TCP","1514","8004  >  36600 [ACK] Seq=362190 Ack=141 Win=65024 Len=1448 TSval=2916040172 TSecr=3045559946 [TCP segment of a reassembled PDU]"
"53379","36.091446372","192.168.1.55","192.168.1.2","TCP","1514","8004  >  36600 [ACK] Seq=363638 Ack=141 Win=65024 Len=1448 TSval=2916040172 TSecr=3045559946 [TCP segment of a reassembled PDU]"
"53380","36.091447761","192.168.1.55","192.168.1.2","TCP","1514","8004  >  36600 [ACK] Seq=365086 Ack=141 Win=65024 Len=1448 TSval=2916040172 TSecr=3045559946 [TCP segment of a reassembled PDU]"
"53381","36.091449020","192.168.1.55","192.168.1.2","TCP","1514","8004  >  36600 [ACK] Seq=366534 Ack=141 Win=65024 Len=1448 TSval=2916040172 TSecr=3045559946 [TCP segment of a reassembled PDU]"
"53382","36.091450372","192.168.1.55","192.168.1.2","TCP","1514","8004  >  36600 [ACK] Seq=367982 Ack=141 Win=65024 Len=1448 TSval=2916040172 TSecr=3045559946 [TCP segment of a reassembled PDU]"
"53383","36.091451687","192.168.1.55","192.168.1.2","TCP","1514","8004  >  36600 [ACK] Seq=369430 Ack=141 Win=65024 Len=1448 TSval=2916040172 TSecr=3045559946 [TCP segment of a reassembled PDU]"
"53384","36.091453205","192.168.1.55","192.168.1.2","TCP","1514","8004  >  36600 [ACK] Seq=370878 Ack=141 Win=65024 Len=1448 TSval=2916040172 TSecr=3045559946 [TCP segment of a reassembled PDU]"
"53385","36.091454501","192.168.1.55","192.168.1.2","TCP","1514","8004  >  36600 [ACK] Seq=372326 Ack=141 Win=65024 Len=1448 TSval=2916040172 TSecr=3045559946 [TCP segment of a reassembled PDU]"
"53386","36.091455798","192.168.1.55","192.168.1.2","TCP","1514","8004  >  36600 [ACK] Seq=373774 Ack=141 Win=65024 Len=1448 TSval=2916040172 TSecr=3045559946 [TCP segment of a reassembled PDU]"
"53387","36.091457187","192.168.1.55","192.168.1.2","TCP","1514","8004  >  36600 [ACK] Seq=375222 Ack=141 Win=65024 Len=1448 TSval=2916040172 TSecr=3045559946 [TCP segment of a reassembled PDU]"
"53388","36.091458464","192.168.1.55","192.168.1.2","TCP","1514","8004  >  36600 [ACK] Seq=376670 Ack=141 Win=65024 Len=1448 TSval=2916040172 TSecr=3045559946 [TCP segment of a reassembled PDU]"
"53389","36.091460020","192.168.1.55","192.168.1.2","TCP","1514","8004  >  36600 [PSH, ACK] Seq=378118 Ack=141 Win=65024 Len=1448 TSval=2916040172 TSecr=3045559946 [TCP segment of a reassembled PDU]"
"53390","36.092367966","192.168.1.2","192.168.1.55","TCP","66","36600  >  8004 [ACK] Seq=141 Ack=289790 Win=107520 Len=0 TSval=3045559946 TSecr=2916040166"
"53391","36.092376836","192.168.1.2","192.168.1.55","TCP","66","36600  >  8004 [ACK] Seq=141 Ack=320198 Win=107520 Len=0 TSval=3045559946 TSecr=2916040166"
"53392","36.092411688","192.168.1.55","192.168.1.2","TCP","1514","8004  >  36600 [ACK] Seq=379566 Ack=141 Win=65024 Len=1448 TSval=2916040173 TSecr=3045559946 [TCP segment of a reassembled PDU]"
"53393","36.092413799","192.168.1.55","192.168.1.2","TCP","1514","8004  >  36600 [ACK] Seq=381014 Ack=141 Win=65024 Len=1448 TSval=2916040173 TSecr=3045559946 [TCP segment of a reassembled PDU]"
"53394","36.092415225","192.168.1.55","192.168.1.2","TCP","1514","8004  >  36600 [ACK] Seq=382462 Ack=141 Win=65024 Len=1448 TSval=2916040173 TSecr=3045559946 [TCP segment of a reassembled PDU]"
"53395","36.092416651","192.168.1.55","192.168.1.2","TCP","1514","8004  >  36600 [ACK] Seq=383910 Ack=141 Win=65024 Len=1448 TSval=2916040173 TSecr=3045559946 [TCP segment of a reassembled PDU]"
"53396","36.092418244","192.168.1.55","192.168.1.2","TCP","1514","8004  >  36600 [ACK] Seq=385358 Ack=141 Win=65024 Len=1448 TSval=2916040173 TSecr=3045559946 [TCP segment of a reassembled PDU]"
"53397","36.092419688","192.168.1.55","192.168.1.2","TCP","1514","8004  >  36600 [ACK] Seq=386806 Ack=141 Win=65024 Len=1448 TSval=2916040173 TSecr=3045559946 [TCP segment of a reassembled PDU]"
"53398","36.092421040","192.168.1.55","192.168.1.2","TCP","1514","8004  >  36600 [ACK] Seq=388254 Ack=141 Win=65024 Len=1448 TSval=2916040173 TSecr=3045559946 [TCP segment of a reassembled PDU]"
"53399","36.092422596","192.168.1.55","192.168.1.2","TCP","1514","8004  >  36600 [ACK] Seq=389702 Ack=141 Win=65024 Len=1448 TSval=2916040173 TSecr=3045559946 [TCP segment of a reassembled PDU]"
"53400","36.092424096","192.168.1.55","192.168.1.2","TCP","1514","8004  >  36600 [ACK] Seq=391150 Ack=141 Win=65024 Len=1448 TSval=2916040173 TSecr=3045559946 [TCP segment of a reassembled PDU]"
"53401","36.092425725","192.168.1.55","192.168.1.2","TCP","1514","8004  >  36600 [ACK] Seq=392598 Ack=141 Win=65024 Len=1448 TSval=2916040173 TSecr=3045559946 [TCP segment of a reassembled PDU]"
"53402","36.092427151","192.168.1.55","192.168.1.2","TCP","1514","8004  >  36600 [ACK] Seq=394046 Ack=141 Win=65024 Len=1448 TSval=2916040173 TSecr=3045559946 [TCP segment of a reassembled PDU]"
"53403","36.092428447","192.168.1.55","192.168.1.2","TCP","1514","8004  >  36600 [ACK] Seq=395494 Ack=141 Win=65024 Len=1448 TSval=2916040173 TSecr=3045559946 [TCP segment of a reassembled PDU]"
"53404","36.092429799","192.168.1.55","192.168.1.2","TCP","1514","8004  >  36600 [ACK] Seq=396942 Ack=141 Win=65024 Len=1448 TSval=2916040173 TSecr=3045559946 [TCP segment of a reassembled PDU]"
"53405","36.092431188","192.168.1.55","192.168.1.2","TCP","1514","8004  >  36600 [ACK] Seq=398390 Ack=141 Win=65024 Len=1448 TSval=2916040173 TSecr=3045559946 [TCP segment of a reassembled PDU]"
"53406","36.092432596","192.168.1.55","192.168.1.2","TCP","1514","8004  >  36600 [ACK] Seq=399838 Ack=141 Win=65024 Len=1448 TSval=2916040173 TSecr=3045559946 [TCP segment of a reassembled PDU]"
"53407","36.092434040","192.168.1.55","192.168.1.2","TCP","1514","8004  >  36600 [ACK] Seq=401286 Ack=141 Win=65024 Len=1448 TSval=2916040173 TSecr=3045559946 [TCP segment of a reassembled PDU]"
"53408","36.092435336","192.168.1.55","192.168.1.2","TCP","1514","8004  >  36600 [ACK] Seq=402734 Ack=141 Win=65024 Len=1448 TSval=2916040173 TSecr=3045559946 [TCP segment of a reassembled PDU]"
"53409","36.092436744","192.168.1.55","192.168.1.2","TCP","1514","8004  >  36600 [ACK] Seq=404182 Ack=141 Win=65024 Len=1448 TSval=2916040173 TSecr=3045559946 [TCP segment of a reassembled PDU]"
"53410","36.092438133","192.168.1.55","192.168.1.2","TCP","1514","8004  >  36600 [ACK] Seq=405630 Ack=141 Win=65024 Len=1448 TSval=2916040173 TSecr=3045559946 [TCP segment of a reassembled PDU]"
"53411","36.092439762","192.168.1.55","192.168.1.2","TCP","1514","8004  >  36600 [ACK] Seq=407078 Ack=141 Win=65024 Len=1448 TSval=2916040173 TSecr=3045559946 [TCP segment of a reassembled PDU]"
"53412","36.092441077","192.168.1.55","192.168.1.2","TCP","1514","8004  >  36600 [ACK] Seq=408526 Ack=141 Win=65024 Len=1448 TSval=2916040173 TSecr=3045559946 [TCP segment of a reassembled PDU]"
"53413","36.092442355","192.168.1.55","192.168.1.2","TCP","1514","8004  >  36600 [ACK] Seq=409974 Ack=141 Win=65024 Len=1448 TSval=2916040173 TSecr=3045559946 [TCP segment of a reassembled PDU]"
"53414","36.092443744","192.168.1.55","192.168.1.2","TCP","1514","8004  >  36600 [ACK] Seq=411422 Ack=141 Win=65024 Len=1448 TSval=2916040173 TSecr=3045559946 [TCP segment of a reassembled PDU]"
"53415","36.092445133","192.168.1.55","192.168.1.2","TCP","1514","8004  >  36600 [ACK] Seq=412870 Ack=141 Win=65024 Len=1448 TSval=2916040173 TSecr=3045559946 [TCP segment of a reassembled PDU]"
"53416","36.092446577","192.168.1.55","192.168.1.2","TCP","1514","8004  >  36600 [ACK] Seq=414318 Ack=141 Win=65024 Len=1448 TSval=2916040173 TSecr=3045559946 [TCP segment of a reassembled PDU]"
"53417","36.092448096","192.168.1.55","192.168.1.2","TCP","1514","8004  >  36600 [ACK] Seq=415766 Ack=141 Win=65024 Len=1448 TSval=2916040173 TSecr=3045559946 [TCP segment of a reassembled PDU]"
"53418","36.092449447","192.168.1.55","192.168.1.2","TCP","1514","8004  >  36600 [ACK] Seq=417214 Ack=141 Win=65024 Len=1448 TSval=2916040173 TSecr=3045559946 [TCP segment of a reassembled PDU]"
"53419","36.092450892","192.168.1.55","192.168.1.2","TCP","1514","8004  >  36600 [ACK] Seq=418662 Ack=141 Win=65024 Len=1448 TSval=2916040173 TSecr=3045559946 [TCP segment of a reassembled PDU]"
"53420","36.092452299","192.168.1.55","192.168.1.2","TCP","1514","8004  >  36600 [ACK] Seq=420110 Ack=141 Win=65024 Len=1448 TSval=2916040173 TSecr=3045559946 [TCP segment of a reassembled PDU]"
"53421","36.092453688","192.168.1.55","192.168.1.2","TCP","1514","8004  >  36600 [ACK] Seq=421558 Ack=141 Win=65024 Len=1448 TSval=2916040173 TSecr=3045559946 [TCP segment of a reassembled PDU]"
"53422","36.092455077","192.168.1.55","192.168.1.2","TCP","1514","8004  >  36600 [PSH, ACK] Seq=423006 Ack=141 Win=65024 Len=1448 TSval=2916040173 TSecr=3045559946 [TCP segment of a reassembled PDU]"
"53423","36.092460633","192.168.1.2","192.168.1.55","TCP","66","36600  >  8004 [ACK] Seq=141 Ack=337574 Win=113664 Len=0 TSval=3045559946 TSecr=2916040166"
"53424","36.092469799","192.168.1.2","192.168.1.55","TCP","66","36600  >  8004 [ACK] Seq=141 Ack=347710 Win=131072 Len=0 TSval=3045559946 TSecr=2916040166"
"53425","36.092503207","192.168.1.55","192.168.1.2","TCP","1514","8004  >  36600 [ACK] Seq=424454 Ack=141 Win=65024 Len=1448 TSval=2916040173 TSecr=3045559946 [TCP segment of a reassembled PDU]"
"53426","36.092505873","192.168.1.55","192.168.1.2","TCP","1514","8004  >  36600 [ACK] Seq=425902 Ack=141 Win=65024 Len=1448 TSval=2916040173 TSecr=3045559946 [TCP segment of a reassembled PDU]"
"53427","36.092507244","192.168.1.55","192.168.1.2","TCP","1514","8004  >  36600 [ACK] Seq=427350 Ack=141 Win=65024 Len=1448 TSval=2916040173 TSecr=3045559946 [TCP segment of a reassembled PDU]"
"53428","36.092508540","192.168.1.55","192.168.1.2","TCP","1514","8004  >  36600 [ACK] Seq=428798 Ack=141 Win=65024 Len=1448 TSval=2916040173 TSecr=3045559946 [TCP segment of a reassembled PDU]"
"53429","36.092510003","192.168.1.55","192.168.1.2","TCP","1514","8004  >  36600 [ACK] Seq=430246 Ack=141 Win=65024 Len=1448 TSval=2916040173 TSecr=3045559946 [TCP segment of a reassembled PDU]"
"53430","36.092511355","192.168.1.55","192.168.1.2","TCP","1514","8004  >  36600 [ACK] Seq=431694 Ack=141 Win=65024 Len=1448 TSval=2916040173 TSecr=3045559946 [TCP segment of a reassembled PDU]"
"53431","36.092512762","192.168.1.55","192.168.1.2","TCP","1514","8004  >  36600 [ACK] Seq=433142 Ack=141 Win=65024 Len=1448 TSval=2916040173 TSecr=3045559946 [TCP segment of a reassembled PDU]"
"53432","36.092514096","192.168.1.55","192.168.1.2","TCP","1514","8004  >  36600 [ACK] Seq=434590 Ack=141 Win=65024 Len=1448 TSval=2916040173 TSecr=3045559946 [TCP segment of a reassembled PDU]"
"53433","36.092515466","192.168.1.55","192.168.1.2","TCP","1514","8004  >  36600 [ACK] Seq=436038 Ack=141 Win=65024 Len=1448 TSval=2916040173 TSecr=3045559946 [TCP segment of a reassembled PDU]"
"53434","36.092516911","192.168.1.55","192.168.1.2","TCP","1514","8004  >  36600 [ACK] Seq=437486 Ack=141 Win=65024 Len=1448 TSval=2916040173 TSecr=3045559946 [TCP segment of a reassembled PDU]"
"53435","36.092518281","192.168.1.55","192.168.1.2","TCP","1514","8004  >  36600 [ACK] Seq=438934 Ack=141 Win=65024 Len=1448 TSval=2916040173 TSecr=3045559946 [TCP segment of a reassembled PDU]"
"53436","36.092519670","192.168.1.55","192.168.1.2","TCP","1514","8004  >  36600 [ACK] Seq=440382 Ack=141 Win=65024 Len=1448 TSval=2916040173 TSecr=3045559946 [TCP segment of a reassembled PDU]"
"53437","36.092521003","192.168.1.55","192.168.1.2","TCP","1514","8004  >  36600 [ACK] Seq=441830 Ack=141 Win=65024 Len=1448 TSval=2916040173 TSecr=3045559946 [TCP segment of a reassembled PDU]"
"53438","36.092522299","192.168.1.55","192.168.1.2","TCP","1514","8004  >  36600 [ACK] Seq=443278 Ack=141 Win=65024 Len=1448 TSval=2916040173 TSecr=3045559946 [TCP segment of a reassembled PDU]"
"53439","36.092523707","192.168.1.55","192.168.1.2","TCP","1514","8004  >  36600 [ACK] Seq=444726 Ack=141 Win=65024 Len=1448 TSval=2916040173 TSecr=3045559946 [TCP segment of a reassembled PDU]"
"53440","36.092525059","192.168.1.55","192.168.1.2","TCP","1514","8004  >  36600 [ACK] Seq=446174 Ack=141 Win=65024 Len=1448 TSval=2916040173 TSecr=3045559946 [TCP segment of a reassembled PDU]"
"53441","36.092526466","192.168.1.55","192.168.1.2","TCP","1514","8004  >  36600 [ACK] Seq=447622 Ack=141 Win=65024 Len=1448 TSval=2916040173 TSecr=3045559946 [TCP segment of a reassembled PDU]"
"53442","36.092528485","192.168.1.55","192.168.1.2","TCP","1514","8004  >  36600 [ACK] Seq=449070 Ack=141 Win=65024 Len=1448 TSval=2916040173 TSecr=3045559946 [TCP segment of a reassembled PDU]"
"53443","36.092529781","192.168.1.55","192.168.1.2","TCP","1514","8004  >  36600 [ACK] Seq=450518 Ack=141 Win=65024 Len=1448 TSval=2916040173 TSecr=3045559946 [TCP segment of a reassembled PDU]"
"53444","36.092531262","192.168.1.55","192.168.1.2","TCP","1514","8004  >  36600 [ACK] Seq=451966 Ack=141 Win=65024 Len=1448 TSval=2916040173 TSecr=3045559946 [TCP segment of a reassembled PDU]"
"53445","36.092532540","192.168.1.55","192.168.1.2","TCP","1514","8004  >  36600 [ACK] Seq=453414 Ack=141 Win=65024 Len=1448 TSval=2916040173 TSecr=3045559946 [TCP segment of a reassembled PDU]"
"53446","36.092534022","192.168.1.55","192.168.1.2","TCP","1514","8004  >  36600 [ACK] Seq=454862 Ack=141 Win=65024 Len=1448 TSval=2916040173 TSecr=3045559946 [TCP segment of a reassembled PDU]"
"53447","36.092535688","192.168.1.55","192.168.1.2","TCP","1514","8004  >  36600 [ACK] Seq=456310 Ack=141 Win=65024 Len=1448 TSval=2916040173 TSecr=3045559946 [TCP segment of a reassembled PDU]"
"53448","36.092537077","192.168.1.55","192.168.1.2","TCP","1514","8004  >  36600 [ACK] Seq=457758 Ack=141 Win=65024 Len=1448 TSval=2916040173 TSecr=3045559946 [TCP segment of a reassembled PDU]"
"53449","36.092538522","192.168.1.55","192.168.1.2","TCP","1514","8004  >  36600 [ACK] Seq=459206 Ack=141 Win=65024 Len=1448 TSval=2916040173 TSecr=3045559946 [TCP segment of a reassembled PDU]"
"53450","36.092539892","192.168.1.55","192.168.1.2","TCP","1514","8004  >  36600 [ACK] Seq=460654 Ack=141 Win=65024 Len=1448 TSval=2916040173 TSecr=3045559946 [TCP segment of a reassembled PDU]"
"53451","36.092541151","192.168.1.55","192.168.1.2","TCP","1514","8004  >  36600 [ACK] Seq=462102 Ack=141 Win=65024 Len=1448 TSval=2916040173 TSecr=3045559946 [TCP segment of a reassembled PDU]"
"53452","36.092542577","192.168.1.55","192.168.1.2","TCP","1514","8004  >  36600 [ACK] Seq=463550 Ack=141 Win=65024 Len=1448 TSval=2916040173 TSecr=3045559946 [TCP segment of a reassembled PDU]"
"53453","36.092544077","192.168.1.55","192.168.1.2","TCP","1514","8004  >  36600 [ACK] Seq=464998 Ack=141 Win=65024 Len=1448 TSval=2916040173 TSecr=3045559946 [TCP segment of a reassembled PDU]"
"53454","36.092545485","192.168.1.55","192.168.1.2","TCP","1514","8004  >  36600 [ACK] Seq=466446 Ack=141 Win=65024 Len=1448 TSval=2916040173 TSecr=3045559946 [TCP segment of a reassembled PDU]"
"53455","36.092546762","192.168.1.55","192.168.1.2","TCP","1514","8004  >  36600 [PSH, ACK] Seq=467894 Ack=141 Win=65024 Len=1448 TSval=2916040173 TSecr=3045559946 [TCP segment of a reassembled PDU]"
"53456","36.093244782","192.168.1.55","192.168.1.2","TCP","1514","8004  >  36600 [ACK] Seq=469342 Ack=141 Win=65024 Len=1448 TSval=2916040173 TSecr=3045559946 [TCP segment of a reassembled PDU]"
"53457","36.093247523","192.168.1.55","192.168.1.2","TCP","1514","8004  >  36600 [ACK] Seq=470790 Ack=141 Win=65024 Len=1448 TSval=2916040173 TSecr=3045559946 [TCP segment of a reassembled PDU]"
"53458","36.093248893","192.168.1.55","192.168.1.2","TCP","1514","8004  >  36600 [ACK] Seq=472238 Ack=141 Win=65024 Len=1448 TSval=2916040173 TSecr=3045559946 [TCP segment of a reassembled PDU]"
"53459","36.093250486","192.168.1.55","192.168.1.2","TCP","1514","8004  >  36600 [ACK] Seq=473686 Ack=141 Win=65024 Len=1448 TSval=2916040173 TSecr=3045559946 [TCP segment of a reassembled PDU]"
"53460","36.093251838","192.168.1.55","192.168.1.2","TCP","1514","8004  >  36600 [ACK] Seq=475134 Ack=141 Win=65024 Len=1448 TSval=2916040173 TSecr=3045559946 [TCP segment of a reassembled PDU]"
"53461","36.093253134","192.168.1.55","192.168.1.2","TCP","1514","8004  >  36600 [ACK] Seq=476582 Ack=141 Win=65024 Len=1448 TSval=2916040173 TSecr=3045559946 [TCP segment of a reassembled PDU]"
"53462","36.093258801","192.168.1.55","192.168.1.2","TCP","818","[TCP Window Full] 8004  >  36600 [PSH, ACK] Seq=478030 Ack=141 Win=65024 Len=752 TSval=2916040173 TSecr=3045559946 [TCP segment of a reassembled PDU]"
"53463","36.099767533","192.168.1.2","192.168.1.55","TCP","66","36600  >  8004 [ACK] Seq=141 Ack=379566 Win=126976 Len=0 TSval=3045559955 TSecr=2916040172"
"53464","36.099813348","192.168.1.55","192.168.1.2","TCP","1514","8004  >  36600 [ACK] Seq=478782 Ack=141 Win=65024 Len=1448 TSval=2916040180 TSecr=3045559955 [TCP segment of a reassembled PDU]"
"53465","36.099817496","192.168.1.55","192.168.1.2","TCP","1514","8004  >  36600 [ACK] Seq=480230 Ack=141 Win=65024 Len=1448 TSval=2916040180 TSecr=3045559955 [TCP segment of a reassembled PDU]"
"53466","36.099818848","192.168.1.55","192.168.1.2","TCP","1514","8004  >  36600 [ACK] Seq=481678 Ack=141 Win=65024 Len=1448 TSval=2916040180 TSecr=3045559955 [TCP segment of a reassembled PDU]"
"53467","36.099820293","192.168.1.55","192.168.1.2","TCP","1514","8004  >  36600 [ACK] Seq=483126 Ack=141 Win=65024 Len=1448 TSval=2916040180 TSecr=3045559955 [TCP segment of a reassembled PDU]"
"53468","36.099821682","192.168.1.55","192.168.1.2","TCP","1514","8004  >  36600 [ACK] Seq=484574 Ack=141 Win=65024 Len=1448 TSval=2916040180 TSecr=3045559955 [TCP segment of a reassembled PDU]"
"53469","36.099822959","192.168.1.55","192.168.1.2","TCP","1514","8004  >  36600 [ACK] Seq=486022 Ack=141 Win=65024 Len=1448 TSval=2916040180 TSecr=3045559955 [TCP segment of a reassembled PDU]"
"53470","36.099824367","192.168.1.55","192.168.1.2","TCP","1514","8004  >  36600 [ACK] Seq=487470 Ack=141 Win=65024 Len=1448 TSval=2916040180 TSecr=3045559955 [TCP segment of a reassembled PDU]"
"53471","36.099825737","192.168.1.55","192.168.1.2","TCP","1514","8004  >  36600 [ACK] Seq=488918 Ack=141 Win=65024 Len=1448 TSval=2916040180 TSecr=3045559955 [TCP segment of a reassembled PDU]"
"53472","36.099827145","192.168.1.55","192.168.1.2","TCP","1514","8004  >  36600 [ACK] Seq=490366 Ack=141 Win=65024 Len=1448 TSval=2916040180 TSecr=3045559955 [TCP segment of a reassembled PDU]"
"53473","36.099828533","192.168.1.55","192.168.1.2","TCP","1514","8004  >  36600 [ACK] Seq=491814 Ack=141 Win=65024 Len=1448 TSval=2916040180 TSecr=3045559955 [TCP segment of a reassembled PDU]"
"53474","36.099830256","192.168.1.55","192.168.1.2","TCP","1514","8004  >  36600 [ACK] Seq=493262 Ack=141 Win=65024 Len=1448 TSval=2916040180 TSecr=3045559955 [TCP segment of a reassembled PDU]"
"53475","36.099831589","192.168.1.55","192.168.1.2","TCP","1514","8004  >  36600 [ACK] Seq=494710 Ack=141 Win=65024 Len=1448 TSval=2916040180 TSecr=3045559955 [TCP segment of a reassembled PDU]"
"53476","36.099832904","192.168.1.55","192.168.1.2","TCP","1514","8004  >  36600 [ACK] Seq=496158 Ack=141 Win=65024 Len=1448 TSval=2916040180 TSecr=3045559955 [TCP segment of a reassembled PDU]"
"53477","36.099834200","192.168.1.55","192.168.1.2","TCP","1514","8004  >  36600 [PSH, ACK] Seq=497606 Ack=141 Win=65024 Len=1448 TSval=2916040180 TSecr=3045559955 [TCP segment of a reassembled PDU]"
"53478","36.099840719","192.168.1.55","192.168.1.2","HTTP","720","HTTP/1.0 200 OK  (PNG)"
"53479","36.099932515","192.168.1.2","192.168.1.55","TCP","66","36600  >  8004 [ACK] Seq=141 Ack=424454 Win=83968 Len=0 TSval=3045559955 TSecr=2916040173"
"53480","36.099942497","192.168.1.2","192.168.1.55","TCP","66","36600  >  8004 [ACK] Seq=141 Ack=467894 Win=117760 Len=0 TSval=3045559955 TSecr=2916040173"
"53481","36.099950200","192.168.1.2","192.168.1.55","TCP","66","36600  >  8004 [ACK] Seq=141 Ack=475134 Win=110592 Len=0 TSval=3045559955 TSecr=2916040173"
"53482","36.100560442","192.168.1.2","192.168.1.55","TCP","66","36600  >  8004 [ACK] Seq=141 Ack=478782 Win=138240 Len=0 TSval=3045559955 TSecr=2916040173"
"53483","36.102968390","192.168.1.2","192.168.1.55","TCP","66","36600  >  8004 [ACK] Seq=141 Ack=499054 Win=138240 Len=0 TSval=3045559958 TSecr=2916040180"
"53484","36.104398930","192.168.1.2","192.168.1.55","TCP","66","36600  >  8004 [FIN, ACK] Seq=141 Ack=499709 Win=141312 Len=0 TSval=3045559959 TSecr=2916040180"
"53485","36.104412930","192.168.1.55","192.168.1.2","TCP","66","8004  >  36600 [ACK] Seq=499709 Ack=142 Win=65024 Len=0 TSval=2916040185 TSecr=3045559959"
"53486","36.105994247","192.168.1.2","192.168.1.55","TCP","74","36610  >  8004 [SYN] Seq=0 Win=64240 Len=0 MSS=1460 SACK_PERM TSval=3045559961 TSecr=0 WS=1024"
"53487","36.106018099","192.168.1.55","192.168.1.2","TCP","74","8004  >  36610 [SYN, ACK] Seq=0 Ack=1 Win=65160 Len=0 MSS=1460 SACK_PERM TSval=2916040186 TSecr=3045559961 WS=128"
"53488","36.109464827","192.168.1.2","192.168.1.55","TCP","66","36610  >  8004 [ACK] Seq=1 Ack=1 Win=64512 Len=0 TSval=3045559964 TSecr=2916040186"
"53489","36.112691832","192.168.1.2","192.168.1.55","HTTP","209","GET /original_benchmark.png HTTP/1.1 "
"53490","36.112709406","192.168.1.55","192.168.1.2","TCP","66","8004  >  36610 [ACK] Seq=1 Ack=144 Win=65024 Len=0 TSval=2916040193 TSecr=3045559964"
"53491","36.113199333","192.168.1.55","192.168.1.2","TCP","255","8004  >  36610 [PSH, ACK] Seq=1 Ack=144 Win=65024 Len=189 TSval=2916040193 TSecr=3045559964 [TCP segment of a reassembled PDU]"
"53492","36.113311759","192.168.1.55","192.168.1.2","TCP","1514","8004  >  36610 [ACK] Seq=190 Ack=144 Win=65024 Len=1448 TSval=2916040193 TSecr=3045559964 [TCP segment of a reassembled PDU]"
"53493","36.113316555","192.168.1.55","192.168.1.2","TCP","1514","8004  >  36610 [ACK] Seq=1638 Ack=144 Win=65024 Len=1448 TSval=2916040193 TSecr=3045559964 [TCP segment of a reassembled PDU]"
"53494","36.113318074","192.168.1.55","192.168.1.2","TCP","1514","8004  >  36610 [ACK] Seq=3086 Ack=144 Win=65024 Len=1448 TSval=2916040193 TSecr=3045559964 [TCP segment of a reassembled PDU]"
"53495","36.113319814","192.168.1.55","192.168.1.2","TCP","1514","8004  >  36610 [ACK] Seq=4534 Ack=144 Win=65024 Len=1448 TSval=2916040193 TSecr=3045559964 [TCP segment of a reassembled PDU]"
"53496","36.113321592","192.168.1.55","192.168.1.2","TCP","1514","8004  >  36610 [PSH, ACK] Seq=5982 Ack=144 Win=65024 Len=1448 TSval=2916040193 TSecr=3045559964 [TCP segment of a reassembled PDU]"
"53497","36.113345500","192.168.1.55","192.168.1.2","TCP","1514","8004  >  36610 [ACK] Seq=7430 Ack=144 Win=65024 Len=1448 TSval=2916040194 TSecr=3045559964 [TCP segment of a reassembled PDU]"
"53498","36.113347611","192.168.1.55","192.168.1.2","TCP","1514","8004  >  36610 [ACK] Seq=8878 Ack=144 Win=65024 Len=1448 TSval=2916040194 TSecr=3045559964 [TCP segment of a reassembled PDU]"
"53499","36.113348907","192.168.1.55","192.168.1.2","TCP","1514","8004  >  36610 [ACK] Seq=10326 Ack=144 Win=65024 Len=1448 TSval=2916040194 TSecr=3045559964 [TCP segment of a reassembled PDU]"
"53500","36.113350314","192.168.1.55","192.168.1.2","TCP","1514","8004  >  36610 [PSH, ACK] Seq=11774 Ack=144 Win=65024 Len=1448 TSval=2916040194 TSecr=3045559964 [TCP segment of a reassembled PDU]"
"53501","36.117554284","192.168.1.2","192.168.1.55","TCP","66","36610  >  8004 [ACK] Seq=144 Ack=190 Win=64512 Len=0 TSval=3045559971 TSecr=2916040193"
"53502","36.117702766","192.168.1.55","192.168.1.2","TCP","1514","8004  >  36610 [ACK] Seq=13222 Ack=144 Win=65024 Len=1448 TSval=2916040198 TSecr=3045559971 [TCP segment of a reassembled PDU]"
"53503","36.117719396","192.168.1.55","192.168.1.2","TCP","1514","8004  >  36610 [PSH, ACK] Seq=14670 Ack=144 Win=65024 Len=1448 TSval=2916040198 TSecr=3045559971 [TCP segment of a reassembled PDU]"
"53504","36.117966155","192.168.1.2","192.168.1.55","TCP","66","36610  >  8004 [ACK] Seq=144 Ack=4534 Win=64512 Len=0 TSval=3045559971 TSecr=2916040193"
"53505","36.118061785","192.168.1.55","192.168.1.2","TCP","1514","8004  >  36610 [ACK] Seq=16118 Ack=144 Win=65024 Len=1448 TSval=2916040198 TSecr=3045559971 [TCP segment of a reassembled PDU]"
"53506","36.118069878","192.168.1.55","192.168.1.2","TCP","1514","8004  >  36610 [ACK] Seq=17566 Ack=144 Win=65024 Len=1448 TSval=2916040198 TSecr=3045559971 [TCP segment of a reassembled PDU]"
"53507","36.118071989","192.168.1.55","192.168.1.2","TCP","1514","8004  >  36610 [ACK] Seq=19014 Ack=144 Win=65024 Len=1448 TSval=2916040198 TSecr=3045559971 [TCP segment of a reassembled PDU]"
"53508","36.118073507","192.168.1.55","192.168.1.2","TCP","1514","8004  >  36610 [ACK] Seq=20462 Ack=144 Win=65024 Len=1448 TSval=2916040198 TSecr=3045559971 [TCP segment of a reassembled PDU]"
"53509","36.118075081","192.168.1.55","192.168.1.2","TCP","1514","8004  >  36610 [ACK] Seq=21910 Ack=144 Win=65024 Len=1448 TSval=2916040198 TSecr=3045559971 [TCP segment of a reassembled PDU]"
"53510","36.118077026","192.168.1.55","192.168.1.2","TCP","1514","8004  >  36610 [PSH, ACK] Seq=23358 Ack=144 Win=65024 Len=1448 TSval=2916040198 TSecr=3045559971 [TCP segment of a reassembled PDU]"
"53511","36.118089507","192.168.1.2","192.168.1.55","TCP","66","36610  >  8004 [ACK] Seq=144 Ack=7430 Win=67584 Len=0 TSval=3045559972 TSecr=2916040193"
"53512","36.118103878","192.168.1.2","192.168.1.55","TCP","66","36610  >  8004 [ACK] Seq=144 Ack=13222 Win=63488 Len=0 TSval=3045559972 TSecr=2916040194"
"53513","36.118143322","192.168.1.55","192.168.1.2","TCP","1514","8004  >  36610 [ACK] Seq=24806 Ack=144 Win=65024 Len=1448 TSval=2916040198 TSecr=3045559972 [TCP segment of a reassembled PDU]"
"53514","36.118147341","192.168.1.55","192.168.1.2","TCP","1514","8004  >  36610 [ACK] Seq=26254 Ack=144 Win=65024 Len=1448 TSval=2916040198 TSecr=3045559972 [TCP segment of a reassembled PDU]"
"53515","36.118149896","192.168.1.55","192.168.1.2","TCP","1514","8004  >  36610 [ACK] Seq=27702 Ack=144 Win=65024 Len=1448 TSval=2916040198 TSecr=3045559972 [TCP segment of a reassembled PDU]"
"53516","36.118152044","192.168.1.55","192.168.1.2","TCP","1514","8004  >  36610 [ACK] Seq=29150 Ack=144 Win=65024 Len=1448 TSval=2916040198 TSecr=3045559972 [TCP segment of a reassembled PDU]"
"53517","36.118153600","192.168.1.55","192.168.1.2","TCP","1514","8004  >  36610 [ACK] Seq=30598 Ack=144 Win=65024 Len=1448 TSval=2916040198 TSecr=3045559972 [TCP segment of a reassembled PDU]"
"53518","36.118156026","192.168.1.55","192.168.1.2","TCP","1514","8004  >  36610 [ACK] Seq=32046 Ack=144 Win=65024 Len=1448 TSval=2916040198 TSecr=3045559972 [TCP segment of a reassembled PDU]"
"53519","36.118157970","192.168.1.55","192.168.1.2","TCP","1514","8004  >  36610 [ACK] Seq=33494 Ack=144 Win=65024 Len=1448 TSval=2916040198 TSecr=3045559972 [TCP segment of a reassembled PDU]"
"53520","36.118159526","192.168.1.55","192.168.1.2","TCP","1514","8004  >  36610 [ACK] Seq=34942 Ack=144 Win=65024 Len=1448 TSval=2916040198 TSecr=3045559972 [TCP segment of a reassembled PDU]"
"53521","36.118160804","192.168.1.55","192.168.1.2","TCP","1514","8004  >  36610 [ACK] Seq=36390 Ack=144 Win=65024 Len=1448 TSval=2916040198 TSecr=3045559972 [TCP segment of a reassembled PDU]"
"53522","36.118162693","192.168.1.55","192.168.1.2","TCP","1514","8004  >  36610 [PSH, ACK] Seq=37838 Ack=144 Win=65024 Len=1448 TSval=2916040198 TSecr=3045559972 [TCP segment of a reassembled PDU]"
"53523","36.118904434","192.168.1.55","192.168.1.2","TCP","1514","8004  >  36610 [ACK] Seq=39286 Ack=144 Win=65024 Len=1448 TSval=2916040199 TSecr=3045559972 [TCP segment of a reassembled PDU]"
"53524","36.118906805","192.168.1.55","192.168.1.2","TCP","1514","8004  >  36610 [PSH, ACK] Seq=40734 Ack=144 Win=65024 Len=1448 TSval=2916040199 TSecr=3045559972 [TCP segment of a reassembled PDU]"
"53525","36.122648292","192.168.1.2","192.168.1.55","TCP","66","36610  >  8004 [ACK] Seq=144 Ack=16118 Win=67584 Len=0 TSval=3045559977 TSecr=2916040198"
"53526","36.122692033","192.168.1.55","192.168.1.2","TCP","1514","8004  >  36610 [ACK] Seq=42182 Ack=144 Win=65024 Len=1448 TSval=2916040203 TSecr=3045559977 [TCP segment of a reassembled PDU]"
"53527","36.122697552","192.168.1.55","192.168.1.2","TCP","1514","8004  >  36610 [PSH, ACK] Seq=43630 Ack=144 Win=65024 Len=1448 TSval=2916040203 TSecr=3045559977 [TCP segment of a reassembled PDU]"
"53528","36.122916126","192.168.1.2","192.168.1.55","TCP","66","36610  >  8004 [ACK] Seq=144 Ack=24806 Win=63488 Len=0 TSval=3045559977 TSecr=2916040198"
"53529","36.122948311","192.168.1.55","192.168.1.2","TCP","1514","8004  >  36610 [ACK] Seq=45078 Ack=144 Win=65024 Len=1448 TSval=2916040203 TSecr=3045559977 [TCP segment of a reassembled PDU]"
"53530","36.122950959","192.168.1.55","192.168.1.2","TCP","1514","8004  >  36610 [ACK] Seq=46526 Ack=144 Win=65024 Len=1448 TSval=2916040203 TSecr=3045559977 [TCP segment of a reassembled PDU]"
"53531","36.122953089","192.168.1.55","192.168.1.2","TCP","1514","8004  >  36610 [ACK] Seq=47974 Ack=144 Win=65024 Len=1448 TSval=2916040203 TSecr=3045559977 [TCP segment of a reassembled PDU]"
"53532","36.122954848","192.168.1.55","192.168.1.2","TCP","1514","8004  >  36610 [ACK] Seq=49422 Ack=144 Win=65024 Len=1448 TSval=2916040203 TSecr=3045559977 [TCP segment of a reassembled PDU]"
"53533","36.122956385","192.168.1.55","192.168.1.2","TCP","1514","8004  >  36610 [ACK] Seq=50870 Ack=144 Win=65024 Len=1448 TSval=2916040203 TSecr=3045559977 [TCP segment of a reassembled PDU]"
"53534","36.122958756","192.168.1.55","192.168.1.2","TCP","1514","8004  >  36610 [ACK] Seq=52318 Ack=144 Win=65024 Len=1448 TSval=2916040203 TSecr=3045559977 [TCP segment of a reassembled PDU]"
"53535","36.122960385","192.168.1.55","192.168.1.2","TCP","1514","8004  >  36610 [ACK] Seq=53766 Ack=144 Win=65024 Len=1448 TSval=2916040203 TSecr=3045559977 [TCP segment of a reassembled PDU]"
"53536","36.122962108","192.168.1.55","192.168.1.2","TCP","1514","8004  >  36610 [ACK] Seq=55214 Ack=144 Win=65024 Len=1448 TSval=2916040203 TSecr=3045559977 [TCP segment of a reassembled PDU]"
"53537","36.122963478","192.168.1.55","192.168.1.2","TCP","1514","8004  >  36610 [ACK] Seq=56662 Ack=144 Win=65024 Len=1448 TSval=2916040203 TSecr=3045559977 [TCP segment of a reassembled PDU]"
"53538","36.122964904","192.168.1.55","192.168.1.2","TCP","1514","8004  >  36610 [ACK] Seq=58110 Ack=144 Win=65024 Len=1448 TSval=2916040203 TSecr=3045559977 [TCP segment of a reassembled PDU]"
"53539","36.122967534","192.168.1.55","192.168.1.2","TCP","1514","8004  >  36610 [ACK] Seq=59558 Ack=144 Win=65024 Len=1448 TSval=2916040203 TSecr=3045559977 [TCP segment of a reassembled PDU]"
"53540","36.122969182","192.168.1.55","192.168.1.2","TCP","1514","8004  >  36610 [ACK] Seq=61006 Ack=144 Win=65024 Len=1448 TSval=2916040203 TSecr=3045559977 [TCP segment of a reassembled PDU]"
"53541","36.122970682","192.168.1.55","192.168.1.2","TCP","1514","8004  >  36610 [ACK] Seq=62454 Ack=144 Win=65024 Len=1448 TSval=2916040203 TSecr=3045559977 [TCP segment of a reassembled PDU]"
"53542","36.122972145","192.168.1.55","192.168.1.2","TCP","1514","8004  >  36610 [PSH, ACK] Seq=63902 Ack=144 Win=65024 Len=1448 TSval=2916040203 TSecr=3045559977 [TCP segment of a reassembled PDU]"
"53543","36.122977293","192.168.1.2","192.168.1.55","TCP","66","36610  >  8004 [ACK] Seq=144 Ack=30598 Win=59392 Len=0 TSval=3045559977 TSecr=2916040198"
"53544","36.123005293","192.168.1.55","192.168.1.2","TCP","1514","8004  >  36610 [ACK] Seq=65350 Ack=144 Win=65024 Len=1448 TSval=2916040203 TSecr=3045559977 [TCP segment of a reassembled PDU]"
"53545","36.123009404","192.168.1.55","192.168.1.2","TCP","1514","8004  >  36610 [ACK] Seq=66798 Ack=144 Win=65024 Len=1448 TSval=2916040203 TSecr=3045559977 [TCP segment of a reassembled PDU]"
"53546","36.123011682","192.168.1.55","192.168.1.2","TCP","1514","8004  >  36610 [ACK] Seq=68246 Ack=144 Win=65024 Len=1448 TSval=2916040203 TSecr=3045559977 [TCP segment of a reassembled PDU]"
"53547","36.123013219","192.168.1.55","192.168.1.2","TCP","1514","8004  >  36610 [ACK] Seq=69694 Ack=144 Win=65024 Len=1448 TSval=2916040203 TSecr=3045559977 [TCP segment of a reassembled PDU]"
"53548","36.123015589","192.168.1.55","192.168.1.2","TCP","1514","8004  >  36610 [ACK] Seq=71142 Ack=144 Win=65024 Len=1448 TSval=2916040203 TSecr=3045559977 [TCP segment of a reassembled PDU]"
"53549","36.123017756","192.168.1.55","192.168.1.2","TCP","1514","8004  >  36610 [ACK] Seq=72590 Ack=144 Win=65024 Len=1448 TSval=2916040203 TSecr=3045559977 [TCP segment of a reassembled PDU]"
"53550","36.123019182","192.168.1.55","192.168.1.2","TCP","1514","8004  >  36610 [ACK] Seq=74038 Ack=144 Win=65024 Len=1448 TSval=2916040203 TSecr=3045559977 [TCP segment of a reassembled PDU]"
"53551","36.123020571","192.168.1.55","192.168.1.2","TCP","1514","8004  >  36610 [PSH, ACK] Seq=75486 Ack=144 Win=65024 Len=1448 TSval=2916040203 TSecr=3045559977 [TCP segment of a reassembled PDU]"
"53552","36.123024886","192.168.1.2","192.168.1.55","TCP","66","36610  >  8004 [ACK] Seq=144 Ack=39286 Win=63488 Len=0 TSval=3045559977 TSecr=2916040198"
"53553","36.123040015","192.168.1.2","192.168.1.55","TCP","66","36610  >  8004 [ACK] Seq=144 Ack=42182 Win=61440 Len=0 TSval=3045559977 TSecr=2916040199"
"53554","36.123085700","192.168.1.55","192.168.1.2","TCP","1514","8004  >  36610 [ACK] Seq=76934 Ack=144 Win=65024 Len=1448 TSval=2916040203 TSecr=3045559977 [TCP segment of a reassembled PDU]"
"53555","36.123087849","192.168.1.55","192.168.1.2","TCP","1514","8004  >  36610 [ACK] Seq=78382 Ack=144 Win=65024 Len=1448 TSval=2916040203 TSecr=3045559977 [TCP segment of a reassembled PDU]"
"53556","36.123089256","192.168.1.55","192.168.1.2","TCP","1514","8004  >  36610 [ACK] Seq=79830 Ack=144 Win=65024 Len=1448 TSval=2916040203 TSecr=3045559977 [TCP segment of a reassembled PDU]"
"53557","36.123090867","192.168.1.55","192.168.1.2","TCP","1514","8004  >  36610 [ACK] Seq=81278 Ack=144 Win=65024 Len=1448 TSval=2916040203 TSecr=3045559977 [TCP segment of a reassembled PDU]"
"53558","36.123092163","192.168.1.55","192.168.1.2","TCP","1514","8004  >  36610 [ACK] Seq=82726 Ack=144 Win=65024 Len=1448 TSval=2916040203 TSecr=3045559977 [TCP segment of a reassembled PDU]"
"53559","36.123093552","192.168.1.55","192.168.1.2","TCP","1514","8004  >  36610 [ACK] Seq=84174 Ack=144 Win=65024 Len=1448 TSval=2916040203 TSecr=3045559977 [TCP segment of a reassembled PDU]"
"53560","36.123095071","192.168.1.55","192.168.1.2","TCP","1514","8004  >  36610 [ACK] Seq=85622 Ack=144 Win=65024 Len=1448 TSval=2916040203 TSecr=3045559977 [TCP segment of a reassembled PDU]"
"53561","36.123097071","192.168.1.55","192.168.1.2","TCP","1514","8004  >  36610 [ACK] Seq=87070 Ack=144 Win=65024 Len=1448 TSval=2916040203 TSecr=3045559977 [TCP segment of a reassembled PDU]"
"53562","36.123099441","192.168.1.55","192.168.1.2","TCP","1514","8004  >  36610 [ACK] Seq=88518 Ack=144 Win=65024 Len=1448 TSval=2916040203 TSecr=3045559977 [TCP segment of a reassembled PDU]"
"53563","36.123100719","192.168.1.55","192.168.1.2","TCP","1514","8004  >  36610 [ACK] Seq=89966 Ack=144 Win=65024 Len=1448 TSval=2916040203 TSecr=3045559977 [TCP segment of a reassembled PDU]"
"53564","36.123101997","192.168.1.55","192.168.1.2","TCP","1514","8004  >  36610 [ACK] Seq=91414 Ack=144 Win=65024 Len=1448 TSval=2916040203 TSecr=3045559977 [TCP segment of a reassembled PDU]"
"53565","36.123103682","192.168.1.55","192.168.1.2","TCP","1514","8004  >  36610 [ACK] Seq=92862 Ack=144 Win=65024 Len=1448 TSval=2916040203 TSecr=3045559977 [TCP segment of a reassembled PDU]"
"53566","36.123105163","192.168.1.55","192.168.1.2","TCP","1514","8004  >  36610 [ACK] Seq=94310 Ack=144 Win=65024 Len=1448 TSval=2916040203 TSecr=3045559977 [TCP segment of a reassembled PDU]"
"53567","36.123106645","192.168.1.55","192.168.1.2","TCP","1514","8004  >  36610 [ACK] Seq=95758 Ack=144 Win=65024 Len=1448 TSval=2916040203 TSecr=3045559977 [TCP segment of a reassembled PDU]"
"53568","36.123108015","192.168.1.55","192.168.1.2","TCP","1514","8004  >  36610 [ACK] Seq=97206 Ack=144 Win=65024 Len=1448 TSval=2916040203 TSecr=3045559977 [TCP segment of a reassembled PDU]"
"53569","36.123110367","192.168.1.55","192.168.1.2","TCP","1514","8004  >  36610 [PSH, ACK] Seq=98654 Ack=144 Win=65024 Len=1448 TSval=2916040203 TSecr=3045559977 [TCP segment of a reassembled PDU]"
"53570","36.129024506","192.168.1.2","192.168.1.55","TCP","66","36610  >  8004 [ACK] Seq=144 Ack=43630 Win=66560 Len=0 TSval=3045559982 TSecr=2916040203"
"53571","36.129039414","192.168.1.55","192.168.1.2","TCP","1514","8004  >  36610 [ACK] Seq=100102 Ack=144 Win=65024 Len=1448 TSval=2916040209 TSecr=3045559982 [TCP segment of a reassembled PDU]"
"53572","36.129042173","192.168.1.55","192.168.1.2","TCP","1514","8004  >  36610 [PSH, ACK] Seq=101550 Ack=144 Win=65024 Len=1448 TSval=2916040209 TSecr=3045559982 [TCP segment of a reassembled PDU]"
"53573","36.129242007","192.168.1.2","192.168.1.55","TCP","66","36610  >  8004 [ACK] Seq=144 Ack=45078 Win=68608 Len=0 TSval=3045559983 TSecr=2916040203"
"53574","36.129247858","192.168.1.2","192.168.1.55","TCP","66","36610  >  8004 [ACK] Seq=144 Ack=65350 Win=54272 Len=0 TSval=3045559983 TSecr=2916040203"
"53575","36.129256136","192.168.1.55","192.168.1.2","TCP","1514","8004  >  36610 [ACK] Seq=102998 Ack=144 Win=65024 Len=1448 TSval=2916040209 TSecr=3045559983 [TCP segment of a reassembled PDU]"
"53576","36.129258488","192.168.1.55","192.168.1.2","TCP","1514","8004  >  36610 [ACK] Seq=104446 Ack=144 Win=65024 Len=1448 TSval=2916040209 TSecr=3045559983 [TCP segment of a reassembled PDU]"
"53577","36.129259581","192.168.1.55","192.168.1.2","TCP","1514","8004  >  36610 [ACK] Seq=105894 Ack=144 Win=65024 Len=1448 TSval=2916040209 TSecr=3045559983 [TCP segment of a reassembled PDU]"
"53578","36.129260840","192.168.1.55","192.168.1.2","TCP","1514","8004  >  36610 [ACK] Seq=107342 Ack=144 Win=65024 Len=1448 TSval=2916040209 TSecr=3045559983 [TCP segment of a reassembled PDU]"
"53579","36.129261951","192.168.1.55","192.168.1.2","TCP","1514","8004  >  36610 [PSH, ACK] Seq=108790 Ack=144 Win=65024 Len=1448 TSval=2916040209 TSecr=3045559983 [TCP segment of a reassembled PDU]"
"53580","36.129266784","192.168.1.2","192.168.1.55","TCP","66","36610  >  8004 [ACK] Seq=144 Ack=76934 Win=46080 Len=0 TSval=3045559983 TSecr=2916040203"
"53581","36.129272933","192.168.1.2","192.168.1.55","TCP","66","36610  >  8004 [ACK] Seq=144 Ack=92862 Win=33792 Len=0 TSval=3045559983 TSecr=2916040203"
"53582","36.129313914","192.168.1.55","192.168.1.2","TCP","1514","8004  >  36610 [ACK] Seq=110238 Ack=144 Win=65024 Len=1448 TSval=2916040209 TSecr=3045559983 [TCP segment of a reassembled PDU]"
"53583","36.129317618","192.168.1.55","192.168.1.2","TCP","1514","8004  >  36610 [ACK] Seq=111686 Ack=144 Win=65024 Len=1448 TSval=2916040209 TSecr=3045559983 [TCP segment of a reassembled PDU]"
"53584","36.129318859","192.168.1.55","192.168.1.2","TCP","1514","8004  >  36610 [ACK] Seq=113134 Ack=144 Win=65024 Len=1448 TSval=2916040209 TSecr=3045559983 [TCP segment of a reassembled PDU]"
"53585","36.129320044","192.168.1.55","192.168.1.2","TCP","1514","8004  >  36610 [ACK] Seq=114582 Ack=144 Win=65024 Len=1448 TSval=2916040209 TSecr=3045559983 [TCP segment of a reassembled PDU]"
"53586","36.129321210","192.168.1.55","192.168.1.2","TCP","1514","8004  >  36610 [ACK] Seq=116030 Ack=144 Win=65024 Len=1448 TSval=2916040209 TSecr=3045559983 [TCP segment of a reassembled PDU]"
"53587","36.129322396","192.168.1.55","192.168.1.2","TCP","1514","8004  >  36610 [ACK] Seq=117478 Ack=144 Win=65024 Len=1448 TSval=2916040209 TSecr=3045559983 [TCP segment of a reassembled PDU]"
"53588","36.129323525","192.168.1.55","192.168.1.2","TCP","1514","8004  >  36610 [ACK] Seq=118926 Ack=144 Win=65024 Len=1448 TSval=2916040209 TSecr=3045559983 [TCP segment of a reassembled PDU]"
"53589","36.129324655","192.168.1.55","192.168.1.2","TCP","1514","8004  >  36610 [ACK] Seq=120374 Ack=144 Win=65024 Len=1448 TSval=2916040209 TSecr=3045559983 [TCP segment of a reassembled PDU]"
"53590","36.129325840","192.168.1.55","192.168.1.2","TCP","1514","8004  >  36610 [ACK] Seq=121822 Ack=144 Win=65024 Len=1448 TSval=2916040209 TSecr=3045559983 [TCP segment of a reassembled PDU]"
"53591","36.129327118","192.168.1.55","192.168.1.2","TCP","1514","8004  >  36610 [ACK] Seq=123270 Ack=144 Win=65024 Len=1448 TSval=2916040209 TSecr=3045559983 [TCP segment of a reassembled PDU]"
"53592","36.129328581","192.168.1.55","192.168.1.2","TCP","1514","8004  >  36610 [ACK] Seq=124718 Ack=144 Win=65024 Len=1448 TSval=2916040209 TSecr=3045559983 [TCP segment of a reassembled PDU]"
"53593","36.129329692","192.168.1.55","192.168.1.2","TCP","554","[TCP Window Full] 8004  >  36610 [PSH, ACK] Seq=126166 Ack=144 Win=65024 Len=488 TSval=2916040209 TSecr=3045559983 [TCP segment of a reassembled PDU]"
"53594","36.130100452","192.168.1.2","192.168.1.55","TCP","66","[TCP Window Update] 36610  >  8004 [ACK] Seq=144 Ack=92862 Win=68608 Len=0 TSval=3045559983 TSecr=2916040203"
"53595","36.130118804","192.168.1.55","192.168.1.2","TCP","1514","8004  >  36610 [ACK] Seq=126654 Ack=144 Win=65024 Len=1448 TSval=2916040210 TSecr=3045559983 [TCP segment of a reassembled PDU]"
"53596","36.130120619","192.168.1.55","192.168.1.2","TCP","1514","8004  >  36610 [ACK] Seq=128102 Ack=144 Win=65024 Len=1448 TSval=2916040210 TSecr=3045559983 [TCP segment of a reassembled PDU]"
"53597","36.130121730","192.168.1.55","192.168.1.2","TCP","1514","8004  >  36610 [ACK] Seq=129550 Ack=144 Win=65024 Len=1448 TSval=2916040210 TSecr=3045559983 [TCP segment of a reassembled PDU]"
"53598","36.130122841","192.168.1.55","192.168.1.2","TCP","1514","8004  >  36610 [ACK] Seq=130998 Ack=144 Win=65024 Len=1448 TSval=2916040210 TSecr=3045559983 [TCP segment of a reassembled PDU]"
"53599","36.130124008","192.168.1.55","192.168.1.2","TCP","1514","8004  >  36610 [ACK] Seq=132446 Ack=144 Win=65024 Len=1448 TSval=2916040210 TSecr=3045559983 [TCP segment of a reassembled PDU]"
"53600","36.130125212","192.168.1.55","192.168.1.2","TCP","1514","8004  >  36610 [ACK] Seq=133894 Ack=144 Win=65024 Len=1448 TSval=2916040210 TSecr=3045559983 [TCP segment of a reassembled PDU]"
"53601","36.130126286","192.168.1.55","192.168.1.2","TCP","1514","8004  >  36610 [ACK] Seq=135342 Ack=144 Win=65024 Len=1448 TSval=2916040210 TSecr=3045559983 [TCP segment of a reassembled PDU]"
"53602","36.130127545","192.168.1.55","192.168.1.2","TCP","1514","8004  >  36610 [ACK] Seq=136790 Ack=144 Win=65024 Len=1448 TSval=2916040210 TSecr=3045559983 [TCP segment of a reassembled PDU]"
"53603","36.130128638","192.168.1.55","192.168.1.2","TCP","1514","8004  >  36610 [ACK] Seq=138238 Ack=144 Win=65024 Len=1448 TSval=2916040210 TSecr=3045559983 [TCP segment of a reassembled PDU]"
"53604","36.130129823","192.168.1.55","192.168.1.2","TCP","1514","8004  >  36610 [ACK] Seq=139686 Ack=144 Win=65024 Len=1448 TSval=2916040210 TSecr=3045559983 [TCP segment of a reassembled PDU]"
"53605","36.130130934","192.168.1.55","192.168.1.2","TCP","1514","8004  >  36610 [PSH, ACK] Seq=141134 Ack=144 Win=65024 Len=1448 TSval=2916040210 TSecr=3045559983 [TCP segment of a reassembled PDU]"
"53606","36.130135990","192.168.1.55","192.168.1.2","TCP","1026","8004  >  36610 [ACK] Seq=142582 Ack=144 Win=65024 Len=960 TSval=2916040210 TSecr=3045559983 [TCP segment of a reassembled PDU]"
"53607","36.131775029","192.168.1.2","192.168.1.55","TCP","66","36610  >  8004 [ACK] Seq=144 Ack=100102 Win=62464 Len=0 TSval=3045559985 TSecr=2916040203"
"53608","36.131805696","192.168.1.55","192.168.1.2","TCP","1514","8004  >  36610 [ACK] Seq=143542 Ack=144 Win=65024 Len=1448 TSval=2916040212 TSecr=3045559985 [TCP segment of a reassembled PDU]"
"53609","36.131807807","192.168.1.55","192.168.1.2","TCP","1514","8004  >  36610 [ACK] Seq=144990 Ack=144 Win=65024 Len=1448 TSval=2916040212 TSecr=3045559985 [TCP segment of a reassembled PDU]"
"53610","36.131808937","192.168.1.55","192.168.1.2","TCP","1514","8004  >  36610 [ACK] Seq=146438 Ack=144 Win=65024 Len=1448 TSval=2916040212 TSecr=3045559985 [TCP segment of a reassembled PDU]"
"53611","36.131810048","192.168.1.55","192.168.1.2","TCP","1514","8004  >  36610 [ACK] Seq=147886 Ack=144 Win=65024 Len=1448 TSval=2916040212 TSecr=3045559985 [TCP segment of a reassembled PDU]"
"53612","36.131811140","192.168.1.55","192.168.1.2","TCP","1514","8004  >  36610 [ACK] Seq=149334 Ack=144 Win=65024 Len=1448 TSval=2916040212 TSecr=3045559985 [TCP segment of a reassembled PDU]"
"53613","36.131812418","192.168.1.55","192.168.1.2","TCP","1514","8004  >  36610 [ACK] Seq=150782 Ack=144 Win=65024 Len=1448 TSval=2916040212 TSecr=3045559985 [TCP segment of a reassembled PDU]"
"53614","36.131813603","192.168.1.55","192.168.1.2","TCP","1514","8004  >  36610 [ACK] Seq=152230 Ack=144 Win=65024 Len=1448 TSval=2916040212 TSecr=3045559985 [TCP segment of a reassembled PDU]"
"53615","36.131814714","192.168.1.55","192.168.1.2","TCP","1514","8004  >  36610 [ACK] Seq=153678 Ack=144 Win=65024 Len=1448 TSval=2916040212 TSecr=3045559985 [TCP segment of a reassembled PDU]"
"53616","36.131815807","192.168.1.55","192.168.1.2","TCP","1514","8004  >  36610 [ACK] Seq=155126 Ack=144 Win=65024 Len=1448 TSval=2916040212 TSecr=3045559985 [TCP segment of a reassembled PDU]"
"53617","36.131817344","192.168.1.55","192.168.1.2","TCP","1514","8004  >  36610 [ACK] Seq=156574 Ack=144 Win=65024 Len=1448 TSval=2916040212 TSecr=3045559985 [TCP segment of a reassembled PDU]"
"53618","36.131818529","192.168.1.55","192.168.1.2","TCP","1514","8004  >  36610 [ACK] Seq=158022 Ack=144 Win=65024 Len=1448 TSval=2916040212 TSecr=3045559985 [TCP segment of a reassembled PDU]"
"53619","36.131819640","192.168.1.55","192.168.1.2","TCP","1514","8004  >  36610 [ACK] Seq=159470 Ack=144 Win=65024 Len=1448 TSval=2916040212 TSecr=3045559985 [TCP segment of a reassembled PDU]"
"53620","36.131820752","192.168.1.55","192.168.1.2","TCP","1514","8004  >  36610 [PSH, ACK] Seq=160918 Ack=144 Win=65024 Len=1448 TSval=2916040212 TSecr=3045559985 [TCP segment of a reassembled PDU]"
"53621","36.133899384","192.168.1.2","192.168.1.55","TCP","66","36610  >  8004 [ACK] Seq=144 Ack=102998 Win=66560 Len=0 TSval=3045559986 TSecr=2916040209"
"53622","36.133909033","192.168.1.55","192.168.1.2","TCP","1514","8004  >  36610 [ACK] Seq=162366 Ack=144 Win=65024 Len=1448 TSval=2916040214 TSecr=3045559986 [TCP segment of a reassembled PDU]"
"53623","36.133910903","192.168.1.55","192.168.1.2","TCP","1514","8004  >  36610 [ACK] Seq=163814 Ack=144 Win=65024 Len=1448 TSval=2916040214 TSecr=3045559986 [TCP segment of a reassembled PDU]"
"53624","36.133912088","192.168.1.55","192.168.1.2","TCP","1514","8004  >  36610 [ACK] Seq=165262 Ack=144 Win=65024 Len=1448 TSval=2916040214 TSecr=3045559986 [TCP segment of a reassembled PDU]"
"53625","36.133913162","192.168.1.55","192.168.1.2","TCP","1514","8004  >  36610 [PSH, ACK] Seq=166710 Ack=144 Win=65024 Len=1448 TSval=2916040214 TSecr=3045559986 [TCP segment of a reassembled PDU]"
"53626","36.136789371","192.168.1.2","192.168.1.55","TCP","66","36610  >  8004 [ACK] Seq=144 Ack=126654 Win=68608 Len=0 TSval=3045559989 TSecr=2916040209"
"53627","36.136801704","192.168.1.55","192.168.1.2","TCP","1514","8004  >  36610 [ACK] Seq=168158 Ack=144 Win=65024 Len=1448 TSval=2916040217 TSecr=3045559989 [TCP segment of a reassembled PDU]"
"53628","36.136803982","192.168.1.55","192.168.1.2","TCP","1514","8004  >  36610 [ACK] Seq=169606 Ack=144 Win=65024 Len=1448 TSval=2916040217 TSecr=3045559989 [TCP segment of a reassembled PDU]"
"53629","36.136805611","192.168.1.55","192.168.1.2","TCP","1514","8004  >  36610 [ACK] Seq=171054 Ack=144 Win=65024 Len=1448 TSval=2916040217 TSecr=3045559989 [TCP segment of a reassembled PDU]"
"53630","36.136806982","192.168.1.55","192.168.1.2","TCP","1514","8004  >  36610 [ACK] Seq=172502 Ack=144 Win=65024 Len=1448 TSval=2916040217 TSecr=3045559989 [TCP segment of a reassembled PDU]"
"53631","36.136808278","192.168.1.55","192.168.1.2","TCP","1514","8004  >  36610 [ACK] Seq=173950 Ack=144 Win=65024 Len=1448 TSval=2916040217 TSecr=3045559989 [TCP segment of a reassembled PDU]"
"53632","36.136810000","192.168.1.55","192.168.1.2","TCP","1514","8004  >  36610 [PSH, ACK] Seq=175398 Ack=144 Win=65024 Len=1448 TSval=2916040217 TSecr=3045559989 [TCP segment of a reassembled PDU]"
"53633","36.137155112","192.168.1.2","192.168.1.55","TCP","66","36610  >  8004 [ACK] Seq=144 Ack=143542 Win=59392 Len=0 TSval=3045559989 TSecr=2916040210"
"53634","36.137179908","192.168.1.55","192.168.1.2","TCP","1514","8004  >  36610 [ACK] Seq=176846 Ack=144 Win=65024 Len=1448 TSval=2916040217 TSecr=3045559989 [TCP segment of a reassembled PDU]"
"53635","36.137182242","192.168.1.55","192.168.1.2","TCP","1514","8004  >  36610 [ACK] Seq=178294 Ack=144 Win=65024 Len=1448 TSval=2916040217 TSecr=3045559989 [TCP segment of a reassembled PDU]"
"53636","36.137183760","192.168.1.55","192.168.1.2","TCP","1514","8004  >  36610 [ACK] Seq=179742 Ack=144 Win=65024 Len=1448 TSval=2916040217 TSecr=3045559989 [TCP segment of a reassembled PDU]"
"53637","36.137185075","192.168.1.55","192.168.1.2","TCP","1514","8004  >  36610 [ACK] Seq=181190 Ack=144 Win=65024 Len=1448 TSval=2916040217 TSecr=3045559989 [TCP segment of a reassembled PDU]"
"53638","36.137186371","192.168.1.55","192.168.1.2","TCP","1514","8004  >  36610 [ACK] Seq=182638 Ack=144 Win=65024 Len=1448 TSval=2916040217 TSecr=3045559989 [TCP segment of a reassembled PDU]"
"53639","36.137187816","192.168.1.55","192.168.1.2","TCP","1514","8004  >  36610 [ACK] Seq=184086 Ack=144 Win=65024 Len=1448 TSval=2916040217 TSecr=3045559989 [TCP segment of a reassembled PDU]"
"53640","36.137189112","192.168.1.55","192.168.1.2","TCP","1514","8004  >  36610 [ACK] Seq=185534 Ack=144 Win=65024 Len=1448 TSval=2916040217 TSecr=3045559989 [TCP segment of a reassembled PDU]"
"53641","36.137190797","192.168.1.55","192.168.1.2","TCP","1514","8004  >  36610 [ACK] Seq=186982 Ack=144 Win=65024 Len=1448 TSval=2916040217 TSecr=3045559989 [TCP segment of a reassembled PDU]"
"53642","36.137192093","192.168.1.55","192.168.1.2","TCP","1514","8004  >  36610 [ACK] Seq=188430 Ack=144 Win=65024 Len=1448 TSval=2916040217 TSecr=3045559989 [TCP segment of a reassembled PDU]"
"53643","36.137193445","192.168.1.55","192.168.1.2","TCP","1514","8004  >  36610 [ACK] Seq=189878 Ack=144 Win=65024 Len=1448 TSval=2916040217 TSecr=3045559989 [TCP segment of a reassembled PDU]"
"53644","36.137195186","192.168.1.55","192.168.1.2","TCP","1514","8004  >  36610 [ACK] Seq=191326 Ack=144 Win=65024 Len=1448 TSval=2916040217 TSecr=3045559989 [TCP segment of a reassembled PDU]"
"53645","36.137196501","192.168.1.55","192.168.1.2","TCP","1514","8004  >  36610 [ACK] Seq=192774 Ack=144 Win=65024 Len=1448 TSval=2916040217 TSecr=3045559989 [TCP segment of a reassembled PDU]"
"53646","36.137197890","192.168.1.55","192.168.1.2","TCP","1514","8004  >  36610 [ACK] Seq=194222 Ack=144 Win=65024 Len=1448 TSval=2916040217 TSecr=3045559989 [TCP segment of a reassembled PDU]"
"53647","36.137199205","192.168.1.55","192.168.1.2","TCP","1514","8004  >  36610 [ACK] Seq=195670 Ack=144 Win=65024 Len=1448 TSval=2916040217 TSecr=3045559989 [TCP segment of a reassembled PDU]"
"53648","36.137200482","192.168.1.55","192.168.1.2","TCP","1514","8004  >  36610 [ACK] Seq=197118 Ack=144 Win=65024 Len=1448 TSval=2916040217 TSecr=3045559989 [TCP segment of a reassembled PDU]"
"53649","36.137201945","192.168.1.55","192.168.1.2","TCP","1514","8004  >  36610 [ACK] Seq=198566 Ack=144 Win=65024 Len=1448 TSval=2916040217 TSecr=3045559989 [TCP segment of a reassembled PDU]"
"53650","36.137203260","192.168.1.55","192.168.1.2","TCP","1514","8004  >  36610 [ACK] Seq=200014 Ack=144 Win=65024 Len=1448 TSval=2916040217 TSecr=3045559989 [TCP segment of a reassembled PDU]"
"53651","36.137204538","192.168.1.55","192.168.1.2","TCP","1514","8004  >  36610 [ACK] Seq=201462 Ack=144 Win=65024 Len=1448 TSval=2916040217 TSecr=3045559989 [TCP segment of a reassembled PDU]"
"53652","36.137205816","192.168.1.55","192.168.1.2","TCP","90","[TCP Window Full] 8004  >  36610 [PSH, ACK] Seq=202910 Ack=144 Win=65024 Len=24 TSval=2916040217 TSecr=3045559989 [TCP segment of a reassembled PDU]"
"53653","36.137210149","192.168.1.2","192.168.1.55","TCP","66","36610  >  8004 [ACK] Seq=144 Ack=153678 Win=81920 Len=0 TSval=3045559991 TSecr=2916040212"
"53654","36.137224112","192.168.1.55","192.168.1.2","TCP","1514","8004  >  36610 [ACK] Seq=202934 Ack=144 Win=65024 Len=1448 TSval=2916040217 TSecr=3045559991 [TCP segment of a reassembled PDU]"
"53655","36.137225797","192.168.1.55","192.168.1.2","TCP","1514","8004  >  36610 [ACK] Seq=204382 Ack=144 Win=65024 Len=1448 TSval=2916040217 TSecr=3045559991 [TCP segment of a reassembled PDU]"
"53656","36.137227149","192.168.1.55","192.168.1.2","TCP","1514","8004  >  36610 [ACK] Seq=205830 Ack=144 Win=65024 Len=1448 TSval=2916040217 TSecr=3045559991 [TCP segment of a reassembled PDU]"
"53657","36.137228445","192.168.1.55","192.168.1.2","TCP","1514","8004  >  36610 [PSH, ACK] Seq=207278 Ack=144 Win=65024 Len=1448 TSval=2916040217 TSecr=3045559991 [TCP segment of a reassembled PDU]"
"53658","36.137233445","192.168.1.55","192.168.1.2","TCP","1490","8004  >  36610 [PSH, ACK] Seq=208726 Ack=144 Win=65024 Len=1424 TSval=2916040217 TSecr=3045559991 [TCP segment of a reassembled PDU]"
"53659","36.139240671","192.168.1.2","192.168.1.55","TCP","66","36610  >  8004 [ACK] Seq=144 Ack=160918 Win=83968 Len=0 TSval=3045559992 TSecr=2916040212"
"53660","36.139300930","192.168.1.55","192.168.1.2","TCP","1514","8004  >  36610 [ACK] Seq=210150 Ack=144 Win=65024 Len=1448 TSval=2916040219 TSecr=3045559992 [TCP segment of a reassembled PDU]"
"53661","36.139304541","192.168.1.55","192.168.1.2","TCP","1514","8004  >  36610 [ACK] Seq=211598 Ack=144 Win=65024 Len=1448 TSval=2916040219 TSecr=3045559992 [TCP segment of a reassembled PDU]"
"53662","36.139306041","192.168.1.55","192.168.1.2","TCP","1514","8004  >  36610 [ACK] Seq=213046 Ack=144 Win=65024 Len=1448 TSval=2916040219 TSecr=3045559992 [TCP segment of a reassembled PDU]"
"53663","36.139307523","192.168.1.55","192.168.1.2","TCP","1514","8004  >  36610 [ACK] Seq=214494 Ack=144 Win=65024 Len=1448 TSval=2916040219 TSecr=3045559992 [TCP segment of a reassembled PDU]"
"53664","36.139308875","192.168.1.55","192.168.1.2","TCP","1514","8004  >  36610 [ACK] Seq=215942 Ack=144 Win=65024 Len=1448 TSval=2916040219 TSecr=3045559992 [TCP segment of a reassembled PDU]"
"53665","36.139310356","192.168.1.55","192.168.1.2","TCP","1514","8004  >  36610 [ACK] Seq=217390 Ack=144 Win=65024 Len=1448 TSval=2916040219 TSecr=3045559992 [TCP segment of a reassembled PDU]"
"53666","36.139311745","192.168.1.55","192.168.1.2","TCP","1514","8004  >  36610 [ACK] Seq=218838 Ack=144 Win=65024 Len=1448 TSval=2916040219 TSecr=3045559992 [TCP segment of a reassembled PDU]"
"53667","36.139313189","192.168.1.55","192.168.1.2","TCP","1514","8004  >  36610 [ACK] Seq=220286 Ack=144 Win=65024 Len=1448 TSval=2916040219 TSecr=3045559992 [TCP segment of a reassembled PDU]"
"53668","36.139314449","192.168.1.55","192.168.1.2","TCP","1514","8004  >  36610 [ACK] Seq=221734 Ack=144 Win=65024 Len=1448 TSval=2916040219 TSecr=3045559992 [TCP segment of a reassembled PDU]"
"53669","36.139315764","192.168.1.55","192.168.1.2","TCP","1514","8004  >  36610 [ACK] Seq=223182 Ack=144 Win=65024 Len=1448 TSval=2916040219 TSecr=3045559992 [TCP segment of a reassembled PDU]"
"53670","36.139317171","192.168.1.55","192.168.1.2","TCP","1514","8004  >  36610 [ACK] Seq=224630 Ack=144 Win=65024 Len=1448 TSval=2916040219 TSecr=3045559992 [TCP segment of a reassembled PDU]"
"53671","36.139318504","192.168.1.55","192.168.1.2","TCP","1514","8004  >  36610 [ACK] Seq=226078 Ack=144 Win=65024 Len=1448 TSval=2916040219 TSecr=3045559992 [TCP segment of a reassembled PDU]"
"53672","36.139319893","192.168.1.55","192.168.1.2","TCP","1514","8004  >  36610 [ACK] Seq=227526 Ack=144 Win=65024 Len=1448 TSval=2916040219 TSecr=3045559992 [TCP segment of a reassembled PDU]"
"53673","36.139321356","192.168.1.55","192.168.1.2","TCP","1514","8004  >  36610 [ACK] Seq=228974 Ack=144 Win=65024 Len=1448 TSval=2916040219 TSecr=3045559992 [TCP segment of a reassembled PDU]"
"53674","36.139322727","192.168.1.55","192.168.1.2","TCP","1514","8004  >  36610 [ACK] Seq=230422 Ack=144 Win=65024 Len=1448 TSval=2916040219 TSecr=3045559992 [TCP segment of a reassembled PDU]"
"53675","36.139324264","192.168.1.55","192.168.1.2","TCP","1514","8004  >  36610 [ACK] Seq=231870 Ack=144 Win=65024 Len=1448 TSval=2916040219 TSecr=3045559992 [TCP segment of a reassembled PDU]"
"53676","36.139325838","192.168.1.55","192.168.1.2","TCP","1514","8004  >  36610 [ACK] Seq=233318 Ack=144 Win=65024 Len=1448 TSval=2916040219 TSecr=3045559992 [TCP segment of a reassembled PDU]"
"53677","36.139327245","192.168.1.55","192.168.1.2","TCP","1514","8004  >  36610 [ACK] Seq=234766 Ack=144 Win=65024 Len=1448 TSval=2916040219 TSecr=3045559992 [TCP segment of a reassembled PDU]"
"53678","36.139328708","192.168.1.55","192.168.1.2","TCP","1514","8004  >  36610 [ACK] Seq=236214 Ack=144 Win=65024 Len=1448 TSval=2916040219 TSecr=3045559992 [TCP segment of a reassembled PDU]"
"53679","36.139330097","192.168.1.55","192.168.1.2","TCP","1514","8004  >  36610 [ACK] Seq=237662 Ack=144 Win=65024 Len=1448 TSval=2916040219 TSecr=3045559992 [TCP segment of a reassembled PDU]"
"53680","36.139331764","192.168.1.55","192.168.1.2","TCP","1514","8004  >  36610 [ACK] Seq=239110 Ack=144 Win=65024 Len=1448 TSval=2916040219 TSecr=3045559992 [TCP segment of a reassembled PDU]"
"53681","36.139333041","192.168.1.55","192.168.1.2","TCP","1514","8004  >  36610 [ACK] Seq=240558 Ack=144 Win=65024 Len=1448 TSval=2916040219 TSecr=3045559992 [TCP segment of a reassembled PDU]"
"53682","36.139334430","192.168.1.55","192.168.1.2","TCP","1514","8004  >  36610 [PSH, ACK] Seq=242006 Ack=144 Win=65024 Len=1448 TSval=2916040219 TSecr=3045559992 [TCP segment of a reassembled PDU]"
"53683","36.139372838","192.168.1.2","192.168.1.55","TCP","66","36610  >  8004 [ACK] Seq=144 Ack=162366 Win=87040 Len=0 TSval=3045559992 TSecr=2916040212"
"53684","36.141705471","192.168.1.2","192.168.1.55","TCP","66","36610  >  8004 [ACK] Seq=144 Ack=168158 Win=83968 Len=0 TSval=3045559994 TSecr=2916040214"
"53685","36.141733638","192.168.1.55","192.168.1.2","TCP","1514","8004  >  36610 [ACK] Seq=243454 Ack=144 Win=65024 Len=1448 TSval=2916040222 TSecr=3045559994 [TCP segment of a reassembled PDU]"
"53686","36.141736619","192.168.1.55","192.168.1.2","TCP","1514","8004  >  36610 [ACK] Seq=244902 Ack=144 Win=65024 Len=1448 TSval=2916040222 TSecr=3045559994 [TCP segment of a reassembled PDU]"
"53687","36.141738082","192.168.1.55","192.168.1.2","TCP","1514","8004  >  36610 [ACK] Seq=246350 Ack=144 Win=65024 Len=1448 TSval=2916040222 TSecr=3045559994 [TCP segment of a reassembled PDU]"
"53688","36.141739453","192.168.1.55","192.168.1.2","TCP","1514","8004  >  36610 [ACK] Seq=247798 Ack=144 Win=65024 Len=1448 TSval=2916040222 TSecr=3045559994 [TCP segment of a reassembled PDU]"
"53689","36.141740823","192.168.1.55","192.168.1.2","TCP","1514","8004  >  36610 [PSH, ACK] Seq=249246 Ack=144 Win=65024 Len=1448 TSval=2916040222 TSecr=3045559994 [TCP segment of a reassembled PDU]"
"53690","36.145825978","192.168.1.2","192.168.1.55","TCP","66","36610  >  8004 [ACK] Seq=144 Ack=202910 Win=63488 Len=0 TSval=3045559997 TSecr=2916040217"
"53691","36.145856478","192.168.1.55","192.168.1.2","TCP","1514","8004  >  36610 [ACK] Seq=250694 Ack=144 Win=65024 Len=1448 TSval=2916040226 TSecr=3045559997 [TCP segment of a reassembled PDU]"
"53692","36.145859756","192.168.1.55","192.168.1.2","TCP","1514","8004  >  36610 [ACK] Seq=252142 Ack=144 Win=65024 Len=1448 TSval=2916040226 TSecr=3045559997 [TCP segment of a reassembled PDU]"
"53693","36.145861219","192.168.1.55","192.168.1.2","TCP","1514","8004  >  36610 [ACK] Seq=253590 Ack=144 Win=65024 Len=1448 TSval=2916040226 TSecr=3045559997 [TCP segment of a reassembled PDU]"
"53694","36.145862589","192.168.1.55","192.168.1.2","TCP","1514","8004  >  36610 [ACK] Seq=255038 Ack=144 Win=65024 Len=1448 TSval=2916040226 TSecr=3045559997 [TCP segment of a reassembled PDU]"
"53695","36.145863959","192.168.1.55","192.168.1.2","TCP","1514","8004  >  36610 [ACK] Seq=256486 Ack=144 Win=65024 Len=1448 TSval=2916040226 TSecr=3045559997 [TCP segment of a reassembled PDU]"
"53696","36.145865293","192.168.1.55","192.168.1.2","TCP","1514","8004  >  36610 [ACK] Seq=257934 Ack=144 Win=65024 Len=1448 TSval=2916040226 TSecr=3045559997 [TCP segment of a reassembled PDU]"
"53697","36.145866719","192.168.1.55","192.168.1.2","TCP","1514","8004  >  36610 [ACK] Seq=259382 Ack=144 Win=65024 Len=1448 TSval=2916040226 TSecr=3045559997 [TCP segment of a reassembled PDU]"
"53698","36.145868163","192.168.1.55","192.168.1.2","TCP","1514","8004  >  36610 [ACK] Seq=260830 Ack=144 Win=65024 Len=1448 TSval=2916040226 TSecr=3045559997 [TCP segment of a reassembled PDU]"
"53699","36.145869422","192.168.1.55","192.168.1.2","TCP","1514","8004  >  36610 [ACK] Seq=262278 Ack=144 Win=65024 Len=1448 TSval=2916040226 TSecr=3045559997 [TCP segment of a reassembled PDU]"
"53700","36.145870700","192.168.1.55","192.168.1.2","TCP","1514","8004  >  36610 [PSH, ACK] Seq=263726 Ack=144 Win=65024 Len=1448 TSval=2916040226 TSecr=3045559997 [TCP segment of a reassembled PDU]"
"53701","36.146361738","192.168.1.2","192.168.1.55","TCP","66","36610  >  8004 [ACK] Seq=144 Ack=208726 Win=86016 Len=0 TSval=3045559998 TSecr=2916040217"
"53702","36.146378201","192.168.1.55","192.168.1.2","TCP","1514","8004  >  36610 [ACK] Seq=265174 Ack=144 Win=65024 Len=1448 TSval=2916040227 TSecr=3045559998 [TCP segment of a reassembled PDU]"
"53703","36.146380164","192.168.1.55","192.168.1.2","TCP","1514","8004  >  36610 [ACK] Seq=266622 Ack=144 Win=65024 Len=1448 TSval=2916040227 TSecr=3045559998 [TCP segment of a reassembled PDU]"
"53704","36.146381534","192.168.1.55","192.168.1.2","TCP","1514","8004  >  36610 [ACK] Seq=268070 Ack=144 Win=65024 Len=1448 TSval=2916040227 TSecr=3045559998 [TCP segment of a reassembled PDU]"
"53705","36.146382793","192.168.1.55","192.168.1.2","TCP","1514","8004  >  36610 [ACK] Seq=269518 Ack=144 Win=65024 Len=1448 TSval=2916040227 TSecr=3045559998 [TCP segment of a reassembled PDU]"
"53706","36.146384071","192.168.1.55","192.168.1.2","TCP","1514","8004  >  36610 [ACK] Seq=270966 Ack=144 Win=65024 Len=1448 TSval=2916040227 TSecr=3045559998 [TCP segment of a reassembled PDU]"
"53707","36.146385442","192.168.1.55","192.168.1.2","TCP","1514","8004  >  36610 [ACK] Seq=272414 Ack=144 Win=65024 Len=1448 TSval=2916040227 TSecr=3045559998 [TCP segment of a reassembled PDU]"
"53708","36.146386719","192.168.1.55","192.168.1.2","TCP","1514","8004  >  36610 [ACK] Seq=273862 Ack=144 Win=65024 Len=1448 TSval=2916040227 TSecr=3045559998 [TCP segment of a reassembled PDU]"
"53709","36.146388145","192.168.1.55","192.168.1.2","TCP","1514","8004  >  36610 [PSH, ACK] Seq=275310 Ack=144 Win=65024 Len=1448 TSval=2916040227 TSecr=3045559998 [TCP segment of a reassembled PDU]"
"53710","36.146392645","192.168.1.2","192.168.1.55","TCP","66","36610  >  8004 [ACK] Seq=144 Ack=220286 Win=77824 Len=0 TSval=3045559999 TSecr=2916040217"
"53711","36.146399423","192.168.1.2","192.168.1.55","TCP","66","36610  >  8004 [ACK] Seq=144 Ack=233318 Win=80896 Len=0 TSval=3045559999 TSecr=2916040219"
"53712","36.146432608","192.168.1.55","192.168.1.2","TCP","1514","8004  >  36610 [ACK] Seq=276758 Ack=144 Win=65024 Len=1448 TSval=2916040227 TSecr=3045559999 [TCP segment of a reassembled PDU]"
"53713","36.146434553","192.168.1.55","192.168.1.2","TCP","1514","8004  >  36610 [ACK] Seq=278206 Ack=144 Win=65024 Len=1448 TSval=2916040227 TSecr=3045559999 [TCP segment of a reassembled PDU]"
"53714","36.146435812","192.168.1.55","192.168.1.2","TCP","1514","8004  >  36610 [ACK] Seq=279654 Ack=144 Win=65024 Len=1448 TSval=2916040227 TSecr=3045559999 [TCP segment of a reassembled PDU]"
"53715","36.146437182","192.168.1.55","192.168.1.2","TCP","1514","8004  >  36610 [ACK] Seq=281102 Ack=144 Win=65024 Len=1448 TSval=2916040227 TSecr=3045559999 [TCP segment of a reassembled PDU]"
"53716","36.146438553","192.168.1.55","192.168.1.2","TCP","1514","8004  >  36610 [ACK] Seq=282550 Ack=144 Win=65024 Len=1448 TSval=2916040227 TSecr=3045559999 [TCP segment of a reassembled PDU]"
"53717","36.146439812","192.168.1.55","192.168.1.2","TCP","1514","8004  >  36610 [ACK] Seq=283998 Ack=144 Win=65024 Len=1448 TSval=2916040227 TSecr=3045559999 [TCP segment of a reassembled PDU]"
"53718","36.146441219","192.168.1.55","192.168.1.2","TCP","1514","8004  >  36610 [ACK] Seq=285446 Ack=144 Win=65024 Len=1448 TSval=2916040227 TSecr=3045559999 [TCP segment of a reassembled PDU]"
"53719","36.146442534","192.168.1.55","192.168.1.2","TCP","1514","8004  >  36610 [ACK] Seq=286894 Ack=144 Win=65024 Len=1448 TSval=2916040227 TSecr=3045559999 [TCP segment of a reassembled PDU]"
"53720","36.146443849","192.168.1.55","192.168.1.2","TCP","1514","8004  >  36610 [ACK] Seq=288342 Ack=144 Win=65024 Len=1448 TSval=2916040227 TSecr=3045559999 [TCP segment of a reassembled PDU]"
"53721","36.146445294","192.168.1.55","192.168.1.2","TCP","1514","8004  >  36610 [ACK] Seq=289790 Ack=144 Win=65024 Len=1448 TSval=2916040227 TSecr=3045559999 [TCP segment of a reassembled PDU]"
"53722","36.146446608","192.168.1.55","192.168.1.2","TCP","1514","8004  >  36610 [ACK] Seq=291238 Ack=144 Win=65024 Len=1448 TSval=2916040227 TSecr=3045559999 [TCP segment of a reassembled PDU]"
"53723","36.146447905","192.168.1.55","192.168.1.2","TCP","1514","8004  >  36610 [ACK] Seq=292686 Ack=144 Win=65024 Len=1448 TSval=2916040227 TSecr=3045559999 [TCP segment of a reassembled PDU]"
"53724","36.146449219","192.168.1.55","192.168.1.2","TCP","1514","8004  >  36610 [ACK] Seq=294134 Ack=144 Win=65024 Len=1448 TSval=2916040227 TSecr=3045559999 [TCP segment of a reassembled PDU]"
"53725","36.146450497","192.168.1.55","192.168.1.2","TCP","1514","8004  >  36610 [ACK] Seq=295582 Ack=144 Win=65024 Len=1448 TSval=2916040227 TSecr=3045559999 [TCP segment of a reassembled PDU]"
"53726","36.146452034","192.168.1.55","192.168.1.2","TCP","1514","8004  >  36610 [ACK] Seq=297030 Ack=144 Win=65024 Len=1448 TSval=2916040227 TSecr=3045559999 [TCP segment of a reassembled PDU]"
"53727","36.146453294","192.168.1.55","192.168.1.2","TCP","1514","8004  >  36610 [ACK] Seq=298478 Ack=144 Win=65024 Len=1448 TSval=2916040227 TSecr=3045559999 [TCP segment of a reassembled PDU]"
"53728","36.146454627","192.168.1.55","192.168.1.2","TCP","1514","8004  >  36610 [ACK] Seq=299926 Ack=144 Win=65024 Len=1448 TSval=2916040227 TSecr=3045559999 [TCP segment of a reassembled PDU]"
"53729","36.146456108","192.168.1.55","192.168.1.2","TCP","1514","8004  >  36610 [ACK] Seq=301374 Ack=144 Win=65024 Len=1448 TSval=2916040227 TSecr=3045559999 [TCP segment of a reassembled PDU]"
"53730","36.146457442","192.168.1.55","192.168.1.2","TCP","1514","8004  >  36610 [ACK] Seq=302822 Ack=144 Win=65024 Len=1448 TSval=2916040227 TSecr=3045559999 [TCP segment of a reassembled PDU]"
"53731","36.146458849","192.168.1.55","192.168.1.2","TCP","1514","8004  >  36610 [ACK] Seq=304270 Ack=144 Win=65024 Len=1448 TSval=2916040227 TSecr=3045559999 [TCP segment of a reassembled PDU]"
"53732","36.146460331","192.168.1.55","192.168.1.2","TCP","1514","8004  >  36610 [ACK] Seq=305718 Ack=144 Win=65024 Len=1448 TSval=2916040227 TSecr=3045559999 [TCP segment of a reassembled PDU]"
"53733","36.146461719","192.168.1.55","192.168.1.2","TCP","1514","8004  >  36610 [ACK] Seq=307166 Ack=144 Win=65024 Len=1448 TSval=2916040227 TSecr=3045559999 [TCP segment of a reassembled PDU]"
"53734","36.146463349","192.168.1.55","192.168.1.2","TCP","1514","8004  >  36610 [PSH, ACK] Seq=308614 Ack=144 Win=65024 Len=1448 TSval=2916040227 TSecr=3045559999 [TCP segment of a reassembled PDU]"
"53735","36.151381690","192.168.1.2","192.168.1.55","TCP","66","36610  >  8004 [ACK] Seq=144 Ack=243454 Win=81920 Len=0 TSval=3045560001 TSecr=2916040219"
"53736","36.151401209","192.168.1.55","192.168.1.2","TCP","1514","8004  >  36610 [ACK] Seq=310062 Ack=144 Win=65024 Len=1448 TSval=2916040232 TSecr=3045560001 [TCP segment of a reassembled PDU]"
"53737","36.151404098","192.168.1.55","192.168.1.2","TCP","1514","8004  >  36610 [ACK] Seq=311510 Ack=144 Win=65024 Len=1448 TSval=2916040232 TSecr=3045560001 [TCP segment of a reassembled PDU]"
"53738","36.151405061","192.168.1.55","192.168.1.2","TCP","1514","8004  >  36610 [ACK] Seq=312958 Ack=144 Win=65024 Len=1448 TSval=2916040232 TSecr=3045560001 [TCP segment of a reassembled PDU]"
"53739","36.151406024","192.168.1.55","192.168.1.2","TCP","1514","8004  >  36610 [ACK] Seq=314406 Ack=144 Win=65024 Len=1448 TSval=2916040232 TSecr=3045560001 [TCP segment of a reassembled PDU]"
"53740","36.151407079","192.168.1.55","192.168.1.2","TCP","1514","8004  >  36610 [ACK] Seq=315854 Ack=144 Win=65024 Len=1448 TSval=2916040232 TSecr=3045560001 [TCP segment of a reassembled PDU]"
"53741","36.151408061","192.168.1.55","192.168.1.2","TCP","1514","8004  >  36610 [ACK] Seq=317302 Ack=144 Win=65024 Len=1448 TSval=2916040232 TSecr=3045560001 [TCP segment of a reassembled PDU]"
"53742","36.151409061","192.168.1.55","192.168.1.2","TCP","1514","8004  >  36610 [ACK] Seq=318750 Ack=144 Win=65024 Len=1448 TSval=2916040232 TSecr=3045560001 [TCP segment of a reassembled PDU]"
"53743","36.151410042","192.168.1.55","192.168.1.2","TCP","1514","8004  >  36610 [ACK] Seq=320198 Ack=144 Win=65024 Len=1448 TSval=2916040232 TSecr=3045560001 [TCP segment of a reassembled PDU]"
"53744","36.151411116","192.168.1.55","192.168.1.2","TCP","1514","8004  >  36610 [ACK] Seq=321646 Ack=144 Win=65024 Len=1448 TSval=2916040232 TSecr=3045560001 [TCP segment of a reassembled PDU]"
"53745","36.151412172","192.168.1.55","192.168.1.2","TCP","1514","8004  >  36610 [ACK] Seq=323094 Ack=144 Win=65024 Len=1448 TSval=2916040232 TSecr=3045560001 [TCP segment of a reassembled PDU]"
"53746","36.151413135","192.168.1.55","192.168.1.2","TCP","898","[TCP Window Full] 8004  >  36610 [PSH, ACK] Seq=324542 Ack=144 Win=65024 Len=832 TSval=2916040232 TSecr=3045560001 [TCP segment of a reassembled PDU]"
"53747","36.152252155","192.168.1.2","192.168.1.55","TCP","66","36610  >  8004 [ACK] Seq=144 Ack=244902 Win=88064 Len=0 TSval=3045560002 TSecr=2916040222"
"53748","36.152362377","192.168.1.2","192.168.1.55","TCP","66","36610  >  8004 [ACK] Seq=144 Ack=253590 Win=88064 Len=0 TSval=3045560007 TSecr=2916040222"
"53749","36.153823935","192.168.1.2","192.168.1.55","TCP","66","36610  >  8004 [ACK] Seq=144 Ack=265174 Win=111616 Len=0 TSval=3045560008 TSecr=2916040226"
"53750","36.153896546","192.168.1.55","192.168.1.2","TCP","1514","8004  >  36610 [ACK] Seq=325374 Ack=144 Win=65024 Len=1448 TSval=2916040234 TSecr=3045560008 [TCP segment of a reassembled PDU]"
"53751","36.153903380","192.168.1.55","192.168.1.2","TCP","1514","8004  >  36610 [ACK] Seq=326822 Ack=144 Win=65024 Len=1448 TSval=2916040234 TSecr=3045560008 [TCP segment of a reassembled PDU]"
"53752","36.153906306","192.168.1.55","192.168.1.2","TCP","1514","8004  >  36610 [ACK] Seq=328270 Ack=144 Win=65024 Len=1448 TSval=2916040234 TSecr=3045560008 [TCP segment of a reassembled PDU]"
"53753","36.153908046","192.168.1.55","192.168.1.2","TCP","1514","8004  >  36610 [ACK] Seq=329718 Ack=144 Win=65024 Len=1448 TSval=2916040234 TSecr=3045560008 [TCP segment of a reassembled PDU]"
"53754","36.153910139","192.168.1.55","192.168.1.2","TCP","1514","8004  >  36610 [ACK] Seq=331166 Ack=144 Win=65024 Len=1448 TSval=2916040234 TSecr=3045560008 [TCP segment of a reassembled PDU]"
"53755","36.153912268","192.168.1.55","192.168.1.2","TCP","1514","8004  >  36610 [ACK] Seq=332614 Ack=144 Win=65024 Len=1448 TSval=2916040234 TSecr=3045560008 [TCP segment of a reassembled PDU]"
"53756","36.153914287","192.168.1.55","192.168.1.2","TCP","1514","8004  >  36610 [ACK] Seq=334062 Ack=144 Win=65024 Len=1448 TSval=2916040234 TSecr=3045560008 [TCP segment of a reassembled PDU]"
"53757","36.153916231","192.168.1.55","192.168.1.2","TCP","1514","8004  >  36610 [ACK] Seq=335510 Ack=144 Win=65024 Len=1448 TSval=2916040234 TSecr=3045560008 [TCP segment of a reassembled PDU]"
"53758","36.153917806","192.168.1.55","192.168.1.2","TCP","1514","8004  >  36610 [ACK] Seq=336958 Ack=144 Win=65024 Len=1448 TSval=2916040234 TSecr=3045560008 [TCP segment of a reassembled PDU]"
"53759","36.153920880","192.168.1.55","192.168.1.2","TCP","1514","8004  >  36610 [ACK] Seq=338406 Ack=144 Win=65024 Len=1448 TSval=2916040234 TSecr=3045560008 [TCP segment of a reassembled PDU]"
"53760","36.153922528","192.168.1.55","192.168.1.2","TCP","1514","8004  >  36610 [ACK] Seq=339854 Ack=144 Win=65024 Len=1448 TSval=2916040234 TSecr=3045560008 [TCP segment of a reassembled PDU]"
"53761","36.153924306","192.168.1.55","192.168.1.2","TCP","1514","8004  >  36610 [PSH, ACK] Seq=341302 Ack=144 Win=65024 Len=1448 TSval=2916040234 TSecr=3045560008 [TCP segment of a reassembled PDU]"
"53762","36.153936657","192.168.1.55","192.168.1.2","TCP","682","8004  >  36610 [ACK] Seq=342750 Ack=144 Win=65024 Len=616 TSval=2916040234 TSecr=3045560008 [TCP segment of a reassembled PDU]"
"53763","36.153993732","192.168.1.55","192.168.1.2","TCP","1514","8004  >  36610 [ACK] Seq=343366 Ack=144 Win=65024 Len=1448 TSval=2916040234 TSecr=3045560008 [TCP segment of a reassembled PDU]"
"53764","36.153996806","192.168.1.55","192.168.1.2","TCP","1514","8004  >  36610 [ACK] Seq=344814 Ack=144 Win=65024 Len=1448 TSval=2916040234 TSecr=3045560008 [TCP segment of a reassembled PDU]"
"53765","36.153998491","192.168.1.55","192.168.1.2","TCP","1514","8004  >  36610 [ACK] Seq=346262 Ack=144 Win=65024 Len=1448 TSval=2916040234 TSecr=3045560008 [TCP segment of a reassembled PDU]"
"53766","36.153999898","192.168.1.55","192.168.1.2","TCP","1514","8004  >  36610 [ACK] Seq=347710 Ack=144 Win=65024 Len=1448 TSval=2916040234 TSecr=3045560008 [TCP segment of a reassembled PDU]"
"53767","36.154001435","192.168.1.55","192.168.1.2","TCP","1514","8004  >  36610 [ACK] Seq=349158 Ack=144 Win=65024 Len=1448 TSval=2916040234 TSecr=3045560008 [TCP segment of a reassembled PDU]"
"53768","36.154002417","192.168.1.55","192.168.1.2","TCP","1514","8004  >  36610 [ACK] Seq=350606 Ack=144 Win=65024 Len=1448 TSval=2916040234 TSecr=3045560008 [TCP segment of a reassembled PDU]"
"53769","36.154004028","192.168.1.55","192.168.1.2","TCP","1514","8004  >  36610 [ACK] Seq=352054 Ack=144 Win=65024 Len=1448 TSval=2916040234 TSecr=3045560008 [TCP segment of a reassembled PDU]"
"53770","36.154005250","192.168.1.55","192.168.1.2","TCP","1514","8004  >  36610 [ACK] Seq=353502 Ack=144 Win=65024 Len=1448 TSval=2916040234 TSecr=3045560008 [TCP segment of a reassembled PDU]"
"53771","36.154006232","192.168.1.55","192.168.1.2","TCP","1514","8004  >  36610 [ACK] Seq=354950 Ack=144 Win=65024 Len=1448 TSval=2916040234 TSecr=3045560008 [TCP segment of a reassembled PDU]"
"53772","36.154007398","192.168.1.55","192.168.1.2","TCP","1514","8004  >  36610 [ACK] Seq=356398 Ack=144 Win=65024 Len=1448 TSval=2916040234 TSecr=3045560008 [TCP segment of a reassembled PDU]"
"53773","36.154008417","192.168.1.55","192.168.1.2","TCP","1514","8004  >  36610 [ACK] Seq=357846 Ack=144 Win=65024 Len=1448 TSval=2916040234 TSecr=3045560008 [TCP segment of a reassembled PDU]"
"53774","36.154010158","192.168.1.55","192.168.1.2","TCP","1514","8004  >  36610 [ACK] Seq=359294 Ack=144 Win=65024 Len=1448 TSval=2916040234 TSecr=3045560008 [TCP segment of a reassembled PDU]"
"53775","36.154011343","192.168.1.55","192.168.1.2","TCP","1514","8004  >  36610 [ACK] Seq=360742 Ack=144 Win=65024 Len=1448 TSval=2916040234 TSecr=3045560008 [TCP segment of a reassembled PDU]"
"53776","36.154012509","192.168.1.55","192.168.1.2","TCP","1514","8004  >  36610 [ACK] Seq=362190 Ack=144 Win=65024 Len=1448 TSval=2916040234 TSecr=3045560008 [TCP segment of a reassembled PDU]"
"53777","36.154014232","192.168.1.55","192.168.1.2","TCP","1514","8004  >  36610 [ACK] Seq=363638 Ack=144 Win=65024 Len=1448 TSval=2916040234 TSecr=3045560008 [TCP segment of a reassembled PDU]"
"53778","36.154015195","192.168.1.55","192.168.1.2","TCP","1514","8004  >  36610 [ACK] Seq=365086 Ack=144 Win=65024 Len=1448 TSval=2916040234 TSecr=3045560008 [TCP segment of a reassembled PDU]"
"53779","36.154016417","192.168.1.55","192.168.1.2","TCP","1514","8004  >  36610 [ACK] Seq=366534 Ack=144 Win=65024 Len=1448 TSval=2916040234 TSecr=3045560008 [TCP segment of a reassembled PDU]"
"53780","36.154017565","192.168.1.55","192.168.1.2","TCP","1514","8004  >  36610 [ACK] Seq=367982 Ack=144 Win=65024 Len=1448 TSval=2916040234 TSecr=3045560008 [TCP segment of a reassembled PDU]"
"53781","36.154019102","192.168.1.55","192.168.1.2","TCP","1514","8004  >  36610 [ACK] Seq=369430 Ack=144 Win=65024 Len=1448 TSval=2916040234 TSecr=3045560008 [TCP segment of a reassembled PDU]"
"53782","36.154020472","192.168.1.55","192.168.1.2","TCP","1514","8004  >  36610 [ACK] Seq=370878 Ack=144 Win=65024 Len=1448 TSval=2916040234 TSecr=3045560008 [TCP segment of a reassembled PDU]"
"53783","36.154021472","192.168.1.55","192.168.1.2","TCP","1514","8004  >  36610 [ACK] Seq=372326 Ack=144 Win=65024 Len=1448 TSval=2916040234 TSecr=3045560008 [TCP segment of a reassembled PDU]"
"53784","36.154023046","192.168.1.55","192.168.1.2","TCP","1514","8004  >  36610 [ACK] Seq=373774 Ack=144 Win=65024 Len=1448 TSval=2916040234 TSecr=3045560008 [TCP segment of a reassembled PDU]"
"53785","36.154025139","192.168.1.55","192.168.1.2","TCP","1514","8004  >  36610 [PSH, ACK] Seq=375222 Ack=144 Win=65024 Len=1448 TSval=2916040234 TSecr=3045560008 [TCP segment of a reassembled PDU]"
"53786","36.154083565","192.168.1.2","192.168.1.55","TCP","66","36610  >  8004 [ACK] Seq=144 Ack=276758 Win=118784 Len=0 TSval=3045560008 TSecr=2916040227"
"53787","36.154092917","192.168.1.2","192.168.1.55","TCP","66","36610  >  8004 [ACK] Seq=144 Ack=310062 Win=109568 Len=0 TSval=3045560008 TSecr=2916040227"
"53788","36.154176399","192.168.1.55","192.168.1.2","TCP","1514","8004  >  36610 [ACK] Seq=376670 Ack=144 Win=65024 Len=1448 TSval=2916040234 TSecr=3045560008 [TCP segment of a reassembled PDU]"
"53789","36.154181769","192.168.1.55","192.168.1.2","TCP","1514","8004  >  36610 [ACK] Seq=378118 Ack=144 Win=65024 Len=1448 TSval=2916040234 TSecr=3045560008 [TCP segment of a reassembled PDU]"
"53790","36.154183232","192.168.1.55","192.168.1.2","TCP","1514","8004  >  36610 [ACK] Seq=379566 Ack=144 Win=65024 Len=1448 TSval=2916040234 TSecr=3045560008 [TCP segment of a reassembled PDU]"
"53791","36.154185510","192.168.1.55","192.168.1.2","TCP","1514","8004  >  36610 [ACK] Seq=381014 Ack=144 Win=65024 Len=1448 TSval=2916040234 TSecr=3045560008 [TCP segment of a reassembled PDU]"
"53792","36.154188787","192.168.1.55","192.168.1.2","TCP","1514","8004  >  36610 [ACK] Seq=382462 Ack=144 Win=65024 Len=1448 TSval=2916040234 TSecr=3045560008 [TCP segment of a reassembled PDU]"
"53793","36.154190139","192.168.1.55","192.168.1.2","TCP","1514","8004  >  36610 [ACK] Seq=383910 Ack=144 Win=65024 Len=1448 TSval=2916040234 TSecr=3045560008 [TCP segment of a reassembled PDU]"
"53794","36.154192491","192.168.1.55","192.168.1.2","TCP","1514","8004  >  36610 [ACK] Seq=385358 Ack=144 Win=65024 Len=1448 TSval=2916040234 TSecr=3045560008 [TCP segment of a reassembled PDU]"
"53795","36.154194287","192.168.1.55","192.168.1.2","TCP","1514","8004  >  36610 [ACK] Seq=386806 Ack=144 Win=65024 Len=1448 TSval=2916040234 TSecr=3045560008 [TCP segment of a reassembled PDU]"
"53796","36.154195954","192.168.1.55","192.168.1.2","TCP","1514","8004  >  36610 [ACK] Seq=388254 Ack=144 Win=65024 Len=1448 TSval=2916040234 TSecr=3045560008 [TCP segment of a reassembled PDU]"
"53797","36.154197658","192.168.1.55","192.168.1.2","TCP","1514","8004  >  36610 [ACK] Seq=389702 Ack=144 Win=65024 Len=1448 TSval=2916040234 TSecr=3045560008 [TCP segment of a reassembled PDU]"
"53798","36.154200936","192.168.1.55","192.168.1.2","TCP","1514","8004  >  36610 [ACK] Seq=391150 Ack=144 Win=65024 Len=1448 TSval=2916040234 TSecr=3045560008 [TCP segment of a reassembled PDU]"
"53799","36.154203121","192.168.1.55","192.168.1.2","TCP","1514","8004  >  36610 [ACK] Seq=392598 Ack=144 Win=65024 Len=1448 TSval=2916040234 TSecr=3045560008 [TCP segment of a reassembled PDU]"
"53800","36.154204825","192.168.1.55","192.168.1.2","TCP","1514","8004  >  36610 [ACK] Seq=394046 Ack=144 Win=65024 Len=1448 TSval=2916040234 TSecr=3045560008 [TCP segment of a reassembled PDU]"
"53801","36.154206676","192.168.1.55","192.168.1.2","TCP","1514","8004  >  36610 [ACK] Seq=395494 Ack=144 Win=65024 Len=1448 TSval=2916040234 TSecr=3045560008 [TCP segment of a reassembled PDU]"
"53802","36.154208325","192.168.1.55","192.168.1.2","TCP","1514","8004  >  36610 [ACK] Seq=396942 Ack=144 Win=65024 Len=1448 TSval=2916040234 TSecr=3045560008 [TCP segment of a reassembled PDU]"
"53803","36.154210454","192.168.1.55","192.168.1.2","TCP","1514","8004  >  36610 [ACK] Seq=398390 Ack=144 Win=65024 Len=1448 TSval=2916040234 TSecr=3045560008 [TCP segment of a reassembled PDU]"
"53804","36.154212917","192.168.1.55","192.168.1.2","TCP","1514","8004  >  36610 [ACK] Seq=399838 Ack=144 Win=65024 Len=1448 TSval=2916040234 TSecr=3045560008 [TCP segment of a reassembled PDU]"
"53805","36.154215195","192.168.1.55","192.168.1.2","TCP","1514","8004  >  36610 [ACK] Seq=401286 Ack=144 Win=65024 Len=1448 TSval=2916040234 TSecr=3045560008 [TCP segment of a reassembled PDU]"
"53806","36.154217325","192.168.1.55","192.168.1.2","TCP","1514","8004  >  36610 [ACK] Seq=402734 Ack=144 Win=65024 Len=1448 TSval=2916040234 TSecr=3045560008 [TCP segment of a reassembled PDU]"
"53807","36.154219454","192.168.1.55","192.168.1.2","TCP","1514","8004  >  36610 [ACK] Seq=404182 Ack=144 Win=65024 Len=1448 TSval=2916040234 TSecr=3045560008 [TCP segment of a reassembled PDU]"
"53808","36.154222880","192.168.1.55","192.168.1.2","TCP","1514","8004  >  36610 [ACK] Seq=405630 Ack=144 Win=65024 Len=1448 TSval=2916040234 TSecr=3045560008 [TCP segment of a reassembled PDU]"
"53809","36.154225176","192.168.1.55","192.168.1.2","TCP","1514","8004  >  36610 [ACK] Seq=407078 Ack=144 Win=65024 Len=1448 TSval=2916040234 TSecr=3045560008 [TCP segment of a reassembled PDU]"
"53810","36.154226658","192.168.1.55","192.168.1.2","TCP","1514","8004  >  36610 [PSH, ACK] Seq=408526 Ack=144 Win=65024 Len=1448 TSval=2916040234 TSecr=3045560008 [TCP segment of a reassembled PDU]"
"53811","36.155452864","192.168.1.55","192.168.1.2","TCP","1514","8004  >  36610 [ACK] Seq=409974 Ack=144 Win=65024 Len=1448 TSval=2916040236 TSecr=3045560008 [TCP segment of a reassembled PDU]"
"53812","36.155463123","192.168.1.55","192.168.1.2","TCP","1514","8004  >  36610 [ACK] Seq=411422 Ack=144 Win=65024 Len=1448 TSval=2916040236 TSecr=3045560008 [TCP segment of a reassembled PDU]"
"53813","36.155465141","192.168.1.55","192.168.1.2","TCP","1514","8004  >  36610 [ACK] Seq=412870 Ack=144 Win=65024 Len=1448 TSval=2916040236 TSecr=3045560008 [TCP segment of a reassembled PDU]"
"53814","36.155466419","192.168.1.55","192.168.1.2","TCP","1514","8004  >  36610 [ACK] Seq=414318 Ack=144 Win=65024 Len=1448 TSval=2916040236 TSecr=3045560008 [TCP segment of a reassembled PDU]"
"53815","36.155470160","192.168.1.55","192.168.1.2","TCP","1514","8004  >  36610 [ACK] Seq=415766 Ack=144 Win=65024 Len=1448 TSval=2916040236 TSecr=3045560008 [TCP segment of a reassembled PDU]"
"53816","36.155471586","192.168.1.55","192.168.1.2","TCP","1514","8004  >  36610 [PSH, ACK] Seq=417214 Ack=144 Win=65024 Len=1448 TSval=2916040236 TSecr=3045560008 [TCP segment of a reassembled PDU]"
"53817","36.160354538","192.168.1.2","192.168.1.55","TCP","66","36610  >  8004 [ACK] Seq=144 Ack=317302 Win=128000 Len=0 TSval=3045560011 TSecr=2916040232"
"53818","36.160404612","192.168.1.55","192.168.1.2","TCP","1514","8004  >  36610 [ACK] Seq=418662 Ack=144 Win=65024 Len=1448 TSval=2916040241 TSecr=3045560011 [TCP segment of a reassembled PDU]"
"53819","36.160410964","192.168.1.55","192.168.1.2","TCP","1514","8004  >  36610 [ACK] Seq=420110 Ack=144 Win=65024 Len=1448 TSval=2916040241 TSecr=3045560011 [TCP segment of a reassembled PDU]"
"53820","36.160411983","192.168.1.55","192.168.1.2","TCP","1514","8004  >  36610 [ACK] Seq=421558 Ack=144 Win=65024 Len=1448 TSval=2916040241 TSecr=3045560011 [TCP segment of a reassembled PDU]"
"53821","36.160412909","192.168.1.55","192.168.1.2","TCP","1514","8004  >  36610 [ACK] Seq=423006 Ack=144 Win=65024 Len=1448 TSval=2916040241 TSecr=3045560011 [TCP segment of a reassembled PDU]"
"53822","36.160413927","192.168.1.55","192.168.1.2","TCP","1514","8004  >  36610 [ACK] Seq=424454 Ack=144 Win=65024 Len=1448 TSval=2916040241 TSecr=3045560011 [TCP segment of a reassembled PDU]"
"53823","36.160415112","192.168.1.55","192.168.1.2","TCP","1514","8004  >  36610 [ACK] Seq=425902 Ack=144 Win=65024 Len=1448 TSval=2916040241 TSecr=3045560011 [TCP segment of a reassembled PDU]"
"53824","36.160416297","192.168.1.55","192.168.1.2","TCP","1514","8004  >  36610 [ACK] Seq=427350 Ack=144 Win=65024 Len=1448 TSval=2916040241 TSecr=3045560011 [TCP segment of a reassembled PDU]"
"53825","36.160417223","192.168.1.55","192.168.1.2","TCP","1514","8004  >  36610 [ACK] Seq=428798 Ack=144 Win=65024 Len=1448 TSval=2916040241 TSecr=3045560011 [TCP segment of a reassembled PDU]"
"53826","36.160418131","192.168.1.55","192.168.1.2","TCP","1514","8004  >  36610 [ACK] Seq=430246 Ack=144 Win=65024 Len=1448 TSval=2916040241 TSecr=3045560011 [TCP segment of a reassembled PDU]"
"53827","36.160419038","192.168.1.55","192.168.1.2","TCP","1514","8004  >  36610 [ACK] Seq=431694 Ack=144 Win=65024 Len=1448 TSval=2916040241 TSecr=3045560011 [TCP segment of a reassembled PDU]"
"53828","36.160420131","192.168.1.55","192.168.1.2","TCP","1514","8004  >  36610 [ACK] Seq=433142 Ack=144 Win=65024 Len=1448 TSval=2916040241 TSecr=3045560011 [TCP segment of a reassembled PDU]"
"53829","36.160421075","192.168.1.55","192.168.1.2","TCP","1514","8004  >  36610 [ACK] Seq=434590 Ack=144 Win=65024 Len=1448 TSval=2916040241 TSecr=3045560011 [TCP segment of a reassembled PDU]"
"53830","36.160422038","192.168.1.55","192.168.1.2","TCP","1514","8004  >  36610 [ACK] Seq=436038 Ack=144 Win=65024 Len=1448 TSval=2916040241 TSecr=3045560011 [TCP segment of a reassembled PDU]"
"53831","36.160423075","192.168.1.55","192.168.1.2","TCP","1514","8004  >  36610 [ACK] Seq=437486 Ack=144 Win=65024 Len=1448 TSval=2916040241 TSecr=3045560011 [TCP segment of a reassembled PDU]"
"53832","36.160424705","192.168.1.55","192.168.1.2","TCP","1514","8004  >  36610 [ACK] Seq=438934 Ack=144 Win=65024 Len=1448 TSval=2916040241 TSecr=3045560011 [TCP segment of a reassembled PDU]"
"53833","36.160425686","192.168.1.55","192.168.1.2","TCP","1514","8004  >  36610 [ACK] Seq=440382 Ack=144 Win=65024 Len=1448 TSval=2916040241 TSecr=3045560011 [TCP segment of a reassembled PDU]"
"53834","36.160426575","192.168.1.55","192.168.1.2","TCP","1514","8004  >  36610 [PSH, ACK] Seq=441830 Ack=144 Win=65024 Len=1448 TSval=2916040241 TSecr=3045560011 [TCP segment of a reassembled PDU]"
"53835","36.160478853","192.168.1.2","192.168.1.55","TCP","66","36610  >  8004 [ACK] Seq=144 Ack=325374 Win=121856 Len=0 TSval=3045560011 TSecr=2916040232"
"53836","36.160487612","192.168.1.2","192.168.1.55","TCP","66","36610  >  8004 [ACK] Seq=144 Ack=342750 Win=122880 Len=0 TSval=3045560015 TSecr=2916040234"
"53837","36.163765007","192.168.1.2","192.168.1.55","TCP","66","36610  >  8004 [ACK] Seq=144 Ack=370878 Win=116736 Len=0 TSval=3045560015 TSecr=2916040234"
"53838","36.163792025","192.168.1.55","192.168.1.2","TCP","1514","8004  >  36610 [ACK] Seq=443278 Ack=144 Win=65024 Len=1448 TSval=2916040244 TSecr=3045560015 [TCP segment of a reassembled PDU]"
"53839","36.163799321","192.168.1.55","192.168.1.2","TCP","1514","8004  >  36610 [ACK] Seq=444726 Ack=144 Win=65024 Len=1448 TSval=2916040244 TSecr=3045560015 [TCP segment of a reassembled PDU]"
"53840","36.163800766","192.168.1.55","192.168.1.2","TCP","1514","8004  >  36610 [ACK] Seq=446174 Ack=144 Win=65024 Len=1448 TSval=2916040244 TSecr=3045560015 [TCP segment of a reassembled PDU]"
"53841","36.163801803","192.168.1.55","192.168.1.2","TCP","1514","8004  >  36610 [ACK] Seq=447622 Ack=144 Win=65024 Len=1448 TSval=2916040244 TSecr=3045560015 [TCP segment of a reassembled PDU]"
"53842","36.163802784","192.168.1.55","192.168.1.2","TCP","1514","8004  >  36610 [ACK] Seq=449070 Ack=144 Win=65024 Len=1448 TSval=2916040244 TSecr=3045560015 [TCP segment of a reassembled PDU]"
"53843","36.163803692","192.168.1.55","192.168.1.2","TCP","1514","8004  >  36610 [ACK] Seq=450518 Ack=144 Win=65024 Len=1448 TSval=2916040244 TSecr=3045560015 [TCP segment of a reassembled PDU]"
"53844","36.163804710","192.168.1.55","192.168.1.2","TCP","1514","8004  >  36610 [ACK] Seq=451966 Ack=144 Win=65024 Len=1448 TSval=2916040244 TSecr=3045560015 [TCP segment of a reassembled PDU]"
"53845","36.163805692","192.168.1.55","192.168.1.2","TCP","1514","8004  >  36610 [ACK] Seq=453414 Ack=144 Win=65024 Len=1448 TSval=2916040244 TSecr=3045560015 [TCP segment of a reassembled PDU]"
"53846","36.163806692","192.168.1.55","192.168.1.2","TCP","1514","8004  >  36610 [ACK] Seq=454862 Ack=144 Win=65024 Len=1448 TSval=2916040244 TSecr=3045560015 [TCP segment of a reassembled PDU]"
"53847","36.163807599","192.168.1.55","192.168.1.2","TCP","1514","8004  >  36610 [ACK] Seq=456310 Ack=144 Win=65024 Len=1448 TSval=2916040244 TSecr=3045560015 [TCP segment of a reassembled PDU]"
"53848","36.163808618","192.168.1.55","192.168.1.2","TCP","1514","8004  >  36610 [ACK] Seq=457758 Ack=144 Win=65024 Len=1448 TSval=2916040244 TSecr=3045560015 [TCP segment of a reassembled PDU]"
"53849","36.163809692","192.168.1.55","192.168.1.2","TCP","1514","8004  >  36610 [ACK] Seq=459206 Ack=144 Win=65024 Len=1448 TSval=2916040244 TSecr=3045560015 [TCP segment of a reassembled PDU]"
"53850","36.163810581","192.168.1.55","192.168.1.2","TCP","1514","8004  >  36610 [ACK] Seq=460654 Ack=144 Win=65024 Len=1448 TSval=2916040244 TSecr=3045560015 [TCP segment of a reassembled PDU]"
"53851","36.163811562","192.168.1.55","192.168.1.2","TCP","1514","8004  >  36610 [ACK] Seq=462102 Ack=144 Win=65024 Len=1448 TSval=2916040244 TSecr=3045560015 [TCP segment of a reassembled PDU]"
"53852","36.163812525","192.168.1.55","192.168.1.2","TCP","1514","8004  >  36610 [ACK] Seq=463550 Ack=144 Win=65024 Len=1448 TSval=2916040244 TSecr=3045560015 [TCP segment of a reassembled PDU]"
"53853","36.163813488","192.168.1.55","192.168.1.2","TCP","1514","8004  >  36610 [ACK] Seq=464998 Ack=144 Win=65024 Len=1448 TSval=2916040244 TSecr=3045560015 [TCP segment of a reassembled PDU]"
"53854","36.163814488","192.168.1.55","192.168.1.2","TCP","1514","8004  >  36610 [ACK] Seq=466446 Ack=144 Win=65024 Len=1448 TSval=2916040244 TSecr=3045560015 [TCP segment of a reassembled PDU]"
"53855","36.163815581","192.168.1.55","192.168.1.2","TCP","1514","8004  >  36610 [ACK] Seq=467894 Ack=144 Win=65024 Len=1448 TSval=2916040244 TSecr=3045560015 [TCP segment of a reassembled PDU]"
"53856","36.163816655","192.168.1.55","192.168.1.2","TCP","1514","8004  >  36610 [ACK] Seq=469342 Ack=144 Win=65024 Len=1448 TSval=2916040244 TSecr=3045560015 [TCP segment of a reassembled PDU]"
"53857","36.163817599","192.168.1.55","192.168.1.2","TCP","1514","8004  >  36610 [ACK] Seq=470790 Ack=144 Win=65024 Len=1448 TSval=2916040244 TSecr=3045560015 [TCP segment of a reassembled PDU]"
"53858","36.163818507","192.168.1.55","192.168.1.2","TCP","1514","8004  >  36610 [ACK] Seq=472238 Ack=144 Win=65024 Len=1448 TSval=2916040244 TSecr=3045560015 [TCP segment of a reassembled PDU]"
"53859","36.163819581","192.168.1.55","192.168.1.2","TCP","1514","8004  >  36610 [ACK] Seq=473686 Ack=144 Win=65024 Len=1448 TSval=2916040244 TSecr=3045560015 [TCP segment of a reassembled PDU]"
"53860","36.163820599","192.168.1.55","192.168.1.2","TCP","1514","8004  >  36610 [PSH, ACK] Seq=475134 Ack=144 Win=65024 Len=1448 TSval=2916040244 TSecr=3045560015 [TCP segment of a reassembled PDU]"
"53861","36.164754953","192.168.1.2","192.168.1.55","TCP","66","36610  >  8004 [ACK] Seq=144 Ack=376670 Win=132096 Len=0 TSval=3045560015 TSecr=2916040234"
"53862","36.164798842","192.168.1.55","192.168.1.2","TCP","1514","8004  >  36610 [ACK] Seq=476582 Ack=144 Win=65024 Len=1448 TSval=2916040245 TSecr=3045560015 [TCP segment of a reassembled PDU]"
"53863","36.164801582","192.168.1.55","192.168.1.2","TCP","1514","8004  >  36610 [ACK] Seq=478030 Ack=144 Win=65024 Len=1448 TSval=2916040245 TSecr=3045560015 [TCP segment of a reassembled PDU]"
"53864","36.164802508","192.168.1.55","192.168.1.2","TCP","1514","8004  >  36610 [ACK] Seq=479478 Ack=144 Win=65024 Len=1448 TSval=2916040245 TSecr=3045560015 [TCP segment of a reassembled PDU]"
"53865","36.164803564","192.168.1.55","192.168.1.2","TCP","1514","8004  >  36610 [ACK] Seq=480926 Ack=144 Win=65024 Len=1448 TSval=2916040245 TSecr=3045560015 [TCP segment of a reassembled PDU]"
"53866","36.164804564","192.168.1.55","192.168.1.2","TCP","1514","8004  >  36610 [ACK] Seq=482374 Ack=144 Win=65024 Len=1448 TSval=2916040245 TSecr=3045560015 [TCP segment of a reassembled PDU]"
"53867","36.164805656","192.168.1.55","192.168.1.2","TCP","1514","8004  >  36610 [ACK] Seq=483822 Ack=144 Win=65024 Len=1448 TSval=2916040245 TSecr=3045560015 [TCP segment of a reassembled PDU]"
"53868","36.164806656","192.168.1.55","192.168.1.2","TCP","1514","8004  >  36610 [ACK] Seq=485270 Ack=144 Win=65024 Len=1448 TSval=2916040245 TSecr=3045560015 [TCP segment of a reassembled PDU]"
"53869","36.164807619","192.168.1.55","192.168.1.2","TCP","1514","8004  >  36610 [ACK] Seq=486718 Ack=144 Win=65024 Len=1448 TSval=2916040245 TSecr=3045560015 [TCP segment of a reassembled PDU]"
"53870","36.164808675","192.168.1.55","192.168.1.2","TCP","1514","8004  >  36610 [ACK] Seq=488166 Ack=144 Win=65024 Len=1448 TSval=2916040245 TSecr=3045560015 [TCP segment of a reassembled PDU]"
"53871","36.164809934","192.168.1.55","192.168.1.2","TCP","1514","8004  >  36610 [ACK] Seq=489614 Ack=144 Win=65024 Len=1448 TSval=2916040245 TSecr=3045560015 [TCP segment of a reassembled PDU]"
"53872","36.164810971","192.168.1.55","192.168.1.2","TCP","1514","8004  >  36610 [ACK] Seq=491062 Ack=144 Win=65024 Len=1448 TSval=2916040245 TSecr=3045560015 [TCP segment of a reassembled PDU]"
"53873","36.164811971","192.168.1.55","192.168.1.2","TCP","1514","8004  >  36610 [ACK] Seq=492510 Ack=144 Win=65024 Len=1448 TSval=2916040245 TSecr=3045560015 [TCP segment of a reassembled PDU]"
"53874","36.164813027","192.168.1.55","192.168.1.2","TCP","1514","8004  >  36610 [ACK] Seq=493958 Ack=144 Win=65024 Len=1448 TSval=2916040245 TSecr=3045560015 [TCP segment of a reassembled PDU]"
"53875","36.164814101","192.168.1.55","192.168.1.2","TCP","1514","8004  >  36610 [ACK] Seq=495406 Ack=144 Win=65024 Len=1448 TSval=2916040245 TSecr=3045560015 [TCP segment of a reassembled PDU]"
"53876","36.164815027","192.168.1.55","192.168.1.2","TCP","1514","8004  >  36610 [ACK] Seq=496854 Ack=144 Win=65024 Len=1448 TSval=2916040245 TSecr=3045560015 [TCP segment of a reassembled PDU]"
"53877","36.164815934","192.168.1.55","192.168.1.2","HTTP","222","HTTP/1.0 200 OK  (PNG)"
"53878","36.164820990","192.168.1.2","192.168.1.55","TCP","66","36610  >  8004 [ACK] Seq=144 Ack=408526 Win=113664 Len=0 TSval=3045560015 TSecr=2916040234"
"53879","36.164828934","192.168.1.2","192.168.1.55","TCP","66","36610  >  8004 [ACK] Seq=144 Ack=409974 Win=134144 Len=0 TSval=3045560019 TSecr=2916040234"
"53880","36.164832879","192.168.1.2","192.168.1.55","TCP","66","36610  >  8004 [ACK] Seq=144 Ack=441830 Win=113664 Len=0 TSval=3045560019 TSecr=2916040236"
"53881","36.167452012","192.168.1.2","192.168.1.55","TCP","66","36610  >  8004 [ACK] Seq=144 Ack=443278 Win=134144 Len=0 TSval=3045560020 TSecr=2916040241"
"53882","36.169045700","192.168.1.2","192.168.1.55","TCP","66","36610  >  8004 [ACK] Seq=144 Ack=498302 Win=108544 Len=0 TSval=3045560025 TSecr=2916040244"
"53883","36.170866925","192.168.1.2","192.168.1.55","TCP","66","36610  >  8004 [FIN, ACK] Seq=144 Ack=498459 Win=137216 Len=0 TSval=3045560025 TSecr=2916040245"
"53884","36.170903222","192.168.1.55","192.168.1.2","TCP","66","8004  >  36610 [ACK] Seq=498459 Ack=145 Win=65024 Len=0 TSval=2916040251 TSecr=3045560025"
"53885","36.170959370","192.168.1.2","192.168.1.55","TCP","74","36616  >  8004 [SYN] Seq=0 Win=64240 Len=0 MSS=1460 SACK_PERM TSval=3045560026 TSecr=0 WS=1024"
"53886","36.170993981","192.168.1.55","192.168.1.2","TCP","74","8004  >  36616 [SYN, ACK] Seq=0 Ack=1 Win=65160 Len=0 MSS=1460 SACK_PERM TSval=2916040251 TSecr=3045560026 WS=128"
"53887","36.175045673","192.168.1.2","192.168.1.55","TCP","66","36616  >  8004 [ACK] Seq=1 Ack=1 Win=64512 Len=0 TSval=3045560029 TSecr=2916040251"
"53888","36.178234530","192.168.1.2","192.168.1.55","HTTP","206","GET /stego_benchmark.png HTTP/1.1 "
"53889","36.178271974","192.168.1.55","192.168.1.2","TCP","66","8004  >  36616 [ACK] Seq=1 Ack=141 Win=65024 Len=0 TSval=2916040258 TSecr=3045560029"
"53890","36.178889123","192.168.1.55","192.168.1.2","TCP","255","8004  >  36616 [PSH, ACK] Seq=1 Ack=141 Win=65024 Len=189 TSval=2916040259 TSecr=3045560029 [TCP segment of a reassembled PDU]"
"53891","36.178986346","192.168.1.55","192.168.1.2","TCP","1514","8004  >  36616 [ACK] Seq=190 Ack=141 Win=65024 Len=1448 TSval=2916040259 TSecr=3045560029 [TCP segment of a reassembled PDU]"
"53892","36.178991105","192.168.1.55","192.168.1.2","TCP","1514","8004  >  36616 [ACK] Seq=1638 Ack=141 Win=65024 Len=1448 TSval=2916040259 TSecr=3045560029 [TCP segment of a reassembled PDU]"
"53893","36.178992790","192.168.1.55","192.168.1.2","TCP","1514","8004  >  36616 [ACK] Seq=3086 Ack=141 Win=65024 Len=1448 TSval=2916040259 TSecr=3045560029 [TCP segment of a reassembled PDU]"
"53894","36.178994513","192.168.1.55","192.168.1.2","TCP","1514","8004  >  36616 [ACK] Seq=4534 Ack=141 Win=65024 Len=1448 TSval=2916040259 TSecr=3045560029 [TCP segment of a reassembled PDU]"
"53895","36.178996364","192.168.1.55","192.168.1.2","TCP","1514","8004  >  36616 [PSH, ACK] Seq=5982 Ack=141 Win=65024 Len=1448 TSval=2916040259 TSecr=3045560029 [TCP segment of a reassembled PDU]"
"53896","36.179018346","192.168.1.55","192.168.1.2","TCP","1514","8004  >  36616 [ACK] Seq=7430 Ack=141 Win=65024 Len=1448 TSval=2916040259 TSecr=3045560029 [TCP segment of a reassembled PDU]"
"53897","36.179019753","192.168.1.55","192.168.1.2","TCP","1514","8004  >  36616 [ACK] Seq=8878 Ack=141 Win=65024 Len=1448 TSval=2916040259 TSecr=3045560029 [TCP segment of a reassembled PDU]"
"53898","36.179020809","192.168.1.55","192.168.1.2","TCP","1514","8004  >  36616 [ACK] Seq=10326 Ack=141 Win=65024 Len=1448 TSval=2916040259 TSecr=3045560029 [TCP segment of a reassembled PDU]"
"53899","36.179021883","192.168.1.55","192.168.1.2","TCP","1514","8004  >  36616 [PSH, ACK] Seq=11774 Ack=141 Win=65024 Len=1448 TSval=2916040259 TSecr=3045560029 [TCP segment of a reassembled PDU]"
"53900","36.183719298","192.168.1.2","192.168.1.55","TCP","66","36616  >  8004 [ACK] Seq=141 Ack=190 Win=64512 Len=0 TSval=3045560037 TSecr=2916040259"
"53901","36.183785335","192.168.1.55","192.168.1.2","TCP","1514","8004  >  36616 [ACK] Seq=13222 Ack=141 Win=65024 Len=1448 TSval=2916040264 TSecr=3045560037 [TCP segment of a reassembled PDU]"
"53902","36.183793928","192.168.1.55","192.168.1.2","TCP","1514","8004  >  36616 [PSH, ACK] Seq=14670 Ack=141 Win=65024 Len=1448 TSval=2916040264 TSecr=3045560037 [TCP segment of a reassembled PDU]"
"53903","36.183873502","192.168.1.2","192.168.1.55","TCP","66","36616  >  8004 [ACK] Seq=141 Ack=4534 Win=64512 Len=0 TSval=3045560037 TSecr=2916040259"
"53904","36.183896632","192.168.1.55","192.168.1.2","TCP","1514","8004  >  36616 [ACK] Seq=16118 Ack=141 Win=65024 Len=1448 TSval=2916040264 TSecr=3045560037 [TCP segment of a reassembled PDU]"
"53905","36.183899039","192.168.1.55","192.168.1.2","TCP","1514","8004  >  36616 [ACK] Seq=17566 Ack=141 Win=65024 Len=1448 TSval=2916040264 TSecr=3045560037 [TCP segment of a reassembled PDU]"
"53906","36.183901132","192.168.1.55","192.168.1.2","TCP","1514","8004  >  36616 [ACK] Seq=19014 Ack=141 Win=65024 Len=1448 TSval=2916040264 TSecr=3045560037 [TCP segment of a reassembled PDU]"
"53907","36.183902557","192.168.1.55","192.168.1.2","TCP","1514","8004  >  36616 [ACK] Seq=20462 Ack=141 Win=65024 Len=1448 TSval=2916040264 TSecr=3045560037 [TCP segment of a reassembled PDU]"
"53908","36.183904187","192.168.1.55","192.168.1.2","TCP","1514","8004  >  36616 [ACK] Seq=21910 Ack=141 Win=65024 Len=1448 TSval=2916040264 TSecr=3045560037 [TCP segment of a reassembled PDU]"
"53909","36.183906576","192.168.1.55","192.168.1.2","TCP","1514","8004  >  36616 [PSH, ACK] Seq=23358 Ack=141 Win=65024 Len=1448 TSval=2916040264 TSecr=3045560037 [TCP segment of a reassembled PDU]"
"53910","36.183910928","192.168.1.2","192.168.1.55","TCP","66","36616  >  8004 [ACK] Seq=141 Ack=7430 Win=67584 Len=0 TSval=3045560038 TSecr=2916040259"
"53911","36.183921669","192.168.1.2","192.168.1.55","TCP","66","36616  >  8004 [ACK] Seq=141 Ack=13222 Win=65536 Len=0 TSval=3045560038 TSecr=2916040259"
"53912","36.183953076","192.168.1.55","192.168.1.2","TCP","1514","8004  >  36616 [ACK] Seq=24806 Ack=141 Win=65024 Len=1448 TSval=2916040264 TSecr=3045560038 [TCP segment of a reassembled PDU]"
"53913","36.183955891","192.168.1.55","192.168.1.2","TCP","1514","8004  >  36616 [ACK] Seq=26254 Ack=141 Win=65024 Len=1448 TSval=2916040264 TSecr=3045560038 [TCP segment of a reassembled PDU]"
"53914","36.183957743","192.168.1.55","192.168.1.2","TCP","1514","8004  >  36616 [ACK] Seq=27702 Ack=141 Win=65024 Len=1448 TSval=2916040264 TSecr=3045560038 [TCP segment of a reassembled PDU]"
"53915","36.183959335","192.168.1.55","192.168.1.2","TCP","1514","8004  >  36616 [ACK] Seq=29150 Ack=141 Win=65024 Len=1448 TSval=2916040264 TSecr=3045560038 [TCP segment of a reassembled PDU]"
"53916","36.183960706","192.168.1.55","192.168.1.2","TCP","1514","8004  >  36616 [ACK] Seq=30598 Ack=141 Win=65024 Len=1448 TSval=2916040264 TSecr=3045560038 [TCP segment of a reassembled PDU]"
"53917","36.183962891","192.168.1.55","192.168.1.2","TCP","1514","8004  >  36616 [ACK] Seq=32046 Ack=141 Win=65024 Len=1448 TSval=2916040264 TSecr=3045560038 [TCP segment of a reassembled PDU]"
"53918","36.183964613","192.168.1.55","192.168.1.2","TCP","1514","8004  >  36616 [ACK] Seq=33494 Ack=141 Win=65024 Len=1448 TSval=2916040264 TSecr=3045560038 [TCP segment of a reassembled PDU]"
"53919","36.183966372","192.168.1.55","192.168.1.2","TCP","1514","8004  >  36616 [ACK] Seq=34942 Ack=141 Win=65024 Len=1448 TSval=2916040264 TSecr=3045560038 [TCP segment of a reassembled PDU]"
"53920","36.183968132","192.168.1.55","192.168.1.2","TCP","1514","8004  >  36616 [ACK] Seq=36390 Ack=141 Win=65024 Len=1448 TSval=2916040264 TSecr=3045560038 [TCP segment of a reassembled PDU]"
"53921","36.183970595","192.168.1.55","192.168.1.2","TCP","1514","8004  >  36616 [PSH, ACK] Seq=37838 Ack=141 Win=65024 Len=1448 TSval=2916040264 TSecr=3045560038 [TCP segment of a reassembled PDU]"
"53922","36.184889689","192.168.1.55","192.168.1.2","TCP","1514","8004  >  36616 [ACK] Seq=39286 Ack=141 Win=65024 Len=1448 TSval=2916040265 TSecr=3045560038 [TCP segment of a reassembled PDU]"
"53923","36.184916429","192.168.1.55","192.168.1.2","TCP","1514","8004  >  36616 [PSH, ACK] Seq=40734 Ack=141 Win=65024 Len=1448 TSval=2916040265 TSecr=3045560038 [TCP segment of a reassembled PDU]"
"53924","36.188341713","192.168.1.2","192.168.1.55","TCP","66","36616  >  8004 [ACK] Seq=141 Ack=16118 Win=67584 Len=0 TSval=3045560043 TSecr=2916040264"
"53925","36.188375842","192.168.1.55","192.168.1.2","TCP","1514","8004  >  36616 [ACK] Seq=42182 Ack=141 Win=65024 Len=1448 TSval=2916040269 TSecr=3045560043 [TCP segment of a reassembled PDU]"
"53926","36.188380046","192.168.1.55","192.168.1.2","TCP","1514","8004  >  36616 [PSH, ACK] Seq=43630 Ack=141 Win=65024 Len=1448 TSval=2916040269 TSecr=3045560043 [TCP segment of a reassembled PDU]"
"53927","36.188447861","192.168.1.2","192.168.1.55","TCP","66","36616  >  8004 [ACK] Seq=141 Ack=24806 Win=61440 Len=0 TSval=3045560043 TSecr=2916040264"
"53928","36.188471213","192.168.1.55","192.168.1.2","TCP","1514","8004  >  36616 [ACK] Seq=45078 Ack=141 Win=65024 Len=1448 TSval=2916040269 TSecr=3045560043 [TCP segment of a reassembled PDU]"
"53929","36.188473065","192.168.1.55","192.168.1.2","TCP","1514","8004  >  36616 [ACK] Seq=46526 Ack=141 Win=65024 Len=1448 TSval=2916040269 TSecr=3045560043 [TCP segment of a reassembled PDU]"
"53930","36.188474102","192.168.1.55","192.168.1.2","TCP","1514","8004  >  36616 [ACK] Seq=47974 Ack=141 Win=65024 Len=1448 TSval=2916040269 TSecr=3045560043 [TCP segment of a reassembled PDU]"
"53931","36.188475213","192.168.1.55","192.168.1.2","TCP","1514","8004  >  36616 [ACK] Seq=49422 Ack=141 Win=65024 Len=1448 TSval=2916040269 TSecr=3045560043 [TCP segment of a reassembled PDU]"
"53932","36.188476324","192.168.1.55","192.168.1.2","TCP","1514","8004  >  36616 [ACK] Seq=50870 Ack=141 Win=65024 Len=1448 TSval=2916040269 TSecr=3045560043 [TCP segment of a reassembled PDU]"
"53933","36.188477435","192.168.1.55","192.168.1.2","TCP","1514","8004  >  36616 [ACK] Seq=52318 Ack=141 Win=65024 Len=1448 TSval=2916040269 TSecr=3045560043 [TCP segment of a reassembled PDU]"
"53934","36.188478509","192.168.1.55","192.168.1.2","TCP","1514","8004  >  36616 [ACK] Seq=53766 Ack=141 Win=65024 Len=1448 TSval=2916040269 TSecr=3045560043 [TCP segment of a reassembled PDU]"
"53935","36.188479546","192.168.1.55","192.168.1.2","TCP","1514","8004  >  36616 [ACK] Seq=55214 Ack=141 Win=65024 Len=1448 TSval=2916040269 TSecr=3045560043 [TCP segment of a reassembled PDU]"
"53936","36.188480713","192.168.1.55","192.168.1.2","TCP","1514","8004  >  36616 [ACK] Seq=56662 Ack=141 Win=65024 Len=1448 TSval=2916040269 TSecr=3045560043 [TCP segment of a reassembled PDU]"
"53937","36.188481731","192.168.1.55","192.168.1.2","TCP","1514","8004  >  36616 [ACK] Seq=58110 Ack=141 Win=65024 Len=1448 TSval=2916040269 TSecr=3045560043 [TCP segment of a reassembled PDU]"
"53938","36.188482787","192.168.1.55","192.168.1.2","TCP","1514","8004  >  36616 [ACK] Seq=59558 Ack=141 Win=65024 Len=1448 TSval=2916040269 TSecr=3045560043 [TCP segment of a reassembled PDU]"
"53939","36.188484324","192.168.1.55","192.168.1.2","TCP","1514","8004  >  36616 [ACK] Seq=61006 Ack=141 Win=65024 Len=1448 TSval=2916040269 TSecr=3045560043 [TCP segment of a reassembled PDU]"
"53940","36.188485361","192.168.1.55","192.168.1.2","TCP","1514","8004  >  36616 [ACK] Seq=62454 Ack=141 Win=65024 Len=1448 TSval=2916040269 TSecr=3045560043 [TCP segment of a reassembled PDU]"
"53941","36.188486583","192.168.1.55","192.168.1.2","TCP","1514","8004  >  36616 [PSH, ACK] Seq=63902 Ack=141 Win=65024 Len=1448 TSval=2916040269 TSecr=3045560043 [TCP segment of a reassembled PDU]"
"53942","36.188490398","192.168.1.2","192.168.1.55","TCP","66","36616  >  8004 [ACK] Seq=141 Ack=36390 Win=53248 Len=0 TSval=3045560043 TSecr=2916040264"
"53943","36.188509417","192.168.1.55","192.168.1.2","TCP","1514","8004  >  36616 [ACK] Seq=65350 Ack=141 Win=65024 Len=1448 TSval=2916040269 TSecr=3045560043 [TCP segment of a reassembled PDU]"
"53944","36.188511417","192.168.1.55","192.168.1.2","TCP","1514","8004  >  36616 [ACK] Seq=66798 Ack=141 Win=65024 Len=1448 TSval=2916040269 TSecr=3045560043 [TCP segment of a reassembled PDU]"
"53945","36.188512491","192.168.1.55","192.168.1.2","TCP","1514","8004  >  36616 [ACK] Seq=68246 Ack=141 Win=65024 Len=1448 TSval=2916040269 TSecr=3045560043 [TCP segment of a reassembled PDU]"
"53946","36.188513713","192.168.1.55","192.168.1.2","TCP","1514","8004  >  36616 [ACK] Seq=69694 Ack=141 Win=65024 Len=1448 TSval=2916040269 TSecr=3045560043 [TCP segment of a reassembled PDU]"
"53947","36.188514713","192.168.1.55","192.168.1.2","TCP","1514","8004  >  36616 [ACK] Seq=71142 Ack=141 Win=65024 Len=1448 TSval=2916040269 TSecr=3045560043 [TCP segment of a reassembled PDU]"
"53948","36.188515732","192.168.1.55","192.168.1.2","TCP","1514","8004  >  36616 [ACK] Seq=72590 Ack=141 Win=65024 Len=1448 TSval=2916040269 TSecr=3045560043 [TCP segment of a reassembled PDU]"
"53949","36.188516750","192.168.1.55","192.168.1.2","TCP","1514","8004  >  36616 [ACK] Seq=74038 Ack=141 Win=65024 Len=1448 TSval=2916040269 TSecr=3045560043 [TCP segment of a reassembled PDU]"
"53950","36.188517843","192.168.1.55","192.168.1.2","TCP","1514","8004  >  36616 [PSH, ACK] Seq=75486 Ack=141 Win=65024 Len=1448 TSval=2916040269 TSecr=3045560043 [TCP segment of a reassembled PDU]"
"53951","36.191707866","192.168.1.2","192.168.1.55","TCP","66","36616  >  8004 [ACK] Seq=141 Ack=39286 Win=51200 Len=0 TSval=3045560044 TSecr=2916040264"
"53952","36.191745514","192.168.1.55","192.168.1.2","TCP","1514","8004  >  36616 [ACK] Seq=76934 Ack=141 Win=65024 Len=1448 TSval=2916040272 TSecr=3045560044 [TCP segment of a reassembled PDU]"
"53953","36.191749181","192.168.1.55","192.168.1.2","TCP","1514","8004  >  36616 [ACK] Seq=78382 Ack=141 Win=65024 Len=1448 TSval=2916040272 TSecr=3045560044 [TCP segment of a reassembled PDU]"
"53954","36.191750237","192.168.1.55","192.168.1.2","TCP","1514","8004  >  36616 [ACK] Seq=79830 Ack=141 Win=65024 Len=1448 TSval=2916040272 TSecr=3045560044 [TCP segment of a reassembled PDU]"
"53955","36.191751348","192.168.1.55","192.168.1.2","TCP","1514","8004  >  36616 [ACK] Seq=81278 Ack=141 Win=65024 Len=1448 TSval=2916040272 TSecr=3045560044 [TCP segment of a reassembled PDU]"
"53956","36.191752496","192.168.1.55","192.168.1.2","TCP","1514","8004  >  36616 [ACK] Seq=82726 Ack=141 Win=65024 Len=1448 TSval=2916040272 TSecr=3045560044 [TCP segment of a reassembled PDU]"
"53957","36.191753589","192.168.1.55","192.168.1.2","TCP","1514","8004  >  36616 [ACK] Seq=84174 Ack=141 Win=65024 Len=1448 TSval=2916040272 TSecr=3045560044 [TCP segment of a reassembled PDU]"
"53958","36.191754811","192.168.1.55","192.168.1.2","TCP","1514","8004  >  36616 [ACK] Seq=85622 Ack=141 Win=65024 Len=1448 TSval=2916040272 TSecr=3045560044 [TCP segment of a reassembled PDU]"
"53959","36.191755977","192.168.1.55","192.168.1.2","TCP","1514","8004  >  36616 [ACK] Seq=87070 Ack=141 Win=65024 Len=1448 TSval=2916040272 TSecr=3045560044 [TCP segment of a reassembled PDU]"
"53960","36.191756977","192.168.1.55","192.168.1.2","TCP","1514","8004  >  36616 [ACK] Seq=88518 Ack=141 Win=65024 Len=1448 TSval=2916040272 TSecr=3045560044 [TCP segment of a reassembled PDU]"
"53961","36.191758329","192.168.1.55","192.168.1.2","TCP","586","[TCP Window Full] 8004  >  36616 [PSH, ACK] Seq=89966 Ack=141 Win=65024 Len=520 TSval=2916040272 TSecr=3045560044 [TCP segment of a reassembled PDU]"
"53962","36.191805774","192.168.1.2","192.168.1.55","TCP","66","36616  >  8004 [ACK] Seq=141 Ack=42182 Win=49152 Len=0 TSval=3045560044 TSecr=2916040265"
"53963","36.193591777","192.168.1.2","192.168.1.55","TCP","66","36616  >  8004 [ACK] Seq=141 Ack=43630 Win=66560 Len=0 TSval=3045560047 TSecr=2916040269"
"53964","36.193608351","192.168.1.55","192.168.1.2","TCP","1514","8004  >  36616 [ACK] Seq=90486 Ack=141 Win=65024 Len=1448 TSval=2916040274 TSecr=3045560047 [TCP segment of a reassembled PDU]"
"53965","36.193610499","192.168.1.55","192.168.1.2","TCP","1514","8004  >  36616 [ACK] Seq=91934 Ack=141 Win=65024 Len=1448 TSval=2916040274 TSecr=3045560047 [TCP segment of a reassembled PDU]"
"53966","36.193611684","192.168.1.55","192.168.1.2","TCP","1514","8004  >  36616 [ACK] Seq=93382 Ack=141 Win=65024 Len=1448 TSval=2916040274 TSecr=3045560047 [TCP segment of a reassembled PDU]"
"53967","36.193612777","192.168.1.55","192.168.1.2","TCP","1514","8004  >  36616 [ACK] Seq=94830 Ack=141 Win=65024 Len=1448 TSval=2916040274 TSecr=3045560047 [TCP segment of a reassembled PDU]"
"53968","36.193613795","192.168.1.55","192.168.1.2","TCP","1514","8004  >  36616 [ACK] Seq=96278 Ack=141 Win=65024 Len=1448 TSval=2916040274 TSecr=3045560047 [TCP segment of a reassembled PDU]"
"53969","36.193615184","192.168.1.55","192.168.1.2","TCP","1514","8004  >  36616 [ACK] Seq=97726 Ack=141 Win=65024 Len=1448 TSval=2916040274 TSecr=3045560047 [TCP segment of a reassembled PDU]"
"53970","36.193616240","192.168.1.55","192.168.1.2","TCP","1514","8004  >  36616 [ACK] Seq=99174 Ack=141 Win=65024 Len=1448 TSval=2916040274 TSecr=3045560047 [TCP segment of a reassembled PDU]"
"53971","36.193617388","192.168.1.55","192.168.1.2","TCP","1514","8004  >  36616 [PSH, ACK] Seq=100622 Ack=141 Win=65024 Len=1448 TSval=2916040274 TSecr=3045560047 [TCP segment of a reassembled PDU]"
"53972","36.194008889","192.168.1.2","192.168.1.55","TCP","66","36616  >  8004 [ACK] Seq=141 Ack=45078 Win=68608 Len=0 TSval=3045560047 TSecr=2916040269"
"53973","36.194014685","192.168.1.2","192.168.1.55","TCP","66","36616  >  8004 [ACK] Seq=141 Ack=65350 Win=55296 Len=0 TSval=3045560047 TSecr=2916040269"
"53974","36.194022111","192.168.1.55","192.168.1.2","TCP","1514","8004  >  36616 [ACK] Seq=102070 Ack=141 Win=65024 Len=1448 TSval=2916040274 TSecr=3045560047 [TCP segment of a reassembled PDU]"
"53975","36.194024000","192.168.1.55","192.168.1.2","TCP","1514","8004  >  36616 [ACK] Seq=103518 Ack=141 Win=65024 Len=1448 TSval=2916040274 TSecr=3045560047 [TCP segment of a reassembled PDU]"
"53976","36.194025000","192.168.1.55","192.168.1.2","TCP","1514","8004  >  36616 [ACK] Seq=104966 Ack=141 Win=65024 Len=1448 TSval=2916040274 TSecr=3045560047 [TCP segment of a reassembled PDU]"
"53977","36.194026092","192.168.1.55","192.168.1.2","TCP","1514","8004  >  36616 [ACK] Seq=106414 Ack=141 Win=65024 Len=1448 TSval=2916040274 TSecr=3045560047 [TCP segment of a reassembled PDU]"
"53978","36.194027203","192.168.1.55","192.168.1.2","TCP","1514","8004  >  36616 [PSH, ACK] Seq=107862 Ack=141 Win=65024 Len=1448 TSval=2916040274 TSecr=3045560047 [TCP segment of a reassembled PDU]"
"53979","36.194033555","192.168.1.55","192.168.1.2","TCP","994","8004  >  36616 [PSH, ACK] Seq=109310 Ack=141 Win=65024 Len=928 TSval=2916040274 TSecr=3045560047 [TCP segment of a reassembled PDU]"
"53980","36.194036426","192.168.1.2","192.168.1.55","TCP","66","36616  >  8004 [ACK] Seq=141 Ack=76934 Win=46080 Len=0 TSval=3045560047 TSecr=2916040269"
"53981","36.194093055","192.168.1.55","192.168.1.2","TCP","1514","8004  >  36616 [ACK] Seq=110238 Ack=141 Win=65024 Len=1448 TSval=2916040274 TSecr=3045560047 [TCP segment of a reassembled PDU]"
"53982","36.194099518","192.168.1.55","192.168.1.2","TCP","1514","8004  >  36616 [ACK] Seq=111686 Ack=141 Win=65024 Len=1448 TSval=2916040274 TSecr=3045560047 [TCP segment of a reassembled PDU]"
"53983","36.194101203","192.168.1.55","192.168.1.2","TCP","1514","8004  >  36616 [ACK] Seq=113134 Ack=141 Win=65024 Len=1448 TSval=2916040274 TSecr=3045560047 [TCP segment of a reassembled PDU]"
"53984","36.194102278","192.168.1.55","192.168.1.2","TCP","1514","8004  >  36616 [ACK] Seq=114582 Ack=141 Win=65024 Len=1448 TSval=2916040274 TSecr=3045560047 [TCP segment of a reassembled PDU]"
"53985","36.194103296","192.168.1.55","192.168.1.2","TCP","1514","8004  >  36616 [ACK] Seq=116030 Ack=141 Win=65024 Len=1448 TSval=2916040274 TSecr=3045560047 [TCP segment of a reassembled PDU]"
"53986","36.194104333","192.168.1.55","192.168.1.2","TCP","1514","8004  >  36616 [ACK] Seq=117478 Ack=141 Win=65024 Len=1448 TSval=2916040274 TSecr=3045560047 [TCP segment of a reassembled PDU]"
"53987","36.194105629","192.168.1.55","192.168.1.2","TCP","1514","8004  >  36616 [ACK] Seq=118926 Ack=141 Win=65024 Len=1448 TSval=2916040274 TSecr=3045560047 [TCP segment of a reassembled PDU]"
"53988","36.194106741","192.168.1.55","192.168.1.2","TCP","1514","8004  >  36616 [PSH, ACK] Seq=120374 Ack=141 Win=65024 Len=1448 TSval=2916040274 TSecr=3045560047 [TCP segment of a reassembled PDU]"
"53989","36.195932299","192.168.1.2","192.168.1.55","TCP","66","36616  >  8004 [ACK] Seq=141 Ack=90486 Win=58368 Len=0 TSval=3045560049 TSecr=2916040272"
"53990","36.195950021","192.168.1.55","192.168.1.2","TCP","1514","8004  >  36616 [ACK] Seq=121822 Ack=141 Win=65024 Len=1448 TSval=2916040276 TSecr=3045560049 [TCP segment of a reassembled PDU]"
"53991","36.195952355","192.168.1.55","192.168.1.2","TCP","1514","8004  >  36616 [ACK] Seq=123270 Ack=141 Win=65024 Len=1448 TSval=2916040276 TSecr=3045560049 [TCP segment of a reassembled PDU]"
"53992","36.195953447","192.168.1.55","192.168.1.2","TCP","1514","8004  >  36616 [ACK] Seq=124718 Ack=141 Win=65024 Len=1448 TSval=2916040276 TSecr=3045560049 [TCP segment of a reassembled PDU]"
"53993","36.195954855","192.168.1.55","192.168.1.2","TCP","1514","8004  >  36616 [ACK] Seq=126166 Ack=141 Win=65024 Len=1448 TSval=2916040276 TSecr=3045560049 [TCP segment of a reassembled PDU]"
"53994","36.195955855","192.168.1.55","192.168.1.2","TCP","1514","8004  >  36616 [ACK] Seq=127614 Ack=141 Win=65024 Len=1448 TSval=2916040276 TSecr=3045560049 [TCP segment of a reassembled PDU]"
"53995","36.195956892","192.168.1.55","192.168.1.2","TCP","1514","8004  >  36616 [ACK] Seq=129062 Ack=141 Win=65024 Len=1448 TSval=2916040276 TSecr=3045560049 [TCP segment of a reassembled PDU]"
"53996","36.195958095","192.168.1.55","192.168.1.2","TCP","1514","8004  >  36616 [ACK] Seq=130510 Ack=141 Win=65024 Len=1448 TSval=2916040276 TSecr=3045560049 [TCP segment of a reassembled PDU]"
"53997","36.195959336","192.168.1.55","192.168.1.2","TCP","1514","8004  >  36616 [ACK] Seq=131958 Ack=141 Win=65024 Len=1448 TSval=2916040276 TSecr=3045560049 [TCP segment of a reassembled PDU]"
"53998","36.195960521","192.168.1.55","192.168.1.2","TCP","1514","8004  >  36616 [ACK] Seq=133406 Ack=141 Win=65024 Len=1448 TSval=2916040276 TSecr=3045560049 [TCP segment of a reassembled PDU]"
"53999","36.195961595","192.168.1.55","192.168.1.2","TCP","1514","8004  >  36616 [ACK] Seq=134854 Ack=141 Win=65024 Len=1448 TSval=2916040276 TSecr=3045560049 [TCP segment of a reassembled PDU]"
"54000","36.195962614","192.168.1.55","192.168.1.2","TCP","1514","8004  >  36616 [ACK] Seq=136302 Ack=141 Win=65024 Len=1448 TSval=2916040276 TSecr=3045560049 [TCP segment of a reassembled PDU]"
"54001","36.195963836","192.168.1.55","192.168.1.2","TCP","1514","8004  >  36616 [ACK] Seq=137750 Ack=141 Win=65024 Len=1448 TSval=2916040276 TSecr=3045560049 [TCP segment of a reassembled PDU]"
"54002","36.195964836","192.168.1.55","192.168.1.2","TCP","1514","8004  >  36616 [ACK] Seq=139198 Ack=141 Win=65024 Len=1448 TSval=2916040276 TSecr=3045560049 [TCP segment of a reassembled PDU]"
"54003","36.195965929","192.168.1.55","192.168.1.2","TCP","1514","8004  >  36616 [ACK] Seq=140646 Ack=141 Win=65024 Len=1448 TSval=2916040276 TSecr=3045560049 [TCP segment of a reassembled PDU]"
"54004","36.195966929","192.168.1.55","192.168.1.2","TCP","1514","8004  >  36616 [PSH, ACK] Seq=142094 Ack=141 Win=65024 Len=1448 TSval=2916040276 TSecr=3045560049 [TCP segment of a reassembled PDU]"
"54005","36.195975225","192.168.1.55","192.168.1.2","TCP","1514","8004  >  36616 [ACK] Seq=143542 Ack=141 Win=65024 Len=1448 TSval=2916040276 TSecr=3045560049 [TCP segment of a reassembled PDU]"
"54006","36.195976688","192.168.1.55","192.168.1.2","TCP","1514","8004  >  36616 [ACK] Seq=144990 Ack=141 Win=65024 Len=1448 TSval=2916040276 TSecr=3045560049 [TCP segment of a reassembled PDU]"
"54007","36.195977688","192.168.1.55","192.168.1.2","TCP","1514","8004  >  36616 [PSH, ACK] Seq=146438 Ack=141 Win=65024 Len=1448 TSval=2916040276 TSecr=3045560049 [TCP segment of a reassembled PDU]"
"54008","36.196000892","192.168.1.2","192.168.1.55","TCP","66","36616  >  8004 [ACK] Seq=141 Ack=91934 Win=66560 Len=0 TSval=3045560050 TSecr=2916040274"
"54009","36.196014299","192.168.1.55","192.168.1.2","TCP","1514","8004  >  36616 [ACK] Seq=147886 Ack=141 Win=65024 Len=1448 TSval=2916040276 TSecr=3045560050 [TCP segment of a reassembled PDU]"
"54010","36.196015855","192.168.1.55","192.168.1.2","TCP","1514","8004  >  36616 [ACK] Seq=149334 Ack=141 Win=65024 Len=1448 TSval=2916040276 TSecr=3045560050 [TCP segment of a reassembled PDU]"
"54011","36.196016966","192.168.1.55","192.168.1.2","TCP","1514","8004  >  36616 [ACK] Seq=150782 Ack=141 Win=65024 Len=1448 TSval=2916040276 TSecr=3045560050 [TCP segment of a reassembled PDU]"
"54012","36.196018151","192.168.1.55","192.168.1.2","TCP","1514","8004  >  36616 [ACK] Seq=152230 Ack=141 Win=65024 Len=1448 TSval=2916040276 TSecr=3045560050 [TCP segment of a reassembled PDU]"
"54013","36.196019170","192.168.1.55","192.168.1.2","TCP","1514","8004  >  36616 [ACK] Seq=153678 Ack=141 Win=65024 Len=1448 TSval=2916040276 TSecr=3045560050 [TCP segment of a reassembled PDU]"
"54014","36.196020170","192.168.1.55","192.168.1.2","TCP","1514","8004  >  36616 [ACK] Seq=155126 Ack=141 Win=65024 Len=1448 TSval=2916040276 TSecr=3045560050 [TCP segment of a reassembled PDU]"
"54015","36.196021207","192.168.1.55","192.168.1.2","TCP","1514","8004  >  36616 [PSH, ACK] Seq=156574 Ack=141 Win=65024 Len=1448 TSval=2916040276 TSecr=3045560050 [TCP segment of a reassembled PDU]"
"54016","36.198764581","192.168.1.2","192.168.1.55","TCP","66","36616  >  8004 [ACK] Seq=141 Ack=93382 Win=71680 Len=0 TSval=3045560051 TSecr=2916040274"
"54017","36.198774026","192.168.1.55","192.168.1.2","TCP","1514","8004  >  36616 [ACK] Seq=158022 Ack=141 Win=65024 Len=1448 TSval=2916040279 TSecr=3045560051 [TCP segment of a reassembled PDU]"
"54018","36.198776267","192.168.1.55","192.168.1.2","TCP","1514","8004  >  36616 [ACK] Seq=159470 Ack=141 Win=65024 Len=1448 TSval=2916040279 TSecr=3045560051 [TCP segment of a reassembled PDU]"
"54019","36.198777470","192.168.1.55","192.168.1.2","TCP","1514","8004  >  36616 [ACK] Seq=160918 Ack=141 Win=65024 Len=1448 TSval=2916040279 TSecr=3045560051 [TCP segment of a reassembled PDU]"
"54020","36.198778692","192.168.1.55","192.168.1.2","TCP","1514","8004  >  36616 [PSH, ACK] Seq=162366 Ack=141 Win=65024 Len=1448 TSval=2916040279 TSecr=3045560051 [TCP segment of a reassembled PDU]"
"54021","36.200949085","192.168.1.2","192.168.1.55","TCP","66","36616  >  8004 [ACK] Seq=141 Ack=102070 Win=89088 Len=0 TSval=3045560053 TSecr=2916040274"
"54022","36.200978585","192.168.1.55","192.168.1.2","TCP","1514","8004  >  36616 [ACK] Seq=163814 Ack=141 Win=65024 Len=1448 TSval=2916040281 TSecr=3045560053 [TCP segment of a reassembled PDU]"
"54023","36.200981492","192.168.1.55","192.168.1.2","TCP","1514","8004  >  36616 [ACK] Seq=165262 Ack=141 Win=65024 Len=1448 TSval=2916040281 TSecr=3045560053 [TCP segment of a reassembled PDU]"
"54024","36.200982789","192.168.1.55","192.168.1.2","TCP","1514","8004  >  36616 [ACK] Seq=166710 Ack=141 Win=65024 Len=1448 TSval=2916040281 TSecr=3045560053 [TCP segment of a reassembled PDU]"
"54025","36.200984122","192.168.1.55","192.168.1.2","TCP","1514","8004  >  36616 [ACK] Seq=168158 Ack=141 Win=65024 Len=1448 TSval=2916040281 TSecr=3045560053 [TCP segment of a reassembled PDU]"
"54026","36.200985937","192.168.1.55","192.168.1.2","TCP","1514","8004  >  36616 [ACK] Seq=169606 Ack=141 Win=65024 Len=1448 TSval=2916040281 TSecr=3045560053 [TCP segment of a reassembled PDU]"
"54027","36.200988381","192.168.1.55","192.168.1.2","TCP","1514","8004  >  36616 [ACK] Seq=171054 Ack=141 Win=65024 Len=1448 TSval=2916040281 TSecr=3045560053 [TCP segment of a reassembled PDU]"
"54028","36.200989678","192.168.1.55","192.168.1.2","TCP","1514","8004  >  36616 [ACK] Seq=172502 Ack=141 Win=65024 Len=1448 TSval=2916040281 TSecr=3045560053 [TCP segment of a reassembled PDU]"
"54029","36.200990955","192.168.1.55","192.168.1.2","TCP","1514","8004  >  36616 [ACK] Seq=173950 Ack=141 Win=65024 Len=1448 TSval=2916040281 TSecr=3045560053 [TCP segment of a reassembled PDU]"
"54030","36.200992344","192.168.1.55","192.168.1.2","TCP","1514","8004  >  36616 [PSH, ACK] Seq=175398 Ack=141 Win=65024 Len=1448 TSval=2916040281 TSecr=3045560053 [TCP segment of a reassembled PDU]"
"54031","36.201450345","192.168.1.2","192.168.1.55","TCP","66","36616  >  8004 [ACK] Seq=141 Ack=109310 Win=103424 Len=0 TSval=3045560053 TSecr=2916040274"
"54032","36.201504364","192.168.1.55","192.168.1.2","TCP","1514","8004  >  36616 [ACK] Seq=176846 Ack=141 Win=65024 Len=1448 TSval=2916040282 TSecr=3045560053 [TCP segment of a reassembled PDU]"
"54033","36.201516382","192.168.1.55","192.168.1.2","TCP","1514","8004  >  36616 [ACK] Seq=178294 Ack=141 Win=65024 Len=1448 TSval=2916040282 TSecr=3045560053 [TCP segment of a reassembled PDU]"
"54034","36.201518456","192.168.1.55","192.168.1.2","TCP","1514","8004  >  36616 [ACK] Seq=179742 Ack=141 Win=65024 Len=1448 TSval=2916040282 TSecr=3045560053 [TCP segment of a reassembled PDU]"
"54035","36.201520678","192.168.1.55","192.168.1.2","TCP","1514","8004  >  36616 [ACK] Seq=181190 Ack=141 Win=65024 Len=1448 TSval=2916040282 TSecr=3045560053 [TCP segment of a reassembled PDU]"
"54036","36.201522530","192.168.1.55","192.168.1.2","TCP","1514","8004  >  36616 [ACK] Seq=182638 Ack=141 Win=65024 Len=1448 TSval=2916040282 TSecr=3045560053 [TCP segment of a reassembled PDU]"
"54037","36.201523956","192.168.1.55","192.168.1.2","TCP","1514","8004  >  36616 [ACK] Seq=184086 Ack=141 Win=65024 Len=1448 TSval=2916040282 TSecr=3045560053 [TCP segment of a reassembled PDU]"
"54038","36.201525215","192.168.1.55","192.168.1.2","TCP","1514","8004  >  36616 [ACK] Seq=185534 Ack=141 Win=65024 Len=1448 TSval=2916040282 TSecr=3045560053 [TCP segment of a reassembled PDU]"
"54039","36.201526567","192.168.1.55","192.168.1.2","TCP","1514","8004  >  36616 [ACK] Seq=186982 Ack=141 Win=65024 Len=1448 TSval=2916040282 TSecr=3045560053 [TCP segment of a reassembled PDU]"
"54040","36.201528549","192.168.1.55","192.168.1.2","TCP","1514","8004  >  36616 [ACK] Seq=188430 Ack=141 Win=65024 Len=1448 TSval=2916040282 TSecr=3045560053 [TCP segment of a reassembled PDU]"
"54041","36.201530438","192.168.1.55","192.168.1.2","TCP","1514","8004  >  36616 [ACK] Seq=189878 Ack=141 Win=65024 Len=1448 TSval=2916040282 TSecr=3045560053 [TCP segment of a reassembled PDU]"
"54042","36.201531956","192.168.1.55","192.168.1.2","TCP","1514","8004  >  36616 [ACK] Seq=191326 Ack=141 Win=65024 Len=1448 TSval=2916040282 TSecr=3045560053 [TCP segment of a reassembled PDU]"
"54043","36.201533382","192.168.1.55","192.168.1.2","TCP","1514","8004  >  36616 [ACK] Seq=192774 Ack=141 Win=65024 Len=1448 TSval=2916040282 TSecr=3045560053 [TCP segment of a reassembled PDU]"
"54044","36.201534975","192.168.1.55","192.168.1.2","TCP","1514","8004  >  36616 [ACK] Seq=194222 Ack=141 Win=65024 Len=1448 TSval=2916040282 TSecr=3045560053 [TCP segment of a reassembled PDU]"
"54045","36.201537141","192.168.1.55","192.168.1.2","TCP","1514","8004  >  36616 [ACK] Seq=195670 Ack=141 Win=65024 Len=1448 TSval=2916040282 TSecr=3045560053 [TCP segment of a reassembled PDU]"
"54046","36.201538938","192.168.1.55","192.168.1.2","TCP","1514","8004  >  36616 [ACK] Seq=197118 Ack=141 Win=65024 Len=1448 TSval=2916040282 TSecr=3045560053 [TCP segment of a reassembled PDU]"
"54047","36.201540790","192.168.1.55","192.168.1.2","TCP","1514","8004  >  36616 [ACK] Seq=198566 Ack=141 Win=65024 Len=1448 TSval=2916040282 TSecr=3045560053 [TCP segment of a reassembled PDU]"
"54048","36.201542567","192.168.1.55","192.168.1.2","TCP","1514","8004  >  36616 [ACK] Seq=200014 Ack=141 Win=65024 Len=1448 TSval=2916040282 TSecr=3045560053 [TCP segment of a reassembled PDU]"
"54049","36.201544382","192.168.1.55","192.168.1.2","TCP","1514","8004  >  36616 [ACK] Seq=201462 Ack=141 Win=65024 Len=1448 TSval=2916040282 TSecr=3045560053 [TCP segment of a reassembled PDU]"
"54050","36.201546419","192.168.1.55","192.168.1.2","TCP","1514","8004  >  36616 [ACK] Seq=202910 Ack=141 Win=65024 Len=1448 TSval=2916040282 TSecr=3045560053 [TCP segment of a reassembled PDU]"
"54051","36.201549215","192.168.1.55","192.168.1.2","TCP","1514","8004  >  36616 [ACK] Seq=204358 Ack=141 Win=65024 Len=1448 TSval=2916040282 TSecr=3045560053 [TCP segment of a reassembled PDU]"
"54052","36.201550827","192.168.1.55","192.168.1.2","TCP","1514","8004  >  36616 [ACK] Seq=205806 Ack=141 Win=65024 Len=1448 TSval=2916040282 TSecr=3045560053 [TCP segment of a reassembled PDU]"
"54053","36.201552456","192.168.1.55","192.168.1.2","TCP","1514","8004  >  36616 [ACK] Seq=207254 Ack=141 Win=65024 Len=1448 TSval=2916040282 TSecr=3045560053 [TCP segment of a reassembled PDU]"
"54054","36.201553975","192.168.1.55","192.168.1.2","TCP","1514","8004  >  36616 [PSH, ACK] Seq=208702 Ack=141 Win=65024 Len=1448 TSval=2916040282 TSecr=3045560053 [TCP segment of a reassembled PDU]"
"54055","36.201562419","192.168.1.2","192.168.1.55","TCP","66","36616  >  8004 [ACK] Seq=141 Ack=110238 Win=106496 Len=0 TSval=3045560053 TSecr=2916040274"
"54056","36.201573753","192.168.1.2","192.168.1.55","TCP","66","36616  >  8004 [ACK] Seq=141 Ack=114582 Win=114688 Len=0 TSval=3045560053 TSecr=2916040274"
"54057","36.204636350","192.168.1.2","192.168.1.55","TCP","66","36616  >  8004 [ACK] Seq=141 Ack=121822 Win=129024 Len=0 TSval=3045560057 TSecr=2916040274"
"54058","36.204669980","192.168.1.55","192.168.1.2","TCP","1514","8004  >  36616 [ACK] Seq=210150 Ack=141 Win=65024 Len=1448 TSval=2916040285 TSecr=3045560057 [TCP segment of a reassembled PDU]"
"54059","36.204673165","192.168.1.55","192.168.1.2","TCP","1514","8004  >  36616 [ACK] Seq=211598 Ack=141 Win=65024 Len=1448 TSval=2916040285 TSecr=3045560057 [TCP segment of a reassembled PDU]"
"54060","36.204674776","192.168.1.55","192.168.1.2","TCP","1514","8004  >  36616 [ACK] Seq=213046 Ack=141 Win=65024 Len=1448 TSval=2916040285 TSecr=3045560057 [TCP segment of a reassembled PDU]"
"54061","36.204676998","192.168.1.55","192.168.1.2","TCP","1514","8004  >  36616 [ACK] Seq=214494 Ack=141 Win=65024 Len=1448 TSval=2916040285 TSecr=3045560057 [TCP segment of a reassembled PDU]"
"54062","36.204678295","192.168.1.55","192.168.1.2","TCP","1514","8004  >  36616 [ACK] Seq=215942 Ack=141 Win=65024 Len=1448 TSval=2916040285 TSecr=3045560057 [TCP segment of a reassembled PDU]"
"54063","36.204680017","192.168.1.55","192.168.1.2","TCP","1514","8004  >  36616 [ACK] Seq=217390 Ack=141 Win=65024 Len=1448 TSval=2916040285 TSecr=3045560057 [TCP segment of a reassembled PDU]"
"54064","36.204681239","192.168.1.55","192.168.1.2","TCP","1514","8004  >  36616 [ACK] Seq=218838 Ack=141 Win=65024 Len=1448 TSval=2916040285 TSecr=3045560057 [TCP segment of a reassembled PDU]"
"54065","36.204682443","192.168.1.55","192.168.1.2","TCP","1514","8004  >  36616 [ACK] Seq=220286 Ack=141 Win=65024 Len=1448 TSval=2916040285 TSecr=3045560057 [TCP segment of a reassembled PDU]"
"54066","36.204683869","192.168.1.55","192.168.1.2","TCP","1514","8004  >  36616 [ACK] Seq=221734 Ack=141 Win=65024 Len=1448 TSval=2916040285 TSecr=3045560057 [TCP segment of a reassembled PDU]"
"54067","36.204685072","192.168.1.55","192.168.1.2","TCP","1514","8004  >  36616 [ACK] Seq=223182 Ack=141 Win=65024 Len=1448 TSval=2916040285 TSecr=3045560057 [TCP segment of a reassembled PDU]"
"54068","36.204686443","192.168.1.55","192.168.1.2","TCP","1514","8004  >  36616 [ACK] Seq=224630 Ack=141 Win=65024 Len=1448 TSval=2916040285 TSecr=3045560057 [TCP segment of a reassembled PDU]"
"54069","36.204688517","192.168.1.55","192.168.1.2","TCP","1514","8004  >  36616 [ACK] Seq=226078 Ack=141 Win=65024 Len=1448 TSval=2916040285 TSecr=3045560057 [TCP segment of a reassembled PDU]"
"54070","36.204690165","192.168.1.55","192.168.1.2","TCP","1514","8004  >  36616 [ACK] Seq=227526 Ack=141 Win=65024 Len=1448 TSval=2916040285 TSecr=3045560057 [TCP segment of a reassembled PDU]"
"54071","36.204692276","192.168.1.55","192.168.1.2","TCP","1514","8004  >  36616 [ACK] Seq=228974 Ack=141 Win=65024 Len=1448 TSval=2916040285 TSecr=3045560057 [TCP segment of a reassembled PDU]"
"54072","36.204693480","192.168.1.55","192.168.1.2","TCP","1514","8004  >  36616 [ACK] Seq=230422 Ack=141 Win=65024 Len=1448 TSval=2916040285 TSecr=3045560057 [TCP segment of a reassembled PDU]"
"54073","36.204694776","192.168.1.55","192.168.1.2","TCP","1514","8004  >  36616 [ACK] Seq=231870 Ack=141 Win=65024 Len=1448 TSval=2916040285 TSecr=3045560057 [TCP segment of a reassembled PDU]"
"54074","36.204695998","192.168.1.55","192.168.1.2","TCP","1514","8004  >  36616 [ACK] Seq=233318 Ack=141 Win=65024 Len=1448 TSval=2916040285 TSecr=3045560057 [TCP segment of a reassembled PDU]"
"54075","36.204697221","192.168.1.55","192.168.1.2","TCP","1514","8004  >  36616 [ACK] Seq=234766 Ack=141 Win=65024 Len=1448 TSval=2916040285 TSecr=3045560057 [TCP segment of a reassembled PDU]"
"54076","36.204698739","192.168.1.55","192.168.1.2","TCP","1514","8004  >  36616 [ACK] Seq=236214 Ack=141 Win=65024 Len=1448 TSval=2916040285 TSecr=3045560057 [TCP segment of a reassembled PDU]"
"54077","36.204701109","192.168.1.55","192.168.1.2","TCP","1514","8004  >  36616 [ACK] Seq=237662 Ack=141 Win=65024 Len=1448 TSval=2916040285 TSecr=3045560057 [TCP segment of a reassembled PDU]"
"54078","36.204702721","192.168.1.55","192.168.1.2","TCP","1514","8004  >  36616 [ACK] Seq=239110 Ack=141 Win=65024 Len=1448 TSval=2916040285 TSecr=3045560057 [TCP segment of a reassembled PDU]"
"54079","36.204703943","192.168.1.55","192.168.1.2","TCP","1514","8004  >  36616 [ACK] Seq=240558 Ack=141 Win=65024 Len=1448 TSval=2916040285 TSecr=3045560057 [TCP segment of a reassembled PDU]"
"54080","36.204705128","192.168.1.55","192.168.1.2","TCP","1514","8004  >  36616 [PSH, ACK] Seq=242006 Ack=141 Win=65024 Len=1448 TSval=2916040285 TSecr=3045560057 [TCP segment of a reassembled PDU]"
"54081","36.204792017","192.168.1.2","192.168.1.55","TCP","66","36616  >  8004 [ACK] Seq=141 Ack=143542 Win=120832 Len=0 TSval=3045560057 TSecr=2916040276"
"54082","36.204801961","192.168.1.2","192.168.1.55","TCP","66","36616  >  8004 [ACK] Seq=141 Ack=147886 Win=117760 Len=0 TSval=3045560057 TSecr=2916040276"
"54083","36.204807147","192.168.1.2","192.168.1.55","TCP","66","36616  >  8004 [ACK] Seq=141 Ack=163814 Win=105472 Len=0 TSval=3045560057 TSecr=2916040276"
"54084","36.207717596","192.168.1.2","192.168.1.55","TCP","66","36616  >  8004 [ACK] Seq=141 Ack=176846 Win=132096 Len=0 TSval=3045560060 TSecr=2916040281"
"54085","36.207751577","192.168.1.55","192.168.1.2","TCP","1514","8004  >  36616 [ACK] Seq=243454 Ack=141 Win=65024 Len=1448 TSval=2916040288 TSecr=3045560060 [TCP segment of a reassembled PDU]"
"54086","36.207755040","192.168.1.55","192.168.1.2","TCP","1514","8004  >  36616 [ACK] Seq=244902 Ack=141 Win=65024 Len=1448 TSval=2916040288 TSecr=3045560060 [TCP segment of a reassembled PDU]"
"54087","36.207756799","192.168.1.55","192.168.1.2","TCP","1514","8004  >  36616 [ACK] Seq=246350 Ack=141 Win=65024 Len=1448 TSval=2916040288 TSecr=3045560060 [TCP segment of a reassembled PDU]"
"54088","36.207759318","192.168.1.55","192.168.1.2","TCP","1514","8004  >  36616 [ACK] Seq=247798 Ack=141 Win=65024 Len=1448 TSval=2916040288 TSecr=3045560060 [TCP segment of a reassembled PDU]"
"54089","36.207760633","192.168.1.55","192.168.1.2","TCP","1514","8004  >  36616 [ACK] Seq=249246 Ack=141 Win=65024 Len=1448 TSval=2916040288 TSecr=3045560060 [TCP segment of a reassembled PDU]"
"54090","36.207762022","192.168.1.55","192.168.1.2","TCP","1514","8004  >  36616 [ACK] Seq=250694 Ack=141 Win=65024 Len=1448 TSval=2916040288 TSecr=3045560060 [TCP segment of a reassembled PDU]"
"54091","36.207763929","192.168.1.55","192.168.1.2","TCP","1514","8004  >  36616 [ACK] Seq=252142 Ack=141 Win=65024 Len=1448 TSval=2916040288 TSecr=3045560060 [TCP segment of a reassembled PDU]"
"54092","36.207765559","192.168.1.55","192.168.1.2","TCP","1514","8004  >  36616 [ACK] Seq=253590 Ack=141 Win=65024 Len=1448 TSval=2916040288 TSecr=3045560060 [TCP segment of a reassembled PDU]"
"54093","36.207766929","192.168.1.55","192.168.1.2","TCP","1514","8004  >  36616 [ACK] Seq=255038 Ack=141 Win=65024 Len=1448 TSval=2916040288 TSecr=3045560060 [TCP segment of a reassembled PDU]"
"54094","36.207768966","192.168.1.55","192.168.1.2","TCP","1514","8004  >  36616 [ACK] Seq=256486 Ack=141 Win=65024 Len=1448 TSval=2916040288 TSecr=3045560060 [TCP segment of a reassembled PDU]"
"54095","36.207770262","192.168.1.55","192.168.1.2","TCP","1514","8004  >  36616 [ACK] Seq=257934 Ack=141 Win=65024 Len=1448 TSval=2916040288 TSecr=3045560060 [TCP segment of a reassembled PDU]"
"54096","36.207771522","192.168.1.55","192.168.1.2","TCP","1514","8004  >  36616 [ACK] Seq=259382 Ack=141 Win=65024 Len=1448 TSval=2916040288 TSecr=3045560060 [TCP segment of a reassembled PDU]"
"54097","36.207773281","192.168.1.55","192.168.1.2","TCP","1514","8004  >  36616 [ACK] Seq=260830 Ack=141 Win=65024 Len=1448 TSval=2916040288 TSecr=3045560060 [TCP segment of a reassembled PDU]"
"54098","36.207774670","192.168.1.55","192.168.1.2","TCP","1514","8004  >  36616 [ACK] Seq=262278 Ack=141 Win=65024 Len=1448 TSval=2916040288 TSecr=3045560060 [TCP segment of a reassembled PDU]"
"54099","36.207776003","192.168.1.55","192.168.1.2","TCP","1514","8004  >  36616 [ACK] Seq=263726 Ack=141 Win=65024 Len=1448 TSval=2916040288 TSecr=3045560060 [TCP segment of a reassembled PDU]"
"54100","36.207777503","192.168.1.55","192.168.1.2","TCP","1514","8004  >  36616 [ACK] Seq=265174 Ack=141 Win=65024 Len=1448 TSval=2916040288 TSecr=3045560060 [TCP segment of a reassembled PDU]"
"54101","36.207778744","192.168.1.55","192.168.1.2","TCP","1514","8004  >  36616 [ACK] Seq=266622 Ack=141 Win=65024 Len=1448 TSval=2916040288 TSecr=3045560060 [TCP segment of a reassembled PDU]"
"54102","36.207780244","192.168.1.55","192.168.1.2","TCP","1514","8004  >  36616 [ACK] Seq=268070 Ack=141 Win=65024 Len=1448 TSval=2916040288 TSecr=3045560060 [TCP segment of a reassembled PDU]"
"54103","36.207781837","192.168.1.55","192.168.1.2","TCP","1514","8004  >  36616 [ACK] Seq=269518 Ack=141 Win=65024 Len=1448 TSval=2916040288 TSecr=3045560060 [TCP segment of a reassembled PDU]"
"54104","36.207783392","192.168.1.55","192.168.1.2","TCP","1514","8004  >  36616 [ACK] Seq=270966 Ack=141 Win=65024 Len=1448 TSval=2916040288 TSecr=3045560060 [TCP segment of a reassembled PDU]"
"54105","36.207784818","192.168.1.55","192.168.1.2","TCP","1514","8004  >  36616 [ACK] Seq=272414 Ack=141 Win=65024 Len=1448 TSval=2916040288 TSecr=3045560060 [TCP segment of a reassembled PDU]"
"54106","36.207786114","192.168.1.55","192.168.1.2","TCP","1514","8004  >  36616 [ACK] Seq=273862 Ack=141 Win=65024 Len=1448 TSval=2916040288 TSecr=3045560060 [TCP segment of a reassembled PDU]"
"54107","36.207787929","192.168.1.55","192.168.1.2","TCP","1514","8004  >  36616 [PSH, ACK] Seq=275310 Ack=141 Win=65024 Len=1448 TSval=2916040288 TSecr=3045560060 [TCP segment of a reassembled PDU]"
"54108","36.207844170","192.168.1.2","192.168.1.55","TCP","66","36616  >  8004 [ACK] Seq=141 Ack=201462 Win=123904 Len=0 TSval=3045560060 TSecr=2916040282"
"54109","36.207882763","192.168.1.55","192.168.1.2","TCP","1514","8004  >  36616 [ACK] Seq=276758 Ack=141 Win=65024 Len=1448 TSval=2916040288 TSecr=3045560060 [TCP segment of a reassembled PDU]"
"54110","36.207885040","192.168.1.55","192.168.1.2","TCP","1514","8004  >  36616 [ACK] Seq=278206 Ack=141 Win=65024 Len=1448 TSval=2916040288 TSecr=3045560060 [TCP segment of a reassembled PDU]"
"54111","36.207886615","192.168.1.55","192.168.1.2","TCP","1514","8004  >  36616 [ACK] Seq=279654 Ack=141 Win=65024 Len=1448 TSval=2916040288 TSecr=3045560060 [TCP segment of a reassembled PDU]"
"54112","36.207888059","192.168.1.55","192.168.1.2","TCP","1514","8004  >  36616 [ACK] Seq=281102 Ack=141 Win=65024 Len=1448 TSval=2916040288 TSecr=3045560060 [TCP segment of a reassembled PDU]"
"54113","36.207889281","192.168.1.55","192.168.1.2","TCP","1514","8004  >  36616 [ACK] Seq=282550 Ack=141 Win=65024 Len=1448 TSval=2916040288 TSecr=3045560060 [TCP segment of a reassembled PDU]"
"54114","36.207890670","192.168.1.55","192.168.1.2","TCP","1514","8004  >  36616 [ACK] Seq=283998 Ack=141 Win=65024 Len=1448 TSval=2916040288 TSecr=3045560060 [TCP segment of a reassembled PDU]"
"54115","36.207891948","192.168.1.55","192.168.1.2","TCP","1514","8004  >  36616 [ACK] Seq=285446 Ack=141 Win=65024 Len=1448 TSval=2916040288 TSecr=3045560060 [TCP segment of a reassembled PDU]"
"54116","36.207893263","192.168.1.55","192.168.1.2","TCP","1514","8004  >  36616 [ACK] Seq=286894 Ack=141 Win=65024 Len=1448 TSval=2916040288 TSecr=3045560060 [TCP segment of a reassembled PDU]"
"54117","36.207894559","192.168.1.55","192.168.1.2","TCP","1514","8004  >  36616 [ACK] Seq=288342 Ack=141 Win=65024 Len=1448 TSval=2916040288 TSecr=3045560060 [TCP segment of a reassembled PDU]"
"54118","36.207895800","192.168.1.55","192.168.1.2","TCP","1514","8004  >  36616 [ACK] Seq=289790 Ack=141 Win=65024 Len=1448 TSval=2916040288 TSecr=3045560060 [TCP segment of a reassembled PDU]"
"54119","36.207897207","192.168.1.55","192.168.1.2","TCP","1514","8004  >  36616 [ACK] Seq=291238 Ack=141 Win=65024 Len=1448 TSval=2916040288 TSecr=3045560060 [TCP segment of a reassembled PDU]"
"54120","36.207898448","192.168.1.55","192.168.1.2","TCP","1514","8004  >  36616 [ACK] Seq=292686 Ack=141 Win=65024 Len=1448 TSval=2916040288 TSecr=3045560060 [TCP segment of a reassembled PDU]"
"54121","36.207899837","192.168.1.55","192.168.1.2","TCP","1514","8004  >  36616 [ACK] Seq=294134 Ack=141 Win=65024 Len=1448 TSval=2916040288 TSecr=3045560060 [TCP segment of a reassembled PDU]"
"54122","36.207901207","192.168.1.55","192.168.1.2","TCP","1514","8004  >  36616 [ACK] Seq=295582 Ack=141 Win=65024 Len=1448 TSval=2916040288 TSecr=3045560060 [TCP segment of a reassembled PDU]"
"54123","36.207902559","192.168.1.55","192.168.1.2","TCP","1514","8004  >  36616 [ACK] Seq=297030 Ack=141 Win=65024 Len=1448 TSval=2916040288 TSecr=3045560060 [TCP segment of a reassembled PDU]"
"54124","36.207903892","192.168.1.55","192.168.1.2","TCP","1514","8004  >  36616 [ACK] Seq=298478 Ack=141 Win=65024 Len=1448 TSval=2916040288 TSecr=3045560060 [TCP segment of a reassembled PDU]"
"54125","36.207905133","192.168.1.55","192.168.1.2","TCP","1514","8004  >  36616 [ACK] Seq=299926 Ack=141 Win=65024 Len=1448 TSval=2916040288 TSecr=3045560060 [TCP segment of a reassembled PDU]"
"54126","36.207906559","192.168.1.55","192.168.1.2","TCP","1514","8004  >  36616 [ACK] Seq=301374 Ack=141 Win=65024 Len=1448 TSval=2916040288 TSecr=3045560060 [TCP segment of a reassembled PDU]"
"54127","36.207907800","192.168.1.55","192.168.1.2","TCP","1514","8004  >  36616 [ACK] Seq=302822 Ack=141 Win=65024 Len=1448 TSval=2916040288 TSecr=3045560060 [TCP segment of a reassembled PDU]"
"54128","36.207909003","192.168.1.55","192.168.1.2","TCP","1514","8004  >  36616 [ACK] Seq=304270 Ack=141 Win=65024 Len=1448 TSval=2916040288 TSecr=3045560060 [TCP segment of a reassembled PDU]"
"54129","36.207910300","192.168.1.55","192.168.1.2","TCP","1514","8004  >  36616 [ACK] Seq=305718 Ack=141 Win=65024 Len=1448 TSval=2916040288 TSecr=3045560060 [TCP segment of a reassembled PDU]"
"54130","36.207911633","192.168.1.55","192.168.1.2","TCP","1514","8004  >  36616 [ACK] Seq=307166 Ack=141 Win=65024 Len=1448 TSval=2916040288 TSecr=3045560060 [TCP segment of a reassembled PDU]"
"54131","36.207912929","192.168.1.55","192.168.1.2","TCP","1514","8004  >  36616 [PSH, ACK] Seq=308614 Ack=141 Win=65024 Len=1448 TSval=2916040288 TSecr=3045560060 [TCP segment of a reassembled PDU]"
"54132","36.209122450","192.168.1.2","192.168.1.55","TCP","66","36616  >  8004 [ACK] Seq=141 Ack=210150 Win=134144 Len=0 TSval=3045560061 TSecr=2916040282"
"54133","36.209152857","192.168.1.55","192.168.1.2","TCP","1514","8004  >  36616 [ACK] Seq=310062 Ack=141 Win=65024 Len=1448 TSval=2916040289 TSecr=3045560061 [TCP segment of a reassembled PDU]"
"54134","36.209154820","192.168.1.55","192.168.1.2","TCP","1514","8004  >  36616 [ACK] Seq=311510 Ack=141 Win=65024 Len=1448 TSval=2916040289 TSecr=3045560061 [TCP segment of a reassembled PDU]"
"54135","36.209156209","192.168.1.55","192.168.1.2","TCP","1514","8004  >  36616 [ACK] Seq=312958 Ack=141 Win=65024 Len=1448 TSval=2916040289 TSecr=3045560061 [TCP segment of a reassembled PDU]"
"54136","36.209157561","192.168.1.55","192.168.1.2","TCP","1514","8004  >  36616 [ACK] Seq=314406 Ack=141 Win=65024 Len=1448 TSval=2916040289 TSecr=3045560061 [TCP segment of a reassembled PDU]"
"54137","36.209158857","192.168.1.55","192.168.1.2","TCP","1514","8004  >  36616 [ACK] Seq=315854 Ack=141 Win=65024 Len=1448 TSval=2916040289 TSecr=3045560061 [TCP segment of a reassembled PDU]"
"54138","36.209160191","192.168.1.55","192.168.1.2","TCP","1514","8004  >  36616 [ACK] Seq=317302 Ack=141 Win=65024 Len=1448 TSval=2916040289 TSecr=3045560061 [TCP segment of a reassembled PDU]"
"54139","36.209161505","192.168.1.55","192.168.1.2","TCP","1514","8004  >  36616 [ACK] Seq=318750 Ack=141 Win=65024 Len=1448 TSval=2916040289 TSecr=3045560061 [TCP segment of a reassembled PDU]"
"54140","36.209162894","192.168.1.55","192.168.1.2","TCP","1514","8004  >  36616 [ACK] Seq=320198 Ack=141 Win=65024 Len=1448 TSval=2916040289 TSecr=3045560061 [TCP segment of a reassembled PDU]"
"54141","36.209164191","192.168.1.55","192.168.1.2","TCP","1514","8004  >  36616 [ACK] Seq=321646 Ack=141 Win=65024 Len=1448 TSval=2916040289 TSecr=3045560061 [TCP segment of a reassembled PDU]"
"54142","36.209165931","192.168.1.55","192.168.1.2","TCP","1514","8004  >  36616 [ACK] Seq=323094 Ack=141 Win=65024 Len=1448 TSval=2916040289 TSecr=3045560061 [TCP segment of a reassembled PDU]"
"54143","36.209167413","192.168.1.55","192.168.1.2","TCP","1514","8004  >  36616 [ACK] Seq=324542 Ack=141 Win=65024 Len=1448 TSval=2916040289 TSecr=3045560061 [TCP segment of a reassembled PDU]"
"54144","36.209168746","192.168.1.55","192.168.1.2","TCP","1514","8004  >  36616 [ACK] Seq=325990 Ack=141 Win=65024 Len=1448 TSval=2916040289 TSecr=3045560061 [TCP segment of a reassembled PDU]"
"54145","36.209170283","192.168.1.55","192.168.1.2","TCP","1514","8004  >  36616 [ACK] Seq=327438 Ack=141 Win=65024 Len=1448 TSval=2916040289 TSecr=3045560061 [TCP segment of a reassembled PDU]"
"54146","36.209171561","192.168.1.55","192.168.1.2","TCP","1514","8004  >  36616 [ACK] Seq=328886 Ack=141 Win=65024 Len=1448 TSval=2916040289 TSecr=3045560061 [TCP segment of a reassembled PDU]"
"54147","36.209172783","192.168.1.55","192.168.1.2","TCP","1514","8004  >  36616 [ACK] Seq=330334 Ack=141 Win=65024 Len=1448 TSval=2916040289 TSecr=3045560061 [TCP segment of a reassembled PDU]"
"54148","36.209174172","192.168.1.55","192.168.1.2","TCP","1514","8004  >  36616 [ACK] Seq=331782 Ack=141 Win=65024 Len=1448 TSval=2916040289 TSecr=3045560061 [TCP segment of a reassembled PDU]"
"54149","36.209175413","192.168.1.55","192.168.1.2","TCP","1514","8004  >  36616 [ACK] Seq=333230 Ack=141 Win=65024 Len=1448 TSval=2916040289 TSecr=3045560061 [TCP segment of a reassembled PDU]"
"54150","36.209176857","192.168.1.55","192.168.1.2","TCP","1514","8004  >  36616 [ACK] Seq=334678 Ack=141 Win=65024 Len=1448 TSval=2916040289 TSecr=3045560061 [TCP segment of a reassembled PDU]"
"54151","36.209178394","192.168.1.55","192.168.1.2","TCP","1514","8004  >  36616 [ACK] Seq=336126 Ack=141 Win=65024 Len=1448 TSval=2916040289 TSecr=3045560061 [TCP segment of a reassembled PDU]"
"54152","36.209179617","192.168.1.55","192.168.1.2","TCP","1514","8004  >  36616 [ACK] Seq=337574 Ack=141 Win=65024 Len=1448 TSval=2916040289 TSecr=3045560061 [TCP segment of a reassembled PDU]"
"54153","36.209180987","192.168.1.55","192.168.1.2","TCP","1514","8004  >  36616 [ACK] Seq=339022 Ack=141 Win=65024 Len=1448 TSval=2916040289 TSecr=3045560061 [TCP segment of a reassembled PDU]"
"54154","36.209182283","192.168.1.55","192.168.1.2","TCP","1514","8004  >  36616 [ACK] Seq=340470 Ack=141 Win=65024 Len=1448 TSval=2916040289 TSecr=3045560061 [TCP segment of a reassembled PDU]"
"54155","36.209183505","192.168.1.55","192.168.1.2","TCP","1514","8004  >  36616 [PSH, ACK] Seq=341918 Ack=141 Win=65024 Len=1448 TSval=2916040289 TSecr=3045560061 [TCP segment of a reassembled PDU]"
"54156","36.213864069","192.168.1.2","192.168.1.55","TCP","66","36616  >  8004 [ACK] Seq=141 Ack=236214 Win=149504 Len=0 TSval=3045560064 TSecr=2916040285"
"54157","36.213892402","192.168.1.55","192.168.1.2","TCP","1514","8004  >  36616 [ACK] Seq=343366 Ack=141 Win=65024 Len=1448 TSval=2916040294 TSecr=3045560064 [TCP segment of a reassembled PDU]"
"54158","36.213894661","192.168.1.55","192.168.1.2","TCP","1514","8004  >  36616 [ACK] Seq=344814 Ack=141 Win=65024 Len=1448 TSval=2916040294 TSecr=3045560064 [TCP segment of a reassembled PDU]"
"54159","36.213896013","192.168.1.55","192.168.1.2","TCP","1514","8004  >  36616 [ACK] Seq=346262 Ack=141 Win=65024 Len=1448 TSval=2916040294 TSecr=3045560064 [TCP segment of a reassembled PDU]"
"54160","36.213897680","192.168.1.55","192.168.1.2","TCP","1514","8004  >  36616 [ACK] Seq=347710 Ack=141 Win=65024 Len=1448 TSval=2916040294 TSecr=3045560064 [TCP segment of a reassembled PDU]"
"54161","36.213899013","192.168.1.55","192.168.1.2","TCP","1514","8004  >  36616 [ACK] Seq=349158 Ack=141 Win=65024 Len=1448 TSval=2916040294 TSecr=3045560064 [TCP segment of a reassembled PDU]"
"54162","36.213900402","192.168.1.55","192.168.1.2","TCP","1514","8004  >  36616 [ACK] Seq=350606 Ack=141 Win=65024 Len=1448 TSval=2916040294 TSecr=3045560064 [TCP segment of a reassembled PDU]"
"54163","36.213901735","192.168.1.55","192.168.1.2","TCP","1514","8004  >  36616 [ACK] Seq=352054 Ack=141 Win=65024 Len=1448 TSval=2916040294 TSecr=3045560064 [TCP segment of a reassembled PDU]"
"54164","36.213903180","192.168.1.55","192.168.1.2","TCP","1514","8004  >  36616 [ACK] Seq=353502 Ack=141 Win=65024 Len=1448 TSval=2916040294 TSecr=3045560064 [TCP segment of a reassembled PDU]"
"54165","36.213904865","192.168.1.55","192.168.1.2","TCP","1514","8004  >  36616 [ACK] Seq=354950 Ack=141 Win=65024 Len=1448 TSval=2916040294 TSecr=3045560064 [TCP segment of a reassembled PDU]"
"54166","36.213906661","192.168.1.55","192.168.1.2","TCP","1514","8004  >  36616 [ACK] Seq=356398 Ack=141 Win=65024 Len=1448 TSval=2916040294 TSecr=3045560064 [TCP segment of a reassembled PDU]"
"54167","36.213907958","192.168.1.55","192.168.1.2","TCP","1514","8004  >  36616 [ACK] Seq=357846 Ack=141 Win=65024 Len=1448 TSval=2916040294 TSecr=3045560064 [TCP segment of a reassembled PDU]"
"54168","36.213909346","192.168.1.55","192.168.1.2","TCP","1514","8004  >  36616 [ACK] Seq=359294 Ack=141 Win=65024 Len=1448 TSval=2916040294 TSecr=3045560064 [TCP segment of a reassembled PDU]"
"54169","36.213910643","192.168.1.55","192.168.1.2","TCP","1514","8004  >  36616 [ACK] Seq=360742 Ack=141 Win=65024 Len=1448 TSval=2916040294 TSecr=3045560064 [TCP segment of a reassembled PDU]"
"54170","36.213911958","192.168.1.55","192.168.1.2","TCP","1514","8004  >  36616 [ACK] Seq=362190 Ack=141 Win=65024 Len=1448 TSval=2916040294 TSecr=3045560064 [TCP segment of a reassembled PDU]"
"54171","36.213913309","192.168.1.55","192.168.1.2","TCP","1514","8004  >  36616 [ACK] Seq=363638 Ack=141 Win=65024 Len=1448 TSval=2916040294 TSecr=3045560064 [TCP segment of a reassembled PDU]"
"54172","36.213914624","192.168.1.55","192.168.1.2","TCP","1514","8004  >  36616 [ACK] Seq=365086 Ack=141 Win=65024 Len=1448 TSval=2916040294 TSecr=3045560064 [TCP segment of a reassembled PDU]"
"54173","36.213915846","192.168.1.55","192.168.1.2","TCP","1514","8004  >  36616 [ACK] Seq=366534 Ack=141 Win=65024 Len=1448 TSval=2916040294 TSecr=3045560064 [TCP segment of a reassembled PDU]"
"54174","36.213917069","192.168.1.55","192.168.1.2","TCP","1514","8004  >  36616 [ACK] Seq=367982 Ack=141 Win=65024 Len=1448 TSval=2916040294 TSecr=3045560064 [TCP segment of a reassembled PDU]"
"54175","36.213918291","192.168.1.55","192.168.1.2","TCP","1514","8004  >  36616 [ACK] Seq=369430 Ack=141 Win=65024 Len=1448 TSval=2916040294 TSecr=3045560064 [TCP segment of a reassembled PDU]"
"54176","36.213919476","192.168.1.55","192.168.1.2","TCP","1514","8004  >  36616 [ACK] Seq=370878 Ack=141 Win=65024 Len=1448 TSval=2916040294 TSecr=3045560064 [TCP segment of a reassembled PDU]"
"54177","36.213921198","192.168.1.55","192.168.1.2","TCP","1514","8004  >  36616 [ACK] Seq=372326 Ack=141 Win=65024 Len=1448 TSval=2916040294 TSecr=3045560064 [TCP segment of a reassembled PDU]"
"54178","36.213922532","192.168.1.55","192.168.1.2","TCP","1514","8004  >  36616 [ACK] Seq=373774 Ack=141 Win=65024 Len=1448 TSval=2916040294 TSecr=3045560064 [TCP segment of a reassembled PDU]"
"54179","36.213923754","192.168.1.55","192.168.1.2","TCP","1514","8004  >  36616 [PSH, ACK] Seq=375222 Ack=141 Win=65024 Len=1448 TSval=2916040294 TSecr=3045560064 [TCP segment of a reassembled PDU]"
"54180","36.214826478","192.168.1.2","192.168.1.55","TCP","66","36616  >  8004 [ACK] Seq=141 Ack=243454 Win=163840 Len=0 TSval=3045560070 TSecr=2916040285"
"54181","36.214990552","192.168.1.2","192.168.1.55","TCP","66","36616  >  8004 [ACK] Seq=141 Ack=276758 Win=147456 Len=0 TSval=3045560070 TSecr=2916040288"
"54182","36.215015756","192.168.1.55","192.168.1.2","TCP","1514","8004  >  36616 [ACK] Seq=376670 Ack=141 Win=65024 Len=1448 TSval=2916040295 TSecr=3045560070 [TCP segment of a reassembled PDU]"
"54183","36.215018996","192.168.1.55","192.168.1.2","TCP","1514","8004  >  36616 [ACK] Seq=378118 Ack=141 Win=65024 Len=1448 TSval=2916040295 TSecr=3045560070 [TCP segment of a reassembled PDU]"
"54184","36.215020348","192.168.1.55","192.168.1.2","TCP","1514","8004  >  36616 [ACK] Seq=379566 Ack=141 Win=65024 Len=1448 TSval=2916040295 TSecr=3045560070 [TCP segment of a reassembled PDU]"
"54185","36.215021570","192.168.1.55","192.168.1.2","TCP","1514","8004  >  36616 [ACK] Seq=381014 Ack=141 Win=65024 Len=1448 TSval=2916040295 TSecr=3045560070 [TCP segment of a reassembled PDU]"
"54186","36.215022811","192.168.1.55","192.168.1.2","TCP","1514","8004  >  36616 [ACK] Seq=382462 Ack=141 Win=65024 Len=1448 TSval=2916040295 TSecr=3045560070 [TCP segment of a reassembled PDU]"
"54187","36.215024126","192.168.1.55","192.168.1.2","TCP","1514","8004  >  36616 [ACK] Seq=383910 Ack=141 Win=65024 Len=1448 TSval=2916040295 TSecr=3045560070 [TCP segment of a reassembled PDU]"
"54188","36.215025348","192.168.1.55","192.168.1.2","TCP","1514","8004  >  36616 [ACK] Seq=385358 Ack=141 Win=65024 Len=1448 TSval=2916040295 TSecr=3045560070 [TCP segment of a reassembled PDU]"
"54189","36.215026682","192.168.1.55","192.168.1.2","TCP","1514","8004  >  36616 [ACK] Seq=386806 Ack=141 Win=65024 Len=1448 TSval=2916040295 TSecr=3045560070 [TCP segment of a reassembled PDU]"
"54190","36.215027885","192.168.1.55","192.168.1.2","TCP","1514","8004  >  36616 [ACK] Seq=388254 Ack=141 Win=65024 Len=1448 TSval=2916040295 TSecr=3045560070 [TCP segment of a reassembled PDU]"
"54191","36.215029237","192.168.1.55","192.168.1.2","TCP","1514","8004  >  36616 [ACK] Seq=389702 Ack=141 Win=65024 Len=1448 TSval=2916040295 TSecr=3045560070 [TCP segment of a reassembled PDU]"
"54192","36.215030607","192.168.1.55","192.168.1.2","TCP","1514","8004  >  36616 [ACK] Seq=391150 Ack=141 Win=65024 Len=1448 TSval=2916040295 TSecr=3045560070 [TCP segment of a reassembled PDU]"
"54193","36.215031848","192.168.1.55","192.168.1.2","TCP","1514","8004  >  36616 [ACK] Seq=392598 Ack=141 Win=65024 Len=1448 TSval=2916040295 TSecr=3045560070 [TCP segment of a reassembled PDU]"
"54194","36.215033182","192.168.1.55","192.168.1.2","TCP","1514","8004  >  36616 [ACK] Seq=394046 Ack=141 Win=65024 Len=1448 TSval=2916040295 TSecr=3045560070 [TCP segment of a reassembled PDU]"
"54195","36.215034404","192.168.1.55","192.168.1.2","TCP","1514","8004  >  36616 [ACK] Seq=395494 Ack=141 Win=65024 Len=1448 TSval=2916040295 TSecr=3045560070 [TCP segment of a reassembled PDU]"
"54196","36.215035700","192.168.1.55","192.168.1.2","TCP","1514","8004  >  36616 [ACK] Seq=396942 Ack=141 Win=65024 Len=1448 TSval=2916040295 TSecr=3045560070 [TCP segment of a reassembled PDU]"
"54197","36.215037070","192.168.1.55","192.168.1.2","TCP","1514","8004  >  36616 [ACK] Seq=398390 Ack=141 Win=65024 Len=1448 TSval=2916040295 TSecr=3045560070 [TCP segment of a reassembled PDU]"
"54198","36.215038274","192.168.1.55","192.168.1.2","TCP","1514","8004  >  36616 [ACK] Seq=399838 Ack=141 Win=65024 Len=1448 TSval=2916040295 TSecr=3045560070 [TCP segment of a reassembled PDU]"
"54199","36.215039626","192.168.1.55","192.168.1.2","TCP","1514","8004  >  36616 [ACK] Seq=401286 Ack=141 Win=65024 Len=1448 TSval=2916040295 TSecr=3045560070 [TCP segment of a reassembled PDU]"
"54200","36.215040922","192.168.1.55","192.168.1.2","TCP","1514","8004  >  36616 [ACK] Seq=402734 Ack=141 Win=65024 Len=1448 TSval=2916040295 TSecr=3045560070 [TCP segment of a reassembled PDU]"
"54201","36.215042219","192.168.1.55","192.168.1.2","TCP","1514","8004  >  36616 [ACK] Seq=404182 Ack=141 Win=65024 Len=1448 TSval=2916040295 TSecr=3045560070 [TCP segment of a reassembled PDU]"
"54202","36.215043848","192.168.1.55","192.168.1.2","TCP","1514","8004  >  36616 [ACK] Seq=405630 Ack=141 Win=65024 Len=1448 TSval=2916040295 TSecr=3045560070 [TCP segment of a reassembled PDU]"
"54203","36.215045219","192.168.1.55","192.168.1.2","TCP","1514","8004  >  36616 [ACK] Seq=407078 Ack=141 Win=65024 Len=1448 TSval=2916040295 TSecr=3045560070 [TCP segment of a reassembled PDU]"
"54204","36.215046459","192.168.1.55","192.168.1.2","TCP","1514","8004  >  36616 [PSH, ACK] Seq=408526 Ack=141 Win=65024 Len=1448 TSval=2916040295 TSecr=3045560070 [TCP segment of a reassembled PDU]"
"54205","36.215051552","192.168.1.2","192.168.1.55","TCP","66","36616  >  8004 [ACK] Seq=141 Ack=310062 Win=123904 Len=0 TSval=3045560070 TSecr=2916040288"
"54206","36.215058848","192.168.1.2","192.168.1.55","TCP","66","36616  >  8004 [ACK] Seq=141 Ack=343366 Win=146432 Len=0 TSval=3045560070 TSecr=2916040289"
"54207","36.215085441","192.168.1.55","192.168.1.2","TCP","1514","8004  >  36616 [ACK] Seq=409974 Ack=141 Win=65024 Len=1448 TSval=2916040295 TSecr=3045560070 [TCP segment of a reassembled PDU]"
"54208","36.215086978","192.168.1.55","192.168.1.2","TCP","1514","8004  >  36616 [ACK] Seq=411422 Ack=141 Win=65024 Len=1448 TSval=2916040295 TSecr=3045560070 [TCP segment of a reassembled PDU]"
"54209","36.215092534","192.168.1.55","192.168.1.2","TCP","1514","8004  >  36616 [ACK] Seq=412870 Ack=141 Win=65024 Len=1448 TSval=2916040295 TSecr=3045560070 [TCP segment of a reassembled PDU]"
"54210","36.215094108","192.168.1.55","192.168.1.2","TCP","1514","8004  >  36616 [ACK] Seq=414318 Ack=141 Win=65024 Len=1448 TSval=2916040295 TSecr=3045560070 [TCP segment of a reassembled PDU]"
"54211","36.215095515","192.168.1.55","192.168.1.2","TCP","1514","8004  >  36616 [ACK] Seq=415766 Ack=141 Win=65024 Len=1448 TSval=2916040295 TSecr=3045560070 [TCP segment of a reassembled PDU]"
"54212","36.215096719","192.168.1.55","192.168.1.2","TCP","1514","8004  >  36616 [ACK] Seq=417214 Ack=141 Win=65024 Len=1448 TSval=2916040295 TSecr=3045560070 [TCP segment of a reassembled PDU]"
"54213","36.215098089","192.168.1.55","192.168.1.2","TCP","1514","8004  >  36616 [ACK] Seq=418662 Ack=141 Win=65024 Len=1448 TSval=2916040295 TSecr=3045560070 [TCP segment of a reassembled PDU]"
"54214","36.215099422","192.168.1.55","192.168.1.2","TCP","1514","8004  >  36616 [ACK] Seq=420110 Ack=141 Win=65024 Len=1448 TSval=2916040295 TSecr=3045560070 [TCP segment of a reassembled PDU]"
"54215","36.215100774","192.168.1.55","192.168.1.2","TCP","1514","8004  >  36616 [ACK] Seq=421558 Ack=141 Win=65024 Len=1448 TSval=2916040295 TSecr=3045560070 [TCP segment of a reassembled PDU]"
"54216","36.215102108","192.168.1.55","192.168.1.2","TCP","1514","8004  >  36616 [ACK] Seq=423006 Ack=141 Win=65024 Len=1448 TSval=2916040295 TSecr=3045560070 [TCP segment of a reassembled PDU]"
"54217","36.215103330","192.168.1.55","192.168.1.2","TCP","1514","8004  >  36616 [ACK] Seq=424454 Ack=141 Win=65024 Len=1448 TSval=2916040295 TSecr=3045560070 [TCP segment of a reassembled PDU]"
"54218","36.215104552","192.168.1.55","192.168.1.2","TCP","1514","8004  >  36616 [ACK] Seq=425902 Ack=141 Win=65024 Len=1448 TSval=2916040295 TSecr=3045560070 [TCP segment of a reassembled PDU]"
"54219","36.215105941","192.168.1.55","192.168.1.2","TCP","1514","8004  >  36616 [ACK] Seq=427350 Ack=141 Win=65024 Len=1448 TSval=2916040295 TSecr=3045560070 [TCP segment of a reassembled PDU]"
"54220","36.215107200","192.168.1.55","192.168.1.2","TCP","1514","8004  >  36616 [ACK] Seq=428798 Ack=141 Win=65024 Len=1448 TSval=2916040295 TSecr=3045560070 [TCP segment of a reassembled PDU]"
"54221","36.215108534","192.168.1.55","192.168.1.2","TCP","1514","8004  >  36616 [ACK] Seq=430246 Ack=141 Win=65024 Len=1448 TSval=2916040295 TSecr=3045560070 [TCP segment of a reassembled PDU]"
"54222","36.215110034","192.168.1.55","192.168.1.2","TCP","1514","8004  >  36616 [ACK] Seq=431694 Ack=141 Win=65024 Len=1448 TSval=2916040295 TSecr=3045560070 [TCP segment of a reassembled PDU]"
"54223","36.215111459","192.168.1.55","192.168.1.2","TCP","1514","8004  >  36616 [ACK] Seq=433142 Ack=141 Win=65024 Len=1448 TSval=2916040295 TSecr=3045560070 [TCP segment of a reassembled PDU]"
"54224","36.215112737","192.168.1.55","192.168.1.2","TCP","1514","8004  >  36616 [ACK] Seq=434590 Ack=141 Win=65024 Len=1448 TSval=2916040295 TSecr=3045560070 [TCP segment of a reassembled PDU]"
"54225","36.215114052","192.168.1.55","192.168.1.2","TCP","1514","8004  >  36616 [ACK] Seq=436038 Ack=141 Win=65024 Len=1448 TSval=2916040295 TSecr=3045560070 [TCP segment of a reassembled PDU]"
"54226","36.215115348","192.168.1.55","192.168.1.2","TCP","1514","8004  >  36616 [ACK] Seq=437486 Ack=141 Win=65024 Len=1448 TSval=2916040295 TSecr=3045560070 [TCP segment of a reassembled PDU]"
"54227","36.215116700","192.168.1.55","192.168.1.2","TCP","1514","8004  >  36616 [ACK] Seq=438934 Ack=141 Win=65024 Len=1448 TSval=2916040295 TSecr=3045560070 [TCP segment of a reassembled PDU]"
"54228","36.215117904","192.168.1.55","192.168.1.2","TCP","1514","8004  >  36616 [ACK] Seq=440382 Ack=141 Win=65024 Len=1448 TSval=2916040295 TSecr=3045560070 [TCP segment of a reassembled PDU]"
"54229","36.215119274","192.168.1.55","192.168.1.2","TCP","1514","8004  >  36616 [PSH, ACK] Seq=441830 Ack=141 Win=65024 Len=1448 TSval=2916040295 TSecr=3045560070 [TCP segment of a reassembled PDU]"
"54230","36.215146626","192.168.1.55","192.168.1.2","TCP","1514","8004  >  36616 [ACK] Seq=443278 Ack=141 Win=65024 Len=1448 TSval=2916040295 TSecr=3045560070 [TCP segment of a reassembled PDU]"
"54231","36.215148534","192.168.1.55","192.168.1.2","TCP","1514","8004  >  36616 [ACK] Seq=444726 Ack=141 Win=65024 Len=1448 TSval=2916040295 TSecr=3045560070 [TCP segment of a reassembled PDU]"
"54232","36.215149978","192.168.1.55","192.168.1.2","TCP","1514","8004  >  36616 [ACK] Seq=446174 Ack=141 Win=65024 Len=1448 TSval=2916040295 TSecr=3045560070 [TCP segment of a reassembled PDU]"
"54233","36.215151311","192.168.1.55","192.168.1.2","TCP","1514","8004  >  36616 [ACK] Seq=447622 Ack=141 Win=65024 Len=1448 TSval=2916040295 TSecr=3045560070 [TCP segment of a reassembled PDU]"
"54234","36.215152941","192.168.1.55","192.168.1.2","TCP","1514","8004  >  36616 [ACK] Seq=449070 Ack=141 Win=65024 Len=1448 TSval=2916040295 TSecr=3045560070 [TCP segment of a reassembled PDU]"
"54235","36.215154478","192.168.1.55","192.168.1.2","TCP","1514","8004  >  36616 [ACK] Seq=450518 Ack=141 Win=65024 Len=1448 TSval=2916040295 TSecr=3045560070 [TCP segment of a reassembled PDU]"
"54236","36.215155867","192.168.1.55","192.168.1.2","TCP","1514","8004  >  36616 [ACK] Seq=451966 Ack=141 Win=65024 Len=1448 TSval=2916040295 TSecr=3045560070 [TCP segment of a reassembled PDU]"
"54237","36.215157311","192.168.1.55","192.168.1.2","TCP","1514","8004  >  36616 [ACK] Seq=453414 Ack=141 Win=65024 Len=1448 TSval=2916040295 TSecr=3045560070 [TCP segment of a reassembled PDU]"
"54238","36.215158793","192.168.1.55","192.168.1.2","TCP","1514","8004  >  36616 [ACK] Seq=454862 Ack=141 Win=65024 Len=1448 TSval=2916040295 TSecr=3045560070 [TCP segment of a reassembled PDU]"
"54239","36.215160274","192.168.1.55","192.168.1.2","TCP","1514","8004  >  36616 [ACK] Seq=456310 Ack=141 Win=65024 Len=1448 TSval=2916040295 TSecr=3045560070 [TCP segment of a reassembled PDU]"
"54240","36.215161589","192.168.1.55","192.168.1.2","TCP","1514","8004  >  36616 [ACK] Seq=457758 Ack=141 Win=65024 Len=1448 TSval=2916040295 TSecr=3045560070 [TCP segment of a reassembled PDU]"
"54241","36.215162997","192.168.1.55","192.168.1.2","TCP","1514","8004  >  36616 [ACK] Seq=459206 Ack=141 Win=65024 Len=1448 TSval=2916040295 TSecr=3045560070 [TCP segment of a reassembled PDU]"
"54242","36.215164237","192.168.1.55","192.168.1.2","TCP","1514","8004  >  36616 [ACK] Seq=460654 Ack=141 Win=65024 Len=1448 TSval=2916040295 TSecr=3045560070 [TCP segment of a reassembled PDU]"
"54243","36.215165923","192.168.1.55","192.168.1.2","TCP","1514","8004  >  36616 [ACK] Seq=462102 Ack=141 Win=65024 Len=1448 TSval=2916040295 TSecr=3045560070 [TCP segment of a reassembled PDU]"
"54244","36.215167330","192.168.1.55","192.168.1.2","TCP","1514","8004  >  36616 [ACK] Seq=463550 Ack=141 Win=65024 Len=1448 TSval=2916040295 TSecr=3045560070 [TCP segment of a reassembled PDU]"
"54245","36.215168737","192.168.1.55","192.168.1.2","TCP","1514","8004  >  36616 [ACK] Seq=464998 Ack=141 Win=65024 Len=1448 TSval=2916040295 TSecr=3045560070 [TCP segment of a reassembled PDU]"
"54246","36.215169978","192.168.1.55","192.168.1.2","TCP","1514","8004  >  36616 [ACK] Seq=466446 Ack=141 Win=65024 Len=1448 TSval=2916040295 TSecr=3045560070 [TCP segment of a reassembled PDU]"
"54247","36.215171330","192.168.1.55","192.168.1.2","TCP","1514","8004  >  36616 [ACK] Seq=467894 Ack=141 Win=65024 Len=1448 TSval=2916040295 TSecr=3045560070 [TCP segment of a reassembled PDU]"
"54248","36.215172571","192.168.1.55","192.168.1.2","TCP","1514","8004  >  36616 [ACK] Seq=469342 Ack=141 Win=65024 Len=1448 TSval=2916040295 TSecr=3045560070 [TCP segment of a reassembled PDU]"
"54249","36.215173997","192.168.1.55","192.168.1.2","TCP","1514","8004  >  36616 [ACK] Seq=470790 Ack=141 Win=65024 Len=1448 TSval=2916040295 TSecr=3045560070 [TCP segment of a reassembled PDU]"
"54250","36.215175274","192.168.1.55","192.168.1.2","TCP","1514","8004  >  36616 [ACK] Seq=472238 Ack=141 Win=65024 Len=1448 TSval=2916040295 TSecr=3045560070 [TCP segment of a reassembled PDU]"
"54251","36.215176663","192.168.1.55","192.168.1.2","TCP","1514","8004  >  36616 [ACK] Seq=473686 Ack=141 Win=65024 Len=1448 TSval=2916040295 TSecr=3045560070 [TCP segment of a reassembled PDU]"
"54252","36.215178089","192.168.1.55","192.168.1.2","TCP","1514","8004  >  36616 [PSH, ACK] Seq=475134 Ack=141 Win=65024 Len=1448 TSval=2916040295 TSecr=3045560070 [TCP segment of a reassembled PDU]"
"54253","36.215194515","192.168.1.55","192.168.1.2","TCP","1514","8004  >  36616 [ACK] Seq=476582 Ack=141 Win=65024 Len=1448 TSval=2916040295 TSecr=3045560070 [TCP segment of a reassembled PDU]"
"54254","36.215196071","192.168.1.55","192.168.1.2","TCP","1514","8004  >  36616 [ACK] Seq=478030 Ack=141 Win=65024 Len=1448 TSval=2916040295 TSecr=3045560070 [TCP segment of a reassembled PDU]"
"54255","36.215197478","192.168.1.55","192.168.1.2","TCP","1514","8004  >  36616 [ACK] Seq=479478 Ack=141 Win=65024 Len=1448 TSval=2916040295 TSecr=3045560070 [TCP segment of a reassembled PDU]"
"54256","36.215198700","192.168.1.55","192.168.1.2","TCP","1514","8004  >  36616 [ACK] Seq=480926 Ack=141 Win=65024 Len=1448 TSval=2916040295 TSecr=3045560070 [TCP segment of a reassembled PDU]"
"54257","36.215200200","192.168.1.55","192.168.1.2","TCP","1514","8004  >  36616 [ACK] Seq=482374 Ack=141 Win=65024 Len=1448 TSval=2916040295 TSecr=3045560070 [TCP segment of a reassembled PDU]"
"54258","36.215202182","192.168.1.55","192.168.1.2","TCP","1514","8004  >  36616 [ACK] Seq=483822 Ack=141 Win=65024 Len=1448 TSval=2916040295 TSecr=3045560070 [TCP segment of a reassembled PDU]"
"54259","36.215203404","192.168.1.55","192.168.1.2","TCP","1514","8004  >  36616 [ACK] Seq=485270 Ack=141 Win=65024 Len=1448 TSval=2916040295 TSecr=3045560070 [TCP segment of a reassembled PDU]"
"54260","36.215204589","192.168.1.55","192.168.1.2","TCP","1514","8004  >  36616 [ACK] Seq=486718 Ack=141 Win=65024 Len=1448 TSval=2916040295 TSecr=3045560070 [TCP segment of a reassembled PDU]"
"54261","36.215205867","192.168.1.55","192.168.1.2","TCP","1514","8004  >  36616 [ACK] Seq=488166 Ack=141 Win=65024 Len=1448 TSval=2916040295 TSecr=3045560070 [TCP segment of a reassembled PDU]"
"54262","36.215207163","192.168.1.55","192.168.1.2","TCP","250","[TCP Window Full] 8004  >  36616 [PSH, ACK] Seq=489614 Ack=141 Win=65024 Len=184 TSval=2916040295 TSecr=3045560070 [TCP segment of a reassembled PDU]"
"54263","36.223224787","192.168.1.2","192.168.1.55","TCP","66","36616  >  8004 [ACK] Seq=141 Ack=376670 Win=145408 Len=0 TSval=3045560078 TSecr=2916040294"
"54264","36.223246028","192.168.1.55","192.168.1.2","TCP","1514","8004  >  36616 [ACK] Seq=489798 Ack=141 Win=65024 Len=1448 TSval=2916040303 TSecr=3045560078 [TCP segment of a reassembled PDU]"
"54265","36.223248898","192.168.1.55","192.168.1.2","TCP","1514","8004  >  36616 [ACK] Seq=491246 Ack=141 Win=65024 Len=1448 TSval=2916040303 TSecr=3045560078 [TCP segment of a reassembled PDU]"
"54266","36.223250287","192.168.1.55","192.168.1.2","TCP","1514","8004  >  36616 [ACK] Seq=492694 Ack=141 Win=65024 Len=1448 TSval=2916040303 TSecr=3045560078 [TCP segment of a reassembled PDU]"
"54267","36.223251565","192.168.1.55","192.168.1.2","TCP","1514","8004  >  36616 [ACK] Seq=494142 Ack=141 Win=65024 Len=1448 TSval=2916040303 TSecr=3045560078 [TCP segment of a reassembled PDU]"
"54268","36.223252861","192.168.1.55","192.168.1.2","TCP","1514","8004  >  36616 [ACK] Seq=495590 Ack=141 Win=65024 Len=1448 TSval=2916040303 TSecr=3045560078 [TCP segment of a reassembled PDU]"
"54269","36.223254584","192.168.1.55","192.168.1.2","TCP","1514","8004  >  36616 [PSH, ACK] Seq=497038 Ack=141 Win=65024 Len=1448 TSval=2916040303 TSecr=3045560078 [TCP segment of a reassembled PDU]"
"54270","36.223260602","192.168.1.55","192.168.1.2","HTTP","1288","HTTP/1.0 200 OK  (PNG)"
"54271","36.223638251","192.168.1.2","192.168.1.55","TCP","66","36616  >  8004 [ACK] Seq=141 Ack=409974 Win=121856 Len=0 TSval=3045560078 TSecr=2916040295"
"54272","36.223646510","192.168.1.2","192.168.1.55","TCP","66","36616  >  8004 [ACK] Seq=141 Ack=443278 Win=123904 Len=0 TSval=3045560078 TSecr=2916040295"
"54273","36.223651658","192.168.1.2","192.168.1.55","TCP","66","36616  >  8004 [ACK] Seq=141 Ack=476582 Win=147456 Len=0 TSval=3045560078 TSecr=2916040295"
"54274","36.223706344","192.168.1.2","192.168.1.55","TCP","66","36616  >  8004 [ACK] Seq=141 Ack=485270 Win=164864 Len=0 TSval=3045560078 TSecr=2916040295"
"54275","36.223712751","192.168.1.2","192.168.1.55","TCP","66","36616  >  8004 [ACK] Seq=141 Ack=489798 Win=165888 Len=0 TSval=3045560079 TSecr=2916040295"
"54276","36.225479069","192.168.1.2","192.168.1.55","TCP","66","36616  >  8004 [ACK] Seq=141 Ack=498486 Win=165888 Len=0 TSval=3045560081 TSecr=2916040303"
"54277","36.227427072","192.168.1.2","192.168.1.55","TCP","66","36616  >  8004 [FIN, ACK] Seq=141 Ack=499709 Win=168960 Len=0 TSval=3045560082 TSecr=2916040303"
"54278","36.227439127","192.168.1.55","192.168.1.2","TCP","66","8004  >  36616 [ACK] Seq=499709 Ack=142 Win=65024 Len=0 TSval=2916040308 TSecr=3045560082"
"54279","36.227480905","192.168.1.2","192.168.1.55","TCP","74","36630  >  8004 [SYN] Seq=0 Win=64240 Len=0 MSS=1460 SACK_PERM TSval=3045560082 TSecr=0 WS=1024"
"54280","36.227507516","192.168.1.55","192.168.1.2","TCP","74","8004  >  36630 [SYN, ACK] Seq=0 Ack=1 Win=65160 Len=0 MSS=1460 SACK_PERM TSval=2916040308 TSecr=3045560082 WS=128"
"54281","36.230765836","192.168.1.2","192.168.1.55","TCP","66","36630  >  8004 [ACK] Seq=1 Ack=1 Win=64512 Len=0 TSval=3045560085 TSecr=2916040308"
"54282","36.232231672","192.168.1.2","192.168.1.55","HTTP","209","GET /original_benchmark.png HTTP/1.1 "
"54283","36.232243857","192.168.1.55","192.168.1.2","TCP","66","8004  >  36630 [ACK] Seq=1 Ack=144 Win=65024 Len=0 TSval=2916040312 TSecr=3045560087"
"54284","36.232743469","192.168.1.55","192.168.1.2","TCP","255","8004  >  36630 [PSH, ACK] Seq=1 Ack=144 Win=65024 Len=189 TSval=2916040313 TSecr=3045560087 [TCP segment of a reassembled PDU]"
"54285","36.232832229","192.168.1.55","192.168.1.2","TCP","1514","8004  >  36630 [ACK] Seq=190 Ack=144 Win=65024 Len=1448 TSval=2916040313 TSecr=3045560087 [TCP segment of a reassembled PDU]"
"54286","36.232837581","192.168.1.55","192.168.1.2","TCP","1514","8004  >  36630 [ACK] Seq=1638 Ack=144 Win=65024 Len=1448 TSval=2916040313 TSecr=3045560087 [TCP segment of a reassembled PDU]"
"54287","36.232839155","192.168.1.55","192.168.1.2","TCP","1514","8004  >  36630 [ACK] Seq=3086 Ack=144 Win=65024 Len=1448 TSval=2916040313 TSecr=3045560087 [TCP segment of a reassembled PDU]"
"54288","36.232840655","192.168.1.55","192.168.1.2","TCP","1514","8004  >  36630 [ACK] Seq=4534 Ack=144 Win=65024 Len=1448 TSval=2916040313 TSecr=3045560087 [TCP segment of a reassembled PDU]"
"54289","36.232842692","192.168.1.55","192.168.1.2","TCP","1514","8004  >  36630 [PSH, ACK] Seq=5982 Ack=144 Win=65024 Len=1448 TSval=2916040313 TSecr=3045560087 [TCP segment of a reassembled PDU]"
"54290","36.232858747","192.168.1.55","192.168.1.2","TCP","1514","8004  >  36630 [ACK] Seq=7430 Ack=144 Win=65024 Len=1448 TSval=2916040313 TSecr=3045560087 [TCP segment of a reassembled PDU]"
"54291","36.232860618","192.168.1.55","192.168.1.2","TCP","1514","8004  >  36630 [ACK] Seq=8878 Ack=144 Win=65024 Len=1448 TSval=2916040313 TSecr=3045560087 [TCP segment of a reassembled PDU]"
"54292","36.232862081","192.168.1.55","192.168.1.2","TCP","1514","8004  >  36630 [ACK] Seq=10326 Ack=144 Win=65024 Len=1448 TSval=2916040313 TSecr=3045560087 [TCP segment of a reassembled PDU]"
"54293","36.232863451","192.168.1.55","192.168.1.2","TCP","1514","8004  >  36630 [PSH, ACK] Seq=11774 Ack=144 Win=65024 Len=1448 TSval=2916040313 TSecr=3045560087 [TCP segment of a reassembled PDU]"
"54294","36.236402586","192.168.1.2","192.168.1.55","TCP","66","36630  >  8004 [ACK] Seq=144 Ack=190 Win=64512 Len=0 TSval=3045560091 TSecr=2916040313"
"54295","36.236456309","192.168.1.55","192.168.1.2","TCP","1514","8004  >  36630 [ACK] Seq=13222 Ack=144 Win=65024 Len=1448 TSval=2916040317 TSecr=3045560091 [TCP segment of a reassembled PDU]"
"54296","36.236462883","192.168.1.55","192.168.1.2","TCP","1514","8004  >  36630 [PSH, ACK] Seq=14670 Ack=144 Win=65024 Len=1448 TSval=2916040317 TSecr=3045560091 [TCP segment of a reassembled PDU]"
"54297","36.236528216","192.168.1.2","192.168.1.55","TCP","66","36630  >  8004 [ACK] Seq=144 Ack=7430 Win=71680 Len=0 TSval=3045560091 TSecr=2916040313"
"54298","36.236596531","192.168.1.55","192.168.1.2","TCP","1514","8004  >  36630 [ACK] Seq=16118 Ack=144 Win=65024 Len=1448 TSval=2916040317 TSecr=3045560091 [TCP segment of a reassembled PDU]"
"54299","36.236604679","192.168.1.55","192.168.1.2","TCP","1514","8004  >  36630 [ACK] Seq=17566 Ack=144 Win=65024 Len=1448 TSval=2916040317 TSecr=3045560091 [TCP segment of a reassembled PDU]"
"54300","36.236607253","192.168.1.55","192.168.1.2","TCP","1514","8004  >  36630 [ACK] Seq=19014 Ack=144 Win=65024 Len=1448 TSval=2916040317 TSecr=3045560091 [TCP segment of a reassembled PDU]"
"54301","36.236611587","192.168.1.55","192.168.1.2","TCP","1514","8004  >  36630 [ACK] Seq=20462 Ack=144 Win=65024 Len=1448 TSval=2916040317 TSecr=3045560091 [TCP segment of a reassembled PDU]"
"54302","36.236613438","192.168.1.55","192.168.1.2","TCP","1514","8004  >  36630 [ACK] Seq=21910 Ack=144 Win=65024 Len=1448 TSval=2916040317 TSecr=3045560091 [TCP segment of a reassembled PDU]"
"54303","36.236615661","192.168.1.55","192.168.1.2","TCP","1514","8004  >  36630 [ACK] Seq=23358 Ack=144 Win=65024 Len=1448 TSval=2916040317 TSecr=3045560091 [TCP segment of a reassembled PDU]"
"54304","36.236620883","192.168.1.55","192.168.1.2","TCP","1514","8004  >  36630 [ACK] Seq=24806 Ack=144 Win=65024 Len=1448 TSval=2916040317 TSecr=3045560091 [TCP segment of a reassembled PDU]"
"54305","36.236623068","192.168.1.55","192.168.1.2","TCP","1514","8004  >  36630 [PSH, ACK] Seq=26254 Ack=144 Win=65024 Len=1448 TSval=2916040317 TSecr=3045560091 [TCP segment of a reassembled PDU]"
"54306","36.237829755","192.168.1.2","192.168.1.55","TCP","66","36630  >  8004 [ACK] Seq=144 Ack=10326 Win=76800 Len=0 TSval=3045560091 TSecr=2916040313"
"54307","36.237876126","192.168.1.55","192.168.1.2","TCP","1514","8004  >  36630 [ACK] Seq=27702 Ack=144 Win=65024 Len=1448 TSval=2916040318 TSecr=3045560091 [TCP segment of a reassembled PDU]"
"54308","36.237881607","192.168.1.55","192.168.1.2","TCP","1514","8004  >  36630 [ACK] Seq=29150 Ack=144 Win=65024 Len=1448 TSval=2916040318 TSecr=3045560091 [TCP segment of a reassembled PDU]"
"54309","36.237883126","192.168.1.55","192.168.1.2","TCP","1514","8004  >  36630 [ACK] Seq=30598 Ack=144 Win=65024 Len=1448 TSval=2916040318 TSecr=3045560091 [TCP segment of a reassembled PDU]"
"54310","36.237885200","192.168.1.55","192.168.1.2","TCP","1514","8004  >  36630 [ACK] Seq=32046 Ack=144 Win=65024 Len=1448 TSval=2916040318 TSecr=3045560091 [TCP segment of a reassembled PDU]"
"54311","36.237886700","192.168.1.55","192.168.1.2","TCP","1514","8004  >  36630 [ACK] Seq=33494 Ack=144 Win=65024 Len=1448 TSval=2916040318 TSecr=3045560091 [TCP segment of a reassembled PDU]"
"54312","36.237888496","192.168.1.55","192.168.1.2","TCP","1514","8004  >  36630 [PSH, ACK] Seq=34942 Ack=144 Win=65024 Len=1448 TSval=2916040318 TSecr=3045560091 [TCP segment of a reassembled PDU]"
"54313","36.237930367","192.168.1.2","192.168.1.55","TCP","66","36630  >  8004 [ACK] Seq=144 Ack=13222 Win=76800 Len=0 TSval=3045560092 TSecr=2916040313"
"54314","36.237950737","192.168.1.55","192.168.1.2","TCP","1514","8004  >  36630 [ACK] Seq=36390 Ack=144 Win=65024 Len=1448 TSval=2916040318 TSecr=3045560092 [TCP segment of a reassembled PDU]"
"54315","36.237952700","192.168.1.55","192.168.1.2","TCP","1514","8004  >  36630 [ACK] Seq=37838 Ack=144 Win=65024 Len=1448 TSval=2916040318 TSecr=3045560092 [TCP segment of a reassembled PDU]"
"54316","36.237954811","192.168.1.55","192.168.1.2","TCP","1514","8004  >  36630 [ACK] Seq=39286 Ack=144 Win=65024 Len=1448 TSval=2916040318 TSecr=3045560092 [TCP segment of a reassembled PDU]"
"54317","36.237956533","192.168.1.55","192.168.1.2","TCP","1514","8004  >  36630 [PSH, ACK] Seq=40734 Ack=144 Win=65024 Len=1448 TSval=2916040318 TSecr=3045560092 [TCP segment of a reassembled PDU]"
"54318","36.241616947","192.168.1.2","192.168.1.55","TCP","66","36630  >  8004 [ACK] Seq=144 Ack=16118 Win=76800 Len=0 TSval=3045560095 TSecr=2916040317"
"54319","36.241671632","192.168.1.55","192.168.1.2","TCP","1514","8004  >  36630 [ACK] Seq=42182 Ack=144 Win=65024 Len=1448 TSval=2916040322 TSecr=3045560095 [TCP segment of a reassembled PDU]"
"54320","36.241676576","192.168.1.55","192.168.1.2","TCP","1514","8004  >  36630 [PSH, ACK] Seq=43630 Ack=144 Win=65024 Len=1448 TSval=2916040322 TSecr=3045560095 [TCP segment of a reassembled PDU]"
"54321","36.241751799","192.168.1.2","192.168.1.55","TCP","66","36630  >  8004 [ACK] Seq=144 Ack=24806 Win=69632 Len=0 TSval=3045560095 TSecr=2916040317"
"54322","36.241790521","192.168.1.55","192.168.1.2","TCP","1514","8004  >  36630 [ACK] Seq=45078 Ack=144 Win=65024 Len=1448 TSval=2916040322 TSecr=3045560095 [TCP segment of a reassembled PDU]"
"54323","36.241795521","192.168.1.55","192.168.1.2","TCP","1514","8004  >  36630 [ACK] Seq=46526 Ack=144 Win=65024 Len=1448 TSval=2916040322 TSecr=3045560095 [TCP segment of a reassembled PDU]"
"54324","36.241796836","192.168.1.55","192.168.1.2","TCP","1514","8004  >  36630 [ACK] Seq=47974 Ack=144 Win=65024 Len=1448 TSval=2916040322 TSecr=3045560095 [TCP segment of a reassembled PDU]"
"54325","36.241798743","192.168.1.55","192.168.1.2","TCP","1514","8004  >  36630 [ACK] Seq=49422 Ack=144 Win=65024 Len=1448 TSval=2916040322 TSecr=3045560095 [TCP segment of a reassembled PDU]"
"54326","36.241800613","192.168.1.55","192.168.1.2","TCP","1514","8004  >  36630 [ACK] Seq=50870 Ack=144 Win=65024 Len=1448 TSval=2916040322 TSecr=3045560095 [TCP segment of a reassembled PDU]"
"54327","36.241802817","192.168.1.55","192.168.1.2","TCP","1514","8004  >  36630 [ACK] Seq=52318 Ack=144 Win=65024 Len=1448 TSval=2916040322 TSecr=3045560095 [TCP segment of a reassembled PDU]"
"54328","36.241805225","192.168.1.55","192.168.1.2","TCP","1514","8004  >  36630 [ACK] Seq=53766 Ack=144 Win=65024 Len=1448 TSval=2916040322 TSecr=3045560095 [TCP segment of a reassembled PDU]"
"54329","36.241806910","192.168.1.55","192.168.1.2","TCP","1514","8004  >  36630 [ACK] Seq=55214 Ack=144 Win=65024 Len=1448 TSval=2916040322 TSecr=3045560095 [TCP segment of a reassembled PDU]"
"54330","36.241810613","192.168.1.55","192.168.1.2","TCP","1514","8004  >  36630 [ACK] Seq=56662 Ack=144 Win=65024 Len=1448 TSval=2916040322 TSecr=3045560095 [TCP segment of a reassembled PDU]"
"54331","36.241812539","192.168.1.55","192.168.1.2","TCP","1514","8004  >  36630 [ACK] Seq=58110 Ack=144 Win=65024 Len=1448 TSval=2916040322 TSecr=3045560095 [TCP segment of a reassembled PDU]"
"54332","36.241813928","192.168.1.55","192.168.1.2","TCP","1514","8004  >  36630 [ACK] Seq=59558 Ack=144 Win=65024 Len=1448 TSval=2916040322 TSecr=3045560095 [TCP segment of a reassembled PDU]"
"54333","36.241816114","192.168.1.55","192.168.1.2","TCP","1514","8004  >  36630 [ACK] Seq=61006 Ack=144 Win=65024 Len=1448 TSval=2916040322 TSecr=3045560095 [TCP segment of a reassembled PDU]"
"54334","36.241817891","192.168.1.55","192.168.1.2","TCP","1514","8004  >  36630 [ACK] Seq=62454 Ack=144 Win=65024 Len=1448 TSval=2916040322 TSecr=3045560095 [TCP segment of a reassembled PDU]"
"54335","36.241820206","192.168.1.55","192.168.1.2","TCP","1514","8004  >  36630 [PSH, ACK] Seq=63902 Ack=144 Win=65024 Len=1448 TSval=2916040322 TSecr=3045560095 [TCP segment of a reassembled PDU]"
"54336","36.241827651","192.168.1.2","192.168.1.55","TCP","66","36630  >  8004 [ACK] Seq=144 Ack=27702 Win=67584 Len=0 TSval=3045560096 TSecr=2916040317"
"54337","36.241845725","192.168.1.2","192.168.1.55","TCP","66","36630  >  8004 [ACK] Seq=144 Ack=30598 Win=65536 Len=0 TSval=3045560096 TSecr=2916040318"
"54338","36.241873817","192.168.1.55","192.168.1.2","TCP","1514","8004  >  36630 [ACK] Seq=65350 Ack=144 Win=65024 Len=1448 TSval=2916040322 TSecr=3045560096 [TCP segment of a reassembled PDU]"
"54339","36.241876373","192.168.1.55","192.168.1.2","TCP","1514","8004  >  36630 [ACK] Seq=66798 Ack=144 Win=65024 Len=1448 TSval=2916040322 TSecr=3045560096 [TCP segment of a reassembled PDU]"
"54340","36.241878651","192.168.1.55","192.168.1.2","TCP","1514","8004  >  36630 [ACK] Seq=68246 Ack=144 Win=65024 Len=1448 TSval=2916040322 TSecr=3045560096 [TCP segment of a reassembled PDU]"
"54341","36.241880262","192.168.1.55","192.168.1.2","TCP","1514","8004  >  36630 [ACK] Seq=69694 Ack=144 Win=65024 Len=1448 TSval=2916040322 TSecr=3045560096 [TCP segment of a reassembled PDU]"
"54342","36.241882169","192.168.1.55","192.168.1.2","TCP","1514","8004  >  36630 [ACK] Seq=71142 Ack=144 Win=65024 Len=1448 TSval=2916040322 TSecr=3045560096 [TCP segment of a reassembled PDU]"
"54343","36.241883817","192.168.1.55","192.168.1.2","TCP","1514","8004  >  36630 [ACK] Seq=72590 Ack=144 Win=65024 Len=1448 TSval=2916040322 TSecr=3045560096 [TCP segment of a reassembled PDU]"
"54344","36.241885151","192.168.1.55","192.168.1.2","TCP","1514","8004  >  36630 [ACK] Seq=74038 Ack=144 Win=65024 Len=1448 TSval=2916040322 TSecr=3045560096 [TCP segment of a reassembled PDU]"
"54345","36.241886947","192.168.1.55","192.168.1.2","TCP","1514","8004  >  36630 [PSH, ACK] Seq=75486 Ack=144 Win=65024 Len=1448 TSval=2916040322 TSecr=3045560096 [TCP segment of a reassembled PDU]"
"54346","36.241962854","192.168.1.2","192.168.1.55","TCP","66","36630  >  8004 [ACK] Seq=144 Ack=36390 Win=74752 Len=0 TSval=3045560096 TSecr=2916040318"
"54347","36.241998688","192.168.1.2","192.168.1.55","TCP","66","36630  >  8004 [ACK] Seq=144 Ack=40734 Win=70656 Len=0 TSval=3045560096 TSecr=2916040318"
"54348","36.242069910","192.168.1.55","192.168.1.2","TCP","1514","8004  >  36630 [ACK] Seq=76934 Ack=144 Win=65024 Len=1448 TSval=2916040322 TSecr=3045560096 [TCP segment of a reassembled PDU]"
"54349","36.242079466","192.168.1.55","192.168.1.2","TCP","1514","8004  >  36630 [ACK] Seq=78382 Ack=144 Win=65024 Len=1448 TSval=2916040322 TSecr=3045560096 [TCP segment of a reassembled PDU]"
"54350","36.242080781","192.168.1.55","192.168.1.2","TCP","1514","8004  >  36630 [ACK] Seq=79830 Ack=144 Win=65024 Len=1448 TSval=2916040322 TSecr=3045560096 [TCP segment of a reassembled PDU]"
"54351","36.242082577","192.168.1.55","192.168.1.2","TCP","1514","8004  >  36630 [ACK] Seq=81278 Ack=144 Win=65024 Len=1448 TSval=2916040322 TSecr=3045560096 [TCP segment of a reassembled PDU]"
"54352","36.242084466","192.168.1.55","192.168.1.2","TCP","1514","8004  >  36630 [ACK] Seq=82726 Ack=144 Win=65024 Len=1448 TSval=2916040322 TSecr=3045560096 [TCP segment of a reassembled PDU]"
"54353","36.242086040","192.168.1.55","192.168.1.2","TCP","1514","8004  >  36630 [ACK] Seq=84174 Ack=144 Win=65024 Len=1448 TSval=2916040322 TSecr=3045560096 [TCP segment of a reassembled PDU]"
"54354","36.242087299","192.168.1.55","192.168.1.2","TCP","1514","8004  >  36630 [ACK] Seq=85622 Ack=144 Win=65024 Len=1448 TSval=2916040322 TSecr=3045560096 [TCP segment of a reassembled PDU]"
"54355","36.242089521","192.168.1.55","192.168.1.2","TCP","1514","8004  >  36630 [ACK] Seq=87070 Ack=144 Win=65024 Len=1448 TSval=2916040322 TSecr=3045560096 [TCP segment of a reassembled PDU]"
"54356","36.242090744","192.168.1.55","192.168.1.2","TCP","1514","8004  >  36630 [ACK] Seq=88518 Ack=144 Win=65024 Len=1448 TSval=2916040322 TSecr=3045560096 [TCP segment of a reassembled PDU]"
"54357","36.242091929","192.168.1.55","192.168.1.2","TCP","1514","8004  >  36630 [ACK] Seq=89966 Ack=144 Win=65024 Len=1448 TSval=2916040322 TSecr=3045560096 [TCP segment of a reassembled PDU]"
"54358","36.242093040","192.168.1.55","192.168.1.2","TCP","1514","8004  >  36630 [ACK] Seq=91414 Ack=144 Win=65024 Len=1448 TSval=2916040322 TSecr=3045560096 [TCP segment of a reassembled PDU]"
"54359","36.242094410","192.168.1.55","192.168.1.2","TCP","1514","8004  >  36630 [ACK] Seq=92862 Ack=144 Win=65024 Len=1448 TSval=2916040322 TSecr=3045560096 [TCP segment of a reassembled PDU]"
"54360","36.242095781","192.168.1.55","192.168.1.2","TCP","1514","8004  >  36630 [ACK] Seq=94310 Ack=144 Win=65024 Len=1448 TSval=2916040322 TSecr=3045560096 [TCP segment of a reassembled PDU]"
"54361","36.242097725","192.168.1.55","192.168.1.2","TCP","1514","8004  >  36630 [PSH, ACK] Seq=95758 Ack=144 Win=65024 Len=1448 TSval=2916040322 TSecr=3045560096 [TCP segment of a reassembled PDU]"
"54362","36.245739009","192.168.1.2","192.168.1.55","TCP","66","36630  >  8004 [ACK] Seq=144 Ack=42182 Win=76800 Len=0 TSval=3045560097 TSecr=2916040318"
"54363","36.245756712","192.168.1.55","192.168.1.2","TCP","1514","8004  >  36630 [ACK] Seq=97206 Ack=144 Win=65024 Len=1448 TSval=2916040326 TSecr=3045560097 [TCP segment of a reassembled PDU]"
"54364","36.245759749","192.168.1.55","192.168.1.2","TCP","1514","8004  >  36630 [PSH, ACK] Seq=98654 Ack=144 Win=65024 Len=1448 TSval=2916040326 TSecr=3045560097 [TCP segment of a reassembled PDU]"
"54365","36.247854771","192.168.1.2","192.168.1.55","TCP","66","36630  >  8004 [ACK] Seq=144 Ack=45078 Win=74752 Len=0 TSval=3045560101 TSecr=2916040322"
"54366","36.247864938","192.168.1.55","192.168.1.2","TCP","1514","8004  >  36630 [ACK] Seq=100102 Ack=144 Win=65024 Len=1448 TSval=2916040328 TSecr=3045560101 [TCP segment of a reassembled PDU]"
"54367","36.247866901","192.168.1.55","192.168.1.2","TCP","1514","8004  >  36630 [ACK] Seq=101550 Ack=144 Win=65024 Len=1448 TSval=2916040328 TSecr=3045560101 [TCP segment of a reassembled PDU]"
"54368","36.247868049","192.168.1.55","192.168.1.2","TCP","1514","8004  >  36630 [ACK] Seq=102998 Ack=144 Win=65024 Len=1448 TSval=2916040328 TSecr=3045560101 [TCP segment of a reassembled PDU]"
"54369","36.247869308","192.168.1.55","192.168.1.2","TCP","1514","8004  >  36630 [PSH, ACK] Seq=104446 Ack=144 Win=65024 Len=1448 TSval=2916040328 TSecr=3045560101 [TCP segment of a reassembled PDU]"
"54370","36.248131031","192.168.1.2","192.168.1.55","TCP","66","36630  >  8004 [ACK] Seq=144 Ack=49422 Win=71680 Len=0 TSval=3045560101 TSecr=2916040322"
"54371","36.248141827","192.168.1.55","192.168.1.2","TCP","1514","8004  >  36630 [ACK] Seq=105894 Ack=144 Win=65024 Len=1448 TSval=2916040328 TSecr=3045560101 [TCP segment of a reassembled PDU]"
"54372","36.248143642","192.168.1.55","192.168.1.2","TCP","1514","8004  >  36630 [ACK] Seq=107342 Ack=144 Win=65024 Len=1448 TSval=2916040328 TSecr=3045560101 [TCP segment of a reassembled PDU]"
"54373","36.248144716","192.168.1.55","192.168.1.2","TCP","1514","8004  >  36630 [ACK] Seq=108790 Ack=144 Win=65024 Len=1448 TSval=2916040328 TSecr=3045560101 [TCP segment of a reassembled PDU]"
"54374","36.248145827","192.168.1.55","192.168.1.2","TCP","1514","8004  >  36630 [ACK] Seq=110238 Ack=144 Win=65024 Len=1448 TSval=2916040328 TSecr=3045560101 [TCP segment of a reassembled PDU]"
"54375","36.248147253","192.168.1.55","192.168.1.2","TCP","1514","8004  >  36630 [ACK] Seq=111686 Ack=144 Win=65024 Len=1448 TSval=2916040328 TSecr=3045560101 [TCP segment of a reassembled PDU]"
"54376","36.248148346","192.168.1.55","192.168.1.2","TCP","1514","8004  >  36630 [PSH, ACK] Seq=113134 Ack=144 Win=65024 Len=1448 TSval=2916040328 TSecr=3045560101 [TCP segment of a reassembled PDU]"
"54377","36.248152031","192.168.1.2","192.168.1.55","TCP","66","36630  >  8004 [ACK] Seq=144 Ack=65350 Win=66560 Len=0 TSval=3045560101 TSecr=2916040322"
"54378","36.248159327","192.168.1.2","192.168.1.55","TCP","66","36630  >  8004 [ACK] Seq=144 Ack=76934 Win=57344 Len=0 TSval=3045560101 TSecr=2916040322"
"54379","36.248178272","192.168.1.55","192.168.1.2","TCP","1514","8004  >  36630 [ACK] Seq=114582 Ack=144 Win=65024 Len=1448 TSval=2916040328 TSecr=3045560101 [TCP segment of a reassembled PDU]"
"54380","36.248179735","192.168.1.55","192.168.1.2","TCP","1514","8004  >  36630 [ACK] Seq=116030 Ack=144 Win=65024 Len=1448 TSval=2916040328 TSecr=3045560101 [TCP segment of a reassembled PDU]"
"54381","36.248180902","192.168.1.55","192.168.1.2","TCP","1514","8004  >  36630 [ACK] Seq=117478 Ack=144 Win=65024 Len=1448 TSval=2916040328 TSecr=3045560101 [TCP segment of a reassembled PDU]"
"54382","36.248182124","192.168.1.55","192.168.1.2","TCP","1514","8004  >  36630 [ACK] Seq=118926 Ack=144 Win=65024 Len=1448 TSval=2916040328 TSecr=3045560101 [TCP segment of a reassembled PDU]"
"54383","36.248183420","192.168.1.55","192.168.1.2","TCP","1514","8004  >  36630 [ACK] Seq=120374 Ack=144 Win=65024 Len=1448 TSval=2916040328 TSecr=3045560101 [TCP segment of a reassembled PDU]"
"54384","36.248184735","192.168.1.55","192.168.1.2","TCP","1514","8004  >  36630 [ACK] Seq=121822 Ack=144 Win=65024 Len=1448 TSval=2916040328 TSecr=3045560101 [TCP segment of a reassembled PDU]"
"54385","36.248185994","192.168.1.55","192.168.1.2","TCP","1514","8004  >  36630 [ACK] Seq=123270 Ack=144 Win=65024 Len=1448 TSval=2916040328 TSecr=3045560101 [TCP segment of a reassembled PDU]"
"54386","36.248187161","192.168.1.55","192.168.1.2","TCP","1514","8004  >  36630 [ACK] Seq=124718 Ack=144 Win=65024 Len=1448 TSval=2916040328 TSecr=3045560101 [TCP segment of a reassembled PDU]"
"54387","36.248188383","192.168.1.55","192.168.1.2","TCP","1514","8004  >  36630 [ACK] Seq=126166 Ack=144 Win=65024 Len=1448 TSval=2916040328 TSecr=3045560101 [TCP segment of a reassembled PDU]"
"54388","36.248189605","192.168.1.55","192.168.1.2","TCP","1514","8004  >  36630 [ACK] Seq=127614 Ack=144 Win=65024 Len=1448 TSval=2916040328 TSecr=3045560101 [TCP segment of a reassembled PDU]"
"54389","36.248190753","192.168.1.55","192.168.1.2","TCP","1514","8004  >  36630 [ACK] Seq=129062 Ack=144 Win=65024 Len=1448 TSval=2916040328 TSecr=3045560101 [TCP segment of a reassembled PDU]"
"54390","36.248192068","192.168.1.55","192.168.1.2","TCP","1514","8004  >  36630 [ACK] Seq=130510 Ack=144 Win=65024 Len=1448 TSval=2916040328 TSecr=3045560101 [TCP segment of a reassembled PDU]"
"54391","36.248193216","192.168.1.55","192.168.1.2","TCP","1514","8004  >  36630 [ACK] Seq=131958 Ack=144 Win=65024 Len=1448 TSval=2916040328 TSecr=3045560101 [TCP segment of a reassembled PDU]"
"54392","36.248194790","192.168.1.55","192.168.1.2","TCP","938","[TCP Window Full] 8004  >  36630 [PSH, ACK] Seq=133406 Ack=144 Win=65024 Len=872 TSval=2916040328 TSecr=3045560101 [TCP segment of a reassembled PDU]"
"54393","36.248198476","192.168.1.2","192.168.1.55","TCP","66","36630  >  8004 [ACK] Seq=144 Ack=89966 Win=47104 Len=0 TSval=3045560101 TSecr=2916040322"
"54394","36.252089834","192.168.1.2","192.168.1.55","TCP","66","36630  >  8004 [ACK] Seq=144 Ack=97206 Win=71680 Len=0 TSval=3045560103 TSecr=2916040322"
"54395","36.252117297","192.168.1.55","192.168.1.2","TCP","1514","8004  >  36630 [ACK] Seq=134278 Ack=144 Win=65024 Len=1448 TSval=2916040332 TSecr=3045560103 [TCP segment of a reassembled PDU]"
"54396","36.252120945","192.168.1.55","192.168.1.2","TCP","1514","8004  >  36630 [ACK] Seq=135726 Ack=144 Win=65024 Len=1448 TSval=2916040332 TSecr=3045560103 [TCP segment of a reassembled PDU]"
"54397","36.252122315","192.168.1.55","192.168.1.2","TCP","1514","8004  >  36630 [ACK] Seq=137174 Ack=144 Win=65024 Len=1448 TSval=2916040332 TSecr=3045560103 [TCP segment of a reassembled PDU]"
"54398","36.252123593","192.168.1.55","192.168.1.2","TCP","1514","8004  >  36630 [ACK] Seq=138622 Ack=144 Win=65024 Len=1448 TSval=2916040332 TSecr=3045560103 [TCP segment of a reassembled PDU]"
"54399","36.252124871","192.168.1.55","192.168.1.2","TCP","1514","8004  >  36630 [ACK] Seq=140070 Ack=144 Win=65024 Len=1448 TSval=2916040332 TSecr=3045560103 [TCP segment of a reassembled PDU]"
"54400","36.252126130","192.168.1.55","192.168.1.2","TCP","1514","8004  >  36630 [ACK] Seq=141518 Ack=144 Win=65024 Len=1448 TSval=2916040332 TSecr=3045560103 [TCP segment of a reassembled PDU]"
"54401","36.252127352","192.168.1.55","192.168.1.2","TCP","1514","8004  >  36630 [ACK] Seq=142966 Ack=144 Win=65024 Len=1448 TSval=2916040332 TSecr=3045560103 [TCP segment of a reassembled PDU]"
"54402","36.252133649","192.168.1.55","192.168.1.2","TCP","1514","8004  >  36630 [ACK] Seq=144414 Ack=144 Win=65024 Len=1448 TSval=2916040332 TSecr=3045560103 [TCP segment of a reassembled PDU]"
"54403","36.252135149","192.168.1.55","192.168.1.2","TCP","1514","8004  >  36630 [ACK] Seq=145862 Ack=144 Win=65024 Len=1448 TSval=2916040332 TSecr=3045560103 [TCP segment of a reassembled PDU]"
"54404","36.252136482","192.168.1.55","192.168.1.2","TCP","1514","8004  >  36630 [ACK] Seq=147310 Ack=144 Win=65024 Len=1448 TSval=2916040332 TSecr=3045560103 [TCP segment of a reassembled PDU]"
"54405","36.252137741","192.168.1.55","192.168.1.2","TCP","1514","8004  >  36630 [ACK] Seq=148758 Ack=144 Win=65024 Len=1448 TSval=2916040332 TSecr=3045560103 [TCP segment of a reassembled PDU]"
"54406","36.252139093","192.168.1.55","192.168.1.2","TCP","1514","8004  >  36630 [PSH, ACK] Seq=150206 Ack=144 Win=65024 Len=1448 TSval=2916040332 TSecr=3045560103 [TCP segment of a reassembled PDU]"
"54407","36.252145612","192.168.1.55","192.168.1.2","TCP","642","8004  >  36630 [ACK] Seq=151654 Ack=144 Win=65024 Len=576 TSval=2916040332 TSecr=3045560103 [TCP segment of a reassembled PDU]"
"54408","36.252189667","192.168.1.2","192.168.1.55","TCP","66","36630  >  8004 [ACK] Seq=144 Ack=100102 Win=76800 Len=0 TSval=3045560104 TSecr=2916040326"
"54409","36.253875448","192.168.1.2","192.168.1.55","TCP","66","36630  >  8004 [ACK] Seq=144 Ack=110238 Win=76800 Len=0 TSval=3045560106 TSecr=2916040328"
"54410","36.253925614","192.168.1.55","192.168.1.2","TCP","1514","8004  >  36630 [ACK] Seq=152230 Ack=144 Win=65024 Len=1448 TSval=2916040334 TSecr=3045560106 [TCP segment of a reassembled PDU]"
"54411","36.253930670","192.168.1.55","192.168.1.2","TCP","1514","8004  >  36630 [ACK] Seq=153678 Ack=144 Win=65024 Len=1448 TSval=2916040334 TSecr=3045560106 [TCP segment of a reassembled PDU]"
"54412","36.253931892","192.168.1.55","192.168.1.2","TCP","1514","8004  >  36630 [ACK] Seq=155126 Ack=144 Win=65024 Len=1448 TSval=2916040334 TSecr=3045560106 [TCP segment of a reassembled PDU]"
"54413","36.253933170","192.168.1.55","192.168.1.2","TCP","1514","8004  >  36630 [ACK] Seq=156574 Ack=144 Win=65024 Len=1448 TSval=2916040334 TSecr=3045560106 [TCP segment of a reassembled PDU]"
"54414","36.253934596","192.168.1.55","192.168.1.2","TCP","1514","8004  >  36630 [ACK] Seq=158022 Ack=144 Win=65024 Len=1448 TSval=2916040334 TSecr=3045560106 [TCP segment of a reassembled PDU]"
"54415","36.253936374","192.168.1.55","192.168.1.2","TCP","1514","8004  >  36630 [ACK] Seq=159470 Ack=144 Win=65024 Len=1448 TSval=2916040334 TSecr=3045560106 [TCP segment of a reassembled PDU]"
"54416","36.253937781","192.168.1.55","192.168.1.2","TCP","1514","8004  >  36630 [ACK] Seq=160918 Ack=144 Win=65024 Len=1448 TSval=2916040334 TSecr=3045560106 [TCP segment of a reassembled PDU]"
"54417","36.253939059","192.168.1.55","192.168.1.2","TCP","1514","8004  >  36630 [ACK] Seq=162366 Ack=144 Win=65024 Len=1448 TSval=2916040334 TSecr=3045560106 [TCP segment of a reassembled PDU]"
"54418","36.253940355","192.168.1.55","192.168.1.2","TCP","1514","8004  >  36630 [ACK] Seq=163814 Ack=144 Win=65024 Len=1448 TSval=2916040334 TSecr=3045560106 [TCP segment of a reassembled PDU]"
"54419","36.253941670","192.168.1.55","192.168.1.2","TCP","1514","8004  >  36630 [ACK] Seq=165262 Ack=144 Win=65024 Len=1448 TSval=2916040334 TSecr=3045560106 [TCP segment of a reassembled PDU]"
"54420","36.253943244","192.168.1.55","192.168.1.2","TCP","1514","8004  >  36630 [ACK] Seq=166710 Ack=144 Win=65024 Len=1448 TSval=2916040334 TSecr=3045560106 [TCP segment of a reassembled PDU]"
"54421","36.253944689","192.168.1.55","192.168.1.2","TCP","1514","8004  >  36630 [ACK] Seq=168158 Ack=144 Win=65024 Len=1448 TSval=2916040334 TSecr=3045560106 [TCP segment of a reassembled PDU]"
"54422","36.253946133","192.168.1.55","192.168.1.2","TCP","1514","8004  >  36630 [ACK] Seq=169606 Ack=144 Win=65024 Len=1448 TSval=2916040334 TSecr=3045560106 [TCP segment of a reassembled PDU]"
"54423","36.253947374","192.168.1.55","192.168.1.2","TCP","1514","8004  >  36630 [ACK] Seq=171054 Ack=144 Win=65024 Len=1448 TSval=2916040334 TSecr=3045560106 [TCP segment of a reassembled PDU]"
"54424","36.253948781","192.168.1.55","192.168.1.2","TCP","1514","8004  >  36630 [ACK] Seq=172502 Ack=144 Win=65024 Len=1448 TSval=2916040334 TSecr=3045560106 [TCP segment of a reassembled PDU]"
"54425","36.253950392","192.168.1.55","192.168.1.2","TCP","1514","8004  >  36630 [ACK] Seq=173950 Ack=144 Win=65024 Len=1448 TSval=2916040334 TSecr=3045560106 [TCP segment of a reassembled PDU]"
"54426","36.253951614","192.168.1.55","192.168.1.2","TCP","1514","8004  >  36630 [ACK] Seq=175398 Ack=144 Win=65024 Len=1448 TSval=2916040334 TSecr=3045560106 [TCP segment of a reassembled PDU]"
"54427","36.253953096","192.168.1.55","192.168.1.2","TCP","1514","8004  >  36630 [ACK] Seq=176846 Ack=144 Win=65024 Len=1448 TSval=2916040334 TSecr=3045560106 [TCP segment of a reassembled PDU]"
"54428","36.253954411","192.168.1.55","192.168.1.2","TCP","1514","8004  >  36630 [ACK] Seq=178294 Ack=144 Win=65024 Len=1448 TSval=2916040334 TSecr=3045560106 [TCP segment of a reassembled PDU]"
"54429","36.253955818","192.168.1.55","192.168.1.2","TCP","1514","8004  >  36630 [ACK] Seq=179742 Ack=144 Win=65024 Len=1448 TSval=2916040334 TSecr=3045560106 [TCP segment of a reassembled PDU]"
"54430","36.253957115","192.168.1.55","192.168.1.2","TCP","1514","8004  >  36630 [ACK] Seq=181190 Ack=144 Win=65024 Len=1448 TSval=2916040334 TSecr=3045560106 [TCP segment of a reassembled PDU]"
"54431","36.253958429","192.168.1.55","192.168.1.2","TCP","1514","8004  >  36630 [ACK] Seq=182638 Ack=144 Win=65024 Len=1448 TSval=2916040334 TSecr=3045560106 [TCP segment of a reassembled PDU]"
"54432","36.253959744","192.168.1.55","192.168.1.2","TCP","1514","8004  >  36630 [ACK] Seq=184086 Ack=144 Win=65024 Len=1448 TSval=2916040334 TSecr=3045560106 [TCP segment of a reassembled PDU]"
"54433","36.253961077","192.168.1.55","192.168.1.2","TCP","1514","8004  >  36630 [PSH, ACK] Seq=185534 Ack=144 Win=65024 Len=1448 TSval=2916040334 TSecr=3045560106 [TCP segment of a reassembled PDU]"
"54434","36.254020226","192.168.1.2","192.168.1.55","TCP","66","36630  >  8004 [ACK] Seq=144 Ack=114582 Win=86016 Len=0 TSval=3045560108 TSecr=2916040328"
"54435","36.254033189","192.168.1.55","192.168.1.2","TCP","1514","8004  >  36630 [ACK] Seq=186982 Ack=144 Win=65024 Len=1448 TSval=2916040334 TSecr=3045560108 [TCP segment of a reassembled PDU]"
"54436","36.254034929","192.168.1.55","192.168.1.2","TCP","1514","8004  >  36630 [PSH, ACK] Seq=188430 Ack=144 Win=65024 Len=1448 TSval=2916040334 TSecr=3045560108 [TCP segment of a reassembled PDU]"
"54437","36.254039429","192.168.1.2","192.168.1.55","TCP","66","36630  >  8004 [ACK] Seq=144 Ack=126166 Win=94208 Len=0 TSval=3045560108 TSecr=2916040328"
"54438","36.257568324","192.168.1.2","192.168.1.55","TCP","66","36630  >  8004 [ACK] Seq=144 Ack=134278 Win=98304 Len=0 TSval=3045560109 TSecr=2916040328"
"54439","36.257609046","192.168.1.55","192.168.1.2","TCP","1514","8004  >  36630 [ACK] Seq=189878 Ack=144 Win=65024 Len=1448 TSval=2916040338 TSecr=3045560109 [TCP segment of a reassembled PDU]"
"54440","36.257611454","192.168.1.55","192.168.1.2","TCP","1514","8004  >  36630 [ACK] Seq=191326 Ack=144 Win=65024 Len=1448 TSval=2916040338 TSecr=3045560109 [TCP segment of a reassembled PDU]"
"54441","36.257612676","192.168.1.55","192.168.1.2","TCP","1514","8004  >  36630 [ACK] Seq=192774 Ack=144 Win=65024 Len=1448 TSval=2916040338 TSecr=3045560109 [TCP segment of a reassembled PDU]"
"54442","36.257614028","192.168.1.55","192.168.1.2","TCP","1514","8004  >  36630 [ACK] Seq=194222 Ack=144 Win=65024 Len=1448 TSval=2916040338 TSecr=3045560109 [TCP segment of a reassembled PDU]"
"54443","36.257615417","192.168.1.55","192.168.1.2","TCP","1514","8004  >  36630 [ACK] Seq=195670 Ack=144 Win=65024 Len=1448 TSval=2916040338 TSecr=3045560109 [TCP segment of a reassembled PDU]"
"54444","36.257616657","192.168.1.55","192.168.1.2","TCP","1514","8004  >  36630 [ACK] Seq=197118 Ack=144 Win=65024 Len=1448 TSval=2916040338 TSecr=3045560109 [TCP segment of a reassembled PDU]"
"54445","36.257618120","192.168.1.55","192.168.1.2","TCP","1514","8004  >  36630 [ACK] Seq=198566 Ack=144 Win=65024 Len=1448 TSval=2916040338 TSecr=3045560109 [TCP segment of a reassembled PDU]"
"54446","36.257619287","192.168.1.55","192.168.1.2","TCP","1514","8004  >  36630 [ACK] Seq=200014 Ack=144 Win=65024 Len=1448 TSval=2916040338 TSecr=3045560109 [TCP segment of a reassembled PDU]"
"54447","36.257620528","192.168.1.55","192.168.1.2","TCP","1514","8004  >  36630 [ACK] Seq=201462 Ack=144 Win=65024 Len=1448 TSval=2916040338 TSecr=3045560109 [TCP segment of a reassembled PDU]"
"54448","36.257622046","192.168.1.55","192.168.1.2","TCP","1514","8004  >  36630 [ACK] Seq=202910 Ack=144 Win=65024 Len=1448 TSval=2916040338 TSecr=3045560109 [TCP segment of a reassembled PDU]"
"54449","36.257623269","192.168.1.55","192.168.1.2","TCP","1514","8004  >  36630 [ACK] Seq=204358 Ack=144 Win=65024 Len=1448 TSval=2916040338 TSecr=3045560109 [TCP segment of a reassembled PDU]"
"54450","36.257625287","192.168.1.55","192.168.1.2","TCP","1514","8004  >  36630 [ACK] Seq=205806 Ack=144 Win=65024 Len=1448 TSval=2916040338 TSecr=3045560109 [TCP segment of a reassembled PDU]"
"54451","36.257626509","192.168.1.55","192.168.1.2","TCP","1514","8004  >  36630 [ACK] Seq=207254 Ack=144 Win=65024 Len=1448 TSval=2916040338 TSecr=3045560109 [TCP segment of a reassembled PDU]"
"54452","36.257627880","192.168.1.55","192.168.1.2","TCP","1514","8004  >  36630 [ACK] Seq=208702 Ack=144 Win=65024 Len=1448 TSval=2916040338 TSecr=3045560109 [TCP segment of a reassembled PDU]"
"54453","36.257629398","192.168.1.55","192.168.1.2","TCP","1514","8004  >  36630 [ACK] Seq=210150 Ack=144 Win=65024 Len=1448 TSval=2916040338 TSecr=3045560109 [TCP segment of a reassembled PDU]"
"54454","36.257630583","192.168.1.55","192.168.1.2","TCP","1514","8004  >  36630 [ACK] Seq=211598 Ack=144 Win=65024 Len=1448 TSval=2916040338 TSecr=3045560109 [TCP segment of a reassembled PDU]"
"54455","36.257631880","192.168.1.55","192.168.1.2","TCP","1514","8004  >  36630 [ACK] Seq=213046 Ack=144 Win=65024 Len=1448 TSval=2916040338 TSecr=3045560109 [TCP segment of a reassembled PDU]"
"54456","36.257633065","192.168.1.55","192.168.1.2","TCP","1514","8004  >  36630 [ACK] Seq=214494 Ack=144 Win=65024 Len=1448 TSval=2916040338 TSecr=3045560109 [TCP segment of a reassembled PDU]"
"54457","36.257634287","192.168.1.55","192.168.1.2","TCP","1514","8004  >  36630 [ACK] Seq=215942 Ack=144 Win=65024 Len=1448 TSval=2916040338 TSecr=3045560109 [TCP segment of a reassembled PDU]"
"54458","36.257635620","192.168.1.55","192.168.1.2","TCP","1514","8004  >  36630 [ACK] Seq=217390 Ack=144 Win=65024 Len=1448 TSval=2916040338 TSecr=3045560109 [TCP segment of a reassembled PDU]"
"54459","36.257636935","192.168.1.55","192.168.1.2","TCP","1514","8004  >  36630 [ACK] Seq=218838 Ack=144 Win=65024 Len=1448 TSval=2916040338 TSecr=3045560109 [TCP segment of a reassembled PDU]"
"54460","36.257638250","192.168.1.55","192.168.1.2","TCP","1514","8004  >  36630 [ACK] Seq=220286 Ack=144 Win=65024 Len=1448 TSval=2916040338 TSecr=3045560109 [TCP segment of a reassembled PDU]"
"54461","36.257639954","192.168.1.55","192.168.1.2","TCP","1514","8004  >  36630 [ACK] Seq=221734 Ack=144 Win=65024 Len=1448 TSval=2916040338 TSecr=3045560109 [TCP segment of a reassembled PDU]"
"54462","36.257641213","192.168.1.55","192.168.1.2","TCP","1514","8004  >  36630 [ACK] Seq=223182 Ack=144 Win=65024 Len=1448 TSval=2916040338 TSecr=3045560109 [TCP segment of a reassembled PDU]"
"54463","36.257642602","192.168.1.55","192.168.1.2","TCP","1514","8004  >  36630 [ACK] Seq=224630 Ack=144 Win=65024 Len=1448 TSval=2916040338 TSecr=3045560109 [TCP segment of a reassembled PDU]"
"54464","36.257643861","192.168.1.55","192.168.1.2","TCP","1514","8004  >  36630 [PSH, ACK] Seq=226078 Ack=144 Win=65024 Len=1448 TSval=2916040338 TSecr=3045560109 [TCP segment of a reassembled PDU]"
"54465","36.257672232","192.168.1.2","192.168.1.55","TCP","66","36630  >  8004 [ACK] Seq=144 Ack=141518 Win=100352 Len=0 TSval=3045560111 TSecr=2916040332"
"54466","36.262657573","192.168.1.2","192.168.1.55","TCP","66","36630  >  8004 [ACK] Seq=144 Ack=151654 Win=100352 Len=0 TSval=3045560112 TSecr=2916040332"
"54467","36.262692110","192.168.1.55","192.168.1.2","TCP","1514","8004  >  36630 [ACK] Seq=227526 Ack=144 Win=65024 Len=1448 TSval=2916040343 TSecr=3045560112 [TCP segment of a reassembled PDU]"
"54468","36.262694703","192.168.1.55","192.168.1.2","TCP","1514","8004  >  36630 [ACK] Seq=228974 Ack=144 Win=65024 Len=1448 TSval=2916040343 TSecr=3045560112 [TCP segment of a reassembled PDU]"
"54469","36.262695758","192.168.1.55","192.168.1.2","TCP","1514","8004  >  36630 [ACK] Seq=230422 Ack=144 Win=65024 Len=1448 TSval=2916040343 TSecr=3045560112 [TCP segment of a reassembled PDU]"
"54470","36.262697184","192.168.1.55","192.168.1.2","TCP","1514","8004  >  36630 [ACK] Seq=231870 Ack=144 Win=65024 Len=1448 TSval=2916040343 TSecr=3045560112 [TCP segment of a reassembled PDU]"
"54471","36.262698221","192.168.1.55","192.168.1.2","TCP","1514","8004  >  36630 [ACK] Seq=233318 Ack=144 Win=65024 Len=1448 TSval=2916040343 TSecr=3045560112 [TCP segment of a reassembled PDU]"
"54472","36.262699592","192.168.1.55","192.168.1.2","TCP","1514","8004  >  36630 [ACK] Seq=234766 Ack=144 Win=65024 Len=1448 TSval=2916040343 TSecr=3045560112 [TCP segment of a reassembled PDU]"
"54473","36.262700832","192.168.1.55","192.168.1.2","TCP","1514","8004  >  36630 [ACK] Seq=236214 Ack=144 Win=65024 Len=1448 TSval=2916040343 TSecr=3045560112 [TCP segment of a reassembled PDU]"
"54474","36.262702036","192.168.1.55","192.168.1.2","TCP","1514","8004  >  36630 [ACK] Seq=237662 Ack=144 Win=65024 Len=1448 TSval=2916040343 TSecr=3045560112 [TCP segment of a reassembled PDU]"
"54475","36.262703203","192.168.1.55","192.168.1.2","TCP","1514","8004  >  36630 [ACK] Seq=239110 Ack=144 Win=65024 Len=1448 TSval=2916040343 TSecr=3045560112 [TCP segment of a reassembled PDU]"
"54476","36.262704795","192.168.1.55","192.168.1.2","TCP","1514","8004  >  36630 [ACK] Seq=240558 Ack=144 Win=65024 Len=1448 TSval=2916040343 TSecr=3045560112 [TCP segment of a reassembled PDU]"
"54477","36.262706351","192.168.1.55","192.168.1.2","TCP","1514","8004  >  36630 [ACK] Seq=242006 Ack=144 Win=65024 Len=1448 TSval=2916040343 TSecr=3045560112 [TCP segment of a reassembled PDU]"
"54478","36.262707425","192.168.1.55","192.168.1.2","TCP","1514","8004  >  36630 [ACK] Seq=243454 Ack=144 Win=65024 Len=1448 TSval=2916040343 TSecr=3045560112 [TCP segment of a reassembled PDU]"
"54479","36.262708480","192.168.1.55","192.168.1.2","TCP","1514","8004  >  36630 [ACK] Seq=244902 Ack=144 Win=65024 Len=1448 TSval=2916040343 TSecr=3045560112 [TCP segment of a reassembled PDU]"
"54480","36.262709629","192.168.1.55","192.168.1.2","TCP","1514","8004  >  36630 [ACK] Seq=246350 Ack=144 Win=65024 Len=1448 TSval=2916040343 TSecr=3045560112 [TCP segment of a reassembled PDU]"
"54481","36.262710703","192.168.1.55","192.168.1.2","TCP","1514","8004  >  36630 [ACK] Seq=247798 Ack=144 Win=65024 Len=1448 TSval=2916040343 TSecr=3045560112 [TCP segment of a reassembled PDU]"
"54482","36.262711869","192.168.1.55","192.168.1.2","TCP","1514","8004  >  36630 [PSH, ACK] Seq=249246 Ack=144 Win=65024 Len=1448 TSval=2916040343 TSecr=3045560112 [TCP segment of a reassembled PDU]"
"54483","36.262739166","192.168.1.2","192.168.1.55","TCP","66","36630  >  8004 [ACK] Seq=144 Ack=152230 Win=100352 Len=0 TSval=3045560112 TSecr=2916040332"
"54484","36.266787283","192.168.1.2","192.168.1.55","TCP","66","36630  >  8004 [ACK] Seq=144 Ack=224630 Win=43008 Len=0 TSval=3045560118 TSecr=2916040334"
"54485","36.266811080","192.168.1.55","192.168.1.2","TCP","1514","8004  >  36630 [ACK] Seq=250694 Ack=144 Win=65024 Len=1448 TSval=2916040347 TSecr=3045560118 [TCP segment of a reassembled PDU]"
"54486","36.266813394","192.168.1.55","192.168.1.2","TCP","1514","8004  >  36630 [ACK] Seq=252142 Ack=144 Win=65024 Len=1448 TSval=2916040347 TSecr=3045560118 [TCP segment of a reassembled PDU]"
"54487","36.266814543","192.168.1.55","192.168.1.2","TCP","1514","8004  >  36630 [ACK] Seq=253590 Ack=144 Win=65024 Len=1448 TSval=2916040347 TSecr=3045560118 [TCP segment of a reassembled PDU]"
"54488","36.266815598","192.168.1.55","192.168.1.2","TCP","1514","8004  >  36630 [ACK] Seq=255038 Ack=144 Win=65024 Len=1448 TSval=2916040347 TSecr=3045560118 [TCP segment of a reassembled PDU]"
"54489","36.266816672","192.168.1.55","192.168.1.2","TCP","1514","8004  >  36630 [ACK] Seq=256486 Ack=144 Win=65024 Len=1448 TSval=2916040347 TSecr=3045560118 [TCP segment of a reassembled PDU]"
"54490","36.266817765","192.168.1.55","192.168.1.2","TCP","1514","8004  >  36630 [ACK] Seq=257934 Ack=144 Win=65024 Len=1448 TSval=2916040347 TSecr=3045560118 [TCP segment of a reassembled PDU]"
"54491","36.266818820","192.168.1.55","192.168.1.2","TCP","1514","8004  >  36630 [ACK] Seq=259382 Ack=144 Win=65024 Len=1448 TSval=2916040347 TSecr=3045560118 [TCP segment of a reassembled PDU]"
"54492","36.266819969","192.168.1.55","192.168.1.2","TCP","1514","8004  >  36630 [ACK] Seq=260830 Ack=144 Win=65024 Len=1448 TSval=2916040347 TSecr=3045560118 [TCP segment of a reassembled PDU]"
"54493","36.266821006","192.168.1.55","192.168.1.2","TCP","1514","8004  >  36630 [ACK] Seq=262278 Ack=144 Win=65024 Len=1448 TSval=2916040347 TSecr=3045560118 [TCP segment of a reassembled PDU]"
"54494","36.266822061","192.168.1.55","192.168.1.2","TCP","1514","8004  >  36630 [PSH, ACK] Seq=263726 Ack=144 Win=65024 Len=1448 TSval=2916040347 TSecr=3045560118 [TCP segment of a reassembled PDU]"
"54495","36.267301358","192.168.1.2","192.168.1.55","TCP","66","[TCP Window Update] 36630  >  8004 [ACK] Seq=144 Ack=224630 Win=100352 Len=0 TSval=3045560119 TSecr=2916040334"
"54496","36.267326395","192.168.1.55","192.168.1.2","TCP","1514","8004  >  36630 [ACK] Seq=265174 Ack=144 Win=65024 Len=1448 TSval=2916040348 TSecr=3045560119 [TCP segment of a reassembled PDU]"
"54497","36.267328525","192.168.1.55","192.168.1.2","TCP","1514","8004  >  36630 [ACK] Seq=266622 Ack=144 Win=65024 Len=1448 TSval=2916040348 TSecr=3045560119 [TCP segment of a reassembled PDU]"
"54498","36.267329969","192.168.1.55","192.168.1.2","TCP","1514","8004  >  36630 [ACK] Seq=268070 Ack=144 Win=65024 Len=1448 TSval=2916040348 TSecr=3045560119 [TCP segment of a reassembled PDU]"
"54499","36.267331099","192.168.1.55","192.168.1.2","TCP","1514","8004  >  36630 [ACK] Seq=269518 Ack=144 Win=65024 Len=1448 TSval=2916040348 TSecr=3045560119 [TCP segment of a reassembled PDU]"
"54500","36.267332155","192.168.1.55","192.168.1.2","TCP","1514","8004  >  36630 [ACK] Seq=270966 Ack=144 Win=65024 Len=1448 TSval=2916040348 TSecr=3045560119 [TCP segment of a reassembled PDU]"
"54501","36.267333210","192.168.1.55","192.168.1.2","TCP","1514","8004  >  36630 [ACK] Seq=272414 Ack=144 Win=65024 Len=1448 TSval=2916040348 TSecr=3045560119 [TCP segment of a reassembled PDU]"
"54502","36.267334469","192.168.1.55","192.168.1.2","TCP","1514","8004  >  36630 [ACK] Seq=273862 Ack=144 Win=65024 Len=1448 TSval=2916040348 TSecr=3045560119 [TCP segment of a reassembled PDU]"
"54503","36.267335617","192.168.1.55","192.168.1.2","TCP","1514","8004  >  36630 [ACK] Seq=275310 Ack=144 Win=65024 Len=1448 TSval=2916040348 TSecr=3045560119 [TCP segment of a reassembled PDU]"
"54504","36.267336673","192.168.1.55","192.168.1.2","TCP","1514","8004  >  36630 [ACK] Seq=276758 Ack=144 Win=65024 Len=1448 TSval=2916040348 TSecr=3045560119 [TCP segment of a reassembled PDU]"
"54505","36.267337914","192.168.1.55","192.168.1.2","TCP","1514","8004  >  36630 [ACK] Seq=278206 Ack=144 Win=65024 Len=1448 TSval=2916040348 TSecr=3045560119 [TCP segment of a reassembled PDU]"
"54506","36.267339136","192.168.1.55","192.168.1.2","TCP","1514","8004  >  36630 [ACK] Seq=279654 Ack=144 Win=65024 Len=1448 TSval=2916040348 TSecr=3045560119 [TCP segment of a reassembled PDU]"
"54507","36.267340192","192.168.1.55","192.168.1.2","TCP","1514","8004  >  36630 [ACK] Seq=281102 Ack=144 Win=65024 Len=1448 TSval=2916040348 TSecr=3045560119 [TCP segment of a reassembled PDU]"
"54508","36.267341340","192.168.1.55","192.168.1.2","TCP","1514","8004  >  36630 [ACK] Seq=282550 Ack=144 Win=65024 Len=1448 TSval=2916040348 TSecr=3045560119 [TCP segment of a reassembled PDU]"
"54509","36.267342395","192.168.1.55","192.168.1.2","TCP","1514","8004  >  36630 [ACK] Seq=283998 Ack=144 Win=65024 Len=1448 TSval=2916040348 TSecr=3045560119 [TCP segment of a reassembled PDU]"
"54510","36.267343729","192.168.1.55","192.168.1.2","TCP","1514","8004  >  36630 [ACK] Seq=285446 Ack=144 Win=65024 Len=1448 TSval=2916040348 TSecr=3045560119 [TCP segment of a reassembled PDU]"
"54511","36.267345747","192.168.1.55","192.168.1.2","TCP","1514","8004  >  36630 [ACK] Seq=286894 Ack=144 Win=65024 Len=1448 TSval=2916040348 TSecr=3045560119 [TCP segment of a reassembled PDU]"
"54512","36.267346877","192.168.1.55","192.168.1.2","TCP","1514","8004  >  36630 [ACK] Seq=288342 Ack=144 Win=65024 Len=1448 TSval=2916040348 TSecr=3045560119 [TCP segment of a reassembled PDU]"
"54513","36.267348155","192.168.1.55","192.168.1.2","TCP","1514","8004  >  36630 [ACK] Seq=289790 Ack=144 Win=65024 Len=1448 TSval=2916040348 TSecr=3045560119 [TCP segment of a reassembled PDU]"
"54514","36.267349284","192.168.1.55","192.168.1.2","TCP","1514","8004  >  36630 [ACK] Seq=291238 Ack=144 Win=65024 Len=1448 TSval=2916040348 TSecr=3045560119 [TCP segment of a reassembled PDU]"
"54515","36.267350562","192.168.1.55","192.168.1.2","TCP","1514","8004  >  36630 [ACK] Seq=292686 Ack=144 Win=65024 Len=1448 TSval=2916040348 TSecr=3045560119 [TCP segment of a reassembled PDU]"
"54516","36.267351729","192.168.1.55","192.168.1.2","TCP","1514","8004  >  36630 [ACK] Seq=294134 Ack=144 Win=65024 Len=1448 TSval=2916040348 TSecr=3045560119 [TCP segment of a reassembled PDU]"
"54517","36.267352766","192.168.1.55","192.168.1.2","TCP","1514","8004  >  36630 [ACK] Seq=295582 Ack=144 Win=65024 Len=1448 TSval=2916040348 TSecr=3045560119 [TCP segment of a reassembled PDU]"
"54518","36.267353895","192.168.1.55","192.168.1.2","TCP","1514","8004  >  36630 [ACK] Seq=297030 Ack=144 Win=65024 Len=1448 TSval=2916040348 TSecr=3045560119 [TCP segment of a reassembled PDU]"
"54519","36.267354988","192.168.1.55","192.168.1.2","TCP","1514","8004  >  36630 [ACK] Seq=298478 Ack=144 Win=65024 Len=1448 TSval=2916040348 TSecr=3045560119 [TCP segment of a reassembled PDU]"
"54520","36.267356118","192.168.1.55","192.168.1.2","TCP","1514","8004  >  36630 [ACK] Seq=299926 Ack=144 Win=65024 Len=1448 TSval=2916040348 TSecr=3045560119 [TCP segment of a reassembled PDU]"
"54521","36.267357303","192.168.1.55","192.168.1.2","TCP","1514","8004  >  36630 [PSH, ACK] Seq=301374 Ack=144 Win=65024 Len=1448 TSval=2916040348 TSecr=3045560119 [TCP segment of a reassembled PDU]"
"54522","36.267361451","192.168.1.2","192.168.1.55","TCP","66","36630  >  8004 [ACK] Seq=144 Ack=227526 Win=102400 Len=0 TSval=3045560121 TSecr=2916040338"
"54523","36.267367655","192.168.1.2","192.168.1.55","TCP","66","36630  >  8004 [ACK] Seq=144 Ack=250694 Win=90112 Len=0 TSval=3045560121 TSecr=2916040343"
"54524","36.267403729","192.168.1.55","192.168.1.2","TCP","1514","8004  >  36630 [ACK] Seq=302822 Ack=144 Win=65024 Len=1448 TSval=2916040348 TSecr=3045560121 [TCP segment of a reassembled PDU]"
"54525","36.267405544","192.168.1.55","192.168.1.2","TCP","1514","8004  >  36630 [ACK] Seq=304270 Ack=144 Win=65024 Len=1448 TSval=2916040348 TSecr=3045560121 [TCP segment of a reassembled PDU]"
"54526","36.267406599","192.168.1.55","192.168.1.2","TCP","1514","8004  >  36630 [ACK] Seq=305718 Ack=144 Win=65024 Len=1448 TSval=2916040348 TSecr=3045560121 [TCP segment of a reassembled PDU]"
"54527","36.267407636","192.168.1.55","192.168.1.2","TCP","1514","8004  >  36630 [ACK] Seq=307166 Ack=144 Win=65024 Len=1448 TSval=2916040348 TSecr=3045560121 [TCP segment of a reassembled PDU]"
"54528","36.267408821","192.168.1.55","192.168.1.2","TCP","1514","8004  >  36630 [ACK] Seq=308614 Ack=144 Win=65024 Len=1448 TSval=2916040348 TSecr=3045560121 [TCP segment of a reassembled PDU]"
"54529","36.267410099","192.168.1.55","192.168.1.2","TCP","1514","8004  >  36630 [ACK] Seq=310062 Ack=144 Win=65024 Len=1448 TSval=2916040348 TSecr=3045560121 [TCP segment of a reassembled PDU]"
"54530","36.267411340","192.168.1.55","192.168.1.2","TCP","1514","8004  >  36630 [ACK] Seq=311510 Ack=144 Win=65024 Len=1448 TSval=2916040348 TSecr=3045560121 [TCP segment of a reassembled PDU]"
"54531","36.267412451","192.168.1.55","192.168.1.2","TCP","1514","8004  >  36630 [ACK] Seq=312958 Ack=144 Win=65024 Len=1448 TSval=2916040348 TSecr=3045560121 [TCP segment of a reassembled PDU]"
"54532","36.267413562","192.168.1.55","192.168.1.2","TCP","1514","8004  >  36630 [ACK] Seq=314406 Ack=144 Win=65024 Len=1448 TSval=2916040348 TSecr=3045560121 [TCP segment of a reassembled PDU]"
"54533","36.267414692","192.168.1.55","192.168.1.2","TCP","1514","8004  >  36630 [ACK] Seq=315854 Ack=144 Win=65024 Len=1448 TSval=2916040348 TSecr=3045560121 [TCP segment of a reassembled PDU]"
"54534","36.267415858","192.168.1.55","192.168.1.2","TCP","1514","8004  >  36630 [ACK] Seq=317302 Ack=144 Win=65024 Len=1448 TSval=2916040348 TSecr=3045560121 [TCP segment of a reassembled PDU]"
"54535","36.267417451","192.168.1.55","192.168.1.2","TCP","1514","8004  >  36630 [ACK] Seq=318750 Ack=144 Win=65024 Len=1448 TSval=2916040348 TSecr=3045560121 [TCP segment of a reassembled PDU]"
"54536","36.267418636","192.168.1.55","192.168.1.2","TCP","1514","8004  >  36630 [ACK] Seq=320198 Ack=144 Win=65024 Len=1448 TSval=2916040348 TSecr=3045560121 [TCP segment of a reassembled PDU]"
"54537","36.267419673","192.168.1.55","192.168.1.2","TCP","1514","8004  >  36630 [ACK] Seq=321646 Ack=144 Win=65024 Len=1448 TSval=2916040348 TSecr=3045560121 [TCP segment of a reassembled PDU]"
"54538","36.267420895","192.168.1.55","192.168.1.2","TCP","1514","8004  >  36630 [ACK] Seq=323094 Ack=144 Win=65024 Len=1448 TSval=2916040348 TSecr=3045560121 [TCP segment of a reassembled PDU]"
"54539","36.267422062","192.168.1.55","192.168.1.2","TCP","1514","8004  >  36630 [ACK] Seq=324542 Ack=144 Win=65024 Len=1448 TSval=2916040348 TSecr=3045560121 [TCP segment of a reassembled PDU]"
"54540","36.267423247","192.168.1.55","192.168.1.2","TCP","1514","8004  >  36630 [ACK] Seq=325990 Ack=144 Win=65024 Len=1448 TSval=2916040348 TSecr=3045560121 [TCP segment of a reassembled PDU]"
"54541","36.267424673","192.168.1.55","192.168.1.2","TCP","1514","8004  >  36630 [ACK] Seq=327438 Ack=144 Win=65024 Len=1448 TSval=2916040348 TSecr=3045560121 [TCP segment of a reassembled PDU]"
"54542","36.267425729","192.168.1.55","192.168.1.2","TCP","1514","8004  >  36630 [ACK] Seq=328886 Ack=144 Win=65024 Len=1448 TSval=2916040348 TSecr=3045560121 [TCP segment of a reassembled PDU]"
"54543","36.267427007","192.168.1.55","192.168.1.2","TCP","1514","8004  >  36630 [ACK] Seq=330334 Ack=144 Win=65024 Len=1448 TSval=2916040348 TSecr=3045560121 [TCP segment of a reassembled PDU]"
"54544","36.267428062","192.168.1.55","192.168.1.2","TCP","1514","8004  >  36630 [ACK] Seq=331782 Ack=144 Win=65024 Len=1448 TSval=2916040348 TSecr=3045560121 [TCP segment of a reassembled PDU]"
"54545","36.267429247","192.168.1.55","192.168.1.2","TCP","1514","8004  >  36630 [ACK] Seq=333230 Ack=144 Win=65024 Len=1448 TSval=2916040348 TSecr=3045560121 [TCP segment of a reassembled PDU]"
"54546","36.267430710","192.168.1.55","192.168.1.2","TCP","1514","8004  >  36630 [ACK] Seq=334678 Ack=144 Win=65024 Len=1448 TSval=2916040348 TSecr=3045560121 [TCP segment of a reassembled PDU]"
"54547","36.267432581","192.168.1.55","192.168.1.2","TCP","1514","8004  >  36630 [ACK] Seq=336126 Ack=144 Win=65024 Len=1448 TSval=2916040348 TSecr=3045560121 [TCP segment of a reassembled PDU]"
"54548","36.267433969","192.168.1.55","192.168.1.2","TCP","1514","8004  >  36630 [ACK] Seq=337574 Ack=144 Win=65024 Len=1448 TSval=2916040348 TSecr=3045560121 [TCP segment of a reassembled PDU]"
"54549","36.267435062","192.168.1.55","192.168.1.2","TCP","1514","8004  >  36630 [PSH, ACK] Seq=339022 Ack=144 Win=65024 Len=1448 TSval=2916040348 TSecr=3045560121 [TCP segment of a reassembled PDU]"
"54550","36.273326775","192.168.1.2","192.168.1.55","TCP","66","36630  >  8004 [ACK] Seq=144 Ack=265174 Win=95232 Len=0 TSval=3045560126 TSecr=2916040347"
"54551","36.273361961","192.168.1.55","192.168.1.2","TCP","1514","8004  >  36630 [ACK] Seq=340470 Ack=144 Win=65024 Len=1448 TSval=2916040354 TSecr=3045560126 [TCP segment of a reassembled PDU]"
"54552","36.273366331","192.168.1.55","192.168.1.2","TCP","1514","8004  >  36630 [ACK] Seq=341918 Ack=144 Win=65024 Len=1448 TSval=2916040354 TSecr=3045560126 [TCP segment of a reassembled PDU]"
"54553","36.273368016","192.168.1.55","192.168.1.2","TCP","1514","8004  >  36630 [ACK] Seq=343366 Ack=144 Win=65024 Len=1448 TSval=2916040354 TSecr=3045560126 [TCP segment of a reassembled PDU]"
"54554","36.273369701","192.168.1.55","192.168.1.2","TCP","1514","8004  >  36630 [ACK] Seq=344814 Ack=144 Win=65024 Len=1448 TSval=2916040354 TSecr=3045560126 [TCP segment of a reassembled PDU]"
"54555","36.273370794","192.168.1.55","192.168.1.2","TCP","1514","8004  >  36630 [ACK] Seq=346262 Ack=144 Win=65024 Len=1448 TSval=2916040354 TSecr=3045560126 [TCP segment of a reassembled PDU]"
"54556","36.273372035","192.168.1.55","192.168.1.2","TCP","1514","8004  >  36630 [ACK] Seq=347710 Ack=144 Win=65024 Len=1448 TSval=2916040354 TSecr=3045560126 [TCP segment of a reassembled PDU]"
"54557","36.273373498","192.168.1.55","192.168.1.2","TCP","1514","8004  >  36630 [ACK] Seq=349158 Ack=144 Win=65024 Len=1448 TSval=2916040354 TSecr=3045560126 [TCP segment of a reassembled PDU]"
"54558","36.273374386","192.168.1.55","192.168.1.2","TCP","1514","8004  >  36630 [ACK] Seq=350606 Ack=144 Win=65024 Len=1448 TSval=2916040354 TSecr=3045560126 [TCP segment of a reassembled PDU]"
"54559","36.273375794","192.168.1.55","192.168.1.2","TCP","1514","8004  >  36630 [ACK] Seq=352054 Ack=144 Win=65024 Len=1448 TSval=2916040354 TSecr=3045560126 [TCP segment of a reassembled PDU]"
"54560","36.273377164","192.168.1.55","192.168.1.2","TCP","1514","8004  >  36630 [ACK] Seq=353502 Ack=144 Win=65024 Len=1448 TSval=2916040354 TSecr=3045560126 [TCP segment of a reassembled PDU]"
"54561","36.273380127","192.168.1.55","192.168.1.2","TCP","1514","8004  >  36630 [ACK] Seq=354950 Ack=144 Win=65024 Len=1448 TSval=2916040354 TSecr=3045560126 [TCP segment of a reassembled PDU]"
"54562","36.273381979","192.168.1.55","192.168.1.2","TCP","1514","8004  >  36630 [ACK] Seq=356398 Ack=144 Win=65024 Len=1448 TSval=2916040354 TSecr=3045560126 [TCP segment of a reassembled PDU]"
"54563","36.273383146","192.168.1.55","192.168.1.2","TCP","1514","8004  >  36630 [ACK] Seq=357846 Ack=144 Win=65024 Len=1448 TSval=2916040354 TSecr=3045560126 [TCP segment of a reassembled PDU]"
"54564","36.273384164","192.168.1.55","192.168.1.2","TCP","1178","[TCP Window Full] 8004  >  36630 [PSH, ACK] Seq=359294 Ack=144 Win=65024 Len=1112 TSval=2916040354 TSecr=3045560126 [TCP segment of a reassembled PDU]"
"54565","36.274008313","192.168.1.2","192.168.1.55","TCP","66","36630  >  8004 [ACK] Seq=144 Ack=272414 Win=102400 Len=0 TSval=3045560126 TSecr=2916040348"
"54566","36.274017184","192.168.1.2","192.168.1.55","TCP","66","36630  >  8004 [ACK] Seq=144 Ack=289790 Win=128000 Len=0 TSval=3045560126 TSecr=2916040348"
"54567","36.274041499","192.168.1.55","192.168.1.2","TCP","1514","8004  >  36630 [ACK] Seq=360406 Ack=144 Win=65024 Len=1448 TSval=2916040354 TSecr=3045560126 [TCP segment of a reassembled PDU]"
"54568","36.274043591","192.168.1.55","192.168.1.2","TCP","1514","8004  >  36630 [ACK] Seq=361854 Ack=144 Win=65024 Len=1448 TSval=2916040354 TSecr=3045560126 [TCP segment of a reassembled PDU]"
"54569","36.274044721","192.168.1.55","192.168.1.2","TCP","1514","8004  >  36630 [ACK] Seq=363302 Ack=144 Win=65024 Len=1448 TSval=2916040354 TSecr=3045560126 [TCP segment of a reassembled PDU]"
"54570","36.274045684","192.168.1.55","192.168.1.2","TCP","1514","8004  >  36630 [ACK] Seq=364750 Ack=144 Win=65024 Len=1448 TSval=2916040354 TSecr=3045560126 [TCP segment of a reassembled PDU]"
"54571","36.274046591","192.168.1.55","192.168.1.2","TCP","1514","8004  >  36630 [ACK] Seq=366198 Ack=144 Win=65024 Len=1448 TSval=2916040354 TSecr=3045560126 [TCP segment of a reassembled PDU]"
"54572","36.274048332","192.168.1.55","192.168.1.2","TCP","1514","8004  >  36630 [ACK] Seq=367646 Ack=144 Win=65024 Len=1448 TSval=2916040354 TSecr=3045560126 [TCP segment of a reassembled PDU]"
"54573","36.274049239","192.168.1.55","192.168.1.2","TCP","1514","8004  >  36630 [ACK] Seq=369094 Ack=144 Win=65024 Len=1448 TSval=2916040354 TSecr=3045560126 [TCP segment of a reassembled PDU]"
"54574","36.274050647","192.168.1.55","192.168.1.2","TCP","1514","8004  >  36630 [ACK] Seq=370542 Ack=144 Win=65024 Len=1448 TSval=2916040354 TSecr=3045560126 [TCP segment of a reassembled PDU]"
"54575","36.274051869","192.168.1.55","192.168.1.2","TCP","1514","8004  >  36630 [ACK] Seq=371990 Ack=144 Win=65024 Len=1448 TSval=2916040354 TSecr=3045560126 [TCP segment of a reassembled PDU]"
"54576","36.274052869","192.168.1.55","192.168.1.2","TCP","1514","8004  >  36630 [ACK] Seq=373438 Ack=144 Win=65024 Len=1448 TSval=2916040354 TSecr=3045560126 [TCP segment of a reassembled PDU]"
"54577","36.274053925","192.168.1.55","192.168.1.2","TCP","1514","8004  >  36630 [ACK] Seq=374886 Ack=144 Win=65024 Len=1448 TSval=2916040354 TSecr=3045560126 [TCP segment of a reassembled PDU]"
"54578","36.274056110","192.168.1.55","192.168.1.2","TCP","1514","8004  >  36630 [PSH, ACK] Seq=376334 Ack=144 Win=65024 Len=1448 TSval=2916040354 TSecr=3045560126 [TCP segment of a reassembled PDU]"
"54579","36.274062684","192.168.1.55","192.168.1.2","TCP","402","8004  >  36630 [PSH, ACK] Seq=377782 Ack=144 Win=65024 Len=336 TSval=2916040354 TSecr=3045560126 [TCP segment of a reassembled PDU]"
"54580","36.274119499","192.168.1.55","192.168.1.2","TCP","1514","8004  >  36630 [ACK] Seq=378118 Ack=144 Win=65024 Len=1448 TSval=2916040354 TSecr=3045560126 [TCP segment of a reassembled PDU]"
"54581","36.274122240","192.168.1.55","192.168.1.2","TCP","1514","8004  >  36630 [ACK] Seq=379566 Ack=144 Win=65024 Len=1448 TSval=2916040354 TSecr=3045560126 [TCP segment of a reassembled PDU]"
"54582","36.274123665","192.168.1.55","192.168.1.2","TCP","1514","8004  >  36630 [ACK] Seq=381014 Ack=144 Win=65024 Len=1448 TSval=2916040354 TSecr=3045560126 [TCP segment of a reassembled PDU]"
"54583","36.274125314","192.168.1.55","192.168.1.2","TCP","1514","8004  >  36630 [ACK] Seq=382462 Ack=144 Win=65024 Len=1448 TSval=2916040354 TSecr=3045560126 [TCP segment of a reassembled PDU]"
"54584","36.274127017","192.168.1.55","192.168.1.2","TCP","1514","8004  >  36630 [ACK] Seq=383910 Ack=144 Win=65024 Len=1448 TSval=2916040354 TSecr=3045560126 [TCP segment of a reassembled PDU]"
"54585","36.274129073","192.168.1.55","192.168.1.2","TCP","1514","8004  >  36630 [ACK] Seq=385358 Ack=144 Win=65024 Len=1448 TSval=2916040354 TSecr=3045560126 [TCP segment of a reassembled PDU]"
"54586","36.274130332","192.168.1.55","192.168.1.2","TCP","1514","8004  >  36630 [ACK] Seq=386806 Ack=144 Win=65024 Len=1448 TSval=2916040354 TSecr=3045560126 [TCP segment of a reassembled PDU]"
"54587","36.274131740","192.168.1.55","192.168.1.2","TCP","1514","8004  >  36630 [ACK] Seq=388254 Ack=144 Win=65024 Len=1448 TSval=2916040354 TSecr=3045560126 [TCP segment of a reassembled PDU]"
"54588","36.274133277","192.168.1.55","192.168.1.2","TCP","1514","8004  >  36630 [ACK] Seq=389702 Ack=144 Win=65024 Len=1448 TSval=2916040354 TSecr=3045560126 [TCP segment of a reassembled PDU]"
"54589","36.274134351","192.168.1.55","192.168.1.2","TCP","1514","8004  >  36630 [ACK] Seq=391150 Ack=144 Win=65024 Len=1448 TSval=2916040354 TSecr=3045560126 [TCP segment of a reassembled PDU]"
"54590","36.274136036","192.168.1.55","192.168.1.2","TCP","1514","8004  >  36630 [ACK] Seq=392598 Ack=144 Win=65024 Len=1448 TSval=2916040354 TSecr=3045560126 [TCP segment of a reassembled PDU]"
"54591","36.274139906","192.168.1.55","192.168.1.2","TCP","1514","8004  >  36630 [ACK] Seq=394046 Ack=144 Win=65024 Len=1448 TSval=2916040354 TSecr=3045560126 [TCP segment of a reassembled PDU]"
"54592","36.274141128","192.168.1.55","192.168.1.2","TCP","1514","8004  >  36630 [ACK] Seq=395494 Ack=144 Win=65024 Len=1448 TSval=2916040354 TSecr=3045560126 [TCP segment of a reassembled PDU]"
"54593","36.274142369","192.168.1.55","192.168.1.2","TCP","1514","8004  >  36630 [ACK] Seq=396942 Ack=144 Win=65024 Len=1448 TSval=2916040354 TSecr=3045560126 [TCP segment of a reassembled PDU]"
"54594","36.274143665","192.168.1.55","192.168.1.2","TCP","1514","8004  >  36630 [ACK] Seq=398390 Ack=144 Win=65024 Len=1448 TSval=2916040354 TSecr=3045560126 [TCP segment of a reassembled PDU]"
"54595","36.274144740","192.168.1.55","192.168.1.2","TCP","1514","8004  >  36630 [ACK] Seq=399838 Ack=144 Win=65024 Len=1448 TSval=2916040354 TSecr=3045560126 [TCP segment of a reassembled PDU]"
"54596","36.274145684","192.168.1.55","192.168.1.2","TCP","1514","8004  >  36630 [ACK] Seq=401286 Ack=144 Win=65024 Len=1448 TSval=2916040354 TSecr=3045560126 [TCP segment of a reassembled PDU]"
"54597","36.274146684","192.168.1.55","192.168.1.2","TCP","1514","8004  >  36630 [ACK] Seq=402734 Ack=144 Win=65024 Len=1448 TSval=2916040354 TSecr=3045560126 [TCP segment of a reassembled PDU]"
"54598","36.274148203","192.168.1.55","192.168.1.2","TCP","1514","8004  >  36630 [ACK] Seq=404182 Ack=144 Win=65024 Len=1448 TSval=2916040354 TSecr=3045560126 [TCP segment of a reassembled PDU]"
"54599","36.274149721","192.168.1.55","192.168.1.2","TCP","1514","8004  >  36630 [ACK] Seq=405630 Ack=144 Win=65024 Len=1448 TSval=2916040354 TSecr=3045560126 [TCP segment of a reassembled PDU]"
"54600","36.274150703","192.168.1.55","192.168.1.2","TCP","1514","8004  >  36630 [ACK] Seq=407078 Ack=144 Win=65024 Len=1448 TSval=2916040354 TSecr=3045560126 [TCP segment of a reassembled PDU]"
"54601","36.274152777","192.168.1.55","192.168.1.2","TCP","1514","8004  >  36630 [ACK] Seq=408526 Ack=144 Win=65024 Len=1448 TSval=2916040354 TSecr=3045560126 [TCP segment of a reassembled PDU]"
"54602","36.274154091","192.168.1.55","192.168.1.2","TCP","1514","8004  >  36630 [ACK] Seq=409974 Ack=144 Win=65024 Len=1448 TSval=2916040354 TSecr=3045560126 [TCP segment of a reassembled PDU]"
"54603","36.274155573","192.168.1.55","192.168.1.2","TCP","1514","8004  >  36630 [ACK] Seq=411422 Ack=144 Win=65024 Len=1448 TSval=2916040354 TSecr=3045560126 [TCP segment of a reassembled PDU]"
"54604","36.274156795","192.168.1.55","192.168.1.2","TCP","1514","8004  >  36630 [ACK] Seq=412870 Ack=144 Win=65024 Len=1448 TSval=2916040354 TSecr=3045560126 [TCP segment of a reassembled PDU]"
"54605","36.274158221","192.168.1.55","192.168.1.2","TCP","1514","8004  >  36630 [PSH, ACK] Seq=414318 Ack=144 Win=65024 Len=1448 TSval=2916040354 TSecr=3045560126 [TCP segment of a reassembled PDU]"
"54606","36.274162610","192.168.1.2","192.168.1.55","TCP","66","36630  >  8004 [ACK] Seq=144 Ack=302822 Win=150528 Len=0 TSval=3045560127 TSecr=2916040348"
"54607","36.274208240","192.168.1.2","192.168.1.55","TCP","66","36630  >  8004 [ACK] Seq=144 Ack=340470 Win=130048 Len=0 TSval=3045560129 TSecr=2916040348"
"54608","36.274311092","192.168.1.55","192.168.1.2","TCP","1514","8004  >  36630 [ACK] Seq=415766 Ack=144 Win=65024 Len=1448 TSval=2916040354 TSecr=3045560129 [TCP segment of a reassembled PDU]"
"54609","36.274315351","192.168.1.55","192.168.1.2","TCP","1514","8004  >  36630 [ACK] Seq=417214 Ack=144 Win=65024 Len=1448 TSval=2916040354 TSecr=3045560129 [TCP segment of a reassembled PDU]"
"54610","36.274316647","192.168.1.55","192.168.1.2","TCP","1514","8004  >  36630 [ACK] Seq=418662 Ack=144 Win=65024 Len=1448 TSval=2916040354 TSecr=3045560129 [TCP segment of a reassembled PDU]"
"54611","36.274317981","192.168.1.55","192.168.1.2","TCP","1514","8004  >  36630 [ACK] Seq=420110 Ack=144 Win=65024 Len=1448 TSval=2916040354 TSecr=3045560129 [TCP segment of a reassembled PDU]"
"54612","36.274319314","192.168.1.55","192.168.1.2","TCP","1514","8004  >  36630 [ACK] Seq=421558 Ack=144 Win=65024 Len=1448 TSval=2916040354 TSecr=3045560129 [TCP segment of a reassembled PDU]"
"54613","36.274320499","192.168.1.55","192.168.1.2","TCP","1514","8004  >  36630 [ACK] Seq=423006 Ack=144 Win=65024 Len=1448 TSval=2916040354 TSecr=3045560129 [TCP segment of a reassembled PDU]"
"54614","36.274322869","192.168.1.55","192.168.1.2","TCP","1514","8004  >  36630 [ACK] Seq=424454 Ack=144 Win=65024 Len=1448 TSval=2916040354 TSecr=3045560129 [TCP segment of a reassembled PDU]"
"54615","36.274325110","192.168.1.55","192.168.1.2","TCP","1514","8004  >  36630 [ACK] Seq=425902 Ack=144 Win=65024 Len=1448 TSval=2916040354 TSecr=3045560129 [TCP segment of a reassembled PDU]"
"54616","36.274326462","192.168.1.55","192.168.1.2","TCP","1514","8004  >  36630 [ACK] Seq=427350 Ack=144 Win=65024 Len=1448 TSval=2916040354 TSecr=3045560129 [TCP segment of a reassembled PDU]"
"54617","36.274328166","192.168.1.55","192.168.1.2","TCP","1514","8004  >  36630 [ACK] Seq=428798 Ack=144 Win=65024 Len=1448 TSval=2916040354 TSecr=3045560129 [TCP segment of a reassembled PDU]"
"54618","36.274330518","192.168.1.55","192.168.1.2","TCP","1514","8004  >  36630 [ACK] Seq=430246 Ack=144 Win=65024 Len=1448 TSval=2916040354 TSecr=3045560129 [TCP segment of a reassembled PDU]"
"54619","36.274331962","192.168.1.55","192.168.1.2","TCP","1514","8004  >  36630 [ACK] Seq=431694 Ack=144 Win=65024 Len=1448 TSval=2916040354 TSecr=3045560129 [TCP segment of a reassembled PDU]"
"54620","36.274333758","192.168.1.55","192.168.1.2","TCP","1514","8004  >  36630 [ACK] Seq=433142 Ack=144 Win=65024 Len=1448 TSval=2916040354 TSecr=3045560129 [TCP segment of a reassembled PDU]"
"54621","36.274334999","192.168.1.55","192.168.1.2","TCP","1514","8004  >  36630 [ACK] Seq=434590 Ack=144 Win=65024 Len=1448 TSval=2916040354 TSecr=3045560129 [TCP segment of a reassembled PDU]"
"54622","36.274336703","192.168.1.55","192.168.1.2","TCP","1514","8004  >  36630 [ACK] Seq=436038 Ack=144 Win=65024 Len=1448 TSval=2916040354 TSecr=3045560129 [TCP segment of a reassembled PDU]"
"54623","36.274338129","192.168.1.55","192.168.1.2","TCP","1514","8004  >  36630 [ACK] Seq=437486 Ack=144 Win=65024 Len=1448 TSval=2916040354 TSecr=3045560129 [TCP segment of a reassembled PDU]"
"54624","36.274339240","192.168.1.55","192.168.1.2","TCP","1514","8004  >  36630 [ACK] Seq=438934 Ack=144 Win=65024 Len=1448 TSval=2916040354 TSecr=3045560129 [TCP segment of a reassembled PDU]"
"54625","36.274340962","192.168.1.55","192.168.1.2","TCP","1514","8004  >  36630 [ACK] Seq=440382 Ack=144 Win=65024 Len=1448 TSval=2916040354 TSecr=3045560129 [TCP segment of a reassembled PDU]"
"54626","36.274342351","192.168.1.55","192.168.1.2","TCP","1514","8004  >  36630 [ACK] Seq=441830 Ack=144 Win=65024 Len=1448 TSval=2916040354 TSecr=3045560129 [TCP segment of a reassembled PDU]"
"54627","36.274343999","192.168.1.55","192.168.1.2","TCP","1514","8004  >  36630 [ACK] Seq=443278 Ack=144 Win=65024 Len=1448 TSval=2916040354 TSecr=3045560129 [TCP segment of a reassembled PDU]"
"54628","36.274345555","192.168.1.55","192.168.1.2","TCP","1514","8004  >  36630 [ACK] Seq=444726 Ack=144 Win=65024 Len=1448 TSval=2916040354 TSecr=3045560129 [TCP segment of a reassembled PDU]"
"54629","36.274346499","192.168.1.55","192.168.1.2","TCP","1514","8004  >  36630 [ACK] Seq=446174 Ack=144 Win=65024 Len=1448 TSval=2916040354 TSecr=3045560129 [TCP segment of a reassembled PDU]"
"54630","36.274347721","192.168.1.55","192.168.1.2","TCP","1514","8004  >  36630 [ACK] Seq=447622 Ack=144 Win=65024 Len=1448 TSval=2916040354 TSecr=3045560129 [TCP segment of a reassembled PDU]"
"54631","36.274348832","192.168.1.55","192.168.1.2","TCP","1514","8004  >  36630 [ACK] Seq=449070 Ack=144 Win=65024 Len=1448 TSval=2916040354 TSecr=3045560129 [TCP segment of a reassembled PDU]"
"54632","36.274350147","192.168.1.55","192.168.1.2","TCP","1514","8004  >  36630 [ACK] Seq=450518 Ack=144 Win=65024 Len=1448 TSval=2916040354 TSecr=3045560129 [TCP segment of a reassembled PDU]"
"54633","36.274351536","192.168.1.55","192.168.1.2","TCP","1514","8004  >  36630 [PSH, ACK] Seq=451966 Ack=144 Win=65024 Len=1448 TSval=2916040354 TSecr=3045560129 [TCP segment of a reassembled PDU]"
"54634","36.275530945","192.168.1.55","192.168.1.2","TCP","1514","8004  >  36630 [ACK] Seq=453414 Ack=144 Win=65024 Len=1448 TSval=2916040356 TSecr=3045560129 [TCP segment of a reassembled PDU]"
"54635","36.275534223","192.168.1.55","192.168.1.2","TCP","1514","8004  >  36630 [ACK] Seq=454862 Ack=144 Win=65024 Len=1448 TSval=2916040356 TSecr=3045560129 [TCP segment of a reassembled PDU]"
"54636","36.275535408","192.168.1.55","192.168.1.2","TCP","1514","8004  >  36630 [ACK] Seq=456310 Ack=144 Win=65024 Len=1448 TSval=2916040356 TSecr=3045560129 [TCP segment of a reassembled PDU]"
"54637","36.275536464","192.168.1.55","192.168.1.2","TCP","1514","8004  >  36630 [ACK] Seq=457758 Ack=144 Win=65024 Len=1448 TSval=2916040356 TSecr=3045560129 [TCP segment of a reassembled PDU]"
"54638","36.275537686","192.168.1.55","192.168.1.2","TCP","1514","8004  >  36630 [ACK] Seq=459206 Ack=144 Win=65024 Len=1448 TSval=2916040356 TSecr=3045560129 [TCP segment of a reassembled PDU]"
"54639","36.275538927","192.168.1.55","192.168.1.2","TCP","1514","8004  >  36630 [ACK] Seq=460654 Ack=144 Win=65024 Len=1448 TSval=2916040356 TSecr=3045560129 [TCP segment of a reassembled PDU]"
"54640","36.275540075","192.168.1.55","192.168.1.2","TCP","1514","8004  >  36630 [ACK] Seq=462102 Ack=144 Win=65024 Len=1448 TSval=2916040356 TSecr=3045560129 [TCP segment of a reassembled PDU]"
"54641","36.275541131","192.168.1.55","192.168.1.2","TCP","1514","8004  >  36630 [ACK] Seq=463550 Ack=144 Win=65024 Len=1448 TSval=2916040356 TSecr=3045560129 [TCP segment of a reassembled PDU]"
"54642","36.275542168","192.168.1.55","192.168.1.2","TCP","1514","8004  >  36630 [ACK] Seq=464998 Ack=144 Win=65024 Len=1448 TSval=2916040356 TSecr=3045560129 [TCP segment of a reassembled PDU]"
"54643","36.275543242","192.168.1.55","192.168.1.2","TCP","1514","8004  >  36630 [ACK] Seq=466446 Ack=144 Win=65024 Len=1448 TSval=2916040356 TSecr=3045560129 [TCP segment of a reassembled PDU]"
"54644","36.275544242","192.168.1.55","192.168.1.2","TCP","1514","8004  >  36630 [PSH, ACK] Seq=467894 Ack=144 Win=65024 Len=1448 TSval=2916040356 TSecr=3045560129 [TCP segment of a reassembled PDU]"
"54645","36.282381642","192.168.1.2","192.168.1.55","TCP","66","36630  >  8004 [ACK] Seq=144 Ack=344814 Win=155648 Len=0 TSval=3045560131 TSecr=2916040354"
"54646","36.282482549","192.168.1.55","192.168.1.2","TCP","1514","8004  >  36630 [ACK] Seq=469342 Ack=144 Win=65024 Len=1448 TSval=2916040363 TSecr=3045560131 [TCP segment of a reassembled PDU]"
"54647","36.282490031","192.168.1.55","192.168.1.2","TCP","1514","8004  >  36630 [ACK] Seq=470790 Ack=144 Win=65024 Len=1448 TSval=2916040363 TSecr=3045560131 [TCP segment of a reassembled PDU]"
"54648","36.282491123","192.168.1.55","192.168.1.2","TCP","1514","8004  >  36630 [ACK] Seq=472238 Ack=144 Win=65024 Len=1448 TSval=2916040363 TSecr=3045560131 [TCP segment of a reassembled PDU]"
"54649","36.282492420","192.168.1.55","192.168.1.2","TCP","1514","8004  >  36630 [ACK] Seq=473686 Ack=144 Win=65024 Len=1448 TSval=2916040363 TSecr=3045560131 [TCP segment of a reassembled PDU]"
"54650","36.282493327","192.168.1.55","192.168.1.2","TCP","1514","8004  >  36630 [ACK] Seq=475134 Ack=144 Win=65024 Len=1448 TSval=2916040363 TSecr=3045560131 [TCP segment of a reassembled PDU]"
"54651","36.282494327","192.168.1.55","192.168.1.2","TCP","1514","8004  >  36630 [ACK] Seq=476582 Ack=144 Win=65024 Len=1448 TSval=2916040363 TSecr=3045560131 [TCP segment of a reassembled PDU]"
"54652","36.282495438","192.168.1.55","192.168.1.2","TCP","1514","8004  >  36630 [ACK] Seq=478030 Ack=144 Win=65024 Len=1448 TSval=2916040363 TSecr=3045560131 [TCP segment of a reassembled PDU]"
"54653","36.282496549","192.168.1.55","192.168.1.2","TCP","1514","8004  >  36630 [ACK] Seq=479478 Ack=144 Win=65024 Len=1448 TSval=2916040363 TSecr=3045560131 [TCP segment of a reassembled PDU]"
"54654","36.282497494","192.168.1.55","192.168.1.2","TCP","1514","8004  >  36630 [ACK] Seq=480926 Ack=144 Win=65024 Len=1448 TSval=2916040363 TSecr=3045560131 [TCP segment of a reassembled PDU]"
"54655","36.282499123","192.168.1.55","192.168.1.2","TCP","1514","8004  >  36630 [ACK] Seq=482374 Ack=144 Win=65024 Len=1448 TSval=2916040363 TSecr=3045560131 [TCP segment of a reassembled PDU]"
"54656","36.282500123","192.168.1.55","192.168.1.2","TCP","1514","8004  >  36630 [ACK] Seq=483822 Ack=144 Win=65024 Len=1448 TSval=2916040363 TSecr=3045560131 [TCP segment of a reassembled PDU]"
"54657","36.282501420","192.168.1.55","192.168.1.2","TCP","1514","8004  >  36630 [ACK] Seq=485270 Ack=144 Win=65024 Len=1448 TSval=2916040363 TSecr=3045560131 [TCP segment of a reassembled PDU]"
"54658","36.282502623","192.168.1.55","192.168.1.2","TCP","1514","8004  >  36630 [ACK] Seq=486718 Ack=144 Win=65024 Len=1448 TSval=2916040363 TSecr=3045560131 [TCP segment of a reassembled PDU]"
"54659","36.282503697","192.168.1.55","192.168.1.2","TCP","1514","8004  >  36630 [ACK] Seq=488166 Ack=144 Win=65024 Len=1448 TSval=2916040363 TSecr=3045560131 [TCP segment of a reassembled PDU]"
"54660","36.282504734","192.168.1.55","192.168.1.2","TCP","1514","8004  >  36630 [PSH, ACK] Seq=489614 Ack=144 Win=65024 Len=1448 TSval=2916040363 TSecr=3045560131 [TCP segment of a reassembled PDU]"
"54661","36.282521549","192.168.1.55","192.168.1.2","TCP","1514","8004  >  36630 [ACK] Seq=491062 Ack=144 Win=65024 Len=1448 TSval=2916040363 TSecr=3045560131 [TCP segment of a reassembled PDU]"
"54662","36.282523234","192.168.1.55","192.168.1.2","TCP","1514","8004  >  36630 [ACK] Seq=492510 Ack=144 Win=65024 Len=1448 TSval=2916040363 TSecr=3045560131 [TCP segment of a reassembled PDU]"
"54663","36.282524346","192.168.1.55","192.168.1.2","TCP","1514","8004  >  36630 [ACK] Seq=493958 Ack=144 Win=65024 Len=1448 TSval=2916040363 TSecr=3045560131 [TCP segment of a reassembled PDU]"
"54664","36.282525272","192.168.1.55","192.168.1.2","TCP","1514","8004  >  36630 [ACK] Seq=495406 Ack=144 Win=65024 Len=1448 TSval=2916040363 TSecr=3045560131 [TCP segment of a reassembled PDU]"
"54665","36.282526494","192.168.1.55","192.168.1.2","TCP","1514","8004  >  36630 [PSH, ACK] Seq=496854 Ack=144 Win=65024 Len=1448 TSval=2916040363 TSecr=3045560131 [TCP segment of a reassembled PDU]"
"54666","36.282534216","192.168.1.55","192.168.1.2","HTTP","222","HTTP/1.0 200 OK  (PNG)"
"54667","36.282568105","192.168.1.2","192.168.1.55","TCP","66","36630  >  8004 [ACK] Seq=144 Ack=354950 Win=155648 Len=0 TSval=3045560132 TSecr=2916040354"
"54668","36.283409773","192.168.1.2","192.168.1.55","TCP","66","36630  >  8004 [ACK] Seq=144 Ack=360406 Win=165888 Len=0 TSval=3045560138 TSecr=2916040354"
"54669","36.283459032","192.168.1.2","192.168.1.55","TCP","66","36630  >  8004 [ACK] Seq=144 Ack=377782 Win=172032 Len=0 TSval=3045560138 TSecr=2916040354"
"54670","36.285374609","192.168.1.2","192.168.1.55","TCP","66","36630  >  8004 [ACK] Seq=144 Ack=469342 Win=94208 Len=0 TSval=3045560140 TSecr=2916040354"
"54671","36.285428665","192.168.1.2","192.168.1.55","TCP","66","36630  >  8004 [ACK] Seq=144 Ack=491062 Win=173056 Len=0 TSval=3045560141 TSecr=2916040363"
"54672","36.285836129","192.168.1.2","192.168.1.55","TCP","66","36630  >  8004 [ACK] Seq=144 Ack=495406 Win=168960 Len=0 TSval=3045560141 TSecr=2916040363"
"54673","36.287165946","192.168.1.2","192.168.1.55","TCP","66","36630  >  8004 [ACK] Seq=144 Ack=496854 Win=176128 Len=0 TSval=3045560143 TSecr=2916040363"
"54674","36.287270168","192.168.1.2","192.168.1.55","TCP","66","36630  >  8004 [ACK] Seq=144 Ack=498302 Win=179200 Len=0 TSval=3045560143 TSecr=2916040363"
"54675","36.289164504","192.168.1.2","192.168.1.55","TCP","66","36630  >  8004 [FIN, ACK] Seq=144 Ack=498459 Win=181248 Len=0 TSval=3045560144 TSecr=2916040363"
"54676","36.289197282","192.168.1.55","192.168.1.2","TCP","66","8004  >  36630 [ACK] Seq=498459 Ack=145 Win=65024 Len=0 TSval=2916040369 TSecr=3045560144"
"54677","36.290766433","192.168.1.2","192.168.1.55","TCP","74","36640  >  8004 [SYN] Seq=0 Win=64240 Len=0 MSS=1460 SACK_PERM TSval=3045560146 TSecr=0 WS=1024"
"54678","36.290794359","192.168.1.55","192.168.1.2","TCP","74","8004  >  36640 [SYN, ACK] Seq=0 Ack=1 Win=65160 Len=0 MSS=1460 SACK_PERM TSval=2916040371 TSecr=3045560146 WS=128"
"54679","36.294118586","192.168.1.2","192.168.1.55","TCP","66","36640  >  8004 [ACK] Seq=1 Ack=1 Win=64512 Len=0 TSval=3045560149 TSecr=2916040371"
"54680","36.297351203","192.168.1.2","192.168.1.55","HTTP","206","GET /stego_benchmark.png HTTP/1.1 "
"54681","36.297384832","192.168.1.55","192.168.1.2","TCP","66","8004  >  36640 [ACK] Seq=1 Ack=141 Win=65024 Len=0 TSval=2916040378 TSecr=3045560149"
"54682","36.298236667","192.168.1.55","192.168.1.2","TCP","255","8004  >  36640 [PSH, ACK] Seq=1 Ack=141 Win=65024 Len=189 TSval=2916040378 TSecr=3045560149 [TCP segment of a reassembled PDU]"
"54683","36.298389260","192.168.1.55","192.168.1.2","TCP","1514","8004  >  36640 [ACK] Seq=190 Ack=141 Win=65024 Len=1448 TSval=2916040379 TSecr=3045560149 [TCP segment of a reassembled PDU]"
"54684","36.298394260","192.168.1.55","192.168.1.2","TCP","1514","8004  >  36640 [ACK] Seq=1638 Ack=141 Win=65024 Len=1448 TSval=2916040379 TSecr=3045560149 [TCP segment of a reassembled PDU]"
"54685","36.298395890","192.168.1.55","192.168.1.2","TCP","1514","8004  >  36640 [ACK] Seq=3086 Ack=141 Win=65024 Len=1448 TSval=2916040379 TSecr=3045560149 [TCP segment of a reassembled PDU]"
"54686","36.298397353","192.168.1.55","192.168.1.2","TCP","1514","8004  >  36640 [ACK] Seq=4534 Ack=141 Win=65024 Len=1448 TSval=2916040379 TSecr=3045560149 [TCP segment of a reassembled PDU]"
"54687","36.298399427","192.168.1.55","192.168.1.2","TCP","1514","8004  >  36640 [PSH, ACK] Seq=5982 Ack=141 Win=65024 Len=1448 TSval=2916040379 TSecr=3045560149 [TCP segment of a reassembled PDU]"
"54688","36.298424853","192.168.1.55","192.168.1.2","TCP","1514","8004  >  36640 [ACK] Seq=7430 Ack=141 Win=65024 Len=1448 TSval=2916040379 TSecr=3045560149 [TCP segment of a reassembled PDU]"
"54689","36.298426797","192.168.1.55","192.168.1.2","TCP","1514","8004  >  36640 [ACK] Seq=8878 Ack=141 Win=65024 Len=1448 TSval=2916040379 TSecr=3045560149 [TCP segment of a reassembled PDU]"
"54690","36.298428390","192.168.1.55","192.168.1.2","TCP","1514","8004  >  36640 [ACK] Seq=10326 Ack=141 Win=65024 Len=1448 TSval=2916040379 TSecr=3045560149 [TCP segment of a reassembled PDU]"
"54691","36.298430353","192.168.1.55","192.168.1.2","TCP","1514","8004  >  36640 [PSH, ACK] Seq=11774 Ack=141 Win=65024 Len=1448 TSval=2916040379 TSecr=3045560149 [TCP segment of a reassembled PDU]"
"54692","36.301190320","192.168.1.2","192.168.1.55","TCP","66","36640  >  8004 [ACK] Seq=141 Ack=190 Win=64512 Len=0 TSval=3045560155 TSecr=2916040378"
"54693","36.301229598","192.168.1.55","192.168.1.2","TCP","1514","8004  >  36640 [ACK] Seq=13222 Ack=141 Win=65024 Len=1448 TSval=2916040381 TSecr=3045560155 [TCP segment of a reassembled PDU]"
"54694","36.301232876","192.168.1.55","192.168.1.2","TCP","1514","8004  >  36640 [PSH, ACK] Seq=14670 Ack=141 Win=65024 Len=1448 TSval=2916040381 TSecr=3045560155 [TCP segment of a reassembled PDU]"
"54695","36.301376876","192.168.1.2","192.168.1.55","TCP","66","36640  >  8004 [ACK] Seq=141 Ack=1638 Win=67584 Len=0 TSval=3045560155 TSecr=2916040379"
"54696","36.302925341","192.168.1.2","192.168.1.55","TCP","66","36640  >  8004 [ACK] Seq=141 Ack=7430 Win=79872 Len=0 TSval=3045560157 TSecr=2916040379"
"54697","36.303036008","192.168.1.55","192.168.1.2","TCP","1514","8004  >  36640 [ACK] Seq=16118 Ack=141 Win=65024 Len=1448 TSval=2916040383 TSecr=3045560157 [TCP segment of a reassembled PDU]"
"54698","36.303046138","192.168.1.55","192.168.1.2","TCP","1514","8004  >  36640 [ACK] Seq=17566 Ack=141 Win=65024 Len=1448 TSval=2916040383 TSecr=3045560157 [TCP segment of a reassembled PDU]"
"54699","36.303048342","192.168.1.55","192.168.1.2","TCP","1514","8004  >  36640 [ACK] Seq=19014 Ack=141 Win=65024 Len=1448 TSval=2916040383 TSecr=3045560157 [TCP segment of a reassembled PDU]"
"54700","36.303049545","192.168.1.55","192.168.1.2","TCP","1514","8004  >  36640 [ACK] Seq=20462 Ack=141 Win=65024 Len=1448 TSval=2916040383 TSecr=3045560157 [TCP segment of a reassembled PDU]"
"54701","36.303050879","192.168.1.55","192.168.1.2","TCP","1514","8004  >  36640 [ACK] Seq=21910 Ack=141 Win=65024 Len=1448 TSval=2916040383 TSecr=3045560157 [TCP segment of a reassembled PDU]"
"54702","36.303052119","192.168.1.55","192.168.1.2","TCP","1514","8004  >  36640 [ACK] Seq=23358 Ack=141 Win=65024 Len=1448 TSval=2916040383 TSecr=3045560157 [TCP segment of a reassembled PDU]"
"54703","36.303053508","192.168.1.55","192.168.1.2","TCP","1514","8004  >  36640 [ACK] Seq=24806 Ack=141 Win=65024 Len=1448 TSval=2916040383 TSecr=3045560157 [TCP segment of a reassembled PDU]"
"54704","36.303055101","192.168.1.55","192.168.1.2","TCP","1514","8004  >  36640 [PSH, ACK] Seq=26254 Ack=141 Win=65024 Len=1448 TSval=2916040383 TSecr=3045560157 [TCP segment of a reassembled PDU]"
"54705","36.303106768","192.168.1.2","192.168.1.55","TCP","66","36640  >  8004 [ACK] Seq=141 Ack=13222 Win=76800 Len=0 TSval=3045560157 TSecr=2916040379"
"54706","36.303159582","192.168.1.55","192.168.1.2","TCP","1514","8004  >  36640 [ACK] Seq=27702 Ack=141 Win=65024 Len=1448 TSval=2916040383 TSecr=3045560157 [TCP segment of a reassembled PDU]"
"54707","36.303163008","192.168.1.55","192.168.1.2","TCP","1514","8004  >  36640 [ACK] Seq=29150 Ack=141 Win=65024 Len=1448 TSval=2916040383 TSecr=3045560157 [TCP segment of a reassembled PDU]"
"54708","36.303164731","192.168.1.55","192.168.1.2","TCP","1514","8004  >  36640 [ACK] Seq=30598 Ack=141 Win=65024 Len=1448 TSval=2916040383 TSecr=3045560157 [TCP segment of a reassembled PDU]"
"54709","36.303166712","192.168.1.55","192.168.1.2","TCP","1514","8004  >  36640 [ACK] Seq=32046 Ack=141 Win=65024 Len=1448 TSval=2916040383 TSecr=3045560157 [TCP segment of a reassembled PDU]"
"54710","36.303168860","192.168.1.55","192.168.1.2","TCP","1514","8004  >  36640 [ACK] Seq=33494 Ack=141 Win=65024 Len=1448 TSval=2916040383 TSecr=3045560157 [TCP segment of a reassembled PDU]"
"54711","36.303170323","192.168.1.55","192.168.1.2","TCP","1514","8004  >  36640 [ACK] Seq=34942 Ack=141 Win=65024 Len=1448 TSval=2916040383 TSecr=3045560157 [TCP segment of a reassembled PDU]"
"54712","36.303172175","192.168.1.55","192.168.1.2","TCP","1514","8004  >  36640 [ACK] Seq=36390 Ack=141 Win=65024 Len=1448 TSval=2916040383 TSecr=3045560157 [TCP segment of a reassembled PDU]"
"54713","36.303173953","192.168.1.55","192.168.1.2","TCP","1514","8004  >  36640 [ACK] Seq=37838 Ack=141 Win=65024 Len=1448 TSval=2916040383 TSecr=3045560157 [TCP segment of a reassembled PDU]"
"54714","36.303175583","192.168.1.55","192.168.1.2","TCP","1514","8004  >  36640 [ACK] Seq=39286 Ack=141 Win=65024 Len=1448 TSval=2916040383 TSecr=3045560157 [TCP segment of a reassembled PDU]"
"54715","36.303178027","192.168.1.55","192.168.1.2","TCP","1514","8004  >  36640 [PSH, ACK] Seq=40734 Ack=141 Win=65024 Len=1448 TSval=2916040383 TSecr=3045560157 [TCP segment of a reassembled PDU]"
"54716","36.305113363","192.168.1.2","192.168.1.55","TCP","66","36640  >  8004 [ACK] Seq=141 Ack=16118 Win=84992 Len=0 TSval=3045560159 TSecr=2916040381"
"54717","36.305129382","192.168.1.55","192.168.1.2","TCP","1514","8004  >  36640 [ACK] Seq=42182 Ack=141 Win=65024 Len=1448 TSval=2916040385 TSecr=3045560159 [TCP segment of a reassembled PDU]"
"54718","36.305132104","192.168.1.55","192.168.1.2","TCP","1514","8004  >  36640 [PSH, ACK] Seq=43630 Ack=141 Win=65024 Len=1448 TSval=2916040385 TSecr=3045560159 [TCP segment of a reassembled PDU]"
"54719","36.311239318","192.168.1.2","192.168.1.55","TCP","66","36640  >  8004 [ACK] Seq=141 Ack=23358 Win=79872 Len=0 TSval=3045560161 TSecr=2916040383"
"54720","36.311262521","192.168.1.55","192.168.1.2","TCP","1514","8004  >  36640 [ACK] Seq=45078 Ack=141 Win=65024 Len=1448 TSval=2916040391 TSecr=3045560161 [TCP segment of a reassembled PDU]"
"54721","36.311265170","192.168.1.55","192.168.1.2","TCP","1514","8004  >  36640 [ACK] Seq=46526 Ack=141 Win=65024 Len=1448 TSval=2916040391 TSecr=3045560161 [TCP segment of a reassembled PDU]"
"54722","36.311266466","192.168.1.55","192.168.1.2","TCP","1514","8004  >  36640 [ACK] Seq=47974 Ack=141 Win=65024 Len=1448 TSval=2916040391 TSecr=3045560161 [TCP segment of a reassembled PDU]"
"54723","36.311267799","192.168.1.55","192.168.1.2","TCP","1514","8004  >  36640 [ACK] Seq=49422 Ack=141 Win=65024 Len=1448 TSval=2916040391 TSecr=3045560161 [TCP segment of a reassembled PDU]"
"54724","36.311269170","192.168.1.55","192.168.1.2","TCP","1514","8004  >  36640 [ACK] Seq=50870 Ack=141 Win=65024 Len=1448 TSval=2916040391 TSecr=3045560161 [TCP segment of a reassembled PDU]"
"54725","36.311270429","192.168.1.55","192.168.1.2","TCP","1514","8004  >  36640 [ACK] Seq=52318 Ack=141 Win=65024 Len=1448 TSval=2916040391 TSecr=3045560161 [TCP segment of a reassembled PDU]"
"54726","36.311271892","192.168.1.55","192.168.1.2","TCP","1514","8004  >  36640 [ACK] Seq=53766 Ack=141 Win=65024 Len=1448 TSval=2916040391 TSecr=3045560161 [TCP segment of a reassembled PDU]"
"54727","36.311273114","192.168.1.55","192.168.1.2","TCP","1514","8004  >  36640 [ACK] Seq=55214 Ack=141 Win=65024 Len=1448 TSval=2916040391 TSecr=3045560161 [TCP segment of a reassembled PDU]"
"54728","36.311274410","192.168.1.55","192.168.1.2","TCP","1514","8004  >  36640 [ACK] Seq=56662 Ack=141 Win=65024 Len=1448 TSval=2916040391 TSecr=3045560161 [TCP segment of a reassembled PDU]"
"54729","36.311275614","192.168.1.55","192.168.1.2","TCP","1514","8004  >  36640 [ACK] Seq=58110 Ack=141 Win=65024 Len=1448 TSval=2916040391 TSecr=3045560161 [TCP segment of a reassembled PDU]"
"54730","36.311276818","192.168.1.55","192.168.1.2","TCP","1514","8004  >  36640 [ACK] Seq=59558 Ack=141 Win=65024 Len=1448 TSval=2916040391 TSecr=3045560161 [TCP segment of a reassembled PDU]"
"54731","36.311278410","192.168.1.55","192.168.1.2","TCP","1514","8004  >  36640 [PSH, ACK] Seq=61006 Ack=141 Win=65024 Len=1448 TSval=2916040391 TSecr=3045560161 [TCP segment of a reassembled PDU]"
"54732","36.311801985","192.168.1.2","192.168.1.55","TCP","66","36640  >  8004 [ACK] Seq=141 Ack=27702 Win=83968 Len=0 TSval=3045560166 TSecr=2916040383"
"54733","36.311858485","192.168.1.2","192.168.1.55","TCP","66","36640  >  8004 [ACK] Seq=141 Ack=42182 Win=69632 Len=0 TSval=3045560166 TSecr=2916040383"
"54734","36.311875578","192.168.1.55","192.168.1.2","TCP","1514","8004  >  36640 [ACK] Seq=62454 Ack=141 Win=65024 Len=1448 TSval=2916040392 TSecr=3045560166 [TCP segment of a reassembled PDU]"
"54735","36.311877634","192.168.1.55","192.168.1.2","TCP","1514","8004  >  36640 [ACK] Seq=63902 Ack=141 Win=65024 Len=1448 TSval=2916040392 TSecr=3045560166 [TCP segment of a reassembled PDU]"
"54736","36.311878948","192.168.1.55","192.168.1.2","TCP","1514","8004  >  36640 [ACK] Seq=65350 Ack=141 Win=65024 Len=1448 TSval=2916040392 TSecr=3045560166 [TCP segment of a reassembled PDU]"
"54737","36.311880189","192.168.1.55","192.168.1.2","TCP","1514","8004  >  36640 [ACK] Seq=66798 Ack=141 Win=65024 Len=1448 TSval=2916040392 TSecr=3045560166 [TCP segment of a reassembled PDU]"
"54738","36.311881467","192.168.1.55","192.168.1.2","TCP","1514","8004  >  36640 [ACK] Seq=68246 Ack=141 Win=65024 Len=1448 TSval=2916040392 TSecr=3045560166 [TCP segment of a reassembled PDU]"
"54739","36.311882671","192.168.1.55","192.168.1.2","TCP","1514","8004  >  36640 [ACK] Seq=69694 Ack=141 Win=65024 Len=1448 TSval=2916040392 TSecr=3045560166 [TCP segment of a reassembled PDU]"
"54740","36.311883967","192.168.1.55","192.168.1.2","TCP","1514","8004  >  36640 [ACK] Seq=71142 Ack=141 Win=65024 Len=1448 TSval=2916040392 TSecr=3045560166 [TCP segment of a reassembled PDU]"
"54741","36.311885263","192.168.1.55","192.168.1.2","TCP","1514","8004  >  36640 [ACK] Seq=72590 Ack=141 Win=65024 Len=1448 TSval=2916040392 TSecr=3045560166 [TCP segment of a reassembled PDU]"
"54742","36.311886541","192.168.1.55","192.168.1.2","TCP","1514","8004  >  36640 [ACK] Seq=74038 Ack=141 Win=65024 Len=1448 TSval=2916040392 TSecr=3045560166 [TCP segment of a reassembled PDU]"
"54743","36.311887856","192.168.1.55","192.168.1.2","TCP","1514","8004  >  36640 [PSH, ACK] Seq=75486 Ack=141 Win=65024 Len=1448 TSval=2916040392 TSecr=3045560166 [TCP segment of a reassembled PDU]"
"54744","36.311910911","192.168.1.55","192.168.1.2","TCP","1514","8004  >  36640 [ACK] Seq=76934 Ack=141 Win=65024 Len=1448 TSval=2916040392 TSecr=3045560166 [TCP segment of a reassembled PDU]"
"54745","36.311912504","192.168.1.55","192.168.1.2","TCP","1514","8004  >  36640 [ACK] Seq=78382 Ack=141 Win=65024 Len=1448 TSval=2916040392 TSecr=3045560166 [TCP segment of a reassembled PDU]"
"54746","36.311914078","192.168.1.55","192.168.1.2","TCP","1514","8004  >  36640 [ACK] Seq=79830 Ack=141 Win=65024 Len=1448 TSval=2916040392 TSecr=3045560166 [TCP segment of a reassembled PDU]"
"54747","36.311915300","192.168.1.55","192.168.1.2","TCP","1514","8004  >  36640 [ACK] Seq=81278 Ack=141 Win=65024 Len=1448 TSval=2916040392 TSecr=3045560166 [TCP segment of a reassembled PDU]"
"54748","36.311916615","192.168.1.55","192.168.1.2","TCP","1514","8004  >  36640 [ACK] Seq=82726 Ack=141 Win=65024 Len=1448 TSval=2916040392 TSecr=3045560166 [TCP segment of a reassembled PDU]"
"54749","36.311917837","192.168.1.55","192.168.1.2","TCP","1514","8004  >  36640 [ACK] Seq=84174 Ack=141 Win=65024 Len=1448 TSval=2916040392 TSecr=3045560166 [TCP segment of a reassembled PDU]"
"54750","36.311919134","192.168.1.55","192.168.1.2","TCP","1514","8004  >  36640 [ACK] Seq=85622 Ack=141 Win=65024 Len=1448 TSval=2916040392 TSecr=3045560166 [TCP segment of a reassembled PDU]"
"54751","36.311920430","192.168.1.55","192.168.1.2","TCP","1514","8004  >  36640 [ACK] Seq=87070 Ack=141 Win=65024 Len=1448 TSval=2916040392 TSecr=3045560166 [TCP segment of a reassembled PDU]"
"54752","36.311921856","192.168.1.55","192.168.1.2","TCP","1514","8004  >  36640 [ACK] Seq=88518 Ack=141 Win=65024 Len=1448 TSval=2916040392 TSecr=3045560166 [TCP segment of a reassembled PDU]"
"54753","36.311923152","192.168.1.55","192.168.1.2","TCP","1514","8004  >  36640 [ACK] Seq=89966 Ack=141 Win=65024 Len=1448 TSval=2916040392 TSecr=3045560166 [TCP segment of a reassembled PDU]"
"54754","36.311924522","192.168.1.55","192.168.1.2","TCP","1514","8004  >  36640 [ACK] Seq=91414 Ack=141 Win=65024 Len=1448 TSval=2916040392 TSecr=3045560166 [TCP segment of a reassembled PDU]"
"54755","36.311925782","192.168.1.55","192.168.1.2","TCP","1514","8004  >  36640 [ACK] Seq=92862 Ack=141 Win=65024 Len=1448 TSval=2916040392 TSecr=3045560166 [TCP segment of a reassembled PDU]"
"54756","36.311927152","192.168.1.55","192.168.1.2","TCP","1514","8004  >  36640 [ACK] Seq=94310 Ack=141 Win=65024 Len=1448 TSval=2916040392 TSecr=3045560166 [TCP segment of a reassembled PDU]"
"54757","36.311928374","192.168.1.55","192.168.1.2","TCP","1514","8004  >  36640 [ACK] Seq=95758 Ack=141 Win=65024 Len=1448 TSval=2916040392 TSecr=3045560166 [TCP segment of a reassembled PDU]"
"54758","36.311929985","192.168.1.55","192.168.1.2","TCP","1514","8004  >  36640 [ACK] Seq=97206 Ack=141 Win=65024 Len=1448 TSval=2916040392 TSecr=3045560166 [TCP segment of a reassembled PDU]"
"54759","36.311931263","192.168.1.55","192.168.1.2","TCP","1514","8004  >  36640 [PSH, ACK] Seq=98654 Ack=141 Win=65024 Len=1448 TSval=2916040392 TSecr=3045560166 [TCP segment of a reassembled PDU]"
"54760","36.311935171","192.168.1.2","192.168.1.55","TCP","66","36640  >  8004 [ACK] Seq=141 Ack=45078 Win=67584 Len=0 TSval=3045560166 TSecr=2916040385"
"54761","36.312918802","192.168.1.55","192.168.1.2","TCP","1514","8004  >  36640 [ACK] Seq=100102 Ack=141 Win=65024 Len=1448 TSval=2916040393 TSecr=3045560166 [TCP segment of a reassembled PDU]"
"54762","36.312923709","192.168.1.55","192.168.1.2","TCP","1514","8004  >  36640 [ACK] Seq=101550 Ack=141 Win=65024 Len=1448 TSval=2916040393 TSecr=3045560166 [TCP segment of a reassembled PDU]"
"54763","36.312925172","192.168.1.55","192.168.1.2","TCP","1514","8004  >  36640 [ACK] Seq=102998 Ack=141 Win=65024 Len=1448 TSval=2916040393 TSecr=3045560166 [TCP segment of a reassembled PDU]"
"54764","36.312926543","192.168.1.55","192.168.1.2","TCP","1514","8004  >  36640 [PSH, ACK] Seq=104446 Ack=141 Win=65024 Len=1448 TSval=2916040393 TSecr=3045560166 [TCP segment of a reassembled PDU]"
"54765","36.317480476","192.168.1.2","192.168.1.55","TCP","66","36640  >  8004 [ACK] Seq=141 Ack=62454 Win=70656 Len=0 TSval=3045560171 TSecr=2916040391"
"54766","36.317523531","192.168.1.55","192.168.1.2","TCP","1514","8004  >  36640 [ACK] Seq=105894 Ack=141 Win=65024 Len=1448 TSval=2916040398 TSecr=3045560171 [TCP segment of a reassembled PDU]"
"54767","36.317527291","192.168.1.55","192.168.1.2","TCP","1514","8004  >  36640 [ACK] Seq=107342 Ack=141 Win=65024 Len=1448 TSval=2916040398 TSecr=3045560171 [TCP segment of a reassembled PDU]"
"54768","36.317528735","192.168.1.55","192.168.1.2","TCP","1514","8004  >  36640 [ACK] Seq=108790 Ack=141 Win=65024 Len=1448 TSval=2916040398 TSecr=3045560171 [TCP segment of a reassembled PDU]"
"54769","36.317530217","192.168.1.55","192.168.1.2","TCP","1514","8004  >  36640 [ACK] Seq=110238 Ack=141 Win=65024 Len=1448 TSval=2916040398 TSecr=3045560171 [TCP segment of a reassembled PDU]"
"54770","36.317532328","192.168.1.55","192.168.1.2","TCP","1514","8004  >  36640 [ACK] Seq=111686 Ack=141 Win=65024 Len=1448 TSval=2916040398 TSecr=3045560171 [TCP segment of a reassembled PDU]"
"54771","36.317541513","192.168.1.55","192.168.1.2","TCP","1514","8004  >  36640 [ACK] Seq=113134 Ack=141 Win=65024 Len=1448 TSval=2916040398 TSecr=3045560171 [TCP segment of a reassembled PDU]"
"54772","36.317543143","192.168.1.55","192.168.1.2","TCP","1514","8004  >  36640 [ACK] Seq=114582 Ack=141 Win=65024 Len=1448 TSval=2916040398 TSecr=3045560171 [TCP segment of a reassembled PDU]"
"54773","36.317545865","192.168.1.55","192.168.1.2","TCP","1514","8004  >  36640 [ACK] Seq=116030 Ack=141 Win=65024 Len=1448 TSval=2916040398 TSecr=3045560171 [TCP segment of a reassembled PDU]"
"54774","36.317547828","192.168.1.55","192.168.1.2","TCP","1514","8004  >  36640 [PSH, ACK] Seq=117478 Ack=141 Win=65024 Len=1448 TSval=2916040398 TSecr=3045560171 [TCP segment of a reassembled PDU]"
"54775","36.318033736","192.168.1.2","192.168.1.55","TCP","66","36640  >  8004 [ACK] Seq=141 Ack=72590 Win=61440 Len=0 TSval=3045560171 TSecr=2916040392"
"54776","36.318060792","192.168.1.2","192.168.1.55","TCP","66","36640  >  8004 [ACK] Seq=141 Ack=75486 Win=59392 Len=0 TSval=3045560171 TSecr=2916040392"
"54777","36.318066866","192.168.1.2","192.168.1.55","TCP","66","36640  >  8004 [ACK] Seq=141 Ack=76934 Win=58368 Len=0 TSval=3045560172 TSecr=2916040392"
"54778","36.318071773","192.168.1.2","192.168.1.55","TCP","66","36640  >  8004 [ACK] Seq=141 Ack=101550 Win=34816 Len=0 TSval=3045560172 TSecr=2916040392"
"54779","36.318136199","192.168.1.2","192.168.1.55","TCP","66","36640  >  8004 [ACK] Seq=141 Ack=105894 Win=30720 Len=0 TSval=3045560172 TSecr=2916040393"
"54780","36.318140551","192.168.1.2","192.168.1.55","TCP","66","[TCP Window Update] 36640  >  8004 [ACK] Seq=141 Ack=105894 Win=84992 Len=0 TSval=3045560172 TSecr=2916040393"
"54781","36.318323496","192.168.1.55","192.168.1.2","TCP","1514","8004  >  36640 [ACK] Seq=118926 Ack=141 Win=65024 Len=1448 TSval=2916040398 TSecr=3045560172 [TCP segment of a reassembled PDU]"
"54782","36.318331199","192.168.1.55","192.168.1.2","TCP","1514","8004  >  36640 [ACK] Seq=120374 Ack=141 Win=65024 Len=1448 TSval=2916040398 TSecr=3045560172 [TCP segment of a reassembled PDU]"
"54783","36.318333125","192.168.1.55","192.168.1.2","TCP","1514","8004  >  36640 [ACK] Seq=121822 Ack=141 Win=65024 Len=1448 TSval=2916040398 TSecr=3045560172 [TCP segment of a reassembled PDU]"
"54784","36.318334607","192.168.1.55","192.168.1.2","TCP","1514","8004  >  36640 [ACK] Seq=123270 Ack=141 Win=65024 Len=1448 TSval=2916040398 TSecr=3045560172 [TCP segment of a reassembled PDU]"
"54785","36.318337070","192.168.1.55","192.168.1.2","TCP","1514","8004  >  36640 [ACK] Seq=124718 Ack=141 Win=65024 Len=1448 TSval=2916040398 TSecr=3045560172 [TCP segment of a reassembled PDU]"
"54786","36.318338644","192.168.1.55","192.168.1.2","TCP","1514","8004  >  36640 [ACK] Seq=126166 Ack=141 Win=65024 Len=1448 TSval=2916040398 TSecr=3045560172 [TCP segment of a reassembled PDU]"
"54787","36.318342218","192.168.1.55","192.168.1.2","TCP","1514","8004  >  36640 [ACK] Seq=127614 Ack=141 Win=65024 Len=1448 TSval=2916040398 TSecr=3045560172 [TCP segment of a reassembled PDU]"
"54788","36.318343681","192.168.1.55","192.168.1.2","TCP","1514","8004  >  36640 [ACK] Seq=129062 Ack=141 Win=65024 Len=1448 TSval=2916040398 TSecr=3045560172 [TCP segment of a reassembled PDU]"
"54789","36.318345218","192.168.1.55","192.168.1.2","TCP","1514","8004  >  36640 [ACK] Seq=130510 Ack=141 Win=65024 Len=1448 TSval=2916040398 TSecr=3045560172 [TCP segment of a reassembled PDU]"
"54790","36.318347292","192.168.1.55","192.168.1.2","TCP","1514","8004  >  36640 [ACK] Seq=131958 Ack=141 Win=65024 Len=1448 TSval=2916040398 TSecr=3045560172 [TCP segment of a reassembled PDU]"
"54791","36.318349348","192.168.1.55","192.168.1.2","TCP","1514","8004  >  36640 [ACK] Seq=133406 Ack=141 Win=65024 Len=1448 TSval=2916040398 TSecr=3045560172 [TCP segment of a reassembled PDU]"
"54792","36.318350885","192.168.1.55","192.168.1.2","TCP","1514","8004  >  36640 [ACK] Seq=134854 Ack=141 Win=65024 Len=1448 TSval=2916040398 TSecr=3045560172 [TCP segment of a reassembled PDU]"
"54793","36.318353551","192.168.1.55","192.168.1.2","TCP","130","8004  >  36640 [PSH, ACK] Seq=136302 Ack=141 Win=65024 Len=64 TSval=2916040398 TSecr=3045560172 [TCP segment of a reassembled PDU]"
"54794","36.318395051","192.168.1.55","192.168.1.2","TCP","1514","8004  >  36640 [ACK] Seq=136366 Ack=141 Win=65024 Len=1448 TSval=2916040399 TSecr=3045560172 [TCP segment of a reassembled PDU]"
"54795","36.318396959","192.168.1.55","192.168.1.2","TCP","1514","8004  >  36640 [ACK] Seq=137814 Ack=141 Win=65024 Len=1448 TSval=2916040399 TSecr=3045560172 [TCP segment of a reassembled PDU]"
"54796","36.318398644","192.168.1.55","192.168.1.2","TCP","1514","8004  >  36640 [ACK] Seq=139262 Ack=141 Win=65024 Len=1448 TSval=2916040399 TSecr=3045560172 [TCP segment of a reassembled PDU]"
"54797","36.318401200","192.168.1.55","192.168.1.2","TCP","1514","8004  >  36640 [ACK] Seq=140710 Ack=141 Win=65024 Len=1448 TSval=2916040399 TSecr=3045560172 [TCP segment of a reassembled PDU]"
"54798","36.318403014","192.168.1.55","192.168.1.2","TCP","1514","8004  >  36640 [ACK] Seq=142158 Ack=141 Win=65024 Len=1448 TSval=2916040399 TSecr=3045560172 [TCP segment of a reassembled PDU]"
"54799","36.318404866","192.168.1.55","192.168.1.2","TCP","1514","8004  >  36640 [ACK] Seq=143606 Ack=141 Win=65024 Len=1448 TSval=2916040399 TSecr=3045560172 [TCP segment of a reassembled PDU]"
"54800","36.318406385","192.168.1.55","192.168.1.2","TCP","1514","8004  >  36640 [ACK] Seq=145054 Ack=141 Win=65024 Len=1448 TSval=2916040399 TSecr=3045560172 [TCP segment of a reassembled PDU]"
"54801","36.318409274","192.168.1.55","192.168.1.2","TCP","1514","8004  >  36640 [ACK] Seq=146502 Ack=141 Win=65024 Len=1448 TSval=2916040399 TSecr=3045560172 [TCP segment of a reassembled PDU]"
"54802","36.318411237","192.168.1.55","192.168.1.2","TCP","1514","8004  >  36640 [ACK] Seq=147950 Ack=141 Win=65024 Len=1448 TSval=2916040399 TSecr=3045560172 [TCP segment of a reassembled PDU]"
"54803","36.318412607","192.168.1.55","192.168.1.2","TCP","1514","8004  >  36640 [ACK] Seq=149398 Ack=141 Win=65024 Len=1448 TSval=2916040399 TSecr=3045560172 [TCP segment of a reassembled PDU]"
"54804","36.318414088","192.168.1.55","192.168.1.2","TCP","1514","8004  >  36640 [ACK] Seq=150846 Ack=141 Win=65024 Len=1448 TSval=2916040399 TSecr=3045560172 [TCP segment of a reassembled PDU]"
"54805","36.318416737","192.168.1.55","192.168.1.2","TCP","1514","8004  >  36640 [ACK] Seq=152294 Ack=141 Win=65024 Len=1448 TSval=2916040399 TSecr=3045560172 [TCP segment of a reassembled PDU]"
"54806","36.318418681","192.168.1.55","192.168.1.2","TCP","1514","8004  >  36640 [ACK] Seq=153742 Ack=141 Win=65024 Len=1448 TSval=2916040399 TSecr=3045560172 [TCP segment of a reassembled PDU]"
"54807","36.318420255","192.168.1.55","192.168.1.2","TCP","1514","8004  >  36640 [ACK] Seq=155190 Ack=141 Win=65024 Len=1448 TSval=2916040399 TSecr=3045560172 [TCP segment of a reassembled PDU]"
"54808","36.318421551","192.168.1.55","192.168.1.2","TCP","1514","8004  >  36640 [ACK] Seq=156638 Ack=141 Win=65024 Len=1448 TSval=2916040399 TSecr=3045560172 [TCP segment of a reassembled PDU]"
"54809","36.318423126","192.168.1.55","192.168.1.2","TCP","1514","8004  >  36640 [PSH, ACK] Seq=158086 Ack=141 Win=65024 Len=1448 TSval=2916040399 TSecr=3045560172 [TCP segment of a reassembled PDU]"
"54810","36.318430663","192.168.1.55","192.168.1.2","TCP","1450","8004  >  36640 [ACK] Seq=159534 Ack=141 Win=65024 Len=1384 TSval=2916040399 TSecr=3045560172 [TCP segment of a reassembled PDU]"
"54811","36.318467922","192.168.1.55","192.168.1.2","TCP","1514","8004  >  36640 [ACK] Seq=160918 Ack=141 Win=65024 Len=1448 TSval=2916040399 TSecr=3045560172 [TCP segment of a reassembled PDU]"
"54812","36.318469996","192.168.1.55","192.168.1.2","TCP","1514","8004  >  36640 [ACK] Seq=162366 Ack=141 Win=65024 Len=1448 TSval=2916040399 TSecr=3045560172 [TCP segment of a reassembled PDU]"
"54813","36.318471274","192.168.1.55","192.168.1.2","TCP","1514","8004  >  36640 [ACK] Seq=163814 Ack=141 Win=65024 Len=1448 TSval=2916040399 TSecr=3045560172 [TCP segment of a reassembled PDU]"
"54814","36.318472496","192.168.1.55","192.168.1.2","TCP","1514","8004  >  36640 [ACK] Seq=165262 Ack=141 Win=65024 Len=1448 TSval=2916040399 TSecr=3045560172 [TCP segment of a reassembled PDU]"
"54815","36.318473996","192.168.1.55","192.168.1.2","TCP","1514","8004  >  36640 [ACK] Seq=166710 Ack=141 Win=65024 Len=1448 TSval=2916040399 TSecr=3045560172 [TCP segment of a reassembled PDU]"
"54816","36.318475977","192.168.1.55","192.168.1.2","TCP","1514","8004  >  36640 [ACK] Seq=168158 Ack=141 Win=65024 Len=1448 TSval=2916040399 TSecr=3045560172 [TCP segment of a reassembled PDU]"
"54817","36.318477996","192.168.1.55","192.168.1.2","TCP","1514","8004  >  36640 [ACK] Seq=169606 Ack=141 Win=65024 Len=1448 TSval=2916040399 TSecr=3045560172 [TCP segment of a reassembled PDU]"
"54818","36.318479607","192.168.1.55","192.168.1.2","TCP","1514","8004  >  36640 [ACK] Seq=171054 Ack=141 Win=65024 Len=1448 TSval=2916040399 TSecr=3045560172 [TCP segment of a reassembled PDU]"
"54819","36.318480829","192.168.1.55","192.168.1.2","TCP","1514","8004  >  36640 [ACK] Seq=172502 Ack=141 Win=65024 Len=1448 TSval=2916040399 TSecr=3045560172 [TCP segment of a reassembled PDU]"
"54820","36.318482181","192.168.1.55","192.168.1.2","TCP","1514","8004  >  36640 [ACK] Seq=173950 Ack=141 Win=65024 Len=1448 TSval=2916040399 TSecr=3045560172 [TCP segment of a reassembled PDU]"
"54821","36.318483644","192.168.1.55","192.168.1.2","TCP","1514","8004  >  36640 [ACK] Seq=175398 Ack=141 Win=65024 Len=1448 TSval=2916040399 TSecr=3045560172 [TCP segment of a reassembled PDU]"
"54822","36.318485681","192.168.1.55","192.168.1.2","TCP","1514","8004  >  36640 [ACK] Seq=176846 Ack=141 Win=65024 Len=1448 TSval=2916040399 TSecr=3045560172 [TCP segment of a reassembled PDU]"
"54823","36.318488200","192.168.1.55","192.168.1.2","TCP","1514","8004  >  36640 [ACK] Seq=178294 Ack=141 Win=65024 Len=1448 TSval=2916040399 TSecr=3045560172 [TCP segment of a reassembled PDU]"
"54824","36.318490403","192.168.1.55","192.168.1.2","TCP","1514","8004  >  36640 [ACK] Seq=179742 Ack=141 Win=65024 Len=1448 TSval=2916040399 TSecr=3045560172 [TCP segment of a reassembled PDU]"
"54825","36.318491811","192.168.1.55","192.168.1.2","TCP","1514","8004  >  36640 [ACK] Seq=181190 Ack=141 Win=65024 Len=1448 TSval=2916040399 TSecr=3045560172 [TCP segment of a reassembled PDU]"
"54826","36.318493107","192.168.1.55","192.168.1.2","TCP","1514","8004  >  36640 [ACK] Seq=182638 Ack=141 Win=65024 Len=1448 TSval=2916040399 TSecr=3045560172 [TCP segment of a reassembled PDU]"
"54827","36.318494718","192.168.1.55","192.168.1.2","TCP","1514","8004  >  36640 [ACK] Seq=184086 Ack=141 Win=65024 Len=1448 TSval=2916040399 TSecr=3045560172 [TCP segment of a reassembled PDU]"
"54828","36.318496385","192.168.1.55","192.168.1.2","TCP","1514","8004  >  36640 [ACK] Seq=185534 Ack=141 Win=65024 Len=1448 TSval=2916040399 TSecr=3045560172 [TCP segment of a reassembled PDU]"
"54829","36.318497866","192.168.1.55","192.168.1.2","TCP","1514","8004  >  36640 [ACK] Seq=186982 Ack=141 Win=65024 Len=1448 TSval=2916040399 TSecr=3045560172 [TCP segment of a reassembled PDU]"
"54830","36.318500181","192.168.1.55","192.168.1.2","TCP","1514","8004  >  36640 [PSH, ACK] Seq=188430 Ack=141 Win=65024 Len=1448 TSval=2916040399 TSecr=3045560172 [TCP segment of a reassembled PDU]"
"54831","36.323105133","192.168.1.2","192.168.1.55","TCP","66","36640  >  8004 [ACK] Seq=141 Ack=118926 Win=73728 Len=0 TSval=3045560175 TSecr=2916040398"
"54832","36.323133041","192.168.1.55","192.168.1.2","TCP","1514","8004  >  36640 [ACK] Seq=189878 Ack=141 Win=65024 Len=1448 TSval=2916040403 TSecr=3045560175 [TCP segment of a reassembled PDU]"
"54833","36.324776543","192.168.1.2","192.168.1.55","TCP","66","36640  >  8004 [ACK] Seq=141 Ack=136366 Win=84992 Len=0 TSval=3045560179 TSecr=2916040398"
"54834","36.324797247","192.168.1.55","192.168.1.2","TCP","1514","8004  >  36640 [ACK] Seq=191326 Ack=141 Win=65024 Len=1448 TSval=2916040405 TSecr=3045560179 [TCP segment of a reassembled PDU]"
"54835","36.324799784","192.168.1.55","192.168.1.2","TCP","1514","8004  >  36640 [ACK] Seq=192774 Ack=141 Win=65024 Len=1448 TSval=2916040405 TSecr=3045560179 [TCP segment of a reassembled PDU]"
"54836","36.324801210","192.168.1.55","192.168.1.2","TCP","1514","8004  >  36640 [ACK] Seq=194222 Ack=141 Win=65024 Len=1448 TSval=2916040405 TSecr=3045560179 [TCP segment of a reassembled PDU]"
"54837","36.324802525","192.168.1.55","192.168.1.2","TCP","1514","8004  >  36640 [ACK] Seq=195670 Ack=141 Win=65024 Len=1448 TSval=2916040405 TSecr=3045560179 [TCP segment of a reassembled PDU]"
"54838","36.324803747","192.168.1.55","192.168.1.2","TCP","1514","8004  >  36640 [ACK] Seq=197118 Ack=141 Win=65024 Len=1448 TSval=2916040405 TSecr=3045560179 [TCP segment of a reassembled PDU]"
"54839","36.324804969","192.168.1.55","192.168.1.2","TCP","1514","8004  >  36640 [ACK] Seq=198566 Ack=141 Win=65024 Len=1448 TSval=2916040405 TSecr=3045560179 [TCP segment of a reassembled PDU]"
"54840","36.324806358","192.168.1.55","192.168.1.2","TCP","1514","8004  >  36640 [ACK] Seq=200014 Ack=141 Win=65024 Len=1448 TSval=2916040405 TSecr=3045560179 [TCP segment of a reassembled PDU]"
"54841","36.324807599","192.168.1.55","192.168.1.2","TCP","1514","8004  >  36640 [PSH, ACK] Seq=201462 Ack=141 Win=65024 Len=1448 TSval=2916040405 TSecr=3045560179 [TCP segment of a reassembled PDU]"
"54842","36.325216914","192.168.1.2","192.168.1.55","TCP","66","36640  >  8004 [ACK] Seq=141 Ack=159534 Win=86016 Len=0 TSval=3045560179 TSecr=2916040399"
"54843","36.325251192","192.168.1.55","192.168.1.2","TCP","1514","8004  >  36640 [ACK] Seq=202910 Ack=141 Win=65024 Len=1448 TSval=2916040405 TSecr=3045560179 [TCP segment of a reassembled PDU]"
"54844","36.325253285","192.168.1.55","192.168.1.2","TCP","1514","8004  >  36640 [ACK] Seq=204358 Ack=141 Win=65024 Len=1448 TSval=2916040405 TSecr=3045560179 [TCP segment of a reassembled PDU]"
"54845","36.325255044","192.168.1.55","192.168.1.2","TCP","1514","8004  >  36640 [ACK] Seq=205806 Ack=141 Win=65024 Len=1448 TSval=2916040405 TSecr=3045560179 [TCP segment of a reassembled PDU]"
"54846","36.325256433","192.168.1.55","192.168.1.2","TCP","1514","8004  >  36640 [ACK] Seq=207254 Ack=141 Win=65024 Len=1448 TSval=2916040405 TSecr=3045560179 [TCP segment of a reassembled PDU]"
"54847","36.325257877","192.168.1.55","192.168.1.2","TCP","1514","8004  >  36640 [ACK] Seq=208702 Ack=141 Win=65024 Len=1448 TSval=2916040405 TSecr=3045560179 [TCP segment of a reassembled PDU]"
"54848","36.325259285","192.168.1.55","192.168.1.2","TCP","1514","8004  >  36640 [ACK] Seq=210150 Ack=141 Win=65024 Len=1448 TSval=2916040405 TSecr=3045560179 [TCP segment of a reassembled PDU]"
"54849","36.325260581","192.168.1.55","192.168.1.2","TCP","1514","8004  >  36640 [ACK] Seq=211598 Ack=141 Win=65024 Len=1448 TSval=2916040405 TSecr=3045560179 [TCP segment of a reassembled PDU]"
"54850","36.325262118","192.168.1.55","192.168.1.2","TCP","1514","8004  >  36640 [ACK] Seq=213046 Ack=141 Win=65024 Len=1448 TSval=2916040405 TSecr=3045560179 [TCP segment of a reassembled PDU]"
"54851","36.325263525","192.168.1.55","192.168.1.2","TCP","1514","8004  >  36640 [ACK] Seq=214494 Ack=141 Win=65024 Len=1448 TSval=2916040405 TSecr=3045560179 [TCP segment of a reassembled PDU]"
"54852","36.325265025","192.168.1.55","192.168.1.2","TCP","1514","8004  >  36640 [ACK] Seq=215942 Ack=141 Win=65024 Len=1448 TSval=2916040405 TSecr=3045560179 [TCP segment of a reassembled PDU]"
"54853","36.325266377","192.168.1.55","192.168.1.2","TCP","1514","8004  >  36640 [ACK] Seq=217390 Ack=141 Win=65024 Len=1448 TSval=2916040405 TSecr=3045560179 [TCP segment of a reassembled PDU]"
"54854","36.325267748","192.168.1.55","192.168.1.2","TCP","1514","8004  >  36640 [ACK] Seq=218838 Ack=141 Win=65024 Len=1448 TSval=2916040405 TSecr=3045560179 [TCP segment of a reassembled PDU]"
"54855","36.325269137","192.168.1.55","192.168.1.2","TCP","1514","8004  >  36640 [ACK] Seq=220286 Ack=141 Win=65024 Len=1448 TSval=2916040405 TSecr=3045560179 [TCP segment of a reassembled PDU]"
"54856","36.325270525","192.168.1.55","192.168.1.2","TCP","1514","8004  >  36640 [ACK] Seq=221734 Ack=141 Win=65024 Len=1448 TSval=2916040405 TSecr=3045560179 [TCP segment of a reassembled PDU]"
"54857","36.325271933","192.168.1.55","192.168.1.2","TCP","1514","8004  >  36640 [ACK] Seq=223182 Ack=141 Win=65024 Len=1448 TSval=2916040405 TSecr=3045560179 [TCP segment of a reassembled PDU]"
"54858","36.325273396","192.168.1.55","192.168.1.2","TCP","1514","8004  >  36640 [ACK] Seq=224630 Ack=141 Win=65024 Len=1448 TSval=2916040405 TSecr=3045560179 [TCP segment of a reassembled PDU]"
"54859","36.325274748","192.168.1.55","192.168.1.2","TCP","1514","8004  >  36640 [ACK] Seq=226078 Ack=141 Win=65024 Len=1448 TSval=2916040405 TSecr=3045560179 [TCP segment of a reassembled PDU]"
"54860","36.325276062","192.168.1.55","192.168.1.2","TCP","1514","8004  >  36640 [ACK] Seq=227526 Ack=141 Win=65024 Len=1448 TSval=2916040405 TSecr=3045560179 [TCP segment of a reassembled PDU]"
"54861","36.325277562","192.168.1.55","192.168.1.2","TCP","1514","8004  >  36640 [ACK] Seq=228974 Ack=141 Win=65024 Len=1448 TSval=2916040405 TSecr=3045560179 [TCP segment of a reassembled PDU]"
"54862","36.325279025","192.168.1.55","192.168.1.2","TCP","1514","8004  >  36640 [ACK] Seq=230422 Ack=141 Win=65024 Len=1448 TSval=2916040405 TSecr=3045560179 [TCP segment of a reassembled PDU]"
"54863","36.325280359","192.168.1.55","192.168.1.2","TCP","1514","8004  >  36640 [ACK] Seq=231870 Ack=141 Win=65024 Len=1448 TSval=2916040405 TSecr=3045560179 [TCP segment of a reassembled PDU]"
"54864","36.325281822","192.168.1.55","192.168.1.2","TCP","1514","8004  >  36640 [ACK] Seq=233318 Ack=141 Win=65024 Len=1448 TSval=2916040405 TSecr=3045560179 [TCP segment of a reassembled PDU]"
"54865","36.325283192","192.168.1.55","192.168.1.2","TCP","1514","8004  >  36640 [ACK] Seq=234766 Ack=141 Win=65024 Len=1448 TSval=2916040405 TSecr=3045560179 [TCP segment of a reassembled PDU]"
"54866","36.325284803","192.168.1.55","192.168.1.2","TCP","1514","8004  >  36640 [ACK] Seq=236214 Ack=141 Win=65024 Len=1448 TSval=2916040405 TSecr=3045560179 [TCP segment of a reassembled PDU]"
"54867","36.325286100","192.168.1.55","192.168.1.2","TCP","1514","8004  >  36640 [ACK] Seq=237662 Ack=141 Win=65024 Len=1448 TSval=2916040405 TSecr=3045560179 [TCP segment of a reassembled PDU]"
"54868","36.325287433","192.168.1.55","192.168.1.2","TCP","1514","8004  >  36640 [ACK] Seq=239110 Ack=141 Win=65024 Len=1448 TSval=2916040405 TSecr=3045560179 [TCP segment of a reassembled PDU]"
"54869","36.325288859","192.168.1.55","192.168.1.2","TCP","1514","8004  >  36640 [ACK] Seq=240558 Ack=141 Win=65024 Len=1448 TSval=2916040405 TSecr=3045560179 [TCP segment of a reassembled PDU]"
"54870","36.325290118","192.168.1.55","192.168.1.2","TCP","1514","8004  >  36640 [ACK] Seq=242006 Ack=141 Win=65024 Len=1448 TSval=2916040405 TSecr=3045560179 [TCP segment of a reassembled PDU]"
"54871","36.325295970","192.168.1.55","192.168.1.2","TCP","1514","8004  >  36640 [PSH, ACK] Seq=243454 Ack=141 Win=65024 Len=1448 TSval=2916040405 TSecr=3045560179 [TCP segment of a reassembled PDU]"
"54872","36.325301914","192.168.1.2","192.168.1.55","TCP","66","36640  >  8004 [ACK] Seq=141 Ack=160918 Win=89088 Len=0 TSval=3045560179 TSecr=2916040399"
"54873","36.325308970","192.168.1.2","192.168.1.55","TCP","66","36640  >  8004 [ACK] Seq=141 Ack=189878 Win=97280 Len=0 TSval=3045560179 TSecr=2916040399"
"54874","36.325348081","192.168.1.55","192.168.1.2","TCP","1514","8004  >  36640 [ACK] Seq=244902 Ack=141 Win=65024 Len=1448 TSval=2916040406 TSecr=3045560179 [TCP segment of a reassembled PDU]"
"54875","36.325350137","192.168.1.55","192.168.1.2","TCP","1514","8004  >  36640 [ACK] Seq=246350 Ack=141 Win=65024 Len=1448 TSval=2916040406 TSecr=3045560179 [TCP segment of a reassembled PDU]"
"54876","36.325351526","192.168.1.55","192.168.1.2","TCP","1514","8004  >  36640 [ACK] Seq=247798 Ack=141 Win=65024 Len=1448 TSval=2916040406 TSecr=3045560179 [TCP segment of a reassembled PDU]"
"54877","36.325352822","192.168.1.55","192.168.1.2","TCP","1514","8004  >  36640 [ACK] Seq=249246 Ack=141 Win=65024 Len=1448 TSval=2916040406 TSecr=3045560179 [TCP segment of a reassembled PDU]"
"54878","36.325354229","192.168.1.55","192.168.1.2","TCP","1514","8004  >  36640 [ACK] Seq=250694 Ack=141 Win=65024 Len=1448 TSval=2916040406 TSecr=3045560179 [TCP segment of a reassembled PDU]"
"54879","36.325355544","192.168.1.55","192.168.1.2","TCP","1514","8004  >  36640 [ACK] Seq=252142 Ack=141 Win=65024 Len=1448 TSval=2916040406 TSecr=3045560179 [TCP segment of a reassembled PDU]"
"54880","36.325357266","192.168.1.55","192.168.1.2","TCP","1514","8004  >  36640 [ACK] Seq=253590 Ack=141 Win=65024 Len=1448 TSval=2916040406 TSecr=3045560179 [TCP segment of a reassembled PDU]"
"54881","36.325358711","192.168.1.55","192.168.1.2","TCP","1514","8004  >  36640 [ACK] Seq=255038 Ack=141 Win=65024 Len=1448 TSval=2916040406 TSecr=3045560179 [TCP segment of a reassembled PDU]"
"54882","36.325360155","192.168.1.55","192.168.1.2","TCP","1514","8004  >  36640 [ACK] Seq=256486 Ack=141 Win=65024 Len=1448 TSval=2916040406 TSecr=3045560179 [TCP segment of a reassembled PDU]"
"54883","36.325361452","192.168.1.55","192.168.1.2","TCP","1514","8004  >  36640 [ACK] Seq=257934 Ack=141 Win=65024 Len=1448 TSval=2916040406 TSecr=3045560179 [TCP segment of a reassembled PDU]"
"54884","36.325362859","192.168.1.55","192.168.1.2","TCP","1514","8004  >  36640 [ACK] Seq=259382 Ack=141 Win=65024 Len=1448 TSval=2916040406 TSecr=3045560179 [TCP segment of a reassembled PDU]"
"54885","36.325364211","192.168.1.55","192.168.1.2","TCP","1514","8004  >  36640 [ACK] Seq=260830 Ack=141 Win=65024 Len=1448 TSval=2916040406 TSecr=3045560179 [TCP segment of a reassembled PDU]"
"54886","36.325365748","192.168.1.55","192.168.1.2","TCP","1514","8004  >  36640 [ACK] Seq=262278 Ack=141 Win=65024 Len=1448 TSval=2916040406 TSecr=3045560179 [TCP segment of a reassembled PDU]"
"54887","36.325367174","192.168.1.55","192.168.1.2","TCP","1514","8004  >  36640 [ACK] Seq=263726 Ack=141 Win=65024 Len=1448 TSval=2916040406 TSecr=3045560179 [TCP segment of a reassembled PDU]"
"54888","36.325368674","192.168.1.55","192.168.1.2","TCP","1514","8004  >  36640 [ACK] Seq=265174 Ack=141 Win=65024 Len=1448 TSval=2916040406 TSecr=3045560179 [TCP segment of a reassembled PDU]"
"54889","36.325370155","192.168.1.55","192.168.1.2","TCP","1514","8004  >  36640 [ACK] Seq=266622 Ack=141 Win=65024 Len=1448 TSval=2916040406 TSecr=3045560179 [TCP segment of a reassembled PDU]"
"54890","36.325371544","192.168.1.55","192.168.1.2","TCP","1514","8004  >  36640 [ACK] Seq=268070 Ack=141 Win=65024 Len=1448 TSval=2916040406 TSecr=3045560179 [TCP segment of a reassembled PDU]"
"54891","36.325373452","192.168.1.55","192.168.1.2","TCP","1514","8004  >  36640 [ACK] Seq=269518 Ack=141 Win=65024 Len=1448 TSval=2916040406 TSecr=3045560179 [TCP segment of a reassembled PDU]"
"54892","36.325374840","192.168.1.55","192.168.1.2","TCP","1514","8004  >  36640 [ACK] Seq=270966 Ack=141 Win=65024 Len=1448 TSval=2916040406 TSecr=3045560179 [TCP segment of a reassembled PDU]"
"54893","36.325376155","192.168.1.55","192.168.1.2","TCP","1514","8004  >  36640 [ACK] Seq=272414 Ack=141 Win=65024 Len=1448 TSval=2916040406 TSecr=3045560179 [TCP segment of a reassembled PDU]"
"54894","36.325377840","192.168.1.55","192.168.1.2","TCP","1514","8004  >  36640 [ACK] Seq=273862 Ack=141 Win=65024 Len=1448 TSval=2916040406 TSecr=3045560179 [TCP segment of a reassembled PDU]"
"54895","36.325379340","192.168.1.55","192.168.1.2","TCP","1514","8004  >  36640 [ACK] Seq=275310 Ack=141 Win=65024 Len=1448 TSval=2916040406 TSecr=3045560179 [TCP segment of a reassembled PDU]"
"54896","36.325380692","192.168.1.55","192.168.1.2","TCP","1514","8004  >  36640 [ACK] Seq=276758 Ack=141 Win=65024 Len=1448 TSval=2916040406 TSecr=3045560179 [TCP segment of a reassembled PDU]"
"54897","36.325382063","192.168.1.55","192.168.1.2","TCP","1514","8004  >  36640 [ACK] Seq=278206 Ack=141 Win=65024 Len=1448 TSval=2916040406 TSecr=3045560179 [TCP segment of a reassembled PDU]"
"54898","36.325383600","192.168.1.55","192.168.1.2","TCP","1514","8004  >  36640 [ACK] Seq=279654 Ack=141 Win=65024 Len=1448 TSval=2916040406 TSecr=3045560179 [TCP segment of a reassembled PDU]"
"54899","36.325385081","192.168.1.55","192.168.1.2","TCP","1514","8004  >  36640 [ACK] Seq=281102 Ack=141 Win=65024 Len=1448 TSval=2916040406 TSecr=3045560179 [TCP segment of a reassembled PDU]"
"54900","36.325386563","192.168.1.55","192.168.1.2","TCP","1514","8004  >  36640 [ACK] Seq=282550 Ack=141 Win=65024 Len=1448 TSval=2916040406 TSecr=3045560179 [TCP segment of a reassembled PDU]"
"54901","36.325388303","192.168.1.55","192.168.1.2","TCP","1514","8004  >  36640 [ACK] Seq=283998 Ack=141 Win=65024 Len=1448 TSval=2916040406 TSecr=3045560179 [TCP segment of a reassembled PDU]"
"54902","36.325389692","192.168.1.55","192.168.1.2","TCP","1514","8004  >  36640 [PSH, ACK] Seq=285446 Ack=141 Win=65024 Len=1448 TSval=2916040406 TSecr=3045560179 [TCP segment of a reassembled PDU]"
"54903","36.330003681","192.168.1.2","192.168.1.55","TCP","66","36640  >  8004 [ACK] Seq=141 Ack=191326 Win=100352 Len=0 TSval=3045560180 TSecr=2916040403"
"54904","36.330016903","192.168.1.55","192.168.1.2","TCP","1514","8004  >  36640 [ACK] Seq=286894 Ack=141 Win=65024 Len=1448 TSval=2916040410 TSecr=3045560180 [TCP segment of a reassembled PDU]"
"54905","36.330019718","192.168.1.55","192.168.1.2","TCP","1514","8004  >  36640 [ACK] Seq=288342 Ack=141 Win=65024 Len=1448 TSval=2916040410 TSecr=3045560180 [TCP segment of a reassembled PDU]"
"54906","36.330020978","192.168.1.55","192.168.1.2","TCP","1514","8004  >  36640 [ACK] Seq=289790 Ack=141 Win=65024 Len=1448 TSval=2916040410 TSecr=3045560180 [TCP segment of a reassembled PDU]"
"54907","36.330022292","192.168.1.55","192.168.1.2","TCP","506","[TCP Window Full] 8004  >  36640 [PSH, ACK] Seq=291238 Ack=141 Win=65024 Len=440 TSval=2916040410 TSecr=3045560180 [TCP segment of a reassembled PDU]"
"54908","36.331341350","192.168.1.2","192.168.1.55","TCP","66","36640  >  8004 [ACK] Seq=141 Ack=202910 Win=111616 Len=0 TSval=3045560184 TSecr=2916040405"
"54909","36.331363702","192.168.1.55","192.168.1.2","TCP","1514","8004  >  36640 [ACK] Seq=291678 Ack=141 Win=65024 Len=1448 TSval=2916040412 TSecr=3045560184 [TCP segment of a reassembled PDU]"
"54910","36.331366146","192.168.1.55","192.168.1.2","TCP","1514","8004  >  36640 [ACK] Seq=293126 Ack=141 Win=65024 Len=1448 TSval=2916040412 TSecr=3045560184 [TCP segment of a reassembled PDU]"
"54911","36.331367480","192.168.1.55","192.168.1.2","TCP","1514","8004  >  36640 [ACK] Seq=294574 Ack=141 Win=65024 Len=1448 TSval=2916040412 TSecr=3045560184 [TCP segment of a reassembled PDU]"
"54912","36.331368924","192.168.1.55","192.168.1.2","TCP","1514","8004  >  36640 [ACK] Seq=296022 Ack=141 Win=65024 Len=1448 TSval=2916040412 TSecr=3045560184 [TCP segment of a reassembled PDU]"
"54913","36.331370257","192.168.1.55","192.168.1.2","TCP","1514","8004  >  36640 [ACK] Seq=297470 Ack=141 Win=65024 Len=1448 TSval=2916040412 TSecr=3045560184 [TCP segment of a reassembled PDU]"
"54914","36.331371850","192.168.1.55","192.168.1.2","TCP","1514","8004  >  36640 [ACK] Seq=298918 Ack=141 Win=65024 Len=1448 TSval=2916040412 TSecr=3045560184 [TCP segment of a reassembled PDU]"
"54915","36.331373665","192.168.1.55","192.168.1.2","TCP","1514","8004  >  36640 [ACK] Seq=300366 Ack=141 Win=65024 Len=1448 TSval=2916040412 TSecr=3045560184 [TCP segment of a reassembled PDU]"
"54916","36.331374998","192.168.1.55","192.168.1.2","TCP","1514","8004  >  36640 [ACK] Seq=301814 Ack=141 Win=65024 Len=1448 TSval=2916040412 TSecr=3045560184 [TCP segment of a reassembled PDU]"
"54917","36.331376480","192.168.1.55","192.168.1.2","TCP","1514","8004  >  36640 [ACK] Seq=303262 Ack=141 Win=65024 Len=1448 TSval=2916040412 TSecr=3045560184 [TCP segment of a reassembled PDU]"
"54918","36.331377757","192.168.1.55","192.168.1.2","TCP","1514","8004  >  36640 [ACK] Seq=304710 Ack=141 Win=65024 Len=1448 TSval=2916040412 TSecr=3045560184 [TCP segment of a reassembled PDU]"
"54919","36.331379461","192.168.1.55","192.168.1.2","TCP","1514","8004  >  36640 [ACK] Seq=306158 Ack=141 Win=65024 Len=1448 TSval=2916040412 TSecr=3045560184 [TCP segment of a reassembled PDU]"
"54920","36.331380795","192.168.1.55","192.168.1.2","TCP","1514","8004  >  36640 [ACK] Seq=307606 Ack=141 Win=65024 Len=1448 TSval=2916040412 TSecr=3045560184 [TCP segment of a reassembled PDU]"
"54921","36.331382165","192.168.1.55","192.168.1.2","TCP","1514","8004  >  36640 [ACK] Seq=309054 Ack=141 Win=65024 Len=1448 TSval=2916040412 TSecr=3045560184 [TCP segment of a reassembled PDU]"
"54922","36.331383572","192.168.1.55","192.168.1.2","TCP","1514","8004  >  36640 [ACK] Seq=310502 Ack=141 Win=65024 Len=1448 TSval=2916040412 TSecr=3045560184 [TCP segment of a reassembled PDU]"
"54923","36.331384887","192.168.1.55","192.168.1.2","TCP","1514","8004  >  36640 [PSH, ACK] Seq=311950 Ack=141 Win=65024 Len=1448 TSval=2916040412 TSecr=3045560184 [TCP segment of a reassembled PDU]"
"54924","36.331414517","192.168.1.2","192.168.1.55","TCP","66","36640  >  8004 [ACK] Seq=141 Ack=240558 Win=103424 Len=0 TSval=3045560184 TSecr=2916040405"
"54925","36.331432369","192.168.1.55","192.168.1.2","TCP","1514","8004  >  36640 [ACK] Seq=313398 Ack=141 Win=65024 Len=1448 TSval=2916040412 TSecr=3045560184 [TCP segment of a reassembled PDU]"
"54926","36.331434202","192.168.1.55","192.168.1.2","TCP","1514","8004  >  36640 [ACK] Seq=314846 Ack=141 Win=65024 Len=1448 TSval=2916040412 TSecr=3045560184 [TCP segment of a reassembled PDU]"
"54927","36.331435554","192.168.1.55","192.168.1.2","TCP","1514","8004  >  36640 [ACK] Seq=316294 Ack=141 Win=65024 Len=1448 TSval=2916040412 TSecr=3045560184 [TCP segment of a reassembled PDU]"
"54928","36.331437017","192.168.1.55","192.168.1.2","TCP","1514","8004  >  36640 [ACK] Seq=317742 Ack=141 Win=65024 Len=1448 TSval=2916040412 TSecr=3045560184 [TCP segment of a reassembled PDU]"
"54929","36.331438332","192.168.1.55","192.168.1.2","TCP","1514","8004  >  36640 [ACK] Seq=319190 Ack=141 Win=65024 Len=1448 TSval=2916040412 TSecr=3045560184 [TCP segment of a reassembled PDU]"
"54930","36.331439646","192.168.1.55","192.168.1.2","TCP","1514","8004  >  36640 [ACK] Seq=320638 Ack=141 Win=65024 Len=1448 TSval=2916040412 TSecr=3045560184 [TCP segment of a reassembled PDU]"
"54931","36.331440943","192.168.1.55","192.168.1.2","TCP","1514","8004  >  36640 [ACK] Seq=322086 Ack=141 Win=65024 Len=1448 TSval=2916040412 TSecr=3045560184 [TCP segment of a reassembled PDU]"
"54932","36.331442221","192.168.1.55","192.168.1.2","TCP","1514","8004  >  36640 [ACK] Seq=323534 Ack=141 Win=65024 Len=1448 TSval=2916040412 TSecr=3045560184 [TCP segment of a reassembled PDU]"
"54933","36.331443665","192.168.1.55","192.168.1.2","TCP","1514","8004  >  36640 [ACK] Seq=324982 Ack=141 Win=65024 Len=1448 TSval=2916040412 TSecr=3045560184 [TCP segment of a reassembled PDU]"
"54934","36.331444961","192.168.1.55","192.168.1.2","TCP","1514","8004  >  36640 [PSH, ACK] Seq=326430 Ack=141 Win=65024 Len=1448 TSval=2916040412 TSecr=3045560184 [TCP segment of a reassembled PDU]"
"54935","36.331450091","192.168.1.55","192.168.1.2","TCP","1074","8004  >  36640 [ACK] Seq=327878 Ack=141 Win=65024 Len=1008 TSval=2916040412 TSecr=3045560184 [TCP segment of a reassembled PDU]"
"54936","36.334519429","192.168.1.2","192.168.1.55","TCP","66","36640  >  8004 [ACK] Seq=141 Ack=244902 Win=120832 Len=0 TSval=3045560187 TSecr=2916040405"
"54937","36.334551244","192.168.1.55","192.168.1.2","TCP","1514","8004  >  36640 [ACK] Seq=328886 Ack=141 Win=65024 Len=1448 TSval=2916040415 TSecr=3045560187 [TCP segment of a reassembled PDU]"
"54938","36.334553596","192.168.1.55","192.168.1.2","TCP","1514","8004  >  36640 [ACK] Seq=330334 Ack=141 Win=65024 Len=1448 TSval=2916040415 TSecr=3045560187 [TCP segment of a reassembled PDU]"
"54939","36.334555040","192.168.1.55","192.168.1.2","TCP","1514","8004  >  36640 [ACK] Seq=331782 Ack=141 Win=65024 Len=1448 TSval=2916040415 TSecr=3045560187 [TCP segment of a reassembled PDU]"
"54940","36.334556300","192.168.1.55","192.168.1.2","TCP","1514","8004  >  36640 [ACK] Seq=333230 Ack=141 Win=65024 Len=1448 TSval=2916040415 TSecr=3045560187 [TCP segment of a reassembled PDU]"
"54941","36.334557800","192.168.1.55","192.168.1.2","TCP","1514","8004  >  36640 [ACK] Seq=334678 Ack=141 Win=65024 Len=1448 TSval=2916040415 TSecr=3045560187 [TCP segment of a reassembled PDU]"
"54942","36.334559503","192.168.1.55","192.168.1.2","TCP","1514","8004  >  36640 [ACK] Seq=336126 Ack=141 Win=65024 Len=1448 TSval=2916040415 TSecr=3045560187 [TCP segment of a reassembled PDU]"
"54943","36.334560985","192.168.1.55","192.168.1.2","TCP","1514","8004  >  36640 [ACK] Seq=337574 Ack=141 Win=65024 Len=1448 TSval=2916040415 TSecr=3045560187 [TCP segment of a reassembled PDU]"
"54944","36.334562318","192.168.1.55","192.168.1.2","TCP","1514","8004  >  36640 [ACK] Seq=339022 Ack=141 Win=65024 Len=1448 TSval=2916040415 TSecr=3045560187 [TCP segment of a reassembled PDU]"
"54945","36.334563633","192.168.1.55","192.168.1.2","TCP","1514","8004  >  36640 [ACK] Seq=340470 Ack=141 Win=65024 Len=1448 TSval=2916040415 TSecr=3045560187 [TCP segment of a reassembled PDU]"
"54946","36.334565040","192.168.1.55","192.168.1.2","TCP","1514","8004  >  36640 [ACK] Seq=341918 Ack=141 Win=65024 Len=1448 TSval=2916040415 TSecr=3045560187 [TCP segment of a reassembled PDU]"
"54947","36.334566614","192.168.1.55","192.168.1.2","TCP","1514","8004  >  36640 [ACK] Seq=343366 Ack=141 Win=65024 Len=1448 TSval=2916040415 TSecr=3045560187 [TCP segment of a reassembled PDU]"
"54948","36.334568263","192.168.1.55","192.168.1.2","TCP","1514","8004  >  36640 [ACK] Seq=344814 Ack=141 Win=65024 Len=1448 TSval=2916040415 TSecr=3045560187 [TCP segment of a reassembled PDU]"
"54949","36.334569911","192.168.1.55","192.168.1.2","TCP","1514","8004  >  36640 [ACK] Seq=346262 Ack=141 Win=65024 Len=1448 TSval=2916040415 TSecr=3045560187 [TCP segment of a reassembled PDU]"
"54950","36.334577911","192.168.1.55","192.168.1.2","TCP","1514","8004  >  36640 [ACK] Seq=347710 Ack=141 Win=65024 Len=1448 TSval=2916040415 TSecr=3045560187 [TCP segment of a reassembled PDU]"
"54951","36.334579577","192.168.1.55","192.168.1.2","TCP","1514","8004  >  36640 [ACK] Seq=349158 Ack=141 Win=65024 Len=1448 TSval=2916040415 TSecr=3045560187 [TCP segment of a reassembled PDU]"
"54952","36.334581114","192.168.1.55","192.168.1.2","TCP","1514","8004  >  36640 [ACK] Seq=350606 Ack=141 Win=65024 Len=1448 TSval=2916040415 TSecr=3045560187 [TCP segment of a reassembled PDU]"
"54953","36.334582818","192.168.1.55","192.168.1.2","TCP","1514","8004  >  36640 [ACK] Seq=352054 Ack=141 Win=65024 Len=1448 TSval=2916040415 TSecr=3045560187 [TCP segment of a reassembled PDU]"
"54954","36.334584207","192.168.1.55","192.168.1.2","TCP","1514","8004  >  36640 [ACK] Seq=353502 Ack=141 Win=65024 Len=1448 TSval=2916040415 TSecr=3045560187 [TCP segment of a reassembled PDU]"
"54955","36.334585503","192.168.1.55","192.168.1.2","TCP","1514","8004  >  36640 [ACK] Seq=354950 Ack=141 Win=65024 Len=1448 TSval=2916040415 TSecr=3045560187 [TCP segment of a reassembled PDU]"
"54956","36.334586948","192.168.1.55","192.168.1.2","TCP","1514","8004  >  36640 [ACK] Seq=356398 Ack=141 Win=65024 Len=1448 TSval=2916040415 TSecr=3045560187 [TCP segment of a reassembled PDU]"
"54957","36.334588503","192.168.1.55","192.168.1.2","TCP","1514","8004  >  36640 [ACK] Seq=357846 Ack=141 Win=65024 Len=1448 TSval=2916040415 TSecr=3045560187 [TCP segment of a reassembled PDU]"
"54958","36.334590170","192.168.1.55","192.168.1.2","TCP","1514","8004  >  36640 [ACK] Seq=359294 Ack=141 Win=65024 Len=1448 TSval=2916040415 TSecr=3045560187 [TCP segment of a reassembled PDU]"
"54959","36.334591707","192.168.1.55","192.168.1.2","TCP","1514","8004  >  36640 [ACK] Seq=360742 Ack=141 Win=65024 Len=1448 TSval=2916040415 TSecr=3045560187 [TCP segment of a reassembled PDU]"
"54960","36.334593114","192.168.1.55","192.168.1.2","TCP","1514","8004  >  36640 [ACK] Seq=362190 Ack=141 Win=65024 Len=1448 TSval=2916040415 TSecr=3045560187 [TCP segment of a reassembled PDU]"
"54961","36.334594540","192.168.1.55","192.168.1.2","TCP","1514","8004  >  36640 [PSH, ACK] Seq=363638 Ack=141 Win=65024 Len=1448 TSval=2916040415 TSecr=3045560187 [TCP segment of a reassembled PDU]"
"54962","36.334645689","192.168.1.2","192.168.1.55","TCP","66","36640  >  8004 [ACK] Seq=141 Ack=286894 Win=99328 Len=0 TSval=3045560187 TSecr=2916040406"
"54963","36.334660078","192.168.1.55","192.168.1.2","TCP","1514","8004  >  36640 [ACK] Seq=365086 Ack=141 Win=65024 Len=1448 TSval=2916040415 TSecr=3045560187 [TCP segment of a reassembled PDU]"
"54964","36.334661818","192.168.1.55","192.168.1.2","TCP","1514","8004  >  36640 [ACK] Seq=366534 Ack=141 Win=65024 Len=1448 TSval=2916040415 TSecr=3045560187 [TCP segment of a reassembled PDU]"
"54965","36.334663078","192.168.1.55","192.168.1.2","TCP","1514","8004  >  36640 [ACK] Seq=367982 Ack=141 Win=65024 Len=1448 TSval=2916040415 TSecr=3045560187 [TCP segment of a reassembled PDU]"
"54966","36.334664392","192.168.1.55","192.168.1.2","TCP","1514","8004  >  36640 [PSH, ACK] Seq=369430 Ack=141 Win=65024 Len=1448 TSval=2916040415 TSecr=3045560187 [TCP segment of a reassembled PDU]"
"54967","36.338155361","192.168.1.2","192.168.1.55","TCP","66","36640  >  8004 [ACK] Seq=141 Ack=291678 Win=130048 Len=0 TSval=3045560190 TSecr=2916040410"
"54968","36.338191731","192.168.1.55","192.168.1.2","TCP","1514","8004  >  36640 [ACK] Seq=370878 Ack=141 Win=65024 Len=1448 TSval=2916040418 TSecr=3045560190 [TCP segment of a reassembled PDU]"
"54969","36.338194768","192.168.1.55","192.168.1.2","TCP","1514","8004  >  36640 [ACK] Seq=372326 Ack=141 Win=65024 Len=1448 TSval=2916040418 TSecr=3045560190 [TCP segment of a reassembled PDU]"
"54970","36.338196065","192.168.1.55","192.168.1.2","TCP","1514","8004  >  36640 [ACK] Seq=373774 Ack=141 Win=65024 Len=1448 TSval=2916040418 TSecr=3045560190 [TCP segment of a reassembled PDU]"
"54971","36.338197398","192.168.1.55","192.168.1.2","TCP","1514","8004  >  36640 [ACK] Seq=375222 Ack=141 Win=65024 Len=1448 TSval=2916040418 TSecr=3045560190 [TCP segment of a reassembled PDU]"
"54972","36.338198898","192.168.1.55","192.168.1.2","TCP","1514","8004  >  36640 [ACK] Seq=376670 Ack=141 Win=65024 Len=1448 TSval=2916040418 TSecr=3045560190 [TCP segment of a reassembled PDU]"
"54973","36.338200176","192.168.1.55","192.168.1.2","TCP","1514","8004  >  36640 [ACK] Seq=378118 Ack=141 Win=65024 Len=1448 TSval=2916040418 TSecr=3045560190 [TCP segment of a reassembled PDU]"
"54974","36.338201565","192.168.1.55","192.168.1.2","TCP","1514","8004  >  36640 [ACK] Seq=379566 Ack=141 Win=65024 Len=1448 TSval=2916040418 TSecr=3045560190 [TCP segment of a reassembled PDU]"
"54975","36.338203231","192.168.1.55","192.168.1.2","TCP","1514","8004  >  36640 [ACK] Seq=381014 Ack=141 Win=65024 Len=1448 TSval=2916040418 TSecr=3045560190 [TCP segment of a reassembled PDU]"
"54976","36.338204528","192.168.1.55","192.168.1.2","TCP","1514","8004  >  36640 [ACK] Seq=382462 Ack=141 Win=65024 Len=1448 TSval=2916040418 TSecr=3045560190 [TCP segment of a reassembled PDU]"
"54977","36.338205935","192.168.1.55","192.168.1.2","TCP","1514","8004  >  36640 [ACK] Seq=383910 Ack=141 Win=65024 Len=1448 TSval=2916040418 TSecr=3045560190 [TCP segment of a reassembled PDU]"
"54978","36.338207213","192.168.1.55","192.168.1.2","TCP","1514","8004  >  36640 [ACK] Seq=385358 Ack=141 Win=65024 Len=1448 TSval=2916040418 TSecr=3045560190 [TCP segment of a reassembled PDU]"
"54979","36.338208602","192.168.1.55","192.168.1.2","TCP","1514","8004  >  36640 [ACK] Seq=386806 Ack=141 Win=65024 Len=1448 TSval=2916040418 TSecr=3045560190 [TCP segment of a reassembled PDU]"
"54980","36.338209991","192.168.1.55","192.168.1.2","TCP","1514","8004  >  36640 [ACK] Seq=388254 Ack=141 Win=65024 Len=1448 TSval=2916040418 TSecr=3045560190 [TCP segment of a reassembled PDU]"
"54981","36.338211454","192.168.1.55","192.168.1.2","TCP","1514","8004  >  36640 [ACK] Seq=389702 Ack=141 Win=65024 Len=1448 TSval=2916040418 TSecr=3045560190 [TCP segment of a reassembled PDU]"
"54982","36.338212843","192.168.1.55","192.168.1.2","TCP","1514","8004  >  36640 [ACK] Seq=391150 Ack=141 Win=65024 Len=1448 TSval=2916040418 TSecr=3045560190 [TCP segment of a reassembled PDU]"
"54983","36.338214250","192.168.1.55","192.168.1.2","TCP","1514","8004  >  36640 [ACK] Seq=392598 Ack=141 Win=65024 Len=1448 TSval=2916040418 TSecr=3045560190 [TCP segment of a reassembled PDU]"
"54984","36.338215620","192.168.1.55","192.168.1.2","TCP","1514","8004  >  36640 [ACK] Seq=394046 Ack=141 Win=65024 Len=1448 TSval=2916040418 TSecr=3045560190 [TCP segment of a reassembled PDU]"
"54985","36.338217028","192.168.1.55","192.168.1.2","TCP","1514","8004  >  36640 [ACK] Seq=395494 Ack=141 Win=65024 Len=1448 TSval=2916040418 TSecr=3045560190 [TCP segment of a reassembled PDU]"
"54986","36.338218398","192.168.1.55","192.168.1.2","TCP","1514","8004  >  36640 [ACK] Seq=396942 Ack=141 Win=65024 Len=1448 TSval=2916040418 TSecr=3045560190 [TCP segment of a reassembled PDU]"
"54987","36.338219806","192.168.1.55","192.168.1.2","TCP","1514","8004  >  36640 [ACK] Seq=398390 Ack=141 Win=65024 Len=1448 TSval=2916040418 TSecr=3045560190 [TCP segment of a reassembled PDU]"
"54988","36.338221083","192.168.1.55","192.168.1.2","TCP","1514","8004  >  36640 [ACK] Seq=399838 Ack=141 Win=65024 Len=1448 TSval=2916040418 TSecr=3045560190 [TCP segment of a reassembled PDU]"
"54989","36.338222472","192.168.1.55","192.168.1.2","TCP","1514","8004  >  36640 [ACK] Seq=401286 Ack=141 Win=65024 Len=1448 TSval=2916040418 TSecr=3045560190 [TCP segment of a reassembled PDU]"
"54990","36.338223972","192.168.1.55","192.168.1.2","TCP","1514","8004  >  36640 [ACK] Seq=402734 Ack=141 Win=65024 Len=1448 TSval=2916040418 TSecr=3045560190 [TCP segment of a reassembled PDU]"
"54991","36.338225287","192.168.1.55","192.168.1.2","TCP","1514","8004  >  36640 [ACK] Seq=404182 Ack=141 Win=65024 Len=1448 TSval=2916040418 TSecr=3045560190 [TCP segment of a reassembled PDU]"
"54992","36.338226806","192.168.1.55","192.168.1.2","TCP","1514","8004  >  36640 [ACK] Seq=405630 Ack=141 Win=65024 Len=1448 TSval=2916040418 TSecr=3045560190 [TCP segment of a reassembled PDU]"
"54993","36.338228213","192.168.1.55","192.168.1.2","TCP","1514","8004  >  36640 [ACK] Seq=407078 Ack=141 Win=65024 Len=1448 TSval=2916040418 TSecr=3045560190 [TCP segment of a reassembled PDU]"
"54994","36.338229620","192.168.1.55","192.168.1.2","TCP","1514","8004  >  36640 [ACK] Seq=408526 Ack=141 Win=65024 Len=1448 TSval=2916040418 TSecr=3045560190 [TCP segment of a reassembled PDU]"
"54995","36.338231120","192.168.1.55","192.168.1.2","TCP","1514","8004  >  36640 [ACK] Seq=409974 Ack=141 Win=65024 Len=1448 TSval=2916040418 TSecr=3045560190 [TCP segment of a reassembled PDU]"
"54996","36.338232713","192.168.1.55","192.168.1.2","TCP","1514","8004  >  36640 [PSH, ACK] Seq=411422 Ack=141 Win=65024 Len=1448 TSval=2916040418 TSecr=3045560190 [TCP segment of a reassembled PDU]"
"54997","36.338314917","192.168.1.2","192.168.1.55","TCP","66","36640  >  8004 [ACK] Seq=141 Ack=323534 Win=139264 Len=0 TSval=3045560190 TSecr=2916040412"
"54998","36.338356213","192.168.1.55","192.168.1.2","TCP","1514","8004  >  36640 [ACK] Seq=412870 Ack=141 Win=65024 Len=1448 TSval=2916040419 TSecr=3045560190 [TCP segment of a reassembled PDU]"
"54999","36.338358380","192.168.1.55","192.168.1.2","TCP","1514","8004  >  36640 [ACK] Seq=414318 Ack=141 Win=65024 Len=1448 TSval=2916040419 TSecr=3045560190 [TCP segment of a reassembled PDU]"
"55000","36.338360028","192.168.1.55","192.168.1.2","TCP","1514","8004  >  36640 [ACK] Seq=415766 Ack=141 Win=65024 Len=1448 TSval=2916040419 TSecr=3045560190 [TCP segment of a reassembled PDU]"
"55001","36.338361454","192.168.1.55","192.168.1.2","TCP","1514","8004  >  36640 [ACK] Seq=417214 Ack=141 Win=65024 Len=1448 TSval=2916040419 TSecr=3045560190 [TCP segment of a reassembled PDU]"
"55002","36.338362769","192.168.1.55","192.168.1.2","TCP","1514","8004  >  36640 [ACK] Seq=418662 Ack=141 Win=65024 Len=1448 TSval=2916040419 TSecr=3045560190 [TCP segment of a reassembled PDU]"
"55003","36.338364176","192.168.1.55","192.168.1.2","TCP","1514","8004  >  36640 [ACK] Seq=420110 Ack=141 Win=65024 Len=1448 TSval=2916040419 TSecr=3045560190 [TCP segment of a reassembled PDU]"
"55004","36.338365917","192.168.1.55","192.168.1.2","TCP","1514","8004  >  36640 [ACK] Seq=421558 Ack=141 Win=65024 Len=1448 TSval=2916040419 TSecr=3045560190 [TCP segment of a reassembled PDU]"
"55005","36.338367380","192.168.1.55","192.168.1.2","TCP","1514","8004  >  36640 [ACK] Seq=423006 Ack=141 Win=65024 Len=1448 TSval=2916040419 TSecr=3045560190 [TCP segment of a reassembled PDU]"
"55006","36.338368861","192.168.1.55","192.168.1.2","TCP","1514","8004  >  36640 [ACK] Seq=424454 Ack=141 Win=65024 Len=1448 TSval=2916040419 TSecr=3045560190 [TCP segment of a reassembled PDU]"
"55007","36.338370232","192.168.1.55","192.168.1.2","TCP","1514","8004  >  36640 [ACK] Seq=425902 Ack=141 Win=65024 Len=1448 TSval=2916040419 TSecr=3045560190 [TCP segment of a reassembled PDU]"
"55008","36.338371602","192.168.1.55","192.168.1.2","TCP","1514","8004  >  36640 [ACK] Seq=427350 Ack=141 Win=65024 Len=1448 TSval=2916040419 TSecr=3045560190 [TCP segment of a reassembled PDU]"
"55009","36.338372917","192.168.1.55","192.168.1.2","TCP","1514","8004  >  36640 [ACK] Seq=428798 Ack=141 Win=65024 Len=1448 TSval=2916040419 TSecr=3045560190 [TCP segment of a reassembled PDU]"
"55010","36.338374398","192.168.1.55","192.168.1.2","TCP","1514","8004  >  36640 [ACK] Seq=430246 Ack=141 Win=65024 Len=1448 TSval=2916040419 TSecr=3045560190 [TCP segment of a reassembled PDU]"
"55011","36.338376009","192.168.1.55","192.168.1.2","TCP","1514","8004  >  36640 [ACK] Seq=431694 Ack=141 Win=65024 Len=1448 TSval=2916040419 TSecr=3045560190 [TCP segment of a reassembled PDU]"
"55012","36.338377398","192.168.1.55","192.168.1.2","TCP","1514","8004  >  36640 [ACK] Seq=433142 Ack=141 Win=65024 Len=1448 TSval=2916040419 TSecr=3045560190 [TCP segment of a reassembled PDU]"
"55013","36.338378713","192.168.1.55","192.168.1.2","TCP","1514","8004  >  36640 [ACK] Seq=434590 Ack=141 Win=65024 Len=1448 TSval=2916040419 TSecr=3045560190 [TCP segment of a reassembled PDU]"
"55014","36.338380176","192.168.1.55","192.168.1.2","TCP","1514","8004  >  36640 [ACK] Seq=436038 Ack=141 Win=65024 Len=1448 TSval=2916040419 TSecr=3045560190 [TCP segment of a reassembled PDU]"
"55015","36.338381454","192.168.1.55","192.168.1.2","TCP","1514","8004  >  36640 [ACK] Seq=437486 Ack=141 Win=65024 Len=1448 TSval=2916040419 TSecr=3045560190 [TCP segment of a reassembled PDU]"
"55016","36.338382843","192.168.1.55","192.168.1.2","TCP","1514","8004  >  36640 [ACK] Seq=438934 Ack=141 Win=65024 Len=1448 TSval=2916040419 TSecr=3045560190 [TCP segment of a reassembled PDU]"
"55017","36.338384139","192.168.1.55","192.168.1.2","TCP","1514","8004  >  36640 [ACK] Seq=440382 Ack=141 Win=65024 Len=1448 TSval=2916040419 TSecr=3045560190 [TCP segment of a reassembled PDU]"
"55018","36.338385528","192.168.1.55","192.168.1.2","TCP","1514","8004  >  36640 [ACK] Seq=441830 Ack=141 Win=65024 Len=1448 TSval=2916040419 TSecr=3045560190 [TCP segment of a reassembled PDU]"
"55019","36.338386806","192.168.1.55","192.168.1.2","TCP","1514","8004  >  36640 [ACK] Seq=443278 Ack=141 Win=65024 Len=1448 TSval=2916040419 TSecr=3045560190 [TCP segment of a reassembled PDU]"
"55020","36.338388102","192.168.1.55","192.168.1.2","TCP","1514","8004  >  36640 [ACK] Seq=444726 Ack=141 Win=65024 Len=1448 TSval=2916040419 TSecr=3045560190 [TCP segment of a reassembled PDU]"
"55021","36.338389491","192.168.1.55","192.168.1.2","TCP","1514","8004  >  36640 [ACK] Seq=446174 Ack=141 Win=65024 Len=1448 TSval=2916040419 TSecr=3045560190 [TCP segment of a reassembled PDU]"
"55022","36.338390843","192.168.1.55","192.168.1.2","TCP","1514","8004  >  36640 [ACK] Seq=447622 Ack=141 Win=65024 Len=1448 TSval=2916040419 TSecr=3045560190 [TCP segment of a reassembled PDU]"
"55023","36.338392232","192.168.1.55","192.168.1.2","TCP","1514","8004  >  36640 [ACK] Seq=449070 Ack=141 Win=65024 Len=1448 TSval=2916040419 TSecr=3045560190 [TCP segment of a reassembled PDU]"
"55024","36.338393713","192.168.1.55","192.168.1.2","TCP","1514","8004  >  36640 [ACK] Seq=450518 Ack=141 Win=65024 Len=1448 TSval=2916040419 TSecr=3045560190 [TCP segment of a reassembled PDU]"
"55025","36.338395565","192.168.1.55","192.168.1.2","TCP","1514","8004  >  36640 [ACK] Seq=451966 Ack=141 Win=65024 Len=1448 TSval=2916040419 TSecr=3045560190 [TCP segment of a reassembled PDU]"
"55026","36.338397084","192.168.1.55","192.168.1.2","TCP","1514","8004  >  36640 [PSH, ACK] Seq=453414 Ack=141 Win=65024 Len=1448 TSval=2916040419 TSecr=3045560190 [TCP segment of a reassembled PDU]"
"55027","36.338401806","192.168.1.2","192.168.1.55","TCP","66","36640  >  8004 [ACK] Seq=141 Ack=327878 Win=147456 Len=0 TSval=3045560191 TSecr=2916040412"
"55028","36.338421472","192.168.1.2","192.168.1.55","TCP","66","36640  >  8004 [ACK] Seq=141 Ack=328886 Win=150528 Len=0 TSval=3045560191 TSecr=2916040412"
"55029","36.342286775","192.168.1.2","192.168.1.55","TCP","66","36640  >  8004 [ACK] Seq=141 Ack=366534 Win=136192 Len=0 TSval=3045560194 TSecr=2916040415"
"55030","36.342328479","192.168.1.55","192.168.1.2","TCP","1514","8004  >  36640 [ACK] Seq=454862 Ack=141 Win=65024 Len=1448 TSval=2916040423 TSecr=3045560194 [TCP segment of a reassembled PDU]"
"55031","36.342331516","192.168.1.55","192.168.1.2","TCP","1514","8004  >  36640 [ACK] Seq=456310 Ack=141 Win=65024 Len=1448 TSval=2916040423 TSecr=3045560194 [TCP segment of a reassembled PDU]"
"55032","36.342333034","192.168.1.55","192.168.1.2","TCP","1514","8004  >  36640 [ACK] Seq=457758 Ack=141 Win=65024 Len=1448 TSval=2916040423 TSecr=3045560194 [TCP segment of a reassembled PDU]"
"55033","36.342334460","192.168.1.55","192.168.1.2","TCP","1514","8004  >  36640 [ACK] Seq=459206 Ack=141 Win=65024 Len=1448 TSval=2916040423 TSecr=3045560194 [TCP segment of a reassembled PDU]"
"55034","36.342336349","192.168.1.55","192.168.1.2","TCP","1514","8004  >  36640 [ACK] Seq=460654 Ack=141 Win=65024 Len=1448 TSval=2916040423 TSecr=3045560194 [TCP segment of a reassembled PDU]"
"55035","36.342337682","192.168.1.55","192.168.1.2","TCP","1514","8004  >  36640 [ACK] Seq=462102 Ack=141 Win=65024 Len=1448 TSval=2916040423 TSecr=3045560194 [TCP segment of a reassembled PDU]"
"55036","36.342339071","192.168.1.55","192.168.1.2","TCP","1514","8004  >  36640 [ACK] Seq=463550 Ack=141 Win=65024 Len=1448 TSval=2916040423 TSecr=3045560194 [TCP segment of a reassembled PDU]"
"55037","36.342340775","192.168.1.55","192.168.1.2","TCP","1514","8004  >  36640 [ACK] Seq=464998 Ack=141 Win=65024 Len=1448 TSval=2916040423 TSecr=3045560194 [TCP segment of a reassembled PDU]"
"55038","36.342342090","192.168.1.55","192.168.1.2","TCP","1514","8004  >  36640 [ACK] Seq=466446 Ack=141 Win=65024 Len=1448 TSval=2916040423 TSecr=3045560194 [TCP segment of a reassembled PDU]"
"55039","36.342343516","192.168.1.55","192.168.1.2","TCP","1514","8004  >  36640 [ACK] Seq=467894 Ack=141 Win=65024 Len=1448 TSval=2916040423 TSecr=3045560194 [TCP segment of a reassembled PDU]"
"55040","36.342344812","192.168.1.55","192.168.1.2","TCP","1514","8004  >  36640 [ACK] Seq=469342 Ack=141 Win=65024 Len=1448 TSval=2916040423 TSecr=3045560194 [TCP segment of a reassembled PDU]"
"55041","36.342346183","192.168.1.55","192.168.1.2","TCP","1514","8004  >  36640 [ACK] Seq=470790 Ack=141 Win=65024 Len=1448 TSval=2916040423 TSecr=3045560194 [TCP segment of a reassembled PDU]"
"55042","36.342347645","192.168.1.55","192.168.1.2","TCP","1514","8004  >  36640 [ACK] Seq=472238 Ack=141 Win=65024 Len=1448 TSval=2916040423 TSecr=3045560194 [TCP segment of a reassembled PDU]"
"55043","36.342348923","192.168.1.55","192.168.1.2","TCP","1514","8004  >  36640 [ACK] Seq=473686 Ack=141 Win=65024 Len=1448 TSval=2916040423 TSecr=3045560194 [TCP segment of a reassembled PDU]"
"55044","36.342350257","192.168.1.55","192.168.1.2","TCP","1514","8004  >  36640 [ACK] Seq=475134 Ack=141 Win=65024 Len=1448 TSval=2916040423 TSecr=3045560194 [TCP segment of a reassembled PDU]"
"55045","36.342351553","192.168.1.55","192.168.1.2","TCP","1514","8004  >  36640 [ACK] Seq=476582 Ack=141 Win=65024 Len=1448 TSval=2916040423 TSecr=3045560194 [TCP segment of a reassembled PDU]"
"55046","36.342352849","192.168.1.55","192.168.1.2","TCP","1514","8004  >  36640 [ACK] Seq=478030 Ack=141 Win=65024 Len=1448 TSval=2916040423 TSecr=3045560194 [TCP segment of a reassembled PDU]"
"55047","36.342354275","192.168.1.55","192.168.1.2","TCP","1514","8004  >  36640 [ACK] Seq=479478 Ack=141 Win=65024 Len=1448 TSval=2916040423 TSecr=3045560194 [TCP segment of a reassembled PDU]"
"55048","36.342355553","192.168.1.55","192.168.1.2","TCP","1514","8004  >  36640 [ACK] Seq=480926 Ack=141 Win=65024 Len=1448 TSval=2916040423 TSecr=3045560194 [TCP segment of a reassembled PDU]"
"55049","36.342357183","192.168.1.55","192.168.1.2","TCP","1514","8004  >  36640 [ACK] Seq=482374 Ack=141 Win=65024 Len=1448 TSval=2916040423 TSecr=3045560194 [TCP segment of a reassembled PDU]"
"55050","36.342358553","192.168.1.55","192.168.1.2","TCP","1514","8004  >  36640 [ACK] Seq=483822 Ack=141 Win=65024 Len=1448 TSval=2916040423 TSecr=3045560194 [TCP segment of a reassembled PDU]"
"55051","36.342359979","192.168.1.55","192.168.1.2","TCP","1514","8004  >  36640 [ACK] Seq=485270 Ack=141 Win=65024 Len=1448 TSval=2916040423 TSecr=3045560194 [TCP segment of a reassembled PDU]"
"55052","36.342361368","192.168.1.55","192.168.1.2","TCP","1514","8004  >  36640 [ACK] Seq=486718 Ack=141 Win=65024 Len=1448 TSval=2916040423 TSecr=3045560194 [TCP segment of a reassembled PDU]"
"55053","36.342362664","192.168.1.55","192.168.1.2","TCP","1514","8004  >  36640 [ACK] Seq=488166 Ack=141 Win=65024 Len=1448 TSval=2916040423 TSecr=3045560194 [TCP segment of a reassembled PDU]"
"55054","36.342364053","192.168.1.55","192.168.1.2","TCP","1514","8004  >  36640 [ACK] Seq=489614 Ack=141 Win=65024 Len=1448 TSval=2916040423 TSecr=3045560194 [TCP segment of a reassembled PDU]"
"55055","36.342365479","192.168.1.55","192.168.1.2","TCP","1514","8004  >  36640 [ACK] Seq=491062 Ack=141 Win=65024 Len=1448 TSval=2916040423 TSecr=3045560194 [TCP segment of a reassembled PDU]"
"55056","36.342366868","192.168.1.55","192.168.1.2","TCP","1514","8004  >  36640 [ACK] Seq=492510 Ack=141 Win=65024 Len=1448 TSval=2916040423 TSecr=3045560194 [TCP segment of a reassembled PDU]"
"55057","36.342368294","192.168.1.55","192.168.1.2","TCP","1514","8004  >  36640 [ACK] Seq=493958 Ack=141 Win=65024 Len=1448 TSval=2916040423 TSecr=3045560194 [TCP segment of a reassembled PDU]"
"55058","36.342369627","192.168.1.55","192.168.1.2","TCP","1514","8004  >  36640 [PSH, ACK] Seq=495406 Ack=141 Win=65024 Len=1448 TSval=2916040423 TSecr=3045560194 [TCP segment of a reassembled PDU]"
"55059","36.342376886","192.168.1.55","192.168.1.2","TCP","1514","8004  >  36640 [ACK] Seq=496854 Ack=141 Win=65024 Len=1448 TSval=2916040423 TSecr=3045560194 [TCP segment of a reassembled PDU]"
"55060","36.342378405","192.168.1.55","192.168.1.2","HTTP","1472","HTTP/1.0 200 OK  (PNG)"
"55061","36.342438794","192.168.1.2","192.168.1.55","TCP","66","36640  >  8004 [ACK] Seq=141 Ack=367982 Win=153600 Len=0 TSval=3045560195 TSecr=2916040415"
"55062","36.342445072","192.168.1.2","192.168.1.55","TCP","66","36640  >  8004 [ACK] Seq=141 Ack=370878 Win=158720 Len=0 TSval=3045560195 TSecr=2916040415"
"55063","36.344451056","192.168.1.2","192.168.1.55","TCP","66","36640  >  8004 [ACK] Seq=141 Ack=378118 Win=164864 Len=0 TSval=3045560200 TSecr=2916040418"
"55064","36.347175487","192.168.1.2","192.168.1.55","TCP","66","36640  >  8004 [ACK] Seq=141 Ack=412870 Win=149504 Len=0 TSval=3045560200 TSecr=2916040418"
"55065","36.347336894","192.168.1.2","192.168.1.55","TCP","66","36640  >  8004 [ACK] Seq=141 Ack=454862 Win=110592 Len=0 TSval=3045560200 TSecr=2916040419"
"55066","36.347345098","192.168.1.2","192.168.1.55","TCP","66","36640  >  8004 [ACK] Seq=141 Ack=479478 Win=156672 Len=0 TSval=3045560202 TSecr=2916040423"
"55067","36.347351116","192.168.1.2","192.168.1.55","TCP","66","36640  >  8004 [ACK] Seq=141 Ack=492510 Win=166912 Len=0 TSval=3045560203 TSecr=2916040423"
"55068","36.348472063","192.168.1.2","192.168.1.55","TCP","66","36640  >  8004 [ACK] Seq=141 Ack=496854 Win=174080 Len=0 TSval=3045560204 TSecr=2916040423"
"55069","36.349972287","192.168.1.2","192.168.1.55","TCP","66","36640  >  8004 [ACK] Seq=141 Ack=499709 Win=177152 Len=0 TSval=3045560206 TSecr=2916040423"
"55070","36.351457808","192.168.1.2","192.168.1.55","TCP","66","36640  >  8004 [FIN, ACK] Seq=141 Ack=499709 Win=177152 Len=0 TSval=3045560206 TSecr=2916040423"
"55071","36.351476586","192.168.1.55","192.168.1.2","TCP","66","8004  >  36640 [ACK] Seq=499709 Ack=142 Win=65024 Len=0 TSval=2916040432 TSecr=3045560206"
"55072","36.351582346","192.168.1.2","192.168.1.55","TCP","74","36656  >  8004 [SYN] Seq=0 Win=64240 Len=0 MSS=1460 SACK_PERM TSval=3045560206 TSecr=0 WS=1024"
"55073","36.351599142","192.168.1.55","192.168.1.2","TCP","74","8004  >  36656 [SYN, ACK] Seq=0 Ack=1 Win=65160 Len=0 MSS=1460 SACK_PERM TSval=2916040432 TSecr=3045560206 WS=128"
"55074","36.355186296","192.168.1.2","192.168.1.55","TCP","66","36656  >  8004 [ACK] Seq=1 Ack=1 Win=64512 Len=0 TSval=3045560210 TSecr=2916040432"
"55075","36.358431912","192.168.1.2","192.168.1.55","HTTP","209","GET /original_benchmark.png HTTP/1.1 "
"55076","36.358458116","192.168.1.55","192.168.1.2","TCP","66","8004  >  36656 [ACK] Seq=1 Ack=144 Win=65024 Len=0 TSval=2916040439 TSecr=3045560210"
"55077","36.358977709","192.168.1.55","192.168.1.2","TCP","255","8004  >  36656 [PSH, ACK] Seq=1 Ack=144 Win=65024 Len=189 TSval=2916040439 TSecr=3045560210 [TCP segment of a reassembled PDU]"
"55078","36.359086339","192.168.1.55","192.168.1.2","TCP","1514","8004  >  36656 [ACK] Seq=190 Ack=144 Win=65024 Len=1448 TSval=2916040439 TSecr=3045560210 [TCP segment of a reassembled PDU]"
"55079","36.359091932","192.168.1.55","192.168.1.2","TCP","1514","8004  >  36656 [ACK] Seq=1638 Ack=144 Win=65024 Len=1448 TSval=2916040439 TSecr=3045560210 [TCP segment of a reassembled PDU]"
"55080","36.359093450","192.168.1.55","192.168.1.2","TCP","1514","8004  >  36656 [ACK] Seq=3086 Ack=144 Win=65024 Len=1448 TSval=2916040439 TSecr=3045560210 [TCP segment of a reassembled PDU]"
"55081","36.359094913","192.168.1.55","192.168.1.2","TCP","1514","8004  >  36656 [ACK] Seq=4534 Ack=144 Win=65024 Len=1448 TSval=2916040439 TSecr=3045560210 [TCP segment of a reassembled PDU]"
"55082","36.359096302","192.168.1.55","192.168.1.2","TCP","1514","8004  >  36656 [PSH, ACK] Seq=5982 Ack=144 Win=65024 Len=1448 TSval=2916040439 TSecr=3045560210 [TCP segment of a reassembled PDU]"
"55083","36.359116617","192.168.1.55","192.168.1.2","TCP","1514","8004  >  36656 [ACK] Seq=7430 Ack=144 Win=65024 Len=1448 TSval=2916040439 TSecr=3045560210 [TCP segment of a reassembled PDU]"
"55084","36.359118728","192.168.1.55","192.168.1.2","TCP","1514","8004  >  36656 [ACK] Seq=8878 Ack=144 Win=65024 Len=1448 TSval=2916040439 TSecr=3045560210 [TCP segment of a reassembled PDU]"
"55085","36.359120358","192.168.1.55","192.168.1.2","TCP","1514","8004  >  36656 [ACK] Seq=10326 Ack=144 Win=65024 Len=1448 TSval=2916040439 TSecr=3045560210 [TCP segment of a reassembled PDU]"
"55086","36.359121784","192.168.1.55","192.168.1.2","TCP","1514","8004  >  36656 [PSH, ACK] Seq=11774 Ack=144 Win=65024 Len=1448 TSval=2916040439 TSecr=3045560210 [TCP segment of a reassembled PDU]"
"55087","36.362770882","192.168.1.2","192.168.1.55","TCP","66","36656  >  8004 [ACK] Seq=144 Ack=190 Win=64512 Len=0 TSval=3045560217 TSecr=2916040439"
"55088","36.362855012","192.168.1.55","192.168.1.2","TCP","1514","8004  >  36656 [ACK] Seq=13222 Ack=144 Win=65024 Len=1448 TSval=2916040443 TSecr=3045560217 [TCP segment of a reassembled PDU]"
"55089","36.362864178","192.168.1.55","192.168.1.2","TCP","1514","8004  >  36656 [PSH, ACK] Seq=14670 Ack=144 Win=65024 Len=1448 TSval=2916040443 TSecr=3045560217 [TCP segment of a reassembled PDU]"
"55090","36.362953771","192.168.1.2","192.168.1.55","TCP","66","36656  >  8004 [ACK] Seq=144 Ack=7430 Win=71680 Len=0 TSval=3045560217 TSecr=2916040439"
"55091","36.362991993","192.168.1.55","192.168.1.2","TCP","1514","8004  >  36656 [ACK] Seq=16118 Ack=144 Win=65024 Len=1448 TSval=2916040443 TSecr=3045560217 [TCP segment of a reassembled PDU]"
"55092","36.362994438","192.168.1.55","192.168.1.2","TCP","1514","8004  >  36656 [ACK] Seq=17566 Ack=144 Win=65024 Len=1448 TSval=2916040443 TSecr=3045560217 [TCP segment of a reassembled PDU]"
"55093","36.362996012","192.168.1.55","192.168.1.2","TCP","1514","8004  >  36656 [ACK] Seq=19014 Ack=144 Win=65024 Len=1448 TSval=2916040443 TSecr=3045560217 [TCP segment of a reassembled PDU]"
"55094","36.362997512","192.168.1.55","192.168.1.2","TCP","1514","8004  >  36656 [ACK] Seq=20462 Ack=144 Win=65024 Len=1448 TSval=2916040443 TSecr=3045560217 [TCP segment of a reassembled PDU]"
"55095","36.362999531","192.168.1.55","192.168.1.2","TCP","1514","8004  >  36656 [ACK] Seq=21910 Ack=144 Win=65024 Len=1448 TSval=2916040443 TSecr=3045560217 [TCP segment of a reassembled PDU]"
"55096","36.363001271","192.168.1.55","192.168.1.2","TCP","1514","8004  >  36656 [ACK] Seq=23358 Ack=144 Win=65024 Len=1448 TSval=2916040443 TSecr=3045560217 [TCP segment of a reassembled PDU]"
"55097","36.363003197","192.168.1.55","192.168.1.2","TCP","1514","8004  >  36656 [ACK] Seq=24806 Ack=144 Win=65024 Len=1448 TSval=2916040443 TSecr=3045560217 [TCP segment of a reassembled PDU]"
"55098","36.363005049","192.168.1.55","192.168.1.2","TCP","1514","8004  >  36656 [PSH, ACK] Seq=26254 Ack=144 Win=65024 Len=1448 TSval=2916040443 TSecr=3045560217 [TCP segment of a reassembled PDU]"
"55099","36.363012031","192.168.1.2","192.168.1.55","TCP","66","36656  >  8004 [ACK] Seq=144 Ack=10326 Win=76800 Len=0 TSval=3045560217 TSecr=2916040439"
"55100","36.363039253","192.168.1.55","192.168.1.2","TCP","1514","8004  >  36656 [ACK] Seq=27702 Ack=144 Win=65024 Len=1448 TSval=2916040443 TSecr=3045560217 [TCP segment of a reassembled PDU]"
"55101","36.363042790","192.168.1.55","192.168.1.2","TCP","1514","8004  >  36656 [ACK] Seq=29150 Ack=144 Win=65024 Len=1448 TSval=2916040443 TSecr=3045560217 [TCP segment of a reassembled PDU]"
"55102","36.363044697","192.168.1.55","192.168.1.2","TCP","1514","8004  >  36656 [ACK] Seq=30598 Ack=144 Win=65024 Len=1448 TSval=2916040443 TSecr=3045560217 [TCP segment of a reassembled PDU]"
"55103","36.363046494","192.168.1.55","192.168.1.2","TCP","1514","8004  >  36656 [ACK] Seq=32046 Ack=144 Win=65024 Len=1448 TSval=2916040443 TSecr=3045560217 [TCP segment of a reassembled PDU]"
"55104","36.363048012","192.168.1.55","192.168.1.2","TCP","1514","8004  >  36656 [ACK] Seq=33494 Ack=144 Win=65024 Len=1448 TSval=2916040443 TSecr=3045560217 [TCP segment of a reassembled PDU]"
"55105","36.363049512","192.168.1.55","192.168.1.2","TCP","1514","8004  >  36656 [PSH, ACK] Seq=34942 Ack=144 Win=65024 Len=1448 TSval=2916040443 TSecr=3045560217 [TCP segment of a reassembled PDU]"
"55106","36.363055105","192.168.1.2","192.168.1.55","TCP","66","36656  >  8004 [ACK] Seq=144 Ack=13222 Win=76800 Len=0 TSval=3045560218 TSecr=2916040439"
"55107","36.363739809","192.168.1.55","192.168.1.2","TCP","1514","8004  >  36656 [ACK] Seq=36390 Ack=144 Win=65024 Len=1448 TSval=2916040444 TSecr=3045560218 [TCP segment of a reassembled PDU]"
"55108","36.363745032","192.168.1.55","192.168.1.2","TCP","1514","8004  >  36656 [ACK] Seq=37838 Ack=144 Win=65024 Len=1448 TSval=2916040444 TSecr=3045560218 [TCP segment of a reassembled PDU]"
"55109","36.363746606","192.168.1.55","192.168.1.2","TCP","1514","8004  >  36656 [ACK] Seq=39286 Ack=144 Win=65024 Len=1448 TSval=2916040444 TSecr=3045560218 [TCP segment of a reassembled PDU]"
"55110","36.363748347","192.168.1.55","192.168.1.2","TCP","1514","8004  >  36656 [PSH, ACK] Seq=40734 Ack=144 Win=65024 Len=1448 TSval=2916040444 TSecr=3045560218 [TCP segment of a reassembled PDU]"
"55111","36.369847190","192.168.1.2","192.168.1.55","TCP","66","36656  >  8004 [ACK] Seq=144 Ack=16118 Win=76800 Len=0 TSval=3045560222 TSecr=2916040443"
"55112","36.369887968","192.168.1.55","192.168.1.2","TCP","1514","8004  >  36656 [ACK] Seq=42182 Ack=144 Win=65024 Len=1448 TSval=2916040450 TSecr=3045560222 [TCP segment of a reassembled PDU]"
"55113","36.369892449","192.168.1.55","192.168.1.2","TCP","1514","8004  >  36656 [PSH, ACK] Seq=43630 Ack=144 Win=65024 Len=1448 TSval=2916040450 TSecr=3045560222 [TCP segment of a reassembled PDU]"
"55114","36.370013153","192.168.1.2","192.168.1.55","TCP","66","36656  >  8004 [ACK] Seq=144 Ack=27702 Win=69632 Len=0 TSval=3045560222 TSecr=2916040443"
"55115","36.370053264","192.168.1.55","192.168.1.2","TCP","1514","8004  >  36656 [ACK] Seq=45078 Ack=144 Win=65024 Len=1448 TSval=2916040450 TSecr=3045560222 [TCP segment of a reassembled PDU]"
"55116","36.370055597","192.168.1.55","192.168.1.2","TCP","1514","8004  >  36656 [ACK] Seq=46526 Ack=144 Win=65024 Len=1448 TSval=2916040450 TSecr=3045560222 [TCP segment of a reassembled PDU]"
"55117","36.370057190","192.168.1.55","192.168.1.2","TCP","1514","8004  >  36656 [ACK] Seq=47974 Ack=144 Win=65024 Len=1448 TSval=2916040450 TSecr=3045560222 [TCP segment of a reassembled PDU]"
"55118","36.370058560","192.168.1.55","192.168.1.2","TCP","1514","8004  >  36656 [ACK] Seq=49422 Ack=144 Win=65024 Len=1448 TSval=2916040450 TSecr=3045560222 [TCP segment of a reassembled PDU]"
"55119","36.370060560","192.168.1.55","192.168.1.2","TCP","1514","8004  >  36656 [ACK] Seq=50870 Ack=144 Win=65024 Len=1448 TSval=2916040450 TSecr=3045560222 [TCP segment of a reassembled PDU]"
"55120","36.370062227","192.168.1.55","192.168.1.2","TCP","1514","8004  >  36656 [ACK] Seq=52318 Ack=144 Win=65024 Len=1448 TSval=2916040450 TSecr=3045560222 [TCP segment of a reassembled PDU]"
"55121","36.370063709","192.168.1.55","192.168.1.2","TCP","1514","8004  >  36656 [ACK] Seq=53766 Ack=144 Win=65024 Len=1448 TSval=2916040450 TSecr=3045560222 [TCP segment of a reassembled PDU]"
"55122","36.370065709","192.168.1.55","192.168.1.2","TCP","1514","8004  >  36656 [ACK] Seq=55214 Ack=144 Win=65024 Len=1448 TSval=2916040450 TSecr=3045560222 [TCP segment of a reassembled PDU]"
"55123","36.370067486","192.168.1.55","192.168.1.2","TCP","1514","8004  >  36656 [ACK] Seq=56662 Ack=144 Win=65024 Len=1448 TSval=2916040450 TSecr=3045560222 [TCP segment of a reassembled PDU]"
"55124","36.370068986","192.168.1.55","192.168.1.2","TCP","1514","8004  >  36656 [ACK] Seq=58110 Ack=144 Win=65024 Len=1448 TSval=2916040450 TSecr=3045560222 [TCP segment of a reassembled PDU]"
"55125","36.370070653","192.168.1.55","192.168.1.2","TCP","1514","8004  >  36656 [ACK] Seq=59558 Ack=144 Win=65024 Len=1448 TSval=2916040450 TSecr=3045560222 [TCP segment of a reassembled PDU]"
"55126","36.370072912","192.168.1.55","192.168.1.2","TCP","1514","8004  >  36656 [ACK] Seq=61006 Ack=144 Win=65024 Len=1448 TSval=2916040450 TSecr=3045560222 [TCP segment of a reassembled PDU]"
"55127","36.370074727","192.168.1.55","192.168.1.2","TCP","1514","8004  >  36656 [ACK] Seq=62454 Ack=144 Win=65024 Len=1448 TSval=2916040450 TSecr=3045560222 [TCP segment of a reassembled PDU]"
"55128","36.370076097","192.168.1.55","192.168.1.2","TCP","1514","8004  >  36656 [ACK] Seq=63902 Ack=144 Win=65024 Len=1448 TSval=2916040450 TSecr=3045560222 [TCP segment of a reassembled PDU]"
"55129","36.370077634","192.168.1.55","192.168.1.2","TCP","1514","8004  >  36656 [PSH, ACK] Seq=65350 Ack=144 Win=65024 Len=1448 TSval=2916040450 TSecr=3045560222 [TCP segment of a reassembled PDU]"
"55130","36.370085523","192.168.1.2","192.168.1.55","TCP","66","36656  >  8004 [ACK] Seq=144 Ack=36390 Win=63488 Len=0 TSval=3045560222 TSecr=2916040443"
"55131","36.370113912","192.168.1.55","192.168.1.2","TCP","1514","8004  >  36656 [ACK] Seq=66798 Ack=144 Win=65024 Len=1448 TSval=2916040450 TSecr=3045560222 [TCP segment of a reassembled PDU]"
"55132","36.370116783","192.168.1.55","192.168.1.2","TCP","1514","8004  >  36656 [ACK] Seq=68246 Ack=144 Win=65024 Len=1448 TSval=2916040450 TSecr=3045560222 [TCP segment of a reassembled PDU]"
"55133","36.370118468","192.168.1.55","192.168.1.2","TCP","1514","8004  >  36656 [ACK] Seq=69694 Ack=144 Win=65024 Len=1448 TSval=2916040450 TSecr=3045560222 [TCP segment of a reassembled PDU]"
"55134","36.370119949","192.168.1.55","192.168.1.2","TCP","1514","8004  >  36656 [ACK] Seq=71142 Ack=144 Win=65024 Len=1448 TSval=2916040450 TSecr=3045560222 [TCP segment of a reassembled PDU]"
"55135","36.370122357","192.168.1.55","192.168.1.2","TCP","1514","8004  >  36656 [ACK] Seq=72590 Ack=144 Win=65024 Len=1448 TSval=2916040450 TSecr=3045560222 [TCP segment of a reassembled PDU]"
"55136","36.370124301","192.168.1.55","192.168.1.2","TCP","1514","8004  >  36656 [ACK] Seq=74038 Ack=144 Win=65024 Len=1448 TSval=2916040450 TSecr=3045560222 [TCP segment of a reassembled PDU]"
"55137","36.370125857","192.168.1.55","192.168.1.2","TCP","1514","8004  >  36656 [PSH, ACK] Seq=75486 Ack=144 Win=65024 Len=1448 TSval=2916040450 TSecr=3045560222 [TCP segment of a reassembled PDU]"
"55138","36.370130764","192.168.1.2","192.168.1.55","TCP","66","36656  >  8004 [ACK] Seq=144 Ack=39286 Win=76800 Len=0 TSval=3045560222 TSecr=2916040444"
"55139","36.370135449","192.168.1.2","192.168.1.55","TCP","66","36656  >  8004 [ACK] Seq=144 Ack=42182 Win=76800 Len=0 TSval=3045560222 TSecr=2916040444"
"55140","36.371101895","192.168.1.55","192.168.1.2","TCP","1514","8004  >  36656 [ACK] Seq=76934 Ack=144 Win=65024 Len=1448 TSval=2916040451 TSecr=3045560222 [TCP segment of a reassembled PDU]"
"55141","36.371109025","192.168.1.55","192.168.1.2","TCP","1514","8004  >  36656 [ACK] Seq=78382 Ack=144 Win=65024 Len=1448 TSval=2916040451 TSecr=3045560222 [TCP segment of a reassembled PDU]"
"55142","36.371125395","192.168.1.55","192.168.1.2","TCP","1514","8004  >  36656 [ACK] Seq=79830 Ack=144 Win=65024 Len=1448 TSval=2916040451 TSecr=3045560222 [TCP segment of a reassembled PDU]"
"55143","36.371127747","192.168.1.55","192.168.1.2","TCP","1514","8004  >  36656 [ACK] Seq=81278 Ack=144 Win=65024 Len=1448 TSval=2916040451 TSecr=3045560222 [TCP segment of a reassembled PDU]"
"55144","36.371129210","192.168.1.55","192.168.1.2","TCP","1514","8004  >  36656 [ACK] Seq=82726 Ack=144 Win=65024 Len=1448 TSval=2916040451 TSecr=3045560222 [TCP segment of a reassembled PDU]"
"55145","36.371130803","192.168.1.55","192.168.1.2","TCP","1514","8004  >  36656 [ACK] Seq=84174 Ack=144 Win=65024 Len=1448 TSval=2916040451 TSecr=3045560222 [TCP segment of a reassembled PDU]"
"55146","36.371132544","192.168.1.55","192.168.1.2","TCP","1514","8004  >  36656 [ACK] Seq=85622 Ack=144 Win=65024 Len=1448 TSval=2916040451 TSecr=3045560222 [TCP segment of a reassembled PDU]"
"55147","36.371134081","192.168.1.55","192.168.1.2","TCP","1514","8004  >  36656 [ACK] Seq=87070 Ack=144 Win=65024 Len=1448 TSval=2916040451 TSecr=3045560222 [TCP segment of a reassembled PDU]"
"55148","36.371135247","192.168.1.55","192.168.1.2","TCP","1514","8004  >  36656 [ACK] Seq=88518 Ack=144 Win=65024 Len=1448 TSval=2916040451 TSecr=3045560222 [TCP segment of a reassembled PDU]"
"55149","36.371136544","192.168.1.55","192.168.1.2","TCP","1514","8004  >  36656 [ACK] Seq=89966 Ack=144 Win=65024 Len=1448 TSval=2916040451 TSecr=3045560222 [TCP segment of a reassembled PDU]"
"55150","36.371137858","192.168.1.55","192.168.1.2","TCP","1514","8004  >  36656 [ACK] Seq=91414 Ack=144 Win=65024 Len=1448 TSval=2916040451 TSecr=3045560222 [TCP segment of a reassembled PDU]"
"55151","36.371139377","192.168.1.55","192.168.1.2","TCP","1514","8004  >  36656 [ACK] Seq=92862 Ack=144 Win=65024 Len=1448 TSval=2916040451 TSecr=3045560222 [TCP segment of a reassembled PDU]"
"55152","36.371141210","192.168.1.55","192.168.1.2","TCP","1514","8004  >  36656 [ACK] Seq=94310 Ack=144 Win=65024 Len=1448 TSval=2916040451 TSecr=3045560222 [TCP segment of a reassembled PDU]"
"55153","36.371142451","192.168.1.55","192.168.1.2","TCP","1514","8004  >  36656 [ACK] Seq=95758 Ack=144 Win=65024 Len=1448 TSval=2916040451 TSecr=3045560222 [TCP segment of a reassembled PDU]"
"55154","36.371143562","192.168.1.55","192.168.1.2","TCP","1514","8004  >  36656 [ACK] Seq=97206 Ack=144 Win=65024 Len=1448 TSval=2916040451 TSecr=3045560222 [TCP segment of a reassembled PDU]"
"55155","36.371144766","192.168.1.55","192.168.1.2","TCP","1514","8004  >  36656 [PSH, ACK] Seq=98654 Ack=144 Win=65024 Len=1448 TSval=2916040451 TSecr=3045560222 [TCP segment of a reassembled PDU]"
"55156","36.377040868","192.168.1.2","192.168.1.55","TCP","66","36656  >  8004 [ACK] Seq=144 Ack=45078 Win=74752 Len=0 TSval=3045560231 TSecr=2916040450"
"55157","36.377119850","192.168.1.55","192.168.1.2","TCP","1514","8004  >  36656 [ACK] Seq=100102 Ack=144 Win=65024 Len=1448 TSval=2916040457 TSecr=3045560231 [TCP segment of a reassembled PDU]"
"55158","36.377127683","192.168.1.55","192.168.1.2","TCP","1514","8004  >  36656 [ACK] Seq=101550 Ack=144 Win=65024 Len=1448 TSval=2916040457 TSecr=3045560231 [TCP segment of a reassembled PDU]"
"55159","36.377129424","192.168.1.55","192.168.1.2","TCP","1514","8004  >  36656 [ACK] Seq=102998 Ack=144 Win=65024 Len=1448 TSval=2916040457 TSecr=3045560231 [TCP segment of a reassembled PDU]"
"55160","36.377130979","192.168.1.55","192.168.1.2","TCP","1514","8004  >  36656 [PSH, ACK] Seq=104446 Ack=144 Win=65024 Len=1448 TSval=2916040457 TSecr=3045560231 [TCP segment of a reassembled PDU]"
"55161","36.377202479","192.168.1.2","192.168.1.55","TCP","66","36656  >  8004 [ACK] Seq=144 Ack=66798 Win=57344 Len=0 TSval=3045560231 TSecr=2916040450"
"55162","36.377235905","192.168.1.55","192.168.1.2","TCP","1514","8004  >  36656 [ACK] Seq=105894 Ack=144 Win=65024 Len=1448 TSval=2916040457 TSecr=3045560231 [TCP segment of a reassembled PDU]"
"55163","36.377237998","192.168.1.55","192.168.1.2","TCP","1514","8004  >  36656 [ACK] Seq=107342 Ack=144 Win=65024 Len=1448 TSval=2916040457 TSecr=3045560231 [TCP segment of a reassembled PDU]"
"55164","36.377240016","192.168.1.55","192.168.1.2","TCP","1514","8004  >  36656 [ACK] Seq=108790 Ack=144 Win=65024 Len=1448 TSval=2916040457 TSecr=3045560231 [TCP segment of a reassembled PDU]"
"55165","36.377241165","192.168.1.55","192.168.1.2","TCP","1514","8004  >  36656 [ACK] Seq=110238 Ack=144 Win=65024 Len=1448 TSval=2916040457 TSecr=3045560231 [TCP segment of a reassembled PDU]"
"55166","36.377242683","192.168.1.55","192.168.1.2","TCP","1514","8004  >  36656 [ACK] Seq=111686 Ack=144 Win=65024 Len=1448 TSval=2916040457 TSecr=3045560231 [TCP segment of a reassembled PDU]"
"55167","36.377243924","192.168.1.55","192.168.1.2","TCP","1514","8004  >  36656 [PSH, ACK] Seq=113134 Ack=144 Win=65024 Len=1448 TSval=2916040457 TSecr=3045560231 [TCP segment of a reassembled PDU]"
"55168","36.377253887","192.168.1.2","192.168.1.55","TCP","66","36656  >  8004 [ACK] Seq=144 Ack=72590 Win=53248 Len=0 TSval=3045560231 TSecr=2916040450"
"55169","36.377261331","192.168.1.2","192.168.1.55","TCP","66","36656  >  8004 [ACK] Seq=144 Ack=76934 Win=75776 Len=0 TSval=3045560232 TSecr=2916040450"
"55170","36.377348813","192.168.1.55","192.168.1.2","TCP","1514","8004  >  36656 [ACK] Seq=114582 Ack=144 Win=65024 Len=1448 TSval=2916040457 TSecr=3045560232 [TCP segment of a reassembled PDU]"
"55171","36.377354035","192.168.1.55","192.168.1.2","TCP","1514","8004  >  36656 [ACK] Seq=116030 Ack=144 Win=65024 Len=1448 TSval=2916040457 TSecr=3045560232 [TCP segment of a reassembled PDU]"
"55172","36.377355702","192.168.1.55","192.168.1.2","TCP","1514","8004  >  36656 [ACK] Seq=117478 Ack=144 Win=65024 Len=1448 TSval=2916040457 TSecr=3045560232 [TCP segment of a reassembled PDU]"
"55173","36.377357331","192.168.1.55","192.168.1.2","TCP","1514","8004  >  36656 [ACK] Seq=118926 Ack=144 Win=65024 Len=1448 TSval=2916040457 TSecr=3045560232 [TCP segment of a reassembled PDU]"
"55174","36.377358683","192.168.1.55","192.168.1.2","TCP","1514","8004  >  36656 [ACK] Seq=120374 Ack=144 Win=65024 Len=1448 TSval=2916040457 TSecr=3045560232 [TCP segment of a reassembled PDU]"
"55175","36.377359980","192.168.1.55","192.168.1.2","TCP","1514","8004  >  36656 [ACK] Seq=121822 Ack=144 Win=65024 Len=1448 TSval=2916040457 TSecr=3045560232 [TCP segment of a reassembled PDU]"
"55176","36.377361202","192.168.1.55","192.168.1.2","TCP","1514","8004  >  36656 [ACK] Seq=123270 Ack=144 Win=65024 Len=1448 TSval=2916040457 TSecr=3045560232 [TCP segment of a reassembled PDU]"
"55177","36.377362461","192.168.1.55","192.168.1.2","TCP","1514","8004  >  36656 [ACK] Seq=124718 Ack=144 Win=65024 Len=1448 TSval=2916040457 TSecr=3045560232 [TCP segment of a reassembled PDU]"
"55178","36.377363776","192.168.1.55","192.168.1.2","TCP","1514","8004  >  36656 [ACK] Seq=126166 Ack=144 Win=65024 Len=1448 TSval=2916040457 TSecr=3045560232 [TCP segment of a reassembled PDU]"
"55179","36.377365424","192.168.1.55","192.168.1.2","TCP","1514","8004  >  36656 [ACK] Seq=127614 Ack=144 Win=65024 Len=1448 TSval=2916040457 TSecr=3045560232 [TCP segment of a reassembled PDU]"
"55180","36.377366924","192.168.1.55","192.168.1.2","TCP","1514","8004  >  36656 [ACK] Seq=129062 Ack=144 Win=65024 Len=1448 TSval=2916040457 TSecr=3045560232 [TCP segment of a reassembled PDU]"
"55181","36.377368868","192.168.1.55","192.168.1.2","TCP","1514","8004  >  36656 [ACK] Seq=130510 Ack=144 Win=65024 Len=1448 TSval=2916040457 TSecr=3045560232 [TCP segment of a reassembled PDU]"
"55182","36.377370128","192.168.1.55","192.168.1.2","TCP","1514","8004  >  36656 [ACK] Seq=131958 Ack=144 Win=65024 Len=1448 TSval=2916040457 TSecr=3045560232 [TCP segment of a reassembled PDU]"
"55183","36.377371794","192.168.1.55","192.168.1.2","TCP","1514","8004  >  36656 [ACK] Seq=133406 Ack=144 Win=65024 Len=1448 TSval=2916040457 TSecr=3045560232 [TCP segment of a reassembled PDU]"
"55184","36.377373498","192.168.1.55","192.168.1.2","TCP","1514","8004  >  36656 [ACK] Seq=134854 Ack=144 Win=65024 Len=1448 TSval=2916040457 TSecr=3045560232 [TCP segment of a reassembled PDU]"
"55185","36.377374998","192.168.1.55","192.168.1.2","TCP","1514","8004  >  36656 [ACK] Seq=136302 Ack=144 Win=65024 Len=1448 TSval=2916040457 TSecr=3045560232 [TCP segment of a reassembled PDU]"
"55186","36.377377276","192.168.1.55","192.168.1.2","TCP","1514","8004  >  36656 [ACK] Seq=137750 Ack=144 Win=65024 Len=1448 TSval=2916040457 TSecr=3045560232 [TCP segment of a reassembled PDU]"
"55187","36.377378720","192.168.1.55","192.168.1.2","TCP","1514","8004  >  36656 [ACK] Seq=139198 Ack=144 Win=65024 Len=1448 TSval=2916040457 TSecr=3045560232 [TCP segment of a reassembled PDU]"
"55188","36.377379776","192.168.1.55","192.168.1.2","TCP","1514","8004  >  36656 [ACK] Seq=140646 Ack=144 Win=65024 Len=1448 TSval=2916040457 TSecr=3045560232 [TCP segment of a reassembled PDU]"
"55189","36.377381017","192.168.1.55","192.168.1.2","TCP","1514","8004  >  36656 [ACK] Seq=142094 Ack=144 Win=65024 Len=1448 TSval=2916040457 TSecr=3045560232 [TCP segment of a reassembled PDU]"
"55190","36.377382387","192.168.1.55","192.168.1.2","TCP","1514","8004  >  36656 [ACK] Seq=143542 Ack=144 Win=65024 Len=1448 TSval=2916040457 TSecr=3045560232 [TCP segment of a reassembled PDU]"
"55191","36.377384146","192.168.1.55","192.168.1.2","TCP","1514","8004  >  36656 [ACK] Seq=144990 Ack=144 Win=65024 Len=1448 TSval=2916040457 TSecr=3045560232 [TCP segment of a reassembled PDU]"
"55192","36.377385831","192.168.1.55","192.168.1.2","TCP","1514","8004  >  36656 [ACK] Seq=146438 Ack=144 Win=65024 Len=1448 TSval=2916040457 TSecr=3045560232 [TCP segment of a reassembled PDU]"
"55193","36.377387257","192.168.1.55","192.168.1.2","TCP","1514","8004  >  36656 [ACK] Seq=147886 Ack=144 Win=65024 Len=1448 TSval=2916040457 TSecr=3045560232 [TCP segment of a reassembled PDU]"
"55194","36.377388924","192.168.1.55","192.168.1.2","TCP","1514","8004  >  36656 [ACK] Seq=149334 Ack=144 Win=65024 Len=1448 TSval=2916040457 TSecr=3045560232 [TCP segment of a reassembled PDU]"
"55195","36.377390368","192.168.1.55","192.168.1.2","TCP","1514","8004  >  36656 [PSH, ACK] Seq=150782 Ack=144 Win=65024 Len=1448 TSval=2916040457 TSecr=3045560232 [TCP segment of a reassembled PDU]"
"55196","36.377408146","192.168.1.2","192.168.1.55","TCP","66","36656  >  8004 [ACK] Seq=144 Ack=100102 Win=55296 Len=0 TSval=3045560232 TSecr=2916040451"
"55197","36.378662056","192.168.1.55","192.168.1.2","TCP","1514","8004  >  36656 [ACK] Seq=152230 Ack=144 Win=65024 Len=1448 TSval=2916040459 TSecr=3045560232 [TCP segment of a reassembled PDU]"
"55198","36.378667278","192.168.1.55","192.168.1.2","TCP","1514","8004  >  36656 [ACK] Seq=153678 Ack=144 Win=65024 Len=1448 TSval=2916040459 TSecr=3045560232 [TCP segment of a reassembled PDU]"
"55199","36.378668556","192.168.1.55","192.168.1.2","TCP","338","[TCP Window Full] 8004  >  36656 [PSH, ACK] Seq=155126 Ack=144 Win=65024 Len=272 TSval=2916040459 TSecr=3045560232 [TCP segment of a reassembled PDU]"
"55200","36.382702358","192.168.1.2","192.168.1.55","TCP","66","36656  >  8004 [ACK] Seq=144 Ack=105894 Win=72704 Len=0 TSval=3045560237 TSecr=2916040457"
"55201","36.382760970","192.168.1.55","192.168.1.2","TCP","1514","8004  >  36656 [ACK] Seq=155398 Ack=144 Win=65024 Len=1448 TSval=2916040463 TSecr=3045560237 [TCP segment of a reassembled PDU]"
"55202","36.382765747","192.168.1.55","192.168.1.2","TCP","1514","8004  >  36656 [ACK] Seq=156846 Ack=144 Win=65024 Len=1448 TSval=2916040463 TSecr=3045560237 [TCP segment of a reassembled PDU]"
"55203","36.382766840","192.168.1.55","192.168.1.2","TCP","1514","8004  >  36656 [ACK] Seq=158294 Ack=144 Win=65024 Len=1448 TSval=2916040463 TSecr=3045560237 [TCP segment of a reassembled PDU]"
"55204","36.382767933","192.168.1.55","192.168.1.2","TCP","1514","8004  >  36656 [ACK] Seq=159742 Ack=144 Win=65024 Len=1448 TSval=2916040463 TSecr=3045560237 [TCP segment of a reassembled PDU]"
"55205","36.382769099","192.168.1.55","192.168.1.2","TCP","1514","8004  >  36656 [ACK] Seq=161190 Ack=144 Win=65024 Len=1448 TSval=2916040463 TSecr=3045560237 [TCP segment of a reassembled PDU]"
"55206","36.382770044","192.168.1.55","192.168.1.2","TCP","1514","8004  >  36656 [ACK] Seq=162638 Ack=144 Win=65024 Len=1448 TSval=2916040463 TSecr=3045560237 [TCP segment of a reassembled PDU]"
"55207","36.382771136","192.168.1.55","192.168.1.2","TCP","1514","8004  >  36656 [ACK] Seq=164086 Ack=144 Win=65024 Len=1448 TSval=2916040463 TSecr=3045560237 [TCP segment of a reassembled PDU]"
"55208","36.382772136","192.168.1.55","192.168.1.2","TCP","1514","8004  >  36656 [ACK] Seq=165534 Ack=144 Win=65024 Len=1448 TSval=2916040463 TSecr=3045560237 [TCP segment of a reassembled PDU]"
"55209","36.382773285","192.168.1.55","192.168.1.2","TCP","1514","8004  >  36656 [ACK] Seq=166982 Ack=144 Win=65024 Len=1448 TSval=2916040463 TSecr=3045560237 [TCP segment of a reassembled PDU]"
"55210","36.382774303","192.168.1.55","192.168.1.2","TCP","1514","8004  >  36656 [ACK] Seq=168430 Ack=144 Win=65024 Len=1448 TSval=2916040463 TSecr=3045560237 [TCP segment of a reassembled PDU]"
"55211","36.382775285","192.168.1.55","192.168.1.2","TCP","1514","8004  >  36656 [ACK] Seq=169878 Ack=144 Win=65024 Len=1448 TSval=2916040463 TSecr=3045560237 [TCP segment of a reassembled PDU]"
"55212","36.382776377","192.168.1.55","192.168.1.2","TCP","1514","8004  >  36656 [ACK] Seq=171326 Ack=144 Win=65024 Len=1448 TSval=2916040463 TSecr=3045560237 [TCP segment of a reassembled PDU]"
"55213","36.382777396","192.168.1.55","192.168.1.2","TCP","1514","8004  >  36656 [ACK] Seq=172774 Ack=144 Win=65024 Len=1448 TSval=2916040463 TSecr=3045560237 [TCP segment of a reassembled PDU]"
"55214","36.382778748","192.168.1.55","192.168.1.2","TCP","1514","8004  >  36656 [ACK] Seq=174222 Ack=144 Win=65024 Len=1448 TSval=2916040463 TSecr=3045560237 [TCP segment of a reassembled PDU]"
"55215","36.382780007","192.168.1.55","192.168.1.2","TCP","1514","8004  >  36656 [ACK] Seq=175670 Ack=144 Win=65024 Len=1448 TSval=2916040463 TSecr=3045560237 [TCP segment of a reassembled PDU]"
"55216","36.382780988","192.168.1.55","192.168.1.2","TCP","1514","8004  >  36656 [PSH, ACK] Seq=177118 Ack=144 Win=65024 Len=1448 TSval=2916040463 TSecr=3045560237 [TCP segment of a reassembled PDU]"
"55217","36.383463434","192.168.1.2","192.168.1.55","TCP","66","36656  >  8004 [ACK] Seq=144 Ack=114582 Win=94208 Len=0 TSval=3045560237 TSecr=2916040457"
"55218","36.383485100","192.168.1.55","192.168.1.2","TCP","1514","8004  >  36656 [ACK] Seq=178566 Ack=144 Win=65024 Len=1448 TSval=2916040464 TSecr=3045560237 [TCP segment of a reassembled PDU]"
"55219","36.383487008","192.168.1.55","192.168.1.2","TCP","1514","8004  >  36656 [ACK] Seq=180014 Ack=144 Win=65024 Len=1448 TSval=2916040464 TSecr=3045560237 [TCP segment of a reassembled PDU]"
"55220","36.383488045","192.168.1.55","192.168.1.2","TCP","1514","8004  >  36656 [ACK] Seq=181462 Ack=144 Win=65024 Len=1448 TSval=2916040464 TSecr=3045560237 [TCP segment of a reassembled PDU]"
"55221","36.383488989","192.168.1.55","192.168.1.2","TCP","1514","8004  >  36656 [ACK] Seq=182910 Ack=144 Win=65024 Len=1448 TSval=2916040464 TSecr=3045560237 [TCP segment of a reassembled PDU]"
"55222","36.383489952","192.168.1.55","192.168.1.2","TCP","1514","8004  >  36656 [ACK] Seq=184358 Ack=144 Win=65024 Len=1448 TSval=2916040464 TSecr=3045560237 [TCP segment of a reassembled PDU]"
"55223","36.383491008","192.168.1.55","192.168.1.2","TCP","1514","8004  >  36656 [ACK] Seq=185806 Ack=144 Win=65024 Len=1448 TSval=2916040464 TSecr=3045560237 [TCP segment of a reassembled PDU]"
"55224","36.383491952","192.168.1.55","192.168.1.2","TCP","1514","8004  >  36656 [PSH, ACK] Seq=187254 Ack=144 Win=65024 Len=1448 TSval=2916040464 TSecr=3045560237 [TCP segment of a reassembled PDU]"
"55225","36.383497267","192.168.1.55","192.168.1.2","TCP","1242","8004  >  36656 [PSH, ACK] Seq=188702 Ack=144 Win=65024 Len=1176 TSval=2916040464 TSecr=3045560237 [TCP segment of a reassembled PDU]"
"55226","36.383500471","192.168.1.2","192.168.1.55","TCP","66","36656  >  8004 [ACK] Seq=144 Ack=149334 Win=81920 Len=0 TSval=3045560237 TSecr=2916040457"
"55227","36.383532619","192.168.1.55","192.168.1.2","TCP","1514","8004  >  36656 [ACK] Seq=189878 Ack=144 Win=65024 Len=1448 TSval=2916040464 TSecr=3045560237 [TCP segment of a reassembled PDU]"
"55228","36.383534064","192.168.1.55","192.168.1.2","TCP","1514","8004  >  36656 [ACK] Seq=191326 Ack=144 Win=65024 Len=1448 TSval=2916040464 TSecr=3045560237 [TCP segment of a reassembled PDU]"
"55229","36.383535397","192.168.1.55","192.168.1.2","TCP","1514","8004  >  36656 [ACK] Seq=192774 Ack=144 Win=65024 Len=1448 TSval=2916040464 TSecr=3045560237 [TCP segment of a reassembled PDU]"
"55230","36.383536471","192.168.1.55","192.168.1.2","TCP","1514","8004  >  36656 [ACK] Seq=194222 Ack=144 Win=65024 Len=1448 TSval=2916040464 TSecr=3045560237 [TCP segment of a reassembled PDU]"
"55231","36.383537489","192.168.1.55","192.168.1.2","TCP","1514","8004  >  36656 [ACK] Seq=195670 Ack=144 Win=65024 Len=1448 TSval=2916040464 TSecr=3045560237 [TCP segment of a reassembled PDU]"
"55232","36.383538675","192.168.1.55","192.168.1.2","TCP","1514","8004  >  36656 [ACK] Seq=197118 Ack=144 Win=65024 Len=1448 TSval=2916040464 TSecr=3045560237 [TCP segment of a reassembled PDU]"
"55233","36.383539786","192.168.1.55","192.168.1.2","TCP","1514","8004  >  36656 [ACK] Seq=198566 Ack=144 Win=65024 Len=1448 TSval=2916040464 TSecr=3045560237 [TCP segment of a reassembled PDU]"
"55234","36.383540841","192.168.1.55","192.168.1.2","TCP","1514","8004  >  36656 [ACK] Seq=200014 Ack=144 Win=65024 Len=1448 TSval=2916040464 TSecr=3045560237 [TCP segment of a reassembled PDU]"
"55235","36.383541915","192.168.1.55","192.168.1.2","TCP","1514","8004  >  36656 [ACK] Seq=201462 Ack=144 Win=65024 Len=1448 TSval=2916040464 TSecr=3045560237 [TCP segment of a reassembled PDU]"
"55236","36.383542989","192.168.1.55","192.168.1.2","TCP","1514","8004  >  36656 [ACK] Seq=202910 Ack=144 Win=65024 Len=1448 TSval=2916040464 TSecr=3045560237 [TCP segment of a reassembled PDU]"
"55237","36.383543971","192.168.1.55","192.168.1.2","TCP","1514","8004  >  36656 [ACK] Seq=204358 Ack=144 Win=65024 Len=1448 TSval=2916040464 TSecr=3045560237 [TCP segment of a reassembled PDU]"
"55238","36.383544971","192.168.1.55","192.168.1.2","TCP","1514","8004  >  36656 [ACK] Seq=205806 Ack=144 Win=65024 Len=1448 TSval=2916040464 TSecr=3045560237 [TCP segment of a reassembled PDU]"
"55239","36.383546027","192.168.1.55","192.168.1.2","TCP","1514","8004  >  36656 [ACK] Seq=207254 Ack=144 Win=65024 Len=1448 TSval=2916040464 TSecr=3045560237 [TCP segment of a reassembled PDU]"
"55240","36.383547212","192.168.1.55","192.168.1.2","TCP","1514","8004  >  36656 [ACK] Seq=208702 Ack=144 Win=65024 Len=1448 TSval=2916040464 TSecr=3045560237 [TCP segment of a reassembled PDU]"
"55241","36.383548230","192.168.1.55","192.168.1.2","TCP","1514","8004  >  36656 [ACK] Seq=210150 Ack=144 Win=65024 Len=1448 TSval=2916040464 TSecr=3045560237 [TCP segment of a reassembled PDU]"
"55242","36.383549360","192.168.1.55","192.168.1.2","TCP","1514","8004  >  36656 [ACK] Seq=211598 Ack=144 Win=65024 Len=1448 TSval=2916040464 TSecr=3045560237 [TCP segment of a reassembled PDU]"
"55243","36.383550471","192.168.1.55","192.168.1.2","TCP","1514","8004  >  36656 [ACK] Seq=213046 Ack=144 Win=65024 Len=1448 TSval=2916040464 TSecr=3045560237 [TCP segment of a reassembled PDU]"
"55244","36.383551527","192.168.1.55","192.168.1.2","TCP","1514","8004  >  36656 [ACK] Seq=214494 Ack=144 Win=65024 Len=1448 TSval=2916040464 TSecr=3045560237 [TCP segment of a reassembled PDU]"
"55245","36.383552656","192.168.1.55","192.168.1.2","TCP","1514","8004  >  36656 [ACK] Seq=215942 Ack=144 Win=65024 Len=1448 TSval=2916040464 TSecr=3045560237 [TCP segment of a reassembled PDU]"
"55246","36.383553841","192.168.1.55","192.168.1.2","TCP","1514","8004  >  36656 [ACK] Seq=217390 Ack=144 Win=65024 Len=1448 TSval=2916040464 TSecr=3045560237 [TCP segment of a reassembled PDU]"
"55247","36.383555027","192.168.1.55","192.168.1.2","TCP","1514","8004  >  36656 [ACK] Seq=218838 Ack=144 Win=65024 Len=1448 TSval=2916040464 TSecr=3045560237 [TCP segment of a reassembled PDU]"
"55248","36.383556045","192.168.1.55","192.168.1.2","TCP","1514","8004  >  36656 [ACK] Seq=220286 Ack=144 Win=65024 Len=1448 TSval=2916040464 TSecr=3045560237 [TCP segment of a reassembled PDU]"
"55249","36.383557119","192.168.1.55","192.168.1.2","TCP","1514","8004  >  36656 [ACK] Seq=221734 Ack=144 Win=65024 Len=1448 TSval=2916040464 TSecr=3045560237 [TCP segment of a reassembled PDU]"
"55250","36.383558267","192.168.1.55","192.168.1.2","TCP","1514","8004  >  36656 [ACK] Seq=223182 Ack=144 Win=65024 Len=1448 TSval=2916040464 TSecr=3045560237 [TCP segment of a reassembled PDU]"
"55251","36.383559323","192.168.1.55","192.168.1.2","TCP","1514","8004  >  36656 [ACK] Seq=224630 Ack=144 Win=65024 Len=1448 TSval=2916040464 TSecr=3045560237 [TCP segment of a reassembled PDU]"
"55252","36.383560508","192.168.1.55","192.168.1.2","TCP","1514","8004  >  36656 [PSH, ACK] Seq=226078 Ack=144 Win=65024 Len=1448 TSval=2916040464 TSecr=3045560237 [TCP segment of a reassembled PDU]"
"55253","36.383564064","192.168.1.2","192.168.1.55","TCP","66","36656  >  8004 [ACK] Seq=144 Ack=152230 Win=100352 Len=0 TSval=3045560238 TSecr=2916040457"
"55254","36.383569786","192.168.1.2","192.168.1.55","TCP","66","36656  >  8004 [ACK] Seq=144 Ack=155398 Win=105472 Len=0 TSval=3045560238 TSecr=2916040459"
"55255","36.383603471","192.168.1.55","192.168.1.2","TCP","1514","8004  >  36656 [ACK] Seq=227526 Ack=144 Win=65024 Len=1448 TSval=2916040464 TSecr=3045560238 [TCP segment of a reassembled PDU]"
"55256","36.383605360","192.168.1.55","192.168.1.2","TCP","1514","8004  >  36656 [ACK] Seq=228974 Ack=144 Win=65024 Len=1448 TSval=2916040464 TSecr=3045560238 [TCP segment of a reassembled PDU]"
"55257","36.383606378","192.168.1.55","192.168.1.2","TCP","1514","8004  >  36656 [ACK] Seq=230422 Ack=144 Win=65024 Len=1448 TSval=2916040464 TSecr=3045560238 [TCP segment of a reassembled PDU]"
"55258","36.383607416","192.168.1.55","192.168.1.2","TCP","1514","8004  >  36656 [ACK] Seq=231870 Ack=144 Win=65024 Len=1448 TSval=2916040464 TSecr=3045560238 [TCP segment of a reassembled PDU]"
"55259","36.383608619","192.168.1.55","192.168.1.2","TCP","1514","8004  >  36656 [ACK] Seq=233318 Ack=144 Win=65024 Len=1448 TSval=2916040464 TSecr=3045560238 [TCP segment of a reassembled PDU]"
"55260","36.383610212","192.168.1.55","192.168.1.2","TCP","1514","8004  >  36656 [ACK] Seq=234766 Ack=144 Win=65024 Len=1448 TSval=2916040464 TSecr=3045560238 [TCP segment of a reassembled PDU]"
"55261","36.383611193","192.168.1.55","192.168.1.2","TCP","1514","8004  >  36656 [ACK] Seq=236214 Ack=144 Win=65024 Len=1448 TSval=2916040464 TSecr=3045560238 [TCP segment of a reassembled PDU]"
"55262","36.383612249","192.168.1.55","192.168.1.2","TCP","1514","8004  >  36656 [ACK] Seq=237662 Ack=144 Win=65024 Len=1448 TSval=2916040464 TSecr=3045560238 [TCP segment of a reassembled PDU]"
"55263","36.383613304","192.168.1.55","192.168.1.2","TCP","1514","8004  >  36656 [ACK] Seq=239110 Ack=144 Win=65024 Len=1448 TSval=2916040464 TSecr=3045560238 [TCP segment of a reassembled PDU]"
"55264","36.383614453","192.168.1.55","192.168.1.2","TCP","1514","8004  >  36656 [ACK] Seq=240558 Ack=144 Win=65024 Len=1448 TSval=2916040464 TSecr=3045560238 [TCP segment of a reassembled PDU]"
"55265","36.383615564","192.168.1.55","192.168.1.2","TCP","1514","8004  >  36656 [ACK] Seq=242006 Ack=144 Win=65024 Len=1448 TSval=2916040464 TSecr=3045560238 [TCP segment of a reassembled PDU]"
"55266","36.383616619","192.168.1.55","192.168.1.2","TCP","1514","8004  >  36656 [ACK] Seq=243454 Ack=144 Win=65024 Len=1448 TSval=2916040464 TSecr=3045560238 [TCP segment of a reassembled PDU]"
"55267","36.383617675","192.168.1.55","192.168.1.2","TCP","1514","8004  >  36656 [ACK] Seq=244902 Ack=144 Win=65024 Len=1448 TSval=2916040464 TSecr=3045560238 [TCP segment of a reassembled PDU]"
"55268","36.383618767","192.168.1.55","192.168.1.2","TCP","1514","8004  >  36656 [ACK] Seq=246350 Ack=144 Win=65024 Len=1448 TSval=2916040464 TSecr=3045560238 [TCP segment of a reassembled PDU]"
"55269","36.383619823","192.168.1.55","192.168.1.2","TCP","1514","8004  >  36656 [ACK] Seq=247798 Ack=144 Win=65024 Len=1448 TSval=2916040464 TSecr=3045560238 [TCP segment of a reassembled PDU]"
"55270","36.383621082","192.168.1.55","192.168.1.2","TCP","1514","8004  >  36656 [ACK] Seq=249246 Ack=144 Win=65024 Len=1448 TSval=2916040464 TSecr=3045560238 [TCP segment of a reassembled PDU]"
"55271","36.383622138","192.168.1.55","192.168.1.2","TCP","1514","8004  >  36656 [ACK] Seq=250694 Ack=144 Win=65024 Len=1448 TSval=2916040464 TSecr=3045560238 [TCP segment of a reassembled PDU]"
"55272","36.383623175","192.168.1.55","192.168.1.2","TCP","1514","8004  >  36656 [ACK] Seq=252142 Ack=144 Win=65024 Len=1448 TSval=2916040464 TSecr=3045560238 [TCP segment of a reassembled PDU]"
"55273","36.383624230","192.168.1.55","192.168.1.2","TCP","1514","8004  >  36656 [ACK] Seq=253590 Ack=144 Win=65024 Len=1448 TSval=2916040464 TSecr=3045560238 [TCP segment of a reassembled PDU]"
"55274","36.383625453","192.168.1.55","192.168.1.2","TCP","1514","8004  >  36656 [ACK] Seq=255038 Ack=144 Win=65024 Len=1448 TSval=2916040464 TSecr=3045560238 [TCP segment of a reassembled PDU]"
"55275","36.383626786","192.168.1.55","192.168.1.2","TCP","1514","8004  >  36656 [ACK] Seq=256486 Ack=144 Win=65024 Len=1448 TSval=2916040464 TSecr=3045560238 [TCP segment of a reassembled PDU]"
"55276","36.383627804","192.168.1.55","192.168.1.2","TCP","1514","8004  >  36656 [ACK] Seq=257934 Ack=144 Win=65024 Len=1448 TSval=2916040464 TSecr=3045560238 [TCP segment of a reassembled PDU]"
"55277","36.383628879","192.168.1.55","192.168.1.2","TCP","1514","8004  >  36656 [PSH, ACK] Seq=259382 Ack=144 Win=65024 Len=1448 TSval=2916040464 TSecr=3045560238 [TCP segment of a reassembled PDU]"
"55278","36.391630688","192.168.1.2","192.168.1.55","TCP","66","36656  >  8004 [ACK] Seq=144 Ack=178566 Win=91136 Len=0 TSval=3045560243 TSecr=2916040463"
"55279","36.391669854","192.168.1.55","192.168.1.2","TCP","1514","8004  >  36656 [ACK] Seq=260830 Ack=144 Win=65024 Len=1448 TSval=2916040472 TSecr=3045560243 [TCP segment of a reassembled PDU]"
"55280","36.391673095","192.168.1.55","192.168.1.2","TCP","1514","8004  >  36656 [ACK] Seq=262278 Ack=144 Win=65024 Len=1448 TSval=2916040472 TSecr=3045560243 [TCP segment of a reassembled PDU]"
"55281","36.391674021","192.168.1.55","192.168.1.2","TCP","1514","8004  >  36656 [PSH, ACK] Seq=263726 Ack=144 Win=65024 Len=1448 TSval=2916040472 TSecr=3045560243 [TCP segment of a reassembled PDU]"
"55282","36.391724799","192.168.1.2","192.168.1.55","TCP","66","36656  >  8004 [ACK] Seq=144 Ack=213046 Win=62464 Len=0 TSval=3045560243 TSecr=2916040464"
"55283","36.391734132","192.168.1.2","192.168.1.55","TCP","66","36656  >  8004 [ACK] Seq=144 Ack=227526 Win=98304 Len=0 TSval=3045560246 TSecr=2916040464"
"55284","36.391776392","192.168.1.55","192.168.1.2","TCP","1514","8004  >  36656 [ACK] Seq=265174 Ack=144 Win=65024 Len=1448 TSval=2916040472 TSecr=3045560246 [TCP segment of a reassembled PDU]"
"55285","36.391778336","192.168.1.55","192.168.1.2","TCP","1514","8004  >  36656 [ACK] Seq=266622 Ack=144 Win=65024 Len=1448 TSval=2916040472 TSecr=3045560246 [TCP segment of a reassembled PDU]"
"55286","36.391779892","192.168.1.55","192.168.1.2","TCP","1514","8004  >  36656 [ACK] Seq=268070 Ack=144 Win=65024 Len=1448 TSval=2916040472 TSecr=3045560246 [TCP segment of a reassembled PDU]"
"55287","36.391780855","192.168.1.55","192.168.1.2","TCP","1514","8004  >  36656 [ACK] Seq=269518 Ack=144 Win=65024 Len=1448 TSval=2916040472 TSecr=3045560246 [TCP segment of a reassembled PDU]"
"55288","36.391781966","192.168.1.55","192.168.1.2","TCP","1514","8004  >  36656 [ACK] Seq=270966 Ack=144 Win=65024 Len=1448 TSval=2916040472 TSecr=3045560246 [TCP segment of a reassembled PDU]"
"55289","36.391784762","192.168.1.55","192.168.1.2","TCP","1514","8004  >  36656 [ACK] Seq=272414 Ack=144 Win=65024 Len=1448 TSval=2916040472 TSecr=3045560246 [TCP segment of a reassembled PDU]"
"55290","36.391787151","192.168.1.55","192.168.1.2","TCP","1514","8004  >  36656 [ACK] Seq=273862 Ack=144 Win=65024 Len=1448 TSval=2916040472 TSecr=3045560246 [TCP segment of a reassembled PDU]"
"55291","36.391788614","192.168.1.55","192.168.1.2","TCP","1514","8004  >  36656 [ACK] Seq=275310 Ack=144 Win=65024 Len=1448 TSval=2916040472 TSecr=3045560246 [TCP segment of a reassembled PDU]"
"55292","36.391789910","192.168.1.55","192.168.1.2","TCP","1514","8004  >  36656 [ACK] Seq=276758 Ack=144 Win=65024 Len=1448 TSval=2916040472 TSecr=3045560246 [TCP segment of a reassembled PDU]"
"55293","36.391791058","192.168.1.55","192.168.1.2","TCP","1514","8004  >  36656 [ACK] Seq=278206 Ack=144 Win=65024 Len=1448 TSval=2916040472 TSecr=3045560246 [TCP segment of a reassembled PDU]"
"55294","36.391792206","192.168.1.55","192.168.1.2","TCP","1514","8004  >  36656 [ACK] Seq=279654 Ack=144 Win=65024 Len=1448 TSval=2916040472 TSecr=3045560246 [TCP segment of a reassembled PDU]"
"55295","36.391794225","192.168.1.55","192.168.1.2","TCP","1514","8004  >  36656 [ACK] Seq=281102 Ack=144 Win=65024 Len=1448 TSval=2916040472 TSecr=3045560246 [TCP segment of a reassembled PDU]"
"55296","36.391795114","192.168.1.55","192.168.1.2","TCP","1514","8004  >  36656 [ACK] Seq=282550 Ack=144 Win=65024 Len=1448 TSval=2916040472 TSecr=3045560246 [TCP segment of a reassembled PDU]"
"55297","36.391796614","192.168.1.55","192.168.1.2","TCP","1514","8004  >  36656 [ACK] Seq=283998 Ack=144 Win=65024 Len=1448 TSval=2916040472 TSecr=3045560246 [TCP segment of a reassembled PDU]"
"55298","36.391797799","192.168.1.55","192.168.1.2","TCP","1514","8004  >  36656 [ACK] Seq=285446 Ack=144 Win=65024 Len=1448 TSval=2916040472 TSecr=3045560246 [TCP segment of a reassembled PDU]"
"55299","36.391799058","192.168.1.55","192.168.1.2","TCP","1514","8004  >  36656 [ACK] Seq=286894 Ack=144 Win=65024 Len=1448 TSval=2916040472 TSecr=3045560246 [TCP segment of a reassembled PDU]"
"55300","36.391800447","192.168.1.55","192.168.1.2","TCP","1514","8004  >  36656 [ACK] Seq=288342 Ack=144 Win=65024 Len=1448 TSval=2916040472 TSecr=3045560246 [TCP segment of a reassembled PDU]"
"55301","36.391801503","192.168.1.55","192.168.1.2","TCP","1514","8004  >  36656 [ACK] Seq=289790 Ack=144 Win=65024 Len=1448 TSval=2916040472 TSecr=3045560246 [TCP segment of a reassembled PDU]"
"55302","36.391803762","192.168.1.55","192.168.1.2","TCP","1514","8004  >  36656 [ACK] Seq=291238 Ack=144 Win=65024 Len=1448 TSval=2916040472 TSecr=3045560246 [TCP segment of a reassembled PDU]"
"55303","36.391805003","192.168.1.55","192.168.1.2","TCP","1514","8004  >  36656 [ACK] Seq=292686 Ack=144 Win=65024 Len=1448 TSval=2916040472 TSecr=3045560246 [TCP segment of a reassembled PDU]"
"55304","36.391806669","192.168.1.55","192.168.1.2","TCP","1514","8004  >  36656 [ACK] Seq=294134 Ack=144 Win=65024 Len=1448 TSval=2916040472 TSecr=3045560246 [TCP segment of a reassembled PDU]"
"55305","36.391807818","192.168.1.55","192.168.1.2","TCP","1514","8004  >  36656 [ACK] Seq=295582 Ack=144 Win=65024 Len=1448 TSval=2916040472 TSecr=3045560246 [TCP segment of a reassembled PDU]"
"55306","36.391809206","192.168.1.55","192.168.1.2","TCP","1514","8004  >  36656 [ACK] Seq=297030 Ack=144 Win=65024 Len=1448 TSval=2916040472 TSecr=3045560246 [TCP segment of a reassembled PDU]"
"55307","36.391810410","192.168.1.55","192.168.1.2","TCP","1514","8004  >  36656 [ACK] Seq=298478 Ack=144 Win=65024 Len=1448 TSval=2916040472 TSecr=3045560246 [TCP segment of a reassembled PDU]"
"55308","36.391811410","192.168.1.55","192.168.1.2","TCP","1514","8004  >  36656 [ACK] Seq=299926 Ack=144 Win=65024 Len=1448 TSval=2916040472 TSecr=3045560246 [TCP segment of a reassembled PDU]"
"55309","36.391812318","192.168.1.55","192.168.1.2","TCP","1514","8004  >  36656 [PSH, ACK] Seq=301374 Ack=144 Win=65024 Len=1448 TSval=2916040472 TSecr=3045560246 [TCP segment of a reassembled PDU]"
"55310","36.395169119","192.168.1.2","192.168.1.55","TCP","66","36656  >  8004 [ACK] Seq=144 Ack=259382 Win=84992 Len=0 TSval=3045560246 TSecr=2916040464"
"55311","36.395207416","192.168.1.55","192.168.1.2","TCP","1514","8004  >  36656 [ACK] Seq=302822 Ack=144 Win=65024 Len=1448 TSval=2916040475 TSecr=3045560246 [TCP segment of a reassembled PDU]"
"55312","36.395211490","192.168.1.55","192.168.1.2","TCP","1514","8004  >  36656 [ACK] Seq=304270 Ack=144 Win=65024 Len=1448 TSval=2916040475 TSecr=3045560246 [TCP segment of a reassembled PDU]"
"55313","36.395212453","192.168.1.55","192.168.1.2","TCP","1514","8004  >  36656 [ACK] Seq=305718 Ack=144 Win=65024 Len=1448 TSval=2916040475 TSecr=3045560246 [TCP segment of a reassembled PDU]"
"55314","36.395213490","192.168.1.55","192.168.1.2","TCP","1514","8004  >  36656 [ACK] Seq=307166 Ack=144 Win=65024 Len=1448 TSval=2916040475 TSecr=3045560246 [TCP segment of a reassembled PDU]"
"55315","36.395214397","192.168.1.55","192.168.1.2","TCP","1514","8004  >  36656 [ACK] Seq=308614 Ack=144 Win=65024 Len=1448 TSval=2916040475 TSecr=3045560246 [TCP segment of a reassembled PDU]"
"55316","36.395215397","192.168.1.55","192.168.1.2","TCP","1514","8004  >  36656 [ACK] Seq=310062 Ack=144 Win=65024 Len=1448 TSval=2916040475 TSecr=3045560246 [TCP segment of a reassembled PDU]"
"55317","36.395216490","192.168.1.55","192.168.1.2","TCP","1514","8004  >  36656 [ACK] Seq=311510 Ack=144 Win=65024 Len=1448 TSval=2916040475 TSecr=3045560246 [TCP segment of a reassembled PDU]"
"55318","36.395217453","192.168.1.55","192.168.1.2","TCP","1514","8004  >  36656 [ACK] Seq=312958 Ack=144 Win=65024 Len=1448 TSval=2916040475 TSecr=3045560246 [TCP segment of a reassembled PDU]"
"55319","36.395224749","192.168.1.55","192.168.1.2","TCP","1514","8004  >  36656 [ACK] Seq=314406 Ack=144 Win=65024 Len=1448 TSval=2916040475 TSecr=3045560246 [TCP segment of a reassembled PDU]"
"55320","36.395226008","192.168.1.55","192.168.1.2","TCP","1514","8004  >  36656 [ACK] Seq=315854 Ack=144 Win=65024 Len=1448 TSval=2916040475 TSecr=3045560246 [TCP segment of a reassembled PDU]"
"55321","36.395227027","192.168.1.55","192.168.1.2","TCP","1514","8004  >  36656 [ACK] Seq=317302 Ack=144 Win=65024 Len=1448 TSval=2916040475 TSecr=3045560246 [TCP segment of a reassembled PDU]"
"55322","36.395228064","192.168.1.55","192.168.1.2","TCP","1514","8004  >  36656 [ACK] Seq=318750 Ack=144 Win=65024 Len=1448 TSval=2916040475 TSecr=3045560246 [TCP segment of a reassembled PDU]"
"55323","36.395229156","192.168.1.55","192.168.1.2","TCP","1514","8004  >  36656 [ACK] Seq=320198 Ack=144 Win=65024 Len=1448 TSval=2916040475 TSecr=3045560246 [TCP segment of a reassembled PDU]"
"55324","36.395230286","192.168.1.55","192.168.1.2","TCP","1514","8004  >  36656 [ACK] Seq=321646 Ack=144 Win=65024 Len=1448 TSval=2916040475 TSecr=3045560246 [TCP segment of a reassembled PDU]"
"55325","36.395231193","192.168.1.55","192.168.1.2","TCP","1514","8004  >  36656 [ACK] Seq=323094 Ack=144 Win=65024 Len=1448 TSval=2916040475 TSecr=3045560246 [TCP segment of a reassembled PDU]"
"55326","36.395232175","192.168.1.55","192.168.1.2","TCP","1514","8004  >  36656 [ACK] Seq=324542 Ack=144 Win=65024 Len=1448 TSval=2916040475 TSecr=3045560246 [TCP segment of a reassembled PDU]"
"55327","36.395233082","192.168.1.55","192.168.1.2","TCP","1514","8004  >  36656 [ACK] Seq=325990 Ack=144 Win=65024 Len=1448 TSval=2916040475 TSecr=3045560246 [TCP segment of a reassembled PDU]"
"55328","36.395233971","192.168.1.55","192.168.1.2","TCP","1514","8004  >  36656 [ACK] Seq=327438 Ack=144 Win=65024 Len=1448 TSval=2916040475 TSecr=3045560246 [TCP segment of a reassembled PDU]"
"55329","36.395234916","192.168.1.55","192.168.1.2","TCP","1514","8004  >  36656 [ACK] Seq=328886 Ack=144 Win=65024 Len=1448 TSval=2916040475 TSecr=3045560246 [TCP segment of a reassembled PDU]"
"55330","36.395235823","192.168.1.55","192.168.1.2","TCP","1514","8004  >  36656 [ACK] Seq=330334 Ack=144 Win=65024 Len=1448 TSval=2916040475 TSecr=3045560246 [TCP segment of a reassembled PDU]"
"55331","36.395236897","192.168.1.55","192.168.1.2","TCP","1514","8004  >  36656 [ACK] Seq=331782 Ack=144 Win=65024 Len=1448 TSval=2916040475 TSecr=3045560246 [TCP segment of a reassembled PDU]"
"55332","36.395237768","192.168.1.55","192.168.1.2","TCP","1514","8004  >  36656 [ACK] Seq=333230 Ack=144 Win=65024 Len=1448 TSval=2916040475 TSecr=3045560246 [TCP segment of a reassembled PDU]"
"55333","36.395239397","192.168.1.55","192.168.1.2","TCP","1514","8004  >  36656 [ACK] Seq=334678 Ack=144 Win=65024 Len=1448 TSval=2916040475 TSecr=3045560246 [TCP segment of a reassembled PDU]"
"55334","36.395240842","192.168.1.55","192.168.1.2","TCP","1514","8004  >  36656 [ACK] Seq=336126 Ack=144 Win=65024 Len=1448 TSval=2916040475 TSecr=3045560246 [TCP segment of a reassembled PDU]"
"55335","36.395242212","192.168.1.55","192.168.1.2","TCP","1514","8004  >  36656 [ACK] Seq=337574 Ack=144 Win=65024 Len=1448 TSval=2916040475 TSecr=3045560246 [TCP segment of a reassembled PDU]"
"55336","36.395243249","192.168.1.55","192.168.1.2","TCP","1514","8004  >  36656 [PSH, ACK] Seq=339022 Ack=144 Win=65024 Len=1448 TSval=2916040475 TSecr=3045560246 [TCP segment of a reassembled PDU]"
"55337","36.396054954","192.168.1.2","192.168.1.55","TCP","66","36656  >  8004 [ACK] Seq=144 Ack=260830 Win=108544 Len=0 TSval=3045560247 TSecr=2916040464"
"55338","36.397055104","192.168.1.2","192.168.1.55","TCP","66","36656  >  8004 [ACK] Seq=144 Ack=295582 Win=108544 Len=0 TSval=3045560250 TSecr=2916040472"
"55339","36.397091437","192.168.1.55","192.168.1.2","TCP","1514","8004  >  36656 [ACK] Seq=340470 Ack=144 Win=65024 Len=1448 TSval=2916040477 TSecr=3045560250 [TCP segment of a reassembled PDU]"
"55340","36.397094122","192.168.1.55","192.168.1.2","TCP","1514","8004  >  36656 [ACK] Seq=341918 Ack=144 Win=65024 Len=1448 TSval=2916040477 TSecr=3045560250 [TCP segment of a reassembled PDU]"
"55341","36.397095067","192.168.1.55","192.168.1.2","TCP","1514","8004  >  36656 [ACK] Seq=343366 Ack=144 Win=65024 Len=1448 TSval=2916040477 TSecr=3045560250 [TCP segment of a reassembled PDU]"
"55342","36.397095993","192.168.1.55","192.168.1.2","TCP","1514","8004  >  36656 [ACK] Seq=344814 Ack=144 Win=65024 Len=1448 TSval=2916040477 TSecr=3045560250 [TCP segment of a reassembled PDU]"
"55343","36.397097067","192.168.1.55","192.168.1.2","TCP","1514","8004  >  36656 [ACK] Seq=346262 Ack=144 Win=65024 Len=1448 TSval=2916040477 TSecr=3045560250 [TCP segment of a reassembled PDU]"
"55344","36.397097974","192.168.1.55","192.168.1.2","TCP","1514","8004  >  36656 [ACK] Seq=347710 Ack=144 Win=65024 Len=1448 TSval=2916040477 TSecr=3045560250 [TCP segment of a reassembled PDU]"
"55345","36.397098863","192.168.1.55","192.168.1.2","TCP","1514","8004  >  36656 [ACK] Seq=349158 Ack=144 Win=65024 Len=1448 TSval=2916040477 TSecr=3045560250 [TCP segment of a reassembled PDU]"
"55346","36.397099882","192.168.1.55","192.168.1.2","TCP","1514","8004  >  36656 [ACK] Seq=350606 Ack=144 Win=65024 Len=1448 TSval=2916040477 TSecr=3045560250 [TCP segment of a reassembled PDU]"
"55347","36.397100900","192.168.1.55","192.168.1.2","TCP","1514","8004  >  36656 [ACK] Seq=352054 Ack=144 Win=65024 Len=1448 TSval=2916040477 TSecr=3045560250 [TCP segment of a reassembled PDU]"
"55348","36.397101882","192.168.1.55","192.168.1.2","TCP","1514","8004  >  36656 [ACK] Seq=353502 Ack=144 Win=65024 Len=1448 TSval=2916040477 TSecr=3045560250 [TCP segment of a reassembled PDU]"
"55349","36.397102789","192.168.1.55","192.168.1.2","TCP","1514","8004  >  36656 [ACK] Seq=354950 Ack=144 Win=65024 Len=1448 TSval=2916040477 TSecr=3045560250 [TCP segment of a reassembled PDU]"
"55350","36.397103659","192.168.1.55","192.168.1.2","TCP","1514","8004  >  36656 [ACK] Seq=356398 Ack=144 Win=65024 Len=1448 TSval=2916040477 TSecr=3045560250 [TCP segment of a reassembled PDU]"
"55351","36.397104752","192.168.1.55","192.168.1.2","TCP","1514","8004  >  36656 [ACK] Seq=357846 Ack=144 Win=65024 Len=1448 TSval=2916040477 TSecr=3045560250 [TCP segment of a reassembled PDU]"
"55352","36.397106919","192.168.1.55","192.168.1.2","TCP","1514","8004  >  36656 [ACK] Seq=359294 Ack=144 Win=65024 Len=1448 TSval=2916040477 TSecr=3045560250 [TCP segment of a reassembled PDU]"
"55353","36.397108011","192.168.1.55","192.168.1.2","TCP","1514","8004  >  36656 [ACK] Seq=360742 Ack=144 Win=65024 Len=1448 TSval=2916040477 TSecr=3045560250 [TCP segment of a reassembled PDU]"
"55354","36.397108993","192.168.1.55","192.168.1.2","TCP","1514","8004  >  36656 [ACK] Seq=362190 Ack=144 Win=65024 Len=1448 TSval=2916040477 TSecr=3045560250 [TCP segment of a reassembled PDU]"
"55355","36.397109919","192.168.1.55","192.168.1.2","TCP","1514","8004  >  36656 [ACK] Seq=363638 Ack=144 Win=65024 Len=1448 TSval=2916040477 TSecr=3045560250 [TCP segment of a reassembled PDU]"
"55356","36.397111030","192.168.1.55","192.168.1.2","TCP","1514","8004  >  36656 [ACK] Seq=365086 Ack=144 Win=65024 Len=1448 TSval=2916040477 TSecr=3045560250 [TCP segment of a reassembled PDU]"
"55357","36.397111993","192.168.1.55","192.168.1.2","TCP","1514","8004  >  36656 [ACK] Seq=366534 Ack=144 Win=65024 Len=1448 TSval=2916040477 TSecr=3045560250 [TCP segment of a reassembled PDU]"
"55358","36.397112974","192.168.1.55","192.168.1.2","TCP","1514","8004  >  36656 [ACK] Seq=367982 Ack=144 Win=65024 Len=1448 TSval=2916040477 TSecr=3045560250 [TCP segment of a reassembled PDU]"
"55359","36.397113993","192.168.1.55","192.168.1.2","TCP","1514","8004  >  36656 [ACK] Seq=369430 Ack=144 Win=65024 Len=1448 TSval=2916040477 TSecr=3045560250 [TCP segment of a reassembled PDU]"
"55360","36.397114863","192.168.1.55","192.168.1.2","TCP","1514","8004  >  36656 [ACK] Seq=370878 Ack=144 Win=65024 Len=1448 TSval=2916040477 TSecr=3045560250 [TCP segment of a reassembled PDU]"
"55361","36.397115937","192.168.1.55","192.168.1.2","TCP","1514","8004  >  36656 [ACK] Seq=372326 Ack=144 Win=65024 Len=1448 TSval=2916040477 TSecr=3045560250 [TCP segment of a reassembled PDU]"
"55362","36.397117011","192.168.1.55","192.168.1.2","TCP","1514","8004  >  36656 [ACK] Seq=373774 Ack=144 Win=65024 Len=1448 TSval=2916040477 TSecr=3045560250 [TCP segment of a reassembled PDU]"
"55363","36.397117956","192.168.1.55","192.168.1.2","TCP","1514","8004  >  36656 [ACK] Seq=375222 Ack=144 Win=65024 Len=1448 TSval=2916040477 TSecr=3045560250 [TCP segment of a reassembled PDU]"
"55364","36.397119030","192.168.1.55","192.168.1.2","TCP","1514","8004  >  36656 [PSH, ACK] Seq=376670 Ack=144 Win=65024 Len=1448 TSval=2916040477 TSecr=3045560250 [TCP segment of a reassembled PDU]"
"55365","36.402429687","192.168.1.2","192.168.1.55","TCP","66","36656  >  8004 [ACK] Seq=144 Ack=302822 Win=122880 Len=0 TSval=3045560252 TSecr=2916040472"
"55366","36.402576020","192.168.1.55","192.168.1.2","TCP","1514","8004  >  36656 [ACK] Seq=378118 Ack=144 Win=65024 Len=1448 TSval=2916040483 TSecr=3045560252 [TCP segment of a reassembled PDU]"
"55367","36.402588613","192.168.1.55","192.168.1.2","TCP","1514","8004  >  36656 [ACK] Seq=379566 Ack=144 Win=65024 Len=1448 TSval=2916040483 TSecr=3045560252 [TCP segment of a reassembled PDU]"
"55368","36.402589983","192.168.1.55","192.168.1.2","TCP","1514","8004  >  36656 [ACK] Seq=381014 Ack=144 Win=65024 Len=1448 TSval=2916040483 TSecr=3045560252 [TCP segment of a reassembled PDU]"
"55369","36.402591594","192.168.1.55","192.168.1.2","TCP","1514","8004  >  36656 [ACK] Seq=382462 Ack=144 Win=65024 Len=1448 TSval=2916040483 TSecr=3045560252 [TCP segment of a reassembled PDU]"
"55370","36.402592946","192.168.1.55","192.168.1.2","TCP","1514","8004  >  36656 [ACK] Seq=383910 Ack=144 Win=65024 Len=1448 TSval=2916040483 TSecr=3045560252 [TCP segment of a reassembled PDU]"
"55371","36.402594094","192.168.1.55","192.168.1.2","TCP","1514","8004  >  36656 [ACK] Seq=385358 Ack=144 Win=65024 Len=1448 TSval=2916040483 TSecr=3045560252 [TCP segment of a reassembled PDU]"
"55372","36.402595205","192.168.1.55","192.168.1.2","TCP","1514","8004  >  36656 [ACK] Seq=386806 Ack=144 Win=65024 Len=1448 TSval=2916040483 TSecr=3045560252 [TCP segment of a reassembled PDU]"
"55373","36.402596650","192.168.1.55","192.168.1.2","TCP","1514","8004  >  36656 [ACK] Seq=388254 Ack=144 Win=65024 Len=1448 TSval=2916040483 TSecr=3045560252 [TCP segment of a reassembled PDU]"
"55374","36.402598094","192.168.1.55","192.168.1.2","TCP","1514","8004  >  36656 [ACK] Seq=389702 Ack=144 Win=65024 Len=1448 TSval=2916040483 TSecr=3045560252 [TCP segment of a reassembled PDU]"
"55375","36.402599724","192.168.1.55","192.168.1.2","TCP","1514","8004  >  36656 [ACK] Seq=391150 Ack=144 Win=65024 Len=1448 TSval=2916040483 TSecr=3045560252 [TCP segment of a reassembled PDU]"
"55376","36.402600853","192.168.1.55","192.168.1.2","TCP","1514","8004  >  36656 [ACK] Seq=392598 Ack=144 Win=65024 Len=1448 TSval=2916040483 TSecr=3045560252 [TCP segment of a reassembled PDU]"
"55377","36.402602020","192.168.1.55","192.168.1.2","TCP","1514","8004  >  36656 [ACK] Seq=394046 Ack=144 Win=65024 Len=1448 TSval=2916040483 TSecr=3045560252 [TCP segment of a reassembled PDU]"
"55378","36.402603483","192.168.1.55","192.168.1.2","TCP","1514","8004  >  36656 [ACK] Seq=395494 Ack=144 Win=65024 Len=1448 TSval=2916040483 TSecr=3045560252 [TCP segment of a reassembled PDU]"
"55379","36.402604428","192.168.1.55","192.168.1.2","TCP","1514","8004  >  36656 [ACK] Seq=396942 Ack=144 Win=65024 Len=1448 TSval=2916040483 TSecr=3045560252 [TCP segment of a reassembled PDU]"
"55380","36.402605798","192.168.1.55","192.168.1.2","TCP","1514","8004  >  36656 [ACK] Seq=398390 Ack=144 Win=65024 Len=1448 TSval=2916040483 TSecr=3045560252 [TCP segment of a reassembled PDU]"
"55381","36.402607002","192.168.1.55","192.168.1.2","TCP","1514","8004  >  36656 [ACK] Seq=399838 Ack=144 Win=65024 Len=1448 TSval=2916040483 TSecr=3045560252 [TCP segment of a reassembled PDU]"
"55382","36.402608428","192.168.1.55","192.168.1.2","TCP","1514","8004  >  36656 [ACK] Seq=401286 Ack=144 Win=65024 Len=1448 TSval=2916040483 TSecr=3045560252 [TCP segment of a reassembled PDU]"
"55383","36.402610279","192.168.1.55","192.168.1.2","TCP","1514","8004  >  36656 [ACK] Seq=402734 Ack=144 Win=65024 Len=1448 TSval=2916040483 TSecr=3045560252 [TCP segment of a reassembled PDU]"
"55384","36.402612113","192.168.1.55","192.168.1.2","TCP","1514","8004  >  36656 [ACK] Seq=404182 Ack=144 Win=65024 Len=1448 TSval=2916040483 TSecr=3045560252 [TCP segment of a reassembled PDU]"
"55385","36.402613872","192.168.1.55","192.168.1.2","TCP","1514","8004  >  36656 [ACK] Seq=405630 Ack=144 Win=65024 Len=1448 TSval=2916040483 TSecr=3045560252 [TCP segment of a reassembled PDU]"
"55386","36.402615224","192.168.1.55","192.168.1.2","TCP","1514","8004  >  36656 [ACK] Seq=407078 Ack=144 Win=65024 Len=1448 TSval=2916040483 TSecr=3045560252 [TCP segment of a reassembled PDU]"
"55387","36.402616742","192.168.1.55","192.168.1.2","TCP","1514","8004  >  36656 [ACK] Seq=408526 Ack=144 Win=65024 Len=1448 TSval=2916040483 TSecr=3045560252 [TCP segment of a reassembled PDU]"
"55388","36.402618724","192.168.1.55","192.168.1.2","TCP","1514","8004  >  36656 [ACK] Seq=409974 Ack=144 Win=65024 Len=1448 TSval=2916040483 TSecr=3045560252 [TCP segment of a reassembled PDU]"
"55389","36.402620539","192.168.1.55","192.168.1.2","TCP","1514","8004  >  36656 [ACK] Seq=411422 Ack=144 Win=65024 Len=1448 TSval=2916040483 TSecr=3045560252 [TCP segment of a reassembled PDU]"
"55390","36.402621853","192.168.1.55","192.168.1.2","TCP","1514","8004  >  36656 [ACK] Seq=412870 Ack=144 Win=65024 Len=1448 TSval=2916040483 TSecr=3045560252 [TCP segment of a reassembled PDU]"
"55391","36.402623539","192.168.1.55","192.168.1.2","TCP","1514","8004  >  36656 [PSH, ACK] Seq=414318 Ack=144 Win=65024 Len=1448 TSval=2916040483 TSecr=3045560252 [TCP segment of a reassembled PDU]"
"55392","36.403686337","192.168.1.2","192.168.1.55","TCP","66","36656  >  8004 [ACK] Seq=144 Ack=310062 Win=137216 Len=0 TSval=3045560256 TSecr=2916040475"
"55393","36.403796911","192.168.1.55","192.168.1.2","TCP","1514","8004  >  36656 [ACK] Seq=415766 Ack=144 Win=65024 Len=1448 TSval=2916040484 TSecr=3045560256 [TCP segment of a reassembled PDU]"
"55394","36.403803929","192.168.1.55","192.168.1.2","TCP","1514","8004  >  36656 [ACK] Seq=417214 Ack=144 Win=65024 Len=1448 TSval=2916040484 TSecr=3045560256 [TCP segment of a reassembled PDU]"
"55395","36.403805115","192.168.1.55","192.168.1.2","TCP","1514","8004  >  36656 [ACK] Seq=418662 Ack=144 Win=65024 Len=1448 TSval=2916040484 TSecr=3045560256 [TCP segment of a reassembled PDU]"
"55396","36.403806189","192.168.1.55","192.168.1.2","TCP","1514","8004  >  36656 [ACK] Seq=420110 Ack=144 Win=65024 Len=1448 TSval=2916040484 TSecr=3045560256 [TCP segment of a reassembled PDU]"
"55397","36.403807855","192.168.1.55","192.168.1.2","TCP","1514","8004  >  36656 [ACK] Seq=421558 Ack=144 Win=65024 Len=1448 TSval=2916040484 TSecr=3045560256 [TCP segment of a reassembled PDU]"
"55398","36.403809115","192.168.1.55","192.168.1.2","TCP","1514","8004  >  36656 [ACK] Seq=423006 Ack=144 Win=65024 Len=1448 TSval=2916040484 TSecr=3045560256 [TCP segment of a reassembled PDU]"
"55399","36.403810300","192.168.1.55","192.168.1.2","TCP","1514","8004  >  36656 [ACK] Seq=424454 Ack=144 Win=65024 Len=1448 TSval=2916040484 TSecr=3045560256 [TCP segment of a reassembled PDU]"
"55400","36.403811652","192.168.1.55","192.168.1.2","TCP","1514","8004  >  36656 [ACK] Seq=425902 Ack=144 Win=65024 Len=1448 TSval=2916040484 TSecr=3045560256 [TCP segment of a reassembled PDU]"
"55401","36.403813967","192.168.1.55","192.168.1.2","TCP","1514","8004  >  36656 [ACK] Seq=427350 Ack=144 Win=65024 Len=1448 TSval=2916040484 TSecr=3045560256 [TCP segment of a reassembled PDU]"
"55402","36.403815318","192.168.1.55","192.168.1.2","TCP","1514","8004  >  36656 [ACK] Seq=428798 Ack=144 Win=65024 Len=1448 TSval=2916040484 TSecr=3045560256 [TCP segment of a reassembled PDU]"
"55403","36.403816300","192.168.1.55","192.168.1.2","TCP","1514","8004  >  36656 [ACK] Seq=430246 Ack=144 Win=65024 Len=1448 TSval=2916040484 TSecr=3045560256 [TCP segment of a reassembled PDU]"
"55404","36.403818022","192.168.1.55","192.168.1.2","TCP","1514","8004  >  36656 [ACK] Seq=431694 Ack=144 Win=65024 Len=1448 TSval=2916040484 TSecr=3045560256 [TCP segment of a reassembled PDU]"
"55405","36.403820392","192.168.1.55","192.168.1.2","TCP","1514","8004  >  36656 [ACK] Seq=433142 Ack=144 Win=65024 Len=1448 TSval=2916040484 TSecr=3045560256 [TCP segment of a reassembled PDU]"
"55406","36.403822207","192.168.1.55","192.168.1.2","TCP","1514","8004  >  36656 [ACK] Seq=434590 Ack=144 Win=65024 Len=1448 TSval=2916040484 TSecr=3045560256 [TCP segment of a reassembled PDU]"
"55407","36.403824022","192.168.1.55","192.168.1.2","TCP","1514","8004  >  36656 [ACK] Seq=436038 Ack=144 Win=65024 Len=1448 TSval=2916040484 TSecr=3045560256 [TCP segment of a reassembled PDU]"
"55408","36.403825392","192.168.1.55","192.168.1.2","TCP","1514","8004  >  36656 [ACK] Seq=437486 Ack=144 Win=65024 Len=1448 TSval=2916040484 TSecr=3045560256 [TCP segment of a reassembled PDU]"
"55409","36.403827948","192.168.1.55","192.168.1.2","TCP","1514","8004  >  36656 [ACK] Seq=438934 Ack=144 Win=65024 Len=1448 TSval=2916040484 TSecr=3045560256 [TCP segment of a reassembled PDU]"
"55410","36.403829226","192.168.1.55","192.168.1.2","TCP","1514","8004  >  36656 [ACK] Seq=440382 Ack=144 Win=65024 Len=1448 TSval=2916040484 TSecr=3045560256 [TCP segment of a reassembled PDU]"
"55411","36.403830207","192.168.1.55","192.168.1.2","TCP","1514","8004  >  36656 [ACK] Seq=441830 Ack=144 Win=65024 Len=1448 TSval=2916040484 TSecr=3045560256 [TCP segment of a reassembled PDU]"
"55412","36.403831615","192.168.1.55","192.168.1.2","TCP","1514","8004  >  36656 [ACK] Seq=443278 Ack=144 Win=65024 Len=1448 TSval=2916040484 TSecr=3045560256 [TCP segment of a reassembled PDU]"
"55413","36.403832911","192.168.1.55","192.168.1.2","TCP","1514","8004  >  36656 [ACK] Seq=444726 Ack=144 Win=65024 Len=1448 TSval=2916040484 TSecr=3045560256 [TCP segment of a reassembled PDU]"
"55414","36.403833967","192.168.1.55","192.168.1.2","TCP","1170","[TCP Window Full] 8004  >  36656 [PSH, ACK] Seq=446174 Ack=144 Win=65024 Len=1104 TSval=2916040484 TSecr=3045560256 [TCP segment of a reassembled PDU]"
"55415","36.403897522","192.168.1.2","192.168.1.55","TCP","66","36656  >  8004 [ACK] Seq=144 Ack=340470 Win=124928 Len=0 TSval=3045560257 TSecr=2916040475"
"55416","36.403930930","192.168.1.55","192.168.1.2","TCP","1514","8004  >  36656 [ACK] Seq=447278 Ack=144 Win=65024 Len=1448 TSval=2916040484 TSecr=3045560257 [TCP segment of a reassembled PDU]"
"55417","36.403934856","192.168.1.55","192.168.1.2","TCP","1514","8004  >  36656 [ACK] Seq=448726 Ack=144 Win=65024 Len=1448 TSval=2916040484 TSecr=3045560257 [TCP segment of a reassembled PDU]"
"55418","36.403936800","192.168.1.55","192.168.1.2","TCP","1514","8004  >  36656 [ACK] Seq=450174 Ack=144 Win=65024 Len=1448 TSval=2916040484 TSecr=3045560257 [TCP segment of a reassembled PDU]"
"55419","36.403937689","192.168.1.55","192.168.1.2","TCP","1514","8004  >  36656 [PSH, ACK] Seq=451622 Ack=144 Win=65024 Len=1448 TSval=2916040484 TSecr=3045560257 [TCP segment of a reassembled PDU]"
"55420","36.403945763","192.168.1.55","192.168.1.2","TCP","410","8004  >  36656 [PSH, ACK] Seq=453070 Ack=144 Win=65024 Len=344 TSval=2916040484 TSecr=3045560257 [TCP segment of a reassembled PDU]"
"55421","36.403948874","192.168.1.2","192.168.1.55","TCP","66","36656  >  8004 [ACK] Seq=144 Ack=375222 Win=95232 Len=0 TSval=3045560257 TSecr=2916040477"
"55422","36.403957059","192.168.1.2","192.168.1.55","TCP","66","36656  >  8004 [ACK] Seq=144 Ack=376670 Win=140288 Len=0 TSval=3045560258 TSecr=2916040477"
"55423","36.404001041","192.168.1.55","192.168.1.2","TCP","1514","8004  >  36656 [ACK] Seq=453414 Ack=144 Win=65024 Len=1448 TSval=2916040484 TSecr=3045560258 [TCP segment of a reassembled PDU]"
"55424","36.404002985","192.168.1.55","192.168.1.2","TCP","1514","8004  >  36656 [ACK] Seq=454862 Ack=144 Win=65024 Len=1448 TSval=2916040484 TSecr=3045560258 [TCP segment of a reassembled PDU]"
"55425","36.404004689","192.168.1.55","192.168.1.2","TCP","1514","8004  >  36656 [ACK] Seq=456310 Ack=144 Win=65024 Len=1448 TSval=2916040484 TSecr=3045560258 [TCP segment of a reassembled PDU]"
"55426","36.404006689","192.168.1.55","192.168.1.2","TCP","1514","8004  >  36656 [ACK] Seq=457758 Ack=144 Win=65024 Len=1448 TSval=2916040484 TSecr=3045560258 [TCP segment of a reassembled PDU]"
"55427","36.404008208","192.168.1.55","192.168.1.2","TCP","1514","8004  >  36656 [ACK] Seq=459206 Ack=144 Win=65024 Len=1448 TSval=2916040484 TSecr=3045560258 [TCP segment of a reassembled PDU]"
"55428","36.404009208","192.168.1.55","192.168.1.2","TCP","1514","8004  >  36656 [ACK] Seq=460654 Ack=144 Win=65024 Len=1448 TSval=2916040484 TSecr=3045560258 [TCP segment of a reassembled PDU]"
"55429","36.404010356","192.168.1.55","192.168.1.2","TCP","1514","8004  >  36656 [ACK] Seq=462102 Ack=144 Win=65024 Len=1448 TSval=2916040484 TSecr=3045560258 [TCP segment of a reassembled PDU]"
"55430","36.404011300","192.168.1.55","192.168.1.2","TCP","1514","8004  >  36656 [ACK] Seq=463550 Ack=144 Win=65024 Len=1448 TSval=2916040484 TSecr=3045560258 [TCP segment of a reassembled PDU]"
"55431","36.404012208","192.168.1.55","192.168.1.2","TCP","1514","8004  >  36656 [ACK] Seq=464998 Ack=144 Win=65024 Len=1448 TSval=2916040484 TSecr=3045560258 [TCP segment of a reassembled PDU]"
"55432","36.404013485","192.168.1.55","192.168.1.2","TCP","1514","8004  >  36656 [ACK] Seq=466446 Ack=144 Win=65024 Len=1448 TSval=2916040484 TSecr=3045560258 [TCP segment of a reassembled PDU]"
"55433","36.404015263","192.168.1.55","192.168.1.2","TCP","1514","8004  >  36656 [ACK] Seq=467894 Ack=144 Win=65024 Len=1448 TSval=2916040484 TSecr=3045560258 [TCP segment of a reassembled PDU]"
"55434","36.404016985","192.168.1.55","192.168.1.2","TCP","1514","8004  >  36656 [ACK] Seq=469342 Ack=144 Win=65024 Len=1448 TSval=2916040484 TSecr=3045560258 [TCP segment of a reassembled PDU]"
"55435","36.404018300","192.168.1.55","192.168.1.2","TCP","1514","8004  >  36656 [ACK] Seq=470790 Ack=144 Win=65024 Len=1448 TSval=2916040484 TSecr=3045560258 [TCP segment of a reassembled PDU]"
"55436","36.404019319","192.168.1.55","192.168.1.2","TCP","1514","8004  >  36656 [ACK] Seq=472238 Ack=144 Win=65024 Len=1448 TSval=2916040484 TSecr=3045560258 [TCP segment of a reassembled PDU]"
"55437","36.404020596","192.168.1.55","192.168.1.2","TCP","1514","8004  >  36656 [ACK] Seq=473686 Ack=144 Win=65024 Len=1448 TSval=2916040484 TSecr=3045560258 [TCP segment of a reassembled PDU]"
"55438","36.404021634","192.168.1.55","192.168.1.2","TCP","1514","8004  >  36656 [ACK] Seq=475134 Ack=144 Win=65024 Len=1448 TSval=2916040484 TSecr=3045560258 [TCP segment of a reassembled PDU]"
"55439","36.404022967","192.168.1.55","192.168.1.2","TCP","1514","8004  >  36656 [ACK] Seq=476582 Ack=144 Win=65024 Len=1448 TSval=2916040484 TSecr=3045560258 [TCP segment of a reassembled PDU]"
"55440","36.404025263","192.168.1.55","192.168.1.2","TCP","1514","8004  >  36656 [ACK] Seq=478030 Ack=144 Win=65024 Len=1448 TSval=2916040484 TSecr=3045560258 [TCP segment of a reassembled PDU]"
"55441","36.404027226","192.168.1.55","192.168.1.2","TCP","1514","8004  >  36656 [ACK] Seq=479478 Ack=144 Win=65024 Len=1448 TSval=2916040484 TSecr=3045560258 [TCP segment of a reassembled PDU]"
"55442","36.404028245","192.168.1.55","192.168.1.2","TCP","1514","8004  >  36656 [ACK] Seq=480926 Ack=144 Win=65024 Len=1448 TSval=2916040484 TSecr=3045560258 [TCP segment of a reassembled PDU]"
"55443","36.404029337","192.168.1.55","192.168.1.2","TCP","1514","8004  >  36656 [ACK] Seq=482374 Ack=144 Win=65024 Len=1448 TSval=2916040484 TSecr=3045560258 [TCP segment of a reassembled PDU]"
"55444","36.404030522","192.168.1.55","192.168.1.2","TCP","1514","8004  >  36656 [ACK] Seq=483822 Ack=144 Win=65024 Len=1448 TSval=2916040484 TSecr=3045560258 [TCP segment of a reassembled PDU]"
"55445","36.404031763","192.168.1.55","192.168.1.2","TCP","1514","8004  >  36656 [ACK] Seq=485270 Ack=144 Win=65024 Len=1448 TSval=2916040484 TSecr=3045560258 [TCP segment of a reassembled PDU]"
"55446","36.404034134","192.168.1.55","192.168.1.2","TCP","1514","8004  >  36656 [ACK] Seq=486718 Ack=144 Win=65024 Len=1448 TSval=2916040484 TSecr=3045560258 [TCP segment of a reassembled PDU]"
"55447","36.404035819","192.168.1.55","192.168.1.2","TCP","1514","8004  >  36656 [ACK] Seq=488166 Ack=144 Win=65024 Len=1448 TSval=2916040484 TSecr=3045560258 [TCP segment of a reassembled PDU]"
"55448","36.404037115","192.168.1.55","192.168.1.2","TCP","1514","8004  >  36656 [PSH, ACK] Seq=489614 Ack=144 Win=65024 Len=1448 TSval=2916040484 TSecr=3045560258 [TCP segment of a reassembled PDU]"
"55449","36.404052319","192.168.1.55","192.168.1.2","TCP","1514","8004  >  36656 [ACK] Seq=491062 Ack=144 Win=65024 Len=1448 TSval=2916040484 TSecr=3045560258 [TCP segment of a reassembled PDU]"
"55450","36.404053745","192.168.1.55","192.168.1.2","TCP","1514","8004  >  36656 [ACK] Seq=492510 Ack=144 Win=65024 Len=1448 TSval=2916040484 TSecr=3045560258 [TCP segment of a reassembled PDU]"
"55451","36.404056319","192.168.1.55","192.168.1.2","TCP","1514","8004  >  36656 [ACK] Seq=493958 Ack=144 Win=65024 Len=1448 TSval=2916040484 TSecr=3045560258 [TCP segment of a reassembled PDU]"
"55452","36.404057763","192.168.1.55","192.168.1.2","TCP","1514","8004  >  36656 [ACK] Seq=495406 Ack=144 Win=65024 Len=1448 TSval=2916040484 TSecr=3045560258 [TCP segment of a reassembled PDU]"
"55453","36.404058985","192.168.1.55","192.168.1.2","TCP","1514","8004  >  36656 [PSH, ACK] Seq=496854 Ack=144 Win=65024 Len=1448 TSval=2916040484 TSecr=3045560258 [TCP segment of a reassembled PDU]"
"55454","36.404064800","192.168.1.55","192.168.1.2","HTTP","222","HTTP/1.0 200 OK  (PNG)"
"55455","36.404067430","192.168.1.2","192.168.1.55","TCP","66","36656  >  8004 [ACK] Seq=144 Ack=378118 Win=143360 Len=0 TSval=3045560258 TSecr=2916040477"
"55456","36.410911367","192.168.1.2","192.168.1.55","TCP","66","36656  >  8004 [ACK] Seq=144 Ack=415766 Win=116736 Len=0 TSval=3045560266 TSecr=2916040483"
"55457","36.411105312","192.168.1.2","192.168.1.55","TCP","66","36656  >  8004 [ACK] Seq=144 Ack=447278 Win=91136 Len=0 TSval=3045560266 TSecr=2916040484"
"55458","36.411128589","192.168.1.2","192.168.1.55","TCP","66","36656  >  8004 [ACK] Seq=144 Ack=453070 Win=144384 Len=0 TSval=3045560266 TSecr=2916040484"
"55459","36.411131849","192.168.1.2","192.168.1.55","TCP","66","36656  >  8004 [ACK] Seq=144 Ack=491062 Win=117760 Len=0 TSval=3045560266 TSecr=2916040484"
"55460","36.411137515","192.168.1.2","192.168.1.55","TCP","66","36656  >  8004 [ACK] Seq=144 Ack=498302 Win=141312 Len=0 TSval=3045560266 TSecr=2916040484"
"55461","36.412836777","192.168.1.2","192.168.1.55","TCP","66","36656  >  8004 [FIN, ACK] Seq=144 Ack=498459 Win=147456 Len=0 TSval=3045560267 TSecr=2916040484"
"55462","36.412850351","192.168.1.55","192.168.1.2","TCP","66","8004  >  36656 [ACK] Seq=498459 Ack=145 Win=65024 Len=0 TSval=2916040493 TSecr=3045560267"
"55463","36.412946518","192.168.1.2","192.168.1.55","TCP","74","36672  >  8004 [SYN] Seq=0 Win=64240 Len=0 MSS=1460 SACK_PERM TSval=3045560268 TSecr=0 WS=1024"
"55464","36.412969166","192.168.1.55","192.168.1.2","TCP","74","8004  >  36672 [SYN, ACK] Seq=0 Ack=1 Win=65160 Len=0 MSS=1460 SACK_PERM TSval=2916040493 TSecr=3045560268 WS=128"
"55465","36.416465061","192.168.1.2","192.168.1.55","TCP","66","36672  >  8004 [ACK] Seq=1 Ack=1 Win=64512 Len=0 TSval=3045560271 TSecr=2916040493"
"55466","36.419650159","192.168.1.2","192.168.1.55","HTTP","206","GET /stego_benchmark.png HTTP/1.1 "
"55467","36.419672325","192.168.1.55","192.168.1.2","TCP","66","8004  >  36672 [ACK] Seq=1 Ack=141 Win=65024 Len=0 TSval=2916040500 TSecr=3045560271"
"55468","36.420274326","192.168.1.55","192.168.1.2","TCP","255","8004  >  36672 [PSH, ACK] Seq=1 Ack=141 Win=65024 Len=189 TSval=2916040500 TSecr=3045560271 [TCP segment of a reassembled PDU]"
"55469","36.420388160","192.168.1.55","192.168.1.2","TCP","1514","8004  >  36672 [ACK] Seq=190 Ack=141 Win=65024 Len=1448 TSval=2916040501 TSecr=3045560271 [TCP segment of a reassembled PDU]"
"55470","36.420395771","192.168.1.55","192.168.1.2","TCP","1514","8004  >  36672 [ACK] Seq=1638 Ack=141 Win=65024 Len=1448 TSval=2916040501 TSecr=3045560271 [TCP segment of a reassembled PDU]"
"55471","36.420397104","192.168.1.55","192.168.1.2","TCP","1514","8004  >  36672 [ACK] Seq=3086 Ack=141 Win=65024 Len=1448 TSval=2916040501 TSecr=3045560271 [TCP segment of a reassembled PDU]"
"55472","36.420398345","192.168.1.55","192.168.1.2","TCP","1514","8004  >  36672 [ACK] Seq=4534 Ack=141 Win=65024 Len=1448 TSval=2916040501 TSecr=3045560271 [TCP segment of a reassembled PDU]"
"55473","36.420399641","192.168.1.55","192.168.1.2","TCP","1514","8004  >  36672 [PSH, ACK] Seq=5982 Ack=141 Win=65024 Len=1448 TSval=2916040501 TSecr=3045560271 [TCP segment of a reassembled PDU]"
"55474","36.420420197","192.168.1.55","192.168.1.2","TCP","1514","8004  >  36672 [ACK] Seq=7430 Ack=141 Win=65024 Len=1448 TSval=2916040501 TSecr=3045560271 [TCP segment of a reassembled PDU]"
"55475","36.420422604","192.168.1.55","192.168.1.2","TCP","1514","8004  >  36672 [ACK] Seq=8878 Ack=141 Win=65024 Len=1448 TSval=2916040501 TSecr=3045560271 [TCP segment of a reassembled PDU]"
"55476","36.420424123","192.168.1.55","192.168.1.2","TCP","1514","8004  >  36672 [ACK] Seq=10326 Ack=141 Win=65024 Len=1448 TSval=2916040501 TSecr=3045560271 [TCP segment of a reassembled PDU]"
"55477","36.420425771","192.168.1.55","192.168.1.2","TCP","1514","8004  >  36672 [PSH, ACK] Seq=11774 Ack=141 Win=65024 Len=1448 TSval=2916040501 TSecr=3045560271 [TCP segment of a reassembled PDU]"
"55478","36.423881814","192.168.1.2","192.168.1.55","TCP","66","36672  >  8004 [ACK] Seq=141 Ack=190 Win=64512 Len=0 TSval=3045560278 TSecr=2916040500"
"55479","36.423957591","192.168.1.55","192.168.1.2","TCP","1514","8004  >  36672 [ACK] Seq=13222 Ack=141 Win=65024 Len=1448 TSval=2916040504 TSecr=3045560278 [TCP segment of a reassembled PDU]"
"55480","36.423964129","192.168.1.55","192.168.1.2","TCP","1514","8004  >  36672 [PSH, ACK] Seq=14670 Ack=141 Win=65024 Len=1448 TSval=2916040504 TSecr=3045560278 [TCP segment of a reassembled PDU]"
"55481","36.424093258","192.168.1.2","192.168.1.55","TCP","66","36672  >  8004 [ACK] Seq=141 Ack=5982 Win=76800 Len=0 TSval=3045560278 TSecr=2916040501"
"55482","36.424137277","192.168.1.55","192.168.1.2","TCP","1514","8004  >  36672 [ACK] Seq=16118 Ack=141 Win=65024 Len=1448 TSval=2916040504 TSecr=3045560278 [TCP segment of a reassembled PDU]"
"55483","36.424142740","192.168.1.55","192.168.1.2","TCP","1514","8004  >  36672 [ACK] Seq=17566 Ack=141 Win=65024 Len=1448 TSval=2916040504 TSecr=3045560278 [TCP segment of a reassembled PDU]"
"55484","36.424144758","192.168.1.55","192.168.1.2","TCP","1514","8004  >  36672 [ACK] Seq=19014 Ack=141 Win=65024 Len=1448 TSval=2916040504 TSecr=3045560278 [TCP segment of a reassembled PDU]"
"55485","36.424146462","192.168.1.55","192.168.1.2","TCP","1514","8004  >  36672 [ACK] Seq=20462 Ack=141 Win=65024 Len=1448 TSval=2916040504 TSecr=3045560278 [TCP segment of a reassembled PDU]"
"55486","36.424148184","192.168.1.55","192.168.1.2","TCP","1514","8004  >  36672 [ACK] Seq=21910 Ack=141 Win=65024 Len=1448 TSval=2916040504 TSecr=3045560278 [TCP segment of a reassembled PDU]"
"55487","36.424149795","192.168.1.55","192.168.1.2","TCP","1514","8004  >  36672 [ACK] Seq=23358 Ack=141 Win=65024 Len=1448 TSval=2916040504 TSecr=3045560278 [TCP segment of a reassembled PDU]"
"55488","36.424153092","192.168.1.55","192.168.1.2","TCP","1514","8004  >  36672 [PSH, ACK] Seq=24806 Ack=141 Win=65024 Len=1448 TSval=2916040504 TSecr=3045560278 [TCP segment of a reassembled PDU]"
"55489","36.424161055","192.168.1.2","192.168.1.55","TCP","66","36672  >  8004 [ACK] Seq=141 Ack=7430 Win=79872 Len=0 TSval=3045560279 TSecr=2916040501"
"55490","36.424166999","192.168.1.2","192.168.1.55","TCP","66","36672  >  8004 [ACK] Seq=141 Ack=13222 Win=87040 Len=0 TSval=3045560279 TSecr=2916040501"
"55491","36.424203944","192.168.1.55","192.168.1.2","TCP","1514","8004  >  36672 [ACK] Seq=26254 Ack=141 Win=65024 Len=1448 TSval=2916040504 TSecr=3045560279 [TCP segment of a reassembled PDU]"
"55492","36.424206777","192.168.1.55","192.168.1.2","TCP","1514","8004  >  36672 [ACK] Seq=27702 Ack=141 Win=65024 Len=1448 TSval=2916040504 TSecr=3045560279 [TCP segment of a reassembled PDU]"
"55493","36.424209166","192.168.1.55","192.168.1.2","TCP","1514","8004  >  36672 [ACK] Seq=29150 Ack=141 Win=65024 Len=1448 TSval=2916040504 TSecr=3045560279 [TCP segment of a reassembled PDU]"
"55494","36.424211055","192.168.1.55","192.168.1.2","TCP","1514","8004  >  36672 [ACK] Seq=30598 Ack=141 Win=65024 Len=1448 TSval=2916040504 TSecr=3045560279 [TCP segment of a reassembled PDU]"
"55495","36.424212796","192.168.1.55","192.168.1.2","TCP","1514","8004  >  36672 [ACK] Seq=32046 Ack=141 Win=65024 Len=1448 TSval=2916040504 TSecr=3045560279 [TCP segment of a reassembled PDU]"
"55496","36.424214425","192.168.1.55","192.168.1.2","TCP","1514","8004  >  36672 [ACK] Seq=33494 Ack=141 Win=65024 Len=1448 TSval=2916040504 TSecr=3045560279 [TCP segment of a reassembled PDU]"
"55497","36.424216833","192.168.1.55","192.168.1.2","TCP","1514","8004  >  36672 [ACK] Seq=34942 Ack=141 Win=65024 Len=1448 TSval=2916040504 TSecr=3045560279 [TCP segment of a reassembled PDU]"
"55498","36.424218240","192.168.1.55","192.168.1.2","TCP","1514","8004  >  36672 [ACK] Seq=36390 Ack=141 Win=65024 Len=1448 TSval=2916040504 TSecr=3045560279 [TCP segment of a reassembled PDU]"
"55499","36.424219518","192.168.1.55","192.168.1.2","TCP","1514","8004  >  36672 [ACK] Seq=37838 Ack=141 Win=65024 Len=1448 TSval=2916040504 TSecr=3045560279 [TCP segment of a reassembled PDU]"
"55500","36.424221277","192.168.1.55","192.168.1.2","TCP","1514","8004  >  36672 [PSH, ACK] Seq=39286 Ack=141 Win=65024 Len=1448 TSval=2916040504 TSecr=3045560279 [TCP segment of a reassembled PDU]"
"55501","36.425003723","192.168.1.55","192.168.1.2","TCP","1514","8004  >  36672 [ACK] Seq=40734 Ack=141 Win=65024 Len=1448 TSval=2916040505 TSecr=3045560279 [TCP segment of a reassembled PDU]"
"55502","36.429116507","192.168.1.2","192.168.1.55","TCP","66","36672  >  8004 [ACK] Seq=141 Ack=16118 Win=93184 Len=0 TSval=3045560283 TSecr=2916040504"
"55503","36.429157359","192.168.1.55","192.168.1.2","TCP","1514","8004  >  36672 [ACK] Seq=42182 Ack=141 Win=65024 Len=1448 TSval=2916040509 TSecr=3045560283 [TCP segment of a reassembled PDU]"
"55504","36.429161674","192.168.1.55","192.168.1.2","TCP","1514","8004  >  36672 [PSH, ACK] Seq=43630 Ack=141 Win=65024 Len=1448 TSval=2916040509 TSecr=3045560283 [TCP segment of a reassembled PDU]"
"55505","36.429374267","192.168.1.2","192.168.1.55","TCP","66","36672  >  8004 [ACK] Seq=141 Ack=26254 Win=83968 Len=0 TSval=3045560283 TSecr=2916040504"
"55506","36.429401915","192.168.1.55","192.168.1.2","TCP","1514","8004  >  36672 [ACK] Seq=45078 Ack=141 Win=65024 Len=1448 TSval=2916040510 TSecr=3045560283 [TCP segment of a reassembled PDU]"
"55507","36.429403989","192.168.1.55","192.168.1.2","TCP","1514","8004  >  36672 [ACK] Seq=46526 Ack=141 Win=65024 Len=1448 TSval=2916040510 TSecr=3045560283 [TCP segment of a reassembled PDU]"
"55508","36.429409915","192.168.1.55","192.168.1.2","TCP","1514","8004  >  36672 [ACK] Seq=47974 Ack=141 Win=65024 Len=1448 TSval=2916040510 TSecr=3045560283 [TCP segment of a reassembled PDU]"
"55509","36.429411471","192.168.1.55","192.168.1.2","TCP","1514","8004  >  36672 [ACK] Seq=49422 Ack=141 Win=65024 Len=1448 TSval=2916040510 TSecr=3045560283 [TCP segment of a reassembled PDU]"
"55510","36.429412785","192.168.1.55","192.168.1.2","TCP","1514","8004  >  36672 [ACK] Seq=50870 Ack=141 Win=65024 Len=1448 TSval=2916040510 TSecr=3045560283 [TCP segment of a reassembled PDU]"
"55511","36.429414137","192.168.1.55","192.168.1.2","TCP","1514","8004  >  36672 [ACK] Seq=52318 Ack=141 Win=65024 Len=1448 TSval=2916040510 TSecr=3045560283 [TCP segment of a reassembled PDU]"
"55512","36.429415360","192.168.1.55","192.168.1.2","TCP","1514","8004  >  36672 [ACK] Seq=53766 Ack=141 Win=65024 Len=1448 TSval=2916040510 TSecr=3045560283 [TCP segment of a reassembled PDU]"
"55513","36.429416674","192.168.1.55","192.168.1.2","TCP","1514","8004  >  36672 [ACK] Seq=55214 Ack=141 Win=65024 Len=1448 TSval=2916040510 TSecr=3045560283 [TCP segment of a reassembled PDU]"
"55514","36.429418082","192.168.1.55","192.168.1.2","TCP","1514","8004  >  36672 [ACK] Seq=56662 Ack=141 Win=65024 Len=1448 TSval=2916040510 TSecr=3045560283 [TCP segment of a reassembled PDU]"
"55515","36.429419378","192.168.1.55","192.168.1.2","TCP","1514","8004  >  36672 [ACK] Seq=58110 Ack=141 Win=65024 Len=1448 TSval=2916040510 TSecr=3045560283 [TCP segment of a reassembled PDU]"
"55516","36.429420730","192.168.1.55","192.168.1.2","TCP","1514","8004  >  36672 [ACK] Seq=59558 Ack=141 Win=65024 Len=1448 TSval=2916040510 TSecr=3045560283 [TCP segment of a reassembled PDU]"
"55517","36.429422100","192.168.1.55","192.168.1.2","TCP","1514","8004  >  36672 [ACK] Seq=61006 Ack=141 Win=65024 Len=1448 TSval=2916040510 TSecr=3045560283 [TCP segment of a reassembled PDU]"
"55518","36.429423415","192.168.1.55","192.168.1.2","TCP","1514","8004  >  36672 [ACK] Seq=62454 Ack=141 Win=65024 Len=1448 TSval=2916040510 TSecr=3045560283 [TCP segment of a reassembled PDU]"
"55519","36.429424656","192.168.1.55","192.168.1.2","TCP","1514","8004  >  36672 [PSH, ACK] Seq=63902 Ack=141 Win=65024 Len=1448 TSval=2916040510 TSecr=3045560283 [TCP segment of a reassembled PDU]"
"55520","36.429429211","192.168.1.2","192.168.1.55","TCP","66","36672  >  8004 [ACK] Seq=141 Ack=39286 Win=71680 Len=0 TSval=3045560283 TSecr=2916040504"
"55521","36.429451489","192.168.1.55","192.168.1.2","TCP","1514","8004  >  36672 [ACK] Seq=65350 Ack=141 Win=65024 Len=1448 TSval=2916040510 TSecr=3045560283 [TCP segment of a reassembled PDU]"
"55522","36.429453360","192.168.1.55","192.168.1.2","TCP","1514","8004  >  36672 [ACK] Seq=66798 Ack=141 Win=65024 Len=1448 TSval=2916040510 TSecr=3045560283 [TCP segment of a reassembled PDU]"
"55523","36.429454656","192.168.1.55","192.168.1.2","TCP","1514","8004  >  36672 [ACK] Seq=68246 Ack=141 Win=65024 Len=1448 TSval=2916040510 TSecr=3045560283 [TCP segment of a reassembled PDU]"
"55524","36.429456008","192.168.1.55","192.168.1.2","TCP","1514","8004  >  36672 [ACK] Seq=69694 Ack=141 Win=65024 Len=1448 TSval=2916040510 TSecr=3045560283 [TCP segment of a reassembled PDU]"
"55525","36.429457360","192.168.1.55","192.168.1.2","TCP","1514","8004  >  36672 [ACK] Seq=71142 Ack=141 Win=65024 Len=1448 TSval=2916040510 TSecr=3045560283 [TCP segment of a reassembled PDU]"
"55526","36.429458767","192.168.1.55","192.168.1.2","TCP","1514","8004  >  36672 [ACK] Seq=72590 Ack=141 Win=65024 Len=1448 TSval=2916040510 TSecr=3045560283 [TCP segment of a reassembled PDU]"
"55527","36.429460174","192.168.1.55","192.168.1.2","TCP","1514","8004  >  36672 [ACK] Seq=74038 Ack=141 Win=65024 Len=1448 TSval=2916040510 TSecr=3045560283 [TCP segment of a reassembled PDU]"
"55528","36.429461582","192.168.1.55","192.168.1.2","TCP","1514","8004  >  36672 [PSH, ACK] Seq=75486 Ack=141 Win=65024 Len=1448 TSval=2916040510 TSecr=3045560283 [TCP segment of a reassembled PDU]"
"55529","36.429469082","192.168.1.2","192.168.1.55","TCP","66","36672  >  8004 [ACK] Seq=141 Ack=40734 Win=94208 Len=0 TSval=3045560283 TSecr=2916040504"
"55530","36.429497841","192.168.1.55","192.168.1.2","TCP","1514","8004  >  36672 [ACK] Seq=76934 Ack=141 Win=65024 Len=1448 TSval=2916040510 TSecr=3045560283 [TCP segment of a reassembled PDU]"
"55531","36.429499637","192.168.1.55","192.168.1.2","TCP","1514","8004  >  36672 [ACK] Seq=78382 Ack=141 Win=65024 Len=1448 TSval=2916040510 TSecr=3045560283 [TCP segment of a reassembled PDU]"
"55532","36.429500971","192.168.1.55","192.168.1.2","TCP","1514","8004  >  36672 [ACK] Seq=79830 Ack=141 Win=65024 Len=1448 TSval=2916040510 TSecr=3045560283 [TCP segment of a reassembled PDU]"
"55533","36.429502323","192.168.1.55","192.168.1.2","TCP","1514","8004  >  36672 [ACK] Seq=81278 Ack=141 Win=65024 Len=1448 TSval=2916040510 TSecr=3045560283 [TCP segment of a reassembled PDU]"
"55534","36.429503656","192.168.1.55","192.168.1.2","TCP","1514","8004  >  36672 [ACK] Seq=82726 Ack=141 Win=65024 Len=1448 TSval=2916040510 TSecr=3045560283 [TCP segment of a reassembled PDU]"
"55535","36.429504989","192.168.1.55","192.168.1.2","TCP","1514","8004  >  36672 [ACK] Seq=84174 Ack=141 Win=65024 Len=1448 TSval=2916040510 TSecr=3045560283 [TCP segment of a reassembled PDU]"
"55536","36.429506304","192.168.1.55","192.168.1.2","TCP","1514","8004  >  36672 [ACK] Seq=85622 Ack=141 Win=65024 Len=1448 TSval=2916040510 TSecr=3045560283 [TCP segment of a reassembled PDU]"
"55537","36.429508008","192.168.1.55","192.168.1.2","TCP","1514","8004  >  36672 [ACK] Seq=87070 Ack=141 Win=65024 Len=1448 TSval=2916040510 TSecr=3045560283 [TCP segment of a reassembled PDU]"
"55538","36.429509230","192.168.1.55","192.168.1.2","TCP","1514","8004  >  36672 [ACK] Seq=88518 Ack=141 Win=65024 Len=1448 TSval=2916040510 TSecr=3045560283 [TCP segment of a reassembled PDU]"
"55539","36.429510582","192.168.1.55","192.168.1.2","TCP","1514","8004  >  36672 [ACK] Seq=89966 Ack=141 Win=65024 Len=1448 TSval=2916040510 TSecr=3045560283 [TCP segment of a reassembled PDU]"
"55540","36.429511934","192.168.1.55","192.168.1.2","TCP","1514","8004  >  36672 [ACK] Seq=91414 Ack=141 Win=65024 Len=1448 TSval=2916040510 TSecr=3045560283 [TCP segment of a reassembled PDU]"
"55541","36.429513341","192.168.1.55","192.168.1.2","TCP","1514","8004  >  36672 [ACK] Seq=92862 Ack=141 Win=65024 Len=1448 TSval=2916040510 TSecr=3045560283 [TCP segment of a reassembled PDU]"
"55542","36.429514915","192.168.1.55","192.168.1.2","TCP","1514","8004  >  36672 [ACK] Seq=94310 Ack=141 Win=65024 Len=1448 TSval=2916040510 TSecr=3045560283 [TCP segment of a reassembled PDU]"
"55543","36.429516156","192.168.1.55","192.168.1.2","TCP","1514","8004  >  36672 [PSH, ACK] Seq=95758 Ack=141 Win=65024 Len=1448 TSval=2916040510 TSecr=3045560283 [TCP segment of a reassembled PDU]"
"55544","36.429520267","192.168.1.2","192.168.1.55","TCP","66","36672  >  8004 [ACK] Seq=141 Ack=42182 Win=94208 Len=0 TSval=3045560283 TSecr=2916040505"
"55545","36.430725806","192.168.1.55","192.168.1.2","TCP","1514","8004  >  36672 [ACK] Seq=97206 Ack=141 Win=65024 Len=1448 TSval=2916040511 TSecr=3045560283 [TCP segment of a reassembled PDU]"
"55546","36.430728695","192.168.1.55","192.168.1.2","TCP","1514","8004  >  36672 [PSH, ACK] Seq=98654 Ack=141 Win=65024 Len=1448 TSval=2916040511 TSecr=3045560283 [TCP segment of a reassembled PDU]"
"55547","36.435207665","192.168.1.2","192.168.1.55","TCP","66","36672  >  8004 [ACK] Seq=141 Ack=45078 Win=92160 Len=0 TSval=3045560289 TSecr=2916040509"
"55548","36.435254665","192.168.1.55","192.168.1.2","TCP","1514","8004  >  36672 [ACK] Seq=100102 Ack=141 Win=65024 Len=1448 TSval=2916040515 TSecr=3045560289 [TCP segment of a reassembled PDU]"
"55549","36.435260721","192.168.1.55","192.168.1.2","TCP","1514","8004  >  36672 [ACK] Seq=101550 Ack=141 Win=65024 Len=1448 TSval=2916040515 TSecr=3045560289 [TCP segment of a reassembled PDU]"
"55550","36.435261850","192.168.1.55","192.168.1.2","TCP","1514","8004  >  36672 [ACK] Seq=102998 Ack=141 Win=65024 Len=1448 TSval=2916040515 TSecr=3045560289 [TCP segment of a reassembled PDU]"
"55551","36.435262962","192.168.1.55","192.168.1.2","TCP","1514","8004  >  36672 [PSH, ACK] Seq=104446 Ack=141 Win=65024 Len=1448 TSval=2916040515 TSecr=3045560289 [TCP segment of a reassembled PDU]"
"55552","36.435567369","192.168.1.2","192.168.1.55","TCP","66","36672  >  8004 [ACK] Seq=141 Ack=65350 Win=75776 Len=0 TSval=3045560289 TSecr=2916040510"
"55553","36.435586740","192.168.1.55","192.168.1.2","TCP","1514","8004  >  36672 [ACK] Seq=105894 Ack=141 Win=65024 Len=1448 TSval=2916040516 TSecr=3045560289 [TCP segment of a reassembled PDU]"
"55554","36.435589629","192.168.1.55","192.168.1.2","TCP","1514","8004  >  36672 [ACK] Seq=107342 Ack=141 Win=65024 Len=1448 TSval=2916040516 TSecr=3045560289 [TCP segment of a reassembled PDU]"
"55555","36.435591184","192.168.1.55","192.168.1.2","TCP","1514","8004  >  36672 [ACK] Seq=108790 Ack=141 Win=65024 Len=1448 TSval=2916040516 TSecr=3045560289 [TCP segment of a reassembled PDU]"
"55556","36.435592369","192.168.1.55","192.168.1.2","TCP","1514","8004  >  36672 [ACK] Seq=110238 Ack=141 Win=65024 Len=1448 TSval=2916040516 TSecr=3045560289 [TCP segment of a reassembled PDU]"
"55557","36.435593462","192.168.1.55","192.168.1.2","TCP","1514","8004  >  36672 [ACK] Seq=111686 Ack=141 Win=65024 Len=1448 TSval=2916040516 TSecr=3045560289 [TCP segment of a reassembled PDU]"
"55558","36.435594721","192.168.1.55","192.168.1.2","TCP","1514","8004  >  36672 [ACK] Seq=113134 Ack=141 Win=65024 Len=1448 TSval=2916040516 TSecr=3045560289 [TCP segment of a reassembled PDU]"
"55559","36.435595925","192.168.1.55","192.168.1.2","TCP","1514","8004  >  36672 [ACK] Seq=114582 Ack=141 Win=65024 Len=1448 TSval=2916040516 TSecr=3045560289 [TCP segment of a reassembled PDU]"
"55560","36.435597240","192.168.1.55","192.168.1.2","TCP","1514","8004  >  36672 [ACK] Seq=116030 Ack=141 Win=65024 Len=1448 TSval=2916040516 TSecr=3045560289 [TCP segment of a reassembled PDU]"
"55561","36.435599647","192.168.1.55","192.168.1.2","TCP","1514","8004  >  36672 [ACK] Seq=117478 Ack=141 Win=65024 Len=1448 TSval=2916040516 TSecr=3045560289 [TCP segment of a reassembled PDU]"
"55562","36.435601332","192.168.1.55","192.168.1.2","TCP","1514","8004  >  36672 [PSH, ACK] Seq=118926 Ack=141 Win=65024 Len=1448 TSval=2916040516 TSecr=3045560289 [TCP segment of a reassembled PDU]"
"55563","36.435605555","192.168.1.2","192.168.1.55","TCP","66","36672  >  8004 [ACK] Seq=141 Ack=76934 Win=64512 Len=0 TSval=3045560289 TSecr=2916040510"
"55564","36.435616166","192.168.1.2","192.168.1.55","TCP","66","36672  >  8004 [ACK] Seq=141 Ack=95758 Win=46080 Len=0 TSval=3045560289 TSecr=2916040510"
"55565","36.435645129","192.168.1.55","192.168.1.2","TCP","1514","8004  >  36672 [ACK] Seq=120374 Ack=141 Win=65024 Len=1448 TSval=2916040516 TSecr=3045560289 [TCP segment of a reassembled PDU]"
"55566","36.435646907","192.168.1.55","192.168.1.2","TCP","1514","8004  >  36672 [ACK] Seq=121822 Ack=141 Win=65024 Len=1448 TSval=2916040516 TSecr=3045560289 [TCP segment of a reassembled PDU]"
"55567","36.435648110","192.168.1.55","192.168.1.2","TCP","1514","8004  >  36672 [ACK] Seq=123270 Ack=141 Win=65024 Len=1448 TSval=2916040516 TSecr=3045560289 [TCP segment of a reassembled PDU]"
"55568","36.435649240","192.168.1.55","192.168.1.2","TCP","1514","8004  >  36672 [ACK] Seq=124718 Ack=141 Win=65024 Len=1448 TSval=2916040516 TSecr=3045560289 [TCP segment of a reassembled PDU]"
"55569","36.435650629","192.168.1.55","192.168.1.2","TCP","1514","8004  >  36672 [ACK] Seq=126166 Ack=141 Win=65024 Len=1448 TSval=2916040516 TSecr=3045560289 [TCP segment of a reassembled PDU]"
"55570","36.435653240","192.168.1.55","192.168.1.2","TCP","1514","8004  >  36672 [ACK] Seq=127614 Ack=141 Win=65024 Len=1448 TSval=2916040516 TSecr=3045560289 [TCP segment of a reassembled PDU]"
"55571","36.435655388","192.168.1.55","192.168.1.2","TCP","1514","8004  >  36672 [ACK] Seq=129062 Ack=141 Win=65024 Len=1448 TSval=2916040516 TSecr=3045560289 [TCP segment of a reassembled PDU]"
"55572","36.435656499","192.168.1.55","192.168.1.2","TCP","1514","8004  >  36672 [ACK] Seq=130510 Ack=141 Win=65024 Len=1448 TSval=2916040516 TSecr=3045560289 [TCP segment of a reassembled PDU]"
"55573","36.435657647","192.168.1.55","192.168.1.2","TCP","1514","8004  >  36672 [ACK] Seq=131958 Ack=141 Win=65024 Len=1448 TSval=2916040516 TSecr=3045560289 [TCP segment of a reassembled PDU]"
"55574","36.435658833","192.168.1.55","192.168.1.2","TCP","1514","8004  >  36672 [ACK] Seq=133406 Ack=141 Win=65024 Len=1448 TSval=2916040516 TSecr=3045560289 [TCP segment of a reassembled PDU]"
"55575","36.435660147","192.168.1.55","192.168.1.2","TCP","1514","8004  >  36672 [ACK] Seq=134854 Ack=141 Win=65024 Len=1448 TSval=2916040516 TSecr=3045560289 [TCP segment of a reassembled PDU]"
"55576","36.435661425","192.168.1.55","192.168.1.2","TCP","1514","8004  >  36672 [ACK] Seq=136302 Ack=141 Win=65024 Len=1448 TSval=2916040516 TSecr=3045560289 [TCP segment of a reassembled PDU]"
"55577","36.435662666","192.168.1.55","192.168.1.2","TCP","1514","8004  >  36672 [ACK] Seq=137750 Ack=141 Win=65024 Len=1448 TSval=2916040516 TSecr=3045560289 [TCP segment of a reassembled PDU]"
"55578","36.435663925","192.168.1.55","192.168.1.2","TCP","1514","8004  >  36672 [ACK] Seq=139198 Ack=141 Win=65024 Len=1448 TSval=2916040516 TSecr=3045560289 [TCP segment of a reassembled PDU]"
"55579","36.435665592","192.168.1.55","192.168.1.2","TCP","1258","[TCP Window Full] 8004  >  36672 [PSH, ACK] Seq=140646 Ack=141 Win=65024 Len=1192 TSval=2916040516 TSecr=3045560289 [TCP segment of a reassembled PDU]"
"55580","36.435669166","192.168.1.2","192.168.1.55","TCP","66","[TCP Window Update] 36672  >  8004 [ACK] Seq=141 Ack=95758 Win=94208 Len=0 TSval=3045560289 TSecr=2916040510"
"55581","36.435720870","192.168.1.2","192.168.1.55","TCP","66","36672  >  8004 [ACK] Seq=141 Ack=97206 Win=94208 Len=0 TSval=3045560289 TSecr=2916040510"
"55582","36.435724999","192.168.1.2","192.168.1.55","TCP","66","36672  >  8004 [ACK] Seq=141 Ack=100102 Win=93184 Len=0 TSval=3045560289 TSecr=2916040511"
"55583","36.435738999","192.168.1.55","192.168.1.2","TCP","1514","8004  >  36672 [ACK] Seq=141838 Ack=141 Win=65024 Len=1448 TSval=2916040516 TSecr=3045560289 [TCP segment of a reassembled PDU]"
"55584","36.435744425","192.168.1.55","192.168.1.2","TCP","1514","8004  >  36672 [ACK] Seq=143286 Ack=141 Win=65024 Len=1448 TSval=2916040516 TSecr=3045560289 [TCP segment of a reassembled PDU]"
"55585","36.435751944","192.168.1.55","192.168.1.2","TCP","1514","8004  >  36672 [ACK] Seq=144734 Ack=141 Win=65024 Len=1448 TSval=2916040516 TSecr=3045560289 [TCP segment of a reassembled PDU]"
"55586","36.435753573","192.168.1.55","192.168.1.2","TCP","1514","8004  >  36672 [ACK] Seq=146182 Ack=141 Win=65024 Len=1448 TSval=2916040516 TSecr=3045560289 [TCP segment of a reassembled PDU]"
"55587","36.435754666","192.168.1.55","192.168.1.2","TCP","1514","8004  >  36672 [ACK] Seq=147630 Ack=141 Win=65024 Len=1448 TSval=2916040516 TSecr=3045560289 [TCP segment of a reassembled PDU]"
"55588","36.435755981","192.168.1.55","192.168.1.2","TCP","1514","8004  >  36672 [ACK] Seq=149078 Ack=141 Win=65024 Len=1448 TSval=2916040516 TSecr=3045560289 [TCP segment of a reassembled PDU]"
"55589","36.435757462","192.168.1.55","192.168.1.2","TCP","1514","8004  >  36672 [ACK] Seq=150526 Ack=141 Win=65024 Len=1448 TSval=2916040516 TSecr=3045560289 [TCP segment of a reassembled PDU]"
"55590","36.435758740","192.168.1.55","192.168.1.2","TCP","1514","8004  >  36672 [ACK] Seq=151974 Ack=141 Win=65024 Len=1448 TSval=2916040516 TSecr=3045560289 [TCP segment of a reassembled PDU]"
"55591","36.435760592","192.168.1.55","192.168.1.2","TCP","1514","8004  >  36672 [ACK] Seq=153422 Ack=141 Win=65024 Len=1448 TSval=2916040516 TSecr=3045560289 [TCP segment of a reassembled PDU]"
"55592","36.435761870","192.168.1.55","192.168.1.2","TCP","1514","8004  >  36672 [ACK] Seq=154870 Ack=141 Win=65024 Len=1448 TSval=2916040516 TSecr=3045560289 [TCP segment of a reassembled PDU]"
"55593","36.435763536","192.168.1.55","192.168.1.2","TCP","1514","8004  >  36672 [ACK] Seq=156318 Ack=141 Win=65024 Len=1448 TSval=2916040516 TSecr=3045560289 [TCP segment of a reassembled PDU]"
"55594","36.435765314","192.168.1.55","192.168.1.2","TCP","1514","8004  >  36672 [ACK] Seq=157766 Ack=141 Win=65024 Len=1448 TSval=2916040516 TSecr=3045560289 [TCP segment of a reassembled PDU]"
"55595","36.435766777","192.168.1.55","192.168.1.2","TCP","1514","8004  >  36672 [ACK] Seq=159214 Ack=141 Win=65024 Len=1448 TSval=2916040516 TSecr=3045560289 [TCP segment of a reassembled PDU]"
"55596","36.435768129","192.168.1.55","192.168.1.2","TCP","1514","8004  >  36672 [ACK] Seq=160662 Ack=141 Win=65024 Len=1448 TSval=2916040516 TSecr=3045560289 [TCP segment of a reassembled PDU]"
"55597","36.435769962","192.168.1.55","192.168.1.2","TCP","1514","8004  >  36672 [PSH, ACK] Seq=162110 Ack=141 Win=65024 Len=1448 TSval=2916040516 TSecr=3045560289 [TCP segment of a reassembled PDU]"
"55598","36.435788573","192.168.1.55","192.168.1.2","TCP","322","8004  >  36672 [ACK] Seq=163558 Ack=141 Win=65024 Len=256 TSval=2916040516 TSecr=3045560289 [TCP segment of a reassembled PDU]"
"55599","36.435824351","192.168.1.55","192.168.1.2","TCP","1514","8004  >  36672 [ACK] Seq=163814 Ack=141 Win=65024 Len=1448 TSval=2916040516 TSecr=3045560289 [TCP segment of a reassembled PDU]"
"55600","36.435825925","192.168.1.55","192.168.1.2","TCP","1514","8004  >  36672 [ACK] Seq=165262 Ack=141 Win=65024 Len=1448 TSval=2916040516 TSecr=3045560289 [TCP segment of a reassembled PDU]"
"55601","36.435827148","192.168.1.55","192.168.1.2","TCP","1514","8004  >  36672 [ACK] Seq=166710 Ack=141 Win=65024 Len=1448 TSval=2916040516 TSecr=3045560289 [TCP segment of a reassembled PDU]"
"55602","36.435829425","192.168.1.55","192.168.1.2","TCP","1514","8004  >  36672 [ACK] Seq=168158 Ack=141 Win=65024 Len=1448 TSval=2916040516 TSecr=3045560289 [TCP segment of a reassembled PDU]"
"55603","36.435831074","192.168.1.55","192.168.1.2","TCP","1514","8004  >  36672 [ACK] Seq=169606 Ack=141 Win=65024 Len=1448 TSval=2916040516 TSecr=3045560289 [TCP segment of a reassembled PDU]"
"55604","36.435832833","192.168.1.55","192.168.1.2","TCP","1514","8004  >  36672 [ACK] Seq=171054 Ack=141 Win=65024 Len=1448 TSval=2916040516 TSecr=3045560289 [TCP segment of a reassembled PDU]"
"55605","36.435834018","192.168.1.55","192.168.1.2","TCP","1514","8004  >  36672 [ACK] Seq=172502 Ack=141 Win=65024 Len=1448 TSval=2916040516 TSecr=3045560289 [TCP segment of a reassembled PDU]"
"55606","36.435835240","192.168.1.55","192.168.1.2","TCP","1514","8004  >  36672 [ACK] Seq=173950 Ack=141 Win=65024 Len=1448 TSval=2916040516 TSecr=3045560289 [TCP segment of a reassembled PDU]"
"55607","36.435836425","192.168.1.55","192.168.1.2","TCP","1514","8004  >  36672 [ACK] Seq=175398 Ack=141 Win=65024 Len=1448 TSval=2916040516 TSecr=3045560289 [TCP segment of a reassembled PDU]"
"55608","36.435837629","192.168.1.55","192.168.1.2","TCP","1514","8004  >  36672 [ACK] Seq=176846 Ack=141 Win=65024 Len=1448 TSval=2916040516 TSecr=3045560289 [TCP segment of a reassembled PDU]"
"55609","36.435839481","192.168.1.55","192.168.1.2","TCP","1514","8004  >  36672 [ACK] Seq=178294 Ack=141 Win=65024 Len=1448 TSval=2916040516 TSecr=3045560289 [TCP segment of a reassembled PDU]"
"55610","36.435841074","192.168.1.55","192.168.1.2","TCP","1514","8004  >  36672 [ACK] Seq=179742 Ack=141 Win=65024 Len=1448 TSval=2916040516 TSecr=3045560289 [TCP segment of a reassembled PDU]"
"55611","36.435842685","192.168.1.55","192.168.1.2","TCP","1514","8004  >  36672 [ACK] Seq=181190 Ack=141 Win=65024 Len=1448 TSval=2916040516 TSecr=3045560289 [TCP segment of a reassembled PDU]"
"55612","36.435843777","192.168.1.55","192.168.1.2","TCP","1514","8004  >  36672 [ACK] Seq=182638 Ack=141 Win=65024 Len=1448 TSval=2916040516 TSecr=3045560289 [TCP segment of a reassembled PDU]"
"55613","36.435844981","192.168.1.55","192.168.1.2","TCP","1514","8004  >  36672 [ACK] Seq=184086 Ack=141 Win=65024 Len=1448 TSval=2916040516 TSecr=3045560289 [TCP segment of a reassembled PDU]"
"55614","36.435846166","192.168.1.55","192.168.1.2","TCP","1514","8004  >  36672 [ACK] Seq=185534 Ack=141 Win=65024 Len=1448 TSval=2916040516 TSecr=3045560289 [TCP segment of a reassembled PDU]"
"55615","36.435848111","192.168.1.55","192.168.1.2","TCP","1514","8004  >  36672 [ACK] Seq=186982 Ack=141 Win=65024 Len=1448 TSval=2916040516 TSecr=3045560289 [TCP segment of a reassembled PDU]"
"55616","36.435849425","192.168.1.55","192.168.1.2","TCP","1514","8004  >  36672 [ACK] Seq=188430 Ack=141 Win=65024 Len=1448 TSval=2916040516 TSecr=3045560289 [TCP segment of a reassembled PDU]"
"55617","36.435851277","192.168.1.55","192.168.1.2","TCP","1514","8004  >  36672 [ACK] Seq=189878 Ack=141 Win=65024 Len=1448 TSval=2916040516 TSecr=3045560289 [TCP segment of a reassembled PDU]"
"55618","36.435853111","192.168.1.55","192.168.1.2","TCP","1514","8004  >  36672 [PSH, ACK] Seq=191326 Ack=141 Win=65024 Len=1448 TSval=2916040516 TSecr=3045560289 [TCP segment of a reassembled PDU]"
"55620","36.441371879","192.168.1.2","192.168.1.55","TCP","66","36672  >  8004 [ACK] Seq=141 Ack=102998 Win=97280 Len=0 TSval=3045560292 TSecr=2916040515"
"55621","36.441387379","192.168.1.55","192.168.1.2","TCP","1514","8004  >  36672 [ACK] Seq=192774 Ack=141 Win=65024 Len=1448 TSval=2916040522 TSecr=3045560292 [TCP segment of a reassembled PDU]"
"55622","36.441389749","192.168.1.55","192.168.1.2","TCP","1514","8004  >  36672 [ACK] Seq=194222 Ack=141 Win=65024 Len=1448 TSval=2916040522 TSecr=3045560292 [TCP segment of a reassembled PDU]"
"55623","36.441390823","192.168.1.55","192.168.1.2","TCP","1514","8004  >  36672 [ACK] Seq=195670 Ack=141 Win=65024 Len=1448 TSval=2916040522 TSecr=3045560292 [TCP segment of a reassembled PDU]"
"55624","36.441392008","192.168.1.55","192.168.1.2","TCP","1514","8004  >  36672 [ACK] Seq=197118 Ack=141 Win=65024 Len=1448 TSval=2916040522 TSecr=3045560292 [TCP segment of a reassembled PDU]"
"55625","36.441393082","192.168.1.55","192.168.1.2","TCP","1514","8004  >  36672 [PSH, ACK] Seq=198566 Ack=141 Win=65024 Len=1448 TSval=2916040522 TSecr=3045560292 [TCP segment of a reassembled PDU]"
"55626","36.443282011","192.168.1.2","192.168.1.55","TCP","66","36672  >  8004 [ACK] Seq=141 Ack=105894 Win=102400 Len=0 TSval=3045560297 TSecr=2916040515"
"55627","36.443297160","192.168.1.55","192.168.1.2","TCP","1514","8004  >  36672 [ACK] Seq=200014 Ack=141 Win=65024 Len=1448 TSval=2916040523 TSecr=3045560297 [TCP segment of a reassembled PDU]"
"55628","36.443299326","192.168.1.55","192.168.1.2","TCP","1514","8004  >  36672 [ACK] Seq=201462 Ack=141 Win=65024 Len=1448 TSval=2916040523 TSecr=3045560297 [TCP segment of a reassembled PDU]"
"55629","36.443300678","192.168.1.55","192.168.1.2","TCP","1514","8004  >  36672 [ACK] Seq=202910 Ack=141 Win=65024 Len=1448 TSval=2916040523 TSecr=3045560297 [TCP segment of a reassembled PDU]"
"55630","36.443301993","192.168.1.55","192.168.1.2","TCP","1514","8004  >  36672 [ACK] Seq=204358 Ack=141 Win=65024 Len=1448 TSval=2916040523 TSecr=3045560297 [TCP segment of a reassembled PDU]"
"55631","36.443303215","192.168.1.55","192.168.1.2","TCP","1514","8004  >  36672 [PSH, ACK] Seq=205806 Ack=141 Win=65024 Len=1448 TSval=2916040523 TSecr=3045560297 [TCP segment of a reassembled PDU]"
"55632","36.443603382","192.168.1.2","192.168.1.55","TCP","66","36672  >  8004 [ACK] Seq=141 Ack=120374 Win=99328 Len=0 TSval=3045560297 TSecr=2916040516"
"55633","36.443612012","192.168.1.55","192.168.1.2","TCP","1514","8004  >  36672 [ACK] Seq=207254 Ack=141 Win=65024 Len=1448 TSval=2916040524 TSecr=3045560297 [TCP segment of a reassembled PDU]"
"55634","36.443613586","192.168.1.55","192.168.1.2","TCP","1514","8004  >  36672 [PSH, ACK] Seq=208702 Ack=141 Win=65024 Len=1448 TSval=2916040524 TSecr=3045560297 [TCP segment of a reassembled PDU]"
"55635","36.443617938","192.168.1.2","192.168.1.55","TCP","66","36672  >  8004 [ACK] Seq=141 Ack=141838 Win=78848 Len=0 TSval=3045560297 TSecr=2916040516"
"55636","36.443624568","192.168.1.2","192.168.1.55","TCP","66","36672  >  8004 [ACK] Seq=141 Ack=163558 Win=92160 Len=0 TSval=3045560297 TSecr=2916040516"
"55637","36.443660568","192.168.1.55","192.168.1.2","TCP","1514","8004  >  36672 [ACK] Seq=210150 Ack=141 Win=65024 Len=1448 TSval=2916040524 TSecr=3045560297 [TCP segment of a reassembled PDU]"
"55638","36.443662345","192.168.1.55","192.168.1.2","TCP","1514","8004  >  36672 [ACK] Seq=211598 Ack=141 Win=65024 Len=1448 TSval=2916040524 TSecr=3045560297 [TCP segment of a reassembled PDU]"
"55639","36.443663568","192.168.1.55","192.168.1.2","TCP","1514","8004  >  36672 [ACK] Seq=213046 Ack=141 Win=65024 Len=1448 TSval=2916040524 TSecr=3045560297 [TCP segment of a reassembled PDU]"
"55640","36.443664790","192.168.1.55","192.168.1.2","TCP","1514","8004  >  36672 [ACK] Seq=214494 Ack=141 Win=65024 Len=1448 TSval=2916040524 TSecr=3045560297 [TCP segment of a reassembled PDU]"
"55641","36.443666086","192.168.1.55","192.168.1.2","TCP","1514","8004  >  36672 [ACK] Seq=215942 Ack=141 Win=65024 Len=1448 TSval=2916040524 TSecr=3045560297 [TCP segment of a reassembled PDU]"
"55642","36.443667419","192.168.1.55","192.168.1.2","TCP","1514","8004  >  36672 [ACK] Seq=217390 Ack=141 Win=65024 Len=1448 TSval=2916040524 TSecr=3045560297 [TCP segment of a reassembled PDU]"
"55643","36.443668771","192.168.1.55","192.168.1.2","TCP","1514","8004  >  36672 [ACK] Seq=218838 Ack=141 Win=65024 Len=1448 TSval=2916040524 TSecr=3045560297 [TCP segment of a reassembled PDU]"
"55644","36.443669956","192.168.1.55","192.168.1.2","TCP","1514","8004  >  36672 [ACK] Seq=220286 Ack=141 Win=65024 Len=1448 TSval=2916040524 TSecr=3045560297 [TCP segment of a reassembled PDU]"
"55645","36.443671271","192.168.1.55","192.168.1.2","TCP","1514","8004  >  36672 [ACK] Seq=221734 Ack=141 Win=65024 Len=1448 TSval=2916040524 TSecr=3045560297 [TCP segment of a reassembled PDU]"
"55646","36.443672660","192.168.1.55","192.168.1.2","TCP","1514","8004  >  36672 [ACK] Seq=223182 Ack=141 Win=65024 Len=1448 TSval=2916040524 TSecr=3045560297 [TCP segment of a reassembled PDU]"
"55647","36.443673975","192.168.1.55","192.168.1.2","TCP","1514","8004  >  36672 [ACK] Seq=224630 Ack=141 Win=65024 Len=1448 TSval=2916040524 TSecr=3045560297 [TCP segment of a reassembled PDU]"
"55648","36.443675345","192.168.1.55","192.168.1.2","TCP","1514","8004  >  36672 [ACK] Seq=226078 Ack=141 Win=65024 Len=1448 TSval=2916040524 TSecr=3045560297 [TCP segment of a reassembled PDU]"
"55649","36.443676586","192.168.1.55","192.168.1.2","TCP","1514","8004  >  36672 [ACK] Seq=227526 Ack=141 Win=65024 Len=1448 TSval=2916040524 TSecr=3045560297 [TCP segment of a reassembled PDU]"
"55650","36.443677827","192.168.1.55","192.168.1.2","TCP","1514","8004  >  36672 [ACK] Seq=228974 Ack=141 Win=65024 Len=1448 TSval=2916040524 TSecr=3045560297 [TCP segment of a reassembled PDU]"
"55651","36.443679438","192.168.1.55","192.168.1.2","TCP","1514","8004  >  36672 [ACK] Seq=230422 Ack=141 Win=65024 Len=1448 TSval=2916040524 TSecr=3045560297 [TCP segment of a reassembled PDU]"
"55652","36.443680660","192.168.1.55","192.168.1.2","TCP","1514","8004  >  36672 [ACK] Seq=231870 Ack=141 Win=65024 Len=1448 TSval=2916040524 TSecr=3045560297 [TCP segment of a reassembled PDU]"
"55653","36.443682012","192.168.1.55","192.168.1.2","TCP","1514","8004  >  36672 [ACK] Seq=233318 Ack=141 Win=65024 Len=1448 TSval=2916040524 TSecr=3045560297 [TCP segment of a reassembled PDU]"
"55654","36.443683234","192.168.1.55","192.168.1.2","TCP","1514","8004  >  36672 [ACK] Seq=234766 Ack=141 Win=65024 Len=1448 TSval=2916040524 TSecr=3045560297 [TCP segment of a reassembled PDU]"
"55655","36.443684716","192.168.1.55","192.168.1.2","TCP","1514","8004  >  36672 [ACK] Seq=236214 Ack=141 Win=65024 Len=1448 TSval=2916040524 TSecr=3045560297 [TCP segment of a reassembled PDU]"
"55656","36.443686049","192.168.1.55","192.168.1.2","TCP","1514","8004  >  36672 [ACK] Seq=237662 Ack=141 Win=65024 Len=1448 TSval=2916040524 TSecr=3045560297 [TCP segment of a reassembled PDU]"
"55657","36.443687364","192.168.1.55","192.168.1.2","TCP","1514","8004  >  36672 [ACK] Seq=239110 Ack=141 Win=65024 Len=1448 TSval=2916040524 TSecr=3045560297 [TCP segment of a reassembled PDU]"
"55658","36.443688642","192.168.1.55","192.168.1.2","TCP","1514","8004  >  36672 [ACK] Seq=240558 Ack=141 Win=65024 Len=1448 TSval=2916040524 TSecr=3045560297 [TCP segment of a reassembled PDU]"
"55659","36.443689975","192.168.1.55","192.168.1.2","TCP","1514","8004  >  36672 [ACK] Seq=242006 Ack=141 Win=65024 Len=1448 TSval=2916040524 TSecr=3045560297 [TCP segment of a reassembled PDU]"
"55660","36.443691271","192.168.1.55","192.168.1.2","TCP","1514","8004  >  36672 [ACK] Seq=243454 Ack=141 Win=65024 Len=1448 TSval=2916040524 TSecr=3045560297 [TCP segment of a reassembled PDU]"
"55661","36.443692586","192.168.1.55","192.168.1.2","TCP","1514","8004  >  36672 [ACK] Seq=244902 Ack=141 Win=65024 Len=1448 TSval=2916040524 TSecr=3045560297 [TCP segment of a reassembled PDU]"
"55662","36.443693827","192.168.1.55","192.168.1.2","TCP","1514","8004  >  36672 [ACK] Seq=246350 Ack=141 Win=65024 Len=1448 TSval=2916040524 TSecr=3045560297 [TCP segment of a reassembled PDU]"
"55663","36.443695216","192.168.1.55","192.168.1.2","TCP","1514","8004  >  36672 [ACK] Seq=247798 Ack=141 Win=65024 Len=1448 TSval=2916040524 TSecr=3045560297 [TCP segment of a reassembled PDU]"
"55664","36.443696420","192.168.1.55","192.168.1.2","TCP","1514","8004  >  36672 [ACK] Seq=249246 Ack=141 Win=65024 Len=1448 TSval=2916040524 TSecr=3045560297 [TCP segment of a reassembled PDU]"
"55665","36.443697753","192.168.1.55","192.168.1.2","TCP","1514","8004  >  36672 [ACK] Seq=250694 Ack=141 Win=65024 Len=1448 TSval=2916040524 TSecr=3045560297 [TCP segment of a reassembled PDU]"
"55666","36.443699382","192.168.1.55","192.168.1.2","TCP","1514","8004  >  36672 [ACK] Seq=252142 Ack=141 Win=65024 Len=1448 TSval=2916040524 TSecr=3045560297 [TCP segment of a reassembled PDU]"
"55667","36.443700586","192.168.1.55","192.168.1.2","TCP","1514","8004  >  36672 [PSH, ACK] Seq=253590 Ack=141 Win=65024 Len=1448 TSval=2916040524 TSecr=3045560297 [TCP segment of a reassembled PDU]"
"55668","36.443751568","192.168.1.2","192.168.1.55","TCP","66","36672  >  8004 [ACK] Seq=141 Ack=163814 Win=105472 Len=0 TSval=3045560297 TSecr=2916040516"
"55669","36.443760123","192.168.1.2","192.168.1.55","TCP","66","36672  >  8004 [ACK] Seq=141 Ack=188430 Win=89088 Len=0 TSval=3045560297 TSecr=2916040516"
"55670","36.444929607","192.168.1.55","192.168.1.2","TCP","1514","8004  >  36672 [PSH, ACK] Seq=255038 Ack=141 Win=65024 Len=1448 TSval=2916040525 TSecr=3045560297 [TCP segment of a reassembled PDU]"
"55671","36.447748741","192.168.1.2","192.168.1.55","TCP","66","36672  >  8004 [ACK] Seq=141 Ack=192774 Win=106496 Len=0 TSval=3045560299 TSecr=2916040516"
"55672","36.447783630","192.168.1.55","192.168.1.2","TCP","1514","8004  >  36672 [ACK] Seq=256486 Ack=141 Win=65024 Len=1448 TSval=2916040528 TSecr=3045560299 [TCP segment of a reassembled PDU]"
"55673","36.447785908","192.168.1.55","192.168.1.2","TCP","1514","8004  >  36672 [ACK] Seq=257934 Ack=141 Win=65024 Len=1448 TSval=2916040528 TSecr=3045560299 [TCP segment of a reassembled PDU]"
"55674","36.447787241","192.168.1.55","192.168.1.2","TCP","1514","8004  >  36672 [ACK] Seq=259382 Ack=141 Win=65024 Len=1448 TSval=2916040528 TSecr=3045560299 [TCP segment of a reassembled PDU]"
"55675","36.447788426","192.168.1.55","192.168.1.2","TCP","1514","8004  >  36672 [ACK] Seq=260830 Ack=141 Win=65024 Len=1448 TSval=2916040528 TSecr=3045560299 [TCP segment of a reassembled PDU]"
"55676","36.447789667","192.168.1.55","192.168.1.2","TCP","1514","8004  >  36672 [ACK] Seq=262278 Ack=141 Win=65024 Len=1448 TSval=2916040528 TSecr=3045560299 [TCP segment of a reassembled PDU]"
"55677","36.447791037","192.168.1.55","192.168.1.2","TCP","1514","8004  >  36672 [ACK] Seq=263726 Ack=141 Win=65024 Len=1448 TSval=2916040528 TSecr=3045560299 [TCP segment of a reassembled PDU]"
"55678","36.447792296","192.168.1.55","192.168.1.2","TCP","1514","8004  >  36672 [ACK] Seq=265174 Ack=141 Win=65024 Len=1448 TSval=2916040528 TSecr=3045560299 [TCP segment of a reassembled PDU]"
"55679","36.447793982","192.168.1.55","192.168.1.2","TCP","1514","8004  >  36672 [ACK] Seq=266622 Ack=141 Win=65024 Len=1448 TSval=2916040528 TSecr=3045560299 [TCP segment of a reassembled PDU]"
"55680","36.447795167","192.168.1.55","192.168.1.2","TCP","1514","8004  >  36672 [ACK] Seq=268070 Ack=141 Win=65024 Len=1448 TSval=2916040528 TSecr=3045560299 [TCP segment of a reassembled PDU]"
"55681","36.447796371","192.168.1.55","192.168.1.2","TCP","1514","8004  >  36672 [ACK] Seq=269518 Ack=141 Win=65024 Len=1448 TSval=2916040528 TSecr=3045560299 [TCP segment of a reassembled PDU]"
"55682","36.447797574","192.168.1.55","192.168.1.2","TCP","1514","8004  >  36672 [ACK] Seq=270966 Ack=141 Win=65024 Len=1448 TSval=2916040528 TSecr=3045560299 [TCP segment of a reassembled PDU]"
"55683","36.447798796","192.168.1.55","192.168.1.2","TCP","1514","8004  >  36672 [ACK] Seq=272414 Ack=141 Win=65024 Len=1448 TSval=2916040528 TSecr=3045560299 [TCP segment of a reassembled PDU]"
"55684","36.447800130","192.168.1.55","192.168.1.2","TCP","1514","8004  >  36672 [ACK] Seq=273862 Ack=141 Win=65024 Len=1448 TSval=2916040528 TSecr=3045560299 [TCP segment of a reassembled PDU]"
"55685","36.447801352","192.168.1.55","192.168.1.2","TCP","1514","8004  >  36672 [ACK] Seq=275310 Ack=141 Win=65024 Len=1448 TSval=2916040528 TSecr=3045560299 [TCP segment of a reassembled PDU]"
"55686","36.447802574","192.168.1.55","192.168.1.2","TCP","1514","8004  >  36672 [ACK] Seq=276758 Ack=141 Win=65024 Len=1448 TSval=2916040528 TSecr=3045560299 [TCP segment of a reassembled PDU]"
"55687","36.447803926","192.168.1.55","192.168.1.2","TCP","1514","8004  >  36672 [ACK] Seq=278206 Ack=141 Win=65024 Len=1448 TSval=2916040528 TSecr=3045560299 [TCP segment of a reassembled PDU]"
"55688","36.447805130","192.168.1.55","192.168.1.2","TCP","1514","8004  >  36672 [ACK] Seq=279654 Ack=141 Win=65024 Len=1448 TSval=2916040528 TSecr=3045560299 [TCP segment of a reassembled PDU]"
"55689","36.447810908","192.168.1.55","192.168.1.2","TCP","1514","8004  >  36672 [ACK] Seq=281102 Ack=141 Win=65024 Len=1448 TSval=2916040528 TSecr=3045560299 [TCP segment of a reassembled PDU]"
"55690","36.447812408","192.168.1.55","192.168.1.2","TCP","1514","8004  >  36672 [ACK] Seq=282550 Ack=141 Win=65024 Len=1448 TSval=2916040528 TSecr=3045560299 [TCP segment of a reassembled PDU]"
"55691","36.447813759","192.168.1.55","192.168.1.2","TCP","1514","8004  >  36672 [ACK] Seq=283998 Ack=141 Win=65024 Len=1448 TSval=2916040528 TSecr=3045560299 [TCP segment of a reassembled PDU]"
"55692","36.447815074","192.168.1.55","192.168.1.2","TCP","1514","8004  >  36672 [ACK] Seq=285446 Ack=141 Win=65024 Len=1448 TSval=2916040528 TSecr=3045560299 [TCP segment of a reassembled PDU]"
"55693","36.447816445","192.168.1.55","192.168.1.2","TCP","1514","8004  >  36672 [ACK] Seq=286894 Ack=141 Win=65024 Len=1448 TSval=2916040528 TSecr=3045560299 [TCP segment of a reassembled PDU]"
"55694","36.447818019","192.168.1.55","192.168.1.2","TCP","1514","8004  >  36672 [ACK] Seq=288342 Ack=141 Win=65024 Len=1448 TSval=2916040528 TSecr=3045560299 [TCP segment of a reassembled PDU]"
"55695","36.447819241","192.168.1.55","192.168.1.2","TCP","1514","8004  >  36672 [ACK] Seq=289790 Ack=141 Win=65024 Len=1448 TSval=2916040528 TSecr=3045560299 [TCP segment of a reassembled PDU]"
"55696","36.447820611","192.168.1.55","192.168.1.2","TCP","1514","8004  >  36672 [ACK] Seq=291238 Ack=141 Win=65024 Len=1448 TSval=2916040528 TSecr=3045560299 [TCP segment of a reassembled PDU]"
"55697","36.447821834","192.168.1.55","192.168.1.2","TCP","1514","8004  >  36672 [ACK] Seq=292686 Ack=141 Win=65024 Len=1448 TSval=2916040528 TSecr=3045560299 [TCP segment of a reassembled PDU]"
"55698","36.447823352","192.168.1.55","192.168.1.2","TCP","1514","8004  >  36672 [ACK] Seq=294134 Ack=141 Win=65024 Len=1448 TSval=2916040528 TSecr=3045560299 [TCP segment of a reassembled PDU]"
"55699","36.447824704","192.168.1.55","192.168.1.2","TCP","1514","8004  >  36672 [ACK] Seq=295582 Ack=141 Win=65024 Len=1448 TSval=2916040528 TSecr=3045560299 [TCP segment of a reassembled PDU]"
"55700","36.447826167","192.168.1.55","192.168.1.2","TCP","1514","8004  >  36672 [ACK] Seq=297030 Ack=141 Win=65024 Len=1448 TSval=2916040528 TSecr=3045560299 [TCP segment of a reassembled PDU]"
"55701","36.447827463","192.168.1.55","192.168.1.2","TCP","858","[TCP Window Full] 8004  >  36672 [PSH, ACK] Seq=298478 Ack=141 Win=65024 Len=792 TSval=2916040528 TSecr=3045560299 [TCP segment of a reassembled PDU]"
"55702","36.447923797","192.168.1.2","192.168.1.55","TCP","66","36672  >  8004 [ACK] Seq=141 Ack=195670 Win=106496 Len=0 TSval=3045560299 TSecr=2916040522"
"55703","36.447931000","192.168.1.2","192.168.1.55","TCP","66","36672  >  8004 [ACK] Seq=141 Ack=197118 Win=109568 Len=0 TSval=3045560300 TSecr=2916040522"
"55704","36.447937112","192.168.1.2","192.168.1.55","TCP","66","36672  >  8004 [ACK] Seq=141 Ack=200014 Win=110592 Len=0 TSval=3045560300 TSecr=2916040522"
"55705","36.449038002","192.168.1.55","192.168.1.2","TCP","1514","8004  >  36672 [ACK] Seq=299270 Ack=141 Win=65024 Len=1448 TSval=2916040529 TSecr=3045560300 [TCP segment of a reassembled PDU]"
"55706","36.449040354","192.168.1.55","192.168.1.2","TCP","1514","8004  >  36672 [PSH, ACK] Seq=300718 Ack=141 Win=65024 Len=1448 TSval=2916040529 TSecr=3045560300 [TCP segment of a reassembled PDU]"
"55707","36.449045576","192.168.1.55","192.168.1.2","TCP","722","8004  >  36672 [ACK] Seq=302166 Ack=141 Win=65024 Len=656 TSval=2916040529 TSecr=3045560300 [TCP segment of a reassembled PDU]"
"55708","36.453439472","192.168.1.2","192.168.1.55","TCP","66","36672  >  8004 [ACK] Seq=141 Ack=252142 Win=59392 Len=0 TSval=3045560303 TSecr=2916040523"
"55709","36.453472250","192.168.1.55","192.168.1.2","TCP","1514","8004  >  36672 [ACK] Seq=302822 Ack=141 Win=65024 Len=1448 TSval=2916040534 TSecr=3045560303 [TCP segment of a reassembled PDU]"
"55710","36.453475917","192.168.1.55","192.168.1.2","TCP","1514","8004  >  36672 [ACK] Seq=304270 Ack=141 Win=65024 Len=1448 TSval=2916040534 TSecr=3045560303 [TCP segment of a reassembled PDU]"
"55711","36.453477435","192.168.1.55","192.168.1.2","TCP","1514","8004  >  36672 [ACK] Seq=305718 Ack=141 Win=65024 Len=1448 TSval=2916040534 TSecr=3045560303 [TCP segment of a reassembled PDU]"
"55712","36.453479120","192.168.1.55","192.168.1.2","TCP","1514","8004  >  36672 [ACK] Seq=307166 Ack=141 Win=65024 Len=1448 TSval=2916040534 TSecr=3045560303 [TCP segment of a reassembled PDU]"
"55713","36.453480565","192.168.1.55","192.168.1.2","TCP","1514","8004  >  36672 [ACK] Seq=308614 Ack=141 Win=65024 Len=1448 TSval=2916040534 TSecr=3045560303 [TCP segment of a reassembled PDU]"
"55714","36.453482065","192.168.1.55","192.168.1.2","TCP","1514","8004  >  36672 [PSH, ACK] Seq=310062 Ack=141 Win=65024 Len=1448 TSval=2916040534 TSecr=3045560303 [TCP segment of a reassembled PDU]"
"55715","36.453829454","192.168.1.2","192.168.1.55","TCP","66","36672  >  8004 [ACK] Seq=141 Ack=255038 Win=111616 Len=0 TSval=3045560304 TSecr=2916040524"
"55716","36.453866417","192.168.1.55","192.168.1.2","TCP","1514","8004  >  36672 [ACK] Seq=311510 Ack=141 Win=65024 Len=1448 TSval=2916040534 TSecr=3045560304 [TCP segment of a reassembled PDU]"
"55717","36.453869010","192.168.1.55","192.168.1.2","TCP","1514","8004  >  36672 [ACK] Seq=312958 Ack=141 Win=65024 Len=1448 TSval=2916040534 TSecr=3045560304 [TCP segment of a reassembled PDU]"
"55718","36.453870288","192.168.1.55","192.168.1.2","TCP","1514","8004  >  36672 [ACK] Seq=314406 Ack=141 Win=65024 Len=1448 TSval=2916040534 TSecr=3045560304 [TCP segment of a reassembled PDU]"
"55719","36.453871621","192.168.1.55","192.168.1.2","TCP","1514","8004  >  36672 [ACK] Seq=315854 Ack=141 Win=65024 Len=1448 TSval=2916040534 TSecr=3045560304 [TCP segment of a reassembled PDU]"
"55720","36.453872899","192.168.1.55","192.168.1.2","TCP","1514","8004  >  36672 [ACK] Seq=317302 Ack=141 Win=65024 Len=1448 TSval=2916040534 TSecr=3045560304 [TCP segment of a reassembled PDU]"
"55721","36.453874232","192.168.1.55","192.168.1.2","TCP","1514","8004  >  36672 [ACK] Seq=318750 Ack=141 Win=65024 Len=1448 TSval=2916040534 TSecr=3045560304 [TCP segment of a reassembled PDU]"
"55722","36.453875640","192.168.1.55","192.168.1.2","TCP","1514","8004  >  36672 [ACK] Seq=320198 Ack=141 Win=65024 Len=1448 TSval=2916040534 TSecr=3045560304 [TCP segment of a reassembled PDU]"
"55723","36.453877343","192.168.1.55","192.168.1.2","TCP","1514","8004  >  36672 [ACK] Seq=321646 Ack=141 Win=65024 Len=1448 TSval=2916040534 TSecr=3045560304 [TCP segment of a reassembled PDU]"
"55724","36.453878714","192.168.1.55","192.168.1.2","TCP","1514","8004  >  36672 [ACK] Seq=323094 Ack=141 Win=65024 Len=1448 TSval=2916040534 TSecr=3045560304 [TCP segment of a reassembled PDU]"
"55725","36.453880177","192.168.1.55","192.168.1.2","TCP","1514","8004  >  36672 [ACK] Seq=324542 Ack=141 Win=65024 Len=1448 TSval=2916040534 TSecr=3045560304 [TCP segment of a reassembled PDU]"
"55726","36.453881473","192.168.1.55","192.168.1.2","TCP","1514","8004  >  36672 [ACK] Seq=325990 Ack=141 Win=65024 Len=1448 TSval=2916040534 TSecr=3045560304 [TCP segment of a reassembled PDU]"
"55727","36.453882899","192.168.1.55","192.168.1.2","TCP","1514","8004  >  36672 [ACK] Seq=327438 Ack=141 Win=65024 Len=1448 TSval=2916040534 TSecr=3045560304 [TCP segment of a reassembled PDU]"
"55728","36.453884158","192.168.1.55","192.168.1.2","TCP","1514","8004  >  36672 [ACK] Seq=328886 Ack=141 Win=65024 Len=1448 TSval=2916040534 TSecr=3045560304 [TCP segment of a reassembled PDU]"
"55729","36.453885454","192.168.1.55","192.168.1.2","TCP","1514","8004  >  36672 [ACK] Seq=330334 Ack=141 Win=65024 Len=1448 TSval=2916040534 TSecr=3045560304 [TCP segment of a reassembled PDU]"
"55730","36.453887158","192.168.1.55","192.168.1.2","TCP","1514","8004  >  36672 [ACK] Seq=331782 Ack=141 Win=65024 Len=1448 TSval=2916040534 TSecr=3045560304 [TCP segment of a reassembled PDU]"
"55731","36.453888473","192.168.1.55","192.168.1.2","TCP","1514","8004  >  36672 [ACK] Seq=333230 Ack=141 Win=65024 Len=1448 TSval=2916040534 TSecr=3045560304 [TCP segment of a reassembled PDU]"
"55732","36.453889899","192.168.1.55","192.168.1.2","TCP","1514","8004  >  36672 [ACK] Seq=334678 Ack=141 Win=65024 Len=1448 TSval=2916040534 TSecr=3045560304 [TCP segment of a reassembled PDU]"
"55733","36.453891158","192.168.1.55","192.168.1.2","TCP","1514","8004  >  36672 [ACK] Seq=336126 Ack=141 Win=65024 Len=1448 TSval=2916040534 TSecr=3045560304 [TCP segment of a reassembled PDU]"
"55734","36.453892714","192.168.1.55","192.168.1.2","TCP","1514","8004  >  36672 [ACK] Seq=337574 Ack=141 Win=65024 Len=1448 TSval=2916040534 TSecr=3045560304 [TCP segment of a reassembled PDU]"
"55735","36.453894288","192.168.1.55","192.168.1.2","TCP","1514","8004  >  36672 [ACK] Seq=339022 Ack=141 Win=65024 Len=1448 TSval=2916040534 TSecr=3045560304 [TCP segment of a reassembled PDU]"
"55736","36.453895566","192.168.1.55","192.168.1.2","TCP","1514","8004  >  36672 [ACK] Seq=340470 Ack=141 Win=65024 Len=1448 TSval=2916040534 TSecr=3045560304 [TCP segment of a reassembled PDU]"
"55737","36.453897140","192.168.1.55","192.168.1.2","TCP","1514","8004  >  36672 [ACK] Seq=341918 Ack=141 Win=65024 Len=1448 TSval=2916040534 TSecr=3045560304 [TCP segment of a reassembled PDU]"
"55738","36.453898399","192.168.1.55","192.168.1.2","TCP","1514","8004  >  36672 [ACK] Seq=343366 Ack=141 Win=65024 Len=1448 TSval=2916040534 TSecr=3045560304 [TCP segment of a reassembled PDU]"
"55739","36.453899843","192.168.1.55","192.168.1.2","TCP","1514","8004  >  36672 [ACK] Seq=344814 Ack=141 Win=65024 Len=1448 TSval=2916040534 TSecr=3045560304 [TCP segment of a reassembled PDU]"
"55740","36.453901232","192.168.1.55","192.168.1.2","TCP","1514","8004  >  36672 [ACK] Seq=346262 Ack=141 Win=65024 Len=1448 TSval=2916040534 TSecr=3045560304 [TCP segment of a reassembled PDU]"
"55741","36.453902714","192.168.1.55","192.168.1.2","TCP","1514","8004  >  36672 [PSH, ACK] Seq=347710 Ack=141 Win=65024 Len=1448 TSval=2916040534 TSecr=3045560304 [TCP segment of a reassembled PDU]"
"55742","36.453907806","192.168.1.2","192.168.1.55","TCP","66","36672  >  8004 [ACK] Seq=141 Ack=256486 Win=111616 Len=0 TSval=3045560304 TSecr=2916040525"
"55743","36.453915121","192.168.1.2","192.168.1.55","TCP","66","36672  >  8004 [ACK] Seq=141 Ack=292686 Win=75776 Len=0 TSval=3045560307 TSecr=2916040528"
"55744","36.454933660","192.168.1.2","192.168.1.55","TCP","66","36672  >  8004 [ACK] Seq=141 Ack=295582 Win=114688 Len=0 TSval=3045560310 TSecr=2916040528"
"55745","36.454971882","192.168.1.55","192.168.1.2","TCP","1514","8004  >  36672 [ACK] Seq=349158 Ack=141 Win=65024 Len=1448 TSval=2916040535 TSecr=3045560310 [TCP segment of a reassembled PDU]"
"55746","36.454974012","192.168.1.55","192.168.1.2","TCP","1514","8004  >  36672 [ACK] Seq=350606 Ack=141 Win=65024 Len=1448 TSval=2916040535 TSecr=3045560310 [TCP segment of a reassembled PDU]"
"55747","36.454975530","192.168.1.55","192.168.1.2","TCP","1514","8004  >  36672 [ACK] Seq=352054 Ack=141 Win=65024 Len=1448 TSval=2916040535 TSecr=3045560310 [TCP segment of a reassembled PDU]"
"55748","36.454976993","192.168.1.55","192.168.1.2","TCP","1514","8004  >  36672 [ACK] Seq=353502 Ack=141 Win=65024 Len=1448 TSval=2916040535 TSecr=3045560310 [TCP segment of a reassembled PDU]"
"55749","36.454978512","192.168.1.55","192.168.1.2","TCP","1514","8004  >  36672 [ACK] Seq=354950 Ack=141 Win=65024 Len=1448 TSval=2916040535 TSecr=3045560310 [TCP segment of a reassembled PDU]"
"55750","36.454979901","192.168.1.55","192.168.1.2","TCP","1514","8004  >  36672 [ACK] Seq=356398 Ack=141 Win=65024 Len=1448 TSval=2916040535 TSecr=3045560310 [TCP segment of a reassembled PDU]"
"55751","36.454981215","192.168.1.55","192.168.1.2","TCP","1514","8004  >  36672 [ACK] Seq=357846 Ack=141 Win=65024 Len=1448 TSval=2916040535 TSecr=3045560310 [TCP segment of a reassembled PDU]"
"55752","36.454982660","192.168.1.55","192.168.1.2","TCP","1514","8004  >  36672 [ACK] Seq=359294 Ack=141 Win=65024 Len=1448 TSval=2916040535 TSecr=3045560310 [TCP segment of a reassembled PDU]"
"55753","36.454984215","192.168.1.55","192.168.1.2","TCP","1514","8004  >  36672 [ACK] Seq=360742 Ack=141 Win=65024 Len=1448 TSval=2916040535 TSecr=3045560310 [TCP segment of a reassembled PDU]"
"55754","36.454985604","192.168.1.55","192.168.1.2","TCP","1514","8004  >  36672 [ACK] Seq=362190 Ack=141 Win=65024 Len=1448 TSval=2916040535 TSecr=3045560310 [TCP segment of a reassembled PDU]"
"55755","36.454987067","192.168.1.55","192.168.1.2","TCP","1514","8004  >  36672 [ACK] Seq=363638 Ack=141 Win=65024 Len=1448 TSval=2916040535 TSecr=3045560310 [TCP segment of a reassembled PDU]"
"55756","36.454988530","192.168.1.55","192.168.1.2","TCP","1514","8004  >  36672 [ACK] Seq=365086 Ack=141 Win=65024 Len=1448 TSval=2916040535 TSecr=3045560310 [TCP segment of a reassembled PDU]"
"55757","36.454989827","192.168.1.55","192.168.1.2","TCP","1514","8004  >  36672 [ACK] Seq=366534 Ack=141 Win=65024 Len=1448 TSval=2916040535 TSecr=3045560310 [TCP segment of a reassembled PDU]"
"55758","36.454991308","192.168.1.55","192.168.1.2","TCP","1514","8004  >  36672 [ACK] Seq=367982 Ack=141 Win=65024 Len=1448 TSval=2916040535 TSecr=3045560310 [TCP segment of a reassembled PDU]"
"55759","36.454992641","192.168.1.55","192.168.1.2","TCP","1514","8004  >  36672 [ACK] Seq=369430 Ack=141 Win=65024 Len=1448 TSval=2916040535 TSecr=3045560310 [TCP segment of a reassembled PDU]"
"55760","36.454993993","192.168.1.55","192.168.1.2","TCP","1514","8004  >  36672 [ACK] Seq=370878 Ack=141 Win=65024 Len=1448 TSval=2916040535 TSecr=3045560310 [TCP segment of a reassembled PDU]"
"55761","36.454995401","192.168.1.55","192.168.1.2","TCP","1514","8004  >  36672 [ACK] Seq=372326 Ack=141 Win=65024 Len=1448 TSval=2916040535 TSecr=3045560310 [TCP segment of a reassembled PDU]"
"55762","36.454996790","192.168.1.55","192.168.1.2","TCP","1514","8004  >  36672 [ACK] Seq=373774 Ack=141 Win=65024 Len=1448 TSval=2916040535 TSecr=3045560310 [TCP segment of a reassembled PDU]"
"55763","36.454998141","192.168.1.55","192.168.1.2","TCP","1514","8004  >  36672 [ACK] Seq=375222 Ack=141 Win=65024 Len=1448 TSval=2916040535 TSecr=3045560310 [TCP segment of a reassembled PDU]"
"55764","36.454999530","192.168.1.55","192.168.1.2","TCP","1514","8004  >  36672 [ACK] Seq=376670 Ack=141 Win=65024 Len=1448 TSval=2916040535 TSecr=3045560310 [TCP segment of a reassembled PDU]"
"55765","36.455000845","192.168.1.55","192.168.1.2","TCP","1514","8004  >  36672 [ACK] Seq=378118 Ack=141 Win=65024 Len=1448 TSval=2916040535 TSecr=3045560310 [TCP segment of a reassembled PDU]"
"55766","36.455002364","192.168.1.55","192.168.1.2","TCP","1514","8004  >  36672 [ACK] Seq=379566 Ack=141 Win=65024 Len=1448 TSval=2916040535 TSecr=3045560310 [TCP segment of a reassembled PDU]"
"55767","36.455003660","192.168.1.55","192.168.1.2","TCP","1514","8004  >  36672 [ACK] Seq=381014 Ack=141 Win=65024 Len=1448 TSval=2916040535 TSecr=3045560310 [TCP segment of a reassembled PDU]"
"55768","36.455005030","192.168.1.55","192.168.1.2","TCP","1514","8004  >  36672 [ACK] Seq=382462 Ack=141 Win=65024 Len=1448 TSval=2916040535 TSecr=3045560310 [TCP segment of a reassembled PDU]"
"55769","36.455006475","192.168.1.55","192.168.1.2","TCP","1514","8004  >  36672 [ACK] Seq=383910 Ack=141 Win=65024 Len=1448 TSval=2916040535 TSecr=3045560310 [TCP segment of a reassembled PDU]"
"55770","36.455007808","192.168.1.55","192.168.1.2","TCP","1514","8004  >  36672 [ACK] Seq=385358 Ack=141 Win=65024 Len=1448 TSval=2916040535 TSecr=3045560310 [TCP segment of a reassembled PDU]"
"55771","36.455009234","192.168.1.55","192.168.1.2","TCP","1514","8004  >  36672 [ACK] Seq=386806 Ack=141 Win=65024 Len=1448 TSval=2916040535 TSecr=3045560310 [TCP segment of a reassembled PDU]"
"55772","36.455010845","192.168.1.55","192.168.1.2","TCP","1514","8004  >  36672 [ACK] Seq=388254 Ack=141 Win=65024 Len=1448 TSval=2916040535 TSecr=3045560310 [TCP segment of a reassembled PDU]"
"55773","36.455012401","192.168.1.55","192.168.1.2","TCP","1514","8004  >  36672 [ACK] Seq=389702 Ack=141 Win=65024 Len=1448 TSval=2916040535 TSecr=3045560310 [TCP segment of a reassembled PDU]"
"55774","36.455013919","192.168.1.55","192.168.1.2","TCP","1514","8004  >  36672 [ACK] Seq=391150 Ack=141 Win=65024 Len=1448 TSval=2916040535 TSecr=3045560310 [TCP segment of a reassembled PDU]"
"55775","36.455015345","192.168.1.55","192.168.1.2","TCP","1514","8004  >  36672 [ACK] Seq=392598 Ack=141 Win=65024 Len=1448 TSval=2916040535 TSecr=3045560310 [TCP segment of a reassembled PDU]"
"55776","36.455016919","192.168.1.55","192.168.1.2","TCP","1514","8004  >  36672 [PSH, ACK] Seq=394046 Ack=141 Win=65024 Len=1448 TSval=2916040535 TSecr=3045560310 [TCP segment of a reassembled PDU]"
"55777","36.455081753","192.168.1.2","192.168.1.55","TCP","66","36672  >  8004 [ACK] Seq=141 Ack=299270 Win=121856 Len=0 TSval=3045560310 TSecr=2916040528"
"55778","36.455094327","192.168.1.2","192.168.1.55","TCP","66","36672  >  8004 [ACK] Seq=141 Ack=302166 Win=128000 Len=0 TSval=3045560310 TSecr=2916040529"
"55779","36.455100086","192.168.1.2","192.168.1.55","TCP","66","36672  >  8004 [ACK] Seq=141 Ack=302822 Win=131072 Len=0 TSval=3045560310 TSecr=2916040529"
"55780","36.456313236","192.168.1.55","192.168.1.2","TCP","1514","8004  >  36672 [ACK] Seq=395494 Ack=141 Win=65024 Len=1448 TSval=2916040536 TSecr=3045560310 [TCP segment of a reassembled PDU]"
"55781","36.456315792","192.168.1.55","192.168.1.2","TCP","1514","8004  >  36672 [ACK] Seq=396942 Ack=141 Win=65024 Len=1448 TSval=2916040536 TSecr=3045560310 [TCP segment of a reassembled PDU]"
"55782","36.456317218","192.168.1.55","192.168.1.2","TCP","1514","8004  >  36672 [ACK] Seq=398390 Ack=141 Win=65024 Len=1448 TSval=2916040536 TSecr=3045560310 [TCP segment of a reassembled PDU]"
"55783","36.456318606","192.168.1.55","192.168.1.2","TCP","1514","8004  >  36672 [ACK] Seq=399838 Ack=141 Win=65024 Len=1448 TSval=2916040536 TSecr=3045560310 [TCP segment of a reassembled PDU]"
"55784","36.456319995","192.168.1.55","192.168.1.2","TCP","1514","8004  >  36672 [ACK] Seq=401286 Ack=141 Win=65024 Len=1448 TSval=2916040536 TSecr=3045560310 [TCP segment of a reassembled PDU]"
"55785","36.456321977","192.168.1.55","192.168.1.2","TCP","1514","8004  >  36672 [ACK] Seq=402734 Ack=141 Win=65024 Len=1448 TSval=2916040536 TSecr=3045560310 [TCP segment of a reassembled PDU]"
"55786","36.456323403","192.168.1.55","192.168.1.2","TCP","1514","8004  >  36672 [ACK] Seq=404182 Ack=141 Win=65024 Len=1448 TSval=2916040536 TSecr=3045560310 [TCP segment of a reassembled PDU]"
"55787","36.456324810","192.168.1.55","192.168.1.2","TCP","1514","8004  >  36672 [ACK] Seq=405630 Ack=141 Win=65024 Len=1448 TSval=2916040536 TSecr=3045560310 [TCP segment of a reassembled PDU]"
"55788","36.456326218","192.168.1.55","192.168.1.2","TCP","1514","8004  >  36672 [ACK] Seq=407078 Ack=141 Win=65024 Len=1448 TSval=2916040536 TSecr=3045560310 [TCP segment of a reassembled PDU]"
"55789","36.456327606","192.168.1.55","192.168.1.2","TCP","1514","8004  >  36672 [ACK] Seq=408526 Ack=141 Win=65024 Len=1448 TSval=2916040536 TSecr=3045560310 [TCP segment of a reassembled PDU]"
"55790","36.456329088","192.168.1.55","192.168.1.2","TCP","1514","8004  >  36672 [ACK] Seq=409974 Ack=141 Win=65024 Len=1448 TSval=2916040536 TSecr=3045560310 [TCP segment of a reassembled PDU]"
"55791","36.456330514","192.168.1.55","192.168.1.2","TCP","1514","8004  >  36672 [ACK] Seq=411422 Ack=141 Win=65024 Len=1448 TSval=2916040536 TSecr=3045560310 [TCP segment of a reassembled PDU]"
"55792","36.456332532","192.168.1.55","192.168.1.2","TCP","1514","8004  >  36672 [ACK] Seq=412870 Ack=141 Win=65024 Len=1448 TSval=2916040536 TSecr=3045560310 [TCP segment of a reassembled PDU]"
"55793","36.456334477","192.168.1.55","192.168.1.2","TCP","1514","8004  >  36672 [ACK] Seq=414318 Ack=141 Win=65024 Len=1448 TSval=2916040536 TSecr=3045560310 [TCP segment of a reassembled PDU]"
"55794","36.456335958","192.168.1.55","192.168.1.2","TCP","1514","8004  >  36672 [ACK] Seq=415766 Ack=141 Win=65024 Len=1448 TSval=2916040536 TSecr=3045560310 [TCP segment of a reassembled PDU]"
"55795","36.456337699","192.168.1.55","192.168.1.2","TCP","1514","8004  >  36672 [ACK] Seq=417214 Ack=141 Win=65024 Len=1448 TSval=2916040536 TSecr=3045560310 [TCP segment of a reassembled PDU]"
"55796","36.456339366","192.168.1.55","192.168.1.2","TCP","1514","8004  >  36672 [ACK] Seq=418662 Ack=141 Win=65024 Len=1448 TSval=2916040536 TSecr=3045560310 [TCP segment of a reassembled PDU]"
"55797","36.456341181","192.168.1.55","192.168.1.2","TCP","1514","8004  >  36672 [ACK] Seq=420110 Ack=141 Win=65024 Len=1448 TSval=2916040536 TSecr=3045560310 [TCP segment of a reassembled PDU]"
"55798","36.456342921","192.168.1.55","192.168.1.2","TCP","1514","8004  >  36672 [ACK] Seq=421558 Ack=141 Win=65024 Len=1448 TSval=2916040536 TSecr=3045560310 [TCP segment of a reassembled PDU]"
"55799","36.456344384","192.168.1.55","192.168.1.2","TCP","1514","8004  >  36672 [ACK] Seq=423006 Ack=141 Win=65024 Len=1448 TSval=2916040536 TSecr=3045560310 [TCP segment of a reassembled PDU]"
"55800","36.456346125","192.168.1.55","192.168.1.2","TCP","1514","8004  >  36672 [ACK] Seq=424454 Ack=141 Win=65024 Len=1448 TSval=2916040536 TSecr=3045560310 [TCP segment of a reassembled PDU]"
"55801","36.456347866","192.168.1.55","192.168.1.2","TCP","1514","8004  >  36672 [ACK] Seq=425902 Ack=141 Win=65024 Len=1448 TSval=2916040536 TSecr=3045560310 [TCP segment of a reassembled PDU]"
"55802","36.456349625","192.168.1.55","192.168.1.2","TCP","1514","8004  >  36672 [ACK] Seq=427350 Ack=141 Win=65024 Len=1448 TSval=2916040536 TSecr=3045560310 [TCP segment of a reassembled PDU]"
"55803","36.456351921","192.168.1.55","192.168.1.2","TCP","1514","8004  >  36672 [ACK] Seq=428798 Ack=141 Win=65024 Len=1448 TSval=2916040536 TSecr=3045560310 [TCP segment of a reassembled PDU]"
"55804","36.456353940","192.168.1.55","192.168.1.2","TCP","1514","8004  >  36672 [ACK] Seq=430246 Ack=141 Win=65024 Len=1448 TSval=2916040536 TSecr=3045560310 [TCP segment of a reassembled PDU]"
"55805","36.456355625","192.168.1.55","192.168.1.2","TCP","1514","8004  >  36672 [ACK] Seq=431694 Ack=141 Win=65024 Len=1448 TSval=2916040536 TSecr=3045560310 [TCP segment of a reassembled PDU]"
"55806","36.456357440","192.168.1.55","192.168.1.2","TCP","818","[TCP Window Full] 8004  >  36672 [PSH, ACK] Seq=433142 Ack=141 Win=65024 Len=752 TSval=2916040536 TSecr=3045560310 [TCP segment of a reassembled PDU]"
"55807","36.465527603","192.168.1.2","192.168.1.55","TCP","66","36672  >  8004 [ACK] Seq=141 Ack=307166 Win=139264 Len=0 TSval=3045560314 TSecr=2916040534"
"55808","36.465542751","192.168.1.55","192.168.1.2","TCP","1514","8004  >  36672 [ACK] Seq=433894 Ack=141 Win=65024 Len=1448 TSval=2916040546 TSecr=3045560314 [TCP segment of a reassembled PDU]"
"55809","36.465545288","192.168.1.55","192.168.1.2","TCP","1514","8004  >  36672 [ACK] Seq=435342 Ack=141 Win=65024 Len=1448 TSval=2916040546 TSecr=3045560314 [TCP segment of a reassembled PDU]"
"55810","36.465546566","192.168.1.55","192.168.1.2","TCP","1514","8004  >  36672 [ACK] Seq=436790 Ack=141 Win=65024 Len=1448 TSval=2916040546 TSecr=3045560314 [TCP segment of a reassembled PDU]"
"55811","36.465547844","192.168.1.55","192.168.1.2","TCP","1514","8004  >  36672 [ACK] Seq=438238 Ack=141 Win=65024 Len=1448 TSval=2916040546 TSecr=3045560314 [TCP segment of a reassembled PDU]"
"55812","36.465549121","192.168.1.55","192.168.1.2","TCP","1514","8004  >  36672 [PSH, ACK] Seq=439686 Ack=141 Win=65024 Len=1448 TSval=2916040546 TSecr=3045560314 [TCP segment of a reassembled PDU]"
"55813","36.465554103","192.168.1.55","192.168.1.2","TCP","762","8004  >  36672 [ACK] Seq=441134 Ack=141 Win=65024 Len=696 TSval=2916040546 TSecr=3045560314 [TCP segment of a reassembled PDU]"
"55814","36.465889955","192.168.1.2","192.168.1.55","TCP","66","36672  >  8004 [ACK] Seq=141 Ack=311510 Win=148480 Len=0 TSval=3045560314 TSecr=2916040534"
"55815","36.465897585","192.168.1.2","192.168.1.55","TCP","66","36672  >  8004 [ACK] Seq=141 Ack=340470 Win=148480 Len=0 TSval=3045560314 TSecr=2916040534"
"55816","36.465932474","192.168.1.55","192.168.1.2","TCP","1514","8004  >  36672 [ACK] Seq=441830 Ack=141 Win=65024 Len=1448 TSval=2916040546 TSecr=3045560314 [TCP segment of a reassembled PDU]"
"55817","36.465934900","192.168.1.55","192.168.1.2","TCP","1514","8004  >  36672 [ACK] Seq=443278 Ack=141 Win=65024 Len=1448 TSval=2916040546 TSecr=3045560314 [TCP segment of a reassembled PDU]"
"55818","36.465936752","192.168.1.55","192.168.1.2","TCP","1514","8004  >  36672 [ACK] Seq=444726 Ack=141 Win=65024 Len=1448 TSval=2916040546 TSecr=3045560314 [TCP segment of a reassembled PDU]"
"55819","36.465938085","192.168.1.55","192.168.1.2","TCP","1514","8004  >  36672 [ACK] Seq=446174 Ack=141 Win=65024 Len=1448 TSval=2916040546 TSecr=3045560314 [TCP segment of a reassembled PDU]"
"55820","36.465939400","192.168.1.55","192.168.1.2","TCP","1514","8004  >  36672 [ACK] Seq=447622 Ack=141 Win=65024 Len=1448 TSval=2916040546 TSecr=3045560314 [TCP segment of a reassembled PDU]"
"55821","36.465940715","192.168.1.55","192.168.1.2","TCP","1514","8004  >  36672 [ACK] Seq=449070 Ack=141 Win=65024 Len=1448 TSval=2916040546 TSecr=3045560314 [TCP segment of a reassembled PDU]"
"55822","36.465942066","192.168.1.55","192.168.1.2","TCP","1514","8004  >  36672 [ACK] Seq=450518 Ack=141 Win=65024 Len=1448 TSval=2916040546 TSecr=3045560314 [TCP segment of a reassembled PDU]"
"55823","36.465943511","192.168.1.55","192.168.1.2","TCP","1514","8004  >  36672 [ACK] Seq=451966 Ack=141 Win=65024 Len=1448 TSval=2916040546 TSecr=3045560314 [TCP segment of a reassembled PDU]"
"55824","36.465944881","192.168.1.55","192.168.1.2","TCP","1514","8004  >  36672 [ACK] Seq=453414 Ack=141 Win=65024 Len=1448 TSval=2916040546 TSecr=3045560314 [TCP segment of a reassembled PDU]"
"55825","36.465946215","192.168.1.55","192.168.1.2","TCP","1514","8004  >  36672 [ACK] Seq=454862 Ack=141 Win=65024 Len=1448 TSval=2916040546 TSecr=3045560314 [TCP segment of a reassembled PDU]"
"55826","36.465947881","192.168.1.55","192.168.1.2","TCP","1514","8004  >  36672 [ACK] Seq=456310 Ack=141 Win=65024 Len=1448 TSval=2916040546 TSecr=3045560314 [TCP segment of a reassembled PDU]"
"55827","36.465949215","192.168.1.55","192.168.1.2","TCP","1514","8004  >  36672 [ACK] Seq=457758 Ack=141 Win=65024 Len=1448 TSval=2916040546 TSecr=3045560314 [TCP segment of a reassembled PDU]"
"55828","36.465950622","192.168.1.55","192.168.1.2","TCP","1514","8004  >  36672 [ACK] Seq=459206 Ack=141 Win=65024 Len=1448 TSval=2916040546 TSecr=3045560314 [TCP segment of a reassembled PDU]"
"55829","36.465952048","192.168.1.55","192.168.1.2","TCP","1514","8004  >  36672 [ACK] Seq=460654 Ack=141 Win=65024 Len=1448 TSval=2916040546 TSecr=3045560314 [TCP segment of a reassembled PDU]"
"55830","36.465953381","192.168.1.55","192.168.1.2","TCP","1514","8004  >  36672 [ACK] Seq=462102 Ack=141 Win=65024 Len=1448 TSval=2916040546 TSecr=3045560314 [TCP segment of a reassembled PDU]"
"55831","36.465955474","192.168.1.55","192.168.1.2","TCP","1514","8004  >  36672 [ACK] Seq=463550 Ack=141 Win=65024 Len=1448 TSval=2916040546 TSecr=3045560314 [TCP segment of a reassembled PDU]"
"55832","36.465956807","192.168.1.55","192.168.1.2","TCP","1514","8004  >  36672 [ACK] Seq=464998 Ack=141 Win=65024 Len=1448 TSval=2916040546 TSecr=3045560314 [TCP segment of a reassembled PDU]"
"55833","36.465958159","192.168.1.55","192.168.1.2","TCP","1514","8004  >  36672 [ACK] Seq=466446 Ack=141 Win=65024 Len=1448 TSval=2916040546 TSecr=3045560314 [TCP segment of a reassembled PDU]"
"55834","36.465959548","192.168.1.55","192.168.1.2","TCP","1514","8004  >  36672 [ACK] Seq=467894 Ack=141 Win=65024 Len=1448 TSval=2916040546 TSecr=3045560314 [TCP segment of a reassembled PDU]"
"55835","36.465960918","192.168.1.55","192.168.1.2","TCP","1514","8004  >  36672 [ACK] Seq=469342 Ack=141 Win=65024 Len=1448 TSval=2916040546 TSecr=3045560314 [TCP segment of a reassembled PDU]"
"55836","36.465962344","192.168.1.55","192.168.1.2","TCP","1514","8004  >  36672 [ACK] Seq=470790 Ack=141 Win=65024 Len=1448 TSval=2916040546 TSecr=3045560314 [TCP segment of a reassembled PDU]"
"55837","36.465963826","192.168.1.55","192.168.1.2","TCP","1514","8004  >  36672 [ACK] Seq=472238 Ack=141 Win=65024 Len=1448 TSval=2916040546 TSecr=3045560314 [TCP segment of a reassembled PDU]"
"55838","36.465965270","192.168.1.55","192.168.1.2","TCP","1514","8004  >  36672 [ACK] Seq=473686 Ack=141 Win=65024 Len=1448 TSval=2916040546 TSecr=3045560314 [TCP segment of a reassembled PDU]"
"55839","36.465966696","192.168.1.55","192.168.1.2","TCP","1514","8004  >  36672 [ACK] Seq=475134 Ack=141 Win=65024 Len=1448 TSval=2916040546 TSecr=3045560314 [TCP segment of a reassembled PDU]"
"55840","36.465968048","192.168.1.55","192.168.1.2","TCP","1514","8004  >  36672 [ACK] Seq=476582 Ack=141 Win=65024 Len=1448 TSval=2916040546 TSecr=3045560314 [TCP segment of a reassembled PDU]"
"55841","36.465969529","192.168.1.55","192.168.1.2","TCP","1514","8004  >  36672 [ACK] Seq=478030 Ack=141 Win=65024 Len=1448 TSval=2916040546 TSecr=3045560314 [TCP segment of a reassembled PDU]"
"55842","36.465970974","192.168.1.55","192.168.1.2","TCP","1514","8004  >  36672 [ACK] Seq=479478 Ack=141 Win=65024 Len=1448 TSval=2916040546 TSecr=3045560314 [TCP segment of a reassembled PDU]"
"55843","36.465972344","192.168.1.55","192.168.1.2","TCP","1514","8004  >  36672 [ACK] Seq=480926 Ack=141 Win=65024 Len=1448 TSval=2916040546 TSecr=3045560314 [TCP segment of a reassembled PDU]"
"55844","36.465973770","192.168.1.55","192.168.1.2","TCP","1514","8004  >  36672 [ACK] Seq=482374 Ack=141 Win=65024 Len=1448 TSval=2916040546 TSecr=3045560314 [TCP segment of a reassembled PDU]"
"55845","36.465975159","192.168.1.55","192.168.1.2","TCP","1514","8004  >  36672 [ACK] Seq=483822 Ack=141 Win=65024 Len=1448 TSval=2916040546 TSecr=3045560314 [TCP segment of a reassembled PDU]"
"55846","36.465976603","192.168.1.55","192.168.1.2","TCP","1514","8004  >  36672 [ACK] Seq=485270 Ack=141 Win=65024 Len=1448 TSval=2916040546 TSecr=3045560314 [TCP segment of a reassembled PDU]"
"55847","36.465977937","192.168.1.55","192.168.1.2","TCP","1514","8004  >  36672 [PSH, ACK] Seq=486718 Ack=141 Win=65024 Len=1448 TSval=2916040546 TSecr=3045560314 [TCP segment of a reassembled PDU]"
"55848","36.465982566","192.168.1.2","192.168.1.55","TCP","66","36672  >  8004 [ACK] Seq=141 Ack=349158 Win=165888 Len=0 TSval=3045560319 TSecr=2916040534"
"55849","36.465990900","192.168.1.2","192.168.1.55","TCP","66","36672  >  8004 [ACK] Seq=141 Ack=376670 Win=140288 Len=0 TSval=3045560319 TSecr=2916040535"
"55850","36.466023085","192.168.1.2","192.168.1.55","TCP","66","36672  >  8004 [ACK] Seq=141 Ack=379566 Win=171008 Len=0 TSval=3045560319 TSecr=2916040535"
"55851","36.467203513","192.168.1.55","192.168.1.2","TCP","1514","8004  >  36672 [ACK] Seq=488166 Ack=141 Win=65024 Len=1448 TSval=2916040547 TSecr=3045560319 [TCP segment of a reassembled PDU]"
"55852","36.467205754","192.168.1.55","192.168.1.2","TCP","1514","8004  >  36672 [ACK] Seq=489614 Ack=141 Win=65024 Len=1448 TSval=2916040547 TSecr=3045560319 [TCP segment of a reassembled PDU]"
"55853","36.467207068","192.168.1.55","192.168.1.2","TCP","1514","8004  >  36672 [ACK] Seq=491062 Ack=141 Win=65024 Len=1448 TSval=2916040547 TSecr=3045560319 [TCP segment of a reassembled PDU]"
"55854","36.467208531","192.168.1.55","192.168.1.2","TCP","1514","8004  >  36672 [ACK] Seq=492510 Ack=141 Win=65024 Len=1448 TSval=2916040547 TSecr=3045560319 [TCP segment of a reassembled PDU]"
"55855","36.467209828","192.168.1.55","192.168.1.2","TCP","1514","8004  >  36672 [ACK] Seq=493958 Ack=141 Win=65024 Len=1448 TSval=2916040547 TSecr=3045560319 [TCP segment of a reassembled PDU]"
"55856","36.467211180","192.168.1.55","192.168.1.2","TCP","1514","8004  >  36672 [ACK] Seq=495406 Ack=141 Win=65024 Len=1448 TSval=2916040547 TSecr=3045560319 [TCP segment of a reassembled PDU]"
"55857","36.467212587","192.168.1.55","192.168.1.2","TCP","1514","8004  >  36672 [PSH, ACK] Seq=496854 Ack=141 Win=65024 Len=1448 TSval=2916040547 TSecr=3045560319 [TCP segment of a reassembled PDU]"
"55858","36.467217717","192.168.1.55","192.168.1.2","HTTP","1472","HTTP/1.0 200 OK  (PNG)"
"55859","36.467249939","192.168.1.2","192.168.1.55","TCP","66","36672  >  8004 [ACK] Seq=141 Ack=395494 Win=162816 Len=0 TSval=3045560321 TSecr=2916040535"
"55860","36.467291124","192.168.1.2","192.168.1.55","TCP","66","36672  >  8004 [ACK] Seq=141 Ack=433142 Win=125952 Len=0 TSval=3045560321 TSecr=2916040536"
"55861","36.470074129","192.168.1.2","192.168.1.55","TCP","66","36672  >  8004 [ACK] Seq=141 Ack=433894 Win=174080 Len=0 TSval=3045560323 TSecr=2916040536"
"55862","36.470176332","192.168.1.2","192.168.1.55","TCP","66","36672  >  8004 [ACK] Seq=141 Ack=436790 Win=172032 Len=0 TSval=3045560323 TSecr=2916040546"
"55863","36.471546298","192.168.1.2","192.168.1.55","TCP","66","36672  >  8004 [ACK] Seq=141 Ack=441134 Win=172032 Len=0 TSval=3045560326 TSecr=2916040546"
"55864","36.471658039","192.168.1.2","192.168.1.55","TCP","66","36672  >  8004 [ACK] Seq=141 Ack=488166 Win=131072 Len=0 TSval=3045560326 TSecr=2916040546"
"55865","36.472436243","192.168.1.2","192.168.1.55","TCP","66","36672  >  8004 [ACK] Seq=141 Ack=498302 Win=165888 Len=0 TSval=3045560327 TSecr=2916040547"
"55866","36.474068691","192.168.1.2","192.168.1.55","TCP","66","36672  >  8004 [FIN, ACK] Seq=141 Ack=499709 Win=174080 Len=0 TSval=3045560328 TSecr=2916040547"
"55867","36.474083431","192.168.1.55","192.168.1.2","TCP","66","8004  >  36672 [ACK] Seq=499709 Ack=142 Win=65024 Len=0 TSval=2916040554 TSecr=3045560328"
"55868","36.474200469","192.168.1.2","192.168.1.55","TCP","74","36680  >  8004 [SYN] Seq=0 Win=64240 Len=0 MSS=1460 SACK_PERM TSval=3045560329 TSecr=0 WS=1024"
"55869","36.474224802","192.168.1.55","192.168.1.2","TCP","74","8004  >  36680 [SYN, ACK] Seq=0 Ack=1 Win=65160 Len=0 MSS=1460 SACK_PERM TSval=2916040554 TSecr=3045560329 WS=128"
"55870","36.477334714","192.168.1.2","192.168.1.55","TCP","66","36680  >  8004 [ACK] Seq=1 Ack=1 Win=64512 Len=0 TSval=3045560332 TSecr=2916040554"
"55871","36.480552312","192.168.1.2","192.168.1.55","HTTP","209","GET /original_benchmark.png HTTP/1.1 "
"55872","36.480562664","192.168.1.55","192.168.1.2","TCP","66","8004  >  36680 [ACK] Seq=1 Ack=144 Win=65024 Len=0 TSval=2916040561 TSecr=3045560332"
"55873","36.481067387","192.168.1.55","192.168.1.2","TCP","255","8004  >  36680 [PSH, ACK] Seq=1 Ack=144 Win=65024 Len=189 TSval=2916040561 TSecr=3045560332 [TCP segment of a reassembled PDU]"
"55874","36.481155943","192.168.1.55","192.168.1.2","TCP","1514","8004  >  36680 [ACK] Seq=190 Ack=144 Win=65024 Len=1448 TSval=2916040561 TSecr=3045560332 [TCP segment of a reassembled PDU]"
"55875","36.481160443","192.168.1.55","192.168.1.2","TCP","1514","8004  >  36680 [ACK] Seq=1638 Ack=144 Win=65024 Len=1448 TSval=2916040561 TSecr=3045560332 [TCP segment of a reassembled PDU]"
"55876","36.481161869","192.168.1.55","192.168.1.2","TCP","1514","8004  >  36680 [ACK] Seq=3086 Ack=144 Win=65024 Len=1448 TSval=2916040561 TSecr=3045560332 [TCP segment of a reassembled PDU]"
"55877","36.481163350","192.168.1.55","192.168.1.2","TCP","1514","8004  >  36680 [ACK] Seq=4534 Ack=144 Win=65024 Len=1448 TSval=2916040561 TSecr=3045560332 [TCP segment of a reassembled PDU]"
"55878","36.481165406","192.168.1.55","192.168.1.2","TCP","1514","8004  >  36680 [PSH, ACK] Seq=5982 Ack=144 Win=65024 Len=1448 TSval=2916040561 TSecr=3045560332 [TCP segment of a reassembled PDU]"
"55879","36.481183165","192.168.1.55","192.168.1.2","TCP","1514","8004  >  36680 [ACK] Seq=7430 Ack=144 Win=65024 Len=1448 TSval=2916040561 TSecr=3045560332 [TCP segment of a reassembled PDU]"
"55880","36.481185332","192.168.1.55","192.168.1.2","TCP","1514","8004  >  36680 [ACK] Seq=8878 Ack=144 Win=65024 Len=1448 TSval=2916040561 TSecr=3045560332 [TCP segment of a reassembled PDU]"
"55881","36.481186702","192.168.1.55","192.168.1.2","TCP","1514","8004  >  36680 [ACK] Seq=10326 Ack=144 Win=65024 Len=1448 TSval=2916040561 TSecr=3045560332 [TCP segment of a reassembled PDU]"
"55882","36.481188295","192.168.1.55","192.168.1.2","TCP","1514","8004  >  36680 [PSH, ACK] Seq=11774 Ack=144 Win=65024 Len=1448 TSval=2916040561 TSecr=3045560332 [TCP segment of a reassembled PDU]"
"55883","36.484684356","192.168.1.2","192.168.1.55","TCP","66","36680  >  8004 [ACK] Seq=144 Ack=190 Win=64512 Len=0 TSval=3045560339 TSecr=2916040561"
"55884","36.484733874","192.168.1.55","192.168.1.2","TCP","1514","8004  >  36680 [ACK] Seq=13222 Ack=144 Win=65024 Len=1448 TSval=2916040565 TSecr=3045560339 [TCP segment of a reassembled PDU]"
"55885","36.484741078","192.168.1.55","192.168.1.2","TCP","1514","8004  >  36680 [PSH, ACK] Seq=14670 Ack=144 Win=65024 Len=1448 TSval=2916040565 TSecr=3045560339 [TCP segment of a reassembled PDU]"
"55886","36.484819337","192.168.1.2","192.168.1.55","TCP","66","36680  >  8004 [ACK] Seq=144 Ack=5982 Win=76800 Len=0 TSval=3045560339 TSecr=2916040561"
"55887","36.484848356","192.168.1.55","192.168.1.2","TCP","1514","8004  >  36680 [ACK] Seq=16118 Ack=144 Win=65024 Len=1448 TSval=2916040565 TSecr=3045560339 [TCP segment of a reassembled PDU]"
"55888","36.484850449","192.168.1.55","192.168.1.2","TCP","1514","8004  >  36680 [ACK] Seq=17566 Ack=144 Win=65024 Len=1448 TSval=2916040565 TSecr=3045560339 [TCP segment of a reassembled PDU]"
"55889","36.484852356","192.168.1.55","192.168.1.2","TCP","1514","8004  >  36680 [ACK] Seq=19014 Ack=144 Win=65024 Len=1448 TSval=2916040565 TSecr=3045560339 [TCP segment of a reassembled PDU]"
"55890","36.484854245","192.168.1.55","192.168.1.2","TCP","1514","8004  >  36680 [ACK] Seq=20462 Ack=144 Win=65024 Len=1448 TSval=2916040565 TSecr=3045560339 [TCP segment of a reassembled PDU]"
"55891","36.484856152","192.168.1.55","192.168.1.2","TCP","1514","8004  >  36680 [ACK] Seq=21910 Ack=144 Win=65024 Len=1448 TSval=2916040565 TSecr=3045560339 [TCP segment of a reassembled PDU]"
"55892","36.484857838","192.168.1.55","192.168.1.2","TCP","1514","8004  >  36680 [ACK] Seq=23358 Ack=144 Win=65024 Len=1448 TSval=2916040565 TSecr=3045560339 [TCP segment of a reassembled PDU]"
"55893","36.484859523","192.168.1.55","192.168.1.2","TCP","1514","8004  >  36680 [PSH, ACK] Seq=24806 Ack=144 Win=65024 Len=1448 TSval=2916040565 TSecr=3045560339 [TCP segment of a reassembled PDU]"
"55894","36.484866504","192.168.1.2","192.168.1.55","TCP","66","36680  >  8004 [ACK] Seq=144 Ack=7430 Win=79872 Len=0 TSval=3045560340 TSecr=2916040561"
"55895","36.484875078","192.168.1.2","192.168.1.55","TCP","66","36680  >  8004 [ACK] Seq=144 Ack=13222 Win=80896 Len=0 TSval=3045560340 TSecr=2916040561"
"55896","36.484902375","192.168.1.55","192.168.1.2","TCP","1514","8004  >  36680 [ACK] Seq=26254 Ack=144 Win=65024 Len=1448 TSval=2916040565 TSecr=3045560340 [TCP segment of a reassembled PDU]"
"55897","36.484905134","192.168.1.55","192.168.1.2","TCP","1514","8004  >  36680 [ACK] Seq=27702 Ack=144 Win=65024 Len=1448 TSval=2916040565 TSecr=3045560340 [TCP segment of a reassembled PDU]"
"55898","36.484906615","192.168.1.55","192.168.1.2","TCP","1514","8004  >  36680 [ACK] Seq=29150 Ack=144 Win=65024 Len=1448 TSval=2916040565 TSecr=3045560340 [TCP segment of a reassembled PDU]"
"55899","36.484908115","192.168.1.55","192.168.1.2","TCP","1514","8004  >  36680 [ACK] Seq=30598 Ack=144 Win=65024 Len=1448 TSval=2916040565 TSecr=3045560340 [TCP segment of a reassembled PDU]"
"55900","36.484909930","192.168.1.55","192.168.1.2","TCP","1514","8004  >  36680 [ACK] Seq=32046 Ack=144 Win=65024 Len=1448 TSval=2916040565 TSecr=3045560340 [TCP segment of a reassembled PDU]"
"55901","36.484911967","192.168.1.55","192.168.1.2","TCP","1514","8004  >  36680 [ACK] Seq=33494 Ack=144 Win=65024 Len=1448 TSval=2916040565 TSecr=3045560340 [TCP segment of a reassembled PDU]"
"55902","36.484913504","192.168.1.55","192.168.1.2","TCP","1514","8004  >  36680 [ACK] Seq=34942 Ack=144 Win=65024 Len=1448 TSval=2916040565 TSecr=3045560340 [TCP segment of a reassembled PDU]"
"55903","36.484915023","192.168.1.55","192.168.1.2","TCP","1514","8004  >  36680 [ACK] Seq=36390 Ack=144 Win=65024 Len=1448 TSval=2916040565 TSecr=3045560340 [TCP segment of a reassembled PDU]"
"55904","36.484916504","192.168.1.55","192.168.1.2","TCP","1514","8004  >  36680 [ACK] Seq=37838 Ack=144 Win=65024 Len=1448 TSval=2916040565 TSecr=3045560340 [TCP segment of a reassembled PDU]"
"55905","36.484917967","192.168.1.55","192.168.1.2","TCP","1514","8004  >  36680 [PSH, ACK] Seq=39286 Ack=144 Win=65024 Len=1448 TSval=2916040565 TSecr=3045560340 [TCP segment of a reassembled PDU]"
"55906","36.485780524","192.168.1.55","192.168.1.2","TCP","1514","8004  >  36680 [ACK] Seq=40734 Ack=144 Win=65024 Len=1448 TSval=2916040566 TSecr=3045560340 [TCP segment of a reassembled PDU]"
"55907","36.489986457","192.168.1.2","192.168.1.55","TCP","66","36680  >  8004 [ACK] Seq=144 Ack=16118 Win=87040 Len=0 TSval=3045560344 TSecr=2916040565"
"55908","36.490062883","192.168.1.55","192.168.1.2","TCP","1514","8004  >  36680 [ACK] Seq=42182 Ack=144 Win=65024 Len=1448 TSval=2916040570 TSecr=3045560344 [TCP segment of a reassembled PDU]"
"55909","36.490069642","192.168.1.55","192.168.1.2","TCP","1514","8004  >  36680 [PSH, ACK] Seq=43630 Ack=144 Win=65024 Len=1448 TSval=2916040570 TSecr=3045560344 [TCP segment of a reassembled PDU]"
"55910","36.490145957","192.168.1.2","192.168.1.55","TCP","66","36680  >  8004 [ACK] Seq=144 Ack=26254 Win=82944 Len=0 TSval=3045560344 TSecr=2916040565"
"55911","36.490183920","192.168.1.55","192.168.1.2","TCP","1514","8004  >  36680 [ACK] Seq=45078 Ack=144 Win=65024 Len=1448 TSval=2916040570 TSecr=3045560344 [TCP segment of a reassembled PDU]"
"55912","36.490186420","192.168.1.55","192.168.1.2","TCP","1514","8004  >  36680 [ACK] Seq=46526 Ack=144 Win=65024 Len=1448 TSval=2916040570 TSecr=3045560344 [TCP segment of a reassembled PDU]"
"55913","36.490188716","192.168.1.55","192.168.1.2","TCP","1514","8004  >  36680 [ACK] Seq=47974 Ack=144 Win=65024 Len=1448 TSval=2916040570 TSecr=3045560344 [TCP segment of a reassembled PDU]"
"55914","36.490190661","192.168.1.55","192.168.1.2","TCP","1514","8004  >  36680 [ACK] Seq=49422 Ack=144 Win=65024 Len=1448 TSval=2916040570 TSecr=3045560344 [TCP segment of a reassembled PDU]"
"55915","36.490191828","192.168.1.55","192.168.1.2","TCP","1514","8004  >  36680 [ACK] Seq=50870 Ack=144 Win=65024 Len=1448 TSval=2916040570 TSecr=3045560344 [TCP segment of a reassembled PDU]"
"55916","36.490193457","192.168.1.55","192.168.1.2","TCP","1514","8004  >  36680 [ACK] Seq=52318 Ack=144 Win=65024 Len=1448 TSval=2916040570 TSecr=3045560344 [TCP segment of a reassembled PDU]"
"55917","36.490194957","192.168.1.55","192.168.1.2","TCP","1514","8004  >  36680 [ACK] Seq=53766 Ack=144 Win=65024 Len=1448 TSval=2916040570 TSecr=3045560344 [TCP segment of a reassembled PDU]"
"55918","36.490197216","192.168.1.55","192.168.1.2","TCP","1514","8004  >  36680 [ACK] Seq=55214 Ack=144 Win=65024 Len=1448 TSval=2916040570 TSecr=3045560344 [TCP segment of a reassembled PDU]"
"55919","36.490198957","192.168.1.55","192.168.1.2","TCP","1514","8004  >  36680 [ACK] Seq=56662 Ack=144 Win=65024 Len=1448 TSval=2916040570 TSecr=3045560344 [TCP segment of a reassembled PDU]"
"55920","36.490200179","192.168.1.55","192.168.1.2","TCP","1514","8004  >  36680 [ACK] Seq=58110 Ack=144 Win=65024 Len=1448 TSval=2916040570 TSecr=3045560344 [TCP segment of a reassembled PDU]"
"55921","36.490203013","192.168.1.55","192.168.1.2","TCP","1514","8004  >  36680 [ACK] Seq=59558 Ack=144 Win=65024 Len=1448 TSval=2916040570 TSecr=3045560344 [TCP segment of a reassembled PDU]"
"55922","36.490204642","192.168.1.55","192.168.1.2","TCP","1514","8004  >  36680 [ACK] Seq=61006 Ack=144 Win=65024 Len=1448 TSval=2916040570 TSecr=3045560344 [TCP segment of a reassembled PDU]"
"55923","36.490205865","192.168.1.55","192.168.1.2","TCP","1514","8004  >  36680 [ACK] Seq=62454 Ack=144 Win=65024 Len=1448 TSval=2916040570 TSecr=3045560344 [TCP segment of a reassembled PDU]"
"55924","36.490207920","192.168.1.55","192.168.1.2","TCP","1514","8004  >  36680 [PSH, ACK] Seq=63902 Ack=144 Win=65024 Len=1448 TSval=2916040570 TSecr=3045560344 [TCP segment of a reassembled PDU]"
"55925","36.490213402","192.168.1.2","192.168.1.55","TCP","66","36680  >  8004 [ACK] Seq=144 Ack=36390 Win=73728 Len=0 TSval=3045560344 TSecr=2916040565"
"55926","36.490257439","192.168.1.55","192.168.1.2","TCP","1514","8004  >  36680 [ACK] Seq=65350 Ack=144 Win=65024 Len=1448 TSval=2916040570 TSecr=3045560344 [TCP segment of a reassembled PDU]"
"55927","36.490260235","192.168.1.55","192.168.1.2","TCP","1514","8004  >  36680 [ACK] Seq=66798 Ack=144 Win=65024 Len=1448 TSval=2916040570 TSecr=3045560344 [TCP segment of a reassembled PDU]"
"55928","36.490261291","192.168.1.55","192.168.1.2","TCP","1514","8004  >  36680 [ACK] Seq=68246 Ack=144 Win=65024 Len=1448 TSval=2916040570 TSecr=3045560344 [TCP segment of a reassembled PDU]"
"55929","36.490262587","192.168.1.55","192.168.1.2","TCP","1514","8004  >  36680 [ACK] Seq=69694 Ack=144 Win=65024 Len=1448 TSval=2916040570 TSecr=3045560344 [TCP segment of a reassembled PDU]"
"55930","36.490265180","192.168.1.55","192.168.1.2","TCP","1514","8004  >  36680 [ACK] Seq=71142 Ack=144 Win=65024 Len=1448 TSval=2916040570 TSecr=3045560344 [TCP segment of a reassembled PDU]"
"55931","36.490266809","192.168.1.55","192.168.1.2","TCP","1514","8004  >  36680 [ACK] Seq=72590 Ack=144 Win=65024 Len=1448 TSval=2916040570 TSecr=3045560344 [TCP segment of a reassembled PDU]"
"55932","36.490268124","192.168.1.55","192.168.1.2","TCP","1514","8004  >  36680 [ACK] Seq=74038 Ack=144 Win=65024 Len=1448 TSval=2916040570 TSecr=3045560344 [TCP segment of a reassembled PDU]"
"55933","36.490270772","192.168.1.55","192.168.1.2","TCP","1514","8004  >  36680 [PSH, ACK] Seq=75486 Ack=144 Win=65024 Len=1448 TSval=2916040570 TSecr=3045560344 [TCP segment of a reassembled PDU]"
"55934","36.490278920","192.168.1.2","192.168.1.55","TCP","66","36680  >  8004 [ACK] Seq=144 Ack=39286 Win=92160 Len=0 TSval=3045560344 TSecr=2916040565"
"55935","36.490344976","192.168.1.2","192.168.1.55","TCP","66","36680  >  8004 [ACK] Seq=144 Ack=40734 Win=94208 Len=0 TSval=3045560344 TSecr=2916040565"
"55936","36.490356476","192.168.1.2","192.168.1.55","TCP","66","36680  >  8004 [ACK] Seq=144 Ack=42182 Win=93184 Len=0 TSval=3045560344 TSecr=2916040566"
"55937","36.491333274","192.168.1.55","192.168.1.2","TCP","1514","8004  >  36680 [ACK] Seq=76934 Ack=144 Win=65024 Len=1448 TSval=2916040572 TSecr=3045560344 [TCP segment of a reassembled PDU]"
"55938","36.491340404","192.168.1.55","192.168.1.2","TCP","1514","8004  >  36680 [ACK] Seq=78382 Ack=144 Win=65024 Len=1448 TSval=2916040572 TSecr=3045560344 [TCP segment of a reassembled PDU]"
"55939","36.491341515","192.168.1.55","192.168.1.2","TCP","1514","8004  >  36680 [ACK] Seq=79830 Ack=144 Win=65024 Len=1448 TSval=2916040572 TSecr=3045560344 [TCP segment of a reassembled PDU]"
"55940","36.491342811","192.168.1.55","192.168.1.2","TCP","1514","8004  >  36680 [ACK] Seq=81278 Ack=144 Win=65024 Len=1448 TSval=2916040572 TSecr=3045560344 [TCP segment of a reassembled PDU]"
"55941","36.491344737","192.168.1.55","192.168.1.2","TCP","1514","8004  >  36680 [ACK] Seq=82726 Ack=144 Win=65024 Len=1448 TSval=2916040572 TSecr=3045560344 [TCP segment of a reassembled PDU]"
"55942","36.491346274","192.168.1.55","192.168.1.2","TCP","1514","8004  >  36680 [ACK] Seq=84174 Ack=144 Win=65024 Len=1448 TSval=2916040572 TSecr=3045560344 [TCP segment of a reassembled PDU]"
"55943","36.491347904","192.168.1.55","192.168.1.2","TCP","1514","8004  >  36680 [ACK] Seq=85622 Ack=144 Win=65024 Len=1448 TSval=2916040572 TSecr=3045560344 [TCP segment of a reassembled PDU]"
"55944","36.491350866","192.168.1.55","192.168.1.2","TCP","1514","8004  >  36680 [ACK] Seq=87070 Ack=144 Win=65024 Len=1448 TSval=2916040572 TSecr=3045560344 [TCP segment of a reassembled PDU]"
"55945","36.491352237","192.168.1.55","192.168.1.2","TCP","1514","8004  >  36680 [ACK] Seq=88518 Ack=144 Win=65024 Len=1448 TSval=2916040572 TSecr=3045560344 [TCP segment of a reassembled PDU]"
"55946","36.491354163","192.168.1.55","192.168.1.2","TCP","1514","8004  >  36680 [ACK] Seq=89966 Ack=144 Win=65024 Len=1448 TSval=2916040572 TSecr=3045560344 [TCP segment of a reassembled PDU]"
"55947","36.491355533","192.168.1.55","192.168.1.2","TCP","1514","8004  >  36680 [ACK] Seq=91414 Ack=144 Win=65024 Len=1448 TSval=2916040572 TSecr=3045560344 [TCP segment of a reassembled PDU]"
"55948","36.491356663","192.168.1.55","192.168.1.2","TCP","1514","8004  >  36680 [ACK] Seq=92862 Ack=144 Win=65024 Len=1448 TSval=2916040572 TSecr=3045560344 [TCP segment of a reassembled PDU]"
"55949","36.491357792","192.168.1.55","192.168.1.2","TCP","1514","8004  >  36680 [ACK] Seq=94310 Ack=144 Win=65024 Len=1448 TSval=2916040572 TSecr=3045560344 [TCP segment of a reassembled PDU]"
"55950","36.491359255","192.168.1.55","192.168.1.2","TCP","1514","8004  >  36680 [PSH, ACK] Seq=95758 Ack=144 Win=65024 Len=1448 TSval=2916040572 TSecr=3045560344 [TCP segment of a reassembled PDU]"
"55951","36.491374181","192.168.1.55","192.168.1.2","TCP","1514","8004  >  36680 [ACK] Seq=97206 Ack=144 Win=65024 Len=1448 TSval=2916040572 TSecr=3045560344 [TCP segment of a reassembled PDU]"
"55952","36.491375922","192.168.1.55","192.168.1.2","TCP","1514","8004  >  36680 [PSH, ACK] Seq=98654 Ack=144 Win=65024 Len=1448 TSval=2916040572 TSecr=3045560344 [TCP segment of a reassembled PDU]"
"55953","36.495618781","192.168.1.2","192.168.1.55","TCP","66","36680  >  8004 [ACK] Seq=144 Ack=45078 Win=91136 Len=0 TSval=3045560350 TSecr=2916040570"
"55954","36.495673096","192.168.1.55","192.168.1.2","TCP","1514","8004  >  36680 [ACK] Seq=100102 Ack=144 Win=65024 Len=1448 TSval=2916040576 TSecr=3045560350 [TCP segment of a reassembled PDU]"
"55955","36.495679244","192.168.1.55","192.168.1.2","TCP","1514","8004  >  36680 [ACK] Seq=101550 Ack=144 Win=65024 Len=1448 TSval=2916040576 TSecr=3045560350 [TCP segment of a reassembled PDU]"
"55956","36.495680818","192.168.1.55","192.168.1.2","TCP","1514","8004  >  36680 [ACK] Seq=102998 Ack=144 Win=65024 Len=1448 TSval=2916040576 TSecr=3045560350 [TCP segment of a reassembled PDU]"
"55957","36.495681892","192.168.1.55","192.168.1.2","TCP","1514","8004  >  36680 [PSH, ACK] Seq=104446 Ack=144 Win=65024 Len=1448 TSval=2916040576 TSecr=3045560350 [TCP segment of a reassembled PDU]"
"55958","36.495770003","192.168.1.2","192.168.1.55","TCP","66","36680  >  8004 [ACK] Seq=144 Ack=65350 Win=71680 Len=0 TSval=3045560350 TSecr=2916040570"
"55959","36.495790374","192.168.1.55","192.168.1.2","TCP","1514","8004  >  36680 [ACK] Seq=105894 Ack=144 Win=65024 Len=1448 TSval=2916040576 TSecr=3045560350 [TCP segment of a reassembled PDU]"
"55960","36.495793744","192.168.1.55","192.168.1.2","TCP","1514","8004  >  36680 [ACK] Seq=107342 Ack=144 Win=65024 Len=1448 TSval=2916040576 TSecr=3045560350 [TCP segment of a reassembled PDU]"
"55961","36.495795281","192.168.1.55","192.168.1.2","TCP","1514","8004  >  36680 [ACK] Seq=108790 Ack=144 Win=65024 Len=1448 TSval=2916040576 TSecr=3045560350 [TCP segment of a reassembled PDU]"
"55962","36.495796670","192.168.1.55","192.168.1.2","TCP","1514","8004  >  36680 [ACK] Seq=110238 Ack=144 Win=65024 Len=1448 TSval=2916040576 TSecr=3045560350 [TCP segment of a reassembled PDU]"
"55963","36.495799207","192.168.1.55","192.168.1.2","TCP","1514","8004  >  36680 [ACK] Seq=111686 Ack=144 Win=65024 Len=1448 TSval=2916040576 TSecr=3045560350 [TCP segment of a reassembled PDU]"
"55964","36.495800744","192.168.1.55","192.168.1.2","TCP","1514","8004  >  36680 [ACK] Seq=113134 Ack=144 Win=65024 Len=1448 TSval=2916040576 TSecr=3045560350 [TCP segment of a reassembled PDU]"
"55965","36.495801948","192.168.1.55","192.168.1.2","TCP","1514","8004  >  36680 [PSH, ACK] Seq=114582 Ack=144 Win=65024 Len=1448 TSval=2916040576 TSecr=3045560350 [TCP segment of a reassembled PDU]"
"55966","36.495806670","192.168.1.2","192.168.1.55","TCP","66","36680  >  8004 [ACK] Seq=144 Ack=76934 Win=60416 Len=0 TSval=3045560350 TSecr=2916040570"
"55967","36.495850911","192.168.1.55","192.168.1.2","TCP","1514","8004  >  36680 [ACK] Seq=116030 Ack=144 Win=65024 Len=1448 TSval=2916040576 TSecr=3045560350 [TCP segment of a reassembled PDU]"
"55968","36.495853392","192.168.1.55","192.168.1.2","TCP","1514","8004  >  36680 [ACK] Seq=117478 Ack=144 Win=65024 Len=1448 TSval=2916040576 TSecr=3045560350 [TCP segment of a reassembled PDU]"
"55969","36.495855874","192.168.1.55","192.168.1.2","TCP","1514","8004  >  36680 [ACK] Seq=118926 Ack=144 Win=65024 Len=1448 TSval=2916040576 TSecr=3045560350 [TCP segment of a reassembled PDU]"
"55970","36.495857559","192.168.1.55","192.168.1.2","TCP","1514","8004  >  36680 [ACK] Seq=120374 Ack=144 Win=65024 Len=1448 TSval=2916040576 TSecr=3045560350 [TCP segment of a reassembled PDU]"
"55971","36.495858985","192.168.1.55","192.168.1.2","TCP","1514","8004  >  36680 [ACK] Seq=121822 Ack=144 Win=65024 Len=1448 TSval=2916040576 TSecr=3045560350 [TCP segment of a reassembled PDU]"
"55972","36.495860337","192.168.1.55","192.168.1.2","TCP","1514","8004  >  36680 [ACK] Seq=123270 Ack=144 Win=65024 Len=1448 TSval=2916040576 TSecr=3045560350 [TCP segment of a reassembled PDU]"
"55973","36.495862726","192.168.1.55","192.168.1.2","TCP","1514","8004  >  36680 [ACK] Seq=124718 Ack=144 Win=65024 Len=1448 TSval=2916040576 TSecr=3045560350 [TCP segment of a reassembled PDU]"
"55974","36.495864448","192.168.1.55","192.168.1.2","TCP","1514","8004  >  36680 [ACK] Seq=126166 Ack=144 Win=65024 Len=1448 TSval=2916040576 TSecr=3045560350 [TCP segment of a reassembled PDU]"
"55975","36.495865929","192.168.1.55","192.168.1.2","TCP","1514","8004  >  36680 [ACK] Seq=127614 Ack=144 Win=65024 Len=1448 TSval=2916040576 TSecr=3045560350 [TCP segment of a reassembled PDU]"
"55976","36.495868800","192.168.1.55","192.168.1.2","TCP","1514","8004  >  36680 [ACK] Seq=129062 Ack=144 Win=65024 Len=1448 TSval=2916040576 TSecr=3045560350 [TCP segment of a reassembled PDU]"
"55977","36.495870374","192.168.1.55","192.168.1.2","TCP","1514","8004  >  36680 [ACK] Seq=130510 Ack=144 Win=65024 Len=1448 TSval=2916040576 TSecr=3045560350 [TCP segment of a reassembled PDU]"
"55978","36.495871911","192.168.1.55","192.168.1.2","TCP","1514","8004  >  36680 [ACK] Seq=131958 Ack=144 Win=65024 Len=1448 TSval=2916040576 TSecr=3045560350 [TCP segment of a reassembled PDU]"
"55979","36.495873374","192.168.1.55","192.168.1.2","TCP","1514","8004  >  36680 [ACK] Seq=133406 Ack=144 Win=65024 Len=1448 TSval=2916040576 TSecr=3045560350 [TCP segment of a reassembled PDU]"
"55980","36.495874892","192.168.1.55","192.168.1.2","TCP","1514","8004  >  36680 [ACK] Seq=134854 Ack=144 Win=65024 Len=1448 TSval=2916040576 TSecr=3045560350 [TCP segment of a reassembled PDU]"
"55981","36.495877448","192.168.1.55","192.168.1.2","TCP","1114","[TCP Window Full] 8004  >  36680 [PSH, ACK] Seq=136302 Ack=144 Win=65024 Len=1048 TSval=2916040576 TSecr=3045560350 [TCP segment of a reassembled PDU]"
"55982","36.495885429","192.168.1.2","192.168.1.55","TCP","66","36680  >  8004 [ACK] Seq=144 Ack=89966 Win=71680 Len=0 TSval=3045560350 TSecr=2916040572"
"55983","36.495914152","192.168.1.55","192.168.1.2","TCP","1514","8004  >  36680 [ACK] Seq=137350 Ack=144 Win=65024 Len=1448 TSval=2916040576 TSecr=3045560350 [TCP segment of a reassembled PDU]"
"55984","36.495916578","192.168.1.55","192.168.1.2","TCP","1514","8004  >  36680 [ACK] Seq=138798 Ack=144 Win=65024 Len=1448 TSval=2916040576 TSecr=3045560350 [TCP segment of a reassembled PDU]"
"55985","36.495917707","192.168.1.55","192.168.1.2","TCP","1514","8004  >  36680 [ACK] Seq=140246 Ack=144 Win=65024 Len=1448 TSval=2916040576 TSecr=3045560350 [TCP segment of a reassembled PDU]"
"55986","36.495919040","192.168.1.55","192.168.1.2","TCP","1514","8004  >  36680 [ACK] Seq=141694 Ack=144 Win=65024 Len=1448 TSval=2916040576 TSecr=3045560350 [TCP segment of a reassembled PDU]"
"55987","36.495921078","192.168.1.55","192.168.1.2","TCP","1514","8004  >  36680 [ACK] Seq=143142 Ack=144 Win=65024 Len=1448 TSval=2916040576 TSecr=3045560350 [TCP segment of a reassembled PDU]"
"55988","36.495923152","192.168.1.55","192.168.1.2","TCP","1514","8004  >  36680 [ACK] Seq=144590 Ack=144 Win=65024 Len=1448 TSval=2916040576 TSecr=3045560350 [TCP segment of a reassembled PDU]"
"55989","36.495924615","192.168.1.55","192.168.1.2","TCP","1514","8004  >  36680 [ACK] Seq=146038 Ack=144 Win=65024 Len=1448 TSval=2916040576 TSecr=3045560350 [TCP segment of a reassembled PDU]"
"55990","36.495925966","192.168.1.55","192.168.1.2","TCP","1514","8004  >  36680 [ACK] Seq=147486 Ack=144 Win=65024 Len=1448 TSval=2916040576 TSecr=3045560350 [TCP segment of a reassembled PDU]"
"55991","36.495927466","192.168.1.55","192.168.1.2","TCP","1514","8004  >  36680 [ACK] Seq=148934 Ack=144 Win=65024 Len=1448 TSval=2916040576 TSecr=3045560350 [TCP segment of a reassembled PDU]"
"55992","36.495929207","192.168.1.55","192.168.1.2","TCP","1514","8004  >  36680 [ACK] Seq=150382 Ack=144 Win=65024 Len=1448 TSval=2916040576 TSecr=3045560350 [TCP segment of a reassembled PDU]"
"55993","36.495930559","192.168.1.55","192.168.1.2","TCP","1514","8004  >  36680 [ACK] Seq=151830 Ack=144 Win=65024 Len=1448 TSval=2916040576 TSecr=3045560350 [TCP segment of a reassembled PDU]"
"55994","36.495931985","192.168.1.55","192.168.1.2","TCP","1514","8004  >  36680 [PSH, ACK] Seq=153278 Ack=144 Win=65024 Len=1448 TSval=2916040576 TSecr=3045560350 [TCP segment of a reassembled PDU]"
"55995","36.495940726","192.168.1.55","192.168.1.2","TCP","466","8004  >  36680 [ACK] Seq=154726 Ack=144 Win=65024 Len=400 TSval=2916040576 TSecr=3045560350 [TCP segment of a reassembled PDU]"
"55996","36.495998078","192.168.1.2","192.168.1.55","TCP","66","36680  >  8004 [ACK] Seq=144 Ack=97206 Win=86016 Len=0 TSval=3045560351 TSecr=2916040572"
"55997","36.496006411","192.168.1.2","192.168.1.55","TCP","66","36680  >  8004 [ACK] Seq=144 Ack=100102 Win=83968 Len=0 TSval=3045560351 TSecr=2916040572"
"55998","36.496063522","192.168.1.55","192.168.1.2","TCP","1514","8004  >  36680 [ACK] Seq=155126 Ack=144 Win=65024 Len=1448 TSval=2916040576 TSecr=3045560351 [TCP segment of a reassembled PDU]"
"55999","36.496067374","192.168.1.55","192.168.1.2","TCP","1514","8004  >  36680 [ACK] Seq=156574 Ack=144 Win=65024 Len=1448 TSval=2916040576 TSecr=3045560351 [TCP segment of a reassembled PDU]"
"56000","36.496068819","192.168.1.55","192.168.1.2","TCP","1514","8004  >  36680 [ACK] Seq=158022 Ack=144 Win=65024 Len=1448 TSval=2916040576 TSecr=3045560351 [TCP segment of a reassembled PDU]"
"56001","36.496071448","192.168.1.55","192.168.1.2","TCP","1514","8004  >  36680 [ACK] Seq=159470 Ack=144 Win=65024 Len=1448 TSval=2916040576 TSecr=3045560351 [TCP segment of a reassembled PDU]"
"56002","36.496073263","192.168.1.55","192.168.1.2","TCP","1514","8004  >  36680 [ACK] Seq=160918 Ack=144 Win=65024 Len=1448 TSval=2916040576 TSecr=3045560351 [TCP segment of a reassembled PDU]"
"56003","36.496074578","192.168.1.55","192.168.1.2","TCP","1514","8004  >  36680 [ACK] Seq=162366 Ack=144 Win=65024 Len=1448 TSval=2916040576 TSecr=3045560351 [TCP segment of a reassembled PDU]"
"56004","36.496075967","192.168.1.55","192.168.1.2","TCP","1514","8004  >  36680 [ACK] Seq=163814 Ack=144 Win=65024 Len=1448 TSval=2916040576 TSecr=3045560351 [TCP segment of a reassembled PDU]"
"56005","36.496078041","192.168.1.55","192.168.1.2","TCP","1514","8004  >  36680 [ACK] Seq=165262 Ack=144 Win=65024 Len=1448 TSval=2916040576 TSecr=3045560351 [TCP segment of a reassembled PDU]"
"56006","36.496079707","192.168.1.55","192.168.1.2","TCP","1514","8004  >  36680 [ACK] Seq=166710 Ack=144 Win=65024 Len=1448 TSval=2916040576 TSecr=3045560351 [TCP segment of a reassembled PDU]"
"56007","36.496080967","192.168.1.55","192.168.1.2","TCP","1514","8004  >  36680 [ACK] Seq=168158 Ack=144 Win=65024 Len=1448 TSval=2916040576 TSecr=3045560351 [TCP segment of a reassembled PDU]"
"56008","36.496083115","192.168.1.55","192.168.1.2","TCP","1514","8004  >  36680 [ACK] Seq=169606 Ack=144 Win=65024 Len=1448 TSval=2916040576 TSecr=3045560351 [TCP segment of a reassembled PDU]"
"56009","36.496085152","192.168.1.55","192.168.1.2","TCP","1514","8004  >  36680 [ACK] Seq=171054 Ack=144 Win=65024 Len=1448 TSval=2916040576 TSecr=3045560351 [TCP segment of a reassembled PDU]"
"56010","36.496086670","192.168.1.55","192.168.1.2","TCP","1514","8004  >  36680 [ACK] Seq=172502 Ack=144 Win=65024 Len=1448 TSval=2916040576 TSecr=3045560351 [TCP segment of a reassembled PDU]"
"56011","36.496088282","192.168.1.55","192.168.1.2","TCP","1514","8004  >  36680 [ACK] Seq=173950 Ack=144 Win=65024 Len=1448 TSval=2916040576 TSecr=3045560351 [TCP segment of a reassembled PDU]"
"56012","36.496090300","192.168.1.55","192.168.1.2","TCP","1514","8004  >  36680 [ACK] Seq=175398 Ack=144 Win=65024 Len=1448 TSval=2916040576 TSecr=3045560351 [TCP segment of a reassembled PDU]"
"56013","36.496091930","192.168.1.55","192.168.1.2","TCP","1514","8004  >  36680 [ACK] Seq=176846 Ack=144 Win=65024 Len=1448 TSval=2916040576 TSecr=3045560351 [TCP segment of a reassembled PDU]"
"56014","36.496093337","192.168.1.55","192.168.1.2","TCP","1514","8004  >  36680 [ACK] Seq=178294 Ack=144 Win=65024 Len=1448 TSval=2916040576 TSecr=3045560351 [TCP segment of a reassembled PDU]"
"56015","36.496095967","192.168.1.55","192.168.1.2","TCP","1514","8004  >  36680 [ACK] Seq=179742 Ack=144 Win=65024 Len=1448 TSval=2916040576 TSecr=3045560351 [TCP segment of a reassembled PDU]"
"56016","36.496097559","192.168.1.55","192.168.1.2","TCP","1514","8004  >  36680 [PSH, ACK] Seq=181190 Ack=144 Win=65024 Len=1448 TSval=2916040576 TSecr=3045560351 [TCP segment of a reassembled PDU]"
"56017","36.503057552","192.168.1.2","192.168.1.55","TCP","66","36680  >  8004 [ACK] Seq=144 Ack=105894 Win=88064 Len=0 TSval=3045560357 TSecr=2916040576"
"56018","36.503106441","192.168.1.55","192.168.1.2","TCP","1514","8004  >  36680 [ACK] Seq=182638 Ack=144 Win=65024 Len=1448 TSval=2916040583 TSecr=3045560357 [TCP segment of a reassembled PDU]"
"56019","36.503111608","192.168.1.55","192.168.1.2","TCP","1514","8004  >  36680 [ACK] Seq=184086 Ack=144 Win=65024 Len=1448 TSval=2916040583 TSecr=3045560357 [TCP segment of a reassembled PDU]"
"56020","36.503113552","192.168.1.55","192.168.1.2","TCP","1514","8004  >  36680 [ACK] Seq=185534 Ack=144 Win=65024 Len=1448 TSval=2916040583 TSecr=3045560357 [TCP segment of a reassembled PDU]"
"56021","36.503114756","192.168.1.55","192.168.1.2","TCP","1514","8004  >  36680 [ACK] Seq=186982 Ack=144 Win=65024 Len=1448 TSval=2916040583 TSecr=3045560357 [TCP segment of a reassembled PDU]"
"56022","36.503116700","192.168.1.55","192.168.1.2","TCP","1514","8004  >  36680 [ACK] Seq=188430 Ack=144 Win=65024 Len=1448 TSval=2916040583 TSecr=3045560357 [TCP segment of a reassembled PDU]"
"56023","36.503117774","192.168.1.55","192.168.1.2","TCP","1514","8004  >  36680 [ACK] Seq=189878 Ack=144 Win=65024 Len=1448 TSval=2916040583 TSecr=3045560357 [TCP segment of a reassembled PDU]"
"56024","36.503120441","192.168.1.55","192.168.1.2","TCP","1514","8004  >  36680 [PSH, ACK] Seq=191326 Ack=144 Win=65024 Len=1448 TSval=2916040583 TSecr=3045560357 [TCP segment of a reassembled PDU]"
"56025","36.503192774","192.168.1.2","192.168.1.55","TCP","66","36680  >  8004 [ACK] Seq=144 Ack=116030 Win=78848 Len=0 TSval=3045560357 TSecr=2916040576"
"56026","36.503201830","192.168.1.2","192.168.1.55","TCP","66","36680  >  8004 [ACK] Seq=144 Ack=137350 Win=60416 Len=0 TSval=3045560357 TSecr=2916040576"
"56027","36.503208534","192.168.1.2","192.168.1.55","TCP","66","36680  >  8004 [ACK] Seq=144 Ack=154726 Win=81920 Len=0 TSval=3045560357 TSecr=2916040576"
"56028","36.503229960","192.168.1.55","192.168.1.2","TCP","1514","8004  >  36680 [ACK] Seq=192774 Ack=144 Win=65024 Len=1448 TSval=2916040583 TSecr=3045560357 [TCP segment of a reassembled PDU]"
"56029","36.503232256","192.168.1.55","192.168.1.2","TCP","1514","8004  >  36680 [ACK] Seq=194222 Ack=144 Win=65024 Len=1448 TSval=2916040583 TSecr=3045560357 [TCP segment of a reassembled PDU]"
"56030","36.503234108","192.168.1.55","192.168.1.2","TCP","1514","8004  >  36680 [ACK] Seq=195670 Ack=144 Win=65024 Len=1448 TSval=2916040583 TSecr=3045560357 [TCP segment of a reassembled PDU]"
"56031","36.503236034","192.168.1.55","192.168.1.2","TCP","1514","8004  >  36680 [ACK] Seq=197118 Ack=144 Win=65024 Len=1448 TSval=2916040583 TSecr=3045560357 [TCP segment of a reassembled PDU]"
"56032","36.503237756","192.168.1.55","192.168.1.2","TCP","1514","8004  >  36680 [ACK] Seq=198566 Ack=144 Win=65024 Len=1448 TSval=2916040583 TSecr=3045560357 [TCP segment of a reassembled PDU]"
"56033","36.503239626","192.168.1.55","192.168.1.2","TCP","1514","8004  >  36680 [PSH, ACK] Seq=200014 Ack=144 Win=65024 Len=1448 TSval=2916040583 TSecr=3045560357 [TCP segment of a reassembled PDU]"
"56034","36.503318460","192.168.1.55","192.168.1.2","TCP","1514","8004  >  36680 [ACK] Seq=201462 Ack=144 Win=65024 Len=1448 TSval=2916040583 TSecr=3045560357 [TCP segment of a reassembled PDU]"
"56035","36.503323423","192.168.1.55","192.168.1.2","TCP","1514","8004  >  36680 [ACK] Seq=202910 Ack=144 Win=65024 Len=1448 TSval=2916040583 TSecr=3045560357 [TCP segment of a reassembled PDU]"
"56036","36.503327293","192.168.1.55","192.168.1.2","TCP","1514","8004  >  36680 [ACK] Seq=204358 Ack=144 Win=65024 Len=1448 TSval=2916040583 TSecr=3045560357 [TCP segment of a reassembled PDU]"
"56037","36.503330367","192.168.1.55","192.168.1.2","TCP","1514","8004  >  36680 [ACK] Seq=205806 Ack=144 Win=65024 Len=1448 TSval=2916040583 TSecr=3045560357 [TCP segment of a reassembled PDU]"
"56038","36.503332775","192.168.1.55","192.168.1.2","TCP","1514","8004  >  36680 [ACK] Seq=207254 Ack=144 Win=65024 Len=1448 TSval=2916040583 TSecr=3045560357 [TCP segment of a reassembled PDU]"
"56039","36.503334997","192.168.1.55","192.168.1.2","TCP","1514","8004  >  36680 [ACK] Seq=208702 Ack=144 Win=65024 Len=1448 TSval=2916040583 TSecr=3045560357 [TCP segment of a reassembled PDU]"
"56040","36.503336478","192.168.1.55","192.168.1.2","TCP","1514","8004  >  36680 [ACK] Seq=210150 Ack=144 Win=65024 Len=1448 TSval=2916040583 TSecr=3045560357 [TCP segment of a reassembled PDU]"
"56041","36.503339349","192.168.1.55","192.168.1.2","TCP","1514","8004  >  36680 [ACK] Seq=211598 Ack=144 Win=65024 Len=1448 TSval=2916040583 TSecr=3045560357 [TCP segment of a reassembled PDU]"
"56042","36.503342182","192.168.1.55","192.168.1.2","TCP","1514","8004  >  36680 [ACK] Seq=213046 Ack=144 Win=65024 Len=1448 TSval=2916040583 TSecr=3045560357 [TCP segment of a reassembled PDU]"
"56043","36.503345219","192.168.1.55","192.168.1.2","TCP","1514","8004  >  36680 [ACK] Seq=214494 Ack=144 Win=65024 Len=1448 TSval=2916040583 TSecr=3045560357 [TCP segment of a reassembled PDU]"
"56044","36.503347275","192.168.1.55","192.168.1.2","TCP","1514","8004  >  36680 [ACK] Seq=215942 Ack=144 Win=65024 Len=1448 TSval=2916040583 TSecr=3045560357 [TCP segment of a reassembled PDU]"
"56045","36.503349256","192.168.1.55","192.168.1.2","TCP","1514","8004  >  36680 [ACK] Seq=217390 Ack=144 Win=65024 Len=1448 TSval=2916040583 TSecr=3045560357 [TCP segment of a reassembled PDU]"
"56046","36.503351589","192.168.1.55","192.168.1.2","TCP","1514","8004  >  36680 [ACK] Seq=218838 Ack=144 Win=65024 Len=1448 TSval=2916040583 TSecr=3045560357 [TCP segment of a reassembled PDU]"
"56047","36.503353034","192.168.1.55","192.168.1.2","TCP","1514","8004  >  36680 [ACK] Seq=220286 Ack=144 Win=65024 Len=1448 TSval=2916040583 TSecr=3045560357 [TCP segment of a reassembled PDU]"
"56048","36.503355441","192.168.1.55","192.168.1.2","TCP","1514","8004  >  36680 [ACK] Seq=221734 Ack=144 Win=65024 Len=1448 TSval=2916040583 TSecr=3045560357 [TCP segment of a reassembled PDU]"
"56049","36.503357145","192.168.1.55","192.168.1.2","TCP","1514","8004  >  36680 [ACK] Seq=223182 Ack=144 Win=65024 Len=1448 TSval=2916040583 TSecr=3045560357 [TCP segment of a reassembled PDU]"
"56050","36.503359978","192.168.1.55","192.168.1.2","TCP","1514","8004  >  36680 [ACK] Seq=224630 Ack=144 Win=65024 Len=1448 TSval=2916040583 TSecr=3045560357 [TCP segment of a reassembled PDU]"
"56051","36.503361997","192.168.1.55","192.168.1.2","TCP","1514","8004  >  36680 [ACK] Seq=226078 Ack=144 Win=65024 Len=1448 TSval=2916040583 TSecr=3045560357 [TCP segment of a reassembled PDU]"
"56052","36.503365793","192.168.1.55","192.168.1.2","TCP","1514","8004  >  36680 [ACK] Seq=227526 Ack=144 Win=65024 Len=1448 TSval=2916040583 TSecr=3045560357 [TCP segment of a reassembled PDU]"
"56053","36.503367219","192.168.1.55","192.168.1.2","TCP","1514","8004  >  36680 [ACK] Seq=228974 Ack=144 Win=65024 Len=1448 TSval=2916040583 TSecr=3045560357 [TCP segment of a reassembled PDU]"
"56054","36.503368997","192.168.1.55","192.168.1.2","TCP","1514","8004  >  36680 [ACK] Seq=230422 Ack=144 Win=65024 Len=1448 TSval=2916040583 TSecr=3045560357 [TCP segment of a reassembled PDU]"
"56055","36.503371608","192.168.1.55","192.168.1.2","TCP","1514","8004  >  36680 [ACK] Seq=231870 Ack=144 Win=65024 Len=1448 TSval=2916040583 TSecr=3045560357 [TCP segment of a reassembled PDU]"
"56056","36.503373608","192.168.1.55","192.168.1.2","TCP","1514","8004  >  36680 [ACK] Seq=233318 Ack=144 Win=65024 Len=1448 TSval=2916040583 TSecr=3045560357 [TCP segment of a reassembled PDU]"
"56057","36.503375552","192.168.1.55","192.168.1.2","TCP","1514","8004  >  36680 [PSH, ACK] Seq=234766 Ack=144 Win=65024 Len=1448 TSval=2916040583 TSecr=3045560357 [TCP segment of a reassembled PDU]"
"56058","36.503442423","192.168.1.2","192.168.1.55","TCP","66","36680  >  8004 [ACK] Seq=144 Ack=155126 Win=97280 Len=0 TSval=3045560358 TSecr=2916040576"
"56059","36.503481682","192.168.1.55","192.168.1.2","TCP","1514","8004  >  36680 [ACK] Seq=236214 Ack=144 Win=65024 Len=1448 TSval=2916040584 TSecr=3045560358 [TCP segment of a reassembled PDU]"
"56060","36.503483812","192.168.1.55","192.168.1.2","TCP","1514","8004  >  36680 [ACK] Seq=237662 Ack=144 Win=65024 Len=1448 TSval=2916040584 TSecr=3045560358 [TCP segment of a reassembled PDU]"
"56061","36.503485516","192.168.1.55","192.168.1.2","TCP","1514","8004  >  36680 [ACK] Seq=239110 Ack=144 Win=65024 Len=1448 TSval=2916040584 TSecr=3045560358 [TCP segment of a reassembled PDU]"
"56062","36.503487460","192.168.1.55","192.168.1.2","TCP","1514","8004  >  36680 [ACK] Seq=240558 Ack=144 Win=65024 Len=1448 TSval=2916040584 TSecr=3045560358 [TCP segment of a reassembled PDU]"
"56063","36.503489497","192.168.1.55","192.168.1.2","TCP","1514","8004  >  36680 [ACK] Seq=242006 Ack=144 Win=65024 Len=1448 TSval=2916040584 TSecr=3045560358 [TCP segment of a reassembled PDU]"
"56064","36.503490905","192.168.1.55","192.168.1.2","TCP","1514","8004  >  36680 [ACK] Seq=243454 Ack=144 Win=65024 Len=1448 TSval=2916040584 TSecr=3045560358 [TCP segment of a reassembled PDU]"
"56065","36.503492497","192.168.1.55","192.168.1.2","TCP","1514","8004  >  36680 [ACK] Seq=244902 Ack=144 Win=65024 Len=1448 TSval=2916040584 TSecr=3045560358 [TCP segment of a reassembled PDU]"
"56066","36.503509516","192.168.1.55","192.168.1.2","TCP","1514","8004  >  36680 [PSH, ACK] Seq=246350 Ack=144 Win=65024 Len=1448 TSval=2916040584 TSecr=3045560358 [TCP segment of a reassembled PDU]"
"56067","36.503518997","192.168.1.2","192.168.1.55","TCP","66","36680  >  8004 [ACK] Seq=144 Ack=182638 Win=71680 Len=0 TSval=3045560358 TSecr=2916040576"
"56068","36.503557979","192.168.1.55","192.168.1.2","TCP","1514","8004  >  36680 [ACK] Seq=247798 Ack=144 Win=65024 Len=1448 TSval=2916040584 TSecr=3045560358 [TCP segment of a reassembled PDU]"
"56069","36.503561405","192.168.1.55","192.168.1.2","TCP","1514","8004  >  36680 [ACK] Seq=249246 Ack=144 Win=65024 Len=1448 TSval=2916040584 TSecr=3045560358 [TCP segment of a reassembled PDU]"
"56070","36.503563256","192.168.1.55","192.168.1.2","TCP","1514","8004  >  36680 [ACK] Seq=250694 Ack=144 Win=65024 Len=1448 TSval=2916040584 TSecr=3045560358 [TCP segment of a reassembled PDU]"
"56071","36.503565201","192.168.1.55","192.168.1.2","TCP","1514","8004  >  36680 [ACK] Seq=252142 Ack=144 Win=65024 Len=1448 TSval=2916040584 TSecr=3045560358 [TCP segment of a reassembled PDU]"
"56072","36.503566682","192.168.1.55","192.168.1.2","TCP","794","[TCP Window Full] 8004  >  36680 [PSH, ACK] Seq=253590 Ack=144 Win=65024 Len=728 TSval=2916040584 TSecr=3045560358 [TCP segment of a reassembled PDU]"
"56073","36.510037211","192.168.1.2","192.168.1.55","TCP","66","36680  >  8004 [ACK] Seq=144 Ack=192774 Win=87040 Len=0 TSval=3045560364 TSecr=2916040583"
"56074","36.510073637","192.168.1.55","192.168.1.2","TCP","1514","8004  >  36680 [ACK] Seq=254318 Ack=144 Win=65024 Len=1448 TSval=2916040590 TSecr=3045560364 [TCP segment of a reassembled PDU]"
"56075","36.510077378","192.168.1.55","192.168.1.2","TCP","1514","8004  >  36680 [ACK] Seq=255766 Ack=144 Win=65024 Len=1448 TSval=2916040590 TSecr=3045560364 [TCP segment of a reassembled PDU]"
"56076","36.510078285","192.168.1.55","192.168.1.2","TCP","1514","8004  >  36680 [ACK] Seq=257214 Ack=144 Win=65024 Len=1448 TSval=2916040590 TSecr=3045560364 [TCP segment of a reassembled PDU]"
"56077","36.510079248","192.168.1.55","192.168.1.2","TCP","1514","8004  >  36680 [ACK] Seq=258662 Ack=144 Win=65024 Len=1448 TSval=2916040590 TSecr=3045560364 [TCP segment of a reassembled PDU]"
"56078","36.510080323","192.168.1.55","192.168.1.2","TCP","1514","8004  >  36680 [ACK] Seq=260110 Ack=144 Win=65024 Len=1448 TSval=2916040590 TSecr=3045560364 [TCP segment of a reassembled PDU]"
"56079","36.510081304","192.168.1.55","192.168.1.2","TCP","1514","8004  >  36680 [ACK] Seq=261558 Ack=144 Win=65024 Len=1448 TSval=2916040590 TSecr=3045560364 [TCP segment of a reassembled PDU]"
"56080","36.510082248","192.168.1.55","192.168.1.2","TCP","1514","8004  >  36680 [ACK] Seq=263006 Ack=144 Win=65024 Len=1448 TSval=2916040590 TSecr=3045560364 [TCP segment of a reassembled PDU]"
"56081","36.510083267","192.168.1.55","192.168.1.2","TCP","1514","8004  >  36680 [ACK] Seq=264454 Ack=144 Win=65024 Len=1448 TSval=2916040590 TSecr=3045560364 [TCP segment of a reassembled PDU]"
"56082","36.510084582","192.168.1.55","192.168.1.2","TCP","1514","8004  >  36680 [ACK] Seq=265902 Ack=144 Win=65024 Len=1448 TSval=2916040590 TSecr=3045560364 [TCP segment of a reassembled PDU]"
"56083","36.510085600","192.168.1.55","192.168.1.2","TCP","1514","8004  >  36680 [ACK] Seq=267350 Ack=144 Win=65024 Len=1448 TSval=2916040590 TSecr=3045560364 [TCP segment of a reassembled PDU]"
"56084","36.510086971","192.168.1.55","192.168.1.2","TCP","1514","8004  >  36680 [ACK] Seq=268798 Ack=144 Win=65024 Len=1448 TSval=2916040590 TSecr=3045560364 [TCP segment of a reassembled PDU]"
"56085","36.510088360","192.168.1.55","192.168.1.2","TCP","1514","8004  >  36680 [ACK] Seq=270246 Ack=144 Win=65024 Len=1448 TSval=2916040590 TSecr=3045560364 [TCP segment of a reassembled PDU]"
"56086","36.510089563","192.168.1.55","192.168.1.2","TCP","1514","8004  >  36680 [ACK] Seq=271694 Ack=144 Win=65024 Len=1448 TSval=2916040590 TSecr=3045560364 [TCP segment of a reassembled PDU]"
"56087","36.510090508","192.168.1.55","192.168.1.2","TCP","1514","8004  >  36680 [ACK] Seq=273142 Ack=144 Win=65024 Len=1448 TSval=2916040590 TSecr=3045560364 [TCP segment of a reassembled PDU]"
"56088","36.510091878","192.168.1.55","192.168.1.2","TCP","1514","8004  >  36680 [ACK] Seq=274590 Ack=144 Win=65024 Len=1448 TSval=2916040590 TSecr=3045560364 [TCP segment of a reassembled PDU]"
"56089","36.510092804","192.168.1.55","192.168.1.2","TCP","1514","8004  >  36680 [ACK] Seq=276038 Ack=144 Win=65024 Len=1448 TSval=2916040590 TSecr=3045560364 [TCP segment of a reassembled PDU]"
"56090","36.510093860","192.168.1.55","192.168.1.2","TCP","1514","8004  >  36680 [PSH, ACK] Seq=277486 Ack=144 Win=65024 Len=1448 TSval=2916040590 TSecr=3045560364 [TCP segment of a reassembled PDU]"
"56091","36.510799342","192.168.1.2","192.168.1.55","TCP","66","36680  >  8004 [ACK] Seq=144 Ack=201462 Win=114688 Len=0 TSval=3045560364 TSecr=2916040583"
"56092","36.510818861","192.168.1.55","192.168.1.2","TCP","1514","8004  >  36680 [ACK] Seq=278934 Ack=144 Win=65024 Len=1448 TSval=2916040591 TSecr=3045560364 [TCP segment of a reassembled PDU]"
"56093","36.510820750","192.168.1.55","192.168.1.2","TCP","1514","8004  >  36680 [ACK] Seq=280382 Ack=144 Win=65024 Len=1448 TSval=2916040591 TSecr=3045560364 [TCP segment of a reassembled PDU]"
"56094","36.510822064","192.168.1.55","192.168.1.2","TCP","1514","8004  >  36680 [ACK] Seq=281830 Ack=144 Win=65024 Len=1448 TSval=2916040591 TSecr=3045560364 [TCP segment of a reassembled PDU]"
"56095","36.510822972","192.168.1.55","192.168.1.2","TCP","1514","8004  >  36680 [ACK] Seq=283278 Ack=144 Win=65024 Len=1448 TSval=2916040591 TSecr=3045560364 [TCP segment of a reassembled PDU]"
"56096","36.510823972","192.168.1.55","192.168.1.2","TCP","1514","8004  >  36680 [ACK] Seq=284726 Ack=144 Win=65024 Len=1448 TSval=2916040591 TSecr=3045560364 [TCP segment of a reassembled PDU]"
"56097","36.510825305","192.168.1.55","192.168.1.2","TCP","1514","8004  >  36680 [ACK] Seq=286174 Ack=144 Win=65024 Len=1448 TSval=2916040591 TSecr=3045560364 [TCP segment of a reassembled PDU]"
"56098","36.510826250","192.168.1.55","192.168.1.2","TCP","1514","8004  >  36680 [ACK] Seq=287622 Ack=144 Win=65024 Len=1448 TSval=2916040591 TSecr=3045560364 [TCP segment of a reassembled PDU]"
"56099","36.510827194","192.168.1.55","192.168.1.2","TCP","1514","8004  >  36680 [ACK] Seq=289070 Ack=144 Win=65024 Len=1448 TSval=2916040591 TSecr=3045560364 [TCP segment of a reassembled PDU]"
"56100","36.510828194","192.168.1.55","192.168.1.2","TCP","1514","8004  >  36680 [ACK] Seq=290518 Ack=144 Win=65024 Len=1448 TSval=2916040591 TSecr=3045560364 [TCP segment of a reassembled PDU]"
"56101","36.510829101","192.168.1.55","192.168.1.2","TCP","1514","8004  >  36680 [PSH, ACK] Seq=291966 Ack=144 Win=65024 Len=1448 TSval=2916040591 TSecr=3045560364 [TCP segment of a reassembled PDU]"
"56102","36.510834046","192.168.1.55","192.168.1.2","TCP","786","8004  >  36680 [ACK] Seq=293414 Ack=144 Win=65024 Len=720 TSval=2916040591 TSecr=3045560364 [TCP segment of a reassembled PDU]"
"56103","36.510837027","192.168.1.2","192.168.1.55","TCP","66","36680  >  8004 [ACK] Seq=144 Ack=236214 Win=103424 Len=0 TSval=3045560364 TSecr=2916040583"
"56104","36.510868490","192.168.1.55","192.168.1.2","TCP","1514","8004  >  36680 [ACK] Seq=294134 Ack=144 Win=65024 Len=1448 TSval=2916040591 TSecr=3045560364 [TCP segment of a reassembled PDU]"
"56105","36.510870065","192.168.1.55","192.168.1.2","TCP","1514","8004  >  36680 [ACK] Seq=295582 Ack=144 Win=65024 Len=1448 TSval=2916040591 TSecr=3045560364 [TCP segment of a reassembled PDU]"
"56106","36.510871176","192.168.1.55","192.168.1.2","TCP","1514","8004  >  36680 [ACK] Seq=297030 Ack=144 Win=65024 Len=1448 TSval=2916040591 TSecr=3045560364 [TCP segment of a reassembled PDU]"
"56107","36.510872176","192.168.1.55","192.168.1.2","TCP","1514","8004  >  36680 [ACK] Seq=298478 Ack=144 Win=65024 Len=1448 TSval=2916040591 TSecr=3045560364 [TCP segment of a reassembled PDU]"
"56108","36.510873231","192.168.1.55","192.168.1.2","TCP","1514","8004  >  36680 [ACK] Seq=299926 Ack=144 Win=65024 Len=1448 TSval=2916040591 TSecr=3045560364 [TCP segment of a reassembled PDU]"
"56109","36.510874139","192.168.1.55","192.168.1.2","TCP","1514","8004  >  36680 [ACK] Seq=301374 Ack=144 Win=65024 Len=1448 TSval=2916040591 TSecr=3045560364 [TCP segment of a reassembled PDU]"
"56110","36.510875213","192.168.1.55","192.168.1.2","TCP","1514","8004  >  36680 [ACK] Seq=302822 Ack=144 Win=65024 Len=1448 TSval=2916040591 TSecr=3045560364 [TCP segment of a reassembled PDU]"
"56111","36.510876287","192.168.1.55","192.168.1.2","TCP","1514","8004  >  36680 [ACK] Seq=304270 Ack=144 Win=65024 Len=1448 TSval=2916040591 TSecr=3045560364 [TCP segment of a reassembled PDU]"
"56112","36.510877379","192.168.1.55","192.168.1.2","TCP","1514","8004  >  36680 [ACK] Seq=305718 Ack=144 Win=65024 Len=1448 TSval=2916040591 TSecr=3045560364 [TCP segment of a reassembled PDU]"
"56113","36.510878453","192.168.1.55","192.168.1.2","TCP","1514","8004  >  36680 [ACK] Seq=307166 Ack=144 Win=65024 Len=1448 TSval=2916040591 TSecr=3045560364 [TCP segment of a reassembled PDU]"
"56114","36.510879416","192.168.1.55","192.168.1.2","TCP","1514","8004  >  36680 [ACK] Seq=308614 Ack=144 Win=65024 Len=1448 TSval=2916040591 TSecr=3045560364 [TCP segment of a reassembled PDU]"
"56115","36.510880361","192.168.1.55","192.168.1.2","TCP","1514","8004  >  36680 [ACK] Seq=310062 Ack=144 Win=65024 Len=1448 TSval=2916040591 TSecr=3045560364 [TCP segment of a reassembled PDU]"
"56116","36.510881379","192.168.1.55","192.168.1.2","TCP","1514","8004  >  36680 [ACK] Seq=311510 Ack=144 Win=65024 Len=1448 TSval=2916040591 TSecr=3045560364 [TCP segment of a reassembled PDU]"
"56117","36.510882453","192.168.1.55","192.168.1.2","TCP","1514","8004  >  36680 [ACK] Seq=312958 Ack=144 Win=65024 Len=1448 TSval=2916040591 TSecr=3045560364 [TCP segment of a reassembled PDU]"
"56118","36.510883509","192.168.1.55","192.168.1.2","TCP","1514","8004  >  36680 [ACK] Seq=314406 Ack=144 Win=65024 Len=1448 TSval=2916040591 TSecr=3045560364 [TCP segment of a reassembled PDU]"
"56119","36.510884750","192.168.1.55","192.168.1.2","TCP","1514","8004  >  36680 [ACK] Seq=315854 Ack=144 Win=65024 Len=1448 TSval=2916040591 TSecr=3045560364 [TCP segment of a reassembled PDU]"
"56120","36.510885824","192.168.1.55","192.168.1.2","TCP","1514","8004  >  36680 [ACK] Seq=317302 Ack=144 Win=65024 Len=1448 TSval=2916040591 TSecr=3045560364 [TCP segment of a reassembled PDU]"
"56121","36.510886861","192.168.1.55","192.168.1.2","TCP","1514","8004  >  36680 [ACK] Seq=318750 Ack=144 Win=65024 Len=1448 TSval=2916040591 TSecr=3045560364 [TCP segment of a reassembled PDU]"
"56122","36.510887805","192.168.1.55","192.168.1.2","TCP","1514","8004  >  36680 [ACK] Seq=320198 Ack=144 Win=65024 Len=1448 TSval=2916040591 TSecr=3045560364 [TCP segment of a reassembled PDU]"
"56123","36.510889065","192.168.1.55","192.168.1.2","TCP","1514","8004  >  36680 [ACK] Seq=321646 Ack=144 Win=65024 Len=1448 TSval=2916040591 TSecr=3045560364 [TCP segment of a reassembled PDU]"
"56124","36.510890157","192.168.1.55","192.168.1.2","TCP","1514","8004  >  36680 [ACK] Seq=323094 Ack=144 Win=65024 Len=1448 TSval=2916040591 TSecr=3045560364 [TCP segment of a reassembled PDU]"
"56125","36.510891065","192.168.1.55","192.168.1.2","TCP","1514","8004  >  36680 [ACK] Seq=324542 Ack=144 Win=65024 Len=1448 TSval=2916040591 TSecr=3045560364 [TCP segment of a reassembled PDU]"
"56126","36.510892083","192.168.1.55","192.168.1.2","TCP","1514","8004  >  36680 [ACK] Seq=325990 Ack=144 Win=65024 Len=1448 TSval=2916040591 TSecr=3045560364 [TCP segment of a reassembled PDU]"
"56127","36.510893083","192.168.1.55","192.168.1.2","TCP","1514","8004  >  36680 [ACK] Seq=327438 Ack=144 Win=65024 Len=1448 TSval=2916040591 TSecr=3045560364 [TCP segment of a reassembled PDU]"
"56128","36.510894083","192.168.1.55","192.168.1.2","TCP","1514","8004  >  36680 [ACK] Seq=328886 Ack=144 Win=65024 Len=1448 TSval=2916040591 TSecr=3045560364 [TCP segment of a reassembled PDU]"
"56129","36.510895157","192.168.1.55","192.168.1.2","TCP","1514","8004  >  36680 [ACK] Seq=330334 Ack=144 Win=65024 Len=1448 TSval=2916040591 TSecr=3045560364 [TCP segment of a reassembled PDU]"
"56130","36.510896139","192.168.1.55","192.168.1.2","TCP","1514","8004  >  36680 [ACK] Seq=331782 Ack=144 Win=65024 Len=1448 TSval=2916040591 TSecr=3045560364 [TCP segment of a reassembled PDU]"
"56131","36.510897157","192.168.1.55","192.168.1.2","TCP","1514","8004  >  36680 [ACK] Seq=333230 Ack=144 Win=65024 Len=1448 TSval=2916040591 TSecr=3045560364 [TCP segment of a reassembled PDU]"
"56132","36.510898157","192.168.1.55","192.168.1.2","TCP","1514","8004  >  36680 [ACK] Seq=334678 Ack=144 Win=65024 Len=1448 TSval=2916040591 TSecr=3045560364 [TCP segment of a reassembled PDU]"
"56133","36.510899416","192.168.1.55","192.168.1.2","TCP","1514","8004  >  36680 [ACK] Seq=336126 Ack=144 Win=65024 Len=1448 TSval=2916040591 TSecr=3045560364 [TCP segment of a reassembled PDU]"
"56134","36.510900676","192.168.1.55","192.168.1.2","TCP","1514","8004  >  36680 [PSH, ACK] Seq=337574 Ack=144 Win=65024 Len=1448 TSval=2916040591 TSecr=3045560364 [TCP segment of a reassembled PDU]"
"56135","36.510904416","192.168.1.2","192.168.1.55","TCP","66","36680  >  8004 [ACK] Seq=144 Ack=247798 Win=112640 Len=0 TSval=3045560364 TSecr=2916040584"
"56136","36.510912546","192.168.1.55","192.168.1.2","TCP","1514","8004  >  36680 [ACK] Seq=339022 Ack=144 Win=65024 Len=1448 TSval=2916040591 TSecr=3045560364 [TCP segment of a reassembled PDU]"
"56137","36.510916602","192.168.1.2","192.168.1.55","TCP","66","36680  >  8004 [ACK] Seq=144 Ack=254318 Win=106496 Len=0 TSval=3045560364 TSecr=2916040584"
"56138","36.510937935","192.168.1.55","192.168.1.2","TCP","1514","8004  >  36680 [ACK] Seq=340470 Ack=144 Win=65024 Len=1448 TSval=2916040591 TSecr=3045560364 [TCP segment of a reassembled PDU]"
"56139","36.510940454","192.168.1.55","192.168.1.2","TCP","1514","8004  >  36680 [ACK] Seq=341918 Ack=144 Win=65024 Len=1448 TSval=2916040591 TSecr=3045560364 [TCP segment of a reassembled PDU]"
"56140","36.510941657","192.168.1.55","192.168.1.2","TCP","1514","8004  >  36680 [ACK] Seq=343366 Ack=144 Win=65024 Len=1448 TSval=2916040591 TSecr=3045560364 [TCP segment of a reassembled PDU]"
"56141","36.510943102","192.168.1.55","192.168.1.2","TCP","1514","8004  >  36680 [ACK] Seq=344814 Ack=144 Win=65024 Len=1448 TSval=2916040591 TSecr=3045560364 [TCP segment of a reassembled PDU]"
"56142","36.510944120","192.168.1.55","192.168.1.2","TCP","1514","8004  >  36680 [ACK] Seq=346262 Ack=144 Win=65024 Len=1448 TSval=2916040591 TSecr=3045560364 [TCP segment of a reassembled PDU]"
"56143","36.510945157","192.168.1.55","192.168.1.2","TCP","1514","8004  >  36680 [ACK] Seq=347710 Ack=144 Win=65024 Len=1448 TSval=2916040591 TSecr=3045560364 [TCP segment of a reassembled PDU]"
"56144","36.510946157","192.168.1.55","192.168.1.2","TCP","1514","8004  >  36680 [ACK] Seq=349158 Ack=144 Win=65024 Len=1448 TSval=2916040591 TSecr=3045560364 [TCP segment of a reassembled PDU]"
"56145","36.510947176","192.168.1.55","192.168.1.2","TCP","1514","8004  >  36680 [ACK] Seq=350606 Ack=144 Win=65024 Len=1448 TSval=2916040591 TSecr=3045560364 [TCP segment of a reassembled PDU]"
"56146","36.510948287","192.168.1.55","192.168.1.2","TCP","1514","8004  >  36680 [ACK] Seq=352054 Ack=144 Win=65024 Len=1448 TSval=2916040591 TSecr=3045560364 [TCP segment of a reassembled PDU]"
"56147","36.510949287","192.168.1.55","192.168.1.2","TCP","1514","8004  >  36680 [ACK] Seq=353502 Ack=144 Win=65024 Len=1448 TSval=2916040591 TSecr=3045560364 [TCP segment of a reassembled PDU]"
"56148","36.510950213","192.168.1.55","192.168.1.2","TCP","1514","8004  >  36680 [ACK] Seq=354950 Ack=144 Win=65024 Len=1448 TSval=2916040591 TSecr=3045560364 [TCP segment of a reassembled PDU]"
"56149","36.510951157","192.168.1.55","192.168.1.2","TCP","1514","8004  >  36680 [ACK] Seq=356398 Ack=144 Win=65024 Len=1448 TSval=2916040591 TSecr=3045560364 [TCP segment of a reassembled PDU]"
"56150","36.510952102","192.168.1.55","192.168.1.2","TCP","1514","8004  >  36680 [ACK] Seq=357846 Ack=144 Win=65024 Len=1448 TSval=2916040591 TSecr=3045560364 [TCP segment of a reassembled PDU]"
"56151","36.510953102","192.168.1.55","192.168.1.2","TCP","1514","8004  >  36680 [PSH, ACK] Seq=359294 Ack=144 Win=65024 Len=1448 TSval=2916040591 TSecr=3045560364 [TCP segment of a reassembled PDU]"
"56152","36.521947360","192.168.1.2","192.168.1.55","TCP","66","36680  >  8004 [ACK] Seq=144 Ack=278934 Win=132096 Len=0 TSval=3045560373 TSecr=2916040590"
"56153","36.522059360","192.168.1.55","192.168.1.2","TCP","1514","8004  >  36680 [ACK] Seq=360742 Ack=144 Win=65024 Len=1448 TSval=2916040602 TSecr=3045560373 [TCP segment of a reassembled PDU]"
"56154","36.522066916","192.168.1.55","192.168.1.2","TCP","1514","8004  >  36680 [ACK] Seq=362190 Ack=144 Win=65024 Len=1448 TSval=2916040602 TSecr=3045560373 [TCP segment of a reassembled PDU]"
"56155","36.522068360","192.168.1.55","192.168.1.2","TCP","1514","8004  >  36680 [ACK] Seq=363638 Ack=144 Win=65024 Len=1448 TSval=2916040602 TSecr=3045560373 [TCP segment of a reassembled PDU]"
"56156","36.522070453","192.168.1.55","192.168.1.2","TCP","1514","8004  >  36680 [ACK] Seq=365086 Ack=144 Win=65024 Len=1448 TSval=2916040602 TSecr=3045560373 [TCP segment of a reassembled PDU]"
"56157","36.522072212","192.168.1.55","192.168.1.2","TCP","1514","8004  >  36680 [ACK] Seq=366534 Ack=144 Win=65024 Len=1448 TSval=2916040602 TSecr=3045560373 [TCP segment of a reassembled PDU]"
"56158","36.522073694","192.168.1.55","192.168.1.2","TCP","1514","8004  >  36680 [ACK] Seq=367982 Ack=144 Win=65024 Len=1448 TSval=2916040602 TSecr=3045560373 [TCP segment of a reassembled PDU]"
"56159","36.522074768","192.168.1.55","192.168.1.2","TCP","1514","8004  >  36680 [ACK] Seq=369430 Ack=144 Win=65024 Len=1448 TSval=2916040602 TSecr=3045560373 [TCP segment of a reassembled PDU]"
"56160","36.522075897","192.168.1.55","192.168.1.2","TCP","1514","8004  >  36680 [ACK] Seq=370878 Ack=144 Win=65024 Len=1448 TSval=2916040602 TSecr=3045560373 [TCP segment of a reassembled PDU]"
"56161","36.522077231","192.168.1.55","192.168.1.2","TCP","1514","8004  >  36680 [ACK] Seq=372326 Ack=144 Win=65024 Len=1448 TSval=2916040602 TSecr=3045560373 [TCP segment of a reassembled PDU]"
"56162","36.522079842","192.168.1.55","192.168.1.2","TCP","1514","8004  >  36680 [ACK] Seq=373774 Ack=144 Win=65024 Len=1448 TSval=2916040602 TSecr=3045560373 [TCP segment of a reassembled PDU]"
"56163","36.522081212","192.168.1.55","192.168.1.2","TCP","1514","8004  >  36680 [ACK] Seq=375222 Ack=144 Win=65024 Len=1448 TSval=2916040602 TSecr=3045560373 [TCP segment of a reassembled PDU]"
"56164","36.522082268","192.168.1.55","192.168.1.2","TCP","1514","8004  >  36680 [ACK] Seq=376670 Ack=144 Win=65024 Len=1448 TSval=2916040602 TSecr=3045560373 [TCP segment of a reassembled PDU]"
"56165","36.522083453","192.168.1.55","192.168.1.2","TCP","1514","8004  >  36680 [ACK] Seq=378118 Ack=144 Win=65024 Len=1448 TSval=2916040602 TSecr=3045560373 [TCP segment of a reassembled PDU]"
"56166","36.522084823","192.168.1.55","192.168.1.2","TCP","1514","8004  >  36680 [ACK] Seq=379566 Ack=144 Win=65024 Len=1448 TSval=2916040602 TSecr=3045560373 [TCP segment of a reassembled PDU]"
"56167","36.522087971","192.168.1.55","192.168.1.2","TCP","1514","8004  >  36680 [ACK] Seq=381014 Ack=144 Win=65024 Len=1448 TSval=2916040602 TSecr=3045560373 [TCP segment of a reassembled PDU]"
"56168","36.522089434","192.168.1.55","192.168.1.2","TCP","1514","8004  >  36680 [ACK] Seq=382462 Ack=144 Win=65024 Len=1448 TSval=2916040602 TSecr=3045560373 [TCP segment of a reassembled PDU]"
"56169","36.522090471","192.168.1.55","192.168.1.2","TCP","1514","8004  >  36680 [ACK] Seq=383910 Ack=144 Win=65024 Len=1448 TSval=2916040602 TSecr=3045560373 [TCP segment of a reassembled PDU]"
"56170","36.522091620","192.168.1.55","192.168.1.2","TCP","1514","8004  >  36680 [PSH, ACK] Seq=385358 Ack=144 Win=65024 Len=1448 TSval=2916040602 TSecr=3045560373 [TCP segment of a reassembled PDU]"
"56171","36.522127731","192.168.1.2","192.168.1.55","TCP","66","36680  >  8004 [ACK] Seq=144 Ack=284726 Win=126976 Len=0 TSval=3045560373 TSecr=2916040591"
"56172","36.524566327","192.168.1.2","192.168.1.55","TCP","66","36680  >  8004 [ACK] Seq=144 Ack=293414 Win=149504 Len=0 TSval=3045560378 TSecr=2916040591"
"56173","36.524611142","192.168.1.55","192.168.1.2","TCP","1514","8004  >  36680 [ACK] Seq=386806 Ack=144 Win=65024 Len=1448 TSval=2916040605 TSecr=3045560378 [TCP segment of a reassembled PDU]"
"56174","36.524613920","192.168.1.55","192.168.1.2","TCP","1514","8004  >  36680 [ACK] Seq=388254 Ack=144 Win=65024 Len=1448 TSval=2916040605 TSecr=3045560378 [TCP segment of a reassembled PDU]"
"56175","36.524614957","192.168.1.55","192.168.1.2","TCP","1514","8004  >  36680 [ACK] Seq=389702 Ack=144 Win=65024 Len=1448 TSval=2916040605 TSecr=3045560378 [TCP segment of a reassembled PDU]"
"56176","36.524616031","192.168.1.55","192.168.1.2","TCP","1514","8004  >  36680 [ACK] Seq=391150 Ack=144 Win=65024 Len=1448 TSval=2916040605 TSecr=3045560378 [TCP segment of a reassembled PDU]"
"56177","36.524617438","192.168.1.55","192.168.1.2","TCP","1514","8004  >  36680 [ACK] Seq=392598 Ack=144 Win=65024 Len=1448 TSval=2916040605 TSecr=3045560378 [TCP segment of a reassembled PDU]"
"56178","36.524618716","192.168.1.55","192.168.1.2","TCP","1514","8004  >  36680 [ACK] Seq=394046 Ack=144 Win=65024 Len=1448 TSval=2916040605 TSecr=3045560378 [TCP segment of a reassembled PDU]"
"56179","36.524620142","192.168.1.55","192.168.1.2","TCP","1514","8004  >  36680 [ACK] Seq=395494 Ack=144 Win=65024 Len=1448 TSval=2916040605 TSecr=3045560378 [TCP segment of a reassembled PDU]"
"56180","36.524621457","192.168.1.55","192.168.1.2","TCP","1514","8004  >  36680 [ACK] Seq=396942 Ack=144 Win=65024 Len=1448 TSval=2916040605 TSecr=3045560378 [TCP segment of a reassembled PDU]"
"56181","36.524622531","192.168.1.55","192.168.1.2","TCP","1514","8004  >  36680 [ACK] Seq=398390 Ack=144 Win=65024 Len=1448 TSval=2916040605 TSecr=3045560378 [TCP segment of a reassembled PDU]"
"56182","36.524624031","192.168.1.55","192.168.1.2","TCP","1514","8004  >  36680 [ACK] Seq=399838 Ack=144 Win=65024 Len=1448 TSval=2916040605 TSecr=3045560378 [TCP segment of a reassembled PDU]"
"56183","36.524625031","192.168.1.55","192.168.1.2","TCP","1514","8004  >  36680 [ACK] Seq=401286 Ack=144 Win=65024 Len=1448 TSval=2916040605 TSecr=3045560378 [TCP segment of a reassembled PDU]"
"56184","36.524626364","192.168.1.55","192.168.1.2","TCP","1514","8004  >  36680 [ACK] Seq=402734 Ack=144 Win=65024 Len=1448 TSval=2916040605 TSecr=3045560378 [TCP segment of a reassembled PDU]"
"56185","36.524627772","192.168.1.55","192.168.1.2","TCP","1514","8004  >  36680 [ACK] Seq=404182 Ack=144 Win=65024 Len=1448 TSval=2916040605 TSecr=3045560378 [TCP segment of a reassembled PDU]"
"56186","36.524629013","192.168.1.55","192.168.1.2","TCP","1514","8004  >  36680 [ACK] Seq=405630 Ack=144 Win=65024 Len=1448 TSval=2916040605 TSecr=3045560378 [TCP segment of a reassembled PDU]"
"56187","36.524630513","192.168.1.55","192.168.1.2","TCP","1514","8004  >  36680 [ACK] Seq=407078 Ack=144 Win=65024 Len=1448 TSval=2916040605 TSecr=3045560378 [TCP segment of a reassembled PDU]"
"56188","36.524631568","192.168.1.55","192.168.1.2","TCP","1514","8004  >  36680 [ACK] Seq=408526 Ack=144 Win=65024 Len=1448 TSval=2916040605 TSecr=3045560378 [TCP segment of a reassembled PDU]"
"56189","36.524633142","192.168.1.55","192.168.1.2","TCP","1514","8004  >  36680 [ACK] Seq=409974 Ack=144 Win=65024 Len=1448 TSval=2916040605 TSecr=3045560378 [TCP segment of a reassembled PDU]"
"56190","36.524634272","192.168.1.55","192.168.1.2","TCP","1514","8004  >  36680 [ACK] Seq=411422 Ack=144 Win=65024 Len=1448 TSval=2916040605 TSecr=3045560378 [TCP segment of a reassembled PDU]"
"56191","36.524635272","192.168.1.55","192.168.1.2","TCP","1514","8004  >  36680 [ACK] Seq=412870 Ack=144 Win=65024 Len=1448 TSval=2916040605 TSecr=3045560378 [TCP segment of a reassembled PDU]"
"56192","36.524636772","192.168.1.55","192.168.1.2","TCP","1514","8004  >  36680 [ACK] Seq=414318 Ack=144 Win=65024 Len=1448 TSval=2916040605 TSecr=3045560378 [TCP segment of a reassembled PDU]"
"56193","36.524637920","192.168.1.55","192.168.1.2","TCP","1514","8004  >  36680 [ACK] Seq=415766 Ack=144 Win=65024 Len=1448 TSval=2916040605 TSecr=3045560378 [TCP segment of a reassembled PDU]"
"56194","36.524639068","192.168.1.55","192.168.1.2","TCP","1514","8004  >  36680 [ACK] Seq=417214 Ack=144 Win=65024 Len=1448 TSval=2916040605 TSecr=3045560378 [TCP segment of a reassembled PDU]"
"56195","36.524640253","192.168.1.55","192.168.1.2","TCP","1514","8004  >  36680 [ACK] Seq=418662 Ack=144 Win=65024 Len=1448 TSval=2916040605 TSecr=3045560378 [TCP segment of a reassembled PDU]"
"56196","36.524641439","192.168.1.55","192.168.1.2","TCP","1514","8004  >  36680 [ACK] Seq=420110 Ack=144 Win=65024 Len=1448 TSval=2916040605 TSecr=3045560378 [TCP segment of a reassembled PDU]"
"56197","36.524643068","192.168.1.55","192.168.1.2","TCP","1514","8004  >  36680 [ACK] Seq=421558 Ack=144 Win=65024 Len=1448 TSval=2916040605 TSecr=3045560378 [TCP segment of a reassembled PDU]"
"56198","36.524644216","192.168.1.55","192.168.1.2","TCP","1514","8004  >  36680 [ACK] Seq=423006 Ack=144 Win=65024 Len=1448 TSval=2916040605 TSecr=3045560378 [TCP segment of a reassembled PDU]"
"56199","36.524645420","192.168.1.55","192.168.1.2","TCP","1514","8004  >  36680 [ACK] Seq=424454 Ack=144 Win=65024 Len=1448 TSval=2916040605 TSecr=3045560378 [TCP segment of a reassembled PDU]"
"56200","36.524647142","192.168.1.55","192.168.1.2","TCP","1514","8004  >  36680 [ACK] Seq=425902 Ack=144 Win=65024 Len=1448 TSval=2916040605 TSecr=3045560378 [TCP segment of a reassembled PDU]"
"56201","36.524648401","192.168.1.55","192.168.1.2","TCP","1514","8004  >  36680 [ACK] Seq=427350 Ack=144 Win=65024 Len=1448 TSval=2916040605 TSecr=3045560378 [TCP segment of a reassembled PDU]"
"56202","36.524649587","192.168.1.55","192.168.1.2","TCP","1514","8004  >  36680 [ACK] Seq=428798 Ack=144 Win=65024 Len=1448 TSval=2916040605 TSecr=3045560378 [TCP segment of a reassembled PDU]"
"56203","36.524650994","192.168.1.55","192.168.1.2","TCP","1514","8004  >  36680 [ACK] Seq=430246 Ack=144 Win=65024 Len=1448 TSval=2916040605 TSecr=3045560378 [TCP segment of a reassembled PDU]"
"56204","36.524652124","192.168.1.55","192.168.1.2","TCP","1514","8004  >  36680 [PSH, ACK] Seq=431694 Ack=144 Win=65024 Len=1448 TSval=2916040605 TSecr=3045560378 [TCP segment of a reassembled PDU]"
"56205","36.524707328","192.168.1.2","192.168.1.55","TCP","66","36680  >  8004 [ACK] Seq=144 Ack=339022 Win=104448 Len=0 TSval=3045560378 TSecr=2916040591"
"56206","36.524719902","192.168.1.2","192.168.1.55","TCP","66","36680  >  8004 [ACK] Seq=144 Ack=359294 Win=95232 Len=0 TSval=3045560378 TSecr=2916040591"
"56207","36.525916959","192.168.1.2","192.168.1.55","TCP","66","36680  >  8004 [ACK] Seq=144 Ack=360742 Win=152576 Len=0 TSval=3045560381 TSecr=2916040591"
"56208","36.525971718","192.168.1.55","192.168.1.2","TCP","1514","8004  >  36680 [ACK] Seq=433142 Ack=144 Win=65024 Len=1448 TSval=2916040606 TSecr=3045560381 [TCP segment of a reassembled PDU]"
"56209","36.525973774","192.168.1.55","192.168.1.2","TCP","1514","8004  >  36680 [ACK] Seq=434590 Ack=144 Win=65024 Len=1448 TSval=2916040606 TSecr=3045560381 [TCP segment of a reassembled PDU]"
"56210","36.525975163","192.168.1.55","192.168.1.2","TCP","1514","8004  >  36680 [ACK] Seq=436038 Ack=144 Win=65024 Len=1448 TSval=2916040606 TSecr=3045560381 [TCP segment of a reassembled PDU]"
"56211","36.525976885","192.168.1.55","192.168.1.2","TCP","1514","8004  >  36680 [ACK] Seq=437486 Ack=144 Win=65024 Len=1448 TSval=2916040606 TSecr=3045560381 [TCP segment of a reassembled PDU]"
"56212","36.525978422","192.168.1.55","192.168.1.2","TCP","1514","8004  >  36680 [ACK] Seq=438934 Ack=144 Win=65024 Len=1448 TSval=2916040606 TSecr=3045560381 [TCP segment of a reassembled PDU]"
"56213","36.525979811","192.168.1.55","192.168.1.2","TCP","1514","8004  >  36680 [ACK] Seq=440382 Ack=144 Win=65024 Len=1448 TSval=2916040606 TSecr=3045560381 [TCP segment of a reassembled PDU]"
"56214","36.525981274","192.168.1.55","192.168.1.2","TCP","1514","8004  >  36680 [ACK] Seq=441830 Ack=144 Win=65024 Len=1448 TSval=2916040606 TSecr=3045560381 [TCP segment of a reassembled PDU]"
"56215","36.525983385","192.168.1.55","192.168.1.2","TCP","1514","8004  >  36680 [ACK] Seq=443278 Ack=144 Win=65024 Len=1448 TSval=2916040606 TSecr=3045560381 [TCP segment of a reassembled PDU]"
"56216","36.525984978","192.168.1.55","192.168.1.2","TCP","1514","8004  >  36680 [ACK] Seq=444726 Ack=144 Win=65024 Len=1448 TSval=2916040606 TSecr=3045560381 [TCP segment of a reassembled PDU]"
"56217","36.525986255","192.168.1.55","192.168.1.2","TCP","1514","8004  >  36680 [ACK] Seq=446174 Ack=144 Win=65024 Len=1448 TSval=2916040606 TSecr=3045560381 [TCP segment of a reassembled PDU]"
"56218","36.525988311","192.168.1.55","192.168.1.2","TCP","1514","8004  >  36680 [ACK] Seq=447622 Ack=144 Win=65024 Len=1448 TSval=2916040606 TSecr=3045560381 [TCP segment of a reassembled PDU]"
"56219","36.525989700","192.168.1.55","192.168.1.2","TCP","1514","8004  >  36680 [ACK] Seq=449070 Ack=144 Win=65024 Len=1448 TSval=2916040606 TSecr=3045560381 [TCP segment of a reassembled PDU]"
"56220","36.525991237","192.168.1.55","192.168.1.2","TCP","1514","8004  >  36680 [ACK] Seq=450518 Ack=144 Win=65024 Len=1448 TSval=2916040606 TSecr=3045560381 [TCP segment of a reassembled PDU]"
"56221","36.525992570","192.168.1.55","192.168.1.2","TCP","1514","8004  >  36680 [ACK] Seq=451966 Ack=144 Win=65024 Len=1448 TSval=2916040606 TSecr=3045560381 [TCP segment of a reassembled PDU]"
"56222","36.525993718","192.168.1.55","192.168.1.2","TCP","1514","8004  >  36680 [ACK] Seq=453414 Ack=144 Win=65024 Len=1448 TSval=2916040606 TSecr=3045560381 [TCP segment of a reassembled PDU]"
"56223","36.525996200","192.168.1.55","192.168.1.2","TCP","1514","8004  >  36680 [ACK] Seq=454862 Ack=144 Win=65024 Len=1448 TSval=2916040606 TSecr=3045560381 [TCP segment of a reassembled PDU]"
"56224","36.525997385","192.168.1.55","192.168.1.2","TCP","1514","8004  >  36680 [ACK] Seq=456310 Ack=144 Win=65024 Len=1448 TSval=2916040606 TSecr=3045560381 [TCP segment of a reassembled PDU]"
"56225","36.525998681","192.168.1.55","192.168.1.2","TCP","1514","8004  >  36680 [ACK] Seq=457758 Ack=144 Win=65024 Len=1448 TSval=2916040606 TSecr=3045560381 [TCP segment of a reassembled PDU]"
"56226","36.526000700","192.168.1.55","192.168.1.2","TCP","1514","8004  >  36680 [ACK] Seq=459206 Ack=144 Win=65024 Len=1448 TSval=2916040606 TSecr=3045560381 [TCP segment of a reassembled PDU]"
"56227","36.526002348","192.168.1.55","192.168.1.2","TCP","1514","8004  >  36680 [ACK] Seq=460654 Ack=144 Win=65024 Len=1448 TSval=2916040606 TSecr=3045560381 [TCP segment of a reassembled PDU]"
"56228","36.526003811","192.168.1.55","192.168.1.2","TCP","1514","8004  >  36680 [ACK] Seq=462102 Ack=144 Win=65024 Len=1448 TSval=2916040606 TSecr=3045560381 [TCP segment of a reassembled PDU]"
"56229","36.526005256","192.168.1.55","192.168.1.2","TCP","1514","8004  >  36680 [ACK] Seq=463550 Ack=144 Win=65024 Len=1448 TSval=2916040606 TSecr=3045560381 [TCP segment of a reassembled PDU]"
"56230","36.526006959","192.168.1.55","192.168.1.2","TCP","1514","8004  >  36680 [ACK] Seq=464998 Ack=144 Win=65024 Len=1448 TSval=2916040606 TSecr=3045560381 [TCP segment of a reassembled PDU]"
"56231","36.526008496","192.168.1.55","192.168.1.2","TCP","1514","8004  >  36680 [ACK] Seq=466446 Ack=144 Win=65024 Len=1448 TSval=2916040606 TSecr=3045560381 [TCP segment of a reassembled PDU]"
"56232","36.526009626","192.168.1.55","192.168.1.2","TCP","1514","8004  >  36680 [ACK] Seq=467894 Ack=144 Win=65024 Len=1448 TSval=2916040606 TSecr=3045560381 [TCP segment of a reassembled PDU]"
"56233","36.526011348","192.168.1.55","192.168.1.2","TCP","1514","8004  >  36680 [ACK] Seq=469342 Ack=144 Win=65024 Len=1448 TSval=2916040606 TSecr=3045560381 [TCP segment of a reassembled PDU]"
"56234","36.526013626","192.168.1.55","192.168.1.2","TCP","1514","8004  >  36680 [ACK] Seq=470790 Ack=144 Win=65024 Len=1448 TSval=2916040606 TSecr=3045560381 [TCP segment of a reassembled PDU]"
"56235","36.526015181","192.168.1.55","192.168.1.2","TCP","1514","8004  >  36680 [ACK] Seq=472238 Ack=144 Win=65024 Len=1448 TSval=2916040606 TSecr=3045560381 [TCP segment of a reassembled PDU]"
"56236","36.526016644","192.168.1.55","192.168.1.2","TCP","1514","8004  >  36680 [ACK] Seq=473686 Ack=144 Win=65024 Len=1448 TSval=2916040606 TSecr=3045560381 [TCP segment of a reassembled PDU]"
"56237","36.526018181","192.168.1.55","192.168.1.2","TCP","1514","8004  >  36680 [ACK] Seq=475134 Ack=144 Win=65024 Len=1448 TSval=2916040606 TSecr=3045560381 [TCP segment of a reassembled PDU]"
"56238","36.526020033","192.168.1.55","192.168.1.2","TCP","1514","8004  >  36680 [ACK] Seq=476582 Ack=144 Win=65024 Len=1448 TSval=2916040606 TSecr=3045560381 [TCP segment of a reassembled PDU]"
"56239","36.526021570","192.168.1.55","192.168.1.2","TCP","1514","8004  >  36680 [PSH, ACK] Seq=478030 Ack=144 Win=65024 Len=1448 TSval=2916040606 TSecr=3045560381 [TCP segment of a reassembled PDU]"
"56240","36.526065070","192.168.1.55","192.168.1.2","TCP","1514","8004  >  36680 [ACK] Seq=479478 Ack=144 Win=65024 Len=1448 TSval=2916040606 TSecr=3045560381 [TCP segment of a reassembled PDU]"
"56241","36.526075645","192.168.1.55","192.168.1.2","TCP","1514","8004  >  36680 [ACK] Seq=480926 Ack=144 Win=65024 Len=1448 TSval=2916040606 TSecr=3045560381 [TCP segment of a reassembled PDU]"
"56242","36.526078070","192.168.1.55","192.168.1.2","TCP","1514","8004  >  36680 [ACK] Seq=482374 Ack=144 Win=65024 Len=1448 TSval=2916040606 TSecr=3045560381 [TCP segment of a reassembled PDU]"
"56243","36.526079811","192.168.1.55","192.168.1.2","TCP","1514","8004  >  36680 [ACK] Seq=483822 Ack=144 Win=65024 Len=1448 TSval=2916040606 TSecr=3045560381 [TCP segment of a reassembled PDU]"
"56244","36.526081200","192.168.1.55","192.168.1.2","TCP","1514","8004  >  36680 [ACK] Seq=485270 Ack=144 Win=65024 Len=1448 TSval=2916040606 TSecr=3045560381 [TCP segment of a reassembled PDU]"
"56245","36.526082941","192.168.1.55","192.168.1.2","TCP","1514","8004  >  36680 [ACK] Seq=486718 Ack=144 Win=65024 Len=1448 TSval=2916040606 TSecr=3045560381 [TCP segment of a reassembled PDU]"
"56246","36.526085145","192.168.1.55","192.168.1.2","TCP","1514","8004  >  36680 [ACK] Seq=488166 Ack=144 Win=65024 Len=1448 TSval=2916040606 TSecr=3045560381 [TCP segment of a reassembled PDU]"
"56247","36.526086533","192.168.1.55","192.168.1.2","TCP","1514","8004  >  36680 [ACK] Seq=489614 Ack=144 Win=65024 Len=1448 TSval=2916040606 TSecr=3045560381 [TCP segment of a reassembled PDU]"
"56248","36.526088756","192.168.1.55","192.168.1.2","TCP","1514","8004  >  36680 [ACK] Seq=491062 Ack=144 Win=65024 Len=1448 TSval=2916040606 TSecr=3045560381 [TCP segment of a reassembled PDU]"
"56249","36.526090052","192.168.1.55","192.168.1.2","TCP","1514","8004  >  36680 [ACK] Seq=492510 Ack=144 Win=65024 Len=1448 TSval=2916040606 TSecr=3045560381 [TCP segment of a reassembled PDU]"
"56250","36.526092015","192.168.1.55","192.168.1.2","TCP","1514","8004  >  36680 [ACK] Seq=493958 Ack=144 Win=65024 Len=1448 TSval=2916040606 TSecr=3045560381 [TCP segment of a reassembled PDU]"
"56251","36.526093441","192.168.1.55","192.168.1.2","TCP","1514","8004  >  36680 [ACK] Seq=495406 Ack=144 Win=65024 Len=1448 TSval=2916040606 TSecr=3045560381 [TCP segment of a reassembled PDU]"
"56252","36.526095089","192.168.1.55","192.168.1.2","TCP","1514","8004  >  36680 [ACK] Seq=496854 Ack=144 Win=65024 Len=1448 TSval=2916040606 TSecr=3045560381 [TCP segment of a reassembled PDU]"
"56253","36.526096552","192.168.1.55","192.168.1.2","HTTP","222","HTTP/1.0 200 OK  (PNG)"
"56254","36.526129663","192.168.1.2","192.168.1.55","TCP","66","36680  >  8004 [ACK] Seq=144 Ack=386806 Win=152576 Len=0 TSval=3045560381 TSecr=2916040602"
"56255","36.532330043","192.168.1.2","192.168.1.55","TCP","66","36680  >  8004 [ACK] Seq=144 Ack=433142 Win=149504 Len=0 TSval=3045560388 TSecr=2916040605"
"56256","36.533115415","192.168.1.2","192.168.1.55","TCP","66","36680  >  8004 [ACK] Seq=144 Ack=479478 Win=151552 Len=0 TSval=3045560388 TSecr=2916040606"
"56257","36.533243082","192.168.1.2","192.168.1.55","TCP","66","36680  >  8004 [ACK] Seq=144 Ack=493958 Win=137216 Len=0 TSval=3045560388 TSecr=2916040606"
"56258","36.533249730","192.168.1.2","192.168.1.55","TCP","66","36680  >  8004 [ACK] Seq=144 Ack=498302 Win=160768 Len=0 TSval=3045560388 TSecr=2916040606"
"56259","36.534641418","192.168.1.2","192.168.1.55","TCP","66","36680  >  8004 [FIN, ACK] Seq=144 Ack=498459 Win=163840 Len=0 TSval=3045560389 TSecr=2916040606"
"56260","36.534669325","192.168.1.55","192.168.1.2","TCP","66","8004  >  36680 [ACK] Seq=498459 Ack=145 Win=65024 Len=0 TSval=2916040615 TSecr=3045560389"
"56261","36.534710640","192.168.1.2","192.168.1.55","TCP","74","36694  >  8004 [SYN] Seq=0 Win=64240 Len=0 MSS=1460 SACK_PERM TSval=3045560389 TSecr=0 WS=1024"
"56262","36.534739029","192.168.1.55","192.168.1.2","TCP","74","8004  >  36694 [SYN, ACK] Seq=0 Ack=1 Win=65160 Len=0 MSS=1460 SACK_PERM TSval=2916040615 TSecr=3045560389 WS=128"
"56263","36.538109997","192.168.1.2","192.168.1.55","TCP","66","36694  >  8004 [ACK] Seq=1 Ack=1 Win=64512 Len=0 TSval=3045560393 TSecr=2916040615"
"56264","36.541346799","192.168.1.2","192.168.1.55","HTTP","206","GET /stego_benchmark.png HTTP/1.1 "
"56265","36.541367502","192.168.1.55","192.168.1.2","TCP","66","8004  >  36694 [ACK] Seq=1 Ack=141 Win=65024 Len=0 TSval=2916040622 TSecr=3045560393"
"56266","36.541861670","192.168.1.55","192.168.1.2","TCP","255","8004  >  36694 [PSH, ACK] Seq=1 Ack=141 Win=65024 Len=189 TSval=2916040622 TSecr=3045560393 [TCP segment of a reassembled PDU]"
"56267","36.541949374","192.168.1.55","192.168.1.2","TCP","1514","8004  >  36694 [ACK] Seq=190 Ack=141 Win=65024 Len=1448 TSval=2916040622 TSecr=3045560393 [TCP segment of a reassembled PDU]"
"56268","36.541954707","192.168.1.55","192.168.1.2","TCP","1514","8004  >  36694 [ACK] Seq=1638 Ack=141 Win=65024 Len=1448 TSval=2916040622 TSecr=3045560393 [TCP segment of a reassembled PDU]"
"56269","36.541956540","192.168.1.55","192.168.1.2","TCP","1514","8004  >  36694 [ACK] Seq=3086 Ack=141 Win=65024 Len=1448 TSval=2916040622 TSecr=3045560393 [TCP segment of a reassembled PDU]"
"56270","36.541957892","192.168.1.55","192.168.1.2","TCP","1514","8004  >  36694 [ACK] Seq=4534 Ack=141 Win=65024 Len=1448 TSval=2916040622 TSecr=3045560393 [TCP segment of a reassembled PDU]"
"56271","36.541959948","192.168.1.55","192.168.1.2","TCP","1514","8004  >  36694 [PSH, ACK] Seq=5982 Ack=141 Win=65024 Len=1448 TSval=2916040622 TSecr=3045560393 [TCP segment of a reassembled PDU]"
"56272","36.541977392","192.168.1.55","192.168.1.2","TCP","1514","8004  >  36694 [ACK] Seq=7430 Ack=141 Win=65024 Len=1448 TSval=2916040622 TSecr=3045560393 [TCP segment of a reassembled PDU]"
"56273","36.541979503","192.168.1.55","192.168.1.2","TCP","1514","8004  >  36694 [ACK] Seq=8878 Ack=141 Win=65024 Len=1448 TSval=2916040622 TSecr=3045560393 [TCP segment of a reassembled PDU]"
"56274","36.541981374","192.168.1.55","192.168.1.2","TCP","1514","8004  >  36694 [ACK] Seq=10326 Ack=141 Win=65024 Len=1448 TSval=2916040622 TSecr=3045560393 [TCP segment of a reassembled PDU]"
"56275","36.541982818","192.168.1.55","192.168.1.2","TCP","1514","8004  >  36694 [PSH, ACK] Seq=11774 Ack=141 Win=65024 Len=1448 TSval=2916040622 TSecr=3045560393 [TCP segment of a reassembled PDU]"
"56276","36.547903883","192.168.1.2","192.168.1.55","TCP","66","36694  >  8004 [ACK] Seq=141 Ack=190 Win=64512 Len=0 TSval=3045560400 TSecr=2916040622"
"56277","36.547946050","192.168.1.55","192.168.1.2","TCP","1514","8004  >  36694 [ACK] Seq=13222 Ack=141 Win=65024 Len=1448 TSval=2916040628 TSecr=3045560400 [TCP segment of a reassembled PDU]"
"56278","36.547950754","192.168.1.55","192.168.1.2","TCP","1514","8004  >  36694 [PSH, ACK] Seq=14670 Ack=141 Win=65024 Len=1448 TSval=2916040628 TSecr=3045560400 [TCP segment of a reassembled PDU]"
"56279","36.548023365","192.168.1.2","192.168.1.55","TCP","66","36694  >  8004 [ACK] Seq=141 Ack=5982 Win=76800 Len=0 TSval=3045560400 TSecr=2916040622"
"56280","36.548047309","192.168.1.55","192.168.1.2","TCP","1514","8004  >  36694 [ACK] Seq=16118 Ack=141 Win=65024 Len=1448 TSval=2916040628 TSecr=3045560400 [TCP segment of a reassembled PDU]"
"56281","36.548050513","192.168.1.55","192.168.1.2","TCP","1514","8004  >  36694 [ACK] Seq=17566 Ack=141 Win=65024 Len=1448 TSval=2916040628 TSecr=3045560400 [TCP segment of a reassembled PDU]"
"56282","36.548051921","192.168.1.55","192.168.1.2","TCP","1514","8004  >  36694 [ACK] Seq=19014 Ack=141 Win=65024 Len=1448 TSval=2916040628 TSecr=3045560400 [TCP segment of a reassembled PDU]"
"56283","36.548053476","192.168.1.55","192.168.1.2","TCP","1514","8004  >  36694 [ACK] Seq=20462 Ack=141 Win=65024 Len=1448 TSval=2916040628 TSecr=3045560400 [TCP segment of a reassembled PDU]"
"56284","36.548055365","192.168.1.55","192.168.1.2","TCP","1514","8004  >  36694 [ACK] Seq=21910 Ack=141 Win=65024 Len=1448 TSval=2916040628 TSecr=3045560400 [TCP segment of a reassembled PDU]"
"56285","36.548056976","192.168.1.55","192.168.1.2","TCP","1514","8004  >  36694 [ACK] Seq=23358 Ack=141 Win=65024 Len=1448 TSval=2916040628 TSecr=3045560400 [TCP segment of a reassembled PDU]"
"56286","36.548058402","192.168.1.55","192.168.1.2","TCP","1514","8004  >  36694 [PSH, ACK] Seq=24806 Ack=141 Win=65024 Len=1448 TSval=2916040628 TSecr=3045560400 [TCP segment of a reassembled PDU]"
"56287","36.548063458","192.168.1.2","192.168.1.55","TCP","66","36694  >  8004 [ACK] Seq=141 Ack=7430 Win=79872 Len=0 TSval=3045560401 TSecr=2916040622"
"56288","36.548070421","192.168.1.2","192.168.1.55","TCP","66","36694  >  8004 [ACK] Seq=141 Ack=13222 Win=80896 Len=0 TSval=3045560401 TSecr=2916040622"
"56289","36.548091698","192.168.1.55","192.168.1.2","TCP","1514","8004  >  36694 [ACK] Seq=26254 Ack=141 Win=65024 Len=1448 TSval=2916040628 TSecr=3045560401 [TCP segment of a reassembled PDU]"
"56290","36.548093884","192.168.1.55","192.168.1.2","TCP","1514","8004  >  36694 [ACK] Seq=27702 Ack=141 Win=65024 Len=1448 TSval=2916040628 TSecr=3045560401 [TCP segment of a reassembled PDU]"
"56291","36.548095439","192.168.1.55","192.168.1.2","TCP","1514","8004  >  36694 [ACK] Seq=29150 Ack=141 Win=65024 Len=1448 TSval=2916040628 TSecr=3045560401 [TCP segment of a reassembled PDU]"
"56292","36.548096939","192.168.1.55","192.168.1.2","TCP","1514","8004  >  36694 [ACK] Seq=30598 Ack=141 Win=65024 Len=1448 TSval=2916040628 TSecr=3045560401 [TCP segment of a reassembled PDU]"
"56293","36.548098421","192.168.1.55","192.168.1.2","TCP","1514","8004  >  36694 [ACK] Seq=32046 Ack=141 Win=65024 Len=1448 TSval=2916040628 TSecr=3045560401 [TCP segment of a reassembled PDU]"
"56294","36.548100050","192.168.1.55","192.168.1.2","TCP","1514","8004  >  36694 [ACK] Seq=33494 Ack=141 Win=65024 Len=1448 TSval=2916040628 TSecr=3045560401 [TCP segment of a reassembled PDU]"
"56295","36.548101698","192.168.1.55","192.168.1.2","TCP","1514","8004  >  36694 [ACK] Seq=34942 Ack=141 Win=65024 Len=1448 TSval=2916040628 TSecr=3045560401 [TCP segment of a reassembled PDU]"
"56296","36.548103087","192.168.1.55","192.168.1.2","TCP","1514","8004  >  36694 [ACK] Seq=36390 Ack=141 Win=65024 Len=1448 TSval=2916040628 TSecr=3045560401 [TCP segment of a reassembled PDU]"
"56297","36.548104754","192.168.1.55","192.168.1.2","TCP","1514","8004  >  36694 [ACK] Seq=37838 Ack=141 Win=65024 Len=1448 TSval=2916040628 TSecr=3045560401 [TCP segment of a reassembled PDU]"
"56298","36.548106328","192.168.1.55","192.168.1.2","TCP","1514","8004  >  36694 [PSH, ACK] Seq=39286 Ack=141 Win=65024 Len=1448 TSval=2916040628 TSecr=3045560401 [TCP segment of a reassembled PDU]"
"56299","36.548843996","192.168.1.55","192.168.1.2","TCP","1514","8004  >  36694 [ACK] Seq=40734 Ack=141 Win=65024 Len=1448 TSval=2916040629 TSecr=3045560401 [TCP segment of a reassembled PDU]"
"56300","36.553328725","192.168.1.2","192.168.1.55","TCP","66","36694  >  8004 [ACK] Seq=141 Ack=16118 Win=87040 Len=0 TSval=3045560407 TSecr=2916040628"
"56301","36.553350392","192.168.1.55","192.168.1.2","TCP","1514","8004  >  36694 [ACK] Seq=42182 Ack=141 Win=65024 Len=1448 TSval=2916040634 TSecr=3045560407 [TCP segment of a reassembled PDU]"
"56302","36.553353077","192.168.1.55","192.168.1.2","TCP","1514","8004  >  36694 [PSH, ACK] Seq=43630 Ack=141 Win=65024 Len=1448 TSval=2916040634 TSecr=3045560407 [TCP segment of a reassembled PDU]"
"56303","36.553564485","192.168.1.2","192.168.1.55","TCP","66","36694  >  8004 [ACK] Seq=141 Ack=26254 Win=86016 Len=0 TSval=3045560407 TSecr=2916040628"
"56304","36.553585244","192.168.1.55","192.168.1.2","TCP","1514","8004  >  36694 [ACK] Seq=45078 Ack=141 Win=65024 Len=1448 TSval=2916040634 TSecr=3045560407 [TCP segment of a reassembled PDU]"
"56305","36.553587096","192.168.1.55","192.168.1.2","TCP","1514","8004  >  36694 [ACK] Seq=46526 Ack=141 Win=65024 Len=1448 TSval=2916040634 TSecr=3045560407 [TCP segment of a reassembled PDU]"
"56306","36.553588911","192.168.1.55","192.168.1.2","TCP","1514","8004  >  36694 [ACK] Seq=47974 Ack=141 Win=65024 Len=1448 TSval=2916040634 TSecr=3045560407 [TCP segment of a reassembled PDU]"
"56307","36.553590855","192.168.1.55","192.168.1.2","TCP","1514","8004  >  36694 [ACK] Seq=49422 Ack=141 Win=65024 Len=1448 TSval=2916040634 TSecr=3045560407 [TCP segment of a reassembled PDU]"
"56308","36.553592152","192.168.1.55","192.168.1.2","TCP","1514","8004  >  36694 [ACK] Seq=50870 Ack=141 Win=65024 Len=1448 TSval=2916040634 TSecr=3045560407 [TCP segment of a reassembled PDU]"
"56309","36.553593411","192.168.1.55","192.168.1.2","TCP","1514","8004  >  36694 [ACK] Seq=52318 Ack=141 Win=65024 Len=1448 TSval=2916040634 TSecr=3045560407 [TCP segment of a reassembled PDU]"
"56310","36.553594689","192.168.1.55","192.168.1.2","TCP","1514","8004  >  36694 [ACK] Seq=53766 Ack=141 Win=65024 Len=1448 TSval=2916040634 TSecr=3045560407 [TCP segment of a reassembled PDU]"
"56311","36.553596133","192.168.1.55","192.168.1.2","TCP","1514","8004  >  36694 [ACK] Seq=55214 Ack=141 Win=65024 Len=1448 TSval=2916040634 TSecr=3045560407 [TCP segment of a reassembled PDU]"
"56312","36.553597652","192.168.1.55","192.168.1.2","TCP","1514","8004  >  36694 [ACK] Seq=56662 Ack=141 Win=65024 Len=1448 TSval=2916040634 TSecr=3045560407 [TCP segment of a reassembled PDU]"
"56313","36.553600596","192.168.1.55","192.168.1.2","TCP","1514","8004  >  36694 [ACK] Seq=58110 Ack=141 Win=65024 Len=1448 TSval=2916040634 TSecr=3045560407 [TCP segment of a reassembled PDU]"
"56314","36.553602355","192.168.1.55","192.168.1.2","TCP","1514","8004  >  36694 [ACK] Seq=59558 Ack=141 Win=65024 Len=1448 TSval=2916040634 TSecr=3045560407 [TCP segment of a reassembled PDU]"
"56315","36.553603522","192.168.1.55","192.168.1.2","TCP","1514","8004  >  36694 [ACK] Seq=61006 Ack=141 Win=65024 Len=1448 TSval=2916040634 TSecr=3045560407 [TCP segment of a reassembled PDU]"
"56316","36.553604837","192.168.1.55","192.168.1.2","TCP","1514","8004  >  36694 [ACK] Seq=62454 Ack=141 Win=65024 Len=1448 TSval=2916040634 TSecr=3045560407 [TCP segment of a reassembled PDU]"
"56317","36.553606189","192.168.1.55","192.168.1.2","TCP","1514","8004  >  36694 [PSH, ACK] Seq=63902 Ack=141 Win=65024 Len=1448 TSval=2916040634 TSecr=3045560407 [TCP segment of a reassembled PDU]"
"56318","36.553612078","192.168.1.2","192.168.1.55","TCP","66","36694  >  8004 [ACK] Seq=141 Ack=36390 Win=76800 Len=0 TSval=3045560407 TSecr=2916040628"
"56319","36.553633430","192.168.1.55","192.168.1.2","TCP","1514","8004  >  36694 [ACK] Seq=65350 Ack=141 Win=65024 Len=1448 TSval=2916040634 TSecr=3045560407 [TCP segment of a reassembled PDU]"
"56320","36.553635411","192.168.1.55","192.168.1.2","TCP","1514","8004  >  36694 [ACK] Seq=66798 Ack=141 Win=65024 Len=1448 TSval=2916040634 TSecr=3045560407 [TCP segment of a reassembled PDU]"
"56321","36.553636967","192.168.1.55","192.168.1.2","TCP","1514","8004  >  36694 [ACK] Seq=68246 Ack=141 Win=65024 Len=1448 TSval=2916040634 TSecr=3045560407 [TCP segment of a reassembled PDU]"
"56322","36.553638170","192.168.1.55","192.168.1.2","TCP","1514","8004  >  36694 [ACK] Seq=69694 Ack=141 Win=65024 Len=1448 TSval=2916040634 TSecr=3045560407 [TCP segment of a reassembled PDU]"
"56323","36.553639485","192.168.1.55","192.168.1.2","TCP","1514","8004  >  36694 [ACK] Seq=71142 Ack=141 Win=65024 Len=1448 TSval=2916040634 TSecr=3045560407 [TCP segment of a reassembled PDU]"
"56324","36.553640837","192.168.1.55","192.168.1.2","TCP","1514","8004  >  36694 [ACK] Seq=72590 Ack=141 Win=65024 Len=1448 TSval=2916040634 TSecr=3045560407 [TCP segment of a reassembled PDU]"
"56325","36.553642337","192.168.1.55","192.168.1.2","TCP","1514","8004  >  36694 [ACK] Seq=74038 Ack=141 Win=65024 Len=1448 TSval=2916040634 TSecr=3045560407 [TCP segment of a reassembled PDU]"
"56326","36.553643837","192.168.1.55","192.168.1.2","TCP","1514","8004  >  36694 [PSH, ACK] Seq=75486 Ack=141 Win=65024 Len=1448 TSval=2916040634 TSecr=3045560407 [TCP segment of a reassembled PDU]"
"56327","36.553649781","192.168.1.2","192.168.1.55","TCP","66","36694  >  8004 [ACK] Seq=141 Ack=40734 Win=91136 Len=0 TSval=3045560408 TSecr=2916040628"
"56328","36.553657726","192.168.1.2","192.168.1.55","TCP","66","36694  >  8004 [ACK] Seq=141 Ack=42182 Win=92160 Len=0 TSval=3045560408 TSecr=2916040629"
"56329","36.554509912","192.168.1.55","192.168.1.2","TCP","1514","8004  >  36694 [ACK] Seq=76934 Ack=141 Win=65024 Len=1448 TSval=2916040635 TSecr=3045560408 [TCP segment of a reassembled PDU]"
"56330","36.554515209","192.168.1.55","192.168.1.2","TCP","1514","8004  >  36694 [ACK] Seq=78382 Ack=141 Win=65024 Len=1448 TSval=2916040635 TSecr=3045560408 [TCP segment of a reassembled PDU]"
"56331","36.554516653","192.168.1.55","192.168.1.2","TCP","1514","8004  >  36694 [ACK] Seq=79830 Ack=141 Win=65024 Len=1448 TSval=2916040635 TSecr=3045560408 [TCP segment of a reassembled PDU]"
"56332","36.554517931","192.168.1.55","192.168.1.2","TCP","1514","8004  >  36694 [ACK] Seq=81278 Ack=141 Win=65024 Len=1448 TSval=2916040635 TSecr=3045560408 [TCP segment of a reassembled PDU]"
"56333","36.554519375","192.168.1.55","192.168.1.2","TCP","1514","8004  >  36694 [ACK] Seq=82726 Ack=141 Win=65024 Len=1448 TSval=2916040635 TSecr=3045560408 [TCP segment of a reassembled PDU]"
"56334","36.554522190","192.168.1.55","192.168.1.2","TCP","1514","8004  >  36694 [ACK] Seq=84174 Ack=141 Win=65024 Len=1448 TSval=2916040635 TSecr=3045560408 [TCP segment of a reassembled PDU]"
"56335","36.554523857","192.168.1.55","192.168.1.2","TCP","1514","8004  >  36694 [ACK] Seq=85622 Ack=141 Win=65024 Len=1448 TSval=2916040635 TSecr=3045560408 [TCP segment of a reassembled PDU]"
"56336","36.554525505","192.168.1.55","192.168.1.2","TCP","1514","8004  >  36694 [ACK] Seq=87070 Ack=141 Win=65024 Len=1448 TSval=2916040635 TSecr=3045560408 [TCP segment of a reassembled PDU]"
"56337","36.554527820","192.168.1.55","192.168.1.2","TCP","1514","8004  >  36694 [ACK] Seq=88518 Ack=141 Win=65024 Len=1448 TSval=2916040635 TSecr=3045560408 [TCP segment of a reassembled PDU]"
"56338","36.554529746","192.168.1.55","192.168.1.2","TCP","1514","8004  >  36694 [ACK] Seq=89966 Ack=141 Win=65024 Len=1448 TSval=2916040635 TSecr=3045560408 [TCP segment of a reassembled PDU]"
"56339","36.554531412","192.168.1.55","192.168.1.2","TCP","1514","8004  >  36694 [ACK] Seq=91414 Ack=141 Win=65024 Len=1448 TSval=2916040635 TSecr=3045560408 [TCP segment of a reassembled PDU]"
"56340","36.554533764","192.168.1.55","192.168.1.2","TCP","1514","8004  >  36694 [ACK] Seq=92862 Ack=141 Win=65024 Len=1448 TSval=2916040635 TSecr=3045560408 [TCP segment of a reassembled PDU]"
"56341","36.554536042","192.168.1.55","192.168.1.2","TCP","1514","8004  >  36694 [ACK] Seq=94310 Ack=141 Win=65024 Len=1448 TSval=2916040635 TSecr=3045560408 [TCP segment of a reassembled PDU]"
"56342","36.554537524","192.168.1.55","192.168.1.2","TCP","1514","8004  >  36694 [PSH, ACK] Seq=95758 Ack=141 Win=65024 Len=1448 TSval=2916040635 TSecr=3045560408 [TCP segment of a reassembled PDU]"
"56343","36.554548709","192.168.1.55","192.168.1.2","TCP","1514","8004  >  36694 [ACK] Seq=97206 Ack=141 Win=65024 Len=1448 TSval=2916040635 TSecr=3045560408 [TCP segment of a reassembled PDU]"
"56344","36.554549950","192.168.1.55","192.168.1.2","TCP","1514","8004  >  36694 [PSH, ACK] Seq=98654 Ack=141 Win=65024 Len=1448 TSval=2916040635 TSecr=3045560408 [TCP segment of a reassembled PDU]"
"56345","36.559610217","192.168.1.2","192.168.1.55","TCP","66","36694  >  8004 [ACK] Seq=141 Ack=43630 Win=92160 Len=0 TSval=3045560411 TSecr=2916040634"
"56346","36.559636476","192.168.1.55","192.168.1.2","TCP","1514","8004  >  36694 [ACK] Seq=100102 Ack=141 Win=65024 Len=1448 TSval=2916040640 TSecr=3045560411 [TCP segment of a reassembled PDU]"
"56347","36.559640236","192.168.1.55","192.168.1.2","TCP","1514","8004  >  36694 [PSH, ACK] Seq=101550 Ack=141 Win=65024 Len=1448 TSval=2916040640 TSecr=3045560411 [TCP segment of a reassembled PDU]"
"56348","36.559816051","192.168.1.2","192.168.1.55","TCP","66","36694  >  8004 [ACK] Seq=141 Ack=45078 Win=92160 Len=0 TSval=3045560411 TSecr=2916040634"
"56349","36.561566368","192.168.1.2","192.168.1.55","TCP","66","36694  >  8004 [ACK] Seq=141 Ack=49422 Win=89088 Len=0 TSval=3045560413 TSecr=2916040634"
"56350","36.561582294","192.168.1.55","192.168.1.2","TCP","1514","8004  >  36694 [ACK] Seq=102998 Ack=141 Win=65024 Len=1448 TSval=2916040642 TSecr=3045560413 [TCP segment of a reassembled PDU]"
"56351","36.561584998","192.168.1.55","192.168.1.2","TCP","1514","8004  >  36694 [ACK] Seq=104446 Ack=141 Win=65024 Len=1448 TSval=2916040642 TSecr=3045560413 [TCP segment of a reassembled PDU]"
"56352","36.561586424","192.168.1.55","192.168.1.2","TCP","1514","8004  >  36694 [ACK] Seq=105894 Ack=141 Win=65024 Len=1448 TSval=2916040642 TSecr=3045560413 [TCP segment of a reassembled PDU]"
"56353","36.561587813","192.168.1.55","192.168.1.2","TCP","1514","8004  >  36694 [ACK] Seq=107342 Ack=141 Win=65024 Len=1448 TSval=2916040642 TSecr=3045560413 [TCP segment of a reassembled PDU]"
"56354","36.561589053","192.168.1.55","192.168.1.2","TCP","1514","8004  >  36694 [ACK] Seq=108790 Ack=141 Win=65024 Len=1448 TSval=2916040642 TSecr=3045560413 [TCP segment of a reassembled PDU]"
"56355","36.561590294","192.168.1.55","192.168.1.2","TCP","1514","8004  >  36694 [ACK] Seq=110238 Ack=141 Win=65024 Len=1448 TSval=2916040642 TSecr=3045560413 [TCP segment of a reassembled PDU]"
"56356","36.561591609","192.168.1.55","192.168.1.2","TCP","1514","8004  >  36694 [ACK] Seq=111686 Ack=141 Win=65024 Len=1448 TSval=2916040642 TSecr=3045560413 [TCP segment of a reassembled PDU]"
"56357","36.561592942","192.168.1.55","192.168.1.2","TCP","1514","8004  >  36694 [PSH, ACK] Seq=113134 Ack=141 Win=65024 Len=1448 TSval=2916040642 TSecr=3045560413 [TCP segment of a reassembled PDU]"
"56358","36.562002184","192.168.1.2","192.168.1.55","TCP","66","36694  >  8004 [ACK] Seq=141 Ack=52318 Win=93184 Len=0 TSval=3045560415 TSecr=2916040634"
"56359","36.562011573","192.168.1.55","192.168.1.2","TCP","1514","8004  >  36694 [PSH, ACK] Seq=114582 Ack=141 Win=65024 Len=1448 TSval=2916040642 TSecr=3045560415 [TCP segment of a reassembled PDU]"
"56360","36.562016387","192.168.1.2","192.168.1.55","TCP","66","36694  >  8004 [ACK] Seq=141 Ack=65350 Win=80896 Len=0 TSval=3045560415 TSecr=2916040634"
"56361","36.562045499","192.168.1.55","192.168.1.2","TCP","1514","8004  >  36694 [ACK] Seq=116030 Ack=141 Win=65024 Len=1448 TSval=2916040642 TSecr=3045560415 [TCP segment of a reassembled PDU]"
"56362","36.562047184","192.168.1.55","192.168.1.2","TCP","1514","8004  >  36694 [ACK] Seq=117478 Ack=141 Win=65024 Len=1448 TSval=2916040642 TSecr=3045560415 [TCP segment of a reassembled PDU]"
"56363","36.562048480","192.168.1.55","192.168.1.2","TCP","1514","8004  >  36694 [ACK] Seq=118926 Ack=141 Win=65024 Len=1448 TSval=2916040642 TSecr=3045560415 [TCP segment of a reassembled PDU]"
"56364","36.562049888","192.168.1.55","192.168.1.2","TCP","1514","8004  >  36694 [ACK] Seq=120374 Ack=141 Win=65024 Len=1448 TSval=2916040642 TSecr=3045560415 [TCP segment of a reassembled PDU]"
"56365","36.562051239","192.168.1.55","192.168.1.2","TCP","1514","8004  >  36694 [ACK] Seq=121822 Ack=141 Win=65024 Len=1448 TSval=2916040642 TSecr=3045560415 [TCP segment of a reassembled PDU]"
"56366","36.562052554","192.168.1.55","192.168.1.2","TCP","1514","8004  >  36694 [ACK] Seq=123270 Ack=141 Win=65024 Len=1448 TSval=2916040642 TSecr=3045560415 [TCP segment of a reassembled PDU]"
"56367","36.562053999","192.168.1.55","192.168.1.2","TCP","1514","8004  >  36694 [ACK] Seq=124718 Ack=141 Win=65024 Len=1448 TSval=2916040642 TSecr=3045560415 [TCP segment of a reassembled PDU]"
"56368","36.562055406","192.168.1.55","192.168.1.2","TCP","1514","8004  >  36694 [ACK] Seq=126166 Ack=141 Win=65024 Len=1448 TSval=2916040642 TSecr=3045560415 [TCP segment of a reassembled PDU]"
"56369","36.562056776","192.168.1.55","192.168.1.2","TCP","1514","8004  >  36694 [ACK] Seq=127614 Ack=141 Win=65024 Len=1448 TSval=2916040642 TSecr=3045560415 [TCP segment of a reassembled PDU]"
"56370","36.562058128","192.168.1.55","192.168.1.2","TCP","1514","8004  >  36694 [ACK] Seq=129062 Ack=141 Win=65024 Len=1448 TSval=2916040642 TSecr=3045560415 [TCP segment of a reassembled PDU]"
"56371","36.562059425","192.168.1.55","192.168.1.2","TCP","1514","8004  >  36694 [ACK] Seq=130510 Ack=141 Win=65024 Len=1448 TSval=2916040642 TSecr=3045560415 [TCP segment of a reassembled PDU]"
"56372","36.562060739","192.168.1.55","192.168.1.2","TCP","1514","8004  >  36694 [ACK] Seq=131958 Ack=141 Win=65024 Len=1448 TSval=2916040642 TSecr=3045560415 [TCP segment of a reassembled PDU]"
"56373","36.562062073","192.168.1.55","192.168.1.2","TCP","1514","8004  >  36694 [ACK] Seq=133406 Ack=141 Win=65024 Len=1448 TSval=2916040642 TSecr=3045560415 [TCP segment of a reassembled PDU]"
"56374","36.562063313","192.168.1.55","192.168.1.2","TCP","1514","8004  >  36694 [ACK] Seq=134854 Ack=141 Win=65024 Len=1448 TSval=2916040642 TSecr=3045560415 [TCP segment of a reassembled PDU]"
"56375","36.562065054","192.168.1.55","192.168.1.2","TCP","1514","8004  >  36694 [ACK] Seq=136302 Ack=141 Win=65024 Len=1448 TSval=2916040642 TSecr=3045560415 [TCP segment of a reassembled PDU]"
"56376","36.562066351","192.168.1.55","192.168.1.2","TCP","1514","8004  >  36694 [ACK] Seq=137750 Ack=141 Win=65024 Len=1448 TSval=2916040642 TSecr=3045560415 [TCP segment of a reassembled PDU]"
"56377","36.562067702","192.168.1.55","192.168.1.2","TCP","1514","8004  >  36694 [ACK] Seq=139198 Ack=141 Win=65024 Len=1448 TSval=2916040642 TSecr=3045560415 [TCP segment of a reassembled PDU]"
"56378","36.562069110","192.168.1.55","192.168.1.2","TCP","1514","8004  >  36694 [ACK] Seq=140646 Ack=141 Win=65024 Len=1448 TSval=2916040642 TSecr=3045560415 [TCP segment of a reassembled PDU]"
"56379","36.562070499","192.168.1.55","192.168.1.2","TCP","1514","8004  >  36694 [ACK] Seq=142094 Ack=141 Win=65024 Len=1448 TSval=2916040642 TSecr=3045560415 [TCP segment of a reassembled PDU]"
"56380","36.562071795","192.168.1.55","192.168.1.2","TCP","1514","8004  >  36694 [ACK] Seq=143542 Ack=141 Win=65024 Len=1448 TSval=2916040642 TSecr=3045560415 [TCP segment of a reassembled PDU]"
"56381","36.562073110","192.168.1.55","192.168.1.2","TCP","1322","[TCP Window Full] 8004  >  36694 [PSH, ACK] Seq=144990 Ack=141 Win=65024 Len=1256 TSval=2916040642 TSecr=3045560415 [TCP segment of a reassembled PDU]"
"56382","36.562077147","192.168.1.2","192.168.1.55","TCP","66","36694  >  8004 [ACK] Seq=141 Ack=76934 Win=69632 Len=0 TSval=3045560415 TSecr=2916040634"
"56383","36.562135536","192.168.1.2","192.168.1.55","TCP","66","36694  >  8004 [ACK] Seq=141 Ack=97206 Win=50176 Len=0 TSval=3045560415 TSecr=2916040635"
"56384","36.562139684","192.168.1.2","192.168.1.55","TCP","66","36694  >  8004 [ACK] Seq=141 Ack=100102 Win=48128 Len=0 TSval=3045560416 TSecr=2916040635"
"56385","36.562162036","192.168.1.55","192.168.1.2","TCP","1514","8004  >  36694 [ACK] Seq=146246 Ack=141 Win=65024 Len=1448 TSval=2916040642 TSecr=3045560416 [TCP segment of a reassembled PDU]"
"56386","36.565190022","192.168.1.2","192.168.1.55","TCP","66","36694  >  8004 [ACK] Seq=141 Ack=102998 Win=92160 Len=0 TSval=3045560417 TSecr=2916040640"
"56387","36.565203893","192.168.1.55","192.168.1.2","TCP","1514","8004  >  36694 [ACK] Seq=147694 Ack=141 Win=65024 Len=1448 TSval=2916040645 TSecr=3045560417 [TCP segment of a reassembled PDU]"
"56388","36.565206337","192.168.1.55","192.168.1.2","TCP","1514","8004  >  36694 [ACK] Seq=149142 Ack=141 Win=65024 Len=1448 TSval=2916040645 TSecr=3045560417 [TCP segment of a reassembled PDU]"
"56389","36.565207559","192.168.1.55","192.168.1.2","TCP","1514","8004  >  36694 [ACK] Seq=150590 Ack=141 Win=65024 Len=1448 TSval=2916040645 TSecr=3045560417 [TCP segment of a reassembled PDU]"
"56390","36.565208800","192.168.1.55","192.168.1.2","TCP","1514","8004  >  36694 [ACK] Seq=152038 Ack=141 Win=65024 Len=1448 TSval=2916040645 TSecr=3045560417 [TCP segment of a reassembled PDU]"
"56391","36.565210078","192.168.1.55","192.168.1.2","TCP","1514","8004  >  36694 [PSH, ACK] Seq=153486 Ack=141 Win=65024 Len=1448 TSval=2916040645 TSecr=3045560417 [TCP segment of a reassembled PDU]"
"56392","36.565215059","192.168.1.55","192.168.1.2","TCP","258","8004  >  36694 [ACK] Seq=154934 Ack=141 Win=65024 Len=192 TSval=2916040645 TSecr=3045560417 [TCP segment of a reassembled PDU]"
"56393","36.565244707","192.168.1.55","192.168.1.2","TCP","1514","8004  >  36694 [ACK] Seq=155126 Ack=141 Win=65024 Len=1448 TSval=2916040645 TSecr=3045560417 [TCP segment of a reassembled PDU]"
"56394","36.565246078","192.168.1.55","192.168.1.2","TCP","1514","8004  >  36694 [ACK] Seq=156574 Ack=141 Win=65024 Len=1448 TSval=2916040645 TSecr=3045560417 [TCP segment of a reassembled PDU]"
"56395","36.565247411","192.168.1.55","192.168.1.2","TCP","1514","8004  >  36694 [ACK] Seq=158022 Ack=141 Win=65024 Len=1448 TSval=2916040645 TSecr=3045560417 [TCP segment of a reassembled PDU]"
"56396","36.565248726","192.168.1.55","192.168.1.2","TCP","1514","8004  >  36694 [ACK] Seq=159470 Ack=141 Win=65024 Len=1448 TSval=2916040645 TSecr=3045560417 [TCP segment of a reassembled PDU]"
"56397","36.565250170","192.168.1.55","192.168.1.2","TCP","1514","8004  >  36694 [ACK] Seq=160918 Ack=141 Win=65024 Len=1448 TSval=2916040645 TSecr=3045560417 [TCP segment of a reassembled PDU]"
"56398","36.565251615","192.168.1.55","192.168.1.2","TCP","1514","8004  >  36694 [ACK] Seq=162366 Ack=141 Win=65024 Len=1448 TSval=2916040645 TSecr=3045560417 [TCP segment of a reassembled PDU]"
"56399","36.565252874","192.168.1.55","192.168.1.2","TCP","1514","8004  >  36694 [ACK] Seq=163814 Ack=141 Win=65024 Len=1448 TSval=2916040645 TSecr=3045560417 [TCP segment of a reassembled PDU]"
"56400","36.565254170","192.168.1.55","192.168.1.2","TCP","1514","8004  >  36694 [ACK] Seq=165262 Ack=141 Win=65024 Len=1448 TSval=2916040645 TSecr=3045560417 [TCP segment of a reassembled PDU]"
"56401","36.565255504","192.168.1.55","192.168.1.2","TCP","1514","8004  >  36694 [ACK] Seq=166710 Ack=141 Win=65024 Len=1448 TSval=2916040645 TSecr=3045560417 [TCP segment of a reassembled PDU]"
"56402","36.565256745","192.168.1.55","192.168.1.2","TCP","1514","8004  >  36694 [ACK] Seq=168158 Ack=141 Win=65024 Len=1448 TSval=2916040645 TSecr=3045560417 [TCP segment of a reassembled PDU]"
"56403","36.565258115","192.168.1.55","192.168.1.2","TCP","1514","8004  >  36694 [ACK] Seq=169606 Ack=141 Win=65024 Len=1448 TSval=2916040645 TSecr=3045560417 [TCP segment of a reassembled PDU]"
"56404","36.565259448","192.168.1.55","192.168.1.2","TCP","1514","8004  >  36694 [ACK] Seq=171054 Ack=141 Win=65024 Len=1448 TSval=2916040645 TSecr=3045560417 [TCP segment of a reassembled PDU]"
"56405","36.565260745","192.168.1.55","192.168.1.2","TCP","1514","8004  >  36694 [ACK] Seq=172502 Ack=141 Win=65024 Len=1448 TSval=2916040645 TSecr=3045560417 [TCP segment of a reassembled PDU]"
"56406","36.565262041","192.168.1.55","192.168.1.2","TCP","1514","8004  >  36694 [ACK] Seq=173950 Ack=141 Win=65024 Len=1448 TSval=2916040645 TSecr=3045560417 [TCP segment of a reassembled PDU]"
"56407","36.565263282","192.168.1.55","192.168.1.2","TCP","1514","8004  >  36694 [ACK] Seq=175398 Ack=141 Win=65024 Len=1448 TSval=2916040645 TSecr=3045560417 [TCP segment of a reassembled PDU]"
"56408","36.565264596","192.168.1.55","192.168.1.2","TCP","1514","8004  >  36694 [ACK] Seq=176846 Ack=141 Win=65024 Len=1448 TSval=2916040645 TSecr=3045560417 [TCP segment of a reassembled PDU]"
"56409","36.565265782","192.168.1.55","192.168.1.2","TCP","1514","8004  >  36694 [ACK] Seq=178294 Ack=141 Win=65024 Len=1448 TSval=2916040645 TSecr=3045560417 [TCP segment of a reassembled PDU]"
"56410","36.565267226","192.168.1.55","192.168.1.2","TCP","1514","8004  >  36694 [ACK] Seq=179742 Ack=141 Win=65024 Len=1448 TSval=2916040645 TSecr=3045560417 [TCP segment of a reassembled PDU]"
"56411","36.565268874","192.168.1.55","192.168.1.2","TCP","1514","8004  >  36694 [ACK] Seq=181190 Ack=141 Win=65024 Len=1448 TSval=2916040645 TSecr=3045560417 [TCP segment of a reassembled PDU]"
"56412","36.565270189","192.168.1.55","192.168.1.2","TCP","1514","8004  >  36694 [ACK] Seq=182638 Ack=141 Win=65024 Len=1448 TSval=2916040645 TSecr=3045560417 [TCP segment of a reassembled PDU]"
"56413","36.565271578","192.168.1.55","192.168.1.2","TCP","1514","8004  >  36694 [ACK] Seq=184086 Ack=141 Win=65024 Len=1448 TSval=2916040645 TSecr=3045560417 [TCP segment of a reassembled PDU]"
"56414","36.565272911","192.168.1.55","192.168.1.2","TCP","1514","8004  >  36694 [ACK] Seq=185534 Ack=141 Win=65024 Len=1448 TSval=2916040645 TSecr=3045560417 [TCP segment of a reassembled PDU]"
"56415","36.565274411","192.168.1.55","192.168.1.2","TCP","1514","8004  >  36694 [ACK] Seq=186982 Ack=141 Win=65024 Len=1448 TSval=2916040645 TSecr=3045560417 [TCP segment of a reassembled PDU]"
"56416","36.565276078","192.168.1.55","192.168.1.2","TCP","1514","8004  >  36694 [ACK] Seq=188430 Ack=141 Win=65024 Len=1448 TSval=2916040645 TSecr=3045560417 [TCP segment of a reassembled PDU]"
"56417","36.565277337","192.168.1.55","192.168.1.2","TCP","1514","8004  >  36694 [ACK] Seq=189878 Ack=141 Win=65024 Len=1448 TSval=2916040645 TSecr=3045560417 [TCP segment of a reassembled PDU]"
"56418","36.565278726","192.168.1.55","192.168.1.2","TCP","1514","8004  >  36694 [ACK] Seq=191326 Ack=141 Win=65024 Len=1448 TSval=2916040645 TSecr=3045560417 [TCP segment of a reassembled PDU]"
"56419","36.565279967","192.168.1.55","192.168.1.2","TCP","1514","8004  >  36694 [PSH, ACK] Seq=192774 Ack=141 Win=65024 Len=1448 TSval=2916040645 TSecr=3045560417 [TCP segment of a reassembled PDU]"
"56420","36.569128380","192.168.1.2","192.168.1.55","TCP","66","36694  >  8004 [ACK] Seq=141 Ack=114582 Win=86016 Len=0 TSval=3045560420 TSecr=2916040642"
"56421","36.569148806","192.168.1.55","192.168.1.2","TCP","1514","8004  >  36694 [ACK] Seq=194222 Ack=141 Win=65024 Len=1448 TSval=2916040649 TSecr=3045560420 [TCP segment of a reassembled PDU]"
"56422","36.569152158","192.168.1.55","192.168.1.2","TCP","1514","8004  >  36694 [ACK] Seq=195670 Ack=141 Win=65024 Len=1448 TSval=2916040649 TSecr=3045560420 [TCP segment of a reassembled PDU]"
"56423","36.569153547","192.168.1.55","192.168.1.2","TCP","1514","8004  >  36694 [ACK] Seq=197118 Ack=141 Win=65024 Len=1448 TSval=2916040649 TSecr=3045560420 [TCP segment of a reassembled PDU]"
"56424","36.569154751","192.168.1.55","192.168.1.2","TCP","1514","8004  >  36694 [PSH, ACK] Seq=198566 Ack=141 Win=65024 Len=1448 TSval=2916040649 TSecr=3045560420 [TCP segment of a reassembled PDU]"
"56425","36.569232066","192.168.1.2","192.168.1.55","TCP","66","36694  >  8004 [ACK] Seq=141 Ack=127614 Win=73728 Len=0 TSval=3045560421 TSecr=2916040642"
"56426","36.569239455","192.168.1.2","192.168.1.55","TCP","66","36694  >  8004 [ACK] Seq=141 Ack=137750 Win=64512 Len=0 TSval=3045560421 TSecr=2916040642"
"56427","36.570774957","192.168.1.2","192.168.1.55","TCP","66","36694  >  8004 [ACK] Seq=141 Ack=144990 Win=90112 Len=0 TSval=3045560424 TSecr=2916040642"
"56428","36.570804976","192.168.1.55","192.168.1.2","TCP","1514","8004  >  36694 [ACK] Seq=200014 Ack=141 Win=65024 Len=1448 TSval=2916040651 TSecr=3045560424 [TCP segment of a reassembled PDU]"
"56429","36.570807439","192.168.1.55","192.168.1.2","TCP","1514","8004  >  36694 [ACK] Seq=201462 Ack=141 Win=65024 Len=1448 TSval=2916040651 TSecr=3045560424 [TCP segment of a reassembled PDU]"
"56430","36.570808679","192.168.1.55","192.168.1.2","TCP","1514","8004  >  36694 [ACK] Seq=202910 Ack=141 Win=65024 Len=1448 TSval=2916040651 TSecr=3045560424 [TCP segment of a reassembled PDU]"
"56431","36.570809957","192.168.1.55","192.168.1.2","TCP","1514","8004  >  36694 [ACK] Seq=204358 Ack=141 Win=65024 Len=1448 TSval=2916040651 TSecr=3045560424 [TCP segment of a reassembled PDU]"
"56432","36.570811272","192.168.1.55","192.168.1.2","TCP","1514","8004  >  36694 [ACK] Seq=205806 Ack=141 Win=65024 Len=1448 TSval=2916040651 TSecr=3045560424 [TCP segment of a reassembled PDU]"
"56433","36.570812513","192.168.1.55","192.168.1.2","TCP","1514","8004  >  36694 [ACK] Seq=207254 Ack=141 Win=65024 Len=1448 TSval=2916040651 TSecr=3045560424 [TCP segment of a reassembled PDU]"
"56434","36.570813753","192.168.1.55","192.168.1.2","TCP","1514","8004  >  36694 [ACK] Seq=208702 Ack=141 Win=65024 Len=1448 TSval=2916040651 TSecr=3045560424 [TCP segment of a reassembled PDU]"
"56435","36.570815179","192.168.1.55","192.168.1.2","TCP","1514","8004  >  36694 [ACK] Seq=210150 Ack=141 Win=65024 Len=1448 TSval=2916040651 TSecr=3045560424 [TCP segment of a reassembled PDU]"
"56436","36.570816420","192.168.1.55","192.168.1.2","TCP","1514","8004  >  36694 [ACK] Seq=211598 Ack=141 Win=65024 Len=1448 TSval=2916040651 TSecr=3045560424 [TCP segment of a reassembled PDU]"
"56437","36.570823031","192.168.1.55","192.168.1.2","TCP","1514","8004  >  36694 [ACK] Seq=213046 Ack=141 Win=65024 Len=1448 TSval=2916040651 TSecr=3045560424 [TCP segment of a reassembled PDU]"
"56438","36.570824531","192.168.1.55","192.168.1.2","TCP","1514","8004  >  36694 [ACK] Seq=214494 Ack=141 Win=65024 Len=1448 TSval=2916040651 TSecr=3045560424 [TCP segment of a reassembled PDU]"
"56439","36.570825865","192.168.1.55","192.168.1.2","TCP","1514","8004  >  36694 [ACK] Seq=215942 Ack=141 Win=65024 Len=1448 TSval=2916040651 TSecr=3045560424 [TCP segment of a reassembled PDU]"
"56440","36.570827531","192.168.1.55","192.168.1.2","TCP","1514","8004  >  36694 [ACK] Seq=217390 Ack=141 Win=65024 Len=1448 TSval=2916040651 TSecr=3045560424 [TCP segment of a reassembled PDU]"
"56441","36.570828753","192.168.1.55","192.168.1.2","TCP","1514","8004  >  36694 [ACK] Seq=218838 Ack=141 Win=65024 Len=1448 TSval=2916040651 TSecr=3045560424 [TCP segment of a reassembled PDU]"
"56442","36.570830087","192.168.1.55","192.168.1.2","TCP","1514","8004  >  36694 [ACK] Seq=220286 Ack=141 Win=65024 Len=1448 TSval=2916040651 TSecr=3045560424 [TCP segment of a reassembled PDU]"
"56443","36.570831439","192.168.1.55","192.168.1.2","TCP","1514","8004  >  36694 [ACK] Seq=221734 Ack=141 Win=65024 Len=1448 TSval=2916040651 TSecr=3045560424 [TCP segment of a reassembled PDU]"
"56444","36.570832754","192.168.1.55","192.168.1.2","TCP","1514","8004  >  36694 [ACK] Seq=223182 Ack=141 Win=65024 Len=1448 TSval=2916040651 TSecr=3045560424 [TCP segment of a reassembled PDU]"
"56445","36.570833976","192.168.1.55","192.168.1.2","TCP","1514","8004  >  36694 [ACK] Seq=224630 Ack=141 Win=65024 Len=1448 TSval=2916040651 TSecr=3045560424 [TCP segment of a reassembled PDU]"
"56446","36.570835642","192.168.1.55","192.168.1.2","TCP","1514","8004  >  36694 [ACK] Seq=226078 Ack=141 Win=65024 Len=1448 TSval=2916040651 TSecr=3045560424 [TCP segment of a reassembled PDU]"
"56447","36.570837013","192.168.1.55","192.168.1.2","TCP","1514","8004  >  36694 [ACK] Seq=227526 Ack=141 Win=65024 Len=1448 TSval=2916040651 TSecr=3045560424 [TCP segment of a reassembled PDU]"
"56448","36.570838216","192.168.1.55","192.168.1.2","TCP","1514","8004  >  36694 [ACK] Seq=228974 Ack=141 Win=65024 Len=1448 TSval=2916040651 TSecr=3045560424 [TCP segment of a reassembled PDU]"
"56449","36.570839531","192.168.1.55","192.168.1.2","TCP","1514","8004  >  36694 [ACK] Seq=230422 Ack=141 Win=65024 Len=1448 TSval=2916040651 TSecr=3045560424 [TCP segment of a reassembled PDU]"
"56450","36.570840828","192.168.1.55","192.168.1.2","TCP","1514","8004  >  36694 [ACK] Seq=231870 Ack=141 Win=65024 Len=1448 TSval=2916040651 TSecr=3045560424 [TCP segment of a reassembled PDU]"
"56451","36.570842124","192.168.1.55","192.168.1.2","TCP","1514","8004  >  36694 [PSH, ACK] Seq=233318 Ack=141 Win=65024 Len=1448 TSval=2916040651 TSecr=3045560424 [TCP segment of a reassembled PDU]"
"56452","36.570937809","192.168.1.2","192.168.1.55","TCP","66","36694  >  8004 [ACK] Seq=141 Ack=146246 Win=95232 Len=0 TSval=3045560425 TSecr=2916040642"
"56453","36.570944865","192.168.1.2","192.168.1.55","TCP","66","36694  >  8004 [ACK] Seq=141 Ack=155126 Win=90112 Len=0 TSval=3045560425 TSecr=2916040642"
"56454","36.570958346","192.168.1.55","192.168.1.2","TCP","1514","8004  >  36694 [ACK] Seq=234766 Ack=141 Win=65024 Len=1448 TSval=2916040651 TSecr=3045560425 [TCP segment of a reassembled PDU]"
"56455","36.570959920","192.168.1.55","192.168.1.2","TCP","1514","8004  >  36694 [ACK] Seq=236214 Ack=141 Win=65024 Len=1448 TSval=2916040651 TSecr=3045560425 [TCP segment of a reassembled PDU]"
"56456","36.570961328","192.168.1.55","192.168.1.2","TCP","1514","8004  >  36694 [ACK] Seq=237662 Ack=141 Win=65024 Len=1448 TSval=2916040651 TSecr=3045560425 [TCP segment of a reassembled PDU]"
"56457","36.570962569","192.168.1.55","192.168.1.2","TCP","1514","8004  >  36694 [ACK] Seq=239110 Ack=141 Win=65024 Len=1448 TSval=2916040651 TSecr=3045560425 [TCP segment of a reassembled PDU]"
"56458","36.570963754","192.168.1.55","192.168.1.2","TCP","1514","8004  >  36694 [ACK] Seq=240558 Ack=141 Win=65024 Len=1448 TSval=2916040651 TSecr=3045560425 [TCP segment of a reassembled PDU]"
"56459","36.570965013","192.168.1.55","192.168.1.2","TCP","1514","8004  >  36694 [ACK] Seq=242006 Ack=141 Win=65024 Len=1448 TSval=2916040651 TSecr=3045560425 [TCP segment of a reassembled PDU]"
"56460","36.570966328","192.168.1.55","192.168.1.2","TCP","1514","8004  >  36694 [PSH, ACK] Seq=243454 Ack=141 Win=65024 Len=1448 TSval=2916040651 TSecr=3045560425 [TCP segment of a reassembled PDU]"
"56461","36.570970254","192.168.1.2","192.168.1.55","TCP","66","36694  >  8004 [ACK] Seq=141 Ack=192774 Win=61440 Len=0 TSval=3045560425 TSecr=2916040645"
"56462","36.574210185","192.168.1.2","192.168.1.55","TCP","66","36694  >  8004 [ACK] Seq=141 Ack=194222 Win=96256 Len=0 TSval=3045560427 TSecr=2916040645"
"56463","36.574245833","192.168.1.55","192.168.1.2","TCP","1514","8004  >  36694 [ACK] Seq=244902 Ack=141 Win=65024 Len=1448 TSval=2916040654 TSecr=3045560427 [TCP segment of a reassembled PDU]"
"56464","36.574248166","192.168.1.55","192.168.1.2","TCP","1514","8004  >  36694 [ACK] Seq=246350 Ack=141 Win=65024 Len=1448 TSval=2916040654 TSecr=3045560427 [TCP segment of a reassembled PDU]"
"56465","36.574249463","192.168.1.55","192.168.1.2","TCP","1514","8004  >  36694 [ACK] Seq=247798 Ack=141 Win=65024 Len=1448 TSval=2916040654 TSecr=3045560427 [TCP segment of a reassembled PDU]"
"56466","36.574250796","192.168.1.55","192.168.1.2","TCP","1514","8004  >  36694 [ACK] Seq=249246 Ack=141 Win=65024 Len=1448 TSval=2916040654 TSecr=3045560427 [TCP segment of a reassembled PDU]"
"56467","36.574252111","192.168.1.55","192.168.1.2","TCP","1514","8004  >  36694 [ACK] Seq=250694 Ack=141 Win=65024 Len=1448 TSval=2916040654 TSecr=3045560427 [TCP segment of a reassembled PDU]"
"56468","36.574253518","192.168.1.55","192.168.1.2","TCP","1514","8004  >  36694 [ACK] Seq=252142 Ack=141 Win=65024 Len=1448 TSval=2916040654 TSecr=3045560427 [TCP segment of a reassembled PDU]"
"56469","36.574254815","192.168.1.55","192.168.1.2","TCP","1514","8004  >  36694 [ACK] Seq=253590 Ack=141 Win=65024 Len=1448 TSval=2916040654 TSecr=3045560427 [TCP segment of a reassembled PDU]"
"56470","36.574256148","192.168.1.55","192.168.1.2","TCP","1514","8004  >  36694 [ACK] Seq=255038 Ack=141 Win=65024 Len=1448 TSval=2916040654 TSecr=3045560427 [TCP segment of a reassembled PDU]"
"56471","36.574257537","192.168.1.55","192.168.1.2","TCP","1514","8004  >  36694 [ACK] Seq=256486 Ack=141 Win=65024 Len=1448 TSval=2916040654 TSecr=3045560427 [TCP segment of a reassembled PDU]"
"56472","36.574258833","192.168.1.55","192.168.1.2","TCP","1514","8004  >  36694 [ACK] Seq=257934 Ack=141 Win=65024 Len=1448 TSval=2916040654 TSecr=3045560427 [TCP segment of a reassembled PDU]"
"56473","36.574260259","192.168.1.55","192.168.1.2","TCP","1514","8004  >  36694 [ACK] Seq=259382 Ack=141 Win=65024 Len=1448 TSval=2916040654 TSecr=3045560427 [TCP segment of a reassembled PDU]"
"56474","36.574261574","192.168.1.55","192.168.1.2","TCP","1514","8004  >  36694 [ACK] Seq=260830 Ack=141 Win=65024 Len=1448 TSval=2916040654 TSecr=3045560427 [TCP segment of a reassembled PDU]"
"56475","36.574263000","192.168.1.55","192.168.1.2","TCP","1514","8004  >  36694 [ACK] Seq=262278 Ack=141 Win=65024 Len=1448 TSval=2916040654 TSecr=3045560427 [TCP segment of a reassembled PDU]"
"56476","36.574264407","192.168.1.55","192.168.1.2","TCP","1514","8004  >  36694 [ACK] Seq=263726 Ack=141 Win=65024 Len=1448 TSval=2916040654 TSecr=3045560427 [TCP segment of a reassembled PDU]"
"56477","36.574265778","192.168.1.55","192.168.1.2","TCP","1514","8004  >  36694 [ACK] Seq=265174 Ack=141 Win=65024 Len=1448 TSval=2916040654 TSecr=3045560427 [TCP segment of a reassembled PDU]"
"56478","36.574267463","192.168.1.55","192.168.1.2","TCP","1514","8004  >  36694 [ACK] Seq=266622 Ack=141 Win=65024 Len=1448 TSval=2916040654 TSecr=3045560427 [TCP segment of a reassembled PDU]"
"56479","36.574268870","192.168.1.55","192.168.1.2","TCP","1514","8004  >  36694 [ACK] Seq=268070 Ack=141 Win=65024 Len=1448 TSval=2916040654 TSecr=3045560427 [TCP segment of a reassembled PDU]"
"56480","36.574270278","192.168.1.55","192.168.1.2","TCP","1514","8004  >  36694 [ACK] Seq=269518 Ack=141 Win=65024 Len=1448 TSval=2916040654 TSecr=3045560427 [TCP segment of a reassembled PDU]"
"56481","36.574271833","192.168.1.55","192.168.1.2","TCP","1514","8004  >  36694 [ACK] Seq=270966 Ack=141 Win=65024 Len=1448 TSval=2916040654 TSecr=3045560427 [TCP segment of a reassembled PDU]"
"56482","36.574273278","192.168.1.55","192.168.1.2","TCP","1514","8004  >  36694 [ACK] Seq=272414 Ack=141 Win=65024 Len=1448 TSval=2916040654 TSecr=3045560427 [TCP segment of a reassembled PDU]"
"56483","36.574274778","192.168.1.55","192.168.1.2","TCP","1514","8004  >  36694 [ACK] Seq=273862 Ack=141 Win=65024 Len=1448 TSval=2916040654 TSecr=3045560427 [TCP segment of a reassembled PDU]"
"56484","36.574276148","192.168.1.55","192.168.1.2","TCP","1514","8004  >  36694 [ACK] Seq=275310 Ack=141 Win=65024 Len=1448 TSval=2916040654 TSecr=3045560427 [TCP segment of a reassembled PDU]"
"56485","36.574277592","192.168.1.55","192.168.1.2","TCP","1514","8004  >  36694 [ACK] Seq=276758 Ack=141 Win=65024 Len=1448 TSval=2916040654 TSecr=3045560427 [TCP segment of a reassembled PDU]"
"56486","36.574279074","192.168.1.55","192.168.1.2","TCP","1514","8004  >  36694 [ACK] Seq=278206 Ack=141 Win=65024 Len=1448 TSval=2916040654 TSecr=3045560427 [TCP segment of a reassembled PDU]"
"56487","36.574280370","192.168.1.55","192.168.1.2","TCP","1514","8004  >  36694 [ACK] Seq=279654 Ack=141 Win=65024 Len=1448 TSval=2916040654 TSecr=3045560427 [TCP segment of a reassembled PDU]"
"56488","36.574281722","192.168.1.55","192.168.1.2","TCP","1514","8004  >  36694 [ACK] Seq=281102 Ack=141 Win=65024 Len=1448 TSval=2916040654 TSecr=3045560427 [TCP segment of a reassembled PDU]"
"56489","36.574283129","192.168.1.55","192.168.1.2","TCP","1514","8004  >  36694 [ACK] Seq=282550 Ack=141 Win=65024 Len=1448 TSval=2916040654 TSecr=3045560427 [TCP segment of a reassembled PDU]"
"56490","36.574284463","192.168.1.55","192.168.1.2","TCP","1514","8004  >  36694 [ACK] Seq=283998 Ack=141 Win=65024 Len=1448 TSval=2916040654 TSecr=3045560427 [TCP segment of a reassembled PDU]"
"56491","36.574285963","192.168.1.55","192.168.1.2","TCP","1514","8004  >  36694 [ACK] Seq=285446 Ack=141 Win=65024 Len=1448 TSval=2916040654 TSecr=3045560427 [TCP segment of a reassembled PDU]"
"56492","36.574287296","192.168.1.55","192.168.1.2","TCP","1514","8004  >  36694 [ACK] Seq=286894 Ack=141 Win=65024 Len=1448 TSval=2916040654 TSecr=3045560427 [TCP segment of a reassembled PDU]"
"56493","36.574288741","192.168.1.55","192.168.1.2","TCP","1514","8004  >  36694 [PSH, ACK] Seq=288342 Ack=141 Win=65024 Len=1448 TSval=2916040654 TSecr=3045560427 [TCP segment of a reassembled PDU]"
"56494","36.574323926","192.168.1.2","192.168.1.55","TCP","66","36694  >  8004 [ACK] Seq=141 Ack=200014 Win=107520 Len=0 TSval=3045560427 TSecr=2916040649"
"56495","36.574349037","192.168.1.55","192.168.1.2","TCP","1514","8004  >  36694 [ACK] Seq=289790 Ack=141 Win=65024 Len=1448 TSval=2916040655 TSecr=3045560427 [TCP segment of a reassembled PDU]"
"56496","36.574351296","192.168.1.55","192.168.1.2","TCP","1514","8004  >  36694 [ACK] Seq=291238 Ack=141 Win=65024 Len=1448 TSval=2916040655 TSecr=3045560427 [TCP segment of a reassembled PDU]"
"56497","36.574352796","192.168.1.55","192.168.1.2","TCP","1514","8004  >  36694 [ACK] Seq=292686 Ack=141 Win=65024 Len=1448 TSval=2916040655 TSecr=3045560427 [TCP segment of a reassembled PDU]"
"56498","36.574354204","192.168.1.55","192.168.1.2","TCP","1514","8004  >  36694 [ACK] Seq=294134 Ack=141 Win=65024 Len=1448 TSval=2916040655 TSecr=3045560427 [TCP segment of a reassembled PDU]"
"56499","36.574355500","192.168.1.55","192.168.1.2","TCP","1514","8004  >  36694 [ACK] Seq=295582 Ack=141 Win=65024 Len=1448 TSval=2916040655 TSecr=3045560427 [TCP segment of a reassembled PDU]"
"56500","36.574357018","192.168.1.55","192.168.1.2","TCP","1514","8004  >  36694 [ACK] Seq=297030 Ack=141 Win=65024 Len=1448 TSval=2916040655 TSecr=3045560427 [TCP segment of a reassembled PDU]"
"56501","36.574358426","192.168.1.55","192.168.1.2","TCP","1514","8004  >  36694 [ACK] Seq=298478 Ack=141 Win=65024 Len=1448 TSval=2916040655 TSecr=3045560427 [TCP segment of a reassembled PDU]"
"56502","36.574359963","192.168.1.55","192.168.1.2","TCP","1514","8004  >  36694 [ACK] Seq=299926 Ack=141 Win=65024 Len=1448 TSval=2916040655 TSecr=3045560427 [TCP segment of a reassembled PDU]"
"56503","36.574361315","192.168.1.55","192.168.1.2","TCP","1514","8004  >  36694 [ACK] Seq=301374 Ack=141 Win=65024 Len=1448 TSval=2916040655 TSecr=3045560427 [TCP segment of a reassembled PDU]"
"56504","36.574362630","192.168.1.55","192.168.1.2","TCP","1514","8004  >  36694 [ACK] Seq=302822 Ack=141 Win=65024 Len=1448 TSval=2916040655 TSecr=3045560427 [TCP segment of a reassembled PDU]"
"56505","36.574364037","192.168.1.55","192.168.1.2","TCP","1514","8004  >  36694 [ACK] Seq=304270 Ack=141 Win=65024 Len=1448 TSval=2916040655 TSecr=3045560427 [TCP segment of a reassembled PDU]"
"56506","36.574365407","192.168.1.55","192.168.1.2","TCP","1514","8004  >  36694 [ACK] Seq=305718 Ack=141 Win=65024 Len=1448 TSval=2916040655 TSecr=3045560427 [TCP segment of a reassembled PDU]"
"56507","36.574366722","192.168.1.55","192.168.1.2","TCP","434","[TCP Window Full] 8004  >  36694 [PSH, ACK] Seq=307166 Ack=141 Win=65024 Len=368 TSval=2916040655 TSecr=3045560427 [TCP segment of a reassembled PDU]"
"56508","36.579263823","192.168.1.2","192.168.1.55","TCP","66","36694  >  8004 [ACK] Seq=141 Ack=234766 Win=138240 Len=0 TSval=3045560430 TSecr=2916040651"
"56509","36.579289804","192.168.1.55","192.168.1.2","TCP","1514","8004  >  36694 [ACK] Seq=307534 Ack=141 Win=65024 Len=1448 TSval=2916040659 TSecr=3045560430 [TCP segment of a reassembled PDU]"
"56510","36.579295971","192.168.1.55","192.168.1.2","TCP","1514","8004  >  36694 [ACK] Seq=308982 Ack=141 Win=65024 Len=1448 TSval=2916040659 TSecr=3045560430 [TCP segment of a reassembled PDU]"
"56511","36.579297360","192.168.1.55","192.168.1.2","TCP","1514","8004  >  36694 [ACK] Seq=310430 Ack=141 Win=65024 Len=1448 TSval=2916040659 TSecr=3045560430 [TCP segment of a reassembled PDU]"
"56512","36.579298675","192.168.1.55","192.168.1.2","TCP","1514","8004  >  36694 [ACK] Seq=311878 Ack=141 Win=65024 Len=1448 TSval=2916040659 TSecr=3045560430 [TCP segment of a reassembled PDU]"
"56513","36.579300304","192.168.1.55","192.168.1.2","TCP","1514","8004  >  36694 [ACK] Seq=313326 Ack=141 Win=65024 Len=1448 TSval=2916040659 TSecr=3045560430 [TCP segment of a reassembled PDU]"
"56514","36.579301693","192.168.1.55","192.168.1.2","TCP","1514","8004  >  36694 [ACK] Seq=314774 Ack=141 Win=65024 Len=1448 TSval=2916040659 TSecr=3045560430 [TCP segment of a reassembled PDU]"
"56515","36.579303082","192.168.1.55","192.168.1.2","TCP","1514","8004  >  36694 [ACK] Seq=316222 Ack=141 Win=65024 Len=1448 TSval=2916040659 TSecr=3045560430 [TCP segment of a reassembled PDU]"
"56516","36.579304508","192.168.1.55","192.168.1.2","TCP","1514","8004  >  36694 [ACK] Seq=317670 Ack=141 Win=65024 Len=1448 TSval=2916040659 TSecr=3045560430 [TCP segment of a reassembled PDU]"
"56517","36.579305878","192.168.1.55","192.168.1.2","TCP","1514","8004  >  36694 [ACK] Seq=319118 Ack=141 Win=65024 Len=1448 TSval=2916040659 TSecr=3045560430 [TCP segment of a reassembled PDU]"
"56518","36.579307230","192.168.1.55","192.168.1.2","TCP","1514","8004  >  36694 [ACK] Seq=320566 Ack=141 Win=65024 Len=1448 TSval=2916040659 TSecr=3045560430 [TCP segment of a reassembled PDU]"
"56519","36.579308619","192.168.1.55","192.168.1.2","TCP","1514","8004  >  36694 [ACK] Seq=322014 Ack=141 Win=65024 Len=1448 TSval=2916040659 TSecr=3045560430 [TCP segment of a reassembled PDU]"
"56520","36.579309915","192.168.1.55","192.168.1.2","TCP","1514","8004  >  36694 [ACK] Seq=323462 Ack=141 Win=65024 Len=1448 TSval=2916040659 TSecr=3045560430 [TCP segment of a reassembled PDU]"
"56521","36.579311230","192.168.1.55","192.168.1.2","TCP","1514","8004  >  36694 [ACK] Seq=324910 Ack=141 Win=65024 Len=1448 TSval=2916040659 TSecr=3045560430 [TCP segment of a reassembled PDU]"
"56522","36.579312600","192.168.1.55","192.168.1.2","TCP","1514","8004  >  36694 [ACK] Seq=326358 Ack=141 Win=65024 Len=1448 TSval=2916040659 TSecr=3045560430 [TCP segment of a reassembled PDU]"
"56523","36.579314434","192.168.1.55","192.168.1.2","TCP","1514","8004  >  36694 [ACK] Seq=327806 Ack=141 Win=65024 Len=1448 TSval=2916040659 TSecr=3045560430 [TCP segment of a reassembled PDU]"
"56524","36.579316230","192.168.1.55","192.168.1.2","TCP","1514","8004  >  36694 [ACK] Seq=329254 Ack=141 Win=65024 Len=1448 TSval=2916040659 TSecr=3045560430 [TCP segment of a reassembled PDU]"
"56525","36.579317656","192.168.1.55","192.168.1.2","TCP","1514","8004  >  36694 [ACK] Seq=330702 Ack=141 Win=65024 Len=1448 TSval=2916040659 TSecr=3045560430 [TCP segment of a reassembled PDU]"
"56526","36.579319026","192.168.1.55","192.168.1.2","TCP","1514","8004  >  36694 [ACK] Seq=332150 Ack=141 Win=65024 Len=1448 TSval=2916040659 TSecr=3045560430 [TCP segment of a reassembled PDU]"
"56527","36.579320434","192.168.1.55","192.168.1.2","TCP","1146","8004  >  36694 [PSH, ACK] Seq=333598 Ack=141 Win=65024 Len=1080 TSval=2916040659 TSecr=3045560430 [TCP segment of a reassembled PDU]"
"56528","36.579350545","192.168.1.2","192.168.1.55","TCP","66","36694  >  8004 [ACK] Seq=141 Ack=244902 Win=157696 Len=0 TSval=3045560431 TSecr=2916040651"
"56529","36.579386656","192.168.1.55","192.168.1.2","TCP","1514","8004  >  36694 [ACK] Seq=334678 Ack=141 Win=65024 Len=1448 TSval=2916040660 TSecr=3045560431 [TCP segment of a reassembled PDU]"
"56530","36.579388915","192.168.1.55","192.168.1.2","TCP","1514","8004  >  36694 [ACK] Seq=336126 Ack=141 Win=65024 Len=1448 TSval=2916040660 TSecr=3045560431 [TCP segment of a reassembled PDU]"
"56531","36.579390286","192.168.1.55","192.168.1.2","TCP","1514","8004  >  36694 [ACK] Seq=337574 Ack=141 Win=65024 Len=1448 TSval=2916040660 TSecr=3045560431 [TCP segment of a reassembled PDU]"
"56532","36.579391582","192.168.1.55","192.168.1.2","TCP","1514","8004  >  36694 [ACK] Seq=339022 Ack=141 Win=65024 Len=1448 TSval=2916040660 TSecr=3045560431 [TCP segment of a reassembled PDU]"
"56533","36.579393027","192.168.1.55","192.168.1.2","TCP","1514","8004  >  36694 [ACK] Seq=340470 Ack=141 Win=65024 Len=1448 TSval=2916040660 TSecr=3045560431 [TCP segment of a reassembled PDU]"
"56534","36.579394508","192.168.1.55","192.168.1.2","TCP","1514","8004  >  36694 [ACK] Seq=341918 Ack=141 Win=65024 Len=1448 TSval=2916040660 TSecr=3045560431 [TCP segment of a reassembled PDU]"
"56535","36.579395767","192.168.1.55","192.168.1.2","TCP","1514","8004  >  36694 [ACK] Seq=343366 Ack=141 Win=65024 Len=1448 TSval=2916040660 TSecr=3045560431 [TCP segment of a reassembled PDU]"
"56536","36.579397175","192.168.1.55","192.168.1.2","TCP","1514","8004  >  36694 [ACK] Seq=344814 Ack=141 Win=65024 Len=1448 TSval=2916040660 TSecr=3045560431 [TCP segment of a reassembled PDU]"
"56537","36.579398471","192.168.1.55","192.168.1.2","TCP","1514","8004  >  36694 [ACK] Seq=346262 Ack=141 Win=65024 Len=1448 TSval=2916040660 TSecr=3045560431 [TCP segment of a reassembled PDU]"
"56538","36.579399860","192.168.1.55","192.168.1.2","TCP","1514","8004  >  36694 [ACK] Seq=347710 Ack=141 Win=65024 Len=1448 TSval=2916040660 TSecr=3045560431 [TCP segment of a reassembled PDU]"
"56539","36.579401156","192.168.1.55","192.168.1.2","TCP","1514","8004  >  36694 [ACK] Seq=349158 Ack=141 Win=65024 Len=1448 TSval=2916040660 TSecr=3045560431 [TCP segment of a reassembled PDU]"
"56540","36.579402934","192.168.1.55","192.168.1.2","TCP","1514","8004  >  36694 [ACK] Seq=350606 Ack=141 Win=65024 Len=1448 TSval=2916040660 TSecr=3045560431 [TCP segment of a reassembled PDU]"
"56541","36.579404508","192.168.1.55","192.168.1.2","TCP","1514","8004  >  36694 [ACK] Seq=352054 Ack=141 Win=65024 Len=1448 TSval=2916040660 TSecr=3045560431 [TCP segment of a reassembled PDU]"
"56542","36.579405767","192.168.1.55","192.168.1.2","TCP","1514","8004  >  36694 [ACK] Seq=353502 Ack=141 Win=65024 Len=1448 TSval=2916040660 TSecr=3045560431 [TCP segment of a reassembled PDU]"
"56543","36.579407064","192.168.1.55","192.168.1.2","TCP","1514","8004  >  36694 [ACK] Seq=354950 Ack=141 Win=65024 Len=1448 TSval=2916040660 TSecr=3045560431 [TCP segment of a reassembled PDU]"
"56544","36.579408564","192.168.1.55","192.168.1.2","TCP","1514","8004  >  36694 [ACK] Seq=356398 Ack=141 Win=65024 Len=1448 TSval=2916040660 TSecr=3045560431 [TCP segment of a reassembled PDU]"
"56545","36.579410027","192.168.1.55","192.168.1.2","TCP","1514","8004  >  36694 [ACK] Seq=357846 Ack=141 Win=65024 Len=1448 TSval=2916040660 TSecr=3045560431 [TCP segment of a reassembled PDU]"
"56546","36.579411434","192.168.1.55","192.168.1.2","TCP","1514","8004  >  36694 [ACK] Seq=359294 Ack=141 Win=65024 Len=1448 TSval=2916040660 TSecr=3045560431 [TCP segment of a reassembled PDU]"
"56547","36.579412823","192.168.1.55","192.168.1.2","TCP","1514","8004  >  36694 [ACK] Seq=360742 Ack=141 Win=65024 Len=1448 TSval=2916040660 TSecr=3045560431 [TCP segment of a reassembled PDU]"
"56548","36.579414082","192.168.1.55","192.168.1.2","TCP","1514","8004  >  36694 [ACK] Seq=362190 Ack=141 Win=65024 Len=1448 TSval=2916040660 TSecr=3045560431 [TCP segment of a reassembled PDU]"
"56549","36.579415434","192.168.1.55","192.168.1.2","TCP","1514","8004  >  36694 [ACK] Seq=363638 Ack=141 Win=65024 Len=1448 TSval=2916040660 TSecr=3045560431 [TCP segment of a reassembled PDU]"
"56550","36.579416730","192.168.1.55","192.168.1.2","TCP","1514","8004  >  36694 [ACK] Seq=365086 Ack=141 Win=65024 Len=1448 TSval=2916040660 TSecr=3045560431 [TCP segment of a reassembled PDU]"
"56551","36.579418656","192.168.1.55","192.168.1.2","TCP","1514","8004  >  36694 [ACK] Seq=366534 Ack=141 Win=65024 Len=1448 TSval=2916040660 TSecr=3045560431 [TCP segment of a reassembled PDU]"
"56552","36.579420064","192.168.1.55","192.168.1.2","TCP","1514","8004  >  36694 [ACK] Seq=367982 Ack=141 Win=65024 Len=1448 TSval=2916040660 TSecr=3045560431 [TCP segment of a reassembled PDU]"
"56553","36.579421378","192.168.1.55","192.168.1.2","TCP","1514","8004  >  36694 [ACK] Seq=369430 Ack=141 Win=65024 Len=1448 TSval=2916040660 TSecr=3045560431 [TCP segment of a reassembled PDU]"
"56554","36.579422656","192.168.1.55","192.168.1.2","TCP","1514","8004  >  36694 [ACK] Seq=370878 Ack=141 Win=65024 Len=1448 TSval=2916040660 TSecr=3045560431 [TCP segment of a reassembled PDU]"
"56555","36.579423934","192.168.1.55","192.168.1.2","TCP","1514","8004  >  36694 [ACK] Seq=372326 Ack=141 Win=65024 Len=1448 TSval=2916040660 TSecr=3045560431 [TCP segment of a reassembled PDU]"
"56556","36.579425656","192.168.1.55","192.168.1.2","TCP","1514","8004  >  36694 [ACK] Seq=373774 Ack=141 Win=65024 Len=1448 TSval=2916040660 TSecr=3045560431 [TCP segment of a reassembled PDU]"
"56557","36.579427101","192.168.1.55","192.168.1.2","TCP","1514","8004  >  36694 [ACK] Seq=375222 Ack=141 Win=65024 Len=1448 TSval=2916040660 TSecr=3045560431 [TCP segment of a reassembled PDU]"
"56558","36.579428527","192.168.1.55","192.168.1.2","TCP","1514","8004  >  36694 [ACK] Seq=376670 Ack=141 Win=65024 Len=1448 TSval=2916040660 TSecr=3045560431 [TCP segment of a reassembled PDU]"
"56559","36.579429878","192.168.1.55","192.168.1.2","TCP","1514","8004  >  36694 [ACK] Seq=378118 Ack=141 Win=65024 Len=1448 TSval=2916040660 TSecr=3045560431 [TCP segment of a reassembled PDU]"
"56560","36.579431175","192.168.1.55","192.168.1.2","TCP","1514","8004  >  36694 [PSH, ACK] Seq=379566 Ack=141 Win=65024 Len=1448 TSval=2916040660 TSecr=3045560431 [TCP segment of a reassembled PDU]"
"56561","36.580636158","192.168.1.2","192.168.1.55","TCP","66","36694  >  8004 [ACK] Seq=141 Ack=283998 Win=135168 Len=0 TSval=3045560435 TSecr=2916040654"
"56562","36.580669251","192.168.1.55","192.168.1.2","TCP","1514","8004  >  36694 [ACK] Seq=381014 Ack=141 Win=65024 Len=1448 TSval=2916040661 TSecr=3045560435 [TCP segment of a reassembled PDU]"
"56563","36.580671010","192.168.1.55","192.168.1.2","TCP","1514","8004  >  36694 [ACK] Seq=382462 Ack=141 Win=65024 Len=1448 TSval=2916040661 TSecr=3045560435 [TCP segment of a reassembled PDU]"
"56564","36.580672269","192.168.1.55","192.168.1.2","TCP","1514","8004  >  36694 [ACK] Seq=383910 Ack=141 Win=65024 Len=1448 TSval=2916040661 TSecr=3045560435 [TCP segment of a reassembled PDU]"
"56565","36.580674066","192.168.1.55","192.168.1.2","TCP","1514","8004  >  36694 [ACK] Seq=385358 Ack=141 Win=65024 Len=1448 TSval=2916040661 TSecr=3045560435 [TCP segment of a reassembled PDU]"
"56566","36.580675473","192.168.1.55","192.168.1.2","TCP","1514","8004  >  36694 [ACK] Seq=386806 Ack=141 Win=65024 Len=1448 TSval=2916040661 TSecr=3045560435 [TCP segment of a reassembled PDU]"
"56567","36.580677399","192.168.1.55","192.168.1.2","TCP","1514","8004  >  36694 [ACK] Seq=388254 Ack=141 Win=65024 Len=1448 TSval=2916040661 TSecr=3045560435 [TCP segment of a reassembled PDU]"
"56568","36.580678788","192.168.1.55","192.168.1.2","TCP","1514","8004  >  36694 [ACK] Seq=389702 Ack=141 Win=65024 Len=1448 TSval=2916040661 TSecr=3045560435 [TCP segment of a reassembled PDU]"
"56569","36.580680214","192.168.1.55","192.168.1.2","TCP","1514","8004  >  36694 [ACK] Seq=391150 Ack=141 Win=65024 Len=1448 TSval=2916040661 TSecr=3045560435 [TCP segment of a reassembled PDU]"
"56570","36.580681899","192.168.1.55","192.168.1.2","TCP","1514","8004  >  36694 [ACK] Seq=392598 Ack=141 Win=65024 Len=1448 TSval=2916040661 TSecr=3045560435 [TCP segment of a reassembled PDU]"
"56571","36.580683214","192.168.1.55","192.168.1.2","TCP","1514","8004  >  36694 [ACK] Seq=394046 Ack=141 Win=65024 Len=1448 TSval=2916040661 TSecr=3045560435 [TCP segment of a reassembled PDU]"
"56572","36.580684584","192.168.1.55","192.168.1.2","TCP","1514","8004  >  36694 [ACK] Seq=395494 Ack=141 Win=65024 Len=1448 TSval=2916040661 TSecr=3045560435 [TCP segment of a reassembled PDU]"
"56573","36.580686066","192.168.1.55","192.168.1.2","TCP","1514","8004  >  36694 [ACK] Seq=396942 Ack=141 Win=65024 Len=1448 TSval=2916040661 TSecr=3045560435 [TCP segment of a reassembled PDU]"
"56574","36.580687417","192.168.1.55","192.168.1.2","TCP","1514","8004  >  36694 [ACK] Seq=398390 Ack=141 Win=65024 Len=1448 TSval=2916040661 TSecr=3045560435 [TCP segment of a reassembled PDU]"
"56575","36.580688862","192.168.1.55","192.168.1.2","TCP","1514","8004  >  36694 [ACK] Seq=399838 Ack=141 Win=65024 Len=1448 TSval=2916040661 TSecr=3045560435 [TCP segment of a reassembled PDU]"
"56576","36.580690399","192.168.1.55","192.168.1.2","TCP","1514","8004  >  36694 [ACK] Seq=401286 Ack=141 Win=65024 Len=1448 TSval=2916040661 TSecr=3045560435 [TCP segment of a reassembled PDU]"
"56577","36.580692306","192.168.1.55","192.168.1.2","TCP","1514","8004  >  36694 [ACK] Seq=402734 Ack=141 Win=65024 Len=1448 TSval=2916040661 TSecr=3045560435 [TCP segment of a reassembled PDU]"
"56578","36.580693677","192.168.1.55","192.168.1.2","TCP","1514","8004  >  36694 [ACK] Seq=404182 Ack=141 Win=65024 Len=1448 TSval=2916040661 TSecr=3045560435 [TCP segment of a reassembled PDU]"
"56579","36.580695066","192.168.1.55","192.168.1.2","TCP","1514","8004  >  36694 [ACK] Seq=405630 Ack=141 Win=65024 Len=1448 TSval=2916040661 TSecr=3045560435 [TCP segment of a reassembled PDU]"
"56580","36.580696418","192.168.1.55","192.168.1.2","TCP","1514","8004  >  36694 [ACK] Seq=407078 Ack=141 Win=65024 Len=1448 TSval=2916040661 TSecr=3045560435 [TCP segment of a reassembled PDU]"
"56581","36.580697732","192.168.1.55","192.168.1.2","TCP","1514","8004  >  36694 [ACK] Seq=408526 Ack=141 Win=65024 Len=1448 TSval=2916040661 TSecr=3045560435 [TCP segment of a reassembled PDU]"
"56582","36.580699177","192.168.1.55","192.168.1.2","TCP","1514","8004  >  36694 [ACK] Seq=409974 Ack=141 Win=65024 Len=1448 TSval=2916040661 TSecr=3045560435 [TCP segment of a reassembled PDU]"
"56583","36.580700603","192.168.1.55","192.168.1.2","TCP","1514","8004  >  36694 [ACK] Seq=411422 Ack=141 Win=65024 Len=1448 TSval=2916040661 TSecr=3045560435 [TCP segment of a reassembled PDU]"
"56584","36.580702010","192.168.1.55","192.168.1.2","TCP","1514","8004  >  36694 [ACK] Seq=412870 Ack=141 Win=65024 Len=1448 TSval=2916040661 TSecr=3045560435 [TCP segment of a reassembled PDU]"
"56585","36.580703380","192.168.1.55","192.168.1.2","TCP","1514","8004  >  36694 [ACK] Seq=414318 Ack=141 Win=65024 Len=1448 TSval=2916040661 TSecr=3045560435 [TCP segment of a reassembled PDU]"
"56586","36.580704751","192.168.1.55","192.168.1.2","TCP","1514","8004  >  36694 [ACK] Seq=415766 Ack=141 Win=65024 Len=1448 TSval=2916040661 TSecr=3045560435 [TCP segment of a reassembled PDU]"
"56587","36.580706306","192.168.1.55","192.168.1.2","TCP","1514","8004  >  36694 [PSH, ACK] Seq=417214 Ack=141 Win=65024 Len=1448 TSval=2916040661 TSecr=3045560435 [TCP segment of a reassembled PDU]"
"56588","36.580736362","192.168.1.2","192.168.1.55","TCP","66","36694  >  8004 [ACK] Seq=141 Ack=307534 Win=112640 Len=0 TSval=3045560435 TSecr=2916040654"
"56589","36.580747121","192.168.1.55","192.168.1.2","TCP","1514","8004  >  36694 [ACK] Seq=418662 Ack=141 Win=65024 Len=1448 TSval=2916040661 TSecr=3045560435 [TCP segment of a reassembled PDU]"
"56590","36.591024360","192.168.1.2","192.168.1.55","TCP","66","36694  >  8004 [ACK] Seq=141 Ack=334678 Win=146432 Len=0 TSval=3045560443 TSecr=2916040659"
"56591","36.591040267","192.168.1.55","192.168.1.2","TCP","1514","8004  >  36694 [ACK] Seq=420110 Ack=141 Win=65024 Len=1448 TSval=2916040671 TSecr=3045560443 [TCP segment of a reassembled PDU]"
"56592","36.591042675","192.168.1.55","192.168.1.2","TCP","1514","8004  >  36694 [ACK] Seq=421558 Ack=141 Win=65024 Len=1448 TSval=2916040671 TSecr=3045560443 [TCP segment of a reassembled PDU]"
"56593","36.591044045","192.168.1.55","192.168.1.2","TCP","1514","8004  >  36694 [ACK] Seq=423006 Ack=141 Win=65024 Len=1448 TSval=2916040671 TSecr=3045560443 [TCP segment of a reassembled PDU]"
"56594","36.591045323","192.168.1.55","192.168.1.2","TCP","1514","8004  >  36694 [ACK] Seq=424454 Ack=141 Win=65024 Len=1448 TSval=2916040671 TSecr=3045560443 [TCP segment of a reassembled PDU]"
"56595","36.591046990","192.168.1.55","192.168.1.2","TCP","1514","8004  >  36694 [PSH, ACK] Seq=425902 Ack=141 Win=65024 Len=1448 TSval=2916040671 TSecr=3045560443 [TCP segment of a reassembled PDU]"
"56596","36.591076582","192.168.1.55","192.168.1.2","TCP","1514","8004  >  36694 [ACK] Seq=427350 Ack=141 Win=65024 Len=1448 TSval=2916040671 TSecr=3045560443 [TCP segment of a reassembled PDU]"
"56597","36.591078453","192.168.1.55","192.168.1.2","TCP","1514","8004  >  36694 [ACK] Seq=428798 Ack=141 Win=65024 Len=1448 TSval=2916040671 TSecr=3045560443 [TCP segment of a reassembled PDU]"
"56598","36.591079749","192.168.1.55","192.168.1.2","TCP","1514","8004  >  36694 [ACK] Seq=430246 Ack=141 Win=65024 Len=1448 TSval=2916040671 TSecr=3045560443 [TCP segment of a reassembled PDU]"
"56599","36.591081045","192.168.1.55","192.168.1.2","TCP","1514","8004  >  36694 [ACK] Seq=431694 Ack=141 Win=65024 Len=1448 TSval=2916040671 TSecr=3045560443 [TCP segment of a reassembled PDU]"
"56600","36.591082508","192.168.1.55","192.168.1.2","TCP","1514","8004  >  36694 [ACK] Seq=433142 Ack=141 Win=65024 Len=1448 TSval=2916040671 TSecr=3045560443 [TCP segment of a reassembled PDU]"
"56601","36.591083879","192.168.1.55","192.168.1.2","TCP","1514","8004  >  36694 [ACK] Seq=434590 Ack=141 Win=65024 Len=1448 TSval=2916040671 TSecr=3045560443 [TCP segment of a reassembled PDU]"
"56602","36.591085268","192.168.1.55","192.168.1.2","TCP","1514","8004  >  36694 [ACK] Seq=436038 Ack=141 Win=65024 Len=1448 TSval=2916040671 TSecr=3045560443 [TCP segment of a reassembled PDU]"
"56603","36.591086564","192.168.1.55","192.168.1.2","TCP","1514","8004  >  36694 [ACK] Seq=437486 Ack=141 Win=65024 Len=1448 TSval=2916040671 TSecr=3045560443 [TCP segment of a reassembled PDU]"
"56604","36.591087860","192.168.1.55","192.168.1.2","TCP","1514","8004  >  36694 [ACK] Seq=438934 Ack=141 Win=65024 Len=1448 TSval=2916040671 TSecr=3045560443 [TCP segment of a reassembled PDU]"
"56605","36.591089231","192.168.1.55","192.168.1.2","TCP","1514","8004  >  36694 [ACK] Seq=440382 Ack=141 Win=65024 Len=1448 TSval=2916040671 TSecr=3045560443 [TCP segment of a reassembled PDU]"
"56606","36.591090601","192.168.1.55","192.168.1.2","TCP","1514","8004  >  36694 [ACK] Seq=441830 Ack=141 Win=65024 Len=1448 TSval=2916040671 TSecr=3045560443 [TCP segment of a reassembled PDU]"
"56607","36.591092342","192.168.1.55","192.168.1.2","TCP","1514","8004  >  36694 [ACK] Seq=443278 Ack=141 Win=65024 Len=1448 TSval=2916040671 TSecr=3045560443 [TCP segment of a reassembled PDU]"
"56608","36.591093934","192.168.1.55","192.168.1.2","TCP","1514","8004  >  36694 [ACK] Seq=444726 Ack=141 Win=65024 Len=1448 TSval=2916040671 TSecr=3045560443 [TCP segment of a reassembled PDU]"
"56609","36.591095268","192.168.1.55","192.168.1.2","TCP","1514","8004  >  36694 [ACK] Seq=446174 Ack=141 Win=65024 Len=1448 TSval=2916040671 TSecr=3045560443 [TCP segment of a reassembled PDU]"
"56610","36.591100397","192.168.1.55","192.168.1.2","TCP","1514","8004  >  36694 [ACK] Seq=447622 Ack=141 Win=65024 Len=1448 TSval=2916040671 TSecr=3045560443 [TCP segment of a reassembled PDU]"
"56611","36.591102268","192.168.1.55","192.168.1.2","TCP","1514","8004  >  36694 [ACK] Seq=449070 Ack=141 Win=65024 Len=1448 TSval=2916040671 TSecr=3045560443 [TCP segment of a reassembled PDU]"
"56612","36.591103656","192.168.1.55","192.168.1.2","TCP","1514","8004  >  36694 [ACK] Seq=450518 Ack=141 Win=65024 Len=1448 TSval=2916040671 TSecr=3045560443 [TCP segment of a reassembled PDU]"
"56613","36.591105064","192.168.1.55","192.168.1.2","TCP","1514","8004  >  36694 [ACK] Seq=451966 Ack=141 Win=65024 Len=1448 TSval=2916040671 TSecr=3045560443 [TCP segment of a reassembled PDU]"
"56614","36.591106360","192.168.1.55","192.168.1.2","TCP","1514","8004  >  36694 [ACK] Seq=453414 Ack=141 Win=65024 Len=1448 TSval=2916040671 TSecr=3045560443 [TCP segment of a reassembled PDU]"
"56615","36.591107879","192.168.1.55","192.168.1.2","TCP","1514","8004  >  36694 [ACK] Seq=454862 Ack=141 Win=65024 Len=1448 TSval=2916040671 TSecr=3045560443 [TCP segment of a reassembled PDU]"
"56616","36.591109231","192.168.1.55","192.168.1.2","TCP","1514","8004  >  36694 [ACK] Seq=456310 Ack=141 Win=65024 Len=1448 TSval=2916040671 TSecr=3045560443 [TCP segment of a reassembled PDU]"
"56617","36.591110638","192.168.1.55","192.168.1.2","TCP","1514","8004  >  36694 [ACK] Seq=457758 Ack=141 Win=65024 Len=1448 TSval=2916040671 TSecr=3045560443 [TCP segment of a reassembled PDU]"
"56618","36.591112064","192.168.1.55","192.168.1.2","TCP","1514","8004  >  36694 [ACK] Seq=459206 Ack=141 Win=65024 Len=1448 TSval=2916040671 TSecr=3045560443 [TCP segment of a reassembled PDU]"
"56619","36.591113342","192.168.1.55","192.168.1.2","TCP","1514","8004  >  36694 [ACK] Seq=460654 Ack=141 Win=65024 Len=1448 TSval=2916040671 TSecr=3045560443 [TCP segment of a reassembled PDU]"
"56620","36.591114786","192.168.1.55","192.168.1.2","TCP","1514","8004  >  36694 [ACK] Seq=462102 Ack=141 Win=65024 Len=1448 TSval=2916040671 TSecr=3045560443 [TCP segment of a reassembled PDU]"
"56621","36.591116045","192.168.1.55","192.168.1.2","TCP","1514","8004  >  36694 [ACK] Seq=463550 Ack=141 Win=65024 Len=1448 TSval=2916040671 TSecr=3045560443 [TCP segment of a reassembled PDU]"
"56622","36.591117508","192.168.1.55","192.168.1.2","TCP","1514","8004  >  36694 [ACK] Seq=464998 Ack=141 Win=65024 Len=1448 TSval=2916040671 TSecr=3045560443 [TCP segment of a reassembled PDU]"
"56623","36.591118805","192.168.1.55","192.168.1.2","TCP","1514","8004  >  36694 [ACK] Seq=466446 Ack=141 Win=65024 Len=1448 TSval=2916040671 TSecr=3045560443 [TCP segment of a reassembled PDU]"
"56624","36.591120119","192.168.1.55","192.168.1.2","TCP","1514","8004  >  36694 [ACK] Seq=467894 Ack=141 Win=65024 Len=1448 TSval=2916040671 TSecr=3045560443 [TCP segment of a reassembled PDU]"
"56625","36.591121971","192.168.1.55","192.168.1.2","TCP","1514","8004  >  36694 [ACK] Seq=469342 Ack=141 Win=65024 Len=1448 TSval=2916040671 TSecr=3045560443 [TCP segment of a reassembled PDU]"
"56626","36.591123231","192.168.1.55","192.168.1.2","TCP","1514","8004  >  36694 [ACK] Seq=470790 Ack=141 Win=65024 Len=1448 TSval=2916040671 TSecr=3045560443 [TCP segment of a reassembled PDU]"
"56627","36.591124619","192.168.1.55","192.168.1.2","TCP","1514","8004  >  36694 [PSH, ACK] Seq=472238 Ack=141 Win=65024 Len=1448 TSval=2916040671 TSecr=3045560443 [TCP segment of a reassembled PDU]"
"56628","36.592588251","192.168.1.2","192.168.1.55","TCP","66","36694  >  8004 [ACK] Seq=141 Ack=343366 Win=166912 Len=0 TSval=3045560444 TSecr=2916040660"
"56629","36.592627696","192.168.1.55","192.168.1.2","TCP","1514","8004  >  36694 [ACK] Seq=473686 Ack=141 Win=65024 Len=1448 TSval=2916040673 TSecr=3045560444 [TCP segment of a reassembled PDU]"
"56630","36.592631900","192.168.1.55","192.168.1.2","TCP","1514","8004  >  36694 [ACK] Seq=475134 Ack=141 Win=65024 Len=1448 TSval=2916040673 TSecr=3045560444 [TCP segment of a reassembled PDU]"
"56631","36.592633622","192.168.1.55","192.168.1.2","TCP","1514","8004  >  36694 [ACK] Seq=476582 Ack=141 Win=65024 Len=1448 TSval=2916040673 TSecr=3045560444 [TCP segment of a reassembled PDU]"
"56632","36.592635048","192.168.1.55","192.168.1.2","TCP","1514","8004  >  36694 [ACK] Seq=478030 Ack=141 Win=65024 Len=1448 TSval=2916040673 TSecr=3045560444 [TCP segment of a reassembled PDU]"
"56633","36.592636511","192.168.1.55","192.168.1.2","TCP","1514","8004  >  36694 [ACK] Seq=479478 Ack=141 Win=65024 Len=1448 TSval=2916040673 TSecr=3045560444 [TCP segment of a reassembled PDU]"
"56634","36.592637900","192.168.1.55","192.168.1.2","TCP","1514","8004  >  36694 [ACK] Seq=480926 Ack=141 Win=65024 Len=1448 TSval=2916040673 TSecr=3045560444 [TCP segment of a reassembled PDU]"
"56635","36.592639233","192.168.1.55","192.168.1.2","TCP","1514","8004  >  36694 [ACK] Seq=482374 Ack=141 Win=65024 Len=1448 TSval=2916040673 TSecr=3045560444 [TCP segment of a reassembled PDU]"
"56636","36.592640752","192.168.1.55","192.168.1.2","TCP","1514","8004  >  36694 [ACK] Seq=483822 Ack=141 Win=65024 Len=1448 TSval=2916040673 TSecr=3045560444 [TCP segment of a reassembled PDU]"
"56637","36.592642085","192.168.1.55","192.168.1.2","TCP","1514","8004  >  36694 [ACK] Seq=485270 Ack=141 Win=65024 Len=1448 TSval=2916040673 TSecr=3045560444 [TCP segment of a reassembled PDU]"
"56638","36.592643585","192.168.1.55","192.168.1.2","TCP","1514","8004  >  36694 [ACK] Seq=486718 Ack=141 Win=65024 Len=1448 TSval=2916040673 TSecr=3045560444 [TCP segment of a reassembled PDU]"
"56639","36.592644992","192.168.1.55","192.168.1.2","TCP","1514","8004  >  36694 [ACK] Seq=488166 Ack=141 Win=65024 Len=1448 TSval=2916040673 TSecr=3045560444 [TCP segment of a reassembled PDU]"
"56640","36.592646437","192.168.1.55","192.168.1.2","TCP","1514","8004  >  36694 [ACK] Seq=489614 Ack=141 Win=65024 Len=1448 TSval=2916040673 TSecr=3045560444 [TCP segment of a reassembled PDU]"
"56641","36.592648029","192.168.1.55","192.168.1.2","TCP","1514","8004  >  36694 [ACK] Seq=491062 Ack=141 Win=65024 Len=1448 TSval=2916040673 TSecr=3045560444 [TCP segment of a reassembled PDU]"
"56642","36.592649418","192.168.1.55","192.168.1.2","TCP","1514","8004  >  36694 [ACK] Seq=492510 Ack=141 Win=65024 Len=1448 TSval=2916040673 TSecr=3045560444 [TCP segment of a reassembled PDU]"
"56643","36.592650733","192.168.1.55","192.168.1.2","TCP","1514","8004  >  36694 [ACK] Seq=493958 Ack=141 Win=65024 Len=1448 TSval=2916040673 TSecr=3045560444 [TCP segment of a reassembled PDU]"
"56644","36.592652011","192.168.1.55","192.168.1.2","TCP","1514","8004  >  36694 [ACK] Seq=495406 Ack=141 Win=65024 Len=1448 TSval=2916040673 TSecr=3045560444 [TCP segment of a reassembled PDU]"
"56645","36.592653400","192.168.1.55","192.168.1.2","TCP","1514","8004  >  36694 [ACK] Seq=496854 Ack=141 Win=65024 Len=1448 TSval=2916040673 TSecr=3045560444 [TCP segment of a reassembled PDU]"
"56646","36.592654826","192.168.1.55","192.168.1.2","HTTP","1472","HTTP/1.0 200 OK  (PNG)"
"56647","36.592715122","192.168.1.2","192.168.1.55","TCP","66","36694  >  8004 [ACK] Seq=141 Ack=346262 Win=172032 Len=0 TSval=3045560446 TSecr=2916040660"
"56648","36.592723974","192.168.1.2","192.168.1.55","TCP","66","36694  >  8004 [ACK] Seq=141 Ack=414318 Win=107520 Len=0 TSval=3045560447 TSecr=2916040660"
"56649","36.593472901","192.168.1.2","192.168.1.55","TCP","66","36694  >  8004 [ACK] Seq=141 Ack=418662 Win=172032 Len=0 TSval=3045560448 TSecr=2916040661"
"56650","36.597929001","192.168.1.2","192.168.1.55","TCP","66","36694  >  8004 [ACK] Seq=141 Ack=450518 Win=149504 Len=0 TSval=3045560453 TSecr=2916040661"
"56651","36.598329279","192.168.1.2","192.168.1.55","TCP","66","36694  >  8004 [ACK] Seq=141 Ack=473686 Win=136192 Len=0 TSval=3045560454 TSecr=2916040671"
"56652","36.598441261","192.168.1.2","192.168.1.55","TCP","66","36694  >  8004 [ACK] Seq=141 Ack=499709 Win=110592 Len=0 TSval=3045560454 TSecr=2916040673"
"56653","36.599388707","192.168.1.2","192.168.1.55","TCP","66","36694  >  8004 [FIN, ACK] Seq=141 Ack=499709 Win=172032 Len=0 TSval=3045560454 TSecr=2916040673"
"56654","36.599411059","192.168.1.55","192.168.1.2","TCP","66","8004  >  36694 [ACK] Seq=499709 Ack=142 Win=65024 Len=0 TSval=2916040680 TSecr=3045560454"
"56655","36.599518929","192.168.1.2","192.168.1.55","TCP","74","36696  >  8004 [SYN] Seq=0 Win=64240 Len=0 MSS=1460 SACK_PERM TSval=3045560454 TSecr=0 WS=1024"
"56656","36.599537837","192.168.1.55","192.168.1.2","TCP","74","8004  >  36696 [SYN, ACK] Seq=0 Ack=1 Win=65160 Len=0 MSS=1460 SACK_PERM TSval=2916040680 TSecr=3045560454 WS=128"
"56657","36.602646249","192.168.1.2","192.168.1.55","TCP","66","36696  >  8004 [ACK] Seq=1 Ack=1 Win=64512 Len=0 TSval=3045560457 TSecr=2916040680"
"56658","36.605852736","192.168.1.2","192.168.1.55","HTTP","209","GET /original_benchmark.png HTTP/1.1 "
"56659","36.605871532","192.168.1.55","192.168.1.2","TCP","66","8004  >  36696 [ACK] Seq=1 Ack=144 Win=65024 Len=0 TSval=2916040686 TSecr=3045560457"
"56660","36.606322644","192.168.1.55","192.168.1.2","TCP","255","8004  >  36696 [PSH, ACK] Seq=1 Ack=144 Win=65024 Len=189 TSval=2916040687 TSecr=3045560457 [TCP segment of a reassembled PDU]"
"56661","36.606430885","192.168.1.55","192.168.1.2","TCP","1514","8004  >  36696 [ACK] Seq=190 Ack=144 Win=65024 Len=1448 TSval=2916040687 TSecr=3045560457 [TCP segment of a reassembled PDU]"
"56662","36.606436014","192.168.1.55","192.168.1.2","TCP","1514","8004  >  36696 [ACK] Seq=1638 Ack=144 Win=65024 Len=1448 TSval=2916040687 TSecr=3045560457 [TCP segment of a reassembled PDU]"
"56663","36.606437070","192.168.1.55","192.168.1.2","TCP","1514","8004  >  36696 [ACK] Seq=3086 Ack=144 Win=65024 Len=1448 TSval=2916040687 TSecr=3045560457 [TCP segment of a reassembled PDU]"
"56664","36.606438144","192.168.1.55","192.168.1.2","TCP","1514","8004  >  36696 [ACK] Seq=4534 Ack=144 Win=65024 Len=1448 TSval=2916040687 TSecr=3045560457 [TCP segment of a reassembled PDU]"
"56665","36.606439348","192.168.1.55","192.168.1.2","TCP","1514","8004  >  36696 [PSH, ACK] Seq=5982 Ack=144 Win=65024 Len=1448 TSval=2916040687 TSecr=3045560457 [TCP segment of a reassembled PDU]"
"56666","36.606459163","192.168.1.55","192.168.1.2","TCP","1514","8004  >  36696 [ACK] Seq=7430 Ack=144 Win=65024 Len=1448 TSval=2916040687 TSecr=3045560457 [TCP segment of a reassembled PDU]"
"56667","36.606460959","192.168.1.55","192.168.1.2","TCP","1514","8004  >  36696 [ACK] Seq=8878 Ack=144 Win=65024 Len=1448 TSval=2916040687 TSecr=3045560457 [TCP segment of a reassembled PDU]"
"56668","36.606462848","192.168.1.55","192.168.1.2","TCP","1514","8004  >  36696 [ACK] Seq=10326 Ack=144 Win=65024 Len=1448 TSval=2916040687 TSecr=3045560457 [TCP segment of a reassembled PDU]"
"56669","36.606463940","192.168.1.55","192.168.1.2","TCP","1514","8004  >  36696 [PSH, ACK] Seq=11774 Ack=144 Win=65024 Len=1448 TSval=2916040687 TSecr=3045560457 [TCP segment of a reassembled PDU]"
"56670","36.612465061","192.168.1.2","192.168.1.55","TCP","66","36696  >  8004 [ACK] Seq=144 Ack=190 Win=64512 Len=0 TSval=3045560464 TSecr=2916040687"
"56671","36.612532728","192.168.1.55","192.168.1.2","TCP","1514","8004  >  36696 [ACK] Seq=13222 Ack=144 Win=65024 Len=1448 TSval=2916040693 TSecr=3045560464 [TCP segment of a reassembled PDU]"
"56672","36.612541876","192.168.1.55","192.168.1.2","TCP","1514","8004  >  36696 [PSH, ACK] Seq=14670 Ack=144 Win=65024 Len=1448 TSval=2916040693 TSecr=3045560464 [TCP segment of a reassembled PDU]"
"56673","36.612627006","192.168.1.2","192.168.1.55","TCP","66","36696  >  8004 [ACK] Seq=144 Ack=5982 Win=76800 Len=0 TSval=3045560464 TSecr=2916040687"
"56674","36.612664450","192.168.1.55","192.168.1.2","TCP","1514","8004  >  36696 [ACK] Seq=16118 Ack=144 Win=65024 Len=1448 TSval=2916040693 TSecr=3045560464 [TCP segment of a reassembled PDU]"
"56675","36.612667191","192.168.1.55","192.168.1.2","TCP","1514","8004  >  36696 [ACK] Seq=17566 Ack=144 Win=65024 Len=1448 TSval=2916040693 TSecr=3045560464 [TCP segment of a reassembled PDU]"
"56676","36.612668617","192.168.1.55","192.168.1.2","TCP","1514","8004  >  36696 [ACK] Seq=19014 Ack=144 Win=65024 Len=1448 TSval=2916040693 TSecr=3045560464 [TCP segment of a reassembled PDU]"
"56677","36.612669802","192.168.1.55","192.168.1.2","TCP","1514","8004  >  36696 [ACK] Seq=20462 Ack=144 Win=65024 Len=1448 TSval=2916040693 TSecr=3045560464 [TCP segment of a reassembled PDU]"
"56678","36.612671265","192.168.1.55","192.168.1.2","TCP","1514","8004  >  36696 [ACK] Seq=21910 Ack=144 Win=65024 Len=1448 TSval=2916040693 TSecr=3045560464 [TCP segment of a reassembled PDU]"
"56679","36.612673673","192.168.1.55","192.168.1.2","TCP","1514","8004  >  36696 [ACK] Seq=23358 Ack=144 Win=65024 Len=1448 TSval=2916040693 TSecr=3045560464 [TCP segment of a reassembled PDU]"
"56680","36.612674654","192.168.1.55","192.168.1.2","TCP","1514","8004  >  36696 [PSH, ACK] Seq=24806 Ack=144 Win=65024 Len=1448 TSval=2916040693 TSecr=3045560464 [TCP segment of a reassembled PDU]"
"56681","36.612679987","192.168.1.2","192.168.1.55","TCP","66","36696  >  8004 [ACK] Seq=144 Ack=7430 Win=79872 Len=0 TSval=3045560465 TSecr=2916040687"
"56682","36.612687913","192.168.1.2","192.168.1.55","TCP","66","36696  >  8004 [ACK] Seq=144 Ack=13222 Win=80896 Len=0 TSval=3045560465 TSecr=2916040687"
"56683","36.612726265","192.168.1.55","192.168.1.2","TCP","1514","8004  >  36696 [ACK] Seq=26254 Ack=144 Win=65024 Len=1448 TSval=2916040693 TSecr=3045560465 [TCP segment of a reassembled PDU]"
"56684","36.612730284","192.168.1.55","192.168.1.2","TCP","1514","8004  >  36696 [ACK] Seq=27702 Ack=144 Win=65024 Len=1448 TSval=2916040693 TSecr=3045560465 [TCP segment of a reassembled PDU]"
"56685","36.612731876","192.168.1.55","192.168.1.2","TCP","1514","8004  >  36696 [ACK] Seq=29150 Ack=144 Win=65024 Len=1448 TSval=2916040693 TSecr=3045560465 [TCP segment of a reassembled PDU]"
"56686","36.612732858","192.168.1.55","192.168.1.2","TCP","1514","8004  >  36696 [ACK] Seq=30598 Ack=144 Win=65024 Len=1448 TSval=2916040693 TSecr=3045560465 [TCP segment of a reassembled PDU]"
"56687","36.612735173","192.168.1.55","192.168.1.2","TCP","1514","8004  >  36696 [ACK] Seq=32046 Ack=144 Win=65024 Len=1448 TSval=2916040693 TSecr=3045560465 [TCP segment of a reassembled PDU]"
"56688","36.612737043","192.168.1.55","192.168.1.2","TCP","1514","8004  >  36696 [ACK] Seq=33494 Ack=144 Win=65024 Len=1448 TSval=2916040693 TSecr=3045560465 [TCP segment of a reassembled PDU]"
"56689","36.612738636","192.168.1.55","192.168.1.2","TCP","1514","8004  >  36696 [ACK] Seq=34942 Ack=144 Win=65024 Len=1448 TSval=2916040693 TSecr=3045560465 [TCP segment of a reassembled PDU]"
"56690","36.612740191","192.168.1.55","192.168.1.2","TCP","1514","8004  >  36696 [ACK] Seq=36390 Ack=144 Win=65024 Len=1448 TSval=2916040693 TSecr=3045560465 [TCP segment of a reassembled PDU]"
"56691","36.612741580","192.168.1.55","192.168.1.2","TCP","1514","8004  >  36696 [ACK] Seq=37838 Ack=144 Win=65024 Len=1448 TSval=2916040693 TSecr=3045560465 [TCP segment of a reassembled PDU]"
"56692","36.612743006","192.168.1.55","192.168.1.2","TCP","1514","8004  >  36696 [PSH, ACK] Seq=39286 Ack=144 Win=65024 Len=1448 TSval=2916040693 TSecr=3045560465 [TCP segment of a reassembled PDU]"
"56693","36.613622470","192.168.1.55","192.168.1.2","TCP","1514","8004  >  36696 [ACK] Seq=40734 Ack=144 Win=65024 Len=1448 TSval=2916040694 TSecr=3045560465 [TCP segment of a reassembled PDU]"
"56694","36.617421865","192.168.1.2","192.168.1.55","TCP","66","36696  >  8004 [ACK] Seq=144 Ack=16118 Win=87040 Len=0 TSval=3045560471 TSecr=2916040693"
"56695","36.617525143","192.168.1.55","192.168.1.2","TCP","1514","8004  >  36696 [ACK] Seq=42182 Ack=144 Win=65024 Len=1448 TSval=2916040698 TSecr=3045560471 [TCP segment of a reassembled PDU]"
"56696","36.617531643","192.168.1.55","192.168.1.2","TCP","1514","8004  >  36696 [PSH, ACK] Seq=43630 Ack=144 Win=65024 Len=1448 TSval=2916040698 TSecr=3045560471 [TCP segment of a reassembled PDU]"
"56697","36.617613718","192.168.1.2","192.168.1.55","TCP","66","36696  >  8004 [ACK] Seq=144 Ack=26254 Win=86016 Len=0 TSval=3045560471 TSecr=2916040693"
"56698","36.617656273","192.168.1.55","192.168.1.2","TCP","1514","8004  >  36696 [ACK] Seq=45078 Ack=144 Win=65024 Len=1448 TSval=2916040698 TSecr=3045560471 [TCP segment of a reassembled PDU]"
"56699","36.617658866","192.168.1.55","192.168.1.2","TCP","1514","8004  >  36696 [ACK] Seq=46526 Ack=144 Win=65024 Len=1448 TSval=2916040698 TSecr=3045560471 [TCP segment of a reassembled PDU]"
"56700","36.617659958","192.168.1.55","192.168.1.2","TCP","1514","8004  >  36696 [ACK] Seq=47974 Ack=144 Win=65024 Len=1448 TSval=2916040698 TSecr=3045560471 [TCP segment of a reassembled PDU]"
"56701","36.617661199","192.168.1.55","192.168.1.2","TCP","1514","8004  >  36696 [ACK] Seq=49422 Ack=144 Win=65024 Len=1448 TSval=2916040698 TSecr=3045560471 [TCP segment of a reassembled PDU]"
"56702","36.617662458","192.168.1.55","192.168.1.2","TCP","1514","8004  >  36696 [ACK] Seq=50870 Ack=144 Win=65024 Len=1448 TSval=2916040698 TSecr=3045560471 [TCP segment of a reassembled PDU]"
"56703","36.617664236","192.168.1.55","192.168.1.2","TCP","1514","8004  >  36696 [ACK] Seq=52318 Ack=144 Win=65024 Len=1448 TSval=2916040698 TSecr=3045560471 [TCP segment of a reassembled PDU]"
"56704","36.617665866","192.168.1.55","192.168.1.2","TCP","1514","8004  >  36696 [ACK] Seq=53766 Ack=144 Win=65024 Len=1448 TSval=2916040698 TSecr=3045560471 [TCP segment of a reassembled PDU]"
"56705","36.617667681","192.168.1.55","192.168.1.2","TCP","1514","8004  >  36696 [ACK] Seq=55214 Ack=144 Win=65024 Len=1448 TSval=2916040698 TSecr=3045560471 [TCP segment of a reassembled PDU]"
"56706","36.617669014","192.168.1.55","192.168.1.2","TCP","1514","8004  >  36696 [ACK] Seq=56662 Ack=144 Win=65024 Len=1448 TSval=2916040698 TSecr=3045560471 [TCP segment of a reassembled PDU]"
"56707","36.617670310","192.168.1.55","192.168.1.2","TCP","1514","8004  >  36696 [ACK] Seq=58110 Ack=144 Win=65024 Len=1448 TSval=2916040698 TSecr=3045560471 [TCP segment of a reassembled PDU]"
"56708","36.617671384","192.168.1.55","192.168.1.2","TCP","1514","8004  >  36696 [ACK] Seq=59558 Ack=144 Win=65024 Len=1448 TSval=2916040698 TSecr=3045560471 [TCP segment of a reassembled PDU]"
"56709","36.617672736","192.168.1.55","192.168.1.2","TCP","1514","8004  >  36696 [ACK] Seq=61006 Ack=144 Win=65024 Len=1448 TSval=2916040698 TSecr=3045560471 [TCP segment of a reassembled PDU]"
"56710","36.617674070","192.168.1.55","192.168.1.2","TCP","1514","8004  >  36696 [ACK] Seq=62454 Ack=144 Win=65024 Len=1448 TSval=2916040698 TSecr=3045560471 [TCP segment of a reassembled PDU]"
"56711","36.617675588","192.168.1.55","192.168.1.2","TCP","1514","8004  >  36696 [PSH, ACK] Seq=63902 Ack=144 Win=65024 Len=1448 TSval=2916040698 TSecr=3045560471 [TCP segment of a reassembled PDU]"
"56712","36.617680292","192.168.1.2","192.168.1.55","TCP","66","36696  >  8004 [ACK] Seq=144 Ack=27702 Win=84992 Len=0 TSval=3045560472 TSecr=2916040693"
"56713","36.617687977","192.168.1.2","192.168.1.55","TCP","66","36696  >  8004 [ACK] Seq=144 Ack=36390 Win=87040 Len=0 TSval=3045560472 TSecr=2916040693"
"56714","36.617715107","192.168.1.55","192.168.1.2","TCP","1514","8004  >  36696 [ACK] Seq=65350 Ack=144 Win=65024 Len=1448 TSval=2916040698 TSecr=3045560472 [TCP segment of a reassembled PDU]"
"56715","36.617717218","192.168.1.55","192.168.1.2","TCP","1514","8004  >  36696 [ACK] Seq=66798 Ack=144 Win=65024 Len=1448 TSval=2916040698 TSecr=3045560472 [TCP segment of a reassembled PDU]"
"56716","36.617718403","192.168.1.55","192.168.1.2","TCP","1514","8004  >  36696 [ACK] Seq=68246 Ack=144 Win=65024 Len=1448 TSval=2916040698 TSecr=3045560472 [TCP segment of a reassembled PDU]"
"56717","36.617720199","192.168.1.55","192.168.1.2","TCP","1514","8004  >  36696 [ACK] Seq=69694 Ack=144 Win=65024 Len=1448 TSval=2916040698 TSecr=3045560472 [TCP segment of a reassembled PDU]"
"56718","36.617721236","192.168.1.55","192.168.1.2","TCP","1514","8004  >  36696 [ACK] Seq=71142 Ack=144 Win=65024 Len=1448 TSval=2916040698 TSecr=3045560472 [TCP segment of a reassembled PDU]"
"56719","36.617722459","192.168.1.55","192.168.1.2","TCP","1514","8004  >  36696 [ACK] Seq=72590 Ack=144 Win=65024 Len=1448 TSval=2916040698 TSecr=3045560472 [TCP segment of a reassembled PDU]"
"56720","36.617723847","192.168.1.55","192.168.1.2","TCP","1514","8004  >  36696 [ACK] Seq=74038 Ack=144 Win=65024 Len=1448 TSval=2916040698 TSecr=3045560472 [TCP segment of a reassembled PDU]"
"56721","36.617724977","192.168.1.55","192.168.1.2","TCP","1514","8004  >  36696 [PSH, ACK] Seq=75486 Ack=144 Win=65024 Len=1448 TSval=2916040698 TSecr=3045560472 [TCP segment of a reassembled PDU]"
"56722","36.617782773","192.168.1.2","192.168.1.55","TCP","66","36696  >  8004 [ACK] Seq=144 Ack=39286 Win=93184 Len=0 TSval=3045560472 TSecr=2916040693"
"56723","36.617790403","192.168.1.2","192.168.1.55","TCP","66","36696  >  8004 [ACK] Seq=144 Ack=40734 Win=94208 Len=0 TSval=3045560473 TSecr=2916040693"
"56724","36.618772423","192.168.1.55","192.168.1.2","TCP","1514","8004  >  36696 [ACK] Seq=76934 Ack=144 Win=65024 Len=1448 TSval=2916040699 TSecr=3045560473 [TCP segment of a reassembled PDU]"
"56725","36.618779775","192.168.1.55","192.168.1.2","TCP","1514","8004  >  36696 [ACK] Seq=78382 Ack=144 Win=65024 Len=1448 TSval=2916040699 TSecr=3045560473 [TCP segment of a reassembled PDU]"
"56726","36.618781312","192.168.1.55","192.168.1.2","TCP","1514","8004  >  36696 [ACK] Seq=79830 Ack=144 Win=65024 Len=1448 TSval=2916040699 TSecr=3045560473 [TCP segment of a reassembled PDU]"
"56727","36.618782849","192.168.1.55","192.168.1.2","TCP","1514","8004  >  36696 [ACK] Seq=81278 Ack=144 Win=65024 Len=1448 TSval=2916040699 TSecr=3045560473 [TCP segment of a reassembled PDU]"
"56728","36.618783942","192.168.1.55","192.168.1.2","TCP","1514","8004  >  36696 [ACK] Seq=82726 Ack=144 Win=65024 Len=1448 TSval=2916040699 TSecr=3045560473 [TCP segment of a reassembled PDU]"
"56729","36.618785590","192.168.1.55","192.168.1.2","TCP","1514","8004  >  36696 [ACK] Seq=84174 Ack=144 Win=65024 Len=1448 TSval=2916040699 TSecr=3045560473 [TCP segment of a reassembled PDU]"
"56730","36.618786757","192.168.1.55","192.168.1.2","TCP","1514","8004  >  36696 [ACK] Seq=85622 Ack=144 Win=65024 Len=1448 TSval=2916040699 TSecr=3045560473 [TCP segment of a reassembled PDU]"
"56731","36.618789312","192.168.1.55","192.168.1.2","TCP","1514","8004  >  36696 [ACK] Seq=87070 Ack=144 Win=65024 Len=1448 TSval=2916040699 TSecr=3045560473 [TCP segment of a reassembled PDU]"
"56732","36.618790868","192.168.1.55","192.168.1.2","TCP","1514","8004  >  36696 [ACK] Seq=88518 Ack=144 Win=65024 Len=1448 TSval=2916040699 TSecr=3045560473 [TCP segment of a reassembled PDU]"
"56733","36.618791942","192.168.1.55","192.168.1.2","TCP","1514","8004  >  36696 [ACK] Seq=89966 Ack=144 Win=65024 Len=1448 TSval=2916040699 TSecr=3045560473 [TCP segment of a reassembled PDU]"
"56734","36.618793831","192.168.1.55","192.168.1.2","TCP","1514","8004  >  36696 [ACK] Seq=91414 Ack=144 Win=65024 Len=1448 TSval=2916040699 TSecr=3045560473 [TCP segment of a reassembled PDU]"
"56735","36.618794960","192.168.1.55","192.168.1.2","TCP","1514","8004  >  36696 [ACK] Seq=92862 Ack=144 Win=65024 Len=1448 TSval=2916040699 TSecr=3045560473 [TCP segment of a reassembled PDU]"
"56736","36.618796497","192.168.1.55","192.168.1.2","TCP","1514","8004  >  36696 [ACK] Seq=94310 Ack=144 Win=65024 Len=1448 TSval=2916040699 TSecr=3045560473 [TCP segment of a reassembled PDU]"
"56737","36.618798145","192.168.1.55","192.168.1.2","TCP","1514","8004  >  36696 [PSH, ACK] Seq=95758 Ack=144 Win=65024 Len=1448 TSval=2916040699 TSecr=3045560473 [TCP segment of a reassembled PDU]"
"56738","36.620106296","192.168.1.2","192.168.1.55","TCP","66","36696  >  8004 [ACK] Seq=144 Ack=42182 Win=94208 Len=0 TSval=3045560473 TSecr=2916040694"
"56739","36.620150462","192.168.1.55","192.168.1.2","TCP","1514","8004  >  36696 [ACK] Seq=97206 Ack=144 Win=65024 Len=1448 TSval=2916040700 TSecr=3045560473 [TCP segment of a reassembled PDU]"
"56740","36.620156036","192.168.1.55","192.168.1.2","TCP","1514","8004  >  36696 [PSH, ACK] Seq=98654 Ack=144 Win=65024 Len=1448 TSval=2916040700 TSecr=3045560473 [TCP segment of a reassembled PDU]"
"56741","36.623993061","192.168.1.2","192.168.1.55","TCP","66","36696  >  8004 [ACK] Seq=144 Ack=45078 Win=92160 Len=0 TSval=3045560477 TSecr=2916040698"
"56742","36.624011117","192.168.1.55","192.168.1.2","TCP","1514","8004  >  36696 [ACK] Seq=100102 Ack=144 Win=65024 Len=1448 TSval=2916040704 TSecr=3045560477 [TCP segment of a reassembled PDU]"
"56743","36.624013469","192.168.1.55","192.168.1.2","TCP","1514","8004  >  36696 [ACK] Seq=101550 Ack=144 Win=65024 Len=1448 TSval=2916040704 TSecr=3045560477 [TCP segment of a reassembled PDU]"
"56744","36.624014487","192.168.1.55","192.168.1.2","TCP","1514","8004  >  36696 [ACK] Seq=102998 Ack=144 Win=65024 Len=1448 TSval=2916040704 TSecr=3045560477 [TCP segment of a reassembled PDU]"
"56745","36.624015358","192.168.1.55","192.168.1.2","TCP","1514","8004  >  36696 [PSH, ACK] Seq=104446 Ack=144 Win=65024 Len=1448 TSval=2916040704 TSecr=3045560477 [TCP segment of a reassembled PDU]"
"56746","36.624316599","192.168.1.2","192.168.1.55","TCP","66","36696  >  8004 [ACK] Seq=144 Ack=61006 Win=79872 Len=0 TSval=3045560477 TSecr=2916040698"
"56747","36.624339117","192.168.1.55","192.168.1.2","TCP","1514","8004  >  36696 [ACK] Seq=105894 Ack=144 Win=65024 Len=1448 TSval=2916040705 TSecr=3045560477 [TCP segment of a reassembled PDU]"
"56748","36.624342025","192.168.1.55","192.168.1.2","TCP","1514","8004  >  36696 [ACK] Seq=107342 Ack=144 Win=65024 Len=1448 TSval=2916040705 TSecr=3045560477 [TCP segment of a reassembled PDU]"
"56749","36.624343080","192.168.1.55","192.168.1.2","TCP","1514","8004  >  36696 [ACK] Seq=108790 Ack=144 Win=65024 Len=1448 TSval=2916040705 TSecr=3045560477 [TCP segment of a reassembled PDU]"
"56750","36.624344043","192.168.1.55","192.168.1.2","TCP","1514","8004  >  36696 [ACK] Seq=110238 Ack=144 Win=65024 Len=1448 TSval=2916040705 TSecr=3045560477 [TCP segment of a reassembled PDU]"
"56751","36.624344969","192.168.1.55","192.168.1.2","TCP","1514","8004  >  36696 [ACK] Seq=111686 Ack=144 Win=65024 Len=1448 TSval=2916040705 TSecr=3045560477 [TCP segment of a reassembled PDU]"
"56752","36.624345969","192.168.1.55","192.168.1.2","TCP","1514","8004  >  36696 [ACK] Seq=113134 Ack=144 Win=65024 Len=1448 TSval=2916040705 TSecr=3045560477 [TCP segment of a reassembled PDU]"
"56753","36.624347173","192.168.1.55","192.168.1.2","TCP","1514","8004  >  36696 [PSH, ACK] Seq=114582 Ack=144 Win=65024 Len=1448 TSval=2916040705 TSecr=3045560477 [TCP segment of a reassembled PDU]"
"56754","36.624352562","192.168.1.2","192.168.1.55","TCP","66","36696  >  8004 [ACK] Seq=144 Ack=65350 Win=91136 Len=0 TSval=3045560479 TSecr=2916040698"
"56755","36.624382043","192.168.1.55","192.168.1.2","TCP","1514","8004  >  36696 [ACK] Seq=116030 Ack=144 Win=65024 Len=1448 TSval=2916040705 TSecr=3045560479 [TCP segment of a reassembled PDU]"
"56756","36.624383803","192.168.1.55","192.168.1.2","TCP","1514","8004  >  36696 [ACK] Seq=117478 Ack=144 Win=65024 Len=1448 TSval=2916040705 TSecr=3045560479 [TCP segment of a reassembled PDU]"
"56757","36.624384710","192.168.1.55","192.168.1.2","TCP","1514","8004  >  36696 [ACK] Seq=118926 Ack=144 Win=65024 Len=1448 TSval=2916040705 TSecr=3045560479 [TCP segment of a reassembled PDU]"
"56758","36.624385821","192.168.1.55","192.168.1.2","TCP","1514","8004  >  36696 [ACK] Seq=120374 Ack=144 Win=65024 Len=1448 TSval=2916040705 TSecr=3045560479 [TCP segment of a reassembled PDU]"
"56759","36.624386803","192.168.1.55","192.168.1.2","TCP","1514","8004  >  36696 [ACK] Seq=121822 Ack=144 Win=65024 Len=1448 TSval=2916040705 TSecr=3045560479 [TCP segment of a reassembled PDU]"
"56760","36.624387729","192.168.1.55","192.168.1.2","TCP","1514","8004  >  36696 [ACK] Seq=123270 Ack=144 Win=65024 Len=1448 TSval=2916040705 TSecr=3045560479 [TCP segment of a reassembled PDU]"
"56761","36.624388729","192.168.1.55","192.168.1.2","TCP","1514","8004  >  36696 [ACK] Seq=124718 Ack=144 Win=65024 Len=1448 TSval=2916040705 TSecr=3045560479 [TCP segment of a reassembled PDU]"
"56762","36.624389654","192.168.1.55","192.168.1.2","TCP","1514","8004  >  36696 [ACK] Seq=126166 Ack=144 Win=65024 Len=1448 TSval=2916040705 TSecr=3045560479 [TCP segment of a reassembled PDU]"
"56763","36.624390636","192.168.1.55","192.168.1.2","TCP","1514","8004  >  36696 [ACK] Seq=127614 Ack=144 Win=65024 Len=1448 TSval=2916040705 TSecr=3045560479 [TCP segment of a reassembled PDU]"
"56764","36.624391673","192.168.1.55","192.168.1.2","TCP","1514","8004  >  36696 [ACK] Seq=129062 Ack=144 Win=65024 Len=1448 TSval=2916040705 TSecr=3045560479 [TCP segment of a reassembled PDU]"
"56765","36.624392673","192.168.1.55","192.168.1.2","TCP","1514","8004  >  36696 [ACK] Seq=130510 Ack=144 Win=65024 Len=1448 TSval=2916040705 TSecr=3045560479 [TCP segment of a reassembled PDU]"
"56766","36.624393673","192.168.1.55","192.168.1.2","TCP","1514","8004  >  36696 [ACK] Seq=131958 Ack=144 Win=65024 Len=1448 TSval=2916040705 TSecr=3045560479 [TCP segment of a reassembled PDU]"
"56767","36.624394654","192.168.1.55","192.168.1.2","TCP","1514","8004  >  36696 [ACK] Seq=133406 Ack=144 Win=65024 Len=1448 TSval=2916040705 TSecr=3045560479 [TCP segment of a reassembled PDU]"
"56768","36.624395932","192.168.1.55","192.168.1.2","TCP","1514","8004  >  36696 [ACK] Seq=134854 Ack=144 Win=65024 Len=1448 TSval=2916040705 TSecr=3045560479 [TCP segment of a reassembled PDU]"
"56769","36.624396895","192.168.1.55","192.168.1.2","TCP","1514","8004  >  36696 [ACK] Seq=136302 Ack=144 Win=65024 Len=1448 TSval=2916040705 TSecr=3045560479 [TCP segment of a reassembled PDU]"
"56770","36.624397877","192.168.1.55","192.168.1.2","TCP","1514","8004  >  36696 [ACK] Seq=137750 Ack=144 Win=65024 Len=1448 TSval=2916040705 TSecr=3045560479 [TCP segment of a reassembled PDU]"
"56771","36.624398858","192.168.1.55","192.168.1.2","TCP","1514","8004  >  36696 [ACK] Seq=139198 Ack=144 Win=65024 Len=1448 TSval=2916040705 TSecr=3045560479 [TCP segment of a reassembled PDU]"
"56772","36.624399766","192.168.1.55","192.168.1.2","TCP","1514","8004  >  36696 [ACK] Seq=140646 Ack=144 Win=65024 Len=1448 TSval=2916040705 TSecr=3045560479 [TCP segment of a reassembled PDU]"
"56773","36.624400691","192.168.1.55","192.168.1.2","TCP","1514","8004  >  36696 [ACK] Seq=142094 Ack=144 Win=65024 Len=1448 TSval=2916040705 TSecr=3045560479 [TCP segment of a reassembled PDU]"
"56774","36.624401673","192.168.1.55","192.168.1.2","TCP","1514","8004  >  36696 [ACK] Seq=143542 Ack=144 Win=65024 Len=1448 TSval=2916040705 TSecr=3045560479 [TCP segment of a reassembled PDU]"
"56775","36.624402580","192.168.1.55","192.168.1.2","TCP","1514","8004  >  36696 [PSH, ACK] Seq=144990 Ack=144 Win=65024 Len=1448 TSval=2916040705 TSecr=3045560479 [TCP segment of a reassembled PDU]"
"56776","36.624405747","192.168.1.2","192.168.1.55","TCP","66","36696  >  8004 [ACK] Seq=144 Ack=76934 Win=88064 Len=0 TSval=3045560479 TSecr=2916040698"
"56777","36.624422803","192.168.1.55","192.168.1.2","TCP","1514","8004  >  36696 [ACK] Seq=146438 Ack=144 Win=65024 Len=1448 TSval=2916040705 TSecr=3045560479 [TCP segment of a reassembled PDU]"
"56778","36.624424303","192.168.1.55","192.168.1.2","TCP","1514","8004  >  36696 [ACK] Seq=147886 Ack=144 Win=65024 Len=1448 TSval=2916040705 TSecr=3045560479 [TCP segment of a reassembled PDU]"
"56779","36.624425506","192.168.1.55","192.168.1.2","TCP","1514","8004  >  36696 [ACK] Seq=149334 Ack=144 Win=65024 Len=1448 TSval=2916040705 TSecr=3045560479 [TCP segment of a reassembled PDU]"
"56780","36.624426784","192.168.1.55","192.168.1.2","TCP","1514","8004  >  36696 [ACK] Seq=150782 Ack=144 Win=65024 Len=1448 TSval=2916040705 TSecr=3045560479 [TCP segment of a reassembled PDU]"
"56781","36.624427821","192.168.1.55","192.168.1.2","TCP","1514","8004  >  36696 [ACK] Seq=152230 Ack=144 Win=65024 Len=1448 TSval=2916040705 TSecr=3045560479 [TCP segment of a reassembled PDU]"
"56782","36.624428803","192.168.1.55","192.168.1.2","TCP","1514","8004  >  36696 [PSH, ACK] Seq=153678 Ack=144 Win=65024 Len=1448 TSval=2916040705 TSecr=3045560479 [TCP segment of a reassembled PDU]"
"56783","36.625739860","192.168.1.55","192.168.1.2","TCP","1514","8004  >  36696 [ACK] Seq=155126 Ack=144 Win=65024 Len=1448 TSval=2916040706 TSecr=3045560479 [TCP segment of a reassembled PDU]"
"56784","36.625750786","192.168.1.55","192.168.1.2","TCP","1514","8004  >  36696 [ACK] Seq=156574 Ack=144 Win=65024 Len=1448 TSval=2916040706 TSecr=3045560479 [TCP segment of a reassembled PDU]"
"56785","36.625753194","192.168.1.55","192.168.1.2","TCP","1514","8004  >  36696 [ACK] Seq=158022 Ack=144 Win=65024 Len=1448 TSval=2916040706 TSecr=3045560479 [TCP segment of a reassembled PDU]"
"56786","36.625754712","192.168.1.55","192.168.1.2","TCP","1514","8004  >  36696 [ACK] Seq=159470 Ack=144 Win=65024 Len=1448 TSval=2916040706 TSecr=3045560479 [TCP segment of a reassembled PDU]"
"56787","36.625756712","192.168.1.55","192.168.1.2","TCP","1514","8004  >  36696 [ACK] Seq=160918 Ack=144 Win=65024 Len=1448 TSval=2916040706 TSecr=3045560479 [TCP segment of a reassembled PDU]"
"56788","36.625758953","192.168.1.55","192.168.1.2","TCP","1514","8004  >  36696 [ACK] Seq=162366 Ack=144 Win=65024 Len=1448 TSval=2916040706 TSecr=3045560479 [TCP segment of a reassembled PDU]"
"56789","36.625760453","192.168.1.55","192.168.1.2","TCP","1250","[TCP Window Full] 8004  >  36696 [PSH, ACK] Seq=163814 Ack=144 Win=65024 Len=1184 TSval=2916040706 TSecr=3045560479 [TCP segment of a reassembled PDU]"
"56790","36.629689756","192.168.1.2","192.168.1.55","TCP","66","36696  >  8004 [ACK] Seq=144 Ack=97206 Win=68608 Len=0 TSval=3045560479 TSecr=2916040699"
"56791","36.629770571","192.168.1.2","192.168.1.55","TCP","66","36696  >  8004 [ACK] Seq=144 Ack=100102 Win=66560 Len=0 TSval=3045560479 TSecr=2916040700"
"56792","36.629801348","192.168.1.55","192.168.1.2","TCP","1514","8004  >  36696 [ACK] Seq=164998 Ack=144 Win=65024 Len=1448 TSval=2916040710 TSecr=3045560479 [TCP segment of a reassembled PDU]"
"56793","36.631485518","192.168.1.2","192.168.1.55","TCP","66","36696  >  8004 [ACK] Seq=144 Ack=104446 Win=92160 Len=0 TSval=3045560484 TSecr=2916040704"
"56794","36.631526629","192.168.1.55","192.168.1.2","TCP","1514","8004  >  36696 [ACK] Seq=166446 Ack=144 Win=65024 Len=1448 TSval=2916040712 TSecr=3045560484 [TCP segment of a reassembled PDU]"
"56795","36.631529703","192.168.1.55","192.168.1.2","TCP","1514","8004  >  36696 [ACK] Seq=167894 Ack=144 Win=65024 Len=1448 TSval=2916040712 TSecr=3045560484 [TCP segment of a reassembled PDU]"
"56796","36.631530666","192.168.1.55","192.168.1.2","TCP","1514","8004  >  36696 [ACK] Seq=169342 Ack=144 Win=65024 Len=1448 TSval=2916040712 TSecr=3045560484 [TCP segment of a reassembled PDU]"
"56797","36.631531981","192.168.1.55","192.168.1.2","TCP","1514","8004  >  36696 [ACK] Seq=170790 Ack=144 Win=65024 Len=1448 TSval=2916040712 TSecr=3045560484 [TCP segment of a reassembled PDU]"
"56798","36.631533573","192.168.1.55","192.168.1.2","TCP","1514","8004  >  36696 [ACK] Seq=172238 Ack=144 Win=65024 Len=1448 TSval=2916040712 TSecr=3045560484 [TCP segment of a reassembled PDU]"
"56799","36.631535333","192.168.1.55","192.168.1.2","TCP","1514","8004  >  36696 [ACK] Seq=173686 Ack=144 Win=65024 Len=1448 TSval=2916040712 TSecr=3045560484 [TCP segment of a reassembled PDU]"
"56800","36.631536814","192.168.1.55","192.168.1.2","TCP","1514","8004  >  36696 [ACK] Seq=175134 Ack=144 Win=65024 Len=1448 TSval=2916040712 TSecr=3045560484 [TCP segment of a reassembled PDU]"
"56801","36.631537740","192.168.1.55","192.168.1.2","TCP","1514","8004  >  36696 [ACK] Seq=176582 Ack=144 Win=65024 Len=1448 TSval=2916040712 TSecr=3045560484 [TCP segment of a reassembled PDU]"
"56802","36.631538629","192.168.1.55","192.168.1.2","TCP","1514","8004  >  36696 [ACK] Seq=178030 Ack=144 Win=65024 Len=1448 TSval=2916040712 TSecr=3045560484 [TCP segment of a reassembled PDU]"
"56803","36.631547518","192.168.1.55","192.168.1.2","TCP","1514","8004  >  36696 [ACK] Seq=179478 Ack=144 Win=65024 Len=1448 TSval=2916040712 TSecr=3045560484 [TCP segment of a reassembled PDU]"
"56804","36.631549610","192.168.1.55","192.168.1.2","TCP","1514","8004  >  36696 [ACK] Seq=180926 Ack=144 Win=65024 Len=1448 TSval=2916040712 TSecr=3045560484 [TCP segment of a reassembled PDU]"
"56805","36.631551481","192.168.1.55","192.168.1.2","TCP","1514","8004  >  36696 [ACK] Seq=182374 Ack=144 Win=65024 Len=1448 TSval=2916040712 TSecr=3045560484 [TCP segment of a reassembled PDU]"
"56806","36.631553073","192.168.1.55","192.168.1.2","TCP","1514","8004  >  36696 [ACK] Seq=183822 Ack=144 Win=65024 Len=1448 TSval=2916040712 TSecr=3045560484 [TCP segment of a reassembled PDU]"
"56807","36.631554666","192.168.1.55","192.168.1.2","TCP","1514","8004  >  36696 [ACK] Seq=185270 Ack=144 Win=65024 Len=1448 TSval=2916040712 TSecr=3045560484 [TCP segment of a reassembled PDU]"
"56808","36.631555722","192.168.1.55","192.168.1.2","TCP","1514","8004  >  36696 [ACK] Seq=186718 Ack=144 Win=65024 Len=1448 TSval=2916040712 TSecr=3045560484 [TCP segment of a reassembled PDU]"
"56809","36.631556999","192.168.1.55","192.168.1.2","TCP","1514","8004  >  36696 [ACK] Seq=188166 Ack=144 Win=65024 Len=1448 TSval=2916040712 TSecr=3045560484 [TCP segment of a reassembled PDU]"
"56810","36.631558055","192.168.1.55","192.168.1.2","TCP","1514","8004  >  36696 [ACK] Seq=189614 Ack=144 Win=65024 Len=1448 TSval=2916040712 TSecr=3045560484 [TCP segment of a reassembled PDU]"
"56811","36.631559425","192.168.1.55","192.168.1.2","TCP","1514","8004  >  36696 [ACK] Seq=191062 Ack=144 Win=65024 Len=1448 TSval=2916040712 TSecr=3045560484 [TCP segment of a reassembled PDU]"
"56812","36.631561573","192.168.1.55","192.168.1.2","TCP","1514","8004  >  36696 [ACK] Seq=192510 Ack=144 Win=65024 Len=1448 TSval=2916040712 TSecr=3045560484 [TCP segment of a reassembled PDU]"
"56813","36.631562888","192.168.1.55","192.168.1.2","TCP","1514","8004  >  36696 [PSH, ACK] Seq=193958 Ack=144 Win=65024 Len=1448 TSval=2916040712 TSecr=3045560484 [TCP segment of a reassembled PDU]"
"56814","36.632588112","192.168.1.2","192.168.1.55","TCP","66","36696  >  8004 [ACK] Seq=144 Ack=105894 Win=97280 Len=0 TSval=3045560486 TSecr=2916040704"
"56815","36.632609927","192.168.1.55","192.168.1.2","TCP","1514","8004  >  36696 [ACK] Seq=195406 Ack=144 Win=65024 Len=1448 TSval=2916040713 TSecr=3045560486 [TCP segment of a reassembled PDU]"
"56816","36.632611742","192.168.1.55","192.168.1.2","TCP","1514","8004  >  36696 [ACK] Seq=196854 Ack=144 Win=65024 Len=1448 TSval=2916040713 TSecr=3045560486 [TCP segment of a reassembled PDU]"
"56817","36.632612945","192.168.1.55","192.168.1.2","TCP","1514","8004  >  36696 [ACK] Seq=198302 Ack=144 Win=65024 Len=1448 TSval=2916040713 TSecr=3045560486 [TCP segment of a reassembled PDU]"
"56818","36.632614149","192.168.1.55","192.168.1.2","TCP","1514","8004  >  36696 [PSH, ACK] Seq=199750 Ack=144 Win=65024 Len=1448 TSval=2916040713 TSecr=3045560486 [TCP segment of a reassembled PDU]"
"56819","36.632619334","192.168.1.55","192.168.1.2","TCP","330","8004  >  36696 [ACK] Seq=201198 Ack=144 Win=65024 Len=264 TSval=2916040713 TSecr=3045560486 [TCP segment of a reassembled PDU]"
"56820","36.632622964","192.168.1.2","192.168.1.55","TCP","66","36696  >  8004 [ACK] Seq=144 Ack=116030 Win=88064 Len=0 TSval=3045560486 TSecr=2916040705"
"56821","36.632629353","192.168.1.2","192.168.1.55","TCP","66","36696  >  8004 [ACK] Seq=144 Ack=146438 Win=58368 Len=0 TSval=3045560486 TSecr=2916040705"
"56822","36.632677464","192.168.1.2","192.168.1.55","TCP","66","36696  >  8004 [ACK] Seq=144 Ack=155126 Win=60416 Len=0 TSval=3045560486 TSecr=2916040705"
"56823","36.632683186","192.168.1.2","192.168.1.55","TCP","66","36696  >  8004 [ACK] Seq=144 Ack=164998 Win=51200 Len=0 TSval=3045560486 TSecr=2916040706"
"56824","36.632712353","192.168.1.55","192.168.1.2","TCP","1514","8004  >  36696 [ACK] Seq=201462 Ack=144 Win=65024 Len=1448 TSval=2916040713 TSecr=3045560486 [TCP segment of a reassembled PDU]"
"56825","36.632713742","192.168.1.55","192.168.1.2","TCP","1514","8004  >  36696 [ACK] Seq=202910 Ack=144 Win=65024 Len=1448 TSval=2916040713 TSecr=3045560486 [TCP segment of a reassembled PDU]"
"56826","36.632715149","192.168.1.55","192.168.1.2","TCP","1514","8004  >  36696 [ACK] Seq=204358 Ack=144 Win=65024 Len=1448 TSval=2916040713 TSecr=3045560486 [TCP segment of a reassembled PDU]"
"56827","36.632716390","192.168.1.55","192.168.1.2","TCP","1514","8004  >  36696 [ACK] Seq=205806 Ack=144 Win=65024 Len=1448 TSval=2916040713 TSecr=3045560486 [TCP segment of a reassembled PDU]"
"56828","36.632717816","192.168.1.55","192.168.1.2","TCP","1514","8004  >  36696 [ACK] Seq=207254 Ack=144 Win=65024 Len=1448 TSval=2916040713 TSecr=3045560486 [TCP segment of a reassembled PDU]"
"56829","36.632719242","192.168.1.55","192.168.1.2","TCP","1514","8004  >  36696 [ACK] Seq=208702 Ack=144 Win=65024 Len=1448 TSval=2916040713 TSecr=3045560486 [TCP segment of a reassembled PDU]"
"56830","36.632720186","192.168.1.55","192.168.1.2","TCP","1514","8004  >  36696 [ACK] Seq=210150 Ack=144 Win=65024 Len=1448 TSval=2916040713 TSecr=3045560486 [TCP segment of a reassembled PDU]"
"56831","36.632721075","192.168.1.55","192.168.1.2","TCP","1514","8004  >  36696 [ACK] Seq=211598 Ack=144 Win=65024 Len=1448 TSval=2916040713 TSecr=3045560486 [TCP segment of a reassembled PDU]"
"56832","36.632722427","192.168.1.55","192.168.1.2","TCP","1514","8004  >  36696 [ACK] Seq=213046 Ack=144 Win=65024 Len=1448 TSval=2916040713 TSecr=3045560486 [TCP segment of a reassembled PDU]"
"56833","36.632723520","192.168.1.55","192.168.1.2","TCP","1514","8004  >  36696 [PSH, ACK] Seq=214494 Ack=144 Win=65024 Len=1448 TSval=2916040713 TSecr=3045560486 [TCP segment of a reassembled PDU]"
"56834","36.638413918","192.168.1.2","192.168.1.55","TCP","66","36696  >  8004 [ACK] Seq=144 Ack=195406 Win=68608 Len=0 TSval=3045560492 TSecr=2916040710"
"56835","36.638443844","192.168.1.55","192.168.1.2","TCP","1514","8004  >  36696 [ACK] Seq=215942 Ack=144 Win=65024 Len=1448 TSval=2916040719 TSecr=3045560492 [TCP segment of a reassembled PDU]"
"56836","36.638446066","192.168.1.55","192.168.1.2","TCP","1514","8004  >  36696 [ACK] Seq=217390 Ack=144 Win=65024 Len=1448 TSval=2916040719 TSecr=3045560492 [TCP segment of a reassembled PDU]"
"56837","36.638447196","192.168.1.55","192.168.1.2","TCP","1514","8004  >  36696 [ACK] Seq=218838 Ack=144 Win=65024 Len=1448 TSval=2916040719 TSecr=3045560492 [TCP segment of a reassembled PDU]"
"56838","36.638448251","192.168.1.55","192.168.1.2","TCP","1514","8004  >  36696 [ACK] Seq=220286 Ack=144 Win=65024 Len=1448 TSval=2916040719 TSecr=3045560492 [TCP segment of a reassembled PDU]"
"56839","36.638449640","192.168.1.55","192.168.1.2","TCP","1514","8004  >  36696 [ACK] Seq=221734 Ack=144 Win=65024 Len=1448 TSval=2916040719 TSecr=3045560492 [TCP segment of a reassembled PDU]"
"56840","36.638450640","192.168.1.55","192.168.1.2","TCP","1514","8004  >  36696 [ACK] Seq=223182 Ack=144 Win=65024 Len=1448 TSval=2916040719 TSecr=3045560492 [TCP segment of a reassembled PDU]"
"56841","36.638451714","192.168.1.55","192.168.1.2","TCP","1514","8004  >  36696 [ACK] Seq=224630 Ack=144 Win=65024 Len=1448 TSval=2916040719 TSecr=3045560492 [TCP segment of a reassembled PDU]"
"56842","36.638452936","192.168.1.55","192.168.1.2","TCP","1514","8004  >  36696 [ACK] Seq=226078 Ack=144 Win=65024 Len=1448 TSval=2916040719 TSecr=3045560492 [TCP segment of a reassembled PDU]"
"56843","36.638454029","192.168.1.55","192.168.1.2","TCP","1514","8004  >  36696 [ACK] Seq=227526 Ack=144 Win=65024 Len=1448 TSval=2916040719 TSecr=3045560492 [TCP segment of a reassembled PDU]"
"56844","36.638455325","192.168.1.55","192.168.1.2","TCP","1514","8004  >  36696 [ACK] Seq=228974 Ack=144 Win=65024 Len=1448 TSval=2916040719 TSecr=3045560492 [TCP segment of a reassembled PDU]"
"56845","36.638456325","192.168.1.55","192.168.1.2","TCP","1514","8004  >  36696 [ACK] Seq=230422 Ack=144 Win=65024 Len=1448 TSval=2916040719 TSecr=3045560492 [TCP segment of a reassembled PDU]"
"56846","36.638457344","192.168.1.55","192.168.1.2","TCP","1514","8004  >  36696 [ACK] Seq=231870 Ack=144 Win=65024 Len=1448 TSval=2916040719 TSecr=3045560492 [TCP segment of a reassembled PDU]"
"56847","36.638458455","192.168.1.55","192.168.1.2","TCP","1514","8004  >  36696 [ACK] Seq=233318 Ack=144 Win=65024 Len=1448 TSval=2916040719 TSecr=3045560492 [TCP segment of a reassembled PDU]"
"56848","36.638459566","192.168.1.55","192.168.1.2","TCP","1514","8004  >  36696 [ACK] Seq=234766 Ack=144 Win=65024 Len=1448 TSval=2916040719 TSecr=3045560492 [TCP segment of a reassembled PDU]"
"56849","36.638460566","192.168.1.55","192.168.1.2","TCP","1514","8004  >  36696 [ACK] Seq=236214 Ack=144 Win=65024 Len=1448 TSval=2916040719 TSecr=3045560492 [TCP segment of a reassembled PDU]"
"56850","36.638461696","192.168.1.55","192.168.1.2","TCP","1514","8004  >  36696 [ACK] Seq=237662 Ack=144 Win=65024 Len=1448 TSval=2916040719 TSecr=3045560492 [TCP segment of a reassembled PDU]"
"56851","36.638462733","192.168.1.55","192.168.1.2","TCP","1514","8004  >  36696 [ACK] Seq=239110 Ack=144 Win=65024 Len=1448 TSval=2916040719 TSecr=3045560492 [TCP segment of a reassembled PDU]"
"56852","36.638463844","192.168.1.55","192.168.1.2","TCP","1514","8004  >  36696 [ACK] Seq=240558 Ack=144 Win=65024 Len=1448 TSval=2916040719 TSecr=3045560492 [TCP segment of a reassembled PDU]"
"56853","36.638465233","192.168.1.55","192.168.1.2","TCP","1514","8004  >  36696 [ACK] Seq=242006 Ack=144 Win=65024 Len=1448 TSval=2916040719 TSecr=3045560492 [TCP segment of a reassembled PDU]"
"56854","36.638466270","192.168.1.55","192.168.1.2","TCP","1514","8004  >  36696 [ACK] Seq=243454 Ack=144 Win=65024 Len=1448 TSval=2916040719 TSecr=3045560492 [TCP segment of a reassembled PDU]"
"56855","36.638467307","192.168.1.55","192.168.1.2","TCP","1514","8004  >  36696 [ACK] Seq=244902 Ack=144 Win=65024 Len=1448 TSval=2916040719 TSecr=3045560492 [TCP segment of a reassembled PDU]"
"56856","36.638468381","192.168.1.55","192.168.1.2","TCP","1514","8004  >  36696 [PSH, ACK] Seq=246350 Ack=144 Win=65024 Len=1448 TSval=2916040719 TSecr=3045560492 [TCP segment of a reassembled PDU]"
"56857","36.639347364","192.168.1.2","192.168.1.55","TCP","66","36696  >  8004 [ACK] Seq=144 Ack=201198 Win=105472 Len=0 TSval=3045560492 TSecr=2916040713"
"56858","36.639379568","192.168.1.55","192.168.1.2","TCP","1514","8004  >  36696 [ACK] Seq=247798 Ack=144 Win=65024 Len=1448 TSval=2916040720 TSecr=3045560492 [TCP segment of a reassembled PDU]"
"56859","36.639381216","192.168.1.55","192.168.1.2","TCP","1514","8004  >  36696 [ACK] Seq=249246 Ack=144 Win=65024 Len=1448 TSval=2916040720 TSecr=3045560492 [TCP segment of a reassembled PDU]"
"56860","36.639382271","192.168.1.55","192.168.1.2","TCP","1514","8004  >  36696 [ACK] Seq=250694 Ack=144 Win=65024 Len=1448 TSval=2916040720 TSecr=3045560492 [TCP segment of a reassembled PDU]"
"56861","36.639383382","192.168.1.55","192.168.1.2","TCP","1514","8004  >  36696 [ACK] Seq=252142 Ack=144 Win=65024 Len=1448 TSval=2916040720 TSecr=3045560492 [TCP segment of a reassembled PDU]"
"56862","36.639384401","192.168.1.55","192.168.1.2","TCP","1514","8004  >  36696 [ACK] Seq=253590 Ack=144 Win=65024 Len=1448 TSval=2916040720 TSecr=3045560492 [TCP segment of a reassembled PDU]"
"56863","36.639385512","192.168.1.55","192.168.1.2","TCP","1514","8004  >  36696 [ACK] Seq=255038 Ack=144 Win=65024 Len=1448 TSval=2916040720 TSecr=3045560492 [TCP segment of a reassembled PDU]"
"56864","36.639386530","192.168.1.55","192.168.1.2","TCP","1514","8004  >  36696 [ACK] Seq=256486 Ack=144 Win=65024 Len=1448 TSval=2916040720 TSecr=3045560492 [TCP segment of a reassembled PDU]"
"56865","36.639387549","192.168.1.55","192.168.1.2","TCP","1514","8004  >  36696 [ACK] Seq=257934 Ack=144 Win=65024 Len=1448 TSval=2916040720 TSecr=3045560492 [TCP segment of a reassembled PDU]"
"56866","36.639388642","192.168.1.55","192.168.1.2","TCP","1514","8004  >  36696 [ACK] Seq=259382 Ack=144 Win=65024 Len=1448 TSval=2916040720 TSecr=3045560492 [TCP segment of a reassembled PDU]"
"56867","36.639389660","192.168.1.55","192.168.1.2","TCP","1514","8004  >  36696 [ACK] Seq=260830 Ack=144 Win=65024 Len=1448 TSval=2916040720 TSecr=3045560492 [TCP segment of a reassembled PDU]"
"56868","36.639390901","192.168.1.55","192.168.1.2","TCP","1514","8004  >  36696 [ACK] Seq=262278 Ack=144 Win=65024 Len=1448 TSval=2916040720 TSecr=3045560492 [TCP segment of a reassembled PDU]"
"56869","36.639392216","192.168.1.55","192.168.1.2","TCP","1514","8004  >  36696 [ACK] Seq=263726 Ack=144 Win=65024 Len=1448 TSval=2916040720 TSecr=3045560492 [TCP segment of a reassembled PDU]"
"56870","36.639393271","192.168.1.55","192.168.1.2","TCP","1514","8004  >  36696 [ACK] Seq=265174 Ack=144 Win=65024 Len=1448 TSval=2916040720 TSecr=3045560492 [TCP segment of a reassembled PDU]"
"56871","36.639394456","192.168.1.55","192.168.1.2","TCP","1514","8004  >  36696 [ACK] Seq=266622 Ack=144 Win=65024 Len=1448 TSval=2916040720 TSecr=3045560492 [TCP segment of a reassembled PDU]"
"56872","36.639395475","192.168.1.55","192.168.1.2","TCP","1514","8004  >  36696 [ACK] Seq=268070 Ack=144 Win=65024 Len=1448 TSval=2916040720 TSecr=3045560492 [TCP segment of a reassembled PDU]"
"56873","36.639396512","192.168.1.55","192.168.1.2","TCP","1514","8004  >  36696 [ACK] Seq=269518 Ack=144 Win=65024 Len=1448 TSval=2916040720 TSecr=3045560492 [TCP segment of a reassembled PDU]"
"56874","36.639397623","192.168.1.55","192.168.1.2","TCP","1514","8004  >  36696 [ACK] Seq=270966 Ack=144 Win=65024 Len=1448 TSval=2916040720 TSecr=3045560492 [TCP segment of a reassembled PDU]"
"56875","36.639398660","192.168.1.55","192.168.1.2","TCP","1514","8004  >  36696 [ACK] Seq=272414 Ack=144 Win=65024 Len=1448 TSval=2916040720 TSecr=3045560492 [TCP segment of a reassembled PDU]"
"56876","36.639399771","192.168.1.55","192.168.1.2","TCP","1514","8004  >  36696 [ACK] Seq=273862 Ack=144 Win=65024 Len=1448 TSval=2916040720 TSecr=3045560492 [TCP segment of a reassembled PDU]"
"56877","36.639400808","192.168.1.55","192.168.1.2","TCP","1514","8004  >  36696 [ACK] Seq=275310 Ack=144 Win=65024 Len=1448 TSval=2916040720 TSecr=3045560492 [TCP segment of a reassembled PDU]"
"56878","36.639401827","192.168.1.55","192.168.1.2","TCP","1514","8004  >  36696 [ACK] Seq=276758 Ack=144 Win=65024 Len=1448 TSval=2916040720 TSecr=3045560492 [TCP segment of a reassembled PDU]"
"56879","36.639403382","192.168.1.55","192.168.1.2","TCP","1514","8004  >  36696 [ACK] Seq=278206 Ack=144 Win=65024 Len=1448 TSval=2916040720 TSecr=3045560492 [TCP segment of a reassembled PDU]"
"56880","36.639404438","192.168.1.55","192.168.1.2","TCP","1514","8004  >  36696 [ACK] Seq=279654 Ack=144 Win=65024 Len=1448 TSval=2916040720 TSecr=3045560492 [TCP segment of a reassembled PDU]"
"56881","36.639405549","192.168.1.55","192.168.1.2","TCP","1514","8004  >  36696 [ACK] Seq=281102 Ack=144 Win=65024 Len=1448 TSval=2916040720 TSecr=3045560492 [TCP segment of a reassembled PDU]"
"56882","36.639406568","192.168.1.55","192.168.1.2","TCP","1514","8004  >  36696 [ACK] Seq=282550 Ack=144 Win=65024 Len=1448 TSval=2916040720 TSecr=3045560492 [TCP segment of a reassembled PDU]"
"56883","36.639407679","192.168.1.55","192.168.1.2","TCP","1514","8004  >  36696 [ACK] Seq=283998 Ack=144 Win=65024 Len=1448 TSval=2916040720 TSecr=3045560492 [TCP segment of a reassembled PDU]"
"56884","36.639408771","192.168.1.55","192.168.1.2","TCP","1514","8004  >  36696 [ACK] Seq=285446 Ack=144 Win=65024 Len=1448 TSval=2916040720 TSecr=3045560492 [TCP segment of a reassembled PDU]"
"56885","36.639409808","192.168.1.55","192.168.1.2","TCP","1514","8004  >  36696 [ACK] Seq=286894 Ack=144 Win=65024 Len=1448 TSval=2916040720 TSecr=3045560492 [TCP segment of a reassembled PDU]"
"56886","36.639410919","192.168.1.55","192.168.1.2","TCP","1514","8004  >  36696 [ACK] Seq=288342 Ack=144 Win=65024 Len=1448 TSval=2916040720 TSecr=3045560492 [TCP segment of a reassembled PDU]"
"56887","36.639411956","192.168.1.55","192.168.1.2","TCP","1514","8004  >  36696 [ACK] Seq=289790 Ack=144 Win=65024 Len=1448 TSval=2916040720 TSecr=3045560492 [TCP segment of a reassembled PDU]"
"56888","36.639412975","192.168.1.55","192.168.1.2","TCP","1514","8004  >  36696 [ACK] Seq=291238 Ack=144 Win=65024 Len=1448 TSval=2916040720 TSecr=3045560492 [TCP segment of a reassembled PDU]"
"56889","36.639414142","192.168.1.55","192.168.1.2","TCP","1514","8004  >  36696 [PSH, ACK] Seq=292686 Ack=144 Win=65024 Len=1448 TSval=2916040720 TSecr=3045560492 [TCP segment of a reassembled PDU]"
"56890","36.639418012","192.168.1.2","192.168.1.55","TCP","66","36696  >  8004 [ACK] Seq=144 Ack=211598 Win=105472 Len=0 TSval=3045560492 TSecr=2916040713"
"56891","36.639424438","192.168.1.2","192.168.1.55","TCP","66","36696  >  8004 [ACK] Seq=144 Ack=215942 Win=110592 Len=0 TSval=3045560493 TSecr=2916040713"
"56892","36.639449123","192.168.1.55","192.168.1.2","TCP","1514","8004  >  36696 [ACK] Seq=294134 Ack=144 Win=65024 Len=1448 TSval=2916040720 TSecr=3045560493 [TCP segment of a reassembled PDU]"
"56893","36.639450753","192.168.1.55","192.168.1.2","TCP","1514","8004  >  36696 [ACK] Seq=295582 Ack=144 Win=65024 Len=1448 TSval=2916040720 TSecr=3045560493 [TCP segment of a reassembled PDU]"
"56894","36.639451771","192.168.1.55","192.168.1.2","TCP","1514","8004  >  36696 [ACK] Seq=297030 Ack=144 Win=65024 Len=1448 TSval=2916040720 TSecr=3045560493 [TCP segment of a reassembled PDU]"
"56895","36.639452790","192.168.1.55","192.168.1.2","TCP","1514","8004  >  36696 [ACK] Seq=298478 Ack=144 Win=65024 Len=1448 TSval=2916040720 TSecr=3045560493 [TCP segment of a reassembled PDU]"
"56896","36.639453938","192.168.1.55","192.168.1.2","TCP","1514","8004  >  36696 [ACK] Seq=299926 Ack=144 Win=65024 Len=1448 TSval=2916040720 TSecr=3045560493 [TCP segment of a reassembled PDU]"
"56897","36.639455031","192.168.1.55","192.168.1.2","TCP","1514","8004  >  36696 [ACK] Seq=301374 Ack=144 Win=65024 Len=1448 TSval=2916040720 TSecr=3045560493 [TCP segment of a reassembled PDU]"
"56898","36.639456142","192.168.1.55","192.168.1.2","TCP","1514","8004  >  36696 [ACK] Seq=302822 Ack=144 Win=65024 Len=1448 TSval=2916040720 TSecr=3045560493 [TCP segment of a reassembled PDU]"
"56899","36.639457160","192.168.1.55","192.168.1.2","TCP","1514","8004  >  36696 [ACK] Seq=304270 Ack=144 Win=65024 Len=1448 TSval=2916040720 TSecr=3045560493 [TCP segment of a reassembled PDU]"
"56900","36.639458290","192.168.1.55","192.168.1.2","TCP","1514","8004  >  36696 [ACK] Seq=305718 Ack=144 Win=65024 Len=1448 TSval=2916040720 TSecr=3045560493 [TCP segment of a reassembled PDU]"
"56901","36.639459457","192.168.1.55","192.168.1.2","TCP","1514","8004  >  36696 [ACK] Seq=307166 Ack=144 Win=65024 Len=1448 TSval=2916040720 TSecr=3045560493 [TCP segment of a reassembled PDU]"
"56902","36.639460512","192.168.1.55","192.168.1.2","TCP","1514","8004  >  36696 [ACK] Seq=308614 Ack=144 Win=65024 Len=1448 TSval=2916040720 TSecr=3045560493 [TCP segment of a reassembled PDU]"
"56903","36.639461549","192.168.1.55","192.168.1.2","TCP","1514","8004  >  36696 [ACK] Seq=310062 Ack=144 Win=65024 Len=1448 TSval=2916040720 TSecr=3045560493 [TCP segment of a reassembled PDU]"
"56904","36.639462827","192.168.1.55","192.168.1.2","TCP","1514","8004  >  36696 [ACK] Seq=311510 Ack=144 Win=65024 Len=1448 TSval=2916040720 TSecr=3045560493 [TCP segment of a reassembled PDU]"
"56905","36.639463882","192.168.1.55","192.168.1.2","TCP","1514","8004  >  36696 [ACK] Seq=312958 Ack=144 Win=65024 Len=1448 TSval=2916040720 TSecr=3045560493 [TCP segment of a reassembled PDU]"
"56906","36.639465031","192.168.1.55","192.168.1.2","TCP","1514","8004  >  36696 [ACK] Seq=314406 Ack=144 Win=65024 Len=1448 TSval=2916040720 TSecr=3045560493 [TCP segment of a reassembled PDU]"
"56907","36.639466290","192.168.1.55","192.168.1.2","TCP","1514","8004  >  36696 [ACK] Seq=315854 Ack=144 Win=65024 Len=1448 TSval=2916040720 TSecr=3045560493 [TCP segment of a reassembled PDU]"
"56908","36.639467327","192.168.1.55","192.168.1.2","TCP","1514","8004  >  36696 [ACK] Seq=317302 Ack=144 Win=65024 Len=1448 TSval=2916040720 TSecr=3045560493 [TCP segment of a reassembled PDU]"
"56909","36.639468438","192.168.1.55","192.168.1.2","TCP","1514","8004  >  36696 [ACK] Seq=318750 Ack=144 Win=65024 Len=1448 TSval=2916040720 TSecr=3045560493 [TCP segment of a reassembled PDU]"
"56910","36.639469531","192.168.1.55","192.168.1.2","TCP","1514","8004  >  36696 [ACK] Seq=320198 Ack=144 Win=65024 Len=1448 TSval=2916040720 TSecr=3045560493 [TCP segment of a reassembled PDU]"
"56911","36.639470642","192.168.1.55","192.168.1.2","TCP","1514","8004  >  36696 [ACK] Seq=321646 Ack=144 Win=65024 Len=1448 TSval=2916040720 TSecr=3045560493 [TCP segment of a reassembled PDU]"
"56912","36.639471660","192.168.1.55","192.168.1.2","TCP","1514","8004  >  36696 [ACK] Seq=323094 Ack=144 Win=65024 Len=1448 TSval=2916040720 TSecr=3045560493 [TCP segment of a reassembled PDU]"
"56913","36.639472734","192.168.1.55","192.168.1.2","TCP","1514","8004  >  36696 [ACK] Seq=324542 Ack=144 Win=65024 Len=1448 TSval=2916040720 TSecr=3045560493 [TCP segment of a reassembled PDU]"
"56914","36.639473901","192.168.1.55","192.168.1.2","TCP","610","[TCP Window Full] 8004  >  36696 [PSH, ACK] Seq=325990 Ack=144 Win=65024 Len=544 TSval=2916040720 TSecr=3045560493 [TCP segment of a reassembled PDU]"
"56915","36.646801876","192.168.1.2","192.168.1.55","TCP","66","36696  >  8004 [ACK] Seq=144 Ack=237662 Win=93184 Len=0 TSval=3045560498 TSecr=2916040719"
"56916","36.646814876","192.168.1.55","192.168.1.2","TCP","1514","8004  >  36696 [ACK] Seq=326534 Ack=144 Win=65024 Len=1448 TSval=2916040727 TSecr=3045560498 [TCP segment of a reassembled PDU]"
"56917","36.646817228","192.168.1.55","192.168.1.2","TCP","1514","8004  >  36696 [PSH, ACK] Seq=327982 Ack=144 Win=65024 Len=1448 TSval=2916040727 TSecr=3045560498 [TCP segment of a reassembled PDU]"
"56918","36.647023580","192.168.1.2","192.168.1.55","TCP","66","36696  >  8004 [ACK] Seq=144 Ack=247798 Win=106496 Len=0 TSval=3045560499 TSecr=2916040719"
"56919","36.647036821","192.168.1.55","192.168.1.2","TCP","1514","8004  >  36696 [ACK] Seq=329430 Ack=144 Win=65024 Len=1448 TSval=2916040727 TSecr=3045560499 [TCP segment of a reassembled PDU]"
"56920","36.647038895","192.168.1.55","192.168.1.2","TCP","1514","8004  >  36696 [ACK] Seq=330878 Ack=144 Win=65024 Len=1448 TSval=2916040727 TSecr=3045560499 [TCP segment of a reassembled PDU]"
"56921","36.647040413","192.168.1.55","192.168.1.2","TCP","1514","8004  >  36696 [ACK] Seq=332326 Ack=144 Win=65024 Len=1448 TSval=2916040727 TSecr=3045560499 [TCP segment of a reassembled PDU]"
"56922","36.647041635","192.168.1.55","192.168.1.2","TCP","1514","8004  >  36696 [ACK] Seq=333774 Ack=144 Win=65024 Len=1448 TSval=2916040727 TSecr=3045560499 [TCP segment of a reassembled PDU]"
"56923","36.647042839","192.168.1.55","192.168.1.2","TCP","1514","8004  >  36696 [ACK] Seq=335222 Ack=144 Win=65024 Len=1448 TSval=2916040727 TSecr=3045560499 [TCP segment of a reassembled PDU]"
"56924","36.647044043","192.168.1.55","192.168.1.2","TCP","1514","8004  >  36696 [ACK] Seq=336670 Ack=144 Win=65024 Len=1448 TSval=2916040727 TSecr=3045560499 [TCP segment of a reassembled PDU]"
"56925","36.647045265","192.168.1.55","192.168.1.2","TCP","1514","8004  >  36696 [PSH, ACK] Seq=338118 Ack=144 Win=65024 Len=1448 TSval=2916040727 TSecr=3045560499 [TCP segment of a reassembled PDU]"
"56926","36.647049635","192.168.1.55","192.168.1.2","TCP","970","8004  >  36696 [ACK] Seq=339566 Ack=144 Win=65024 Len=904 TSval=2916040727 TSecr=3045560499 [TCP segment of a reassembled PDU]"
"56927","36.647053247","192.168.1.2","192.168.1.55","TCP","66","36696  >  8004 [ACK] Seq=144 Ack=282550 Win=72704 Len=0 TSval=3045560499 TSecr=2916040720"
"56928","36.647059284","192.168.1.2","192.168.1.55","TCP","66","36696  >  8004 [ACK] Seq=144 Ack=294134 Win=103424 Len=0 TSval=3045560501 TSecr=2916040720"
"56929","36.647094228","192.168.1.55","192.168.1.2","TCP","1514","8004  >  36696 [ACK] Seq=340470 Ack=144 Win=65024 Len=1448 TSval=2916040727 TSecr=3045560501 [TCP segment of a reassembled PDU]"
"56930","36.647095932","192.168.1.55","192.168.1.2","TCP","1514","8004  >  36696 [ACK] Seq=341918 Ack=144 Win=65024 Len=1448 TSval=2916040727 TSecr=3045560501 [TCP segment of a reassembled PDU]"
"56931","36.647097284","192.168.1.55","192.168.1.2","TCP","1514","8004  >  36696 [ACK] Seq=343366 Ack=144 Win=65024 Len=1448 TSval=2916040727 TSecr=3045560501 [TCP segment of a reassembled PDU]"
"56932","36.647098654","192.168.1.55","192.168.1.2","TCP","1514","8004  >  36696 [ACK] Seq=344814 Ack=144 Win=65024 Len=1448 TSval=2916040727 TSecr=3045560501 [TCP segment of a reassembled PDU]"
"56933","36.647100061","192.168.1.55","192.168.1.2","TCP","1514","8004  >  36696 [ACK] Seq=346262 Ack=144 Win=65024 Len=1448 TSval=2916040727 TSecr=3045560501 [TCP segment of a reassembled PDU]"
"56934","36.647101284","192.168.1.55","192.168.1.2","TCP","1514","8004  >  36696 [ACK] Seq=347710 Ack=144 Win=65024 Len=1448 TSval=2916040727 TSecr=3045560501 [TCP segment of a reassembled PDU]"
"56935","36.647102506","192.168.1.55","192.168.1.2","TCP","1514","8004  >  36696 [ACK] Seq=349158 Ack=144 Win=65024 Len=1448 TSval=2916040727 TSecr=3045560501 [TCP segment of a reassembled PDU]"
"56936","36.647103858","192.168.1.55","192.168.1.2","TCP","1514","8004  >  36696 [ACK] Seq=350606 Ack=144 Win=65024 Len=1448 TSval=2916040727 TSecr=3045560501 [TCP segment of a reassembled PDU]"
"56937","36.647105080","192.168.1.55","192.168.1.2","TCP","1514","8004  >  36696 [ACK] Seq=352054 Ack=144 Win=65024 Len=1448 TSval=2916040727 TSecr=3045560501 [TCP segment of a reassembled PDU]"
"56938","36.647106376","192.168.1.55","192.168.1.2","TCP","1514","8004  >  36696 [ACK] Seq=353502 Ack=144 Win=65024 Len=1448 TSval=2916040727 TSecr=3045560501 [TCP segment of a reassembled PDU]"
"56939","36.647107691","192.168.1.55","192.168.1.2","TCP","1514","8004  >  36696 [ACK] Seq=354950 Ack=144 Win=65024 Len=1448 TSval=2916040727 TSecr=3045560501 [TCP segment of a reassembled PDU]"
"56940","36.647109024","192.168.1.55","192.168.1.2","TCP","1514","8004  >  36696 [ACK] Seq=356398 Ack=144 Win=65024 Len=1448 TSval=2916040727 TSecr=3045560501 [TCP segment of a reassembled PDU]"
"56941","36.647110543","192.168.1.55","192.168.1.2","TCP","1514","8004  >  36696 [ACK] Seq=357846 Ack=144 Win=65024 Len=1448 TSval=2916040727 TSecr=3045560501 [TCP segment of a reassembled PDU]"
"56942","36.647111765","192.168.1.55","192.168.1.2","TCP","1514","8004  >  36696 [ACK] Seq=359294 Ack=144 Win=65024 Len=1448 TSval=2916040727 TSecr=3045560501 [TCP segment of a reassembled PDU]"
"56943","36.647113136","192.168.1.55","192.168.1.2","TCP","1514","8004  >  36696 [ACK] Seq=360742 Ack=144 Win=65024 Len=1448 TSval=2916040727 TSecr=3045560501 [TCP segment of a reassembled PDU]"
"56944","36.647114506","192.168.1.55","192.168.1.2","TCP","1514","8004  >  36696 [ACK] Seq=362190 Ack=144 Win=65024 Len=1448 TSval=2916040727 TSecr=3045560501 [TCP segment of a reassembled PDU]"
"56945","36.647115728","192.168.1.55","192.168.1.2","TCP","1514","8004  >  36696 [ACK] Seq=363638 Ack=144 Win=65024 Len=1448 TSval=2916040727 TSecr=3045560501 [TCP segment of a reassembled PDU]"
"56946","36.647117043","192.168.1.55","192.168.1.2","TCP","1514","8004  >  36696 [ACK] Seq=365086 Ack=144 Win=65024 Len=1448 TSval=2916040727 TSecr=3045560501 [TCP segment of a reassembled PDU]"
"56947","36.647118487","192.168.1.55","192.168.1.2","TCP","1514","8004  >  36696 [ACK] Seq=366534 Ack=144 Win=65024 Len=1448 TSval=2916040727 TSecr=3045560501 [TCP segment of a reassembled PDU]"
"56948","36.647119876","192.168.1.55","192.168.1.2","TCP","1514","8004  >  36696 [ACK] Seq=367982 Ack=144 Win=65024 Len=1448 TSval=2916040727 TSecr=3045560501 [TCP segment of a reassembled PDU]"
"56949","36.647121173","192.168.1.55","192.168.1.2","TCP","1514","8004  >  36696 [ACK] Seq=369430 Ack=144 Win=65024 Len=1448 TSval=2916040727 TSecr=3045560501 [TCP segment of a reassembled PDU]"
"56950","36.647122599","192.168.1.55","192.168.1.2","TCP","1514","8004  >  36696 [ACK] Seq=370878 Ack=144 Win=65024 Len=1448 TSval=2916040727 TSecr=3045560501 [TCP segment of a reassembled PDU]"
"56951","36.647123821","192.168.1.55","192.168.1.2","TCP","1514","8004  >  36696 [ACK] Seq=372326 Ack=144 Win=65024 Len=1448 TSval=2916040727 TSecr=3045560501 [TCP segment of a reassembled PDU]"
"56952","36.647125321","192.168.1.55","192.168.1.2","TCP","1514","8004  >  36696 [ACK] Seq=373774 Ack=144 Win=65024 Len=1448 TSval=2916040727 TSecr=3045560501 [TCP segment of a reassembled PDU]"
"56953","36.647126636","192.168.1.55","192.168.1.2","TCP","1514","8004  >  36696 [ACK] Seq=375222 Ack=144 Win=65024 Len=1448 TSval=2916040727 TSecr=3045560501 [TCP segment of a reassembled PDU]"
"56954","36.647127969","192.168.1.55","192.168.1.2","TCP","1514","8004  >  36696 [ACK] Seq=376670 Ack=144 Win=65024 Len=1448 TSval=2916040727 TSecr=3045560501 [TCP segment of a reassembled PDU]"
"56955","36.647129376","192.168.1.55","192.168.1.2","TCP","1514","8004  >  36696 [ACK] Seq=378118 Ack=144 Win=65024 Len=1448 TSval=2916040727 TSecr=3045560501 [TCP segment of a reassembled PDU]"
"56956","36.647130932","192.168.1.55","192.168.1.2","TCP","1514","8004  >  36696 [ACK] Seq=379566 Ack=144 Win=65024 Len=1448 TSval=2916040727 TSecr=3045560501 [TCP segment of a reassembled PDU]"
"56957","36.647132191","192.168.1.55","192.168.1.2","TCP","1514","8004  >  36696 [ACK] Seq=381014 Ack=144 Win=65024 Len=1448 TSval=2916040727 TSecr=3045560501 [TCP segment of a reassembled PDU]"
"56958","36.647133413","192.168.1.55","192.168.1.2","TCP","1514","8004  >  36696 [ACK] Seq=382462 Ack=144 Win=65024 Len=1448 TSval=2916040727 TSecr=3045560501 [TCP segment of a reassembled PDU]"
"56959","36.647134784","192.168.1.55","192.168.1.2","TCP","1514","8004  >  36696 [ACK] Seq=383910 Ack=144 Win=65024 Len=1448 TSval=2916040727 TSecr=3045560501 [TCP segment of a reassembled PDU]"
"56960","36.647136006","192.168.1.55","192.168.1.2","TCP","1514","8004  >  36696 [PSH, ACK] Seq=385358 Ack=144 Win=65024 Len=1448 TSval=2916040727 TSecr=3045560501 [TCP segment of a reassembled PDU]"
"56961","36.647140469","192.168.1.2","192.168.1.55","TCP","66","36696  >  8004 [ACK] Seq=144 Ack=321646 Win=90112 Len=0 TSval=3045560501 TSecr=2916040720"
"56962","36.647171950","192.168.1.2","192.168.1.55","TCP","66","36696  >  8004 [ACK] Seq=144 Ack=323094 Win=113664 Len=0 TSval=3045560502 TSecr=2916040720"
"56963","36.647212802","192.168.1.55","192.168.1.2","TCP","1514","8004  >  36696 [ACK] Seq=386806 Ack=144 Win=65024 Len=1448 TSval=2916040727 TSecr=3045560502 [TCP segment of a reassembled PDU]"
"56964","36.647214914","192.168.1.55","192.168.1.2","TCP","1514","8004  >  36696 [ACK] Seq=388254 Ack=144 Win=65024 Len=1448 TSval=2916040727 TSecr=3045560502 [TCP segment of a reassembled PDU]"
"56965","36.647216154","192.168.1.55","192.168.1.2","TCP","1514","8004  >  36696 [ACK] Seq=389702 Ack=144 Win=65024 Len=1448 TSval=2916040727 TSecr=3045560502 [TCP segment of a reassembled PDU]"
"56966","36.647217469","192.168.1.55","192.168.1.2","TCP","1514","8004  >  36696 [ACK] Seq=391150 Ack=144 Win=65024 Len=1448 TSval=2916040727 TSecr=3045560502 [TCP segment of a reassembled PDU]"
"56967","36.647218839","192.168.1.55","192.168.1.2","TCP","1514","8004  >  36696 [ACK] Seq=392598 Ack=144 Win=65024 Len=1448 TSval=2916040727 TSecr=3045560502 [TCP segment of a reassembled PDU]"
"56968","36.647220506","192.168.1.55","192.168.1.2","TCP","1514","8004  >  36696 [ACK] Seq=394046 Ack=144 Win=65024 Len=1448 TSval=2916040727 TSecr=3045560502 [TCP segment of a reassembled PDU]"
"56969","36.647221858","192.168.1.55","192.168.1.2","TCP","1514","8004  >  36696 [ACK] Seq=395494 Ack=144 Win=65024 Len=1448 TSval=2916040727 TSecr=3045560502 [TCP segment of a reassembled PDU]"
"56970","36.647223321","192.168.1.55","192.168.1.2","TCP","1514","8004  >  36696 [ACK] Seq=396942 Ack=144 Win=65024 Len=1448 TSval=2916040727 TSecr=3045560502 [TCP segment of a reassembled PDU]"
"56971","36.647224654","192.168.1.55","192.168.1.2","TCP","1514","8004  >  36696 [ACK] Seq=398390 Ack=144 Win=65024 Len=1448 TSval=2916040727 TSecr=3045560502 [TCP segment of a reassembled PDU]"
"56972","36.647225876","192.168.1.55","192.168.1.2","TCP","1514","8004  >  36696 [ACK] Seq=399838 Ack=144 Win=65024 Len=1448 TSval=2916040727 TSecr=3045560502 [TCP segment of a reassembled PDU]"
"56973","36.647227136","192.168.1.55","192.168.1.2","TCP","1514","8004  >  36696 [ACK] Seq=401286 Ack=144 Win=65024 Len=1448 TSval=2916040727 TSecr=3045560502 [TCP segment of a reassembled PDU]"
"56974","36.647228747","192.168.1.55","192.168.1.2","TCP","1514","8004  >  36696 [ACK] Seq=402734 Ack=144 Win=65024 Len=1448 TSval=2916040727 TSecr=3045560502 [TCP segment of a reassembled PDU]"
"56975","36.647230043","192.168.1.55","192.168.1.2","TCP","1514","8004  >  36696 [ACK] Seq=404182 Ack=144 Win=65024 Len=1448 TSval=2916040727 TSecr=3045560502 [TCP segment of a reassembled PDU]"
"56976","36.647231395","192.168.1.55","192.168.1.2","TCP","1514","8004  >  36696 [ACK] Seq=405630 Ack=144 Win=65024 Len=1448 TSval=2916040727 TSecr=3045560502 [TCP segment of a reassembled PDU]"
"56977","36.647232636","192.168.1.55","192.168.1.2","TCP","1514","8004  >  36696 [ACK] Seq=407078 Ack=144 Win=65024 Len=1448 TSval=2916040727 TSecr=3045560502 [TCP segment of a reassembled PDU]"
"56978","36.647233895","192.168.1.55","192.168.1.2","TCP","1514","8004  >  36696 [ACK] Seq=408526 Ack=144 Win=65024 Len=1448 TSval=2916040727 TSecr=3045560502 [TCP segment of a reassembled PDU]"
"56979","36.647235302","192.168.1.55","192.168.1.2","TCP","1514","8004  >  36696 [ACK] Seq=409974 Ack=144 Win=65024 Len=1448 TSval=2916040727 TSecr=3045560502 [TCP segment of a reassembled PDU]"
"56980","36.647236599","192.168.1.55","192.168.1.2","TCP","1514","8004  >  36696 [ACK] Seq=411422 Ack=144 Win=65024 Len=1448 TSval=2916040727 TSecr=3045560502 [TCP segment of a reassembled PDU]"
"56981","36.647237802","192.168.1.55","192.168.1.2","TCP","1514","8004  >  36696 [ACK] Seq=412870 Ack=144 Win=65024 Len=1448 TSval=2916040727 TSecr=3045560502 [TCP segment of a reassembled PDU]"
"56982","36.647242784","192.168.1.55","192.168.1.2","TCP","1514","8004  >  36696 [ACK] Seq=414318 Ack=144 Win=65024 Len=1448 TSval=2916040727 TSecr=3045560502 [TCP segment of a reassembled PDU]"
"56983","36.647244562","192.168.1.55","192.168.1.2","TCP","1514","8004  >  36696 [ACK] Seq=415766 Ack=144 Win=65024 Len=1448 TSval=2916040727 TSecr=3045560502 [TCP segment of a reassembled PDU]"
"56984","36.647246025","192.168.1.55","192.168.1.2","TCP","1514","8004  >  36696 [ACK] Seq=417214 Ack=144 Win=65024 Len=1448 TSval=2916040727 TSecr=3045560502 [TCP segment of a reassembled PDU]"
"56985","36.647247247","192.168.1.55","192.168.1.2","TCP","1514","8004  >  36696 [ACK] Seq=418662 Ack=144 Win=65024 Len=1448 TSval=2916040727 TSecr=3045560502 [TCP segment of a reassembled PDU]"
"56986","36.647248543","192.168.1.55","192.168.1.2","TCP","1514","8004  >  36696 [ACK] Seq=420110 Ack=144 Win=65024 Len=1448 TSval=2916040727 TSecr=3045560502 [TCP segment of a reassembled PDU]"
"56987","36.647249784","192.168.1.55","192.168.1.2","TCP","1514","8004  >  36696 [ACK] Seq=421558 Ack=144 Win=65024 Len=1448 TSval=2916040727 TSecr=3045560502 [TCP segment of a reassembled PDU]"
"56988","36.647251006","192.168.1.55","192.168.1.2","TCP","1514","8004  >  36696 [ACK] Seq=423006 Ack=144 Win=65024 Len=1448 TSval=2916040727 TSecr=3045560502 [TCP segment of a reassembled PDU]"
"56989","36.647252339","192.168.1.55","192.168.1.2","TCP","1514","8004  >  36696 [ACK] Seq=424454 Ack=144 Win=65024 Len=1448 TSval=2916040727 TSecr=3045560502 [TCP segment of a reassembled PDU]"
"56990","36.647253580","192.168.1.55","192.168.1.2","TCP","1514","8004  >  36696 [ACK] Seq=425902 Ack=144 Win=65024 Len=1448 TSval=2916040727 TSecr=3045560502 [TCP segment of a reassembled PDU]"
"56991","36.647255265","192.168.1.55","192.168.1.2","TCP","1514","8004  >  36696 [ACK] Seq=427350 Ack=144 Win=65024 Len=1448 TSval=2916040727 TSecr=3045560502 [TCP segment of a reassembled PDU]"
"56992","36.647256617","192.168.1.55","192.168.1.2","TCP","1514","8004  >  36696 [ACK] Seq=428798 Ack=144 Win=65024 Len=1448 TSval=2916040727 TSecr=3045560502 [TCP segment of a reassembled PDU]"
"56993","36.647257858","192.168.1.55","192.168.1.2","TCP","1514","8004  >  36696 [ACK] Seq=430246 Ack=144 Win=65024 Len=1448 TSval=2916040727 TSecr=3045560502 [TCP segment of a reassembled PDU]"
"56994","36.647259210","192.168.1.55","192.168.1.2","TCP","1514","8004  >  36696 [PSH, ACK] Seq=431694 Ack=144 Win=65024 Len=1448 TSval=2916040727 TSecr=3045560502 [TCP segment of a reassembled PDU]"
"56995","36.647290469","192.168.1.2","192.168.1.55","TCP","66","36696  >  8004 [ACK] Seq=144 Ack=326534 Win=113664 Len=0 TSval=3045560502 TSecr=2916040720"
"56996","36.648481897","192.168.1.55","192.168.1.2","TCP","1514","8004  >  36696 [ACK] Seq=433142 Ack=144 Win=65024 Len=1448 TSval=2916040729 TSecr=3045560502 [TCP segment of a reassembled PDU]"
"56997","36.648483953","192.168.1.55","192.168.1.2","TCP","1514","8004  >  36696 [ACK] Seq=434590 Ack=144 Win=65024 Len=1448 TSval=2916040729 TSecr=3045560502 [TCP segment of a reassembled PDU]"
"56998","36.648485249","192.168.1.55","192.168.1.2","TCP","1514","8004  >  36696 [ACK] Seq=436038 Ack=144 Win=65024 Len=1448 TSval=2916040729 TSecr=3045560502 [TCP segment of a reassembled PDU]"
"56999","36.648486490","192.168.1.55","192.168.1.2","TCP","1514","8004  >  36696 [PSH, ACK] Seq=437486 Ack=144 Win=65024 Len=1448 TSval=2916040729 TSecr=3045560502 [TCP segment of a reassembled PDU]"
"57000","36.648523953","192.168.1.2","192.168.1.55","TCP","66","36696  >  8004 [ACK] Seq=144 Ack=329430 Win=113664 Len=0 TSval=3045560504 TSecr=2916040727"
"57001","36.648555768","192.168.1.55","192.168.1.2","TCP","1514","8004  >  36696 [ACK] Seq=438934 Ack=144 Win=65024 Len=1448 TSval=2916040729 TSecr=3045560504 [TCP segment of a reassembled PDU]"
"57002","36.648559156","192.168.1.55","192.168.1.2","TCP","1514","8004  >  36696 [PSH, ACK] Seq=440382 Ack=144 Win=65024 Len=1448 TSval=2916040729 TSecr=3045560504 [TCP segment of a reassembled PDU]"
"57003","36.655190852","192.168.1.2","192.168.1.55","TCP","66","36696  >  8004 [ACK] Seq=144 Ack=333774 Win=113664 Len=0 TSval=3045560510 TSecr=2916040727"
"57004","36.655206500","192.168.1.55","192.168.1.2","TCP","1514","8004  >  36696 [ACK] Seq=441830 Ack=144 Win=65024 Len=1448 TSval=2916040735 TSecr=3045560510 [TCP segment of a reassembled PDU]"
"57005","36.655209315","192.168.1.55","192.168.1.2","TCP","1514","8004  >  36696 [ACK] Seq=443278 Ack=144 Win=65024 Len=1448 TSval=2916040735 TSecr=3045560510 [TCP segment of a reassembled PDU]"
"57006","36.655210945","192.168.1.55","192.168.1.2","TCP","1514","8004  >  36696 [PSH, ACK] Seq=444726 Ack=144 Win=65024 Len=1448 TSval=2916040735 TSecr=3045560510 [TCP segment of a reassembled PDU]"
"57007","36.655495019","192.168.1.2","192.168.1.55","TCP","66","36696  >  8004 [ACK] Seq=144 Ack=339566 Win=124928 Len=0 TSval=3045560510 TSecr=2916040727"
"57008","36.655502575","192.168.1.2","192.168.1.55","TCP","66","36696  >  8004 [ACK] Seq=144 Ack=340470 Win=128000 Len=0 TSval=3045560510 TSecr=2916040727"
"57009","36.655506816","192.168.1.2","192.168.1.55","TCP","66","36696  >  8004 [ACK] Seq=144 Ack=386806 Win=173056 Len=0 TSval=3045560510 TSecr=2916040727"
"57010","36.655543279","192.168.1.55","192.168.1.2","TCP","1514","8004  >  36696 [ACK] Seq=446174 Ack=144 Win=65024 Len=1448 TSval=2916040736 TSecr=3045560510 [TCP segment of a reassembled PDU]"
"57011","36.655545094","192.168.1.55","192.168.1.2","TCP","1514","8004  >  36696 [ACK] Seq=447622 Ack=144 Win=65024 Len=1448 TSval=2916040736 TSecr=3045560510 [TCP segment of a reassembled PDU]"
"57012","36.655546927","192.168.1.55","192.168.1.2","TCP","1514","8004  >  36696 [ACK] Seq=449070 Ack=144 Win=65024 Len=1448 TSval=2916040736 TSecr=3045560510 [TCP segment of a reassembled PDU]"
"57013","36.655549020","192.168.1.55","192.168.1.2","TCP","1514","8004  >  36696 [ACK] Seq=450518 Ack=144 Win=65024 Len=1448 TSval=2916040736 TSecr=3045560510 [TCP segment of a reassembled PDU]"
"57014","36.655550334","192.168.1.55","192.168.1.2","TCP","1514","8004  >  36696 [ACK] Seq=451966 Ack=144 Win=65024 Len=1448 TSval=2916040736 TSecr=3045560510 [TCP segment of a reassembled PDU]"
"57015","36.655552205","192.168.1.55","192.168.1.2","TCP","1514","8004  >  36696 [ACK] Seq=453414 Ack=144 Win=65024 Len=1448 TSval=2916040736 TSecr=3045560510 [TCP segment of a reassembled PDU]"
"57016","36.655554149","192.168.1.55","192.168.1.2","TCP","1514","8004  >  36696 [ACK] Seq=454862 Ack=144 Win=65024 Len=1448 TSval=2916040736 TSecr=3045560510 [TCP segment of a reassembled PDU]"
"57017","36.655555797","192.168.1.55","192.168.1.2","TCP","1514","8004  >  36696 [ACK] Seq=456310 Ack=144 Win=65024 Len=1448 TSval=2916040736 TSecr=3045560510 [TCP segment of a reassembled PDU]"
"57018","36.655557001","192.168.1.55","192.168.1.2","TCP","1514","8004  >  36696 [ACK] Seq=457758 Ack=144 Win=65024 Len=1448 TSval=2916040736 TSecr=3045560510 [TCP segment of a reassembled PDU]"
"57019","36.655558371","192.168.1.55","192.168.1.2","TCP","1514","8004  >  36696 [ACK] Seq=459206 Ack=144 Win=65024 Len=1448 TSval=2916040736 TSecr=3045560510 [TCP segment of a reassembled PDU]"
"57020","36.655560594","192.168.1.55","192.168.1.2","TCP","1514","8004  >  36696 [ACK] Seq=460654 Ack=144 Win=65024 Len=1448 TSval=2916040736 TSecr=3045560510 [TCP segment of a reassembled PDU]"
"57021","36.655562427","192.168.1.55","192.168.1.2","TCP","1514","8004  >  36696 [ACK] Seq=462102 Ack=144 Win=65024 Len=1448 TSval=2916040736 TSecr=3045560510 [TCP segment of a reassembled PDU]"
"57022","36.655563612","192.168.1.55","192.168.1.2","TCP","1514","8004  >  36696 [ACK] Seq=463550 Ack=144 Win=65024 Len=1448 TSval=2916040736 TSecr=3045560510 [TCP segment of a reassembled PDU]"
"57023","36.655565020","192.168.1.55","192.168.1.2","TCP","1514","8004  >  36696 [ACK] Seq=464998 Ack=144 Win=65024 Len=1448 TSval=2916040736 TSecr=3045560510 [TCP segment of a reassembled PDU]"
"57024","36.655567575","192.168.1.55","192.168.1.2","TCP","1514","8004  >  36696 [ACK] Seq=466446 Ack=144 Win=65024 Len=1448 TSval=2916040736 TSecr=3045560510 [TCP segment of a reassembled PDU]"
"57025","36.655569371","192.168.1.55","192.168.1.2","TCP","1514","8004  >  36696 [ACK] Seq=467894 Ack=144 Win=65024 Len=1448 TSval=2916040736 TSecr=3045560510 [TCP segment of a reassembled PDU]"
"57026","36.655570557","192.168.1.55","192.168.1.2","TCP","1514","8004  >  36696 [ACK] Seq=469342 Ack=144 Win=65024 Len=1448 TSval=2916040736 TSecr=3045560510 [TCP segment of a reassembled PDU]"
"57027","36.655571760","192.168.1.55","192.168.1.2","TCP","1514","8004  >  36696 [ACK] Seq=470790 Ack=144 Win=65024 Len=1448 TSval=2916040736 TSecr=3045560510 [TCP segment of a reassembled PDU]"
"57028","36.655573094","192.168.1.55","192.168.1.2","TCP","1514","8004  >  36696 [ACK] Seq=472238 Ack=144 Win=65024 Len=1448 TSval=2916040736 TSecr=3045560510 [TCP segment of a reassembled PDU]"
"57029","36.655574575","192.168.1.55","192.168.1.2","TCP","1514","8004  >  36696 [ACK] Seq=473686 Ack=144 Win=65024 Len=1448 TSval=2916040736 TSecr=3045560510 [TCP segment of a reassembled PDU]"
"57030","36.655576760","192.168.1.55","192.168.1.2","TCP","1514","8004  >  36696 [ACK] Seq=475134 Ack=144 Win=65024 Len=1448 TSval=2916040736 TSecr=3045560510 [TCP segment of a reassembled PDU]"
"57031","36.655578390","192.168.1.55","192.168.1.2","TCP","1514","8004  >  36696 [ACK] Seq=476582 Ack=144 Win=65024 Len=1448 TSval=2916040736 TSecr=3045560510 [TCP segment of a reassembled PDU]"
"57032","36.655579686","192.168.1.55","192.168.1.2","TCP","1514","8004  >  36696 [PSH, ACK] Seq=478030 Ack=144 Win=65024 Len=1448 TSval=2916040736 TSecr=3045560510 [TCP segment of a reassembled PDU]"
"57033","36.655603520","192.168.1.55","192.168.1.2","TCP","1514","8004  >  36696 [ACK] Seq=479478 Ack=144 Win=65024 Len=1448 TSval=2916040736 TSecr=3045560510 [TCP segment of a reassembled PDU]"
"57034","36.655604909","192.168.1.55","192.168.1.2","TCP","1514","8004  >  36696 [ACK] Seq=480926 Ack=144 Win=65024 Len=1448 TSval=2916040736 TSecr=3045560510 [TCP segment of a reassembled PDU]"
"57035","36.655606149","192.168.1.55","192.168.1.2","TCP","1514","8004  >  36696 [ACK] Seq=482374 Ack=144 Win=65024 Len=1448 TSval=2916040736 TSecr=3045560510 [TCP segment of a reassembled PDU]"
"57036","36.655607483","192.168.1.55","192.168.1.2","TCP","1514","8004  >  36696 [ACK] Seq=483822 Ack=144 Win=65024 Len=1448 TSval=2916040736 TSecr=3045560510 [TCP segment of a reassembled PDU]"
"57037","36.655608779","192.168.1.55","192.168.1.2","TCP","1514","8004  >  36696 [ACK] Seq=485270 Ack=144 Win=65024 Len=1448 TSval=2916040736 TSecr=3045560510 [TCP segment of a reassembled PDU]"
"57038","36.655610168","192.168.1.55","192.168.1.2","TCP","1514","8004  >  36696 [ACK] Seq=486718 Ack=144 Win=65024 Len=1448 TSval=2916040736 TSecr=3045560510 [TCP segment of a reassembled PDU]"
"57039","36.655611834","192.168.1.55","192.168.1.2","TCP","1514","8004  >  36696 [ACK] Seq=488166 Ack=144 Win=65024 Len=1448 TSval=2916040736 TSecr=3045560510 [TCP segment of a reassembled PDU]"
"57040","36.655613946","192.168.1.55","192.168.1.2","TCP","1514","8004  >  36696 [ACK] Seq=489614 Ack=144 Win=65024 Len=1448 TSval=2916040736 TSecr=3045560510 [TCP segment of a reassembled PDU]"
"57041","36.655615631","192.168.1.55","192.168.1.2","TCP","1514","8004  >  36696 [ACK] Seq=491062 Ack=144 Win=65024 Len=1448 TSval=2916040736 TSecr=3045560510 [TCP segment of a reassembled PDU]"
"57042","36.655616927","192.168.1.55","192.168.1.2","TCP","1514","8004  >  36696 [ACK] Seq=492510 Ack=144 Win=65024 Len=1448 TSval=2916040736 TSecr=3045560510 [TCP segment of a reassembled PDU]"
"57043","36.655618279","192.168.1.55","192.168.1.2","TCP","1514","8004  >  36696 [ACK] Seq=493958 Ack=144 Win=65024 Len=1448 TSval=2916040736 TSecr=3045560510 [TCP segment of a reassembled PDU]"
"57044","36.655619705","192.168.1.55","192.168.1.2","TCP","1514","8004  >  36696 [ACK] Seq=495406 Ack=144 Win=65024 Len=1448 TSval=2916040736 TSecr=3045560510 [TCP segment of a reassembled PDU]"
"57045","36.655622390","192.168.1.55","192.168.1.2","TCP","1514","8004  >  36696 [ACK] Seq=496854 Ack=144 Win=65024 Len=1448 TSval=2916040736 TSecr=3045560510 [TCP segment of a reassembled PDU]"
"57046","36.655624168","192.168.1.55","192.168.1.2","HTTP","222","HTTP/1.0 200 OK  (PNG)"
"57047","36.655628075","192.168.1.2","192.168.1.55","TCP","66","36696  >  8004 [ACK] Seq=144 Ack=433142 Win=135168 Len=0 TSval=3045560510 TSecr=2916040727"
"57048","36.655695390","192.168.1.2","192.168.1.55","TCP","66","36696  >  8004 [ACK] Seq=144 Ack=438934 Win=130048 Len=0 TSval=3045560510 TSecr=2916040729"
"57049","36.655702464","192.168.1.2","192.168.1.55","TCP","66","36696  >  8004 [ACK] Seq=144 Ack=440382 Win=176128 Len=0 TSval=3045560510 TSecr=2916040729"
"57050","36.655706131","192.168.1.2","192.168.1.55","TCP","66","36696  >  8004 [ACK] Seq=144 Ack=441830 Win=179200 Len=0 TSval=3045560510 TSecr=2916040729"
"57051","36.657980172","192.168.1.2","192.168.1.55","TCP","66","36696  >  8004 [ACK] Seq=144 Ack=443278 Win=182272 Len=0 TSval=3045560513 TSecr=2916040735"
"57052","36.658091283","192.168.1.2","192.168.1.55","TCP","66","36696  >  8004 [ACK] Seq=144 Ack=446174 Win=187392 Len=0 TSval=3045560513 TSecr=2916040735"
"57053","36.662433808","192.168.1.2","192.168.1.55","TCP","66","36696  >  8004 [ACK] Seq=144 Ack=462102 Win=207872 Len=0 TSval=3045560518 TSecr=2916040736"
"57054","36.662536235","192.168.1.2","192.168.1.55","TCP","66","36696  >  8004 [ACK] Seq=144 Ack=479478 Win=207872 Len=0 TSval=3045560518 TSecr=2916040736"
"57055","36.662542253","192.168.1.2","192.168.1.55","TCP","66","36696  >  8004 [ACK] Seq=144 Ack=498302 Win=204800 Len=0 TSval=3045560518 TSecr=2916040736"
"57056","36.664774942","192.168.1.2","192.168.1.55","TCP","66","36696  >  8004 [FIN, ACK] Seq=144 Ack=498459 Win=210944 Len=0 TSval=3045560519 TSecr=2916040736"
"57057","36.664789016","192.168.1.55","192.168.1.2","TCP","66","8004  >  36696 [ACK] Seq=498459 Ack=145 Win=65024 Len=0 TSval=2916040745 TSecr=3045560519"
"57058","36.664901961","192.168.1.2","192.168.1.55","TCP","74","36712  >  8004 [SYN] Seq=0 Win=64240 Len=0 MSS=1460 SACK_PERM TSval=3045560520 TSecr=0 WS=1024"
"57059","36.664925812","192.168.1.55","192.168.1.2","TCP","74","8004  >  36712 [SYN, ACK] Seq=0 Ack=1 Win=65160 Len=0 MSS=1460 SACK_PERM TSval=2916040745 TSecr=3045560520 WS=128"
"57060","36.668189688","192.168.1.2","192.168.1.55","TCP","66","36712  >  8004 [ACK] Seq=1 Ack=1 Win=64512 Len=0 TSval=3045560523 TSecr=2916040745"
"57061","36.671387064","192.168.1.2","192.168.1.55","HTTP","206","GET /stego_benchmark.png HTTP/1.1 "
"57062","36.671398249","192.168.1.55","192.168.1.2","TCP","66","8004  >  36712 [ACK] Seq=1 Ack=141 Win=65024 Len=0 TSval=2916040752 TSecr=3045560523"
"57063","36.671870213","192.168.1.55","192.168.1.2","TCP","255","8004  >  36712 [PSH, ACK] Seq=1 Ack=141 Win=65024 Len=189 TSval=2916040752 TSecr=3045560523 [TCP segment of a reassembled PDU]"
"57064","36.671952713","192.168.1.55","192.168.1.2","TCP","1514","8004  >  36712 [ACK] Seq=190 Ack=141 Win=65024 Len=1448 TSval=2916040752 TSecr=3045560523 [TCP segment of a reassembled PDU]"
"57065","36.671956972","192.168.1.55","192.168.1.2","TCP","1514","8004  >  36712 [ACK] Seq=1638 Ack=141 Win=65024 Len=1448 TSval=2916040752 TSecr=3045560523 [TCP segment of a reassembled PDU]"
"57066","36.671958324","192.168.1.55","192.168.1.2","TCP","1514","8004  >  36712 [ACK] Seq=3086 Ack=141 Win=65024 Len=1448 TSval=2916040752 TSecr=3045560523 [TCP segment of a reassembled PDU]"
"57067","36.671959787","192.168.1.55","192.168.1.2","TCP","1514","8004  >  36712 [ACK] Seq=4534 Ack=141 Win=65024 Len=1448 TSval=2916040752 TSecr=3045560523 [TCP segment of a reassembled PDU]"
"57068","36.671961083","192.168.1.55","192.168.1.2","TCP","1514","8004  >  36712 [PSH, ACK] Seq=5982 Ack=141 Win=65024 Len=1448 TSval=2916040752 TSecr=3045560523 [TCP segment of a reassembled PDU]"
"57069","36.671975231","192.168.1.55","192.168.1.2","TCP","1514","8004  >  36712 [ACK] Seq=7430 Ack=141 Win=65024 Len=1448 TSval=2916040752 TSecr=3045560523 [TCP segment of a reassembled PDU]"
"57070","36.671976824","192.168.1.55","192.168.1.2","TCP","1514","8004  >  36712 [ACK] Seq=8878 Ack=141 Win=65024 Len=1448 TSval=2916040752 TSecr=3045560523 [TCP segment of a reassembled PDU]"
"57071","36.671978398","192.168.1.55","192.168.1.2","TCP","1514","8004  >  36712 [ACK] Seq=10326 Ack=141 Win=65024 Len=1448 TSval=2916040752 TSecr=3045560523 [TCP segment of a reassembled PDU]"
"57072","36.671979787","192.168.1.55","192.168.1.2","TCP","1514","8004  >  36712 [PSH, ACK] Seq=11774 Ack=141 Win=65024 Len=1448 TSval=2916040752 TSecr=3045560523 [TCP segment of a reassembled PDU]"
"57073","36.677431240","192.168.1.2","192.168.1.55","TCP","66","36712  >  8004 [ACK] Seq=141 Ack=190 Win=64512 Len=0 TSval=3045560530 TSecr=2916040752"
"57074","36.677495629","192.168.1.55","192.168.1.2","TCP","1514","8004  >  36712 [ACK] Seq=13222 Ack=141 Win=65024 Len=1448 TSval=2916040758 TSecr=3045560530 [TCP segment of a reassembled PDU]"
"57075","36.677500814","192.168.1.55","192.168.1.2","TCP","1514","8004  >  36712 [PSH, ACK] Seq=14670 Ack=141 Win=65024 Len=1448 TSval=2916040758 TSecr=3045560530 [TCP segment of a reassembled PDU]"
"57076","36.677578259","192.168.1.2","192.168.1.55","TCP","66","36712  >  8004 [ACK] Seq=141 Ack=3086 Win=70656 Len=0 TSval=3045560530 TSecr=2916040752"
"57077","36.677592111","192.168.1.2","192.168.1.55","TCP","66","36712  >  8004 [ACK] Seq=141 Ack=5982 Win=76800 Len=0 TSval=3045560530 TSecr=2916040752"
"57078","36.677617851","192.168.1.55","192.168.1.2","TCP","1514","8004  >  36712 [ACK] Seq=16118 Ack=141 Win=65024 Len=1448 TSval=2916040758 TSecr=3045560530 [TCP segment of a reassembled PDU]"
"57079","36.677619907","192.168.1.55","192.168.1.2","TCP","1514","8004  >  36712 [ACK] Seq=17566 Ack=141 Win=65024 Len=1448 TSval=2916040758 TSecr=3045560530 [TCP segment of a reassembled PDU]"
"57080","36.677621370","192.168.1.55","192.168.1.2","TCP","1514","8004  >  36712 [ACK] Seq=19014 Ack=141 Win=65024 Len=1448 TSval=2916040758 TSecr=3045560530 [TCP segment of a reassembled PDU]"
"57081","36.677623537","192.168.1.55","192.168.1.2","TCP","1514","8004  >  36712 [ACK] Seq=20462 Ack=141 Win=65024 Len=1448 TSval=2916040758 TSecr=3045560530 [TCP segment of a reassembled PDU]"
"57082","36.677625796","192.168.1.55","192.168.1.2","TCP","1514","8004  >  36712 [ACK] Seq=21910 Ack=141 Win=65024 Len=1448 TSval=2916040758 TSecr=3045560530 [TCP segment of a reassembled PDU]"
"57083","36.677627500","192.168.1.55","192.168.1.2","TCP","1514","8004  >  36712 [ACK] Seq=23358 Ack=141 Win=65024 Len=1448 TSval=2916040758 TSecr=3045560530 [TCP segment of a reassembled PDU]"
"57084","36.677628833","192.168.1.55","192.168.1.2","TCP","1514","8004  >  36712 [PSH, ACK] Seq=24806 Ack=141 Win=65024 Len=1448 TSval=2916040758 TSecr=3045560530 [TCP segment of a reassembled PDU]"
"57085","36.677634148","192.168.1.2","192.168.1.55","TCP","66","36712  >  8004 [ACK] Seq=141 Ack=7430 Win=79872 Len=0 TSval=3045560531 TSecr=2916040752"
"57086","36.677640129","192.168.1.2","192.168.1.55","TCP","66","36712  >  8004 [ACK] Seq=141 Ack=8878 Win=81920 Len=0 TSval=3045560531 TSecr=2916040752"
"57087","36.677667815","192.168.1.2","192.168.1.55","TCP","66","36712  >  8004 [ACK] Seq=141 Ack=13222 Win=87040 Len=0 TSval=3045560531 TSecr=2916040752"
"57088","36.677693981","192.168.1.55","192.168.1.2","TCP","1514","8004  >  36712 [ACK] Seq=26254 Ack=141 Win=65024 Len=1448 TSval=2916040758 TSecr=3045560531 [TCP segment of a reassembled PDU]"
"57089","36.677696018","192.168.1.55","192.168.1.2","TCP","1514","8004  >  36712 [ACK] Seq=27702 Ack=141 Win=65024 Len=1448 TSval=2916040758 TSecr=3045560531 [TCP segment of a reassembled PDU]"
"57090","36.677697611","192.168.1.55","192.168.1.2","TCP","1514","8004  >  36712 [ACK] Seq=29150 Ack=141 Win=65024 Len=1448 TSval=2916040758 TSecr=3045560531 [TCP segment of a reassembled PDU]"
"57091","36.677699203","192.168.1.55","192.168.1.2","TCP","1514","8004  >  36712 [ACK] Seq=30598 Ack=141 Win=65024 Len=1448 TSval=2916040758 TSecr=3045560531 [TCP segment of a reassembled PDU]"
"57092","36.677700407","192.168.1.55","192.168.1.2","TCP","1514","8004  >  36712 [ACK] Seq=32046 Ack=141 Win=65024 Len=1448 TSval=2916040758 TSecr=3045560531 [TCP segment of a reassembled PDU]"
"57093","36.677701778","192.168.1.55","192.168.1.2","TCP","1514","8004  >  36712 [ACK] Seq=33494 Ack=141 Win=65024 Len=1448 TSval=2916040758 TSecr=3045560531 [TCP segment of a reassembled PDU]"
"57094","36.677703111","192.168.1.55","192.168.1.2","TCP","1514","8004  >  36712 [ACK] Seq=34942 Ack=141 Win=65024 Len=1448 TSval=2916040758 TSecr=3045560531 [TCP segment of a reassembled PDU]"
"57095","36.677704481","192.168.1.55","192.168.1.2","TCP","1514","8004  >  36712 [ACK] Seq=36390 Ack=141 Win=65024 Len=1448 TSval=2916040758 TSecr=3045560531 [TCP segment of a reassembled PDU]"
"57096","36.677705703","192.168.1.55","192.168.1.2","TCP","1514","8004  >  36712 [ACK] Seq=37838 Ack=141 Win=65024 Len=1448 TSval=2916040758 TSecr=3045560531 [TCP segment of a reassembled PDU]"
"57097","36.677707074","192.168.1.55","192.168.1.2","TCP","1514","8004  >  36712 [PSH, ACK] Seq=39286 Ack=141 Win=65024 Len=1448 TSval=2916040758 TSecr=3045560531 [TCP segment of a reassembled PDU]"
"57098","36.678454723","192.168.1.55","192.168.1.2","TCP","1514","8004  >  36712 [ACK] Seq=40734 Ack=141 Win=65024 Len=1448 TSval=2916040759 TSecr=3045560531 [TCP segment of a reassembled PDU]"
"57099","36.682139137","192.168.1.2","192.168.1.55","TCP","66","36712  >  8004 [ACK] Seq=141 Ack=16118 Win=90112 Len=0 TSval=3045560536 TSecr=2916040758"
"57100","36.682170822","192.168.1.55","192.168.1.2","TCP","1514","8004  >  36712 [ACK] Seq=42182 Ack=141 Win=65024 Len=1448 TSval=2916040762 TSecr=3045560536 [TCP segment of a reassembled PDU]"
"57101","36.682174674","192.168.1.55","192.168.1.2","TCP","1514","8004  >  36712 [PSH, ACK] Seq=43630 Ack=141 Win=65024 Len=1448 TSval=2916040762 TSecr=3045560536 [TCP segment of a reassembled PDU]"
"57102","36.682380378","192.168.1.2","192.168.1.55","TCP","66","36712  >  8004 [ACK] Seq=141 Ack=26254 Win=80896 Len=0 TSval=3045560536 TSecr=2916040758"
"57103","36.682407933","192.168.1.55","192.168.1.2","TCP","1514","8004  >  36712 [ACK] Seq=45078 Ack=141 Win=65024 Len=1448 TSval=2916040763 TSecr=3045560536 [TCP segment of a reassembled PDU]"
"57104","36.682409785","192.168.1.55","192.168.1.2","TCP","1514","8004  >  36712 [ACK] Seq=46526 Ack=141 Win=65024 Len=1448 TSval=2916040763 TSecr=3045560536 [TCP segment of a reassembled PDU]"
"57105","36.682411007","192.168.1.55","192.168.1.2","TCP","1514","8004  >  36712 [ACK] Seq=47974 Ack=141 Win=65024 Len=1448 TSval=2916040763 TSecr=3045560536 [TCP segment of a reassembled PDU]"
"57106","36.682412267","192.168.1.55","192.168.1.2","TCP","1514","8004  >  36712 [ACK] Seq=49422 Ack=141 Win=65024 Len=1448 TSval=2916040763 TSecr=3045560536 [TCP segment of a reassembled PDU]"
"57107","36.682413581","192.168.1.55","192.168.1.2","TCP","1514","8004  >  36712 [ACK] Seq=50870 Ack=141 Win=65024 Len=1448 TSval=2916040763 TSecr=3045560536 [TCP segment of a reassembled PDU]"
"57108","36.682414748","192.168.1.55","192.168.1.2","TCP","1514","8004  >  36712 [ACK] Seq=52318 Ack=141 Win=65024 Len=1448 TSval=2916040763 TSecr=3045560536 [TCP segment of a reassembled PDU]"
"57109","36.682415896","192.168.1.55","192.168.1.2","TCP","1514","8004  >  36712 [ACK] Seq=53766 Ack=141 Win=65024 Len=1448 TSval=2916040763 TSecr=3045560536 [TCP segment of a reassembled PDU]"
"57110","36.682417156","192.168.1.55","192.168.1.2","TCP","1514","8004  >  36712 [ACK] Seq=55214 Ack=141 Win=65024 Len=1448 TSval=2916040763 TSecr=3045560536 [TCP segment of a reassembled PDU]"
"57111","36.682418322","192.168.1.55","192.168.1.2","TCP","1514","8004  >  36712 [ACK] Seq=56662 Ack=141 Win=65024 Len=1448 TSval=2916040763 TSecr=3045560536 [TCP segment of a reassembled PDU]"
"57112","36.682419470","192.168.1.55","192.168.1.2","TCP","1514","8004  >  36712 [ACK] Seq=58110 Ack=141 Win=65024 Len=1448 TSval=2916040763 TSecr=3045560536 [TCP segment of a reassembled PDU]"
"57113","36.682421415","192.168.1.55","192.168.1.2","TCP","1514","8004  >  36712 [ACK] Seq=59558 Ack=141 Win=65024 Len=1448 TSval=2916040763 TSecr=3045560536 [TCP segment of a reassembled PDU]"
"57114","36.682422730","192.168.1.55","192.168.1.2","TCP","1514","8004  >  36712 [ACK] Seq=61006 Ack=141 Win=65024 Len=1448 TSval=2916040763 TSecr=3045560536 [TCP segment of a reassembled PDU]"
"57115","36.682423970","192.168.1.55","192.168.1.2","TCP","1514","8004  >  36712 [ACK] Seq=62454 Ack=141 Win=65024 Len=1448 TSval=2916040763 TSecr=3045560536 [TCP segment of a reassembled PDU]"
"57116","36.682425767","192.168.1.55","192.168.1.2","TCP","1514","8004  >  36712 [PSH, ACK] Seq=63902 Ack=141 Win=65024 Len=1448 TSval=2916040763 TSecr=3045560536 [TCP segment of a reassembled PDU]"
"57117","36.682430081","192.168.1.2","192.168.1.55","TCP","66","36712  >  8004 [ACK] Seq=141 Ack=36390 Win=71680 Len=0 TSval=3045560536 TSecr=2916040758"
"57118","36.682461156","192.168.1.55","192.168.1.2","TCP","1514","8004  >  36712 [ACK] Seq=65350 Ack=141 Win=65024 Len=1448 TSval=2916040763 TSecr=3045560536 [TCP segment of a reassembled PDU]"
"57119","36.682463026","192.168.1.55","192.168.1.2","TCP","1514","8004  >  36712 [ACK] Seq=66798 Ack=141 Win=65024 Len=1448 TSval=2916040763 TSecr=3045560536 [TCP segment of a reassembled PDU]"
"57120","36.682464248","192.168.1.55","192.168.1.2","TCP","1514","8004  >  36712 [ACK] Seq=68246 Ack=141 Win=65024 Len=1448 TSval=2916040763 TSecr=3045560536 [TCP segment of a reassembled PDU]"
"57121","36.682465489","192.168.1.55","192.168.1.2","TCP","1514","8004  >  36712 [ACK] Seq=69694 Ack=141 Win=65024 Len=1448 TSval=2916040763 TSecr=3045560536 [TCP segment of a reassembled PDU]"
"57122","36.682466656","192.168.1.55","192.168.1.2","TCP","1514","8004  >  36712 [ACK] Seq=71142 Ack=141 Win=65024 Len=1448 TSval=2916040763 TSecr=3045560536 [TCP segment of a reassembled PDU]"
"57123","36.682468359","192.168.1.55","192.168.1.2","TCP","1514","8004  >  36712 [ACK] Seq=72590 Ack=141 Win=65024 Len=1448 TSval=2916040763 TSecr=3045560536 [TCP segment of a reassembled PDU]"
"57124","36.682469526","192.168.1.55","192.168.1.2","TCP","1514","8004  >  36712 [ACK] Seq=74038 Ack=141 Win=65024 Len=1448 TSval=2916040763 TSecr=3045560536 [TCP segment of a reassembled PDU]"
"57125","36.682470767","192.168.1.55","192.168.1.2","TCP","1514","8004  >  36712 [PSH, ACK] Seq=75486 Ack=141 Win=65024 Len=1448 TSval=2916040763 TSecr=3045560536 [TCP segment of a reassembled PDU]"
"57126","36.682476211","192.168.1.2","192.168.1.55","TCP","66","36712  >  8004 [ACK] Seq=141 Ack=39286 Win=90112 Len=0 TSval=3045560537 TSecr=2916040758"
"57127","36.682535082","192.168.1.2","192.168.1.55","TCP","66","36712  >  8004 [ACK] Seq=141 Ack=40734 Win=91136 Len=0 TSval=3045560537 TSecr=2916040758"
"57128","36.682545193","192.168.1.2","192.168.1.55","TCP","66","36712  >  8004 [ACK] Seq=141 Ack=42182 Win=90112 Len=0 TSval=3045560537 TSecr=2916040759"
"57129","36.682569508","192.168.1.55","192.168.1.2","TCP","1514","8004  >  36712 [ACK] Seq=76934 Ack=141 Win=65024 Len=1448 TSval=2916040763 TSecr=3045560537 [TCP segment of a reassembled PDU]"
"57130","36.682571730","192.168.1.55","192.168.1.2","TCP","1514","8004  >  36712 [ACK] Seq=78382 Ack=141 Win=65024 Len=1448 TSval=2916040763 TSecr=3045560537 [TCP segment of a reassembled PDU]"
"57131","36.682573082","192.168.1.55","192.168.1.2","TCP","1514","8004  >  36712 [ACK] Seq=79830 Ack=141 Win=65024 Len=1448 TSval=2916040763 TSecr=3045560537 [TCP segment of a reassembled PDU]"
"57132","36.682574230","192.168.1.55","192.168.1.2","TCP","1514","8004  >  36712 [ACK] Seq=81278 Ack=141 Win=65024 Len=1448 TSval=2916040763 TSecr=3045560537 [TCP segment of a reassembled PDU]"
"57133","36.682575397","192.168.1.55","192.168.1.2","TCP","1514","8004  >  36712 [ACK] Seq=82726 Ack=141 Win=65024 Len=1448 TSval=2916040763 TSecr=3045560537 [TCP segment of a reassembled PDU]"
"57134","36.682576674","192.168.1.55","192.168.1.2","TCP","1514","8004  >  36712 [ACK] Seq=84174 Ack=141 Win=65024 Len=1448 TSval=2916040763 TSecr=3045560537 [TCP segment of a reassembled PDU]"
"57135","36.682577952","192.168.1.55","192.168.1.2","TCP","1514","8004  >  36712 [ACK] Seq=85622 Ack=141 Win=65024 Len=1448 TSval=2916040763 TSecr=3045560537 [TCP segment of a reassembled PDU]"
"57136","36.682579193","192.168.1.55","192.168.1.2","TCP","1514","8004  >  36712 [ACK] Seq=87070 Ack=141 Win=65024 Len=1448 TSval=2916040763 TSecr=3045560537 [TCP segment of a reassembled PDU]"
"57137","36.682580563","192.168.1.55","192.168.1.2","TCP","1514","8004  >  36712 [ACK] Seq=88518 Ack=141 Win=65024 Len=1448 TSval=2916040763 TSecr=3045560537 [TCP segment of a reassembled PDU]"
"57138","36.682581748","192.168.1.55","192.168.1.2","TCP","1514","8004  >  36712 [ACK] Seq=89966 Ack=141 Win=65024 Len=1448 TSval=2916040763 TSecr=3045560537 [TCP segment of a reassembled PDU]"
"57139","36.682583026","192.168.1.55","192.168.1.2","TCP","1514","8004  >  36712 [ACK] Seq=91414 Ack=141 Win=65024 Len=1448 TSval=2916040763 TSecr=3045560537 [TCP segment of a reassembled PDU]"
"57140","36.682584359","192.168.1.55","192.168.1.2","TCP","1514","8004  >  36712 [ACK] Seq=92862 Ack=141 Win=65024 Len=1448 TSval=2916040763 TSecr=3045560537 [TCP segment of a reassembled PDU]"
"57141","36.682585582","192.168.1.55","192.168.1.2","TCP","1514","8004  >  36712 [ACK] Seq=94310 Ack=141 Win=65024 Len=1448 TSval=2916040763 TSecr=3045560537 [TCP segment of a reassembled PDU]"
"57142","36.682587156","192.168.1.55","192.168.1.2","TCP","1514","8004  >  36712 [PSH, ACK] Seq=95758 Ack=141 Win=65024 Len=1448 TSval=2916040763 TSecr=3045560537 [TCP segment of a reassembled PDU]"
"57143","36.683790417","192.168.1.55","192.168.1.2","TCP","1514","8004  >  36712 [ACK] Seq=97206 Ack=141 Win=65024 Len=1448 TSval=2916040764 TSecr=3045560537 [TCP segment of a reassembled PDU]"
"57144","36.683793065","192.168.1.55","192.168.1.2","TCP","1514","8004  >  36712 [PSH, ACK] Seq=98654 Ack=141 Win=65024 Len=1448 TSval=2916040764 TSecr=3045560537 [TCP segment of a reassembled PDU]"
"57145","36.688013535","192.168.1.2","192.168.1.55","TCP","66","36712  >  8004 [ACK] Seq=141 Ack=45078 Win=88064 Len=0 TSval=3045560542 TSecr=2916040762"
"57146","36.688049350","192.168.1.55","192.168.1.2","TCP","1514","8004  >  36712 [ACK] Seq=100102 Ack=141 Win=65024 Len=1448 TSval=2916040768 TSecr=3045560542 [TCP segment of a reassembled PDU]"
"57147","36.688054905","192.168.1.55","192.168.1.2","TCP","1514","8004  >  36712 [ACK] Seq=101550 Ack=141 Win=65024 Len=1448 TSval=2916040768 TSecr=3045560542 [TCP segment of a reassembled PDU]"
"57148","36.688056091","192.168.1.55","192.168.1.2","TCP","1514","8004  >  36712 [ACK] Seq=102998 Ack=141 Win=65024 Len=1448 TSval=2916040768 TSecr=3045560542 [TCP segment of a reassembled PDU]"
"57149","36.688057276","192.168.1.55","192.168.1.2","TCP","1514","8004  >  36712 [PSH, ACK] Seq=104446 Ack=141 Win=65024 Len=1448 TSval=2916040768 TSecr=3045560542 [TCP segment of a reassembled PDU]"
"57150","36.688105905","192.168.1.2","192.168.1.55","TCP","66","36712  >  8004 [ACK] Seq=141 Ack=49422 Win=89088 Len=0 TSval=3045560542 TSecr=2916040763"
"57151","36.689592519","192.168.1.2","192.168.1.55","TCP","66","36712  >  8004 [ACK] Seq=141 Ack=65350 Win=77824 Len=0 TSval=3045560543 TSecr=2916040763"
"57152","36.689636112","192.168.1.55","192.168.1.2","TCP","1514","8004  >  36712 [ACK] Seq=105894 Ack=141 Win=65024 Len=1448 TSval=2916040770 TSecr=3045560543 [TCP segment of a reassembled PDU]"
"57153","36.689640649","192.168.1.55","192.168.1.2","TCP","1514","8004  >  36712 [ACK] Seq=107342 Ack=141 Win=65024 Len=1448 TSval=2916040770 TSecr=3045560543 [TCP segment of a reassembled PDU]"
"57154","36.689641852","192.168.1.55","192.168.1.2","TCP","1514","8004  >  36712 [ACK] Seq=108790 Ack=141 Win=65024 Len=1448 TSval=2916040770 TSecr=3045560543 [TCP segment of a reassembled PDU]"
"57155","36.689643167","192.168.1.55","192.168.1.2","TCP","1514","8004  >  36712 [ACK] Seq=110238 Ack=141 Win=65024 Len=1448 TSval=2916040770 TSecr=3045560543 [TCP segment of a reassembled PDU]"
"57156","36.689644723","192.168.1.55","192.168.1.2","TCP","1514","8004  >  36712 [ACK] Seq=111686 Ack=141 Win=65024 Len=1448 TSval=2916040770 TSecr=3045560543 [TCP segment of a reassembled PDU]"
"57157","36.689646260","192.168.1.55","192.168.1.2","TCP","1514","8004  >  36712 [ACK] Seq=113134 Ack=141 Win=65024 Len=1448 TSval=2916040770 TSecr=3045560543 [TCP segment of a reassembled PDU]"
"57158","36.689647834","192.168.1.55","192.168.1.2","TCP","1514","8004  >  36712 [ACK] Seq=114582 Ack=141 Win=65024 Len=1448 TSval=2916040770 TSecr=3045560543 [TCP segment of a reassembled PDU]"
"57159","36.689649112","192.168.1.55","192.168.1.2","TCP","1514","8004  >  36712 [ACK] Seq=116030 Ack=141 Win=65024 Len=1448 TSval=2916040770 TSecr=3045560543 [TCP segment of a reassembled PDU]"
"57160","36.689651426","192.168.1.55","192.168.1.2","TCP","1514","8004  >  36712 [ACK] Seq=117478 Ack=141 Win=65024 Len=1448 TSval=2916040770 TSecr=3045560543 [TCP segment of a reassembled PDU]"
"57161","36.689653149","192.168.1.55","192.168.1.2","TCP","1514","8004  >  36712 [PSH, ACK] Seq=118926 Ack=141 Win=65024 Len=1448 TSval=2916040770 TSecr=3045560543 [TCP segment of a reassembled PDU]"
"57162","36.690151279","192.168.1.2","192.168.1.55","TCP","66","36712  >  8004 [ACK] Seq=141 Ack=76934 Win=66560 Len=0 TSval=3045560543 TSecr=2916040763"
"57163","36.690188557","192.168.1.55","192.168.1.2","TCP","1514","8004  >  36712 [ACK] Seq=120374 Ack=141 Win=65024 Len=1448 TSval=2916040770 TSecr=3045560543 [TCP segment of a reassembled PDU]"
"57164","36.690190816","192.168.1.55","192.168.1.2","TCP","1514","8004  >  36712 [ACK] Seq=121822 Ack=141 Win=65024 Len=1448 TSval=2916040770 TSecr=3045560543 [TCP segment of a reassembled PDU]"
"57165","36.690192279","192.168.1.55","192.168.1.2","TCP","1514","8004  >  36712 [ACK] Seq=123270 Ack=141 Win=65024 Len=1448 TSval=2916040770 TSecr=3045560543 [TCP segment of a reassembled PDU]"
"57166","36.690194742","192.168.1.55","192.168.1.2","TCP","1514","8004  >  36712 [ACK] Seq=124718 Ack=141 Win=65024 Len=1448 TSval=2916040770 TSecr=3045560543 [TCP segment of a reassembled PDU]"
"57167","36.690196464","192.168.1.55","192.168.1.2","TCP","1514","8004  >  36712 [ACK] Seq=126166 Ack=141 Win=65024 Len=1448 TSval=2916040770 TSecr=3045560543 [TCP segment of a reassembled PDU]"
"57168","36.690197724","192.168.1.55","192.168.1.2","TCP","1514","8004  >  36712 [ACK] Seq=127614 Ack=141 Win=65024 Len=1448 TSval=2916040770 TSecr=3045560543 [TCP segment of a reassembled PDU]"
"57169","36.690199057","192.168.1.55","192.168.1.2","TCP","1514","8004  >  36712 [ACK] Seq=129062 Ack=141 Win=65024 Len=1448 TSval=2916040770 TSecr=3045560543 [TCP segment of a reassembled PDU]"
"57170","36.690200557","192.168.1.55","192.168.1.2","TCP","1514","8004  >  36712 [ACK] Seq=130510 Ack=141 Win=65024 Len=1448 TSval=2916040770 TSecr=3045560543 [TCP segment of a reassembled PDU]"
"57171","36.690202279","192.168.1.55","192.168.1.2","TCP","1514","8004  >  36712 [ACK] Seq=131958 Ack=141 Win=65024 Len=1448 TSval=2916040770 TSecr=3045560543 [TCP segment of a reassembled PDU]"
"57172","36.690203724","192.168.1.55","192.168.1.2","TCP","1514","8004  >  36712 [ACK] Seq=133406 Ack=141 Win=65024 Len=1448 TSval=2916040770 TSecr=3045560543 [TCP segment of a reassembled PDU]"
"57173","36.690205020","192.168.1.55","192.168.1.2","TCP","1514","8004  >  36712 [ACK] Seq=134854 Ack=141 Win=65024 Len=1448 TSval=2916040770 TSecr=3045560543 [TCP segment of a reassembled PDU]"
"57174","36.690206742","192.168.1.55","192.168.1.2","TCP","1514","8004  >  36712 [ACK] Seq=136302 Ack=141 Win=65024 Len=1448 TSval=2916040770 TSecr=3045560543 [TCP segment of a reassembled PDU]"
"57175","36.690208557","192.168.1.55","192.168.1.2","TCP","1514","8004  >  36712 [ACK] Seq=137750 Ack=141 Win=65024 Len=1448 TSval=2916040770 TSecr=3045560543 [TCP segment of a reassembled PDU]"
"57176","36.690210038","192.168.1.55","192.168.1.2","TCP","1514","8004  >  36712 [ACK] Seq=139198 Ack=141 Win=65024 Len=1448 TSval=2916040770 TSecr=3045560543 [TCP segment of a reassembled PDU]"
"57177","36.690211742","192.168.1.55","192.168.1.2","TCP","1514","8004  >  36712 [ACK] Seq=140646 Ack=141 Win=65024 Len=1448 TSval=2916040770 TSecr=3045560543 [TCP segment of a reassembled PDU]"
"57178","36.690213501","192.168.1.55","192.168.1.2","TCP","1466","[TCP Window Full] 8004  >  36712 [PSH, ACK] Seq=142094 Ack=141 Win=65024 Len=1400 TSval=2916040770 TSecr=3045560543 [TCP segment of a reassembled PDU]"
"57179","36.690222057","192.168.1.2","192.168.1.55","TCP","66","36712  >  8004 [ACK] Seq=141 Ack=88518 Win=55296 Len=0 TSval=3045560543 TSecr=2916040763"
"57180","36.690229520","192.168.1.2","192.168.1.55","TCP","66","36712  >  8004 [ACK] Seq=141 Ack=97206 Win=82944 Len=0 TSval=3045560544 TSecr=2916040763"
"57181","36.690259909","192.168.1.55","192.168.1.2","TCP","1514","8004  >  36712 [ACK] Seq=143494 Ack=141 Win=65024 Len=1448 TSval=2916040770 TSecr=3045560544 [TCP segment of a reassembled PDU]"
"57182","36.690262613","192.168.1.55","192.168.1.2","TCP","1514","8004  >  36712 [ACK] Seq=144942 Ack=141 Win=65024 Len=1448 TSval=2916040770 TSecr=3045560544 [TCP segment of a reassembled PDU]"
"57183","36.690272964","192.168.1.55","192.168.1.2","TCP","1514","8004  >  36712 [ACK] Seq=146390 Ack=141 Win=65024 Len=1448 TSval=2916040770 TSecr=3045560544 [TCP segment of a reassembled PDU]"
"57184","36.690274520","192.168.1.55","192.168.1.2","TCP","1514","8004  >  36712 [ACK] Seq=147838 Ack=141 Win=65024 Len=1448 TSval=2916040770 TSecr=3045560544 [TCP segment of a reassembled PDU]"
"57185","36.690276890","192.168.1.55","192.168.1.2","TCP","1514","8004  >  36712 [ACK] Seq=149286 Ack=141 Win=65024 Len=1448 TSval=2916040770 TSecr=3045560544 [TCP segment of a reassembled PDU]"
"57186","36.690278576","192.168.1.55","192.168.1.2","TCP","1514","8004  >  36712 [ACK] Seq=150734 Ack=141 Win=65024 Len=1448 TSval=2916040770 TSecr=3045560544 [TCP segment of a reassembled PDU]"
"57187","36.690279983","192.168.1.55","192.168.1.2","TCP","1514","8004  >  36712 [ACK] Seq=152182 Ack=141 Win=65024 Len=1448 TSval=2916040770 TSecr=3045560544 [TCP segment of a reassembled PDU]"
"57188","36.690281557","192.168.1.55","192.168.1.2","TCP","1514","8004  >  36712 [ACK] Seq=153630 Ack=141 Win=65024 Len=1448 TSval=2916040770 TSecr=3045560544 [TCP segment of a reassembled PDU]"
"57189","36.690283002","192.168.1.55","192.168.1.2","TCP","1514","8004  >  36712 [ACK] Seq=155078 Ack=141 Win=65024 Len=1448 TSval=2916040770 TSecr=3045560544 [TCP segment of a reassembled PDU]"
"57190","36.690285427","192.168.1.55","192.168.1.2","TCP","1514","8004  >  36712 [ACK] Seq=156526 Ack=141 Win=65024 Len=1448 TSval=2916040770 TSecr=3045560544 [TCP segment of a reassembled PDU]"
"57191","36.690287113","192.168.1.55","192.168.1.2","TCP","1514","8004  >  36712 [ACK] Seq=157974 Ack=141 Win=65024 Len=1448 TSval=2916040770 TSecr=3045560544 [TCP segment of a reassembled PDU]"
"57192","36.690289187","192.168.1.55","192.168.1.2","TCP","1514","8004  >  36712 [ACK] Seq=159422 Ack=141 Win=65024 Len=1448 TSval=2916040770 TSecr=3045560544 [TCP segment of a reassembled PDU]"
"57193","36.690291057","192.168.1.55","192.168.1.2","TCP","1514","8004  >  36712 [ACK] Seq=160870 Ack=141 Win=65024 Len=1448 TSval=2916040770 TSecr=3045560544 [TCP segment of a reassembled PDU]"
"57194","36.690298798","192.168.1.55","192.168.1.2","TCP","1514","8004  >  36712 [PSH, ACK] Seq=162318 Ack=141 Win=65024 Len=1448 TSval=2916040770 TSecr=3045560544 [TCP segment of a reassembled PDU]"
"57195","36.690305298","192.168.1.55","192.168.1.2","TCP","114","8004  >  36712 [ACK] Seq=163766 Ack=141 Win=65024 Len=48 TSval=2916040770 TSecr=3045560544 [TCP segment of a reassembled PDU]"
"57196","36.690310057","192.168.1.2","192.168.1.55","TCP","66","36712  >  8004 [ACK] Seq=141 Ack=100102 Win=80896 Len=0 TSval=3045560544 TSecr=2916040764"
"57197","36.690376576","192.168.1.55","192.168.1.2","TCP","1514","8004  >  36712 [ACK] Seq=163814 Ack=141 Win=65024 Len=1448 TSval=2916040771 TSecr=3045560544 [TCP segment of a reassembled PDU]"
"57198","36.690382779","192.168.1.55","192.168.1.2","TCP","1514","8004  >  36712 [ACK] Seq=165262 Ack=141 Win=65024 Len=1448 TSval=2916040771 TSecr=3045560544 [TCP segment of a reassembled PDU]"
"57199","36.690384965","192.168.1.55","192.168.1.2","TCP","1514","8004  >  36712 [ACK] Seq=166710 Ack=141 Win=65024 Len=1448 TSval=2916040771 TSecr=3045560544 [TCP segment of a reassembled PDU]"
"57200","36.690386317","192.168.1.55","192.168.1.2","TCP","1514","8004  >  36712 [ACK] Seq=168158 Ack=141 Win=65024 Len=1448 TSval=2916040771 TSecr=3045560544 [TCP segment of a reassembled PDU]"
"57201","36.690387854","192.168.1.55","192.168.1.2","TCP","1514","8004  >  36712 [ACK] Seq=169606 Ack=141 Win=65024 Len=1448 TSval=2916040771 TSecr=3045560544 [TCP segment of a reassembled PDU]"
"57202","36.690389187","192.168.1.55","192.168.1.2","TCP","1514","8004  >  36712 [ACK] Seq=171054 Ack=141 Win=65024 Len=1448 TSval=2916040771 TSecr=3045560544 [TCP segment of a reassembled PDU]"
"57203","36.690391520","192.168.1.55","192.168.1.2","TCP","1514","8004  >  36712 [ACK] Seq=172502 Ack=141 Win=65024 Len=1448 TSval=2916040771 TSecr=3045560544 [TCP segment of a reassembled PDU]"
"57204","36.690393724","192.168.1.55","192.168.1.2","TCP","1514","8004  >  36712 [ACK] Seq=173950 Ack=141 Win=65024 Len=1448 TSval=2916040771 TSecr=3045560544 [TCP segment of a reassembled PDU]"
"57205","36.690395150","192.168.1.55","192.168.1.2","TCP","1514","8004  >  36712 [ACK] Seq=175398 Ack=141 Win=65024 Len=1448 TSval=2916040771 TSecr=3045560544 [TCP segment of a reassembled PDU]"
"57206","36.690396891","192.168.1.55","192.168.1.2","TCP","1514","8004  >  36712 [ACK] Seq=176846 Ack=141 Win=65024 Len=1448 TSval=2916040771 TSecr=3045560544 [TCP segment of a reassembled PDU]"
"57207","36.690399372","192.168.1.55","192.168.1.2","TCP","1514","8004  >  36712 [PSH, ACK] Seq=178294 Ack=141 Win=65024 Len=1448 TSval=2916040771 TSecr=3045560544 [TCP segment of a reassembled PDU]"
"57208","36.691668485","192.168.1.2","192.168.1.55","TCP","66","36712  >  8004 [ACK] Seq=141 Ack=101550 Win=90112 Len=0 TSval=3045560545 TSecr=2916040768"
"57209","36.691698596","192.168.1.55","192.168.1.2","TCP","1514","8004  >  36712 [ACK] Seq=179742 Ack=141 Win=65024 Len=1448 TSval=2916040772 TSecr=3045560545 [TCP segment of a reassembled PDU]"
"57210","36.691703133","192.168.1.55","192.168.1.2","TCP","1514","8004  >  36712 [ACK] Seq=181190 Ack=141 Win=65024 Len=1448 TSval=2916040772 TSecr=3045560545 [TCP segment of a reassembled PDU]"
"57211","36.691704800","192.168.1.55","192.168.1.2","TCP","1514","8004  >  36712 [ACK] Seq=182638 Ack=141 Win=65024 Len=1448 TSval=2916040772 TSecr=3045560545 [TCP segment of a reassembled PDU]"
"57212","36.691706189","192.168.1.55","192.168.1.2","TCP","1514","8004  >  36712 [ACK] Seq=184086 Ack=141 Win=65024 Len=1448 TSval=2916040772 TSecr=3045560545 [TCP segment of a reassembled PDU]"
"57213","36.691708226","192.168.1.55","192.168.1.2","TCP","1514","8004  >  36712 [ACK] Seq=185534 Ack=141 Win=65024 Len=1448 TSval=2916040772 TSecr=3045560545 [TCP segment of a reassembled PDU]"
"57214","36.691709819","192.168.1.55","192.168.1.2","TCP","1514","8004  >  36712 [ACK] Seq=186982 Ack=141 Win=65024 Len=1448 TSval=2916040772 TSecr=3045560545 [TCP segment of a reassembled PDU]"
"57215","36.691711319","192.168.1.55","192.168.1.2","TCP","1514","8004  >  36712 [ACK] Seq=188430 Ack=141 Win=65024 Len=1448 TSval=2916040772 TSecr=3045560545 [TCP segment of a reassembled PDU]"
"57216","36.691712708","192.168.1.55","192.168.1.2","TCP","1514","8004  >  36712 [PSH, ACK] Seq=189878 Ack=141 Win=65024 Len=1448 TSval=2916040772 TSecr=3045560545 [TCP segment of a reassembled PDU]"
"57217","36.691744282","192.168.1.2","192.168.1.55","TCP","66","36712  >  8004 [ACK] Seq=141 Ack=102998 Win=94208 Len=0 TSval=3045560545 TSecr=2916040768"
"57218","36.695891085","192.168.1.2","192.168.1.55","TCP","66","36712  >  8004 [ACK] Seq=141 Ack=104446 Win=97280 Len=0 TSval=3045560546 TSecr=2916040768"
"57219","36.695913881","192.168.1.55","192.168.1.2","TCP","1514","8004  >  36712 [ACK] Seq=191326 Ack=141 Win=65024 Len=1448 TSval=2916040776 TSecr=3045560546 [TCP segment of a reassembled PDU]"
"57220","36.695916714","192.168.1.55","192.168.1.2","TCP","1514","8004  >  36712 [ACK] Seq=192774 Ack=141 Win=65024 Len=1448 TSval=2916040776 TSecr=3045560546 [TCP segment of a reassembled PDU]"
"57221","36.695918029","192.168.1.55","192.168.1.2","TCP","1514","8004  >  36712 [ACK] Seq=194222 Ack=141 Win=65024 Len=1448 TSval=2916040776 TSecr=3045560546 [TCP segment of a reassembled PDU]"
"57222","36.695919344","192.168.1.55","192.168.1.2","TCP","1514","8004  >  36712 [ACK] Seq=195670 Ack=141 Win=65024 Len=1448 TSval=2916040776 TSecr=3045560546 [TCP segment of a reassembled PDU]"
"57223","36.695920474","192.168.1.55","192.168.1.2","TCP","1514","8004  >  36712 [ACK] Seq=197118 Ack=141 Win=65024 Len=1448 TSval=2916040776 TSecr=3045560546 [TCP segment of a reassembled PDU]"
"57224","36.695922103","192.168.1.55","192.168.1.2","TCP","1514","8004  >  36712 [ACK] Seq=198566 Ack=141 Win=65024 Len=1448 TSval=2916040776 TSecr=3045560546 [TCP segment of a reassembled PDU]"
"57225","36.695923325","192.168.1.55","192.168.1.2","TCP","1514","8004  >  36712 [PSH, ACK] Seq=200014 Ack=141 Win=65024 Len=1448 TSval=2916040776 TSecr=3045560546 [TCP segment of a reassembled PDU]"
"57226","36.696270752","192.168.1.2","192.168.1.55","TCP","66","36712  >  8004 [ACK] Seq=141 Ack=105894 Win=100352 Len=0 TSval=3045560546 TSecr=2916040768"
"57227","36.697991532","192.168.1.2","192.168.1.55","TCP","66","36712  >  8004 [ACK] Seq=141 Ack=120374 Win=97280 Len=0 TSval=3045560551 TSecr=2916040770"
"57228","36.698006181","192.168.1.55","192.168.1.2","TCP","1514","8004  >  36712 [ACK] Seq=201462 Ack=141 Win=65024 Len=1448 TSval=2916040778 TSecr=3045560551 [TCP segment of a reassembled PDU]"
"57229","36.698009255","192.168.1.55","192.168.1.2","TCP","1514","8004  >  36712 [ACK] Seq=202910 Ack=141 Win=65024 Len=1448 TSval=2916040778 TSecr=3045560551 [TCP segment of a reassembled PDU]"
"57230","36.698010866","192.168.1.55","192.168.1.2","TCP","1514","8004  >  36712 [ACK] Seq=204358 Ack=141 Win=65024 Len=1448 TSval=2916040778 TSecr=3045560551 [TCP segment of a reassembled PDU]"
"57231","36.698011958","192.168.1.55","192.168.1.2","TCP","1514","8004  >  36712 [ACK] Seq=205806 Ack=141 Win=65024 Len=1448 TSval=2916040778 TSecr=3045560551 [TCP segment of a reassembled PDU]"
"57232","36.698013125","192.168.1.55","192.168.1.2","TCP","1514","8004  >  36712 [PSH, ACK] Seq=207254 Ack=141 Win=65024 Len=1448 TSval=2916040778 TSecr=3045560551 [TCP segment of a reassembled PDU]"
"57233","36.698354737","192.168.1.2","192.168.1.55","TCP","66","36712  >  8004 [ACK] Seq=141 Ack=130510 Win=88064 Len=0 TSval=3045560551 TSecr=2916040770"
"57234","36.698361774","192.168.1.2","192.168.1.55","TCP","66","36712  >  8004 [ACK] Seq=141 Ack=143494 Win=101376 Len=0 TSval=3045560551 TSecr=2916040770"
"57235","36.698394459","192.168.1.55","192.168.1.2","TCP","1514","8004  >  36712 [ACK] Seq=208702 Ack=141 Win=65024 Len=1448 TSval=2916040779 TSecr=3045560551 [TCP segment of a reassembled PDU]"
"57236","36.698396589","192.168.1.55","192.168.1.2","TCP","1514","8004  >  36712 [ACK] Seq=210150 Ack=141 Win=65024 Len=1448 TSval=2916040779 TSecr=3045560551 [TCP segment of a reassembled PDU]"
"57237","36.698397774","192.168.1.55","192.168.1.2","TCP","1514","8004  >  36712 [ACK] Seq=211598 Ack=141 Win=65024 Len=1448 TSval=2916040779 TSecr=3045560551 [TCP segment of a reassembled PDU]"
"57238","36.698399015","192.168.1.55","192.168.1.2","TCP","1514","8004  >  36712 [ACK] Seq=213046 Ack=141 Win=65024 Len=1448 TSval=2916040779 TSecr=3045560551 [TCP segment of a reassembled PDU]"
"57239","36.698400237","192.168.1.55","192.168.1.2","TCP","1514","8004  >  36712 [ACK] Seq=214494 Ack=141 Win=65024 Len=1448 TSval=2916040779 TSecr=3045560551 [TCP segment of a reassembled PDU]"
"57240","36.698401589","192.168.1.55","192.168.1.2","TCP","1514","8004  >  36712 [ACK] Seq=215942 Ack=141 Win=65024 Len=1448 TSval=2916040779 TSecr=3045560551 [TCP segment of a reassembled PDU]"
"57241","36.698403015","192.168.1.55","192.168.1.2","TCP","1514","8004  >  36712 [ACK] Seq=217390 Ack=141 Win=65024 Len=1448 TSval=2916040779 TSecr=3045560551 [TCP segment of a reassembled PDU]"
"57242","36.698404329","192.168.1.55","192.168.1.2","TCP","1514","8004  >  36712 [ACK] Seq=218838 Ack=141 Win=65024 Len=1448 TSval=2916040779 TSecr=3045560551 [TCP segment of a reassembled PDU]"
"57243","36.698405404","192.168.1.55","192.168.1.2","TCP","1514","8004  >  36712 [ACK] Seq=220286 Ack=141 Win=65024 Len=1448 TSval=2916040779 TSecr=3045560551 [TCP segment of a reassembled PDU]"
"57244","36.698406589","192.168.1.55","192.168.1.2","TCP","1514","8004  >  36712 [ACK] Seq=221734 Ack=141 Win=65024 Len=1448 TSval=2916040779 TSecr=3045560551 [TCP segment of a reassembled PDU]"
"57245","36.698407774","192.168.1.55","192.168.1.2","TCP","1514","8004  >  36712 [ACK] Seq=223182 Ack=141 Win=65024 Len=1448 TSval=2916040779 TSecr=3045560551 [TCP segment of a reassembled PDU]"
"57246","36.698408959","192.168.1.55","192.168.1.2","TCP","1514","8004  >  36712 [ACK] Seq=224630 Ack=141 Win=65024 Len=1448 TSval=2916040779 TSecr=3045560551 [TCP segment of a reassembled PDU]"
"57247","36.698410126","192.168.1.55","192.168.1.2","TCP","1514","8004  >  36712 [ACK] Seq=226078 Ack=141 Win=65024 Len=1448 TSval=2916040779 TSecr=3045560551 [TCP segment of a reassembled PDU]"
"57248","36.698411329","192.168.1.55","192.168.1.2","TCP","1514","8004  >  36712 [ACK] Seq=227526 Ack=141 Win=65024 Len=1448 TSval=2916040779 TSecr=3045560551 [TCP segment of a reassembled PDU]"
"57249","36.698412533","192.168.1.55","192.168.1.2","TCP","1514","8004  >  36712 [ACK] Seq=228974 Ack=141 Win=65024 Len=1448 TSval=2916040779 TSecr=3045560551 [TCP segment of a reassembled PDU]"
"57250","36.698413867","192.168.1.55","192.168.1.2","TCP","1514","8004  >  36712 [ACK] Seq=230422 Ack=141 Win=65024 Len=1448 TSval=2916040779 TSecr=3045560551 [TCP segment of a reassembled PDU]"
"57251","36.698414978","192.168.1.55","192.168.1.2","TCP","1514","8004  >  36712 [ACK] Seq=231870 Ack=141 Win=65024 Len=1448 TSval=2916040779 TSecr=3045560551 [TCP segment of a reassembled PDU]"
"57252","36.698416663","192.168.1.55","192.168.1.2","TCP","1514","8004  >  36712 [ACK] Seq=233318 Ack=141 Win=65024 Len=1448 TSval=2916040779 TSecr=3045560551 [TCP segment of a reassembled PDU]"
"57253","36.698417737","192.168.1.55","192.168.1.2","TCP","1514","8004  >  36712 [ACK] Seq=234766 Ack=141 Win=65024 Len=1448 TSval=2916040779 TSecr=3045560551 [TCP segment of a reassembled PDU]"
"57254","36.698419015","192.168.1.55","192.168.1.2","TCP","1514","8004  >  36712 [ACK] Seq=236214 Ack=141 Win=65024 Len=1448 TSval=2916040779 TSecr=3045560551 [TCP segment of a reassembled PDU]"
"57255","36.698420163","192.168.1.55","192.168.1.2","TCP","1514","8004  >  36712 [ACK] Seq=237662 Ack=141 Win=65024 Len=1448 TSval=2916040779 TSecr=3045560551 [TCP segment of a reassembled PDU]"
"57256","36.698421811","192.168.1.55","192.168.1.2","TCP","1514","8004  >  36712 [ACK] Seq=239110 Ack=141 Win=65024 Len=1448 TSval=2916040779 TSecr=3045560551 [TCP segment of a reassembled PDU]"
"57257","36.698423089","192.168.1.55","192.168.1.2","TCP","1514","8004  >  36712 [ACK] Seq=240558 Ack=141 Win=65024 Len=1448 TSval=2916040779 TSecr=3045560551 [TCP segment of a reassembled PDU]"
"57258","36.698424200","192.168.1.55","192.168.1.2","TCP","1514","8004  >  36712 [PSH, ACK] Seq=242006 Ack=141 Win=65024 Len=1448 TSval=2916040779 TSecr=3045560551 [TCP segment of a reassembled PDU]"
"57259","36.698429255","192.168.1.2","192.168.1.55","TCP","66","36712  >  8004 [ACK] Seq=141 Ack=156526 Win=89088 Len=0 TSval=3045560551 TSecr=2916040770"
"57260","36.698435755","192.168.1.2","192.168.1.55","TCP","66","36712  >  8004 [ACK] Seq=141 Ack=163766 Win=106496 Len=0 TSval=3045560551 TSecr=2916040770"
"57261","36.698449626","192.168.1.55","192.168.1.2","TCP","1514","8004  >  36712 [ACK] Seq=243454 Ack=141 Win=65024 Len=1448 TSval=2916040779 TSecr=3045560551 [TCP segment of a reassembled PDU]"
"57262","36.698451385","192.168.1.55","192.168.1.2","TCP","1514","8004  >  36712 [ACK] Seq=244902 Ack=141 Win=65024 Len=1448 TSval=2916040779 TSecr=3045560551 [TCP segment of a reassembled PDU]"
"57263","36.698452496","192.168.1.55","192.168.1.2","TCP","1514","8004  >  36712 [ACK] Seq=246350 Ack=141 Win=65024 Len=1448 TSval=2916040779 TSecr=3045560551 [TCP segment of a reassembled PDU]"
"57264","36.698453700","192.168.1.55","192.168.1.2","TCP","1514","8004  >  36712 [ACK] Seq=247798 Ack=141 Win=65024 Len=1448 TSval=2916040779 TSecr=3045560551 [TCP segment of a reassembled PDU]"
"57265","36.698455478","192.168.1.55","192.168.1.2","TCP","1514","8004  >  36712 [ACK] Seq=249246 Ack=141 Win=65024 Len=1448 TSval=2916040779 TSecr=3045560551 [TCP segment of a reassembled PDU]"
"57266","36.698456737","192.168.1.55","192.168.1.2","TCP","1514","8004  >  36712 [ACK] Seq=250694 Ack=141 Win=65024 Len=1448 TSval=2916040779 TSecr=3045560551 [TCP segment of a reassembled PDU]"
"57267","36.698457830","192.168.1.55","192.168.1.2","TCP","1514","8004  >  36712 [PSH, ACK] Seq=252142 Ack=141 Win=65024 Len=1448 TSval=2916040779 TSecr=3045560551 [TCP segment of a reassembled PDU]"
"57268","36.698515293","192.168.1.2","192.168.1.55","TCP","66","36712  >  8004 [ACK] Seq=141 Ack=179742 Win=98304 Len=0 TSval=3045560551 TSecr=2916040770"
"57269","36.698523867","192.168.1.2","192.168.1.55","TCP","66","36712  >  8004 [ACK] Seq=141 Ack=191326 Win=87040 Len=0 TSval=3045560552 TSecr=2916040772"
"57270","36.698556830","192.168.1.55","192.168.1.2","TCP","1514","8004  >  36712 [ACK] Seq=253590 Ack=141 Win=65024 Len=1448 TSval=2916040779 TSecr=3045560552 [TCP segment of a reassembled PDU]"
"57271","36.698559163","192.168.1.55","192.168.1.2","TCP","1514","8004  >  36712 [ACK] Seq=255038 Ack=141 Win=65024 Len=1448 TSval=2916040779 TSecr=3045560552 [TCP segment of a reassembled PDU]"
"57272","36.698560348","192.168.1.55","192.168.1.2","TCP","1514","8004  >  36712 [ACK] Seq=256486 Ack=141 Win=65024 Len=1448 TSval=2916040779 TSecr=3045560552 [TCP segment of a reassembled PDU]"
"57273","36.698561441","192.168.1.55","192.168.1.2","TCP","1514","8004  >  36712 [ACK] Seq=257934 Ack=141 Win=65024 Len=1448 TSval=2916040779 TSecr=3045560552 [TCP segment of a reassembled PDU]"
"57274","36.698562589","192.168.1.55","192.168.1.2","TCP","1514","8004  >  36712 [ACK] Seq=259382 Ack=141 Win=65024 Len=1448 TSval=2916040779 TSecr=3045560552 [TCP segment of a reassembled PDU]"
"57275","36.698563922","192.168.1.55","192.168.1.2","TCP","1514","8004  >  36712 [ACK] Seq=260830 Ack=141 Win=65024 Len=1448 TSval=2916040779 TSecr=3045560552 [TCP segment of a reassembled PDU]"
"57276","36.698565274","192.168.1.55","192.168.1.2","TCP","1514","8004  >  36712 [ACK] Seq=262278 Ack=141 Win=65024 Len=1448 TSval=2916040779 TSecr=3045560552 [TCP segment of a reassembled PDU]"
"57277","36.698566404","192.168.1.55","192.168.1.2","TCP","1514","8004  >  36712 [ACK] Seq=263726 Ack=141 Win=65024 Len=1448 TSval=2916040779 TSecr=3045560552 [TCP segment of a reassembled PDU]"
"57278","36.698567533","192.168.1.55","192.168.1.2","TCP","1514","8004  >  36712 [ACK] Seq=265174 Ack=141 Win=65024 Len=1448 TSval=2916040779 TSecr=3045560552 [TCP segment of a reassembled PDU]"
"57279","36.698568737","192.168.1.55","192.168.1.2","TCP","1514","8004  >  36712 [ACK] Seq=266622 Ack=141 Win=65024 Len=1448 TSval=2916040779 TSecr=3045560552 [TCP segment of a reassembled PDU]"
"57280","36.698569830","192.168.1.55","192.168.1.2","TCP","1514","8004  >  36712 [ACK] Seq=268070 Ack=141 Win=65024 Len=1448 TSval=2916040779 TSecr=3045560552 [TCP segment of a reassembled PDU]"
"57281","36.698571200","192.168.1.55","192.168.1.2","TCP","1514","8004  >  36712 [ACK] Seq=269518 Ack=141 Win=65024 Len=1448 TSval=2916040779 TSecr=3045560552 [TCP segment of a reassembled PDU]"
"57282","36.698572552","192.168.1.55","192.168.1.2","TCP","1514","8004  >  36712 [ACK] Seq=270966 Ack=141 Win=65024 Len=1448 TSval=2916040779 TSecr=3045560552 [TCP segment of a reassembled PDU]"
"57283","36.698573978","192.168.1.55","192.168.1.2","TCP","1514","8004  >  36712 [ACK] Seq=272414 Ack=141 Win=65024 Len=1448 TSval=2916040779 TSecr=3045560552 [TCP segment of a reassembled PDU]"
"57284","36.698575256","192.168.1.55","192.168.1.2","TCP","1514","8004  >  36712 [ACK] Seq=273862 Ack=141 Win=65024 Len=1448 TSval=2916040779 TSecr=3045560552 [TCP segment of a reassembled PDU]"
"57285","36.698576533","192.168.1.55","192.168.1.2","TCP","1514","8004  >  36712 [ACK] Seq=275310 Ack=141 Win=65024 Len=1448 TSval=2916040779 TSecr=3045560552 [TCP segment of a reassembled PDU]"
"57286","36.698577737","192.168.1.55","192.168.1.2","TCP","1514","8004  >  36712 [ACK] Seq=276758 Ack=141 Win=65024 Len=1448 TSval=2916040779 TSecr=3045560552 [TCP segment of a reassembled PDU]"
"57287","36.698578922","192.168.1.55","192.168.1.2","TCP","226","[TCP Window Full] 8004  >  36712 [PSH, ACK] Seq=278206 Ack=141 Win=65024 Len=160 TSval=2916040779 TSecr=3045560552 [TCP segment of a reassembled PDU]"
"57288","36.698582959","192.168.1.2","192.168.1.55","TCP","66","36712  >  8004 [ACK] Seq=141 Ack=192774 Win=109568 Len=0 TSval=3045560553 TSecr=2916040776"
"57289","36.698607311","192.168.1.55","192.168.1.2","TCP","1514","8004  >  36712 [ACK] Seq=278366 Ack=141 Win=65024 Len=1448 TSval=2916040779 TSecr=3045560553 [TCP segment of a reassembled PDU]"
"57290","36.698608700","192.168.1.55","192.168.1.2","TCP","1514","8004  >  36712 [ACK] Seq=279814 Ack=141 Win=65024 Len=1448 TSval=2916040779 TSecr=3045560553 [TCP segment of a reassembled PDU]"
"57291","36.698609848","192.168.1.55","192.168.1.2","TCP","1514","8004  >  36712 [ACK] Seq=281262 Ack=141 Win=65024 Len=1448 TSval=2916040779 TSecr=3045560553 [TCP segment of a reassembled PDU]"
"57292","36.698611200","192.168.1.55","192.168.1.2","TCP","1514","8004  >  36712 [ACK] Seq=282710 Ack=141 Win=65024 Len=1448 TSval=2916040779 TSecr=3045560553 [TCP segment of a reassembled PDU]"
"57293","36.698612404","192.168.1.55","192.168.1.2","TCP","1514","8004  >  36712 [ACK] Seq=284158 Ack=141 Win=65024 Len=1448 TSval=2916040779 TSecr=3045560553 [TCP segment of a reassembled PDU]"
"57294","36.698613571","192.168.1.55","192.168.1.2","TCP","1514","8004  >  36712 [ACK] Seq=285606 Ack=141 Win=65024 Len=1448 TSval=2916040779 TSecr=3045560553 [TCP segment of a reassembled PDU]"
"57295","36.698614774","192.168.1.55","192.168.1.2","TCP","1514","8004  >  36712 [ACK] Seq=287054 Ack=141 Win=65024 Len=1448 TSval=2916040779 TSecr=3045560553 [TCP segment of a reassembled PDU]"
"57296","36.698615959","192.168.1.55","192.168.1.2","TCP","1514","8004  >  36712 [ACK] Seq=288502 Ack=141 Win=65024 Len=1448 TSval=2916040779 TSecr=3045560553 [TCP segment of a reassembled PDU]"
"57297","36.698617071","192.168.1.55","192.168.1.2","TCP","1514","8004  >  36712 [ACK] Seq=289950 Ack=141 Win=65024 Len=1448 TSval=2916040779 TSecr=3045560553 [TCP segment of a reassembled PDU]"
"57298","36.698618459","192.168.1.55","192.168.1.2","TCP","1514","8004  >  36712 [ACK] Seq=291398 Ack=141 Win=65024 Len=1448 TSval=2916040779 TSecr=3045560553 [TCP segment of a reassembled PDU]"
"57299","36.698619959","192.168.1.55","192.168.1.2","TCP","1514","8004  >  36712 [ACK] Seq=292846 Ack=141 Win=65024 Len=1448 TSval=2916040779 TSecr=3045560553 [TCP segment of a reassembled PDU]"
"57300","36.698621052","192.168.1.55","192.168.1.2","TCP","1514","8004  >  36712 [ACK] Seq=294294 Ack=141 Win=65024 Len=1448 TSval=2916040779 TSecr=3045560553 [TCP segment of a reassembled PDU]"
"57301","36.698622534","192.168.1.55","192.168.1.2","TCP","1514","8004  >  36712 [PSH, ACK] Seq=295742 Ack=141 Win=65024 Len=1448 TSval=2916040779 TSecr=3045560553 [TCP segment of a reassembled PDU]"
"57302","36.698626571","192.168.1.2","192.168.1.55","TCP","66","36712  >  8004 [ACK] Seq=141 Ack=194222 Win=109568 Len=0 TSval=3045560553 TSecr=2916040776"
"57303","36.699806221","192.168.1.55","192.168.1.2","TCP","1354","8004  >  36712 [ACK] Seq=297190 Ack=141 Win=65024 Len=1288 TSval=2916040780 TSecr=3045560553 [TCP segment of a reassembled PDU]"
"57304","36.703871431","192.168.1.2","192.168.1.55","TCP","66","36712  >  8004 [ACK] Seq=141 Ack=208702 Win=109568 Len=0 TSval=3045560559 TSecr=2916040776"
"57305","36.703916653","192.168.1.55","192.168.1.2","TCP","1514","8004  >  36712 [ACK] Seq=298478 Ack=141 Win=65024 Len=1448 TSval=2916040784 TSecr=3045560559 [TCP segment of a reassembled PDU]"
"57306","36.703920042","192.168.1.55","192.168.1.2","TCP","1514","8004  >  36712 [ACK] Seq=299926 Ack=141 Win=65024 Len=1448 TSval=2916040784 TSecr=3045560559 [TCP segment of a reassembled PDU]"
"57307","36.703921320","192.168.1.55","192.168.1.2","TCP","1514","8004  >  36712 [ACK] Seq=301374 Ack=141 Win=65024 Len=1448 TSval=2916040784 TSecr=3045560559 [TCP segment of a reassembled PDU]"
"57308","36.703922709","192.168.1.55","192.168.1.2","TCP","1514","8004  >  36712 [ACK] Seq=302822 Ack=141 Win=65024 Len=1448 TSval=2916040784 TSecr=3045560559 [TCP segment of a reassembled PDU]"
"57309","36.703923894","192.168.1.55","192.168.1.2","TCP","1514","8004  >  36712 [ACK] Seq=304270 Ack=141 Win=65024 Len=1448 TSval=2916040784 TSecr=3045560559 [TCP segment of a reassembled PDU]"
"57310","36.703925098","192.168.1.55","192.168.1.2","TCP","1514","8004  >  36712 [ACK] Seq=305718 Ack=141 Win=65024 Len=1448 TSval=2916040784 TSecr=3045560559 [TCP segment of a reassembled PDU]"
"57311","36.703926820","192.168.1.55","192.168.1.2","TCP","1514","8004  >  36712 [ACK] Seq=307166 Ack=141 Win=65024 Len=1448 TSval=2916040784 TSecr=3045560559 [TCP segment of a reassembled PDU]"
"57312","36.703928024","192.168.1.55","192.168.1.2","TCP","1514","8004  >  36712 [ACK] Seq=308614 Ack=141 Win=65024 Len=1448 TSval=2916040784 TSecr=3045560559 [TCP segment of a reassembled PDU]"
"57313","36.703929172","192.168.1.55","192.168.1.2","TCP","1514","8004  >  36712 [ACK] Seq=310062 Ack=141 Win=65024 Len=1448 TSval=2916040784 TSecr=3045560559 [TCP segment of a reassembled PDU]"
"57314","36.703930431","192.168.1.55","192.168.1.2","TCP","1514","8004  >  36712 [ACK] Seq=311510 Ack=141 Win=65024 Len=1448 TSval=2916040784 TSecr=3045560559 [TCP segment of a reassembled PDU]"
"57315","36.703931931","192.168.1.55","192.168.1.2","TCP","1514","8004  >  36712 [ACK] Seq=312958 Ack=141 Win=65024 Len=1448 TSval=2916040784 TSecr=3045560559 [TCP segment of a reassembled PDU]"
"57316","36.703933209","192.168.1.55","192.168.1.2","TCP","1514","8004  >  36712 [ACK] Seq=314406 Ack=141 Win=65024 Len=1448 TSval=2916040784 TSecr=3045560559 [TCP segment of a reassembled PDU]"
"57317","36.703934301","192.168.1.55","192.168.1.2","TCP","1514","8004  >  36712 [PSH, ACK] Seq=315854 Ack=141 Win=65024 Len=1448 TSval=2916040784 TSecr=3045560559 [TCP segment of a reassembled PDU]"
"57318","36.703968264","192.168.1.2","192.168.1.55","TCP","66","36712  >  8004 [ACK] Seq=141 Ack=210150 Win=112640 Len=0 TSval=3045560559 TSecr=2916040779"
"57319","36.704524136","192.168.1.2","192.168.1.55","TCP","66","36712  >  8004 [ACK] Seq=141 Ack=243454 Win=125952 Len=0 TSval=3045560560 TSecr=2916040779"
"57320","36.704549469","192.168.1.55","192.168.1.2","TCP","1514","8004  >  36712 [ACK] Seq=317302 Ack=141 Win=65024 Len=1448 TSval=2916040785 TSecr=3045560560 [TCP segment of a reassembled PDU]"
"57321","36.704551247","192.168.1.55","192.168.1.2","TCP","1514","8004  >  36712 [ACK] Seq=318750 Ack=141 Win=65024 Len=1448 TSval=2916040785 TSecr=3045560560 [TCP segment of a reassembled PDU]"
"57322","36.704552395","192.168.1.55","192.168.1.2","TCP","1514","8004  >  36712 [ACK] Seq=320198 Ack=141 Win=65024 Len=1448 TSval=2916040785 TSecr=3045560560 [TCP segment of a reassembled PDU]"
"57323","36.704553543","192.168.1.55","192.168.1.2","TCP","1514","8004  >  36712 [ACK] Seq=321646 Ack=141 Win=65024 Len=1448 TSval=2916040785 TSecr=3045560560 [TCP segment of a reassembled PDU]"
"57324","36.704554747","192.168.1.55","192.168.1.2","TCP","1514","8004  >  36712 [ACK] Seq=323094 Ack=141 Win=65024 Len=1448 TSval=2916040785 TSecr=3045560560 [TCP segment of a reassembled PDU]"
"57325","36.704556173","192.168.1.55","192.168.1.2","TCP","1514","8004  >  36712 [ACK] Seq=324542 Ack=141 Win=65024 Len=1448 TSval=2916040785 TSecr=3045560560 [TCP segment of a reassembled PDU]"
"57326","36.704557339","192.168.1.55","192.168.1.2","TCP","1514","8004  >  36712 [ACK] Seq=325990 Ack=141 Win=65024 Len=1448 TSval=2916040785 TSecr=3045560560 [TCP segment of a reassembled PDU]"
"57327","36.704558451","192.168.1.55","192.168.1.2","TCP","1514","8004  >  36712 [ACK] Seq=327438 Ack=141 Win=65024 Len=1448 TSval=2916040785 TSecr=3045560560 [TCP segment of a reassembled PDU]"
"57328","36.704559673","192.168.1.55","192.168.1.2","TCP","1514","8004  >  36712 [ACK] Seq=328886 Ack=141 Win=65024 Len=1448 TSval=2916040785 TSecr=3045560560 [TCP segment of a reassembled PDU]"
"57329","36.704560858","192.168.1.55","192.168.1.2","TCP","1514","8004  >  36712 [ACK] Seq=330334 Ack=141 Win=65024 Len=1448 TSval=2916040785 TSecr=3045560560 [TCP segment of a reassembled PDU]"
"57330","36.704562117","192.168.1.55","192.168.1.2","TCP","1514","8004  >  36712 [ACK] Seq=331782 Ack=141 Win=65024 Len=1448 TSval=2916040785 TSecr=3045560560 [TCP segment of a reassembled PDU]"
"57331","36.704563339","192.168.1.55","192.168.1.2","TCP","1514","8004  >  36712 [ACK] Seq=333230 Ack=141 Win=65024 Len=1448 TSval=2916040785 TSecr=3045560560 [TCP segment of a reassembled PDU]"
"57332","36.704564543","192.168.1.55","192.168.1.2","TCP","1514","8004  >  36712 [ACK] Seq=334678 Ack=141 Win=65024 Len=1448 TSval=2916040785 TSecr=3045560560 [TCP segment of a reassembled PDU]"
"57333","36.704565710","192.168.1.55","192.168.1.2","TCP","1514","8004  >  36712 [ACK] Seq=336126 Ack=141 Win=65024 Len=1448 TSval=2916040785 TSecr=3045560560 [TCP segment of a reassembled PDU]"
"57334","36.704566932","192.168.1.55","192.168.1.2","TCP","1514","8004  >  36712 [ACK] Seq=337574 Ack=141 Win=65024 Len=1448 TSval=2916040785 TSecr=3045560560 [TCP segment of a reassembled PDU]"
"57335","36.704568228","192.168.1.55","192.168.1.2","TCP","1514","8004  >  36712 [ACK] Seq=339022 Ack=141 Win=65024 Len=1448 TSval=2916040785 TSecr=3045560560 [TCP segment of a reassembled PDU]"
"57336","36.704569469","192.168.1.55","192.168.1.2","TCP","1514","8004  >  36712 [ACK] Seq=340470 Ack=141 Win=65024 Len=1448 TSval=2916040785 TSecr=3045560560 [TCP segment of a reassembled PDU]"
"57337","36.704570728","192.168.1.55","192.168.1.2","TCP","1514","8004  >  36712 [PSH, ACK] Seq=341918 Ack=141 Win=65024 Len=1448 TSval=2916040785 TSecr=3045560560 [TCP segment of a reassembled PDU]"
"57338","36.705334137","192.168.1.2","192.168.1.55","TCP","66","36712  >  8004 [ACK] Seq=141 Ack=253590 Win=145408 Len=0 TSval=3045560560 TSecr=2916040779"
"57339","36.705378581","192.168.1.55","192.168.1.2","TCP","1514","8004  >  36712 [ACK] Seq=343366 Ack=141 Win=65024 Len=1448 TSval=2916040786 TSecr=3045560560 [TCP segment of a reassembled PDU]"
"57340","36.705381396","192.168.1.55","192.168.1.2","TCP","1514","8004  >  36712 [ACK] Seq=344814 Ack=141 Win=65024 Len=1448 TSval=2916040786 TSecr=3045560560 [TCP segment of a reassembled PDU]"
"57341","36.705382600","192.168.1.55","192.168.1.2","TCP","1514","8004  >  36712 [ACK] Seq=346262 Ack=141 Win=65024 Len=1448 TSval=2916040786 TSecr=3045560560 [TCP segment of a reassembled PDU]"
"57342","36.705384026","192.168.1.55","192.168.1.2","TCP","1514","8004  >  36712 [ACK] Seq=347710 Ack=141 Win=65024 Len=1448 TSval=2916040786 TSecr=3045560560 [TCP segment of a reassembled PDU]"
"57343","36.705386081","192.168.1.55","192.168.1.2","TCP","1514","8004  >  36712 [ACK] Seq=349158 Ack=141 Win=65024 Len=1448 TSval=2916040786 TSecr=3045560560 [TCP segment of a reassembled PDU]"
"57344","36.705387544","192.168.1.55","192.168.1.2","TCP","1514","8004  >  36712 [ACK] Seq=350606 Ack=141 Win=65024 Len=1448 TSval=2916040786 TSecr=3045560560 [TCP segment of a reassembled PDU]"
"57345","36.705389026","192.168.1.55","192.168.1.2","TCP","1514","8004  >  36712 [ACK] Seq=352054 Ack=141 Win=65024 Len=1448 TSval=2916040786 TSecr=3045560560 [TCP segment of a reassembled PDU]"
"57346","36.705390637","192.168.1.55","192.168.1.2","TCP","1514","8004  >  36712 [ACK] Seq=353502 Ack=141 Win=65024 Len=1448 TSval=2916040786 TSecr=3045560560 [TCP segment of a reassembled PDU]"
"57347","36.705391804","192.168.1.55","192.168.1.2","TCP","1514","8004  >  36712 [ACK] Seq=354950 Ack=141 Win=65024 Len=1448 TSval=2916040786 TSecr=3045560560 [TCP segment of a reassembled PDU]"
"57348","36.705392952","192.168.1.55","192.168.1.2","TCP","1514","8004  >  36712 [ACK] Seq=356398 Ack=141 Win=65024 Len=1448 TSval=2916040786 TSecr=3045560560 [TCP segment of a reassembled PDU]"
"57349","36.705394230","192.168.1.55","192.168.1.2","TCP","1514","8004  >  36712 [ACK] Seq=357846 Ack=141 Win=65024 Len=1448 TSval=2916040786 TSecr=3045560560 [TCP segment of a reassembled PDU]"
"57350","36.705395637","192.168.1.55","192.168.1.2","TCP","1514","8004  >  36712 [ACK] Seq=359294 Ack=141 Win=65024 Len=1448 TSval=2916040786 TSecr=3045560560 [TCP segment of a reassembled PDU]"
"57351","36.705396804","192.168.1.55","192.168.1.2","TCP","1514","8004  >  36712 [ACK] Seq=360742 Ack=141 Win=65024 Len=1448 TSval=2916040786 TSecr=3045560560 [TCP segment of a reassembled PDU]"
"57352","36.705397989","192.168.1.55","192.168.1.2","TCP","1514","8004  >  36712 [ACK] Seq=362190 Ack=141 Win=65024 Len=1448 TSval=2916040786 TSecr=3045560560 [TCP segment of a reassembled PDU]"
"57353","36.705399211","192.168.1.55","192.168.1.2","TCP","1514","8004  >  36712 [ACK] Seq=363638 Ack=141 Win=65024 Len=1448 TSval=2916040786 TSecr=3045560560 [TCP segment of a reassembled PDU]"
"57354","36.705400748","192.168.1.55","192.168.1.2","TCP","1514","8004  >  36712 [ACK] Seq=365086 Ack=141 Win=65024 Len=1448 TSval=2916040786 TSecr=3045560560 [TCP segment of a reassembled PDU]"
"57355","36.705401933","192.168.1.55","192.168.1.2","TCP","1514","8004  >  36712 [ACK] Seq=366534 Ack=141 Win=65024 Len=1448 TSval=2916040786 TSecr=3045560560 [TCP segment of a reassembled PDU]"
"57356","36.705403452","192.168.1.55","192.168.1.2","TCP","1514","8004  >  36712 [ACK] Seq=367982 Ack=141 Win=65024 Len=1448 TSval=2916040786 TSecr=3045560560 [TCP segment of a reassembled PDU]"
"57357","36.705404674","192.168.1.55","192.168.1.2","TCP","1514","8004  >  36712 [ACK] Seq=369430 Ack=141 Win=65024 Len=1448 TSval=2916040786 TSecr=3045560560 [TCP segment of a reassembled PDU]"
"57358","36.705406100","192.168.1.55","192.168.1.2","TCP","1514","8004  >  36712 [ACK] Seq=370878 Ack=141 Win=65024 Len=1448 TSval=2916040786 TSecr=3045560560 [TCP segment of a reassembled PDU]"
"57359","36.705407489","192.168.1.55","192.168.1.2","TCP","1514","8004  >  36712 [ACK] Seq=372326 Ack=141 Win=65024 Len=1448 TSval=2916040786 TSecr=3045560560 [TCP segment of a reassembled PDU]"
"57360","36.705408915","192.168.1.55","192.168.1.2","TCP","1514","8004  >  36712 [ACK] Seq=373774 Ack=141 Win=65024 Len=1448 TSval=2916040786 TSecr=3045560560 [TCP segment of a reassembled PDU]"
"57361","36.705410119","192.168.1.55","192.168.1.2","TCP","1514","8004  >  36712 [ACK] Seq=375222 Ack=141 Win=65024 Len=1448 TSval=2916040786 TSecr=3045560560 [TCP segment of a reassembled PDU]"
"57362","36.705411896","192.168.1.55","192.168.1.2","TCP","1514","8004  >  36712 [ACK] Seq=376670 Ack=141 Win=65024 Len=1448 TSval=2916040786 TSecr=3045560560 [TCP segment of a reassembled PDU]"
"57363","36.705413526","192.168.1.55","192.168.1.2","TCP","1514","8004  >  36712 [ACK] Seq=378118 Ack=141 Win=65024 Len=1448 TSval=2916040786 TSecr=3045560560 [TCP segment of a reassembled PDU]"
"57364","36.705428804","192.168.1.55","192.168.1.2","TCP","1514","8004  >  36712 [ACK] Seq=379566 Ack=141 Win=65024 Len=1448 TSval=2916040786 TSecr=3045560560 [TCP segment of a reassembled PDU]"
"57365","36.705431730","192.168.1.55","192.168.1.2","TCP","1514","8004  >  36712 [ACK] Seq=381014 Ack=141 Win=65024 Len=1448 TSval=2916040786 TSecr=3045560560 [TCP segment of a reassembled PDU]"
"57366","36.705433748","192.168.1.55","192.168.1.2","TCP","1514","8004  >  36712 [ACK] Seq=382462 Ack=141 Win=65024 Len=1448 TSval=2916040786 TSecr=3045560560 [TCP segment of a reassembled PDU]"
"57367","36.705436007","192.168.1.55","192.168.1.2","TCP","1514","8004  >  36712 [ACK] Seq=383910 Ack=141 Win=65024 Len=1448 TSval=2916040786 TSecr=3045560560 [TCP segment of a reassembled PDU]"
"57368","36.705437600","192.168.1.55","192.168.1.2","TCP","1514","8004  >  36712 [ACK] Seq=385358 Ack=141 Win=65024 Len=1448 TSval=2916040786 TSecr=3045560560 [TCP segment of a reassembled PDU]"
"57369","36.705439767","192.168.1.55","192.168.1.2","TCP","1514","8004  >  36712 [PSH, ACK] Seq=386806 Ack=141 Win=65024 Len=1448 TSval=2916040786 TSecr=3045560560 [TCP segment of a reassembled PDU]"
"57370","36.705452119","192.168.1.2","192.168.1.55","TCP","66","36712  >  8004 [ACK] Seq=141 Ack=278366 Win=133120 Len=0 TSval=3045560560 TSecr=2916040779"
"57371","36.705463100","192.168.1.2","192.168.1.55","TCP","66","36712  >  8004 [ACK] Seq=141 Ack=288502 Win=123904 Len=0 TSval=3045560560 TSecr=2916040779"
"57372","36.709966793","192.168.1.2","192.168.1.55","TCP","66","36712  >  8004 [ACK] Seq=141 Ack=297190 Win=146432 Len=0 TSval=3045560565 TSecr=2916040779"
"57373","36.710046330","192.168.1.55","192.168.1.2","TCP","1514","8004  >  36712 [ACK] Seq=388254 Ack=141 Win=65024 Len=1448 TSval=2916040790 TSecr=3045560565 [TCP segment of a reassembled PDU]"
"57374","36.710053496","192.168.1.55","192.168.1.2","TCP","1514","8004  >  36712 [ACK] Seq=389702 Ack=141 Win=65024 Len=1448 TSval=2916040790 TSecr=3045560565 [TCP segment of a reassembled PDU]"
"57375","36.710055274","192.168.1.55","192.168.1.2","TCP","1514","8004  >  36712 [ACK] Seq=391150 Ack=141 Win=65024 Len=1448 TSval=2916040790 TSecr=3045560565 [TCP segment of a reassembled PDU]"
"57376","36.710056885","192.168.1.55","192.168.1.2","TCP","1514","8004  >  36712 [ACK] Seq=392598 Ack=141 Win=65024 Len=1448 TSval=2916040790 TSecr=3045560565 [TCP segment of a reassembled PDU]"
"57377","36.710058774","192.168.1.55","192.168.1.2","TCP","1514","8004  >  36712 [ACK] Seq=394046 Ack=141 Win=65024 Len=1448 TSval=2916040790 TSecr=3045560565 [TCP segment of a reassembled PDU]"
"57378","36.710060793","192.168.1.55","192.168.1.2","TCP","1514","8004  >  36712 [ACK] Seq=395494 Ack=141 Win=65024 Len=1448 TSval=2916040790 TSecr=3045560565 [TCP segment of a reassembled PDU]"
"57379","36.710062182","192.168.1.55","192.168.1.2","TCP","1514","8004  >  36712 [ACK] Seq=396942 Ack=141 Win=65024 Len=1448 TSval=2916040790 TSecr=3045560565 [TCP segment of a reassembled PDU]"
"57380","36.710063478","192.168.1.55","192.168.1.2","TCP","1514","8004  >  36712 [ACK] Seq=398390 Ack=141 Win=65024 Len=1448 TSval=2916040790 TSecr=3045560565 [TCP segment of a reassembled PDU]"
"57381","36.710065182","192.168.1.55","192.168.1.2","TCP","1514","8004  >  36712 [ACK] Seq=399838 Ack=141 Win=65024 Len=1448 TSval=2916040790 TSecr=3045560565 [TCP segment of a reassembled PDU]"
"57382","36.710067274","192.168.1.55","192.168.1.2","TCP","1514","8004  >  36712 [ACK] Seq=401286 Ack=141 Win=65024 Len=1448 TSval=2916040790 TSecr=3045560565 [TCP segment of a reassembled PDU]"
"57383","36.710069052","192.168.1.55","192.168.1.2","TCP","1514","8004  >  36712 [ACK] Seq=402734 Ack=141 Win=65024 Len=1448 TSval=2916040790 TSecr=3045560565 [TCP segment of a reassembled PDU]"
"57384","36.710071496","192.168.1.55","192.168.1.2","TCP","1514","8004  >  36712 [ACK] Seq=404182 Ack=141 Win=65024 Len=1448 TSval=2916040790 TSecr=3045560565 [TCP segment of a reassembled PDU]"
"57385","36.710073293","192.168.1.55","192.168.1.2","TCP","1514","8004  >  36712 [ACK] Seq=405630 Ack=141 Win=65024 Len=1448 TSval=2916040790 TSecr=3045560565 [TCP segment of a reassembled PDU]"
"57386","36.710075330","192.168.1.55","192.168.1.2","TCP","1514","8004  >  36712 [ACK] Seq=407078 Ack=141 Win=65024 Len=1448 TSval=2916040790 TSecr=3045560565 [TCP segment of a reassembled PDU]"
"57387","36.710076848","192.168.1.55","192.168.1.2","TCP","1514","8004  >  36712 [ACK] Seq=408526 Ack=141 Win=65024 Len=1448 TSval=2916040790 TSecr=3045560565 [TCP segment of a reassembled PDU]"
"57388","36.710078552","192.168.1.55","192.168.1.2","TCP","1514","8004  >  36712 [ACK] Seq=409974 Ack=141 Win=65024 Len=1448 TSval=2916040790 TSecr=3045560565 [TCP segment of a reassembled PDU]"
"57389","36.710080274","192.168.1.55","192.168.1.2","TCP","1514","8004  >  36712 [ACK] Seq=411422 Ack=141 Win=65024 Len=1448 TSval=2916040790 TSecr=3045560565 [TCP segment of a reassembled PDU]"
"57390","36.710081367","192.168.1.55","192.168.1.2","TCP","1514","8004  >  36712 [ACK] Seq=412870 Ack=141 Win=65024 Len=1448 TSval=2916040790 TSecr=3045560565 [TCP segment of a reassembled PDU]"
"57391","36.710083571","192.168.1.55","192.168.1.2","TCP","1514","8004  >  36712 [ACK] Seq=414318 Ack=141 Win=65024 Len=1448 TSval=2916040790 TSecr=3045560565 [TCP segment of a reassembled PDU]"
"57392","36.710086459","192.168.1.55","192.168.1.2","TCP","1514","8004  >  36712 [ACK] Seq=415766 Ack=141 Win=65024 Len=1448 TSval=2916040790 TSecr=3045560565 [TCP segment of a reassembled PDU]"
"57393","36.710088237","192.168.1.55","192.168.1.2","TCP","1514","8004  >  36712 [ACK] Seq=417214 Ack=141 Win=65024 Len=1448 TSval=2916040790 TSecr=3045560565 [TCP segment of a reassembled PDU]"
"57394","36.710091385","192.168.1.55","192.168.1.2","TCP","1514","8004  >  36712 [ACK] Seq=418662 Ack=141 Win=65024 Len=1448 TSval=2916040790 TSecr=3045560565 [TCP segment of a reassembled PDU]"
"57395","36.710093459","192.168.1.55","192.168.1.2","TCP","1514","8004  >  36712 [ACK] Seq=420110 Ack=141 Win=65024 Len=1448 TSval=2916040790 TSecr=3045560565 [TCP segment of a reassembled PDU]"
"57396","36.710094941","192.168.1.55","192.168.1.2","TCP","1514","8004  >  36712 [ACK] Seq=421558 Ack=141 Win=65024 Len=1448 TSval=2916040790 TSecr=3045560565 [TCP segment of a reassembled PDU]"
"57397","36.710098145","192.168.1.55","192.168.1.2","TCP","1514","8004  >  36712 [ACK] Seq=423006 Ack=141 Win=65024 Len=1448 TSval=2916040790 TSecr=3045560565 [TCP segment of a reassembled PDU]"
"57398","36.710100682","192.168.1.55","192.168.1.2","TCP","1514","8004  >  36712 [ACK] Seq=424454 Ack=141 Win=65024 Len=1448 TSval=2916040790 TSecr=3045560565 [TCP segment of a reassembled PDU]"
"57399","36.710102756","192.168.1.55","192.168.1.2","TCP","1514","8004  >  36712 [ACK] Seq=425902 Ack=141 Win=65024 Len=1448 TSval=2916040790 TSecr=3045560565 [TCP segment of a reassembled PDU]"
"57400","36.710104034","192.168.1.55","192.168.1.2","TCP","1514","8004  >  36712 [ACK] Seq=427350 Ack=141 Win=65024 Len=1448 TSval=2916040790 TSecr=3045560565 [TCP segment of a reassembled PDU]"
"57401","36.710105756","192.168.1.55","192.168.1.2","TCP","1514","8004  >  36712 [ACK] Seq=428798 Ack=141 Win=65024 Len=1448 TSval=2916040790 TSecr=3045560565 [TCP segment of a reassembled PDU]"
"57402","36.710107922","192.168.1.55","192.168.1.2","TCP","1514","8004  >  36712 [ACK] Seq=430246 Ack=141 Win=65024 Len=1448 TSval=2916040790 TSecr=3045560565 [TCP segment of a reassembled PDU]"
"57403","36.710109163","192.168.1.55","192.168.1.2","TCP","1514","8004  >  36712 [PSH, ACK] Seq=431694 Ack=141 Win=65024 Len=1448 TSval=2916040790 TSecr=3045560565 [TCP segment of a reassembled PDU]"
"57404","36.710173682","192.168.1.2","192.168.1.55","TCP","66","36712  >  8004 [ACK] Seq=141 Ack=301374 Win=155648 Len=0 TSval=3045560565 TSecr=2916040780"
"57405","36.710184978","192.168.1.2","192.168.1.55","TCP","66","36712  >  8004 [ACK] Seq=141 Ack=317302 Win=178176 Len=0 TSval=3045560565 TSecr=2916040784"
"57406","36.710274849","192.168.1.55","192.168.1.2","TCP","1514","8004  >  36712 [ACK] Seq=433142 Ack=141 Win=65024 Len=1448 TSval=2916040790 TSecr=3045560565 [TCP segment of a reassembled PDU]"
"57407","36.710278589","192.168.1.55","192.168.1.2","TCP","1514","8004  >  36712 [ACK] Seq=434590 Ack=141 Win=65024 Len=1448 TSval=2916040790 TSecr=3045560565 [TCP segment of a reassembled PDU]"
"57408","36.710279552","192.168.1.55","192.168.1.2","TCP","1514","8004  >  36712 [ACK] Seq=436038 Ack=141 Win=65024 Len=1448 TSval=2916040790 TSecr=3045560565 [TCP segment of a reassembled PDU]"
"57409","36.710282163","192.168.1.55","192.168.1.2","TCP","1514","8004  >  36712 [ACK] Seq=437486 Ack=141 Win=65024 Len=1448 TSval=2916040790 TSecr=3045560565 [TCP segment of a reassembled PDU]"
"57410","36.710284478","192.168.1.55","192.168.1.2","TCP","1514","8004  >  36712 [ACK] Seq=438934 Ack=141 Win=65024 Len=1448 TSval=2916040790 TSecr=3045560565 [TCP segment of a reassembled PDU]"
"57411","36.710286404","192.168.1.55","192.168.1.2","TCP","1514","8004  >  36712 [ACK] Seq=440382 Ack=141 Win=65024 Len=1448 TSval=2916040790 TSecr=3045560565 [TCP segment of a reassembled PDU]"
"57412","36.710287571","192.168.1.55","192.168.1.2","TCP","1514","8004  >  36712 [ACK] Seq=441830 Ack=141 Win=65024 Len=1448 TSval=2916040790 TSecr=3045560565 [TCP segment of a reassembled PDU]"
"57413","36.710289256","192.168.1.55","192.168.1.2","TCP","1514","8004  >  36712 [ACK] Seq=443278 Ack=141 Win=65024 Len=1448 TSval=2916040790 TSecr=3045560565 [TCP segment of a reassembled PDU]"
"57414","36.710298941","192.168.1.55","192.168.1.2","TCP","1514","8004  >  36712 [ACK] Seq=444726 Ack=141 Win=65024 Len=1448 TSval=2916040790 TSecr=3045560565 [TCP segment of a reassembled PDU]"
"57415","36.710302293","192.168.1.55","192.168.1.2","TCP","1514","8004  >  36712 [ACK] Seq=446174 Ack=141 Win=65024 Len=1448 TSval=2916040790 TSecr=3045560565 [TCP segment of a reassembled PDU]"
"57416","36.710304089","192.168.1.55","192.168.1.2","TCP","1514","8004  >  36712 [ACK] Seq=447622 Ack=141 Win=65024 Len=1448 TSval=2916040790 TSecr=3045560565 [TCP segment of a reassembled PDU]"
"57417","36.710305812","192.168.1.55","192.168.1.2","TCP","1514","8004  >  36712 [ACK] Seq=449070 Ack=141 Win=65024 Len=1448 TSval=2916040790 TSecr=3045560565 [TCP segment of a reassembled PDU]"
"57418","36.710308404","192.168.1.55","192.168.1.2","TCP","1514","8004  >  36712 [ACK] Seq=450518 Ack=141 Win=65024 Len=1448 TSval=2916040790 TSecr=3045560565 [TCP segment of a reassembled PDU]"
"57419","36.710311849","192.168.1.55","192.168.1.2","TCP","1514","8004  >  36712 [ACK] Seq=451966 Ack=141 Win=65024 Len=1448 TSval=2916040790 TSecr=3045560565 [TCP segment of a reassembled PDU]"
"57420","36.710314756","192.168.1.55","192.168.1.2","TCP","1514","8004  >  36712 [ACK] Seq=453414 Ack=141 Win=65024 Len=1448 TSval=2916040790 TSecr=3045560565 [TCP segment of a reassembled PDU]"
"57421","36.710317404","192.168.1.55","192.168.1.2","TCP","1514","8004  >  36712 [ACK] Seq=454862 Ack=141 Win=65024 Len=1448 TSval=2916040790 TSecr=3045560565 [TCP segment of a reassembled PDU]"
"57422","36.710319386","192.168.1.55","192.168.1.2","TCP","1514","8004  >  36712 [ACK] Seq=456310 Ack=141 Win=65024 Len=1448 TSval=2916040790 TSecr=3045560565 [TCP segment of a reassembled PDU]"
"57423","36.710320812","192.168.1.55","192.168.1.2","TCP","1514","8004  >  36712 [ACK] Seq=457758 Ack=141 Win=65024 Len=1448 TSval=2916040790 TSecr=3045560565 [TCP segment of a reassembled PDU]"
"57424","36.710322904","192.168.1.55","192.168.1.2","TCP","1514","8004  >  36712 [ACK] Seq=459206 Ack=141 Win=65024 Len=1448 TSval=2916040790 TSecr=3045560565 [TCP segment of a reassembled PDU]"
"57425","36.710324626","192.168.1.55","192.168.1.2","TCP","1514","8004  >  36712 [ACK] Seq=460654 Ack=141 Win=65024 Len=1448 TSval=2916040790 TSecr=3045560565 [TCP segment of a reassembled PDU]"
"57426","36.710325923","192.168.1.55","192.168.1.2","TCP","1514","8004  >  36712 [ACK] Seq=462102 Ack=141 Win=65024 Len=1448 TSval=2916040790 TSecr=3045560565 [TCP segment of a reassembled PDU]"
"57427","36.710328293","192.168.1.55","192.168.1.2","TCP","1514","8004  >  36712 [ACK] Seq=463550 Ack=141 Win=65024 Len=1448 TSval=2916040790 TSecr=3045560565 [TCP segment of a reassembled PDU]"
"57428","36.710330423","192.168.1.55","192.168.1.2","TCP","1514","8004  >  36712 [ACK] Seq=464998 Ack=141 Win=65024 Len=1448 TSval=2916040790 TSecr=3045560565 [TCP segment of a reassembled PDU]"
"57429","36.710332145","192.168.1.55","192.168.1.2","TCP","1514","8004  >  36712 [ACK] Seq=466446 Ack=141 Win=65024 Len=1448 TSval=2916040790 TSecr=3045560565 [TCP segment of a reassembled PDU]"
"57430","36.710334015","192.168.1.55","192.168.1.2","TCP","1514","8004  >  36712 [ACK] Seq=467894 Ack=141 Win=65024 Len=1448 TSval=2916040790 TSecr=3045560565 [TCP segment of a reassembled PDU]"
"57431","36.710335904","192.168.1.55","192.168.1.2","TCP","1514","8004  >  36712 [ACK] Seq=469342 Ack=141 Win=65024 Len=1448 TSval=2916040790 TSecr=3045560565 [TCP segment of a reassembled PDU]"
"57432","36.710337608","192.168.1.55","192.168.1.2","TCP","1514","8004  >  36712 [ACK] Seq=470790 Ack=141 Win=65024 Len=1448 TSval=2916040790 TSecr=3045560565 [TCP segment of a reassembled PDU]"
"57433","36.710339164","192.168.1.55","192.168.1.2","TCP","1514","8004  >  36712 [ACK] Seq=472238 Ack=141 Win=65024 Len=1448 TSval=2916040790 TSecr=3045560565 [TCP segment of a reassembled PDU]"
"57434","36.710340775","192.168.1.55","192.168.1.2","TCP","1514","8004  >  36712 [ACK] Seq=473686 Ack=141 Win=65024 Len=1448 TSval=2916040790 TSecr=3045560565 [TCP segment of a reassembled PDU]"
"57435","36.710342108","192.168.1.55","192.168.1.2","TCP","1514","8004  >  36712 [ACK] Seq=475134 Ack=141 Win=65024 Len=1448 TSval=2916040790 TSecr=3045560565 [TCP segment of a reassembled PDU]"
"57436","36.710343219","192.168.1.55","192.168.1.2","TCP","1514","8004  >  36712 [PSH, ACK] Seq=476582 Ack=141 Win=65024 Len=1448 TSval=2916040790 TSecr=3045560565 [TCP segment of a reassembled PDU]"
"57437","36.710353608","192.168.1.2","192.168.1.55","TCP","66","36712  >  8004 [ACK] Seq=141 Ack=343366 Win=168960 Len=0 TSval=3045560565 TSecr=2916040785"
"57438","36.710406867","192.168.1.55","192.168.1.2","TCP","1514","8004  >  36712 [ACK] Seq=478030 Ack=141 Win=65024 Len=1448 TSval=2916040791 TSecr=3045560565 [TCP segment of a reassembled PDU]"
"57439","36.710408608","192.168.1.55","192.168.1.2","TCP","1514","8004  >  36712 [ACK] Seq=479478 Ack=141 Win=65024 Len=1448 TSval=2916040791 TSecr=3045560565 [TCP segment of a reassembled PDU]"
"57440","36.710410053","192.168.1.55","192.168.1.2","TCP","1514","8004  >  36712 [ACK] Seq=480926 Ack=141 Win=65024 Len=1448 TSval=2916040791 TSecr=3045560565 [TCP segment of a reassembled PDU]"
"57441","36.710411367","192.168.1.55","192.168.1.2","TCP","1514","8004  >  36712 [ACK] Seq=482374 Ack=141 Win=65024 Len=1448 TSval=2916040791 TSecr=3045560565 [TCP segment of a reassembled PDU]"
"57442","36.710412404","192.168.1.55","192.168.1.2","TCP","1514","8004  >  36712 [ACK] Seq=483822 Ack=141 Win=65024 Len=1448 TSval=2916040791 TSecr=3045560565 [TCP segment of a reassembled PDU]"
"57443","36.710413497","192.168.1.55","192.168.1.2","TCP","1514","8004  >  36712 [ACK] Seq=485270 Ack=141 Win=65024 Len=1448 TSval=2916040791 TSecr=3045560565 [TCP segment of a reassembled PDU]"
"57444","36.710414941","192.168.1.55","192.168.1.2","TCP","1514","8004  >  36712 [ACK] Seq=486718 Ack=141 Win=65024 Len=1448 TSval=2916040791 TSecr=3045560565 [TCP segment of a reassembled PDU]"
"57445","36.710416664","192.168.1.55","192.168.1.2","TCP","1514","8004  >  36712 [ACK] Seq=488166 Ack=141 Win=65024 Len=1448 TSval=2916040791 TSecr=3045560565 [TCP segment of a reassembled PDU]"
"57446","36.710417849","192.168.1.55","192.168.1.2","TCP","1514","8004  >  36712 [ACK] Seq=489614 Ack=141 Win=65024 Len=1448 TSval=2916040791 TSecr=3045560565 [TCP segment of a reassembled PDU]"
"57447","36.710418997","192.168.1.55","192.168.1.2","TCP","1514","8004  >  36712 [ACK] Seq=491062 Ack=141 Win=65024 Len=1448 TSval=2916040791 TSecr=3045560565 [TCP segment of a reassembled PDU]"
"57448","36.710420423","192.168.1.55","192.168.1.2","TCP","1514","8004  >  36712 [ACK] Seq=492510 Ack=141 Win=65024 Len=1448 TSval=2916040791 TSecr=3045560565 [TCP segment of a reassembled PDU]"
"57449","36.710422071","192.168.1.55","192.168.1.2","TCP","1514","8004  >  36712 [ACK] Seq=493958 Ack=141 Win=65024 Len=1448 TSval=2916040791 TSecr=3045560565 [TCP segment of a reassembled PDU]"
"57450","36.710423256","192.168.1.55","192.168.1.2","TCP","1514","8004  >  36712 [ACK] Seq=495406 Ack=141 Win=65024 Len=1448 TSval=2916040791 TSecr=3045560565 [TCP segment of a reassembled PDU]"
"57451","36.710426256","192.168.1.55","192.168.1.2","TCP","1514","8004  >  36712 [ACK] Seq=496854 Ack=141 Win=65024 Len=1448 TSval=2916040791 TSecr=3045560565 [TCP segment of a reassembled PDU]"
"57452","36.710427201","192.168.1.55","192.168.1.2","HTTP","1472","HTTP/1.0 200 OK  (PNG)"
"57453","36.710468497","192.168.1.2","192.168.1.55","TCP","66","36712  >  8004 [ACK] Seq=141 Ack=379566 Win=159744 Len=0 TSval=3045560565 TSecr=2916040786"
"57454","36.717947046","192.168.1.2","192.168.1.55","TCP","66","36712  >  8004 [ACK] Seq=141 Ack=388254 Win=181248 Len=0 TSval=3045560568 TSecr=2916040786"
"57455","36.718105935","192.168.1.2","192.168.1.55","TCP","66","36712  >  8004 [ACK] Seq=141 Ack=433142 Win=148480 Len=0 TSval=3045560573 TSecr=2916040790"
"57456","36.718112602","192.168.1.2","192.168.1.55","TCP","66","36712  >  8004 [ACK] Seq=141 Ack=478030 Win=106496 Len=0 TSval=3045560573 TSecr=2916040790"
"57457","36.718116528","192.168.1.2","192.168.1.55","TCP","66","36712  >  8004 [ACK] Seq=141 Ack=491062 Win=138240 Len=0 TSval=3045560573 TSecr=2916040791"
"57458","36.718740066","192.168.1.2","192.168.1.55","TCP","66","36712  >  8004 [ACK] Seq=141 Ack=498302 Win=184320 Len=0 TSval=3045560574 TSecr=2916040791"
"57459","36.722384979","192.168.1.2","192.168.1.55","TCP","66","36712  >  8004 [FIN, ACK] Seq=141 Ack=499709 Win=187392 Len=0 TSval=3045560575 TSecr=2916040791"
"57460","36.722421942","192.168.1.55","192.168.1.2","TCP","66","8004  >  36712 [ACK] Seq=499709 Ack=142 Win=65024 Len=0 TSval=2916040803 TSecr=3045560575"
"57461","36.722459702","192.168.1.2","192.168.1.55","TCP","74","36716  >  8004 [SYN] Seq=0 Win=64240 Len=0 MSS=1460 SACK_PERM TSval=3045560575 TSecr=0 WS=1024"
"57462","36.722481516","192.168.1.55","192.168.1.2","TCP","74","8004  >  36716 [SYN, ACK] Seq=0 Ack=1 Win=65160 Len=0 MSS=1460 SACK_PERM TSval=2916040803 TSecr=3045560575 WS=128"
"57463","36.725765596","192.168.1.2","192.168.1.55","TCP","66","36716  >  8004 [ACK] Seq=1 Ack=1 Win=64512 Len=0 TSval=3045560580 TSecr=2916040803"
"57464","36.728941675","192.168.1.2","192.168.1.55","HTTP","209","GET /original_benchmark.png HTTP/1.1 "
"57465","36.728973620","192.168.1.55","192.168.1.2","TCP","66","8004  >  36716 [ACK] Seq=1 Ack=144 Win=65024 Len=0 TSval=2916040809 TSecr=3045560580"
"57466","36.729822417","192.168.1.55","192.168.1.2","TCP","255","8004  >  36716 [PSH, ACK] Seq=1 Ack=144 Win=65024 Len=189 TSval=2916040810 TSecr=3045560580 [TCP segment of a reassembled PDU]"
"57467","36.729929343","192.168.1.55","192.168.1.2","TCP","1514","8004  >  36716 [ACK] Seq=190 Ack=144 Win=65024 Len=1448 TSval=2916040810 TSecr=3045560580 [TCP segment of a reassembled PDU]"
"57468","36.729935899","192.168.1.55","192.168.1.2","TCP","1514","8004  >  36716 [ACK] Seq=1638 Ack=144 Win=65024 Len=1448 TSval=2916040810 TSecr=3045560580 [TCP segment of a reassembled PDU]"
"57469","36.729937177","192.168.1.55","192.168.1.2","TCP","1514","8004  >  36716 [ACK] Seq=3086 Ack=144 Win=65024 Len=1448 TSval=2916040810 TSecr=3045560580 [TCP segment of a reassembled PDU]"
"57470","36.729938399","192.168.1.55","192.168.1.2","TCP","1514","8004  >  36716 [ACK] Seq=4534 Ack=144 Win=65024 Len=1448 TSval=2916040810 TSecr=3045560580 [TCP segment of a reassembled PDU]"
"57471","36.729939788","192.168.1.55","192.168.1.2","TCP","1514","8004  >  36716 [PSH, ACK] Seq=5982 Ack=144 Win=65024 Len=1448 TSval=2916040810 TSecr=3045560580 [TCP segment of a reassembled PDU]"
"57472","36.729964510","192.168.1.55","192.168.1.2","TCP","1514","8004  >  36716 [ACK] Seq=7430 Ack=144 Win=65024 Len=1448 TSval=2916040810 TSecr=3045560580 [TCP segment of a reassembled PDU]"
"57473","36.729967992","192.168.1.55","192.168.1.2","TCP","1514","8004  >  36716 [ACK] Seq=8878 Ack=144 Win=65024 Len=1448 TSval=2916040810 TSecr=3045560580 [TCP segment of a reassembled PDU]"
"57474","36.729969825","192.168.1.55","192.168.1.2","TCP","1514","8004  >  36716 [ACK] Seq=10326 Ack=144 Win=65024 Len=1448 TSval=2916040810 TSecr=3045560580 [TCP segment of a reassembled PDU]"
"57475","36.729971103","192.168.1.55","192.168.1.2","TCP","1514","8004  >  36716 [PSH, ACK] Seq=11774 Ack=144 Win=65024 Len=1448 TSval=2916040810 TSecr=3045560580 [TCP segment of a reassembled PDU]"
"57476","36.733033311","192.168.1.2","192.168.1.55","TCP","66","36716  >  8004 [ACK] Seq=144 Ack=190 Win=64512 Len=0 TSval=3045560587 TSecr=2916040810"
"57477","36.733115515","192.168.1.55","192.168.1.2","TCP","1514","8004  >  36716 [ACK] Seq=13222 Ack=144 Win=65024 Len=1448 TSval=2916040813 TSecr=3045560587 [TCP segment of a reassembled PDU]"
"57478","36.733122626","192.168.1.55","192.168.1.2","TCP","1514","8004  >  36716 [PSH, ACK] Seq=14670 Ack=144 Win=65024 Len=1448 TSval=2916040813 TSecr=3045560587 [TCP segment of a reassembled PDU]"
"57479","36.736405946","192.168.1.2","192.168.1.55","TCP","66","36716  >  8004 [ACK] Seq=144 Ack=1638 Win=67584 Len=0 TSval=3045560587 TSecr=2916040810"
"57480","36.736454613","192.168.1.55","192.168.1.2","TCP","1514","8004  >  36716 [ACK] Seq=16118 Ack=144 Win=65024 Len=1448 TSval=2916040817 TSecr=3045560587 [TCP segment of a reassembled PDU]"
"57481","36.736461613","192.168.1.55","192.168.1.2","TCP","1514","8004  >  36716 [PSH, ACK] Seq=17566 Ack=144 Win=65024 Len=1448 TSval=2916040817 TSecr=3045560587 [TCP segment of a reassembled PDU]"
"57482","36.736528372","192.168.1.2","192.168.1.55","TCP","66","36716  >  8004 [ACK] Seq=144 Ack=7430 Win=79872 Len=0 TSval=3045560588 TSecr=2916040810"
"57483","36.736553595","192.168.1.55","192.168.1.2","TCP","1514","8004  >  36716 [ACK] Seq=19014 Ack=144 Win=65024 Len=1448 TSval=2916040817 TSecr=3045560588 [TCP segment of a reassembled PDU]"
"57484","36.736556984","192.168.1.55","192.168.1.2","TCP","1514","8004  >  36716 [ACK] Seq=20462 Ack=144 Win=65024 Len=1448 TSval=2916040817 TSecr=3045560588 [TCP segment of a reassembled PDU]"
"57485","36.736559206","192.168.1.55","192.168.1.2","TCP","1514","8004  >  36716 [ACK] Seq=21910 Ack=144 Win=65024 Len=1448 TSval=2916040817 TSecr=3045560588 [TCP segment of a reassembled PDU]"
"57486","36.736560465","192.168.1.55","192.168.1.2","TCP","1514","8004  >  36716 [ACK] Seq=23358 Ack=144 Win=65024 Len=1448 TSval=2916040817 TSecr=3045560588 [TCP segment of a reassembled PDU]"
"57487","36.736561539","192.168.1.55","192.168.1.2","TCP","1514","8004  >  36716 [ACK] Seq=24806 Ack=144 Win=65024 Len=1448 TSval=2916040817 TSecr=3045560588 [TCP segment of a reassembled PDU]"
"57488","36.736562854","192.168.1.55","192.168.1.2","TCP","1514","8004  >  36716 [ACK] Seq=26254 Ack=144 Win=65024 Len=1448 TSval=2916040817 TSecr=3045560588 [TCP segment of a reassembled PDU]"
"57489","36.736564002","192.168.1.55","192.168.1.2","TCP","1514","8004  >  36716 [ACK] Seq=27702 Ack=144 Win=65024 Len=1448 TSval=2916040817 TSecr=3045560588 [TCP segment of a reassembled PDU]"
"57490","36.736565410","192.168.1.55","192.168.1.2","TCP","1514","8004  >  36716 [PSH, ACK] Seq=29150 Ack=144 Win=65024 Len=1448 TSval=2916040817 TSecr=3045560588 [TCP segment of a reassembled PDU]"
"57491","36.736569484","192.168.1.2","192.168.1.55","TCP","66","36716  >  8004 [ACK] Seq=144 Ack=11774 Win=79872 Len=0 TSval=3045560588 TSecr=2916040810"
"57492","36.736629613","192.168.1.2","192.168.1.55","TCP","66","36716  >  8004 [ACK] Seq=144 Ack=13222 Win=81920 Len=0 TSval=3045560589 TSecr=2916040810"
"57493","36.736659058","192.168.1.55","192.168.1.2","TCP","1514","8004  >  36716 [ACK] Seq=30598 Ack=144 Win=65024 Len=1448 TSval=2916040817 TSecr=3045560589 [TCP segment of a reassembled PDU]"
"57494","36.736661169","192.168.1.55","192.168.1.2","TCP","1514","8004  >  36716 [ACK] Seq=32046 Ack=144 Win=65024 Len=1448 TSval=2916040817 TSecr=3045560589 [TCP segment of a reassembled PDU]"
"57495","36.736662984","192.168.1.55","192.168.1.2","TCP","1514","8004  >  36716 [ACK] Seq=33494 Ack=144 Win=65024 Len=1448 TSval=2916040817 TSecr=3045560589 [TCP segment of a reassembled PDU]"
"57496","36.736665021","192.168.1.55","192.168.1.2","TCP","1514","8004  >  36716 [ACK] Seq=34942 Ack=144 Win=65024 Len=1448 TSval=2916040817 TSecr=3045560589 [TCP segment of a reassembled PDU]"
"57497","36.736666336","192.168.1.55","192.168.1.2","TCP","1514","8004  >  36716 [ACK] Seq=36390 Ack=144 Win=65024 Len=1448 TSval=2916040817 TSecr=3045560589 [TCP segment of a reassembled PDU]"
"57498","36.736667502","192.168.1.55","192.168.1.2","TCP","1514","8004  >  36716 [ACK] Seq=37838 Ack=144 Win=65024 Len=1448 TSval=2916040817 TSecr=3045560589 [TCP segment of a reassembled PDU]"
"57499","36.736669076","192.168.1.55","192.168.1.2","TCP","1514","8004  >  36716 [ACK] Seq=39286 Ack=144 Win=65024 Len=1448 TSval=2916040817 TSecr=3045560589 [TCP segment of a reassembled PDU]"
"57500","36.736670465","192.168.1.55","192.168.1.2","TCP","1514","8004  >  36716 [PSH, ACK] Seq=40734 Ack=144 Win=65024 Len=1448 TSval=2916040817 TSecr=3045560589 [TCP segment of a reassembled PDU]"
"57501","36.736675465","192.168.1.2","192.168.1.55","TCP","66","36716  >  8004 [ACK] Seq=144 Ack=16118 Win=84992 Len=0 TSval=3045560591 TSecr=2916040813"
"57502","36.737425281","192.168.1.55","192.168.1.2","TCP","1514","8004  >  36716 [ACK] Seq=42182 Ack=144 Win=65024 Len=1448 TSval=2916040818 TSecr=3045560591 [TCP segment of a reassembled PDU]"
"57503","36.737431022","192.168.1.55","192.168.1.2","TCP","1514","8004  >  36716 [PSH, ACK] Seq=43630 Ack=144 Win=65024 Len=1448 TSval=2916040818 TSecr=3045560591 [TCP segment of a reassembled PDU]"
"57504","36.737442226","192.168.1.55","192.168.1.2","TCP","1514","8004  >  36716 [ACK] Seq=45078 Ack=144 Win=65024 Len=1448 TSval=2916040818 TSecr=3045560591 [TCP segment of a reassembled PDU]"
"57505","36.737443800","192.168.1.55","192.168.1.2","TCP","1514","8004  >  36716 [PSH, ACK] Seq=46526 Ack=144 Win=65024 Len=1448 TSval=2916040818 TSecr=3045560591 [TCP segment of a reassembled PDU]"
"57506","36.741434473","192.168.1.2","192.168.1.55","TCP","66","36716  >  8004 [ACK] Seq=144 Ack=19014 Win=84992 Len=0 TSval=3045560596 TSecr=2916040817"
"57507","36.741460936","192.168.1.55","192.168.1.2","TCP","1514","8004  >  36716 [ACK] Seq=47974 Ack=144 Win=65024 Len=1448 TSval=2916040822 TSecr=3045560596 [TCP segment of a reassembled PDU]"
"57508","36.741465029","192.168.1.55","192.168.1.2","TCP","1514","8004  >  36716 [ACK] Seq=49422 Ack=144 Win=65024 Len=1448 TSval=2916040822 TSecr=3045560596 [TCP segment of a reassembled PDU]"
"57509","36.741466769","192.168.1.55","192.168.1.2","TCP","1514","8004  >  36716 [ACK] Seq=50870 Ack=144 Win=65024 Len=1448 TSval=2916040822 TSecr=3045560596 [TCP segment of a reassembled PDU]"
"57510","36.741467843","192.168.1.55","192.168.1.2","TCP","1514","8004  >  36716 [PSH, ACK] Seq=52318 Ack=144 Win=65024 Len=1448 TSval=2916040822 TSecr=3045560596 [TCP segment of a reassembled PDU]"
"57511","36.741735566","192.168.1.2","192.168.1.55","TCP","66","36716  >  8004 [ACK] Seq=144 Ack=30598 Win=74752 Len=0 TSval=3045560596 TSecr=2916040817"
"57512","36.741766603","192.168.1.55","192.168.1.2","TCP","1514","8004  >  36716 [ACK] Seq=53766 Ack=144 Win=65024 Len=1448 TSval=2916040822 TSecr=3045560596 [TCP segment of a reassembled PDU]"
"57513","36.741769511","192.168.1.55","192.168.1.2","TCP","1514","8004  >  36716 [ACK] Seq=55214 Ack=144 Win=65024 Len=1448 TSval=2916040822 TSecr=3045560596 [TCP segment of a reassembled PDU]"
"57514","36.741770751","192.168.1.55","192.168.1.2","TCP","1514","8004  >  36716 [ACK] Seq=56662 Ack=144 Win=65024 Len=1448 TSval=2916040822 TSecr=3045560596 [TCP segment of a reassembled PDU]"
"57515","36.741772011","192.168.1.55","192.168.1.2","TCP","1514","8004  >  36716 [ACK] Seq=58110 Ack=144 Win=65024 Len=1448 TSval=2916040822 TSecr=3045560596 [TCP segment of a reassembled PDU]"
"57516","36.741773288","192.168.1.55","192.168.1.2","TCP","1514","8004  >  36716 [ACK] Seq=59558 Ack=144 Win=65024 Len=1448 TSval=2916040822 TSecr=3045560596 [TCP segment of a reassembled PDU]"
"57517","36.741774659","192.168.1.55","192.168.1.2","TCP","1514","8004  >  36716 [ACK] Seq=61006 Ack=144 Win=65024 Len=1448 TSval=2916040822 TSecr=3045560596 [TCP segment of a reassembled PDU]"
"57518","36.741775862","192.168.1.55","192.168.1.2","TCP","1514","8004  >  36716 [ACK] Seq=62454 Ack=144 Win=65024 Len=1448 TSval=2916040822 TSecr=3045560596 [TCP segment of a reassembled PDU]"
"57519","36.741777048","192.168.1.55","192.168.1.2","TCP","1514","8004  >  36716 [ACK] Seq=63902 Ack=144 Win=65024 Len=1448 TSval=2916040822 TSecr=3045560596 [TCP segment of a reassembled PDU]"
"57520","36.741778270","192.168.1.55","192.168.1.2","TCP","1514","8004  >  36716 [ACK] Seq=65350 Ack=144 Win=65024 Len=1448 TSval=2916040822 TSecr=3045560596 [TCP segment of a reassembled PDU]"
"57521","36.741779418","192.168.1.55","192.168.1.2","TCP","1514","8004  >  36716 [ACK] Seq=66798 Ack=144 Win=65024 Len=1448 TSval=2916040822 TSecr=3045560596 [TCP segment of a reassembled PDU]"
"57522","36.741780548","192.168.1.55","192.168.1.2","TCP","1514","8004  >  36716 [ACK] Seq=68246 Ack=144 Win=65024 Len=1448 TSval=2916040822 TSecr=3045560596 [TCP segment of a reassembled PDU]"
"57523","36.741781770","192.168.1.55","192.168.1.2","TCP","1514","8004  >  36716 [ACK] Seq=69694 Ack=144 Win=65024 Len=1448 TSval=2916040822 TSecr=3045560596 [TCP segment of a reassembled PDU]"
"57524","36.741782955","192.168.1.55","192.168.1.2","TCP","1514","8004  >  36716 [ACK] Seq=71142 Ack=144 Win=65024 Len=1448 TSval=2916040822 TSecr=3045560596 [TCP segment of a reassembled PDU]"
"57525","36.741784270","192.168.1.55","192.168.1.2","TCP","1514","8004  >  36716 [ACK] Seq=72590 Ack=144 Win=65024 Len=1448 TSval=2916040822 TSecr=3045560596 [TCP segment of a reassembled PDU]"
"57526","36.741785511","192.168.1.55","192.168.1.2","TCP","1514","8004  >  36716 [ACK] Seq=74038 Ack=144 Win=65024 Len=1448 TSval=2916040822 TSecr=3045560596 [TCP segment of a reassembled PDU]"
"57527","36.741786807","192.168.1.55","192.168.1.2","TCP","1514","8004  >  36716 [PSH, ACK] Seq=75486 Ack=144 Win=65024 Len=1448 TSval=2916040822 TSecr=3045560596 [TCP segment of a reassembled PDU]"
"57528","36.741791048","192.168.1.2","192.168.1.55","TCP","66","36716  >  8004 [ACK] Seq=144 Ack=42182 Win=64512 Len=0 TSval=3045560596 TSecr=2916040817"
"57529","36.741828733","192.168.1.55","192.168.1.2","TCP","1514","8004  >  36716 [ACK] Seq=76934 Ack=144 Win=65024 Len=1448 TSval=2916040822 TSecr=3045560596 [TCP segment of a reassembled PDU]"
"57530","36.741830585","192.168.1.55","192.168.1.2","TCP","1514","8004  >  36716 [ACK] Seq=78382 Ack=144 Win=65024 Len=1448 TSval=2916040822 TSecr=3045560596 [TCP segment of a reassembled PDU]"
"57531","36.741831696","192.168.1.55","192.168.1.2","TCP","1514","8004  >  36716 [ACK] Seq=79830 Ack=144 Win=65024 Len=1448 TSval=2916040822 TSecr=3045560596 [TCP segment of a reassembled PDU]"
"57532","36.741833196","192.168.1.55","192.168.1.2","TCP","1514","8004  >  36716 [ACK] Seq=81278 Ack=144 Win=65024 Len=1448 TSval=2916040822 TSecr=3045560596 [TCP segment of a reassembled PDU]"
"57533","36.741834437","192.168.1.55","192.168.1.2","TCP","1514","8004  >  36716 [ACK] Seq=82726 Ack=144 Win=65024 Len=1448 TSval=2916040822 TSecr=3045560596 [TCP segment of a reassembled PDU]"
"57534","36.741835529","192.168.1.55","192.168.1.2","TCP","1514","8004  >  36716 [ACK] Seq=84174 Ack=144 Win=65024 Len=1448 TSval=2916040822 TSecr=3045560596 [TCP segment of a reassembled PDU]"
"57535","36.741836770","192.168.1.55","192.168.1.2","TCP","1514","8004  >  36716 [ACK] Seq=85622 Ack=144 Win=65024 Len=1448 TSval=2916040822 TSecr=3045560596 [TCP segment of a reassembled PDU]"
"57536","36.741837900","192.168.1.55","192.168.1.2","TCP","1514","8004  >  36716 [ACK] Seq=87070 Ack=144 Win=65024 Len=1448 TSval=2916040822 TSecr=3045560596 [TCP segment of a reassembled PDU]"
"57537","36.741839011","192.168.1.55","192.168.1.2","TCP","1514","8004  >  36716 [ACK] Seq=88518 Ack=144 Win=65024 Len=1448 TSval=2916040822 TSecr=3045560596 [TCP segment of a reassembled PDU]"
"57538","36.741840196","192.168.1.55","192.168.1.2","TCP","1514","8004  >  36716 [ACK] Seq=89966 Ack=144 Win=65024 Len=1448 TSval=2916040822 TSecr=3045560596 [TCP segment of a reassembled PDU]"
"57539","36.741841307","192.168.1.55","192.168.1.2","TCP","1514","8004  >  36716 [ACK] Seq=91414 Ack=144 Win=65024 Len=1448 TSval=2916040822 TSecr=3045560596 [TCP segment of a reassembled PDU]"
"57540","36.741842455","192.168.1.55","192.168.1.2","TCP","1514","8004  >  36716 [ACK] Seq=92862 Ack=144 Win=65024 Len=1448 TSval=2916040822 TSecr=3045560596 [TCP segment of a reassembled PDU]"
"57541","36.741843677","192.168.1.55","192.168.1.2","TCP","1514","8004  >  36716 [ACK] Seq=94310 Ack=144 Win=65024 Len=1448 TSval=2916040822 TSecr=3045560596 [TCP segment of a reassembled PDU]"
"57542","36.741845048","192.168.1.55","192.168.1.2","TCP","1514","8004  >  36716 [ACK] Seq=95758 Ack=144 Win=65024 Len=1448 TSval=2916040822 TSecr=3045560596 [TCP segment of a reassembled PDU]"
"57543","36.741846326","192.168.1.55","192.168.1.2","TCP","1514","8004  >  36716 [ACK] Seq=97206 Ack=144 Win=65024 Len=1448 TSval=2916040822 TSecr=3045560596 [TCP segment of a reassembled PDU]"
"57544","36.741847437","192.168.1.55","192.168.1.2","TCP","1514","8004  >  36716 [PSH, ACK] Seq=98654 Ack=144 Win=65024 Len=1448 TSval=2916040822 TSecr=3045560596 [TCP segment of a reassembled PDU]"
"57545","36.741851363","192.168.1.2","192.168.1.55","TCP","66","36716  >  8004 [ACK] Seq=144 Ack=45078 Win=62464 Len=0 TSval=3045560596 TSecr=2916040818"
"57546","36.741859011","192.168.1.2","192.168.1.55","TCP","66","36716  >  8004 [ACK] Seq=144 Ack=47974 Win=60416 Len=0 TSval=3045560596 TSecr=2916040818"
"57547","36.743057105","192.168.1.55","192.168.1.2","TCP","1514","8004  >  36716 [ACK] Seq=100102 Ack=144 Win=65024 Len=1448 TSval=2916040823 TSecr=3045560596 [TCP segment of a reassembled PDU]"
"57548","36.743060642","192.168.1.55","192.168.1.2","TCP","1514","8004  >  36716 [ACK] Seq=101550 Ack=144 Win=65024 Len=1448 TSval=2916040823 TSecr=3045560596 [TCP segment of a reassembled PDU]"
"57549","36.743062087","192.168.1.55","192.168.1.2","TCP","1514","8004  >  36716 [ACK] Seq=102998 Ack=144 Win=65024 Len=1448 TSval=2916040823 TSecr=3045560596 [TCP segment of a reassembled PDU]"
"57550","36.743063605","192.168.1.55","192.168.1.2","TCP","1514","8004  >  36716 [ACK] Seq=104446 Ack=144 Win=65024 Len=1448 TSval=2916040823 TSecr=3045560596 [TCP segment of a reassembled PDU]"
"57551","36.743065513","192.168.1.55","192.168.1.2","TCP","1514","8004  >  36716 [ACK] Seq=105894 Ack=144 Win=65024 Len=1448 TSval=2916040823 TSecr=3045560596 [TCP segment of a reassembled PDU]"
"57552","36.743066883","192.168.1.55","192.168.1.2","TCP","1114","[TCP Window Full] 8004  >  36716 [PSH, ACK] Seq=107342 Ack=144 Win=65024 Len=1048 TSval=2916040823 TSecr=3045560596 [TCP segment of a reassembled PDU]"
"57553","36.747559205","192.168.1.2","192.168.1.55","TCP","66","36716  >  8004 [ACK] Seq=144 Ack=53766 Win=79872 Len=0 TSval=3045560601 TSecr=2916040822"
"57554","36.747587668","192.168.1.55","192.168.1.2","TCP","1514","8004  >  36716 [ACK] Seq=108390 Ack=144 Win=65024 Len=1448 TSval=2916040828 TSecr=3045560601 [TCP segment of a reassembled PDU]"
"57555","36.747590668","192.168.1.55","192.168.1.2","TCP","1514","8004  >  36716 [ACK] Seq=109838 Ack=144 Win=65024 Len=1448 TSval=2916040828 TSecr=3045560601 [TCP segment of a reassembled PDU]"
"57556","36.747596427","192.168.1.55","192.168.1.2","TCP","1514","8004  >  36716 [ACK] Seq=111286 Ack=144 Win=65024 Len=1448 TSval=2916040828 TSecr=3045560601 [TCP segment of a reassembled PDU]"
"57557","36.747598038","192.168.1.55","192.168.1.2","TCP","1514","8004  >  36716 [ACK] Seq=112734 Ack=144 Win=65024 Len=1448 TSval=2916040828 TSecr=3045560601 [TCP segment of a reassembled PDU]"
"57558","36.747599224","192.168.1.55","192.168.1.2","TCP","1514","8004  >  36716 [ACK] Seq=114182 Ack=144 Win=65024 Len=1448 TSval=2916040828 TSecr=3045560601 [TCP segment of a reassembled PDU]"
"57559","36.747600298","192.168.1.55","192.168.1.2","TCP","466","8004  >  36716 [PSH, ACK] Seq=115630 Ack=144 Win=65024 Len=400 TSval=2916040828 TSecr=3045560601 [TCP segment of a reassembled PDU]"
"57560","36.748546762","192.168.1.2","192.168.1.55","TCP","66","36716  >  8004 [ACK] Seq=144 Ack=72590 Win=63488 Len=0 TSval=3045560602 TSecr=2916040822"
"57561","36.748557781","192.168.1.2","192.168.1.55","TCP","66","36716  >  8004 [ACK] Seq=144 Ack=76934 Win=59392 Len=0 TSval=3045560602 TSecr=2916040822"
"57562","36.748577022","192.168.1.55","192.168.1.2","TCP","1514","8004  >  36716 [ACK] Seq=116030 Ack=144 Win=65024 Len=1448 TSval=2916040829 TSecr=3045560602 [TCP segment of a reassembled PDU]"
"57563","36.748578596","192.168.1.55","192.168.1.2","TCP","1514","8004  >  36716 [ACK] Seq=117478 Ack=144 Win=65024 Len=1448 TSval=2916040829 TSecr=3045560602 [TCP segment of a reassembled PDU]"
"57564","36.748579707","192.168.1.55","192.168.1.2","TCP","1514","8004  >  36716 [ACK] Seq=118926 Ack=144 Win=65024 Len=1448 TSval=2916040829 TSecr=3045560602 [TCP segment of a reassembled PDU]"
"57565","36.748580873","192.168.1.55","192.168.1.2","TCP","1514","8004  >  36716 [ACK] Seq=120374 Ack=144 Win=65024 Len=1448 TSval=2916040829 TSecr=3045560602 [TCP segment of a reassembled PDU]"
"57566","36.748581985","192.168.1.55","192.168.1.2","TCP","1514","8004  >  36716 [ACK] Seq=121822 Ack=144 Win=65024 Len=1448 TSval=2916040829 TSecr=3045560602 [TCP segment of a reassembled PDU]"
"57567","36.748583096","192.168.1.55","192.168.1.2","TCP","1514","8004  >  36716 [ACK] Seq=123270 Ack=144 Win=65024 Len=1448 TSval=2916040829 TSecr=3045560602 [TCP segment of a reassembled PDU]"
"57568","36.748584299","192.168.1.55","192.168.1.2","TCP","1514","8004  >  36716 [ACK] Seq=124718 Ack=144 Win=65024 Len=1448 TSval=2916040829 TSecr=3045560602 [TCP segment of a reassembled PDU]"
"57569","36.748585392","192.168.1.55","192.168.1.2","TCP","1514","8004  >  36716 [ACK] Seq=126166 Ack=144 Win=65024 Len=1448 TSval=2916040829 TSecr=3045560602 [TCP segment of a reassembled PDU]"
"57570","36.748586540","192.168.1.55","192.168.1.2","TCP","1514","8004  >  36716 [ACK] Seq=127614 Ack=144 Win=65024 Len=1448 TSval=2916040829 TSecr=3045560602 [TCP segment of a reassembled PDU]"
"57571","36.748587855","192.168.1.55","192.168.1.2","TCP","1514","8004  >  36716 [ACK] Seq=129062 Ack=144 Win=65024 Len=1448 TSval=2916040829 TSecr=3045560602 [TCP segment of a reassembled PDU]"
"57572","36.748588947","192.168.1.55","192.168.1.2","TCP","1514","8004  >  36716 [ACK] Seq=130510 Ack=144 Win=65024 Len=1448 TSval=2916040829 TSecr=3045560602 [TCP segment of a reassembled PDU]"
"57573","36.748590207","192.168.1.55","192.168.1.2","TCP","1514","8004  >  36716 [ACK] Seq=131958 Ack=144 Win=65024 Len=1448 TSval=2916040829 TSecr=3045560602 [TCP segment of a reassembled PDU]"
"57574","36.748591410","192.168.1.55","192.168.1.2","TCP","1514","8004  >  36716 [ACK] Seq=133406 Ack=144 Win=65024 Len=1448 TSval=2916040829 TSecr=3045560602 [TCP segment of a reassembled PDU]"
"57575","36.748592577","192.168.1.55","192.168.1.2","TCP","1514","8004  >  36716 [PSH, ACK] Seq=134854 Ack=144 Win=65024 Len=1448 TSval=2916040829 TSecr=3045560602 [TCP segment of a reassembled PDU]"
"57576","36.748596688","192.168.1.2","192.168.1.55","TCP","66","36716  >  8004 [ACK] Seq=144 Ack=107342 Win=31744 Len=0 TSval=3045560602 TSecr=2916040822"
"57577","36.748646318","192.168.1.2","192.168.1.55","TCP","66","[TCP Window Update] 36716  >  8004 [ACK] Seq=144 Ack=107342 Win=84992 Len=0 TSval=3045560602 TSecr=2916040822"
"57578","36.748665688","192.168.1.55","192.168.1.2","TCP","1514","8004  >  36716 [ACK] Seq=136302 Ack=144 Win=65024 Len=1448 TSval=2916040829 TSecr=3045560602 [TCP segment of a reassembled PDU]"
"57579","36.748667392","192.168.1.55","192.168.1.2","TCP","1514","8004  >  36716 [ACK] Seq=137750 Ack=144 Win=65024 Len=1448 TSval=2916040829 TSecr=3045560602 [TCP segment of a reassembled PDU]"
"57580","36.748668818","192.168.1.55","192.168.1.2","TCP","1514","8004  >  36716 [ACK] Seq=139198 Ack=144 Win=65024 Len=1448 TSval=2916040829 TSecr=3045560602 [TCP segment of a reassembled PDU]"
"57581","36.748670040","192.168.1.55","192.168.1.2","TCP","1514","8004  >  36716 [ACK] Seq=140646 Ack=144 Win=65024 Len=1448 TSval=2916040829 TSecr=3045560602 [TCP segment of a reassembled PDU]"
"57582","36.748671133","192.168.1.55","192.168.1.2","TCP","1514","8004  >  36716 [ACK] Seq=142094 Ack=144 Win=65024 Len=1448 TSval=2916040829 TSecr=3045560602 [TCP segment of a reassembled PDU]"
"57583","36.748672225","192.168.1.55","192.168.1.2","TCP","1514","8004  >  36716 [ACK] Seq=143542 Ack=144 Win=65024 Len=1448 TSval=2916040829 TSecr=3045560602 [TCP segment of a reassembled PDU]"
"57584","36.748673485","192.168.1.55","192.168.1.2","TCP","1514","8004  >  36716 [ACK] Seq=144990 Ack=144 Win=65024 Len=1448 TSval=2916040829 TSecr=3045560602 [TCP segment of a reassembled PDU]"
"57585","36.748674670","192.168.1.55","192.168.1.2","TCP","1514","8004  >  36716 [ACK] Seq=146438 Ack=144 Win=65024 Len=1448 TSval=2916040829 TSecr=3045560602 [TCP segment of a reassembled PDU]"
"57586","36.748675781","192.168.1.55","192.168.1.2","TCP","1514","8004  >  36716 [ACK] Seq=147886 Ack=144 Win=65024 Len=1448 TSval=2916040829 TSecr=3045560602 [TCP segment of a reassembled PDU]"
"57587","36.748677077","192.168.1.55","192.168.1.2","TCP","1514","8004  >  36716 [ACK] Seq=149334 Ack=144 Win=65024 Len=1448 TSval=2916040829 TSecr=3045560602 [TCP segment of a reassembled PDU]"
"57588","36.748678355","192.168.1.55","192.168.1.2","TCP","1514","8004  >  36716 [ACK] Seq=150782 Ack=144 Win=65024 Len=1448 TSval=2916040829 TSecr=3045560602 [TCP segment of a reassembled PDU]"
"57589","36.748679540","192.168.1.55","192.168.1.2","TCP","1514","8004  >  36716 [ACK] Seq=152230 Ack=144 Win=65024 Len=1448 TSval=2916040829 TSecr=3045560602 [TCP segment of a reassembled PDU]"
"57590","36.748680744","192.168.1.55","192.168.1.2","TCP","1514","8004  >  36716 [ACK] Seq=153678 Ack=144 Win=65024 Len=1448 TSval=2916040829 TSecr=3045560602 [TCP segment of a reassembled PDU]"
"57591","36.748681855","192.168.1.55","192.168.1.2","TCP","1514","8004  >  36716 [ACK] Seq=155126 Ack=144 Win=65024 Len=1448 TSval=2916040829 TSecr=3045560602 [TCP segment of a reassembled PDU]"
"57592","36.748683114","192.168.1.55","192.168.1.2","TCP","1514","8004  >  36716 [PSH, ACK] Seq=156574 Ack=144 Win=65024 Len=1448 TSval=2916040829 TSecr=3045560602 [TCP segment of a reassembled PDU]"
"57593","36.748709466","192.168.1.55","192.168.1.2","TCP","1514","8004  >  36716 [ACK] Seq=158022 Ack=144 Win=65024 Len=1448 TSval=2916040829 TSecr=3045560602 [TCP segment of a reassembled PDU]"
"57594","36.748710855","192.168.1.55","192.168.1.2","TCP","1514","8004  >  36716 [ACK] Seq=159470 Ack=144 Win=65024 Len=1448 TSval=2916040829 TSecr=3045560602 [TCP segment of a reassembled PDU]"
"57595","36.748711948","192.168.1.55","192.168.1.2","TCP","1514","8004  >  36716 [ACK] Seq=160918 Ack=144 Win=65024 Len=1448 TSval=2916040829 TSecr=3045560602 [TCP segment of a reassembled PDU]"
"57596","36.748713096","192.168.1.55","192.168.1.2","TCP","1514","8004  >  36716 [ACK] Seq=162366 Ack=144 Win=65024 Len=1448 TSval=2916040829 TSecr=3045560602 [TCP segment of a reassembled PDU]"
"57597","36.748714281","192.168.1.55","192.168.1.2","TCP","1514","8004  >  36716 [ACK] Seq=163814 Ack=144 Win=65024 Len=1448 TSval=2916040829 TSecr=3045560602 [TCP segment of a reassembled PDU]"
"57598","36.748715725","192.168.1.55","192.168.1.2","TCP","1514","8004  >  36716 [ACK] Seq=165262 Ack=144 Win=65024 Len=1448 TSval=2916040829 TSecr=3045560602 [TCP segment of a reassembled PDU]"
"57599","36.748716966","192.168.1.55","192.168.1.2","TCP","1514","8004  >  36716 [ACK] Seq=166710 Ack=144 Win=65024 Len=1448 TSval=2916040829 TSecr=3045560602 [TCP segment of a reassembled PDU]"
"57600","36.748718040","192.168.1.55","192.168.1.2","TCP","1514","8004  >  36716 [ACK] Seq=168158 Ack=144 Win=65024 Len=1448 TSval=2916040829 TSecr=3045560602 [TCP segment of a reassembled PDU]"
"57601","36.748719188","192.168.1.55","192.168.1.2","TCP","1514","8004  >  36716 [ACK] Seq=169606 Ack=144 Win=65024 Len=1448 TSval=2916040829 TSecr=3045560602 [TCP segment of a reassembled PDU]"
"57602","36.748720281","192.168.1.55","192.168.1.2","TCP","1514","8004  >  36716 [ACK] Seq=171054 Ack=144 Win=65024 Len=1448 TSval=2916040829 TSecr=3045560602 [TCP segment of a reassembled PDU]"
"57603","36.748721522","192.168.1.55","192.168.1.2","TCP","1514","8004  >  36716 [ACK] Seq=172502 Ack=144 Win=65024 Len=1448 TSval=2916040829 TSecr=3045560602 [TCP segment of a reassembled PDU]"
"57604","36.748722633","192.168.1.55","192.168.1.2","TCP","1514","8004  >  36716 [ACK] Seq=173950 Ack=144 Win=65024 Len=1448 TSval=2916040829 TSecr=3045560602 [TCP segment of a reassembled PDU]"
"57605","36.748723855","192.168.1.55","192.168.1.2","TCP","1514","8004  >  36716 [ACK] Seq=175398 Ack=144 Win=65024 Len=1448 TSval=2916040829 TSecr=3045560602 [TCP segment of a reassembled PDU]"
"57606","36.748725281","192.168.1.55","192.168.1.2","TCP","1514","8004  >  36716 [ACK] Seq=176846 Ack=144 Win=65024 Len=1448 TSval=2916040829 TSecr=3045560602 [TCP segment of a reassembled PDU]"
"57607","36.748726374","192.168.1.55","192.168.1.2","TCP","1514","8004  >  36716 [ACK] Seq=178294 Ack=144 Win=65024 Len=1448 TSval=2916040829 TSecr=3045560602 [TCP segment of a reassembled PDU]"
"57608","36.748727614","192.168.1.55","192.168.1.2","TCP","1514","8004  >  36716 [ACK] Seq=179742 Ack=144 Win=65024 Len=1448 TSval=2916040829 TSecr=3045560602 [TCP segment of a reassembled PDU]"
"57609","36.748728707","192.168.1.55","192.168.1.2","TCP","1514","8004  >  36716 [ACK] Seq=181190 Ack=144 Win=65024 Len=1448 TSval=2916040829 TSecr=3045560602 [TCP segment of a reassembled PDU]"
"57610","36.748729818","192.168.1.55","192.168.1.2","TCP","1514","8004  >  36716 [ACK] Seq=182638 Ack=144 Win=65024 Len=1448 TSval=2916040829 TSecr=3045560602 [TCP segment of a reassembled PDU]"
"57611","36.748731096","192.168.1.55","192.168.1.2","TCP","1514","8004  >  36716 [ACK] Seq=184086 Ack=144 Win=65024 Len=1448 TSval=2916040829 TSecr=3045560602 [TCP segment of a reassembled PDU]"
"57612","36.748732281","192.168.1.55","192.168.1.2","TCP","1514","8004  >  36716 [ACK] Seq=185534 Ack=144 Win=65024 Len=1448 TSval=2916040829 TSecr=3045560602 [TCP segment of a reassembled PDU]"
"57613","36.748733392","192.168.1.55","192.168.1.2","TCP","1514","8004  >  36716 [ACK] Seq=186982 Ack=144 Win=65024 Len=1448 TSval=2916040829 TSecr=3045560602 [TCP segment of a reassembled PDU]"
"57614","36.748734466","192.168.1.55","192.168.1.2","TCP","1514","8004  >  36716 [ACK] Seq=188430 Ack=144 Win=65024 Len=1448 TSval=2916040829 TSecr=3045560602 [TCP segment of a reassembled PDU]"
"57615","36.748735670","192.168.1.55","192.168.1.2","TCP","1514","8004  >  36716 [PSH, ACK] Seq=189878 Ack=144 Win=65024 Len=1448 TSval=2916040829 TSecr=3045560602 [TCP segment of a reassembled PDU]"
"57616","36.748739448","192.168.1.2","192.168.1.55","TCP","66","36716  >  8004 [ACK] Seq=144 Ack=108390 Win=84992 Len=0 TSval=3045560602 TSecr=2916040823"
"57617","36.749929524","192.168.1.55","192.168.1.2","TCP","1514","8004  >  36716 [ACK] Seq=191326 Ack=144 Win=65024 Len=1448 TSval=2916040830 TSecr=3045560602 [TCP segment of a reassembled PDU]"
"57618","36.755361477","192.168.1.2","192.168.1.55","TCP","66","36716  >  8004 [ACK] Seq=144 Ack=116030 Win=78848 Len=0 TSval=3045560605 TSecr=2916040828"
"57619","36.755407144","192.168.1.55","192.168.1.2","TCP","1514","8004  >  36716 [ACK] Seq=192774 Ack=144 Win=65024 Len=1448 TSval=2916040836 TSecr=3045560605 [TCP segment of a reassembled PDU]"
"57620","36.755413310","192.168.1.55","192.168.1.2","TCP","722","[TCP Window Full] 8004  >  36716 [PSH, ACK] Seq=194222 Ack=144 Win=65024 Len=656 TSval=2916040836 TSecr=3045560605 [TCP segment of a reassembled PDU]"
"57621","36.755611866","192.168.1.2","192.168.1.55","TCP","66","36716  >  8004 [ACK] Seq=144 Ack=136302 Win=84992 Len=0 TSval=3045560609 TSecr=2916040829"
"57622","36.755627311","192.168.1.55","192.168.1.2","TCP","1514","8004  >  36716 [ACK] Seq=194878 Ack=144 Win=65024 Len=1448 TSval=2916040836 TSecr=3045560609 [TCP segment of a reassembled PDU]"
"57623","36.755629607","192.168.1.55","192.168.1.2","TCP","1514","8004  >  36716 [ACK] Seq=196326 Ack=144 Win=65024 Len=1448 TSval=2916040836 TSecr=3045560609 [TCP segment of a reassembled PDU]"
"57624","36.755631107","192.168.1.55","192.168.1.2","TCP","1514","8004  >  36716 [PSH, ACK] Seq=197774 Ack=144 Win=65024 Len=1448 TSval=2916040836 TSecr=3045560609 [TCP segment of a reassembled PDU]"
"57625","36.755638514","192.168.1.55","192.168.1.2","TCP","858","8004  >  36716 [PSH, ACK] Seq=199222 Ack=144 Win=65024 Len=792 TSval=2916040836 TSecr=3045560609 [TCP segment of a reassembled PDU]"
"57626","36.755642366","192.168.1.2","192.168.1.55","TCP","66","36716  >  8004 [ACK] Seq=144 Ack=158022 Win=81920 Len=0 TSval=3045560609 TSecr=2916040829"
"57627","36.755681681","192.168.1.55","192.168.1.2","TCP","1514","8004  >  36716 [ACK] Seq=200014 Ack=144 Win=65024 Len=1448 TSval=2916040836 TSecr=3045560609 [TCP segment of a reassembled PDU]"
"57628","36.755683533","192.168.1.55","192.168.1.2","TCP","1514","8004  >  36716 [ACK] Seq=201462 Ack=144 Win=65024 Len=1448 TSval=2916040836 TSecr=3045560609 [TCP segment of a reassembled PDU]"
"57629","36.755685718","192.168.1.55","192.168.1.2","TCP","1514","8004  >  36716 [ACK] Seq=202910 Ack=144 Win=65024 Len=1448 TSval=2916040836 TSecr=3045560609 [TCP segment of a reassembled PDU]"
"57630","36.755687903","192.168.1.55","192.168.1.2","TCP","1514","8004  >  36716 [ACK] Seq=204358 Ack=144 Win=65024 Len=1448 TSval=2916040836 TSecr=3045560609 [TCP segment of a reassembled PDU]"
"57631","36.755689811","192.168.1.55","192.168.1.2","TCP","1514","8004  >  36716 [ACK] Seq=205806 Ack=144 Win=65024 Len=1448 TSval=2916040836 TSecr=3045560609 [TCP segment of a reassembled PDU]"
"57632","36.755691237","192.168.1.55","192.168.1.2","TCP","1514","8004  >  36716 [ACK] Seq=207254 Ack=144 Win=65024 Len=1448 TSval=2916040836 TSecr=3045560609 [TCP segment of a reassembled PDU]"
"57633","36.755692626","192.168.1.55","192.168.1.2","TCP","1514","8004  >  36716 [ACK] Seq=208702 Ack=144 Win=65024 Len=1448 TSval=2916040836 TSecr=3045560609 [TCP segment of a reassembled PDU]"
"57634","36.755694015","192.168.1.55","192.168.1.2","TCP","1514","8004  >  36716 [ACK] Seq=210150 Ack=144 Win=65024 Len=1448 TSval=2916040836 TSecr=3045560609 [TCP segment of a reassembled PDU]"
"57635","36.755695663","192.168.1.55","192.168.1.2","TCP","1514","8004  >  36716 [ACK] Seq=211598 Ack=144 Win=65024 Len=1448 TSval=2916040836 TSecr=3045560609 [TCP segment of a reassembled PDU]"
"57636","36.755697552","192.168.1.55","192.168.1.2","TCP","1514","8004  >  36716 [ACK] Seq=213046 Ack=144 Win=65024 Len=1448 TSval=2916040836 TSecr=3045560609 [TCP segment of a reassembled PDU]"
"57637","36.755699403","192.168.1.55","192.168.1.2","TCP","1514","8004  >  36716 [ACK] Seq=214494 Ack=144 Win=65024 Len=1448 TSval=2916040836 TSecr=3045560609 [TCP segment of a reassembled PDU]"
"57638","36.755700829","192.168.1.55","192.168.1.2","TCP","1514","8004  >  36716 [ACK] Seq=215942 Ack=144 Win=65024 Len=1448 TSval=2916040836 TSecr=3045560609 [TCP segment of a reassembled PDU]"
"57639","36.755702237","192.168.1.55","192.168.1.2","TCP","1514","8004  >  36716 [ACK] Seq=217390 Ack=144 Win=65024 Len=1448 TSval=2916040836 TSecr=3045560609 [TCP segment of a reassembled PDU]"
"57640","36.755703681","192.168.1.55","192.168.1.2","TCP","1514","8004  >  36716 [ACK] Seq=218838 Ack=144 Win=65024 Len=1448 TSval=2916040836 TSecr=3045560609 [TCP segment of a reassembled PDU]"
"57641","36.755706015","192.168.1.55","192.168.1.2","TCP","1514","8004  >  36716 [ACK] Seq=220286 Ack=144 Win=65024 Len=1448 TSval=2916040836 TSecr=3045560609 [TCP segment of a reassembled PDU]"
"57642","36.755707737","192.168.1.55","192.168.1.2","TCP","1514","8004  >  36716 [ACK] Seq=221734 Ack=144 Win=65024 Len=1448 TSval=2916040836 TSecr=3045560609 [TCP segment of a reassembled PDU]"
"57643","36.755709218","192.168.1.55","192.168.1.2","TCP","1514","8004  >  36716 [ACK] Seq=223182 Ack=144 Win=65024 Len=1448 TSval=2916040836 TSecr=3045560609 [TCP segment of a reassembled PDU]"
"57644","36.755710533","192.168.1.55","192.168.1.2","TCP","1514","8004  >  36716 [ACK] Seq=224630 Ack=144 Win=65024 Len=1448 TSval=2916040836 TSecr=3045560609 [TCP segment of a reassembled PDU]"
"57645","36.755712052","192.168.1.55","192.168.1.2","TCP","1514","8004  >  36716 [ACK] Seq=226078 Ack=144 Win=65024 Len=1448 TSval=2916040836 TSecr=3045560609 [TCP segment of a reassembled PDU]"
"57646","36.755714737","192.168.1.55","192.168.1.2","TCP","1514","8004  >  36716 [ACK] Seq=227526 Ack=144 Win=65024 Len=1448 TSval=2916040836 TSecr=3045560609 [TCP segment of a reassembled PDU]"
"57647","36.755716478","192.168.1.55","192.168.1.2","TCP","1514","8004  >  36716 [ACK] Seq=228974 Ack=144 Win=65024 Len=1448 TSval=2916040836 TSecr=3045560609 [TCP segment of a reassembled PDU]"
"57648","36.755717774","192.168.1.55","192.168.1.2","TCP","1514","8004  >  36716 [ACK] Seq=230422 Ack=144 Win=65024 Len=1448 TSval=2916040836 TSecr=3045560609 [TCP segment of a reassembled PDU]"
"57649","36.755719052","192.168.1.55","192.168.1.2","TCP","1514","8004  >  36716 [ACK] Seq=231870 Ack=144 Win=65024 Len=1448 TSval=2916040836 TSecr=3045560609 [TCP segment of a reassembled PDU]"
"57650","36.755720533","192.168.1.55","192.168.1.2","TCP","1514","8004  >  36716 [ACK] Seq=233318 Ack=144 Win=65024 Len=1448 TSval=2916040836 TSecr=3045560609 [TCP segment of a reassembled PDU]"
"57651","36.755723255","192.168.1.55","192.168.1.2","TCP","1514","8004  >  36716 [ACK] Seq=234766 Ack=144 Win=65024 Len=1448 TSval=2916040836 TSecr=3045560609 [TCP segment of a reassembled PDU]"
"57652","36.755724959","192.168.1.55","192.168.1.2","TCP","1514","8004  >  36716 [ACK] Seq=236214 Ack=144 Win=65024 Len=1448 TSval=2916040836 TSecr=3045560609 [TCP segment of a reassembled PDU]"
"57653","36.755726255","192.168.1.55","192.168.1.2","TCP","1514","8004  >  36716 [PSH, ACK] Seq=237662 Ack=144 Win=65024 Len=1448 TSval=2916040836 TSecr=3045560609 [TCP segment of a reassembled PDU]"
"57654","36.755732978","192.168.1.2","192.168.1.55","TCP","66","36716  >  8004 [ACK] Seq=144 Ack=188430 Win=92160 Len=0 TSval=3045560609 TSecr=2916040829"
"57655","36.755746626","192.168.1.55","192.168.1.2","TCP","1514","8004  >  36716 [ACK] Seq=239110 Ack=144 Win=65024 Len=1448 TSval=2916040836 TSecr=3045560609 [TCP segment of a reassembled PDU]"
"57656","36.755749515","192.168.1.55","192.168.1.2","TCP","1514","8004  >  36716 [PSH, ACK] Seq=240558 Ack=144 Win=65024 Len=1448 TSval=2916040836 TSecr=3045560609 [TCP segment of a reassembled PDU]"
"57657","36.755797089","192.168.1.55","192.168.1.2","TCP","1514","8004  >  36716 [ACK] Seq=242006 Ack=144 Win=65024 Len=1448 TSval=2916040836 TSecr=3045560609 [TCP segment of a reassembled PDU]"
"57658","36.755799052","192.168.1.55","192.168.1.2","TCP","1514","8004  >  36716 [ACK] Seq=243454 Ack=144 Win=65024 Len=1448 TSval=2916040836 TSecr=3045560609 [TCP segment of a reassembled PDU]"
"57659","36.755800774","192.168.1.55","192.168.1.2","TCP","1514","8004  >  36716 [ACK] Seq=244902 Ack=144 Win=65024 Len=1448 TSval=2916040836 TSecr=3045560609 [TCP segment of a reassembled PDU]"
"57660","36.755804404","192.168.1.55","192.168.1.2","TCP","1514","8004  >  36716 [ACK] Seq=246350 Ack=144 Win=65024 Len=1448 TSval=2916040836 TSecr=3045560609 [TCP segment of a reassembled PDU]"
"57661","36.755805774","192.168.1.55","192.168.1.2","TCP","1514","8004  >  36716 [ACK] Seq=247798 Ack=144 Win=65024 Len=1448 TSval=2916040836 TSecr=3045560609 [TCP segment of a reassembled PDU]"
"57662","36.755807200","192.168.1.55","192.168.1.2","TCP","1514","8004  >  36716 [ACK] Seq=249246 Ack=144 Win=65024 Len=1448 TSval=2916040836 TSecr=3045560609 [TCP segment of a reassembled PDU]"
"57663","36.755808811","192.168.1.55","192.168.1.2","TCP","1514","8004  >  36716 [ACK] Seq=250694 Ack=144 Win=65024 Len=1448 TSval=2916040836 TSecr=3045560609 [TCP segment of a reassembled PDU]"
"57664","36.755810885","192.168.1.55","192.168.1.2","TCP","1514","8004  >  36716 [ACK] Seq=252142 Ack=144 Win=65024 Len=1448 TSval=2916040836 TSecr=3045560609 [TCP segment of a reassembled PDU]"
"57665","36.755812904","192.168.1.55","192.168.1.2","TCP","1514","8004  >  36716 [ACK] Seq=253590 Ack=144 Win=65024 Len=1448 TSval=2916040836 TSecr=3045560609 [TCP segment of a reassembled PDU]"
"57666","36.755814533","192.168.1.55","192.168.1.2","TCP","1514","8004  >  36716 [ACK] Seq=255038 Ack=144 Win=65024 Len=1448 TSval=2916040836 TSecr=3045560609 [TCP segment of a reassembled PDU]"
"57667","36.755815848","192.168.1.55","192.168.1.2","TCP","1514","8004  >  36716 [ACK] Seq=256486 Ack=144 Win=65024 Len=1448 TSval=2916040836 TSecr=3045560609 [TCP segment of a reassembled PDU]"
"57668","36.755817552","192.168.1.55","192.168.1.2","TCP","1514","8004  >  36716 [ACK] Seq=257934 Ack=144 Win=65024 Len=1448 TSval=2916040836 TSecr=3045560609 [TCP segment of a reassembled PDU]"
"57669","36.755820385","192.168.1.55","192.168.1.2","TCP","1514","8004  >  36716 [ACK] Seq=259382 Ack=144 Win=65024 Len=1448 TSval=2916040836 TSecr=3045560609 [TCP segment of a reassembled PDU]"
"57670","36.755822570","192.168.1.55","192.168.1.2","TCP","1514","8004  >  36716 [ACK] Seq=260830 Ack=144 Win=65024 Len=1448 TSval=2916040836 TSecr=3045560609 [TCP segment of a reassembled PDU]"
"57671","36.755823885","192.168.1.55","192.168.1.2","TCP","1514","8004  >  36716 [ACK] Seq=262278 Ack=144 Win=65024 Len=1448 TSval=2916040836 TSecr=3045560609 [TCP segment of a reassembled PDU]"
"57672","36.755825218","192.168.1.55","192.168.1.2","TCP","1514","8004  >  36716 [ACK] Seq=263726 Ack=144 Win=65024 Len=1448 TSval=2916040836 TSecr=3045560609 [TCP segment of a reassembled PDU]"
"57673","36.755826700","192.168.1.55","192.168.1.2","TCP","1514","8004  >  36716 [ACK] Seq=265174 Ack=144 Win=65024 Len=1448 TSval=2916040836 TSecr=3045560609 [TCP segment of a reassembled PDU]"
"57674","36.755828533","192.168.1.55","192.168.1.2","TCP","1514","8004  >  36716 [ACK] Seq=266622 Ack=144 Win=65024 Len=1448 TSval=2916040836 TSecr=3045560609 [TCP segment of a reassembled PDU]"
"57675","36.755830718","192.168.1.55","192.168.1.2","TCP","1514","8004  >  36716 [ACK] Seq=268070 Ack=144 Win=65024 Len=1448 TSval=2916040836 TSecr=3045560609 [TCP segment of a reassembled PDU]"
"57676","36.755832293","192.168.1.55","192.168.1.2","TCP","1514","8004  >  36716 [ACK] Seq=269518 Ack=144 Win=65024 Len=1448 TSval=2916040836 TSecr=3045560609 [TCP segment of a reassembled PDU]"
"57677","36.755833811","192.168.1.55","192.168.1.2","TCP","1514","8004  >  36716 [ACK] Seq=270966 Ack=144 Win=65024 Len=1448 TSval=2916040836 TSecr=3045560609 [TCP segment of a reassembled PDU]"
"57678","36.755835385","192.168.1.55","192.168.1.2","TCP","1514","8004  >  36716 [ACK] Seq=272414 Ack=144 Win=65024 Len=1448 TSval=2916040836 TSecr=3045560609 [TCP segment of a reassembled PDU]"
"57679","36.755836922","192.168.1.55","192.168.1.2","TCP","1514","8004  >  36716 [ACK] Seq=273862 Ack=144 Win=65024 Len=1448 TSval=2916040836 TSecr=3045560609 [TCP segment of a reassembled PDU]"
"57680","36.755839496","192.168.1.55","192.168.1.2","TCP","1514","8004  >  36716 [ACK] Seq=275310 Ack=144 Win=65024 Len=1448 TSval=2916040836 TSecr=3045560609 [TCP segment of a reassembled PDU]"
"57681","36.755840830","192.168.1.55","192.168.1.2","TCP","1514","8004  >  36716 [ACK] Seq=276758 Ack=144 Win=65024 Len=1448 TSval=2916040836 TSecr=3045560609 [TCP segment of a reassembled PDU]"
"57682","36.755842274","192.168.1.55","192.168.1.2","TCP","1514","8004  >  36716 [PSH, ACK] Seq=278206 Ack=144 Win=65024 Len=1448 TSval=2916040836 TSecr=3045560609 [TCP segment of a reassembled PDU]"
"57683","36.755849181","192.168.1.2","192.168.1.55","TCP","66","36716  >  8004 [ACK] Seq=144 Ack=189878 Win=95232 Len=0 TSval=3045560609 TSecr=2916040829"
"57684","36.755910015","192.168.1.2","192.168.1.55","TCP","66","36716  >  8004 [ACK] Seq=144 Ack=191326 Win=98304 Len=0 TSval=3045560610 TSecr=2916040829"
"57685","36.755917737","192.168.1.2","192.168.1.55","TCP","66","36716  >  8004 [ACK] Seq=144 Ack=192774 Win=101376 Len=0 TSval=3045560610 TSecr=2916040830"
"57686","36.757105795","192.168.1.55","192.168.1.2","TCP","1514","8004  >  36716 [ACK] Seq=279654 Ack=144 Win=65024 Len=1448 TSval=2916040837 TSecr=3045560610 [TCP segment of a reassembled PDU]"
"57687","36.757108776","192.168.1.55","192.168.1.2","TCP","1514","8004  >  36716 [ACK] Seq=281102 Ack=144 Win=65024 Len=1448 TSval=2916040837 TSecr=3045560610 [TCP segment of a reassembled PDU]"
"57688","36.757110221","192.168.1.55","192.168.1.2","TCP","1514","8004  >  36716 [PSH, ACK] Seq=282550 Ack=144 Win=65024 Len=1448 TSval=2916040837 TSecr=3045560610 [TCP segment of a reassembled PDU]"
"57689","36.757123887","192.168.1.55","192.168.1.2","TCP","1514","8004  >  36716 [ACK] Seq=283998 Ack=144 Win=65024 Len=1448 TSval=2916040837 TSecr=3045560610 [TCP segment of a reassembled PDU]"
"57690","36.757125721","192.168.1.55","192.168.1.2","TCP","1514","8004  >  36716 [ACK] Seq=285446 Ack=144 Win=65024 Len=1448 TSval=2916040837 TSecr=3045560610 [TCP segment of a reassembled PDU]"
"57691","36.757127869","192.168.1.55","192.168.1.2","TCP","1514","8004  >  36716 [ACK] Seq=286894 Ack=144 Win=65024 Len=1448 TSval=2916040837 TSecr=3045560610 [TCP segment of a reassembled PDU]"
"57692","36.757129387","192.168.1.55","192.168.1.2","TCP","1514","8004  >  36716 [ACK] Seq=288342 Ack=144 Win=65024 Len=1448 TSval=2916040837 TSecr=3045560610 [TCP segment of a reassembled PDU]"
"57693","36.757131017","192.168.1.55","192.168.1.2","TCP","1514","8004  >  36716 [ACK] Seq=289790 Ack=144 Win=65024 Len=1448 TSval=2916040837 TSecr=3045560610 [TCP segment of a reassembled PDU]"
"57694","36.757133332","192.168.1.55","192.168.1.2","TCP","1514","8004  >  36716 [ACK] Seq=291238 Ack=144 Win=65024 Len=1448 TSval=2916040837 TSecr=3045560610 [TCP segment of a reassembled PDU]"
"57695","36.757135072","192.168.1.55","192.168.1.2","TCP","1514","8004  >  36716 [PSH, ACK] Seq=292686 Ack=144 Win=65024 Len=1448 TSval=2916040837 TSecr=3045560610 [TCP segment of a reassembled PDU]"
"57696","36.762038284","192.168.1.2","192.168.1.55","TCP","66","36716  >  8004 [ACK] Seq=144 Ack=194878 Win=105472 Len=0 TSval=3045560613 TSecr=2916040836"
"57697","36.762056062","192.168.1.55","192.168.1.2","TCP","1514","8004  >  36716 [ACK] Seq=294134 Ack=144 Win=65024 Len=1448 TSval=2916040842 TSecr=3045560613 [TCP segment of a reassembled PDU]"
"57698","36.762058784","192.168.1.55","192.168.1.2","TCP","1514","8004  >  36716 [ACK] Seq=295582 Ack=144 Win=65024 Len=1448 TSval=2916040842 TSecr=3045560613 [TCP segment of a reassembled PDU]"
"57699","36.762060025","192.168.1.55","192.168.1.2","TCP","1514","8004  >  36716 [ACK] Seq=297030 Ack=144 Win=65024 Len=1448 TSval=2916040842 TSecr=3045560613 [TCP segment of a reassembled PDU]"
"57700","36.762061173","192.168.1.55","192.168.1.2","TCP","1514","8004  >  36716 [PSH, ACK] Seq=298478 Ack=144 Win=65024 Len=1448 TSval=2916040842 TSecr=3045560613 [TCP segment of a reassembled PDU]"
"57701","36.763976991","192.168.1.2","192.168.1.55","TCP","66","36716  >  8004 [ACK] Seq=144 Ack=199222 Win=114688 Len=0 TSval=3045560617 TSecr=2916040836"
"57702","36.763991472","192.168.1.55","192.168.1.2","TCP","1514","8004  >  36716 [ACK] Seq=299926 Ack=144 Win=65024 Len=1448 TSval=2916040844 TSecr=3045560617 [TCP segment of a reassembled PDU]"
"57703","36.763993750","192.168.1.55","192.168.1.2","TCP","1514","8004  >  36716 [ACK] Seq=301374 Ack=144 Win=65024 Len=1448 TSval=2916040844 TSecr=3045560617 [TCP segment of a reassembled PDU]"
"57704","36.763994861","192.168.1.55","192.168.1.2","TCP","1514","8004  >  36716 [ACK] Seq=302822 Ack=144 Win=65024 Len=1448 TSval=2916040844 TSecr=3045560617 [TCP segment of a reassembled PDU]"
"57705","36.763996583","192.168.1.55","192.168.1.2","TCP","1514","8004  >  36716 [ACK] Seq=304270 Ack=144 Win=65024 Len=1448 TSval=2916040844 TSecr=3045560617 [TCP segment of a reassembled PDU]"
"57706","36.763997695","192.168.1.55","192.168.1.2","TCP","1514","8004  >  36716 [ACK] Seq=305718 Ack=144 Win=65024 Len=1448 TSval=2916040844 TSecr=3045560617 [TCP segment of a reassembled PDU]"
"57707","36.763998843","192.168.1.55","192.168.1.2","TCP","1514","8004  >  36716 [ACK] Seq=307166 Ack=144 Win=65024 Len=1448 TSval=2916040844 TSecr=3045560617 [TCP segment of a reassembled PDU]"
"57708","36.764000083","192.168.1.55","192.168.1.2","TCP","1514","8004  >  36716 [ACK] Seq=308614 Ack=144 Win=65024 Len=1448 TSval=2916040844 TSecr=3045560617 [TCP segment of a reassembled PDU]"
"57709","36.764001213","192.168.1.55","192.168.1.2","TCP","1514","8004  >  36716 [ACK] Seq=310062 Ack=144 Win=65024 Len=1448 TSval=2916040844 TSecr=3045560617 [TCP segment of a reassembled PDU]"
"57710","36.764002343","192.168.1.55","192.168.1.2","TCP","1514","8004  >  36716 [PSH, ACK] Seq=311510 Ack=144 Win=65024 Len=1448 TSval=2916040844 TSecr=3045560617 [TCP segment of a reassembled PDU]"
"57711","36.764440992","192.168.1.2","192.168.1.55","TCP","66","36716  >  8004 [ACK] Seq=144 Ack=239110 Win=96256 Len=0 TSval=3045560617 TSecr=2916040836"
"57712","36.764455343","192.168.1.55","192.168.1.2","TCP","1514","8004  >  36716 [ACK] Seq=312958 Ack=144 Win=65024 Len=1448 TSval=2916040845 TSecr=3045560617 [TCP segment of a reassembled PDU]"
"57713","36.764456825","192.168.1.55","192.168.1.2","TCP","1514","8004  >  36716 [ACK] Seq=314406 Ack=144 Win=65024 Len=1448 TSval=2916040845 TSecr=3045560617 [TCP segment of a reassembled PDU]"
"57714","36.764458121","192.168.1.55","192.168.1.2","TCP","1514","8004  >  36716 [ACK] Seq=315854 Ack=144 Win=65024 Len=1448 TSval=2916040845 TSecr=3045560617 [TCP segment of a reassembled PDU]"
"57715","36.764459343","192.168.1.55","192.168.1.2","TCP","1514","8004  >  36716 [ACK] Seq=317302 Ack=144 Win=65024 Len=1448 TSval=2916040845 TSecr=3045560617 [TCP segment of a reassembled PDU]"
"57716","36.764460492","192.168.1.55","192.168.1.2","TCP","1514","8004  >  36716 [ACK] Seq=318750 Ack=144 Win=65024 Len=1448 TSval=2916040845 TSecr=3045560617 [TCP segment of a reassembled PDU]"
"57717","36.764461640","192.168.1.55","192.168.1.2","TCP","1514","8004  >  36716 [ACK] Seq=320198 Ack=144 Win=65024 Len=1448 TSval=2916040845 TSecr=3045560617 [TCP segment of a reassembled PDU]"
"57718","36.764462788","192.168.1.55","192.168.1.2","TCP","1514","8004  >  36716 [ACK] Seq=321646 Ack=144 Win=65024 Len=1448 TSval=2916040845 TSecr=3045560617 [TCP segment of a reassembled PDU]"
"57719","36.764464047","192.168.1.55","192.168.1.2","TCP","1514","8004  >  36716 [ACK] Seq=323094 Ack=144 Win=65024 Len=1448 TSval=2916040845 TSecr=3045560617 [TCP segment of a reassembled PDU]"
"57720","36.764465195","192.168.1.55","192.168.1.2","TCP","1514","8004  >  36716 [PSH, ACK] Seq=324542 Ack=144 Win=65024 Len=1448 TSval=2916040845 TSecr=3045560617 [TCP segment of a reassembled PDU]"
"57721","36.764469251","192.168.1.2","192.168.1.55","TCP","66","36716  >  8004 [ACK] Seq=144 Ack=253590 Win=96256 Len=0 TSval=3045560617 TSecr=2916040836"
"57722","36.764499418","192.168.1.2","192.168.1.55","TCP","66","36716  >  8004 [ACK] Seq=144 Ack=279654 Win=118784 Len=0 TSval=3045560620 TSecr=2916040836"
"57723","36.764530325","192.168.1.55","192.168.1.2","TCP","1514","8004  >  36716 [ACK] Seq=325990 Ack=144 Win=65024 Len=1448 TSval=2916040845 TSecr=3045560620 [TCP segment of a reassembled PDU]"
"57724","36.764532158","192.168.1.55","192.168.1.2","TCP","1514","8004  >  36716 [ACK] Seq=327438 Ack=144 Win=65024 Len=1448 TSval=2916040845 TSecr=3045560620 [TCP segment of a reassembled PDU]"
"57725","36.764533492","192.168.1.55","192.168.1.2","TCP","1514","8004  >  36716 [ACK] Seq=328886 Ack=144 Win=65024 Len=1448 TSval=2916040845 TSecr=3045560620 [TCP segment of a reassembled PDU]"
"57726","36.764534770","192.168.1.55","192.168.1.2","TCP","1514","8004  >  36716 [ACK] Seq=330334 Ack=144 Win=65024 Len=1448 TSval=2916040845 TSecr=3045560620 [TCP segment of a reassembled PDU]"
"57727","36.764536177","192.168.1.55","192.168.1.2","TCP","1514","8004  >  36716 [ACK] Seq=331782 Ack=144 Win=65024 Len=1448 TSval=2916040845 TSecr=3045560620 [TCP segment of a reassembled PDU]"
"57728","36.764537455","192.168.1.55","192.168.1.2","TCP","1514","8004  >  36716 [ACK] Seq=333230 Ack=144 Win=65024 Len=1448 TSval=2916040845 TSecr=3045560620 [TCP segment of a reassembled PDU]"
"57729","36.764538770","192.168.1.55","192.168.1.2","TCP","1514","8004  >  36716 [ACK] Seq=334678 Ack=144 Win=65024 Len=1448 TSval=2916040845 TSecr=3045560620 [TCP segment of a reassembled PDU]"
"57730","36.764540010","192.168.1.55","192.168.1.2","TCP","1514","8004  >  36716 [ACK] Seq=336126 Ack=144 Win=65024 Len=1448 TSval=2916040845 TSecr=3045560620 [TCP segment of a reassembled PDU]"
"57731","36.764541270","192.168.1.55","192.168.1.2","TCP","1514","8004  >  36716 [ACK] Seq=337574 Ack=144 Win=65024 Len=1448 TSval=2916040845 TSecr=3045560620 [TCP segment of a reassembled PDU]"
"57732","36.764542621","192.168.1.55","192.168.1.2","TCP","1514","8004  >  36716 [ACK] Seq=339022 Ack=144 Win=65024 Len=1448 TSval=2916040845 TSecr=3045560620 [TCP segment of a reassembled PDU]"
"57733","36.764544307","192.168.1.55","192.168.1.2","TCP","1514","8004  >  36716 [ACK] Seq=340470 Ack=144 Win=65024 Len=1448 TSval=2916040845 TSecr=3045560620 [TCP segment of a reassembled PDU]"
"57734","36.764545640","192.168.1.55","192.168.1.2","TCP","1514","8004  >  36716 [ACK] Seq=341918 Ack=144 Win=65024 Len=1448 TSval=2916040845 TSecr=3045560620 [TCP segment of a reassembled PDU]"
"57735","36.764546936","192.168.1.55","192.168.1.2","TCP","1514","8004  >  36716 [ACK] Seq=343366 Ack=144 Win=65024 Len=1448 TSval=2916040845 TSecr=3045560620 [TCP segment of a reassembled PDU]"
"57736","36.764552270","192.168.1.55","192.168.1.2","TCP","1514","8004  >  36716 [ACK] Seq=344814 Ack=144 Win=65024 Len=1448 TSval=2916040845 TSecr=3045560620 [TCP segment of a reassembled PDU]"
"57737","36.764553807","192.168.1.55","192.168.1.2","TCP","1514","8004  >  36716 [ACK] Seq=346262 Ack=144 Win=65024 Len=1448 TSval=2916040845 TSecr=3045560620 [TCP segment of a reassembled PDU]"
"57738","36.764555158","192.168.1.55","192.168.1.2","TCP","1514","8004  >  36716 [ACK] Seq=347710 Ack=144 Win=65024 Len=1448 TSval=2916040845 TSecr=3045560620 [TCP segment of a reassembled PDU]"
"57739","36.764556288","192.168.1.55","192.168.1.2","TCP","1514","8004  >  36716 [ACK] Seq=349158 Ack=144 Win=65024 Len=1448 TSval=2916040845 TSecr=3045560620 [TCP segment of a reassembled PDU]"
"57740","36.764557473","192.168.1.55","192.168.1.2","TCP","1514","8004  >  36716 [ACK] Seq=350606 Ack=144 Win=65024 Len=1448 TSval=2916040845 TSecr=3045560620 [TCP segment of a reassembled PDU]"
"57741","36.764559177","192.168.1.55","192.168.1.2","TCP","1514","8004  >  36716 [ACK] Seq=352054 Ack=144 Win=65024 Len=1448 TSval=2916040845 TSecr=3045560620 [TCP segment of a reassembled PDU]"
"57742","36.764560325","192.168.1.55","192.168.1.2","TCP","1514","8004  >  36716 [ACK] Seq=353502 Ack=144 Win=65024 Len=1448 TSval=2916040845 TSecr=3045560620 [TCP segment of a reassembled PDU]"
"57743","36.764561696","192.168.1.55","192.168.1.2","TCP","1514","8004  >  36716 [ACK] Seq=354950 Ack=144 Win=65024 Len=1448 TSval=2916040845 TSecr=3045560620 [TCP segment of a reassembled PDU]"
"57744","36.764562973","192.168.1.55","192.168.1.2","TCP","1514","8004  >  36716 [ACK] Seq=356398 Ack=144 Win=65024 Len=1448 TSval=2916040845 TSecr=3045560620 [TCP segment of a reassembled PDU]"
"57745","36.764564251","192.168.1.55","192.168.1.2","TCP","1514","8004  >  36716 [ACK] Seq=357846 Ack=144 Win=65024 Len=1448 TSval=2916040845 TSecr=3045560620 [TCP segment of a reassembled PDU]"
"57746","36.764565658","192.168.1.55","192.168.1.2","TCP","1514","8004  >  36716 [ACK] Seq=359294 Ack=144 Win=65024 Len=1448 TSval=2916040845 TSecr=3045560620 [TCP segment of a reassembled PDU]"
"57747","36.764566973","192.168.1.55","192.168.1.2","TCP","1514","8004  >  36716 [ACK] Seq=360742 Ack=144 Win=65024 Len=1448 TSval=2916040845 TSecr=3045560620 [TCP segment of a reassembled PDU]"
"57748","36.764568344","192.168.1.55","192.168.1.2","TCP","1514","8004  >  36716 [ACK] Seq=362190 Ack=144 Win=65024 Len=1448 TSval=2916040845 TSecr=3045560620 [TCP segment of a reassembled PDU]"
"57749","36.764569751","192.168.1.55","192.168.1.2","TCP","1514","8004  >  36716 [ACK] Seq=363638 Ack=144 Win=65024 Len=1448 TSval=2916040845 TSecr=3045560620 [TCP segment of a reassembled PDU]"
"57750","36.764570936","192.168.1.55","192.168.1.2","TCP","1514","8004  >  36716 [ACK] Seq=365086 Ack=144 Win=65024 Len=1448 TSval=2916040845 TSecr=3045560620 [TCP segment of a reassembled PDU]"
"57751","36.764572233","192.168.1.55","192.168.1.2","TCP","1514","8004  >  36716 [PSH, ACK] Seq=366534 Ack=144 Win=65024 Len=1448 TSval=2916040845 TSecr=3045560620 [TCP segment of a reassembled PDU]"
"57752","36.764601436","192.168.1.2","192.168.1.55","TCP","66","36716  >  8004 [ACK] Seq=144 Ack=289790 Win=110592 Len=0 TSval=3045560620 TSecr=2916040837"
"57753","36.769631778","192.168.1.2","192.168.1.55","TCP","66","36716  >  8004 [ACK] Seq=144 Ack=294134 Win=128000 Len=0 TSval=3045560624 TSecr=2916040837"
"57754","36.769669278","192.168.1.55","192.168.1.2","TCP","1514","8004  >  36716 [ACK] Seq=367982 Ack=144 Win=65024 Len=1448 TSval=2916040850 TSecr=3045560624 [TCP segment of a reassembled PDU]"
"57755","36.769672296","192.168.1.55","192.168.1.2","TCP","1514","8004  >  36716 [ACK] Seq=369430 Ack=144 Win=65024 Len=1448 TSval=2916040850 TSecr=3045560624 [TCP segment of a reassembled PDU]"
"57756","36.769673593","192.168.1.55","192.168.1.2","TCP","1514","8004  >  36716 [ACK] Seq=370878 Ack=144 Win=65024 Len=1448 TSval=2916040850 TSecr=3045560624 [TCP segment of a reassembled PDU]"
"57757","36.769674741","192.168.1.55","192.168.1.2","TCP","1514","8004  >  36716 [ACK] Seq=372326 Ack=144 Win=65024 Len=1448 TSval=2916040850 TSecr=3045560624 [TCP segment of a reassembled PDU]"
"57758","36.769675907","192.168.1.55","192.168.1.2","TCP","1514","8004  >  36716 [ACK] Seq=373774 Ack=144 Win=65024 Len=1448 TSval=2916040850 TSecr=3045560624 [TCP segment of a reassembled PDU]"
"57759","36.769677074","192.168.1.55","192.168.1.2","TCP","1514","8004  >  36716 [ACK] Seq=375222 Ack=144 Win=65024 Len=1448 TSval=2916040850 TSecr=3045560624 [TCP segment of a reassembled PDU]"
"57760","36.769678333","192.168.1.55","192.168.1.2","TCP","1514","8004  >  36716 [ACK] Seq=376670 Ack=144 Win=65024 Len=1448 TSval=2916040850 TSecr=3045560624 [TCP segment of a reassembled PDU]"
"57761","36.769679519","192.168.1.55","192.168.1.2","TCP","1514","8004  >  36716 [ACK] Seq=378118 Ack=144 Win=65024 Len=1448 TSval=2916040850 TSecr=3045560624 [TCP segment of a reassembled PDU]"
"57762","36.769681000","192.168.1.55","192.168.1.2","TCP","1514","8004  >  36716 [ACK] Seq=379566 Ack=144 Win=65024 Len=1448 TSval=2916040850 TSecr=3045560624 [TCP segment of a reassembled PDU]"
"57763","36.769682259","192.168.1.55","192.168.1.2","TCP","1514","8004  >  36716 [ACK] Seq=381014 Ack=144 Win=65024 Len=1448 TSval=2916040850 TSecr=3045560624 [TCP segment of a reassembled PDU]"
"57764","36.769683389","192.168.1.55","192.168.1.2","TCP","1514","8004  >  36716 [ACK] Seq=382462 Ack=144 Win=65024 Len=1448 TSval=2916040850 TSecr=3045560624 [TCP segment of a reassembled PDU]"
"57765","36.769685000","192.168.1.55","192.168.1.2","TCP","1514","8004  >  36716 [ACK] Seq=383910 Ack=144 Win=65024 Len=1448 TSval=2916040850 TSecr=3045560624 [TCP segment of a reassembled PDU]"
"57766","36.769686130","192.168.1.55","192.168.1.2","TCP","1514","8004  >  36716 [ACK] Seq=385358 Ack=144 Win=65024 Len=1448 TSval=2916040850 TSecr=3045560624 [TCP segment of a reassembled PDU]"
"57767","36.769687333","192.168.1.55","192.168.1.2","TCP","1514","8004  >  36716 [ACK] Seq=386806 Ack=144 Win=65024 Len=1448 TSval=2916040850 TSecr=3045560624 [TCP segment of a reassembled PDU]"
"57768","36.769688852","192.168.1.55","192.168.1.2","TCP","1514","8004  >  36716 [ACK] Seq=388254 Ack=144 Win=65024 Len=1448 TSval=2916040850 TSecr=3045560624 [TCP segment of a reassembled PDU]"
"57769","36.769690074","192.168.1.55","192.168.1.2","TCP","1514","8004  >  36716 [ACK] Seq=389702 Ack=144 Win=65024 Len=1448 TSval=2916040850 TSecr=3045560624 [TCP segment of a reassembled PDU]"
"57770","36.769691204","192.168.1.55","192.168.1.2","TCP","1514","8004  >  36716 [ACK] Seq=391150 Ack=144 Win=65024 Len=1448 TSval=2916040850 TSecr=3045560624 [TCP segment of a reassembled PDU]"
"57771","36.769692352","192.168.1.55","192.168.1.2","TCP","1514","8004  >  36716 [ACK] Seq=392598 Ack=144 Win=65024 Len=1448 TSval=2916040850 TSecr=3045560624 [TCP segment of a reassembled PDU]"
"57772","36.769693556","192.168.1.55","192.168.1.2","TCP","1514","8004  >  36716 [ACK] Seq=394046 Ack=144 Win=65024 Len=1448 TSval=2916040850 TSecr=3045560624 [TCP segment of a reassembled PDU]"
"57773","36.769694796","192.168.1.55","192.168.1.2","TCP","1514","8004  >  36716 [ACK] Seq=395494 Ack=144 Win=65024 Len=1448 TSval=2916040850 TSecr=3045560624 [TCP segment of a reassembled PDU]"
"57774","36.769696093","192.168.1.55","192.168.1.2","TCP","1514","8004  >  36716 [ACK] Seq=396942 Ack=144 Win=65024 Len=1448 TSval=2916040850 TSecr=3045560624 [TCP segment of a reassembled PDU]"
"57775","36.769697278","192.168.1.55","192.168.1.2","TCP","1514","8004  >  36716 [ACK] Seq=398390 Ack=144 Win=65024 Len=1448 TSval=2916040850 TSecr=3045560624 [TCP segment of a reassembled PDU]"
"57776","36.769698445","192.168.1.55","192.168.1.2","TCP","1514","8004  >  36716 [ACK] Seq=399838 Ack=144 Win=65024 Len=1448 TSval=2916040850 TSecr=3045560624 [TCP segment of a reassembled PDU]"
"57777","36.769699963","192.168.1.55","192.168.1.2","TCP","1514","8004  >  36716 [ACK] Seq=401286 Ack=144 Win=65024 Len=1448 TSval=2916040850 TSecr=3045560624 [TCP segment of a reassembled PDU]"
"57778","36.769701296","192.168.1.55","192.168.1.2","TCP","1514","8004  >  36716 [ACK] Seq=402734 Ack=144 Win=65024 Len=1448 TSval=2916040850 TSecr=3045560624 [TCP segment of a reassembled PDU]"
"57779","36.769702556","192.168.1.55","192.168.1.2","TCP","1514","8004  >  36716 [ACK] Seq=404182 Ack=144 Win=65024 Len=1448 TSval=2916040850 TSecr=3045560624 [TCP segment of a reassembled PDU]"
"57780","36.769703704","192.168.1.55","192.168.1.2","TCP","1514","8004  >  36716 [ACK] Seq=405630 Ack=144 Win=65024 Len=1448 TSval=2916040850 TSecr=3045560624 [TCP segment of a reassembled PDU]"
"57781","36.769704870","192.168.1.55","192.168.1.2","TCP","1514","8004  >  36716 [ACK] Seq=407078 Ack=144 Win=65024 Len=1448 TSval=2916040850 TSecr=3045560624 [TCP segment of a reassembled PDU]"
"57782","36.769706019","192.168.1.55","192.168.1.2","TCP","1514","8004  >  36716 [PSH, ACK] Seq=408526 Ack=144 Win=65024 Len=1448 TSval=2916040850 TSecr=3045560624 [TCP segment of a reassembled PDU]"
"57783","36.769767852","192.168.1.2","192.168.1.55","TCP","66","36716  >  8004 [ACK] Seq=144 Ack=299926 Win=133120 Len=0 TSval=3045560624 TSecr=2916040842"
"57784","36.769776519","192.168.1.2","192.168.1.55","TCP","66","36716  >  8004 [ACK] Seq=144 Ack=312958 Win=133120 Len=0 TSval=3045560624 TSecr=2916040844"
"57785","36.769782222","192.168.1.2","192.168.1.55","TCP","66","36716  >  8004 [ACK] Seq=144 Ack=325990 Win=129024 Len=0 TSval=3045560625 TSecr=2916040845"
"57786","36.769812704","192.168.1.55","192.168.1.2","TCP","1514","8004  >  36716 [ACK] Seq=409974 Ack=144 Win=65024 Len=1448 TSval=2916040850 TSecr=3045560625 [TCP segment of a reassembled PDU]"
"57787","36.769814760","192.168.1.55","192.168.1.2","TCP","1514","8004  >  36716 [ACK] Seq=411422 Ack=144 Win=65024 Len=1448 TSval=2916040850 TSecr=3045560625 [TCP segment of a reassembled PDU]"
"57788","36.769815945","192.168.1.55","192.168.1.2","TCP","1514","8004  >  36716 [ACK] Seq=412870 Ack=144 Win=65024 Len=1448 TSval=2916040850 TSecr=3045560625 [TCP segment of a reassembled PDU]"
"57789","36.769817130","192.168.1.55","192.168.1.2","TCP","1514","8004  >  36716 [ACK] Seq=414318 Ack=144 Win=65024 Len=1448 TSval=2916040850 TSecr=3045560625 [TCP segment of a reassembled PDU]"
"57790","36.769818685","192.168.1.55","192.168.1.2","TCP","1514","8004  >  36716 [ACK] Seq=415766 Ack=144 Win=65024 Len=1448 TSval=2916040850 TSecr=3045560625 [TCP segment of a reassembled PDU]"
"57791","36.769820056","192.168.1.55","192.168.1.2","TCP","1514","8004  >  36716 [ACK] Seq=417214 Ack=144 Win=65024 Len=1448 TSval=2916040850 TSecr=3045560625 [TCP segment of a reassembled PDU]"
"57792","36.769821185","192.168.1.55","192.168.1.2","TCP","1514","8004  >  36716 [ACK] Seq=418662 Ack=144 Win=65024 Len=1448 TSval=2916040850 TSecr=3045560625 [TCP segment of a reassembled PDU]"
"57793","36.769822778","192.168.1.55","192.168.1.2","TCP","1514","8004  >  36716 [ACK] Seq=420110 Ack=144 Win=65024 Len=1448 TSval=2916040850 TSecr=3045560625 [TCP segment of a reassembled PDU]"
"57794","36.769823926","192.168.1.55","192.168.1.2","TCP","1514","8004  >  36716 [ACK] Seq=421558 Ack=144 Win=65024 Len=1448 TSval=2916040850 TSecr=3045560625 [TCP segment of a reassembled PDU]"
"57795","36.769825167","192.168.1.55","192.168.1.2","TCP","1514","8004  >  36716 [ACK] Seq=423006 Ack=144 Win=65024 Len=1448 TSval=2916040850 TSecr=3045560625 [TCP segment of a reassembled PDU]"
"57796","36.769826519","192.168.1.55","192.168.1.2","TCP","1514","8004  >  36716 [ACK] Seq=424454 Ack=144 Win=65024 Len=1448 TSval=2916040850 TSecr=3045560625 [TCP segment of a reassembled PDU]"
"57797","36.769827797","192.168.1.55","192.168.1.2","TCP","1514","8004  >  36716 [ACK] Seq=425902 Ack=144 Win=65024 Len=1448 TSval=2916040850 TSecr=3045560625 [TCP segment of a reassembled PDU]"
"57798","36.769828982","192.168.1.55","192.168.1.2","TCP","1514","8004  >  36716 [ACK] Seq=427350 Ack=144 Win=65024 Len=1448 TSval=2916040850 TSecr=3045560625 [TCP segment of a reassembled PDU]"
"57799","36.769830204","192.168.1.55","192.168.1.2","TCP","1514","8004  >  36716 [ACK] Seq=428798 Ack=144 Win=65024 Len=1448 TSval=2916040850 TSecr=3045560625 [TCP segment of a reassembled PDU]"
"57800","36.769831482","192.168.1.55","192.168.1.2","TCP","1514","8004  >  36716 [ACK] Seq=430246 Ack=144 Win=65024 Len=1448 TSval=2916040850 TSecr=3045560625 [TCP segment of a reassembled PDU]"
"57801","36.769833315","192.168.1.55","192.168.1.2","TCP","1514","8004  >  36716 [ACK] Seq=431694 Ack=144 Win=65024 Len=1448 TSval=2916040850 TSecr=3045560625 [TCP segment of a reassembled PDU]"
"57802","36.769834723","192.168.1.55","192.168.1.2","TCP","1514","8004  >  36716 [ACK] Seq=433142 Ack=144 Win=65024 Len=1448 TSval=2916040850 TSecr=3045560625 [TCP segment of a reassembled PDU]"
"57803","36.769836352","192.168.1.55","192.168.1.2","TCP","1514","8004  >  36716 [ACK] Seq=434590 Ack=144 Win=65024 Len=1448 TSval=2916040850 TSecr=3045560625 [TCP segment of a reassembled PDU]"
"57804","36.769837630","192.168.1.55","192.168.1.2","TCP","1514","8004  >  36716 [ACK] Seq=436038 Ack=144 Win=65024 Len=1448 TSval=2916040850 TSecr=3045560625 [TCP segment of a reassembled PDU]"
"57805","36.769838815","192.168.1.55","192.168.1.2","TCP","1514","8004  >  36716 [ACK] Seq=437486 Ack=144 Win=65024 Len=1448 TSval=2916040850 TSecr=3045560625 [TCP segment of a reassembled PDU]"
"57806","36.769840037","192.168.1.55","192.168.1.2","TCP","1514","8004  >  36716 [ACK] Seq=438934 Ack=144 Win=65024 Len=1448 TSval=2916040850 TSecr=3045560625 [TCP segment of a reassembled PDU]"
"57807","36.769841241","192.168.1.55","192.168.1.2","TCP","1514","8004  >  36716 [ACK] Seq=440382 Ack=144 Win=65024 Len=1448 TSval=2916040850 TSecr=3045560625 [TCP segment of a reassembled PDU]"
"57808","36.769842500","192.168.1.55","192.168.1.2","TCP","1514","8004  >  36716 [ACK] Seq=441830 Ack=144 Win=65024 Len=1448 TSval=2916040850 TSecr=3045560625 [TCP segment of a reassembled PDU]"
"57809","36.769843760","192.168.1.55","192.168.1.2","TCP","1514","8004  >  36716 [ACK] Seq=443278 Ack=144 Win=65024 Len=1448 TSval=2916040850 TSecr=3045560625 [TCP segment of a reassembled PDU]"
"57810","36.769845056","192.168.1.55","192.168.1.2","TCP","1514","8004  >  36716 [ACK] Seq=444726 Ack=144 Win=65024 Len=1448 TSval=2916040850 TSecr=3045560625 [TCP segment of a reassembled PDU]"
"57811","36.769846260","192.168.1.55","192.168.1.2","TCP","1514","8004  >  36716 [ACK] Seq=446174 Ack=144 Win=65024 Len=1448 TSval=2916040850 TSecr=3045560625 [TCP segment of a reassembled PDU]"
"57812","36.769847445","192.168.1.55","192.168.1.2","TCP","1514","8004  >  36716 [ACK] Seq=447622 Ack=144 Win=65024 Len=1448 TSval=2916040850 TSecr=3045560625 [TCP segment of a reassembled PDU]"
"57813","36.769848574","192.168.1.55","192.168.1.2","TCP","1514","8004  >  36716 [ACK] Seq=449070 Ack=144 Win=65024 Len=1448 TSval=2916040850 TSecr=3045560625 [TCP segment of a reassembled PDU]"
"57814","36.769849834","192.168.1.55","192.168.1.2","TCP","1514","8004  >  36716 [PSH, ACK] Seq=450518 Ack=144 Win=65024 Len=1448 TSval=2916040850 TSecr=3045560625 [TCP segment of a reassembled PDU]"
"57815","36.769903574","192.168.1.2","192.168.1.55","TCP","66","36716  >  8004 [ACK] Seq=144 Ack=363638 Win=129024 Len=0 TSval=3045560625 TSecr=2916040845"
"57816","36.769912556","192.168.1.2","192.168.1.55","TCP","66","36716  >  8004 [ACK] Seq=144 Ack=365086 Win=136192 Len=0 TSval=3045560625 TSecr=2916040845"
"57817","36.769951797","192.168.1.55","192.168.1.2","TCP","1514","8004  >  36716 [ACK] Seq=451966 Ack=144 Win=65024 Len=1448 TSval=2916040850 TSecr=3045560625 [TCP segment of a reassembled PDU]"
"57818","36.769954075","192.168.1.55","192.168.1.2","TCP","1514","8004  >  36716 [ACK] Seq=453414 Ack=144 Win=65024 Len=1448 TSval=2916040850 TSecr=3045560625 [TCP segment of a reassembled PDU]"
"57819","36.769955445","192.168.1.55","192.168.1.2","TCP","1514","8004  >  36716 [ACK] Seq=454862 Ack=144 Win=65024 Len=1448 TSval=2916040850 TSecr=3045560625 [TCP segment of a reassembled PDU]"
"57820","36.769956760","192.168.1.55","192.168.1.2","TCP","1514","8004  >  36716 [ACK] Seq=456310 Ack=144 Win=65024 Len=1448 TSval=2916040850 TSecr=3045560625 [TCP segment of a reassembled PDU]"
"57821","36.769958149","192.168.1.55","192.168.1.2","TCP","1514","8004  >  36716 [ACK] Seq=457758 Ack=144 Win=65024 Len=1448 TSval=2916040850 TSecr=3045560625 [TCP segment of a reassembled PDU]"
"57822","36.769959482","192.168.1.55","192.168.1.2","TCP","1514","8004  >  36716 [ACK] Seq=459206 Ack=144 Win=65024 Len=1448 TSval=2916040850 TSecr=3045560625 [TCP segment of a reassembled PDU]"
"57823","36.769960778","192.168.1.55","192.168.1.2","TCP","1514","8004  >  36716 [ACK] Seq=460654 Ack=144 Win=65024 Len=1448 TSval=2916040850 TSecr=3045560625 [TCP segment of a reassembled PDU]"
"57824","36.769962186","192.168.1.55","192.168.1.2","TCP","1514","8004  >  36716 [ACK] Seq=462102 Ack=144 Win=65024 Len=1448 TSval=2916040850 TSecr=3045560625 [TCP segment of a reassembled PDU]"
"57825","36.769963815","192.168.1.55","192.168.1.2","TCP","1514","8004  >  36716 [ACK] Seq=463550 Ack=144 Win=65024 Len=1448 TSval=2916040850 TSecr=3045560625 [TCP segment of a reassembled PDU]"
"57826","36.769965241","192.168.1.55","192.168.1.2","TCP","1514","8004  >  36716 [ACK] Seq=464998 Ack=144 Win=65024 Len=1448 TSval=2916040850 TSecr=3045560625 [TCP segment of a reassembled PDU]"
"57827","36.769966760","192.168.1.55","192.168.1.2","TCP","1514","8004  >  36716 [ACK] Seq=466446 Ack=144 Win=65024 Len=1448 TSval=2916040850 TSecr=3045560625 [TCP segment of a reassembled PDU]"
"57828","36.769968167","192.168.1.55","192.168.1.2","TCP","1514","8004  >  36716 [ACK] Seq=467894 Ack=144 Win=65024 Len=1448 TSval=2916040850 TSecr=3045560625 [TCP segment of a reassembled PDU]"
"57829","36.769969538","192.168.1.55","192.168.1.2","TCP","1514","8004  >  36716 [ACK] Seq=469342 Ack=144 Win=65024 Len=1448 TSval=2916040850 TSecr=3045560625 [TCP segment of a reassembled PDU]"
"57830","36.769970889","192.168.1.55","192.168.1.2","TCP","1514","8004  >  36716 [ACK] Seq=470790 Ack=144 Win=65024 Len=1448 TSval=2916040850 TSecr=3045560625 [TCP segment of a reassembled PDU]"
"57831","36.769972352","192.168.1.55","192.168.1.2","TCP","1514","8004  >  36716 [ACK] Seq=472238 Ack=144 Win=65024 Len=1448 TSval=2916040850 TSecr=3045560625 [TCP segment of a reassembled PDU]"
"57832","36.769973649","192.168.1.55","192.168.1.2","TCP","1514","8004  >  36716 [ACK] Seq=473686 Ack=144 Win=65024 Len=1448 TSval=2916040850 TSecr=3045560625 [TCP segment of a reassembled PDU]"
"57833","36.769974963","192.168.1.55","192.168.1.2","TCP","1514","8004  >  36716 [ACK] Seq=475134 Ack=144 Win=65024 Len=1448 TSval=2916040850 TSecr=3045560625 [TCP segment of a reassembled PDU]"
"57834","36.769976334","192.168.1.55","192.168.1.2","TCP","1514","8004  >  36716 [ACK] Seq=476582 Ack=144 Win=65024 Len=1448 TSval=2916040850 TSecr=3045560625 [TCP segment of a reassembled PDU]"
"57835","36.769977686","192.168.1.55","192.168.1.2","TCP","1514","8004  >  36716 [ACK] Seq=478030 Ack=144 Win=65024 Len=1448 TSval=2916040850 TSecr=3045560625 [TCP segment of a reassembled PDU]"
"57836","36.769978982","192.168.1.55","192.168.1.2","TCP","1514","8004  >  36716 [ACK] Seq=479478 Ack=144 Win=65024 Len=1448 TSval=2916040850 TSecr=3045560625 [TCP segment of a reassembled PDU]"
"57837","36.769980371","192.168.1.55","192.168.1.2","TCP","1514","8004  >  36716 [ACK] Seq=480926 Ack=144 Win=65024 Len=1448 TSval=2916040850 TSecr=3045560625 [TCP segment of a reassembled PDU]"
"57838","36.769981741","192.168.1.55","192.168.1.2","TCP","1514","8004  >  36716 [ACK] Seq=482374 Ack=144 Win=65024 Len=1448 TSval=2916040850 TSecr=3045560625 [TCP segment of a reassembled PDU]"
"57839","36.769983149","192.168.1.55","192.168.1.2","TCP","1514","8004  >  36716 [ACK] Seq=483822 Ack=144 Win=65024 Len=1448 TSval=2916040850 TSecr=3045560625 [TCP segment of a reassembled PDU]"
"57840","36.769984519","192.168.1.55","192.168.1.2","TCP","1514","8004  >  36716 [ACK] Seq=485270 Ack=144 Win=65024 Len=1448 TSval=2916040850 TSecr=3045560625 [TCP segment of a reassembled PDU]"
"57841","36.769985834","192.168.1.55","192.168.1.2","TCP","1514","8004  >  36716 [ACK] Seq=486718 Ack=144 Win=65024 Len=1448 TSval=2916040850 TSecr=3045560625 [TCP segment of a reassembled PDU]"
"57842","36.769987426","192.168.1.55","192.168.1.2","TCP","1514","8004  >  36716 [ACK] Seq=488166 Ack=144 Win=65024 Len=1448 TSval=2916040850 TSecr=3045560625 [TCP segment of a reassembled PDU]"
"57843","36.769988834","192.168.1.55","192.168.1.2","TCP","1514","8004  >  36716 [ACK] Seq=489614 Ack=144 Win=65024 Len=1448 TSval=2916040850 TSecr=3045560625 [TCP segment of a reassembled PDU]"
"57844","36.769990260","192.168.1.55","192.168.1.2","TCP","1514","8004  >  36716 [ACK] Seq=491062 Ack=144 Win=65024 Len=1448 TSval=2916040850 TSecr=3045560625 [TCP segment of a reassembled PDU]"
"57845","36.769991612","192.168.1.55","192.168.1.2","TCP","1514","8004  >  36716 [PSH, ACK] Seq=492510 Ack=144 Win=65024 Len=1448 TSval=2916040850 TSecr=3045560625 [TCP segment of a reassembled PDU]"
"57846","36.770022167","192.168.1.2","192.168.1.55","TCP","66","36716  >  8004 [ACK] Seq=144 Ack=367982 Win=142336 Len=0 TSval=3045560625 TSecr=2916040845"
"57847","36.771212077","192.168.1.55","192.168.1.2","TCP","1514","8004  >  36716 [ACK] Seq=493958 Ack=144 Win=65024 Len=1448 TSval=2916040851 TSecr=3045560625 [TCP segment of a reassembled PDU]"
"57848","36.771214651","192.168.1.55","192.168.1.2","TCP","1514","8004  >  36716 [ACK] Seq=495406 Ack=144 Win=65024 Len=1448 TSval=2916040851 TSecr=3045560625 [TCP segment of a reassembled PDU]"
"57849","36.771215984","192.168.1.55","192.168.1.2","TCP","1514","8004  >  36716 [ACK] Seq=496854 Ack=144 Win=65024 Len=1448 TSval=2916040851 TSecr=3045560625 [TCP segment of a reassembled PDU]"
"57850","36.771217410","192.168.1.55","192.168.1.2","HTTP","222","HTTP/1.0 200 OK  (PNG)"
"57851","36.778623718","192.168.1.2","192.168.1.55","TCP","66","36716  >  8004 [ACK] Seq=144 Ack=409974 Win=123904 Len=0 TSval=3045560633 TSecr=2916040850"
"57852","36.778802181","192.168.1.2","192.168.1.55","TCP","66","36716  >  8004 [ACK] Seq=144 Ack=451966 Win=86016 Len=0 TSval=3045560633 TSecr=2916040850"
"57853","36.778809089","192.168.1.2","192.168.1.55","TCP","66","36716  >  8004 [ACK] Seq=144 Ack=493958 Win=88064 Len=0 TSval=3045560633 TSecr=2916040850"
"57854","36.778815015","192.168.1.2","192.168.1.55","TCP","66","36716  >  8004 [ACK] Seq=144 Ack=496854 Win=86016 Len=0 TSval=3045560634 TSecr=2916040851"
"57855","36.778820052","192.168.1.2","192.168.1.55","TCP","66","36716  >  8004 [ACK] Seq=144 Ack=498302 Win=145408 Len=0 TSval=3045560634 TSecr=2916040851"
"57856","36.780524610","192.168.1.2","192.168.1.55","TCP","66","36716  >  8004 [FIN, ACK] Seq=144 Ack=498459 Win=147456 Len=0 TSval=3045560635 TSecr=2916040851"
"57857","36.780538425","192.168.1.55","192.168.1.2","TCP","66","8004  >  36716 [ACK] Seq=498459 Ack=145 Win=65024 Len=0 TSval=2916040861 TSecr=3045560635"
"57858","36.780651721","192.168.1.2","192.168.1.55","TCP","74","36720  >  8004 [SYN] Seq=0 Win=64240 Len=0 MSS=1460 SACK_PERM TSval=3045560635 TSecr=0 WS=1024"
"57859","36.780675684","192.168.1.55","192.168.1.2","TCP","74","8004  >  36720 [SYN, ACK] Seq=0 Ack=1 Win=65160 Len=0 MSS=1460 SACK_PERM TSval=2916040861 TSecr=3045560635 WS=128"
"57860","36.783809764","192.168.1.2","192.168.1.55","TCP","66","36720  >  8004 [ACK] Seq=1 Ack=1 Win=64512 Len=0 TSval=3045560638 TSecr=2916040861"
"57861","36.787025250","192.168.1.2","192.168.1.55","HTTP","206","GET /stego_benchmark.png HTTP/1.1 "
"57862","36.787036232","192.168.1.55","192.168.1.2","TCP","66","8004  >  36720 [ACK] Seq=1 Ack=141 Win=65024 Len=0 TSval=2916040867 TSecr=3045560638"
"57863","36.787554733","192.168.1.55","192.168.1.2","TCP","255","8004  >  36720 [PSH, ACK] Seq=1 Ack=141 Win=65024 Len=189 TSval=2916040868 TSecr=3045560638 [TCP segment of a reassembled PDU]"
"57864","36.787632918","192.168.1.55","192.168.1.2","TCP","1514","8004  >  36720 [ACK] Seq=190 Ack=141 Win=65024 Len=1448 TSval=2916040868 TSecr=3045560638 [TCP segment of a reassembled PDU]"
"57865","36.787637677","192.168.1.55","192.168.1.2","TCP","1514","8004  >  36720 [ACK] Seq=1638 Ack=141 Win=65024 Len=1448 TSval=2916040868 TSecr=3045560638 [TCP segment of a reassembled PDU]"
"57866","36.787639418","192.168.1.55","192.168.1.2","TCP","1514","8004  >  36720 [ACK] Seq=3086 Ack=141 Win=65024 Len=1448 TSval=2916040868 TSecr=3045560638 [TCP segment of a reassembled PDU]"
"57867","36.787640936","192.168.1.55","192.168.1.2","TCP","1514","8004  >  36720 [ACK] Seq=4534 Ack=141 Win=65024 Len=1448 TSval=2916040868 TSecr=3045560638 [TCP segment of a reassembled PDU]"
"57868","36.787642807","192.168.1.55","192.168.1.2","TCP","1514","8004  >  36720 [PSH, ACK] Seq=5982 Ack=141 Win=65024 Len=1448 TSval=2916040868 TSecr=3045560638 [TCP segment of a reassembled PDU]"
"57869","36.787658733","192.168.1.55","192.168.1.2","TCP","1514","8004  >  36720 [ACK] Seq=7430 Ack=141 Win=65024 Len=1448 TSval=2916040868 TSecr=3045560638 [TCP segment of a reassembled PDU]"
"57870","36.787660640","192.168.1.55","192.168.1.2","TCP","1514","8004  >  36720 [ACK] Seq=8878 Ack=141 Win=65024 Len=1448 TSval=2916040868 TSecr=3045560638 [TCP segment of a reassembled PDU]"
"57871","36.787662177","192.168.1.55","192.168.1.2","TCP","1514","8004  >  36720 [ACK] Seq=10326 Ack=141 Win=65024 Len=1448 TSval=2916040868 TSecr=3045560638 [TCP segment of a reassembled PDU]"
"57872","36.787663585","192.168.1.55","192.168.1.2","TCP","1514","8004  >  36720 [PSH, ACK] Seq=11774 Ack=141 Win=65024 Len=1448 TSval=2916040868 TSecr=3045560638 [TCP segment of a reassembled PDU]"
"57873","36.793408205","192.168.1.2","192.168.1.55","TCP","66","36720  >  8004 [ACK] Seq=141 Ack=190 Win=64512 Len=0 TSval=3045560646 TSecr=2916040868"
"57874","36.793455298","192.168.1.55","192.168.1.2","TCP","1514","8004  >  36720 [ACK] Seq=13222 Ack=141 Win=65024 Len=1448 TSval=2916040874 TSecr=3045560646 [TCP segment of a reassembled PDU]"
"57875","36.793460705","192.168.1.55","192.168.1.2","TCP","1514","8004  >  36720 [PSH, ACK] Seq=14670 Ack=141 Win=65024 Len=1448 TSval=2916040874 TSecr=3045560646 [TCP segment of a reassembled PDU]"
"57876","36.793530224","192.168.1.2","192.168.1.55","TCP","66","36720  >  8004 [ACK] Seq=141 Ack=7430 Win=79872 Len=0 TSval=3045560646 TSecr=2916040868"
"57877","36.793560150","192.168.1.55","192.168.1.2","TCP","1514","8004  >  36720 [ACK] Seq=16118 Ack=141 Win=65024 Len=1448 TSval=2916040874 TSecr=3045560646 [TCP segment of a reassembled PDU]"
"57878","36.793562539","192.168.1.55","192.168.1.2","TCP","1514","8004  >  36720 [ACK] Seq=17566 Ack=141 Win=65024 Len=1448 TSval=2916040874 TSecr=3045560646 [TCP segment of a reassembled PDU]"
"57879","36.793563798","192.168.1.55","192.168.1.2","TCP","1514","8004  >  36720 [ACK] Seq=19014 Ack=141 Win=65024 Len=1448 TSval=2916040874 TSecr=3045560646 [TCP segment of a reassembled PDU]"
"57880","36.793565187","192.168.1.55","192.168.1.2","TCP","1514","8004  >  36720 [ACK] Seq=20462 Ack=141 Win=65024 Len=1448 TSval=2916040874 TSecr=3045560646 [TCP segment of a reassembled PDU]"
"57881","36.793566872","192.168.1.55","192.168.1.2","TCP","1514","8004  >  36720 [ACK] Seq=21910 Ack=141 Win=65024 Len=1448 TSval=2916040874 TSecr=3045560646 [TCP segment of a reassembled PDU]"
"57882","36.793568520","192.168.1.55","192.168.1.2","TCP","1514","8004  >  36720 [ACK] Seq=23358 Ack=141 Win=65024 Len=1448 TSval=2916040874 TSecr=3045560646 [TCP segment of a reassembled PDU]"
"57883","36.793569983","192.168.1.55","192.168.1.2","TCP","1514","8004  >  36720 [ACK] Seq=24806 Ack=141 Win=65024 Len=1448 TSval=2916040874 TSecr=3045560646 [TCP segment of a reassembled PDU]"
"57884","36.793571279","192.168.1.55","192.168.1.2","TCP","1514","8004  >  36720 [PSH, ACK] Seq=26254 Ack=141 Win=65024 Len=1448 TSval=2916040874 TSecr=3045560646 [TCP segment of a reassembled PDU]"
"57885","36.793576187","192.168.1.2","192.168.1.55","TCP","66","36720  >  8004 [ACK] Seq=141 Ack=13222 Win=81920 Len=0 TSval=3045560646 TSecr=2916040868"
"57886","36.793602131","192.168.1.55","192.168.1.2","TCP","1514","8004  >  36720 [ACK] Seq=27702 Ack=141 Win=65024 Len=1448 TSval=2916040874 TSecr=3045560646 [TCP segment of a reassembled PDU]"
"57887","36.793604428","192.168.1.55","192.168.1.2","TCP","1514","8004  >  36720 [ACK] Seq=29150 Ack=141 Win=65024 Len=1448 TSval=2916040874 TSecr=3045560646 [TCP segment of a reassembled PDU]"
"57888","36.793605816","192.168.1.55","192.168.1.2","TCP","1514","8004  >  36720 [ACK] Seq=30598 Ack=141 Win=65024 Len=1448 TSval=2916040874 TSecr=3045560646 [TCP segment of a reassembled PDU]"
"57889","36.793607409","192.168.1.55","192.168.1.2","TCP","1514","8004  >  36720 [ACK] Seq=32046 Ack=141 Win=65024 Len=1448 TSval=2916040874 TSecr=3045560646 [TCP segment of a reassembled PDU]"
"57890","36.793609113","192.168.1.55","192.168.1.2","TCP","1514","8004  >  36720 [ACK] Seq=33494 Ack=141 Win=65024 Len=1448 TSval=2916040874 TSecr=3045560646 [TCP segment of a reassembled PDU]"
"57891","36.793610891","192.168.1.55","192.168.1.2","TCP","1514","8004  >  36720 [ACK] Seq=34942 Ack=141 Win=65024 Len=1448 TSval=2916040874 TSecr=3045560646 [TCP segment of a reassembled PDU]"
"57892","36.793612557","192.168.1.55","192.168.1.2","TCP","1514","8004  >  36720 [ACK] Seq=36390 Ack=141 Win=65024 Len=1448 TSval=2916040874 TSecr=3045560646 [TCP segment of a reassembled PDU]"
"57893","36.793614428","192.168.1.55","192.168.1.2","TCP","1514","8004  >  36720 [ACK] Seq=37838 Ack=141 Win=65024 Len=1448 TSval=2916040874 TSecr=3045560646 [TCP segment of a reassembled PDU]"
"57894","36.793615909","192.168.1.55","192.168.1.2","TCP","1514","8004  >  36720 [ACK] Seq=39286 Ack=141 Win=65024 Len=1448 TSval=2916040874 TSecr=3045560646 [TCP segment of a reassembled PDU]"
"57895","36.793617131","192.168.1.55","192.168.1.2","TCP","1514","8004  >  36720 [PSH, ACK] Seq=40734 Ack=141 Win=65024 Len=1448 TSval=2916040874 TSecr=3045560646 [TCP segment of a reassembled PDU]"
"57896","36.798308898","192.168.1.2","192.168.1.55","TCP","66","36720  >  8004 [ACK] Seq=141 Ack=16118 Win=88064 Len=0 TSval=3045560652 TSecr=2916040874"
"57897","36.798327935","192.168.1.55","192.168.1.2","TCP","1514","8004  >  36720 [ACK] Seq=42182 Ack=141 Win=65024 Len=1448 TSval=2916040879 TSecr=3045560652 [TCP segment of a reassembled PDU]"
"57898","36.798332806","192.168.1.55","192.168.1.2","TCP","1514","8004  >  36720 [PSH, ACK] Seq=43630 Ack=141 Win=65024 Len=1448 TSval=2916040879 TSecr=3045560652 [TCP segment of a reassembled PDU]"
"57899","36.798598010","192.168.1.2","192.168.1.55","TCP","66","36720  >  8004 [ACK] Seq=141 Ack=27702 Win=84992 Len=0 TSval=3045560652 TSecr=2916040874"
"57900","36.798636325","192.168.1.55","192.168.1.2","TCP","1514","8004  >  36720 [ACK] Seq=45078 Ack=141 Win=65024 Len=1448 TSval=2916040879 TSecr=3045560652 [TCP segment of a reassembled PDU]"
"57901","36.798638139","192.168.1.55","192.168.1.2","TCP","1514","8004  >  36720 [ACK] Seq=46526 Ack=141 Win=65024 Len=1448 TSval=2916040879 TSecr=3045560652 [TCP segment of a reassembled PDU]"
"57902","36.798639343","192.168.1.55","192.168.1.2","TCP","1514","8004  >  36720 [ACK] Seq=47974 Ack=141 Win=65024 Len=1448 TSval=2916040879 TSecr=3045560652 [TCP segment of a reassembled PDU]"
"57903","36.798640862","192.168.1.55","192.168.1.2","TCP","1514","8004  >  36720 [ACK] Seq=49422 Ack=141 Win=65024 Len=1448 TSval=2916040879 TSecr=3045560652 [TCP segment of a reassembled PDU]"
"57904","36.798642269","192.168.1.55","192.168.1.2","TCP","1514","8004  >  36720 [ACK] Seq=50870 Ack=141 Win=65024 Len=1448 TSval=2916040879 TSecr=3045560652 [TCP segment of a reassembled PDU]"
"57905","36.798644176","192.168.1.55","192.168.1.2","TCP","1514","8004  >  36720 [ACK] Seq=52318 Ack=141 Win=65024 Len=1448 TSval=2916040879 TSecr=3045560652 [TCP segment of a reassembled PDU]"
"57906","36.798646658","192.168.1.55","192.168.1.2","TCP","1514","8004  >  36720 [ACK] Seq=53766 Ack=141 Win=65024 Len=1448 TSval=2916040879 TSecr=3045560652 [TCP segment of a reassembled PDU]"
"57907","36.798648695","192.168.1.55","192.168.1.2","TCP","1514","8004  >  36720 [ACK] Seq=55214 Ack=141 Win=65024 Len=1448 TSval=2916040879 TSecr=3045560652 [TCP segment of a reassembled PDU]"
"57908","36.798650121","192.168.1.55","192.168.1.2","TCP","1514","8004  >  36720 [ACK] Seq=56662 Ack=141 Win=65024 Len=1448 TSval=2916040879 TSecr=3045560652 [TCP segment of a reassembled PDU]"
"57909","36.798651565","192.168.1.55","192.168.1.2","TCP","1514","8004  >  36720 [ACK] Seq=58110 Ack=141 Win=65024 Len=1448 TSval=2916040879 TSecr=3045560652 [TCP segment of a reassembled PDU]"
"57910","36.798652917","192.168.1.55","192.168.1.2","TCP","1514","8004  >  36720 [ACK] Seq=59558 Ack=141 Win=65024 Len=1448 TSval=2916040879 TSecr=3045560652 [TCP segment of a reassembled PDU]"
"57911","36.798654213","192.168.1.55","192.168.1.2","TCP","1514","8004  >  36720 [ACK] Seq=61006 Ack=141 Win=65024 Len=1448 TSval=2916040879 TSecr=3045560652 [TCP segment of a reassembled PDU]"
"57912","36.798656269","192.168.1.55","192.168.1.2","TCP","1514","8004  >  36720 [ACK] Seq=62454 Ack=141 Win=65024 Len=1448 TSval=2916040879 TSecr=3045560652 [TCP segment of a reassembled PDU]"
"57913","36.798658510","192.168.1.55","192.168.1.2","TCP","1514","8004  >  36720 [ACK] Seq=63902 Ack=141 Win=65024 Len=1448 TSval=2916040879 TSecr=3045560652 [TCP segment of a reassembled PDU]"
"57914","36.798660195","192.168.1.55","192.168.1.2","TCP","1514","8004  >  36720 [PSH, ACK] Seq=65350 Ack=141 Win=65024 Len=1448 TSval=2916040879 TSecr=3045560652 [TCP segment of a reassembled PDU]"
"57915","36.798665602","192.168.1.2","192.168.1.55","TCP","66","36720  >  8004 [ACK] Seq=141 Ack=36390 Win=76800 Len=0 TSval=3045560652 TSecr=2916040874"
"57916","36.798685325","192.168.1.55","192.168.1.2","TCP","1514","8004  >  36720 [ACK] Seq=66798 Ack=141 Win=65024 Len=1448 TSval=2916040879 TSecr=3045560652 [TCP segment of a reassembled PDU]"
"57917","36.798687214","192.168.1.55","192.168.1.2","TCP","1514","8004  >  36720 [ACK] Seq=68246 Ack=141 Win=65024 Len=1448 TSval=2916040879 TSecr=3045560652 [TCP segment of a reassembled PDU]"
"57918","36.798688491","192.168.1.55","192.168.1.2","TCP","1514","8004  >  36720 [ACK] Seq=69694 Ack=141 Win=65024 Len=1448 TSval=2916040879 TSecr=3045560652 [TCP segment of a reassembled PDU]"
"57919","36.798689825","192.168.1.55","192.168.1.2","TCP","1514","8004  >  36720 [ACK] Seq=71142 Ack=141 Win=65024 Len=1448 TSval=2916040879 TSecr=3045560652 [TCP segment of a reassembled PDU]"
"57920","36.798691121","192.168.1.55","192.168.1.2","TCP","1514","8004  >  36720 [ACK] Seq=72590 Ack=141 Win=65024 Len=1448 TSval=2916040879 TSecr=3045560652 [TCP segment of a reassembled PDU]"
"57921","36.798693047","192.168.1.55","192.168.1.2","TCP","1514","8004  >  36720 [ACK] Seq=74038 Ack=141 Win=65024 Len=1448 TSval=2916040879 TSecr=3045560652 [TCP segment of a reassembled PDU]"
"57922","36.798694491","192.168.1.55","192.168.1.2","TCP","1514","8004  >  36720 [PSH, ACK] Seq=75486 Ack=141 Win=65024 Len=1448 TSval=2916040879 TSecr=3045560652 [TCP segment of a reassembled PDU]"
"57923","36.798701454","192.168.1.2","192.168.1.55","TCP","66","36720  >  8004 [ACK] Seq=141 Ack=39286 Win=74752 Len=0 TSval=3045560652 TSecr=2916040874"
"57924","36.798706769","192.168.1.2","192.168.1.55","TCP","66","36720  >  8004 [ACK] Seq=141 Ack=42182 Win=93184 Len=0 TSval=3045560653 TSecr=2916040874"
"57925","36.798809140","192.168.1.55","192.168.1.2","TCP","1514","8004  >  36720 [ACK] Seq=76934 Ack=141 Win=65024 Len=1448 TSval=2916040879 TSecr=3045560653 [TCP segment of a reassembled PDU]"
"57926","36.798826992","192.168.1.55","192.168.1.2","TCP","1514","8004  >  36720 [ACK] Seq=78382 Ack=141 Win=65024 Len=1448 TSval=2916040879 TSecr=3045560653 [TCP segment of a reassembled PDU]"
"57927","36.798828992","192.168.1.55","192.168.1.2","TCP","1514","8004  >  36720 [ACK] Seq=79830 Ack=141 Win=65024 Len=1448 TSval=2916040879 TSecr=3045560653 [TCP segment of a reassembled PDU]"
"57928","36.798830473","192.168.1.55","192.168.1.2","TCP","1514","8004  >  36720 [ACK] Seq=81278 Ack=141 Win=65024 Len=1448 TSval=2916040879 TSecr=3045560653 [TCP segment of a reassembled PDU]"
"57929","36.798832010","192.168.1.55","192.168.1.2","TCP","1514","8004  >  36720 [ACK] Seq=82726 Ack=141 Win=65024 Len=1448 TSval=2916040879 TSecr=3045560653 [TCP segment of a reassembled PDU]"
"57930","36.798833399","192.168.1.55","192.168.1.2","TCP","1514","8004  >  36720 [ACK] Seq=84174 Ack=141 Win=65024 Len=1448 TSval=2916040879 TSecr=3045560653 [TCP segment of a reassembled PDU]"
"57931","36.798835140","192.168.1.55","192.168.1.2","TCP","1514","8004  >  36720 [ACK] Seq=85622 Ack=141 Win=65024 Len=1448 TSval=2916040879 TSecr=3045560653 [TCP segment of a reassembled PDU]"
"57932","36.798837103","192.168.1.55","192.168.1.2","TCP","1514","8004  >  36720 [ACK] Seq=87070 Ack=141 Win=65024 Len=1448 TSval=2916040879 TSecr=3045560653 [TCP segment of a reassembled PDU]"
"57933","36.798838658","192.168.1.55","192.168.1.2","TCP","1514","8004  >  36720 [ACK] Seq=88518 Ack=141 Win=65024 Len=1448 TSval=2916040879 TSecr=3045560653 [TCP segment of a reassembled PDU]"
"57934","36.798839899","192.168.1.55","192.168.1.2","TCP","1514","8004  >  36720 [ACK] Seq=89966 Ack=141 Win=65024 Len=1448 TSval=2916040879 TSecr=3045560653 [TCP segment of a reassembled PDU]"
"57935","36.798841492","192.168.1.55","192.168.1.2","TCP","1514","8004  >  36720 [ACK] Seq=91414 Ack=141 Win=65024 Len=1448 TSval=2916040879 TSecr=3045560653 [TCP segment of a reassembled PDU]"
"57936","36.798843047","192.168.1.55","192.168.1.2","TCP","1514","8004  >  36720 [ACK] Seq=92862 Ack=141 Win=65024 Len=1448 TSval=2916040879 TSecr=3045560653 [TCP segment of a reassembled PDU]"
"57937","36.798845232","192.168.1.55","192.168.1.2","TCP","1514","8004  >  36720 [ACK] Seq=94310 Ack=141 Win=65024 Len=1448 TSval=2916040879 TSecr=3045560653 [TCP segment of a reassembled PDU]"
"57938","36.798847195","192.168.1.55","192.168.1.2","TCP","1514","8004  >  36720 [ACK] Seq=95758 Ack=141 Win=65024 Len=1448 TSval=2916040879 TSecr=3045560653 [TCP segment of a reassembled PDU]"
"57939","36.798848899","192.168.1.55","192.168.1.2","TCP","1514","8004  >  36720 [ACK] Seq=97206 Ack=141 Win=65024 Len=1448 TSval=2916040879 TSecr=3045560653 [TCP segment of a reassembled PDU]"
"57940","36.798850418","192.168.1.55","192.168.1.2","TCP","1514","8004  >  36720 [PSH, ACK] Seq=98654 Ack=141 Win=65024 Len=1448 TSval=2916040879 TSecr=3045560653 [TCP segment of a reassembled PDU]"
"57941","36.803888889","192.168.1.2","192.168.1.55","TCP","66","36720  >  8004 [ACK] Seq=141 Ack=45078 Win=91136 Len=0 TSval=3045560658 TSecr=2916040879"
"57942","36.803926148","192.168.1.55","192.168.1.2","TCP","1514","8004  >  36720 [ACK] Seq=100102 Ack=141 Win=65024 Len=1448 TSval=2916040884 TSecr=3045560658 [TCP segment of a reassembled PDU]"
"57943","36.803930574","192.168.1.55","192.168.1.2","TCP","1514","8004  >  36720 [ACK] Seq=101550 Ack=141 Win=65024 Len=1448 TSval=2916040884 TSecr=3045560658 [TCP segment of a reassembled PDU]"
"57944","36.803931907","192.168.1.55","192.168.1.2","TCP","1514","8004  >  36720 [ACK] Seq=102998 Ack=141 Win=65024 Len=1448 TSval=2916040884 TSecr=3045560658 [TCP segment of a reassembled PDU]"
"57945","36.803933111","192.168.1.55","192.168.1.2","TCP","1514","8004  >  36720 [PSH, ACK] Seq=104446 Ack=141 Win=65024 Len=1448 TSval=2916040884 TSecr=3045560658 [TCP segment of a reassembled PDU]"
"57946","36.804208278","192.168.1.2","192.168.1.55","TCP","66","36720  >  8004 [ACK] Seq=141 Ack=66798 Win=75776 Len=0 TSval=3045560658 TSecr=2916040879"
"57947","36.804228297","192.168.1.55","192.168.1.2","TCP","1514","8004  >  36720 [ACK] Seq=105894 Ack=141 Win=65024 Len=1448 TSval=2916040884 TSecr=3045560658 [TCP segment of a reassembled PDU]"
"57948","36.804230352","192.168.1.55","192.168.1.2","TCP","1514","8004  >  36720 [ACK] Seq=107342 Ack=141 Win=65024 Len=1448 TSval=2916040884 TSecr=3045560658 [TCP segment of a reassembled PDU]"
"57949","36.804231574","192.168.1.55","192.168.1.2","TCP","1514","8004  >  36720 [ACK] Seq=108790 Ack=141 Win=65024 Len=1448 TSval=2916040884 TSecr=3045560658 [TCP segment of a reassembled PDU]"
"57950","36.804233241","192.168.1.55","192.168.1.2","TCP","1514","8004  >  36720 [ACK] Seq=110238 Ack=141 Win=65024 Len=1448 TSval=2916040884 TSecr=3045560658 [TCP segment of a reassembled PDU]"
"57951","36.804234537","192.168.1.55","192.168.1.2","TCP","1514","8004  >  36720 [ACK] Seq=111686 Ack=141 Win=65024 Len=1448 TSval=2916040884 TSecr=3045560658 [TCP segment of a reassembled PDU]"
"57952","36.804235741","192.168.1.55","192.168.1.2","TCP","1514","8004  >  36720 [ACK] Seq=113134 Ack=141 Win=65024 Len=1448 TSval=2916040884 TSecr=3045560658 [TCP segment of a reassembled PDU]"
"57953","36.804237037","192.168.1.55","192.168.1.2","TCP","1514","8004  >  36720 [ACK] Seq=114582 Ack=141 Win=65024 Len=1448 TSval=2916040884 TSecr=3045560658 [TCP segment of a reassembled PDU]"
"57954","36.804238223","192.168.1.55","192.168.1.2","TCP","1514","8004  >  36720 [ACK] Seq=116030 Ack=141 Win=65024 Len=1448 TSval=2916040884 TSecr=3045560658 [TCP segment of a reassembled PDU]"
"57955","36.804239574","192.168.1.55","192.168.1.2","TCP","1514","8004  >  36720 [ACK] Seq=117478 Ack=141 Win=65024 Len=1448 TSval=2916040884 TSecr=3045560658 [TCP segment of a reassembled PDU]"
"57956","36.804240778","192.168.1.55","192.168.1.2","TCP","1514","8004  >  36720 [PSH, ACK] Seq=118926 Ack=141 Win=65024 Len=1448 TSval=2916040884 TSecr=3045560658 [TCP segment of a reassembled PDU]"
"57957","36.804245889","192.168.1.2","192.168.1.55","TCP","66","36720  >  8004 [ACK] Seq=141 Ack=76934 Win=66560 Len=0 TSval=3045560658 TSecr=2916040879"
"57958","36.804272611","192.168.1.55","192.168.1.2","TCP","1514","8004  >  36720 [ACK] Seq=120374 Ack=141 Win=65024 Len=1448 TSval=2916040884 TSecr=3045560658 [TCP segment of a reassembled PDU]"
"57959","36.804274611","192.168.1.55","192.168.1.2","TCP","1514","8004  >  36720 [ACK] Seq=121822 Ack=141 Win=65024 Len=1448 TSval=2916040884 TSecr=3045560658 [TCP segment of a reassembled PDU]"
"57960","36.804276000","192.168.1.55","192.168.1.2","TCP","1514","8004  >  36720 [ACK] Seq=123270 Ack=141 Win=65024 Len=1448 TSval=2916040884 TSecr=3045560658 [TCP segment of a reassembled PDU]"
"57961","36.804278593","192.168.1.55","192.168.1.2","TCP","1514","8004  >  36720 [ACK] Seq=124718 Ack=141 Win=65024 Len=1448 TSval=2916040884 TSecr=3045560658 [TCP segment of a reassembled PDU]"
"57962","36.804280056","192.168.1.55","192.168.1.2","TCP","1514","8004  >  36720 [ACK] Seq=126166 Ack=141 Win=65024 Len=1448 TSval=2916040884 TSecr=3045560658 [TCP segment of a reassembled PDU]"
"57963","36.804281352","192.168.1.55","192.168.1.2","TCP","1514","8004  >  36720 [ACK] Seq=127614 Ack=141 Win=65024 Len=1448 TSval=2916040884 TSecr=3045560658 [TCP segment of a reassembled PDU]"
"57964","36.804283500","192.168.1.55","192.168.1.2","TCP","1514","8004  >  36720 [ACK] Seq=129062 Ack=141 Win=65024 Len=1448 TSval=2916040884 TSecr=3045560658 [TCP segment of a reassembled PDU]"
"57965","36.804285463","192.168.1.55","192.168.1.2","TCP","1514","8004  >  36720 [ACK] Seq=130510 Ack=141 Win=65024 Len=1448 TSval=2916040884 TSecr=3045560658 [TCP segment of a reassembled PDU]"
"57966","36.804286889","192.168.1.55","192.168.1.2","TCP","1514","8004  >  36720 [ACK] Seq=131958 Ack=141 Win=65024 Len=1448 TSval=2916040884 TSecr=3045560658 [TCP segment of a reassembled PDU]"
"57967","36.804288408","192.168.1.55","192.168.1.2","TCP","1514","8004  >  36720 [ACK] Seq=133406 Ack=141 Win=65024 Len=1448 TSval=2916040884 TSecr=3045560658 [TCP segment of a reassembled PDU]"
"57968","36.804289889","192.168.1.55","192.168.1.2","TCP","1514","8004  >  36720 [ACK] Seq=134854 Ack=141 Win=65024 Len=1448 TSval=2916040884 TSecr=3045560658 [TCP segment of a reassembled PDU]"
"57969","36.804297000","192.168.1.55","192.168.1.2","TCP","1514","8004  >  36720 [ACK] Seq=136302 Ack=141 Win=65024 Len=1448 TSval=2916040884 TSecr=3045560658 [TCP segment of a reassembled PDU]"
"57970","36.804298760","192.168.1.55","192.168.1.2","TCP","1514","8004  >  36720 [ACK] Seq=137750 Ack=141 Win=65024 Len=1448 TSval=2916040884 TSecr=3045560658 [TCP segment of a reassembled PDU]"
"57971","36.804300000","192.168.1.55","192.168.1.2","TCP","1514","8004  >  36720 [ACK] Seq=139198 Ack=141 Win=65024 Len=1448 TSval=2916040884 TSecr=3045560658 [TCP segment of a reassembled PDU]"
"57972","36.804301463","192.168.1.55","192.168.1.2","TCP","1514","8004  >  36720 [ACK] Seq=140646 Ack=141 Win=65024 Len=1448 TSval=2916040884 TSecr=3045560658 [TCP segment of a reassembled PDU]"
"57973","36.804302797","192.168.1.55","192.168.1.2","TCP","1466","[TCP Window Full] 8004  >  36720 [PSH, ACK] Seq=142094 Ack=141 Win=65024 Len=1400 TSval=2916040884 TSecr=3045560658 [TCP segment of a reassembled PDU]"
"57974","36.804311926","192.168.1.2","192.168.1.55","TCP","66","36720  >  8004 [ACK] Seq=141 Ack=78382 Win=65536 Len=0 TSval=3045560658 TSecr=2916040879"
"57975","36.804371926","192.168.1.2","192.168.1.55","TCP","66","36720  >  8004 [ACK] Seq=141 Ack=84174 Win=60416 Len=0 TSval=3045560658 TSecr=2916040879"
"57976","36.804384593","192.168.1.2","192.168.1.55","TCP","66","36720  >  8004 [ACK] Seq=141 Ack=95758 Win=68608 Len=0 TSval=3045560658 TSecr=2916040879"
"57977","36.804413001","192.168.1.55","192.168.1.2","TCP","1514","8004  >  36720 [ACK] Seq=143494 Ack=141 Win=65024 Len=1448 TSval=2916040885 TSecr=3045560658 [TCP segment of a reassembled PDU]"
"57978","36.804415204","192.168.1.55","192.168.1.2","TCP","1514","8004  >  36720 [ACK] Seq=144942 Ack=141 Win=65024 Len=1448 TSval=2916040885 TSecr=3045560658 [TCP segment of a reassembled PDU]"
"57979","36.804416445","192.168.1.55","192.168.1.2","TCP","1514","8004  >  36720 [ACK] Seq=146390 Ack=141 Win=65024 Len=1448 TSval=2916040885 TSecr=3045560658 [TCP segment of a reassembled PDU]"
"57980","36.804417778","192.168.1.55","192.168.1.2","TCP","1514","8004  >  36720 [ACK] Seq=147838 Ack=141 Win=65024 Len=1448 TSval=2916040885 TSecr=3045560658 [TCP segment of a reassembled PDU]"
"57981","36.804419075","192.168.1.55","192.168.1.2","TCP","1514","8004  >  36720 [ACK] Seq=149286 Ack=141 Win=65024 Len=1448 TSval=2916040885 TSecr=3045560658 [TCP segment of a reassembled PDU]"
"57982","36.804420352","192.168.1.55","192.168.1.2","TCP","1514","8004  >  36720 [ACK] Seq=150734 Ack=141 Win=65024 Len=1448 TSval=2916040885 TSecr=3045560658 [TCP segment of a reassembled PDU]"
"57983","36.804421593","192.168.1.55","192.168.1.2","TCP","1514","8004  >  36720 [ACK] Seq=152182 Ack=141 Win=65024 Len=1448 TSval=2916040885 TSecr=3045560658 [TCP segment of a reassembled PDU]"
"57984","36.804422889","192.168.1.55","192.168.1.2","TCP","1514","8004  >  36720 [ACK] Seq=153630 Ack=141 Win=65024 Len=1448 TSval=2916040885 TSecr=3045560658 [TCP segment of a reassembled PDU]"
"57985","36.804424130","192.168.1.55","192.168.1.2","TCP","1514","8004  >  36720 [ACK] Seq=155078 Ack=141 Win=65024 Len=1448 TSval=2916040885 TSecr=3045560658 [TCP segment of a reassembled PDU]"
"57986","36.804425334","192.168.1.55","192.168.1.2","TCP","1514","8004  >  36720 [ACK] Seq=156526 Ack=141 Win=65024 Len=1448 TSval=2916040885 TSecr=3045560658 [TCP segment of a reassembled PDU]"
"57987","36.804426649","192.168.1.55","192.168.1.2","TCP","1514","8004  >  36720 [ACK] Seq=157974 Ack=141 Win=65024 Len=1448 TSval=2916040885 TSecr=3045560658 [TCP segment of a reassembled PDU]"
"57988","36.804427871","192.168.1.55","192.168.1.2","TCP","1514","8004  >  36720 [ACK] Seq=159422 Ack=141 Win=65024 Len=1448 TSval=2916040885 TSecr=3045560658 [TCP segment of a reassembled PDU]"
"57989","36.804429112","192.168.1.55","192.168.1.2","TCP","1514","8004  >  36720 [ACK] Seq=160870 Ack=141 Win=65024 Len=1448 TSval=2916040885 TSecr=3045560658 [TCP segment of a reassembled PDU]"
"57990","36.804430408","192.168.1.55","192.168.1.2","TCP","1514","8004  >  36720 [PSH, ACK] Seq=162318 Ack=141 Win=65024 Len=1448 TSval=2916040885 TSecr=3045560658 [TCP segment of a reassembled PDU]"
"57991","36.805619114","192.168.1.55","192.168.1.2","TCP","114","8004  >  36720 [ACK] Seq=163766 Ack=141 Win=65024 Len=48 TSval=2916040886 TSecr=3045560658 [TCP segment of a reassembled PDU]"
"57992","36.807498746","192.168.1.2","192.168.1.55","TCP","66","36720  >  8004 [ACK] Seq=141 Ack=100102 Win=94208 Len=0 TSval=3045560659 TSecr=2916040879"
"57993","36.807538913","192.168.1.55","192.168.1.2","TCP","1514","8004  >  36720 [ACK] Seq=163814 Ack=141 Win=65024 Len=1448 TSval=2916040888 TSecr=3045560659 [TCP segment of a reassembled PDU]"
"57994","36.807542209","192.168.1.55","192.168.1.2","TCP","1514","8004  >  36720 [ACK] Seq=165262 Ack=141 Win=65024 Len=1448 TSval=2916040888 TSecr=3045560659 [TCP segment of a reassembled PDU]"
"57995","36.807543857","192.168.1.55","192.168.1.2","TCP","1514","8004  >  36720 [ACK] Seq=166710 Ack=141 Win=65024 Len=1448 TSval=2916040888 TSecr=3045560659 [TCP segment of a reassembled PDU]"
"57996","36.807545765","192.168.1.55","192.168.1.2","TCP","1514","8004  >  36720 [ACK] Seq=168158 Ack=141 Win=65024 Len=1448 TSval=2916040888 TSecr=3045560659 [TCP segment of a reassembled PDU]"
"57997","36.807547209","192.168.1.55","192.168.1.2","TCP","1514","8004  >  36720 [ACK] Seq=169606 Ack=141 Win=65024 Len=1448 TSval=2916040888 TSecr=3045560659 [TCP segment of a reassembled PDU]"
"57998","36.807548691","192.168.1.55","192.168.1.2","TCP","1514","8004  >  36720 [ACK] Seq=171054 Ack=141 Win=65024 Len=1448 TSval=2916040888 TSecr=3045560659 [TCP segment of a reassembled PDU]"
"57999","36.807550524","192.168.1.55","192.168.1.2","TCP","1514","8004  >  36720 [ACK] Seq=172502 Ack=141 Win=65024 Len=1448 TSval=2916040888 TSecr=3045560659 [TCP segment of a reassembled PDU]"
"58000","36.807552728","192.168.1.55","192.168.1.2","TCP","1514","8004  >  36720 [ACK] Seq=173950 Ack=141 Win=65024 Len=1448 TSval=2916040888 TSecr=3045560659 [TCP segment of a reassembled PDU]"
"58001","36.807554265","192.168.1.55","192.168.1.2","TCP","1514","8004  >  36720 [ACK] Seq=175398 Ack=141 Win=65024 Len=1448 TSval=2916040888 TSecr=3045560659 [TCP segment of a reassembled PDU]"
"58002","36.807555635","192.168.1.55","192.168.1.2","TCP","1514","8004  >  36720 [ACK] Seq=176846 Ack=141 Win=65024 Len=1448 TSval=2916040888 TSecr=3045560659 [TCP segment of a reassembled PDU]"
"58003","36.807557080","192.168.1.55","192.168.1.2","TCP","1514","8004  >  36720 [ACK] Seq=178294 Ack=141 Win=65024 Len=1448 TSval=2916040888 TSecr=3045560659 [TCP segment of a reassembled PDU]"
"58004","36.807558839","192.168.1.55","192.168.1.2","TCP","1514","8004  >  36720 [ACK] Seq=179742 Ack=141 Win=65024 Len=1448 TSval=2916040888 TSecr=3045560659 [TCP segment of a reassembled PDU]"
"58005","36.807560209","192.168.1.55","192.168.1.2","TCP","1514","8004  >  36720 [ACK] Seq=181190 Ack=141 Win=65024 Len=1448 TSval=2916040888 TSecr=3045560659 [TCP segment of a reassembled PDU]"
"58006","36.807561783","192.168.1.55","192.168.1.2","TCP","1514","8004  >  36720 [ACK] Seq=182638 Ack=141 Win=65024 Len=1448 TSval=2916040888 TSecr=3045560659 [TCP segment of a reassembled PDU]"
"58007","36.807563783","192.168.1.55","192.168.1.2","TCP","1514","8004  >  36720 [ACK] Seq=184086 Ack=141 Win=65024 Len=1448 TSval=2916040888 TSecr=3045560659 [TCP segment of a reassembled PDU]"
"58008","36.807565172","192.168.1.55","192.168.1.2","TCP","1514","8004  >  36720 [ACK] Seq=185534 Ack=141 Win=65024 Len=1448 TSval=2916040888 TSecr=3045560659 [TCP segment of a reassembled PDU]"
"58009","36.807566987","192.168.1.55","192.168.1.2","TCP","1514","8004  >  36720 [ACK] Seq=186982 Ack=141 Win=65024 Len=1448 TSval=2916040888 TSecr=3045560659 [TCP segment of a reassembled PDU]"
"58010","36.807568765","192.168.1.55","192.168.1.2","TCP","1514","8004  >  36720 [ACK] Seq=188430 Ack=141 Win=65024 Len=1448 TSval=2916040888 TSecr=3045560659 [TCP segment of a reassembled PDU]"
"58011","36.807570376","192.168.1.55","192.168.1.2","TCP","1514","8004  >  36720 [ACK] Seq=189878 Ack=141 Win=65024 Len=1448 TSval=2916040888 TSecr=3045560659 [TCP segment of a reassembled PDU]"
"58012","36.807571895","192.168.1.55","192.168.1.2","TCP","1514","8004  >  36720 [ACK] Seq=191326 Ack=141 Win=65024 Len=1448 TSval=2916040888 TSecr=3045560659 [TCP segment of a reassembled PDU]"
"58013","36.807573154","192.168.1.55","192.168.1.2","TCP","1514","8004  >  36720 [PSH, ACK] Seq=192774 Ack=141 Win=65024 Len=1448 TSval=2916040888 TSecr=3045560659 [TCP segment of a reassembled PDU]"
"58014","36.808901878","192.168.1.2","192.168.1.55","TCP","66","36720  >  8004 [ACK] Seq=141 Ack=104446 Win=94208 Len=0 TSval=3045560661 TSecr=2916040884"
"58015","36.808918378","192.168.1.55","192.168.1.2","TCP","1514","8004  >  36720 [ACK] Seq=194222 Ack=141 Win=65024 Len=1448 TSval=2916040889 TSecr=3045560661 [TCP segment of a reassembled PDU]"
"58016","36.808921063","192.168.1.55","192.168.1.2","TCP","1514","8004  >  36720 [ACK] Seq=195670 Ack=141 Win=65024 Len=1448 TSval=2916040889 TSecr=3045560661 [TCP segment of a reassembled PDU]"
"58017","36.808922156","192.168.1.55","192.168.1.2","TCP","1514","8004  >  36720 [PSH, ACK] Seq=197118 Ack=141 Win=65024 Len=1448 TSval=2916040889 TSecr=3045560661 [TCP segment of a reassembled PDU]"
"58018","36.812606329","192.168.1.2","192.168.1.55","TCP","66","36720  >  8004 [ACK] Seq=141 Ack=120374 Win=78848 Len=0 TSval=3045560665 TSecr=2916040884"
"58019","36.812791236","192.168.1.2","192.168.1.55","TCP","66","36720  >  8004 [ACK] Seq=141 Ack=143494 Win=56320 Len=0 TSval=3045560665 TSecr=2916040884"
"58020","36.812798866","192.168.1.2","192.168.1.55","TCP","66","36720  >  8004 [ACK] Seq=141 Ack=163766 Win=75776 Len=0 TSval=3045560665 TSecr=2916040885"
"58021","36.812808940","192.168.1.55","192.168.1.2","TCP","1514","8004  >  36720 [ACK] Seq=198566 Ack=141 Win=65024 Len=1448 TSval=2916040893 TSecr=3045560665 [TCP segment of a reassembled PDU]"
"58022","36.812811977","192.168.1.55","192.168.1.2","TCP","1514","8004  >  36720 [ACK] Seq=200014 Ack=141 Win=65024 Len=1448 TSval=2916040893 TSecr=3045560665 [TCP segment of a reassembled PDU]"
"58023","36.812813162","192.168.1.55","192.168.1.2","TCP","1514","8004  >  36720 [ACK] Seq=201462 Ack=141 Win=65024 Len=1448 TSval=2916040893 TSecr=3045560665 [TCP segment of a reassembled PDU]"
"58024","36.812814607","192.168.1.55","192.168.1.2","TCP","1514","8004  >  36720 [ACK] Seq=202910 Ack=141 Win=65024 Len=1448 TSval=2916040893 TSecr=3045560665 [TCP segment of a reassembled PDU]"
"58025","36.812815699","192.168.1.55","192.168.1.2","TCP","1514","8004  >  36720 [ACK] Seq=204358 Ack=141 Win=65024 Len=1448 TSval=2916040893 TSecr=3045560665 [TCP segment of a reassembled PDU]"
"58026","36.812816866","192.168.1.55","192.168.1.2","TCP","1514","8004  >  36720 [PSH, ACK] Seq=205806 Ack=141 Win=65024 Len=1448 TSval=2916040893 TSecr=3045560665 [TCP segment of a reassembled PDU]"
"58027","36.812840181","192.168.1.55","192.168.1.2","TCP","1514","8004  >  36720 [ACK] Seq=207254 Ack=141 Win=65024 Len=1448 TSval=2916040893 TSecr=3045560665 [TCP segment of a reassembled PDU]"
"58028","36.812841477","192.168.1.55","192.168.1.2","TCP","1514","8004  >  36720 [ACK] Seq=208702 Ack=141 Win=65024 Len=1448 TSval=2916040893 TSecr=3045560665 [TCP segment of a reassembled PDU]"
"58029","36.812842681","192.168.1.55","192.168.1.2","TCP","1514","8004  >  36720 [ACK] Seq=210150 Ack=141 Win=65024 Len=1448 TSval=2916040893 TSecr=3045560665 [TCP segment of a reassembled PDU]"
"58030","36.812843792","192.168.1.55","192.168.1.2","TCP","1514","8004  >  36720 [ACK] Seq=211598 Ack=141 Win=65024 Len=1448 TSval=2916040893 TSecr=3045560665 [TCP segment of a reassembled PDU]"
"58031","36.812844977","192.168.1.55","192.168.1.2","TCP","1514","8004  >  36720 [ACK] Seq=213046 Ack=141 Win=65024 Len=1448 TSval=2916040893 TSecr=3045560665 [TCP segment of a reassembled PDU]"
"58032","36.812846088","192.168.1.55","192.168.1.2","TCP","1514","8004  >  36720 [ACK] Seq=214494 Ack=141 Win=65024 Len=1448 TSval=2916040893 TSecr=3045560665 [TCP segment of a reassembled PDU]"
"58033","36.812847292","192.168.1.55","192.168.1.2","TCP","1514","8004  >  36720 [ACK] Seq=215942 Ack=141 Win=65024 Len=1448 TSval=2916040893 TSecr=3045560665 [TCP segment of a reassembled PDU]"
"58034","36.812848422","192.168.1.55","192.168.1.2","TCP","1514","8004  >  36720 [ACK] Seq=217390 Ack=141 Win=65024 Len=1448 TSval=2916040893 TSecr=3045560665 [TCP segment of a reassembled PDU]"
"58035","36.812849514","192.168.1.55","192.168.1.2","TCP","1514","8004  >  36720 [ACK] Seq=218838 Ack=141 Win=65024 Len=1448 TSval=2916040893 TSecr=3045560665 [TCP segment of a reassembled PDU]"
"58036","36.812850736","192.168.1.55","192.168.1.2","TCP","1514","8004  >  36720 [ACK] Seq=220286 Ack=141 Win=65024 Len=1448 TSval=2916040893 TSecr=3045560665 [TCP segment of a reassembled PDU]"
"58037","36.812851848","192.168.1.55","192.168.1.2","TCP","1514","8004  >  36720 [ACK] Seq=221734 Ack=141 Win=65024 Len=1448 TSval=2916040893 TSecr=3045560665 [TCP segment of a reassembled PDU]"
"58038","36.812852977","192.168.1.55","192.168.1.2","TCP","1514","8004  >  36720 [ACK] Seq=223182 Ack=141 Win=65024 Len=1448 TSval=2916040893 TSecr=3045560665 [TCP segment of a reassembled PDU]"
"58039","36.812854162","192.168.1.55","192.168.1.2","TCP","1514","8004  >  36720 [ACK] Seq=224630 Ack=141 Win=65024 Len=1448 TSval=2916040893 TSecr=3045560665 [TCP segment of a reassembled PDU]"
"58040","36.812855792","192.168.1.55","192.168.1.2","TCP","1514","8004  >  36720 [ACK] Seq=226078 Ack=141 Win=65024 Len=1448 TSval=2916040893 TSecr=3045560665 [TCP segment of a reassembled PDU]"
"58041","36.812856977","192.168.1.55","192.168.1.2","TCP","1514","8004  >  36720 [ACK] Seq=227526 Ack=141 Win=65024 Len=1448 TSval=2916040893 TSecr=3045560665 [TCP segment of a reassembled PDU]"
"58042","36.812858181","192.168.1.55","192.168.1.2","TCP","1514","8004  >  36720 [ACK] Seq=228974 Ack=141 Win=65024 Len=1448 TSval=2916040893 TSecr=3045560665 [TCP segment of a reassembled PDU]"
"58043","36.812859385","192.168.1.55","192.168.1.2","TCP","1514","8004  >  36720 [ACK] Seq=230422 Ack=141 Win=65024 Len=1448 TSval=2916040893 TSecr=3045560665 [TCP segment of a reassembled PDU]"
"58044","36.812860570","192.168.1.55","192.168.1.2","TCP","1514","8004  >  36720 [ACK] Seq=231870 Ack=141 Win=65024 Len=1448 TSval=2916040893 TSecr=3045560665 [TCP segment of a reassembled PDU]"
"58045","36.812861699","192.168.1.55","192.168.1.2","TCP","1514","8004  >  36720 [ACK] Seq=233318 Ack=141 Win=65024 Len=1448 TSval=2916040893 TSecr=3045560665 [TCP segment of a reassembled PDU]"
"58046","36.812862922","192.168.1.55","192.168.1.2","TCP","1514","8004  >  36720 [ACK] Seq=234766 Ack=141 Win=65024 Len=1448 TSval=2916040893 TSecr=3045560665 [TCP segment of a reassembled PDU]"
"58047","36.812864033","192.168.1.55","192.168.1.2","TCP","1514","8004  >  36720 [ACK] Seq=236214 Ack=141 Win=65024 Len=1448 TSval=2916040893 TSecr=3045560665 [TCP segment of a reassembled PDU]"
"58048","36.812865181","192.168.1.55","192.168.1.2","TCP","1514","8004  >  36720 [PSH, ACK] Seq=237662 Ack=141 Win=65024 Len=1448 TSval=2916040893 TSecr=3045560665 [TCP segment of a reassembled PDU]"
"58049","36.812868829","192.168.1.2","192.168.1.55","TCP","66","36720  >  8004 [ACK] Seq=141 Ack=163814 Win=94208 Len=0 TSval=3045560665 TSecr=2916040886"
"58050","36.812884681","192.168.1.55","192.168.1.2","TCP","1514","8004  >  36720 [ACK] Seq=239110 Ack=141 Win=65024 Len=1448 TSval=2916040893 TSecr=3045560665 [TCP segment of a reassembled PDU]"
"58051","36.812886199","192.168.1.55","192.168.1.2","TCP","1514","8004  >  36720 [ACK] Seq=240558 Ack=141 Win=65024 Len=1448 TSval=2916040893 TSecr=3045560665 [TCP segment of a reassembled PDU]"
"58052","36.812887440","192.168.1.55","192.168.1.2","TCP","1514","8004  >  36720 [ACK] Seq=242006 Ack=141 Win=65024 Len=1448 TSval=2916040893 TSecr=3045560665 [TCP segment of a reassembled PDU]"
"58053","36.812888681","192.168.1.55","192.168.1.2","TCP","1514","8004  >  36720 [ACK] Seq=243454 Ack=141 Win=65024 Len=1448 TSval=2916040893 TSecr=3045560665 [TCP segment of a reassembled PDU]"
"58054","36.812889922","192.168.1.55","192.168.1.2","TCP","1514","8004  >  36720 [ACK] Seq=244902 Ack=141 Win=65024 Len=1448 TSval=2916040893 TSecr=3045560665 [TCP segment of a reassembled PDU]"
"58055","36.812891199","192.168.1.55","192.168.1.2","TCP","1514","8004  >  36720 [ACK] Seq=246350 Ack=141 Win=65024 Len=1448 TSval=2916040893 TSecr=3045560665 [TCP segment of a reassembled PDU]"
"58056","36.812892514","192.168.1.55","192.168.1.2","TCP","1514","8004  >  36720 [ACK] Seq=247798 Ack=141 Win=65024 Len=1448 TSval=2916040893 TSecr=3045560665 [TCP segment of a reassembled PDU]"
"58057","36.812893681","192.168.1.55","192.168.1.2","TCP","1514","8004  >  36720 [PSH, ACK] Seq=249246 Ack=141 Win=65024 Len=1448 TSval=2916040893 TSecr=3045560665 [TCP segment of a reassembled PDU]"
"58058","36.812897199","192.168.1.2","192.168.1.55","TCP","66","36720  >  8004 [ACK] Seq=141 Ack=189878 Win=68608 Len=0 TSval=3045560667 TSecr=2916040888"
"58059","36.812951829","192.168.1.2","192.168.1.55","TCP","66","36720  >  8004 [ACK] Seq=141 Ack=194222 Win=90112 Len=0 TSval=3045560668 TSecr=2916040888"
"58060","36.812993977","192.168.1.55","192.168.1.2","TCP","1514","8004  >  36720 [ACK] Seq=250694 Ack=141 Win=65024 Len=1448 TSval=2916040893 TSecr=3045560668 [TCP segment of a reassembled PDU]"
"58061","36.812996385","192.168.1.55","192.168.1.2","TCP","1514","8004  >  36720 [ACK] Seq=252142 Ack=141 Win=65024 Len=1448 TSval=2916040893 TSecr=3045560668 [TCP segment of a reassembled PDU]"
"58062","36.812997829","192.168.1.55","192.168.1.2","TCP","1514","8004  >  36720 [ACK] Seq=253590 Ack=141 Win=65024 Len=1448 TSval=2916040893 TSecr=3045560668 [TCP segment of a reassembled PDU]"
"58063","36.812999163","192.168.1.55","192.168.1.2","TCP","1514","8004  >  36720 [ACK] Seq=255038 Ack=141 Win=65024 Len=1448 TSval=2916040893 TSecr=3045560668 [TCP segment of a reassembled PDU]"
"58064","36.813000626","192.168.1.55","192.168.1.2","TCP","1514","8004  >  36720 [ACK] Seq=256486 Ack=141 Win=65024 Len=1448 TSval=2916040893 TSecr=3045560668 [TCP segment of a reassembled PDU]"
"58065","36.813001885","192.168.1.55","192.168.1.2","TCP","1514","8004  >  36720 [ACK] Seq=257934 Ack=141 Win=65024 Len=1448 TSval=2916040893 TSecr=3045560668 [TCP segment of a reassembled PDU]"
"58066","36.813003644","192.168.1.55","192.168.1.2","TCP","1514","8004  >  36720 [ACK] Seq=259382 Ack=141 Win=65024 Len=1448 TSval=2916040893 TSecr=3045560668 [TCP segment of a reassembled PDU]"
"58067","36.813005144","192.168.1.55","192.168.1.2","TCP","1514","8004  >  36720 [ACK] Seq=260830 Ack=141 Win=65024 Len=1448 TSval=2916040893 TSecr=3045560668 [TCP segment of a reassembled PDU]"
"58068","36.813006385","192.168.1.55","192.168.1.2","TCP","1514","8004  >  36720 [ACK] Seq=262278 Ack=141 Win=65024 Len=1448 TSval=2916040893 TSecr=3045560668 [TCP segment of a reassembled PDU]"
"58069","36.813007885","192.168.1.55","192.168.1.2","TCP","1514","8004  >  36720 [ACK] Seq=263726 Ack=141 Win=65024 Len=1448 TSval=2916040893 TSecr=3045560668 [TCP segment of a reassembled PDU]"
"58070","36.813009126","192.168.1.55","192.168.1.2","TCP","1514","8004  >  36720 [ACK] Seq=265174 Ack=141 Win=65024 Len=1448 TSval=2916040893 TSecr=3045560668 [TCP segment of a reassembled PDU]"
"58071","36.813010403","192.168.1.55","192.168.1.2","TCP","1514","8004  >  36720 [ACK] Seq=266622 Ack=141 Win=65024 Len=1448 TSval=2916040893 TSecr=3045560668 [TCP segment of a reassembled PDU]"
"58072","36.813011644","192.168.1.55","192.168.1.2","TCP","1514","8004  >  36720 [ACK] Seq=268070 Ack=141 Win=65024 Len=1448 TSval=2916040893 TSecr=3045560668 [TCP segment of a reassembled PDU]"
"58073","36.813013033","192.168.1.55","192.168.1.2","TCP","1514","8004  >  36720 [ACK] Seq=269518 Ack=141 Win=65024 Len=1448 TSval=2916040893 TSecr=3045560668 [TCP segment of a reassembled PDU]"
"58074","36.813014459","192.168.1.55","192.168.1.2","TCP","1514","8004  >  36720 [ACK] Seq=270966 Ack=141 Win=65024 Len=1448 TSval=2916040893 TSecr=3045560668 [TCP segment of a reassembled PDU]"
"58075","36.813015866","192.168.1.55","192.168.1.2","TCP","1514","8004  >  36720 [ACK] Seq=272414 Ack=141 Win=65024 Len=1448 TSval=2916040893 TSecr=3045560668 [TCP segment of a reassembled PDU]"
"58076","36.813017366","192.168.1.55","192.168.1.2","TCP","1514","8004  >  36720 [ACK] Seq=273862 Ack=141 Win=65024 Len=1448 TSval=2916040893 TSecr=3045560668 [TCP segment of a reassembled PDU]"
"58077","36.813018737","192.168.1.55","192.168.1.2","TCP","1514","8004  >  36720 [ACK] Seq=275310 Ack=141 Win=65024 Len=1448 TSval=2916040893 TSecr=3045560668 [TCP segment of a reassembled PDU]"
"58078","36.813019940","192.168.1.55","192.168.1.2","TCP","1514","8004  >  36720 [ACK] Seq=276758 Ack=141 Win=65024 Len=1448 TSval=2916040893 TSecr=3045560668 [TCP segment of a reassembled PDU]"
"58079","36.813021237","192.168.1.55","192.168.1.2","TCP","1514","8004  >  36720 [ACK] Seq=278206 Ack=141 Win=65024 Len=1448 TSval=2916040893 TSecr=3045560668 [TCP segment of a reassembled PDU]"
"58080","36.813022459","192.168.1.55","192.168.1.2","TCP","1514","8004  >  36720 [ACK] Seq=279654 Ack=141 Win=65024 Len=1448 TSval=2916040893 TSecr=3045560668 [TCP segment of a reassembled PDU]"
"58081","36.813023663","192.168.1.55","192.168.1.2","TCP","1514","8004  >  36720 [ACK] Seq=281102 Ack=141 Win=65024 Len=1448 TSval=2916040893 TSecr=3045560668 [TCP segment of a reassembled PDU]"
"58082","36.813025348","192.168.1.55","192.168.1.2","TCP","1514","8004  >  36720 [ACK] Seq=282550 Ack=141 Win=65024 Len=1448 TSval=2916040893 TSecr=3045560668 [TCP segment of a reassembled PDU]"
"58083","36.813026514","192.168.1.55","192.168.1.2","TCP","402","[TCP Window Full] 8004  >  36720 [PSH, ACK] Seq=283998 Ack=141 Win=65024 Len=336 TSval=2916040893 TSecr=3045560668 [TCP segment of a reassembled PDU]"
"58084","36.813030663","192.168.1.2","192.168.1.55","TCP","66","36720  >  8004 [ACK] Seq=141 Ack=198566 Win=86016 Len=0 TSval=3045560668 TSecr=2916040889"
"58085","36.820269730","192.168.1.2","192.168.1.55","TCP","66","36720  >  8004 [ACK] Seq=141 Ack=207254 Win=86016 Len=0 TSval=3045560674 TSecr=2916040893"
"58086","36.820303378","192.168.1.55","192.168.1.2","TCP","1514","8004  >  36720 [ACK] Seq=284334 Ack=141 Win=65024 Len=1448 TSval=2916040900 TSecr=3045560674 [TCP segment of a reassembled PDU]"
"58087","36.820308267","192.168.1.55","192.168.1.2","TCP","1514","8004  >  36720 [ACK] Seq=285782 Ack=141 Win=65024 Len=1448 TSval=2916040900 TSecr=3045560674 [TCP segment of a reassembled PDU]"
"58088","36.820309230","192.168.1.55","192.168.1.2","TCP","1514","8004  >  36720 [ACK] Seq=287230 Ack=141 Win=65024 Len=1448 TSval=2916040900 TSecr=3045560674 [TCP segment of a reassembled PDU]"
"58089","36.820310119","192.168.1.55","192.168.1.2","TCP","1514","8004  >  36720 [ACK] Seq=288678 Ack=141 Win=65024 Len=1448 TSval=2916040900 TSecr=3045560674 [TCP segment of a reassembled PDU]"
"58090","36.820311063","192.168.1.55","192.168.1.2","TCP","1514","8004  >  36720 [ACK] Seq=290126 Ack=141 Win=65024 Len=1448 TSval=2916040900 TSecr=3045560674 [TCP segment of a reassembled PDU]"
"58091","36.820312156","192.168.1.55","192.168.1.2","TCP","1514","8004  >  36720 [PSH, ACK] Seq=291574 Ack=141 Win=65024 Len=1448 TSval=2916040900 TSecr=3045560674 [TCP segment of a reassembled PDU]"
"58092","36.820390730","192.168.1.2","192.168.1.55","TCP","66","36720  >  8004 [ACK] Seq=141 Ack=239110 Win=120832 Len=0 TSval=3045560674 TSecr=2916040893"
"58093","36.820403656","192.168.1.55","192.168.1.2","TCP","1514","8004  >  36720 [ACK] Seq=293022 Ack=141 Win=65024 Len=1448 TSval=2916040901 TSecr=3045560674 [TCP segment of a reassembled PDU]"
"58094","36.820404971","192.168.1.55","192.168.1.2","TCP","1514","8004  >  36720 [ACK] Seq=294470 Ack=141 Win=65024 Len=1448 TSval=2916040901 TSecr=3045560674 [TCP segment of a reassembled PDU]"
"58095","36.820405989","192.168.1.55","192.168.1.2","TCP","1178","8004  >  36720 [PSH, ACK] Seq=295918 Ack=141 Win=65024 Len=1112 TSval=2916040901 TSecr=3045560674 [TCP segment of a reassembled PDU]"
"58096","36.820437712","192.168.1.55","192.168.1.2","TCP","1514","8004  >  36720 [ACK] Seq=297030 Ack=141 Win=65024 Len=1448 TSval=2916040901 TSecr=3045560674 [TCP segment of a reassembled PDU]"
"58097","36.820439045","192.168.1.55","192.168.1.2","TCP","1514","8004  >  36720 [ACK] Seq=298478 Ack=141 Win=65024 Len=1448 TSval=2916040901 TSecr=3045560674 [TCP segment of a reassembled PDU]"
"58098","36.820440082","192.168.1.55","192.168.1.2","TCP","1514","8004  >  36720 [ACK] Seq=299926 Ack=141 Win=65024 Len=1448 TSval=2916040901 TSecr=3045560674 [TCP segment of a reassembled PDU]"
"58099","36.820441063","192.168.1.55","192.168.1.2","TCP","1514","8004  >  36720 [ACK] Seq=301374 Ack=141 Win=65024 Len=1448 TSval=2916040901 TSecr=3045560674 [TCP segment of a reassembled PDU]"
"58100","36.820441989","192.168.1.55","192.168.1.2","TCP","1514","8004  >  36720 [ACK] Seq=302822 Ack=141 Win=65024 Len=1448 TSval=2916040901 TSecr=3045560674 [TCP segment of a reassembled PDU]"
"58101","36.820443175","192.168.1.55","192.168.1.2","TCP","1514","8004  >  36720 [ACK] Seq=304270 Ack=141 Win=65024 Len=1448 TSval=2916040901 TSecr=3045560674 [TCP segment of a reassembled PDU]"
"58102","36.820444378","192.168.1.55","192.168.1.2","TCP","1514","8004  >  36720 [ACK] Seq=305718 Ack=141 Win=65024 Len=1448 TSval=2916040901 TSecr=3045560674 [TCP segment of a reassembled PDU]"
"58103","36.820445267","192.168.1.55","192.168.1.2","TCP","1514","8004  >  36720 [ACK] Seq=307166 Ack=141 Win=65024 Len=1448 TSval=2916040901 TSecr=3045560674 [TCP segment of a reassembled PDU]"
"58104","36.820446452","192.168.1.55","192.168.1.2","TCP","1514","8004  >  36720 [ACK] Seq=308614 Ack=141 Win=65024 Len=1448 TSval=2916040901 TSecr=3045560674 [TCP segment of a reassembled PDU]"
"58105","36.820447786","192.168.1.55","192.168.1.2","TCP","1514","8004  >  36720 [ACK] Seq=310062 Ack=141 Win=65024 Len=1448 TSval=2916040901 TSecr=3045560674 [TCP segment of a reassembled PDU]"
"58106","36.820449101","192.168.1.55","192.168.1.2","TCP","1514","8004  >  36720 [ACK] Seq=311510 Ack=141 Win=65024 Len=1448 TSval=2916040901 TSecr=3045560674 [TCP segment of a reassembled PDU]"
"58107","36.820457249","192.168.1.55","192.168.1.2","TCP","1514","8004  >  36720 [ACK] Seq=312958 Ack=141 Win=65024 Len=1448 TSval=2916040901 TSecr=3045560674 [TCP segment of a reassembled PDU]"
"58108","36.820458638","192.168.1.55","192.168.1.2","TCP","1514","8004  >  36720 [ACK] Seq=314406 Ack=141 Win=65024 Len=1448 TSval=2916040901 TSecr=3045560674 [TCP segment of a reassembled PDU]"
"58109","36.820459638","192.168.1.55","192.168.1.2","TCP","1514","8004  >  36720 [ACK] Seq=315854 Ack=141 Win=65024 Len=1448 TSval=2916040901 TSecr=3045560674 [TCP segment of a reassembled PDU]"
"58110","36.820460638","192.168.1.55","192.168.1.2","TCP","1514","8004  >  36720 [ACK] Seq=317302 Ack=141 Win=65024 Len=1448 TSval=2916040901 TSecr=3045560674 [TCP segment of a reassembled PDU]"
"58111","36.820461619","192.168.1.55","192.168.1.2","TCP","1514","8004  >  36720 [ACK] Seq=318750 Ack=141 Win=65024 Len=1448 TSval=2916040901 TSecr=3045560674 [TCP segment of a reassembled PDU]"
"58112","36.820462971","192.168.1.55","192.168.1.2","TCP","1514","8004  >  36720 [ACK] Seq=320198 Ack=141 Win=65024 Len=1448 TSval=2916040901 TSecr=3045560674 [TCP segment of a reassembled PDU]"
"58113","36.820463878","192.168.1.55","192.168.1.2","TCP","1514","8004  >  36720 [ACK] Seq=321646 Ack=141 Win=65024 Len=1448 TSval=2916040901 TSecr=3045560674 [TCP segment of a reassembled PDU]"
"58114","36.820465045","192.168.1.55","192.168.1.2","TCP","1514","8004  >  36720 [ACK] Seq=323094 Ack=141 Win=65024 Len=1448 TSval=2916040901 TSecr=3045560674 [TCP segment of a reassembled PDU]"
"58115","36.820466045","192.168.1.55","192.168.1.2","TCP","1514","8004  >  36720 [ACK] Seq=324542 Ack=141 Win=65024 Len=1448 TSval=2916040901 TSecr=3045560674 [TCP segment of a reassembled PDU]"
"58116","36.820467156","192.168.1.55","192.168.1.2","TCP","1514","8004  >  36720 [ACK] Seq=325990 Ack=141 Win=65024 Len=1448 TSval=2916040901 TSecr=3045560674 [TCP segment of a reassembled PDU]"
"58117","36.820468675","192.168.1.55","192.168.1.2","TCP","1514","8004  >  36720 [ACK] Seq=327438 Ack=141 Win=65024 Len=1448 TSval=2916040901 TSecr=3045560674 [TCP segment of a reassembled PDU]"
"58118","36.820470119","192.168.1.55","192.168.1.2","TCP","1514","8004  >  36720 [ACK] Seq=328886 Ack=141 Win=65024 Len=1448 TSval=2916040901 TSecr=3045560674 [TCP segment of a reassembled PDU]"
"58119","36.820471101","192.168.1.55","192.168.1.2","TCP","1514","8004  >  36720 [ACK] Seq=330334 Ack=141 Win=65024 Len=1448 TSval=2916040901 TSecr=3045560674 [TCP segment of a reassembled PDU]"
"58120","36.820472156","192.168.1.55","192.168.1.2","TCP","1514","8004  >  36720 [ACK] Seq=331782 Ack=141 Win=65024 Len=1448 TSval=2916040901 TSecr=3045560674 [TCP segment of a reassembled PDU]"
"58121","36.820473341","192.168.1.55","192.168.1.2","TCP","1514","8004  >  36720 [ACK] Seq=333230 Ack=141 Win=65024 Len=1448 TSval=2916040901 TSecr=3045560674 [TCP segment of a reassembled PDU]"
"58122","36.820474341","192.168.1.55","192.168.1.2","TCP","1514","8004  >  36720 [ACK] Seq=334678 Ack=141 Win=65024 Len=1448 TSval=2916040901 TSecr=3045560674 [TCP segment of a reassembled PDU]"
"58123","36.820475397","192.168.1.55","192.168.1.2","TCP","1514","8004  >  36720 [ACK] Seq=336126 Ack=141 Win=65024 Len=1448 TSval=2916040901 TSecr=3045560674 [TCP segment of a reassembled PDU]"
"58124","36.820476471","192.168.1.55","192.168.1.2","TCP","1514","8004  >  36720 [ACK] Seq=337574 Ack=141 Win=65024 Len=1448 TSval=2916040901 TSecr=3045560674 [TCP segment of a reassembled PDU]"
"58125","36.820477656","192.168.1.55","192.168.1.2","TCP","1514","8004  >  36720 [ACK] Seq=339022 Ack=141 Win=65024 Len=1448 TSval=2916040901 TSecr=3045560674 [TCP segment of a reassembled PDU]"
"58126","36.820478638","192.168.1.55","192.168.1.2","TCP","1514","8004  >  36720 [ACK] Seq=340470 Ack=141 Win=65024 Len=1448 TSval=2916040901 TSecr=3045560674 [TCP segment of a reassembled PDU]"
"58127","36.820479656","192.168.1.55","192.168.1.2","TCP","1514","8004  >  36720 [PSH, ACK] Seq=341918 Ack=141 Win=65024 Len=1448 TSval=2916040901 TSecr=3045560674 [TCP segment of a reassembled PDU]"
"58128","36.820484545","192.168.1.2","192.168.1.55","TCP","66","36720  >  8004 [ACK] Seq=141 Ack=250694 Win=141312 Len=0 TSval=3045560674 TSecr=2916040893"
"58129","36.820541971","192.168.1.55","192.168.1.2","TCP","1514","8004  >  36720 [ACK] Seq=343366 Ack=141 Win=65024 Len=1448 TSval=2916040901 TSecr=3045560674 [TCP segment of a reassembled PDU]"
"58130","36.820545341","192.168.1.55","192.168.1.2","TCP","1514","8004  >  36720 [ACK] Seq=344814 Ack=141 Win=65024 Len=1448 TSval=2916040901 TSecr=3045560674 [TCP segment of a reassembled PDU]"
"58131","36.820546453","192.168.1.55","192.168.1.2","TCP","1514","8004  >  36720 [ACK] Seq=346262 Ack=141 Win=65024 Len=1448 TSval=2916040901 TSecr=3045560674 [TCP segment of a reassembled PDU]"
"58132","36.820547508","192.168.1.55","192.168.1.2","TCP","1514","8004  >  36720 [ACK] Seq=347710 Ack=141 Win=65024 Len=1448 TSval=2916040901 TSecr=3045560674 [TCP segment of a reassembled PDU]"
"58133","36.820548508","192.168.1.55","192.168.1.2","TCP","1514","8004  >  36720 [ACK] Seq=349158 Ack=141 Win=65024 Len=1448 TSval=2916040901 TSecr=3045560674 [TCP segment of a reassembled PDU]"
"58134","36.820549527","192.168.1.55","192.168.1.2","TCP","1514","8004  >  36720 [ACK] Seq=350606 Ack=141 Win=65024 Len=1448 TSval=2916040901 TSecr=3045560674 [TCP segment of a reassembled PDU]"
"58135","36.820550545","192.168.1.55","192.168.1.2","TCP","1514","8004  >  36720 [ACK] Seq=352054 Ack=141 Win=65024 Len=1448 TSval=2916040901 TSecr=3045560674 [TCP segment of a reassembled PDU]"
"58136","36.820551897","192.168.1.55","192.168.1.2","TCP","1514","8004  >  36720 [ACK] Seq=353502 Ack=141 Win=65024 Len=1448 TSval=2916040901 TSecr=3045560674 [TCP segment of a reassembled PDU]"
"58137","36.820552841","192.168.1.55","192.168.1.2","TCP","1514","8004  >  36720 [ACK] Seq=354950 Ack=141 Win=65024 Len=1448 TSval=2916040901 TSecr=3045560674 [TCP segment of a reassembled PDU]"
"58138","36.820554175","192.168.1.55","192.168.1.2","TCP","1514","8004  >  36720 [ACK] Seq=356398 Ack=141 Win=65024 Len=1448 TSval=2916040901 TSecr=3045560674 [TCP segment of a reassembled PDU]"
"58139","36.820555267","192.168.1.55","192.168.1.2","TCP","1514","8004  >  36720 [ACK] Seq=357846 Ack=141 Win=65024 Len=1448 TSval=2916040901 TSecr=3045560674 [TCP segment of a reassembled PDU]"
"58140","36.820556341","192.168.1.55","192.168.1.2","TCP","1514","8004  >  36720 [ACK] Seq=359294 Ack=141 Win=65024 Len=1448 TSval=2916040901 TSecr=3045560674 [TCP segment of a reassembled PDU]"
"58141","36.820557416","192.168.1.55","192.168.1.2","TCP","1514","8004  >  36720 [ACK] Seq=360742 Ack=141 Win=65024 Len=1448 TSval=2916040901 TSecr=3045560674 [TCP segment of a reassembled PDU]"
"58142","36.820558416","192.168.1.55","192.168.1.2","TCP","1514","8004  >  36720 [ACK] Seq=362190 Ack=141 Win=65024 Len=1448 TSval=2916040901 TSecr=3045560674 [TCP segment of a reassembled PDU]"
"58143","36.820559730","192.168.1.55","192.168.1.2","TCP","1514","8004  >  36720 [ACK] Seq=363638 Ack=141 Win=65024 Len=1448 TSval=2916040901 TSecr=3045560674 [TCP segment of a reassembled PDU]"
"58144","36.820560823","192.168.1.55","192.168.1.2","TCP","1514","8004  >  36720 [ACK] Seq=365086 Ack=141 Win=65024 Len=1448 TSval=2916040901 TSecr=3045560674 [TCP segment of a reassembled PDU]"
"58145","36.820562267","192.168.1.55","192.168.1.2","TCP","1514","8004  >  36720 [ACK] Seq=366534 Ack=141 Win=65024 Len=1448 TSval=2916040901 TSecr=3045560674 [TCP segment of a reassembled PDU]"
"58146","36.820563267","192.168.1.55","192.168.1.2","TCP","1514","8004  >  36720 [ACK] Seq=367982 Ack=141 Win=65024 Len=1448 TSval=2916040901 TSecr=3045560674 [TCP segment of a reassembled PDU]"
"58147","36.820564193","192.168.1.55","192.168.1.2","TCP","1514","8004  >  36720 [ACK] Seq=369430 Ack=141 Win=65024 Len=1448 TSval=2916040901 TSecr=3045560674 [TCP segment of a reassembled PDU]"
"58148","36.820565193","192.168.1.55","192.168.1.2","TCP","1514","8004  >  36720 [ACK] Seq=370878 Ack=141 Win=65024 Len=1448 TSval=2916040901 TSecr=3045560674 [TCP segment of a reassembled PDU]"
"58149","36.820566360","192.168.1.55","192.168.1.2","TCP","1514","8004  >  36720 [ACK] Seq=372326 Ack=141 Win=65024 Len=1448 TSval=2916040901 TSecr=3045560674 [TCP segment of a reassembled PDU]"
"58150","36.820567490","192.168.1.55","192.168.1.2","TCP","1514","8004  >  36720 [ACK] Seq=373774 Ack=141 Win=65024 Len=1448 TSval=2916040901 TSecr=3045560674 [TCP segment of a reassembled PDU]"
"58151","36.820568619","192.168.1.55","192.168.1.2","TCP","1514","8004  >  36720 [ACK] Seq=375222 Ack=141 Win=65024 Len=1448 TSval=2916040901 TSecr=3045560674 [TCP segment of a reassembled PDU]"
"58152","36.820569767","192.168.1.55","192.168.1.2","TCP","1514","8004  >  36720 [ACK] Seq=376670 Ack=141 Win=65024 Len=1448 TSval=2916040901 TSecr=3045560674 [TCP segment of a reassembled PDU]"
"58153","36.820570971","192.168.1.55","192.168.1.2","TCP","1514","8004  >  36720 [ACK] Seq=378118 Ack=141 Win=65024 Len=1448 TSval=2916040901 TSecr=3045560674 [TCP segment of a reassembled PDU]"
"58154","36.820572045","192.168.1.55","192.168.1.2","TCP","1514","8004  >  36720 [ACK] Seq=379566 Ack=141 Win=65024 Len=1448 TSval=2916040901 TSecr=3045560674 [TCP segment of a reassembled PDU]"
"58155","36.820573212","192.168.1.55","192.168.1.2","TCP","1514","8004  >  36720 [ACK] Seq=381014 Ack=141 Win=65024 Len=1448 TSval=2916040901 TSecr=3045560674 [TCP segment of a reassembled PDU]"
"58156","36.820574230","192.168.1.55","192.168.1.2","TCP","1514","8004  >  36720 [ACK] Seq=382462 Ack=141 Win=65024 Len=1448 TSval=2916040901 TSecr=3045560674 [TCP segment of a reassembled PDU]"
"58157","36.820575416","192.168.1.55","192.168.1.2","TCP","1514","8004  >  36720 [ACK] Seq=383910 Ack=141 Win=65024 Len=1448 TSval=2916040901 TSecr=3045560674 [TCP segment of a reassembled PDU]"
"58158","36.820576527","192.168.1.55","192.168.1.2","TCP","1514","8004  >  36720 [ACK] Seq=385358 Ack=141 Win=65024 Len=1448 TSval=2916040901 TSecr=3045560674 [TCP segment of a reassembled PDU]"
"58159","36.820577804","192.168.1.55","192.168.1.2","TCP","1514","8004  >  36720 [ACK] Seq=386806 Ack=141 Win=65024 Len=1448 TSval=2916040901 TSecr=3045560674 [TCP segment of a reassembled PDU]"
"58160","36.820578786","192.168.1.55","192.168.1.2","TCP","1514","8004  >  36720 [PSH, ACK] Seq=388254 Ack=141 Win=65024 Len=1448 TSval=2916040901 TSecr=3045560674 [TCP segment of a reassembled PDU]"
"58161","36.820584323","192.168.1.2","192.168.1.55","TCP","66","36720  >  8004 [ACK] Seq=141 Ack=281102 Win=164864 Len=0 TSval=3045560674 TSecr=2916040893"
"58162","36.820648453","192.168.1.2","192.168.1.55","TCP","66","36720  >  8004 [ACK] Seq=141 Ack=282550 Win=167936 Len=0 TSval=3045560674 TSecr=2916040893"
"58163","36.820657416","192.168.1.2","192.168.1.55","TCP","66","36720  >  8004 [ACK] Seq=141 Ack=284334 Win=171008 Len=0 TSval=3045560674 TSecr=2916040893"
"58164","36.821863751","192.168.1.55","192.168.1.2","TCP","1514","8004  >  36720 [ACK] Seq=389702 Ack=141 Win=65024 Len=1448 TSval=2916040902 TSecr=3045560674 [TCP segment of a reassembled PDU]"
"58165","36.821869381","192.168.1.55","192.168.1.2","TCP","1514","8004  >  36720 [ACK] Seq=391150 Ack=141 Win=65024 Len=1448 TSval=2916040902 TSecr=3045560674 [TCP segment of a reassembled PDU]"
"58166","36.821870788","192.168.1.55","192.168.1.2","TCP","1514","8004  >  36720 [ACK] Seq=392598 Ack=141 Win=65024 Len=1448 TSval=2916040902 TSecr=3045560674 [TCP segment of a reassembled PDU]"
"58167","36.821871844","192.168.1.55","192.168.1.2","TCP","1514","8004  >  36720 [ACK] Seq=394046 Ack=141 Win=65024 Len=1448 TSval=2916040902 TSecr=3045560674 [TCP segment of a reassembled PDU]"
"58168","36.821872918","192.168.1.55","192.168.1.2","TCP","1514","8004  >  36720 [ACK] Seq=395494 Ack=141 Win=65024 Len=1448 TSval=2916040902 TSecr=3045560674 [TCP segment of a reassembled PDU]"
"58169","36.821874029","192.168.1.55","192.168.1.2","TCP","1514","8004  >  36720 [ACK] Seq=396942 Ack=141 Win=65024 Len=1448 TSval=2916040902 TSecr=3045560674 [TCP segment of a reassembled PDU]"
"58170","36.821875103","192.168.1.55","192.168.1.2","TCP","1514","8004  >  36720 [ACK] Seq=398390 Ack=141 Win=65024 Len=1448 TSval=2916040902 TSecr=3045560674 [TCP segment of a reassembled PDU]"
"58171","36.821876029","192.168.1.55","192.168.1.2","TCP","1514","8004  >  36720 [ACK] Seq=399838 Ack=141 Win=65024 Len=1448 TSval=2916040902 TSecr=3045560674 [TCP segment of a reassembled PDU]"
"58172","36.821876918","192.168.1.55","192.168.1.2","TCP","1514","8004  >  36720 [ACK] Seq=401286 Ack=141 Win=65024 Len=1448 TSval=2916040902 TSecr=3045560674 [TCP segment of a reassembled PDU]"
"58173","36.821878010","192.168.1.55","192.168.1.2","TCP","1514","8004  >  36720 [ACK] Seq=402734 Ack=141 Win=65024 Len=1448 TSval=2916040902 TSecr=3045560674 [TCP segment of a reassembled PDU]"
"58174","36.821879084","192.168.1.55","192.168.1.2","TCP","1514","8004  >  36720 [ACK] Seq=404182 Ack=141 Win=65024 Len=1448 TSval=2916040902 TSecr=3045560674 [TCP segment of a reassembled PDU]"
"58175","36.821880158","192.168.1.55","192.168.1.2","TCP","1514","8004  >  36720 [ACK] Seq=405630 Ack=141 Win=65024 Len=1448 TSval=2916040902 TSecr=3045560674 [TCP segment of a reassembled PDU]"
"58176","36.821881251","192.168.1.55","192.168.1.2","TCP","1514","8004  >  36720 [ACK] Seq=407078 Ack=141 Win=65024 Len=1448 TSval=2916040902 TSecr=3045560674 [TCP segment of a reassembled PDU]"
"58177","36.821882251","192.168.1.55","192.168.1.2","TCP","1514","8004  >  36720 [ACK] Seq=408526 Ack=141 Win=65024 Len=1448 TSval=2916040902 TSecr=3045560674 [TCP segment of a reassembled PDU]"
"58178","36.821883270","192.168.1.55","192.168.1.2","TCP","1514","8004  >  36720 [ACK] Seq=409974 Ack=141 Win=65024 Len=1448 TSval=2916040902 TSecr=3045560674 [TCP segment of a reassembled PDU]"
"58179","36.821884288","192.168.1.55","192.168.1.2","TCP","1514","8004  >  36720 [ACK] Seq=411422 Ack=141 Win=65024 Len=1448 TSval=2916040902 TSecr=3045560674 [TCP segment of a reassembled PDU]"
"58180","36.821885232","192.168.1.55","192.168.1.2","TCP","1514","8004  >  36720 [ACK] Seq=412870 Ack=141 Win=65024 Len=1448 TSval=2916040902 TSecr=3045560674 [TCP segment of a reassembled PDU]"
"58181","36.821886344","192.168.1.55","192.168.1.2","TCP","1514","8004  >  36720 [ACK] Seq=414318 Ack=141 Win=65024 Len=1448 TSval=2916040902 TSecr=3045560674 [TCP segment of a reassembled PDU]"
"58182","36.821887344","192.168.1.55","192.168.1.2","TCP","1514","8004  >  36720 [ACK] Seq=415766 Ack=141 Win=65024 Len=1448 TSval=2916040902 TSecr=3045560674 [TCP segment of a reassembled PDU]"
"58183","36.821888307","192.168.1.55","192.168.1.2","TCP","1514","8004  >  36720 [ACK] Seq=417214 Ack=141 Win=65024 Len=1448 TSval=2916040902 TSecr=3045560674 [TCP segment of a reassembled PDU]"
"58184","36.821889381","192.168.1.55","192.168.1.2","TCP","1514","8004  >  36720 [ACK] Seq=418662 Ack=141 Win=65024 Len=1448 TSval=2916040902 TSecr=3045560674 [TCP segment of a reassembled PDU]"
"58185","36.821890436","192.168.1.55","192.168.1.2","TCP","1514","8004  >  36720 [ACK] Seq=420110 Ack=141 Win=65024 Len=1448 TSval=2916040902 TSecr=3045560674 [TCP segment of a reassembled PDU]"
"58186","36.821891807","192.168.1.55","192.168.1.2","TCP","1514","8004  >  36720 [ACK] Seq=421558 Ack=141 Win=65024 Len=1448 TSval=2916040902 TSecr=3045560674 [TCP segment of a reassembled PDU]"
"58187","36.821892973","192.168.1.55","192.168.1.2","TCP","1514","8004  >  36720 [ACK] Seq=423006 Ack=141 Win=65024 Len=1448 TSval=2916040902 TSecr=3045560674 [TCP segment of a reassembled PDU]"
"58188","36.821893936","192.168.1.55","192.168.1.2","TCP","1514","8004  >  36720 [ACK] Seq=424454 Ack=141 Win=65024 Len=1448 TSval=2916040902 TSecr=3045560674 [TCP segment of a reassembled PDU]"
"58189","36.821895084","192.168.1.55","192.168.1.2","TCP","1514","8004  >  36720 [ACK] Seq=425902 Ack=141 Win=65024 Len=1448 TSval=2916040902 TSecr=3045560674 [TCP segment of a reassembled PDU]"
"58190","36.821896121","192.168.1.55","192.168.1.2","TCP","1514","8004  >  36720 [ACK] Seq=427350 Ack=141 Win=65024 Len=1448 TSval=2916040902 TSecr=3045560674 [TCP segment of a reassembled PDU]"
"58191","36.821897214","192.168.1.55","192.168.1.2","TCP","1514","8004  >  36720 [ACK] Seq=428798 Ack=141 Win=65024 Len=1448 TSval=2916040902 TSecr=3045560674 [TCP segment of a reassembled PDU]"
"58192","36.821898307","192.168.1.55","192.168.1.2","TCP","1514","8004  >  36720 [ACK] Seq=430246 Ack=141 Win=65024 Len=1448 TSval=2916040902 TSecr=3045560674 [TCP segment of a reassembled PDU]"
"58193","36.821899381","192.168.1.55","192.168.1.2","TCP","1514","8004  >  36720 [ACK] Seq=431694 Ack=141 Win=65024 Len=1448 TSval=2916040902 TSecr=3045560674 [TCP segment of a reassembled PDU]"
"58194","36.821900362","192.168.1.55","192.168.1.2","TCP","1514","8004  >  36720 [ACK] Seq=433142 Ack=141 Win=65024 Len=1448 TSval=2916040902 TSecr=3045560674 [TCP segment of a reassembled PDU]"
"58195","36.821901362","192.168.1.55","192.168.1.2","TCP","1514","8004  >  36720 [PSH, ACK] Seq=434590 Ack=141 Win=65024 Len=1448 TSval=2916040902 TSecr=3045560674 [TCP segment of a reassembled PDU]"
"58196","36.823381013","192.168.1.55","192.168.1.2","TCP","1514","8004  >  36720 [ACK] Seq=436038 Ack=141 Win=65024 Len=1448 TSval=2916040904 TSecr=3045560674 [TCP segment of a reassembled PDU]"
"58197","36.823386235","192.168.1.55","192.168.1.2","TCP","1514","8004  >  36720 [ACK] Seq=437486 Ack=141 Win=65024 Len=1448 TSval=2916040904 TSecr=3045560674 [TCP segment of a reassembled PDU]"
"58198","36.823387272","192.168.1.55","192.168.1.2","TCP","1514","8004  >  36720 [ACK] Seq=438934 Ack=141 Win=65024 Len=1448 TSval=2916040904 TSecr=3045560674 [TCP segment of a reassembled PDU]"
"58199","36.823388698","192.168.1.55","192.168.1.2","TCP","1514","8004  >  36720 [ACK] Seq=440382 Ack=141 Win=65024 Len=1448 TSval=2916040904 TSecr=3045560674 [TCP segment of a reassembled PDU]"
"58200","36.823389698","192.168.1.55","192.168.1.2","TCP","1514","8004  >  36720 [ACK] Seq=441830 Ack=141 Win=65024 Len=1448 TSval=2916040904 TSecr=3045560674 [TCP segment of a reassembled PDU]"
"58201","36.823390735","192.168.1.55","192.168.1.2","TCP","1514","8004  >  36720 [ACK] Seq=443278 Ack=141 Win=65024 Len=1448 TSval=2916040904 TSecr=3045560674 [TCP segment of a reassembled PDU]"
"58202","36.823391790","192.168.1.55","192.168.1.2","TCP","1514","8004  >  36720 [ACK] Seq=444726 Ack=141 Win=65024 Len=1448 TSval=2916040904 TSecr=3045560674 [TCP segment of a reassembled PDU]"
"58203","36.823392902","192.168.1.55","192.168.1.2","TCP","1514","8004  >  36720 [ACK] Seq=446174 Ack=141 Win=65024 Len=1448 TSval=2916040904 TSecr=3045560674 [TCP segment of a reassembled PDU]"
"58204","36.823393883","192.168.1.55","192.168.1.2","TCP","1514","8004  >  36720 [ACK] Seq=447622 Ack=141 Win=65024 Len=1448 TSval=2916040904 TSecr=3045560674 [TCP segment of a reassembled PDU]"
"58205","36.823394994","192.168.1.55","192.168.1.2","TCP","1514","8004  >  36720 [ACK] Seq=449070 Ack=141 Win=65024 Len=1448 TSval=2916040904 TSecr=3045560674 [TCP segment of a reassembled PDU]"
"58206","36.823396087","192.168.1.55","192.168.1.2","TCP","1514","8004  >  36720 [ACK] Seq=450518 Ack=141 Win=65024 Len=1448 TSval=2916040904 TSecr=3045560674 [TCP segment of a reassembled PDU]"
"58207","36.823397198","192.168.1.55","192.168.1.2","TCP","1514","8004  >  36720 [ACK] Seq=451966 Ack=141 Win=65024 Len=1448 TSval=2916040904 TSecr=3045560674 [TCP segment of a reassembled PDU]"
"58208","36.823398235","192.168.1.55","192.168.1.2","TCP","1514","8004  >  36720 [PSH, ACK] Seq=453414 Ack=141 Win=65024 Len=1448 TSval=2916040904 TSecr=3045560674 [TCP segment of a reassembled PDU]"
"58209","36.833808252","192.168.1.2","192.168.1.55","TCP","66","36720  >  8004 [ACK] Seq=141 Ack=293022 Win=184320 Len=0 TSval=3045560683 TSecr=2916040900"
"58210","36.833940622","192.168.1.55","192.168.1.2","TCP","1514","8004  >  36720 [ACK] Seq=454862 Ack=141 Win=65024 Len=1448 TSval=2916040914 TSecr=3045560683 [TCP segment of a reassembled PDU]"
"58211","36.833950993","192.168.1.55","192.168.1.2","TCP","1514","8004  >  36720 [ACK] Seq=456310 Ack=141 Win=65024 Len=1448 TSval=2916040914 TSecr=3045560683 [TCP segment of a reassembled PDU]"
"58212","36.833952067","192.168.1.55","192.168.1.2","TCP","1514","8004  >  36720 [ACK] Seq=457758 Ack=141 Win=65024 Len=1448 TSval=2916040914 TSecr=3045560683 [TCP segment of a reassembled PDU]"
"58213","36.833954511","192.168.1.55","192.168.1.2","TCP","1514","8004  >  36720 [ACK] Seq=459206 Ack=141 Win=65024 Len=1448 TSval=2916040914 TSecr=3045560683 [TCP segment of a reassembled PDU]"
"58214","36.833955789","192.168.1.55","192.168.1.2","TCP","1514","8004  >  36720 [ACK] Seq=460654 Ack=141 Win=65024 Len=1448 TSval=2916040914 TSecr=3045560683 [TCP segment of a reassembled PDU]"
"58215","36.833956845","192.168.1.55","192.168.1.2","TCP","1514","8004  >  36720 [ACK] Seq=462102 Ack=141 Win=65024 Len=1448 TSval=2916040914 TSecr=3045560683 [TCP segment of a reassembled PDU]"
"58216","36.833958159","192.168.1.55","192.168.1.2","TCP","1514","8004  >  36720 [ACK] Seq=463550 Ack=141 Win=65024 Len=1448 TSval=2916040914 TSecr=3045560683 [TCP segment of a reassembled PDU]"
"58217","36.833960733","192.168.1.55","192.168.1.2","TCP","1514","8004  >  36720 [ACK] Seq=464998 Ack=141 Win=65024 Len=1448 TSval=2916040914 TSecr=3045560683 [TCP segment of a reassembled PDU]"
"58218","36.833962363","192.168.1.55","192.168.1.2","TCP","1514","8004  >  36720 [ACK] Seq=466446 Ack=141 Win=65024 Len=1448 TSval=2916040914 TSecr=3045560683 [TCP segment of a reassembled PDU]"
"58219","36.833963696","192.168.1.55","192.168.1.2","TCP","1514","8004  >  36720 [ACK] Seq=467894 Ack=141 Win=65024 Len=1448 TSval=2916040914 TSecr=3045560683 [TCP segment of a reassembled PDU]"
"58220","36.833966011","192.168.1.55","192.168.1.2","TCP","1514","8004  >  36720 [ACK] Seq=469342 Ack=141 Win=65024 Len=1448 TSval=2916040914 TSecr=3045560683 [TCP segment of a reassembled PDU]"
"58221","36.833967456","192.168.1.55","192.168.1.2","TCP","1514","8004  >  36720 [ACK] Seq=470790 Ack=141 Win=65024 Len=1448 TSval=2916040914 TSecr=3045560683 [TCP segment of a reassembled PDU]"
"58222","36.833968993","192.168.1.55","192.168.1.2","TCP","1514","8004  >  36720 [ACK] Seq=472238 Ack=141 Win=65024 Len=1448 TSval=2916040914 TSecr=3045560683 [TCP segment of a reassembled PDU]"
"58223","36.833970382","192.168.1.55","192.168.1.2","TCP","1514","8004  >  36720 [ACK] Seq=473686 Ack=141 Win=65024 Len=1448 TSval=2916040914 TSecr=3045560683 [TCP segment of a reassembled PDU]"
"58224","36.833972141","192.168.1.55","192.168.1.2","TCP","1514","8004  >  36720 [PSH, ACK] Seq=475134 Ack=141 Win=65024 Len=1448 TSval=2916040914 TSecr=3045560683 [TCP segment of a reassembled PDU]"
"58225","36.834092086","192.168.1.2","192.168.1.55","TCP","66","36720  >  8004 [ACK] Seq=141 Ack=297030 Win=189440 Len=0 TSval=3045560685 TSecr=2916040901"
"58226","36.834134826","192.168.1.55","192.168.1.2","TCP","1514","8004  >  36720 [ACK] Seq=476582 Ack=141 Win=65024 Len=1448 TSval=2916040914 TSecr=3045560685 [TCP segment of a reassembled PDU]"
"58227","36.834137715","192.168.1.55","192.168.1.2","TCP","1514","8004  >  36720 [ACK] Seq=478030 Ack=141 Win=65024 Len=1448 TSval=2916040914 TSecr=3045560685 [TCP segment of a reassembled PDU]"
"58228","36.834139623","192.168.1.55","192.168.1.2","TCP","1514","8004  >  36720 [ACK] Seq=479478 Ack=141 Win=65024 Len=1448 TSval=2916040914 TSecr=3045560685 [TCP segment of a reassembled PDU]"
"58229","36.834141049","192.168.1.55","192.168.1.2","TCP","1514","8004  >  36720 [PSH, ACK] Seq=480926 Ack=141 Win=65024 Len=1448 TSval=2916040914 TSecr=3045560685 [TCP segment of a reassembled PDU]"
"58230","36.834146826","192.168.1.2","192.168.1.55","TCP","66","36720  >  8004 [ACK] Seq=141 Ack=343366 Win=149504 Len=0 TSval=3045560685 TSecr=2916040901"
"58231","36.834154234","192.168.1.2","192.168.1.55","TCP","66","36720  >  8004 [ACK] Seq=141 Ack=369430 Win=123904 Len=0 TSval=3045560685 TSecr=2916040901"
"58232","36.834212734","192.168.1.2","192.168.1.55","TCP","66","36720  >  8004 [ACK] Seq=141 Ack=389702 Win=175104 Len=0 TSval=3045560688 TSecr=2916040901"
"58233","36.834238567","192.168.1.55","192.168.1.2","TCP","1514","8004  >  36720 [ACK] Seq=482374 Ack=141 Win=65024 Len=1448 TSval=2916040914 TSecr=3045560688 [TCP segment of a reassembled PDU]"
"58234","36.834240567","192.168.1.55","192.168.1.2","TCP","1514","8004  >  36720 [ACK] Seq=483822 Ack=141 Win=65024 Len=1448 TSval=2916040914 TSecr=3045560688 [TCP segment of a reassembled PDU]"
"58235","36.834243160","192.168.1.55","192.168.1.2","TCP","1514","8004  >  36720 [ACK] Seq=485270 Ack=141 Win=65024 Len=1448 TSval=2916040914 TSecr=3045560688 [TCP segment of a reassembled PDU]"
"58236","36.834244678","192.168.1.55","192.168.1.2","TCP","1514","8004  >  36720 [ACK] Seq=486718 Ack=141 Win=65024 Len=1448 TSval=2916040914 TSecr=3045560688 [TCP segment of a reassembled PDU]"
"58237","36.834245882","192.168.1.55","192.168.1.2","TCP","1514","8004  >  36720 [ACK] Seq=488166 Ack=141 Win=65024 Len=1448 TSval=2916040914 TSecr=3045560688 [TCP segment of a reassembled PDU]"
"58238","36.834246882","192.168.1.55","192.168.1.2","TCP","1514","8004  >  36720 [ACK] Seq=489614 Ack=141 Win=65024 Len=1448 TSval=2916040914 TSecr=3045560688 [TCP segment of a reassembled PDU]"
"58239","36.834248123","192.168.1.55","192.168.1.2","TCP","1514","8004  >  36720 [ACK] Seq=491062 Ack=141 Win=65024 Len=1448 TSval=2916040914 TSecr=3045560688 [TCP segment of a reassembled PDU]"
"58240","36.834249271","192.168.1.55","192.168.1.2","TCP","1514","8004  >  36720 [ACK] Seq=492510 Ack=141 Win=65024 Len=1448 TSval=2916040914 TSecr=3045560688 [TCP segment of a reassembled PDU]"
"58241","36.834251438","192.168.1.55","192.168.1.2","TCP","1514","8004  >  36720 [ACK] Seq=493958 Ack=141 Win=65024 Len=1448 TSval=2916040914 TSecr=3045560688 [TCP segment of a reassembled PDU]"
"58242","36.834252919","192.168.1.55","192.168.1.2","TCP","1514","8004  >  36720 [ACK] Seq=495406 Ack=141 Win=65024 Len=1448 TSval=2916040914 TSecr=3045560688 [TCP segment of a reassembled PDU]"
"58243","36.834254345","192.168.1.55","192.168.1.2","TCP","1514","8004  >  36720 [ACK] Seq=496854 Ack=141 Win=65024 Len=1448 TSval=2916040914 TSecr=3045560688 [TCP segment of a reassembled PDU]"
"58244","36.834255289","192.168.1.55","192.168.1.2","HTTP","1472","HTTP/1.0 200 OK  (PNG)"
"58245","36.834258512","192.168.1.2","192.168.1.55","TCP","66","36720  >  8004 [ACK] Seq=141 Ack=415766 Win=168960 Len=0 TSval=3045560688 TSecr=2916040902"
"58246","36.834265660","192.168.1.2","192.168.1.55","TCP","66","36720  >  8004 [ACK] Seq=141 Ack=436038 Win=175104 Len=0 TSval=3045560689 TSecr=2916040902"
"58247","36.834272641","192.168.1.2","192.168.1.55","TCP","66","36720  >  8004 [ACK] Seq=141 Ack=454862 Win=174080 Len=0 TSval=3045560689 TSecr=2916040904"
"58248","36.838485056","192.168.1.2","192.168.1.55","TCP","66","36720  >  8004 [ACK] Seq=141 Ack=476582 Win=171008 Len=0 TSval=3045560694 TSecr=2916040914"
"58249","36.838592463","192.168.1.2","192.168.1.55","TCP","66","36720  >  8004 [ACK] Seq=141 Ack=498302 Win=149504 Len=0 TSval=3045560694 TSecr=2916040914"
"58250","36.840193966","192.168.1.2","192.168.1.55","TCP","66","36720  >  8004 [FIN, ACK] Seq=141 Ack=499709 Win=190464 Len=0 TSval=3045560694 TSecr=2916040914"
"58251","36.840210577","192.168.1.55","192.168.1.2","TCP","66","8004  >  36720 [ACK] Seq=499709 Ack=142 Win=65024 Len=0 TSval=2916040920 TSecr=3045560694"
"58252","36.840328429","192.168.1.2","192.168.1.55","TCP","74","36726  >  8004 [SYN] Seq=0 Win=64240 Len=0 MSS=1460 SACK_PERM TSval=3045560695 TSecr=0 WS=1024"
"58253","36.840370410","192.168.1.55","192.168.1.2","TCP","74","8004  >  36726 [SYN, ACK] Seq=0 Ack=1 Win=65160 Len=0 MSS=1460 SACK_PERM TSval=2916040921 TSecr=3045560695 WS=128"
"58254","36.843438989","192.168.1.2","192.168.1.55","TCP","66","36726  >  8004 [ACK] Seq=1 Ack=1 Win=64512 Len=0 TSval=3045560698 TSecr=2916040921"
"58255","36.846654495","192.168.1.2","192.168.1.55","HTTP","209","GET /original_benchmark.png HTTP/1.1 "
"58256","36.846665143","192.168.1.55","192.168.1.2","TCP","66","8004  >  36726 [ACK] Seq=1 Ack=144 Win=65024 Len=0 TSval=2916040927 TSecr=3045560698"
"58257","36.847133644","192.168.1.55","192.168.1.2","TCP","255","8004  >  36726 [PSH, ACK] Seq=1 Ack=144 Win=65024 Len=189 TSval=2916040927 TSecr=3045560698 [TCP segment of a reassembled PDU]"
"58258","36.847219255","192.168.1.55","192.168.1.2","TCP","1514","8004  >  36726 [ACK] Seq=190 Ack=144 Win=65024 Len=1448 TSval=2916040927 TSecr=3045560698 [TCP segment of a reassembled PDU]"
"58259","36.847223551","192.168.1.55","192.168.1.2","TCP","1514","8004  >  36726 [ACK] Seq=1638 Ack=144 Win=65024 Len=1448 TSval=2916040927 TSecr=3045560698 [TCP segment of a reassembled PDU]"
"58260","36.847224884","192.168.1.55","192.168.1.2","TCP","1514","8004  >  36726 [ACK] Seq=3086 Ack=144 Win=65024 Len=1448 TSval=2916040927 TSecr=3045560698 [TCP segment of a reassembled PDU]"
"58261","36.847226329","192.168.1.55","192.168.1.2","TCP","1514","8004  >  36726 [ACK] Seq=4534 Ack=144 Win=65024 Len=1448 TSval=2916040927 TSecr=3045560698 [TCP segment of a reassembled PDU]"
"58262","36.847228514","192.168.1.55","192.168.1.2","TCP","1514","8004  >  36726 [PSH, ACK] Seq=5982 Ack=144 Win=65024 Len=1448 TSval=2916040927 TSecr=3045560698 [TCP segment of a reassembled PDU]"
"58263","36.847245866","192.168.1.55","192.168.1.2","TCP","1514","8004  >  36726 [ACK] Seq=7430 Ack=144 Win=65024 Len=1448 TSval=2916040927 TSecr=3045560698 [TCP segment of a reassembled PDU]"
"58264","36.847247718","192.168.1.55","192.168.1.2","TCP","1514","8004  >  36726 [ACK] Seq=8878 Ack=144 Win=65024 Len=1448 TSval=2916040927 TSecr=3045560698 [TCP segment of a reassembled PDU]"
"58265","36.847248996","192.168.1.55","192.168.1.2","TCP","1514","8004  >  36726 [ACK] Seq=10326 Ack=144 Win=65024 Len=1448 TSval=2916040927 TSecr=3045560698 [TCP segment of a reassembled PDU]"
"58266","36.847250255","192.168.1.55","192.168.1.2","TCP","1514","8004  >  36726 [PSH, ACK] Seq=11774 Ack=144 Win=65024 Len=1448 TSval=2916040927 TSecr=3045560698 [TCP segment of a reassembled PDU]"
"58267","36.853437709","192.168.1.2","192.168.1.55","TCP","66","36726  >  8004 [ACK] Seq=144 Ack=190 Win=64512 Len=0 TSval=3045560705 TSecr=2916040927"
"58268","36.853500135","192.168.1.55","192.168.1.2","TCP","1514","8004  >  36726 [ACK] Seq=13222 Ack=144 Win=65024 Len=1448 TSval=2916040934 TSecr=3045560705 [TCP segment of a reassembled PDU]"
"58269","36.853506672","192.168.1.55","192.168.1.2","TCP","1514","8004  >  36726 [PSH, ACK] Seq=14670 Ack=144 Win=65024 Len=1448 TSval=2916040934 TSecr=3045560705 [TCP segment of a reassembled PDU]"
"58270","36.853584061","192.168.1.2","192.168.1.55","TCP","66","36726  >  8004 [ACK] Seq=144 Ack=5982 Win=76800 Len=0 TSval=3045560705 TSecr=2916040927"
"58271","36.853614024","192.168.1.55","192.168.1.2","TCP","1514","8004  >  36726 [ACK] Seq=16118 Ack=144 Win=65024 Len=1448 TSval=2916040934 TSecr=3045560705 [TCP segment of a reassembled PDU]"
"58272","36.853616136","192.168.1.55","192.168.1.2","TCP","1514","8004  >  36726 [ACK] Seq=17566 Ack=144 Win=65024 Len=1448 TSval=2916040934 TSecr=3045560705 [TCP segment of a reassembled PDU]"
"58273","36.853617450","192.168.1.55","192.168.1.2","TCP","1514","8004  >  36726 [ACK] Seq=19014 Ack=144 Win=65024 Len=1448 TSval=2916040934 TSecr=3045560705 [TCP segment of a reassembled PDU]"
"58274","36.853619080","192.168.1.55","192.168.1.2","TCP","1514","8004  >  36726 [ACK] Seq=20462 Ack=144 Win=65024 Len=1448 TSval=2916040934 TSecr=3045560705 [TCP segment of a reassembled PDU]"
"58275","36.853620506","192.168.1.55","192.168.1.2","TCP","1514","8004  >  36726 [ACK] Seq=21910 Ack=144 Win=65024 Len=1448 TSval=2916040934 TSecr=3045560705 [TCP segment of a reassembled PDU]"
"58276","36.853621987","192.168.1.55","192.168.1.2","TCP","1514","8004  >  36726 [ACK] Seq=23358 Ack=144 Win=65024 Len=1448 TSval=2916040934 TSecr=3045560705 [TCP segment of a reassembled PDU]"
"58277","36.853623413","192.168.1.55","192.168.1.2","TCP","1514","8004  >  36726 [PSH, ACK] Seq=24806 Ack=144 Win=65024 Len=1448 TSval=2916040934 TSecr=3045560705 [TCP segment of a reassembled PDU]"
"58278","36.853628543","192.168.1.2","192.168.1.55","TCP","66","36726  >  8004 [ACK] Seq=144 Ack=7430 Win=79872 Len=0 TSval=3045560706 TSecr=2916040927"
"58279","36.853635710","192.168.1.2","192.168.1.55","TCP","66","36726  >  8004 [ACK] Seq=144 Ack=13222 Win=80896 Len=0 TSval=3045560706 TSecr=2916040927"
"58280","36.853658562","192.168.1.55","192.168.1.2","TCP","1514","8004  >  36726 [ACK] Seq=26254 Ack=144 Win=65024 Len=1448 TSval=2916040934 TSecr=3045560706 [TCP segment of a reassembled PDU]"
"58281","36.853660210","192.168.1.55","192.168.1.2","TCP","1514","8004  >  36726 [ACK] Seq=27702 Ack=144 Win=65024 Len=1448 TSval=2916040934 TSecr=3045560706 [TCP segment of a reassembled PDU]"
"58282","36.853661543","192.168.1.55","192.168.1.2","TCP","1514","8004  >  36726 [ACK] Seq=29150 Ack=144 Win=65024 Len=1448 TSval=2916040934 TSecr=3045560706 [TCP segment of a reassembled PDU]"
"58283","36.853662987","192.168.1.55","192.168.1.2","TCP","1514","8004  >  36726 [ACK] Seq=30598 Ack=144 Win=65024 Len=1448 TSval=2916040934 TSecr=3045560706 [TCP segment of a reassembled PDU]"
"58284","36.853664358","192.168.1.55","192.168.1.2","TCP","1514","8004  >  36726 [ACK] Seq=32046 Ack=144 Win=65024 Len=1448 TSval=2916040934 TSecr=3045560706 [TCP segment of a reassembled PDU]"
"58285","36.853665747","192.168.1.55","192.168.1.2","TCP","1514","8004  >  36726 [ACK] Seq=33494 Ack=144 Win=65024 Len=1448 TSval=2916040934 TSecr=3045560706 [TCP segment of a reassembled PDU]"
"58286","36.853667136","192.168.1.55","192.168.1.2","TCP","1514","8004  >  36726 [ACK] Seq=34942 Ack=144 Win=65024 Len=1448 TSval=2916040934 TSecr=3045560706 [TCP segment of a reassembled PDU]"
"58287","36.853668450","192.168.1.55","192.168.1.2","TCP","1514","8004  >  36726 [ACK] Seq=36390 Ack=144 Win=65024 Len=1448 TSval=2916040934 TSecr=3045560706 [TCP segment of a reassembled PDU]"
"58288","36.853669839","192.168.1.55","192.168.1.2","TCP","1514","8004  >  36726 [ACK] Seq=37838 Ack=144 Win=65024 Len=1448 TSval=2916040934 TSecr=3045560706 [TCP segment of a reassembled PDU]"
"58289","36.853671154","192.168.1.55","192.168.1.2","TCP","1514","8004  >  36726 [PSH, ACK] Seq=39286 Ack=144 Win=65024 Len=1448 TSval=2916040934 TSecr=3045560706 [TCP segment of a reassembled PDU]"
"58290","36.854450785","192.168.1.55","192.168.1.2","TCP","1514","8004  >  36726 [ACK] Seq=40734 Ack=144 Win=65024 Len=1448 TSval=2916040935 TSecr=3045560706 [TCP segment of a reassembled PDU]"
"58291","36.858640884","192.168.1.2","192.168.1.55","TCP","66","36726  >  8004 [ACK] Seq=144 Ack=16118 Win=87040 Len=0 TSval=3045560712 TSecr=2916040934"
"58292","36.858668866","192.168.1.55","192.168.1.2","TCP","1514","8004  >  36726 [ACK] Seq=42182 Ack=144 Win=65024 Len=1448 TSval=2916040939 TSecr=3045560712 [TCP segment of a reassembled PDU]"
"58293","36.858671792","192.168.1.55","192.168.1.2","TCP","1514","8004  >  36726 [PSH, ACK] Seq=43630 Ack=144 Win=65024 Len=1448 TSval=2916040939 TSecr=3045560712 [TCP segment of a reassembled PDU]"
"58294","36.858878533","192.168.1.2","192.168.1.55","TCP","66","36726  >  8004 [ACK] Seq=144 Ack=26254 Win=86016 Len=0 TSval=3045560712 TSecr=2916040934"
"58295","36.858922496","192.168.1.55","192.168.1.2","TCP","1514","8004  >  36726 [ACK] Seq=45078 Ack=144 Win=65024 Len=1448 TSval=2916040939 TSecr=3045560712 [TCP segment of a reassembled PDU]"
"58296","36.858926533","192.168.1.55","192.168.1.2","TCP","1514","8004  >  36726 [ACK] Seq=46526 Ack=144 Win=65024 Len=1448 TSval=2916040939 TSecr=3045560712 [TCP segment of a reassembled PDU]"
"58297","36.858928033","192.168.1.55","192.168.1.2","TCP","1514","8004  >  36726 [ACK] Seq=47974 Ack=144 Win=65024 Len=1448 TSval=2916040939 TSecr=3045560712 [TCP segment of a reassembled PDU]"
"58298","36.858929718","192.168.1.55","192.168.1.2","TCP","1514","8004  >  36726 [ACK] Seq=49422 Ack=144 Win=65024 Len=1448 TSval=2916040939 TSecr=3045560712 [TCP segment of a reassembled PDU]"
"58299","36.858931218","192.168.1.55","192.168.1.2","TCP","1514","8004  >  36726 [ACK] Seq=50870 Ack=144 Win=65024 Len=1448 TSval=2916040939 TSecr=3045560712 [TCP segment of a reassembled PDU]"
"58300","36.858932885","192.168.1.55","192.168.1.2","TCP","1514","8004  >  36726 [ACK] Seq=52318 Ack=144 Win=65024 Len=1448 TSval=2916040939 TSecr=3045560712 [TCP segment of a reassembled PDU]"
"58301","36.858934200","192.168.1.55","192.168.1.2","TCP","1514","8004  >  36726 [ACK] Seq=53766 Ack=144 Win=65024 Len=1448 TSval=2916040939 TSecr=3045560712 [TCP segment of a reassembled PDU]"
"58302","36.858935737","192.168.1.55","192.168.1.2","TCP","1514","8004  >  36726 [ACK] Seq=55214 Ack=144 Win=65024 Len=1448 TSval=2916040939 TSecr=3045560712 [TCP segment of a reassembled PDU]"
"58303","36.858937477","192.168.1.55","192.168.1.2","TCP","1514","8004  >  36726 [ACK] Seq=56662 Ack=144 Win=65024 Len=1448 TSval=2916040939 TSecr=3045560712 [TCP segment of a reassembled PDU]"
"58304","36.858938663","192.168.1.55","192.168.1.2","TCP","1514","8004  >  36726 [ACK] Seq=58110 Ack=144 Win=65024 Len=1448 TSval=2916040939 TSecr=3045560712 [TCP segment of a reassembled PDU]"
"58305","36.858939848","192.168.1.55","192.168.1.2","TCP","1514","8004  >  36726 [ACK] Seq=59558 Ack=144 Win=65024 Len=1448 TSval=2916040939 TSecr=3045560712 [TCP segment of a reassembled PDU]"
"58306","36.858941163","192.168.1.55","192.168.1.2","TCP","1514","8004  >  36726 [ACK] Seq=61006 Ack=144 Win=65024 Len=1448 TSval=2916040939 TSecr=3045560712 [TCP segment of a reassembled PDU]"
"58307","36.858943422","192.168.1.55","192.168.1.2","TCP","1514","8004  >  36726 [ACK] Seq=62454 Ack=144 Win=65024 Len=1448 TSval=2916040939 TSecr=3045560712 [TCP segment of a reassembled PDU]"
"58308","36.858945311","192.168.1.55","192.168.1.2","TCP","1514","8004  >  36726 [PSH, ACK] Seq=63902 Ack=144 Win=65024 Len=1448 TSval=2916040939 TSecr=3045560712 [TCP segment of a reassembled PDU]"
"58309","36.858950922","192.168.1.2","192.168.1.55","TCP","66","36726  >  8004 [ACK] Seq=144 Ack=36390 Win=76800 Len=0 TSval=3045560713 TSecr=2916040934"
"58310","36.858982459","192.168.1.55","192.168.1.2","TCP","1514","8004  >  36726 [ACK] Seq=65350 Ack=144 Win=65024 Len=1448 TSval=2916040939 TSecr=3045560713 [TCP segment of a reassembled PDU]"
"58311","36.858984089","192.168.1.55","192.168.1.2","TCP","1514","8004  >  36726 [ACK] Seq=66798 Ack=144 Win=65024 Len=1448 TSval=2916040939 TSecr=3045560713 [TCP segment of a reassembled PDU]"
"58312","36.858985200","192.168.1.55","192.168.1.2","TCP","1514","8004  >  36726 [ACK] Seq=68246 Ack=144 Win=65024 Len=1448 TSval=2916040939 TSecr=3045560713 [TCP segment of a reassembled PDU]"
"58313","36.858986848","192.168.1.55","192.168.1.2","TCP","1514","8004  >  36726 [ACK] Seq=69694 Ack=144 Win=65024 Len=1448 TSval=2916040939 TSecr=3045560713 [TCP segment of a reassembled PDU]"
"58314","36.858988237","192.168.1.55","192.168.1.2","TCP","1514","8004  >  36726 [ACK] Seq=71142 Ack=144 Win=65024 Len=1448 TSval=2916040939 TSecr=3045560713 [TCP segment of a reassembled PDU]"
"58315","36.858989459","192.168.1.55","192.168.1.2","TCP","1514","8004  >  36726 [ACK] Seq=72590 Ack=144 Win=65024 Len=1448 TSval=2916040939 TSecr=3045560713 [TCP segment of a reassembled PDU]"
"58316","36.858990959","192.168.1.55","192.168.1.2","TCP","1514","8004  >  36726 [ACK] Seq=74038 Ack=144 Win=65024 Len=1448 TSval=2916040939 TSecr=3045560713 [TCP segment of a reassembled PDU]"
"58317","36.858992866","192.168.1.55","192.168.1.2","TCP","1514","8004  >  36726 [PSH, ACK] Seq=75486 Ack=144 Win=65024 Len=1448 TSval=2916040939 TSecr=3045560713 [TCP segment of a reassembled PDU]"
"58318","36.858998200","192.168.1.2","192.168.1.55","TCP","66","36726  >  8004 [ACK] Seq=144 Ack=40734 Win=91136 Len=0 TSval=3045560713 TSecr=2916040934"
"58319","36.859007218","192.168.1.2","192.168.1.55","TCP","66","36726  >  8004 [ACK] Seq=144 Ack=42182 Win=92160 Len=0 TSval=3045560713 TSecr=2916040935"
"58320","36.859888183","192.168.1.55","192.168.1.2","TCP","1514","8004  >  36726 [ACK] Seq=76934 Ack=144 Win=65024 Len=1448 TSval=2916040940 TSecr=3045560713 [TCP segment of a reassembled PDU]"
"58321","36.859896368","192.168.1.55","192.168.1.2","TCP","1514","8004  >  36726 [ACK] Seq=78382 Ack=144 Win=65024 Len=1448 TSval=2916040940 TSecr=3045560713 [TCP segment of a reassembled PDU]"
"58322","36.859899479","192.168.1.55","192.168.1.2","TCP","1514","8004  >  36726 [ACK] Seq=79830 Ack=144 Win=65024 Len=1448 TSval=2916040940 TSecr=3045560713 [TCP segment of a reassembled PDU]"
"58323","36.859901109","192.168.1.55","192.168.1.2","TCP","1514","8004  >  36726 [ACK] Seq=81278 Ack=144 Win=65024 Len=1448 TSval=2916040940 TSecr=3045560713 [TCP segment of a reassembled PDU]"
"58324","36.859902294","192.168.1.55","192.168.1.2","TCP","1514","8004  >  36726 [ACK] Seq=82726 Ack=144 Win=65024 Len=1448 TSval=2916040940 TSecr=3045560713 [TCP segment of a reassembled PDU]"
"58325","36.859904405","192.168.1.55","192.168.1.2","TCP","1514","8004  >  36726 [ACK] Seq=84174 Ack=144 Win=65024 Len=1448 TSval=2916040940 TSecr=3045560713 [TCP segment of a reassembled PDU]"
"58326","36.859906164","192.168.1.55","192.168.1.2","TCP","1514","8004  >  36726 [ACK] Seq=85622 Ack=144 Win=65024 Len=1448 TSval=2916040940 TSecr=3045560713 [TCP segment of a reassembled PDU]"
"58327","36.859908238","192.168.1.55","192.168.1.2","TCP","1514","8004  >  36726 [ACK] Seq=87070 Ack=144 Win=65024 Len=1448 TSval=2916040940 TSecr=3045560713 [TCP segment of a reassembled PDU]"
"58328","36.859910257","192.168.1.55","192.168.1.2","TCP","1514","8004  >  36726 [ACK] Seq=88518 Ack=144 Win=65024 Len=1448 TSval=2916040940 TSecr=3045560713 [TCP segment of a reassembled PDU]"
"58329","36.859914072","192.168.1.55","192.168.1.2","TCP","1514","8004  >  36726 [ACK] Seq=89966 Ack=144 Win=65024 Len=1448 TSval=2916040940 TSecr=3045560713 [TCP segment of a reassembled PDU]"
"58330","36.859915923","192.168.1.55","192.168.1.2","TCP","1514","8004  >  36726 [ACK] Seq=91414 Ack=144 Win=65024 Len=1448 TSval=2916040940 TSecr=3045560713 [TCP segment of a reassembled PDU]"
"58331","36.859917294","192.168.1.55","192.168.1.2","TCP","1514","8004  >  36726 [ACK] Seq=92862 Ack=144 Win=65024 Len=1448 TSval=2916040940 TSecr=3045560713 [TCP segment of a reassembled PDU]"
"58332","36.859919701","192.168.1.55","192.168.1.2","TCP","1514","8004  >  36726 [ACK] Seq=94310 Ack=144 Win=65024 Len=1448 TSval=2916040940 TSecr=3045560713 [TCP segment of a reassembled PDU]"
"58333","36.859921275","192.168.1.55","192.168.1.2","TCP","1514","8004  >  36726 [PSH, ACK] Seq=95758 Ack=144 Win=65024 Len=1448 TSval=2916040940 TSecr=3045560713 [TCP segment of a reassembled PDU]"
"58334","36.859937405","192.168.1.55","192.168.1.2","TCP","1514","8004  >  36726 [ACK] Seq=97206 Ack=144 Win=65024 Len=1448 TSval=2916040940 TSecr=3045560713 [TCP segment of a reassembled PDU]"
"58335","36.859939127","192.168.1.55","192.168.1.2","TCP","1514","8004  >  36726 [PSH, ACK] Seq=98654 Ack=144 Win=65024 Len=1448 TSval=2916040940 TSecr=3045560713 [TCP segment of a reassembled PDU]"
"58336","36.868123715","192.168.1.2","192.168.1.55","TCP","66","36726  >  8004 [ACK] Seq=144 Ack=45078 Win=91136 Len=0 TSval=3045560719 TSecr=2916040939"
"58337","36.868147992","192.168.1.55","192.168.1.2","TCP","1514","8004  >  36726 [ACK] Seq=100102 Ack=144 Win=65024 Len=1448 TSval=2916040948 TSecr=3045560719 [TCP segment of a reassembled PDU]"
"58338","36.868151381","192.168.1.55","192.168.1.2","TCP","1514","8004  >  36726 [ACK] Seq=101550 Ack=144 Win=65024 Len=1448 TSval=2916040948 TSecr=3045560719 [TCP segment of a reassembled PDU]"
"58339","36.868152603","192.168.1.55","192.168.1.2","TCP","1514","8004  >  36726 [ACK] Seq=102998 Ack=144 Win=65024 Len=1448 TSval=2916040948 TSecr=3045560719 [TCP segment of a reassembled PDU]"
"58340","36.868153844","192.168.1.55","192.168.1.2","TCP","1514","8004  >  36726 [PSH, ACK] Seq=104446 Ack=144 Win=65024 Len=1448 TSval=2916040948 TSecr=3045560719 [TCP segment of a reassembled PDU]"
"58341","36.868214492","192.168.1.2","192.168.1.55","TCP","66","36726  >  8004 [ACK] Seq=144 Ack=65350 Win=75776 Len=0 TSval=3045560719 TSecr=2916040939"
"58342","36.868227641","192.168.1.55","192.168.1.2","TCP","1514","8004  >  36726 [ACK] Seq=105894 Ack=144 Win=65024 Len=1448 TSval=2916040948 TSecr=3045560719 [TCP segment of a reassembled PDU]"
"58343","36.868229067","192.168.1.55","192.168.1.2","TCP","1514","8004  >  36726 [ACK] Seq=107342 Ack=144 Win=65024 Len=1448 TSval=2916040948 TSecr=3045560719 [TCP segment of a reassembled PDU]"
"58344","36.868230159","192.168.1.55","192.168.1.2","TCP","1514","8004  >  36726 [ACK] Seq=108790 Ack=144 Win=65024 Len=1448 TSval=2916040948 TSecr=3045560719 [TCP segment of a reassembled PDU]"
"58345","36.868231215","192.168.1.55","192.168.1.2","TCP","1514","8004  >  36726 [ACK] Seq=110238 Ack=144 Win=65024 Len=1448 TSval=2916040948 TSecr=3045560719 [TCP segment of a reassembled PDU]"
"58346","36.868232381","192.168.1.55","192.168.1.2","TCP","1514","8004  >  36726 [ACK] Seq=111686 Ack=144 Win=65024 Len=1448 TSval=2916040948 TSecr=3045560719 [TCP segment of a reassembled PDU]"
"58347","36.868233455","192.168.1.55","192.168.1.2","TCP","1514","8004  >  36726 [ACK] Seq=113134 Ack=144 Win=65024 Len=1448 TSval=2916040948 TSecr=3045560719 [TCP segment of a reassembled PDU]"
"58348","36.868234604","192.168.1.55","192.168.1.2","TCP","1514","8004  >  36726 [PSH, ACK] Seq=114582 Ack=144 Win=65024 Len=1448 TSval=2916040948 TSecr=3045560719 [TCP segment of a reassembled PDU]"
"58349","36.868240418","192.168.1.2","192.168.1.55","TCP","66","36726  >  8004 [ACK] Seq=144 Ack=76934 Win=64512 Len=0 TSval=3045560719 TSecr=2916040939"
"58350","36.868268159","192.168.1.55","192.168.1.2","TCP","1514","8004  >  36726 [ACK] Seq=116030 Ack=144 Win=65024 Len=1448 TSval=2916040948 TSecr=3045560719 [TCP segment of a reassembled PDU]"
"58351","36.868269955","192.168.1.55","192.168.1.2","TCP","1514","8004  >  36726 [ACK] Seq=117478 Ack=144 Win=65024 Len=1448 TSval=2916040948 TSecr=3045560719 [TCP segment of a reassembled PDU]"
"58352","36.868271289","192.168.1.55","192.168.1.2","TCP","1514","8004  >  36726 [ACK] Seq=118926 Ack=144 Win=65024 Len=1448 TSval=2916040948 TSecr=3045560719 [TCP segment of a reassembled PDU]"
"58353","36.868272567","192.168.1.55","192.168.1.2","TCP","1514","8004  >  36726 [ACK] Seq=120374 Ack=144 Win=65024 Len=1448 TSval=2916040948 TSecr=3045560719 [TCP segment of a reassembled PDU]"
"58354","36.868273752","192.168.1.55","192.168.1.2","TCP","1514","8004  >  36726 [ACK] Seq=121822 Ack=144 Win=65024 Len=1448 TSval=2916040948 TSecr=3045560719 [TCP segment of a reassembled PDU]"
"58355","36.868274974","192.168.1.55","192.168.1.2","TCP","1514","8004  >  36726 [ACK] Seq=123270 Ack=144 Win=65024 Len=1448 TSval=2916040948 TSecr=3045560719 [TCP segment of a reassembled PDU]"
"58356","36.868276178","192.168.1.55","192.168.1.2","TCP","1514","8004  >  36726 [ACK] Seq=124718 Ack=144 Win=65024 Len=1448 TSval=2916040948 TSecr=3045560719 [TCP segment of a reassembled PDU]"
"58357","36.868277437","192.168.1.55","192.168.1.2","TCP","1514","8004  >  36726 [ACK] Seq=126166 Ack=144 Win=65024 Len=1448 TSval=2916040948 TSecr=3045560719 [TCP segment of a reassembled PDU]"
"58358","36.868278752","192.168.1.55","192.168.1.2","TCP","1514","8004  >  36726 [ACK] Seq=127614 Ack=144 Win=65024 Len=1448 TSval=2916040948 TSecr=3045560719 [TCP segment of a reassembled PDU]"
"58359","36.868279993","192.168.1.55","192.168.1.2","TCP","1514","8004  >  36726 [ACK] Seq=129062 Ack=144 Win=65024 Len=1448 TSval=2916040948 TSecr=3045560719 [TCP segment of a reassembled PDU]"
"58360","36.868281159","192.168.1.55","192.168.1.2","TCP","1514","8004  >  36726 [ACK] Seq=130510 Ack=144 Win=65024 Len=1448 TSval=2916040948 TSecr=3045560719 [TCP segment of a reassembled PDU]"
"58361","36.868282418","192.168.1.55","192.168.1.2","TCP","1514","8004  >  36726 [ACK] Seq=131958 Ack=144 Win=65024 Len=1448 TSval=2916040948 TSecr=3045560719 [TCP segment of a reassembled PDU]"
"58362","36.868283770","192.168.1.55","192.168.1.2","TCP","1514","8004  >  36726 [ACK] Seq=133406 Ack=144 Win=65024 Len=1448 TSval=2916040948 TSecr=3045560719 [TCP segment of a reassembled PDU]"
"58363","36.868284918","192.168.1.55","192.168.1.2","TCP","1514","8004  >  36726 [ACK] Seq=134854 Ack=144 Win=65024 Len=1448 TSval=2916040948 TSecr=3045560719 [TCP segment of a reassembled PDU]"
"58364","36.868286122","192.168.1.55","192.168.1.2","TCP","1514","8004  >  36726 [ACK] Seq=136302 Ack=144 Win=65024 Len=1448 TSval=2916040948 TSecr=3045560719 [TCP segment of a reassembled PDU]"
"58365","36.868287474","192.168.1.55","192.168.1.2","TCP","1514","8004  >  36726 [ACK] Seq=137750 Ack=144 Win=65024 Len=1448 TSval=2916040948 TSecr=3045560719 [TCP segment of a reassembled PDU]"
"58366","36.868288696","192.168.1.55","192.168.1.2","TCP","1514","8004  >  36726 [ACK] Seq=139198 Ack=144 Win=65024 Len=1448 TSval=2916040948 TSecr=3045560719 [TCP segment of a reassembled PDU]"
"58367","36.868289956","192.168.1.55","192.168.1.2","TCP","866","[TCP Window Full] 8004  >  36726 [PSH, ACK] Seq=140646 Ack=144 Win=65024 Len=800 TSval=2916040948 TSecr=3045560719 [TCP segment of a reassembled PDU]"
"58368","36.868298937","192.168.1.2","192.168.1.55","TCP","66","36726  >  8004 [ACK] Seq=144 Ack=84174 Win=57344 Len=0 TSval=3045560719 TSecr=2916040940"
"58369","36.868302641","192.168.1.2","192.168.1.55","TCP","66","36726  >  8004 [ACK] Seq=144 Ack=95758 Win=80896 Len=0 TSval=3045560720 TSecr=2916040940"
"58370","36.868339456","192.168.1.55","192.168.1.2","TCP","1514","8004  >  36726 [ACK] Seq=141446 Ack=144 Win=65024 Len=1448 TSval=2916040949 TSecr=3045560720 [TCP segment of a reassembled PDU]"
"58371","36.868344326","192.168.1.55","192.168.1.2","TCP","1514","8004  >  36726 [ACK] Seq=142894 Ack=144 Win=65024 Len=1448 TSval=2916040949 TSecr=3045560720 [TCP segment of a reassembled PDU]"
"58372","36.868345622","192.168.1.55","192.168.1.2","TCP","1514","8004  >  36726 [ACK] Seq=144342 Ack=144 Win=65024 Len=1448 TSval=2916040949 TSecr=3045560720 [TCP segment of a reassembled PDU]"
"58373","36.868346752","192.168.1.55","192.168.1.2","TCP","1514","8004  >  36726 [ACK] Seq=145790 Ack=144 Win=65024 Len=1448 TSval=2916040949 TSecr=3045560720 [TCP segment of a reassembled PDU]"
"58374","36.868347900","192.168.1.55","192.168.1.2","TCP","1514","8004  >  36726 [ACK] Seq=147238 Ack=144 Win=65024 Len=1448 TSval=2916040949 TSecr=3045560720 [TCP segment of a reassembled PDU]"
"58375","36.868349048","192.168.1.55","192.168.1.2","TCP","1514","8004  >  36726 [ACK] Seq=148686 Ack=144 Win=65024 Len=1448 TSval=2916040949 TSecr=3045560720 [TCP segment of a reassembled PDU]"
"58376","36.868350178","192.168.1.55","192.168.1.2","TCP","1514","8004  >  36726 [ACK] Seq=150134 Ack=144 Win=65024 Len=1448 TSval=2916040949 TSecr=3045560720 [TCP segment of a reassembled PDU]"
"58377","36.868351437","192.168.1.55","192.168.1.2","TCP","1514","8004  >  36726 [ACK] Seq=151582 Ack=144 Win=65024 Len=1448 TSval=2916040949 TSecr=3045560720 [TCP segment of a reassembled PDU]"
"58378","36.868352678","192.168.1.55","192.168.1.2","TCP","1514","8004  >  36726 [PSH, ACK] Seq=153030 Ack=144 Win=65024 Len=1448 TSval=2916040949 TSecr=3045560720 [TCP segment of a reassembled PDU]"
"58379","36.869371087","192.168.1.55","192.168.1.2","TCP","714","8004  >  36726 [ACK] Seq=154478 Ack=144 Win=65024 Len=648 TSval=2916040950 TSecr=3045560720 [TCP segment of a reassembled PDU]"
"58380","36.870608237","192.168.1.2","192.168.1.55","TCP","66","36726  >  8004 [ACK] Seq=144 Ack=97206 Win=92160 Len=0 TSval=3045560723 TSecr=2916040940"
"58381","36.870644237","192.168.1.55","192.168.1.2","TCP","1514","8004  >  36726 [ACK] Seq=155126 Ack=144 Win=65024 Len=1448 TSval=2916040951 TSecr=3045560723 [TCP segment of a reassembled PDU]"
"58382","36.870647719","192.168.1.55","192.168.1.2","TCP","1514","8004  >  36726 [ACK] Seq=156574 Ack=144 Win=65024 Len=1448 TSval=2916040951 TSecr=3045560723 [TCP segment of a reassembled PDU]"
"58383","36.870649070","192.168.1.55","192.168.1.2","TCP","1514","8004  >  36726 [ACK] Seq=158022 Ack=144 Win=65024 Len=1448 TSval=2916040951 TSecr=3045560723 [TCP segment of a reassembled PDU]"
"58384","36.870650848","192.168.1.55","192.168.1.2","TCP","1514","8004  >  36726 [ACK] Seq=159470 Ack=144 Win=65024 Len=1448 TSval=2916040951 TSecr=3045560723 [TCP segment of a reassembled PDU]"
"58385","36.870652200","192.168.1.55","192.168.1.2","TCP","1514","8004  >  36726 [ACK] Seq=160918 Ack=144 Win=65024 Len=1448 TSval=2916040951 TSecr=3045560723 [TCP segment of a reassembled PDU]"
"58386","36.870653719","192.168.1.55","192.168.1.2","TCP","1514","8004  >  36726 [ACK] Seq=162366 Ack=144 Win=65024 Len=1448 TSval=2916040951 TSecr=3045560723 [TCP segment of a reassembled PDU]"
"58387","36.870655145","192.168.1.55","192.168.1.2","TCP","1514","8004  >  36726 [ACK] Seq=163814 Ack=144 Win=65024 Len=1448 TSval=2916040951 TSecr=3045560723 [TCP segment of a reassembled PDU]"
"58388","36.870656459","192.168.1.55","192.168.1.2","TCP","1514","8004  >  36726 [ACK] Seq=165262 Ack=144 Win=65024 Len=1448 TSval=2916040951 TSecr=3045560723 [TCP segment of a reassembled PDU]"
"58389","36.870657885","192.168.1.55","192.168.1.2","TCP","1514","8004  >  36726 [ACK] Seq=166710 Ack=144 Win=65024 Len=1448 TSval=2916040951 TSecr=3045560723 [TCP segment of a reassembled PDU]"
"58390","36.870659330","192.168.1.55","192.168.1.2","TCP","1514","8004  >  36726 [ACK] Seq=168158 Ack=144 Win=65024 Len=1448 TSval=2916040951 TSecr=3045560723 [TCP segment of a reassembled PDU]"
"58391","36.870660811","192.168.1.55","192.168.1.2","TCP","1514","8004  >  36726 [ACK] Seq=169606 Ack=144 Win=65024 Len=1448 TSval=2916040951 TSecr=3045560723 [TCP segment of a reassembled PDU]"
"58392","36.870662089","192.168.1.55","192.168.1.2","TCP","1514","8004  >  36726 [ACK] Seq=171054 Ack=144 Win=65024 Len=1448 TSval=2916040951 TSecr=3045560723 [TCP segment of a reassembled PDU]"
"58393","36.870663459","192.168.1.55","192.168.1.2","TCP","1514","8004  >  36726 [ACK] Seq=172502 Ack=144 Win=65024 Len=1448 TSval=2916040951 TSecr=3045560723 [TCP segment of a reassembled PDU]"
"58394","36.870664848","192.168.1.55","192.168.1.2","TCP","1514","8004  >  36726 [ACK] Seq=173950 Ack=144 Win=65024 Len=1448 TSval=2916040951 TSecr=3045560723 [TCP segment of a reassembled PDU]"
"58395","36.870666145","192.168.1.55","192.168.1.2","TCP","1514","8004  >  36726 [ACK] Seq=175398 Ack=144 Win=65024 Len=1448 TSval=2916040951 TSecr=3045560723 [TCP segment of a reassembled PDU]"
"58396","36.870667533","192.168.1.55","192.168.1.2","TCP","1514","8004  >  36726 [ACK] Seq=176846 Ack=144 Win=65024 Len=1448 TSval=2916040951 TSecr=3045560723 [TCP segment of a reassembled PDU]"
"58397","36.870668867","192.168.1.55","192.168.1.2","TCP","1514","8004  >  36726 [ACK] Seq=178294 Ack=144 Win=65024 Len=1448 TSval=2916040951 TSecr=3045560723 [TCP segment of a reassembled PDU]"
"58398","36.870670200","192.168.1.55","192.168.1.2","TCP","1514","8004  >  36726 [ACK] Seq=179742 Ack=144 Win=65024 Len=1448 TSval=2916040951 TSecr=3045560723 [TCP segment of a reassembled PDU]"
"58399","36.870671589","192.168.1.55","192.168.1.2","TCP","1514","8004  >  36726 [ACK] Seq=181190 Ack=144 Win=65024 Len=1448 TSval=2916040951 TSecr=3045560723 [TCP segment of a reassembled PDU]"
"58400","36.870672867","192.168.1.55","192.168.1.2","TCP","1514","8004  >  36726 [ACK] Seq=182638 Ack=144 Win=65024 Len=1448 TSval=2916040951 TSecr=3045560723 [TCP segment of a reassembled PDU]"
"58401","36.870674200","192.168.1.55","192.168.1.2","TCP","1514","8004  >  36726 [ACK] Seq=184086 Ack=144 Win=65024 Len=1448 TSval=2916040951 TSecr=3045560723 [TCP segment of a reassembled PDU]"
"58402","36.870675645","192.168.1.55","192.168.1.2","TCP","1514","8004  >  36726 [ACK] Seq=185534 Ack=144 Win=65024 Len=1448 TSval=2916040951 TSecr=3045560723 [TCP segment of a reassembled PDU]"
"58403","36.870677126","192.168.1.55","192.168.1.2","TCP","1514","8004  >  36726 [PSH, ACK] Seq=186982 Ack=144 Win=65024 Len=1448 TSval=2916040951 TSecr=3045560723 [TCP segment of a reassembled PDU]"
"58404","36.873637557","192.168.1.2","192.168.1.55","TCP","66","36726  >  8004 [ACK] Seq=144 Ack=100102 Win=92160 Len=0 TSval=3045560723 TSecr=2916040940"
"58405","36.873649798","192.168.1.55","192.168.1.2","TCP","1514","8004  >  36726 [ACK] Seq=188430 Ack=144 Win=65024 Len=1448 TSval=2916040954 TSecr=3045560723 [TCP segment of a reassembled PDU]"
"58406","36.873652094","192.168.1.55","192.168.1.2","TCP","1514","8004  >  36726 [PSH, ACK] Seq=189878 Ack=144 Win=65024 Len=1448 TSval=2916040954 TSecr=3045560723 [TCP segment of a reassembled PDU]"
"58407","36.876100950","192.168.1.2","192.168.1.55","TCP","66","36726  >  8004 [ACK] Seq=144 Ack=105894 Win=88064 Len=0 TSval=3045560728 TSecr=2916040948"
"58408","36.876109987","192.168.1.55","192.168.1.2","TCP","1514","8004  >  36726 [ACK] Seq=191326 Ack=144 Win=65024 Len=1448 TSval=2916040956 TSecr=3045560728 [TCP segment of a reassembled PDU]"
"58409","36.876283098","192.168.1.2","192.168.1.55","TCP","66","36726  >  8004 [ACK] Seq=144 Ack=116030 Win=78848 Len=0 TSval=3045560728 TSecr=2916040948"
"58410","36.876289913","192.168.1.2","192.168.1.55","TCP","66","36726  >  8004 [ACK] Seq=144 Ack=141446 Win=70656 Len=0 TSval=3045560729 TSecr=2916040948"
"58411","36.876305968","192.168.1.55","192.168.1.2","TCP","1514","8004  >  36726 [ACK] Seq=192774 Ack=144 Win=65024 Len=1448 TSval=2916040957 TSecr=3045560729 [TCP segment of a reassembled PDU]"
"58412","36.876308709","192.168.1.55","192.168.1.2","TCP","1514","8004  >  36726 [ACK] Seq=194222 Ack=144 Win=65024 Len=1448 TSval=2916040957 TSecr=3045560729 [TCP segment of a reassembled PDU]"
"58413","36.876310080","192.168.1.55","192.168.1.2","TCP","1514","8004  >  36726 [ACK] Seq=195670 Ack=144 Win=65024 Len=1448 TSval=2916040957 TSecr=3045560729 [TCP segment of a reassembled PDU]"
"58414","36.876311413","192.168.1.55","192.168.1.2","TCP","1514","8004  >  36726 [ACK] Seq=197118 Ack=144 Win=65024 Len=1448 TSval=2916040957 TSecr=3045560729 [TCP segment of a reassembled PDU]"
"58415","36.876312765","192.168.1.55","192.168.1.2","TCP","1514","8004  >  36726 [PSH, ACK] Seq=198566 Ack=144 Win=65024 Len=1448 TSval=2916040957 TSecr=3045560729 [TCP segment of a reassembled PDU]"
"58416","36.876325468","192.168.1.2","192.168.1.55","TCP","66","36726  >  8004 [ACK] Seq=144 Ack=145790 Win=66560 Len=0 TSval=3045560729 TSecr=2916040949"
"58417","36.877587396","192.168.1.2","192.168.1.55","TCP","66","36726  >  8004 [ACK] Seq=144 Ack=154478 Win=84992 Len=0 TSval=3045560732 TSecr=2916040949"
"58418","36.877644619","192.168.1.55","192.168.1.2","TCP","1514","8004  >  36726 [ACK] Seq=200014 Ack=144 Win=65024 Len=1448 TSval=2916040958 TSecr=3045560732 [TCP segment of a reassembled PDU]"
"58419","36.877648508","192.168.1.55","192.168.1.2","TCP","1514","8004  >  36726 [ACK] Seq=201462 Ack=144 Win=65024 Len=1448 TSval=2916040958 TSecr=3045560732 [TCP segment of a reassembled PDU]"
"58420","36.877650008","192.168.1.55","192.168.1.2","TCP","1514","8004  >  36726 [ACK] Seq=202910 Ack=144 Win=65024 Len=1448 TSval=2916040958 TSecr=3045560732 [TCP segment of a reassembled PDU]"
"58421","36.877651341","192.168.1.55","192.168.1.2","TCP","1514","8004  >  36726 [ACK] Seq=204358 Ack=144 Win=65024 Len=1448 TSval=2916040958 TSecr=3045560732 [TCP segment of a reassembled PDU]"
"58422","36.877652748","192.168.1.55","192.168.1.2","TCP","1514","8004  >  36726 [ACK] Seq=205806 Ack=144 Win=65024 Len=1448 TSval=2916040958 TSecr=3045560732 [TCP segment of a reassembled PDU]"
"58423","36.877654082","192.168.1.55","192.168.1.2","TCP","1514","8004  >  36726 [ACK] Seq=207254 Ack=144 Win=65024 Len=1448 TSval=2916040958 TSecr=3045560732 [TCP segment of a reassembled PDU]"
"58424","36.877655767","192.168.1.55","192.168.1.2","TCP","1514","8004  >  36726 [ACK] Seq=208702 Ack=144 Win=65024 Len=1448 TSval=2916040958 TSecr=3045560732 [TCP segment of a reassembled PDU]"
"58425","36.877657211","192.168.1.55","192.168.1.2","TCP","1514","8004  >  36726 [ACK] Seq=210150 Ack=144 Win=65024 Len=1448 TSval=2916040958 TSecr=3045560732 [TCP segment of a reassembled PDU]"
"58426","36.877658637","192.168.1.55","192.168.1.2","TCP","1514","8004  >  36726 [ACK] Seq=211598 Ack=144 Win=65024 Len=1448 TSval=2916040958 TSecr=3045560732 [TCP segment of a reassembled PDU]"
"58427","36.877660008","192.168.1.55","192.168.1.2","TCP","1514","8004  >  36726 [ACK] Seq=213046 Ack=144 Win=65024 Len=1448 TSval=2916040958 TSecr=3045560732 [TCP segment of a reassembled PDU]"
"58428","36.877661452","192.168.1.55","192.168.1.2","TCP","1514","8004  >  36726 [ACK] Seq=214494 Ack=144 Win=65024 Len=1448 TSval=2916040958 TSecr=3045560732 [TCP segment of a reassembled PDU]"
"58429","36.877662934","192.168.1.55","192.168.1.2","TCP","1514","8004  >  36726 [ACK] Seq=215942 Ack=144 Win=65024 Len=1448 TSval=2916040958 TSecr=3045560732 [TCP segment of a reassembled PDU]"
"58430","36.877664304","192.168.1.55","192.168.1.2","TCP","1514","8004  >  36726 [ACK] Seq=217390 Ack=144 Win=65024 Len=1448 TSval=2916040958 TSecr=3045560732 [TCP segment of a reassembled PDU]"
"58431","36.877665748","192.168.1.55","192.168.1.2","TCP","1514","8004  >  36726 [ACK] Seq=218838 Ack=144 Win=65024 Len=1448 TSval=2916040958 TSecr=3045560732 [TCP segment of a reassembled PDU]"
"58432","36.877667137","192.168.1.55","192.168.1.2","TCP","1514","8004  >  36726 [ACK] Seq=220286 Ack=144 Win=65024 Len=1448 TSval=2916040958 TSecr=3045560732 [TCP segment of a reassembled PDU]"
"58433","36.877668600","192.168.1.55","192.168.1.2","TCP","1514","8004  >  36726 [ACK] Seq=221734 Ack=144 Win=65024 Len=1448 TSval=2916040958 TSecr=3045560732 [TCP segment of a reassembled PDU]"
"58434","36.877669878","192.168.1.55","192.168.1.2","TCP","1514","8004  >  36726 [ACK] Seq=223182 Ack=144 Win=65024 Len=1448 TSval=2916040958 TSecr=3045560732 [TCP segment of a reassembled PDU]"
"58435","36.877671378","192.168.1.55","192.168.1.2","TCP","1514","8004  >  36726 [ACK] Seq=224630 Ack=144 Win=65024 Len=1448 TSval=2916040958 TSecr=3045560732 [TCP segment of a reassembled PDU]"
"58436","36.877672693","192.168.1.55","192.168.1.2","TCP","1514","8004  >  36726 [ACK] Seq=226078 Ack=144 Win=65024 Len=1448 TSval=2916040958 TSecr=3045560732 [TCP segment of a reassembled PDU]"
"58437","36.877674008","192.168.1.55","192.168.1.2","TCP","1514","8004  >  36726 [ACK] Seq=227526 Ack=144 Win=65024 Len=1448 TSval=2916040958 TSecr=3045560732 [TCP segment of a reassembled PDU]"
"58438","36.877675526","192.168.1.55","192.168.1.2","TCP","1514","8004  >  36726 [ACK] Seq=228974 Ack=144 Win=65024 Len=1448 TSval=2916040958 TSecr=3045560732 [TCP segment of a reassembled PDU]"
"58439","36.877676989","192.168.1.55","192.168.1.2","TCP","1514","8004  >  36726 [ACK] Seq=230422 Ack=144 Win=65024 Len=1448 TSval=2916040958 TSecr=3045560732 [TCP segment of a reassembled PDU]"
"58440","36.877678378","192.168.1.55","192.168.1.2","TCP","1514","8004  >  36726 [ACK] Seq=231870 Ack=144 Win=65024 Len=1448 TSval=2916040958 TSecr=3045560732 [TCP segment of a reassembled PDU]"
"58441","36.877679767","192.168.1.55","192.168.1.2","TCP","1514","8004  >  36726 [ACK] Seq=233318 Ack=144 Win=65024 Len=1448 TSval=2916040958 TSecr=3045560732 [TCP segment of a reassembled PDU]"
"58442","36.877681100","192.168.1.55","192.168.1.2","TCP","1514","8004  >  36726 [ACK] Seq=234766 Ack=144 Win=65024 Len=1448 TSval=2916040958 TSecr=3045560732 [TCP segment of a reassembled PDU]"
"58443","36.877682452","192.168.1.55","192.168.1.2","TCP","1514","8004  >  36726 [ACK] Seq=236214 Ack=144 Win=65024 Len=1448 TSval=2916040958 TSecr=3045560732 [TCP segment of a reassembled PDU]"
"58444","36.877683804","192.168.1.55","192.168.1.2","TCP","1514","8004  >  36726 [PSH, ACK] Seq=237662 Ack=144 Win=65024 Len=1448 TSval=2916040958 TSecr=3045560732 [TCP segment of a reassembled PDU]"
"58445","36.877719211","192.168.1.2","192.168.1.55","TCP","66","36726  >  8004 [ACK] Seq=144 Ack=191326 Win=57344 Len=0 TSval=3045560732 TSecr=2916040950"
"58446","36.877735100","192.168.1.55","192.168.1.2","TCP","1514","8004  >  36726 [ACK] Seq=239110 Ack=144 Win=65024 Len=1448 TSval=2916040958 TSecr=3045560732 [TCP segment of a reassembled PDU]"
"58447","36.877736934","192.168.1.55","192.168.1.2","TCP","1514","8004  >  36726 [ACK] Seq=240558 Ack=144 Win=65024 Len=1448 TSval=2916040958 TSecr=3045560732 [TCP segment of a reassembled PDU]"
"58448","36.877738286","192.168.1.55","192.168.1.2","TCP","1514","8004  >  36726 [ACK] Seq=242006 Ack=144 Win=65024 Len=1448 TSval=2916040958 TSecr=3045560732 [TCP segment of a reassembled PDU]"
"58449","36.877739656","192.168.1.55","192.168.1.2","TCP","1514","8004  >  36726 [PSH, ACK] Seq=243454 Ack=144 Win=65024 Len=1448 TSval=2916040958 TSecr=3045560732 [TCP segment of a reassembled PDU]"
"58450","36.877746656","192.168.1.55","192.168.1.2","TCP","1514","8004  >  36726 [ACK] Seq=244902 Ack=144 Win=65024 Len=1448 TSval=2916040958 TSecr=3045560732 [TCP segment of a reassembled PDU]"
"58451","36.877748156","192.168.1.55","192.168.1.2","TCP","1514","8004  >  36726 [ACK] Seq=246350 Ack=144 Win=65024 Len=1448 TSval=2916040958 TSecr=3045560732 [TCP segment of a reassembled PDU]"
"58452","36.877749434","192.168.1.55","192.168.1.2","TCP","938","[TCP Window Full] 8004  >  36726 [PSH, ACK] Seq=247798 Ack=144 Win=65024 Len=872 TSval=2916040958 TSecr=3045560732 [TCP segment of a reassembled PDU]"
"58453","36.881074198","192.168.1.2","192.168.1.55","TCP","66","36726  >  8004 [ACK] Seq=144 Ack=200014 Win=83968 Len=0 TSval=3045560733 TSecr=2916040956"
"58454","36.881108939","192.168.1.55","192.168.1.2","TCP","1514","8004  >  36726 [ACK] Seq=248670 Ack=144 Win=65024 Len=1448 TSval=2916040961 TSecr=3045560733 [TCP segment of a reassembled PDU]"
"58455","36.881111698","192.168.1.55","192.168.1.2","TCP","1514","8004  >  36726 [ACK] Seq=250118 Ack=144 Win=65024 Len=1448 TSval=2916040961 TSecr=3045560733 [TCP segment of a reassembled PDU]"
"58456","36.881113106","192.168.1.55","192.168.1.2","TCP","1514","8004  >  36726 [ACK] Seq=251566 Ack=144 Win=65024 Len=1448 TSval=2916040961 TSecr=3045560733 [TCP segment of a reassembled PDU]"
"58457","36.881114587","192.168.1.55","192.168.1.2","TCP","1514","8004  >  36726 [ACK] Seq=253014 Ack=144 Win=65024 Len=1448 TSval=2916040961 TSecr=3045560733 [TCP segment of a reassembled PDU]"
"58458","36.881116124","192.168.1.55","192.168.1.2","TCP","1514","8004  >  36726 [ACK] Seq=254462 Ack=144 Win=65024 Len=1448 TSval=2916040961 TSecr=3045560733 [TCP segment of a reassembled PDU]"
"58459","36.881117624","192.168.1.55","192.168.1.2","TCP","1514","8004  >  36726 [ACK] Seq=255910 Ack=144 Win=65024 Len=1448 TSval=2916040961 TSecr=3045560733 [TCP segment of a reassembled PDU]"
"58460","36.881118995","192.168.1.55","192.168.1.2","TCP","1514","8004  >  36726 [ACK] Seq=257358 Ack=144 Win=65024 Len=1448 TSval=2916040961 TSecr=3045560733 [TCP segment of a reassembled PDU]"
"58461","36.881120347","192.168.1.55","192.168.1.2","TCP","1514","8004  >  36726 [ACK] Seq=258806 Ack=144 Win=65024 Len=1448 TSval=2916040961 TSecr=3045560733 [TCP segment of a reassembled PDU]"
"58462","36.881121717","192.168.1.55","192.168.1.2","TCP","1514","8004  >  36726 [ACK] Seq=260254 Ack=144 Win=65024 Len=1448 TSval=2916040961 TSecr=3045560733 [TCP segment of a reassembled PDU]"
"58463","36.881123198","192.168.1.55","192.168.1.2","TCP","1514","8004  >  36726 [ACK] Seq=261702 Ack=144 Win=65024 Len=1448 TSval=2916040961 TSecr=3045560733 [TCP segment of a reassembled PDU]"
"58464","36.881124569","192.168.1.55","192.168.1.2","TCP","1514","8004  >  36726 [ACK] Seq=263150 Ack=144 Win=65024 Len=1448 TSval=2916040961 TSecr=3045560733 [TCP segment of a reassembled PDU]"
"58465","36.881125958","192.168.1.55","192.168.1.2","TCP","1514","8004  >  36726 [ACK] Seq=264598 Ack=144 Win=65024 Len=1448 TSval=2916040961 TSecr=3045560733 [TCP segment of a reassembled PDU]"
"58466","36.881127365","192.168.1.55","192.168.1.2","TCP","1514","8004  >  36726 [ACK] Seq=266046 Ack=144 Win=65024 Len=1448 TSval=2916040961 TSecr=3045560733 [TCP segment of a reassembled PDU]"
"58467","36.881128921","192.168.1.55","192.168.1.2","TCP","1514","8004  >  36726 [ACK] Seq=267494 Ack=144 Win=65024 Len=1448 TSval=2916040961 TSecr=3045560733 [TCP segment of a reassembled PDU]"
"58468","36.881130384","192.168.1.55","192.168.1.2","TCP","1514","8004  >  36726 [ACK] Seq=268942 Ack=144 Win=65024 Len=1448 TSval=2916040961 TSecr=3045560733 [TCP segment of a reassembled PDU]"
"58469","36.881131884","192.168.1.55","192.168.1.2","TCP","1514","8004  >  36726 [ACK] Seq=270390 Ack=144 Win=65024 Len=1448 TSval=2916040961 TSecr=3045560733 [TCP segment of a reassembled PDU]"
"58470","36.881133624","192.168.1.55","192.168.1.2","TCP","1514","8004  >  36726 [ACK] Seq=271838 Ack=144 Win=65024 Len=1448 TSval=2916040961 TSecr=3045560733 [TCP segment of a reassembled PDU]"
"58471","36.881135143","192.168.1.55","192.168.1.2","TCP","1514","8004  >  36726 [ACK] Seq=273286 Ack=144 Win=65024 Len=1448 TSval=2916040961 TSecr=3045560733 [TCP segment of a reassembled PDU]"
"58472","36.881136513","192.168.1.55","192.168.1.2","TCP","1514","8004  >  36726 [ACK] Seq=274734 Ack=144 Win=65024 Len=1448 TSval=2916040961 TSecr=3045560733 [TCP segment of a reassembled PDU]"
"58473","36.881137976","192.168.1.55","192.168.1.2","TCP","1514","8004  >  36726 [ACK] Seq=276182 Ack=144 Win=65024 Len=1448 TSval=2916040961 TSecr=3045560733 [TCP segment of a reassembled PDU]"
"58474","36.881139421","192.168.1.55","192.168.1.2","TCP","1514","8004  >  36726 [ACK] Seq=277630 Ack=144 Win=65024 Len=1448 TSval=2916040961 TSecr=3045560733 [TCP segment of a reassembled PDU]"
"58475","36.881140828","192.168.1.55","192.168.1.2","TCP","1514","8004  >  36726 [ACK] Seq=279078 Ack=144 Win=65024 Len=1448 TSval=2916040961 TSecr=3045560733 [TCP segment of a reassembled PDU]"
"58476","36.881146087","192.168.1.55","192.168.1.2","TCP","1514","8004  >  36726 [ACK] Seq=280526 Ack=144 Win=65024 Len=1448 TSval=2916040961 TSecr=3045560733 [TCP segment of a reassembled PDU]"
"58477","36.881147884","192.168.1.55","192.168.1.2","TCP","1514","8004  >  36726 [PSH, ACK] Seq=281974 Ack=144 Win=65024 Len=1448 TSval=2916040961 TSecr=3045560733 [TCP segment of a reassembled PDU]"
"58478","36.885866151","192.168.1.2","192.168.1.55","TCP","66","36726  >  8004 [ACK] Seq=144 Ack=230422 Win=144384 Len=0 TSval=3045560738 TSecr=2916040958"
"58479","36.885880502","192.168.1.55","192.168.1.2","TCP","1514","8004  >  36726 [ACK] Seq=283422 Ack=144 Win=65024 Len=1448 TSval=2916040966 TSecr=3045560738 [TCP segment of a reassembled PDU]"
"58480","36.885883114","192.168.1.55","192.168.1.2","TCP","1514","8004  >  36726 [ACK] Seq=284870 Ack=144 Win=65024 Len=1448 TSval=2916040966 TSecr=3045560738 [TCP segment of a reassembled PDU]"
"58481","36.885884595","192.168.1.55","192.168.1.2","TCP","1514","8004  >  36726 [ACK] Seq=286318 Ack=144 Win=65024 Len=1448 TSval=2916040966 TSecr=3045560738 [TCP segment of a reassembled PDU]"
"58482","36.885885965","192.168.1.55","192.168.1.2","TCP","1514","8004  >  36726 [ACK] Seq=287766 Ack=144 Win=65024 Len=1448 TSval=2916040966 TSecr=3045560738 [TCP segment of a reassembled PDU]"
"58483","36.885887354","192.168.1.55","192.168.1.2","TCP","642","8004  >  36726 [PSH, ACK] Seq=289214 Ack=144 Win=65024 Len=576 TSval=2916040966 TSecr=3045560738 [TCP segment of a reassembled PDU]"
"58484","36.885920188","192.168.1.55","192.168.1.2","TCP","1514","8004  >  36726 [ACK] Seq=289790 Ack=144 Win=65024 Len=1448 TSval=2916040966 TSecr=3045560738 [TCP segment of a reassembled PDU]"
"58485","36.885922502","192.168.1.55","192.168.1.2","TCP","1514","8004  >  36726 [ACK] Seq=291238 Ack=144 Win=65024 Len=1448 TSval=2916040966 TSecr=3045560738 [TCP segment of a reassembled PDU]"
"58486","36.885924021","192.168.1.55","192.168.1.2","TCP","1514","8004  >  36726 [ACK] Seq=292686 Ack=144 Win=65024 Len=1448 TSval=2916040966 TSecr=3045560738 [TCP segment of a reassembled PDU]"
"58487","36.885925521","192.168.1.55","192.168.1.2","TCP","1514","8004  >  36726 [ACK] Seq=294134 Ack=144 Win=65024 Len=1448 TSval=2916040966 TSecr=3045560738 [TCP segment of a reassembled PDU]"
"58488","36.885927021","192.168.1.55","192.168.1.2","TCP","1514","8004  >  36726 [ACK] Seq=295582 Ack=144 Win=65024 Len=1448 TSval=2916040966 TSecr=3045560738 [TCP segment of a reassembled PDU]"
"58489","36.885928540","192.168.1.55","192.168.1.2","TCP","1514","8004  >  36726 [ACK] Seq=297030 Ack=144 Win=65024 Len=1448 TSval=2916040966 TSecr=3045560738 [TCP segment of a reassembled PDU]"
"58490","36.885930058","192.168.1.55","192.168.1.2","TCP","1514","8004  >  36726 [ACK] Seq=298478 Ack=144 Win=65024 Len=1448 TSval=2916040966 TSecr=3045560738 [TCP segment of a reassembled PDU]"
"58491","36.885931428","192.168.1.55","192.168.1.2","TCP","1514","8004  >  36726 [ACK] Seq=299926 Ack=144 Win=65024 Len=1448 TSval=2916040966 TSecr=3045560738 [TCP segment of a reassembled PDU]"
"58492","36.885932928","192.168.1.55","192.168.1.2","TCP","1514","8004  >  36726 [ACK] Seq=301374 Ack=144 Win=65024 Len=1448 TSval=2916040966 TSecr=3045560738 [TCP segment of a reassembled PDU]"
"58493","36.885934558","192.168.1.55","192.168.1.2","TCP","1514","8004  >  36726 [ACK] Seq=302822 Ack=144 Win=65024 Len=1448 TSval=2916040966 TSecr=3045560738 [TCP segment of a reassembled PDU]"
"58494","36.885936077","192.168.1.55","192.168.1.2","TCP","1514","8004  >  36726 [ACK] Seq=304270 Ack=144 Win=65024 Len=1448 TSval=2916040966 TSecr=3045560738 [TCP segment of a reassembled PDU]"
"58495","36.885937725","192.168.1.55","192.168.1.2","TCP","1514","8004  >  36726 [ACK] Seq=305718 Ack=144 Win=65024 Len=1448 TSval=2916040966 TSecr=3045560738 [TCP segment of a reassembled PDU]"
"58496","36.885939188","192.168.1.55","192.168.1.2","TCP","1514","8004  >  36726 [ACK] Seq=307166 Ack=144 Win=65024 Len=1448 TSval=2916040966 TSecr=3045560738 [TCP segment of a reassembled PDU]"
"58497","36.885940836","192.168.1.55","192.168.1.2","TCP","1514","8004  >  36726 [ACK] Seq=308614 Ack=144 Win=65024 Len=1448 TSval=2916040966 TSecr=3045560738 [TCP segment of a reassembled PDU]"
"58498","36.885942280","192.168.1.55","192.168.1.2","TCP","1514","8004  >  36726 [ACK] Seq=310062 Ack=144 Win=65024 Len=1448 TSval=2916040966 TSecr=3045560738 [TCP segment of a reassembled PDU]"
"58499","36.885943873","192.168.1.55","192.168.1.2","TCP","1514","8004  >  36726 [ACK] Seq=311510 Ack=144 Win=65024 Len=1448 TSval=2916040966 TSecr=3045560738 [TCP segment of a reassembled PDU]"
"58500","36.885945428","192.168.1.55","192.168.1.2","TCP","1514","8004  >  36726 [ACK] Seq=312958 Ack=144 Win=65024 Len=1448 TSval=2916040966 TSecr=3045560738 [TCP segment of a reassembled PDU]"
"58501","36.885947003","192.168.1.55","192.168.1.2","TCP","1514","8004  >  36726 [ACK] Seq=314406 Ack=144 Win=65024 Len=1448 TSval=2916040966 TSecr=3045560738 [TCP segment of a reassembled PDU]"
"58502","36.885948595","192.168.1.55","192.168.1.2","TCP","1514","8004  >  36726 [ACK] Seq=315854 Ack=144 Win=65024 Len=1448 TSval=2916040966 TSecr=3045560738 [TCP segment of a reassembled PDU]"
"58503","36.885950058","192.168.1.55","192.168.1.2","TCP","1514","8004  >  36726 [ACK] Seq=317302 Ack=144 Win=65024 Len=1448 TSval=2916040966 TSecr=3045560738 [TCP segment of a reassembled PDU]"
"58504","36.885952336","192.168.1.55","192.168.1.2","TCP","1514","8004  >  36726 [ACK] Seq=318750 Ack=144 Win=65024 Len=1448 TSval=2916040966 TSecr=3045560738 [TCP segment of a reassembled PDU]"
"58505","36.885953836","192.168.1.55","192.168.1.2","TCP","1514","8004  >  36726 [ACK] Seq=320198 Ack=144 Win=65024 Len=1448 TSval=2916040966 TSecr=3045560738 [TCP segment of a reassembled PDU]"
"58506","36.885955336","192.168.1.55","192.168.1.2","TCP","1514","8004  >  36726 [ACK] Seq=321646 Ack=144 Win=65024 Len=1448 TSval=2916040966 TSecr=3045560738 [TCP segment of a reassembled PDU]"
"58507","36.885956725","192.168.1.55","192.168.1.2","TCP","1514","8004  >  36726 [ACK] Seq=323094 Ack=144 Win=65024 Len=1448 TSval=2916040966 TSecr=3045560738 [TCP segment of a reassembled PDU]"
"58508","36.885958095","192.168.1.55","192.168.1.2","TCP","1514","8004  >  36726 [ACK] Seq=324542 Ack=144 Win=65024 Len=1448 TSval=2916040966 TSecr=3045560738 [TCP segment of a reassembled PDU]"
"58509","36.885959466","192.168.1.55","192.168.1.2","TCP","1514","8004  >  36726 [ACK] Seq=325990 Ack=144 Win=65024 Len=1448 TSval=2916040966 TSecr=3045560738 [TCP segment of a reassembled PDU]"
"58510","36.885961003","192.168.1.55","192.168.1.2","TCP","1514","8004  >  36726 [ACK] Seq=327438 Ack=144 Win=65024 Len=1448 TSval=2916040966 TSecr=3045560738 [TCP segment of a reassembled PDU]"
"58511","36.885962503","192.168.1.55","192.168.1.2","TCP","1514","8004  >  36726 [ACK] Seq=328886 Ack=144 Win=65024 Len=1448 TSval=2916040966 TSecr=3045560738 [TCP segment of a reassembled PDU]"
"58512","36.885963891","192.168.1.55","192.168.1.2","TCP","1514","8004  >  36726 [ACK] Seq=330334 Ack=144 Win=65024 Len=1448 TSval=2916040966 TSecr=3045560738 [TCP segment of a reassembled PDU]"
"58513","36.885965354","192.168.1.55","192.168.1.2","TCP","1514","8004  >  36726 [ACK] Seq=331782 Ack=144 Win=65024 Len=1448 TSval=2916040966 TSecr=3045560738 [TCP segment of a reassembled PDU]"
"58514","36.885967040","192.168.1.55","192.168.1.2","TCP","1514","8004  >  36726 [PSH, ACK] Seq=333230 Ack=144 Win=65024 Len=1448 TSval=2916040966 TSecr=3045560738 [TCP segment of a reassembled PDU]"
"58515","36.886027355","192.168.1.2","192.168.1.55","TCP","66","36726  >  8004 [ACK] Seq=144 Ack=244902 Win=130048 Len=0 TSval=3045560738 TSecr=2916040958"
"58516","36.886036632","192.168.1.2","192.168.1.55","TCP","66","36726  >  8004 [ACK] Seq=144 Ack=248670 Win=126976 Len=0 TSval=3045560738 TSecr=2916040958"
"58517","36.889683323","192.168.1.2","192.168.1.55","TCP","66","36726  >  8004 [ACK] Seq=144 Ack=253014 Win=153600 Len=0 TSval=3045560741 TSecr=2916040961"
"58518","36.889719620","192.168.1.55","192.168.1.2","TCP","1514","8004  >  36726 [ACK] Seq=334678 Ack=144 Win=65024 Len=1448 TSval=2916040970 TSecr=3045560741 [TCP segment of a reassembled PDU]"
"58519","36.889721657","192.168.1.55","192.168.1.2","TCP","1514","8004  >  36726 [ACK] Seq=336126 Ack=144 Win=65024 Len=1448 TSval=2916040970 TSecr=3045560741 [TCP segment of a reassembled PDU]"
"58520","36.889722990","192.168.1.55","192.168.1.2","TCP","1514","8004  >  36726 [ACK] Seq=337574 Ack=144 Win=65024 Len=1448 TSval=2916040970 TSecr=3045560741 [TCP segment of a reassembled PDU]"
"58521","36.889724509","192.168.1.55","192.168.1.2","TCP","1514","8004  >  36726 [ACK] Seq=339022 Ack=144 Win=65024 Len=1448 TSval=2916040970 TSecr=3045560741 [TCP segment of a reassembled PDU]"
"58522","36.889725842","192.168.1.55","192.168.1.2","TCP","1514","8004  >  36726 [ACK] Seq=340470 Ack=144 Win=65024 Len=1448 TSval=2916040970 TSecr=3045560741 [TCP segment of a reassembled PDU]"
"58523","36.889727231","192.168.1.55","192.168.1.2","TCP","1514","8004  >  36726 [ACK] Seq=341918 Ack=144 Win=65024 Len=1448 TSval=2916040970 TSecr=3045560741 [TCP segment of a reassembled PDU]"
"58524","36.889728583","192.168.1.55","192.168.1.2","TCP","1514","8004  >  36726 [ACK] Seq=343366 Ack=144 Win=65024 Len=1448 TSval=2916040970 TSecr=3045560741 [TCP segment of a reassembled PDU]"
"58525","36.889729990","192.168.1.55","192.168.1.2","TCP","1514","8004  >  36726 [ACK] Seq=344814 Ack=144 Win=65024 Len=1448 TSval=2916040970 TSecr=3045560741 [TCP segment of a reassembled PDU]"
"58526","36.889731360","192.168.1.55","192.168.1.2","TCP","1514","8004  >  36726 [ACK] Seq=346262 Ack=144 Win=65024 Len=1448 TSval=2916040970 TSecr=3045560741 [TCP segment of a reassembled PDU]"
"58527","36.889732657","192.168.1.55","192.168.1.2","TCP","1514","8004  >  36726 [ACK] Seq=347710 Ack=144 Win=65024 Len=1448 TSval=2916040970 TSecr=3045560741 [TCP segment of a reassembled PDU]"
"58528","36.889734083","192.168.1.55","192.168.1.2","TCP","1514","8004  >  36726 [ACK] Seq=349158 Ack=144 Win=65024 Len=1448 TSval=2916040970 TSecr=3045560741 [TCP segment of a reassembled PDU]"
"58529","36.889735527","192.168.1.55","192.168.1.2","TCP","1514","8004  >  36726 [ACK] Seq=350606 Ack=144 Win=65024 Len=1448 TSval=2916040970 TSecr=3045560741 [TCP segment of a reassembled PDU]"
"58530","36.889737046","192.168.1.55","192.168.1.2","TCP","1514","8004  >  36726 [ACK] Seq=352054 Ack=144 Win=65024 Len=1448 TSval=2916040970 TSecr=3045560741 [TCP segment of a reassembled PDU]"
"58531","36.889738435","192.168.1.55","192.168.1.2","TCP","1514","8004  >  36726 [ACK] Seq=353502 Ack=144 Win=65024 Len=1448 TSval=2916040970 TSecr=3045560741 [TCP segment of a reassembled PDU]"
"58532","36.889739731","192.168.1.55","192.168.1.2","TCP","1514","8004  >  36726 [ACK] Seq=354950 Ack=144 Win=65024 Len=1448 TSval=2916040970 TSecr=3045560741 [TCP segment of a reassembled PDU]"
"58533","36.889741175","192.168.1.55","192.168.1.2","TCP","1514","8004  >  36726 [ACK] Seq=356398 Ack=144 Win=65024 Len=1448 TSval=2916040970 TSecr=3045560741 [TCP segment of a reassembled PDU]"
"58534","36.889742601","192.168.1.55","192.168.1.2","TCP","1514","8004  >  36726 [ACK] Seq=357846 Ack=144 Win=65024 Len=1448 TSval=2916040970 TSecr=3045560741 [TCP segment of a reassembled PDU]"
"58535","36.889743916","192.168.1.55","192.168.1.2","TCP","1514","8004  >  36726 [ACK] Seq=359294 Ack=144 Win=65024 Len=1448 TSval=2916040970 TSecr=3045560741 [TCP segment of a reassembled PDU]"
"58536","36.889745305","192.168.1.55","192.168.1.2","TCP","1514","8004  >  36726 [ACK] Seq=360742 Ack=144 Win=65024 Len=1448 TSval=2916040970 TSecr=3045560741 [TCP segment of a reassembled PDU]"
"58537","36.889746601","192.168.1.55","192.168.1.2","TCP","1514","8004  >  36726 [ACK] Seq=362190 Ack=144 Win=65024 Len=1448 TSval=2916040970 TSecr=3045560741 [TCP segment of a reassembled PDU]"
"58538","36.889747916","192.168.1.55","192.168.1.2","TCP","1514","8004  >  36726 [ACK] Seq=363638 Ack=144 Win=65024 Len=1448 TSval=2916040970 TSecr=3045560741 [TCP segment of a reassembled PDU]"
"58539","36.889749323","192.168.1.55","192.168.1.2","TCP","1514","8004  >  36726 [ACK] Seq=365086 Ack=144 Win=65024 Len=1448 TSval=2916040970 TSecr=3045560741 [TCP segment of a reassembled PDU]"
"58540","36.889750601","192.168.1.55","192.168.1.2","TCP","1514","8004  >  36726 [ACK] Seq=366534 Ack=144 Win=65024 Len=1448 TSval=2916040970 TSecr=3045560741 [TCP segment of a reassembled PDU]"
"58541","36.889752046","192.168.1.55","192.168.1.2","TCP","1514","8004  >  36726 [ACK] Seq=367982 Ack=144 Win=65024 Len=1448 TSval=2916040970 TSecr=3045560741 [TCP segment of a reassembled PDU]"
"58542","36.889753490","192.168.1.55","192.168.1.2","TCP","1514","8004  >  36726 [ACK] Seq=369430 Ack=144 Win=65024 Len=1448 TSval=2916040970 TSecr=3045560741 [TCP segment of a reassembled PDU]"
"58543","36.889754805","192.168.1.55","192.168.1.2","TCP","1514","8004  >  36726 [ACK] Seq=370878 Ack=144 Win=65024 Len=1448 TSval=2916040970 TSecr=3045560741 [TCP segment of a reassembled PDU]"
"58544","36.889756083","192.168.1.55","192.168.1.2","TCP","1514","8004  >  36726 [ACK] Seq=372326 Ack=144 Win=65024 Len=1448 TSval=2916040970 TSecr=3045560741 [TCP segment of a reassembled PDU]"
"58545","36.889757379","192.168.1.55","192.168.1.2","TCP","1514","8004  >  36726 [ACK] Seq=373774 Ack=144 Win=65024 Len=1448 TSval=2916040970 TSecr=3045560741 [TCP segment of a reassembled PDU]"
"58546","36.889758749","192.168.1.55","192.168.1.2","TCP","1514","8004  >  36726 [ACK] Seq=375222 Ack=144 Win=65024 Len=1448 TSval=2916040970 TSecr=3045560741 [TCP segment of a reassembled PDU]"
"58547","36.889760157","192.168.1.55","192.168.1.2","TCP","1514","8004  >  36726 [ACK] Seq=376670 Ack=144 Win=65024 Len=1448 TSval=2916040970 TSecr=3045560741 [TCP segment of a reassembled PDU]"
"58548","36.889761453","192.168.1.55","192.168.1.2","TCP","1514","8004  >  36726 [PSH, ACK] Seq=378118 Ack=144 Win=65024 Len=1448 TSval=2916040970 TSecr=3045560741 [TCP segment of a reassembled PDU]"
"58549","36.889794027","192.168.1.2","192.168.1.55","TCP","66","36726  >  8004 [ACK] Seq=144 Ack=283422 Win=145408 Len=0 TSval=3045560741 TSecr=2916040961"
"58550","36.889840305","192.168.1.55","192.168.1.2","TCP","1514","8004  >  36726 [ACK] Seq=379566 Ack=144 Win=65024 Len=1448 TSval=2916040970 TSecr=3045560741 [TCP segment of a reassembled PDU]"
"58551","36.889842657","192.168.1.55","192.168.1.2","TCP","1514","8004  >  36726 [ACK] Seq=381014 Ack=144 Win=65024 Len=1448 TSval=2916040970 TSecr=3045560741 [TCP segment of a reassembled PDU]"
"58552","36.889844027","192.168.1.55","192.168.1.2","TCP","1514","8004  >  36726 [ACK] Seq=382462 Ack=144 Win=65024 Len=1448 TSval=2916040970 TSecr=3045560741 [TCP segment of a reassembled PDU]"
"58553","36.889845361","192.168.1.55","192.168.1.2","TCP","1514","8004  >  36726 [ACK] Seq=383910 Ack=144 Win=65024 Len=1448 TSval=2916040970 TSecr=3045560741 [TCP segment of a reassembled PDU]"
"58554","36.889846805","192.168.1.55","192.168.1.2","TCP","1514","8004  >  36726 [ACK] Seq=385358 Ack=144 Win=65024 Len=1448 TSval=2916040970 TSecr=3045560741 [TCP segment of a reassembled PDU]"
"58555","36.889849027","192.168.1.55","192.168.1.2","TCP","1514","8004  >  36726 [ACK] Seq=386806 Ack=144 Win=65024 Len=1448 TSval=2916040970 TSecr=3045560741 [TCP segment of a reassembled PDU]"
"58556","36.889850305","192.168.1.55","192.168.1.2","TCP","1514","8004  >  36726 [ACK] Seq=388254 Ack=144 Win=65024 Len=1448 TSval=2916040970 TSecr=3045560741 [TCP segment of a reassembled PDU]"
"58557","36.889851824","192.168.1.55","192.168.1.2","TCP","1514","8004  >  36726 [ACK] Seq=389702 Ack=144 Win=65024 Len=1448 TSval=2916040970 TSecr=3045560741 [TCP segment of a reassembled PDU]"
"58558","36.889853157","192.168.1.55","192.168.1.2","TCP","1514","8004  >  36726 [ACK] Seq=391150 Ack=144 Win=65024 Len=1448 TSval=2916040970 TSecr=3045560741 [TCP segment of a reassembled PDU]"
"58559","36.889854490","192.168.1.55","192.168.1.2","TCP","1514","8004  >  36726 [ACK] Seq=392598 Ack=144 Win=65024 Len=1448 TSval=2916040970 TSecr=3045560741 [TCP segment of a reassembled PDU]"
"58560","36.889856027","192.168.1.55","192.168.1.2","TCP","1514","8004  >  36726 [ACK] Seq=394046 Ack=144 Win=65024 Len=1448 TSval=2916040970 TSecr=3045560741 [TCP segment of a reassembled PDU]"
"58561","36.889857398","192.168.1.55","192.168.1.2","TCP","1514","8004  >  36726 [ACK] Seq=395494 Ack=144 Win=65024 Len=1448 TSval=2916040970 TSecr=3045560741 [TCP segment of a reassembled PDU]"
"58562","36.889858972","192.168.1.55","192.168.1.2","TCP","1514","8004  >  36726 [ACK] Seq=396942 Ack=144 Win=65024 Len=1448 TSval=2916040970 TSecr=3045560741 [TCP segment of a reassembled PDU]"
"58563","36.889860379","192.168.1.55","192.168.1.2","TCP","1514","8004  >  36726 [ACK] Seq=398390 Ack=144 Win=65024 Len=1448 TSval=2916040970 TSecr=3045560741 [TCP segment of a reassembled PDU]"
"58564","36.889861750","192.168.1.55","192.168.1.2","TCP","1514","8004  >  36726 [ACK] Seq=399838 Ack=144 Win=65024 Len=1448 TSval=2916040970 TSecr=3045560741 [TCP segment of a reassembled PDU]"
"58565","36.889863527","192.168.1.55","192.168.1.2","TCP","1514","8004  >  36726 [ACK] Seq=401286 Ack=144 Win=65024 Len=1448 TSval=2916040970 TSecr=3045560741 [TCP segment of a reassembled PDU]"
"58566","36.889864805","192.168.1.55","192.168.1.2","TCP","1514","8004  >  36726 [ACK] Seq=402734 Ack=144 Win=65024 Len=1448 TSval=2916040970 TSecr=3045560741 [TCP segment of a reassembled PDU]"
"58567","36.889866120","192.168.1.55","192.168.1.2","TCP","1514","8004  >  36726 [ACK] Seq=404182 Ack=144 Win=65024 Len=1448 TSval=2916040970 TSecr=3045560741 [TCP segment of a reassembled PDU]"
"58568","36.889867398","192.168.1.55","192.168.1.2","TCP","1514","8004  >  36726 [ACK] Seq=405630 Ack=144 Win=65024 Len=1448 TSval=2916040970 TSecr=3045560741 [TCP segment of a reassembled PDU]"
"58569","36.889868676","192.168.1.55","192.168.1.2","TCP","1514","8004  >  36726 [ACK] Seq=407078 Ack=144 Win=65024 Len=1448 TSval=2916040970 TSecr=3045560741 [TCP segment of a reassembled PDU]"
"58570","36.889870305","192.168.1.55","192.168.1.2","TCP","1514","8004  >  36726 [ACK] Seq=408526 Ack=144 Win=65024 Len=1448 TSval=2916040970 TSecr=3045560741 [TCP segment of a reassembled PDU]"
"58571","36.889871583","192.168.1.55","192.168.1.2","TCP","1514","8004  >  36726 [ACK] Seq=409974 Ack=144 Win=65024 Len=1448 TSval=2916040970 TSecr=3045560741 [TCP segment of a reassembled PDU]"
"58572","36.889873027","192.168.1.55","192.168.1.2","TCP","1514","8004  >  36726 [ACK] Seq=411422 Ack=144 Win=65024 Len=1448 TSval=2916040970 TSecr=3045560741 [TCP segment of a reassembled PDU]"
"58573","36.889874324","192.168.1.55","192.168.1.2","TCP","1514","8004  >  36726 [ACK] Seq=412870 Ack=144 Win=65024 Len=1448 TSval=2916040970 TSecr=3045560741 [TCP segment of a reassembled PDU]"
"58574","36.889875676","192.168.1.55","192.168.1.2","TCP","1514","8004  >  36726 [ACK] Seq=414318 Ack=144 Win=65024 Len=1448 TSval=2916040970 TSecr=3045560741 [TCP segment of a reassembled PDU]"
"58575","36.889877120","192.168.1.55","192.168.1.2","TCP","1514","8004  >  36726 [ACK] Seq=415766 Ack=144 Win=65024 Len=1448 TSval=2916040970 TSecr=3045560741 [TCP segment of a reassembled PDU]"
"58576","36.889878453","192.168.1.55","192.168.1.2","TCP","1514","8004  >  36726 [ACK] Seq=417214 Ack=144 Win=65024 Len=1448 TSval=2916040970 TSecr=3045560741 [TCP segment of a reassembled PDU]"
"58577","36.889879824","192.168.1.55","192.168.1.2","TCP","1514","8004  >  36726 [ACK] Seq=418662 Ack=144 Win=65024 Len=1448 TSval=2916040970 TSecr=3045560741 [TCP segment of a reassembled PDU]"
"58578","36.889881472","192.168.1.55","192.168.1.2","TCP","1514","8004  >  36726 [ACK] Seq=420110 Ack=144 Win=65024 Len=1448 TSval=2916040970 TSecr=3045560741 [TCP segment of a reassembled PDU]"
"58579","36.889882824","192.168.1.55","192.168.1.2","TCP","1514","8004  >  36726 [ACK] Seq=421558 Ack=144 Win=65024 Len=1448 TSval=2916040970 TSecr=3045560741 [TCP segment of a reassembled PDU]"
"58580","36.889884268","192.168.1.55","192.168.1.2","TCP","1514","8004  >  36726 [PSH, ACK] Seq=423006 Ack=144 Win=65024 Len=1448 TSval=2916040970 TSecr=3045560741 [TCP segment of a reassembled PDU]"
"58581","36.891066085","192.168.1.55","192.168.1.2","TCP","1514","8004  >  36726 [ACK] Seq=424454 Ack=144 Win=65024 Len=1448 TSval=2916040971 TSecr=3045560741 [TCP segment of a reassembled PDU]"
"58582","36.891068529","192.168.1.55","192.168.1.2","TCP","1514","8004  >  36726 [ACK] Seq=425902 Ack=144 Win=65024 Len=1448 TSval=2916040971 TSecr=3045560741 [TCP segment of a reassembled PDU]"
"58583","36.891070066","192.168.1.55","192.168.1.2","TCP","1514","8004  >  36726 [PSH, ACK] Seq=427350 Ack=144 Win=65024 Len=1448 TSval=2916040971 TSecr=3045560741 [TCP segment of a reassembled PDU]"
"58584","36.891107789","192.168.1.2","192.168.1.55","TCP","66","36726  >  8004 [ACK] Seq=144 Ack=289790 Win=165888 Len=0 TSval=3045560745 TSecr=2916040966"
"58585","36.891168159","192.168.1.2","192.168.1.55","TCP","66","36726  >  8004 [ACK] Seq=144 Ack=330334 Win=126976 Len=0 TSval=3045560745 TSecr=2916040966"
"58586","36.891176789","192.168.1.2","192.168.1.55","TCP","66","36726  >  8004 [ACK] Seq=144 Ack=331782 Win=168960 Len=0 TSval=3045560746 TSecr=2916040966"
"58587","36.891205752","192.168.1.55","192.168.1.2","TCP","1514","8004  >  36726 [ACK] Seq=428798 Ack=144 Win=65024 Len=1448 TSval=2916040971 TSecr=3045560746 [TCP segment of a reassembled PDU]"
"58588","36.891208104","192.168.1.55","192.168.1.2","TCP","1514","8004  >  36726 [ACK] Seq=430246 Ack=144 Win=65024 Len=1448 TSval=2916040971 TSecr=3045560746 [TCP segment of a reassembled PDU]"
"58589","36.891209511","192.168.1.55","192.168.1.2","TCP","1514","8004  >  36726 [ACK] Seq=431694 Ack=144 Win=65024 Len=1448 TSval=2916040971 TSecr=3045560746 [TCP segment of a reassembled PDU]"
"58590","36.891211252","192.168.1.55","192.168.1.2","TCP","1514","8004  >  36726 [ACK] Seq=433142 Ack=144 Win=65024 Len=1448 TSval=2916040971 TSecr=3045560746 [TCP segment of a reassembled PDU]"
"58591","36.891212641","192.168.1.55","192.168.1.2","TCP","1514","8004  >  36726 [ACK] Seq=434590 Ack=144 Win=65024 Len=1448 TSval=2916040971 TSecr=3045560746 [TCP segment of a reassembled PDU]"
"58592","36.891214030","192.168.1.55","192.168.1.2","TCP","1514","8004  >  36726 [ACK] Seq=436038 Ack=144 Win=65024 Len=1448 TSval=2916040971 TSecr=3045560746 [TCP segment of a reassembled PDU]"
"58593","36.891215437","192.168.1.55","192.168.1.2","TCP","1514","8004  >  36726 [ACK] Seq=437486 Ack=144 Win=65024 Len=1448 TSval=2916040971 TSecr=3045560746 [TCP segment of a reassembled PDU]"
"58594","36.891216918","192.168.1.55","192.168.1.2","TCP","1514","8004  >  36726 [ACK] Seq=438934 Ack=144 Win=65024 Len=1448 TSval=2916040971 TSecr=3045560746 [TCP segment of a reassembled PDU]"
"58595","36.891218474","192.168.1.55","192.168.1.2","TCP","1514","8004  >  36726 [ACK] Seq=440382 Ack=144 Win=65024 Len=1448 TSval=2916040971 TSecr=3045560746 [TCP segment of a reassembled PDU]"
"58596","36.891219844","192.168.1.55","192.168.1.2","TCP","1514","8004  >  36726 [ACK] Seq=441830 Ack=144 Win=65024 Len=1448 TSval=2916040971 TSecr=3045560746 [TCP segment of a reassembled PDU]"
"58597","36.891221289","192.168.1.55","192.168.1.2","TCP","1514","8004  >  36726 [ACK] Seq=443278 Ack=144 Win=65024 Len=1448 TSval=2916040971 TSecr=3045560746 [TCP segment of a reassembled PDU]"
"58598","36.891222715","192.168.1.55","192.168.1.2","TCP","1514","8004  >  36726 [ACK] Seq=444726 Ack=144 Win=65024 Len=1448 TSval=2916040971 TSecr=3045560746 [TCP segment of a reassembled PDU]"
"58599","36.891224122","192.168.1.55","192.168.1.2","TCP","1514","8004  >  36726 [ACK] Seq=446174 Ack=144 Win=65024 Len=1448 TSval=2916040971 TSecr=3045560746 [TCP segment of a reassembled PDU]"
"58600","36.891225456","192.168.1.55","192.168.1.2","TCP","1514","8004  >  36726 [ACK] Seq=447622 Ack=144 Win=65024 Len=1448 TSval=2916040971 TSecr=3045560746 [TCP segment of a reassembled PDU]"
"58601","36.891226844","192.168.1.55","192.168.1.2","TCP","1514","8004  >  36726 [ACK] Seq=449070 Ack=144 Win=65024 Len=1448 TSval=2916040971 TSecr=3045560746 [TCP segment of a reassembled PDU]"
"58602","36.891228289","192.168.1.55","192.168.1.2","TCP","1514","8004  >  36726 [ACK] Seq=450518 Ack=144 Win=65024 Len=1448 TSval=2916040971 TSecr=3045560746 [TCP segment of a reassembled PDU]"
"58603","36.891229585","192.168.1.55","192.168.1.2","TCP","1514","8004  >  36726 [ACK] Seq=451966 Ack=144 Win=65024 Len=1448 TSval=2916040971 TSecr=3045560746 [TCP segment of a reassembled PDU]"
"58604","36.891231085","192.168.1.55","192.168.1.2","TCP","1514","8004  >  36726 [ACK] Seq=453414 Ack=144 Win=65024 Len=1448 TSval=2916040971 TSecr=3045560746 [TCP segment of a reassembled PDU]"
"58605","36.891232400","192.168.1.55","192.168.1.2","TCP","1514","8004  >  36726 [ACK] Seq=454862 Ack=144 Win=65024 Len=1448 TSval=2916040971 TSecr=3045560746 [TCP segment of a reassembled PDU]"
"58606","36.891234011","192.168.1.55","192.168.1.2","TCP","1514","8004  >  36726 [ACK] Seq=456310 Ack=144 Win=65024 Len=1448 TSval=2916040971 TSecr=3045560746 [TCP segment of a reassembled PDU]"
"58607","36.891235456","192.168.1.55","192.168.1.2","TCP","1514","8004  >  36726 [ACK] Seq=457758 Ack=144 Win=65024 Len=1448 TSval=2916040971 TSecr=3045560746 [TCP segment of a reassembled PDU]"
"58608","36.891236918","192.168.1.55","192.168.1.2","TCP","1514","8004  >  36726 [ACK] Seq=459206 Ack=144 Win=65024 Len=1448 TSval=2916040971 TSecr=3045560746 [TCP segment of a reassembled PDU]"
"58609","36.891238196","192.168.1.55","192.168.1.2","TCP","1514","8004  >  36726 [ACK] Seq=460654 Ack=144 Win=65024 Len=1448 TSval=2916040971 TSecr=3045560746 [TCP segment of a reassembled PDU]"
"58610","36.891239474","192.168.1.55","192.168.1.2","TCP","1514","8004  >  36726 [ACK] Seq=462102 Ack=144 Win=65024 Len=1448 TSval=2916040971 TSecr=3045560746 [TCP segment of a reassembled PDU]"
"58611","36.891241233","192.168.1.55","192.168.1.2","TCP","1514","8004  >  36726 [ACK] Seq=463550 Ack=144 Win=65024 Len=1448 TSval=2916040971 TSecr=3045560746 [TCP segment of a reassembled PDU]"
"58612","36.891242678","192.168.1.55","192.168.1.2","TCP","1514","8004  >  36726 [ACK] Seq=464998 Ack=144 Win=65024 Len=1448 TSval=2916040971 TSecr=3045560746 [TCP segment of a reassembled PDU]"
"58613","36.891244067","192.168.1.55","192.168.1.2","TCP","1514","8004  >  36726 [ACK] Seq=466446 Ack=144 Win=65024 Len=1448 TSval=2916040971 TSecr=3045560746 [TCP segment of a reassembled PDU]"
"58614","36.891245511","192.168.1.55","192.168.1.2","TCP","1514","8004  >  36726 [PSH, ACK] Seq=467894 Ack=144 Win=65024 Len=1448 TSval=2916040971 TSecr=3045560746 [TCP segment of a reassembled PDU]"
"58615","36.891274770","192.168.1.55","192.168.1.2","TCP","1514","8004  >  36726 [ACK] Seq=469342 Ack=144 Win=65024 Len=1448 TSval=2916040971 TSecr=3045560746 [TCP segment of a reassembled PDU]"
"58616","36.891276585","192.168.1.55","192.168.1.2","TCP","1514","8004  >  36726 [ACK] Seq=470790 Ack=144 Win=65024 Len=1448 TSval=2916040971 TSecr=3045560746 [TCP segment of a reassembled PDU]"
"58617","36.891278456","192.168.1.55","192.168.1.2","TCP","1514","8004  >  36726 [ACK] Seq=472238 Ack=144 Win=65024 Len=1448 TSval=2916040971 TSecr=3045560746 [TCP segment of a reassembled PDU]"
"58618","36.891279807","192.168.1.55","192.168.1.2","TCP","1514","8004  >  36726 [ACK] Seq=473686 Ack=144 Win=65024 Len=1448 TSval=2916040971 TSecr=3045560746 [TCP segment of a reassembled PDU]"
"58619","36.891281344","192.168.1.55","192.168.1.2","TCP","1514","8004  >  36726 [ACK] Seq=475134 Ack=144 Win=65024 Len=1448 TSval=2916040971 TSecr=3045560746 [TCP segment of a reassembled PDU]"
"58620","36.891282789","192.168.1.55","192.168.1.2","TCP","1514","8004  >  36726 [ACK] Seq=476582 Ack=144 Win=65024 Len=1448 TSval=2916040971 TSecr=3045560746 [TCP segment of a reassembled PDU]"
"58621","36.891284178","192.168.1.55","192.168.1.2","TCP","1514","8004  >  36726 [ACK] Seq=478030 Ack=144 Win=65024 Len=1448 TSval=2916040971 TSecr=3045560746 [TCP segment of a reassembled PDU]"
"58622","36.891285641","192.168.1.55","192.168.1.2","TCP","1514","8004  >  36726 [ACK] Seq=479478 Ack=144 Win=65024 Len=1448 TSval=2916040971 TSecr=3045560746 [TCP segment of a reassembled PDU]"
"58623","36.891287141","192.168.1.55","192.168.1.2","TCP","1514","8004  >  36726 [ACK] Seq=480926 Ack=144 Win=65024 Len=1448 TSval=2916040971 TSecr=3045560746 [TCP segment of a reassembled PDU]"
"58624","36.891288641","192.168.1.55","192.168.1.2","TCP","1514","8004  >  36726 [ACK] Seq=482374 Ack=144 Win=65024 Len=1448 TSval=2916040971 TSecr=3045560746 [TCP segment of a reassembled PDU]"
"58625","36.891289993","192.168.1.55","192.168.1.2","TCP","1514","8004  >  36726 [ACK] Seq=483822 Ack=144 Win=65024 Len=1448 TSval=2916040971 TSecr=3045560746 [TCP segment of a reassembled PDU]"
"58626","36.891296622","192.168.1.55","192.168.1.2","TCP","1514","8004  >  36726 [ACK] Seq=485270 Ack=144 Win=65024 Len=1448 TSval=2916040971 TSecr=3045560746 [TCP segment of a reassembled PDU]"
"58627","36.891298141","192.168.1.55","192.168.1.2","TCP","1514","8004  >  36726 [ACK] Seq=486718 Ack=144 Win=65024 Len=1448 TSval=2916040971 TSecr=3045560746 [TCP segment of a reassembled PDU]"
"58628","36.891299530","192.168.1.55","192.168.1.2","TCP","1514","8004  >  36726 [ACK] Seq=488166 Ack=144 Win=65024 Len=1448 TSval=2916040971 TSecr=3045560746 [TCP segment of a reassembled PDU]"
"58629","36.891300919","192.168.1.55","192.168.1.2","TCP","1514","8004  >  36726 [ACK] Seq=489614 Ack=144 Win=65024 Len=1448 TSval=2916040971 TSecr=3045560746 [TCP segment of a reassembled PDU]"
"58630","36.891302233","192.168.1.55","192.168.1.2","TCP","1514","8004  >  36726 [ACK] Seq=491062 Ack=144 Win=65024 Len=1448 TSval=2916040971 TSecr=3045560746 [TCP segment of a reassembled PDU]"
"58631","36.891303548","192.168.1.55","192.168.1.2","TCP","1514","8004  >  36726 [ACK] Seq=492510 Ack=144 Win=65024 Len=1448 TSval=2916040971 TSecr=3045560746 [TCP segment of a reassembled PDU]"
"58632","36.891304937","192.168.1.55","192.168.1.2","TCP","1514","8004  >  36726 [ACK] Seq=493958 Ack=144 Win=65024 Len=1448 TSval=2916040971 TSecr=3045560746 [TCP segment of a reassembled PDU]"
"58633","36.891306400","192.168.1.55","192.168.1.2","TCP","1514","8004  >  36726 [ACK] Seq=495406 Ack=144 Win=65024 Len=1448 TSval=2916040971 TSecr=3045560746 [TCP segment of a reassembled PDU]"
"58634","36.891307789","192.168.1.55","192.168.1.2","TCP","1514","8004  >  36726 [ACK] Seq=496854 Ack=144 Win=65024 Len=1448 TSval=2916040971 TSecr=3045560746 [TCP segment of a reassembled PDU]"
"58635","36.891309382","192.168.1.55","192.168.1.2","HTTP","222","HTTP/1.0 200 OK  (PNG)"
"58636","36.891316956","192.168.1.2","192.168.1.55","TCP","66","36726  >  8004 [ACK] Seq=144 Ack=334678 Win=173056 Len=0 TSval=3045560746 TSecr=2916040966"
"58637","36.899306394","192.168.1.2","192.168.1.55","TCP","66","36726  >  8004 [ACK] Seq=144 Ack=379566 Win=131072 Len=0 TSval=3045560754 TSecr=2916040970"
"58638","36.899472247","192.168.1.2","192.168.1.55","TCP","66","36726  >  8004 [ACK] Seq=144 Ack=424454 Win=87040 Len=0 TSval=3045560754 TSecr=2916040970"
"58639","36.899479747","192.168.1.2","192.168.1.55","TCP","66","36726  >  8004 [ACK] Seq=144 Ack=428798 Win=128000 Len=0 TSval=3045560754 TSecr=2916040971"
"58640","36.899485265","192.168.1.2","192.168.1.55","TCP","66","36726  >  8004 [ACK] Seq=144 Ack=469342 Win=89088 Len=0 TSval=3045560754 TSecr=2916040971"
"58641","36.899705062","192.168.1.2","192.168.1.55","TCP","66","36726  >  8004 [ACK] Seq=144 Ack=498302 Win=148480 Len=0 TSval=3045560755 TSecr=2916040971"
"58642","36.900764304","192.168.1.2","192.168.1.55","TCP","66","36726  >  8004 [FIN, ACK] Seq=144 Ack=498459 Win=176128 Len=0 TSval=3045560755 TSecr=2916040971"
"58643","36.900775434","192.168.1.55","192.168.1.2","TCP","66","8004  >  36726 [ACK] Seq=498459 Ack=145 Win=65024 Len=0 TSval=2916040981 TSecr=3045560755"
"58644","36.900883193","192.168.1.2","192.168.1.55","TCP","74","36738  >  8004 [SYN] Seq=0 Win=64240 Len=0 MSS=1460 SACK_PERM TSval=3045560755 TSecr=0 WS=1024"
"58645","36.900906545","192.168.1.55","192.168.1.2","TCP","74","8004  >  36738 [SYN, ACK] Seq=0 Ack=1 Win=65160 Len=0 MSS=1460 SACK_PERM TSval=2916040981 TSecr=3045560755 WS=128"
"58646","36.904108754","192.168.1.2","192.168.1.55","TCP","66","36738  >  8004 [ACK] Seq=1 Ack=1 Win=64512 Len=0 TSval=3045560759 TSecr=2916040981"
"58647","36.907327593","192.168.1.2","192.168.1.55","HTTP","206","GET /stego_benchmark.png HTTP/1.1 "
"58648","36.907336537","192.168.1.55","192.168.1.2","TCP","66","8004  >  36738 [ACK] Seq=1 Ack=141 Win=65024 Len=0 TSval=2916040988 TSecr=3045560759"
"58649","36.907799038","192.168.1.55","192.168.1.2","TCP","255","8004  >  36738 [PSH, ACK] Seq=1 Ack=141 Win=65024 Len=189 TSval=2916040988 TSecr=3045560759 [TCP segment of a reassembled PDU]"
"58650","36.907881631","192.168.1.55","192.168.1.2","TCP","1514","8004  >  36738 [ACK] Seq=190 Ack=141 Win=65024 Len=1448 TSval=2916040988 TSecr=3045560759 [TCP segment of a reassembled PDU]"
"58651","36.907885834","192.168.1.55","192.168.1.2","TCP","1514","8004  >  36738 [ACK] Seq=1638 Ack=141 Win=65024 Len=1448 TSval=2916040988 TSecr=3045560759 [TCP segment of a reassembled PDU]"
"58652","36.907887149","192.168.1.55","192.168.1.2","TCP","1514","8004  >  36738 [ACK] Seq=3086 Ack=141 Win=65024 Len=1448 TSval=2916040988 TSecr=3045560759 [TCP segment of a reassembled PDU]"
"58653","36.907888482","192.168.1.55","192.168.1.2","TCP","1514","8004  >  36738 [ACK] Seq=4534 Ack=141 Win=65024 Len=1448 TSval=2916040988 TSecr=3045560759 [TCP segment of a reassembled PDU]"
"58654","36.907890242","192.168.1.55","192.168.1.2","TCP","1514","8004  >  36738 [PSH, ACK] Seq=5982 Ack=141 Win=65024 Len=1448 TSval=2916040988 TSecr=3045560759 [TCP segment of a reassembled PDU]"
"58655","36.907906723","192.168.1.55","192.168.1.2","TCP","1514","8004  >  36738 [ACK] Seq=7430 Ack=141 Win=65024 Len=1448 TSval=2916040988 TSecr=3045560759 [TCP segment of a reassembled PDU]"
"58656","36.907908982","192.168.1.55","192.168.1.2","TCP","1514","8004  >  36738 [ACK] Seq=8878 Ack=141 Win=65024 Len=1448 TSval=2916040988 TSecr=3045560759 [TCP segment of a reassembled PDU]"
"58657","36.907910371","192.168.1.55","192.168.1.2","TCP","1514","8004  >  36738 [ACK] Seq=10326 Ack=141 Win=65024 Len=1448 TSval=2916040988 TSecr=3045560759 [TCP segment of a reassembled PDU]"
"58658","36.907911705","192.168.1.55","192.168.1.2","TCP","1514","8004  >  36738 [PSH, ACK] Seq=11774 Ack=141 Win=65024 Len=1448 TSval=2916040988 TSecr=3045560759 [TCP segment of a reassembled PDU]"
"58659","36.913411139","192.168.1.2","192.168.1.55","TCP","66","36738  >  8004 [ACK] Seq=141 Ack=190 Win=64512 Len=0 TSval=3045560766 TSecr=2916040988"
"58660","36.913453010","192.168.1.55","192.168.1.2","TCP","1514","8004  >  36738 [ACK] Seq=13222 Ack=141 Win=65024 Len=1448 TSval=2916040994 TSecr=3045560766 [TCP segment of a reassembled PDU]"
"58661","36.913462454","192.168.1.55","192.168.1.2","TCP","1514","8004  >  36738 [PSH, ACK] Seq=14670 Ack=141 Win=65024 Len=1448 TSval=2916040994 TSecr=3045560766 [TCP segment of a reassembled PDU]"
"58662","36.913538306","192.168.1.2","192.168.1.55","TCP","66","36738  >  8004 [ACK] Seq=141 Ack=5982 Win=76800 Len=0 TSval=3045560766 TSecr=2916040988"
"58663","36.913566473","192.168.1.55","192.168.1.2","TCP","1514","8004  >  36738 [ACK] Seq=16118 Ack=141 Win=65024 Len=1448 TSval=2916040994 TSecr=3045560766 [TCP segment of a reassembled PDU]"
"58664","36.913569380","192.168.1.55","192.168.1.2","TCP","1514","8004  >  36738 [ACK] Seq=17566 Ack=141 Win=65024 Len=1448 TSval=2916040994 TSecr=3045560766 [TCP segment of a reassembled PDU]"
"58665","36.913571084","192.168.1.55","192.168.1.2","TCP","1514","8004  >  36738 [ACK] Seq=19014 Ack=141 Win=65024 Len=1448 TSval=2916040994 TSecr=3045560766 [TCP segment of a reassembled PDU]"
"58666","36.913572955","192.168.1.55","192.168.1.2","TCP","1514","8004  >  36738 [ACK] Seq=20462 Ack=141 Win=65024 Len=1448 TSval=2916040994 TSecr=3045560766 [TCP segment of a reassembled PDU]"
"58667","36.913574640","192.168.1.55","192.168.1.2","TCP","1514","8004  >  36738 [ACK] Seq=21910 Ack=141 Win=65024 Len=1448 TSval=2916040994 TSecr=3045560766 [TCP segment of a reassembled PDU]"
"58668","36.913576269","192.168.1.55","192.168.1.2","TCP","1514","8004  >  36738 [ACK] Seq=23358 Ack=141 Win=65024 Len=1448 TSval=2916040994 TSecr=3045560766 [TCP segment of a reassembled PDU]"
"58669","36.913577825","192.168.1.55","192.168.1.2","TCP","1514","8004  >  36738 [PSH, ACK] Seq=24806 Ack=141 Win=65024 Len=1448 TSval=2916040994 TSecr=3045560766 [TCP segment of a reassembled PDU]"
"58670","36.913583418","192.168.1.2","192.168.1.55","TCP","66","36738  >  8004 [ACK] Seq=141 Ack=7430 Win=79872 Len=0 TSval=3045560767 TSecr=2916040988"
"58671","36.913591621","192.168.1.2","192.168.1.55","TCP","66","36738  >  8004 [ACK] Seq=141 Ack=13222 Win=80896 Len=0 TSval=3045560767 TSecr=2916040988"
"58672","36.913621640","192.168.1.55","192.168.1.2","TCP","1514","8004  >  36738 [ACK] Seq=26254 Ack=141 Win=65024 Len=1448 TSval=2916040994 TSecr=3045560767 [TCP segment of a reassembled PDU]"
"58673","36.913623806","192.168.1.55","192.168.1.2","TCP","1514","8004  >  36738 [ACK] Seq=27702 Ack=141 Win=65024 Len=1448 TSval=2916040994 TSecr=3045560767 [TCP segment of a reassembled PDU]"
"58674","36.913625214","192.168.1.55","192.168.1.2","TCP","1514","8004  >  36738 [ACK] Seq=29150 Ack=141 Win=65024 Len=1448 TSval=2916040994 TSecr=3045560767 [TCP segment of a reassembled PDU]"
"58675","36.913626788","192.168.1.55","192.168.1.2","TCP","1514","8004  >  36738 [ACK] Seq=30598 Ack=141 Win=65024 Len=1448 TSval=2916040994 TSecr=3045560767 [TCP segment of a reassembled PDU]"
"58676","36.913628418","192.168.1.55","192.168.1.2","TCP","1514","8004  >  36738 [ACK] Seq=32046 Ack=141 Win=65024 Len=1448 TSval=2916040994 TSecr=3045560767 [TCP segment of a reassembled PDU]"
"58677","36.913629899","192.168.1.55","192.168.1.2","TCP","1514","8004  >  36738 [ACK] Seq=33494 Ack=141 Win=65024 Len=1448 TSval=2916040994 TSecr=3045560767 [TCP segment of a reassembled PDU]"
"58678","36.913631640","192.168.1.55","192.168.1.2","TCP","1514","8004  >  36738 [ACK] Seq=34942 Ack=141 Win=65024 Len=1448 TSval=2916040994 TSecr=3045560767 [TCP segment of a reassembled PDU]"
"58679","36.913633251","192.168.1.55","192.168.1.2","TCP","1514","8004  >  36738 [ACK] Seq=36390 Ack=141 Win=65024 Len=1448 TSval=2916040994 TSecr=3045560767 [TCP segment of a reassembled PDU]"
"58680","36.913634677","192.168.1.55","192.168.1.2","TCP","1514","8004  >  36738 [ACK] Seq=37838 Ack=141 Win=65024 Len=1448 TSval=2916040994 TSecr=3045560767 [TCP segment of a reassembled PDU]"
"58681","36.913636288","192.168.1.55","192.168.1.2","TCP","1514","8004  >  36738 [PSH, ACK] Seq=39286 Ack=141 Win=65024 Len=1448 TSval=2916040994 TSecr=3045560767 [TCP segment of a reassembled PDU]"
"58682","36.914521271","192.168.1.55","192.168.1.2","TCP","1514","8004  >  36738 [ACK] Seq=40734 Ack=141 Win=65024 Len=1448 TSval=2916040995 TSecr=3045560767 [TCP segment of a reassembled PDU]"
"58683","36.918561463","192.168.1.2","192.168.1.55","TCP","66","36738  >  8004 [ACK] Seq=141 Ack=16118 Win=87040 Len=0 TSval=3045560772 TSecr=2916040994"
"58684","36.918628537","192.168.1.55","192.168.1.2","TCP","1514","8004  >  36738 [ACK] Seq=42182 Ack=141 Win=65024 Len=1448 TSval=2916040999 TSecr=3045560772 [TCP segment of a reassembled PDU]"
"58685","36.918636833","192.168.1.55","192.168.1.2","TCP","1514","8004  >  36738 [PSH, ACK] Seq=43630 Ack=141 Win=65024 Len=1448 TSval=2916040999 TSecr=3045560772 [TCP segment of a reassembled PDU]"
"58686","36.918707722","192.168.1.2","192.168.1.55","TCP","66","36738  >  8004 [ACK] Seq=141 Ack=26254 Win=86016 Len=0 TSval=3045560772 TSecr=2916040994"
"58687","36.918745630","192.168.1.55","192.168.1.2","TCP","1514","8004  >  36738 [ACK] Seq=45078 Ack=141 Win=65024 Len=1448 TSval=2916040999 TSecr=3045560772 [TCP segment of a reassembled PDU]"
"58688","36.918747759","192.168.1.55","192.168.1.2","TCP","1514","8004  >  36738 [ACK] Seq=46526 Ack=141 Win=65024 Len=1448 TSval=2916040999 TSecr=3045560772 [TCP segment of a reassembled PDU]"
"58689","36.918749055","192.168.1.55","192.168.1.2","TCP","1514","8004  >  36738 [ACK] Seq=47974 Ack=141 Win=65024 Len=1448 TSval=2916040999 TSecr=3045560772 [TCP segment of a reassembled PDU]"
"58690","36.918750518","192.168.1.55","192.168.1.2","TCP","1514","8004  >  36738 [ACK] Seq=49422 Ack=141 Win=65024 Len=1448 TSval=2916040999 TSecr=3045560772 [TCP segment of a reassembled PDU]"
"58691","36.918753111","192.168.1.55","192.168.1.2","TCP","1514","8004  >  36738 [ACK] Seq=50870 Ack=141 Win=65024 Len=1448 TSval=2916040999 TSecr=3045560772 [TCP segment of a reassembled PDU]"
"58692","36.918755148","192.168.1.55","192.168.1.2","TCP","1514","8004  >  36738 [ACK] Seq=52318 Ack=141 Win=65024 Len=1448 TSval=2916040999 TSecr=3045560772 [TCP segment of a reassembled PDU]"
"58693","36.918756518","192.168.1.55","192.168.1.2","TCP","1514","8004  >  36738 [ACK] Seq=53766 Ack=141 Win=65024 Len=1448 TSval=2916040999 TSecr=3045560772 [TCP segment of a reassembled PDU]"
"58694","36.918757963","192.168.1.55","192.168.1.2","TCP","1514","8004  >  36738 [ACK] Seq=55214 Ack=141 Win=65024 Len=1448 TSval=2916040999 TSecr=3045560772 [TCP segment of a reassembled PDU]"
"58695","36.918759278","192.168.1.55","192.168.1.2","TCP","1514","8004  >  36738 [ACK] Seq=56662 Ack=141 Win=65024 Len=1448 TSval=2916040999 TSecr=3045560772 [TCP segment of a reassembled PDU]"
"58696","36.918760648","192.168.1.55","192.168.1.2","TCP","1514","8004  >  36738 [ACK] Seq=58110 Ack=141 Win=65024 Len=1448 TSval=2916040999 TSecr=3045560772 [TCP segment of a reassembled PDU]"
"58697","36.918761963","192.168.1.55","192.168.1.2","TCP","1514","8004  >  36738 [ACK] Seq=59558 Ack=141 Win=65024 Len=1448 TSval=2916040999 TSecr=3045560772 [TCP segment of a reassembled PDU]"
"58698","36.918763463","192.168.1.55","192.168.1.2","TCP","1514","8004  >  36738 [ACK] Seq=61006 Ack=141 Win=65024 Len=1448 TSval=2916040999 TSecr=3045560772 [TCP segment of a reassembled PDU]"
"58699","36.918766185","192.168.1.55","192.168.1.2","TCP","1514","8004  >  36738 [ACK] Seq=62454 Ack=141 Win=65024 Len=1448 TSval=2916040999 TSecr=3045560772 [TCP segment of a reassembled PDU]"
"58700","36.918768222","192.168.1.55","192.168.1.2","TCP","1514","8004  >  36738 [PSH, ACK] Seq=63902 Ack=141 Win=65024 Len=1448 TSval=2916040999 TSecr=3045560772 [TCP segment of a reassembled PDU]"
"58701","36.918773222","192.168.1.2","192.168.1.55","TCP","66","36738  >  8004 [ACK] Seq=141 Ack=36390 Win=76800 Len=0 TSval=3045560772 TSecr=2916040994"
"58702","36.918803852","192.168.1.55","192.168.1.2","TCP","1514","8004  >  36738 [ACK] Seq=65350 Ack=141 Win=65024 Len=1448 TSval=2916040999 TSecr=3045560772 [TCP segment of a reassembled PDU]"
"58703","36.918805370","192.168.1.55","192.168.1.2","TCP","1514","8004  >  36738 [ACK] Seq=66798 Ack=141 Win=65024 Len=1448 TSval=2916040999 TSecr=3045560772 [TCP segment of a reassembled PDU]"
"58704","36.918806704","192.168.1.55","192.168.1.2","TCP","1514","8004  >  36738 [ACK] Seq=68246 Ack=141 Win=65024 Len=1448 TSval=2916040999 TSecr=3045560772 [TCP segment of a reassembled PDU]"
"58705","36.918807944","192.168.1.55","192.168.1.2","TCP","1514","8004  >  36738 [ACK] Seq=69694 Ack=141 Win=65024 Len=1448 TSval=2916040999 TSecr=3045560772 [TCP segment of a reassembled PDU]"
"58706","36.918809222","192.168.1.55","192.168.1.2","TCP","1514","8004  >  36738 [ACK] Seq=71142 Ack=141 Win=65024 Len=1448 TSval=2916040999 TSecr=3045560772 [TCP segment of a reassembled PDU]"
"58707","36.918810519","192.168.1.55","192.168.1.2","TCP","1514","8004  >  36738 [ACK] Seq=72590 Ack=141 Win=65024 Len=1448 TSval=2916040999 TSecr=3045560772 [TCP segment of a reassembled PDU]"
"58708","36.918812093","192.168.1.55","192.168.1.2","TCP","1514","8004  >  36738 [ACK] Seq=74038 Ack=141 Win=65024 Len=1448 TSval=2916040999 TSecr=3045560772 [TCP segment of a reassembled PDU]"
"58709","36.918814519","192.168.1.55","192.168.1.2","TCP","1514","8004  >  36738 [PSH, ACK] Seq=75486 Ack=141 Win=65024 Len=1448 TSval=2916040999 TSecr=3045560772 [TCP segment of a reassembled PDU]"
"58710","36.918823074","192.168.1.2","192.168.1.55","TCP","66","36738  >  8004 [ACK] Seq=141 Ack=39286 Win=92160 Len=0 TSval=3045560773 TSecr=2916040994"
"58711","36.918891648","192.168.1.2","192.168.1.55","TCP","66","36738  >  8004 [ACK] Seq=141 Ack=40734 Win=94208 Len=0 TSval=3045560773 TSecr=2916040994"
"58712","36.918901982","192.168.1.2","192.168.1.55","TCP","66","36738  >  8004 [ACK] Seq=141 Ack=42182 Win=94208 Len=0 TSval=3045560773 TSecr=2916040995"
"58713","36.919882576","192.168.1.55","192.168.1.2","TCP","1514","8004  >  36738 [ACK] Seq=76934 Ack=141 Win=65024 Len=1448 TSval=2916041000 TSecr=3045560773 [TCP segment of a reassembled PDU]"
"58714","36.919887650","192.168.1.55","192.168.1.2","TCP","1514","8004  >  36738 [ACK] Seq=78382 Ack=141 Win=65024 Len=1448 TSval=2916041000 TSecr=3045560773 [TCP segment of a reassembled PDU]"
"58715","36.919889205","192.168.1.55","192.168.1.2","TCP","1514","8004  >  36738 [ACK] Seq=79830 Ack=141 Win=65024 Len=1448 TSval=2916041000 TSecr=3045560773 [TCP segment of a reassembled PDU]"
"58716","36.919891372","192.168.1.55","192.168.1.2","TCP","1514","8004  >  36738 [ACK] Seq=81278 Ack=141 Win=65024 Len=1448 TSval=2916041000 TSecr=3045560773 [TCP segment of a reassembled PDU]"
"58717","36.919893872","192.168.1.55","192.168.1.2","TCP","1514","8004  >  36738 [ACK] Seq=82726 Ack=141 Win=65024 Len=1448 TSval=2916041000 TSecr=3045560773 [TCP segment of a reassembled PDU]"
"58718","36.919895409","192.168.1.55","192.168.1.2","TCP","1514","8004  >  36738 [ACK] Seq=84174 Ack=141 Win=65024 Len=1448 TSval=2916041000 TSecr=3045560773 [TCP segment of a reassembled PDU]"
"58719","36.919897354","192.168.1.55","192.168.1.2","TCP","1514","8004  >  36738 [ACK] Seq=85622 Ack=141 Win=65024 Len=1448 TSval=2916041000 TSecr=3045560773 [TCP segment of a reassembled PDU]"
"58720","36.919899187","192.168.1.55","192.168.1.2","TCP","1514","8004  >  36738 [ACK] Seq=87070 Ack=141 Win=65024 Len=1448 TSval=2916041000 TSecr=3045560773 [TCP segment of a reassembled PDU]"
"58721","36.919900705","192.168.1.55","192.168.1.2","TCP","1514","8004  >  36738 [ACK] Seq=88518 Ack=141 Win=65024 Len=1448 TSval=2916041000 TSecr=3045560773 [TCP segment of a reassembled PDU]"
"58722","36.919903076","192.168.1.55","192.168.1.2","TCP","1514","8004  >  36738 [ACK] Seq=89966 Ack=141 Win=65024 Len=1448 TSval=2916041000 TSecr=3045560773 [TCP segment of a reassembled PDU]"
"58723","36.919904983","192.168.1.55","192.168.1.2","TCP","1514","8004  >  36738 [ACK] Seq=91414 Ack=141 Win=65024 Len=1448 TSval=2916041000 TSecr=3045560773 [TCP segment of a reassembled PDU]"
"58724","36.919907076","192.168.1.55","192.168.1.2","TCP","1514","8004  >  36738 [ACK] Seq=92862 Ack=141 Win=65024 Len=1448 TSval=2916041000 TSecr=3045560773 [TCP segment of a reassembled PDU]"
"58725","36.919908391","192.168.1.55","192.168.1.2","TCP","1514","8004  >  36738 [ACK] Seq=94310 Ack=141 Win=65024 Len=1448 TSval=2916041000 TSecr=3045560773 [TCP segment of a reassembled PDU]"
"58726","36.919909928","192.168.1.55","192.168.1.2","TCP","1514","8004  >  36738 [PSH, ACK] Seq=95758 Ack=141 Win=65024 Len=1448 TSval=2916041000 TSecr=3045560773 [TCP segment of a reassembled PDU]"
"58727","36.919919428","192.168.1.55","192.168.1.2","TCP","1514","8004  >  36738 [ACK] Seq=97206 Ack=141 Win=65024 Len=1448 TSval=2916041000 TSecr=3045560773 [TCP segment of a reassembled PDU]"
"58728","36.919920706","192.168.1.55","192.168.1.2","TCP","1514","8004  >  36738 [PSH, ACK] Seq=98654 Ack=141 Win=65024 Len=1448 TSval=2916041000 TSecr=3045560773 [TCP segment of a reassembled PDU]"
"58729","36.924505417","192.168.1.2","192.168.1.55","TCP","66","36738  >  8004 [ACK] Seq=141 Ack=45078 Win=92160 Len=0 TSval=3045560779 TSecr=2916040999"
"58730","36.924534676","192.168.1.55","192.168.1.2","TCP","1514","8004  >  36738 [ACK] Seq=100102 Ack=141 Win=65024 Len=1448 TSval=2916041005 TSecr=3045560779 [TCP segment of a reassembled PDU]"
"58731","36.924538583","192.168.1.55","192.168.1.2","TCP","1514","8004  >  36738 [ACK] Seq=101550 Ack=141 Win=65024 Len=1448 TSval=2916041005 TSecr=3045560779 [TCP segment of a reassembled PDU]"
"58732","36.924539750","192.168.1.55","192.168.1.2","TCP","1514","8004  >  36738 [ACK] Seq=102998 Ack=141 Win=65024 Len=1448 TSval=2916041005 TSecr=3045560779 [TCP segment of a reassembled PDU]"
"58733","36.924540806","192.168.1.55","192.168.1.2","TCP","1514","8004  >  36738 [PSH, ACK] Seq=104446 Ack=141 Win=65024 Len=1448 TSval=2916041005 TSecr=3045560779 [TCP segment of a reassembled PDU]"
"58734","36.924806306","192.168.1.2","192.168.1.55","TCP","66","36738  >  8004 [ACK] Seq=141 Ack=65350 Win=75776 Len=0 TSval=3045560779 TSecr=2916040999"
"58735","36.924820658","192.168.1.55","192.168.1.2","TCP","1514","8004  >  36738 [ACK] Seq=105894 Ack=141 Win=65024 Len=1448 TSval=2916041005 TSecr=3045560779 [TCP segment of a reassembled PDU]"
"58736","36.924822695","192.168.1.55","192.168.1.2","TCP","1514","8004  >  36738 [ACK] Seq=107342 Ack=141 Win=65024 Len=1448 TSval=2916041005 TSecr=3045560779 [TCP segment of a reassembled PDU]"
"58737","36.924823769","192.168.1.55","192.168.1.2","TCP","1514","8004  >  36738 [ACK] Seq=108790 Ack=141 Win=65024 Len=1448 TSval=2916041005 TSecr=3045560779 [TCP segment of a reassembled PDU]"
"58738","36.924824788","192.168.1.55","192.168.1.2","TCP","1514","8004  >  36738 [ACK] Seq=110238 Ack=141 Win=65024 Len=1448 TSval=2916041005 TSecr=3045560779 [TCP segment of a reassembled PDU]"
"58739","36.924826065","192.168.1.55","192.168.1.2","TCP","1514","8004  >  36738 [ACK] Seq=111686 Ack=141 Win=65024 Len=1448 TSval=2916041005 TSecr=3045560779 [TCP segment of a reassembled PDU]"
"58740","36.924827269","192.168.1.55","192.168.1.2","TCP","1514","8004  >  36738 [ACK] Seq=113134 Ack=141 Win=65024 Len=1448 TSval=2916041005 TSecr=3045560779 [TCP segment of a reassembled PDU]"
"58741","36.924828436","192.168.1.55","192.168.1.2","TCP","1514","8004  >  36738 [PSH, ACK] Seq=114582 Ack=141 Win=65024 Len=1448 TSval=2916041005 TSecr=3045560779 [TCP segment of a reassembled PDU]"
"58742","36.924832584","192.168.1.2","192.168.1.55","TCP","66","36738  >  8004 [ACK] Seq=141 Ack=76934 Win=64512 Len=0 TSval=3045560779 TSecr=2916040999"
"58743","36.924862954","192.168.1.55","192.168.1.2","TCP","1514","8004  >  36738 [ACK] Seq=116030 Ack=141 Win=65024 Len=1448 TSval=2916041005 TSecr=3045560779 [TCP segment of a reassembled PDU]"
"58744","36.924864695","192.168.1.55","192.168.1.2","TCP","1514","8004  >  36738 [ACK] Seq=117478 Ack=141 Win=65024 Len=1448 TSval=2916041005 TSecr=3045560779 [TCP segment of a reassembled PDU]"
"58745","36.924865751","192.168.1.55","192.168.1.2","TCP","1514","8004  >  36738 [ACK] Seq=118926 Ack=141 Win=65024 Len=1448 TSval=2916041005 TSecr=3045560779 [TCP segment of a reassembled PDU]"
"58746","36.924867065","192.168.1.55","192.168.1.2","TCP","1514","8004  >  36738 [ACK] Seq=120374 Ack=141 Win=65024 Len=1448 TSval=2916041005 TSecr=3045560779 [TCP segment of a reassembled PDU]"
"58747","36.924868176","192.168.1.55","192.168.1.2","TCP","1514","8004  >  36738 [ACK] Seq=121822 Ack=141 Win=65024 Len=1448 TSval=2916041005 TSecr=3045560779 [TCP segment of a reassembled PDU]"
"58748","36.924869288","192.168.1.55","192.168.1.2","TCP","1514","8004  >  36738 [ACK] Seq=123270 Ack=141 Win=65024 Len=1448 TSval=2916041005 TSecr=3045560779 [TCP segment of a reassembled PDU]"
"58749","36.924870843","192.168.1.55","192.168.1.2","TCP","1514","8004  >  36738 [ACK] Seq=124718 Ack=141 Win=65024 Len=1448 TSval=2916041005 TSecr=3045560779 [TCP segment of a reassembled PDU]"
"58750","36.924871936","192.168.1.55","192.168.1.2","TCP","1514","8004  >  36738 [ACK] Seq=126166 Ack=141 Win=65024 Len=1448 TSval=2916041005 TSecr=3045560779 [TCP segment of a reassembled PDU]"
"58751","36.924873010","192.168.1.55","192.168.1.2","TCP","1514","8004  >  36738 [ACK] Seq=127614 Ack=141 Win=65024 Len=1448 TSval=2916041005 TSecr=3045560779 [TCP segment of a reassembled PDU]"
"58752","36.924874047","192.168.1.55","192.168.1.2","TCP","1514","8004  >  36738 [ACK] Seq=129062 Ack=141 Win=65024 Len=1448 TSval=2916041005 TSecr=3045560779 [TCP segment of a reassembled PDU]"
"58753","36.924875399","192.168.1.55","192.168.1.2","TCP","1514","8004  >  36738 [ACK] Seq=130510 Ack=141 Win=65024 Len=1448 TSval=2916041005 TSecr=3045560779 [TCP segment of a reassembled PDU]"
"58754","36.924876621","192.168.1.55","192.168.1.2","TCP","1514","8004  >  36738 [ACK] Seq=131958 Ack=141 Win=65024 Len=1448 TSval=2916041005 TSecr=3045560779 [TCP segment of a reassembled PDU]"
"58755","36.924877806","192.168.1.55","192.168.1.2","TCP","1514","8004  >  36738 [ACK] Seq=133406 Ack=141 Win=65024 Len=1448 TSval=2916041005 TSecr=3045560779 [TCP segment of a reassembled PDU]"
"58756","36.924878954","192.168.1.55","192.168.1.2","TCP","1514","8004  >  36738 [ACK] Seq=134854 Ack=141 Win=65024 Len=1448 TSval=2916041005 TSecr=3045560779 [TCP segment of a reassembled PDU]"
"58757","36.924880158","192.168.1.55","192.168.1.2","TCP","1514","8004  >  36738 [ACK] Seq=136302 Ack=141 Win=65024 Len=1448 TSval=2916041005 TSecr=3045560779 [TCP segment of a reassembled PDU]"
"58758","36.924881362","192.168.1.55","192.168.1.2","TCP","1514","8004  >  36738 [ACK] Seq=137750 Ack=141 Win=65024 Len=1448 TSval=2916041005 TSecr=3045560779 [TCP segment of a reassembled PDU]"
"58759","36.924882417","192.168.1.55","192.168.1.2","TCP","1514","8004  >  36738 [ACK] Seq=139198 Ack=141 Win=65024 Len=1448 TSval=2916041005 TSecr=3045560779 [TCP segment of a reassembled PDU]"
"58760","36.924883491","192.168.1.55","192.168.1.2","TCP","866","[TCP Window Full] 8004  >  36738 [PSH, ACK] Seq=140646 Ack=141 Win=65024 Len=800 TSval=2916041005 TSecr=3045560779 [TCP segment of a reassembled PDU]"
"58761","36.924889251","192.168.1.2","192.168.1.55","TCP","66","36738  >  8004 [ACK] Seq=141 Ack=97206 Win=64512 Len=0 TSval=3045560779 TSecr=2916041000"
"58762","36.924905232","192.168.1.55","192.168.1.2","TCP","1514","8004  >  36738 [ACK] Seq=141446 Ack=141 Win=65024 Len=1448 TSval=2916041005 TSecr=3045560779 [TCP segment of a reassembled PDU]"
"58763","36.924906788","192.168.1.55","192.168.1.2","TCP","1514","8004  >  36738 [ACK] Seq=142894 Ack=141 Win=65024 Len=1448 TSval=2916041005 TSecr=3045560779 [TCP segment of a reassembled PDU]"
"58764","36.924908084","192.168.1.55","192.168.1.2","TCP","1514","8004  >  36738 [ACK] Seq=144342 Ack=141 Win=65024 Len=1448 TSval=2916041005 TSecr=3045560779 [TCP segment of a reassembled PDU]"
"58765","36.924909214","192.168.1.55","192.168.1.2","TCP","1514","8004  >  36738 [ACK] Seq=145790 Ack=141 Win=65024 Len=1448 TSval=2916041005 TSecr=3045560779 [TCP segment of a reassembled PDU]"
"58766","36.924910251","192.168.1.55","192.168.1.2","TCP","1514","8004  >  36738 [ACK] Seq=147238 Ack=141 Win=65024 Len=1448 TSval=2916041005 TSecr=3045560779 [TCP segment of a reassembled PDU]"
"58767","36.924911380","192.168.1.55","192.168.1.2","TCP","1514","8004  >  36738 [ACK] Seq=148686 Ack=141 Win=65024 Len=1448 TSval=2916041005 TSecr=3045560779 [TCP segment of a reassembled PDU]"
"58768","36.924912380","192.168.1.55","192.168.1.2","TCP","1514","8004  >  36738 [ACK] Seq=150134 Ack=141 Win=65024 Len=1448 TSval=2916041005 TSecr=3045560779 [TCP segment of a reassembled PDU]"
"58769","36.924913491","192.168.1.55","192.168.1.2","TCP","1514","8004  >  36738 [ACK] Seq=151582 Ack=141 Win=65024 Len=1448 TSval=2916041005 TSecr=3045560779 [TCP segment of a reassembled PDU]"
"58770","36.924915140","192.168.1.55","192.168.1.2","TCP","1514","8004  >  36738 [PSH, ACK] Seq=153030 Ack=141 Win=65024 Len=1448 TSval=2916041005 TSecr=3045560779 [TCP segment of a reassembled PDU]"
"58771","36.924919862","192.168.1.55","192.168.1.2","TCP","714","8004  >  36738 [ACK] Seq=154478 Ack=141 Win=65024 Len=648 TSval=2916041005 TSecr=3045560779 [TCP segment of a reassembled PDU]"
"58772","36.924922899","192.168.1.2","192.168.1.55","TCP","66","36738  >  8004 [ACK] Seq=141 Ack=100102 Win=71680 Len=0 TSval=3045560779 TSecr=2916041000"
"58773","36.924968880","192.168.1.55","192.168.1.2","TCP","1514","8004  >  36738 [ACK] Seq=155126 Ack=141 Win=65024 Len=1448 TSval=2916041005 TSecr=3045560779 [TCP segment of a reassembled PDU]"
"58774","36.924974362","192.168.1.55","192.168.1.2","TCP","1514","8004  >  36738 [ACK] Seq=156574 Ack=141 Win=65024 Len=1448 TSval=2916041005 TSecr=3045560779 [TCP segment of a reassembled PDU]"
"58775","36.924977288","192.168.1.55","192.168.1.2","TCP","1514","8004  >  36738 [ACK] Seq=158022 Ack=141 Win=65024 Len=1448 TSval=2916041005 TSecr=3045560779 [TCP segment of a reassembled PDU]"
"58776","36.924978825","192.168.1.55","192.168.1.2","TCP","1514","8004  >  36738 [ACK] Seq=159470 Ack=141 Win=65024 Len=1448 TSval=2916041005 TSecr=3045560779 [TCP segment of a reassembled PDU]"
"58777","36.924979973","192.168.1.55","192.168.1.2","TCP","1514","8004  >  36738 [ACK] Seq=160918 Ack=141 Win=65024 Len=1448 TSval=2916041005 TSecr=3045560779 [TCP segment of a reassembled PDU]"
"58778","36.924981047","192.168.1.55","192.168.1.2","TCP","1514","8004  >  36738 [ACK] Seq=162366 Ack=141 Win=65024 Len=1448 TSval=2916041005 TSecr=3045560779 [TCP segment of a reassembled PDU]"
"58779","36.924982158","192.168.1.55","192.168.1.2","TCP","1514","8004  >  36738 [ACK] Seq=163814 Ack=141 Win=65024 Len=1448 TSval=2916041005 TSecr=3045560779 [TCP segment of a reassembled PDU]"
"58780","36.924983232","192.168.1.55","192.168.1.2","TCP","1514","8004  >  36738 [ACK] Seq=165262 Ack=141 Win=65024 Len=1448 TSval=2916041005 TSecr=3045560779 [TCP segment of a reassembled PDU]"
"58781","36.924984325","192.168.1.55","192.168.1.2","TCP","1514","8004  >  36738 [ACK] Seq=166710 Ack=141 Win=65024 Len=1448 TSval=2916041005 TSecr=3045560779 [TCP segment of a reassembled PDU]"
"58782","36.924985380","192.168.1.55","192.168.1.2","TCP","1514","8004  >  36738 [ACK] Seq=168158 Ack=141 Win=65024 Len=1448 TSval=2916041005 TSecr=3045560779 [TCP segment of a reassembled PDU]"
"58783","36.924986621","192.168.1.55","192.168.1.2","TCP","1514","8004  >  36738 [PSH, ACK] Seq=169606 Ack=141 Win=65024 Len=1448 TSval=2916041005 TSecr=3045560779 [TCP segment of a reassembled PDU]"
"58784","36.930958649","192.168.1.2","192.168.1.55","TCP","66","36738  >  8004 [ACK] Seq=141 Ack=105894 Win=88064 Len=0 TSval=3045560785 TSecr=2916041005"
"58785","36.931000797","192.168.1.55","192.168.1.2","TCP","1514","8004  >  36738 [ACK] Seq=171054 Ack=141 Win=65024 Len=1448 TSval=2916041011 TSecr=3045560785 [TCP segment of a reassembled PDU]"
"58786","36.931004705","192.168.1.55","192.168.1.2","TCP","1514","8004  >  36738 [ACK] Seq=172502 Ack=141 Win=65024 Len=1448 TSval=2916041011 TSecr=3045560785 [TCP segment of a reassembled PDU]"
"58787","36.931005779","192.168.1.55","192.168.1.2","TCP","1514","8004  >  36738 [ACK] Seq=173950 Ack=141 Win=65024 Len=1448 TSval=2916041011 TSecr=3045560785 [TCP segment of a reassembled PDU]"
"58788","36.931006853","192.168.1.55","192.168.1.2","TCP","1514","8004  >  36738 [ACK] Seq=175398 Ack=141 Win=65024 Len=1448 TSval=2916041011 TSecr=3045560785 [TCP segment of a reassembled PDU]"
"58789","36.931007890","192.168.1.55","192.168.1.2","TCP","1514","8004  >  36738 [ACK] Seq=176846 Ack=141 Win=65024 Len=1448 TSval=2916041011 TSecr=3045560785 [TCP segment of a reassembled PDU]"
"58790","36.931009168","192.168.1.55","192.168.1.2","TCP","1514","8004  >  36738 [ACK] Seq=178294 Ack=141 Win=65024 Len=1448 TSval=2916041011 TSecr=3045560785 [TCP segment of a reassembled PDU]"
"58791","36.931010446","192.168.1.55","192.168.1.2","TCP","1514","8004  >  36738 [ACK] Seq=179742 Ack=141 Win=65024 Len=1448 TSval=2916041011 TSecr=3045560785 [TCP segment of a reassembled PDU]"
"58792","36.931011464","192.168.1.55","192.168.1.2","TCP","1514","8004  >  36738 [ACK] Seq=181190 Ack=141 Win=65024 Len=1448 TSval=2916041011 TSecr=3045560785 [TCP segment of a reassembled PDU]"
"58793","36.931012501","192.168.1.55","192.168.1.2","TCP","1514","8004  >  36738 [ACK] Seq=182638 Ack=141 Win=65024 Len=1448 TSval=2916041011 TSecr=3045560785 [TCP segment of a reassembled PDU]"
"58794","36.931013668","192.168.1.55","192.168.1.2","TCP","1514","8004  >  36738 [ACK] Seq=184086 Ack=141 Win=65024 Len=1448 TSval=2916041011 TSecr=3045560785 [TCP segment of a reassembled PDU]"
"58795","36.931014798","192.168.1.55","192.168.1.2","TCP","1514","8004  >  36738 [ACK] Seq=185534 Ack=141 Win=65024 Len=1448 TSval=2916041011 TSecr=3045560785 [TCP segment of a reassembled PDU]"
"58796","36.931015890","192.168.1.55","192.168.1.2","TCP","1514","8004  >  36738 [ACK] Seq=186982 Ack=141 Win=65024 Len=1448 TSval=2916041011 TSecr=3045560785 [TCP segment of a reassembled PDU]"
"58797","36.931017112","192.168.1.55","192.168.1.2","TCP","1514","8004  >  36738 [ACK] Seq=188430 Ack=141 Win=65024 Len=1448 TSval=2916041011 TSecr=3045560785 [TCP segment of a reassembled PDU]"
"58798","36.931018649","192.168.1.55","192.168.1.2","TCP","1514","8004  >  36738 [ACK] Seq=189878 Ack=141 Win=65024 Len=1448 TSval=2916041011 TSecr=3045560785 [TCP segment of a reassembled PDU]"
"58799","36.931019649","192.168.1.55","192.168.1.2","TCP","1514","8004  >  36738 [PSH, ACK] Seq=191326 Ack=141 Win=65024 Len=1448 TSval=2916041011 TSecr=3045560785 [TCP segment of a reassembled PDU]"
"58800","36.931677299","192.168.1.2","192.168.1.55","TCP","66","36738  >  8004 [ACK] Seq=141 Ack=116030 Win=102400 Len=0 TSval=3045560785 TSecr=2916041005"
"58801","36.931710502","192.168.1.55","192.168.1.2","TCP","1514","8004  >  36738 [ACK] Seq=192774 Ack=141 Win=65024 Len=1448 TSval=2916041012 TSecr=3045560785 [TCP segment of a reassembled PDU]"
"58802","36.931712984","192.168.1.55","192.168.1.2","TCP","1514","8004  >  36738 [ACK] Seq=194222 Ack=141 Win=65024 Len=1448 TSval=2916041012 TSecr=3045560785 [TCP segment of a reassembled PDU]"
"58803","36.931714317","192.168.1.55","192.168.1.2","TCP","1514","8004  >  36738 [ACK] Seq=195670 Ack=141 Win=65024 Len=1448 TSval=2916041012 TSecr=3045560785 [TCP segment of a reassembled PDU]"
"58804","36.931716039","192.168.1.55","192.168.1.2","TCP","1514","8004  >  36738 [ACK] Seq=197118 Ack=141 Win=65024 Len=1448 TSval=2916041012 TSecr=3045560785 [TCP segment of a reassembled PDU]"
"58805","36.931717688","192.168.1.55","192.168.1.2","TCP","1514","8004  >  36738 [ACK] Seq=198566 Ack=141 Win=65024 Len=1448 TSval=2916041012 TSecr=3045560785 [TCP segment of a reassembled PDU]"
"58806","36.931719188","192.168.1.55","192.168.1.2","TCP","1514","8004  >  36738 [PSH, ACK] Seq=200014 Ack=141 Win=65024 Len=1448 TSval=2916041012 TSecr=3045560785 [TCP segment of a reassembled PDU]"
"58807","36.931724243","192.168.1.2","192.168.1.55","TCP","66","36738  >  8004 [ACK] Seq=141 Ack=141446 Win=87040 Len=0 TSval=3045560785 TSecr=2916041005"
"58808","36.931737336","192.168.1.2","192.168.1.55","TCP","66","36738  >  8004 [ACK] Seq=141 Ack=154478 Win=109568 Len=0 TSval=3045560785 TSecr=2916041005"
"58809","36.931809206","192.168.1.55","192.168.1.2","TCP","1514","8004  >  36738 [ACK] Seq=201462 Ack=141 Win=65024 Len=1448 TSval=2916041012 TSecr=3045560785 [TCP segment of a reassembled PDU]"
"58810","36.931814891","192.168.1.55","192.168.1.2","TCP","1514","8004  >  36738 [ACK] Seq=202910 Ack=141 Win=65024 Len=1448 TSval=2916041012 TSecr=3045560785 [TCP segment of a reassembled PDU]"
"58811","36.931816447","192.168.1.55","192.168.1.2","TCP","1514","8004  >  36738 [ACK] Seq=204358 Ack=141 Win=65024 Len=1448 TSval=2916041012 TSecr=3045560785 [TCP segment of a reassembled PDU]"
"58812","36.931817521","192.168.1.55","192.168.1.2","TCP","1514","8004  >  36738 [ACK] Seq=205806 Ack=141 Win=65024 Len=1448 TSval=2916041012 TSecr=3045560785 [TCP segment of a reassembled PDU]"
"58813","36.931819465","192.168.1.55","192.168.1.2","TCP","1514","8004  >  36738 [ACK] Seq=207254 Ack=141 Win=65024 Len=1448 TSval=2916041012 TSecr=3045560785 [TCP segment of a reassembled PDU]"
"58814","36.931820947","192.168.1.55","192.168.1.2","TCP","1514","8004  >  36738 [ACK] Seq=208702 Ack=141 Win=65024 Len=1448 TSval=2916041012 TSecr=3045560785 [TCP segment of a reassembled PDU]"
"58815","36.931822428","192.168.1.55","192.168.1.2","TCP","1514","8004  >  36738 [ACK] Seq=210150 Ack=141 Win=65024 Len=1448 TSval=2916041012 TSecr=3045560785 [TCP segment of a reassembled PDU]"
"58816","36.931827595","192.168.1.55","192.168.1.2","TCP","1514","8004  >  36738 [ACK] Seq=211598 Ack=141 Win=65024 Len=1448 TSval=2916041012 TSecr=3045560785 [TCP segment of a reassembled PDU]"
"58817","36.931829410","192.168.1.55","192.168.1.2","TCP","1514","8004  >  36738 [ACK] Seq=213046 Ack=141 Win=65024 Len=1448 TSval=2916041012 TSecr=3045560785 [TCP segment of a reassembled PDU]"
"58818","36.931831540","192.168.1.55","192.168.1.2","TCP","1514","8004  >  36738 [ACK] Seq=214494 Ack=141 Win=65024 Len=1448 TSval=2916041012 TSecr=3045560785 [TCP segment of a reassembled PDU]"
"58819","36.931833706","192.168.1.55","192.168.1.2","TCP","1514","8004  >  36738 [ACK] Seq=215942 Ack=141 Win=65024 Len=1448 TSval=2916041012 TSecr=3045560785 [TCP segment of a reassembled PDU]"
"58820","36.931835354","192.168.1.55","192.168.1.2","TCP","1514","8004  >  36738 [ACK] Seq=217390 Ack=141 Win=65024 Len=1448 TSval=2916041012 TSecr=3045560785 [TCP segment of a reassembled PDU]"
"58821","36.931838447","192.168.1.55","192.168.1.2","TCP","1514","8004  >  36738 [ACK] Seq=218838 Ack=141 Win=65024 Len=1448 TSval=2916041012 TSecr=3045560785 [TCP segment of a reassembled PDU]"
"58822","36.931840984","192.168.1.55","192.168.1.2","TCP","1514","8004  >  36738 [ACK] Seq=220286 Ack=141 Win=65024 Len=1448 TSval=2916041012 TSecr=3045560785 [TCP segment of a reassembled PDU]"
"58823","36.931843928","192.168.1.55","192.168.1.2","TCP","1514","8004  >  36738 [ACK] Seq=221734 Ack=141 Win=65024 Len=1448 TSval=2916041012 TSecr=3045560785 [TCP segment of a reassembled PDU]"
"58824","36.931845910","192.168.1.55","192.168.1.2","TCP","1514","8004  >  36738 [ACK] Seq=223182 Ack=141 Win=65024 Len=1448 TSval=2916041012 TSecr=3045560785 [TCP segment of a reassembled PDU]"
"58825","36.931847910","192.168.1.55","192.168.1.2","TCP","1514","8004  >  36738 [ACK] Seq=224630 Ack=141 Win=65024 Len=1448 TSval=2916041012 TSecr=3045560785 [TCP segment of a reassembled PDU]"
"58826","36.931850225","192.168.1.55","192.168.1.2","TCP","1514","8004  >  36738 [ACK] Seq=226078 Ack=141 Win=65024 Len=1448 TSval=2916041012 TSecr=3045560785 [TCP segment of a reassembled PDU]"
"58827","36.931851725","192.168.1.55","192.168.1.2","TCP","1514","8004  >  36738 [ACK] Seq=227526 Ack=141 Win=65024 Len=1448 TSval=2916041012 TSecr=3045560785 [TCP segment of a reassembled PDU]"
"58828","36.931853373","192.168.1.55","192.168.1.2","TCP","1514","8004  >  36738 [ACK] Seq=228974 Ack=141 Win=65024 Len=1448 TSval=2916041012 TSecr=3045560785 [TCP segment of a reassembled PDU]"
"58829","36.931855780","192.168.1.55","192.168.1.2","TCP","1514","8004  >  36738 [ACK] Seq=230422 Ack=141 Win=65024 Len=1448 TSval=2916041012 TSecr=3045560785 [TCP segment of a reassembled PDU]"
"58830","36.931857688","192.168.1.55","192.168.1.2","TCP","1514","8004  >  36738 [ACK] Seq=231870 Ack=141 Win=65024 Len=1448 TSval=2916041012 TSecr=3045560785 [TCP segment of a reassembled PDU]"
"58831","36.931860058","192.168.1.55","192.168.1.2","TCP","1514","8004  >  36738 [ACK] Seq=233318 Ack=141 Win=65024 Len=1448 TSval=2916041012 TSecr=3045560785 [TCP segment of a reassembled PDU]"
"58832","36.931862577","192.168.1.55","192.168.1.2","TCP","1514","8004  >  36738 [ACK] Seq=234766 Ack=141 Win=65024 Len=1448 TSval=2916041012 TSecr=3045560785 [TCP segment of a reassembled PDU]"
"58833","36.931864299","192.168.1.55","192.168.1.2","TCP","1514","8004  >  36738 [ACK] Seq=236214 Ack=141 Win=65024 Len=1448 TSval=2916041012 TSecr=3045560785 [TCP segment of a reassembled PDU]"
"58834","36.931865706","192.168.1.55","192.168.1.2","TCP","1514","8004  >  36738 [ACK] Seq=237662 Ack=141 Win=65024 Len=1448 TSval=2916041012 TSecr=3045560785 [TCP segment of a reassembled PDU]"
"58835","36.931867373","192.168.1.55","192.168.1.2","TCP","1514","8004  >  36738 [ACK] Seq=239110 Ack=141 Win=65024 Len=1448 TSval=2916041012 TSecr=3045560785 [TCP segment of a reassembled PDU]"
"58836","36.931869929","192.168.1.55","192.168.1.2","TCP","1514","8004  >  36738 [ACK] Seq=240558 Ack=141 Win=65024 Len=1448 TSval=2916041012 TSecr=3045560785 [TCP segment of a reassembled PDU]"
"58837","36.931872188","192.168.1.55","192.168.1.2","TCP","1514","8004  >  36738 [ACK] Seq=242006 Ack=141 Win=65024 Len=1448 TSval=2916041012 TSecr=3045560785 [TCP segment of a reassembled PDU]"
"58838","36.931873354","192.168.1.55","192.168.1.2","TCP","1514","8004  >  36738 [ACK] Seq=243454 Ack=141 Win=65024 Len=1448 TSval=2916041012 TSecr=3045560785 [TCP segment of a reassembled PDU]"
"58839","36.931875299","192.168.1.55","192.168.1.2","TCP","1514","8004  >  36738 [ACK] Seq=244902 Ack=141 Win=65024 Len=1448 TSval=2916041012 TSecr=3045560785 [TCP segment of a reassembled PDU]"
"58840","36.931877188","192.168.1.55","192.168.1.2","TCP","1514","8004  >  36738 [PSH, ACK] Seq=246350 Ack=141 Win=65024 Len=1448 TSval=2916041012 TSecr=3045560785 [TCP segment of a reassembled PDU]"
"58841","36.931884947","192.168.1.2","192.168.1.55","TCP","66","36738  >  8004 [ACK] Seq=141 Ack=155126 Win=112640 Len=0 TSval=3045560785 TSecr=2916041005"
"58842","36.932046114","192.168.1.2","192.168.1.55","TCP","66","36738  >  8004 [ACK] Seq=141 Ack=165262 Win=112640 Len=0 TSval=3045560785 TSecr=2916041005"
"58843","36.932078355","192.168.1.2","192.168.1.55","TCP","66","36738  >  8004 [ACK] Seq=141 Ack=171054 Win=112640 Len=0 TSval=3045560786 TSecr=2916041005"
"58844","36.932235540","192.168.1.55","192.168.1.2","TCP","1514","8004  >  36738 [ACK] Seq=247798 Ack=141 Win=65024 Len=1448 TSval=2916041012 TSecr=3045560786 [TCP segment of a reassembled PDU]"
"58845","36.932248651","192.168.1.55","192.168.1.2","TCP","1514","8004  >  36738 [ACK] Seq=249246 Ack=141 Win=65024 Len=1448 TSval=2916041012 TSecr=3045560786 [TCP segment of a reassembled PDU]"
"58846","36.932250744","192.168.1.55","192.168.1.2","TCP","1514","8004  >  36738 [ACK] Seq=250694 Ack=141 Win=65024 Len=1448 TSval=2916041012 TSecr=3045560786 [TCP segment of a reassembled PDU]"
"58847","36.932253374","192.168.1.55","192.168.1.2","TCP","1514","8004  >  36738 [ACK] Seq=252142 Ack=141 Win=65024 Len=1448 TSval=2916041012 TSecr=3045560786 [TCP segment of a reassembled PDU]"
"58848","36.932256318","192.168.1.55","192.168.1.2","TCP","1514","8004  >  36738 [ACK] Seq=253590 Ack=141 Win=65024 Len=1448 TSval=2916041012 TSecr=3045560786 [TCP segment of a reassembled PDU]"
"58849","36.932258911","192.168.1.55","192.168.1.2","TCP","1514","8004  >  36738 [ACK] Seq=255038 Ack=141 Win=65024 Len=1448 TSval=2916041012 TSecr=3045560786 [TCP segment of a reassembled PDU]"
"58850","36.932262170","192.168.1.55","192.168.1.2","TCP","1514","8004  >  36738 [ACK] Seq=256486 Ack=141 Win=65024 Len=1448 TSval=2916041012 TSecr=3045560786 [TCP segment of a reassembled PDU]"
"58851","36.932268707","192.168.1.55","192.168.1.2","TCP","1514","8004  >  36738 [ACK] Seq=257934 Ack=141 Win=65024 Len=1448 TSval=2916041012 TSecr=3045560786 [TCP segment of a reassembled PDU]"
"58852","36.932272596","192.168.1.55","192.168.1.2","TCP","1514","8004  >  36738 [ACK] Seq=259382 Ack=141 Win=65024 Len=1448 TSval=2916041012 TSecr=3045560786 [TCP segment of a reassembled PDU]"
"58853","36.932275485","192.168.1.55","192.168.1.2","TCP","1514","8004  >  36738 [ACK] Seq=260830 Ack=141 Win=65024 Len=1448 TSval=2916041012 TSecr=3045560786 [TCP segment of a reassembled PDU]"
"58854","36.932279318","192.168.1.55","192.168.1.2","TCP","1514","8004  >  36738 [ACK] Seq=262278 Ack=141 Win=65024 Len=1448 TSval=2916041012 TSecr=3045560786 [TCP segment of a reassembled PDU]"
"58855","36.932283207","192.168.1.55","192.168.1.2","TCP","1514","8004  >  36738 [ACK] Seq=263726 Ack=141 Win=65024 Len=1448 TSval=2916041012 TSecr=3045560786 [TCP segment of a reassembled PDU]"
"58856","36.932286040","192.168.1.55","192.168.1.2","TCP","1514","8004  >  36738 [ACK] Seq=265174 Ack=141 Win=65024 Len=1448 TSval=2916041012 TSecr=3045560786 [TCP segment of a reassembled PDU]"
"58857","36.932290651","192.168.1.55","192.168.1.2","TCP","1514","8004  >  36738 [ACK] Seq=266622 Ack=141 Win=65024 Len=1448 TSval=2916041012 TSecr=3045560786 [TCP segment of a reassembled PDU]"
"58858","36.932316763","192.168.1.55","192.168.1.2","TCP","1514","8004  >  36738 [ACK] Seq=268070 Ack=141 Win=65024 Len=1448 TSval=2916041012 TSecr=3045560786 [TCP segment of a reassembled PDU]"
"58859","36.932318411","192.168.1.55","192.168.1.2","TCP","1514","8004  >  36738 [ACK] Seq=269518 Ack=141 Win=65024 Len=1448 TSval=2916041012 TSecr=3045560786 [TCP segment of a reassembled PDU]"
"58860","36.932320855","192.168.1.55","192.168.1.2","TCP","1514","8004  >  36738 [ACK] Seq=270966 Ack=141 Win=65024 Len=1448 TSval=2916041012 TSecr=3045560786 [TCP segment of a reassembled PDU]"
"58861","36.932323151","192.168.1.55","192.168.1.2","TCP","1514","8004  >  36738 [ACK] Seq=272414 Ack=141 Win=65024 Len=1448 TSval=2916041012 TSecr=3045560786 [TCP segment of a reassembled PDU]"
"58862","36.932325911","192.168.1.55","192.168.1.2","TCP","1514","8004  >  36738 [ACK] Seq=273862 Ack=141 Win=65024 Len=1448 TSval=2916041012 TSecr=3045560786 [TCP segment of a reassembled PDU]"
"58863","36.932327726","192.168.1.55","192.168.1.2","TCP","1514","8004  >  36738 [ACK] Seq=275310 Ack=141 Win=65024 Len=1448 TSval=2916041012 TSecr=3045560786 [TCP segment of a reassembled PDU]"
"58864","36.932332077","192.168.1.55","192.168.1.2","TCP","1514","8004  >  36738 [ACK] Seq=276758 Ack=141 Win=65024 Len=1448 TSval=2916041012 TSecr=3045560786 [TCP segment of a reassembled PDU]"
"58865","36.932336503","192.168.1.55","192.168.1.2","TCP","1514","8004  >  36738 [ACK] Seq=278206 Ack=141 Win=65024 Len=1448 TSval=2916041012 TSecr=3045560786 [TCP segment of a reassembled PDU]"
"58866","36.932338670","192.168.1.55","192.168.1.2","TCP","1514","8004  >  36738 [ACK] Seq=279654 Ack=141 Win=65024 Len=1448 TSval=2916041012 TSecr=3045560786 [TCP segment of a reassembled PDU]"
"58867","36.932341226","192.168.1.55","192.168.1.2","TCP","1514","8004  >  36738 [ACK] Seq=281102 Ack=141 Win=65024 Len=1448 TSval=2916041012 TSecr=3045560786 [TCP segment of a reassembled PDU]"
"58868","36.932343392","192.168.1.55","192.168.1.2","TCP","1210","[TCP Window Full] 8004  >  36738 [PSH, ACK] Seq=282550 Ack=141 Win=65024 Len=1144 TSval=2916041012 TSecr=3045560786 [TCP segment of a reassembled PDU]"
"58869","36.938336420","192.168.1.2","192.168.1.55","TCP","66","36738  >  8004 [ACK] Seq=141 Ack=186982 Win=104448 Len=0 TSval=3045560789 TSecr=2916041011"
"58870","36.938375680","192.168.1.55","192.168.1.2","TCP","1514","8004  >  36738 [ACK] Seq=283694 Ack=141 Win=65024 Len=1448 TSval=2916041019 TSecr=3045560789 [TCP segment of a reassembled PDU]"
"58871","36.938379346","192.168.1.55","192.168.1.2","TCP","1514","8004  >  36738 [ACK] Seq=285142 Ack=141 Win=65024 Len=1448 TSval=2916041019 TSecr=3045560789 [TCP segment of a reassembled PDU]"
"58872","36.938380365","192.168.1.55","192.168.1.2","TCP","1514","8004  >  36738 [ACK] Seq=286590 Ack=141 Win=65024 Len=1448 TSval=2916041019 TSecr=3045560789 [TCP segment of a reassembled PDU]"
"58873","36.938381606","192.168.1.55","192.168.1.2","TCP","1514","8004  >  36738 [ACK] Seq=288038 Ack=141 Win=65024 Len=1448 TSval=2916041019 TSecr=3045560789 [TCP segment of a reassembled PDU]"
"58874","36.938382791","192.168.1.55","192.168.1.2","TCP","1514","8004  >  36738 [PSH, ACK] Seq=289486 Ack=141 Win=65024 Len=1448 TSval=2916041019 TSecr=3045560789 [TCP segment of a reassembled PDU]"
"58875","36.940939943","192.168.1.2","192.168.1.55","TCP","66","36738  >  8004 [ACK] Seq=141 Ack=192774 Win=114688 Len=0 TSval=3045560794 TSecr=2916041011"
"58876","36.940954758","192.168.1.55","192.168.1.2","TCP","1514","8004  >  36738 [ACK] Seq=290934 Ack=141 Win=65024 Len=1448 TSval=2916041021 TSecr=3045560794 [TCP segment of a reassembled PDU]"
"58877","36.940957147","192.168.1.55","192.168.1.2","TCP","1514","8004  >  36738 [PSH, ACK] Seq=292382 Ack=141 Win=65024 Len=1448 TSval=2916041021 TSecr=3045560794 [TCP segment of a reassembled PDU]"
"58878","36.940961869","192.168.1.55","192.168.1.2","TCP","370","8004  >  36738 [ACK] Seq=293830 Ack=141 Win=65024 Len=304 TSval=2916041021 TSecr=3045560794 [TCP segment of a reassembled PDU]"
"58879","36.941144906","192.168.1.2","192.168.1.55","TCP","66","36738  >  8004 [ACK] Seq=141 Ack=201462 Win=132096 Len=0 TSval=3045560794 TSecr=2916041012"
"58880","36.941154462","192.168.1.2","192.168.1.55","TCP","66","36738  >  8004 [ACK] Seq=141 Ack=247798 Win=116736 Len=0 TSval=3045560794 TSecr=2916041012"
"58881","36.941189147","192.168.1.55","192.168.1.2","TCP","1514","8004  >  36738 [ACK] Seq=294134 Ack=141 Win=65024 Len=1448 TSval=2916041021 TSecr=3045560794 [TCP segment of a reassembled PDU]"
"58882","36.941191499","192.168.1.55","192.168.1.2","TCP","1514","8004  >  36738 [ACK] Seq=295582 Ack=141 Win=65024 Len=1448 TSval=2916041021 TSecr=3045560794 [TCP segment of a reassembled PDU]"
"58883","36.941192407","192.168.1.55","192.168.1.2","TCP","1514","8004  >  36738 [ACK] Seq=297030 Ack=141 Win=65024 Len=1448 TSval=2916041021 TSecr=3045560794 [TCP segment of a reassembled PDU]"
"58884","36.941193332","192.168.1.55","192.168.1.2","TCP","1514","8004  >  36738 [ACK] Seq=298478 Ack=141 Win=65024 Len=1448 TSval=2916041021 TSecr=3045560794 [TCP segment of a reassembled PDU]"
"58885","36.941194295","192.168.1.55","192.168.1.2","TCP","1514","8004  >  36738 [ACK] Seq=299926 Ack=141 Win=65024 Len=1448 TSval=2916041021 TSecr=3045560794 [TCP segment of a reassembled PDU]"
"58886","36.941195277","192.168.1.55","192.168.1.2","TCP","1514","8004  >  36738 [ACK] Seq=301374 Ack=141 Win=65024 Len=1448 TSval=2916041021 TSecr=3045560794 [TCP segment of a reassembled PDU]"
"58887","36.941196740","192.168.1.55","192.168.1.2","TCP","1514","8004  >  36738 [ACK] Seq=302822 Ack=141 Win=65024 Len=1448 TSval=2916041021 TSecr=3045560794 [TCP segment of a reassembled PDU]"
"58888","36.941197758","192.168.1.55","192.168.1.2","TCP","1514","8004  >  36738 [ACK] Seq=304270 Ack=141 Win=65024 Len=1448 TSval=2916041021 TSecr=3045560794 [TCP segment of a reassembled PDU]"
"58889","36.941198666","192.168.1.55","192.168.1.2","TCP","1514","8004  >  36738 [ACK] Seq=305718 Ack=141 Win=65024 Len=1448 TSval=2916041021 TSecr=3045560794 [TCP segment of a reassembled PDU]"
"58890","36.941199703","192.168.1.55","192.168.1.2","TCP","1514","8004  >  36738 [ACK] Seq=307166 Ack=141 Win=65024 Len=1448 TSval=2916041021 TSecr=3045560794 [TCP segment of a reassembled PDU]"
"58891","36.941200610","192.168.1.55","192.168.1.2","TCP","1514","8004  >  36738 [ACK] Seq=308614 Ack=141 Win=65024 Len=1448 TSval=2916041021 TSecr=3045560794 [TCP segment of a reassembled PDU]"
"58892","36.941201666","192.168.1.55","192.168.1.2","TCP","1514","8004  >  36738 [ACK] Seq=310062 Ack=141 Win=65024 Len=1448 TSval=2916041021 TSecr=3045560794 [TCP segment of a reassembled PDU]"
"58893","36.941202981","192.168.1.55","192.168.1.2","TCP","1514","8004  >  36738 [ACK] Seq=311510 Ack=141 Win=65024 Len=1448 TSval=2916041021 TSecr=3045560794 [TCP segment of a reassembled PDU]"
"58894","36.941203925","192.168.1.55","192.168.1.2","TCP","1514","8004  >  36738 [ACK] Seq=312958 Ack=141 Win=65024 Len=1448 TSval=2916041021 TSecr=3045560794 [TCP segment of a reassembled PDU]"
"58895","36.941204888","192.168.1.55","192.168.1.2","TCP","1514","8004  >  36738 [ACK] Seq=314406 Ack=141 Win=65024 Len=1448 TSval=2916041021 TSecr=3045560794 [TCP segment of a reassembled PDU]"
"58896","36.941205832","192.168.1.55","192.168.1.2","TCP","1514","8004  >  36738 [ACK] Seq=315854 Ack=141 Win=65024 Len=1448 TSval=2916041021 TSecr=3045560794 [TCP segment of a reassembled PDU]"
"58897","36.941206907","192.168.1.55","192.168.1.2","TCP","1514","8004  >  36738 [ACK] Seq=317302 Ack=141 Win=65024 Len=1448 TSval=2916041021 TSecr=3045560794 [TCP segment of a reassembled PDU]"
"58898","36.941207870","192.168.1.55","192.168.1.2","TCP","1514","8004  >  36738 [ACK] Seq=318750 Ack=141 Win=65024 Len=1448 TSval=2916041021 TSecr=3045560794 [TCP segment of a reassembled PDU]"
"58899","36.941208925","192.168.1.55","192.168.1.2","TCP","1514","8004  >  36738 [ACK] Seq=320198 Ack=141 Win=65024 Len=1448 TSval=2916041021 TSecr=3045560794 [TCP segment of a reassembled PDU]"
"58900","36.941211314","192.168.1.55","192.168.1.2","TCP","1514","8004  >  36738 [ACK] Seq=321646 Ack=141 Win=65024 Len=1448 TSval=2916041021 TSecr=3045560794 [TCP segment of a reassembled PDU]"
"58901","36.941212536","192.168.1.55","192.168.1.2","TCP","1514","8004  >  36738 [ACK] Seq=323094 Ack=141 Win=65024 Len=1448 TSval=2916041021 TSecr=3045560794 [TCP segment of a reassembled PDU]"
"58902","36.941213740","192.168.1.55","192.168.1.2","TCP","1514","8004  >  36738 [ACK] Seq=324542 Ack=141 Win=65024 Len=1448 TSval=2916041021 TSecr=3045560794 [TCP segment of a reassembled PDU]"
"58903","36.941215036","192.168.1.55","192.168.1.2","TCP","1514","8004  >  36738 [ACK] Seq=325990 Ack=141 Win=65024 Len=1448 TSval=2916041021 TSecr=3045560794 [TCP segment of a reassembled PDU]"
"58904","36.941216184","192.168.1.55","192.168.1.2","TCP","1514","8004  >  36738 [ACK] Seq=327438 Ack=141 Win=65024 Len=1448 TSval=2916041021 TSecr=3045560794 [TCP segment of a reassembled PDU]"
"58905","36.941217407","192.168.1.55","192.168.1.2","TCP","1514","8004  >  36738 [ACK] Seq=328886 Ack=141 Win=65024 Len=1448 TSval=2916041021 TSecr=3045560794 [TCP segment of a reassembled PDU]"
"58906","36.941218481","192.168.1.55","192.168.1.2","TCP","1514","8004  >  36738 [ACK] Seq=330334 Ack=141 Win=65024 Len=1448 TSval=2916041021 TSecr=3045560794 [TCP segment of a reassembled PDU]"
"58907","36.941219388","192.168.1.55","192.168.1.2","TCP","1514","8004  >  36738 [ACK] Seq=331782 Ack=141 Win=65024 Len=1448 TSval=2916041021 TSecr=3045560794 [TCP segment of a reassembled PDU]"
"58908","36.941220407","192.168.1.55","192.168.1.2","TCP","1514","8004  >  36738 [ACK] Seq=333230 Ack=141 Win=65024 Len=1448 TSval=2916041021 TSecr=3045560794 [TCP segment of a reassembled PDU]"
"58909","36.941221314","192.168.1.55","192.168.1.2","TCP","1514","8004  >  36738 [ACK] Seq=334678 Ack=141 Win=65024 Len=1448 TSval=2916041021 TSecr=3045560794 [TCP segment of a reassembled PDU]"
"58910","36.941222370","192.168.1.55","192.168.1.2","TCP","1514","8004  >  36738 [ACK] Seq=336126 Ack=141 Win=65024 Len=1448 TSval=2916041021 TSecr=3045560794 [TCP segment of a reassembled PDU]"
"58911","36.941223462","192.168.1.55","192.168.1.2","TCP","1514","8004  >  36738 [ACK] Seq=337574 Ack=141 Win=65024 Len=1448 TSval=2916041021 TSecr=3045560794 [TCP segment of a reassembled PDU]"
"58912","36.941224592","192.168.1.55","192.168.1.2","TCP","1514","8004  >  36738 [PSH, ACK] Seq=339022 Ack=141 Win=65024 Len=1448 TSval=2916041021 TSecr=3045560794 [TCP segment of a reassembled PDU]"
"58913","36.941228851","192.168.1.2","192.168.1.55","TCP","66","36738  >  8004 [ACK] Seq=141 Ack=273862 Win=91136 Len=0 TSval=3045560794 TSecr=2916041012"
"58914","36.942628113","192.168.1.2","192.168.1.55","TCP","66","36738  >  8004 [ACK] Seq=141 Ack=283694 Win=149504 Len=0 TSval=3045560795 TSecr=2916041012"
"58915","36.942667798","192.168.1.55","192.168.1.2","TCP","1514","8004  >  36738 [ACK] Seq=340470 Ack=141 Win=65024 Len=1448 TSval=2916041023 TSecr=3045560795 [TCP segment of a reassembled PDU]"
"58916","36.942671020","192.168.1.55","192.168.1.2","TCP","1514","8004  >  36738 [ACK] Seq=341918 Ack=141 Win=65024 Len=1448 TSval=2916041023 TSecr=3045560795 [TCP segment of a reassembled PDU]"
"58917","36.942672039","192.168.1.55","192.168.1.2","TCP","1514","8004  >  36738 [ACK] Seq=343366 Ack=141 Win=65024 Len=1448 TSval=2916041023 TSecr=3045560795 [TCP segment of a reassembled PDU]"
"58918","36.942673187","192.168.1.55","192.168.1.2","TCP","1514","8004  >  36738 [ACK] Seq=344814 Ack=141 Win=65024 Len=1448 TSval=2916041023 TSecr=3045560795 [TCP segment of a reassembled PDU]"
"58919","36.942674261","192.168.1.55","192.168.1.2","TCP","1514","8004  >  36738 [ACK] Seq=346262 Ack=141 Win=65024 Len=1448 TSval=2916041023 TSecr=3045560795 [TCP segment of a reassembled PDU]"
"58920","36.942675279","192.168.1.55","192.168.1.2","TCP","1514","8004  >  36738 [ACK] Seq=347710 Ack=141 Win=65024 Len=1448 TSval=2916041023 TSecr=3045560795 [TCP segment of a reassembled PDU]"
"58921","36.942676261","192.168.1.55","192.168.1.2","TCP","1514","8004  >  36738 [ACK] Seq=349158 Ack=141 Win=65024 Len=1448 TSval=2916041023 TSecr=3045560795 [TCP segment of a reassembled PDU]"
"58922","36.942677761","192.168.1.55","192.168.1.2","TCP","1514","8004  >  36738 [ACK] Seq=350606 Ack=141 Win=65024 Len=1448 TSval=2916041023 TSecr=3045560795 [TCP segment of a reassembled PDU]"
"58923","36.942678853","192.168.1.55","192.168.1.2","TCP","1514","8004  >  36738 [ACK] Seq=352054 Ack=141 Win=65024 Len=1448 TSval=2916041023 TSecr=3045560795 [TCP segment of a reassembled PDU]"
"58924","36.942679872","192.168.1.55","192.168.1.2","TCP","1514","8004  >  36738 [ACK] Seq=353502 Ack=141 Win=65024 Len=1448 TSval=2916041023 TSecr=3045560795 [TCP segment of a reassembled PDU]"
"58925","36.942681094","192.168.1.55","192.168.1.2","TCP","1514","8004  >  36738 [ACK] Seq=354950 Ack=141 Win=65024 Len=1448 TSval=2916041023 TSecr=3045560795 [TCP segment of a reassembled PDU]"
"58926","36.942682002","192.168.1.55","192.168.1.2","TCP","1514","8004  >  36738 [ACK] Seq=356398 Ack=141 Win=65024 Len=1448 TSval=2916041023 TSecr=3045560795 [TCP segment of a reassembled PDU]"
"58927","36.942683113","192.168.1.55","192.168.1.2","TCP","1514","8004  >  36738 [ACK] Seq=357846 Ack=141 Win=65024 Len=1448 TSval=2916041023 TSecr=3045560795 [TCP segment of a reassembled PDU]"
"58928","36.942684131","192.168.1.55","192.168.1.2","TCP","1514","8004  >  36738 [ACK] Seq=359294 Ack=141 Win=65024 Len=1448 TSval=2916041023 TSecr=3045560795 [TCP segment of a reassembled PDU]"
"58929","36.942685131","192.168.1.55","192.168.1.2","TCP","1514","8004  >  36738 [ACK] Seq=360742 Ack=141 Win=65024 Len=1448 TSval=2916041023 TSecr=3045560795 [TCP segment of a reassembled PDU]"
"58930","36.942686298","192.168.1.55","192.168.1.2","TCP","1514","8004  >  36738 [ACK] Seq=362190 Ack=141 Win=65024 Len=1448 TSval=2916041023 TSecr=3045560795 [TCP segment of a reassembled PDU]"
"58931","36.942687316","192.168.1.55","192.168.1.2","TCP","1514","8004  >  36738 [ACK] Seq=363638 Ack=141 Win=65024 Len=1448 TSval=2916041023 TSecr=3045560795 [TCP segment of a reassembled PDU]"
"58932","36.942688705","192.168.1.55","192.168.1.2","TCP","1514","8004  >  36738 [ACK] Seq=365086 Ack=141 Win=65024 Len=1448 TSval=2916041023 TSecr=3045560795 [TCP segment of a reassembled PDU]"
"58933","36.942689705","192.168.1.55","192.168.1.2","TCP","1514","8004  >  36738 [ACK] Seq=366534 Ack=141 Win=65024 Len=1448 TSval=2916041023 TSecr=3045560795 [TCP segment of a reassembled PDU]"
"58934","36.942690724","192.168.1.55","192.168.1.2","TCP","1514","8004  >  36738 [ACK] Seq=367982 Ack=141 Win=65024 Len=1448 TSval=2916041023 TSecr=3045560795 [TCP segment of a reassembled PDU]"
"58935","36.942691946","192.168.1.55","192.168.1.2","TCP","1514","8004  >  36738 [ACK] Seq=369430 Ack=141 Win=65024 Len=1448 TSval=2916041023 TSecr=3045560795 [TCP segment of a reassembled PDU]"
"58936","36.942693372","192.168.1.55","192.168.1.2","TCP","1514","8004  >  36738 [ACK] Seq=370878 Ack=141 Win=65024 Len=1448 TSval=2916041023 TSecr=3045560795 [TCP segment of a reassembled PDU]"
"58937","36.942694353","192.168.1.55","192.168.1.2","TCP","1514","8004  >  36738 [ACK] Seq=372326 Ack=141 Win=65024 Len=1448 TSval=2916041023 TSecr=3045560795 [TCP segment of a reassembled PDU]"
"58938","36.942695353","192.168.1.55","192.168.1.2","TCP","1514","8004  >  36738 [ACK] Seq=373774 Ack=141 Win=65024 Len=1448 TSval=2916041023 TSecr=3045560795 [TCP segment of a reassembled PDU]"
"58939","36.942696279","192.168.1.55","192.168.1.2","TCP","1514","8004  >  36738 [ACK] Seq=375222 Ack=141 Win=65024 Len=1448 TSval=2916041023 TSecr=3045560795 [TCP segment of a reassembled PDU]"
"58940","36.942697539","192.168.1.55","192.168.1.2","TCP","1514","8004  >  36738 [ACK] Seq=376670 Ack=141 Win=65024 Len=1448 TSval=2916041023 TSecr=3045560795 [TCP segment of a reassembled PDU]"
"58941","36.942698557","192.168.1.55","192.168.1.2","TCP","1514","8004  >  36738 [ACK] Seq=378118 Ack=141 Win=65024 Len=1448 TSval=2916041023 TSecr=3045560795 [TCP segment of a reassembled PDU]"
"58942","36.942699779","192.168.1.55","192.168.1.2","TCP","1514","8004  >  36738 [ACK] Seq=379566 Ack=141 Win=65024 Len=1448 TSval=2916041023 TSecr=3045560795 [TCP segment of a reassembled PDU]"
"58943","36.942700965","192.168.1.55","192.168.1.2","TCP","1514","8004  >  36738 [ACK] Seq=381014 Ack=141 Win=65024 Len=1448 TSval=2916041023 TSecr=3045560795 [TCP segment of a reassembled PDU]"
"58944","36.942701853","192.168.1.55","192.168.1.2","TCP","1514","8004  >  36738 [ACK] Seq=382462 Ack=141 Win=65024 Len=1448 TSval=2916041023 TSecr=3045560795 [TCP segment of a reassembled PDU]"
"58945","36.942703076","192.168.1.55","192.168.1.2","TCP","1514","8004  >  36738 [ACK] Seq=383910 Ack=141 Win=65024 Len=1448 TSval=2916041023 TSecr=3045560795 [TCP segment of a reassembled PDU]"
"58946","36.942704076","192.168.1.55","192.168.1.2","TCP","1514","8004  >  36738 [PSH, ACK] Seq=385358 Ack=141 Win=65024 Len=1448 TSval=2916041023 TSecr=3045560795 [TCP segment of a reassembled PDU]"
"58947","36.942744742","192.168.1.55","192.168.1.2","TCP","1514","8004  >  36738 [ACK] Seq=386806 Ack=141 Win=65024 Len=1448 TSval=2916041023 TSecr=3045560795 [TCP segment of a reassembled PDU]"
"58948","36.942747187","192.168.1.55","192.168.1.2","TCP","1514","8004  >  36738 [ACK] Seq=388254 Ack=141 Win=65024 Len=1448 TSval=2916041023 TSecr=3045560795 [TCP segment of a reassembled PDU]"
"58949","36.942748261","192.168.1.55","192.168.1.2","TCP","1514","8004  >  36738 [ACK] Seq=389702 Ack=141 Win=65024 Len=1448 TSval=2916041023 TSecr=3045560795 [TCP segment of a reassembled PDU]"
"58950","36.942749298","192.168.1.55","192.168.1.2","TCP","1514","8004  >  36738 [ACK] Seq=391150 Ack=141 Win=65024 Len=1448 TSval=2916041023 TSecr=3045560795 [TCP segment of a reassembled PDU]"
"58951","36.942750279","192.168.1.55","192.168.1.2","TCP","1514","8004  >  36738 [ACK] Seq=392598 Ack=141 Win=65024 Len=1448 TSval=2916041023 TSecr=3045560795 [TCP segment of a reassembled PDU]"
"58952","36.942751316","192.168.1.55","192.168.1.2","TCP","1514","8004  >  36738 [ACK] Seq=394046 Ack=141 Win=65024 Len=1448 TSval=2916041023 TSecr=3045560795 [TCP segment of a reassembled PDU]"
"58953","36.942752650","192.168.1.55","192.168.1.2","TCP","1514","8004  >  36738 [ACK] Seq=395494 Ack=141 Win=65024 Len=1448 TSval=2916041023 TSecr=3045560795 [TCP segment of a reassembled PDU]"
"58954","36.942753576","192.168.1.55","192.168.1.2","TCP","1514","8004  >  36738 [ACK] Seq=396942 Ack=141 Win=65024 Len=1448 TSval=2916041023 TSecr=3045560795 [TCP segment of a reassembled PDU]"
"58955","36.942754594","192.168.1.55","192.168.1.2","TCP","1514","8004  >  36738 [ACK] Seq=398390 Ack=141 Win=65024 Len=1448 TSval=2916041023 TSecr=3045560795 [TCP segment of a reassembled PDU]"
"58956","36.942755687","192.168.1.55","192.168.1.2","TCP","1514","8004  >  36738 [ACK] Seq=399838 Ack=141 Win=65024 Len=1448 TSval=2916041023 TSecr=3045560795 [TCP segment of a reassembled PDU]"
"58957","36.942756631","192.168.1.55","192.168.1.2","TCP","1514","8004  >  36738 [ACK] Seq=401286 Ack=141 Win=65024 Len=1448 TSval=2916041023 TSecr=3045560795 [TCP segment of a reassembled PDU]"
"58958","36.942757631","192.168.1.55","192.168.1.2","TCP","1514","8004  >  36738 [ACK] Seq=402734 Ack=141 Win=65024 Len=1448 TSval=2916041023 TSecr=3045560795 [TCP segment of a reassembled PDU]"
"58959","36.942758576","192.168.1.55","192.168.1.2","TCP","1514","8004  >  36738 [ACK] Seq=404182 Ack=141 Win=65024 Len=1448 TSval=2916041023 TSecr=3045560795 [TCP segment of a reassembled PDU]"
"58960","36.942759613","192.168.1.55","192.168.1.2","TCP","1514","8004  >  36738 [ACK] Seq=405630 Ack=141 Win=65024 Len=1448 TSval=2916041023 TSecr=3045560795 [TCP segment of a reassembled PDU]"
"58961","36.942760539","192.168.1.55","192.168.1.2","TCP","1514","8004  >  36738 [ACK] Seq=407078 Ack=141 Win=65024 Len=1448 TSval=2916041023 TSecr=3045560795 [TCP segment of a reassembled PDU]"
"58962","36.942761798","192.168.1.55","192.168.1.2","TCP","1514","8004  >  36738 [ACK] Seq=408526 Ack=141 Win=65024 Len=1448 TSval=2916041023 TSecr=3045560795 [TCP segment of a reassembled PDU]"
"58963","36.942763002","192.168.1.55","192.168.1.2","TCP","1514","8004  >  36738 [ACK] Seq=409974 Ack=141 Win=65024 Len=1448 TSval=2916041023 TSecr=3045560795 [TCP segment of a reassembled PDU]"
"58964","36.942763946","192.168.1.55","192.168.1.2","TCP","1514","8004  >  36738 [ACK] Seq=411422 Ack=141 Win=65024 Len=1448 TSval=2916041023 TSecr=3045560795 [TCP segment of a reassembled PDU]"
"58965","36.942765002","192.168.1.55","192.168.1.2","TCP","1514","8004  >  36738 [ACK] Seq=412870 Ack=141 Win=65024 Len=1448 TSval=2916041023 TSecr=3045560795 [TCP segment of a reassembled PDU]"
"58966","36.942765965","192.168.1.55","192.168.1.2","TCP","1514","8004  >  36738 [ACK] Seq=414318 Ack=141 Win=65024 Len=1448 TSval=2916041023 TSecr=3045560795 [TCP segment of a reassembled PDU]"
"58967","36.942767020","192.168.1.55","192.168.1.2","TCP","1514","8004  >  36738 [ACK] Seq=415766 Ack=141 Win=65024 Len=1448 TSval=2916041023 TSecr=3045560795 [TCP segment of a reassembled PDU]"
"58968","36.942768168","192.168.1.55","192.168.1.2","TCP","1514","8004  >  36738 [ACK] Seq=417214 Ack=141 Win=65024 Len=1448 TSval=2916041023 TSecr=3045560795 [TCP segment of a reassembled PDU]"
"58969","36.942769335","192.168.1.55","192.168.1.2","TCP","1514","8004  >  36738 [ACK] Seq=418662 Ack=141 Win=65024 Len=1448 TSval=2916041023 TSecr=3045560795 [TCP segment of a reassembled PDU]"
"58970","36.942770483","192.168.1.55","192.168.1.2","TCP","1514","8004  >  36738 [ACK] Seq=420110 Ack=141 Win=65024 Len=1448 TSval=2916041023 TSecr=3045560795 [TCP segment of a reassembled PDU]"
"58971","36.942772002","192.168.1.55","192.168.1.2","TCP","1514","8004  >  36738 [ACK] Seq=421558 Ack=141 Win=65024 Len=1448 TSval=2916041023 TSecr=3045560795 [TCP segment of a reassembled PDU]"
"58972","36.942773465","192.168.1.55","192.168.1.2","TCP","1514","8004  >  36738 [ACK] Seq=423006 Ack=141 Win=65024 Len=1448 TSval=2916041023 TSecr=3045560795 [TCP segment of a reassembled PDU]"
"58973","36.942774854","192.168.1.55","192.168.1.2","TCP","1514","8004  >  36738 [ACK] Seq=424454 Ack=141 Win=65024 Len=1448 TSval=2916041023 TSecr=3045560795 [TCP segment of a reassembled PDU]"
"58974","36.942776539","192.168.1.55","192.168.1.2","TCP","1514","8004  >  36738 [ACK] Seq=425902 Ack=141 Win=65024 Len=1448 TSval=2916041023 TSecr=3045560795 [TCP segment of a reassembled PDU]"
"58975","36.942777891","192.168.1.55","192.168.1.2","TCP","1514","8004  >  36738 [ACK] Seq=427350 Ack=141 Win=65024 Len=1448 TSval=2916041023 TSecr=3045560795 [TCP segment of a reassembled PDU]"
"58976","36.942778946","192.168.1.55","192.168.1.2","TCP","1514","8004  >  36738 [ACK] Seq=428798 Ack=141 Win=65024 Len=1448 TSval=2916041023 TSecr=3045560795 [TCP segment of a reassembled PDU]"
"58977","36.942779983","192.168.1.55","192.168.1.2","TCP","1514","8004  >  36738 [ACK] Seq=430246 Ack=141 Win=65024 Len=1448 TSval=2916041023 TSecr=3045560795 [TCP segment of a reassembled PDU]"
"58978","36.942780983","192.168.1.55","192.168.1.2","TCP","1514","8004  >  36738 [PSH, ACK] Seq=431694 Ack=141 Win=65024 Len=1448 TSval=2916041023 TSecr=3045560795 [TCP segment of a reassembled PDU]"
"58979","36.942835261","192.168.1.2","192.168.1.55","TCP","66","36738  >  8004 [ACK] Seq=141 Ack=290934 Win=152576 Len=0 TSval=3045560796 TSecr=2916041019"
"58980","36.942857891","192.168.1.55","192.168.1.2","TCP","1514","8004  >  36738 [ACK] Seq=433142 Ack=141 Win=65024 Len=1448 TSval=2916041023 TSecr=3045560796 [TCP segment of a reassembled PDU]"
"58981","36.942860798","192.168.1.55","192.168.1.2","TCP","1514","8004  >  36738 [ACK] Seq=434590 Ack=141 Win=65024 Len=1448 TSval=2916041023 TSecr=3045560796 [TCP segment of a reassembled PDU]"
"58982","36.942861872","192.168.1.55","192.168.1.2","TCP","1514","8004  >  36738 [ACK] Seq=436038 Ack=141 Win=65024 Len=1448 TSval=2916041023 TSecr=3045560796 [TCP segment of a reassembled PDU]"
"58983","36.942862872","192.168.1.55","192.168.1.2","TCP","1514","8004  >  36738 [ACK] Seq=437486 Ack=141 Win=65024 Len=1448 TSval=2916041023 TSecr=3045560796 [TCP segment of a reassembled PDU]"
"58984","36.942863761","192.168.1.55","192.168.1.2","TCP","1514","8004  >  36738 [ACK] Seq=438934 Ack=141 Win=65024 Len=1448 TSval=2916041023 TSecr=3045560796 [TCP segment of a reassembled PDU]"
"58985","36.942864761","192.168.1.55","192.168.1.2","TCP","1514","8004  >  36738 [ACK] Seq=440382 Ack=141 Win=65024 Len=1448 TSval=2916041023 TSecr=3045560796 [TCP segment of a reassembled PDU]"
"58986","36.942865817","192.168.1.55","192.168.1.2","TCP","1514","8004  >  36738 [PSH, ACK] Seq=441830 Ack=141 Win=65024 Len=1448 TSval=2916041023 TSecr=3045560796 [TCP segment of a reassembled PDU]"
"58987","36.942869261","192.168.1.2","192.168.1.55","TCP","66","36738  >  8004 [ACK] Seq=141 Ack=292382 Win=155648 Len=0 TSval=3045560798 TSecr=2916041021"
"58988","36.942878669","192.168.1.55","192.168.1.2","TCP","1514","8004  >  36738 [ACK] Seq=443278 Ack=141 Win=65024 Len=1448 TSval=2916041023 TSecr=3045560798 [TCP segment of a reassembled PDU]"
"58989","36.942880076","192.168.1.55","192.168.1.2","TCP","1514","8004  >  36738 [ACK] Seq=444726 Ack=141 Win=65024 Len=1448 TSval=2916041023 TSecr=3045560798 [TCP segment of a reassembled PDU]"
"58990","36.942881002","192.168.1.55","192.168.1.2","TCP","1514","8004  >  36738 [PSH, ACK] Seq=446174 Ack=141 Win=65024 Len=1448 TSval=2916041023 TSecr=3045560798 [TCP segment of a reassembled PDU]"
"58991","36.942883983","192.168.1.2","192.168.1.55","TCP","66","36738  >  8004 [ACK] Seq=141 Ack=293830 Win=158720 Len=0 TSval=3045560798 TSecr=2916041021"
"58992","36.942890613","192.168.1.55","192.168.1.2","TCP","1514","8004  >  36738 [ACK] Seq=447622 Ack=141 Win=65024 Len=1448 TSval=2916041023 TSecr=3045560798 [TCP segment of a reassembled PDU]"
"58993","36.942892076","192.168.1.55","192.168.1.2","TCP","1514","8004  >  36738 [ACK] Seq=449070 Ack=141 Win=65024 Len=1448 TSval=2916041023 TSecr=3045560798 [TCP segment of a reassembled PDU]"
"58994","36.942893057","192.168.1.55","192.168.1.2","TCP","1514","8004  >  36738 [PSH, ACK] Seq=450518 Ack=141 Win=65024 Len=1448 TSval=2916041023 TSecr=3045560798 [TCP segment of a reassembled PDU]"
"58995","36.942895706","192.168.1.2","192.168.1.55","TCP","66","36738  >  8004 [ACK] Seq=141 Ack=294134 Win=160768 Len=0 TSval=3045560798 TSecr=2916041021"
"58996","36.942902409","192.168.1.55","192.168.1.2","TCP","1514","8004  >  36738 [ACK] Seq=451966 Ack=141 Win=65024 Len=1448 TSval=2916041023 TSecr=3045560798 [TCP segment of a reassembled PDU]"
"58997","36.942904224","192.168.1.55","192.168.1.2","TCP","1514","8004  >  36738 [ACK] Seq=453414 Ack=141 Win=65024 Len=1448 TSval=2916041023 TSecr=3045560798 [TCP segment of a reassembled PDU]"
"58998","36.942905687","192.168.1.55","192.168.1.2","TCP","106","[TCP Window Full] 8004  >  36738 [PSH, ACK] Seq=454862 Ack=141 Win=65024 Len=40 TSval=2916041023 TSecr=3045560798 [TCP segment of a reassembled PDU]"
"58999","36.951149571","192.168.1.2","192.168.1.55","TCP","66","36738  >  8004 [ACK] Seq=141 Ack=340470 Win=158720 Len=0 TSval=3045560806 TSecr=2916041021"
"59000","36.951269034","192.168.1.55","192.168.1.2","TCP","1514","8004  >  36738 [ACK] Seq=454902 Ack=141 Win=65024 Len=1448 TSval=2916041031 TSecr=3045560806 [TCP segment of a reassembled PDU]"
"59001","36.951273349","192.168.1.55","192.168.1.2","TCP","1514","8004  >  36738 [ACK] Seq=456350 Ack=141 Win=65024 Len=1448 TSval=2916041031 TSecr=3045560806 [TCP segment of a reassembled PDU]"
"59002","36.951275052","192.168.1.55","192.168.1.2","TCP","1514","8004  >  36738 [ACK] Seq=457798 Ack=141 Win=65024 Len=1448 TSval=2916041031 TSecr=3045560806 [TCP segment of a reassembled PDU]"
"59003","36.951277349","192.168.1.55","192.168.1.2","TCP","1514","8004  >  36738 [ACK] Seq=459246 Ack=141 Win=65024 Len=1448 TSval=2916041031 TSecr=3045560806 [TCP segment of a reassembled PDU]"
"59004","36.951278886","192.168.1.55","192.168.1.2","TCP","1514","8004  >  36738 [ACK] Seq=460694 Ack=141 Win=65024 Len=1448 TSval=2916041031 TSecr=3045560806 [TCP segment of a reassembled PDU]"
"59005","36.951279997","192.168.1.55","192.168.1.2","TCP","1514","8004  >  36738 [ACK] Seq=462142 Ack=141 Win=65024 Len=1448 TSval=2916041031 TSecr=3045560806 [TCP segment of a reassembled PDU]"
"59006","36.951281015","192.168.1.55","192.168.1.2","TCP","1514","8004  >  36738 [ACK] Seq=463590 Ack=141 Win=65024 Len=1448 TSval=2916041031 TSecr=3045560806 [TCP segment of a reassembled PDU]"
"59007","36.951282182","192.168.1.55","192.168.1.2","TCP","1514","8004  >  36738 [ACK] Seq=465038 Ack=141 Win=65024 Len=1448 TSval=2916041031 TSecr=3045560806 [TCP segment of a reassembled PDU]"
"59008","36.951283182","192.168.1.55","192.168.1.2","TCP","1514","8004  >  36738 [ACK] Seq=466486 Ack=141 Win=65024 Len=1448 TSval=2916041031 TSecr=3045560806 [TCP segment of a reassembled PDU]"
"59009","36.951285552","192.168.1.55","192.168.1.2","TCP","1514","8004  >  36738 [ACK] Seq=467934 Ack=141 Win=65024 Len=1448 TSval=2916041031 TSecr=3045560806 [TCP segment of a reassembled PDU]"
"59010","36.951287034","192.168.1.55","192.168.1.2","TCP","1514","8004  >  36738 [ACK] Seq=469382 Ack=141 Win=65024 Len=1448 TSval=2916041031 TSecr=3045560806 [TCP segment of a reassembled PDU]"
"59011","36.951288460","192.168.1.55","192.168.1.2","TCP","1514","8004  >  36738 [ACK] Seq=470830 Ack=141 Win=65024 Len=1448 TSval=2916041031 TSecr=3045560806 [TCP segment of a reassembled PDU]"
"59012","36.951289460","192.168.1.55","192.168.1.2","TCP","1514","8004  >  36738 [ACK] Seq=472278 Ack=141 Win=65024 Len=1448 TSval=2916041031 TSecr=3045560806 [TCP segment of a reassembled PDU]"
"59013","36.951290441","192.168.1.55","192.168.1.2","TCP","1514","8004  >  36738 [ACK] Seq=473726 Ack=141 Win=65024 Len=1448 TSval=2916041031 TSecr=3045560806 [TCP segment of a reassembled PDU]"
"59014","36.951296664","192.168.1.55","192.168.1.2","TCP","1514","8004  >  36738 [ACK] Seq=475174 Ack=141 Win=65024 Len=1448 TSval=2916041031 TSecr=3045560806 [TCP segment of a reassembled PDU]"
"59015","36.951298127","192.168.1.55","192.168.1.2","TCP","1514","8004  >  36738 [PSH, ACK] Seq=476622 Ack=141 Win=65024 Len=1448 TSval=2916041031 TSecr=3045560806 [TCP segment of a reassembled PDU]"
"59016","36.951308256","192.168.1.55","192.168.1.2","TCP","1474","8004  >  36738 [ACK] Seq=478070 Ack=141 Win=65024 Len=1408 TSval=2916041031 TSecr=3045560806 [TCP segment of a reassembled PDU]"
"59017","36.951365627","192.168.1.2","192.168.1.55","TCP","66","36738  >  8004 [ACK] Seq=141 Ack=386806 Win=113664 Len=0 TSval=3045560806 TSecr=2916041023"
"59018","36.951397923","192.168.1.55","192.168.1.2","TCP","1514","8004  >  36738 [ACK] Seq=479478 Ack=141 Win=65024 Len=1448 TSval=2916041032 TSecr=3045560806 [TCP segment of a reassembled PDU]"
"59019","36.951399960","192.168.1.55","192.168.1.2","TCP","1514","8004  >  36738 [ACK] Seq=480926 Ack=141 Win=65024 Len=1448 TSval=2916041032 TSecr=3045560806 [TCP segment of a reassembled PDU]"
"59020","36.951401164","192.168.1.55","192.168.1.2","TCP","1514","8004  >  36738 [ACK] Seq=482374 Ack=141 Win=65024 Len=1448 TSval=2916041032 TSecr=3045560806 [TCP segment of a reassembled PDU]"
"59021","36.951409108","192.168.1.55","192.168.1.2","TCP","1514","8004  >  36738 [ACK] Seq=483822 Ack=141 Win=65024 Len=1448 TSval=2916041032 TSecr=3045560806 [TCP segment of a reassembled PDU]"
"59022","36.951410867","192.168.1.55","192.168.1.2","TCP","1514","8004  >  36738 [ACK] Seq=485270 Ack=141 Win=65024 Len=1448 TSval=2916041032 TSecr=3045560806 [TCP segment of a reassembled PDU]"
"59023","36.951411830","192.168.1.55","192.168.1.2","TCP","1514","8004  >  36738 [ACK] Seq=486718 Ack=141 Win=65024 Len=1448 TSval=2916041032 TSecr=3045560806 [TCP segment of a reassembled PDU]"
"59024","36.951412756","192.168.1.55","192.168.1.2","TCP","1514","8004  >  36738 [ACK] Seq=488166 Ack=141 Win=65024 Len=1448 TSval=2916041032 TSecr=3045560806 [TCP segment of a reassembled PDU]"
"59025","36.951413664","192.168.1.55","192.168.1.2","TCP","1514","8004  >  36738 [ACK] Seq=489614 Ack=141 Win=65024 Len=1448 TSval=2916041032 TSecr=3045560806 [TCP segment of a reassembled PDU]"
"59026","36.951414905","192.168.1.55","192.168.1.2","TCP","1514","8004  >  36738 [ACK] Seq=491062 Ack=141 Win=65024 Len=1448 TSval=2916041032 TSecr=3045560806 [TCP segment of a reassembled PDU]"
"59027","36.951416275","192.168.1.55","192.168.1.2","TCP","1514","8004  >  36738 [ACK] Seq=492510 Ack=141 Win=65024 Len=1448 TSval=2916041032 TSecr=3045560806 [TCP segment of a reassembled PDU]"
"59028","36.951418349","192.168.1.55","192.168.1.2","TCP","1514","8004  >  36738 [ACK] Seq=493958 Ack=141 Win=65024 Len=1448 TSval=2916041032 TSecr=3045560806 [TCP segment of a reassembled PDU]"
"59029","36.951419442","192.168.1.55","192.168.1.2","TCP","1514","8004  >  36738 [ACK] Seq=495406 Ack=141 Win=65024 Len=1448 TSval=2916041032 TSecr=3045560806 [TCP segment of a reassembled PDU]"
"59030","36.951420534","192.168.1.55","192.168.1.2","TCP","1514","8004  >  36738 [PSH, ACK] Seq=496854 Ack=141 Win=65024 Len=1448 TSval=2916041032 TSecr=3045560806 [TCP segment of a reassembled PDU]"
"59031","36.951424775","192.168.1.55","192.168.1.2","HTTP","1472","HTTP/1.0 200 OK  (PNG)"
"59032","36.951428960","192.168.1.2","192.168.1.55","TCP","66","36738  >  8004 [ACK] Seq=141 Ack=428798 Win=164864 Len=0 TSval=3045560806 TSecr=2916041023"
"59033","36.951437016","192.168.1.2","192.168.1.55","TCP","66","36738  >  8004 [ACK] Seq=141 Ack=443278 Win=164864 Len=0 TSval=3045560806 TSecr=2916041023"
"59034","36.951497016","192.168.1.2","192.168.1.55","TCP","66","36738  >  8004 [ACK] Seq=141 Ack=447622 Win=174080 Len=0 TSval=3045560806 TSecr=2916041023"
"59035","36.951503386","192.168.1.2","192.168.1.55","TCP","66","36738  >  8004 [ACK] Seq=141 Ack=454902 Win=188416 Len=0 TSval=3045560806 TSecr=2916041023"
"59036","36.955654393","192.168.1.2","192.168.1.55","TCP","66","36738  >  8004 [ACK] Seq=141 Ack=478070 Win=188416 Len=0 TSval=3045560810 TSecr=2916041031"
"59037","36.955752708","192.168.1.2","192.168.1.55","TCP","66","36738  >  8004 [ACK] Seq=141 Ack=491062 Win=214016 Len=0 TSval=3045560811 TSecr=2916041031"
"59038","36.956534246","192.168.1.2","192.168.1.55","TCP","66","36738  >  8004 [ACK] Seq=141 Ack=498302 Win=229376 Len=0 TSval=3045560811 TSecr=2916041032"
"59039","36.958015767","192.168.1.2","192.168.1.55","TCP","66","36738  >  8004 [FIN, ACK] Seq=141 Ack=499709 Win=231424 Len=0 TSval=3045560812 TSecr=2916041032"
"59040","36.958028767","192.168.1.55","192.168.1.2","TCP","66","8004  >  36738 [ACK] Seq=499709 Ack=142 Win=65024 Len=0 TSval=2916041038 TSecr=3045560812"
"59041","36.958126823","192.168.1.2","192.168.1.55","TCP","74","36744  >  8004 [SYN] Seq=0 Win=64240 Len=0 MSS=1460 SACK_PERM TSval=3045560813 TSecr=0 WS=1024"
"59042","36.958149841","192.168.1.55","192.168.1.2","TCP","74","8004  >  36744 [SYN, ACK] Seq=0 Ack=1 Win=65160 Len=0 MSS=1460 SACK_PERM TSval=2916041038 TSecr=3045560813 WS=128"
"59043","36.961390291","192.168.1.2","192.168.1.55","TCP","66","36744  >  8004 [ACK] Seq=1 Ack=1 Win=64512 Len=0 TSval=3045560816 TSecr=2916041038"
"59044","36.962135885","192.168.1.2","192.168.1.55","HTTP","209","GET /original_benchmark.png HTTP/1.1 "
"59045","36.962163977","192.168.1.55","192.168.1.2","TCP","66","8004  >  36744 [ACK] Seq=1 Ack=144 Win=65024 Len=0 TSval=2916041042 TSecr=3045560816"
"59046","36.962790349","192.168.1.55","192.168.1.2","TCP","255","8004  >  36744 [PSH, ACK] Seq=1 Ack=144 Win=65024 Len=189 TSval=2916041043 TSecr=3045560816 [TCP segment of a reassembled PDU]"
"59047","36.962921868","192.168.1.55","192.168.1.2","TCP","1514","8004  >  36744 [ACK] Seq=190 Ack=144 Win=65024 Len=1448 TSval=2916041043 TSecr=3045560816 [TCP segment of a reassembled PDU]"
"59048","36.962926534","192.168.1.55","192.168.1.2","TCP","1514","8004  >  36744 [ACK] Seq=1638 Ack=144 Win=65024 Len=1448 TSval=2916041043 TSecr=3045560816 [TCP segment of a reassembled PDU]"
"59049","36.962927830","192.168.1.55","192.168.1.2","TCP","1514","8004  >  36744 [ACK] Seq=3086 Ack=144 Win=65024 Len=1448 TSval=2916041043 TSecr=3045560816 [TCP segment of a reassembled PDU]"
"59050","36.962929868","192.168.1.55","192.168.1.2","TCP","1514","8004  >  36744 [ACK] Seq=4534 Ack=144 Win=65024 Len=1448 TSval=2916041043 TSecr=3045560816 [TCP segment of a reassembled PDU]"
"59051","36.962931979","192.168.1.55","192.168.1.2","TCP","1514","8004  >  36744 [PSH, ACK] Seq=5982 Ack=144 Win=65024 Len=1448 TSval=2916041043 TSecr=3045560816 [TCP segment of a reassembled PDU]"
"59052","36.962955460","192.168.1.55","192.168.1.2","TCP","1514","8004  >  36744 [ACK] Seq=7430 Ack=144 Win=65024 Len=1448 TSval=2916041043 TSecr=3045560816 [TCP segment of a reassembled PDU]"
"59053","36.962958479","192.168.1.55","192.168.1.2","TCP","1514","8004  >  36744 [ACK] Seq=8878 Ack=144 Win=65024 Len=1448 TSval=2916041043 TSecr=3045560816 [TCP segment of a reassembled PDU]"
"59054","36.962960405","192.168.1.55","192.168.1.2","TCP","1514","8004  >  36744 [ACK] Seq=10326 Ack=144 Win=65024 Len=1448 TSval=2916041043 TSecr=3045560816 [TCP segment of a reassembled PDU]"
"59055","36.962961423","192.168.1.55","192.168.1.2","TCP","1514","8004  >  36744 [PSH, ACK] Seq=11774 Ack=144 Win=65024 Len=1448 TSval=2916041043 TSecr=3045560816 [TCP segment of a reassembled PDU]"
"59056","36.968475525","192.168.1.2","192.168.1.55","TCP","66","36744  >  8004 [ACK] Seq=144 Ack=190 Win=64512 Len=0 TSval=3045560822 TSecr=2916041043"
"59057","36.968658506","192.168.1.55","192.168.1.2","TCP","1514","8004  >  36744 [ACK] Seq=13222 Ack=144 Win=65024 Len=1448 TSval=2916041049 TSecr=3045560822 [TCP segment of a reassembled PDU]"
"59058","36.968676118","192.168.1.55","192.168.1.2","TCP","1514","8004  >  36744 [PSH, ACK] Seq=14670 Ack=144 Win=65024 Len=1448 TSval=2916041049 TSecr=3045560822 [TCP segment of a reassembled PDU]"
"59059","36.968754970","192.168.1.2","192.168.1.55","TCP","66","36744  >  8004 [ACK] Seq=144 Ack=13222 Win=64512 Len=0 TSval=3045560822 TSecr=2916041043"
"59060","36.968826136","192.168.1.55","192.168.1.2","TCP","1514","8004  >  36744 [ACK] Seq=16118 Ack=144 Win=65024 Len=1448 TSval=2916041049 TSecr=3045560822 [TCP segment of a reassembled PDU]"
"59061","36.968833470","192.168.1.55","192.168.1.2","TCP","1514","8004  >  36744 [ACK] Seq=17566 Ack=144 Win=65024 Len=1448 TSval=2916041049 TSecr=3045560822 [TCP segment of a reassembled PDU]"
"59062","36.968835544","192.168.1.55","192.168.1.2","TCP","1514","8004  >  36744 [ACK] Seq=19014 Ack=144 Win=65024 Len=1448 TSval=2916041049 TSecr=3045560822 [TCP segment of a reassembled PDU]"
"59063","36.968837081","192.168.1.55","192.168.1.2","TCP","1514","8004  >  36744 [ACK] Seq=20462 Ack=144 Win=65024 Len=1448 TSval=2916041049 TSecr=3045560822 [TCP segment of a reassembled PDU]"
"59064","36.968839247","192.168.1.55","192.168.1.2","TCP","1514","8004  >  36744 [ACK] Seq=21910 Ack=144 Win=65024 Len=1448 TSval=2916041049 TSecr=3045560822 [TCP segment of a reassembled PDU]"
"59065","36.968841840","192.168.1.55","192.168.1.2","TCP","1514","8004  >  36744 [ACK] Seq=23358 Ack=144 Win=65024 Len=1448 TSval=2916041049 TSecr=3045560822 [TCP segment of a reassembled PDU]"
"59066","36.968844044","192.168.1.55","192.168.1.2","TCP","1514","8004  >  36744 [ACK] Seq=24806 Ack=144 Win=65024 Len=1448 TSval=2916041049 TSecr=3045560822 [TCP segment of a reassembled PDU]"
"59067","36.968846266","192.168.1.55","192.168.1.2","TCP","1514","8004  >  36744 [ACK] Seq=26254 Ack=144 Win=65024 Len=1448 TSval=2916041049 TSecr=3045560822 [TCP segment of a reassembled PDU]"
"59068","36.968848544","192.168.1.55","192.168.1.2","TCP","1514","8004  >  36744 [ACK] Seq=27702 Ack=144 Win=65024 Len=1448 TSval=2916041049 TSecr=3045560822 [TCP segment of a reassembled PDU]"
"59069","36.968851062","192.168.1.55","192.168.1.2","TCP","1514","8004  >  36744 [PSH, ACK] Seq=29150 Ack=144 Win=65024 Len=1448 TSval=2916041049 TSecr=3045560822 [TCP segment of a reassembled PDU]"
"59070","36.968913118","192.168.1.55","192.168.1.2","TCP","1514","8004  >  36744 [ACK] Seq=30598 Ack=144 Win=65024 Len=1448 TSval=2916041049 TSecr=3045560822 [TCP segment of a reassembled PDU]"
"59071","36.968918433","192.168.1.55","192.168.1.2","TCP","1514","8004  >  36744 [ACK] Seq=32046 Ack=144 Win=65024 Len=1448 TSval=2916041049 TSecr=3045560822 [TCP segment of a reassembled PDU]"
"59072","36.968920618","192.168.1.55","192.168.1.2","TCP","1514","8004  >  36744 [ACK] Seq=33494 Ack=144 Win=65024 Len=1448 TSval=2916041049 TSecr=3045560822 [TCP segment of a reassembled PDU]"
"59073","36.968923118","192.168.1.55","192.168.1.2","TCP","1514","8004  >  36744 [ACK] Seq=34942 Ack=144 Win=65024 Len=1448 TSval=2916041049 TSecr=3045560822 [TCP segment of a reassembled PDU]"
"59074","36.968925192","192.168.1.55","192.168.1.2","TCP","1514","8004  >  36744 [ACK] Seq=36390 Ack=144 Win=65024 Len=1448 TSval=2916041049 TSecr=3045560822 [TCP segment of a reassembled PDU]"
"59075","36.968930525","192.168.1.55","192.168.1.2","TCP","1514","8004  >  36744 [ACK] Seq=37838 Ack=144 Win=65024 Len=1448 TSval=2916041049 TSecr=3045560822 [TCP segment of a reassembled PDU]"
"59076","36.968932692","192.168.1.55","192.168.1.2","TCP","1514","8004  >  36744 [ACK] Seq=39286 Ack=144 Win=65024 Len=1448 TSval=2916041049 TSecr=3045560822 [TCP segment of a reassembled PDU]"
"59077","36.968935099","192.168.1.55","192.168.1.2","TCP","1514","8004  >  36744 [PSH, ACK] Seq=40734 Ack=144 Win=65024 Len=1448 TSval=2916041049 TSecr=3045560822 [TCP segment of a reassembled PDU]"
"59078","36.973931793","192.168.1.2","192.168.1.55","TCP","66","36744  >  8004 [ACK] Seq=144 Ack=16118 Win=70656 Len=0 TSval=3045560828 TSecr=2916041049"
"59079","36.973964200","192.168.1.55","192.168.1.2","TCP","1514","8004  >  36744 [ACK] Seq=42182 Ack=144 Win=65024 Len=1448 TSval=2916041054 TSecr=3045560828 [TCP segment of a reassembled PDU]"
"59080","36.973968904","192.168.1.55","192.168.1.2","TCP","1514","8004  >  36744 [PSH, ACK] Seq=43630 Ack=144 Win=65024 Len=1448 TSval=2916041054 TSecr=3045560828 [TCP segment of a reassembled PDU]"
"59081","36.974167997","192.168.1.2","192.168.1.55","TCP","66","36744  >  8004 [ACK] Seq=144 Ack=30598 Win=71680 Len=0 TSval=3045560828 TSecr=2916041049"
"59082","36.974191941","192.168.1.55","192.168.1.2","TCP","1514","8004  >  36744 [ACK] Seq=45078 Ack=144 Win=65024 Len=1448 TSval=2916041054 TSecr=3045560828 [TCP segment of a reassembled PDU]"
"59083","36.974194663","192.168.1.55","192.168.1.2","TCP","1514","8004  >  36744 [ACK] Seq=46526 Ack=144 Win=65024 Len=1448 TSval=2916041054 TSecr=3045560828 [TCP segment of a reassembled PDU]"
"59084","36.974195793","192.168.1.55","192.168.1.2","TCP","1514","8004  >  36744 [ACK] Seq=47974 Ack=144 Win=65024 Len=1448 TSval=2916041054 TSecr=3045560828 [TCP segment of a reassembled PDU]"
"59085","36.974196867","192.168.1.55","192.168.1.2","TCP","1514","8004  >  36744 [ACK] Seq=49422 Ack=144 Win=65024 Len=1448 TSval=2916041054 TSecr=3045560828 [TCP segment of a reassembled PDU]"
"59086","36.974198126","192.168.1.55","192.168.1.2","TCP","1514","8004  >  36744 [ACK] Seq=50870 Ack=144 Win=65024 Len=1448 TSval=2916041054 TSecr=3045560828 [TCP segment of a reassembled PDU]"
"59087","36.974199349","192.168.1.55","192.168.1.2","TCP","1514","8004  >  36744 [ACK] Seq=52318 Ack=144 Win=65024 Len=1448 TSval=2916041054 TSecr=3045560828 [TCP segment of a reassembled PDU]"
"59088","36.974200441","192.168.1.55","192.168.1.2","TCP","1514","8004  >  36744 [ACK] Seq=53766 Ack=144 Win=65024 Len=1448 TSval=2916041054 TSecr=3045560828 [TCP segment of a reassembled PDU]"
"59089","36.974201664","192.168.1.55","192.168.1.2","TCP","1514","8004  >  36744 [ACK] Seq=55214 Ack=144 Win=65024 Len=1448 TSval=2916041054 TSecr=3045560828 [TCP segment of a reassembled PDU]"
"59090","36.974202775","192.168.1.55","192.168.1.2","TCP","1514","8004  >  36744 [ACK] Seq=56662 Ack=144 Win=65024 Len=1448 TSval=2916041054 TSecr=3045560828 [TCP segment of a reassembled PDU]"
"59091","36.974204256","192.168.1.55","192.168.1.2","TCP","1514","8004  >  36744 [ACK] Seq=58110 Ack=144 Win=65024 Len=1448 TSval=2916041054 TSecr=3045560828 [TCP segment of a reassembled PDU]"
"59092","36.974205497","192.168.1.55","192.168.1.2","TCP","1514","8004  >  36744 [ACK] Seq=59558 Ack=144 Win=65024 Len=1448 TSval=2916041054 TSecr=3045560828 [TCP segment of a reassembled PDU]"
"59093","36.974206664","192.168.1.55","192.168.1.2","TCP","1514","8004  >  36744 [ACK] Seq=61006 Ack=144 Win=65024 Len=1448 TSval=2916041054 TSecr=3045560828 [TCP segment of a reassembled PDU]"
"59094","36.974207923","192.168.1.55","192.168.1.2","TCP","1514","8004  >  36744 [ACK] Seq=62454 Ack=144 Win=65024 Len=1448 TSval=2916041054 TSecr=3045560828 [TCP segment of a reassembled PDU]"
"59095","36.974209126","192.168.1.55","192.168.1.2","TCP","1514","8004  >  36744 [ACK] Seq=63902 Ack=144 Win=65024 Len=1448 TSval=2916041054 TSecr=3045560828 [TCP segment of a reassembled PDU]"
"59096","36.974210404","192.168.1.55","192.168.1.2","TCP","1514","8004  >  36744 [ACK] Seq=65350 Ack=144 Win=65024 Len=1448 TSval=2916041054 TSecr=3045560828 [TCP segment of a reassembled PDU]"
"59097","36.974211608","192.168.1.55","192.168.1.2","TCP","1514","8004  >  36744 [PSH, ACK] Seq=66798 Ack=144 Win=65024 Len=1448 TSval=2916041054 TSecr=3045560828 [TCP segment of a reassembled PDU]"
"59098","36.974222441","192.168.1.55","192.168.1.2","TCP","1514","8004  >  36744 [ACK] Seq=68246 Ack=144 Win=65024 Len=1448 TSval=2916041054 TSecr=3045560828 [TCP segment of a reassembled PDU]"
"59099","36.974223756","192.168.1.55","192.168.1.2","TCP","1514","8004  >  36744 [ACK] Seq=69694 Ack=144 Win=65024 Len=1448 TSval=2916041054 TSecr=3045560828 [TCP segment of a reassembled PDU]"
"59100","36.974224849","192.168.1.55","192.168.1.2","TCP","1514","8004  >  36744 [ACK] Seq=71142 Ack=144 Win=65024 Len=1448 TSval=2916041054 TSecr=3045560828 [TCP segment of a reassembled PDU]"
"59101","36.974226015","192.168.1.55","192.168.1.2","TCP","1514","8004  >  36744 [ACK] Seq=72590 Ack=144 Win=65024 Len=1448 TSval=2916041054 TSecr=3045560828 [TCP segment of a reassembled PDU]"
"59102","36.974227108","192.168.1.55","192.168.1.2","TCP","1514","8004  >  36744 [ACK] Seq=74038 Ack=144 Win=65024 Len=1448 TSval=2916041054 TSecr=3045560828 [TCP segment of a reassembled PDU]"
"59103","36.974228201","192.168.1.55","192.168.1.2","TCP","1514","8004  >  36744 [PSH, ACK] Seq=75486 Ack=144 Win=65024 Len=1448 TSval=2916041054 TSecr=3045560828 [TCP segment of a reassembled PDU]"
"59104","36.974232052","192.168.1.2","192.168.1.55","TCP","66","36744  >  8004 [ACK] Seq=144 Ack=36390 Win=66560 Len=0 TSval=3045560828 TSecr=2916041049"
"59105","36.974235978","192.168.1.2","192.168.1.55","TCP","66","36744  >  8004 [ACK] Seq=144 Ack=42182 Win=81920 Len=0 TSval=3045560828 TSecr=2916041049"
"59106","36.974303016","192.168.1.55","192.168.1.2","TCP","1514","8004  >  36744 [ACK] Seq=76934 Ack=144 Win=65024 Len=1448 TSval=2916041054 TSecr=3045560828 [TCP segment of a reassembled PDU]"
"59107","36.974307293","192.168.1.55","192.168.1.2","TCP","1514","8004  >  36744 [ACK] Seq=78382 Ack=144 Win=65024 Len=1448 TSval=2916041054 TSecr=3045560828 [TCP segment of a reassembled PDU]"
"59108","36.974308590","192.168.1.55","192.168.1.2","TCP","1514","8004  >  36744 [ACK] Seq=79830 Ack=144 Win=65024 Len=1448 TSval=2916041054 TSecr=3045560828 [TCP segment of a reassembled PDU]"
"59109","36.974309867","192.168.1.55","192.168.1.2","TCP","1514","8004  >  36744 [ACK] Seq=81278 Ack=144 Win=65024 Len=1448 TSval=2916041054 TSecr=3045560828 [TCP segment of a reassembled PDU]"
"59110","36.974311071","192.168.1.55","192.168.1.2","TCP","1514","8004  >  36744 [ACK] Seq=82726 Ack=144 Win=65024 Len=1448 TSval=2916041054 TSecr=3045560828 [TCP segment of a reassembled PDU]"
"59111","36.974312349","192.168.1.55","192.168.1.2","TCP","1514","8004  >  36744 [ACK] Seq=84174 Ack=144 Win=65024 Len=1448 TSval=2916041054 TSecr=3045560828 [TCP segment of a reassembled PDU]"
"59112","36.974313516","192.168.1.55","192.168.1.2","TCP","1514","8004  >  36744 [ACK] Seq=85622 Ack=144 Win=65024 Len=1448 TSval=2916041054 TSecr=3045560828 [TCP segment of a reassembled PDU]"
"59113","36.974314608","192.168.1.55","192.168.1.2","TCP","1514","8004  >  36744 [ACK] Seq=87070 Ack=144 Win=65024 Len=1448 TSval=2916041054 TSecr=3045560828 [TCP segment of a reassembled PDU]"
"59114","36.974315701","192.168.1.55","192.168.1.2","TCP","1514","8004  >  36744 [ACK] Seq=88518 Ack=144 Win=65024 Len=1448 TSval=2916041054 TSecr=3045560828 [TCP segment of a reassembled PDU]"
"59115","36.974316775","192.168.1.55","192.168.1.2","TCP","1514","8004  >  36744 [ACK] Seq=89966 Ack=144 Win=65024 Len=1448 TSval=2916041054 TSecr=3045560828 [TCP segment of a reassembled PDU]"
"59116","36.974317941","192.168.1.55","192.168.1.2","TCP","1514","8004  >  36744 [ACK] Seq=91414 Ack=144 Win=65024 Len=1448 TSval=2916041054 TSecr=3045560828 [TCP segment of a reassembled PDU]"
"59117","36.974319349","192.168.1.55","192.168.1.2","TCP","1514","8004  >  36744 [ACK] Seq=92862 Ack=144 Win=65024 Len=1448 TSval=2916041054 TSecr=3045560828 [TCP segment of a reassembled PDU]"
"59118","36.974320423","192.168.1.55","192.168.1.2","TCP","1514","8004  >  36744 [ACK] Seq=94310 Ack=144 Win=65024 Len=1448 TSval=2916041054 TSecr=3045560828 [TCP segment of a reassembled PDU]"
"59119","36.974321516","192.168.1.55","192.168.1.2","TCP","1514","8004  >  36744 [ACK] Seq=95758 Ack=144 Win=65024 Len=1448 TSval=2916041054 TSecr=3045560828 [TCP segment of a reassembled PDU]"
"59120","36.974322682","192.168.1.55","192.168.1.2","TCP","1514","8004  >  36744 [ACK] Seq=97206 Ack=144 Win=65024 Len=1448 TSval=2916041054 TSecr=3045560828 [TCP segment of a reassembled PDU]"
"59121","36.974323979","192.168.1.55","192.168.1.2","TCP","1514","8004  >  36744 [PSH, ACK] Seq=98654 Ack=144 Win=65024 Len=1448 TSval=2916041054 TSecr=3045560828 [TCP segment of a reassembled PDU]"
"59122","36.979499524","192.168.1.2","192.168.1.55","TCP","66","36744  >  8004 [ACK] Seq=144 Ack=45078 Win=82944 Len=0 TSval=3045560831 TSecr=2916041054"
"59123","36.979512394","192.168.1.55","192.168.1.2","TCP","1514","8004  >  36744 [ACK] Seq=100102 Ack=144 Win=65024 Len=1448 TSval=2916041060 TSecr=3045560831 [TCP segment of a reassembled PDU]"
"59124","36.979514579","192.168.1.55","192.168.1.2","TCP","1514","8004  >  36744 [ACK] Seq=101550 Ack=144 Win=65024 Len=1448 TSval=2916041060 TSecr=3045560831 [TCP segment of a reassembled PDU]"
"59125","36.979515672","192.168.1.55","192.168.1.2","TCP","1514","8004  >  36744 [ACK] Seq=102998 Ack=144 Win=65024 Len=1448 TSval=2916041060 TSecr=3045560831 [TCP segment of a reassembled PDU]"
"59126","36.979516746","192.168.1.55","192.168.1.2","TCP","1514","8004  >  36744 [PSH, ACK] Seq=104446 Ack=144 Win=65024 Len=1448 TSval=2916041060 TSecr=3045560831 [TCP segment of a reassembled PDU]"
"59127","36.979777228","192.168.1.2","192.168.1.55","TCP","66","36744  >  8004 [ACK] Seq=144 Ack=47974 Win=82944 Len=0 TSval=3045560831 TSecr=2916041054"
"59128","36.979784950","192.168.1.55","192.168.1.2","TCP","1514","8004  >  36744 [ACK] Seq=105894 Ack=144 Win=65024 Len=1448 TSval=2916041060 TSecr=3045560831 [TCP segment of a reassembled PDU]"
"59129","36.979786858","192.168.1.55","192.168.1.2","TCP","1514","8004  >  36744 [PSH, ACK] Seq=107342 Ack=144 Win=65024 Len=1448 TSval=2916041060 TSecr=3045560831 [TCP segment of a reassembled PDU]"
"59130","36.979790673","192.168.1.2","192.168.1.55","TCP","66","36744  >  8004 [ACK] Seq=144 Ack=61006 Win=73728 Len=0 TSval=3045560833 TSecr=2916041054"
"59131","36.979812469","192.168.1.55","192.168.1.2","TCP","1514","8004  >  36744 [ACK] Seq=108790 Ack=144 Win=65024 Len=1448 TSval=2916041060 TSecr=3045560833 [TCP segment of a reassembled PDU]"
"59132","36.979813784","192.168.1.55","192.168.1.2","TCP","1514","8004  >  36744 [ACK] Seq=110238 Ack=144 Win=65024 Len=1448 TSval=2916041060 TSecr=3045560833 [TCP segment of a reassembled PDU]"
"59133","36.979814876","192.168.1.55","192.168.1.2","TCP","1514","8004  >  36744 [ACK] Seq=111686 Ack=144 Win=65024 Len=1448 TSval=2916041060 TSecr=3045560833 [TCP segment of a reassembled PDU]"
"59134","36.979816098","192.168.1.55","192.168.1.2","TCP","1514","8004  >  36744 [ACK] Seq=113134 Ack=144 Win=65024 Len=1448 TSval=2916041060 TSecr=3045560833 [TCP segment of a reassembled PDU]"
"59135","36.979817191","192.168.1.55","192.168.1.2","TCP","1514","8004  >  36744 [ACK] Seq=114582 Ack=144 Win=65024 Len=1448 TSval=2916041060 TSecr=3045560833 [TCP segment of a reassembled PDU]"
"59136","36.979818747","192.168.1.55","192.168.1.2","TCP","1514","8004  >  36744 [ACK] Seq=116030 Ack=144 Win=65024 Len=1448 TSval=2916041060 TSecr=3045560833 [TCP segment of a reassembled PDU]"
"59137","36.979819950","192.168.1.55","192.168.1.2","TCP","1514","8004  >  36744 [ACK] Seq=117478 Ack=144 Win=65024 Len=1448 TSval=2916041060 TSecr=3045560833 [TCP segment of a reassembled PDU]"
"59138","36.979821228","192.168.1.55","192.168.1.2","TCP","1514","8004  >  36744 [ACK] Seq=118926 Ack=144 Win=65024 Len=1448 TSval=2916041060 TSecr=3045560833 [TCP segment of a reassembled PDU]"
"59139","36.979822487","192.168.1.55","192.168.1.2","TCP","1514","8004  >  36744 [ACK] Seq=120374 Ack=144 Win=65024 Len=1448 TSval=2916041060 TSecr=3045560833 [TCP segment of a reassembled PDU]"
"59140","36.979823765","192.168.1.55","192.168.1.2","TCP","1514","8004  >  36744 [ACK] Seq=121822 Ack=144 Win=65024 Len=1448 TSval=2916041060 TSecr=3045560833 [TCP segment of a reassembled PDU]"
"59141","36.979825173","192.168.1.55","192.168.1.2","TCP","1514","8004  >  36744 [ACK] Seq=123270 Ack=144 Win=65024 Len=1448 TSval=2916041060 TSecr=3045560833 [TCP segment of a reassembled PDU]"
"59142","36.979826395","192.168.1.55","192.168.1.2","TCP","1514","8004  >  36744 [ACK] Seq=124718 Ack=144 Win=65024 Len=1448 TSval=2916041060 TSecr=3045560833 [TCP segment of a reassembled PDU]"
"59143","36.979827654","192.168.1.55","192.168.1.2","TCP","1514","8004  >  36744 [ACK] Seq=126166 Ack=144 Win=65024 Len=1448 TSval=2916041060 TSecr=3045560833 [TCP segment of a reassembled PDU]"
"59144","36.979829024","192.168.1.55","192.168.1.2","TCP","1514","8004  >  36744 [ACK] Seq=127614 Ack=144 Win=65024 Len=1448 TSval=2916041060 TSecr=3045560833 [TCP segment of a reassembled PDU]"
"59145","36.979830321","192.168.1.55","192.168.1.2","TCP","1514","8004  >  36744 [ACK] Seq=129062 Ack=144 Win=65024 Len=1448 TSval=2916041060 TSecr=3045560833 [TCP segment of a reassembled PDU]"
"59146","36.979831543","192.168.1.55","192.168.1.2","TCP","1514","8004  >  36744 [ACK] Seq=130510 Ack=144 Win=65024 Len=1448 TSval=2916041060 TSecr=3045560833 [TCP segment of a reassembled PDU]"
"59147","36.979832747","192.168.1.55","192.168.1.2","TCP","1514","8004  >  36744 [ACK] Seq=131958 Ack=144 Win=65024 Len=1448 TSval=2916041060 TSecr=3045560833 [TCP segment of a reassembled PDU]"
"59148","36.979833969","192.168.1.55","192.168.1.2","TCP","1394","[TCP Window Full] 8004  >  36744 [PSH, ACK] Seq=133406 Ack=144 Win=65024 Len=1328 TSval=2916041060 TSecr=3045560833 [TCP segment of a reassembled PDU]"
"59149","36.982358047","192.168.1.2","192.168.1.55","TCP","66","36744  >  8004 [ACK] Seq=144 Ack=68246 Win=80896 Len=0 TSval=3045560834 TSecr=2916041054"
"59150","36.982372621","192.168.1.55","192.168.1.2","TCP","1514","8004  >  36744 [ACK] Seq=134734 Ack=144 Win=65024 Len=1448 TSval=2916041063 TSecr=3045560834 [TCP segment of a reassembled PDU]"
"59151","36.982374714","192.168.1.55","192.168.1.2","TCP","1514","8004  >  36744 [ACK] Seq=136182 Ack=144 Win=65024 Len=1448 TSval=2916041063 TSecr=3045560834 [TCP segment of a reassembled PDU]"
"59152","36.982375806","192.168.1.55","192.168.1.2","TCP","1514","8004  >  36744 [ACK] Seq=137630 Ack=144 Win=65024 Len=1448 TSval=2916041063 TSecr=3045560834 [TCP segment of a reassembled PDU]"
"59153","36.982377195","192.168.1.55","192.168.1.2","TCP","1514","8004  >  36744 [PSH, ACK] Seq=139078 Ack=144 Win=65024 Len=1448 TSval=2916041063 TSecr=3045560834 [TCP segment of a reassembled PDU]"
"59154","36.982382251","192.168.1.55","192.168.1.2","TCP","186","8004  >  36744 [ACK] Seq=140526 Ack=144 Win=65024 Len=120 TSval=2916041063 TSecr=3045560834 [TCP segment of a reassembled PDU]"
"59155","36.982636696","192.168.1.2","192.168.1.55","TCP","66","36744  >  8004 [ACK] Seq=144 Ack=76934 Win=72704 Len=0 TSval=3045560834 TSecr=2916041054"
"59156","36.982642973","192.168.1.2","192.168.1.55","TCP","66","36744  >  8004 [ACK] Seq=144 Ack=92862 Win=58368 Len=0 TSval=3045560834 TSecr=2916041054"
"59157","36.982647177","192.168.1.2","192.168.1.55","TCP","66","36744  >  8004 [ACK] Seq=144 Ack=100102 Win=78848 Len=0 TSval=3045560835 TSecr=2916041054"
"59158","36.982670807","192.168.1.55","192.168.1.2","TCP","1514","8004  >  36744 [ACK] Seq=140646 Ack=144 Win=65024 Len=1448 TSval=2916041063 TSecr=3045560835 [TCP segment of a reassembled PDU]"
"59159","36.982672585","192.168.1.55","192.168.1.2","TCP","1514","8004  >  36744 [ACK] Seq=142094 Ack=144 Win=65024 Len=1448 TSval=2916041063 TSecr=3045560835 [TCP segment of a reassembled PDU]"
"59160","36.982673751","192.168.1.55","192.168.1.2","TCP","1514","8004  >  36744 [ACK] Seq=143542 Ack=144 Win=65024 Len=1448 TSval=2916041063 TSecr=3045560835 [TCP segment of a reassembled PDU]"
"59161","36.982674844","192.168.1.55","192.168.1.2","TCP","1514","8004  >  36744 [ACK] Seq=144990 Ack=144 Win=65024 Len=1448 TSval=2916041063 TSecr=3045560835 [TCP segment of a reassembled PDU]"
"59162","36.982676011","192.168.1.55","192.168.1.2","TCP","1514","8004  >  36744 [ACK] Seq=146438 Ack=144 Win=65024 Len=1448 TSval=2916041063 TSecr=3045560835 [TCP segment of a reassembled PDU]"
"59163","36.982677177","192.168.1.55","192.168.1.2","TCP","1514","8004  >  36744 [ACK] Seq=147886 Ack=144 Win=65024 Len=1448 TSval=2916041063 TSecr=3045560835 [TCP segment of a reassembled PDU]"
"59164","36.982678399","192.168.1.55","192.168.1.2","TCP","1514","8004  >  36744 [ACK] Seq=149334 Ack=144 Win=65024 Len=1448 TSval=2916041063 TSecr=3045560835 [TCP segment of a reassembled PDU]"
"59165","36.982679640","192.168.1.55","192.168.1.2","TCP","1514","8004  >  36744 [ACK] Seq=150782 Ack=144 Win=65024 Len=1448 TSval=2916041063 TSecr=3045560835 [TCP segment of a reassembled PDU]"
"59166","36.982680936","192.168.1.55","192.168.1.2","TCP","1514","8004  >  36744 [ACK] Seq=152230 Ack=144 Win=65024 Len=1448 TSval=2916041063 TSecr=3045560835 [TCP segment of a reassembled PDU]"
"59167","36.982682325","192.168.1.55","192.168.1.2","TCP","1514","8004  >  36744 [ACK] Seq=153678 Ack=144 Win=65024 Len=1448 TSval=2916041063 TSecr=3045560835 [TCP segment of a reassembled PDU]"
"59168","36.982683751","192.168.1.55","192.168.1.2","TCP","1514","8004  >  36744 [ACK] Seq=155126 Ack=144 Win=65024 Len=1448 TSval=2916041063 TSecr=3045560835 [TCP segment of a reassembled PDU]"
"59169","36.982685103","192.168.1.55","192.168.1.2","TCP","1514","8004  >  36744 [ACK] Seq=156574 Ack=144 Win=65024 Len=1448 TSval=2916041063 TSecr=3045560835 [TCP segment of a reassembled PDU]"
"59170","36.982686233","192.168.1.55","192.168.1.2","TCP","1514","8004  >  36744 [ACK] Seq=158022 Ack=144 Win=65024 Len=1448 TSval=2916041063 TSecr=3045560835 [TCP segment of a reassembled PDU]"
"59171","36.982687473","192.168.1.55","192.168.1.2","TCP","1514","8004  >  36744 [ACK] Seq=159470 Ack=144 Win=65024 Len=1448 TSval=2916041063 TSecr=3045560835 [TCP segment of a reassembled PDU]"
"59172","36.982688807","192.168.1.55","192.168.1.2","TCP","1514","8004  >  36744 [ACK] Seq=160918 Ack=144 Win=65024 Len=1448 TSval=2916041063 TSecr=3045560835 [TCP segment of a reassembled PDU]"
"59173","36.982690066","192.168.1.55","192.168.1.2","TCP","1514","8004  >  36744 [ACK] Seq=162366 Ack=144 Win=65024 Len=1448 TSval=2916041063 TSecr=3045560835 [TCP segment of a reassembled PDU]"
"59174","36.982691622","192.168.1.55","192.168.1.2","TCP","1514","8004  >  36744 [ACK] Seq=163814 Ack=144 Win=65024 Len=1448 TSval=2916041063 TSecr=3045560835 [TCP segment of a reassembled PDU]"
"59175","36.982692918","192.168.1.55","192.168.1.2","TCP","1514","8004  >  36744 [ACK] Seq=165262 Ack=144 Win=65024 Len=1448 TSval=2916041063 TSecr=3045560835 [TCP segment of a reassembled PDU]"
"59176","36.982694048","192.168.1.55","192.168.1.2","TCP","1514","8004  >  36744 [ACK] Seq=166710 Ack=144 Win=65024 Len=1448 TSval=2916041063 TSecr=3045560835 [TCP segment of a reassembled PDU]"
"59177","36.982695344","192.168.1.55","192.168.1.2","TCP","1514","8004  >  36744 [ACK] Seq=168158 Ack=144 Win=65024 Len=1448 TSval=2916041063 TSecr=3045560835 [TCP segment of a reassembled PDU]"
"59178","36.982696603","192.168.1.55","192.168.1.2","TCP","1514","8004  >  36744 [ACK] Seq=169606 Ack=144 Win=65024 Len=1448 TSval=2916041063 TSecr=3045560835 [TCP segment of a reassembled PDU]"
"59179","36.982697992","192.168.1.55","192.168.1.2","TCP","1514","8004  >  36744 [PSH, ACK] Seq=171054 Ack=144 Win=65024 Len=1448 TSval=2916041063 TSecr=3045560835 [TCP segment of a reassembled PDU]"
"59180","36.986126461","192.168.1.2","192.168.1.55","TCP","66","36744  >  8004 [ACK] Seq=144 Ack=105894 Win=94208 Len=0 TSval=3045560837 TSecr=2916041060"
"59181","36.986181498","192.168.1.55","192.168.1.2","TCP","1514","8004  >  36744 [ACK] Seq=172502 Ack=144 Win=65024 Len=1448 TSval=2916041066 TSecr=3045560837 [TCP segment of a reassembled PDU]"
"59182","36.986186312","192.168.1.55","192.168.1.2","TCP","1514","8004  >  36744 [ACK] Seq=173950 Ack=144 Win=65024 Len=1448 TSval=2916041066 TSecr=3045560837 [TCP segment of a reassembled PDU]"
"59183","36.986187850","192.168.1.55","192.168.1.2","TCP","1514","8004  >  36744 [ACK] Seq=175398 Ack=144 Win=65024 Len=1448 TSval=2916041066 TSecr=3045560837 [TCP segment of a reassembled PDU]"
"59184","36.986189387","192.168.1.55","192.168.1.2","TCP","1514","8004  >  36744 [ACK] Seq=176846 Ack=144 Win=65024 Len=1448 TSval=2916041066 TSecr=3045560837 [TCP segment of a reassembled PDU]"
"59185","36.986190738","192.168.1.55","192.168.1.2","TCP","1514","8004  >  36744 [ACK] Seq=178294 Ack=144 Win=65024 Len=1448 TSval=2916041066 TSecr=3045560837 [TCP segment of a reassembled PDU]"
"59186","36.986192350","192.168.1.55","192.168.1.2","TCP","1514","8004  >  36744 [ACK] Seq=179742 Ack=144 Win=65024 Len=1448 TSval=2916041066 TSecr=3045560837 [TCP segment of a reassembled PDU]"
"59187","36.986193738","192.168.1.55","192.168.1.2","TCP","1514","8004  >  36744 [ACK] Seq=181190 Ack=144 Win=65024 Len=1448 TSval=2916041066 TSecr=3045560837 [TCP segment of a reassembled PDU]"
"59188","36.986195442","192.168.1.55","192.168.1.2","TCP","1514","8004  >  36744 [ACK] Seq=182638 Ack=144 Win=65024 Len=1448 TSval=2916041066 TSecr=3045560837 [TCP segment of a reassembled PDU]"
"59189","36.986196738","192.168.1.55","192.168.1.2","TCP","1514","8004  >  36744 [ACK] Seq=184086 Ack=144 Win=65024 Len=1448 TSval=2916041066 TSecr=3045560837 [TCP segment of a reassembled PDU]"
"59190","36.986198201","192.168.1.55","192.168.1.2","TCP","1514","8004  >  36744 [ACK] Seq=185534 Ack=144 Win=65024 Len=1448 TSval=2916041066 TSecr=3045560837 [TCP segment of a reassembled PDU]"
"59191","36.986199757","192.168.1.55","192.168.1.2","TCP","1514","8004  >  36744 [ACK] Seq=186982 Ack=144 Win=65024 Len=1448 TSval=2916041066 TSecr=3045560837 [TCP segment of a reassembled PDU]"
"59192","36.986201035","192.168.1.55","192.168.1.2","TCP","1514","8004  >  36744 [ACK] Seq=188430 Ack=144 Win=65024 Len=1448 TSval=2916041066 TSecr=3045560837 [TCP segment of a reassembled PDU]"
"59193","36.986202479","192.168.1.55","192.168.1.2","TCP","1514","8004  >  36744 [ACK] Seq=189878 Ack=144 Win=65024 Len=1448 TSval=2916041066 TSecr=3045560837 [TCP segment of a reassembled PDU]"
"59194","36.986204387","192.168.1.55","192.168.1.2","TCP","1514","8004  >  36744 [ACK] Seq=191326 Ack=144 Win=65024 Len=1448 TSval=2916041066 TSecr=3045560837 [TCP segment of a reassembled PDU]"
"59195","36.986206627","192.168.1.55","192.168.1.2","TCP","1514","8004  >  36744 [ACK] Seq=192774 Ack=144 Win=65024 Len=1448 TSval=2916041066 TSecr=3045560837 [TCP segment of a reassembled PDU]"
"59196","36.986208238","192.168.1.55","192.168.1.2","TCP","1514","8004  >  36744 [ACK] Seq=194222 Ack=144 Win=65024 Len=1448 TSval=2916041066 TSecr=3045560837 [TCP segment of a reassembled PDU]"
"59197","36.986209572","192.168.1.55","192.168.1.2","TCP","1514","8004  >  36744 [ACK] Seq=195670 Ack=144 Win=65024 Len=1448 TSval=2916041066 TSecr=3045560837 [TCP segment of a reassembled PDU]"
"59198","36.986210979","192.168.1.55","192.168.1.2","TCP","1514","8004  >  36744 [ACK] Seq=197118 Ack=144 Win=65024 Len=1448 TSval=2916041066 TSecr=3045560837 [TCP segment of a reassembled PDU]"
"59199","36.986212368","192.168.1.55","192.168.1.2","TCP","1514","8004  >  36744 [PSH, ACK] Seq=198566 Ack=144 Win=65024 Len=1448 TSval=2916041066 TSecr=3045560837 [TCP segment of a reassembled PDU]"
"59200","36.989058354","192.168.1.2","192.168.1.55","TCP","66","36744  >  8004 [ACK] Seq=144 Ack=108790 Win=99328 Len=0 TSval=3045560839 TSecr=2916041060"
"59201","36.989075021","192.168.1.55","192.168.1.2","TCP","1514","8004  >  36744 [ACK] Seq=200014 Ack=144 Win=65024 Len=1448 TSval=2916041069 TSecr=3045560839 [TCP segment of a reassembled PDU]"
"59202","36.989077632","192.168.1.55","192.168.1.2","TCP","1514","8004  >  36744 [ACK] Seq=201462 Ack=144 Win=65024 Len=1448 TSval=2916041069 TSecr=3045560839 [TCP segment of a reassembled PDU]"
"59203","36.989079058","192.168.1.55","192.168.1.2","TCP","1514","8004  >  36744 [ACK] Seq=202910 Ack=144 Win=65024 Len=1448 TSval=2916041069 TSecr=3045560839 [TCP segment of a reassembled PDU]"
"59204","36.989080817","192.168.1.55","192.168.1.2","TCP","1514","8004  >  36744 [ACK] Seq=204358 Ack=144 Win=65024 Len=1448 TSval=2916041069 TSecr=3045560839 [TCP segment of a reassembled PDU]"
"59205","36.989082521","192.168.1.55","192.168.1.2","TCP","1514","8004  >  36744 [PSH, ACK] Seq=205806 Ack=144 Win=65024 Len=1448 TSval=2916041069 TSecr=3045560839 [TCP segment of a reassembled PDU]"
"59206","36.989410744","192.168.1.2","192.168.1.55","TCP","66","36744  >  8004 [ACK] Seq=144 Ack=134734 Win=78848 Len=0 TSval=3045560840 TSecr=2916041060"
"59207","36.989422429","192.168.1.2","192.168.1.55","TCP","66","36744  >  8004 [ACK] Seq=144 Ack=140526 Win=101376 Len=0 TSval=3045560842 TSecr=2916041063"
"59208","36.989456336","192.168.1.55","192.168.1.2","TCP","1514","8004  >  36744 [ACK] Seq=207254 Ack=144 Win=65024 Len=1448 TSval=2916041070 TSecr=3045560842 [TCP segment of a reassembled PDU]"
"59209","36.989460262","192.168.1.55","192.168.1.2","TCP","1514","8004  >  36744 [ACK] Seq=208702 Ack=144 Win=65024 Len=1448 TSval=2916041070 TSecr=3045560842 [TCP segment of a reassembled PDU]"
"59210","36.989461577","192.168.1.55","192.168.1.2","TCP","1514","8004  >  36744 [ACK] Seq=210150 Ack=144 Win=65024 Len=1448 TSval=2916041070 TSecr=3045560842 [TCP segment of a reassembled PDU]"
"59211","36.989463707","192.168.1.55","192.168.1.2","TCP","1514","8004  >  36744 [ACK] Seq=211598 Ack=144 Win=65024 Len=1448 TSval=2916041070 TSecr=3045560842 [TCP segment of a reassembled PDU]"
"59212","36.989465225","192.168.1.55","192.168.1.2","TCP","1514","8004  >  36744 [ACK] Seq=213046 Ack=144 Win=65024 Len=1448 TSval=2916041070 TSecr=3045560842 [TCP segment of a reassembled PDU]"
"59213","36.989467003","192.168.1.55","192.168.1.2","TCP","1514","8004  >  36744 [ACK] Seq=214494 Ack=144 Win=65024 Len=1448 TSval=2916041070 TSecr=3045560842 [TCP segment of a reassembled PDU]"
"59214","36.989476244","192.168.1.55","192.168.1.2","TCP","1514","8004  >  36744 [ACK] Seq=215942 Ack=144 Win=65024 Len=1448 TSval=2916041070 TSecr=3045560842 [TCP segment of a reassembled PDU]"
"59215","36.989478410","192.168.1.55","192.168.1.2","TCP","1514","8004  >  36744 [ACK] Seq=217390 Ack=144 Win=65024 Len=1448 TSval=2916041070 TSecr=3045560842 [TCP segment of a reassembled PDU]"
"59216","36.989481096","192.168.1.55","192.168.1.2","TCP","1514","8004  >  36744 [ACK] Seq=218838 Ack=144 Win=65024 Len=1448 TSval=2916041070 TSecr=3045560842 [TCP segment of a reassembled PDU]"
"59217","36.989483207","192.168.1.55","192.168.1.2","TCP","1514","8004  >  36744 [ACK] Seq=220286 Ack=144 Win=65024 Len=1448 TSval=2916041070 TSecr=3045560842 [TCP segment of a reassembled PDU]"
"59218","36.989484484","192.168.1.55","192.168.1.2","TCP","1514","8004  >  36744 [ACK] Seq=221734 Ack=144 Win=65024 Len=1448 TSval=2916041070 TSecr=3045560842 [TCP segment of a reassembled PDU]"
"59219","36.989486040","192.168.1.55","192.168.1.2","TCP","1514","8004  >  36744 [ACK] Seq=223182 Ack=144 Win=65024 Len=1448 TSval=2916041070 TSecr=3045560842 [TCP segment of a reassembled PDU]"
"59220","36.989487633","192.168.1.55","192.168.1.2","TCP","1514","8004  >  36744 [ACK] Seq=224630 Ack=144 Win=65024 Len=1448 TSval=2916041070 TSecr=3045560842 [TCP segment of a reassembled PDU]"
"59221","36.989490022","192.168.1.55","192.168.1.2","TCP","1514","8004  >  36744 [ACK] Seq=226078 Ack=144 Win=65024 Len=1448 TSval=2916041070 TSecr=3045560842 [TCP segment of a reassembled PDU]"
"59222","36.989491651","192.168.1.55","192.168.1.2","TCP","1514","8004  >  36744 [ACK] Seq=227526 Ack=144 Win=65024 Len=1448 TSval=2916041070 TSecr=3045560842 [TCP segment of a reassembled PDU]"
"59223","36.989493040","192.168.1.55","192.168.1.2","TCP","1514","8004  >  36744 [ACK] Seq=228974 Ack=144 Win=65024 Len=1448 TSval=2916041070 TSecr=3045560842 [TCP segment of a reassembled PDU]"
"59224","36.989494670","192.168.1.55","192.168.1.2","TCP","1514","8004  >  36744 [ACK] Seq=230422 Ack=144 Win=65024 Len=1448 TSval=2916041070 TSecr=3045560842 [TCP segment of a reassembled PDU]"
"59225","36.989497466","192.168.1.55","192.168.1.2","TCP","1514","8004  >  36744 [ACK] Seq=231870 Ack=144 Win=65024 Len=1448 TSval=2916041070 TSecr=3045560842 [TCP segment of a reassembled PDU]"
"59226","36.989499040","192.168.1.55","192.168.1.2","TCP","1514","8004  >  36744 [ACK] Seq=233318 Ack=144 Win=65024 Len=1448 TSval=2916041070 TSecr=3045560842 [TCP segment of a reassembled PDU]"
"59227","36.989500410","192.168.1.55","192.168.1.2","TCP","1514","8004  >  36744 [ACK] Seq=234766 Ack=144 Win=65024 Len=1448 TSval=2916041070 TSecr=3045560842 [TCP segment of a reassembled PDU]"
"59228","36.989502355","192.168.1.55","192.168.1.2","TCP","1514","8004  >  36744 [ACK] Seq=236214 Ack=144 Win=65024 Len=1448 TSval=2916041070 TSecr=3045560842 [TCP segment of a reassembled PDU]"
"59229","36.989505151","192.168.1.55","192.168.1.2","TCP","1514","8004  >  36744 [ACK] Seq=237662 Ack=144 Win=65024 Len=1448 TSval=2916041070 TSecr=3045560842 [TCP segment of a reassembled PDU]"
"59230","36.989507003","192.168.1.55","192.168.1.2","TCP","1514","8004  >  36744 [PSH, ACK] Seq=239110 Ack=144 Win=65024 Len=1448 TSval=2916041070 TSecr=3045560842 [TCP segment of a reassembled PDU]"
"59231","36.989513910","192.168.1.2","192.168.1.55","TCP","66","36744  >  8004 [ACK] Seq=144 Ack=171054 Win=73728 Len=0 TSval=3045560842 TSecr=2916041063"
"59232","36.989528336","192.168.1.55","192.168.1.2","TCP","1514","8004  >  36744 [PSH, ACK] Seq=240558 Ack=144 Win=65024 Len=1448 TSval=2916041070 TSecr=3045560842 [TCP segment of a reassembled PDU]"
"59233","36.989533059","192.168.1.2","192.168.1.55","TCP","66","36744  >  8004 [ACK] Seq=144 Ack=172502 Win=104448 Len=0 TSval=3045560842 TSecr=2916041063"
"59234","36.989590540","192.168.1.55","192.168.1.2","TCP","1514","8004  >  36744 [ACK] Seq=242006 Ack=144 Win=65024 Len=1448 TSval=2916041070 TSecr=3045560842 [TCP segment of a reassembled PDU]"
"59235","36.989594059","192.168.1.55","192.168.1.2","TCP","1514","8004  >  36744 [ACK] Seq=243454 Ack=144 Win=65024 Len=1448 TSval=2916041070 TSecr=3045560842 [TCP segment of a reassembled PDU]"
"59236","36.989595466","192.168.1.55","192.168.1.2","TCP","1514","8004  >  36744 [ACK] Seq=244902 Ack=144 Win=65024 Len=1448 TSval=2916041070 TSecr=3045560842 [TCP segment of a reassembled PDU]"
"59237","36.989596781","192.168.1.55","192.168.1.2","TCP","1514","8004  >  36744 [ACK] Seq=246350 Ack=144 Win=65024 Len=1448 TSval=2916041070 TSecr=3045560842 [TCP segment of a reassembled PDU]"
"59238","36.989598522","192.168.1.55","192.168.1.2","TCP","1514","8004  >  36744 [ACK] Seq=247798 Ack=144 Win=65024 Len=1448 TSval=2916041070 TSecr=3045560842 [TCP segment of a reassembled PDU]"
"59239","36.989599837","192.168.1.55","192.168.1.2","TCP","1514","8004  >  36744 [ACK] Seq=249246 Ack=144 Win=65024 Len=1448 TSval=2916041070 TSecr=3045560842 [TCP segment of a reassembled PDU]"
"59240","36.989601281","192.168.1.55","192.168.1.2","TCP","1514","8004  >  36744 [ACK] Seq=250694 Ack=144 Win=65024 Len=1448 TSval=2916041070 TSecr=3045560842 [TCP segment of a reassembled PDU]"
"59241","36.989603355","192.168.1.55","192.168.1.2","TCP","1514","8004  >  36744 [ACK] Seq=252142 Ack=144 Win=65024 Len=1448 TSval=2916041070 TSecr=3045560842 [TCP segment of a reassembled PDU]"
"59242","36.989605225","192.168.1.55","192.168.1.2","TCP","1514","8004  >  36744 [ACK] Seq=253590 Ack=144 Win=65024 Len=1448 TSval=2916041070 TSecr=3045560842 [TCP segment of a reassembled PDU]"
"59243","36.989607040","192.168.1.55","192.168.1.2","TCP","1514","8004  >  36744 [ACK] Seq=255038 Ack=144 Win=65024 Len=1448 TSval=2916041070 TSecr=3045560842 [TCP segment of a reassembled PDU]"
"59244","36.989608485","192.168.1.55","192.168.1.2","TCP","1514","8004  >  36744 [ACK] Seq=256486 Ack=144 Win=65024 Len=1448 TSval=2916041070 TSecr=3045560842 [TCP segment of a reassembled PDU]"
"59245","36.989610448","192.168.1.55","192.168.1.2","TCP","1514","8004  >  36744 [ACK] Seq=257934 Ack=144 Win=65024 Len=1448 TSval=2916041070 TSecr=3045560842 [TCP segment of a reassembled PDU]"
"59246","36.989613170","192.168.1.55","192.168.1.2","TCP","1514","8004  >  36744 [ACK] Seq=259382 Ack=144 Win=65024 Len=1448 TSval=2916041070 TSecr=3045560842 [TCP segment of a reassembled PDU]"
"59247","36.989614818","192.168.1.55","192.168.1.2","TCP","1514","8004  >  36744 [ACK] Seq=260830 Ack=144 Win=65024 Len=1448 TSval=2916041070 TSecr=3045560842 [TCP segment of a reassembled PDU]"
"59248","36.989616392","192.168.1.55","192.168.1.2","TCP","1514","8004  >  36744 [ACK] Seq=262278 Ack=144 Win=65024 Len=1448 TSval=2916041070 TSecr=3045560842 [TCP segment of a reassembled PDU]"
"59249","36.989617744","192.168.1.55","192.168.1.2","TCP","1514","8004  >  36744 [ACK] Seq=263726 Ack=144 Win=65024 Len=1448 TSval=2916041070 TSecr=3045560842 [TCP segment of a reassembled PDU]"
"59250","36.989619855","192.168.1.55","192.168.1.2","TCP","1514","8004  >  36744 [ACK] Seq=265174 Ack=144 Win=65024 Len=1448 TSval=2916041070 TSecr=3045560842 [TCP segment of a reassembled PDU]"
"59251","36.989621411","192.168.1.55","192.168.1.2","TCP","1514","8004  >  36744 [ACK] Seq=266622 Ack=144 Win=65024 Len=1448 TSval=2916041070 TSecr=3045560842 [TCP segment of a reassembled PDU]"
"59252","36.989622837","192.168.1.55","192.168.1.2","TCP","1514","8004  >  36744 [ACK] Seq=268070 Ack=144 Win=65024 Len=1448 TSval=2916041070 TSecr=3045560842 [TCP segment of a reassembled PDU]"
"59253","36.989624540","192.168.1.55","192.168.1.2","TCP","1514","8004  >  36744 [ACK] Seq=269518 Ack=144 Win=65024 Len=1448 TSval=2916041070 TSecr=3045560842 [TCP segment of a reassembled PDU]"
"59254","36.989626874","192.168.1.55","192.168.1.2","TCP","1514","8004  >  36744 [ACK] Seq=270966 Ack=144 Win=65024 Len=1448 TSval=2916041070 TSecr=3045560842 [TCP segment of a reassembled PDU]"
"59255","36.989628596","192.168.1.55","192.168.1.2","TCP","1514","8004  >  36744 [ACK] Seq=272414 Ack=144 Win=65024 Len=1448 TSval=2916041070 TSecr=3045560842 [TCP segment of a reassembled PDU]"
"59256","36.989630355","192.168.1.55","192.168.1.2","TCP","1514","8004  >  36744 [ACK] Seq=273862 Ack=144 Win=65024 Len=1448 TSval=2916041070 TSecr=3045560842 [TCP segment of a reassembled PDU]"
"59257","36.989632133","192.168.1.55","192.168.1.2","TCP","1514","8004  >  36744 [ACK] Seq=275310 Ack=144 Win=65024 Len=1448 TSval=2916041070 TSecr=3045560842 [TCP segment of a reassembled PDU]"
"59258","36.989633577","192.168.1.55","192.168.1.2","TCP","258","[TCP Window Full] 8004  >  36744 [PSH, ACK] Seq=276758 Ack=144 Win=65024 Len=192 TSval=2916041070 TSecr=3045560842 [TCP segment of a reassembled PDU]"
"59259","36.993795899","192.168.1.2","192.168.1.55","TCP","66","36744  >  8004 [ACK] Seq=144 Ack=198566 Win=83968 Len=0 TSval=3045560845 TSecr=2916041066"
"59260","36.993812732","192.168.1.55","192.168.1.2","TCP","1514","8004  >  36744 [ACK] Seq=276950 Ack=144 Win=65024 Len=1448 TSval=2916041074 TSecr=3045560845 [TCP segment of a reassembled PDU]"
"59261","36.993815695","192.168.1.55","192.168.1.2","TCP","1514","8004  >  36744 [ACK] Seq=278398 Ack=144 Win=65024 Len=1448 TSval=2916041074 TSecr=3045560845 [TCP segment of a reassembled PDU]"
"59262","36.993817140","192.168.1.55","192.168.1.2","TCP","1514","8004  >  36744 [PSH, ACK] Seq=279846 Ack=144 Win=65024 Len=1448 TSval=2916041074 TSecr=3045560845 [TCP segment of a reassembled PDU]"
"59263","36.994054344","192.168.1.2","192.168.1.55","TCP","66","36744  >  8004 [ACK] Seq=144 Ack=200014 Win=106496 Len=0 TSval=3045560846 TSecr=2916041066"
"59264","36.994063399","192.168.1.55","192.168.1.2","TCP","1322","8004  >  36744 [ACK] Seq=281294 Ack=144 Win=65024 Len=1256 TSval=2916041074 TSecr=3045560846 [TCP segment of a reassembled PDU]"
"59265","36.994068362","192.168.1.2","192.168.1.55","TCP","66","36744  >  8004 [ACK] Seq=144 Ack=201462 Win=107520 Len=0 TSval=3045560846 TSecr=2916041069"
"59266","36.997523238","192.168.1.2","192.168.1.55","TCP","66","36744  >  8004 [ACK] Seq=144 Ack=240558 Win=73728 Len=0 TSval=3045560851 TSecr=2916041069"
"59267","36.997549683","192.168.1.55","192.168.1.2","TCP","1514","8004  >  36744 [ACK] Seq=282550 Ack=144 Win=65024 Len=1448 TSval=2916041078 TSecr=3045560851 [TCP segment of a reassembled PDU]"
"59268","36.997552183","192.168.1.55","192.168.1.2","TCP","1514","8004  >  36744 [ACK] Seq=283998 Ack=144 Win=65024 Len=1448 TSval=2916041078 TSecr=3045560851 [TCP segment of a reassembled PDU]"
"59269","36.997553405","192.168.1.55","192.168.1.2","TCP","1514","8004  >  36744 [ACK] Seq=285446 Ack=144 Win=65024 Len=1448 TSval=2916041078 TSecr=3045560851 [TCP segment of a reassembled PDU]"
"59270","36.997554701","192.168.1.55","192.168.1.2","TCP","1514","8004  >  36744 [ACK] Seq=286894 Ack=144 Win=65024 Len=1448 TSval=2916041078 TSecr=3045560851 [TCP segment of a reassembled PDU]"
"59271","36.997556016","192.168.1.55","192.168.1.2","TCP","1514","8004  >  36744 [ACK] Seq=288342 Ack=144 Win=65024 Len=1448 TSval=2916041078 TSecr=3045560851 [TCP segment of a reassembled PDU]"
"59272","36.997557257","192.168.1.55","192.168.1.2","TCP","1514","8004  >  36744 [ACK] Seq=289790 Ack=144 Win=65024 Len=1448 TSval=2916041078 TSecr=3045560851 [TCP segment of a reassembled PDU]"
"59273","36.997558720","192.168.1.55","192.168.1.2","TCP","1514","8004  >  36744 [ACK] Seq=291238 Ack=144 Win=65024 Len=1448 TSval=2916041078 TSecr=3045560851 [TCP segment of a reassembled PDU]"
"59274","36.997560146","192.168.1.55","192.168.1.2","TCP","1514","8004  >  36744 [ACK] Seq=292686 Ack=144 Win=65024 Len=1448 TSval=2916041078 TSecr=3045560851 [TCP segment of a reassembled PDU]"
"59275","36.997561368","192.168.1.55","192.168.1.2","TCP","1514","8004  >  36744 [ACK] Seq=294134 Ack=144 Win=65024 Len=1448 TSval=2916041078 TSecr=3045560851 [TCP segment of a reassembled PDU]"
"59276","36.997562683","192.168.1.55","192.168.1.2","TCP","1514","8004  >  36744 [ACK] Seq=295582 Ack=144 Win=65024 Len=1448 TSval=2916041078 TSecr=3045560851 [TCP segment of a reassembled PDU]"
"59277","36.997563923","192.168.1.55","192.168.1.2","TCP","1514","8004  >  36744 [ACK] Seq=297030 Ack=144 Win=65024 Len=1448 TSval=2916041078 TSecr=3045560851 [TCP segment of a reassembled PDU]"
"59278","36.997565238","192.168.1.55","192.168.1.2","TCP","1514","8004  >  36744 [ACK] Seq=298478 Ack=144 Win=65024 Len=1448 TSval=2916041078 TSecr=3045560851 [TCP segment of a reassembled PDU]"
"59279","36.997566979","192.168.1.55","192.168.1.2","TCP","1514","8004  >  36744 [ACK] Seq=299926 Ack=144 Win=65024 Len=1448 TSval=2916041078 TSecr=3045560851 [TCP segment of a reassembled PDU]"
"59280","36.997568183","192.168.1.55","192.168.1.2","TCP","1514","8004  >  36744 [ACK] Seq=301374 Ack=144 Win=65024 Len=1448 TSval=2916041078 TSecr=3045560851 [TCP segment of a reassembled PDU]"
"59281","36.997569664","192.168.1.55","192.168.1.2","TCP","1514","8004  >  36744 [ACK] Seq=302822 Ack=144 Win=65024 Len=1448 TSval=2916041078 TSecr=3045560851 [TCP segment of a reassembled PDU]"
"59282","36.997571386","192.168.1.55","192.168.1.2","TCP","1514","8004  >  36744 [ACK] Seq=304270 Ack=144 Win=65024 Len=1448 TSval=2916041078 TSecr=3045560851 [TCP segment of a reassembled PDU]"
"59283","36.997572609","192.168.1.55","192.168.1.2","TCP","1514","8004  >  36744 [ACK] Seq=305718 Ack=144 Win=65024 Len=1448 TSval=2916041078 TSecr=3045560851 [TCP segment of a reassembled PDU]"
"59284","36.997573942","192.168.1.55","192.168.1.2","TCP","1514","8004  >  36744 [ACK] Seq=307166 Ack=144 Win=65024 Len=1448 TSval=2916041078 TSecr=3045560851 [TCP segment of a reassembled PDU]"
"59285","36.997575238","192.168.1.55","192.168.1.2","TCP","1514","8004  >  36744 [ACK] Seq=308614 Ack=144 Win=65024 Len=1448 TSval=2916041078 TSecr=3045560851 [TCP segment of a reassembled PDU]"
"59286","36.997576553","192.168.1.55","192.168.1.2","TCP","1514","8004  >  36744 [ACK] Seq=310062 Ack=144 Win=65024 Len=1448 TSval=2916041078 TSecr=3045560851 [TCP segment of a reassembled PDU]"
"59287","36.997577942","192.168.1.55","192.168.1.2","TCP","1514","8004  >  36744 [PSH, ACK] Seq=311510 Ack=144 Win=65024 Len=1448 TSval=2916041078 TSecr=3045560851 [TCP segment of a reassembled PDU]"
"59288","36.997651720","192.168.1.2","192.168.1.55","TCP","66","36744  >  8004 [ACK] Seq=144 Ack=276758 Win=78848 Len=0 TSval=3045560852 TSecr=2916041070"
"59289","36.997717590","192.168.1.55","192.168.1.2","TCP","1514","8004  >  36744 [ACK] Seq=312958 Ack=144 Win=65024 Len=1448 TSval=2916041078 TSecr=3045560852 [TCP segment of a reassembled PDU]"
"59290","36.997719498","192.168.1.55","192.168.1.2","TCP","1514","8004  >  36744 [ACK] Seq=314406 Ack=144 Win=65024 Len=1448 TSval=2916041078 TSecr=3045560852 [TCP segment of a reassembled PDU]"
"59291","36.997720739","192.168.1.55","192.168.1.2","TCP","1514","8004  >  36744 [ACK] Seq=315854 Ack=144 Win=65024 Len=1448 TSval=2916041078 TSecr=3045560852 [TCP segment of a reassembled PDU]"
"59292","36.997722072","192.168.1.55","192.168.1.2","TCP","1514","8004  >  36744 [ACK] Seq=317302 Ack=144 Win=65024 Len=1448 TSval=2916041078 TSecr=3045560852 [TCP segment of a reassembled PDU]"
"59293","36.997723313","192.168.1.55","192.168.1.2","TCP","1514","8004  >  36744 [ACK] Seq=318750 Ack=144 Win=65024 Len=1448 TSval=2916041078 TSecr=3045560852 [TCP segment of a reassembled PDU]"
"59294","36.997724535","192.168.1.55","192.168.1.2","TCP","1514","8004  >  36744 [ACK] Seq=320198 Ack=144 Win=65024 Len=1448 TSval=2916041078 TSecr=3045560852 [TCP segment of a reassembled PDU]"
"59295","36.997725979","192.168.1.55","192.168.1.2","TCP","1514","8004  >  36744 [PSH, ACK] Seq=321646 Ack=144 Win=65024 Len=1448 TSval=2916041078 TSecr=3045560852 [TCP segment of a reassembled PDU]"
"59296","36.997751313","192.168.1.55","192.168.1.2","TCP","1514","8004  >  36744 [ACK] Seq=323094 Ack=144 Win=65024 Len=1448 TSval=2916041078 TSecr=3045560852 [TCP segment of a reassembled PDU]"
"59297","36.997752905","192.168.1.55","192.168.1.2","TCP","1514","8004  >  36744 [ACK] Seq=324542 Ack=144 Win=65024 Len=1448 TSval=2916041078 TSecr=3045560852 [TCP segment of a reassembled PDU]"
"59298","36.997754239","192.168.1.55","192.168.1.2","TCP","1514","8004  >  36744 [ACK] Seq=325990 Ack=144 Win=65024 Len=1448 TSval=2916041078 TSecr=3045560852 [TCP segment of a reassembled PDU]"
"59299","36.997755461","192.168.1.55","192.168.1.2","TCP","1514","8004  >  36744 [ACK] Seq=327438 Ack=144 Win=65024 Len=1448 TSval=2916041078 TSecr=3045560852 [TCP segment of a reassembled PDU]"
"59300","36.997756757","192.168.1.55","192.168.1.2","TCP","1514","8004  >  36744 [ACK] Seq=328886 Ack=144 Win=65024 Len=1448 TSval=2916041078 TSecr=3045560852 [TCP segment of a reassembled PDU]"
"59301","36.997758035","192.168.1.55","192.168.1.2","TCP","1514","8004  >  36744 [ACK] Seq=330334 Ack=144 Win=65024 Len=1448 TSval=2916041078 TSecr=3045560852 [TCP segment of a reassembled PDU]"
"59302","36.997759646","192.168.1.55","192.168.1.2","TCP","1514","8004  >  36744 [ACK] Seq=331782 Ack=144 Win=65024 Len=1448 TSval=2916041078 TSecr=3045560852 [TCP segment of a reassembled PDU]"
"59303","36.997761016","192.168.1.55","192.168.1.2","TCP","1514","8004  >  36744 [ACK] Seq=333230 Ack=144 Win=65024 Len=1448 TSval=2916041078 TSecr=3045560852 [TCP segment of a reassembled PDU]"
"59304","36.997762257","192.168.1.55","192.168.1.2","TCP","1514","8004  >  36744 [ACK] Seq=334678 Ack=144 Win=65024 Len=1448 TSval=2916041078 TSecr=3045560852 [TCP segment of a reassembled PDU]"
"59305","36.997763720","192.168.1.55","192.168.1.2","TCP","1514","8004  >  36744 [ACK] Seq=336126 Ack=144 Win=65024 Len=1448 TSval=2916041078 TSecr=3045560852 [TCP segment of a reassembled PDU]"
"59306","36.997764942","192.168.1.55","192.168.1.2","TCP","1514","8004  >  36744 [ACK] Seq=337574 Ack=144 Win=65024 Len=1448 TSval=2916041078 TSecr=3045560852 [TCP segment of a reassembled PDU]"
"59307","36.997766165","192.168.1.55","192.168.1.2","TCP","1514","8004  >  36744 [ACK] Seq=339022 Ack=144 Win=65024 Len=1448 TSval=2916041078 TSecr=3045560852 [TCP segment of a reassembled PDU]"
"59308","36.997767739","192.168.1.55","192.168.1.2","TCP","1514","8004  >  36744 [ACK] Seq=340470 Ack=144 Win=65024 Len=1448 TSval=2916041078 TSecr=3045560852 [TCP segment of a reassembled PDU]"
"59309","36.997768979","192.168.1.55","192.168.1.2","TCP","1514","8004  >  36744 [ACK] Seq=341918 Ack=144 Win=65024 Len=1448 TSval=2916041078 TSecr=3045560852 [TCP segment of a reassembled PDU]"
"59310","36.997770294","192.168.1.55","192.168.1.2","TCP","1514","8004  >  36744 [ACK] Seq=343366 Ack=144 Win=65024 Len=1448 TSval=2916041078 TSecr=3045560852 [TCP segment of a reassembled PDU]"
"59311","36.997771535","192.168.1.55","192.168.1.2","TCP","1514","8004  >  36744 [ACK] Seq=344814 Ack=144 Win=65024 Len=1448 TSval=2916041078 TSecr=3045560852 [TCP segment of a reassembled PDU]"
"59312","36.997772850","192.168.1.55","192.168.1.2","TCP","1514","8004  >  36744 [ACK] Seq=346262 Ack=144 Win=65024 Len=1448 TSval=2916041078 TSecr=3045560852 [TCP segment of a reassembled PDU]"
"59313","36.997774757","192.168.1.55","192.168.1.2","TCP","1514","8004  >  36744 [ACK] Seq=347710 Ack=144 Win=65024 Len=1448 TSval=2916041078 TSecr=3045560852 [TCP segment of a reassembled PDU]"
"59314","36.997776165","192.168.1.55","192.168.1.2","TCP","1514","8004  >  36744 [ACK] Seq=349158 Ack=144 Win=65024 Len=1448 TSval=2916041078 TSecr=3045560852 [TCP segment of a reassembled PDU]"
"59315","36.997777479","192.168.1.55","192.168.1.2","TCP","1514","8004  >  36744 [ACK] Seq=350606 Ack=144 Win=65024 Len=1448 TSval=2916041078 TSecr=3045560852 [TCP segment of a reassembled PDU]"
"59316","36.997778702","192.168.1.55","192.168.1.2","TCP","1514","8004  >  36744 [ACK] Seq=352054 Ack=144 Win=65024 Len=1448 TSval=2916041078 TSecr=3045560852 [TCP segment of a reassembled PDU]"
"59317","36.997779924","192.168.1.55","192.168.1.2","TCP","1514","8004  >  36744 [PSH, ACK] Seq=353502 Ack=144 Win=65024 Len=1448 TSval=2916041078 TSecr=3045560852 [TCP segment of a reassembled PDU]"
"59318","36.997784368","192.168.1.2","192.168.1.55","TCP","66","36744  >  8004 [ACK] Seq=144 Ack=276950 Win=110592 Len=0 TSval=3045560852 TSecr=2916041070"
"59319","36.997797979","192.168.1.55","192.168.1.2","TCP","1514","8004  >  36744 [ACK] Seq=354950 Ack=144 Win=65024 Len=1448 TSval=2916041078 TSecr=3045560852 [TCP segment of a reassembled PDU]"
"59320","36.997799572","192.168.1.55","192.168.1.2","TCP","1514","8004  >  36744 [ACK] Seq=356398 Ack=144 Win=65024 Len=1448 TSval=2916041078 TSecr=3045560852 [TCP segment of a reassembled PDU]"
"59321","36.997800887","192.168.1.55","192.168.1.2","TCP","1514","8004  >  36744 [ACK] Seq=357846 Ack=144 Win=65024 Len=1448 TSval=2916041078 TSecr=3045560852 [TCP segment of a reassembled PDU]"
"59322","36.997802109","192.168.1.55","192.168.1.2","TCP","1514","8004  >  36744 [ACK] Seq=359294 Ack=144 Win=65024 Len=1448 TSval=2916041078 TSecr=3045560852 [TCP segment of a reassembled PDU]"
"59323","36.997803313","192.168.1.55","192.168.1.2","TCP","1514","8004  >  36744 [ACK] Seq=360742 Ack=144 Win=65024 Len=1448 TSval=2916041078 TSecr=3045560852 [TCP segment of a reassembled PDU]"
"59324","36.997804683","192.168.1.55","192.168.1.2","TCP","1514","8004  >  36744 [PSH, ACK] Seq=362190 Ack=144 Win=65024 Len=1448 TSval=2916041078 TSecr=3045560852 [TCP segment of a reassembled PDU]"
"59325","37.002109264","192.168.1.2","192.168.1.55","TCP","66","36744  >  8004 [ACK] Seq=144 Ack=279846 Win=108544 Len=0 TSval=3045560853 TSecr=2916041074"
"59326","37.002137783","192.168.1.55","192.168.1.2","TCP","1514","8004  >  36744 [ACK] Seq=363638 Ack=144 Win=65024 Len=1448 TSval=2916041082 TSecr=3045560853 [TCP segment of a reassembled PDU]"
"59327","37.002141135","192.168.1.55","192.168.1.2","TCP","1514","8004  >  36744 [ACK] Seq=365086 Ack=144 Win=65024 Len=1448 TSval=2916041082 TSecr=3045560853 [TCP segment of a reassembled PDU]"
"59328","37.002142431","192.168.1.55","192.168.1.2","TCP","1514","8004  >  36744 [ACK] Seq=366534 Ack=144 Win=65024 Len=1448 TSval=2916041082 TSecr=3045560853 [TCP segment of a reassembled PDU]"
"59329","37.002143783","192.168.1.55","192.168.1.2","TCP","1514","8004  >  36744 [ACK] Seq=367982 Ack=144 Win=65024 Len=1448 TSval=2916041082 TSecr=3045560853 [TCP segment of a reassembled PDU]"
"59330","37.002145135","192.168.1.55","192.168.1.2","TCP","1514","8004  >  36744 [ACK] Seq=369430 Ack=144 Win=65024 Len=1448 TSval=2916041082 TSecr=3045560853 [TCP segment of a reassembled PDU]"
"59331","37.002146505","192.168.1.55","192.168.1.2","TCP","1514","8004  >  36744 [ACK] Seq=370878 Ack=144 Win=65024 Len=1448 TSval=2916041082 TSecr=3045560853 [TCP segment of a reassembled PDU]"
"59332","37.002147764","192.168.1.55","192.168.1.2","TCP","1514","8004  >  36744 [ACK] Seq=372326 Ack=144 Win=65024 Len=1448 TSval=2916041082 TSecr=3045560853 [TCP segment of a reassembled PDU]"
"59333","37.002148986","192.168.1.55","192.168.1.2","TCP","1514","8004  >  36744 [ACK] Seq=373774 Ack=144 Win=65024 Len=1448 TSval=2916041082 TSecr=3045560853 [TCP segment of a reassembled PDU]"
"59334","37.002150320","192.168.1.55","192.168.1.2","TCP","1514","8004  >  36744 [ACK] Seq=375222 Ack=144 Win=65024 Len=1448 TSval=2916041082 TSecr=3045560853 [TCP segment of a reassembled PDU]"
"59335","37.002151653","192.168.1.55","192.168.1.2","TCP","1514","8004  >  36744 [ACK] Seq=376670 Ack=144 Win=65024 Len=1448 TSval=2916041082 TSecr=3045560853 [TCP segment of a reassembled PDU]"
"59336","37.002152986","192.168.1.55","192.168.1.2","TCP","1514","8004  >  36744 [ACK] Seq=378118 Ack=144 Win=65024 Len=1448 TSval=2916041082 TSecr=3045560853 [TCP segment of a reassembled PDU]"
"59337","37.002154227","192.168.1.55","192.168.1.2","TCP","1514","8004  >  36744 [ACK] Seq=379566 Ack=144 Win=65024 Len=1448 TSval=2916041082 TSecr=3045560853 [TCP segment of a reassembled PDU]"
"59338","37.002155431","192.168.1.55","192.168.1.2","TCP","1514","8004  >  36744 [ACK] Seq=381014 Ack=144 Win=65024 Len=1448 TSval=2916041082 TSecr=3045560853 [TCP segment of a reassembled PDU]"
"59339","37.002156635","192.168.1.55","192.168.1.2","TCP","1514","8004  >  36744 [ACK] Seq=382462 Ack=144 Win=65024 Len=1448 TSval=2916041082 TSecr=3045560853 [TCP segment of a reassembled PDU]"
"59340","37.002158042","192.168.1.55","192.168.1.2","TCP","1514","8004  >  36744 [ACK] Seq=383910 Ack=144 Win=65024 Len=1448 TSval=2916041082 TSecr=3045560853 [TCP segment of a reassembled PDU]"
"59341","37.002159764","192.168.1.55","192.168.1.2","TCP","1514","8004  >  36744 [ACK] Seq=385358 Ack=144 Win=65024 Len=1448 TSval=2916041082 TSecr=3045560853 [TCP segment of a reassembled PDU]"
"59342","37.002161060","192.168.1.55","192.168.1.2","TCP","1514","8004  >  36744 [PSH, ACK] Seq=386806 Ack=144 Win=65024 Len=1448 TSval=2916041082 TSecr=3045560853 [TCP segment of a reassembled PDU]"
"59343","37.002216487","192.168.1.2","192.168.1.55","TCP","66","36744  >  8004 [ACK] Seq=144 Ack=282550 Win=108544 Len=0 TSval=3045560853 TSecr=2916041074"
"59344","37.005654103","192.168.1.2","192.168.1.55","TCP","66","36744  >  8004 [ACK] Seq=144 Ack=312958 Win=83968 Len=0 TSval=3045560858 TSecr=2916041078"
"59345","37.005670881","192.168.1.55","192.168.1.2","TCP","1514","8004  >  36744 [ACK] Seq=388254 Ack=144 Win=65024 Len=1448 TSval=2916041086 TSecr=3045560858 [TCP segment of a reassembled PDU]"
"59346","37.005673437","192.168.1.55","192.168.1.2","TCP","1514","8004  >  36744 [ACK] Seq=389702 Ack=144 Win=65024 Len=1448 TSval=2916041086 TSecr=3045560858 [TCP segment of a reassembled PDU]"
"59347","37.005674918","192.168.1.55","192.168.1.2","TCP","1514","8004  >  36744 [ACK] Seq=391150 Ack=144 Win=65024 Len=1448 TSval=2916041086 TSecr=3045560858 [TCP segment of a reassembled PDU]"
"59348","37.005676196","192.168.1.55","192.168.1.2","TCP","1514","8004  >  36744 [ACK] Seq=392598 Ack=144 Win=65024 Len=1448 TSval=2916041086 TSecr=3045560858 [TCP segment of a reassembled PDU]"
"59349","37.005677474","192.168.1.55","192.168.1.2","TCP","1514","8004  >  36744 [ACK] Seq=394046 Ack=144 Win=65024 Len=1448 TSval=2916041086 TSecr=3045560858 [TCP segment of a reassembled PDU]"
"59350","37.005678918","192.168.1.55","192.168.1.2","TCP","1498","[TCP Window Full] 8004  >  36744 [PSH, ACK] Seq=395494 Ack=144 Win=65024 Len=1432 TSval=2916041086 TSecr=3045560858 [TCP segment of a reassembled PDU]"
"59351","37.006030104","192.168.1.2","192.168.1.55","TCP","66","36744  >  8004 [ACK] Seq=144 Ack=353502 Win=47104 Len=0 TSval=3045560858 TSecr=2916041078"
"59352","37.006039233","192.168.1.2","192.168.1.55","TCP","66","[TCP Window Update] 36744  >  8004 [ACK] Seq=144 Ack=353502 Win=110592 Len=0 TSval=3045560858 TSecr=2916041078"
"59353","37.006047307","192.168.1.55","192.168.1.2","TCP","1514","8004  >  36744 [ACK] Seq=396926 Ack=144 Win=65024 Len=1448 TSval=2916041086 TSecr=3045560858 [TCP segment of a reassembled PDU]"
"59354","37.006049604","192.168.1.55","192.168.1.2","TCP","1514","8004  >  36744 [ACK] Seq=398374 Ack=144 Win=65024 Len=1448 TSval=2916041086 TSecr=3045560858 [TCP segment of a reassembled PDU]"
"59355","37.006050937","192.168.1.55","192.168.1.2","TCP","1514","8004  >  36744 [ACK] Seq=399822 Ack=144 Win=65024 Len=1448 TSval=2916041086 TSecr=3045560858 [TCP segment of a reassembled PDU]"
"59356","37.006052308","192.168.1.55","192.168.1.2","TCP","1514","8004  >  36744 [ACK] Seq=401270 Ack=144 Win=65024 Len=1448 TSval=2916041086 TSecr=3045560858 [TCP segment of a reassembled PDU]"
"59357","37.006053585","192.168.1.55","192.168.1.2","TCP","1514","8004  >  36744 [ACK] Seq=402718 Ack=144 Win=65024 Len=1448 TSval=2916041086 TSecr=3045560858 [TCP segment of a reassembled PDU]"
"59358","37.006054863","192.168.1.55","192.168.1.2","TCP","82","8004  >  36744 [PSH, ACK] Seq=404166 Ack=144 Win=65024 Len=16 TSval=2916041086 TSecr=3045560858 [TCP segment of a reassembled PDU]"
"59359","37.006083752","192.168.1.55","192.168.1.2","TCP","1514","8004  >  36744 [ACK] Seq=404182 Ack=144 Win=65024 Len=1448 TSval=2916041086 TSecr=3045560858 [TCP segment of a reassembled PDU]"
"59360","37.006085993","192.168.1.55","192.168.1.2","TCP","1514","8004  >  36744 [ACK] Seq=405630 Ack=144 Win=65024 Len=1448 TSval=2916041086 TSecr=3045560858 [TCP segment of a reassembled PDU]"
"59361","37.006087345","192.168.1.55","192.168.1.2","TCP","1514","8004  >  36744 [ACK] Seq=407078 Ack=144 Win=65024 Len=1448 TSval=2916041086 TSecr=3045560858 [TCP segment of a reassembled PDU]"
"59362","37.006088715","192.168.1.55","192.168.1.2","TCP","1514","8004  >  36744 [ACK] Seq=408526 Ack=144 Win=65024 Len=1448 TSval=2916041086 TSecr=3045560858 [TCP segment of a reassembled PDU]"
"59363","37.006090030","192.168.1.55","192.168.1.2","TCP","1514","8004  >  36744 [ACK] Seq=409974 Ack=144 Win=65024 Len=1448 TSval=2916041086 TSecr=3045560858 [TCP segment of a reassembled PDU]"
"59364","37.006091326","192.168.1.55","192.168.1.2","TCP","1514","8004  >  36744 [ACK] Seq=411422 Ack=144 Win=65024 Len=1448 TSval=2916041086 TSecr=3045560858 [TCP segment of a reassembled PDU]"
"59365","37.006092733","192.168.1.55","192.168.1.2","TCP","1514","8004  >  36744 [ACK] Seq=412870 Ack=144 Win=65024 Len=1448 TSval=2916041086 TSecr=3045560858 [TCP segment of a reassembled PDU]"
"59366","37.006094159","192.168.1.55","192.168.1.2","TCP","1514","8004  >  36744 [ACK] Seq=414318 Ack=144 Win=65024 Len=1448 TSval=2916041086 TSecr=3045560858 [TCP segment of a reassembled PDU]"
"59367","37.006095437","192.168.1.55","192.168.1.2","TCP","1514","8004  >  36744 [ACK] Seq=415766 Ack=144 Win=65024 Len=1448 TSval=2916041086 TSecr=3045560858 [TCP segment of a reassembled PDU]"
"59368","37.006096937","192.168.1.55","192.168.1.2","TCP","1514","8004  >  36744 [ACK] Seq=417214 Ack=144 Win=65024 Len=1448 TSval=2916041086 TSecr=3045560858 [TCP segment of a reassembled PDU]"
"59369","37.006098548","192.168.1.55","192.168.1.2","TCP","1514","8004  >  36744 [ACK] Seq=418662 Ack=144 Win=65024 Len=1448 TSval=2916041086 TSecr=3045560858 [TCP segment of a reassembled PDU]"
"59370","37.006100437","192.168.1.55","192.168.1.2","TCP","1514","8004  >  36744 [ACK] Seq=420110 Ack=144 Win=65024 Len=1448 TSval=2916041086 TSecr=3045560858 [TCP segment of a reassembled PDU]"
"59371","37.006101863","192.168.1.55","192.168.1.2","TCP","1514","8004  >  36744 [ACK] Seq=421558 Ack=144 Win=65024 Len=1448 TSval=2916041086 TSecr=3045560858 [TCP segment of a reassembled PDU]"
"59372","37.006103234","192.168.1.55","192.168.1.2","TCP","1514","8004  >  36744 [ACK] Seq=423006 Ack=144 Win=65024 Len=1448 TSval=2916041086 TSecr=3045560858 [TCP segment of a reassembled PDU]"
"59373","37.006104678","192.168.1.55","192.168.1.2","TCP","1514","8004  >  36744 [ACK] Seq=424454 Ack=144 Win=65024 Len=1448 TSval=2916041086 TSecr=3045560858 [TCP segment of a reassembled PDU]"
"59374","37.006106122","192.168.1.55","192.168.1.2","TCP","1514","8004  >  36744 [ACK] Seq=425902 Ack=144 Win=65024 Len=1448 TSval=2916041086 TSecr=3045560858 [TCP segment of a reassembled PDU]"
"59375","37.006107585","192.168.1.55","192.168.1.2","TCP","1514","8004  >  36744 [ACK] Seq=427350 Ack=144 Win=65024 Len=1448 TSval=2916041086 TSecr=3045560858 [TCP segment of a reassembled PDU]"
"59376","37.006108956","192.168.1.55","192.168.1.2","TCP","1514","8004  >  36744 [ACK] Seq=428798 Ack=144 Win=65024 Len=1448 TSval=2916041086 TSecr=3045560858 [TCP segment of a reassembled PDU]"
"59377","37.006110326","192.168.1.55","192.168.1.2","TCP","1514","8004  >  36744 [ACK] Seq=430246 Ack=144 Win=65024 Len=1448 TSval=2916041086 TSecr=3045560858 [TCP segment of a reassembled PDU]"
"59378","37.006111696","192.168.1.55","192.168.1.2","TCP","1514","8004  >  36744 [ACK] Seq=431694 Ack=144 Win=65024 Len=1448 TSval=2916041086 TSecr=3045560858 [TCP segment of a reassembled PDU]"
"59379","37.006113067","192.168.1.55","192.168.1.2","TCP","1514","8004  >  36744 [ACK] Seq=433142 Ack=144 Win=65024 Len=1448 TSval=2916041086 TSecr=3045560858 [TCP segment of a reassembled PDU]"
"59380","37.006114567","192.168.1.55","192.168.1.2","TCP","1514","8004  >  36744 [ACK] Seq=434590 Ack=144 Win=65024 Len=1448 TSval=2916041086 TSecr=3045560858 [TCP segment of a reassembled PDU]"
"59381","37.006115863","192.168.1.55","192.168.1.2","TCP","1514","8004  >  36744 [ACK] Seq=436038 Ack=144 Win=65024 Len=1448 TSval=2916041086 TSecr=3045560858 [TCP segment of a reassembled PDU]"
"59382","37.006117178","192.168.1.55","192.168.1.2","TCP","1514","8004  >  36744 [ACK] Seq=437486 Ack=144 Win=65024 Len=1448 TSval=2916041086 TSecr=3045560858 [TCP segment of a reassembled PDU]"
"59383","37.006118604","192.168.1.55","192.168.1.2","TCP","1514","8004  >  36744 [ACK] Seq=438934 Ack=144 Win=65024 Len=1448 TSval=2916041086 TSecr=3045560858 [TCP segment of a reassembled PDU]"
"59384","37.006119900","192.168.1.55","192.168.1.2","TCP","1514","8004  >  36744 [ACK] Seq=440382 Ack=144 Win=65024 Len=1448 TSval=2916041086 TSecr=3045560858 [TCP segment of a reassembled PDU]"
"59385","37.006121215","192.168.1.55","192.168.1.2","TCP","1514","8004  >  36744 [ACK] Seq=441830 Ack=144 Win=65024 Len=1448 TSval=2916041086 TSecr=3045560858 [TCP segment of a reassembled PDU]"
"59386","37.006122826","192.168.1.55","192.168.1.2","TCP","1514","8004  >  36744 [PSH, ACK] Seq=443278 Ack=144 Win=65024 Len=1448 TSval=2916041086 TSecr=3045560858 [TCP segment of a reassembled PDU]"
"59387","37.006126863","192.168.1.2","192.168.1.55","TCP","66","36744  >  8004 [ACK] Seq=144 Ack=386806 Win=81920 Len=0 TSval=3045560861 TSecr=2916041078"
"59388","37.006137548","192.168.1.2","192.168.1.55","TCP","66","36744  >  8004 [ACK] Seq=144 Ack=388254 Win=110592 Len=0 TSval=3045560861 TSecr=2916041082"
"59389","37.006168585","192.168.1.55","192.168.1.2","TCP","1514","8004  >  36744 [ACK] Seq=444726 Ack=144 Win=65024 Len=1448 TSval=2916041086 TSecr=3045560861 [TCP segment of a reassembled PDU]"
"59390","37.006170493","192.168.1.55","192.168.1.2","TCP","1514","8004  >  36744 [ACK] Seq=446174 Ack=144 Win=65024 Len=1448 TSval=2916041086 TSecr=3045560861 [TCP segment of a reassembled PDU]"
"59391","37.006171900","192.168.1.55","192.168.1.2","TCP","1514","8004  >  36744 [ACK] Seq=447622 Ack=144 Win=65024 Len=1448 TSval=2916041086 TSecr=3045560861 [TCP segment of a reassembled PDU]"
"59392","37.006173215","192.168.1.55","192.168.1.2","TCP","1514","8004  >  36744 [ACK] Seq=449070 Ack=144 Win=65024 Len=1448 TSval=2916041086 TSecr=3045560861 [TCP segment of a reassembled PDU]"
"59393","37.006178271","192.168.1.55","192.168.1.2","TCP","1514","8004  >  36744 [ACK] Seq=450518 Ack=144 Win=65024 Len=1448 TSval=2916041086 TSecr=3045560861 [TCP segment of a reassembled PDU]"
"59394","37.006179900","192.168.1.55","192.168.1.2","TCP","1514","8004  >  36744 [ACK] Seq=451966 Ack=144 Win=65024 Len=1448 TSval=2916041086 TSecr=3045560861 [TCP segment of a reassembled PDU]"
"59395","37.006181289","192.168.1.55","192.168.1.2","TCP","1514","8004  >  36744 [ACK] Seq=453414 Ack=144 Win=65024 Len=1448 TSval=2916041086 TSecr=3045560861 [TCP segment of a reassembled PDU]"
"59396","37.006182697","192.168.1.55","192.168.1.2","TCP","1514","8004  >  36744 [ACK] Seq=454862 Ack=144 Win=65024 Len=1448 TSval=2916041086 TSecr=3045560861 [TCP segment of a reassembled PDU]"
"59397","37.006183993","192.168.1.55","192.168.1.2","TCP","1514","8004  >  36744 [ACK] Seq=456310 Ack=144 Win=65024 Len=1448 TSval=2916041086 TSecr=3045560861 [TCP segment of a reassembled PDU]"
"59398","37.006185456","192.168.1.55","192.168.1.2","TCP","1514","8004  >  36744 [ACK] Seq=457758 Ack=144 Win=65024 Len=1448 TSval=2916041086 TSecr=3045560861 [TCP segment of a reassembled PDU]"
"59399","37.006187048","192.168.1.55","192.168.1.2","TCP","1514","8004  >  36744 [ACK] Seq=459206 Ack=144 Win=65024 Len=1448 TSval=2916041086 TSecr=3045560861 [TCP segment of a reassembled PDU]"
"59400","37.006188456","192.168.1.55","192.168.1.2","TCP","1514","8004  >  36744 [ACK] Seq=460654 Ack=144 Win=65024 Len=1448 TSval=2916041086 TSecr=3045560861 [TCP segment of a reassembled PDU]"
"59401","37.006189826","192.168.1.55","192.168.1.2","TCP","1514","8004  >  36744 [ACK] Seq=462102 Ack=144 Win=65024 Len=1448 TSval=2916041086 TSecr=3045560861 [TCP segment of a reassembled PDU]"
"59402","37.006191104","192.168.1.55","192.168.1.2","TCP","1514","8004  >  36744 [ACK] Seq=463550 Ack=144 Win=65024 Len=1448 TSval=2916041086 TSecr=3045560861 [TCP segment of a reassembled PDU]"
"59403","37.006192400","192.168.1.55","192.168.1.2","TCP","1514","8004  >  36744 [ACK] Seq=464998 Ack=144 Win=65024 Len=1448 TSval=2916041086 TSecr=3045560861 [TCP segment of a reassembled PDU]"
"59404","37.006193752","192.168.1.55","192.168.1.2","TCP","1514","8004  >  36744 [ACK] Seq=466446 Ack=144 Win=65024 Len=1448 TSval=2916041086 TSecr=3045560861 [TCP segment of a reassembled PDU]"
"59405","37.006195141","192.168.1.55","192.168.1.2","TCP","1514","8004  >  36744 [ACK] Seq=467894 Ack=144 Win=65024 Len=1448 TSval=2916041086 TSecr=3045560861 [TCP segment of a reassembled PDU]"
"59406","37.006196586","192.168.1.55","192.168.1.2","TCP","1514","8004  >  36744 [ACK] Seq=469342 Ack=144 Win=65024 Len=1448 TSval=2916041086 TSecr=3045560861 [TCP segment of a reassembled PDU]"
"59407","37.006198086","192.168.1.55","192.168.1.2","TCP","1514","8004  >  36744 [ACK] Seq=470790 Ack=144 Win=65024 Len=1448 TSval=2916041086 TSecr=3045560861 [TCP segment of a reassembled PDU]"
"59408","37.006199456","192.168.1.55","192.168.1.2","TCP","1514","8004  >  36744 [ACK] Seq=472238 Ack=144 Win=65024 Len=1448 TSval=2916041086 TSecr=3045560861 [TCP segment of a reassembled PDU]"
"59409","37.006200771","192.168.1.55","192.168.1.2","TCP","1514","8004  >  36744 [ACK] Seq=473686 Ack=144 Win=65024 Len=1448 TSval=2916041086 TSecr=3045560861 [TCP segment of a reassembled PDU]"
"59410","37.006202141","192.168.1.55","192.168.1.2","TCP","1514","8004  >  36744 [ACK] Seq=475134 Ack=144 Win=65024 Len=1448 TSval=2916041086 TSecr=3045560861 [TCP segment of a reassembled PDU]"
"59411","37.006203548","192.168.1.55","192.168.1.2","TCP","1514","8004  >  36744 [ACK] Seq=476582 Ack=144 Win=65024 Len=1448 TSval=2916041086 TSecr=3045560861 [TCP segment of a reassembled PDU]"
"59412","37.006204863","192.168.1.55","192.168.1.2","TCP","1514","8004  >  36744 [ACK] Seq=478030 Ack=144 Win=65024 Len=1448 TSval=2916041086 TSecr=3045560861 [TCP segment of a reassembled PDU]"
"59413","37.006206363","192.168.1.55","192.168.1.2","TCP","1514","8004  >  36744 [ACK] Seq=479478 Ack=144 Win=65024 Len=1448 TSval=2916041086 TSecr=3045560861 [TCP segment of a reassembled PDU]"
"59414","37.006208104","192.168.1.55","192.168.1.2","TCP","1514","8004  >  36744 [ACK] Seq=480926 Ack=144 Win=65024 Len=1448 TSval=2916041086 TSecr=3045560861 [TCP segment of a reassembled PDU]"
"59415","37.006209400","192.168.1.55","192.168.1.2","TCP","1514","8004  >  36744 [ACK] Seq=482374 Ack=144 Win=65024 Len=1448 TSval=2916041086 TSecr=3045560861 [TCP segment of a reassembled PDU]"
"59416","37.006210845","192.168.1.55","192.168.1.2","TCP","1514","8004  >  36744 [PSH, ACK] Seq=483822 Ack=144 Win=65024 Len=1448 TSval=2916041086 TSecr=3045560861 [TCP segment of a reassembled PDU]"
"59417","37.007375624","192.168.1.55","192.168.1.2","TCP","1514","8004  >  36744 [ACK] Seq=485270 Ack=144 Win=65024 Len=1448 TSval=2916041088 TSecr=3045560861 [TCP segment of a reassembled PDU]"
"59418","37.007378236","192.168.1.55","192.168.1.2","TCP","1514","8004  >  36744 [ACK] Seq=486718 Ack=144 Win=65024 Len=1448 TSval=2916041088 TSecr=3045560861 [TCP segment of a reassembled PDU]"
"59419","37.007379680","192.168.1.55","192.168.1.2","TCP","1514","8004  >  36744 [ACK] Seq=488166 Ack=144 Win=65024 Len=1448 TSval=2916041088 TSecr=3045560861 [TCP segment of a reassembled PDU]"
"59420","37.007380976","192.168.1.55","192.168.1.2","TCP","1514","8004  >  36744 [ACK] Seq=489614 Ack=144 Win=65024 Len=1448 TSval=2916041088 TSecr=3045560861 [TCP segment of a reassembled PDU]"
"59421","37.007382254","192.168.1.55","192.168.1.2","TCP","1514","8004  >  36744 [ACK] Seq=491062 Ack=144 Win=65024 Len=1448 TSval=2916041088 TSecr=3045560861 [TCP segment of a reassembled PDU]"
"59422","37.007383550","192.168.1.55","192.168.1.2","TCP","1514","8004  >  36744 [ACK] Seq=492510 Ack=144 Win=65024 Len=1448 TSval=2916041088 TSecr=3045560861 [TCP segment of a reassembled PDU]"
"59423","37.007384939","192.168.1.55","192.168.1.2","TCP","1514","8004  >  36744 [ACK] Seq=493958 Ack=144 Win=65024 Len=1448 TSval=2916041088 TSecr=3045560861 [TCP segment of a reassembled PDU]"
"59424","37.007386291","192.168.1.55","192.168.1.2","TCP","1514","8004  >  36744 [ACK] Seq=495406 Ack=144 Win=65024 Len=1448 TSval=2916041088 TSecr=3045560861 [TCP segment of a reassembled PDU]"
"59425","37.007387606","192.168.1.55","192.168.1.2","TCP","1514","8004  >  36744 [PSH, ACK] Seq=496854 Ack=144 Win=65024 Len=1448 TSval=2916041088 TSecr=3045560861 [TCP segment of a reassembled PDU]"
"59426","37.007393254","192.168.1.55","192.168.1.2","HTTP","222","HTTP/1.0 200 OK  (PNG)"
"59427","37.012784559","192.168.1.2","192.168.1.55","TCP","66","36744  >  8004 [ACK] Seq=144 Ack=404182 Win=110592 Len=0 TSval=3045560868 TSecr=2916041086"
"59428","37.012894022","192.168.1.2","192.168.1.55","TCP","66","36744  >  8004 [ACK] Seq=144 Ack=444726 Win=140288 Len=0 TSval=3045560868 TSecr=2916041086"
"59429","37.013303338","192.168.1.2","192.168.1.55","TCP","66","36744  >  8004 [ACK] Seq=144 Ack=485270 Win=156672 Len=0 TSval=3045560868 TSecr=2916041086"
"59430","37.013411319","192.168.1.2","192.168.1.55","TCP","66","36744  >  8004 [ACK] Seq=144 Ack=498302 Win=144384 Len=0 TSval=3045560868 TSecr=2916041088"
"59431","37.014347228","192.168.1.2","192.168.1.55","TCP","66","36744  >  8004 [FIN, ACK] Seq=144 Ack=498459 Win=159744 Len=0 TSval=3045560869 TSecr=2916041088"
"59432","37.014360839","192.168.1.55","192.168.1.2","TCP","66","8004  >  36744 [ACK] Seq=498459 Ack=145 Win=65024 Len=0 TSval=2916041095 TSecr=3045560869"
"59433","37.014475580","192.168.1.2","192.168.1.55","TCP","74","36754  >  8004 [SYN] Seq=0 Win=64240 Len=0 MSS=1460 SACK_PERM TSval=3045560869 TSecr=0 WS=1024"
"59434","37.014499710","192.168.1.55","192.168.1.2","TCP","74","8004  >  36754 [SYN, ACK] Seq=0 Ack=1 Win=65160 Len=0 MSS=1460 SACK_PERM TSval=2916041095 TSecr=3045560869 WS=128"
"59435","37.017605882","192.168.1.2","192.168.1.55","TCP","66","36754  >  8004 [ACK] Seq=1 Ack=1 Win=64512 Len=0 TSval=3045560872 TSecr=2916041095"
"59436","37.020826146","192.168.1.2","192.168.1.55","HTTP","206","GET /stego_benchmark.png HTTP/1.1 "
"59437","37.020837850","192.168.1.55","192.168.1.2","TCP","66","8004  >  36754 [ACK] Seq=1 Ack=141 Win=65024 Len=0 TSval=2916041101 TSecr=3045560872"
"59438","37.021320480","192.168.1.55","192.168.1.2","TCP","255","8004  >  36754 [PSH, ACK] Seq=1 Ack=141 Win=65024 Len=189 TSval=2916041102 TSecr=3045560872 [TCP segment of a reassembled PDU]"
"59439","37.021407388","192.168.1.55","192.168.1.2","TCP","1514","8004  >  36754 [ACK] Seq=190 Ack=141 Win=65024 Len=1448 TSval=2916041102 TSecr=3045560872 [TCP segment of a reassembled PDU]"
"59440","37.021411925","192.168.1.55","192.168.1.2","TCP","1514","8004  >  36754 [ACK] Seq=1638 Ack=141 Win=65024 Len=1448 TSval=2916041102 TSecr=3045560872 [TCP segment of a reassembled PDU]"
"59441","37.021413295","192.168.1.55","192.168.1.2","TCP","1514","8004  >  36754 [ACK] Seq=3086 Ack=141 Win=65024 Len=1448 TSval=2916041102 TSecr=3045560872 [TCP segment of a reassembled PDU]"
"59442","37.021414703","192.168.1.55","192.168.1.2","TCP","1514","8004  >  36754 [ACK] Seq=4534 Ack=141 Win=65024 Len=1448 TSval=2916041102 TSecr=3045560872 [TCP segment of a reassembled PDU]"
"59443","37.021416555","192.168.1.55","192.168.1.2","TCP","1514","8004  >  36754 [PSH, ACK] Seq=5982 Ack=141 Win=65024 Len=1448 TSval=2916041102 TSecr=3045560872 [TCP segment of a reassembled PDU]"
"59444","37.021434629","192.168.1.55","192.168.1.2","TCP","1514","8004  >  36754 [ACK] Seq=7430 Ack=141 Win=65024 Len=1448 TSval=2916041102 TSecr=3045560872 [TCP segment of a reassembled PDU]"
"59445","37.021436592","192.168.1.55","192.168.1.2","TCP","1514","8004  >  36754 [ACK] Seq=8878 Ack=141 Win=65024 Len=1448 TSval=2916041102 TSecr=3045560872 [TCP segment of a reassembled PDU]"
"59446","37.021438147","192.168.1.55","192.168.1.2","TCP","1514","8004  >  36754 [ACK] Seq=10326 Ack=141 Win=65024 Len=1448 TSval=2916041102 TSecr=3045560872 [TCP segment of a reassembled PDU]"
"59447","37.021439592","192.168.1.55","192.168.1.2","TCP","1514","8004  >  36754 [PSH, ACK] Seq=11774 Ack=141 Win=65024 Len=1448 TSval=2916041102 TSecr=3045560872 [TCP segment of a reassembled PDU]"
"59448","37.025074375","192.168.1.2","192.168.1.55","TCP","66","36754  >  8004 [ACK] Seq=141 Ack=190 Win=64512 Len=0 TSval=3045560879 TSecr=2916041102"
"59449","37.025242431","192.168.1.55","192.168.1.2","TCP","1514","8004  >  36754 [ACK] Seq=13222 Ack=141 Win=65024 Len=1448 TSval=2916041105 TSecr=3045560879 [TCP segment of a reassembled PDU]"
"59450","37.025262931","192.168.1.55","192.168.1.2","TCP","1514","8004  >  36754 [PSH, ACK] Seq=14670 Ack=141 Win=65024 Len=1448 TSval=2916041105 TSecr=3045560879 [TCP segment of a reassembled PDU]"
"59451","37.025369079","192.168.1.2","192.168.1.55","TCP","66","36754  >  8004 [ACK] Seq=141 Ack=5982 Win=76800 Len=0 TSval=3045560879 TSecr=2916041102"
"59452","37.025455283","192.168.1.55","192.168.1.2","TCP","1514","8004  >  36754 [ACK] Seq=16118 Ack=141 Win=65024 Len=1448 TSval=2916041106 TSecr=3045560879 [TCP segment of a reassembled PDU]"
"59453","37.025464431","192.168.1.55","192.168.1.2","TCP","1514","8004  >  36754 [ACK] Seq=17566 Ack=141 Win=65024 Len=1448 TSval=2916041106 TSecr=3045560879 [TCP segment of a reassembled PDU]"
"59454","37.025466913","192.168.1.55","192.168.1.2","TCP","1514","8004  >  36754 [ACK] Seq=19014 Ack=141 Win=65024 Len=1448 TSval=2916041106 TSecr=3045560879 [TCP segment of a reassembled PDU]"
"59455","37.025468820","192.168.1.55","192.168.1.2","TCP","1514","8004  >  36754 [ACK] Seq=20462 Ack=141 Win=65024 Len=1448 TSval=2916041106 TSecr=3045560879 [TCP segment of a reassembled PDU]"
"59456","37.025471117","192.168.1.55","192.168.1.2","TCP","1514","8004  >  36754 [ACK] Seq=21910 Ack=141 Win=65024 Len=1448 TSval=2916041106 TSecr=3045560879 [TCP segment of a reassembled PDU]"
"59457","37.025474413","192.168.1.55","192.168.1.2","TCP","1514","8004  >  36754 [ACK] Seq=23358 Ack=141 Win=65024 Len=1448 TSval=2916041106 TSecr=3045560879 [TCP segment of a reassembled PDU]"
"59458","37.025476802","192.168.1.55","192.168.1.2","TCP","1514","8004  >  36754 [PSH, ACK] Seq=24806 Ack=141 Win=65024 Len=1448 TSval=2916041106 TSecr=3045560879 [TCP segment of a reassembled PDU]"
"59459","37.026777785","192.168.1.2","192.168.1.55","TCP","66","36754  >  8004 [ACK] Seq=141 Ack=7430 Win=79872 Len=0 TSval=3045560880 TSecr=2916041102"
"59460","37.026801415","192.168.1.55","192.168.1.2","TCP","1514","8004  >  36754 [ACK] Seq=26254 Ack=141 Win=65024 Len=1448 TSval=2916041107 TSecr=3045560880 [TCP segment of a reassembled PDU]"
"59461","37.026804989","192.168.1.55","192.168.1.2","TCP","1514","8004  >  36754 [ACK] Seq=27702 Ack=141 Win=65024 Len=1448 TSval=2916041107 TSecr=3045560880 [TCP segment of a reassembled PDU]"
"59462","37.026806341","192.168.1.55","192.168.1.2","TCP","1514","8004  >  36754 [PSH, ACK] Seq=29150 Ack=141 Win=65024 Len=1448 TSval=2916041107 TSecr=3045560880 [TCP segment of a reassembled PDU]"
"59463","37.026839711","192.168.1.2","192.168.1.55","TCP","66","36754  >  8004 [ACK] Seq=141 Ack=13222 Win=80896 Len=0 TSval=3045560880 TSecr=2916041102"
"59464","37.026857137","192.168.1.55","192.168.1.2","TCP","1514","8004  >  36754 [ACK] Seq=30598 Ack=141 Win=65024 Len=1448 TSval=2916041107 TSecr=3045560880 [TCP segment of a reassembled PDU]"
"59465","37.026859323","192.168.1.55","192.168.1.2","TCP","1514","8004  >  36754 [ACK] Seq=32046 Ack=141 Win=65024 Len=1448 TSval=2916041107 TSecr=3045560880 [TCP segment of a reassembled PDU]"
"59466","37.026860730","192.168.1.55","192.168.1.2","TCP","1514","8004  >  36754 [ACK] Seq=33494 Ack=141 Win=65024 Len=1448 TSval=2916041107 TSecr=3045560880 [TCP segment of a reassembled PDU]"
"59467","37.026862063","192.168.1.55","192.168.1.2","TCP","1514","8004  >  36754 [ACK] Seq=34942 Ack=141 Win=65024 Len=1448 TSval=2916041107 TSecr=3045560880 [TCP segment of a reassembled PDU]"
"59468","37.026863434","192.168.1.55","192.168.1.2","TCP","1514","8004  >  36754 [ACK] Seq=36390 Ack=141 Win=65024 Len=1448 TSval=2916041107 TSecr=3045560880 [TCP segment of a reassembled PDU]"
"59469","37.026864934","192.168.1.55","192.168.1.2","TCP","1514","8004  >  36754 [ACK] Seq=37838 Ack=141 Win=65024 Len=1448 TSval=2916041107 TSecr=3045560880 [TCP segment of a reassembled PDU]"
"59470","37.026866286","192.168.1.55","192.168.1.2","TCP","1514","8004  >  36754 [ACK] Seq=39286 Ack=141 Win=65024 Len=1448 TSval=2916041107 TSecr=3045560880 [TCP segment of a reassembled PDU]"
"59471","37.026867582","192.168.1.55","192.168.1.2","TCP","1514","8004  >  36754 [PSH, ACK] Seq=40734 Ack=141 Win=65024 Len=1448 TSval=2916041107 TSecr=3045560880 [TCP segment of a reassembled PDU]"
"59472","37.030779551","192.168.1.2","192.168.1.55","TCP","66","36754  >  8004 [ACK] Seq=141 Ack=16118 Win=87040 Len=0 TSval=3045560885 TSecr=2916041105"
"59473","37.030852885","192.168.1.55","192.168.1.2","TCP","1514","8004  >  36754 [ACK] Seq=42182 Ack=141 Win=65024 Len=1448 TSval=2916041111 TSecr=3045560885 [TCP segment of a reassembled PDU]"
"59474","37.030859366","192.168.1.55","192.168.1.2","TCP","1514","8004  >  36754 [PSH, ACK] Seq=43630 Ack=141 Win=65024 Len=1448 TSval=2916041111 TSecr=3045560885 [TCP segment of a reassembled PDU]"
"59475","37.031151330","192.168.1.2","192.168.1.55","TCP","66","36754  >  8004 [ACK] Seq=141 Ack=26254 Win=83968 Len=0 TSval=3045560885 TSecr=2916041106"
"59476","37.031190718","192.168.1.55","192.168.1.2","TCP","1514","8004  >  36754 [ACK] Seq=45078 Ack=141 Win=65024 Len=1448 TSval=2916041111 TSecr=3045560885 [TCP segment of a reassembled PDU]"
"59477","37.031193181","192.168.1.55","192.168.1.2","TCP","1514","8004  >  36754 [ACK] Seq=46526 Ack=141 Win=65024 Len=1448 TSval=2916041111 TSecr=3045560885 [TCP segment of a reassembled PDU]"
"59478","37.031194552","192.168.1.55","192.168.1.2","TCP","1514","8004  >  36754 [ACK] Seq=47974 Ack=141 Win=65024 Len=1448 TSval=2916041111 TSecr=3045560885 [TCP segment of a reassembled PDU]"
"59479","37.031195718","192.168.1.55","192.168.1.2","TCP","1514","8004  >  36754 [ACK] Seq=49422 Ack=141 Win=65024 Len=1448 TSval=2916041111 TSecr=3045560885 [TCP segment of a reassembled PDU]"
"59480","37.031197144","192.168.1.55","192.168.1.2","TCP","1514","8004  >  36754 [ACK] Seq=50870 Ack=141 Win=65024 Len=1448 TSval=2916041111 TSecr=3045560885 [TCP segment of a reassembled PDU]"
"59481","37.031198367","192.168.1.55","192.168.1.2","TCP","1514","8004  >  36754 [ACK] Seq=52318 Ack=141 Win=65024 Len=1448 TSval=2916041111 TSecr=3045560885 [TCP segment of a reassembled PDU]"
"59482","37.031199793","192.168.1.55","192.168.1.2","TCP","1514","8004  >  36754 [ACK] Seq=53766 Ack=141 Win=65024 Len=1448 TSval=2916041111 TSecr=3045560885 [TCP segment of a reassembled PDU]"
"59483","37.031202496","192.168.1.55","192.168.1.2","TCP","1514","8004  >  36754 [ACK] Seq=55214 Ack=141 Win=65024 Len=1448 TSval=2916041111 TSecr=3045560885 [TCP segment of a reassembled PDU]"
"59484","37.031203922","192.168.1.55","192.168.1.2","TCP","1514","8004  >  36754 [ACK] Seq=56662 Ack=141 Win=65024 Len=1448 TSval=2916041111 TSecr=3045560885 [TCP segment of a reassembled PDU]"
"59485","37.031205200","192.168.1.55","192.168.1.2","TCP","1514","8004  >  36754 [ACK] Seq=58110 Ack=141 Win=65024 Len=1448 TSval=2916041111 TSecr=3045560885 [TCP segment of a reassembled PDU]"
"59486","37.031206478","192.168.1.55","192.168.1.2","TCP","1514","8004  >  36754 [ACK] Seq=59558 Ack=141 Win=65024 Len=1448 TSval=2916041111 TSecr=3045560885 [TCP segment of a reassembled PDU]"
"59487","37.031207681","192.168.1.55","192.168.1.2","TCP","1514","8004  >  36754 [ACK] Seq=61006 Ack=141 Win=65024 Len=1448 TSval=2916041111 TSecr=3045560885 [TCP segment of a reassembled PDU]"
"59488","37.031208848","192.168.1.55","192.168.1.2","TCP","1514","8004  >  36754 [ACK] Seq=62454 Ack=141 Win=65024 Len=1448 TSval=2916041111 TSecr=3045560885 [TCP segment of a reassembled PDU]"
"59489","37.031210015","192.168.1.55","192.168.1.2","TCP","1514","8004  >  36754 [PSH, ACK] Seq=63902 Ack=141 Win=65024 Len=1448 TSval=2916041111 TSecr=3045560885 [TCP segment of a reassembled PDU]"
"59490","37.031216367","192.168.1.2","192.168.1.55","TCP","66","36754  >  8004 [ACK] Seq=141 Ack=30598 Win=91136 Len=0 TSval=3045560885 TSecr=2916041107"
"59491","37.031238404","192.168.1.55","192.168.1.2","TCP","1514","8004  >  36754 [ACK] Seq=65350 Ack=141 Win=65024 Len=1448 TSval=2916041111 TSecr=3045560885 [TCP segment of a reassembled PDU]"
"59492","37.031241181","192.168.1.55","192.168.1.2","TCP","1514","8004  >  36754 [ACK] Seq=66798 Ack=141 Win=65024 Len=1448 TSval=2916041111 TSecr=3045560885 [TCP segment of a reassembled PDU]"
"59493","37.031242422","192.168.1.55","192.168.1.2","TCP","1514","8004  >  36754 [ACK] Seq=68246 Ack=141 Win=65024 Len=1448 TSval=2916041111 TSecr=3045560885 [TCP segment of a reassembled PDU]"
"59494","37.031243626","192.168.1.55","192.168.1.2","TCP","1514","8004  >  36754 [ACK] Seq=69694 Ack=141 Win=65024 Len=1448 TSval=2916041111 TSecr=3045560885 [TCP segment of a reassembled PDU]"
"59495","37.031244774","192.168.1.55","192.168.1.2","TCP","1514","8004  >  36754 [ACK] Seq=71142 Ack=141 Win=65024 Len=1448 TSval=2916041111 TSecr=3045560885 [TCP segment of a reassembled PDU]"
"59496","37.031246089","192.168.1.55","192.168.1.2","TCP","1514","8004  >  36754 [ACK] Seq=72590 Ack=141 Win=65024 Len=1448 TSval=2916041111 TSecr=3045560885 [TCP segment of a reassembled PDU]"
"59497","37.031248089","192.168.1.55","192.168.1.2","TCP","1514","8004  >  36754 [ACK] Seq=74038 Ack=141 Win=65024 Len=1448 TSval=2916041111 TSecr=3045560885 [TCP segment of a reassembled PDU]"
"59498","37.031250015","192.168.1.55","192.168.1.2","TCP","1514","8004  >  36754 [PSH, ACK] Seq=75486 Ack=141 Win=65024 Len=1448 TSval=2916041111 TSecr=3045560885 [TCP segment of a reassembled PDU]"
"59499","37.031254015","192.168.1.2","192.168.1.55","TCP","66","36754  >  8004 [ACK] Seq=141 Ack=39286 Win=86016 Len=0 TSval=3045560885 TSecr=2916041107"
"59500","37.031265552","192.168.1.2","192.168.1.55","TCP","66","36754  >  8004 [ACK] Seq=141 Ack=42182 Win=93184 Len=0 TSval=3045560886 TSecr=2916041107"
"59501","37.031311941","192.168.1.55","192.168.1.2","TCP","1514","8004  >  36754 [ACK] Seq=76934 Ack=141 Win=65024 Len=1448 TSval=2916041111 TSecr=3045560886 [TCP segment of a reassembled PDU]"
"59502","37.031314774","192.168.1.55","192.168.1.2","TCP","1514","8004  >  36754 [ACK] Seq=78382 Ack=141 Win=65024 Len=1448 TSval=2916041111 TSecr=3045560886 [TCP segment of a reassembled PDU]"
"59503","37.031315922","192.168.1.55","192.168.1.2","TCP","1514","8004  >  36754 [ACK] Seq=79830 Ack=141 Win=65024 Len=1448 TSval=2916041111 TSecr=3045560886 [TCP segment of a reassembled PDU]"
"59504","37.031317182","192.168.1.55","192.168.1.2","TCP","1514","8004  >  36754 [ACK] Seq=81278 Ack=141 Win=65024 Len=1448 TSval=2916041111 TSecr=3045560886 [TCP segment of a reassembled PDU]"
"59505","37.031318311","192.168.1.55","192.168.1.2","TCP","1514","8004  >  36754 [ACK] Seq=82726 Ack=141 Win=65024 Len=1448 TSval=2916041111 TSecr=3045560886 [TCP segment of a reassembled PDU]"
"59506","37.031319700","192.168.1.55","192.168.1.2","TCP","1514","8004  >  36754 [ACK] Seq=84174 Ack=141 Win=65024 Len=1448 TSval=2916041111 TSecr=3045560886 [TCP segment of a reassembled PDU]"
"59507","37.031321589","192.168.1.55","192.168.1.2","TCP","1514","8004  >  36754 [ACK] Seq=85622 Ack=141 Win=65024 Len=1448 TSval=2916041111 TSecr=3045560886 [TCP segment of a reassembled PDU]"
"59508","37.031322959","192.168.1.55","192.168.1.2","TCP","1514","8004  >  36754 [ACK] Seq=87070 Ack=141 Win=65024 Len=1448 TSval=2916041111 TSecr=3045560886 [TCP segment of a reassembled PDU]"
"59509","37.031324737","192.168.1.55","192.168.1.2","TCP","1514","8004  >  36754 [ACK] Seq=88518 Ack=141 Win=65024 Len=1448 TSval=2916041111 TSecr=3045560886 [TCP segment of a reassembled PDU]"
"59510","37.031325885","192.168.1.55","192.168.1.2","TCP","1514","8004  >  36754 [ACK] Seq=89966 Ack=141 Win=65024 Len=1448 TSval=2916041111 TSecr=3045560886 [TCP segment of a reassembled PDU]"
"59511","37.031327145","192.168.1.55","192.168.1.2","TCP","1514","8004  >  36754 [ACK] Seq=91414 Ack=141 Win=65024 Len=1448 TSval=2916041111 TSecr=3045560886 [TCP segment of a reassembled PDU]"
"59512","37.031328404","192.168.1.55","192.168.1.2","TCP","1514","8004  >  36754 [ACK] Seq=92862 Ack=141 Win=65024 Len=1448 TSval=2916041111 TSecr=3045560886 [TCP segment of a reassembled PDU]"
"59513","37.031330256","192.168.1.55","192.168.1.2","TCP","1514","8004  >  36754 [ACK] Seq=94310 Ack=141 Win=65024 Len=1448 TSval=2916041111 TSecr=3045560886 [TCP segment of a reassembled PDU]"
"59514","37.031331719","192.168.1.55","192.168.1.2","TCP","1514","8004  >  36754 [ACK] Seq=95758 Ack=141 Win=65024 Len=1448 TSval=2916041111 TSecr=3045560886 [TCP segment of a reassembled PDU]"
"59515","37.031333052","192.168.1.55","192.168.1.2","TCP","1514","8004  >  36754 [ACK] Seq=97206 Ack=141 Win=65024 Len=1448 TSval=2916041111 TSecr=3045560886 [TCP segment of a reassembled PDU]"
"59516","37.031334978","192.168.1.55","192.168.1.2","TCP","1514","8004  >  36754 [PSH, ACK] Seq=98654 Ack=141 Win=65024 Len=1448 TSval=2916041111 TSecr=3045560886 [TCP segment of a reassembled PDU]"
"59517","37.036693913","192.168.1.2","192.168.1.55","TCP","66","36754  >  8004 [ACK] Seq=141 Ack=45078 Win=91136 Len=0 TSval=3045560890 TSecr=2916041111"
"59518","37.036721764","192.168.1.55","192.168.1.2","TCP","1514","8004  >  36754 [ACK] Seq=100102 Ack=141 Win=65024 Len=1448 TSval=2916041117 TSecr=3045560890 [TCP segment of a reassembled PDU]"
"59519","37.036724820","192.168.1.55","192.168.1.2","TCP","1514","8004  >  36754 [ACK] Seq=101550 Ack=141 Win=65024 Len=1448 TSval=2916041117 TSecr=3045560890 [TCP segment of a reassembled PDU]"
"59520","37.036726172","192.168.1.55","192.168.1.2","TCP","1514","8004  >  36754 [ACK] Seq=102998 Ack=141 Win=65024 Len=1448 TSval=2916041117 TSecr=3045560890 [TCP segment of a reassembled PDU]"
"59521","37.036727450","192.168.1.55","192.168.1.2","TCP","1514","8004  >  36754 [PSH, ACK] Seq=104446 Ack=141 Win=65024 Len=1448 TSval=2916041117 TSecr=3045560890 [TCP segment of a reassembled PDU]"
"59522","37.037001172","192.168.1.2","192.168.1.55","TCP","66","36754  >  8004 [ACK] Seq=141 Ack=65350 Win=75776 Len=0 TSval=3045560891 TSecr=2916041111"
"59523","37.037031469","192.168.1.55","192.168.1.2","TCP","1514","8004  >  36754 [ACK] Seq=105894 Ack=141 Win=65024 Len=1448 TSval=2916041117 TSecr=3045560891 [TCP segment of a reassembled PDU]"
"59524","37.037033876","192.168.1.55","192.168.1.2","TCP","1514","8004  >  36754 [ACK] Seq=107342 Ack=141 Win=65024 Len=1448 TSval=2916041117 TSecr=3045560891 [TCP segment of a reassembled PDU]"
"59525","37.037035006","192.168.1.55","192.168.1.2","TCP","1514","8004  >  36754 [ACK] Seq=108790 Ack=141 Win=65024 Len=1448 TSval=2916041117 TSecr=3045560891 [TCP segment of a reassembled PDU]"
"59526","37.037036098","192.168.1.55","192.168.1.2","TCP","1514","8004  >  36754 [ACK] Seq=110238 Ack=141 Win=65024 Len=1448 TSval=2916041117 TSecr=3045560891 [TCP segment of a reassembled PDU]"
"59527","37.037037209","192.168.1.55","192.168.1.2","TCP","1514","8004  >  36754 [ACK] Seq=111686 Ack=141 Win=65024 Len=1448 TSval=2916041117 TSecr=3045560891 [TCP segment of a reassembled PDU]"
"59528","37.037038395","192.168.1.55","192.168.1.2","TCP","1514","8004  >  36754 [ACK] Seq=113134 Ack=141 Win=65024 Len=1448 TSval=2916041117 TSecr=3045560891 [TCP segment of a reassembled PDU]"
"59529","37.037039561","192.168.1.55","192.168.1.2","TCP","1514","8004  >  36754 [ACK] Seq=114582 Ack=141 Win=65024 Len=1448 TSval=2916041117 TSecr=3045560891 [TCP segment of a reassembled PDU]"
"59530","37.037040654","192.168.1.55","192.168.1.2","TCP","1514","8004  >  36754 [ACK] Seq=116030 Ack=141 Win=65024 Len=1448 TSval=2916041117 TSecr=3045560891 [TCP segment of a reassembled PDU]"
"59531","37.037041765","192.168.1.55","192.168.1.2","TCP","1514","8004  >  36754 [ACK] Seq=117478 Ack=141 Win=65024 Len=1448 TSval=2916041117 TSecr=3045560891 [TCP segment of a reassembled PDU]"
"59532","37.037042858","192.168.1.55","192.168.1.2","TCP","1514","8004  >  36754 [PSH, ACK] Seq=118926 Ack=141 Win=65024 Len=1448 TSval=2916041117 TSecr=3045560891 [TCP segment of a reassembled PDU]"
"59533","37.037048191","192.168.1.2","192.168.1.55","TCP","66","36754  >  8004 [ACK] Seq=141 Ack=76934 Win=64512 Len=0 TSval=3045560891 TSecr=2916041111"
"59534","37.037058709","192.168.1.2","192.168.1.55","TCP","66","36754  >  8004 [ACK] Seq=141 Ack=89966 Win=52224 Len=0 TSval=3045560891 TSecr=2916041111"
"59535","37.037081654","192.168.1.55","192.168.1.2","TCP","1514","8004  >  36754 [ACK] Seq=120374 Ack=141 Win=65024 Len=1448 TSval=2916041117 TSecr=3045560891 [TCP segment of a reassembled PDU]"
"59536","37.037083246","192.168.1.55","192.168.1.2","TCP","1514","8004  >  36754 [ACK] Seq=121822 Ack=141 Win=65024 Len=1448 TSval=2916041117 TSecr=3045560891 [TCP segment of a reassembled PDU]"
"59537","37.037084339","192.168.1.55","192.168.1.2","TCP","1514","8004  >  36754 [ACK] Seq=123270 Ack=141 Win=65024 Len=1448 TSval=2916041117 TSecr=3045560891 [TCP segment of a reassembled PDU]"
"59538","37.037085598","192.168.1.55","192.168.1.2","TCP","1514","8004  >  36754 [ACK] Seq=124718 Ack=141 Win=65024 Len=1448 TSval=2916041117 TSecr=3045560891 [TCP segment of a reassembled PDU]"
"59539","37.037086913","192.168.1.55","192.168.1.2","TCP","1514","8004  >  36754 [ACK] Seq=126166 Ack=141 Win=65024 Len=1448 TSval=2916041117 TSecr=3045560891 [TCP segment of a reassembled PDU]"
"59540","37.037088098","192.168.1.55","192.168.1.2","TCP","1514","8004  >  36754 [ACK] Seq=127614 Ack=141 Win=65024 Len=1448 TSval=2916041117 TSecr=3045560891 [TCP segment of a reassembled PDU]"
"59541","37.037089284","192.168.1.55","192.168.1.2","TCP","1514","8004  >  36754 [ACK] Seq=129062 Ack=141 Win=65024 Len=1448 TSval=2916041117 TSecr=3045560891 [TCP segment of a reassembled PDU]"
"59542","37.037090413","192.168.1.55","192.168.1.2","TCP","1514","8004  >  36754 [ACK] Seq=130510 Ack=141 Win=65024 Len=1448 TSval=2916041117 TSecr=3045560891 [TCP segment of a reassembled PDU]"
"59543","37.037091524","192.168.1.55","192.168.1.2","TCP","1514","8004  >  36754 [ACK] Seq=131958 Ack=141 Win=65024 Len=1448 TSval=2916041117 TSecr=3045560891 [TCP segment of a reassembled PDU]"
"59544","37.037092969","192.168.1.55","192.168.1.2","TCP","1514","8004  >  36754 [ACK] Seq=133406 Ack=141 Win=65024 Len=1448 TSval=2916041117 TSecr=3045560891 [TCP segment of a reassembled PDU]"
"59545","37.037094135","192.168.1.55","192.168.1.2","TCP","1514","8004  >  36754 [ACK] Seq=134854 Ack=141 Win=65024 Len=1448 TSval=2916041117 TSecr=3045560891 [TCP segment of a reassembled PDU]"
"59546","37.037095302","192.168.1.55","192.168.1.2","TCP","1514","8004  >  36754 [ACK] Seq=136302 Ack=141 Win=65024 Len=1448 TSval=2916041117 TSecr=3045560891 [TCP segment of a reassembled PDU]"
"59547","37.037096376","192.168.1.55","192.168.1.2","TCP","1514","8004  >  36754 [ACK] Seq=137750 Ack=141 Win=65024 Len=1448 TSval=2916041117 TSecr=3045560891 [TCP segment of a reassembled PDU]"
"59548","37.037097506","192.168.1.55","192.168.1.2","TCP","1514","8004  >  36754 [ACK] Seq=139198 Ack=141 Win=65024 Len=1448 TSval=2916041117 TSecr=3045560891 [TCP segment of a reassembled PDU]"
"59549","37.037098672","192.168.1.55","192.168.1.2","TCP","1514","8004  >  36754 [ACK] Seq=140646 Ack=141 Win=65024 Len=1448 TSval=2916041117 TSecr=3045560891 [TCP segment of a reassembled PDU]"
"59550","37.037099876","192.168.1.55","192.168.1.2","TCP","162","[TCP Window Full] 8004  >  36754 [PSH, ACK] Seq=142094 Ack=141 Win=65024 Len=96 TSval=2916041117 TSecr=3045560891 [TCP segment of a reassembled PDU]"
"59551","37.037103265","192.168.1.2","192.168.1.55","TCP","66","36754  >  8004 [ACK] Seq=141 Ack=100102 Win=83968 Len=0 TSval=3045560892 TSecr=2916041111"
"59552","37.037157395","192.168.1.55","192.168.1.2","TCP","1514","8004  >  36754 [ACK] Seq=142190 Ack=141 Win=65024 Len=1448 TSval=2916041117 TSecr=3045560892 [TCP segment of a reassembled PDU]"
"59553","37.037159635","192.168.1.55","192.168.1.2","TCP","1514","8004  >  36754 [ACK] Seq=143638 Ack=141 Win=65024 Len=1448 TSval=2916041117 TSecr=3045560892 [TCP segment of a reassembled PDU]"
"59554","37.037160821","192.168.1.55","192.168.1.2","TCP","1514","8004  >  36754 [ACK] Seq=145086 Ack=141 Win=65024 Len=1448 TSval=2916041117 TSecr=3045560892 [TCP segment of a reassembled PDU]"
"59555","37.037161932","192.168.1.55","192.168.1.2","TCP","1514","8004  >  36754 [ACK] Seq=146534 Ack=141 Win=65024 Len=1448 TSval=2916041117 TSecr=3045560892 [TCP segment of a reassembled PDU]"
"59556","37.037163024","192.168.1.55","192.168.1.2","TCP","1514","8004  >  36754 [ACK] Seq=147982 Ack=141 Win=65024 Len=1448 TSval=2916041117 TSecr=3045560892 [TCP segment of a reassembled PDU]"
"59557","37.037164117","192.168.1.55","192.168.1.2","TCP","1514","8004  >  36754 [ACK] Seq=149430 Ack=141 Win=65024 Len=1448 TSval=2916041117 TSecr=3045560892 [TCP segment of a reassembled PDU]"
"59558","37.037165302","192.168.1.55","192.168.1.2","TCP","1514","8004  >  36754 [ACK] Seq=150878 Ack=141 Win=65024 Len=1448 TSval=2916041117 TSecr=3045560892 [TCP segment of a reassembled PDU]"
"59559","37.037166895","192.168.1.55","192.168.1.2","TCP","1514","8004  >  36754 [ACK] Seq=152326 Ack=141 Win=65024 Len=1448 TSval=2916041117 TSecr=3045560892 [TCP segment of a reassembled PDU]"
"59560","37.037168006","192.168.1.55","192.168.1.2","TCP","1514","8004  >  36754 [ACK] Seq=153774 Ack=141 Win=65024 Len=1448 TSval=2916041117 TSecr=3045560892 [TCP segment of a reassembled PDU]"
"59561","37.037169413","192.168.1.55","192.168.1.2","TCP","1514","8004  >  36754 [ACK] Seq=155222 Ack=141 Win=65024 Len=1448 TSval=2916041117 TSecr=3045560892 [TCP segment of a reassembled PDU]"
"59562","37.037170561","192.168.1.55","192.168.1.2","TCP","1514","8004  >  36754 [ACK] Seq=156670 Ack=141 Win=65024 Len=1448 TSval=2916041117 TSecr=3045560892 [TCP segment of a reassembled PDU]"
"59563","37.037171784","192.168.1.55","192.168.1.2","TCP","1514","8004  >  36754 [ACK] Seq=158118 Ack=141 Win=65024 Len=1448 TSval=2916041117 TSecr=3045560892 [TCP segment of a reassembled PDU]"
"59564","37.037172858","192.168.1.55","192.168.1.2","TCP","1514","8004  >  36754 [ACK] Seq=159566 Ack=141 Win=65024 Len=1448 TSval=2916041117 TSecr=3045560892 [TCP segment of a reassembled PDU]"
"59565","37.037174006","192.168.1.55","192.168.1.2","TCP","1514","8004  >  36754 [PSH, ACK] Seq=161014 Ack=141 Win=65024 Len=1448 TSval=2916041117 TSecr=3045560892 [TCP segment of a reassembled PDU]"
"59566","37.037179784","192.168.1.55","192.168.1.2","TCP","1418","8004  >  36754 [ACK] Seq=162462 Ack=141 Win=65024 Len=1352 TSval=2916041117 TSecr=3045560892 [TCP segment of a reassembled PDU]"
"59567","37.037198210","192.168.1.55","192.168.1.2","TCP","1514","8004  >  36754 [ACK] Seq=163814 Ack=141 Win=65024 Len=1448 TSval=2916041117 TSecr=3045560892 [TCP segment of a reassembled PDU]"
"59568","37.037199747","192.168.1.55","192.168.1.2","TCP","1514","8004  >  36754 [ACK] Seq=165262 Ack=141 Win=65024 Len=1448 TSval=2916041117 TSecr=3045560892 [TCP segment of a reassembled PDU]"
"59569","37.037200858","192.168.1.55","192.168.1.2","TCP","1514","8004  >  36754 [ACK] Seq=166710 Ack=141 Win=65024 Len=1448 TSval=2916041117 TSecr=3045560892 [TCP segment of a reassembled PDU]"
"59570","37.037201969","192.168.1.55","192.168.1.2","TCP","1514","8004  >  36754 [ACK] Seq=168158 Ack=141 Win=65024 Len=1448 TSval=2916041117 TSecr=3045560892 [TCP segment of a reassembled PDU]"
"59571","37.037203154","192.168.1.55","192.168.1.2","TCP","1514","8004  >  36754 [ACK] Seq=169606 Ack=141 Win=65024 Len=1448 TSval=2916041117 TSecr=3045560892 [TCP segment of a reassembled PDU]"
"59572","37.037204302","192.168.1.55","192.168.1.2","TCP","1514","8004  >  36754 [ACK] Seq=171054 Ack=141 Win=65024 Len=1448 TSval=2916041117 TSecr=3045560892 [TCP segment of a reassembled PDU]"
"59573","37.037205413","192.168.1.55","192.168.1.2","TCP","1514","8004  >  36754 [ACK] Seq=172502 Ack=141 Win=65024 Len=1448 TSval=2916041117 TSecr=3045560892 [TCP segment of a reassembled PDU]"
"59574","37.037206543","192.168.1.55","192.168.1.2","TCP","1514","8004  >  36754 [ACK] Seq=173950 Ack=141 Win=65024 Len=1448 TSval=2916041117 TSecr=3045560892 [TCP segment of a reassembled PDU]"
"59575","37.037207673","192.168.1.55","192.168.1.2","TCP","1514","8004  >  36754 [ACK] Seq=175398 Ack=141 Win=65024 Len=1448 TSval=2916041117 TSecr=3045560892 [TCP segment of a reassembled PDU]"
"59576","37.037208876","192.168.1.55","192.168.1.2","TCP","1514","8004  >  36754 [ACK] Seq=176846 Ack=141 Win=65024 Len=1448 TSval=2916041117 TSecr=3045560892 [TCP segment of a reassembled PDU]"
"59577","37.037210080","192.168.1.55","192.168.1.2","TCP","1514","8004  >  36754 [ACK] Seq=178294 Ack=141 Win=65024 Len=1448 TSval=2916041117 TSecr=3045560892 [TCP segment of a reassembled PDU]"
"59578","37.037211543","192.168.1.55","192.168.1.2","TCP","1514","8004  >  36754 [ACK] Seq=179742 Ack=141 Win=65024 Len=1448 TSval=2916041117 TSecr=3045560892 [TCP segment of a reassembled PDU]"
"59579","37.037212784","192.168.1.55","192.168.1.2","TCP","1514","8004  >  36754 [PSH, ACK] Seq=181190 Ack=141 Win=65024 Len=1448 TSval=2916041117 TSecr=3045560892 [TCP segment of a reassembled PDU]"
"59580","37.043538553","192.168.1.2","192.168.1.55","TCP","66","36754  >  8004 [ACK] Seq=141 Ack=105894 Win=88064 Len=0 TSval=3045560897 TSecr=2916041117"
"59581","37.043564090","192.168.1.55","192.168.1.2","TCP","1514","8004  >  36754 [ACK] Seq=182638 Ack=141 Win=65024 Len=1448 TSval=2916041124 TSecr=3045560897 [TCP segment of a reassembled PDU]"
"59582","37.043572035","192.168.1.55","192.168.1.2","TCP","1514","8004  >  36754 [ACK] Seq=184086 Ack=141 Win=65024 Len=1448 TSval=2916041124 TSecr=3045560897 [TCP segment of a reassembled PDU]"
"59583","37.043573479","192.168.1.55","192.168.1.2","TCP","1514","8004  >  36754 [ACK] Seq=185534 Ack=141 Win=65024 Len=1448 TSval=2916041124 TSecr=3045560897 [TCP segment of a reassembled PDU]"
"59584","37.043574627","192.168.1.55","192.168.1.2","TCP","1514","8004  >  36754 [ACK] Seq=186982 Ack=141 Win=65024 Len=1448 TSval=2916041124 TSecr=3045560897 [TCP segment of a reassembled PDU]"
"59585","37.043575720","192.168.1.55","192.168.1.2","TCP","1514","8004  >  36754 [ACK] Seq=188430 Ack=141 Win=65024 Len=1448 TSval=2916041124 TSecr=3045560897 [TCP segment of a reassembled PDU]"
"59586","37.043576850","192.168.1.55","192.168.1.2","TCP","1514","8004  >  36754 [ACK] Seq=189878 Ack=141 Win=65024 Len=1448 TSval=2916041124 TSecr=3045560897 [TCP segment of a reassembled PDU]"
"59587","37.043577998","192.168.1.55","192.168.1.2","TCP","1514","8004  >  36754 [PSH, ACK] Seq=191326 Ack=141 Win=65024 Len=1448 TSval=2916041124 TSecr=3045560897 [TCP segment of a reassembled PDU]"
"59588","37.044593888","192.168.1.2","192.168.1.55","TCP","66","36754  >  8004 [ACK] Seq=141 Ack=120374 Win=94208 Len=0 TSval=3045560897 TSecr=2916041117"
"59589","37.044615036","192.168.1.55","192.168.1.2","TCP","1514","8004  >  36754 [ACK] Seq=192774 Ack=141 Win=65024 Len=1448 TSval=2916041125 TSecr=3045560897 [TCP segment of a reassembled PDU]"
"59590","37.044616796","192.168.1.55","192.168.1.2","TCP","1514","8004  >  36754 [ACK] Seq=194222 Ack=141 Win=65024 Len=1448 TSval=2916041125 TSecr=3045560897 [TCP segment of a reassembled PDU]"
"59591","37.044617999","192.168.1.55","192.168.1.2","TCP","1514","8004  >  36754 [ACK] Seq=195670 Ack=141 Win=65024 Len=1448 TSval=2916041125 TSecr=3045560897 [TCP segment of a reassembled PDU]"
"59592","37.044619185","192.168.1.55","192.168.1.2","TCP","1514","8004  >  36754 [ACK] Seq=197118 Ack=141 Win=65024 Len=1448 TSval=2916041125 TSecr=3045560897 [TCP segment of a reassembled PDU]"
"59593","37.044620370","192.168.1.55","192.168.1.2","TCP","1514","8004  >  36754 [ACK] Seq=198566 Ack=141 Win=65024 Len=1448 TSval=2916041125 TSecr=3045560897 [TCP segment of a reassembled PDU]"
"59594","37.044621536","192.168.1.55","192.168.1.2","TCP","1514","8004  >  36754 [ACK] Seq=200014 Ack=141 Win=65024 Len=1448 TSval=2916041125 TSecr=3045560897 [TCP segment of a reassembled PDU]"
"59595","37.044622722","192.168.1.55","192.168.1.2","TCP","1514","8004  >  36754 [ACK] Seq=201462 Ack=141 Win=65024 Len=1448 TSval=2916041125 TSecr=3045560897 [TCP segment of a reassembled PDU]"
"59596","37.044623851","192.168.1.55","192.168.1.2","TCP","1514","8004  >  36754 [ACK] Seq=202910 Ack=141 Win=65024 Len=1448 TSval=2916041125 TSecr=3045560897 [TCP segment of a reassembled PDU]"
"59597","37.044625018","192.168.1.55","192.168.1.2","TCP","1514","8004  >  36754 [ACK] Seq=204358 Ack=141 Win=65024 Len=1448 TSval=2916041125 TSecr=3045560897 [TCP segment of a reassembled PDU]"
"59598","37.044626185","192.168.1.55","192.168.1.2","TCP","1514","8004  >  36754 [ACK] Seq=205806 Ack=141 Win=65024 Len=1448 TSval=2916041125 TSecr=3045560897 [TCP segment of a reassembled PDU]"
"59599","37.044627296","192.168.1.55","192.168.1.2","TCP","1514","8004  >  36754 [ACK] Seq=207254 Ack=141 Win=65024 Len=1448 TSval=2916041125 TSecr=3045560897 [TCP segment of a reassembled PDU]"
"59600","37.044628481","192.168.1.55","192.168.1.2","TCP","1514","8004  >  36754 [PSH, ACK] Seq=208702 Ack=141 Win=65024 Len=1448 TSval=2916041125 TSecr=3045560897 [TCP segment of a reassembled PDU]"
"59601","37.044632536","192.168.1.2","192.168.1.55","TCP","66","36754  >  8004 [ACK] Seq=141 Ack=142190 Win=86016 Len=0 TSval=3045560898 TSecr=2916041117"
"59602","37.044640166","192.168.1.2","192.168.1.55","TCP","66","36754  >  8004 [ACK] Seq=141 Ack=162462 Win=102400 Len=0 TSval=3045560898 TSecr=2916041117"
"59603","37.044679425","192.168.1.55","192.168.1.2","TCP","1514","8004  >  36754 [ACK] Seq=210150 Ack=141 Win=65024 Len=1448 TSval=2916041125 TSecr=3045560898 [TCP segment of a reassembled PDU]"
"59604","37.044680851","192.168.1.55","192.168.1.2","TCP","1514","8004  >  36754 [ACK] Seq=211598 Ack=141 Win=65024 Len=1448 TSval=2916041125 TSecr=3045560898 [TCP segment of a reassembled PDU]"
"59605","37.044681962","192.168.1.55","192.168.1.2","TCP","1514","8004  >  36754 [ACK] Seq=213046 Ack=141 Win=65024 Len=1448 TSval=2916041125 TSecr=3045560898 [TCP segment of a reassembled PDU]"
"59606","37.044683370","192.168.1.55","192.168.1.2","TCP","1514","8004  >  36754 [ACK] Seq=214494 Ack=141 Win=65024 Len=1448 TSval=2916041125 TSecr=3045560898 [TCP segment of a reassembled PDU]"
"59607","37.044684611","192.168.1.55","192.168.1.2","TCP","1514","8004  >  36754 [ACK] Seq=215942 Ack=141 Win=65024 Len=1448 TSval=2916041125 TSecr=3045560898 [TCP segment of a reassembled PDU]"
"59608","37.044685722","192.168.1.55","192.168.1.2","TCP","1514","8004  >  36754 [ACK] Seq=217390 Ack=141 Win=65024 Len=1448 TSval=2916041125 TSecr=3045560898 [TCP segment of a reassembled PDU]"
"59609","37.044686814","192.168.1.55","192.168.1.2","TCP","1514","8004  >  36754 [ACK] Seq=218838 Ack=141 Win=65024 Len=1448 TSval=2916041125 TSecr=3045560898 [TCP segment of a reassembled PDU]"
"59610","37.044687981","192.168.1.55","192.168.1.2","TCP","1514","8004  >  36754 [ACK] Seq=220286 Ack=141 Win=65024 Len=1448 TSval=2916041125 TSecr=3045560898 [TCP segment of a reassembled PDU]"
"59611","37.044689129","192.168.1.55","192.168.1.2","TCP","1514","8004  >  36754 [ACK] Seq=221734 Ack=141 Win=65024 Len=1448 TSval=2916041125 TSecr=3045560898 [TCP segment of a reassembled PDU]"
"59612","37.044690333","192.168.1.55","192.168.1.2","TCP","1514","8004  >  36754 [ACK] Seq=223182 Ack=141 Win=65024 Len=1448 TSval=2916041125 TSecr=3045560898 [TCP segment of a reassembled PDU]"
"59613","37.044691462","192.168.1.55","192.168.1.2","TCP","1514","8004  >  36754 [ACK] Seq=224630 Ack=141 Win=65024 Len=1448 TSval=2916041125 TSecr=3045560898 [TCP segment of a reassembled PDU]"
"59614","37.044693055","192.168.1.55","192.168.1.2","TCP","1514","8004  >  36754 [ACK] Seq=226078 Ack=141 Win=65024 Len=1448 TSval=2916041125 TSecr=3045560898 [TCP segment of a reassembled PDU]"
"59615","37.044694296","192.168.1.55","192.168.1.2","TCP","1514","8004  >  36754 [ACK] Seq=227526 Ack=141 Win=65024 Len=1448 TSval=2916041125 TSecr=3045560898 [TCP segment of a reassembled PDU]"
"59616","37.044695481","192.168.1.55","192.168.1.2","TCP","1514","8004  >  36754 [ACK] Seq=228974 Ack=141 Win=65024 Len=1448 TSval=2916041125 TSecr=3045560898 [TCP segment of a reassembled PDU]"
"59617","37.044696666","192.168.1.55","192.168.1.2","TCP","1514","8004  >  36754 [ACK] Seq=230422 Ack=141 Win=65024 Len=1448 TSval=2916041125 TSecr=3045560898 [TCP segment of a reassembled PDU]"
"59618","37.044697796","192.168.1.55","192.168.1.2","TCP","1514","8004  >  36754 [ACK] Seq=231870 Ack=141 Win=65024 Len=1448 TSval=2916041125 TSecr=3045560898 [TCP segment of a reassembled PDU]"
"59619","37.044699092","192.168.1.55","192.168.1.2","TCP","1514","8004  >  36754 [ACK] Seq=233318 Ack=141 Win=65024 Len=1448 TSval=2916041125 TSecr=3045560898 [TCP segment of a reassembled PDU]"
"59620","37.044700296","192.168.1.55","192.168.1.2","TCP","1514","8004  >  36754 [ACK] Seq=234766 Ack=141 Win=65024 Len=1448 TSval=2916041125 TSecr=3045560898 [TCP segment of a reassembled PDU]"
"59621","37.044701388","192.168.1.55","192.168.1.2","TCP","1514","8004  >  36754 [ACK] Seq=236214 Ack=141 Win=65024 Len=1448 TSval=2916041125 TSecr=3045560898 [TCP segment of a reassembled PDU]"
"59622","37.044702518","192.168.1.55","192.168.1.2","TCP","1514","8004  >  36754 [ACK] Seq=237662 Ack=141 Win=65024 Len=1448 TSval=2916041125 TSecr=3045560898 [TCP segment of a reassembled PDU]"
"59623","37.044703722","192.168.1.55","192.168.1.2","TCP","1514","8004  >  36754 [ACK] Seq=239110 Ack=141 Win=65024 Len=1448 TSval=2916041125 TSecr=3045560898 [TCP segment of a reassembled PDU]"
"59624","37.044704888","192.168.1.55","192.168.1.2","TCP","1514","8004  >  36754 [ACK] Seq=240558 Ack=141 Win=65024 Len=1448 TSval=2916041125 TSecr=3045560898 [TCP segment of a reassembled PDU]"
"59625","37.044706203","192.168.1.55","192.168.1.2","TCP","1514","8004  >  36754 [ACK] Seq=242006 Ack=141 Win=65024 Len=1448 TSval=2916041125 TSecr=3045560898 [TCP segment of a reassembled PDU]"
"59626","37.044707870","192.168.1.55","192.168.1.2","TCP","1514","8004  >  36754 [ACK] Seq=243454 Ack=141 Win=65024 Len=1448 TSval=2916041125 TSecr=3045560898 [TCP segment of a reassembled PDU]"
"59627","37.044709074","192.168.1.55","192.168.1.2","TCP","1514","8004  >  36754 [ACK] Seq=244902 Ack=141 Win=65024 Len=1448 TSval=2916041125 TSecr=3045560898 [TCP segment of a reassembled PDU]"
"59628","37.044710259","192.168.1.55","192.168.1.2","TCP","1514","8004  >  36754 [ACK] Seq=246350 Ack=141 Win=65024 Len=1448 TSval=2916041125 TSecr=3045560898 [TCP segment of a reassembled PDU]"
"59629","37.044711555","192.168.1.55","192.168.1.2","TCP","1514","8004  >  36754 [ACK] Seq=247798 Ack=141 Win=65024 Len=1448 TSval=2916041125 TSecr=3045560898 [TCP segment of a reassembled PDU]"
"59630","37.044712703","192.168.1.55","192.168.1.2","TCP","1514","8004  >  36754 [ACK] Seq=249246 Ack=141 Win=65024 Len=1448 TSval=2916041125 TSecr=3045560898 [TCP segment of a reassembled PDU]"
"59631","37.044713796","192.168.1.55","192.168.1.2","TCP","1514","8004  >  36754 [ACK] Seq=250694 Ack=141 Win=65024 Len=1448 TSval=2916041125 TSecr=3045560898 [TCP segment of a reassembled PDU]"
"59632","37.044714944","192.168.1.55","192.168.1.2","TCP","1514","8004  >  36754 [ACK] Seq=252142 Ack=141 Win=65024 Len=1448 TSval=2916041125 TSecr=3045560898 [TCP segment of a reassembled PDU]"
"59633","37.044716203","192.168.1.55","192.168.1.2","TCP","1514","8004  >  36754 [ACK] Seq=253590 Ack=141 Win=65024 Len=1448 TSval=2916041125 TSecr=3045560898 [TCP segment of a reassembled PDU]"
"59634","37.044717277","192.168.1.55","192.168.1.2","TCP","1514","8004  >  36754 [PSH, ACK] Seq=255038 Ack=141 Win=65024 Len=1448 TSval=2916041125 TSecr=3045560898 [TCP segment of a reassembled PDU]"
"59635","37.044721407","192.168.1.2","192.168.1.55","TCP","66","36754  >  8004 [ACK] Seq=141 Ack=163814 Win=105472 Len=0 TSval=3045560898 TSecr=2916041117"
"59636","37.044775796","192.168.1.2","192.168.1.55","TCP","66","36754  >  8004 [ACK] Seq=141 Ack=176846 Win=105472 Len=0 TSval=3045560898 TSecr=2916041117"
"59637","37.044782370","192.168.1.2","192.168.1.55","TCP","66","36754  >  8004 [ACK] Seq=141 Ack=182638 Win=112640 Len=0 TSval=3045560898 TSecr=2916041117"
"59638","37.044816852","192.168.1.55","192.168.1.2","TCP","1514","8004  >  36754 [ACK] Seq=256486 Ack=141 Win=65024 Len=1448 TSval=2916041125 TSecr=3045560898 [TCP segment of a reassembled PDU]"
"59639","37.044818963","192.168.1.55","192.168.1.2","TCP","1514","8004  >  36754 [ACK] Seq=257934 Ack=141 Win=65024 Len=1448 TSval=2916041125 TSecr=3045560898 [TCP segment of a reassembled PDU]"
"59640","37.044820185","192.168.1.55","192.168.1.2","TCP","1514","8004  >  36754 [ACK] Seq=259382 Ack=141 Win=65024 Len=1448 TSval=2916041125 TSecr=3045560898 [TCP segment of a reassembled PDU]"
"59641","37.044821296","192.168.1.55","192.168.1.2","TCP","1514","8004  >  36754 [ACK] Seq=260830 Ack=141 Win=65024 Len=1448 TSval=2916041125 TSecr=3045560898 [TCP segment of a reassembled PDU]"
"59642","37.044822426","192.168.1.55","192.168.1.2","TCP","1514","8004  >  36754 [ACK] Seq=262278 Ack=141 Win=65024 Len=1448 TSval=2916041125 TSecr=3045560898 [TCP segment of a reassembled PDU]"
"59643","37.044823666","192.168.1.55","192.168.1.2","TCP","1514","8004  >  36754 [ACK] Seq=263726 Ack=141 Win=65024 Len=1448 TSval=2916041125 TSecr=3045560898 [TCP segment of a reassembled PDU]"
"59644","37.044824740","192.168.1.55","192.168.1.2","TCP","1514","8004  >  36754 [ACK] Seq=265174 Ack=141 Win=65024 Len=1448 TSval=2916041125 TSecr=3045560898 [TCP segment of a reassembled PDU]"
"59645","37.044826463","192.168.1.55","192.168.1.2","TCP","1514","8004  >  36754 [ACK] Seq=266622 Ack=141 Win=65024 Len=1448 TSval=2916041125 TSecr=3045560898 [TCP segment of a reassembled PDU]"
"59646","37.044827629","192.168.1.55","192.168.1.2","TCP","1514","8004  >  36754 [ACK] Seq=268070 Ack=141 Win=65024 Len=1448 TSval=2916041125 TSecr=3045560898 [TCP segment of a reassembled PDU]"
"59647","37.044828722","192.168.1.55","192.168.1.2","TCP","1514","8004  >  36754 [ACK] Seq=269518 Ack=141 Win=65024 Len=1448 TSval=2916041125 TSecr=3045560898 [TCP segment of a reassembled PDU]"
"59648","37.044830018","192.168.1.55","192.168.1.2","TCP","1514","8004  >  36754 [ACK] Seq=270966 Ack=141 Win=65024 Len=1448 TSval=2916041125 TSecr=3045560898 [TCP segment of a reassembled PDU]"
"59649","37.044831129","192.168.1.55","192.168.1.2","TCP","1514","8004  >  36754 [ACK] Seq=272414 Ack=141 Win=65024 Len=1448 TSval=2916041125 TSecr=3045560898 [TCP segment of a reassembled PDU]"
"59650","37.044832296","192.168.1.55","192.168.1.2","TCP","1514","8004  >  36754 [ACK] Seq=273862 Ack=141 Win=65024 Len=1448 TSval=2916041125 TSecr=3045560898 [TCP segment of a reassembled PDU]"
"59651","37.044833555","192.168.1.55","192.168.1.2","TCP","1514","8004  >  36754 [ACK] Seq=275310 Ack=141 Win=65024 Len=1448 TSval=2916041125 TSecr=3045560898 [TCP segment of a reassembled PDU]"
"59652","37.044834629","192.168.1.55","192.168.1.2","TCP","1514","8004  >  36754 [ACK] Seq=276758 Ack=141 Win=65024 Len=1448 TSval=2916041125 TSecr=3045560898 [TCP segment of a reassembled PDU]"
"59653","37.044835815","192.168.1.55","192.168.1.2","TCP","1514","8004  >  36754 [ACK] Seq=278206 Ack=141 Win=65024 Len=1448 TSval=2916041125 TSecr=3045560898 [TCP segment of a reassembled PDU]"
"59654","37.044836889","192.168.1.55","192.168.1.2","TCP","1514","8004  >  36754 [ACK] Seq=279654 Ack=141 Win=65024 Len=1448 TSval=2916041125 TSecr=3045560898 [TCP segment of a reassembled PDU]"
"59655","37.044838074","192.168.1.55","192.168.1.2","TCP","1514","8004  >  36754 [ACK] Seq=281102 Ack=141 Win=65024 Len=1448 TSval=2916041125 TSecr=3045560898 [TCP segment of a reassembled PDU]"
"59656","37.044839296","192.168.1.55","192.168.1.2","TCP","1514","8004  >  36754 [ACK] Seq=282550 Ack=141 Win=65024 Len=1448 TSval=2916041125 TSecr=3045560898 [TCP segment of a reassembled PDU]"
"59657","37.044840370","192.168.1.55","192.168.1.2","TCP","1514","8004  >  36754 [ACK] Seq=283998 Ack=141 Win=65024 Len=1448 TSval=2916041125 TSecr=3045560898 [TCP segment of a reassembled PDU]"
"59658","37.044841648","192.168.1.55","192.168.1.2","TCP","1514","8004  >  36754 [ACK] Seq=285446 Ack=141 Win=65024 Len=1448 TSval=2916041125 TSecr=3045560898 [TCP segment of a reassembled PDU]"
"59659","37.044842778","192.168.1.55","192.168.1.2","TCP","1514","8004  >  36754 [ACK] Seq=286894 Ack=141 Win=65024 Len=1448 TSval=2916041125 TSecr=3045560898 [TCP segment of a reassembled PDU]"
"59660","37.044844000","192.168.1.55","192.168.1.2","TCP","1514","8004  >  36754 [ACK] Seq=288342 Ack=141 Win=65024 Len=1448 TSval=2916041125 TSecr=3045560898 [TCP segment of a reassembled PDU]"
"59661","37.044845166","192.168.1.55","192.168.1.2","TCP","1514","8004  >  36754 [ACK] Seq=289790 Ack=141 Win=65024 Len=1448 TSval=2916041125 TSecr=3045560898 [TCP segment of a reassembled PDU]"
"59662","37.044846203","192.168.1.55","192.168.1.2","TCP","1514","8004  >  36754 [ACK] Seq=291238 Ack=141 Win=65024 Len=1448 TSval=2916041125 TSecr=3045560898 [TCP segment of a reassembled PDU]"
"59663","37.044847333","192.168.1.55","192.168.1.2","TCP","1514","8004  >  36754 [ACK] Seq=292686 Ack=141 Win=65024 Len=1448 TSval=2916041125 TSecr=3045560898 [TCP segment of a reassembled PDU]"
"59664","37.044848648","192.168.1.55","192.168.1.2","TCP","1210","[TCP Window Full] 8004  >  36754 [PSH, ACK] Seq=294134 Ack=141 Win=65024 Len=1144 TSval=2916041125 TSecr=3045560898 [TCP segment of a reassembled PDU]"
"59665","37.053334402","192.168.1.2","192.168.1.55","TCP","66","36754  >  8004 [ACK] Seq=141 Ack=192774 Win=110592 Len=0 TSval=3045560901 TSecr=2916041124"
"59666","37.053374032","192.168.1.55","192.168.1.2","TCP","1514","8004  >  36754 [ACK] Seq=295278 Ack=141 Win=65024 Len=1448 TSval=2916041134 TSecr=3045560901 [TCP segment of a reassembled PDU]"
"59667","37.053379069","192.168.1.55","192.168.1.2","TCP","1514","8004  >  36754 [ACK] Seq=296726 Ack=141 Win=65024 Len=1448 TSval=2916041134 TSecr=3045560901 [TCP segment of a reassembled PDU]"
"59668","37.053380328","192.168.1.55","192.168.1.2","TCP","1514","8004  >  36754 [ACK] Seq=298174 Ack=141 Win=65024 Len=1448 TSval=2916041134 TSecr=3045560901 [TCP segment of a reassembled PDU]"
"59669","37.053381699","192.168.1.55","192.168.1.2","TCP","1514","8004  >  36754 [ACK] Seq=299622 Ack=141 Win=65024 Len=1448 TSval=2916041134 TSecr=3045560901 [TCP segment of a reassembled PDU]"
"59670","37.053383051","192.168.1.55","192.168.1.2","TCP","1514","8004  >  36754 [PSH, ACK] Seq=301070 Ack=141 Win=65024 Len=1448 TSval=2916041134 TSecr=3045560901 [TCP segment of a reassembled PDU]"
"59671","37.053390199","192.168.1.55","192.168.1.2","TCP","370","8004  >  36754 [ACK] Seq=302518 Ack=141 Win=65024 Len=304 TSval=2916041134 TSecr=3045560901 [TCP segment of a reassembled PDU]"
"59672","37.053446125","192.168.1.2","192.168.1.55","TCP","66","36754  >  8004 [ACK] Seq=141 Ack=210150 Win=112640 Len=0 TSval=3045560907 TSecr=2916041125"
"59673","37.053455625","192.168.1.2","192.168.1.55","TCP","66","36754  >  8004 [ACK] Seq=141 Ack=223182 Win=128000 Len=0 TSval=3045560907 TSecr=2916041125"
"59674","37.053496180","192.168.1.55","192.168.1.2","TCP","1514","8004  >  36754 [ACK] Seq=302822 Ack=141 Win=65024 Len=1448 TSval=2916041134 TSecr=3045560907 [TCP segment of a reassembled PDU]"
"59675","37.053498125","192.168.1.55","192.168.1.2","TCP","1514","8004  >  36754 [ACK] Seq=304270 Ack=141 Win=65024 Len=1448 TSval=2916041134 TSecr=3045560907 [TCP segment of a reassembled PDU]"
"59676","37.053499347","192.168.1.55","192.168.1.2","TCP","1514","8004  >  36754 [ACK] Seq=305718 Ack=141 Win=65024 Len=1448 TSval=2916041134 TSecr=3045560907 [TCP segment of a reassembled PDU]"
"59677","37.053500551","192.168.1.55","192.168.1.2","TCP","1514","8004  >  36754 [ACK] Seq=307166 Ack=141 Win=65024 Len=1448 TSval=2916041134 TSecr=3045560907 [TCP segment of a reassembled PDU]"
"59678","37.053501958","192.168.1.55","192.168.1.2","TCP","1514","8004  >  36754 [ACK] Seq=308614 Ack=141 Win=65024 Len=1448 TSval=2916041134 TSecr=3045560907 [TCP segment of a reassembled PDU]"
"59679","37.053503162","192.168.1.55","192.168.1.2","TCP","1514","8004  >  36754 [ACK] Seq=310062 Ack=141 Win=65024 Len=1448 TSval=2916041134 TSecr=3045560907 [TCP segment of a reassembled PDU]"
"59680","37.053504458","192.168.1.55","192.168.1.2","TCP","1514","8004  >  36754 [ACK] Seq=311510 Ack=141 Win=65024 Len=1448 TSval=2916041134 TSecr=3045560907 [TCP segment of a reassembled PDU]"
"59681","37.053505699","192.168.1.55","192.168.1.2","TCP","1514","8004  >  36754 [ACK] Seq=312958 Ack=141 Win=65024 Len=1448 TSval=2916041134 TSecr=3045560907 [TCP segment of a reassembled PDU]"
"59682","37.053507014","192.168.1.55","192.168.1.2","TCP","1514","8004  >  36754 [ACK] Seq=314406 Ack=141 Win=65024 Len=1448 TSval=2916041134 TSecr=3045560907 [TCP segment of a reassembled PDU]"
"59683","37.053508292","192.168.1.55","192.168.1.2","TCP","1514","8004  >  36754 [ACK] Seq=315854 Ack=141 Win=65024 Len=1448 TSval=2916041134 TSecr=3045560907 [TCP segment of a reassembled PDU]"
"59684","37.053509551","192.168.1.55","192.168.1.2","TCP","1514","8004  >  36754 [ACK] Seq=317302 Ack=141 Win=65024 Len=1448 TSval=2916041134 TSecr=3045560907 [TCP segment of a reassembled PDU]"
"59685","37.053510884","192.168.1.55","192.168.1.2","TCP","1514","8004  >  36754 [ACK] Seq=318750 Ack=141 Win=65024 Len=1448 TSval=2916041134 TSecr=3045560907 [TCP segment of a reassembled PDU]"
"59686","37.053512199","192.168.1.55","192.168.1.2","TCP","1514","8004  >  36754 [ACK] Seq=320198 Ack=141 Win=65024 Len=1448 TSval=2916041134 TSecr=3045560907 [TCP segment of a reassembled PDU]"
"59687","37.053513403","192.168.1.55","192.168.1.2","TCP","1514","8004  >  36754 [ACK] Seq=321646 Ack=141 Win=65024 Len=1448 TSval=2916041134 TSecr=3045560907 [TCP segment of a reassembled PDU]"
"59688","37.053514643","192.168.1.55","192.168.1.2","TCP","1514","8004  >  36754 [ACK] Seq=323094 Ack=141 Win=65024 Len=1448 TSval=2916041134 TSecr=3045560907 [TCP segment of a reassembled PDU]"
"59689","37.053515847","192.168.1.55","192.168.1.2","TCP","1514","8004  >  36754 [ACK] Seq=324542 Ack=141 Win=65024 Len=1448 TSval=2916041134 TSecr=3045560907 [TCP segment of a reassembled PDU]"
"59690","37.053517180","192.168.1.55","192.168.1.2","TCP","1514","8004  >  36754 [ACK] Seq=325990 Ack=141 Win=65024 Len=1448 TSval=2916041134 TSecr=3045560907 [TCP segment of a reassembled PDU]"
"59691","37.053518477","192.168.1.55","192.168.1.2","TCP","1514","8004  >  36754 [ACK] Seq=327438 Ack=141 Win=65024 Len=1448 TSval=2916041134 TSecr=3045560907 [TCP segment of a reassembled PDU]"
"59692","37.053519847","192.168.1.55","192.168.1.2","TCP","1514","8004  >  36754 [ACK] Seq=328886 Ack=141 Win=65024 Len=1448 TSval=2916041134 TSecr=3045560907 [TCP segment of a reassembled PDU]"
"59693","37.053521236","192.168.1.55","192.168.1.2","TCP","1514","8004  >  36754 [ACK] Seq=330334 Ack=141 Win=65024 Len=1448 TSval=2916041134 TSecr=3045560907 [TCP segment of a reassembled PDU]"
"59694","37.053522699","192.168.1.55","192.168.1.2","TCP","1514","8004  >  36754 [ACK] Seq=331782 Ack=141 Win=65024 Len=1448 TSval=2916041134 TSecr=3045560907 [TCP segment of a reassembled PDU]"
"59695","37.053524051","192.168.1.55","192.168.1.2","TCP","1514","8004  >  36754 [ACK] Seq=333230 Ack=141 Win=65024 Len=1448 TSval=2916041134 TSecr=3045560907 [TCP segment of a reassembled PDU]"
"59696","37.053525403","192.168.1.55","192.168.1.2","TCP","1514","8004  >  36754 [ACK] Seq=334678 Ack=141 Win=65024 Len=1448 TSval=2916041134 TSecr=3045560907 [TCP segment of a reassembled PDU]"
"59697","37.053526588","192.168.1.55","192.168.1.2","TCP","1514","8004  >  36754 [ACK] Seq=336126 Ack=141 Win=65024 Len=1448 TSval=2916041134 TSecr=3045560907 [TCP segment of a reassembled PDU]"
"59698","37.053527940","192.168.1.55","192.168.1.2","TCP","1514","8004  >  36754 [ACK] Seq=337574 Ack=141 Win=65024 Len=1448 TSval=2916041134 TSecr=3045560907 [TCP segment of a reassembled PDU]"
"59699","37.053529236","192.168.1.55","192.168.1.2","TCP","1514","8004  >  36754 [ACK] Seq=339022 Ack=141 Win=65024 Len=1448 TSval=2916041134 TSecr=3045560907 [TCP segment of a reassembled PDU]"
"59700","37.053530440","192.168.1.55","192.168.1.2","TCP","1514","8004  >  36754 [ACK] Seq=340470 Ack=141 Win=65024 Len=1448 TSval=2916041134 TSecr=3045560907 [TCP segment of a reassembled PDU]"
"59701","37.053531717","192.168.1.55","192.168.1.2","TCP","1514","8004  >  36754 [ACK] Seq=341918 Ack=141 Win=65024 Len=1448 TSval=2916041134 TSecr=3045560907 [TCP segment of a reassembled PDU]"
"59702","37.053533014","192.168.1.55","192.168.1.2","TCP","1514","8004  >  36754 [ACK] Seq=343366 Ack=141 Win=65024 Len=1448 TSval=2916041134 TSecr=3045560907 [TCP segment of a reassembled PDU]"
"59703","37.053534273","192.168.1.55","192.168.1.2","TCP","1514","8004  >  36754 [ACK] Seq=344814 Ack=141 Win=65024 Len=1448 TSval=2916041134 TSecr=3045560907 [TCP segment of a reassembled PDU]"
"59704","37.053535477","192.168.1.55","192.168.1.2","TCP","1514","8004  >  36754 [ACK] Seq=346262 Ack=141 Win=65024 Len=1448 TSval=2916041134 TSecr=3045560907 [TCP segment of a reassembled PDU]"
"59705","37.053536699","192.168.1.55","192.168.1.2","TCP","1514","8004  >  36754 [PSH, ACK] Seq=347710 Ack=141 Win=65024 Len=1448 TSval=2916041134 TSecr=3045560907 [TCP segment of a reassembled PDU]"
"59706","37.057283112","192.168.1.2","192.168.1.55","TCP","66","36754  >  8004 [ACK] Seq=141 Ack=256486 Win=126976 Len=0 TSval=3045560908 TSecr=2916041125"
"59707","37.057330742","192.168.1.55","192.168.1.2","TCP","1514","8004  >  36754 [ACK] Seq=349158 Ack=141 Win=65024 Len=1448 TSval=2916041138 TSecr=3045560908 [TCP segment of a reassembled PDU]"
"59708","37.057333501","192.168.1.55","192.168.1.2","TCP","1514","8004  >  36754 [ACK] Seq=350606 Ack=141 Win=65024 Len=1448 TSval=2916041138 TSecr=3045560908 [TCP segment of a reassembled PDU]"
"59709","37.057334557","192.168.1.55","192.168.1.2","TCP","1514","8004  >  36754 [ACK] Seq=352054 Ack=141 Win=65024 Len=1448 TSval=2916041138 TSecr=3045560908 [TCP segment of a reassembled PDU]"
"59710","37.057335594","192.168.1.55","192.168.1.2","TCP","1514","8004  >  36754 [ACK] Seq=353502 Ack=141 Win=65024 Len=1448 TSval=2916041138 TSecr=3045560908 [TCP segment of a reassembled PDU]"
"59711","37.057336575","192.168.1.55","192.168.1.2","TCP","1514","8004  >  36754 [ACK] Seq=354950 Ack=141 Win=65024 Len=1448 TSval=2916041138 TSecr=3045560908 [TCP segment of a reassembled PDU]"
"59712","37.057337575","192.168.1.55","192.168.1.2","TCP","1514","8004  >  36754 [ACK] Seq=356398 Ack=141 Win=65024 Len=1448 TSval=2916041138 TSecr=3045560908 [TCP segment of a reassembled PDU]"
"59713","37.057338501","192.168.1.55","192.168.1.2","TCP","1514","8004  >  36754 [ACK] Seq=357846 Ack=141 Win=65024 Len=1448 TSval=2916041138 TSecr=3045560908 [TCP segment of a reassembled PDU]"
"59714","37.057339687","192.168.1.55","192.168.1.2","TCP","1514","8004  >  36754 [ACK] Seq=359294 Ack=141 Win=65024 Len=1448 TSval=2916041138 TSecr=3045560908 [TCP segment of a reassembled PDU]"
"59715","37.057340853","192.168.1.55","192.168.1.2","TCP","1514","8004  >  36754 [ACK] Seq=360742 Ack=141 Win=65024 Len=1448 TSval=2916041138 TSecr=3045560908 [TCP segment of a reassembled PDU]"
"59716","37.057341853","192.168.1.55","192.168.1.2","TCP","1514","8004  >  36754 [ACK] Seq=362190 Ack=141 Win=65024 Len=1448 TSval=2916041138 TSecr=3045560908 [TCP segment of a reassembled PDU]"
"59717","37.057342946","192.168.1.55","192.168.1.2","TCP","1514","8004  >  36754 [ACK] Seq=363638 Ack=141 Win=65024 Len=1448 TSval=2916041138 TSecr=3045560908 [TCP segment of a reassembled PDU]"
"59718","37.057343872","192.168.1.55","192.168.1.2","TCP","1514","8004  >  36754 [ACK] Seq=365086 Ack=141 Win=65024 Len=1448 TSval=2916041138 TSecr=3045560908 [TCP segment of a reassembled PDU]"
"59719","37.057344853","192.168.1.55","192.168.1.2","TCP","1514","8004  >  36754 [ACK] Seq=366534 Ack=141 Win=65024 Len=1448 TSval=2916041138 TSecr=3045560908 [TCP segment of a reassembled PDU]"
"59720","37.057345779","192.168.1.55","192.168.1.2","TCP","1514","8004  >  36754 [ACK] Seq=367982 Ack=141 Win=65024 Len=1448 TSval=2916041138 TSecr=3045560908 [TCP segment of a reassembled PDU]"
"59721","37.057346761","192.168.1.55","192.168.1.2","TCP","1514","8004  >  36754 [ACK] Seq=369430 Ack=141 Win=65024 Len=1448 TSval=2916041138 TSecr=3045560908 [TCP segment of a reassembled PDU]"
"59722","37.057347798","192.168.1.55","192.168.1.2","TCP","1514","8004  >  36754 [ACK] Seq=370878 Ack=141 Win=65024 Len=1448 TSval=2916041138 TSecr=3045560908 [TCP segment of a reassembled PDU]"
"59723","37.057348724","192.168.1.55","192.168.1.2","TCP","1514","8004  >  36754 [ACK] Seq=372326 Ack=141 Win=65024 Len=1448 TSval=2916041138 TSecr=3045560908 [TCP segment of a reassembled PDU]"
"59724","37.057349724","192.168.1.55","192.168.1.2","TCP","1514","8004  >  36754 [ACK] Seq=373774 Ack=141 Win=65024 Len=1448 TSval=2916041138 TSecr=3045560908 [TCP segment of a reassembled PDU]"
"59725","37.057350761","192.168.1.55","192.168.1.2","TCP","1514","8004  >  36754 [ACK] Seq=375222 Ack=141 Win=65024 Len=1448 TSval=2916041138 TSecr=3045560908 [TCP segment of a reassembled PDU]"
"59726","37.057351668","192.168.1.55","192.168.1.2","TCP","1514","8004  >  36754 [ACK] Seq=376670 Ack=141 Win=65024 Len=1448 TSval=2916041138 TSecr=3045560908 [TCP segment of a reassembled PDU]"
"59727","37.057352650","192.168.1.55","192.168.1.2","TCP","1514","8004  >  36754 [ACK] Seq=378118 Ack=141 Win=65024 Len=1448 TSval=2916041138 TSecr=3045560908 [TCP segment of a reassembled PDU]"
"59728","37.057353575","192.168.1.55","192.168.1.2","TCP","1514","8004  >  36754 [ACK] Seq=379566 Ack=141 Win=65024 Len=1448 TSval=2916041138 TSecr=3045560908 [TCP segment of a reassembled PDU]"
"59729","37.057354575","192.168.1.55","192.168.1.2","TCP","1514","8004  >  36754 [PSH, ACK] Seq=381014 Ack=141 Win=65024 Len=1448 TSval=2916041138 TSecr=3045560908 [TCP segment of a reassembled PDU]"
"59730","37.057405927","192.168.1.2","192.168.1.55","TCP","66","36754  >  8004 [ACK] Seq=141 Ack=288342 Win=126976 Len=0 TSval=3045560908 TSecr=2916041125"
"59731","37.057421946","192.168.1.55","192.168.1.2","TCP","1514","8004  >  36754 [ACK] Seq=382462 Ack=141 Win=65024 Len=1448 TSval=2916041138 TSecr=3045560908 [TCP segment of a reassembled PDU]"
"59732","37.057423316","192.168.1.55","192.168.1.2","TCP","1514","8004  >  36754 [ACK] Seq=383910 Ack=141 Win=65024 Len=1448 TSval=2916041138 TSecr=3045560908 [TCP segment of a reassembled PDU]"
"59733","37.057424298","192.168.1.55","192.168.1.2","TCP","1514","8004  >  36754 [ACK] Seq=385358 Ack=141 Win=65024 Len=1448 TSval=2916041138 TSecr=3045560908 [TCP segment of a reassembled PDU]"
"59734","37.057425187","192.168.1.55","192.168.1.2","TCP","1514","8004  >  36754 [ACK] Seq=386806 Ack=141 Win=65024 Len=1448 TSval=2916041138 TSecr=3045560908 [TCP segment of a reassembled PDU]"
"59735","37.057426094","192.168.1.55","192.168.1.2","TCP","1514","8004  >  36754 [ACK] Seq=388254 Ack=141 Win=65024 Len=1448 TSval=2916041138 TSecr=3045560908 [TCP segment of a reassembled PDU]"
"59736","37.057427113","192.168.1.55","192.168.1.2","TCP","1514","8004  >  36754 [ACK] Seq=389702 Ack=141 Win=65024 Len=1448 TSval=2916041138 TSecr=3045560908 [TCP segment of a reassembled PDU]"
"59737","37.057428002","192.168.1.55","192.168.1.2","TCP","1514","8004  >  36754 [ACK] Seq=391150 Ack=141 Win=65024 Len=1448 TSval=2916041138 TSecr=3045560908 [TCP segment of a reassembled PDU]"
"59738","37.057429002","192.168.1.55","192.168.1.2","TCP","1514","8004  >  36754 [ACK] Seq=392598 Ack=141 Win=65024 Len=1448 TSval=2916041138 TSecr=3045560908 [TCP segment of a reassembled PDU]"
"59739","37.057429890","192.168.1.55","192.168.1.2","TCP","1514","8004  >  36754 [PSH, ACK] Seq=394046 Ack=141 Win=65024 Len=1448 TSval=2916041138 TSecr=3045560908 [TCP segment of a reassembled PDU]"
"59740","37.057433076","192.168.1.2","192.168.1.55","TCP","66","36754  >  8004 [ACK] Seq=141 Ack=295278 Win=142336 Len=0 TSval=3045560909 TSecr=2916041125"
"59741","37.057469557","192.168.1.55","192.168.1.2","TCP","1514","8004  >  36754 [ACK] Seq=395494 Ack=141 Win=65024 Len=1448 TSval=2916041138 TSecr=3045560909 [TCP segment of a reassembled PDU]"
"59742","37.057471113","192.168.1.55","192.168.1.2","TCP","1514","8004  >  36754 [ACK] Seq=396942 Ack=141 Win=65024 Len=1448 TSval=2916041138 TSecr=3045560909 [TCP segment of a reassembled PDU]"
"59743","37.057472094","192.168.1.55","192.168.1.2","TCP","1514","8004  >  36754 [ACK] Seq=398390 Ack=141 Win=65024 Len=1448 TSval=2916041138 TSecr=3045560909 [TCP segment of a reassembled PDU]"
"59744","37.057473057","192.168.1.55","192.168.1.2","TCP","1514","8004  >  36754 [ACK] Seq=399838 Ack=141 Win=65024 Len=1448 TSval=2916041138 TSecr=3045560909 [TCP segment of a reassembled PDU]"
"59745","37.057474076","192.168.1.55","192.168.1.2","TCP","1514","8004  >  36754 [ACK] Seq=401286 Ack=141 Win=65024 Len=1448 TSval=2916041138 TSecr=3045560909 [TCP segment of a reassembled PDU]"
"59746","37.057475094","192.168.1.55","192.168.1.2","TCP","1514","8004  >  36754 [ACK] Seq=402734 Ack=141 Win=65024 Len=1448 TSval=2916041138 TSecr=3045560909 [TCP segment of a reassembled PDU]"
"59747","37.057476113","192.168.1.55","192.168.1.2","TCP","1514","8004  >  36754 [ACK] Seq=404182 Ack=141 Win=65024 Len=1448 TSval=2916041138 TSecr=3045560909 [TCP segment of a reassembled PDU]"
"59748","37.057477131","192.168.1.55","192.168.1.2","TCP","1514","8004  >  36754 [ACK] Seq=405630 Ack=141 Win=65024 Len=1448 TSval=2916041138 TSecr=3045560909 [TCP segment of a reassembled PDU]"
"59749","37.057478113","192.168.1.55","192.168.1.2","TCP","1514","8004  >  36754 [ACK] Seq=407078 Ack=141 Win=65024 Len=1448 TSval=2916041138 TSecr=3045560909 [TCP segment of a reassembled PDU]"
"59750","37.057479113","192.168.1.55","192.168.1.2","TCP","1514","8004  >  36754 [ACK] Seq=408526 Ack=141 Win=65024 Len=1448 TSval=2916041138 TSecr=3045560909 [TCP segment of a reassembled PDU]"
"59751","37.057480057","192.168.1.55","192.168.1.2","TCP","1514","8004  >  36754 [ACK] Seq=409974 Ack=141 Win=65024 Len=1448 TSval=2916041138 TSecr=3045560909 [TCP segment of a reassembled PDU]"
"59752","37.057481057","192.168.1.55","192.168.1.2","TCP","1514","8004  >  36754 [ACK] Seq=411422 Ack=141 Win=65024 Len=1448 TSval=2916041138 TSecr=3045560909 [TCP segment of a reassembled PDU]"
"59753","37.057482409","192.168.1.55","192.168.1.2","TCP","1514","8004  >  36754 [ACK] Seq=412870 Ack=141 Win=65024 Len=1448 TSval=2916041138 TSecr=3045560909 [TCP segment of a reassembled PDU]"
"59754","37.057483298","192.168.1.55","192.168.1.2","TCP","1514","8004  >  36754 [ACK] Seq=414318 Ack=141 Win=65024 Len=1448 TSval=2916041138 TSecr=3045560909 [TCP segment of a reassembled PDU]"
"59755","37.057484261","192.168.1.55","192.168.1.2","TCP","1514","8004  >  36754 [ACK] Seq=415766 Ack=141 Win=65024 Len=1448 TSval=2916041138 TSecr=3045560909 [TCP segment of a reassembled PDU]"
"59756","37.057485168","192.168.1.55","192.168.1.2","TCP","1514","8004  >  36754 [ACK] Seq=417214 Ack=141 Win=65024 Len=1448 TSval=2916041138 TSecr=3045560909 [TCP segment of a reassembled PDU]"
"59757","37.057492094","192.168.1.55","192.168.1.2","TCP","1514","8004  >  36754 [ACK] Seq=418662 Ack=141 Win=65024 Len=1448 TSval=2916041138 TSecr=3045560909 [TCP segment of a reassembled PDU]"
"59758","37.057493391","192.168.1.55","192.168.1.2","TCP","1514","8004  >  36754 [ACK] Seq=420110 Ack=141 Win=65024 Len=1448 TSval=2916041138 TSecr=3045560909 [TCP segment of a reassembled PDU]"
"59759","37.057494372","192.168.1.55","192.168.1.2","TCP","1514","8004  >  36754 [ACK] Seq=421558 Ack=141 Win=65024 Len=1448 TSval=2916041138 TSecr=3045560909 [TCP segment of a reassembled PDU]"
"59760","37.057495279","192.168.1.55","192.168.1.2","TCP","1514","8004  >  36754 [ACK] Seq=423006 Ack=141 Win=65024 Len=1448 TSval=2916041138 TSecr=3045560909 [TCP segment of a reassembled PDU]"
"59761","37.057496261","192.168.1.55","192.168.1.2","TCP","1514","8004  >  36754 [ACK] Seq=424454 Ack=141 Win=65024 Len=1448 TSval=2916041138 TSecr=3045560909 [TCP segment of a reassembled PDU]"
"59762","37.057497168","192.168.1.55","192.168.1.2","TCP","1514","8004  >  36754 [ACK] Seq=425902 Ack=141 Win=65024 Len=1448 TSval=2916041138 TSecr=3045560909 [TCP segment of a reassembled PDU]"
"59763","37.057498224","192.168.1.55","192.168.1.2","TCP","1514","8004  >  36754 [ACK] Seq=427350 Ack=141 Win=65024 Len=1448 TSval=2916041138 TSecr=3045560909 [TCP segment of a reassembled PDU]"
"59764","37.057499205","192.168.1.55","192.168.1.2","TCP","1514","8004  >  36754 [ACK] Seq=428798 Ack=141 Win=65024 Len=1448 TSval=2916041138 TSecr=3045560909 [TCP segment of a reassembled PDU]"
"59765","37.057500131","192.168.1.55","192.168.1.2","TCP","1514","8004  >  36754 [ACK] Seq=430246 Ack=141 Win=65024 Len=1448 TSval=2916041138 TSecr=3045560909 [TCP segment of a reassembled PDU]"
"59766","37.057501039","192.168.1.55","192.168.1.2","TCP","1514","8004  >  36754 [ACK] Seq=431694 Ack=141 Win=65024 Len=1448 TSval=2916041138 TSecr=3045560909 [TCP segment of a reassembled PDU]"
"59767","37.057501946","192.168.1.55","192.168.1.2","TCP","1514","8004  >  36754 [ACK] Seq=433142 Ack=141 Win=65024 Len=1448 TSval=2916041138 TSecr=3045560909 [TCP segment of a reassembled PDU]"
"59768","37.057502854","192.168.1.55","192.168.1.2","TCP","1514","8004  >  36754 [ACK] Seq=434590 Ack=141 Win=65024 Len=1448 TSval=2916041138 TSecr=3045560909 [TCP segment of a reassembled PDU]"
"59769","37.057503816","192.168.1.55","192.168.1.2","TCP","1514","8004  >  36754 [PSH, ACK] Seq=436038 Ack=141 Win=65024 Len=1448 TSval=2916041138 TSecr=3045560909 [TCP segment of a reassembled PDU]"
"59770","37.062972788","192.168.1.2","192.168.1.55","TCP","66","36754  >  8004 [ACK] Seq=141 Ack=302518 Win=150528 Len=0 TSval=3045560913 TSecr=2916041134"
"59771","37.062994733","192.168.1.55","192.168.1.2","TCP","1514","8004  >  36754 [ACK] Seq=437486 Ack=141 Win=65024 Len=1448 TSval=2916041143 TSecr=3045560913 [TCP segment of a reassembled PDU]"
"59772","37.062997788","192.168.1.55","192.168.1.2","TCP","1514","8004  >  36754 [ACK] Seq=438934 Ack=141 Win=65024 Len=1448 TSval=2916041143 TSecr=3045560913 [TCP segment of a reassembled PDU]"
"59773","37.062998677","192.168.1.55","192.168.1.2","TCP","1514","8004  >  36754 [PSH, ACK] Seq=440382 Ack=141 Win=65024 Len=1448 TSval=2916041143 TSecr=3045560913 [TCP segment of a reassembled PDU]"
"59774","37.063230363","192.168.1.2","192.168.1.55","TCP","66","36754  >  8004 [ACK] Seq=141 Ack=340470 Win=153600 Len=0 TSval=3045560913 TSecr=2916041134"
"59775","37.063315974","192.168.1.55","192.168.1.2","TCP","1514","8004  >  36754 [ACK] Seq=441830 Ack=141 Win=65024 Len=1448 TSval=2916041143 TSecr=3045560913 [TCP segment of a reassembled PDU]"
"59776","37.063320178","192.168.1.55","192.168.1.2","TCP","1514","8004  >  36754 [ACK] Seq=443278 Ack=141 Win=65024 Len=1448 TSval=2916041143 TSecr=3045560913 [TCP segment of a reassembled PDU]"
"59777","37.063321455","192.168.1.55","192.168.1.2","TCP","1514","8004  >  36754 [ACK] Seq=444726 Ack=141 Win=65024 Len=1448 TSval=2916041143 TSecr=3045560913 [TCP segment of a reassembled PDU]"
"59778","37.063322733","192.168.1.55","192.168.1.2","TCP","1514","8004  >  36754 [ACK] Seq=446174 Ack=141 Win=65024 Len=1448 TSval=2916041143 TSecr=3045560913 [TCP segment of a reassembled PDU]"
"59779","37.063324641","192.168.1.55","192.168.1.2","TCP","1514","8004  >  36754 [ACK] Seq=447622 Ack=141 Win=65024 Len=1448 TSval=2916041143 TSecr=3045560913 [TCP segment of a reassembled PDU]"
"59780","37.063325881","192.168.1.55","192.168.1.2","TCP","1514","8004  >  36754 [ACK] Seq=449070 Ack=141 Win=65024 Len=1448 TSval=2916041143 TSecr=3045560913 [TCP segment of a reassembled PDU]"
"59781","37.063327363","192.168.1.55","192.168.1.2","TCP","1514","8004  >  36754 [ACK] Seq=450518 Ack=141 Win=65024 Len=1448 TSval=2916041143 TSecr=3045560913 [TCP segment of a reassembled PDU]"
"59782","37.063328530","192.168.1.55","192.168.1.2","TCP","1514","8004  >  36754 [ACK] Seq=451966 Ack=141 Win=65024 Len=1448 TSval=2916041143 TSecr=3045560913 [TCP segment of a reassembled PDU]"
"59783","37.063330178","192.168.1.55","192.168.1.2","TCP","1514","8004  >  36754 [ACK] Seq=453414 Ack=141 Win=65024 Len=1448 TSval=2916041143 TSecr=3045560913 [TCP segment of a reassembled PDU]"
"59784","37.063331511","192.168.1.55","192.168.1.2","TCP","1514","8004  >  36754 [ACK] Seq=454862 Ack=141 Win=65024 Len=1448 TSval=2916041143 TSecr=3045560913 [TCP segment of a reassembled PDU]"
"59785","37.063332789","192.168.1.55","192.168.1.2","TCP","1514","8004  >  36754 [ACK] Seq=456310 Ack=141 Win=65024 Len=1448 TSval=2916041143 TSecr=3045560913 [TCP segment of a reassembled PDU]"
"59786","37.063334215","192.168.1.55","192.168.1.2","TCP","1514","8004  >  36754 [ACK] Seq=457758 Ack=141 Win=65024 Len=1448 TSval=2916041143 TSecr=3045560913 [TCP segment of a reassembled PDU]"
"59787","37.063335715","192.168.1.55","192.168.1.2","TCP","1514","8004  >  36754 [ACK] Seq=459206 Ack=141 Win=65024 Len=1448 TSval=2916041143 TSecr=3045560913 [TCP segment of a reassembled PDU]"
"59788","37.063337048","192.168.1.55","192.168.1.2","TCP","1514","8004  >  36754 [ACK] Seq=460654 Ack=141 Win=65024 Len=1448 TSval=2916041143 TSecr=3045560913 [TCP segment of a reassembled PDU]"
"59789","37.063338752","192.168.1.55","192.168.1.2","TCP","1514","8004  >  36754 [ACK] Seq=462102 Ack=141 Win=65024 Len=1448 TSval=2916041143 TSecr=3045560913 [TCP segment of a reassembled PDU]"
"59790","37.063340344","192.168.1.55","192.168.1.2","TCP","1514","8004  >  36754 [ACK] Seq=463550 Ack=141 Win=65024 Len=1448 TSval=2916041143 TSecr=3045560913 [TCP segment of a reassembled PDU]"
"59791","37.063341974","192.168.1.55","192.168.1.2","TCP","1514","8004  >  36754 [ACK] Seq=464998 Ack=141 Win=65024 Len=1448 TSval=2916041143 TSecr=3045560913 [TCP segment of a reassembled PDU]"
"59792","37.063343585","192.168.1.55","192.168.1.2","TCP","1514","8004  >  36754 [ACK] Seq=466446 Ack=141 Win=65024 Len=1448 TSval=2916041143 TSecr=3045560913 [TCP segment of a reassembled PDU]"
"59793","37.063345567","192.168.1.55","192.168.1.2","TCP","1514","8004  >  36754 [ACK] Seq=467894 Ack=141 Win=65024 Len=1448 TSval=2916041143 TSecr=3045560913 [TCP segment of a reassembled PDU]"
"59794","37.063347011","192.168.1.55","192.168.1.2","TCP","1514","8004  >  36754 [ACK] Seq=469342 Ack=141 Win=65024 Len=1448 TSval=2916041143 TSecr=3045560913 [TCP segment of a reassembled PDU]"
"59795","37.063348289","192.168.1.55","192.168.1.2","TCP","1514","8004  >  36754 [ACK] Seq=470790 Ack=141 Win=65024 Len=1448 TSval=2916041143 TSecr=3045560913 [TCP segment of a reassembled PDU]"
"59796","37.063349863","192.168.1.55","192.168.1.2","TCP","1514","8004  >  36754 [ACK] Seq=472238 Ack=141 Win=65024 Len=1448 TSval=2916041143 TSecr=3045560913 [TCP segment of a reassembled PDU]"
"59797","37.063351437","192.168.1.55","192.168.1.2","TCP","1514","8004  >  36754 [ACK] Seq=473686 Ack=141 Win=65024 Len=1448 TSval=2916041143 TSecr=3045560913 [TCP segment of a reassembled PDU]"
"59798","37.063353048","192.168.1.55","192.168.1.2","TCP","1514","8004  >  36754 [ACK] Seq=475134 Ack=141 Win=65024 Len=1448 TSval=2916041143 TSecr=3045560913 [TCP segment of a reassembled PDU]"
"59799","37.063355344","192.168.1.55","192.168.1.2","TCP","1514","8004  >  36754 [ACK] Seq=476582 Ack=141 Win=65024 Len=1448 TSval=2916041143 TSecr=3045560913 [TCP segment of a reassembled PDU]"
"59800","37.063356641","192.168.1.55","192.168.1.2","TCP","1514","8004  >  36754 [ACK] Seq=478030 Ack=141 Win=65024 Len=1448 TSval=2916041143 TSecr=3045560913 [TCP segment of a reassembled PDU]"
"59801","37.063358104","192.168.1.55","192.168.1.2","TCP","1514","8004  >  36754 [ACK] Seq=479478 Ack=141 Win=65024 Len=1448 TSval=2916041143 TSecr=3045560913 [TCP segment of a reassembled PDU]"
"59802","37.063361400","192.168.1.55","192.168.1.2","TCP","1514","8004  >  36754 [ACK] Seq=480926 Ack=141 Win=65024 Len=1448 TSval=2916041143 TSecr=3045560913 [TCP segment of a reassembled PDU]"
"59803","37.063362585","192.168.1.55","192.168.1.2","TCP","1514","8004  >  36754 [ACK] Seq=482374 Ack=141 Win=65024 Len=1448 TSval=2916041143 TSecr=3045560913 [TCP segment of a reassembled PDU]"
"59804","37.063366215","192.168.1.55","192.168.1.2","TCP","1514","8004  >  36754 [ACK] Seq=483822 Ack=141 Win=65024 Len=1448 TSval=2916041143 TSecr=3045560913 [TCP segment of a reassembled PDU]"
"59805","37.063367548","192.168.1.55","192.168.1.2","TCP","1514","8004  >  36754 [ACK] Seq=485270 Ack=141 Win=65024 Len=1448 TSval=2916041143 TSecr=3045560913 [TCP segment of a reassembled PDU]"
"59806","37.063368956","192.168.1.55","192.168.1.2","TCP","1514","8004  >  36754 [PSH, ACK] Seq=486718 Ack=141 Win=65024 Len=1448 TSval=2916041143 TSecr=3045560913 [TCP segment of a reassembled PDU]"
"59807","37.063383807","192.168.1.2","192.168.1.55","TCP","66","36754  >  8004 [ACK] Seq=141 Ack=349158 Win=171008 Len=0 TSval=3045560914 TSecr=2916041134"
"59808","37.063424233","192.168.1.55","192.168.1.2","TCP","1514","8004  >  36754 [ACK] Seq=488166 Ack=141 Win=65024 Len=1448 TSval=2916041144 TSecr=3045560914 [TCP segment of a reassembled PDU]"
"59809","37.063429752","192.168.1.55","192.168.1.2","TCP","1514","8004  >  36754 [ACK] Seq=489614 Ack=141 Win=65024 Len=1448 TSval=2916041144 TSecr=3045560914 [TCP segment of a reassembled PDU]"
"59810","37.063431363","192.168.1.55","192.168.1.2","TCP","1514","8004  >  36754 [ACK] Seq=491062 Ack=141 Win=65024 Len=1448 TSval=2916041144 TSecr=3045560914 [TCP segment of a reassembled PDU]"
"59811","37.063433456","192.168.1.55","192.168.1.2","TCP","1514","8004  >  36754 [ACK] Seq=492510 Ack=141 Win=65024 Len=1448 TSval=2916041144 TSecr=3045560914 [TCP segment of a reassembled PDU]"
"59812","37.063434863","192.168.1.55","192.168.1.2","TCP","1514","8004  >  36754 [ACK] Seq=493958 Ack=141 Win=65024 Len=1448 TSval=2916041144 TSecr=3045560914 [TCP segment of a reassembled PDU]"
"59813","37.063436400","192.168.1.55","192.168.1.2","TCP","1514","8004  >  36754 [ACK] Seq=495406 Ack=141 Win=65024 Len=1448 TSval=2916041144 TSecr=3045560914 [TCP segment of a reassembled PDU]"
"59814","37.063437641","192.168.1.55","192.168.1.2","TCP","1514","8004  >  36754 [ACK] Seq=496854 Ack=141 Win=65024 Len=1448 TSval=2916041144 TSecr=3045560914 [TCP segment of a reassembled PDU]"
"59815","37.063439419","192.168.1.55","192.168.1.2","HTTP","1472","HTTP/1.0 200 OK  (PNG)"
"59816","37.063444215","192.168.1.2","192.168.1.55","TCP","66","36754  >  8004 [ACK] Seq=141 Ack=382462 Win=175104 Len=0 TSval=3045560918 TSecr=2916041138"
"59817","37.063463104","192.168.1.2","192.168.1.55","TCP","66","36754  >  8004 [ACK] Seq=141 Ack=395494 Win=162816 Len=0 TSval=3045560918 TSecr=2916041138"
"59818","37.063575437","192.168.1.2","192.168.1.55","TCP","66","36754  >  8004 [ACK] Seq=141 Ack=433142 Win=172032 Len=0 TSval=3045560918 TSecr=2916041138"
"59819","37.064839162","192.168.1.2","192.168.1.55","TCP","66","36754  >  8004 [ACK] Seq=141 Ack=434590 Win=178176 Len=0 TSval=3045560920 TSecr=2916041138"
"59820","37.064864069","192.168.1.2","192.168.1.55","TCP","66","36754  >  8004 [ACK] Seq=141 Ack=437486 Win=184320 Len=0 TSval=3045560920 TSecr=2916041138"
"59821","37.070491356","192.168.1.2","192.168.1.55","TCP","66","36754  >  8004 [ACK] Seq=141 Ack=441830 Win=192512 Len=0 TSval=3045560923 TSecr=2916041143"
"59822","37.070643653","192.168.1.2","192.168.1.55","TCP","66","36754  >  8004 [ACK] Seq=141 Ack=464998 Win=187392 Len=0 TSval=3045560923 TSecr=2916041143"
"59823","37.070649875","192.168.1.2","192.168.1.55","TCP","66","36754  >  8004 [ACK] Seq=141 Ack=488166 Win=185344 Len=0 TSval=3045560925 TSecr=2916041143"
"59824","37.070653578","192.168.1.2","192.168.1.55","TCP","66","36754  >  8004 [ACK] Seq=141 Ack=498302 Win=176128 Len=0 TSval=3045560925 TSecr=2916041144"
"59825","37.072536915","192.168.1.2","192.168.1.55","TCP","66","36754  >  8004 [FIN, ACK] Seq=141 Ack=499709 Win=195584 Len=0 TSval=3045560927 TSecr=2916041144"
"59826","37.072551156","192.168.1.55","192.168.1.2","TCP","66","8004  >  36754 [ACK] Seq=499709 Ack=142 Win=65024 Len=0 TSval=2916041153 TSecr=3045560927"
"59827","37.072643119","192.168.1.2","192.168.1.55","TCP","74","36768  >  8004 [SYN] Seq=0 Win=64240 Len=0 MSS=1460 SACK_PERM TSval=3045560927 TSecr=0 WS=1024"
"59828","37.072665452","192.168.1.55","192.168.1.2","TCP","74","8004  >  36768 [SYN, ACK] Seq=0 Ack=1 Win=65160 Len=0 MSS=1460 SACK_PERM TSval=2916041153 TSecr=3045560927 WS=128"
"59829","37.075944346","192.168.1.2","192.168.1.55","TCP","66","36768  >  8004 [ACK] Seq=1 Ack=1 Win=64512 Len=0 TSval=3045560930 TSecr=2916041153"
"59830","37.079204203","192.168.1.2","192.168.1.55","HTTP","209","GET /original_benchmark.png HTTP/1.1 "
"59831","37.079265352","192.168.1.55","192.168.1.2","TCP","66","8004  >  36768 [ACK] Seq=1 Ack=144 Win=65024 Len=0 TSval=2916041159 TSecr=3045560930"
"59832","37.080049982","192.168.1.55","192.168.1.2","TCP","255","8004  >  36768 [PSH, ACK] Seq=1 Ack=144 Win=65024 Len=189 TSval=2916041160 TSecr=3045560930 [TCP segment of a reassembled PDU]"
"59833","37.080191705","192.168.1.55","192.168.1.2","TCP","1514","8004  >  36768 [ACK] Seq=190 Ack=144 Win=65024 Len=1448 TSval=2916041160 TSecr=3045560930 [TCP segment of a reassembled PDU]"
"59834","37.080197964","192.168.1.55","192.168.1.2","TCP","1514","8004  >  36768 [ACK] Seq=1638 Ack=144 Win=65024 Len=1448 TSval=2916041160 TSecr=3045560930 [TCP segment of a reassembled PDU]"
"59835","37.080199075","192.168.1.55","192.168.1.2","TCP","1514","8004  >  36768 [ACK] Seq=3086 Ack=144 Win=65024 Len=1448 TSval=2916041160 TSecr=3045560930 [TCP segment of a reassembled PDU]"
"59836","37.080201149","192.168.1.55","192.168.1.2","TCP","1514","8004  >  36768 [ACK] Seq=4534 Ack=144 Win=65024 Len=1448 TSval=2916041160 TSecr=3045560930 [TCP segment of a reassembled PDU]"
"59837","37.080203446","192.168.1.55","192.168.1.2","TCP","1514","8004  >  36768 [PSH, ACK] Seq=5982 Ack=144 Win=65024 Len=1448 TSval=2916041160 TSecr=3045560930 [TCP segment of a reassembled PDU]"
"59838","37.080229057","192.168.1.55","192.168.1.2","TCP","1514","8004  >  36768 [ACK] Seq=7430 Ack=144 Win=65024 Len=1448 TSval=2916041160 TSecr=3045560930 [TCP segment of a reassembled PDU]"
"59839","37.080232242","192.168.1.55","192.168.1.2","TCP","1514","8004  >  36768 [ACK] Seq=8878 Ack=144 Win=65024 Len=1448 TSval=2916041160 TSecr=3045560930 [TCP segment of a reassembled PDU]"
"59840","37.080234279","192.168.1.55","192.168.1.2","TCP","1514","8004  >  36768 [ACK] Seq=10326 Ack=144 Win=65024 Len=1448 TSval=2916041160 TSecr=3045560930 [TCP segment of a reassembled PDU]"
"59841","37.080235427","192.168.1.55","192.168.1.2","TCP","1514","8004  >  36768 [PSH, ACK] Seq=11774 Ack=144 Win=65024 Len=1448 TSval=2916041160 TSecr=3045560930 [TCP segment of a reassembled PDU]"
"59842","37.084118785","192.168.1.2","192.168.1.55","TCP","66","36768  >  8004 [ACK] Seq=144 Ack=190 Win=64512 Len=0 TSval=3045560938 TSecr=2916041160"
"59843","37.084214971","192.168.1.55","192.168.1.2","TCP","1514","8004  >  36768 [ACK] Seq=13222 Ack=144 Win=65024 Len=1448 TSval=2916041164 TSecr=3045560938 [TCP segment of a reassembled PDU]"
"59844","37.084225397","192.168.1.55","192.168.1.2","TCP","1514","8004  >  36768 [PSH, ACK] Seq=14670 Ack=144 Win=65024 Len=1448 TSval=2916041164 TSecr=3045560938 [TCP segment of a reassembled PDU]"
"59845","37.084263823","192.168.1.2","192.168.1.55","TCP","66","36768  >  8004 [ACK] Seq=144 Ack=1638 Win=67584 Len=0 TSval=3045560938 TSecr=2916041160"
"59846","37.084529971","192.168.1.2","192.168.1.55","TCP","66","36768  >  8004 [ACK] Seq=144 Ack=7430 Win=79872 Len=0 TSval=3045560939 TSecr=2916041160"
"59847","37.084562768","192.168.1.55","192.168.1.2","TCP","1514","8004  >  36768 [ACK] Seq=16118 Ack=144 Win=65024 Len=1448 TSval=2916041165 TSecr=3045560939 [TCP segment of a reassembled PDU]"
"59848","37.084565397","192.168.1.55","192.168.1.2","TCP","1514","8004  >  36768 [ACK] Seq=17566 Ack=144 Win=65024 Len=1448 TSval=2916041165 TSecr=3045560939 [TCP segment of a reassembled PDU]"
"59849","37.084566564","192.168.1.55","192.168.1.2","TCP","1514","8004  >  36768 [ACK] Seq=19014 Ack=144 Win=65024 Len=1448 TSval=2916041165 TSecr=3045560939 [TCP segment of a reassembled PDU]"
"59850","37.084567731","192.168.1.55","192.168.1.2","TCP","1514","8004  >  36768 [ACK] Seq=20462 Ack=144 Win=65024 Len=1448 TSval=2916041165 TSecr=3045560939 [TCP segment of a reassembled PDU]"
"59851","37.084569193","192.168.1.55","192.168.1.2","TCP","1514","8004  >  36768 [ACK] Seq=21910 Ack=144 Win=65024 Len=1448 TSval=2916041165 TSecr=3045560939 [TCP segment of a reassembled PDU]"
"59852","37.084570675","192.168.1.55","192.168.1.2","TCP","1514","8004  >  36768 [ACK] Seq=23358 Ack=144 Win=65024 Len=1448 TSval=2916041165 TSecr=3045560939 [TCP segment of a reassembled PDU]"
"59853","37.084571879","192.168.1.55","192.168.1.2","TCP","1514","8004  >  36768 [ACK] Seq=24806 Ack=144 Win=65024 Len=1448 TSval=2916041165 TSecr=3045560939 [TCP segment of a reassembled PDU]"
"59854","37.084573416","192.168.1.55","192.168.1.2","TCP","1514","8004  >  36768 [PSH, ACK] Seq=26254 Ack=144 Win=65024 Len=1448 TSval=2916041165 TSecr=3045560939 [TCP segment of a reassembled PDU]"
"59855","37.085029287","192.168.1.2","192.168.1.55","TCP","66","36768  >  8004 [ACK] Seq=144 Ack=8878 Win=79872 Len=0 TSval=3045560939 TSecr=2916041160"
"59856","37.085034176","192.168.1.2","192.168.1.55","TCP","66","36768  >  8004 [ACK] Seq=144 Ack=11774 Win=84992 Len=0 TSval=3045560939 TSecr=2916041160"
"59857","37.085057287","192.168.1.55","192.168.1.2","TCP","1514","8004  >  36768 [ACK] Seq=27702 Ack=144 Win=65024 Len=1448 TSval=2916041165 TSecr=3045560939 [TCP segment of a reassembled PDU]"
"59858","37.085060287","192.168.1.55","192.168.1.2","TCP","1514","8004  >  36768 [ACK] Seq=29150 Ack=144 Win=65024 Len=1448 TSval=2916041165 TSecr=3045560939 [TCP segment of a reassembled PDU]"
"59859","37.085061768","192.168.1.55","192.168.1.2","TCP","1514","8004  >  36768 [ACK] Seq=30598 Ack=144 Win=65024 Len=1448 TSval=2916041165 TSecr=3045560939 [TCP segment of a reassembled PDU]"
"59860","37.085063361","192.168.1.55","192.168.1.2","TCP","1514","8004  >  36768 [ACK] Seq=32046 Ack=144 Win=65024 Len=1448 TSval=2916041165 TSecr=3045560939 [TCP segment of a reassembled PDU]"
"59861","37.085065231","192.168.1.55","192.168.1.2","TCP","1514","8004  >  36768 [ACK] Seq=33494 Ack=144 Win=65024 Len=1448 TSval=2916041165 TSecr=3045560939 [TCP segment of a reassembled PDU]"
"59862","37.085066842","192.168.1.55","192.168.1.2","TCP","1514","8004  >  36768 [ACK] Seq=34942 Ack=144 Win=65024 Len=1448 TSval=2916041165 TSecr=3045560939 [TCP segment of a reassembled PDU]"
"59863","37.085068417","192.168.1.55","192.168.1.2","TCP","1514","8004  >  36768 [ACK] Seq=36390 Ack=144 Win=65024 Len=1448 TSval=2916041165 TSecr=3045560939 [TCP segment of a reassembled PDU]"
"59864","37.085070694","192.168.1.55","192.168.1.2","TCP","1514","8004  >  36768 [PSH, ACK] Seq=37838 Ack=144 Win=65024 Len=1448 TSval=2916041165 TSecr=3045560939 [TCP segment of a reassembled PDU]"
"59865","37.085073879","192.168.1.2","192.168.1.55","TCP","66","36768  >  8004 [ACK] Seq=144 Ack=13222 Win=83968 Len=0 TSval=3045560940 TSecr=2916041160"
"59866","37.085084250","192.168.1.55","192.168.1.2","TCP","1514","8004  >  36768 [ACK] Seq=39286 Ack=144 Win=65024 Len=1448 TSval=2916041165 TSecr=3045560940 [TCP segment of a reassembled PDU]"
"59867","37.085085713","192.168.1.55","192.168.1.2","TCP","1514","8004  >  36768 [PSH, ACK] Seq=40734 Ack=144 Win=65024 Len=1448 TSval=2916041165 TSecr=3045560940 [TCP segment of a reassembled PDU]"
"59868","37.089266738","192.168.1.2","192.168.1.55","TCP","66","36768  >  8004 [ACK] Seq=144 Ack=16118 Win=84992 Len=0 TSval=3045560943 TSecr=2916041164"
"59869","37.089319349","192.168.1.55","192.168.1.2","TCP","1514","8004  >  36768 [ACK] Seq=42182 Ack=144 Win=65024 Len=1448 TSval=2916041170 TSecr=3045560943 [TCP segment of a reassembled PDU]"
"59870","37.089325035","192.168.1.55","192.168.1.2","TCP","1514","8004  >  36768 [PSH, ACK] Seq=43630 Ack=144 Win=65024 Len=1448 TSval=2916041170 TSecr=3045560943 [TCP segment of a reassembled PDU]"
"59871","37.089546127","192.168.1.2","192.168.1.55","TCP","66","36768  >  8004 [ACK] Seq=144 Ack=24806 Win=79872 Len=0 TSval=3045560943 TSecr=2916041165"
"59872","37.089555016","192.168.1.2","192.168.1.55","TCP","66","36768  >  8004 [ACK] Seq=144 Ack=27702 Win=84992 Len=0 TSval=3045560944 TSecr=2916041165"
"59873","37.089557498","192.168.1.2","192.168.1.55","TCP","66","36768  >  8004 [ACK] Seq=144 Ack=39286 Win=75776 Len=0 TSval=3045560944 TSecr=2916041165"
"59874","37.089560887","192.168.1.2","192.168.1.55","TCP","66","36768  >  8004 [ACK] Seq=144 Ack=42182 Win=73728 Len=0 TSval=3045560944 TSecr=2916041165"
"59875","37.089596702","192.168.1.55","192.168.1.2","TCP","1514","8004  >  36768 [ACK] Seq=45078 Ack=144 Win=65024 Len=1448 TSval=2916041170 TSecr=3045560943 [TCP segment of a reassembled PDU]"
"59876","37.089603405","192.168.1.55","192.168.1.2","TCP","1514","8004  >  36768 [ACK] Seq=46526 Ack=144 Win=65024 Len=1448 TSval=2916041170 TSecr=3045560943 [TCP segment of a reassembled PDU]"
"59877","37.089604720","192.168.1.55","192.168.1.2","TCP","1514","8004  >  36768 [ACK] Seq=47974 Ack=144 Win=65024 Len=1448 TSval=2916041170 TSecr=3045560943 [TCP segment of a reassembled PDU]"
"59878","37.089606350","192.168.1.55","192.168.1.2","TCP","1514","8004  >  36768 [ACK] Seq=49422 Ack=144 Win=65024 Len=1448 TSval=2916041170 TSecr=3045560943 [TCP segment of a reassembled PDU]"
"59879","37.089607979","192.168.1.55","192.168.1.2","TCP","1514","8004  >  36768 [ACK] Seq=50870 Ack=144 Win=65024 Len=1448 TSval=2916041170 TSecr=3045560943 [TCP segment of a reassembled PDU]"
"59880","37.089609831","192.168.1.55","192.168.1.2","TCP","1514","8004  >  36768 [ACK] Seq=52318 Ack=144 Win=65024 Len=1448 TSval=2916041170 TSecr=3045560943 [TCP segment of a reassembled PDU]"
"59881","37.089611850","192.168.1.55","192.168.1.2","TCP","1514","8004  >  36768 [ACK] Seq=53766 Ack=144 Win=65024 Len=1448 TSval=2916041170 TSecr=3045560943 [TCP segment of a reassembled PDU]"
"59882","37.089612887","192.168.1.55","192.168.1.2","TCP","1514","8004  >  36768 [ACK] Seq=55214 Ack=144 Win=65024 Len=1448 TSval=2916041170 TSecr=3045560943 [TCP segment of a reassembled PDU]"
"59883","37.089613961","192.168.1.55","192.168.1.2","TCP","1514","8004  >  36768 [ACK] Seq=56662 Ack=144 Win=65024 Len=1448 TSval=2916041170 TSecr=3045560943 [TCP segment of a reassembled PDU]"
"59884","37.089615239","192.168.1.55","192.168.1.2","TCP","1514","8004  >  36768 [ACK] Seq=58110 Ack=144 Win=65024 Len=1448 TSval=2916041170 TSecr=3045560943 [TCP segment of a reassembled PDU]"
"59885","37.089617553","192.168.1.55","192.168.1.2","TCP","1514","8004  >  36768 [ACK] Seq=59558 Ack=144 Win=65024 Len=1448 TSval=2916041170 TSecr=3045560943 [TCP segment of a reassembled PDU]"
"59886","37.089619146","192.168.1.55","192.168.1.2","TCP","1514","8004  >  36768 [ACK] Seq=61006 Ack=144 Win=65024 Len=1448 TSval=2916041170 TSecr=3045560943 [TCP segment of a reassembled PDU]"
"59887","37.089621442","192.168.1.55","192.168.1.2","TCP","1514","8004  >  36768 [ACK] Seq=62454 Ack=144 Win=65024 Len=1448 TSval=2916041170 TSecr=3045560943 [TCP segment of a reassembled PDU]"
"59888","37.089622924","192.168.1.55","192.168.1.2","TCP","1514","8004  >  36768 [PSH, ACK] Seq=63902 Ack=144 Win=65024 Len=1448 TSval=2916041170 TSecr=3045560943 [TCP segment of a reassembled PDU]"
"59889","37.089650591","192.168.1.55","192.168.1.2","TCP","1514","8004  >  36768 [ACK] Seq=65350 Ack=144 Win=65024 Len=1448 TSval=2916041170 TSecr=3045560944 [TCP segment of a reassembled PDU]"
"59890","37.089652850","192.168.1.55","192.168.1.2","TCP","1514","8004  >  36768 [ACK] Seq=66798 Ack=144 Win=65024 Len=1448 TSval=2916041170 TSecr=3045560944 [TCP segment of a reassembled PDU]"
"59891","37.089654961","192.168.1.55","192.168.1.2","TCP","1514","8004  >  36768 [ACK] Seq=68246 Ack=144 Win=65024 Len=1448 TSval=2916041170 TSecr=3045560944 [TCP segment of a reassembled PDU]"
"59892","37.089657479","192.168.1.55","192.168.1.2","TCP","1514","8004  >  36768 [ACK] Seq=69694 Ack=144 Win=65024 Len=1448 TSval=2916041170 TSecr=3045560944 [TCP segment of a reassembled PDU]"
"59893","37.089658720","192.168.1.55","192.168.1.2","TCP","1514","8004  >  36768 [ACK] Seq=71142 Ack=144 Win=65024 Len=1448 TSval=2916041170 TSecr=3045560944 [TCP segment of a reassembled PDU]"
"59894","37.089659868","192.168.1.55","192.168.1.2","TCP","1514","8004  >  36768 [ACK] Seq=72590 Ack=144 Win=65024 Len=1448 TSval=2916041170 TSecr=3045560944 [TCP segment of a reassembled PDU]"
"59895","37.089660998","192.168.1.55","192.168.1.2","TCP","1514","8004  >  36768 [ACK] Seq=74038 Ack=144 Win=65024 Len=1448 TSval=2916041170 TSecr=3045560944 [TCP segment of a reassembled PDU]"
"59896","37.089662072","192.168.1.55","192.168.1.2","TCP","1514","8004  >  36768 [PSH, ACK] Seq=75486 Ack=144 Win=65024 Len=1448 TSval=2916041170 TSecr=3045560944 [TCP segment of a reassembled PDU]"
"59897","37.089693554","192.168.1.55","192.168.1.2","TCP","1514","8004  >  36768 [ACK] Seq=76934 Ack=144 Win=65024 Len=1448 TSval=2916041170 TSecr=3045560944 [TCP segment of a reassembled PDU]"
"59898","37.089695257","192.168.1.55","192.168.1.2","TCP","1514","8004  >  36768 [ACK] Seq=78382 Ack=144 Win=65024 Len=1448 TSval=2916041170 TSecr=3045560944 [TCP segment of a reassembled PDU]"
"59899","37.089697220","192.168.1.55","192.168.1.2","TCP","1514","8004  >  36768 [ACK] Seq=79830 Ack=144 Win=65024 Len=1448 TSval=2916041170 TSecr=3045560944 [TCP segment of a reassembled PDU]"
"59900","37.089698980","192.168.1.55","192.168.1.2","TCP","1514","8004  >  36768 [ACK] Seq=81278 Ack=144 Win=65024 Len=1448 TSval=2916041170 TSecr=3045560944 [TCP segment of a reassembled PDU]"
"59901","37.089700443","192.168.1.55","192.168.1.2","TCP","1514","8004  >  36768 [ACK] Seq=82726 Ack=144 Win=65024 Len=1448 TSval=2916041170 TSecr=3045560944 [TCP segment of a reassembled PDU]"
"59902","37.089701535","192.168.1.55","192.168.1.2","TCP","1514","8004  >  36768 [ACK] Seq=84174 Ack=144 Win=65024 Len=1448 TSval=2916041170 TSecr=3045560944 [TCP segment of a reassembled PDU]"
"59903","37.089702776","192.168.1.55","192.168.1.2","TCP","1514","8004  >  36768 [ACK] Seq=85622 Ack=144 Win=65024 Len=1448 TSval=2916041170 TSecr=3045560944 [TCP segment of a reassembled PDU]"
"59904","37.089704220","192.168.1.55","192.168.1.2","TCP","1514","8004  >  36768 [ACK] Seq=87070 Ack=144 Win=65024 Len=1448 TSval=2916041170 TSecr=3045560944 [TCP segment of a reassembled PDU]"
"59905","37.089706054","192.168.1.55","192.168.1.2","TCP","1514","8004  >  36768 [ACK] Seq=88518 Ack=144 Win=65024 Len=1448 TSval=2916041170 TSecr=3045560944 [TCP segment of a reassembled PDU]"
"59906","37.089707554","192.168.1.55","192.168.1.2","TCP","1514","8004  >  36768 [ACK] Seq=89966 Ack=144 Win=65024 Len=1448 TSval=2916041170 TSecr=3045560944 [TCP segment of a reassembled PDU]"
"59907","37.089708850","192.168.1.55","192.168.1.2","TCP","1514","8004  >  36768 [ACK] Seq=91414 Ack=144 Win=65024 Len=1448 TSval=2916041170 TSecr=3045560944 [TCP segment of a reassembled PDU]"
"59908","37.089710331","192.168.1.55","192.168.1.2","TCP","1514","8004  >  36768 [ACK] Seq=92862 Ack=144 Win=65024 Len=1448 TSval=2916041170 TSecr=3045560944 [TCP segment of a reassembled PDU]"
"59909","37.089713017","192.168.1.55","192.168.1.2","TCP","1514","8004  >  36768 [ACK] Seq=94310 Ack=144 Win=65024 Len=1448 TSval=2916041170 TSecr=3045560944 [TCP segment of a reassembled PDU]"
"59910","37.089714646","192.168.1.55","192.168.1.2","TCP","1514","8004  >  36768 [ACK] Seq=95758 Ack=144 Win=65024 Len=1448 TSval=2916041170 TSecr=3045560944 [TCP segment of a reassembled PDU]"
"59911","37.089715906","192.168.1.55","192.168.1.2","TCP","1514","8004  >  36768 [ACK] Seq=97206 Ack=144 Win=65024 Len=1448 TSval=2916041170 TSecr=3045560944 [TCP segment of a reassembled PDU]"
"59912","37.089717035","192.168.1.55","192.168.1.2","TCP","1514","8004  >  36768 [PSH, ACK] Seq=98654 Ack=144 Win=65024 Len=1448 TSval=2916041170 TSecr=3045560944 [TCP segment of a reassembled PDU]"
"59913","37.095056192","192.168.1.2","192.168.1.55","TCP","78","[TCP Window Update] 36768  >  8004 [ACK] Seq=144 Ack=42182 Win=86016 Len=0 TSval=3045560949 TSecr=2916041165 SLE=75486 SRE=76934"
"59914","37.095081914","192.168.1.55","192.168.1.2","TCP","1514","8004  >  36768 [ACK] Seq=100102 Ack=144 Win=65024 Len=1448 TSval=2916041175 TSecr=3045560949 [TCP segment of a reassembled PDU]"
"59915","37.095238933","192.168.1.2","192.168.1.55","TCP","78","36768  >  8004 [ACK] Seq=144 Ack=45078 Win=83968 Len=0 TSval=3045560949 TSecr=2916041170 SLE=75486 SRE=76934"
"59916","37.095249618","192.168.1.2","192.168.1.55","TCP","78","36768  >  8004 [ACK] Seq=144 Ack=62454 Win=67584 Len=0 TSval=3045560949 TSecr=2916041170 SLE=75486 SRE=76934"
"59917","37.095272803","192.168.1.55","192.168.1.2","TCP","1514","8004  >  36768 [ACK] Seq=101550 Ack=144 Win=65024 Len=1448 TSval=2916041175 TSecr=3045560949 [TCP segment of a reassembled PDU]"
"59918","37.095274970","192.168.1.55","192.168.1.2","TCP","1514","8004  >  36768 [ACK] Seq=102998 Ack=144 Win=65024 Len=1448 TSval=2916041175 TSecr=3045560949 [TCP segment of a reassembled PDU]"
"59919","37.095276340","192.168.1.55","192.168.1.2","TCP","1514","8004  >  36768 [ACK] Seq=104446 Ack=144 Win=65024 Len=1448 TSval=2916041175 TSecr=3045560949 [TCP segment of a reassembled PDU]"
"59920","37.095278063","192.168.1.55","192.168.1.2","TCP","1514","8004  >  36768 [ACK] Seq=105894 Ack=144 Win=65024 Len=1448 TSval=2916041175 TSecr=3045560949 [TCP segment of a reassembled PDU]"
"59921","37.095279674","192.168.1.55","192.168.1.2","TCP","1514","8004  >  36768 [ACK] Seq=107342 Ack=144 Win=65024 Len=1448 TSval=2916041175 TSecr=3045560949 [TCP segment of a reassembled PDU]"
"59922","37.095280655","192.168.1.55","192.168.1.2","TCP","1514","8004  >  36768 [ACK] Seq=108790 Ack=144 Win=65024 Len=1448 TSval=2916041175 TSecr=3045560949 [TCP segment of a reassembled PDU]"
"59923","37.095281989","192.168.1.55","192.168.1.2","TCP","1514","8004  >  36768 [ACK] Seq=110238 Ack=144 Win=65024 Len=1448 TSval=2916041175 TSecr=3045560949 [TCP segment of a reassembled PDU]"
"59924","37.095283192","192.168.1.55","192.168.1.2","TCP","1514","8004  >  36768 [ACK] Seq=111686 Ack=144 Win=65024 Len=1448 TSval=2916041175 TSecr=3045560949 [TCP segment of a reassembled PDU]"
"59925","37.095284933","192.168.1.55","192.168.1.2","TCP","1514","8004  >  36768 [ACK] Seq=113134 Ack=144 Win=65024 Len=1448 TSval=2916041175 TSecr=3045560949 [TCP segment of a reassembled PDU]"
"59926","37.095286192","192.168.1.55","192.168.1.2","TCP","1514","8004  >  36768 [ACK] Seq=114582 Ack=144 Win=65024 Len=1448 TSval=2916041175 TSecr=3045560949 [TCP segment of a reassembled PDU]"
"59927","37.095287433","192.168.1.55","192.168.1.2","TCP","1514","8004  >  36768 [ACK] Seq=116030 Ack=144 Win=65024 Len=1448 TSval=2916041175 TSecr=3045560949 [TCP segment of a reassembled PDU]"
"59928","37.095290155","192.168.1.55","192.168.1.2","TCP","1514","8004  >  36768 [PSH, ACK] Seq=117478 Ack=144 Win=65024 Len=1448 TSval=2916041175 TSecr=3045560949 [TCP segment of a reassembled PDU]"
"59929","37.095298618","192.168.1.2","192.168.1.55","TCP","78","[TCP Dup ACK 59916#1] 36768  >  8004 [ACK] Seq=144 Ack=62454 Win=67584 Len=0 TSval=3045560949 TSecr=2916041170 SLE=75486 SRE=95758"
"59930","37.095301952","192.168.1.2","192.168.1.55","TCP","78","36768  >  8004 [ACK] Seq=144 Ack=65350 Win=66560 Len=0 TSval=3045560949 TSecr=2916041170 SLE=75486 SRE=95758"
"59931","37.095383915","192.168.1.2","192.168.1.55","TCP","66","36768  >  8004 [ACK] Seq=144 Ack=95758 Win=59392 Len=0 TSval=3045560949 TSecr=2916041170"
"59932","37.095444007","192.168.1.55","192.168.1.2","TCP","1514","8004  >  36768 [ACK] Seq=118926 Ack=144 Win=65024 Len=1448 TSval=2916041176 TSecr=3045560949 [TCP segment of a reassembled PDU]"
"59933","37.095447267","192.168.1.55","192.168.1.2","TCP","1514","8004  >  36768 [ACK] Seq=120374 Ack=144 Win=65024 Len=1448 TSval=2916041176 TSecr=3045560949 [TCP segment of a reassembled PDU]"
"59934","37.095448804","192.168.1.55","192.168.1.2","TCP","1514","8004  >  36768 [ACK] Seq=121822 Ack=144 Win=65024 Len=1448 TSval=2916041176 TSecr=3045560949 [TCP segment of a reassembled PDU]"
"59935","37.095452100","192.168.1.55","192.168.1.2","TCP","1514","8004  >  36768 [ACK] Seq=123270 Ack=144 Win=65024 Len=1448 TSval=2916041176 TSecr=3045560949 [TCP segment of a reassembled PDU]"
"59936","37.095453248","192.168.1.55","192.168.1.2","TCP","1514","8004  >  36768 [ACK] Seq=124718 Ack=144 Win=65024 Len=1448 TSval=2916041176 TSecr=3045560949 [TCP segment of a reassembled PDU]"
"59937","37.095454711","192.168.1.55","192.168.1.2","TCP","1514","8004  >  36768 [ACK] Seq=126166 Ack=144 Win=65024 Len=1448 TSval=2916041176 TSecr=3045560949 [TCP segment of a reassembled PDU]"
"59938","37.095456396","192.168.1.55","192.168.1.2","TCP","1514","8004  >  36768 [ACK] Seq=127614 Ack=144 Win=65024 Len=1448 TSval=2916041176 TSecr=3045560949 [TCP segment of a reassembled PDU]"
"59939","37.095457730","192.168.1.55","192.168.1.2","TCP","1514","8004  >  36768 [ACK] Seq=129062 Ack=144 Win=65024 Len=1448 TSval=2916041176 TSecr=3045560949 [TCP segment of a reassembled PDU]"
"59940","37.095459526","192.168.1.55","192.168.1.2","TCP","1514","8004  >  36768 [ACK] Seq=130510 Ack=144 Win=65024 Len=1448 TSval=2916041176 TSecr=3045560949 [TCP segment of a reassembled PDU]"
"59941","37.095461841","192.168.1.55","192.168.1.2","TCP","1514","8004  >  36768 [ACK] Seq=131958 Ack=144 Win=65024 Len=1448 TSval=2916041176 TSecr=3045560949 [TCP segment of a reassembled PDU]"
"59942","37.095463322","192.168.1.55","192.168.1.2","TCP","1514","8004  >  36768 [ACK] Seq=133406 Ack=144 Win=65024 Len=1448 TSval=2916041176 TSecr=3045560949 [TCP segment of a reassembled PDU]"
"59943","37.095465600","192.168.1.55","192.168.1.2","TCP","1514","8004  >  36768 [ACK] Seq=134854 Ack=144 Win=65024 Len=1448 TSval=2916041176 TSecr=3045560949 [TCP segment of a reassembled PDU]"
"59944","37.095467174","192.168.1.55","192.168.1.2","TCP","1514","8004  >  36768 [ACK] Seq=136302 Ack=144 Win=65024 Len=1448 TSval=2916041176 TSecr=3045560949 [TCP segment of a reassembled PDU]"
"59945","37.095468322","192.168.1.55","192.168.1.2","TCP","1514","8004  >  36768 [ACK] Seq=137750 Ack=144 Win=65024 Len=1448 TSval=2916041176 TSecr=3045560949 [TCP segment of a reassembled PDU]"
"59946","37.095469656","192.168.1.55","192.168.1.2","TCP","1514","8004  >  36768 [ACK] Seq=139198 Ack=144 Win=65024 Len=1448 TSval=2916041176 TSecr=3045560949 [TCP segment of a reassembled PDU]"
"59947","37.095470748","192.168.1.55","192.168.1.2","TCP","1514","8004  >  36768 [ACK] Seq=140646 Ack=144 Win=65024 Len=1448 TSval=2916041176 TSecr=3045560949 [TCP segment of a reassembled PDU]"
"59948","37.095472470","192.168.1.55","192.168.1.2","TCP","1514","8004  >  36768 [ACK] Seq=142094 Ack=144 Win=65024 Len=1448 TSval=2916041176 TSecr=3045560949 [TCP segment of a reassembled PDU]"
"59949","37.095473952","192.168.1.55","192.168.1.2","TCP","1514","8004  >  36768 [ACK] Seq=143542 Ack=144 Win=65024 Len=1448 TSval=2916041176 TSecr=3045560949 [TCP segment of a reassembled PDU]"
"59950","37.095475619","192.168.1.55","192.168.1.2","TCP","1514","8004  >  36768 [ACK] Seq=144990 Ack=144 Win=65024 Len=1448 TSval=2916041176 TSecr=3045560949 [TCP segment of a reassembled PDU]"
"59951","37.095477396","192.168.1.55","192.168.1.2","TCP","1514","8004  >  36768 [ACK] Seq=146438 Ack=144 Win=65024 Len=1448 TSval=2916041176 TSecr=3045560949 [TCP segment of a reassembled PDU]"
"59952","37.095478859","192.168.1.55","192.168.1.2","TCP","1514","8004  >  36768 [ACK] Seq=147886 Ack=144 Win=65024 Len=1448 TSval=2916041176 TSecr=3045560949 [TCP segment of a reassembled PDU]"
"59953","37.095480026","192.168.1.55","192.168.1.2","TCP","1514","8004  >  36768 [ACK] Seq=149334 Ack=144 Win=65024 Len=1448 TSval=2916041176 TSecr=3045560949 [TCP segment of a reassembled PDU]"
"59954","37.095491600","192.168.1.55","192.168.1.2","TCP","1514","8004  >  36768 [ACK] Seq=150782 Ack=144 Win=65024 Len=1448 TSval=2916041176 TSecr=3045560949 [TCP segment of a reassembled PDU]"
"59955","37.095494081","192.168.1.55","192.168.1.2","TCP","1514","8004  >  36768 [ACK] Seq=152230 Ack=144 Win=65024 Len=1448 TSval=2916041176 TSecr=3045560949 [TCP segment of a reassembled PDU]"
"59956","37.095495915","192.168.1.55","192.168.1.2","TCP","1514","8004  >  36768 [ACK] Seq=153678 Ack=144 Win=65024 Len=1448 TSval=2916041176 TSecr=3045560949 [TCP segment of a reassembled PDU]"
"59957","37.095497526","192.168.1.55","192.168.1.2","TCP","90","[TCP Window Full] 8004  >  36768 [PSH, ACK] Seq=155126 Ack=144 Win=65024 Len=24 TSval=2916041176 TSecr=3045560949 [TCP segment of a reassembled PDU]"
"59958","37.095502156","192.168.1.2","192.168.1.55","TCP","66","36768  >  8004 [ACK] Seq=144 Ack=97206 Win=83968 Len=0 TSval=3045560950 TSecr=2916041170"
"59959","37.095507248","192.168.1.2","192.168.1.55","TCP","66","36768  >  8004 [ACK] Seq=144 Ack=100102 Win=84992 Len=0 TSval=3045560950 TSecr=2916041170"
"59960","37.095584600","192.168.1.55","192.168.1.2","TCP","1514","8004  >  36768 [ACK] Seq=155150 Ack=144 Win=65024 Len=1448 TSval=2916041176 TSecr=3045560950 [TCP segment of a reassembled PDU]"
"59961","37.095589915","192.168.1.55","192.168.1.2","TCP","1514","8004  >  36768 [ACK] Seq=156598 Ack=144 Win=65024 Len=1448 TSval=2916041176 TSecr=3045560950 [TCP segment of a reassembled PDU]"
"59962","37.095591563","192.168.1.55","192.168.1.2","TCP","1514","8004  >  36768 [PSH, ACK] Seq=158046 Ack=144 Win=65024 Len=1448 TSval=2916041176 TSecr=3045560950 [TCP segment of a reassembled PDU]"
"59963","37.096739324","192.168.1.55","192.168.1.2","TCP","1490","8004  >  36768 [ACK] Seq=159494 Ack=144 Win=65024 Len=1424 TSval=2916041177 TSecr=3045560950 [TCP segment of a reassembled PDU]"
"59964","37.096762602","192.168.1.55","192.168.1.2","TCP","1514","8004  >  36768 [ACK] Seq=160918 Ack=144 Win=65024 Len=1448 TSval=2916041177 TSecr=3045560950 [TCP segment of a reassembled PDU]"
"59965","37.096763935","192.168.1.55","192.168.1.2","TCP","1514","8004  >  36768 [ACK] Seq=162366 Ack=144 Win=65024 Len=1448 TSval=2916041177 TSecr=3045560950 [TCP segment of a reassembled PDU]"
"59966","37.096765121","192.168.1.55","192.168.1.2","TCP","1514","8004  >  36768 [ACK] Seq=163814 Ack=144 Win=65024 Len=1448 TSval=2916041177 TSecr=3045560950 [TCP segment of a reassembled PDU]"
"59967","37.096766232","192.168.1.55","192.168.1.2","TCP","1514","8004  >  36768 [ACK] Seq=165262 Ack=144 Win=65024 Len=1448 TSval=2916041177 TSecr=3045560950 [TCP segment of a reassembled PDU]"
"59968","37.096767472","192.168.1.55","192.168.1.2","TCP","1514","8004  >  36768 [ACK] Seq=166710 Ack=144 Win=65024 Len=1448 TSval=2916041177 TSecr=3045560950 [TCP segment of a reassembled PDU]"
"59969","37.096768639","192.168.1.55","192.168.1.2","TCP","1514","8004  >  36768 [ACK] Seq=168158 Ack=144 Win=65024 Len=1448 TSval=2916041177 TSecr=3045560950 [TCP segment of a reassembled PDU]"
"59970","37.096769695","192.168.1.55","192.168.1.2","TCP","1514","8004  >  36768 [ACK] Seq=169606 Ack=144 Win=65024 Len=1448 TSval=2916041177 TSecr=3045560950 [TCP segment of a reassembled PDU]"
"59971","37.096770806","192.168.1.55","192.168.1.2","TCP","1514","8004  >  36768 [ACK] Seq=171054 Ack=144 Win=65024 Len=1448 TSval=2916041177 TSecr=3045560950 [TCP segment of a reassembled PDU]"
"59972","37.096771917","192.168.1.55","192.168.1.2","TCP","1514","8004  >  36768 [ACK] Seq=172502 Ack=144 Win=65024 Len=1448 TSval=2916041177 TSecr=3045560950 [TCP segment of a reassembled PDU]"
"59973","37.096773028","192.168.1.55","192.168.1.2","TCP","1514","8004  >  36768 [ACK] Seq=173950 Ack=144 Win=65024 Len=1448 TSval=2916041177 TSecr=3045560950 [TCP segment of a reassembled PDU]"
"59974","37.096774195","192.168.1.55","192.168.1.2","TCP","1514","8004  >  36768 [ACK] Seq=175398 Ack=144 Win=65024 Len=1448 TSval=2916041177 TSecr=3045560950 [TCP segment of a reassembled PDU]"
"59975","37.096775232","192.168.1.55","192.168.1.2","TCP","1514","8004  >  36768 [ACK] Seq=176846 Ack=144 Win=65024 Len=1448 TSval=2916041177 TSecr=3045560950 [TCP segment of a reassembled PDU]"
"59976","37.096776435","192.168.1.55","192.168.1.2","TCP","1514","8004  >  36768 [ACK] Seq=178294 Ack=144 Win=65024 Len=1448 TSval=2916041177 TSecr=3045560950 [TCP segment of a reassembled PDU]"
"59977","37.096777509","192.168.1.55","192.168.1.2","TCP","1514","8004  >  36768 [ACK] Seq=179742 Ack=144 Win=65024 Len=1448 TSval=2916041177 TSecr=3045560950 [TCP segment of a reassembled PDU]"
"59978","37.096778565","192.168.1.55","192.168.1.2","TCP","1514","8004  >  36768 [ACK] Seq=181190 Ack=144 Win=65024 Len=1448 TSval=2916041177 TSecr=3045560950 [TCP segment of a reassembled PDU]"
"59979","37.096779732","192.168.1.55","192.168.1.2","TCP","1514","8004  >  36768 [PSH, ACK] Seq=182638 Ack=144 Win=65024 Len=1448 TSval=2916041177 TSecr=3045560950 [TCP segment of a reassembled PDU]"
"59980","37.100763275","192.168.1.2","192.168.1.55","TCP","66","36768  >  8004 [ACK] Seq=144 Ack=101550 Win=83968 Len=0 TSval=3045560952 TSecr=2916041175"
"59981","37.102655482","192.168.1.2","192.168.1.55","TCP","66","36768  >  8004 [ACK] Seq=144 Ack=118926 Win=87040 Len=0 TSval=3045560957 TSecr=2916041175"
"59982","37.102691649","192.168.1.55","192.168.1.2","TCP","1514","8004  >  36768 [ACK] Seq=184086 Ack=144 Win=65024 Len=1448 TSval=2916041183 TSecr=3045560957 [TCP segment of a reassembled PDU]"
"59983","37.102695612","192.168.1.55","192.168.1.2","TCP","1514","8004  >  36768 [ACK] Seq=185534 Ack=144 Win=65024 Len=1448 TSval=2916041183 TSecr=3045560957 [TCP segment of a reassembled PDU]"
"59984","37.102696926","192.168.1.55","192.168.1.2","TCP","1514","8004  >  36768 [ACK] Seq=186982 Ack=144 Win=65024 Len=1448 TSval=2916041183 TSecr=3045560957 [TCP segment of a reassembled PDU]"
"59985","37.102698093","192.168.1.55","192.168.1.2","TCP","1514","8004  >  36768 [ACK] Seq=188430 Ack=144 Win=65024 Len=1448 TSval=2916041183 TSecr=3045560957 [TCP segment of a reassembled PDU]"
"59986","37.102699352","192.168.1.55","192.168.1.2","TCP","1514","8004  >  36768 [ACK] Seq=189878 Ack=144 Win=65024 Len=1448 TSval=2916041183 TSecr=3045560957 [TCP segment of a reassembled PDU]"
"59987","37.102700556","192.168.1.55","192.168.1.2","TCP","1514","8004  >  36768 [ACK] Seq=191326 Ack=144 Win=65024 Len=1448 TSval=2916041183 TSecr=3045560957 [TCP segment of a reassembled PDU]"
"59988","37.102701723","192.168.1.55","192.168.1.2","TCP","1514","8004  >  36768 [ACK] Seq=192774 Ack=144 Win=65024 Len=1448 TSval=2916041183 TSecr=3045560957 [TCP segment of a reassembled PDU]"
"59989","37.102702945","192.168.1.55","192.168.1.2","TCP","1514","8004  >  36768 [ACK] Seq=194222 Ack=144 Win=65024 Len=1448 TSval=2916041183 TSecr=3045560957 [TCP segment of a reassembled PDU]"
"59990","37.102704149","192.168.1.55","192.168.1.2","TCP","1514","8004  >  36768 [ACK] Seq=195670 Ack=144 Win=65024 Len=1448 TSval=2916041183 TSecr=3045560957 [TCP segment of a reassembled PDU]"
"59991","37.102705519","192.168.1.55","192.168.1.2","TCP","1514","8004  >  36768 [ACK] Seq=197118 Ack=144 Win=65024 Len=1448 TSval=2916041183 TSecr=3045560957 [TCP segment of a reassembled PDU]"
"59992","37.102706815","192.168.1.55","192.168.1.2","TCP","1514","8004  >  36768 [ACK] Seq=198566 Ack=144 Win=65024 Len=1448 TSval=2916041183 TSecr=3045560957 [TCP segment of a reassembled PDU]"
"59993","37.102708204","192.168.1.55","192.168.1.2","TCP","1514","8004  >  36768 [ACK] Seq=200014 Ack=144 Win=65024 Len=1448 TSval=2916041183 TSecr=3045560957 [TCP segment of a reassembled PDU]"
"59994","37.102709445","192.168.1.55","192.168.1.2","TCP","1514","8004  >  36768 [PSH, ACK] Seq=201462 Ack=144 Win=65024 Len=1448 TSval=2916041183 TSecr=3045560957 [TCP segment of a reassembled PDU]"
"59995","37.103287835","192.168.1.2","192.168.1.55","TCP","66","36768  >  8004 [ACK] Seq=144 Ack=155150 Win=71680 Len=0 TSval=3045560957 TSecr=2916041176"
"59996","37.103315983","192.168.1.55","192.168.1.2","TCP","1514","8004  >  36768 [ACK] Seq=202910 Ack=144 Win=65024 Len=1448 TSval=2916041184 TSecr=3045560957 [TCP segment of a reassembled PDU]"
"59997","37.103318372","192.168.1.55","192.168.1.2","TCP","1514","8004  >  36768 [ACK] Seq=204358 Ack=144 Win=65024 Len=1448 TSval=2916041184 TSecr=3045560957 [TCP segment of a reassembled PDU]"
"59998","37.103319502","192.168.1.55","192.168.1.2","TCP","1514","8004  >  36768 [ACK] Seq=205806 Ack=144 Win=65024 Len=1448 TSval=2916041184 TSecr=3045560957 [TCP segment of a reassembled PDU]"
"59999","37.103320705","192.168.1.55","192.168.1.2","TCP","1514","8004  >  36768 [ACK] Seq=207254 Ack=144 Win=65024 Len=1448 TSval=2916041184 TSecr=3045560957 [TCP segment of a reassembled PDU]"
"60000","37.103321983","192.168.1.55","192.168.1.2","TCP","1514","8004  >  36768 [ACK] Seq=208702 Ack=144 Win=65024 Len=1448 TSval=2916041184 TSecr=3045560957 [TCP segment of a reassembled PDU]"
"60001","37.103323113","192.168.1.55","192.168.1.2","TCP","1514","8004  >  36768 [ACK] Seq=210150 Ack=144 Win=65024 Len=1448 TSval=2916041184 TSecr=3045560957 [TCP segment of a reassembled PDU]"
"60002","37.103324427","192.168.1.55","192.168.1.2","TCP","1514","8004  >  36768 [ACK] Seq=211598 Ack=144 Win=65024 Len=1448 TSval=2916041184 TSecr=3045560957 [TCP segment of a reassembled PDU]"
"60003","37.103325631","192.168.1.55","192.168.1.2","TCP","1514","8004  >  36768 [ACK] Seq=213046 Ack=144 Win=65024 Len=1448 TSval=2916041184 TSecr=3045560957 [TCP segment of a reassembled PDU]"
"60004","37.103326835","192.168.1.55","192.168.1.2","TCP","1514","8004  >  36768 [ACK] Seq=214494 Ack=144 Win=65024 Len=1448 TSval=2916041184 TSecr=3045560957 [TCP segment of a reassembled PDU]"
"60005","37.103328076","192.168.1.55","192.168.1.2","TCP","1514","8004  >  36768 [ACK] Seq=215942 Ack=144 Win=65024 Len=1448 TSval=2916041184 TSecr=3045560957 [TCP segment of a reassembled PDU]"
"60006","37.103329298","192.168.1.55","192.168.1.2","TCP","1514","8004  >  36768 [ACK] Seq=217390 Ack=144 Win=65024 Len=1448 TSval=2916041184 TSecr=3045560957 [TCP segment of a reassembled PDU]"
"60007","37.103330502","192.168.1.55","192.168.1.2","TCP","1514","8004  >  36768 [ACK] Seq=218838 Ack=144 Win=65024 Len=1448 TSval=2916041184 TSecr=3045560957 [TCP segment of a reassembled PDU]"
"60008","37.103331687","192.168.1.55","192.168.1.2","TCP","1514","8004  >  36768 [ACK] Seq=220286 Ack=144 Win=65024 Len=1448 TSval=2916041184 TSecr=3045560957 [TCP segment of a reassembled PDU]"
"60009","37.103332890","192.168.1.55","192.168.1.2","TCP","1514","8004  >  36768 [ACK] Seq=221734 Ack=144 Win=65024 Len=1448 TSval=2916041184 TSecr=3045560957 [TCP segment of a reassembled PDU]"
"60010","37.103334131","192.168.1.55","192.168.1.2","TCP","1514","8004  >  36768 [ACK] Seq=223182 Ack=144 Win=65024 Len=1448 TSval=2916041184 TSecr=3045560957 [TCP segment of a reassembled PDU]"
"60011","37.103335316","192.168.1.55","192.168.1.2","TCP","1514","8004  >  36768 [PSH, ACK] Seq=224630 Ack=144 Win=65024 Len=1448 TSval=2916041184 TSecr=3045560957 [TCP segment of a reassembled PDU]"
"60012","37.103339502","192.168.1.2","192.168.1.55","TCP","66","36768  >  8004 [ACK] Seq=144 Ack=159494 Win=96256 Len=0 TSval=3045560957 TSecr=2916041176"
"60013","37.103362279","192.168.1.55","192.168.1.2","TCP","1514","8004  >  36768 [ACK] Seq=226078 Ack=144 Win=65024 Len=1448 TSval=2916041184 TSecr=3045560957 [TCP segment of a reassembled PDU]"
"60014","37.103363928","192.168.1.55","192.168.1.2","TCP","1514","8004  >  36768 [ACK] Seq=227526 Ack=144 Win=65024 Len=1448 TSval=2916041184 TSecr=3045560957 [TCP segment of a reassembled PDU]"
"60015","37.103365168","192.168.1.55","192.168.1.2","TCP","1514","8004  >  36768 [ACK] Seq=228974 Ack=144 Win=65024 Len=1448 TSval=2916041184 TSecr=3045560957 [TCP segment of a reassembled PDU]"
"60016","37.103366446","192.168.1.55","192.168.1.2","TCP","1514","8004  >  36768 [ACK] Seq=230422 Ack=144 Win=65024 Len=1448 TSval=2916041184 TSecr=3045560957 [TCP segment of a reassembled PDU]"
"60017","37.103367613","192.168.1.55","192.168.1.2","TCP","1514","8004  >  36768 [ACK] Seq=231870 Ack=144 Win=65024 Len=1448 TSval=2916041184 TSecr=3045560957 [TCP segment of a reassembled PDU]"
"60018","37.103368853","192.168.1.55","192.168.1.2","TCP","1514","8004  >  36768 [ACK] Seq=233318 Ack=144 Win=65024 Len=1448 TSval=2916041184 TSecr=3045560957 [TCP segment of a reassembled PDU]"
"60019","37.103370020","192.168.1.55","192.168.1.2","TCP","1514","8004  >  36768 [ACK] Seq=234766 Ack=144 Win=65024 Len=1448 TSval=2916041184 TSecr=3045560957 [TCP segment of a reassembled PDU]"
"60020","37.103371187","192.168.1.55","192.168.1.2","TCP","1514","8004  >  36768 [ACK] Seq=236214 Ack=144 Win=65024 Len=1448 TSval=2916041184 TSecr=3045560957 [TCP segment of a reassembled PDU]"
"60021","37.103372557","192.168.1.55","192.168.1.2","TCP","1514","8004  >  36768 [ACK] Seq=237662 Ack=144 Win=65024 Len=1448 TSval=2916041184 TSecr=3045560957 [TCP segment of a reassembled PDU]"
"60022","37.103373816","192.168.1.55","192.168.1.2","TCP","1514","8004  >  36768 [ACK] Seq=239110 Ack=144 Win=65024 Len=1448 TSval=2916041184 TSecr=3045560957 [TCP segment of a reassembled PDU]"
"60023","37.103375002","192.168.1.55","192.168.1.2","TCP","1514","8004  >  36768 [ACK] Seq=240558 Ack=144 Win=65024 Len=1448 TSval=2916041184 TSecr=3045560957 [TCP segment of a reassembled PDU]"
"60024","37.103376261","192.168.1.55","192.168.1.2","TCP","1514","8004  >  36768 [ACK] Seq=242006 Ack=144 Win=65024 Len=1448 TSval=2916041184 TSecr=3045560957 [TCP segment of a reassembled PDU]"
"60025","37.103377446","192.168.1.55","192.168.1.2","TCP","1514","8004  >  36768 [PSH, ACK] Seq=243454 Ack=144 Win=65024 Len=1448 TSval=2916041184 TSecr=3045560957 [TCP segment of a reassembled PDU]"
"60026","37.103381335","192.168.1.2","192.168.1.55","TCP","66","36768  >  8004 [ACK] Seq=144 Ack=160918 Win=99328 Len=0 TSval=3045560958 TSecr=2916041177"
"60027","37.104416818","192.168.1.2","192.168.1.55","TCP","66","36768  >  8004 [ACK] Seq=144 Ack=184086 Win=83968 Len=0 TSval=3045560958 TSecr=2916041177"
"60028","37.104438077","192.168.1.55","192.168.1.2","TCP","1514","8004  >  36768 [ACK] Seq=244902 Ack=144 Win=65024 Len=1448 TSval=2916041185 TSecr=3045560958 [TCP segment of a reassembled PDU]"
"60029","37.104439763","192.168.1.55","192.168.1.2","TCP","1514","8004  >  36768 [ACK] Seq=246350 Ack=144 Win=65024 Len=1448 TSval=2916041185 TSecr=3045560958 [TCP segment of a reassembled PDU]"
"60030","37.104441355","192.168.1.55","192.168.1.2","TCP","1514","8004  >  36768 [ACK] Seq=247798 Ack=144 Win=65024 Len=1448 TSval=2916041185 TSecr=3045560958 [TCP segment of a reassembled PDU]"
"60031","37.104442614","192.168.1.55","192.168.1.2","TCP","1514","8004  >  36768 [ACK] Seq=249246 Ack=144 Win=65024 Len=1448 TSval=2916041185 TSecr=3045560958 [TCP segment of a reassembled PDU]"
"60032","37.104443892","192.168.1.55","192.168.1.2","TCP","1514","8004  >  36768 [ACK] Seq=250694 Ack=144 Win=65024 Len=1448 TSval=2916041185 TSecr=3045560958 [TCP segment of a reassembled PDU]"
"60033","37.104445189","192.168.1.55","192.168.1.2","TCP","1514","8004  >  36768 [ACK] Seq=252142 Ack=144 Win=65024 Len=1448 TSval=2916041185 TSecr=3045560958 [TCP segment of a reassembled PDU]"
"60034","37.104446466","192.168.1.55","192.168.1.2","TCP","1514","8004  >  36768 [ACK] Seq=253590 Ack=144 Win=65024 Len=1448 TSval=2916041185 TSecr=3045560958 [TCP segment of a reassembled PDU]"
"60035","37.104447855","192.168.1.55","192.168.1.2","TCP","1514","8004  >  36768 [ACK] Seq=255038 Ack=144 Win=65024 Len=1448 TSval=2916041185 TSecr=3045560958 [TCP segment of a reassembled PDU]"
"60036","37.104449133","192.168.1.55","192.168.1.2","TCP","1514","8004  >  36768 [ACK] Seq=256486 Ack=144 Win=65024 Len=1448 TSval=2916041185 TSecr=3045560958 [TCP segment of a reassembled PDU]"
"60037","37.104450337","192.168.1.55","192.168.1.2","TCP","1514","8004  >  36768 [ACK] Seq=257934 Ack=144 Win=65024 Len=1448 TSval=2916041185 TSecr=3045560958 [TCP segment of a reassembled PDU]"
"60038","37.104451689","192.168.1.55","192.168.1.2","TCP","1514","8004  >  36768 [ACK] Seq=259382 Ack=144 Win=65024 Len=1448 TSval=2916041185 TSecr=3045560958 [TCP segment of a reassembled PDU]"
"60039","37.104453244","192.168.1.55","192.168.1.2","TCP","1514","8004  >  36768 [ACK] Seq=260830 Ack=144 Win=65024 Len=1448 TSval=2916041185 TSecr=3045560958 [TCP segment of a reassembled PDU]"
"60040","37.104454411","192.168.1.55","192.168.1.2","TCP","1514","8004  >  36768 [ACK] Seq=262278 Ack=144 Win=65024 Len=1448 TSval=2916041185 TSecr=3045560958 [TCP segment of a reassembled PDU]"
"60041","37.104456133","192.168.1.55","192.168.1.2","TCP","1514","8004  >  36768 [ACK] Seq=263726 Ack=144 Win=65024 Len=1448 TSval=2916041185 TSecr=3045560958 [TCP segment of a reassembled PDU]"
"60042","37.104457540","192.168.1.55","192.168.1.2","TCP","1514","8004  >  36768 [ACK] Seq=265174 Ack=144 Win=65024 Len=1448 TSval=2916041185 TSecr=3045560958 [TCP segment of a reassembled PDU]"
"60043","37.104458726","192.168.1.55","192.168.1.2","TCP","1498","[TCP Window Full] 8004  >  36768 [PSH, ACK] Seq=266622 Ack=144 Win=65024 Len=1432 TSval=2916041185 TSecr=3045560958 [TCP segment of a reassembled PDU]"
"60044","37.108480695","192.168.1.2","192.168.1.55","TCP","66","36768  >  8004 [ACK] Seq=144 Ack=195670 Win=91136 Len=0 TSval=3045560960 TSecr=2916041183"
"60045","37.108499862","192.168.1.55","192.168.1.2","TCP","1514","8004  >  36768 [ACK] Seq=268054 Ack=144 Win=65024 Len=1448 TSval=2916041189 TSecr=3045560960 [TCP segment of a reassembled PDU]"
"60046","37.108502362","192.168.1.55","192.168.1.2","TCP","1514","8004  >  36768 [ACK] Seq=269502 Ack=144 Win=65024 Len=1448 TSval=2916041189 TSecr=3045560960 [TCP segment of a reassembled PDU]"
"60047","37.108503788","192.168.1.55","192.168.1.2","TCP","1514","8004  >  36768 [ACK] Seq=270950 Ack=144 Win=65024 Len=1448 TSval=2916041189 TSecr=3045560960 [TCP segment of a reassembled PDU]"
"60048","37.108505140","192.168.1.55","192.168.1.2","TCP","1514","8004  >  36768 [ACK] Seq=272398 Ack=144 Win=65024 Len=1448 TSval=2916041189 TSecr=3045560960 [TCP segment of a reassembled PDU]"
"60049","37.108506510","192.168.1.55","192.168.1.2","TCP","1514","8004  >  36768 [ACK] Seq=273846 Ack=144 Win=65024 Len=1448 TSval=2916041189 TSecr=3045560960 [TCP segment of a reassembled PDU]"
"60050","37.108507880","192.168.1.55","192.168.1.2","TCP","1514","8004  >  36768 [ACK] Seq=275294 Ack=144 Win=65024 Len=1448 TSval=2916041189 TSecr=3045560960 [TCP segment of a reassembled PDU]"
"60051","37.108509325","192.168.1.55","192.168.1.2","TCP","1514","8004  >  36768 [ACK] Seq=276742 Ack=144 Win=65024 Len=1448 TSval=2916041189 TSecr=3045560960 [TCP segment of a reassembled PDU]"
"60052","37.108510714","192.168.1.55","192.168.1.2","TCP","1514","8004  >  36768 [ACK] Seq=278190 Ack=144 Win=65024 Len=1448 TSval=2916041189 TSecr=3045560960 [TCP segment of a reassembled PDU]"
"60053","37.108512010","192.168.1.55","192.168.1.2","TCP","1514","8004  >  36768 [ACK] Seq=279638 Ack=144 Win=65024 Len=1448 TSval=2916041189 TSecr=3045560960 [TCP segment of a reassembled PDU]"
"60054","37.108513325","192.168.1.55","192.168.1.2","TCP","1514","8004  >  36768 [ACK] Seq=281086 Ack=144 Win=65024 Len=1448 TSval=2916041189 TSecr=3045560960 [TCP segment of a reassembled PDU]"
"60055","37.108514603","192.168.1.55","192.168.1.2","TCP","1514","8004  >  36768 [ACK] Seq=282534 Ack=144 Win=65024 Len=1448 TSval=2916041189 TSecr=3045560960 [TCP segment of a reassembled PDU]"
"60056","37.108515880","192.168.1.55","192.168.1.2","TCP","1514","8004  >  36768 [PSH, ACK] Seq=283982 Ack=144 Win=65024 Len=1448 TSval=2916041189 TSecr=3045560960 [TCP segment of a reassembled PDU]"
"60057","37.111342885","192.168.1.2","192.168.1.55","TCP","66","36768  >  8004 [ACK] Seq=144 Ack=202910 Win=113664 Len=0 TSval=3045560964 TSecr=2916041183"
"60058","37.111353255","192.168.1.55","192.168.1.2","TCP","1514","8004  >  36768 [ACK] Seq=285430 Ack=144 Win=65024 Len=1448 TSval=2916041192 TSecr=3045560964 [TCP segment of a reassembled PDU]"
"60059","37.111358126","192.168.1.55","192.168.1.2","TCP","82","8004  >  36768 [ACK] Seq=286878 Ack=144 Win=65024 Len=16 TSval=2916041192 TSecr=3045560964 [TCP segment of a reassembled PDU]"
"60060","37.111535126","192.168.1.2","192.168.1.55","TCP","66","36768  >  8004 [ACK] Seq=144 Ack=226078 Win=113664 Len=0 TSval=3045560964 TSecr=2916041184"
"60061","37.111567219","192.168.1.55","192.168.1.2","TCP","1514","8004  >  36768 [ACK] Seq=286894 Ack=144 Win=65024 Len=1448 TSval=2916041192 TSecr=3045560964 [TCP segment of a reassembled PDU]"
"60062","37.111569737","192.168.1.55","192.168.1.2","TCP","1514","8004  >  36768 [ACK] Seq=288342 Ack=144 Win=65024 Len=1448 TSval=2916041192 TSecr=3045560964 [TCP segment of a reassembled PDU]"
"60063","37.111571070","192.168.1.55","192.168.1.2","TCP","1514","8004  >  36768 [ACK] Seq=289790 Ack=144 Win=65024 Len=1448 TSval=2916041192 TSecr=3045560964 [TCP segment of a reassembled PDU]"
"60064","37.111572533","192.168.1.55","192.168.1.2","TCP","1514","8004  >  36768 [ACK] Seq=291238 Ack=144 Win=65024 Len=1448 TSval=2916041192 TSecr=3045560964 [TCP segment of a reassembled PDU]"
"60065","37.111573904","192.168.1.55","192.168.1.2","TCP","1514","8004  >  36768 [ACK] Seq=292686 Ack=144 Win=65024 Len=1448 TSval=2916041192 TSecr=3045560964 [TCP segment of a reassembled PDU]"
"60066","37.111575422","192.168.1.55","192.168.1.2","TCP","1514","8004  >  36768 [ACK] Seq=294134 Ack=144 Win=65024 Len=1448 TSval=2916041192 TSecr=3045560964 [TCP segment of a reassembled PDU]"
"60067","37.111576830","192.168.1.55","192.168.1.2","TCP","1514","8004  >  36768 [ACK] Seq=295582 Ack=144 Win=65024 Len=1448 TSval=2916041192 TSecr=3045560964 [TCP segment of a reassembled PDU]"
"60068","37.111578404","192.168.1.55","192.168.1.2","TCP","1514","8004  >  36768 [ACK] Seq=297030 Ack=144 Win=65024 Len=1448 TSval=2916041192 TSecr=3045560964 [TCP segment of a reassembled PDU]"
"60069","37.111579700","192.168.1.55","192.168.1.2","TCP","1514","8004  >  36768 [ACK] Seq=298478 Ack=144 Win=65024 Len=1448 TSval=2916041192 TSecr=3045560964 [TCP segment of a reassembled PDU]"
"60070","37.111581219","192.168.1.55","192.168.1.2","TCP","1514","8004  >  36768 [ACK] Seq=299926 Ack=144 Win=65024 Len=1448 TSval=2916041192 TSecr=3045560964 [TCP segment of a reassembled PDU]"
"60071","37.111582682","192.168.1.55","192.168.1.2","TCP","1514","8004  >  36768 [ACK] Seq=301374 Ack=144 Win=65024 Len=1448 TSval=2916041192 TSecr=3045560964 [TCP segment of a reassembled PDU]"
"60072","37.111584052","192.168.1.55","192.168.1.2","TCP","1514","8004  >  36768 [ACK] Seq=302822 Ack=144 Win=65024 Len=1448 TSval=2916041192 TSecr=3045560964 [TCP segment of a reassembled PDU]"
"60073","37.111585515","192.168.1.55","192.168.1.2","TCP","1514","8004  >  36768 [ACK] Seq=304270 Ack=144 Win=65024 Len=1448 TSval=2916041192 TSecr=3045560964 [TCP segment of a reassembled PDU]"
"60074","37.111586793","192.168.1.55","192.168.1.2","TCP","1514","8004  >  36768 [ACK] Seq=305718 Ack=144 Win=65024 Len=1448 TSval=2916041192 TSecr=3045560964 [TCP segment of a reassembled PDU]"
"60075","37.111588163","192.168.1.55","192.168.1.2","TCP","1514","8004  >  36768 [ACK] Seq=307166 Ack=144 Win=65024 Len=1448 TSval=2916041192 TSecr=3045560964 [TCP segment of a reassembled PDU]"
"60076","37.111589478","192.168.1.55","192.168.1.2","TCP","1514","8004  >  36768 [ACK] Seq=308614 Ack=144 Win=65024 Len=1448 TSval=2916041192 TSecr=3045560964 [TCP segment of a reassembled PDU]"
"60077","37.111590756","192.168.1.55","192.168.1.2","TCP","1514","8004  >  36768 [ACK] Seq=310062 Ack=144 Win=65024 Len=1448 TSval=2916041192 TSecr=3045560964 [TCP segment of a reassembled PDU]"
"60078","37.111592293","192.168.1.55","192.168.1.2","TCP","1514","8004  >  36768 [ACK] Seq=311510 Ack=144 Win=65024 Len=1448 TSval=2916041192 TSecr=3045560964 [TCP segment of a reassembled PDU]"
"60079","37.111593589","192.168.1.55","192.168.1.2","TCP","1514","8004  >  36768 [ACK] Seq=312958 Ack=144 Win=65024 Len=1448 TSval=2916041192 TSecr=3045560964 [TCP segment of a reassembled PDU]"
"60080","37.111594978","192.168.1.55","192.168.1.2","TCP","1514","8004  >  36768 [ACK] Seq=314406 Ack=144 Win=65024 Len=1448 TSval=2916041192 TSecr=3045560964 [TCP segment of a reassembled PDU]"
"60081","37.111596293","192.168.1.55","192.168.1.2","TCP","1514","8004  >  36768 [ACK] Seq=315854 Ack=144 Win=65024 Len=1448 TSval=2916041192 TSecr=3045560964 [TCP segment of a reassembled PDU]"
"60082","37.111597645","192.168.1.55","192.168.1.2","TCP","1514","8004  >  36768 [ACK] Seq=317302 Ack=144 Win=65024 Len=1448 TSval=2916041192 TSecr=3045560964 [TCP segment of a reassembled PDU]"
"60083","37.111599256","192.168.1.55","192.168.1.2","TCP","1514","8004  >  36768 [ACK] Seq=318750 Ack=144 Win=65024 Len=1448 TSval=2916041192 TSecr=3045560964 [TCP segment of a reassembled PDU]"
"60084","37.111600607","192.168.1.55","192.168.1.2","TCP","1514","8004  >  36768 [ACK] Seq=320198 Ack=144 Win=65024 Len=1448 TSval=2916041192 TSecr=3045560964 [TCP segment of a reassembled PDU]"
"60085","37.111601904","192.168.1.55","192.168.1.2","TCP","1514","8004  >  36768 [ACK] Seq=321646 Ack=144 Win=65024 Len=1448 TSval=2916041192 TSecr=3045560964 [TCP segment of a reassembled PDU]"
"60086","37.111603293","192.168.1.55","192.168.1.2","TCP","1514","8004  >  36768 [ACK] Seq=323094 Ack=144 Win=65024 Len=1448 TSval=2916041192 TSecr=3045560964 [TCP segment of a reassembled PDU]"
"60087","37.111604682","192.168.1.55","192.168.1.2","TCP","1514","8004  >  36768 [ACK] Seq=324542 Ack=144 Win=65024 Len=1448 TSval=2916041192 TSecr=3045560964 [TCP segment of a reassembled PDU]"
"60088","37.111606200","192.168.1.55","192.168.1.2","TCP","1514","8004  >  36768 [ACK] Seq=325990 Ack=144 Win=65024 Len=1448 TSval=2916041192 TSecr=3045560964 [TCP segment of a reassembled PDU]"
"60089","37.111607570","192.168.1.55","192.168.1.2","TCP","1514","8004  >  36768 [PSH, ACK] Seq=327438 Ack=144 Win=65024 Len=1448 TSval=2916041192 TSecr=3045560964 [TCP segment of a reassembled PDU]"
"60090","37.111612774","192.168.1.2","192.168.1.55","TCP","66","36768  >  8004 [ACK] Seq=144 Ack=244902 Win=112640 Len=0 TSval=3045560965 TSecr=2916041184"
"60091","37.111620848","192.168.1.2","192.168.1.55","TCP","66","36768  >  8004 [ACK] Seq=144 Ack=263726 Win=96256 Len=0 TSval=3045560965 TSecr=2916041185"
"60092","37.114819335","192.168.1.2","192.168.1.55","TCP","66","36768  >  8004 [ACK] Seq=144 Ack=268054 Win=121856 Len=0 TSval=3045560967 TSecr=2916041185"
"60093","37.114854316","192.168.1.55","192.168.1.2","TCP","1514","8004  >  36768 [ACK] Seq=328886 Ack=144 Win=65024 Len=1448 TSval=2916041195 TSecr=3045560967 [TCP segment of a reassembled PDU]"
"60094","37.114857261","192.168.1.55","192.168.1.2","TCP","1514","8004  >  36768 [ACK] Seq=330334 Ack=144 Win=65024 Len=1448 TSval=2916041195 TSecr=3045560967 [TCP segment of a reassembled PDU]"
"60095","37.114858631","192.168.1.55","192.168.1.2","TCP","1514","8004  >  36768 [ACK] Seq=331782 Ack=144 Win=65024 Len=1448 TSval=2916041195 TSecr=3045560967 [TCP segment of a reassembled PDU]"
"60096","37.114860076","192.168.1.55","192.168.1.2","TCP","1514","8004  >  36768 [ACK] Seq=333230 Ack=144 Win=65024 Len=1448 TSval=2916041195 TSecr=3045560967 [TCP segment of a reassembled PDU]"
"60097","37.114861557","192.168.1.55","192.168.1.2","TCP","1514","8004  >  36768 [ACK] Seq=334678 Ack=144 Win=65024 Len=1448 TSval=2916041195 TSecr=3045560967 [TCP segment of a reassembled PDU]"
"60098","37.114862909","192.168.1.55","192.168.1.2","TCP","1514","8004  >  36768 [ACK] Seq=336126 Ack=144 Win=65024 Len=1448 TSval=2916041195 TSecr=3045560967 [TCP segment of a reassembled PDU]"
"60099","37.114864242","192.168.1.55","192.168.1.2","TCP","1514","8004  >  36768 [ACK] Seq=337574 Ack=144 Win=65024 Len=1448 TSval=2916041195 TSecr=3045560967 [TCP segment of a reassembled PDU]"
"60100","37.114865928","192.168.1.55","192.168.1.2","TCP","1514","8004  >  36768 [ACK] Seq=339022 Ack=144 Win=65024 Len=1448 TSval=2916041195 TSecr=3045560967 [TCP segment of a reassembled PDU]"
"60101","37.114867391","192.168.1.55","192.168.1.2","TCP","1514","8004  >  36768 [ACK] Seq=340470 Ack=144 Win=65024 Len=1448 TSval=2916041195 TSecr=3045560967 [TCP segment of a reassembled PDU]"
"60102","37.114868687","192.168.1.55","192.168.1.2","TCP","1514","8004  >  36768 [ACK] Seq=341918 Ack=144 Win=65024 Len=1448 TSval=2916041195 TSecr=3045560967 [TCP segment of a reassembled PDU]"
"60103","37.114869965","192.168.1.55","192.168.1.2","TCP","1514","8004  >  36768 [ACK] Seq=343366 Ack=144 Win=65024 Len=1448 TSval=2916041195 TSecr=3045560967 [TCP segment of a reassembled PDU]"
"60104","37.114871391","192.168.1.55","192.168.1.2","TCP","1514","8004  >  36768 [ACK] Seq=344814 Ack=144 Win=65024 Len=1448 TSval=2916041195 TSecr=3045560967 [TCP segment of a reassembled PDU]"
"60105","37.114872687","192.168.1.55","192.168.1.2","TCP","1514","8004  >  36768 [ACK] Seq=346262 Ack=144 Win=65024 Len=1448 TSval=2916041195 TSecr=3045560967 [TCP segment of a reassembled PDU]"
"60106","37.114874131","192.168.1.55","192.168.1.2","TCP","1514","8004  >  36768 [ACK] Seq=347710 Ack=144 Win=65024 Len=1448 TSval=2916041195 TSecr=3045560967 [TCP segment of a reassembled PDU]"
"60107","37.114875761","192.168.1.55","192.168.1.2","TCP","1514","8004  >  36768 [ACK] Seq=349158 Ack=144 Win=65024 Len=1448 TSval=2916041195 TSecr=3045560967 [TCP segment of a reassembled PDU]"
"60108","37.114877057","192.168.1.55","192.168.1.2","TCP","1514","8004  >  36768 [ACK] Seq=350606 Ack=144 Win=65024 Len=1448 TSval=2916041195 TSecr=3045560967 [TCP segment of a reassembled PDU]"
"60109","37.114878372","192.168.1.55","192.168.1.2","TCP","1514","8004  >  36768 [ACK] Seq=352054 Ack=144 Win=65024 Len=1448 TSval=2916041195 TSecr=3045560967 [TCP segment of a reassembled PDU]"
"60110","37.114879705","192.168.1.55","192.168.1.2","TCP","1514","8004  >  36768 [ACK] Seq=353502 Ack=144 Win=65024 Len=1448 TSval=2916041195 TSecr=3045560967 [TCP segment of a reassembled PDU]"
"60111","37.114881187","192.168.1.55","192.168.1.2","TCP","1514","8004  >  36768 [ACK] Seq=354950 Ack=144 Win=65024 Len=1448 TSval=2916041195 TSecr=3045560967 [TCP segment of a reassembled PDU]"
"60112","37.114882705","192.168.1.55","192.168.1.2","TCP","1514","8004  >  36768 [ACK] Seq=356398 Ack=144 Win=65024 Len=1448 TSval=2916041195 TSecr=3045560967 [TCP segment of a reassembled PDU]"
"60113","37.114884113","192.168.1.55","192.168.1.2","TCP","1514","8004  >  36768 [ACK] Seq=357846 Ack=144 Win=65024 Len=1448 TSval=2916041195 TSecr=3045560967 [TCP segment of a reassembled PDU]"
"60114","37.114885872","192.168.1.55","192.168.1.2","TCP","1514","8004  >  36768 [ACK] Seq=359294 Ack=144 Win=65024 Len=1448 TSval=2916041195 TSecr=3045560967 [TCP segment of a reassembled PDU]"
"60115","37.114887150","192.168.1.55","192.168.1.2","TCP","1514","8004  >  36768 [ACK] Seq=360742 Ack=144 Win=65024 Len=1448 TSval=2916041195 TSecr=3045560967 [TCP segment of a reassembled PDU]"
"60116","37.114888854","192.168.1.55","192.168.1.2","TCP","1514","8004  >  36768 [ACK] Seq=362190 Ack=144 Win=65024 Len=1448 TSval=2916041195 TSecr=3045560967 [TCP segment of a reassembled PDU]"
"60117","37.114890150","192.168.1.55","192.168.1.2","TCP","1514","8004  >  36768 [ACK] Seq=363638 Ack=144 Win=65024 Len=1448 TSval=2916041195 TSecr=3045560967 [TCP segment of a reassembled PDU]"
"60118","37.114891465","192.168.1.55","192.168.1.2","TCP","1514","8004  >  36768 [ACK] Seq=365086 Ack=144 Win=65024 Len=1448 TSval=2916041195 TSecr=3045560967 [TCP segment of a reassembled PDU]"
"60119","37.114892909","192.168.1.55","192.168.1.2","TCP","1514","8004  >  36768 [ACK] Seq=366534 Ack=144 Win=65024 Len=1448 TSval=2916041195 TSecr=3045560967 [TCP segment of a reassembled PDU]"
"60120","37.114894261","192.168.1.55","192.168.1.2","TCP","1514","8004  >  36768 [ACK] Seq=367982 Ack=144 Win=65024 Len=1448 TSval=2916041195 TSecr=3045560967 [TCP segment of a reassembled PDU]"
"60121","37.114895594","192.168.1.55","192.168.1.2","TCP","1514","8004  >  36768 [PSH, ACK] Seq=369430 Ack=144 Win=65024 Len=1448 TSval=2916041195 TSecr=3045560967 [TCP segment of a reassembled PDU]"
"60122","37.114926020","192.168.1.2","192.168.1.55","TCP","66","36768  >  8004 [ACK] Seq=144 Ack=285430 Win=121856 Len=0 TSval=3045560967 TSecr=2916041189"
"60123","37.114962317","192.168.1.55","192.168.1.2","TCP","1514","8004  >  36768 [ACK] Seq=370878 Ack=144 Win=65024 Len=1448 TSval=2916041195 TSecr=3045560967 [TCP segment of a reassembled PDU]"
"60124","37.114964446","192.168.1.55","192.168.1.2","TCP","1514","8004  >  36768 [ACK] Seq=372326 Ack=144 Win=65024 Len=1448 TSval=2916041195 TSecr=3045560967 [TCP segment of a reassembled PDU]"
"60125","37.114965909","192.168.1.55","192.168.1.2","TCP","1514","8004  >  36768 [ACK] Seq=373774 Ack=144 Win=65024 Len=1448 TSval=2916041195 TSecr=3045560967 [TCP segment of a reassembled PDU]"
"60126","37.114967187","192.168.1.55","192.168.1.2","TCP","1514","8004  >  36768 [ACK] Seq=375222 Ack=144 Win=65024 Len=1448 TSval=2916041195 TSecr=3045560967 [TCP segment of a reassembled PDU]"
"60127","37.114968706","192.168.1.55","192.168.1.2","TCP","1514","8004  >  36768 [ACK] Seq=376670 Ack=144 Win=65024 Len=1448 TSval=2916041195 TSecr=3045560967 [TCP segment of a reassembled PDU]"
"60128","37.114970150","192.168.1.55","192.168.1.2","TCP","1514","8004  >  36768 [ACK] Seq=378118 Ack=144 Win=65024 Len=1448 TSval=2916041195 TSecr=3045560967 [TCP segment of a reassembled PDU]"
"60129","37.114971446","192.168.1.55","192.168.1.2","TCP","1514","8004  >  36768 [ACK] Seq=379566 Ack=144 Win=65024 Len=1448 TSval=2916041195 TSecr=3045560967 [TCP segment of a reassembled PDU]"
"60130","37.114972835","192.168.1.55","192.168.1.2","TCP","1514","8004  >  36768 [ACK] Seq=381014 Ack=144 Win=65024 Len=1448 TSval=2916041195 TSecr=3045560967 [TCP segment of a reassembled PDU]"
"60131","37.114974706","192.168.1.55","192.168.1.2","TCP","1514","8004  >  36768 [ACK] Seq=382462 Ack=144 Win=65024 Len=1448 TSval=2916041195 TSecr=3045560967 [TCP segment of a reassembled PDU]"
"60132","37.114976150","192.168.1.55","192.168.1.2","TCP","1514","8004  >  36768 [ACK] Seq=383910 Ack=144 Win=65024 Len=1448 TSval=2916041195 TSecr=3045560967 [TCP segment of a reassembled PDU]"
"60133","37.114982076","192.168.1.55","192.168.1.2","TCP","1514","8004  >  36768 [ACK] Seq=385358 Ack=144 Win=65024 Len=1448 TSval=2916041195 TSecr=3045560967 [TCP segment of a reassembled PDU]"
"60134","37.114983724","192.168.1.55","192.168.1.2","TCP","1514","8004  >  36768 [ACK] Seq=386806 Ack=144 Win=65024 Len=1448 TSval=2916041195 TSecr=3045560967 [TCP segment of a reassembled PDU]"
"60135","37.114985187","192.168.1.55","192.168.1.2","TCP","1514","8004  >  36768 [ACK] Seq=388254 Ack=144 Win=65024 Len=1448 TSval=2916041195 TSecr=3045560967 [TCP segment of a reassembled PDU]"
"60136","37.114986650","192.168.1.55","192.168.1.2","TCP","1514","8004  >  36768 [ACK] Seq=389702 Ack=144 Win=65024 Len=1448 TSval=2916041195 TSecr=3045560967 [TCP segment of a reassembled PDU]"
"60137","37.114988131","192.168.1.55","192.168.1.2","TCP","1514","8004  >  36768 [ACK] Seq=391150 Ack=144 Win=65024 Len=1448 TSval=2916041195 TSecr=3045560967 [TCP segment of a reassembled PDU]"
"60138","37.114989557","192.168.1.55","192.168.1.2","TCP","1514","8004  >  36768 [ACK] Seq=392598 Ack=144 Win=65024 Len=1448 TSval=2916041195 TSecr=3045560967 [TCP segment of a reassembled PDU]"
"60139","37.114990854","192.168.1.55","192.168.1.2","TCP","1514","8004  >  36768 [ACK] Seq=394046 Ack=144 Win=65024 Len=1448 TSval=2916041195 TSecr=3045560967 [TCP segment of a reassembled PDU]"
"60140","37.114992224","192.168.1.55","192.168.1.2","TCP","1514","8004  >  36768 [ACK] Seq=395494 Ack=144 Win=65024 Len=1448 TSval=2916041195 TSecr=3045560967 [TCP segment of a reassembled PDU]"
"60141","37.114993557","192.168.1.55","192.168.1.2","TCP","1514","8004  >  36768 [ACK] Seq=396942 Ack=144 Win=65024 Len=1448 TSval=2916041195 TSecr=3045560967 [TCP segment of a reassembled PDU]"
"60142","37.114994835","192.168.1.55","192.168.1.2","TCP","1514","8004  >  36768 [ACK] Seq=398390 Ack=144 Win=65024 Len=1448 TSval=2916041195 TSecr=3045560967 [TCP segment of a reassembled PDU]"
"60143","37.114996131","192.168.1.55","192.168.1.2","TCP","1514","8004  >  36768 [ACK] Seq=399838 Ack=144 Win=65024 Len=1448 TSval=2916041195 TSecr=3045560967 [TCP segment of a reassembled PDU]"
"60144","37.114997428","192.168.1.55","192.168.1.2","TCP","1514","8004  >  36768 [ACK] Seq=401286 Ack=144 Win=65024 Len=1448 TSval=2916041195 TSecr=3045560967 [TCP segment of a reassembled PDU]"
"60145","37.114999169","192.168.1.55","192.168.1.2","TCP","1514","8004  >  36768 [ACK] Seq=402734 Ack=144 Win=65024 Len=1448 TSval=2916041195 TSecr=3045560967 [TCP segment of a reassembled PDU]"
"60146","37.115000687","192.168.1.55","192.168.1.2","TCP","1514","8004  >  36768 [ACK] Seq=404182 Ack=144 Win=65024 Len=1448 TSval=2916041195 TSecr=3045560967 [TCP segment of a reassembled PDU]"
"60147","37.115001983","192.168.1.55","192.168.1.2","TCP","1514","8004  >  36768 [PSH, ACK] Seq=405630 Ack=144 Win=65024 Len=1448 TSval=2916041195 TSecr=3045560967 [TCP segment of a reassembled PDU]"
"60148","37.120364066","192.168.1.2","192.168.1.55","TCP","66","36768  >  8004 [ACK] Seq=144 Ack=286894 Win=124928 Len=0 TSval=3045560968 TSecr=2916041192"
"60149","37.120399696","192.168.1.55","192.168.1.2","TCP","1514","8004  >  36768 [ACK] Seq=407078 Ack=144 Win=65024 Len=1448 TSval=2916041201 TSecr=3045560968 [TCP segment of a reassembled PDU]"
"60150","37.120403585","192.168.1.55","192.168.1.2","TCP","1514","8004  >  36768 [ACK] Seq=408526 Ack=144 Win=65024 Len=1448 TSval=2916041201 TSecr=3045560968 [TCP segment of a reassembled PDU]"
"60151","37.120404974","192.168.1.55","192.168.1.2","TCP","1514","8004  >  36768 [ACK] Seq=409974 Ack=144 Win=65024 Len=1448 TSval=2916041201 TSecr=3045560968 [TCP segment of a reassembled PDU]"
"60152","37.120406307","192.168.1.55","192.168.1.2","TCP","466","[TCP Window Full] 8004  >  36768 [PSH, ACK] Seq=411422 Ack=144 Win=65024 Len=400 TSval=2916041201 TSecr=3045560968 [TCP segment of a reassembled PDU]"
"60153","37.120483270","192.168.1.2","192.168.1.55","TCP","66","36768  >  8004 [ACK] Seq=144 Ack=321646 Win=146432 Len=0 TSval=3045560971 TSecr=2916041192"
"60154","37.120495677","192.168.1.55","192.168.1.2","TCP","1114","8004  >  36768 [ACK] Seq=411822 Ack=144 Win=65024 Len=1048 TSval=2916041201 TSecr=3045560971 [TCP segment of a reassembled PDU]"
"60155","37.120534103","192.168.1.55","192.168.1.2","TCP","1514","8004  >  36768 [ACK] Seq=412870 Ack=144 Win=65024 Len=1448 TSval=2916041201 TSecr=3045560971 [TCP segment of a reassembled PDU]"
"60156","37.120536048","192.168.1.55","192.168.1.2","TCP","1514","8004  >  36768 [ACK] Seq=414318 Ack=144 Win=65024 Len=1448 TSval=2916041201 TSecr=3045560971 [TCP segment of a reassembled PDU]"
"60157","37.120537881","192.168.1.55","192.168.1.2","TCP","1514","8004  >  36768 [ACK] Seq=415766 Ack=144 Win=65024 Len=1448 TSval=2916041201 TSecr=3045560971 [TCP segment of a reassembled PDU]"
"60158","37.120539752","192.168.1.55","192.168.1.2","TCP","1514","8004  >  36768 [ACK] Seq=417214 Ack=144 Win=65024 Len=1448 TSval=2916041201 TSecr=3045560971 [TCP segment of a reassembled PDU]"
"60159","37.120541048","192.168.1.55","192.168.1.2","TCP","1514","8004  >  36768 [ACK] Seq=418662 Ack=144 Win=65024 Len=1448 TSval=2916041201 TSecr=3045560971 [TCP segment of a reassembled PDU]"
"60160","37.120542363","192.168.1.55","192.168.1.2","TCP","1514","8004  >  36768 [ACK] Seq=420110 Ack=144 Win=65024 Len=1448 TSval=2916041201 TSecr=3045560971 [TCP segment of a reassembled PDU]"
"60161","37.120543715","192.168.1.55","192.168.1.2","TCP","1514","8004  >  36768 [ACK] Seq=421558 Ack=144 Win=65024 Len=1448 TSval=2916041201 TSecr=3045560971 [TCP segment of a reassembled PDU]"
"60162","37.120545177","192.168.1.55","192.168.1.2","TCP","1514","8004  >  36768 [ACK] Seq=423006 Ack=144 Win=65024 Len=1448 TSval=2916041201 TSecr=3045560971 [TCP segment of a reassembled PDU]"
"60163","37.120546603","192.168.1.55","192.168.1.2","TCP","1514","8004  >  36768 [ACK] Seq=424454 Ack=144 Win=65024 Len=1448 TSval=2916041201 TSecr=3045560971 [TCP segment of a reassembled PDU]"
"60164","37.120547974","192.168.1.55","192.168.1.2","TCP","1514","8004  >  36768 [ACK] Seq=425902 Ack=144 Win=65024 Len=1448 TSval=2916041201 TSecr=3045560971 [TCP segment of a reassembled PDU]"
"60165","37.120550548","192.168.1.55","192.168.1.2","TCP","1514","8004  >  36768 [ACK] Seq=427350 Ack=144 Win=65024 Len=1448 TSval=2916041201 TSecr=3045560971 [TCP segment of a reassembled PDU]"
"60166","37.120552307","192.168.1.55","192.168.1.2","TCP","1514","8004  >  36768 [ACK] Seq=428798 Ack=144 Win=65024 Len=1448 TSval=2916041201 TSecr=3045560971 [TCP segment of a reassembled PDU]"
"60167","37.120553622","192.168.1.55","192.168.1.2","TCP","1514","8004  >  36768 [ACK] Seq=430246 Ack=144 Win=65024 Len=1448 TSval=2916041201 TSecr=3045560971 [TCP segment of a reassembled PDU]"
"60168","37.120555011","192.168.1.55","192.168.1.2","TCP","1514","8004  >  36768 [ACK] Seq=431694 Ack=144 Win=65024 Len=1448 TSval=2916041201 TSecr=3045560971 [TCP segment of a reassembled PDU]"
"60169","37.120556455","192.168.1.55","192.168.1.2","TCP","1514","8004  >  36768 [ACK] Seq=433142 Ack=144 Win=65024 Len=1448 TSval=2916041201 TSecr=3045560971 [TCP segment of a reassembled PDU]"
"60170","37.120558066","192.168.1.55","192.168.1.2","TCP","1514","8004  >  36768 [ACK] Seq=434590 Ack=144 Win=65024 Len=1448 TSval=2916041201 TSecr=3045560971 [TCP segment of a reassembled PDU]"
"60171","37.120560029","192.168.1.55","192.168.1.2","TCP","1514","8004  >  36768 [ACK] Seq=436038 Ack=144 Win=65024 Len=1448 TSval=2916041201 TSecr=3045560971 [TCP segment of a reassembled PDU]"
"60172","37.120561918","192.168.1.55","192.168.1.2","TCP","1514","8004  >  36768 [ACK] Seq=437486 Ack=144 Win=65024 Len=1448 TSval=2916041201 TSecr=3045560971 [TCP segment of a reassembled PDU]"
"60173","37.120563659","192.168.1.55","192.168.1.2","TCP","1514","8004  >  36768 [ACK] Seq=438934 Ack=144 Win=65024 Len=1448 TSval=2916041201 TSecr=3045560971 [TCP segment of a reassembled PDU]"
"60174","37.120565400","192.168.1.55","192.168.1.2","TCP","1514","8004  >  36768 [ACK] Seq=440382 Ack=144 Win=65024 Len=1448 TSval=2916041201 TSecr=3045560971 [TCP segment of a reassembled PDU]"
"60175","37.120566696","192.168.1.55","192.168.1.2","TCP","1514","8004  >  36768 [ACK] Seq=441830 Ack=144 Win=65024 Len=1448 TSval=2916041201 TSecr=3045560971 [TCP segment of a reassembled PDU]"
"60176","37.120568270","192.168.1.55","192.168.1.2","TCP","1514","8004  >  36768 [ACK] Seq=443278 Ack=144 Win=65024 Len=1448 TSval=2916041201 TSecr=3045560971 [TCP segment of a reassembled PDU]"
"60177","37.120569659","192.168.1.55","192.168.1.2","TCP","1514","8004  >  36768 [ACK] Seq=444726 Ack=144 Win=65024 Len=1448 TSval=2916041201 TSecr=3045560971 [TCP segment of a reassembled PDU]"
"60178","37.120571103","192.168.1.55","192.168.1.2","TCP","1514","8004  >  36768 [ACK] Seq=446174 Ack=144 Win=65024 Len=1448 TSval=2916041201 TSecr=3045560971 [TCP segment of a reassembled PDU]"
"60179","37.120572585","192.168.1.55","192.168.1.2","TCP","1514","8004  >  36768 [ACK] Seq=447622 Ack=144 Win=65024 Len=1448 TSval=2916041201 TSecr=3045560971 [TCP segment of a reassembled PDU]"
"60180","37.120574863","192.168.1.55","192.168.1.2","TCP","1514","8004  >  36768 [ACK] Seq=449070 Ack=144 Win=65024 Len=1448 TSval=2916041201 TSecr=3045560971 [TCP segment of a reassembled PDU]"
"60181","37.120576603","192.168.1.55","192.168.1.2","TCP","1514","8004  >  36768 [ACK] Seq=450518 Ack=144 Win=65024 Len=1448 TSval=2916041201 TSecr=3045560971 [TCP segment of a reassembled PDU]"
"60182","37.120578400","192.168.1.55","192.168.1.2","TCP","1514","8004  >  36768 [ACK] Seq=451966 Ack=144 Win=65024 Len=1448 TSval=2916041201 TSecr=3045560971 [TCP segment of a reassembled PDU]"
"60183","37.120579789","192.168.1.55","192.168.1.2","TCP","1514","8004  >  36768 [PSH, ACK] Seq=453414 Ack=144 Win=65024 Len=1448 TSval=2916041201 TSecr=3045560971 [TCP segment of a reassembled PDU]"
"60184","37.120585066","192.168.1.2","192.168.1.55","TCP","66","36768  >  8004 [ACK] Seq=144 Ack=328886 Win=160768 Len=0 TSval=3045560972 TSecr=2916041192"
"60185","37.124281258","192.168.1.2","192.168.1.55","TCP","66","36768  >  8004 [ACK] Seq=144 Ack=370878 Win=141312 Len=0 TSval=3045560976 TSecr=2916041195"
"60186","37.124337184","192.168.1.55","192.168.1.2","TCP","1514","8004  >  36768 [ACK] Seq=454862 Ack=144 Win=65024 Len=1448 TSval=2916041204 TSecr=3045560976 [TCP segment of a reassembled PDU]"
"60187","37.124340332","192.168.1.55","192.168.1.2","TCP","1514","8004  >  36768 [ACK] Seq=456310 Ack=144 Win=65024 Len=1448 TSval=2916041204 TSecr=3045560976 [TCP segment of a reassembled PDU]"
"60188","37.124342961","192.168.1.55","192.168.1.2","TCP","1514","8004  >  36768 [ACK] Seq=457758 Ack=144 Win=65024 Len=1448 TSval=2916041204 TSecr=3045560976 [TCP segment of a reassembled PDU]"
"60189","37.124344739","192.168.1.55","192.168.1.2","TCP","1514","8004  >  36768 [ACK] Seq=459206 Ack=144 Win=65024 Len=1448 TSval=2916041204 TSecr=3045560976 [TCP segment of a reassembled PDU]"
"60190","37.124346110","192.168.1.55","192.168.1.2","TCP","1514","8004  >  36768 [ACK] Seq=460654 Ack=144 Win=65024 Len=1448 TSval=2916041204 TSecr=3045560976 [TCP segment of a reassembled PDU]"
"60191","37.124348276","192.168.1.55","192.168.1.2","TCP","1514","8004  >  36768 [ACK] Seq=462102 Ack=144 Win=65024 Len=1448 TSval=2916041204 TSecr=3045560976 [TCP segment of a reassembled PDU]"
"60192","37.124350239","192.168.1.55","192.168.1.2","TCP","1514","8004  >  36768 [ACK] Seq=463550 Ack=144 Win=65024 Len=1448 TSval=2916041204 TSecr=3045560976 [TCP segment of a reassembled PDU]"
"60193","37.124351665","192.168.1.55","192.168.1.2","TCP","1514","8004  >  36768 [ACK] Seq=464998 Ack=144 Win=65024 Len=1448 TSval=2916041204 TSecr=3045560976 [TCP segment of a reassembled PDU]"
"60194","37.124353350","192.168.1.55","192.168.1.2","TCP","1514","8004  >  36768 [ACK] Seq=466446 Ack=144 Win=65024 Len=1448 TSval=2916041204 TSecr=3045560976 [TCP segment of a reassembled PDU]"
"60195","37.124355461","192.168.1.55","192.168.1.2","TCP","1514","8004  >  36768 [ACK] Seq=467894 Ack=144 Win=65024 Len=1448 TSval=2916041204 TSecr=3045560976 [TCP segment of a reassembled PDU]"
"60196","37.124356906","192.168.1.55","192.168.1.2","TCP","1514","8004  >  36768 [ACK] Seq=469342 Ack=144 Win=65024 Len=1448 TSval=2916041204 TSecr=3045560976 [TCP segment of a reassembled PDU]"
"60197","37.124358369","192.168.1.55","192.168.1.2","TCP","1514","8004  >  36768 [ACK] Seq=470790 Ack=144 Win=65024 Len=1448 TSval=2916041204 TSecr=3045560976 [TCP segment of a reassembled PDU]"
"60198","37.124361480","192.168.1.55","192.168.1.2","TCP","1514","8004  >  36768 [ACK] Seq=472238 Ack=144 Win=65024 Len=1448 TSval=2916041204 TSecr=3045560976 [TCP segment of a reassembled PDU]"
"60199","37.124363443","192.168.1.55","192.168.1.2","TCP","1514","8004  >  36768 [ACK] Seq=473686 Ack=144 Win=65024 Len=1448 TSval=2916041204 TSecr=3045560976 [TCP segment of a reassembled PDU]"
"60200","37.124365017","192.168.1.55","192.168.1.2","TCP","1514","8004  >  36768 [ACK] Seq=475134 Ack=144 Win=65024 Len=1448 TSval=2916041204 TSecr=3045560976 [TCP segment of a reassembled PDU]"
"60201","37.124367554","192.168.1.55","192.168.1.2","TCP","1514","8004  >  36768 [ACK] Seq=476582 Ack=144 Win=65024 Len=1448 TSval=2916041204 TSecr=3045560976 [TCP segment of a reassembled PDU]"
"60202","37.124369406","192.168.1.55","192.168.1.2","TCP","1514","8004  >  36768 [ACK] Seq=478030 Ack=144 Win=65024 Len=1448 TSval=2916041204 TSecr=3045560976 [TCP segment of a reassembled PDU]"
"60203","37.124370943","192.168.1.55","192.168.1.2","TCP","1514","8004  >  36768 [ACK] Seq=479478 Ack=144 Win=65024 Len=1448 TSval=2916041204 TSecr=3045560976 [TCP segment of a reassembled PDU]"
"60204","37.124372295","192.168.1.55","192.168.1.2","TCP","1514","8004  >  36768 [ACK] Seq=480926 Ack=144 Win=65024 Len=1448 TSval=2916041204 TSecr=3045560976 [TCP segment of a reassembled PDU]"
"60205","37.124374850","192.168.1.55","192.168.1.2","TCP","1514","8004  >  36768 [ACK] Seq=482374 Ack=144 Win=65024 Len=1448 TSval=2916041204 TSecr=3045560976 [TCP segment of a reassembled PDU]"
"60206","37.124376665","192.168.1.55","192.168.1.2","TCP","1514","8004  >  36768 [ACK] Seq=483822 Ack=144 Win=65024 Len=1448 TSval=2916041204 TSecr=3045560976 [TCP segment of a reassembled PDU]"
"60207","37.124378165","192.168.1.55","192.168.1.2","TCP","1514","8004  >  36768 [ACK] Seq=485270 Ack=144 Win=65024 Len=1448 TSval=2916041204 TSecr=3045560976 [TCP segment of a reassembled PDU]"
"60208","37.124380998","192.168.1.55","192.168.1.2","TCP","1514","8004  >  36768 [ACK] Seq=486718 Ack=144 Win=65024 Len=1448 TSval=2916041204 TSecr=3045560976 [TCP segment of a reassembled PDU]"
"60209","37.124383036","192.168.1.55","192.168.1.2","TCP","1514","8004  >  36768 [ACK] Seq=488166 Ack=144 Win=65024 Len=1448 TSval=2916041204 TSecr=3045560976 [TCP segment of a reassembled PDU]"
"60210","37.124384610","192.168.1.55","192.168.1.2","TCP","1514","8004  >  36768 [ACK] Seq=489614 Ack=144 Win=65024 Len=1448 TSval=2916041204 TSecr=3045560976 [TCP segment of a reassembled PDU]"
"60211","37.124386924","192.168.1.55","192.168.1.2","TCP","1514","8004  >  36768 [ACK] Seq=491062 Ack=144 Win=65024 Len=1448 TSval=2916041204 TSecr=3045560976 [TCP segment of a reassembled PDU]"
"60212","37.124388776","192.168.1.55","192.168.1.2","TCP","1514","8004  >  36768 [ACK] Seq=492510 Ack=144 Win=65024 Len=1448 TSval=2916041204 TSecr=3045560976 [TCP segment of a reassembled PDU]"
"60213","37.124390332","192.168.1.55","192.168.1.2","TCP","1514","8004  >  36768 [ACK] Seq=493958 Ack=144 Win=65024 Len=1448 TSval=2916041204 TSecr=3045560976 [TCP segment of a reassembled PDU]"
"60214","37.124392017","192.168.1.55","192.168.1.2","TCP","1514","8004  >  36768 [PSH, ACK] Seq=495406 Ack=144 Win=65024 Len=1448 TSval=2916041204 TSecr=3045560976 [TCP segment of a reassembled PDU]"
"60215","37.124400850","192.168.1.55","192.168.1.2","TCP","1514","8004  >  36768 [ACK] Seq=496854 Ack=144 Win=65024 Len=1448 TSval=2916041204 TSecr=3045560976 [TCP segment of a reassembled PDU]"
"60216","37.124406850","192.168.1.55","192.168.1.2","HTTP","222","HTTP/1.0 200 OK  (PNG)"
"60217","37.124465980","192.168.1.2","192.168.1.55","TCP","66","36768  >  8004 [ACK] Seq=144 Ack=401286 Win=112640 Len=0 TSval=3045560976 TSecr=2916041195"
"60218","37.124479943","192.168.1.2","192.168.1.55","TCP","66","36768  >  8004 [ACK] Seq=144 Ack=407078 Win=172032 Len=0 TSval=3045560977 TSecr=2916041195"
"60219","37.125642908","192.168.1.2","192.168.1.55","TCP","66","36768  >  8004 [ACK] Seq=144 Ack=411822 Win=174080 Len=0 TSval=3045560980 TSecr=2916041201"
"60220","37.125673797","192.168.1.2","192.168.1.55","TCP","66","36768  >  8004 [ACK] Seq=144 Ack=454862 Win=143360 Len=0 TSval=3045560980 TSecr=2916041201"
"60221","37.128277986","192.168.1.2","192.168.1.55","TCP","66","36768  >  8004 [ACK] Seq=144 Ack=492510 Win=143360 Len=0 TSval=3045560983 TSecr=2916041204"
"60222","37.128730524","192.168.1.2","192.168.1.55","TCP","66","36768  >  8004 [ACK] Seq=144 Ack=496854 Win=175104 Len=0 TSval=3045560984 TSecr=2916041204"
"60223","37.129613488","192.168.1.2","192.168.1.55","TCP","66","36768  >  8004 [ACK] Seq=144 Ack=498459 Win=177152 Len=0 TSval=3045560985 TSecr=2916041204"
"60224","37.131085824","192.168.1.2","192.168.1.55","TCP","66","36768  >  8004 [FIN, ACK] Seq=144 Ack=498459 Win=177152 Len=0 TSval=3045560985 TSecr=2916041204"
"60225","37.131105083","192.168.1.55","192.168.1.2","TCP","66","8004  >  36768 [ACK] Seq=498459 Ack=145 Win=65024 Len=0 TSval=2916041211 TSecr=3045560985"
"60226","37.131204121","192.168.1.2","192.168.1.55","TCP","74","36774  >  8004 [SYN] Seq=0 Win=64240 Len=0 MSS=1460 SACK_PERM TSval=3045560986 TSecr=0 WS=1024"
"60227","37.131221713","192.168.1.55","192.168.1.2","TCP","74","8004  >  36774 [SYN, ACK] Seq=0 Ack=1 Win=65160 Len=0 MSS=1460 SACK_PERM TSval=2916041211 TSecr=3045560986 WS=128"
"60228","37.134506089","192.168.1.2","192.168.1.55","TCP","66","36774  >  8004 [ACK] Seq=1 Ack=1 Win=64512 Len=0 TSval=3045560989 TSecr=2916041211"
"60229","37.137763927","192.168.1.2","192.168.1.55","HTTP","206","GET /stego_benchmark.png HTTP/1.1 "
"60230","37.137785798","192.168.1.55","192.168.1.2","TCP","66","8004  >  36774 [ACK] Seq=1 Ack=141 Win=65024 Len=0 TSval=2916041218 TSecr=3045560989"
"60231","37.138260039","192.168.1.55","192.168.1.2","TCP","255","8004  >  36774 [PSH, ACK] Seq=1 Ack=141 Win=65024 Len=189 TSval=2916041218 TSecr=3045560989 [TCP segment of a reassembled PDU]"
"60232","37.138366428","192.168.1.55","192.168.1.2","TCP","1514","8004  >  36774 [ACK] Seq=190 Ack=141 Win=65024 Len=1448 TSval=2916041219 TSecr=3045560989 [TCP segment of a reassembled PDU]"
"60233","37.138371114","192.168.1.55","192.168.1.2","TCP","1514","8004  >  36774 [ACK] Seq=1638 Ack=141 Win=65024 Len=1448 TSval=2916041219 TSecr=3045560989 [TCP segment of a reassembled PDU]"
"60234","37.138372558","192.168.1.55","192.168.1.2","TCP","1514","8004  >  36774 [ACK] Seq=3086 Ack=141 Win=65024 Len=1448 TSval=2916041219 TSecr=3045560989 [TCP segment of a reassembled PDU]"
"60235","37.138373947","192.168.1.55","192.168.1.2","TCP","1514","8004  >  36774 [ACK] Seq=4534 Ack=141 Win=65024 Len=1448 TSval=2916041219 TSecr=3045560989 [TCP segment of a reassembled PDU]"
"60236","37.138375299","192.168.1.55","192.168.1.2","TCP","1514","8004  >  36774 [PSH, ACK] Seq=5982 Ack=141 Win=65024 Len=1448 TSval=2916041219 TSecr=3045560989 [TCP segment of a reassembled PDU]"
"60237","37.138393466","192.168.1.55","192.168.1.2","TCP","1514","8004  >  36774 [ACK] Seq=7430 Ack=141 Win=65024 Len=1448 TSval=2916041219 TSecr=3045560989 [TCP segment of a reassembled PDU]"
"60238","37.138395336","192.168.1.55","192.168.1.2","TCP","1514","8004  >  36774 [ACK] Seq=8878 Ack=141 Win=65024 Len=1448 TSval=2916041219 TSecr=3045560989 [TCP segment of a reassembled PDU]"
"60239","37.138397058","192.168.1.55","192.168.1.2","TCP","1514","8004  >  36774 [ACK] Seq=10326 Ack=141 Win=65024 Len=1448 TSval=2916041219 TSecr=3045560989 [TCP segment of a reassembled PDU]"
"60240","37.138398466","192.168.1.55","192.168.1.2","TCP","1514","8004  >  36774 [PSH, ACK] Seq=11774 Ack=141 Win=65024 Len=1448 TSval=2916041219 TSecr=3045560989 [TCP segment of a reassembled PDU]"
"60241","37.141746045","192.168.1.2","192.168.1.55","TCP","66","36774  >  8004 [ACK] Seq=141 Ack=190 Win=64512 Len=0 TSval=3045560996 TSecr=2916041218"
"60242","37.141836527","192.168.1.55","192.168.1.2","TCP","1514","8004  >  36774 [ACK] Seq=13222 Ack=141 Win=65024 Len=1448 TSval=2916041222 TSecr=3045560996 [TCP segment of a reassembled PDU]"
"60243","37.141847156","192.168.1.55","192.168.1.2","TCP","1514","8004  >  36774 [PSH, ACK] Seq=14670 Ack=141 Win=65024 Len=1448 TSval=2916041222 TSecr=3045560996 [TCP segment of a reassembled PDU]"
"60244","37.141984342","192.168.1.2","192.168.1.55","TCP","66","36774  >  8004 [ACK] Seq=141 Ack=3086 Win=70656 Len=0 TSval=3045560996 TSecr=2916041219"
"60245","37.142024212","192.168.1.2","192.168.1.55","TCP","66","36774  >  8004 [ACK] Seq=141 Ack=5982 Win=76800 Len=0 TSval=3045560996 TSecr=2916041219"
"60246","37.142090064","192.168.1.55","192.168.1.2","TCP","1514","8004  >  36774 [ACK] Seq=16118 Ack=141 Win=65024 Len=1448 TSval=2916041222 TSecr=3045560996 [TCP segment of a reassembled PDU]"
"60247","37.142100860","192.168.1.55","192.168.1.2","TCP","1514","8004  >  36774 [ACK] Seq=17566 Ack=141 Win=65024 Len=1448 TSval=2916041222 TSecr=3045560996 [TCP segment of a reassembled PDU]"
"60248","37.142103453","192.168.1.55","192.168.1.2","TCP","1514","8004  >  36774 [ACK] Seq=19014 Ack=141 Win=65024 Len=1448 TSval=2916041222 TSecr=3045560996 [TCP segment of a reassembled PDU]"
"60249","37.142106046","192.168.1.55","192.168.1.2","TCP","1514","8004  >  36774 [ACK] Seq=20462 Ack=141 Win=65024 Len=1448 TSval=2916041222 TSecr=3045560996 [TCP segment of a reassembled PDU]"
"60250","37.142108101","192.168.1.55","192.168.1.2","TCP","1514","8004  >  36774 [ACK] Seq=21910 Ack=141 Win=65024 Len=1448 TSval=2916041222 TSecr=3045560996 [TCP segment of a reassembled PDU]"
"60251","37.142110935","192.168.1.55","192.168.1.2","TCP","1514","8004  >  36774 [ACK] Seq=23358 Ack=141 Win=65024 Len=1448 TSval=2916041222 TSecr=3045560996 [TCP segment of a reassembled PDU]"
"60252","37.142114064","192.168.1.55","192.168.1.2","TCP","1514","8004  >  36774 [PSH, ACK] Seq=24806 Ack=141 Win=65024 Len=1448 TSval=2916041222 TSecr=3045560996 [TCP segment of a reassembled PDU]"
"60253","37.143400177","192.168.1.2","192.168.1.55","TCP","66","36774  >  8004 [ACK] Seq=141 Ack=7430 Win=79872 Len=0 TSval=3045560997 TSecr=2916041219"
"60254","37.143430677","192.168.1.55","192.168.1.2","TCP","1514","8004  >  36774 [ACK] Seq=26254 Ack=141 Win=65024 Len=1448 TSval=2916041224 TSecr=3045560997 [TCP segment of a reassembled PDU]"
"60255","37.143436214","192.168.1.55","192.168.1.2","TCP","1514","8004  >  36774 [ACK] Seq=27702 Ack=141 Win=65024 Len=1448 TSval=2916041224 TSecr=3045560997 [TCP segment of a reassembled PDU]"
"60256","37.143437751","192.168.1.55","192.168.1.2","TCP","1514","8004  >  36774 [PSH, ACK] Seq=29150 Ack=141 Win=65024 Len=1448 TSval=2916041224 TSecr=3045560997 [TCP segment of a reassembled PDU]"
"60257","37.143501159","192.168.1.2","192.168.1.55","TCP","66","36774  >  8004 [ACK] Seq=141 Ack=13222 Win=84992 Len=0 TSval=3045560997 TSecr=2916041219"
"60258","37.143524622","192.168.1.55","192.168.1.2","TCP","1514","8004  >  36774 [ACK] Seq=30598 Ack=141 Win=65024 Len=1448 TSval=2916041224 TSecr=3045560997 [TCP segment of a reassembled PDU]"
"60259","37.143526770","192.168.1.55","192.168.1.2","TCP","1514","8004  >  36774 [ACK] Seq=32046 Ack=141 Win=65024 Len=1448 TSval=2916041224 TSecr=3045560997 [TCP segment of a reassembled PDU]"
"60260","37.143528141","192.168.1.55","192.168.1.2","TCP","1514","8004  >  36774 [ACK] Seq=33494 Ack=141 Win=65024 Len=1448 TSval=2916041224 TSecr=3045560997 [TCP segment of a reassembled PDU]"
"60261","37.143529715","192.168.1.55","192.168.1.2","TCP","1514","8004  >  36774 [ACK] Seq=34942 Ack=141 Win=65024 Len=1448 TSval=2916041224 TSecr=3045560997 [TCP segment of a reassembled PDU]"
"60262","37.143531307","192.168.1.55","192.168.1.2","TCP","1514","8004  >  36774 [ACK] Seq=36390 Ack=141 Win=65024 Len=1448 TSval=2916041224 TSecr=3045560997 [TCP segment of a reassembled PDU]"
"60263","37.143533103","192.168.1.55","192.168.1.2","TCP","1514","8004  >  36774 [ACK] Seq=37838 Ack=141 Win=65024 Len=1448 TSval=2916041224 TSecr=3045560997 [TCP segment of a reassembled PDU]"
"60264","37.143534789","192.168.1.55","192.168.1.2","TCP","1514","8004  >  36774 [ACK] Seq=39286 Ack=141 Win=65024 Len=1448 TSval=2916041224 TSecr=3045560997 [TCP segment of a reassembled PDU]"
"60265","37.143536400","192.168.1.55","192.168.1.2","TCP","1514","8004  >  36774 [PSH, ACK] Seq=40734 Ack=141 Win=65024 Len=1448 TSval=2916041224 TSecr=3045560997 [TCP segment of a reassembled PDU]"
"60266","37.147604999","192.168.1.2","192.168.1.55","TCP","66","36774  >  8004 [ACK] Seq=141 Ack=16118 Win=90112 Len=0 TSval=3045561001 TSecr=2916041222"
"60267","37.147619517","192.168.1.55","192.168.1.2","TCP","1514","8004  >  36774 [ACK] Seq=42182 Ack=141 Win=65024 Len=1448 TSval=2916041228 TSecr=3045561001 [TCP segment of a reassembled PDU]"
"60268","37.147622332","192.168.1.55","192.168.1.2","TCP","1514","8004  >  36774 [PSH, ACK] Seq=43630 Ack=141 Win=65024 Len=1448 TSval=2916041228 TSecr=3045561001 [TCP segment of a reassembled PDU]"
"60269","37.147941148","192.168.1.2","192.168.1.55","TCP","66","36774  >  8004 [ACK] Seq=141 Ack=24806 Win=81920 Len=0 TSval=3045561001 TSecr=2916041222"
"60270","37.147966703","192.168.1.55","192.168.1.2","TCP","1514","8004  >  36774 [ACK] Seq=45078 Ack=141 Win=65024 Len=1448 TSval=2916041228 TSecr=3045561001 [TCP segment of a reassembled PDU]"
"60271","37.147968777","192.168.1.55","192.168.1.2","TCP","1514","8004  >  36774 [ACK] Seq=46526 Ack=141 Win=65024 Len=1448 TSval=2916041228 TSecr=3045561001 [TCP segment of a reassembled PDU]"
"60272","37.147970370","192.168.1.55","192.168.1.2","TCP","1514","8004  >  36774 [ACK] Seq=47974 Ack=141 Win=65024 Len=1448 TSval=2916041228 TSecr=3045561001 [TCP segment of a reassembled PDU]"
"60273","37.147971814","192.168.1.55","192.168.1.2","TCP","1514","8004  >  36774 [ACK] Seq=49422 Ack=141 Win=65024 Len=1448 TSval=2916041228 TSecr=3045561001 [TCP segment of a reassembled PDU]"
"60274","37.147973314","192.168.1.55","192.168.1.2","TCP","1514","8004  >  36774 [ACK] Seq=50870 Ack=141 Win=65024 Len=1448 TSval=2916041228 TSecr=3045561001 [TCP segment of a reassembled PDU]"
"60275","37.147974814","192.168.1.55","192.168.1.2","TCP","1514","8004  >  36774 [ACK] Seq=52318 Ack=141 Win=65024 Len=1448 TSval=2916041228 TSecr=3045561001 [TCP segment of a reassembled PDU]"
"60276","37.147976296","192.168.1.55","192.168.1.2","TCP","1514","8004  >  36774 [ACK] Seq=53766 Ack=141 Win=65024 Len=1448 TSval=2916041228 TSecr=3045561001 [TCP segment of a reassembled PDU]"
"60277","37.147977703","192.168.1.55","192.168.1.2","TCP","1514","8004  >  36774 [ACK] Seq=55214 Ack=141 Win=65024 Len=1448 TSval=2916041228 TSecr=3045561001 [TCP segment of a reassembled PDU]"
"60278","37.147979148","192.168.1.55","192.168.1.2","TCP","1514","8004  >  36774 [ACK] Seq=56662 Ack=141 Win=65024 Len=1448 TSval=2916041228 TSecr=3045561001 [TCP segment of a reassembled PDU]"
"60279","37.147980518","192.168.1.55","192.168.1.2","TCP","1514","8004  >  36774 [ACK] Seq=58110 Ack=141 Win=65024 Len=1448 TSval=2916041228 TSecr=3045561001 [TCP segment of a reassembled PDU]"
"60280","37.147982444","192.168.1.55","192.168.1.2","TCP","1514","8004  >  36774 [ACK] Seq=59558 Ack=141 Win=65024 Len=1448 TSval=2916041228 TSecr=3045561001 [TCP segment of a reassembled PDU]"
"60281","37.147983981","192.168.1.55","192.168.1.2","TCP","1514","8004  >  36774 [ACK] Seq=61006 Ack=141 Win=65024 Len=1448 TSval=2916041228 TSecr=3045561001 [TCP segment of a reassembled PDU]"
"60282","37.147985518","192.168.1.55","192.168.1.2","TCP","1514","8004  >  36774 [ACK] Seq=62454 Ack=141 Win=65024 Len=1448 TSval=2916041228 TSecr=3045561001 [TCP segment of a reassembled PDU]"
"60283","37.147986981","192.168.1.55","192.168.1.2","TCP","1514","8004  >  36774 [PSH, ACK] Seq=63902 Ack=141 Win=65024 Len=1448 TSval=2916041228 TSecr=3045561001 [TCP segment of a reassembled PDU]"
"60284","37.147992277","192.168.1.2","192.168.1.55","TCP","66","36774  >  8004 [ACK] Seq=141 Ack=26254 Win=90112 Len=0 TSval=3045561002 TSecr=2916041222"
"60285","37.147998851","192.168.1.2","192.168.1.55","TCP","66","36774  >  8004 [ACK] Seq=141 Ack=42182 Win=75776 Len=0 TSval=3045561002 TSecr=2916041224"
"60286","37.148030092","192.168.1.55","192.168.1.2","TCP","1514","8004  >  36774 [ACK] Seq=65350 Ack=141 Win=65024 Len=1448 TSval=2916041228 TSecr=3045561002 [TCP segment of a reassembled PDU]"
"60287","37.148031851","192.168.1.55","192.168.1.2","TCP","1514","8004  >  36774 [ACK] Seq=66798 Ack=141 Win=65024 Len=1448 TSval=2916041228 TSecr=3045561002 [TCP segment of a reassembled PDU]"
"60288","37.148033203","192.168.1.55","192.168.1.2","TCP","1514","8004  >  36774 [ACK] Seq=68246 Ack=141 Win=65024 Len=1448 TSval=2916041228 TSecr=3045561002 [TCP segment of a reassembled PDU]"
"60289","37.148034555","192.168.1.55","192.168.1.2","TCP","1514","8004  >  36774 [ACK] Seq=69694 Ack=141 Win=65024 Len=1448 TSval=2916041228 TSecr=3045561002 [TCP segment of a reassembled PDU]"
"60290","37.148036037","192.168.1.55","192.168.1.2","TCP","1514","8004  >  36774 [ACK] Seq=71142 Ack=141 Win=65024 Len=1448 TSval=2916041228 TSecr=3045561002 [TCP segment of a reassembled PDU]"
"60291","37.148037389","192.168.1.55","192.168.1.2","TCP","1514","8004  >  36774 [ACK] Seq=72590 Ack=141 Win=65024 Len=1448 TSval=2916041228 TSecr=3045561002 [TCP segment of a reassembled PDU]"
"60292","37.148038851","192.168.1.55","192.168.1.2","TCP","1514","8004  >  36774 [ACK] Seq=74038 Ack=141 Win=65024 Len=1448 TSval=2916041228 TSecr=3045561002 [TCP segment of a reassembled PDU]"
"60293","37.148040555","192.168.1.55","192.168.1.2","TCP","1514","8004  >  36774 [PSH, ACK] Seq=75486 Ack=141 Win=65024 Len=1448 TSval=2916041228 TSecr=3045561002 [TCP segment of a reassembled PDU]"
"60294","37.148072426","192.168.1.55","192.168.1.2","TCP","1514","8004  >  36774 [ACK] Seq=76934 Ack=141 Win=65024 Len=1448 TSval=2916041228 TSecr=3045561002 [TCP segment of a reassembled PDU]"
"60295","37.148074481","192.168.1.55","192.168.1.2","TCP","1514","8004  >  36774 [ACK] Seq=78382 Ack=141 Win=65024 Len=1448 TSval=2916041228 TSecr=3045561002 [TCP segment of a reassembled PDU]"
"60296","37.148075944","192.168.1.55","192.168.1.2","TCP","1514","8004  >  36774 [ACK] Seq=79830 Ack=141 Win=65024 Len=1448 TSval=2916041228 TSecr=3045561002 [TCP segment of a reassembled PDU]"
"60297","37.148077370","192.168.1.55","192.168.1.2","TCP","1514","8004  >  36774 [ACK] Seq=81278 Ack=141 Win=65024 Len=1448 TSval=2916041228 TSecr=3045561002 [TCP segment of a reassembled PDU]"
"60298","37.148078852","192.168.1.55","192.168.1.2","TCP","1514","8004  >  36774 [ACK] Seq=82726 Ack=141 Win=65024 Len=1448 TSval=2916041228 TSecr=3045561002 [TCP segment of a reassembled PDU]"
"60299","37.148080203","192.168.1.55","192.168.1.2","TCP","1514","8004  >  36774 [ACK] Seq=84174 Ack=141 Win=65024 Len=1448 TSval=2916041228 TSecr=3045561002 [TCP segment of a reassembled PDU]"
"60300","37.148081740","192.168.1.55","192.168.1.2","TCP","1514","8004  >  36774 [ACK] Seq=85622 Ack=141 Win=65024 Len=1448 TSval=2916041228 TSecr=3045561002 [TCP segment of a reassembled PDU]"
"60301","37.148083148","192.168.1.55","192.168.1.2","TCP","1514","8004  >  36774 [ACK] Seq=87070 Ack=141 Win=65024 Len=1448 TSval=2916041228 TSecr=3045561002 [TCP segment of a reassembled PDU]"
"60302","37.148084500","192.168.1.55","192.168.1.2","TCP","1514","8004  >  36774 [ACK] Seq=88518 Ack=141 Win=65024 Len=1448 TSval=2916041228 TSecr=3045561002 [TCP segment of a reassembled PDU]"
"60303","37.148086111","192.168.1.55","192.168.1.2","TCP","1514","8004  >  36774 [ACK] Seq=89966 Ack=141 Win=65024 Len=1448 TSval=2916041228 TSecr=3045561002 [TCP segment of a reassembled PDU]"
"60304","37.148087518","192.168.1.55","192.168.1.2","TCP","1514","8004  >  36774 [ACK] Seq=91414 Ack=141 Win=65024 Len=1448 TSval=2916041228 TSecr=3045561002 [TCP segment of a reassembled PDU]"
"60305","37.148088981","192.168.1.55","192.168.1.2","TCP","1514","8004  >  36774 [ACK] Seq=92862 Ack=141 Win=65024 Len=1448 TSval=2916041228 TSecr=3045561002 [TCP segment of a reassembled PDU]"
"60306","37.148090370","192.168.1.55","192.168.1.2","TCP","1514","8004  >  36774 [ACK] Seq=94310 Ack=141 Win=65024 Len=1448 TSval=2916041228 TSecr=3045561002 [TCP segment of a reassembled PDU]"
"60307","37.148091778","192.168.1.55","192.168.1.2","TCP","1514","8004  >  36774 [ACK] Seq=95758 Ack=141 Win=65024 Len=1448 TSval=2916041228 TSecr=3045561002 [TCP segment of a reassembled PDU]"
"60308","37.148093352","192.168.1.55","192.168.1.2","TCP","1514","8004  >  36774 [ACK] Seq=97206 Ack=141 Win=65024 Len=1448 TSval=2916041228 TSecr=3045561002 [TCP segment of a reassembled PDU]"
"60309","37.148094722","192.168.1.55","192.168.1.2","TCP","1514","8004  >  36774 [PSH, ACK] Seq=98654 Ack=141 Win=65024 Len=1448 TSval=2916041228 TSecr=3045561002 [TCP segment of a reassembled PDU]"
"60310","37.153537509","192.168.1.2","192.168.1.55","TCP","66","36774  >  8004 [ACK] Seq=141 Ack=43630 Win=90112 Len=0 TSval=3045561004 TSecr=2916041228"
"60311","37.153577064","192.168.1.55","192.168.1.2","TCP","1514","8004  >  36774 [ACK] Seq=100102 Ack=141 Win=65024 Len=1448 TSval=2916041234 TSecr=3045561004 [TCP segment of a reassembled PDU]"
"60312","37.153582027","192.168.1.55","192.168.1.2","TCP","1514","8004  >  36774 [PSH, ACK] Seq=101550 Ack=141 Win=65024 Len=1448 TSval=2916041234 TSecr=3045561004 [TCP segment of a reassembled PDU]"
"60313","37.153673175","192.168.1.2","192.168.1.55","TCP","66","36774  >  8004 [ACK] Seq=141 Ack=45078 Win=89088 Len=0 TSval=3045561005 TSecr=2916041228"
"60314","37.153679787","192.168.1.2","192.168.1.55","TCP","66","36774  >  8004 [ACK] Seq=141 Ack=65350 Win=71680 Len=0 TSval=3045561007 TSecr=2916041228"
"60315","37.153702305","192.168.1.55","192.168.1.2","TCP","1514","8004  >  36774 [ACK] Seq=102998 Ack=141 Win=65024 Len=1448 TSval=2916041234 TSecr=3045561007 [TCP segment of a reassembled PDU]"
"60316","37.153704046","192.168.1.55","192.168.1.2","TCP","1514","8004  >  36774 [ACK] Seq=104446 Ack=141 Win=65024 Len=1448 TSval=2916041234 TSecr=3045561007 [TCP segment of a reassembled PDU]"
"60317","37.153705509","192.168.1.55","192.168.1.2","TCP","1514","8004  >  36774 [ACK] Seq=105894 Ack=141 Win=65024 Len=1448 TSval=2916041234 TSecr=3045561007 [TCP segment of a reassembled PDU]"
"60318","37.153707972","192.168.1.55","192.168.1.2","TCP","1514","8004  >  36774 [ACK] Seq=107342 Ack=141 Win=65024 Len=1448 TSval=2916041234 TSecr=3045561007 [TCP segment of a reassembled PDU]"
"60319","37.153709601","192.168.1.55","192.168.1.2","TCP","1514","8004  >  36774 [ACK] Seq=108790 Ack=141 Win=65024 Len=1448 TSval=2916041234 TSecr=3045561007 [TCP segment of a reassembled PDU]"
"60320","37.153710990","192.168.1.55","192.168.1.2","TCP","1514","8004  >  36774 [ACK] Seq=110238 Ack=141 Win=65024 Len=1448 TSval=2916041234 TSecr=3045561007 [TCP segment of a reassembled PDU]"
"60321","37.153712324","192.168.1.55","192.168.1.2","TCP","1514","8004  >  36774 [ACK] Seq=111686 Ack=141 Win=65024 Len=1448 TSval=2916041234 TSecr=3045561007 [TCP segment of a reassembled PDU]"
"60322","37.153713713","192.168.1.55","192.168.1.2","TCP","1514","8004  >  36774 [ACK] Seq=113134 Ack=141 Win=65024 Len=1448 TSval=2916041234 TSecr=3045561007 [TCP segment of a reassembled PDU]"
"60323","37.153715453","192.168.1.55","192.168.1.2","TCP","1514","8004  >  36774 [ACK] Seq=114582 Ack=141 Win=65024 Len=1448 TSval=2916041234 TSecr=3045561007 [TCP segment of a reassembled PDU]"
"60324","37.153717120","192.168.1.55","192.168.1.2","TCP","1514","8004  >  36774 [ACK] Seq=116030 Ack=141 Win=65024 Len=1448 TSval=2916041234 TSecr=3045561007 [TCP segment of a reassembled PDU]"
"60325","37.153719194","192.168.1.55","192.168.1.2","TCP","1514","8004  >  36774 [ACK] Seq=117478 Ack=141 Win=65024 Len=1448 TSval=2916041234 TSecr=3045561007 [TCP segment of a reassembled PDU]"
"60326","37.153726416","192.168.1.55","192.168.1.2","TCP","1514","8004  >  36774 [ACK] Seq=118926 Ack=141 Win=65024 Len=1448 TSval=2916041234 TSecr=3045561007 [TCP segment of a reassembled PDU]"
"60327","37.153728305","192.168.1.55","192.168.1.2","TCP","1514","8004  >  36774 [PSH, ACK] Seq=120374 Ack=141 Win=65024 Len=1448 TSval=2916041234 TSecr=3045561007 [TCP segment of a reassembled PDU]"
"60328","37.153734157","192.168.1.2","192.168.1.55","TCP","66","36774  >  8004 [ACK] Seq=141 Ack=76934 Win=60416 Len=0 TSval=3045561008 TSecr=2916041228"
"60329","37.153807157","192.168.1.2","192.168.1.55","TCP","66","36774  >  8004 [ACK] Seq=141 Ack=94310 Win=64512 Len=0 TSval=3045561008 TSecr=2916041228"
"60330","37.153881435","192.168.1.55","192.168.1.2","TCP","1514","8004  >  36774 [ACK] Seq=121822 Ack=141 Win=65024 Len=1448 TSval=2916041234 TSecr=3045561008 [TCP segment of a reassembled PDU]"
"60331","37.153885083","192.168.1.55","192.168.1.2","TCP","1514","8004  >  36774 [ACK] Seq=123270 Ack=141 Win=65024 Len=1448 TSval=2916041234 TSecr=3045561008 [TCP segment of a reassembled PDU]"
"60332","37.153887028","192.168.1.55","192.168.1.2","TCP","1514","8004  >  36774 [ACK] Seq=124718 Ack=141 Win=65024 Len=1448 TSval=2916041234 TSecr=3045561008 [TCP segment of a reassembled PDU]"
"60333","37.153888676","192.168.1.55","192.168.1.2","TCP","1514","8004  >  36774 [ACK] Seq=126166 Ack=141 Win=65024 Len=1448 TSval=2916041234 TSecr=3045561008 [TCP segment of a reassembled PDU]"
"60334","37.153890305","192.168.1.55","192.168.1.2","TCP","1514","8004  >  36774 [ACK] Seq=127614 Ack=141 Win=65024 Len=1448 TSval=2916041234 TSecr=3045561008 [TCP segment of a reassembled PDU]"
"60335","37.153892509","192.168.1.55","192.168.1.2","TCP","1514","8004  >  36774 [ACK] Seq=129062 Ack=141 Win=65024 Len=1448 TSval=2916041234 TSecr=3045561008 [TCP segment of a reassembled PDU]"
"60336","37.153893842","192.168.1.55","192.168.1.2","TCP","1514","8004  >  36774 [ACK] Seq=130510 Ack=141 Win=65024 Len=1448 TSval=2916041234 TSecr=3045561008 [TCP segment of a reassembled PDU]"
"60337","37.153895250","192.168.1.55","192.168.1.2","TCP","1514","8004  >  36774 [ACK] Seq=131958 Ack=141 Win=65024 Len=1448 TSval=2916041234 TSecr=3045561008 [TCP segment of a reassembled PDU]"
"60338","37.153896639","192.168.1.55","192.168.1.2","TCP","1514","8004  >  36774 [ACK] Seq=133406 Ack=141 Win=65024 Len=1448 TSval=2916041234 TSecr=3045561008 [TCP segment of a reassembled PDU]"
"60339","37.153898083","192.168.1.55","192.168.1.2","TCP","1514","8004  >  36774 [ACK] Seq=134854 Ack=141 Win=65024 Len=1448 TSval=2916041234 TSecr=3045561008 [TCP segment of a reassembled PDU]"
"60340","37.153899879","192.168.1.55","192.168.1.2","TCP","1514","8004  >  36774 [ACK] Seq=136302 Ack=141 Win=65024 Len=1448 TSval=2916041234 TSecr=3045561008 [TCP segment of a reassembled PDU]"
"60341","37.153901194","192.168.1.55","192.168.1.2","TCP","1514","8004  >  36774 [ACK] Seq=137750 Ack=141 Win=65024 Len=1448 TSval=2916041234 TSecr=3045561008 [TCP segment of a reassembled PDU]"
"60342","37.153902620","192.168.1.55","192.168.1.2","TCP","1514","8004  >  36774 [ACK] Seq=139198 Ack=141 Win=65024 Len=1448 TSval=2916041234 TSecr=3045561008 [TCP segment of a reassembled PDU]"
"60343","37.153904528","192.168.1.55","192.168.1.2","TCP","1514","8004  >  36774 [ACK] Seq=140646 Ack=141 Win=65024 Len=1448 TSval=2916041234 TSecr=3045561008 [TCP segment of a reassembled PDU]"
"60344","37.153906231","192.168.1.55","192.168.1.2","TCP","1514","8004  >  36774 [ACK] Seq=142094 Ack=141 Win=65024 Len=1448 TSval=2916041234 TSecr=3045561008 [TCP segment of a reassembled PDU]"
"60345","37.153908083","192.168.1.55","192.168.1.2","TCP","1514","8004  >  36774 [ACK] Seq=143542 Ack=141 Win=65024 Len=1448 TSval=2916041234 TSecr=3045561008 [TCP segment of a reassembled PDU]"
"60346","37.153909639","192.168.1.55","192.168.1.2","TCP","1514","8004  >  36774 [ACK] Seq=144990 Ack=141 Win=65024 Len=1448 TSval=2916041234 TSecr=3045561008 [TCP segment of a reassembled PDU]"
"60347","37.153911342","192.168.1.55","192.168.1.2","TCP","1514","8004  >  36774 [ACK] Seq=146438 Ack=141 Win=65024 Len=1448 TSval=2916041234 TSecr=3045561008 [TCP segment of a reassembled PDU]"
"60348","37.153913417","192.168.1.55","192.168.1.2","TCP","1514","8004  >  36774 [ACK] Seq=147886 Ack=141 Win=65024 Len=1448 TSval=2916041234 TSecr=3045561008 [TCP segment of a reassembled PDU]"
"60349","37.153914917","192.168.1.55","192.168.1.2","TCP","1514","8004  >  36774 [ACK] Seq=149334 Ack=141 Win=65024 Len=1448 TSval=2916041234 TSecr=3045561008 [TCP segment of a reassembled PDU]"
"60350","37.153916491","192.168.1.55","192.168.1.2","TCP","1514","8004  >  36774 [ACK] Seq=150782 Ack=141 Win=65024 Len=1448 TSval=2916041234 TSecr=3045561008 [TCP segment of a reassembled PDU]"
"60351","37.153918157","192.168.1.55","192.168.1.2","TCP","1514","8004  >  36774 [ACK] Seq=152230 Ack=141 Win=65024 Len=1448 TSval=2916041234 TSecr=3045561008 [TCP segment of a reassembled PDU]"
"60352","37.153919713","192.168.1.55","192.168.1.2","TCP","1514","8004  >  36774 [ACK] Seq=153678 Ack=141 Win=65024 Len=1448 TSval=2916041234 TSecr=3045561008 [TCP segment of a reassembled PDU]"
"60353","37.153921491","192.168.1.55","192.168.1.2","TCP","1514","8004  >  36774 [ACK] Seq=155126 Ack=141 Win=65024 Len=1448 TSval=2916041234 TSecr=3045561008 [TCP segment of a reassembled PDU]"
"60354","37.153924750","192.168.1.55","192.168.1.2","TCP","1514","8004  >  36774 [ACK] Seq=156574 Ack=141 Win=65024 Len=1448 TSval=2916041234 TSecr=3045561008 [TCP segment of a reassembled PDU]"
"60355","37.153926639","192.168.1.55","192.168.1.2","TCP","866","[TCP Window Full] 8004  >  36774 [PSH, ACK] Seq=158022 Ack=141 Win=65024 Len=800 TSval=2916041234 TSecr=3045561008 [TCP segment of a reassembled PDU]"
"60356","37.153933750","192.168.1.2","192.168.1.55","TCP","66","36774  >  8004 [ACK] Seq=141 Ack=100102 Win=83968 Len=0 TSval=3045561009 TSecr=2916041228"
"60357","37.155203233","192.168.1.55","192.168.1.2","TCP","1514","8004  >  36774 [ACK] Seq=158822 Ack=141 Win=65024 Len=1448 TSval=2916041235 TSecr=3045561009 [TCP segment of a reassembled PDU]"
"60358","37.155209882","192.168.1.55","192.168.1.2","TCP","1514","8004  >  36774 [ACK] Seq=160270 Ack=141 Win=65024 Len=1448 TSval=2916041235 TSecr=3045561009 [TCP segment of a reassembled PDU]"
"60359","37.155212011","192.168.1.55","192.168.1.2","TCP","1514","8004  >  36774 [ACK] Seq=161718 Ack=141 Win=65024 Len=1448 TSval=2916041235 TSecr=3045561009 [TCP segment of a reassembled PDU]"
"60360","37.155213215","192.168.1.55","192.168.1.2","TCP","1514","8004  >  36774 [ACK] Seq=163166 Ack=141 Win=65024 Len=1448 TSval=2916041235 TSecr=3045561009 [TCP segment of a reassembled PDU]"
"60361","37.155214456","192.168.1.55","192.168.1.2","TCP","1514","8004  >  36774 [PSH, ACK] Seq=164614 Ack=141 Win=65024 Len=1448 TSval=2916041235 TSecr=3045561009 [TCP segment of a reassembled PDU]"
"60362","37.155224345","192.168.1.55","192.168.1.2","TCP","714","8004  >  36774 [ACK] Seq=166062 Ack=141 Win=65024 Len=648 TSval=2916041235 TSecr=3045561009 [TCP segment of a reassembled PDU]"
"60363","37.155240474","192.168.1.55","192.168.1.2","TCP","1514","8004  >  36774 [ACK] Seq=166710 Ack=141 Win=65024 Len=1448 TSval=2916041235 TSecr=3045561009 [TCP segment of a reassembled PDU]"
"60364","37.155244196","192.168.1.55","192.168.1.2","TCP","1514","8004  >  36774 [ACK] Seq=168158 Ack=141 Win=65024 Len=1448 TSval=2916041235 TSecr=3045561009 [TCP segment of a reassembled PDU]"
"60365","37.155246511","192.168.1.55","192.168.1.2","TCP","1514","8004  >  36774 [ACK] Seq=169606 Ack=141 Win=65024 Len=1448 TSval=2916041235 TSecr=3045561009 [TCP segment of a reassembled PDU]"
"60366","37.155247696","192.168.1.55","192.168.1.2","TCP","1514","8004  >  36774 [ACK] Seq=171054 Ack=141 Win=65024 Len=1448 TSval=2916041235 TSecr=3045561009 [TCP segment of a reassembled PDU]"
"60367","37.155248937","192.168.1.55","192.168.1.2","TCP","1514","8004  >  36774 [ACK] Seq=172502 Ack=141 Win=65024 Len=1448 TSval=2916041235 TSecr=3045561009 [TCP segment of a reassembled PDU]"
"60368","37.155250141","192.168.1.55","192.168.1.2","TCP","1514","8004  >  36774 [ACK] Seq=173950 Ack=141 Win=65024 Len=1448 TSval=2916041235 TSecr=3045561009 [TCP segment of a reassembled PDU]"
"60369","37.155251308","192.168.1.55","192.168.1.2","TCP","1514","8004  >  36774 [ACK] Seq=175398 Ack=141 Win=65024 Len=1448 TSval=2916041235 TSecr=3045561009 [TCP segment of a reassembled PDU]"
"60370","37.155252845","192.168.1.55","192.168.1.2","TCP","1514","8004  >  36774 [ACK] Seq=176846 Ack=141 Win=65024 Len=1448 TSval=2916041235 TSecr=3045561009 [TCP segment of a reassembled PDU]"
"60371","37.155255548","192.168.1.55","192.168.1.2","TCP","1514","8004  >  36774 [ACK] Seq=178294 Ack=141 Win=65024 Len=1448 TSval=2916041235 TSecr=3045561009 [TCP segment of a reassembled PDU]"
"60372","37.155257159","192.168.1.55","192.168.1.2","TCP","1514","8004  >  36774 [ACK] Seq=179742 Ack=141 Win=65024 Len=1448 TSval=2916041235 TSecr=3045561009 [TCP segment of a reassembled PDU]"
"60373","37.155258456","192.168.1.55","192.168.1.2","TCP","1514","8004  >  36774 [PSH, ACK] Seq=181190 Ack=141 Win=65024 Len=1448 TSval=2916041235 TSecr=3045561009 [TCP segment of a reassembled PDU]"
"60374","37.160721020","192.168.1.2","192.168.1.55","TCP","66","36774  >  8004 [ACK] Seq=141 Ack=102998 Win=96256 Len=0 TSval=3045561014 TSecr=2916041234"
"60375","37.160758298","192.168.1.55","192.168.1.2","TCP","1514","8004  >  36774 [ACK] Seq=182638 Ack=141 Win=65024 Len=1448 TSval=2916041241 TSecr=3045561014 [TCP segment of a reassembled PDU]"
"60376","37.160761854","192.168.1.55","192.168.1.2","TCP","1514","8004  >  36774 [ACK] Seq=184086 Ack=141 Win=65024 Len=1448 TSval=2916041241 TSecr=3045561014 [TCP segment of a reassembled PDU]"
"60377","37.160763187","192.168.1.55","192.168.1.2","TCP","1514","8004  >  36774 [ACK] Seq=185534 Ack=141 Win=65024 Len=1448 TSval=2916041241 TSecr=3045561014 [TCP segment of a reassembled PDU]"
"60378","37.160764354","192.168.1.55","192.168.1.2","TCP","1514","8004  >  36774 [ACK] Seq=186982 Ack=141 Win=65024 Len=1448 TSval=2916041241 TSecr=3045561014 [TCP segment of a reassembled PDU]"
"60379","37.160765650","192.168.1.55","192.168.1.2","TCP","1514","8004  >  36774 [ACK] Seq=188430 Ack=141 Win=65024 Len=1448 TSval=2916041241 TSecr=3045561014 [TCP segment of a reassembled PDU]"
"60380","37.160767354","192.168.1.55","192.168.1.2","TCP","1514","8004  >  36774 [ACK] Seq=189878 Ack=141 Win=65024 Len=1448 TSval=2916041241 TSecr=3045561014 [TCP segment of a reassembled PDU]"
"60381","37.160768576","192.168.1.55","192.168.1.2","TCP","1514","8004  >  36774 [ACK] Seq=191326 Ack=141 Win=65024 Len=1448 TSval=2916041241 TSecr=3045561014 [TCP segment of a reassembled PDU]"
"60382","37.160769798","192.168.1.55","192.168.1.2","TCP","1514","8004  >  36774 [ACK] Seq=192774 Ack=141 Win=65024 Len=1448 TSval=2916041241 TSecr=3045561014 [TCP segment of a reassembled PDU]"
"60383","37.160770965","192.168.1.55","192.168.1.2","TCP","1514","8004  >  36774 [ACK] Seq=194222 Ack=141 Win=65024 Len=1448 TSval=2916041241 TSecr=3045561014 [TCP segment of a reassembled PDU]"
"60384","37.160772335","192.168.1.55","192.168.1.2","TCP","1514","8004  >  36774 [ACK] Seq=195670 Ack=141 Win=65024 Len=1448 TSval=2916041241 TSecr=3045561014 [TCP segment of a reassembled PDU]"
"60385","37.160773502","192.168.1.55","192.168.1.2","TCP","1514","8004  >  36774 [PSH, ACK] Seq=197118 Ack=141 Win=65024 Len=1448 TSval=2916041241 TSecr=3045561014 [TCP segment of a reassembled PDU]"
"60386","37.161288706","192.168.1.2","192.168.1.55","TCP","66","36774  >  8004 [ACK] Seq=141 Ack=121822 Win=86016 Len=0 TSval=3045561015 TSecr=2916041234"
"60387","37.161303577","192.168.1.2","192.168.1.55","TCP","66","36774  >  8004 [ACK] Seq=141 Ack=158822 Win=68608 Len=0 TSval=3045561015 TSecr=2916041234"
"60388","37.161321225","192.168.1.55","192.168.1.2","TCP","1514","8004  >  36774 [ACK] Seq=198566 Ack=141 Win=65024 Len=1448 TSval=2916041242 TSecr=3045561015 [TCP segment of a reassembled PDU]"
"60389","37.161323151","192.168.1.55","192.168.1.2","TCP","1514","8004  >  36774 [ACK] Seq=200014 Ack=141 Win=65024 Len=1448 TSval=2916041242 TSecr=3045561015 [TCP segment of a reassembled PDU]"
"60390","37.161324354","192.168.1.55","192.168.1.2","TCP","1514","8004  >  36774 [ACK] Seq=201462 Ack=141 Win=65024 Len=1448 TSval=2916041242 TSecr=3045561015 [TCP segment of a reassembled PDU]"
"60391","37.161325503","192.168.1.55","192.168.1.2","TCP","1514","8004  >  36774 [ACK] Seq=202910 Ack=141 Win=65024 Len=1448 TSval=2916041242 TSecr=3045561015 [TCP segment of a reassembled PDU]"
"60392","37.161326743","192.168.1.55","192.168.1.2","TCP","1514","8004  >  36774 [ACK] Seq=204358 Ack=141 Win=65024 Len=1448 TSval=2916041242 TSecr=3045561015 [TCP segment of a reassembled PDU]"
"60393","37.161328077","192.168.1.55","192.168.1.2","TCP","1514","8004  >  36774 [ACK] Seq=205806 Ack=141 Win=65024 Len=1448 TSval=2916041242 TSecr=3045561015 [TCP segment of a reassembled PDU]"
"60394","37.161329317","192.168.1.55","192.168.1.2","TCP","1514","8004  >  36774 [ACK] Seq=207254 Ack=141 Win=65024 Len=1448 TSval=2916041242 TSecr=3045561015 [TCP segment of a reassembled PDU]"
"60395","37.161330595","192.168.1.55","192.168.1.2","TCP","1514","8004  >  36774 [ACK] Seq=208702 Ack=141 Win=65024 Len=1448 TSval=2916041242 TSecr=3045561015 [TCP segment of a reassembled PDU]"
"60396","37.161331836","192.168.1.55","192.168.1.2","TCP","1514","8004  >  36774 [PSH, ACK] Seq=210150 Ack=141 Win=65024 Len=1448 TSval=2916041242 TSecr=3045561015 [TCP segment of a reassembled PDU]"
"60397","37.161335540","192.168.1.2","192.168.1.55","TCP","66","36774  >  8004 [ACK] Seq=141 Ack=179742 Win=48128 Len=0 TSval=3045561015 TSecr=2916041235"
"60398","37.161356114","192.168.1.55","192.168.1.2","TCP","1514","8004  >  36774 [ACK] Seq=211598 Ack=141 Win=65024 Len=1448 TSval=2916041242 TSecr=3045561015 [TCP segment of a reassembled PDU]"
"60399","37.161357521","192.168.1.55","192.168.1.2","TCP","1514","8004  >  36774 [ACK] Seq=213046 Ack=141 Win=65024 Len=1448 TSval=2916041242 TSecr=3045561015 [TCP segment of a reassembled PDU]"
"60400","37.161358706","192.168.1.55","192.168.1.2","TCP","1514","8004  >  36774 [ACK] Seq=214494 Ack=141 Win=65024 Len=1448 TSval=2916041242 TSecr=3045561015 [TCP segment of a reassembled PDU]"
"60401","37.161359910","192.168.1.55","192.168.1.2","TCP","1514","8004  >  36774 [ACK] Seq=215942 Ack=141 Win=65024 Len=1448 TSval=2916041242 TSecr=3045561015 [TCP segment of a reassembled PDU]"
"60402","37.161361095","192.168.1.55","192.168.1.2","TCP","1514","8004  >  36774 [ACK] Seq=217390 Ack=141 Win=65024 Len=1448 TSval=2916041242 TSecr=3045561015 [TCP segment of a reassembled PDU]"
"60403","37.161362188","192.168.1.55","192.168.1.2","TCP","1514","8004  >  36774 [ACK] Seq=218838 Ack=141 Win=65024 Len=1448 TSval=2916041242 TSecr=3045561015 [TCP segment of a reassembled PDU]"
"60404","37.161363354","192.168.1.55","192.168.1.2","TCP","1514","8004  >  36774 [ACK] Seq=220286 Ack=141 Win=65024 Len=1448 TSval=2916041242 TSecr=3045561015 [TCP segment of a reassembled PDU]"
"60405","37.161364558","192.168.1.55","192.168.1.2","TCP","1514","8004  >  36774 [ACK] Seq=221734 Ack=141 Win=65024 Len=1448 TSval=2916041242 TSecr=3045561015 [TCP segment of a reassembled PDU]"
"60406","37.161365706","192.168.1.55","192.168.1.2","TCP","1514","8004  >  36774 [ACK] Seq=223182 Ack=141 Win=65024 Len=1448 TSval=2916041242 TSecr=3045561015 [TCP segment of a reassembled PDU]"
"60407","37.161366966","192.168.1.55","192.168.1.2","TCP","1514","8004  >  36774 [ACK] Seq=224630 Ack=141 Win=65024 Len=1448 TSval=2916041242 TSecr=3045561015 [TCP segment of a reassembled PDU]"
"60408","37.161368077","192.168.1.55","192.168.1.2","TCP","1514","8004  >  36774 [ACK] Seq=226078 Ack=141 Win=65024 Len=1448 TSval=2916041242 TSecr=3045561015 [TCP segment of a reassembled PDU]"
"60409","37.161369243","192.168.1.55","192.168.1.2","TCP","410","[TCP Window Full] 8004  >  36774 [PSH, ACK] Seq=227526 Ack=141 Win=65024 Len=344 TSval=2916041242 TSecr=3045561015 [TCP segment of a reassembled PDU]"
"60410","37.161372614","192.168.1.2","192.168.1.55","TCP","66","[TCP Window Update] 36774  >  8004 [ACK] Seq=141 Ack=179742 Win=96256 Len=0 TSval=3045561015 TSecr=2916041235"
"60411","37.161397280","192.168.1.55","192.168.1.2","TCP","1514","8004  >  36774 [ACK] Seq=227870 Ack=141 Win=65024 Len=1448 TSval=2916041242 TSecr=3045561015 [TCP segment of a reassembled PDU]"
"60412","37.161398947","192.168.1.55","192.168.1.2","TCP","1514","8004  >  36774 [ACK] Seq=229318 Ack=141 Win=65024 Len=1448 TSval=2916041242 TSecr=3045561015 [TCP segment of a reassembled PDU]"
"60413","37.161400003","192.168.1.55","192.168.1.2","TCP","1514","8004  >  36774 [ACK] Seq=230766 Ack=141 Win=65024 Len=1448 TSval=2916041242 TSecr=3045561015 [TCP segment of a reassembled PDU]"
"60414","37.161401040","192.168.1.55","192.168.1.2","TCP","1514","8004  >  36774 [ACK] Seq=232214 Ack=141 Win=65024 Len=1448 TSval=2916041242 TSecr=3045561015 [TCP segment of a reassembled PDU]"
"60415","37.161402095","192.168.1.55","192.168.1.2","TCP","1514","8004  >  36774 [ACK] Seq=233662 Ack=141 Win=65024 Len=1448 TSval=2916041242 TSecr=3045561015 [TCP segment of a reassembled PDU]"
"60416","37.161403336","192.168.1.55","192.168.1.2","TCP","1514","8004  >  36774 [ACK] Seq=235110 Ack=141 Win=65024 Len=1448 TSval=2916041242 TSecr=3045561015 [TCP segment of a reassembled PDU]"
"60417","37.161404651","192.168.1.55","192.168.1.2","TCP","1514","8004  >  36774 [ACK] Seq=236558 Ack=141 Win=65024 Len=1448 TSval=2916041242 TSecr=3045561015 [TCP segment of a reassembled PDU]"
"60418","37.161405743","192.168.1.55","192.168.1.2","TCP","1514","8004  >  36774 [ACK] Seq=238006 Ack=141 Win=65024 Len=1448 TSval=2916041242 TSecr=3045561015 [TCP segment of a reassembled PDU]"
"60419","37.161406892","192.168.1.55","192.168.1.2","TCP","1514","8004  >  36774 [ACK] Seq=239454 Ack=141 Win=65024 Len=1448 TSval=2916041242 TSecr=3045561015 [TCP segment of a reassembled PDU]"
"60420","37.161408003","192.168.1.55","192.168.1.2","TCP","1514","8004  >  36774 [ACK] Seq=240902 Ack=141 Win=65024 Len=1448 TSval=2916041242 TSecr=3045561015 [TCP segment of a reassembled PDU]"
"60421","37.161409169","192.168.1.55","192.168.1.2","TCP","1514","8004  >  36774 [ACK] Seq=242350 Ack=141 Win=65024 Len=1448 TSval=2916041242 TSecr=3045561015 [TCP segment of a reassembled PDU]"
"60422","37.161410243","192.168.1.55","192.168.1.2","TCP","1514","8004  >  36774 [ACK] Seq=243798 Ack=141 Win=65024 Len=1448 TSval=2916041242 TSecr=3045561015 [TCP segment of a reassembled PDU]"
"60423","37.161411466","192.168.1.55","192.168.1.2","TCP","1514","8004  >  36774 [ACK] Seq=245246 Ack=141 Win=65024 Len=1448 TSval=2916041242 TSecr=3045561015 [TCP segment of a reassembled PDU]"
"60424","37.161412725","192.168.1.55","192.168.1.2","TCP","1514","8004  >  36774 [ACK] Seq=246694 Ack=141 Win=65024 Len=1448 TSval=2916041242 TSecr=3045561015 [TCP segment of a reassembled PDU]"
"60425","37.161413799","192.168.1.55","192.168.1.2","TCP","1514","8004  >  36774 [ACK] Seq=248142 Ack=141 Win=65024 Len=1448 TSval=2916041242 TSecr=3045561015 [TCP segment of a reassembled PDU]"
"60426","37.161414929","192.168.1.55","192.168.1.2","TCP","1514","8004  >  36774 [ACK] Seq=249590 Ack=141 Win=65024 Len=1448 TSval=2916041242 TSecr=3045561015 [TCP segment of a reassembled PDU]"
"60427","37.161416114","192.168.1.55","192.168.1.2","TCP","1514","8004  >  36774 [ACK] Seq=251038 Ack=141 Win=65024 Len=1448 TSval=2916041242 TSecr=3045561015 [TCP segment of a reassembled PDU]"
"60428","37.161417243","192.168.1.55","192.168.1.2","TCP","1514","8004  >  36774 [ACK] Seq=252486 Ack=141 Win=65024 Len=1448 TSval=2916041242 TSecr=3045561015 [TCP segment of a reassembled PDU]"
"60429","37.161418410","192.168.1.55","192.168.1.2","TCP","1514","8004  >  36774 [PSH, ACK] Seq=253934 Ack=141 Win=65024 Len=1448 TSval=2916041242 TSecr=3045561015 [TCP segment of a reassembled PDU]"
"60430","37.161422929","192.168.1.55","192.168.1.2","TCP","1170","8004  >  36774 [ACK] Seq=255382 Ack=141 Win=65024 Len=1104 TSval=2916041242 TSecr=3045561015 [TCP segment of a reassembled PDU]"
"60431","37.161473447","192.168.1.2","192.168.1.55","TCP","66","36774  >  8004 [ACK] Seq=141 Ack=181190 Win=99328 Len=0 TSval=3045561016 TSecr=2916041235"
"60432","37.161480873","192.168.1.2","192.168.1.55","TCP","66","36774  >  8004 [ACK] Seq=141 Ack=182638 Win=100352 Len=0 TSval=3045561016 TSecr=2916041235"
"60433","37.161506151","192.168.1.55","192.168.1.2","TCP","1514","8004  >  36774 [ACK] Seq=256486 Ack=141 Win=65024 Len=1448 TSval=2916041242 TSecr=3045561016 [TCP segment of a reassembled PDU]"
"60434","37.161508540","192.168.1.55","192.168.1.2","TCP","1514","8004  >  36774 [ACK] Seq=257934 Ack=141 Win=65024 Len=1448 TSval=2916041242 TSecr=3045561016 [TCP segment of a reassembled PDU]"
"60435","37.161509762","192.168.1.55","192.168.1.2","TCP","1514","8004  >  36774 [ACK] Seq=259382 Ack=141 Win=65024 Len=1448 TSval=2916041242 TSecr=3045561016 [TCP segment of a reassembled PDU]"
"60436","37.161510910","192.168.1.55","192.168.1.2","TCP","1514","8004  >  36774 [ACK] Seq=260830 Ack=141 Win=65024 Len=1448 TSval=2916041242 TSecr=3045561016 [TCP segment of a reassembled PDU]"
"60437","37.161512040","192.168.1.55","192.168.1.2","TCP","1514","8004  >  36774 [ACK] Seq=262278 Ack=141 Win=65024 Len=1448 TSval=2916041242 TSecr=3045561016 [TCP segment of a reassembled PDU]"
"60438","37.161513151","192.168.1.55","192.168.1.2","TCP","1514","8004  >  36774 [ACK] Seq=263726 Ack=141 Win=65024 Len=1448 TSval=2916041242 TSecr=3045561016 [TCP segment of a reassembled PDU]"
"60439","37.161514373","192.168.1.55","192.168.1.2","TCP","1514","8004  >  36774 [ACK] Seq=265174 Ack=141 Win=65024 Len=1448 TSval=2916041242 TSecr=3045561016 [TCP segment of a reassembled PDU]"
"60440","37.161515429","192.168.1.55","192.168.1.2","TCP","1514","8004  >  36774 [ACK] Seq=266622 Ack=141 Win=65024 Len=1448 TSval=2916041242 TSecr=3045561016 [TCP segment of a reassembled PDU]"
"60441","37.161516614","192.168.1.55","192.168.1.2","TCP","1514","8004  >  36774 [ACK] Seq=268070 Ack=141 Win=65024 Len=1448 TSval=2916041242 TSecr=3045561016 [TCP segment of a reassembled PDU]"
"60442","37.161517688","192.168.1.55","192.168.1.2","TCP","1514","8004  >  36774 [ACK] Seq=269518 Ack=141 Win=65024 Len=1448 TSval=2916041242 TSecr=3045561016 [TCP segment of a reassembled PDU]"
"60443","37.161518818","192.168.1.55","192.168.1.2","TCP","1514","8004  >  36774 [ACK] Seq=270966 Ack=141 Win=65024 Len=1448 TSval=2916041242 TSecr=3045561016 [TCP segment of a reassembled PDU]"
"60444","37.161520058","192.168.1.55","192.168.1.2","TCP","1514","8004  >  36774 [ACK] Seq=272414 Ack=141 Win=65024 Len=1448 TSval=2916041242 TSecr=3045561016 [TCP segment of a reassembled PDU]"
"60445","37.161521151","192.168.1.55","192.168.1.2","TCP","1514","8004  >  36774 [ACK] Seq=273862 Ack=141 Win=65024 Len=1448 TSval=2916041242 TSecr=3045561016 [TCP segment of a reassembled PDU]"
"60446","37.161522818","192.168.1.55","192.168.1.2","TCP","1514","8004  >  36774 [ACK] Seq=275310 Ack=141 Win=65024 Len=1448 TSval=2916041242 TSecr=3045561016 [TCP segment of a reassembled PDU]"
"60447","37.161523947","192.168.1.55","192.168.1.2","TCP","1514","8004  >  36774 [ACK] Seq=276758 Ack=141 Win=65024 Len=1448 TSval=2916041242 TSecr=3045561016 [TCP segment of a reassembled PDU]"
"60448","37.161525003","192.168.1.55","192.168.1.2","TCP","1514","8004  >  36774 [ACK] Seq=278206 Ack=141 Win=65024 Len=1448 TSval=2916041242 TSecr=3045561016 [TCP segment of a reassembled PDU]"
"60449","37.161526151","192.168.1.55","192.168.1.2","TCP","1514","8004  >  36774 [ACK] Seq=279654 Ack=141 Win=65024 Len=1448 TSval=2916041242 TSecr=3045561016 [TCP segment of a reassembled PDU]"
"60450","37.161527207","192.168.1.55","192.168.1.2","TCP","1514","8004  >  36774 [PSH, ACK] Seq=281102 Ack=141 Win=65024 Len=1448 TSval=2916041242 TSecr=3045561016 [TCP segment of a reassembled PDU]"
"60451","37.169833757","192.168.1.2","192.168.1.55","TCP","66","36774  >  8004 [ACK] Seq=141 Ack=198566 Win=87040 Len=0 TSval=3045561018 TSecr=2916041241"
"60452","37.169857035","192.168.1.55","192.168.1.2","TCP","1514","8004  >  36774 [ACK] Seq=282550 Ack=141 Win=65024 Len=1448 TSval=2916041250 TSecr=3045561018 [TCP segment of a reassembled PDU]"
"60453","37.169860183","192.168.1.55","192.168.1.2","TCP","1514","8004  >  36774 [PSH, ACK] Seq=283998 Ack=141 Win=65024 Len=1448 TSval=2916041250 TSecr=3045561018 [TCP segment of a reassembled PDU]"
"60454","37.170059813","192.168.1.2","192.168.1.55","TCP","66","36774  >  8004 [ACK] Seq=141 Ack=211598 Win=126976 Len=0 TSval=3045561022 TSecr=2916041242"
"60455","37.170078017","192.168.1.55","192.168.1.2","TCP","1514","8004  >  36774 [ACK] Seq=285446 Ack=141 Win=65024 Len=1448 TSval=2916041250 TSecr=3045561022 [TCP segment of a reassembled PDU]"
"60456","37.170080035","192.168.1.55","192.168.1.2","TCP","1514","8004  >  36774 [ACK] Seq=286894 Ack=141 Win=65024 Len=1448 TSval=2916041250 TSecr=3045561022 [TCP segment of a reassembled PDU]"
"60457","37.170081072","192.168.1.55","192.168.1.2","TCP","1514","8004  >  36774 [ACK] Seq=288342 Ack=141 Win=65024 Len=1448 TSval=2916041250 TSecr=3045561022 [TCP segment of a reassembled PDU]"
"60458","37.170082276","192.168.1.55","192.168.1.2","TCP","1514","8004  >  36774 [ACK] Seq=289790 Ack=141 Win=65024 Len=1448 TSval=2916041250 TSecr=3045561022 [TCP segment of a reassembled PDU]"
"60459","37.170083350","192.168.1.55","192.168.1.2","TCP","1514","8004  >  36774 [ACK] Seq=291238 Ack=141 Win=65024 Len=1448 TSval=2916041250 TSecr=3045561022 [TCP segment of a reassembled PDU]"
"60460","37.170084535","192.168.1.55","192.168.1.2","TCP","1514","8004  >  36774 [ACK] Seq=292686 Ack=141 Win=65024 Len=1448 TSval=2916041250 TSecr=3045561022 [TCP segment of a reassembled PDU]"
"60461","37.170085943","192.168.1.55","192.168.1.2","TCP","1514","8004  >  36774 [ACK] Seq=294134 Ack=141 Win=65024 Len=1448 TSval=2916041250 TSecr=3045561022 [TCP segment of a reassembled PDU]"
"60462","37.170086998","192.168.1.55","192.168.1.2","TCP","1514","8004  >  36774 [ACK] Seq=295582 Ack=141 Win=65024 Len=1448 TSval=2916041250 TSecr=3045561022 [TCP segment of a reassembled PDU]"
"60463","37.170088054","192.168.1.55","192.168.1.2","TCP","1514","8004  >  36774 [ACK] Seq=297030 Ack=141 Win=65024 Len=1448 TSval=2916041250 TSecr=3045561022 [TCP segment of a reassembled PDU]"
"60464","37.170089109","192.168.1.55","192.168.1.2","TCP","1514","8004  >  36774 [ACK] Seq=298478 Ack=141 Win=65024 Len=1448 TSval=2916041250 TSecr=3045561022 [TCP segment of a reassembled PDU]"
"60465","37.170090202","192.168.1.55","192.168.1.2","TCP","1514","8004  >  36774 [PSH, ACK] Seq=299926 Ack=141 Win=65024 Len=1448 TSval=2916041250 TSecr=3045561022 [TCP segment of a reassembled PDU]"
"60466","37.170094035","192.168.1.2","192.168.1.55","TCP","66","36774  >  8004 [ACK] Seq=141 Ack=227870 Win=153600 Len=0 TSval=3045561023 TSecr=2916041242"
"60467","37.170126498","192.168.1.55","192.168.1.2","TCP","1514","8004  >  36774 [ACK] Seq=301374 Ack=141 Win=65024 Len=1448 TSval=2916041250 TSecr=3045561023 [TCP segment of a reassembled PDU]"
"60468","37.170128332","192.168.1.55","192.168.1.2","TCP","1514","8004  >  36774 [ACK] Seq=302822 Ack=141 Win=65024 Len=1448 TSval=2916041250 TSecr=3045561023 [TCP segment of a reassembled PDU]"
"60469","37.170129461","192.168.1.55","192.168.1.2","TCP","1514","8004  >  36774 [ACK] Seq=304270 Ack=141 Win=65024 Len=1448 TSval=2916041250 TSecr=3045561023 [TCP segment of a reassembled PDU]"
"60470","37.170130572","192.168.1.55","192.168.1.2","TCP","1514","8004  >  36774 [ACK] Seq=305718 Ack=141 Win=65024 Len=1448 TSval=2916041250 TSecr=3045561023 [TCP segment of a reassembled PDU]"
"60471","37.170131776","192.168.1.55","192.168.1.2","TCP","1514","8004  >  36774 [ACK] Seq=307166 Ack=141 Win=65024 Len=1448 TSval=2916041250 TSecr=3045561023 [TCP segment of a reassembled PDU]"
"60472","37.170133035","192.168.1.55","192.168.1.2","TCP","1514","8004  >  36774 [ACK] Seq=308614 Ack=141 Win=65024 Len=1448 TSval=2916041250 TSecr=3045561023 [TCP segment of a reassembled PDU]"
"60473","37.170134295","192.168.1.55","192.168.1.2","TCP","1514","8004  >  36774 [ACK] Seq=310062 Ack=141 Win=65024 Len=1448 TSval=2916041250 TSecr=3045561023 [TCP segment of a reassembled PDU]"
"60474","37.170135683","192.168.1.55","192.168.1.2","TCP","1514","8004  >  36774 [ACK] Seq=311510 Ack=141 Win=65024 Len=1448 TSval=2916041250 TSecr=3045561023 [TCP segment of a reassembled PDU]"
"60475","37.170136980","192.168.1.55","192.168.1.2","TCP","1514","8004  >  36774 [ACK] Seq=312958 Ack=141 Win=65024 Len=1448 TSval=2916041250 TSecr=3045561023 [TCP segment of a reassembled PDU]"
"60476","37.170138146","192.168.1.55","192.168.1.2","TCP","1514","8004  >  36774 [ACK] Seq=314406 Ack=141 Win=65024 Len=1448 TSval=2916041250 TSecr=3045561023 [TCP segment of a reassembled PDU]"
"60477","37.170139443","192.168.1.55","192.168.1.2","TCP","1514","8004  >  36774 [ACK] Seq=315854 Ack=141 Win=65024 Len=1448 TSval=2916041250 TSecr=3045561023 [TCP segment of a reassembled PDU]"
"60478","37.170140609","192.168.1.55","192.168.1.2","TCP","1514","8004  >  36774 [ACK] Seq=317302 Ack=141 Win=65024 Len=1448 TSval=2916041250 TSecr=3045561023 [TCP segment of a reassembled PDU]"
"60479","37.170141813","192.168.1.55","192.168.1.2","TCP","1514","8004  >  36774 [ACK] Seq=318750 Ack=141 Win=65024 Len=1448 TSval=2916041250 TSecr=3045561023 [TCP segment of a reassembled PDU]"
"60480","37.170143146","192.168.1.55","192.168.1.2","TCP","1514","8004  >  36774 [ACK] Seq=320198 Ack=141 Win=65024 Len=1448 TSval=2916041250 TSecr=3045561023 [TCP segment of a reassembled PDU]"
"60481","37.170144295","192.168.1.55","192.168.1.2","TCP","1514","8004  >  36774 [ACK] Seq=321646 Ack=141 Win=65024 Len=1448 TSval=2916041250 TSecr=3045561023 [TCP segment of a reassembled PDU]"
"60482","37.170145665","192.168.1.55","192.168.1.2","TCP","1514","8004  >  36774 [ACK] Seq=323094 Ack=141 Win=65024 Len=1448 TSval=2916041250 TSecr=3045561023 [TCP segment of a reassembled PDU]"
"60483","37.170146795","192.168.1.55","192.168.1.2","TCP","1514","8004  >  36774 [ACK] Seq=324542 Ack=141 Win=65024 Len=1448 TSval=2916041250 TSecr=3045561023 [TCP segment of a reassembled PDU]"
"60484","37.170147943","192.168.1.55","192.168.1.2","TCP","1514","8004  >  36774 [ACK] Seq=325990 Ack=141 Win=65024 Len=1448 TSval=2916041250 TSecr=3045561023 [TCP segment of a reassembled PDU]"
"60485","37.170149109","192.168.1.55","192.168.1.2","TCP","1514","8004  >  36774 [ACK] Seq=327438 Ack=141 Win=65024 Len=1448 TSval=2916041250 TSecr=3045561023 [TCP segment of a reassembled PDU]"
"60486","37.170150239","192.168.1.55","192.168.1.2","TCP","1514","8004  >  36774 [ACK] Seq=328886 Ack=141 Win=65024 Len=1448 TSval=2916041250 TSecr=3045561023 [TCP segment of a reassembled PDU]"
"60487","37.170151683","192.168.1.55","192.168.1.2","TCP","1514","8004  >  36774 [ACK] Seq=330334 Ack=141 Win=65024 Len=1448 TSval=2916041250 TSecr=3045561023 [TCP segment of a reassembled PDU]"
"60488","37.170152943","192.168.1.55","192.168.1.2","TCP","1514","8004  >  36774 [ACK] Seq=331782 Ack=141 Win=65024 Len=1448 TSval=2916041250 TSecr=3045561023 [TCP segment of a reassembled PDU]"
"60489","37.170154128","192.168.1.55","192.168.1.2","TCP","1514","8004  >  36774 [ACK] Seq=333230 Ack=141 Win=65024 Len=1448 TSval=2916041250 TSecr=3045561023 [TCP segment of a reassembled PDU]"
"60490","37.170155313","192.168.1.55","192.168.1.2","TCP","1514","8004  >  36774 [ACK] Seq=334678 Ack=141 Win=65024 Len=1448 TSval=2916041250 TSecr=3045561023 [TCP segment of a reassembled PDU]"
"60491","37.170156480","192.168.1.55","192.168.1.2","TCP","1514","8004  >  36774 [ACK] Seq=336126 Ack=141 Win=65024 Len=1448 TSval=2916041250 TSecr=3045561023 [TCP segment of a reassembled PDU]"
"60492","37.170157572","192.168.1.55","192.168.1.2","TCP","1514","8004  >  36774 [ACK] Seq=337574 Ack=141 Win=65024 Len=1448 TSval=2916041250 TSecr=3045561023 [TCP segment of a reassembled PDU]"
"60493","37.170158795","192.168.1.55","192.168.1.2","TCP","1514","8004  >  36774 [ACK] Seq=339022 Ack=141 Win=65024 Len=1448 TSval=2916041250 TSecr=3045561023 [TCP segment of a reassembled PDU]"
"60494","37.170159887","192.168.1.55","192.168.1.2","TCP","1514","8004  >  36774 [ACK] Seq=340470 Ack=141 Win=65024 Len=1448 TSval=2916041250 TSecr=3045561023 [TCP segment of a reassembled PDU]"
"60495","37.170161054","192.168.1.55","192.168.1.2","TCP","1514","8004  >  36774 [ACK] Seq=341918 Ack=141 Win=65024 Len=1448 TSval=2916041250 TSecr=3045561023 [TCP segment of a reassembled PDU]"
"60496","37.170162184","192.168.1.55","192.168.1.2","TCP","1514","8004  >  36774 [ACK] Seq=343366 Ack=141 Win=65024 Len=1448 TSval=2916041250 TSecr=3045561023 [TCP segment of a reassembled PDU]"
"60497","37.170163313","192.168.1.55","192.168.1.2","TCP","1514","8004  >  36774 [PSH, ACK] Seq=344814 Ack=141 Win=65024 Len=1448 TSval=2916041250 TSecr=3045561023 [TCP segment of a reassembled PDU]"
"60498","37.170167554","192.168.1.2","192.168.1.55","TCP","66","36774  >  8004 [ACK] Seq=141 Ack=255382 Win=158720 Len=0 TSval=3045561023 TSecr=2916041242"
"60499","37.170217647","192.168.1.55","192.168.1.2","TCP","1514","8004  >  36774 [ACK] Seq=346262 Ack=141 Win=65024 Len=1448 TSval=2916041250 TSecr=3045561023 [TCP segment of a reassembled PDU]"
"60500","37.170220128","192.168.1.55","192.168.1.2","TCP","1514","8004  >  36774 [ACK] Seq=347710 Ack=141 Win=65024 Len=1448 TSval=2916041250 TSecr=3045561023 [TCP segment of a reassembled PDU]"
"60501","37.170221313","192.168.1.55","192.168.1.2","TCP","1514","8004  >  36774 [ACK] Seq=349158 Ack=141 Win=65024 Len=1448 TSval=2916041250 TSecr=3045561023 [TCP segment of a reassembled PDU]"
"60502","37.170222721","192.168.1.55","192.168.1.2","TCP","1514","8004  >  36774 [ACK] Seq=350606 Ack=141 Win=65024 Len=1448 TSval=2916041250 TSecr=3045561023 [TCP segment of a reassembled PDU]"
"60503","37.170223832","192.168.1.55","192.168.1.2","TCP","1514","8004  >  36774 [ACK] Seq=352054 Ack=141 Win=65024 Len=1448 TSval=2916041250 TSecr=3045561023 [TCP segment of a reassembled PDU]"
"60504","37.170230998","192.168.1.55","192.168.1.2","TCP","1514","8004  >  36774 [ACK] Seq=353502 Ack=141 Win=65024 Len=1448 TSval=2916041250 TSecr=3045561023 [TCP segment of a reassembled PDU]"
"60505","37.170232461","192.168.1.55","192.168.1.2","TCP","1514","8004  >  36774 [ACK] Seq=354950 Ack=141 Win=65024 Len=1448 TSval=2916041250 TSecr=3045561023 [TCP segment of a reassembled PDU]"
"60506","37.170234147","192.168.1.55","192.168.1.2","TCP","1514","8004  >  36774 [ACK] Seq=356398 Ack=141 Win=65024 Len=1448 TSval=2916041250 TSecr=3045561023 [TCP segment of a reassembled PDU]"
"60507","37.170235313","192.168.1.55","192.168.1.2","TCP","1514","8004  >  36774 [ACK] Seq=357846 Ack=141 Win=65024 Len=1448 TSval=2916041250 TSecr=3045561023 [TCP segment of a reassembled PDU]"
"60508","37.170236443","192.168.1.55","192.168.1.2","TCP","1514","8004  >  36774 [ACK] Seq=359294 Ack=141 Win=65024 Len=1448 TSval=2916041250 TSecr=3045561023 [TCP segment of a reassembled PDU]"
"60509","37.170237758","192.168.1.55","192.168.1.2","TCP","1514","8004  >  36774 [ACK] Seq=360742 Ack=141 Win=65024 Len=1448 TSval=2916041250 TSecr=3045561023 [TCP segment of a reassembled PDU]"
"60510","37.170238961","192.168.1.55","192.168.1.2","TCP","1514","8004  >  36774 [ACK] Seq=362190 Ack=141 Win=65024 Len=1448 TSval=2916041250 TSecr=3045561023 [TCP segment of a reassembled PDU]"
"60511","37.170240461","192.168.1.55","192.168.1.2","TCP","1514","8004  >  36774 [ACK] Seq=363638 Ack=141 Win=65024 Len=1448 TSval=2916041250 TSecr=3045561023 [TCP segment of a reassembled PDU]"
"60512","37.170241647","192.168.1.55","192.168.1.2","TCP","1514","8004  >  36774 [ACK] Seq=365086 Ack=141 Win=65024 Len=1448 TSval=2916041250 TSecr=3045561023 [TCP segment of a reassembled PDU]"
"60513","37.170242832","192.168.1.55","192.168.1.2","TCP","1514","8004  >  36774 [ACK] Seq=366534 Ack=141 Win=65024 Len=1448 TSval=2916041250 TSecr=3045561023 [TCP segment of a reassembled PDU]"
"60514","37.170244091","192.168.1.55","192.168.1.2","TCP","1514","8004  >  36774 [ACK] Seq=367982 Ack=141 Win=65024 Len=1448 TSval=2916041250 TSecr=3045561023 [TCP segment of a reassembled PDU]"
"60515","37.170245221","192.168.1.55","192.168.1.2","TCP","1514","8004  >  36774 [ACK] Seq=369430 Ack=141 Win=65024 Len=1448 TSval=2916041250 TSecr=3045561023 [TCP segment of a reassembled PDU]"
"60516","37.170246480","192.168.1.55","192.168.1.2","TCP","1514","8004  >  36774 [ACK] Seq=370878 Ack=141 Win=65024 Len=1448 TSval=2916041250 TSecr=3045561023 [TCP segment of a reassembled PDU]"
"60517","37.170247554","192.168.1.55","192.168.1.2","TCP","1514","8004  >  36774 [ACK] Seq=372326 Ack=141 Win=65024 Len=1448 TSval=2916041250 TSecr=3045561023 [TCP segment of a reassembled PDU]"
"60518","37.170248906","192.168.1.55","192.168.1.2","TCP","1514","8004  >  36774 [ACK] Seq=373774 Ack=141 Win=65024 Len=1448 TSval=2916041250 TSecr=3045561023 [TCP segment of a reassembled PDU]"
"60519","37.170250017","192.168.1.55","192.168.1.2","TCP","1514","8004  >  36774 [ACK] Seq=375222 Ack=141 Win=65024 Len=1448 TSval=2916041250 TSecr=3045561023 [TCP segment of a reassembled PDU]"
"60520","37.170251387","192.168.1.55","192.168.1.2","TCP","1514","8004  >  36774 [ACK] Seq=376670 Ack=141 Win=65024 Len=1448 TSval=2916041250 TSecr=3045561023 [TCP segment of a reassembled PDU]"
"60521","37.170252739","192.168.1.55","192.168.1.2","TCP","1514","8004  >  36774 [ACK] Seq=378118 Ack=141 Win=65024 Len=1448 TSval=2916041250 TSecr=3045561023 [TCP segment of a reassembled PDU]"
"60522","37.170254239","192.168.1.55","192.168.1.2","TCP","1514","8004  >  36774 [ACK] Seq=379566 Ack=141 Win=65024 Len=1448 TSval=2916041250 TSecr=3045561023 [TCP segment of a reassembled PDU]"
"60523","37.170255610","192.168.1.55","192.168.1.2","TCP","1514","8004  >  36774 [ACK] Seq=381014 Ack=141 Win=65024 Len=1448 TSval=2916041250 TSecr=3045561023 [TCP segment of a reassembled PDU]"
"60524","37.170257036","192.168.1.55","192.168.1.2","TCP","1514","8004  >  36774 [ACK] Seq=382462 Ack=141 Win=65024 Len=1448 TSval=2916041250 TSecr=3045561023 [TCP segment of a reassembled PDU]"
"60525","37.170258424","192.168.1.55","192.168.1.2","TCP","1514","8004  >  36774 [ACK] Seq=383910 Ack=141 Win=65024 Len=1448 TSval=2916041250 TSecr=3045561023 [TCP segment of a reassembled PDU]"
"60526","37.170259536","192.168.1.55","192.168.1.2","TCP","1514","8004  >  36774 [ACK] Seq=385358 Ack=141 Win=65024 Len=1448 TSval=2916041250 TSecr=3045561023 [TCP segment of a reassembled PDU]"
"60527","37.170260628","192.168.1.55","192.168.1.2","TCP","1514","8004  >  36774 [ACK] Seq=386806 Ack=141 Win=65024 Len=1448 TSval=2916041250 TSecr=3045561023 [TCP segment of a reassembled PDU]"
"60528","37.170261758","192.168.1.55","192.168.1.2","TCP","1514","8004  >  36774 [ACK] Seq=388254 Ack=141 Win=65024 Len=1448 TSval=2916041250 TSecr=3045561023 [TCP segment of a reassembled PDU]"
"60529","37.170263536","192.168.1.55","192.168.1.2","TCP","1514","8004  >  36774 [PSH, ACK] Seq=389702 Ack=141 Win=65024 Len=1448 TSval=2916041250 TSecr=3045561023 [TCP segment of a reassembled PDU]"
"60530","37.171503575","192.168.1.2","192.168.1.55","TCP","66","36774  >  8004 [ACK] Seq=141 Ack=256486 Win=161792 Len=0 TSval=3045561023 TSecr=2916041242"
"60531","37.171542964","192.168.1.55","192.168.1.2","TCP","1514","8004  >  36774 [ACK] Seq=391150 Ack=141 Win=65024 Len=1448 TSval=2916041252 TSecr=3045561023 [TCP segment of a reassembled PDU]"
"60532","37.171545741","192.168.1.55","192.168.1.2","TCP","1514","8004  >  36774 [ACK] Seq=392598 Ack=141 Win=65024 Len=1448 TSval=2916041252 TSecr=3045561023 [TCP segment of a reassembled PDU]"
"60533","37.171546815","192.168.1.55","192.168.1.2","TCP","1514","8004  >  36774 [ACK] Seq=394046 Ack=141 Win=65024 Len=1448 TSval=2916041252 TSecr=3045561023 [TCP segment of a reassembled PDU]"
"60534","37.171547889","192.168.1.55","192.168.1.2","TCP","1514","8004  >  36774 [ACK] Seq=395494 Ack=141 Win=65024 Len=1448 TSval=2916041252 TSecr=3045561023 [TCP segment of a reassembled PDU]"
"60535","37.171549204","192.168.1.55","192.168.1.2","TCP","1514","8004  >  36774 [ACK] Seq=396942 Ack=141 Win=65024 Len=1448 TSval=2916041252 TSecr=3045561023 [TCP segment of a reassembled PDU]"
"60536","37.171550334","192.168.1.55","192.168.1.2","TCP","1514","8004  >  36774 [ACK] Seq=398390 Ack=141 Win=65024 Len=1448 TSval=2916041252 TSecr=3045561023 [TCP segment of a reassembled PDU]"
"60537","37.171551538","192.168.1.55","192.168.1.2","TCP","1514","8004  >  36774 [ACK] Seq=399838 Ack=141 Win=65024 Len=1448 TSval=2916041252 TSecr=3045561023 [TCP segment of a reassembled PDU]"
"60538","37.171552649","192.168.1.55","192.168.1.2","TCP","1514","8004  >  36774 [ACK] Seq=401286 Ack=141 Win=65024 Len=1448 TSval=2916041252 TSecr=3045561023 [TCP segment of a reassembled PDU]"
"60539","37.171553852","192.168.1.55","192.168.1.2","TCP","1514","8004  >  36774 [ACK] Seq=402734 Ack=141 Win=65024 Len=1448 TSval=2916041252 TSecr=3045561023 [TCP segment of a reassembled PDU]"
"60540","37.171555075","192.168.1.55","192.168.1.2","TCP","1514","8004  >  36774 [ACK] Seq=404182 Ack=141 Win=65024 Len=1448 TSval=2916041252 TSecr=3045561023 [TCP segment of a reassembled PDU]"
"60541","37.171556260","192.168.1.55","192.168.1.2","TCP","1514","8004  >  36774 [ACK] Seq=405630 Ack=141 Win=65024 Len=1448 TSval=2916041252 TSecr=3045561023 [TCP segment of a reassembled PDU]"
"60542","37.171557426","192.168.1.55","192.168.1.2","TCP","1514","8004  >  36774 [ACK] Seq=407078 Ack=141 Win=65024 Len=1448 TSval=2916041252 TSecr=3045561023 [TCP segment of a reassembled PDU]"
"60543","37.171558575","192.168.1.55","192.168.1.2","TCP","1514","8004  >  36774 [ACK] Seq=408526 Ack=141 Win=65024 Len=1448 TSval=2916041252 TSecr=3045561023 [TCP segment of a reassembled PDU]"
"60544","37.171559741","192.168.1.55","192.168.1.2","TCP","1514","8004  >  36774 [ACK] Seq=409974 Ack=141 Win=65024 Len=1448 TSval=2916041252 TSecr=3045561023 [TCP segment of a reassembled PDU]"
"60545","37.171561019","192.168.1.55","192.168.1.2","TCP","1514","8004  >  36774 [ACK] Seq=411422 Ack=141 Win=65024 Len=1448 TSval=2916041252 TSecr=3045561023 [TCP segment of a reassembled PDU]"
"60546","37.171562149","192.168.1.55","192.168.1.2","TCP","1514","8004  >  36774 [ACK] Seq=412870 Ack=141 Win=65024 Len=1448 TSval=2916041252 TSecr=3045561023 [TCP segment of a reassembled PDU]"
"60547","37.171563297","192.168.1.55","192.168.1.2","TCP","1514","8004  >  36774 [ACK] Seq=414318 Ack=141 Win=65024 Len=1448 TSval=2916041252 TSecr=3045561023 [TCP segment of a reassembled PDU]"
"60548","37.171564760","192.168.1.55","192.168.1.2","TCP","1514","8004  >  36774 [ACK] Seq=415766 Ack=141 Win=65024 Len=1448 TSval=2916041252 TSecr=3045561023 [TCP segment of a reassembled PDU]"
"60549","37.171565797","192.168.1.55","192.168.1.2","TCP","1130","[TCP Window Full] 8004  >  36774 [PSH, ACK] Seq=417214 Ack=141 Win=65024 Len=1064 TSval=2916041252 TSecr=3045561023 [TCP segment of a reassembled PDU]"
"60550","37.171615278","192.168.1.2","192.168.1.55","TCP","66","36774  >  8004 [ACK] Seq=141 Ack=275310 Win=161792 Len=0 TSval=3045561023 TSecr=2916041242"
"60551","37.171627334","192.168.1.2","192.168.1.55","TCP","66","36774  >  8004 [ACK] Seq=141 Ack=282550 Win=176128 Len=0 TSval=3045561025 TSecr=2916041242"
"60552","37.171654112","192.168.1.2","192.168.1.55","TCP","66","36774  >  8004 [ACK] Seq=141 Ack=283998 Win=178176 Len=0 TSval=3045561027 TSecr=2916041250"
"60553","37.171672908","192.168.1.55","192.168.1.2","TCP","1514","8004  >  36774 [ACK] Seq=418278 Ack=141 Win=65024 Len=1448 TSval=2916041252 TSecr=3045561027 [TCP segment of a reassembled PDU]"
"60554","37.171674316","192.168.1.55","192.168.1.2","TCP","1514","8004  >  36774 [ACK] Seq=419726 Ack=141 Win=65024 Len=1448 TSval=2916041252 TSecr=3045561027 [TCP segment of a reassembled PDU]"
"60555","37.171675316","192.168.1.55","192.168.1.2","TCP","1514","8004  >  36774 [ACK] Seq=421174 Ack=141 Win=65024 Len=1448 TSval=2916041252 TSecr=3045561027 [TCP segment of a reassembled PDU]"
"60556","37.171676390","192.168.1.55","192.168.1.2","TCP","1514","8004  >  36774 [ACK] Seq=422622 Ack=141 Win=65024 Len=1448 TSval=2916041252 TSecr=3045561027 [TCP segment of a reassembled PDU]"
"60557","37.171677390","192.168.1.55","192.168.1.2","TCP","1514","8004  >  36774 [ACK] Seq=424070 Ack=141 Win=65024 Len=1448 TSval=2916041252 TSecr=3045561027 [TCP segment of a reassembled PDU]"
"60558","37.171678408","192.168.1.55","192.168.1.2","TCP","1514","8004  >  36774 [ACK] Seq=425518 Ack=141 Win=65024 Len=1448 TSval=2916041252 TSecr=3045561027 [TCP segment of a reassembled PDU]"
"60559","37.171679723","192.168.1.55","192.168.1.2","TCP","1514","8004  >  36774 [ACK] Seq=426966 Ack=141 Win=65024 Len=1448 TSval=2916041252 TSecr=3045561027 [TCP segment of a reassembled PDU]"
"60560","37.171680686","192.168.1.55","192.168.1.2","TCP","1514","8004  >  36774 [ACK] Seq=428414 Ack=141 Win=65024 Len=1448 TSval=2916041252 TSecr=3045561027 [TCP segment of a reassembled PDU]"
"60561","37.171681686","192.168.1.55","192.168.1.2","TCP","1514","8004  >  36774 [ACK] Seq=429862 Ack=141 Win=65024 Len=1448 TSval=2916041252 TSecr=3045561027 [TCP segment of a reassembled PDU]"
"60562","37.171682593","192.168.1.55","192.168.1.2","TCP","1514","8004  >  36774 [ACK] Seq=431310 Ack=141 Win=65024 Len=1448 TSval=2916041252 TSecr=3045561027 [TCP segment of a reassembled PDU]"
"60563","37.171683556","192.168.1.55","192.168.1.2","TCP","1514","8004  >  36774 [ACK] Seq=432758 Ack=141 Win=65024 Len=1448 TSval=2916041252 TSecr=3045561027 [TCP segment of a reassembled PDU]"
"60564","37.171684464","192.168.1.55","192.168.1.2","TCP","1514","8004  >  36774 [PSH, ACK] Seq=434206 Ack=141 Win=65024 Len=1448 TSval=2916041252 TSecr=3045561027 [TCP segment of a reassembled PDU]"
"60565","37.171708223","192.168.1.2","192.168.1.55","TCP","66","36774  >  8004 [ACK] Seq=141 Ack=285446 Win=181248 Len=0 TSval=3045561027 TSecr=2916041250"
"60566","37.171718075","192.168.1.55","192.168.1.2","TCP","450","8004  >  36774 [ACK] Seq=435654 Ack=141 Win=65024 Len=384 TSval=2916041252 TSecr=3045561027 [TCP segment of a reassembled PDU]"
"60567","37.171763482","192.168.1.55","192.168.1.2","TCP","1514","8004  >  36774 [ACK] Seq=436038 Ack=141 Win=65024 Len=1448 TSval=2916041252 TSecr=3045561027 [TCP segment of a reassembled PDU]"
"60568","37.171768371","192.168.1.55","192.168.1.2","TCP","1514","8004  >  36774 [ACK] Seq=437486 Ack=141 Win=65024 Len=1448 TSval=2916041252 TSecr=3045561027 [TCP segment of a reassembled PDU]"
"60569","37.171769556","192.168.1.55","192.168.1.2","TCP","1514","8004  >  36774 [ACK] Seq=438934 Ack=141 Win=65024 Len=1448 TSval=2916041252 TSecr=3045561027 [TCP segment of a reassembled PDU]"
"60570","37.171771538","192.168.1.55","192.168.1.2","TCP","1514","8004  >  36774 [ACK] Seq=440382 Ack=141 Win=65024 Len=1448 TSval=2916041252 TSecr=3045561027 [TCP segment of a reassembled PDU]"
"60571","37.171772797","192.168.1.55","192.168.1.2","TCP","1514","8004  >  36774 [ACK] Seq=441830 Ack=141 Win=65024 Len=1448 TSval=2916041252 TSecr=3045561027 [TCP segment of a reassembled PDU]"
"60572","37.171774575","192.168.1.55","192.168.1.2","TCP","1514","8004  >  36774 [ACK] Seq=443278 Ack=141 Win=65024 Len=1448 TSval=2916041252 TSecr=3045561027 [TCP segment of a reassembled PDU]"
"60573","37.171776186","192.168.1.55","192.168.1.2","TCP","1514","8004  >  36774 [ACK] Seq=444726 Ack=141 Win=65024 Len=1448 TSval=2916041252 TSecr=3045561027 [TCP segment of a reassembled PDU]"
"60574","37.171777260","192.168.1.55","192.168.1.2","TCP","1514","8004  >  36774 [ACK] Seq=446174 Ack=141 Win=65024 Len=1448 TSval=2916041252 TSecr=3045561027 [TCP segment of a reassembled PDU]"
"60575","37.171779001","192.168.1.55","192.168.1.2","TCP","1514","8004  >  36774 [ACK] Seq=447622 Ack=141 Win=65024 Len=1448 TSval=2916041252 TSecr=3045561027 [TCP segment of a reassembled PDU]"
"60576","37.171780427","192.168.1.55","192.168.1.2","TCP","1514","8004  >  36774 [ACK] Seq=449070 Ack=141 Win=65024 Len=1448 TSval=2916041252 TSecr=3045561027 [TCP segment of a reassembled PDU]"
"60577","37.171781908","192.168.1.55","192.168.1.2","TCP","1514","8004  >  36774 [ACK] Seq=450518 Ack=141 Win=65024 Len=1448 TSval=2916041252 TSecr=3045561027 [TCP segment of a reassembled PDU]"
"60578","37.171783223","192.168.1.55","192.168.1.2","TCP","1514","8004  >  36774 [ACK] Seq=451966 Ack=141 Win=65024 Len=1448 TSval=2916041252 TSecr=3045561027 [TCP segment of a reassembled PDU]"
"60579","37.171784408","192.168.1.55","192.168.1.2","TCP","1514","8004  >  36774 [ACK] Seq=453414 Ack=141 Win=65024 Len=1448 TSval=2916041252 TSecr=3045561027 [TCP segment of a reassembled PDU]"
"60580","37.171785871","192.168.1.55","192.168.1.2","TCP","1514","8004  >  36774 [ACK] Seq=454862 Ack=141 Win=65024 Len=1448 TSval=2916041252 TSecr=3045561027 [TCP segment of a reassembled PDU]"
"60581","37.171787427","192.168.1.55","192.168.1.2","TCP","1514","8004  >  36774 [ACK] Seq=456310 Ack=141 Win=65024 Len=1448 TSval=2916041252 TSecr=3045561027 [TCP segment of a reassembled PDU]"
"60582","37.171789408","192.168.1.55","192.168.1.2","TCP","1514","8004  >  36774 [ACK] Seq=457758 Ack=141 Win=65024 Len=1448 TSval=2916041252 TSecr=3045561027 [TCP segment of a reassembled PDU]"
"60583","37.171791057","192.168.1.55","192.168.1.2","TCP","1514","8004  >  36774 [ACK] Seq=459206 Ack=141 Win=65024 Len=1448 TSval=2916041252 TSecr=3045561027 [TCP segment of a reassembled PDU]"
"60584","37.171792501","192.168.1.55","192.168.1.2","TCP","1514","8004  >  36774 [ACK] Seq=460654 Ack=141 Win=65024 Len=1448 TSval=2916041252 TSecr=3045561027 [TCP segment of a reassembled PDU]"
"60585","37.171794279","192.168.1.55","192.168.1.2","TCP","1514","8004  >  36774 [ACK] Seq=462102 Ack=141 Win=65024 Len=1448 TSval=2916041252 TSecr=3045561027 [TCP segment of a reassembled PDU]"
"60586","37.171796057","192.168.1.55","192.168.1.2","TCP","1514","8004  >  36774 [ACK] Seq=463550 Ack=141 Win=65024 Len=1448 TSval=2916041252 TSecr=3045561027 [TCP segment of a reassembled PDU]"
"60587","37.171797575","192.168.1.55","192.168.1.2","TCP","1514","8004  >  36774 [PSH, ACK] Seq=464998 Ack=141 Win=65024 Len=1448 TSval=2916041252 TSecr=3045561027 [TCP segment of a reassembled PDU]"
"60588","37.181605850","192.168.1.2","192.168.1.55","TCP","66","36774  >  8004 [ACK] Seq=141 Ack=301374 Win=167936 Len=0 TSval=3045561030 TSecr=2916041250"
"60589","37.181628072","192.168.1.55","192.168.1.2","TCP","1514","8004  >  36774 [ACK] Seq=466446 Ack=141 Win=65024 Len=1448 TSval=2916041262 TSecr=3045561030 [TCP segment of a reassembled PDU]"
"60590","37.181773184","192.168.1.2","192.168.1.55","TCP","66","36774  >  8004 [ACK] Seq=141 Ack=317302 Win=152576 Len=0 TSval=3045561030 TSecr=2916041250"
"60591","37.181778887","192.168.1.2","192.168.1.55","TCP","66","36774  >  8004 [ACK] Seq=141 Ack=346262 Win=155648 Len=0 TSval=3045561037 TSecr=2916041250"
"60592","37.181792591","192.168.1.55","192.168.1.2","TCP","1514","8004  >  36774 [ACK] Seq=467894 Ack=141 Win=65024 Len=1448 TSval=2916041262 TSecr=3045561037 [TCP segment of a reassembled PDU]"
"60593","37.181794239","192.168.1.55","192.168.1.2","TCP","1514","8004  >  36774 [ACK] Seq=469342 Ack=141 Win=65024 Len=1448 TSval=2916041262 TSecr=3045561037 [TCP segment of a reassembled PDU]"
"60594","37.181795332","192.168.1.55","192.168.1.2","TCP","1514","8004  >  36774 [ACK] Seq=470790 Ack=141 Win=65024 Len=1448 TSval=2916041262 TSecr=3045561037 [TCP segment of a reassembled PDU]"
"60595","37.181796221","192.168.1.55","192.168.1.2","TCP","1514","8004  >  36774 [ACK] Seq=472238 Ack=141 Win=65024 Len=1448 TSval=2916041262 TSecr=3045561037 [TCP segment of a reassembled PDU]"
"60596","37.181797202","192.168.1.55","192.168.1.2","TCP","1514","8004  >  36774 [ACK] Seq=473686 Ack=141 Win=65024 Len=1448 TSval=2916041262 TSecr=3045561037 [TCP segment of a reassembled PDU]"
"60597","37.181798184","192.168.1.55","192.168.1.2","TCP","1514","8004  >  36774 [ACK] Seq=475134 Ack=141 Win=65024 Len=1448 TSval=2916041262 TSecr=3045561037 [TCP segment of a reassembled PDU]"
"60598","37.181799091","192.168.1.55","192.168.1.2","TCP","1514","8004  >  36774 [ACK] Seq=476582 Ack=141 Win=65024 Len=1448 TSval=2916041262 TSecr=3045561037 [TCP segment of a reassembled PDU]"
"60599","37.181800073","192.168.1.55","192.168.1.2","TCP","1514","8004  >  36774 [ACK] Seq=478030 Ack=141 Win=65024 Len=1448 TSval=2916041262 TSecr=3045561037 [TCP segment of a reassembled PDU]"
"60600","37.181801017","192.168.1.55","192.168.1.2","TCP","1514","8004  >  36774 [PSH, ACK] Seq=479478 Ack=141 Win=65024 Len=1448 TSval=2916041262 TSecr=3045561037 [TCP segment of a reassembled PDU]"
"60601","37.181813962","192.168.1.55","192.168.1.2","TCP","1514","8004  >  36774 [ACK] Seq=480926 Ack=141 Win=65024 Len=1448 TSval=2916041262 TSecr=3045561037 [TCP segment of a reassembled PDU]"
"60602","37.181815110","192.168.1.55","192.168.1.2","TCP","1514","8004  >  36774 [ACK] Seq=482374 Ack=141 Win=65024 Len=1448 TSval=2916041262 TSecr=3045561037 [TCP segment of a reassembled PDU]"
"60603","37.181816091","192.168.1.55","192.168.1.2","TCP","1514","8004  >  36774 [ACK] Seq=483822 Ack=141 Win=65024 Len=1448 TSval=2916041262 TSecr=3045561037 [TCP segment of a reassembled PDU]"
"60604","37.181817073","192.168.1.55","192.168.1.2","TCP","1514","8004  >  36774 [ACK] Seq=485270 Ack=141 Win=65024 Len=1448 TSval=2916041262 TSecr=3045561037 [TCP segment of a reassembled PDU]"
"60605","37.181817962","192.168.1.55","192.168.1.2","TCP","1514","8004  >  36774 [ACK] Seq=486718 Ack=141 Win=65024 Len=1448 TSval=2916041262 TSecr=3045561037 [TCP segment of a reassembled PDU]"
"60606","37.181819017","192.168.1.55","192.168.1.2","TCP","1514","8004  >  36774 [ACK] Seq=488166 Ack=141 Win=65024 Len=1448 TSval=2916041262 TSecr=3045561037 [TCP segment of a reassembled PDU]"
"60607","37.181820017","192.168.1.55","192.168.1.2","TCP","1514","8004  >  36774 [ACK] Seq=489614 Ack=141 Win=65024 Len=1448 TSval=2916041262 TSecr=3045561037 [TCP segment of a reassembled PDU]"
"60608","37.181820980","192.168.1.55","192.168.1.2","TCP","1514","8004  >  36774 [ACK] Seq=491062 Ack=141 Win=65024 Len=1448 TSval=2916041262 TSecr=3045561037 [TCP segment of a reassembled PDU]"
"60609","37.181821943","192.168.1.55","192.168.1.2","TCP","1514","8004  >  36774 [ACK] Seq=492510 Ack=141 Win=65024 Len=1448 TSval=2916041262 TSecr=3045561037 [TCP segment of a reassembled PDU]"
"60610","37.181822980","192.168.1.55","192.168.1.2","TCP","1514","8004  >  36774 [ACK] Seq=493958 Ack=141 Win=65024 Len=1448 TSval=2916041262 TSecr=3045561037 [TCP segment of a reassembled PDU]"
"60611","37.181823962","192.168.1.55","192.168.1.2","TCP","1514","8004  >  36774 [ACK] Seq=495406 Ack=141 Win=65024 Len=1448 TSval=2916041262 TSecr=3045561037 [TCP segment of a reassembled PDU]"
"60612","37.181824906","192.168.1.55","192.168.1.2","TCP","1514","8004  >  36774 [PSH, ACK] Seq=496854 Ack=141 Win=65024 Len=1448 TSval=2916041262 TSecr=3045561037 [TCP segment of a reassembled PDU]"
"60613","37.181827702","192.168.1.55","192.168.1.2","HTTP","1472","HTTP/1.0 200 OK  (PNG)"
"60614","37.182670704","192.168.1.2","192.168.1.55","TCP","66","36774  >  8004 [ACK] Seq=141 Ack=391150 Win=112640 Len=0 TSval=3045561037 TSecr=2916041250"
"60615","37.182725815","192.168.1.2","192.168.1.55","TCP","66","36774  >  8004 [ACK] Seq=141 Ack=418278 Win=116736 Len=0 TSval=3045561037 TSecr=2916041252"
"60616","37.182731259","192.168.1.2","192.168.1.55","TCP","66","36774  >  8004 [ACK] Seq=141 Ack=435654 Win=167936 Len=0 TSval=3045561037 TSecr=2916041252"
"60617","37.182737741","192.168.1.2","192.168.1.55","TCP","66","36774  >  8004 [ACK] Seq=141 Ack=436038 Win=184320 Len=0 TSval=3045561037 TSecr=2916041252"
"60618","37.182741259","192.168.1.2","192.168.1.55","TCP","66","36774  >  8004 [ACK] Seq=141 Ack=451966 Win=168960 Len=0 TSval=3045561038 TSecr=2916041252"
"60619","37.182744389","192.168.1.2","192.168.1.55","TCP","66","36774  >  8004 [ACK] Seq=141 Ack=466446 Win=155648 Len=0 TSval=3045561038 TSecr=2916041252"
"60620","37.183384594","192.168.1.2","192.168.1.55","TCP","66","36774  >  8004 [ACK] Seq=141 Ack=469342 Win=181248 Len=0 TSval=3045561039 TSecr=2916041262"
"60621","37.186429747","192.168.1.2","192.168.1.55","TCP","66","36774  >  8004 [ACK] Seq=141 Ack=492510 Win=184320 Len=0 TSval=3045561041 TSecr=2916041262"
"60622","37.186487469","192.168.1.2","192.168.1.55","TCP","66","36774  >  8004 [ACK] Seq=141 Ack=498302 Win=195584 Len=0 TSval=3045561042 TSecr=2916041262"
"60623","37.190110642","192.168.1.2","192.168.1.55","TCP","66","36774  >  8004 [FIN, ACK] Seq=141 Ack=499709 Win=198656 Len=0 TSval=3045561045 TSecr=2916041262"
"60624","37.190169864","192.168.1.55","192.168.1.2","TCP","66","8004  >  36774 [ACK] Seq=499709 Ack=142 Win=65024 Len=0 TSval=2916041270 TSecr=3045561045"
"60625","37.190216438","192.168.1.2","192.168.1.55","TCP","74","36790  >  8004 [SYN] Seq=0 Win=64240 Len=0 MSS=1460 SACK_PERM TSval=3045561045 TSecr=0 WS=1024"
"60626","37.190249771","192.168.1.55","192.168.1.2","TCP","74","8004  >  36790 [SYN, ACK] Seq=0 Ack=1 Win=65160 Len=0 MSS=1460 SACK_PERM TSval=2916041270 TSecr=3045561045 WS=128"
"60627","37.193297906","192.168.1.2","192.168.1.55","TCP","66","36790  >  8004 [ACK] Seq=1 Ack=1 Win=64512 Len=0 TSval=3045561047 TSecr=2916041270"
"60628","37.195411669","192.168.1.2","192.168.1.55","HTTP","209","GET /original_benchmark.png HTTP/1.1 "
"60629","37.195427854","192.168.1.55","192.168.1.2","TCP","66","8004  >  36790 [ACK] Seq=1 Ack=144 Win=65024 Len=0 TSval=2916041276 TSecr=3045561049"
"60630","37.196123559","192.168.1.55","192.168.1.2","TCP","255","8004  >  36790 [PSH, ACK] Seq=1 Ack=144 Win=65024 Len=189 TSval=2916041276 TSecr=3045561049 [TCP segment of a reassembled PDU]"
"60631","37.196274281","192.168.1.55","192.168.1.2","TCP","1514","8004  >  36790 [ACK] Seq=190 Ack=144 Win=65024 Len=1448 TSval=2916041276 TSecr=3045561049 [TCP segment of a reassembled PDU]"
"60632","37.196280503","192.168.1.55","192.168.1.2","TCP","1514","8004  >  36790 [ACK] Seq=1638 Ack=144 Win=65024 Len=1448 TSval=2916041276 TSecr=3045561049 [TCP segment of a reassembled PDU]"
"60633","37.196282059","192.168.1.55","192.168.1.2","TCP","1514","8004  >  36790 [ACK] Seq=3086 Ack=144 Win=65024 Len=1448 TSval=2916041276 TSecr=3045561049 [TCP segment of a reassembled PDU]"
"60634","37.196283337","192.168.1.55","192.168.1.2","TCP","1514","8004  >  36790 [ACK] Seq=4534 Ack=144 Win=65024 Len=1448 TSval=2916041276 TSecr=3045561049 [TCP segment of a reassembled PDU]"
"60635","37.196285578","192.168.1.55","192.168.1.2","TCP","1514","8004  >  36790 [PSH, ACK] Seq=5982 Ack=144 Win=65024 Len=1448 TSval=2916041276 TSecr=3045561049 [TCP segment of a reassembled PDU]"
"60636","37.196326985","192.168.1.55","192.168.1.2","TCP","1514","8004  >  36790 [ACK] Seq=7430 Ack=144 Win=65024 Len=1448 TSval=2916041277 TSecr=3045561049 [TCP segment of a reassembled PDU]"
"60637","37.196330096","192.168.1.55","192.168.1.2","TCP","1514","8004  >  36790 [ACK] Seq=8878 Ack=144 Win=65024 Len=1448 TSval=2916041277 TSecr=3045561049 [TCP segment of a reassembled PDU]"
"60638","37.196331670","192.168.1.55","192.168.1.2","TCP","1514","8004  >  36790 [ACK] Seq=10326 Ack=144 Win=65024 Len=1448 TSval=2916041277 TSecr=3045561049 [TCP segment of a reassembled PDU]"
"60639","37.196333263","192.168.1.55","192.168.1.2","TCP","1514","8004  >  36790 [PSH, ACK] Seq=11774 Ack=144 Win=65024 Len=1448 TSval=2916041277 TSecr=3045561049 [TCP segment of a reassembled PDU]"
"60640","37.202469588","192.168.1.2","192.168.1.55","TCP","66","36790  >  8004 [ACK] Seq=144 Ack=190 Win=64512 Len=0 TSval=3045561054 TSecr=2916041276"
"60641","37.202564125","192.168.1.55","192.168.1.2","TCP","1514","8004  >  36790 [ACK] Seq=13222 Ack=144 Win=65024 Len=1448 TSval=2916041283 TSecr=3045561054 [TCP segment of a reassembled PDU]"
"60642","37.202573106","192.168.1.55","192.168.1.2","TCP","1514","8004  >  36790 [PSH, ACK] Seq=14670 Ack=144 Win=65024 Len=1448 TSval=2916041283 TSecr=3045561054 [TCP segment of a reassembled PDU]"
"60643","37.202609977","192.168.1.2","192.168.1.55","TCP","66","36790  >  8004 [ACK] Seq=144 Ack=1638 Win=67584 Len=0 TSval=3045561054 TSecr=2916041276"
"60644","37.202682847","192.168.1.2","192.168.1.55","TCP","66","36790  >  8004 [ACK] Seq=144 Ack=7430 Win=79872 Len=0 TSval=3045561056 TSecr=2916041276"
"60645","37.202714347","192.168.1.55","192.168.1.2","TCP","1514","8004  >  36790 [ACK] Seq=16118 Ack=144 Win=65024 Len=1448 TSval=2916041283 TSecr=3045561056 [TCP segment of a reassembled PDU]"
"60646","37.202716847","192.168.1.55","192.168.1.2","TCP","1514","8004  >  36790 [ACK] Seq=17566 Ack=144 Win=65024 Len=1448 TSval=2916041283 TSecr=3045561056 [TCP segment of a reassembled PDU]"
"60647","37.202718588","192.168.1.55","192.168.1.2","TCP","1514","8004  >  36790 [ACK] Seq=19014 Ack=144 Win=65024 Len=1448 TSval=2916041283 TSecr=3045561056 [TCP segment of a reassembled PDU]"
"60648","37.202720199","192.168.1.55","192.168.1.2","TCP","1514","8004  >  36790 [ACK] Seq=20462 Ack=144 Win=65024 Len=1448 TSval=2916041283 TSecr=3045561056 [TCP segment of a reassembled PDU]"
"60649","37.202721606","192.168.1.55","192.168.1.2","TCP","1514","8004  >  36790 [ACK] Seq=21910 Ack=144 Win=65024 Len=1448 TSval=2916041283 TSecr=3045561056 [TCP segment of a reassembled PDU]"
"60650","37.202723514","192.168.1.55","192.168.1.2","TCP","1514","8004  >  36790 [ACK] Seq=23358 Ack=144 Win=65024 Len=1448 TSval=2916041283 TSecr=3045561056 [TCP segment of a reassembled PDU]"
"60651","37.202724588","192.168.1.55","192.168.1.2","TCP","1514","8004  >  36790 [ACK] Seq=24806 Ack=144 Win=65024 Len=1448 TSval=2916041283 TSecr=3045561056 [TCP segment of a reassembled PDU]"
"60652","37.202726032","192.168.1.55","192.168.1.2","TCP","1514","8004  >  36790 [PSH, ACK] Seq=26254 Ack=144 Win=65024 Len=1448 TSval=2916041283 TSecr=3045561056 [TCP segment of a reassembled PDU]"
"60653","37.202730569","192.168.1.2","192.168.1.55","TCP","66","36790  >  8004 [ACK] Seq=144 Ack=10326 Win=81920 Len=0 TSval=3045561056 TSecr=2916041277"
"60654","37.202754514","192.168.1.55","192.168.1.2","TCP","1514","8004  >  36790 [ACK] Seq=27702 Ack=144 Win=65024 Len=1448 TSval=2916041283 TSecr=3045561056 [TCP segment of a reassembled PDU]"
"60655","37.202757366","192.168.1.55","192.168.1.2","TCP","1514","8004  >  36790 [ACK] Seq=29150 Ack=144 Win=65024 Len=1448 TSval=2916041283 TSecr=3045561056 [TCP segment of a reassembled PDU]"
"60656","37.202758847","192.168.1.55","192.168.1.2","TCP","1514","8004  >  36790 [ACK] Seq=30598 Ack=144 Win=65024 Len=1448 TSval=2916041283 TSecr=3045561056 [TCP segment of a reassembled PDU]"
"60657","37.202760532","192.168.1.55","192.168.1.2","TCP","1514","8004  >  36790 [ACK] Seq=32046 Ack=144 Win=65024 Len=1448 TSval=2916041283 TSecr=3045561056 [TCP segment of a reassembled PDU]"
"60658","37.202762273","192.168.1.55","192.168.1.2","TCP","1514","8004  >  36790 [ACK] Seq=33494 Ack=144 Win=65024 Len=1448 TSval=2916041283 TSecr=3045561056 [TCP segment of a reassembled PDU]"
"60659","37.202763625","192.168.1.55","192.168.1.2","TCP","1514","8004  >  36790 [PSH, ACK] Seq=34942 Ack=144 Win=65024 Len=1448 TSval=2916041283 TSecr=3045561056 [TCP segment of a reassembled PDU]"
"60660","37.202767181","192.168.1.2","192.168.1.55","TCP","66","36790  >  8004 [ACK] Seq=144 Ack=13222 Win=84992 Len=0 TSval=3045561056 TSecr=2916041277"
"60661","37.203445534","192.168.1.55","192.168.1.2","TCP","1514","8004  >  36790 [ACK] Seq=36390 Ack=144 Win=65024 Len=1448 TSval=2916041284 TSecr=3045561056 [TCP segment of a reassembled PDU]"
"60662","37.203450534","192.168.1.55","192.168.1.2","TCP","1514","8004  >  36790 [ACK] Seq=37838 Ack=144 Win=65024 Len=1448 TSval=2916041284 TSecr=3045561056 [TCP segment of a reassembled PDU]"
"60663","37.203451978","192.168.1.55","192.168.1.2","TCP","1514","8004  >  36790 [ACK] Seq=39286 Ack=144 Win=65024 Len=1448 TSval=2916041284 TSecr=3045561056 [TCP segment of a reassembled PDU]"
"60664","37.203453793","192.168.1.55","192.168.1.2","TCP","1514","8004  >  36790 [PSH, ACK] Seq=40734 Ack=144 Win=65024 Len=1448 TSval=2916041284 TSecr=3045561056 [TCP segment of a reassembled PDU]"
"60665","37.207173706","192.168.1.2","192.168.1.55","TCP","66","36790  >  8004 [ACK] Seq=144 Ack=16118 Win=84992 Len=0 TSval=3045561061 TSecr=2916041283"
"60666","37.207198447","192.168.1.55","192.168.1.2","TCP","1514","8004  >  36790 [ACK] Seq=42182 Ack=144 Win=65024 Len=1448 TSval=2916041287 TSecr=3045561061 [TCP segment of a reassembled PDU]"
"60667","37.207201966","192.168.1.55","192.168.1.2","TCP","1514","8004  >  36790 [PSH, ACK] Seq=43630 Ack=144 Win=65024 Len=1448 TSval=2916041287 TSecr=3045561061 [TCP segment of a reassembled PDU]"
"60668","37.207412688","192.168.1.2","192.168.1.55","TCP","66","36790  >  8004 [ACK] Seq=144 Ack=21910 Win=81920 Len=0 TSval=3045561061 TSecr=2916041283"
"60669","37.207433355","192.168.1.55","192.168.1.2","TCP","1514","8004  >  36790 [ACK] Seq=45078 Ack=144 Win=65024 Len=1448 TSval=2916041288 TSecr=3045561061 [TCP segment of a reassembled PDU]"
"60670","37.207435429","192.168.1.55","192.168.1.2","TCP","1514","8004  >  36790 [ACK] Seq=46526 Ack=144 Win=65024 Len=1448 TSval=2916041288 TSecr=3045561061 [TCP segment of a reassembled PDU]"
"60671","37.207436873","192.168.1.55","192.168.1.2","TCP","1514","8004  >  36790 [ACK] Seq=47974 Ack=144 Win=65024 Len=1448 TSval=2916041288 TSecr=3045561061 [TCP segment of a reassembled PDU]"
"60672","37.207438021","192.168.1.55","192.168.1.2","TCP","1514","8004  >  36790 [ACK] Seq=49422 Ack=144 Win=65024 Len=1448 TSval=2916041288 TSecr=3045561061 [TCP segment of a reassembled PDU]"
"60673","37.207439151","192.168.1.55","192.168.1.2","TCP","1514","8004  >  36790 [ACK] Seq=50870 Ack=144 Win=65024 Len=1448 TSval=2916041288 TSecr=3045561061 [TCP segment of a reassembled PDU]"
"60674","37.207440484","192.168.1.55","192.168.1.2","TCP","1514","8004  >  36790 [ACK] Seq=52318 Ack=144 Win=65024 Len=1448 TSval=2916041288 TSecr=3045561061 [TCP segment of a reassembled PDU]"
"60675","37.207441633","192.168.1.55","192.168.1.2","TCP","1514","8004  >  36790 [ACK] Seq=53766 Ack=144 Win=65024 Len=1448 TSval=2916041288 TSecr=3045561061 [TCP segment of a reassembled PDU]"
"60676","37.207442781","192.168.1.55","192.168.1.2","TCP","1514","8004  >  36790 [ACK] Seq=55214 Ack=144 Win=65024 Len=1448 TSval=2916041288 TSecr=3045561061 [TCP segment of a reassembled PDU]"
"60677","37.207444096","192.168.1.55","192.168.1.2","TCP","1514","8004  >  36790 [ACK] Seq=56662 Ack=144 Win=65024 Len=1448 TSval=2916041288 TSecr=3045561061 [TCP segment of a reassembled PDU]"
"60678","37.207445225","192.168.1.55","192.168.1.2","TCP","1514","8004  >  36790 [PSH, ACK] Seq=58110 Ack=144 Win=65024 Len=1448 TSval=2916041288 TSecr=3045561061 [TCP segment of a reassembled PDU]"
"60679","37.207449929","192.168.1.2","192.168.1.55","TCP","66","36790  >  8004 [ACK] Seq=144 Ack=27702 Win=76800 Len=0 TSval=3045561061 TSecr=2916041283"
"60680","37.207456003","192.168.1.2","192.168.1.55","TCP","66","36790  >  8004 [ACK] Seq=144 Ack=36390 Win=69632 Len=0 TSval=3045561061 TSecr=2916041283"
"60681","37.207478873","192.168.1.55","192.168.1.2","TCP","1514","8004  >  36790 [ACK] Seq=59558 Ack=144 Win=65024 Len=1448 TSval=2916041288 TSecr=3045561061 [TCP segment of a reassembled PDU]"
"60682","37.207480799","192.168.1.55","192.168.1.2","TCP","1514","8004  >  36790 [ACK] Seq=61006 Ack=144 Win=65024 Len=1448 TSval=2916041288 TSecr=3045561061 [TCP segment of a reassembled PDU]"
"60683","37.207482040","192.168.1.55","192.168.1.2","TCP","1514","8004  >  36790 [ACK] Seq=62454 Ack=144 Win=65024 Len=1448 TSval=2916041288 TSecr=3045561061 [TCP segment of a reassembled PDU]"
"60684","37.207483188","192.168.1.55","192.168.1.2","TCP","1514","8004  >  36790 [ACK] Seq=63902 Ack=144 Win=65024 Len=1448 TSval=2916041288 TSecr=3045561061 [TCP segment of a reassembled PDU]"
"60685","37.207484447","192.168.1.55","192.168.1.2","TCP","1514","8004  >  36790 [ACK] Seq=65350 Ack=144 Win=65024 Len=1448 TSval=2916041288 TSecr=3045561061 [TCP segment of a reassembled PDU]"
"60686","37.207485781","192.168.1.55","192.168.1.2","TCP","1514","8004  >  36790 [ACK] Seq=66798 Ack=144 Win=65024 Len=1448 TSval=2916041288 TSecr=3045561061 [TCP segment of a reassembled PDU]"
"60687","37.207486966","192.168.1.55","192.168.1.2","TCP","1514","8004  >  36790 [ACK] Seq=68246 Ack=144 Win=65024 Len=1448 TSval=2916041288 TSecr=3045561061 [TCP segment of a reassembled PDU]"
"60688","37.207488133","192.168.1.55","192.168.1.2","TCP","1514","8004  >  36790 [ACK] Seq=69694 Ack=144 Win=65024 Len=1448 TSval=2916041288 TSecr=3045561061 [TCP segment of a reassembled PDU]"
"60689","37.207489392","192.168.1.55","192.168.1.2","TCP","1514","8004  >  36790 [ACK] Seq=71142 Ack=144 Win=65024 Len=1448 TSval=2916041288 TSecr=3045561061 [TCP segment of a reassembled PDU]"
"60690","37.207490614","192.168.1.55","192.168.1.2","TCP","1514","8004  >  36790 [ACK] Seq=72590 Ack=144 Win=65024 Len=1448 TSval=2916041288 TSecr=3045561061 [TCP segment of a reassembled PDU]"
"60691","37.207491892","192.168.1.55","192.168.1.2","TCP","1514","8004  >  36790 [ACK] Seq=74038 Ack=144 Win=65024 Len=1448 TSval=2916041288 TSecr=3045561061 [TCP segment of a reassembled PDU]"
"60692","37.207493281","192.168.1.55","192.168.1.2","TCP","1514","8004  >  36790 [PSH, ACK] Seq=75486 Ack=144 Win=65024 Len=1448 TSval=2916041288 TSecr=3045561061 [TCP segment of a reassembled PDU]"
"60693","37.207499596","192.168.1.2","192.168.1.55","TCP","66","36790  >  8004 [ACK] Seq=144 Ack=39286 Win=84992 Len=0 TSval=3045561062 TSecr=2916041284"
"60694","37.207534466","192.168.1.2","192.168.1.55","TCP","66","36790  >  8004 [ACK] Seq=144 Ack=42182 Win=84992 Len=0 TSval=3045561062 TSecr=2916041284"
"60695","37.207592207","192.168.1.55","192.168.1.2","TCP","1514","8004  >  36790 [ACK] Seq=76934 Ack=144 Win=65024 Len=1448 TSval=2916041288 TSecr=3045561062 [TCP segment of a reassembled PDU]"
"60696","37.207596485","192.168.1.55","192.168.1.2","TCP","1514","8004  >  36790 [ACK] Seq=78382 Ack=144 Win=65024 Len=1448 TSval=2916041288 TSecr=3045561062 [TCP segment of a reassembled PDU]"
"60697","37.207598077","192.168.1.55","192.168.1.2","TCP","1514","8004  >  36790 [ACK] Seq=79830 Ack=144 Win=65024 Len=1448 TSval=2916041288 TSecr=3045561062 [TCP segment of a reassembled PDU]"
"60698","37.207599392","192.168.1.55","192.168.1.2","TCP","1514","8004  >  36790 [ACK] Seq=81278 Ack=144 Win=65024 Len=1448 TSval=2916041288 TSecr=3045561062 [TCP segment of a reassembled PDU]"
"60699","37.207600707","192.168.1.55","192.168.1.2","TCP","1514","8004  >  36790 [ACK] Seq=82726 Ack=144 Win=65024 Len=1448 TSval=2916041288 TSecr=3045561062 [TCP segment of a reassembled PDU]"
"60700","37.207601874","192.168.1.55","192.168.1.2","TCP","1514","8004  >  36790 [ACK] Seq=84174 Ack=144 Win=65024 Len=1448 TSval=2916041288 TSecr=3045561062 [TCP segment of a reassembled PDU]"
"60701","37.207608207","192.168.1.55","192.168.1.2","TCP","1514","8004  >  36790 [ACK] Seq=85622 Ack=144 Win=65024 Len=1448 TSval=2916041288 TSecr=3045561062 [TCP segment of a reassembled PDU]"
"60702","37.207610225","192.168.1.55","192.168.1.2","TCP","1514","8004  >  36790 [ACK] Seq=87070 Ack=144 Win=65024 Len=1448 TSval=2916041288 TSecr=3045561062 [TCP segment of a reassembled PDU]"
"60703","37.207612040","192.168.1.55","192.168.1.2","TCP","1514","8004  >  36790 [ACK] Seq=88518 Ack=144 Win=65024 Len=1448 TSval=2916041288 TSecr=3045561062 [TCP segment of a reassembled PDU]"
"60704","37.207613300","192.168.1.55","192.168.1.2","TCP","1514","8004  >  36790 [ACK] Seq=89966 Ack=144 Win=65024 Len=1448 TSval=2916041288 TSecr=3045561062 [TCP segment of a reassembled PDU]"
"60705","37.207614540","192.168.1.55","192.168.1.2","TCP","1514","8004  >  36790 [ACK] Seq=91414 Ack=144 Win=65024 Len=1448 TSval=2916041288 TSecr=3045561062 [TCP segment of a reassembled PDU]"
"60706","37.207615855","192.168.1.55","192.168.1.2","TCP","1514","8004  >  36790 [ACK] Seq=92862 Ack=144 Win=65024 Len=1448 TSval=2916041288 TSecr=3045561062 [TCP segment of a reassembled PDU]"
"60707","37.207617262","192.168.1.55","192.168.1.2","TCP","1514","8004  >  36790 [ACK] Seq=94310 Ack=144 Win=65024 Len=1448 TSval=2916041288 TSecr=3045561062 [TCP segment of a reassembled PDU]"
"60708","37.207618651","192.168.1.55","192.168.1.2","TCP","1514","8004  >  36790 [ACK] Seq=95758 Ack=144 Win=65024 Len=1448 TSval=2916041288 TSecr=3045561062 [TCP segment of a reassembled PDU]"
"60709","37.207619966","192.168.1.55","192.168.1.2","TCP","1514","8004  >  36790 [ACK] Seq=97206 Ack=144 Win=65024 Len=1448 TSval=2916041288 TSecr=3045561062 [TCP segment of a reassembled PDU]"
"60710","37.207621466","192.168.1.55","192.168.1.2","TCP","1514","8004  >  36790 [PSH, ACK] Seq=98654 Ack=144 Win=65024 Len=1448 TSval=2916041288 TSecr=3045561062 [TCP segment of a reassembled PDU]"
"60711","37.212398141","192.168.1.2","192.168.1.55","TCP","66","36790  >  8004 [ACK] Seq=144 Ack=45078 Win=82944 Len=0 TSval=3045561064 TSecr=2916041287"
"60712","37.212418363","192.168.1.55","192.168.1.2","TCP","1514","8004  >  36790 [ACK] Seq=100102 Ack=144 Win=65024 Len=1448 TSval=2916041293 TSecr=3045561064 [TCP segment of a reassembled PDU]"
"60713","37.212421400","192.168.1.55","192.168.1.2","TCP","1514","8004  >  36790 [ACK] Seq=101550 Ack=144 Win=65024 Len=1448 TSval=2916041293 TSecr=3045561064 [TCP segment of a reassembled PDU]"
"60714","37.212422641","192.168.1.55","192.168.1.2","TCP","1514","8004  >  36790 [ACK] Seq=102998 Ack=144 Win=65024 Len=1448 TSval=2916041293 TSecr=3045561064 [TCP segment of a reassembled PDU]"
"60715","37.212423955","192.168.1.55","192.168.1.2","TCP","1514","8004  >  36790 [PSH, ACK] Seq=104446 Ack=144 Win=65024 Len=1448 TSval=2916041293 TSecr=3045561064 [TCP segment of a reassembled PDU]"
"60716","37.212696123","192.168.1.2","192.168.1.55","TCP","66","36790  >  8004 [ACK] Seq=144 Ack=47974 Win=80896 Len=0 TSval=3045561064 TSecr=2916041288"
"60717","37.212702863","192.168.1.2","192.168.1.55","TCP","66","36790  >  8004 [ACK] Seq=144 Ack=59558 Win=75776 Len=0 TSval=3045561067 TSecr=2916041288"
"60718","37.212715530","192.168.1.55","192.168.1.2","TCP","1514","8004  >  36790 [ACK] Seq=105894 Ack=144 Win=65024 Len=1448 TSval=2916041293 TSecr=3045561067 [TCP segment of a reassembled PDU]"
"60719","37.212718086","192.168.1.55","192.168.1.2","TCP","1514","8004  >  36790 [ACK] Seq=107342 Ack=144 Win=65024 Len=1448 TSval=2916041293 TSecr=3045561067 [TCP segment of a reassembled PDU]"
"60720","37.212719419","192.168.1.55","192.168.1.2","TCP","1514","8004  >  36790 [ACK] Seq=108790 Ack=144 Win=65024 Len=1448 TSval=2916041293 TSecr=3045561067 [TCP segment of a reassembled PDU]"
"60721","37.212720734","192.168.1.55","192.168.1.2","TCP","1514","8004  >  36790 [ACK] Seq=110238 Ack=144 Win=65024 Len=1448 TSval=2916041293 TSecr=3045561067 [TCP segment of a reassembled PDU]"
"60722","37.212721937","192.168.1.55","192.168.1.2","TCP","1514","8004  >  36790 [ACK] Seq=111686 Ack=144 Win=65024 Len=1448 TSval=2916041293 TSecr=3045561067 [TCP segment of a reassembled PDU]"
"60723","37.212723104","192.168.1.55","192.168.1.2","TCP","1514","8004  >  36790 [ACK] Seq=113134 Ack=144 Win=65024 Len=1448 TSval=2916041293 TSecr=3045561067 [TCP segment of a reassembled PDU]"
"60724","37.212724400","192.168.1.55","192.168.1.2","TCP","1514","8004  >  36790 [ACK] Seq=114582 Ack=144 Win=65024 Len=1448 TSval=2916041293 TSecr=3045561067 [TCP segment of a reassembled PDU]"
"60725","37.212725623","192.168.1.55","192.168.1.2","TCP","1514","8004  >  36790 [ACK] Seq=116030 Ack=144 Win=65024 Len=1448 TSval=2916041293 TSecr=3045561067 [TCP segment of a reassembled PDU]"
"60726","37.212726919","192.168.1.55","192.168.1.2","TCP","1514","8004  >  36790 [PSH, ACK] Seq=117478 Ack=144 Win=65024 Len=1448 TSval=2916041293 TSecr=3045561067 [TCP segment of a reassembled PDU]"
"60727","37.212731030","192.168.1.2","192.168.1.55","TCP","66","36790  >  8004 [ACK] Seq=144 Ack=76934 Win=59392 Len=0 TSval=3045561067 TSecr=2916041288"
"60728","37.212739345","192.168.1.2","192.168.1.55","TCP","66","36790  >  8004 [ACK] Seq=144 Ack=92862 Win=73728 Len=0 TSval=3045561067 TSecr=2916041288"
"60729","37.212775234","192.168.1.55","192.168.1.2","TCP","1514","8004  >  36790 [ACK] Seq=118926 Ack=144 Win=65024 Len=1448 TSval=2916041293 TSecr=3045561067 [TCP segment of a reassembled PDU]"
"60730","37.212776937","192.168.1.55","192.168.1.2","TCP","1514","8004  >  36790 [ACK] Seq=120374 Ack=144 Win=65024 Len=1448 TSval=2916041293 TSecr=3045561067 [TCP segment of a reassembled PDU]"
"60731","37.212778308","192.168.1.55","192.168.1.2","TCP","1514","8004  >  36790 [ACK] Seq=121822 Ack=144 Win=65024 Len=1448 TSval=2916041293 TSecr=3045561067 [TCP segment of a reassembled PDU]"
"60732","37.212779937","192.168.1.55","192.168.1.2","TCP","1514","8004  >  36790 [ACK] Seq=123270 Ack=144 Win=65024 Len=1448 TSval=2916041293 TSecr=3045561067 [TCP segment of a reassembled PDU]"
"60733","37.212781308","192.168.1.55","192.168.1.2","TCP","1514","8004  >  36790 [ACK] Seq=124718 Ack=144 Win=65024 Len=1448 TSval=2916041293 TSecr=3045561067 [TCP segment of a reassembled PDU]"
"60734","37.212782826","192.168.1.55","192.168.1.2","TCP","1514","8004  >  36790 [ACK] Seq=126166 Ack=144 Win=65024 Len=1448 TSval=2916041293 TSecr=3045561067 [TCP segment of a reassembled PDU]"
"60735","37.212784475","192.168.1.55","192.168.1.2","TCP","1514","8004  >  36790 [ACK] Seq=127614 Ack=144 Win=65024 Len=1448 TSval=2916041293 TSecr=3045561067 [TCP segment of a reassembled PDU]"
"60736","37.212785697","192.168.1.55","192.168.1.2","TCP","1514","8004  >  36790 [ACK] Seq=129062 Ack=144 Win=65024 Len=1448 TSval=2916041293 TSecr=3045561067 [TCP segment of a reassembled PDU]"
"60737","37.212786863","192.168.1.55","192.168.1.2","TCP","1514","8004  >  36790 [ACK] Seq=130510 Ack=144 Win=65024 Len=1448 TSval=2916041293 TSecr=3045561067 [TCP segment of a reassembled PDU]"
"60738","37.212788345","192.168.1.55","192.168.1.2","TCP","1514","8004  >  36790 [ACK] Seq=131958 Ack=144 Win=65024 Len=1448 TSval=2916041293 TSecr=3045561067 [TCP segment of a reassembled PDU]"
"60739","37.212789567","192.168.1.55","192.168.1.2","TCP","1514","8004  >  36790 [ACK] Seq=133406 Ack=144 Win=65024 Len=1448 TSval=2916041293 TSecr=3045561067 [TCP segment of a reassembled PDU]"
"60740","37.212790845","192.168.1.55","192.168.1.2","TCP","1514","8004  >  36790 [ACK] Seq=134854 Ack=144 Win=65024 Len=1448 TSval=2916041293 TSecr=3045561067 [TCP segment of a reassembled PDU]"
"60741","37.212792160","192.168.1.55","192.168.1.2","TCP","1514","8004  >  36790 [ACK] Seq=136302 Ack=144 Win=65024 Len=1448 TSval=2916041293 TSecr=3045561067 [TCP segment of a reassembled PDU]"
"60742","37.212793382","192.168.1.55","192.168.1.2","TCP","1514","8004  >  36790 [ACK] Seq=137750 Ack=144 Win=65024 Len=1448 TSval=2916041293 TSecr=3045561067 [TCP segment of a reassembled PDU]"
"60743","37.212794604","192.168.1.55","192.168.1.2","TCP","1514","8004  >  36790 [ACK] Seq=139198 Ack=144 Win=65024 Len=1448 TSval=2916041293 TSecr=3045561067 [TCP segment of a reassembled PDU]"
"60744","37.212796363","192.168.1.55","192.168.1.2","TCP","1514","8004  >  36790 [ACK] Seq=140646 Ack=144 Win=65024 Len=1448 TSval=2916041293 TSecr=3045561067 [TCP segment of a reassembled PDU]"
"60745","37.212797752","192.168.1.55","192.168.1.2","TCP","1514","8004  >  36790 [ACK] Seq=142094 Ack=144 Win=65024 Len=1448 TSval=2916041293 TSecr=3045561067 [TCP segment of a reassembled PDU]"
"60746","37.212799197","192.168.1.55","192.168.1.2","TCP","1514","8004  >  36790 [ACK] Seq=143542 Ack=144 Win=65024 Len=1448 TSval=2916041293 TSecr=3045561067 [TCP segment of a reassembled PDU]"
"60747","37.212800475","192.168.1.55","192.168.1.2","TCP","1514","8004  >  36790 [ACK] Seq=144990 Ack=144 Win=65024 Len=1448 TSval=2916041293 TSecr=3045561067 [TCP segment of a reassembled PDU]"
"60748","37.212801678","192.168.1.55","192.168.1.2","TCP","1514","8004  >  36790 [ACK] Seq=146438 Ack=144 Win=65024 Len=1448 TSval=2916041293 TSecr=3045561067 [TCP segment of a reassembled PDU]"
"60749","37.212803012","192.168.1.55","192.168.1.2","TCP","1514","8004  >  36790 [ACK] Seq=147886 Ack=144 Win=65024 Len=1448 TSval=2916041293 TSecr=3045561067 [TCP segment of a reassembled PDU]"
"60750","37.212804252","192.168.1.55","192.168.1.2","TCP","1514","8004  >  36790 [ACK] Seq=149334 Ack=144 Win=65024 Len=1448 TSval=2916041293 TSecr=3045561067 [TCP segment of a reassembled PDU]"
"60751","37.212805660","192.168.1.55","192.168.1.2","TCP","1514","8004  >  36790 [ACK] Seq=150782 Ack=144 Win=65024 Len=1448 TSval=2916041293 TSecr=3045561067 [TCP segment of a reassembled PDU]"
"60752","37.212806808","192.168.1.55","192.168.1.2","TCP","1514","8004  >  36790 [ACK] Seq=152230 Ack=144 Win=65024 Len=1448 TSval=2916041293 TSecr=3045561067 [TCP segment of a reassembled PDU]"
"60753","37.212807956","192.168.1.55","192.168.1.2","TCP","1514","8004  >  36790 [ACK] Seq=153678 Ack=144 Win=65024 Len=1448 TSval=2916041293 TSecr=3045561067 [TCP segment of a reassembled PDU]"
"60754","37.212809252","192.168.1.55","192.168.1.2","TCP","1514","8004  >  36790 [ACK] Seq=155126 Ack=144 Win=65024 Len=1448 TSval=2916041293 TSecr=3045561067 [TCP segment of a reassembled PDU]"
"60755","37.212810567","192.168.1.55","192.168.1.2","TCP","1514","8004  >  36790 [ACK] Seq=156574 Ack=144 Win=65024 Len=1448 TSval=2916041293 TSecr=3045561067 [TCP segment of a reassembled PDU]"
"60756","37.212812215","192.168.1.55","192.168.1.2","TCP","1514","8004  >  36790 [ACK] Seq=158022 Ack=144 Win=65024 Len=1448 TSval=2916041293 TSecr=3045561067 [TCP segment of a reassembled PDU]"
"60757","37.212813697","192.168.1.55","192.168.1.2","TCP","1514","8004  >  36790 [PSH, ACK] Seq=159470 Ack=144 Win=65024 Len=1448 TSval=2916041293 TSecr=3045561067 [TCP segment of a reassembled PDU]"
"60758","37.214007865","192.168.1.55","192.168.1.2","TCP","1514","8004  >  36790 [ACK] Seq=160918 Ack=144 Win=65024 Len=1448 TSval=2916041294 TSecr=3045561067 [TCP segment of a reassembled PDU]"
"60759","37.214010476","192.168.1.55","192.168.1.2","TCP","1514","8004  >  36790 [ACK] Seq=162366 Ack=144 Win=65024 Len=1448 TSval=2916041294 TSecr=3045561067 [TCP segment of a reassembled PDU]"
"60760","37.214011810","192.168.1.55","192.168.1.2","TCP","1514","8004  >  36790 [ACK] Seq=163814 Ack=144 Win=65024 Len=1448 TSval=2916041294 TSecr=3045561067 [TCP segment of a reassembled PDU]"
"60761","37.214013421","192.168.1.55","192.168.1.2","TCP","1394","[TCP Window Full] 8004  >  36790 [PSH, ACK] Seq=165262 Ack=144 Win=65024 Len=1328 TSval=2916041294 TSecr=3045561067 [TCP segment of a reassembled PDU]"
"60762","37.217279871","192.168.1.2","192.168.1.55","TCP","66","36790  >  8004 [ACK] Seq=144 Ack=100102 Win=78848 Len=0 TSval=3045561068 TSecr=2916041288"
"60763","37.217319908","192.168.1.55","192.168.1.2","TCP","1514","8004  >  36790 [ACK] Seq=166590 Ack=144 Win=65024 Len=1448 TSval=2916041298 TSecr=3045561068 [TCP segment of a reassembled PDU]"
"60764","37.217323019","192.168.1.55","192.168.1.2","TCP","1514","8004  >  36790 [ACK] Seq=168038 Ack=144 Win=65024 Len=1448 TSval=2916041298 TSecr=3045561068 [TCP segment of a reassembled PDU]"
"60765","37.217325926","192.168.1.55","192.168.1.2","TCP","1514","8004  >  36790 [ACK] Seq=169486 Ack=144 Win=65024 Len=1448 TSval=2916041298 TSecr=3045561068 [TCP segment of a reassembled PDU]"
"60766","37.217327130","192.168.1.55","192.168.1.2","TCP","1514","8004  >  36790 [ACK] Seq=170934 Ack=144 Win=65024 Len=1448 TSval=2916041298 TSecr=3045561068 [TCP segment of a reassembled PDU]"
"60767","37.217328667","192.168.1.55","192.168.1.2","TCP","1514","8004  >  36790 [ACK] Seq=172382 Ack=144 Win=65024 Len=1448 TSval=2916041298 TSecr=3045561068 [TCP segment of a reassembled PDU]"
"60768","37.217331574","192.168.1.55","192.168.1.2","TCP","1514","8004  >  36790 [ACK] Seq=173830 Ack=144 Win=65024 Len=1448 TSval=2916041298 TSecr=3045561068 [TCP segment of a reassembled PDU]"
"60769","37.217333223","192.168.1.55","192.168.1.2","TCP","1514","8004  >  36790 [ACK] Seq=175278 Ack=144 Win=65024 Len=1448 TSval=2916041298 TSecr=3045561068 [TCP segment of a reassembled PDU]"
"60770","37.217334519","192.168.1.55","192.168.1.2","TCP","1514","8004  >  36790 [PSH, ACK] Seq=176726 Ack=144 Win=65024 Len=1448 TSval=2916041298 TSecr=3045561068 [TCP segment of a reassembled PDU]"
"60771","37.218752206","192.168.1.2","192.168.1.55","TCP","66","36790  >  8004 [ACK] Seq=144 Ack=105894 Win=95232 Len=0 TSval=3045561072 TSecr=2916041293"
"60772","37.218790873","192.168.1.55","192.168.1.2","TCP","1514","8004  >  36790 [ACK] Seq=178174 Ack=144 Win=65024 Len=1448 TSval=2916041299 TSecr=3045561072 [TCP segment of a reassembled PDU]"
"60773","37.218794725","192.168.1.55","192.168.1.2","TCP","1514","8004  >  36790 [ACK] Seq=179622 Ack=144 Win=65024 Len=1448 TSval=2916041299 TSecr=3045561072 [TCP segment of a reassembled PDU]"
"60774","37.218795929","192.168.1.55","192.168.1.2","TCP","1514","8004  >  36790 [ACK] Seq=181070 Ack=144 Win=65024 Len=1448 TSval=2916041299 TSecr=3045561072 [TCP segment of a reassembled PDU]"
"60775","37.218797262","192.168.1.55","192.168.1.2","TCP","1514","8004  >  36790 [ACK] Seq=182518 Ack=144 Win=65024 Len=1448 TSval=2916041299 TSecr=3045561072 [TCP segment of a reassembled PDU]"
"60776","37.218798577","192.168.1.55","192.168.1.2","TCP","1514","8004  >  36790 [ACK] Seq=183966 Ack=144 Win=65024 Len=1448 TSval=2916041299 TSecr=3045561072 [TCP segment of a reassembled PDU]"
"60777","37.218801392","192.168.1.55","192.168.1.2","TCP","1514","8004  >  36790 [ACK] Seq=185414 Ack=144 Win=65024 Len=1448 TSval=2916041299 TSecr=3045561072 [TCP segment of a reassembled PDU]"
"60778","37.218803206","192.168.1.55","192.168.1.2","TCP","1514","8004  >  36790 [ACK] Seq=186862 Ack=144 Win=65024 Len=1448 TSval=2916041299 TSecr=3045561072 [TCP segment of a reassembled PDU]"
"60779","37.218804392","192.168.1.55","192.168.1.2","TCP","1514","8004  >  36790 [ACK] Seq=188310 Ack=144 Win=65024 Len=1448 TSval=2916041299 TSecr=3045561072 [TCP segment of a reassembled PDU]"
"60780","37.218805669","192.168.1.55","192.168.1.2","TCP","1514","8004  >  36790 [ACK] Seq=189758 Ack=144 Win=65024 Len=1448 TSval=2916041299 TSecr=3045561072 [TCP segment of a reassembled PDU]"
"60781","37.218807114","192.168.1.55","192.168.1.2","TCP","1514","8004  >  36790 [ACK] Seq=191206 Ack=144 Win=65024 Len=1448 TSval=2916041299 TSecr=3045561072 [TCP segment of a reassembled PDU]"
"60782","37.218808466","192.168.1.55","192.168.1.2","TCP","1514","8004  >  36790 [ACK] Seq=192654 Ack=144 Win=65024 Len=1448 TSval=2916041299 TSecr=3045561072 [TCP segment of a reassembled PDU]"
"60783","37.218809836","192.168.1.55","192.168.1.2","TCP","1514","8004  >  36790 [ACK] Seq=194102 Ack=144 Win=65024 Len=1448 TSval=2916041299 TSecr=3045561072 [TCP segment of a reassembled PDU]"
"60784","37.218811262","192.168.1.55","192.168.1.2","TCP","1514","8004  >  36790 [ACK] Seq=195550 Ack=144 Win=65024 Len=1448 TSval=2916041299 TSecr=3045561072 [TCP segment of a reassembled PDU]"
"60785","37.218813484","192.168.1.55","192.168.1.2","TCP","1514","8004  >  36790 [ACK] Seq=196998 Ack=144 Win=65024 Len=1448 TSval=2916041299 TSecr=3045561072 [TCP segment of a reassembled PDU]"
"60786","37.218815077","192.168.1.55","192.168.1.2","TCP","1514","8004  >  36790 [PSH, ACK] Seq=198446 Ack=144 Win=65024 Len=1448 TSval=2916041299 TSecr=3045561072 [TCP segment of a reassembled PDU]"
"60787","37.219478911","192.168.1.2","192.168.1.55","TCP","66","36790  >  8004 [ACK] Seq=144 Ack=116030 Win=93184 Len=0 TSval=3045561072 TSecr=2916041293"
"60788","37.219490967","192.168.1.55","192.168.1.2","TCP","1514","8004  >  36790 [ACK] Seq=199894 Ack=144 Win=65024 Len=1448 TSval=2916041300 TSecr=3045561072 [TCP segment of a reassembled PDU]"
"60789","37.219493856","192.168.1.55","192.168.1.2","TCP","1514","8004  >  36790 [PSH, ACK] Seq=201342 Ack=144 Win=65024 Len=1448 TSval=2916041300 TSecr=3045561072 [TCP segment of a reassembled PDU]"
"60790","37.219500022","192.168.1.55","192.168.1.2","TCP","186","8004  >  36790 [PSH, ACK] Seq=202790 Ack=144 Win=65024 Len=120 TSval=2916041300 TSecr=3045561072 [TCP segment of a reassembled PDU]"
"60791","37.219504041","192.168.1.2","192.168.1.55","TCP","66","36790  >  8004 [ACK] Seq=144 Ack=118926 Win=99328 Len=0 TSval=3045561073 TSecr=2916041293"
"60792","37.219509393","192.168.1.2","192.168.1.55","TCP","66","36790  >  8004 [ACK] Seq=144 Ack=144990 Win=78848 Len=0 TSval=3045561073 TSecr=2916041293"
"60793","37.219514856","192.168.1.2","192.168.1.55","TCP","66","36790  >  8004 [ACK] Seq=144 Ack=160918 Win=88064 Len=0 TSval=3045561073 TSecr=2916041293"
"60794","37.219548282","192.168.1.55","192.168.1.2","TCP","1514","8004  >  36790 [ACK] Seq=202910 Ack=144 Win=65024 Len=1448 TSval=2916041300 TSecr=3045561073 [TCP segment of a reassembled PDU]"
"60795","37.219551226","192.168.1.55","192.168.1.2","TCP","1514","8004  >  36790 [ACK] Seq=204358 Ack=144 Win=65024 Len=1448 TSval=2916041300 TSecr=3045561073 [TCP segment of a reassembled PDU]"
"60796","37.219553856","192.168.1.55","192.168.1.2","TCP","1514","8004  >  36790 [ACK] Seq=205806 Ack=144 Win=65024 Len=1448 TSval=2916041300 TSecr=3045561073 [TCP segment of a reassembled PDU]"
"60797","37.219555152","192.168.1.55","192.168.1.2","TCP","1514","8004  >  36790 [ACK] Seq=207254 Ack=144 Win=65024 Len=1448 TSval=2916041300 TSecr=3045561073 [TCP segment of a reassembled PDU]"
"60798","37.219556689","192.168.1.55","192.168.1.2","TCP","1514","8004  >  36790 [ACK] Seq=208702 Ack=144 Win=65024 Len=1448 TSval=2916041300 TSecr=3045561073 [TCP segment of a reassembled PDU]"
"60799","37.219558097","192.168.1.55","192.168.1.2","TCP","1514","8004  >  36790 [ACK] Seq=210150 Ack=144 Win=65024 Len=1448 TSval=2916041300 TSecr=3045561073 [TCP segment of a reassembled PDU]"
"60800","37.219559485","192.168.1.55","192.168.1.2","TCP","1514","8004  >  36790 [ACK] Seq=211598 Ack=144 Win=65024 Len=1448 TSval=2916041300 TSecr=3045561073 [TCP segment of a reassembled PDU]"
"60801","37.219560856","192.168.1.55","192.168.1.2","TCP","1514","8004  >  36790 [ACK] Seq=213046 Ack=144 Win=65024 Len=1448 TSval=2916041300 TSecr=3045561073 [TCP segment of a reassembled PDU]"
"60802","37.219562282","192.168.1.55","192.168.1.2","TCP","1514","8004  >  36790 [ACK] Seq=214494 Ack=144 Win=65024 Len=1448 TSval=2916041300 TSecr=3045561073 [TCP segment of a reassembled PDU]"
"60803","37.219564430","192.168.1.55","192.168.1.2","TCP","1514","8004  >  36790 [ACK] Seq=215942 Ack=144 Win=65024 Len=1448 TSval=2916041300 TSecr=3045561073 [TCP segment of a reassembled PDU]"
"60804","37.219566041","192.168.1.55","192.168.1.2","TCP","1514","8004  >  36790 [ACK] Seq=217390 Ack=144 Win=65024 Len=1448 TSval=2916041300 TSecr=3045561073 [TCP segment of a reassembled PDU]"
"60805","37.219567578","192.168.1.55","192.168.1.2","TCP","1514","8004  >  36790 [ACK] Seq=218838 Ack=144 Win=65024 Len=1448 TSval=2916041300 TSecr=3045561073 [TCP segment of a reassembled PDU]"
"60806","37.219568911","192.168.1.55","192.168.1.2","TCP","1514","8004  >  36790 [ACK] Seq=220286 Ack=144 Win=65024 Len=1448 TSval=2916041300 TSecr=3045561073 [TCP segment of a reassembled PDU]"
"60807","37.219570208","192.168.1.55","192.168.1.2","TCP","1514","8004  >  36790 [ACK] Seq=221734 Ack=144 Win=65024 Len=1448 TSval=2916041300 TSecr=3045561073 [TCP segment of a reassembled PDU]"
"60808","37.219571578","192.168.1.55","192.168.1.2","TCP","1514","8004  >  36790 [ACK] Seq=223182 Ack=144 Win=65024 Len=1448 TSval=2916041300 TSecr=3045561073 [TCP segment of a reassembled PDU]"
"60809","37.219572967","192.168.1.55","192.168.1.2","TCP","1514","8004  >  36790 [ACK] Seq=224630 Ack=144 Win=65024 Len=1448 TSval=2916041300 TSecr=3045561073 [TCP segment of a reassembled PDU]"
"60810","37.219574652","192.168.1.55","192.168.1.2","TCP","1514","8004  >  36790 [ACK] Seq=226078 Ack=144 Win=65024 Len=1448 TSval=2916041300 TSecr=3045561073 [TCP segment of a reassembled PDU]"
"60811","37.219576319","192.168.1.55","192.168.1.2","TCP","1514","8004  >  36790 [ACK] Seq=227526 Ack=144 Win=65024 Len=1448 TSval=2916041300 TSecr=3045561073 [TCP segment of a reassembled PDU]"
"60812","37.219577837","192.168.1.55","192.168.1.2","TCP","1514","8004  >  36790 [ACK] Seq=228974 Ack=144 Win=65024 Len=1448 TSval=2916041300 TSecr=3045561073 [TCP segment of a reassembled PDU]"
"60813","37.219579115","192.168.1.55","192.168.1.2","TCP","1514","8004  >  36790 [ACK] Seq=230422 Ack=144 Win=65024 Len=1448 TSval=2916041300 TSecr=3045561073 [TCP segment of a reassembled PDU]"
"60814","37.219580374","192.168.1.55","192.168.1.2","TCP","1514","8004  >  36790 [ACK] Seq=231870 Ack=144 Win=65024 Len=1448 TSval=2916041300 TSecr=3045561073 [TCP segment of a reassembled PDU]"
"60815","37.219581634","192.168.1.55","192.168.1.2","TCP","1514","8004  >  36790 [ACK] Seq=233318 Ack=144 Win=65024 Len=1448 TSval=2916041300 TSecr=3045561073 [TCP segment of a reassembled PDU]"
"60816","37.219583023","192.168.1.55","192.168.1.2","TCP","1514","8004  >  36790 [ACK] Seq=234766 Ack=144 Win=65024 Len=1448 TSval=2916041300 TSecr=3045561073 [TCP segment of a reassembled PDU]"
"60817","37.219584430","192.168.1.55","192.168.1.2","TCP","1514","8004  >  36790 [ACK] Seq=236214 Ack=144 Win=65024 Len=1448 TSval=2916041300 TSecr=3045561073 [TCP segment of a reassembled PDU]"
"60818","37.219585967","192.168.1.55","192.168.1.2","TCP","1514","8004  >  36790 [ACK] Seq=237662 Ack=144 Win=65024 Len=1448 TSval=2916041300 TSecr=3045561073 [TCP segment of a reassembled PDU]"
"60819","37.219588245","192.168.1.55","192.168.1.2","TCP","1514","8004  >  36790 [ACK] Seq=239110 Ack=144 Win=65024 Len=1448 TSval=2916041300 TSecr=3045561073 [TCP segment of a reassembled PDU]"
"60820","37.219589689","192.168.1.55","192.168.1.2","TCP","1514","8004  >  36790 [ACK] Seq=240558 Ack=144 Win=65024 Len=1448 TSval=2916041300 TSecr=3045561073 [TCP segment of a reassembled PDU]"
"60821","37.219591004","192.168.1.55","192.168.1.2","TCP","1514","8004  >  36790 [ACK] Seq=242006 Ack=144 Win=65024 Len=1448 TSval=2916041300 TSecr=3045561073 [TCP segment of a reassembled PDU]"
"60822","37.219592245","192.168.1.55","192.168.1.2","TCP","1514","8004  >  36790 [PSH, ACK] Seq=243454 Ack=144 Win=65024 Len=1448 TSval=2916041300 TSecr=3045561073 [TCP segment of a reassembled PDU]"
"60823","37.222408101","192.168.1.2","192.168.1.55","TCP","66","36790  >  8004 [ACK] Seq=144 Ack=163814 Win=99328 Len=0 TSval=3045561074 TSecr=2916041294"
"60824","37.222431823","192.168.1.55","192.168.1.2","TCP","1514","8004  >  36790 [ACK] Seq=244902 Ack=144 Win=65024 Len=1448 TSval=2916041303 TSecr=3045561074 [TCP segment of a reassembled PDU]"
"60825","37.222434212","192.168.1.55","192.168.1.2","TCP","1514","8004  >  36790 [ACK] Seq=246350 Ack=144 Win=65024 Len=1448 TSval=2916041303 TSecr=3045561074 [TCP segment of a reassembled PDU]"
"60826","37.222435527","192.168.1.55","192.168.1.2","TCP","1514","8004  >  36790 [ACK] Seq=247798 Ack=144 Win=65024 Len=1448 TSval=2916041303 TSecr=3045561074 [TCP segment of a reassembled PDU]"
"60827","37.222437972","192.168.1.55","192.168.1.2","TCP","1514","8004  >  36790 [ACK] Seq=249246 Ack=144 Win=65024 Len=1448 TSval=2916041303 TSecr=3045561074 [TCP segment of a reassembled PDU]"
"60828","37.222439620","192.168.1.55","192.168.1.2","TCP","1514","8004  >  36790 [ACK] Seq=250694 Ack=144 Win=65024 Len=1448 TSval=2916041303 TSecr=3045561074 [TCP segment of a reassembled PDU]"
"60829","37.222440879","192.168.1.55","192.168.1.2","TCP","1514","8004  >  36790 [ACK] Seq=252142 Ack=144 Win=65024 Len=1448 TSval=2916041303 TSecr=3045561074 [TCP segment of a reassembled PDU]"
"60830","37.222442212","192.168.1.55","192.168.1.2","TCP","1514","8004  >  36790 [ACK] Seq=253590 Ack=144 Win=65024 Len=1448 TSval=2916041303 TSecr=3045561074 [TCP segment of a reassembled PDU]"
"60831","37.222443638","192.168.1.55","192.168.1.2","TCP","1514","8004  >  36790 [ACK] Seq=255038 Ack=144 Win=65024 Len=1448 TSval=2916041303 TSecr=3045561074 [TCP segment of a reassembled PDU]"
"60832","37.222445879","192.168.1.55","192.168.1.2","TCP","1514","8004  >  36790 [ACK] Seq=256486 Ack=144 Win=65024 Len=1448 TSval=2916041303 TSecr=3045561074 [TCP segment of a reassembled PDU]"
"60833","37.222447601","192.168.1.55","192.168.1.2","TCP","1514","8004  >  36790 [ACK] Seq=257934 Ack=144 Win=65024 Len=1448 TSval=2916041303 TSecr=3045561074 [TCP segment of a reassembled PDU]"
"60834","37.222448898","192.168.1.55","192.168.1.2","TCP","1514","8004  >  36790 [ACK] Seq=259382 Ack=144 Win=65024 Len=1448 TSval=2916041303 TSecr=3045561074 [TCP segment of a reassembled PDU]"
"60835","37.222450379","192.168.1.55","192.168.1.2","TCP","1514","8004  >  36790 [PSH, ACK] Seq=260830 Ack=144 Win=65024 Len=1448 TSval=2916041303 TSecr=3045561074 [TCP segment of a reassembled PDU]"
"60836","37.222480731","192.168.1.2","192.168.1.55","TCP","66","36790  >  8004 [ACK] Seq=144 Ack=166590 Win=97280 Len=0 TSval=3045561075 TSecr=2916041294"
"60837","37.228514481","192.168.1.2","192.168.1.55","TCP","66","36790  >  8004 [ACK] Seq=144 Ack=178174 Win=99328 Len=0 TSval=3045561081 TSecr=2916041298"
"60838","37.228529055","192.168.1.55","192.168.1.2","TCP","1514","8004  >  36790 [ACK] Seq=262278 Ack=144 Win=65024 Len=1448 TSval=2916041309 TSecr=3045561081 [TCP segment of a reassembled PDU]"
"60839","37.228531611","192.168.1.55","192.168.1.2","TCP","1514","8004  >  36790 [ACK] Seq=263726 Ack=144 Win=65024 Len=1448 TSval=2916041309 TSecr=3045561081 [TCP segment of a reassembled PDU]"
"60840","37.228532870","192.168.1.55","192.168.1.2","TCP","1514","8004  >  36790 [ACK] Seq=265174 Ack=144 Win=65024 Len=1448 TSval=2916041309 TSecr=3045561081 [TCP segment of a reassembled PDU]"
"60841","37.228534093","192.168.1.55","192.168.1.2","TCP","1514","8004  >  36790 [ACK] Seq=266622 Ack=144 Win=65024 Len=1448 TSval=2916041309 TSecr=3045561081 [TCP segment of a reassembled PDU]"
"60842","37.228535389","192.168.1.55","192.168.1.2","TCP","1514","8004  >  36790 [ACK] Seq=268070 Ack=144 Win=65024 Len=1448 TSval=2916041309 TSecr=3045561081 [TCP segment of a reassembled PDU]"
"60843","37.228536796","192.168.1.55","192.168.1.2","TCP","1514","8004  >  36790 [ACK] Seq=269518 Ack=144 Win=65024 Len=1448 TSval=2916041309 TSecr=3045561081 [TCP segment of a reassembled PDU]"
"60844","37.228538111","192.168.1.55","192.168.1.2","TCP","1514","8004  >  36790 [ACK] Seq=270966 Ack=144 Win=65024 Len=1448 TSval=2916041309 TSecr=3045561081 [TCP segment of a reassembled PDU]"
"60845","37.228539370","192.168.1.55","192.168.1.2","TCP","1514","8004  >  36790 [ACK] Seq=272414 Ack=144 Win=65024 Len=1448 TSval=2916041309 TSecr=3045561081 [TCP segment of a reassembled PDU]"
"60846","37.228540685","192.168.1.55","192.168.1.2","TCP","1514","8004  >  36790 [ACK] Seq=273862 Ack=144 Win=65024 Len=1448 TSval=2916041309 TSecr=3045561081 [TCP segment of a reassembled PDU]"
"60847","37.228541981","192.168.1.55","192.168.1.2","TCP","1514","8004  >  36790 [PSH, ACK] Seq=275310 Ack=144 Win=65024 Len=1448 TSval=2916041309 TSecr=3045561081 [TCP segment of a reassembled PDU]"
"60848","37.229029593","192.168.1.2","192.168.1.55","TCP","66","36790  >  8004 [ACK] Seq=144 Ack=185414 Win=106496 Len=0 TSval=3045561081 TSecr=2916041299"
"60849","37.229042093","192.168.1.55","192.168.1.2","TCP","1514","8004  >  36790 [ACK] Seq=276758 Ack=144 Win=65024 Len=1448 TSval=2916041309 TSecr=3045561081 [TCP segment of a reassembled PDU]"
"60850","37.229044353","192.168.1.55","192.168.1.2","TCP","1514","8004  >  36790 [ACK] Seq=278206 Ack=144 Win=65024 Len=1448 TSval=2916041309 TSecr=3045561081 [TCP segment of a reassembled PDU]"
"60851","37.229045667","192.168.1.55","192.168.1.2","TCP","1514","8004  >  36790 [ACK] Seq=279654 Ack=144 Win=65024 Len=1448 TSval=2916041309 TSecr=3045561081 [TCP segment of a reassembled PDU]"
"60852","37.229046871","192.168.1.55","192.168.1.2","TCP","1514","8004  >  36790 [ACK] Seq=281102 Ack=144 Win=65024 Len=1448 TSval=2916041309 TSecr=3045561081 [TCP segment of a reassembled PDU]"
"60853","37.229048223","192.168.1.55","192.168.1.2","TCP","1514","8004  >  36790 [ACK] Seq=282550 Ack=144 Win=65024 Len=1448 TSval=2916041309 TSecr=3045561081 [TCP segment of a reassembled PDU]"
"60854","37.229049427","192.168.1.55","192.168.1.2","TCP","1514","8004  >  36790 [ACK] Seq=283998 Ack=144 Win=65024 Len=1448 TSval=2916041309 TSecr=3045561081 [TCP segment of a reassembled PDU]"
"60855","37.229050630","192.168.1.55","192.168.1.2","TCP","1514","8004  >  36790 [PSH, ACK] Seq=285446 Ack=144 Win=65024 Len=1448 TSval=2916041309 TSecr=3045561081 [TCP segment of a reassembled PDU]"
"60856","37.229054779","192.168.1.2","192.168.1.55","TCP","66","36790  >  8004 [ACK] Seq=144 Ack=199894 Win=112640 Len=0 TSval=3045561082 TSecr=2916041299"
"60857","37.229060742","192.168.1.2","192.168.1.55","TCP","66","36790  >  8004 [ACK] Seq=144 Ack=202790 Win=110592 Len=0 TSval=3045561082 TSecr=2916041300"
"60858","37.229065519","192.168.1.2","192.168.1.55","TCP","66","36790  >  8004 [ACK] Seq=144 Ack=244902 Win=88064 Len=0 TSval=3045561082 TSecr=2916041300"
"60859","37.229100168","192.168.1.55","192.168.1.2","TCP","1514","8004  >  36790 [ACK] Seq=286894 Ack=144 Win=65024 Len=1448 TSval=2916041309 TSecr=3045561082 [TCP segment of a reassembled PDU]"
"60860","37.229101816","192.168.1.55","192.168.1.2","TCP","1514","8004  >  36790 [ACK] Seq=288342 Ack=144 Win=65024 Len=1448 TSval=2916041309 TSecr=3045561082 [TCP segment of a reassembled PDU]"
"60861","37.229103205","192.168.1.55","192.168.1.2","TCP","1514","8004  >  36790 [ACK] Seq=289790 Ack=144 Win=65024 Len=1448 TSval=2916041309 TSecr=3045561082 [TCP segment of a reassembled PDU]"
"60862","37.229104427","192.168.1.55","192.168.1.2","TCP","1514","8004  >  36790 [ACK] Seq=291238 Ack=144 Win=65024 Len=1448 TSval=2916041309 TSecr=3045561082 [TCP segment of a reassembled PDU]"
"60863","37.229105668","192.168.1.55","192.168.1.2","TCP","1514","8004  >  36790 [ACK] Seq=292686 Ack=144 Win=65024 Len=1448 TSval=2916041309 TSecr=3045561082 [TCP segment of a reassembled PDU]"
"60864","37.229106964","192.168.1.55","192.168.1.2","TCP","1514","8004  >  36790 [ACK] Seq=294134 Ack=144 Win=65024 Len=1448 TSval=2916041309 TSecr=3045561082 [TCP segment of a reassembled PDU]"
"60865","37.229108260","192.168.1.55","192.168.1.2","TCP","1514","8004  >  36790 [ACK] Seq=295582 Ack=144 Win=65024 Len=1448 TSval=2916041309 TSecr=3045561082 [TCP segment of a reassembled PDU]"
"60866","37.229109556","192.168.1.55","192.168.1.2","TCP","1514","8004  >  36790 [ACK] Seq=297030 Ack=144 Win=65024 Len=1448 TSval=2916041309 TSecr=3045561082 [TCP segment of a reassembled PDU]"
"60867","37.229110779","192.168.1.55","192.168.1.2","TCP","1514","8004  >  36790 [ACK] Seq=298478 Ack=144 Win=65024 Len=1448 TSval=2916041309 TSecr=3045561082 [TCP segment of a reassembled PDU]"
"60868","37.229111982","192.168.1.55","192.168.1.2","TCP","1514","8004  >  36790 [ACK] Seq=299926 Ack=144 Win=65024 Len=1448 TSval=2916041309 TSecr=3045561082 [TCP segment of a reassembled PDU]"
"60869","37.229113334","192.168.1.55","192.168.1.2","TCP","1514","8004  >  36790 [ACK] Seq=301374 Ack=144 Win=65024 Len=1448 TSval=2916041309 TSecr=3045561082 [TCP segment of a reassembled PDU]"
"60870","37.229114631","192.168.1.55","192.168.1.2","TCP","1514","8004  >  36790 [ACK] Seq=302822 Ack=144 Win=65024 Len=1448 TSval=2916041309 TSecr=3045561082 [TCP segment of a reassembled PDU]"
"60871","37.229116001","192.168.1.55","192.168.1.2","TCP","1514","8004  >  36790 [ACK] Seq=304270 Ack=144 Win=65024 Len=1448 TSval=2916041309 TSecr=3045561082 [TCP segment of a reassembled PDU]"
"60872","37.229117371","192.168.1.55","192.168.1.2","TCP","1514","8004  >  36790 [ACK] Seq=305718 Ack=144 Win=65024 Len=1448 TSval=2916041309 TSecr=3045561082 [TCP segment of a reassembled PDU]"
"60873","37.229118871","192.168.1.55","192.168.1.2","TCP","1514","8004  >  36790 [ACK] Seq=307166 Ack=144 Win=65024 Len=1448 TSval=2916041309 TSecr=3045561082 [TCP segment of a reassembled PDU]"
"60874","37.229120427","192.168.1.55","192.168.1.2","TCP","1514","8004  >  36790 [ACK] Seq=308614 Ack=144 Win=65024 Len=1448 TSval=2916041309 TSecr=3045561082 [TCP segment of a reassembled PDU]"
"60875","37.229121742","192.168.1.55","192.168.1.2","TCP","1514","8004  >  36790 [ACK] Seq=310062 Ack=144 Win=65024 Len=1448 TSval=2916041309 TSecr=3045561082 [TCP segment of a reassembled PDU]"
"60876","37.229123056","192.168.1.55","192.168.1.2","TCP","1514","8004  >  36790 [ACK] Seq=311510 Ack=144 Win=65024 Len=1448 TSval=2916041309 TSecr=3045561082 [TCP segment of a reassembled PDU]"
"60877","37.229124297","192.168.1.55","192.168.1.2","TCP","1514","8004  >  36790 [ACK] Seq=312958 Ack=144 Win=65024 Len=1448 TSval=2916041309 TSecr=3045561082 [TCP segment of a reassembled PDU]"
"60878","37.229125538","192.168.1.55","192.168.1.2","TCP","1514","8004  >  36790 [ACK] Seq=314406 Ack=144 Win=65024 Len=1448 TSval=2916041309 TSecr=3045561082 [TCP segment of a reassembled PDU]"
"60879","37.229126927","192.168.1.55","192.168.1.2","TCP","1514","8004  >  36790 [ACK] Seq=315854 Ack=144 Win=65024 Len=1448 TSval=2916041309 TSecr=3045561082 [TCP segment of a reassembled PDU]"
"60880","37.229128223","192.168.1.55","192.168.1.2","TCP","1514","8004  >  36790 [ACK] Seq=317302 Ack=144 Win=65024 Len=1448 TSval=2916041309 TSecr=3045561082 [TCP segment of a reassembled PDU]"
"60881","37.229129668","192.168.1.55","192.168.1.2","TCP","1514","8004  >  36790 [ACK] Seq=318750 Ack=144 Win=65024 Len=1448 TSval=2916041309 TSecr=3045561082 [TCP segment of a reassembled PDU]"
"60882","37.229135334","192.168.1.55","192.168.1.2","TCP","1514","8004  >  36790 [ACK] Seq=320198 Ack=144 Win=65024 Len=1448 TSval=2916041309 TSecr=3045561082 [TCP segment of a reassembled PDU]"
"60883","37.229136779","192.168.1.55","192.168.1.2","TCP","1514","8004  >  36790 [ACK] Seq=321646 Ack=144 Win=65024 Len=1448 TSval=2916041309 TSecr=3045561082 [TCP segment of a reassembled PDU]"
"60884","37.229138075","192.168.1.55","192.168.1.2","TCP","1514","8004  >  36790 [ACK] Seq=323094 Ack=144 Win=65024 Len=1448 TSval=2916041309 TSecr=3045561082 [TCP segment of a reassembled PDU]"
"60885","37.229139297","192.168.1.55","192.168.1.2","TCP","1514","8004  >  36790 [ACK] Seq=324542 Ack=144 Win=65024 Len=1448 TSval=2916041309 TSecr=3045561082 [TCP segment of a reassembled PDU]"
"60886","37.229140501","192.168.1.55","192.168.1.2","TCP","1514","8004  >  36790 [ACK] Seq=325990 Ack=144 Win=65024 Len=1448 TSval=2916041309 TSecr=3045561082 [TCP segment of a reassembled PDU]"
"60887","37.229141853","192.168.1.55","192.168.1.2","TCP","1514","8004  >  36790 [PSH, ACK] Seq=327438 Ack=144 Win=65024 Len=1448 TSval=2916041309 TSecr=3045561082 [TCP segment of a reassembled PDU]"
"60888","37.229200649","192.168.1.2","192.168.1.55","TCP","66","36790  >  8004 [ACK] Seq=144 Ack=255038 Win=114688 Len=0 TSval=3045561083 TSecr=2916041303"
"60889","37.229248742","192.168.1.55","192.168.1.2","TCP","1514","8004  >  36790 [ACK] Seq=328886 Ack=144 Win=65024 Len=1448 TSval=2916041309 TSecr=3045561083 [TCP segment of a reassembled PDU]"
"60890","37.229251279","192.168.1.55","192.168.1.2","TCP","1514","8004  >  36790 [ACK] Seq=330334 Ack=144 Win=65024 Len=1448 TSval=2916041309 TSecr=3045561083 [TCP segment of a reassembled PDU]"
"60891","37.229252612","192.168.1.55","192.168.1.2","TCP","1514","8004  >  36790 [ACK] Seq=331782 Ack=144 Win=65024 Len=1448 TSval=2916041309 TSecr=3045561083 [TCP segment of a reassembled PDU]"
"60892","37.229254149","192.168.1.55","192.168.1.2","TCP","1514","8004  >  36790 [ACK] Seq=333230 Ack=144 Win=65024 Len=1448 TSval=2916041309 TSecr=3045561083 [TCP segment of a reassembled PDU]"
"60893","37.229255464","192.168.1.55","192.168.1.2","TCP","1514","8004  >  36790 [ACK] Seq=334678 Ack=144 Win=65024 Len=1448 TSval=2916041309 TSecr=3045561083 [TCP segment of a reassembled PDU]"
"60894","37.229256779","192.168.1.55","192.168.1.2","TCP","1514","8004  >  36790 [ACK] Seq=336126 Ack=144 Win=65024 Len=1448 TSval=2916041309 TSecr=3045561083 [TCP segment of a reassembled PDU]"
"60895","37.229258094","192.168.1.55","192.168.1.2","TCP","1514","8004  >  36790 [ACK] Seq=337574 Ack=144 Win=65024 Len=1448 TSval=2916041309 TSecr=3045561083 [TCP segment of a reassembled PDU]"
"60896","37.229259760","192.168.1.55","192.168.1.2","TCP","1514","8004  >  36790 [ACK] Seq=339022 Ack=144 Win=65024 Len=1448 TSval=2916041309 TSecr=3045561083 [TCP segment of a reassembled PDU]"
"60897","37.229261094","192.168.1.55","192.168.1.2","TCP","1514","8004  >  36790 [ACK] Seq=340470 Ack=144 Win=65024 Len=1448 TSval=2916041309 TSecr=3045561083 [TCP segment of a reassembled PDU]"
"60898","37.229262390","192.168.1.55","192.168.1.2","TCP","1514","8004  >  36790 [ACK] Seq=341918 Ack=144 Win=65024 Len=1448 TSval=2916041309 TSecr=3045561083 [TCP segment of a reassembled PDU]"
"60899","37.229263649","192.168.1.55","192.168.1.2","TCP","1514","8004  >  36790 [ACK] Seq=343366 Ack=144 Win=65024 Len=1448 TSval=2916041309 TSecr=3045561083 [TCP segment of a reassembled PDU]"
"60900","37.229264983","192.168.1.55","192.168.1.2","TCP","1514","8004  >  36790 [ACK] Seq=344814 Ack=144 Win=65024 Len=1448 TSval=2916041309 TSecr=3045561083 [TCP segment of a reassembled PDU]"
"60901","37.229266371","192.168.1.55","192.168.1.2","TCP","1514","8004  >  36790 [ACK] Seq=346262 Ack=144 Win=65024 Len=1448 TSval=2916041309 TSecr=3045561083 [TCP segment of a reassembled PDU]"
"60902","37.229267723","192.168.1.55","192.168.1.2","TCP","1514","8004  >  36790 [ACK] Seq=347710 Ack=144 Win=65024 Len=1448 TSval=2916041309 TSecr=3045561083 [TCP segment of a reassembled PDU]"
"60903","37.229269094","192.168.1.55","192.168.1.2","TCP","1514","8004  >  36790 [ACK] Seq=349158 Ack=144 Win=65024 Len=1448 TSval=2916041309 TSecr=3045561083 [TCP segment of a reassembled PDU]"
"60904","37.229270353","192.168.1.55","192.168.1.2","TCP","1514","8004  >  36790 [ACK] Seq=350606 Ack=144 Win=65024 Len=1448 TSval=2916041309 TSecr=3045561083 [TCP segment of a reassembled PDU]"
"60905","37.229271668","192.168.1.55","192.168.1.2","TCP","1514","8004  >  36790 [ACK] Seq=352054 Ack=144 Win=65024 Len=1448 TSval=2916041309 TSecr=3045561083 [TCP segment of a reassembled PDU]"
"60906","37.229273094","192.168.1.55","192.168.1.2","TCP","1514","8004  >  36790 [ACK] Seq=353502 Ack=144 Win=65024 Len=1448 TSval=2916041309 TSecr=3045561083 [TCP segment of a reassembled PDU]"
"60907","37.229274464","192.168.1.55","192.168.1.2","TCP","1514","8004  >  36790 [ACK] Seq=354950 Ack=144 Win=65024 Len=1448 TSval=2916041309 TSecr=3045561083 [TCP segment of a reassembled PDU]"
"60908","37.229275779","192.168.1.55","192.168.1.2","TCP","1514","8004  >  36790 [ACK] Seq=356398 Ack=144 Win=65024 Len=1448 TSval=2916041309 TSecr=3045561083 [TCP segment of a reassembled PDU]"
"60909","37.229277057","192.168.1.55","192.168.1.2","TCP","1514","8004  >  36790 [ACK] Seq=357846 Ack=144 Win=65024 Len=1448 TSval=2916041309 TSecr=3045561083 [TCP segment of a reassembled PDU]"
"60910","37.229278390","192.168.1.55","192.168.1.2","TCP","1514","8004  >  36790 [ACK] Seq=359294 Ack=144 Win=65024 Len=1448 TSval=2916041309 TSecr=3045561083 [TCP segment of a reassembled PDU]"
"60911","37.229279742","192.168.1.55","192.168.1.2","TCP","1514","8004  >  36790 [ACK] Seq=360742 Ack=144 Win=65024 Len=1448 TSval=2916041309 TSecr=3045561083 [TCP segment of a reassembled PDU]"
"60912","37.229281353","192.168.1.55","192.168.1.2","TCP","1514","8004  >  36790 [ACK] Seq=362190 Ack=144 Win=65024 Len=1448 TSval=2916041309 TSecr=3045561083 [TCP segment of a reassembled PDU]"
"60913","37.229282705","192.168.1.55","192.168.1.2","TCP","1514","8004  >  36790 [ACK] Seq=363638 Ack=144 Win=65024 Len=1448 TSval=2916041309 TSecr=3045561083 [TCP segment of a reassembled PDU]"
"60914","37.229284001","192.168.1.55","192.168.1.2","TCP","1514","8004  >  36790 [ACK] Seq=365086 Ack=144 Win=65024 Len=1448 TSval=2916041309 TSecr=3045561083 [TCP segment of a reassembled PDU]"
"60915","37.229285927","192.168.1.55","192.168.1.2","TCP","1514","8004  >  36790 [ACK] Seq=366534 Ack=144 Win=65024 Len=1448 TSval=2916041309 TSecr=3045561083 [TCP segment of a reassembled PDU]"
"60916","37.229287186","192.168.1.55","192.168.1.2","TCP","1514","8004  >  36790 [ACK] Seq=367982 Ack=144 Win=65024 Len=1448 TSval=2916041309 TSecr=3045561083 [TCP segment of a reassembled PDU]"
"60917","37.229288649","192.168.1.55","192.168.1.2","TCP","362","[TCP Window Full] 8004  >  36790 [PSH, ACK] Seq=369430 Ack=144 Win=65024 Len=296 TSval=2916041309 TSecr=3045561083 [TCP segment of a reassembled PDU]"
"60918","37.229302001","192.168.1.2","192.168.1.55","TCP","66","36790  >  8004 [ACK] Seq=144 Ack=259382 Win=110592 Len=0 TSval=3045561083 TSecr=2916041303"
"60919","37.229310649","192.168.1.2","192.168.1.55","TCP","66","36790  >  8004 [ACK] Seq=144 Ack=262278 Win=119808 Len=0 TSval=3045561084 TSecr=2916041303"
"60920","37.230425873","192.168.1.55","192.168.1.2","TCP","1218","8004  >  36790 [PSH, ACK] Seq=369726 Ack=144 Win=65024 Len=1152 TSval=2916041311 TSecr=3045561084 [TCP segment of a reassembled PDU]"
"60921","37.230443262","192.168.1.55","192.168.1.2","TCP","1514","8004  >  36790 [ACK] Seq=370878 Ack=144 Win=65024 Len=1448 TSval=2916041311 TSecr=3045561084 [TCP segment of a reassembled PDU]"
"60922","37.230446151","192.168.1.55","192.168.1.2","TCP","1514","8004  >  36790 [ACK] Seq=372326 Ack=144 Win=65024 Len=1448 TSval=2916041311 TSecr=3045561084 [TCP segment of a reassembled PDU]"
"60923","37.230447559","192.168.1.55","192.168.1.2","TCP","1514","8004  >  36790 [ACK] Seq=373774 Ack=144 Win=65024 Len=1448 TSval=2916041311 TSecr=3045561084 [TCP segment of a reassembled PDU]"
"60924","37.230448985","192.168.1.55","192.168.1.2","TCP","1514","8004  >  36790 [ACK] Seq=375222 Ack=144 Win=65024 Len=1448 TSval=2916041311 TSecr=3045561084 [TCP segment of a reassembled PDU]"
"60925","37.230450836","192.168.1.55","192.168.1.2","TCP","1514","8004  >  36790 [ACK] Seq=376670 Ack=144 Win=65024 Len=1448 TSval=2916041311 TSecr=3045561084 [TCP segment of a reassembled PDU]"
"60926","37.230452688","192.168.1.55","192.168.1.2","TCP","1514","8004  >  36790 [ACK] Seq=378118 Ack=144 Win=65024 Len=1448 TSval=2916041311 TSecr=3045561084 [TCP segment of a reassembled PDU]"
"60927","37.230454059","192.168.1.55","192.168.1.2","TCP","1514","8004  >  36790 [PSH, ACK] Seq=379566 Ack=144 Win=65024 Len=1448 TSval=2916041311 TSecr=3045561084 [TCP segment of a reassembled PDU]"
"60928","37.236783624","192.168.1.2","192.168.1.55","TCP","66","36790  >  8004 [ACK] Seq=144 Ack=379566 Win=17408 Len=0 TSval=3045561092 TSecr=2916041309"
"60929","37.236833217","192.168.1.55","192.168.1.2","TCP","1514","8004  >  36790 [ACK] Seq=381014 Ack=144 Win=65024 Len=1448 TSval=2916041317 TSecr=3045561092 [TCP segment of a reassembled PDU]"
"60930","37.236837013","192.168.1.55","192.168.1.2","TCP","1514","8004  >  36790 [ACK] Seq=382462 Ack=144 Win=65024 Len=1448 TSval=2916041317 TSecr=3045561092 [TCP segment of a reassembled PDU]"
"60931","37.236838347","192.168.1.55","192.168.1.2","TCP","1514","8004  >  36790 [ACK] Seq=383910 Ack=144 Win=65024 Len=1448 TSval=2916041317 TSecr=3045561092 [TCP segment of a reassembled PDU]"
"60932","37.236839791","192.168.1.55","192.168.1.2","TCP","1514","8004  >  36790 [ACK] Seq=385358 Ack=144 Win=65024 Len=1448 TSval=2916041317 TSecr=3045561092 [TCP segment of a reassembled PDU]"
"60933","37.236841532","192.168.1.55","192.168.1.2","TCP","1514","8004  >  36790 [ACK] Seq=386806 Ack=144 Win=65024 Len=1448 TSval=2916041317 TSecr=3045561092 [TCP segment of a reassembled PDU]"
"60934","37.236842847","192.168.1.55","192.168.1.2","TCP","1514","8004  >  36790 [ACK] Seq=388254 Ack=144 Win=65024 Len=1448 TSval=2916041317 TSecr=3045561092 [TCP segment of a reassembled PDU]"
"60935","37.236844217","192.168.1.55","192.168.1.2","TCP","1514","8004  >  36790 [ACK] Seq=389702 Ack=144 Win=65024 Len=1448 TSval=2916041317 TSecr=3045561092 [TCP segment of a reassembled PDU]"
"60936","37.236845606","192.168.1.55","192.168.1.2","TCP","1514","8004  >  36790 [ACK] Seq=391150 Ack=144 Win=65024 Len=1448 TSval=2916041317 TSecr=3045561092 [TCP segment of a reassembled PDU]"
"60937","37.236847013","192.168.1.55","192.168.1.2","TCP","1514","8004  >  36790 [ACK] Seq=392598 Ack=144 Win=65024 Len=1448 TSval=2916041317 TSecr=3045561092 [TCP segment of a reassembled PDU]"
"60938","37.236848402","192.168.1.55","192.168.1.2","TCP","1514","8004  >  36790 [ACK] Seq=394046 Ack=144 Win=65024 Len=1448 TSval=2916041317 TSecr=3045561092 [TCP segment of a reassembled PDU]"
"60939","37.236849754","192.168.1.55","192.168.1.2","TCP","1514","8004  >  36790 [ACK] Seq=395494 Ack=144 Win=65024 Len=1448 TSval=2916041317 TSecr=3045561092 [TCP segment of a reassembled PDU]"
"60940","37.236851124","192.168.1.55","192.168.1.2","TCP","98","[TCP Window Full] 8004  >  36790 [PSH, ACK] Seq=396942 Ack=144 Win=65024 Len=32 TSval=2916041317 TSecr=3045561092 [TCP segment of a reassembled PDU]"
"60941","37.236910421","192.168.1.2","192.168.1.55","TCP","66","[TCP Window Update] 36790  >  8004 [ACK] Seq=144 Ack=379566 Win=40960 Len=0 TSval=3045561092 TSecr=2916041309"
"60942","37.236926476","192.168.1.55","192.168.1.2","TCP","1514","8004  >  36790 [ACK] Seq=396974 Ack=144 Win=65024 Len=1448 TSval=2916041317 TSecr=3045561092 [TCP segment of a reassembled PDU]"
"60943","37.236928199","192.168.1.55","192.168.1.2","TCP","1514","8004  >  36790 [ACK] Seq=398422 Ack=144 Win=65024 Len=1448 TSval=2916041317 TSecr=3045561092 [TCP segment of a reassembled PDU]"
"60944","37.236929606","192.168.1.55","192.168.1.2","TCP","1514","8004  >  36790 [ACK] Seq=399870 Ack=144 Win=65024 Len=1448 TSval=2916041317 TSecr=3045561092 [TCP segment of a reassembled PDU]"
"60945","37.236931032","192.168.1.55","192.168.1.2","TCP","1514","8004  >  36790 [ACK] Seq=401318 Ack=144 Win=65024 Len=1448 TSval=2916041317 TSecr=3045561092 [TCP segment of a reassembled PDU]"
"60946","37.236932347","192.168.1.55","192.168.1.2","TCP","1514","8004  >  36790 [ACK] Seq=402766 Ack=144 Win=65024 Len=1448 TSval=2916041317 TSecr=3045561092 [TCP segment of a reassembled PDU]"
"60947","37.236933699","192.168.1.55","192.168.1.2","TCP","1514","8004  >  36790 [ACK] Seq=404214 Ack=144 Win=65024 Len=1448 TSval=2916041317 TSecr=3045561092 [TCP segment of a reassembled PDU]"
"60948","37.236935051","192.168.1.55","192.168.1.2","TCP","1514","8004  >  36790 [ACK] Seq=405662 Ack=144 Win=65024 Len=1448 TSval=2916041317 TSecr=3045561092 [TCP segment of a reassembled PDU]"
"60949","37.236936551","192.168.1.55","192.168.1.2","TCP","1514","8004  >  36790 [ACK] Seq=407110 Ack=144 Win=65024 Len=1448 TSval=2916041317 TSecr=3045561092 [TCP segment of a reassembled PDU]"
"60950","37.236937921","192.168.1.55","192.168.1.2","TCP","1514","8004  >  36790 [ACK] Seq=408558 Ack=144 Win=65024 Len=1448 TSval=2916041317 TSecr=3045561092 [TCP segment of a reassembled PDU]"
"60951","37.236939273","192.168.1.55","192.168.1.2","TCP","1514","8004  >  36790 [PSH, ACK] Seq=410006 Ack=144 Win=65024 Len=1448 TSval=2916041317 TSecr=3045561092 [TCP segment of a reassembled PDU]"
"60952","37.236944551","192.168.1.55","192.168.1.2","TCP","1482","8004  >  36790 [ACK] Seq=411454 Ack=144 Win=65024 Len=1416 TSval=2916041317 TSecr=3045561092 [TCP segment of a reassembled PDU]"
"60953","37.236948810","192.168.1.2","192.168.1.55","TCP","66","[TCP Window Update] 36790  >  8004 [ACK] Seq=144 Ack=379566 Win=116736 Len=0 TSval=3045561092 TSecr=2916041309"
"60954","37.236988791","192.168.1.55","192.168.1.2","TCP","1514","8004  >  36790 [ACK] Seq=412870 Ack=144 Win=65024 Len=1448 TSval=2916041317 TSecr=3045561092 [TCP segment of a reassembled PDU]"
"60955","37.236990458","192.168.1.55","192.168.1.2","TCP","1514","8004  >  36790 [ACK] Seq=414318 Ack=144 Win=65024 Len=1448 TSval=2916041317 TSecr=3045561092 [TCP segment of a reassembled PDU]"
"60956","37.236991773","192.168.1.55","192.168.1.2","TCP","1514","8004  >  36790 [ACK] Seq=415766 Ack=144 Win=65024 Len=1448 TSval=2916041317 TSecr=3045561092 [TCP segment of a reassembled PDU]"
"60957","37.236993051","192.168.1.55","192.168.1.2","TCP","1514","8004  >  36790 [ACK] Seq=417214 Ack=144 Win=65024 Len=1448 TSval=2916041317 TSecr=3045561092 [TCP segment of a reassembled PDU]"
"60958","37.236994421","192.168.1.55","192.168.1.2","TCP","1514","8004  >  36790 [ACK] Seq=418662 Ack=144 Win=65024 Len=1448 TSval=2916041317 TSecr=3045561092 [TCP segment of a reassembled PDU]"
"60959","37.236995736","192.168.1.55","192.168.1.2","TCP","1514","8004  >  36790 [ACK] Seq=420110 Ack=144 Win=65024 Len=1448 TSval=2916041317 TSecr=3045561092 [TCP segment of a reassembled PDU]"
"60960","37.236997162","192.168.1.55","192.168.1.2","TCP","1514","8004  >  36790 [ACK] Seq=421558 Ack=144 Win=65024 Len=1448 TSval=2916041317 TSecr=3045561092 [TCP segment of a reassembled PDU]"
"60961","37.236998495","192.168.1.55","192.168.1.2","TCP","1514","8004  >  36790 [ACK] Seq=423006 Ack=144 Win=65024 Len=1448 TSval=2916041317 TSecr=3045561092 [TCP segment of a reassembled PDU]"
"60962","37.236999754","192.168.1.55","192.168.1.2","TCP","1514","8004  >  36790 [ACK] Seq=424454 Ack=144 Win=65024 Len=1448 TSval=2916041317 TSecr=3045561092 [TCP segment of a reassembled PDU]"
"60963","37.237001236","192.168.1.55","192.168.1.2","TCP","1514","8004  >  36790 [ACK] Seq=425902 Ack=144 Win=65024 Len=1448 TSval=2916041317 TSecr=3045561092 [TCP segment of a reassembled PDU]"
"60964","37.237002791","192.168.1.55","192.168.1.2","TCP","1514","8004  >  36790 [ACK] Seq=427350 Ack=144 Win=65024 Len=1448 TSval=2916041317 TSecr=3045561092 [TCP segment of a reassembled PDU]"
"60965","37.237004865","192.168.1.55","192.168.1.2","TCP","1514","8004  >  36790 [ACK] Seq=428798 Ack=144 Win=65024 Len=1448 TSval=2916041317 TSecr=3045561092 [TCP segment of a reassembled PDU]"
"60966","37.237006143","192.168.1.55","192.168.1.2","TCP","1514","8004  >  36790 [ACK] Seq=430246 Ack=144 Win=65024 Len=1448 TSval=2916041317 TSecr=3045561092 [TCP segment of a reassembled PDU]"
"60967","37.237007625","192.168.1.55","192.168.1.2","TCP","1514","8004  >  36790 [ACK] Seq=431694 Ack=144 Win=65024 Len=1448 TSval=2916041317 TSecr=3045561092 [TCP segment of a reassembled PDU]"
"60968","37.237009014","192.168.1.55","192.168.1.2","TCP","1514","8004  >  36790 [ACK] Seq=433142 Ack=144 Win=65024 Len=1448 TSval=2916041317 TSecr=3045561092 [TCP segment of a reassembled PDU]"
"60969","37.237010291","192.168.1.55","192.168.1.2","TCP","1514","8004  >  36790 [ACK] Seq=434590 Ack=144 Win=65024 Len=1448 TSval=2916041317 TSecr=3045561092 [TCP segment of a reassembled PDU]"
"60970","37.237011773","192.168.1.55","192.168.1.2","TCP","1514","8004  >  36790 [ACK] Seq=436038 Ack=144 Win=65024 Len=1448 TSval=2916041317 TSecr=3045561092 [TCP segment of a reassembled PDU]"
"60971","37.237013310","192.168.1.55","192.168.1.2","TCP","1514","8004  >  36790 [ACK] Seq=437486 Ack=144 Win=65024 Len=1448 TSval=2916041317 TSecr=3045561092 [TCP segment of a reassembled PDU]"
"60972","37.237014588","192.168.1.55","192.168.1.2","TCP","1514","8004  >  36790 [ACK] Seq=438934 Ack=144 Win=65024 Len=1448 TSval=2916041317 TSecr=3045561092 [TCP segment of a reassembled PDU]"
"60973","37.237016032","192.168.1.55","192.168.1.2","TCP","1514","8004  >  36790 [ACK] Seq=440382 Ack=144 Win=65024 Len=1448 TSval=2916041317 TSecr=3045561092 [TCP segment of a reassembled PDU]"
"60974","37.237017384","192.168.1.55","192.168.1.2","TCP","1514","8004  >  36790 [ACK] Seq=441830 Ack=144 Win=65024 Len=1448 TSval=2916041317 TSecr=3045561092 [TCP segment of a reassembled PDU]"
"60975","37.237018662","192.168.1.55","192.168.1.2","TCP","1514","8004  >  36790 [ACK] Seq=443278 Ack=144 Win=65024 Len=1448 TSval=2916041317 TSecr=3045561092 [TCP segment of a reassembled PDU]"
"60976","37.237019995","192.168.1.55","192.168.1.2","TCP","1514","8004  >  36790 [ACK] Seq=444726 Ack=144 Win=65024 Len=1448 TSval=2916041317 TSecr=3045561092 [TCP segment of a reassembled PDU]"
"60977","37.237021273","192.168.1.55","192.168.1.2","TCP","1514","8004  >  36790 [ACK] Seq=446174 Ack=144 Win=65024 Len=1448 TSval=2916041317 TSecr=3045561092 [TCP segment of a reassembled PDU]"
"60978","37.237022773","192.168.1.55","192.168.1.2","TCP","1514","8004  >  36790 [ACK] Seq=447622 Ack=144 Win=65024 Len=1448 TSval=2916041317 TSecr=3045561092 [TCP segment of a reassembled PDU]"
"60979","37.237024273","192.168.1.55","192.168.1.2","TCP","1514","8004  >  36790 [ACK] Seq=449070 Ack=144 Win=65024 Len=1448 TSval=2916041317 TSecr=3045561092 [TCP segment of a reassembled PDU]"
"60980","37.237025643","192.168.1.55","192.168.1.2","TCP","1514","8004  >  36790 [ACK] Seq=450518 Ack=144 Win=65024 Len=1448 TSval=2916041317 TSecr=3045561092 [TCP segment of a reassembled PDU]"
"60981","37.237027032","192.168.1.55","192.168.1.2","TCP","1514","8004  >  36790 [ACK] Seq=451966 Ack=144 Win=65024 Len=1448 TSval=2916041317 TSecr=3045561092 [TCP segment of a reassembled PDU]"
"60982","37.237028328","192.168.1.55","192.168.1.2","TCP","1514","8004  >  36790 [PSH, ACK] Seq=453414 Ack=144 Win=65024 Len=1448 TSval=2916041317 TSecr=3045561092 [TCP segment of a reassembled PDU]"
"60983","37.237065254","192.168.1.55","192.168.1.2","TCP","1514","8004  >  36790 [ACK] Seq=454862 Ack=144 Win=65024 Len=1448 TSval=2916041317 TSecr=3045561092 [TCP segment of a reassembled PDU]"
"60984","37.237067366","192.168.1.55","192.168.1.2","TCP","1514","8004  >  36790 [ACK] Seq=456310 Ack=144 Win=65024 Len=1448 TSval=2916041317 TSecr=3045561092 [TCP segment of a reassembled PDU]"
"60985","37.237068643","192.168.1.55","192.168.1.2","TCP","1514","8004  >  36790 [ACK] Seq=457758 Ack=144 Win=65024 Len=1448 TSval=2916041317 TSecr=3045561092 [TCP segment of a reassembled PDU]"
"60986","37.237070106","192.168.1.55","192.168.1.2","TCP","1514","8004  >  36790 [ACK] Seq=459206 Ack=144 Win=65024 Len=1448 TSval=2916041317 TSecr=3045561092 [TCP segment of a reassembled PDU]"
"60987","37.237071384","192.168.1.55","192.168.1.2","TCP","1514","8004  >  36790 [ACK] Seq=460654 Ack=144 Win=65024 Len=1448 TSval=2916041317 TSecr=3045561092 [TCP segment of a reassembled PDU]"
"60988","37.237072717","192.168.1.55","192.168.1.2","TCP","1514","8004  >  36790 [ACK] Seq=462102 Ack=144 Win=65024 Len=1448 TSval=2916041317 TSecr=3045561092 [TCP segment of a reassembled PDU]"
"60989","37.237074106","192.168.1.55","192.168.1.2","TCP","1514","8004  >  36790 [ACK] Seq=463550 Ack=144 Win=65024 Len=1448 TSval=2916041317 TSecr=3045561092 [TCP segment of a reassembled PDU]"
"60990","37.237075662","192.168.1.55","192.168.1.2","TCP","1514","8004  >  36790 [ACK] Seq=464998 Ack=144 Win=65024 Len=1448 TSval=2916041317 TSecr=3045561092 [TCP segment of a reassembled PDU]"
"60991","37.237077292","192.168.1.55","192.168.1.2","TCP","1514","8004  >  36790 [ACK] Seq=466446 Ack=144 Win=65024 Len=1448 TSval=2916041317 TSecr=3045561092 [TCP segment of a reassembled PDU]"
"60992","37.237078643","192.168.1.55","192.168.1.2","TCP","1514","8004  >  36790 [ACK] Seq=467894 Ack=144 Win=65024 Len=1448 TSval=2916041317 TSecr=3045561092 [TCP segment of a reassembled PDU]"
"60993","37.237079921","192.168.1.55","192.168.1.2","TCP","1514","8004  >  36790 [ACK] Seq=469342 Ack=144 Win=65024 Len=1448 TSval=2916041317 TSecr=3045561092 [TCP segment of a reassembled PDU]"
"60994","37.237081236","192.168.1.55","192.168.1.2","TCP","1514","8004  >  36790 [ACK] Seq=470790 Ack=144 Win=65024 Len=1448 TSval=2916041317 TSecr=3045561092 [TCP segment of a reassembled PDU]"
"60995","37.237082514","192.168.1.55","192.168.1.2","TCP","1514","8004  >  36790 [ACK] Seq=472238 Ack=144 Win=65024 Len=1448 TSval=2916041317 TSecr=3045561092 [TCP segment of a reassembled PDU]"
"60996","37.237083903","192.168.1.55","192.168.1.2","TCP","1514","8004  >  36790 [ACK] Seq=473686 Ack=144 Win=65024 Len=1448 TSval=2916041317 TSecr=3045561092 [TCP segment of a reassembled PDU]"
"60997","37.237085199","192.168.1.55","192.168.1.2","TCP","1514","8004  >  36790 [ACK] Seq=475134 Ack=144 Win=65024 Len=1448 TSval=2916041317 TSecr=3045561092 [TCP segment of a reassembled PDU]"
"60998","37.237086495","192.168.1.55","192.168.1.2","TCP","1514","8004  >  36790 [ACK] Seq=476582 Ack=144 Win=65024 Len=1448 TSval=2916041317 TSecr=3045561092 [TCP segment of a reassembled PDU]"
"60999","37.237087921","192.168.1.55","192.168.1.2","TCP","1514","8004  >  36790 [ACK] Seq=478030 Ack=144 Win=65024 Len=1448 TSval=2916041317 TSecr=3045561092 [TCP segment of a reassembled PDU]"
"61000","37.237089199","192.168.1.55","192.168.1.2","TCP","1514","8004  >  36790 [ACK] Seq=479478 Ack=144 Win=65024 Len=1448 TSval=2916041317 TSecr=3045561092 [TCP segment of a reassembled PDU]"
"61001","37.237090773","192.168.1.55","192.168.1.2","TCP","1514","8004  >  36790 [ACK] Seq=480926 Ack=144 Win=65024 Len=1448 TSval=2916041317 TSecr=3045561092 [TCP segment of a reassembled PDU]"
"61002","37.237092069","192.168.1.55","192.168.1.2","TCP","1514","8004  >  36790 [ACK] Seq=482374 Ack=144 Win=65024 Len=1448 TSval=2916041317 TSecr=3045561092 [TCP segment of a reassembled PDU]"
"61003","37.237093569","192.168.1.55","192.168.1.2","TCP","1514","8004  >  36790 [ACK] Seq=483822 Ack=144 Win=65024 Len=1448 TSval=2916041317 TSecr=3045561092 [TCP segment of a reassembled PDU]"
"61004","37.237095125","192.168.1.55","192.168.1.2","TCP","1514","8004  >  36790 [ACK] Seq=485270 Ack=144 Win=65024 Len=1448 TSval=2916041317 TSecr=3045561092 [TCP segment of a reassembled PDU]"
"61005","37.237096421","192.168.1.55","192.168.1.2","TCP","1514","8004  >  36790 [ACK] Seq=486718 Ack=144 Win=65024 Len=1448 TSval=2916041317 TSecr=3045561092 [TCP segment of a reassembled PDU]"
"61006","37.237097829","192.168.1.55","192.168.1.2","TCP","1514","8004  >  36790 [ACK] Seq=488166 Ack=144 Win=65024 Len=1448 TSval=2916041317 TSecr=3045561092 [TCP segment of a reassembled PDU]"
"61007","37.237099088","192.168.1.55","192.168.1.2","TCP","1514","8004  >  36790 [ACK] Seq=489614 Ack=144 Win=65024 Len=1448 TSval=2916041317 TSecr=3045561092 [TCP segment of a reassembled PDU]"
"61008","37.237100384","192.168.1.55","192.168.1.2","TCP","1514","8004  >  36790 [ACK] Seq=491062 Ack=144 Win=65024 Len=1448 TSval=2916041317 TSecr=3045561092 [TCP segment of a reassembled PDU]"
"61009","37.237102217","192.168.1.55","192.168.1.2","TCP","1514","8004  >  36790 [ACK] Seq=492510 Ack=144 Win=65024 Len=1448 TSval=2916041317 TSecr=3045561092 [TCP segment of a reassembled PDU]"
"61010","37.237103643","192.168.1.55","192.168.1.2","TCP","1514","8004  >  36790 [PSH, ACK] Seq=493958 Ack=144 Win=65024 Len=1448 TSval=2916041317 TSecr=3045561092 [TCP segment of a reassembled PDU]"
"61011","37.237156051","192.168.1.2","192.168.1.55","TCP","66","36790  >  8004 [ACK] Seq=144 Ack=381014 Win=121856 Len=0 TSval=3045561092 TSecr=2916041311"
"61012","37.238299812","192.168.1.55","192.168.1.2","TCP","1514","8004  >  36790 [ACK] Seq=495406 Ack=144 Win=65024 Len=1448 TSval=2916041319 TSecr=3045561092 [TCP segment of a reassembled PDU]"
"61013","37.238305664","192.168.1.55","192.168.1.2","TCP","1514","8004  >  36790 [ACK] Seq=496854 Ack=144 Win=65024 Len=1448 TSval=2916041319 TSecr=3045561092 [TCP segment of a reassembled PDU]"
"61014","37.238309497","192.168.1.55","192.168.1.2","HTTP","222","HTTP/1.0 200 OK  (PNG)"
"61015","37.244078192","192.168.1.2","192.168.1.55","TCP","66","36790  >  8004 [ACK] Seq=144 Ack=385358 Win=121856 Len=0 TSval=3045561099 TSecr=2916041317"
"61016","37.244195044","192.168.1.2","192.168.1.55","TCP","66","36790  >  8004 [ACK] Seq=144 Ack=396974 Win=145408 Len=0 TSval=3045561099 TSecr=2916041317"
"61017","37.244202118","192.168.1.2","192.168.1.55","TCP","66","36790  >  8004 [ACK] Seq=144 Ack=405662 Win=162816 Len=0 TSval=3045561099 TSecr=2916041317"
"61018","37.244536063","192.168.1.2","192.168.1.55","TCP","66","36790  >  8004 [ACK] Seq=144 Ack=411454 Win=174080 Len=0 TSval=3045561100 TSecr=2916041317"
"61019","37.244664859","192.168.1.2","192.168.1.55","TCP","66","36790  >  8004 [ACK] Seq=144 Ack=454862 Win=177152 Len=0 TSval=3045561100 TSecr=2916041317"
"61020","37.244671859","192.168.1.2","192.168.1.55","TCP","66","36790  >  8004 [ACK] Seq=144 Ack=492510 Win=174080 Len=0 TSval=3045561100 TSecr=2916041317"
"61021","37.246043362","192.168.1.2","192.168.1.55","TCP","66","36790  >  8004 [ACK] Seq=144 Ack=495406 Win=183296 Len=0 TSval=3045561101 TSecr=2916041317"
"61022","37.246157417","192.168.1.2","192.168.1.55","TCP","66","36790  >  8004 [ACK] Seq=144 Ack=498302 Win=188416 Len=0 TSval=3045561101 TSecr=2916041319"
"61023","37.248543088","192.168.1.2","192.168.1.55","TCP","66","36790  >  8004 [FIN, ACK] Seq=144 Ack=498459 Win=191488 Len=0 TSval=3045561103 TSecr=2916041319"
"61024","37.248555921","192.168.1.55","192.168.1.2","TCP","66","8004  >  36790 [ACK] Seq=498459 Ack=145 Win=65024 Len=0 TSval=2916041329 TSecr=3045561103"
"61025","37.248672162","192.168.1.2","192.168.1.55","TCP","74","36792  >  8004 [SYN] Seq=0 Win=64240 Len=0 MSS=1460 SACK_PERM TSval=3045561104 TSecr=0 WS=1024"
"61026","37.248697662","192.168.1.55","192.168.1.2","TCP","74","8004  >  36792 [SYN, ACK] Seq=0 Ack=1 Win=65160 Len=0 MSS=1460 SACK_PERM TSval=2916041329 TSecr=3045561104 WS=128"
"61027","37.251797593","192.168.1.2","192.168.1.55","TCP","66","36792  >  8004 [ACK] Seq=1 Ack=1 Win=64512 Len=0 TSval=3045561106 TSecr=2916041329"
"61028","37.255028672","192.168.1.2","192.168.1.55","HTTP","206","GET /stego_benchmark.png HTTP/1.1 "
"61029","37.255039506","192.168.1.55","192.168.1.2","TCP","66","8004  >  36792 [ACK] Seq=1 Ack=141 Win=65024 Len=0 TSval=2916041335 TSecr=3045561107"
"61030","37.255544044","192.168.1.55","192.168.1.2","TCP","255","8004  >  36792 [PSH, ACK] Seq=1 Ack=141 Win=65024 Len=189 TSval=2916041336 TSecr=3045561107 [TCP segment of a reassembled PDU]"
"61031","37.255626414","192.168.1.55","192.168.1.2","TCP","1514","8004  >  36792 [ACK] Seq=190 Ack=141 Win=65024 Len=1448 TSval=2916041336 TSecr=3045561107 [TCP segment of a reassembled PDU]"
"61032","37.255631414","192.168.1.55","192.168.1.2","TCP","1514","8004  >  36792 [ACK] Seq=1638 Ack=141 Win=65024 Len=1448 TSval=2916041336 TSecr=3045561107 [TCP segment of a reassembled PDU]"
"61033","37.255632914","192.168.1.55","192.168.1.2","TCP","1514","8004  >  36792 [ACK] Seq=3086 Ack=141 Win=65024 Len=1448 TSval=2916041336 TSecr=3045561107 [TCP segment of a reassembled PDU]"
"61034","37.255634340","192.168.1.55","192.168.1.2","TCP","1514","8004  >  36792 [ACK] Seq=4534 Ack=141 Win=65024 Len=1448 TSval=2916041336 TSecr=3045561107 [TCP segment of a reassembled PDU]"
"61035","37.255635803","192.168.1.55","192.168.1.2","TCP","1514","8004  >  36792 [PSH, ACK] Seq=5982 Ack=141 Win=65024 Len=1448 TSval=2916041336 TSecr=3045561107 [TCP segment of a reassembled PDU]"
"61036","37.255650673","192.168.1.55","192.168.1.2","TCP","1514","8004  >  36792 [ACK] Seq=7430 Ack=141 Win=65024 Len=1448 TSval=2916041336 TSecr=3045561107 [TCP segment of a reassembled PDU]"
"61037","37.255652470","192.168.1.55","192.168.1.2","TCP","1514","8004  >  36792 [ACK] Seq=8878 Ack=141 Win=65024 Len=1448 TSval=2916041336 TSecr=3045561107 [TCP segment of a reassembled PDU]"
"61038","37.255653840","192.168.1.55","192.168.1.2","TCP","1514","8004  >  36792 [ACK] Seq=10326 Ack=141 Win=65024 Len=1448 TSval=2916041336 TSecr=3045561107 [TCP segment of a reassembled PDU]"
"61039","37.255655340","192.168.1.55","192.168.1.2","TCP","1514","8004  >  36792 [PSH, ACK] Seq=11774 Ack=141 Win=65024 Len=1448 TSval=2916041336 TSecr=3045561107 [TCP segment of a reassembled PDU]"
"61040","37.261436775","192.168.1.2","192.168.1.55","TCP","66","36792  >  8004 [ACK] Seq=141 Ack=190 Win=64512 Len=0 TSval=3045561113 TSecr=2916041336"
"61041","37.261495294","192.168.1.55","192.168.1.2","TCP","1514","8004  >  36792 [ACK] Seq=13222 Ack=141 Win=65024 Len=1448 TSval=2916041342 TSecr=3045561113 [TCP segment of a reassembled PDU]"
"61042","37.261501424","192.168.1.55","192.168.1.2","TCP","1514","8004  >  36792 [PSH, ACK] Seq=14670 Ack=141 Win=65024 Len=1448 TSval=2916041342 TSecr=3045561113 [TCP segment of a reassembled PDU]"
"61043","37.261577220","192.168.1.2","192.168.1.55","TCP","66","36792  >  8004 [ACK] Seq=141 Ack=3086 Win=70656 Len=0 TSval=3045561113 TSecr=2916041336"
"61044","37.261590238","192.168.1.2","192.168.1.55","TCP","66","36792  >  8004 [ACK] Seq=141 Ack=5982 Win=76800 Len=0 TSval=3045561113 TSecr=2916041336"
"61045","37.261610739","192.168.1.55","192.168.1.2","TCP","1514","8004  >  36792 [ACK] Seq=16118 Ack=141 Win=65024 Len=1448 TSval=2916041342 TSecr=3045561113 [TCP segment of a reassembled PDU]"
"61046","37.261613201","192.168.1.55","192.168.1.2","TCP","1514","8004  >  36792 [ACK] Seq=17566 Ack=141 Win=65024 Len=1448 TSval=2916041342 TSecr=3045561113 [TCP segment of a reassembled PDU]"
"61047","37.261614646","192.168.1.55","192.168.1.2","TCP","1514","8004  >  36792 [ACK] Seq=19014 Ack=141 Win=65024 Len=1448 TSval=2916041342 TSecr=3045561113 [TCP segment of a reassembled PDU]"
"61048","37.261616035","192.168.1.55","192.168.1.2","TCP","1514","8004  >  36792 [ACK] Seq=20462 Ack=141 Win=65024 Len=1448 TSval=2916041342 TSecr=3045561113 [TCP segment of a reassembled PDU]"
"61049","37.261617683","192.168.1.55","192.168.1.2","TCP","1514","8004  >  36792 [ACK] Seq=21910 Ack=141 Win=65024 Len=1448 TSval=2916041342 TSecr=3045561113 [TCP segment of a reassembled PDU]"
"61050","37.261619109","192.168.1.55","192.168.1.2","TCP","1514","8004  >  36792 [ACK] Seq=23358 Ack=141 Win=65024 Len=1448 TSval=2916041342 TSecr=3045561113 [TCP segment of a reassembled PDU]"
"61051","37.261620961","192.168.1.55","192.168.1.2","TCP","1514","8004  >  36792 [PSH, ACK] Seq=24806 Ack=141 Win=65024 Len=1448 TSval=2916041342 TSecr=3045561113 [TCP segment of a reassembled PDU]"
"61052","37.261625683","192.168.1.2","192.168.1.55","TCP","66","36792  >  8004 [ACK] Seq=141 Ack=7430 Win=79872 Len=0 TSval=3045561114 TSecr=2916041336"
"61053","37.261632479","192.168.1.2","192.168.1.55","TCP","66","36792  >  8004 [ACK] Seq=141 Ack=13222 Win=79872 Len=0 TSval=3045561114 TSecr=2916041336"
"61054","37.261653146","192.168.1.55","192.168.1.2","TCP","1514","8004  >  36792 [ACK] Seq=26254 Ack=141 Win=65024 Len=1448 TSval=2916041342 TSecr=3045561114 [TCP segment of a reassembled PDU]"
"61055","37.261655350","192.168.1.55","192.168.1.2","TCP","1514","8004  >  36792 [ACK] Seq=27702 Ack=141 Win=65024 Len=1448 TSval=2916041342 TSecr=3045561114 [TCP segment of a reassembled PDU]"
"61056","37.261656961","192.168.1.55","192.168.1.2","TCP","1514","8004  >  36792 [ACK] Seq=29150 Ack=141 Win=65024 Len=1448 TSval=2916041342 TSecr=3045561114 [TCP segment of a reassembled PDU]"
"61057","37.261658331","192.168.1.55","192.168.1.2","TCP","1514","8004  >  36792 [ACK] Seq=30598 Ack=141 Win=65024 Len=1448 TSval=2916041342 TSecr=3045561114 [TCP segment of a reassembled PDU]"
"61058","37.261659831","192.168.1.55","192.168.1.2","TCP","1514","8004  >  36792 [ACK] Seq=32046 Ack=141 Win=65024 Len=1448 TSval=2916041342 TSecr=3045561114 [TCP segment of a reassembled PDU]"
"61059","37.261661220","192.168.1.55","192.168.1.2","TCP","1514","8004  >  36792 [ACK] Seq=33494 Ack=141 Win=65024 Len=1448 TSval=2916041342 TSecr=3045561114 [TCP segment of a reassembled PDU]"
"61060","37.261662646","192.168.1.55","192.168.1.2","TCP","1514","8004  >  36792 [ACK] Seq=34942 Ack=141 Win=65024 Len=1448 TSval=2916041342 TSecr=3045561114 [TCP segment of a reassembled PDU]"
"61061","37.261663998","192.168.1.55","192.168.1.2","TCP","1514","8004  >  36792 [ACK] Seq=36390 Ack=141 Win=65024 Len=1448 TSval=2916041342 TSecr=3045561114 [TCP segment of a reassembled PDU]"
"61062","37.261665294","192.168.1.55","192.168.1.2","TCP","1514","8004  >  36792 [ACK] Seq=37838 Ack=141 Win=65024 Len=1448 TSval=2916041342 TSecr=3045561114 [TCP segment of a reassembled PDU]"
"61063","37.261666813","192.168.1.55","192.168.1.2","TCP","1514","8004  >  36792 [PSH, ACK] Seq=39286 Ack=141 Win=65024 Len=1448 TSval=2916041342 TSecr=3045561114 [TCP segment of a reassembled PDU]"
"61064","37.262422573","192.168.1.55","192.168.1.2","TCP","1514","8004  >  36792 [ACK] Seq=40734 Ack=141 Win=65024 Len=1448 TSval=2916041343 TSecr=3045561114 [TCP segment of a reassembled PDU]"
"61065","37.266719710","192.168.1.2","192.168.1.55","TCP","66","36792  >  8004 [ACK] Seq=141 Ack=16118 Win=84992 Len=0 TSval=3045561120 TSecr=2916041342"
"61066","37.266745025","192.168.1.55","192.168.1.2","TCP","1514","8004  >  36792 [ACK] Seq=42182 Ack=141 Win=65024 Len=1448 TSval=2916041347 TSecr=3045561120 [TCP segment of a reassembled PDU]"
"61067","37.266747988","192.168.1.55","192.168.1.2","TCP","1514","8004  >  36792 [PSH, ACK] Seq=43630 Ack=141 Win=65024 Len=1448 TSval=2916041347 TSecr=3045561120 [TCP segment of a reassembled PDU]"
"61068","37.266845210","192.168.1.2","192.168.1.55","TCP","66","36792  >  8004 [ACK] Seq=141 Ack=24806 Win=81920 Len=0 TSval=3045561120 TSecr=2916041342"
"61069","37.266870728","192.168.1.55","192.168.1.2","TCP","1514","8004  >  36792 [ACK] Seq=45078 Ack=141 Win=65024 Len=1448 TSval=2916041347 TSecr=3045561120 [TCP segment of a reassembled PDU]"
"61070","37.266872543","192.168.1.55","192.168.1.2","TCP","1514","8004  >  36792 [ACK] Seq=46526 Ack=141 Win=65024 Len=1448 TSval=2916041347 TSecr=3045561120 [TCP segment of a reassembled PDU]"
"61071","37.266874117","192.168.1.55","192.168.1.2","TCP","1514","8004  >  36792 [ACK] Seq=47974 Ack=141 Win=65024 Len=1448 TSval=2916041347 TSecr=3045561120 [TCP segment of a reassembled PDU]"
"61072","37.266876117","192.168.1.55","192.168.1.2","TCP","1514","8004  >  36792 [ACK] Seq=49422 Ack=141 Win=65024 Len=1448 TSval=2916041347 TSecr=3045561120 [TCP segment of a reassembled PDU]"
"61073","37.266877932","192.168.1.55","192.168.1.2","TCP","1514","8004  >  36792 [ACK] Seq=50870 Ack=141 Win=65024 Len=1448 TSval=2916041347 TSecr=3045561120 [TCP segment of a reassembled PDU]"
"61074","37.266879321","192.168.1.55","192.168.1.2","TCP","1514","8004  >  36792 [ACK] Seq=52318 Ack=141 Win=65024 Len=1448 TSval=2916041347 TSecr=3045561120 [TCP segment of a reassembled PDU]"
"61075","37.266886914","192.168.1.55","192.168.1.2","TCP","1514","8004  >  36792 [ACK] Seq=53766 Ack=141 Win=65024 Len=1448 TSval=2916041347 TSecr=3045561120 [TCP segment of a reassembled PDU]"
"61076","37.266889303","192.168.1.55","192.168.1.2","TCP","1514","8004  >  36792 [ACK] Seq=55214 Ack=141 Win=65024 Len=1448 TSval=2916041347 TSecr=3045561120 [TCP segment of a reassembled PDU]"
"61077","37.266891099","192.168.1.55","192.168.1.2","TCP","1514","8004  >  36792 [ACK] Seq=56662 Ack=141 Win=65024 Len=1448 TSval=2916041347 TSecr=3045561120 [TCP segment of a reassembled PDU]"
"61078","37.266892580","192.168.1.55","192.168.1.2","TCP","1514","8004  >  36792 [ACK] Seq=58110 Ack=141 Win=65024 Len=1448 TSval=2916041347 TSecr=3045561120 [TCP segment of a reassembled PDU]"
"61079","37.266893877","192.168.1.55","192.168.1.2","TCP","1514","8004  >  36792 [ACK] Seq=59558 Ack=141 Win=65024 Len=1448 TSval=2916041347 TSecr=3045561120 [TCP segment of a reassembled PDU]"
"61080","37.266895247","192.168.1.55","192.168.1.2","TCP","1514","8004  >  36792 [ACK] Seq=61006 Ack=141 Win=65024 Len=1448 TSval=2916041347 TSecr=3045561120 [TCP segment of a reassembled PDU]"
"61081","37.266896710","192.168.1.55","192.168.1.2","TCP","1514","8004  >  36792 [ACK] Seq=62454 Ack=141 Win=65024 Len=1448 TSval=2916041347 TSecr=3045561120 [TCP segment of a reassembled PDU]"
"61082","37.266898099","192.168.1.55","192.168.1.2","TCP","1514","8004  >  36792 [PSH, ACK] Seq=63902 Ack=141 Win=65024 Len=1448 TSval=2916041347 TSecr=3045561120 [TCP segment of a reassembled PDU]"
"61083","37.266904988","192.168.1.2","192.168.1.55","TCP","66","36792  >  8004 [ACK] Seq=141 Ack=26254 Win=88064 Len=0 TSval=3045561121 TSecr=2916041342"
"61084","37.266912877","192.168.1.2","192.168.1.55","TCP","66","36792  >  8004 [ACK] Seq=141 Ack=39286 Win=80896 Len=0 TSval=3045561121 TSecr=2916041342"
"61085","37.267025914","192.168.1.55","192.168.1.2","TCP","1514","8004  >  36792 [ACK] Seq=65350 Ack=141 Win=65024 Len=1448 TSval=2916041347 TSecr=3045561121 [TCP segment of a reassembled PDU]"
"61086","37.267028692","192.168.1.55","192.168.1.2","TCP","1514","8004  >  36792 [ACK] Seq=66798 Ack=141 Win=65024 Len=1448 TSval=2916041347 TSecr=3045561121 [TCP segment of a reassembled PDU]"
"61087","37.267030544","192.168.1.55","192.168.1.2","TCP","1514","8004  >  36792 [ACK] Seq=68246 Ack=141 Win=65024 Len=1448 TSval=2916041347 TSecr=3045561121 [TCP segment of a reassembled PDU]"
"61088","37.267032655","192.168.1.55","192.168.1.2","TCP","1514","8004  >  36792 [ACK] Seq=69694 Ack=141 Win=65024 Len=1448 TSval=2916041347 TSecr=3045561121 [TCP segment of a reassembled PDU]"
"61089","37.267034581","192.168.1.55","192.168.1.2","TCP","1514","8004  >  36792 [ACK] Seq=71142 Ack=141 Win=65024 Len=1448 TSval=2916041347 TSecr=3045561121 [TCP segment of a reassembled PDU]"
"61090","37.267035858","192.168.1.55","192.168.1.2","TCP","1514","8004  >  36792 [ACK] Seq=72590 Ack=141 Win=65024 Len=1448 TSval=2916041347 TSecr=3045561121 [TCP segment of a reassembled PDU]"
"61091","37.267037210","192.168.1.55","192.168.1.2","TCP","1514","8004  >  36792 [ACK] Seq=74038 Ack=141 Win=65024 Len=1448 TSval=2916041347 TSecr=3045561121 [TCP segment of a reassembled PDU]"
"61092","37.267038562","192.168.1.55","192.168.1.2","TCP","1514","8004  >  36792 [PSH, ACK] Seq=75486 Ack=141 Win=65024 Len=1448 TSval=2916041347 TSecr=3045561121 [TCP segment of a reassembled PDU]"
"61093","37.267812693","192.168.1.2","192.168.1.55","TCP","66","36792  >  8004 [ACK] Seq=141 Ack=40734 Win=91136 Len=0 TSval=3045561121 TSecr=2916041342"
"61094","37.267855452","192.168.1.2","192.168.1.55","TCP","66","36792  >  8004 [ACK] Seq=141 Ack=42182 Win=90112 Len=0 TSval=3045561122 TSecr=2916041343"
"61095","37.268854269","192.168.1.55","192.168.1.2","TCP","1514","8004  >  36792 [ACK] Seq=76934 Ack=141 Win=65024 Len=1448 TSval=2916041349 TSecr=3045561122 [TCP segment of a reassembled PDU]"
"61096","37.268863139","192.168.1.55","192.168.1.2","TCP","1514","8004  >  36792 [ACK] Seq=78382 Ack=141 Win=65024 Len=1448 TSval=2916041349 TSecr=3045561122 [TCP segment of a reassembled PDU]"
"61097","37.268864343","192.168.1.55","192.168.1.2","TCP","1514","8004  >  36792 [ACK] Seq=79830 Ack=141 Win=65024 Len=1448 TSval=2916041349 TSecr=3045561122 [TCP segment of a reassembled PDU]"
"61098","37.268865639","192.168.1.55","192.168.1.2","TCP","1514","8004  >  36792 [ACK] Seq=81278 Ack=141 Win=65024 Len=1448 TSval=2916041349 TSecr=3045561122 [TCP segment of a reassembled PDU]"
"61099","37.268868472","192.168.1.55","192.168.1.2","TCP","1514","8004  >  36792 [ACK] Seq=82726 Ack=141 Win=65024 Len=1448 TSval=2916041349 TSecr=3045561122 [TCP segment of a reassembled PDU]"
"61100","37.268870639","192.168.1.55","192.168.1.2","TCP","1514","8004  >  36792 [ACK] Seq=84174 Ack=141 Win=65024 Len=1448 TSval=2916041349 TSecr=3045561122 [TCP segment of a reassembled PDU]"
"61101","37.268871898","192.168.1.55","192.168.1.2","TCP","1514","8004  >  36792 [ACK] Seq=85622 Ack=141 Win=65024 Len=1448 TSval=2916041349 TSecr=3045561122 [TCP segment of a reassembled PDU]"
"61102","37.268873732","192.168.1.55","192.168.1.2","TCP","1514","8004  >  36792 [ACK] Seq=87070 Ack=141 Win=65024 Len=1448 TSval=2916041349 TSecr=3045561122 [TCP segment of a reassembled PDU]"
"61103","37.268876139","192.168.1.55","192.168.1.2","TCP","1514","8004  >  36792 [ACK] Seq=88518 Ack=141 Win=65024 Len=1448 TSval=2916041349 TSecr=3045561122 [TCP segment of a reassembled PDU]"
"61104","37.268877880","192.168.1.55","192.168.1.2","TCP","1514","8004  >  36792 [ACK] Seq=89966 Ack=141 Win=65024 Len=1448 TSval=2916041349 TSecr=3045561122 [TCP segment of a reassembled PDU]"
"61105","37.268879417","192.168.1.55","192.168.1.2","TCP","1514","8004  >  36792 [ACK] Seq=91414 Ack=141 Win=65024 Len=1448 TSval=2916041349 TSecr=3045561122 [TCP segment of a reassembled PDU]"
"61106","37.268880584","192.168.1.55","192.168.1.2","TCP","1514","8004  >  36792 [ACK] Seq=92862 Ack=141 Win=65024 Len=1448 TSval=2916041349 TSecr=3045561122 [TCP segment of a reassembled PDU]"
"61107","37.268881954","192.168.1.55","192.168.1.2","TCP","1514","8004  >  36792 [ACK] Seq=94310 Ack=141 Win=65024 Len=1448 TSval=2916041349 TSecr=3045561122 [TCP segment of a reassembled PDU]"
"61108","37.268883435","192.168.1.55","192.168.1.2","TCP","1514","8004  >  36792 [PSH, ACK] Seq=95758 Ack=141 Win=65024 Len=1448 TSval=2916041349 TSecr=3045561122 [TCP segment of a reassembled PDU]"
"61109","37.268899065","192.168.1.55","192.168.1.2","TCP","1514","8004  >  36792 [ACK] Seq=97206 Ack=141 Win=65024 Len=1448 TSval=2916041349 TSecr=3045561122 [TCP segment of a reassembled PDU]"
"61110","37.268900972","192.168.1.55","192.168.1.2","TCP","1514","8004  >  36792 [PSH, ACK] Seq=98654 Ack=141 Win=65024 Len=1448 TSval=2916041349 TSecr=3045561122 [TCP segment of a reassembled PDU]"
"61111","37.274254426","192.168.1.2","192.168.1.55","TCP","66","36792  >  8004 [ACK] Seq=141 Ack=45078 Win=88064 Len=0 TSval=3045561128 TSecr=2916041347"
"61112","37.274279629","192.168.1.55","192.168.1.2","TCP","1514","8004  >  36792 [ACK] Seq=100102 Ack=141 Win=65024 Len=1448 TSval=2916041354 TSecr=3045561128 [TCP segment of a reassembled PDU]"
"61113","37.274282370","192.168.1.55","192.168.1.2","TCP","1514","8004  >  36792 [ACK] Seq=101550 Ack=141 Win=65024 Len=1448 TSval=2916041354 TSecr=3045561128 [TCP segment of a reassembled PDU]"
"61114","37.274283518","192.168.1.55","192.168.1.2","TCP","1514","8004  >  36792 [ACK] Seq=102998 Ack=141 Win=65024 Len=1448 TSval=2916041354 TSecr=3045561128 [TCP segment of a reassembled PDU]"
"61115","37.274284740","192.168.1.55","192.168.1.2","TCP","1514","8004  >  36792 [PSH, ACK] Seq=104446 Ack=141 Win=65024 Len=1448 TSval=2916041354 TSecr=3045561128 [TCP segment of a reassembled PDU]"
"61116","37.274563685","192.168.1.2","192.168.1.55","TCP","66","36792  >  8004 [ACK] Seq=141 Ack=65350 Win=73728 Len=0 TSval=3045561128 TSecr=2916041347"
"61117","37.274579259","192.168.1.55","192.168.1.2","TCP","1514","8004  >  36792 [ACK] Seq=105894 Ack=141 Win=65024 Len=1448 TSval=2916041355 TSecr=3045561128 [TCP segment of a reassembled PDU]"
"61118","37.274581408","192.168.1.55","192.168.1.2","TCP","1514","8004  >  36792 [ACK] Seq=107342 Ack=141 Win=65024 Len=1448 TSval=2916041355 TSecr=3045561128 [TCP segment of a reassembled PDU]"
"61119","37.274582593","192.168.1.55","192.168.1.2","TCP","1514","8004  >  36792 [ACK] Seq=108790 Ack=141 Win=65024 Len=1448 TSval=2916041355 TSecr=3045561128 [TCP segment of a reassembled PDU]"
"61120","37.274583685","192.168.1.55","192.168.1.2","TCP","1514","8004  >  36792 [ACK] Seq=110238 Ack=141 Win=65024 Len=1448 TSval=2916041355 TSecr=3045561128 [TCP segment of a reassembled PDU]"
"61121","37.274584908","192.168.1.55","192.168.1.2","TCP","1514","8004  >  36792 [ACK] Seq=111686 Ack=141 Win=65024 Len=1448 TSval=2916041355 TSecr=3045561128 [TCP segment of a reassembled PDU]"
"61122","37.274586093","192.168.1.55","192.168.1.2","TCP","1514","8004  >  36792 [ACK] Seq=113134 Ack=141 Win=65024 Len=1448 TSval=2916041355 TSecr=3045561128 [TCP segment of a reassembled PDU]"
"61123","37.274587278","192.168.1.55","192.168.1.2","TCP","1514","8004  >  36792 [PSH, ACK] Seq=114582 Ack=141 Win=65024 Len=1448 TSval=2916041355 TSecr=3045561128 [TCP segment of a reassembled PDU]"
"61124","37.274593722","192.168.1.2","192.168.1.55","TCP","66","36792  >  8004 [ACK] Seq=141 Ack=66798 Win=72704 Len=0 TSval=3045561128 TSecr=2916041347"
"61125","37.274600111","192.168.1.2","192.168.1.55","TCP","66","36792  >  8004 [ACK] Seq=141 Ack=76934 Win=83968 Len=0 TSval=3045561128 TSecr=2916041347"
"61126","37.274633611","192.168.1.55","192.168.1.2","TCP","1514","8004  >  36792 [ACK] Seq=116030 Ack=141 Win=65024 Len=1448 TSval=2916041355 TSecr=3045561128 [TCP segment of a reassembled PDU]"
"61127","37.274635408","192.168.1.55","192.168.1.2","TCP","1514","8004  >  36792 [ACK] Seq=117478 Ack=141 Win=65024 Len=1448 TSval=2916041355 TSecr=3045561128 [TCP segment of a reassembled PDU]"
"61128","37.274636593","192.168.1.55","192.168.1.2","TCP","1514","8004  >  36792 [ACK] Seq=118926 Ack=141 Win=65024 Len=1448 TSval=2916041355 TSecr=3045561128 [TCP segment of a reassembled PDU]"
"61129","37.274637797","192.168.1.55","192.168.1.2","TCP","1514","8004  >  36792 [ACK] Seq=120374 Ack=141 Win=65024 Len=1448 TSval=2916041355 TSecr=3045561128 [TCP segment of a reassembled PDU]"
"61130","37.274639000","192.168.1.55","192.168.1.2","TCP","1514","8004  >  36792 [ACK] Seq=121822 Ack=141 Win=65024 Len=1448 TSval=2916041355 TSecr=3045561128 [TCP segment of a reassembled PDU]"
"61131","37.274640185","192.168.1.55","192.168.1.2","TCP","1514","8004  >  36792 [ACK] Seq=123270 Ack=141 Win=65024 Len=1448 TSval=2916041355 TSecr=3045561128 [TCP segment of a reassembled PDU]"
"61132","37.274641297","192.168.1.55","192.168.1.2","TCP","1514","8004  >  36792 [ACK] Seq=124718 Ack=141 Win=65024 Len=1448 TSval=2916041355 TSecr=3045561128 [TCP segment of a reassembled PDU]"
"61133","37.274642593","192.168.1.55","192.168.1.2","TCP","1514","8004  >  36792 [ACK] Seq=126166 Ack=141 Win=65024 Len=1448 TSval=2916041355 TSecr=3045561128 [TCP segment of a reassembled PDU]"
"61134","37.274643723","192.168.1.55","192.168.1.2","TCP","1514","8004  >  36792 [ACK] Seq=127614 Ack=141 Win=65024 Len=1448 TSval=2916041355 TSecr=3045561128 [TCP segment of a reassembled PDU]"
"61135","37.274644926","192.168.1.55","192.168.1.2","TCP","1514","8004  >  36792 [ACK] Seq=129062 Ack=141 Win=65024 Len=1448 TSval=2916041355 TSecr=3045561128 [TCP segment of a reassembled PDU]"
"61136","37.274646000","192.168.1.55","192.168.1.2","TCP","1514","8004  >  36792 [ACK] Seq=130510 Ack=141 Win=65024 Len=1448 TSval=2916041355 TSecr=3045561128 [TCP segment of a reassembled PDU]"
"61137","37.274647148","192.168.1.55","192.168.1.2","TCP","1514","8004  >  36792 [ACK] Seq=131958 Ack=141 Win=65024 Len=1448 TSval=2916041355 TSecr=3045561128 [TCP segment of a reassembled PDU]"
"61138","37.274648723","192.168.1.55","192.168.1.2","TCP","1514","8004  >  36792 [ACK] Seq=133406 Ack=141 Win=65024 Len=1448 TSval=2916041355 TSecr=3045561128 [TCP segment of a reassembled PDU]"
"61139","37.274649834","192.168.1.55","192.168.1.2","TCP","1514","8004  >  36792 [ACK] Seq=134854 Ack=141 Win=65024 Len=1448 TSval=2916041355 TSecr=3045561128 [TCP segment of a reassembled PDU]"
"61140","37.274650945","192.168.1.55","192.168.1.2","TCP","1514","8004  >  36792 [ACK] Seq=136302 Ack=141 Win=65024 Len=1448 TSval=2916041355 TSecr=3045561128 [TCP segment of a reassembled PDU]"
"61141","37.274652204","192.168.1.55","192.168.1.2","TCP","1514","8004  >  36792 [ACK] Seq=137750 Ack=141 Win=65024 Len=1448 TSval=2916041355 TSecr=3045561128 [TCP segment of a reassembled PDU]"
"61142","37.274653463","192.168.1.55","192.168.1.2","TCP","1514","8004  >  36792 [ACK] Seq=139198 Ack=141 Win=65024 Len=1448 TSval=2916041355 TSecr=3045561128 [TCP segment of a reassembled PDU]"
"61143","37.274654797","192.168.1.55","192.168.1.2","TCP","1514","8004  >  36792 [ACK] Seq=140646 Ack=141 Win=65024 Len=1448 TSval=2916041355 TSecr=3045561128 [TCP segment of a reassembled PDU]"
"61144","37.274655889","192.168.1.55","192.168.1.2","TCP","1514","8004  >  36792 [ACK] Seq=142094 Ack=141 Win=65024 Len=1448 TSval=2916041355 TSecr=3045561128 [TCP segment of a reassembled PDU]"
"61145","37.274657056","192.168.1.55","192.168.1.2","TCP","1514","8004  >  36792 [ACK] Seq=143542 Ack=141 Win=65024 Len=1448 TSval=2916041355 TSecr=3045561128 [TCP segment of a reassembled PDU]"
"61146","37.274658389","192.168.1.55","192.168.1.2","TCP","1514","8004  >  36792 [ACK] Seq=144990 Ack=141 Win=65024 Len=1448 TSval=2916041355 TSecr=3045561128 [TCP segment of a reassembled PDU]"
"61147","37.274659463","192.168.1.55","192.168.1.2","TCP","1514","8004  >  36792 [ACK] Seq=146438 Ack=141 Win=65024 Len=1448 TSval=2916041355 TSecr=3045561128 [TCP segment of a reassembled PDU]"
"61148","37.274660723","192.168.1.55","192.168.1.2","TCP","1514","8004  >  36792 [ACK] Seq=147886 Ack=141 Win=65024 Len=1448 TSval=2916041355 TSecr=3045561128 [TCP segment of a reassembled PDU]"
"61149","37.274661926","192.168.1.55","192.168.1.2","TCP","1514","8004  >  36792 [ACK] Seq=149334 Ack=141 Win=65024 Len=1448 TSval=2916041355 TSecr=3045561128 [TCP segment of a reassembled PDU]"
"61150","37.274663093","192.168.1.55","192.168.1.2","TCP","1514","8004  >  36792 [ACK] Seq=150782 Ack=141 Win=65024 Len=1448 TSval=2916041355 TSecr=3045561128 [TCP segment of a reassembled PDU]"
"61151","37.274664389","192.168.1.55","192.168.1.2","TCP","1514","8004  >  36792 [ACK] Seq=152230 Ack=141 Win=65024 Len=1448 TSval=2916041355 TSecr=3045561128 [TCP segment of a reassembled PDU]"
"61152","37.274665908","192.168.1.55","192.168.1.2","TCP","1514","8004  >  36792 [PSH, ACK] Seq=153678 Ack=141 Win=65024 Len=1448 TSval=2916041355 TSecr=3045561128 [TCP segment of a reassembled PDU]"
"61153","37.274671408","192.168.1.2","192.168.1.55","TCP","66","36792  >  8004 [ACK] Seq=141 Ack=78382 Win=82944 Len=0 TSval=3045561128 TSecr=2916041349"
"61154","37.274742315","192.168.1.2","192.168.1.55","TCP","66","36792  >  8004 [ACK] Seq=141 Ack=97206 Win=75776 Len=0 TSval=3045561128 TSecr=2916041349"
"61155","37.274751297","192.168.1.2","192.168.1.55","TCP","66","36792  >  8004 [ACK] Seq=141 Ack=100102 Win=73728 Len=0 TSval=3045561128 TSecr=2916041349"
"61156","37.274784297","192.168.1.55","192.168.1.2","TCP","1514","8004  >  36792 [ACK] Seq=155126 Ack=141 Win=65024 Len=1448 TSval=2916041355 TSecr=3045561128 [TCP segment of a reassembled PDU]"
"61157","37.274788204","192.168.1.55","192.168.1.2","TCP","1514","8004  >  36792 [ACK] Seq=156574 Ack=141 Win=65024 Len=1448 TSval=2916041355 TSecr=3045561128 [TCP segment of a reassembled PDU]"
"61158","37.274790019","192.168.1.55","192.168.1.2","TCP","1514","8004  >  36792 [ACK] Seq=158022 Ack=141 Win=65024 Len=1448 TSval=2916041355 TSecr=3045561128 [TCP segment of a reassembled PDU]"
"61159","37.274791315","192.168.1.55","192.168.1.2","TCP","1514","8004  >  36792 [ACK] Seq=159470 Ack=141 Win=65024 Len=1448 TSval=2916041355 TSecr=3045561128 [TCP segment of a reassembled PDU]"
"61160","37.274792704","192.168.1.55","192.168.1.2","TCP","1514","8004  >  36792 [ACK] Seq=160918 Ack=141 Win=65024 Len=1448 TSval=2916041355 TSecr=3045561128 [TCP segment of a reassembled PDU]"
"61161","37.274794167","192.168.1.55","192.168.1.2","TCP","1514","8004  >  36792 [ACK] Seq=162366 Ack=141 Win=65024 Len=1448 TSval=2916041355 TSecr=3045561128 [TCP segment of a reassembled PDU]"
"61162","37.274795630","192.168.1.55","192.168.1.2","TCP","1514","8004  >  36792 [ACK] Seq=163814 Ack=141 Win=65024 Len=1448 TSval=2916041355 TSecr=3045561128 [TCP segment of a reassembled PDU]"
"61163","37.274797223","192.168.1.55","192.168.1.2","TCP","1514","8004  >  36792 [ACK] Seq=165262 Ack=141 Win=65024 Len=1448 TSval=2916041355 TSecr=3045561128 [TCP segment of a reassembled PDU]"
"61164","37.274798463","192.168.1.55","192.168.1.2","TCP","1514","8004  >  36792 [ACK] Seq=166710 Ack=141 Win=65024 Len=1448 TSval=2916041355 TSecr=3045561128 [TCP segment of a reassembled PDU]"
"61165","37.274799649","192.168.1.55","192.168.1.2","TCP","1514","8004  >  36792 [ACK] Seq=168158 Ack=141 Win=65024 Len=1448 TSval=2916041355 TSecr=3045561128 [TCP segment of a reassembled PDU]"
"61166","37.274800926","192.168.1.55","192.168.1.2","TCP","1514","8004  >  36792 [ACK] Seq=169606 Ack=141 Win=65024 Len=1448 TSval=2916041355 TSecr=3045561128 [TCP segment of a reassembled PDU]"
"61167","37.274802038","192.168.1.55","192.168.1.2","TCP","1514","8004  >  36792 [ACK] Seq=171054 Ack=141 Win=65024 Len=1448 TSval=2916041355 TSecr=3045561128 [TCP segment of a reassembled PDU]"
"61168","37.274803501","192.168.1.55","192.168.1.2","TCP","1394","[TCP Window Full] 8004  >  36792 [PSH, ACK] Seq=172502 Ack=141 Win=65024 Len=1328 TSval=2916041355 TSecr=3045561128 [TCP segment of a reassembled PDU]"
"61169","37.280460954","192.168.1.2","192.168.1.55","TCP","66","36792  >  8004 [ACK] Seq=141 Ack=105894 Win=83968 Len=0 TSval=3045561132 TSecr=2916041354"
"61170","37.280487362","192.168.1.55","192.168.1.2","TCP","1514","8004  >  36792 [ACK] Seq=173830 Ack=141 Win=65024 Len=1448 TSval=2916041361 TSecr=3045561132 [TCP segment of a reassembled PDU]"
"61171","37.280490399","192.168.1.55","192.168.1.2","TCP","1514","8004  >  36792 [ACK] Seq=175278 Ack=141 Win=65024 Len=1448 TSval=2916041361 TSecr=3045561132 [TCP segment of a reassembled PDU]"
"61172","37.280491454","192.168.1.55","192.168.1.2","TCP","1514","8004  >  36792 [ACK] Seq=176726 Ack=141 Win=65024 Len=1448 TSval=2916041361 TSecr=3045561132 [TCP segment of a reassembled PDU]"
"61173","37.280492417","192.168.1.55","192.168.1.2","TCP","1514","8004  >  36792 [ACK] Seq=178174 Ack=141 Win=65024 Len=1448 TSval=2916041361 TSecr=3045561132 [TCP segment of a reassembled PDU]"
"61174","37.280493417","192.168.1.55","192.168.1.2","TCP","1514","8004  >  36792 [ACK] Seq=179622 Ack=141 Win=65024 Len=1448 TSval=2916041361 TSecr=3045561132 [TCP segment of a reassembled PDU]"
"61175","37.280494436","192.168.1.55","192.168.1.2","TCP","1514","8004  >  36792 [ACK] Seq=181070 Ack=141 Win=65024 Len=1448 TSval=2916041361 TSecr=3045561132 [TCP segment of a reassembled PDU]"
"61176","37.280495380","192.168.1.55","192.168.1.2","TCP","1514","8004  >  36792 [ACK] Seq=182518 Ack=141 Win=65024 Len=1448 TSval=2916041361 TSecr=3045561132 [TCP segment of a reassembled PDU]"
"61177","37.280496658","192.168.1.55","192.168.1.2","TCP","1514","8004  >  36792 [ACK] Seq=183966 Ack=141 Win=65024 Len=1448 TSval=2916041361 TSecr=3045561132 [TCP segment of a reassembled PDU]"
"61178","37.280497621","192.168.1.55","192.168.1.2","TCP","1514","8004  >  36792 [ACK] Seq=185414 Ack=141 Win=65024 Len=1448 TSval=2916041361 TSecr=3045561132 [TCP segment of a reassembled PDU]"
"61179","37.280498547","192.168.1.55","192.168.1.2","TCP","1514","8004  >  36792 [ACK] Seq=186862 Ack=141 Win=65024 Len=1448 TSval=2916041361 TSecr=3045561132 [TCP segment of a reassembled PDU]"
"61180","37.280499436","192.168.1.55","192.168.1.2","TCP","1514","8004  >  36792 [PSH, ACK] Seq=188310 Ack=141 Win=65024 Len=1448 TSval=2916041361 TSecr=3045561132 [TCP segment of a reassembled PDU]"
"61181","37.282431031","192.168.1.2","192.168.1.55","TCP","66","36792  >  8004 [ACK] Seq=141 Ack=121822 Win=76800 Len=0 TSval=3045561135 TSecr=2916041355"
"61182","37.282446235","192.168.1.55","192.168.1.2","TCP","1514","8004  >  36792 [ACK] Seq=189758 Ack=141 Win=65024 Len=1448 TSval=2916041363 TSecr=3045561135 [TCP segment of a reassembled PDU]"
"61183","37.282448105","192.168.1.55","192.168.1.2","TCP","1514","8004  >  36792 [ACK] Seq=191206 Ack=141 Win=65024 Len=1448 TSval=2916041363 TSecr=3045561135 [TCP segment of a reassembled PDU]"
"61184","37.282449068","192.168.1.55","192.168.1.2","TCP","1514","8004  >  36792 [ACK] Seq=192654 Ack=141 Win=65024 Len=1448 TSval=2916041363 TSecr=3045561135 [TCP segment of a reassembled PDU]"
"61185","37.282450013","192.168.1.55","192.168.1.2","TCP","1514","8004  >  36792 [ACK] Seq=194102 Ack=141 Win=65024 Len=1448 TSval=2916041363 TSecr=3045561135 [TCP segment of a reassembled PDU]"
"61186","37.282451254","192.168.1.55","192.168.1.2","TCP","1514","8004  >  36792 [ACK] Seq=195550 Ack=141 Win=65024 Len=1448 TSval=2916041363 TSecr=3045561135 [TCP segment of a reassembled PDU]"
"61187","37.282452161","192.168.1.55","192.168.1.2","TCP","1514","8004  >  36792 [PSH, ACK] Seq=196998 Ack=141 Win=65024 Len=1448 TSval=2916041363 TSecr=3045561135 [TCP segment of a reassembled PDU]"
"61188","37.282457457","192.168.1.55","192.168.1.2","TCP","186","8004  >  36792 [ACK] Seq=198446 Ack=141 Win=65024 Len=120 TSval=2916041363 TSecr=3045561135 [TCP segment of a reassembled PDU]"
"61189","37.282775680","192.168.1.2","192.168.1.55","TCP","66","36792  >  8004 [ACK] Seq=141 Ack=127614 Win=88064 Len=0 TSval=3045561136 TSecr=2916041355"
"61190","37.282781347","192.168.1.2","192.168.1.55","TCP","66","36792  >  8004 [ACK] Seq=141 Ack=155126 Win=61440 Len=0 TSval=3045561136 TSecr=2916041355"
"61191","37.282786273","192.168.1.2","192.168.1.55","TCP","66","36792  >  8004 [ACK] Seq=141 Ack=173830 Win=50176 Len=0 TSval=3045561136 TSecr=2916041355"
"61192","37.282802810","192.168.1.55","192.168.1.2","TCP","1514","8004  >  36792 [ACK] Seq=198566 Ack=141 Win=65024 Len=1448 TSval=2916041363 TSecr=3045561136 [TCP segment of a reassembled PDU]"
"61193","37.282804643","192.168.1.55","192.168.1.2","TCP","1514","8004  >  36792 [ACK] Seq=200014 Ack=141 Win=65024 Len=1448 TSval=2916041363 TSecr=3045561136 [TCP segment of a reassembled PDU]"
"61194","37.282805773","192.168.1.55","192.168.1.2","TCP","1514","8004  >  36792 [ACK] Seq=201462 Ack=141 Win=65024 Len=1448 TSval=2916041363 TSecr=3045561136 [TCP segment of a reassembled PDU]"
"61195","37.282806828","192.168.1.55","192.168.1.2","TCP","1514","8004  >  36792 [ACK] Seq=202910 Ack=141 Win=65024 Len=1448 TSval=2916041363 TSecr=3045561136 [TCP segment of a reassembled PDU]"
"61196","37.282807791","192.168.1.55","192.168.1.2","TCP","1514","8004  >  36792 [ACK] Seq=204358 Ack=141 Win=65024 Len=1448 TSval=2916041363 TSecr=3045561136 [TCP segment of a reassembled PDU]"
"61197","37.282808847","192.168.1.55","192.168.1.2","TCP","1514","8004  >  36792 [ACK] Seq=205806 Ack=141 Win=65024 Len=1448 TSval=2916041363 TSecr=3045561136 [TCP segment of a reassembled PDU]"
"61198","37.282810013","192.168.1.55","192.168.1.2","TCP","1514","8004  >  36792 [ACK] Seq=207254 Ack=141 Win=65024 Len=1448 TSval=2916041363 TSecr=3045561136 [TCP segment of a reassembled PDU]"
"61199","37.282811699","192.168.1.55","192.168.1.2","TCP","1514","8004  >  36792 [ACK] Seq=208702 Ack=141 Win=65024 Len=1448 TSval=2916041363 TSecr=3045561136 [TCP segment of a reassembled PDU]"
"61200","37.282812791","192.168.1.55","192.168.1.2","TCP","1514","8004  >  36792 [ACK] Seq=210150 Ack=141 Win=65024 Len=1448 TSval=2916041363 TSecr=3045561136 [TCP segment of a reassembled PDU]"
"61201","37.282813736","192.168.1.55","192.168.1.2","TCP","1514","8004  >  36792 [ACK] Seq=211598 Ack=141 Win=65024 Len=1448 TSval=2916041363 TSecr=3045561136 [TCP segment of a reassembled PDU]"
"61202","37.282814773","192.168.1.55","192.168.1.2","TCP","1514","8004  >  36792 [ACK] Seq=213046 Ack=141 Win=65024 Len=1448 TSval=2916041363 TSecr=3045561136 [TCP segment of a reassembled PDU]"
"61203","37.282815699","192.168.1.55","192.168.1.2","TCP","1514","8004  >  36792 [ACK] Seq=214494 Ack=141 Win=65024 Len=1448 TSval=2916041363 TSecr=3045561136 [TCP segment of a reassembled PDU]"
"61204","37.282816736","192.168.1.55","192.168.1.2","TCP","1514","8004  >  36792 [ACK] Seq=215942 Ack=141 Win=65024 Len=1448 TSval=2916041363 TSecr=3045561136 [TCP segment of a reassembled PDU]"
"61205","37.282817773","192.168.1.55","192.168.1.2","TCP","1514","8004  >  36792 [ACK] Seq=217390 Ack=141 Win=65024 Len=1448 TSval=2916041363 TSecr=3045561136 [TCP segment of a reassembled PDU]"
"61206","37.282818699","192.168.1.55","192.168.1.2","TCP","1514","8004  >  36792 [ACK] Seq=218838 Ack=141 Win=65024 Len=1448 TSval=2916041363 TSecr=3045561136 [TCP segment of a reassembled PDU]"
"61207","37.282819680","192.168.1.55","192.168.1.2","TCP","1514","8004  >  36792 [ACK] Seq=220286 Ack=141 Win=65024 Len=1448 TSval=2916041363 TSecr=3045561136 [TCP segment of a reassembled PDU]"
"61208","37.282820921","192.168.1.55","192.168.1.2","TCP","1514","8004  >  36792 [PSH, ACK] Seq=221734 Ack=141 Win=65024 Len=1448 TSval=2916041363 TSecr=3045561136 [TCP segment of a reassembled PDU]"
"61209","37.285459944","192.168.1.2","192.168.1.55","TCP","66","36792  >  8004 [ACK] Seq=141 Ack=185414 Win=78848 Len=0 TSval=3045561138 TSecr=2916041361"
"61210","37.285502647","192.168.1.55","192.168.1.2","TCP","1514","8004  >  36792 [ACK] Seq=223182 Ack=141 Win=65024 Len=1448 TSval=2916041366 TSecr=3045561138 [TCP segment of a reassembled PDU]"
"61211","37.285506610","192.168.1.55","192.168.1.2","TCP","1514","8004  >  36792 [ACK] Seq=224630 Ack=141 Win=65024 Len=1448 TSval=2916041366 TSecr=3045561138 [TCP segment of a reassembled PDU]"
"61212","37.285508110","192.168.1.55","192.168.1.2","TCP","1514","8004  >  36792 [ACK] Seq=226078 Ack=141 Win=65024 Len=1448 TSval=2916041366 TSecr=3045561138 [TCP segment of a reassembled PDU]"
"61213","37.285509110","192.168.1.55","192.168.1.2","TCP","1514","8004  >  36792 [ACK] Seq=227526 Ack=141 Win=65024 Len=1448 TSval=2916041366 TSecr=3045561138 [TCP segment of a reassembled PDU]"
"61214","37.285510407","192.168.1.55","192.168.1.2","TCP","1514","8004  >  36792 [ACK] Seq=228974 Ack=141 Win=65024 Len=1448 TSval=2916041366 TSecr=3045561138 [TCP segment of a reassembled PDU]"
"61215","37.285511592","192.168.1.55","192.168.1.2","TCP","1514","8004  >  36792 [ACK] Seq=230422 Ack=141 Win=65024 Len=1448 TSval=2916041366 TSecr=3045561138 [TCP segment of a reassembled PDU]"
"61216","37.285512870","192.168.1.55","192.168.1.2","TCP","1514","8004  >  36792 [ACK] Seq=231870 Ack=141 Win=65024 Len=1448 TSval=2916041366 TSecr=3045561138 [TCP segment of a reassembled PDU]"
"61217","37.285514018","192.168.1.55","192.168.1.2","TCP","1514","8004  >  36792 [ACK] Seq=233318 Ack=141 Win=65024 Len=1448 TSval=2916041366 TSecr=3045561138 [TCP segment of a reassembled PDU]"
"61218","37.285515481","192.168.1.55","192.168.1.2","TCP","1514","8004  >  36792 [ACK] Seq=234766 Ack=141 Win=65024 Len=1448 TSval=2916041366 TSecr=3045561138 [TCP segment of a reassembled PDU]"
"61219","37.285516685","192.168.1.55","192.168.1.2","TCP","1514","8004  >  36792 [ACK] Seq=236214 Ack=141 Win=65024 Len=1448 TSval=2916041366 TSecr=3045561138 [TCP segment of a reassembled PDU]"
"61220","37.285517666","192.168.1.55","192.168.1.2","TCP","1514","8004  >  36792 [ACK] Seq=237662 Ack=141 Win=65024 Len=1448 TSval=2916041366 TSecr=3045561138 [TCP segment of a reassembled PDU]"
"61221","37.285518666","192.168.1.55","192.168.1.2","TCP","1514","8004  >  36792 [ACK] Seq=239110 Ack=141 Win=65024 Len=1448 TSval=2916041366 TSecr=3045561138 [TCP segment of a reassembled PDU]"
"61222","37.285519592","192.168.1.55","192.168.1.2","TCP","1514","8004  >  36792 [PSH, ACK] Seq=240558 Ack=141 Win=65024 Len=1448 TSval=2916041366 TSecr=3045561138 [TCP segment of a reassembled PDU]"
"61223","37.288318837","192.168.1.2","192.168.1.55","TCP","66","36792  >  8004 [ACK] Seq=141 Ack=189758 Win=91136 Len=0 TSval=3045561139 TSecr=2916041361"
"61224","37.288370597","192.168.1.55","192.168.1.2","TCP","1514","8004  >  36792 [ACK] Seq=242006 Ack=141 Win=65024 Len=1448 TSval=2916041369 TSecr=3045561139 [TCP segment of a reassembled PDU]"
"61225","37.288373837","192.168.1.55","192.168.1.2","TCP","1514","8004  >  36792 [ACK] Seq=243454 Ack=141 Win=65024 Len=1448 TSval=2916041369 TSecr=3045561139 [TCP segment of a reassembled PDU]"
"61226","37.288374874","192.168.1.55","192.168.1.2","TCP","1514","8004  >  36792 [ACK] Seq=244902 Ack=141 Win=65024 Len=1448 TSval=2916041369 TSecr=3045561139 [TCP segment of a reassembled PDU]"
"61227","37.288375856","192.168.1.55","192.168.1.2","TCP","1514","8004  >  36792 [ACK] Seq=246350 Ack=141 Win=65024 Len=1448 TSval=2916041369 TSecr=3045561139 [TCP segment of a reassembled PDU]"
"61228","37.288377059","192.168.1.55","192.168.1.2","TCP","1514","8004  >  36792 [ACK] Seq=247798 Ack=141 Win=65024 Len=1448 TSval=2916041369 TSecr=3045561139 [TCP segment of a reassembled PDU]"
"61229","37.288378430","192.168.1.55","192.168.1.2","TCP","1514","8004  >  36792 [ACK] Seq=249246 Ack=141 Win=65024 Len=1448 TSval=2916041369 TSecr=3045561139 [TCP segment of a reassembled PDU]"
"61230","37.288379597","192.168.1.55","192.168.1.2","TCP","1514","8004  >  36792 [ACK] Seq=250694 Ack=141 Win=65024 Len=1448 TSval=2916041369 TSecr=3045561139 [TCP segment of a reassembled PDU]"
"61231","37.288380856","192.168.1.55","192.168.1.2","TCP","1514","8004  >  36792 [ACK] Seq=252142 Ack=141 Win=65024 Len=1448 TSval=2916041369 TSecr=3045561139 [TCP segment of a reassembled PDU]"
"61232","37.288382300","192.168.1.55","192.168.1.2","TCP","1514","8004  >  36792 [ACK] Seq=253590 Ack=141 Win=65024 Len=1448 TSval=2916041369 TSecr=3045561139 [TCP segment of a reassembled PDU]"
"61233","37.288383448","192.168.1.55","192.168.1.2","TCP","1514","8004  >  36792 [ACK] Seq=255038 Ack=141 Win=65024 Len=1448 TSval=2916041369 TSecr=3045561139 [TCP segment of a reassembled PDU]"
"61234","37.288384467","192.168.1.55","192.168.1.2","TCP","1514","8004  >  36792 [ACK] Seq=256486 Ack=141 Win=65024 Len=1448 TSval=2916041369 TSecr=3045561139 [TCP segment of a reassembled PDU]"
"61235","37.288385522","192.168.1.55","192.168.1.2","TCP","1514","8004  >  36792 [ACK] Seq=257934 Ack=141 Win=65024 Len=1448 TSval=2916041369 TSecr=3045561139 [TCP segment of a reassembled PDU]"
"61236","37.288386597","192.168.1.55","192.168.1.2","TCP","1514","8004  >  36792 [ACK] Seq=259382 Ack=141 Win=65024 Len=1448 TSval=2916041369 TSecr=3045561139 [TCP segment of a reassembled PDU]"
"61237","37.288387560","192.168.1.55","192.168.1.2","TCP","1514","8004  >  36792 [ACK] Seq=260830 Ack=141 Win=65024 Len=1448 TSval=2916041369 TSecr=3045561139 [TCP segment of a reassembled PDU]"
"61238","37.288389004","192.168.1.55","192.168.1.2","TCP","1514","8004  >  36792 [ACK] Seq=262278 Ack=141 Win=65024 Len=1448 TSval=2916041369 TSecr=3045561139 [TCP segment of a reassembled PDU]"
"61239","37.288390671","192.168.1.55","192.168.1.2","TCP","1514","8004  >  36792 [ACK] Seq=263726 Ack=141 Win=65024 Len=1448 TSval=2916041369 TSecr=3045561139 [TCP segment of a reassembled PDU]"
"61240","37.288392022","192.168.1.55","192.168.1.2","TCP","1514","8004  >  36792 [ACK] Seq=265174 Ack=141 Win=65024 Len=1448 TSval=2916041369 TSecr=3045561139 [TCP segment of a reassembled PDU]"
"61241","37.288393041","192.168.1.55","192.168.1.2","TCP","1514","8004  >  36792 [ACK] Seq=266622 Ack=141 Win=65024 Len=1448 TSval=2916041369 TSecr=3045561139 [TCP segment of a reassembled PDU]"
"61242","37.288394134","192.168.1.55","192.168.1.2","TCP","1514","8004  >  36792 [ACK] Seq=268070 Ack=141 Win=65024 Len=1448 TSval=2916041369 TSecr=3045561139 [TCP segment of a reassembled PDU]"
"61243","37.288395337","192.168.1.55","192.168.1.2","TCP","1514","8004  >  36792 [ACK] Seq=269518 Ack=141 Win=65024 Len=1448 TSval=2916041369 TSecr=3045561139 [TCP segment of a reassembled PDU]"
"61244","37.288397004","192.168.1.55","192.168.1.2","TCP","1514","8004  >  36792 [ACK] Seq=270966 Ack=141 Win=65024 Len=1448 TSval=2916041369 TSecr=3045561139 [TCP segment of a reassembled PDU]"
"61245","37.288398171","192.168.1.55","192.168.1.2","TCP","1514","8004  >  36792 [ACK] Seq=272414 Ack=141 Win=65024 Len=1448 TSval=2916041369 TSecr=3045561139 [TCP segment of a reassembled PDU]"
"61246","37.288399171","192.168.1.55","192.168.1.2","TCP","1514","8004  >  36792 [ACK] Seq=273862 Ack=141 Win=65024 Len=1448 TSval=2916041369 TSecr=3045561139 [TCP segment of a reassembled PDU]"
"61247","37.288400763","192.168.1.55","192.168.1.2","TCP","1514","8004  >  36792 [ACK] Seq=275310 Ack=141 Win=65024 Len=1448 TSval=2916041369 TSecr=3045561139 [TCP segment of a reassembled PDU]"
"61248","37.288401819","192.168.1.55","192.168.1.2","TCP","1514","8004  >  36792 [ACK] Seq=276758 Ack=141 Win=65024 Len=1448 TSval=2916041369 TSecr=3045561139 [TCP segment of a reassembled PDU]"
"61249","37.288402708","192.168.1.55","192.168.1.2","TCP","1514","8004  >  36792 [PSH, ACK] Seq=278206 Ack=141 Win=65024 Len=1448 TSval=2916041369 TSecr=3045561139 [TCP segment of a reassembled PDU]"
"61250","37.288430782","192.168.1.2","192.168.1.55","TCP","66","36792  >  8004 [ACK] Seq=141 Ack=214494 Win=91136 Len=0 TSval=3045561141 TSecr=2916041363"
"61251","37.288448986","192.168.1.55","192.168.1.2","TCP","1514","8004  >  36792 [ACK] Seq=279654 Ack=141 Win=65024 Len=1448 TSval=2916041369 TSecr=3045561141 [TCP segment of a reassembled PDU]"
"61252","37.288450782","192.168.1.55","192.168.1.2","TCP","1514","8004  >  36792 [ACK] Seq=281102 Ack=141 Win=65024 Len=1448 TSval=2916041369 TSecr=3045561141 [TCP segment of a reassembled PDU]"
"61253","37.288452152","192.168.1.55","192.168.1.2","TCP","1514","8004  >  36792 [ACK] Seq=282550 Ack=141 Win=65024 Len=1448 TSval=2916041369 TSecr=3045561141 [TCP segment of a reassembled PDU]"
"61254","37.288453041","192.168.1.55","192.168.1.2","TCP","1514","8004  >  36792 [PSH, ACK] Seq=283998 Ack=141 Win=65024 Len=1448 TSval=2916041369 TSecr=3045561141 [TCP segment of a reassembled PDU]"
"61255","37.290554007","192.168.1.2","192.168.1.55","TCP","66","36792  >  8004 [ACK] Seq=141 Ack=223182 Win=108544 Len=0 TSval=3045561143 TSecr=2916041363"
"61256","37.290587119","192.168.1.55","192.168.1.2","TCP","1514","8004  >  36792 [ACK] Seq=285446 Ack=141 Win=65024 Len=1448 TSval=2916041371 TSecr=3045561143 [TCP segment of a reassembled PDU]"
"61257","37.290594545","192.168.1.55","192.168.1.2","TCP","1514","8004  >  36792 [ACK] Seq=286894 Ack=141 Win=65024 Len=1448 TSval=2916041371 TSecr=3045561143 [TCP segment of a reassembled PDU]"
"61258","37.290595748","192.168.1.55","192.168.1.2","TCP","1514","8004  >  36792 [ACK] Seq=288342 Ack=141 Win=65024 Len=1448 TSval=2916041371 TSecr=3045561143 [TCP segment of a reassembled PDU]"
"61259","37.290596730","192.168.1.55","192.168.1.2","TCP","1514","8004  >  36792 [ACK] Seq=289790 Ack=141 Win=65024 Len=1448 TSval=2916041371 TSecr=3045561143 [TCP segment of a reassembled PDU]"
"61260","37.290597656","192.168.1.55","192.168.1.2","TCP","1514","8004  >  36792 [ACK] Seq=291238 Ack=141 Win=65024 Len=1448 TSval=2916041371 TSecr=3045561143 [TCP segment of a reassembled PDU]"
"61261","37.290598545","192.168.1.55","192.168.1.2","TCP","1514","8004  >  36792 [ACK] Seq=292686 Ack=141 Win=65024 Len=1448 TSval=2916041371 TSecr=3045561143 [TCP segment of a reassembled PDU]"
"61262","37.290599545","192.168.1.55","192.168.1.2","TCP","1514","8004  >  36792 [ACK] Seq=294134 Ack=141 Win=65024 Len=1448 TSval=2916041371 TSecr=3045561143 [TCP segment of a reassembled PDU]"
"61263","37.290600415","192.168.1.55","192.168.1.2","TCP","1514","8004  >  36792 [ACK] Seq=295582 Ack=141 Win=65024 Len=1448 TSval=2916041371 TSecr=3045561143 [TCP segment of a reassembled PDU]"
"61264","37.290601433","192.168.1.55","192.168.1.2","TCP","1514","8004  >  36792 [ACK] Seq=297030 Ack=141 Win=65024 Len=1448 TSval=2916041371 TSecr=3045561143 [TCP segment of a reassembled PDU]"
"61265","37.290602619","192.168.1.55","192.168.1.2","TCP","1514","8004  >  36792 [ACK] Seq=298478 Ack=141 Win=65024 Len=1448 TSval=2916041371 TSecr=3045561143 [TCP segment of a reassembled PDU]"
"61266","37.290603508","192.168.1.55","192.168.1.2","TCP","1514","8004  >  36792 [ACK] Seq=299926 Ack=141 Win=65024 Len=1448 TSval=2916041371 TSecr=3045561143 [TCP segment of a reassembled PDU]"
"61267","37.290604415","192.168.1.55","192.168.1.2","TCP","1514","8004  >  36792 [ACK] Seq=301374 Ack=141 Win=65024 Len=1448 TSval=2916041371 TSecr=3045561143 [TCP segment of a reassembled PDU]"
"61268","37.290605304","192.168.1.55","192.168.1.2","TCP","1514","8004  >  36792 [ACK] Seq=302822 Ack=141 Win=65024 Len=1448 TSval=2916041371 TSecr=3045561143 [TCP segment of a reassembled PDU]"
"61269","37.290606359","192.168.1.55","192.168.1.2","TCP","1514","8004  >  36792 [ACK] Seq=304270 Ack=141 Win=65024 Len=1448 TSval=2916041371 TSecr=3045561143 [TCP segment of a reassembled PDU]"
"61270","37.290607415","192.168.1.55","192.168.1.2","TCP","1514","8004  >  36792 [ACK] Seq=305718 Ack=141 Win=65024 Len=1448 TSval=2916041371 TSecr=3045561143 [TCP segment of a reassembled PDU]"
"61271","37.290608508","192.168.1.55","192.168.1.2","TCP","1514","8004  >  36792 [ACK] Seq=307166 Ack=141 Win=65024 Len=1448 TSval=2916041371 TSecr=3045561143 [TCP segment of a reassembled PDU]"
"61272","37.290609582","192.168.1.55","192.168.1.2","TCP","1514","8004  >  36792 [ACK] Seq=308614 Ack=141 Win=65024 Len=1448 TSval=2916041371 TSecr=3045561143 [TCP segment of a reassembled PDU]"
"61273","37.290610563","192.168.1.55","192.168.1.2","TCP","1514","8004  >  36792 [ACK] Seq=310062 Ack=141 Win=65024 Len=1448 TSval=2916041371 TSecr=3045561143 [TCP segment of a reassembled PDU]"
"61274","37.290611563","192.168.1.55","192.168.1.2","TCP","1514","8004  >  36792 [ACK] Seq=311510 Ack=141 Win=65024 Len=1448 TSval=2916041371 TSecr=3045561143 [TCP segment of a reassembled PDU]"
"61275","37.290612508","192.168.1.55","192.168.1.2","TCP","1514","8004  >  36792 [ACK] Seq=312958 Ack=141 Win=65024 Len=1448 TSval=2916041371 TSecr=3045561143 [TCP segment of a reassembled PDU]"
"61276","37.290613471","192.168.1.55","192.168.1.2","TCP","1514","8004  >  36792 [ACK] Seq=314406 Ack=141 Win=65024 Len=1448 TSval=2916041371 TSecr=3045561143 [TCP segment of a reassembled PDU]"
"61277","37.290614563","192.168.1.55","192.168.1.2","TCP","1514","8004  >  36792 [ACK] Seq=315854 Ack=141 Win=65024 Len=1448 TSval=2916041371 TSecr=3045561143 [TCP segment of a reassembled PDU]"
"61278","37.290615767","192.168.1.55","192.168.1.2","TCP","1514","8004  >  36792 [ACK] Seq=317302 Ack=141 Win=65024 Len=1448 TSval=2916041371 TSecr=3045561143 [TCP segment of a reassembled PDU]"
"61279","37.290616711","192.168.1.55","192.168.1.2","TCP","1514","8004  >  36792 [ACK] Seq=318750 Ack=141 Win=65024 Len=1448 TSval=2916041371 TSecr=3045561143 [TCP segment of a reassembled PDU]"
"61280","37.290617711","192.168.1.55","192.168.1.2","TCP","1514","8004  >  36792 [ACK] Seq=320198 Ack=141 Win=65024 Len=1448 TSval=2916041371 TSecr=3045561143 [TCP segment of a reassembled PDU]"
"61281","37.290619100","192.168.1.55","192.168.1.2","TCP","1514","8004  >  36792 [ACK] Seq=321646 Ack=141 Win=65024 Len=1448 TSval=2916041371 TSecr=3045561143 [TCP segment of a reassembled PDU]"
"61282","37.290620230","192.168.1.55","192.168.1.2","TCP","1514","8004  >  36792 [ACK] Seq=323094 Ack=141 Win=65024 Len=1448 TSval=2916041371 TSecr=3045561143 [TCP segment of a reassembled PDU]"
"61283","37.290621248","192.168.1.55","192.168.1.2","TCP","1514","8004  >  36792 [ACK] Seq=324542 Ack=141 Win=65024 Len=1448 TSval=2916041371 TSecr=3045561143 [TCP segment of a reassembled PDU]"
"61284","37.290622193","192.168.1.55","192.168.1.2","TCP","1514","8004  >  36792 [ACK] Seq=325990 Ack=141 Win=65024 Len=1448 TSval=2916041371 TSecr=3045561143 [TCP segment of a reassembled PDU]"
"61285","37.290623137","192.168.1.55","192.168.1.2","TCP","1514","8004  >  36792 [PSH, ACK] Seq=327438 Ack=141 Win=65024 Len=1448 TSval=2916041371 TSecr=3045561143 [TCP segment of a reassembled PDU]"
"61286","37.294468477","192.168.1.2","192.168.1.55","TCP","66","36792  >  8004 [ACK] Seq=141 Ack=234766 Win=110592 Len=0 TSval=3045561143 TSecr=2916041366"
"61287","37.294510273","192.168.1.55","192.168.1.2","TCP","1514","8004  >  36792 [ACK] Seq=328886 Ack=141 Win=65024 Len=1448 TSval=2916041375 TSecr=3045561143 [TCP segment of a reassembled PDU]"
"61288","37.294514069","192.168.1.55","192.168.1.2","TCP","1514","8004  >  36792 [ACK] Seq=330334 Ack=141 Win=65024 Len=1448 TSval=2916041375 TSecr=3045561143 [TCP segment of a reassembled PDU]"
"61289","37.294515514","192.168.1.55","192.168.1.2","TCP","1514","8004  >  36792 [ACK] Seq=331782 Ack=141 Win=65024 Len=1448 TSval=2916041375 TSecr=3045561143 [TCP segment of a reassembled PDU]"
"61290","37.294516551","192.168.1.55","192.168.1.2","TCP","1514","8004  >  36792 [ACK] Seq=333230 Ack=141 Win=65024 Len=1448 TSval=2916041375 TSecr=3045561143 [TCP segment of a reassembled PDU]"
"61291","37.294517532","192.168.1.55","192.168.1.2","TCP","1514","8004  >  36792 [ACK] Seq=334678 Ack=141 Win=65024 Len=1448 TSval=2916041375 TSecr=3045561143 [TCP segment of a reassembled PDU]"
"61292","37.294518421","192.168.1.55","192.168.1.2","TCP","1514","8004  >  36792 [ACK] Seq=336126 Ack=141 Win=65024 Len=1448 TSval=2916041375 TSecr=3045561143 [TCP segment of a reassembled PDU]"
"61293","37.294519440","192.168.1.55","192.168.1.2","TCP","1514","8004  >  36792 [ACK] Seq=337574 Ack=141 Win=65024 Len=1448 TSval=2916041375 TSecr=3045561143 [TCP segment of a reassembled PDU]"
"61294","37.294520403","192.168.1.55","192.168.1.2","TCP","1514","8004  >  36792 [ACK] Seq=339022 Ack=141 Win=65024 Len=1448 TSval=2916041375 TSecr=3045561143 [TCP segment of a reassembled PDU]"
"61295","37.294521310","192.168.1.55","192.168.1.2","TCP","1514","8004  >  36792 [ACK] Seq=340470 Ack=141 Win=65024 Len=1448 TSval=2916041375 TSecr=3045561143 [TCP segment of a reassembled PDU]"
"61296","37.294522273","192.168.1.55","192.168.1.2","TCP","1514","8004  >  36792 [ACK] Seq=341918 Ack=141 Win=65024 Len=1448 TSval=2916041375 TSecr=3045561143 [TCP segment of a reassembled PDU]"
"61297","37.294523403","192.168.1.55","192.168.1.2","TCP","1514","8004  >  36792 [ACK] Seq=343366 Ack=141 Win=65024 Len=1448 TSval=2916041375 TSecr=3045561143 [TCP segment of a reassembled PDU]"
"61298","37.294524588","192.168.1.55","192.168.1.2","TCP","610","[TCP Window Full] 8004  >  36792 [PSH, ACK] Seq=344814 Ack=141 Win=65024 Len=544 TSval=2916041375 TSecr=3045561143 [TCP segment of a reassembled PDU]"
"61299","37.295394515","192.168.1.2","192.168.1.55","TCP","66","36792  >  8004 [ACK] Seq=141 Ack=242006 Win=124928 Len=0 TSval=3045561145 TSecr=2916041366"
"61300","37.295518090","192.168.1.2","192.168.1.55","TCP","66","36792  >  8004 [ACK] Seq=141 Ack=279654 Win=106496 Len=0 TSval=3045561150 TSecr=2916041369"
"61301","37.295550016","192.168.1.55","192.168.1.2","TCP","1514","8004  >  36792 [ACK] Seq=345358 Ack=141 Win=65024 Len=1448 TSval=2916041376 TSecr=3045561150 [TCP segment of a reassembled PDU]"
"61302","37.295552793","192.168.1.55","192.168.1.2","TCP","1514","8004  >  36792 [ACK] Seq=346806 Ack=141 Win=65024 Len=1448 TSval=2916041376 TSecr=3045561150 [TCP segment of a reassembled PDU]"
"61303","37.295553867","192.168.1.55","192.168.1.2","TCP","1514","8004  >  36792 [ACK] Seq=348254 Ack=141 Win=65024 Len=1448 TSval=2916041376 TSecr=3045561150 [TCP segment of a reassembled PDU]"
"61304","37.295554886","192.168.1.55","192.168.1.2","TCP","1514","8004  >  36792 [ACK] Seq=349702 Ack=141 Win=65024 Len=1448 TSval=2916041376 TSecr=3045561150 [TCP segment of a reassembled PDU]"
"61305","37.295555775","192.168.1.55","192.168.1.2","TCP","1514","8004  >  36792 [ACK] Seq=351150 Ack=141 Win=65024 Len=1448 TSval=2916041376 TSecr=3045561150 [TCP segment of a reassembled PDU]"
"61306","37.295556756","192.168.1.55","192.168.1.2","TCP","1514","8004  >  36792 [ACK] Seq=352598 Ack=141 Win=65024 Len=1448 TSval=2916041376 TSecr=3045561150 [TCP segment of a reassembled PDU]"
"61307","37.295557627","192.168.1.55","192.168.1.2","TCP","1514","8004  >  36792 [ACK] Seq=354046 Ack=141 Win=65024 Len=1448 TSval=2916041376 TSecr=3045561150 [TCP segment of a reassembled PDU]"
"61308","37.295558645","192.168.1.55","192.168.1.2","TCP","1514","8004  >  36792 [ACK] Seq=355494 Ack=141 Win=65024 Len=1448 TSval=2916041376 TSecr=3045561150 [TCP segment of a reassembled PDU]"
"61309","37.295559645","192.168.1.55","192.168.1.2","TCP","1514","8004  >  36792 [ACK] Seq=356942 Ack=141 Win=65024 Len=1448 TSval=2916041376 TSecr=3045561150 [TCP segment of a reassembled PDU]"
"61310","37.295560664","192.168.1.55","192.168.1.2","TCP","1514","8004  >  36792 [ACK] Seq=358390 Ack=141 Win=65024 Len=1448 TSval=2916041376 TSecr=3045561150 [TCP segment of a reassembled PDU]"
"61311","37.295561701","192.168.1.55","192.168.1.2","TCP","1514","8004  >  36792 [ACK] Seq=359838 Ack=141 Win=65024 Len=1448 TSval=2916041376 TSecr=3045561150 [TCP segment of a reassembled PDU]"
"61312","37.295562590","192.168.1.55","192.168.1.2","TCP","1514","8004  >  36792 [ACK] Seq=361286 Ack=141 Win=65024 Len=1448 TSval=2916041376 TSecr=3045561150 [TCP segment of a reassembled PDU]"
"61313","37.295563497","192.168.1.55","192.168.1.2","TCP","1514","8004  >  36792 [ACK] Seq=362734 Ack=141 Win=65024 Len=1448 TSval=2916041376 TSecr=3045561150 [TCP segment of a reassembled PDU]"
"61314","37.295564423","192.168.1.55","192.168.1.2","TCP","1514","8004  >  36792 [ACK] Seq=364182 Ack=141 Win=65024 Len=1448 TSval=2916041376 TSecr=3045561150 [TCP segment of a reassembled PDU]"
"61315","37.295565330","192.168.1.55","192.168.1.2","TCP","1514","8004  >  36792 [ACK] Seq=365630 Ack=141 Win=65024 Len=1448 TSval=2916041376 TSecr=3045561150 [TCP segment of a reassembled PDU]"
"61316","37.295566293","192.168.1.55","192.168.1.2","TCP","1514","8004  >  36792 [ACK] Seq=367078 Ack=141 Win=65024 Len=1448 TSval=2916041376 TSecr=3045561150 [TCP segment of a reassembled PDU]"
"61317","37.295567460","192.168.1.55","192.168.1.2","TCP","1514","8004  >  36792 [ACK] Seq=368526 Ack=141 Win=65024 Len=1448 TSval=2916041376 TSecr=3045561150 [TCP segment of a reassembled PDU]"
"61318","37.295568367","192.168.1.55","192.168.1.2","TCP","1514","8004  >  36792 [ACK] Seq=369974 Ack=141 Win=65024 Len=1448 TSval=2916041376 TSecr=3045561150 [TCP segment of a reassembled PDU]"
"61319","37.295569275","192.168.1.55","192.168.1.2","TCP","1514","8004  >  36792 [PSH, ACK] Seq=371422 Ack=141 Win=65024 Len=1448 TSval=2916041376 TSecr=3045561150 [TCP segment of a reassembled PDU]"
"61320","37.295574367","192.168.1.55","192.168.1.2","TCP","970","8004  >  36792 [PSH, ACK] Seq=372870 Ack=141 Win=65024 Len=904 TSval=2916041376 TSecr=3045561150 [TCP segment of a reassembled PDU]"
"61321","37.295577571","192.168.1.2","192.168.1.55","TCP","66","36792  >  8004 [ACK] Seq=141 Ack=320198 Win=66560 Len=0 TSval=3045561150 TSecr=2916041369"
"61322","37.302417064","192.168.1.2","192.168.1.55","TCP","66","36792  >  8004 [ACK] Seq=141 Ack=328886 Win=135168 Len=0 TSval=3045561154 TSecr=2916041371"
"61323","37.302545953","192.168.1.55","192.168.1.2","TCP","1514","8004  >  36792 [ACK] Seq=373774 Ack=141 Win=65024 Len=1448 TSval=2916041383 TSecr=3045561154 [TCP segment of a reassembled PDU]"
"61324","37.302553564","192.168.1.55","192.168.1.2","TCP","1514","8004  >  36792 [ACK] Seq=375222 Ack=141 Win=65024 Len=1448 TSval=2916041383 TSecr=3045561154 [TCP segment of a reassembled PDU]"
"61325","37.302555119","192.168.1.55","192.168.1.2","TCP","1514","8004  >  36792 [ACK] Seq=376670 Ack=141 Win=65024 Len=1448 TSval=2916041383 TSecr=3045561154 [TCP segment of a reassembled PDU]"
"61326","37.302556731","192.168.1.55","192.168.1.2","TCP","1514","8004  >  36792 [ACK] Seq=378118 Ack=141 Win=65024 Len=1448 TSval=2916041383 TSecr=3045561154 [TCP segment of a reassembled PDU]"
"61327","37.302558545","192.168.1.55","192.168.1.2","TCP","1514","8004  >  36792 [ACK] Seq=379566 Ack=141 Win=65024 Len=1448 TSval=2916041383 TSecr=3045561154 [TCP segment of a reassembled PDU]"
"61328","37.302560693","192.168.1.55","192.168.1.2","TCP","1514","8004  >  36792 [ACK] Seq=381014 Ack=141 Win=65024 Len=1448 TSval=2916041383 TSecr=3045561154 [TCP segment of a reassembled PDU]"
"61329","37.302562101","192.168.1.55","192.168.1.2","TCP","1514","8004  >  36792 [ACK] Seq=382462 Ack=141 Win=65024 Len=1448 TSval=2916041383 TSecr=3045561154 [TCP segment of a reassembled PDU]"
"61330","37.302563193","192.168.1.55","192.168.1.2","TCP","1514","8004  >  36792 [ACK] Seq=383910 Ack=141 Win=65024 Len=1448 TSval=2916041383 TSecr=3045561154 [TCP segment of a reassembled PDU]"
"61331","37.302565564","192.168.1.55","192.168.1.2","TCP","1514","8004  >  36792 [ACK] Seq=385358 Ack=141 Win=65024 Len=1448 TSval=2916041383 TSecr=3045561154 [TCP segment of a reassembled PDU]"
"61332","37.302566990","192.168.1.55","192.168.1.2","TCP","1514","8004  >  36792 [ACK] Seq=386806 Ack=141 Win=65024 Len=1448 TSval=2916041383 TSecr=3045561154 [TCP segment of a reassembled PDU]"
"61333","37.302568434","192.168.1.55","192.168.1.2","TCP","1514","8004  >  36792 [ACK] Seq=388254 Ack=141 Win=65024 Len=1448 TSval=2916041383 TSecr=3045561154 [TCP segment of a reassembled PDU]"
"61334","37.302569712","192.168.1.55","192.168.1.2","TCP","1514","8004  >  36792 [ACK] Seq=389702 Ack=141 Win=65024 Len=1448 TSval=2916041383 TSecr=3045561154 [TCP segment of a reassembled PDU]"
"61335","37.302571175","192.168.1.55","192.168.1.2","TCP","1514","8004  >  36792 [ACK] Seq=391150 Ack=141 Win=65024 Len=1448 TSval=2916041383 TSecr=3045561154 [TCP segment of a reassembled PDU]"
"61336","37.302573656","192.168.1.55","192.168.1.2","TCP","1514","8004  >  36792 [ACK] Seq=392598 Ack=141 Win=65024 Len=1448 TSval=2916041383 TSecr=3045561154 [TCP segment of a reassembled PDU]"
"61337","37.302575249","192.168.1.55","192.168.1.2","TCP","1514","8004  >  36792 [ACK] Seq=394046 Ack=141 Win=65024 Len=1448 TSval=2916041383 TSecr=3045561154 [TCP segment of a reassembled PDU]"
"61338","37.302576379","192.168.1.55","192.168.1.2","TCP","1514","8004  >  36792 [ACK] Seq=395494 Ack=141 Win=65024 Len=1448 TSval=2916041383 TSecr=3045561154 [TCP segment of a reassembled PDU]"
"61339","37.302578027","192.168.1.55","192.168.1.2","TCP","1514","8004  >  36792 [ACK] Seq=396942 Ack=141 Win=65024 Len=1448 TSval=2916041383 TSecr=3045561154 [TCP segment of a reassembled PDU]"
"61340","37.302580101","192.168.1.55","192.168.1.2","TCP","1514","8004  >  36792 [ACK] Seq=398390 Ack=141 Win=65024 Len=1448 TSval=2916041383 TSecr=3045561154 [TCP segment of a reassembled PDU]"
"61341","37.302581916","192.168.1.55","192.168.1.2","TCP","1514","8004  >  36792 [ACK] Seq=399838 Ack=141 Win=65024 Len=1448 TSval=2916041383 TSecr=3045561154 [TCP segment of a reassembled PDU]"
"61342","37.302583268","192.168.1.55","192.168.1.2","TCP","1514","8004  >  36792 [ACK] Seq=401286 Ack=141 Win=65024 Len=1448 TSval=2916041383 TSecr=3045561154 [TCP segment of a reassembled PDU]"
"61343","37.302584749","192.168.1.55","192.168.1.2","TCP","1514","8004  >  36792 [ACK] Seq=402734 Ack=141 Win=65024 Len=1448 TSval=2916041383 TSecr=3045561154 [TCP segment of a reassembled PDU]"
"61344","37.302586305","192.168.1.55","192.168.1.2","TCP","1514","8004  >  36792 [ACK] Seq=404182 Ack=141 Win=65024 Len=1448 TSval=2916041383 TSecr=3045561154 [TCP segment of a reassembled PDU]"
"61345","37.302588101","192.168.1.55","192.168.1.2","TCP","1514","8004  >  36792 [ACK] Seq=405630 Ack=141 Win=65024 Len=1448 TSval=2916041383 TSecr=3045561154 [TCP segment of a reassembled PDU]"
"61346","37.302590694","192.168.1.55","192.168.1.2","TCP","1514","8004  >  36792 [ACK] Seq=407078 Ack=141 Win=65024 Len=1448 TSval=2916041383 TSecr=3045561154 [TCP segment of a reassembled PDU]"
"61347","37.302592323","192.168.1.55","192.168.1.2","TCP","1514","8004  >  36792 [ACK] Seq=408526 Ack=141 Win=65024 Len=1448 TSval=2916041383 TSecr=3045561154 [TCP segment of a reassembled PDU]"
"61348","37.302593953","192.168.1.55","192.168.1.2","TCP","1514","8004  >  36792 [ACK] Seq=409974 Ack=141 Win=65024 Len=1448 TSval=2916041383 TSecr=3045561154 [TCP segment of a reassembled PDU]"
"61349","37.302595490","192.168.1.55","192.168.1.2","TCP","1514","8004  >  36792 [ACK] Seq=411422 Ack=141 Win=65024 Len=1448 TSval=2916041383 TSecr=3045561154 [TCP segment of a reassembled PDU]"
"61350","37.302596971","192.168.1.55","192.168.1.2","TCP","1514","8004  >  36792 [ACK] Seq=412870 Ack=141 Win=65024 Len=1448 TSval=2916041383 TSecr=3045561154 [TCP segment of a reassembled PDU]"
"61351","37.302598416","192.168.1.55","192.168.1.2","TCP","1514","8004  >  36792 [ACK] Seq=414318 Ack=141 Win=65024 Len=1448 TSval=2916041383 TSecr=3045561154 [TCP segment of a reassembled PDU]"
"61352","37.302599471","192.168.1.55","192.168.1.2","TCP","1514","8004  >  36792 [ACK] Seq=415766 Ack=141 Win=65024 Len=1448 TSval=2916041383 TSecr=3045561154 [TCP segment of a reassembled PDU]"
"61353","37.302600860","192.168.1.55","192.168.1.2","TCP","1514","8004  >  36792 [PSH, ACK] Seq=417214 Ack=141 Win=65024 Len=1448 TSval=2916041383 TSecr=3045561154 [TCP segment of a reassembled PDU]"
"61354","37.302678657","192.168.1.55","192.168.1.2","TCP","1514","8004  >  36792 [ACK] Seq=418662 Ack=141 Win=65024 Len=1448 TSval=2916041383 TSecr=3045561154 [TCP segment of a reassembled PDU]"
"61355","37.302680379","192.168.1.55","192.168.1.2","TCP","1514","8004  >  36792 [ACK] Seq=420110 Ack=141 Win=65024 Len=1448 TSval=2916041383 TSecr=3045561154 [TCP segment of a reassembled PDU]"
"61356","37.302682009","192.168.1.55","192.168.1.2","TCP","1514","8004  >  36792 [ACK] Seq=421558 Ack=141 Win=65024 Len=1448 TSval=2916041383 TSecr=3045561154 [TCP segment of a reassembled PDU]"
"61357","37.302683212","192.168.1.55","192.168.1.2","TCP","1514","8004  >  36792 [ACK] Seq=423006 Ack=141 Win=65024 Len=1448 TSval=2916041383 TSecr=3045561154 [TCP segment of a reassembled PDU]"
"61358","37.302684175","192.168.1.55","192.168.1.2","TCP","1514","8004  >  36792 [ACK] Seq=424454 Ack=141 Win=65024 Len=1448 TSval=2916041383 TSecr=3045561154 [TCP segment of a reassembled PDU]"
"61359","37.302685138","192.168.1.55","192.168.1.2","TCP","1514","8004  >  36792 [ACK] Seq=425902 Ack=141 Win=65024 Len=1448 TSval=2916041383 TSecr=3045561154 [TCP segment of a reassembled PDU]"
"61360","37.302686342","192.168.1.55","192.168.1.2","TCP","1514","8004  >  36792 [ACK] Seq=427350 Ack=141 Win=65024 Len=1448 TSval=2916041383 TSecr=3045561154 [TCP segment of a reassembled PDU]"
"61361","37.302687416","192.168.1.55","192.168.1.2","TCP","1514","8004  >  36792 [ACK] Seq=428798 Ack=141 Win=65024 Len=1448 TSval=2916041383 TSecr=3045561154 [TCP segment of a reassembled PDU]"
"61362","37.302688990","192.168.1.55","192.168.1.2","TCP","1514","8004  >  36792 [ACK] Seq=430246 Ack=141 Win=65024 Len=1448 TSval=2916041383 TSecr=3045561154 [TCP segment of a reassembled PDU]"
"61363","37.302689934","192.168.1.55","192.168.1.2","TCP","1514","8004  >  36792 [ACK] Seq=431694 Ack=141 Win=65024 Len=1448 TSval=2916041383 TSecr=3045561154 [TCP segment of a reassembled PDU]"
"61364","37.302691601","192.168.1.55","192.168.1.2","TCP","1514","8004  >  36792 [ACK] Seq=433142 Ack=141 Win=65024 Len=1448 TSval=2916041383 TSecr=3045561154 [TCP segment of a reassembled PDU]"
"61365","37.302693416","192.168.1.55","192.168.1.2","TCP","1514","8004  >  36792 [ACK] Seq=434590 Ack=141 Win=65024 Len=1448 TSval=2916041383 TSecr=3045561154 [TCP segment of a reassembled PDU]"
"61366","37.302694416","192.168.1.55","192.168.1.2","TCP","1514","8004  >  36792 [ACK] Seq=436038 Ack=141 Win=65024 Len=1448 TSval=2916041383 TSecr=3045561154 [TCP segment of a reassembled PDU]"
"61367","37.302695546","192.168.1.55","192.168.1.2","TCP","1514","8004  >  36792 [ACK] Seq=437486 Ack=141 Win=65024 Len=1448 TSval=2916041383 TSecr=3045561154 [TCP segment of a reassembled PDU]"
"61368","37.302696546","192.168.1.55","192.168.1.2","TCP","1514","8004  >  36792 [ACK] Seq=438934 Ack=141 Win=65024 Len=1448 TSval=2916041383 TSecr=3045561154 [TCP segment of a reassembled PDU]"
"61369","37.302697990","192.168.1.55","192.168.1.2","TCP","1514","8004  >  36792 [ACK] Seq=440382 Ack=141 Win=65024 Len=1448 TSval=2916041383 TSecr=3045561154 [TCP segment of a reassembled PDU]"
"61370","37.302699879","192.168.1.55","192.168.1.2","TCP","1514","8004  >  36792 [ACK] Seq=441830 Ack=141 Win=65024 Len=1448 TSval=2916041383 TSecr=3045561154 [TCP segment of a reassembled PDU]"
"61371","37.302701194","192.168.1.55","192.168.1.2","TCP","1514","8004  >  36792 [ACK] Seq=443278 Ack=141 Win=65024 Len=1448 TSval=2916041383 TSecr=3045561154 [TCP segment of a reassembled PDU]"
"61372","37.302702731","192.168.1.55","192.168.1.2","TCP","1514","8004  >  36792 [ACK] Seq=444726 Ack=141 Win=65024 Len=1448 TSval=2916041383 TSecr=3045561154 [TCP segment of a reassembled PDU]"
"61373","37.302703712","192.168.1.55","192.168.1.2","TCP","1514","8004  >  36792 [ACK] Seq=446174 Ack=141 Win=65024 Len=1448 TSval=2916041383 TSecr=3045561154 [TCP segment of a reassembled PDU]"
"61374","37.302704749","192.168.1.55","192.168.1.2","TCP","1514","8004  >  36792 [ACK] Seq=447622 Ack=141 Win=65024 Len=1448 TSval=2916041383 TSecr=3045561154 [TCP segment of a reassembled PDU]"
"61375","37.302706027","192.168.1.55","192.168.1.2","TCP","1514","8004  >  36792 [ACK] Seq=449070 Ack=141 Win=65024 Len=1448 TSval=2916041383 TSecr=3045561154 [TCP segment of a reassembled PDU]"
"61376","37.302707731","192.168.1.55","192.168.1.2","TCP","1514","8004  >  36792 [ACK] Seq=450518 Ack=141 Win=65024 Len=1448 TSval=2916041383 TSecr=3045561154 [TCP segment of a reassembled PDU]"
"61377","37.302709101","192.168.1.55","192.168.1.2","TCP","1514","8004  >  36792 [ACK] Seq=451966 Ack=141 Win=65024 Len=1448 TSval=2916041383 TSecr=3045561154 [TCP segment of a reassembled PDU]"
"61378","37.302710564","192.168.1.55","192.168.1.2","TCP","1514","8004  >  36792 [ACK] Seq=453414 Ack=141 Win=65024 Len=1448 TSval=2916041383 TSecr=3045561154 [TCP segment of a reassembled PDU]"
"61379","37.302712434","192.168.1.55","192.168.1.2","TCP","1514","8004  >  36792 [ACK] Seq=454862 Ack=141 Win=65024 Len=1448 TSval=2916041383 TSecr=3045561154 [TCP segment of a reassembled PDU]"
"61380","37.302713749","192.168.1.55","192.168.1.2","TCP","1514","8004  >  36792 [ACK] Seq=456310 Ack=141 Win=65024 Len=1448 TSval=2916041383 TSecr=3045561154 [TCP segment of a reassembled PDU]"
"61381","37.302714694","192.168.1.55","192.168.1.2","TCP","1514","8004  >  36792 [ACK] Seq=457758 Ack=141 Win=65024 Len=1448 TSval=2916041383 TSecr=3045561154 [TCP segment of a reassembled PDU]"
"61382","37.302715768","192.168.1.55","192.168.1.2","TCP","1514","8004  >  36792 [ACK] Seq=459206 Ack=141 Win=65024 Len=1448 TSval=2916041383 TSecr=3045561154 [TCP segment of a reassembled PDU]"
"61383","37.302716972","192.168.1.55","192.168.1.2","TCP","1514","8004  >  36792 [ACK] Seq=460654 Ack=141 Win=65024 Len=1448 TSval=2916041383 TSecr=3045561154 [TCP segment of a reassembled PDU]"
"61384","37.302718231","192.168.1.55","192.168.1.2","TCP","1514","8004  >  36792 [PSH, ACK] Seq=462102 Ack=141 Win=65024 Len=1448 TSval=2916041383 TSecr=3045561154 [TCP segment of a reassembled PDU]"
"61385","37.302792027","192.168.1.2","192.168.1.55","TCP","66","36792  >  8004 [ACK] Seq=141 Ack=330334 Win=138240 Len=0 TSval=3045561154 TSecr=2916041375"
"61386","37.302808305","192.168.1.2","192.168.1.55","TCP","66","36792  >  8004 [ACK] Seq=141 Ack=345358 Win=163840 Len=0 TSval=3045561155 TSecr=2916041375"
"61387","37.302814786","192.168.1.2","192.168.1.55","TCP","66","36792  >  8004 [ACK] Seq=141 Ack=372870 Win=150528 Len=0 TSval=3045561155 TSecr=2916041376"
"61388","37.302874583","192.168.1.55","192.168.1.2","TCP","1514","8004  >  36792 [ACK] Seq=463550 Ack=141 Win=65024 Len=1448 TSval=2916041383 TSecr=3045561155 [TCP segment of a reassembled PDU]"
"61389","37.302878305","192.168.1.55","192.168.1.2","TCP","1514","8004  >  36792 [ACK] Seq=464998 Ack=141 Win=65024 Len=1448 TSval=2916041383 TSecr=3045561155 [TCP segment of a reassembled PDU]"
"61390","37.302879546","192.168.1.55","192.168.1.2","TCP","1514","8004  >  36792 [ACK] Seq=466446 Ack=141 Win=65024 Len=1448 TSval=2916041383 TSecr=3045561155 [TCP segment of a reassembled PDU]"
"61391","37.302881120","192.168.1.55","192.168.1.2","TCP","1514","8004  >  36792 [ACK] Seq=467894 Ack=141 Win=65024 Len=1448 TSval=2916041383 TSecr=3045561155 [TCP segment of a reassembled PDU]"
"61392","37.302882935","192.168.1.55","192.168.1.2","TCP","1514","8004  >  36792 [ACK] Seq=469342 Ack=141 Win=65024 Len=1448 TSval=2916041383 TSecr=3045561155 [TCP segment of a reassembled PDU]"
"61393","37.302884546","192.168.1.55","192.168.1.2","TCP","1514","8004  >  36792 [ACK] Seq=470790 Ack=141 Win=65024 Len=1448 TSval=2916041383 TSecr=3045561155 [TCP segment of a reassembled PDU]"
"61394","37.302886398","192.168.1.55","192.168.1.2","TCP","1514","8004  >  36792 [ACK] Seq=472238 Ack=141 Win=65024 Len=1448 TSval=2916041383 TSecr=3045561155 [TCP segment of a reassembled PDU]"
"61395","37.302887601","192.168.1.55","192.168.1.2","TCP","1514","8004  >  36792 [ACK] Seq=473686 Ack=141 Win=65024 Len=1448 TSval=2916041383 TSecr=3045561155 [TCP segment of a reassembled PDU]"
"61396","37.302889046","192.168.1.55","192.168.1.2","TCP","1514","8004  >  36792 [ACK] Seq=475134 Ack=141 Win=65024 Len=1448 TSval=2916041383 TSecr=3045561155 [TCP segment of a reassembled PDU]"
"61397","37.302890361","192.168.1.55","192.168.1.2","TCP","1514","8004  >  36792 [ACK] Seq=476582 Ack=141 Win=65024 Len=1448 TSval=2916041383 TSecr=3045561155 [TCP segment of a reassembled PDU]"
"61398","37.302891490","192.168.1.55","192.168.1.2","TCP","1514","8004  >  36792 [ACK] Seq=478030 Ack=141 Win=65024 Len=1448 TSval=2916041383 TSecr=3045561155 [TCP segment of a reassembled PDU]"
"61399","37.302892676","192.168.1.55","192.168.1.2","TCP","1514","8004  >  36792 [ACK] Seq=479478 Ack=141 Win=65024 Len=1448 TSval=2916041383 TSecr=3045561155 [TCP segment of a reassembled PDU]"
"61400","37.302894787","192.168.1.55","192.168.1.2","TCP","1514","8004  >  36792 [ACK] Seq=480926 Ack=141 Win=65024 Len=1448 TSval=2916041383 TSecr=3045561155 [TCP segment of a reassembled PDU]"
"61401","37.302895861","192.168.1.55","192.168.1.2","TCP","1514","8004  >  36792 [ACK] Seq=482374 Ack=141 Win=65024 Len=1448 TSval=2916041383 TSecr=3045561155 [TCP segment of a reassembled PDU]"
"61402","37.302897083","192.168.1.55","192.168.1.2","TCP","1514","8004  >  36792 [ACK] Seq=483822 Ack=141 Win=65024 Len=1448 TSval=2916041383 TSecr=3045561155 [TCP segment of a reassembled PDU]"
"61403","37.302898435","192.168.1.55","192.168.1.2","TCP","1514","8004  >  36792 [ACK] Seq=485270 Ack=141 Win=65024 Len=1448 TSval=2916041383 TSecr=3045561155 [TCP segment of a reassembled PDU]"
"61404","37.302899490","192.168.1.55","192.168.1.2","TCP","1514","8004  >  36792 [ACK] Seq=486718 Ack=141 Win=65024 Len=1448 TSval=2916041383 TSecr=3045561155 [TCP segment of a reassembled PDU]"
"61405","37.302901213","192.168.1.55","192.168.1.2","TCP","1514","8004  >  36792 [ACK] Seq=488166 Ack=141 Win=65024 Len=1448 TSval=2916041383 TSecr=3045561155 [TCP segment of a reassembled PDU]"
"61406","37.302902620","192.168.1.55","192.168.1.2","TCP","1514","8004  >  36792 [ACK] Seq=489614 Ack=141 Win=65024 Len=1448 TSval=2916041383 TSecr=3045561155 [TCP segment of a reassembled PDU]"
"61407","37.302904231","192.168.1.55","192.168.1.2","TCP","1514","8004  >  36792 [ACK] Seq=491062 Ack=141 Win=65024 Len=1448 TSval=2916041383 TSecr=3045561155 [TCP segment of a reassembled PDU]"
"61408","37.302908416","192.168.1.55","192.168.1.2","TCP","1514","8004  >  36792 [ACK] Seq=492510 Ack=141 Win=65024 Len=1448 TSval=2916041383 TSecr=3045561155 [TCP segment of a reassembled PDU]"
"61409","37.302909861","192.168.1.55","192.168.1.2","TCP","1514","8004  >  36792 [ACK] Seq=493958 Ack=141 Win=65024 Len=1448 TSval=2916041383 TSecr=3045561155 [TCP segment of a reassembled PDU]"
"61410","37.302911601","192.168.1.55","192.168.1.2","TCP","1514","8004  >  36792 [ACK] Seq=495406 Ack=141 Win=65024 Len=1448 TSval=2916041383 TSecr=3045561155 [TCP segment of a reassembled PDU]"
"61411","37.302912935","192.168.1.55","192.168.1.2","TCP","1514","8004  >  36792 [PSH, ACK] Seq=496854 Ack=141 Win=65024 Len=1448 TSval=2916041383 TSecr=3045561155 [TCP segment of a reassembled PDU]"
"61412","37.302917509","192.168.1.2","192.168.1.55","TCP","66","36792  >  8004 [ACK] Seq=141 Ack=373774 Win=166912 Len=0 TSval=3045561156 TSecr=2916041376"
"61413","37.304121455","192.168.1.55","192.168.1.2","HTTP","1472","HTTP/1.0 200 OK  (PNG)"
"61414","37.312812895","192.168.1.2","192.168.1.55","TCP","66","36792  >  8004 [ACK] Seq=141 Ack=404182 Win=147456 Len=0 TSval=3045561164 TSecr=2916041383"
"61415","37.312965710","192.168.1.2","192.168.1.55","TCP","66","36792  >  8004 [ACK] Seq=141 Ack=418662 Win=164864 Len=0 TSval=3045561167 TSecr=2916041383"
"61416","37.312972395","192.168.1.2","192.168.1.55","TCP","66","36792  >  8004 [ACK] Seq=141 Ack=463550 Win=136192 Len=0 TSval=3045561168 TSecr=2916041383"
"61417","37.312978136","192.168.1.2","192.168.1.55","TCP","66","36792  >  8004 [ACK] Seq=141 Ack=489614 Win=152576 Len=0 TSval=3045561168 TSecr=2916041383"
"61418","37.314045416","192.168.1.2","192.168.1.55","TCP","66","36792  >  8004 [ACK] Seq=141 Ack=498302 Win=166912 Len=0 TSval=3045561169 TSecr=2916041383"
"61419","37.315498566","192.168.1.2","192.168.1.55","TCP","66","36792  >  8004 [FIN, ACK] Seq=141 Ack=499709 Win=169984 Len=0 TSval=3045561170 TSecr=2916041384"
"61420","37.315515603","192.168.1.55","192.168.1.2","TCP","66","8004  >  36792 [ACK] Seq=499709 Ack=142 Win=65024 Len=0 TSval=2916041396 TSecr=3045561170"
"61421","37.315628492","192.168.1.2","192.168.1.55","TCP","74","36794  >  8004 [SYN] Seq=0 Win=64240 Len=0 MSS=1460 SACK_PERM TSval=3045561170 TSecr=0 WS=1024"
"61422","37.315670011","192.168.1.55","192.168.1.2","TCP","74","8004  >  36794 [SYN, ACK] Seq=0 Ack=1 Win=65160 Len=0 MSS=1460 SACK_PERM TSval=2916041396 TSecr=3045561170 WS=128"
"61423","37.318818553","192.168.1.2","192.168.1.55","TCP","66","36794  >  8004 [ACK] Seq=1 Ack=1 Win=64512 Len=0 TSval=3045561173 TSecr=2916041396"
"61424","37.322018873","192.168.1.2","192.168.1.55","HTTP","209","GET /original_benchmark.png HTTP/1.1 "
"61425","37.322033855","192.168.1.55","192.168.1.2","TCP","66","8004  >  36794 [ACK] Seq=1 Ack=144 Win=65024 Len=0 TSval=2916041402 TSecr=3045561173"
"61426","37.322551911","192.168.1.55","192.168.1.2","TCP","255","8004  >  36794 [PSH, ACK] Seq=1 Ack=144 Win=65024 Len=189 TSval=2916041403 TSecr=3045561173 [TCP segment of a reassembled PDU]"
"61427","37.322647374","192.168.1.55","192.168.1.2","TCP","1514","8004  >  36794 [ACK] Seq=190 Ack=144 Win=65024 Len=1448 TSval=2916041403 TSecr=3045561173 [TCP segment of a reassembled PDU]"
"61428","37.322652930","192.168.1.55","192.168.1.2","TCP","1514","8004  >  36794 [ACK] Seq=1638 Ack=144 Win=65024 Len=1448 TSval=2916041403 TSecr=3045561173 [TCP segment of a reassembled PDU]"
"61429","37.322654559","192.168.1.55","192.168.1.2","TCP","1514","8004  >  36794 [ACK] Seq=3086 Ack=144 Win=65024 Len=1448 TSval=2916041403 TSecr=3045561173 [TCP segment of a reassembled PDU]"
"61430","37.322655967","192.168.1.55","192.168.1.2","TCP","1514","8004  >  36794 [ACK] Seq=4534 Ack=144 Win=65024 Len=1448 TSval=2916041403 TSecr=3045561173 [TCP segment of a reassembled PDU]"
"61431","37.322657356","192.168.1.55","192.168.1.2","TCP","1514","8004  >  36794 [PSH, ACK] Seq=5982 Ack=144 Win=65024 Len=1448 TSval=2916041403 TSecr=3045561173 [TCP segment of a reassembled PDU]"
"61432","37.322674819","192.168.1.55","192.168.1.2","TCP","1514","8004  >  36794 [ACK] Seq=7430 Ack=144 Win=65024 Len=1448 TSval=2916041403 TSecr=3045561173 [TCP segment of a reassembled PDU]"
"61433","37.322677096","192.168.1.55","192.168.1.2","TCP","1514","8004  >  36794 [ACK] Seq=8878 Ack=144 Win=65024 Len=1448 TSval=2916041403 TSecr=3045561173 [TCP segment of a reassembled PDU]"
"61434","37.322678893","192.168.1.55","192.168.1.2","TCP","1514","8004  >  36794 [ACK] Seq=10326 Ack=144 Win=65024 Len=1448 TSval=2916041403 TSecr=3045561173 [TCP segment of a reassembled PDU]"
"61435","37.322680319","192.168.1.55","192.168.1.2","TCP","1514","8004  >  36794 [PSH, ACK] Seq=11774 Ack=144 Win=65024 Len=1448 TSval=2916041403 TSecr=3045561173 [TCP segment of a reassembled PDU]"
"61436","37.328443643","192.168.1.2","192.168.1.55","TCP","66","36794  >  8004 [ACK] Seq=144 Ack=190 Win=64512 Len=0 TSval=3045561180 TSecr=2916041403"
"61437","37.328492680","192.168.1.55","192.168.1.2","TCP","1514","8004  >  36794 [ACK] Seq=13222 Ack=144 Win=65024 Len=1448 TSval=2916041409 TSecr=3045561180 [TCP segment of a reassembled PDU]"
"61438","37.328498476","192.168.1.55","192.168.1.2","TCP","1514","8004  >  36794 [PSH, ACK] Seq=14670 Ack=144 Win=65024 Len=1448 TSval=2916041409 TSecr=3045561180 [TCP segment of a reassembled PDU]"
"61439","37.328579365","192.168.1.2","192.168.1.55","TCP","66","36794  >  8004 [ACK] Seq=144 Ack=3086 Win=70656 Len=0 TSval=3045561180 TSecr=2916041403"
"61440","37.328588236","192.168.1.2","192.168.1.55","TCP","66","36794  >  8004 [ACK] Seq=144 Ack=5982 Win=76800 Len=0 TSval=3045561180 TSecr=2916041403"
"61441","37.328608476","192.168.1.55","192.168.1.2","TCP","1514","8004  >  36794 [ACK] Seq=16118 Ack=144 Win=65024 Len=1448 TSval=2916041409 TSecr=3045561180 [TCP segment of a reassembled PDU]"
"61442","37.328610680","192.168.1.55","192.168.1.2","TCP","1514","8004  >  36794 [ACK] Seq=17566 Ack=144 Win=65024 Len=1448 TSval=2916041409 TSecr=3045561180 [TCP segment of a reassembled PDU]"
"61443","37.328612106","192.168.1.55","192.168.1.2","TCP","1514","8004  >  36794 [ACK] Seq=19014 Ack=144 Win=65024 Len=1448 TSval=2916041409 TSecr=3045561180 [TCP segment of a reassembled PDU]"
"61444","37.328620013","192.168.1.55","192.168.1.2","TCP","1514","8004  >  36794 [ACK] Seq=20462 Ack=144 Win=65024 Len=1448 TSval=2916041409 TSecr=3045561180 [TCP segment of a reassembled PDU]"
"61445","37.328622217","192.168.1.55","192.168.1.2","TCP","1514","8004  >  36794 [ACK] Seq=21910 Ack=144 Win=65024 Len=1448 TSval=2916041409 TSecr=3045561180 [TCP segment of a reassembled PDU]"
"61446","37.328623754","192.168.1.55","192.168.1.2","TCP","1514","8004  >  36794 [ACK] Seq=23358 Ack=144 Win=65024 Len=1448 TSval=2916041409 TSecr=3045561180 [TCP segment of a reassembled PDU]"
"61447","37.328625161","192.168.1.55","192.168.1.2","TCP","1514","8004  >  36794 [PSH, ACK] Seq=24806 Ack=144 Win=65024 Len=1448 TSval=2916041409 TSecr=3045561180 [TCP segment of a reassembled PDU]"
"61448","37.328630347","192.168.1.2","192.168.1.55","TCP","66","36794  >  8004 [ACK] Seq=144 Ack=7430 Win=79872 Len=0 TSval=3045561181 TSecr=2916041403"
"61449","37.328636754","192.168.1.2","192.168.1.55","TCP","66","36794  >  8004 [ACK] Seq=144 Ack=13222 Win=79872 Len=0 TSval=3045561181 TSecr=2916041403"
"61450","37.328663199","192.168.1.55","192.168.1.2","TCP","1514","8004  >  36794 [ACK] Seq=26254 Ack=144 Win=65024 Len=1448 TSval=2916041409 TSecr=3045561181 [TCP segment of a reassembled PDU]"
"61451","37.328665699","192.168.1.55","192.168.1.2","TCP","1514","8004  >  36794 [ACK] Seq=27702 Ack=144 Win=65024 Len=1448 TSval=2916041409 TSecr=3045561181 [TCP segment of a reassembled PDU]"
"61452","37.328667087","192.168.1.55","192.168.1.2","TCP","1514","8004  >  36794 [ACK] Seq=29150 Ack=144 Win=65024 Len=1448 TSval=2916041409 TSecr=3045561181 [TCP segment of a reassembled PDU]"
"61453","37.328668643","192.168.1.55","192.168.1.2","TCP","1514","8004  >  36794 [ACK] Seq=30598 Ack=144 Win=65024 Len=1448 TSval=2916041409 TSecr=3045561181 [TCP segment of a reassembled PDU]"
"61454","37.328670180","192.168.1.55","192.168.1.2","TCP","1514","8004  >  36794 [ACK] Seq=32046 Ack=144 Win=65024 Len=1448 TSval=2916041409 TSecr=3045561181 [TCP segment of a reassembled PDU]"
"61455","37.328671884","192.168.1.55","192.168.1.2","TCP","1514","8004  >  36794 [ACK] Seq=33494 Ack=144 Win=65024 Len=1448 TSval=2916041409 TSecr=3045561181 [TCP segment of a reassembled PDU]"
"61456","37.328673365","192.168.1.55","192.168.1.2","TCP","1514","8004  >  36794 [ACK] Seq=34942 Ack=144 Win=65024 Len=1448 TSval=2916041409 TSecr=3045561181 [TCP segment of a reassembled PDU]"
"61457","37.328675273","192.168.1.55","192.168.1.2","TCP","1514","8004  >  36794 [ACK] Seq=36390 Ack=144 Win=65024 Len=1448 TSval=2916041409 TSecr=3045561181 [TCP segment of a reassembled PDU]"
"61458","37.328677402","192.168.1.55","192.168.1.2","TCP","1514","8004  >  36794 [ACK] Seq=37838 Ack=144 Win=65024 Len=1448 TSval=2916041409 TSecr=3045561181 [TCP segment of a reassembled PDU]"
"61459","37.328679347","192.168.1.55","192.168.1.2","TCP","1514","8004  >  36794 [PSH, ACK] Seq=39286 Ack=144 Win=65024 Len=1448 TSval=2916041409 TSecr=3045561181 [TCP segment of a reassembled PDU]"
"61460","37.329436459","192.168.1.55","192.168.1.2","TCP","1514","8004  >  36794 [ACK] Seq=40734 Ack=144 Win=65024 Len=1448 TSval=2916041410 TSecr=3045561181 [TCP segment of a reassembled PDU]"
"61461","37.334655468","192.168.1.2","192.168.1.55","TCP","66","36794  >  8004 [ACK] Seq=144 Ack=16118 Win=84992 Len=0 TSval=3045561188 TSecr=2916041409"
"61462","37.334693986","192.168.1.55","192.168.1.2","TCP","1514","8004  >  36794 [ACK] Seq=42182 Ack=144 Win=65024 Len=1448 TSval=2916041415 TSecr=3045561188 [TCP segment of a reassembled PDU]"
"61463","37.334697134","192.168.1.55","192.168.1.2","TCP","1514","8004  >  36794 [PSH, ACK] Seq=43630 Ack=144 Win=65024 Len=1448 TSval=2916041415 TSecr=3045561188 [TCP segment of a reassembled PDU]"
"61464","37.334778357","192.168.1.2","192.168.1.55","TCP","66","36794  >  8004 [ACK] Seq=144 Ack=26254 Win=83968 Len=0 TSval=3045561188 TSecr=2916041409"
"61465","37.334812764","192.168.1.55","192.168.1.2","TCP","1514","8004  >  36794 [ACK] Seq=45078 Ack=144 Win=65024 Len=1448 TSval=2916041415 TSecr=3045561188 [TCP segment of a reassembled PDU]"
"61466","37.334815986","192.168.1.55","192.168.1.2","TCP","1514","8004  >  36794 [ACK] Seq=46526 Ack=144 Win=65024 Len=1448 TSval=2916041415 TSecr=3045561188 [TCP segment of a reassembled PDU]"
"61467","37.334817616","192.168.1.55","192.168.1.2","TCP","1514","8004  >  36794 [ACK] Seq=47974 Ack=144 Win=65024 Len=1448 TSval=2916041415 TSecr=3045561188 [TCP segment of a reassembled PDU]"
"61468","37.334818912","192.168.1.55","192.168.1.2","TCP","1514","8004  >  36794 [ACK] Seq=49422 Ack=144 Win=65024 Len=1448 TSval=2916041415 TSecr=3045561188 [TCP segment of a reassembled PDU]"
"61469","37.334820523","192.168.1.55","192.168.1.2","TCP","1514","8004  >  36794 [ACK] Seq=50870 Ack=144 Win=65024 Len=1448 TSval=2916041415 TSecr=3045561188 [TCP segment of a reassembled PDU]"
"61470","37.334822801","192.168.1.55","192.168.1.2","TCP","1514","8004  >  36794 [ACK] Seq=52318 Ack=144 Win=65024 Len=1448 TSval=2916041415 TSecr=3045561188 [TCP segment of a reassembled PDU]"
"61471","37.334824468","192.168.1.55","192.168.1.2","TCP","1514","8004  >  36794 [ACK] Seq=53766 Ack=144 Win=65024 Len=1448 TSval=2916041415 TSecr=3045561188 [TCP segment of a reassembled PDU]"
"61472","37.334825875","192.168.1.55","192.168.1.2","TCP","1514","8004  >  36794 [ACK] Seq=55214 Ack=144 Win=65024 Len=1448 TSval=2916041415 TSecr=3045561188 [TCP segment of a reassembled PDU]"
"61473","37.334827116","192.168.1.55","192.168.1.2","TCP","1514","8004  >  36794 [ACK] Seq=56662 Ack=144 Win=65024 Len=1448 TSval=2916041415 TSecr=3045561188 [TCP segment of a reassembled PDU]"
"61474","37.334828838","192.168.1.55","192.168.1.2","TCP","1514","8004  >  36794 [ACK] Seq=58110 Ack=144 Win=65024 Len=1448 TSval=2916041415 TSecr=3045561188 [TCP segment of a reassembled PDU]"
"61475","37.334830709","192.168.1.55","192.168.1.2","TCP","1514","8004  >  36794 [ACK] Seq=59558 Ack=144 Win=65024 Len=1448 TSval=2916041415 TSecr=3045561188 [TCP segment of a reassembled PDU]"
"61476","37.334832283","192.168.1.55","192.168.1.2","TCP","1514","8004  >  36794 [ACK] Seq=61006 Ack=144 Win=65024 Len=1448 TSval=2916041415 TSecr=3045561188 [TCP segment of a reassembled PDU]"
"61477","37.334833727","192.168.1.55","192.168.1.2","TCP","1514","8004  >  36794 [ACK] Seq=62454 Ack=144 Win=65024 Len=1448 TSval=2916041415 TSecr=3045561188 [TCP segment of a reassembled PDU]"
"61478","37.334835764","192.168.1.55","192.168.1.2","TCP","1514","8004  >  36794 [PSH, ACK] Seq=63902 Ack=144 Win=65024 Len=1448 TSval=2916041415 TSecr=3045561188 [TCP segment of a reassembled PDU]"
"61479","37.334841634","192.168.1.2","192.168.1.55","TCP","66","36794  >  8004 [ACK] Seq=144 Ack=36390 Win=74752 Len=0 TSval=3045561188 TSecr=2916041409"
"61480","37.334873320","192.168.1.55","192.168.1.2","TCP","1514","8004  >  36794 [ACK] Seq=65350 Ack=144 Win=65024 Len=1448 TSval=2916041415 TSecr=3045561188 [TCP segment of a reassembled PDU]"
"61481","37.334875857","192.168.1.55","192.168.1.2","TCP","1514","8004  >  36794 [ACK] Seq=66798 Ack=144 Win=65024 Len=1448 TSval=2916041415 TSecr=3045561188 [TCP segment of a reassembled PDU]"
"61482","37.334877672","192.168.1.55","192.168.1.2","TCP","1514","8004  >  36794 [ACK] Seq=68246 Ack=144 Win=65024 Len=1448 TSval=2916041415 TSecr=3045561188 [TCP segment of a reassembled PDU]"
"61483","37.334879560","192.168.1.55","192.168.1.2","TCP","1514","8004  >  36794 [ACK] Seq=69694 Ack=144 Win=65024 Len=1448 TSval=2916041415 TSecr=3045561188 [TCP segment of a reassembled PDU]"
"61484","37.334881431","192.168.1.55","192.168.1.2","TCP","1514","8004  >  36794 [ACK] Seq=71142 Ack=144 Win=65024 Len=1448 TSval=2916041415 TSecr=3045561188 [TCP segment of a reassembled PDU]"
"61485","37.334882986","192.168.1.55","192.168.1.2","TCP","1514","8004  >  36794 [ACK] Seq=72590 Ack=144 Win=65024 Len=1448 TSval=2916041415 TSecr=3045561188 [TCP segment of a reassembled PDU]"
"61486","37.334885079","192.168.1.55","192.168.1.2","TCP","1514","8004  >  36794 [ACK] Seq=74038 Ack=144 Win=65024 Len=1448 TSval=2916041415 TSecr=3045561188 [TCP segment of a reassembled PDU]"
"61487","37.334887042","192.168.1.55","192.168.1.2","TCP","1514","8004  >  36794 [PSH, ACK] Seq=75486 Ack=144 Win=65024 Len=1448 TSval=2916041415 TSecr=3045561188 [TCP segment of a reassembled PDU]"
"61488","37.338526529","192.168.1.2","192.168.1.55","TCP","66","36794  >  8004 [ACK] Seq=144 Ack=40734 Win=89088 Len=0 TSval=3045561190 TSecr=2916041409"
"61489","37.338560344","192.168.1.55","192.168.1.2","TCP","1514","8004  >  36794 [ACK] Seq=76934 Ack=144 Win=65024 Len=1448 TSval=2916041419 TSecr=3045561190 [TCP segment of a reassembled PDU]"
"61490","37.338562678","192.168.1.55","192.168.1.2","TCP","1514","8004  >  36794 [ACK] Seq=78382 Ack=144 Win=65024 Len=1448 TSval=2916041419 TSecr=3045561190 [TCP segment of a reassembled PDU]"
"61491","37.338564196","192.168.1.55","192.168.1.2","TCP","1514","8004  >  36794 [ACK] Seq=79830 Ack=144 Win=65024 Len=1448 TSval=2916041419 TSecr=3045561190 [TCP segment of a reassembled PDU]"
"61492","37.338566140","192.168.1.55","192.168.1.2","TCP","1514","8004  >  36794 [ACK] Seq=81278 Ack=144 Win=65024 Len=1448 TSval=2916041419 TSecr=3045561190 [TCP segment of a reassembled PDU]"
"61493","37.338567752","192.168.1.55","192.168.1.2","TCP","1514","8004  >  36794 [ACK] Seq=82726 Ack=144 Win=65024 Len=1448 TSval=2916041419 TSecr=3045561190 [TCP segment of a reassembled PDU]"
"61494","37.338568992","192.168.1.55","192.168.1.2","TCP","1514","8004  >  36794 [ACK] Seq=84174 Ack=144 Win=65024 Len=1448 TSval=2916041419 TSecr=3045561190 [TCP segment of a reassembled PDU]"
"61495","37.338570307","192.168.1.55","192.168.1.2","TCP","1514","8004  >  36794 [ACK] Seq=85622 Ack=144 Win=65024 Len=1448 TSval=2916041419 TSecr=3045561190 [TCP segment of a reassembled PDU]"
"61496","37.338571455","192.168.1.55","192.168.1.2","TCP","1514","8004  >  36794 [ACK] Seq=87070 Ack=144 Win=65024 Len=1448 TSval=2916041419 TSecr=3045561190 [TCP segment of a reassembled PDU]"
"61497","37.338572566","192.168.1.55","192.168.1.2","TCP","1514","8004  >  36794 [ACK] Seq=88518 Ack=144 Win=65024 Len=1448 TSval=2916041419 TSecr=3045561190 [TCP segment of a reassembled PDU]"
"61498","37.338573826","192.168.1.55","192.168.1.2","TCP","1514","8004  >  36794 [ACK] Seq=89966 Ack=144 Win=65024 Len=1448 TSval=2916041419 TSecr=3045561190 [TCP segment of a reassembled PDU]"
"61499","37.338575085","192.168.1.55","192.168.1.2","TCP","1514","8004  >  36794 [ACK] Seq=91414 Ack=144 Win=65024 Len=1448 TSval=2916041419 TSecr=3045561190 [TCP segment of a reassembled PDU]"
"61500","37.338577363","192.168.1.55","192.168.1.2","TCP","1514","8004  >  36794 [ACK] Seq=92862 Ack=144 Win=65024 Len=1448 TSval=2916041419 TSecr=3045561190 [TCP segment of a reassembled PDU]"
"61501","37.338579122","192.168.1.55","192.168.1.2","TCP","1514","8004  >  36794 [ACK] Seq=94310 Ack=144 Win=65024 Len=1448 TSval=2916041419 TSecr=3045561190 [TCP segment of a reassembled PDU]"
"61502","37.338580270","192.168.1.55","192.168.1.2","TCP","1514","8004  >  36794 [PSH, ACK] Seq=95758 Ack=144 Win=65024 Len=1448 TSval=2916041419 TSecr=3045561190 [TCP segment of a reassembled PDU]"
"61503","37.338609381","192.168.1.2","192.168.1.55","TCP","66","36794  >  8004 [ACK] Seq=144 Ack=42182 Win=90112 Len=0 TSval=3045561190 TSecr=2916041410"
"61504","37.340974533","192.168.1.2","192.168.1.55","TCP","66","36794  >  8004 [ACK] Seq=144 Ack=45078 Win=88064 Len=0 TSval=3045561194 TSecr=2916041415"
"61505","37.340992848","192.168.1.55","192.168.1.2","TCP","1514","8004  >  36794 [ACK] Seq=97206 Ack=144 Win=65024 Len=1448 TSval=2916041421 TSecr=3045561194 [TCP segment of a reassembled PDU]"
"61506","37.340995663","192.168.1.55","192.168.1.2","TCP","1514","8004  >  36794 [ACK] Seq=98654 Ack=144 Win=65024 Len=1448 TSval=2916041421 TSecr=3045561194 [TCP segment of a reassembled PDU]"
"61507","37.340997422","192.168.1.55","192.168.1.2","TCP","1514","8004  >  36794 [ACK] Seq=100102 Ack=144 Win=65024 Len=1448 TSval=2916041421 TSecr=3045561194 [TCP segment of a reassembled PDU]"
"61508","37.340999533","192.168.1.55","192.168.1.2","TCP","1514","8004  >  36794 [ACK] Seq=101550 Ack=144 Win=65024 Len=1448 TSval=2916041421 TSecr=3045561194 [TCP segment of a reassembled PDU]"
"61509","37.341001274","192.168.1.55","192.168.1.2","TCP","1514","8004  >  36794 [ACK] Seq=102998 Ack=144 Win=65024 Len=1448 TSval=2916041421 TSecr=3045561194 [TCP segment of a reassembled PDU]"
"61510","37.341002663","192.168.1.55","192.168.1.2","TCP","1514","8004  >  36794 [PSH, ACK] Seq=104446 Ack=144 Win=65024 Len=1448 TSval=2916041421 TSecr=3045561194 [TCP segment of a reassembled PDU]"
"61511","37.341354386","192.168.1.2","192.168.1.55","TCP","66","36794  >  8004 [ACK] Seq=144 Ack=65350 Win=73728 Len=0 TSval=3045561194 TSecr=2916041415"
"61512","37.341369608","192.168.1.55","192.168.1.2","TCP","1514","8004  >  36794 [ACK] Seq=105894 Ack=144 Win=65024 Len=1448 TSval=2916041422 TSecr=3045561194 [TCP segment of a reassembled PDU]"
"61513","37.341371719","192.168.1.55","192.168.1.2","TCP","1514","8004  >  36794 [ACK] Seq=107342 Ack=144 Win=65024 Len=1448 TSval=2916041422 TSecr=3045561194 [TCP segment of a reassembled PDU]"
"61514","37.341373015","192.168.1.55","192.168.1.2","TCP","1514","8004  >  36794 [ACK] Seq=108790 Ack=144 Win=65024 Len=1448 TSval=2916041422 TSecr=3045561194 [TCP segment of a reassembled PDU]"
"61515","37.341375182","192.168.1.55","192.168.1.2","TCP","1514","8004  >  36794 [ACK] Seq=110238 Ack=144 Win=65024 Len=1448 TSval=2916041422 TSecr=3045561194 [TCP segment of a reassembled PDU]"
"61516","37.341377182","192.168.1.55","192.168.1.2","TCP","1514","8004  >  36794 [ACK] Seq=111686 Ack=144 Win=65024 Len=1448 TSval=2916041422 TSecr=3045561194 [TCP segment of a reassembled PDU]"
"61517","37.341378886","192.168.1.55","192.168.1.2","TCP","1514","8004  >  36794 [ACK] Seq=113134 Ack=144 Win=65024 Len=1448 TSval=2916041422 TSecr=3045561194 [TCP segment of a reassembled PDU]"
"61518","37.341380330","192.168.1.55","192.168.1.2","TCP","1514","8004  >  36794 [PSH, ACK] Seq=114582 Ack=144 Win=65024 Len=1448 TSval=2916041422 TSecr=3045561194 [TCP segment of a reassembled PDU]"
"61519","37.341386830","192.168.1.2","192.168.1.55","TCP","66","36794  >  8004 [ACK] Seq=144 Ack=76934 Win=62464 Len=0 TSval=3045561194 TSecr=2916041415"
"61520","37.341419053","192.168.1.55","192.168.1.2","TCP","1514","8004  >  36794 [ACK] Seq=116030 Ack=144 Win=65024 Len=1448 TSval=2916041422 TSecr=3045561194 [TCP segment of a reassembled PDU]"
"61521","37.341420941","192.168.1.55","192.168.1.2","TCP","1514","8004  >  36794 [ACK] Seq=117478 Ack=144 Win=65024 Len=1448 TSval=2916041422 TSecr=3045561194 [TCP segment of a reassembled PDU]"
"61522","37.341422349","192.168.1.55","192.168.1.2","TCP","1514","8004  >  36794 [ACK] Seq=118926 Ack=144 Win=65024 Len=1448 TSval=2916041422 TSecr=3045561194 [TCP segment of a reassembled PDU]"
"61523","37.341423738","192.168.1.55","192.168.1.2","TCP","1514","8004  >  36794 [ACK] Seq=120374 Ack=144 Win=65024 Len=1448 TSval=2916041422 TSecr=3045561194 [TCP segment of a reassembled PDU]"
"61524","37.341425386","192.168.1.55","192.168.1.2","TCP","1514","8004  >  36794 [ACK] Seq=121822 Ack=144 Win=65024 Len=1448 TSval=2916041422 TSecr=3045561194 [TCP segment of a reassembled PDU]"
"61525","37.341426775","192.168.1.55","192.168.1.2","TCP","1514","8004  >  36794 [ACK] Seq=123270 Ack=144 Win=65024 Len=1448 TSval=2916041422 TSecr=3045561194 [TCP segment of a reassembled PDU]"
"61526","37.341428201","192.168.1.55","192.168.1.2","TCP","1514","8004  >  36794 [ACK] Seq=124718 Ack=144 Win=65024 Len=1448 TSval=2916041422 TSecr=3045561194 [TCP segment of a reassembled PDU]"
"61527","37.341429664","192.168.1.55","192.168.1.2","TCP","1514","8004  >  36794 [ACK] Seq=126166 Ack=144 Win=65024 Len=1448 TSval=2916041422 TSecr=3045561194 [TCP segment of a reassembled PDU]"
"61528","37.341431515","192.168.1.55","192.168.1.2","TCP","1514","8004  >  36794 [ACK] Seq=127614 Ack=144 Win=65024 Len=1448 TSval=2916041422 TSecr=3045561194 [TCP segment of a reassembled PDU]"
"61529","37.341432904","192.168.1.55","192.168.1.2","TCP","1514","8004  >  36794 [ACK] Seq=129062 Ack=144 Win=65024 Len=1448 TSval=2916041422 TSecr=3045561194 [TCP segment of a reassembled PDU]"
"61530","37.341434701","192.168.1.55","192.168.1.2","TCP","1514","8004  >  36794 [ACK] Seq=130510 Ack=144 Win=65024 Len=1448 TSval=2916041422 TSecr=3045561194 [TCP segment of a reassembled PDU]"
"61531","37.341436145","192.168.1.55","192.168.1.2","TCP","1514","8004  >  36794 [ACK] Seq=131958 Ack=144 Win=65024 Len=1448 TSval=2916041422 TSecr=3045561194 [TCP segment of a reassembled PDU]"
"61532","37.341437830","192.168.1.55","192.168.1.2","TCP","1514","8004  >  36794 [ACK] Seq=133406 Ack=144 Win=65024 Len=1448 TSval=2916041422 TSecr=3045561194 [TCP segment of a reassembled PDU]"
"61533","37.341439312","192.168.1.55","192.168.1.2","TCP","1514","8004  >  36794 [ACK] Seq=134854 Ack=144 Win=65024 Len=1448 TSval=2916041422 TSecr=3045561194 [TCP segment of a reassembled PDU]"
"61534","37.341440923","192.168.1.55","192.168.1.2","TCP","1514","8004  >  36794 [ACK] Seq=136302 Ack=144 Win=65024 Len=1448 TSval=2916041422 TSecr=3045561194 [TCP segment of a reassembled PDU]"
"61535","37.341443053","192.168.1.55","192.168.1.2","TCP","1514","8004  >  36794 [ACK] Seq=137750 Ack=144 Win=65024 Len=1448 TSval=2916041422 TSecr=3045561194 [TCP segment of a reassembled PDU]"
"61536","37.341444738","192.168.1.55","192.168.1.2","TCP","266","[TCP Window Full] 8004  >  36794 [PSH, ACK] Seq=139198 Ack=144 Win=65024 Len=200 TSval=2916041422 TSecr=3045561194 [TCP segment of a reassembled PDU]"
"61537","37.344460076","192.168.1.2","192.168.1.55","TCP","66","36794  >  8004 [ACK] Seq=144 Ack=91414 Win=75776 Len=0 TSval=3045561196 TSecr=2916041419"
"61538","37.344496002","192.168.1.55","192.168.1.2","TCP","1514","8004  >  36794 [ACK] Seq=139398 Ack=144 Win=65024 Len=1448 TSval=2916041425 TSecr=3045561196 [TCP segment of a reassembled PDU]"
"61539","37.344499798","192.168.1.55","192.168.1.2","TCP","1514","8004  >  36794 [ACK] Seq=140846 Ack=144 Win=65024 Len=1448 TSval=2916041425 TSecr=3045561196 [TCP segment of a reassembled PDU]"
"61540","37.344501095","192.168.1.55","192.168.1.2","TCP","1514","8004  >  36794 [ACK] Seq=142294 Ack=144 Win=65024 Len=1448 TSval=2916041425 TSecr=3045561196 [TCP segment of a reassembled PDU]"
"61541","37.344502409","192.168.1.55","192.168.1.2","TCP","1514","8004  >  36794 [ACK] Seq=143742 Ack=144 Win=65024 Len=1448 TSval=2916041425 TSecr=3045561196 [TCP segment of a reassembled PDU]"
"61542","37.344503613","192.168.1.55","192.168.1.2","TCP","1514","8004  >  36794 [ACK] Seq=145190 Ack=144 Win=65024 Len=1448 TSval=2916041425 TSecr=3045561196 [TCP segment of a reassembled PDU]"
"61543","37.344504817","192.168.1.55","192.168.1.2","TCP","1514","8004  >  36794 [ACK] Seq=146638 Ack=144 Win=65024 Len=1448 TSval=2916041425 TSecr=3045561196 [TCP segment of a reassembled PDU]"
"61544","37.344506057","192.168.1.55","192.168.1.2","TCP","1514","8004  >  36794 [ACK] Seq=148086 Ack=144 Win=65024 Len=1448 TSval=2916041425 TSecr=3045561196 [TCP segment of a reassembled PDU]"
"61545","37.344507280","192.168.1.55","192.168.1.2","TCP","1514","8004  >  36794 [ACK] Seq=149534 Ack=144 Win=65024 Len=1448 TSval=2916041425 TSecr=3045561196 [TCP segment of a reassembled PDU]"
"61546","37.344508557","192.168.1.55","192.168.1.2","TCP","1514","8004  >  36794 [ACK] Seq=150982 Ack=144 Win=65024 Len=1448 TSval=2916041425 TSecr=3045561196 [TCP segment of a reassembled PDU]"
"61547","37.344509817","192.168.1.55","192.168.1.2","TCP","1514","8004  >  36794 [PSH, ACK] Seq=152430 Ack=144 Win=65024 Len=1448 TSval=2916041425 TSecr=3045561196 [TCP segment of a reassembled PDU]"
"61548","37.344517002","192.168.1.55","192.168.1.2","TCP","1314","8004  >  36794 [ACK] Seq=153878 Ack=144 Win=65024 Len=1248 TSval=2916041425 TSecr=3045561196 [TCP segment of a reassembled PDU]"
"61549","37.347251840","192.168.1.2","192.168.1.55","TCP","66","36794  >  8004 [ACK] Seq=144 Ack=97206 Win=101376 Len=0 TSval=3045561200 TSecr=2916041419"
"61550","37.347284469","192.168.1.55","192.168.1.2","TCP","1514","8004  >  36794 [ACK] Seq=155126 Ack=144 Win=65024 Len=1448 TSval=2916041427 TSecr=3045561200 [TCP segment of a reassembled PDU]"
"61551","37.347287469","192.168.1.55","192.168.1.2","TCP","1514","8004  >  36794 [ACK] Seq=156574 Ack=144 Win=65024 Len=1448 TSval=2916041427 TSecr=3045561200 [TCP segment of a reassembled PDU]"
"61552","37.347288821","192.168.1.55","192.168.1.2","TCP","1514","8004  >  36794 [ACK] Seq=158022 Ack=144 Win=65024 Len=1448 TSval=2916041427 TSecr=3045561200 [TCP segment of a reassembled PDU]"
"61553","37.347290155","192.168.1.55","192.168.1.2","TCP","1514","8004  >  36794 [ACK] Seq=159470 Ack=144 Win=65024 Len=1448 TSval=2916041427 TSecr=3045561200 [TCP segment of a reassembled PDU]"
"61554","37.347295858","192.168.1.55","192.168.1.2","TCP","1514","8004  >  36794 [ACK] Seq=160918 Ack=144 Win=65024 Len=1448 TSval=2916041427 TSecr=3045561200 [TCP segment of a reassembled PDU]"
"61555","37.347297321","192.168.1.55","192.168.1.2","TCP","1514","8004  >  36794 [ACK] Seq=162366 Ack=144 Win=65024 Len=1448 TSval=2916041427 TSecr=3045561200 [TCP segment of a reassembled PDU]"
"61556","37.347298543","192.168.1.55","192.168.1.2","TCP","1514","8004  >  36794 [ACK] Seq=163814 Ack=144 Win=65024 Len=1448 TSval=2916041427 TSecr=3045561200 [TCP segment of a reassembled PDU]"
"61557","37.347299932","192.168.1.55","192.168.1.2","TCP","1514","8004  >  36794 [ACK] Seq=165262 Ack=144 Win=65024 Len=1448 TSval=2916041427 TSecr=3045561200 [TCP segment of a reassembled PDU]"
"61558","37.347301247","192.168.1.55","192.168.1.2","TCP","1514","8004  >  36794 [ACK] Seq=166710 Ack=144 Win=65024 Len=1448 TSval=2916041427 TSecr=3045561200 [TCP segment of a reassembled PDU]"
"61559","37.347302543","192.168.1.55","192.168.1.2","TCP","1514","8004  >  36794 [ACK] Seq=168158 Ack=144 Win=65024 Len=1448 TSval=2916041427 TSecr=3045561200 [TCP segment of a reassembled PDU]"
"61560","37.347303895","192.168.1.55","192.168.1.2","TCP","1514","8004  >  36794 [ACK] Seq=169606 Ack=144 Win=65024 Len=1448 TSval=2916041427 TSecr=3045561200 [TCP segment of a reassembled PDU]"
"61561","37.347305247","192.168.1.55","192.168.1.2","TCP","1514","8004  >  36794 [ACK] Seq=171054 Ack=144 Win=65024 Len=1448 TSval=2916041427 TSecr=3045561200 [TCP segment of a reassembled PDU]"
"61562","37.347306469","192.168.1.55","192.168.1.2","TCP","1514","8004  >  36794 [ACK] Seq=172502 Ack=144 Win=65024 Len=1448 TSval=2916041427 TSecr=3045561200 [TCP segment of a reassembled PDU]"
"61563","37.347307858","192.168.1.55","192.168.1.2","TCP","1514","8004  >  36794 [ACK] Seq=173950 Ack=144 Win=65024 Len=1448 TSval=2916041427 TSecr=3045561200 [TCP segment of a reassembled PDU]"
"61564","37.347309081","192.168.1.55","192.168.1.2","TCP","1514","8004  >  36794 [ACK] Seq=175398 Ack=144 Win=65024 Len=1448 TSval=2916041427 TSecr=3045561200 [TCP segment of a reassembled PDU]"
"61565","37.347310395","192.168.1.55","192.168.1.2","TCP","1514","8004  >  36794 [ACK] Seq=176846 Ack=144 Win=65024 Len=1448 TSval=2916041427 TSecr=3045561200 [TCP segment of a reassembled PDU]"
"61566","37.347311710","192.168.1.55","192.168.1.2","TCP","1514","8004  >  36794 [ACK] Seq=178294 Ack=144 Win=65024 Len=1448 TSval=2916041427 TSecr=3045561200 [TCP segment of a reassembled PDU]"
"61567","37.347312969","192.168.1.55","192.168.1.2","TCP","1514","8004  >  36794 [ACK] Seq=179742 Ack=144 Win=65024 Len=1448 TSval=2916041427 TSecr=3045561200 [TCP segment of a reassembled PDU]"
"61568","37.347314377","192.168.1.55","192.168.1.2","TCP","1514","8004  >  36794 [ACK] Seq=181190 Ack=144 Win=65024 Len=1448 TSval=2916041427 TSecr=3045561200 [TCP segment of a reassembled PDU]"
"61569","37.347315914","192.168.1.55","192.168.1.2","TCP","1514","8004  >  36794 [ACK] Seq=182638 Ack=144 Win=65024 Len=1448 TSval=2916041427 TSecr=3045561200 [TCP segment of a reassembled PDU]"
"61570","37.347317284","192.168.1.55","192.168.1.2","TCP","1514","8004  >  36794 [ACK] Seq=184086 Ack=144 Win=65024 Len=1448 TSval=2916041427 TSecr=3045561200 [TCP segment of a reassembled PDU]"
"61571","37.347318488","192.168.1.55","192.168.1.2","TCP","1514","8004  >  36794 [ACK] Seq=185534 Ack=144 Win=65024 Len=1448 TSval=2916041427 TSecr=3045561200 [TCP segment of a reassembled PDU]"
"61572","37.347319766","192.168.1.55","192.168.1.2","TCP","1514","8004  >  36794 [ACK] Seq=186982 Ack=144 Win=65024 Len=1448 TSval=2916041427 TSecr=3045561200 [TCP segment of a reassembled PDU]"
"61573","37.347321136","192.168.1.55","192.168.1.2","TCP","1514","8004  >  36794 [ACK] Seq=188430 Ack=144 Win=65024 Len=1448 TSval=2916041427 TSecr=3045561200 [TCP segment of a reassembled PDU]"
"61574","37.347322321","192.168.1.55","192.168.1.2","TCP","1514","8004  >  36794 [ACK] Seq=189878 Ack=144 Win=65024 Len=1448 TSval=2916041427 TSecr=3045561200 [TCP segment of a reassembled PDU]"
"61575","37.347323710","192.168.1.55","192.168.1.2","TCP","1514","8004  >  36794 [ACK] Seq=191326 Ack=144 Win=65024 Len=1448 TSval=2916041427 TSecr=3045561200 [TCP segment of a reassembled PDU]"
"61576","37.347325025","192.168.1.55","192.168.1.2","TCP","1514","8004  >  36794 [ACK] Seq=192774 Ack=144 Win=65024 Len=1448 TSval=2916041427 TSecr=3045561200 [TCP segment of a reassembled PDU]"
"61577","37.347326303","192.168.1.55","192.168.1.2","TCP","1514","8004  >  36794 [ACK] Seq=194222 Ack=144 Win=65024 Len=1448 TSval=2916041427 TSecr=3045561200 [TCP segment of a reassembled PDU]"
"61578","37.347327747","192.168.1.55","192.168.1.2","TCP","1514","8004  >  36794 [PSH, ACK] Seq=195670 Ack=144 Win=65024 Len=1448 TSval=2916041427 TSecr=3045561200 [TCP segment of a reassembled PDU]"
"61579","37.347418358","192.168.1.2","192.168.1.55","TCP","66","36794  >  8004 [ACK] Seq=144 Ack=105894 Win=101376 Len=0 TSval=3045561200 TSecr=2916041421"
"61580","37.347429044","192.168.1.2","192.168.1.55","TCP","66","36794  >  8004 [ACK] Seq=144 Ack=116030 Win=108544 Len=0 TSval=3045561200 TSecr=2916041422"
"61581","37.347434970","192.168.1.2","192.168.1.55","TCP","66","36794  >  8004 [ACK] Seq=144 Ack=139398 Win=86016 Len=0 TSval=3045561200 TSecr=2916041422"
"61582","37.347464377","192.168.1.55","192.168.1.2","TCP","1514","8004  >  36794 [ACK] Seq=197118 Ack=144 Win=65024 Len=1448 TSval=2916041428 TSecr=3045561200 [TCP segment of a reassembled PDU]"
"61583","37.347466896","192.168.1.55","192.168.1.2","TCP","1514","8004  >  36794 [ACK] Seq=198566 Ack=144 Win=65024 Len=1448 TSval=2916041428 TSecr=3045561200 [TCP segment of a reassembled PDU]"
"61584","37.347468210","192.168.1.55","192.168.1.2","TCP","1514","8004  >  36794 [ACK] Seq=200014 Ack=144 Win=65024 Len=1448 TSval=2916041428 TSecr=3045561200 [TCP segment of a reassembled PDU]"
"61585","37.347469451","192.168.1.55","192.168.1.2","TCP","1514","8004  >  36794 [ACK] Seq=201462 Ack=144 Win=65024 Len=1448 TSval=2916041428 TSecr=3045561200 [TCP segment of a reassembled PDU]"
"61586","37.347470822","192.168.1.55","192.168.1.2","TCP","1514","8004  >  36794 [ACK] Seq=202910 Ack=144 Win=65024 Len=1448 TSval=2916041428 TSecr=3045561200 [TCP segment of a reassembled PDU]"
"61587","37.347472044","192.168.1.55","192.168.1.2","TCP","1514","8004  >  36794 [ACK] Seq=204358 Ack=144 Win=65024 Len=1448 TSval=2916041428 TSecr=3045561200 [TCP segment of a reassembled PDU]"
"61588","37.347473266","192.168.1.55","192.168.1.2","TCP","1514","8004  >  36794 [ACK] Seq=205806 Ack=144 Win=65024 Len=1448 TSval=2916041428 TSecr=3045561200 [TCP segment of a reassembled PDU]"
"61589","37.347474562","192.168.1.55","192.168.1.2","TCP","1514","8004  >  36794 [ACK] Seq=207254 Ack=144 Win=65024 Len=1448 TSval=2916041428 TSecr=3045561200 [TCP segment of a reassembled PDU]"
"61590","37.347475766","192.168.1.55","192.168.1.2","TCP","1514","8004  >  36794 [ACK] Seq=208702 Ack=144 Win=65024 Len=1448 TSval=2916041428 TSecr=3045561200 [TCP segment of a reassembled PDU]"
"61591","37.347477118","192.168.1.55","192.168.1.2","TCP","1514","8004  >  36794 [ACK] Seq=210150 Ack=144 Win=65024 Len=1448 TSval=2916041428 TSecr=3045561200 [TCP segment of a reassembled PDU]"
"61592","37.347478729","192.168.1.55","192.168.1.2","TCP","1514","8004  >  36794 [ACK] Seq=211598 Ack=144 Win=65024 Len=1448 TSval=2916041428 TSecr=3045561200 [TCP segment of a reassembled PDU]"
"61593","37.347479933","192.168.1.55","192.168.1.2","TCP","1514","8004  >  36794 [ACK] Seq=213046 Ack=144 Win=65024 Len=1448 TSval=2916041428 TSecr=3045561200 [TCP segment of a reassembled PDU]"
"61594","37.347481155","192.168.1.55","192.168.1.2","TCP","1514","8004  >  36794 [ACK] Seq=214494 Ack=144 Win=65024 Len=1448 TSval=2916041428 TSecr=3045561200 [TCP segment of a reassembled PDU]"
"61595","37.347482544","192.168.1.55","192.168.1.2","TCP","1514","8004  >  36794 [ACK] Seq=215942 Ack=144 Win=65024 Len=1448 TSval=2916041428 TSecr=3045561200 [TCP segment of a reassembled PDU]"
"61596","37.347483970","192.168.1.55","192.168.1.2","TCP","1514","8004  >  36794 [ACK] Seq=217390 Ack=144 Win=65024 Len=1448 TSval=2916041428 TSecr=3045561200 [TCP segment of a reassembled PDU]"
"61597","37.347485173","192.168.1.55","192.168.1.2","TCP","1514","8004  >  36794 [ACK] Seq=218838 Ack=144 Win=65024 Len=1448 TSval=2916041428 TSecr=3045561200 [TCP segment of a reassembled PDU]"
"61598","37.347486396","192.168.1.55","192.168.1.2","TCP","1514","8004  >  36794 [ACK] Seq=220286 Ack=144 Win=65024 Len=1448 TSval=2916041428 TSecr=3045561200 [TCP segment of a reassembled PDU]"
"61599","37.347487599","192.168.1.55","192.168.1.2","TCP","1514","8004  >  36794 [ACK] Seq=221734 Ack=144 Win=65024 Len=1448 TSval=2916041428 TSecr=3045561200 [TCP segment of a reassembled PDU]"
"61600","37.347488822","192.168.1.55","192.168.1.2","TCP","1514","8004  >  36794 [PSH, ACK] Seq=223182 Ack=144 Win=65024 Len=1448 TSval=2916041428 TSecr=3045561200 [TCP segment of a reassembled PDU]"
"61601","37.348710101","192.168.1.2","192.168.1.55","TCP","66","36794  >  8004 [ACK] Seq=144 Ack=153878 Win=100352 Len=0 TSval=3045561203 TSecr=2916041425"
"61602","37.348728509","192.168.1.55","192.168.1.2","TCP","1514","8004  >  36794 [ACK] Seq=224630 Ack=144 Win=65024 Len=1448 TSval=2916041429 TSecr=3045561203 [TCP segment of a reassembled PDU]"
"61603","37.348730361","192.168.1.55","192.168.1.2","TCP","1514","8004  >  36794 [ACK] Seq=226078 Ack=144 Win=65024 Len=1448 TSval=2916041429 TSecr=3045561203 [TCP segment of a reassembled PDU]"
"61604","37.348731675","192.168.1.55","192.168.1.2","TCP","1514","8004  >  36794 [ACK] Seq=227526 Ack=144 Win=65024 Len=1448 TSval=2916041429 TSecr=3045561203 [TCP segment of a reassembled PDU]"
"61605","37.348733027","192.168.1.55","192.168.1.2","TCP","1514","8004  >  36794 [ACK] Seq=228974 Ack=144 Win=65024 Len=1448 TSval=2916041429 TSecr=3045561203 [TCP segment of a reassembled PDU]"
"61606","37.348734342","192.168.1.55","192.168.1.2","TCP","1514","8004  >  36794 [ACK] Seq=230422 Ack=144 Win=65024 Len=1448 TSval=2916041429 TSecr=3045561203 [TCP segment of a reassembled PDU]"
"61607","37.348735712","192.168.1.55","192.168.1.2","TCP","1514","8004  >  36794 [ACK] Seq=231870 Ack=144 Win=65024 Len=1448 TSval=2916041429 TSecr=3045561203 [TCP segment of a reassembled PDU]"
"61608","37.348736935","192.168.1.55","192.168.1.2","TCP","1514","8004  >  36794 [ACK] Seq=233318 Ack=144 Win=65024 Len=1448 TSval=2916041429 TSecr=3045561203 [TCP segment of a reassembled PDU]"
"61609","37.348738212","192.168.1.55","192.168.1.2","TCP","1514","8004  >  36794 [ACK] Seq=234766 Ack=144 Win=65024 Len=1448 TSval=2916041429 TSecr=3045561203 [TCP segment of a reassembled PDU]"
"61610","37.348739490","192.168.1.55","192.168.1.2","TCP","1514","8004  >  36794 [ACK] Seq=236214 Ack=144 Win=65024 Len=1448 TSval=2916041429 TSecr=3045561203 [TCP segment of a reassembled PDU]"
"61611","37.348740694","192.168.1.55","192.168.1.2","TCP","1514","8004  >  36794 [PSH, ACK] Seq=237662 Ack=144 Win=65024 Len=1448 TSval=2916041429 TSecr=3045561203 [TCP segment of a reassembled PDU]"
"61612","37.353070108","192.168.1.2","192.168.1.55","TCP","66","36794  >  8004 [ACK] Seq=144 Ack=155126 Win=111616 Len=0 TSval=3045561204 TSecr=2916041425"
"61613","37.353098071","192.168.1.55","192.168.1.2","TCP","1514","8004  >  36794 [ACK] Seq=239110 Ack=144 Win=65024 Len=1448 TSval=2916041433 TSecr=3045561204 [TCP segment of a reassembled PDU]"
"61614","37.353100720","192.168.1.55","192.168.1.2","TCP","1514","8004  >  36794 [ACK] Seq=240558 Ack=144 Win=65024 Len=1448 TSval=2916041433 TSecr=3045561204 [TCP segment of a reassembled PDU]"
"61615","37.353102127","192.168.1.55","192.168.1.2","TCP","1514","8004  >  36794 [ACK] Seq=242006 Ack=144 Win=65024 Len=1448 TSval=2916041433 TSecr=3045561204 [TCP segment of a reassembled PDU]"
"61616","37.353103516","192.168.1.55","192.168.1.2","TCP","1514","8004  >  36794 [ACK] Seq=243454 Ack=144 Win=65024 Len=1448 TSval=2916041433 TSecr=3045561204 [TCP segment of a reassembled PDU]"
"61617","37.353104849","192.168.1.55","192.168.1.2","TCP","1514","8004  >  36794 [ACK] Seq=244902 Ack=144 Win=65024 Len=1448 TSval=2916041433 TSecr=3045561204 [TCP segment of a reassembled PDU]"
"61618","37.353106238","192.168.1.55","192.168.1.2","TCP","1514","8004  >  36794 [ACK] Seq=246350 Ack=144 Win=65024 Len=1448 TSval=2916041433 TSecr=3045561204 [TCP segment of a reassembled PDU]"
"61619","37.353107720","192.168.1.55","192.168.1.2","TCP","1514","8004  >  36794 [ACK] Seq=247798 Ack=144 Win=65024 Len=1448 TSval=2916041433 TSecr=3045561204 [TCP segment of a reassembled PDU]"
"61620","37.353109016","192.168.1.55","192.168.1.2","TCP","1514","8004  >  36794 [ACK] Seq=249246 Ack=144 Win=65024 Len=1448 TSval=2916041433 TSecr=3045561204 [TCP segment of a reassembled PDU]"
"61621","37.353110553","192.168.1.55","192.168.1.2","TCP","1514","8004  >  36794 [ACK] Seq=250694 Ack=144 Win=65024 Len=1448 TSval=2916041433 TSecr=3045561204 [TCP segment of a reassembled PDU]"
"61622","37.353112220","192.168.1.55","192.168.1.2","TCP","1514","8004  >  36794 [ACK] Seq=252142 Ack=144 Win=65024 Len=1448 TSval=2916041433 TSecr=3045561204 [TCP segment of a reassembled PDU]"
"61623","37.353113608","192.168.1.55","192.168.1.2","TCP","1514","8004  >  36794 [ACK] Seq=253590 Ack=144 Win=65024 Len=1448 TSval=2916041433 TSecr=3045561204 [TCP segment of a reassembled PDU]"
"61624","37.353119034","192.168.1.55","192.168.1.2","TCP","1514","8004  >  36794 [ACK] Seq=255038 Ack=144 Win=65024 Len=1448 TSval=2916041433 TSecr=3045561204 [TCP segment of a reassembled PDU]"
"61625","37.353120683","192.168.1.55","192.168.1.2","TCP","1514","8004  >  36794 [ACK] Seq=256486 Ack=144 Win=65024 Len=1448 TSval=2916041433 TSecr=3045561204 [TCP segment of a reassembled PDU]"
"61626","37.353122145","192.168.1.55","192.168.1.2","TCP","1514","8004  >  36794 [ACK] Seq=257934 Ack=144 Win=65024 Len=1448 TSval=2916041433 TSecr=3045561204 [TCP segment of a reassembled PDU]"
"61627","37.353123590","192.168.1.55","192.168.1.2","TCP","1514","8004  >  36794 [ACK] Seq=259382 Ack=144 Win=65024 Len=1448 TSval=2916041433 TSecr=3045561204 [TCP segment of a reassembled PDU]"
"61628","37.353124886","192.168.1.55","192.168.1.2","TCP","1514","8004  >  36794 [ACK] Seq=260830 Ack=144 Win=65024 Len=1448 TSval=2916041433 TSecr=3045561204 [TCP segment of a reassembled PDU]"
"61629","37.353126349","192.168.1.55","192.168.1.2","TCP","1514","8004  >  36794 [ACK] Seq=262278 Ack=144 Win=65024 Len=1448 TSval=2916041433 TSecr=3045561204 [TCP segment of a reassembled PDU]"
"61630","37.353127886","192.168.1.55","192.168.1.2","TCP","1514","8004  >  36794 [ACK] Seq=263726 Ack=144 Win=65024 Len=1448 TSval=2916041433 TSecr=3045561204 [TCP segment of a reassembled PDU]"
"61631","37.353129331","192.168.1.55","192.168.1.2","TCP","1514","8004  >  36794 [ACK] Seq=265174 Ack=144 Win=65024 Len=1448 TSval=2916041433 TSecr=3045561204 [TCP segment of a reassembled PDU]"
"61632","37.353130775","192.168.1.55","192.168.1.2","TCP","186","[TCP Window Full] 8004  >  36794 [PSH, ACK] Seq=266622 Ack=144 Win=65024 Len=120 TSval=2916041433 TSecr=3045561204 [TCP segment of a reassembled PDU]"
"61633","37.356343891","192.168.1.2","192.168.1.55","TCP","66","36794  >  8004 [ACK] Seq=144 Ack=171054 Win=101376 Len=0 TSval=3045561208 TSecr=2916041427"
"61634","37.356357595","192.168.1.55","192.168.1.2","TCP","1514","8004  >  36794 [ACK] Seq=266742 Ack=144 Win=65024 Len=1448 TSval=2916041437 TSecr=3045561208 [TCP segment of a reassembled PDU]"
"61635","37.356360058","192.168.1.55","192.168.1.2","TCP","1514","8004  >  36794 [ACK] Seq=268190 Ack=144 Win=65024 Len=1448 TSval=2916041437 TSecr=3045561208 [TCP segment of a reassembled PDU]"
"61636","37.356361447","192.168.1.55","192.168.1.2","TCP","1514","8004  >  36794 [PSH, ACK] Seq=269638 Ack=144 Win=65024 Len=1448 TSval=2916041437 TSecr=3045561208 [TCP segment of a reassembled PDU]"
"61637","37.356605892","192.168.1.2","192.168.1.55","TCP","66","36794  >  8004 [ACK] Seq=144 Ack=197118 Win=93184 Len=0 TSval=3045561209 TSecr=2916041427"
"61638","37.356619744","192.168.1.55","192.168.1.2","TCP","1514","8004  >  36794 [ACK] Seq=271086 Ack=144 Win=65024 Len=1448 TSval=2916041437 TSecr=3045561209 [TCP segment of a reassembled PDU]"
"61639","37.356622114","192.168.1.55","192.168.1.2","TCP","1514","8004  >  36794 [ACK] Seq=272534 Ack=144 Win=65024 Len=1448 TSval=2916041437 TSecr=3045561209 [TCP segment of a reassembled PDU]"
"61640","37.356623559","192.168.1.55","192.168.1.2","TCP","1514","8004  >  36794 [ACK] Seq=273982 Ack=144 Win=65024 Len=1448 TSval=2916041437 TSecr=3045561209 [TCP segment of a reassembled PDU]"
"61641","37.356624966","192.168.1.55","192.168.1.2","TCP","1514","8004  >  36794 [ACK] Seq=275430 Ack=144 Win=65024 Len=1448 TSval=2916041437 TSecr=3045561209 [TCP segment of a reassembled PDU]"
"61642","37.356626318","192.168.1.55","192.168.1.2","TCP","1514","8004  >  36794 [ACK] Seq=276878 Ack=144 Win=65024 Len=1448 TSval=2916041437 TSecr=3045561209 [TCP segment of a reassembled PDU]"
"61643","37.356627614","192.168.1.55","192.168.1.2","TCP","1514","8004  >  36794 [PSH, ACK] Seq=278326 Ack=144 Win=65024 Len=1448 TSval=2916041437 TSecr=3045561209 [TCP segment of a reassembled PDU]"
"61644","37.356632762","192.168.1.55","192.168.1.2","TCP","1394","8004  >  36794 [ACK] Seq=279774 Ack=144 Win=65024 Len=1328 TSval=2916041437 TSecr=3045561209 [TCP segment of a reassembled PDU]"
"61645","37.356636947","192.168.1.2","192.168.1.55","TCP","66","36794  >  8004 [ACK] Seq=144 Ack=239110 Win=51200 Len=0 TSval=3045561209 TSecr=2916041428"
"61646","37.356651892","192.168.1.55","192.168.1.2","TCP","1514","8004  >  36794 [ACK] Seq=281102 Ack=144 Win=65024 Len=1448 TSval=2916041437 TSecr=3045561209 [TCP segment of a reassembled PDU]"
"61647","37.356653762","192.168.1.55","192.168.1.2","TCP","1514","8004  >  36794 [ACK] Seq=282550 Ack=144 Win=65024 Len=1448 TSval=2916041437 TSecr=3045561209 [TCP segment of a reassembled PDU]"
"61648","37.356655207","192.168.1.55","192.168.1.2","TCP","1514","8004  >  36794 [ACK] Seq=283998 Ack=144 Win=65024 Len=1448 TSval=2916041437 TSecr=3045561209 [TCP segment of a reassembled PDU]"
"61649","37.356656577","192.168.1.55","192.168.1.2","TCP","1514","8004  >  36794 [ACK] Seq=285446 Ack=144 Win=65024 Len=1448 TSval=2916041437 TSecr=3045561209 [TCP segment of a reassembled PDU]"
"61650","37.356657947","192.168.1.55","192.168.1.2","TCP","1514","8004  >  36794 [ACK] Seq=286894 Ack=144 Win=65024 Len=1448 TSval=2916041437 TSecr=3045561209 [TCP segment of a reassembled PDU]"
"61651","37.356659299","192.168.1.55","192.168.1.2","TCP","1514","8004  >  36794 [PSH, ACK] Seq=288342 Ack=144 Win=65024 Len=1448 TSval=2916041437 TSecr=3045561209 [TCP segment of a reassembled PDU]"
"61652","37.356663318","192.168.1.2","192.168.1.55","TCP","66","[TCP Window Update] 36794  >  8004 [ACK] Seq=144 Ack=239110 Win=102400 Len=0 TSval=3045561209 TSecr=2916041428"
"61653","37.356691281","192.168.1.55","192.168.1.2","TCP","1514","8004  >  36794 [ACK] Seq=289790 Ack=144 Win=65024 Len=1448 TSval=2916041437 TSecr=3045561209 [TCP segment of a reassembled PDU]"
"61654","37.356693077","192.168.1.55","192.168.1.2","TCP","1514","8004  >  36794 [ACK] Seq=291238 Ack=144 Win=65024 Len=1448 TSval=2916041437 TSecr=3045561209 [TCP segment of a reassembled PDU]"
"61655","37.356694373","192.168.1.55","192.168.1.2","TCP","1514","8004  >  36794 [ACK] Seq=292686 Ack=144 Win=65024 Len=1448 TSval=2916041437 TSecr=3045561209 [TCP segment of a reassembled PDU]"
"61656","37.356695744","192.168.1.55","192.168.1.2","TCP","1514","8004  >  36794 [ACK] Seq=294134 Ack=144 Win=65024 Len=1448 TSval=2916041437 TSecr=3045561209 [TCP segment of a reassembled PDU]"
"61657","37.356697133","192.168.1.55","192.168.1.2","TCP","1514","8004  >  36794 [ACK] Seq=295582 Ack=144 Win=65024 Len=1448 TSval=2916041437 TSecr=3045561209 [TCP segment of a reassembled PDU]"
"61658","37.356698522","192.168.1.55","192.168.1.2","TCP","1514","8004  >  36794 [ACK] Seq=297030 Ack=144 Win=65024 Len=1448 TSval=2916041437 TSecr=3045561209 [TCP segment of a reassembled PDU]"
"61659","37.356699836","192.168.1.55","192.168.1.2","TCP","1514","8004  >  36794 [ACK] Seq=298478 Ack=144 Win=65024 Len=1448 TSval=2916041437 TSecr=3045561209 [TCP segment of a reassembled PDU]"
"61660","37.356701096","192.168.1.55","192.168.1.2","TCP","1514","8004  >  36794 [ACK] Seq=299926 Ack=144 Win=65024 Len=1448 TSval=2916041437 TSecr=3045561209 [TCP segment of a reassembled PDU]"
"61661","37.356702466","192.168.1.55","192.168.1.2","TCP","1514","8004  >  36794 [ACK] Seq=301374 Ack=144 Win=65024 Len=1448 TSval=2916041437 TSecr=3045561209 [TCP segment of a reassembled PDU]"
"61662","37.356703911","192.168.1.55","192.168.1.2","TCP","1514","8004  >  36794 [ACK] Seq=302822 Ack=144 Win=65024 Len=1448 TSval=2916041437 TSecr=3045561209 [TCP segment of a reassembled PDU]"
"61663","37.356705299","192.168.1.55","192.168.1.2","TCP","1514","8004  >  36794 [ACK] Seq=304270 Ack=144 Win=65024 Len=1448 TSval=2916041437 TSecr=3045561209 [TCP segment of a reassembled PDU]"
"61664","37.356706707","192.168.1.55","192.168.1.2","TCP","1514","8004  >  36794 [ACK] Seq=305718 Ack=144 Win=65024 Len=1448 TSval=2916041437 TSecr=3045561209 [TCP segment of a reassembled PDU]"
"61665","37.356708411","192.168.1.55","192.168.1.2","TCP","1514","8004  >  36794 [ACK] Seq=307166 Ack=144 Win=65024 Len=1448 TSval=2916041437 TSecr=3045561209 [TCP segment of a reassembled PDU]"
"61666","37.356709818","192.168.1.55","192.168.1.2","TCP","1514","8004  >  36794 [ACK] Seq=308614 Ack=144 Win=65024 Len=1448 TSval=2916041437 TSecr=3045561209 [TCP segment of a reassembled PDU]"
"61667","37.356711281","192.168.1.55","192.168.1.2","TCP","1514","8004  >  36794 [ACK] Seq=310062 Ack=144 Win=65024 Len=1448 TSval=2916041437 TSecr=3045561209 [TCP segment of a reassembled PDU]"
"61668","37.356712577","192.168.1.55","192.168.1.2","TCP","1514","8004  >  36794 [ACK] Seq=311510 Ack=144 Win=65024 Len=1448 TSval=2916041437 TSecr=3045561209 [TCP segment of a reassembled PDU]"
"61669","37.356714114","192.168.1.55","192.168.1.2","TCP","1514","8004  >  36794 [ACK] Seq=312958 Ack=144 Win=65024 Len=1448 TSval=2916041437 TSecr=3045561209 [TCP segment of a reassembled PDU]"
"61670","37.356715540","192.168.1.55","192.168.1.2","TCP","1514","8004  >  36794 [ACK] Seq=314406 Ack=144 Win=65024 Len=1448 TSval=2916041437 TSecr=3045561209 [TCP segment of a reassembled PDU]"
"61671","37.356717003","192.168.1.55","192.168.1.2","TCP","1514","8004  >  36794 [ACK] Seq=315854 Ack=144 Win=65024 Len=1448 TSval=2916041437 TSecr=3045561209 [TCP segment of a reassembled PDU]"
"61672","37.356718299","192.168.1.55","192.168.1.2","TCP","1514","8004  >  36794 [ACK] Seq=317302 Ack=144 Win=65024 Len=1448 TSval=2916041437 TSecr=3045561209 [TCP segment of a reassembled PDU]"
"61673","37.356719670","192.168.1.55","192.168.1.2","TCP","1514","8004  >  36794 [ACK] Seq=318750 Ack=144 Win=65024 Len=1448 TSval=2916041437 TSecr=3045561209 [TCP segment of a reassembled PDU]"
"61674","37.356721151","192.168.1.55","192.168.1.2","TCP","1514","8004  >  36794 [ACK] Seq=320198 Ack=144 Win=65024 Len=1448 TSval=2916041437 TSecr=3045561209 [TCP segment of a reassembled PDU]"
"61675","37.356722540","192.168.1.55","192.168.1.2","TCP","1514","8004  >  36794 [PSH, ACK] Seq=321646 Ack=144 Win=65024 Len=1448 TSval=2916041437 TSecr=3045561209 [TCP segment of a reassembled PDU]"
"61676","37.356737522","192.168.1.55","192.168.1.2","TCP","1514","8004  >  36794 [ACK] Seq=323094 Ack=144 Win=65024 Len=1448 TSval=2916041437 TSecr=3045561209 [TCP segment of a reassembled PDU]"
"61677","37.356739040","192.168.1.55","192.168.1.2","TCP","1514","8004  >  36794 [ACK] Seq=324542 Ack=144 Win=65024 Len=1448 TSval=2916041437 TSecr=3045561209 [TCP segment of a reassembled PDU]"
"61678","37.356740374","192.168.1.55","192.168.1.2","TCP","1514","8004  >  36794 [ACK] Seq=325990 Ack=144 Win=65024 Len=1448 TSval=2916041437 TSecr=3045561209 [TCP segment of a reassembled PDU]"
"61679","37.356741836","192.168.1.55","192.168.1.2","TCP","1514","8004  >  36794 [ACK] Seq=327438 Ack=144 Win=65024 Len=1448 TSval=2916041437 TSecr=3045561209 [TCP segment of a reassembled PDU]"
"61680","37.356743244","192.168.1.55","192.168.1.2","TCP","1514","8004  >  36794 [ACK] Seq=328886 Ack=144 Win=65024 Len=1448 TSval=2916041437 TSecr=3045561209 [TCP segment of a reassembled PDU]"
"61681","37.356744577","192.168.1.55","192.168.1.2","TCP","1514","8004  >  36794 [ACK] Seq=330334 Ack=144 Win=65024 Len=1448 TSval=2916041437 TSecr=3045561209 [TCP segment of a reassembled PDU]"
"61682","37.356745892","192.168.1.55","192.168.1.2","TCP","1514","8004  >  36794 [ACK] Seq=331782 Ack=144 Win=65024 Len=1448 TSval=2916041437 TSecr=3045561209 [TCP segment of a reassembled PDU]"
"61683","37.356747207","192.168.1.55","192.168.1.2","TCP","1514","8004  >  36794 [ACK] Seq=333230 Ack=144 Win=65024 Len=1448 TSval=2916041437 TSecr=3045561209 [TCP segment of a reassembled PDU]"
"61684","37.356748577","192.168.1.55","192.168.1.2","TCP","1514","8004  >  36794 [ACK] Seq=334678 Ack=144 Win=65024 Len=1448 TSval=2916041437 TSecr=3045561209 [TCP segment of a reassembled PDU]"
"61685","37.356749874","192.168.1.55","192.168.1.2","TCP","1514","8004  >  36794 [ACK] Seq=336126 Ack=144 Win=65024 Len=1448 TSval=2916041437 TSecr=3045561209 [TCP segment of a reassembled PDU]"
"61686","37.356751225","192.168.1.55","192.168.1.2","TCP","1514","8004  >  36794 [ACK] Seq=337574 Ack=144 Win=65024 Len=1448 TSval=2916041437 TSecr=3045561209 [TCP segment of a reassembled PDU]"
"61687","37.356753059","192.168.1.55","192.168.1.2","TCP","1514","8004  >  36794 [PSH, ACK] Seq=339022 Ack=144 Win=65024 Len=1448 TSval=2916041437 TSecr=3045561209 [TCP segment of a reassembled PDU]"
"61688","37.358198894","192.168.1.2","192.168.1.55","TCP","66","36794  >  8004 [ACK] Seq=144 Ack=249246 Win=106496 Len=0 TSval=3045561212 TSecr=2916041433"
"61689","37.358219783","192.168.1.55","192.168.1.2","TCP","1514","8004  >  36794 [ACK] Seq=340470 Ack=144 Win=65024 Len=1448 TSval=2916041438 TSecr=3045561212 [TCP segment of a reassembled PDU]"
"61690","37.358222450","192.168.1.55","192.168.1.2","TCP","1514","8004  >  36794 [ACK] Seq=341918 Ack=144 Win=65024 Len=1448 TSval=2916041438 TSecr=3045561212 [TCP segment of a reassembled PDU]"
"61691","37.358223746","192.168.1.55","192.168.1.2","TCP","1514","8004  >  36794 [ACK] Seq=343366 Ack=144 Win=65024 Len=1448 TSval=2916041438 TSecr=3045561212 [TCP segment of a reassembled PDU]"
"61692","37.358225043","192.168.1.55","192.168.1.2","TCP","1514","8004  >  36794 [ACK] Seq=344814 Ack=144 Win=65024 Len=1448 TSval=2916041438 TSecr=3045561212 [TCP segment of a reassembled PDU]"
"61693","37.358226413","192.168.1.55","192.168.1.2","TCP","1514","8004  >  36794 [ACK] Seq=346262 Ack=144 Win=65024 Len=1448 TSval=2916041438 TSecr=3045561212 [TCP segment of a reassembled PDU]"
"61694","37.358227765","192.168.1.55","192.168.1.2","TCP","1514","8004  >  36794 [ACK] Seq=347710 Ack=144 Win=65024 Len=1448 TSval=2916041438 TSecr=3045561212 [TCP segment of a reassembled PDU]"
"61695","37.358229209","192.168.1.55","192.168.1.2","TCP","1514","8004  >  36794 [ACK] Seq=349158 Ack=144 Win=65024 Len=1448 TSval=2916041438 TSecr=3045561212 [TCP segment of a reassembled PDU]"
"61696","37.358230450","192.168.1.55","192.168.1.2","TCP","1514","8004  >  36794 [ACK] Seq=350606 Ack=144 Win=65024 Len=1448 TSval=2916041438 TSecr=3045561212 [TCP segment of a reassembled PDU]"
"61697","37.358231746","192.168.1.55","192.168.1.2","TCP","1514","8004  >  36794 [ACK] Seq=352054 Ack=144 Win=65024 Len=1448 TSval=2916041438 TSecr=3045561212 [TCP segment of a reassembled PDU]"
"61698","37.358233061","192.168.1.55","192.168.1.2","TCP","1514","8004  >  36794 [PSH, ACK] Seq=353502 Ack=144 Win=65024 Len=1448 TSval=2916041438 TSecr=3045561212 [TCP segment of a reassembled PDU]"
"61699","37.359076174","192.168.1.2","192.168.1.55","TCP","66","36794  >  8004 [ACK] Seq=144 Ack=266742 Win=101376 Len=0 TSval=3045561212 TSecr=2916041433"
"61700","37.359093637","192.168.1.55","192.168.1.2","TCP","1514","8004  >  36794 [ACK] Seq=354950 Ack=144 Win=65024 Len=1448 TSval=2916041439 TSecr=3045561212 [TCP segment of a reassembled PDU]"
"61701","37.359095322","192.168.1.55","192.168.1.2","TCP","1514","8004  >  36794 [ACK] Seq=356398 Ack=144 Win=65024 Len=1448 TSval=2916041439 TSecr=3045561212 [TCP segment of a reassembled PDU]"
"61702","37.359096618","192.168.1.55","192.168.1.2","TCP","1514","8004  >  36794 [ACK] Seq=357846 Ack=144 Win=65024 Len=1448 TSval=2916041439 TSecr=3045561212 [TCP segment of a reassembled PDU]"
"61703","37.359097914","192.168.1.55","192.168.1.2","TCP","1514","8004  >  36794 [ACK] Seq=359294 Ack=144 Win=65024 Len=1448 TSval=2916041439 TSecr=3045561212 [TCP segment of a reassembled PDU]"
"61704","37.359099303","192.168.1.55","192.168.1.2","TCP","1514","8004  >  36794 [ACK] Seq=360742 Ack=144 Win=65024 Len=1448 TSval=2916041439 TSecr=3045561212 [TCP segment of a reassembled PDU]"
"61705","37.359100618","192.168.1.55","192.168.1.2","TCP","1514","8004  >  36794 [ACK] Seq=362190 Ack=144 Win=65024 Len=1448 TSval=2916041439 TSecr=3045561212 [TCP segment of a reassembled PDU]"
"61706","37.359102007","192.168.1.55","192.168.1.2","TCP","1514","8004  >  36794 [ACK] Seq=363638 Ack=144 Win=65024 Len=1448 TSval=2916041439 TSecr=3045561212 [TCP segment of a reassembled PDU]"
"61707","37.359103322","192.168.1.55","192.168.1.2","TCP","1514","8004  >  36794 [ACK] Seq=365086 Ack=144 Win=65024 Len=1448 TSval=2916041439 TSecr=3045561212 [TCP segment of a reassembled PDU]"
"61708","37.359104600","192.168.1.55","192.168.1.2","TCP","1514","8004  >  36794 [PSH, ACK] Seq=366534 Ack=144 Win=65024 Len=1448 TSval=2916041439 TSecr=3045561212 [TCP segment of a reassembled PDU]"
"61709","37.364584386","192.168.1.2","192.168.1.55","TCP","66","36794  >  8004 [ACK] Seq=144 Ack=268190 Win=113664 Len=0 TSval=3045561213 TSecr=2916041437"
"61710","37.364601127","192.168.1.55","192.168.1.2","TCP","1514","8004  >  36794 [ACK] Seq=367982 Ack=144 Win=65024 Len=1448 TSval=2916041445 TSecr=3045561213 [TCP segment of a reassembled PDU]"
"61711","37.364603386","192.168.1.55","192.168.1.2","TCP","1514","8004  >  36794 [ACK] Seq=369430 Ack=144 Win=65024 Len=1448 TSval=2916041445 TSecr=3045561213 [TCP segment of a reassembled PDU]"
"61712","37.364604738","192.168.1.55","192.168.1.2","TCP","1514","8004  >  36794 [ACK] Seq=370878 Ack=144 Win=65024 Len=1448 TSval=2916041445 TSecr=3045561213 [TCP segment of a reassembled PDU]"
"61713","37.364606034","192.168.1.55","192.168.1.2","TCP","1514","8004  >  36794 [ACK] Seq=372326 Ack=144 Win=65024 Len=1448 TSval=2916041445 TSecr=3045561213 [TCP segment of a reassembled PDU]"
"61714","37.364607312","192.168.1.55","192.168.1.2","TCP","1514","8004  >  36794 [ACK] Seq=373774 Ack=144 Win=65024 Len=1448 TSval=2916041445 TSecr=3045561213 [TCP segment of a reassembled PDU]"
"61715","37.364608701","192.168.1.55","192.168.1.2","TCP","1514","8004  >  36794 [ACK] Seq=375222 Ack=144 Win=65024 Len=1448 TSval=2916041445 TSecr=3045561213 [TCP segment of a reassembled PDU]"
"61716","37.364609979","192.168.1.55","192.168.1.2","TCP","1514","8004  >  36794 [ACK] Seq=376670 Ack=144 Win=65024 Len=1448 TSval=2916041445 TSecr=3045561213 [TCP segment of a reassembled PDU]"
"61717","37.364611294","192.168.1.55","192.168.1.2","TCP","1514","8004  >  36794 [ACK] Seq=378118 Ack=144 Win=65024 Len=1448 TSval=2916041445 TSecr=3045561213 [TCP segment of a reassembled PDU]"
"61718","37.364612664","192.168.1.55","192.168.1.2","TCP","1514","8004  >  36794 [PSH, ACK] Seq=379566 Ack=144 Win=65024 Len=1448 TSval=2916041445 TSecr=3045561213 [TCP segment of a reassembled PDU]"
"61719","37.365068183","192.168.1.2","192.168.1.55","TCP","66","36794  >  8004 [ACK] Seq=144 Ack=269638 Win=114688 Len=0 TSval=3045561214 TSecr=2916041437"
"61720","37.365075350","192.168.1.2","192.168.1.55","TCP","66","36794  >  8004 [ACK] Seq=144 Ack=281102 Win=114688 Len=0 TSval=3045561219 TSecr=2916041437"
"61721","37.365080757","192.168.1.2","192.168.1.55","TCP","66","36794  >  8004 [ACK] Seq=144 Ack=289790 Win=132096 Len=0 TSval=3045561220 TSecr=2916041437"
"61722","37.365103776","192.168.1.55","192.168.1.2","TCP","1514","8004  >  36794 [ACK] Seq=381014 Ack=144 Win=65024 Len=1448 TSval=2916041445 TSecr=3045561220 [TCP segment of a reassembled PDU]"
"61723","37.365105683","192.168.1.55","192.168.1.2","TCP","1514","8004  >  36794 [ACK] Seq=382462 Ack=144 Win=65024 Len=1448 TSval=2916041445 TSecr=3045561220 [TCP segment of a reassembled PDU]"
"61724","37.365107183","192.168.1.55","192.168.1.2","TCP","1514","8004  >  36794 [ACK] Seq=383910 Ack=144 Win=65024 Len=1448 TSval=2916041445 TSecr=3045561220 [TCP segment of a reassembled PDU]"
"61725","37.365108646","192.168.1.55","192.168.1.2","TCP","1514","8004  >  36794 [ACK] Seq=385358 Ack=144 Win=65024 Len=1448 TSval=2916041445 TSecr=3045561220 [TCP segment of a reassembled PDU]"
"61726","37.365109998","192.168.1.55","192.168.1.2","TCP","1514","8004  >  36794 [ACK] Seq=386806 Ack=144 Win=65024 Len=1448 TSval=2916041445 TSecr=3045561220 [TCP segment of a reassembled PDU]"
"61727","37.365111294","192.168.1.55","192.168.1.2","TCP","1514","8004  >  36794 [ACK] Seq=388254 Ack=144 Win=65024 Len=1448 TSval=2916041445 TSecr=3045561220 [TCP segment of a reassembled PDU]"
"61728","37.365112720","192.168.1.55","192.168.1.2","TCP","1514","8004  >  36794 [ACK] Seq=389702 Ack=144 Win=65024 Len=1448 TSval=2916041445 TSecr=3045561220 [TCP segment of a reassembled PDU]"
"61729","37.365114091","192.168.1.55","192.168.1.2","TCP","1514","8004  >  36794 [ACK] Seq=391150 Ack=144 Win=65024 Len=1448 TSval=2916041445 TSecr=3045561220 [TCP segment of a reassembled PDU]"
"61730","37.365115406","192.168.1.55","192.168.1.2","TCP","1514","8004  >  36794 [ACK] Seq=392598 Ack=144 Win=65024 Len=1448 TSval=2916041445 TSecr=3045561220 [TCP segment of a reassembled PDU]"
"61731","37.365116720","192.168.1.55","192.168.1.2","TCP","1514","8004  >  36794 [ACK] Seq=394046 Ack=144 Win=65024 Len=1448 TSval=2916041445 TSecr=3045561220 [TCP segment of a reassembled PDU]"
"61732","37.365118424","192.168.1.55","192.168.1.2","TCP","1514","8004  >  36794 [ACK] Seq=395494 Ack=144 Win=65024 Len=1448 TSval=2916041445 TSecr=3045561220 [TCP segment of a reassembled PDU]"
"61733","37.365119924","192.168.1.55","192.168.1.2","TCP","1514","8004  >  36794 [ACK] Seq=396942 Ack=144 Win=65024 Len=1448 TSval=2916041445 TSecr=3045561220 [TCP segment of a reassembled PDU]"
"61734","37.365121220","192.168.1.55","192.168.1.2","TCP","1514","8004  >  36794 [ACK] Seq=398390 Ack=144 Win=65024 Len=1448 TSval=2916041445 TSecr=3045561220 [TCP segment of a reassembled PDU]"
"61735","37.365122554","192.168.1.55","192.168.1.2","TCP","1514","8004  >  36794 [ACK] Seq=399838 Ack=144 Win=65024 Len=1448 TSval=2916041445 TSecr=3045561220 [TCP segment of a reassembled PDU]"
"61736","37.365123980","192.168.1.55","192.168.1.2","TCP","1514","8004  >  36794 [ACK] Seq=401286 Ack=144 Win=65024 Len=1448 TSval=2916041445 TSecr=3045561220 [TCP segment of a reassembled PDU]"
"61737","37.365125294","192.168.1.55","192.168.1.2","TCP","1514","8004  >  36794 [ACK] Seq=402734 Ack=144 Win=65024 Len=1448 TSval=2916041445 TSecr=3045561220 [TCP segment of a reassembled PDU]"
"61738","37.365126702","192.168.1.55","192.168.1.2","TCP","1514","8004  >  36794 [ACK] Seq=404182 Ack=144 Win=65024 Len=1448 TSval=2916041445 TSecr=3045561220 [TCP segment of a reassembled PDU]"
"61739","37.365128017","192.168.1.55","192.168.1.2","TCP","1514","8004  >  36794 [ACK] Seq=405630 Ack=144 Win=65024 Len=1448 TSval=2916041445 TSecr=3045561220 [TCP segment of a reassembled PDU]"
"61740","37.365129609","192.168.1.55","192.168.1.2","TCP","1514","8004  >  36794 [ACK] Seq=407078 Ack=144 Win=65024 Len=1448 TSval=2916041445 TSecr=3045561220 [TCP segment of a reassembled PDU]"
"61741","37.365131054","192.168.1.55","192.168.1.2","TCP","1514","8004  >  36794 [ACK] Seq=408526 Ack=144 Win=65024 Len=1448 TSval=2916041445 TSecr=3045561220 [TCP segment of a reassembled PDU]"
"61742","37.365132480","192.168.1.55","192.168.1.2","TCP","1514","8004  >  36794 [ACK] Seq=409974 Ack=144 Win=65024 Len=1448 TSval=2916041445 TSecr=3045561220 [TCP segment of a reassembled PDU]"
"61743","37.365133813","192.168.1.55","192.168.1.2","TCP","1514","8004  >  36794 [PSH, ACK] Seq=411422 Ack=144 Win=65024 Len=1448 TSval=2916041445 TSecr=3045561220 [TCP segment of a reassembled PDU]"
"61744","37.365138220","192.168.1.2","192.168.1.55","TCP","66","36794  >  8004 [ACK] Seq=144 Ack=302822 Win=132096 Len=0 TSval=3045561220 TSecr=2916041437"
"61745","37.365203313","192.168.1.2","192.168.1.55","TCP","66","36794  >  8004 [ACK] Seq=144 Ack=323094 Win=142336 Len=0 TSval=3045561220 TSecr=2916041437"
"61746","37.365240961","192.168.1.55","192.168.1.2","TCP","1514","8004  >  36794 [ACK] Seq=412870 Ack=144 Win=65024 Len=1448 TSval=2916041445 TSecr=3045561220 [TCP segment of a reassembled PDU]"
"61747","37.365242721","192.168.1.55","192.168.1.2","TCP","1514","8004  >  36794 [ACK] Seq=414318 Ack=144 Win=65024 Len=1448 TSval=2916041445 TSecr=3045561220 [TCP segment of a reassembled PDU]"
"61748","37.365244313","192.168.1.55","192.168.1.2","TCP","1514","8004  >  36794 [ACK] Seq=415766 Ack=144 Win=65024 Len=1448 TSval=2916041445 TSecr=3045561220 [TCP segment of a reassembled PDU]"
"61749","37.365245609","192.168.1.55","192.168.1.2","TCP","1514","8004  >  36794 [ACK] Seq=417214 Ack=144 Win=65024 Len=1448 TSval=2916041445 TSecr=3045561220 [TCP segment of a reassembled PDU]"
"61750","37.365247072","192.168.1.55","192.168.1.2","TCP","1514","8004  >  36794 [ACK] Seq=418662 Ack=144 Win=65024 Len=1448 TSval=2916041445 TSecr=3045561220 [TCP segment of a reassembled PDU]"
"61751","37.365248535","192.168.1.55","192.168.1.2","TCP","1514","8004  >  36794 [ACK] Seq=420110 Ack=144 Win=65024 Len=1448 TSval=2916041445 TSecr=3045561220 [TCP segment of a reassembled PDU]"
"61752","37.365249795","192.168.1.55","192.168.1.2","TCP","1514","8004  >  36794 [ACK] Seq=421558 Ack=144 Win=65024 Len=1448 TSval=2916041445 TSecr=3045561220 [TCP segment of a reassembled PDU]"
"61753","37.365251628","192.168.1.55","192.168.1.2","TCP","1514","8004  >  36794 [ACK] Seq=423006 Ack=144 Win=65024 Len=1448 TSval=2916041445 TSecr=3045561220 [TCP segment of a reassembled PDU]"
"61754","37.365253184","192.168.1.55","192.168.1.2","TCP","1514","8004  >  36794 [ACK] Seq=424454 Ack=144 Win=65024 Len=1448 TSval=2916041445 TSecr=3045561220 [TCP segment of a reassembled PDU]"
"61755","37.365254813","192.168.1.55","192.168.1.2","TCP","1514","8004  >  36794 [ACK] Seq=425902 Ack=144 Win=65024 Len=1448 TSval=2916041445 TSecr=3045561220 [TCP segment of a reassembled PDU]"
"61756","37.365256739","192.168.1.55","192.168.1.2","TCP","1514","8004  >  36794 [ACK] Seq=427350 Ack=144 Win=65024 Len=1448 TSval=2916041445 TSecr=3045561220 [TCP segment of a reassembled PDU]"
"61757","37.365258035","192.168.1.55","192.168.1.2","TCP","1514","8004  >  36794 [ACK] Seq=428798 Ack=144 Win=65024 Len=1448 TSval=2916041445 TSecr=3045561220 [TCP segment of a reassembled PDU]"
"61758","37.365259739","192.168.1.55","192.168.1.2","TCP","1514","8004  >  36794 [ACK] Seq=430246 Ack=144 Win=65024 Len=1448 TSval=2916041445 TSecr=3045561220 [TCP segment of a reassembled PDU]"
"61759","37.365261035","192.168.1.55","192.168.1.2","TCP","1514","8004  >  36794 [ACK] Seq=431694 Ack=144 Win=65024 Len=1448 TSval=2916041445 TSecr=3045561220 [TCP segment of a reassembled PDU]"
"61760","37.365262424","192.168.1.55","192.168.1.2","TCP","1514","8004  >  36794 [ACK] Seq=433142 Ack=144 Win=65024 Len=1448 TSval=2916041445 TSecr=3045561220 [TCP segment of a reassembled PDU]"
"61761","37.365263739","192.168.1.55","192.168.1.2","TCP","1514","8004  >  36794 [ACK] Seq=434590 Ack=144 Win=65024 Len=1448 TSval=2916041445 TSecr=3045561220 [TCP segment of a reassembled PDU]"
"61762","37.365265035","192.168.1.55","192.168.1.2","TCP","1514","8004  >  36794 [ACK] Seq=436038 Ack=144 Win=65024 Len=1448 TSval=2916041445 TSecr=3045561220 [TCP segment of a reassembled PDU]"
"61763","37.365266424","192.168.1.55","192.168.1.2","TCP","1514","8004  >  36794 [ACK] Seq=437486 Ack=144 Win=65024 Len=1448 TSval=2916041445 TSecr=3045561220 [TCP segment of a reassembled PDU]"
"61764","37.365268017","192.168.1.55","192.168.1.2","TCP","1514","8004  >  36794 [ACK] Seq=438934 Ack=144 Win=65024 Len=1448 TSval=2916041445 TSecr=3045561220 [TCP segment of a reassembled PDU]"
"61765","37.365269295","192.168.1.55","192.168.1.2","TCP","1514","8004  >  36794 [ACK] Seq=440382 Ack=144 Win=65024 Len=1448 TSval=2916041445 TSecr=3045561220 [TCP segment of a reassembled PDU]"
"61766","37.365270869","192.168.1.55","192.168.1.2","TCP","1514","8004  >  36794 [ACK] Seq=441830 Ack=144 Win=65024 Len=1448 TSval=2916041445 TSecr=3045561220 [TCP segment of a reassembled PDU]"
"61767","37.365272295","192.168.1.55","192.168.1.2","TCP","1514","8004  >  36794 [ACK] Seq=443278 Ack=144 Win=65024 Len=1448 TSval=2916041445 TSecr=3045561220 [TCP segment of a reassembled PDU]"
"61768","37.365273758","192.168.1.55","192.168.1.2","TCP","1514","8004  >  36794 [ACK] Seq=444726 Ack=144 Win=65024 Len=1448 TSval=2916041445 TSecr=3045561220 [TCP segment of a reassembled PDU]"
"61769","37.365275387","192.168.1.55","192.168.1.2","TCP","1514","8004  >  36794 [ACK] Seq=446174 Ack=144 Win=65024 Len=1448 TSval=2916041445 TSecr=3045561220 [TCP segment of a reassembled PDU]"
"61770","37.365276776","192.168.1.55","192.168.1.2","TCP","1514","8004  >  36794 [ACK] Seq=447622 Ack=144 Win=65024 Len=1448 TSval=2916041445 TSecr=3045561220 [TCP segment of a reassembled PDU]"
"61771","37.365278369","192.168.1.55","192.168.1.2","TCP","1514","8004  >  36794 [ACK] Seq=449070 Ack=144 Win=65024 Len=1448 TSval=2916041445 TSecr=3045561220 [TCP segment of a reassembled PDU]"
"61772","37.365280017","192.168.1.55","192.168.1.2","TCP","1514","8004  >  36794 [ACK] Seq=450518 Ack=144 Win=65024 Len=1448 TSval=2916041445 TSecr=3045561220 [TCP segment of a reassembled PDU]"
"61773","37.365281461","192.168.1.55","192.168.1.2","TCP","1514","8004  >  36794 [ACK] Seq=451966 Ack=144 Win=65024 Len=1448 TSval=2916041445 TSecr=3045561220 [TCP segment of a reassembled PDU]"
"61774","37.365283221","192.168.1.55","192.168.1.2","TCP","1514","8004  >  36794 [ACK] Seq=453414 Ack=144 Win=65024 Len=1448 TSval=2916041445 TSecr=3045561220 [TCP segment of a reassembled PDU]"
"61775","37.365284498","192.168.1.55","192.168.1.2","TCP","1514","8004  >  36794 [ACK] Seq=454862 Ack=144 Win=65024 Len=1448 TSval=2916041445 TSecr=3045561220 [TCP segment of a reassembled PDU]"
"61776","37.365286350","192.168.1.55","192.168.1.2","TCP","1514","8004  >  36794 [PSH, ACK] Seq=456310 Ack=144 Win=65024 Len=1448 TSval=2916041445 TSecr=3045561220 [TCP segment of a reassembled PDU]"
"61777","37.365299110","192.168.1.2","192.168.1.55","TCP","66","36794  >  8004 [ACK] Seq=144 Ack=340470 Win=142336 Len=0 TSval=3045561220 TSecr=2916041437"
"61778","37.365308202","192.168.1.2","192.168.1.55","TCP","66","36794  >  8004 [ACK] Seq=144 Ack=354950 Win=131072 Len=0 TSval=3045561220 TSecr=2916041438"
"61779","37.365313943","192.168.1.2","192.168.1.55","TCP","66","36794  >  8004 [ACK] Seq=144 Ack=367982 Win=134144 Len=0 TSval=3045561220 TSecr=2916041439"
"61780","37.365355369","192.168.1.55","192.168.1.2","TCP","1514","8004  >  36794 [ACK] Seq=457758 Ack=144 Win=65024 Len=1448 TSval=2916041446 TSecr=3045561220 [TCP segment of a reassembled PDU]"
"61781","37.365357387","192.168.1.55","192.168.1.2","TCP","1514","8004  >  36794 [ACK] Seq=459206 Ack=144 Win=65024 Len=1448 TSval=2916041446 TSecr=3045561220 [TCP segment of a reassembled PDU]"
"61782","37.365358684","192.168.1.55","192.168.1.2","TCP","1514","8004  >  36794 [ACK] Seq=460654 Ack=144 Win=65024 Len=1448 TSval=2916041446 TSecr=3045561220 [TCP segment of a reassembled PDU]"
"61783","37.365360295","192.168.1.55","192.168.1.2","TCP","1514","8004  >  36794 [ACK] Seq=462102 Ack=144 Win=65024 Len=1448 TSval=2916041446 TSecr=3045561220 [TCP segment of a reassembled PDU]"
"61784","37.365361832","192.168.1.55","192.168.1.2","TCP","1514","8004  >  36794 [ACK] Seq=463550 Ack=144 Win=65024 Len=1448 TSval=2916041446 TSecr=3045561220 [TCP segment of a reassembled PDU]"
"61785","37.365363110","192.168.1.55","192.168.1.2","TCP","1514","8004  >  36794 [ACK] Seq=464998 Ack=144 Win=65024 Len=1448 TSval=2916041446 TSecr=3045561220 [TCP segment of a reassembled PDU]"
"61786","37.365364517","192.168.1.55","192.168.1.2","TCP","1514","8004  >  36794 [ACK] Seq=466446 Ack=144 Win=65024 Len=1448 TSval=2916041446 TSecr=3045561220 [TCP segment of a reassembled PDU]"
"61787","37.365365887","192.168.1.55","192.168.1.2","TCP","1514","8004  >  36794 [ACK] Seq=467894 Ack=144 Win=65024 Len=1448 TSval=2916041446 TSecr=3045561220 [TCP segment of a reassembled PDU]"
"61788","37.365367239","192.168.1.55","192.168.1.2","TCP","1514","8004  >  36794 [ACK] Seq=469342 Ack=144 Win=65024 Len=1448 TSval=2916041446 TSecr=3045561220 [TCP segment of a reassembled PDU]"
"61789","37.365368813","192.168.1.55","192.168.1.2","TCP","1514","8004  >  36794 [ACK] Seq=470790 Ack=144 Win=65024 Len=1448 TSval=2916041446 TSecr=3045561220 [TCP segment of a reassembled PDU]"
"61790","37.365370091","192.168.1.55","192.168.1.2","TCP","1514","8004  >  36794 [ACK] Seq=472238 Ack=144 Win=65024 Len=1448 TSval=2916041446 TSecr=3045561220 [TCP segment of a reassembled PDU]"
"61791","37.365371462","192.168.1.55","192.168.1.2","TCP","1514","8004  >  36794 [ACK] Seq=473686 Ack=144 Win=65024 Len=1448 TSval=2916041446 TSecr=3045561220 [TCP segment of a reassembled PDU]"
"61792","37.365372999","192.168.1.55","192.168.1.2","TCP","1514","8004  >  36794 [ACK] Seq=475134 Ack=144 Win=65024 Len=1448 TSval=2916041446 TSecr=3045561220 [TCP segment of a reassembled PDU]"
"61793","37.365374313","192.168.1.55","192.168.1.2","TCP","1514","8004  >  36794 [ACK] Seq=476582 Ack=144 Win=65024 Len=1448 TSval=2916041446 TSecr=3045561220 [TCP segment of a reassembled PDU]"
"61794","37.365375684","192.168.1.55","192.168.1.2","TCP","1514","8004  >  36794 [ACK] Seq=478030 Ack=144 Win=65024 Len=1448 TSval=2916041446 TSecr=3045561220 [TCP segment of a reassembled PDU]"
"61795","37.365377462","192.168.1.55","192.168.1.2","TCP","1514","8004  >  36794 [ACK] Seq=479478 Ack=144 Win=65024 Len=1448 TSval=2916041446 TSecr=3045561220 [TCP segment of a reassembled PDU]"
"61796","37.365378962","192.168.1.55","192.168.1.2","TCP","1514","8004  >  36794 [ACK] Seq=480926 Ack=144 Win=65024 Len=1448 TSval=2916041446 TSecr=3045561220 [TCP segment of a reassembled PDU]"
"61797","37.365380332","192.168.1.55","192.168.1.2","TCP","1514","8004  >  36794 [ACK] Seq=482374 Ack=144 Win=65024 Len=1448 TSval=2916041446 TSecr=3045561220 [TCP segment of a reassembled PDU]"
"61798","37.365381591","192.168.1.55","192.168.1.2","TCP","1514","8004  >  36794 [ACK] Seq=483822 Ack=144 Win=65024 Len=1448 TSval=2916041446 TSecr=3045561220 [TCP segment of a reassembled PDU]"
"61799","37.365382980","192.168.1.55","192.168.1.2","TCP","1514","8004  >  36794 [ACK] Seq=485270 Ack=144 Win=65024 Len=1448 TSval=2916041446 TSecr=3045561220 [TCP segment of a reassembled PDU]"
"61800","37.365384276","192.168.1.55","192.168.1.2","TCP","1514","8004  >  36794 [ACK] Seq=486718 Ack=144 Win=65024 Len=1448 TSval=2916041446 TSecr=3045561220 [TCP segment of a reassembled PDU]"
"61801","37.365385554","192.168.1.55","192.168.1.2","TCP","1514","8004  >  36794 [ACK] Seq=488166 Ack=144 Win=65024 Len=1448 TSval=2916041446 TSecr=3045561220 [TCP segment of a reassembled PDU]"
"61802","37.365391313","192.168.1.55","192.168.1.2","TCP","1514","8004  >  36794 [ACK] Seq=489614 Ack=144 Win=65024 Len=1448 TSval=2916041446 TSecr=3045561220 [TCP segment of a reassembled PDU]"
"61803","37.365393295","192.168.1.55","192.168.1.2","TCP","1514","8004  >  36794 [ACK] Seq=491062 Ack=144 Win=65024 Len=1448 TSval=2916041446 TSecr=3045561220 [TCP segment of a reassembled PDU]"
"61804","37.365395128","192.168.1.55","192.168.1.2","TCP","1514","8004  >  36794 [ACK] Seq=492510 Ack=144 Win=65024 Len=1448 TSval=2916041446 TSecr=3045561220 [TCP segment of a reassembled PDU]"
"61805","37.365396499","192.168.1.55","192.168.1.2","TCP","1514","8004  >  36794 [ACK] Seq=493958 Ack=144 Win=65024 Len=1448 TSval=2916041446 TSecr=3045561220 [TCP segment of a reassembled PDU]"
"61806","37.365397850","192.168.1.55","192.168.1.2","TCP","1514","8004  >  36794 [ACK] Seq=495406 Ack=144 Win=65024 Len=1448 TSval=2916041446 TSecr=3045561220 [TCP segment of a reassembled PDU]"
"61807","37.365399239","192.168.1.55","192.168.1.2","TCP","1514","8004  >  36794 [ACK] Seq=496854 Ack=144 Win=65024 Len=1448 TSval=2916041446 TSecr=3045561220 [TCP segment of a reassembled PDU]"
"61808","37.365400739","192.168.1.55","192.168.1.2","HTTP","222","HTTP/1.0 200 OK  (PNG)"
"61809","37.374408791","192.168.1.2","192.168.1.55","TCP","66","36794  >  8004 [ACK] Seq=144 Ack=376670 Win=149504 Len=0 TSval=3045561222 TSecr=2916041445"
"61810","37.374608939","192.168.1.2","192.168.1.55","TCP","66","36794  >  8004 [ACK] Seq=144 Ack=381014 Win=155648 Len=0 TSval=3045561228 TSecr=2916041445"
"61811","37.374615699","192.168.1.2","192.168.1.55","TCP","66","36794  >  8004 [ACK] Seq=144 Ack=407078 Win=155648 Len=0 TSval=3045561228 TSecr=2916041445"
"61812","37.374621310","192.168.1.2","192.168.1.55","TCP","66","36794  >  8004 [ACK] Seq=144 Ack=412870 Win=166912 Len=0 TSval=3045561228 TSecr=2916041445"
"61813","37.374625884","192.168.1.2","192.168.1.55","TCP","66","36794  >  8004 [ACK] Seq=144 Ack=424454 Win=180224 Len=0 TSval=3045561228 TSecr=2916041445"
"61814","37.375593256","192.168.1.2","192.168.1.55","TCP","66","36794  >  8004 [ACK] Seq=144 Ack=457758 Win=176128 Len=0 TSval=3045561230 TSecr=2916041445"
"61815","37.375721386","192.168.1.2","192.168.1.55","TCP","66","36794  >  8004 [ACK] Seq=144 Ack=496854 Win=139264 Len=0 TSval=3045561230 TSecr=2916041446"
"61816","37.375728126","192.168.1.2","192.168.1.55","TCP","66","36794  >  8004 [ACK] Seq=144 Ack=498302 Win=183296 Len=0 TSval=3045561231 TSecr=2916041446"
"61817","37.377703500","192.168.1.2","192.168.1.55","TCP","66","36794  >  8004 [FIN, ACK] Seq=144 Ack=498459 Win=186368 Len=0 TSval=3045561232 TSecr=2916041446"
"61818","37.377715907","192.168.1.55","192.168.1.2","TCP","66","8004  >  36794 [ACK] Seq=498459 Ack=145 Win=65024 Len=0 TSval=2916041458 TSecr=3045561232"
"61819","37.377828982","192.168.1.2","192.168.1.55","TCP","74","36800  >  8004 [SYN] Seq=0 Win=64240 Len=0 MSS=1460 SACK_PERM TSval=3045561232 TSecr=0 WS=1024"
"61820","37.377853074","192.168.1.55","192.168.1.2","TCP","74","8004  >  36800 [SYN, ACK] Seq=0 Ack=1 Win=65160 Len=0 MSS=1460 SACK_PERM TSval=2916041458 TSecr=3045561232 WS=128"
"61821","37.381037357","192.168.1.2","192.168.1.55","TCP","66","36800  >  8004 [ACK] Seq=1 Ack=1 Win=64512 Len=0 TSval=3045561235 TSecr=2916041458"
"61822","37.384241122","192.168.1.2","192.168.1.55","HTTP","206","GET /stego_benchmark.png HTTP/1.1 "
"61823","37.384253140","192.168.1.55","192.168.1.2","TCP","66","8004  >  36800 [ACK] Seq=1 Ack=141 Win=65024 Len=0 TSval=2916041464 TSecr=3045561236"
"61824","37.384729622","192.168.1.55","192.168.1.2","TCP","255","8004  >  36800 [PSH, ACK] Seq=1 Ack=141 Win=65024 Len=189 TSval=2916041465 TSecr=3045561236 [TCP segment of a reassembled PDU]"
"61825","37.384812474","192.168.1.55","192.168.1.2","TCP","1514","8004  >  36800 [ACK] Seq=190 Ack=141 Win=65024 Len=1448 TSval=2916041465 TSecr=3045561236 [TCP segment of a reassembled PDU]"
"61826","37.384816900","192.168.1.55","192.168.1.2","TCP","1514","8004  >  36800 [ACK] Seq=1638 Ack=141 Win=65024 Len=1448 TSval=2916041465 TSecr=3045561236 [TCP segment of a reassembled PDU]"
"61827","37.384818234","192.168.1.55","192.168.1.2","TCP","1514","8004  >  36800 [ACK] Seq=3086 Ack=141 Win=65024 Len=1448 TSval=2916041465 TSecr=3045561236 [TCP segment of a reassembled PDU]"
"61828","37.384819567","192.168.1.55","192.168.1.2","TCP","1514","8004  >  36800 [ACK] Seq=4534 Ack=141 Win=65024 Len=1448 TSval=2916041465 TSecr=3045561236 [TCP segment of a reassembled PDU]"
"61829","37.384821511","192.168.1.55","192.168.1.2","TCP","1514","8004  >  36800 [PSH, ACK] Seq=5982 Ack=141 Win=65024 Len=1448 TSval=2916041465 TSecr=3045561236 [TCP segment of a reassembled PDU]"
"61830","37.384837993","192.168.1.55","192.168.1.2","TCP","1514","8004  >  36800 [ACK] Seq=7430 Ack=141 Win=65024 Len=1448 TSval=2916041465 TSecr=3045561236 [TCP segment of a reassembled PDU]"
"61831","37.384839734","192.168.1.55","192.168.1.2","TCP","1514","8004  >  36800 [ACK] Seq=8878 Ack=141 Win=65024 Len=1448 TSval=2916041465 TSecr=3045561236 [TCP segment of a reassembled PDU]"
"61832","37.384841141","192.168.1.55","192.168.1.2","TCP","1514","8004  >  36800 [ACK] Seq=10326 Ack=141 Win=65024 Len=1448 TSval=2916041465 TSecr=3045561236 [TCP segment of a reassembled PDU]"
"61833","37.384842493","192.168.1.55","192.168.1.2","TCP","1514","8004  >  36800 [PSH, ACK] Seq=11774 Ack=141 Win=65024 Len=1448 TSval=2916041465 TSecr=3045561236 [TCP segment of a reassembled PDU]"
"61834","37.390392854","192.168.1.2","192.168.1.55","TCP","66","36800  >  8004 [ACK] Seq=141 Ack=190 Win=64512 Len=0 TSval=3045561242 TSecr=2916041465"
"61835","37.390444558","192.168.1.55","192.168.1.2","TCP","1514","8004  >  36800 [ACK] Seq=13222 Ack=141 Win=65024 Len=1448 TSval=2916041471 TSecr=3045561242 [TCP segment of a reassembled PDU]"
"61836","37.390450039","192.168.1.55","192.168.1.2","TCP","1514","8004  >  36800 [PSH, ACK] Seq=14670 Ack=141 Win=65024 Len=1448 TSval=2916041471 TSecr=3045561242 [TCP segment of a reassembled PDU]"
"61837","37.390516872","192.168.1.2","192.168.1.55","TCP","66","36800  >  8004 [ACK] Seq=141 Ack=3086 Win=70656 Len=0 TSval=3045561242 TSecr=2916041465"
"61838","37.390525410","192.168.1.2","192.168.1.55","TCP","66","36800  >  8004 [ACK] Seq=141 Ack=5982 Win=76800 Len=0 TSval=3045561243 TSecr=2916041465"
"61839","37.390543632","192.168.1.55","192.168.1.2","TCP","1514","8004  >  36800 [ACK] Seq=16118 Ack=141 Win=65024 Len=1448 TSval=2916041471 TSecr=3045561243 [TCP segment of a reassembled PDU]"
"61840","37.390546095","192.168.1.55","192.168.1.2","TCP","1514","8004  >  36800 [ACK] Seq=17566 Ack=141 Win=65024 Len=1448 TSval=2916041471 TSecr=3045561243 [TCP segment of a reassembled PDU]"
"61841","37.390547447","192.168.1.55","192.168.1.2","TCP","1514","8004  >  36800 [ACK] Seq=19014 Ack=141 Win=65024 Len=1448 TSval=2916041471 TSecr=3045561243 [TCP segment of a reassembled PDU]"
"61842","37.390548836","192.168.1.55","192.168.1.2","TCP","1514","8004  >  36800 [ACK] Seq=20462 Ack=141 Win=65024 Len=1448 TSval=2916041471 TSecr=3045561243 [TCP segment of a reassembled PDU]"
"61843","37.390550280","192.168.1.55","192.168.1.2","TCP","1514","8004  >  36800 [ACK] Seq=21910 Ack=141 Win=65024 Len=1448 TSval=2916041471 TSecr=3045561243 [TCP segment of a reassembled PDU]"
"61844","37.390551724","192.168.1.55","192.168.1.2","TCP","1514","8004  >  36800 [ACK] Seq=23358 Ack=141 Win=65024 Len=1448 TSval=2916041471 TSecr=3045561243 [TCP segment of a reassembled PDU]"
"61845","37.390553169","192.168.1.55","192.168.1.2","TCP","1514","8004  >  36800 [PSH, ACK] Seq=24806 Ack=141 Win=65024 Len=1448 TSval=2916041471 TSecr=3045561243 [TCP segment of a reassembled PDU]"
"61846","37.390609576","192.168.1.2","192.168.1.55","TCP","66","36800  >  8004 [ACK] Seq=141 Ack=7430 Win=79872 Len=0 TSval=3045561244 TSecr=2916041465"
"61847","37.390616576","192.168.1.2","192.168.1.55","TCP","66","36800  >  8004 [ACK] Seq=141 Ack=13222 Win=79872 Len=0 TSval=3045561244 TSecr=2916041465"
"61848","37.390639280","192.168.1.55","192.168.1.2","TCP","1514","8004  >  36800 [ACK] Seq=26254 Ack=141 Win=65024 Len=1448 TSval=2916041471 TSecr=3045561244 [TCP segment of a reassembled PDU]"
"61849","37.390641206","192.168.1.55","192.168.1.2","TCP","1514","8004  >  36800 [ACK] Seq=27702 Ack=141 Win=65024 Len=1448 TSval=2916041471 TSecr=3045561244 [TCP segment of a reassembled PDU]"
"61850","37.390642706","192.168.1.55","192.168.1.2","TCP","1514","8004  >  36800 [ACK] Seq=29150 Ack=141 Win=65024 Len=1448 TSval=2916041471 TSecr=3045561244 [TCP segment of a reassembled PDU]"
"61851","37.390644039","192.168.1.55","192.168.1.2","TCP","1514","8004  >  36800 [ACK] Seq=30598 Ack=141 Win=65024 Len=1448 TSval=2916041471 TSecr=3045561244 [TCP segment of a reassembled PDU]"
"61852","37.390645780","192.168.1.55","192.168.1.2","TCP","1514","8004  >  36800 [ACK] Seq=32046 Ack=141 Win=65024 Len=1448 TSval=2916041471 TSecr=3045561244 [TCP segment of a reassembled PDU]"
"61853","37.390647132","192.168.1.55","192.168.1.2","TCP","1514","8004  >  36800 [ACK] Seq=33494 Ack=141 Win=65024 Len=1448 TSval=2916041471 TSecr=3045561244 [TCP segment of a reassembled PDU]"
"61854","37.390649225","192.168.1.55","192.168.1.2","TCP","1514","8004  >  36800 [ACK] Seq=34942 Ack=141 Win=65024 Len=1448 TSval=2916041471 TSecr=3045561244 [TCP segment of a reassembled PDU]"
"61855","37.390650521","192.168.1.55","192.168.1.2","TCP","1514","8004  >  36800 [ACK] Seq=36390 Ack=141 Win=65024 Len=1448 TSval=2916041471 TSecr=3045561244 [TCP segment of a reassembled PDU]"
"61856","37.390652206","192.168.1.55","192.168.1.2","TCP","1514","8004  >  36800 [ACK] Seq=37838 Ack=141 Win=65024 Len=1448 TSval=2916041471 TSecr=3045561244 [TCP segment of a reassembled PDU]"
"61857","37.390653632","192.168.1.55","192.168.1.2","TCP","1514","8004  >  36800 [PSH, ACK] Seq=39286 Ack=141 Win=65024 Len=1448 TSval=2916041471 TSecr=3045561244 [TCP segment of a reassembled PDU]"
"61858","37.391408541","192.168.1.55","192.168.1.2","TCP","1514","8004  >  36800 [ACK] Seq=40734 Ack=141 Win=65024 Len=1448 TSval=2916041472 TSecr=3045561244 [TCP segment of a reassembled PDU]"
"61859","37.396345030","192.168.1.2","192.168.1.55","TCP","66","36800  >  8004 [ACK] Seq=141 Ack=16118 Win=84992 Len=0 TSval=3045561250 TSecr=2916041471"
"61860","37.396386549","192.168.1.55","192.168.1.2","TCP","1514","8004  >  36800 [ACK] Seq=42182 Ack=141 Win=65024 Len=1448 TSval=2916041477 TSecr=3045561250 [TCP segment of a reassembled PDU]"
"61861","37.396392475","192.168.1.55","192.168.1.2","TCP","1514","8004  >  36800 [PSH, ACK] Seq=43630 Ack=141 Win=65024 Len=1448 TSval=2916041477 TSecr=3045561250 [TCP segment of a reassembled PDU]"
"61862","37.396460401","192.168.1.2","192.168.1.55","TCP","66","36800  >  8004 [ACK] Seq=141 Ack=26254 Win=83968 Len=0 TSval=3045561250 TSecr=2916041471"
"61863","37.396487030","192.168.1.55","192.168.1.2","TCP","1514","8004  >  36800 [ACK] Seq=45078 Ack=141 Win=65024 Len=1448 TSval=2916041477 TSecr=3045561250 [TCP segment of a reassembled PDU]"
"61864","37.396489104","192.168.1.55","192.168.1.2","TCP","1514","8004  >  36800 [ACK] Seq=46526 Ack=141 Win=65024 Len=1448 TSval=2916041477 TSecr=3045561250 [TCP segment of a reassembled PDU]"
"61865","37.396490623","192.168.1.55","192.168.1.2","TCP","1514","8004  >  36800 [ACK] Seq=47974 Ack=141 Win=65024 Len=1448 TSval=2916041477 TSecr=3045561250 [TCP segment of a reassembled PDU]"
"61866","37.396492438","192.168.1.55","192.168.1.2","TCP","1514","8004  >  36800 [ACK] Seq=49422 Ack=141 Win=65024 Len=1448 TSval=2916041477 TSecr=3045561250 [TCP segment of a reassembled PDU]"
"61867","37.396494123","192.168.1.55","192.168.1.2","TCP","1514","8004  >  36800 [ACK] Seq=50870 Ack=141 Win=65024 Len=1448 TSval=2916041477 TSecr=3045561250 [TCP segment of a reassembled PDU]"
"61868","37.396495456","192.168.1.55","192.168.1.2","TCP","1514","8004  >  36800 [ACK] Seq=52318 Ack=141 Win=65024 Len=1448 TSval=2916041477 TSecr=3045561250 [TCP segment of a reassembled PDU]"
"61869","37.396496827","192.168.1.55","192.168.1.2","TCP","1514","8004  >  36800 [ACK] Seq=53766 Ack=141 Win=65024 Len=1448 TSval=2916041477 TSecr=3045561250 [TCP segment of a reassembled PDU]"
"61870","37.396498197","192.168.1.55","192.168.1.2","TCP","1514","8004  >  36800 [ACK] Seq=55214 Ack=141 Win=65024 Len=1448 TSval=2916041477 TSecr=3045561250 [TCP segment of a reassembled PDU]"
"61871","37.396499697","192.168.1.55","192.168.1.2","TCP","1514","8004  >  36800 [ACK] Seq=56662 Ack=141 Win=65024 Len=1448 TSval=2916041477 TSecr=3045561250 [TCP segment of a reassembled PDU]"
"61872","37.396501530","192.168.1.55","192.168.1.2","TCP","1514","8004  >  36800 [ACK] Seq=58110 Ack=141 Win=65024 Len=1448 TSval=2916041477 TSecr=3045561250 [TCP segment of a reassembled PDU]"
"61873","37.396503364","192.168.1.55","192.168.1.2","TCP","1514","8004  >  36800 [ACK] Seq=59558 Ack=141 Win=65024 Len=1448 TSval=2916041477 TSecr=3045561250 [TCP segment of a reassembled PDU]"
"61874","37.396504827","192.168.1.55","192.168.1.2","TCP","1514","8004  >  36800 [ACK] Seq=61006 Ack=141 Win=65024 Len=1448 TSval=2916041477 TSecr=3045561250 [TCP segment of a reassembled PDU]"
"61875","37.396506104","192.168.1.55","192.168.1.2","TCP","1514","8004  >  36800 [ACK] Seq=62454 Ack=141 Win=65024 Len=1448 TSval=2916041477 TSecr=3045561250 [TCP segment of a reassembled PDU]"
"61876","37.396507419","192.168.1.55","192.168.1.2","TCP","1514","8004  >  36800 [PSH, ACK] Seq=63902 Ack=141 Win=65024 Len=1448 TSval=2916041477 TSecr=3045561250 [TCP segment of a reassembled PDU]"
"61877","37.396512123","192.168.1.2","192.168.1.55","TCP","66","36800  >  8004 [ACK] Seq=141 Ack=33494 Win=76800 Len=0 TSval=3045561250 TSecr=2916041471"
"61878","37.396539734","192.168.1.55","192.168.1.2","TCP","1514","8004  >  36800 [ACK] Seq=65350 Ack=141 Win=65024 Len=1448 TSval=2916041477 TSecr=3045561250 [TCP segment of a reassembled PDU]"
"61879","37.396541679","192.168.1.55","192.168.1.2","TCP","1514","8004  >  36800 [ACK] Seq=66798 Ack=141 Win=65024 Len=1448 TSval=2916041477 TSecr=3045561250 [TCP segment of a reassembled PDU]"
"61880","37.396543123","192.168.1.55","192.168.1.2","TCP","1514","8004  >  36800 [ACK] Seq=68246 Ack=141 Win=65024 Len=1448 TSval=2916041477 TSecr=3045561250 [TCP segment of a reassembled PDU]"
"61881","37.396544549","192.168.1.55","192.168.1.2","TCP","1514","8004  >  36800 [ACK] Seq=69694 Ack=141 Win=65024 Len=1448 TSval=2916041477 TSecr=3045561250 [TCP segment of a reassembled PDU]"
"61882","37.396546234","192.168.1.55","192.168.1.2","TCP","1514","8004  >  36800 [ACK] Seq=71142 Ack=141 Win=65024 Len=1448 TSval=2916041477 TSecr=3045561250 [TCP segment of a reassembled PDU]"
"61883","37.396548808","192.168.1.55","192.168.1.2","TCP","1514","8004  >  36800 [ACK] Seq=72590 Ack=141 Win=65024 Len=1448 TSval=2916041477 TSecr=3045561250 [TCP segment of a reassembled PDU]"
"61884","37.396550549","192.168.1.55","192.168.1.2","TCP","1514","8004  >  36800 [ACK] Seq=74038 Ack=141 Win=65024 Len=1448 TSval=2916041477 TSecr=3045561250 [TCP segment of a reassembled PDU]"
"61885","37.396552030","192.168.1.55","192.168.1.2","TCP","1514","8004  >  36800 [PSH, ACK] Seq=75486 Ack=141 Win=65024 Len=1448 TSval=2916041477 TSecr=3045561250 [TCP segment of a reassembled PDU]"
"61886","37.396558197","192.168.1.2","192.168.1.55","TCP","66","36800  >  8004 [ACK] Seq=141 Ack=40734 Win=86016 Len=0 TSval=3045561251 TSecr=2916041471"
"61887","37.396566679","192.168.1.2","192.168.1.55","TCP","66","36800  >  8004 [ACK] Seq=141 Ack=42182 Win=89088 Len=0 TSval=3045561251 TSecr=2916041472"
"61888","37.397511643","192.168.1.55","192.168.1.2","TCP","1514","8004  >  36800 [ACK] Seq=76934 Ack=141 Win=65024 Len=1448 TSval=2916041478 TSecr=3045561251 [TCP segment of a reassembled PDU]"
"61889","37.397517125","192.168.1.55","192.168.1.2","TCP","1514","8004  >  36800 [ACK] Seq=78382 Ack=141 Win=65024 Len=1448 TSval=2916041478 TSecr=3045561251 [TCP segment of a reassembled PDU]"
"61890","37.397519291","192.168.1.55","192.168.1.2","TCP","1514","8004  >  36800 [ACK] Seq=79830 Ack=141 Win=65024 Len=1448 TSval=2916041478 TSecr=3045561251 [TCP segment of a reassembled PDU]"
"61891","37.397521236","192.168.1.55","192.168.1.2","TCP","1514","8004  >  36800 [ACK] Seq=81278 Ack=141 Win=65024 Len=1448 TSval=2916041478 TSecr=3045561251 [TCP segment of a reassembled PDU]"
"61892","37.397522717","192.168.1.55","192.168.1.2","TCP","1514","8004  >  36800 [ACK] Seq=82726 Ack=141 Win=65024 Len=1448 TSval=2916041478 TSecr=3045561251 [TCP segment of a reassembled PDU]"
"61893","37.397525273","192.168.1.55","192.168.1.2","TCP","1514","8004  >  36800 [ACK] Seq=84174 Ack=141 Win=65024 Len=1448 TSval=2916041478 TSecr=3045561251 [TCP segment of a reassembled PDU]"
"61894","37.397527513","192.168.1.55","192.168.1.2","TCP","1514","8004  >  36800 [ACK] Seq=85622 Ack=141 Win=65024 Len=1448 TSval=2916041478 TSecr=3045561251 [TCP segment of a reassembled PDU]"
"61895","37.397529236","192.168.1.55","192.168.1.2","TCP","1514","8004  >  36800 [ACK] Seq=87070 Ack=141 Win=65024 Len=1448 TSval=2916041478 TSecr=3045561251 [TCP segment of a reassembled PDU]"
"61896","37.397530569","192.168.1.55","192.168.1.2","TCP","1514","8004  >  36800 [ACK] Seq=88518 Ack=141 Win=65024 Len=1448 TSval=2916041478 TSecr=3045561251 [TCP segment of a reassembled PDU]"
"61897","37.397531976","192.168.1.55","192.168.1.2","TCP","1514","8004  >  36800 [ACK] Seq=89966 Ack=141 Win=65024 Len=1448 TSval=2916041478 TSecr=3045561251 [TCP segment of a reassembled PDU]"
"61898","37.397533569","192.168.1.55","192.168.1.2","TCP","1514","8004  >  36800 [ACK] Seq=91414 Ack=141 Win=65024 Len=1448 TSval=2916041478 TSecr=3045561251 [TCP segment of a reassembled PDU]"
"61899","37.397535495","192.168.1.55","192.168.1.2","TCP","1514","8004  >  36800 [ACK] Seq=92862 Ack=141 Win=65024 Len=1448 TSval=2916041478 TSecr=3045561251 [TCP segment of a reassembled PDU]"
"61900","37.397537495","192.168.1.55","192.168.1.2","TCP","1514","8004  >  36800 [ACK] Seq=94310 Ack=141 Win=65024 Len=1448 TSval=2916041478 TSecr=3045561251 [TCP segment of a reassembled PDU]"
"61901","37.397538902","192.168.1.55","192.168.1.2","TCP","1514","8004  >  36800 [PSH, ACK] Seq=95758 Ack=141 Win=65024 Len=1448 TSval=2916041478 TSecr=3045561251 [TCP segment of a reassembled PDU]"
"61902","37.397547328","192.168.1.55","192.168.1.2","TCP","1514","8004  >  36800 [ACK] Seq=97206 Ack=141 Win=65024 Len=1448 TSval=2916041478 TSecr=3045561251 [TCP segment of a reassembled PDU]"
"61903","37.397548662","192.168.1.55","192.168.1.2","TCP","1514","8004  >  36800 [PSH, ACK] Seq=98654 Ack=141 Win=65024 Len=1448 TSval=2916041478 TSecr=3045561251 [TCP segment of a reassembled PDU]"
"61904","37.402134854","192.168.1.2","192.168.1.55","TCP","66","36800  >  8004 [ACK] Seq=141 Ack=45078 Win=90112 Len=0 TSval=3045561256 TSecr=2916041477"
"61905","37.402159706","192.168.1.55","192.168.1.2","TCP","1514","8004  >  36800 [ACK] Seq=100102 Ack=141 Win=65024 Len=1448 TSval=2916041482 TSecr=3045561256 [TCP segment of a reassembled PDU]"
"61906","37.402162484","192.168.1.55","192.168.1.2","TCP","1514","8004  >  36800 [ACK] Seq=101550 Ack=141 Win=65024 Len=1448 TSval=2916041482 TSecr=3045561256 [TCP segment of a reassembled PDU]"
"61907","37.402163743","192.168.1.55","192.168.1.2","TCP","1514","8004  >  36800 [ACK] Seq=102998 Ack=141 Win=65024 Len=1448 TSval=2916041482 TSecr=3045561256 [TCP segment of a reassembled PDU]"
"61908","37.402165076","192.168.1.55","192.168.1.2","TCP","1514","8004  >  36800 [PSH, ACK] Seq=104446 Ack=141 Win=65024 Len=1448 TSval=2916041482 TSecr=3045561256 [TCP segment of a reassembled PDU]"
"61909","37.402436595","192.168.1.2","192.168.1.55","TCP","66","36800  >  8004 [ACK] Seq=141 Ack=52318 Win=86016 Len=0 TSval=3045561256 TSecr=2916041477"
"61910","37.402449410","192.168.1.55","192.168.1.2","TCP","1514","8004  >  36800 [ACK] Seq=105894 Ack=141 Win=65024 Len=1448 TSval=2916041483 TSecr=3045561256 [TCP segment of a reassembled PDU]"
"61911","37.402451299","192.168.1.55","192.168.1.2","TCP","1514","8004  >  36800 [ACK] Seq=107342 Ack=141 Win=65024 Len=1448 TSval=2916041483 TSecr=3045561256 [TCP segment of a reassembled PDU]"
"61912","37.402452466","192.168.1.55","192.168.1.2","TCP","1514","8004  >  36800 [ACK] Seq=108790 Ack=141 Win=65024 Len=1448 TSval=2916041483 TSecr=3045561256 [TCP segment of a reassembled PDU]"
"61913","37.402453558","192.168.1.55","192.168.1.2","TCP","1514","8004  >  36800 [ACK] Seq=110238 Ack=141 Win=65024 Len=1448 TSval=2916041483 TSecr=3045561256 [TCP segment of a reassembled PDU]"
"61914","37.402454744","192.168.1.55","192.168.1.2","TCP","1514","8004  >  36800 [ACK] Seq=111686 Ack=141 Win=65024 Len=1448 TSval=2916041483 TSecr=3045561256 [TCP segment of a reassembled PDU]"
"61915","37.402455873","192.168.1.55","192.168.1.2","TCP","1514","8004  >  36800 [ACK] Seq=113134 Ack=141 Win=65024 Len=1448 TSval=2916041483 TSecr=3045561256 [TCP segment of a reassembled PDU]"
"61916","37.402457095","192.168.1.55","192.168.1.2","TCP","1514","8004  >  36800 [PSH, ACK] Seq=114582 Ack=141 Win=65024 Len=1448 TSval=2916041483 TSecr=3045561256 [TCP segment of a reassembled PDU]"
"61917","37.402461133","192.168.1.2","192.168.1.55","TCP","66","36800  >  8004 [ACK] Seq=141 Ack=65350 Win=80896 Len=0 TSval=3045561256 TSecr=2916041477"
"61918","37.402491577","192.168.1.55","192.168.1.2","TCP","1514","8004  >  36800 [ACK] Seq=116030 Ack=141 Win=65024 Len=1448 TSval=2916041483 TSecr=3045561256 [TCP segment of a reassembled PDU]"
"61919","37.402493114","192.168.1.55","192.168.1.2","TCP","1514","8004  >  36800 [ACK] Seq=117478 Ack=141 Win=65024 Len=1448 TSval=2916041483 TSecr=3045561256 [TCP segment of a reassembled PDU]"
"61920","37.402494299","192.168.1.55","192.168.1.2","TCP","1514","8004  >  36800 [ACK] Seq=118926 Ack=141 Win=65024 Len=1448 TSval=2916041483 TSecr=3045561256 [TCP segment of a reassembled PDU]"
"61921","37.402495373","192.168.1.55","192.168.1.2","TCP","1514","8004  >  36800 [ACK] Seq=120374 Ack=141 Win=65024 Len=1448 TSval=2916041483 TSecr=3045561256 [TCP segment of a reassembled PDU]"
"61922","37.402496447","192.168.1.55","192.168.1.2","TCP","1514","8004  >  36800 [ACK] Seq=121822 Ack=141 Win=65024 Len=1448 TSval=2916041483 TSecr=3045561256 [TCP segment of a reassembled PDU]"
"61923","37.402497670","192.168.1.55","192.168.1.2","TCP","1514","8004  >  36800 [ACK] Seq=123270 Ack=141 Win=65024 Len=1448 TSval=2916041483 TSecr=3045561256 [TCP segment of a reassembled PDU]"
"61924","37.402498781","192.168.1.55","192.168.1.2","TCP","1514","8004  >  36800 [ACK] Seq=124718 Ack=141 Win=65024 Len=1448 TSval=2916041483 TSecr=3045561256 [TCP segment of a reassembled PDU]"
"61925","37.402499910","192.168.1.55","192.168.1.2","TCP","1514","8004  >  36800 [ACK] Seq=126166 Ack=141 Win=65024 Len=1448 TSval=2916041483 TSecr=3045561256 [TCP segment of a reassembled PDU]"
"61926","37.402501096","192.168.1.55","192.168.1.2","TCP","1514","8004  >  36800 [ACK] Seq=127614 Ack=141 Win=65024 Len=1448 TSval=2916041483 TSecr=3045561256 [TCP segment of a reassembled PDU]"
"61927","37.402502170","192.168.1.55","192.168.1.2","TCP","1514","8004  >  36800 [ACK] Seq=129062 Ack=141 Win=65024 Len=1448 TSval=2916041483 TSecr=3045561256 [TCP segment of a reassembled PDU]"
"61928","37.402503336","192.168.1.55","192.168.1.2","TCP","1514","8004  >  36800 [ACK] Seq=130510 Ack=141 Win=65024 Len=1448 TSval=2916041483 TSecr=3045561256 [TCP segment of a reassembled PDU]"
"61929","37.402504410","192.168.1.55","192.168.1.2","TCP","1514","8004  >  36800 [ACK] Seq=131958 Ack=141 Win=65024 Len=1448 TSval=2916041483 TSecr=3045561256 [TCP segment of a reassembled PDU]"
"61930","37.402505484","192.168.1.55","192.168.1.2","TCP","1514","8004  >  36800 [ACK] Seq=133406 Ack=141 Win=65024 Len=1448 TSval=2916041483 TSecr=3045561256 [TCP segment of a reassembled PDU]"
"61931","37.402506707","192.168.1.55","192.168.1.2","TCP","1514","8004  >  36800 [ACK] Seq=134854 Ack=141 Win=65024 Len=1448 TSval=2916041483 TSecr=3045561256 [TCP segment of a reassembled PDU]"
"61932","37.402507818","192.168.1.55","192.168.1.2","TCP","1514","8004  >  36800 [ACK] Seq=136302 Ack=141 Win=65024 Len=1448 TSval=2916041483 TSecr=3045561256 [TCP segment of a reassembled PDU]"
"61933","37.402509225","192.168.1.55","192.168.1.2","TCP","1514","8004  >  36800 [ACK] Seq=137750 Ack=141 Win=65024 Len=1448 TSval=2916041483 TSecr=3045561256 [TCP segment of a reassembled PDU]"
"61934","37.402510355","192.168.1.55","192.168.1.2","TCP","1514","8004  >  36800 [ACK] Seq=139198 Ack=141 Win=65024 Len=1448 TSval=2916041483 TSecr=3045561256 [TCP segment of a reassembled PDU]"
"61935","37.402511447","192.168.1.55","192.168.1.2","TCP","1514","8004  >  36800 [ACK] Seq=140646 Ack=141 Win=65024 Len=1448 TSval=2916041483 TSecr=3045561256 [TCP segment of a reassembled PDU]"
"61936","37.402512633","192.168.1.55","192.168.1.2","TCP","1514","8004  >  36800 [ACK] Seq=142094 Ack=141 Win=65024 Len=1448 TSval=2916041483 TSecr=3045561256 [TCP segment of a reassembled PDU]"
"61937","37.402513744","192.168.1.55","192.168.1.2","TCP","1514","8004  >  36800 [ACK] Seq=143542 Ack=141 Win=65024 Len=1448 TSval=2916041483 TSecr=3045561256 [TCP segment of a reassembled PDU]"
"61938","37.402514910","192.168.1.55","192.168.1.2","TCP","1322","[TCP Window Full] 8004  >  36800 [PSH, ACK] Seq=144990 Ack=141 Win=65024 Len=1256 TSval=2916041483 TSecr=3045561256 [TCP segment of a reassembled PDU]"
"61939","37.402518633","192.168.1.2","192.168.1.55","TCP","66","36800  >  8004 [ACK] Seq=141 Ack=76934 Win=81920 Len=0 TSval=3045561257 TSecr=2916041477"
"61940","37.402536484","192.168.1.55","192.168.1.2","TCP","1514","8004  >  36800 [ACK] Seq=146246 Ack=141 Win=65024 Len=1448 TSval=2916041483 TSecr=3045561257 [TCP segment of a reassembled PDU]"
"61941","37.402537984","192.168.1.55","192.168.1.2","TCP","1514","8004  >  36800 [ACK] Seq=147694 Ack=141 Win=65024 Len=1448 TSval=2916041483 TSecr=3045561257 [TCP segment of a reassembled PDU]"
"61942","37.402539151","192.168.1.55","192.168.1.2","TCP","1514","8004  >  36800 [ACK] Seq=149142 Ack=141 Win=65024 Len=1448 TSval=2916041483 TSecr=3045561257 [TCP segment of a reassembled PDU]"
"61943","37.402540244","192.168.1.55","192.168.1.2","TCP","1514","8004  >  36800 [ACK] Seq=150590 Ack=141 Win=65024 Len=1448 TSval=2916041483 TSecr=3045561257 [TCP segment of a reassembled PDU]"
"61944","37.402541503","192.168.1.55","192.168.1.2","TCP","1514","8004  >  36800 [ACK] Seq=152038 Ack=141 Win=65024 Len=1448 TSval=2916041483 TSecr=3045561257 [TCP segment of a reassembled PDU]"
"61945","37.402542651","192.168.1.55","192.168.1.2","TCP","1514","8004  >  36800 [PSH, ACK] Seq=153486 Ack=141 Win=65024 Len=1448 TSval=2916041483 TSecr=3045561257 [TCP segment of a reassembled PDU]"
"61946","37.402600059","192.168.1.2","192.168.1.55","TCP","66","36800  >  8004 [ACK] Seq=141 Ack=97206 Win=73728 Len=0 TSval=3045561257 TSecr=2916041478"
"61947","37.402609744","192.168.1.55","192.168.1.2","TCP","258","8004  >  36800 [ACK] Seq=154934 Ack=141 Win=65024 Len=192 TSval=2916041483 TSecr=3045561257 [TCP segment of a reassembled PDU]"
"61948","37.402613781","192.168.1.2","192.168.1.55","TCP","66","36800  >  8004 [ACK] Seq=141 Ack=100102 Win=71680 Len=0 TSval=3045561257 TSecr=2916041478"
"61949","37.402638299","192.168.1.55","192.168.1.2","TCP","1514","8004  >  36800 [ACK] Seq=155126 Ack=141 Win=65024 Len=1448 TSval=2916041483 TSecr=3045561257 [TCP segment of a reassembled PDU]"
"61950","37.402640762","192.168.1.55","192.168.1.2","TCP","1514","8004  >  36800 [ACK] Seq=156574 Ack=141 Win=65024 Len=1448 TSval=2916041483 TSecr=3045561257 [TCP segment of a reassembled PDU]"
"61951","37.402642077","192.168.1.55","192.168.1.2","TCP","1514","8004  >  36800 [ACK] Seq=158022 Ack=141 Win=65024 Len=1448 TSval=2916041483 TSecr=3045561257 [TCP segment of a reassembled PDU]"
"61952","37.402643448","192.168.1.55","192.168.1.2","TCP","1514","8004  >  36800 [ACK] Seq=159470 Ack=141 Win=65024 Len=1448 TSval=2916041483 TSecr=3045561257 [TCP segment of a reassembled PDU]"
"61953","37.402644837","192.168.1.55","192.168.1.2","TCP","1514","8004  >  36800 [ACK] Seq=160918 Ack=141 Win=65024 Len=1448 TSval=2916041483 TSecr=3045561257 [TCP segment of a reassembled PDU]"
"61954","37.402646596","192.168.1.55","192.168.1.2","TCP","1514","8004  >  36800 [ACK] Seq=162366 Ack=141 Win=65024 Len=1448 TSval=2916041483 TSecr=3045561257 [TCP segment of a reassembled PDU]"
"61955","37.402648892","192.168.1.55","192.168.1.2","TCP","1514","8004  >  36800 [ACK] Seq=163814 Ack=141 Win=65024 Len=1448 TSval=2916041483 TSecr=3045561257 [TCP segment of a reassembled PDU]"
"61956","37.402650059","192.168.1.55","192.168.1.2","TCP","1514","8004  >  36800 [ACK] Seq=165262 Ack=141 Win=65024 Len=1448 TSval=2916041483 TSecr=3045561257 [TCP segment of a reassembled PDU]"
"61957","37.402651392","192.168.1.55","192.168.1.2","TCP","1514","8004  >  36800 [ACK] Seq=166710 Ack=141 Win=65024 Len=1448 TSval=2916041483 TSecr=3045561257 [TCP segment of a reassembled PDU]"
"61958","37.402652485","192.168.1.55","192.168.1.2","TCP","1514","8004  >  36800 [ACK] Seq=168158 Ack=141 Win=65024 Len=1448 TSval=2916041483 TSecr=3045561257 [TCP segment of a reassembled PDU]"
"61959","37.402653744","192.168.1.55","192.168.1.2","TCP","1514","8004  >  36800 [PSH, ACK] Seq=169606 Ack=141 Win=65024 Len=1448 TSval=2916041483 TSecr=3045561257 [TCP segment of a reassembled PDU]"
"61960","37.407723456","192.168.1.2","192.168.1.55","TCP","66","36800  >  8004 [ACK] Seq=141 Ack=101550 Win=90112 Len=0 TSval=3045561259 TSecr=2916041482"
"61961","37.407743271","192.168.1.55","192.168.1.2","TCP","1514","8004  >  36800 [ACK] Seq=171054 Ack=141 Win=65024 Len=1448 TSval=2916041488 TSecr=3045561259 [TCP segment of a reassembled PDU]"
"61962","37.407746234","192.168.1.55","192.168.1.2","TCP","1514","8004  >  36800 [ACK] Seq=172502 Ack=141 Win=65024 Len=1448 TSval=2916041488 TSecr=3045561259 [TCP segment of a reassembled PDU]"
"61963","37.407747456","192.168.1.55","192.168.1.2","TCP","1514","8004  >  36800 [ACK] Seq=173950 Ack=141 Win=65024 Len=1448 TSval=2916041488 TSecr=3045561259 [TCP segment of a reassembled PDU]"
"61964","37.407748548","192.168.1.55","192.168.1.2","TCP","1514","8004  >  36800 [ACK] Seq=175398 Ack=141 Win=65024 Len=1448 TSval=2916041488 TSecr=3045561259 [TCP segment of a reassembled PDU]"
"61965","37.407749808","192.168.1.55","192.168.1.2","TCP","1514","8004  >  36800 [ACK] Seq=176846 Ack=141 Win=65024 Len=1448 TSval=2916041488 TSecr=3045561259 [TCP segment of a reassembled PDU]"
"61966","37.407751085","192.168.1.55","192.168.1.2","TCP","1514","8004  >  36800 [ACK] Seq=178294 Ack=141 Win=65024 Len=1448 TSval=2916041488 TSecr=3045561259 [TCP segment of a reassembled PDU]"
"61967","37.407752197","192.168.1.55","192.168.1.2","TCP","1514","8004  >  36800 [ACK] Seq=179742 Ack=141 Win=65024 Len=1448 TSval=2916041488 TSecr=3045561259 [TCP segment of a reassembled PDU]"
"61968","37.407753419","192.168.1.55","192.168.1.2","TCP","1514","8004  >  36800 [ACK] Seq=181190 Ack=141 Win=65024 Len=1448 TSval=2916041488 TSecr=3045561259 [TCP segment of a reassembled PDU]"
"61969","37.407754511","192.168.1.55","192.168.1.2","TCP","1514","8004  >  36800 [ACK] Seq=182638 Ack=141 Win=65024 Len=1448 TSval=2916041488 TSecr=3045561259 [TCP segment of a reassembled PDU]"
"61970","37.407755623","192.168.1.55","192.168.1.2","TCP","1514","8004  >  36800 [ACK] Seq=184086 Ack=141 Win=65024 Len=1448 TSval=2916041488 TSecr=3045561259 [TCP segment of a reassembled PDU]"
"61971","37.407756808","192.168.1.55","192.168.1.2","TCP","1514","8004  >  36800 [ACK] Seq=185534 Ack=141 Win=65024 Len=1448 TSval=2916041488 TSecr=3045561259 [TCP segment of a reassembled PDU]"
"61972","37.407757882","192.168.1.55","192.168.1.2","TCP","1514","8004  >  36800 [ACK] Seq=186982 Ack=141 Win=65024 Len=1448 TSval=2916041488 TSecr=3045561259 [TCP segment of a reassembled PDU]"
"61973","37.407759160","192.168.1.55","192.168.1.2","TCP","1514","8004  >  36800 [ACK] Seq=188430 Ack=141 Win=65024 Len=1448 TSval=2916041488 TSecr=3045561259 [TCP segment of a reassembled PDU]"
"61974","37.407760308","192.168.1.55","192.168.1.2","TCP","1514","8004  >  36800 [PSH, ACK] Seq=189878 Ack=141 Win=65024 Len=1448 TSval=2916041488 TSecr=3045561259 [TCP segment of a reassembled PDU]"
"61975","37.407799456","192.168.1.2","192.168.1.55","TCP","66","36800  >  8004 [ACK] Seq=141 Ack=104446 Win=88064 Len=0 TSval=3045561259 TSecr=2916041482"
"61976","37.409518218","192.168.1.2","192.168.1.55","TCP","66","36800  >  8004 [ACK] Seq=141 Ack=105894 Win=93184 Len=0 TSval=3045561263 TSecr=2916041482"
"61977","37.409528088","192.168.1.55","192.168.1.2","TCP","1514","8004  >  36800 [ACK] Seq=191326 Ack=141 Win=65024 Len=1448 TSval=2916041490 TSecr=3045561263 [TCP segment of a reassembled PDU]"
"61978","37.409530181","192.168.1.55","192.168.1.2","TCP","1514","8004  >  36800 [ACK] Seq=192774 Ack=141 Win=65024 Len=1448 TSval=2916041490 TSecr=3045561263 [TCP segment of a reassembled PDU]"
"61979","37.409531292","192.168.1.55","192.168.1.2","TCP","1514","8004  >  36800 [ACK] Seq=194222 Ack=141 Win=65024 Len=1448 TSval=2916041490 TSecr=3045561263 [TCP segment of a reassembled PDU]"
"61980","37.409532385","192.168.1.55","192.168.1.2","TCP","1514","8004  >  36800 [ACK] Seq=195670 Ack=141 Win=65024 Len=1448 TSval=2916041490 TSecr=3045561263 [TCP segment of a reassembled PDU]"
"61981","37.409533477","192.168.1.55","192.168.1.2","TCP","1514","8004  >  36800 [PSH, ACK] Seq=197118 Ack=141 Win=65024 Len=1448 TSval=2916041490 TSecr=3045561263 [TCP segment of a reassembled PDU]"
"61982","37.409839941","192.168.1.2","192.168.1.55","TCP","66","36800  >  8004 [ACK] Seq=141 Ack=116030 Win=100352 Len=0 TSval=3045561263 TSecr=2916041483"
"61983","37.409846867","192.168.1.2","192.168.1.55","TCP","66","36800  >  8004 [ACK] Seq=141 Ack=120374 Win=105472 Len=0 TSval=3045561263 TSecr=2916041483"
"61984","37.409852052","192.168.1.2","192.168.1.55","TCP","66","36800  >  8004 [ACK] Seq=141 Ack=146246 Win=95232 Len=0 TSval=3045561263 TSecr=2916041483"
"61985","37.409883700","192.168.1.55","192.168.1.2","TCP","1514","8004  >  36800 [ACK] Seq=198566 Ack=141 Win=65024 Len=1448 TSval=2916041490 TSecr=3045561263 [TCP segment of a reassembled PDU]"
"61986","37.409886182","192.168.1.55","192.168.1.2","TCP","1514","8004  >  36800 [ACK] Seq=200014 Ack=141 Win=65024 Len=1448 TSval=2916041490 TSecr=3045561263 [TCP segment of a reassembled PDU]"
"61987","37.409887478","192.168.1.55","192.168.1.2","TCP","1514","8004  >  36800 [ACK] Seq=201462 Ack=141 Win=65024 Len=1448 TSval=2916041490 TSecr=3045561263 [TCP segment of a reassembled PDU]"
"61988","37.409888922","192.168.1.55","192.168.1.2","TCP","1514","8004  >  36800 [ACK] Seq=202910 Ack=141 Win=65024 Len=1448 TSval=2916041490 TSecr=3045561263 [TCP segment of a reassembled PDU]"
"61989","37.409890219","192.168.1.55","192.168.1.2","TCP","1514","8004  >  36800 [ACK] Seq=204358 Ack=141 Win=65024 Len=1448 TSval=2916041490 TSecr=3045561263 [TCP segment of a reassembled PDU]"
"61990","37.409891626","192.168.1.55","192.168.1.2","TCP","1514","8004  >  36800 [ACK] Seq=205806 Ack=141 Win=65024 Len=1448 TSval=2916041490 TSecr=3045561263 [TCP segment of a reassembled PDU]"
"61991","37.409893533","192.168.1.55","192.168.1.2","TCP","1514","8004  >  36800 [ACK] Seq=207254 Ack=141 Win=65024 Len=1448 TSval=2916041490 TSecr=3045561263 [TCP segment of a reassembled PDU]"
"61992","37.409894867","192.168.1.55","192.168.1.2","TCP","1514","8004  >  36800 [ACK] Seq=208702 Ack=141 Win=65024 Len=1448 TSval=2916041490 TSecr=3045561263 [TCP segment of a reassembled PDU]"
"61993","37.409896163","192.168.1.55","192.168.1.2","TCP","1514","8004  >  36800 [ACK] Seq=210150 Ack=141 Win=65024 Len=1448 TSval=2916041490 TSecr=3045561263 [TCP segment of a reassembled PDU]"
"61994","37.409897422","192.168.1.55","192.168.1.2","TCP","1514","8004  >  36800 [ACK] Seq=211598 Ack=141 Win=65024 Len=1448 TSval=2916041490 TSecr=3045561263 [TCP segment of a reassembled PDU]"
"61995","37.409898737","192.168.1.55","192.168.1.2","TCP","1514","8004  >  36800 [ACK] Seq=213046 Ack=141 Win=65024 Len=1448 TSval=2916041490 TSecr=3045561263 [TCP segment of a reassembled PDU]"
"61996","37.409900126","192.168.1.55","192.168.1.2","TCP","1514","8004  >  36800 [ACK] Seq=214494 Ack=141 Win=65024 Len=1448 TSval=2916041490 TSecr=3045561263 [TCP segment of a reassembled PDU]"
"61997","37.409901515","192.168.1.55","192.168.1.2","TCP","1514","8004  >  36800 [ACK] Seq=215942 Ack=141 Win=65024 Len=1448 TSval=2916041490 TSecr=3045561263 [TCP segment of a reassembled PDU]"
"61998","37.409902793","192.168.1.55","192.168.1.2","TCP","1514","8004  >  36800 [ACK] Seq=217390 Ack=141 Win=65024 Len=1448 TSval=2916041490 TSecr=3045561263 [TCP segment of a reassembled PDU]"
"61999","37.409904107","192.168.1.55","192.168.1.2","TCP","1514","8004  >  36800 [ACK] Seq=218838 Ack=141 Win=65024 Len=1448 TSval=2916041490 TSecr=3045561263 [TCP segment of a reassembled PDU]"
"62000","37.409905700","192.168.1.55","192.168.1.2","TCP","1514","8004  >  36800 [ACK] Seq=220286 Ack=141 Win=65024 Len=1448 TSval=2916041490 TSecr=3045561263 [TCP segment of a reassembled PDU]"
"62001","37.409912867","192.168.1.55","192.168.1.2","TCP","1514","8004  >  36800 [ACK] Seq=221734 Ack=141 Win=65024 Len=1448 TSval=2916041490 TSecr=3045561263 [TCP segment of a reassembled PDU]"
"62002","37.409914682","192.168.1.55","192.168.1.2","TCP","1514","8004  >  36800 [ACK] Seq=223182 Ack=141 Win=65024 Len=1448 TSval=2916041490 TSecr=3045561263 [TCP segment of a reassembled PDU]"
"62003","37.409916108","192.168.1.55","192.168.1.2","TCP","1514","8004  >  36800 [ACK] Seq=224630 Ack=141 Win=65024 Len=1448 TSval=2916041490 TSecr=3045561263 [TCP segment of a reassembled PDU]"
"62004","37.409917478","192.168.1.55","192.168.1.2","TCP","1514","8004  >  36800 [ACK] Seq=226078 Ack=141 Win=65024 Len=1448 TSval=2916041490 TSecr=3045561263 [TCP segment of a reassembled PDU]"
"62005","37.409918737","192.168.1.55","192.168.1.2","TCP","1514","8004  >  36800 [ACK] Seq=227526 Ack=141 Win=65024 Len=1448 TSval=2916041490 TSecr=3045561263 [TCP segment of a reassembled PDU]"
"62006","37.409920070","192.168.1.55","192.168.1.2","TCP","1514","8004  >  36800 [ACK] Seq=228974 Ack=141 Win=65024 Len=1448 TSval=2916041490 TSecr=3045561263 [TCP segment of a reassembled PDU]"
"62007","37.409921422","192.168.1.55","192.168.1.2","TCP","1514","8004  >  36800 [ACK] Seq=230422 Ack=141 Win=65024 Len=1448 TSval=2916041490 TSecr=3045561263 [TCP segment of a reassembled PDU]"
"62008","37.409923274","192.168.1.55","192.168.1.2","TCP","1514","8004  >  36800 [ACK] Seq=231870 Ack=141 Win=65024 Len=1448 TSval=2916041490 TSecr=3045561263 [TCP segment of a reassembled PDU]"
"62009","37.409924570","192.168.1.55","192.168.1.2","TCP","1514","8004  >  36800 [ACK] Seq=233318 Ack=141 Win=65024 Len=1448 TSval=2916041490 TSecr=3045561263 [TCP segment of a reassembled PDU]"
"62010","37.409925848","192.168.1.55","192.168.1.2","TCP","1514","8004  >  36800 [ACK] Seq=234766 Ack=141 Win=65024 Len=1448 TSval=2916041490 TSecr=3045561263 [TCP segment of a reassembled PDU]"
"62011","37.409927219","192.168.1.55","192.168.1.2","TCP","1514","8004  >  36800 [ACK] Seq=236214 Ack=141 Win=65024 Len=1448 TSval=2916041490 TSecr=3045561263 [TCP segment of a reassembled PDU]"
"62012","37.409928478","192.168.1.55","192.168.1.2","TCP","1514","8004  >  36800 [ACK] Seq=237662 Ack=141 Win=65024 Len=1448 TSval=2916041490 TSecr=3045561263 [TCP segment of a reassembled PDU]"
"62013","37.409930089","192.168.1.55","192.168.1.2","TCP","1514","8004  >  36800 [PSH, ACK] Seq=239110 Ack=141 Win=65024 Len=1448 TSval=2916041490 TSecr=3045561263 [TCP segment of a reassembled PDU]"
"62014","37.409985219","192.168.1.2","192.168.1.55","TCP","66","36800  >  8004 [ACK] Seq=141 Ack=154934 Win=87040 Len=0 TSval=3045561263 TSecr=2916041483"
"62015","37.409993330","192.168.1.2","192.168.1.55","TCP","66","36800  >  8004 [ACK] Seq=141 Ack=165262 Win=99328 Len=0 TSval=3045561263 TSecr=2916041483"
"62016","37.410003219","192.168.1.55","192.168.1.2","TCP","1514","8004  >  36800 [PSH, ACK] Seq=240558 Ack=141 Win=65024 Len=1448 TSval=2916041490 TSecr=3045561263 [TCP segment of a reassembled PDU]"
"62017","37.412345204","192.168.1.2","192.168.1.55","TCP","66","36800  >  8004 [ACK] Seq=141 Ack=171054 Win=109568 Len=0 TSval=3045561264 TSecr=2916041483"
"62018","37.412386963","192.168.1.55","192.168.1.2","TCP","1514","8004  >  36800 [ACK] Seq=242006 Ack=141 Win=65024 Len=1448 TSval=2916041493 TSecr=3045561264 [TCP segment of a reassembled PDU]"
"62019","37.412390556","192.168.1.55","192.168.1.2","TCP","1514","8004  >  36800 [ACK] Seq=243454 Ack=141 Win=65024 Len=1448 TSval=2916041493 TSecr=3045561264 [TCP segment of a reassembled PDU]"
"62020","37.412392000","192.168.1.55","192.168.1.2","TCP","1514","8004  >  36800 [ACK] Seq=244902 Ack=141 Win=65024 Len=1448 TSval=2916041493 TSecr=3045561264 [TCP segment of a reassembled PDU]"
"62021","37.412393371","192.168.1.55","192.168.1.2","TCP","1514","8004  >  36800 [ACK] Seq=246350 Ack=141 Win=65024 Len=1448 TSval=2916041493 TSecr=3045561264 [TCP segment of a reassembled PDU]"
"62022","37.412394741","192.168.1.55","192.168.1.2","TCP","1514","8004  >  36800 [ACK] Seq=247798 Ack=141 Win=65024 Len=1448 TSval=2916041493 TSecr=3045561264 [TCP segment of a reassembled PDU]"
"62023","37.412396037","192.168.1.55","192.168.1.2","TCP","1514","8004  >  36800 [ACK] Seq=249246 Ack=141 Win=65024 Len=1448 TSval=2916041493 TSecr=3045561264 [TCP segment of a reassembled PDU]"
"62024","37.412397519","192.168.1.55","192.168.1.2","TCP","1514","8004  >  36800 [ACK] Seq=250694 Ack=141 Win=65024 Len=1448 TSval=2916041493 TSecr=3045561264 [TCP segment of a reassembled PDU]"
"62025","37.412398797","192.168.1.55","192.168.1.2","TCP","1514","8004  >  36800 [ACK] Seq=252142 Ack=141 Win=65024 Len=1448 TSval=2916041493 TSecr=3045561264 [TCP segment of a reassembled PDU]"
"62026","37.412400186","192.168.1.55","192.168.1.2","TCP","1514","8004  >  36800 [ACK] Seq=253590 Ack=141 Win=65024 Len=1448 TSval=2916041493 TSecr=3045561264 [TCP segment of a reassembled PDU]"
"62027","37.412401537","192.168.1.55","192.168.1.2","TCP","1514","8004  >  36800 [ACK] Seq=255038 Ack=141 Win=65024 Len=1448 TSval=2916041493 TSecr=3045561264 [TCP segment of a reassembled PDU]"
"62028","37.412402926","192.168.1.55","192.168.1.2","TCP","1514","8004  >  36800 [ACK] Seq=256486 Ack=141 Win=65024 Len=1448 TSval=2916041493 TSecr=3045561264 [TCP segment of a reassembled PDU]"
"62029","37.412404426","192.168.1.55","192.168.1.2","TCP","1514","8004  >  36800 [ACK] Seq=257934 Ack=141 Win=65024 Len=1448 TSval=2916041493 TSecr=3045561264 [TCP segment of a reassembled PDU]"
"62030","37.412405704","192.168.1.55","192.168.1.2","TCP","1514","8004  >  36800 [ACK] Seq=259382 Ack=141 Win=65024 Len=1448 TSval=2916041493 TSecr=3045561264 [TCP segment of a reassembled PDU]"
"62031","37.412407093","192.168.1.55","192.168.1.2","TCP","1514","8004  >  36800 [ACK] Seq=260830 Ack=141 Win=65024 Len=1448 TSval=2916041493 TSecr=3045561264 [TCP segment of a reassembled PDU]"
"62032","37.412408371","192.168.1.55","192.168.1.2","TCP","1514","8004  >  36800 [ACK] Seq=262278 Ack=141 Win=65024 Len=1448 TSval=2916041493 TSecr=3045561264 [TCP segment of a reassembled PDU]"
"62033","37.412409704","192.168.1.55","192.168.1.2","TCP","1514","8004  >  36800 [ACK] Seq=263726 Ack=141 Win=65024 Len=1448 TSval=2916041493 TSecr=3045561264 [TCP segment of a reassembled PDU]"
"62034","37.412411241","192.168.1.55","192.168.1.2","TCP","1514","8004  >  36800 [ACK] Seq=265174 Ack=141 Win=65024 Len=1448 TSval=2916041493 TSecr=3045561264 [TCP segment of a reassembled PDU]"
"62035","37.412412537","192.168.1.55","192.168.1.2","TCP","1514","8004  >  36800 [ACK] Seq=266622 Ack=141 Win=65024 Len=1448 TSval=2916041493 TSecr=3045561264 [TCP segment of a reassembled PDU]"
"62036","37.412413982","192.168.1.55","192.168.1.2","TCP","1514","8004  >  36800 [ACK] Seq=268070 Ack=141 Win=65024 Len=1448 TSval=2916041493 TSecr=3045561264 [TCP segment of a reassembled PDU]"
"62037","37.412415260","192.168.1.55","192.168.1.2","TCP","1514","8004  >  36800 [ACK] Seq=269518 Ack=141 Win=65024 Len=1448 TSval=2916041493 TSecr=3045561264 [TCP segment of a reassembled PDU]"
"62038","37.412416704","192.168.1.55","192.168.1.2","TCP","1514","8004  >  36800 [ACK] Seq=270966 Ack=141 Win=65024 Len=1448 TSval=2916041493 TSecr=3045561264 [TCP segment of a reassembled PDU]"
"62039","37.412418112","192.168.1.55","192.168.1.2","TCP","1514","8004  >  36800 [ACK] Seq=272414 Ack=141 Win=65024 Len=1448 TSval=2916041493 TSecr=3045561264 [TCP segment of a reassembled PDU]"
"62040","37.412419556","192.168.1.55","192.168.1.2","TCP","1514","8004  >  36800 [ACK] Seq=273862 Ack=141 Win=65024 Len=1448 TSval=2916041493 TSecr=3045561264 [TCP segment of a reassembled PDU]"
"62041","37.412420852","192.168.1.55","192.168.1.2","TCP","1514","8004  >  36800 [ACK] Seq=275310 Ack=141 Win=65024 Len=1448 TSval=2916041493 TSecr=3045561264 [TCP segment of a reassembled PDU]"
"62042","37.412422241","192.168.1.55","192.168.1.2","TCP","1514","8004  >  36800 [ACK] Seq=276758 Ack=141 Win=65024 Len=1448 TSval=2916041493 TSecr=3045561264 [TCP segment of a reassembled PDU]"
"62043","37.412423556","192.168.1.55","192.168.1.2","TCP","1514","8004  >  36800 [ACK] Seq=278206 Ack=141 Win=65024 Len=1448 TSval=2916041493 TSecr=3045561264 [TCP segment of a reassembled PDU]"
"62044","37.412425130","192.168.1.55","192.168.1.2","TCP","1034","[TCP Window Full] 8004  >  36800 [PSH, ACK] Seq=279654 Ack=141 Win=65024 Len=968 TSval=2916041493 TSecr=3045561264 [TCP segment of a reassembled PDU]"
"62045","37.416860674","192.168.1.2","192.168.1.55","TCP","66","36800  >  8004 [ACK] Seq=141 Ack=175398 Win=112640 Len=0 TSval=3045561267 TSecr=2916041488"
"62046","37.416880434","192.168.1.55","192.168.1.2","TCP","1514","8004  >  36800 [ACK] Seq=280622 Ack=141 Win=65024 Len=1448 TSval=2916041497 TSecr=3045561267 [TCP segment of a reassembled PDU]"
"62047","37.416883248","192.168.1.55","192.168.1.2","TCP","1514","8004  >  36800 [ACK] Seq=282070 Ack=141 Win=65024 Len=1448 TSval=2916041497 TSecr=3045561267 [TCP segment of a reassembled PDU]"
"62048","37.416884637","192.168.1.55","192.168.1.2","TCP","1514","8004  >  36800 [PSH, ACK] Seq=283518 Ack=141 Win=65024 Len=1448 TSval=2916041497 TSecr=3045561267 [TCP segment of a reassembled PDU]"
"62049","37.416890489","192.168.1.55","192.168.1.2","TCP","546","8004  >  36800 [ACK] Seq=284966 Ack=141 Win=65024 Len=480 TSval=2916041497 TSecr=3045561267 [TCP segment of a reassembled PDU]"
"62050","37.416956137","192.168.1.2","192.168.1.55","TCP","66","36800  >  8004 [ACK] Seq=141 Ack=191326 Win=112640 Len=0 TSval=3045561267 TSecr=2916041488"
"62051","37.418792585","192.168.1.2","192.168.1.55","TCP","66","36800  >  8004 [ACK] Seq=141 Ack=198566 Win=119808 Len=0 TSval=3045561272 TSecr=2916041490"
"62052","37.418828955","192.168.1.55","192.168.1.2","TCP","1514","8004  >  36800 [ACK] Seq=285446 Ack=141 Win=65024 Len=1448 TSval=2916041499 TSecr=3045561272 [TCP segment of a reassembled PDU]"
"62053","37.418831881","192.168.1.55","192.168.1.2","TCP","1514","8004  >  36800 [ACK] Seq=286894 Ack=141 Win=65024 Len=1448 TSval=2916041499 TSecr=3045561272 [TCP segment of a reassembled PDU]"
"62054","37.418833196","192.168.1.55","192.168.1.2","TCP","1514","8004  >  36800 [ACK] Seq=288342 Ack=141 Win=65024 Len=1448 TSval=2916041499 TSecr=3045561272 [TCP segment of a reassembled PDU]"
"62055","37.418834585","192.168.1.55","192.168.1.2","TCP","1514","8004  >  36800 [ACK] Seq=289790 Ack=141 Win=65024 Len=1448 TSval=2916041499 TSecr=3045561272 [TCP segment of a reassembled PDU]"
"62056","37.418835955","192.168.1.55","192.168.1.2","TCP","1514","8004  >  36800 [ACK] Seq=291238 Ack=141 Win=65024 Len=1448 TSval=2916041499 TSecr=3045561272 [TCP segment of a reassembled PDU]"
"62057","37.418837326","192.168.1.55","192.168.1.2","TCP","1514","8004  >  36800 [ACK] Seq=292686 Ack=141 Win=65024 Len=1448 TSval=2916041499 TSecr=3045561272 [TCP segment of a reassembled PDU]"
"62058","37.418838677","192.168.1.55","192.168.1.2","TCP","1514","8004  >  36800 [ACK] Seq=294134 Ack=141 Win=65024 Len=1448 TSval=2916041499 TSecr=3045561272 [TCP segment of a reassembled PDU]"
"62059","37.418840066","192.168.1.55","192.168.1.2","TCP","1514","8004  >  36800 [ACK] Seq=295582 Ack=141 Win=65024 Len=1448 TSval=2916041499 TSecr=3045561272 [TCP segment of a reassembled PDU]"
"62060","37.418841770","192.168.1.55","192.168.1.2","TCP","1514","8004  >  36800 [ACK] Seq=297030 Ack=141 Win=65024 Len=1448 TSval=2916041499 TSecr=3045561272 [TCP segment of a reassembled PDU]"
"62061","37.418843177","192.168.1.55","192.168.1.2","TCP","1514","8004  >  36800 [ACK] Seq=298478 Ack=141 Win=65024 Len=1448 TSval=2916041499 TSecr=3045561272 [TCP segment of a reassembled PDU]"
"62062","37.418844455","192.168.1.55","192.168.1.2","TCP","1514","8004  >  36800 [ACK] Seq=299926 Ack=141 Win=65024 Len=1448 TSval=2916041499 TSecr=3045561272 [TCP segment of a reassembled PDU]"
"62063","37.418845844","192.168.1.55","192.168.1.2","TCP","1514","8004  >  36800 [ACK] Seq=301374 Ack=141 Win=65024 Len=1448 TSval=2916041499 TSecr=3045561272 [TCP segment of a reassembled PDU]"
"62064","37.418847307","192.168.1.55","192.168.1.2","TCP","1514","8004  >  36800 [ACK] Seq=302822 Ack=141 Win=65024 Len=1448 TSval=2916041499 TSecr=3045561272 [TCP segment of a reassembled PDU]"
"62065","37.418848733","192.168.1.55","192.168.1.2","TCP","1514","8004  >  36800 [ACK] Seq=304270 Ack=141 Win=65024 Len=1448 TSval=2916041499 TSecr=3045561272 [TCP segment of a reassembled PDU]"
"62066","37.418850122","192.168.1.55","192.168.1.2","TCP","1514","8004  >  36800 [ACK] Seq=305718 Ack=141 Win=65024 Len=1448 TSval=2916041499 TSecr=3045561272 [TCP segment of a reassembled PDU]"
"62067","37.418851492","192.168.1.55","192.168.1.2","TCP","1514","8004  >  36800 [ACK] Seq=307166 Ack=141 Win=65024 Len=1448 TSval=2916041499 TSecr=3045561272 [TCP segment of a reassembled PDU]"
"62068","37.418853252","192.168.1.55","192.168.1.2","TCP","1514","8004  >  36800 [ACK] Seq=308614 Ack=141 Win=65024 Len=1448 TSval=2916041499 TSecr=3045561272 [TCP segment of a reassembled PDU]"
"62069","37.418854566","192.168.1.55","192.168.1.2","TCP","1514","8004  >  36800 [ACK] Seq=310062 Ack=141 Win=65024 Len=1448 TSval=2916041499 TSecr=3045561272 [TCP segment of a reassembled PDU]"
"62070","37.418855918","192.168.1.55","192.168.1.2","TCP","1514","8004  >  36800 [ACK] Seq=311510 Ack=141 Win=65024 Len=1448 TSval=2916041499 TSecr=3045561272 [TCP segment of a reassembled PDU]"
"62071","37.418857307","192.168.1.55","192.168.1.2","TCP","1514","8004  >  36800 [ACK] Seq=312958 Ack=141 Win=65024 Len=1448 TSval=2916041499 TSecr=3045561272 [TCP segment of a reassembled PDU]"
"62072","37.418858677","192.168.1.55","192.168.1.2","TCP","1514","8004  >  36800 [ACK] Seq=314406 Ack=141 Win=65024 Len=1448 TSval=2916041499 TSecr=3045561272 [TCP segment of a reassembled PDU]"
"62073","37.418860085","192.168.1.55","192.168.1.2","TCP","1514","8004  >  36800 [PSH, ACK] Seq=315854 Ack=141 Win=65024 Len=1448 TSval=2916041499 TSecr=3045561272 [TCP segment of a reassembled PDU]"
"62074","37.418964696","192.168.1.2","192.168.1.55","TCP","66","36800  >  8004 [ACK] Seq=141 Ack=227526 Win=101376 Len=0 TSval=3045561272 TSecr=2916041490"
"62075","37.418973548","192.168.1.2","192.168.1.55","TCP","66","36800  >  8004 [ACK] Seq=141 Ack=240558 Win=116736 Len=0 TSval=3045561272 TSecr=2916041490"
"62076","37.418991493","192.168.1.55","192.168.1.2","TCP","1514","8004  >  36800 [ACK] Seq=317302 Ack=141 Win=65024 Len=1448 TSval=2916041499 TSecr=3045561272 [TCP segment of a reassembled PDU]"
"62077","37.418993363","192.168.1.55","192.168.1.2","TCP","1514","8004  >  36800 [ACK] Seq=318750 Ack=141 Win=65024 Len=1448 TSval=2916041499 TSecr=3045561272 [TCP segment of a reassembled PDU]"
"62078","37.418994678","192.168.1.55","192.168.1.2","TCP","1514","8004  >  36800 [ACK] Seq=320198 Ack=141 Win=65024 Len=1448 TSval=2916041499 TSecr=3045561272 [TCP segment of a reassembled PDU]"
"62079","37.418995974","192.168.1.55","192.168.1.2","TCP","1514","8004  >  36800 [ACK] Seq=321646 Ack=141 Win=65024 Len=1448 TSval=2916041499 TSecr=3045561272 [TCP segment of a reassembled PDU]"
"62080","37.418997363","192.168.1.55","192.168.1.2","TCP","1514","8004  >  36800 [ACK] Seq=323094 Ack=141 Win=65024 Len=1448 TSval=2916041499 TSecr=3045561272 [TCP segment of a reassembled PDU]"
"62081","37.418998993","192.168.1.55","192.168.1.2","TCP","1514","8004  >  36800 [ACK] Seq=324542 Ack=141 Win=65024 Len=1448 TSval=2916041499 TSecr=3045561272 [TCP segment of a reassembled PDU]"
"62082","37.419000289","192.168.1.55","192.168.1.2","TCP","1514","8004  >  36800 [ACK] Seq=325990 Ack=141 Win=65024 Len=1448 TSval=2916041499 TSecr=3045561272 [TCP segment of a reassembled PDU]"
"62083","37.419001696","192.168.1.55","192.168.1.2","TCP","1514","8004  >  36800 [ACK] Seq=327438 Ack=141 Win=65024 Len=1448 TSval=2916041499 TSecr=3045561272 [TCP segment of a reassembled PDU]"
"62084","37.419003011","192.168.1.55","192.168.1.2","TCP","1514","8004  >  36800 [PSH, ACK] Seq=328886 Ack=141 Win=65024 Len=1448 TSval=2916041499 TSecr=3045561272 [TCP segment of a reassembled PDU]"
"62085","37.419007733","192.168.1.2","192.168.1.55","TCP","66","36800  >  8004 [ACK] Seq=141 Ack=279654 Win=93184 Len=0 TSval=3045561272 TSecr=2916041490"
"62086","37.419049363","192.168.1.55","192.168.1.2","TCP","1514","8004  >  36800 [ACK] Seq=330334 Ack=141 Win=65024 Len=1448 TSval=2916041499 TSecr=3045561272 [TCP segment of a reassembled PDU]"
"62087","37.419051474","192.168.1.55","192.168.1.2","TCP","1514","8004  >  36800 [ACK] Seq=331782 Ack=141 Win=65024 Len=1448 TSval=2916041499 TSecr=3045561272 [TCP segment of a reassembled PDU]"
"62088","37.419052770","192.168.1.55","192.168.1.2","TCP","1514","8004  >  36800 [ACK] Seq=333230 Ack=141 Win=65024 Len=1448 TSval=2916041499 TSecr=3045561272 [TCP segment of a reassembled PDU]"
"62089","37.419054493","192.168.1.55","192.168.1.2","TCP","1514","8004  >  36800 [ACK] Seq=334678 Ack=141 Win=65024 Len=1448 TSval=2916041499 TSecr=3045561272 [TCP segment of a reassembled PDU]"
"62090","37.419055844","192.168.1.55","192.168.1.2","TCP","1514","8004  >  36800 [ACK] Seq=336126 Ack=141 Win=65024 Len=1448 TSval=2916041499 TSecr=3045561272 [TCP segment of a reassembled PDU]"
"62091","37.419057344","192.168.1.55","192.168.1.2","TCP","1514","8004  >  36800 [ACK] Seq=337574 Ack=141 Win=65024 Len=1448 TSval=2916041499 TSecr=3045561272 [TCP segment of a reassembled PDU]"
"62092","37.419058752","192.168.1.55","192.168.1.2","TCP","1514","8004  >  36800 [ACK] Seq=339022 Ack=141 Win=65024 Len=1448 TSval=2916041499 TSecr=3045561272 [TCP segment of a reassembled PDU]"
"62093","37.419060326","192.168.1.55","192.168.1.2","TCP","1514","8004  >  36800 [ACK] Seq=340470 Ack=141 Win=65024 Len=1448 TSval=2916041499 TSecr=3045561272 [TCP segment of a reassembled PDU]"
"62094","37.419062159","192.168.1.55","192.168.1.2","TCP","1514","8004  >  36800 [ACK] Seq=341918 Ack=141 Win=65024 Len=1448 TSval=2916041499 TSecr=3045561272 [TCP segment of a reassembled PDU]"
"62095","37.419063493","192.168.1.55","192.168.1.2","TCP","1514","8004  >  36800 [ACK] Seq=343366 Ack=141 Win=65024 Len=1448 TSval=2916041499 TSecr=3045561272 [TCP segment of a reassembled PDU]"
"62096","37.419064844","192.168.1.55","192.168.1.2","TCP","1514","8004  >  36800 [ACK] Seq=344814 Ack=141 Win=65024 Len=1448 TSval=2916041499 TSecr=3045561272 [TCP segment of a reassembled PDU]"
"62097","37.419066178","192.168.1.55","192.168.1.2","TCP","1514","8004  >  36800 [ACK] Seq=346262 Ack=141 Win=65024 Len=1448 TSval=2916041499 TSecr=3045561272 [TCP segment of a reassembled PDU]"
"62098","37.419067548","192.168.1.55","192.168.1.2","TCP","1514","8004  >  36800 [ACK] Seq=347710 Ack=141 Win=65024 Len=1448 TSval=2916041499 TSecr=3045561272 [TCP segment of a reassembled PDU]"
"62099","37.419068937","192.168.1.55","192.168.1.2","TCP","1514","8004  >  36800 [ACK] Seq=349158 Ack=141 Win=65024 Len=1448 TSval=2916041499 TSecr=3045561272 [TCP segment of a reassembled PDU]"
"62100","37.419070363","192.168.1.55","192.168.1.2","TCP","1514","8004  >  36800 [ACK] Seq=350606 Ack=141 Win=65024 Len=1448 TSval=2916041499 TSecr=3045561272 [TCP segment of a reassembled PDU]"
"62101","37.419071789","192.168.1.55","192.168.1.2","TCP","1514","8004  >  36800 [ACK] Seq=352054 Ack=141 Win=65024 Len=1448 TSval=2916041499 TSecr=3045561272 [TCP segment of a reassembled PDU]"
"62102","37.419073215","192.168.1.55","192.168.1.2","TCP","1514","8004  >  36800 [ACK] Seq=353502 Ack=141 Win=65024 Len=1448 TSval=2916041499 TSecr=3045561272 [TCP segment of a reassembled PDU]"
"62103","37.419074530","192.168.1.55","192.168.1.2","TCP","1514","8004  >  36800 [ACK] Seq=354950 Ack=141 Win=65024 Len=1448 TSval=2916041499 TSecr=3045561272 [TCP segment of a reassembled PDU]"
"62104","37.419075993","192.168.1.55","192.168.1.2","TCP","1514","8004  >  36800 [ACK] Seq=356398 Ack=141 Win=65024 Len=1448 TSval=2916041499 TSecr=3045561272 [TCP segment of a reassembled PDU]"
"62105","37.419077567","192.168.1.55","192.168.1.2","TCP","1514","8004  >  36800 [ACK] Seq=357846 Ack=141 Win=65024 Len=1448 TSval=2916041499 TSecr=3045561272 [TCP segment of a reassembled PDU]"
"62106","37.419079011","192.168.1.55","192.168.1.2","TCP","1514","8004  >  36800 [ACK] Seq=359294 Ack=141 Win=65024 Len=1448 TSval=2916041499 TSecr=3045561272 [TCP segment of a reassembled PDU]"
"62107","37.419080493","192.168.1.55","192.168.1.2","TCP","1514","8004  >  36800 [ACK] Seq=360742 Ack=141 Win=65024 Len=1448 TSval=2916041499 TSecr=3045561272 [TCP segment of a reassembled PDU]"
"62108","37.419082067","192.168.1.55","192.168.1.2","TCP","1514","8004  >  36800 [ACK] Seq=362190 Ack=141 Win=65024 Len=1448 TSval=2916041499 TSecr=3045561272 [TCP segment of a reassembled PDU]"
"62109","37.419083456","192.168.1.55","192.168.1.2","TCP","1514","8004  >  36800 [ACK] Seq=363638 Ack=141 Win=65024 Len=1448 TSval=2916041499 TSecr=3045561272 [TCP segment of a reassembled PDU]"
"62110","37.419084770","192.168.1.55","192.168.1.2","TCP","1514","8004  >  36800 [ACK] Seq=365086 Ack=141 Win=65024 Len=1448 TSval=2916041499 TSecr=3045561272 [TCP segment of a reassembled PDU]"
"62111","37.419086196","192.168.1.55","192.168.1.2","TCP","1514","8004  >  36800 [ACK] Seq=366534 Ack=141 Win=65024 Len=1448 TSval=2916041499 TSecr=3045561272 [TCP segment of a reassembled PDU]"
"62112","37.419087733","192.168.1.55","192.168.1.2","TCP","1514","8004  >  36800 [ACK] Seq=367982 Ack=141 Win=65024 Len=1448 TSval=2916041499 TSecr=3045561272 [TCP segment of a reassembled PDU]"
"62113","37.419089122","192.168.1.55","192.168.1.2","TCP","1514","8004  >  36800 [ACK] Seq=369430 Ack=141 Win=65024 Len=1448 TSval=2916041499 TSecr=3045561272 [TCP segment of a reassembled PDU]"
"62114","37.419090493","192.168.1.55","192.168.1.2","TCP","1514","8004  >  36800 [PSH, ACK] Seq=370878 Ack=141 Win=65024 Len=1448 TSval=2916041499 TSecr=3045561272 [TCP segment of a reassembled PDU]"
"62115","37.422667239","192.168.1.2","192.168.1.55","TCP","66","36800  >  8004 [ACK] Seq=141 Ack=280622 Win=122880 Len=0 TSval=3045561274 TSecr=2916041493"
"62116","37.422681906","192.168.1.55","192.168.1.2","TCP","1514","8004  >  36800 [ACK] Seq=372326 Ack=141 Win=65024 Len=1448 TSval=2916041503 TSecr=3045561274 [TCP segment of a reassembled PDU]"
"62117","37.422684239","192.168.1.55","192.168.1.2","TCP","1514","8004  >  36800 [PSH, ACK] Seq=373774 Ack=141 Win=65024 Len=1448 TSval=2916041503 TSecr=3045561274 [TCP segment of a reassembled PDU]"
"62118","37.422725239","192.168.1.2","192.168.1.55","TCP","66","36800  >  8004 [ACK] Seq=141 Ack=282070 Win=124928 Len=0 TSval=3045561274 TSecr=2916041497"
"62119","37.425321355","192.168.1.2","192.168.1.55","TCP","66","36800  >  8004 [ACK] Seq=141 Ack=284966 Win=126976 Len=0 TSval=3045561275 TSecr=2916041497"
"62120","37.425350910","192.168.1.55","192.168.1.2","TCP","1514","8004  >  36800 [ACK] Seq=375222 Ack=141 Win=65024 Len=1448 TSval=2916041506 TSecr=3045561275 [TCP segment of a reassembled PDU]"
"62121","37.425353429","192.168.1.55","192.168.1.2","TCP","1514","8004  >  36800 [ACK] Seq=376670 Ack=141 Win=65024 Len=1448 TSval=2916041506 TSecr=3045561275 [TCP segment of a reassembled PDU]"
"62122","37.425354577","192.168.1.55","192.168.1.2","TCP","1514","8004  >  36800 [ACK] Seq=378118 Ack=141 Win=65024 Len=1448 TSval=2916041506 TSecr=3045561275 [TCP segment of a reassembled PDU]"
"62123","37.425355521","192.168.1.55","192.168.1.2","TCP","1514","8004  >  36800 [ACK] Seq=379566 Ack=141 Win=65024 Len=1448 TSval=2916041506 TSecr=3045561275 [TCP segment of a reassembled PDU]"
"62124","37.425356540","192.168.1.55","192.168.1.2","TCP","1514","8004  >  36800 [ACK] Seq=381014 Ack=141 Win=65024 Len=1448 TSval=2916041506 TSecr=3045561275 [TCP segment of a reassembled PDU]"
"62125","37.425357688","192.168.1.55","192.168.1.2","TCP","1514","8004  >  36800 [ACK] Seq=382462 Ack=141 Win=65024 Len=1448 TSval=2916041506 TSecr=3045561275 [TCP segment of a reassembled PDU]"
"62126","37.425358762","192.168.1.55","192.168.1.2","TCP","1514","8004  >  36800 [ACK] Seq=383910 Ack=141 Win=65024 Len=1448 TSval=2916041506 TSecr=3045561275 [TCP segment of a reassembled PDU]"
"62127","37.425360262","192.168.1.55","192.168.1.2","TCP","1514","8004  >  36800 [ACK] Seq=385358 Ack=141 Win=65024 Len=1448 TSval=2916041506 TSecr=3045561275 [TCP segment of a reassembled PDU]"
"62128","37.425361225","192.168.1.55","192.168.1.2","TCP","1514","8004  >  36800 [ACK] Seq=386806 Ack=141 Win=65024 Len=1448 TSval=2916041506 TSecr=3045561275 [TCP segment of a reassembled PDU]"
"62129","37.425362207","192.168.1.55","192.168.1.2","TCP","1514","8004  >  36800 [ACK] Seq=388254 Ack=141 Win=65024 Len=1448 TSval=2916041506 TSecr=3045561275 [TCP segment of a reassembled PDU]"
"62130","37.425363262","192.168.1.55","192.168.1.2","TCP","1514","8004  >  36800 [ACK] Seq=389702 Ack=141 Win=65024 Len=1448 TSval=2916041506 TSecr=3045561275 [TCP segment of a reassembled PDU]"
"62131","37.425364299","192.168.1.55","192.168.1.2","TCP","1514","8004  >  36800 [ACK] Seq=391150 Ack=141 Win=65024 Len=1448 TSval=2916041506 TSecr=3045561275 [TCP segment of a reassembled PDU]"
"62132","37.425365318","192.168.1.55","192.168.1.2","TCP","1514","8004  >  36800 [ACK] Seq=392598 Ack=141 Win=65024 Len=1448 TSval=2916041506 TSecr=3045561275 [TCP segment of a reassembled PDU]"
"62133","37.425366410","192.168.1.55","192.168.1.2","TCP","1514","8004  >  36800 [ACK] Seq=394046 Ack=141 Win=65024 Len=1448 TSval=2916041506 TSecr=3045561275 [TCP segment of a reassembled PDU]"
"62134","37.425367373","192.168.1.55","192.168.1.2","TCP","1514","8004  >  36800 [ACK] Seq=395494 Ack=141 Win=65024 Len=1448 TSval=2916041506 TSecr=3045561275 [TCP segment of a reassembled PDU]"
"62135","37.425368558","192.168.1.55","192.168.1.2","TCP","1514","8004  >  36800 [ACK] Seq=396942 Ack=141 Win=65024 Len=1448 TSval=2916041506 TSecr=3045561275 [TCP segment of a reassembled PDU]"
"62136","37.425369614","192.168.1.55","192.168.1.2","TCP","1514","8004  >  36800 [ACK] Seq=398390 Ack=141 Win=65024 Len=1448 TSval=2916041506 TSecr=3045561275 [TCP segment of a reassembled PDU]"
"62137","37.425370577","192.168.1.55","192.168.1.2","TCP","1514","8004  >  36800 [ACK] Seq=399838 Ack=141 Win=65024 Len=1448 TSval=2916041506 TSecr=3045561275 [TCP segment of a reassembled PDU]"
"62138","37.425371669","192.168.1.55","192.168.1.2","TCP","1514","8004  >  36800 [ACK] Seq=401286 Ack=141 Win=65024 Len=1448 TSval=2916041506 TSecr=3045561275 [TCP segment of a reassembled PDU]"
"62139","37.425372688","192.168.1.55","192.168.1.2","TCP","1514","8004  >  36800 [ACK] Seq=402734 Ack=141 Win=65024 Len=1448 TSval=2916041506 TSecr=3045561275 [TCP segment of a reassembled PDU]"
"62140","37.425373799","192.168.1.55","192.168.1.2","TCP","1514","8004  >  36800 [ACK] Seq=404182 Ack=141 Win=65024 Len=1448 TSval=2916041506 TSecr=3045561275 [TCP segment of a reassembled PDU]"
"62141","37.425375188","192.168.1.55","192.168.1.2","TCP","1514","8004  >  36800 [ACK] Seq=405630 Ack=141 Win=65024 Len=1448 TSval=2916041506 TSecr=3045561275 [TCP segment of a reassembled PDU]"
"62142","37.425376262","192.168.1.55","192.168.1.2","TCP","1514","8004  >  36800 [ACK] Seq=407078 Ack=141 Win=65024 Len=1448 TSval=2916041506 TSecr=3045561275 [TCP segment of a reassembled PDU]"
"62143","37.425377336","192.168.1.55","192.168.1.2","TCP","1514","8004  >  36800 [ACK] Seq=408526 Ack=141 Win=65024 Len=1448 TSval=2916041506 TSecr=3045561275 [TCP segment of a reassembled PDU]"
"62144","37.425378299","192.168.1.55","192.168.1.2","TCP","1514","8004  >  36800 [PSH, ACK] Seq=409974 Ack=141 Win=65024 Len=1448 TSval=2916041506 TSecr=3045561275 [TCP segment of a reassembled PDU]"
"62145","37.426373838","192.168.1.2","192.168.1.55","TCP","66","36800  >  8004 [ACK] Seq=141 Ack=285446 Win=126976 Len=0 TSval=3045561275 TSecr=2916041497"
"62146","37.426380004","192.168.1.2","192.168.1.55","TCP","66","36800  >  8004 [ACK] Seq=141 Ack=298478 Win=126976 Len=0 TSval=3045561280 TSecr=2916041499"
"62147","37.426390042","192.168.1.55","192.168.1.2","TCP","1514","8004  >  36800 [ACK] Seq=411422 Ack=141 Win=65024 Len=1448 TSval=2916041507 TSecr=3045561280 [TCP segment of a reassembled PDU]"
"62148","37.426391560","192.168.1.55","192.168.1.2","TCP","1514","8004  >  36800 [ACK] Seq=412870 Ack=141 Win=65024 Len=1448 TSval=2916041507 TSecr=3045561280 [TCP segment of a reassembled PDU]"
"62149","37.426392523","192.168.1.55","192.168.1.2","TCP","1514","8004  >  36800 [ACK] Seq=414318 Ack=141 Win=65024 Len=1448 TSval=2916041507 TSecr=3045561280 [TCP segment of a reassembled PDU]"
"62150","37.426393486","192.168.1.55","192.168.1.2","TCP","1514","8004  >  36800 [ACK] Seq=415766 Ack=141 Win=65024 Len=1448 TSval=2916041507 TSecr=3045561280 [TCP segment of a reassembled PDU]"
"62151","37.426394467","192.168.1.55","192.168.1.2","TCP","1514","8004  >  36800 [ACK] Seq=417214 Ack=141 Win=65024 Len=1448 TSval=2916041507 TSecr=3045561280 [TCP segment of a reassembled PDU]"
"62152","37.426395486","192.168.1.55","192.168.1.2","TCP","1514","8004  >  36800 [PSH, ACK] Seq=418662 Ack=141 Win=65024 Len=1448 TSval=2916041507 TSecr=3045561280 [TCP segment of a reassembled PDU]"
"62153","37.426398745","192.168.1.2","192.168.1.55","TCP","66","36800  >  8004 [ACK] Seq=141 Ack=317302 Win=141312 Len=0 TSval=3045561281 TSecr=2916041499"
"62154","37.426402949","192.168.1.2","192.168.1.55","TCP","66","36800  >  8004 [ACK] Seq=141 Ack=330334 Win=129024 Len=0 TSval=3045561281 TSecr=2916041499"
"62155","37.426522838","192.168.1.2","192.168.1.55","TCP","66","36800  >  8004 [ACK] Seq=141 Ack=350606 Win=126976 Len=0 TSval=3045561281 TSecr=2916041499"
"62156","37.426556653","192.168.1.55","192.168.1.2","TCP","1514","8004  >  36800 [ACK] Seq=420110 Ack=141 Win=65024 Len=1448 TSval=2916041507 TSecr=3045561281 [TCP segment of a reassembled PDU]"
"62157","37.426558560","192.168.1.55","192.168.1.2","TCP","1514","8004  >  36800 [ACK] Seq=421558 Ack=141 Win=65024 Len=1448 TSval=2916041507 TSecr=3045561281 [TCP segment of a reassembled PDU]"
"62158","37.426560005","192.168.1.55","192.168.1.2","TCP","1514","8004  >  36800 [ACK] Seq=423006 Ack=141 Win=65024 Len=1448 TSval=2916041507 TSecr=3045561281 [TCP segment of a reassembled PDU]"
"62159","37.426560986","192.168.1.55","192.168.1.2","TCP","1514","8004  >  36800 [ACK] Seq=424454 Ack=141 Win=65024 Len=1448 TSval=2916041507 TSecr=3045561281 [TCP segment of a reassembled PDU]"
"62160","37.426562116","192.168.1.55","192.168.1.2","TCP","1514","8004  >  36800 [ACK] Seq=425902 Ack=141 Win=65024 Len=1448 TSval=2916041507 TSecr=3045561281 [TCP segment of a reassembled PDU]"
"62161","37.426563301","192.168.1.55","192.168.1.2","TCP","1514","8004  >  36800 [ACK] Seq=427350 Ack=141 Win=65024 Len=1448 TSval=2916041507 TSecr=3045561281 [TCP segment of a reassembled PDU]"
"62162","37.426564357","192.168.1.55","192.168.1.2","TCP","1514","8004  >  36800 [ACK] Seq=428798 Ack=141 Win=65024 Len=1448 TSval=2916041507 TSecr=3045561281 [TCP segment of a reassembled PDU]"
"62163","37.426565431","192.168.1.55","192.168.1.2","TCP","1514","8004  >  36800 [ACK] Seq=430246 Ack=141 Win=65024 Len=1448 TSval=2916041507 TSecr=3045561281 [TCP segment of a reassembled PDU]"
"62164","37.426566431","192.168.1.55","192.168.1.2","TCP","1514","8004  >  36800 [ACK] Seq=431694 Ack=141 Win=65024 Len=1448 TSval=2916041507 TSecr=3045561281 [TCP segment of a reassembled PDU]"
"62165","37.426567505","192.168.1.55","192.168.1.2","TCP","1514","8004  >  36800 [ACK] Seq=433142 Ack=141 Win=65024 Len=1448 TSval=2916041507 TSecr=3045561281 [TCP segment of a reassembled PDU]"
"62166","37.426568468","192.168.1.55","192.168.1.2","TCP","1514","8004  >  36800 [ACK] Seq=434590 Ack=141 Win=65024 Len=1448 TSval=2916041507 TSecr=3045561281 [TCP segment of a reassembled PDU]"
"62167","37.426569690","192.168.1.55","192.168.1.2","TCP","1514","8004  >  36800 [ACK] Seq=436038 Ack=141 Win=65024 Len=1448 TSval=2916041507 TSecr=3045561281 [TCP segment of a reassembled PDU]"
"62168","37.426570746","192.168.1.55","192.168.1.2","TCP","1514","8004  >  36800 [ACK] Seq=437486 Ack=141 Win=65024 Len=1448 TSval=2916041507 TSecr=3045561281 [TCP segment of a reassembled PDU]"
"62169","37.426571708","192.168.1.55","192.168.1.2","TCP","1514","8004  >  36800 [ACK] Seq=438934 Ack=141 Win=65024 Len=1448 TSval=2916041507 TSecr=3045561281 [TCP segment of a reassembled PDU]"
"62170","37.426572764","192.168.1.55","192.168.1.2","TCP","1514","8004  >  36800 [ACK] Seq=440382 Ack=141 Win=65024 Len=1448 TSval=2916041507 TSecr=3045561281 [TCP segment of a reassembled PDU]"
"62171","37.426573746","192.168.1.55","192.168.1.2","TCP","1514","8004  >  36800 [ACK] Seq=441830 Ack=141 Win=65024 Len=1448 TSval=2916041507 TSecr=3045561281 [TCP segment of a reassembled PDU]"
"62172","37.426574986","192.168.1.55","192.168.1.2","TCP","1514","8004  >  36800 [ACK] Seq=443278 Ack=141 Win=65024 Len=1448 TSval=2916041507 TSecr=3045561281 [TCP segment of a reassembled PDU]"
"62173","37.426576097","192.168.1.55","192.168.1.2","TCP","1514","8004  >  36800 [ACK] Seq=444726 Ack=141 Win=65024 Len=1448 TSval=2916041507 TSecr=3045561281 [TCP segment of a reassembled PDU]"
"62174","37.426577153","192.168.1.55","192.168.1.2","TCP","1514","8004  >  36800 [ACK] Seq=446174 Ack=141 Win=65024 Len=1448 TSval=2916041507 TSecr=3045561281 [TCP segment of a reassembled PDU]"
"62175","37.426578246","192.168.1.55","192.168.1.2","TCP","1514","8004  >  36800 [ACK] Seq=447622 Ack=141 Win=65024 Len=1448 TSval=2916041507 TSecr=3045561281 [TCP segment of a reassembled PDU]"
"62176","37.426579394","192.168.1.55","192.168.1.2","TCP","1514","8004  >  36800 [ACK] Seq=449070 Ack=141 Win=65024 Len=1448 TSval=2916041507 TSecr=3045561281 [TCP segment of a reassembled PDU]"
"62177","37.426580412","192.168.1.55","192.168.1.2","TCP","1514","8004  >  36800 [ACK] Seq=450518 Ack=141 Win=65024 Len=1448 TSval=2916041507 TSecr=3045561281 [TCP segment of a reassembled PDU]"
"62178","37.426581468","192.168.1.55","192.168.1.2","TCP","1514","8004  >  36800 [ACK] Seq=451966 Ack=141 Win=65024 Len=1448 TSval=2916041507 TSecr=3045561281 [TCP segment of a reassembled PDU]"
"62179","37.426582431","192.168.1.55","192.168.1.2","TCP","1514","8004  >  36800 [ACK] Seq=453414 Ack=141 Win=65024 Len=1448 TSval=2916041507 TSecr=3045561281 [TCP segment of a reassembled PDU]"
"62180","37.426583653","192.168.1.55","192.168.1.2","TCP","1514","8004  >  36800 [ACK] Seq=454862 Ack=141 Win=65024 Len=1448 TSval=2916041507 TSecr=3045561281 [TCP segment of a reassembled PDU]"
"62181","37.426588542","192.168.1.55","192.168.1.2","TCP","1514","8004  >  36800 [ACK] Seq=456310 Ack=141 Win=65024 Len=1448 TSval=2916041507 TSecr=3045561281 [TCP segment of a reassembled PDU]"
"62182","37.426590079","192.168.1.55","192.168.1.2","TCP","1514","8004  >  36800 [ACK] Seq=457758 Ack=141 Win=65024 Len=1448 TSval=2916041507 TSecr=3045561281 [TCP segment of a reassembled PDU]"
"62183","37.426591542","192.168.1.55","192.168.1.2","TCP","1514","8004  >  36800 [ACK] Seq=459206 Ack=141 Win=65024 Len=1448 TSval=2916041507 TSecr=3045561281 [TCP segment of a reassembled PDU]"
"62184","37.426592523","192.168.1.55","192.168.1.2","TCP","1514","8004  >  36800 [ACK] Seq=460654 Ack=141 Win=65024 Len=1448 TSval=2916041507 TSecr=3045561281 [TCP segment of a reassembled PDU]"
"62185","37.426593523","192.168.1.55","192.168.1.2","TCP","1514","8004  >  36800 [ACK] Seq=462102 Ack=141 Win=65024 Len=1448 TSval=2916041507 TSecr=3045561281 [TCP segment of a reassembled PDU]"
"62186","37.426594579","192.168.1.55","192.168.1.2","TCP","1514","8004  >  36800 [PSH, ACK] Seq=463550 Ack=141 Win=65024 Len=1448 TSval=2916041507 TSecr=3045561281 [TCP segment of a reassembled PDU]"
"62187","37.426598542","192.168.1.2","192.168.1.55","TCP","66","36800  >  8004 [ACK] Seq=141 Ack=369430 Win=119808 Len=0 TSval=3045561281 TSecr=2916041499"
"62188","37.426636542","192.168.1.2","192.168.1.55","TCP","66","36800  >  8004 [ACK] Seq=141 Ack=370878 Win=143360 Len=0 TSval=3045561282 TSecr=2916041499"
"62189","37.426669172","192.168.1.55","192.168.1.2","TCP","1514","8004  >  36800 [ACK] Seq=464998 Ack=141 Win=65024 Len=1448 TSval=2916041507 TSecr=3045561282 [TCP segment of a reassembled PDU]"
"62190","37.426671023","192.168.1.55","192.168.1.2","TCP","1514","8004  >  36800 [ACK] Seq=466446 Ack=141 Win=65024 Len=1448 TSval=2916041507 TSecr=3045561282 [TCP segment of a reassembled PDU]"
"62191","37.426672190","192.168.1.55","192.168.1.2","TCP","1514","8004  >  36800 [ACK] Seq=467894 Ack=141 Win=65024 Len=1448 TSval=2916041507 TSecr=3045561282 [TCP segment of a reassembled PDU]"
"62192","37.426673320","192.168.1.55","192.168.1.2","TCP","1514","8004  >  36800 [ACK] Seq=469342 Ack=141 Win=65024 Len=1448 TSval=2916041507 TSecr=3045561282 [TCP segment of a reassembled PDU]"
"62193","37.426674375","192.168.1.55","192.168.1.2","TCP","1514","8004  >  36800 [ACK] Seq=470790 Ack=141 Win=65024 Len=1448 TSval=2916041507 TSecr=3045561282 [TCP segment of a reassembled PDU]"
"62194","37.426675431","192.168.1.55","192.168.1.2","TCP","1514","8004  >  36800 [ACK] Seq=472238 Ack=141 Win=65024 Len=1448 TSval=2916041507 TSecr=3045561282 [TCP segment of a reassembled PDU]"
"62195","37.426676542","192.168.1.55","192.168.1.2","TCP","1514","8004  >  36800 [ACK] Seq=473686 Ack=141 Win=65024 Len=1448 TSval=2916041507 TSecr=3045561282 [TCP segment of a reassembled PDU]"
"62196","37.426677968","192.168.1.55","192.168.1.2","TCP","1514","8004  >  36800 [ACK] Seq=475134 Ack=141 Win=65024 Len=1448 TSval=2916041507 TSecr=3045561282 [TCP segment of a reassembled PDU]"
"62197","37.426679098","192.168.1.55","192.168.1.2","TCP","1514","8004  >  36800 [ACK] Seq=476582 Ack=141 Win=65024 Len=1448 TSval=2916041507 TSecr=3045561282 [TCP segment of a reassembled PDU]"
"62198","37.426680098","192.168.1.55","192.168.1.2","TCP","1514","8004  >  36800 [ACK] Seq=478030 Ack=141 Win=65024 Len=1448 TSval=2916041507 TSecr=3045561282 [TCP segment of a reassembled PDU]"
"62199","37.426681357","192.168.1.55","192.168.1.2","TCP","1514","8004  >  36800 [ACK] Seq=479478 Ack=141 Win=65024 Len=1448 TSval=2916041507 TSecr=3045561282 [TCP segment of a reassembled PDU]"
"62200","37.426682746","192.168.1.55","192.168.1.2","TCP","1514","8004  >  36800 [ACK] Seq=480926 Ack=141 Win=65024 Len=1448 TSval=2916041507 TSecr=3045561282 [TCP segment of a reassembled PDU]"
"62201","37.426683764","192.168.1.55","192.168.1.2","TCP","1514","8004  >  36800 [ACK] Seq=482374 Ack=141 Win=65024 Len=1448 TSval=2916041507 TSecr=3045561282 [TCP segment of a reassembled PDU]"
"62202","37.426684949","192.168.1.55","192.168.1.2","TCP","1514","8004  >  36800 [ACK] Seq=483822 Ack=141 Win=65024 Len=1448 TSval=2916041507 TSecr=3045561282 [TCP segment of a reassembled PDU]"
"62203","37.426686264","192.168.1.55","192.168.1.2","TCP","1514","8004  >  36800 [ACK] Seq=485270 Ack=141 Win=65024 Len=1448 TSval=2916041507 TSecr=3045561282 [TCP segment of a reassembled PDU]"
"62204","37.426687264","192.168.1.55","192.168.1.2","TCP","1514","8004  >  36800 [ACK] Seq=486718 Ack=141 Win=65024 Len=1448 TSval=2916041507 TSecr=3045561282 [TCP segment of a reassembled PDU]"
"62205","37.426688375","192.168.1.55","192.168.1.2","TCP","1514","8004  >  36800 [ACK] Seq=488166 Ack=141 Win=65024 Len=1448 TSval=2916041507 TSecr=3045561282 [TCP segment of a reassembled PDU]"
"62206","37.426689468","192.168.1.55","192.168.1.2","TCP","1514","8004  >  36800 [ACK] Seq=489614 Ack=141 Win=65024 Len=1448 TSval=2916041507 TSecr=3045561282 [TCP segment of a reassembled PDU]"
"62207","37.426690616","192.168.1.55","192.168.1.2","TCP","1514","8004  >  36800 [ACK] Seq=491062 Ack=141 Win=65024 Len=1448 TSval=2916041507 TSecr=3045561282 [TCP segment of a reassembled PDU]"
"62208","37.426691709","192.168.1.55","192.168.1.2","TCP","1514","8004  >  36800 [ACK] Seq=492510 Ack=141 Win=65024 Len=1448 TSval=2916041507 TSecr=3045561282 [TCP segment of a reassembled PDU]"
"62209","37.426692986","192.168.1.55","192.168.1.2","TCP","1514","8004  >  36800 [ACK] Seq=493958 Ack=141 Win=65024 Len=1448 TSval=2916041507 TSecr=3045561282 [TCP segment of a reassembled PDU]"
"62210","37.426694523","192.168.1.55","192.168.1.2","TCP","1514","8004  >  36800 [ACK] Seq=495406 Ack=141 Win=65024 Len=1448 TSval=2916041507 TSecr=3045561282 [TCP segment of a reassembled PDU]"
"62211","37.426695523","192.168.1.55","192.168.1.2","TCP","1514","8004  >  36800 [ACK] Seq=496854 Ack=141 Win=65024 Len=1448 TSval=2916041507 TSecr=3045561282 [TCP segment of a reassembled PDU]"
"62212","37.426696653","192.168.1.55","192.168.1.2","HTTP","1472","HTTP/1.0 200 OK  (PNG)"
"62213","37.426724949","192.168.1.2","192.168.1.55","TCP","66","36800  >  8004 [ACK] Seq=141 Ack=372326 Win=146432 Len=0 TSval=3045561282 TSecr=2916041499"
"62214","37.433248441","192.168.1.2","192.168.1.55","TCP","66","36800  >  8004 [ACK] Seq=141 Ack=375222 Win=152576 Len=0 TSval=3045561289 TSecr=2916041503"
"62215","37.433281756","192.168.1.2","192.168.1.55","TCP","66","36800  >  8004 [ACK] Seq=141 Ack=405630 Win=147456 Len=0 TSval=3045561289 TSecr=2916041506"
"62216","37.433839516","192.168.1.2","192.168.1.55","TCP","66","36800  >  8004 [ACK] Seq=141 Ack=411422 Win=163840 Len=0 TSval=3045561289 TSecr=2916041506"
"62217","37.434002609","192.168.1.2","192.168.1.55","TCP","66","36800  >  8004 [ACK] Seq=141 Ack=420110 Win=162816 Len=0 TSval=3045561289 TSecr=2916041507"
"62218","37.434006869","192.168.1.2","192.168.1.55","TCP","66","36800  >  8004 [ACK] Seq=141 Ack=464998 Win=133120 Len=0 TSval=3045561289 TSecr=2916041507"
"62219","37.434013554","192.168.1.2","192.168.1.55","TCP","66","36800  >  8004 [ACK] Seq=141 Ack=498302 Win=102400 Len=0 TSval=3045561289 TSecr=2916041507"
"62220","37.434815888","192.168.1.2","192.168.1.55","TCP","66","36800  >  8004 [FIN, ACK] Seq=141 Ack=499709 Win=163840 Len=0 TSval=3045561289 TSecr=2916041507"
"62221","37.434835444","192.168.1.55","192.168.1.2","TCP","66","8004  >  36800 [ACK] Seq=499709 Ack=142 Win=65024 Len=0 TSval=2916041515 TSecr=3045561289"
"62222","37.434930778","192.168.1.2","192.168.1.55","TCP","74","36802  >  8004 [SYN] Seq=0 Win=64240 Len=0 MSS=1460 SACK_PERM TSval=3045561290 TSecr=0 WS=1024"
"62223","37.434965296","192.168.1.55","192.168.1.2","TCP","74","8004  >  36802 [SYN, ACK] Seq=0 Ack=1 Win=65160 Len=0 MSS=1460 SACK_PERM TSval=2916041515 TSecr=3045561290 WS=128"
"62224","37.438098301","192.168.1.2","192.168.1.55","TCP","66","36802  >  8004 [ACK] Seq=1 Ack=1 Win=64512 Len=0 TSval=3045561293 TSecr=2916041515"
"62225","37.441304325","192.168.1.2","192.168.1.55","HTTP","209","GET /original_benchmark.png HTTP/1.1 "
"62226","37.441324473","192.168.1.55","192.168.1.2","TCP","66","8004  >  36802 [ACK] Seq=1 Ack=144 Win=65024 Len=0 TSval=2916041522 TSecr=3045561293"
"62227","37.441758714","192.168.1.55","192.168.1.2","TCP","255","8004  >  36802 [PSH, ACK] Seq=1 Ack=144 Win=65024 Len=189 TSval=2916041522 TSecr=3045561293 [TCP segment of a reassembled PDU]"
"62228","37.441857122","192.168.1.55","192.168.1.2","TCP","1514","8004  >  36802 [ACK] Seq=190 Ack=144 Win=65024 Len=1448 TSval=2916041522 TSecr=3045561293 [TCP segment of a reassembled PDU]"
"62229","37.441861641","192.168.1.55","192.168.1.2","TCP","1514","8004  >  36802 [ACK] Seq=1638 Ack=144 Win=65024 Len=1448 TSval=2916041522 TSecr=3045561293 [TCP segment of a reassembled PDU]"
"62230","37.441862659","192.168.1.55","192.168.1.2","TCP","1514","8004  >  36802 [ACK] Seq=3086 Ack=144 Win=65024 Len=1448 TSval=2916041522 TSecr=3045561293 [TCP segment of a reassembled PDU]"
"62231","37.441863844","192.168.1.55","192.168.1.2","TCP","1514","8004  >  36802 [ACK] Seq=4534 Ack=144 Win=65024 Len=1448 TSval=2916041522 TSecr=3045561293 [TCP segment of a reassembled PDU]"
"62232","37.441864715","192.168.1.55","192.168.1.2","TCP","1514","8004  >  36802 [PSH, ACK] Seq=5982 Ack=144 Win=65024 Len=1448 TSval=2916041522 TSecr=3045561293 [TCP segment of a reassembled PDU]"
"62233","37.441882455","192.168.1.55","192.168.1.2","TCP","1514","8004  >  36802 [ACK] Seq=7430 Ack=144 Win=65024 Len=1448 TSval=2916041522 TSecr=3045561293 [TCP segment of a reassembled PDU]"
"62234","37.441884048","192.168.1.55","192.168.1.2","TCP","1514","8004  >  36802 [ACK] Seq=8878 Ack=144 Win=65024 Len=1448 TSval=2916041522 TSecr=3045561293 [TCP segment of a reassembled PDU]"
"62235","37.441885196","192.168.1.55","192.168.1.2","TCP","1514","8004  >  36802 [ACK] Seq=10326 Ack=144 Win=65024 Len=1448 TSval=2916041522 TSecr=3045561293 [TCP segment of a reassembled PDU]"
"62236","37.441886196","192.168.1.55","192.168.1.2","TCP","1514","8004  >  36802 [PSH, ACK] Seq=11774 Ack=144 Win=65024 Len=1448 TSval=2916041522 TSecr=3045561293 [TCP segment of a reassembled PDU]"
"62237","37.445537758","192.168.1.2","192.168.1.55","TCP","66","36802  >  8004 [ACK] Seq=144 Ack=190 Win=64512 Len=0 TSval=3045561300 TSecr=2916041522"
"62238","37.445578591","192.168.1.55","192.168.1.2","TCP","1514","8004  >  36802 [ACK] Seq=13222 Ack=144 Win=65024 Len=1448 TSval=2916041526 TSecr=3045561300 [TCP segment of a reassembled PDU]"
"62239","37.445583276","192.168.1.55","192.168.1.2","TCP","1514","8004  >  36802 [PSH, ACK] Seq=14670 Ack=144 Win=65024 Len=1448 TSval=2916041526 TSecr=3045561300 [TCP segment of a reassembled PDU]"
"62240","37.445658887","192.168.1.2","192.168.1.55","TCP","66","36802  >  8004 [ACK] Seq=144 Ack=3086 Win=70656 Len=0 TSval=3045561300 TSecr=2916041522"
"62241","37.445669776","192.168.1.2","192.168.1.55","TCP","66","36802  >  8004 [ACK] Seq=144 Ack=5982 Win=76800 Len=0 TSval=3045561300 TSecr=2916041522"
"62242","37.445689369","192.168.1.55","192.168.1.2","TCP","1514","8004  >  36802 [ACK] Seq=16118 Ack=144 Win=65024 Len=1448 TSval=2916041526 TSecr=3045561300 [TCP segment of a reassembled PDU]"
"62243","37.445691480","192.168.1.55","192.168.1.2","TCP","1514","8004  >  36802 [ACK] Seq=17566 Ack=144 Win=65024 Len=1448 TSval=2916041526 TSecr=3045561300 [TCP segment of a reassembled PDU]"
"62244","37.445692832","192.168.1.55","192.168.1.2","TCP","1514","8004  >  36802 [ACK] Seq=19014 Ack=144 Win=65024 Len=1448 TSval=2916041526 TSecr=3045561300 [TCP segment of a reassembled PDU]"
"62245","37.445694184","192.168.1.55","192.168.1.2","TCP","1514","8004  >  36802 [ACK] Seq=20462 Ack=144 Win=65024 Len=1448 TSval=2916041526 TSecr=3045561300 [TCP segment of a reassembled PDU]"
"62246","37.445695128","192.168.1.55","192.168.1.2","TCP","1514","8004  >  36802 [ACK] Seq=21910 Ack=144 Win=65024 Len=1448 TSval=2916041526 TSecr=3045561300 [TCP segment of a reassembled PDU]"
"62247","37.445696925","192.168.1.55","192.168.1.2","TCP","1514","8004  >  36802 [ACK] Seq=23358 Ack=144 Win=65024 Len=1448 TSval=2916041526 TSecr=3045561300 [TCP segment of a reassembled PDU]"
"62248","37.445698425","192.168.1.55","192.168.1.2","TCP","1514","8004  >  36802 [PSH, ACK] Seq=24806 Ack=144 Win=65024 Len=1448 TSval=2916041526 TSecr=3045561300 [TCP segment of a reassembled PDU]"
"62249","37.445702906","192.168.1.2","192.168.1.55","TCP","66","36802  >  8004 [ACK] Seq=144 Ack=7430 Win=79872 Len=0 TSval=3045561300 TSecr=2916041522"
"62250","37.445709202","192.168.1.2","192.168.1.55","TCP","66","36802  >  8004 [ACK] Seq=144 Ack=13222 Win=84992 Len=0 TSval=3045561300 TSecr=2916041522"
"62251","37.445735776","192.168.1.55","192.168.1.2","TCP","1514","8004  >  36802 [ACK] Seq=26254 Ack=144 Win=65024 Len=1448 TSval=2916041526 TSecr=3045561300 [TCP segment of a reassembled PDU]"
"62252","37.445737684","192.168.1.55","192.168.1.2","TCP","1514","8004  >  36802 [ACK] Seq=27702 Ack=144 Win=65024 Len=1448 TSval=2916041526 TSecr=3045561300 [TCP segment of a reassembled PDU]"
"62253","37.445738739","192.168.1.55","192.168.1.2","TCP","1514","8004  >  36802 [ACK] Seq=29150 Ack=144 Win=65024 Len=1448 TSval=2916041526 TSecr=3045561300 [TCP segment of a reassembled PDU]"
"62254","37.445739999","192.168.1.55","192.168.1.2","TCP","1514","8004  >  36802 [ACK] Seq=30598 Ack=144 Win=65024 Len=1448 TSval=2916041526 TSecr=3045561300 [TCP segment of a reassembled PDU]"
"62255","37.445741184","192.168.1.55","192.168.1.2","TCP","1514","8004  >  36802 [ACK] Seq=32046 Ack=144 Win=65024 Len=1448 TSval=2916041526 TSecr=3045561300 [TCP segment of a reassembled PDU]"
"62256","37.445742665","192.168.1.55","192.168.1.2","TCP","1514","8004  >  36802 [ACK] Seq=33494 Ack=144 Win=65024 Len=1448 TSval=2916041526 TSecr=3045561300 [TCP segment of a reassembled PDU]"
"62257","37.445743962","192.168.1.55","192.168.1.2","TCP","1514","8004  >  36802 [ACK] Seq=34942 Ack=144 Win=65024 Len=1448 TSval=2916041526 TSecr=3045561300 [TCP segment of a reassembled PDU]"
"62258","37.445745499","192.168.1.55","192.168.1.2","TCP","1514","8004  >  36802 [ACK] Seq=36390 Ack=144 Win=65024 Len=1448 TSval=2916041526 TSecr=3045561300 [TCP segment of a reassembled PDU]"
"62259","37.445746536","192.168.1.55","192.168.1.2","TCP","1514","8004  >  36802 [ACK] Seq=37838 Ack=144 Win=65024 Len=1448 TSval=2916041526 TSecr=3045561300 [TCP segment of a reassembled PDU]"
"62260","37.445747684","192.168.1.55","192.168.1.2","TCP","1514","8004  >  36802 [PSH, ACK] Seq=39286 Ack=144 Win=65024 Len=1448 TSval=2916041526 TSecr=3045561300 [TCP segment of a reassembled PDU]"
"62261","37.446636278","192.168.1.55","192.168.1.2","TCP","1514","8004  >  36802 [ACK] Seq=40734 Ack=144 Win=65024 Len=1448 TSval=2916041527 TSecr=3045561300 [TCP segment of a reassembled PDU]"
"62262","37.450214524","192.168.1.2","192.168.1.55","TCP","66","36802  >  8004 [ACK] Seq=144 Ack=16118 Win=90112 Len=0 TSval=3045561304 TSecr=2916041526"
"62263","37.450300321","192.168.1.55","192.168.1.2","TCP","1514","8004  >  36802 [ACK] Seq=42182 Ack=144 Win=65024 Len=1448 TSval=2916041530 TSecr=3045561304 [TCP segment of a reassembled PDU]"
"62264","37.450307265","192.168.1.55","192.168.1.2","TCP","1514","8004  >  36802 [PSH, ACK] Seq=43630 Ack=144 Win=65024 Len=1448 TSval=2916041530 TSecr=3045561304 [TCP segment of a reassembled PDU]"
"62265","37.450406562","192.168.1.2","192.168.1.55","TCP","66","36802  >  8004 [ACK] Seq=144 Ack=24806 Win=84992 Len=0 TSval=3045561304 TSecr=2916041526"
"62266","37.450466043","192.168.1.55","192.168.1.2","TCP","1514","8004  >  36802 [ACK] Seq=45078 Ack=144 Win=65024 Len=1448 TSval=2916041531 TSecr=3045561304 [TCP segment of a reassembled PDU]"
"62267","37.450469877","192.168.1.55","192.168.1.2","TCP","1514","8004  >  36802 [ACK] Seq=46526 Ack=144 Win=65024 Len=1448 TSval=2916041531 TSecr=3045561304 [TCP segment of a reassembled PDU]"
"62268","37.450471729","192.168.1.55","192.168.1.2","TCP","1514","8004  >  36802 [ACK] Seq=47974 Ack=144 Win=65024 Len=1448 TSval=2916041531 TSecr=3045561304 [TCP segment of a reassembled PDU]"
"62269","37.450474414","192.168.1.55","192.168.1.2","TCP","1514","8004  >  36802 [ACK] Seq=49422 Ack=144 Win=65024 Len=1448 TSval=2916041531 TSecr=3045561304 [TCP segment of a reassembled PDU]"
"62270","37.450475543","192.168.1.55","192.168.1.2","TCP","1514","8004  >  36802 [ACK] Seq=50870 Ack=144 Win=65024 Len=1448 TSval=2916041531 TSecr=3045561304 [TCP segment of a reassembled PDU]"
"62271","37.450476821","192.168.1.55","192.168.1.2","TCP","1514","8004  >  36802 [ACK] Seq=52318 Ack=144 Win=65024 Len=1448 TSval=2916041531 TSecr=3045561304 [TCP segment of a reassembled PDU]"
"62272","37.450477969","192.168.1.55","192.168.1.2","TCP","1514","8004  >  36802 [ACK] Seq=53766 Ack=144 Win=65024 Len=1448 TSval=2916041531 TSecr=3045561304 [TCP segment of a reassembled PDU]"
"62273","37.450479099","192.168.1.55","192.168.1.2","TCP","1514","8004  >  36802 [ACK] Seq=55214 Ack=144 Win=65024 Len=1448 TSval=2916041531 TSecr=3045561304 [TCP segment of a reassembled PDU]"
"62274","37.450480377","192.168.1.55","192.168.1.2","TCP","1514","8004  >  36802 [ACK] Seq=56662 Ack=144 Win=65024 Len=1448 TSval=2916041531 TSecr=3045561304 [TCP segment of a reassembled PDU]"
"62275","37.450481729","192.168.1.55","192.168.1.2","TCP","1514","8004  >  36802 [ACK] Seq=58110 Ack=144 Win=65024 Len=1448 TSval=2916041531 TSecr=3045561304 [TCP segment of a reassembled PDU]"
"62276","37.450483136","192.168.1.55","192.168.1.2","TCP","1514","8004  >  36802 [ACK] Seq=59558 Ack=144 Win=65024 Len=1448 TSval=2916041531 TSecr=3045561304 [TCP segment of a reassembled PDU]"
"62277","37.450484340","192.168.1.55","192.168.1.2","TCP","1514","8004  >  36802 [ACK] Seq=61006 Ack=144 Win=65024 Len=1448 TSval=2916041531 TSecr=3045561304 [TCP segment of a reassembled PDU]"
"62278","37.450486599","192.168.1.55","192.168.1.2","TCP","1514","8004  >  36802 [ACK] Seq=62454 Ack=144 Win=65024 Len=1448 TSval=2916041531 TSecr=3045561304 [TCP segment of a reassembled PDU]"
"62279","37.450488154","192.168.1.55","192.168.1.2","TCP","1514","8004  >  36802 [PSH, ACK] Seq=63902 Ack=144 Win=65024 Len=1448 TSval=2916041531 TSecr=3045561304 [TCP segment of a reassembled PDU]"
"62280","37.450494636","192.168.1.2","192.168.1.55","TCP","66","36802  >  8004 [ACK] Seq=144 Ack=26254 Win=91136 Len=0 TSval=3045561305 TSecr=2916041526"
"62281","37.450503266","192.168.1.2","192.168.1.55","TCP","66","36802  >  8004 [ACK] Seq=144 Ack=40734 Win=79872 Len=0 TSval=3045561305 TSecr=2916041526"
"62282","37.450530784","192.168.1.55","192.168.1.2","TCP","1514","8004  >  36802 [ACK] Seq=65350 Ack=144 Win=65024 Len=1448 TSval=2916041531 TSecr=3045561305 [TCP segment of a reassembled PDU]"
"62283","37.450532858","192.168.1.55","192.168.1.2","TCP","1514","8004  >  36802 [ACK] Seq=66798 Ack=144 Win=65024 Len=1448 TSval=2916041531 TSecr=3045561305 [TCP segment of a reassembled PDU]"
"62284","37.450533932","192.168.1.55","192.168.1.2","TCP","1514","8004  >  36802 [ACK] Seq=68246 Ack=144 Win=65024 Len=1448 TSval=2916041531 TSecr=3045561305 [TCP segment of a reassembled PDU]"
"62285","37.450535062","192.168.1.55","192.168.1.2","TCP","1514","8004  >  36802 [ACK] Seq=69694 Ack=144 Win=65024 Len=1448 TSval=2916041531 TSecr=3045561305 [TCP segment of a reassembled PDU]"
"62286","37.450536469","192.168.1.55","192.168.1.2","TCP","1514","8004  >  36802 [ACK] Seq=71142 Ack=144 Win=65024 Len=1448 TSval=2916041531 TSecr=3045561305 [TCP segment of a reassembled PDU]"
"62287","37.450537840","192.168.1.55","192.168.1.2","TCP","1514","8004  >  36802 [ACK] Seq=72590 Ack=144 Win=65024 Len=1448 TSval=2916041531 TSecr=3045561305 [TCP segment of a reassembled PDU]"
"62288","37.450539303","192.168.1.55","192.168.1.2","TCP","1514","8004  >  36802 [ACK] Seq=74038 Ack=144 Win=65024 Len=1448 TSval=2916041531 TSecr=3045561305 [TCP segment of a reassembled PDU]"
"62289","37.450540710","192.168.1.55","192.168.1.2","TCP","1514","8004  >  36802 [PSH, ACK] Seq=75486 Ack=144 Win=65024 Len=1448 TSval=2916041531 TSecr=3045561305 [TCP segment of a reassembled PDU]"
"62290","37.450572321","192.168.1.55","192.168.1.2","TCP","1514","8004  >  36802 [ACK] Seq=76934 Ack=144 Win=65024 Len=1448 TSval=2916041531 TSecr=3045561305 [TCP segment of a reassembled PDU]"
"62291","37.450575062","192.168.1.55","192.168.1.2","TCP","1514","8004  >  36802 [ACK] Seq=78382 Ack=144 Win=65024 Len=1448 TSval=2916041531 TSecr=3045561305 [TCP segment of a reassembled PDU]"
"62292","37.450576321","192.168.1.55","192.168.1.2","TCP","1514","8004  >  36802 [ACK] Seq=79830 Ack=144 Win=65024 Len=1448 TSval=2916041531 TSecr=3045561305 [TCP segment of a reassembled PDU]"
"62293","37.450577562","192.168.1.55","192.168.1.2","TCP","1514","8004  >  36802 [ACK] Seq=81278 Ack=144 Win=65024 Len=1448 TSval=2916041531 TSecr=3045561305 [TCP segment of a reassembled PDU]"
"62294","37.450578636","192.168.1.55","192.168.1.2","TCP","1514","8004  >  36802 [ACK] Seq=82726 Ack=144 Win=65024 Len=1448 TSval=2916041531 TSecr=3045561305 [TCP segment of a reassembled PDU]"
"62295","37.450579747","192.168.1.55","192.168.1.2","TCP","1514","8004  >  36802 [ACK] Seq=84174 Ack=144 Win=65024 Len=1448 TSval=2916041531 TSecr=3045561305 [TCP segment of a reassembled PDU]"
"62296","37.450580969","192.168.1.55","192.168.1.2","TCP","1514","8004  >  36802 [ACK] Seq=85622 Ack=144 Win=65024 Len=1448 TSval=2916041531 TSecr=3045561305 [TCP segment of a reassembled PDU]"
"62297","37.450582618","192.168.1.55","192.168.1.2","TCP","1514","8004  >  36802 [ACK] Seq=87070 Ack=144 Win=65024 Len=1448 TSval=2916041531 TSecr=3045561305 [TCP segment of a reassembled PDU]"
"62298","37.450583895","192.168.1.55","192.168.1.2","TCP","1514","8004  >  36802 [ACK] Seq=88518 Ack=144 Win=65024 Len=1448 TSval=2916041531 TSecr=3045561305 [TCP segment of a reassembled PDU]"
"62299","37.450585506","192.168.1.55","192.168.1.2","TCP","1514","8004  >  36802 [ACK] Seq=89966 Ack=144 Win=65024 Len=1448 TSval=2916041531 TSecr=3045561305 [TCP segment of a reassembled PDU]"
"62300","37.450587044","192.168.1.55","192.168.1.2","TCP","1514","8004  >  36802 [ACK] Seq=91414 Ack=144 Win=65024 Len=1448 TSval=2916041531 TSecr=3045561305 [TCP segment of a reassembled PDU]"
"62301","37.450588544","192.168.1.55","192.168.1.2","TCP","1514","8004  >  36802 [ACK] Seq=92862 Ack=144 Win=65024 Len=1448 TSval=2916041531 TSecr=3045561305 [TCP segment of a reassembled PDU]"
"62302","37.450591340","192.168.1.55","192.168.1.2","TCP","1514","8004  >  36802 [ACK] Seq=94310 Ack=144 Win=65024 Len=1448 TSval=2916041531 TSecr=3045561305 [TCP segment of a reassembled PDU]"
"62303","37.450592747","192.168.1.55","192.168.1.2","TCP","1514","8004  >  36802 [PSH, ACK] Seq=95758 Ack=144 Win=65024 Len=1448 TSval=2916041531 TSecr=3045561305 [TCP segment of a reassembled PDU]"
"62304","37.450597210","192.168.1.2","192.168.1.55","TCP","66","36802  >  8004 [ACK] Seq=144 Ack=42182 Win=78848 Len=0 TSval=3045561305 TSecr=2916041527"
"62305","37.451842397","192.168.1.55","192.168.1.2","TCP","1514","8004  >  36802 [ACK] Seq=97206 Ack=144 Win=65024 Len=1448 TSval=2916041532 TSecr=3045561305 [TCP segment of a reassembled PDU]"
"62306","37.451851509","192.168.1.55","192.168.1.2","TCP","1514","8004  >  36802 [PSH, ACK] Seq=98654 Ack=144 Win=65024 Len=1448 TSval=2916041532 TSecr=3045561305 [TCP segment of a reassembled PDU]"
"62307","37.455726607","192.168.1.2","192.168.1.55","TCP","66","36802  >  8004 [ACK] Seq=144 Ack=45078 Win=88064 Len=0 TSval=3045561310 TSecr=2916041530"
"62308","37.455786330","192.168.1.55","192.168.1.2","TCP","1514","8004  >  36802 [ACK] Seq=100102 Ack=144 Win=65024 Len=1448 TSval=2916041536 TSecr=3045561310 [TCP segment of a reassembled PDU]"
"62309","37.455791607","192.168.1.55","192.168.1.2","TCP","1514","8004  >  36802 [ACK] Seq=101550 Ack=144 Win=65024 Len=1448 TSval=2916041536 TSecr=3045561310 [TCP segment of a reassembled PDU]"
"62310","37.455792682","192.168.1.55","192.168.1.2","TCP","1514","8004  >  36802 [ACK] Seq=102998 Ack=144 Win=65024 Len=1448 TSval=2916041536 TSecr=3045561310 [TCP segment of a reassembled PDU]"
"62311","37.455794070","192.168.1.55","192.168.1.2","TCP","1514","8004  >  36802 [PSH, ACK] Seq=104446 Ack=144 Win=65024 Len=1448 TSval=2916041536 TSecr=3045561310 [TCP segment of a reassembled PDU]"
"62312","37.456069256","192.168.1.2","192.168.1.55","TCP","66","36802  >  8004 [ACK] Seq=144 Ack=65350 Win=73728 Len=0 TSval=3045561310 TSecr=2916041531"
"62313","37.456101460","192.168.1.55","192.168.1.2","TCP","1514","8004  >  36802 [ACK] Seq=105894 Ack=144 Win=65024 Len=1448 TSval=2916041536 TSecr=3045561310 [TCP segment of a reassembled PDU]"
"62314","37.456104275","192.168.1.55","192.168.1.2","TCP","1514","8004  >  36802 [ACK] Seq=107342 Ack=144 Win=65024 Len=1448 TSval=2916041536 TSecr=3045561310 [TCP segment of a reassembled PDU]"
"62315","37.456105904","192.168.1.55","192.168.1.2","TCP","1514","8004  >  36802 [ACK] Seq=108790 Ack=144 Win=65024 Len=1448 TSval=2916041536 TSecr=3045561310 [TCP segment of a reassembled PDU]"
"62316","37.456107478","192.168.1.55","192.168.1.2","TCP","1514","8004  >  36802 [ACK] Seq=110238 Ack=144 Win=65024 Len=1448 TSval=2916041536 TSecr=3045561310 [TCP segment of a reassembled PDU]"
"62317","37.456108571","192.168.1.55","192.168.1.2","TCP","1514","8004  >  36802 [ACK] Seq=111686 Ack=144 Win=65024 Len=1448 TSval=2916041536 TSecr=3045561310 [TCP segment of a reassembled PDU]"
"62318","37.456109515","192.168.1.55","192.168.1.2","TCP","1514","8004  >  36802 [ACK] Seq=113134 Ack=144 Win=65024 Len=1448 TSval=2916041536 TSecr=3045561310 [TCP segment of a reassembled PDU]"
"62319","37.456110552","192.168.1.55","192.168.1.2","TCP","1514","8004  >  36802 [ACK] Seq=114582 Ack=144 Win=65024 Len=1448 TSval=2916041536 TSecr=3045561310 [TCP segment of a reassembled PDU]"
"62320","37.456111589","192.168.1.55","192.168.1.2","TCP","1514","8004  >  36802 [ACK] Seq=116030 Ack=144 Win=65024 Len=1448 TSval=2916041536 TSecr=3045561310 [TCP segment of a reassembled PDU]"
"62321","37.456112923","192.168.1.55","192.168.1.2","TCP","1514","8004  >  36802 [PSH, ACK] Seq=117478 Ack=144 Win=65024 Len=1448 TSval=2916041536 TSecr=3045561310 [TCP segment of a reassembled PDU]"
"62322","37.456119201","192.168.1.2","192.168.1.55","TCP","66","36802  >  8004 [ACK] Seq=144 Ack=66798 Win=72704 Len=0 TSval=3045561310 TSecr=2916041531"
"62323","37.456132941","192.168.1.2","192.168.1.55","TCP","66","36802  >  8004 [ACK] Seq=144 Ack=76934 Win=63488 Len=0 TSval=3045561310 TSecr=2916041531"
"62324","37.456162775","192.168.1.55","192.168.1.2","TCP","1514","8004  >  36802 [ACK] Seq=118926 Ack=144 Win=65024 Len=1448 TSval=2916041536 TSecr=3045561310 [TCP segment of a reassembled PDU]"
"62325","37.456165460","192.168.1.55","192.168.1.2","TCP","1514","8004  >  36802 [ACK] Seq=120374 Ack=144 Win=65024 Len=1448 TSval=2916041536 TSecr=3045561310 [TCP segment of a reassembled PDU]"
"62326","37.456167015","192.168.1.55","192.168.1.2","TCP","1514","8004  >  36802 [ACK] Seq=121822 Ack=144 Win=65024 Len=1448 TSval=2916041536 TSecr=3045561310 [TCP segment of a reassembled PDU]"
"62327","37.456168497","192.168.1.55","192.168.1.2","TCP","1514","8004  >  36802 [ACK] Seq=123270 Ack=144 Win=65024 Len=1448 TSval=2916041536 TSecr=3045561310 [TCP segment of a reassembled PDU]"
"62328","37.456169441","192.168.1.55","192.168.1.2","TCP","1514","8004  >  36802 [ACK] Seq=124718 Ack=144 Win=65024 Len=1448 TSval=2916041536 TSecr=3045561310 [TCP segment of a reassembled PDU]"
"62329","37.456170516","192.168.1.55","192.168.1.2","TCP","1514","8004  >  36802 [ACK] Seq=126166 Ack=144 Win=65024 Len=1448 TSval=2916041536 TSecr=3045561310 [TCP segment of a reassembled PDU]"
"62330","37.456171904","192.168.1.55","192.168.1.2","TCP","1514","8004  >  36802 [ACK] Seq=127614 Ack=144 Win=65024 Len=1448 TSval=2916041536 TSecr=3045561310 [TCP segment of a reassembled PDU]"
"62331","37.456174219","192.168.1.55","192.168.1.2","TCP","1514","8004  >  36802 [ACK] Seq=129062 Ack=144 Win=65024 Len=1448 TSval=2916041536 TSecr=3045561310 [TCP segment of a reassembled PDU]"
"62332","37.456175590","192.168.1.55","192.168.1.2","TCP","1514","8004  >  36802 [ACK] Seq=130510 Ack=144 Win=65024 Len=1448 TSval=2916041536 TSecr=3045561310 [TCP segment of a reassembled PDU]"
"62333","37.456176701","192.168.1.55","192.168.1.2","TCP","1514","8004  >  36802 [ACK] Seq=131958 Ack=144 Win=65024 Len=1448 TSval=2916041536 TSecr=3045561310 [TCP segment of a reassembled PDU]"
"62334","37.456177664","192.168.1.55","192.168.1.2","TCP","1514","8004  >  36802 [ACK] Seq=133406 Ack=144 Win=65024 Len=1448 TSval=2916041536 TSecr=3045561310 [TCP segment of a reassembled PDU]"
"62335","37.456178960","192.168.1.55","192.168.1.2","TCP","1514","8004  >  36802 [ACK] Seq=134854 Ack=144 Win=65024 Len=1448 TSval=2916041536 TSecr=3045561310 [TCP segment of a reassembled PDU]"
"62336","37.456180756","192.168.1.55","192.168.1.2","TCP","1514","8004  >  36802 [ACK] Seq=136302 Ack=144 Win=65024 Len=1448 TSval=2916041536 TSecr=3045561310 [TCP segment of a reassembled PDU]"
"62337","37.456182293","192.168.1.55","192.168.1.2","TCP","1514","8004  >  36802 [ACK] Seq=137750 Ack=144 Win=65024 Len=1448 TSval=2916041536 TSecr=3045561310 [TCP segment of a reassembled PDU]"
"62338","37.456183682","192.168.1.55","192.168.1.2","TCP","1290","[TCP Window Full] 8004  >  36802 [PSH, ACK] Seq=139198 Ack=144 Win=65024 Len=1224 TSval=2916041536 TSecr=3045561310 [TCP segment of a reassembled PDU]"
"62339","37.456186886","192.168.1.2","192.168.1.55","TCP","66","36802  >  8004 [ACK] Seq=144 Ack=89966 Win=71680 Len=0 TSval=3045561310 TSecr=2916041531"
"62340","37.456253275","192.168.1.55","192.168.1.2","TCP","1514","8004  >  36802 [ACK] Seq=140422 Ack=144 Win=65024 Len=1448 TSval=2916041536 TSecr=3045561310 [TCP segment of a reassembled PDU]"
"62341","37.456255849","192.168.1.55","192.168.1.2","TCP","1514","8004  >  36802 [ACK] Seq=141870 Ack=144 Win=65024 Len=1448 TSval=2916041536 TSecr=3045561310 [TCP segment of a reassembled PDU]"
"62342","37.456257942","192.168.1.55","192.168.1.2","TCP","1514","8004  >  36802 [ACK] Seq=143318 Ack=144 Win=65024 Len=1448 TSval=2916041536 TSecr=3045561310 [TCP segment of a reassembled PDU]"
"62343","37.456259442","192.168.1.55","192.168.1.2","TCP","1514","8004  >  36802 [ACK] Seq=144766 Ack=144 Win=65024 Len=1448 TSval=2916041536 TSecr=3045561310 [TCP segment of a reassembled PDU]"
"62344","37.456260497","192.168.1.55","192.168.1.2","TCP","1514","8004  >  36802 [ACK] Seq=146214 Ack=144 Win=65024 Len=1448 TSval=2916041536 TSecr=3045561310 [TCP segment of a reassembled PDU]"
"62345","37.456261553","192.168.1.55","192.168.1.2","TCP","1514","8004  >  36802 [ACK] Seq=147662 Ack=144 Win=65024 Len=1448 TSval=2916041536 TSecr=3045561310 [TCP segment of a reassembled PDU]"
"62346","37.456263960","192.168.1.55","192.168.1.2","TCP","1514","8004  >  36802 [ACK] Seq=149110 Ack=144 Win=65024 Len=1448 TSval=2916041536 TSecr=3045561310 [TCP segment of a reassembled PDU]"
"62347","37.456265738","192.168.1.55","192.168.1.2","TCP","1514","8004  >  36802 [ACK] Seq=150558 Ack=144 Win=65024 Len=1448 TSval=2916041536 TSecr=3045561310 [TCP segment of a reassembled PDU]"
"62348","37.456267256","192.168.1.55","192.168.1.2","TCP","1514","8004  >  36802 [ACK] Seq=152006 Ack=144 Win=65024 Len=1448 TSval=2916041536 TSecr=3045561310 [TCP segment of a reassembled PDU]"
"62349","37.456268275","192.168.1.55","192.168.1.2","TCP","1514","8004  >  36802 [ACK] Seq=153454 Ack=144 Win=65024 Len=1448 TSval=2916041536 TSecr=3045561310 [TCP segment of a reassembled PDU]"
"62350","37.456269534","192.168.1.55","192.168.1.2","TCP","1514","8004  >  36802 [ACK] Seq=154902 Ack=144 Win=65024 Len=1448 TSval=2916041536 TSecr=3045561310 [TCP segment of a reassembled PDU]"
"62351","37.456270830","192.168.1.55","192.168.1.2","TCP","1514","8004  >  36802 [ACK] Seq=156350 Ack=144 Win=65024 Len=1448 TSval=2916041536 TSecr=3045561310 [TCP segment of a reassembled PDU]"
"62352","37.456271997","192.168.1.55","192.168.1.2","TCP","1514","8004  >  36802 [ACK] Seq=157798 Ack=144 Win=65024 Len=1448 TSval=2916041536 TSecr=3045561310 [TCP segment of a reassembled PDU]"
"62353","37.456273275","192.168.1.55","192.168.1.2","TCP","1514","8004  >  36802 [PSH, ACK] Seq=159246 Ack=144 Win=65024 Len=1448 TSval=2916041536 TSecr=3045561310 [TCP segment of a reassembled PDU]"
"62354","37.456281812","192.168.1.55","192.168.1.2","TCP","290","8004  >  36802 [ACK] Seq=160694 Ack=144 Win=65024 Len=224 TSval=2916041536 TSecr=3045561310 [TCP segment of a reassembled PDU]"
"62355","37.459928040","192.168.1.2","192.168.1.55","TCP","66","36802  >  8004 [ACK] Seq=144 Ack=97206 Win=83968 Len=0 TSval=3045561311 TSecr=2916041531"
"62356","37.459968262","192.168.1.55","192.168.1.2","TCP","1514","8004  >  36802 [ACK] Seq=160918 Ack=144 Win=65024 Len=1448 TSval=2916041540 TSecr=3045561311 [TCP segment of a reassembled PDU]"
"62357","37.459971688","192.168.1.55","192.168.1.2","TCP","1514","8004  >  36802 [ACK] Seq=162366 Ack=144 Win=65024 Len=1448 TSval=2916041540 TSecr=3045561311 [TCP segment of a reassembled PDU]"
"62358","37.459972855","192.168.1.55","192.168.1.2","TCP","1514","8004  >  36802 [ACK] Seq=163814 Ack=144 Win=65024 Len=1448 TSval=2916041540 TSecr=3045561311 [TCP segment of a reassembled PDU]"
"62359","37.459973948","192.168.1.55","192.168.1.2","TCP","1514","8004  >  36802 [ACK] Seq=165262 Ack=144 Win=65024 Len=1448 TSval=2916041540 TSecr=3045561311 [TCP segment of a reassembled PDU]"
"62360","37.459975114","192.168.1.55","192.168.1.2","TCP","1514","8004  >  36802 [ACK] Seq=166710 Ack=144 Win=65024 Len=1448 TSval=2916041540 TSecr=3045561311 [TCP segment of a reassembled PDU]"
"62361","37.459976114","192.168.1.55","192.168.1.2","TCP","1514","8004  >  36802 [ACK] Seq=168158 Ack=144 Win=65024 Len=1448 TSval=2916041540 TSecr=3045561311 [TCP segment of a reassembled PDU]"
"62362","37.459977355","192.168.1.55","192.168.1.2","TCP","1514","8004  >  36802 [ACK] Seq=169606 Ack=144 Win=65024 Len=1448 TSval=2916041540 TSecr=3045561311 [TCP segment of a reassembled PDU]"
"62363","37.459978392","192.168.1.55","192.168.1.2","TCP","1514","8004  >  36802 [ACK] Seq=171054 Ack=144 Win=65024 Len=1448 TSval=2916041540 TSecr=3045561311 [TCP segment of a reassembled PDU]"
"62364","37.459979688","192.168.1.55","192.168.1.2","TCP","1514","8004  >  36802 [ACK] Seq=172502 Ack=144 Win=65024 Len=1448 TSval=2916041540 TSecr=3045561311 [TCP segment of a reassembled PDU]"
"62365","37.459980762","192.168.1.55","192.168.1.2","TCP","1514","8004  >  36802 [ACK] Seq=173950 Ack=144 Win=65024 Len=1448 TSval=2916041540 TSecr=3045561311 [TCP segment of a reassembled PDU]"
"62366","37.459982466","192.168.1.55","192.168.1.2","TCP","1514","8004  >  36802 [ACK] Seq=175398 Ack=144 Win=65024 Len=1448 TSval=2916041540 TSecr=3045561311 [TCP segment of a reassembled PDU]"
"62367","37.459983688","192.168.1.55","192.168.1.2","TCP","1514","8004  >  36802 [ACK] Seq=176846 Ack=144 Win=65024 Len=1448 TSval=2916041540 TSecr=3045561311 [TCP segment of a reassembled PDU]"
"62368","37.459984855","192.168.1.55","192.168.1.2","TCP","1514","8004  >  36802 [PSH, ACK] Seq=178294 Ack=144 Win=65024 Len=1448 TSval=2916041540 TSecr=3045561311 [TCP segment of a reassembled PDU]"
"62369","37.460037355","192.168.1.2","192.168.1.55","TCP","66","36802  >  8004 [ACK] Seq=144 Ack=100102 Win=81920 Len=0 TSval=3045561311 TSecr=2916041532"
"62370","37.463289527","192.168.1.2","192.168.1.55","TCP","66","36802  >  8004 [ACK] Seq=144 Ack=105894 Win=88064 Len=0 TSval=3045561315 TSecr=2916041536"
"62371","37.463310471","192.168.1.55","192.168.1.2","TCP","1514","8004  >  36802 [ACK] Seq=179742 Ack=144 Win=65024 Len=1448 TSval=2916041544 TSecr=3045561315 [TCP segment of a reassembled PDU]"
"62372","37.463313286","192.168.1.55","192.168.1.2","TCP","1514","8004  >  36802 [ACK] Seq=181190 Ack=144 Win=65024 Len=1448 TSval=2916041544 TSecr=3045561315 [TCP segment of a reassembled PDU]"
"62373","37.463314823","192.168.1.55","192.168.1.2","TCP","1514","8004  >  36802 [ACK] Seq=182638 Ack=144 Win=65024 Len=1448 TSval=2916041544 TSecr=3045561315 [TCP segment of a reassembled PDU]"
"62374","37.463316805","192.168.1.55","192.168.1.2","TCP","1514","8004  >  36802 [ACK] Seq=184086 Ack=144 Win=65024 Len=1448 TSval=2916041544 TSecr=3045561315 [TCP segment of a reassembled PDU]"
"62375","37.463318064","192.168.1.55","192.168.1.2","TCP","1514","8004  >  36802 [ACK] Seq=185534 Ack=144 Win=65024 Len=1448 TSval=2916041544 TSecr=3045561315 [TCP segment of a reassembled PDU]"
"62376","37.463319157","192.168.1.55","192.168.1.2","TCP","1514","8004  >  36802 [ACK] Seq=186982 Ack=144 Win=65024 Len=1448 TSval=2916041544 TSecr=3045561315 [TCP segment of a reassembled PDU]"
"62377","37.463327194","192.168.1.55","192.168.1.2","TCP","1514","8004  >  36802 [ACK] Seq=188430 Ack=144 Win=65024 Len=1448 TSval=2916041544 TSecr=3045561315 [TCP segment of a reassembled PDU]"
"62378","37.463328638","192.168.1.55","192.168.1.2","TCP","1514","8004  >  36802 [ACK] Seq=189878 Ack=144 Win=65024 Len=1448 TSval=2916041544 TSecr=3045561315 [TCP segment of a reassembled PDU]"
"62379","37.463329823","192.168.1.55","192.168.1.2","TCP","1514","8004  >  36802 [PSH, ACK] Seq=191326 Ack=144 Win=65024 Len=1448 TSval=2916041544 TSecr=3045561315 [TCP segment of a reassembled PDU]"
"62380","37.463784176","192.168.1.2","192.168.1.55","TCP","66","36802  >  8004 [ACK] Seq=144 Ack=118926 Win=97280 Len=0 TSval=3045561315 TSecr=2916041536"
"62381","37.463807880","192.168.1.55","192.168.1.2","TCP","1514","8004  >  36802 [ACK] Seq=192774 Ack=144 Win=65024 Len=1448 TSval=2916041544 TSecr=3045561315 [TCP segment of a reassembled PDU]"
"62382","37.463809602","192.168.1.55","192.168.1.2","TCP","1514","8004  >  36802 [ACK] Seq=194222 Ack=144 Win=65024 Len=1448 TSval=2916041544 TSecr=3045561315 [TCP segment of a reassembled PDU]"
"62383","37.463810843","192.168.1.55","192.168.1.2","TCP","1514","8004  >  36802 [ACK] Seq=195670 Ack=144 Win=65024 Len=1448 TSval=2916041544 TSecr=3045561315 [TCP segment of a reassembled PDU]"
"62384","37.463812139","192.168.1.55","192.168.1.2","TCP","1514","8004  >  36802 [ACK] Seq=197118 Ack=144 Win=65024 Len=1448 TSval=2916041544 TSecr=3045561315 [TCP segment of a reassembled PDU]"
"62385","37.463813528","192.168.1.55","192.168.1.2","TCP","1514","8004  >  36802 [ACK] Seq=198566 Ack=144 Win=65024 Len=1448 TSval=2916041544 TSecr=3045561315 [TCP segment of a reassembled PDU]"
"62386","37.463815343","192.168.1.55","192.168.1.2","TCP","1514","8004  >  36802 [ACK] Seq=200014 Ack=144 Win=65024 Len=1448 TSval=2916041544 TSecr=3045561315 [TCP segment of a reassembled PDU]"
"62387","37.463816843","192.168.1.55","192.168.1.2","TCP","1514","8004  >  36802 [ACK] Seq=201462 Ack=144 Win=65024 Len=1448 TSval=2916041544 TSecr=3045561315 [TCP segment of a reassembled PDU]"
"62388","37.463817972","192.168.1.55","192.168.1.2","TCP","1514","8004  >  36802 [ACK] Seq=202910 Ack=144 Win=65024 Len=1448 TSval=2916041544 TSecr=3045561315 [TCP segment of a reassembled PDU]"
"62389","37.463819454","192.168.1.55","192.168.1.2","TCP","1514","8004  >  36802 [PSH, ACK] Seq=204358 Ack=144 Win=65024 Len=1448 TSval=2916041544 TSecr=3045561315 [TCP segment of a reassembled PDU]"
"62390","37.463824028","192.168.1.2","192.168.1.55","TCP","66","36802  >  8004 [ACK] Seq=144 Ack=126166 Win=103424 Len=0 TSval=3045561315 TSecr=2916041536"
"62391","37.463829695","192.168.1.2","192.168.1.55","TCP","66","36802  >  8004 [ACK] Seq=144 Ack=140422 Win=108544 Len=0 TSval=3045561316 TSecr=2916041536"
"62392","37.463886676","192.168.1.55","192.168.1.2","TCP","1514","8004  >  36802 [ACK] Seq=205806 Ack=144 Win=65024 Len=1448 TSval=2916041544 TSecr=3045561316 [TCP segment of a reassembled PDU]"
"62393","37.463888917","192.168.1.55","192.168.1.2","TCP","1514","8004  >  36802 [ACK] Seq=207254 Ack=144 Win=65024 Len=1448 TSval=2916041544 TSecr=3045561316 [TCP segment of a reassembled PDU]"
"62394","37.463890565","192.168.1.55","192.168.1.2","TCP","1514","8004  >  36802 [ACK] Seq=208702 Ack=144 Win=65024 Len=1448 TSval=2916041544 TSecr=3045561316 [TCP segment of a reassembled PDU]"
"62395","37.463891824","192.168.1.55","192.168.1.2","TCP","1514","8004  >  36802 [ACK] Seq=210150 Ack=144 Win=65024 Len=1448 TSval=2916041544 TSecr=3045561316 [TCP segment of a reassembled PDU]"
"62396","37.463894046","192.168.1.55","192.168.1.2","TCP","1514","8004  >  36802 [ACK] Seq=211598 Ack=144 Win=65024 Len=1448 TSval=2916041544 TSecr=3045561316 [TCP segment of a reassembled PDU]"
"62397","37.463895565","192.168.1.55","192.168.1.2","TCP","1514","8004  >  36802 [ACK] Seq=213046 Ack=144 Win=65024 Len=1448 TSval=2916041544 TSecr=3045561316 [TCP segment of a reassembled PDU]"
"62398","37.463896695","192.168.1.55","192.168.1.2","TCP","1514","8004  >  36802 [ACK] Seq=214494 Ack=144 Win=65024 Len=1448 TSval=2916041544 TSecr=3045561316 [TCP segment of a reassembled PDU]"
"62399","37.463898065","192.168.1.55","192.168.1.2","TCP","1514","8004  >  36802 [ACK] Seq=215942 Ack=144 Win=65024 Len=1448 TSval=2916041544 TSecr=3045561316 [TCP segment of a reassembled PDU]"
"62400","37.463899324","192.168.1.55","192.168.1.2","TCP","1514","8004  >  36802 [ACK] Seq=217390 Ack=144 Win=65024 Len=1448 TSval=2916041544 TSecr=3045561316 [TCP segment of a reassembled PDU]"
"62401","37.463900954","192.168.1.55","192.168.1.2","TCP","1514","8004  >  36802 [ACK] Seq=218838 Ack=144 Win=65024 Len=1448 TSval=2916041544 TSecr=3045561316 [TCP segment of a reassembled PDU]"
"62402","37.463902861","192.168.1.55","192.168.1.2","TCP","1514","8004  >  36802 [ACK] Seq=220286 Ack=144 Win=65024 Len=1448 TSval=2916041544 TSecr=3045561316 [TCP segment of a reassembled PDU]"
"62403","37.463904121","192.168.1.55","192.168.1.2","TCP","1514","8004  >  36802 [ACK] Seq=221734 Ack=144 Win=65024 Len=1448 TSval=2916041544 TSecr=3045561316 [TCP segment of a reassembled PDU]"
"62404","37.463906158","192.168.1.55","192.168.1.2","TCP","1514","8004  >  36802 [ACK] Seq=223182 Ack=144 Win=65024 Len=1448 TSval=2916041544 TSecr=3045561316 [TCP segment of a reassembled PDU]"
"62405","37.463907417","192.168.1.55","192.168.1.2","TCP","1514","8004  >  36802 [ACK] Seq=224630 Ack=144 Win=65024 Len=1448 TSval=2916041544 TSecr=3045561316 [TCP segment of a reassembled PDU]"
"62406","37.463908547","192.168.1.55","192.168.1.2","TCP","1514","8004  >  36802 [ACK] Seq=226078 Ack=144 Win=65024 Len=1448 TSval=2916041544 TSecr=3045561316 [TCP segment of a reassembled PDU]"
"62407","37.463909880","192.168.1.55","192.168.1.2","TCP","1514","8004  >  36802 [ACK] Seq=227526 Ack=144 Win=65024 Len=1448 TSval=2916041544 TSecr=3045561316 [TCP segment of a reassembled PDU]"
"62408","37.463911195","192.168.1.55","192.168.1.2","TCP","1514","8004  >  36802 [ACK] Seq=228974 Ack=144 Win=65024 Len=1448 TSval=2916041544 TSecr=3045561316 [TCP segment of a reassembled PDU]"
"62409","37.463912861","192.168.1.55","192.168.1.2","TCP","1514","8004  >  36802 [ACK] Seq=230422 Ack=144 Win=65024 Len=1448 TSval=2916041544 TSecr=3045561316 [TCP segment of a reassembled PDU]"
"62410","37.463915287","192.168.1.55","192.168.1.2","TCP","1514","8004  >  36802 [ACK] Seq=231870 Ack=144 Win=65024 Len=1448 TSval=2916041544 TSecr=3045561316 [TCP segment of a reassembled PDU]"
"62411","37.463917084","192.168.1.55","192.168.1.2","TCP","1514","8004  >  36802 [ACK] Seq=233318 Ack=144 Win=65024 Len=1448 TSval=2916041544 TSecr=3045561316 [TCP segment of a reassembled PDU]"
"62412","37.463918472","192.168.1.55","192.168.1.2","TCP","1514","8004  >  36802 [ACK] Seq=234766 Ack=144 Win=65024 Len=1448 TSval=2916041544 TSecr=3045561316 [TCP segment of a reassembled PDU]"
"62413","37.463919954","192.168.1.55","192.168.1.2","TCP","1514","8004  >  36802 [ACK] Seq=236214 Ack=144 Win=65024 Len=1448 TSval=2916041544 TSecr=3045561316 [TCP segment of a reassembled PDU]"
"62414","37.463921658","192.168.1.55","192.168.1.2","TCP","1514","8004  >  36802 [ACK] Seq=237662 Ack=144 Win=65024 Len=1448 TSval=2916041544 TSecr=3045561316 [TCP segment of a reassembled PDU]"
"62415","37.463923954","192.168.1.55","192.168.1.2","TCP","1514","8004  >  36802 [ACK] Seq=239110 Ack=144 Win=65024 Len=1448 TSval=2916041544 TSecr=3045561316 [TCP segment of a reassembled PDU]"
"62416","37.463925750","192.168.1.55","192.168.1.2","TCP","1514","8004  >  36802 [ACK] Seq=240558 Ack=144 Win=65024 Len=1448 TSval=2916041544 TSecr=3045561316 [TCP segment of a reassembled PDU]"
"62417","37.463927287","192.168.1.55","192.168.1.2","TCP","1514","8004  >  36802 [ACK] Seq=242006 Ack=144 Win=65024 Len=1448 TSval=2916041544 TSecr=3045561316 [TCP segment of a reassembled PDU]"
"62418","37.463928454","192.168.1.55","192.168.1.2","TCP","1514","8004  >  36802 [ACK] Seq=243454 Ack=144 Win=65024 Len=1448 TSval=2916041544 TSecr=3045561316 [TCP segment of a reassembled PDU]"
"62419","37.463929547","192.168.1.55","192.168.1.2","TCP","1514","8004  >  36802 [ACK] Seq=244902 Ack=144 Win=65024 Len=1448 TSval=2916041544 TSecr=3045561316 [TCP segment of a reassembled PDU]"
"62420","37.463930954","192.168.1.55","192.168.1.2","TCP","1514","8004  >  36802 [PSH, ACK] Seq=246350 Ack=144 Win=65024 Len=1448 TSval=2916041544 TSecr=3045561316 [TCP segment of a reassembled PDU]"
"62421","37.463935065","192.168.1.2","192.168.1.55","TCP","66","36802  >  8004 [ACK] Seq=144 Ack=152006 Win=97280 Len=0 TSval=3045561316 TSecr=2916041536"
"62422","37.465119604","192.168.1.2","192.168.1.55","TCP","66","36802  >  8004 [ACK] Seq=144 Ack=160694 Win=111616 Len=0 TSval=3045561319 TSecr=2916041536"
"62423","37.465135530","192.168.1.55","192.168.1.2","TCP","1514","8004  >  36802 [ACK] Seq=247798 Ack=144 Win=65024 Len=1448 TSval=2916041545 TSecr=3045561319 [TCP segment of a reassembled PDU]"
"62424","37.465137400","192.168.1.55","192.168.1.2","TCP","1514","8004  >  36802 [PSH, ACK] Seq=249246 Ack=144 Win=65024 Len=1448 TSval=2916041545 TSecr=3045561319 [TCP segment of a reassembled PDU]"
"62425","37.465163308","192.168.1.2","192.168.1.55","TCP","66","36802  >  8004 [ACK] Seq=144 Ack=179742 Win=100352 Len=0 TSval=3045561319 TSecr=2916041536"
"62426","37.465197863","192.168.1.55","192.168.1.2","TCP","1514","8004  >  36802 [ACK] Seq=250694 Ack=144 Win=65024 Len=1448 TSval=2916041545 TSecr=3045561319 [TCP segment of a reassembled PDU]"
"62427","37.465199493","192.168.1.55","192.168.1.2","TCP","1514","8004  >  36802 [ACK] Seq=252142 Ack=144 Win=65024 Len=1448 TSval=2916041545 TSecr=3045561319 [TCP segment of a reassembled PDU]"
"62428","37.465201530","192.168.1.55","192.168.1.2","TCP","1514","8004  >  36802 [ACK] Seq=253590 Ack=144 Win=65024 Len=1448 TSval=2916041545 TSecr=3045561319 [TCP segment of a reassembled PDU]"
"62429","37.465203030","192.168.1.55","192.168.1.2","TCP","1514","8004  >  36802 [ACK] Seq=255038 Ack=144 Win=65024 Len=1448 TSval=2916041545 TSecr=3045561319 [TCP segment of a reassembled PDU]"
"62430","37.465204326","192.168.1.55","192.168.1.2","TCP","1514","8004  >  36802 [ACK] Seq=256486 Ack=144 Win=65024 Len=1448 TSval=2916041545 TSecr=3045561319 [TCP segment of a reassembled PDU]"
"62431","37.465205475","192.168.1.55","192.168.1.2","TCP","1514","8004  >  36802 [ACK] Seq=257934 Ack=144 Win=65024 Len=1448 TSval=2916041545 TSecr=3045561319 [TCP segment of a reassembled PDU]"
"62432","37.465206715","192.168.1.55","192.168.1.2","TCP","1514","8004  >  36802 [ACK] Seq=259382 Ack=144 Win=65024 Len=1448 TSval=2916041545 TSecr=3045561319 [TCP segment of a reassembled PDU]"
"62433","37.465208641","192.168.1.55","192.168.1.2","TCP","1514","8004  >  36802 [ACK] Seq=260830 Ack=144 Win=65024 Len=1448 TSval=2916041545 TSecr=3045561319 [TCP segment of a reassembled PDU]"
"62434","37.465210493","192.168.1.55","192.168.1.2","TCP","1514","8004  >  36802 [ACK] Seq=262278 Ack=144 Win=65024 Len=1448 TSval=2916041545 TSecr=3045561319 [TCP segment of a reassembled PDU]"
"62435","37.465212067","192.168.1.55","192.168.1.2","TCP","1514","8004  >  36802 [ACK] Seq=263726 Ack=144 Win=65024 Len=1448 TSval=2916041545 TSecr=3045561319 [TCP segment of a reassembled PDU]"
"62436","37.465213141","192.168.1.55","192.168.1.2","TCP","1514","8004  >  36802 [ACK] Seq=265174 Ack=144 Win=65024 Len=1448 TSval=2916041545 TSecr=3045561319 [TCP segment of a reassembled PDU]"
"62437","37.465214623","192.168.1.55","192.168.1.2","TCP","1514","8004  >  36802 [ACK] Seq=266622 Ack=144 Win=65024 Len=1448 TSval=2916041545 TSecr=3045561319 [TCP segment of a reassembled PDU]"
"62438","37.465216715","192.168.1.55","192.168.1.2","TCP","1514","8004  >  36802 [ACK] Seq=268070 Ack=144 Win=65024 Len=1448 TSval=2916041545 TSecr=3045561319 [TCP segment of a reassembled PDU]"
"62439","37.465218271","192.168.1.55","192.168.1.2","TCP","1514","8004  >  36802 [ACK] Seq=269518 Ack=144 Win=65024 Len=1448 TSval=2916041545 TSecr=3045561319 [TCP segment of a reassembled PDU]"
"62440","37.465219363","192.168.1.55","192.168.1.2","TCP","1514","8004  >  36802 [ACK] Seq=270966 Ack=144 Win=65024 Len=1448 TSval=2916041545 TSecr=3045561319 [TCP segment of a reassembled PDU]"
"62441","37.465220604","192.168.1.55","192.168.1.2","TCP","1514","8004  >  36802 [ACK] Seq=272414 Ack=144 Win=65024 Len=1448 TSval=2916041545 TSecr=3045561319 [TCP segment of a reassembled PDU]"
"62442","37.465222030","192.168.1.55","192.168.1.2","TCP","1514","8004  >  36802 [ACK] Seq=273862 Ack=144 Win=65024 Len=1448 TSval=2916041545 TSecr=3045561319 [TCP segment of a reassembled PDU]"
"62443","37.465224049","192.168.1.55","192.168.1.2","TCP","1514","8004  >  36802 [ACK] Seq=275310 Ack=144 Win=65024 Len=1448 TSval=2916041545 TSecr=3045561319 [TCP segment of a reassembled PDU]"
"62444","37.465225586","192.168.1.55","192.168.1.2","TCP","1514","8004  >  36802 [ACK] Seq=276758 Ack=144 Win=65024 Len=1448 TSval=2916041545 TSecr=3045561319 [TCP segment of a reassembled PDU]"
"62445","37.465226975","192.168.1.55","192.168.1.2","TCP","1514","8004  >  36802 [ACK] Seq=278206 Ack=144 Win=65024 Len=1448 TSval=2916041545 TSecr=3045561319 [TCP segment of a reassembled PDU]"
"62446","37.465228326","192.168.1.55","192.168.1.2","TCP","506","[TCP Window Full] 8004  >  36802 [PSH, ACK] Seq=279654 Ack=144 Win=65024 Len=440 TSval=2916041545 TSecr=3045561319 [TCP segment of a reassembled PDU]"
"62447","37.469773908","192.168.1.2","192.168.1.55","TCP","66","36802  >  8004 [ACK] Seq=144 Ack=181190 Win=114688 Len=0 TSval=3045561320 TSecr=2916041544"
"62448","37.469792945","192.168.1.55","192.168.1.2","TCP","1514","8004  >  36802 [ACK] Seq=280094 Ack=144 Win=65024 Len=1448 TSval=2916041550 TSecr=3045561320 [TCP segment of a reassembled PDU]"
"62449","37.469795649","192.168.1.55","192.168.1.2","TCP","1514","8004  >  36802 [ACK] Seq=281542 Ack=144 Win=65024 Len=1448 TSval=2916041550 TSecr=3045561320 [TCP segment of a reassembled PDU]"
"62450","37.469796815","192.168.1.55","192.168.1.2","TCP","1514","8004  >  36802 [ACK] Seq=282990 Ack=144 Win=65024 Len=1448 TSval=2916041550 TSecr=3045561320 [TCP segment of a reassembled PDU]"
"62451","37.469797963","192.168.1.55","192.168.1.2","TCP","1514","8004  >  36802 [ACK] Seq=284438 Ack=144 Win=65024 Len=1448 TSval=2916041550 TSecr=3045561320 [TCP segment of a reassembled PDU]"
"62452","37.469799130","192.168.1.55","192.168.1.2","TCP","1514","8004  >  36802 [ACK] Seq=285886 Ack=144 Win=65024 Len=1448 TSval=2916041550 TSecr=3045561320 [TCP segment of a reassembled PDU]"
"62453","37.469800334","192.168.1.55","192.168.1.2","TCP","1514","8004  >  36802 [ACK] Seq=287334 Ack=144 Win=65024 Len=1448 TSval=2916041550 TSecr=3045561320 [TCP segment of a reassembled PDU]"
"62454","37.469801389","192.168.1.55","192.168.1.2","TCP","1514","8004  >  36802 [ACK] Seq=288782 Ack=144 Win=65024 Len=1448 TSval=2916041550 TSecr=3045561320 [TCP segment of a reassembled PDU]"
"62455","37.469802519","192.168.1.55","192.168.1.2","TCP","1514","8004  >  36802 [ACK] Seq=290230 Ack=144 Win=65024 Len=1448 TSval=2916041550 TSecr=3045561320 [TCP segment of a reassembled PDU]"
"62456","37.469803630","192.168.1.55","192.168.1.2","TCP","1514","8004  >  36802 [ACK] Seq=291678 Ack=144 Win=65024 Len=1448 TSval=2916041550 TSecr=3045561320 [TCP segment of a reassembled PDU]"
"62457","37.469804797","192.168.1.55","192.168.1.2","TCP","1514","8004  >  36802 [PSH, ACK] Seq=293126 Ack=144 Win=65024 Len=1448 TSval=2916041550 TSecr=3045561320 [TCP segment of a reassembled PDU]"
"62458","37.469810278","192.168.1.55","192.168.1.2","TCP","1074","8004  >  36802 [ACK] Seq=294574 Ack=144 Win=65024 Len=1008 TSval=2916041550 TSecr=3045561320 [TCP segment of a reassembled PDU]"
"62459","37.470273112","192.168.1.2","192.168.1.55","TCP","66","36802  >  8004 [ACK] Seq=144 Ack=182638 Win=117760 Len=0 TSval=3045561320 TSecr=2916041544"
"62460","37.471739207","192.168.1.2","192.168.1.55","TCP","66","36802  >  8004 [ACK] Seq=144 Ack=192774 Win=136192 Len=0 TSval=3045561325 TSecr=2916041544"
"62461","37.471766022","192.168.1.55","192.168.1.2","TCP","1514","8004  >  36802 [ACK] Seq=295582 Ack=144 Win=65024 Len=1448 TSval=2916041552 TSecr=3045561325 [TCP segment of a reassembled PDU]"
"62462","37.471768893","192.168.1.55","192.168.1.2","TCP","1514","8004  >  36802 [ACK] Seq=297030 Ack=144 Win=65024 Len=1448 TSval=2916041552 TSecr=3045561325 [TCP segment of a reassembled PDU]"
"62463","37.471770226","192.168.1.55","192.168.1.2","TCP","1514","8004  >  36802 [ACK] Seq=298478 Ack=144 Win=65024 Len=1448 TSval=2916041552 TSecr=3045561325 [TCP segment of a reassembled PDU]"
"62464","37.471771615","192.168.1.55","192.168.1.2","TCP","1514","8004  >  36802 [ACK] Seq=299926 Ack=144 Win=65024 Len=1448 TSval=2916041552 TSecr=3045561325 [TCP segment of a reassembled PDU]"
"62465","37.471773004","192.168.1.55","192.168.1.2","TCP","1514","8004  >  36802 [ACK] Seq=301374 Ack=144 Win=65024 Len=1448 TSval=2916041552 TSecr=3045561325 [TCP segment of a reassembled PDU]"
"62466","37.471774467","192.168.1.55","192.168.1.2","TCP","1514","8004  >  36802 [ACK] Seq=302822 Ack=144 Win=65024 Len=1448 TSval=2916041552 TSecr=3045561325 [TCP segment of a reassembled PDU]"
"62467","37.471775985","192.168.1.55","192.168.1.2","TCP","1514","8004  >  36802 [ACK] Seq=304270 Ack=144 Win=65024 Len=1448 TSval=2916041552 TSecr=3045561325 [TCP segment of a reassembled PDU]"
"62468","37.471777263","192.168.1.55","192.168.1.2","TCP","1514","8004  >  36802 [ACK] Seq=305718 Ack=144 Win=65024 Len=1448 TSval=2916041552 TSecr=3045561325 [TCP segment of a reassembled PDU]"
"62469","37.471778578","192.168.1.55","192.168.1.2","TCP","1514","8004  >  36802 [ACK] Seq=307166 Ack=144 Win=65024 Len=1448 TSval=2916041552 TSecr=3045561325 [TCP segment of a reassembled PDU]"
"62470","37.471780374","192.168.1.55","192.168.1.2","TCP","1514","8004  >  36802 [ACK] Seq=308614 Ack=144 Win=65024 Len=1448 TSval=2916041552 TSecr=3045561325 [TCP segment of a reassembled PDU]"
"62471","37.471781652","192.168.1.55","192.168.1.2","TCP","1514","8004  >  36802 [ACK] Seq=310062 Ack=144 Win=65024 Len=1448 TSval=2916041552 TSecr=3045561325 [TCP segment of a reassembled PDU]"
"62472","37.471782948","192.168.1.55","192.168.1.2","TCP","1514","8004  >  36802 [ACK] Seq=311510 Ack=144 Win=65024 Len=1448 TSval=2916041552 TSecr=3045561325 [TCP segment of a reassembled PDU]"
"62473","37.471784374","192.168.1.55","192.168.1.2","TCP","1514","8004  >  36802 [ACK] Seq=312958 Ack=144 Win=65024 Len=1448 TSval=2916041552 TSecr=3045561325 [TCP segment of a reassembled PDU]"
"62474","37.471785633","192.168.1.55","192.168.1.2","TCP","1514","8004  >  36802 [ACK] Seq=314406 Ack=144 Win=65024 Len=1448 TSval=2916041552 TSecr=3045561325 [TCP segment of a reassembled PDU]"
"62475","37.471787041","192.168.1.55","192.168.1.2","TCP","1514","8004  >  36802 [ACK] Seq=315854 Ack=144 Win=65024 Len=1448 TSval=2916041552 TSecr=3045561325 [TCP segment of a reassembled PDU]"
"62476","37.471788522","192.168.1.55","192.168.1.2","TCP","1514","8004  >  36802 [ACK] Seq=317302 Ack=144 Win=65024 Len=1448 TSval=2916041552 TSecr=3045561325 [TCP segment of a reassembled PDU]"
"62477","37.471790115","192.168.1.55","192.168.1.2","TCP","1514","8004  >  36802 [ACK] Seq=318750 Ack=144 Win=65024 Len=1448 TSval=2916041552 TSecr=3045561325 [TCP segment of a reassembled PDU]"
"62478","37.471791522","192.168.1.55","192.168.1.2","TCP","1514","8004  >  36802 [ACK] Seq=320198 Ack=144 Win=65024 Len=1448 TSval=2916041552 TSecr=3045561325 [TCP segment of a reassembled PDU]"
"62479","37.471792818","192.168.1.55","192.168.1.2","TCP","1514","8004  >  36802 [ACK] Seq=321646 Ack=144 Win=65024 Len=1448 TSval=2916041552 TSecr=3045561325 [TCP segment of a reassembled PDU]"
"62480","37.471794244","192.168.1.55","192.168.1.2","TCP","1514","8004  >  36802 [ACK] Seq=323094 Ack=144 Win=65024 Len=1448 TSval=2916041552 TSecr=3045561325 [TCP segment of a reassembled PDU]"
"62481","37.471795633","192.168.1.55","192.168.1.2","TCP","1514","8004  >  36802 [ACK] Seq=324542 Ack=144 Win=65024 Len=1448 TSval=2916041552 TSecr=3045561325 [TCP segment of a reassembled PDU]"
"62482","37.471796967","192.168.1.55","192.168.1.2","TCP","1514","8004  >  36802 [ACK] Seq=325990 Ack=144 Win=65024 Len=1448 TSval=2916041552 TSecr=3045561325 [TCP segment of a reassembled PDU]"
"62483","37.471798356","192.168.1.55","192.168.1.2","TCP","1514","8004  >  36802 [PSH, ACK] Seq=327438 Ack=144 Win=65024 Len=1448 TSval=2916041552 TSecr=3045561325 [TCP segment of a reassembled PDU]"
"62484","37.472737820","192.168.1.2","192.168.1.55","TCP","66","36802  >  8004 [ACK] Seq=144 Ack=205806 Win=123904 Len=0 TSval=3045561325 TSecr=2916041544"
"62485","37.472746746","192.168.1.2","192.168.1.55","TCP","66","36802  >  8004 [ACK] Seq=144 Ack=224630 Win=130048 Len=0 TSval=3045561325 TSecr=2916041544"
"62486","37.472758931","192.168.1.55","192.168.1.2","TCP","1514","8004  >  36802 [ACK] Seq=328886 Ack=144 Win=65024 Len=1448 TSval=2916041553 TSecr=3045561325 [TCP segment of a reassembled PDU]"
"62487","37.472760839","192.168.1.55","192.168.1.2","TCP","1514","8004  >  36802 [ACK] Seq=330334 Ack=144 Win=65024 Len=1448 TSval=2916041553 TSecr=3045561325 [TCP segment of a reassembled PDU]"
"62488","37.472762116","192.168.1.55","192.168.1.2","TCP","1514","8004  >  36802 [ACK] Seq=331782 Ack=144 Win=65024 Len=1448 TSval=2916041553 TSecr=3045561325 [TCP segment of a reassembled PDU]"
"62489","37.472763394","192.168.1.55","192.168.1.2","TCP","1514","8004  >  36802 [ACK] Seq=333230 Ack=144 Win=65024 Len=1448 TSval=2916041553 TSecr=3045561325 [TCP segment of a reassembled PDU]"
"62490","37.472764765","192.168.1.55","192.168.1.2","TCP","1514","8004  >  36802 [ACK] Seq=334678 Ack=144 Win=65024 Len=1448 TSval=2916041553 TSecr=3045561325 [TCP segment of a reassembled PDU]"
"62491","37.472766042","192.168.1.55","192.168.1.2","TCP","1514","8004  >  36802 [ACK] Seq=336126 Ack=144 Win=65024 Len=1448 TSval=2916041553 TSecr=3045561325 [TCP segment of a reassembled PDU]"
"62492","37.472767727","192.168.1.55","192.168.1.2","TCP","1514","8004  >  36802 [ACK] Seq=337574 Ack=144 Win=65024 Len=1448 TSval=2916041553 TSecr=3045561325 [TCP segment of a reassembled PDU]"
"62493","37.472769042","192.168.1.55","192.168.1.2","TCP","1514","8004  >  36802 [PSH, ACK] Seq=339022 Ack=144 Win=65024 Len=1448 TSval=2916041553 TSecr=3045561325 [TCP segment of a reassembled PDU]"
"62494","37.472773394","192.168.1.2","192.168.1.55","TCP","66","36802  >  8004 [ACK] Seq=144 Ack=247798 Win=125952 Len=0 TSval=3045561325 TSecr=2916041544"
"62495","37.472780376","192.168.1.2","192.168.1.55","TCP","66","36802  >  8004 [ACK] Seq=144 Ack=273862 Win=101376 Len=0 TSval=3045561325 TSecr=2916041545"
"62496","37.472814968","192.168.1.55","192.168.1.2","TCP","1514","8004  >  36802 [ACK] Seq=340470 Ack=144 Win=65024 Len=1448 TSval=2916041553 TSecr=3045561325 [TCP segment of a reassembled PDU]"
"62497","37.472816635","192.168.1.55","192.168.1.2","TCP","1514","8004  >  36802 [ACK] Seq=341918 Ack=144 Win=65024 Len=1448 TSval=2916041553 TSecr=3045561325 [TCP segment of a reassembled PDU]"
"62498","37.472817987","192.168.1.55","192.168.1.2","TCP","1514","8004  >  36802 [ACK] Seq=343366 Ack=144 Win=65024 Len=1448 TSval=2916041553 TSecr=3045561325 [TCP segment of a reassembled PDU]"
"62499","37.472819413","192.168.1.55","192.168.1.2","TCP","1514","8004  >  36802 [ACK] Seq=344814 Ack=144 Win=65024 Len=1448 TSval=2916041553 TSecr=3045561325 [TCP segment of a reassembled PDU]"
"62500","37.472820728","192.168.1.55","192.168.1.2","TCP","1514","8004  >  36802 [ACK] Seq=346262 Ack=144 Win=65024 Len=1448 TSval=2916041553 TSecr=3045561325 [TCP segment of a reassembled PDU]"
"62501","37.472822042","192.168.1.55","192.168.1.2","TCP","1514","8004  >  36802 [ACK] Seq=347710 Ack=144 Win=65024 Len=1448 TSval=2916041553 TSecr=3045561325 [TCP segment of a reassembled PDU]"
"62502","37.472823431","192.168.1.55","192.168.1.2","TCP","1514","8004  >  36802 [ACK] Seq=349158 Ack=144 Win=65024 Len=1448 TSval=2916041553 TSecr=3045561325 [TCP segment of a reassembled PDU]"
"62503","37.472824968","192.168.1.55","192.168.1.2","TCP","1514","8004  >  36802 [ACK] Seq=350606 Ack=144 Win=65024 Len=1448 TSval=2916041553 TSecr=3045561325 [TCP segment of a reassembled PDU]"
"62504","37.472826339","192.168.1.55","192.168.1.2","TCP","1514","8004  >  36802 [ACK] Seq=352054 Ack=144 Win=65024 Len=1448 TSval=2916041553 TSecr=3045561325 [TCP segment of a reassembled PDU]"
"62505","37.472827598","192.168.1.55","192.168.1.2","TCP","1514","8004  >  36802 [ACK] Seq=353502 Ack=144 Win=65024 Len=1448 TSval=2916041553 TSecr=3045561325 [TCP segment of a reassembled PDU]"
"62506","37.472828913","192.168.1.55","192.168.1.2","TCP","1514","8004  >  36802 [ACK] Seq=354950 Ack=144 Win=65024 Len=1448 TSval=2916041553 TSecr=3045561325 [TCP segment of a reassembled PDU]"
"62507","37.472830283","192.168.1.55","192.168.1.2","TCP","1514","8004  >  36802 [ACK] Seq=356398 Ack=144 Win=65024 Len=1448 TSval=2916041553 TSecr=3045561325 [TCP segment of a reassembled PDU]"
"62508","37.472831542","192.168.1.55","192.168.1.2","TCP","1514","8004  >  36802 [ACK] Seq=357846 Ack=144 Win=65024 Len=1448 TSval=2916041553 TSecr=3045561325 [TCP segment of a reassembled PDU]"
"62509","37.472833172","192.168.1.55","192.168.1.2","TCP","1514","8004  >  36802 [ACK] Seq=359294 Ack=144 Win=65024 Len=1448 TSval=2916041553 TSecr=3045561325 [TCP segment of a reassembled PDU]"
"62510","37.472834487","192.168.1.55","192.168.1.2","TCP","1514","8004  >  36802 [ACK] Seq=360742 Ack=144 Win=65024 Len=1448 TSval=2916041553 TSecr=3045561325 [TCP segment of a reassembled PDU]"
"62511","37.472835857","192.168.1.55","192.168.1.2","TCP","1514","8004  >  36802 [ACK] Seq=362190 Ack=144 Win=65024 Len=1448 TSval=2916041553 TSecr=3045561325 [TCP segment of a reassembled PDU]"
"62512","37.472837320","192.168.1.55","192.168.1.2","TCP","1514","8004  >  36802 [ACK] Seq=363638 Ack=144 Win=65024 Len=1448 TSval=2916041553 TSecr=3045561325 [TCP segment of a reassembled PDU]"
"62513","37.472838598","192.168.1.55","192.168.1.2","TCP","1514","8004  >  36802 [ACK] Seq=365086 Ack=144 Win=65024 Len=1448 TSval=2916041553 TSecr=3045561325 [TCP segment of a reassembled PDU]"
"62514","37.472839968","192.168.1.55","192.168.1.2","TCP","1514","8004  >  36802 [ACK] Seq=366534 Ack=144 Win=65024 Len=1448 TSval=2916041553 TSecr=3045561325 [TCP segment of a reassembled PDU]"
"62515","37.472841357","192.168.1.55","192.168.1.2","TCP","1514","8004  >  36802 [ACK] Seq=367982 Ack=144 Win=65024 Len=1448 TSval=2916041553 TSecr=3045561325 [TCP segment of a reassembled PDU]"
"62516","37.472842691","192.168.1.55","192.168.1.2","TCP","1514","8004  >  36802 [ACK] Seq=369430 Ack=144 Win=65024 Len=1448 TSval=2916041553 TSecr=3045561325 [TCP segment of a reassembled PDU]"
"62517","37.472844135","192.168.1.55","192.168.1.2","TCP","1514","8004  >  36802 [ACK] Seq=370878 Ack=144 Win=65024 Len=1448 TSval=2916041553 TSecr=3045561325 [TCP segment of a reassembled PDU]"
"62518","37.472845487","192.168.1.55","192.168.1.2","TCP","1514","8004  >  36802 [ACK] Seq=372326 Ack=144 Win=65024 Len=1448 TSval=2916041553 TSecr=3045561325 [TCP segment of a reassembled PDU]"
"62519","37.472846820","192.168.1.55","192.168.1.2","TCP","1514","8004  >  36802 [PSH, ACK] Seq=373774 Ack=144 Win=65024 Len=1448 TSval=2916041553 TSecr=3045561325 [TCP segment of a reassembled PDU]"
"62520","37.477524068","192.168.1.2","192.168.1.55","TCP","66","36802  >  8004 [ACK] Seq=144 Ack=280094 Win=140288 Len=0 TSval=3045561327 TSecr=2916041545"
"62521","37.477538643","192.168.1.55","192.168.1.2","TCP","1514","8004  >  36802 [ACK] Seq=375222 Ack=144 Win=65024 Len=1448 TSval=2916041558 TSecr=3045561327 [TCP segment of a reassembled PDU]"
"62522","37.477541161","192.168.1.55","192.168.1.2","TCP","1514","8004  >  36802 [ACK] Seq=376670 Ack=144 Win=65024 Len=1448 TSval=2916041558 TSecr=3045561327 [TCP segment of a reassembled PDU]"
"62523","37.477542550","192.168.1.55","192.168.1.2","TCP","1514","8004  >  36802 [ACK] Seq=378118 Ack=144 Win=65024 Len=1448 TSval=2916041558 TSecr=3045561327 [TCP segment of a reassembled PDU]"
"62524","37.477544217","192.168.1.55","192.168.1.2","TCP","1514","8004  >  36802 [ACK] Seq=379566 Ack=144 Win=65024 Len=1448 TSval=2916041558 TSecr=3045561327 [TCP segment of a reassembled PDU]"
"62525","37.477545550","192.168.1.55","192.168.1.2","TCP","1514","8004  >  36802 [ACK] Seq=381014 Ack=144 Win=65024 Len=1448 TSval=2916041558 TSecr=3045561327 [TCP segment of a reassembled PDU]"
"62526","37.477546809","192.168.1.55","192.168.1.2","TCP","1514","8004  >  36802 [ACK] Seq=382462 Ack=144 Win=65024 Len=1448 TSval=2916041558 TSecr=3045561327 [TCP segment of a reassembled PDU]"
"62527","37.477548087","192.168.1.55","192.168.1.2","TCP","1514","8004  >  36802 [PSH, ACK] Seq=383910 Ack=144 Win=65024 Len=1448 TSval=2916041558 TSecr=3045561327 [TCP segment of a reassembled PDU]"
"62528","37.478775385","192.168.1.2","192.168.1.55","TCP","66","36802  >  8004 [ACK] Seq=144 Ack=281542 Win=142336 Len=0 TSval=3045561331 TSecr=2916041550"
"62529","37.478805348","192.168.1.55","192.168.1.2","TCP","1514","8004  >  36802 [ACK] Seq=385358 Ack=144 Win=65024 Len=1448 TSval=2916041559 TSecr=3045561331 [TCP segment of a reassembled PDU]"
"62530","37.478807663","192.168.1.55","192.168.1.2","TCP","1514","8004  >  36802 [ACK] Seq=386806 Ack=144 Win=65024 Len=1448 TSval=2916041559 TSecr=3045561331 [TCP segment of a reassembled PDU]"
"62531","37.478808978","192.168.1.55","192.168.1.2","TCP","1514","8004  >  36802 [ACK] Seq=388254 Ack=144 Win=65024 Len=1448 TSval=2916041559 TSecr=3045561331 [TCP segment of a reassembled PDU]"
"62532","37.478810274","192.168.1.55","192.168.1.2","TCP","1514","8004  >  36802 [ACK] Seq=389702 Ack=144 Win=65024 Len=1448 TSval=2916041559 TSecr=3045561331 [TCP segment of a reassembled PDU]"
"62533","37.478811552","192.168.1.55","192.168.1.2","TCP","1514","8004  >  36802 [ACK] Seq=391150 Ack=144 Win=65024 Len=1448 TSval=2916041559 TSecr=3045561331 [TCP segment of a reassembled PDU]"
"62534","37.478813034","192.168.1.55","192.168.1.2","TCP","1514","8004  >  36802 [ACK] Seq=392598 Ack=144 Win=65024 Len=1448 TSval=2916041559 TSecr=3045561331 [TCP segment of a reassembled PDU]"
"62535","37.478814404","192.168.1.55","192.168.1.2","TCP","1514","8004  >  36802 [ACK] Seq=394046 Ack=144 Win=65024 Len=1448 TSval=2916041559 TSecr=3045561331 [TCP segment of a reassembled PDU]"
"62536","37.478816108","192.168.1.55","192.168.1.2","TCP","1514","8004  >  36802 [ACK] Seq=395494 Ack=144 Win=65024 Len=1448 TSval=2916041559 TSecr=3045561331 [TCP segment of a reassembled PDU]"
"62537","37.478817496","192.168.1.55","192.168.1.2","TCP","1514","8004  >  36802 [ACK] Seq=396942 Ack=144 Win=65024 Len=1448 TSval=2916041559 TSecr=3045561331 [TCP segment of a reassembled PDU]"
"62538","37.478818793","192.168.1.55","192.168.1.2","TCP","1514","8004  >  36802 [ACK] Seq=398390 Ack=144 Win=65024 Len=1448 TSval=2916041559 TSecr=3045561331 [TCP segment of a reassembled PDU]"
"62539","37.478820182","192.168.1.55","192.168.1.2","TCP","1514","8004  >  36802 [ACK] Seq=399838 Ack=144 Win=65024 Len=1448 TSval=2916041559 TSecr=3045561331 [TCP segment of a reassembled PDU]"
"62540","37.478821552","192.168.1.55","192.168.1.2","TCP","1514","8004  >  36802 [ACK] Seq=401286 Ack=144 Win=65024 Len=1448 TSval=2916041559 TSecr=3045561331 [TCP segment of a reassembled PDU]"
"62541","37.478822848","192.168.1.55","192.168.1.2","TCP","1514","8004  >  36802 [ACK] Seq=402734 Ack=144 Win=65024 Len=1448 TSval=2916041559 TSecr=3045561331 [TCP segment of a reassembled PDU]"
"62542","37.478824274","192.168.1.55","192.168.1.2","TCP","1514","8004  >  36802 [ACK] Seq=404182 Ack=144 Win=65024 Len=1448 TSval=2916041559 TSecr=3045561331 [TCP segment of a reassembled PDU]"
"62543","37.478825663","192.168.1.55","192.168.1.2","TCP","1514","8004  >  36802 [ACK] Seq=405630 Ack=144 Win=65024 Len=1448 TSval=2916041559 TSecr=3045561331 [TCP segment of a reassembled PDU]"
"62544","37.478827126","192.168.1.55","192.168.1.2","TCP","1514","8004  >  36802 [ACK] Seq=407078 Ack=144 Win=65024 Len=1448 TSval=2916041559 TSecr=3045561331 [TCP segment of a reassembled PDU]"
"62545","37.478828515","192.168.1.55","192.168.1.2","TCP","1514","8004  >  36802 [ACK] Seq=408526 Ack=144 Win=65024 Len=1448 TSval=2916041559 TSecr=3045561331 [TCP segment of a reassembled PDU]"
"62546","37.478829811","192.168.1.55","192.168.1.2","TCP","1514","8004  >  36802 [ACK] Seq=409974 Ack=144 Win=65024 Len=1448 TSval=2916041559 TSecr=3045561331 [TCP segment of a reassembled PDU]"
"62547","37.478831497","192.168.1.55","192.168.1.2","TCP","1514","8004  >  36802 [ACK] Seq=411422 Ack=144 Win=65024 Len=1448 TSval=2916041559 TSecr=3045561331 [TCP segment of a reassembled PDU]"
"62548","37.478832811","192.168.1.55","192.168.1.2","TCP","1514","8004  >  36802 [ACK] Seq=412870 Ack=144 Win=65024 Len=1448 TSval=2916041559 TSecr=3045561331 [TCP segment of a reassembled PDU]"
"62549","37.478834126","192.168.1.55","192.168.1.2","TCP","1514","8004  >  36802 [ACK] Seq=414318 Ack=144 Win=65024 Len=1448 TSval=2916041559 TSecr=3045561331 [TCP segment of a reassembled PDU]"
"62550","37.478835441","192.168.1.55","192.168.1.2","TCP","1514","8004  >  36802 [ACK] Seq=415766 Ack=144 Win=65024 Len=1448 TSval=2916041559 TSecr=3045561331 [TCP segment of a reassembled PDU]"
"62551","37.478836719","192.168.1.55","192.168.1.2","TCP","1514","8004  >  36802 [ACK] Seq=417214 Ack=144 Win=65024 Len=1448 TSval=2916041559 TSecr=3045561331 [TCP segment of a reassembled PDU]"
"62552","37.478838126","192.168.1.55","192.168.1.2","TCP","1514","8004  >  36802 [ACK] Seq=418662 Ack=144 Win=65024 Len=1448 TSval=2916041559 TSecr=3045561331 [TCP segment of a reassembled PDU]"
"62553","37.478839737","192.168.1.55","192.168.1.2","TCP","1514","8004  >  36802 [ACK] Seq=420110 Ack=144 Win=65024 Len=1448 TSval=2916041559 TSecr=3045561331 [TCP segment of a reassembled PDU]"
"62554","37.478841071","192.168.1.55","192.168.1.2","TCP","1514","8004  >  36802 [PSH, ACK] Seq=421558 Ack=144 Win=65024 Len=1448 TSval=2916041559 TSecr=3045561331 [TCP segment of a reassembled PDU]"
"62555","37.479883554","192.168.1.2","192.168.1.55","TCP","66","36802  >  8004 [ACK] Seq=144 Ack=294574 Win=168960 Len=0 TSval=3045561333 TSecr=2916041550"
"62556","37.479900183","192.168.1.55","192.168.1.2","TCP","1514","8004  >  36802 [ACK] Seq=423006 Ack=144 Win=65024 Len=1448 TSval=2916041560 TSecr=3045561333 [TCP segment of a reassembled PDU]"
"62557","37.479902443","192.168.1.55","192.168.1.2","TCP","1514","8004  >  36802 [ACK] Seq=424454 Ack=144 Win=65024 Len=1448 TSval=2916041560 TSecr=3045561333 [TCP segment of a reassembled PDU]"
"62558","37.479903850","192.168.1.55","192.168.1.2","TCP","1514","8004  >  36802 [ACK] Seq=425902 Ack=144 Win=65024 Len=1448 TSval=2916041560 TSecr=3045561333 [TCP segment of a reassembled PDU]"
"62559","37.479905239","192.168.1.55","192.168.1.2","TCP","1514","8004  >  36802 [ACK] Seq=427350 Ack=144 Win=65024 Len=1448 TSval=2916041560 TSecr=3045561333 [TCP segment of a reassembled PDU]"
"62560","37.479906628","192.168.1.55","192.168.1.2","TCP","1514","8004  >  36802 [PSH, ACK] Seq=428798 Ack=144 Win=65024 Len=1448 TSval=2916041560 TSecr=3045561333 [TCP segment of a reassembled PDU]"
"62561","37.479911702","192.168.1.2","192.168.1.55","TCP","66","36802  >  8004 [ACK] Seq=144 Ack=295582 Win=172032 Len=0 TSval=3045561333 TSecr=2916041550"
"62562","37.479918369","192.168.1.2","192.168.1.55","TCP","66","36802  >  8004 [ACK] Seq=144 Ack=327438 Win=155648 Len=0 TSval=3045561333 TSecr=2916041552"
"62563","37.479952128","192.168.1.55","192.168.1.2","TCP","1514","8004  >  36802 [ACK] Seq=430246 Ack=144 Win=65024 Len=1448 TSval=2916041560 TSecr=3045561333 [TCP segment of a reassembled PDU]"
"62564","37.479954072","192.168.1.55","192.168.1.2","TCP","1514","8004  >  36802 [ACK] Seq=431694 Ack=144 Win=65024 Len=1448 TSval=2916041560 TSecr=3045561333 [TCP segment of a reassembled PDU]"
"62565","37.479955498","192.168.1.55","192.168.1.2","TCP","1514","8004  >  36802 [ACK] Seq=433142 Ack=144 Win=65024 Len=1448 TSval=2916041560 TSecr=3045561333 [TCP segment of a reassembled PDU]"
"62566","37.479956998","192.168.1.55","192.168.1.2","TCP","1514","8004  >  36802 [ACK] Seq=434590 Ack=144 Win=65024 Len=1448 TSval=2916041560 TSecr=3045561333 [TCP segment of a reassembled PDU]"
"62567","37.479958424","192.168.1.55","192.168.1.2","TCP","1514","8004  >  36802 [ACK] Seq=436038 Ack=144 Win=65024 Len=1448 TSval=2916041560 TSecr=3045561333 [TCP segment of a reassembled PDU]"
"62568","37.479959850","192.168.1.55","192.168.1.2","TCP","1514","8004  >  36802 [ACK] Seq=437486 Ack=144 Win=65024 Len=1448 TSval=2916041560 TSecr=3045561333 [TCP segment of a reassembled PDU]"
"62569","37.479961128","192.168.1.55","192.168.1.2","TCP","1514","8004  >  36802 [ACK] Seq=438934 Ack=144 Win=65024 Len=1448 TSval=2916041560 TSecr=3045561333 [TCP segment of a reassembled PDU]"
"62570","37.479962665","192.168.1.55","192.168.1.2","TCP","1514","8004  >  36802 [ACK] Seq=440382 Ack=144 Win=65024 Len=1448 TSval=2916041560 TSecr=3045561333 [TCP segment of a reassembled PDU]"
"62571","37.479963943","192.168.1.55","192.168.1.2","TCP","1514","8004  >  36802 [ACK] Seq=441830 Ack=144 Win=65024 Len=1448 TSval=2916041560 TSecr=3045561333 [TCP segment of a reassembled PDU]"
"62572","37.479965239","192.168.1.55","192.168.1.2","TCP","1514","8004  >  36802 [ACK] Seq=443278 Ack=144 Win=65024 Len=1448 TSval=2916041560 TSecr=3045561333 [TCP segment of a reassembled PDU]"
"62573","37.479966554","192.168.1.55","192.168.1.2","TCP","1514","8004  >  36802 [ACK] Seq=444726 Ack=144 Win=65024 Len=1448 TSval=2916041560 TSecr=3045561333 [TCP segment of a reassembled PDU]"
"62574","37.479968091","192.168.1.55","192.168.1.2","TCP","1514","8004  >  36802 [ACK] Seq=446174 Ack=144 Win=65024 Len=1448 TSval=2916041560 TSecr=3045561333 [TCP segment of a reassembled PDU]"
"62575","37.479969517","192.168.1.55","192.168.1.2","TCP","1514","8004  >  36802 [ACK] Seq=447622 Ack=144 Win=65024 Len=1448 TSval=2916041560 TSecr=3045561333 [TCP segment of a reassembled PDU]"
"62576","37.479970850","192.168.1.55","192.168.1.2","TCP","1514","8004  >  36802 [ACK] Seq=449070 Ack=144 Win=65024 Len=1448 TSval=2916041560 TSecr=3045561333 [TCP segment of a reassembled PDU]"
"62577","37.479972221","192.168.1.55","192.168.1.2","TCP","1514","8004  >  36802 [ACK] Seq=450518 Ack=144 Win=65024 Len=1448 TSval=2916041560 TSecr=3045561333 [TCP segment of a reassembled PDU]"
"62578","37.479973758","192.168.1.55","192.168.1.2","TCP","1514","8004  >  36802 [ACK] Seq=451966 Ack=144 Win=65024 Len=1448 TSval=2916041560 TSecr=3045561333 [TCP segment of a reassembled PDU]"
"62579","37.479975091","192.168.1.55","192.168.1.2","TCP","1514","8004  >  36802 [ACK] Seq=453414 Ack=144 Win=65024 Len=1448 TSval=2916041560 TSecr=3045561333 [TCP segment of a reassembled PDU]"
"62580","37.479976461","192.168.1.55","192.168.1.2","TCP","1514","8004  >  36802 [ACK] Seq=454862 Ack=144 Win=65024 Len=1448 TSval=2916041560 TSecr=3045561333 [TCP segment of a reassembled PDU]"
"62581","37.479977943","192.168.1.55","192.168.1.2","TCP","1514","8004  >  36802 [ACK] Seq=456310 Ack=144 Win=65024 Len=1448 TSval=2916041560 TSecr=3045561333 [TCP segment of a reassembled PDU]"
"62582","37.479979258","192.168.1.55","192.168.1.2","TCP","1514","8004  >  36802 [ACK] Seq=457758 Ack=144 Win=65024 Len=1448 TSval=2916041560 TSecr=3045561333 [TCP segment of a reassembled PDU]"
"62583","37.479980609","192.168.1.55","192.168.1.2","TCP","1514","8004  >  36802 [ACK] Seq=459206 Ack=144 Win=65024 Len=1448 TSval=2916041560 TSecr=3045561333 [TCP segment of a reassembled PDU]"
"62584","37.479981924","192.168.1.55","192.168.1.2","TCP","1514","8004  >  36802 [ACK] Seq=460654 Ack=144 Win=65024 Len=1448 TSval=2916041560 TSecr=3045561333 [TCP segment of a reassembled PDU]"
"62585","37.479983276","192.168.1.55","192.168.1.2","TCP","1514","8004  >  36802 [ACK] Seq=462102 Ack=144 Win=65024 Len=1448 TSval=2916041560 TSecr=3045561333 [TCP segment of a reassembled PDU]"
"62586","37.479984813","192.168.1.55","192.168.1.2","TCP","1514","8004  >  36802 [ACK] Seq=463550 Ack=144 Win=65024 Len=1448 TSval=2916041560 TSecr=3045561333 [TCP segment of a reassembled PDU]"
"62587","37.479986128","192.168.1.55","192.168.1.2","TCP","1514","8004  >  36802 [ACK] Seq=464998 Ack=144 Win=65024 Len=1448 TSval=2916041560 TSecr=3045561333 [TCP segment of a reassembled PDU]"
"62588","37.479987554","192.168.1.55","192.168.1.2","TCP","1514","8004  >  36802 [ACK] Seq=466446 Ack=144 Win=65024 Len=1448 TSval=2916041560 TSecr=3045561333 [TCP segment of a reassembled PDU]"
"62589","37.479988813","192.168.1.55","192.168.1.2","TCP","1514","8004  >  36802 [ACK] Seq=467894 Ack=144 Win=65024 Len=1448 TSval=2916041560 TSecr=3045561333 [TCP segment of a reassembled PDU]"
"62590","37.479990184","192.168.1.55","192.168.1.2","TCP","1514","8004  >  36802 [ACK] Seq=469342 Ack=144 Win=65024 Len=1448 TSval=2916041560 TSecr=3045561333 [TCP segment of a reassembled PDU]"
"62591","37.479991572","192.168.1.55","192.168.1.2","TCP","1514","8004  >  36802 [ACK] Seq=470790 Ack=144 Win=65024 Len=1448 TSval=2916041560 TSecr=3045561333 [TCP segment of a reassembled PDU]"
"62592","37.479992869","192.168.1.55","192.168.1.2","TCP","1514","8004  >  36802 [ACK] Seq=472238 Ack=144 Win=65024 Len=1448 TSval=2916041560 TSecr=3045561333 [TCP segment of a reassembled PDU]"
"62593","37.479994276","192.168.1.55","192.168.1.2","TCP","1514","8004  >  36802 [PSH, ACK] Seq=473686 Ack=144 Win=65024 Len=1448 TSval=2916041560 TSecr=3045561333 [TCP segment of a reassembled PDU]"
"62594","37.479999202","192.168.1.2","192.168.1.55","TCP","66","36802  >  8004 [ACK] Seq=144 Ack=333230 Win=150528 Len=0 TSval=3045561333 TSecr=2916041552"
"62595","37.480058702","192.168.1.2","192.168.1.55","TCP","66","36802  >  8004 [ACK] Seq=144 Ack=340470 Win=179200 Len=0 TSval=3045561334 TSecr=2916041553"
"62596","37.480065795","192.168.1.2","192.168.1.55","TCP","66","36802  >  8004 [ACK] Seq=144 Ack=365086 Win=162816 Len=0 TSval=3045561335 TSecr=2916041553"
"62597","37.481188723","192.168.1.55","192.168.1.2","TCP","1514","8004  >  36802 [ACK] Seq=475134 Ack=144 Win=65024 Len=1448 TSval=2916041561 TSecr=3045561335 [TCP segment of a reassembled PDU]"
"62598","37.481190982","192.168.1.55","192.168.1.2","TCP","1514","8004  >  36802 [ACK] Seq=476582 Ack=144 Win=65024 Len=1448 TSval=2916041561 TSecr=3045561335 [TCP segment of a reassembled PDU]"
"62599","37.481192389","192.168.1.55","192.168.1.2","TCP","1514","8004  >  36802 [ACK] Seq=478030 Ack=144 Win=65024 Len=1448 TSval=2916041561 TSecr=3045561335 [TCP segment of a reassembled PDU]"
"62600","37.481193815","192.168.1.55","192.168.1.2","TCP","1514","8004  >  36802 [ACK] Seq=479478 Ack=144 Win=65024 Len=1448 TSval=2916041561 TSecr=3045561335 [TCP segment of a reassembled PDU]"
"62601","37.481195445","192.168.1.55","192.168.1.2","TCP","1514","8004  >  36802 [ACK] Seq=480926 Ack=144 Win=65024 Len=1448 TSval=2916041561 TSecr=3045561335 [TCP segment of a reassembled PDU]"
"62602","37.481196704","192.168.1.55","192.168.1.2","TCP","1514","8004  >  36802 [ACK] Seq=482374 Ack=144 Win=65024 Len=1448 TSval=2916041561 TSecr=3045561335 [TCP segment of a reassembled PDU]"
"62603","37.481198093","192.168.1.55","192.168.1.2","TCP","1514","8004  >  36802 [ACK] Seq=483822 Ack=144 Win=65024 Len=1448 TSval=2916041561 TSecr=3045561335 [TCP segment of a reassembled PDU]"
"62604","37.481199371","192.168.1.55","192.168.1.2","TCP","1514","8004  >  36802 [ACK] Seq=485270 Ack=144 Win=65024 Len=1448 TSval=2916041561 TSecr=3045561335 [TCP segment of a reassembled PDU]"
"62605","37.481200667","192.168.1.55","192.168.1.2","TCP","1514","8004  >  36802 [ACK] Seq=486718 Ack=144 Win=65024 Len=1448 TSval=2916041561 TSecr=3045561335 [TCP segment of a reassembled PDU]"
"62606","37.481202111","192.168.1.55","192.168.1.2","TCP","1514","8004  >  36802 [ACK] Seq=488166 Ack=144 Win=65024 Len=1448 TSval=2916041561 TSecr=3045561335 [TCP segment of a reassembled PDU]"
"62607","37.481203389","192.168.1.55","192.168.1.2","TCP","1514","8004  >  36802 [ACK] Seq=489614 Ack=144 Win=65024 Len=1448 TSval=2916041561 TSecr=3045561335 [TCP segment of a reassembled PDU]"
"62608","37.481204686","192.168.1.55","192.168.1.2","TCP","1514","8004  >  36802 [ACK] Seq=491062 Ack=144 Win=65024 Len=1448 TSval=2916041561 TSecr=3045561335 [TCP segment of a reassembled PDU]"
"62609","37.481206019","192.168.1.55","192.168.1.2","TCP","1514","8004  >  36802 [ACK] Seq=492510 Ack=144 Win=65024 Len=1448 TSval=2916041561 TSecr=3045561335 [TCP segment of a reassembled PDU]"
"62610","37.481207297","192.168.1.55","192.168.1.2","TCP","1514","8004  >  36802 [ACK] Seq=493958 Ack=144 Win=65024 Len=1448 TSval=2916041561 TSecr=3045561335 [TCP segment of a reassembled PDU]"
"62611","37.481208760","192.168.1.55","192.168.1.2","TCP","1514","8004  >  36802 [ACK] Seq=495406 Ack=144 Win=65024 Len=1448 TSval=2916041561 TSecr=3045561335 [TCP segment of a reassembled PDU]"
"62612","37.481210019","192.168.1.55","192.168.1.2","TCP","1514","8004  >  36802 [ACK] Seq=496854 Ack=144 Win=65024 Len=1448 TSval=2916041561 TSecr=3045561335 [TCP segment of a reassembled PDU]"
"62613","37.481211315","192.168.1.55","192.168.1.2","HTTP","222","HTTP/1.0 200 OK  (PNG)"
"62614","37.487535955","192.168.1.2","192.168.1.55","TCP","66","36802  >  8004 [ACK] Seq=144 Ack=372326 Win=177152 Len=0 TSval=3045561342 TSecr=2916041553"
"62615","37.488095197","192.168.1.2","192.168.1.55","TCP","66","36802  >  8004 [ACK] Seq=144 Ack=375222 Win=183296 Len=0 TSval=3045561343 TSecr=2916041553"
"62616","37.488226197","192.168.1.2","192.168.1.55","TCP","66","36802  >  8004 [ACK] Seq=144 Ack=385358 Win=174080 Len=0 TSval=3045561343 TSecr=2916041558"
"62617","37.488232975","192.168.1.2","192.168.1.55","TCP","66","36802  >  8004 [ACK] Seq=144 Ack=498302 Win=61440 Len=0 TSval=3045561344 TSecr=2916041559"
"62618","37.489570014","192.168.1.2","192.168.1.55","TCP","66","36802  >  8004 [FIN, ACK] Seq=144 Ack=498459 Win=183296 Len=0 TSval=3045561344 TSecr=2916041561"
"62619","37.489585255","192.168.1.55","192.168.1.2","TCP","66","8004  >  36802 [ACK] Seq=498459 Ack=145 Win=65024 Len=0 TSval=2916041570 TSecr=3045561344"
"62620","37.489630014","192.168.1.2","192.168.1.55","TCP","74","36818  >  8004 [SYN] Seq=0 Win=64240 Len=0 MSS=1460 SACK_PERM TSval=3045561344 TSecr=0 WS=1024"
"62621","37.489654403","192.168.1.55","192.168.1.2","TCP","74","8004  >  36818 [SYN, ACK] Seq=0 Ack=1 Win=65160 Len=0 MSS=1460 SACK_PERM TSval=2916041570 TSecr=3045561344 WS=128"
"62622","37.492871075","192.168.1.2","192.168.1.55","TCP","66","36818  >  8004 [ACK] Seq=1 Ack=1 Win=64512 Len=0 TSval=3045561347 TSecr=2916041570"
"62623","37.496094173","192.168.1.2","192.168.1.55","HTTP","206","GET /stego_benchmark.png HTTP/1.1 "
"62624","37.496105876","192.168.1.55","192.168.1.2","TCP","66","8004  >  36818 [ACK] Seq=1 Ack=141 Win=65024 Len=0 TSval=2916041576 TSecr=3045561347"
"62625","37.496617951","192.168.1.55","192.168.1.2","TCP","255","8004  >  36818 [PSH, ACK] Seq=1 Ack=141 Win=65024 Len=189 TSval=2916041577 TSecr=3045561347 [TCP segment of a reassembled PDU]"
"62626","37.496707192","192.168.1.55","192.168.1.2","TCP","1514","8004  >  36818 [ACK] Seq=190 Ack=141 Win=65024 Len=1448 TSval=2916041577 TSecr=3045561347 [TCP segment of a reassembled PDU]"
"62627","37.496711859","192.168.1.55","192.168.1.2","TCP","1514","8004  >  36818 [ACK] Seq=1638 Ack=141 Win=65024 Len=1448 TSval=2916041577 TSecr=3045561347 [TCP segment of a reassembled PDU]"
"62628","37.496713322","192.168.1.55","192.168.1.2","TCP","1514","8004  >  36818 [ACK] Seq=3086 Ack=141 Win=65024 Len=1448 TSval=2916041577 TSecr=3045561347 [TCP segment of a reassembled PDU]"
"62629","37.496714674","192.168.1.55","192.168.1.2","TCP","1514","8004  >  36818 [ACK] Seq=4534 Ack=141 Win=65024 Len=1448 TSval=2916041577 TSecr=3045561347 [TCP segment of a reassembled PDU]"
"62630","37.496716136","192.168.1.55","192.168.1.2","TCP","1514","8004  >  36818 [PSH, ACK] Seq=5982 Ack=141 Win=65024 Len=1448 TSval=2916041577 TSecr=3045561347 [TCP segment of a reassembled PDU]"
"62631","37.496734544","192.168.1.55","192.168.1.2","TCP","1514","8004  >  36818 [ACK] Seq=7430 Ack=141 Win=65024 Len=1448 TSval=2916041577 TSecr=3045561347 [TCP segment of a reassembled PDU]"
"62632","37.496736562","192.168.1.55","192.168.1.2","TCP","1514","8004  >  36818 [ACK] Seq=8878 Ack=141 Win=65024 Len=1448 TSval=2916041577 TSecr=3045561347 [TCP segment of a reassembled PDU]"
"62633","37.496738488","192.168.1.55","192.168.1.2","TCP","1514","8004  >  36818 [ACK] Seq=10326 Ack=141 Win=65024 Len=1448 TSval=2916041577 TSecr=3045561347 [TCP segment of a reassembled PDU]"
"62634","37.496739970","192.168.1.55","192.168.1.2","TCP","1514","8004  >  36818 [PSH, ACK] Seq=11774 Ack=141 Win=65024 Len=1448 TSval=2916041577 TSecr=3045561347 [TCP segment of a reassembled PDU]"
"62635","37.500173420","192.168.1.2","192.168.1.55","TCP","66","36818  >  8004 [ACK] Seq=141 Ack=190 Win=64512 Len=0 TSval=3045561354 TSecr=2916041577"
"62636","37.500211772","192.168.1.55","192.168.1.2","TCP","1514","8004  >  36818 [ACK] Seq=13222 Ack=141 Win=65024 Len=1448 TSval=2916041580 TSecr=3045561354 [TCP segment of a reassembled PDU]"
"62637","37.500215624","192.168.1.55","192.168.1.2","TCP","1514","8004  >  36818 [PSH, ACK] Seq=14670 Ack=141 Win=65024 Len=1448 TSval=2916041580 TSecr=3045561354 [TCP segment of a reassembled PDU]"
"62638","37.500379235","192.168.1.2","192.168.1.55","TCP","66","36818  >  8004 [ACK] Seq=141 Ack=5982 Win=76800 Len=0 TSval=3045561354 TSecr=2916041577"
"62639","37.500454031","192.168.1.55","192.168.1.2","TCP","1514","8004  >  36818 [ACK] Seq=16118 Ack=141 Win=65024 Len=1448 TSval=2916041581 TSecr=3045561354 [TCP segment of a reassembled PDU]"
"62640","37.500461957","192.168.1.55","192.168.1.2","TCP","1514","8004  >  36818 [ACK] Seq=17566 Ack=141 Win=65024 Len=1448 TSval=2916041581 TSecr=3045561354 [TCP segment of a reassembled PDU]"
"62641","37.500465883","192.168.1.55","192.168.1.2","TCP","1514","8004  >  36818 [ACK] Seq=19014 Ack=141 Win=65024 Len=1448 TSval=2916041581 TSecr=3045561354 [TCP segment of a reassembled PDU]"
"62642","37.500467717","192.168.1.55","192.168.1.2","TCP","1514","8004  >  36818 [ACK] Seq=20462 Ack=141 Win=65024 Len=1448 TSval=2916041581 TSecr=3045561354 [TCP segment of a reassembled PDU]"
"62643","37.500470643","192.168.1.55","192.168.1.2","TCP","1514","8004  >  36818 [ACK] Seq=21910 Ack=141 Win=65024 Len=1448 TSval=2916041581 TSecr=3045561354 [TCP segment of a reassembled PDU]"
"62644","37.500472957","192.168.1.55","192.168.1.2","TCP","1514","8004  >  36818 [ACK] Seq=23358 Ack=141 Win=65024 Len=1448 TSval=2916041581 TSecr=3045561354 [TCP segment of a reassembled PDU]"
"62645","37.500476494","192.168.1.55","192.168.1.2","TCP","1514","8004  >  36818 [PSH, ACK] Seq=24806 Ack=141 Win=65024 Len=1448 TSval=2916041581 TSecr=3045561354 [TCP segment of a reassembled PDU]"
"62646","37.500487087","192.168.1.2","192.168.1.55","TCP","66","36818  >  8004 [ACK] Seq=141 Ack=7430 Win=79872 Len=0 TSval=3045561355 TSecr=2916041577"
"62647","37.500508161","192.168.1.2","192.168.1.55","TCP","66","36818  >  8004 [ACK] Seq=141 Ack=13222 Win=80896 Len=0 TSval=3045561355 TSecr=2916041577"
"62648","37.500566902","192.168.1.55","192.168.1.2","TCP","1514","8004  >  36818 [ACK] Seq=26254 Ack=141 Win=65024 Len=1448 TSval=2916041581 TSecr=3045561355 [TCP segment of a reassembled PDU]"
"62649","37.500573643","192.168.1.55","192.168.1.2","TCP","1514","8004  >  36818 [ACK] Seq=27702 Ack=141 Win=65024 Len=1448 TSval=2916041581 TSecr=3045561355 [TCP segment of a reassembled PDU]"
"62650","37.500576161","192.168.1.55","192.168.1.2","TCP","1514","8004  >  36818 [ACK] Seq=29150 Ack=141 Win=65024 Len=1448 TSval=2916041581 TSecr=3045561355 [TCP segment of a reassembled PDU]"
"62651","37.500578587","192.168.1.55","192.168.1.2","TCP","1514","8004  >  36818 [ACK] Seq=30598 Ack=141 Win=65024 Len=1448 TSval=2916041581 TSecr=3045561355 [TCP segment of a reassembled PDU]"
"62652","37.500580661","192.168.1.55","192.168.1.2","TCP","1514","8004  >  36818 [ACK] Seq=32046 Ack=141 Win=65024 Len=1448 TSval=2916041581 TSecr=3045561355 [TCP segment of a reassembled PDU]"
"62653","37.500582865","192.168.1.55","192.168.1.2","TCP","1514","8004  >  36818 [ACK] Seq=33494 Ack=141 Win=65024 Len=1448 TSval=2916041581 TSecr=3045561355 [TCP segment of a reassembled PDU]"
"62654","37.500585124","192.168.1.55","192.168.1.2","TCP","1514","8004  >  36818 [ACK] Seq=34942 Ack=141 Win=65024 Len=1448 TSval=2916041581 TSecr=3045561355 [TCP segment of a reassembled PDU]"
"62655","37.500587902","192.168.1.55","192.168.1.2","TCP","1514","8004  >  36818 [ACK] Seq=36390 Ack=141 Win=65024 Len=1448 TSval=2916041581 TSecr=3045561355 [TCP segment of a reassembled PDU]"
"62656","37.500590809","192.168.1.55","192.168.1.2","TCP","1514","8004  >  36818 [ACK] Seq=37838 Ack=141 Win=65024 Len=1448 TSval=2916041581 TSecr=3045561355 [TCP segment of a reassembled PDU]"
"62657","37.500594161","192.168.1.55","192.168.1.2","TCP","1514","8004  >  36818 [PSH, ACK] Seq=39286 Ack=141 Win=65024 Len=1448 TSval=2916041581 TSecr=3045561355 [TCP segment of a reassembled PDU]"
"62658","37.501572311","192.168.1.55","192.168.1.2","TCP","1514","8004  >  36818 [ACK] Seq=40734 Ack=141 Win=65024 Len=1448 TSval=2916041582 TSecr=3045561355 [TCP segment of a reassembled PDU]"
"62659","37.506451782","192.168.1.2","192.168.1.55","TCP","66","36818  >  8004 [ACK] Seq=141 Ack=16118 Win=87040 Len=0 TSval=3045561359 TSecr=2916041580"
"62660","37.506502689","192.168.1.55","192.168.1.2","TCP","1514","8004  >  36818 [ACK] Seq=42182 Ack=141 Win=65024 Len=1448 TSval=2916041587 TSecr=3045561359 [TCP segment of a reassembled PDU]"
"62661","37.506507578","192.168.1.55","192.168.1.2","TCP","1514","8004  >  36818 [PSH, ACK] Seq=43630 Ack=141 Win=65024 Len=1448 TSval=2916041587 TSecr=3045561359 [TCP segment of a reassembled PDU]"
"62662","37.506576856","192.168.1.2","192.168.1.55","TCP","66","36818  >  8004 [ACK] Seq=141 Ack=26254 Win=86016 Len=0 TSval=3045561359 TSecr=2916041581"
"62663","37.506611541","192.168.1.55","192.168.1.2","TCP","1514","8004  >  36818 [ACK] Seq=45078 Ack=141 Win=65024 Len=1448 TSval=2916041587 TSecr=3045561359 [TCP segment of a reassembled PDU]"
"62664","37.506613838","192.168.1.55","192.168.1.2","TCP","1514","8004  >  36818 [ACK] Seq=46526 Ack=141 Win=65024 Len=1448 TSval=2916041587 TSecr=3045561359 [TCP segment of a reassembled PDU]"
"62665","37.506615171","192.168.1.55","192.168.1.2","TCP","1514","8004  >  36818 [ACK] Seq=47974 Ack=141 Win=65024 Len=1448 TSval=2916041587 TSecr=3045561359 [TCP segment of a reassembled PDU]"
"62666","37.506617523","192.168.1.55","192.168.1.2","TCP","1514","8004  >  36818 [ACK] Seq=49422 Ack=141 Win=65024 Len=1448 TSval=2916041587 TSecr=3045561359 [TCP segment of a reassembled PDU]"
"62667","37.506619023","192.168.1.55","192.168.1.2","TCP","1514","8004  >  36818 [ACK] Seq=50870 Ack=141 Win=65024 Len=1448 TSval=2916041587 TSecr=3045561359 [TCP segment of a reassembled PDU]"
"62668","37.506620412","192.168.1.55","192.168.1.2","TCP","1514","8004  >  36818 [ACK] Seq=52318 Ack=141 Win=65024 Len=1448 TSval=2916041587 TSecr=3045561359 [TCP segment of a reassembled PDU]"
"62669","37.506621708","192.168.1.55","192.168.1.2","TCP","1514","8004  >  36818 [ACK] Seq=53766 Ack=141 Win=65024 Len=1448 TSval=2916041587 TSecr=3045561359 [TCP segment of a reassembled PDU]"
"62670","37.506622856","192.168.1.55","192.168.1.2","TCP","1514","8004  >  36818 [ACK] Seq=55214 Ack=141 Win=65024 Len=1448 TSval=2916041587 TSecr=3045561359 [TCP segment of a reassembled PDU]"
"62671","37.506624097","192.168.1.55","192.168.1.2","TCP","1514","8004  >  36818 [ACK] Seq=56662 Ack=141 Win=65024 Len=1448 TSval=2916041587 TSecr=3045561359 [TCP segment of a reassembled PDU]"
"62672","37.506625338","192.168.1.55","192.168.1.2","TCP","1514","8004  >  36818 [ACK] Seq=58110 Ack=141 Win=65024 Len=1448 TSval=2916041587 TSecr=3045561359 [TCP segment of a reassembled PDU]"
"62673","37.506626671","192.168.1.55","192.168.1.2","TCP","1514","8004  >  36818 [ACK] Seq=59558 Ack=141 Win=65024 Len=1448 TSval=2916041587 TSecr=3045561359 [TCP segment of a reassembled PDU]"
"62674","37.506629227","192.168.1.55","192.168.1.2","TCP","1514","8004  >  36818 [ACK] Seq=61006 Ack=141 Win=65024 Len=1448 TSval=2916041587 TSecr=3045561359 [TCP segment of a reassembled PDU]"
"62675","37.506630801","192.168.1.55","192.168.1.2","TCP","1514","8004  >  36818 [ACK] Seq=62454 Ack=141 Win=65024 Len=1448 TSval=2916041587 TSecr=3045561359 [TCP segment of a reassembled PDU]"
"62676","37.506632245","192.168.1.55","192.168.1.2","TCP","1514","8004  >  36818 [PSH, ACK] Seq=63902 Ack=141 Win=65024 Len=1448 TSval=2916041587 TSecr=3045561359 [TCP segment of a reassembled PDU]"
"62677","37.506636245","192.168.1.2","192.168.1.55","TCP","66","36818  >  8004 [ACK] Seq=141 Ack=36390 Win=76800 Len=0 TSval=3045561359 TSecr=2916041581"
"62678","37.506681116","192.168.1.55","192.168.1.2","TCP","1514","8004  >  36818 [ACK] Seq=65350 Ack=141 Win=65024 Len=1448 TSval=2916041587 TSecr=3045561359 [TCP segment of a reassembled PDU]"
"62679","37.506683190","192.168.1.55","192.168.1.2","TCP","1514","8004  >  36818 [ACK] Seq=66798 Ack=141 Win=65024 Len=1448 TSval=2916041587 TSecr=3045561359 [TCP segment of a reassembled PDU]"
"62680","37.506685764","192.168.1.55","192.168.1.2","TCP","1514","8004  >  36818 [ACK] Seq=68246 Ack=141 Win=65024 Len=1448 TSval=2916041587 TSecr=3045561359 [TCP segment of a reassembled PDU]"
"62681","37.506687393","192.168.1.55","192.168.1.2","TCP","1514","8004  >  36818 [ACK] Seq=69694 Ack=141 Win=65024 Len=1448 TSval=2916041587 TSecr=3045561359 [TCP segment of a reassembled PDU]"
"62682","37.506688541","192.168.1.55","192.168.1.2","TCP","1514","8004  >  36818 [ACK] Seq=71142 Ack=141 Win=65024 Len=1448 TSval=2916041587 TSecr=3045561359 [TCP segment of a reassembled PDU]"
"62683","37.506689912","192.168.1.55","192.168.1.2","TCP","1514","8004  >  36818 [ACK] Seq=72590 Ack=141 Win=65024 Len=1448 TSval=2916041587 TSecr=3045561359 [TCP segment of a reassembled PDU]"
"62684","37.506691060","192.168.1.55","192.168.1.2","TCP","1514","8004  >  36818 [ACK] Seq=74038 Ack=141 Win=65024 Len=1448 TSval=2916041587 TSecr=3045561359 [TCP segment of a reassembled PDU]"
"62685","37.506692301","192.168.1.55","192.168.1.2","TCP","1514","8004  >  36818 [PSH, ACK] Seq=75486 Ack=141 Win=65024 Len=1448 TSval=2916041587 TSecr=3045561359 [TCP segment of a reassembled PDU]"
"62686","37.506699560","192.168.1.2","192.168.1.55","TCP","66","36818  >  8004 [ACK] Seq=141 Ack=39286 Win=74752 Len=0 TSval=3045561360 TSecr=2916041581"
"62687","37.506757430","192.168.1.2","192.168.1.55","TCP","66","36818  >  8004 [ACK] Seq=141 Ack=40734 Win=90112 Len=0 TSval=3045561361 TSecr=2916041581"
"62688","37.506765949","192.168.1.2","192.168.1.55","TCP","66","36818  >  8004 [ACK] Seq=141 Ack=42182 Win=92160 Len=0 TSval=3045561361 TSecr=2916041582"
"62689","37.507715876","192.168.1.55","192.168.1.2","TCP","1514","8004  >  36818 [ACK] Seq=76934 Ack=141 Win=65024 Len=1448 TSval=2916041588 TSecr=3045561361 [TCP segment of a reassembled PDU]"
"62690","37.507721062","192.168.1.55","192.168.1.2","TCP","1514","8004  >  36818 [ACK] Seq=78382 Ack=141 Win=65024 Len=1448 TSval=2916041588 TSecr=3045561361 [TCP segment of a reassembled PDU]"
"62691","37.507722802","192.168.1.55","192.168.1.2","TCP","1514","8004  >  36818 [ACK] Seq=79830 Ack=141 Win=65024 Len=1448 TSval=2916041588 TSecr=3045561361 [TCP segment of a reassembled PDU]"
"62692","37.507723988","192.168.1.55","192.168.1.2","TCP","1514","8004  >  36818 [ACK] Seq=81278 Ack=141 Win=65024 Len=1448 TSval=2916041588 TSecr=3045561361 [TCP segment of a reassembled PDU]"
"62693","37.507725673","192.168.1.55","192.168.1.2","TCP","1514","8004  >  36818 [ACK] Seq=82726 Ack=141 Win=65024 Len=1448 TSval=2916041588 TSecr=3045561361 [TCP segment of a reassembled PDU]"
"62694","37.507727173","192.168.1.55","192.168.1.2","TCP","1514","8004  >  36818 [ACK] Seq=84174 Ack=141 Win=65024 Len=1448 TSval=2916041588 TSecr=3045561361 [TCP segment of a reassembled PDU]"
"62695","37.507729580","192.168.1.55","192.168.1.2","TCP","1514","8004  >  36818 [ACK] Seq=85622 Ack=141 Win=65024 Len=1448 TSval=2916041588 TSecr=3045561361 [TCP segment of a reassembled PDU]"
"62696","37.507731617","192.168.1.55","192.168.1.2","TCP","1514","8004  >  36818 [ACK] Seq=87070 Ack=141 Win=65024 Len=1448 TSval=2916041588 TSecr=3045561361 [TCP segment of a reassembled PDU]"
"62697","37.507733228","192.168.1.55","192.168.1.2","TCP","1514","8004  >  36818 [ACK] Seq=88518 Ack=141 Win=65024 Len=1448 TSval=2916041588 TSecr=3045561361 [TCP segment of a reassembled PDU]"
"62698","37.507734710","192.168.1.55","192.168.1.2","TCP","1514","8004  >  36818 [ACK] Seq=89966 Ack=141 Win=65024 Len=1448 TSval=2916041588 TSecr=3045561361 [TCP segment of a reassembled PDU]"
"62699","37.507736080","192.168.1.55","192.168.1.2","TCP","1514","8004  >  36818 [ACK] Seq=91414 Ack=141 Win=65024 Len=1448 TSval=2916041588 TSecr=3045561361 [TCP segment of a reassembled PDU]"
"62700","37.507737543","192.168.1.55","192.168.1.2","TCP","1514","8004  >  36818 [ACK] Seq=92862 Ack=141 Win=65024 Len=1448 TSval=2916041588 TSecr=3045561361 [TCP segment of a reassembled PDU]"
"62701","37.507739025","192.168.1.55","192.168.1.2","TCP","1514","8004  >  36818 [ACK] Seq=94310 Ack=141 Win=65024 Len=1448 TSval=2916041588 TSecr=3045561361 [TCP segment of a reassembled PDU]"
"62702","37.507740617","192.168.1.55","192.168.1.2","TCP","1514","8004  >  36818 [PSH, ACK] Seq=95758 Ack=141 Win=65024 Len=1448 TSval=2916041588 TSecr=3045561361 [TCP segment of a reassembled PDU]"
"62703","37.507748302","192.168.1.55","192.168.1.2","TCP","1514","8004  >  36818 [ACK] Seq=97206 Ack=141 Win=65024 Len=1448 TSval=2916041588 TSecr=3045561361 [TCP segment of a reassembled PDU]"
"62704","37.507749599","192.168.1.55","192.168.1.2","TCP","1514","8004  >  36818 [PSH, ACK] Seq=98654 Ack=141 Win=65024 Len=1448 TSval=2916041588 TSecr=3045561361 [TCP segment of a reassembled PDU]"
"62705","37.512672977","192.168.1.2","192.168.1.55","TCP","66","36818  >  8004 [ACK] Seq=141 Ack=45078 Win=91136 Len=0 TSval=3045561367 TSecr=2916041587"
"62706","37.512689107","192.168.1.55","192.168.1.2","TCP","1514","8004  >  36818 [ACK] Seq=100102 Ack=141 Win=65024 Len=1448 TSval=2916041593 TSecr=3045561367 [TCP segment of a reassembled PDU]"
"62707","37.512691570","192.168.1.55","192.168.1.2","TCP","1514","8004  >  36818 [ACK] Seq=101550 Ack=141 Win=65024 Len=1448 TSval=2916041593 TSecr=3045561367 [TCP segment of a reassembled PDU]"
"62708","37.512692792","192.168.1.55","192.168.1.2","TCP","1514","8004  >  36818 [ACK] Seq=102998 Ack=141 Win=65024 Len=1448 TSval=2916041593 TSecr=3045561367 [TCP segment of a reassembled PDU]"
"62709","37.512694051","192.168.1.55","192.168.1.2","TCP","1514","8004  >  36818 [PSH, ACK] Seq=104446 Ack=141 Win=65024 Len=1448 TSval=2916041593 TSecr=3045561367 [TCP segment of a reassembled PDU]"
"62710","37.512961292","192.168.1.2","192.168.1.55","TCP","66","36818  >  8004 [ACK] Seq=141 Ack=65350 Win=75776 Len=0 TSval=3045561367 TSecr=2916041587"
"62711","37.512975441","192.168.1.55","192.168.1.2","TCP","1514","8004  >  36818 [ACK] Seq=105894 Ack=141 Win=65024 Len=1448 TSval=2916041593 TSecr=3045561367 [TCP segment of a reassembled PDU]"
"62712","37.512977533","192.168.1.55","192.168.1.2","TCP","1514","8004  >  36818 [ACK] Seq=107342 Ack=141 Win=65024 Len=1448 TSval=2916041593 TSecr=3045561367 [TCP segment of a reassembled PDU]"
"62713","37.512978811","192.168.1.55","192.168.1.2","TCP","1514","8004  >  36818 [ACK] Seq=108790 Ack=141 Win=65024 Len=1448 TSval=2916041593 TSecr=3045561367 [TCP segment of a reassembled PDU]"
"62714","37.512979996","192.168.1.55","192.168.1.2","TCP","1514","8004  >  36818 [ACK] Seq=110238 Ack=141 Win=65024 Len=1448 TSval=2916041593 TSecr=3045561367 [TCP segment of a reassembled PDU]"
"62715","37.512981311","192.168.1.55","192.168.1.2","TCP","1514","8004  >  36818 [ACK] Seq=111686 Ack=141 Win=65024 Len=1448 TSval=2916041593 TSecr=3045561367 [TCP segment of a reassembled PDU]"
"62716","37.512982570","192.168.1.55","192.168.1.2","TCP","1514","8004  >  36818 [ACK] Seq=113134 Ack=141 Win=65024 Len=1448 TSval=2916041593 TSecr=3045561367 [TCP segment of a reassembled PDU]"
"62717","37.512983737","192.168.1.55","192.168.1.2","TCP","1514","8004  >  36818 [PSH, ACK] Seq=114582 Ack=141 Win=65024 Len=1448 TSval=2916041593 TSecr=3045561367 [TCP segment of a reassembled PDU]"
"62718","37.512989107","192.168.1.2","192.168.1.55","TCP","66","36818  >  8004 [ACK] Seq=141 Ack=76934 Win=64512 Len=0 TSval=3045561367 TSecr=2916041587"
"62719","37.513018867","192.168.1.55","192.168.1.2","TCP","1514","8004  >  36818 [ACK] Seq=116030 Ack=141 Win=65024 Len=1448 TSval=2916041593 TSecr=3045561367 [TCP segment of a reassembled PDU]"
"62720","37.513020663","192.168.1.55","192.168.1.2","TCP","1514","8004  >  36818 [ACK] Seq=117478 Ack=141 Win=65024 Len=1448 TSval=2916041593 TSecr=3045561367 [TCP segment of a reassembled PDU]"
"62721","37.513021978","192.168.1.55","192.168.1.2","TCP","1514","8004  >  36818 [ACK] Seq=118926 Ack=141 Win=65024 Len=1448 TSval=2916041593 TSecr=3045561367 [TCP segment of a reassembled PDU]"
"62722","37.513023200","192.168.1.55","192.168.1.2","TCP","1514","8004  >  36818 [ACK] Seq=120374 Ack=141 Win=65024 Len=1448 TSval=2916041593 TSecr=3045561367 [TCP segment of a reassembled PDU]"
"62723","37.513024367","192.168.1.55","192.168.1.2","TCP","1514","8004  >  36818 [ACK] Seq=121822 Ack=141 Win=65024 Len=1448 TSval=2916041593 TSecr=3045561367 [TCP segment of a reassembled PDU]"
"62724","37.513025774","192.168.1.55","192.168.1.2","TCP","1514","8004  >  36818 [ACK] Seq=123270 Ack=141 Win=65024 Len=1448 TSval=2916041593 TSecr=3045561367 [TCP segment of a reassembled PDU]"
"62725","37.513026922","192.168.1.55","192.168.1.2","TCP","1514","8004  >  36818 [ACK] Seq=124718 Ack=141 Win=65024 Len=1448 TSval=2916041593 TSecr=3045561367 [TCP segment of a reassembled PDU]"
"62726","37.513028274","192.168.1.55","192.168.1.2","TCP","1514","8004  >  36818 [ACK] Seq=126166 Ack=141 Win=65024 Len=1448 TSval=2916041593 TSecr=3045561367 [TCP segment of a reassembled PDU]"
"62727","37.513029459","192.168.1.55","192.168.1.2","TCP","1514","8004  >  36818 [ACK] Seq=127614 Ack=141 Win=65024 Len=1448 TSval=2916041593 TSecr=3045561367 [TCP segment of a reassembled PDU]"
"62728","37.513030663","192.168.1.55","192.168.1.2","TCP","1514","8004  >  36818 [ACK] Seq=129062 Ack=141 Win=65024 Len=1448 TSval=2916041593 TSecr=3045561367 [TCP segment of a reassembled PDU]"
"62729","37.513031922","192.168.1.55","192.168.1.2","TCP","1514","8004  >  36818 [ACK] Seq=130510 Ack=141 Win=65024 Len=1448 TSval=2916041593 TSecr=3045561367 [TCP segment of a reassembled PDU]"
"62730","37.513033052","192.168.1.55","192.168.1.2","TCP","1514","8004  >  36818 [ACK] Seq=131958 Ack=141 Win=65024 Len=1448 TSval=2916041593 TSecr=3045561367 [TCP segment of a reassembled PDU]"
"62731","37.513034589","192.168.1.55","192.168.1.2","TCP","1514","8004  >  36818 [ACK] Seq=133406 Ack=141 Win=65024 Len=1448 TSval=2916041593 TSecr=3045561367 [TCP segment of a reassembled PDU]"
"62732","37.513035848","192.168.1.55","192.168.1.2","TCP","1514","8004  >  36818 [ACK] Seq=134854 Ack=141 Win=65024 Len=1448 TSval=2916041593 TSecr=3045561367 [TCP segment of a reassembled PDU]"
"62733","37.513037033","192.168.1.55","192.168.1.2","TCP","1514","8004  >  36818 [ACK] Seq=136302 Ack=141 Win=65024 Len=1448 TSval=2916041593 TSecr=3045561367 [TCP segment of a reassembled PDU]"
"62734","37.513038255","192.168.1.55","192.168.1.2","TCP","1514","8004  >  36818 [ACK] Seq=137750 Ack=141 Win=65024 Len=1448 TSval=2916041593 TSecr=3045561367 [TCP segment of a reassembled PDU]"
"62735","37.513039422","192.168.1.55","192.168.1.2","TCP","1514","8004  >  36818 [ACK] Seq=139198 Ack=141 Win=65024 Len=1448 TSval=2916041593 TSecr=3045561367 [TCP segment of a reassembled PDU]"
"62736","37.513040607","192.168.1.55","192.168.1.2","TCP","866","[TCP Window Full] 8004  >  36818 [PSH, ACK] Seq=140646 Ack=141 Win=65024 Len=800 TSval=2916041593 TSecr=3045561367 [TCP segment of a reassembled PDU]"
"62737","37.513044570","192.168.1.2","192.168.1.55","TCP","66","36818  >  8004 [ACK] Seq=141 Ack=97206 Win=64512 Len=0 TSval=3045561367 TSecr=2916041588"
"62738","37.513049089","192.168.1.2","192.168.1.55","TCP","66","36818  >  8004 [ACK] Seq=141 Ack=100102 Win=71680 Len=0 TSval=3045561367 TSecr=2916041588"
"62739","37.513081774","192.168.1.55","192.168.1.2","TCP","1514","8004  >  36818 [ACK] Seq=141446 Ack=141 Win=65024 Len=1448 TSval=2916041593 TSecr=3045561367 [TCP segment of a reassembled PDU]"
"62740","37.513085848","192.168.1.55","192.168.1.2","TCP","1514","8004  >  36818 [ACK] Seq=142894 Ack=141 Win=65024 Len=1448 TSval=2916041593 TSecr=3045561367 [TCP segment of a reassembled PDU]"
"62741","37.513087163","192.168.1.55","192.168.1.2","TCP","1514","8004  >  36818 [ACK] Seq=144342 Ack=141 Win=65024 Len=1448 TSval=2916041593 TSecr=3045561367 [TCP segment of a reassembled PDU]"
"62742","37.513088570","192.168.1.55","192.168.1.2","TCP","1514","8004  >  36818 [ACK] Seq=145790 Ack=141 Win=65024 Len=1448 TSval=2916041593 TSecr=3045561367 [TCP segment of a reassembled PDU]"
"62743","37.513090385","192.168.1.55","192.168.1.2","TCP","1514","8004  >  36818 [ACK] Seq=147238 Ack=141 Win=65024 Len=1448 TSval=2916041593 TSecr=3045561367 [TCP segment of a reassembled PDU]"
"62744","37.513091737","192.168.1.55","192.168.1.2","TCP","1514","8004  >  36818 [ACK] Seq=148686 Ack=141 Win=65024 Len=1448 TSval=2916041593 TSecr=3045561367 [TCP segment of a reassembled PDU]"
"62745","37.513094218","192.168.1.55","192.168.1.2","TCP","1514","8004  >  36818 [ACK] Seq=150134 Ack=141 Win=65024 Len=1448 TSval=2916041593 TSecr=3045561367 [TCP segment of a reassembled PDU]"
"62746","37.513095367","192.168.1.55","192.168.1.2","TCP","1514","8004  >  36818 [ACK] Seq=151582 Ack=141 Win=65024 Len=1448 TSval=2916041593 TSecr=3045561367 [TCP segment of a reassembled PDU]"
"62747","37.513096626","192.168.1.55","192.168.1.2","TCP","1514","8004  >  36818 [PSH, ACK] Seq=153030 Ack=141 Win=65024 Len=1448 TSval=2916041593 TSecr=3045561367 [TCP segment of a reassembled PDU]"
"62748","37.513102478","192.168.1.55","192.168.1.2","TCP","714","8004  >  36818 [ACK] Seq=154478 Ack=141 Win=65024 Len=648 TSval=2916041593 TSecr=3045561367 [TCP segment of a reassembled PDU]"
"62749","37.513119978","192.168.1.55","192.168.1.2","TCP","1514","8004  >  36818 [ACK] Seq=155126 Ack=141 Win=65024 Len=1448 TSval=2916041593 TSecr=3045561367 [TCP segment of a reassembled PDU]"
"62750","37.513126404","192.168.1.55","192.168.1.2","TCP","1514","8004  >  36818 [ACK] Seq=156574 Ack=141 Win=65024 Len=1448 TSval=2916041593 TSecr=3045561367 [TCP segment of a reassembled PDU]"
"62751","37.513127922","192.168.1.55","192.168.1.2","TCP","1514","8004  >  36818 [ACK] Seq=158022 Ack=141 Win=65024 Len=1448 TSval=2916041593 TSecr=3045561367 [TCP segment of a reassembled PDU]"
"62752","37.513129478","192.168.1.55","192.168.1.2","TCP","1514","8004  >  36818 [ACK] Seq=159470 Ack=141 Win=65024 Len=1448 TSval=2916041593 TSecr=3045561367 [TCP segment of a reassembled PDU]"
"62753","37.513130644","192.168.1.55","192.168.1.2","TCP","1514","8004  >  36818 [ACK] Seq=160918 Ack=141 Win=65024 Len=1448 TSval=2916041593 TSecr=3045561367 [TCP segment of a reassembled PDU]"
"62754","37.513132052","192.168.1.55","192.168.1.2","TCP","1514","8004  >  36818 [ACK] Seq=162366 Ack=141 Win=65024 Len=1448 TSval=2916041593 TSecr=3045561367 [TCP segment of a reassembled PDU]"
"62755","37.513133330","192.168.1.55","192.168.1.2","TCP","1514","8004  >  36818 [ACK] Seq=163814 Ack=141 Win=65024 Len=1448 TSval=2916041593 TSecr=3045561367 [TCP segment of a reassembled PDU]"
"62756","37.513134496","192.168.1.55","192.168.1.2","TCP","1514","8004  >  36818 [ACK] Seq=165262 Ack=141 Win=65024 Len=1448 TSval=2916041593 TSecr=3045561367 [TCP segment of a reassembled PDU]"
"62757","37.513135774","192.168.1.55","192.168.1.2","TCP","1514","8004  >  36818 [ACK] Seq=166710 Ack=141 Win=65024 Len=1448 TSval=2916041593 TSecr=3045561367 [TCP segment of a reassembled PDU]"
"62758","37.513137070","192.168.1.55","192.168.1.2","TCP","1514","8004  >  36818 [ACK] Seq=168158 Ack=141 Win=65024 Len=1448 TSval=2916041593 TSecr=3045561367 [TCP segment of a reassembled PDU]"
"62759","37.513138256","192.168.1.55","192.168.1.2","TCP","1514","8004  >  36818 [PSH, ACK] Seq=169606 Ack=141 Win=65024 Len=1448 TSval=2916041593 TSecr=3045561367 [TCP segment of a reassembled PDU]"
"62760","37.519227802","192.168.1.2","192.168.1.55","TCP","66","36818  >  8004 [ACK] Seq=141 Ack=105894 Win=88064 Len=0 TSval=3045561373 TSecr=2916041593"
"62761","37.519282432","192.168.1.55","192.168.1.2","TCP","1514","8004  >  36818 [ACK] Seq=171054 Ack=141 Win=65024 Len=1448 TSval=2916041599 TSecr=3045561373 [TCP segment of a reassembled PDU]"
"62762","37.519287821","192.168.1.55","192.168.1.2","TCP","1514","8004  >  36818 [ACK] Seq=172502 Ack=141 Win=65024 Len=1448 TSval=2916041599 TSecr=3045561373 [TCP segment of a reassembled PDU]"
"62763","37.519289136","192.168.1.55","192.168.1.2","TCP","1514","8004  >  36818 [ACK] Seq=173950 Ack=141 Win=65024 Len=1448 TSval=2916041599 TSecr=3045561373 [TCP segment of a reassembled PDU]"
"62764","37.519290414","192.168.1.55","192.168.1.2","TCP","1514","8004  >  36818 [ACK] Seq=175398 Ack=141 Win=65024 Len=1448 TSval=2916041599 TSecr=3045561373 [TCP segment of a reassembled PDU]"
"62765","37.519295766","192.168.1.55","192.168.1.2","TCP","1514","8004  >  36818 [ACK] Seq=176846 Ack=141 Win=65024 Len=1448 TSval=2916041599 TSecr=3045561373 [TCP segment of a reassembled PDU]"
"62766","37.519297469","192.168.1.55","192.168.1.2","TCP","1514","8004  >  36818 [ACK] Seq=178294 Ack=141 Win=65024 Len=1448 TSval=2916041599 TSecr=3045561373 [TCP segment of a reassembled PDU]"
"62767","37.519298691","192.168.1.55","192.168.1.2","TCP","1514","8004  >  36818 [ACK] Seq=179742 Ack=141 Win=65024 Len=1448 TSval=2916041599 TSecr=3045561373 [TCP segment of a reassembled PDU]"
"62768","37.519299969","192.168.1.55","192.168.1.2","TCP","1514","8004  >  36818 [ACK] Seq=181190 Ack=141 Win=65024 Len=1448 TSval=2916041599 TSecr=3045561373 [TCP segment of a reassembled PDU]"
"62769","37.519301710","192.168.1.55","192.168.1.2","TCP","1514","8004  >  36818 [ACK] Seq=182638 Ack=141 Win=65024 Len=1448 TSval=2916041599 TSecr=3045561373 [TCP segment of a reassembled PDU]"
"62770","37.519303062","192.168.1.55","192.168.1.2","TCP","1514","8004  >  36818 [ACK] Seq=184086 Ack=141 Win=65024 Len=1448 TSval=2916041599 TSecr=3045561373 [TCP segment of a reassembled PDU]"
"62771","37.519304284","192.168.1.55","192.168.1.2","TCP","1514","8004  >  36818 [ACK] Seq=185534 Ack=141 Win=65024 Len=1448 TSval=2916041599 TSecr=3045561373 [TCP segment of a reassembled PDU]"
"62772","37.519305488","192.168.1.55","192.168.1.2","TCP","1514","8004  >  36818 [ACK] Seq=186982 Ack=141 Win=65024 Len=1448 TSval=2916041599 TSecr=3045561373 [TCP segment of a reassembled PDU]"
"62773","37.519306766","192.168.1.55","192.168.1.2","TCP","1514","8004  >  36818 [ACK] Seq=188430 Ack=141 Win=65024 Len=1448 TSval=2916041599 TSecr=3045561373 [TCP segment of a reassembled PDU]"
"62774","37.519308025","192.168.1.55","192.168.1.2","TCP","1514","8004  >  36818 [ACK] Seq=189878 Ack=141 Win=65024 Len=1448 TSval=2916041599 TSecr=3045561373 [TCP segment of a reassembled PDU]"
"62775","37.519309284","192.168.1.55","192.168.1.2","TCP","1514","8004  >  36818 [PSH, ACK] Seq=191326 Ack=141 Win=65024 Len=1448 TSval=2916041599 TSecr=3045561373 [TCP segment of a reassembled PDU]"
"62776","37.519371636","192.168.1.2","192.168.1.55","TCP","66","36818  >  8004 [ACK] Seq=141 Ack=116030 Win=102400 Len=0 TSval=3045561373 TSecr=2916041593"
"62777","37.519391562","192.168.1.55","192.168.1.2","TCP","1514","8004  >  36818 [ACK] Seq=192774 Ack=141 Win=65024 Len=1448 TSval=2916041600 TSecr=3045561373 [TCP segment of a reassembled PDU]"
"62778","37.519393451","192.168.1.55","192.168.1.2","TCP","1514","8004  >  36818 [ACK] Seq=194222 Ack=141 Win=65024 Len=1448 TSval=2916041600 TSecr=3045561373 [TCP segment of a reassembled PDU]"
"62779","37.519394710","192.168.1.55","192.168.1.2","TCP","1514","8004  >  36818 [ACK] Seq=195670 Ack=141 Win=65024 Len=1448 TSval=2916041600 TSecr=3045561373 [TCP segment of a reassembled PDU]"
"62780","37.519395895","192.168.1.55","192.168.1.2","TCP","1514","8004  >  36818 [ACK] Seq=197118 Ack=141 Win=65024 Len=1448 TSval=2916041600 TSecr=3045561373 [TCP segment of a reassembled PDU]"
"62781","37.519397062","192.168.1.55","192.168.1.2","TCP","1514","8004  >  36818 [PSH, ACK] Seq=198566 Ack=141 Win=65024 Len=1448 TSval=2916041600 TSecr=3045561373 [TCP segment of a reassembled PDU]"
"62782","37.519401562","192.168.1.2","192.168.1.55","TCP","66","36818  >  8004 [ACK] Seq=141 Ack=141446 Win=87040 Len=0 TSval=3045561373 TSecr=2916041593"
"62783","37.519410525","192.168.1.2","192.168.1.55","TCP","66","36818  >  8004 [ACK] Seq=141 Ack=154478 Win=84992 Len=0 TSval=3045561373 TSecr=2916041593"
"62784","37.519451173","192.168.1.55","192.168.1.2","TCP","1514","8004  >  36818 [ACK] Seq=200014 Ack=141 Win=65024 Len=1448 TSval=2916041600 TSecr=3045561373 [TCP segment of a reassembled PDU]"
"62785","37.519453340","192.168.1.55","192.168.1.2","TCP","1514","8004  >  36818 [ACK] Seq=201462 Ack=141 Win=65024 Len=1448 TSval=2916041600 TSecr=3045561373 [TCP segment of a reassembled PDU]"
"62786","37.519454599","192.168.1.55","192.168.1.2","TCP","1514","8004  >  36818 [ACK] Seq=202910 Ack=141 Win=65024 Len=1448 TSval=2916041600 TSecr=3045561373 [TCP segment of a reassembled PDU]"
"62787","37.519455784","192.168.1.55","192.168.1.2","TCP","1514","8004  >  36818 [ACK] Seq=204358 Ack=141 Win=65024 Len=1448 TSval=2916041600 TSecr=3045561373 [TCP segment of a reassembled PDU]"
"62788","37.519456970","192.168.1.55","192.168.1.2","TCP","1514","8004  >  36818 [ACK] Seq=205806 Ack=141 Win=65024 Len=1448 TSval=2916041600 TSecr=3045561373 [TCP segment of a reassembled PDU]"
"62789","37.519458432","192.168.1.55","192.168.1.2","TCP","1514","8004  >  36818 [ACK] Seq=207254 Ack=141 Win=65024 Len=1448 TSval=2916041600 TSecr=3045561373 [TCP segment of a reassembled PDU]"
"62790","37.519459729","192.168.1.55","192.168.1.2","TCP","1514","8004  >  36818 [ACK] Seq=208702 Ack=141 Win=65024 Len=1448 TSval=2916041600 TSecr=3045561373 [TCP segment of a reassembled PDU]"
"62791","37.519460988","192.168.1.55","192.168.1.2","TCP","1514","8004  >  36818 [ACK] Seq=210150 Ack=141 Win=65024 Len=1448 TSval=2916041600 TSecr=3045561373 [TCP segment of a reassembled PDU]"
"62792","37.519462284","192.168.1.55","192.168.1.2","TCP","1514","8004  >  36818 [ACK] Seq=211598 Ack=141 Win=65024 Len=1448 TSval=2916041600 TSecr=3045561373 [TCP segment of a reassembled PDU]"
"62793","37.519463636","192.168.1.55","192.168.1.2","TCP","1514","8004  >  36818 [ACK] Seq=213046 Ack=141 Win=65024 Len=1448 TSval=2916041600 TSecr=3045561373 [TCP segment of a reassembled PDU]"
"62794","37.519464988","192.168.1.55","192.168.1.2","TCP","1514","8004  >  36818 [ACK] Seq=214494 Ack=141 Win=65024 Len=1448 TSval=2916041600 TSecr=3045561373 [TCP segment of a reassembled PDU]"
"62795","37.519466340","192.168.1.55","192.168.1.2","TCP","1514","8004  >  36818 [ACK] Seq=215942 Ack=141 Win=65024 Len=1448 TSval=2916041600 TSecr=3045561373 [TCP segment of a reassembled PDU]"
"62796","37.519467673","192.168.1.55","192.168.1.2","TCP","1514","8004  >  36818 [ACK] Seq=217390 Ack=141 Win=65024 Len=1448 TSval=2916041600 TSecr=3045561373 [TCP segment of a reassembled PDU]"
"62797","37.519468932","192.168.1.55","192.168.1.2","TCP","1514","8004  >  36818 [ACK] Seq=218838 Ack=141 Win=65024 Len=1448 TSval=2916041600 TSecr=3045561373 [TCP segment of a reassembled PDU]"
"62798","37.519470229","192.168.1.55","192.168.1.2","TCP","1514","8004  >  36818 [ACK] Seq=220286 Ack=141 Win=65024 Len=1448 TSval=2916041600 TSecr=3045561373 [TCP segment of a reassembled PDU]"
"62799","37.519471507","192.168.1.55","192.168.1.2","TCP","1514","8004  >  36818 [ACK] Seq=221734 Ack=141 Win=65024 Len=1448 TSval=2916041600 TSecr=3045561373 [TCP segment of a reassembled PDU]"
"62800","37.519472710","192.168.1.55","192.168.1.2","TCP","1514","8004  >  36818 [ACK] Seq=223182 Ack=141 Win=65024 Len=1448 TSval=2916041600 TSecr=3045561373 [TCP segment of a reassembled PDU]"
"62801","37.519474229","192.168.1.55","192.168.1.2","TCP","1514","8004  >  36818 [ACK] Seq=224630 Ack=141 Win=65024 Len=1448 TSval=2916041600 TSecr=3045561373 [TCP segment of a reassembled PDU]"
"62802","37.519475562","192.168.1.55","192.168.1.2","TCP","1514","8004  >  36818 [ACK] Seq=226078 Ack=141 Win=65024 Len=1448 TSval=2916041600 TSecr=3045561373 [TCP segment of a reassembled PDU]"
"62803","37.519476821","192.168.1.55","192.168.1.2","TCP","1514","8004  >  36818 [ACK] Seq=227526 Ack=141 Win=65024 Len=1448 TSval=2916041600 TSecr=3045561373 [TCP segment of a reassembled PDU]"
"62804","37.519478062","192.168.1.55","192.168.1.2","TCP","1514","8004  >  36818 [ACK] Seq=228974 Ack=141 Win=65024 Len=1448 TSval=2916041600 TSecr=3045561373 [TCP segment of a reassembled PDU]"
"62805","37.519479303","192.168.1.55","192.168.1.2","TCP","1514","8004  >  36818 [ACK] Seq=230422 Ack=141 Win=65024 Len=1448 TSval=2916041600 TSecr=3045561373 [TCP segment of a reassembled PDU]"
"62806","37.519480581","192.168.1.55","192.168.1.2","TCP","1514","8004  >  36818 [ACK] Seq=231870 Ack=141 Win=65024 Len=1448 TSval=2916041600 TSecr=3045561373 [TCP segment of a reassembled PDU]"
"62807","37.519481951","192.168.1.55","192.168.1.2","TCP","1514","8004  >  36818 [ACK] Seq=233318 Ack=141 Win=65024 Len=1448 TSval=2916041600 TSecr=3045561373 [TCP segment of a reassembled PDU]"
"62808","37.519483136","192.168.1.55","192.168.1.2","TCP","1514","8004  >  36818 [ACK] Seq=234766 Ack=141 Win=65024 Len=1448 TSval=2916041600 TSecr=3045561373 [TCP segment of a reassembled PDU]"
"62809","37.519484395","192.168.1.55","192.168.1.2","TCP","1514","8004  >  36818 [ACK] Seq=236214 Ack=141 Win=65024 Len=1448 TSval=2916041600 TSecr=3045561373 [TCP segment of a reassembled PDU]"
"62810","37.519485636","192.168.1.55","192.168.1.2","TCP","1514","8004  >  36818 [PSH, ACK] Seq=237662 Ack=141 Win=65024 Len=1448 TSval=2916041600 TSecr=3045561373 [TCP segment of a reassembled PDU]"
"62811","37.519540155","192.168.1.2","192.168.1.55","TCP","66","36818  >  8004 [ACK] Seq=141 Ack=155126 Win=105472 Len=0 TSval=3045561374 TSecr=2916041593"
"62812","37.519554155","192.168.1.55","192.168.1.2","TCP","1514","8004  >  36818 [ACK] Seq=239110 Ack=141 Win=65024 Len=1448 TSval=2916041600 TSecr=3045561374 [TCP segment of a reassembled PDU]"
"62813","37.519556322","192.168.1.55","192.168.1.2","TCP","1514","8004  >  36818 [ACK] Seq=240558 Ack=141 Win=65024 Len=1448 TSval=2916041600 TSecr=3045561374 [TCP segment of a reassembled PDU]"
"62814","37.519557562","192.168.1.55","192.168.1.2","TCP","1514","8004  >  36818 [ACK] Seq=242006 Ack=141 Win=65024 Len=1448 TSval=2916041600 TSecr=3045561374 [TCP segment of a reassembled PDU]"
"62815","37.519558933","192.168.1.55","192.168.1.2","TCP","1514","8004  >  36818 [PSH, ACK] Seq=243454 Ack=141 Win=65024 Len=1448 TSval=2916041600 TSecr=3045561374 [TCP segment of a reassembled PDU]"
"62816","37.519563025","192.168.1.2","192.168.1.55","TCP","66","36818  >  8004 [ACK] Seq=141 Ack=171054 Win=105472 Len=0 TSval=3045561374 TSecr=2916041593"
"62817","37.519603377","192.168.1.55","192.168.1.2","TCP","1514","8004  >  36818 [ACK] Seq=244902 Ack=141 Win=65024 Len=1448 TSval=2916041600 TSecr=3045561374 [TCP segment of a reassembled PDU]"
"62818","37.519605599","192.168.1.55","192.168.1.2","TCP","1514","8004  >  36818 [ACK] Seq=246350 Ack=141 Win=65024 Len=1448 TSval=2916041600 TSecr=3045561374 [TCP segment of a reassembled PDU]"
"62819","37.519607062","192.168.1.55","192.168.1.2","TCP","1514","8004  >  36818 [ACK] Seq=247798 Ack=141 Win=65024 Len=1448 TSval=2916041600 TSecr=3045561374 [TCP segment of a reassembled PDU]"
"62820","37.519608248","192.168.1.55","192.168.1.2","TCP","1514","8004  >  36818 [ACK] Seq=249246 Ack=141 Win=65024 Len=1448 TSval=2916041600 TSecr=3045561374 [TCP segment of a reassembled PDU]"
"62821","37.519609655","192.168.1.55","192.168.1.2","TCP","1514","8004  >  36818 [ACK] Seq=250694 Ack=141 Win=65024 Len=1448 TSval=2916041600 TSecr=3045561374 [TCP segment of a reassembled PDU]"
"62822","37.519610840","192.168.1.55","192.168.1.2","TCP","1514","8004  >  36818 [ACK] Seq=252142 Ack=141 Win=65024 Len=1448 TSval=2916041600 TSecr=3045561374 [TCP segment of a reassembled PDU]"
"62823","37.519612303","192.168.1.55","192.168.1.2","TCP","1514","8004  >  36818 [ACK] Seq=253590 Ack=141 Win=65024 Len=1448 TSval=2916041600 TSecr=3045561374 [TCP segment of a reassembled PDU]"
"62824","37.519613673","192.168.1.55","192.168.1.2","TCP","1514","8004  >  36818 [ACK] Seq=255038 Ack=141 Win=65024 Len=1448 TSval=2916041600 TSecr=3045561374 [TCP segment of a reassembled PDU]"
"62825","37.519615025","192.168.1.55","192.168.1.2","TCP","1514","8004  >  36818 [ACK] Seq=256486 Ack=141 Win=65024 Len=1448 TSval=2916041600 TSecr=3045561374 [TCP segment of a reassembled PDU]"
"62826","37.519616303","192.168.1.55","192.168.1.2","TCP","1514","8004  >  36818 [ACK] Seq=257934 Ack=141 Win=65024 Len=1448 TSval=2916041600 TSecr=3045561374 [TCP segment of a reassembled PDU]"
"62827","37.519617544","192.168.1.55","192.168.1.2","TCP","1514","8004  >  36818 [ACK] Seq=259382 Ack=141 Win=65024 Len=1448 TSval=2916041600 TSecr=3045561374 [TCP segment of a reassembled PDU]"
"62828","37.519618729","192.168.1.55","192.168.1.2","TCP","1514","8004  >  36818 [ACK] Seq=260830 Ack=141 Win=65024 Len=1448 TSval=2916041600 TSecr=3045561374 [TCP segment of a reassembled PDU]"
"62829","37.519619988","192.168.1.55","192.168.1.2","TCP","1514","8004  >  36818 [ACK] Seq=262278 Ack=141 Win=65024 Len=1448 TSval=2916041600 TSecr=3045561374 [TCP segment of a reassembled PDU]"
"62830","37.519621229","192.168.1.55","192.168.1.2","TCP","1514","8004  >  36818 [ACK] Seq=263726 Ack=141 Win=65024 Len=1448 TSval=2916041600 TSecr=3045561374 [TCP segment of a reassembled PDU]"
"62831","37.519622488","192.168.1.55","192.168.1.2","TCP","1514","8004  >  36818 [ACK] Seq=265174 Ack=141 Win=65024 Len=1448 TSval=2916041600 TSecr=3045561374 [TCP segment of a reassembled PDU]"
"62832","37.519623711","192.168.1.55","192.168.1.2","TCP","1514","8004  >  36818 [ACK] Seq=266622 Ack=141 Win=65024 Len=1448 TSval=2916041600 TSecr=3045561374 [TCP segment of a reassembled PDU]"
"62833","37.519625007","192.168.1.55","192.168.1.2","TCP","1514","8004  >  36818 [ACK] Seq=268070 Ack=141 Win=65024 Len=1448 TSval=2916041600 TSecr=3045561374 [TCP segment of a reassembled PDU]"
"62834","37.519626396","192.168.1.55","192.168.1.2","TCP","1514","8004  >  36818 [ACK] Seq=269518 Ack=141 Win=65024 Len=1448 TSval=2916041600 TSecr=3045561374 [TCP segment of a reassembled PDU]"
"62835","37.519627599","192.168.1.55","192.168.1.2","TCP","1514","8004  >  36818 [ACK] Seq=270966 Ack=141 Win=65024 Len=1448 TSval=2916041600 TSecr=3045561374 [TCP segment of a reassembled PDU]"
"62836","37.519628766","192.168.1.55","192.168.1.2","TCP","1514","8004  >  36818 [ACK] Seq=272414 Ack=141 Win=65024 Len=1448 TSval=2916041600 TSecr=3045561374 [TCP segment of a reassembled PDU]"
"62837","37.519630229","192.168.1.55","192.168.1.2","TCP","1514","8004  >  36818 [ACK] Seq=273862 Ack=141 Win=65024 Len=1448 TSval=2916041600 TSecr=3045561374 [TCP segment of a reassembled PDU]"
"62838","37.519631544","192.168.1.55","192.168.1.2","TCP","1282","[TCP Window Full] 8004  >  36818 [PSH, ACK] Seq=275310 Ack=141 Win=65024 Len=1216 TSval=2916041600 TSecr=3045561374 [TCP segment of a reassembled PDU]"
"62839","37.527435853","192.168.1.2","192.168.1.55","TCP","66","36818  >  8004 [ACK] Seq=141 Ack=192774 Win=99328 Len=0 TSval=3045561381 TSecr=2916041599"
"62840","37.527465501","192.168.1.55","192.168.1.2","TCP","1514","8004  >  36818 [ACK] Seq=276526 Ack=141 Win=65024 Len=1448 TSval=2916041608 TSecr=3045561381 [TCP segment of a reassembled PDU]"
"62841","37.527469075","192.168.1.55","192.168.1.2","TCP","1514","8004  >  36818 [ACK] Seq=277974 Ack=141 Win=65024 Len=1448 TSval=2916041608 TSecr=3045561381 [TCP segment of a reassembled PDU]"
"62842","37.527470019","192.168.1.55","192.168.1.2","TCP","1514","8004  >  36818 [ACK] Seq=279422 Ack=141 Win=65024 Len=1448 TSval=2916041608 TSecr=3045561381 [TCP segment of a reassembled PDU]"
"62843","37.527471038","192.168.1.55","192.168.1.2","TCP","1514","8004  >  36818 [ACK] Seq=280870 Ack=141 Win=65024 Len=1448 TSval=2916041608 TSecr=3045561381 [TCP segment of a reassembled PDU]"
"62844","37.527471982","192.168.1.55","192.168.1.2","TCP","1514","8004  >  36818 [ACK] Seq=282318 Ack=141 Win=65024 Len=1448 TSval=2916041608 TSecr=3045561381 [TCP segment of a reassembled PDU]"
"62845","37.527472927","192.168.1.55","192.168.1.2","TCP","1514","8004  >  36818 [ACK] Seq=283766 Ack=141 Win=65024 Len=1448 TSval=2916041608 TSecr=3045561381 [TCP segment of a reassembled PDU]"
"62846","37.527473871","192.168.1.55","192.168.1.2","TCP","1514","8004  >  36818 [ACK] Seq=285214 Ack=141 Win=65024 Len=1448 TSval=2916041608 TSecr=3045561381 [TCP segment of a reassembled PDU]"
"62847","37.527474779","192.168.1.55","192.168.1.2","TCP","1514","8004  >  36818 [ACK] Seq=286662 Ack=141 Win=65024 Len=1448 TSval=2916041608 TSecr=3045561381 [TCP segment of a reassembled PDU]"
"62848","37.527475779","192.168.1.55","192.168.1.2","TCP","1514","8004  >  36818 [PSH, ACK] Seq=288110 Ack=141 Win=65024 Len=1448 TSval=2916041608 TSecr=3045561381 [TCP segment of a reassembled PDU]"
"62849","37.527481538","192.168.1.55","192.168.1.2","TCP","298","8004  >  36818 [ACK] Seq=289558 Ack=141 Win=65024 Len=232 TSval=2916041608 TSecr=3045561381 [TCP segment of a reassembled PDU]"
"62850","37.527908891","192.168.1.2","192.168.1.55","TCP","66","36818  >  8004 [ACK] Seq=141 Ack=200014 Win=114688 Len=0 TSval=3045561381 TSecr=2916041600"
"62851","37.527918761","192.168.1.2","192.168.1.55","TCP","66","36818  >  8004 [ACK] Seq=141 Ack=239110 Win=76800 Len=0 TSval=3045561381 TSecr=2916041600"
"62852","37.527941483","192.168.1.55","192.168.1.2","TCP","1514","8004  >  36818 [ACK] Seq=289790 Ack=141 Win=65024 Len=1448 TSval=2916041608 TSecr=3045561381 [TCP segment of a reassembled PDU]"
"62853","37.527942983","192.168.1.55","192.168.1.2","TCP","1514","8004  >  36818 [ACK] Seq=291238 Ack=141 Win=65024 Len=1448 TSval=2916041608 TSecr=3045561381 [TCP segment of a reassembled PDU]"
"62854","37.527944057","192.168.1.55","192.168.1.2","TCP","1514","8004  >  36818 [ACK] Seq=292686 Ack=141 Win=65024 Len=1448 TSval=2916041608 TSecr=3045561381 [TCP segment of a reassembled PDU]"
"62855","37.527945113","192.168.1.55","192.168.1.2","TCP","1514","8004  >  36818 [ACK] Seq=294134 Ack=141 Win=65024 Len=1448 TSval=2916041608 TSecr=3045561381 [TCP segment of a reassembled PDU]"
"62856","37.527946150","192.168.1.55","192.168.1.2","TCP","1514","8004  >  36818 [ACK] Seq=295582 Ack=141 Win=65024 Len=1448 TSval=2916041608 TSecr=3045561381 [TCP segment of a reassembled PDU]"
"62857","37.527947094","192.168.1.55","192.168.1.2","TCP","1514","8004  >  36818 [ACK] Seq=297030 Ack=141 Win=65024 Len=1448 TSval=2916041608 TSecr=3045561381 [TCP segment of a reassembled PDU]"
"62858","37.527948150","192.168.1.55","192.168.1.2","TCP","1514","8004  >  36818 [ACK] Seq=298478 Ack=141 Win=65024 Len=1448 TSval=2916041608 TSecr=3045561381 [TCP segment of a reassembled PDU]"
"62859","37.527949094","192.168.1.55","192.168.1.2","TCP","1514","8004  >  36818 [ACK] Seq=299926 Ack=141 Win=65024 Len=1448 TSval=2916041608 TSecr=3045561381 [TCP segment of a reassembled PDU]"
"62860","37.527950020","192.168.1.55","192.168.1.2","TCP","1514","8004  >  36818 [ACK] Seq=301374 Ack=141 Win=65024 Len=1448 TSval=2916041608 TSecr=3045561381 [TCP segment of a reassembled PDU]"
"62861","37.527951187","192.168.1.55","192.168.1.2","TCP","1514","8004  >  36818 [ACK] Seq=302822 Ack=141 Win=65024 Len=1448 TSval=2916041608 TSecr=3045561381 [TCP segment of a reassembled PDU]"
"62862","37.527952261","192.168.1.55","192.168.1.2","TCP","1514","8004  >  36818 [ACK] Seq=304270 Ack=141 Win=65024 Len=1448 TSval=2916041608 TSecr=3045561381 [TCP segment of a reassembled PDU]"
"62863","37.527953335","192.168.1.55","192.168.1.2","TCP","1514","8004  >  36818 [ACK] Seq=305718 Ack=141 Win=65024 Len=1448 TSval=2916041608 TSecr=3045561381 [TCP segment of a reassembled PDU]"
"62864","37.527954280","192.168.1.55","192.168.1.2","TCP","1514","8004  >  36818 [ACK] Seq=307166 Ack=141 Win=65024 Len=1448 TSval=2916041608 TSecr=3045561381 [TCP segment of a reassembled PDU]"
"62865","37.527955354","192.168.1.55","192.168.1.2","TCP","1514","8004  >  36818 [ACK] Seq=308614 Ack=141 Win=65024 Len=1448 TSval=2916041608 TSecr=3045561381 [TCP segment of a reassembled PDU]"
"62866","37.527956409","192.168.1.55","192.168.1.2","TCP","1514","8004  >  36818 [ACK] Seq=310062 Ack=141 Win=65024 Len=1448 TSval=2916041608 TSecr=3045561381 [TCP segment of a reassembled PDU]"
"62867","37.527957446","192.168.1.55","192.168.1.2","TCP","1514","8004  >  36818 [ACK] Seq=311510 Ack=141 Win=65024 Len=1448 TSval=2916041608 TSecr=3045561381 [TCP segment of a reassembled PDU]"
"62868","37.527958483","192.168.1.55","192.168.1.2","TCP","1514","8004  >  36818 [ACK] Seq=312958 Ack=141 Win=65024 Len=1448 TSval=2916041608 TSecr=3045561381 [TCP segment of a reassembled PDU]"
"62869","37.527959557","192.168.1.55","192.168.1.2","TCP","1514","8004  >  36818 [PSH, ACK] Seq=314406 Ack=141 Win=65024 Len=1448 TSval=2916041608 TSecr=3045561381 [TCP segment of a reassembled PDU]"
"62870","37.527962965","192.168.1.2","192.168.1.55","TCP","66","36818  >  8004 [ACK] Seq=141 Ack=244902 Win=78848 Len=0 TSval=3045561381 TSecr=2916041600"
"62871","37.528008854","192.168.1.2","192.168.1.55","TCP","66","36818  >  8004 [ACK] Seq=141 Ack=265174 Win=59392 Len=0 TSval=3045561381 TSecr=2916041600"
"62872","37.528015372","192.168.1.2","192.168.1.55","TCP","66","36818  >  8004 [ACK] Seq=141 Ack=276526 Win=107520 Len=0 TSval=3045561382 TSecr=2916041600"
"62873","37.528031761","192.168.1.55","192.168.1.2","TCP","1514","8004  >  36818 [ACK] Seq=315854 Ack=141 Win=65024 Len=1448 TSval=2916041608 TSecr=3045561382 [TCP segment of a reassembled PDU]"
"62874","37.528033206","192.168.1.55","192.168.1.2","TCP","1514","8004  >  36818 [ACK] Seq=317302 Ack=141 Win=65024 Len=1448 TSval=2916041608 TSecr=3045561382 [TCP segment of a reassembled PDU]"
"62875","37.528034206","192.168.1.55","192.168.1.2","TCP","1514","8004  >  36818 [ACK] Seq=318750 Ack=141 Win=65024 Len=1448 TSval=2916041608 TSecr=3045561382 [TCP segment of a reassembled PDU]"
"62876","37.528035298","192.168.1.55","192.168.1.2","TCP","1514","8004  >  36818 [ACK] Seq=320198 Ack=141 Win=65024 Len=1448 TSval=2916041608 TSecr=3045561382 [TCP segment of a reassembled PDU]"
"62877","37.528036465","192.168.1.55","192.168.1.2","TCP","1514","8004  >  36818 [ACK] Seq=321646 Ack=141 Win=65024 Len=1448 TSval=2916041608 TSecr=3045561382 [TCP segment of a reassembled PDU]"
"62878","37.528037409","192.168.1.55","192.168.1.2","TCP","1514","8004  >  36818 [ACK] Seq=323094 Ack=141 Win=65024 Len=1448 TSval=2916041608 TSecr=3045561382 [TCP segment of a reassembled PDU]"
"62879","37.528038428","192.168.1.55","192.168.1.2","TCP","1514","8004  >  36818 [ACK] Seq=324542 Ack=141 Win=65024 Len=1448 TSval=2916041608 TSecr=3045561382 [TCP segment of a reassembled PDU]"
"62880","37.528039483","192.168.1.55","192.168.1.2","TCP","1514","8004  >  36818 [ACK] Seq=325990 Ack=141 Win=65024 Len=1448 TSval=2916041608 TSecr=3045561382 [TCP segment of a reassembled PDU]"
"62881","37.528040428","192.168.1.55","192.168.1.2","TCP","1514","8004  >  36818 [ACK] Seq=327438 Ack=141 Win=65024 Len=1448 TSval=2916041608 TSecr=3045561382 [TCP segment of a reassembled PDU]"
"62882","37.528041724","192.168.1.55","192.168.1.2","TCP","1514","8004  >  36818 [ACK] Seq=328886 Ack=141 Win=65024 Len=1448 TSval=2916041608 TSecr=3045561382 [TCP segment of a reassembled PDU]"
"62883","37.528042761","192.168.1.55","192.168.1.2","TCP","1514","8004  >  36818 [ACK] Seq=330334 Ack=141 Win=65024 Len=1448 TSval=2916041608 TSecr=3045561382 [TCP segment of a reassembled PDU]"
"62884","37.528043872","192.168.1.55","192.168.1.2","TCP","1514","8004  >  36818 [ACK] Seq=331782 Ack=141 Win=65024 Len=1448 TSval=2916041608 TSecr=3045561382 [TCP segment of a reassembled PDU]"
"62885","37.528044817","192.168.1.55","192.168.1.2","TCP","1514","8004  >  36818 [PSH, ACK] Seq=333230 Ack=141 Win=65024 Len=1448 TSval=2916041608 TSecr=3045561382 [TCP segment of a reassembled PDU]"
"62886","37.528074446","192.168.1.55","192.168.1.2","TCP","1514","8004  >  36818 [ACK] Seq=334678 Ack=141 Win=65024 Len=1448 TSval=2916041608 TSecr=3045561382 [TCP segment of a reassembled PDU]"
"62887","37.528075872","192.168.1.55","192.168.1.2","TCP","1514","8004  >  36818 [ACK] Seq=336126 Ack=141 Win=65024 Len=1448 TSval=2916041608 TSecr=3045561382 [TCP segment of a reassembled PDU]"
"62888","37.528077076","192.168.1.55","192.168.1.2","TCP","1514","8004  >  36818 [ACK] Seq=337574 Ack=141 Win=65024 Len=1448 TSval=2916041608 TSecr=3045561382 [TCP segment of a reassembled PDU]"
"62889","37.528078076","192.168.1.55","192.168.1.2","TCP","1514","8004  >  36818 [ACK] Seq=339022 Ack=141 Win=65024 Len=1448 TSval=2916041608 TSecr=3045561382 [TCP segment of a reassembled PDU]"
"62890","37.528079372","192.168.1.55","192.168.1.2","TCP","1514","8004  >  36818 [ACK] Seq=340470 Ack=141 Win=65024 Len=1448 TSval=2916041608 TSecr=3045561382 [TCP segment of a reassembled PDU]"
"62891","37.528080465","192.168.1.55","192.168.1.2","TCP","1514","8004  >  36818 [ACK] Seq=341918 Ack=141 Win=65024 Len=1448 TSval=2916041608 TSecr=3045561382 [TCP segment of a reassembled PDU]"
"62892","37.528081483","192.168.1.55","192.168.1.2","TCP","1514","8004  >  36818 [ACK] Seq=343366 Ack=141 Win=65024 Len=1448 TSval=2916041608 TSecr=3045561382 [TCP segment of a reassembled PDU]"
"62893","37.528082502","192.168.1.55","192.168.1.2","TCP","1514","8004  >  36818 [ACK] Seq=344814 Ack=141 Win=65024 Len=1448 TSval=2916041608 TSecr=3045561382 [TCP segment of a reassembled PDU]"
"62894","37.528083613","192.168.1.55","192.168.1.2","TCP","1514","8004  >  36818 [ACK] Seq=346262 Ack=141 Win=65024 Len=1448 TSval=2916041608 TSecr=3045561382 [TCP segment of a reassembled PDU]"
"62895","37.528084650","192.168.1.55","192.168.1.2","TCP","1514","8004  >  36818 [ACK] Seq=347710 Ack=141 Win=65024 Len=1448 TSval=2916041608 TSecr=3045561382 [TCP segment of a reassembled PDU]"
"62896","37.528085632","192.168.1.55","192.168.1.2","TCP","1514","8004  >  36818 [ACK] Seq=349158 Ack=141 Win=65024 Len=1448 TSval=2916041608 TSecr=3045561382 [TCP segment of a reassembled PDU]"
"62897","37.528086650","192.168.1.55","192.168.1.2","TCP","1514","8004  >  36818 [ACK] Seq=350606 Ack=141 Win=65024 Len=1448 TSval=2916041608 TSecr=3045561382 [TCP segment of a reassembled PDU]"
"62898","37.528087687","192.168.1.55","192.168.1.2","TCP","1514","8004  >  36818 [ACK] Seq=352054 Ack=141 Win=65024 Len=1448 TSval=2916041608 TSecr=3045561382 [TCP segment of a reassembled PDU]"
"62899","37.528088724","192.168.1.55","192.168.1.2","TCP","1514","8004  >  36818 [ACK] Seq=353502 Ack=141 Win=65024 Len=1448 TSval=2916041608 TSecr=3045561382 [TCP segment of a reassembled PDU]"
"62900","37.528089669","192.168.1.55","192.168.1.2","TCP","1514","8004  >  36818 [ACK] Seq=354950 Ack=141 Win=65024 Len=1448 TSval=2916041608 TSecr=3045561382 [TCP segment of a reassembled PDU]"
"62901","37.528090632","192.168.1.55","192.168.1.2","TCP","1514","8004  >  36818 [ACK] Seq=356398 Ack=141 Win=65024 Len=1448 TSval=2916041608 TSecr=3045561382 [TCP segment of a reassembled PDU]"
"62902","37.528091669","192.168.1.55","192.168.1.2","TCP","1514","8004  >  36818 [ACK] Seq=357846 Ack=141 Win=65024 Len=1448 TSval=2916041608 TSecr=3045561382 [TCP segment of a reassembled PDU]"
"62903","37.528092687","192.168.1.55","192.168.1.2","TCP","1514","8004  >  36818 [ACK] Seq=359294 Ack=141 Win=65024 Len=1448 TSval=2916041608 TSecr=3045561382 [TCP segment of a reassembled PDU]"
"62904","37.528093743","192.168.1.55","192.168.1.2","TCP","1514","8004  >  36818 [ACK] Seq=360742 Ack=141 Win=65024 Len=1448 TSval=2916041608 TSecr=3045561382 [TCP segment of a reassembled PDU]"
"62905","37.528095095","192.168.1.55","192.168.1.2","TCP","1514","8004  >  36818 [ACK] Seq=362190 Ack=141 Win=65024 Len=1448 TSval=2916041608 TSecr=3045561382 [TCP segment of a reassembled PDU]"
"62906","37.528096095","192.168.1.55","192.168.1.2","TCP","1514","8004  >  36818 [ACK] Seq=363638 Ack=141 Win=65024 Len=1448 TSval=2916041608 TSecr=3045561382 [TCP segment of a reassembled PDU]"
"62907","37.528097317","192.168.1.55","192.168.1.2","TCP","1514","8004  >  36818 [ACK] Seq=365086 Ack=141 Win=65024 Len=1448 TSval=2916041608 TSecr=3045561382 [TCP segment of a reassembled PDU]"
"62908","37.528098335","192.168.1.55","192.168.1.2","TCP","1514","8004  >  36818 [ACK] Seq=366534 Ack=141 Win=65024 Len=1448 TSval=2916041608 TSecr=3045561382 [TCP segment of a reassembled PDU]"
"62909","37.528099354","192.168.1.55","192.168.1.2","TCP","1514","8004  >  36818 [ACK] Seq=367982 Ack=141 Win=65024 Len=1448 TSval=2916041608 TSecr=3045561382 [TCP segment of a reassembled PDU]"
"62910","37.528100354","192.168.1.55","192.168.1.2","TCP","1514","8004  >  36818 [ACK] Seq=369430 Ack=141 Win=65024 Len=1448 TSval=2916041608 TSecr=3045561382 [TCP segment of a reassembled PDU]"
"62911","37.528101502","192.168.1.55","192.168.1.2","TCP","1514","8004  >  36818 [ACK] Seq=370878 Ack=141 Win=65024 Len=1448 TSval=2916041608 TSecr=3045561382 [TCP segment of a reassembled PDU]"
"62912","37.528102520","192.168.1.55","192.168.1.2","TCP","1514","8004  >  36818 [ACK] Seq=372326 Ack=141 Win=65024 Len=1448 TSval=2916041608 TSecr=3045561382 [TCP segment of a reassembled PDU]"
"62913","37.528103520","192.168.1.55","192.168.1.2","TCP","1514","8004  >  36818 [ACK] Seq=373774 Ack=141 Win=65024 Len=1448 TSval=2916041608 TSecr=3045561382 [TCP segment of a reassembled PDU]"
"62914","37.528104483","192.168.1.55","192.168.1.2","TCP","1514","8004  >  36818 [ACK] Seq=375222 Ack=141 Win=65024 Len=1448 TSval=2916041608 TSecr=3045561382 [TCP segment of a reassembled PDU]"
"62915","37.528105539","192.168.1.55","192.168.1.2","TCP","1514","8004  >  36818 [ACK] Seq=376670 Ack=141 Win=65024 Len=1448 TSval=2916041608 TSecr=3045561382 [TCP segment of a reassembled PDU]"
"62916","37.528106576","192.168.1.55","192.168.1.2","TCP","1514","8004  >  36818 [PSH, ACK] Seq=378118 Ack=141 Win=65024 Len=1448 TSval=2916041608 TSecr=3045561382 [TCP segment of a reassembled PDU]"
"62917","37.529207207","192.168.1.55","192.168.1.2","TCP","1514","8004  >  36818 [ACK] Seq=379566 Ack=141 Win=65024 Len=1448 TSval=2916041609 TSecr=3045561382 [TCP segment of a reassembled PDU]"
"62918","37.529209578","192.168.1.55","192.168.1.2","TCP","1514","8004  >  36818 [ACK] Seq=381014 Ack=141 Win=65024 Len=1448 TSval=2916041609 TSecr=3045561382 [TCP segment of a reassembled PDU]"
"62919","37.529210745","192.168.1.55","192.168.1.2","TCP","1514","8004  >  36818 [PSH, ACK] Seq=382462 Ack=141 Win=65024 Len=1448 TSval=2916041609 TSecr=3045561382 [TCP segment of a reassembled PDU]"
"62920","37.534020234","192.168.1.2","192.168.1.55","TCP","66","36818  >  8004 [ACK] Seq=141 Ack=277974 Win=117760 Len=0 TSval=3045561385 TSecr=2916041608"
"62921","37.534079326","192.168.1.55","192.168.1.2","TCP","1514","8004  >  36818 [ACK] Seq=383910 Ack=141 Win=65024 Len=1448 TSval=2916041614 TSecr=3045561385 [TCP segment of a reassembled PDU]"
"62922","37.534084901","192.168.1.55","192.168.1.2","TCP","1514","8004  >  36818 [ACK] Seq=385358 Ack=141 Win=65024 Len=1448 TSval=2916041614 TSecr=3045561385 [TCP segment of a reassembled PDU]"
"62923","37.534088030","192.168.1.55","192.168.1.2","TCP","1514","8004  >  36818 [ACK] Seq=386806 Ack=141 Win=65024 Len=1448 TSval=2916041614 TSecr=3045561385 [TCP segment of a reassembled PDU]"
"62924","37.534089419","192.168.1.55","192.168.1.2","TCP","1514","8004  >  36818 [ACK] Seq=388254 Ack=141 Win=65024 Len=1448 TSval=2916041614 TSecr=3045561385 [TCP segment of a reassembled PDU]"
"62925","37.534090512","192.168.1.55","192.168.1.2","TCP","1514","8004  >  36818 [ACK] Seq=389702 Ack=141 Win=65024 Len=1448 TSval=2916041614 TSecr=3045561385 [TCP segment of a reassembled PDU]"
"62926","37.534100660","192.168.1.55","192.168.1.2","TCP","1514","8004  >  36818 [ACK] Seq=391150 Ack=141 Win=65024 Len=1448 TSval=2916041614 TSecr=3045561385 [TCP segment of a reassembled PDU]"
"62927","37.534102104","192.168.1.55","192.168.1.2","TCP","1514","8004  >  36818 [ACK] Seq=392598 Ack=141 Win=65024 Len=1448 TSval=2916041614 TSecr=3045561385 [TCP segment of a reassembled PDU]"
"62928","37.534103308","192.168.1.55","192.168.1.2","TCP","1514","8004  >  36818 [PSH, ACK] Seq=394046 Ack=141 Win=65024 Len=1448 TSval=2916041614 TSecr=3045561385 [TCP segment of a reassembled PDU]"
"62929","37.534134586","192.168.1.2","192.168.1.55","TCP","66","36818  >  8004 [ACK] Seq=141 Ack=280870 Win=118784 Len=0 TSval=3045561385 TSecr=2916041608"
"62930","37.535926292","192.168.1.2","192.168.1.55","TCP","66","36818  >  8004 [ACK] Seq=141 Ack=315854 Win=118784 Len=0 TSval=3045561390 TSecr=2916041608"
"62931","37.535965978","192.168.1.55","192.168.1.2","TCP","1514","8004  >  36818 [ACK] Seq=395494 Ack=141 Win=65024 Len=1448 TSval=2916041616 TSecr=3045561390 [TCP segment of a reassembled PDU]"
"62932","37.535969144","192.168.1.55","192.168.1.2","TCP","1514","8004  >  36818 [ACK] Seq=396942 Ack=141 Win=65024 Len=1448 TSval=2916041616 TSecr=3045561390 [TCP segment of a reassembled PDU]"
"62933","37.535970292","192.168.1.55","192.168.1.2","TCP","1514","8004  >  36818 [ACK] Seq=398390 Ack=141 Win=65024 Len=1448 TSval=2916041616 TSecr=3045561390 [TCP segment of a reassembled PDU]"
"62934","37.535971422","192.168.1.55","192.168.1.2","TCP","1514","8004  >  36818 [ACK] Seq=399838 Ack=141 Win=65024 Len=1448 TSval=2916041616 TSecr=3045561390 [TCP segment of a reassembled PDU]"
"62935","37.535972570","192.168.1.55","192.168.1.2","TCP","1514","8004  >  36818 [ACK] Seq=401286 Ack=141 Win=65024 Len=1448 TSval=2916041616 TSecr=3045561390 [TCP segment of a reassembled PDU]"
"62936","37.535973681","192.168.1.55","192.168.1.2","TCP","1514","8004  >  36818 [ACK] Seq=402734 Ack=141 Win=65024 Len=1448 TSval=2916041616 TSecr=3045561390 [TCP segment of a reassembled PDU]"
"62937","37.535974737","192.168.1.55","192.168.1.2","TCP","1514","8004  >  36818 [ACK] Seq=404182 Ack=141 Win=65024 Len=1448 TSval=2916041616 TSecr=3045561390 [TCP segment of a reassembled PDU]"
"62938","37.535975978","192.168.1.55","192.168.1.2","TCP","1514","8004  >  36818 [ACK] Seq=405630 Ack=141 Win=65024 Len=1448 TSval=2916041616 TSecr=3045561390 [TCP segment of a reassembled PDU]"
"62939","37.535977385","192.168.1.55","192.168.1.2","TCP","1514","8004  >  36818 [ACK] Seq=407078 Ack=141 Win=65024 Len=1448 TSval=2916041616 TSecr=3045561390 [TCP segment of a reassembled PDU]"
"62940","37.535978718","192.168.1.55","192.168.1.2","TCP","1514","8004  >  36818 [ACK] Seq=408526 Ack=141 Win=65024 Len=1448 TSval=2916041616 TSecr=3045561390 [TCP segment of a reassembled PDU]"
"62941","37.535979885","192.168.1.55","192.168.1.2","TCP","1514","8004  >  36818 [ACK] Seq=409974 Ack=141 Win=65024 Len=1448 TSval=2916041616 TSecr=3045561390 [TCP segment of a reassembled PDU]"
"62942","37.535981070","192.168.1.55","192.168.1.2","TCP","1514","8004  >  36818 [ACK] Seq=411422 Ack=141 Win=65024 Len=1448 TSval=2916041616 TSecr=3045561390 [TCP segment of a reassembled PDU]"
"62943","37.535982663","192.168.1.55","192.168.1.2","TCP","1514","8004  >  36818 [ACK] Seq=412870 Ack=141 Win=65024 Len=1448 TSval=2916041616 TSecr=3045561390 [TCP segment of a reassembled PDU]"
"62944","37.535983718","192.168.1.55","192.168.1.2","TCP","1514","8004  >  36818 [ACK] Seq=414318 Ack=141 Win=65024 Len=1448 TSval=2916041616 TSecr=3045561390 [TCP segment of a reassembled PDU]"
"62945","37.535985181","192.168.1.55","192.168.1.2","TCP","1514","8004  >  36818 [ACK] Seq=415766 Ack=141 Win=65024 Len=1448 TSval=2916041616 TSecr=3045561390 [TCP segment of a reassembled PDU]"
"62946","37.535986533","192.168.1.55","192.168.1.2","TCP","1514","8004  >  36818 [ACK] Seq=417214 Ack=141 Win=65024 Len=1448 TSval=2916041616 TSecr=3045561390 [TCP segment of a reassembled PDU]"
"62947","37.535987737","192.168.1.55","192.168.1.2","TCP","1514","8004  >  36818 [ACK] Seq=418662 Ack=141 Win=65024 Len=1448 TSval=2916041616 TSecr=3045561390 [TCP segment of a reassembled PDU]"
"62948","37.535988830","192.168.1.55","192.168.1.2","TCP","1514","8004  >  36818 [ACK] Seq=420110 Ack=141 Win=65024 Len=1448 TSval=2916041616 TSecr=3045561390 [TCP segment of a reassembled PDU]"
"62949","37.535989848","192.168.1.55","192.168.1.2","TCP","1514","8004  >  36818 [ACK] Seq=421558 Ack=141 Win=65024 Len=1448 TSval=2916041616 TSecr=3045561390 [TCP segment of a reassembled PDU]"
"62950","37.535990885","192.168.1.55","192.168.1.2","TCP","1514","8004  >  36818 [PSH, ACK] Seq=423006 Ack=141 Win=65024 Len=1448 TSval=2916041616 TSecr=3045561390 [TCP segment of a reassembled PDU]"
"62951","37.536099015","192.168.1.2","192.168.1.55","TCP","66","36818  >  8004 [ACK] Seq=141 Ack=334678 Win=118784 Len=0 TSval=3045561390 TSecr=2916041608"
"62952","37.536107107","192.168.1.2","192.168.1.55","TCP","66","36818  >  8004 [ACK] Seq=141 Ack=379566 Win=118784 Len=0 TSval=3045561390 TSecr=2916041608"
"62953","37.536159885","192.168.1.55","192.168.1.2","TCP","1514","8004  >  36818 [ACK] Seq=424454 Ack=141 Win=65024 Len=1448 TSval=2916041616 TSecr=3045561390 [TCP segment of a reassembled PDU]"
"62954","37.536163256","192.168.1.55","192.168.1.2","TCP","1514","8004  >  36818 [ACK] Seq=425902 Ack=141 Win=65024 Len=1448 TSval=2916041616 TSecr=3045561390 [TCP segment of a reassembled PDU]"
"62955","37.536164626","192.168.1.55","192.168.1.2","TCP","1514","8004  >  36818 [ACK] Seq=427350 Ack=141 Win=65024 Len=1448 TSval=2916041616 TSecr=3045561390 [TCP segment of a reassembled PDU]"
"62956","37.536165904","192.168.1.55","192.168.1.2","TCP","1514","8004  >  36818 [ACK] Seq=428798 Ack=141 Win=65024 Len=1448 TSval=2916041616 TSecr=3045561390 [TCP segment of a reassembled PDU]"
"62957","37.536167404","192.168.1.55","192.168.1.2","TCP","1514","8004  >  36818 [ACK] Seq=430246 Ack=141 Win=65024 Len=1448 TSval=2916041616 TSecr=3045561390 [TCP segment of a reassembled PDU]"
"62958","37.536168626","192.168.1.55","192.168.1.2","TCP","1514","8004  >  36818 [ACK] Seq=431694 Ack=141 Win=65024 Len=1448 TSval=2916041616 TSecr=3045561390 [TCP segment of a reassembled PDU]"
"62959","37.536169719","192.168.1.55","192.168.1.2","TCP","1514","8004  >  36818 [ACK] Seq=433142 Ack=141 Win=65024 Len=1448 TSval=2916041616 TSecr=3045561390 [TCP segment of a reassembled PDU]"
"62960","37.536170719","192.168.1.55","192.168.1.2","TCP","1514","8004  >  36818 [ACK] Seq=434590 Ack=141 Win=65024 Len=1448 TSval=2916041616 TSecr=3045561390 [TCP segment of a reassembled PDU]"
"62961","37.536171682","192.168.1.55","192.168.1.2","TCP","1514","8004  >  36818 [ACK] Seq=436038 Ack=141 Win=65024 Len=1448 TSval=2916041616 TSecr=3045561390 [TCP segment of a reassembled PDU]"
"62962","37.536172996","192.168.1.55","192.168.1.2","TCP","1514","8004  >  36818 [ACK] Seq=437486 Ack=141 Win=65024 Len=1448 TSval=2916041616 TSecr=3045561390 [TCP segment of a reassembled PDU]"
"62963","37.536174015","192.168.1.55","192.168.1.2","TCP","1514","8004  >  36818 [ACK] Seq=438934 Ack=141 Win=65024 Len=1448 TSval=2916041616 TSecr=3045561390 [TCP segment of a reassembled PDU]"
"62964","37.536175441","192.168.1.55","192.168.1.2","TCP","1514","8004  >  36818 [ACK] Seq=440382 Ack=141 Win=65024 Len=1448 TSval=2916041616 TSecr=3045561390 [TCP segment of a reassembled PDU]"
"62965","37.536176811","192.168.1.55","192.168.1.2","TCP","1514","8004  >  36818 [ACK] Seq=441830 Ack=141 Win=65024 Len=1448 TSval=2916041616 TSecr=3045561390 [TCP segment of a reassembled PDU]"
"62966","37.536177941","192.168.1.55","192.168.1.2","TCP","1514","8004  >  36818 [ACK] Seq=443278 Ack=141 Win=65024 Len=1448 TSval=2916041616 TSecr=3045561390 [TCP segment of a reassembled PDU]"
"62967","37.536179459","192.168.1.55","192.168.1.2","TCP","1514","8004  >  36818 [ACK] Seq=444726 Ack=141 Win=65024 Len=1448 TSval=2916041616 TSecr=3045561390 [TCP segment of a reassembled PDU]"
"62968","37.536180737","192.168.1.55","192.168.1.2","TCP","1514","8004  >  36818 [ACK] Seq=446174 Ack=141 Win=65024 Len=1448 TSval=2916041616 TSecr=3045561390 [TCP segment of a reassembled PDU]"
"62969","37.536182756","192.168.1.55","192.168.1.2","TCP","1514","8004  >  36818 [ACK] Seq=447622 Ack=141 Win=65024 Len=1448 TSval=2916041616 TSecr=3045561390 [TCP segment of a reassembled PDU]"
"62970","37.536184515","192.168.1.55","192.168.1.2","TCP","1514","8004  >  36818 [ACK] Seq=449070 Ack=141 Win=65024 Len=1448 TSval=2916041616 TSecr=3045561390 [TCP segment of a reassembled PDU]"
"62971","37.536185811","192.168.1.55","192.168.1.2","TCP","1514","8004  >  36818 [ACK] Seq=450518 Ack=141 Win=65024 Len=1448 TSval=2916041616 TSecr=3045561390 [TCP segment of a reassembled PDU]"
"62972","37.536187034","192.168.1.55","192.168.1.2","TCP","1514","8004  >  36818 [ACK] Seq=451966 Ack=141 Win=65024 Len=1448 TSval=2916041616 TSecr=3045561390 [TCP segment of a reassembled PDU]"
"62973","37.536188367","192.168.1.55","192.168.1.2","TCP","1514","8004  >  36818 [ACK] Seq=453414 Ack=141 Win=65024 Len=1448 TSval=2916041616 TSecr=3045561390 [TCP segment of a reassembled PDU]"
"62974","37.536189941","192.168.1.55","192.168.1.2","TCP","1514","8004  >  36818 [ACK] Seq=454862 Ack=141 Win=65024 Len=1448 TSval=2916041616 TSecr=3045561390 [TCP segment of a reassembled PDU]"
"62975","37.536191459","192.168.1.55","192.168.1.2","TCP","1514","8004  >  36818 [ACK] Seq=456310 Ack=141 Win=65024 Len=1448 TSval=2916041616 TSecr=3045561390 [TCP segment of a reassembled PDU]"
"62976","37.536192645","192.168.1.55","192.168.1.2","TCP","1514","8004  >  36818 [ACK] Seq=457758 Ack=141 Win=65024 Len=1448 TSval=2916041616 TSecr=3045561390 [TCP segment of a reassembled PDU]"
"62977","37.536194071","192.168.1.55","192.168.1.2","TCP","1514","8004  >  36818 [ACK] Seq=459206 Ack=141 Win=65024 Len=1448 TSval=2916041616 TSecr=3045561390 [TCP segment of a reassembled PDU]"
"62978","37.536195645","192.168.1.55","192.168.1.2","TCP","1514","8004  >  36818 [ACK] Seq=460654 Ack=141 Win=65024 Len=1448 TSval=2916041616 TSecr=3045561390 [TCP segment of a reassembled PDU]"
"62979","37.536197200","192.168.1.55","192.168.1.2","TCP","1514","8004  >  36818 [ACK] Seq=462102 Ack=141 Win=65024 Len=1448 TSval=2916041616 TSecr=3045561390 [TCP segment of a reassembled PDU]"
"62980","37.536198459","192.168.1.55","192.168.1.2","TCP","1514","8004  >  36818 [ACK] Seq=463550 Ack=141 Win=65024 Len=1448 TSval=2916041616 TSecr=3045561390 [TCP segment of a reassembled PDU]"
"62981","37.536200126","192.168.1.55","192.168.1.2","TCP","1514","8004  >  36818 [ACK] Seq=464998 Ack=141 Win=65024 Len=1448 TSval=2916041616 TSecr=3045561390 [TCP segment of a reassembled PDU]"
"62982","37.536201478","192.168.1.55","192.168.1.2","TCP","1514","8004  >  36818 [ACK] Seq=466446 Ack=141 Win=65024 Len=1448 TSval=2916041616 TSecr=3045561390 [TCP segment of a reassembled PDU]"
"62983","37.536203200","192.168.1.55","192.168.1.2","TCP","1514","8004  >  36818 [PSH, ACK] Seq=467894 Ack=141 Win=65024 Len=1448 TSval=2916041616 TSecr=3045561390 [TCP segment of a reassembled PDU]"
"62984","37.536209256","192.168.1.2","192.168.1.55","TCP","66","36818  >  8004 [ACK] Seq=141 Ack=382462 Win=124928 Len=0 TSval=3045561390 TSecr=2916041609"
"62985","37.536245737","192.168.1.55","192.168.1.2","TCP","1514","8004  >  36818 [ACK] Seq=469342 Ack=141 Win=65024 Len=1448 TSval=2916041616 TSecr=3045561390 [TCP segment of a reassembled PDU]"
"62986","37.536249311","192.168.1.55","192.168.1.2","TCP","1514","8004  >  36818 [ACK] Seq=470790 Ack=141 Win=65024 Len=1448 TSval=2916041616 TSecr=3045561390 [TCP segment of a reassembled PDU]"
"62987","37.536250534","192.168.1.55","192.168.1.2","TCP","1514","8004  >  36818 [ACK] Seq=472238 Ack=141 Win=65024 Len=1448 TSval=2916041616 TSecr=3045561390 [TCP segment of a reassembled PDU]"
"62988","37.536252478","192.168.1.55","192.168.1.2","TCP","1514","8004  >  36818 [ACK] Seq=473686 Ack=141 Win=65024 Len=1448 TSval=2916041616 TSecr=3045561390 [TCP segment of a reassembled PDU]"
"62989","37.536253978","192.168.1.55","192.168.1.2","TCP","1514","8004  >  36818 [ACK] Seq=475134 Ack=141 Win=65024 Len=1448 TSval=2916041616 TSecr=3045561390 [TCP segment of a reassembled PDU]"
"62990","37.536255034","192.168.1.55","192.168.1.2","TCP","1514","8004  >  36818 [ACK] Seq=476582 Ack=141 Win=65024 Len=1448 TSval=2916041616 TSecr=3045561390 [TCP segment of a reassembled PDU]"
"62991","37.536256182","192.168.1.55","192.168.1.2","TCP","1514","8004  >  36818 [ACK] Seq=478030 Ack=141 Win=65024 Len=1448 TSval=2916041616 TSecr=3045561390 [TCP segment of a reassembled PDU]"
"62992","37.536257200","192.168.1.55","192.168.1.2","TCP","1514","8004  >  36818 [ACK] Seq=479478 Ack=141 Win=65024 Len=1448 TSval=2916041616 TSecr=3045561390 [TCP segment of a reassembled PDU]"
"62993","37.536258274","192.168.1.55","192.168.1.2","TCP","1514","8004  >  36818 [ACK] Seq=480926 Ack=141 Win=65024 Len=1448 TSval=2916041616 TSecr=3045561390 [TCP segment of a reassembled PDU]"
"62994","37.536259478","192.168.1.55","192.168.1.2","TCP","1514","8004  >  36818 [ACK] Seq=482374 Ack=141 Win=65024 Len=1448 TSval=2916041616 TSecr=3045561390 [TCP segment of a reassembled PDU]"
"62995","37.536260460","192.168.1.55","192.168.1.2","TCP","1514","8004  >  36818 [ACK] Seq=483822 Ack=141 Win=65024 Len=1448 TSval=2916041616 TSecr=3045561390 [TCP segment of a reassembled PDU]"
"62996","37.536261793","192.168.1.55","192.168.1.2","TCP","1514","8004  >  36818 [ACK] Seq=485270 Ack=141 Win=65024 Len=1448 TSval=2916041616 TSecr=3045561390 [TCP segment of a reassembled PDU]"
"62997","37.536262941","192.168.1.55","192.168.1.2","TCP","1514","8004  >  36818 [ACK] Seq=486718 Ack=141 Win=65024 Len=1448 TSval=2916041616 TSecr=3045561390 [TCP segment of a reassembled PDU]"
"62998","37.536264200","192.168.1.55","192.168.1.2","TCP","1514","8004  >  36818 [ACK] Seq=488166 Ack=141 Win=65024 Len=1448 TSval=2916041616 TSecr=3045561390 [TCP segment of a reassembled PDU]"
"62999","37.536265534","192.168.1.55","192.168.1.2","TCP","1514","8004  >  36818 [ACK] Seq=489614 Ack=141 Win=65024 Len=1448 TSval=2916041616 TSecr=3045561390 [TCP segment of a reassembled PDU]"
"63000","37.536266626","192.168.1.55","192.168.1.2","TCP","1514","8004  >  36818 [ACK] Seq=491062 Ack=141 Win=65024 Len=1448 TSval=2916041616 TSecr=3045561390 [TCP segment of a reassembled PDU]"
"63001","37.536267719","192.168.1.55","192.168.1.2","TCP","1514","8004  >  36818 [ACK] Seq=492510 Ack=141 Win=65024 Len=1448 TSval=2916041616 TSecr=3045561390 [TCP segment of a reassembled PDU]"
"63002","37.536268774","192.168.1.55","192.168.1.2","TCP","1514","8004  >  36818 [ACK] Seq=493958 Ack=141 Win=65024 Len=1448 TSval=2916041616 TSecr=3045561390 [TCP segment of a reassembled PDU]"
"63003","37.536269904","192.168.1.55","192.168.1.2","TCP","1514","8004  >  36818 [ACK] Seq=495406 Ack=141 Win=65024 Len=1448 TSval=2916041616 TSecr=3045561390 [TCP segment of a reassembled PDU]"
"63004","37.536271034","192.168.1.55","192.168.1.2","TCP","1514","8004  >  36818 [ACK] Seq=496854 Ack=141 Win=65024 Len=1448 TSval=2916041616 TSecr=3045561390 [TCP segment of a reassembled PDU]"
"63005","37.536272330","192.168.1.55","192.168.1.2","HTTP","1472","HTTP/1.0 200 OK  (PNG)"
"63006","37.536276497","192.168.1.2","192.168.1.55","TCP","66","36818  >  8004 [ACK] Seq=141 Ack=383910 Win=128000 Len=0 TSval=3045561391 TSecr=2916041609"
"63007","37.536308700","192.168.1.2","192.168.1.55","TCP","66","36818  >  8004 [ACK] Seq=141 Ack=389702 Win=139264 Len=0 TSval=3045561391 TSecr=2916041614"
"63008","37.537508313","192.168.1.2","192.168.1.55","TCP","66","36818  >  8004 [ACK] Seq=141 Ack=395494 Win=150528 Len=0 TSval=3045561393 TSecr=2916041614"
"63009","37.542354469","192.168.1.2","192.168.1.55","TCP","66","36818  >  8004 [ACK] Seq=141 Ack=402734 Win=164864 Len=0 TSval=3045561398 TSecr=2916041616"
"63010","37.544135602","192.168.1.2","192.168.1.55","TCP","66","36818  >  8004 [ACK] Seq=141 Ack=424454 Win=207872 Len=0 TSval=3045561398 TSecr=2916041616"
"63011","37.544190713","192.168.1.2","192.168.1.55","TCP","66","36818  >  8004 [ACK] Seq=141 Ack=491062 Win=163840 Len=0 TSval=3045561398 TSecr=2916041616"
"63012","37.544759121","192.168.1.2","192.168.1.55","TCP","66","36818  >  8004 [ACK] Seq=141 Ack=498302 Win=220160 Len=0 TSval=3045561399 TSecr=2916041616"
"63013","37.546244883","192.168.1.2","192.168.1.55","TCP","66","36818  >  8004 [FIN, ACK] Seq=141 Ack=499709 Win=223232 Len=0 TSval=3045561401 TSecr=2916041616"
"63014","37.546322254","192.168.1.55","192.168.1.2","TCP","66","8004  >  36818 [ACK] Seq=499709 Ack=142 Win=65024 Len=0 TSval=2916041626 TSecr=3045561401"
"63015","37.546392883","192.168.1.2","192.168.1.55","TCP","74","36824  >  8004 [SYN] Seq=0 Win=64240 Len=0 MSS=1460 SACK_PERM TSval=3045561401 TSecr=0 WS=1024"
"63016","37.546449680","192.168.1.55","192.168.1.2","TCP","74","8004  >  36824 [SYN, ACK] Seq=0 Ack=1 Win=65160 Len=0 MSS=1460 SACK_PERM TSval=2916041627 TSecr=3045561401 WS=128"
"63017","37.549736148","192.168.1.2","192.168.1.55","TCP","66","36824  >  8004 [ACK] Seq=1 Ack=1 Win=64512 Len=0 TSval=3045561404 TSecr=2916041627"
"63018","37.552947857","192.168.1.2","192.168.1.55","HTTP","209","GET /original_benchmark.png HTTP/1.1 "
"63019","37.552980153","192.168.1.55","192.168.1.2","TCP","66","8004  >  36824 [ACK] Seq=1 Ack=144 Win=65024 Len=0 TSval=2916041633 TSecr=3045561404"
"63020","37.553654802","192.168.1.55","192.168.1.2","TCP","255","8004  >  36824 [PSH, ACK] Seq=1 Ack=144 Win=65024 Len=189 TSval=2916041634 TSecr=3045561404 [TCP segment of a reassembled PDU]"
"63021","37.553765636","192.168.1.55","192.168.1.2","TCP","1514","8004  >  36824 [ACK] Seq=190 Ack=144 Win=65024 Len=1448 TSval=2916041634 TSecr=3045561404 [TCP segment of a reassembled PDU]"
"63022","37.553771784","192.168.1.55","192.168.1.2","TCP","1514","8004  >  36824 [ACK] Seq=1638 Ack=144 Win=65024 Len=1448 TSval=2916041634 TSecr=3045561404 [TCP segment of a reassembled PDU]"
"63023","37.553773025","192.168.1.55","192.168.1.2","TCP","1514","8004  >  36824 [ACK] Seq=3086 Ack=144 Win=65024 Len=1448 TSval=2916041634 TSecr=3045561404 [TCP segment of a reassembled PDU]"
"63024","37.553774043","192.168.1.55","192.168.1.2","TCP","1514","8004  >  36824 [ACK] Seq=4534 Ack=144 Win=65024 Len=1448 TSval=2916041634 TSecr=3045561404 [TCP segment of a reassembled PDU]"
"63025","37.553776173","192.168.1.55","192.168.1.2","TCP","1514","8004  >  36824 [PSH, ACK] Seq=5982 Ack=144 Win=65024 Len=1448 TSval=2916041634 TSecr=3045561404 [TCP segment of a reassembled PDU]"
"63026","37.553797136","192.168.1.55","192.168.1.2","TCP","1514","8004  >  36824 [ACK] Seq=7430 Ack=144 Win=65024 Len=1448 TSval=2916041634 TSecr=3045561404 [TCP segment of a reassembled PDU]"
"63027","37.553799136","192.168.1.55","192.168.1.2","TCP","1514","8004  >  36824 [ACK] Seq=8878 Ack=144 Win=65024 Len=1448 TSval=2916041634 TSecr=3045561404 [TCP segment of a reassembled PDU]"
"63028","37.553800488","192.168.1.55","192.168.1.2","TCP","1514","8004  >  36824 [ACK] Seq=10326 Ack=144 Win=65024 Len=1448 TSval=2916041634 TSecr=3045561404 [TCP segment of a reassembled PDU]"
"63029","37.553802006","192.168.1.55","192.168.1.2","TCP","1514","8004  >  36824 [PSH, ACK] Seq=11774 Ack=144 Win=65024 Len=1448 TSval=2916041634 TSecr=3045561404 [TCP segment of a reassembled PDU]"
"63030","37.557612698","192.168.1.2","192.168.1.55","TCP","66","36824  >  8004 [ACK] Seq=144 Ack=190 Win=64512 Len=0 TSval=3045561412 TSecr=2916041634"
"63031","37.557684013","192.168.1.55","192.168.1.2","TCP","1514","8004  >  36824 [ACK] Seq=13222 Ack=144 Win=65024 Len=1448 TSval=2916041638 TSecr=3045561412 [TCP segment of a reassembled PDU]"
"63032","37.557694068","192.168.1.55","192.168.1.2","TCP","1514","8004  >  36824 [PSH, ACK] Seq=14670 Ack=144 Win=65024 Len=1448 TSval=2916041638 TSecr=3045561412 [TCP segment of a reassembled PDU]"
"63033","37.557773698","192.168.1.2","192.168.1.55","TCP","66","36824  >  8004 [ACK] Seq=144 Ack=3086 Win=70656 Len=0 TSval=3045561412 TSecr=2916041634"
"63034","37.557784568","192.168.1.2","192.168.1.55","TCP","66","36824  >  8004 [ACK] Seq=144 Ack=7430 Win=79872 Len=0 TSval=3045561412 TSecr=2916041634"
"63035","37.557822957","192.168.1.55","192.168.1.2","TCP","1514","8004  >  36824 [ACK] Seq=16118 Ack=144 Win=65024 Len=1448 TSval=2916041638 TSecr=3045561412 [TCP segment of a reassembled PDU]"
"63036","37.557825180","192.168.1.55","192.168.1.2","TCP","1514","8004  >  36824 [ACK] Seq=17566 Ack=144 Win=65024 Len=1448 TSval=2916041638 TSecr=3045561412 [TCP segment of a reassembled PDU]"
"63037","37.557827068","192.168.1.55","192.168.1.2","TCP","1514","8004  >  36824 [ACK] Seq=19014 Ack=144 Win=65024 Len=1448 TSval=2916041638 TSecr=3045561412 [TCP segment of a reassembled PDU]"
"63038","37.557828291","192.168.1.55","192.168.1.2","TCP","1514","8004  >  36824 [ACK] Seq=20462 Ack=144 Win=65024 Len=1448 TSval=2916041638 TSecr=3045561412 [TCP segment of a reassembled PDU]"
"63039","37.557830217","192.168.1.55","192.168.1.2","TCP","1514","8004  >  36824 [ACK] Seq=21910 Ack=144 Win=65024 Len=1448 TSval=2916041638 TSecr=3045561412 [TCP segment of a reassembled PDU]"
"63040","37.557831754","192.168.1.55","192.168.1.2","TCP","1514","8004  >  36824 [ACK] Seq=23358 Ack=144 Win=65024 Len=1448 TSval=2916041638 TSecr=3045561412 [TCP segment of a reassembled PDU]"
"63041","37.557833457","192.168.1.55","192.168.1.2","TCP","1514","8004  >  36824 [ACK] Seq=24806 Ack=144 Win=65024 Len=1448 TSval=2916041638 TSecr=3045561412 [TCP segment of a reassembled PDU]"
"63042","37.557835717","192.168.1.55","192.168.1.2","TCP","1514","8004  >  36824 [PSH, ACK] Seq=26254 Ack=144 Win=65024 Len=1448 TSval=2916041638 TSecr=3045561412 [TCP segment of a reassembled PDU]"
"63043","37.557840383","192.168.1.2","192.168.1.55","TCP","66","36824  >  8004 [ACK] Seq=144 Ack=13222 Win=81920 Len=0 TSval=3045561412 TSecr=2916041634"
"63044","37.557876272","192.168.1.55","192.168.1.2","TCP","1514","8004  >  36824 [ACK] Seq=27702 Ack=144 Win=65024 Len=1448 TSval=2916041638 TSecr=3045561412 [TCP segment of a reassembled PDU]"
"63045","37.557881643","192.168.1.55","192.168.1.2","TCP","1514","8004  >  36824 [ACK] Seq=29150 Ack=144 Win=65024 Len=1448 TSval=2916041638 TSecr=3045561412 [TCP segment of a reassembled PDU]"
"63046","37.557884680","192.168.1.55","192.168.1.2","TCP","1514","8004  >  36824 [ACK] Seq=30598 Ack=144 Win=65024 Len=1448 TSval=2916041638 TSecr=3045561412 [TCP segment of a reassembled PDU]"
"63047","37.557887772","192.168.1.55","192.168.1.2","TCP","1514","8004  >  36824 [ACK] Seq=32046 Ack=144 Win=65024 Len=1448 TSval=2916041638 TSecr=3045561412 [TCP segment of a reassembled PDU]"
"63048","37.557889309","192.168.1.55","192.168.1.2","TCP","1514","8004  >  36824 [ACK] Seq=33494 Ack=144 Win=65024 Len=1448 TSval=2916041638 TSecr=3045561412 [TCP segment of a reassembled PDU]"
"63049","37.557892087","192.168.1.55","192.168.1.2","TCP","1514","8004  >  36824 [ACK] Seq=34942 Ack=144 Win=65024 Len=1448 TSval=2916041638 TSecr=3045561412 [TCP segment of a reassembled PDU]"
"63050","37.557894124","192.168.1.55","192.168.1.2","TCP","1514","8004  >  36824 [ACK] Seq=36390 Ack=144 Win=65024 Len=1448 TSval=2916041638 TSecr=3045561412 [TCP segment of a reassembled PDU]"
"63051","37.557895995","192.168.1.55","192.168.1.2","TCP","1514","8004  >  36824 [ACK] Seq=37838 Ack=144 Win=65024 Len=1448 TSval=2916041638 TSecr=3045561412 [TCP segment of a reassembled PDU]"
"63052","37.557897735","192.168.1.55","192.168.1.2","TCP","1514","8004  >  36824 [ACK] Seq=39286 Ack=144 Win=65024 Len=1448 TSval=2916041638 TSecr=3045561412 [TCP segment of a reassembled PDU]"
"63053","37.557899254","192.168.1.55","192.168.1.2","TCP","1514","8004  >  36824 [PSH, ACK] Seq=40734 Ack=144 Win=65024 Len=1448 TSval=2916041638 TSecr=3045561412 [TCP segment of a reassembled PDU]"
"63054","37.562471428","192.168.1.2","192.168.1.55","TCP","66","36824  >  8004 [ACK] Seq=144 Ack=16118 Win=88064 Len=0 TSval=3045561417 TSecr=2916041638"
"63055","37.562554743","192.168.1.55","192.168.1.2","TCP","1514","8004  >  36824 [ACK] Seq=42182 Ack=144 Win=65024 Len=1448 TSval=2916041643 TSecr=3045561417 [TCP segment of a reassembled PDU]"
"63056","37.562563132","192.168.1.55","192.168.1.2","TCP","1514","8004  >  36824 [PSH, ACK] Seq=43630 Ack=144 Win=65024 Len=1448 TSval=2916041643 TSecr=3045561417 [TCP segment of a reassembled PDU]"
"63057","37.562640632","192.168.1.2","192.168.1.55","TCP","66","36824  >  8004 [ACK] Seq=144 Ack=27702 Win=79872 Len=0 TSval=3045561417 TSecr=2916041638"
"63058","37.562684613","192.168.1.55","192.168.1.2","TCP","1514","8004  >  36824 [ACK] Seq=45078 Ack=144 Win=65024 Len=1448 TSval=2916041643 TSecr=3045561417 [TCP segment of a reassembled PDU]"
"63059","37.562687261","192.168.1.55","192.168.1.2","TCP","1514","8004  >  36824 [ACK] Seq=46526 Ack=144 Win=65024 Len=1448 TSval=2916041643 TSecr=3045561417 [TCP segment of a reassembled PDU]"
"63060","37.562689113","192.168.1.55","192.168.1.2","TCP","1514","8004  >  36824 [ACK] Seq=47974 Ack=144 Win=65024 Len=1448 TSval=2916041643 TSecr=3045561417 [TCP segment of a reassembled PDU]"
"63061","37.562690465","192.168.1.55","192.168.1.2","TCP","1514","8004  >  36824 [ACK] Seq=49422 Ack=144 Win=65024 Len=1448 TSval=2916041643 TSecr=3045561417 [TCP segment of a reassembled PDU]"
"63062","37.562691762","192.168.1.55","192.168.1.2","TCP","1514","8004  >  36824 [ACK] Seq=50870 Ack=144 Win=65024 Len=1448 TSval=2916041643 TSecr=3045561417 [TCP segment of a reassembled PDU]"
"63063","37.562693132","192.168.1.55","192.168.1.2","TCP","1514","8004  >  36824 [ACK] Seq=52318 Ack=144 Win=65024 Len=1448 TSval=2916041643 TSecr=3045561417 [TCP segment of a reassembled PDU]"
"63064","37.562694799","192.168.1.55","192.168.1.2","TCP","1514","8004  >  36824 [ACK] Seq=53766 Ack=144 Win=65024 Len=1448 TSval=2916041643 TSecr=3045561417 [TCP segment of a reassembled PDU]"
"63065","37.562696576","192.168.1.55","192.168.1.2","TCP","1514","8004  >  36824 [ACK] Seq=55214 Ack=144 Win=65024 Len=1448 TSval=2916041643 TSecr=3045561417 [TCP segment of a reassembled PDU]"
"63066","37.562697928","192.168.1.55","192.168.1.2","TCP","1514","8004  >  36824 [ACK] Seq=56662 Ack=144 Win=65024 Len=1448 TSval=2916041643 TSecr=3045561417 [TCP segment of a reassembled PDU]"
"63067","37.562699595","192.168.1.55","192.168.1.2","TCP","1514","8004  >  36824 [ACK] Seq=58110 Ack=144 Win=65024 Len=1448 TSval=2916041643 TSecr=3045561417 [TCP segment of a reassembled PDU]"
"63068","37.562700947","192.168.1.55","192.168.1.2","TCP","1514","8004  >  36824 [ACK] Seq=59558 Ack=144 Win=65024 Len=1448 TSval=2916041643 TSecr=3045561417 [TCP segment of a reassembled PDU]"
"63069","37.562702410","192.168.1.55","192.168.1.2","TCP","1514","8004  >  36824 [ACK] Seq=61006 Ack=144 Win=65024 Len=1448 TSval=2916041643 TSecr=3045561417 [TCP segment of a reassembled PDU]"
"63070","37.562703928","192.168.1.55","192.168.1.2","TCP","1514","8004  >  36824 [ACK] Seq=62454 Ack=144 Win=65024 Len=1448 TSval=2916041643 TSecr=3045561417 [TCP segment of a reassembled PDU]"
"63071","37.562705558","192.168.1.55","192.168.1.2","TCP","1514","8004  >  36824 [ACK] Seq=63902 Ack=144 Win=65024 Len=1448 TSval=2916041643 TSecr=3045561417 [TCP segment of a reassembled PDU]"
"63072","37.562707224","192.168.1.55","192.168.1.2","TCP","1514","8004  >  36824 [PSH, ACK] Seq=65350 Ack=144 Win=65024 Len=1448 TSval=2916041643 TSecr=3045561417 [TCP segment of a reassembled PDU]"
"63073","37.562712743","192.168.1.2","192.168.1.55","TCP","66","36824  >  8004 [ACK] Seq=144 Ack=42182 Win=79872 Len=0 TSval=3045561418 TSecr=2916041638"
"63074","37.562763132","192.168.1.55","192.168.1.2","TCP","1514","8004  >  36824 [ACK] Seq=66798 Ack=144 Win=65024 Len=1448 TSval=2916041643 TSecr=3045561418 [TCP segment of a reassembled PDU]"
"63075","37.562767910","192.168.1.55","192.168.1.2","TCP","1514","8004  >  36824 [ACK] Seq=68246 Ack=144 Win=65024 Len=1448 TSval=2916041643 TSecr=3045561418 [TCP segment of a reassembled PDU]"
"63076","37.562771762","192.168.1.55","192.168.1.2","TCP","1514","8004  >  36824 [ACK] Seq=69694 Ack=144 Win=65024 Len=1448 TSval=2916041643 TSecr=3045561418 [TCP segment of a reassembled PDU]"
"63077","37.562773317","192.168.1.55","192.168.1.2","TCP","1514","8004  >  36824 [ACK] Seq=71142 Ack=144 Win=65024 Len=1448 TSval=2916041643 TSecr=3045561418 [TCP segment of a reassembled PDU]"
"63078","37.562775725","192.168.1.55","192.168.1.2","TCP","1514","8004  >  36824 [ACK] Seq=72590 Ack=144 Win=65024 Len=1448 TSval=2916041643 TSecr=3045561418 [TCP segment of a reassembled PDU]"
"63079","37.562777280","192.168.1.55","192.168.1.2","TCP","1514","8004  >  36824 [ACK] Seq=74038 Ack=144 Win=65024 Len=1448 TSval=2916041643 TSecr=3045561418 [TCP segment of a reassembled PDU]"
"63080","37.562779188","192.168.1.55","192.168.1.2","TCP","1514","8004  >  36824 [PSH, ACK] Seq=75486 Ack=144 Win=65024 Len=1448 TSval=2916041643 TSecr=3045561418 [TCP segment of a reassembled PDU]"
"63081","37.562818114","192.168.1.55","192.168.1.2","TCP","1514","8004  >  36824 [ACK] Seq=76934 Ack=144 Win=65024 Len=1448 TSval=2916041643 TSecr=3045561418 [TCP segment of a reassembled PDU]"
"63082","37.562822373","192.168.1.55","192.168.1.2","TCP","1514","8004  >  36824 [ACK] Seq=78382 Ack=144 Win=65024 Len=1448 TSval=2916041643 TSecr=3045561418 [TCP segment of a reassembled PDU]"
"63083","37.562824539","192.168.1.55","192.168.1.2","TCP","1514","8004  >  36824 [ACK] Seq=79830 Ack=144 Win=65024 Len=1448 TSval=2916041643 TSecr=3045561418 [TCP segment of a reassembled PDU]"
"63084","37.562826002","192.168.1.55","192.168.1.2","TCP","1514","8004  >  36824 [ACK] Seq=81278 Ack=144 Win=65024 Len=1448 TSval=2916041643 TSecr=3045561418 [TCP segment of a reassembled PDU]"
"63085","37.562827910","192.168.1.55","192.168.1.2","TCP","1514","8004  >  36824 [ACK] Seq=82726 Ack=144 Win=65024 Len=1448 TSval=2916041643 TSecr=3045561418 [TCP segment of a reassembled PDU]"
"63086","37.562829410","192.168.1.55","192.168.1.2","TCP","1514","8004  >  36824 [ACK] Seq=84174 Ack=144 Win=65024 Len=1448 TSval=2916041643 TSecr=3045561418 [TCP segment of a reassembled PDU]"
"63087","37.562831058","192.168.1.55","192.168.1.2","TCP","1514","8004  >  36824 [ACK] Seq=85622 Ack=144 Win=65024 Len=1448 TSval=2916041643 TSecr=3045561418 [TCP segment of a reassembled PDU]"
"63088","37.562832910","192.168.1.55","192.168.1.2","TCP","1514","8004  >  36824 [ACK] Seq=87070 Ack=144 Win=65024 Len=1448 TSval=2916041643 TSecr=3045561418 [TCP segment of a reassembled PDU]"
"63089","37.562834428","192.168.1.55","192.168.1.2","TCP","1514","8004  >  36824 [ACK] Seq=88518 Ack=144 Win=65024 Len=1448 TSval=2916041643 TSecr=3045561418 [TCP segment of a reassembled PDU]"
"63090","37.562835706","192.168.1.55","192.168.1.2","TCP","1514","8004  >  36824 [ACK] Seq=89966 Ack=144 Win=65024 Len=1448 TSval=2916041643 TSecr=3045561418 [TCP segment of a reassembled PDU]"
"63091","37.562836928","192.168.1.55","192.168.1.2","TCP","1514","8004  >  36824 [ACK] Seq=91414 Ack=144 Win=65024 Len=1448 TSval=2916041643 TSecr=3045561418 [TCP segment of a reassembled PDU]"
"63092","37.562838114","192.168.1.55","192.168.1.2","TCP","1514","8004  >  36824 [ACK] Seq=92862 Ack=144 Win=65024 Len=1448 TSval=2916041643 TSecr=3045561418 [TCP segment of a reassembled PDU]"
"63093","37.562840262","192.168.1.55","192.168.1.2","TCP","1514","8004  >  36824 [ACK] Seq=94310 Ack=144 Win=65024 Len=1448 TSval=2916041643 TSecr=3045561418 [TCP segment of a reassembled PDU]"
"63094","37.562843077","192.168.1.55","192.168.1.2","TCP","1514","8004  >  36824 [ACK] Seq=95758 Ack=144 Win=65024 Len=1448 TSval=2916041643 TSecr=3045561418 [TCP segment of a reassembled PDU]"
"63095","37.562844243","192.168.1.55","192.168.1.2","TCP","1514","8004  >  36824 [ACK] Seq=97206 Ack=144 Win=65024 Len=1448 TSval=2916041643 TSecr=3045561418 [TCP segment of a reassembled PDU]"
"63096","37.562845632","192.168.1.55","192.168.1.2","TCP","1514","8004  >  36824 [PSH, ACK] Seq=98654 Ack=144 Win=65024 Len=1448 TSval=2916041643 TSecr=3045561418 [TCP segment of a reassembled PDU]"
"63097","37.568572864","192.168.1.2","192.168.1.55","TCP","66","36824  >  8004 [ACK] Seq=144 Ack=45078 Win=88064 Len=0 TSval=3045561422 TSecr=2916041643"
"63098","37.568601660","192.168.1.55","192.168.1.2","TCP","1514","8004  >  36824 [ACK] Seq=100102 Ack=144 Win=65024 Len=1448 TSval=2916041649 TSecr=3045561422 [TCP segment of a reassembled PDU]"
"63099","37.568605623","192.168.1.55","192.168.1.2","TCP","1514","8004  >  36824 [ACK] Seq=101550 Ack=144 Win=65024 Len=1448 TSval=2916041649 TSecr=3045561422 [TCP segment of a reassembled PDU]"
"63100","37.568606753","192.168.1.55","192.168.1.2","TCP","1514","8004  >  36824 [ACK] Seq=102998 Ack=144 Win=65024 Len=1448 TSval=2916041649 TSecr=3045561422 [TCP segment of a reassembled PDU]"
"63101","37.568607901","192.168.1.55","192.168.1.2","TCP","1514","8004  >  36824 [PSH, ACK] Seq=104446 Ack=144 Win=65024 Len=1448 TSval=2916041649 TSecr=3045561422 [TCP segment of a reassembled PDU]"
"63102","37.568867883","192.168.1.2","192.168.1.55","TCP","66","36824  >  8004 [ACK] Seq=144 Ack=66798 Win=72704 Len=0 TSval=3045561422 TSecr=2916041643"
"63103","37.568884438","192.168.1.55","192.168.1.2","TCP","1514","8004  >  36824 [ACK] Seq=105894 Ack=144 Win=65024 Len=1448 TSval=2916041649 TSecr=3045561422 [TCP segment of a reassembled PDU]"
"63104","37.568885827","192.168.1.55","192.168.1.2","TCP","1514","8004  >  36824 [ACK] Seq=107342 Ack=144 Win=65024 Len=1448 TSval=2916041649 TSecr=3045561422 [TCP segment of a reassembled PDU]"
"63105","37.568886938","192.168.1.55","192.168.1.2","TCP","1514","8004  >  36824 [ACK] Seq=108790 Ack=144 Win=65024 Len=1448 TSval=2916041649 TSecr=3045561422 [TCP segment of a reassembled PDU]"
"63106","37.568888012","192.168.1.55","192.168.1.2","TCP","1514","8004  >  36824 [ACK] Seq=110238 Ack=144 Win=65024 Len=1448 TSval=2916041649 TSecr=3045561422 [TCP segment of a reassembled PDU]"
"63107","37.568889068","192.168.1.55","192.168.1.2","TCP","1514","8004  >  36824 [ACK] Seq=111686 Ack=144 Win=65024 Len=1448 TSval=2916041649 TSecr=3045561422 [TCP segment of a reassembled PDU]"
"63108","37.568890179","192.168.1.55","192.168.1.2","TCP","1514","8004  >  36824 [ACK] Seq=113134 Ack=144 Win=65024 Len=1448 TSval=2916041649 TSecr=3045561422 [TCP segment of a reassembled PDU]"
"63109","37.568891253","192.168.1.55","192.168.1.2","TCP","1514","8004  >  36824 [ACK] Seq=114582 Ack=144 Win=65024 Len=1448 TSval=2916041649 TSecr=3045561422 [TCP segment of a reassembled PDU]"
"63110","37.568892383","192.168.1.55","192.168.1.2","TCP","1514","8004  >  36824 [ACK] Seq=116030 Ack=144 Win=65024 Len=1448 TSval=2916041649 TSecr=3045561422 [TCP segment of a reassembled PDU]"
"63111","37.568893531","192.168.1.55","192.168.1.2","TCP","1514","8004  >  36824 [ACK] Seq=117478 Ack=144 Win=65024 Len=1448 TSval=2916041649 TSecr=3045561422 [TCP segment of a reassembled PDU]"
"63112","37.568894605","192.168.1.55","192.168.1.2","TCP","1514","8004  >  36824 [PSH, ACK] Seq=118926 Ack=144 Win=65024 Len=1448 TSval=2916041649 TSecr=3045561422 [TCP segment of a reassembled PDU]"
"63113","37.568900383","192.168.1.2","192.168.1.55","TCP","66","36824  >  8004 [ACK] Seq=144 Ack=76934 Win=63488 Len=0 TSval=3045561422 TSecr=2916041643"
"63114","37.568905938","192.168.1.2","192.168.1.55","TCP","66","36824  >  8004 [ACK] Seq=144 Ack=100102 Win=60416 Len=0 TSval=3045561422 TSecr=2916041643"
"63115","37.568966457","192.168.1.55","192.168.1.2","TCP","1514","8004  >  36824 [ACK] Seq=120374 Ack=144 Win=65024 Len=1448 TSval=2916041649 TSecr=3045561422 [TCP segment of a reassembled PDU]"
"63116","37.568970809","192.168.1.55","192.168.1.2","TCP","1514","8004  >  36824 [ACK] Seq=121822 Ack=144 Win=65024 Len=1448 TSval=2916041649 TSecr=3045561422 [TCP segment of a reassembled PDU]"
"63117","37.568977290","192.168.1.55","192.168.1.2","TCP","1514","8004  >  36824 [ACK] Seq=123270 Ack=144 Win=65024 Len=1448 TSval=2916041649 TSecr=3045561422 [TCP segment of a reassembled PDU]"
"63118","37.568978586","192.168.1.55","192.168.1.2","TCP","1514","8004  >  36824 [ACK] Seq=124718 Ack=144 Win=65024 Len=1448 TSval=2916041649 TSecr=3045561422 [TCP segment of a reassembled PDU]"
"63119","37.568979753","192.168.1.55","192.168.1.2","TCP","1514","8004  >  36824 [ACK] Seq=126166 Ack=144 Win=65024 Len=1448 TSval=2916041649 TSecr=3045561422 [TCP segment of a reassembled PDU]"
"63120","37.568981124","192.168.1.55","192.168.1.2","TCP","1514","8004  >  36824 [ACK] Seq=127614 Ack=144 Win=65024 Len=1448 TSval=2916041649 TSecr=3045561422 [TCP segment of a reassembled PDU]"
"63121","37.568982179","192.168.1.55","192.168.1.2","TCP","1514","8004  >  36824 [ACK] Seq=129062 Ack=144 Win=65024 Len=1448 TSval=2916041649 TSecr=3045561422 [TCP segment of a reassembled PDU]"
"63122","37.568983309","192.168.1.55","192.168.1.2","TCP","1514","8004  >  36824 [ACK] Seq=130510 Ack=144 Win=65024 Len=1448 TSval=2916041649 TSecr=3045561422 [TCP segment of a reassembled PDU]"
"63123","37.568984512","192.168.1.55","192.168.1.2","TCP","1514","8004  >  36824 [ACK] Seq=131958 Ack=144 Win=65024 Len=1448 TSval=2916041649 TSecr=3045561422 [TCP segment of a reassembled PDU]"
"63124","37.568985716","192.168.1.55","192.168.1.2","TCP","1514","8004  >  36824 [ACK] Seq=133406 Ack=144 Win=65024 Len=1448 TSval=2916041649 TSecr=3045561422 [TCP segment of a reassembled PDU]"
"63125","37.568986790","192.168.1.55","192.168.1.2","TCP","1514","8004  >  36824 [ACK] Seq=134854 Ack=144 Win=65024 Len=1448 TSval=2916041649 TSecr=3045561422 [TCP segment of a reassembled PDU]"
"63126","37.568987957","192.168.1.55","192.168.1.2","TCP","1514","8004  >  36824 [ACK] Seq=136302 Ack=144 Win=65024 Len=1448 TSval=2916041649 TSecr=3045561422 [TCP segment of a reassembled PDU]"
"63127","37.568989105","192.168.1.55","192.168.1.2","TCP","1514","8004  >  36824 [ACK] Seq=137750 Ack=144 Win=65024 Len=1448 TSval=2916041649 TSecr=3045561422 [TCP segment of a reassembled PDU]"
"63128","37.568990624","192.168.1.55","192.168.1.2","TCP","1514","8004  >  36824 [ACK] Seq=139198 Ack=144 Win=65024 Len=1448 TSval=2916041649 TSecr=3045561422 [TCP segment of a reassembled PDU]"
"63129","37.568991809","192.168.1.55","192.168.1.2","TCP","1514","8004  >  36824 [ACK] Seq=140646 Ack=144 Win=65024 Len=1448 TSval=2916041649 TSecr=3045561422 [TCP segment of a reassembled PDU]"
"63130","37.568993049","192.168.1.55","192.168.1.2","TCP","1514","8004  >  36824 [ACK] Seq=142094 Ack=144 Win=65024 Len=1448 TSval=2916041649 TSecr=3045561422 [TCP segment of a reassembled PDU]"
"63131","37.568994179","192.168.1.55","192.168.1.2","TCP","1514","8004  >  36824 [ACK] Seq=143542 Ack=144 Win=65024 Len=1448 TSval=2916041649 TSecr=3045561422 [TCP segment of a reassembled PDU]"
"63132","37.568995586","192.168.1.55","192.168.1.2","TCP","1514","8004  >  36824 [ACK] Seq=144990 Ack=144 Win=65024 Len=1448 TSval=2916041649 TSecr=3045561422 [TCP segment of a reassembled PDU]"
"63133","37.568996716","192.168.1.55","192.168.1.2","TCP","1514","8004  >  36824 [ACK] Seq=146438 Ack=144 Win=65024 Len=1448 TSval=2916041649 TSecr=3045561422 [TCP segment of a reassembled PDU]"
"63134","37.568998253","192.168.1.55","192.168.1.2","TCP","1514","8004  >  36824 [ACK] Seq=147886 Ack=144 Win=65024 Len=1448 TSval=2916041649 TSecr=3045561422 [TCP segment of a reassembled PDU]"
"63135","37.568999494","192.168.1.55","192.168.1.2","TCP","1514","8004  >  36824 [ACK] Seq=149334 Ack=144 Win=65024 Len=1448 TSval=2916041649 TSecr=3045561422 [TCP segment of a reassembled PDU]"
"63136","37.569000698","192.168.1.55","192.168.1.2","TCP","1514","8004  >  36824 [ACK] Seq=150782 Ack=144 Win=65024 Len=1448 TSval=2916041649 TSecr=3045561422 [TCP segment of a reassembled PDU]"
"63137","37.569002087","192.168.1.55","192.168.1.2","TCP","1514","8004  >  36824 [ACK] Seq=152230 Ack=144 Win=65024 Len=1448 TSval=2916041649 TSecr=3045561422 [TCP segment of a reassembled PDU]"
"63138","37.569003364","192.168.1.55","192.168.1.2","TCP","1514","8004  >  36824 [ACK] Seq=153678 Ack=144 Win=65024 Len=1448 TSval=2916041649 TSecr=3045561422 [TCP segment of a reassembled PDU]"
"63139","37.569005272","192.168.1.55","192.168.1.2","TCP","1514","8004  >  36824 [ACK] Seq=155126 Ack=144 Win=65024 Len=1448 TSval=2916041649 TSecr=3045561422 [TCP segment of a reassembled PDU]"
"63140","37.569006420","192.168.1.55","192.168.1.2","TCP","1514","8004  >  36824 [ACK] Seq=156574 Ack=144 Win=65024 Len=1448 TSval=2916041649 TSecr=3045561422 [TCP segment of a reassembled PDU]"
"63141","37.569007624","192.168.1.55","192.168.1.2","TCP","1514","8004  >  36824 [ACK] Seq=158022 Ack=144 Win=65024 Len=1448 TSval=2916041649 TSecr=3045561422 [TCP segment of a reassembled PDU]"
"63142","37.569008864","192.168.1.55","192.168.1.2","TCP","1114","[TCP Window Full] 8004  >  36824 [PSH, ACK] Seq=159470 Ack=144 Win=65024 Len=1048 TSval=2916041649 TSecr=3045561422 [TCP segment of a reassembled PDU]"
"63143","37.575881412","192.168.1.2","192.168.1.55","TCP","66","36824  >  8004 [ACK] Seq=144 Ack=105894 Win=86016 Len=0 TSval=3045561429 TSecr=2916041649"
"63144","37.575908024","192.168.1.55","192.168.1.2","TCP","1514","8004  >  36824 [ACK] Seq=160518 Ack=144 Win=65024 Len=1448 TSval=2916041656 TSecr=3045561429 [TCP segment of a reassembled PDU]"
"63145","37.575911931","192.168.1.55","192.168.1.2","TCP","1514","8004  >  36824 [PSH, ACK] Seq=161966 Ack=144 Win=65024 Len=1448 TSval=2916041656 TSecr=3045561429 [TCP segment of a reassembled PDU]"
"63146","37.575918061","192.168.1.55","192.168.1.2","TCP","466","8004  >  36824 [ACK] Seq=163414 Ack=144 Win=65024 Len=400 TSval=2916041656 TSecr=3045561429 [TCP segment of a reassembled PDU]"
"63147","37.575976635","192.168.1.2","192.168.1.55","TCP","66","36824  >  8004 [ACK] Seq=144 Ack=110238 Win=88064 Len=0 TSval=3045561429 TSecr=2916041649"
"63148","37.576007542","192.168.1.55","192.168.1.2","TCP","1514","8004  >  36824 [ACK] Seq=163814 Ack=144 Win=65024 Len=1448 TSval=2916041656 TSecr=3045561429 [TCP segment of a reassembled PDU]"
"63149","37.576009394","192.168.1.55","192.168.1.2","TCP","1514","8004  >  36824 [ACK] Seq=165262 Ack=144 Win=65024 Len=1448 TSval=2916041656 TSecr=3045561429 [TCP segment of a reassembled PDU]"
"63150","37.576010616","192.168.1.55","192.168.1.2","TCP","1514","8004  >  36824 [ACK] Seq=166710 Ack=144 Win=65024 Len=1448 TSval=2916041656 TSecr=3045561429 [TCP segment of a reassembled PDU]"
"63151","37.576011690","192.168.1.55","192.168.1.2","TCP","1514","8004  >  36824 [ACK] Seq=168158 Ack=144 Win=65024 Len=1448 TSval=2916041656 TSecr=3045561429 [TCP segment of a reassembled PDU]"
"63152","37.576012839","192.168.1.55","192.168.1.2","TCP","1514","8004  >  36824 [ACK] Seq=169606 Ack=144 Win=65024 Len=1448 TSval=2916041656 TSecr=3045561429 [TCP segment of a reassembled PDU]"
"63153","37.576013931","192.168.1.55","192.168.1.2","TCP","1514","8004  >  36824 [ACK] Seq=171054 Ack=144 Win=65024 Len=1448 TSval=2916041656 TSecr=3045561429 [TCP segment of a reassembled PDU]"
"63154","37.576015061","192.168.1.55","192.168.1.2","TCP","1514","8004  >  36824 [ACK] Seq=172502 Ack=144 Win=65024 Len=1448 TSval=2916041656 TSecr=3045561429 [TCP segment of a reassembled PDU]"
"63155","37.576016468","192.168.1.55","192.168.1.2","TCP","1514","8004  >  36824 [ACK] Seq=173950 Ack=144 Win=65024 Len=1448 TSval=2916041656 TSecr=3045561429 [TCP segment of a reassembled PDU]"
"63156","37.576017709","192.168.1.55","192.168.1.2","TCP","1514","8004  >  36824 [ACK] Seq=175398 Ack=144 Win=65024 Len=1448 TSval=2916041656 TSecr=3045561429 [TCP segment of a reassembled PDU]"
"63157","37.576018783","192.168.1.55","192.168.1.2","TCP","1514","8004  >  36824 [ACK] Seq=176846 Ack=144 Win=65024 Len=1448 TSval=2916041656 TSecr=3045561429 [TCP segment of a reassembled PDU]"
"63158","37.576019950","192.168.1.55","192.168.1.2","TCP","1514","8004  >  36824 [ACK] Seq=178294 Ack=144 Win=65024 Len=1448 TSval=2916041656 TSecr=3045561429 [TCP segment of a reassembled PDU]"
"63159","37.576021079","192.168.1.55","192.168.1.2","TCP","1514","8004  >  36824 [ACK] Seq=179742 Ack=144 Win=65024 Len=1448 TSval=2916041656 TSecr=3045561429 [TCP segment of a reassembled PDU]"
"63160","37.576022209","192.168.1.55","192.168.1.2","TCP","1514","8004  >  36824 [ACK] Seq=181190 Ack=144 Win=65024 Len=1448 TSval=2916041656 TSecr=3045561429 [TCP segment of a reassembled PDU]"
"63161","37.576023265","192.168.1.55","192.168.1.2","TCP","1514","8004  >  36824 [ACK] Seq=182638 Ack=144 Win=65024 Len=1448 TSval=2916041656 TSecr=3045561429 [TCP segment of a reassembled PDU]"
"63162","37.576024376","192.168.1.55","192.168.1.2","TCP","1514","8004  >  36824 [ACK] Seq=184086 Ack=144 Win=65024 Len=1448 TSval=2916041656 TSecr=3045561429 [TCP segment of a reassembled PDU]"
"63163","37.576025468","192.168.1.55","192.168.1.2","TCP","1514","8004  >  36824 [ACK] Seq=185534 Ack=144 Win=65024 Len=1448 TSval=2916041656 TSecr=3045561429 [TCP segment of a reassembled PDU]"
"63164","37.576026950","192.168.1.55","192.168.1.2","TCP","1514","8004  >  36824 [ACK] Seq=186982 Ack=144 Win=65024 Len=1448 TSval=2916041656 TSecr=3045561429 [TCP segment of a reassembled PDU]"
"63165","37.576028116","192.168.1.55","192.168.1.2","TCP","1514","8004  >  36824 [ACK] Seq=188430 Ack=144 Win=65024 Len=1448 TSval=2916041656 TSecr=3045561429 [TCP segment of a reassembled PDU]"
"63166","37.576029468","192.168.1.55","192.168.1.2","TCP","1514","8004  >  36824 [ACK] Seq=189878 Ack=144 Win=65024 Len=1448 TSval=2916041656 TSecr=3045561429 [TCP segment of a reassembled PDU]"
"63167","37.576030635","192.168.1.55","192.168.1.2","TCP","1514","8004  >  36824 [ACK] Seq=191326 Ack=144 Win=65024 Len=1448 TSval=2916041656 TSecr=3045561429 [TCP segment of a reassembled PDU]"
"63168","37.576032024","192.168.1.55","192.168.1.2","TCP","1514","8004  >  36824 [ACK] Seq=192774 Ack=144 Win=65024 Len=1448 TSval=2916041656 TSecr=3045561429 [TCP segment of a reassembled PDU]"
"63169","37.576033116","192.168.1.55","192.168.1.2","TCP","1514","8004  >  36824 [ACK] Seq=194222 Ack=144 Win=65024 Len=1448 TSval=2916041656 TSecr=3045561429 [TCP segment of a reassembled PDU]"
"63170","37.576034357","192.168.1.55","192.168.1.2","TCP","1514","8004  >  36824 [PSH, ACK] Seq=195670 Ack=144 Win=65024 Len=1448 TSval=2916041656 TSecr=3045561429 [TCP segment of a reassembled PDU]"
"63171","37.576038968","192.168.1.2","192.168.1.55","TCP","66","36824  >  8004 [ACK] Seq=144 Ack=113134 Win=94208 Len=0 TSval=3045561430 TSecr=2916041649"
"63172","37.576052209","192.168.1.55","192.168.1.2","TCP","1514","8004  >  36824 [ACK] Seq=197118 Ack=144 Win=65024 Len=1448 TSval=2916041656 TSecr=3045561430 [TCP segment of a reassembled PDU]"
"63173","37.576053653","192.168.1.55","192.168.1.2","TCP","1514","8004  >  36824 [ACK] Seq=198566 Ack=144 Win=65024 Len=1448 TSval=2916041656 TSecr=3045561430 [TCP segment of a reassembled PDU]"
"63174","37.576054746","192.168.1.55","192.168.1.2","TCP","1514","8004  >  36824 [ACK] Seq=200014 Ack=144 Win=65024 Len=1448 TSval=2916041656 TSecr=3045561430 [TCP segment of a reassembled PDU]"
"63175","37.576055839","192.168.1.55","192.168.1.2","TCP","1514","8004  >  36824 [ACK] Seq=201462 Ack=144 Win=65024 Len=1448 TSval=2916041656 TSecr=3045561430 [TCP segment of a reassembled PDU]"
"63176","37.576057005","192.168.1.55","192.168.1.2","TCP","1514","8004  >  36824 [ACK] Seq=202910 Ack=144 Win=65024 Len=1448 TSval=2916041656 TSecr=3045561430 [TCP segment of a reassembled PDU]"
"63177","37.576058172","192.168.1.55","192.168.1.2","TCP","1514","8004  >  36824 [ACK] Seq=204358 Ack=144 Win=65024 Len=1448 TSval=2916041656 TSecr=3045561430 [TCP segment of a reassembled PDU]"
"63178","37.576059339","192.168.1.55","192.168.1.2","TCP","1514","8004  >  36824 [PSH, ACK] Seq=205806 Ack=144 Win=65024 Len=1448 TSval=2916041656 TSecr=3045561430 [TCP segment of a reassembled PDU]"
"63179","37.580641031","192.168.1.2","192.168.1.55","TCP","66","36824  >  8004 [ACK] Seq=144 Ack=120374 Win=108544 Len=0 TSval=3045561430 TSecr=2916041649"
"63180","37.580661457","192.168.1.55","192.168.1.2","TCP","1514","8004  >  36824 [ACK] Seq=207254 Ack=144 Win=65024 Len=1448 TSval=2916041661 TSecr=3045561430 [TCP segment of a reassembled PDU]"
"63181","37.580664272","192.168.1.55","192.168.1.2","TCP","1514","8004  >  36824 [ACK] Seq=208702 Ack=144 Win=65024 Len=1448 TSval=2916041661 TSecr=3045561430 [TCP segment of a reassembled PDU]"
"63182","37.580665772","192.168.1.55","192.168.1.2","TCP","1514","8004  >  36824 [ACK] Seq=210150 Ack=144 Win=65024 Len=1448 TSval=2916041661 TSecr=3045561430 [TCP segment of a reassembled PDU]"
"63183","37.580667161","192.168.1.55","192.168.1.2","TCP","1514","8004  >  36824 [ACK] Seq=211598 Ack=144 Win=65024 Len=1448 TSval=2916041661 TSecr=3045561430 [TCP segment of a reassembled PDU]"
"63184","37.580668550","192.168.1.55","192.168.1.2","TCP","1514","8004  >  36824 [ACK] Seq=213046 Ack=144 Win=65024 Len=1448 TSval=2916041661 TSecr=3045561430 [TCP segment of a reassembled PDU]"
"63185","37.580669957","192.168.1.55","192.168.1.2","TCP","1514","8004  >  36824 [ACK] Seq=214494 Ack=144 Win=65024 Len=1448 TSval=2916041661 TSecr=3045561430 [TCP segment of a reassembled PDU]"
"63186","37.580671346","192.168.1.55","192.168.1.2","TCP","1514","8004  >  36824 [ACK] Seq=215942 Ack=144 Win=65024 Len=1448 TSval=2916041661 TSecr=3045561430 [TCP segment of a reassembled PDU]"
"63187","37.580672679","192.168.1.55","192.168.1.2","TCP","1514","8004  >  36824 [ACK] Seq=217390 Ack=144 Win=65024 Len=1448 TSval=2916041661 TSecr=3045561430 [TCP segment of a reassembled PDU]"
"63188","37.580674142","192.168.1.55","192.168.1.2","TCP","1514","8004  >  36824 [ACK] Seq=218838 Ack=144 Win=65024 Len=1448 TSval=2916041661 TSecr=3045561430 [TCP segment of a reassembled PDU]"
"63189","37.580675531","192.168.1.55","192.168.1.2","TCP","1514","8004  >  36824 [ACK] Seq=220286 Ack=144 Win=65024 Len=1448 TSval=2916041661 TSecr=3045561430 [TCP segment of a reassembled PDU]"
"63190","37.580676920","192.168.1.55","192.168.1.2","TCP","1514","8004  >  36824 [ACK] Seq=221734 Ack=144 Win=65024 Len=1448 TSval=2916041661 TSecr=3045561430 [TCP segment of a reassembled PDU]"
"63191","37.580678346","192.168.1.55","192.168.1.2","TCP","1514","8004  >  36824 [ACK] Seq=223182 Ack=144 Win=65024 Len=1448 TSval=2916041661 TSecr=3045561430 [TCP segment of a reassembled PDU]"
"63192","37.580679698","192.168.1.55","192.168.1.2","TCP","1514","8004  >  36824 [ACK] Seq=224630 Ack=144 Win=65024 Len=1448 TSval=2916041661 TSecr=3045561430 [TCP segment of a reassembled PDU]"
"63193","37.580681013","192.168.1.55","192.168.1.2","TCP","1514","8004  >  36824 [PSH, ACK] Seq=226078 Ack=144 Win=65024 Len=1448 TSval=2916041661 TSecr=3045561430 [TCP segment of a reassembled PDU]"
"63194","37.580713272","192.168.1.2","192.168.1.55","TCP","66","36824  >  8004 [ACK] Seq=144 Ack=160518 Win=73728 Len=0 TSval=3045561430 TSecr=2916041649"
"63195","37.583526240","192.168.1.2","192.168.1.55","TCP","66","36824  >  8004 [ACK] Seq=144 Ack=163414 Win=114688 Len=0 TSval=3045561436 TSecr=2916041656"
"63196","37.583551777","192.168.1.55","192.168.1.2","TCP","1514","8004  >  36824 [ACK] Seq=227526 Ack=144 Win=65024 Len=1448 TSval=2916041664 TSecr=3045561436 [TCP segment of a reassembled PDU]"
"63197","37.583554573","192.168.1.55","192.168.1.2","TCP","1514","8004  >  36824 [ACK] Seq=228974 Ack=144 Win=65024 Len=1448 TSval=2916041664 TSecr=3045561436 [TCP segment of a reassembled PDU]"
"63198","37.583555906","192.168.1.55","192.168.1.2","TCP","1514","8004  >  36824 [ACK] Seq=230422 Ack=144 Win=65024 Len=1448 TSval=2916041664 TSecr=3045561436 [TCP segment of a reassembled PDU]"
"63199","37.583557425","192.168.1.55","192.168.1.2","TCP","1514","8004  >  36824 [ACK] Seq=231870 Ack=144 Win=65024 Len=1448 TSval=2916041664 TSecr=3045561436 [TCP segment of a reassembled PDU]"
"63200","37.583558758","192.168.1.55","192.168.1.2","TCP","1514","8004  >  36824 [ACK] Seq=233318 Ack=144 Win=65024 Len=1448 TSval=2916041664 TSecr=3045561436 [TCP segment of a reassembled PDU]"
"63201","37.583560036","192.168.1.55","192.168.1.2","TCP","1514","8004  >  36824 [ACK] Seq=234766 Ack=144 Win=65024 Len=1448 TSval=2916041664 TSecr=3045561436 [TCP segment of a reassembled PDU]"
"63202","37.583561406","192.168.1.55","192.168.1.2","TCP","1514","8004  >  36824 [ACK] Seq=236214 Ack=144 Win=65024 Len=1448 TSval=2916041664 TSecr=3045561436 [TCP segment of a reassembled PDU]"
"63203","37.583562814","192.168.1.55","192.168.1.2","TCP","1514","8004  >  36824 [ACK] Seq=237662 Ack=144 Win=65024 Len=1448 TSval=2916041664 TSecr=3045561436 [TCP segment of a reassembled PDU]"
"63204","37.583564110","192.168.1.55","192.168.1.2","TCP","1514","8004  >  36824 [ACK] Seq=239110 Ack=144 Win=65024 Len=1448 TSval=2916041664 TSecr=3045561436 [TCP segment of a reassembled PDU]"
"63205","37.583565480","192.168.1.55","192.168.1.2","TCP","1514","8004  >  36824 [ACK] Seq=240558 Ack=144 Win=65024 Len=1448 TSval=2916041664 TSecr=3045561436 [TCP segment of a reassembled PDU]"
"63206","37.583566906","192.168.1.55","192.168.1.2","TCP","1514","8004  >  36824 [ACK] Seq=242006 Ack=144 Win=65024 Len=1448 TSval=2916041664 TSecr=3045561436 [TCP segment of a reassembled PDU]"
"63207","37.583568258","192.168.1.55","192.168.1.2","TCP","1514","8004  >  36824 [ACK] Seq=243454 Ack=144 Win=65024 Len=1448 TSval=2916041664 TSecr=3045561436 [TCP segment of a reassembled PDU]"
"63208","37.583569740","192.168.1.55","192.168.1.2","TCP","1514","8004  >  36824 [ACK] Seq=244902 Ack=144 Win=65024 Len=1448 TSval=2916041664 TSecr=3045561436 [TCP segment of a reassembled PDU]"
"63209","37.583571203","192.168.1.55","192.168.1.2","TCP","1514","8004  >  36824 [ACK] Seq=246350 Ack=144 Win=65024 Len=1448 TSval=2916041664 TSecr=3045561436 [TCP segment of a reassembled PDU]"
"63210","37.583572684","192.168.1.55","192.168.1.2","TCP","1514","8004  >  36824 [ACK] Seq=247798 Ack=144 Win=65024 Len=1448 TSval=2916041664 TSecr=3045561436 [TCP segment of a reassembled PDU]"
"63211","37.583574147","192.168.1.55","192.168.1.2","TCP","1514","8004  >  36824 [PSH, ACK] Seq=249246 Ack=144 Win=65024 Len=1448 TSval=2916041664 TSecr=3045561436 [TCP segment of a reassembled PDU]"
"63212","37.584308982","192.168.1.2","192.168.1.55","TCP","66","36824  >  8004 [ACK] Seq=144 Ack=171054 Win=112640 Len=0 TSval=3045561436 TSecr=2916041656"
"63213","37.584335352","192.168.1.2","192.168.1.55","TCP","66","36824  >  8004 [ACK] Seq=144 Ack=198566 Win=92160 Len=0 TSval=3045561436 TSecr=2916041656"
"63214","37.584393630","192.168.1.55","192.168.1.2","TCP","1514","8004  >  36824 [ACK] Seq=250694 Ack=144 Win=65024 Len=1448 TSval=2916041665 TSecr=3045561436 [TCP segment of a reassembled PDU]"
"63215","37.584397982","192.168.1.55","192.168.1.2","TCP","1514","8004  >  36824 [ACK] Seq=252142 Ack=144 Win=65024 Len=1448 TSval=2916041665 TSecr=3045561436 [TCP segment of a reassembled PDU]"
"63216","37.584400260","192.168.1.55","192.168.1.2","TCP","1514","8004  >  36824 [ACK] Seq=253590 Ack=144 Win=65024 Len=1448 TSval=2916041665 TSecr=3045561436 [TCP segment of a reassembled PDU]"
"63217","37.584401760","192.168.1.55","192.168.1.2","TCP","1514","8004  >  36824 [ACK] Seq=255038 Ack=144 Win=65024 Len=1448 TSval=2916041665 TSecr=3045561436 [TCP segment of a reassembled PDU]"
"63218","37.584403722","192.168.1.55","192.168.1.2","TCP","1514","8004  >  36824 [ACK] Seq=256486 Ack=144 Win=65024 Len=1448 TSval=2916041665 TSecr=3045561436 [TCP segment of a reassembled PDU]"
"63219","37.584405260","192.168.1.55","192.168.1.2","TCP","1514","8004  >  36824 [ACK] Seq=257934 Ack=144 Win=65024 Len=1448 TSval=2916041665 TSecr=3045561436 [TCP segment of a reassembled PDU]"
"63220","37.584407593","192.168.1.55","192.168.1.2","TCP","1514","8004  >  36824 [ACK] Seq=259382 Ack=144 Win=65024 Len=1448 TSval=2916041665 TSecr=3045561436 [TCP segment of a reassembled PDU]"
"63221","37.584409500","192.168.1.55","192.168.1.2","TCP","1514","8004  >  36824 [ACK] Seq=260830 Ack=144 Win=65024 Len=1448 TSval=2916041665 TSecr=3045561436 [TCP segment of a reassembled PDU]"
"63222","37.584411334","192.168.1.55","192.168.1.2","TCP","1514","8004  >  36824 [ACK] Seq=262278 Ack=144 Win=65024 Len=1448 TSval=2916041665 TSecr=3045561436 [TCP segment of a reassembled PDU]"
"63223","37.584413908","192.168.1.55","192.168.1.2","TCP","1514","8004  >  36824 [ACK] Seq=263726 Ack=144 Win=65024 Len=1448 TSval=2916041665 TSecr=3045561436 [TCP segment of a reassembled PDU]"
"63224","37.584415797","192.168.1.55","192.168.1.2","TCP","1514","8004  >  36824 [ACK] Seq=265174 Ack=144 Win=65024 Len=1448 TSval=2916041665 TSecr=3045561436 [TCP segment of a reassembled PDU]"
"63225","37.584417130","192.168.1.55","192.168.1.2","TCP","1514","8004  >  36824 [ACK] Seq=266622 Ack=144 Win=65024 Len=1448 TSval=2916041665 TSecr=3045561436 [TCP segment of a reassembled PDU]"
"63226","37.584418556","192.168.1.55","192.168.1.2","TCP","1514","8004  >  36824 [ACK] Seq=268070 Ack=144 Win=65024 Len=1448 TSval=2916041665 TSecr=3045561436 [TCP segment of a reassembled PDU]"
"63227","37.584421260","192.168.1.55","192.168.1.2","TCP","1514","8004  >  36824 [ACK] Seq=269518 Ack=144 Win=65024 Len=1448 TSval=2916041665 TSecr=3045561436 [TCP segment of a reassembled PDU]"
"63228","37.584422741","192.168.1.55","192.168.1.2","TCP","1514","8004  >  36824 [ACK] Seq=270966 Ack=144 Win=65024 Len=1448 TSval=2916041665 TSecr=3045561436 [TCP segment of a reassembled PDU]"
"63229","37.584424148","192.168.1.55","192.168.1.2","TCP","1514","8004  >  36824 [ACK] Seq=272414 Ack=144 Win=65024 Len=1448 TSval=2916041665 TSecr=3045561436 [TCP segment of a reassembled PDU]"
"63230","37.584425926","192.168.1.55","192.168.1.2","TCP","1514","8004  >  36824 [ACK] Seq=273862 Ack=144 Win=65024 Len=1448 TSval=2916041665 TSecr=3045561436 [TCP segment of a reassembled PDU]"
"63231","37.584428204","192.168.1.55","192.168.1.2","TCP","1514","8004  >  36824 [ACK] Seq=275310 Ack=144 Win=65024 Len=1448 TSval=2916041665 TSecr=3045561436 [TCP segment of a reassembled PDU]"
"63232","37.584429630","192.168.1.55","192.168.1.2","TCP","1514","8004  >  36824 [ACK] Seq=276758 Ack=144 Win=65024 Len=1448 TSval=2916041665 TSecr=3045561436 [TCP segment of a reassembled PDU]"
"63233","37.584431167","192.168.1.55","192.168.1.2","TCP","1514","8004  >  36824 [ACK] Seq=278206 Ack=144 Win=65024 Len=1448 TSval=2916041665 TSecr=3045561436 [TCP segment of a reassembled PDU]"
"63234","37.584433130","192.168.1.55","192.168.1.2","TCP","1514","8004  >  36824 [ACK] Seq=279654 Ack=144 Win=65024 Len=1448 TSval=2916041665 TSecr=3045561436 [TCP segment of a reassembled PDU]"
"63235","37.584434926","192.168.1.55","192.168.1.2","TCP","1514","8004  >  36824 [ACK] Seq=281102 Ack=144 Win=65024 Len=1448 TSval=2916041665 TSecr=3045561436 [TCP segment of a reassembled PDU]"
"63236","37.584436500","192.168.1.55","192.168.1.2","TCP","1514","8004  >  36824 [ACK] Seq=282550 Ack=144 Win=65024 Len=1448 TSval=2916041665 TSecr=3045561436 [TCP segment of a reassembled PDU]"
"63237","37.584438185","192.168.1.55","192.168.1.2","TCP","1514","8004  >  36824 [ACK] Seq=283998 Ack=144 Win=65024 Len=1448 TSval=2916041665 TSecr=3045561436 [TCP segment of a reassembled PDU]"
"63238","37.584440037","192.168.1.55","192.168.1.2","TCP","1514","8004  >  36824 [ACK] Seq=285446 Ack=144 Win=65024 Len=1448 TSval=2916041665 TSecr=3045561436 [TCP segment of a reassembled PDU]"
"63239","37.584442463","192.168.1.55","192.168.1.2","TCP","1514","8004  >  36824 [ACK] Seq=286894 Ack=144 Win=65024 Len=1448 TSval=2916041665 TSecr=3045561436 [TCP segment of a reassembled PDU]"
"63240","37.584444019","192.168.1.55","192.168.1.2","TCP","1514","8004  >  36824 [ACK] Seq=288342 Ack=144 Win=65024 Len=1448 TSval=2916041665 TSecr=3045561436 [TCP segment of a reassembled PDU]"
"63241","37.584445426","192.168.1.55","192.168.1.2","TCP","1002","[TCP Window Full] 8004  >  36824 [PSH, ACK] Seq=289790 Ack=144 Win=65024 Len=936 TSval=2916041665 TSecr=3045561436 [TCP segment of a reassembled PDU]"
"63242","37.584452111","192.168.1.2","192.168.1.55","TCP","66","36824  >  8004 [ACK] Seq=144 Ack=205806 Win=111616 Len=0 TSval=3045561437 TSecr=2916041656"
"63243","37.584470260","192.168.1.55","192.168.1.2","TCP","1514","8004  >  36824 [ACK] Seq=290726 Ack=144 Win=65024 Len=1448 TSval=2916041665 TSecr=3045561437 [TCP segment of a reassembled PDU]"
"63244","37.584473204","192.168.1.55","192.168.1.2","TCP","1514","8004  >  36824 [PSH, ACK] Seq=292174 Ack=144 Win=65024 Len=1448 TSval=2916041665 TSecr=3045561437 [TCP segment of a reassembled PDU]"
"63245","37.584481723","192.168.1.55","192.168.1.2","TCP","578","8004  >  36824 [ACK] Seq=293622 Ack=144 Win=65024 Len=512 TSval=2916041665 TSecr=3045561437 [TCP segment of a reassembled PDU]"
"63246","37.584486926","192.168.1.2","192.168.1.55","TCP","66","36824  >  8004 [ACK] Seq=144 Ack=207254 Win=116736 Len=0 TSval=3045561437 TSecr=2916041656"
"63247","37.589778842","192.168.1.2","192.168.1.55","TCP","66","36824  >  8004 [ACK] Seq=144 Ack=227526 Win=103424 Len=0 TSval=3045561441 TSecr=2916041661"
"63248","37.589826565","192.168.1.55","192.168.1.2","TCP","1514","8004  >  36824 [ACK] Seq=294134 Ack=144 Win=65024 Len=1448 TSval=2916041670 TSecr=3045561441 [TCP segment of a reassembled PDU]"
"63249","37.589830231","192.168.1.55","192.168.1.2","TCP","1514","8004  >  36824 [ACK] Seq=295582 Ack=144 Win=65024 Len=1448 TSval=2916041670 TSecr=3045561441 [TCP segment of a reassembled PDU]"
"63250","37.589831787","192.168.1.55","192.168.1.2","TCP","1514","8004  >  36824 [ACK] Seq=297030 Ack=144 Win=65024 Len=1448 TSval=2916041670 TSecr=3045561441 [TCP segment of a reassembled PDU]"
"63251","37.589833287","192.168.1.55","192.168.1.2","TCP","1514","8004  >  36824 [ACK] Seq=298478 Ack=144 Win=65024 Len=1448 TSval=2916041670 TSecr=3045561441 [TCP segment of a reassembled PDU]"
"63252","37.589835083","192.168.1.55","192.168.1.2","TCP","1514","8004  >  36824 [ACK] Seq=299926 Ack=144 Win=65024 Len=1448 TSval=2916041670 TSecr=3045561441 [TCP segment of a reassembled PDU]"
"63253","37.589836602","192.168.1.55","192.168.1.2","TCP","1514","8004  >  36824 [ACK] Seq=301374 Ack=144 Win=65024 Len=1448 TSval=2916041670 TSecr=3045561441 [TCP segment of a reassembled PDU]"
"63254","37.589837935","192.168.1.55","192.168.1.2","TCP","1514","8004  >  36824 [ACK] Seq=302822 Ack=144 Win=65024 Len=1448 TSval=2916041670 TSecr=3045561441 [TCP segment of a reassembled PDU]"
"63255","37.589839342","192.168.1.55","192.168.1.2","TCP","1514","8004  >  36824 [ACK] Seq=304270 Ack=144 Win=65024 Len=1448 TSval=2916041670 TSecr=3045561441 [TCP segment of a reassembled PDU]"
"63256","37.589842324","192.168.1.55","192.168.1.2","TCP","1514","8004  >  36824 [ACK] Seq=305718 Ack=144 Win=65024 Len=1448 TSval=2916041670 TSecr=3045561441 [TCP segment of a reassembled PDU]"
"63257","37.589843991","192.168.1.55","192.168.1.2","TCP","1514","8004  >  36824 [ACK] Seq=307166 Ack=144 Win=65024 Len=1448 TSval=2916041670 TSecr=3045561441 [TCP segment of a reassembled PDU]"
"63258","37.589845398","192.168.1.55","192.168.1.2","TCP","1514","8004  >  36824 [ACK] Seq=308614 Ack=144 Win=65024 Len=1448 TSval=2916041670 TSecr=3045561441 [TCP segment of a reassembled PDU]"
"63259","37.589846991","192.168.1.55","192.168.1.2","TCP","1514","8004  >  36824 [ACK] Seq=310062 Ack=144 Win=65024 Len=1448 TSval=2916041670 TSecr=3045561441 [TCP segment of a reassembled PDU]"
"63260","37.589848861","192.168.1.55","192.168.1.2","TCP","1514","8004  >  36824 [ACK] Seq=311510 Ack=144 Win=65024 Len=1448 TSval=2916041670 TSecr=3045561441 [TCP segment of a reassembled PDU]"
"63261","37.589850879","192.168.1.55","192.168.1.2","TCP","1514","8004  >  36824 [ACK] Seq=312958 Ack=144 Win=65024 Len=1448 TSval=2916041670 TSecr=3045561441 [TCP segment of a reassembled PDU]"
"63262","37.589852972","192.168.1.55","192.168.1.2","TCP","1514","8004  >  36824 [ACK] Seq=314406 Ack=144 Win=65024 Len=1448 TSval=2916041670 TSecr=3045561441 [TCP segment of a reassembled PDU]"
"63263","37.589854453","192.168.1.55","192.168.1.2","TCP","1514","8004  >  36824 [ACK] Seq=315854 Ack=144 Win=65024 Len=1448 TSval=2916041670 TSecr=3045561441 [TCP segment of a reassembled PDU]"
"63264","37.589856009","192.168.1.55","192.168.1.2","TCP","1514","8004  >  36824 [ACK] Seq=317302 Ack=144 Win=65024 Len=1448 TSval=2916041670 TSecr=3045561441 [TCP segment of a reassembled PDU]"
"63265","37.589858139","192.168.1.55","192.168.1.2","TCP","1514","8004  >  36824 [ACK] Seq=318750 Ack=144 Win=65024 Len=1448 TSval=2916041670 TSecr=3045561441 [TCP segment of a reassembled PDU]"
"63266","37.589860398","192.168.1.55","192.168.1.2","TCP","1514","8004  >  36824 [ACK] Seq=320198 Ack=144 Win=65024 Len=1448 TSval=2916041670 TSecr=3045561441 [TCP segment of a reassembled PDU]"
"63267","37.589861805","192.168.1.55","192.168.1.2","TCP","1514","8004  >  36824 [ACK] Seq=321646 Ack=144 Win=65024 Len=1448 TSval=2916041670 TSecr=3045561441 [TCP segment of a reassembled PDU]"
"63268","37.589863139","192.168.1.55","192.168.1.2","TCP","1514","8004  >  36824 [ACK] Seq=323094 Ack=144 Win=65024 Len=1448 TSval=2916041670 TSecr=3045561441 [TCP segment of a reassembled PDU]"
"63269","37.589865176","192.168.1.55","192.168.1.2","TCP","1514","8004  >  36824 [ACK] Seq=324542 Ack=144 Win=65024 Len=1448 TSval=2916041670 TSecr=3045561441 [TCP segment of a reassembled PDU]"
"63270","37.589867805","192.168.1.55","192.168.1.2","TCP","1514","8004  >  36824 [ACK] Seq=325990 Ack=144 Win=65024 Len=1448 TSval=2916041670 TSecr=3045561441 [TCP segment of a reassembled PDU]"
"63271","37.589869639","192.168.1.55","192.168.1.2","TCP","1514","8004  >  36824 [ACK] Seq=327438 Ack=144 Win=65024 Len=1448 TSval=2916041670 TSecr=3045561441 [TCP segment of a reassembled PDU]"
"63272","37.589871083","192.168.1.55","192.168.1.2","TCP","1514","8004  >  36824 [PSH, ACK] Seq=328886 Ack=144 Win=65024 Len=1448 TSval=2916041670 TSecr=3045561441 [TCP segment of a reassembled PDU]"
"63273","37.589947305","192.168.1.2","192.168.1.55","TCP","66","36824  >  8004 [ACK] Seq=144 Ack=240558 Win=91136 Len=0 TSval=3045561441 TSecr=2916041664"
"63274","37.589957954","192.168.1.2","192.168.1.55","TCP","66","36824  >  8004 [ACK] Seq=144 Ack=244902 Win=117760 Len=0 TSval=3045561444 TSecr=2916041664"
"63275","37.589971287","192.168.1.55","192.168.1.2","TCP","1514","8004  >  36824 [ACK] Seq=330334 Ack=144 Win=65024 Len=1448 TSval=2916041670 TSecr=3045561444 [TCP segment of a reassembled PDU]"
"63276","37.589973694","192.168.1.55","192.168.1.2","TCP","1514","8004  >  36824 [ACK] Seq=331782 Ack=144 Win=65024 Len=1448 TSval=2916041670 TSecr=3045561444 [TCP segment of a reassembled PDU]"
"63277","37.589975157","192.168.1.55","192.168.1.2","TCP","1514","8004  >  36824 [ACK] Seq=333230 Ack=144 Win=65024 Len=1448 TSval=2916041670 TSecr=3045561444 [TCP segment of a reassembled PDU]"
"63278","37.589976676","192.168.1.55","192.168.1.2","TCP","1514","8004  >  36824 [ACK] Seq=334678 Ack=144 Win=65024 Len=1448 TSval=2916041670 TSecr=3045561444 [TCP segment of a reassembled PDU]"
"63279","37.589979231","192.168.1.55","192.168.1.2","TCP","1514","8004  >  36824 [PSH, ACK] Seq=336126 Ack=144 Win=65024 Len=1448 TSval=2916041670 TSecr=3045561444 [TCP segment of a reassembled PDU]"
"63280","37.589984009","192.168.1.2","192.168.1.55","TCP","66","36824  >  8004 [ACK] Seq=144 Ack=285446 Win=81920 Len=0 TSval=3045561444 TSecr=2916041664"
"63281","37.590026972","192.168.1.55","192.168.1.2","TCP","1514","8004  >  36824 [ACK] Seq=337574 Ack=144 Win=65024 Len=1448 TSval=2916041670 TSecr=3045561444 [TCP segment of a reassembled PDU]"
"63282","37.590029657","192.168.1.55","192.168.1.2","TCP","1514","8004  >  36824 [ACK] Seq=339022 Ack=144 Win=65024 Len=1448 TSval=2916041670 TSecr=3045561444 [TCP segment of a reassembled PDU]"
"63283","37.590030972","192.168.1.55","192.168.1.2","TCP","1514","8004  >  36824 [ACK] Seq=340470 Ack=144 Win=65024 Len=1448 TSval=2916041670 TSecr=3045561444 [TCP segment of a reassembled PDU]"
"63284","37.590032435","192.168.1.55","192.168.1.2","TCP","1514","8004  >  36824 [ACK] Seq=341918 Ack=144 Win=65024 Len=1448 TSval=2916041670 TSecr=3045561444 [TCP segment of a reassembled PDU]"
"63285","37.590034583","192.168.1.55","192.168.1.2","TCP","1514","8004  >  36824 [ACK] Seq=343366 Ack=144 Win=65024 Len=1448 TSval=2916041670 TSecr=3045561444 [TCP segment of a reassembled PDU]"
"63286","37.590036324","192.168.1.55","192.168.1.2","TCP","1514","8004  >  36824 [ACK] Seq=344814 Ack=144 Win=65024 Len=1448 TSval=2916041670 TSecr=3045561444 [TCP segment of a reassembled PDU]"
"63287","37.590037713","192.168.1.55","192.168.1.2","TCP","1514","8004  >  36824 [ACK] Seq=346262 Ack=144 Win=65024 Len=1448 TSval=2916041670 TSecr=3045561444 [TCP segment of a reassembled PDU]"
"63288","37.590039083","192.168.1.55","192.168.1.2","TCP","1514","8004  >  36824 [ACK] Seq=347710 Ack=144 Win=65024 Len=1448 TSval=2916041670 TSecr=3045561444 [TCP segment of a reassembled PDU]"
"63289","37.590040417","192.168.1.55","192.168.1.2","TCP","1514","8004  >  36824 [ACK] Seq=349158 Ack=144 Win=65024 Len=1448 TSval=2916041670 TSecr=3045561444 [TCP segment of a reassembled PDU]"
"63290","37.590042732","192.168.1.55","192.168.1.2","TCP","1514","8004  >  36824 [ACK] Seq=350606 Ack=144 Win=65024 Len=1448 TSval=2916041670 TSecr=3045561444 [TCP segment of a reassembled PDU]"
"63291","37.590044602","192.168.1.55","192.168.1.2","TCP","1514","8004  >  36824 [ACK] Seq=352054 Ack=144 Win=65024 Len=1448 TSval=2916041670 TSecr=3045561444 [TCP segment of a reassembled PDU]"
"63292","37.590046195","192.168.1.55","192.168.1.2","TCP","1514","8004  >  36824 [ACK] Seq=353502 Ack=144 Win=65024 Len=1448 TSval=2916041670 TSecr=3045561444 [TCP segment of a reassembled PDU]"
"63293","37.590047658","192.168.1.55","192.168.1.2","TCP","1514","8004  >  36824 [ACK] Seq=354950 Ack=144 Win=65024 Len=1448 TSval=2916041670 TSecr=3045561444 [TCP segment of a reassembled PDU]"
"63294","37.590050176","192.168.1.55","192.168.1.2","TCP","1514","8004  >  36824 [ACK] Seq=356398 Ack=144 Win=65024 Len=1448 TSval=2916041670 TSecr=3045561444 [TCP segment of a reassembled PDU]"
"63295","37.590059435","192.168.1.55","192.168.1.2","TCP","1514","8004  >  36824 [ACK] Seq=357846 Ack=144 Win=65024 Len=1448 TSval=2916041670 TSecr=3045561444 [TCP segment of a reassembled PDU]"
"63296","37.590060954","192.168.1.55","192.168.1.2","TCP","1514","8004  >  36824 [ACK] Seq=359294 Ack=144 Win=65024 Len=1448 TSval=2916041670 TSecr=3045561444 [TCP segment of a reassembled PDU]"
"63297","37.590062491","192.168.1.55","192.168.1.2","TCP","1514","8004  >  36824 [ACK] Seq=360742 Ack=144 Win=65024 Len=1448 TSval=2916041670 TSecr=3045561444 [TCP segment of a reassembled PDU]"
"63298","37.590064306","192.168.1.55","192.168.1.2","TCP","1514","8004  >  36824 [ACK] Seq=362190 Ack=144 Win=65024 Len=1448 TSval=2916041670 TSecr=3045561444 [TCP segment of a reassembled PDU]"
"63299","37.590066232","192.168.1.55","192.168.1.2","TCP","1514","8004  >  36824 [ACK] Seq=363638 Ack=144 Win=65024 Len=1448 TSval=2916041670 TSecr=3045561444 [TCP segment of a reassembled PDU]"
"63300","37.590067750","192.168.1.55","192.168.1.2","TCP","1514","8004  >  36824 [PSH, ACK] Seq=365086 Ack=144 Win=65024 Len=1448 TSval=2916041670 TSecr=3045561444 [TCP segment of a reassembled PDU]"
"63301","37.594788461","192.168.1.2","192.168.1.55","TCP","66","36824  >  8004 [ACK] Seq=144 Ack=290726 Win=113664 Len=0 TSval=3045561446 TSecr=2916041665"
"63302","37.594810332","192.168.1.55","192.168.1.2","TCP","1514","8004  >  36824 [ACK] Seq=366534 Ack=144 Win=65024 Len=1448 TSval=2916041675 TSecr=3045561446 [TCP segment of a reassembled PDU]"
"63303","37.594812832","192.168.1.55","192.168.1.2","TCP","1514","8004  >  36824 [ACK] Seq=367982 Ack=144 Win=65024 Len=1448 TSval=2916041675 TSecr=3045561446 [TCP segment of a reassembled PDU]"
"63304","37.594814258","192.168.1.55","192.168.1.2","TCP","1514","8004  >  36824 [ACK] Seq=369430 Ack=144 Win=65024 Len=1448 TSval=2916041675 TSecr=3045561446 [TCP segment of a reassembled PDU]"
"63305","37.594815573","192.168.1.55","192.168.1.2","TCP","1514","8004  >  36824 [ACK] Seq=370878 Ack=144 Win=65024 Len=1448 TSval=2916041675 TSecr=3045561446 [TCP segment of a reassembled PDU]"
"63306","37.594816943","192.168.1.55","192.168.1.2","TCP","1514","8004  >  36824 [ACK] Seq=372326 Ack=144 Win=65024 Len=1448 TSval=2916041675 TSecr=3045561446 [TCP segment of a reassembled PDU]"
"63307","37.594818221","192.168.1.55","192.168.1.2","TCP","1514","8004  >  36824 [ACK] Seq=373774 Ack=144 Win=65024 Len=1448 TSval=2916041675 TSecr=3045561446 [TCP segment of a reassembled PDU]"
"63308","37.594819610","192.168.1.55","192.168.1.2","TCP","1514","8004  >  36824 [ACK] Seq=375222 Ack=144 Win=65024 Len=1448 TSval=2916041675 TSecr=3045561446 [TCP segment of a reassembled PDU]"
"63309","37.594821036","192.168.1.55","192.168.1.2","TCP","1514","8004  >  36824 [ACK] Seq=376670 Ack=144 Win=65024 Len=1448 TSval=2916041675 TSecr=3045561446 [TCP segment of a reassembled PDU]"
"63310","37.594822387","192.168.1.55","192.168.1.2","TCP","1514","8004  >  36824 [ACK] Seq=378118 Ack=144 Win=65024 Len=1448 TSval=2916041675 TSecr=3045561446 [TCP segment of a reassembled PDU]"
"63311","37.594823758","192.168.1.55","192.168.1.2","TCP","1514","8004  >  36824 [PSH, ACK] Seq=379566 Ack=144 Win=65024 Len=1448 TSval=2916041675 TSecr=3045561446 [TCP segment of a reassembled PDU]"
"63312","37.594856850","192.168.1.2","192.168.1.55","TCP","66","36824  >  8004 [ACK] Seq=144 Ack=294134 Win=117760 Len=0 TSval=3045561446 TSecr=2916041665"
"63313","37.596960446","192.168.1.2","192.168.1.55","TCP","66","36824  >  8004 [ACK] Seq=144 Ack=330334 Win=83968 Len=0 TSval=3045561451 TSecr=2916041670"
"63314","37.596991021","192.168.1.55","192.168.1.2","TCP","1514","8004  >  36824 [ACK] Seq=381014 Ack=144 Win=65024 Len=1448 TSval=2916041677 TSecr=3045561451 [TCP segment of a reassembled PDU]"
"63315","37.596993576","192.168.1.55","192.168.1.2","TCP","1514","8004  >  36824 [ACK] Seq=382462 Ack=144 Win=65024 Len=1448 TSval=2916041677 TSecr=3045561451 [TCP segment of a reassembled PDU]"
"63316","37.596994928","192.168.1.55","192.168.1.2","TCP","1514","8004  >  36824 [ACK] Seq=383910 Ack=144 Win=65024 Len=1448 TSval=2916041677 TSecr=3045561451 [TCP segment of a reassembled PDU]"
"63317","37.596996243","192.168.1.55","192.168.1.2","TCP","1514","8004  >  36824 [ACK] Seq=385358 Ack=144 Win=65024 Len=1448 TSval=2916041677 TSecr=3045561451 [TCP segment of a reassembled PDU]"
"63318","37.596997558","192.168.1.55","192.168.1.2","TCP","1514","8004  >  36824 [ACK] Seq=386806 Ack=144 Win=65024 Len=1448 TSval=2916041677 TSecr=3045561451 [TCP segment of a reassembled PDU]"
"63319","37.596998854","192.168.1.55","192.168.1.2","TCP","1514","8004  >  36824 [ACK] Seq=388254 Ack=144 Win=65024 Len=1448 TSval=2916041677 TSecr=3045561451 [TCP segment of a reassembled PDU]"
"63320","37.597000224","192.168.1.55","192.168.1.2","TCP","1514","8004  >  36824 [ACK] Seq=389702 Ack=144 Win=65024 Len=1448 TSval=2916041677 TSecr=3045561451 [TCP segment of a reassembled PDU]"
"63321","37.597001521","192.168.1.55","192.168.1.2","TCP","1514","8004  >  36824 [ACK] Seq=391150 Ack=144 Win=65024 Len=1448 TSval=2916041677 TSecr=3045561451 [TCP segment of a reassembled PDU]"
"63322","37.597002965","192.168.1.55","192.168.1.2","TCP","1514","8004  >  36824 [ACK] Seq=392598 Ack=144 Win=65024 Len=1448 TSval=2916041677 TSecr=3045561451 [TCP segment of a reassembled PDU]"
"63323","37.597004354","192.168.1.55","192.168.1.2","TCP","1514","8004  >  36824 [ACK] Seq=394046 Ack=144 Win=65024 Len=1448 TSval=2916041677 TSecr=3045561451 [TCP segment of a reassembled PDU]"
"63324","37.597005817","192.168.1.55","192.168.1.2","TCP","1514","8004  >  36824 [ACK] Seq=395494 Ack=144 Win=65024 Len=1448 TSval=2916041677 TSecr=3045561451 [TCP segment of a reassembled PDU]"
"63325","37.597007317","192.168.1.55","192.168.1.2","TCP","1514","8004  >  36824 [ACK] Seq=396942 Ack=144 Win=65024 Len=1448 TSval=2916041677 TSecr=3045561451 [TCP segment of a reassembled PDU]"
"63326","37.597008706","192.168.1.55","192.168.1.2","TCP","1514","8004  >  36824 [ACK] Seq=398390 Ack=144 Win=65024 Len=1448 TSval=2916041677 TSecr=3045561451 [TCP segment of a reassembled PDU]"
"63327","37.597010095","192.168.1.55","192.168.1.2","TCP","1514","8004  >  36824 [ACK] Seq=399838 Ack=144 Win=65024 Len=1448 TSval=2916041677 TSecr=3045561451 [TCP segment of a reassembled PDU]"
"63328","37.597011539","192.168.1.55","192.168.1.2","TCP","1514","8004  >  36824 [ACK] Seq=401286 Ack=144 Win=65024 Len=1448 TSval=2916041677 TSecr=3045561451 [TCP segment of a reassembled PDU]"
"63329","37.597012909","192.168.1.55","192.168.1.2","TCP","1514","8004  >  36824 [ACK] Seq=402734 Ack=144 Win=65024 Len=1448 TSval=2916041677 TSecr=3045561451 [TCP segment of a reassembled PDU]"
"63330","37.597014317","192.168.1.55","192.168.1.2","TCP","1514","8004  >  36824 [ACK] Seq=404182 Ack=144 Win=65024 Len=1448 TSval=2916041677 TSecr=3045561451 [TCP segment of a reassembled PDU]"
"63331","37.597015595","192.168.1.55","192.168.1.2","TCP","1514","8004  >  36824 [ACK] Seq=405630 Ack=144 Win=65024 Len=1448 TSval=2916041677 TSecr=3045561451 [TCP segment of a reassembled PDU]"
"63332","37.597017021","192.168.1.55","192.168.1.2","TCP","1514","8004  >  36824 [ACK] Seq=407078 Ack=144 Win=65024 Len=1448 TSval=2916041677 TSecr=3045561451 [TCP segment of a reassembled PDU]"
"63333","37.597018484","192.168.1.55","192.168.1.2","TCP","1514","8004  >  36824 [ACK] Seq=408526 Ack=144 Win=65024 Len=1448 TSval=2916041677 TSecr=3045561451 [TCP segment of a reassembled PDU]"
"63334","37.597020169","192.168.1.55","192.168.1.2","TCP","1514","8004  >  36824 [ACK] Seq=409974 Ack=144 Win=65024 Len=1448 TSval=2916041677 TSecr=3045561451 [TCP segment of a reassembled PDU]"
"63335","37.597021465","192.168.1.55","192.168.1.2","TCP","1514","8004  >  36824 [ACK] Seq=411422 Ack=144 Win=65024 Len=1448 TSval=2916041677 TSecr=3045561451 [TCP segment of a reassembled PDU]"
"63336","37.597022780","192.168.1.55","192.168.1.2","TCP","1498","[TCP Window Full] 8004  >  36824 [PSH, ACK] Seq=412870 Ack=144 Win=65024 Len=1432 TSval=2916041677 TSecr=3045561451 [TCP segment of a reassembled PDU]"
"63337","37.597090687","192.168.1.2","192.168.1.55","TCP","66","36824  >  8004 [ACK] Seq=144 Ack=337574 Win=113664 Len=0 TSval=3045561451 TSecr=2916041670"
"63338","37.597104595","192.168.1.55","192.168.1.2","TCP","1514","8004  >  36824 [ACK] Seq=414302 Ack=144 Win=65024 Len=1448 TSval=2916041677 TSecr=3045561451 [TCP segment of a reassembled PDU]"
"63339","37.597106632","192.168.1.55","192.168.1.2","TCP","1514","8004  >  36824 [ACK] Seq=415750 Ack=144 Win=65024 Len=1448 TSval=2916041677 TSecr=3045561451 [TCP segment of a reassembled PDU]"
"63340","37.597107873","192.168.1.55","192.168.1.2","TCP","1514","8004  >  36824 [ACK] Seq=417198 Ack=144 Win=65024 Len=1448 TSval=2916041677 TSecr=3045561451 [TCP segment of a reassembled PDU]"
"63341","37.597109206","192.168.1.55","192.168.1.2","TCP","1514","8004  >  36824 [ACK] Seq=418646 Ack=144 Win=65024 Len=1448 TSval=2916041677 TSecr=3045561451 [TCP segment of a reassembled PDU]"
"63342","37.597110465","192.168.1.55","192.168.1.2","TCP","1514","8004  >  36824 [ACK] Seq=420094 Ack=144 Win=65024 Len=1448 TSval=2916041677 TSecr=3045561451 [TCP segment of a reassembled PDU]"
"63343","37.597111799","192.168.1.55","192.168.1.2","TCP","1514","8004  >  36824 [ACK] Seq=421542 Ack=144 Win=65024 Len=1448 TSval=2916041677 TSecr=3045561451 [TCP segment of a reassembled PDU]"
"63344","37.597113336","192.168.1.55","192.168.1.2","TCP","1514","8004  >  36824 [PSH, ACK] Seq=422990 Ack=144 Win=65024 Len=1448 TSval=2916041677 TSecr=3045561451 [TCP segment of a reassembled PDU]"
"63345","37.597118502","192.168.1.55","192.168.1.2","TCP","82","8004  >  36824 [ACK] Seq=424438 Ack=144 Win=65024 Len=16 TSval=2916041677 TSecr=3045561451 [TCP segment of a reassembled PDU]"
"63346","37.597122299","192.168.1.2","192.168.1.55","TCP","66","36824  >  8004 [ACK] Seq=144 Ack=366534 Win=92160 Len=0 TSval=3045561451 TSecr=2916041670"
"63347","37.597235132","192.168.1.55","192.168.1.2","TCP","1514","8004  >  36824 [ACK] Seq=424454 Ack=144 Win=65024 Len=1448 TSval=2916041677 TSecr=3045561451 [TCP segment of a reassembled PDU]"
"63348","37.597237243","192.168.1.55","192.168.1.2","TCP","1514","8004  >  36824 [ACK] Seq=425902 Ack=144 Win=65024 Len=1448 TSval=2916041677 TSecr=3045561451 [TCP segment of a reassembled PDU]"
"63349","37.597238577","192.168.1.55","192.168.1.2","TCP","1514","8004  >  36824 [ACK] Seq=427350 Ack=144 Win=65024 Len=1448 TSval=2916041677 TSecr=3045561451 [TCP segment of a reassembled PDU]"
"63350","37.597239891","192.168.1.55","192.168.1.2","TCP","1514","8004  >  36824 [ACK] Seq=428798 Ack=144 Win=65024 Len=1448 TSval=2916041677 TSecr=3045561451 [TCP segment of a reassembled PDU]"
"63351","37.597241262","192.168.1.55","192.168.1.2","TCP","1514","8004  >  36824 [ACK] Seq=430246 Ack=144 Win=65024 Len=1448 TSval=2916041677 TSecr=3045561451 [TCP segment of a reassembled PDU]"
"63352","37.597242632","192.168.1.55","192.168.1.2","TCP","1514","8004  >  36824 [ACK] Seq=431694 Ack=144 Win=65024 Len=1448 TSval=2916041677 TSecr=3045561451 [TCP segment of a reassembled PDU]"
"63353","37.597243965","192.168.1.55","192.168.1.2","TCP","1514","8004  >  36824 [ACK] Seq=433142 Ack=144 Win=65024 Len=1448 TSval=2916041677 TSecr=3045561451 [TCP segment of a reassembled PDU]"
"63354","37.597245354","192.168.1.55","192.168.1.2","TCP","1514","8004  >  36824 [ACK] Seq=434590 Ack=144 Win=65024 Len=1448 TSval=2916041677 TSecr=3045561451 [TCP segment of a reassembled PDU]"
"63355","37.597246688","192.168.1.55","192.168.1.2","TCP","1514","8004  >  36824 [ACK] Seq=436038 Ack=144 Win=65024 Len=1448 TSval=2916041677 TSecr=3045561451 [TCP segment of a reassembled PDU]"
"63356","37.597248410","192.168.1.55","192.168.1.2","TCP","1514","8004  >  36824 [ACK] Seq=437486 Ack=144 Win=65024 Len=1448 TSval=2916041677 TSecr=3045561451 [TCP segment of a reassembled PDU]"
"63357","37.597249743","192.168.1.55","192.168.1.2","TCP","1514","8004  >  36824 [ACK] Seq=438934 Ack=144 Win=65024 Len=1448 TSval=2916041677 TSecr=3045561451 [TCP segment of a reassembled PDU]"
"63358","37.597251262","192.168.1.55","192.168.1.2","TCP","1514","8004  >  36824 [ACK] Seq=440382 Ack=144 Win=65024 Len=1448 TSval=2916041677 TSecr=3045561451 [TCP segment of a reassembled PDU]"
"63359","37.597252669","192.168.1.55","192.168.1.2","TCP","1514","8004  >  36824 [ACK] Seq=441830 Ack=144 Win=65024 Len=1448 TSval=2916041677 TSecr=3045561451 [TCP segment of a reassembled PDU]"
"63360","37.597254058","192.168.1.55","192.168.1.2","TCP","1514","8004  >  36824 [ACK] Seq=443278 Ack=144 Win=65024 Len=1448 TSval=2916041677 TSecr=3045561451 [TCP segment of a reassembled PDU]"
"63361","37.597255558","192.168.1.55","192.168.1.2","TCP","1514","8004  >  36824 [ACK] Seq=444726 Ack=144 Win=65024 Len=1448 TSval=2916041677 TSecr=3045561451 [TCP segment of a reassembled PDU]"
"63362","37.597257058","192.168.1.55","192.168.1.2","TCP","1514","8004  >  36824 [ACK] Seq=446174 Ack=144 Win=65024 Len=1448 TSval=2916041677 TSecr=3045561451 [TCP segment of a reassembled PDU]"
"63363","37.597258391","192.168.1.55","192.168.1.2","TCP","1514","8004  >  36824 [ACK] Seq=447622 Ack=144 Win=65024 Len=1448 TSval=2916041677 TSecr=3045561451 [TCP segment of a reassembled PDU]"
"63364","37.597259965","192.168.1.55","192.168.1.2","TCP","1514","8004  >  36824 [ACK] Seq=449070 Ack=144 Win=65024 Len=1448 TSval=2916041677 TSecr=3045561451 [TCP segment of a reassembled PDU]"
"63365","37.597261465","192.168.1.55","192.168.1.2","TCP","1514","8004  >  36824 [ACK] Seq=450518 Ack=144 Win=65024 Len=1448 TSval=2916041677 TSecr=3045561451 [TCP segment of a reassembled PDU]"
"63366","37.597262928","192.168.1.55","192.168.1.2","TCP","1514","8004  >  36824 [ACK] Seq=451966 Ack=144 Win=65024 Len=1448 TSval=2916041677 TSecr=3045561451 [TCP segment of a reassembled PDU]"
"63367","37.597264225","192.168.1.55","192.168.1.2","TCP","1514","8004  >  36824 [ACK] Seq=453414 Ack=144 Win=65024 Len=1448 TSval=2916041677 TSecr=3045561451 [TCP segment of a reassembled PDU]"
"63368","37.597265540","192.168.1.55","192.168.1.2","TCP","1514","8004  >  36824 [ACK] Seq=454862 Ack=144 Win=65024 Len=1448 TSval=2916041677 TSecr=3045561451 [TCP segment of a reassembled PDU]"
"63369","37.597266910","192.168.1.55","192.168.1.2","TCP","1514","8004  >  36824 [PSH, ACK] Seq=456310 Ack=144 Win=65024 Len=1448 TSval=2916041677 TSecr=3045561451 [TCP segment of a reassembled PDU]"
"63370","37.598460653","192.168.1.2","192.168.1.55","TCP","66","36824  >  8004 [ACK] Seq=144 Ack=381014 Win=103424 Len=0 TSval=3045561453 TSecr=2916041675"
"63371","37.598479819","192.168.1.55","192.168.1.2","TCP","1514","8004  >  36824 [ACK] Seq=457758 Ack=144 Win=65024 Len=1448 TSval=2916041679 TSecr=3045561453 [TCP segment of a reassembled PDU]"
"63372","37.598481727","192.168.1.55","192.168.1.2","TCP","1514","8004  >  36824 [ACK] Seq=459206 Ack=144 Win=65024 Len=1448 TSval=2916041679 TSecr=3045561453 [TCP segment of a reassembled PDU]"
"63373","37.598483097","192.168.1.55","192.168.1.2","TCP","1514","8004  >  36824 [ACK] Seq=460654 Ack=144 Win=65024 Len=1448 TSval=2916041679 TSecr=3045561453 [TCP segment of a reassembled PDU]"
"63374","37.598484542","192.168.1.55","192.168.1.2","TCP","1514","8004  >  36824 [ACK] Seq=462102 Ack=144 Win=65024 Len=1448 TSval=2916041679 TSecr=3045561453 [TCP segment of a reassembled PDU]"
"63375","37.598485949","192.168.1.55","192.168.1.2","TCP","1514","8004  >  36824 [ACK] Seq=463550 Ack=144 Win=65024 Len=1448 TSval=2916041679 TSecr=3045561453 [TCP segment of a reassembled PDU]"
"63376","37.598487393","192.168.1.55","192.168.1.2","TCP","1514","8004  >  36824 [ACK] Seq=464998 Ack=144 Win=65024 Len=1448 TSval=2916041679 TSecr=3045561453 [TCP segment of a reassembled PDU]"
"63377","37.598488671","192.168.1.55","192.168.1.2","TCP","1514","8004  >  36824 [PSH, ACK] Seq=466446 Ack=144 Win=65024 Len=1448 TSval=2916041679 TSecr=3045561453 [TCP segment of a reassembled PDU]"
"63378","37.598503486","192.168.1.55","192.168.1.2","TCP","1514","8004  >  36824 [ACK] Seq=467894 Ack=144 Win=65024 Len=1448 TSval=2916041679 TSecr=3045561453 [TCP segment of a reassembled PDU]"
"63379","37.598504856","192.168.1.55","192.168.1.2","TCP","1514","8004  >  36824 [ACK] Seq=469342 Ack=144 Win=65024 Len=1448 TSval=2916041679 TSecr=3045561453 [TCP segment of a reassembled PDU]"
"63380","37.598506264","192.168.1.55","192.168.1.2","TCP","1514","8004  >  36824 [ACK] Seq=470790 Ack=144 Win=65024 Len=1448 TSval=2916041679 TSecr=3045561453 [TCP segment of a reassembled PDU]"
"63381","37.598507542","192.168.1.55","192.168.1.2","TCP","1514","8004  >  36824 [ACK] Seq=472238 Ack=144 Win=65024 Len=1448 TSval=2916041679 TSecr=3045561453 [TCP segment of a reassembled PDU]"
"63382","37.598508819","192.168.1.55","192.168.1.2","TCP","1514","8004  >  36824 [ACK] Seq=473686 Ack=144 Win=65024 Len=1448 TSval=2916041679 TSecr=3045561453 [TCP segment of a reassembled PDU]"
"63383","37.598510171","192.168.1.55","192.168.1.2","TCP","1514","8004  >  36824 [ACK] Seq=475134 Ack=144 Win=65024 Len=1448 TSval=2916041679 TSecr=3045561453 [TCP segment of a reassembled PDU]"
"63384","37.598511486","192.168.1.55","192.168.1.2","TCP","1514","8004  >  36824 [ACK] Seq=476582 Ack=144 Win=65024 Len=1448 TSval=2916041679 TSecr=3045561453 [TCP segment of a reassembled PDU]"
"63385","37.598513190","192.168.1.55","192.168.1.2","TCP","1514","8004  >  36824 [ACK] Seq=478030 Ack=144 Win=65024 Len=1448 TSval=2916041679 TSecr=3045561453 [TCP segment of a reassembled PDU]"
"63386","37.598514542","192.168.1.55","192.168.1.2","TCP","1514","8004  >  36824 [ACK] Seq=479478 Ack=144 Win=65024 Len=1448 TSval=2916041679 TSecr=3045561453 [TCP segment of a reassembled PDU]"
"63387","37.598516208","192.168.1.55","192.168.1.2","TCP","1514","8004  >  36824 [ACK] Seq=480926 Ack=144 Win=65024 Len=1448 TSval=2916041679 TSecr=3045561453 [TCP segment of a reassembled PDU]"
"63388","37.598517708","192.168.1.55","192.168.1.2","TCP","1514","8004  >  36824 [PSH, ACK] Seq=482374 Ack=144 Win=65024 Len=1448 TSval=2916041679 TSecr=3045561453 [TCP segment of a reassembled PDU]"
"63389","37.604197032","192.168.1.2","192.168.1.55","TCP","66","36824  >  8004 [ACK] Seq=144 Ack=414302 Win=90112 Len=0 TSval=3045561457 TSecr=2916041677"
"63390","37.604220791","192.168.1.55","192.168.1.2","TCP","1514","8004  >  36824 [ACK] Seq=483822 Ack=144 Win=65024 Len=1448 TSval=2916041684 TSecr=3045561457 [TCP segment of a reassembled PDU]"
"63391","37.604223699","192.168.1.55","192.168.1.2","TCP","1514","8004  >  36824 [ACK] Seq=485270 Ack=144 Win=65024 Len=1448 TSval=2916041684 TSecr=3045561457 [TCP segment of a reassembled PDU]"
"63392","37.604225014","192.168.1.55","192.168.1.2","TCP","1514","8004  >  36824 [ACK] Seq=486718 Ack=144 Win=65024 Len=1448 TSval=2916041684 TSecr=3045561457 [TCP segment of a reassembled PDU]"
"63393","37.604226384","192.168.1.55","192.168.1.2","TCP","1514","8004  >  36824 [ACK] Seq=488166 Ack=144 Win=65024 Len=1448 TSval=2916041684 TSecr=3045561457 [TCP segment of a reassembled PDU]"
"63394","37.604227903","192.168.1.55","192.168.1.2","TCP","1514","8004  >  36824 [ACK] Seq=489614 Ack=144 Win=65024 Len=1448 TSval=2916041684 TSecr=3045561457 [TCP segment of a reassembled PDU]"
"63395","37.604229254","192.168.1.55","192.168.1.2","TCP","1514","8004  >  36824 [ACK] Seq=491062 Ack=144 Win=65024 Len=1448 TSval=2916041684 TSecr=3045561457 [TCP segment of a reassembled PDU]"
"63396","37.604230643","192.168.1.55","192.168.1.2","TCP","1514","8004  >  36824 [ACK] Seq=492510 Ack=144 Win=65024 Len=1448 TSval=2916041684 TSecr=3045561457 [TCP segment of a reassembled PDU]"
"63397","37.604231921","192.168.1.55","192.168.1.2","TCP","1514","8004  >  36824 [ACK] Seq=493958 Ack=144 Win=65024 Len=1448 TSval=2916041684 TSecr=3045561457 [TCP segment of a reassembled PDU]"
"63398","37.604233199","192.168.1.55","192.168.1.2","TCP","1514","8004  >  36824 [ACK] Seq=495406 Ack=144 Win=65024 Len=1448 TSval=2916041684 TSecr=3045561457 [TCP segment of a reassembled PDU]"
"63399","37.604234866","192.168.1.55","192.168.1.2","TCP","1514","8004  >  36824 [PSH, ACK] Seq=496854 Ack=144 Win=65024 Len=1448 TSval=2916041684 TSecr=3045561457 [TCP segment of a reassembled PDU]"
"63400","37.604239810","192.168.1.55","192.168.1.2","HTTP","222","HTTP/1.0 200 OK  (PNG)"
"63401","37.604765996","192.168.1.2","192.168.1.55","TCP","66","36824  >  8004 [ACK] Seq=144 Ack=424454 Win=80896 Len=0 TSval=3045561457 TSecr=2916041677"
"63402","37.604773774","192.168.1.2","192.168.1.55","TCP","66","36824  >  8004 [ACK] Seq=144 Ack=449070 Win=56320 Len=0 TSval=3045561458 TSecr=2916041677"
"63403","37.604779774","192.168.1.2","192.168.1.55","TCP","66","[TCP Window Update] 36824  >  8004 [ACK] Seq=144 Ack=449070 Win=117760 Len=0 TSval=3045561458 TSecr=2916041677"
"63404","37.604832681","192.168.1.2","192.168.1.55","TCP","66","36824  >  8004 [ACK] Seq=144 Ack=467894 Win=104448 Len=0 TSval=3045561459 TSecr=2916041677"
"63405","37.604840904","192.168.1.2","192.168.1.55","TCP","66","36824  >  8004 [ACK] Seq=144 Ack=483822 Win=89088 Len=0 TSval=3045561460 TSecr=2916041679"
"63406","37.607692556","192.168.1.2","192.168.1.55","TCP","66","36824  >  8004 [ACK] Seq=144 Ack=498302 Win=106496 Len=0 TSval=3045561462 TSecr=2916041684"
"63407","37.609221892","192.168.1.2","192.168.1.55","TCP","66","36824  >  8004 [FIN, ACK] Seq=144 Ack=498459 Win=120832 Len=0 TSval=3045561463 TSecr=2916041684"
"63408","37.609234040","192.168.1.55","192.168.1.2","TCP","66","8004  >  36824 [ACK] Seq=498459 Ack=145 Win=65024 Len=0 TSval=2916041689 TSecr=3045561463"
"63409","37.609348689","192.168.1.2","192.168.1.55","TCP","74","36836  >  8004 [SYN] Seq=0 Win=64240 Len=0 MSS=1460 SACK_PERM TSval=3045561463 TSecr=0 WS=1024"
"63410","37.609373374","192.168.1.55","192.168.1.2","TCP","74","8004  >  36836 [SYN, ACK] Seq=0 Ack=1 Win=65160 Len=0 MSS=1460 SACK_PERM TSval=2916041690 TSecr=3045561463 WS=128"
"63411","37.612506694","192.168.1.2","192.168.1.55","TCP","66","36836  >  8004 [ACK] Seq=1 Ack=1 Win=64512 Len=0 TSval=3045561467 TSecr=2916041690"
"63412","37.615715421","192.168.1.2","192.168.1.55","HTTP","206","GET /stego_benchmark.png HTTP/1.1 "
"63413","37.615726717","192.168.1.55","192.168.1.2","TCP","66","8004  >  36836 [ACK] Seq=1 Ack=141 Win=65024 Len=0 TSval=2916041696 TSecr=3045561467"
"63414","37.616230218","192.168.1.55","192.168.1.2","TCP","255","8004  >  36836 [PSH, ACK] Seq=1 Ack=141 Win=65024 Len=189 TSval=2916041696 TSecr=3045561467 [TCP segment of a reassembled PDU]"
"63415","37.616336385","192.168.1.55","192.168.1.2","TCP","1514","8004  >  36836 [ACK] Seq=190 Ack=141 Win=65024 Len=1448 TSval=2916041697 TSecr=3045561467 [TCP segment of a reassembled PDU]"
"63416","37.616341256","192.168.1.55","192.168.1.2","TCP","1514","8004  >  36836 [ACK] Seq=1638 Ack=141 Win=65024 Len=1448 TSval=2916041697 TSecr=3045561467 [TCP segment of a reassembled PDU]"
"63417","37.616342885","192.168.1.55","192.168.1.2","TCP","1514","8004  >  36836 [ACK] Seq=3086 Ack=141 Win=65024 Len=1448 TSval=2916041697 TSecr=3045561467 [TCP segment of a reassembled PDU]"
"63418","37.616344274","192.168.1.55","192.168.1.2","TCP","1514","8004  >  36836 [ACK] Seq=4534 Ack=141 Win=65024 Len=1448 TSval=2916041697 TSecr=3045561467 [TCP segment of a reassembled PDU]"
"63419","37.616346330","192.168.1.55","192.168.1.2","TCP","1514","8004  >  36836 [PSH, ACK] Seq=5982 Ack=141 Win=65024 Len=1448 TSval=2916041697 TSecr=3045561467 [TCP segment of a reassembled PDU]"
"63420","37.616366700","192.168.1.55","192.168.1.2","TCP","1514","8004  >  36836 [ACK] Seq=7430 Ack=141 Win=65024 Len=1448 TSval=2916041697 TSecr=3045561467 [TCP segment of a reassembled PDU]"
"63421","37.616368941","192.168.1.55","192.168.1.2","TCP","1514","8004  >  36836 [ACK] Seq=8878 Ack=141 Win=65024 Len=1448 TSval=2916041697 TSecr=3045561467 [TCP segment of a reassembled PDU]"
"63422","37.616370404","192.168.1.55","192.168.1.2","TCP","1514","8004  >  36836 [ACK] Seq=10326 Ack=141 Win=65024 Len=1448 TSval=2916041697 TSecr=3045561467 [TCP segment of a reassembled PDU]"
"63423","37.616371978","192.168.1.55","192.168.1.2","TCP","1514","8004  >  36836 [PSH, ACK] Seq=11774 Ack=141 Win=65024 Len=1448 TSval=2916041697 TSecr=3045561467 [TCP segment of a reassembled PDU]"
"63424","37.619728187","192.168.1.2","192.168.1.55","TCP","66","36836  >  8004 [ACK] Seq=141 Ack=190 Win=64512 Len=0 TSval=3045561474 TSecr=2916041696"
"63425","37.619761817","192.168.1.55","192.168.1.2","TCP","1514","8004  >  36836 [ACK] Seq=13222 Ack=141 Win=65024 Len=1448 TSval=2916041700 TSecr=3045561474 [TCP segment of a reassembled PDU]"
"63426","37.619765780","192.168.1.55","192.168.1.2","TCP","1514","8004  >  36836 [PSH, ACK] Seq=14670 Ack=141 Win=65024 Len=1448 TSval=2916041700 TSecr=3045561474 [TCP segment of a reassembled PDU]"
"63427","37.619883576","192.168.1.2","192.168.1.55","TCP","66","36836  >  8004 [ACK] Seq=141 Ack=5982 Win=76800 Len=0 TSval=3045561474 TSecr=2916041697"
"63428","37.619943002","192.168.1.55","192.168.1.2","TCP","1514","8004  >  36836 [ACK] Seq=16118 Ack=141 Win=65024 Len=1448 TSval=2916041700 TSecr=3045561474 [TCP segment of a reassembled PDU]"
"63429","37.619950447","192.168.1.55","192.168.1.2","TCP","1514","8004  >  36836 [ACK] Seq=17566 Ack=141 Win=65024 Len=1448 TSval=2916041700 TSecr=3045561474 [TCP segment of a reassembled PDU]"
"63430","37.619952724","192.168.1.55","192.168.1.2","TCP","1514","8004  >  36836 [ACK] Seq=19014 Ack=141 Win=65024 Len=1448 TSval=2916041700 TSecr=3045561474 [TCP segment of a reassembled PDU]"
"63431","37.619954891","192.168.1.55","192.168.1.2","TCP","1514","8004  >  36836 [ACK] Seq=20462 Ack=141 Win=65024 Len=1448 TSval=2916041700 TSecr=3045561474 [TCP segment of a reassembled PDU]"
"63432","37.619957132","192.168.1.55","192.168.1.2","TCP","1514","8004  >  36836 [ACK] Seq=21910 Ack=141 Win=65024 Len=1448 TSval=2916041700 TSecr=3045561474 [TCP segment of a reassembled PDU]"
"63433","37.619958909","192.168.1.55","192.168.1.2","TCP","1514","8004  >  36836 [ACK] Seq=23358 Ack=141 Win=65024 Len=1448 TSval=2916041700 TSecr=3045561474 [TCP segment of a reassembled PDU]"
"63434","37.619961613","192.168.1.55","192.168.1.2","TCP","1514","8004  >  36836 [PSH, ACK] Seq=24806 Ack=141 Win=65024 Len=1448 TSval=2916041700 TSecr=3045561474 [TCP segment of a reassembled PDU]"
"63435","37.619971465","192.168.1.2","192.168.1.55","TCP","66","36836  >  8004 [ACK] Seq=141 Ack=7430 Win=79872 Len=0 TSval=3045561475 TSecr=2916041697"
"63436","37.619992613","192.168.1.2","192.168.1.55","TCP","66","36836  >  8004 [ACK] Seq=141 Ack=13222 Win=80896 Len=0 TSval=3045561475 TSecr=2916041697"
"63437","37.620048669","192.168.1.55","192.168.1.2","TCP","1514","8004  >  36836 [ACK] Seq=26254 Ack=141 Win=65024 Len=1448 TSval=2916041700 TSecr=3045561475 [TCP segment of a reassembled PDU]"
"63438","37.620053447","192.168.1.55","192.168.1.2","TCP","1514","8004  >  36836 [ACK] Seq=27702 Ack=141 Win=65024 Len=1448 TSval=2916041700 TSecr=3045561475 [TCP segment of a reassembled PDU]"
"63439","37.620056465","192.168.1.55","192.168.1.2","TCP","1514","8004  >  36836 [ACK] Seq=29150 Ack=141 Win=65024 Len=1448 TSval=2916041700 TSecr=3045561475 [TCP segment of a reassembled PDU]"
"63440","37.620058391","192.168.1.55","192.168.1.2","TCP","1514","8004  >  36836 [ACK] Seq=30598 Ack=141 Win=65024 Len=1448 TSval=2916041700 TSecr=3045561475 [TCP segment of a reassembled PDU]"
"63441","37.620061706","192.168.1.55","192.168.1.2","TCP","1514","8004  >  36836 [ACK] Seq=32046 Ack=141 Win=65024 Len=1448 TSval=2916041700 TSecr=3045561475 [TCP segment of a reassembled PDU]"
"63442","37.620063947","192.168.1.55","192.168.1.2","TCP","1514","8004  >  36836 [ACK] Seq=33494 Ack=141 Win=65024 Len=1448 TSval=2916041700 TSecr=3045561475 [TCP segment of a reassembled PDU]"
"63443","37.620066669","192.168.1.55","192.168.1.2","TCP","1514","8004  >  36836 [ACK] Seq=34942 Ack=141 Win=65024 Len=1448 TSval=2916041700 TSecr=3045561475 [TCP segment of a reassembled PDU]"
"63444","37.620068817","192.168.1.55","192.168.1.2","TCP","1514","8004  >  36836 [ACK] Seq=36390 Ack=141 Win=65024 Len=1448 TSval=2916041700 TSecr=3045561475 [TCP segment of a reassembled PDU]"
"63445","37.620070799","192.168.1.55","192.168.1.2","TCP","1514","8004  >  36836 [ACK] Seq=37838 Ack=141 Win=65024 Len=1448 TSval=2916041700 TSecr=3045561475 [TCP segment of a reassembled PDU]"
"63446","37.620072743","192.168.1.55","192.168.1.2","TCP","1514","8004  >  36836 [PSH, ACK] Seq=39286 Ack=141 Win=65024 Len=1448 TSval=2916041700 TSecr=3045561475 [TCP segment of a reassembled PDU]"
"63447","37.621060041","192.168.1.55","192.168.1.2","TCP","1514","8004  >  36836 [ACK] Seq=40734 Ack=141 Win=65024 Len=1448 TSval=2916041701 TSecr=3045561475 [TCP segment of a reassembled PDU]"
"63448","37.624754602","192.168.1.2","192.168.1.55","TCP","66","36836  >  8004 [ACK] Seq=141 Ack=16118 Win=87040 Len=0 TSval=3045561479 TSecr=2916041700"
"63449","37.624820251","192.168.1.55","192.168.1.2","TCP","1514","8004  >  36836 [ACK] Seq=42182 Ack=141 Win=65024 Len=1448 TSval=2916041705 TSecr=3045561479 [TCP segment of a reassembled PDU]"
"63450","37.624825269","192.168.1.55","192.168.1.2","TCP","1514","8004  >  36836 [PSH, ACK] Seq=43630 Ack=141 Win=65024 Len=1448 TSval=2916041705 TSecr=3045561479 [TCP segment of a reassembled PDU]"
"63451","37.624910455","192.168.1.2","192.168.1.55","TCP","66","36836  >  8004 [ACK] Seq=141 Ack=26254 Win=86016 Len=0 TSval=3045561479 TSecr=2916041700"
"63452","37.624946584","192.168.1.55","192.168.1.2","TCP","1514","8004  >  36836 [ACK] Seq=45078 Ack=141 Win=65024 Len=1448 TSval=2916041705 TSecr=3045561479 [TCP segment of a reassembled PDU]"
"63453","37.624949510","192.168.1.55","192.168.1.2","TCP","1514","8004  >  36836 [ACK] Seq=46526 Ack=141 Win=65024 Len=1448 TSval=2916041705 TSecr=3045561479 [TCP segment of a reassembled PDU]"
"63454","37.624951418","192.168.1.55","192.168.1.2","TCP","1514","8004  >  36836 [ACK] Seq=47974 Ack=141 Win=65024 Len=1448 TSval=2916041705 TSecr=3045561479 [TCP segment of a reassembled PDU]"
"63455","37.624953603","192.168.1.55","192.168.1.2","TCP","1514","8004  >  36836 [ACK] Seq=49422 Ack=141 Win=65024 Len=1448 TSval=2916041705 TSecr=3045561479 [TCP segment of a reassembled PDU]"
"63456","37.624955140","192.168.1.55","192.168.1.2","TCP","1514","8004  >  36836 [ACK] Seq=50870 Ack=141 Win=65024 Len=1448 TSval=2916041705 TSecr=3045561479 [TCP segment of a reassembled PDU]"
"63457","37.624956344","192.168.1.55","192.168.1.2","TCP","1514","8004  >  36836 [ACK] Seq=52318 Ack=141 Win=65024 Len=1448 TSval=2916041705 TSecr=3045561479 [TCP segment of a reassembled PDU]"
"63458","37.624957640","192.168.1.55","192.168.1.2","TCP","1514","8004  >  36836 [ACK] Seq=53766 Ack=141 Win=65024 Len=1448 TSval=2916041705 TSecr=3045561479 [TCP segment of a reassembled PDU]"
"63459","37.624958955","192.168.1.55","192.168.1.2","TCP","1514","8004  >  36836 [ACK] Seq=55214 Ack=141 Win=65024 Len=1448 TSval=2916041705 TSecr=3045561479 [TCP segment of a reassembled PDU]"
"63460","37.624960714","192.168.1.55","192.168.1.2","TCP","1514","8004  >  36836 [ACK] Seq=56662 Ack=141 Win=65024 Len=1448 TSval=2916041705 TSecr=3045561479 [TCP segment of a reassembled PDU]"
"63461","37.624962232","192.168.1.55","192.168.1.2","TCP","1514","8004  >  36836 [ACK] Seq=58110 Ack=141 Win=65024 Len=1448 TSval=2916041705 TSecr=3045561479 [TCP segment of a reassembled PDU]"
"63462","37.624964473","192.168.1.55","192.168.1.2","TCP","1514","8004  >  36836 [ACK] Seq=59558 Ack=141 Win=65024 Len=1448 TSval=2916041705 TSecr=3045561479 [TCP segment of a reassembled PDU]"
"63463","37.624966084","192.168.1.55","192.168.1.2","TCP","1514","8004  >  36836 [ACK] Seq=61006 Ack=141 Win=65024 Len=1448 TSval=2916041705 TSecr=3045561479 [TCP segment of a reassembled PDU]"
"63464","37.624967344","192.168.1.55","192.168.1.2","TCP","1514","8004  >  36836 [ACK] Seq=62454 Ack=141 Win=65024 Len=1448 TSval=2916041705 TSecr=3045561479 [TCP segment of a reassembled PDU]"
"63465","37.624968584","192.168.1.55","192.168.1.2","TCP","1514","8004  >  36836 [PSH, ACK] Seq=63902 Ack=141 Win=65024 Len=1448 TSval=2916041705 TSecr=3045561479 [TCP segment of a reassembled PDU]"
"63466","37.624972825","192.168.1.2","192.168.1.55","TCP","66","36836  >  8004 [ACK] Seq=141 Ack=33494 Win=78848 Len=0 TSval=3045561479 TSecr=2916041700"
"63467","37.625001121","192.168.1.55","192.168.1.2","TCP","1514","8004  >  36836 [ACK] Seq=65350 Ack=141 Win=65024 Len=1448 TSval=2916041705 TSecr=3045561479 [TCP segment of a reassembled PDU]"
"63468","37.625002881","192.168.1.55","192.168.1.2","TCP","1514","8004  >  36836 [ACK] Seq=66798 Ack=141 Win=65024 Len=1448 TSval=2916041705 TSecr=3045561479 [TCP segment of a reassembled PDU]"
"63469","37.625004010","192.168.1.55","192.168.1.2","TCP","1514","8004  >  36836 [ACK] Seq=68246 Ack=141 Win=65024 Len=1448 TSval=2916041705 TSecr=3045561479 [TCP segment of a reassembled PDU]"
"63470","37.625005381","192.168.1.55","192.168.1.2","TCP","1514","8004  >  36836 [ACK] Seq=69694 Ack=141 Win=65024 Len=1448 TSval=2916041705 TSecr=3045561479 [TCP segment of a reassembled PDU]"
"63471","37.625006529","192.168.1.55","192.168.1.2","TCP","1514","8004  >  36836 [ACK] Seq=71142 Ack=141 Win=65024 Len=1448 TSval=2916041705 TSecr=3045561479 [TCP segment of a reassembled PDU]"
"63472","37.625007825","192.168.1.55","192.168.1.2","TCP","1514","8004  >  36836 [ACK] Seq=72590 Ack=141 Win=65024 Len=1448 TSval=2916041705 TSecr=3045561479 [TCP segment of a reassembled PDU]"
"63473","37.625009714","192.168.1.55","192.168.1.2","TCP","1514","8004  >  36836 [ACK] Seq=74038 Ack=141 Win=65024 Len=1448 TSval=2916041705 TSecr=3045561479 [TCP segment of a reassembled PDU]"
"63474","37.625011418","192.168.1.55","192.168.1.2","TCP","1514","8004  >  36836 [PSH, ACK] Seq=75486 Ack=141 Win=65024 Len=1448 TSval=2916041705 TSecr=3045561479 [TCP segment of a reassembled PDU]"
"63475","37.625018584","192.168.1.2","192.168.1.55","TCP","66","36836  >  8004 [ACK] Seq=141 Ack=36390 Win=76800 Len=0 TSval=3045561479 TSecr=2916041700"
"63476","37.625024640","192.168.1.2","192.168.1.55","TCP","66","36836  >  8004 [ACK] Seq=141 Ack=39286 Win=92160 Len=0 TSval=3045561480 TSecr=2916041700"
"63477","37.625086584","192.168.1.2","192.168.1.55","TCP","66","36836  >  8004 [ACK] Seq=141 Ack=40734 Win=94208 Len=0 TSval=3045561480 TSecr=2916041700"
"63478","37.625098344","192.168.1.2","192.168.1.55","TCP","66","36836  >  8004 [ACK] Seq=141 Ack=42182 Win=94208 Len=0 TSval=3045561480 TSecr=2916041701"
"63479","37.625146659","192.168.1.55","192.168.1.2","TCP","1514","8004  >  36836 [ACK] Seq=76934 Ack=141 Win=65024 Len=1448 TSval=2916041705 TSecr=3045561480 [TCP segment of a reassembled PDU]"
"63480","37.625149733","192.168.1.55","192.168.1.2","TCP","1514","8004  >  36836 [ACK] Seq=78382 Ack=141 Win=65024 Len=1448 TSval=2916041705 TSecr=3045561480 [TCP segment of a reassembled PDU]"
"63481","37.625151362","192.168.1.55","192.168.1.2","TCP","1514","8004  >  36836 [ACK] Seq=79830 Ack=141 Win=65024 Len=1448 TSval=2916041705 TSecr=3045561480 [TCP segment of a reassembled PDU]"
"63482","37.625153288","192.168.1.55","192.168.1.2","TCP","1514","8004  >  36836 [ACK] Seq=81278 Ack=141 Win=65024 Len=1448 TSval=2916041705 TSecr=3045561480 [TCP segment of a reassembled PDU]"
"63483","37.625154751","192.168.1.55","192.168.1.2","TCP","1514","8004  >  36836 [ACK] Seq=82726 Ack=141 Win=65024 Len=1448 TSval=2916041705 TSecr=3045561480 [TCP segment of a reassembled PDU]"
"63484","37.625156140","192.168.1.55","192.168.1.2","TCP","1514","8004  >  36836 [ACK] Seq=84174 Ack=141 Win=65024 Len=1448 TSval=2916041705 TSecr=3045561480 [TCP segment of a reassembled PDU]"
"63485","37.625157825","192.168.1.55","192.168.1.2","TCP","1514","8004  >  36836 [ACK] Seq=85622 Ack=141 Win=65024 Len=1448 TSval=2916041705 TSecr=3045561480 [TCP segment of a reassembled PDU]"
"63486","37.625159066","192.168.1.55","192.168.1.2","TCP","1514","8004  >  36836 [ACK] Seq=87070 Ack=141 Win=65024 Len=1448 TSval=2916041705 TSecr=3045561480 [TCP segment of a reassembled PDU]"
"63487","37.625160344","192.168.1.55","192.168.1.2","TCP","1514","8004  >  36836 [ACK] Seq=88518 Ack=141 Win=65024 Len=1448 TSval=2916041705 TSecr=3045561480 [TCP segment of a reassembled PDU]"
"63488","37.625161566","192.168.1.55","192.168.1.2","TCP","1514","8004  >  36836 [ACK] Seq=89966 Ack=141 Win=65024 Len=1448 TSval=2916041705 TSecr=3045561480 [TCP segment of a reassembled PDU]"
"63489","37.625174233","192.168.1.55","192.168.1.2","TCP","1514","8004  >  36836 [ACK] Seq=91414 Ack=141 Win=65024 Len=1448 TSval=2916041705 TSecr=3045561480 [TCP segment of a reassembled PDU]"
"63490","37.625176029","192.168.1.55","192.168.1.2","TCP","1514","8004  >  36836 [ACK] Seq=92862 Ack=141 Win=65024 Len=1448 TSval=2916041705 TSecr=3045561480 [TCP segment of a reassembled PDU]"
"63491","37.625178677","192.168.1.55","192.168.1.2","TCP","1514","8004  >  36836 [ACK] Seq=94310 Ack=141 Win=65024 Len=1448 TSval=2916041705 TSecr=3045561480 [TCP segment of a reassembled PDU]"
"63492","37.625180159","192.168.1.55","192.168.1.2","TCP","1514","8004  >  36836 [PSH, ACK] Seq=95758 Ack=141 Win=65024 Len=1448 TSval=2916041705 TSecr=3045561480 [TCP segment of a reassembled PDU]"
"63493","37.626443790","192.168.1.55","192.168.1.2","TCP","1514","8004  >  36836 [ACK] Seq=97206 Ack=141 Win=65024 Len=1448 TSval=2916041707 TSecr=3045561480 [TCP segment of a reassembled PDU]"
"63494","37.626450957","192.168.1.55","192.168.1.2","TCP","1514","8004  >  36836 [PSH, ACK] Seq=98654 Ack=141 Win=65024 Len=1448 TSval=2916041707 TSecr=3045561480 [TCP segment of a reassembled PDU]"
"63495","37.630431575","192.168.1.2","192.168.1.55","TCP","66","36836  >  8004 [ACK] Seq=141 Ack=45078 Win=92160 Len=0 TSval=3045561484 TSecr=2916041705"
"63496","37.630509834","192.168.1.55","192.168.1.2","TCP","1514","8004  >  36836 [ACK] Seq=100102 Ack=141 Win=65024 Len=1448 TSval=2916041711 TSecr=3045561484 [TCP segment of a reassembled PDU]"
"63497","37.630515556","192.168.1.55","192.168.1.2","TCP","1514","8004  >  36836 [ACK] Seq=101550 Ack=141 Win=65024 Len=1448 TSval=2916041711 TSecr=3045561484 [TCP segment of a reassembled PDU]"
"63498","37.630517056","192.168.1.55","192.168.1.2","TCP","1514","8004  >  36836 [ACK] Seq=102998 Ack=141 Win=65024 Len=1448 TSval=2916041711 TSecr=3045561484 [TCP segment of a reassembled PDU]"
"63499","37.630518556","192.168.1.55","192.168.1.2","TCP","1514","8004  >  36836 [PSH, ACK] Seq=104446 Ack=141 Win=65024 Len=1448 TSval=2916041711 TSecr=3045561484 [TCP segment of a reassembled PDU]"
"63500","37.630602964","192.168.1.2","192.168.1.55","TCP","66","36836  >  8004 [ACK] Seq=141 Ack=58110 Win=82944 Len=0 TSval=3045561485 TSecr=2916041705"
"63501","37.630630242","192.168.1.55","192.168.1.2","TCP","1514","8004  >  36836 [ACK] Seq=105894 Ack=141 Win=65024 Len=1448 TSval=2916041711 TSecr=3045561485 [TCP segment of a reassembled PDU]"
"63502","37.630633464","192.168.1.55","192.168.1.2","TCP","1514","8004  >  36836 [ACK] Seq=107342 Ack=141 Win=65024 Len=1448 TSval=2916041711 TSecr=3045561485 [TCP segment of a reassembled PDU]"
"63503","37.630635371","192.168.1.55","192.168.1.2","TCP","1514","8004  >  36836 [ACK] Seq=108790 Ack=141 Win=65024 Len=1448 TSval=2916041711 TSecr=3045561485 [TCP segment of a reassembled PDU]"
"63504","37.630637019","192.168.1.55","192.168.1.2","TCP","1514","8004  >  36836 [ACK] Seq=110238 Ack=141 Win=65024 Len=1448 TSval=2916041711 TSecr=3045561485 [TCP segment of a reassembled PDU]"
"63505","37.630639075","192.168.1.55","192.168.1.2","TCP","1514","8004  >  36836 [ACK] Seq=111686 Ack=141 Win=65024 Len=1448 TSval=2916041711 TSecr=3045561485 [TCP segment of a reassembled PDU]"
"63506","37.630640779","192.168.1.55","192.168.1.2","TCP","1514","8004  >  36836 [ACK] Seq=113134 Ack=141 Win=65024 Len=1448 TSval=2916041711 TSecr=3045561485 [TCP segment of a reassembled PDU]"
"63507","37.630641982","192.168.1.55","192.168.1.2","TCP","1514","8004  >  36836 [PSH, ACK] Seq=114582 Ack=141 Win=65024 Len=1448 TSval=2916041711 TSecr=3045561485 [TCP segment of a reassembled PDU]"
"63508","37.630651186","192.168.1.2","192.168.1.55","TCP","66","36836  >  8004 [ACK] Seq=141 Ack=65350 Win=89088 Len=0 TSval=3045561485 TSecr=2916041705"
"63509","37.630703057","192.168.1.55","192.168.1.2","TCP","1514","8004  >  36836 [ACK] Seq=116030 Ack=141 Win=65024 Len=1448 TSval=2916041711 TSecr=3045561485 [TCP segment of a reassembled PDU]"
"63510","37.630706112","192.168.1.55","192.168.1.2","TCP","1514","8004  >  36836 [ACK] Seq=117478 Ack=141 Win=65024 Len=1448 TSval=2916041711 TSecr=3045561485 [TCP segment of a reassembled PDU]"
"63511","37.630708112","192.168.1.55","192.168.1.2","TCP","1514","8004  >  36836 [ACK] Seq=118926 Ack=141 Win=65024 Len=1448 TSval=2916041711 TSecr=3045561485 [TCP segment of a reassembled PDU]"
"63512","37.630709945","192.168.1.55","192.168.1.2","TCP","1514","8004  >  36836 [ACK] Seq=120374 Ack=141 Win=65024 Len=1448 TSval=2916041711 TSecr=3045561485 [TCP segment of a reassembled PDU]"
"63513","37.630711668","192.168.1.55","192.168.1.2","TCP","1514","8004  >  36836 [ACK] Seq=121822 Ack=141 Win=65024 Len=1448 TSval=2916041711 TSecr=3045561485 [TCP segment of a reassembled PDU]"
"63514","37.630713908","192.168.1.55","192.168.1.2","TCP","1514","8004  >  36836 [ACK] Seq=123270 Ack=141 Win=65024 Len=1448 TSval=2916041711 TSecr=3045561485 [TCP segment of a reassembled PDU]"
"63515","37.630715557","192.168.1.55","192.168.1.2","TCP","1514","8004  >  36836 [ACK] Seq=124718 Ack=141 Win=65024 Len=1448 TSval=2916041711 TSecr=3045561485 [TCP segment of a reassembled PDU]"
"63516","37.630717334","192.168.1.55","192.168.1.2","TCP","1514","8004  >  36836 [ACK] Seq=126166 Ack=141 Win=65024 Len=1448 TSval=2916041711 TSecr=3045561485 [TCP segment of a reassembled PDU]"
"63517","37.630719594","192.168.1.55","192.168.1.2","TCP","1514","8004  >  36836 [ACK] Seq=127614 Ack=141 Win=65024 Len=1448 TSval=2916041711 TSecr=3045561485 [TCP segment of a reassembled PDU]"
"63518","37.630721297","192.168.1.55","192.168.1.2","TCP","1514","8004  >  36836 [ACK] Seq=129062 Ack=141 Win=65024 Len=1448 TSval=2916041711 TSecr=3045561485 [TCP segment of a reassembled PDU]"
"63519","37.630723001","192.168.1.55","192.168.1.2","TCP","1514","8004  >  36836 [ACK] Seq=130510 Ack=141 Win=65024 Len=1448 TSval=2916041711 TSecr=3045561485 [TCP segment of a reassembled PDU]"
"63520","37.630724797","192.168.1.55","192.168.1.2","TCP","1514","8004  >  36836 [ACK] Seq=131958 Ack=141 Win=65024 Len=1448 TSval=2916041711 TSecr=3045561485 [TCP segment of a reassembled PDU]"
"63521","37.630726779","192.168.1.55","192.168.1.2","TCP","1514","8004  >  36836 [ACK] Seq=133406 Ack=141 Win=65024 Len=1448 TSval=2916041711 TSecr=3045561485 [TCP segment of a reassembled PDU]"
"63522","37.630729112","192.168.1.55","192.168.1.2","TCP","1514","8004  >  36836 [ACK] Seq=134854 Ack=141 Win=65024 Len=1448 TSval=2916041711 TSecr=3045561485 [TCP segment of a reassembled PDU]"
"63523","37.630730557","192.168.1.55","192.168.1.2","TCP","1514","8004  >  36836 [ACK] Seq=136302 Ack=141 Win=65024 Len=1448 TSval=2916041711 TSecr=3045561485 [TCP segment of a reassembled PDU]"
"63524","37.630733020","192.168.1.55","192.168.1.2","TCP","1514","8004  >  36836 [ACK] Seq=137750 Ack=141 Win=65024 Len=1448 TSval=2916041711 TSecr=3045561485 [TCP segment of a reassembled PDU]"
"63525","37.630734816","192.168.1.55","192.168.1.2","TCP","1514","8004  >  36836 [ACK] Seq=139198 Ack=141 Win=65024 Len=1448 TSval=2916041711 TSecr=3045561485 [TCP segment of a reassembled PDU]"
"63526","37.630736334","192.168.1.55","192.168.1.2","TCP","1514","8004  >  36836 [ACK] Seq=140646 Ack=141 Win=65024 Len=1448 TSval=2916041711 TSecr=3045561485 [TCP segment of a reassembled PDU]"
"63527","37.630738520","192.168.1.55","192.168.1.2","TCP","1514","8004  >  36836 [ACK] Seq=142094 Ack=141 Win=65024 Len=1448 TSval=2916041711 TSecr=3045561485 [TCP segment of a reassembled PDU]"
"63528","37.630740223","192.168.1.55","192.168.1.2","TCP","1514","8004  >  36836 [ACK] Seq=143542 Ack=141 Win=65024 Len=1448 TSval=2916041711 TSecr=3045561485 [TCP segment of a reassembled PDU]"
"63529","37.630741853","192.168.1.55","192.168.1.2","TCP","1514","8004  >  36836 [PSH, ACK] Seq=144990 Ack=141 Win=65024 Len=1448 TSval=2916041711 TSecr=3045561485 [TCP segment of a reassembled PDU]"
"63530","37.630746297","192.168.1.2","192.168.1.55","TCP","66","36836  >  8004 [ACK] Seq=141 Ack=76934 Win=83968 Len=0 TSval=3045561485 TSecr=2916041705"
"63531","37.630751427","192.168.1.2","192.168.1.55","TCP","66","36836  >  8004 [ACK] Seq=141 Ack=100102 Win=61440 Len=0 TSval=3045561485 TSecr=2916041705"
"63532","37.630844094","192.168.1.55","192.168.1.2","TCP","1514","8004  >  36836 [ACK] Seq=146438 Ack=141 Win=65024 Len=1448 TSval=2916041711 TSecr=3045561485 [TCP segment of a reassembled PDU]"
"63533","37.630847816","192.168.1.55","192.168.1.2","TCP","1514","8004  >  36836 [ACK] Seq=147886 Ack=141 Win=65024 Len=1448 TSval=2916041711 TSecr=3045561485 [TCP segment of a reassembled PDU]"
"63534","37.630850520","192.168.1.55","192.168.1.2","TCP","1514","8004  >  36836 [ACK] Seq=149334 Ack=141 Win=65024 Len=1448 TSval=2916041711 TSecr=3045561485 [TCP segment of a reassembled PDU]"
"63535","37.630852186","192.168.1.55","192.168.1.2","TCP","1514","8004  >  36836 [ACK] Seq=150782 Ack=141 Win=65024 Len=1448 TSval=2916041711 TSecr=3045561485 [TCP segment of a reassembled PDU]"
"63536","37.630853686","192.168.1.55","192.168.1.2","TCP","1514","8004  >  36836 [ACK] Seq=152230 Ack=141 Win=65024 Len=1448 TSval=2916041711 TSecr=3045561485 [TCP segment of a reassembled PDU]"
"63537","37.630855686","192.168.1.55","192.168.1.2","TCP","1514","8004  >  36836 [PSH, ACK] Seq=153678 Ack=141 Win=65024 Len=1448 TSval=2916041711 TSecr=3045561485 [TCP segment of a reassembled PDU]"
"63538","37.630872964","192.168.1.55","192.168.1.2","TCP","1514","8004  >  36836 [ACK] Seq=155126 Ack=141 Win=65024 Len=1448 TSval=2916041711 TSecr=3045561485 [TCP segment of a reassembled PDU]"
"63539","37.630875631","192.168.1.55","192.168.1.2","TCP","1514","8004  >  36836 [ACK] Seq=156574 Ack=141 Win=65024 Len=1448 TSval=2916041711 TSecr=3045561485 [TCP segment of a reassembled PDU]"
"63540","37.630877223","192.168.1.55","192.168.1.2","TCP","1514","8004  >  36836 [ACK] Seq=158022 Ack=141 Win=65024 Len=1448 TSval=2916041711 TSecr=3045561485 [TCP segment of a reassembled PDU]"
"63541","37.630879094","192.168.1.55","192.168.1.2","TCP","1514","8004  >  36836 [ACK] Seq=159470 Ack=141 Win=65024 Len=1448 TSval=2916041711 TSecr=3045561485 [TCP segment of a reassembled PDU]"
"63542","37.630881038","192.168.1.55","192.168.1.2","TCP","690","[TCP Window Full] 8004  >  36836 [PSH, ACK] Seq=160918 Ack=141 Win=65024 Len=624 TSval=2916041711 TSecr=3045561485 [TCP segment of a reassembled PDU]"
"63543","37.636261547","192.168.1.2","192.168.1.55","TCP","66","36836  >  8004 [ACK] Seq=141 Ack=105894 Win=88064 Len=0 TSval=3045561490 TSecr=2916041711"
"63544","37.636327917","192.168.1.55","192.168.1.2","TCP","1514","8004  >  36836 [ACK] Seq=161542 Ack=141 Win=65024 Len=1448 TSval=2916041716 TSecr=3045561490 [TCP segment of a reassembled PDU]"
"63545","37.636332269","192.168.1.55","192.168.1.2","TCP","1514","8004  >  36836 [ACK] Seq=162990 Ack=141 Win=65024 Len=1448 TSval=2916041716 TSecr=3045561490 [TCP segment of a reassembled PDU]"
"63546","37.636333418","192.168.1.55","192.168.1.2","TCP","1514","8004  >  36836 [ACK] Seq=164438 Ack=141 Win=65024 Len=1448 TSval=2916041716 TSecr=3045561490 [TCP segment of a reassembled PDU]"
"63547","37.636334547","192.168.1.55","192.168.1.2","TCP","1514","8004  >  36836 [ACK] Seq=165886 Ack=141 Win=65024 Len=1448 TSval=2916041716 TSecr=3045561490 [TCP segment of a reassembled PDU]"
"63548","37.636335880","192.168.1.55","192.168.1.2","TCP","1514","8004  >  36836 [ACK] Seq=167334 Ack=141 Win=65024 Len=1448 TSval=2916041716 TSecr=3045561490 [TCP segment of a reassembled PDU]"
"63549","37.636337121","192.168.1.55","192.168.1.2","TCP","1514","8004  >  36836 [ACK] Seq=168782 Ack=141 Win=65024 Len=1448 TSval=2916041716 TSecr=3045561490 [TCP segment of a reassembled PDU]"
"63550","37.636338510","192.168.1.55","192.168.1.2","TCP","1514","8004  >  36836 [ACK] Seq=170230 Ack=141 Win=65024 Len=1448 TSval=2916041716 TSecr=3045561490 [TCP segment of a reassembled PDU]"
"63551","37.636339732","192.168.1.55","192.168.1.2","TCP","1514","8004  >  36836 [ACK] Seq=171678 Ack=141 Win=65024 Len=1448 TSval=2916041716 TSecr=3045561490 [TCP segment of a reassembled PDU]"
"63552","37.636340843","192.168.1.55","192.168.1.2","TCP","1514","8004  >  36836 [ACK] Seq=173126 Ack=141 Win=65024 Len=1448 TSval=2916041716 TSecr=3045561490 [TCP segment of a reassembled PDU]"
"63553","37.636342177","192.168.1.55","192.168.1.2","TCP","1514","8004  >  36836 [ACK] Seq=174574 Ack=141 Win=65024 Len=1448 TSval=2916041716 TSecr=3045561490 [TCP segment of a reassembled PDU]"
"63554","37.636343288","192.168.1.55","192.168.1.2","TCP","1514","8004  >  36836 [ACK] Seq=176022 Ack=141 Win=65024 Len=1448 TSval=2916041716 TSecr=3045561490 [TCP segment of a reassembled PDU]"
"63555","37.636344343","192.168.1.55","192.168.1.2","TCP","1514","8004  >  36836 [ACK] Seq=177470 Ack=141 Win=65024 Len=1448 TSval=2916041716 TSecr=3045561490 [TCP segment of a reassembled PDU]"
"63556","37.636345510","192.168.1.55","192.168.1.2","TCP","1514","8004  >  36836 [ACK] Seq=178918 Ack=141 Win=65024 Len=1448 TSval=2916041716 TSecr=3045561490 [TCP segment of a reassembled PDU]"
"63557","37.636346640","192.168.1.55","192.168.1.2","TCP","1514","8004  >  36836 [ACK] Seq=180366 Ack=141 Win=65024 Len=1448 TSval=2916041716 TSecr=3045561490 [TCP segment of a reassembled PDU]"
"63558","37.636347788","192.168.1.55","192.168.1.2","TCP","1514","8004  >  36836 [ACK] Seq=181814 Ack=141 Win=65024 Len=1448 TSval=2916041716 TSecr=3045561490 [TCP segment of a reassembled PDU]"
"63559","37.636348880","192.168.1.55","192.168.1.2","TCP","1514","8004  >  36836 [ACK] Seq=183262 Ack=141 Win=65024 Len=1448 TSval=2916041716 TSecr=3045561490 [TCP segment of a reassembled PDU]"
"63560","37.636350029","192.168.1.55","192.168.1.2","TCP","1514","8004  >  36836 [ACK] Seq=184710 Ack=141 Win=65024 Len=1448 TSval=2916041716 TSecr=3045561490 [TCP segment of a reassembled PDU]"
"63561","37.636351251","192.168.1.55","192.168.1.2","TCP","1514","8004  >  36836 [ACK] Seq=186158 Ack=141 Win=65024 Len=1448 TSval=2916041716 TSecr=3045561490 [TCP segment of a reassembled PDU]"
"63562","37.636352362","192.168.1.55","192.168.1.2","TCP","1514","8004  >  36836 [ACK] Seq=187606 Ack=141 Win=65024 Len=1448 TSval=2916041716 TSecr=3045561490 [TCP segment of a reassembled PDU]"
"63563","37.636353695","192.168.1.55","192.168.1.2","TCP","1514","8004  >  36836 [ACK] Seq=189054 Ack=141 Win=65024 Len=1448 TSval=2916041716 TSecr=3045561490 [TCP segment of a reassembled PDU]"
"63564","37.636354899","192.168.1.55","192.168.1.2","TCP","1514","8004  >  36836 [ACK] Seq=190502 Ack=141 Win=65024 Len=1448 TSval=2916041716 TSecr=3045561490 [TCP segment of a reassembled PDU]"
"63565","37.636356010","192.168.1.55","192.168.1.2","TCP","1514","8004  >  36836 [PSH, ACK] Seq=191950 Ack=141 Win=65024 Len=1448 TSval=2916041716 TSecr=3045561490 [TCP segment of a reassembled PDU]"
"63566","37.636422788","192.168.1.2","192.168.1.55","TCP","66","36836  >  8004 [ACK] Seq=141 Ack=116030 Win=102400 Len=0 TSval=3045561490 TSecr=2916041711"
"63567","37.636443529","192.168.1.55","192.168.1.2","TCP","1514","8004  >  36836 [ACK] Seq=193398 Ack=141 Win=65024 Len=1448 TSval=2916041717 TSecr=3045561490 [TCP segment of a reassembled PDU]"
"63568","37.636445640","192.168.1.55","192.168.1.2","TCP","1514","8004  >  36836 [ACK] Seq=194846 Ack=141 Win=65024 Len=1448 TSval=2916041717 TSecr=3045561490 [TCP segment of a reassembled PDU]"
"63569","37.636446788","192.168.1.55","192.168.1.2","TCP","1514","8004  >  36836 [ACK] Seq=196294 Ack=141 Win=65024 Len=1448 TSval=2916041717 TSecr=3045561490 [TCP segment of a reassembled PDU]"
"63570","37.636447844","192.168.1.55","192.168.1.2","TCP","1514","8004  >  36836 [ACK] Seq=197742 Ack=141 Win=65024 Len=1448 TSval=2916041717 TSecr=3045561490 [TCP segment of a reassembled PDU]"
"63571","37.636448936","192.168.1.55","192.168.1.2","TCP","1514","8004  >  36836 [PSH, ACK] Seq=199190 Ack=141 Win=65024 Len=1448 TSval=2916041717 TSecr=3045561490 [TCP segment of a reassembled PDU]"
"63572","37.636454066","192.168.1.55","192.168.1.2","TCP","890","8004  >  36836 [ACK] Seq=200638 Ack=141 Win=65024 Len=824 TSval=2916041717 TSecr=3045561490 [TCP segment of a reassembled PDU]"
"63573","37.636457658","192.168.1.2","192.168.1.55","TCP","66","36836  >  8004 [ACK] Seq=141 Ack=146438 Win=92160 Len=0 TSval=3045561490 TSecr=2916041711"
"63574","37.636501436","192.168.1.55","192.168.1.2","TCP","1514","8004  >  36836 [ACK] Seq=201462 Ack=141 Win=65024 Len=1448 TSval=2916041717 TSecr=3045561490 [TCP segment of a reassembled PDU]"
"63575","37.636503936","192.168.1.55","192.168.1.2","TCP","1514","8004  >  36836 [ACK] Seq=202910 Ack=141 Win=65024 Len=1448 TSval=2916041717 TSecr=3045561490 [TCP segment of a reassembled PDU]"
"63576","37.636505196","192.168.1.55","192.168.1.2","TCP","1514","8004  >  36836 [ACK] Seq=204358 Ack=141 Win=65024 Len=1448 TSval=2916041717 TSecr=3045561490 [TCP segment of a reassembled PDU]"
"63577","37.636506399","192.168.1.55","192.168.1.2","TCP","1514","8004  >  36836 [ACK] Seq=205806 Ack=141 Win=65024 Len=1448 TSval=2916041717 TSecr=3045561490 [TCP segment of a reassembled PDU]"
"63578","37.636507733","192.168.1.55","192.168.1.2","TCP","1514","8004  >  36836 [ACK] Seq=207254 Ack=141 Win=65024 Len=1448 TSval=2916041717 TSecr=3045561490 [TCP segment of a reassembled PDU]"
"63579","37.636508955","192.168.1.55","192.168.1.2","TCP","1514","8004  >  36836 [ACK] Seq=208702 Ack=141 Win=65024 Len=1448 TSval=2916041717 TSecr=3045561490 [TCP segment of a reassembled PDU]"
"63580","37.636510140","192.168.1.55","192.168.1.2","TCP","1514","8004  >  36836 [ACK] Seq=210150 Ack=141 Win=65024 Len=1448 TSval=2916041717 TSecr=3045561490 [TCP segment of a reassembled PDU]"
"63581","37.636511270","192.168.1.55","192.168.1.2","TCP","1514","8004  >  36836 [ACK] Seq=211598 Ack=141 Win=65024 Len=1448 TSval=2916041717 TSecr=3045561490 [TCP segment of a reassembled PDU]"
"63582","37.636512547","192.168.1.55","192.168.1.2","TCP","1514","8004  >  36836 [ACK] Seq=213046 Ack=141 Win=65024 Len=1448 TSval=2916041717 TSecr=3045561490 [TCP segment of a reassembled PDU]"
"63583","37.636513751","192.168.1.55","192.168.1.2","TCP","1514","8004  >  36836 [ACK] Seq=214494 Ack=141 Win=65024 Len=1448 TSval=2916041717 TSecr=3045561490 [TCP segment of a reassembled PDU]"
"63584","37.636514862","192.168.1.55","192.168.1.2","TCP","1514","8004  >  36836 [ACK] Seq=215942 Ack=141 Win=65024 Len=1448 TSval=2916041717 TSecr=3045561490 [TCP segment of a reassembled PDU]"
"63585","37.636516547","192.168.1.55","192.168.1.2","TCP","1514","8004  >  36836 [ACK] Seq=217390 Ack=141 Win=65024 Len=1448 TSval=2916041717 TSecr=3045561490 [TCP segment of a reassembled PDU]"
"63586","37.636517696","192.168.1.55","192.168.1.2","TCP","1514","8004  >  36836 [ACK] Seq=218838 Ack=141 Win=65024 Len=1448 TSval=2916041717 TSecr=3045561490 [TCP segment of a reassembled PDU]"
"63587","37.636518862","192.168.1.55","192.168.1.2","TCP","1514","8004  >  36836 [ACK] Seq=220286 Ack=141 Win=65024 Len=1448 TSval=2916041717 TSecr=3045561490 [TCP segment of a reassembled PDU]"
"63588","37.636520122","192.168.1.55","192.168.1.2","TCP","1514","8004  >  36836 [ACK] Seq=221734 Ack=141 Win=65024 Len=1448 TSval=2916041717 TSecr=3045561490 [TCP segment of a reassembled PDU]"
"63589","37.636521584","192.168.1.55","192.168.1.2","TCP","1514","8004  >  36836 [ACK] Seq=223182 Ack=141 Win=65024 Len=1448 TSval=2916041717 TSecr=3045561490 [TCP segment of a reassembled PDU]"
"63590","37.636522770","192.168.1.55","192.168.1.2","TCP","1514","8004  >  36836 [ACK] Seq=224630 Ack=141 Win=65024 Len=1448 TSval=2916041717 TSecr=3045561490 [TCP segment of a reassembled PDU]"
"63591","37.636524270","192.168.1.55","192.168.1.2","TCP","1514","8004  >  36836 [ACK] Seq=226078 Ack=141 Win=65024 Len=1448 TSval=2916041717 TSecr=3045561490 [TCP segment of a reassembled PDU]"
"63592","37.636525492","192.168.1.55","192.168.1.2","TCP","1514","8004  >  36836 [ACK] Seq=227526 Ack=141 Win=65024 Len=1448 TSval=2916041717 TSecr=3045561490 [TCP segment of a reassembled PDU]"
"63593","37.636526622","192.168.1.55","192.168.1.2","TCP","1514","8004  >  36836 [ACK] Seq=228974 Ack=141 Win=65024 Len=1448 TSval=2916041717 TSecr=3045561490 [TCP segment of a reassembled PDU]"
"63594","37.636527973","192.168.1.55","192.168.1.2","TCP","1514","8004  >  36836 [ACK] Seq=230422 Ack=141 Win=65024 Len=1448 TSval=2916041717 TSecr=3045561490 [TCP segment of a reassembled PDU]"
"63595","37.636529159","192.168.1.55","192.168.1.2","TCP","1514","8004  >  36836 [ACK] Seq=231870 Ack=141 Win=65024 Len=1448 TSval=2916041717 TSecr=3045561490 [TCP segment of a reassembled PDU]"
"63596","37.636531029","192.168.1.55","192.168.1.2","TCP","1514","8004  >  36836 [ACK] Seq=233318 Ack=141 Win=65024 Len=1448 TSval=2916041717 TSecr=3045561490 [TCP segment of a reassembled PDU]"
"63597","37.636532307","192.168.1.55","192.168.1.2","TCP","1514","8004  >  36836 [ACK] Seq=234766 Ack=141 Win=65024 Len=1448 TSval=2916041717 TSecr=3045561490 [TCP segment of a reassembled PDU]"
"63598","37.636533455","192.168.1.55","192.168.1.2","TCP","1514","8004  >  36836 [PSH, ACK] Seq=236214 Ack=141 Win=65024 Len=1448 TSval=2916041717 TSecr=3045561490 [TCP segment of a reassembled PDU]"
"63599","37.641066221","192.168.1.2","192.168.1.55","TCP","66","36836  >  8004 [ACK] Seq=141 Ack=155126 Win=114688 Len=0 TSval=3045561491 TSecr=2916041711"
"63600","37.641093555","192.168.1.55","192.168.1.2","TCP","1514","8004  >  36836 [ACK] Seq=237662 Ack=141 Win=65024 Len=1448 TSval=2916041721 TSecr=3045561491 [TCP segment of a reassembled PDU]"
"63601","37.641096962","192.168.1.55","192.168.1.2","TCP","1514","8004  >  36836 [ACK] Seq=239110 Ack=141 Win=65024 Len=1448 TSval=2916041721 TSecr=3045561491 [TCP segment of a reassembled PDU]"
"63602","37.641098110","192.168.1.55","192.168.1.2","TCP","1514","8004  >  36836 [ACK] Seq=240558 Ack=141 Win=65024 Len=1448 TSval=2916041721 TSecr=3045561491 [TCP segment of a reassembled PDU]"
"63603","37.641099184","192.168.1.55","192.168.1.2","TCP","1514","8004  >  36836 [ACK] Seq=242006 Ack=141 Win=65024 Len=1448 TSval=2916041721 TSecr=3045561491 [TCP segment of a reassembled PDU]"
"63604","37.641100259","192.168.1.55","192.168.1.2","TCP","1514","8004  >  36836 [ACK] Seq=243454 Ack=141 Win=65024 Len=1448 TSval=2916041721 TSecr=3045561491 [TCP segment of a reassembled PDU]"
"63605","37.641101388","192.168.1.55","192.168.1.2","TCP","1514","8004  >  36836 [ACK] Seq=244902 Ack=141 Win=65024 Len=1448 TSval=2916041721 TSecr=3045561491 [TCP segment of a reassembled PDU]"
"63606","37.641102444","192.168.1.55","192.168.1.2","TCP","1514","8004  >  36836 [PSH, ACK] Seq=246350 Ack=141 Win=65024 Len=1448 TSval=2916041721 TSecr=3045561491 [TCP segment of a reassembled PDU]"
"63607","37.641467722","192.168.1.2","192.168.1.55","TCP","66","36836  >  8004 [ACK] Seq=141 Ack=158022 Win=114688 Len=0 TSval=3045561491 TSecr=2916041711"
"63608","37.641474407","192.168.1.2","192.168.1.55","TCP","66","36836  >  8004 [ACK] Seq=141 Ack=159470 Win=117760 Len=0 TSval=3045561492 TSecr=2916041711"
"63609","37.641479370","192.168.1.2","192.168.1.55","TCP","66","36836  >  8004 [ACK] Seq=141 Ack=161542 Win=119808 Len=0 TSval=3045561492 TSecr=2916041711"
"63610","37.643336540","192.168.1.2","192.168.1.55","TCP","66","36836  >  8004 [ACK] Seq=141 Ack=193398 Win=89088 Len=0 TSval=3045561497 TSecr=2916041716"
"63611","37.643448373","192.168.1.55","192.168.1.2","TCP","1514","8004  >  36836 [ACK] Seq=247798 Ack=141 Win=65024 Len=1448 TSval=2916041724 TSecr=3045561497 [TCP segment of a reassembled PDU]"
"63612","37.643456318","192.168.1.55","192.168.1.2","TCP","1514","8004  >  36836 [ACK] Seq=249246 Ack=141 Win=65024 Len=1448 TSval=2916041724 TSecr=3045561497 [TCP segment of a reassembled PDU]"
"63613","37.643458836","192.168.1.55","192.168.1.2","TCP","1514","8004  >  36836 [ACK] Seq=250694 Ack=141 Win=65024 Len=1448 TSval=2916041724 TSecr=3045561497 [TCP segment of a reassembled PDU]"
"63614","37.643461651","192.168.1.55","192.168.1.2","TCP","1514","8004  >  36836 [ACK] Seq=252142 Ack=141 Win=65024 Len=1448 TSval=2916041724 TSecr=3045561497 [TCP segment of a reassembled PDU]"
"63615","37.643463355","192.168.1.55","192.168.1.2","TCP","1514","8004  >  36836 [ACK] Seq=253590 Ack=141 Win=65024 Len=1448 TSval=2916041724 TSecr=3045561497 [TCP segment of a reassembled PDU]"
"63616","37.643465633","192.168.1.55","192.168.1.2","TCP","1514","8004  >  36836 [ACK] Seq=255038 Ack=141 Win=65024 Len=1448 TSval=2916041724 TSecr=3045561497 [TCP segment of a reassembled PDU]"
"63617","37.643467966","192.168.1.55","192.168.1.2","TCP","1514","8004  >  36836 [ACK] Seq=256486 Ack=141 Win=65024 Len=1448 TSval=2916041724 TSecr=3045561497 [TCP segment of a reassembled PDU]"
"63618","37.643470466","192.168.1.55","192.168.1.2","TCP","1514","8004  >  36836 [ACK] Seq=257934 Ack=141 Win=65024 Len=1448 TSval=2916041724 TSecr=3045561497 [TCP segment of a reassembled PDU]"
"63619","37.643473707","192.168.1.55","192.168.1.2","TCP","1514","8004  >  36836 [ACK] Seq=259382 Ack=141 Win=65024 Len=1448 TSval=2916041724 TSecr=3045561497 [TCP segment of a reassembled PDU]"
"63620","37.643475614","192.168.1.55","192.168.1.2","TCP","1514","8004  >  36836 [ACK] Seq=260830 Ack=141 Win=65024 Len=1448 TSval=2916041724 TSecr=3045561497 [TCP segment of a reassembled PDU]"
"63621","37.643478151","192.168.1.55","192.168.1.2","TCP","1514","8004  >  36836 [ACK] Seq=262278 Ack=141 Win=65024 Len=1448 TSval=2916041724 TSecr=3045561497 [TCP segment of a reassembled PDU]"
"63622","37.643479485","192.168.1.55","192.168.1.2","TCP","1514","8004  >  36836 [ACK] Seq=263726 Ack=141 Win=65024 Len=1448 TSval=2916041724 TSecr=3045561497 [TCP segment of a reassembled PDU]"
"63623","37.643481281","192.168.1.55","192.168.1.2","TCP","1514","8004  >  36836 [ACK] Seq=265174 Ack=141 Win=65024 Len=1448 TSval=2916041724 TSecr=3045561497 [TCP segment of a reassembled PDU]"
"63624","37.643483559","192.168.1.55","192.168.1.2","TCP","1514","8004  >  36836 [ACK] Seq=266622 Ack=141 Win=65024 Len=1448 TSval=2916041724 TSecr=3045561497 [TCP segment of a reassembled PDU]"
"63625","37.643485466","192.168.1.55","192.168.1.2","TCP","1514","8004  >  36836 [ACK] Seq=268070 Ack=141 Win=65024 Len=1448 TSval=2916041724 TSecr=3045561497 [TCP segment of a reassembled PDU]"
"63626","37.643488207","192.168.1.55","192.168.1.2","TCP","1514","8004  >  36836 [ACK] Seq=269518 Ack=141 Win=65024 Len=1448 TSval=2916041724 TSecr=3045561497 [TCP segment of a reassembled PDU]"
"63627","37.643490855","192.168.1.55","192.168.1.2","TCP","1514","8004  >  36836 [ACK] Seq=270966 Ack=141 Win=65024 Len=1448 TSval=2916041724 TSecr=3045561497 [TCP segment of a reassembled PDU]"
"63628","37.643492522","192.168.1.55","192.168.1.2","TCP","1514","8004  >  36836 [ACK] Seq=272414 Ack=141 Win=65024 Len=1448 TSval=2916041724 TSecr=3045561497 [TCP segment of a reassembled PDU]"
"63629","37.643494874","192.168.1.55","192.168.1.2","TCP","1514","8004  >  36836 [ACK] Seq=273862 Ack=141 Win=65024 Len=1448 TSval=2916041724 TSecr=3045561497 [TCP segment of a reassembled PDU]"
"63630","37.643500429","192.168.1.55","192.168.1.2","TCP","1514","8004  >  36836 [ACK] Seq=275310 Ack=141 Win=65024 Len=1448 TSval=2916041724 TSecr=3045561497 [TCP segment of a reassembled PDU]"
"63631","37.643502448","192.168.1.55","192.168.1.2","TCP","1514","8004  >  36836 [ACK] Seq=276758 Ack=141 Win=65024 Len=1448 TSval=2916041724 TSecr=3045561497 [TCP segment of a reassembled PDU]"
"63632","37.643505744","192.168.1.55","192.168.1.2","TCP","1514","8004  >  36836 [ACK] Seq=278206 Ack=141 Win=65024 Len=1448 TSval=2916041724 TSecr=3045561497 [TCP segment of a reassembled PDU]"
"63633","37.643509133","192.168.1.55","192.168.1.2","TCP","1514","8004  >  36836 [PSH, ACK] Seq=279654 Ack=141 Win=65024 Len=1448 TSval=2916041724 TSecr=3045561497 [TCP segment of a reassembled PDU]"
"63634","37.643583540","192.168.1.2","192.168.1.55","TCP","66","36836  >  8004 [ACK] Seq=141 Ack=230422 Win=83968 Len=0 TSval=3045561497 TSecr=2916041717"
"63635","37.643675041","192.168.1.55","192.168.1.2","TCP","1514","8004  >  36836 [ACK] Seq=281102 Ack=141 Win=65024 Len=1448 TSval=2916041724 TSecr=3045561497 [TCP segment of a reassembled PDU]"
"63636","37.643682078","192.168.1.55","192.168.1.2","TCP","1514","8004  >  36836 [ACK] Seq=282550 Ack=141 Win=65024 Len=1448 TSval=2916041724 TSecr=3045561497 [TCP segment of a reassembled PDU]"
"63637","37.643683744","192.168.1.55","192.168.1.2","TCP","1514","8004  >  36836 [ACK] Seq=283998 Ack=141 Win=65024 Len=1448 TSval=2916041724 TSecr=3045561497 [TCP segment of a reassembled PDU]"
"63638","37.643688855","192.168.1.55","192.168.1.2","TCP","1514","8004  >  36836 [ACK] Seq=285446 Ack=141 Win=65024 Len=1448 TSval=2916041724 TSecr=3045561497 [TCP segment of a reassembled PDU]"
"63639","37.643690781","192.168.1.55","192.168.1.2","TCP","1514","8004  >  36836 [ACK] Seq=286894 Ack=141 Win=65024 Len=1448 TSval=2916041724 TSecr=3045561497 [TCP segment of a reassembled PDU]"
"63640","37.643692615","192.168.1.55","192.168.1.2","TCP","1514","8004  >  36836 [ACK] Seq=288342 Ack=141 Win=65024 Len=1448 TSval=2916041724 TSecr=3045561497 [TCP segment of a reassembled PDU]"
"63641","37.643694263","192.168.1.55","192.168.1.2","TCP","1514","8004  >  36836 [ACK] Seq=289790 Ack=141 Win=65024 Len=1448 TSval=2916041724 TSecr=3045561497 [TCP segment of a reassembled PDU]"
"63642","37.643695504","192.168.1.55","192.168.1.2","TCP","1514","8004  >  36836 [ACK] Seq=291238 Ack=141 Win=65024 Len=1448 TSval=2916041724 TSecr=3045561497 [TCP segment of a reassembled PDU]"
"63643","37.643697855","192.168.1.55","192.168.1.2","TCP","1514","8004  >  36836 [PSH, ACK] Seq=292686 Ack=141 Win=65024 Len=1448 TSval=2916041724 TSecr=3045561497 [TCP segment of a reassembled PDU]"
"63644","37.645834563","192.168.1.2","192.168.1.55","TCP","66","36836  >  8004 [ACK] Seq=141 Ack=237662 Win=112640 Len=0 TSval=3045561498 TSecr=2916041717"
"63645","37.645920211","192.168.1.55","192.168.1.2","TCP","1514","8004  >  36836 [ACK] Seq=294134 Ack=141 Win=65024 Len=1448 TSval=2916041726 TSecr=3045561498 [TCP segment of a reassembled PDU]"
"63646","37.645926026","192.168.1.55","192.168.1.2","TCP","1514","8004  >  36836 [ACK] Seq=295582 Ack=141 Win=65024 Len=1448 TSval=2916041726 TSecr=3045561498 [TCP segment of a reassembled PDU]"
"63647","37.645926952","192.168.1.55","192.168.1.2","TCP","1514","8004  >  36836 [ACK] Seq=297030 Ack=141 Win=65024 Len=1448 TSval=2916041726 TSecr=3045561498 [TCP segment of a reassembled PDU]"
"63648","37.645928378","192.168.1.55","192.168.1.2","TCP","1514","8004  >  36836 [ACK] Seq=298478 Ack=141 Win=65024 Len=1448 TSval=2916041726 TSecr=3045561498 [TCP segment of a reassembled PDU]"
"63649","37.645930433","192.168.1.55","192.168.1.2","TCP","1514","8004  >  36836 [ACK] Seq=299926 Ack=141 Win=65024 Len=1448 TSval=2916041726 TSecr=3045561498 [TCP segment of a reassembled PDU]"
"63650","37.645931359","192.168.1.55","192.168.1.2","TCP","1514","8004  >  36836 [ACK] Seq=301374 Ack=141 Win=65024 Len=1448 TSval=2916041726 TSecr=3045561498 [TCP segment of a reassembled PDU]"
"63651","37.645933229","192.168.1.55","192.168.1.2","TCP","1514","8004  >  36836 [ACK] Seq=302822 Ack=141 Win=65024 Len=1448 TSval=2916041726 TSecr=3045561498 [TCP segment of a reassembled PDU]"
"63652","37.645934470","192.168.1.55","192.168.1.2","TCP","1514","8004  >  36836 [ACK] Seq=304270 Ack=141 Win=65024 Len=1448 TSval=2916041726 TSecr=3045561498 [TCP segment of a reassembled PDU]"
"63653","37.645935711","192.168.1.55","192.168.1.2","TCP","1514","8004  >  36836 [ACK] Seq=305718 Ack=141 Win=65024 Len=1448 TSval=2916041726 TSecr=3045561498 [TCP segment of a reassembled PDU]"
"63654","37.645937100","192.168.1.55","192.168.1.2","TCP","1514","8004  >  36836 [ACK] Seq=307166 Ack=141 Win=65024 Len=1448 TSval=2916041726 TSecr=3045561498 [TCP segment of a reassembled PDU]"
"63655","37.645938415","192.168.1.55","192.168.1.2","TCP","1514","8004  >  36836 [ACK] Seq=308614 Ack=141 Win=65024 Len=1448 TSval=2916041726 TSecr=3045561498 [TCP segment of a reassembled PDU]"
"63656","37.645939340","192.168.1.55","192.168.1.2","TCP","1514","8004  >  36836 [ACK] Seq=310062 Ack=141 Win=65024 Len=1448 TSval=2916041726 TSecr=3045561498 [TCP segment of a reassembled PDU]"
"63657","37.645940507","192.168.1.55","192.168.1.2","TCP","1514","8004  >  36836 [ACK] Seq=311510 Ack=141 Win=65024 Len=1448 TSval=2916041726 TSecr=3045561498 [TCP segment of a reassembled PDU]"
"63658","37.645941896","192.168.1.55","192.168.1.2","TCP","1514","8004  >  36836 [ACK] Seq=312958 Ack=141 Win=65024 Len=1448 TSval=2916041726 TSecr=3045561498 [TCP segment of a reassembled PDU]"
"63659","37.645943359","192.168.1.55","192.168.1.2","TCP","1514","8004  >  36836 [ACK] Seq=314406 Ack=141 Win=65024 Len=1448 TSval=2916041726 TSecr=3045561498 [TCP segment of a reassembled PDU]"
"63660","37.645944266","192.168.1.55","192.168.1.2","TCP","1514","8004  >  36836 [ACK] Seq=315854 Ack=141 Win=65024 Len=1448 TSval=2916041726 TSecr=3045561498 [TCP segment of a reassembled PDU]"
"63661","37.645945229","192.168.1.55","192.168.1.2","TCP","1514","8004  >  36836 [ACK] Seq=317302 Ack=141 Win=65024 Len=1448 TSval=2916041726 TSecr=3045561498 [TCP segment of a reassembled PDU]"
"63662","37.645946618","192.168.1.55","192.168.1.2","TCP","1514","8004  >  36836 [ACK] Seq=318750 Ack=141 Win=65024 Len=1448 TSval=2916041726 TSecr=3045561498 [TCP segment of a reassembled PDU]"
"63663","37.645947785","192.168.1.55","192.168.1.2","TCP","1514","8004  >  36836 [ACK] Seq=320198 Ack=141 Win=65024 Len=1448 TSval=2916041726 TSecr=3045561498 [TCP segment of a reassembled PDU]"
"63664","37.645949100","192.168.1.55","192.168.1.2","TCP","1514","8004  >  36836 [ACK] Seq=321646 Ack=141 Win=65024 Len=1448 TSval=2916041726 TSecr=3045561498 [TCP segment of a reassembled PDU]"
"63665","37.645950322","192.168.1.55","192.168.1.2","TCP","1514","8004  >  36836 [ACK] Seq=323094 Ack=141 Win=65024 Len=1448 TSval=2916041726 TSecr=3045561498 [TCP segment of a reassembled PDU]"
"63666","37.645951878","192.168.1.55","192.168.1.2","TCP","1514","8004  >  36836 [ACK] Seq=324542 Ack=141 Win=65024 Len=1448 TSval=2916041726 TSecr=3045561498 [TCP segment of a reassembled PDU]"
"63667","37.645968303","192.168.1.55","192.168.1.2","TCP","1514","8004  >  36836 [ACK] Seq=325990 Ack=141 Win=65024 Len=1448 TSval=2916041726 TSecr=3045561498 [TCP segment of a reassembled PDU]"
"63668","37.645971303","192.168.1.55","192.168.1.2","TCP","1514","8004  >  36836 [ACK] Seq=327438 Ack=141 Win=65024 Len=1448 TSval=2916041726 TSecr=3045561498 [TCP segment of a reassembled PDU]"
"63669","37.645973655","192.168.1.55","192.168.1.2","TCP","1514","8004  >  36836 [ACK] Seq=328886 Ack=141 Win=65024 Len=1448 TSval=2916041726 TSecr=3045561498 [TCP segment of a reassembled PDU]"
"63670","37.645975637","192.168.1.55","192.168.1.2","TCP","1514","8004  >  36836 [ACK] Seq=330334 Ack=141 Win=65024 Len=1448 TSval=2916041726 TSecr=3045561498 [TCP segment of a reassembled PDU]"
"63671","37.645977155","192.168.1.55","192.168.1.2","TCP","1514","8004  >  36836 [ACK] Seq=331782 Ack=141 Win=65024 Len=1448 TSval=2916041726 TSecr=3045561498 [TCP segment of a reassembled PDU]"
"63672","37.645978952","192.168.1.55","192.168.1.2","TCP","1514","8004  >  36836 [ACK] Seq=333230 Ack=141 Win=65024 Len=1448 TSval=2916041726 TSecr=3045561498 [TCP segment of a reassembled PDU]"
"63673","37.645980692","192.168.1.55","192.168.1.2","TCP","1514","8004  >  36836 [ACK] Seq=334678 Ack=141 Win=65024 Len=1448 TSval=2916041726 TSecr=3045561498 [TCP segment of a reassembled PDU]"
"63674","37.645982618","192.168.1.55","192.168.1.2","TCP","1514","8004  >  36836 [ACK] Seq=336126 Ack=141 Win=65024 Len=1448 TSval=2916041726 TSecr=3045561498 [TCP segment of a reassembled PDU]"
"63675","37.645984433","192.168.1.55","192.168.1.2","TCP","1514","8004  >  36836 [ACK] Seq=337574 Ack=141 Win=65024 Len=1448 TSval=2916041726 TSecr=3045561498 [TCP segment of a reassembled PDU]"
"63676","37.645986304","192.168.1.55","192.168.1.2","TCP","1514","8004  >  36836 [PSH, ACK] Seq=339022 Ack=141 Win=65024 Len=1448 TSval=2916041726 TSecr=3045561498 [TCP segment of a reassembled PDU]"
"63677","37.646046322","192.168.1.2","192.168.1.55","TCP","66","36836  >  8004 [ACK] Seq=141 Ack=240558 Win=118784 Len=0 TSval=3045561498 TSecr=2916041721"
"63678","37.646058952","192.168.1.2","192.168.1.55","TCP","66","36836  >  8004 [ACK] Seq=141 Ack=247798 Win=112640 Len=0 TSval=3045561499 TSecr=2916041721"
"63679","37.646108433","192.168.1.55","192.168.1.2","TCP","1514","8004  >  36836 [ACK] Seq=340470 Ack=141 Win=65024 Len=1448 TSval=2916041726 TSecr=3045561499 [TCP segment of a reassembled PDU]"
"63680","37.646113748","192.168.1.55","192.168.1.2","TCP","1514","8004  >  36836 [ACK] Seq=341918 Ack=141 Win=65024 Len=1448 TSval=2916041726 TSecr=3045561499 [TCP segment of a reassembled PDU]"
"63681","37.646115396","192.168.1.55","192.168.1.2","TCP","1514","8004  >  36836 [ACK] Seq=343366 Ack=141 Win=65024 Len=1448 TSval=2916041726 TSecr=3045561499 [TCP segment of a reassembled PDU]"
"63682","37.646117563","192.168.1.55","192.168.1.2","TCP","1514","8004  >  36836 [ACK] Seq=344814 Ack=141 Win=65024 Len=1448 TSval=2916041726 TSecr=3045561499 [TCP segment of a reassembled PDU]"
"63683","37.646121433","192.168.1.55","192.168.1.2","TCP","1514","8004  >  36836 [ACK] Seq=346262 Ack=141 Win=65024 Len=1448 TSval=2916041726 TSecr=3045561499 [TCP segment of a reassembled PDU]"
"63684","37.646122878","192.168.1.55","192.168.1.2","TCP","1514","8004  >  36836 [ACK] Seq=347710 Ack=141 Win=65024 Len=1448 TSval=2916041726 TSecr=3045561499 [TCP segment of a reassembled PDU]"
"63685","37.646125007","192.168.1.55","192.168.1.2","TCP","1514","8004  >  36836 [ACK] Seq=349158 Ack=141 Win=65024 Len=1448 TSval=2916041726 TSecr=3045561499 [TCP segment of a reassembled PDU]"
"63686","37.646127174","192.168.1.55","192.168.1.2","TCP","1514","8004  >  36836 [ACK] Seq=350606 Ack=141 Win=65024 Len=1448 TSval=2916041726 TSecr=3045561499 [TCP segment of a reassembled PDU]"
"63687","37.646128600","192.168.1.55","192.168.1.2","TCP","1514","8004  >  36836 [ACK] Seq=352054 Ack=141 Win=65024 Len=1448 TSval=2916041726 TSecr=3045561499 [TCP segment of a reassembled PDU]"
"63688","37.646130137","192.168.1.55","192.168.1.2","TCP","1514","8004  >  36836 [ACK] Seq=353502 Ack=141 Win=65024 Len=1448 TSval=2916041726 TSecr=3045561499 [TCP segment of a reassembled PDU]"
"63689","37.646131767","192.168.1.55","192.168.1.2","TCP","1514","8004  >  36836 [ACK] Seq=354950 Ack=141 Win=65024 Len=1448 TSval=2916041726 TSecr=3045561499 [TCP segment of a reassembled PDU]"
"63690","37.646133637","192.168.1.55","192.168.1.2","TCP","1514","8004  >  36836 [ACK] Seq=356398 Ack=141 Win=65024 Len=1448 TSval=2916041726 TSecr=3045561499 [TCP segment of a reassembled PDU]"
"63691","37.646135489","192.168.1.55","192.168.1.2","TCP","1514","8004  >  36836 [ACK] Seq=357846 Ack=141 Win=65024 Len=1448 TSval=2916041726 TSecr=3045561499 [TCP segment of a reassembled PDU]"
"63692","37.646137007","192.168.1.55","192.168.1.2","TCP","1210","[TCP Window Full] 8004  >  36836 [PSH, ACK] Seq=359294 Ack=141 Win=65024 Len=1144 TSval=2916041726 TSecr=3045561499 [TCP segment of a reassembled PDU]"
"63693","37.650755922","192.168.1.2","192.168.1.55","TCP","66","36836  >  8004 [ACK] Seq=141 Ack=281102 Win=93184 Len=0 TSval=3045561503 TSecr=2916041724"
"63694","37.650789571","192.168.1.55","192.168.1.2","TCP","1514","8004  >  36836 [ACK] Seq=360438 Ack=141 Win=65024 Len=1448 TSval=2916041731 TSecr=3045561503 [TCP segment of a reassembled PDU]"
"63695","37.650792645","192.168.1.55","192.168.1.2","TCP","1514","8004  >  36836 [ACK] Seq=361886 Ack=141 Win=65024 Len=1448 TSval=2916041731 TSecr=3045561503 [TCP segment of a reassembled PDU]"
"63696","37.650793700","192.168.1.55","192.168.1.2","TCP","1514","8004  >  36836 [ACK] Seq=363334 Ack=141 Win=65024 Len=1448 TSval=2916041731 TSecr=3045561503 [TCP segment of a reassembled PDU]"
"63697","37.650794608","192.168.1.55","192.168.1.2","TCP","1514","8004  >  36836 [ACK] Seq=364782 Ack=141 Win=65024 Len=1448 TSval=2916041731 TSecr=3045561503 [TCP segment of a reassembled PDU]"
"63698","37.650795700","192.168.1.55","192.168.1.2","TCP","1514","8004  >  36836 [ACK] Seq=366230 Ack=141 Win=65024 Len=1448 TSval=2916041731 TSecr=3045561503 [TCP segment of a reassembled PDU]"
"63699","37.650796737","192.168.1.55","192.168.1.2","TCP","1514","8004  >  36836 [ACK] Seq=367678 Ack=141 Win=65024 Len=1448 TSval=2916041731 TSecr=3045561503 [TCP segment of a reassembled PDU]"
"63700","37.650797719","192.168.1.55","192.168.1.2","TCP","1514","8004  >  36836 [ACK] Seq=369126 Ack=141 Win=65024 Len=1448 TSval=2916041731 TSecr=3045561503 [TCP segment of a reassembled PDU]"
"63701","37.650798756","192.168.1.55","192.168.1.2","TCP","1514","8004  >  36836 [ACK] Seq=370574 Ack=141 Win=65024 Len=1448 TSval=2916041731 TSecr=3045561503 [TCP segment of a reassembled PDU]"
"63702","37.650799774","192.168.1.55","192.168.1.2","TCP","1514","8004  >  36836 [PSH, ACK] Seq=372022 Ack=141 Win=65024 Len=1448 TSval=2916041731 TSecr=3045561503 [TCP segment of a reassembled PDU]"
"63703","37.650824774","192.168.1.2","192.168.1.55","TCP","66","36836  >  8004 [ACK] Seq=141 Ack=285446 Win=89088 Len=0 TSval=3045561503 TSecr=2916041724"
"63704","37.652402240","192.168.1.2","192.168.1.55","TCP","66","36836  >  8004 [ACK] Seq=141 Ack=294134 Win=116736 Len=0 TSval=3045561506 TSecr=2916041724"
"63705","37.652420777","192.168.1.55","192.168.1.2","TCP","1514","8004  >  36836 [ACK] Seq=373470 Ack=141 Win=65024 Len=1448 TSval=2916041733 TSecr=3045561506 [TCP segment of a reassembled PDU]"
"63706","37.652423277","192.168.1.55","192.168.1.2","TCP","1514","8004  >  36836 [ACK] Seq=374918 Ack=141 Win=65024 Len=1448 TSval=2916041733 TSecr=3045561506 [TCP segment of a reassembled PDU]"
"63707","37.652424592","192.168.1.55","192.168.1.2","TCP","1514","8004  >  36836 [ACK] Seq=376366 Ack=141 Win=65024 Len=1448 TSval=2916041733 TSecr=3045561506 [TCP segment of a reassembled PDU]"
"63708","37.652425499","192.168.1.55","192.168.1.2","TCP","1514","8004  >  36836 [ACK] Seq=377814 Ack=141 Win=65024 Len=1448 TSval=2916041733 TSecr=3045561506 [TCP segment of a reassembled PDU]"
"63709","37.652426388","192.168.1.55","192.168.1.2","TCP","1514","8004  >  36836 [ACK] Seq=379262 Ack=141 Win=65024 Len=1448 TSval=2916041733 TSecr=3045561506 [TCP segment of a reassembled PDU]"
"63710","37.652427388","192.168.1.55","192.168.1.2","TCP","1514","8004  >  36836 [ACK] Seq=380710 Ack=141 Win=65024 Len=1448 TSval=2916041733 TSecr=3045561506 [TCP segment of a reassembled PDU]"
"63711","37.652428295","192.168.1.55","192.168.1.2","TCP","1514","8004  >  36836 [ACK] Seq=382158 Ack=141 Win=65024 Len=1448 TSval=2916041733 TSecr=3045561506 [TCP segment of a reassembled PDU]"
"63712","37.652429332","192.168.1.55","192.168.1.2","TCP","1514","8004  >  36836 [ACK] Seq=383606 Ack=141 Win=65024 Len=1448 TSval=2916041733 TSecr=3045561506 [TCP segment of a reassembled PDU]"
"63713","37.652430314","192.168.1.55","192.168.1.2","TCP","1514","8004  >  36836 [PSH, ACK] Seq=385054 Ack=141 Win=65024 Len=1448 TSval=2916041733 TSecr=3045561506 [TCP segment of a reassembled PDU]"
"63714","37.652435425","192.168.1.55","192.168.1.2","TCP","370","8004  >  36836 [ACK] Seq=386502 Ack=141 Win=65024 Len=304 TSval=2916041733 TSecr=3045561506 [TCP segment of a reassembled PDU]"
"63715","37.652856463","192.168.1.2","192.168.1.55","TCP","66","36836  >  8004 [ACK] Seq=141 Ack=352054 Win=69632 Len=0 TSval=3045561506 TSecr=2916041726"
"63716","37.652888167","192.168.1.55","192.168.1.2","TCP","1514","8004  >  36836 [ACK] Seq=386806 Ack=141 Win=65024 Len=1448 TSval=2916041733 TSecr=3045561506 [TCP segment of a reassembled PDU]"
"63717","37.652889778","192.168.1.55","192.168.1.2","TCP","1514","8004  >  36836 [ACK] Seq=388254 Ack=141 Win=65024 Len=1448 TSval=2916041733 TSecr=3045561506 [TCP segment of a reassembled PDU]"
"63718","37.652890852","192.168.1.55","192.168.1.2","TCP","1514","8004  >  36836 [ACK] Seq=389702 Ack=141 Win=65024 Len=1448 TSval=2916041733 TSecr=3045561506 [TCP segment of a reassembled PDU]"
"63719","37.652891889","192.168.1.55","192.168.1.2","TCP","1514","8004  >  36836 [ACK] Seq=391150 Ack=141 Win=65024 Len=1448 TSval=2916041733 TSecr=3045561506 [TCP segment of a reassembled PDU]"
"63720","37.652892833","192.168.1.55","192.168.1.2","TCP","1514","8004  >  36836 [ACK] Seq=392598 Ack=141 Win=65024 Len=1448 TSval=2916041733 TSecr=3045561506 [TCP segment of a reassembled PDU]"
"63721","37.652893944","192.168.1.55","192.168.1.2","TCP","1514","8004  >  36836 [ACK] Seq=394046 Ack=141 Win=65024 Len=1448 TSval=2916041733 TSecr=3045561506 [TCP segment of a reassembled PDU]"
"63722","37.652894889","192.168.1.55","192.168.1.2","TCP","1514","8004  >  36836 [ACK] Seq=395494 Ack=141 Win=65024 Len=1448 TSval=2916041733 TSecr=3045561506 [TCP segment of a reassembled PDU]"
"63723","37.652895796","192.168.1.55","192.168.1.2","TCP","1514","8004  >  36836 [ACK] Seq=396942 Ack=141 Win=65024 Len=1448 TSval=2916041733 TSecr=3045561506 [TCP segment of a reassembled PDU]"
"63724","37.652896833","192.168.1.55","192.168.1.2","TCP","1514","8004  >  36836 [ACK] Seq=398390 Ack=141 Win=65024 Len=1448 TSval=2916041733 TSecr=3045561506 [TCP segment of a reassembled PDU]"
"63725","37.652897759","192.168.1.55","192.168.1.2","TCP","1514","8004  >  36836 [ACK] Seq=399838 Ack=141 Win=65024 Len=1448 TSval=2916041733 TSecr=3045561506 [TCP segment of a reassembled PDU]"
"63726","37.652898704","192.168.1.55","192.168.1.2","TCP","1514","8004  >  36836 [ACK] Seq=401286 Ack=141 Win=65024 Len=1448 TSval=2916041733 TSecr=3045561506 [TCP segment of a reassembled PDU]"
"63727","37.652899741","192.168.1.55","192.168.1.2","TCP","1514","8004  >  36836 [ACK] Seq=402734 Ack=141 Win=65024 Len=1448 TSval=2916041733 TSecr=3045561506 [TCP segment of a reassembled PDU]"
"63728","37.652901093","192.168.1.55","192.168.1.2","TCP","1514","8004  >  36836 [ACK] Seq=404182 Ack=141 Win=65024 Len=1448 TSval=2916041733 TSecr=3045561506 [TCP segment of a reassembled PDU]"
"63729","37.652902074","192.168.1.55","192.168.1.2","TCP","1514","8004  >  36836 [ACK] Seq=405630 Ack=141 Win=65024 Len=1448 TSval=2916041733 TSecr=3045561506 [TCP segment of a reassembled PDU]"
"63730","37.652903055","192.168.1.55","192.168.1.2","TCP","1514","8004  >  36836 [ACK] Seq=407078 Ack=141 Win=65024 Len=1448 TSval=2916041733 TSecr=3045561506 [TCP segment of a reassembled PDU]"
"63731","37.652904037","192.168.1.55","192.168.1.2","TCP","1514","8004  >  36836 [ACK] Seq=408526 Ack=141 Win=65024 Len=1448 TSval=2916041733 TSecr=3045561506 [TCP segment of a reassembled PDU]"
"63732","37.652904926","192.168.1.55","192.168.1.2","TCP","1514","8004  >  36836 [ACK] Seq=409974 Ack=141 Win=65024 Len=1448 TSval=2916041733 TSecr=3045561506 [TCP segment of a reassembled PDU]"
"63733","37.652905926","192.168.1.55","192.168.1.2","TCP","1514","8004  >  36836 [ACK] Seq=411422 Ack=141 Win=65024 Len=1448 TSval=2916041733 TSecr=3045561506 [TCP segment of a reassembled PDU]"
"63734","37.652907000","192.168.1.55","192.168.1.2","TCP","1514","8004  >  36836 [ACK] Seq=412870 Ack=141 Win=65024 Len=1448 TSval=2916041733 TSecr=3045561506 [TCP segment of a reassembled PDU]"
"63735","37.652908130","192.168.1.55","192.168.1.2","TCP","1514","8004  >  36836 [ACK] Seq=414318 Ack=141 Win=65024 Len=1448 TSval=2916041733 TSecr=3045561506 [TCP segment of a reassembled PDU]"
"63736","37.652909055","192.168.1.55","192.168.1.2","TCP","1514","8004  >  36836 [ACK] Seq=415766 Ack=141 Win=65024 Len=1448 TSval=2916041733 TSecr=3045561506 [TCP segment of a reassembled PDU]"
"63737","37.652910074","192.168.1.55","192.168.1.2","TCP","1514","8004  >  36836 [ACK] Seq=417214 Ack=141 Win=65024 Len=1448 TSval=2916041733 TSecr=3045561506 [TCP segment of a reassembled PDU]"
"63738","37.652911018","192.168.1.55","192.168.1.2","TCP","1514","8004  >  36836 [ACK] Seq=418662 Ack=141 Win=65024 Len=1448 TSval=2916041733 TSecr=3045561506 [TCP segment of a reassembled PDU]"
"63739","37.652912000","192.168.1.55","192.168.1.2","TCP","1514","8004  >  36836 [PSH, ACK] Seq=420110 Ack=141 Win=65024 Len=1448 TSval=2916041733 TSecr=3045561506 [TCP segment of a reassembled PDU]"
"63740","37.652916018","192.168.1.2","192.168.1.55","TCP","66","36836  >  8004 [ACK] Seq=141 Ack=360438 Win=114688 Len=0 TSval=3045561507 TSecr=2916041726"
"63741","37.652929278","192.168.1.55","192.168.1.2","TCP","1514","8004  >  36836 [ACK] Seq=421558 Ack=141 Win=65024 Len=1448 TSval=2916041733 TSecr=3045561507 [TCP segment of a reassembled PDU]"
"63742","37.652930667","192.168.1.55","192.168.1.2","TCP","1514","8004  >  36836 [ACK] Seq=423006 Ack=141 Win=65024 Len=1448 TSval=2916041733 TSecr=3045561507 [TCP segment of a reassembled PDU]"
"63743","37.652931630","192.168.1.55","192.168.1.2","TCP","1514","8004  >  36836 [ACK] Seq=424454 Ack=141 Win=65024 Len=1448 TSval=2916041733 TSecr=3045561507 [TCP segment of a reassembled PDU]"
"63744","37.652932648","192.168.1.55","192.168.1.2","TCP","1514","8004  >  36836 [ACK] Seq=425902 Ack=141 Win=65024 Len=1448 TSval=2916041733 TSecr=3045561507 [TCP segment of a reassembled PDU]"
"63745","37.652933722","192.168.1.55","192.168.1.2","TCP","1514","8004  >  36836 [ACK] Seq=427350 Ack=141 Win=65024 Len=1448 TSval=2916041733 TSecr=3045561507 [TCP segment of a reassembled PDU]"
"63746","37.652934630","192.168.1.55","192.168.1.2","TCP","1514","8004  >  36836 [ACK] Seq=428798 Ack=141 Win=65024 Len=1448 TSval=2916041733 TSecr=3045561507 [TCP segment of a reassembled PDU]"
"63747","37.652935556","192.168.1.55","192.168.1.2","TCP","1514","8004  >  36836 [ACK] Seq=430246 Ack=141 Win=65024 Len=1448 TSval=2916041733 TSecr=3045561507 [TCP segment of a reassembled PDU]"
"63748","37.652936556","192.168.1.55","192.168.1.2","TCP","1514","8004  >  36836 [PSH, ACK] Seq=431694 Ack=141 Win=65024 Len=1448 TSval=2916041733 TSecr=3045561507 [TCP segment of a reassembled PDU]"
"63749","37.652971482","192.168.1.55","192.168.1.2","TCP","1514","8004  >  36836 [ACK] Seq=433142 Ack=141 Win=65024 Len=1448 TSval=2916041733 TSecr=3045561507 [TCP segment of a reassembled PDU]"
"63750","37.652973685","192.168.1.55","192.168.1.2","TCP","1514","8004  >  36836 [ACK] Seq=434590 Ack=141 Win=65024 Len=1448 TSval=2916041733 TSecr=3045561507 [TCP segment of a reassembled PDU]"
"63751","37.652974648","192.168.1.55","192.168.1.2","TCP","1514","8004  >  36836 [ACK] Seq=436038 Ack=141 Win=65024 Len=1448 TSval=2916041733 TSecr=3045561507 [TCP segment of a reassembled PDU]"
"63752","37.652975963","192.168.1.55","192.168.1.2","TCP","1514","8004  >  36836 [ACK] Seq=437486 Ack=141 Win=65024 Len=1448 TSval=2916041733 TSecr=3045561507 [TCP segment of a reassembled PDU]"
"63753","37.652977185","192.168.1.55","192.168.1.2","TCP","1514","8004  >  36836 [ACK] Seq=438934 Ack=141 Win=65024 Len=1448 TSval=2916041733 TSecr=3045561507 [TCP segment of a reassembled PDU]"
"63754","37.652978093","192.168.1.55","192.168.1.2","TCP","1514","8004  >  36836 [ACK] Seq=440382 Ack=141 Win=65024 Len=1448 TSval=2916041733 TSecr=3045561507 [TCP segment of a reassembled PDU]"
"63755","37.652979130","192.168.1.55","192.168.1.2","TCP","1514","8004  >  36836 [ACK] Seq=441830 Ack=141 Win=65024 Len=1448 TSval=2916041733 TSecr=3045561507 [TCP segment of a reassembled PDU]"
"63756","37.652980463","192.168.1.55","192.168.1.2","TCP","1514","8004  >  36836 [ACK] Seq=443278 Ack=141 Win=65024 Len=1448 TSval=2916041733 TSecr=3045561507 [TCP segment of a reassembled PDU]"
"63757","37.652981426","192.168.1.55","192.168.1.2","TCP","1514","8004  >  36836 [ACK] Seq=444726 Ack=141 Win=65024 Len=1448 TSval=2916041733 TSecr=3045561507 [TCP segment of a reassembled PDU]"
"63758","37.652982426","192.168.1.55","192.168.1.2","TCP","1514","8004  >  36836 [ACK] Seq=446174 Ack=141 Win=65024 Len=1448 TSval=2916041733 TSecr=3045561507 [TCP segment of a reassembled PDU]"
"63759","37.652983352","192.168.1.55","192.168.1.2","TCP","1514","8004  >  36836 [ACK] Seq=447622 Ack=141 Win=65024 Len=1448 TSval=2916041733 TSecr=3045561507 [TCP segment of a reassembled PDU]"
"63760","37.652984278","192.168.1.55","192.168.1.2","TCP","1514","8004  >  36836 [ACK] Seq=449070 Ack=141 Win=65024 Len=1448 TSval=2916041733 TSecr=3045561507 [TCP segment of a reassembled PDU]"
"63761","37.652985259","192.168.1.55","192.168.1.2","TCP","1514","8004  >  36836 [ACK] Seq=450518 Ack=141 Win=65024 Len=1448 TSval=2916041733 TSecr=3045561507 [TCP segment of a reassembled PDU]"
"63762","37.652986296","192.168.1.55","192.168.1.2","TCP","1514","8004  >  36836 [ACK] Seq=451966 Ack=141 Win=65024 Len=1448 TSval=2916041733 TSecr=3045561507 [TCP segment of a reassembled PDU]"
"63763","37.652987407","192.168.1.55","192.168.1.2","TCP","1514","8004  >  36836 [ACK] Seq=453414 Ack=141 Win=65024 Len=1448 TSval=2916041733 TSecr=3045561507 [TCP segment of a reassembled PDU]"
"63764","37.652988333","192.168.1.55","192.168.1.2","TCP","1514","8004  >  36836 [ACK] Seq=454862 Ack=141 Win=65024 Len=1448 TSval=2916041733 TSecr=3045561507 [TCP segment of a reassembled PDU]"
"63765","37.652989278","192.168.1.55","192.168.1.2","TCP","1514","8004  >  36836 [ACK] Seq=456310 Ack=141 Win=65024 Len=1448 TSval=2916041733 TSecr=3045561507 [TCP segment of a reassembled PDU]"
"63766","37.652990333","192.168.1.55","192.168.1.2","TCP","1514","8004  >  36836 [ACK] Seq=457758 Ack=141 Win=65024 Len=1448 TSval=2916041733 TSecr=3045561507 [TCP segment of a reassembled PDU]"
"63767","37.652991352","192.168.1.55","192.168.1.2","TCP","1514","8004  >  36836 [ACK] Seq=459206 Ack=141 Win=65024 Len=1448 TSval=2916041733 TSecr=3045561507 [TCP segment of a reassembled PDU]"
"63768","37.652992407","192.168.1.55","192.168.1.2","TCP","1514","8004  >  36836 [ACK] Seq=460654 Ack=141 Win=65024 Len=1448 TSval=2916041733 TSecr=3045561507 [TCP segment of a reassembled PDU]"
"63769","37.652993315","192.168.1.55","192.168.1.2","TCP","1514","8004  >  36836 [ACK] Seq=462102 Ack=141 Win=65024 Len=1448 TSval=2916041733 TSecr=3045561507 [TCP segment of a reassembled PDU]"
"63770","37.652994259","192.168.1.55","192.168.1.2","TCP","1514","8004  >  36836 [ACK] Seq=463550 Ack=141 Win=65024 Len=1448 TSval=2916041733 TSecr=3045561507 [TCP segment of a reassembled PDU]"
"63771","37.652995278","192.168.1.55","192.168.1.2","TCP","1514","8004  >  36836 [ACK] Seq=464998 Ack=141 Win=65024 Len=1448 TSval=2916041733 TSecr=3045561507 [TCP segment of a reassembled PDU]"
"63772","37.652996185","192.168.1.55","192.168.1.2","TCP","1514","8004  >  36836 [ACK] Seq=466446 Ack=141 Win=65024 Len=1448 TSval=2916041733 TSecr=3045561507 [TCP segment of a reassembled PDU]"
"63773","37.652997093","192.168.1.55","192.168.1.2","TCP","1514","8004  >  36836 [ACK] Seq=467894 Ack=141 Win=65024 Len=1448 TSval=2916041733 TSecr=3045561507 [TCP segment of a reassembled PDU]"
"63774","37.652998315","192.168.1.55","192.168.1.2","TCP","1514","8004  >  36836 [ACK] Seq=469342 Ack=141 Win=65024 Len=1448 TSval=2916041733 TSecr=3045561507 [TCP segment of a reassembled PDU]"
"63775","37.652999500","192.168.1.55","192.168.1.2","TCP","1514","8004  >  36836 [ACK] Seq=470790 Ack=141 Win=65024 Len=1448 TSval=2916041733 TSecr=3045561507 [TCP segment of a reassembled PDU]"
"63776","37.653000574","192.168.1.55","192.168.1.2","TCP","1514","8004  >  36836 [PSH, ACK] Seq=472238 Ack=141 Win=65024 Len=1448 TSval=2916041733 TSecr=3045561507 [TCP segment of a reassembled PDU]"
"63777","37.654134650","192.168.1.2","192.168.1.55","TCP","66","36836  >  8004 [ACK] Seq=141 Ack=361886 Win=122880 Len=0 TSval=3045561509 TSecr=2916041731"
"63778","37.654154687","192.168.1.55","192.168.1.2","TCP","1514","8004  >  36836 [ACK] Seq=473686 Ack=141 Win=65024 Len=1448 TSval=2916041734 TSecr=3045561509 [TCP segment of a reassembled PDU]"
"63779","37.654156743","192.168.1.55","192.168.1.2","TCP","1514","8004  >  36836 [ACK] Seq=475134 Ack=141 Win=65024 Len=1448 TSval=2916041734 TSecr=3045561509 [TCP segment of a reassembled PDU]"
"63780","37.654157835","192.168.1.55","192.168.1.2","TCP","1514","8004  >  36836 [ACK] Seq=476582 Ack=141 Win=65024 Len=1448 TSval=2916041734 TSecr=3045561509 [TCP segment of a reassembled PDU]"
"63781","37.654158743","192.168.1.55","192.168.1.2","TCP","1514","8004  >  36836 [PSH, ACK] Seq=478030 Ack=141 Win=65024 Len=1448 TSval=2916041734 TSecr=3045561509 [TCP segment of a reassembled PDU]"
"63782","37.654182835","192.168.1.2","192.168.1.55","TCP","66","36836  >  8004 [ACK] Seq=141 Ack=364782 Win=128000 Len=0 TSval=3045561509 TSecr=2916041731"
"63783","37.660463846","192.168.1.2","192.168.1.55","TCP","66","36836  >  8004 [ACK] Seq=141 Ack=373470 Win=145408 Len=0 TSval=3045561514 TSecr=2916041731"
"63784","37.660578827","192.168.1.55","192.168.1.2","TCP","1514","8004  >  36836 [ACK] Seq=479478 Ack=141 Win=65024 Len=1448 TSval=2916041741 TSecr=3045561514 [TCP segment of a reassembled PDU]"
"63785","37.660587698","192.168.1.55","192.168.1.2","TCP","1514","8004  >  36836 [ACK] Seq=480926 Ack=141 Win=65024 Len=1448 TSval=2916041741 TSecr=3045561514 [TCP segment of a reassembled PDU]"
"63786","37.660588957","192.168.1.55","192.168.1.2","TCP","1514","8004  >  36836 [ACK] Seq=482374 Ack=141 Win=65024 Len=1448 TSval=2916041741 TSecr=3045561514 [TCP segment of a reassembled PDU]"
"63787","37.660590698","192.168.1.55","192.168.1.2","TCP","1514","8004  >  36836 [ACK] Seq=483822 Ack=141 Win=65024 Len=1448 TSval=2916041741 TSecr=3045561514 [TCP segment of a reassembled PDU]"
"63788","37.660591994","192.168.1.55","192.168.1.2","TCP","1514","8004  >  36836 [ACK] Seq=485270 Ack=141 Win=65024 Len=1448 TSval=2916041741 TSecr=3045561514 [TCP segment of a reassembled PDU]"
"63789","37.660593216","192.168.1.55","192.168.1.2","TCP","1514","8004  >  36836 [ACK] Seq=486718 Ack=141 Win=65024 Len=1448 TSval=2916041741 TSecr=3045561514 [TCP segment of a reassembled PDU]"
"63790","37.660594809","192.168.1.55","192.168.1.2","TCP","1514","8004  >  36836 [ACK] Seq=488166 Ack=141 Win=65024 Len=1448 TSval=2916041741 TSecr=3045561514 [TCP segment of a reassembled PDU]"
"63791","37.660596235","192.168.1.55","192.168.1.2","TCP","1514","8004  >  36836 [ACK] Seq=489614 Ack=141 Win=65024 Len=1448 TSval=2916041741 TSecr=3045561514 [TCP segment of a reassembled PDU]"
"63792","37.660597290","192.168.1.55","192.168.1.2","TCP","1514","8004  >  36836 [ACK] Seq=491062 Ack=141 Win=65024 Len=1448 TSval=2916041741 TSecr=3045561514 [TCP segment of a reassembled PDU]"
"63793","37.660598494","192.168.1.55","192.168.1.2","TCP","1514","8004  >  36836 [ACK] Seq=492510 Ack=141 Win=65024 Len=1448 TSval=2916041741 TSecr=3045561514 [TCP segment of a reassembled PDU]"
"63794","37.660599753","192.168.1.55","192.168.1.2","TCP","1514","8004  >  36836 [ACK] Seq=493958 Ack=141 Win=65024 Len=1448 TSval=2916041741 TSecr=3045561514 [TCP segment of a reassembled PDU]"
"63795","37.660602475","192.168.1.55","192.168.1.2","TCP","1514","8004  >  36836 [ACK] Seq=495406 Ack=141 Win=65024 Len=1448 TSval=2916041741 TSecr=3045561514 [TCP segment of a reassembled PDU]"
"63796","37.660604124","192.168.1.55","192.168.1.2","TCP","1514","8004  >  36836 [PSH, ACK] Seq=496854 Ack=141 Win=65024 Len=1448 TSval=2916041741 TSecr=3045561514 [TCP segment of a reassembled PDU]"
"63797","37.660616772","192.168.1.55","192.168.1.2","HTTP","1472","HTTP/1.0 200 OK  (PNG)"
"63798","37.660685883","192.168.1.2","192.168.1.55","TCP","66","36836  >  8004 [ACK] Seq=141 Ack=386502 Win=172032 Len=0 TSval=3045561514 TSecr=2916041733"
"63799","37.660703864","192.168.1.2","192.168.1.55","TCP","66","36836  >  8004 [ACK] Seq=141 Ack=386806 Win=175104 Len=0 TSval=3045561514 TSecr=2916041733"
"63800","37.660709809","192.168.1.2","192.168.1.55","TCP","66","36836  >  8004 [ACK] Seq=141 Ack=421558 Win=175104 Len=0 TSval=3045561514 TSecr=2916041733"
"63801","37.660719401","192.168.1.2","192.168.1.55","TCP","66","36836  >  8004 [ACK] Seq=141 Ack=433142 Win=165888 Len=0 TSval=3045561514 TSecr=2916041733"
"63802","37.660796531","192.168.1.2","192.168.1.55","TCP","66","36836  >  8004 [ACK] Seq=141 Ack=453414 Win=191488 Len=0 TSval=3045561514 TSecr=2916041733"
"63803","37.660801716","192.168.1.2","192.168.1.55","TCP","66","36836  >  8004 [ACK] Seq=141 Ack=473686 Win=185344 Len=0 TSval=3045561515 TSecr=2916041733"
"63804","37.660813179","192.168.1.2","192.168.1.55","TCP","66","36836  >  8004 [ACK] Seq=141 Ack=476582 Win=185344 Len=0 TSval=3045561515 TSecr=2916041734"
"63805","37.660816698","192.168.1.2","192.168.1.55","TCP","66","36836  >  8004 [ACK] Seq=141 Ack=478030 Win=194560 Len=0 TSval=3045561515 TSecr=2916041734"
"63806","37.660841920","192.168.1.2","192.168.1.55","TCP","66","36836  >  8004 [ACK] Seq=141 Ack=479478 Win=197632 Len=0 TSval=3045561516 TSecr=2916041734"
"63807","37.663604314","192.168.1.2","192.168.1.55","TCP","66","36836  >  8004 [ACK] Seq=141 Ack=491062 Win=196608 Len=0 TSval=3045561518 TSecr=2916041741"
"63808","37.664004073","192.168.1.2","192.168.1.55","TCP","66","36836  >  8004 [ACK] Seq=141 Ack=498302 Win=201728 Len=0 TSval=3045561519 TSecr=2916041741"
"63809","37.665961262","192.168.1.2","192.168.1.55","TCP","66","36836  >  8004 [FIN, ACK] Seq=141 Ack=499709 Win=204800 Len=0 TSval=3045561520 TSecr=2916041741"
"63810","37.665985336","192.168.1.55","192.168.1.2","TCP","66","8004  >  36836 [ACK] Seq=499709 Ack=142 Win=65024 Len=0 TSval=2916041746 TSecr=3045561520"
"63811","37.666083225","192.168.1.2","192.168.1.55","TCP","74","36840  >  8004 [SYN] Seq=0 Win=64240 Len=0 MSS=1460 SACK_PERM TSval=3045561521 TSecr=0 WS=1024"
"63812","37.666105540","192.168.1.55","192.168.1.2","TCP","74","8004  >  36840 [SYN, ACK] Seq=0 Ack=1 Win=65160 Len=0 MSS=1460 SACK_PERM TSval=2916041746 TSecr=3045561521 WS=128"
"63813","37.669153674","192.168.1.2","192.168.1.55","TCP","66","36840  >  8004 [ACK] Seq=1 Ack=1 Win=64512 Len=0 TSval=3045561524 TSecr=2916041746"
"63814","37.672372772","192.168.1.2","192.168.1.55","HTTP","209","GET /original_benchmark.png HTTP/1.1 "
"63815","37.672393476","192.168.1.55","192.168.1.2","TCP","66","8004  >  36840 [ACK] Seq=1 Ack=144 Win=65024 Len=0 TSval=2916041753 TSecr=3045561524"
"63816","37.673112014","192.168.1.55","192.168.1.2","TCP","255","8004  >  36840 [PSH, ACK] Seq=1 Ack=144 Win=65024 Len=189 TSval=2916041753 TSecr=3045561524 [TCP segment of a reassembled PDU]"
"63817","37.673247274","192.168.1.55","192.168.1.2","TCP","1514","8004  >  36840 [ACK] Seq=190 Ack=144 Win=65024 Len=1448 TSval=2916041753 TSecr=3045561524 [TCP segment of a reassembled PDU]"
"63818","37.673251459","192.168.1.55","192.168.1.2","TCP","1514","8004  >  36840 [ACK] Seq=1638 Ack=144 Win=65024 Len=1448 TSval=2916041753 TSecr=3045561524 [TCP segment of a reassembled PDU]"
"63819","37.673252959","192.168.1.55","192.168.1.2","TCP","1514","8004  >  36840 [ACK] Seq=3086 Ack=144 Win=65024 Len=1448 TSval=2916041753 TSecr=3045561524 [TCP segment of a reassembled PDU]"
"63820","37.673254551","192.168.1.55","192.168.1.2","TCP","1514","8004  >  36840 [ACK] Seq=4534 Ack=144 Win=65024 Len=1448 TSval=2916041753 TSecr=3045561524 [TCP segment of a reassembled PDU]"
"63821","37.673257329","192.168.1.55","192.168.1.2","TCP","1514","8004  >  36840 [PSH, ACK] Seq=5982 Ack=144 Win=65024 Len=1448 TSval=2916041753 TSecr=3045561524 [TCP segment of a reassembled PDU]"
"63822","37.673287866","192.168.1.55","192.168.1.2","TCP","1514","8004  >  36840 [ACK] Seq=7430 Ack=144 Win=65024 Len=1448 TSval=2916041753 TSecr=3045561524 [TCP segment of a reassembled PDU]"
"63823","37.673290089","192.168.1.55","192.168.1.2","TCP","1514","8004  >  36840 [ACK] Seq=8878 Ack=144 Win=65024 Len=1448 TSval=2916041753 TSecr=3045561524 [TCP segment of a reassembled PDU]"
"63824","37.673302866","192.168.1.55","192.168.1.2","TCP","1514","8004  >  36840 [ACK] Seq=10326 Ack=144 Win=65024 Len=1448 TSval=2916041753 TSecr=3045561524 [TCP segment of a reassembled PDU]"
"63825","37.673304940","192.168.1.55","192.168.1.2","TCP","1514","8004  >  36840 [PSH, ACK] Seq=11774 Ack=144 Win=65024 Len=1448 TSval=2916041753 TSecr=3045561524 [TCP segment of a reassembled PDU]"
"63826","37.677236521","192.168.1.2","192.168.1.55","TCP","66","36840  >  8004 [ACK] Seq=144 Ack=190 Win=64512 Len=0 TSval=3045561531 TSecr=2916041753"
"63827","37.677383132","192.168.1.55","192.168.1.2","TCP","1514","8004  >  36840 [ACK] Seq=13222 Ack=144 Win=65024 Len=1448 TSval=2916041758 TSecr=3045561531 [TCP segment of a reassembled PDU]"
"63828","37.677401466","192.168.1.55","192.168.1.2","TCP","1514","8004  >  36840 [PSH, ACK] Seq=14670 Ack=144 Win=65024 Len=1448 TSval=2916041758 TSecr=3045561531 [TCP segment of a reassembled PDU]"
"63829","37.677563521","192.168.1.2","192.168.1.55","TCP","66","36840  >  8004 [ACK] Seq=144 Ack=3086 Win=70656 Len=0 TSval=3045561531 TSecr=2916041753"
"63830","37.677600466","192.168.1.2","192.168.1.55","TCP","66","36840  >  8004 [ACK] Seq=144 Ack=7430 Win=79872 Len=0 TSval=3045561532 TSecr=2916041753"
"63831","37.677676207","192.168.1.55","192.168.1.2","TCP","1514","8004  >  36840 [ACK] Seq=16118 Ack=144 Win=65024 Len=1448 TSval=2916041758 TSecr=3045561532 [TCP segment of a reassembled PDU]"
"63832","37.677684096","192.168.1.55","192.168.1.2","TCP","1514","8004  >  36840 [ACK] Seq=17566 Ack=144 Win=65024 Len=1448 TSval=2916041758 TSecr=3045561532 [TCP segment of a reassembled PDU]"
"63833","37.677688133","192.168.1.55","192.168.1.2","TCP","1514","8004  >  36840 [ACK] Seq=19014 Ack=144 Win=65024 Len=1448 TSval=2916041758 TSecr=3045561532 [TCP segment of a reassembled PDU]"
"63834","37.677691003","192.168.1.55","192.168.1.2","TCP","1514","8004  >  36840 [ACK] Seq=20462 Ack=144 Win=65024 Len=1448 TSval=2916041758 TSecr=3045561532 [TCP segment of a reassembled PDU]"
"63835","37.677698281","192.168.1.55","192.168.1.2","TCP","1514","8004  >  36840 [ACK] Seq=21910 Ack=144 Win=65024 Len=1448 TSval=2916041758 TSecr=3045561532 [TCP segment of a reassembled PDU]"
"63836","37.677700744","192.168.1.55","192.168.1.2","TCP","1514","8004  >  36840 [ACK] Seq=23358 Ack=144 Win=65024 Len=1448 TSval=2916041758 TSecr=3045561532 [TCP segment of a reassembled PDU]"
"63837","37.677704244","192.168.1.55","192.168.1.2","TCP","1514","8004  >  36840 [ACK] Seq=24806 Ack=144 Win=65024 Len=1448 TSval=2916041758 TSecr=3045561532 [TCP segment of a reassembled PDU]"
"63838","37.677706799","192.168.1.55","192.168.1.2","TCP","1514","8004  >  36840 [PSH, ACK] Seq=26254 Ack=144 Win=65024 Len=1448 TSval=2916041758 TSecr=3045561532 [TCP segment of a reassembled PDU]"
"63839","37.677724207","192.168.1.2","192.168.1.55","TCP","66","36840  >  8004 [ACK] Seq=144 Ack=13222 Win=79872 Len=0 TSval=3045561532 TSecr=2916041753"
"63840","37.677806670","192.168.1.55","192.168.1.2","TCP","1514","8004  >  36840 [ACK] Seq=27702 Ack=144 Win=65024 Len=1448 TSval=2916041758 TSecr=3045561532 [TCP segment of a reassembled PDU]"
"63841","37.677811059","192.168.1.55","192.168.1.2","TCP","1514","8004  >  36840 [ACK] Seq=29150 Ack=144 Win=65024 Len=1448 TSval=2916041758 TSecr=3045561532 [TCP segment of a reassembled PDU]"
"63842","37.677815559","192.168.1.55","192.168.1.2","TCP","1514","8004  >  36840 [ACK] Seq=30598 Ack=144 Win=65024 Len=1448 TSval=2916041758 TSecr=3045561532 [TCP segment of a reassembled PDU]"
"63843","37.677818874","192.168.1.55","192.168.1.2","TCP","1514","8004  >  36840 [ACK] Seq=32046 Ack=144 Win=65024 Len=1448 TSval=2916041758 TSecr=3045561532 [TCP segment of a reassembled PDU]"
"63844","37.677821744","192.168.1.55","192.168.1.2","TCP","1514","8004  >  36840 [ACK] Seq=33494 Ack=144 Win=65024 Len=1448 TSval=2916041758 TSecr=3045561532 [TCP segment of a reassembled PDU]"
"63845","37.677825392","192.168.1.55","192.168.1.2","TCP","1514","8004  >  36840 [ACK] Seq=34942 Ack=144 Win=65024 Len=1448 TSval=2916041758 TSecr=3045561532 [TCP segment of a reassembled PDU]"
"63846","37.677828040","192.168.1.55","192.168.1.2","TCP","1514","8004  >  36840 [ACK] Seq=36390 Ack=144 Win=65024 Len=1448 TSval=2916041758 TSecr=3045561532 [TCP segment of a reassembled PDU]"
"63847","37.677830059","192.168.1.55","192.168.1.2","TCP","1514","8004  >  36840 [ACK] Seq=37838 Ack=144 Win=65024 Len=1448 TSval=2916041758 TSecr=3045561532 [TCP segment of a reassembled PDU]"
"63848","37.677832114","192.168.1.55","192.168.1.2","TCP","1514","8004  >  36840 [ACK] Seq=39286 Ack=144 Win=65024 Len=1448 TSval=2916041758 TSecr=3045561532 [TCP segment of a reassembled PDU]"
"63849","37.677833688","192.168.1.55","192.168.1.2","TCP","1514","8004  >  36840 [PSH, ACK] Seq=40734 Ack=144 Win=65024 Len=1448 TSval=2916041758 TSecr=3045561532 [TCP segment of a reassembled PDU]"
"63850","37.683510346","192.168.1.2","192.168.1.55","TCP","66","36840  >  8004 [ACK] Seq=144 Ack=16118 Win=84992 Len=0 TSval=3045561538 TSecr=2916041758"
"63851","37.683532198","192.168.1.55","192.168.1.2","TCP","1514","8004  >  36840 [ACK] Seq=42182 Ack=144 Win=65024 Len=1448 TSval=2916041764 TSecr=3045561538 [TCP segment of a reassembled PDU]"
"63852","37.683535698","192.168.1.55","192.168.1.2","TCP","1514","8004  >  36840 [PSH, ACK] Seq=43630 Ack=144 Win=65024 Len=1448 TSval=2916041764 TSecr=3045561538 [TCP segment of a reassembled PDU]"
"63853","37.683913291","192.168.1.2","192.168.1.55","TCP","66","36840  >  8004 [ACK] Seq=144 Ack=27702 Win=81920 Len=0 TSval=3045561538 TSecr=2916041758"
"63854","37.683982754","192.168.1.55","192.168.1.2","TCP","1514","8004  >  36840 [ACK] Seq=45078 Ack=144 Win=65024 Len=1448 TSval=2916041764 TSecr=3045561538 [TCP segment of a reassembled PDU]"
"63855","37.683988847","192.168.1.55","192.168.1.2","TCP","1514","8004  >  36840 [ACK] Seq=46526 Ack=144 Win=65024 Len=1448 TSval=2916041764 TSecr=3045561538 [TCP segment of a reassembled PDU]"
"63856","37.683990476","192.168.1.55","192.168.1.2","TCP","1514","8004  >  36840 [ACK] Seq=47974 Ack=144 Win=65024 Len=1448 TSval=2916041764 TSecr=3045561538 [TCP segment of a reassembled PDU]"
"63857","37.683992365","192.168.1.55","192.168.1.2","TCP","1514","8004  >  36840 [ACK] Seq=49422 Ack=144 Win=65024 Len=1448 TSval=2916041764 TSecr=3045561538 [TCP segment of a reassembled PDU]"
"63858","37.683993828","192.168.1.55","192.168.1.2","TCP","1514","8004  >  36840 [ACK] Seq=50870 Ack=144 Win=65024 Len=1448 TSval=2916041764 TSecr=3045561538 [TCP segment of a reassembled PDU]"
"63859","37.683995791","192.168.1.55","192.168.1.2","TCP","1514","8004  >  36840 [ACK] Seq=52318 Ack=144 Win=65024 Len=1448 TSval=2916041764 TSecr=3045561538 [TCP segment of a reassembled PDU]"
"63860","37.683998791","192.168.1.55","192.168.1.2","TCP","1514","8004  >  36840 [ACK] Seq=53766 Ack=144 Win=65024 Len=1448 TSval=2916041764 TSecr=3045561538 [TCP segment of a reassembled PDU]"
"63861","37.684000458","192.168.1.55","192.168.1.2","TCP","1514","8004  >  36840 [ACK] Seq=55214 Ack=144 Win=65024 Len=1448 TSval=2916041764 TSecr=3045561538 [TCP segment of a reassembled PDU]"
"63862","37.684002069","192.168.1.55","192.168.1.2","TCP","1514","8004  >  36840 [ACK] Seq=56662 Ack=144 Win=65024 Len=1448 TSval=2916041764 TSecr=3045561538 [TCP segment of a reassembled PDU]"
"63863","37.684014810","192.168.1.55","192.168.1.2","TCP","1514","8004  >  36840 [ACK] Seq=58110 Ack=144 Win=65024 Len=1448 TSval=2916041764 TSecr=3045561538 [TCP segment of a reassembled PDU]"
"63864","37.684017513","192.168.1.55","192.168.1.2","TCP","1514","8004  >  36840 [ACK] Seq=59558 Ack=144 Win=65024 Len=1448 TSval=2916041764 TSecr=3045561538 [TCP segment of a reassembled PDU]"
"63865","37.684019476","192.168.1.55","192.168.1.2","TCP","1514","8004  >  36840 [ACK] Seq=61006 Ack=144 Win=65024 Len=1448 TSval=2916041764 TSecr=3045561538 [TCP segment of a reassembled PDU]"
"63866","37.684023384","192.168.1.55","192.168.1.2","TCP","1514","8004  >  36840 [ACK] Seq=62454 Ack=144 Win=65024 Len=1448 TSval=2916041764 TSecr=3045561538 [TCP segment of a reassembled PDU]"
"63867","37.684025106","192.168.1.55","192.168.1.2","TCP","1514","8004  >  36840 [ACK] Seq=63902 Ack=144 Win=65024 Len=1448 TSval=2916041764 TSecr=3045561538 [TCP segment of a reassembled PDU]"
"63868","37.684027791","192.168.1.55","192.168.1.2","TCP","1514","8004  >  36840 [PSH, ACK] Seq=65350 Ack=144 Win=65024 Len=1448 TSval=2916041764 TSecr=3045561538 [TCP segment of a reassembled PDU]"
"63869","37.684037421","192.168.1.2","192.168.1.55","TCP","66","36840  >  8004 [ACK] Seq=144 Ack=42182 Win=68608 Len=0 TSval=3045561538 TSecr=2916041758"
"63870","37.684067606","192.168.1.55","192.168.1.2","TCP","1514","8004  >  36840 [ACK] Seq=66798 Ack=144 Win=65024 Len=1448 TSval=2916041764 TSecr=3045561538 [TCP segment of a reassembled PDU]"
"63871","37.684070476","192.168.1.55","192.168.1.2","TCP","1514","8004  >  36840 [ACK] Seq=68246 Ack=144 Win=65024 Len=1448 TSval=2916041764 TSecr=3045561538 [TCP segment of a reassembled PDU]"
"63872","37.684072162","192.168.1.55","192.168.1.2","TCP","1514","8004  >  36840 [ACK] Seq=69694 Ack=144 Win=65024 Len=1448 TSval=2916041764 TSecr=3045561538 [TCP segment of a reassembled PDU]"
"63873","37.684073717","192.168.1.55","192.168.1.2","TCP","1514","8004  >  36840 [ACK] Seq=71142 Ack=144 Win=65024 Len=1448 TSval=2916041764 TSecr=3045561538 [TCP segment of a reassembled PDU]"
"63874","37.684075643","192.168.1.55","192.168.1.2","TCP","1514","8004  >  36840 [ACK] Seq=72590 Ack=144 Win=65024 Len=1448 TSval=2916041764 TSecr=3045561538 [TCP segment of a reassembled PDU]"
"63875","37.684077347","192.168.1.55","192.168.1.2","TCP","1514","8004  >  36840 [ACK] Seq=74038 Ack=144 Win=65024 Len=1448 TSval=2916041764 TSecr=3045561538 [TCP segment of a reassembled PDU]"
"63876","37.684079606","192.168.1.55","192.168.1.2","TCP","1514","8004  >  36840 [PSH, ACK] Seq=75486 Ack=144 Win=65024 Len=1448 TSval=2916041764 TSecr=3045561538 [TCP segment of a reassembled PDU]"
"63877","37.685110848","192.168.1.55","192.168.1.2","TCP","1514","8004  >  36840 [ACK] Seq=76934 Ack=144 Win=65024 Len=1448 TSval=2916041765 TSecr=3045561538 [TCP segment of a reassembled PDU]"
"63878","37.685120645","192.168.1.55","192.168.1.2","TCP","1514","8004  >  36840 [ACK] Seq=78382 Ack=144 Win=65024 Len=1448 TSval=2916041765 TSecr=3045561538 [TCP segment of a reassembled PDU]"
"63879","37.685122756","192.168.1.55","192.168.1.2","TCP","1514","8004  >  36840 [ACK] Seq=79830 Ack=144 Win=65024 Len=1448 TSval=2916041765 TSecr=3045561538 [TCP segment of a reassembled PDU]"
"63880","37.685124848","192.168.1.55","192.168.1.2","TCP","1514","8004  >  36840 [ACK] Seq=81278 Ack=144 Win=65024 Len=1448 TSval=2916041765 TSecr=3045561538 [TCP segment of a reassembled PDU]"
"63881","37.685126793","192.168.1.55","192.168.1.2","TCP","1514","8004  >  36840 [ACK] Seq=82726 Ack=144 Win=65024 Len=1448 TSval=2916041765 TSecr=3045561538 [TCP segment of a reassembled PDU]"
"63882","37.685129163","192.168.1.55","192.168.1.2","TCP","1514","8004  >  36840 [ACK] Seq=84174 Ack=144 Win=65024 Len=1448 TSval=2916041765 TSecr=3045561538 [TCP segment of a reassembled PDU]"
"63883","37.685132663","192.168.1.55","192.168.1.2","TCP","1514","8004  >  36840 [ACK] Seq=85622 Ack=144 Win=65024 Len=1448 TSval=2916041765 TSecr=3045561538 [TCP segment of a reassembled PDU]"
"63884","37.685134515","192.168.1.55","192.168.1.2","TCP","1514","8004  >  36840 [ACK] Seq=87070 Ack=144 Win=65024 Len=1448 TSval=2916041765 TSecr=3045561538 [TCP segment of a reassembled PDU]"
"63885","37.685136700","192.168.1.55","192.168.1.2","TCP","1514","8004  >  36840 [ACK] Seq=88518 Ack=144 Win=65024 Len=1448 TSval=2916041765 TSecr=3045561538 [TCP segment of a reassembled PDU]"
"63886","37.685139200","192.168.1.55","192.168.1.2","TCP","1514","8004  >  36840 [ACK] Seq=89966 Ack=144 Win=65024 Len=1448 TSval=2916041765 TSecr=3045561538 [TCP segment of a reassembled PDU]"
"63887","37.685140663","192.168.1.55","192.168.1.2","TCP","1514","8004  >  36840 [ACK] Seq=91414 Ack=144 Win=65024 Len=1448 TSval=2916041765 TSecr=3045561538 [TCP segment of a reassembled PDU]"
"63888","37.685142830","192.168.1.55","192.168.1.2","TCP","1514","8004  >  36840 [ACK] Seq=92862 Ack=144 Win=65024 Len=1448 TSval=2916041765 TSecr=3045561538 [TCP segment of a reassembled PDU]"
"63889","37.685145460","192.168.1.55","192.168.1.2","TCP","1514","8004  >  36840 [ACK] Seq=94310 Ack=144 Win=65024 Len=1448 TSval=2916041765 TSecr=3045561538 [TCP segment of a reassembled PDU]"
"63890","37.685147904","192.168.1.55","192.168.1.2","TCP","1514","8004  >  36840 [ACK] Seq=95758 Ack=144 Win=65024 Len=1448 TSval=2916041765 TSecr=3045561538 [TCP segment of a reassembled PDU]"
"63891","37.685149515","192.168.1.55","192.168.1.2","TCP","1514","8004  >  36840 [ACK] Seq=97206 Ack=144 Win=65024 Len=1448 TSval=2916041765 TSecr=3045561538 [TCP segment of a reassembled PDU]"
"63892","37.685151663","192.168.1.55","192.168.1.2","TCP","1514","8004  >  36840 [PSH, ACK] Seq=98654 Ack=144 Win=65024 Len=1448 TSval=2916041765 TSecr=3045561538 [TCP segment of a reassembled PDU]"
"63893","37.690094856","192.168.1.2","192.168.1.55","TCP","66","36840  >  8004 [ACK] Seq=144 Ack=45078 Win=88064 Len=0 TSval=3045561543 TSecr=2916041764"
"63894","37.690145005","192.168.1.55","192.168.1.2","TCP","1514","8004  >  36840 [ACK] Seq=100102 Ack=144 Win=65024 Len=1448 TSval=2916041770 TSecr=3045561543 [TCP segment of a reassembled PDU]"
"63895","37.690149264","192.168.1.55","192.168.1.2","TCP","1514","8004  >  36840 [ACK] Seq=101550 Ack=144 Win=65024 Len=1448 TSval=2916041770 TSecr=3045561543 [TCP segment of a reassembled PDU]"
"63896","37.690150838","192.168.1.55","192.168.1.2","TCP","1514","8004  >  36840 [ACK] Seq=102998 Ack=144 Win=65024 Len=1448 TSval=2916041770 TSecr=3045561543 [TCP segment of a reassembled PDU]"
"63897","37.690152968","192.168.1.55","192.168.1.2","TCP","1514","8004  >  36840 [PSH, ACK] Seq=104446 Ack=144 Win=65024 Len=1448 TSval=2916041770 TSecr=3045561543 [TCP segment of a reassembled PDU]"
"63898","37.690442116","192.168.1.2","192.168.1.55","TCP","66","36840  >  8004 [ACK] Seq=144 Ack=66798 Win=67584 Len=0 TSval=3045561543 TSecr=2916041764"
"63899","37.690472561","192.168.1.55","192.168.1.2","TCP","1514","8004  >  36840 [ACK] Seq=105894 Ack=144 Win=65024 Len=1448 TSval=2916041771 TSecr=3045561543 [TCP segment of a reassembled PDU]"
"63900","37.690475042","192.168.1.55","192.168.1.2","TCP","1514","8004  >  36840 [ACK] Seq=107342 Ack=144 Win=65024 Len=1448 TSval=2916041771 TSecr=3045561543 [TCP segment of a reassembled PDU]"
"63901","37.690476302","192.168.1.55","192.168.1.2","TCP","1514","8004  >  36840 [ACK] Seq=108790 Ack=144 Win=65024 Len=1448 TSval=2916041771 TSecr=3045561543 [TCP segment of a reassembled PDU]"
"63902","37.690478116","192.168.1.55","192.168.1.2","TCP","1514","8004  >  36840 [ACK] Seq=110238 Ack=144 Win=65024 Len=1448 TSval=2916041771 TSecr=3045561543 [TCP segment of a reassembled PDU]"
"63903","37.690480024","192.168.1.55","192.168.1.2","TCP","1514","8004  >  36840 [ACK] Seq=111686 Ack=144 Win=65024 Len=1448 TSval=2916041771 TSecr=3045561543 [TCP segment of a reassembled PDU]"
"63904","37.690481190","192.168.1.55","192.168.1.2","TCP","1514","8004  >  36840 [ACK] Seq=113134 Ack=144 Win=65024 Len=1448 TSval=2916041771 TSecr=3045561543 [TCP segment of a reassembled PDU]"
"63905","37.690482579","192.168.1.55","192.168.1.2","TCP","1514","8004  >  36840 [ACK] Seq=114582 Ack=144 Win=65024 Len=1448 TSval=2916041771 TSecr=3045561543 [TCP segment of a reassembled PDU]"
"63906","37.690485172","192.168.1.55","192.168.1.2","TCP","1514","8004  >  36840 [ACK] Seq=116030 Ack=144 Win=65024 Len=1448 TSval=2916041771 TSecr=3045561543 [TCP segment of a reassembled PDU]"
"63907","37.690487209","192.168.1.55","192.168.1.2","TCP","1514","8004  >  36840 [PSH, ACK] Seq=117478 Ack=144 Win=65024 Len=1448 TSval=2916041771 TSecr=3045561543 [TCP segment of a reassembled PDU]"
"63908","37.690492950","192.168.1.2","192.168.1.55","TCP","66","36840  >  8004 [ACK] Seq=144 Ack=68246 Win=66560 Len=0 TSval=3045561543 TSecr=2916041764"
"63909","37.690500265","192.168.1.2","192.168.1.55","TCP","66","36840  >  8004 [ACK] Seq=144 Ack=76934 Win=82944 Len=0 TSval=3045561545 TSecr=2916041764"
"63910","37.690560820","192.168.1.55","192.168.1.2","TCP","1514","8004  >  36840 [ACK] Seq=118926 Ack=144 Win=65024 Len=1448 TSval=2916041771 TSecr=3045561545 [TCP segment of a reassembled PDU]"
"63911","37.690563061","192.168.1.55","192.168.1.2","TCP","1514","8004  >  36840 [ACK] Seq=120374 Ack=144 Win=65024 Len=1448 TSval=2916041771 TSecr=3045561545 [TCP segment of a reassembled PDU]"
"63912","37.690564394","192.168.1.55","192.168.1.2","TCP","1514","8004  >  36840 [ACK] Seq=121822 Ack=144 Win=65024 Len=1448 TSval=2916041771 TSecr=3045561545 [TCP segment of a reassembled PDU]"
"63913","37.690565839","192.168.1.55","192.168.1.2","TCP","1514","8004  >  36840 [ACK] Seq=123270 Ack=144 Win=65024 Len=1448 TSval=2916041771 TSecr=3045561545 [TCP segment of a reassembled PDU]"
"63914","37.690567746","192.168.1.55","192.168.1.2","TCP","1514","8004  >  36840 [ACK] Seq=124718 Ack=144 Win=65024 Len=1448 TSval=2916041771 TSecr=3045561545 [TCP segment of a reassembled PDU]"
"63915","37.690569339","192.168.1.55","192.168.1.2","TCP","1514","8004  >  36840 [ACK] Seq=126166 Ack=144 Win=65024 Len=1448 TSval=2916041771 TSecr=3045561545 [TCP segment of a reassembled PDU]"
"63916","37.690570765","192.168.1.55","192.168.1.2","TCP","1514","8004  >  36840 [ACK] Seq=127614 Ack=144 Win=65024 Len=1448 TSval=2916041771 TSecr=3045561545 [TCP segment of a reassembled PDU]"
"63917","37.690572320","192.168.1.55","192.168.1.2","TCP","1514","8004  >  36840 [ACK] Seq=129062 Ack=144 Win=65024 Len=1448 TSval=2916041771 TSecr=3045561545 [TCP segment of a reassembled PDU]"
"63918","37.690574172","192.168.1.55","192.168.1.2","TCP","1514","8004  >  36840 [ACK] Seq=130510 Ack=144 Win=65024 Len=1448 TSval=2916041771 TSecr=3045561545 [TCP segment of a reassembled PDU]"
"63919","37.690576228","192.168.1.55","192.168.1.2","TCP","1514","8004  >  36840 [ACK] Seq=131958 Ack=144 Win=65024 Len=1448 TSval=2916041771 TSecr=3045561545 [TCP segment of a reassembled PDU]"
"63920","37.690577746","192.168.1.55","192.168.1.2","TCP","1514","8004  >  36840 [ACK] Seq=133406 Ack=144 Win=65024 Len=1448 TSval=2916041771 TSecr=3045561545 [TCP segment of a reassembled PDU]"
"63921","37.690579709","192.168.1.55","192.168.1.2","TCP","1514","8004  >  36840 [ACK] Seq=134854 Ack=144 Win=65024 Len=1448 TSval=2916041771 TSecr=3045561545 [TCP segment of a reassembled PDU]"
"63922","37.690581061","192.168.1.55","192.168.1.2","TCP","1514","8004  >  36840 [ACK] Seq=136302 Ack=144 Win=65024 Len=1448 TSval=2916041771 TSecr=3045561545 [TCP segment of a reassembled PDU]"
"63923","37.690582709","192.168.1.55","192.168.1.2","TCP","1514","8004  >  36840 [ACK] Seq=137750 Ack=144 Win=65024 Len=1448 TSval=2916041771 TSecr=3045561545 [TCP segment of a reassembled PDU]"
"63924","37.690584265","192.168.1.55","192.168.1.2","TCP","1514","8004  >  36840 [ACK] Seq=139198 Ack=144 Win=65024 Len=1448 TSval=2916041771 TSecr=3045561545 [TCP segment of a reassembled PDU]"
"63925","37.690586005","192.168.1.55","192.168.1.2","TCP","1514","8004  >  36840 [ACK] Seq=140646 Ack=144 Win=65024 Len=1448 TSval=2916041771 TSecr=3045561545 [TCP segment of a reassembled PDU]"
"63926","37.690588265","192.168.1.55","192.168.1.2","TCP","1514","8004  >  36840 [ACK] Seq=142094 Ack=144 Win=65024 Len=1448 TSval=2916041771 TSecr=3045561545 [TCP segment of a reassembled PDU]"
"63927","37.690589542","192.168.1.55","192.168.1.2","TCP","1514","8004  >  36840 [ACK] Seq=143542 Ack=144 Win=65024 Len=1448 TSval=2916041771 TSecr=3045561545 [TCP segment of a reassembled PDU]"
"63928","37.690591450","192.168.1.55","192.168.1.2","TCP","1514","8004  >  36840 [ACK] Seq=144990 Ack=144 Win=65024 Len=1448 TSval=2916041771 TSecr=3045561545 [TCP segment of a reassembled PDU]"
"63929","37.690593746","192.168.1.55","192.168.1.2","TCP","1514","8004  >  36840 [ACK] Seq=146438 Ack=144 Win=65024 Len=1448 TSval=2916041771 TSecr=3045561545 [TCP segment of a reassembled PDU]"
"63930","37.690595450","192.168.1.55","192.168.1.2","TCP","1514","8004  >  36840 [ACK] Seq=147886 Ack=144 Win=65024 Len=1448 TSval=2916041771 TSecr=3045561545 [TCP segment of a reassembled PDU]"
"63931","37.690596876","192.168.1.55","192.168.1.2","TCP","1514","8004  >  36840 [ACK] Seq=149334 Ack=144 Win=65024 Len=1448 TSval=2916041771 TSecr=3045561545 [TCP segment of a reassembled PDU]"
"63932","37.690599135","192.168.1.55","192.168.1.2","TCP","1514","8004  >  36840 [ACK] Seq=150782 Ack=144 Win=65024 Len=1448 TSval=2916041771 TSecr=3045561545 [TCP segment of a reassembled PDU]"
"63933","37.690600913","192.168.1.55","192.168.1.2","TCP","1514","8004  >  36840 [ACK] Seq=152230 Ack=144 Win=65024 Len=1448 TSval=2916041771 TSecr=3045561545 [TCP segment of a reassembled PDU]"
"63934","37.690602413","192.168.1.55","192.168.1.2","TCP","1514","8004  >  36840 [ACK] Seq=153678 Ack=144 Win=65024 Len=1448 TSval=2916041771 TSecr=3045561545 [TCP segment of a reassembled PDU]"
"63935","37.690604691","192.168.1.55","192.168.1.2","TCP","1514","8004  >  36840 [ACK] Seq=155126 Ack=144 Win=65024 Len=1448 TSval=2916041771 TSecr=3045561545 [TCP segment of a reassembled PDU]"
"63936","37.690606876","192.168.1.55","192.168.1.2","TCP","1514","8004  >  36840 [ACK] Seq=156574 Ack=144 Win=65024 Len=1448 TSval=2916041771 TSecr=3045561545 [TCP segment of a reassembled PDU]"
"63937","37.690608487","192.168.1.55","192.168.1.2","TCP","1514","8004  >  36840 [ACK] Seq=158022 Ack=144 Win=65024 Len=1448 TSval=2916041771 TSecr=3045561545 [TCP segment of a reassembled PDU]"
"63938","37.690609839","192.168.1.55","192.168.1.2","TCP","474","[TCP Window Full] 8004  >  36840 [PSH, ACK] Seq=159470 Ack=144 Win=65024 Len=408 TSval=2916041771 TSecr=3045561545 [TCP segment of a reassembled PDU]"
"63939","37.690618024","192.168.1.2","192.168.1.55","TCP","66","36840  >  8004 [ACK] Seq=144 Ack=91414 Win=68608 Len=0 TSval=3045561545 TSecr=2916041765"
"63940","37.694341604","192.168.1.2","192.168.1.55","TCP","66","36840  >  8004 [ACK] Seq=144 Ack=100102 Win=80896 Len=0 TSval=3045561546 TSecr=2916041765"
"63941","37.694355900","192.168.1.55","192.168.1.2","TCP","1106","8004  >  36840 [ACK] Seq=159878 Ack=144 Win=65024 Len=1040 TSval=2916041775 TSecr=3045561546 [TCP segment of a reassembled PDU]"
"63942","37.696389182","192.168.1.2","192.168.1.55","TCP","66","36840  >  8004 [ACK] Seq=144 Ack=105894 Win=83968 Len=0 TSval=3045561550 TSecr=2916041770"
"63943","37.696419033","192.168.1.55","192.168.1.2","TCP","1514","8004  >  36840 [ACK] Seq=160918 Ack=144 Win=65024 Len=1448 TSval=2916041777 TSecr=3045561550 [TCP segment of a reassembled PDU]"
"63944","37.696421441","192.168.1.55","192.168.1.2","TCP","1514","8004  >  36840 [ACK] Seq=162366 Ack=144 Win=65024 Len=1448 TSval=2916041777 TSecr=3045561550 [TCP segment of a reassembled PDU]"
"63945","37.696422848","192.168.1.55","192.168.1.2","TCP","1514","8004  >  36840 [ACK] Seq=163814 Ack=144 Win=65024 Len=1448 TSval=2916041777 TSecr=3045561550 [TCP segment of a reassembled PDU]"
"63946","37.696424274","192.168.1.55","192.168.1.2","TCP","1514","8004  >  36840 [ACK] Seq=165262 Ack=144 Win=65024 Len=1448 TSval=2916041777 TSecr=3045561550 [TCP segment of a reassembled PDU]"
"63947","37.696425570","192.168.1.55","192.168.1.2","TCP","1514","8004  >  36840 [ACK] Seq=166710 Ack=144 Win=65024 Len=1448 TSval=2916041777 TSecr=3045561550 [TCP segment of a reassembled PDU]"
"63948","37.696426793","192.168.1.55","192.168.1.2","TCP","1514","8004  >  36840 [ACK] Seq=168158 Ack=144 Win=65024 Len=1448 TSval=2916041777 TSecr=3045561550 [TCP segment of a reassembled PDU]"
"63949","37.696428089","192.168.1.55","192.168.1.2","TCP","1514","8004  >  36840 [ACK] Seq=169606 Ack=144 Win=65024 Len=1448 TSval=2916041777 TSecr=3045561550 [TCP segment of a reassembled PDU]"
"63950","37.696429441","192.168.1.55","192.168.1.2","TCP","1514","8004  >  36840 [ACK] Seq=171054 Ack=144 Win=65024 Len=1448 TSval=2916041777 TSecr=3045561550 [TCP segment of a reassembled PDU]"
"63951","37.696430756","192.168.1.55","192.168.1.2","TCP","1514","8004  >  36840 [ACK] Seq=172502 Ack=144 Win=65024 Len=1448 TSval=2916041777 TSecr=3045561550 [TCP segment of a reassembled PDU]"
"63952","37.696432070","192.168.1.55","192.168.1.2","TCP","1514","8004  >  36840 [ACK] Seq=173950 Ack=144 Win=65024 Len=1448 TSval=2916041777 TSecr=3045561550 [TCP segment of a reassembled PDU]"
"63953","37.696433570","192.168.1.55","192.168.1.2","TCP","1514","8004  >  36840 [ACK] Seq=175398 Ack=144 Win=65024 Len=1448 TSval=2916041777 TSecr=3045561550 [TCP segment of a reassembled PDU]"
"63954","37.696434885","192.168.1.55","192.168.1.2","TCP","1514","8004  >  36840 [ACK] Seq=176846 Ack=144 Win=65024 Len=1448 TSval=2916041777 TSecr=3045561550 [TCP segment of a reassembled PDU]"
"63955","37.696436219","192.168.1.55","192.168.1.2","TCP","1514","8004  >  36840 [ACK] Seq=178294 Ack=144 Win=65024 Len=1448 TSval=2916041777 TSecr=3045561550 [TCP segment of a reassembled PDU]"
"63956","37.696437570","192.168.1.55","192.168.1.2","TCP","1514","8004  >  36840 [ACK] Seq=179742 Ack=144 Win=65024 Len=1448 TSval=2916041777 TSecr=3045561550 [TCP segment of a reassembled PDU]"
"63957","37.696438811","192.168.1.55","192.168.1.2","TCP","1514","8004  >  36840 [ACK] Seq=181190 Ack=144 Win=65024 Len=1448 TSval=2916041777 TSecr=3045561550 [TCP segment of a reassembled PDU]"
"63958","37.696440108","192.168.1.55","192.168.1.2","TCP","1514","8004  >  36840 [ACK] Seq=182638 Ack=144 Win=65024 Len=1448 TSval=2916041777 TSecr=3045561550 [TCP segment of a reassembled PDU]"
"63959","37.696441459","192.168.1.55","192.168.1.2","TCP","1514","8004  >  36840 [ACK] Seq=184086 Ack=144 Win=65024 Len=1448 TSval=2916041777 TSecr=3045561550 [TCP segment of a reassembled PDU]"
"63960","37.696442830","192.168.1.55","192.168.1.2","TCP","1514","8004  >  36840 [ACK] Seq=185534 Ack=144 Win=65024 Len=1448 TSval=2916041777 TSecr=3045561550 [TCP segment of a reassembled PDU]"
"63961","37.696444070","192.168.1.55","192.168.1.2","TCP","1514","8004  >  36840 [PSH, ACK] Seq=186982 Ack=144 Win=65024 Len=1448 TSval=2916041777 TSecr=3045561550 [TCP segment of a reassembled PDU]"
"63962","37.696517737","192.168.1.2","192.168.1.55","TCP","66","36840  >  8004 [ACK] Seq=144 Ack=118926 Win=88064 Len=0 TSval=3045561550 TSecr=2916041771"
"63963","37.696536385","192.168.1.55","192.168.1.2","TCP","1514","8004  >  36840 [ACK] Seq=188430 Ack=144 Win=65024 Len=1448 TSval=2916041777 TSecr=3045561550 [TCP segment of a reassembled PDU]"
"63964","37.696538293","192.168.1.55","192.168.1.2","TCP","1514","8004  >  36840 [ACK] Seq=189878 Ack=144 Win=65024 Len=1448 TSval=2916041777 TSecr=3045561550 [TCP segment of a reassembled PDU]"
"63965","37.696539608","192.168.1.55","192.168.1.2","TCP","1514","8004  >  36840 [ACK] Seq=191326 Ack=144 Win=65024 Len=1448 TSval=2916041777 TSecr=3045561550 [TCP segment of a reassembled PDU]"
"63966","37.696540922","192.168.1.55","192.168.1.2","TCP","1514","8004  >  36840 [ACK] Seq=192774 Ack=144 Win=65024 Len=1448 TSval=2916041777 TSecr=3045561550 [TCP segment of a reassembled PDU]"
"63967","37.696542200","192.168.1.55","192.168.1.2","TCP","1514","8004  >  36840 [ACK] Seq=194222 Ack=144 Win=65024 Len=1448 TSval=2916041777 TSecr=3045561550 [TCP segment of a reassembled PDU]"
"63968","37.696543441","192.168.1.55","192.168.1.2","TCP","1514","8004  >  36840 [ACK] Seq=195670 Ack=144 Win=65024 Len=1448 TSval=2916041777 TSecr=3045561550 [TCP segment of a reassembled PDU]"
"63969","37.696544737","192.168.1.55","192.168.1.2","TCP","1514","8004  >  36840 [ACK] Seq=197118 Ack=144 Win=65024 Len=1448 TSval=2916041777 TSecr=3045561550 [TCP segment of a reassembled PDU]"
"63970","37.696546052","192.168.1.55","192.168.1.2","TCP","1514","8004  >  36840 [ACK] Seq=198566 Ack=144 Win=65024 Len=1448 TSval=2916041777 TSecr=3045561550 [TCP segment of a reassembled PDU]"
"63971","37.696547404","192.168.1.55","192.168.1.2","TCP","1514","8004  >  36840 [ACK] Seq=200014 Ack=144 Win=65024 Len=1448 TSval=2916041777 TSecr=3045561550 [TCP segment of a reassembled PDU]"
"63972","37.696548663","192.168.1.55","192.168.1.2","TCP","1514","8004  >  36840 [PSH, ACK] Seq=201462 Ack=144 Win=65024 Len=1448 TSval=2916041777 TSecr=3045561550 [TCP segment of a reassembled PDU]"
"63973","37.696552848","192.168.1.2","192.168.1.55","TCP","66","36840  >  8004 [ACK] Seq=144 Ack=159878 Win=60416 Len=0 TSval=3045561550 TSecr=2916041771"
"63974","37.696576034","192.168.1.55","192.168.1.2","TCP","1514","8004  >  36840 [ACK] Seq=202910 Ack=144 Win=65024 Len=1448 TSval=2916041777 TSecr=3045561550 [TCP segment of a reassembled PDU]"
"63975","37.696577608","192.168.1.55","192.168.1.2","TCP","1514","8004  >  36840 [ACK] Seq=204358 Ack=144 Win=65024 Len=1448 TSval=2916041777 TSecr=3045561550 [TCP segment of a reassembled PDU]"
"63976","37.696578830","192.168.1.55","192.168.1.2","TCP","1514","8004  >  36840 [ACK] Seq=205806 Ack=144 Win=65024 Len=1448 TSval=2916041777 TSecr=3045561550 [TCP segment of a reassembled PDU]"
"63977","37.696580163","192.168.1.55","192.168.1.2","TCP","1514","8004  >  36840 [ACK] Seq=207254 Ack=144 Win=65024 Len=1448 TSval=2916041777 TSecr=3045561550 [TCP segment of a reassembled PDU]"
"63978","37.696581367","192.168.1.55","192.168.1.2","TCP","1514","8004  >  36840 [ACK] Seq=208702 Ack=144 Win=65024 Len=1448 TSval=2916041777 TSecr=3045561550 [TCP segment of a reassembled PDU]"
"63979","37.696582589","192.168.1.55","192.168.1.2","TCP","1514","8004  >  36840 [ACK] Seq=210150 Ack=144 Win=65024 Len=1448 TSval=2916041777 TSecr=3045561550 [TCP segment of a reassembled PDU]"
"63980","37.696583997","192.168.1.55","192.168.1.2","TCP","1514","8004  >  36840 [ACK] Seq=211598 Ack=144 Win=65024 Len=1448 TSval=2916041777 TSecr=3045561550 [TCP segment of a reassembled PDU]"
"63981","37.696585404","192.168.1.55","192.168.1.2","TCP","1514","8004  >  36840 [ACK] Seq=213046 Ack=144 Win=65024 Len=1448 TSval=2916041777 TSecr=3045561550 [TCP segment of a reassembled PDU]"
"63982","37.696586626","192.168.1.55","192.168.1.2","TCP","1514","8004  >  36840 [ACK] Seq=214494 Ack=144 Win=65024 Len=1448 TSval=2916041777 TSecr=3045561550 [TCP segment of a reassembled PDU]"
"63983","37.696587904","192.168.1.55","192.168.1.2","TCP","1514","8004  >  36840 [ACK] Seq=215942 Ack=144 Win=65024 Len=1448 TSval=2916041777 TSecr=3045561550 [TCP segment of a reassembled PDU]"
"63984","37.696589182","192.168.1.55","192.168.1.2","TCP","1514","8004  >  36840 [ACK] Seq=217390 Ack=144 Win=65024 Len=1448 TSval=2916041777 TSecr=3045561550 [TCP segment of a reassembled PDU]"
"63985","37.696590515","192.168.1.55","192.168.1.2","TCP","1514","8004  >  36840 [PSH, ACK] Seq=218838 Ack=144 Win=65024 Len=1448 TSval=2916041777 TSecr=3045561550 [TCP segment of a reassembled PDU]"
"63986","37.700512559","192.168.1.2","192.168.1.55","TCP","66","36840  >  8004 [ACK] Seq=144 Ack=160918 Win=91136 Len=0 TSval=3045561552 TSecr=2916041775"
"63987","37.700536003","192.168.1.55","192.168.1.2","TCP","1514","8004  >  36840 [ACK] Seq=220286 Ack=144 Win=65024 Len=1448 TSval=2916041781 TSecr=3045561552 [TCP segment of a reassembled PDU]"
"63988","37.700538318","192.168.1.55","192.168.1.2","TCP","1514","8004  >  36840 [ACK] Seq=221734 Ack=144 Win=65024 Len=1448 TSval=2916041781 TSecr=3045561552 [TCP segment of a reassembled PDU]"
"63989","37.700539707","192.168.1.55","192.168.1.2","TCP","1514","8004  >  36840 [ACK] Seq=223182 Ack=144 Win=65024 Len=1448 TSval=2916041781 TSecr=3045561552 [TCP segment of a reassembled PDU]"
"63990","37.700540929","192.168.1.55","192.168.1.2","TCP","1514","8004  >  36840 [ACK] Seq=224630 Ack=144 Win=65024 Len=1448 TSval=2916041781 TSecr=3045561552 [TCP segment of a reassembled PDU]"
"63991","37.700542503","192.168.1.55","192.168.1.2","TCP","1514","8004  >  36840 [ACK] Seq=226078 Ack=144 Win=65024 Len=1448 TSval=2916041781 TSecr=3045561552 [TCP segment of a reassembled PDU]"
"63992","37.700543725","192.168.1.55","192.168.1.2","TCP","1514","8004  >  36840 [ACK] Seq=227526 Ack=144 Win=65024 Len=1448 TSval=2916041781 TSecr=3045561552 [TCP segment of a reassembled PDU]"
"63993","37.700544985","192.168.1.55","192.168.1.2","TCP","1514","8004  >  36840 [ACK] Seq=228974 Ack=144 Win=65024 Len=1448 TSval=2916041781 TSecr=3045561552 [TCP segment of a reassembled PDU]"
"63994","37.700546447","192.168.1.55","192.168.1.2","TCP","1514","8004  >  36840 [ACK] Seq=230422 Ack=144 Win=65024 Len=1448 TSval=2916041781 TSecr=3045561552 [TCP segment of a reassembled PDU]"
"63995","37.700547651","192.168.1.55","192.168.1.2","TCP","1514","8004  >  36840 [ACK] Seq=231870 Ack=144 Win=65024 Len=1448 TSval=2916041781 TSecr=3045561552 [TCP segment of a reassembled PDU]"
"63996","37.700549077","192.168.1.55","192.168.1.2","TCP","1514","8004  >  36840 [ACK] Seq=233318 Ack=144 Win=65024 Len=1448 TSval=2916041781 TSecr=3045561552 [TCP segment of a reassembled PDU]"
"63997","37.700550318","192.168.1.55","192.168.1.2","TCP","1514","8004  >  36840 [ACK] Seq=234766 Ack=144 Win=65024 Len=1448 TSval=2916041781 TSecr=3045561552 [TCP segment of a reassembled PDU]"
"63998","37.700551614","192.168.1.55","192.168.1.2","TCP","1514","8004  >  36840 [ACK] Seq=236214 Ack=144 Win=65024 Len=1448 TSval=2916041781 TSecr=3045561552 [TCP segment of a reassembled PDU]"
"63999","37.700552985","192.168.1.55","192.168.1.2","TCP","1514","8004  >  36840 [ACK] Seq=237662 Ack=144 Win=65024 Len=1448 TSval=2916041781 TSecr=3045561552 [TCP segment of a reassembled PDU]"
"64000","37.700554225","192.168.1.55","192.168.1.2","TCP","1514","8004  >  36840 [ACK] Seq=239110 Ack=144 Win=65024 Len=1448 TSval=2916041781 TSecr=3045561552 [TCP segment of a reassembled PDU]"
"64001","37.700555559","192.168.1.55","192.168.1.2","TCP","1514","8004  >  36840 [ACK] Seq=240558 Ack=144 Win=65024 Len=1448 TSval=2916041781 TSecr=3045561552 [TCP segment of a reassembled PDU]"
"64002","37.700556873","192.168.1.55","192.168.1.2","TCP","1514","8004  >  36840 [ACK] Seq=242006 Ack=144 Win=65024 Len=1448 TSval=2916041781 TSecr=3045561552 [TCP segment of a reassembled PDU]"
"64003","37.700558170","192.168.1.55","192.168.1.2","TCP","1514","8004  >  36840 [PSH, ACK] Seq=243454 Ack=144 Win=65024 Len=1448 TSval=2916041781 TSecr=3045561552 [TCP segment of a reassembled PDU]"
"64004","37.702834248","192.168.1.2","192.168.1.55","TCP","66","36840  >  8004 [ACK] Seq=144 Ack=188430 Win=82944 Len=0 TSval=3045561556 TSecr=2916041777"
"64005","37.702871933","192.168.1.55","192.168.1.2","TCP","1514","8004  >  36840 [ACK] Seq=244902 Ack=144 Win=65024 Len=1448 TSval=2916041783 TSecr=3045561556 [TCP segment of a reassembled PDU]"
"64006","37.702875377","192.168.1.55","192.168.1.2","TCP","1514","8004  >  36840 [ACK] Seq=246350 Ack=144 Win=65024 Len=1448 TSval=2916041783 TSecr=3045561556 [TCP segment of a reassembled PDU]"
"64007","37.702876840","192.168.1.55","192.168.1.2","TCP","1514","8004  >  36840 [ACK] Seq=247798 Ack=144 Win=65024 Len=1448 TSval=2916041783 TSecr=3045561556 [TCP segment of a reassembled PDU]"
"64008","37.702878211","192.168.1.55","192.168.1.2","TCP","1514","8004  >  36840 [ACK] Seq=249246 Ack=144 Win=65024 Len=1448 TSval=2916041783 TSecr=3045561556 [TCP segment of a reassembled PDU]"
"64009","37.702879544","192.168.1.55","192.168.1.2","TCP","1514","8004  >  36840 [ACK] Seq=250694 Ack=144 Win=65024 Len=1448 TSval=2916041783 TSecr=3045561556 [TCP segment of a reassembled PDU]"
"64010","37.702880951","192.168.1.55","192.168.1.2","TCP","1514","8004  >  36840 [ACK] Seq=252142 Ack=144 Win=65024 Len=1448 TSval=2916041783 TSecr=3045561556 [TCP segment of a reassembled PDU]"
"64011","37.702882248","192.168.1.55","192.168.1.2","TCP","1514","8004  >  36840 [ACK] Seq=253590 Ack=144 Win=65024 Len=1448 TSval=2916041783 TSecr=3045561556 [TCP segment of a reassembled PDU]"
"64012","37.702883618","192.168.1.55","192.168.1.2","TCP","1514","8004  >  36840 [ACK] Seq=255038 Ack=144 Win=65024 Len=1448 TSval=2916041783 TSecr=3045561556 [TCP segment of a reassembled PDU]"
"64013","37.702884914","192.168.1.55","192.168.1.2","TCP","1514","8004  >  36840 [ACK] Seq=256486 Ack=144 Win=65024 Len=1448 TSval=2916041783 TSecr=3045561556 [TCP segment of a reassembled PDU]"
"64014","37.702886099","192.168.1.55","192.168.1.2","TCP","1514","8004  >  36840 [ACK] Seq=257934 Ack=144 Win=65024 Len=1448 TSval=2916041783 TSecr=3045561556 [TCP segment of a reassembled PDU]"
"64015","37.702887414","192.168.1.55","192.168.1.2","TCP","1514","8004  >  36840 [ACK] Seq=259382 Ack=144 Win=65024 Len=1448 TSval=2916041783 TSecr=3045561556 [TCP segment of a reassembled PDU]"
"64016","37.702888729","192.168.1.55","192.168.1.2","TCP","1514","8004  >  36840 [ACK] Seq=260830 Ack=144 Win=65024 Len=1448 TSval=2916041783 TSecr=3045561556 [TCP segment of a reassembled PDU]"
"64017","37.702889951","192.168.1.55","192.168.1.2","TCP","1514","8004  >  36840 [ACK] Seq=262278 Ack=144 Win=65024 Len=1448 TSval=2916041783 TSecr=3045561556 [TCP segment of a reassembled PDU]"
"64018","37.702891285","192.168.1.55","192.168.1.2","TCP","1514","8004  >  36840 [ACK] Seq=263726 Ack=144 Win=65024 Len=1448 TSval=2916041783 TSecr=3045561556 [TCP segment of a reassembled PDU]"
"64019","37.702892618","192.168.1.55","192.168.1.2","TCP","1514","8004  >  36840 [ACK] Seq=265174 Ack=144 Win=65024 Len=1448 TSval=2916041783 TSecr=3045561556 [TCP segment of a reassembled PDU]"
"64020","37.702893951","192.168.1.55","192.168.1.2","TCP","1514","8004  >  36840 [ACK] Seq=266622 Ack=144 Win=65024 Len=1448 TSval=2916041783 TSecr=3045561556 [TCP segment of a reassembled PDU]"
"64021","37.702895192","192.168.1.55","192.168.1.2","TCP","1514","8004  >  36840 [ACK] Seq=268070 Ack=144 Win=65024 Len=1448 TSval=2916041783 TSecr=3045561556 [TCP segment of a reassembled PDU]"
"64022","37.702896396","192.168.1.55","192.168.1.2","TCP","1514","8004  >  36840 [ACK] Seq=269518 Ack=144 Win=65024 Len=1448 TSval=2916041783 TSecr=3045561556 [TCP segment of a reassembled PDU]"
"64023","37.702897636","192.168.1.55","192.168.1.2","TCP","474","[TCP Window Full] 8004  >  36840 [PSH, ACK] Seq=270966 Ack=144 Win=65024 Len=408 TSval=2916041783 TSecr=3045561556 [TCP segment of a reassembled PDU]"
"64024","37.702989822","192.168.1.2","192.168.1.55","TCP","66","36840  >  8004 [ACK] Seq=144 Ack=202910 Win=69632 Len=0 TSval=3045561556 TSecr=2916041777"
"64025","37.702998433","192.168.1.2","192.168.1.55","TCP","66","36840  >  8004 [ACK] Seq=144 Ack=218838 Win=80896 Len=0 TSval=3045561556 TSecr=2916041777"
"64026","37.703014581","192.168.1.55","192.168.1.2","TCP","1514","8004  >  36840 [ACK] Seq=271374 Ack=144 Win=65024 Len=1448 TSval=2916041783 TSecr=3045561556 [TCP segment of a reassembled PDU]"
"64027","37.703016248","192.168.1.55","192.168.1.2","TCP","1514","8004  >  36840 [ACK] Seq=272822 Ack=144 Win=65024 Len=1448 TSval=2916041783 TSecr=3045561556 [TCP segment of a reassembled PDU]"
"64028","37.703017600","192.168.1.55","192.168.1.2","TCP","1514","8004  >  36840 [ACK] Seq=274270 Ack=144 Win=65024 Len=1448 TSval=2916041783 TSecr=3045561556 [TCP segment of a reassembled PDU]"
"64029","37.703018822","192.168.1.55","192.168.1.2","TCP","1514","8004  >  36840 [ACK] Seq=275718 Ack=144 Win=65024 Len=1448 TSval=2916041783 TSecr=3045561556 [TCP segment of a reassembled PDU]"
"64030","37.703020137","192.168.1.55","192.168.1.2","TCP","1514","8004  >  36840 [ACK] Seq=277166 Ack=144 Win=65024 Len=1448 TSval=2916041783 TSecr=3045561556 [TCP segment of a reassembled PDU]"
"64031","37.703021359","192.168.1.55","192.168.1.2","TCP","1514","8004  >  36840 [ACK] Seq=278614 Ack=144 Win=65024 Len=1448 TSval=2916041783 TSecr=3045561556 [TCP segment of a reassembled PDU]"
"64032","37.703022581","192.168.1.55","192.168.1.2","TCP","1514","8004  >  36840 [ACK] Seq=280062 Ack=144 Win=65024 Len=1448 TSval=2916041783 TSecr=3045561556 [TCP segment of a reassembled PDU]"
"64033","37.703024044","192.168.1.55","192.168.1.2","TCP","1514","8004  >  36840 [ACK] Seq=281510 Ack=144 Win=65024 Len=1448 TSval=2916041783 TSecr=3045561556 [TCP segment of a reassembled PDU]"
"64034","37.703025322","192.168.1.55","192.168.1.2","TCP","1514","8004  >  36840 [ACK] Seq=282958 Ack=144 Win=65024 Len=1448 TSval=2916041783 TSecr=3045561556 [TCP segment of a reassembled PDU]"
"64035","37.703026618","192.168.1.55","192.168.1.2","TCP","1514","8004  >  36840 [PSH, ACK] Seq=284406 Ack=144 Win=65024 Len=1448 TSval=2916041783 TSecr=3045561556 [TCP segment of a reassembled PDU]"
"64036","37.703031933","192.168.1.55","192.168.1.2","TCP","1106","8004  >  36840 [ACK] Seq=285854 Ack=144 Win=65024 Len=1040 TSval=2916041783 TSecr=3045561556 [TCP segment of a reassembled PDU]"
"64037","37.703035748","192.168.1.2","192.168.1.55","TCP","66","36840  >  8004 [ACK] Seq=144 Ack=220286 Win=94208 Len=0 TSval=3045561557 TSecr=2916041777"
"64038","37.703063581","192.168.1.55","192.168.1.2","TCP","1514","8004  >  36840 [ACK] Seq=286894 Ack=144 Win=65024 Len=1448 TSval=2916041783 TSecr=3045561557 [TCP segment of a reassembled PDU]"
"64039","37.703065618","192.168.1.55","192.168.1.2","TCP","1514","8004  >  36840 [ACK] Seq=288342 Ack=144 Win=65024 Len=1448 TSval=2916041783 TSecr=3045561557 [TCP segment of a reassembled PDU]"
"64040","37.703066989","192.168.1.55","192.168.1.2","TCP","1514","8004  >  36840 [ACK] Seq=289790 Ack=144 Win=65024 Len=1448 TSval=2916041783 TSecr=3045561557 [TCP segment of a reassembled PDU]"
"64041","37.703068322","192.168.1.55","192.168.1.2","TCP","1514","8004  >  36840 [ACK] Seq=291238 Ack=144 Win=65024 Len=1448 TSval=2916041783 TSecr=3045561557 [TCP segment of a reassembled PDU]"
"64042","37.703074433","192.168.1.55","192.168.1.2","TCP","1514","8004  >  36840 [ACK] Seq=292686 Ack=144 Win=65024 Len=1448 TSval=2916041783 TSecr=3045561557 [TCP segment of a reassembled PDU]"
"64043","37.703075915","192.168.1.55","192.168.1.2","TCP","1514","8004  >  36840 [ACK] Seq=294134 Ack=144 Win=65024 Len=1448 TSval=2916041783 TSecr=3045561557 [TCP segment of a reassembled PDU]"
"64044","37.703077248","192.168.1.55","192.168.1.2","TCP","1514","8004  >  36840 [ACK] Seq=295582 Ack=144 Win=65024 Len=1448 TSval=2916041783 TSecr=3045561557 [TCP segment of a reassembled PDU]"
"64045","37.703078600","192.168.1.55","192.168.1.2","TCP","1514","8004  >  36840 [ACK] Seq=297030 Ack=144 Win=65024 Len=1448 TSval=2916041783 TSecr=3045561557 [TCP segment of a reassembled PDU]"
"64046","37.703079822","192.168.1.55","192.168.1.2","TCP","1514","8004  >  36840 [ACK] Seq=298478 Ack=144 Win=65024 Len=1448 TSval=2916041783 TSecr=3045561557 [TCP segment of a reassembled PDU]"
"64047","37.703081063","192.168.1.55","192.168.1.2","TCP","1514","8004  >  36840 [ACK] Seq=299926 Ack=144 Win=65024 Len=1448 TSval=2916041783 TSecr=3045561557 [TCP segment of a reassembled PDU]"
"64048","37.703082340","192.168.1.55","192.168.1.2","TCP","1514","8004  >  36840 [ACK] Seq=301374 Ack=144 Win=65024 Len=1448 TSval=2916041783 TSecr=3045561557 [TCP segment of a reassembled PDU]"
"64049","37.703083581","192.168.1.55","192.168.1.2","TCP","1514","8004  >  36840 [ACK] Seq=302822 Ack=144 Win=65024 Len=1448 TSval=2916041783 TSecr=3045561557 [TCP segment of a reassembled PDU]"
"64050","37.703084822","192.168.1.55","192.168.1.2","TCP","1514","8004  >  36840 [ACK] Seq=304270 Ack=144 Win=65024 Len=1448 TSval=2916041783 TSecr=3045561557 [TCP segment of a reassembled PDU]"
"64051","37.703086303","192.168.1.55","192.168.1.2","TCP","1514","8004  >  36840 [ACK] Seq=305718 Ack=144 Win=65024 Len=1448 TSval=2916041783 TSecr=3045561557 [TCP segment of a reassembled PDU]"
"64052","37.703087674","192.168.1.55","192.168.1.2","TCP","1514","8004  >  36840 [ACK] Seq=307166 Ack=144 Win=65024 Len=1448 TSval=2916041783 TSecr=3045561557 [TCP segment of a reassembled PDU]"
"64053","37.703088933","192.168.1.55","192.168.1.2","TCP","1514","8004  >  36840 [ACK] Seq=308614 Ack=144 Win=65024 Len=1448 TSval=2916041783 TSecr=3045561557 [TCP segment of a reassembled PDU]"
"64054","37.703090266","192.168.1.55","192.168.1.2","TCP","1514","8004  >  36840 [ACK] Seq=310062 Ack=144 Win=65024 Len=1448 TSval=2916041783 TSecr=3045561557 [TCP segment of a reassembled PDU]"
"64055","37.703091526","192.168.1.55","192.168.1.2","TCP","1514","8004  >  36840 [ACK] Seq=311510 Ack=144 Win=65024 Len=1448 TSval=2916041783 TSecr=3045561557 [TCP segment of a reassembled PDU]"
"64056","37.703092748","192.168.1.55","192.168.1.2","TCP","1514","8004  >  36840 [PSH, ACK] Seq=312958 Ack=144 Win=65024 Len=1448 TSval=2916041783 TSecr=3045561557 [TCP segment of a reassembled PDU]"
"64057","37.707581348","192.168.1.2","192.168.1.55","TCP","66","36840  >  8004 [ACK] Seq=144 Ack=234766 Win=94208 Len=0 TSval=3045561559 TSecr=2916041781"
"64058","37.707605552","192.168.1.55","192.168.1.2","TCP","1514","8004  >  36840 [ACK] Seq=314406 Ack=144 Win=65024 Len=1448 TSval=2916041788 TSecr=3045561559 [TCP segment of a reassembled PDU]"
"64059","37.707608329","192.168.1.55","192.168.1.2","TCP","1514","8004  >  36840 [ACK] Seq=315854 Ack=144 Win=65024 Len=1448 TSval=2916041788 TSecr=3045561559 [TCP segment of a reassembled PDU]"
"64060","37.707609700","192.168.1.55","192.168.1.2","TCP","1514","8004  >  36840 [ACK] Seq=317302 Ack=144 Win=65024 Len=1448 TSval=2916041788 TSecr=3045561559 [TCP segment of a reassembled PDU]"
"64061","37.707610996","192.168.1.55","192.168.1.2","TCP","1514","8004  >  36840 [ACK] Seq=318750 Ack=144 Win=65024 Len=1448 TSval=2916041788 TSecr=3045561559 [TCP segment of a reassembled PDU]"
"64062","37.707612792","192.168.1.55","192.168.1.2","TCP","1514","8004  >  36840 [ACK] Seq=320198 Ack=144 Win=65024 Len=1448 TSval=2916041788 TSecr=3045561559 [TCP segment of a reassembled PDU]"
"64063","37.707614163","192.168.1.55","192.168.1.2","TCP","1514","8004  >  36840 [ACK] Seq=321646 Ack=144 Win=65024 Len=1448 TSval=2916041788 TSecr=3045561559 [TCP segment of a reassembled PDU]"
"64064","37.707615496","192.168.1.55","192.168.1.2","TCP","1514","8004  >  36840 [ACK] Seq=323094 Ack=144 Win=65024 Len=1448 TSval=2916041788 TSecr=3045561559 [TCP segment of a reassembled PDU]"
"64065","37.707617144","192.168.1.55","192.168.1.2","TCP","1514","8004  >  36840 [ACK] Seq=324542 Ack=144 Win=65024 Len=1448 TSval=2916041788 TSecr=3045561559 [TCP segment of a reassembled PDU]"
"64066","37.707618515","192.168.1.55","192.168.1.2","TCP","1514","8004  >  36840 [ACK] Seq=325990 Ack=144 Win=65024 Len=1448 TSval=2916041788 TSecr=3045561559 [TCP segment of a reassembled PDU]"
"64067","37.707619811","192.168.1.55","192.168.1.2","TCP","1514","8004  >  36840 [PSH, ACK] Seq=327438 Ack=144 Win=65024 Len=1448 TSval=2916041788 TSecr=3045561559 [TCP segment of a reassembled PDU]"
"64068","37.710583593","192.168.1.2","192.168.1.55","TCP","66","36840  >  8004 [ACK] Seq=144 Ack=244902 Win=99328 Len=0 TSval=3045561563 TSecr=2916041781"
"64069","37.710600019","192.168.1.55","192.168.1.2","TCP","1514","8004  >  36840 [ACK] Seq=328886 Ack=144 Win=65024 Len=1448 TSval=2916041791 TSecr=3045561563 [TCP segment of a reassembled PDU]"
"64070","37.710602649","192.168.1.55","192.168.1.2","TCP","1514","8004  >  36840 [ACK] Seq=330334 Ack=144 Win=65024 Len=1448 TSval=2916041791 TSecr=3045561563 [TCP segment of a reassembled PDU]"
"64071","37.710604019","192.168.1.55","192.168.1.2","TCP","1514","8004  >  36840 [ACK] Seq=331782 Ack=144 Win=65024 Len=1448 TSval=2916041791 TSecr=3045561563 [TCP segment of a reassembled PDU]"
"64072","37.710605390","192.168.1.55","192.168.1.2","TCP","1514","8004  >  36840 [ACK] Seq=333230 Ack=144 Win=65024 Len=1448 TSval=2916041791 TSecr=3045561563 [TCP segment of a reassembled PDU]"
"64073","37.710606760","192.168.1.55","192.168.1.2","TCP","1514","8004  >  36840 [ACK] Seq=334678 Ack=144 Win=65024 Len=1448 TSval=2916041791 TSecr=3045561563 [TCP segment of a reassembled PDU]"
"64074","37.710608353","192.168.1.55","192.168.1.2","TCP","1514","8004  >  36840 [ACK] Seq=336126 Ack=144 Win=65024 Len=1448 TSval=2916041791 TSecr=3045561563 [TCP segment of a reassembled PDU]"
"64075","37.710609649","192.168.1.55","192.168.1.2","TCP","1514","8004  >  36840 [ACK] Seq=337574 Ack=144 Win=65024 Len=1448 TSval=2916041791 TSecr=3045561563 [TCP segment of a reassembled PDU]"
"64076","37.710611093","192.168.1.55","192.168.1.2","TCP","1514","8004  >  36840 [ACK] Seq=339022 Ack=144 Win=65024 Len=1448 TSval=2916041791 TSecr=3045561563 [TCP segment of a reassembled PDU]"
"64077","37.710612408","192.168.1.55","192.168.1.2","TCP","1514","8004  >  36840 [ACK] Seq=340470 Ack=144 Win=65024 Len=1448 TSval=2916041791 TSecr=3045561563 [TCP segment of a reassembled PDU]"
"64078","37.710613723","192.168.1.55","192.168.1.2","TCP","1514","8004  >  36840 [PSH, ACK] Seq=341918 Ack=144 Win=65024 Len=1448 TSval=2916041791 TSecr=3045561563 [TCP segment of a reassembled PDU]"
"64079","37.711100928","192.168.1.2","192.168.1.55","TCP","66","36840  >  8004 [ACK] Seq=144 Ack=271374 Win=99328 Len=0 TSval=3045561563 TSecr=2916041783"
"64080","37.711109094","192.168.1.2","192.168.1.55","TCP","66","36840  >  8004 [ACK] Seq=144 Ack=285854 Win=96256 Len=0 TSval=3045561563 TSecr=2916041783"
"64081","37.711132835","192.168.1.55","192.168.1.2","TCP","1514","8004  >  36840 [ACK] Seq=343366 Ack=144 Win=65024 Len=1448 TSval=2916041791 TSecr=3045561563 [TCP segment of a reassembled PDU]"
"64082","37.711134557","192.168.1.55","192.168.1.2","TCP","1514","8004  >  36840 [ACK] Seq=344814 Ack=144 Win=65024 Len=1448 TSval=2916041791 TSecr=3045561563 [TCP segment of a reassembled PDU]"
"64083","37.711136002","192.168.1.55","192.168.1.2","TCP","1514","8004  >  36840 [ACK] Seq=346262 Ack=144 Win=65024 Len=1448 TSval=2916041791 TSecr=3045561563 [TCP segment of a reassembled PDU]"
"64084","37.711137354","192.168.1.55","192.168.1.2","TCP","1514","8004  >  36840 [ACK] Seq=347710 Ack=144 Win=65024 Len=1448 TSval=2916041791 TSecr=3045561563 [TCP segment of a reassembled PDU]"
"64085","37.711138687","192.168.1.55","192.168.1.2","TCP","1514","8004  >  36840 [ACK] Seq=349158 Ack=144 Win=65024 Len=1448 TSval=2916041791 TSecr=3045561563 [TCP segment of a reassembled PDU]"
"64086","37.711140224","192.168.1.55","192.168.1.2","TCP","1514","8004  >  36840 [ACK] Seq=350606 Ack=144 Win=65024 Len=1448 TSval=2916041791 TSecr=3045561563 [TCP segment of a reassembled PDU]"
"64087","37.711141539","192.168.1.55","192.168.1.2","TCP","1514","8004  >  36840 [ACK] Seq=352054 Ack=144 Win=65024 Len=1448 TSval=2916041791 TSecr=3045561563 [TCP segment of a reassembled PDU]"
"64088","37.711142872","192.168.1.55","192.168.1.2","TCP","1514","8004  >  36840 [ACK] Seq=353502 Ack=144 Win=65024 Len=1448 TSval=2916041791 TSecr=3045561563 [TCP segment of a reassembled PDU]"
"64089","37.711144224","192.168.1.55","192.168.1.2","TCP","1514","8004  >  36840 [ACK] Seq=354950 Ack=144 Win=65024 Len=1448 TSval=2916041791 TSecr=3045561563 [TCP segment of a reassembled PDU]"
"64090","37.711145742","192.168.1.55","192.168.1.2","TCP","1514","8004  >  36840 [ACK] Seq=356398 Ack=144 Win=65024 Len=1448 TSval=2916041791 TSecr=3045561563 [TCP segment of a reassembled PDU]"
"64091","37.711147150","192.168.1.55","192.168.1.2","TCP","1514","8004  >  36840 [ACK] Seq=357846 Ack=144 Win=65024 Len=1448 TSval=2916041791 TSecr=3045561563 [TCP segment of a reassembled PDU]"
"64092","37.711148779","192.168.1.55","192.168.1.2","TCP","1514","8004  >  36840 [ACK] Seq=359294 Ack=144 Win=65024 Len=1448 TSval=2916041791 TSecr=3045561563 [TCP segment of a reassembled PDU]"
"64093","37.711150335","192.168.1.55","192.168.1.2","TCP","1514","8004  >  36840 [ACK] Seq=360742 Ack=144 Win=65024 Len=1448 TSval=2916041791 TSecr=3045561563 [TCP segment of a reassembled PDU]"
"64094","37.711151650","192.168.1.55","192.168.1.2","TCP","1514","8004  >  36840 [ACK] Seq=362190 Ack=144 Win=65024 Len=1448 TSval=2916041791 TSecr=3045561563 [TCP segment of a reassembled PDU]"
"64095","37.711153391","192.168.1.55","192.168.1.2","TCP","1514","8004  >  36840 [ACK] Seq=363638 Ack=144 Win=65024 Len=1448 TSval=2916041791 TSecr=3045561563 [TCP segment of a reassembled PDU]"
"64096","37.711154872","192.168.1.55","192.168.1.2","TCP","1514","8004  >  36840 [ACK] Seq=365086 Ack=144 Win=65024 Len=1448 TSval=2916041791 TSecr=3045561563 [TCP segment of a reassembled PDU]"
"64097","37.711156335","192.168.1.55","192.168.1.2","TCP","1514","8004  >  36840 [ACK] Seq=366534 Ack=144 Win=65024 Len=1448 TSval=2916041791 TSecr=3045561563 [TCP segment of a reassembled PDU]"
"64098","37.711157650","192.168.1.55","192.168.1.2","TCP","1514","8004  >  36840 [ACK] Seq=367982 Ack=144 Win=65024 Len=1448 TSval=2916041791 TSecr=3045561563 [TCP segment of a reassembled PDU]"
"64099","37.711159150","192.168.1.55","192.168.1.2","TCP","1514","8004  >  36840 [PSH, ACK] Seq=369430 Ack=144 Win=65024 Len=1448 TSval=2916041791 TSecr=3045561563 [TCP segment of a reassembled PDU]"
"64100","37.711163761","192.168.1.2","192.168.1.55","TCP","66","36840  >  8004 [ACK] Seq=144 Ack=286894 Win=102400 Len=0 TSval=3045561563 TSecr=2916041783"
"64101","37.711170076","192.168.1.2","192.168.1.55","TCP","66","36840  >  8004 [ACK] Seq=144 Ack=312958 Win=102400 Len=0 TSval=3045561563 TSecr=2916041783"
"64102","37.711205261","192.168.1.55","192.168.1.2","TCP","1514","8004  >  36840 [ACK] Seq=370878 Ack=144 Win=65024 Len=1448 TSval=2916041791 TSecr=3045561563 [TCP segment of a reassembled PDU]"
"64103","37.711207020","192.168.1.55","192.168.1.2","TCP","1514","8004  >  36840 [ACK] Seq=372326 Ack=144 Win=65024 Len=1448 TSval=2916041791 TSecr=3045561563 [TCP segment of a reassembled PDU]"
"64104","37.711208428","192.168.1.55","192.168.1.2","TCP","1514","8004  >  36840 [ACK] Seq=373774 Ack=144 Win=65024 Len=1448 TSval=2916041791 TSecr=3045561563 [TCP segment of a reassembled PDU]"
"64105","37.711209891","192.168.1.55","192.168.1.2","TCP","1514","8004  >  36840 [ACK] Seq=375222 Ack=144 Win=65024 Len=1448 TSval=2916041791 TSecr=3045561563 [TCP segment of a reassembled PDU]"
"64106","37.711211261","192.168.1.55","192.168.1.2","TCP","1514","8004  >  36840 [ACK] Seq=376670 Ack=144 Win=65024 Len=1448 TSval=2916041791 TSecr=3045561563 [TCP segment of a reassembled PDU]"
"64107","37.711212706","192.168.1.55","192.168.1.2","TCP","1514","8004  >  36840 [ACK] Seq=378118 Ack=144 Win=65024 Len=1448 TSval=2916041791 TSecr=3045561563 [TCP segment of a reassembled PDU]"
"64108","37.711214094","192.168.1.55","192.168.1.2","TCP","1514","8004  >  36840 [ACK] Seq=379566 Ack=144 Win=65024 Len=1448 TSval=2916041791 TSecr=3045561563 [TCP segment of a reassembled PDU]"
"64109","37.711215465","192.168.1.55","192.168.1.2","TCP","1514","8004  >  36840 [ACK] Seq=381014 Ack=144 Win=65024 Len=1448 TSval=2916041791 TSecr=3045561563 [TCP segment of a reassembled PDU]"
"64110","37.711216798","192.168.1.55","192.168.1.2","TCP","1514","8004  >  36840 [ACK] Seq=382462 Ack=144 Win=65024 Len=1448 TSval=2916041791 TSecr=3045561563 [TCP segment of a reassembled PDU]"
"64111","37.711218243","192.168.1.55","192.168.1.2","TCP","1514","8004  >  36840 [ACK] Seq=383910 Ack=144 Win=65024 Len=1448 TSval=2916041791 TSecr=3045561563 [TCP segment of a reassembled PDU]"
"64112","37.711219594","192.168.1.55","192.168.1.2","TCP","1514","8004  >  36840 [ACK] Seq=385358 Ack=144 Win=65024 Len=1448 TSval=2916041791 TSecr=3045561563 [TCP segment of a reassembled PDU]"
"64113","37.711221002","192.168.1.55","192.168.1.2","TCP","1514","8004  >  36840 [ACK] Seq=386806 Ack=144 Win=65024 Len=1448 TSval=2916041791 TSecr=3045561563 [TCP segment of a reassembled PDU]"
"64114","37.711222243","192.168.1.55","192.168.1.2","TCP","1514","8004  >  36840 [ACK] Seq=388254 Ack=144 Win=65024 Len=1448 TSval=2916041791 TSecr=3045561563 [TCP segment of a reassembled PDU]"
"64115","37.711223520","192.168.1.55","192.168.1.2","TCP","1514","8004  >  36840 [ACK] Seq=389702 Ack=144 Win=65024 Len=1448 TSval=2916041791 TSecr=3045561563 [TCP segment of a reassembled PDU]"
"64116","37.711224909","192.168.1.55","192.168.1.2","TCP","1514","8004  >  36840 [ACK] Seq=391150 Ack=144 Win=65024 Len=1448 TSval=2916041791 TSecr=3045561563 [TCP segment of a reassembled PDU]"
"64117","37.711226131","192.168.1.55","192.168.1.2","TCP","1514","8004  >  36840 [ACK] Seq=392598 Ack=144 Win=65024 Len=1448 TSval=2916041791 TSecr=3045561563 [TCP segment of a reassembled PDU]"
"64118","37.711227576","192.168.1.55","192.168.1.2","TCP","1514","8004  >  36840 [ACK] Seq=394046 Ack=144 Win=65024 Len=1448 TSval=2916041791 TSecr=3045561563 [TCP segment of a reassembled PDU]"
"64119","37.711229057","192.168.1.55","192.168.1.2","TCP","1514","8004  >  36840 [ACK] Seq=395494 Ack=144 Win=65024 Len=1448 TSval=2916041791 TSecr=3045561563 [TCP segment of a reassembled PDU]"
"64120","37.711230354","192.168.1.55","192.168.1.2","TCP","1514","8004  >  36840 [ACK] Seq=396942 Ack=144 Win=65024 Len=1448 TSval=2916041791 TSecr=3045561563 [TCP segment of a reassembled PDU]"
"64121","37.711231706","192.168.1.55","192.168.1.2","TCP","1514","8004  >  36840 [ACK] Seq=398390 Ack=144 Win=65024 Len=1448 TSval=2916041791 TSecr=3045561563 [TCP segment of a reassembled PDU]"
"64122","37.711233002","192.168.1.55","192.168.1.2","TCP","1514","8004  >  36840 [ACK] Seq=399838 Ack=144 Win=65024 Len=1448 TSval=2916041791 TSecr=3045561563 [TCP segment of a reassembled PDU]"
"64123","37.711234372","192.168.1.55","192.168.1.2","TCP","1514","8004  >  36840 [ACK] Seq=401286 Ack=144 Win=65024 Len=1448 TSval=2916041791 TSecr=3045561563 [TCP segment of a reassembled PDU]"
"64124","37.711235669","192.168.1.55","192.168.1.2","TCP","1514","8004  >  36840 [ACK] Seq=402734 Ack=144 Win=65024 Len=1448 TSval=2916041791 TSecr=3045561563 [TCP segment of a reassembled PDU]"
"64125","37.711236965","192.168.1.55","192.168.1.2","TCP","1514","8004  >  36840 [ACK] Seq=404182 Ack=144 Win=65024 Len=1448 TSval=2916041791 TSecr=3045561563 [TCP segment of a reassembled PDU]"
"64126","37.711238354","192.168.1.55","192.168.1.2","TCP","1514","8004  >  36840 [ACK] Seq=405630 Ack=144 Win=65024 Len=1448 TSval=2916041791 TSecr=3045561563 [TCP segment of a reassembled PDU]"
"64127","37.711239631","192.168.1.55","192.168.1.2","TCP","1514","8004  >  36840 [ACK] Seq=407078 Ack=144 Win=65024 Len=1448 TSval=2916041791 TSecr=3045561563 [TCP segment of a reassembled PDU]"
"64128","37.711240891","192.168.1.55","192.168.1.2","TCP","1514","8004  >  36840 [ACK] Seq=408526 Ack=144 Win=65024 Len=1448 TSval=2916041791 TSecr=3045561563 [TCP segment of a reassembled PDU]"
"64129","37.711242409","192.168.1.55","192.168.1.2","TCP","1514","8004  >  36840 [ACK] Seq=409974 Ack=144 Win=65024 Len=1448 TSval=2916041791 TSecr=3045561563 [TCP segment of a reassembled PDU]"
"64130","37.711243706","192.168.1.55","192.168.1.2","TCP","1514","8004  >  36840 [ACK] Seq=411422 Ack=144 Win=65024 Len=1448 TSval=2916041791 TSecr=3045561563 [TCP segment of a reassembled PDU]"
"64131","37.711245187","192.168.1.55","192.168.1.2","TCP","1514","8004  >  36840 [PSH, ACK] Seq=412870 Ack=144 Win=65024 Len=1448 TSval=2916041791 TSecr=3045561563 [TCP segment of a reassembled PDU]"
"64132","37.713146579","192.168.1.2","192.168.1.55","TCP","66","36840  >  8004 [ACK] Seq=144 Ack=314406 Win=105472 Len=0 TSval=3045561564 TSecr=2916041783"
"64133","37.713160616","192.168.1.55","192.168.1.2","TCP","1514","8004  >  36840 [ACK] Seq=414318 Ack=144 Win=65024 Len=1448 TSval=2916041793 TSecr=3045561564 [TCP segment of a reassembled PDU]"
"64134","37.713162616","192.168.1.55","192.168.1.2","TCP","1514","8004  >  36840 [ACK] Seq=415766 Ack=144 Win=65024 Len=1448 TSval=2916041793 TSecr=3045561564 [TCP segment of a reassembled PDU]"
"64135","37.713163986","192.168.1.55","192.168.1.2","TCP","1514","8004  >  36840 [ACK] Seq=417214 Ack=144 Win=65024 Len=1448 TSval=2916041793 TSecr=3045561564 [TCP segment of a reassembled PDU]"
"64136","37.713165264","192.168.1.55","192.168.1.2","TCP","1282","[TCP Window Full] 8004  >  36840 [PSH, ACK] Seq=418662 Ack=144 Win=65024 Len=1216 TSval=2916041793 TSecr=3045561564 [TCP segment of a reassembled PDU]"
"64137","37.713208227","192.168.1.2","192.168.1.55","TCP","66","36840  >  8004 [ACK] Seq=144 Ack=328886 Win=118784 Len=0 TSval=3045561566 TSecr=2916041788"
"64138","37.713234857","192.168.1.55","192.168.1.2","TCP","1514","8004  >  36840 [ACK] Seq=419878 Ack=144 Win=65024 Len=1448 TSval=2916041793 TSecr=3045561566 [TCP segment of a reassembled PDU]"
"64139","37.713236579","192.168.1.55","192.168.1.2","TCP","1514","8004  >  36840 [ACK] Seq=421326 Ack=144 Win=65024 Len=1448 TSval=2916041793 TSecr=3045561566 [TCP segment of a reassembled PDU]"
"64140","37.713237913","192.168.1.55","192.168.1.2","TCP","1514","8004  >  36840 [ACK] Seq=422774 Ack=144 Win=65024 Len=1448 TSval=2916041793 TSecr=3045561566 [TCP segment of a reassembled PDU]"
"64141","37.713239301","192.168.1.55","192.168.1.2","TCP","1514","8004  >  36840 [ACK] Seq=424222 Ack=144 Win=65024 Len=1448 TSval=2916041793 TSecr=3045561566 [TCP segment of a reassembled PDU]"
"64142","37.713240727","192.168.1.55","192.168.1.2","TCP","1514","8004  >  36840 [ACK] Seq=425670 Ack=144 Win=65024 Len=1448 TSval=2916041793 TSecr=3045561566 [TCP segment of a reassembled PDU]"
"64143","37.713242413","192.168.1.55","192.168.1.2","TCP","1514","8004  >  36840 [ACK] Seq=427118 Ack=144 Win=65024 Len=1448 TSval=2916041793 TSecr=3045561566 [TCP segment of a reassembled PDU]"
"64144","37.713243894","192.168.1.55","192.168.1.2","TCP","1514","8004  >  36840 [ACK] Seq=428566 Ack=144 Win=65024 Len=1448 TSval=2916041793 TSecr=3045561566 [TCP segment of a reassembled PDU]"
"64145","37.713245283","192.168.1.55","192.168.1.2","TCP","1514","8004  >  36840 [ACK] Seq=430014 Ack=144 Win=65024 Len=1448 TSval=2916041793 TSecr=3045561566 [TCP segment of a reassembled PDU]"
"64146","37.713246950","192.168.1.55","192.168.1.2","TCP","1514","8004  >  36840 [ACK] Seq=431462 Ack=144 Win=65024 Len=1448 TSval=2916041793 TSecr=3045561566 [TCP segment of a reassembled PDU]"
"64147","37.713248357","192.168.1.55","192.168.1.2","TCP","1514","8004  >  36840 [ACK] Seq=432910 Ack=144 Win=65024 Len=1448 TSval=2916041793 TSecr=3045561566 [TCP segment of a reassembled PDU]"
"64148","37.713249616","192.168.1.55","192.168.1.2","TCP","1514","8004  >  36840 [ACK] Seq=434358 Ack=144 Win=65024 Len=1448 TSval=2916041793 TSecr=3045561566 [TCP segment of a reassembled PDU]"
"64149","37.713250987","192.168.1.55","192.168.1.2","TCP","1514","8004  >  36840 [ACK] Seq=435806 Ack=144 Win=65024 Len=1448 TSval=2916041793 TSecr=3045561566 [TCP segment of a reassembled PDU]"
"64150","37.713252450","192.168.1.55","192.168.1.2","TCP","1514","8004  >  36840 [ACK] Seq=437254 Ack=144 Win=65024 Len=1448 TSval=2916041793 TSecr=3045561566 [TCP segment of a reassembled PDU]"
"64151","37.713253931","192.168.1.55","192.168.1.2","TCP","1514","8004  >  36840 [ACK] Seq=438702 Ack=144 Win=65024 Len=1448 TSval=2916041793 TSecr=3045561566 [TCP segment of a reassembled PDU]"
"64152","37.713255301","192.168.1.55","192.168.1.2","TCP","1514","8004  >  36840 [ACK] Seq=440150 Ack=144 Win=65024 Len=1448 TSval=2916041793 TSecr=3045561566 [TCP segment of a reassembled PDU]"
"64153","37.713257024","192.168.1.55","192.168.1.2","TCP","1514","8004  >  36840 [ACK] Seq=441598 Ack=144 Win=65024 Len=1448 TSval=2916041793 TSecr=3045561566 [TCP segment of a reassembled PDU]"
"64154","37.713258598","192.168.1.55","192.168.1.2","TCP","1514","8004  >  36840 [ACK] Seq=443046 Ack=144 Win=65024 Len=1448 TSval=2916041793 TSecr=3045561566 [TCP segment of a reassembled PDU]"
"64155","37.713259913","192.168.1.55","192.168.1.2","TCP","1514","8004  >  36840 [ACK] Seq=444494 Ack=144 Win=65024 Len=1448 TSval=2916041793 TSecr=3045561566 [TCP segment of a reassembled PDU]"
"64156","37.713261320","192.168.1.55","192.168.1.2","TCP","1514","8004  >  36840 [PSH, ACK] Seq=445942 Ack=144 Win=65024 Len=1448 TSval=2916041793 TSecr=3045561566 [TCP segment of a reassembled PDU]"
"64157","37.713540320","192.168.1.2","192.168.1.55","TCP","66","36840  >  8004 [ACK] Seq=144 Ack=343366 Win=118784 Len=0 TSval=3045561569 TSecr=2916041791"
"64158","37.713555746","192.168.1.55","192.168.1.2","TCP","1514","8004  >  36840 [ACK] Seq=447390 Ack=144 Win=65024 Len=1448 TSval=2916041794 TSecr=3045561569 [TCP segment of a reassembled PDU]"
"64159","37.713558246","192.168.1.55","192.168.1.2","TCP","1514","8004  >  36840 [ACK] Seq=448838 Ack=144 Win=65024 Len=1448 TSval=2916041794 TSecr=3045561569 [TCP segment of a reassembled PDU]"
"64160","37.713559746","192.168.1.55","192.168.1.2","TCP","1514","8004  >  36840 [ACK] Seq=450286 Ack=144 Win=65024 Len=1448 TSval=2916041794 TSecr=3045561569 [TCP segment of a reassembled PDU]"
"64161","37.713561043","192.168.1.55","192.168.1.2","TCP","1514","8004  >  36840 [ACK] Seq=451734 Ack=144 Win=65024 Len=1448 TSval=2916041794 TSecr=3045561569 [TCP segment of a reassembled PDU]"
"64162","37.713562413","192.168.1.55","192.168.1.2","TCP","1514","8004  >  36840 [ACK] Seq=453182 Ack=144 Win=65024 Len=1448 TSval=2916041794 TSecr=3045561569 [TCP segment of a reassembled PDU]"
"64163","37.713563839","192.168.1.55","192.168.1.2","TCP","1514","8004  >  36840 [ACK] Seq=454630 Ack=144 Win=65024 Len=1448 TSval=2916041794 TSecr=3045561569 [TCP segment of a reassembled PDU]"
"64164","37.713565135","192.168.1.55","192.168.1.2","TCP","1514","8004  >  36840 [PSH, ACK] Seq=456078 Ack=144 Win=65024 Len=1448 TSval=2916041794 TSecr=3045561569 [TCP segment of a reassembled PDU]"
"64165","37.713570969","192.168.1.55","192.168.1.2","TCP","298","8004  >  36840 [PSH, ACK] Seq=457526 Ack=144 Win=65024 Len=232 TSval=2916041794 TSecr=3045561569 [TCP segment of a reassembled PDU]"
"64166","37.713578209","192.168.1.55","192.168.1.2","TCP","1514","8004  >  36840 [ACK] Seq=457758 Ack=144 Win=65024 Len=1448 TSval=2916041794 TSecr=3045561569 [TCP segment of a reassembled PDU]"
"64167","37.713579617","192.168.1.55","192.168.1.2","TCP","1514","8004  >  36840 [ACK] Seq=459206 Ack=144 Win=65024 Len=1448 TSval=2916041794 TSecr=3045561569 [TCP segment of a reassembled PDU]"
"64168","37.713580987","192.168.1.55","192.168.1.2","TCP","1514","8004  >  36840 [PSH, ACK] Seq=460654 Ack=144 Win=65024 Len=1448 TSval=2916041794 TSecr=3045561569 [TCP segment of a reassembled PDU]"
"64169","37.720707610","192.168.1.2","192.168.1.55","TCP","66","36840  >  8004 [ACK] Seq=144 Ack=370878 Win=118784 Len=0 TSval=3045561575 TSecr=2916041791"
"64170","37.720732554","192.168.1.55","192.168.1.2","TCP","1514","8004  >  36840 [ACK] Seq=462102 Ack=144 Win=65024 Len=1448 TSval=2916041801 TSecr=3045561575 [TCP segment of a reassembled PDU]"
"64171","37.720734925","192.168.1.55","192.168.1.2","TCP","1514","8004  >  36840 [ACK] Seq=463550 Ack=144 Win=65024 Len=1448 TSval=2916041801 TSecr=3045561575 [TCP segment of a reassembled PDU]"
"64172","37.720736221","192.168.1.55","192.168.1.2","TCP","1514","8004  >  36840 [ACK] Seq=464998 Ack=144 Win=65024 Len=1448 TSval=2916041801 TSecr=3045561575 [TCP segment of a reassembled PDU]"
"64173","37.720737499","192.168.1.55","192.168.1.2","TCP","1514","8004  >  36840 [ACK] Seq=466446 Ack=144 Win=65024 Len=1448 TSval=2916041801 TSecr=3045561575 [TCP segment of a reassembled PDU]"
"64174","37.720738980","192.168.1.55","192.168.1.2","TCP","1514","8004  >  36840 [ACK] Seq=467894 Ack=144 Win=65024 Len=1448 TSval=2916041801 TSecr=3045561575 [TCP segment of a reassembled PDU]"
"64175","37.720740258","192.168.1.55","192.168.1.2","TCP","1514","8004  >  36840 [ACK] Seq=469342 Ack=144 Win=65024 Len=1448 TSval=2916041801 TSecr=3045561575 [TCP segment of a reassembled PDU]"
"64176","37.720741628","192.168.1.55","192.168.1.2","TCP","1514","8004  >  36840 [ACK] Seq=470790 Ack=144 Win=65024 Len=1448 TSval=2916041801 TSecr=3045561575 [TCP segment of a reassembled PDU]"
"64177","37.720743128","192.168.1.55","192.168.1.2","TCP","1514","8004  >  36840 [ACK] Seq=472238 Ack=144 Win=65024 Len=1448 TSval=2916041801 TSecr=3045561575 [TCP segment of a reassembled PDU]"
"64178","37.720744406","192.168.1.55","192.168.1.2","TCP","1514","8004  >  36840 [ACK] Seq=473686 Ack=144 Win=65024 Len=1448 TSval=2916041801 TSecr=3045561575 [TCP segment of a reassembled PDU]"
"64179","37.720745814","192.168.1.55","192.168.1.2","TCP","1514","8004  >  36840 [ACK] Seq=475134 Ack=144 Win=65024 Len=1448 TSval=2916041801 TSecr=3045561575 [TCP segment of a reassembled PDU]"
"64180","37.720747091","192.168.1.55","192.168.1.2","TCP","1514","8004  >  36840 [ACK] Seq=476582 Ack=144 Win=65024 Len=1448 TSval=2916041801 TSecr=3045561575 [TCP segment of a reassembled PDU]"
"64181","37.720748388","192.168.1.55","192.168.1.2","TCP","1514","8004  >  36840 [ACK] Seq=478030 Ack=144 Win=65024 Len=1448 TSval=2916041801 TSecr=3045561575 [TCP segment of a reassembled PDU]"
"64182","37.720749758","192.168.1.55","192.168.1.2","TCP","1514","8004  >  36840 [ACK] Seq=479478 Ack=144 Win=65024 Len=1448 TSval=2916041801 TSecr=3045561575 [TCP segment of a reassembled PDU]"
"64183","37.720751202","192.168.1.55","192.168.1.2","TCP","1514","8004  >  36840 [ACK] Seq=480926 Ack=144 Win=65024 Len=1448 TSval=2916041801 TSecr=3045561575 [TCP segment of a reassembled PDU]"
"64184","37.720752610","192.168.1.55","192.168.1.2","TCP","1514","8004  >  36840 [ACK] Seq=482374 Ack=144 Win=65024 Len=1448 TSval=2916041801 TSecr=3045561575 [TCP segment of a reassembled PDU]"
"64185","37.720754036","192.168.1.55","192.168.1.2","TCP","1514","8004  >  36840 [ACK] Seq=483822 Ack=144 Win=65024 Len=1448 TSval=2916041801 TSecr=3045561575 [TCP segment of a reassembled PDU]"
"64186","37.720755351","192.168.1.55","192.168.1.2","TCP","1514","8004  >  36840 [ACK] Seq=485270 Ack=144 Win=65024 Len=1448 TSval=2916041801 TSecr=3045561575 [TCP segment of a reassembled PDU]"
"64187","37.720756795","192.168.1.55","192.168.1.2","TCP","1514","8004  >  36840 [ACK] Seq=486718 Ack=144 Win=65024 Len=1448 TSval=2916041801 TSecr=3045561575 [TCP segment of a reassembled PDU]"
"64188","37.720758202","192.168.1.55","192.168.1.2","TCP","1514","8004  >  36840 [PSH, ACK] Seq=488166 Ack=144 Win=65024 Len=1448 TSval=2916041801 TSecr=3045561575 [TCP segment of a reassembled PDU]"
"64189","37.721556852","192.168.1.2","192.168.1.55","TCP","66","36840  >  8004 [ACK] Seq=144 Ack=414318 Win=93184 Len=0 TSval=3045561575 TSecr=2916041791"
"64190","37.721586185","192.168.1.55","192.168.1.2","TCP","1514","8004  >  36840 [ACK] Seq=489614 Ack=144 Win=65024 Len=1448 TSval=2916041802 TSecr=3045561575 [TCP segment of a reassembled PDU]"
"64191","37.721588222","192.168.1.55","192.168.1.2","TCP","1514","8004  >  36840 [ACK] Seq=491062 Ack=144 Win=65024 Len=1448 TSval=2916041802 TSecr=3045561575 [TCP segment of a reassembled PDU]"
"64192","37.721589593","192.168.1.55","192.168.1.2","TCP","1514","8004  >  36840 [ACK] Seq=492510 Ack=144 Win=65024 Len=1448 TSval=2916041802 TSecr=3045561575 [TCP segment of a reassembled PDU]"
"64193","37.721591037","192.168.1.55","192.168.1.2","TCP","1514","8004  >  36840 [ACK] Seq=493958 Ack=144 Win=65024 Len=1448 TSval=2916041802 TSecr=3045561575 [TCP segment of a reassembled PDU]"
"64194","37.721592315","192.168.1.55","192.168.1.2","TCP","1514","8004  >  36840 [ACK] Seq=495406 Ack=144 Win=65024 Len=1448 TSval=2916041802 TSecr=3045561575 [TCP segment of a reassembled PDU]"
"64195","37.721593611","192.168.1.55","192.168.1.2","TCP","1514","8004  >  36840 [PSH, ACK] Seq=496854 Ack=144 Win=65024 Len=1448 TSval=2916041802 TSecr=3045561575 [TCP segment of a reassembled PDU]"
"64196","37.721598130","192.168.1.55","192.168.1.2","HTTP","222","HTTP/1.0 200 OK  (PNG)"
"64197","37.721602093","192.168.1.2","192.168.1.55","TCP","66","36840  >  8004 [ACK] Seq=144 Ack=419878 Win=115712 Len=0 TSval=3045561576 TSecr=2916041793"
"64198","37.721608056","192.168.1.2","192.168.1.55","TCP","66","36840  >  8004 [ACK] Seq=144 Ack=447390 Win=118784 Len=0 TSval=3045561576 TSecr=2916041793"
"64199","37.721614056","192.168.1.2","192.168.1.55","TCP","66","36840  >  8004 [ACK] Seq=144 Ack=457758 Win=118784 Len=0 TSval=3045561576 TSecr=2916041794"
"64200","37.721644834","192.168.1.2","192.168.1.55","TCP","66","36840  >  8004 [ACK] Seq=144 Ack=462102 Win=126976 Len=0 TSval=3045561576 TSecr=2916041794"
"64201","37.724753913","192.168.1.2","192.168.1.55","TCP","66","36840  >  8004 [ACK] Seq=144 Ack=489614 Win=134144 Len=0 TSval=3045561580 TSecr=2916041801"
"64202","37.724864561","192.168.1.2","192.168.1.55","TCP","66","36840  >  8004 [ACK] Seq=144 Ack=498302 Win=125952 Len=0 TSval=3045561580 TSecr=2916041802"
"64203","37.726324841","192.168.1.2","192.168.1.55","TCP","66","36840  >  8004 [FIN, ACK] Seq=144 Ack=498459 Win=137216 Len=0 TSval=3045561580 TSecr=2916041802"
"64204","37.726335637","192.168.1.55","192.168.1.2","TCP","66","8004  >  36840 [ACK] Seq=498459 Ack=145 Win=65024 Len=0 TSval=2916041807 TSecr=3045561580"
"64205","37.726377508","192.168.1.2","192.168.1.55","TCP","74","36856  >  8004 [SYN] Seq=0 Win=64240 Len=0 MSS=1460 SACK_PERM TSval=3045561581 TSecr=0 WS=1024"
"64206","37.726402619","192.168.1.55","192.168.1.2","TCP","74","8004  >  36856 [SYN, ACK] Seq=0 Ack=1 Win=65160 Len=0 MSS=1460 SACK_PERM TSval=2916041807 TSecr=3045561581 WS=128"
"64207","37.730030143","192.168.1.2","192.168.1.55","TCP","66","36856  >  8004 [ACK] Seq=1 Ack=1 Win=64512 Len=0 TSval=3045561584 TSecr=2916041807"
"64208","37.733238723","192.168.1.2","192.168.1.55","HTTP","206","GET /stego_benchmark.png HTTP/1.1 "
"64209","37.733249704","192.168.1.55","192.168.1.2","TCP","66","8004  >  36856 [ACK] Seq=1 Ack=141 Win=65024 Len=0 TSval=2916041813 TSecr=3045561585"
"64210","37.733741094","192.168.1.55","192.168.1.2","TCP","255","8004  >  36856 [PSH, ACK] Seq=1 Ack=141 Win=65024 Len=189 TSval=2916041814 TSecr=3045561585 [TCP segment of a reassembled PDU]"
"64211","37.733831798","192.168.1.55","192.168.1.2","TCP","1514","8004  >  36856 [ACK] Seq=190 Ack=141 Win=65024 Len=1448 TSval=2916041814 TSecr=3045561585 [TCP segment of a reassembled PDU]"
"64212","37.733836613","192.168.1.55","192.168.1.2","TCP","1514","8004  >  36856 [ACK] Seq=1638 Ack=141 Win=65024 Len=1448 TSval=2916041814 TSecr=3045561585 [TCP segment of a reassembled PDU]"
"64213","37.733838261","192.168.1.55","192.168.1.2","TCP","1514","8004  >  36856 [ACK] Seq=3086 Ack=141 Win=65024 Len=1448 TSval=2916041814 TSecr=3045561585 [TCP segment of a reassembled PDU]"
"64214","37.733839742","192.168.1.55","192.168.1.2","TCP","1514","8004  >  36856 [ACK] Seq=4534 Ack=141 Win=65024 Len=1448 TSval=2916041814 TSecr=3045561585 [TCP segment of a reassembled PDU]"
"64215","37.733841613","192.168.1.55","192.168.1.2","TCP","1514","8004  >  36856 [PSH, ACK] Seq=5982 Ack=141 Win=65024 Len=1448 TSval=2916041814 TSecr=3045561585 [TCP segment of a reassembled PDU]"
"64216","37.733860798","192.168.1.55","192.168.1.2","TCP","1514","8004  >  36856 [ACK] Seq=7430 Ack=141 Win=65024 Len=1448 TSval=2916041814 TSecr=3045561585 [TCP segment of a reassembled PDU]"
"64217","37.733862539","192.168.1.55","192.168.1.2","TCP","1514","8004  >  36856 [ACK] Seq=8878 Ack=141 Win=65024 Len=1448 TSval=2916041814 TSecr=3045561585 [TCP segment of a reassembled PDU]"
"64218","37.733863983","192.168.1.55","192.168.1.2","TCP","1514","8004  >  36856 [ACK] Seq=10326 Ack=141 Win=65024 Len=1448 TSval=2916041814 TSecr=3045561585 [TCP segment of a reassembled PDU]"
"64219","37.733865520","192.168.1.55","192.168.1.2","TCP","1514","8004  >  36856 [PSH, ACK] Seq=11774 Ack=141 Win=65024 Len=1448 TSval=2916041814 TSecr=3045561585 [TCP segment of a reassembled PDU]"
"64220","37.737155285","192.168.1.2","192.168.1.55","TCP","66","36856  >  8004 [ACK] Seq=141 Ack=190 Win=64512 Len=0 TSval=3045561592 TSecr=2916041814"
"64221","37.737200396","192.168.1.55","192.168.1.2","TCP","1514","8004  >  36856 [ACK] Seq=13222 Ack=141 Win=65024 Len=1448 TSval=2916041817 TSecr=3045561592 [TCP segment of a reassembled PDU]"
"64222","37.737204951","192.168.1.55","192.168.1.2","TCP","1514","8004  >  36856 [PSH, ACK] Seq=14670 Ack=141 Win=65024 Len=1448 TSval=2916041817 TSecr=3045561592 [TCP segment of a reassembled PDU]"
"64223","37.737241877","192.168.1.2","192.168.1.55","TCP","66","36856  >  8004 [ACK] Seq=141 Ack=5982 Win=76800 Len=0 TSval=3045561592 TSecr=2916041814"
"64224","37.737264526","192.168.1.55","192.168.1.2","TCP","1514","8004  >  36856 [ACK] Seq=16118 Ack=141 Win=65024 Len=1448 TSval=2916041817 TSecr=3045561592 [TCP segment of a reassembled PDU]"
"64225","37.737267044","192.168.1.55","192.168.1.2","TCP","1514","8004  >  36856 [ACK] Seq=17566 Ack=141 Win=65024 Len=1448 TSval=2916041817 TSecr=3045561592 [TCP segment of a reassembled PDU]"
"64226","37.737268581","192.168.1.55","192.168.1.2","TCP","1514","8004  >  36856 [ACK] Seq=19014 Ack=141 Win=65024 Len=1448 TSval=2916041817 TSecr=3045561592 [TCP segment of a reassembled PDU]"
"64227","37.737270044","192.168.1.55","192.168.1.2","TCP","1514","8004  >  36856 [ACK] Seq=20462 Ack=141 Win=65024 Len=1448 TSval=2916041817 TSecr=3045561592 [TCP segment of a reassembled PDU]"
"64228","37.737272063","192.168.1.55","192.168.1.2","TCP","1514","8004  >  36856 [ACK] Seq=21910 Ack=141 Win=65024 Len=1448 TSval=2916041817 TSecr=3045561592 [TCP segment of a reassembled PDU]"
"64229","37.737273526","192.168.1.55","192.168.1.2","TCP","1514","8004  >  36856 [ACK] Seq=23358 Ack=141 Win=65024 Len=1448 TSval=2916041817 TSecr=3045561592 [TCP segment of a reassembled PDU]"
"64230","37.737275026","192.168.1.55","192.168.1.2","TCP","1514","8004  >  36856 [PSH, ACK] Seq=24806 Ack=141 Win=65024 Len=1448 TSval=2916041817 TSecr=3045561592 [TCP segment of a reassembled PDU]"
"64231","37.738557361","192.168.1.2","192.168.1.55","TCP","66","36856  >  8004 [ACK] Seq=141 Ack=7430 Win=79872 Len=0 TSval=3045561593 TSecr=2916041814"
"64232","37.738721120","192.168.1.55","192.168.1.2","TCP","1514","8004  >  36856 [ACK] Seq=26254 Ack=141 Win=65024 Len=1448 TSval=2916041819 TSecr=3045561593 [TCP segment of a reassembled PDU]"
"64233","37.738741380","192.168.1.55","192.168.1.2","TCP","1514","8004  >  36856 [ACK] Seq=27702 Ack=141 Win=65024 Len=1448 TSval=2916041819 TSecr=3045561593 [TCP segment of a reassembled PDU]"
"64234","37.738746435","192.168.1.55","192.168.1.2","TCP","1514","8004  >  36856 [PSH, ACK] Seq=29150 Ack=141 Win=65024 Len=1448 TSval=2916041819 TSecr=3045561593 [TCP segment of a reassembled PDU]"
"64235","37.739253547","192.168.1.2","192.168.1.55","TCP","66","36856  >  8004 [ACK] Seq=141 Ack=13222 Win=80896 Len=0 TSval=3045561593 TSecr=2916041814"
"64236","37.739329621","192.168.1.55","192.168.1.2","TCP","1514","8004  >  36856 [ACK] Seq=30598 Ack=141 Win=65024 Len=1448 TSval=2916041819 TSecr=3045561593 [TCP segment of a reassembled PDU]"
"64237","37.739339807","192.168.1.55","192.168.1.2","TCP","1514","8004  >  36856 [ACK] Seq=32046 Ack=141 Win=65024 Len=1448 TSval=2916041819 TSecr=3045561593 [TCP segment of a reassembled PDU]"
"64238","37.739341899","192.168.1.55","192.168.1.2","TCP","1514","8004  >  36856 [ACK] Seq=33494 Ack=141 Win=65024 Len=1448 TSval=2916041819 TSecr=3045561593 [TCP segment of a reassembled PDU]"
"64239","37.739343899","192.168.1.55","192.168.1.2","TCP","1514","8004  >  36856 [ACK] Seq=34942 Ack=141 Win=65024 Len=1448 TSval=2916041819 TSecr=3045561593 [TCP segment of a reassembled PDU]"
"64240","37.739346529","192.168.1.55","192.168.1.2","TCP","1514","8004  >  36856 [ACK] Seq=36390 Ack=141 Win=65024 Len=1448 TSval=2916041819 TSecr=3045561593 [TCP segment of a reassembled PDU]"
"64241","37.739348455","192.168.1.55","192.168.1.2","TCP","1514","8004  >  36856 [ACK] Seq=37838 Ack=141 Win=65024 Len=1448 TSval=2916041819 TSecr=3045561593 [TCP segment of a reassembled PDU]"
"64242","37.739350621","192.168.1.55","192.168.1.2","TCP","1514","8004  >  36856 [ACK] Seq=39286 Ack=141 Win=65024 Len=1448 TSval=2916041819 TSecr=3045561593 [TCP segment of a reassembled PDU]"
"64243","37.739353270","192.168.1.55","192.168.1.2","TCP","1514","8004  >  36856 [PSH, ACK] Seq=40734 Ack=141 Win=65024 Len=1448 TSval=2916041819 TSecr=3045561593 [TCP segment of a reassembled PDU]"
"64244","37.740786142","192.168.1.2","192.168.1.55","TCP","66","36856  >  8004 [ACK] Seq=141 Ack=16118 Win=87040 Len=0 TSval=3045561595 TSecr=2916041817"
"64245","37.740823716","192.168.1.55","192.168.1.2","TCP","1514","8004  >  36856 [ACK] Seq=42182 Ack=141 Win=65024 Len=1448 TSval=2916041821 TSecr=3045561595 [TCP segment of a reassembled PDU]"
"64246","37.740830031","192.168.1.55","192.168.1.2","TCP","1514","8004  >  36856 [PSH, ACK] Seq=43630 Ack=141 Win=65024 Len=1448 TSval=2916041821 TSecr=3045561595 [TCP segment of a reassembled PDU]"
"64247","37.742536441","192.168.1.2","192.168.1.55","TCP","66","36856  >  8004 [ACK] Seq=141 Ack=24806 Win=87040 Len=0 TSval=3045561596 TSecr=2916041817"
"64248","37.742613682","192.168.1.55","192.168.1.2","TCP","1514","8004  >  36856 [ACK] Seq=45078 Ack=141 Win=65024 Len=1448 TSval=2916041823 TSecr=3045561596 [TCP segment of a reassembled PDU]"
"64249","37.742619775","192.168.1.55","192.168.1.2","TCP","1514","8004  >  36856 [ACK] Seq=46526 Ack=141 Win=65024 Len=1448 TSval=2916041823 TSecr=3045561596 [TCP segment of a reassembled PDU]"
"64250","37.742621127","192.168.1.55","192.168.1.2","TCP","1514","8004  >  36856 [ACK] Seq=47974 Ack=141 Win=65024 Len=1448 TSval=2916041823 TSecr=3045561596 [TCP segment of a reassembled PDU]"
"64251","37.742622942","192.168.1.55","192.168.1.2","TCP","1514","8004  >  36856 [ACK] Seq=49422 Ack=141 Win=65024 Len=1448 TSval=2916041823 TSecr=3045561596 [TCP segment of a reassembled PDU]"
"64252","37.742624738","192.168.1.55","192.168.1.2","TCP","1514","8004  >  36856 [ACK] Seq=50870 Ack=141 Win=65024 Len=1448 TSval=2916041823 TSecr=3045561596 [TCP segment of a reassembled PDU]"
"64253","37.742626460","192.168.1.55","192.168.1.2","TCP","1514","8004  >  36856 [ACK] Seq=52318 Ack=141 Win=65024 Len=1448 TSval=2916041823 TSecr=3045561596 [TCP segment of a reassembled PDU]"
"64254","37.742627756","192.168.1.55","192.168.1.2","TCP","1514","8004  >  36856 [ACK] Seq=53766 Ack=141 Win=65024 Len=1448 TSval=2916041823 TSecr=3045561596 [TCP segment of a reassembled PDU]"
"64255","37.742629201","192.168.1.55","192.168.1.2","TCP","1514","8004  >  36856 [ACK] Seq=55214 Ack=141 Win=65024 Len=1448 TSval=2916041823 TSecr=3045561596 [TCP segment of a reassembled PDU]"
"64256","37.742630571","192.168.1.55","192.168.1.2","TCP","1514","8004  >  36856 [ACK] Seq=56662 Ack=141 Win=65024 Len=1448 TSval=2916041823 TSecr=3045561596 [TCP segment of a reassembled PDU]"
"64257","37.742631849","192.168.1.55","192.168.1.2","TCP","1514","8004  >  36856 [ACK] Seq=58110 Ack=141 Win=65024 Len=1448 TSval=2916041823 TSecr=3045561596 [TCP segment of a reassembled PDU]"
"64258","37.742633201","192.168.1.55","192.168.1.2","TCP","1514","8004  >  36856 [ACK] Seq=59558 Ack=141 Win=65024 Len=1448 TSval=2916041823 TSecr=3045561596 [TCP segment of a reassembled PDU]"
"64259","37.742635923","192.168.1.55","192.168.1.2","TCP","1514","8004  >  36856 [ACK] Seq=61006 Ack=141 Win=65024 Len=1448 TSval=2916041823 TSecr=3045561596 [TCP segment of a reassembled PDU]"
"64260","37.742637756","192.168.1.55","192.168.1.2","TCP","1514","8004  >  36856 [ACK] Seq=62454 Ack=141 Win=65024 Len=1448 TSval=2916041823 TSecr=3045561596 [TCP segment of a reassembled PDU]"
"64261","37.742639219","192.168.1.55","192.168.1.2","TCP","1514","8004  >  36856 [PSH, ACK] Seq=63902 Ack=141 Win=65024 Len=1448 TSval=2916041823 TSecr=3045561596 [TCP segment of a reassembled PDU]"
"64262","37.744370259","192.168.1.2","192.168.1.55","TCP","66","36856  >  8004 [ACK] Seq=141 Ack=26254 Win=90112 Len=0 TSval=3045561598 TSecr=2916041817"
"64263","37.744400296","192.168.1.55","192.168.1.2","TCP","1514","8004  >  36856 [ACK] Seq=65350 Ack=141 Win=65024 Len=1448 TSval=2916041825 TSecr=3045561598 [TCP segment of a reassembled PDU]"
"64264","37.744576852","192.168.1.2","192.168.1.55","TCP","66","36856  >  8004 [ACK] Seq=141 Ack=27702 Win=93184 Len=0 TSval=3045561598 TSecr=2916041819"
"64265","37.744599889","192.168.1.2","192.168.1.55","TCP","66","36856  >  8004 [ACK] Seq=141 Ack=30598 Win=93184 Len=0 TSval=3045561598 TSecr=2916041819"
"64266","37.744607037","192.168.1.2","192.168.1.55","TCP","66","36856  >  8004 [ACK] Seq=141 Ack=42182 Win=81920 Len=0 TSval=3045561598 TSecr=2916041819"
"64267","37.744636704","192.168.1.55","192.168.1.2","TCP","1514","8004  >  36856 [ACK] Seq=66798 Ack=141 Win=65024 Len=1448 TSval=2916041825 TSecr=3045561598 [TCP segment of a reassembled PDU]"
"64268","37.744640630","192.168.1.55","192.168.1.2","TCP","1514","8004  >  36856 [ACK] Seq=68246 Ack=141 Win=65024 Len=1448 TSval=2916041825 TSecr=3045561598 [TCP segment of a reassembled PDU]"
"64269","37.744642686","192.168.1.55","192.168.1.2","TCP","1514","8004  >  36856 [ACK] Seq=69694 Ack=141 Win=65024 Len=1448 TSval=2916041825 TSecr=3045561598 [TCP segment of a reassembled PDU]"
"64270","37.744644908","192.168.1.55","192.168.1.2","TCP","1514","8004  >  36856 [ACK] Seq=71142 Ack=141 Win=65024 Len=1448 TSval=2916041825 TSecr=3045561598 [TCP segment of a reassembled PDU]"
"64271","37.744646389","192.168.1.55","192.168.1.2","TCP","1514","8004  >  36856 [ACK] Seq=72590 Ack=141 Win=65024 Len=1448 TSval=2916041825 TSecr=3045561598 [TCP segment of a reassembled PDU]"
"64272","37.744647926","192.168.1.55","192.168.1.2","TCP","1514","8004  >  36856 [ACK] Seq=74038 Ack=141 Win=65024 Len=1448 TSval=2916041825 TSecr=3045561598 [TCP segment of a reassembled PDU]"
"64273","37.744649723","192.168.1.55","192.168.1.2","TCP","1514","8004  >  36856 [PSH, ACK] Seq=75486 Ack=141 Win=65024 Len=1448 TSval=2916041825 TSecr=3045561598 [TCP segment of a reassembled PDU]"
"64274","37.750173491","192.168.1.2","192.168.1.55","TCP","66","36856  >  8004 [ACK] Seq=141 Ack=45078 Win=93184 Len=0 TSval=3045561601 TSecr=2916041821"
"64275","37.750187250","192.168.1.55","192.168.1.2","TCP","1514","8004  >  36856 [ACK] Seq=76934 Ack=141 Win=65024 Len=1448 TSval=2916041830 TSecr=3045561601 [TCP segment of a reassembled PDU]"
"64276","37.750190158","192.168.1.55","192.168.1.2","TCP","1514","8004  >  36856 [ACK] Seq=78382 Ack=141 Win=65024 Len=1448 TSval=2916041830 TSecr=3045561601 [TCP segment of a reassembled PDU]"
"64277","37.750191195","192.168.1.55","192.168.1.2","TCP","1514","8004  >  36856 [ACK] Seq=79830 Ack=141 Win=65024 Len=1448 TSval=2916041830 TSecr=3045561601 [TCP segment of a reassembled PDU]"
"64278","37.750192139","192.168.1.55","192.168.1.2","TCP","1514","8004  >  36856 [ACK] Seq=81278 Ack=141 Win=65024 Len=1448 TSval=2916041830 TSecr=3045561601 [TCP segment of a reassembled PDU]"
"64279","37.750193102","192.168.1.55","192.168.1.2","TCP","1514","8004  >  36856 [ACK] Seq=82726 Ack=141 Win=65024 Len=1448 TSval=2916041830 TSecr=3045561601 [TCP segment of a reassembled PDU]"
"64280","37.750194121","192.168.1.55","192.168.1.2","TCP","1514","8004  >  36856 [PSH, ACK] Seq=84174 Ack=141 Win=65024 Len=1448 TSval=2916041830 TSecr=3045561601 [TCP segment of a reassembled PDU]"
"64281","37.750509603","192.168.1.2","192.168.1.55","TCP","66","36856  >  8004 [ACK] Seq=141 Ack=62454 Win=76800 Len=0 TSval=3045561601 TSecr=2916041823"
"64282","37.750528232","192.168.1.55","192.168.1.2","TCP","1514","8004  >  36856 [ACK] Seq=85622 Ack=141 Win=65024 Len=1448 TSval=2916041831 TSecr=3045561601 [TCP segment of a reassembled PDU]"
"64283","37.750529769","192.168.1.55","192.168.1.2","TCP","1514","8004  >  36856 [ACK] Seq=87070 Ack=141 Win=65024 Len=1448 TSval=2916041831 TSecr=3045561601 [TCP segment of a reassembled PDU]"
"64284","37.750531010","192.168.1.55","192.168.1.2","TCP","1514","8004  >  36856 [ACK] Seq=88518 Ack=141 Win=65024 Len=1448 TSval=2916041831 TSecr=3045561601 [TCP segment of a reassembled PDU]"
"64285","37.750531954","192.168.1.55","192.168.1.2","TCP","1514","8004  >  36856 [ACK] Seq=89966 Ack=141 Win=65024 Len=1448 TSval=2916041831 TSecr=3045561601 [TCP segment of a reassembled PDU]"
"64286","37.750532936","192.168.1.55","192.168.1.2","TCP","1514","8004  >  36856 [ACK] Seq=91414 Ack=141 Win=65024 Len=1448 TSval=2916041831 TSecr=3045561601 [TCP segment of a reassembled PDU]"
"64287","37.750533880","192.168.1.55","192.168.1.2","TCP","1514","8004  >  36856 [ACK] Seq=92862 Ack=141 Win=65024 Len=1448 TSval=2916041831 TSecr=3045561601 [TCP segment of a reassembled PDU]"
"64288","37.750534899","192.168.1.55","192.168.1.2","TCP","1514","8004  >  36856 [ACK] Seq=94310 Ack=141 Win=65024 Len=1448 TSval=2916041831 TSecr=3045561601 [TCP segment of a reassembled PDU]"
"64289","37.750535862","192.168.1.55","192.168.1.2","TCP","1514","8004  >  36856 [ACK] Seq=95758 Ack=141 Win=65024 Len=1448 TSval=2916041831 TSecr=3045561601 [TCP segment of a reassembled PDU]"
"64290","37.750536936","192.168.1.55","192.168.1.2","TCP","1514","8004  >  36856 [ACK] Seq=97206 Ack=141 Win=65024 Len=1448 TSval=2916041831 TSecr=3045561601 [TCP segment of a reassembled PDU]"
"64291","37.750537899","192.168.1.55","192.168.1.2","TCP","1514","8004  >  36856 [ACK] Seq=98654 Ack=141 Win=65024 Len=1448 TSval=2916041831 TSecr=3045561601 [TCP segment of a reassembled PDU]"
"64292","37.750538917","192.168.1.55","192.168.1.2","TCP","1514","8004  >  36856 [ACK] Seq=100102 Ack=141 Win=65024 Len=1448 TSval=2916041831 TSecr=3045561601 [TCP segment of a reassembled PDU]"
"64293","37.750539973","192.168.1.55","192.168.1.2","TCP","1514","8004  >  36856 [ACK] Seq=101550 Ack=141 Win=65024 Len=1448 TSval=2916041831 TSecr=3045561601 [TCP segment of a reassembled PDU]"
"64294","37.750540899","192.168.1.55","192.168.1.2","TCP","1514","8004  >  36856 [PSH, ACK] Seq=102998 Ack=141 Win=65024 Len=1448 TSval=2916041831 TSecr=3045561601 [TCP segment of a reassembled PDU]"
"64295","37.750545917","192.168.1.2","192.168.1.55","TCP","66","36856  >  8004 [ACK] Seq=141 Ack=65350 Win=74752 Len=0 TSval=3045561601 TSecr=2916041823"
"64296","37.752540198","192.168.1.2","192.168.1.55","TCP","66","36856  >  8004 [ACK] Seq=141 Ack=76934 Win=80896 Len=0 TSval=3045561606 TSecr=2916041825"
"64297","37.752583921","192.168.1.55","192.168.1.2","TCP","1514","8004  >  36856 [ACK] Seq=104446 Ack=141 Win=65024 Len=1448 TSval=2916041833 TSecr=3045561606 [TCP segment of a reassembled PDU]"
"64298","37.752587921","192.168.1.55","192.168.1.2","TCP","1514","8004  >  36856 [ACK] Seq=105894 Ack=141 Win=65024 Len=1448 TSval=2916041833 TSecr=3045561606 [TCP segment of a reassembled PDU]"
"64299","37.752588995","192.168.1.55","192.168.1.2","TCP","1514","8004  >  36856 [ACK] Seq=107342 Ack=141 Win=65024 Len=1448 TSval=2916041833 TSecr=3045561606 [TCP segment of a reassembled PDU]"
"64300","37.752590328","192.168.1.55","192.168.1.2","TCP","1514","8004  >  36856 [ACK] Seq=108790 Ack=141 Win=65024 Len=1448 TSval=2916041833 TSecr=3045561606 [TCP segment of a reassembled PDU]"
"64301","37.752591328","192.168.1.55","192.168.1.2","TCP","1514","8004  >  36856 [ACK] Seq=110238 Ack=141 Win=65024 Len=1448 TSval=2916041833 TSecr=3045561606 [TCP segment of a reassembled PDU]"
"64302","37.752592384","192.168.1.55","192.168.1.2","TCP","1514","8004  >  36856 [ACK] Seq=111686 Ack=141 Win=65024 Len=1448 TSval=2916041833 TSecr=3045561606 [TCP segment of a reassembled PDU]"
"64303","37.752593421","192.168.1.55","192.168.1.2","TCP","1514","8004  >  36856 [ACK] Seq=113134 Ack=141 Win=65024 Len=1448 TSval=2916041833 TSecr=3045561606 [TCP segment of a reassembled PDU]"
"64304","37.752594347","192.168.1.55","192.168.1.2","TCP","1514","8004  >  36856 [ACK] Seq=114582 Ack=141 Win=65024 Len=1448 TSval=2916041833 TSecr=3045561606 [TCP segment of a reassembled PDU]"
"64305","37.752595421","192.168.1.55","192.168.1.2","TCP","1514","8004  >  36856 [ACK] Seq=116030 Ack=141 Win=65024 Len=1448 TSval=2916041833 TSecr=3045561606 [TCP segment of a reassembled PDU]"
"64306","37.752596347","192.168.1.55","192.168.1.2","TCP","1514","8004  >  36856 [PSH, ACK] Seq=117478 Ack=141 Win=65024 Len=1448 TSval=2916041833 TSecr=3045561606 [TCP segment of a reassembled PDU]"
"64307","37.753466181","192.168.1.2","192.168.1.55","TCP","66","36856  >  8004 [ACK] Seq=141 Ack=78382 Win=92160 Len=0 TSval=3045561607 TSecr=2916041830"
"64308","37.753478941","192.168.1.55","192.168.1.2","TCP","1514","8004  >  36856 [PSH, ACK] Seq=118926 Ack=141 Win=65024 Len=1448 TSval=2916041834 TSecr=3045561607 [TCP segment of a reassembled PDU]"
"64309","37.753604848","192.168.1.2","192.168.1.55","TCP","66","36856  >  8004 [ACK] Seq=141 Ack=79830 Win=92160 Len=0 TSval=3045561607 TSecr=2916041830"
"64310","37.756389316","192.168.1.2","192.168.1.55","TCP","66","36856  >  8004 [ACK] Seq=141 Ack=85622 Win=88064 Len=0 TSval=3045561609 TSecr=2916041830"
"64311","37.756418575","192.168.1.55","192.168.1.2","TCP","1514","8004  >  36856 [ACK] Seq=120374 Ack=141 Win=65024 Len=1448 TSval=2916041837 TSecr=3045561609 [TCP segment of a reassembled PDU]"
"64312","37.756421723","192.168.1.55","192.168.1.2","TCP","1514","8004  >  36856 [ACK] Seq=121822 Ack=141 Win=65024 Len=1448 TSval=2916041837 TSecr=3045561609 [TCP segment of a reassembled PDU]"
"64313","37.756422853","192.168.1.55","192.168.1.2","TCP","1514","8004  >  36856 [ACK] Seq=123270 Ack=141 Win=65024 Len=1448 TSval=2916041837 TSecr=3045561609 [TCP segment of a reassembled PDU]"
"64314","37.756424020","192.168.1.55","192.168.1.2","TCP","1514","8004  >  36856 [ACK] Seq=124718 Ack=141 Win=65024 Len=1448 TSval=2916041837 TSecr=3045561609 [TCP segment of a reassembled PDU]"
"64315","37.756425520","192.168.1.55","192.168.1.2","TCP","1514","8004  >  36856 [ACK] Seq=126166 Ack=141 Win=65024 Len=1448 TSval=2916041837 TSecr=3045561609 [TCP segment of a reassembled PDU]"
"64316","37.756427297","192.168.1.55","192.168.1.2","TCP","1514","8004  >  36856 [PSH, ACK] Seq=127614 Ack=141 Win=65024 Len=1448 TSval=2916041837 TSecr=3045561609 [TCP segment of a reassembled PDU]"
"64317","37.756457260","192.168.1.2","192.168.1.55","TCP","66","36856  >  8004 [ACK] Seq=141 Ack=102998 Win=71680 Len=0 TSval=3045561609 TSecr=2916041831"
"64318","37.756496094","192.168.1.55","192.168.1.2","TCP","1514","8004  >  36856 [ACK] Seq=129062 Ack=141 Win=65024 Len=1448 TSval=2916041837 TSecr=3045561609 [TCP segment of a reassembled PDU]"
"64319","37.756500038","192.168.1.55","192.168.1.2","TCP","1514","8004  >  36856 [ACK] Seq=130510 Ack=141 Win=65024 Len=1448 TSval=2916041837 TSecr=3045561609 [TCP segment of a reassembled PDU]"
"64320","37.756501816","192.168.1.55","192.168.1.2","TCP","1514","8004  >  36856 [ACK] Seq=131958 Ack=141 Win=65024 Len=1448 TSval=2916041837 TSecr=3045561609 [TCP segment of a reassembled PDU]"
"64321","37.756505464","192.168.1.55","192.168.1.2","TCP","1514","8004  >  36856 [ACK] Seq=133406 Ack=141 Win=65024 Len=1448 TSval=2916041837 TSecr=3045561609 [TCP segment of a reassembled PDU]"
"64322","37.756506612","192.168.1.55","192.168.1.2","TCP","1514","8004  >  36856 [ACK] Seq=134854 Ack=141 Win=65024 Len=1448 TSval=2916041837 TSecr=3045561609 [TCP segment of a reassembled PDU]"
"64323","37.756508038","192.168.1.55","192.168.1.2","TCP","1514","8004  >  36856 [ACK] Seq=136302 Ack=141 Win=65024 Len=1448 TSval=2916041837 TSecr=3045561609 [TCP segment of a reassembled PDU]"
"64324","37.756509520","192.168.1.55","192.168.1.2","TCP","1514","8004  >  36856 [ACK] Seq=137750 Ack=141 Win=65024 Len=1448 TSval=2916041837 TSecr=3045561609 [TCP segment of a reassembled PDU]"
"64325","37.756510649","192.168.1.55","192.168.1.2","TCP","1514","8004  >  36856 [ACK] Seq=139198 Ack=141 Win=65024 Len=1448 TSval=2916041837 TSecr=3045561609 [TCP segment of a reassembled PDU]"
"64326","37.756511927","192.168.1.55","192.168.1.2","TCP","1514","8004  >  36856 [ACK] Seq=140646 Ack=141 Win=65024 Len=1448 TSval=2916041837 TSecr=3045561609 [TCP segment of a reassembled PDU]"
"64327","37.756513390","192.168.1.55","192.168.1.2","TCP","1514","8004  >  36856 [ACK] Seq=142094 Ack=141 Win=65024 Len=1448 TSval=2916041837 TSecr=3045561609 [TCP segment of a reassembled PDU]"
"64328","37.756515557","192.168.1.55","192.168.1.2","TCP","1514","8004  >  36856 [ACK] Seq=143542 Ack=141 Win=65024 Len=1448 TSval=2916041837 TSecr=3045561609 [TCP segment of a reassembled PDU]"
"64329","37.756516853","192.168.1.55","192.168.1.2","TCP","1514","8004  >  36856 [PSH, ACK] Seq=144990 Ack=141 Win=65024 Len=1448 TSval=2916041837 TSecr=3045561609 [TCP segment of a reassembled PDU]"
"64330","37.757473336","192.168.1.2","192.168.1.55","TCP","66","36856  >  8004 [ACK] Seq=141 Ack=104446 Win=92160 Len=0 TSval=3045561611 TSecr=2916041831"
"64331","37.757487484","192.168.1.55","192.168.1.2","TCP","1514","8004  >  36856 [ACK] Seq=146438 Ack=141 Win=65024 Len=1448 TSval=2916041838 TSecr=3045561611 [TCP segment of a reassembled PDU]"
"64332","37.757632929","192.168.1.2","192.168.1.55","TCP","66","36856  >  8004 [ACK] Seq=141 Ack=110238 Win=90112 Len=0 TSval=3045561611 TSecr=2916041833"
"64333","37.757638225","192.168.1.2","192.168.1.55","TCP","66","36856  >  8004 [ACK] Seq=141 Ack=117478 Win=82944 Len=0 TSval=3045561611 TSecr=2916041833"
"64334","37.759627099","192.168.1.2","192.168.1.55","TCP","66","36856  >  8004 [ACK] Seq=141 Ack=118926 Win=92160 Len=0 TSval=3045561613 TSecr=2916041833"
"64335","37.759658525","192.168.1.55","192.168.1.2","TCP","1514","8004  >  36856 [ACK] Seq=147886 Ack=141 Win=65024 Len=1448 TSval=2916041840 TSecr=3045561613 [TCP segment of a reassembled PDU]"
"64336","37.759661895","192.168.1.55","192.168.1.2","TCP","1514","8004  >  36856 [ACK] Seq=149334 Ack=141 Win=65024 Len=1448 TSval=2916041840 TSecr=3045561613 [TCP segment of a reassembled PDU]"
"64337","37.759662803","192.168.1.55","192.168.1.2","TCP","1514","8004  >  36856 [ACK] Seq=150782 Ack=141 Win=65024 Len=1448 TSval=2916041840 TSecr=3045561613 [TCP segment of a reassembled PDU]"
"64338","37.759664821","192.168.1.55","192.168.1.2","TCP","1514","8004  >  36856 [ACK] Seq=152230 Ack=141 Win=65024 Len=1448 TSval=2916041840 TSecr=3045561613 [TCP segment of a reassembled PDU]"
"64339","37.759665988","192.168.1.55","192.168.1.2","TCP","1514","8004  >  36856 [ACK] Seq=153678 Ack=141 Win=65024 Len=1448 TSval=2916041840 TSecr=3045561613 [TCP segment of a reassembled PDU]"
"64340","37.759666858","192.168.1.55","192.168.1.2","TCP","1514","8004  >  36856 [ACK] Seq=155126 Ack=141 Win=65024 Len=1448 TSval=2916041840 TSecr=3045561613 [TCP segment of a reassembled PDU]"
"64341","37.759667784","192.168.1.55","192.168.1.2","TCP","1514","8004  >  36856 [ACK] Seq=156574 Ack=141 Win=65024 Len=1448 TSval=2916041840 TSecr=3045561613 [TCP segment of a reassembled PDU]"
"64342","37.759669173","192.168.1.55","192.168.1.2","TCP","1514","8004  >  36856 [ACK] Seq=158022 Ack=141 Win=65024 Len=1448 TSval=2916041840 TSecr=3045561613 [TCP segment of a reassembled PDU]"
"64343","37.759671840","192.168.1.55","192.168.1.2","TCP","1514","8004  >  36856 [ACK] Seq=159470 Ack=141 Win=65024 Len=1448 TSval=2916041840 TSecr=3045561613 [TCP segment of a reassembled PDU]"
"64344","37.759673617","192.168.1.55","192.168.1.2","TCP","1514","8004  >  36856 [ACK] Seq=160918 Ack=141 Win=65024 Len=1448 TSval=2916041840 TSecr=3045561613 [TCP segment of a reassembled PDU]"
"64345","37.759674617","192.168.1.55","192.168.1.2","TCP","1514","8004  >  36856 [PSH, ACK] Seq=162366 Ack=141 Win=65024 Len=1448 TSval=2916041840 TSecr=3045561613 [TCP segment of a reassembled PDU]"
"64346","37.760147785","192.168.1.2","192.168.1.55","TCP","66","36856  >  8004 [ACK] Seq=141 Ack=120374 Win=93184 Len=0 TSval=3045561613 TSecr=2916041834"
"64347","37.761420342","192.168.1.2","192.168.1.55","TCP","66","36856  >  8004 [ACK] Seq=141 Ack=146438 Win=67584 Len=0 TSval=3045561615 TSecr=2916041837"
"64348","37.761453528","192.168.1.55","192.168.1.2","TCP","1514","8004  >  36856 [ACK] Seq=163814 Ack=141 Win=65024 Len=1448 TSval=2916041842 TSecr=3045561615 [TCP segment of a reassembled PDU]"
"64349","37.761455657","192.168.1.55","192.168.1.2","TCP","1514","8004  >  36856 [ACK] Seq=165262 Ack=141 Win=65024 Len=1448 TSval=2916041842 TSecr=3045561615 [TCP segment of a reassembled PDU]"
"64350","37.761456843","192.168.1.55","192.168.1.2","TCP","1514","8004  >  36856 [ACK] Seq=166710 Ack=141 Win=65024 Len=1448 TSval=2916041842 TSecr=3045561615 [TCP segment of a reassembled PDU]"
"64351","37.761458731","192.168.1.55","192.168.1.2","TCP","1514","8004  >  36856 [ACK] Seq=168158 Ack=141 Win=65024 Len=1448 TSval=2916041842 TSecr=3045561615 [TCP segment of a reassembled PDU]"
"64352","37.761460028","192.168.1.55","192.168.1.2","TCP","1514","8004  >  36856 [ACK] Seq=169606 Ack=141 Win=65024 Len=1448 TSval=2916041842 TSecr=3045561615 [TCP segment of a reassembled PDU]"
"64353","37.761461194","192.168.1.55","192.168.1.2","TCP","1514","8004  >  36856 [ACK] Seq=171054 Ack=141 Win=65024 Len=1448 TSval=2916041842 TSecr=3045561615 [TCP segment of a reassembled PDU]"
"64354","37.761462528","192.168.1.55","192.168.1.2","TCP","1514","8004  >  36856 [ACK] Seq=172502 Ack=141 Win=65024 Len=1448 TSval=2916041842 TSecr=3045561615 [TCP segment of a reassembled PDU]"
"64355","37.761463565","192.168.1.55","192.168.1.2","TCP","1514","8004  >  36856 [ACK] Seq=173950 Ack=141 Win=65024 Len=1448 TSval=2916041842 TSecr=3045561615 [TCP segment of a reassembled PDU]"
"64356","37.761464639","192.168.1.55","192.168.1.2","TCP","1514","8004  >  36856 [ACK] Seq=175398 Ack=141 Win=65024 Len=1448 TSval=2916041842 TSecr=3045561615 [TCP segment of a reassembled PDU]"
"64357","37.761465805","192.168.1.55","192.168.1.2","TCP","1514","8004  >  36856 [ACK] Seq=176846 Ack=141 Win=65024 Len=1448 TSval=2916041842 TSecr=3045561615 [TCP segment of a reassembled PDU]"
"64358","37.761467694","192.168.1.55","192.168.1.2","TCP","1514","8004  >  36856 [ACK] Seq=178294 Ack=141 Win=65024 Len=1448 TSval=2916041842 TSecr=3045561615 [TCP segment of a reassembled PDU]"
"64359","37.761468657","192.168.1.55","192.168.1.2","TCP","1514","8004  >  36856 [ACK] Seq=179742 Ack=141 Win=65024 Len=1448 TSval=2916041842 TSecr=3045561615 [TCP segment of a reassembled PDU]"
"64360","37.761469731","192.168.1.55","192.168.1.2","TCP","1514","8004  >  36856 [ACK] Seq=181190 Ack=141 Win=65024 Len=1448 TSval=2916041842 TSecr=3045561615 [TCP segment of a reassembled PDU]"
"64361","37.761470898","192.168.1.55","192.168.1.2","TCP","1514","8004  >  36856 [ACK] Seq=182638 Ack=141 Win=65024 Len=1448 TSval=2916041842 TSecr=3045561615 [TCP segment of a reassembled PDU]"
"64362","37.761472305","192.168.1.55","192.168.1.2","TCP","1514","8004  >  36856 [ACK] Seq=184086 Ack=141 Win=65024 Len=1448 TSval=2916041842 TSecr=3045561615 [TCP segment of a reassembled PDU]"
"64363","37.761473509","192.168.1.55","192.168.1.2","TCP","1514","8004  >  36856 [PSH, ACK] Seq=185534 Ack=141 Win=65024 Len=1448 TSval=2916041842 TSecr=3045561615 [TCP segment of a reassembled PDU]"
"64364","37.763817106","192.168.1.2","192.168.1.55","TCP","66","36856  >  8004 [ACK] Seq=141 Ack=150782 Win=89088 Len=0 TSval=3045561617 TSecr=2916041838"
"64365","37.763840309","192.168.1.55","192.168.1.2","TCP","1514","8004  >  36856 [ACK] Seq=186982 Ack=141 Win=65024 Len=1448 TSval=2916041844 TSecr=3045561617 [TCP segment of a reassembled PDU]"
"64366","37.763843013","192.168.1.55","192.168.1.2","TCP","1514","8004  >  36856 [ACK] Seq=188430 Ack=141 Win=65024 Len=1448 TSval=2916041844 TSecr=3045561617 [TCP segment of a reassembled PDU]"
"64367","37.763843920","192.168.1.55","192.168.1.2","TCP","1514","8004  >  36856 [ACK] Seq=189878 Ack=141 Win=65024 Len=1448 TSval=2916041844 TSecr=3045561617 [TCP segment of a reassembled PDU]"
"64368","37.763844920","192.168.1.55","192.168.1.2","TCP","1514","8004  >  36856 [ACK] Seq=191326 Ack=141 Win=65024 Len=1448 TSval=2916041844 TSecr=3045561617 [TCP segment of a reassembled PDU]"
"64369","37.763846365","192.168.1.55","192.168.1.2","TCP","1514","8004  >  36856 [ACK] Seq=192774 Ack=141 Win=65024 Len=1448 TSval=2916041844 TSecr=3045561617 [TCP segment of a reassembled PDU]"
"64370","37.763847291","192.168.1.55","192.168.1.2","TCP","1514","8004  >  36856 [ACK] Seq=194222 Ack=141 Win=65024 Len=1448 TSval=2916041844 TSecr=3045561617 [TCP segment of a reassembled PDU]"
"64371","37.763848309","192.168.1.55","192.168.1.2","TCP","1514","8004  >  36856 [PSH, ACK] Seq=195670 Ack=141 Win=65024 Len=1448 TSval=2916041844 TSecr=3045561617 [TCP segment of a reassembled PDU]"
"64372","37.764183847","192.168.1.2","192.168.1.55","TCP","66","36856  >  8004 [ACK] Seq=141 Ack=160918 Win=79872 Len=0 TSval=3045561617 TSecr=2916041840"
"64373","37.765809701","192.168.1.2","192.168.1.55","TCP","66","36856  >  8004 [ACK] Seq=141 Ack=163814 Win=91136 Len=0 TSval=3045561620 TSecr=2916041840"
"64374","37.765826127","192.168.1.55","192.168.1.2","TCP","1514","8004  >  36856 [ACK] Seq=197118 Ack=141 Win=65024 Len=1448 TSval=2916041846 TSecr=3045561620 [TCP segment of a reassembled PDU]"
"64375","37.765828035","192.168.1.55","192.168.1.2","TCP","1514","8004  >  36856 [ACK] Seq=198566 Ack=141 Win=65024 Len=1448 TSval=2916041846 TSecr=3045561620 [TCP segment of a reassembled PDU]"
"64376","37.765828998","192.168.1.55","192.168.1.2","TCP","1514","8004  >  36856 [ACK] Seq=200014 Ack=141 Win=65024 Len=1448 TSval=2916041846 TSecr=3045561620 [TCP segment of a reassembled PDU]"
"64377","37.765829961","192.168.1.55","192.168.1.2","TCP","1514","8004  >  36856 [ACK] Seq=201462 Ack=141 Win=65024 Len=1448 TSval=2916041846 TSecr=3045561620 [TCP segment of a reassembled PDU]"
"64378","37.765830850","192.168.1.55","192.168.1.2","TCP","1514","8004  >  36856 [ACK] Seq=202910 Ack=141 Win=65024 Len=1448 TSval=2916041846 TSecr=3045561620 [TCP segment of a reassembled PDU]"
"64379","37.765831850","192.168.1.55","192.168.1.2","TCP","1514","8004  >  36856 [ACK] Seq=204358 Ack=141 Win=65024 Len=1448 TSval=2916041846 TSecr=3045561620 [TCP segment of a reassembled PDU]"
"64380","37.765832738","192.168.1.55","192.168.1.2","TCP","1514","8004  >  36856 [ACK] Seq=205806 Ack=141 Win=65024 Len=1448 TSval=2916041846 TSecr=3045561620 [TCP segment of a reassembled PDU]"
"64381","37.765833683","192.168.1.55","192.168.1.2","TCP","1514","8004  >  36856 [ACK] Seq=207254 Ack=141 Win=65024 Len=1448 TSval=2916041846 TSecr=3045561620 [TCP segment of a reassembled PDU]"
"64382","37.765834683","192.168.1.55","192.168.1.2","TCP","1514","8004  >  36856 [PSH, ACK] Seq=208702 Ack=141 Win=65024 Len=1448 TSval=2916041846 TSecr=3045561620 [TCP segment of a reassembled PDU]"
"64383","37.766260350","192.168.1.2","192.168.1.55","TCP","66","36856  >  8004 [ACK] Seq=141 Ack=186982 Win=71680 Len=0 TSval=3045561620 TSecr=2916041842"
"64384","37.766281221","192.168.1.55","192.168.1.2","TCP","1514","8004  >  36856 [ACK] Seq=210150 Ack=141 Win=65024 Len=1448 TSval=2916041846 TSecr=3045561620 [TCP segment of a reassembled PDU]"
"64385","37.766282998","192.168.1.55","192.168.1.2","TCP","1514","8004  >  36856 [ACK] Seq=211598 Ack=141 Win=65024 Len=1448 TSval=2916041846 TSecr=3045561620 [TCP segment of a reassembled PDU]"
"64386","37.766283906","192.168.1.55","192.168.1.2","TCP","1514","8004  >  36856 [ACK] Seq=213046 Ack=141 Win=65024 Len=1448 TSval=2916041846 TSecr=3045561620 [TCP segment of a reassembled PDU]"
"64387","37.766284906","192.168.1.55","192.168.1.2","TCP","1514","8004  >  36856 [ACK] Seq=214494 Ack=141 Win=65024 Len=1448 TSval=2916041846 TSecr=3045561620 [TCP segment of a reassembled PDU]"
"64388","37.766285961","192.168.1.55","192.168.1.2","TCP","1514","8004  >  36856 [ACK] Seq=215942 Ack=141 Win=65024 Len=1448 TSval=2916041846 TSecr=3045561620 [TCP segment of a reassembled PDU]"
"64389","37.766286850","192.168.1.55","192.168.1.2","TCP","1514","8004  >  36856 [ACK] Seq=217390 Ack=141 Win=65024 Len=1448 TSval=2916041846 TSecr=3045561620 [TCP segment of a reassembled PDU]"
"64390","37.766287832","192.168.1.55","192.168.1.2","TCP","1514","8004  >  36856 [ACK] Seq=218838 Ack=141 Win=65024 Len=1448 TSval=2916041846 TSecr=3045561620 [TCP segment of a reassembled PDU]"
"64391","37.766288721","192.168.1.55","192.168.1.2","TCP","1514","8004  >  36856 [ACK] Seq=220286 Ack=141 Win=65024 Len=1448 TSval=2916041846 TSecr=3045561620 [TCP segment of a reassembled PDU]"
"64392","37.766289721","192.168.1.55","192.168.1.2","TCP","1514","8004  >  36856 [ACK] Seq=221734 Ack=141 Win=65024 Len=1448 TSval=2916041846 TSecr=3045561620 [TCP segment of a reassembled PDU]"
"64393","37.766290610","192.168.1.55","192.168.1.2","TCP","1514","8004  >  36856 [ACK] Seq=223182 Ack=141 Win=65024 Len=1448 TSval=2916041846 TSecr=3045561620 [TCP segment of a reassembled PDU]"
"64394","37.766296665","192.168.1.55","192.168.1.2","TCP","1514","8004  >  36856 [ACK] Seq=224630 Ack=141 Win=65024 Len=1448 TSval=2916041846 TSecr=3045561620 [TCP segment of a reassembled PDU]"
"64395","37.766297739","192.168.1.55","192.168.1.2","TCP","1514","8004  >  36856 [ACK] Seq=226078 Ack=141 Win=65024 Len=1448 TSval=2916041846 TSecr=3045561620 [TCP segment of a reassembled PDU]"
"64396","37.766298721","192.168.1.55","192.168.1.2","TCP","1514","8004  >  36856 [ACK] Seq=227526 Ack=141 Win=65024 Len=1448 TSval=2916041846 TSecr=3045561620 [TCP segment of a reassembled PDU]"
"64397","37.766299906","192.168.1.55","192.168.1.2","TCP","1514","8004  >  36856 [ACK] Seq=228974 Ack=141 Win=65024 Len=1448 TSval=2916041846 TSecr=3045561620 [TCP segment of a reassembled PDU]"
"64398","37.766300813","192.168.1.55","192.168.1.2","TCP","1514","8004  >  36856 [ACK] Seq=230422 Ack=141 Win=65024 Len=1448 TSval=2916041846 TSecr=3045561620 [TCP segment of a reassembled PDU]"
"64399","37.766301869","192.168.1.55","192.168.1.2","TCP","1514","8004  >  36856 [PSH, ACK] Seq=231870 Ack=141 Win=65024 Len=1448 TSval=2916041846 TSecr=3045561620 [TCP segment of a reassembled PDU]"
"64400","37.766308869","192.168.1.2","192.168.1.55","TCP","66","36856  >  8004 [ACK] Seq=141 Ack=189878 Win=92160 Len=0 TSval=3045561621 TSecr=2916041844"
"64401","37.766913537","192.168.1.55","192.168.1.2","TCP","1514","8004  >  36856 [ACK] Seq=233318 Ack=141 Win=65024 Len=1448 TSval=2916041847 TSecr=3045561621 [TCP segment of a reassembled PDU]"
"64402","37.769302948","192.168.1.2","192.168.1.55","TCP","66","36856  >  8004 [ACK] Seq=141 Ack=197118 Win=89088 Len=0 TSval=3045561622 TSecr=2916041844"
"64403","37.769427263","192.168.1.55","192.168.1.2","TCP","1514","8004  >  36856 [ACK] Seq=234766 Ack=141 Win=65024 Len=1448 TSval=2916041850 TSecr=3045561622 [TCP segment of a reassembled PDU]"
"64404","37.769439633","192.168.1.55","192.168.1.2","TCP","1514","8004  >  36856 [ACK] Seq=236214 Ack=141 Win=65024 Len=1448 TSval=2916041850 TSecr=3045561622 [TCP segment of a reassembled PDU]"
"64405","37.769441115","192.168.1.55","192.168.1.2","TCP","1514","8004  >  36856 [ACK] Seq=237662 Ack=141 Win=65024 Len=1448 TSval=2916041850 TSecr=3045561622 [TCP segment of a reassembled PDU]"
"64406","37.769442485","192.168.1.55","192.168.1.2","TCP","1514","8004  >  36856 [ACK] Seq=239110 Ack=141 Win=65024 Len=1448 TSval=2916041850 TSecr=3045561622 [TCP segment of a reassembled PDU]"
"64407","37.769444078","192.168.1.55","192.168.1.2","TCP","1514","8004  >  36856 [ACK] Seq=240558 Ack=141 Win=65024 Len=1448 TSval=2916041850 TSecr=3045561622 [TCP segment of a reassembled PDU]"
"64408","37.769446207","192.168.1.55","192.168.1.2","TCP","1514","8004  >  36856 [ACK] Seq=242006 Ack=141 Win=65024 Len=1448 TSval=2916041850 TSecr=3045561622 [TCP segment of a reassembled PDU]"
"64409","37.769447874","192.168.1.55","192.168.1.2","TCP","1514","8004  >  36856 [PSH, ACK] Seq=243454 Ack=141 Win=65024 Len=1448 TSval=2916041850 TSecr=3045561622 [TCP segment of a reassembled PDU]"
"64410","37.769865097","192.168.1.2","192.168.1.55","TCP","66","36856  >  8004 [ACK] Seq=141 Ack=210150 Win=82944 Len=0 TSval=3045561625 TSecr=2916041846"
"64411","37.769891671","192.168.1.55","192.168.1.2","TCP","1514","8004  >  36856 [ACK] Seq=244902 Ack=141 Win=65024 Len=1448 TSval=2916041850 TSecr=3045561625 [TCP segment of a reassembled PDU]"
"64412","37.769895264","192.168.1.55","192.168.1.2","TCP","1514","8004  >  36856 [ACK] Seq=246350 Ack=141 Win=65024 Len=1448 TSval=2916041850 TSecr=3045561625 [TCP segment of a reassembled PDU]"
"64413","37.769896319","192.168.1.55","192.168.1.2","TCP","1514","8004  >  36856 [ACK] Seq=247798 Ack=141 Win=65024 Len=1448 TSval=2916041850 TSecr=3045561625 [TCP segment of a reassembled PDU]"
"64414","37.769897245","192.168.1.55","192.168.1.2","TCP","1514","8004  >  36856 [ACK] Seq=249246 Ack=141 Win=65024 Len=1448 TSval=2916041850 TSecr=3045561625 [TCP segment of a reassembled PDU]"
"64415","37.769898319","192.168.1.55","192.168.1.2","TCP","1514","8004  >  36856 [ACK] Seq=250694 Ack=141 Win=65024 Len=1448 TSval=2916041850 TSecr=3045561625 [TCP segment of a reassembled PDU]"
"64416","37.769899412","192.168.1.55","192.168.1.2","TCP","1514","8004  >  36856 [ACK] Seq=252142 Ack=141 Win=65024 Len=1448 TSval=2916041850 TSecr=3045561625 [TCP segment of a reassembled PDU]"
"64417","37.769900449","192.168.1.55","192.168.1.2","TCP","1514","8004  >  36856 [ACK] Seq=253590 Ack=141 Win=65024 Len=1448 TSval=2916041850 TSecr=3045561625 [TCP segment of a reassembled PDU]"
"64418","37.769901597","192.168.1.55","192.168.1.2","TCP","1514","8004  >  36856 [PSH, ACK] Seq=255038 Ack=141 Win=65024 Len=1448 TSval=2916041850 TSecr=3045561625 [TCP segment of a reassembled PDU]"
"64419","37.769929690","192.168.1.2","192.168.1.55","TCP","66","36856  >  8004 [ACK] Seq=141 Ack=234766 Win=58368 Len=0 TSval=3045561625 TSecr=2916041846"
"64420","37.769980986","192.168.1.55","192.168.1.2","TCP","1514","8004  >  36856 [ACK] Seq=256486 Ack=141 Win=65024 Len=1448 TSval=2916041850 TSecr=3045561625 [TCP segment of a reassembled PDU]"
"64421","37.769995912","192.168.1.55","192.168.1.2","TCP","1514","8004  >  36856 [ACK] Seq=257934 Ack=141 Win=65024 Len=1448 TSval=2916041850 TSecr=3045561625 [TCP segment of a reassembled PDU]"
"64422","37.769997875","192.168.1.55","192.168.1.2","TCP","1514","8004  >  36856 [ACK] Seq=259382 Ack=141 Win=65024 Len=1448 TSval=2916041850 TSecr=3045561625 [TCP segment of a reassembled PDU]"
"64423","37.769999079","192.168.1.55","192.168.1.2","TCP","1514","8004  >  36856 [ACK] Seq=260830 Ack=141 Win=65024 Len=1448 TSval=2916041850 TSecr=3045561625 [TCP segment of a reassembled PDU]"
"64424","37.770000356","192.168.1.55","192.168.1.2","TCP","1514","8004  >  36856 [ACK] Seq=262278 Ack=141 Win=65024 Len=1448 TSval=2916041850 TSecr=3045561625 [TCP segment of a reassembled PDU]"
"64425","37.770001690","192.168.1.55","192.168.1.2","TCP","1514","8004  >  36856 [ACK] Seq=263726 Ack=141 Win=65024 Len=1448 TSval=2916041850 TSecr=3045561625 [TCP segment of a reassembled PDU]"
"64426","37.770003060","192.168.1.55","192.168.1.2","TCP","1514","8004  >  36856 [ACK] Seq=265174 Ack=141 Win=65024 Len=1448 TSval=2916041850 TSecr=3045561625 [TCP segment of a reassembled PDU]"
"64427","37.770004542","192.168.1.55","192.168.1.2","TCP","1514","8004  >  36856 [ACK] Seq=266622 Ack=141 Win=65024 Len=1448 TSval=2916041850 TSecr=3045561625 [TCP segment of a reassembled PDU]"
"64428","37.770006449","192.168.1.55","192.168.1.2","TCP","1514","8004  >  36856 [ACK] Seq=268070 Ack=141 Win=65024 Len=1448 TSval=2916041850 TSecr=3045561625 [TCP segment of a reassembled PDU]"
"64429","37.770008134","192.168.1.55","192.168.1.2","TCP","1514","8004  >  36856 [ACK] Seq=269518 Ack=141 Win=65024 Len=1448 TSval=2916041850 TSecr=3045561625 [TCP segment of a reassembled PDU]"
"64430","37.770009542","192.168.1.55","192.168.1.2","TCP","1514","8004  >  36856 [ACK] Seq=270966 Ack=141 Win=65024 Len=1448 TSval=2916041850 TSecr=3045561625 [TCP segment of a reassembled PDU]"
"64431","37.770010560","192.168.1.55","192.168.1.2","TCP","1514","8004  >  36856 [ACK] Seq=272414 Ack=141 Win=65024 Len=1448 TSval=2916041850 TSecr=3045561625 [TCP segment of a reassembled PDU]"
"64432","37.770011560","192.168.1.55","192.168.1.2","TCP","1514","8004  >  36856 [ACK] Seq=273862 Ack=141 Win=65024 Len=1448 TSval=2916041850 TSecr=3045561625 [TCP segment of a reassembled PDU]"
"64433","37.770012745","192.168.1.55","192.168.1.2","TCP","1514","8004  >  36856 [ACK] Seq=275310 Ack=141 Win=65024 Len=1448 TSval=2916041850 TSecr=3045561625 [TCP segment of a reassembled PDU]"
"64434","37.770013653","192.168.1.55","192.168.1.2","TCP","1514","8004  >  36856 [ACK] Seq=276758 Ack=141 Win=65024 Len=1448 TSval=2916041850 TSecr=3045561625 [TCP segment of a reassembled PDU]"
"64435","37.770014745","192.168.1.55","192.168.1.2","TCP","1514","8004  >  36856 [ACK] Seq=278206 Ack=141 Win=65024 Len=1448 TSval=2916041850 TSecr=3045561625 [TCP segment of a reassembled PDU]"
"64436","37.770016023","192.168.1.55","192.168.1.2","TCP","1514","8004  >  36856 [PSH, ACK] Seq=279654 Ack=141 Win=65024 Len=1448 TSval=2916041850 TSecr=3045561625 [TCP segment of a reassembled PDU]"
"64437","37.771056099","192.168.1.55","192.168.1.2","TCP","1514","8004  >  36856 [ACK] Seq=281102 Ack=141 Win=65024 Len=1448 TSval=2916041851 TSecr=3045561625 [TCP segment of a reassembled PDU]"
"64438","37.771071136","192.168.1.55","192.168.1.2","TCP","1514","8004  >  36856 [ACK] Seq=282550 Ack=141 Win=65024 Len=1448 TSval=2916041851 TSecr=3045561625 [TCP segment of a reassembled PDU]"
"64439","37.771072395","192.168.1.55","192.168.1.2","TCP","1514","8004  >  36856 [PSH, ACK] Seq=283998 Ack=141 Win=65024 Len=1448 TSval=2916041851 TSecr=3045561625 [TCP segment of a reassembled PDU]"
"64440","37.774765883","192.168.1.2","192.168.1.55","TCP","66","36856  >  8004 [ACK] Seq=141 Ack=240558 Win=89088 Len=0 TSval=3045561627 TSecr=2916041850"
"64441","37.774829160","192.168.1.55","192.168.1.2","TCP","1514","8004  >  36856 [ACK] Seq=285446 Ack=141 Win=65024 Len=1448 TSval=2916041855 TSecr=3045561627 [TCP segment of a reassembled PDU]"
"64442","37.774833920","192.168.1.55","192.168.1.2","TCP","1514","8004  >  36856 [ACK] Seq=286894 Ack=141 Win=65024 Len=1448 TSval=2916041855 TSecr=3045561627 [TCP segment of a reassembled PDU]"
"64443","37.774835105","192.168.1.55","192.168.1.2","TCP","1514","8004  >  36856 [ACK] Seq=288342 Ack=141 Win=65024 Len=1448 TSval=2916041855 TSecr=3045561627 [TCP segment of a reassembled PDU]"
"64444","37.774837327","192.168.1.55","192.168.1.2","TCP","1514","8004  >  36856 [PSH, ACK] Seq=289790 Ack=141 Win=65024 Len=1448 TSval=2916041855 TSecr=3045561627 [TCP segment of a reassembled PDU]"
"64445","37.774929809","192.168.1.2","192.168.1.55","TCP","66","36856  >  8004 [ACK] Seq=141 Ack=244902 Win=92160 Len=0 TSval=3045561629 TSecr=2916041850"
"64446","37.774945753","192.168.1.2","192.168.1.55","TCP","66","36856  >  8004 [ACK] Seq=141 Ack=256486 Win=80896 Len=0 TSval=3045561629 TSecr=2916041850"
"64447","37.774966087","192.168.1.55","192.168.1.2","TCP","1514","8004  >  36856 [ACK] Seq=291238 Ack=141 Win=65024 Len=1448 TSval=2916041855 TSecr=3045561629 [TCP segment of a reassembled PDU]"
"64448","37.774968994","192.168.1.55","192.168.1.2","TCP","1514","8004  >  36856 [ACK] Seq=292686 Ack=141 Win=65024 Len=1448 TSval=2916041855 TSecr=3045561629 [TCP segment of a reassembled PDU]"
"64449","37.774970068","192.168.1.55","192.168.1.2","TCP","1514","8004  >  36856 [ACK] Seq=294134 Ack=141 Win=65024 Len=1448 TSval=2916041855 TSecr=3045561629 [TCP segment of a reassembled PDU]"
"64450","37.774971031","192.168.1.55","192.168.1.2","TCP","1514","8004  >  36856 [ACK] Seq=295582 Ack=141 Win=65024 Len=1448 TSval=2916041855 TSecr=3045561629 [TCP segment of a reassembled PDU]"
"64451","37.774972031","192.168.1.55","192.168.1.2","TCP","1514","8004  >  36856 [ACK] Seq=297030 Ack=141 Win=65024 Len=1448 TSval=2916041855 TSecr=3045561629 [TCP segment of a reassembled PDU]"
"64452","37.774973105","192.168.1.55","192.168.1.2","TCP","1514","8004  >  36856 [ACK] Seq=298478 Ack=141 Win=65024 Len=1448 TSval=2916041855 TSecr=3045561629 [TCP segment of a reassembled PDU]"
"64453","37.774975420","192.168.1.55","192.168.1.2","TCP","1514","8004  >  36856 [ACK] Seq=299926 Ack=141 Win=65024 Len=1448 TSval=2916041855 TSecr=3045561629 [TCP segment of a reassembled PDU]"
"64454","37.774977124","192.168.1.55","192.168.1.2","TCP","1514","8004  >  36856 [PSH, ACK] Seq=301374 Ack=141 Win=65024 Len=1448 TSval=2916041855 TSecr=3045561629 [TCP segment of a reassembled PDU]"
"64455","37.774983772","192.168.1.2","192.168.1.55","TCP","66","36856  >  8004 [ACK] Seq=141 Ack=265174 Win=72704 Len=0 TSval=3045561629 TSecr=2916041850"
"64456","37.774992513","192.168.1.2","192.168.1.55","TCP","66","36856  >  8004 [ACK] Seq=141 Ack=281102 Win=82944 Len=0 TSval=3045561629 TSecr=2916041850"
"64457","37.775021753","192.168.1.55","192.168.1.2","TCP","1514","8004  >  36856 [ACK] Seq=302822 Ack=141 Win=65024 Len=1448 TSval=2916041855 TSecr=3045561629 [TCP segment of a reassembled PDU]"
"64458","37.775023179","192.168.1.55","192.168.1.2","TCP","1514","8004  >  36856 [ACK] Seq=304270 Ack=141 Win=65024 Len=1448 TSval=2916041855 TSecr=3045561629 [TCP segment of a reassembled PDU]"
"64459","37.775025679","192.168.1.55","192.168.1.2","TCP","1514","8004  >  36856 [ACK] Seq=305718 Ack=141 Win=65024 Len=1448 TSval=2916041855 TSecr=3045561629 [TCP segment of a reassembled PDU]"
"64460","37.775026939","192.168.1.55","192.168.1.2","TCP","1514","8004  >  36856 [ACK] Seq=307166 Ack=141 Win=65024 Len=1448 TSval=2916041855 TSecr=3045561629 [TCP segment of a reassembled PDU]"
"64461","37.775028105","192.168.1.55","192.168.1.2","TCP","1514","8004  >  36856 [ACK] Seq=308614 Ack=141 Win=65024 Len=1448 TSval=2916041855 TSecr=3045561629 [TCP segment of a reassembled PDU]"
"64462","37.775029050","192.168.1.55","192.168.1.2","TCP","1514","8004  >  36856 [ACK] Seq=310062 Ack=141 Win=65024 Len=1448 TSval=2916041855 TSecr=3045561629 [TCP segment of a reassembled PDU]"
"64463","37.775030031","192.168.1.55","192.168.1.2","TCP","1514","8004  >  36856 [ACK] Seq=311510 Ack=141 Win=65024 Len=1448 TSval=2916041855 TSecr=3045561629 [TCP segment of a reassembled PDU]"
"64464","37.775030957","192.168.1.55","192.168.1.2","TCP","1514","8004  >  36856 [ACK] Seq=312958 Ack=141 Win=65024 Len=1448 TSval=2916041855 TSecr=3045561629 [TCP segment of a reassembled PDU]"
"64465","37.775031957","192.168.1.55","192.168.1.2","TCP","1514","8004  >  36856 [ACK] Seq=314406 Ack=141 Win=65024 Len=1448 TSval=2916041855 TSecr=3045561629 [TCP segment of a reassembled PDU]"
"64466","37.775033235","192.168.1.55","192.168.1.2","TCP","1514","8004  >  36856 [ACK] Seq=315854 Ack=141 Win=65024 Len=1448 TSval=2916041855 TSecr=3045561629 [TCP segment of a reassembled PDU]"
"64467","37.775036272","192.168.1.55","192.168.1.2","TCP","1514","8004  >  36856 [ACK] Seq=317302 Ack=141 Win=65024 Len=1448 TSval=2916041855 TSecr=3045561629 [TCP segment of a reassembled PDU]"
"64468","37.775037827","192.168.1.55","192.168.1.2","TCP","1514","8004  >  36856 [ACK] Seq=318750 Ack=141 Win=65024 Len=1448 TSval=2916041855 TSecr=3045561629 [TCP segment of a reassembled PDU]"
"64469","37.775039216","192.168.1.55","192.168.1.2","TCP","1514","8004  >  36856 [ACK] Seq=320198 Ack=141 Win=65024 Len=1448 TSval=2916041855 TSecr=3045561629 [TCP segment of a reassembled PDU]"
"64470","37.775040198","192.168.1.55","192.168.1.2","TCP","1514","8004  >  36856 [ACK] Seq=321646 Ack=141 Win=65024 Len=1448 TSval=2916041855 TSecr=3045561629 [TCP segment of a reassembled PDU]"
"64471","37.775041420","192.168.1.55","192.168.1.2","TCP","1514","8004  >  36856 [ACK] Seq=323094 Ack=141 Win=65024 Len=1448 TSval=2916041855 TSecr=3045561629 [TCP segment of a reassembled PDU]"
"64472","37.775042531","192.168.1.55","192.168.1.2","TCP","1514","8004  >  36856 [ACK] Seq=324542 Ack=141 Win=65024 Len=1448 TSval=2916041855 TSecr=3045561629 [TCP segment of a reassembled PDU]"
"64473","37.775043753","192.168.1.55","192.168.1.2","TCP","1514","8004  >  36856 [ACK] Seq=325990 Ack=141 Win=65024 Len=1448 TSval=2916041855 TSecr=3045561629 [TCP segment of a reassembled PDU]"
"64474","37.775045216","192.168.1.55","192.168.1.2","TCP","1514","8004  >  36856 [PSH, ACK] Seq=327438 Ack=141 Win=65024 Len=1448 TSval=2916041855 TSecr=3045561629 [TCP segment of a reassembled PDU]"
"64475","37.776168811","192.168.1.55","192.168.1.2","TCP","1514","8004  >  36856 [ACK] Seq=328886 Ack=141 Win=65024 Len=1448 TSval=2916041856 TSecr=3045561629 [TCP segment of a reassembled PDU]"
"64476","37.776173089","192.168.1.55","192.168.1.2","TCP","1514","8004  >  36856 [ACK] Seq=330334 Ack=141 Win=65024 Len=1448 TSval=2916041856 TSecr=3045561629 [TCP segment of a reassembled PDU]"
"64477","37.776174329","192.168.1.55","192.168.1.2","TCP","1514","8004  >  36856 [PSH, ACK] Seq=331782 Ack=141 Win=65024 Len=1448 TSval=2916041856 TSecr=3045561629 [TCP segment of a reassembled PDU]"
"64478","37.778488092","192.168.1.2","192.168.1.55","TCP","66","36856  >  8004 [ACK] Seq=141 Ack=285446 Win=91136 Len=0 TSval=3045561631 TSecr=2916041851"
"64479","37.778523407","192.168.1.55","192.168.1.2","TCP","1514","8004  >  36856 [ACK] Seq=333230 Ack=141 Win=65024 Len=1448 TSval=2916041859 TSecr=3045561631 [TCP segment of a reassembled PDU]"
"64480","37.778528037","192.168.1.55","192.168.1.2","TCP","1514","8004  >  36856 [ACK] Seq=334678 Ack=141 Win=65024 Len=1448 TSval=2916041859 TSecr=3045561631 [TCP segment of a reassembled PDU]"
"64481","37.778530666","192.168.1.55","192.168.1.2","TCP","1514","8004  >  36856 [ACK] Seq=336126 Ack=141 Win=65024 Len=1448 TSval=2916041859 TSecr=3045561631 [TCP segment of a reassembled PDU]"
"64482","37.778532241","192.168.1.55","192.168.1.2","TCP","1514","8004  >  36856 [PSH, ACK] Seq=337574 Ack=141 Win=65024 Len=1448 TSval=2916041859 TSecr=3045561631 [TCP segment of a reassembled PDU]"
"64483","37.780373669","192.168.1.2","192.168.1.55","TCP","66","36856  >  8004 [ACK] Seq=141 Ack=302822 Win=78848 Len=0 TSval=3045561634 TSecr=2916041855"
"64484","37.780393058","192.168.1.55","192.168.1.2","TCP","1514","8004  >  36856 [ACK] Seq=339022 Ack=141 Win=65024 Len=1448 TSval=2916041861 TSecr=3045561634 [TCP segment of a reassembled PDU]"
"64485","37.780395466","192.168.1.55","192.168.1.2","TCP","1514","8004  >  36856 [ACK] Seq=340470 Ack=141 Win=65024 Len=1448 TSval=2916041861 TSecr=3045561634 [TCP segment of a reassembled PDU]"
"64486","37.780396799","192.168.1.55","192.168.1.2","TCP","1514","8004  >  36856 [ACK] Seq=341918 Ack=141 Win=65024 Len=1448 TSval=2916041861 TSecr=3045561634 [TCP segment of a reassembled PDU]"
"64487","37.780398225","192.168.1.55","192.168.1.2","TCP","1514","8004  >  36856 [ACK] Seq=343366 Ack=141 Win=65024 Len=1448 TSval=2916041861 TSecr=3045561634 [TCP segment of a reassembled PDU]"
"64488","37.780399595","192.168.1.55","192.168.1.2","TCP","1514","8004  >  36856 [ACK] Seq=344814 Ack=141 Win=65024 Len=1448 TSval=2916041861 TSecr=3045561634 [TCP segment of a reassembled PDU]"
"64489","37.780400984","192.168.1.55","192.168.1.2","TCP","1514","8004  >  36856 [ACK] Seq=346262 Ack=141 Win=65024 Len=1448 TSval=2916041861 TSecr=3045561634 [TCP segment of a reassembled PDU]"
"64490","37.780402281","192.168.1.55","192.168.1.2","TCP","1514","8004  >  36856 [PSH, ACK] Seq=347710 Ack=141 Win=65024 Len=1448 TSval=2916041861 TSecr=3045561634 [TCP segment of a reassembled PDU]"
"64491","37.780742522","192.168.1.2","192.168.1.55","TCP","66","36856  >  8004 [ACK] Seq=141 Ack=323094 Win=59392 Len=0 TSval=3045561634 TSecr=2916041855"
"64492","37.780776189","192.168.1.55","192.168.1.2","TCP","1514","8004  >  36856 [ACK] Seq=349158 Ack=141 Win=65024 Len=1448 TSval=2916041861 TSecr=3045561634 [TCP segment of a reassembled PDU]"
"64493","37.780779022","192.168.1.55","192.168.1.2","TCP","1514","8004  >  36856 [ACK] Seq=350606 Ack=141 Win=65024 Len=1448 TSval=2916041861 TSecr=3045561634 [TCP segment of a reassembled PDU]"
"64494","37.780780559","192.168.1.55","192.168.1.2","TCP","1514","8004  >  36856 [ACK] Seq=352054 Ack=141 Win=65024 Len=1448 TSval=2916041861 TSecr=3045561634 [TCP segment of a reassembled PDU]"
"64495","37.780781874","192.168.1.55","192.168.1.2","TCP","1514","8004  >  36856 [ACK] Seq=353502 Ack=141 Win=65024 Len=1448 TSval=2916041861 TSecr=3045561634 [TCP segment of a reassembled PDU]"
"64496","37.780783466","192.168.1.55","192.168.1.2","TCP","1514","8004  >  36856 [ACK] Seq=354950 Ack=141 Win=65024 Len=1448 TSval=2916041861 TSecr=3045561634 [TCP segment of a reassembled PDU]"
"64497","37.780784818","192.168.1.55","192.168.1.2","TCP","1514","8004  >  36856 [ACK] Seq=356398 Ack=141 Win=65024 Len=1448 TSval=2916041861 TSecr=3045561634 [TCP segment of a reassembled PDU]"
"64498","37.780785966","192.168.1.55","192.168.1.2","TCP","1514","8004  >  36856 [ACK] Seq=357846 Ack=141 Win=65024 Len=1448 TSval=2916041861 TSecr=3045561634 [TCP segment of a reassembled PDU]"
"64499","37.780787263","192.168.1.55","192.168.1.2","TCP","1514","8004  >  36856 [ACK] Seq=359294 Ack=141 Win=65024 Len=1448 TSval=2916041861 TSecr=3045561634 [TCP segment of a reassembled PDU]"
"64500","37.780788466","192.168.1.55","192.168.1.2","TCP","1514","8004  >  36856 [ACK] Seq=360742 Ack=141 Win=65024 Len=1448 TSval=2916041861 TSecr=3045561634 [TCP segment of a reassembled PDU]"
"64501","37.780789540","192.168.1.55","192.168.1.2","TCP","1514","8004  >  36856 [ACK] Seq=362190 Ack=141 Win=65024 Len=1448 TSval=2916041861 TSecr=3045561634 [TCP segment of a reassembled PDU]"
"64502","37.780791281","192.168.1.55","192.168.1.2","TCP","1514","8004  >  36856 [ACK] Seq=363638 Ack=141 Win=65024 Len=1448 TSval=2916041861 TSecr=3045561634 [TCP segment of a reassembled PDU]"
"64503","37.780792596","192.168.1.55","192.168.1.2","TCP","1514","8004  >  36856 [ACK] Seq=365086 Ack=141 Win=65024 Len=1448 TSval=2916041861 TSecr=3045561634 [TCP segment of a reassembled PDU]"
"64504","37.780794022","192.168.1.55","192.168.1.2","TCP","1514","8004  >  36856 [ACK] Seq=366534 Ack=141 Win=65024 Len=1448 TSval=2916041861 TSecr=3045561634 [TCP segment of a reassembled PDU]"
"64505","37.780795318","192.168.1.55","192.168.1.2","TCP","1514","8004  >  36856 [ACK] Seq=367982 Ack=141 Win=65024 Len=1448 TSval=2916041861 TSecr=3045561634 [TCP segment of a reassembled PDU]"
"64506","37.780796448","192.168.1.55","192.168.1.2","TCP","1514","8004  >  36856 [ACK] Seq=369430 Ack=141 Win=65024 Len=1448 TSval=2916041861 TSecr=3045561634 [TCP segment of a reassembled PDU]"
"64507","37.780798337","192.168.1.55","192.168.1.2","TCP","1514","8004  >  36856 [ACK] Seq=370878 Ack=141 Win=65024 Len=1448 TSval=2916041861 TSecr=3045561634 [TCP segment of a reassembled PDU]"
"64508","37.780799652","192.168.1.55","192.168.1.2","TCP","1514","8004  >  36856 [ACK] Seq=372326 Ack=141 Win=65024 Len=1448 TSval=2916041861 TSecr=3045561634 [TCP segment of a reassembled PDU]"
"64509","37.780800929","192.168.1.55","192.168.1.2","TCP","1514","8004  >  36856 [ACK] Seq=373774 Ack=141 Win=65024 Len=1448 TSval=2916041861 TSecr=3045561634 [TCP segment of a reassembled PDU]"
"64510","37.780802152","192.168.1.55","192.168.1.2","TCP","1514","8004  >  36856 [PSH, ACK] Seq=375222 Ack=141 Win=65024 Len=1448 TSval=2916041861 TSecr=3045561634 [TCP segment of a reassembled PDU]"
"64511","37.781555023","192.168.1.2","192.168.1.55","TCP","66","36856  >  8004 [ACK] Seq=141 Ack=328886 Win=90112 Len=0 TSval=3045561636 TSecr=2916041855"
"64512","37.781588523","192.168.1.2","192.168.1.55","TCP","66","36856  >  8004 [ACK] Seq=141 Ack=339022 Win=80896 Len=0 TSval=3045561636 TSecr=2916041856"
"64513","37.781610153","192.168.1.55","192.168.1.2","TCP","1514","8004  >  36856 [ACK] Seq=376670 Ack=141 Win=65024 Len=1448 TSval=2916041862 TSecr=3045561636 [TCP segment of a reassembled PDU]"
"64514","37.781611838","192.168.1.55","192.168.1.2","TCP","1514","8004  >  36856 [ACK] Seq=378118 Ack=141 Win=65024 Len=1448 TSval=2916041862 TSecr=3045561636 [TCP segment of a reassembled PDU]"
"64515","37.781613097","192.168.1.55","192.168.1.2","TCP","1514","8004  >  36856 [ACK] Seq=379566 Ack=141 Win=65024 Len=1448 TSval=2916041862 TSecr=3045561636 [TCP segment of a reassembled PDU]"
"64516","37.781614801","192.168.1.55","192.168.1.2","TCP","1514","8004  >  36856 [ACK] Seq=381014 Ack=141 Win=65024 Len=1448 TSval=2916041862 TSecr=3045561636 [TCP segment of a reassembled PDU]"
"64517","37.781616394","192.168.1.55","192.168.1.2","TCP","1514","8004  >  36856 [ACK] Seq=382462 Ack=141 Win=65024 Len=1448 TSval=2916041862 TSecr=3045561636 [TCP segment of a reassembled PDU]"
"64518","37.781617523","192.168.1.55","192.168.1.2","TCP","1514","8004  >  36856 [ACK] Seq=383910 Ack=141 Win=65024 Len=1448 TSval=2916041862 TSecr=3045561636 [TCP segment of a reassembled PDU]"
"64519","37.781619486","192.168.1.55","192.168.1.2","TCP","1514","8004  >  36856 [ACK] Seq=385358 Ack=141 Win=65024 Len=1448 TSval=2916041862 TSecr=3045561636 [TCP segment of a reassembled PDU]"
"64520","37.781621042","192.168.1.55","192.168.1.2","TCP","1514","8004  >  36856 [ACK] Seq=386806 Ack=141 Win=65024 Len=1448 TSval=2916041862 TSecr=3045561636 [TCP segment of a reassembled PDU]"
"64521","37.781622486","192.168.1.55","192.168.1.2","TCP","1514","8004  >  36856 [ACK] Seq=388254 Ack=141 Win=65024 Len=1448 TSval=2916041862 TSecr=3045561636 [TCP segment of a reassembled PDU]"
"64522","37.781623727","192.168.1.55","192.168.1.2","TCP","1514","8004  >  36856 [ACK] Seq=389702 Ack=141 Win=65024 Len=1448 TSval=2916041862 TSecr=3045561636 [TCP segment of a reassembled PDU]"
"64523","37.781626060","192.168.1.55","192.168.1.2","TCP","1514","8004  >  36856 [ACK] Seq=391150 Ack=141 Win=65024 Len=1448 TSval=2916041862 TSecr=3045561636 [TCP segment of a reassembled PDU]"
"64524","37.781627820","192.168.1.55","192.168.1.2","TCP","1514","8004  >  36856 [PSH, ACK] Seq=392598 Ack=141 Win=65024 Len=1448 TSval=2916041862 TSecr=3045561636 [TCP segment of a reassembled PDU]"
"64525","37.787004125","192.168.1.2","192.168.1.55","TCP","66","36856  >  8004 [ACK] Seq=141 Ack=349158 Win=86016 Len=0 TSval=3045561640 TSecr=2916041861"
"64526","37.787024588","192.168.1.55","192.168.1.2","TCP","1514","8004  >  36856 [ACK] Seq=394046 Ack=141 Win=65024 Len=1448 TSval=2916041867 TSecr=3045561640 [TCP segment of a reassembled PDU]"
"64527","37.787165847","192.168.1.2","192.168.1.55","TCP","66","36856  >  8004 [ACK] Seq=141 Ack=372326 Win=75776 Len=0 TSval=3045561640 TSecr=2916041861"
"64528","37.787211088","192.168.1.55","192.168.1.2","TCP","1514","8004  >  36856 [ACK] Seq=395494 Ack=141 Win=65024 Len=1448 TSval=2916041867 TSecr=3045561640 [TCP segment of a reassembled PDU]"
"64529","37.787214514","192.168.1.55","192.168.1.2","TCP","1514","8004  >  36856 [ACK] Seq=396942 Ack=141 Win=65024 Len=1448 TSval=2916041867 TSecr=3045561640 [TCP segment of a reassembled PDU]"
"64530","37.787215995","192.168.1.55","192.168.1.2","TCP","1514","8004  >  36856 [ACK] Seq=398390 Ack=141 Win=65024 Len=1448 TSval=2916041867 TSecr=3045561640 [TCP segment of a reassembled PDU]"
"64531","37.787217532","192.168.1.55","192.168.1.2","TCP","1514","8004  >  36856 [ACK] Seq=399838 Ack=141 Win=65024 Len=1448 TSval=2916041867 TSecr=3045561640 [TCP segment of a reassembled PDU]"
"64532","37.787218810","192.168.1.55","192.168.1.2","TCP","1514","8004  >  36856 [ACK] Seq=401286 Ack=141 Win=65024 Len=1448 TSval=2916041867 TSecr=3045561640 [TCP segment of a reassembled PDU]"
"64533","37.787220421","192.168.1.55","192.168.1.2","TCP","1514","8004  >  36856 [ACK] Seq=402734 Ack=141 Win=65024 Len=1448 TSval=2916041867 TSecr=3045561640 [TCP segment of a reassembled PDU]"
"64534","37.787222606","192.168.1.55","192.168.1.2","TCP","1514","8004  >  36856 [ACK] Seq=404182 Ack=141 Win=65024 Len=1448 TSval=2916041867 TSecr=3045561640 [TCP segment of a reassembled PDU]"
"64535","37.787223755","192.168.1.55","192.168.1.2","TCP","1514","8004  >  36856 [ACK] Seq=405630 Ack=141 Win=65024 Len=1448 TSval=2916041867 TSecr=3045561640 [TCP segment of a reassembled PDU]"
"64536","37.787225384","192.168.1.55","192.168.1.2","TCP","1514","8004  >  36856 [ACK] Seq=407078 Ack=141 Win=65024 Len=1448 TSval=2916041867 TSecr=3045561640 [TCP segment of a reassembled PDU]"
"64537","37.787227810","192.168.1.55","192.168.1.2","TCP","1514","8004  >  36856 [ACK] Seq=408526 Ack=141 Win=65024 Len=1448 TSval=2916041867 TSecr=3045561640 [TCP segment of a reassembled PDU]"
"64538","37.787229495","192.168.1.55","192.168.1.2","TCP","1514","8004  >  36856 [ACK] Seq=409974 Ack=141 Win=65024 Len=1448 TSval=2916041867 TSecr=3045561640 [TCP segment of a reassembled PDU]"
"64539","37.787230940","192.168.1.55","192.168.1.2","TCP","1514","8004  >  36856 [ACK] Seq=411422 Ack=141 Win=65024 Len=1448 TSval=2916041867 TSecr=3045561640 [TCP segment of a reassembled PDU]"
"64540","37.787233403","192.168.1.55","192.168.1.2","TCP","1514","8004  >  36856 [ACK] Seq=412870 Ack=141 Win=65024 Len=1448 TSval=2916041867 TSecr=3045561640 [TCP segment of a reassembled PDU]"
"64541","37.787235310","192.168.1.55","192.168.1.2","TCP","1514","8004  >  36856 [ACK] Seq=414318 Ack=141 Win=65024 Len=1448 TSval=2916041867 TSecr=3045561640 [TCP segment of a reassembled PDU]"
"64542","37.787236366","192.168.1.55","192.168.1.2","TCP","1514","8004  >  36856 [ACK] Seq=415766 Ack=141 Win=65024 Len=1448 TSval=2916041867 TSecr=3045561640 [TCP segment of a reassembled PDU]"
"64543","37.787237718","192.168.1.55","192.168.1.2","TCP","1514","8004  >  36856 [ACK] Seq=417214 Ack=141 Win=65024 Len=1448 TSval=2916041867 TSecr=3045561640 [TCP segment of a reassembled PDU]"
"64544","37.787239792","192.168.1.55","192.168.1.2","TCP","1514","8004  >  36856 [ACK] Seq=418662 Ack=141 Win=65024 Len=1448 TSval=2916041867 TSecr=3045561640 [TCP segment of a reassembled PDU]"
"64545","37.787241366","192.168.1.55","192.168.1.2","TCP","1514","8004  >  36856 [ACK] Seq=420110 Ack=141 Win=65024 Len=1448 TSval=2916041867 TSecr=3045561640 [TCP segment of a reassembled PDU]"
"64546","37.787242477","192.168.1.55","192.168.1.2","TCP","1514","8004  >  36856 [ACK] Seq=421558 Ack=141 Win=65024 Len=1448 TSval=2916041867 TSecr=3045561640 [TCP segment of a reassembled PDU]"
"64547","37.787243718","192.168.1.55","192.168.1.2","TCP","1514","8004  >  36856 [PSH, ACK] Seq=423006 Ack=141 Win=65024 Len=1448 TSval=2916041867 TSecr=3045561640 [TCP segment of a reassembled PDU]"
"64548","37.788052460","192.168.1.2","192.168.1.55","TCP","66","36856  >  8004 [ACK] Seq=141 Ack=376670 Win=92160 Len=0 TSval=3045561642 TSecr=2916041861"
"64549","37.788083293","192.168.1.2","192.168.1.55","TCP","66","36856  >  8004 [ACK] Seq=141 Ack=394046 Win=75776 Len=0 TSval=3045561642 TSecr=2916041862"
"64550","37.788102089","192.168.1.55","192.168.1.2","TCP","1514","8004  >  36856 [ACK] Seq=424454 Ack=141 Win=65024 Len=1448 TSval=2916041868 TSecr=3045561642 [TCP segment of a reassembled PDU]"
"64551","37.788103793","192.168.1.55","192.168.1.2","TCP","1514","8004  >  36856 [ACK] Seq=425902 Ack=141 Win=65024 Len=1448 TSval=2916041868 TSecr=3045561642 [TCP segment of a reassembled PDU]"
"64552","37.788105015","192.168.1.55","192.168.1.2","TCP","1514","8004  >  36856 [ACK] Seq=427350 Ack=141 Win=65024 Len=1448 TSval=2916041868 TSecr=3045561642 [TCP segment of a reassembled PDU]"
"64553","37.788106163","192.168.1.55","192.168.1.2","TCP","1514","8004  >  36856 [ACK] Seq=428798 Ack=141 Win=65024 Len=1448 TSval=2916041868 TSecr=3045561642 [TCP segment of a reassembled PDU]"
"64554","37.788107219","192.168.1.55","192.168.1.2","TCP","1514","8004  >  36856 [ACK] Seq=430246 Ack=141 Win=65024 Len=1448 TSval=2916041868 TSecr=3045561642 [TCP segment of a reassembled PDU]"
"64555","37.788108275","192.168.1.55","192.168.1.2","TCP","1514","8004  >  36856 [ACK] Seq=431694 Ack=141 Win=65024 Len=1448 TSval=2916041868 TSecr=3045561642 [TCP segment of a reassembled PDU]"
"64556","37.788109460","192.168.1.55","192.168.1.2","TCP","1514","8004  >  36856 [ACK] Seq=433142 Ack=141 Win=65024 Len=1448 TSval=2916041868 TSecr=3045561642 [TCP segment of a reassembled PDU]"
"64557","37.788110645","192.168.1.55","192.168.1.2","TCP","1514","8004  >  36856 [ACK] Seq=434590 Ack=141 Win=65024 Len=1448 TSval=2916041868 TSecr=3045561642 [TCP segment of a reassembled PDU]"
"64558","37.788111719","192.168.1.55","192.168.1.2","TCP","1514","8004  >  36856 [ACK] Seq=436038 Ack=141 Win=65024 Len=1448 TSval=2916041868 TSecr=3045561642 [TCP segment of a reassembled PDU]"
"64559","37.788112812","192.168.1.55","192.168.1.2","TCP","1514","8004  >  36856 [ACK] Seq=437486 Ack=141 Win=65024 Len=1448 TSval=2916041868 TSecr=3045561642 [TCP segment of a reassembled PDU]"
"64560","37.788113997","192.168.1.55","192.168.1.2","TCP","1514","8004  >  36856 [ACK] Seq=438934 Ack=141 Win=65024 Len=1448 TSval=2916041868 TSecr=3045561642 [TCP segment of a reassembled PDU]"
"64561","37.788115126","192.168.1.55","192.168.1.2","TCP","1514","8004  >  36856 [PSH, ACK] Seq=440382 Ack=141 Win=65024 Len=1448 TSval=2916041868 TSecr=3045561642 [TCP segment of a reassembled PDU]"
"64562","37.788589479","192.168.1.55","192.168.1.2","TCP","1514","8004  >  36856 [ACK] Seq=441830 Ack=141 Win=65024 Len=1448 TSval=2916041869 TSecr=3045561642 [TCP segment of a reassembled PDU]"
"64563","37.788591164","192.168.1.55","192.168.1.2","TCP","1514","8004  >  36856 [ACK] Seq=443278 Ack=141 Win=65024 Len=1448 TSval=2916041869 TSecr=3045561642 [TCP segment of a reassembled PDU]"
"64564","37.788592442","192.168.1.55","192.168.1.2","TCP","1514","8004  >  36856 [ACK] Seq=444726 Ack=141 Win=65024 Len=1448 TSval=2916041869 TSecr=3045561642 [TCP segment of a reassembled PDU]"
"64565","37.788593868","192.168.1.55","192.168.1.2","TCP","1514","8004  >  36856 [ACK] Seq=446174 Ack=141 Win=65024 Len=1448 TSval=2916041869 TSecr=3045561642 [TCP segment of a reassembled PDU]"
"64566","37.788595535","192.168.1.55","192.168.1.2","TCP","1514","8004  >  36856 [ACK] Seq=447622 Ack=141 Win=65024 Len=1448 TSval=2916041869 TSecr=3045561642 [TCP segment of a reassembled PDU]"
"64567","37.788596775","192.168.1.55","192.168.1.2","TCP","1514","8004  >  36856 [ACK] Seq=449070 Ack=141 Win=65024 Len=1448 TSval=2916041869 TSecr=3045561642 [TCP segment of a reassembled PDU]"
"64568","37.788598072","192.168.1.55","192.168.1.2","TCP","1514","8004  >  36856 [PSH, ACK] Seq=450518 Ack=141 Win=65024 Len=1448 TSval=2916041869 TSecr=3045561642 [TCP segment of a reassembled PDU]"
"64569","37.792140577","192.168.1.2","192.168.1.55","TCP","66","36856  >  8004 [ACK] Seq=141 Ack=424454 Win=66560 Len=0 TSval=3045561647 TSecr=2916041867"
"64570","37.792166300","192.168.1.55","192.168.1.2","TCP","1514","8004  >  36856 [ACK] Seq=451966 Ack=141 Win=65024 Len=1448 TSval=2916041872 TSecr=3045561647 [TCP segment of a reassembled PDU]"
"64571","37.792169133","192.168.1.55","192.168.1.2","TCP","1514","8004  >  36856 [ACK] Seq=453414 Ack=141 Win=65024 Len=1448 TSval=2916041872 TSecr=3045561647 [TCP segment of a reassembled PDU]"
"64572","37.792170540","192.168.1.55","192.168.1.2","TCP","1514","8004  >  36856 [ACK] Seq=454862 Ack=141 Win=65024 Len=1448 TSval=2916041872 TSecr=3045561647 [TCP segment of a reassembled PDU]"
"64573","37.792171837","192.168.1.55","192.168.1.2","TCP","1514","8004  >  36856 [ACK] Seq=456310 Ack=141 Win=65024 Len=1448 TSval=2916041872 TSecr=3045561647 [TCP segment of a reassembled PDU]"
"64574","37.792173263","192.168.1.55","192.168.1.2","TCP","1514","8004  >  36856 [ACK] Seq=457758 Ack=141 Win=65024 Len=1448 TSval=2916041872 TSecr=3045561647 [TCP segment of a reassembled PDU]"
"64575","37.792174726","192.168.1.55","192.168.1.2","TCP","1514","8004  >  36856 [ACK] Seq=459206 Ack=141 Win=65024 Len=1448 TSval=2916041872 TSecr=3045561647 [TCP segment of a reassembled PDU]"
"64576","37.792176170","192.168.1.55","192.168.1.2","TCP","1514","8004  >  36856 [ACK] Seq=460654 Ack=141 Win=65024 Len=1448 TSval=2916041872 TSecr=3045561647 [TCP segment of a reassembled PDU]"
"64577","37.792177652","192.168.1.55","192.168.1.2","TCP","1514","8004  >  36856 [ACK] Seq=462102 Ack=141 Win=65024 Len=1448 TSval=2916041872 TSecr=3045561647 [TCP segment of a reassembled PDU]"
"64578","37.792178966","192.168.1.55","192.168.1.2","TCP","1514","8004  >  36856 [ACK] Seq=463550 Ack=141 Win=65024 Len=1448 TSval=2916041872 TSecr=3045561647 [TCP segment of a reassembled PDU]"
"64579","37.792180485","192.168.1.55","192.168.1.2","TCP","1514","8004  >  36856 [ACK] Seq=464998 Ack=141 Win=65024 Len=1448 TSval=2916041872 TSecr=3045561647 [TCP segment of a reassembled PDU]"
"64580","37.792181892","192.168.1.55","192.168.1.2","TCP","1514","8004  >  36856 [ACK] Seq=466446 Ack=141 Win=65024 Len=1448 TSval=2916041872 TSecr=3045561647 [TCP segment of a reassembled PDU]"
"64581","37.792183392","192.168.1.55","192.168.1.2","TCP","1514","8004  >  36856 [ACK] Seq=467894 Ack=141 Win=65024 Len=1448 TSval=2916041872 TSecr=3045561647 [TCP segment of a reassembled PDU]"
"64582","37.792184689","192.168.1.55","192.168.1.2","TCP","1514","8004  >  36856 [ACK] Seq=469342 Ack=141 Win=65024 Len=1448 TSval=2916041872 TSecr=3045561647 [TCP segment of a reassembled PDU]"
"64583","37.792186077","192.168.1.55","192.168.1.2","TCP","1514","8004  >  36856 [ACK] Seq=470790 Ack=141 Win=65024 Len=1448 TSval=2916041872 TSecr=3045561647 [TCP segment of a reassembled PDU]"
"64584","37.792187485","192.168.1.55","192.168.1.2","TCP","1514","8004  >  36856 [ACK] Seq=472238 Ack=141 Win=65024 Len=1448 TSval=2916041872 TSecr=3045561647 [TCP segment of a reassembled PDU]"
"64585","37.792188874","192.168.1.55","192.168.1.2","TCP","1514","8004  >  36856 [ACK] Seq=473686 Ack=141 Win=65024 Len=1448 TSval=2916041872 TSecr=3045561647 [TCP segment of a reassembled PDU]"
"64586","37.792190689","192.168.1.55","192.168.1.2","TCP","1514","8004  >  36856 [ACK] Seq=475134 Ack=141 Win=65024 Len=1448 TSval=2916041872 TSecr=3045561647 [TCP segment of a reassembled PDU]"
"64587","37.792191966","192.168.1.55","192.168.1.2","TCP","1514","8004  >  36856 [ACK] Seq=476582 Ack=141 Win=65024 Len=1448 TSval=2916041872 TSecr=3045561647 [TCP segment of a reassembled PDU]"
"64588","37.792193355","192.168.1.55","192.168.1.2","TCP","1514","8004  >  36856 [ACK] Seq=478030 Ack=141 Win=65024 Len=1448 TSval=2916041872 TSecr=3045561647 [TCP segment of a reassembled PDU]"
"64589","37.792194707","192.168.1.55","192.168.1.2","TCP","1514","8004  >  36856 [PSH, ACK] Seq=479478 Ack=141 Win=65024 Len=1448 TSval=2916041872 TSecr=3045561647 [TCP segment of a reassembled PDU]"
"64590","37.792249726","192.168.1.2","192.168.1.55","TCP","66","36856  >  8004 [ACK] Seq=141 Ack=443278 Win=48128 Len=0 TSval=3045561647 TSecr=2916041868"
"64591","37.793008894","192.168.1.55","192.168.1.2","TCP","1514","8004  >  36856 [ACK] Seq=480926 Ack=141 Win=65024 Len=1448 TSval=2916041873 TSecr=3045561647 [TCP segment of a reassembled PDU]"
"64592","37.793011264","192.168.1.55","192.168.1.2","TCP","1514","8004  >  36856 [ACK] Seq=482374 Ack=141 Win=65024 Len=1448 TSval=2916041873 TSecr=3045561647 [TCP segment of a reassembled PDU]"
"64593","37.793012653","192.168.1.55","192.168.1.2","TCP","1514","8004  >  36856 [ACK] Seq=483822 Ack=141 Win=65024 Len=1448 TSval=2916041873 TSecr=3045561647 [TCP segment of a reassembled PDU]"
"64594","37.793014023","192.168.1.55","192.168.1.2","TCP","1514","8004  >  36856 [ACK] Seq=485270 Ack=141 Win=65024 Len=1448 TSval=2916041873 TSecr=3045561647 [TCP segment of a reassembled PDU]"
"64595","37.793015338","192.168.1.55","192.168.1.2","TCP","1514","8004  >  36856 [PSH, ACK] Seq=486718 Ack=141 Win=65024 Len=1448 TSval=2916041873 TSecr=3045561647 [TCP segment of a reassembled PDU]"
"64596","37.793054634","192.168.1.2","192.168.1.55","TCP","66","36856  >  8004 [ACK] Seq=141 Ack=451966 Win=86016 Len=0 TSval=3045561648 TSecr=2916041869"
"64597","37.793070986","192.168.1.55","192.168.1.2","TCP","1514","8004  >  36856 [ACK] Seq=488166 Ack=141 Win=65024 Len=1448 TSval=2916041873 TSecr=3045561648 [TCP segment of a reassembled PDU]"
"64598","37.793072727","192.168.1.55","192.168.1.2","TCP","1514","8004  >  36856 [ACK] Seq=489614 Ack=141 Win=65024 Len=1448 TSval=2916041873 TSecr=3045561648 [TCP segment of a reassembled PDU]"
"64599","37.793074172","192.168.1.55","192.168.1.2","TCP","1514","8004  >  36856 [ACK] Seq=491062 Ack=141 Win=65024 Len=1448 TSval=2916041873 TSecr=3045561648 [TCP segment of a reassembled PDU]"
"64600","37.793080783","192.168.1.55","192.168.1.2","TCP","1514","8004  >  36856 [ACK] Seq=492510 Ack=141 Win=65024 Len=1448 TSval=2916041873 TSecr=3045561648 [TCP segment of a reassembled PDU]"
"64601","37.793082597","192.168.1.55","192.168.1.2","TCP","1514","8004  >  36856 [ACK] Seq=493958 Ack=141 Win=65024 Len=1448 TSval=2916041873 TSecr=3045561648 [TCP segment of a reassembled PDU]"
"64602","37.793084005","192.168.1.55","192.168.1.2","TCP","1514","8004  >  36856 [ACK] Seq=495406 Ack=141 Win=65024 Len=1448 TSval=2916041873 TSecr=3045561648 [TCP segment of a reassembled PDU]"
"64603","37.793085375","192.168.1.55","192.168.1.2","TCP","1514","8004  >  36856 [ACK] Seq=496854 Ack=141 Win=65024 Len=1448 TSval=2916041873 TSecr=3045561648 [TCP segment of a reassembled PDU]"
"64604","37.793086801","192.168.1.55","192.168.1.2","HTTP","1472","HTTP/1.0 200 OK  (PNG)"
"64605","37.796791085","192.168.1.2","192.168.1.55","TCP","66","36856  >  8004 [ACK] Seq=141 Ack=480926 Win=115712 Len=0 TSval=3045561652 TSecr=2916041872"
"64606","37.796825085","192.168.1.2","192.168.1.55","TCP","66","36856  >  8004 [ACK] Seq=141 Ack=498302 Win=99328 Len=0 TSval=3045561652 TSecr=2916041873"
"64607","37.798208254","192.168.1.2","192.168.1.55","TCP","66","36856  >  8004 [FIN, ACK] Seq=141 Ack=499709 Win=117760 Len=0 TSval=3045561652 TSecr=2916041873"
"64608","37.798220328","192.168.1.55","192.168.1.2","TCP","66","8004  >  36856 [ACK] Seq=499709 Ack=142 Win=65024 Len=0 TSval=2916041878 TSecr=3045561652"
"64609","37.798341921","192.168.1.2","192.168.1.55","TCP","74","36862  >  8004 [SYN] Seq=0 Win=64240 Len=0 MSS=1460 SACK_PERM TSval=3045561653 TSecr=0 WS=1024"
"64610","37.798365550","192.168.1.55","192.168.1.2","TCP","74","8004  >  36862 [SYN, ACK] Seq=0 Ack=1 Win=65160 Len=0 MSS=1460 SACK_PERM TSval=2916041879 TSecr=3045561653 WS=128"
"64611","37.801574241","192.168.1.2","192.168.1.55","TCP","66","36862  >  8004 [ACK] Seq=1 Ack=1 Win=64512 Len=0 TSval=3045561656 TSecr=2916041879"
"64612","37.804775283","192.168.1.2","192.168.1.55","HTTP","209","GET /original_benchmark.png HTTP/1.1 "
"64613","37.804790598","192.168.1.55","192.168.1.2","TCP","66","8004  >  36862 [ACK] Seq=1 Ack=144 Win=65024 Len=0 TSval=2916041885 TSecr=3045561656"
"64614","37.805258617","192.168.1.55","192.168.1.2","TCP","255","8004  >  36862 [PSH, ACK] Seq=1 Ack=144 Win=65024 Len=189 TSval=2916041885 TSecr=3045561656 [TCP segment of a reassembled PDU]"
"64615","37.805365691","192.168.1.55","192.168.1.2","TCP","1514","8004  >  36862 [ACK] Seq=190 Ack=144 Win=65024 Len=1448 TSval=2916041886 TSecr=3045561656 [TCP segment of a reassembled PDU]"
"64616","37.805370636","192.168.1.55","192.168.1.2","TCP","1514","8004  >  36862 [ACK] Seq=1638 Ack=144 Win=65024 Len=1448 TSval=2916041886 TSecr=3045561656 [TCP segment of a reassembled PDU]"
"64617","37.805372025","192.168.1.55","192.168.1.2","TCP","1514","8004  >  36862 [ACK] Seq=3086 Ack=144 Win=65024 Len=1448 TSval=2916041886 TSecr=3045561656 [TCP segment of a reassembled PDU]"
"64618","37.805373488","192.168.1.55","192.168.1.2","TCP","1514","8004  >  36862 [ACK] Seq=4534 Ack=144 Win=65024 Len=1448 TSval=2916041886 TSecr=3045561656 [TCP segment of a reassembled PDU]"
"64619","37.805375580","192.168.1.55","192.168.1.2","TCP","1514","8004  >  36862 [PSH, ACK] Seq=5982 Ack=144 Win=65024 Len=1448 TSval=2916041886 TSecr=3045561656 [TCP segment of a reassembled PDU]"
"64620","37.805395006","192.168.1.55","192.168.1.2","TCP","1514","8004  >  36862 [ACK] Seq=7430 Ack=144 Win=65024 Len=1448 TSval=2916041886 TSecr=3045561656 [TCP segment of a reassembled PDU]"
"64621","37.805396969","192.168.1.55","192.168.1.2","TCP","1514","8004  >  36862 [ACK] Seq=8878 Ack=144 Win=65024 Len=1448 TSval=2916041886 TSecr=3045561656 [TCP segment of a reassembled PDU]"
"64622","37.805398543","192.168.1.55","192.168.1.2","TCP","1514","8004  >  36862 [ACK] Seq=10326 Ack=144 Win=65024 Len=1448 TSval=2916041886 TSecr=3045561656 [TCP segment of a reassembled PDU]"
"64623","37.805399877","192.168.1.55","192.168.1.2","TCP","1514","8004  >  36862 [PSH, ACK] Seq=11774 Ack=144 Win=65024 Len=1448 TSval=2916041886 TSecr=3045561656 [TCP segment of a reassembled PDU]"
"64624","37.810371181","192.168.1.2","192.168.1.55","TCP","66","36862  >  8004 [ACK] Seq=144 Ack=190 Win=64512 Len=0 TSval=3045561664 TSecr=2916041885"
"64625","37.810552570","192.168.1.55","192.168.1.2","TCP","1514","8004  >  36862 [ACK] Seq=13222 Ack=144 Win=65024 Len=1448 TSval=2916041891 TSecr=3045561664 [TCP segment of a reassembled PDU]"
"64626","37.810570978","192.168.1.55","192.168.1.2","TCP","1514","8004  >  36862 [PSH, ACK] Seq=14670 Ack=144 Win=65024 Len=1448 TSval=2916041891 TSecr=3045561664 [TCP segment of a reassembled PDU]"
"64627","37.810719070","192.168.1.2","192.168.1.55","TCP","66","36862  >  8004 [ACK] Seq=144 Ack=7430 Win=79872 Len=0 TSval=3045561664 TSecr=2916041886"
"64628","37.810776552","192.168.1.55","192.168.1.2","TCP","1514","8004  >  36862 [ACK] Seq=16118 Ack=144 Win=65024 Len=1448 TSval=2916041891 TSecr=3045561664 [TCP segment of a reassembled PDU]"
"64629","37.810780589","192.168.1.55","192.168.1.2","TCP","1514","8004  >  36862 [ACK] Seq=17566 Ack=144 Win=65024 Len=1448 TSval=2916041891 TSecr=3045561664 [TCP segment of a reassembled PDU]"
"64630","37.810782515","192.168.1.55","192.168.1.2","TCP","1514","8004  >  36862 [ACK] Seq=19014 Ack=144 Win=65024 Len=1448 TSval=2916041891 TSecr=3045561664 [TCP segment of a reassembled PDU]"
"64631","37.810785145","192.168.1.55","192.168.1.2","TCP","1514","8004  >  36862 [ACK] Seq=20462 Ack=144 Win=65024 Len=1448 TSval=2916041891 TSecr=3045561664 [TCP segment of a reassembled PDU]"
"64632","37.810786811","192.168.1.55","192.168.1.2","TCP","1514","8004  >  36862 [ACK] Seq=21910 Ack=144 Win=65024 Len=1448 TSval=2916041891 TSecr=3045561664 [TCP segment of a reassembled PDU]"
"64633","37.810788497","192.168.1.55","192.168.1.2","TCP","1514","8004  >  36862 [ACK] Seq=23358 Ack=144 Win=65024 Len=1448 TSval=2916041891 TSecr=3045561664 [TCP segment of a reassembled PDU]"
"64634","37.810790719","192.168.1.55","192.168.1.2","TCP","1514","8004  >  36862 [ACK] Seq=24806 Ack=144 Win=65024 Len=1448 TSval=2916041891 TSecr=3045561664 [TCP segment of a reassembled PDU]"
"64635","37.810792071","192.168.1.55","192.168.1.2","TCP","1514","8004  >  36862 [PSH, ACK] Seq=26254 Ack=144 Win=65024 Len=1448 TSval=2916041891 TSecr=3045561664 [TCP segment of a reassembled PDU]"
"64636","37.810797904","192.168.1.2","192.168.1.55","TCP","66","36862  >  8004 [ACK] Seq=144 Ack=11774 Win=88064 Len=0 TSval=3045561664 TSecr=2916041886"
"64637","37.810831756","192.168.1.55","192.168.1.2","TCP","1514","8004  >  36862 [ACK] Seq=27702 Ack=144 Win=65024 Len=1448 TSval=2916041891 TSecr=3045561664 [TCP segment of a reassembled PDU]"
"64638","37.810836089","192.168.1.55","192.168.1.2","TCP","1514","8004  >  36862 [ACK] Seq=29150 Ack=144 Win=65024 Len=1448 TSval=2916041891 TSecr=3045561664 [TCP segment of a reassembled PDU]"
"64639","37.810837867","192.168.1.55","192.168.1.2","TCP","1514","8004  >  36862 [ACK] Seq=30598 Ack=144 Win=65024 Len=1448 TSval=2916041891 TSecr=3045561664 [TCP segment of a reassembled PDU]"
"64640","37.810840626","192.168.1.55","192.168.1.2","TCP","1514","8004  >  36862 [ACK] Seq=32046 Ack=144 Win=65024 Len=1448 TSval=2916041891 TSecr=3045561664 [TCP segment of a reassembled PDU]"
"64641","37.810842608","192.168.1.55","192.168.1.2","TCP","1514","8004  >  36862 [ACK] Seq=33494 Ack=144 Win=65024 Len=1448 TSval=2916041891 TSecr=3045561664 [TCP segment of a reassembled PDU]"
"64642","37.810844311","192.168.1.55","192.168.1.2","TCP","1514","8004  >  36862 [ACK] Seq=34942 Ack=144 Win=65024 Len=1448 TSval=2916041891 TSecr=3045561664 [TCP segment of a reassembled PDU]"
"64643","37.810846200","192.168.1.55","192.168.1.2","TCP","1514","8004  >  36862 [ACK] Seq=36390 Ack=144 Win=65024 Len=1448 TSval=2916041891 TSecr=3045561664 [TCP segment of a reassembled PDU]"
"64644","37.810848089","192.168.1.55","192.168.1.2","TCP","1514","8004  >  36862 [PSH, ACK] Seq=37838 Ack=144 Win=65024 Len=1448 TSval=2916041891 TSecr=3045561664 [TCP segment of a reassembled PDU]"
"64645","37.810853089","192.168.1.2","192.168.1.55","TCP","66","36862  >  8004 [ACK] Seq=144 Ack=13222 Win=88064 Len=0 TSval=3045561664 TSecr=2916041886"
"64646","37.811607702","192.168.1.55","192.168.1.2","TCP","1514","8004  >  36862 [ACK] Seq=39286 Ack=144 Win=65024 Len=1448 TSval=2916041892 TSecr=3045561664 [TCP segment of a reassembled PDU]"
"64647","37.811611942","192.168.1.55","192.168.1.2","TCP","1514","8004  >  36862 [PSH, ACK] Seq=40734 Ack=144 Win=65024 Len=1448 TSval=2916041892 TSecr=3045561664 [TCP segment of a reassembled PDU]"
"64648","37.823321202","192.168.1.55","192.168.1.2","TCP","1514","8004  >  36862 [ACK] Seq=42182 Ack=144 Win=65024 Len=1448 TSval=2916041904 TSecr=3045561664 [TCP segment of a reassembled PDU]"
"64649","37.824632760","192.168.1.2","192.168.1.55","TCP","66","36862  >  8004 [ACK] Seq=144 Ack=16118 Win=94208 Len=0 TSval=3045561674 TSecr=2916041891"
"64650","37.824668223","192.168.1.55","192.168.1.2","TCP","1514","8004  >  36862 [PSH, ACK] Seq=43630 Ack=144 Win=65024 Len=1448 TSval=2916041905 TSecr=3045561674 [TCP segment of a reassembled PDU]"
"64651","37.824748686","192.168.1.2","192.168.1.55","TCP","66","36862  >  8004 [ACK] Seq=144 Ack=27702 Win=84992 Len=0 TSval=3045561674 TSecr=2916041891"
"64652","37.824786686","192.168.1.55","192.168.1.2","TCP","1514","8004  >  36862 [ACK] Seq=45078 Ack=144 Win=65024 Len=1448 TSval=2916041905 TSecr=3045561674 [TCP segment of a reassembled PDU]"
"64653","37.824789390","192.168.1.55","192.168.1.2","TCP","1514","8004  >  36862 [ACK] Seq=46526 Ack=144 Win=65024 Len=1448 TSval=2916041905 TSecr=3045561674 [TCP segment of a reassembled PDU]"
"64654","37.824790760","192.168.1.55","192.168.1.2","TCP","1514","8004  >  36862 [ACK] Seq=47974 Ack=144 Win=65024 Len=1448 TSval=2916041905 TSecr=3045561674 [TCP segment of a reassembled PDU]"
"64655","37.824792334","192.168.1.55","192.168.1.2","TCP","1514","8004  >  36862 [ACK] Seq=49422 Ack=144 Win=65024 Len=1448 TSval=2916041905 TSecr=3045561674 [TCP segment of a reassembled PDU]"
"64656","37.824793519","192.168.1.55","192.168.1.2","TCP","1514","8004  >  36862 [ACK] Seq=50870 Ack=144 Win=65024 Len=1448 TSval=2916041905 TSecr=3045561674 [TCP segment of a reassembled PDU]"
"64657","37.824795241","192.168.1.55","192.168.1.2","TCP","1514","8004  >  36862 [ACK] Seq=52318 Ack=144 Win=65024 Len=1448 TSval=2916041905 TSecr=3045561674 [TCP segment of a reassembled PDU]"
"64658","37.824797019","192.168.1.55","192.168.1.2","TCP","1514","8004  >  36862 [ACK] Seq=53766 Ack=144 Win=65024 Len=1448 TSval=2916041905 TSecr=3045561674 [TCP segment of a reassembled PDU]"
"64659","37.824798649","192.168.1.55","192.168.1.2","TCP","1514","8004  >  36862 [ACK] Seq=55214 Ack=144 Win=65024 Len=1448 TSval=2916041905 TSecr=3045561674 [TCP segment of a reassembled PDU]"
"64660","37.824800112","192.168.1.55","192.168.1.2","TCP","1514","8004  >  36862 [ACK] Seq=56662 Ack=144 Win=65024 Len=1448 TSval=2916041905 TSecr=3045561674 [TCP segment of a reassembled PDU]"
"64661","37.824802186","192.168.1.55","192.168.1.2","TCP","1514","8004  >  36862 [ACK] Seq=58110 Ack=144 Win=65024 Len=1448 TSval=2916041905 TSecr=3045561674 [TCP segment of a reassembled PDU]"
"64662","37.824803908","192.168.1.55","192.168.1.2","TCP","1514","8004  >  36862 [ACK] Seq=59558 Ack=144 Win=65024 Len=1448 TSval=2916041905 TSecr=3045561674 [TCP segment of a reassembled PDU]"
"64663","37.824805112","192.168.1.55","192.168.1.2","TCP","1514","8004  >  36862 [ACK] Seq=61006 Ack=144 Win=65024 Len=1448 TSval=2916041905 TSecr=3045561674 [TCP segment of a reassembled PDU]"
"64664","37.824806890","192.168.1.55","192.168.1.2","TCP","1514","8004  >  36862 [ACK] Seq=62454 Ack=144 Win=65024 Len=1448 TSval=2916041905 TSecr=3045561674 [TCP segment of a reassembled PDU]"
"64665","37.824809167","192.168.1.55","192.168.1.2","TCP","1514","8004  >  36862 [ACK] Seq=63902 Ack=144 Win=65024 Len=1448 TSval=2916041905 TSecr=3045561674 [TCP segment of a reassembled PDU]"
"64666","37.824810853","192.168.1.55","192.168.1.2","TCP","1514","8004  >  36862 [PSH, ACK] Seq=65350 Ack=144 Win=65024 Len=1448 TSval=2916041905 TSecr=3045561674 [TCP segment of a reassembled PDU]"
"64667","37.824816093","192.168.1.2","192.168.1.55","TCP","66","36862  >  8004 [ACK] Seq=144 Ack=42182 Win=71680 Len=0 TSval=3045561674 TSecr=2916041891"
"64668","37.825475113","192.168.1.55","192.168.1.2","TCP","1514","8004  >  36862 [ACK] Seq=66798 Ack=144 Win=65024 Len=1448 TSval=2916041906 TSecr=3045561674 [TCP segment of a reassembled PDU]"
"64669","37.825477539","192.168.1.55","192.168.1.2","TCP","1514","8004  >  36862 [ACK] Seq=68246 Ack=144 Win=65024 Len=1448 TSval=2916041906 TSecr=3045561674 [TCP segment of a reassembled PDU]"
"64670","37.825478724","192.168.1.55","192.168.1.2","TCP","1514","8004  >  36862 [ACK] Seq=69694 Ack=144 Win=65024 Len=1448 TSval=2916041906 TSecr=3045561674 [TCP segment of a reassembled PDU]"
"64671","37.825480076","192.168.1.55","192.168.1.2","TCP","1514","8004  >  36862 [ACK] Seq=71142 Ack=144 Win=65024 Len=1448 TSval=2916041906 TSecr=3045561674 [TCP segment of a reassembled PDU]"
"64672","37.825481372","192.168.1.55","192.168.1.2","TCP","1514","8004  >  36862 [ACK] Seq=72590 Ack=144 Win=65024 Len=1448 TSval=2916041906 TSecr=3045561674 [TCP segment of a reassembled PDU]"
"64673","37.825482817","192.168.1.55","192.168.1.2","TCP","1514","8004  >  36862 [ACK] Seq=74038 Ack=144 Win=65024 Len=1448 TSval=2916041906 TSecr=3045561674 [TCP segment of a reassembled PDU]"
"64674","37.825484298","192.168.1.55","192.168.1.2","TCP","1514","8004  >  36862 [PSH, ACK] Seq=75486 Ack=144 Win=65024 Len=1448 TSval=2916041906 TSecr=3045561674 [TCP segment of a reassembled PDU]"
"64675","37.825507650","192.168.1.55","192.168.1.2","TCP","1514","8004  >  36862 [ACK] Seq=76934 Ack=144 Win=65024 Len=1448 TSval=2916041906 TSecr=3045561674 [TCP segment of a reassembled PDU]"
"64676","37.825509520","192.168.1.55","192.168.1.2","TCP","1514","8004  >  36862 [ACK] Seq=78382 Ack=144 Win=65024 Len=1448 TSval=2916041906 TSecr=3045561674 [TCP segment of a reassembled PDU]"
"64677","37.825510669","192.168.1.55","192.168.1.2","TCP","1514","8004  >  36862 [ACK] Seq=79830 Ack=144 Win=65024 Len=1448 TSval=2916041906 TSecr=3045561674 [TCP segment of a reassembled PDU]"
"64678","37.825511817","192.168.1.55","192.168.1.2","TCP","1514","8004  >  36862 [ACK] Seq=81278 Ack=144 Win=65024 Len=1448 TSval=2916041906 TSecr=3045561674 [TCP segment of a reassembled PDU]"
"64679","37.825512965","192.168.1.55","192.168.1.2","TCP","1514","8004  >  36862 [ACK] Seq=82726 Ack=144 Win=65024 Len=1448 TSval=2916041906 TSecr=3045561674 [TCP segment of a reassembled PDU]"
"64680","37.825514224","192.168.1.55","192.168.1.2","TCP","1514","8004  >  36862 [ACK] Seq=84174 Ack=144 Win=65024 Len=1448 TSval=2916041906 TSecr=3045561674 [TCP segment of a reassembled PDU]"
"64681","37.825515724","192.168.1.55","192.168.1.2","TCP","1514","8004  >  36862 [ACK] Seq=85622 Ack=144 Win=65024 Len=1448 TSval=2916041906 TSecr=3045561674 [TCP segment of a reassembled PDU]"
"64682","37.825516854","192.168.1.55","192.168.1.2","TCP","1514","8004  >  36862 [ACK] Seq=87070 Ack=144 Win=65024 Len=1448 TSval=2916041906 TSecr=3045561674 [TCP segment of a reassembled PDU]"
"64683","37.825518094","192.168.1.55","192.168.1.2","TCP","1514","8004  >  36862 [ACK] Seq=88518 Ack=144 Win=65024 Len=1448 TSval=2916041906 TSecr=3045561674 [TCP segment of a reassembled PDU]"
"64684","37.825519372","192.168.1.55","192.168.1.2","TCP","1514","8004  >  36862 [ACK] Seq=89966 Ack=144 Win=65024 Len=1448 TSval=2916041906 TSecr=3045561674 [TCP segment of a reassembled PDU]"
"64685","37.825520502","192.168.1.55","192.168.1.2","TCP","1514","8004  >  36862 [ACK] Seq=91414 Ack=144 Win=65024 Len=1448 TSval=2916041906 TSecr=3045561674 [TCP segment of a reassembled PDU]"
"64686","37.825521928","192.168.1.55","192.168.1.2","TCP","1514","8004  >  36862 [ACK] Seq=92862 Ack=144 Win=65024 Len=1448 TSval=2916041906 TSecr=3045561674 [TCP segment of a reassembled PDU]"
"64687","37.825523132","192.168.1.55","192.168.1.2","TCP","1514","8004  >  36862 [ACK] Seq=94310 Ack=144 Win=65024 Len=1448 TSval=2916041906 TSecr=3045561674 [TCP segment of a reassembled PDU]"
"64688","37.825524391","192.168.1.55","192.168.1.2","TCP","1514","8004  >  36862 [ACK] Seq=95758 Ack=144 Win=65024 Len=1448 TSval=2916041906 TSecr=3045561674 [TCP segment of a reassembled PDU]"
"64689","37.825525650","192.168.1.55","192.168.1.2","TCP","1514","8004  >  36862 [ACK] Seq=97206 Ack=144 Win=65024 Len=1448 TSval=2916041906 TSecr=3045561674 [TCP segment of a reassembled PDU]"
"64690","37.825526798","192.168.1.55","192.168.1.2","TCP","1514","8004  >  36862 [PSH, ACK] Seq=98654 Ack=144 Win=65024 Len=1448 TSval=2916041906 TSecr=3045561674 [TCP segment of a reassembled PDU]"
"64691","37.828927730","192.168.1.2","192.168.1.55","TCP","66","36862  >  8004 [ACK] Seq=144 Ack=43630 Win=93184 Len=0 TSval=3045561680 TSecr=2916041904"
"64692","37.828958711","192.168.1.55","192.168.1.2","TCP","1514","8004  >  36862 [ACK] Seq=100102 Ack=144 Win=65024 Len=1448 TSval=2916041909 TSecr=3045561680 [TCP segment of a reassembled PDU]"
"64693","37.828962674","192.168.1.55","192.168.1.2","TCP","1514","8004  >  36862 [PSH, ACK] Seq=101550 Ack=144 Win=65024 Len=1448 TSval=2916041909 TSecr=3045561680 [TCP segment of a reassembled PDU]"
"64694","37.830915844","192.168.1.2","192.168.1.55","TCP","66","36862  >  8004 [ACK] Seq=144 Ack=45078 Win=93184 Len=0 TSval=3045561684 TSecr=2916041905"
"64695","37.830924659","192.168.1.55","192.168.1.2","TCP","1514","8004  >  36862 [ACK] Seq=102998 Ack=144 Win=65024 Len=1448 TSval=2916041911 TSecr=3045561684 [TCP segment of a reassembled PDU]"
"64696","37.830926862","192.168.1.55","192.168.1.2","TCP","1514","8004  >  36862 [PSH, ACK] Seq=104446 Ack=144 Win=65024 Len=1448 TSval=2916041911 TSecr=3045561684 [TCP segment of a reassembled PDU]"
"64697","37.831135437","192.168.1.2","192.168.1.55","TCP","66","36862  >  8004 [ACK] Seq=144 Ack=66798 Win=71680 Len=0 TSval=3045561684 TSecr=2916041905"
"64698","37.831158900","192.168.1.55","192.168.1.2","TCP","1514","8004  >  36862 [ACK] Seq=105894 Ack=144 Win=65024 Len=1448 TSval=2916041911 TSecr=3045561684 [TCP segment of a reassembled PDU]"
"64699","37.831161270","192.168.1.55","192.168.1.2","TCP","1514","8004  >  36862 [ACK] Seq=107342 Ack=144 Win=65024 Len=1448 TSval=2916041911 TSecr=3045561684 [TCP segment of a reassembled PDU]"
"64700","37.831162733","192.168.1.55","192.168.1.2","TCP","1514","8004  >  36862 [ACK] Seq=108790 Ack=144 Win=65024 Len=1448 TSval=2916041911 TSecr=3045561684 [TCP segment of a reassembled PDU]"
"64701","37.831163993","192.168.1.55","192.168.1.2","TCP","1514","8004  >  36862 [ACK] Seq=110238 Ack=144 Win=65024 Len=1448 TSval=2916041911 TSecr=3045561684 [TCP segment of a reassembled PDU]"
"64702","37.831165548","192.168.1.55","192.168.1.2","TCP","1514","8004  >  36862 [ACK] Seq=111686 Ack=144 Win=65024 Len=1448 TSval=2916041911 TSecr=3045561684 [TCP segment of a reassembled PDU]"
"64703","37.831166844","192.168.1.55","192.168.1.2","TCP","1514","8004  >  36862 [ACK] Seq=113134 Ack=144 Win=65024 Len=1448 TSval=2916041911 TSecr=3045561684 [TCP segment of a reassembled PDU]"
"64704","37.831168548","192.168.1.55","192.168.1.2","TCP","1514","8004  >  36862 [ACK] Seq=114582 Ack=144 Win=65024 Len=1448 TSval=2916041911 TSecr=3045561684 [TCP segment of a reassembled PDU]"
"64705","37.831169993","192.168.1.55","192.168.1.2","TCP","1514","8004  >  36862 [ACK] Seq=116030 Ack=144 Win=65024 Len=1448 TSval=2916041911 TSecr=3045561684 [TCP segment of a reassembled PDU]"
"64706","37.831171363","192.168.1.55","192.168.1.2","TCP","1514","8004  >  36862 [ACK] Seq=117478 Ack=144 Win=65024 Len=1448 TSval=2916041911 TSecr=3045561684 [TCP segment of a reassembled PDU]"
"64707","37.831172863","192.168.1.55","192.168.1.2","TCP","1514","8004  >  36862 [PSH, ACK] Seq=118926 Ack=144 Win=65024 Len=1448 TSval=2916041911 TSecr=3045561684 [TCP segment of a reassembled PDU]"
"64708","37.831177900","192.168.1.2","192.168.1.55","TCP","66","36862  >  8004 [ACK] Seq=144 Ack=68246 Win=70656 Len=0 TSval=3045561684 TSecr=2916041906"
"64709","37.831184048","192.168.1.2","192.168.1.55","TCP","66","36862  >  8004 [ACK] Seq=144 Ack=76934 Win=88064 Len=0 TSval=3045561684 TSecr=2916041906"
"64710","37.831234344","192.168.1.55","192.168.1.2","TCP","1514","8004  >  36862 [ACK] Seq=120374 Ack=144 Win=65024 Len=1448 TSval=2916041911 TSecr=3045561684 [TCP segment of a reassembled PDU]"
"64711","37.831236382","192.168.1.55","192.168.1.2","TCP","1514","8004  >  36862 [ACK] Seq=121822 Ack=144 Win=65024 Len=1448 TSval=2916041911 TSecr=3045561684 [TCP segment of a reassembled PDU]"
"64712","37.831237678","192.168.1.55","192.168.1.2","TCP","1514","8004  >  36862 [ACK] Seq=123270 Ack=144 Win=65024 Len=1448 TSval=2916041911 TSecr=3045561684 [TCP segment of a reassembled PDU]"
"64713","37.831238974","192.168.1.55","192.168.1.2","TCP","1514","8004  >  36862 [ACK] Seq=124718 Ack=144 Win=65024 Len=1448 TSval=2916041911 TSecr=3045561684 [TCP segment of a reassembled PDU]"
"64714","37.831240474","192.168.1.55","192.168.1.2","TCP","1514","8004  >  36862 [ACK] Seq=126166 Ack=144 Win=65024 Len=1448 TSval=2916041911 TSecr=3045561684 [TCP segment of a reassembled PDU]"
"64715","37.831241770","192.168.1.55","192.168.1.2","TCP","1514","8004  >  36862 [ACK] Seq=127614 Ack=144 Win=65024 Len=1448 TSval=2916041911 TSecr=3045561684 [TCP segment of a reassembled PDU]"
"64716","37.831243178","192.168.1.55","192.168.1.2","TCP","1514","8004  >  36862 [ACK] Seq=129062 Ack=144 Win=65024 Len=1448 TSval=2916041911 TSecr=3045561684 [TCP segment of a reassembled PDU]"
"64717","37.831244604","192.168.1.55","192.168.1.2","TCP","1514","8004  >  36862 [ACK] Seq=130510 Ack=144 Win=65024 Len=1448 TSval=2916041911 TSecr=3045561684 [TCP segment of a reassembled PDU]"
"64718","37.831246141","192.168.1.55","192.168.1.2","TCP","1514","8004  >  36862 [ACK] Seq=131958 Ack=144 Win=65024 Len=1448 TSval=2916041911 TSecr=3045561684 [TCP segment of a reassembled PDU]"
"64719","37.831247696","192.168.1.55","192.168.1.2","TCP","1514","8004  >  36862 [ACK] Seq=133406 Ack=144 Win=65024 Len=1448 TSval=2916041911 TSecr=3045561684 [TCP segment of a reassembled PDU]"
"64720","37.831249030","192.168.1.55","192.168.1.2","TCP","1514","8004  >  36862 [ACK] Seq=134854 Ack=144 Win=65024 Len=1448 TSval=2916041911 TSecr=3045561684 [TCP segment of a reassembled PDU]"
"64721","37.831250344","192.168.1.55","192.168.1.2","TCP","1514","8004  >  36862 [ACK] Seq=136302 Ack=144 Win=65024 Len=1448 TSval=2916041911 TSecr=3045561684 [TCP segment of a reassembled PDU]"
"64722","37.831251733","192.168.1.55","192.168.1.2","TCP","1514","8004  >  36862 [ACK] Seq=137750 Ack=144 Win=65024 Len=1448 TSval=2916041911 TSecr=3045561684 [TCP segment of a reassembled PDU]"
"64723","37.831253067","192.168.1.55","192.168.1.2","TCP","1514","8004  >  36862 [ACK] Seq=139198 Ack=144 Win=65024 Len=1448 TSval=2916041911 TSecr=3045561684 [TCP segment of a reassembled PDU]"
"64724","37.831254345","192.168.1.55","192.168.1.2","TCP","1514","8004  >  36862 [ACK] Seq=140646 Ack=144 Win=65024 Len=1448 TSval=2916041911 TSecr=3045561684 [TCP segment of a reassembled PDU]"
"64725","37.831255678","192.168.1.55","192.168.1.2","TCP","1514","8004  >  36862 [ACK] Seq=142094 Ack=144 Win=65024 Len=1448 TSval=2916041911 TSecr=3045561684 [TCP segment of a reassembled PDU]"
"64726","37.831257456","192.168.1.55","192.168.1.2","TCP","1514","8004  >  36862 [ACK] Seq=143542 Ack=144 Win=65024 Len=1448 TSval=2916041911 TSecr=3045561684 [TCP segment of a reassembled PDU]"
"64727","37.831258919","192.168.1.55","192.168.1.2","TCP","1514","8004  >  36862 [ACK] Seq=144990 Ack=144 Win=65024 Len=1448 TSval=2916041911 TSecr=3045561684 [TCP segment of a reassembled PDU]"
"64728","37.831260326","192.168.1.55","192.168.1.2","TCP","1514","8004  >  36862 [ACK] Seq=146438 Ack=144 Win=65024 Len=1448 TSval=2916041911 TSecr=3045561684 [TCP segment of a reassembled PDU]"
"64729","37.831261752","192.168.1.55","192.168.1.2","TCP","1514","8004  >  36862 [ACK] Seq=147886 Ack=144 Win=65024 Len=1448 TSval=2916041911 TSecr=3045561684 [TCP segment of a reassembled PDU]"
"64730","37.831263067","192.168.1.55","192.168.1.2","TCP","1514","8004  >  36862 [ACK] Seq=149334 Ack=144 Win=65024 Len=1448 TSval=2916041911 TSecr=3045561684 [TCP segment of a reassembled PDU]"
"64731","37.831264326","192.168.1.55","192.168.1.2","TCP","1514","8004  >  36862 [ACK] Seq=150782 Ack=144 Win=65024 Len=1448 TSval=2916041911 TSecr=3045561684 [TCP segment of a reassembled PDU]"
"64732","37.831265789","192.168.1.55","192.168.1.2","TCP","1514","8004  >  36862 [ACK] Seq=152230 Ack=144 Win=65024 Len=1448 TSval=2916041911 TSecr=3045561684 [TCP segment of a reassembled PDU]"
"64733","37.831267104","192.168.1.55","192.168.1.2","TCP","1514","8004  >  36862 [ACK] Seq=153678 Ack=144 Win=65024 Len=1448 TSval=2916041911 TSecr=3045561684 [TCP segment of a reassembled PDU]"
"64734","37.831268493","192.168.1.55","192.168.1.2","TCP","1514","8004  >  36862 [ACK] Seq=155126 Ack=144 Win=65024 Len=1448 TSval=2916041911 TSecr=3045561684 [TCP segment of a reassembled PDU]"
"64735","37.831269919","192.168.1.55","192.168.1.2","TCP","1514","8004  >  36862 [ACK] Seq=156574 Ack=144 Win=65024 Len=1448 TSval=2916041911 TSecr=3045561684 [TCP segment of a reassembled PDU]"
"64736","37.831271400","192.168.1.55","192.168.1.2","TCP","1514","8004  >  36862 [ACK] Seq=158022 Ack=144 Win=65024 Len=1448 TSval=2916041911 TSecr=3045561684 [TCP segment of a reassembled PDU]"
"64737","37.831272770","192.168.1.55","192.168.1.2","TCP","1514","8004  >  36862 [ACK] Seq=159470 Ack=144 Win=65024 Len=1448 TSval=2916041911 TSecr=3045561684 [TCP segment of a reassembled PDU]"
"64738","37.831274067","192.168.1.55","192.168.1.2","TCP","1514","8004  >  36862 [ACK] Seq=160918 Ack=144 Win=65024 Len=1448 TSval=2916041911 TSecr=3045561684 [TCP segment of a reassembled PDU]"
"64739","37.831275363","192.168.1.55","192.168.1.2","TCP","1514","8004  >  36862 [PSH, ACK] Seq=162366 Ack=144 Win=65024 Len=1448 TSval=2916041911 TSecr=3045561684 [TCP segment of a reassembled PDU]"
"64740","37.831281678","192.168.1.2","192.168.1.55","TCP","66","36862  >  8004 [ACK] Seq=144 Ack=91414 Win=73728 Len=0 TSval=3045561684 TSecr=2916041906"
"64741","37.835846870","192.168.1.2","192.168.1.55","TCP","66","36862  >  8004 [ACK] Seq=144 Ack=100102 Win=110592 Len=0 TSval=3045561687 TSecr=2916041906"
"64742","37.835891408","192.168.1.55","192.168.1.2","TCP","1514","8004  >  36862 [ACK] Seq=163814 Ack=144 Win=65024 Len=1448 TSval=2916041916 TSecr=3045561687 [TCP segment of a reassembled PDU]"
"64743","37.835894389","192.168.1.55","192.168.1.2","TCP","1514","8004  >  36862 [ACK] Seq=165262 Ack=144 Win=65024 Len=1448 TSval=2916041916 TSecr=3045561687 [TCP segment of a reassembled PDU]"
"64744","37.835896111","192.168.1.55","192.168.1.2","TCP","1514","8004  >  36862 [ACK] Seq=166710 Ack=144 Win=65024 Len=1448 TSval=2916041916 TSecr=3045561687 [TCP segment of a reassembled PDU]"
"64745","37.835897574","192.168.1.55","192.168.1.2","TCP","1514","8004  >  36862 [ACK] Seq=168158 Ack=144 Win=65024 Len=1448 TSval=2916041916 TSecr=3045561687 [TCP segment of a reassembled PDU]"
"64746","37.835899093","192.168.1.55","192.168.1.2","TCP","1514","8004  >  36862 [ACK] Seq=169606 Ack=144 Win=65024 Len=1448 TSval=2916041916 TSecr=3045561687 [TCP segment of a reassembled PDU]"
"64747","37.835900500","192.168.1.55","192.168.1.2","TCP","1514","8004  >  36862 [ACK] Seq=171054 Ack=144 Win=65024 Len=1448 TSval=2916041916 TSecr=3045561687 [TCP segment of a reassembled PDU]"
"64748","37.835901889","192.168.1.55","192.168.1.2","TCP","1514","8004  >  36862 [ACK] Seq=172502 Ack=144 Win=65024 Len=1448 TSval=2916041916 TSecr=3045561687 [TCP segment of a reassembled PDU]"
"64749","37.835903315","192.168.1.55","192.168.1.2","TCP","1514","8004  >  36862 [ACK] Seq=173950 Ack=144 Win=65024 Len=1448 TSval=2916041916 TSecr=3045561687 [TCP segment of a reassembled PDU]"
"64750","37.835904611","192.168.1.55","192.168.1.2","TCP","1514","8004  >  36862 [ACK] Seq=175398 Ack=144 Win=65024 Len=1448 TSval=2916041916 TSecr=3045561687 [TCP segment of a reassembled PDU]"
"64751","37.835905908","192.168.1.55","192.168.1.2","TCP","1514","8004  >  36862 [ACK] Seq=176846 Ack=144 Win=65024 Len=1448 TSval=2916041916 TSecr=3045561687 [TCP segment of a reassembled PDU]"
"64752","37.835907352","192.168.1.55","192.168.1.2","TCP","1514","8004  >  36862 [ACK] Seq=178294 Ack=144 Win=65024 Len=1448 TSval=2916041916 TSecr=3045561687 [TCP segment of a reassembled PDU]"
"64753","37.835909074","192.168.1.55","192.168.1.2","TCP","1514","8004  >  36862 [ACK] Seq=179742 Ack=144 Win=65024 Len=1448 TSval=2916041916 TSecr=3045561687 [TCP segment of a reassembled PDU]"
"64754","37.835910482","192.168.1.55","192.168.1.2","TCP","1514","8004  >  36862 [ACK] Seq=181190 Ack=144 Win=65024 Len=1448 TSval=2916041916 TSecr=3045561687 [TCP segment of a reassembled PDU]"
"64755","37.835912037","192.168.1.55","192.168.1.2","TCP","1514","8004  >  36862 [ACK] Seq=182638 Ack=144 Win=65024 Len=1448 TSval=2916041916 TSecr=3045561687 [TCP segment of a reassembled PDU]"
"64756","37.835913297","192.168.1.55","192.168.1.2","TCP","1514","8004  >  36862 [ACK] Seq=184086 Ack=144 Win=65024 Len=1448 TSval=2916041916 TSecr=3045561687 [TCP segment of a reassembled PDU]"
"64757","37.835914611","192.168.1.55","192.168.1.2","TCP","1514","8004  >  36862 [ACK] Seq=185534 Ack=144 Win=65024 Len=1448 TSval=2916041916 TSecr=3045561687 [TCP segment of a reassembled PDU]"
"64758","37.835915963","192.168.1.55","192.168.1.2","TCP","1514","8004  >  36862 [ACK] Seq=186982 Ack=144 Win=65024 Len=1448 TSval=2916041916 TSecr=3045561687 [TCP segment of a reassembled PDU]"
"64759","37.835917352","192.168.1.55","192.168.1.2","TCP","1514","8004  >  36862 [ACK] Seq=188430 Ack=144 Win=65024 Len=1448 TSval=2916041916 TSecr=3045561687 [TCP segment of a reassembled PDU]"
"64760","37.835918722","192.168.1.55","192.168.1.2","TCP","1514","8004  >  36862 [ACK] Seq=189878 Ack=144 Win=65024 Len=1448 TSval=2916041916 TSecr=3045561687 [TCP segment of a reassembled PDU]"
"64761","37.835920185","192.168.1.55","192.168.1.2","TCP","1514","8004  >  36862 [ACK] Seq=191326 Ack=144 Win=65024 Len=1448 TSval=2916041916 TSecr=3045561687 [TCP segment of a reassembled PDU]"
"64762","37.835921574","192.168.1.55","192.168.1.2","TCP","1514","8004  >  36862 [ACK] Seq=192774 Ack=144 Win=65024 Len=1448 TSval=2916041916 TSecr=3045561687 [TCP segment of a reassembled PDU]"
"64763","37.835923074","192.168.1.55","192.168.1.2","TCP","1514","8004  >  36862 [ACK] Seq=194222 Ack=144 Win=65024 Len=1448 TSval=2916041916 TSecr=3045561687 [TCP segment of a reassembled PDU]"
"64764","37.835924593","192.168.1.55","192.168.1.2","TCP","1514","8004  >  36862 [ACK] Seq=195670 Ack=144 Win=65024 Len=1448 TSval=2916041916 TSecr=3045561687 [TCP segment of a reassembled PDU]"
"64765","37.835926056","192.168.1.55","192.168.1.2","TCP","1514","8004  >  36862 [ACK] Seq=197118 Ack=144 Win=65024 Len=1448 TSval=2916041916 TSecr=3045561687 [TCP segment of a reassembled PDU]"
"64766","37.835927574","192.168.1.55","192.168.1.2","TCP","1514","8004  >  36862 [ACK] Seq=198566 Ack=144 Win=65024 Len=1448 TSval=2916041916 TSecr=3045561687 [TCP segment of a reassembled PDU]"
"64767","37.835929130","192.168.1.55","192.168.1.2","TCP","1514","8004  >  36862 [ACK] Seq=200014 Ack=144 Win=65024 Len=1448 TSval=2916041916 TSecr=3045561687 [TCP segment of a reassembled PDU]"
"64768","37.835930426","192.168.1.55","192.168.1.2","TCP","1514","8004  >  36862 [ACK] Seq=201462 Ack=144 Win=65024 Len=1448 TSval=2916041916 TSecr=3045561687 [TCP segment of a reassembled PDU]"
"64769","37.835931889","192.168.1.55","192.168.1.2","TCP","1514","8004  >  36862 [ACK] Seq=202910 Ack=144 Win=65024 Len=1448 TSval=2916041916 TSecr=3045561687 [TCP segment of a reassembled PDU]"
"64770","37.835933185","192.168.1.55","192.168.1.2","TCP","1514","8004  >  36862 [ACK] Seq=204358 Ack=144 Win=65024 Len=1448 TSval=2916041916 TSecr=3045561687 [TCP segment of a reassembled PDU]"
"64771","37.835934519","192.168.1.55","192.168.1.2","TCP","1514","8004  >  36862 [ACK] Seq=205806 Ack=144 Win=65024 Len=1448 TSval=2916041916 TSecr=3045561687 [TCP segment of a reassembled PDU]"
"64772","37.835935889","192.168.1.55","192.168.1.2","TCP","1514","8004  >  36862 [ACK] Seq=207254 Ack=144 Win=65024 Len=1448 TSval=2916041916 TSecr=3045561687 [TCP segment of a reassembled PDU]"
"64773","37.835937260","192.168.1.55","192.168.1.2","TCP","1514","8004  >  36862 [PSH, ACK] Seq=208702 Ack=144 Win=65024 Len=1448 TSval=2916041916 TSecr=3045561687 [TCP segment of a reassembled PDU]"
"64774","37.836007630","192.168.1.2","192.168.1.55","TCP","66","36862  >  8004 [ACK] Seq=144 Ack=102998 Win=116736 Len=0 TSval=3045561687 TSecr=2916041909"
"64775","37.836016000","192.168.1.2","192.168.1.55","TCP","66","36862  >  8004 [ACK] Seq=144 Ack=104446 Win=119808 Len=0 TSval=3045561688 TSecr=2916041911"
"64776","37.836021445","192.168.1.2","192.168.1.55","TCP","66","36862  >  8004 [ACK] Seq=144 Ack=105894 Win=122880 Len=0 TSval=3045561688 TSecr=2916041911"
"64777","37.840953619","192.168.1.2","192.168.1.55","TCP","66","36862  >  8004 [ACK] Seq=144 Ack=110238 Win=131072 Len=0 TSval=3045561691 TSecr=2916041911"
"64778","37.840977416","192.168.1.55","192.168.1.2","TCP","1514","8004  >  36862 [ACK] Seq=210150 Ack=144 Win=65024 Len=1448 TSval=2916041921 TSecr=3045561691 [TCP segment of a reassembled PDU]"
"64779","37.840979990","192.168.1.55","192.168.1.2","TCP","1514","8004  >  36862 [ACK] Seq=211598 Ack=144 Win=65024 Len=1448 TSval=2916041921 TSecr=3045561691 [TCP segment of a reassembled PDU]"
"64780","37.840981342","192.168.1.55","192.168.1.2","TCP","1514","8004  >  36862 [ACK] Seq=213046 Ack=144 Win=65024 Len=1448 TSval=2916041921 TSecr=3045561691 [TCP segment of a reassembled PDU]"
"64781","37.840982657","192.168.1.55","192.168.1.2","TCP","1514","8004  >  36862 [ACK] Seq=214494 Ack=144 Win=65024 Len=1448 TSval=2916041921 TSecr=3045561691 [TCP segment of a reassembled PDU]"
"64782","37.840984471","192.168.1.55","192.168.1.2","TCP","1514","8004  >  36862 [ACK] Seq=215942 Ack=144 Win=65024 Len=1448 TSval=2916041921 TSecr=3045561691 [TCP segment of a reassembled PDU]"
"64783","37.840985879","192.168.1.55","192.168.1.2","TCP","1514","8004  >  36862 [ACK] Seq=217390 Ack=144 Win=65024 Len=1448 TSval=2916041921 TSecr=3045561691 [TCP segment of a reassembled PDU]"
"64784","37.840987268","192.168.1.55","192.168.1.2","TCP","1514","8004  >  36862 [ACK] Seq=218838 Ack=144 Win=65024 Len=1448 TSval=2916041921 TSecr=3045561691 [TCP segment of a reassembled PDU]"
"64785","37.840988694","192.168.1.55","192.168.1.2","TCP","1514","8004  >  36862 [ACK] Seq=220286 Ack=144 Win=65024 Len=1448 TSval=2916041921 TSecr=3045561691 [TCP segment of a reassembled PDU]"
"64786","37.840990564","192.168.1.55","192.168.1.2","TCP","1514","8004  >  36862 [ACK] Seq=221734 Ack=144 Win=65024 Len=1448 TSval=2916041921 TSecr=3045561691 [TCP segment of a reassembled PDU]"
"64787","37.840991971","192.168.1.55","192.168.1.2","TCP","1514","8004  >  36862 [ACK] Seq=223182 Ack=144 Win=65024 Len=1448 TSval=2916041921 TSecr=3045561691 [TCP segment of a reassembled PDU]"
"64788","37.840998471","192.168.1.55","192.168.1.2","TCP","1514","8004  >  36862 [ACK] Seq=224630 Ack=144 Win=65024 Len=1448 TSval=2916041921 TSecr=3045561691 [TCP segment of a reassembled PDU]"
"64789","37.841000027","192.168.1.55","192.168.1.2","TCP","1514","8004  >  36862 [ACK] Seq=226078 Ack=144 Win=65024 Len=1448 TSval=2916041921 TSecr=3045561691 [TCP segment of a reassembled PDU]"
"64790","37.841001453","192.168.1.55","192.168.1.2","TCP","1514","8004  >  36862 [ACK] Seq=227526 Ack=144 Win=65024 Len=1448 TSval=2916041921 TSecr=3045561691 [TCP segment of a reassembled PDU]"
"64791","37.841002749","192.168.1.55","192.168.1.2","TCP","1514","8004  >  36862 [ACK] Seq=228974 Ack=144 Win=65024 Len=1448 TSval=2916041921 TSecr=3045561691 [TCP segment of a reassembled PDU]"
"64792","37.841004083","192.168.1.55","192.168.1.2","TCP","1514","8004  >  36862 [ACK] Seq=230422 Ack=144 Win=65024 Len=1448 TSval=2916041921 TSecr=3045561691 [TCP segment of a reassembled PDU]"
"64793","37.841005601","192.168.1.55","192.168.1.2","TCP","1514","8004  >  36862 [ACK] Seq=231870 Ack=144 Win=65024 Len=1448 TSval=2916041921 TSecr=3045561691 [TCP segment of a reassembled PDU]"
"64794","37.841006897","192.168.1.55","192.168.1.2","TCP","1514","8004  >  36862 [ACK] Seq=233318 Ack=144 Win=65024 Len=1448 TSval=2916041921 TSecr=3045561691 [TCP segment of a reassembled PDU]"
"64795","37.841008342","192.168.1.55","192.168.1.2","TCP","1514","8004  >  36862 [PSH, ACK] Seq=234766 Ack=144 Win=65024 Len=1448 TSval=2916041921 TSecr=3045561691 [TCP segment of a reassembled PDU]"
"64796","37.841111657","192.168.1.2","192.168.1.55","TCP","66","36862  >  8004 [ACK] Seq=144 Ack=120374 Win=140288 Len=0 TSval=3045561691 TSecr=2916041911"
"64797","37.841132083","192.168.1.55","192.168.1.2","TCP","1514","8004  >  36862 [ACK] Seq=236214 Ack=144 Win=65024 Len=1448 TSval=2916041921 TSecr=3045561691 [TCP segment of a reassembled PDU]"
"64798","37.841133861","192.168.1.55","192.168.1.2","TCP","1514","8004  >  36862 [ACK] Seq=237662 Ack=144 Win=65024 Len=1448 TSval=2916041921 TSecr=3045561691 [TCP segment of a reassembled PDU]"
"64799","37.841135361","192.168.1.55","192.168.1.2","TCP","1514","8004  >  36862 [ACK] Seq=239110 Ack=144 Win=65024 Len=1448 TSval=2916041921 TSecr=3045561691 [TCP segment of a reassembled PDU]"
"64800","37.841136731","192.168.1.55","192.168.1.2","TCP","1514","8004  >  36862 [ACK] Seq=240558 Ack=144 Win=65024 Len=1448 TSval=2916041921 TSecr=3045561691 [TCP segment of a reassembled PDU]"
"64801","37.841138083","192.168.1.55","192.168.1.2","TCP","1514","8004  >  36862 [ACK] Seq=242006 Ack=144 Win=65024 Len=1448 TSval=2916041921 TSecr=3045561691 [TCP segment of a reassembled PDU]"
"64802","37.841139453","192.168.1.55","192.168.1.2","TCP","1514","8004  >  36862 [ACK] Seq=243454 Ack=144 Win=65024 Len=1448 TSval=2916041921 TSecr=3045561691 [TCP segment of a reassembled PDU]"
"64803","37.841140749","192.168.1.55","192.168.1.2","TCP","1514","8004  >  36862 [ACK] Seq=244902 Ack=144 Win=65024 Len=1448 TSval=2916041921 TSecr=3045561691 [TCP segment of a reassembled PDU]"
"64804","37.841142194","192.168.1.55","192.168.1.2","TCP","1514","8004  >  36862 [ACK] Seq=246350 Ack=144 Win=65024 Len=1448 TSval=2916041921 TSecr=3045561691 [TCP segment of a reassembled PDU]"
"64805","37.841143675","192.168.1.55","192.168.1.2","TCP","1514","8004  >  36862 [ACK] Seq=247798 Ack=144 Win=65024 Len=1448 TSval=2916041921 TSecr=3045561691 [TCP segment of a reassembled PDU]"
"64806","37.841145083","192.168.1.55","192.168.1.2","TCP","1514","8004  >  36862 [ACK] Seq=249246 Ack=144 Win=65024 Len=1448 TSval=2916041921 TSecr=3045561691 [TCP segment of a reassembled PDU]"
"64807","37.841146435","192.168.1.55","192.168.1.2","TCP","1514","8004  >  36862 [ACK] Seq=250694 Ack=144 Win=65024 Len=1448 TSval=2916041921 TSecr=3045561691 [TCP segment of a reassembled PDU]"
"64808","37.841147731","192.168.1.55","192.168.1.2","TCP","1514","8004  >  36862 [ACK] Seq=252142 Ack=144 Win=65024 Len=1448 TSval=2916041921 TSecr=3045561691 [TCP segment of a reassembled PDU]"
"64809","37.841149361","192.168.1.55","192.168.1.2","TCP","1514","8004  >  36862 [ACK] Seq=253590 Ack=144 Win=65024 Len=1448 TSval=2916041921 TSecr=3045561691 [TCP segment of a reassembled PDU]"
"64810","37.841150675","192.168.1.55","192.168.1.2","TCP","1514","8004  >  36862 [PSH, ACK] Seq=255038 Ack=144 Win=65024 Len=1448 TSval=2916041921 TSecr=3045561691 [TCP segment of a reassembled PDU]"
"64811","37.841155361","192.168.1.2","192.168.1.55","TCP","66","36862  >  8004 [ACK] Seq=144 Ack=142094 Win=119808 Len=0 TSval=3045561691 TSecr=2916041911"
"64812","37.841162935","192.168.1.2","192.168.1.55","TCP","66","36862  >  8004 [ACK] Seq=144 Ack=155126 Win=136192 Len=0 TSval=3045561691 TSecr=2916041911"
"64813","37.842199047","192.168.1.2","192.168.1.55","TCP","66","36862  >  8004 [ACK] Seq=144 Ack=163814 Win=138240 Len=0 TSval=3045561693 TSecr=2916041911"
"64814","37.842270955","192.168.1.55","192.168.1.2","TCP","1514","8004  >  36862 [ACK] Seq=256486 Ack=144 Win=65024 Len=1448 TSval=2916041922 TSecr=3045561693 [TCP segment of a reassembled PDU]"
"64815","37.842274696","192.168.1.55","192.168.1.2","TCP","1514","8004  >  36862 [ACK] Seq=257934 Ack=144 Win=65024 Len=1448 TSval=2916041922 TSecr=3045561693 [TCP segment of a reassembled PDU]"
"64816","37.842276029","192.168.1.55","192.168.1.2","TCP","1514","8004  >  36862 [ACK] Seq=259382 Ack=144 Win=65024 Len=1448 TSval=2916041922 TSecr=3045561693 [TCP segment of a reassembled PDU]"
"64817","37.842277325","192.168.1.55","192.168.1.2","TCP","1514","8004  >  36862 [ACK] Seq=260830 Ack=144 Win=65024 Len=1448 TSval=2916041922 TSecr=3045561693 [TCP segment of a reassembled PDU]"
"64818","37.842278733","192.168.1.55","192.168.1.2","TCP","1514","8004  >  36862 [ACK] Seq=262278 Ack=144 Win=65024 Len=1448 TSval=2916041922 TSecr=3045561693 [TCP segment of a reassembled PDU]"
"64819","37.842280270","192.168.1.55","192.168.1.2","TCP","1514","8004  >  36862 [ACK] Seq=263726 Ack=144 Win=65024 Len=1448 TSval=2916041922 TSecr=3045561693 [TCP segment of a reassembled PDU]"
"64820","37.842281622","192.168.1.55","192.168.1.2","TCP","1514","8004  >  36862 [ACK] Seq=265174 Ack=144 Win=65024 Len=1448 TSval=2916041922 TSecr=3045561693 [TCP segment of a reassembled PDU]"
"64821","37.842283159","192.168.1.55","192.168.1.2","TCP","1514","8004  >  36862 [ACK] Seq=266622 Ack=144 Win=65024 Len=1448 TSval=2916041922 TSecr=3045561693 [TCP segment of a reassembled PDU]"
"64822","37.842284677","192.168.1.55","192.168.1.2","TCP","1514","8004  >  36862 [ACK] Seq=268070 Ack=144 Win=65024 Len=1448 TSval=2916041922 TSecr=3045561693 [TCP segment of a reassembled PDU]"
"64823","37.842286103","192.168.1.55","192.168.1.2","TCP","1514","8004  >  36862 [ACK] Seq=269518 Ack=144 Win=65024 Len=1448 TSval=2916041922 TSecr=3045561693 [TCP segment of a reassembled PDU]"
"64824","37.842287566","192.168.1.55","192.168.1.2","TCP","1514","8004  >  36862 [ACK] Seq=270966 Ack=144 Win=65024 Len=1448 TSval=2916041922 TSecr=3045561693 [TCP segment of a reassembled PDU]"
"64825","37.842289066","192.168.1.55","192.168.1.2","TCP","1514","8004  >  36862 [ACK] Seq=272414 Ack=144 Win=65024 Len=1448 TSval=2916041922 TSecr=3045561693 [TCP segment of a reassembled PDU]"
"64826","37.842290418","192.168.1.55","192.168.1.2","TCP","1514","8004  >  36862 [ACK] Seq=273862 Ack=144 Win=65024 Len=1448 TSval=2916041922 TSecr=3045561693 [TCP segment of a reassembled PDU]"
"64827","37.842299048","192.168.1.55","192.168.1.2","TCP","1514","8004  >  36862 [ACK] Seq=275310 Ack=144 Win=65024 Len=1448 TSval=2916041922 TSecr=3045561693 [TCP segment of a reassembled PDU]"
"64828","37.842300696","192.168.1.55","192.168.1.2","TCP","1514","8004  >  36862 [ACK] Seq=276758 Ack=144 Win=65024 Len=1448 TSval=2916041922 TSecr=3045561693 [TCP segment of a reassembled PDU]"
"64829","37.842302325","192.168.1.55","192.168.1.2","TCP","1514","8004  >  36862 [ACK] Seq=278206 Ack=144 Win=65024 Len=1448 TSval=2916041922 TSecr=3045561693 [TCP segment of a reassembled PDU]"
"64830","37.842303770","192.168.1.55","192.168.1.2","TCP","1514","8004  >  36862 [ACK] Seq=279654 Ack=144 Win=65024 Len=1448 TSval=2916041922 TSecr=3045561693 [TCP segment of a reassembled PDU]"
"64831","37.842305214","192.168.1.55","192.168.1.2","TCP","1514","8004  >  36862 [ACK] Seq=281102 Ack=144 Win=65024 Len=1448 TSval=2916041922 TSecr=3045561693 [TCP segment of a reassembled PDU]"
"64832","37.842306881","192.168.1.55","192.168.1.2","TCP","1514","8004  >  36862 [ACK] Seq=282550 Ack=144 Win=65024 Len=1448 TSval=2916041922 TSecr=3045561693 [TCP segment of a reassembled PDU]"
"64833","37.842308196","192.168.1.55","192.168.1.2","TCP","1514","8004  >  36862 [ACK] Seq=283998 Ack=144 Win=65024 Len=1448 TSval=2916041922 TSecr=3045561693 [TCP segment of a reassembled PDU]"
"64834","37.842309511","192.168.1.55","192.168.1.2","TCP","1514","8004  >  36862 [ACK] Seq=285446 Ack=144 Win=65024 Len=1448 TSval=2916041922 TSecr=3045561693 [TCP segment of a reassembled PDU]"
"64835","37.842311048","192.168.1.55","192.168.1.2","TCP","1514","8004  >  36862 [ACK] Seq=286894 Ack=144 Win=65024 Len=1448 TSval=2916041922 TSecr=3045561693 [TCP segment of a reassembled PDU]"
"64836","37.842312455","192.168.1.55","192.168.1.2","TCP","1514","8004  >  36862 [ACK] Seq=288342 Ack=144 Win=65024 Len=1448 TSval=2916041922 TSecr=3045561693 [TCP segment of a reassembled PDU]"
"64837","37.842313899","192.168.1.55","192.168.1.2","TCP","1514","8004  >  36862 [ACK] Seq=289790 Ack=144 Win=65024 Len=1448 TSval=2916041922 TSecr=3045561693 [TCP segment of a reassembled PDU]"
"64838","37.842315325","192.168.1.55","192.168.1.2","TCP","1514","8004  >  36862 [ACK] Seq=291238 Ack=144 Win=65024 Len=1448 TSval=2916041922 TSecr=3045561693 [TCP segment of a reassembled PDU]"
"64839","37.842316696","192.168.1.55","192.168.1.2","TCP","1514","8004  >  36862 [ACK] Seq=292686 Ack=144 Win=65024 Len=1448 TSval=2916041922 TSecr=3045561693 [TCP segment of a reassembled PDU]"
"64840","37.842318085","192.168.1.55","192.168.1.2","TCP","1514","8004  >  36862 [ACK] Seq=294134 Ack=144 Win=65024 Len=1448 TSval=2916041922 TSecr=3045561693 [TCP segment of a reassembled PDU]"
"64841","37.842319511","192.168.1.55","192.168.1.2","TCP","1514","8004  >  36862 [ACK] Seq=295582 Ack=144 Win=65024 Len=1448 TSval=2916041922 TSecr=3045561693 [TCP segment of a reassembled PDU]"
"64842","37.842320899","192.168.1.55","192.168.1.2","TCP","1514","8004  >  36862 [ACK] Seq=297030 Ack=144 Win=65024 Len=1448 TSval=2916041922 TSecr=3045561693 [TCP segment of a reassembled PDU]"
"64843","37.842322307","192.168.1.55","192.168.1.2","TCP","1514","8004  >  36862 [ACK] Seq=298478 Ack=144 Win=65024 Len=1448 TSval=2916041922 TSecr=3045561693 [TCP segment of a reassembled PDU]"
"64844","37.842324344","192.168.1.55","192.168.1.2","TCP","1514","8004  >  36862 [ACK] Seq=299926 Ack=144 Win=65024 Len=1448 TSval=2916041922 TSecr=3045561693 [TCP segment of a reassembled PDU]"
"64845","37.842325862","192.168.1.55","192.168.1.2","TCP","746","[TCP Window Full] 8004  >  36862 [PSH, ACK] Seq=301374 Ack=144 Win=65024 Len=680 TSval=2916041922 TSecr=3045561693 [TCP segment of a reassembled PDU]"
"64846","37.842334566","192.168.1.2","192.168.1.55","TCP","66","36862  >  8004 [ACK] Seq=144 Ack=165262 Win=143360 Len=0 TSval=3045561695 TSecr=2916041916"
"64847","37.843531698","192.168.1.55","192.168.1.2","TCP","834","8004  >  36862 [ACK] Seq=302054 Ack=144 Win=65024 Len=768 TSval=2916041924 TSecr=3045561695 [TCP segment of a reassembled PDU]"
"64848","37.843577976","192.168.1.2","192.168.1.55","TCP","66","36862  >  8004 [ACK] Seq=144 Ack=168158 Win=147456 Len=0 TSval=3045561695 TSecr=2916041916"
"64849","37.843619253","192.168.1.2","192.168.1.55","TCP","66","36862  >  8004 [ACK] Seq=144 Ack=181190 Win=136192 Len=0 TSval=3045561696 TSecr=2916041916"
"64850","37.847706316","192.168.1.2","192.168.1.55","TCP","66","36862  >  8004 [ACK] Seq=144 Ack=210150 Win=118784 Len=0 TSval=3045561698 TSecr=2916041916"
"64851","37.847750353","192.168.1.55","192.168.1.2","TCP","1514","8004  >  36862 [ACK] Seq=302822 Ack=144 Win=65024 Len=1448 TSval=2916041928 TSecr=3045561698 [TCP segment of a reassembled PDU]"
"64852","37.847754242","192.168.1.55","192.168.1.2","TCP","1514","8004  >  36862 [ACK] Seq=304270 Ack=144 Win=65024 Len=1448 TSval=2916041928 TSecr=3045561698 [TCP segment of a reassembled PDU]"
"64853","37.847755686","192.168.1.55","192.168.1.2","TCP","1514","8004  >  36862 [ACK] Seq=305718 Ack=144 Win=65024 Len=1448 TSval=2916041928 TSecr=3045561698 [TCP segment of a reassembled PDU]"
"64854","37.847757093","192.168.1.55","192.168.1.2","TCP","1514","8004  >  36862 [ACK] Seq=307166 Ack=144 Win=65024 Len=1448 TSval=2916041928 TSecr=3045561698 [TCP segment of a reassembled PDU]"
"64855","37.847758464","192.168.1.55","192.168.1.2","TCP","1514","8004  >  36862 [ACK] Seq=308614 Ack=144 Win=65024 Len=1448 TSval=2916041928 TSecr=3045561698 [TCP segment of a reassembled PDU]"
"64856","37.847759871","192.168.1.55","192.168.1.2","TCP","1514","8004  >  36862 [ACK] Seq=310062 Ack=144 Win=65024 Len=1448 TSval=2916041928 TSecr=3045561698 [TCP segment of a reassembled PDU]"
"64857","37.847761297","192.168.1.55","192.168.1.2","TCP","1514","8004  >  36862 [ACK] Seq=311510 Ack=144 Win=65024 Len=1448 TSval=2916041928 TSecr=3045561698 [TCP segment of a reassembled PDU]"
"64858","37.847762723","192.168.1.55","192.168.1.2","TCP","1514","8004  >  36862 [ACK] Seq=312958 Ack=144 Win=65024 Len=1448 TSval=2916041928 TSecr=3045561698 [TCP segment of a reassembled PDU]"
"64859","37.847764260","192.168.1.55","192.168.1.2","TCP","1514","8004  >  36862 [ACK] Seq=314406 Ack=144 Win=65024 Len=1448 TSval=2916041928 TSecr=3045561698 [TCP segment of a reassembled PDU]"
"64860","37.847765649","192.168.1.55","192.168.1.2","TCP","1514","8004  >  36862 [ACK] Seq=315854 Ack=144 Win=65024 Len=1448 TSval=2916041928 TSecr=3045561698 [TCP segment of a reassembled PDU]"
"64861","37.847767056","192.168.1.55","192.168.1.2","TCP","1514","8004  >  36862 [ACK] Seq=317302 Ack=144 Win=65024 Len=1448 TSval=2916041928 TSecr=3045561698 [TCP segment of a reassembled PDU]"
"64862","37.847768464","192.168.1.55","192.168.1.2","TCP","1514","8004  >  36862 [ACK] Seq=318750 Ack=144 Win=65024 Len=1448 TSval=2916041928 TSecr=3045561698 [TCP segment of a reassembled PDU]"
"64863","37.847769890","192.168.1.55","192.168.1.2","TCP","1514","8004  >  36862 [ACK] Seq=320198 Ack=144 Win=65024 Len=1448 TSval=2916041928 TSecr=3045561698 [TCP segment of a reassembled PDU]"
"64864","37.847771168","192.168.1.55","192.168.1.2","TCP","1514","8004  >  36862 [ACK] Seq=321646 Ack=144 Win=65024 Len=1448 TSval=2916041928 TSecr=3045561698 [TCP segment of a reassembled PDU]"
"64865","37.847772631","192.168.1.55","192.168.1.2","TCP","1514","8004  >  36862 [ACK] Seq=323094 Ack=144 Win=65024 Len=1448 TSval=2916041928 TSecr=3045561698 [TCP segment of a reassembled PDU]"
"64866","37.847774056","192.168.1.55","192.168.1.2","TCP","1514","8004  >  36862 [ACK] Seq=324542 Ack=144 Win=65024 Len=1448 TSval=2916041928 TSecr=3045561698 [TCP segment of a reassembled PDU]"
"64867","37.847775982","192.168.1.55","192.168.1.2","TCP","1514","8004  >  36862 [ACK] Seq=325990 Ack=144 Win=65024 Len=1448 TSval=2916041928 TSecr=3045561698 [TCP segment of a reassembled PDU]"
"64868","37.847777371","192.168.1.55","192.168.1.2","TCP","1514","8004  >  36862 [PSH, ACK] Seq=327438 Ack=144 Win=65024 Len=1448 TSval=2916041928 TSecr=3045561698 [TCP segment of a reassembled PDU]"
"64869","37.851109451","192.168.1.2","192.168.1.55","TCP","66","36862  >  8004 [ACK] Seq=144 Ack=236214 Win=122880 Len=0 TSval=3045561703 TSecr=2916041921"
"64870","37.851136432","192.168.1.55","192.168.1.2","TCP","1514","8004  >  36862 [ACK] Seq=328886 Ack=144 Win=65024 Len=1448 TSval=2916041931 TSecr=3045561703 [TCP segment of a reassembled PDU]"
"64871","37.851139377","192.168.1.55","192.168.1.2","TCP","1514","8004  >  36862 [ACK] Seq=330334 Ack=144 Win=65024 Len=1448 TSval=2916041931 TSecr=3045561703 [TCP segment of a reassembled PDU]"
"64872","37.851140895","192.168.1.55","192.168.1.2","TCP","1514","8004  >  36862 [ACK] Seq=331782 Ack=144 Win=65024 Len=1448 TSval=2916041931 TSecr=3045561703 [TCP segment of a reassembled PDU]"
"64873","37.851142340","192.168.1.55","192.168.1.2","TCP","1514","8004  >  36862 [ACK] Seq=333230 Ack=144 Win=65024 Len=1448 TSval=2916041931 TSecr=3045561703 [TCP segment of a reassembled PDU]"
"64874","37.851143803","192.168.1.55","192.168.1.2","TCP","1514","8004  >  36862 [ACK] Seq=334678 Ack=144 Win=65024 Len=1448 TSval=2916041931 TSecr=3045561703 [TCP segment of a reassembled PDU]"
"64875","37.851145192","192.168.1.55","192.168.1.2","TCP","1514","8004  >  36862 [ACK] Seq=336126 Ack=144 Win=65024 Len=1448 TSval=2916041931 TSecr=3045561703 [TCP segment of a reassembled PDU]"
"64876","37.851146599","192.168.1.55","192.168.1.2","TCP","1514","8004  >  36862 [ACK] Seq=337574 Ack=144 Win=65024 Len=1448 TSval=2916041931 TSecr=3045561703 [TCP segment of a reassembled PDU]"
"64877","37.851148136","192.168.1.55","192.168.1.2","TCP","1514","8004  >  36862 [ACK] Seq=339022 Ack=144 Win=65024 Len=1448 TSval=2916041931 TSecr=3045561703 [TCP segment of a reassembled PDU]"
"64878","37.851149543","192.168.1.55","192.168.1.2","TCP","1514","8004  >  36862 [ACK] Seq=340470 Ack=144 Win=65024 Len=1448 TSval=2916041931 TSecr=3045561703 [TCP segment of a reassembled PDU]"
"64879","37.851150969","192.168.1.55","192.168.1.2","TCP","1514","8004  >  36862 [ACK] Seq=341918 Ack=144 Win=65024 Len=1448 TSval=2916041931 TSecr=3045561703 [TCP segment of a reassembled PDU]"
"64880","37.851152469","192.168.1.55","192.168.1.2","TCP","1514","8004  >  36862 [ACK] Seq=343366 Ack=144 Win=65024 Len=1448 TSval=2916041931 TSecr=3045561703 [TCP segment of a reassembled PDU]"
"64881","37.851154025","192.168.1.55","192.168.1.2","TCP","1514","8004  >  36862 [ACK] Seq=344814 Ack=144 Win=65024 Len=1448 TSval=2916041931 TSecr=3045561703 [TCP segment of a reassembled PDU]"
"64882","37.851155580","192.168.1.55","192.168.1.2","TCP","1514","8004  >  36862 [ACK] Seq=346262 Ack=144 Win=65024 Len=1448 TSval=2916041931 TSecr=3045561703 [TCP segment of a reassembled PDU]"
"64883","37.851156969","192.168.1.55","192.168.1.2","TCP","1514","8004  >  36862 [PSH, ACK] Seq=347710 Ack=144 Win=65024 Len=1448 TSval=2916041931 TSecr=3045561703 [TCP segment of a reassembled PDU]"
"64884","37.851246562","192.168.1.2","192.168.1.55","TCP","66","36862  >  8004 [ACK] Seq=144 Ack=256486 Win=103424 Len=0 TSval=3045561704 TSecr=2916041921"
"64885","37.851255692","192.168.1.2","192.168.1.55","TCP","66","36862  >  8004 [ACK] Seq=144 Ack=294134 Win=112640 Len=0 TSval=3045561704 TSecr=2916041922"
"64886","37.851299136","192.168.1.55","192.168.1.2","TCP","1514","8004  >  36862 [ACK] Seq=349158 Ack=144 Win=65024 Len=1448 TSval=2916041931 TSecr=3045561704 [TCP segment of a reassembled PDU]"
"64887","37.851302321","192.168.1.55","192.168.1.2","TCP","1514","8004  >  36862 [ACK] Seq=350606 Ack=144 Win=65024 Len=1448 TSval=2916041931 TSecr=3045561704 [TCP segment of a reassembled PDU]"
"64888","37.851303914","192.168.1.55","192.168.1.2","TCP","1514","8004  >  36862 [ACK] Seq=352054 Ack=144 Win=65024 Len=1448 TSval=2916041931 TSecr=3045561704 [TCP segment of a reassembled PDU]"
"64889","37.851305192","192.168.1.55","192.168.1.2","TCP","1514","8004  >  36862 [ACK] Seq=353502 Ack=144 Win=65024 Len=1448 TSval=2916041931 TSecr=3045561704 [TCP segment of a reassembled PDU]"
"64890","37.851306655","192.168.1.55","192.168.1.2","TCP","1514","8004  >  36862 [ACK] Seq=354950 Ack=144 Win=65024 Len=1448 TSval=2916041931 TSecr=3045561704 [TCP segment of a reassembled PDU]"
"64891","37.851308025","192.168.1.55","192.168.1.2","TCP","1514","8004  >  36862 [ACK] Seq=356398 Ack=144 Win=65024 Len=1448 TSval=2916041931 TSecr=3045561704 [TCP segment of a reassembled PDU]"
"64892","37.851309655","192.168.1.55","192.168.1.2","TCP","1514","8004  >  36862 [ACK] Seq=357846 Ack=144 Win=65024 Len=1448 TSval=2916041931 TSecr=3045561704 [TCP segment of a reassembled PDU]"
"64893","37.851311062","192.168.1.55","192.168.1.2","TCP","1514","8004  >  36862 [ACK] Seq=359294 Ack=144 Win=65024 Len=1448 TSval=2916041931 TSecr=3045561704 [TCP segment of a reassembled PDU]"
"64894","37.851312433","192.168.1.55","192.168.1.2","TCP","1514","8004  >  36862 [ACK] Seq=360742 Ack=144 Win=65024 Len=1448 TSval=2916041931 TSecr=3045561704 [TCP segment of a reassembled PDU]"
"64895","37.851313896","192.168.1.55","192.168.1.2","TCP","1514","8004  >  36862 [ACK] Seq=362190 Ack=144 Win=65024 Len=1448 TSval=2916041931 TSecr=3045561704 [TCP segment of a reassembled PDU]"
"64896","37.851315247","192.168.1.55","192.168.1.2","TCP","1514","8004  >  36862 [ACK] Seq=363638 Ack=144 Win=65024 Len=1448 TSval=2916041931 TSecr=3045561704 [TCP segment of a reassembled PDU]"
"64897","37.851316673","192.168.1.55","192.168.1.2","TCP","1514","8004  >  36862 [ACK] Seq=365086 Ack=144 Win=65024 Len=1448 TSval=2916041931 TSecr=3045561704 [TCP segment of a reassembled PDU]"
"64898","37.851318118","192.168.1.55","192.168.1.2","TCP","1514","8004  >  36862 [ACK] Seq=366534 Ack=144 Win=65024 Len=1448 TSval=2916041931 TSecr=3045561704 [TCP segment of a reassembled PDU]"
"64899","37.851319414","192.168.1.55","192.168.1.2","TCP","1514","8004  >  36862 [ACK] Seq=367982 Ack=144 Win=65024 Len=1448 TSval=2916041931 TSecr=3045561704 [TCP segment of a reassembled PDU]"
"64900","37.851321173","192.168.1.55","192.168.1.2","TCP","1514","8004  >  36862 [ACK] Seq=369430 Ack=144 Win=65024 Len=1448 TSval=2916041931 TSecr=3045561704 [TCP segment of a reassembled PDU]"
"64901","37.851322636","192.168.1.55","192.168.1.2","TCP","1514","8004  >  36862 [ACK] Seq=370878 Ack=144 Win=65024 Len=1448 TSval=2916041931 TSecr=3045561704 [TCP segment of a reassembled PDU]"
"64902","37.851324007","192.168.1.55","192.168.1.2","TCP","1514","8004  >  36862 [ACK] Seq=372326 Ack=144 Win=65024 Len=1448 TSval=2916041931 TSecr=3045561704 [TCP segment of a reassembled PDU]"
"64903","37.851325451","192.168.1.55","192.168.1.2","TCP","1514","8004  >  36862 [ACK] Seq=373774 Ack=144 Win=65024 Len=1448 TSval=2916041931 TSecr=3045561704 [TCP segment of a reassembled PDU]"
"64904","37.851326951","192.168.1.55","192.168.1.2","TCP","1514","8004  >  36862 [ACK] Seq=375222 Ack=144 Win=65024 Len=1448 TSval=2916041931 TSecr=3045561704 [TCP segment of a reassembled PDU]"
"64905","37.851328284","192.168.1.55","192.168.1.2","TCP","1514","8004  >  36862 [ACK] Seq=376670 Ack=144 Win=65024 Len=1448 TSval=2916041931 TSecr=3045561704 [TCP segment of a reassembled PDU]"
"64906","37.851329747","192.168.1.55","192.168.1.2","TCP","1514","8004  >  36862 [ACK] Seq=378118 Ack=144 Win=65024 Len=1448 TSval=2916041931 TSecr=3045561704 [TCP segment of a reassembled PDU]"
"64907","37.851331081","192.168.1.55","192.168.1.2","TCP","1514","8004  >  36862 [ACK] Seq=379566 Ack=144 Win=65024 Len=1448 TSval=2916041931 TSecr=3045561704 [TCP segment of a reassembled PDU]"
"64908","37.851332544","192.168.1.55","192.168.1.2","TCP","1514","8004  >  36862 [ACK] Seq=381014 Ack=144 Win=65024 Len=1448 TSval=2916041931 TSecr=3045561704 [TCP segment of a reassembled PDU]"
"64909","37.851333970","192.168.1.55","192.168.1.2","TCP","1514","8004  >  36862 [ACK] Seq=382462 Ack=144 Win=65024 Len=1448 TSval=2916041931 TSecr=3045561704 [TCP segment of a reassembled PDU]"
"64910","37.851335433","192.168.1.55","192.168.1.2","TCP","1514","8004  >  36862 [ACK] Seq=383910 Ack=144 Win=65024 Len=1448 TSval=2916041931 TSecr=3045561704 [TCP segment of a reassembled PDU]"
"64911","37.851336877","192.168.1.55","192.168.1.2","TCP","1514","8004  >  36862 [ACK] Seq=385358 Ack=144 Win=65024 Len=1448 TSval=2916041931 TSecr=3045561704 [TCP segment of a reassembled PDU]"
"64912","37.851338247","192.168.1.55","192.168.1.2","TCP","1514","8004  >  36862 [ACK] Seq=386806 Ack=144 Win=65024 Len=1448 TSval=2916041931 TSecr=3045561704 [TCP segment of a reassembled PDU]"
"64913","37.851339729","192.168.1.55","192.168.1.2","TCP","1514","8004  >  36862 [ACK] Seq=388254 Ack=144 Win=65024 Len=1448 TSval=2916041931 TSecr=3045561704 [TCP segment of a reassembled PDU]"
"64914","37.851341192","192.168.1.55","192.168.1.2","TCP","1514","8004  >  36862 [ACK] Seq=389702 Ack=144 Win=65024 Len=1448 TSval=2916041931 TSecr=3045561704 [TCP segment of a reassembled PDU]"
"64915","37.851342470","192.168.1.55","192.168.1.2","TCP","1514","8004  >  36862 [ACK] Seq=391150 Ack=144 Win=65024 Len=1448 TSval=2916041931 TSecr=3045561704 [TCP segment of a reassembled PDU]"
"64916","37.851343896","192.168.1.55","192.168.1.2","TCP","1514","8004  >  36862 [ACK] Seq=392598 Ack=144 Win=65024 Len=1448 TSval=2916041931 TSecr=3045561704 [TCP segment of a reassembled PDU]"
"64917","37.851345229","192.168.1.55","192.168.1.2","TCP","1514","8004  >  36862 [PSH, ACK] Seq=394046 Ack=144 Win=65024 Len=1448 TSval=2916041931 TSecr=3045561704 [TCP segment of a reassembled PDU]"
"64918","37.851354747","192.168.1.2","192.168.1.55","TCP","66","36862  >  8004 [ACK] Seq=144 Ack=328886 Win=121856 Len=0 TSval=3045561706 TSecr=2916041928"
"64919","37.851406229","192.168.1.55","192.168.1.2","TCP","1514","8004  >  36862 [ACK] Seq=395494 Ack=144 Win=65024 Len=1448 TSval=2916041932 TSecr=3045561706 [TCP segment of a reassembled PDU]"
"64920","37.851408748","192.168.1.55","192.168.1.2","TCP","1514","8004  >  36862 [ACK] Seq=396942 Ack=144 Win=65024 Len=1448 TSval=2916041932 TSecr=3045561706 [TCP segment of a reassembled PDU]"
"64921","37.851410359","192.168.1.55","192.168.1.2","TCP","1514","8004  >  36862 [ACK] Seq=398390 Ack=144 Win=65024 Len=1448 TSval=2916041932 TSecr=3045561706 [TCP segment of a reassembled PDU]"
"64922","37.851412044","192.168.1.55","192.168.1.2","TCP","1514","8004  >  36862 [ACK] Seq=399838 Ack=144 Win=65024 Len=1448 TSval=2916041932 TSecr=3045561706 [TCP segment of a reassembled PDU]"
"64923","37.851413414","192.168.1.55","192.168.1.2","TCP","1514","8004  >  36862 [ACK] Seq=401286 Ack=144 Win=65024 Len=1448 TSval=2916041932 TSecr=3045561706 [TCP segment of a reassembled PDU]"
"64924","37.851414822","192.168.1.55","192.168.1.2","TCP","1514","8004  >  36862 [ACK] Seq=402734 Ack=144 Win=65024 Len=1448 TSval=2916041932 TSecr=3045561706 [TCP segment of a reassembled PDU]"
"64925","37.851416192","192.168.1.55","192.168.1.2","TCP","1514","8004  >  36862 [ACK] Seq=404182 Ack=144 Win=65024 Len=1448 TSval=2916041932 TSecr=3045561706 [TCP segment of a reassembled PDU]"
"64926","37.851417599","192.168.1.55","192.168.1.2","TCP","1514","8004  >  36862 [ACK] Seq=405630 Ack=144 Win=65024 Len=1448 TSval=2916041932 TSecr=3045561706 [TCP segment of a reassembled PDU]"
"64927","37.851419062","192.168.1.55","192.168.1.2","TCP","1514","8004  >  36862 [ACK] Seq=407078 Ack=144 Win=65024 Len=1448 TSval=2916041932 TSecr=3045561706 [TCP segment of a reassembled PDU]"
"64928","37.851420414","192.168.1.55","192.168.1.2","TCP","1514","8004  >  36862 [ACK] Seq=408526 Ack=144 Win=65024 Len=1448 TSval=2916041932 TSecr=3045561706 [TCP segment of a reassembled PDU]"
"64929","37.851421803","192.168.1.55","192.168.1.2","TCP","1514","8004  >  36862 [ACK] Seq=409974 Ack=144 Win=65024 Len=1448 TSval=2916041932 TSecr=3045561706 [TCP segment of a reassembled PDU]"
"64930","37.851423211","192.168.1.55","192.168.1.2","TCP","1514","8004  >  36862 [ACK] Seq=411422 Ack=144 Win=65024 Len=1448 TSval=2916041932 TSecr=3045561706 [TCP segment of a reassembled PDU]"
"64931","37.851424748","192.168.1.55","192.168.1.2","TCP","1514","8004  >  36862 [ACK] Seq=412870 Ack=144 Win=65024 Len=1448 TSval=2916041932 TSecr=3045561706 [TCP segment of a reassembled PDU]"
"64932","37.851426173","192.168.1.55","192.168.1.2","TCP","1514","8004  >  36862 [ACK] Seq=414318 Ack=144 Win=65024 Len=1448 TSval=2916041932 TSecr=3045561706 [TCP segment of a reassembled PDU]"
"64933","37.851427562","192.168.1.55","192.168.1.2","TCP","1514","8004  >  36862 [ACK] Seq=415766 Ack=144 Win=65024 Len=1448 TSval=2916041932 TSecr=3045561706 [TCP segment of a reassembled PDU]"
"64934","37.851428951","192.168.1.55","192.168.1.2","TCP","1514","8004  >  36862 [ACK] Seq=417214 Ack=144 Win=65024 Len=1448 TSval=2916041932 TSecr=3045561706 [TCP segment of a reassembled PDU]"
"64935","37.851430488","192.168.1.55","192.168.1.2","TCP","1514","8004  >  36862 [ACK] Seq=418662 Ack=144 Win=65024 Len=1448 TSval=2916041932 TSecr=3045561706 [TCP segment of a reassembled PDU]"
"64936","37.851431859","192.168.1.55","192.168.1.2","TCP","1514","8004  >  36862 [ACK] Seq=420110 Ack=144 Win=65024 Len=1448 TSval=2916041932 TSecr=3045561706 [TCP segment of a reassembled PDU]"
"64937","37.851433229","192.168.1.55","192.168.1.2","TCP","1514","8004  >  36862 [ACK] Seq=421558 Ack=144 Win=65024 Len=1448 TSval=2916041932 TSecr=3045561706 [TCP segment of a reassembled PDU]"
"64938","37.851434636","192.168.1.55","192.168.1.2","TCP","1514","8004  >  36862 [ACK] Seq=423006 Ack=144 Win=65024 Len=1448 TSval=2916041932 TSecr=3045561706 [TCP segment of a reassembled PDU]"
"64939","37.851436044","192.168.1.55","192.168.1.2","TCP","1514","8004  >  36862 [ACK] Seq=424454 Ack=144 Win=65024 Len=1448 TSval=2916041932 TSecr=3045561706 [TCP segment of a reassembled PDU]"
"64940","37.851437433","192.168.1.55","192.168.1.2","TCP","1514","8004  >  36862 [ACK] Seq=425902 Ack=144 Win=65024 Len=1448 TSval=2916041932 TSecr=3045561706 [TCP segment of a reassembled PDU]"
"64941","37.851438859","192.168.1.55","192.168.1.2","TCP","1514","8004  >  36862 [ACK] Seq=427350 Ack=144 Win=65024 Len=1448 TSval=2916041932 TSecr=3045561706 [TCP segment of a reassembled PDU]"
"64942","37.851440322","192.168.1.55","192.168.1.2","TCP","1514","8004  >  36862 [ACK] Seq=428798 Ack=144 Win=65024 Len=1448 TSval=2916041932 TSecr=3045561706 [TCP segment of a reassembled PDU]"
"64943","37.851441655","192.168.1.55","192.168.1.2","TCP","1514","8004  >  36862 [ACK] Seq=430246 Ack=144 Win=65024 Len=1448 TSval=2916041932 TSecr=3045561706 [TCP segment of a reassembled PDU]"
"64944","37.851443118","192.168.1.55","192.168.1.2","TCP","1514","8004  >  36862 [ACK] Seq=431694 Ack=144 Win=65024 Len=1448 TSval=2916041932 TSecr=3045561706 [TCP segment of a reassembled PDU]"
"64945","37.851444507","192.168.1.55","192.168.1.2","TCP","1514","8004  >  36862 [ACK] Seq=433142 Ack=144 Win=65024 Len=1448 TSval=2916041932 TSecr=3045561706 [TCP segment of a reassembled PDU]"
"64946","37.851445951","192.168.1.55","192.168.1.2","TCP","1514","8004  >  36862 [ACK] Seq=434590 Ack=144 Win=65024 Len=1448 TSval=2916041932 TSecr=3045561706 [TCP segment of a reassembled PDU]"
"64947","37.851447340","192.168.1.55","192.168.1.2","TCP","1514","8004  >  36862 [ACK] Seq=436038 Ack=144 Win=65024 Len=1448 TSval=2916041932 TSecr=3045561706 [TCP segment of a reassembled PDU]"
"64948","37.851448859","192.168.1.55","192.168.1.2","TCP","1514","8004  >  36862 [ACK] Seq=437486 Ack=144 Win=65024 Len=1448 TSval=2916041932 TSecr=3045561706 [TCP segment of a reassembled PDU]"
"64949","37.851450229","192.168.1.55","192.168.1.2","TCP","1514","8004  >  36862 [ACK] Seq=438934 Ack=144 Win=65024 Len=1448 TSval=2916041932 TSecr=3045561706 [TCP segment of a reassembled PDU]"
"64950","37.851451655","192.168.1.55","192.168.1.2","TCP","1514","8004  >  36862 [PSH, ACK] Seq=440382 Ack=144 Win=65024 Len=1448 TSval=2916041932 TSecr=3045561706 [TCP segment of a reassembled PDU]"
"64951","37.852676750","192.168.1.55","192.168.1.2","TCP","1514","8004  >  36862 [ACK] Seq=441830 Ack=144 Win=65024 Len=1448 TSval=2916041933 TSecr=3045561706 [TCP segment of a reassembled PDU]"
"64952","37.852680027","192.168.1.55","192.168.1.2","TCP","1514","8004  >  36862 [ACK] Seq=443278 Ack=144 Win=65024 Len=1448 TSval=2916041933 TSecr=3045561706 [TCP segment of a reassembled PDU]"
"64953","37.852681379","192.168.1.55","192.168.1.2","TCP","1514","8004  >  36862 [ACK] Seq=444726 Ack=144 Win=65024 Len=1448 TSval=2916041933 TSecr=3045561706 [TCP segment of a reassembled PDU]"
"64954","37.852682694","192.168.1.55","192.168.1.2","TCP","1514","8004  >  36862 [ACK] Seq=446174 Ack=144 Win=65024 Len=1448 TSval=2916041933 TSecr=3045561706 [TCP segment of a reassembled PDU]"
"64955","37.852684213","192.168.1.55","192.168.1.2","TCP","1514","8004  >  36862 [ACK] Seq=447622 Ack=144 Win=65024 Len=1448 TSval=2916041933 TSecr=3045561706 [TCP segment of a reassembled PDU]"
"64956","37.852685601","192.168.1.55","192.168.1.2","TCP","1514","8004  >  36862 [ACK] Seq=449070 Ack=144 Win=65024 Len=1448 TSval=2916041933 TSecr=3045561706 [TCP segment of a reassembled PDU]"
"64957","37.852686898","192.168.1.55","192.168.1.2","TCP","290","[TCP Window Full] 8004  >  36862 [PSH, ACK] Seq=450518 Ack=144 Win=65024 Len=224 TSval=2916041933 TSecr=3045561706 [TCP segment of a reassembled PDU]"
"64958","37.852713157","192.168.1.2","192.168.1.55","TCP","66","36862  >  8004 [ACK] Seq=144 Ack=302054 Win=140288 Len=0 TSval=3045561704 TSecr=2916041922"
"64959","37.852724861","192.168.1.55","192.168.1.2","TCP","66","[TCP Dup ACK 64613#1] 8004  >  36862 [ACK] Seq=450742 Ack=144 Win=65024 Len=0 TSval=2916041933 TSecr=3045561706"
"64960","37.852759139","192.168.1.2","192.168.1.55","TCP","66","36862  >  8004 [ACK] Seq=144 Ack=302822 Win=147456 Len=0 TSval=3045561704 TSecr=2916041924"
"64961","37.858858223","192.168.1.2","192.168.1.55","TCP","66","36862  >  8004 [ACK] Seq=144 Ack=349158 Win=129024 Len=0 TSval=3045561712 TSecr=2916041931"
"64962","37.858935612","192.168.1.55","192.168.1.2","TCP","1514","8004  >  36862 [ACK] Seq=450742 Ack=144 Win=65024 Len=1448 TSval=2916041939 TSecr=3045561712 [TCP segment of a reassembled PDU]"
"64963","37.858942241","192.168.1.55","192.168.1.2","TCP","1514","8004  >  36862 [ACK] Seq=452190 Ack=144 Win=65024 Len=1448 TSval=2916041939 TSecr=3045561712 [TCP segment of a reassembled PDU]"
"64964","37.858944093","192.168.1.55","192.168.1.2","TCP","1514","8004  >  36862 [ACK] Seq=453638 Ack=144 Win=65024 Len=1448 TSval=2916041939 TSecr=3045561712 [TCP segment of a reassembled PDU]"
"64965","37.858946093","192.168.1.55","192.168.1.2","TCP","1514","8004  >  36862 [ACK] Seq=455086 Ack=144 Win=65024 Len=1448 TSval=2916041939 TSecr=3045561712 [TCP segment of a reassembled PDU]"
"64966","37.858947315","192.168.1.55","192.168.1.2","TCP","1514","8004  >  36862 [ACK] Seq=456534 Ack=144 Win=65024 Len=1448 TSval=2916041939 TSecr=3045561712 [TCP segment of a reassembled PDU]"
"64967","37.858962760","192.168.1.55","192.168.1.2","TCP","1514","8004  >  36862 [ACK] Seq=457982 Ack=144 Win=65024 Len=1448 TSval=2916041939 TSecr=3045561712 [TCP segment of a reassembled PDU]"
"64968","37.858964556","192.168.1.55","192.168.1.2","TCP","1514","8004  >  36862 [ACK] Seq=459430 Ack=144 Win=65024 Len=1448 TSval=2916041939 TSecr=3045561712 [TCP segment of a reassembled PDU]"
"64969","37.858965908","192.168.1.55","192.168.1.2","TCP","1514","8004  >  36862 [ACK] Seq=460878 Ack=144 Win=65024 Len=1448 TSval=2916041939 TSecr=3045561712 [TCP segment of a reassembled PDU]"
"64970","37.858966945","192.168.1.55","192.168.1.2","TCP","1514","8004  >  36862 [ACK] Seq=462326 Ack=144 Win=65024 Len=1448 TSval=2916041939 TSecr=3045561712 [TCP segment of a reassembled PDU]"
"64971","37.858968908","192.168.1.55","192.168.1.2","TCP","1514","8004  >  36862 [ACK] Seq=463774 Ack=144 Win=65024 Len=1448 TSval=2916041939 TSecr=3045561712 [TCP segment of a reassembled PDU]"
"64972","37.858970186","192.168.1.55","192.168.1.2","TCP","1514","8004  >  36862 [ACK] Seq=465222 Ack=144 Win=65024 Len=1448 TSval=2916041939 TSecr=3045561712 [TCP segment of a reassembled PDU]"
"64973","37.858971704","192.168.1.55","192.168.1.2","TCP","1514","8004  >  36862 [ACK] Seq=466670 Ack=144 Win=65024 Len=1448 TSval=2916041939 TSecr=3045561712 [TCP segment of a reassembled PDU]"
"64974","37.858973389","192.168.1.55","192.168.1.2","TCP","1514","8004  >  36862 [ACK] Seq=468118 Ack=144 Win=65024 Len=1448 TSval=2916041939 TSecr=3045561712 [TCP segment of a reassembled PDU]"
"64975","37.858975649","192.168.1.55","192.168.1.2","TCP","1514","8004  >  36862 [ACK] Seq=469566 Ack=144 Win=65024 Len=1448 TSval=2916041939 TSecr=3045561712 [TCP segment of a reassembled PDU]"
"64976","37.858976815","192.168.1.55","192.168.1.2","TCP","1514","8004  >  36862 [ACK] Seq=471014 Ack=144 Win=65024 Len=1448 TSval=2916041939 TSecr=3045561712 [TCP segment of a reassembled PDU]"
"64977","37.858978649","192.168.1.55","192.168.1.2","TCP","1514","8004  >  36862 [ACK] Seq=472462 Ack=144 Win=65024 Len=1448 TSval=2916041939 TSecr=3045561712 [TCP segment of a reassembled PDU]"
"64978","37.858979889","192.168.1.55","192.168.1.2","TCP","1514","8004  >  36862 [ACK] Seq=473910 Ack=144 Win=65024 Len=1448 TSval=2916041939 TSecr=3045561712 [TCP segment of a reassembled PDU]"
"64979","37.858981464","192.168.1.55","192.168.1.2","TCP","1514","8004  >  36862 [PSH, ACK] Seq=475358 Ack=144 Win=65024 Len=1448 TSval=2916041939 TSecr=3045561712 [TCP segment of a reassembled PDU]"
"64980","37.859053390","192.168.1.2","192.168.1.55","TCP","66","36862  >  8004 [ACK] Seq=144 Ack=395494 Win=176128 Len=0 TSval=3045561712 TSecr=2916041931"
"64981","37.859113260","192.168.1.55","192.168.1.2","TCP","1514","8004  >  36862 [ACK] Seq=476806 Ack=144 Win=65024 Len=1448 TSval=2916041939 TSecr=3045561712 [TCP segment of a reassembled PDU]"
"64982","37.859118260","192.168.1.55","192.168.1.2","TCP","1514","8004  >  36862 [ACK] Seq=478254 Ack=144 Win=65024 Len=1448 TSval=2916041939 TSecr=3045561712 [TCP segment of a reassembled PDU]"
"64983","37.859120612","192.168.1.55","192.168.1.2","TCP","1514","8004  >  36862 [ACK] Seq=479702 Ack=144 Win=65024 Len=1448 TSval=2916041939 TSecr=3045561712 [TCP segment of a reassembled PDU]"
"64984","37.859121890","192.168.1.55","192.168.1.2","TCP","1514","8004  >  36862 [ACK] Seq=481150 Ack=144 Win=65024 Len=1448 TSval=2916041939 TSecr=3045561712 [TCP segment of a reassembled PDU]"
"64985","37.859125186","192.168.1.55","192.168.1.2","TCP","1514","8004  >  36862 [ACK] Seq=482598 Ack=144 Win=65024 Len=1448 TSval=2916041939 TSecr=3045561712 [TCP segment of a reassembled PDU]"
"64986","37.859127427","192.168.1.55","192.168.1.2","TCP","1514","8004  >  36862 [ACK] Seq=484046 Ack=144 Win=65024 Len=1448 TSval=2916041939 TSecr=3045561712 [TCP segment of a reassembled PDU]"
"64987","37.859131871","192.168.1.55","192.168.1.2","TCP","1514","8004  >  36862 [ACK] Seq=485494 Ack=144 Win=65024 Len=1448 TSval=2916041939 TSecr=3045561712 [TCP segment of a reassembled PDU]"
"64988","37.859133927","192.168.1.55","192.168.1.2","TCP","1290","8004  >  36862 [PSH, ACK] Seq=486942 Ack=144 Win=65024 Len=1224 TSval=2916041939 TSecr=3045561712 [TCP segment of a reassembled PDU]"
"64989","37.859155019","192.168.1.55","192.168.1.2","TCP","1514","8004  >  36862 [ACK] Seq=488166 Ack=144 Win=65024 Len=1448 TSval=2916041939 TSecr=3045561712 [TCP segment of a reassembled PDU]"
"64990","37.859157982","192.168.1.55","192.168.1.2","TCP","1514","8004  >  36862 [ACK] Seq=489614 Ack=144 Win=65024 Len=1448 TSval=2916041939 TSecr=3045561712 [TCP segment of a reassembled PDU]"
"64991","37.859160019","192.168.1.55","192.168.1.2","TCP","1514","8004  >  36862 [ACK] Seq=491062 Ack=144 Win=65024 Len=1448 TSval=2916041939 TSecr=3045561712 [TCP segment of a reassembled PDU]"
"64992","37.859161853","192.168.1.55","192.168.1.2","TCP","1514","8004  >  36862 [ACK] Seq=492510 Ack=144 Win=65024 Len=1448 TSval=2916041939 TSecr=3045561712 [TCP segment of a reassembled PDU]"
"64993","37.859163538","192.168.1.55","192.168.1.2","TCP","1514","8004  >  36862 [ACK] Seq=493958 Ack=144 Win=65024 Len=1448 TSval=2916041939 TSecr=3045561712 [TCP segment of a reassembled PDU]"
"64994","37.859165390","192.168.1.55","192.168.1.2","TCP","1514","8004  >  36862 [ACK] Seq=495406 Ack=144 Win=65024 Len=1448 TSval=2916041939 TSecr=3045561712 [TCP segment of a reassembled PDU]"
"64995","37.859167038","192.168.1.55","192.168.1.2","TCP","1514","8004  >  36862 [PSH, ACK] Seq=496854 Ack=144 Win=65024 Len=1448 TSval=2916041939 TSecr=3045561712 [TCP segment of a reassembled PDU]"
"64996","37.859173982","192.168.1.55","192.168.1.2","HTTP","222","HTTP/1.0 200 OK  (PNG)"
"64997","37.859178056","192.168.1.2","192.168.1.55","TCP","66","36862  >  8004 [ACK] Seq=144 Ack=402734 Win=168960 Len=0 TSval=3045561712 TSecr=2916041932"
"64998","37.860435781","192.168.1.2","192.168.1.55","TCP","66","36862  >  8004 [ACK] Seq=144 Ack=441830 Win=181248 Len=0 TSval=3045561715 TSecr=2916041932"
"64999","37.860469910","192.168.1.2","192.168.1.55","TCP","66","36862  >  8004 [ACK] Seq=144 Ack=450742 Win=173056 Len=0 TSval=3045561715 TSecr=2916041933"
"65000","37.863213470","192.168.1.2","192.168.1.55","TCP","66","36862  >  8004 [ACK] Seq=144 Ack=476806 Win=193536 Len=0 TSval=3045561718 TSecr=2916041939"
"65001","37.863318674","192.168.1.2","192.168.1.55","TCP","66","36862  >  8004 [ACK] Seq=144 Ack=489614 Win=181248 Len=0 TSval=3045561718 TSecr=2916041939"
"65002","37.864120416","192.168.1.2","192.168.1.55","TCP","66","36862  >  8004 [ACK] Seq=144 Ack=498302 Win=208896 Len=0 TSval=3045561719 TSecr=2916041939"
"65003","37.866367624","192.168.1.2","192.168.1.55","TCP","66","36862  >  8004 [FIN, ACK] Seq=144 Ack=498459 Win=211968 Len=0 TSval=3045561720 TSecr=2916041939"
"65004","37.866381735","192.168.1.55","192.168.1.2","TCP","66","8004  >  36862 [ACK] Seq=498459 Ack=145 Win=65024 Len=0 TSval=2916041947 TSecr=3045561720"
"65005","37.866489753","192.168.1.2","192.168.1.55","TCP","74","36876  >  8004 [SYN] Seq=0 Win=64240 Len=0 MSS=1460 SACK_PERM TSval=3045561721 TSecr=0 WS=1024"
"65006","37.866514402","192.168.1.55","192.168.1.2","TCP","74","8004  >  36876 [SYN, ACK] Seq=0 Ack=1 Win=65160 Len=0 MSS=1460 SACK_PERM TSval=2916041947 TSecr=3045561721 WS=128"
"65007","37.874182396","192.168.1.2","192.168.1.55","TCP","66","36876  >  8004 [ACK] Seq=1 Ack=1 Win=64512 Len=0 TSval=3045561728 TSecr=2916041947"
"65008","37.877348086","192.168.1.2","192.168.1.55","HTTP","206","GET /stego_benchmark.png HTTP/1.1 "
"65009","37.877390641","192.168.1.55","192.168.1.2","TCP","66","8004  >  36876 [ACK] Seq=1 Ack=141 Win=65024 Len=0 TSval=2916041958 TSecr=3045561728"
"65010","37.878090402","192.168.1.55","192.168.1.2","TCP","255","8004  >  36876 [PSH, ACK] Seq=1 Ack=141 Win=65024 Len=189 TSval=2916041958 TSecr=3045561728 [TCP segment of a reassembled PDU]"
"65011","37.878206217","192.168.1.55","192.168.1.2","TCP","1514","8004  >  36876 [ACK] Seq=190 Ack=141 Win=65024 Len=1448 TSval=2916041958 TSecr=3045561728 [TCP segment of a reassembled PDU]"
"65012","37.878211365","192.168.1.55","192.168.1.2","TCP","1514","8004  >  36876 [ACK] Seq=1638 Ack=141 Win=65024 Len=1448 TSval=2916041958 TSecr=3045561728 [TCP segment of a reassembled PDU]"
"65013","37.878212717","192.168.1.55","192.168.1.2","TCP","1514","8004  >  36876 [ACK] Seq=3086 Ack=141 Win=65024 Len=1448 TSval=2916041958 TSecr=3045561728 [TCP segment of a reassembled PDU]"
"65014","37.878214124","192.168.1.55","192.168.1.2","TCP","1514","8004  >  36876 [ACK] Seq=4534 Ack=141 Win=65024 Len=1448 TSval=2916041958 TSecr=3045561728 [TCP segment of a reassembled PDU]"
"65015","37.878215791","192.168.1.55","192.168.1.2","TCP","1514","8004  >  36876 [PSH, ACK] Seq=5982 Ack=141 Win=65024 Len=1448 TSval=2916041958 TSecr=3045561728 [TCP segment of a reassembled PDU]"
"65016","37.878462643","192.168.1.55","192.168.1.2","TCP","1514","8004  >  36876 [ACK] Seq=7430 Ack=141 Win=65024 Len=1448 TSval=2916041959 TSecr=3045561728 [TCP segment of a reassembled PDU]"
"65017","37.878467365","192.168.1.55","192.168.1.2","TCP","1514","8004  >  36876 [ACK] Seq=8878 Ack=141 Win=65024 Len=1448 TSval=2916041959 TSecr=3045561728 [TCP segment of a reassembled PDU]"
"65018","37.878468347","192.168.1.55","192.168.1.2","TCP","1514","8004  >  36876 [ACK] Seq=10326 Ack=141 Win=65024 Len=1448 TSval=2916041959 TSecr=3045561728 [TCP segment of a reassembled PDU]"
"65019","37.878469514","192.168.1.55","192.168.1.2","TCP","1514","8004  >  36876 [PSH, ACK] Seq=11774 Ack=141 Win=65024 Len=1448 TSval=2916041959 TSecr=3045561728 [TCP segment of a reassembled PDU]"
"65020","37.886474582","192.168.1.2","192.168.1.55","TCP","66","36876  >  8004 [ACK] Seq=141 Ack=190 Win=64512 Len=0 TSval=3045561737 TSecr=2916041958"
"65021","37.886555897","192.168.1.55","192.168.1.2","TCP","1514","8004  >  36876 [ACK] Seq=13222 Ack=141 Win=65024 Len=1448 TSval=2916041967 TSecr=3045561737 [TCP segment of a reassembled PDU]"
"65022","37.886562508","192.168.1.55","192.168.1.2","TCP","1514","8004  >  36876 [PSH, ACK] Seq=14670 Ack=141 Win=65024 Len=1448 TSval=2916041967 TSecr=3045561737 [TCP segment of a reassembled PDU]"
"65023","37.886597249","192.168.1.2","192.168.1.55","TCP","66","36876  >  8004 [ACK] Seq=141 Ack=13222 Win=74752 Len=0 TSval=3045561737 TSecr=2916041958"
"65024","37.886642508","192.168.1.55","192.168.1.2","TCP","1514","8004  >  36876 [ACK] Seq=16118 Ack=141 Win=65024 Len=1448 TSval=2916041967 TSecr=3045561737 [TCP segment of a reassembled PDU]"
"65025","37.886645194","192.168.1.55","192.168.1.2","TCP","1514","8004  >  36876 [ACK] Seq=17566 Ack=141 Win=65024 Len=1448 TSval=2916041967 TSecr=3045561737 [TCP segment of a reassembled PDU]"
"65026","37.886646749","192.168.1.55","192.168.1.2","TCP","1514","8004  >  36876 [ACK] Seq=19014 Ack=141 Win=65024 Len=1448 TSval=2916041967 TSecr=3045561737 [TCP segment of a reassembled PDU]"
"65027","37.886648805","192.168.1.55","192.168.1.2","TCP","1514","8004  >  36876 [ACK] Seq=20462 Ack=141 Win=65024 Len=1448 TSval=2916041967 TSecr=3045561737 [TCP segment of a reassembled PDU]"
"65028","37.886650416","192.168.1.55","192.168.1.2","TCP","1514","8004  >  36876 [ACK] Seq=21910 Ack=141 Win=65024 Len=1448 TSval=2916041967 TSecr=3045561737 [TCP segment of a reassembled PDU]"
"65029","37.886651823","192.168.1.55","192.168.1.2","TCP","1514","8004  >  36876 [ACK] Seq=23358 Ack=141 Win=65024 Len=1448 TSval=2916041967 TSecr=3045561737 [TCP segment of a reassembled PDU]"
"65030","37.886653434","192.168.1.55","192.168.1.2","TCP","1514","8004  >  36876 [ACK] Seq=24806 Ack=141 Win=65024 Len=1448 TSval=2916041967 TSecr=3045561737 [TCP segment of a reassembled PDU]"
"65031","37.886655657","192.168.1.55","192.168.1.2","TCP","1514","8004  >  36876 [ACK] Seq=26254 Ack=141 Win=65024 Len=1448 TSval=2916041967 TSecr=3045561737 [TCP segment of a reassembled PDU]"
"65032","37.886657675","192.168.1.55","192.168.1.2","TCP","1514","8004  >  36876 [ACK] Seq=27702 Ack=141 Win=65024 Len=1448 TSval=2916041967 TSecr=3045561737 [TCP segment of a reassembled PDU]"
"65033","37.886659194","192.168.1.55","192.168.1.2","TCP","1514","8004  >  36876 [PSH, ACK] Seq=29150 Ack=141 Win=65024 Len=1448 TSval=2916041967 TSecr=3045561737 [TCP segment of a reassembled PDU]"
"65034","37.887189546","192.168.1.55","192.168.1.2","TCP","1514","8004  >  36876 [ACK] Seq=30598 Ack=141 Win=65024 Len=1448 TSval=2916041967 TSecr=3045561737 [TCP segment of a reassembled PDU]"
"65035","37.887192676","192.168.1.55","192.168.1.2","TCP","1514","8004  >  36876 [ACK] Seq=32046 Ack=141 Win=65024 Len=1448 TSval=2916041967 TSecr=3045561737 [TCP segment of a reassembled PDU]"
"65036","37.887195139","192.168.1.55","192.168.1.2","TCP","1514","8004  >  36876 [ACK] Seq=33494 Ack=141 Win=65024 Len=1448 TSval=2916041967 TSecr=3045561737 [TCP segment of a reassembled PDU]"
"65037","37.887197120","192.168.1.55","192.168.1.2","TCP","1514","8004  >  36876 [ACK] Seq=34942 Ack=141 Win=65024 Len=1448 TSval=2916041967 TSecr=3045561737 [TCP segment of a reassembled PDU]"
"65038","37.887198417","192.168.1.55","192.168.1.2","TCP","1514","8004  >  36876 [ACK] Seq=36390 Ack=141 Win=65024 Len=1448 TSval=2916041967 TSecr=3045561737 [TCP segment of a reassembled PDU]"
"65039","37.887200269","192.168.1.55","192.168.1.2","TCP","1514","8004  >  36876 [ACK] Seq=37838 Ack=141 Win=65024 Len=1448 TSval=2916041967 TSecr=3045561737 [TCP segment of a reassembled PDU]"
"65040","37.887202565","192.168.1.55","192.168.1.2","TCP","1514","8004  >  36876 [ACK] Seq=39286 Ack=141 Win=65024 Len=1448 TSval=2916041967 TSecr=3045561737 [TCP segment of a reassembled PDU]"
"65041","37.887204491","192.168.1.55","192.168.1.2","TCP","1514","8004  >  36876 [PSH, ACK] Seq=40734 Ack=141 Win=65024 Len=1448 TSval=2916041967 TSecr=3045561737 [TCP segment of a reassembled PDU]"
"65042","37.900178660","192.168.1.2","192.168.1.55","TCP","66","36876  >  8004 [ACK] Seq=141 Ack=16118 Win=80896 Len=0 TSval=3045561753 TSecr=2916041967"
"65043","37.900215308","192.168.1.55","192.168.1.2","TCP","1514","8004  >  36876 [ACK] Seq=42182 Ack=141 Win=65024 Len=1448 TSval=2916041980 TSecr=3045561753 [TCP segment of a reassembled PDU]"
"65044","37.900219178","192.168.1.55","192.168.1.2","TCP","1514","8004  >  36876 [PSH, ACK] Seq=43630 Ack=141 Win=65024 Len=1448 TSval=2916041980 TSecr=3045561753 [TCP segment of a reassembled PDU]"
"65045","37.900446864","192.168.1.2","192.168.1.55","TCP","66","36876  >  8004 [ACK] Seq=141 Ack=30598 Win=79872 Len=0 TSval=3045561753 TSecr=2916041967"
"65046","37.900502457","192.168.1.55","192.168.1.2","TCP","1514","8004  >  36876 [ACK] Seq=45078 Ack=141 Win=65024 Len=1448 TSval=2916041981 TSecr=3045561753 [TCP segment of a reassembled PDU]"
"65047","37.900507383","192.168.1.55","192.168.1.2","TCP","1514","8004  >  36876 [ACK] Seq=46526 Ack=141 Win=65024 Len=1448 TSval=2916041981 TSecr=3045561753 [TCP segment of a reassembled PDU]"
"65048","37.900509160","192.168.1.55","192.168.1.2","TCP","1514","8004  >  36876 [ACK] Seq=47974 Ack=141 Win=65024 Len=1448 TSval=2916041981 TSecr=3045561753 [TCP segment of a reassembled PDU]"
"65049","37.900511049","192.168.1.55","192.168.1.2","TCP","1514","8004  >  36876 [ACK] Seq=49422 Ack=141 Win=65024 Len=1448 TSval=2916041981 TSecr=3045561753 [TCP segment of a reassembled PDU]"
"65050","37.900512975","192.168.1.55","192.168.1.2","TCP","1514","8004  >  36876 [ACK] Seq=50870 Ack=141 Win=65024 Len=1448 TSval=2916041981 TSecr=3045561753 [TCP segment of a reassembled PDU]"
"65051","37.900515031","192.168.1.55","192.168.1.2","TCP","1514","8004  >  36876 [ACK] Seq=52318 Ack=141 Win=65024 Len=1448 TSval=2916041981 TSecr=3045561753 [TCP segment of a reassembled PDU]"
"65052","37.900517475","192.168.1.55","192.168.1.2","TCP","1514","8004  >  36876 [ACK] Seq=53766 Ack=141 Win=65024 Len=1448 TSval=2916041981 TSecr=3045561753 [TCP segment of a reassembled PDU]"
"65053","37.900519272","192.168.1.55","192.168.1.2","TCP","1514","8004  >  36876 [ACK] Seq=55214 Ack=141 Win=65024 Len=1448 TSval=2916041981 TSecr=3045561753 [TCP segment of a reassembled PDU]"
"65054","37.900521809","192.168.1.55","192.168.1.2","TCP","1514","8004  >  36876 [ACK] Seq=56662 Ack=141 Win=65024 Len=1448 TSval=2916041981 TSecr=3045561753 [TCP segment of a reassembled PDU]"
"65055","37.900524179","192.168.1.55","192.168.1.2","TCP","1514","8004  >  36876 [ACK] Seq=58110 Ack=141 Win=65024 Len=1448 TSval=2916041981 TSecr=3045561753 [TCP segment of a reassembled PDU]"
"65056","37.900526068","192.168.1.55","192.168.1.2","TCP","1514","8004  >  36876 [ACK] Seq=59558 Ack=141 Win=65024 Len=1448 TSval=2916041981 TSecr=3045561753 [TCP segment of a reassembled PDU]"
"65057","37.900528198","192.168.1.55","192.168.1.2","TCP","1514","8004  >  36876 [ACK] Seq=61006 Ack=141 Win=65024 Len=1448 TSval=2916041981 TSecr=3045561753 [TCP segment of a reassembled PDU]"
"65058","37.900530253","192.168.1.55","192.168.1.2","TCP","1514","8004  >  36876 [ACK] Seq=62454 Ack=141 Win=65024 Len=1448 TSval=2916041981 TSecr=3045561753 [TCP segment of a reassembled PDU]"
"65059","37.900531994","192.168.1.55","192.168.1.2","TCP","1514","8004  >  36876 [ACK] Seq=63902 Ack=141 Win=65024 Len=1448 TSval=2916041981 TSecr=3045561753 [TCP segment of a reassembled PDU]"
"65060","37.900533549","192.168.1.55","192.168.1.2","TCP","1514","8004  >  36876 [ACK] Seq=65350 Ack=141 Win=65024 Len=1448 TSval=2916041981 TSecr=3045561753 [TCP segment of a reassembled PDU]"
"65061","37.900535642","192.168.1.55","192.168.1.2","TCP","1514","8004  >  36876 [PSH, ACK] Seq=66798 Ack=141 Win=65024 Len=1448 TSval=2916041981 TSecr=3045561753 [TCP segment of a reassembled PDU]"
"65062","37.900546142","192.168.1.2","192.168.1.55","TCP","66","36876  >  8004 [ACK] Seq=141 Ack=36390 Win=74752 Len=0 TSval=3045561753 TSecr=2916041967"
"65063","37.900566198","192.168.1.2","192.168.1.55","TCP","66","36876  >  8004 [ACK] Seq=141 Ack=39286 Win=86016 Len=0 TSval=3045561754 TSecr=2916041967"
"65064","37.900571586","192.168.1.2","192.168.1.55","TCP","66","36876  >  8004 [ACK] Seq=141 Ack=42182 Win=92160 Len=0 TSval=3045561755 TSecr=2916041967"
"65065","37.901277477","192.168.1.55","192.168.1.2","TCP","1514","8004  >  36876 [ACK] Seq=68246 Ack=141 Win=65024 Len=1448 TSval=2916041981 TSecr=3045561755 [TCP segment of a reassembled PDU]"
"65066","37.901285217","192.168.1.55","192.168.1.2","TCP","1514","8004  >  36876 [ACK] Seq=69694 Ack=141 Win=65024 Len=1448 TSval=2916041981 TSecr=3045561755 [TCP segment of a reassembled PDU]"
"65067","37.901286847","192.168.1.55","192.168.1.2","TCP","1514","8004  >  36876 [ACK] Seq=71142 Ack=141 Win=65024 Len=1448 TSval=2916041981 TSecr=3045561755 [TCP segment of a reassembled PDU]"
"65068","37.901288236","192.168.1.55","192.168.1.2","TCP","1514","8004  >  36876 [ACK] Seq=72590 Ack=141 Win=65024 Len=1448 TSval=2916041981 TSecr=3045561755 [TCP segment of a reassembled PDU]"
"65069","37.901290347","192.168.1.55","192.168.1.2","TCP","1514","8004  >  36876 [ACK] Seq=74038 Ack=141 Win=65024 Len=1448 TSval=2916041981 TSecr=3045561755 [TCP segment of a reassembled PDU]"
"65070","37.901299995","192.168.1.55","192.168.1.2","TCP","1514","8004  >  36876 [PSH, ACK] Seq=75486 Ack=141 Win=65024 Len=1448 TSval=2916041981 TSecr=3045561755 [TCP segment of a reassembled PDU]"
"65071","37.901342014","192.168.1.55","192.168.1.2","TCP","1514","8004  >  36876 [ACK] Seq=76934 Ack=141 Win=65024 Len=1448 TSval=2916041981 TSecr=3045561755 [TCP segment of a reassembled PDU]"
"65072","37.901345236","192.168.1.55","192.168.1.2","TCP","1514","8004  >  36876 [ACK] Seq=78382 Ack=141 Win=65024 Len=1448 TSval=2916041981 TSecr=3045561755 [TCP segment of a reassembled PDU]"
"65073","37.901347014","192.168.1.55","192.168.1.2","TCP","1514","8004  >  36876 [ACK] Seq=79830 Ack=141 Win=65024 Len=1448 TSval=2916041981 TSecr=3045561755 [TCP segment of a reassembled PDU]"
"65074","37.901348606","192.168.1.55","192.168.1.2","TCP","1514","8004  >  36876 [ACK] Seq=81278 Ack=141 Win=65024 Len=1448 TSval=2916041981 TSecr=3045561755 [TCP segment of a reassembled PDU]"
"65075","37.901349995","192.168.1.55","192.168.1.2","TCP","1514","8004  >  36876 [ACK] Seq=82726 Ack=141 Win=65024 Len=1448 TSval=2916041981 TSecr=3045561755 [TCP segment of a reassembled PDU]"
"65076","37.901352088","192.168.1.55","192.168.1.2","TCP","1514","8004  >  36876 [ACK] Seq=84174 Ack=141 Win=65024 Len=1448 TSval=2916041981 TSecr=3045561755 [TCP segment of a reassembled PDU]"
"65077","37.901354106","192.168.1.55","192.168.1.2","TCP","1514","8004  >  36876 [ACK] Seq=85622 Ack=141 Win=65024 Len=1448 TSval=2916041981 TSecr=3045561755 [TCP segment of a reassembled PDU]"
"65078","37.901355495","192.168.1.55","192.168.1.2","TCP","1514","8004  >  36876 [ACK] Seq=87070 Ack=141 Win=65024 Len=1448 TSval=2916041981 TSecr=3045561755 [TCP segment of a reassembled PDU]"
"65079","37.901356958","192.168.1.55","192.168.1.2","TCP","1514","8004  >  36876 [ACK] Seq=88518 Ack=141 Win=65024 Len=1448 TSval=2916041981 TSecr=3045561755 [TCP segment of a reassembled PDU]"
"65080","37.901358828","192.168.1.55","192.168.1.2","TCP","1514","8004  >  36876 [ACK] Seq=89966 Ack=141 Win=65024 Len=1448 TSval=2916041981 TSecr=3045561755 [TCP segment of a reassembled PDU]"
"65081","37.901360366","192.168.1.55","192.168.1.2","TCP","1514","8004  >  36876 [ACK] Seq=91414 Ack=141 Win=65024 Len=1448 TSval=2916041981 TSecr=3045561755 [TCP segment of a reassembled PDU]"
"65082","37.901362143","192.168.1.55","192.168.1.2","TCP","1514","8004  >  36876 [ACK] Seq=92862 Ack=141 Win=65024 Len=1448 TSval=2916041981 TSecr=3045561755 [TCP segment of a reassembled PDU]"
"65083","37.901363514","192.168.1.55","192.168.1.2","TCP","1514","8004  >  36876 [ACK] Seq=94310 Ack=141 Win=65024 Len=1448 TSval=2916041981 TSecr=3045561755 [TCP segment of a reassembled PDU]"
"65084","37.901365254","192.168.1.55","192.168.1.2","TCP","1514","8004  >  36876 [ACK] Seq=95758 Ack=141 Win=65024 Len=1448 TSval=2916041981 TSecr=3045561755 [TCP segment of a reassembled PDU]"
"65085","37.901367347","192.168.1.55","192.168.1.2","TCP","1514","8004  >  36876 [ACK] Seq=97206 Ack=141 Win=65024 Len=1448 TSval=2916041981 TSecr=3045561755 [TCP segment of a reassembled PDU]"
"65086","37.901369199","192.168.1.55","192.168.1.2","TCP","1514","8004  >  36876 [PSH, ACK] Seq=98654 Ack=141 Win=65024 Len=1448 TSval=2916041981 TSecr=3045561755 [TCP segment of a reassembled PDU]"
"65087","37.906517763","192.168.1.2","192.168.1.55","TCP","66","36876  >  8004 [ACK] Seq=141 Ack=45078 Win=91136 Len=0 TSval=3045561760 TSecr=2916041980"
"65088","37.906555355","192.168.1.55","192.168.1.2","TCP","1514","8004  >  36876 [ACK] Seq=100102 Ack=141 Win=65024 Len=1448 TSval=2916041987 TSecr=3045561760 [TCP segment of a reassembled PDU]"
"65089","37.906561244","192.168.1.55","192.168.1.2","TCP","1514","8004  >  36876 [ACK] Seq=101550 Ack=141 Win=65024 Len=1448 TSval=2916041987 TSecr=3045561760 [TCP segment of a reassembled PDU]"
"65090","37.906562874","192.168.1.55","192.168.1.2","TCP","1514","8004  >  36876 [ACK] Seq=102998 Ack=141 Win=65024 Len=1448 TSval=2916041987 TSecr=3045561760 [TCP segment of a reassembled PDU]"
"65091","37.906564226","192.168.1.55","192.168.1.2","TCP","1514","8004  >  36876 [PSH, ACK] Seq=104446 Ack=141 Win=65024 Len=1448 TSval=2916041987 TSecr=3045561760 [TCP segment of a reassembled PDU]"
"65092","37.906642374","192.168.1.2","192.168.1.55","TCP","66","36876  >  8004 [ACK] Seq=141 Ack=68246 Win=68608 Len=0 TSval=3045561760 TSecr=2916041981"
"65093","37.906679356","192.168.1.55","192.168.1.2","TCP","1514","8004  >  36876 [ACK] Seq=105894 Ack=141 Win=65024 Len=1448 TSval=2916041987 TSecr=3045561760 [TCP segment of a reassembled PDU]"
"65094","37.906683615","192.168.1.55","192.168.1.2","TCP","1514","8004  >  36876 [ACK] Seq=107342 Ack=141 Win=65024 Len=1448 TSval=2916041987 TSecr=3045561760 [TCP segment of a reassembled PDU]"
"65095","37.906685133","192.168.1.55","192.168.1.2","TCP","1514","8004  >  36876 [ACK] Seq=108790 Ack=141 Win=65024 Len=1448 TSval=2916041987 TSecr=3045561760 [TCP segment of a reassembled PDU]"
"65096","37.906686652","192.168.1.55","192.168.1.2","TCP","1514","8004  >  36876 [ACK] Seq=110238 Ack=141 Win=65024 Len=1448 TSval=2916041987 TSecr=3045561760 [TCP segment of a reassembled PDU]"
"65097","37.906688782","192.168.1.55","192.168.1.2","TCP","1514","8004  >  36876 [PSH, ACK] Seq=111686 Ack=141 Win=65024 Len=1448 TSval=2916041987 TSecr=3045561760 [TCP segment of a reassembled PDU]"
"65098","37.906732578","192.168.1.55","192.168.1.2","TCP","1514","8004  >  36876 [ACK] Seq=113134 Ack=141 Win=65024 Len=1448 TSval=2916041987 TSecr=3045561760 [TCP segment of a reassembled PDU]"
"65099","37.906734633","192.168.1.55","192.168.1.2","TCP","1514","8004  >  36876 [ACK] Seq=114582 Ack=141 Win=65024 Len=1448 TSval=2916041987 TSecr=3045561760 [TCP segment of a reassembled PDU]"
"65100","37.906736948","192.168.1.55","192.168.1.2","TCP","1514","8004  >  36876 [ACK] Seq=116030 Ack=141 Win=65024 Len=1448 TSval=2916041987 TSecr=3045561760 [TCP segment of a reassembled PDU]"
"65101","37.906739874","192.168.1.55","192.168.1.2","TCP","1514","8004  >  36876 [ACK] Seq=117478 Ack=141 Win=65024 Len=1448 TSval=2916041987 TSecr=3045561760 [TCP segment of a reassembled PDU]"
"65102","37.906741208","192.168.1.55","192.168.1.2","TCP","1514","8004  >  36876 [ACK] Seq=118926 Ack=141 Win=65024 Len=1448 TSval=2916041987 TSecr=3045561760 [TCP segment of a reassembled PDU]"
"65103","37.906742596","192.168.1.55","192.168.1.2","TCP","1514","8004  >  36876 [ACK] Seq=120374 Ack=141 Win=65024 Len=1448 TSval=2916041987 TSecr=3045561760 [TCP segment of a reassembled PDU]"
"65104","37.906743985","192.168.1.55","192.168.1.2","TCP","1514","8004  >  36876 [ACK] Seq=121822 Ack=141 Win=65024 Len=1448 TSval=2916041987 TSecr=3045561760 [TCP segment of a reassembled PDU]"
"65105","37.906745559","192.168.1.55","192.168.1.2","TCP","1514","8004  >  36876 [ACK] Seq=123270 Ack=141 Win=65024 Len=1448 TSval=2916041987 TSecr=3045561760 [TCP segment of a reassembled PDU]"
"65106","37.906748356","192.168.1.55","192.168.1.2","TCP","1514","8004  >  36876 [ACK] Seq=124718 Ack=141 Win=65024 Len=1448 TSval=2916041987 TSecr=3045561760 [TCP segment of a reassembled PDU]"
"65107","37.906750300","192.168.1.55","192.168.1.2","TCP","1514","8004  >  36876 [ACK] Seq=126166 Ack=141 Win=65024 Len=1448 TSval=2916041987 TSecr=3045561760 [TCP segment of a reassembled PDU]"
"65108","37.906751911","192.168.1.55","192.168.1.2","TCP","1514","8004  >  36876 [ACK] Seq=127614 Ack=141 Win=65024 Len=1448 TSval=2916041987 TSecr=3045561760 [TCP segment of a reassembled PDU]"
"65109","37.906754652","192.168.1.55","192.168.1.2","TCP","1514","8004  >  36876 [ACK] Seq=129062 Ack=141 Win=65024 Len=1448 TSval=2916041987 TSecr=3045561760 [TCP segment of a reassembled PDU]"
"65110","37.906756485","192.168.1.55","192.168.1.2","TCP","1514","8004  >  36876 [ACK] Seq=130510 Ack=141 Win=65024 Len=1448 TSval=2916041987 TSecr=3045561760 [TCP segment of a reassembled PDU]"
"65111","37.906757837","192.168.1.55","192.168.1.2","TCP","1514","8004  >  36876 [ACK] Seq=131958 Ack=141 Win=65024 Len=1448 TSval=2916041987 TSecr=3045561760 [TCP segment of a reassembled PDU]"
"65112","37.906759208","192.168.1.55","192.168.1.2","TCP","1514","8004  >  36876 [ACK] Seq=133406 Ack=141 Win=65024 Len=1448 TSval=2916041987 TSecr=3045561760 [TCP segment of a reassembled PDU]"
"65113","37.906760671","192.168.1.55","192.168.1.2","TCP","1514","8004  >  36876 [ACK] Seq=134854 Ack=141 Win=65024 Len=1448 TSval=2916041987 TSecr=3045561760 [TCP segment of a reassembled PDU]"
"65114","37.906762189","192.168.1.55","192.168.1.2","TCP","618","[TCP Window Full] 8004  >  36876 [PSH, ACK] Seq=136302 Ack=141 Win=65024 Len=552 TSval=2916041987 TSecr=3045561760 [TCP segment of a reassembled PDU]"
"65115","37.906768671","192.168.1.2","192.168.1.55","TCP","66","36876  >  8004 [ACK] Seq=141 Ack=94310 Win=69632 Len=0 TSval=3045561760 TSecr=2916041981"
"65116","37.907766006","192.168.1.55","192.168.1.2","TCP","1514","8004  >  36876 [ACK] Seq=136854 Ack=141 Win=65024 Len=1448 TSval=2916041988 TSecr=3045561760 [TCP segment of a reassembled PDU]"
"65117","37.907771394","192.168.1.55","192.168.1.2","TCP","1514","8004  >  36876 [ACK] Seq=138302 Ack=141 Win=65024 Len=1448 TSval=2916041988 TSecr=3045561760 [TCP segment of a reassembled PDU]"
"65118","37.907772839","192.168.1.55","192.168.1.2","TCP","1514","8004  >  36876 [ACK] Seq=139750 Ack=141 Win=65024 Len=1448 TSval=2916041988 TSecr=3045561760 [TCP segment of a reassembled PDU]"
"65119","37.907774302","192.168.1.55","192.168.1.2","TCP","1514","8004  >  36876 [ACK] Seq=141198 Ack=141 Win=65024 Len=1448 TSval=2916041988 TSecr=3045561760 [TCP segment of a reassembled PDU]"
"65120","37.907777154","192.168.1.55","192.168.1.2","TCP","1514","8004  >  36876 [ACK] Seq=142646 Ack=141 Win=65024 Len=1448 TSval=2916041988 TSecr=3045561760 [TCP segment of a reassembled PDU]"
"65121","37.907780469","192.168.1.55","192.168.1.2","TCP","1514","8004  >  36876 [ACK] Seq=144094 Ack=141 Win=65024 Len=1448 TSval=2916041988 TSecr=3045561760 [TCP segment of a reassembled PDU]"
"65122","37.907782672","192.168.1.55","192.168.1.2","TCP","1514","8004  >  36876 [ACK] Seq=145542 Ack=141 Win=65024 Len=1448 TSval=2916041988 TSecr=3045561760 [TCP segment of a reassembled PDU]"
"65123","37.907784487","192.168.1.55","192.168.1.2","TCP","1514","8004  >  36876 [PSH, ACK] Seq=146990 Ack=141 Win=65024 Len=1448 TSval=2916041988 TSecr=3045561760 [TCP segment of a reassembled PDU]"
"65124","37.907796691","192.168.1.55","192.168.1.2","TCP","962","8004  >  36876 [ACK] Seq=148438 Ack=141 Win=65024 Len=896 TSval=2916041988 TSecr=3045561760 [TCP segment of a reassembled PDU]"
"65125","37.908911896","192.168.1.2","192.168.1.55","TCP","66","36876  >  8004 [ACK] Seq=141 Ack=100102 Win=87040 Len=0 TSval=3045561761 TSecr=2916041981"
"65126","37.908970063","192.168.1.55","192.168.1.2","TCP","1514","8004  >  36876 [ACK] Seq=149334 Ack=141 Win=65024 Len=1448 TSval=2916041989 TSecr=3045561761 [TCP segment of a reassembled PDU]"
"65127","37.908981508","192.168.1.55","192.168.1.2","TCP","1514","8004  >  36876 [ACK] Seq=150782 Ack=141 Win=65024 Len=1448 TSval=2916041989 TSecr=3045561761 [TCP segment of a reassembled PDU]"
"65128","37.908983063","192.168.1.55","192.168.1.2","TCP","1514","8004  >  36876 [ACK] Seq=152230 Ack=141 Win=65024 Len=1448 TSval=2916041989 TSecr=3045561761 [TCP segment of a reassembled PDU]"
"65129","37.908984415","192.168.1.55","192.168.1.2","TCP","1514","8004  >  36876 [ACK] Seq=153678 Ack=141 Win=65024 Len=1448 TSval=2916041989 TSecr=3045561761 [TCP segment of a reassembled PDU]"
"65130","37.908985767","192.168.1.55","192.168.1.2","TCP","1514","8004  >  36876 [ACK] Seq=155126 Ack=141 Win=65024 Len=1448 TSval=2916041989 TSecr=3045561761 [TCP segment of a reassembled PDU]"
"65131","37.908987026","192.168.1.55","192.168.1.2","TCP","1514","8004  >  36876 [ACK] Seq=156574 Ack=141 Win=65024 Len=1448 TSval=2916041989 TSecr=3045561761 [TCP segment of a reassembled PDU]"
"65132","37.908988489","192.168.1.55","192.168.1.2","TCP","1514","8004  >  36876 [ACK] Seq=158022 Ack=141 Win=65024 Len=1448 TSval=2916041989 TSecr=3045561761 [TCP segment of a reassembled PDU]"
"65133","37.908989896","192.168.1.55","192.168.1.2","TCP","1514","8004  >  36876 [ACK] Seq=159470 Ack=141 Win=65024 Len=1448 TSval=2916041989 TSecr=3045561761 [TCP segment of a reassembled PDU]"
"65134","37.908991563","192.168.1.55","192.168.1.2","TCP","1514","8004  >  36876 [ACK] Seq=160918 Ack=141 Win=65024 Len=1448 TSval=2916041989 TSecr=3045561761 [TCP segment of a reassembled PDU]"
"65135","37.908993248","192.168.1.55","192.168.1.2","TCP","1514","8004  >  36876 [ACK] Seq=162366 Ack=141 Win=65024 Len=1448 TSval=2916041989 TSecr=3045561761 [TCP segment of a reassembled PDU]"
"65136","37.908994859","192.168.1.55","192.168.1.2","TCP","1514","8004  >  36876 [ACK] Seq=163814 Ack=141 Win=65024 Len=1448 TSval=2916041989 TSecr=3045561761 [TCP segment of a reassembled PDU]"
"65137","37.908996211","192.168.1.55","192.168.1.2","TCP","1514","8004  >  36876 [ACK] Seq=165262 Ack=141 Win=65024 Len=1448 TSval=2916041989 TSecr=3045561761 [TCP segment of a reassembled PDU]"
"65138","37.908997841","192.168.1.55","192.168.1.2","TCP","1514","8004  >  36876 [ACK] Seq=166710 Ack=141 Win=65024 Len=1448 TSval=2916041989 TSecr=3045561761 [TCP segment of a reassembled PDU]"
"65139","37.908999359","192.168.1.55","192.168.1.2","TCP","1514","8004  >  36876 [ACK] Seq=168158 Ack=141 Win=65024 Len=1448 TSval=2916041989 TSecr=3045561761 [TCP segment of a reassembled PDU]"
"65140","37.909000859","192.168.1.55","192.168.1.2","TCP","1514","8004  >  36876 [ACK] Seq=169606 Ack=141 Win=65024 Len=1448 TSval=2916041989 TSecr=3045561761 [TCP segment of a reassembled PDU]"
"65141","37.909002322","192.168.1.55","192.168.1.2","TCP","1514","8004  >  36876 [ACK] Seq=171054 Ack=141 Win=65024 Len=1448 TSval=2916041989 TSecr=3045561761 [TCP segment of a reassembled PDU]"
"65142","37.909003656","192.168.1.55","192.168.1.2","TCP","1514","8004  >  36876 [ACK] Seq=172502 Ack=141 Win=65024 Len=1448 TSval=2916041989 TSecr=3045561761 [TCP segment of a reassembled PDU]"
"65143","37.909005100","192.168.1.55","192.168.1.2","TCP","1514","8004  >  36876 [ACK] Seq=173950 Ack=141 Win=65024 Len=1448 TSval=2916041989 TSecr=3045561761 [TCP segment of a reassembled PDU]"
"65144","37.909006415","192.168.1.55","192.168.1.2","TCP","1514","8004  >  36876 [ACK] Seq=175398 Ack=141 Win=65024 Len=1448 TSval=2916041989 TSecr=3045561761 [TCP segment of a reassembled PDU]"
"65145","37.909007804","192.168.1.55","192.168.1.2","TCP","1514","8004  >  36876 [ACK] Seq=176846 Ack=141 Win=65024 Len=1448 TSval=2916041989 TSecr=3045561761 [TCP segment of a reassembled PDU]"
"65146","37.909009082","192.168.1.55","192.168.1.2","TCP","1514","8004  >  36876 [ACK] Seq=178294 Ack=141 Win=65024 Len=1448 TSval=2916041989 TSecr=3045561761 [TCP segment of a reassembled PDU]"
"65147","37.909010526","192.168.1.55","192.168.1.2","TCP","1514","8004  >  36876 [ACK] Seq=179742 Ack=141 Win=65024 Len=1448 TSval=2916041989 TSecr=3045561761 [TCP segment of a reassembled PDU]"
"65148","37.909011989","192.168.1.55","192.168.1.2","TCP","1514","8004  >  36876 [ACK] Seq=181190 Ack=141 Win=65024 Len=1448 TSval=2916041989 TSecr=3045561761 [TCP segment of a reassembled PDU]"
"65149","37.909013322","192.168.1.55","192.168.1.2","TCP","1514","8004  >  36876 [ACK] Seq=182638 Ack=141 Win=65024 Len=1448 TSval=2916041989 TSecr=3045561761 [TCP segment of a reassembled PDU]"
"65150","37.909014711","192.168.1.55","192.168.1.2","TCP","1514","8004  >  36876 [ACK] Seq=184086 Ack=141 Win=65024 Len=1448 TSval=2916041989 TSecr=3045561761 [TCP segment of a reassembled PDU]"
"65151","37.909016378","192.168.1.55","192.168.1.2","TCP","1514","8004  >  36876 [PSH, ACK] Seq=185534 Ack=141 Win=65024 Len=1448 TSval=2916041989 TSecr=3045561761 [TCP segment of a reassembled PDU]"
"65152","37.913931034","192.168.1.2","192.168.1.55","TCP","66","36876  >  8004 [ACK] Seq=141 Ack=105894 Win=89088 Len=0 TSval=3045561766 TSecr=2916041987"
"65153","37.913943516","192.168.1.55","192.168.1.2","TCP","1514","8004  >  36876 [PSH, ACK] Seq=186982 Ack=141 Win=65024 Len=1448 TSval=2916041994 TSecr=3045561766 [TCP segment of a reassembled PDU]"
"65154","37.914156201","192.168.1.2","192.168.1.55","TCP","66","36876  >  8004 [ACK] Seq=141 Ack=113134 Win=81920 Len=0 TSval=3045561766 TSecr=2916041987"
"65155","37.914167423","192.168.1.2","192.168.1.55","TCP","66","36876  >  8004 [ACK] Seq=141 Ack=136854 Win=64512 Len=0 TSval=3045561766 TSecr=2916041987"
"65156","37.914174849","192.168.1.2","192.168.1.55","TCP","66","36876  >  8004 [ACK] Seq=141 Ack=145542 Win=64512 Len=0 TSval=3045561766 TSecr=2916041988"
"65157","37.914195794","192.168.1.55","192.168.1.2","TCP","1514","8004  >  36876 [ACK] Seq=188430 Ack=141 Win=65024 Len=1448 TSval=2916041994 TSecr=3045561766 [TCP segment of a reassembled PDU]"
"65158","37.914198146","192.168.1.55","192.168.1.2","TCP","1514","8004  >  36876 [ACK] Seq=189878 Ack=141 Win=65024 Len=1448 TSval=2916041994 TSecr=3045561766 [TCP segment of a reassembled PDU]"
"65159","37.914204127","192.168.1.55","192.168.1.2","TCP","1514","8004  >  36876 [ACK] Seq=191326 Ack=141 Win=65024 Len=1448 TSval=2916041994 TSecr=3045561766 [TCP segment of a reassembled PDU]"
"65160","37.914205979","192.168.1.55","192.168.1.2","TCP","1514","8004  >  36876 [ACK] Seq=192774 Ack=141 Win=65024 Len=1448 TSval=2916041994 TSecr=3045561766 [TCP segment of a reassembled PDU]"
"65161","37.914207405","192.168.1.55","192.168.1.2","TCP","1514","8004  >  36876 [ACK] Seq=194222 Ack=141 Win=65024 Len=1448 TSval=2916041994 TSecr=3045561766 [TCP segment of a reassembled PDU]"
"65162","37.914208701","192.168.1.55","192.168.1.2","TCP","1514","8004  >  36876 [ACK] Seq=195670 Ack=141 Win=65024 Len=1448 TSval=2916041994 TSecr=3045561766 [TCP segment of a reassembled PDU]"
"65163","37.914209960","192.168.1.55","192.168.1.2","TCP","1514","8004  >  36876 [ACK] Seq=197118 Ack=141 Win=65024 Len=1448 TSval=2916041994 TSecr=3045561766 [TCP segment of a reassembled PDU]"
"65164","37.914211257","192.168.1.55","192.168.1.2","TCP","1514","8004  >  36876 [ACK] Seq=198566 Ack=141 Win=65024 Len=1448 TSval=2916041994 TSecr=3045561766 [TCP segment of a reassembled PDU]"
"65165","37.914212535","192.168.1.55","192.168.1.2","TCP","1514","8004  >  36876 [ACK] Seq=200014 Ack=141 Win=65024 Len=1448 TSval=2916041994 TSecr=3045561766 [TCP segment of a reassembled PDU]"
"65166","37.914213942","192.168.1.55","192.168.1.2","TCP","1514","8004  >  36876 [ACK] Seq=201462 Ack=141 Win=65024 Len=1448 TSval=2916041994 TSecr=3045561766 [TCP segment of a reassembled PDU]"
"65167","37.914215312","192.168.1.55","192.168.1.2","TCP","1514","8004  >  36876 [ACK] Seq=202910 Ack=141 Win=65024 Len=1448 TSval=2916041994 TSecr=3045561766 [TCP segment of a reassembled PDU]"
"65168","37.914216757","192.168.1.55","192.168.1.2","TCP","1514","8004  >  36876 [ACK] Seq=204358 Ack=141 Win=65024 Len=1448 TSval=2916041994 TSecr=3045561766 [TCP segment of a reassembled PDU]"
"65169","37.914218164","192.168.1.55","192.168.1.2","TCP","1514","8004  >  36876 [ACK] Seq=205806 Ack=141 Win=65024 Len=1448 TSval=2916041994 TSecr=3045561766 [TCP segment of a reassembled PDU]"
"65170","37.914219423","192.168.1.55","192.168.1.2","TCP","1514","8004  >  36876 [PSH, ACK] Seq=207254 Ack=141 Win=65024 Len=1448 TSval=2916041994 TSecr=3045561766 [TCP segment of a reassembled PDU]"
"65171","37.914274201","192.168.1.2","192.168.1.55","TCP","66","36876  >  8004 [ACK] Seq=141 Ack=148438 Win=91136 Len=0 TSval=3045561768 TSecr=2916041988"
"65172","37.914307868","192.168.1.55","192.168.1.2","TCP","1514","8004  >  36876 [ACK] Seq=208702 Ack=141 Win=65024 Len=1448 TSval=2916041994 TSecr=3045561768 [TCP segment of a reassembled PDU]"
"65173","37.914310479","192.168.1.55","192.168.1.2","TCP","1514","8004  >  36876 [ACK] Seq=210150 Ack=141 Win=65024 Len=1448 TSval=2916041994 TSecr=3045561768 [TCP segment of a reassembled PDU]"
"65174","37.914311868","192.168.1.55","192.168.1.2","TCP","1514","8004  >  36876 [ACK] Seq=211598 Ack=141 Win=65024 Len=1448 TSval=2916041994 TSecr=3045561768 [TCP segment of a reassembled PDU]"
"65175","37.914313257","192.168.1.55","192.168.1.2","TCP","1514","8004  >  36876 [ACK] Seq=213046 Ack=141 Win=65024 Len=1448 TSval=2916041994 TSecr=3045561768 [TCP segment of a reassembled PDU]"
"65176","37.914314794","192.168.1.55","192.168.1.2","TCP","1514","8004  >  36876 [ACK] Seq=214494 Ack=141 Win=65024 Len=1448 TSval=2916041994 TSecr=3045561768 [TCP segment of a reassembled PDU]"
"65177","37.914316201","192.168.1.55","192.168.1.2","TCP","1514","8004  >  36876 [ACK] Seq=215942 Ack=141 Win=65024 Len=1448 TSval=2916041994 TSecr=3045561768 [TCP segment of a reassembled PDU]"
"65178","37.914317683","192.168.1.55","192.168.1.2","TCP","1514","8004  >  36876 [ACK] Seq=217390 Ack=141 Win=65024 Len=1448 TSval=2916041994 TSecr=3045561768 [TCP segment of a reassembled PDU]"
"65179","37.914319090","192.168.1.55","192.168.1.2","TCP","1514","8004  >  36876 [ACK] Seq=218838 Ack=141 Win=65024 Len=1448 TSval=2916041994 TSecr=3045561768 [TCP segment of a reassembled PDU]"
"65180","37.914320775","192.168.1.55","192.168.1.2","TCP","1514","8004  >  36876 [ACK] Seq=220286 Ack=141 Win=65024 Len=1448 TSval=2916041994 TSecr=3045561768 [TCP segment of a reassembled PDU]"
"65181","37.914322349","192.168.1.55","192.168.1.2","TCP","1514","8004  >  36876 [ACK] Seq=221734 Ack=141 Win=65024 Len=1448 TSval=2916041994 TSecr=3045561768 [TCP segment of a reassembled PDU]"
"65182","37.914324275","192.168.1.55","192.168.1.2","TCP","1514","8004  >  36876 [ACK] Seq=223182 Ack=141 Win=65024 Len=1448 TSval=2916041994 TSecr=3045561768 [TCP segment of a reassembled PDU]"
"65183","37.914325831","192.168.1.55","192.168.1.2","TCP","1514","8004  >  36876 [ACK] Seq=224630 Ack=141 Win=65024 Len=1448 TSval=2916041994 TSecr=3045561768 [TCP segment of a reassembled PDU]"
"65184","37.914327146","192.168.1.55","192.168.1.2","TCP","1514","8004  >  36876 [ACK] Seq=226078 Ack=141 Win=65024 Len=1448 TSval=2916041994 TSecr=3045561768 [TCP segment of a reassembled PDU]"
"65185","37.914328627","192.168.1.55","192.168.1.2","TCP","1514","8004  >  36876 [ACK] Seq=227526 Ack=141 Win=65024 Len=1448 TSval=2916041994 TSecr=3045561768 [TCP segment of a reassembled PDU]"
"65186","37.914330405","192.168.1.55","192.168.1.2","TCP","1514","8004  >  36876 [ACK] Seq=228974 Ack=141 Win=65024 Len=1448 TSval=2916041994 TSecr=3045561768 [TCP segment of a reassembled PDU]"
"65187","37.914331831","192.168.1.55","192.168.1.2","TCP","1514","8004  >  36876 [ACK] Seq=230422 Ack=141 Win=65024 Len=1448 TSval=2916041994 TSecr=3045561768 [TCP segment of a reassembled PDU]"
"65188","37.914333183","192.168.1.55","192.168.1.2","TCP","1514","8004  >  36876 [PSH, ACK] Seq=231870 Ack=141 Win=65024 Len=1448 TSval=2916041994 TSecr=3045561768 [TCP segment of a reassembled PDU]"
"65189","37.914340090","192.168.1.2","192.168.1.55","TCP","66","36876  >  8004 [ACK] Seq=141 Ack=184086 Win=56320 Len=0 TSval=3045561768 TSecr=2916041988"
"65190","37.918030578","192.168.1.2","192.168.1.55","TCP","66","36876  >  8004 [ACK] Seq=141 Ack=185534 Win=93184 Len=0 TSval=3045561769 TSecr=2916041989"
"65191","37.918090541","192.168.1.55","192.168.1.2","TCP","1514","8004  >  36876 [ACK] Seq=233318 Ack=141 Win=65024 Len=1448 TSval=2916041998 TSecr=3045561769 [TCP segment of a reassembled PDU]"
"65192","37.918095041","192.168.1.55","192.168.1.2","TCP","1514","8004  >  36876 [ACK] Seq=234766 Ack=141 Win=65024 Len=1448 TSval=2916041998 TSecr=3045561769 [TCP segment of a reassembled PDU]"
"65193","37.918096356","192.168.1.55","192.168.1.2","TCP","1514","8004  >  36876 [ACK] Seq=236214 Ack=141 Win=65024 Len=1448 TSval=2916041998 TSecr=3045561769 [TCP segment of a reassembled PDU]"
"65194","37.918097689","192.168.1.55","192.168.1.2","TCP","1514","8004  >  36876 [ACK] Seq=237662 Ack=141 Win=65024 Len=1448 TSval=2916041998 TSecr=3045561769 [TCP segment of a reassembled PDU]"
"65195","37.918099078","192.168.1.55","192.168.1.2","TCP","1514","8004  >  36876 [ACK] Seq=239110 Ack=141 Win=65024 Len=1448 TSval=2916041998 TSecr=3045561769 [TCP segment of a reassembled PDU]"
"65196","37.918100393","192.168.1.55","192.168.1.2","TCP","1514","8004  >  36876 [ACK] Seq=240558 Ack=141 Win=65024 Len=1448 TSval=2916041998 TSecr=3045561769 [TCP segment of a reassembled PDU]"
"65197","37.918101707","192.168.1.55","192.168.1.2","TCP","1514","8004  >  36876 [ACK] Seq=242006 Ack=141 Win=65024 Len=1448 TSval=2916041998 TSecr=3045561769 [TCP segment of a reassembled PDU]"
"65198","37.918103004","192.168.1.55","192.168.1.2","TCP","1514","8004  >  36876 [ACK] Seq=243454 Ack=141 Win=65024 Len=1448 TSval=2916041998 TSecr=3045561769 [TCP segment of a reassembled PDU]"
"65199","37.918104263","192.168.1.55","192.168.1.2","TCP","1514","8004  >  36876 [ACK] Seq=244902 Ack=141 Win=65024 Len=1448 TSval=2916041998 TSecr=3045561769 [TCP segment of a reassembled PDU]"
"65200","37.918105504","192.168.1.55","192.168.1.2","TCP","1514","8004  >  36876 [ACK] Seq=246350 Ack=141 Win=65024 Len=1448 TSval=2916041998 TSecr=3045561769 [TCP segment of a reassembled PDU]"
"65201","37.918106800","192.168.1.55","192.168.1.2","TCP","1514","8004  >  36876 [ACK] Seq=247798 Ack=141 Win=65024 Len=1448 TSval=2916041998 TSecr=3045561769 [TCP segment of a reassembled PDU]"
"65202","37.918108263","192.168.1.55","192.168.1.2","TCP","1514","8004  >  36876 [ACK] Seq=249246 Ack=141 Win=65024 Len=1448 TSval=2916041998 TSecr=3045561769 [TCP segment of a reassembled PDU]"
"65203","37.918109559","192.168.1.55","192.168.1.2","TCP","1514","8004  >  36876 [ACK] Seq=250694 Ack=141 Win=65024 Len=1448 TSval=2916041998 TSecr=3045561769 [TCP segment of a reassembled PDU]"
"65204","37.918110837","192.168.1.55","192.168.1.2","TCP","1514","8004  >  36876 [ACK] Seq=252142 Ack=141 Win=65024 Len=1448 TSval=2916041998 TSecr=3045561769 [TCP segment of a reassembled PDU]"
"65205","37.918112263","192.168.1.55","192.168.1.2","TCP","1514","8004  >  36876 [ACK] Seq=253590 Ack=141 Win=65024 Len=1448 TSval=2916041998 TSecr=3045561769 [TCP segment of a reassembled PDU]"
"65206","37.918113504","192.168.1.55","192.168.1.2","TCP","1514","8004  >  36876 [ACK] Seq=255038 Ack=141 Win=65024 Len=1448 TSval=2916041998 TSecr=3045561769 [TCP segment of a reassembled PDU]"
"65207","37.918115004","192.168.1.55","192.168.1.2","TCP","1514","8004  >  36876 [ACK] Seq=256486 Ack=141 Win=65024 Len=1448 TSval=2916041998 TSecr=3045561769 [TCP segment of a reassembled PDU]"
"65208","37.918116282","192.168.1.55","192.168.1.2","TCP","1514","8004  >  36876 [ACK] Seq=257934 Ack=141 Win=65024 Len=1448 TSval=2916041998 TSecr=3045561769 [TCP segment of a reassembled PDU]"
"65209","37.918117541","192.168.1.55","192.168.1.2","TCP","1514","8004  >  36876 [ACK] Seq=259382 Ack=141 Win=65024 Len=1448 TSval=2916041998 TSecr=3045561769 [TCP segment of a reassembled PDU]"
"65210","37.918118856","192.168.1.55","192.168.1.2","TCP","1514","8004  >  36876 [ACK] Seq=260830 Ack=141 Win=65024 Len=1448 TSval=2916041998 TSecr=3045561769 [TCP segment of a reassembled PDU]"
"65211","37.918120115","192.168.1.55","192.168.1.2","TCP","1514","8004  >  36876 [ACK] Seq=262278 Ack=141 Win=65024 Len=1448 TSval=2916041998 TSecr=3045561769 [TCP segment of a reassembled PDU]"
"65212","37.918121615","192.168.1.55","192.168.1.2","TCP","1514","8004  >  36876 [ACK] Seq=263726 Ack=141 Win=65024 Len=1448 TSval=2916041998 TSecr=3045561769 [TCP segment of a reassembled PDU]"
"65213","37.918123004","192.168.1.55","192.168.1.2","TCP","1514","8004  >  36876 [ACK] Seq=265174 Ack=141 Win=65024 Len=1448 TSval=2916041998 TSecr=3045561769 [TCP segment of a reassembled PDU]"
"65214","37.918124356","192.168.1.55","192.168.1.2","TCP","1514","8004  >  36876 [ACK] Seq=266622 Ack=141 Win=65024 Len=1448 TSval=2916041998 TSecr=3045561769 [TCP segment of a reassembled PDU]"
"65215","37.918125708","192.168.1.55","192.168.1.2","TCP","1514","8004  >  36876 [ACK] Seq=268070 Ack=141 Win=65024 Len=1448 TSval=2916041998 TSecr=3045561769 [TCP segment of a reassembled PDU]"
"65216","37.918127004","192.168.1.55","192.168.1.2","TCP","1514","8004  >  36876 [ACK] Seq=269518 Ack=141 Win=65024 Len=1448 TSval=2916041998 TSecr=3045561769 [TCP segment of a reassembled PDU]"
"65217","37.918128300","192.168.1.55","192.168.1.2","TCP","1514","8004  >  36876 [ACK] Seq=270966 Ack=141 Win=65024 Len=1448 TSval=2916041998 TSecr=3045561769 [TCP segment of a reassembled PDU]"
"65218","37.918129559","192.168.1.55","192.168.1.2","TCP","1514","8004  >  36876 [ACK] Seq=272414 Ack=141 Win=65024 Len=1448 TSval=2916041998 TSecr=3045561769 [TCP segment of a reassembled PDU]"
"65219","37.918131004","192.168.1.55","192.168.1.2","TCP","1514","8004  >  36876 [ACK] Seq=273862 Ack=141 Win=65024 Len=1448 TSval=2916041998 TSecr=3045561769 [TCP segment of a reassembled PDU]"
"65220","37.918132356","192.168.1.55","192.168.1.2","TCP","1514","8004  >  36876 [ACK] Seq=275310 Ack=141 Win=65024 Len=1448 TSval=2916041998 TSecr=3045561769 [TCP segment of a reassembled PDU]"
"65221","37.918133596","192.168.1.55","192.168.1.2","TCP","1514","8004  >  36876 [PSH, ACK] Seq=276758 Ack=141 Win=65024 Len=1448 TSval=2916041998 TSecr=3045561769 [TCP segment of a reassembled PDU]"
"65222","37.918166726","192.168.1.2","192.168.1.55","TCP","66","36876  >  8004 [ACK] Seq=141 Ack=186982 Win=93184 Len=0 TSval=3045561769 TSecr=2916041989"
"65223","37.919357413","192.168.1.2","192.168.1.55","TCP","66","36876  >  8004 [ACK] Seq=141 Ack=188430 Win=93184 Len=0 TSval=3045561771 TSecr=2916041994"
"65224","37.919370821","192.168.1.55","192.168.1.2","TCP","1514","8004  >  36876 [ACK] Seq=278206 Ack=141 Win=65024 Len=1448 TSval=2916042000 TSecr=3045561771 [TCP segment of a reassembled PDU]"
"65225","37.919372561","192.168.1.55","192.168.1.2","TCP","1514","8004  >  36876 [ACK] Seq=279654 Ack=141 Win=65024 Len=1448 TSval=2916042000 TSecr=3045561771 [TCP segment of a reassembled PDU]"
"65226","37.919373802","192.168.1.55","192.168.1.2","TCP","578","[TCP Window Full] 8004  >  36876 [PSH, ACK] Seq=281102 Ack=141 Win=65024 Len=512 TSval=2916042000 TSecr=3045561771 [TCP segment of a reassembled PDU]"
"65227","37.922205973","192.168.1.2","192.168.1.55","TCP","66","36876  >  8004 [ACK] Seq=141 Ack=208702 Win=93184 Len=0 TSval=3045561774 TSecr=2916041994"
"65228","37.922226603","192.168.1.55","192.168.1.2","TCP","1514","8004  >  36876 [ACK] Seq=281614 Ack=141 Win=65024 Len=1448 TSval=2916042002 TSecr=3045561774 [TCP segment of a reassembled PDU]"
"65229","37.922228992","192.168.1.55","192.168.1.2","TCP","1514","8004  >  36876 [ACK] Seq=283062 Ack=141 Win=65024 Len=1448 TSval=2916042002 TSecr=3045561774 [TCP segment of a reassembled PDU]"
"65230","37.922230196","192.168.1.55","192.168.1.2","TCP","1514","8004  >  36876 [ACK] Seq=284510 Ack=141 Win=65024 Len=1448 TSval=2916042002 TSecr=3045561774 [TCP segment of a reassembled PDU]"
"65231","37.922231547","192.168.1.55","192.168.1.2","TCP","1514","8004  >  36876 [ACK] Seq=285958 Ack=141 Win=65024 Len=1448 TSval=2916042002 TSecr=3045561774 [TCP segment of a reassembled PDU]"
"65232","37.922232862","192.168.1.55","192.168.1.2","TCP","1514","8004  >  36876 [ACK] Seq=287406 Ack=141 Win=65024 Len=1448 TSval=2916042002 TSecr=3045561774 [TCP segment of a reassembled PDU]"
"65233","37.922234159","192.168.1.55","192.168.1.2","TCP","1514","8004  >  36876 [ACK] Seq=288854 Ack=141 Win=65024 Len=1448 TSval=2916042002 TSecr=3045561774 [TCP segment of a reassembled PDU]"
"65234","37.922235529","192.168.1.55","192.168.1.2","TCP","1514","8004  >  36876 [ACK] Seq=290302 Ack=141 Win=65024 Len=1448 TSval=2916042002 TSecr=3045561774 [TCP segment of a reassembled PDU]"
"65235","37.922237196","192.168.1.55","192.168.1.2","TCP","1514","8004  >  36876 [ACK] Seq=291750 Ack=141 Win=65024 Len=1448 TSval=2916042002 TSecr=3045561774 [TCP segment of a reassembled PDU]"
"65236","37.922238510","192.168.1.55","192.168.1.2","TCP","1514","8004  >  36876 [ACK] Seq=293198 Ack=141 Win=65024 Len=1448 TSval=2916042002 TSecr=3045561774 [TCP segment of a reassembled PDU]"
"65237","37.922239714","192.168.1.55","192.168.1.2","TCP","1514","8004  >  36876 [ACK] Seq=294646 Ack=141 Win=65024 Len=1448 TSval=2916042002 TSecr=3045561774 [TCP segment of a reassembled PDU]"
"65238","37.922241010","192.168.1.55","192.168.1.2","TCP","1514","8004  >  36876 [ACK] Seq=296094 Ack=141 Win=65024 Len=1448 TSval=2916042002 TSecr=3045561774 [TCP segment of a reassembled PDU]"
"65239","37.922242307","192.168.1.55","192.168.1.2","TCP","1514","8004  >  36876 [ACK] Seq=297542 Ack=141 Win=65024 Len=1448 TSval=2916042002 TSecr=3045561774 [TCP segment of a reassembled PDU]"
"65240","37.922243603","192.168.1.55","192.168.1.2","TCP","1514","8004  >  36876 [ACK] Seq=298990 Ack=141 Win=65024 Len=1448 TSval=2916042002 TSecr=3045561774 [TCP segment of a reassembled PDU]"
"65241","37.922245214","192.168.1.55","192.168.1.2","TCP","1514","[TCP Window Full] 8004  >  36876 [PSH, ACK] Seq=300438 Ack=141 Win=65024 Len=1448 TSval=2916042002 TSecr=3045561774 [TCP segment of a reassembled PDU]"
"65242","37.922306455","192.168.1.2","192.168.1.55","TCP","66","36876  >  8004 [ACK] Seq=141 Ack=226078 Win=84992 Len=0 TSval=3045561774 TSecr=2916041994"
"65243","37.922313622","192.168.1.2","192.168.1.55","TCP","66","36876  >  8004 [ACK] Seq=141 Ack=233318 Win=107520 Len=0 TSval=3045561775 TSecr=2916041994"
"65244","37.922335974","192.168.1.55","192.168.1.2","TCP","1514","8004  >  36876 [ACK] Seq=301886 Ack=141 Win=65024 Len=1448 TSval=2916042003 TSecr=3045561775 [TCP segment of a reassembled PDU]"
"65245","37.922337788","192.168.1.55","192.168.1.2","TCP","1514","8004  >  36876 [ACK] Seq=303334 Ack=141 Win=65024 Len=1448 TSval=2916042003 TSecr=3045561775 [TCP segment of a reassembled PDU]"
"65246","37.922339270","192.168.1.55","192.168.1.2","TCP","1514","8004  >  36876 [ACK] Seq=304782 Ack=141 Win=65024 Len=1448 TSval=2916042003 TSecr=3045561775 [TCP segment of a reassembled PDU]"
"65247","37.922340622","192.168.1.55","192.168.1.2","TCP","1514","8004  >  36876 [ACK] Seq=306230 Ack=141 Win=65024 Len=1448 TSval=2916042003 TSecr=3045561775 [TCP segment of a reassembled PDU]"
"65248","37.922342029","192.168.1.55","192.168.1.2","TCP","1514","8004  >  36876 [ACK] Seq=307678 Ack=141 Win=65024 Len=1448 TSval=2916042003 TSecr=3045561775 [TCP segment of a reassembled PDU]"
"65249","37.922343270","192.168.1.55","192.168.1.2","TCP","1514","8004  >  36876 [ACK] Seq=309126 Ack=141 Win=65024 Len=1448 TSval=2916042003 TSecr=3045561775 [TCP segment of a reassembled PDU]"
"65250","37.922344788","192.168.1.55","192.168.1.2","TCP","1514","8004  >  36876 [ACK] Seq=310574 Ack=141 Win=65024 Len=1448 TSval=2916042003 TSecr=3045561775 [TCP segment of a reassembled PDU]"
"65251","37.922346196","192.168.1.55","192.168.1.2","TCP","1514","8004  >  36876 [ACK] Seq=312022 Ack=141 Win=65024 Len=1448 TSval=2916042003 TSecr=3045561775 [TCP segment of a reassembled PDU]"
"65252","37.922347492","192.168.1.55","192.168.1.2","TCP","1514","8004  >  36876 [ACK] Seq=313470 Ack=141 Win=65024 Len=1448 TSval=2916042003 TSecr=3045561775 [TCP segment of a reassembled PDU]"
"65253","37.922348863","192.168.1.55","192.168.1.2","TCP","1514","8004  >  36876 [ACK] Seq=314918 Ack=141 Win=65024 Len=1448 TSval=2916042003 TSecr=3045561775 [TCP segment of a reassembled PDU]"
"65254","37.922350196","192.168.1.55","192.168.1.2","TCP","1514","8004  >  36876 [ACK] Seq=316366 Ack=141 Win=65024 Len=1448 TSval=2916042003 TSecr=3045561775 [TCP segment of a reassembled PDU]"
"65255","37.922351455","192.168.1.55","192.168.1.2","TCP","1514","8004  >  36876 [ACK] Seq=317814 Ack=141 Win=65024 Len=1448 TSval=2916042003 TSecr=3045561775 [TCP segment of a reassembled PDU]"
"65256","37.922352751","192.168.1.55","192.168.1.2","TCP","1514","8004  >  36876 [ACK] Seq=319262 Ack=141 Win=65024 Len=1448 TSval=2916042003 TSecr=3045561775 [TCP segment of a reassembled PDU]"
"65257","37.922354103","192.168.1.55","192.168.1.2","TCP","1514","8004  >  36876 [PSH, ACK] Seq=320710 Ack=141 Win=65024 Len=1448 TSval=2916042003 TSecr=3045561775 [TCP segment of a reassembled PDU]"
"65258","37.922358992","192.168.1.55","192.168.1.2","TCP","1002","8004  >  36876 [PSH, ACK] Seq=322158 Ack=141 Win=65024 Len=936 TSval=2916042003 TSecr=3045561775 [TCP segment of a reassembled PDU]"
"65259","37.926004350","192.168.1.2","192.168.1.55","TCP","66","36876  >  8004 [ACK] Seq=141 Ack=281614 Win=75776 Len=0 TSval=3045561778 TSecr=2916041998"
"65260","37.926034480","192.168.1.55","192.168.1.2","TCP","1514","8004  >  36876 [ACK] Seq=323094 Ack=141 Win=65024 Len=1448 TSval=2916042006 TSecr=3045561778 [TCP segment of a reassembled PDU]"
"65261","37.926036924","192.168.1.55","192.168.1.2","TCP","1514","8004  >  36876 [ACK] Seq=324542 Ack=141 Win=65024 Len=1448 TSval=2916042006 TSecr=3045561778 [TCP segment of a reassembled PDU]"
"65262","37.926038239","192.168.1.55","192.168.1.2","TCP","1514","8004  >  36876 [ACK] Seq=325990 Ack=141 Win=65024 Len=1448 TSval=2916042006 TSecr=3045561778 [TCP segment of a reassembled PDU]"
"65263","37.926039498","192.168.1.55","192.168.1.2","TCP","1514","8004  >  36876 [ACK] Seq=327438 Ack=141 Win=65024 Len=1448 TSval=2916042006 TSecr=3045561778 [TCP segment of a reassembled PDU]"
"65264","37.926040980","192.168.1.55","192.168.1.2","TCP","1514","8004  >  36876 [ACK] Seq=328886 Ack=141 Win=65024 Len=1448 TSval=2916042006 TSecr=3045561778 [TCP segment of a reassembled PDU]"
"65265","37.926042868","192.168.1.55","192.168.1.2","TCP","1514","8004  >  36876 [ACK] Seq=330334 Ack=141 Win=65024 Len=1448 TSval=2916042006 TSecr=3045561778 [TCP segment of a reassembled PDU]"
"65266","37.926044091","192.168.1.55","192.168.1.2","TCP","1514","8004  >  36876 [ACK] Seq=331782 Ack=141 Win=65024 Len=1448 TSval=2916042006 TSecr=3045561778 [TCP segment of a reassembled PDU]"
"65267","37.926045776","192.168.1.55","192.168.1.2","TCP","1514","8004  >  36876 [ACK] Seq=333230 Ack=141 Win=65024 Len=1448 TSval=2916042006 TSecr=3045561778 [TCP segment of a reassembled PDU]"
"65268","37.926047165","192.168.1.55","192.168.1.2","TCP","1514","8004  >  36876 [ACK] Seq=334678 Ack=141 Win=65024 Len=1448 TSval=2916042006 TSecr=3045561778 [TCP segment of a reassembled PDU]"
"65269","37.926048535","192.168.1.55","192.168.1.2","TCP","1514","8004  >  36876 [ACK] Seq=336126 Ack=141 Win=65024 Len=1448 TSval=2916042006 TSecr=3045561778 [TCP segment of a reassembled PDU]"
"65270","37.926049906","192.168.1.55","192.168.1.2","TCP","1514","8004  >  36876 [ACK] Seq=337574 Ack=141 Win=65024 Len=1448 TSval=2916042006 TSecr=3045561778 [TCP segment of a reassembled PDU]"
"65271","37.926051350","192.168.1.55","192.168.1.2","TCP","1514","8004  >  36876 [ACK] Seq=339022 Ack=141 Win=65024 Len=1448 TSval=2916042006 TSecr=3045561778 [TCP segment of a reassembled PDU]"
"65272","37.926052665","192.168.1.55","192.168.1.2","TCP","1514","8004  >  36876 [ACK] Seq=340470 Ack=141 Win=65024 Len=1448 TSval=2916042006 TSecr=3045561778 [TCP segment of a reassembled PDU]"
"65273","37.926053998","192.168.1.55","192.168.1.2","TCP","1514","8004  >  36876 [ACK] Seq=341918 Ack=141 Win=65024 Len=1448 TSval=2916042006 TSecr=3045561778 [TCP segment of a reassembled PDU]"
"65274","37.926055294","192.168.1.55","192.168.1.2","TCP","1514","8004  >  36876 [ACK] Seq=343366 Ack=141 Win=65024 Len=1448 TSval=2916042006 TSecr=3045561778 [TCP segment of a reassembled PDU]"
"65275","37.926056739","192.168.1.55","192.168.1.2","TCP","1514","8004  >  36876 [ACK] Seq=344814 Ack=141 Win=65024 Len=1448 TSval=2916042006 TSecr=3045561778 [TCP segment of a reassembled PDU]"
"65276","37.926057961","192.168.1.55","192.168.1.2","TCP","1514","8004  >  36876 [ACK] Seq=346262 Ack=141 Win=65024 Len=1448 TSval=2916042006 TSecr=3045561778 [TCP segment of a reassembled PDU]"
"65277","37.926059183","192.168.1.55","192.168.1.2","TCP","1514","8004  >  36876 [ACK] Seq=347710 Ack=141 Win=65024 Len=1448 TSval=2916042006 TSecr=3045561778 [TCP segment of a reassembled PDU]"
"65278","37.926060572","192.168.1.55","192.168.1.2","TCP","1514","8004  >  36876 [ACK] Seq=349158 Ack=141 Win=65024 Len=1448 TSval=2916042006 TSecr=3045561778 [TCP segment of a reassembled PDU]"
"65279","37.926061943","192.168.1.55","192.168.1.2","TCP","1514","8004  >  36876 [ACK] Seq=350606 Ack=141 Win=65024 Len=1448 TSval=2916042006 TSecr=3045561778 [TCP segment of a reassembled PDU]"
"65280","37.926063331","192.168.1.55","192.168.1.2","TCP","1514","8004  >  36876 [ACK] Seq=352054 Ack=141 Win=65024 Len=1448 TSval=2916042006 TSecr=3045561778 [TCP segment of a reassembled PDU]"
"65281","37.926064683","192.168.1.55","192.168.1.2","TCP","1514","8004  >  36876 [ACK] Seq=353502 Ack=141 Win=65024 Len=1448 TSval=2916042006 TSecr=3045561778 [TCP segment of a reassembled PDU]"
"65282","37.926065924","192.168.1.55","192.168.1.2","TCP","1514","8004  >  36876 [PSH, ACK] Seq=354950 Ack=141 Win=65024 Len=1448 TSval=2916042006 TSecr=3045561778 [TCP segment of a reassembled PDU]"
"65283","37.929131540","192.168.1.2","192.168.1.55","TCP","66","36876  >  8004 [ACK] Seq=141 Ack=301886 Win=104448 Len=0 TSval=3045561781 TSecr=2916042002"
"65284","37.929147374","192.168.1.55","192.168.1.2","TCP","1514","8004  >  36876 [ACK] Seq=356398 Ack=141 Win=65024 Len=1448 TSval=2916042009 TSecr=3045561781 [TCP segment of a reassembled PDU]"
"65285","37.929150114","192.168.1.55","192.168.1.2","TCP","1514","8004  >  36876 [ACK] Seq=357846 Ack=141 Win=65024 Len=1448 TSval=2916042009 TSecr=3045561781 [TCP segment of a reassembled PDU]"
"65286","37.929151670","192.168.1.55","192.168.1.2","TCP","1514","8004  >  36876 [ACK] Seq=359294 Ack=141 Win=65024 Len=1448 TSval=2916042009 TSecr=3045561781 [TCP segment of a reassembled PDU]"
"65287","37.929153133","192.168.1.55","192.168.1.2","TCP","1514","8004  >  36876 [ACK] Seq=360742 Ack=141 Win=65024 Len=1448 TSval=2916042009 TSecr=3045561781 [TCP segment of a reassembled PDU]"
"65288","37.929154651","192.168.1.55","192.168.1.2","TCP","1514","8004  >  36876 [ACK] Seq=362190 Ack=141 Win=65024 Len=1448 TSval=2916042009 TSecr=3045561781 [TCP segment of a reassembled PDU]"
"65289","37.929156096","192.168.1.55","192.168.1.2","TCP","1514","8004  >  36876 [ACK] Seq=363638 Ack=141 Win=65024 Len=1448 TSval=2916042009 TSecr=3045561781 [TCP segment of a reassembled PDU]"
"65290","37.929157448","192.168.1.55","192.168.1.2","TCP","1514","8004  >  36876 [ACK] Seq=365086 Ack=141 Win=65024 Len=1448 TSval=2916042009 TSecr=3045561781 [TCP segment of a reassembled PDU]"
"65291","37.929158985","192.168.1.55","192.168.1.2","TCP","1514","8004  >  36876 [PSH, ACK] Seq=366534 Ack=141 Win=65024 Len=1448 TSval=2916042009 TSecr=3045561781 [TCP segment of a reassembled PDU]"
"65292","37.929190096","192.168.1.55","192.168.1.2","TCP","1514","8004  >  36876 [ACK] Seq=367982 Ack=141 Win=65024 Len=1448 TSval=2916042009 TSecr=3045561781 [TCP segment of a reassembled PDU]"
"65293","37.929191688","192.168.1.55","192.168.1.2","TCP","1514","8004  >  36876 [ACK] Seq=369430 Ack=141 Win=65024 Len=1448 TSval=2916042009 TSecr=3045561781 [TCP segment of a reassembled PDU]"
"65294","37.929193374","192.168.1.55","192.168.1.2","TCP","1514","8004  >  36876 [ACK] Seq=370878 Ack=141 Win=65024 Len=1448 TSval=2916042009 TSecr=3045561781 [TCP segment of a reassembled PDU]"
"65295","37.929194911","192.168.1.55","192.168.1.2","TCP","1514","8004  >  36876 [ACK] Seq=372326 Ack=141 Win=65024 Len=1448 TSval=2916042009 TSecr=3045561781 [TCP segment of a reassembled PDU]"
"65296","37.929196411","192.168.1.55","192.168.1.2","TCP","1514","8004  >  36876 [ACK] Seq=373774 Ack=141 Win=65024 Len=1448 TSval=2916042009 TSecr=3045561781 [TCP segment of a reassembled PDU]"
"65297","37.929198281","192.168.1.55","192.168.1.2","TCP","1514","8004  >  36876 [ACK] Seq=375222 Ack=141 Win=65024 Len=1448 TSval=2916042009 TSecr=3045561781 [TCP segment of a reassembled PDU]"
"65298","37.929199725","192.168.1.55","192.168.1.2","TCP","1514","8004  >  36876 [ACK] Seq=376670 Ack=141 Win=65024 Len=1448 TSval=2916042009 TSecr=3045561781 [TCP segment of a reassembled PDU]"
"65299","37.929201207","192.168.1.55","192.168.1.2","TCP","1514","8004  >  36876 [ACK] Seq=378118 Ack=141 Win=65024 Len=1448 TSval=2916042009 TSecr=3045561781 [TCP segment of a reassembled PDU]"
"65300","37.929202614","192.168.1.55","192.168.1.2","TCP","1514","8004  >  36876 [ACK] Seq=379566 Ack=141 Win=65024 Len=1448 TSval=2916042009 TSecr=3045561781 [TCP segment of a reassembled PDU]"
"65301","37.929203985","192.168.1.55","192.168.1.2","TCP","1514","8004  >  36876 [ACK] Seq=381014 Ack=141 Win=65024 Len=1448 TSval=2916042009 TSecr=3045561781 [TCP segment of a reassembled PDU]"
"65302","37.929205633","192.168.1.55","192.168.1.2","TCP","1514","8004  >  36876 [ACK] Seq=382462 Ack=141 Win=65024 Len=1448 TSval=2916042009 TSecr=3045561781 [TCP segment of a reassembled PDU]"
"65303","37.929207170","192.168.1.55","192.168.1.2","TCP","1514","8004  >  36876 [ACK] Seq=383910 Ack=141 Win=65024 Len=1448 TSval=2916042009 TSecr=3045561781 [TCP segment of a reassembled PDU]"
"65304","37.929208725","192.168.1.55","192.168.1.2","TCP","1514","8004  >  36876 [ACK] Seq=385358 Ack=141 Win=65024 Len=1448 TSval=2916042009 TSecr=3045561781 [TCP segment of a reassembled PDU]"
"65305","37.929210151","192.168.1.55","192.168.1.2","TCP","1514","8004  >  36876 [ACK] Seq=386806 Ack=141 Win=65024 Len=1448 TSval=2916042009 TSecr=3045561781 [TCP segment of a reassembled PDU]"
"65306","37.929211503","192.168.1.55","192.168.1.2","TCP","1514","8004  >  36876 [ACK] Seq=388254 Ack=141 Win=65024 Len=1448 TSval=2916042009 TSecr=3045561781 [TCP segment of a reassembled PDU]"
"65307","37.929213318","192.168.1.55","192.168.1.2","TCP","1514","8004  >  36876 [ACK] Seq=389702 Ack=141 Win=65024 Len=1448 TSval=2916042009 TSecr=3045561781 [TCP segment of a reassembled PDU]"
"65308","37.929214744","192.168.1.55","192.168.1.2","TCP","1514","8004  >  36876 [ACK] Seq=391150 Ack=141 Win=65024 Len=1448 TSval=2916042009 TSecr=3045561781 [TCP segment of a reassembled PDU]"
"65309","37.929216281","192.168.1.55","192.168.1.2","TCP","1514","8004  >  36876 [ACK] Seq=392598 Ack=141 Win=65024 Len=1448 TSval=2916042009 TSecr=3045561781 [TCP segment of a reassembled PDU]"
"65310","37.929217651","192.168.1.55","192.168.1.2","TCP","1514","8004  >  36876 [ACK] Seq=394046 Ack=141 Win=65024 Len=1448 TSval=2916042009 TSecr=3045561781 [TCP segment of a reassembled PDU]"
"65311","37.929219022","192.168.1.55","192.168.1.2","TCP","1514","8004  >  36876 [ACK] Seq=395494 Ack=141 Win=65024 Len=1448 TSval=2916042009 TSecr=3045561781 [TCP segment of a reassembled PDU]"
"65312","37.929220522","192.168.1.55","192.168.1.2","TCP","1514","8004  >  36876 [ACK] Seq=396942 Ack=141 Win=65024 Len=1448 TSval=2916042009 TSecr=3045561781 [TCP segment of a reassembled PDU]"
"65313","37.929221985","192.168.1.55","192.168.1.2","TCP","1514","8004  >  36876 [ACK] Seq=398390 Ack=141 Win=65024 Len=1448 TSval=2916042009 TSecr=3045561781 [TCP segment of a reassembled PDU]"
"65314","37.929223485","192.168.1.55","192.168.1.2","TCP","1514","8004  >  36876 [ACK] Seq=399838 Ack=141 Win=65024 Len=1448 TSval=2916042009 TSecr=3045561781 [TCP segment of a reassembled PDU]"
"65315","37.929224855","192.168.1.55","192.168.1.2","TCP","1514","8004  >  36876 [ACK] Seq=401286 Ack=141 Win=65024 Len=1448 TSval=2916042009 TSecr=3045561781 [TCP segment of a reassembled PDU]"
"65316","37.929226263","192.168.1.55","192.168.1.2","TCP","1514","8004  >  36876 [ACK] Seq=402734 Ack=141 Win=65024 Len=1448 TSval=2916042009 TSecr=3045561781 [TCP segment of a reassembled PDU]"
"65317","37.929228281","192.168.1.55","192.168.1.2","TCP","1514","8004  >  36876 [PSH, ACK] Seq=404182 Ack=141 Win=65024 Len=1448 TSval=2916042009 TSecr=3045561781 [TCP segment of a reassembled PDU]"
"65318","37.929262374","192.168.1.2","192.168.1.55","TCP","66","36876  >  8004 [ACK] Seq=141 Ack=316366 Win=131072 Len=0 TSval=3045561782 TSecr=2916042003"
"65319","37.929275948","192.168.1.55","192.168.1.2","TCP","1514","8004  >  36876 [ACK] Seq=405630 Ack=141 Win=65024 Len=1448 TSval=2916042009 TSecr=3045561782 [TCP segment of a reassembled PDU]"
"65320","37.929278040","192.168.1.55","192.168.1.2","TCP","1514","8004  >  36876 [ACK] Seq=407078 Ack=141 Win=65024 Len=1448 TSval=2916042009 TSecr=3045561782 [TCP segment of a reassembled PDU]"
"65321","37.929279448","192.168.1.55","192.168.1.2","TCP","1514","8004  >  36876 [ACK] Seq=408526 Ack=141 Win=65024 Len=1448 TSval=2916042009 TSecr=3045561782 [TCP segment of a reassembled PDU]"
"65322","37.929280911","192.168.1.55","192.168.1.2","TCP","1514","8004  >  36876 [ACK] Seq=409974 Ack=141 Win=65024 Len=1448 TSval=2916042009 TSecr=3045561782 [TCP segment of a reassembled PDU]"
"65323","37.929282374","192.168.1.55","192.168.1.2","TCP","1514","8004  >  36876 [PSH, ACK] Seq=411422 Ack=141 Win=65024 Len=1448 TSval=2916042009 TSecr=3045561782 [TCP segment of a reassembled PDU]"
"65324","37.931732544","192.168.1.2","192.168.1.55","TCP","66","36876  >  8004 [ACK] Seq=141 Ack=322158 Win=143360 Len=0 TSval=3045561783 TSecr=2916042003"
"65325","37.931769452","192.168.1.55","192.168.1.2","TCP","1514","8004  >  36876 [ACK] Seq=412870 Ack=141 Win=65024 Len=1448 TSval=2916042012 TSecr=3045561783 [TCP segment of a reassembled PDU]"
"65326","37.931772193","192.168.1.55","192.168.1.2","TCP","1514","8004  >  36876 [ACK] Seq=414318 Ack=141 Win=65024 Len=1448 TSval=2916042012 TSecr=3045561783 [TCP segment of a reassembled PDU]"
"65327","37.931773581","192.168.1.55","192.168.1.2","TCP","1514","8004  >  36876 [ACK] Seq=415766 Ack=141 Win=65024 Len=1448 TSval=2916042012 TSecr=3045561783 [TCP segment of a reassembled PDU]"
"65328","37.931774915","192.168.1.55","192.168.1.2","TCP","1514","8004  >  36876 [ACK] Seq=417214 Ack=141 Win=65024 Len=1448 TSval=2916042012 TSecr=3045561783 [TCP segment of a reassembled PDU]"
"65329","37.931776637","192.168.1.55","192.168.1.2","TCP","1514","8004  >  36876 [ACK] Seq=418662 Ack=141 Win=65024 Len=1448 TSval=2916042012 TSecr=3045561783 [TCP segment of a reassembled PDU]"
"65330","37.931778026","192.168.1.55","192.168.1.2","TCP","1514","8004  >  36876 [ACK] Seq=420110 Ack=141 Win=65024 Len=1448 TSval=2916042012 TSecr=3045561783 [TCP segment of a reassembled PDU]"
"65331","37.931779378","192.168.1.55","192.168.1.2","TCP","1514","8004  >  36876 [ACK] Seq=421558 Ack=141 Win=65024 Len=1448 TSval=2916042012 TSecr=3045561783 [TCP segment of a reassembled PDU]"
"65332","37.931780859","192.168.1.55","192.168.1.2","TCP","1514","8004  >  36876 [ACK] Seq=423006 Ack=141 Win=65024 Len=1448 TSval=2916042012 TSecr=3045561783 [TCP segment of a reassembled PDU]"
"65333","37.931782396","192.168.1.55","192.168.1.2","TCP","1514","8004  >  36876 [ACK] Seq=424454 Ack=141 Win=65024 Len=1448 TSval=2916042012 TSecr=3045561783 [TCP segment of a reassembled PDU]"
"65334","37.931788507","192.168.1.55","192.168.1.2","TCP","1514","8004  >  36876 [ACK] Seq=425902 Ack=141 Win=65024 Len=1448 TSval=2916042012 TSecr=3045561783 [TCP segment of a reassembled PDU]"
"65335","37.931790119","192.168.1.55","192.168.1.2","TCP","1514","8004  >  36876 [ACK] Seq=427350 Ack=141 Win=65024 Len=1448 TSval=2916042012 TSecr=3045561783 [TCP segment of a reassembled PDU]"
"65336","37.931791619","192.168.1.55","192.168.1.2","TCP","1514","8004  >  36876 [ACK] Seq=428798 Ack=141 Win=65024 Len=1448 TSval=2916042012 TSecr=3045561783 [TCP segment of a reassembled PDU]"
"65337","37.931793007","192.168.1.55","192.168.1.2","TCP","1514","8004  >  36876 [ACK] Seq=430246 Ack=141 Win=65024 Len=1448 TSval=2916042012 TSecr=3045561783 [TCP segment of a reassembled PDU]"
"65338","37.931794396","192.168.1.55","192.168.1.2","TCP","1514","8004  >  36876 [ACK] Seq=431694 Ack=141 Win=65024 Len=1448 TSval=2916042012 TSecr=3045561783 [TCP segment of a reassembled PDU]"
"65339","37.931795915","192.168.1.55","192.168.1.2","TCP","1514","8004  >  36876 [ACK] Seq=433142 Ack=141 Win=65024 Len=1448 TSval=2916042012 TSecr=3045561783 [TCP segment of a reassembled PDU]"
"65340","37.931797415","192.168.1.55","192.168.1.2","TCP","1514","8004  >  36876 [ACK] Seq=434590 Ack=141 Win=65024 Len=1448 TSval=2916042012 TSecr=3045561783 [TCP segment of a reassembled PDU]"
"65341","37.931798915","192.168.1.55","192.168.1.2","TCP","1514","8004  >  36876 [ACK] Seq=436038 Ack=141 Win=65024 Len=1448 TSval=2916042012 TSecr=3045561783 [TCP segment of a reassembled PDU]"
"65342","37.931800304","192.168.1.55","192.168.1.2","TCP","1514","8004  >  36876 [ACK] Seq=437486 Ack=141 Win=65024 Len=1448 TSval=2916042012 TSecr=3045561783 [TCP segment of a reassembled PDU]"
"65343","37.931801674","192.168.1.55","192.168.1.2","TCP","1514","8004  >  36876 [ACK] Seq=438934 Ack=141 Win=65024 Len=1448 TSval=2916042012 TSecr=3045561783 [TCP segment of a reassembled PDU]"
"65344","37.931803119","192.168.1.55","192.168.1.2","TCP","1514","8004  >  36876 [ACK] Seq=440382 Ack=141 Win=65024 Len=1448 TSval=2916042012 TSecr=3045561783 [TCP segment of a reassembled PDU]"
"65345","37.931804637","192.168.1.55","192.168.1.2","TCP","1514","8004  >  36876 [ACK] Seq=441830 Ack=141 Win=65024 Len=1448 TSval=2916042012 TSecr=3045561783 [TCP segment of a reassembled PDU]"
"65346","37.931806230","192.168.1.55","192.168.1.2","TCP","1514","8004  >  36876 [ACK] Seq=443278 Ack=141 Win=65024 Len=1448 TSval=2916042012 TSecr=3045561783 [TCP segment of a reassembled PDU]"
"65347","37.931807748","192.168.1.55","192.168.1.2","TCP","1514","8004  >  36876 [ACK] Seq=444726 Ack=141 Win=65024 Len=1448 TSval=2916042012 TSecr=3045561783 [TCP segment of a reassembled PDU]"
"65348","37.931809470","192.168.1.55","192.168.1.2","TCP","1514","8004  >  36876 [ACK] Seq=446174 Ack=141 Win=65024 Len=1448 TSval=2916042012 TSecr=3045561783 [TCP segment of a reassembled PDU]"
"65349","37.931810952","192.168.1.55","192.168.1.2","TCP","1514","8004  >  36876 [ACK] Seq=447622 Ack=141 Win=65024 Len=1448 TSval=2916042012 TSecr=3045561783 [TCP segment of a reassembled PDU]"
"65350","37.931812470","192.168.1.55","192.168.1.2","TCP","1514","8004  >  36876 [ACK] Seq=449070 Ack=141 Win=65024 Len=1448 TSval=2916042012 TSecr=3045561783 [TCP segment of a reassembled PDU]"
"65351","37.931813989","192.168.1.55","192.168.1.2","TCP","1514","8004  >  36876 [ACK] Seq=450518 Ack=141 Win=65024 Len=1448 TSval=2916042012 TSecr=3045561783 [TCP segment of a reassembled PDU]"
"65352","37.931815563","192.168.1.55","192.168.1.2","TCP","1514","8004  >  36876 [ACK] Seq=451966 Ack=141 Win=65024 Len=1448 TSval=2916042012 TSecr=3045561783 [TCP segment of a reassembled PDU]"
"65353","37.931817156","192.168.1.55","192.168.1.2","TCP","1514","8004  >  36876 [ACK] Seq=453414 Ack=141 Win=65024 Len=1448 TSval=2916042012 TSecr=3045561783 [TCP segment of a reassembled PDU]"
"65354","37.931818693","192.168.1.55","192.168.1.2","TCP","1514","8004  >  36876 [ACK] Seq=454862 Ack=141 Win=65024 Len=1448 TSval=2916042012 TSecr=3045561783 [TCP segment of a reassembled PDU]"
"65355","37.931820933","192.168.1.55","192.168.1.2","TCP","1514","8004  >  36876 [PSH, ACK] Seq=456310 Ack=141 Win=65024 Len=1448 TSval=2916042012 TSecr=3045561783 [TCP segment of a reassembled PDU]"
"65356","37.931880119","192.168.1.2","192.168.1.55","TCP","66","36876  >  8004 [ACK] Seq=141 Ack=323094 Win=145408 Len=0 TSval=3045561783 TSecr=2916042003"
"65357","37.931887971","192.168.1.2","192.168.1.55","TCP","66","36876  >  8004 [ACK] Seq=141 Ack=349158 Win=139264 Len=0 TSval=3045561785 TSecr=2916042006"
"65358","37.934449919","192.168.1.2","192.168.1.55","TCP","66","36876  >  8004 [ACK] Seq=141 Ack=356398 Win=159744 Len=0 TSval=3045561786 TSecr=2916042006"
"65359","37.934485216","192.168.1.55","192.168.1.2","TCP","1514","8004  >  36876 [ACK] Seq=457758 Ack=141 Win=65024 Len=1448 TSval=2916042015 TSecr=3045561786 [TCP segment of a reassembled PDU]"
"65360","37.934488216","192.168.1.55","192.168.1.2","TCP","1514","8004  >  36876 [ACK] Seq=459206 Ack=141 Win=65024 Len=1448 TSval=2916042015 TSecr=3045561786 [TCP segment of a reassembled PDU]"
"65361","37.934489716","192.168.1.55","192.168.1.2","TCP","1514","8004  >  36876 [ACK] Seq=460654 Ack=141 Win=65024 Len=1448 TSval=2916042015 TSecr=3045561786 [TCP segment of a reassembled PDU]"
"65362","37.934491271","192.168.1.55","192.168.1.2","TCP","1514","8004  >  36876 [ACK] Seq=462102 Ack=141 Win=65024 Len=1448 TSval=2916042015 TSecr=3045561786 [TCP segment of a reassembled PDU]"
"65363","37.934492808","192.168.1.55","192.168.1.2","TCP","1514","8004  >  36876 [ACK] Seq=463550 Ack=141 Win=65024 Len=1448 TSval=2916042015 TSecr=3045561786 [TCP segment of a reassembled PDU]"
"65364","37.934494456","192.168.1.55","192.168.1.2","TCP","1514","8004  >  36876 [ACK] Seq=464998 Ack=141 Win=65024 Len=1448 TSval=2916042015 TSecr=3045561786 [TCP segment of a reassembled PDU]"
"65365","37.934495956","192.168.1.55","192.168.1.2","TCP","1514","8004  >  36876 [ACK] Seq=466446 Ack=141 Win=65024 Len=1448 TSval=2916042015 TSecr=3045561786 [TCP segment of a reassembled PDU]"
"65366","37.934497345","192.168.1.55","192.168.1.2","TCP","1514","8004  >  36876 [ACK] Seq=467894 Ack=141 Win=65024 Len=1448 TSval=2916042015 TSecr=3045561786 [TCP segment of a reassembled PDU]"
"65367","37.934498919","192.168.1.55","192.168.1.2","TCP","1514","8004  >  36876 [ACK] Seq=469342 Ack=141 Win=65024 Len=1448 TSval=2916042015 TSecr=3045561786 [TCP segment of a reassembled PDU]"
"65368","37.934500308","192.168.1.55","192.168.1.2","TCP","1514","8004  >  36876 [ACK] Seq=470790 Ack=141 Win=65024 Len=1448 TSval=2916042015 TSecr=3045561786 [TCP segment of a reassembled PDU]"
"65369","37.934502104","192.168.1.55","192.168.1.2","TCP","1514","8004  >  36876 [ACK] Seq=472238 Ack=141 Win=65024 Len=1448 TSval=2916042015 TSecr=3045561786 [TCP segment of a reassembled PDU]"
"65370","37.934503512","192.168.1.55","192.168.1.2","TCP","1514","8004  >  36876 [ACK] Seq=473686 Ack=141 Win=65024 Len=1448 TSval=2916042015 TSecr=3045561786 [TCP segment of a reassembled PDU]"
"65371","37.934505030","192.168.1.55","192.168.1.2","TCP","1514","8004  >  36876 [ACK] Seq=475134 Ack=141 Win=65024 Len=1448 TSval=2916042015 TSecr=3045561786 [TCP segment of a reassembled PDU]"
"65372","37.934506512","192.168.1.55","192.168.1.2","TCP","1514","8004  >  36876 [ACK] Seq=476582 Ack=141 Win=65024 Len=1448 TSval=2916042015 TSecr=3045561786 [TCP segment of a reassembled PDU]"
"65373","37.934508049","192.168.1.55","192.168.1.2","TCP","1514","8004  >  36876 [ACK] Seq=478030 Ack=141 Win=65024 Len=1448 TSval=2916042015 TSecr=3045561786 [TCP segment of a reassembled PDU]"
"65374","37.934509475","192.168.1.55","192.168.1.2","TCP","1514","8004  >  36876 [ACK] Seq=479478 Ack=141 Win=65024 Len=1448 TSval=2916042015 TSecr=3045561786 [TCP segment of a reassembled PDU]"
"65375","37.934511086","192.168.1.55","192.168.1.2","TCP","1514","8004  >  36876 [ACK] Seq=480926 Ack=141 Win=65024 Len=1448 TSval=2916042015 TSecr=3045561786 [TCP segment of a reassembled PDU]"
"65376","37.934512475","192.168.1.55","192.168.1.2","TCP","1514","8004  >  36876 [ACK] Seq=482374 Ack=141 Win=65024 Len=1448 TSval=2916042015 TSecr=3045561786 [TCP segment of a reassembled PDU]"
"65377","37.934514067","192.168.1.55","192.168.1.2","TCP","1514","8004  >  36876 [ACK] Seq=483822 Ack=141 Win=65024 Len=1448 TSval=2916042015 TSecr=3045561786 [TCP segment of a reassembled PDU]"
"65378","37.934515679","192.168.1.55","192.168.1.2","TCP","1514","8004  >  36876 [ACK] Seq=485270 Ack=141 Win=65024 Len=1448 TSval=2916042015 TSecr=3045561786 [TCP segment of a reassembled PDU]"
"65379","37.934517086","192.168.1.55","192.168.1.2","TCP","1514","8004  >  36876 [ACK] Seq=486718 Ack=141 Win=65024 Len=1448 TSval=2916042015 TSecr=3045561786 [TCP segment of a reassembled PDU]"
"65380","37.934518475","192.168.1.55","192.168.1.2","TCP","1514","8004  >  36876 [ACK] Seq=488166 Ack=141 Win=65024 Len=1448 TSval=2916042015 TSecr=3045561786 [TCP segment of a reassembled PDU]"
"65381","37.934519901","192.168.1.55","192.168.1.2","TCP","1514","8004  >  36876 [ACK] Seq=489614 Ack=141 Win=65024 Len=1448 TSval=2916042015 TSecr=3045561786 [TCP segment of a reassembled PDU]"
"65382","37.934521401","192.168.1.55","192.168.1.2","TCP","1514","8004  >  36876 [ACK] Seq=491062 Ack=141 Win=65024 Len=1448 TSval=2916042015 TSecr=3045561786 [TCP segment of a reassembled PDU]"
"65383","37.934522808","192.168.1.55","192.168.1.2","TCP","1514","8004  >  36876 [ACK] Seq=492510 Ack=141 Win=65024 Len=1448 TSval=2916042015 TSecr=3045561786 [TCP segment of a reassembled PDU]"
"65384","37.934524345","192.168.1.55","192.168.1.2","TCP","1514","8004  >  36876 [ACK] Seq=493958 Ack=141 Win=65024 Len=1448 TSval=2916042015 TSecr=3045561786 [TCP segment of a reassembled PDU]"
"65385","37.934526179","192.168.1.55","192.168.1.2","TCP","1514","8004  >  36876 [ACK] Seq=495406 Ack=141 Win=65024 Len=1448 TSval=2916042015 TSecr=3045561786 [TCP segment of a reassembled PDU]"
"65386","37.934527586","192.168.1.55","192.168.1.2","TCP","1514","8004  >  36876 [ACK] Seq=496854 Ack=141 Win=65024 Len=1448 TSval=2916042015 TSecr=3045561786 [TCP segment of a reassembled PDU]"
"65387","37.934529160","192.168.1.55","192.168.1.2","HTTP","1472","HTTP/1.0 200 OK  (PNG)"
"65388","37.935803736","192.168.1.2","192.168.1.55","TCP","66","36876  >  8004 [ACK] Seq=141 Ack=367982 Win=155648 Len=0 TSval=3045561789 TSecr=2916042009"
"65389","37.936310218","192.168.1.2","192.168.1.55","TCP","66","36876  >  8004 [ACK] Seq=141 Ack=405630 Win=131072 Len=0 TSval=3045561789 TSecr=2916042009"
"65390","37.939757483","192.168.1.2","192.168.1.55","TCP","66","36876  >  8004 [ACK] Seq=141 Ack=412870 Win=159744 Len=0 TSval=3045561792 TSecr=2916042009"
"65391","37.939865206","192.168.1.2","192.168.1.55","TCP","66","36876  >  8004 [ACK] Seq=141 Ack=447622 Win=135168 Len=0 TSval=3045561792 TSecr=2916042012"
"65392","37.940803929","192.168.1.2","192.168.1.55","TCP","66","36876  >  8004 [ACK] Seq=141 Ack=457758 Win=156672 Len=0 TSval=3045561795 TSecr=2916042012"
"65393","37.940916096","192.168.1.2","192.168.1.55","TCP","66","36876  >  8004 [ACK] Seq=141 Ack=492510 Win=135168 Len=0 TSval=3045561795 TSecr=2916042015"
"65394","37.942179635","192.168.1.2","192.168.1.55","TCP","66","36876  >  8004 [ACK] Seq=141 Ack=498302 Win=159744 Len=0 TSval=3045561797 TSecr=2916042015"
"65395","37.943620619","192.168.1.2","192.168.1.55","TCP","66","36876  >  8004 [FIN, ACK] Seq=141 Ack=499709 Win=162816 Len=0 TSval=3045561797 TSecr=2916042015"
"65396","37.943633230","192.168.1.55","192.168.1.2","TCP","66","8004  >  36876 [ACK] Seq=499709 Ack=142 Win=65024 Len=0 TSval=2916042024 TSecr=3045561797"
"65397","37.943683249","192.168.1.2","192.168.1.55","TCP","74","36886  >  8004 [SYN] Seq=0 Win=64240 Len=0 MSS=1460 SACK_PERM TSval=3045561798 TSecr=0 WS=1024"
"65398","37.943708916","192.168.1.55","192.168.1.2","TCP","74","8004  >  36886 [SYN, ACK] Seq=0 Ack=1 Win=65160 Len=0 MSS=1460 SACK_PERM TSval=2916042024 TSecr=3045561798 WS=128"
"65399","37.947133662","192.168.1.2","192.168.1.55","TCP","66","36886  >  8004 [ACK] Seq=1 Ack=1 Win=64512 Len=0 TSval=3045561802 TSecr=2916042024"
"65400","37.950337149","192.168.1.2","192.168.1.55","HTTP","209","GET /original_benchmark.png HTTP/1.1 "
"65401","37.950348463","192.168.1.55","192.168.1.2","TCP","66","8004  >  36886 [ACK] Seq=1 Ack=144 Win=65024 Len=0 TSval=2916042031 TSecr=3045561802"
"65402","37.950852964","192.168.1.55","192.168.1.2","TCP","255","8004  >  36886 [PSH, ACK] Seq=1 Ack=144 Win=65024 Len=189 TSval=2916042031 TSecr=3045561802 [TCP segment of a reassembled PDU]"
"65403","37.950958261","192.168.1.55","192.168.1.2","TCP","1514","8004  >  36886 [ACK] Seq=190 Ack=144 Win=65024 Len=1448 TSval=2916042031 TSecr=3045561802 [TCP segment of a reassembled PDU]"
"65404","37.950963631","192.168.1.55","192.168.1.2","TCP","1514","8004  >  36886 [ACK] Seq=1638 Ack=144 Win=65024 Len=1448 TSval=2916042031 TSecr=3045561802 [TCP segment of a reassembled PDU]"
"65405","37.950965131","192.168.1.55","192.168.1.2","TCP","1514","8004  >  36886 [ACK] Seq=3086 Ack=144 Win=65024 Len=1448 TSval=2916042031 TSecr=3045561802 [TCP segment of a reassembled PDU]"
"65406","37.950966631","192.168.1.55","192.168.1.2","TCP","1514","8004  >  36886 [ACK] Seq=4534 Ack=144 Win=65024 Len=1448 TSval=2916042031 TSecr=3045561802 [TCP segment of a reassembled PDU]"
"65407","37.950968613","192.168.1.55","192.168.1.2","TCP","1514","8004  >  36886 [PSH, ACK] Seq=5982 Ack=144 Win=65024 Len=1448 TSval=2916042031 TSecr=3045561802 [TCP segment of a reassembled PDU]"
"65408","37.950988576","192.168.1.55","192.168.1.2","TCP","1514","8004  >  36886 [ACK] Seq=7430 Ack=144 Win=65024 Len=1448 TSval=2916042031 TSecr=3045561802 [TCP segment of a reassembled PDU]"
"65409","37.950991057","192.168.1.55","192.168.1.2","TCP","1514","8004  >  36886 [ACK] Seq=8878 Ack=144 Win=65024 Len=1448 TSval=2916042031 TSecr=3045561802 [TCP segment of a reassembled PDU]"
"65410","37.950992520","192.168.1.55","192.168.1.2","TCP","1514","8004  >  36886 [ACK] Seq=10326 Ack=144 Win=65024 Len=1448 TSval=2916042031 TSecr=3045561802 [TCP segment of a reassembled PDU]"
"65411","37.950994150","192.168.1.55","192.168.1.2","TCP","1514","8004  >  36886 [PSH, ACK] Seq=11774 Ack=144 Win=65024 Len=1448 TSval=2916042031 TSecr=3045561802 [TCP segment of a reassembled PDU]"
"65412","37.954657619","192.168.1.2","192.168.1.55","TCP","66","36886  >  8004 [ACK] Seq=144 Ack=190 Win=64512 Len=0 TSval=3045561809 TSecr=2916042031"
"65413","37.954682322","192.168.1.55","192.168.1.2","TCP","1514","8004  >  36886 [ACK] Seq=13222 Ack=144 Win=65024 Len=1448 TSval=2916042035 TSecr=3045561809 [TCP segment of a reassembled PDU]"
"65414","37.954685785","192.168.1.55","192.168.1.2","TCP","1514","8004  >  36886 [PSH, ACK] Seq=14670 Ack=144 Win=65024 Len=1448 TSval=2916042035 TSecr=3045561809 [TCP segment of a reassembled PDU]"
"65415","37.954746915","192.168.1.2","192.168.1.55","TCP","66","36886  >  8004 [ACK] Seq=144 Ack=7430 Win=71680 Len=0 TSval=3045561809 TSecr=2916042031"
"65416","37.954768137","192.168.1.55","192.168.1.2","TCP","1514","8004  >  36886 [ACK] Seq=16118 Ack=144 Win=65024 Len=1448 TSval=2916042035 TSecr=3045561809 [TCP segment of a reassembled PDU]"
"65417","37.954770008","192.168.1.55","192.168.1.2","TCP","1514","8004  >  36886 [ACK] Seq=17566 Ack=144 Win=65024 Len=1448 TSval=2916042035 TSecr=3045561809 [TCP segment of a reassembled PDU]"
"65418","37.954771471","192.168.1.55","192.168.1.2","TCP","1514","8004  >  36886 [ACK] Seq=19014 Ack=144 Win=65024 Len=1448 TSval=2916042035 TSecr=3045561809 [TCP segment of a reassembled PDU]"
"65419","37.954772878","192.168.1.55","192.168.1.2","TCP","1514","8004  >  36886 [ACK] Seq=20462 Ack=144 Win=65024 Len=1448 TSval=2916042035 TSecr=3045561809 [TCP segment of a reassembled PDU]"
"65420","37.954774378","192.168.1.55","192.168.1.2","TCP","1514","8004  >  36886 [ACK] Seq=21910 Ack=144 Win=65024 Len=1448 TSval=2916042035 TSecr=3045561809 [TCP segment of a reassembled PDU]"
"65421","37.954775785","192.168.1.55","192.168.1.2","TCP","1514","8004  >  36886 [ACK] Seq=23358 Ack=144 Win=65024 Len=1448 TSval=2916042035 TSecr=3045561809 [TCP segment of a reassembled PDU]"
"65422","37.954777248","192.168.1.55","192.168.1.2","TCP","1514","8004  >  36886 [ACK] Seq=24806 Ack=144 Win=65024 Len=1448 TSval=2916042035 TSecr=3045561809 [TCP segment of a reassembled PDU]"
"65423","37.954778822","192.168.1.55","192.168.1.2","TCP","1514","8004  >  36886 [PSH, ACK] Seq=26254 Ack=144 Win=65024 Len=1448 TSval=2916042035 TSecr=3045561809 [TCP segment of a reassembled PDU]"
"65424","37.956420584","192.168.1.2","192.168.1.55","TCP","66","36886  >  8004 [ACK] Seq=144 Ack=10326 Win=76800 Len=0 TSval=3045561810 TSecr=2916042031"
"65425","37.956592844","192.168.1.55","192.168.1.2","TCP","1514","8004  >  36886 [ACK] Seq=27702 Ack=144 Win=65024 Len=1448 TSval=2916042037 TSecr=3045561810 [TCP segment of a reassembled PDU]"
"65426","37.956599566","192.168.1.55","192.168.1.2","TCP","1514","8004  >  36886 [ACK] Seq=29150 Ack=144 Win=65024 Len=1448 TSval=2916042037 TSecr=3045561810 [TCP segment of a reassembled PDU]"
"65427","37.956601177","192.168.1.55","192.168.1.2","TCP","1514","8004  >  36886 [ACK] Seq=30598 Ack=144 Win=65024 Len=1448 TSval=2916042037 TSecr=3045561810 [TCP segment of a reassembled PDU]"
"65428","37.956602659","192.168.1.55","192.168.1.2","TCP","1514","8004  >  36886 [ACK] Seq=32046 Ack=144 Win=65024 Len=1448 TSval=2916042037 TSecr=3045561810 [TCP segment of a reassembled PDU]"
"65429","37.956604381","192.168.1.55","192.168.1.2","TCP","1514","8004  >  36886 [ACK] Seq=33494 Ack=144 Win=65024 Len=1448 TSval=2916042037 TSecr=3045561810 [TCP segment of a reassembled PDU]"
"65430","37.956606900","192.168.1.55","192.168.1.2","TCP","1514","8004  >  36886 [PSH, ACK] Seq=34942 Ack=144 Win=65024 Len=1448 TSval=2916042037 TSecr=3045561810 [TCP segment of a reassembled PDU]"
"65431","37.956660159","192.168.1.2","192.168.1.55","TCP","66","36886  >  8004 [ACK] Seq=144 Ack=13222 Win=76800 Len=0 TSval=3045561810 TSecr=2916042031"
"65432","37.956689733","192.168.1.55","192.168.1.2","TCP","1514","8004  >  36886 [ACK] Seq=36390 Ack=144 Win=65024 Len=1448 TSval=2916042037 TSecr=3045561810 [TCP segment of a reassembled PDU]"
"65433","37.956694474","192.168.1.55","192.168.1.2","TCP","1514","8004  >  36886 [ACK] Seq=37838 Ack=144 Win=65024 Len=1448 TSval=2916042037 TSecr=3045561810 [TCP segment of a reassembled PDU]"
"65434","37.956696474","192.168.1.55","192.168.1.2","TCP","1514","8004  >  36886 [ACK] Seq=39286 Ack=144 Win=65024 Len=1448 TSval=2916042037 TSecr=3045561810 [TCP segment of a reassembled PDU]"
"65435","37.956699122","192.168.1.55","192.168.1.2","TCP","1514","8004  >  36886 [PSH, ACK] Seq=40734 Ack=144 Win=65024 Len=1448 TSval=2916042037 TSecr=3045561810 [TCP segment of a reassembled PDU]"
"65436","37.961357222","192.168.1.2","192.168.1.55","TCP","66","36886  >  8004 [ACK] Seq=144 Ack=16118 Win=76800 Len=0 TSval=3045561815 TSecr=2916042035"
"65437","37.961405278","192.168.1.55","192.168.1.2","TCP","1514","8004  >  36886 [ACK] Seq=42182 Ack=144 Win=65024 Len=1448 TSval=2916042042 TSecr=3045561815 [TCP segment of a reassembled PDU]"
"65438","37.961411685","192.168.1.55","192.168.1.2","TCP","1514","8004  >  36886 [PSH, ACK] Seq=43630 Ack=144 Win=65024 Len=1448 TSval=2916042042 TSecr=3045561815 [TCP segment of a reassembled PDU]"
"65439","37.961498074","192.168.1.2","192.168.1.55","TCP","66","36886  >  8004 [ACK] Seq=144 Ack=27702 Win=69632 Len=0 TSval=3045561815 TSecr=2916042035"
"65440","37.961537722","192.168.1.55","192.168.1.2","TCP","1514","8004  >  36886 [ACK] Seq=45078 Ack=144 Win=65024 Len=1448 TSval=2916042042 TSecr=3045561815 [TCP segment of a reassembled PDU]"
"65441","37.961540908","192.168.1.55","192.168.1.2","TCP","1514","8004  >  36886 [ACK] Seq=46526 Ack=144 Win=65024 Len=1448 TSval=2916042042 TSecr=3045561815 [TCP segment of a reassembled PDU]"
"65442","37.961542630","192.168.1.55","192.168.1.2","TCP","1514","8004  >  36886 [ACK] Seq=47974 Ack=144 Win=65024 Len=1448 TSval=2916042042 TSecr=3045561815 [TCP segment of a reassembled PDU]"
"65443","37.961544352","192.168.1.55","192.168.1.2","TCP","1514","8004  >  36886 [ACK] Seq=49422 Ack=144 Win=65024 Len=1448 TSval=2916042042 TSecr=3045561815 [TCP segment of a reassembled PDU]"
"65444","37.961545500","192.168.1.55","192.168.1.2","TCP","1514","8004  >  36886 [ACK] Seq=50870 Ack=144 Win=65024 Len=1448 TSval=2916042042 TSecr=3045561815 [TCP segment of a reassembled PDU]"
"65445","37.961546982","192.168.1.55","192.168.1.2","TCP","1514","8004  >  36886 [ACK] Seq=52318 Ack=144 Win=65024 Len=1448 TSval=2916042042 TSecr=3045561815 [TCP segment of a reassembled PDU]"
"65446","37.961548648","192.168.1.55","192.168.1.2","TCP","1514","8004  >  36886 [ACK] Seq=53766 Ack=144 Win=65024 Len=1448 TSval=2916042042 TSecr=3045561815 [TCP segment of a reassembled PDU]"
"65447","37.961550685","192.168.1.55","192.168.1.2","TCP","1514","8004  >  36886 [ACK] Seq=55214 Ack=144 Win=65024 Len=1448 TSval=2916042042 TSecr=3045561815 [TCP segment of a reassembled PDU]"
"65448","37.961552426","192.168.1.55","192.168.1.2","TCP","1514","8004  >  36886 [ACK] Seq=56662 Ack=144 Win=65024 Len=1448 TSval=2916042042 TSecr=3045561815 [TCP segment of a reassembled PDU]"
"65449","37.961554593","192.168.1.55","192.168.1.2","TCP","1514","8004  >  36886 [ACK] Seq=58110 Ack=144 Win=65024 Len=1448 TSval=2916042042 TSecr=3045561815 [TCP segment of a reassembled PDU]"
"65450","37.961556278","192.168.1.55","192.168.1.2","TCP","1514","8004  >  36886 [ACK] Seq=59558 Ack=144 Win=65024 Len=1448 TSval=2916042042 TSecr=3045561815 [TCP segment of a reassembled PDU]"
"65451","37.961558426","192.168.1.55","192.168.1.2","TCP","1514","8004  >  36886 [ACK] Seq=61006 Ack=144 Win=65024 Len=1448 TSval=2916042042 TSecr=3045561815 [TCP segment of a reassembled PDU]"
"65452","37.961560148","192.168.1.55","192.168.1.2","TCP","1514","8004  >  36886 [ACK] Seq=62454 Ack=144 Win=65024 Len=1448 TSval=2916042042 TSecr=3045561815 [TCP segment of a reassembled PDU]"
"65453","37.961562222","192.168.1.55","192.168.1.2","TCP","1514","8004  >  36886 [ACK] Seq=63902 Ack=144 Win=65024 Len=1448 TSval=2916042042 TSecr=3045561815 [TCP segment of a reassembled PDU]"
"65454","37.961564426","192.168.1.55","192.168.1.2","TCP","1514","8004  >  36886 [PSH, ACK] Seq=65350 Ack=144 Win=65024 Len=1448 TSval=2916042042 TSecr=3045561815 [TCP segment of a reassembled PDU]"
"65455","37.961571889","192.168.1.2","192.168.1.55","TCP","66","36886  >  8004 [ACK] Seq=144 Ack=36390 Win=61440 Len=0 TSval=3045561815 TSecr=2916042037"
"65456","37.961609352","192.168.1.55","192.168.1.2","TCP","1514","8004  >  36886 [ACK] Seq=66798 Ack=144 Win=65024 Len=1448 TSval=2916042042 TSecr=3045561815 [TCP segment of a reassembled PDU]"
"65457","37.961613500","192.168.1.55","192.168.1.2","TCP","1514","8004  >  36886 [ACK] Seq=68246 Ack=144 Win=65024 Len=1448 TSval=2916042042 TSecr=3045561815 [TCP segment of a reassembled PDU]"
"65458","37.961614685","192.168.1.55","192.168.1.2","TCP","1514","8004  >  36886 [ACK] Seq=69694 Ack=144 Win=65024 Len=1448 TSval=2916042042 TSecr=3045561815 [TCP segment of a reassembled PDU]"
"65459","37.961615778","192.168.1.55","192.168.1.2","TCP","1514","8004  >  36886 [ACK] Seq=71142 Ack=144 Win=65024 Len=1448 TSval=2916042042 TSecr=3045561815 [TCP segment of a reassembled PDU]"
"65460","37.961616889","192.168.1.55","192.168.1.2","TCP","1514","8004  >  36886 [ACK] Seq=72590 Ack=144 Win=65024 Len=1448 TSval=2916042042 TSecr=3045561815 [TCP segment of a reassembled PDU]"
"65461","37.961618241","192.168.1.55","192.168.1.2","TCP","1514","8004  >  36886 [ACK] Seq=74038 Ack=144 Win=65024 Len=1448 TSval=2916042042 TSecr=3045561815 [TCP segment of a reassembled PDU]"
"65462","37.961620797","192.168.1.55","192.168.1.2","TCP","1514","8004  >  36886 [PSH, ACK] Seq=75486 Ack=144 Win=65024 Len=1448 TSval=2916042042 TSecr=3045561815 [TCP segment of a reassembled PDU]"
"65463","37.961625111","192.168.1.2","192.168.1.55","TCP","66","36886  >  8004 [ACK] Seq=144 Ack=39286 Win=59392 Len=0 TSval=3045561815 TSecr=2916042037"
"65464","37.964662487","192.168.1.2","192.168.1.55","TCP","66","36886  >  8004 [ACK] Seq=144 Ack=42182 Win=73728 Len=0 TSval=3045561818 TSecr=2916042037"
"65465","37.964716635","192.168.1.55","192.168.1.2","TCP","1514","8004  >  36886 [ACK] Seq=76934 Ack=144 Win=65024 Len=1448 TSval=2916042045 TSecr=3045561818 [TCP segment of a reassembled PDU]"
"65466","37.964719950","192.168.1.55","192.168.1.2","TCP","1514","8004  >  36886 [ACK] Seq=78382 Ack=144 Win=65024 Len=1448 TSval=2916042045 TSecr=3045561818 [TCP segment of a reassembled PDU]"
"65467","37.964721265","192.168.1.55","192.168.1.2","TCP","1514","8004  >  36886 [ACK] Seq=79830 Ack=144 Win=65024 Len=1448 TSval=2916042045 TSecr=3045561818 [TCP segment of a reassembled PDU]"
"65468","37.964722505","192.168.1.55","192.168.1.2","TCP","1514","8004  >  36886 [ACK] Seq=81278 Ack=144 Win=65024 Len=1448 TSval=2916042045 TSecr=3045561818 [TCP segment of a reassembled PDU]"
"65469","37.964724431","192.168.1.55","192.168.1.2","TCP","1514","8004  >  36886 [ACK] Seq=82726 Ack=144 Win=65024 Len=1448 TSval=2916042045 TSecr=3045561818 [TCP segment of a reassembled PDU]"
"65470","37.964726172","192.168.1.55","192.168.1.2","TCP","1514","8004  >  36886 [ACK] Seq=84174 Ack=144 Win=65024 Len=1448 TSval=2916042045 TSecr=3045561818 [TCP segment of a reassembled PDU]"
"65471","37.964727394","192.168.1.55","192.168.1.2","TCP","1514","8004  >  36886 [ACK] Seq=85622 Ack=144 Win=65024 Len=1448 TSval=2916042045 TSecr=3045561818 [TCP segment of a reassembled PDU]"
"65472","37.964728802","192.168.1.55","192.168.1.2","TCP","1514","8004  >  36886 [ACK] Seq=87070 Ack=144 Win=65024 Len=1448 TSval=2916042045 TSecr=3045561818 [TCP segment of a reassembled PDU]"
"65473","37.964730042","192.168.1.55","192.168.1.2","TCP","1514","8004  >  36886 [ACK] Seq=88518 Ack=144 Win=65024 Len=1448 TSval=2916042045 TSecr=3045561818 [TCP segment of a reassembled PDU]"
"65474","37.964731413","192.168.1.55","192.168.1.2","TCP","1514","8004  >  36886 [ACK] Seq=89966 Ack=144 Win=65024 Len=1448 TSval=2916042045 TSecr=3045561818 [TCP segment of a reassembled PDU]"
"65475","37.964733876","192.168.1.55","192.168.1.2","TCP","1514","8004  >  36886 [ACK] Seq=91414 Ack=144 Win=65024 Len=1448 TSval=2916042045 TSecr=3045561818 [TCP segment of a reassembled PDU]"
"65476","37.964735357","192.168.1.55","192.168.1.2","TCP","1514","8004  >  36886 [ACK] Seq=92862 Ack=144 Win=65024 Len=1448 TSval=2916042045 TSecr=3045561818 [TCP segment of a reassembled PDU]"
"65477","37.964736524","192.168.1.55","192.168.1.2","TCP","1514","8004  >  36886 [ACK] Seq=94310 Ack=144 Win=65024 Len=1448 TSval=2916042045 TSecr=3045561818 [TCP segment of a reassembled PDU]"
"65478","37.964738005","192.168.1.55","192.168.1.2","TCP","1514","8004  >  36886 [ACK] Seq=95758 Ack=144 Win=65024 Len=1448 TSval=2916042045 TSecr=3045561818 [TCP segment of a reassembled PDU]"
"65479","37.964739616","192.168.1.55","192.168.1.2","TCP","1514","8004  >  36886 [ACK] Seq=97206 Ack=144 Win=65024 Len=1448 TSval=2916042045 TSecr=3045561818 [TCP segment of a reassembled PDU]"
"65480","37.964741653","192.168.1.55","192.168.1.2","TCP","1514","8004  >  36886 [PSH, ACK] Seq=98654 Ack=144 Win=65024 Len=1448 TSval=2916042045 TSecr=3045561818 [TCP segment of a reassembled PDU]"
"65481","37.966527879","192.168.1.2","192.168.1.55","TCP","66","36886  >  8004 [ACK] Seq=144 Ack=45078 Win=74752 Len=0 TSval=3045561821 TSecr=2916042042"
"65482","37.966544138","192.168.1.55","192.168.1.2","TCP","1514","8004  >  36886 [ACK] Seq=100102 Ack=144 Win=65024 Len=1448 TSval=2916042047 TSecr=3045561821 [TCP segment of a reassembled PDU]"
"65483","37.966547397","192.168.1.55","192.168.1.2","TCP","1514","8004  >  36886 [ACK] Seq=101550 Ack=144 Win=65024 Len=1448 TSval=2916042047 TSecr=3045561821 [TCP segment of a reassembled PDU]"
"65484","37.966548823","192.168.1.55","192.168.1.2","TCP","1514","8004  >  36886 [ACK] Seq=102998 Ack=144 Win=65024 Len=1448 TSval=2916042047 TSecr=3045561821 [TCP segment of a reassembled PDU]"
"65485","37.966550730","192.168.1.55","192.168.1.2","TCP","1514","8004  >  36886 [PSH, ACK] Seq=104446 Ack=144 Win=65024 Len=1448 TSval=2916042047 TSecr=3045561821 [TCP segment of a reassembled PDU]"
"65486","37.966796675","192.168.1.2","192.168.1.55","TCP","66","36886  >  8004 [ACK] Seq=144 Ack=66798 Win=61440 Len=0 TSval=3045561821 TSecr=2916042042"
"65487","37.966821064","192.168.1.55","192.168.1.2","TCP","1514","8004  >  36886 [ACK] Seq=105894 Ack=144 Win=65024 Len=1448 TSval=2916042047 TSecr=3045561821 [TCP segment of a reassembled PDU]"
"65488","37.966823601","192.168.1.55","192.168.1.2","TCP","1514","8004  >  36886 [ACK] Seq=107342 Ack=144 Win=65024 Len=1448 TSval=2916042047 TSecr=3045561821 [TCP segment of a reassembled PDU]"
"65489","37.966824731","192.168.1.55","192.168.1.2","TCP","1514","8004  >  36886 [ACK] Seq=108790 Ack=144 Win=65024 Len=1448 TSval=2916042047 TSecr=3045561821 [TCP segment of a reassembled PDU]"
"65490","37.966825935","192.168.1.55","192.168.1.2","TCP","1514","8004  >  36886 [ACK] Seq=110238 Ack=144 Win=65024 Len=1448 TSval=2916042047 TSecr=3045561821 [TCP segment of a reassembled PDU]"
"65491","37.966827138","192.168.1.55","192.168.1.2","TCP","1514","8004  >  36886 [ACK] Seq=111686 Ack=144 Win=65024 Len=1448 TSval=2916042047 TSecr=3045561821 [TCP segment of a reassembled PDU]"
"65492","37.966828638","192.168.1.55","192.168.1.2","TCP","1514","8004  >  36886 [PSH, ACK] Seq=113134 Ack=144 Win=65024 Len=1448 TSval=2916042047 TSecr=3045561821 [TCP segment of a reassembled PDU]"
"65493","37.968832160","192.168.1.2","192.168.1.55","TCP","66","36886  >  8004 [ACK] Seq=144 Ack=76934 Win=52224 Len=0 TSval=3045561821 TSecr=2916042042"
"65494","37.968855956","192.168.1.55","192.168.1.2","TCP","1514","8004  >  36886 [ACK] Seq=114582 Ack=144 Win=65024 Len=1448 TSval=2916042049 TSecr=3045561821 [TCP segment of a reassembled PDU]"
"65495","37.968859105","192.168.1.55","192.168.1.2","TCP","1514","8004  >  36886 [ACK] Seq=116030 Ack=144 Win=65024 Len=1448 TSval=2916042049 TSecr=3045561821 [TCP segment of a reassembled PDU]"
"65496","37.968860345","192.168.1.55","192.168.1.2","TCP","1514","8004  >  36886 [ACK] Seq=117478 Ack=144 Win=65024 Len=1448 TSval=2916042049 TSecr=3045561821 [TCP segment of a reassembled PDU]"
"65497","37.968861438","192.168.1.55","192.168.1.2","TCP","1514","8004  >  36886 [ACK] Seq=118926 Ack=144 Win=65024 Len=1448 TSval=2916042049 TSecr=3045561821 [TCP segment of a reassembled PDU]"
"65498","37.968862753","192.168.1.55","192.168.1.2","TCP","1514","8004  >  36886 [ACK] Seq=120374 Ack=144 Win=65024 Len=1448 TSval=2916042049 TSecr=3045561821 [TCP segment of a reassembled PDU]"
"65499","37.968863919","192.168.1.55","192.168.1.2","TCP","1514","8004  >  36886 [ACK] Seq=121822 Ack=144 Win=65024 Len=1448 TSval=2916042049 TSecr=3045561821 [TCP segment of a reassembled PDU]"
"65500","37.968865012","192.168.1.55","192.168.1.2","TCP","1514","8004  >  36886 [ACK] Seq=123270 Ack=144 Win=65024 Len=1448 TSval=2916042049 TSecr=3045561821 [TCP segment of a reassembled PDU]"
"65501","37.968866197","192.168.1.55","192.168.1.2","TCP","1514","8004  >  36886 [ACK] Seq=124718 Ack=144 Win=65024 Len=1448 TSval=2916042049 TSecr=3045561821 [TCP segment of a reassembled PDU]"
"65502","37.968867308","192.168.1.55","192.168.1.2","TCP","1514","8004  >  36886 [ACK] Seq=126166 Ack=144 Win=65024 Len=1448 TSval=2916042049 TSecr=3045561821 [TCP segment of a reassembled PDU]"
"65503","37.968868401","192.168.1.55","192.168.1.2","TCP","1514","8004  >  36886 [ACK] Seq=127614 Ack=144 Win=65024 Len=1448 TSval=2916042049 TSecr=3045561821 [TCP segment of a reassembled PDU]"
"65504","37.968869568","192.168.1.55","192.168.1.2","TCP","162","[TCP Window Full] 8004  >  36886 [PSH, ACK] Seq=129062 Ack=144 Win=65024 Len=96 TSval=2916042049 TSecr=3045561821 [TCP segment of a reassembled PDU]"
"65505","37.969896014","192.168.1.2","192.168.1.55","TCP","66","36886  >  8004 [ACK] Seq=144 Ack=89966 Win=67584 Len=0 TSval=3045561822 TSecr=2916042045"
"65506","37.969917440","192.168.1.55","192.168.1.2","TCP","1514","8004  >  36886 [ACK] Seq=129158 Ack=144 Win=65024 Len=1448 TSval=2916042050 TSecr=3045561822 [TCP segment of a reassembled PDU]"
"65507","37.969919643","192.168.1.55","192.168.1.2","TCP","1514","8004  >  36886 [ACK] Seq=130606 Ack=144 Win=65024 Len=1448 TSval=2916042050 TSecr=3045561822 [TCP segment of a reassembled PDU]"
"65508","37.969920958","192.168.1.55","192.168.1.2","TCP","1514","8004  >  36886 [ACK] Seq=132054 Ack=144 Win=65024 Len=1448 TSval=2916042050 TSecr=3045561822 [TCP segment of a reassembled PDU]"
"65509","37.969922162","192.168.1.55","192.168.1.2","TCP","1514","8004  >  36886 [ACK] Seq=133502 Ack=144 Win=65024 Len=1448 TSval=2916042050 TSecr=3045561822 [TCP segment of a reassembled PDU]"
"65510","37.969923403","192.168.1.55","192.168.1.2","TCP","1514","8004  >  36886 [ACK] Seq=134950 Ack=144 Win=65024 Len=1448 TSval=2916042050 TSecr=3045561822 [TCP segment of a reassembled PDU]"
"65511","37.969924662","192.168.1.55","192.168.1.2","TCP","1514","8004  >  36886 [ACK] Seq=136398 Ack=144 Win=65024 Len=1448 TSval=2916042050 TSecr=3045561822 [TCP segment of a reassembled PDU]"
"65512","37.969925977","192.168.1.55","192.168.1.2","TCP","1514","8004  >  36886 [ACK] Seq=137846 Ack=144 Win=65024 Len=1448 TSval=2916042050 TSecr=3045561822 [TCP segment of a reassembled PDU]"
"65513","37.969927310","192.168.1.55","192.168.1.2","TCP","1514","8004  >  36886 [ACK] Seq=139294 Ack=144 Win=65024 Len=1448 TSval=2916042050 TSecr=3045561822 [TCP segment of a reassembled PDU]"
"65514","37.969928606","192.168.1.55","192.168.1.2","TCP","1514","8004  >  36886 [ACK] Seq=140742 Ack=144 Win=65024 Len=1448 TSval=2916042050 TSecr=3045561822 [TCP segment of a reassembled PDU]"
"65515","37.969929810","192.168.1.55","192.168.1.2","TCP","1514","8004  >  36886 [ACK] Seq=142190 Ack=144 Win=65024 Len=1448 TSval=2916042050 TSecr=3045561822 [TCP segment of a reassembled PDU]"
"65516","37.969931014","192.168.1.55","192.168.1.2","TCP","1514","8004  >  36886 [ACK] Seq=143638 Ack=144 Win=65024 Len=1448 TSval=2916042050 TSecr=3045561822 [TCP segment of a reassembled PDU]"
"65517","37.969932291","192.168.1.55","192.168.1.2","TCP","1514","8004  >  36886 [ACK] Seq=145086 Ack=144 Win=65024 Len=1448 TSval=2916042050 TSecr=3045561822 [TCP segment of a reassembled PDU]"
"65518","37.969933606","192.168.1.55","192.168.1.2","TCP","1514","8004  >  36886 [ACK] Seq=146534 Ack=144 Win=65024 Len=1448 TSval=2916042050 TSecr=3045561822 [TCP segment of a reassembled PDU]"
"65519","37.969934884","192.168.1.55","192.168.1.2","TCP","1514","8004  >  36886 [ACK] Seq=147982 Ack=144 Win=65024 Len=1448 TSval=2916042050 TSecr=3045561822 [TCP segment of a reassembled PDU]"
"65520","37.969936106","192.168.1.55","192.168.1.2","TCP","1514","8004  >  36886 [PSH, ACK] Seq=149430 Ack=144 Win=65024 Len=1448 TSval=2916042050 TSecr=3045561822 [TCP segment of a reassembled PDU]"
"65521","37.969941884","192.168.1.55","192.168.1.2","TCP","1418","8004  >  36886 [ACK] Seq=150878 Ack=144 Win=65024 Len=1352 TSval=2916042050 TSecr=3045561822 [TCP segment of a reassembled PDU]"
"65522","37.969969699","192.168.1.2","192.168.1.55","TCP","66","36886  >  8004 [ACK] Seq=144 Ack=100102 Win=69632 Len=0 TSval=3045561824 TSecr=2916042045"
"65523","37.972429666","192.168.1.2","192.168.1.55","TCP","66","36886  >  8004 [ACK] Seq=144 Ack=105894 Win=72704 Len=0 TSval=3045561826 TSecr=2916042047"
"65524","37.972452536","192.168.1.55","192.168.1.2","TCP","1514","8004  >  36886 [ACK] Seq=152230 Ack=144 Win=65024 Len=1448 TSval=2916042053 TSecr=3045561826 [TCP segment of a reassembled PDU]"
"65525","37.972454981","192.168.1.55","192.168.1.2","TCP","1514","8004  >  36886 [ACK] Seq=153678 Ack=144 Win=65024 Len=1448 TSval=2916042053 TSecr=3045561826 [TCP segment of a reassembled PDU]"
"65526","37.972456333","192.168.1.55","192.168.1.2","TCP","1514","8004  >  36886 [ACK] Seq=155126 Ack=144 Win=65024 Len=1448 TSval=2916042053 TSecr=3045561826 [TCP segment of a reassembled PDU]"
"65527","37.972457555","192.168.1.55","192.168.1.2","TCP","1514","8004  >  36886 [ACK] Seq=156574 Ack=144 Win=65024 Len=1448 TSval=2916042053 TSecr=3045561826 [TCP segment of a reassembled PDU]"
"65528","37.972463481","192.168.1.55","192.168.1.2","TCP","1514","8004  >  36886 [ACK] Seq=158022 Ack=144 Win=65024 Len=1448 TSval=2916042053 TSecr=3045561826 [TCP segment of a reassembled PDU]"
"65529","37.972464999","192.168.1.55","192.168.1.2","TCP","1514","8004  >  36886 [ACK] Seq=159470 Ack=144 Win=65024 Len=1448 TSval=2916042053 TSecr=3045561826 [TCP segment of a reassembled PDU]"
"65530","37.972466592","192.168.1.55","192.168.1.2","TCP","1514","8004  >  36886 [ACK] Seq=160918 Ack=144 Win=65024 Len=1448 TSval=2916042053 TSecr=3045561826 [TCP segment of a reassembled PDU]"
"65531","37.972467851","192.168.1.55","192.168.1.2","TCP","1514","8004  >  36886 [ACK] Seq=162366 Ack=144 Win=65024 Len=1448 TSval=2916042053 TSecr=3045561826 [TCP segment of a reassembled PDU]"
"65532","37.972469073","192.168.1.55","192.168.1.2","TCP","1514","8004  >  36886 [ACK] Seq=163814 Ack=144 Win=65024 Len=1448 TSval=2916042053 TSecr=3045561826 [TCP segment of a reassembled PDU]"
"65533","37.972470333","192.168.1.55","192.168.1.2","TCP","1514","8004  >  36886 [ACK] Seq=165262 Ack=144 Win=65024 Len=1448 TSval=2916042053 TSecr=3045561826 [TCP segment of a reassembled PDU]"
"65534","37.972471573","192.168.1.55","192.168.1.2","TCP","1514","8004  >  36886 [ACK] Seq=166710 Ack=144 Win=65024 Len=1448 TSval=2916042053 TSecr=3045561826 [TCP segment of a reassembled PDU]"
"65535","37.972472925","192.168.1.55","192.168.1.2","TCP","1514","8004  >  36886 [ACK] Seq=168158 Ack=144 Win=65024 Len=1448 TSval=2916042053 TSecr=3045561826 [TCP segment of a reassembled PDU]"
"65536","37.972474555","192.168.1.55","192.168.1.2","TCP","1514","8004  >  36886 [ACK] Seq=169606 Ack=144 Win=65024 Len=1448 TSval=2916042053 TSecr=3045561826 [TCP segment of a reassembled PDU]"
"65537","37.972475814","192.168.1.55","192.168.1.2","TCP","1514","8004  >  36886 [ACK] Seq=171054 Ack=144 Win=65024 Len=1448 TSval=2916042053 TSecr=3045561826 [TCP segment of a reassembled PDU]"
"65538","37.972477055","192.168.1.55","192.168.1.2","TCP","1514","8004  >  36886 [ACK] Seq=172502 Ack=144 Win=65024 Len=1448 TSval=2916042053 TSecr=3045561826 [TCP segment of a reassembled PDU]"
"65539","37.972478296","192.168.1.55","192.168.1.2","TCP","1514","8004  >  36886 [ACK] Seq=173950 Ack=144 Win=65024 Len=1448 TSval=2916042053 TSecr=3045561826 [TCP segment of a reassembled PDU]"
"65540","37.972479610","192.168.1.55","192.168.1.2","TCP","1514","8004  >  36886 [ACK] Seq=175398 Ack=144 Win=65024 Len=1448 TSval=2916042053 TSecr=3045561826 [TCP segment of a reassembled PDU]"
"65541","37.972480888","192.168.1.55","192.168.1.2","TCP","1514","8004  >  36886 [PSH, ACK] Seq=176846 Ack=144 Win=65024 Len=1448 TSval=2916042053 TSecr=3045561826 [TCP segment of a reassembled PDU]"
"65542","37.972538666","192.168.1.2","192.168.1.55","TCP","66","36886  >  8004 [ACK] Seq=144 Ack=111686 Win=88064 Len=0 TSval=3045561826 TSecr=2916042047"
"65543","37.972557296","192.168.1.55","192.168.1.2","TCP","1514","8004  >  36886 [ACK] Seq=178294 Ack=144 Win=65024 Len=1448 TSval=2916042053 TSecr=3045561826 [TCP segment of a reassembled PDU]"
"65544","37.972559314","192.168.1.55","192.168.1.2","TCP","1514","8004  >  36886 [ACK] Seq=179742 Ack=144 Win=65024 Len=1448 TSval=2916042053 TSecr=3045561826 [TCP segment of a reassembled PDU]"
"65545","37.972561277","192.168.1.55","192.168.1.2","TCP","1514","8004  >  36886 [ACK] Seq=181190 Ack=144 Win=65024 Len=1448 TSval=2916042053 TSecr=3045561826 [TCP segment of a reassembled PDU]"
"65546","37.972562611","192.168.1.55","192.168.1.2","TCP","1514","8004  >  36886 [ACK] Seq=182638 Ack=144 Win=65024 Len=1448 TSval=2916042053 TSecr=3045561826 [TCP segment of a reassembled PDU]"
"65547","37.972563833","192.168.1.55","192.168.1.2","TCP","1514","8004  >  36886 [ACK] Seq=184086 Ack=144 Win=65024 Len=1448 TSval=2916042053 TSecr=3045561826 [TCP segment of a reassembled PDU]"
"65548","37.972565036","192.168.1.55","192.168.1.2","TCP","1514","8004  >  36886 [ACK] Seq=185534 Ack=144 Win=65024 Len=1448 TSval=2916042053 TSecr=3045561826 [TCP segment of a reassembled PDU]"
"65549","37.972566351","192.168.1.55","192.168.1.2","TCP","1514","8004  >  36886 [ACK] Seq=186982 Ack=144 Win=65024 Len=1448 TSval=2916042053 TSecr=3045561826 [TCP segment of a reassembled PDU]"
"65550","37.972567629","192.168.1.55","192.168.1.2","TCP","1514","8004  >  36886 [PSH, ACK] Seq=188430 Ack=144 Win=65024 Len=1448 TSval=2916042053 TSecr=3045561826 [TCP segment of a reassembled PDU]"
"65551","37.978404787","192.168.1.2","192.168.1.55","TCP","66","36886  >  8004 [ACK] Seq=144 Ack=114582 Win=94208 Len=0 TSval=3045561828 TSecr=2916042047"
"65552","37.978438472","192.168.1.55","192.168.1.2","TCP","1514","8004  >  36886 [ACK] Seq=189878 Ack=144 Win=65024 Len=1448 TSval=2916042059 TSecr=3045561828 [TCP segment of a reassembled PDU]"
"65553","37.978441916","192.168.1.55","192.168.1.2","TCP","1514","8004  >  36886 [ACK] Seq=191326 Ack=144 Win=65024 Len=1448 TSval=2916042059 TSecr=3045561828 [TCP segment of a reassembled PDU]"
"65554","37.978443250","192.168.1.55","192.168.1.2","TCP","1514","8004  >  36886 [ACK] Seq=192774 Ack=144 Win=65024 Len=1448 TSval=2916042059 TSecr=3045561828 [TCP segment of a reassembled PDU]"
"65555","37.978444620","192.168.1.55","192.168.1.2","TCP","1514","8004  >  36886 [ACK] Seq=194222 Ack=144 Win=65024 Len=1448 TSval=2916042059 TSecr=3045561828 [TCP segment of a reassembled PDU]"
"65556","37.978445916","192.168.1.55","192.168.1.2","TCP","1514","8004  >  36886 [ACK] Seq=195670 Ack=144 Win=65024 Len=1448 TSval=2916042059 TSecr=3045561828 [TCP segment of a reassembled PDU]"
"65557","37.978447250","192.168.1.55","192.168.1.2","TCP","1514","8004  >  36886 [ACK] Seq=197118 Ack=144 Win=65024 Len=1448 TSval=2916042059 TSecr=3045561828 [TCP segment of a reassembled PDU]"
"65558","37.978448546","192.168.1.55","192.168.1.2","TCP","1514","8004  >  36886 [ACK] Seq=198566 Ack=144 Win=65024 Len=1448 TSval=2916042059 TSecr=3045561828 [TCP segment of a reassembled PDU]"
"65559","37.978449953","192.168.1.55","192.168.1.2","TCP","1514","8004  >  36886 [ACK] Seq=200014 Ack=144 Win=65024 Len=1448 TSval=2916042059 TSecr=3045561828 [TCP segment of a reassembled PDU]"
"65560","37.978451213","192.168.1.55","192.168.1.2","TCP","1514","8004  >  36886 [ACK] Seq=201462 Ack=144 Win=65024 Len=1448 TSval=2916042059 TSecr=3045561828 [TCP segment of a reassembled PDU]"
"65561","37.978452490","192.168.1.55","192.168.1.2","TCP","1514","8004  >  36886 [ACK] Seq=202910 Ack=144 Win=65024 Len=1448 TSval=2916042059 TSecr=3045561828 [TCP segment of a reassembled PDU]"
"65562","37.978453713","192.168.1.55","192.168.1.2","TCP","1514","8004  >  36886 [ACK] Seq=204358 Ack=144 Win=65024 Len=1448 TSval=2916042059 TSecr=3045561828 [TCP segment of a reassembled PDU]"
"65563","37.978454898","192.168.1.55","192.168.1.2","TCP","1514","8004  >  36886 [ACK] Seq=205806 Ack=144 Win=65024 Len=1448 TSval=2916042059 TSecr=3045561828 [TCP segment of a reassembled PDU]"
"65564","37.978456139","192.168.1.55","192.168.1.2","TCP","1514","8004  >  36886 [PSH, ACK] Seq=207254 Ack=144 Win=65024 Len=1448 TSval=2916042059 TSecr=3045561828 [TCP segment of a reassembled PDU]"
"65565","37.978547491","192.168.1.2","192.168.1.55","TCP","66","36886  >  8004 [ACK] Seq=144 Ack=129158 Win=97280 Len=0 TSval=3045561828 TSecr=2916042049"
"65566","37.978556620","192.168.1.2","192.168.1.55","TCP","66","36886  >  8004 [ACK] Seq=144 Ack=147982 Win=94208 Len=0 TSval=3045561828 TSecr=2916042050"
"65567","37.978580046","192.168.1.55","192.168.1.2","TCP","1514","8004  >  36886 [ACK] Seq=208702 Ack=144 Win=65024 Len=1448 TSval=2916042059 TSecr=3045561828 [TCP segment of a reassembled PDU]"
"65568","37.978581787","192.168.1.55","192.168.1.2","TCP","1514","8004  >  36886 [ACK] Seq=210150 Ack=144 Win=65024 Len=1448 TSval=2916042059 TSecr=3045561828 [TCP segment of a reassembled PDU]"
"65569","37.978583139","192.168.1.55","192.168.1.2","TCP","1514","8004  >  36886 [ACK] Seq=211598 Ack=144 Win=65024 Len=1448 TSval=2916042059 TSecr=3045561828 [TCP segment of a reassembled PDU]"
"65570","37.978584361","192.168.1.55","192.168.1.2","TCP","1514","8004  >  36886 [ACK] Seq=213046 Ack=144 Win=65024 Len=1448 TSval=2916042059 TSecr=3045561828 [TCP segment of a reassembled PDU]"
"65571","37.978585565","192.168.1.55","192.168.1.2","TCP","1514","8004  >  36886 [ACK] Seq=214494 Ack=144 Win=65024 Len=1448 TSval=2916042059 TSecr=3045561828 [TCP segment of a reassembled PDU]"
"65572","37.978586972","192.168.1.55","192.168.1.2","TCP","1514","8004  >  36886 [ACK] Seq=215942 Ack=144 Win=65024 Len=1448 TSval=2916042059 TSecr=3045561828 [TCP segment of a reassembled PDU]"
"65573","37.978588194","192.168.1.55","192.168.1.2","TCP","1514","8004  >  36886 [ACK] Seq=217390 Ack=144 Win=65024 Len=1448 TSval=2916042059 TSecr=3045561828 [TCP segment of a reassembled PDU]"
"65574","37.978589398","192.168.1.55","192.168.1.2","TCP","1514","8004  >  36886 [ACK] Seq=218838 Ack=144 Win=65024 Len=1448 TSval=2916042059 TSecr=3045561828 [TCP segment of a reassembled PDU]"
"65575","37.978590861","192.168.1.55","192.168.1.2","TCP","1514","8004  >  36886 [ACK] Seq=220286 Ack=144 Win=65024 Len=1448 TSval=2916042059 TSecr=3045561828 [TCP segment of a reassembled PDU]"
"65576","37.978592194","192.168.1.55","192.168.1.2","TCP","1514","8004  >  36886 [ACK] Seq=221734 Ack=144 Win=65024 Len=1448 TSval=2916042059 TSecr=3045561828 [TCP segment of a reassembled PDU]"
"65577","37.978593491","192.168.1.55","192.168.1.2","TCP","1514","8004  >  36886 [ACK] Seq=223182 Ack=144 Win=65024 Len=1448 TSval=2916042059 TSecr=3045561828 [TCP segment of a reassembled PDU]"
"65578","37.978594787","192.168.1.55","192.168.1.2","TCP","1514","8004  >  36886 [ACK] Seq=224630 Ack=144 Win=65024 Len=1448 TSval=2916042059 TSecr=3045561828 [TCP segment of a reassembled PDU]"
"65579","37.978595991","192.168.1.55","192.168.1.2","TCP","1514","8004  >  36886 [PSH, ACK] Seq=226078 Ack=144 Win=65024 Len=1448 TSval=2916042059 TSecr=3045561828 [TCP segment of a reassembled PDU]"
"65580","37.978664324","192.168.1.2","192.168.1.55","TCP","66","36886  >  8004 [ACK] Seq=144 Ack=149430 Win=100352 Len=0 TSval=3045561832 TSecr=2916042050"
"65581","37.978671398","192.168.1.2","192.168.1.55","TCP","66","36886  >  8004 [ACK] Seq=144 Ack=150878 Win=103424 Len=0 TSval=3045561832 TSecr=2916042050"
"65582","37.978676546","192.168.1.2","192.168.1.55","TCP","66","36886  >  8004 [ACK] Seq=144 Ack=152230 Win=106496 Len=0 TSval=3045561832 TSecr=2916042050"
"65583","37.978680713","192.168.1.2","192.168.1.55","TCP","66","36886  >  8004 [ACK] Seq=144 Ack=178294 Win=101376 Len=0 TSval=3045561832 TSecr=2916042053"
"65584","37.978720269","192.168.1.55","192.168.1.2","TCP","1514","8004  >  36886 [ACK] Seq=227526 Ack=144 Win=65024 Len=1448 TSval=2916042059 TSecr=3045561832 [TCP segment of a reassembled PDU]"
"65585","37.978722676","192.168.1.55","192.168.1.2","TCP","1514","8004  >  36886 [ACK] Seq=228974 Ack=144 Win=65024 Len=1448 TSval=2916042059 TSecr=3045561832 [TCP segment of a reassembled PDU]"
"65586","37.978724324","192.168.1.55","192.168.1.2","TCP","1514","8004  >  36886 [ACK] Seq=230422 Ack=144 Win=65024 Len=1448 TSval=2916042059 TSecr=3045561832 [TCP segment of a reassembled PDU]"
"65587","37.978725583","192.168.1.55","192.168.1.2","TCP","1514","8004  >  36886 [ACK] Seq=231870 Ack=144 Win=65024 Len=1448 TSval=2916042059 TSecr=3045561832 [TCP segment of a reassembled PDU]"
"65588","37.978726898","192.168.1.55","192.168.1.2","TCP","1514","8004  >  36886 [ACK] Seq=233318 Ack=144 Win=65024 Len=1448 TSval=2916042059 TSecr=3045561832 [TCP segment of a reassembled PDU]"
"65589","37.978728102","192.168.1.55","192.168.1.2","TCP","1514","8004  >  36886 [ACK] Seq=234766 Ack=144 Win=65024 Len=1448 TSval=2916042059 TSecr=3045561832 [TCP segment of a reassembled PDU]"
"65590","37.978729361","192.168.1.55","192.168.1.2","TCP","1514","8004  >  36886 [ACK] Seq=236214 Ack=144 Win=65024 Len=1448 TSval=2916042059 TSecr=3045561832 [TCP segment of a reassembled PDU]"
"65591","37.978730750","192.168.1.55","192.168.1.2","TCP","1514","8004  >  36886 [ACK] Seq=237662 Ack=144 Win=65024 Len=1448 TSval=2916042059 TSecr=3045561832 [TCP segment of a reassembled PDU]"
"65592","37.978732046","192.168.1.55","192.168.1.2","TCP","1514","8004  >  36886 [ACK] Seq=239110 Ack=144 Win=65024 Len=1448 TSval=2916042059 TSecr=3045561832 [TCP segment of a reassembled PDU]"
"65593","37.978733250","192.168.1.55","192.168.1.2","TCP","1514","8004  >  36886 [ACK] Seq=240558 Ack=144 Win=65024 Len=1448 TSval=2916042059 TSecr=3045561832 [TCP segment of a reassembled PDU]"
"65594","37.978734491","192.168.1.55","192.168.1.2","TCP","1514","8004  >  36886 [ACK] Seq=242006 Ack=144 Win=65024 Len=1448 TSval=2916042059 TSecr=3045561832 [TCP segment of a reassembled PDU]"
"65595","37.978735732","192.168.1.55","192.168.1.2","TCP","1514","8004  >  36886 [ACK] Seq=243454 Ack=144 Win=65024 Len=1448 TSval=2916042059 TSecr=3045561832 [TCP segment of a reassembled PDU]"
"65596","37.978737287","192.168.1.55","192.168.1.2","TCP","1514","8004  >  36886 [ACK] Seq=244902 Ack=144 Win=65024 Len=1448 TSval=2916042059 TSecr=3045561832 [TCP segment of a reassembled PDU]"
"65597","37.978738935","192.168.1.55","192.168.1.2","TCP","1514","8004  >  36886 [ACK] Seq=246350 Ack=144 Win=65024 Len=1448 TSval=2916042059 TSecr=3045561832 [TCP segment of a reassembled PDU]"
"65598","37.978740158","192.168.1.55","192.168.1.2","TCP","1514","8004  >  36886 [ACK] Seq=247798 Ack=144 Win=65024 Len=1448 TSval=2916042059 TSecr=3045561832 [TCP segment of a reassembled PDU]"
"65599","37.978741509","192.168.1.55","192.168.1.2","TCP","1514","8004  >  36886 [ACK] Seq=249246 Ack=144 Win=65024 Len=1448 TSval=2916042059 TSecr=3045561832 [TCP segment of a reassembled PDU]"
"65600","37.978742732","192.168.1.55","192.168.1.2","TCP","1514","8004  >  36886 [ACK] Seq=250694 Ack=144 Win=65024 Len=1448 TSval=2916042059 TSecr=3045561832 [TCP segment of a reassembled PDU]"
"65601","37.978744084","192.168.1.55","192.168.1.2","TCP","1514","8004  >  36886 [ACK] Seq=252142 Ack=144 Win=65024 Len=1448 TSval=2916042059 TSecr=3045561832 [TCP segment of a reassembled PDU]"
"65602","37.978745361","192.168.1.55","192.168.1.2","TCP","1514","8004  >  36886 [ACK] Seq=253590 Ack=144 Win=65024 Len=1448 TSval=2916042059 TSecr=3045561832 [TCP segment of a reassembled PDU]"
"65603","37.978746713","192.168.1.55","192.168.1.2","TCP","1514","8004  >  36886 [ACK] Seq=255038 Ack=144 Win=65024 Len=1448 TSval=2916042059 TSecr=3045561832 [TCP segment of a reassembled PDU]"
"65604","37.978748398","192.168.1.55","192.168.1.2","TCP","1514","8004  >  36886 [ACK] Seq=256486 Ack=144 Win=65024 Len=1448 TSval=2916042059 TSecr=3045561832 [TCP segment of a reassembled PDU]"
"65605","37.978749584","192.168.1.55","192.168.1.2","TCP","1514","8004  >  36886 [ACK] Seq=257934 Ack=144 Win=65024 Len=1448 TSval=2916042059 TSecr=3045561832 [TCP segment of a reassembled PDU]"
"65606","37.978750917","192.168.1.55","192.168.1.2","TCP","1514","8004  >  36886 [ACK] Seq=259382 Ack=144 Win=65024 Len=1448 TSval=2916042059 TSecr=3045561832 [TCP segment of a reassembled PDU]"
"65607","37.978752158","192.168.1.55","192.168.1.2","TCP","1514","8004  >  36886 [ACK] Seq=260830 Ack=144 Win=65024 Len=1448 TSval=2916042059 TSecr=3045561832 [TCP segment of a reassembled PDU]"
"65608","37.978753972","192.168.1.55","192.168.1.2","TCP","1514","8004  >  36886 [ACK] Seq=262278 Ack=144 Win=65024 Len=1448 TSval=2916042059 TSecr=3045561832 [TCP segment of a reassembled PDU]"
"65609","37.978755306","192.168.1.55","192.168.1.2","TCP","1514","8004  >  36886 [PSH, ACK] Seq=263726 Ack=144 Win=65024 Len=1448 TSval=2916042059 TSecr=3045561832 [TCP segment of a reassembled PDU]"
"65610","37.978760435","192.168.1.2","192.168.1.55","TCP","66","36886  >  8004 [ACK] Seq=144 Ack=189878 Win=92160 Len=0 TSval=3045561832 TSecr=2916042053"
"65611","37.979976900","192.168.1.55","192.168.1.2","TCP","1514","8004  >  36886 [ACK] Seq=265174 Ack=144 Win=65024 Len=1448 TSval=2916042060 TSecr=3045561832 [TCP segment of a reassembled PDU]"
"65612","37.979979937","192.168.1.55","192.168.1.2","TCP","1514","8004  >  36886 [ACK] Seq=266622 Ack=144 Win=65024 Len=1448 TSval=2916042060 TSecr=3045561832 [TCP segment of a reassembled PDU]"
"65613","37.979981234","192.168.1.55","192.168.1.2","TCP","1514","8004  >  36886 [ACK] Seq=268070 Ack=144 Win=65024 Len=1448 TSval=2916042060 TSecr=3045561832 [TCP segment of a reassembled PDU]"
"65614","37.979982567","192.168.1.55","192.168.1.2","TCP","1514","8004  >  36886 [ACK] Seq=269518 Ack=144 Win=65024 Len=1448 TSval=2916042060 TSecr=3045561832 [TCP segment of a reassembled PDU]"
"65615","37.979983974","192.168.1.55","192.168.1.2","TCP","1514","8004  >  36886 [ACK] Seq=270966 Ack=144 Win=65024 Len=1448 TSval=2916042060 TSecr=3045561832 [TCP segment of a reassembled PDU]"
"65616","37.979985234","192.168.1.55","192.168.1.2","TCP","1514","8004  >  36886 [ACK] Seq=272414 Ack=144 Win=65024 Len=1448 TSval=2916042060 TSecr=3045561832 [TCP segment of a reassembled PDU]"
"65617","37.979986549","192.168.1.55","192.168.1.2","TCP","1514","8004  >  36886 [ACK] Seq=273862 Ack=144 Win=65024 Len=1448 TSval=2916042060 TSecr=3045561832 [TCP segment of a reassembled PDU]"
"65618","37.979987900","192.168.1.55","192.168.1.2","TCP","1514","8004  >  36886 [ACK] Seq=275310 Ack=144 Win=65024 Len=1448 TSval=2916042060 TSecr=3045561832 [TCP segment of a reassembled PDU]"
"65619","37.979989289","192.168.1.55","192.168.1.2","TCP","1514","8004  >  36886 [ACK] Seq=276758 Ack=144 Win=65024 Len=1448 TSval=2916042060 TSecr=3045561832 [TCP segment of a reassembled PDU]"
"65620","37.979990641","192.168.1.55","192.168.1.2","TCP","1514","8004  >  36886 [ACK] Seq=278206 Ack=144 Win=65024 Len=1448 TSval=2916042060 TSecr=3045561832 [TCP segment of a reassembled PDU]"
"65621","37.979991956","192.168.1.55","192.168.1.2","TCP","1514","8004  >  36886 [ACK] Seq=279654 Ack=144 Win=65024 Len=1448 TSval=2916042060 TSecr=3045561832 [TCP segment of a reassembled PDU]"
"65622","37.979993234","192.168.1.55","192.168.1.2","TCP","1002","[TCP Window Full] 8004  >  36886 [PSH, ACK] Seq=281102 Ack=144 Win=65024 Len=936 TSval=2916042060 TSecr=3045561832 [TCP segment of a reassembled PDU]"
"65623","37.986201077","192.168.1.2","192.168.1.55","TCP","66","36886  >  8004 [ACK] Seq=144 Ack=208702 Win=105472 Len=0 TSval=3045561840 TSecr=2916042059"
"65624","37.986247688","192.168.1.55","192.168.1.2","TCP","1514","8004  >  36886 [ACK] Seq=282038 Ack=144 Win=65024 Len=1448 TSval=2916042066 TSecr=3045561840 [TCP segment of a reassembled PDU]"
"65625","37.986251485","192.168.1.55","192.168.1.2","TCP","1514","8004  >  36886 [ACK] Seq=283486 Ack=144 Win=65024 Len=1448 TSval=2916042066 TSecr=3045561840 [TCP segment of a reassembled PDU]"
"65626","37.986252614","192.168.1.55","192.168.1.2","TCP","1514","8004  >  36886 [ACK] Seq=284934 Ack=144 Win=65024 Len=1448 TSval=2916042066 TSecr=3045561840 [TCP segment of a reassembled PDU]"
"65627","37.986253688","192.168.1.55","192.168.1.2","TCP","1514","8004  >  36886 [ACK] Seq=286382 Ack=144 Win=65024 Len=1448 TSval=2916042066 TSecr=3045561840 [TCP segment of a reassembled PDU]"
"65628","37.986255151","192.168.1.55","192.168.1.2","TCP","1514","8004  >  36886 [ACK] Seq=287830 Ack=144 Win=65024 Len=1448 TSval=2916042066 TSecr=3045561840 [TCP segment of a reassembled PDU]"
"65629","37.986256281","192.168.1.55","192.168.1.2","TCP","1514","8004  >  36886 [ACK] Seq=289278 Ack=144 Win=65024 Len=1448 TSval=2916042066 TSecr=3045561840 [TCP segment of a reassembled PDU]"
"65630","37.986257336","192.168.1.55","192.168.1.2","TCP","1514","8004  >  36886 [ACK] Seq=290726 Ack=144 Win=65024 Len=1448 TSval=2916042066 TSecr=3045561840 [TCP segment of a reassembled PDU]"
"65631","37.986258559","192.168.1.55","192.168.1.2","TCP","1514","8004  >  36886 [ACK] Seq=292174 Ack=144 Win=65024 Len=1448 TSval=2916042066 TSecr=3045561840 [TCP segment of a reassembled PDU]"
"65632","37.986259651","192.168.1.55","192.168.1.2","TCP","1514","8004  >  36886 [ACK] Seq=293622 Ack=144 Win=65024 Len=1448 TSval=2916042066 TSecr=3045561840 [TCP segment of a reassembled PDU]"
"65633","37.986260744","192.168.1.55","192.168.1.2","TCP","1514","8004  >  36886 [ACK] Seq=295070 Ack=144 Win=65024 Len=1448 TSval=2916042066 TSecr=3045561840 [TCP segment of a reassembled PDU]"
"65634","37.986261855","192.168.1.55","192.168.1.2","TCP","1514","8004  >  36886 [ACK] Seq=296518 Ack=144 Win=65024 Len=1448 TSval=2916042066 TSecr=3045561840 [TCP segment of a reassembled PDU]"
"65635","37.986262929","192.168.1.55","192.168.1.2","TCP","1514","8004  >  36886 [ACK] Seq=297966 Ack=144 Win=65024 Len=1448 TSval=2916042066 TSecr=3045561840 [TCP segment of a reassembled PDU]"
"65636","37.986264003","192.168.1.55","192.168.1.2","TCP","1514","8004  >  36886 [ACK] Seq=299414 Ack=144 Win=65024 Len=1448 TSval=2916042066 TSecr=3045561840 [TCP segment of a reassembled PDU]"
"65637","37.986265077","192.168.1.55","192.168.1.2","TCP","1514","8004  >  36886 [PSH, ACK] Seq=300862 Ack=144 Win=65024 Len=1448 TSval=2916042066 TSecr=3045561840 [TCP segment of a reassembled PDU]"
"65638","37.986271299","192.168.1.55","192.168.1.2","TCP","578","8004  >  36886 [PSH, ACK] Seq=302310 Ack=144 Win=65024 Len=512 TSval=2916042066 TSecr=3045561840 [TCP segment of a reassembled PDU]"
"65639","37.986335837","192.168.1.2","192.168.1.55","TCP","66","36886  >  8004 [ACK] Seq=144 Ack=217390 Win=114688 Len=0 TSval=3045561840 TSecr=2916042059"
"65640","37.986345688","192.168.1.2","192.168.1.55","TCP","66","36886  >  8004 [ACK] Seq=144 Ack=273862 Win=74752 Len=0 TSval=3045561840 TSecr=2916042059"
"65641","37.986381485","192.168.1.55","192.168.1.2","TCP","1514","8004  >  36886 [ACK] Seq=302822 Ack=144 Win=65024 Len=1448 TSval=2916042067 TSecr=3045561840 [TCP segment of a reassembled PDU]"
"65642","37.986383837","192.168.1.55","192.168.1.2","TCP","1514","8004  >  36886 [ACK] Seq=304270 Ack=144 Win=65024 Len=1448 TSval=2916042067 TSecr=3045561840 [TCP segment of a reassembled PDU]"
"65643","37.986384929","192.168.1.55","192.168.1.2","TCP","1514","8004  >  36886 [ACK] Seq=305718 Ack=144 Win=65024 Len=1448 TSval=2916042067 TSecr=3045561840 [TCP segment of a reassembled PDU]"
"65644","37.986386040","192.168.1.55","192.168.1.2","TCP","1514","8004  >  36886 [ACK] Seq=307166 Ack=144 Win=65024 Len=1448 TSval=2916042067 TSecr=3045561840 [TCP segment of a reassembled PDU]"
"65645","37.986387207","192.168.1.55","192.168.1.2","TCP","1514","8004  >  36886 [ACK] Seq=308614 Ack=144 Win=65024 Len=1448 TSval=2916042067 TSecr=3045561840 [TCP segment of a reassembled PDU]"
"65646","37.986388411","192.168.1.55","192.168.1.2","TCP","1514","8004  >  36886 [ACK] Seq=310062 Ack=144 Win=65024 Len=1448 TSval=2916042067 TSecr=3045561840 [TCP segment of a reassembled PDU]"
"65647","37.986389651","192.168.1.55","192.168.1.2","TCP","1514","8004  >  36886 [ACK] Seq=311510 Ack=144 Win=65024 Len=1448 TSval=2916042067 TSecr=3045561840 [TCP segment of a reassembled PDU]"
"65648","37.986390855","192.168.1.55","192.168.1.2","TCP","1514","8004  >  36886 [ACK] Seq=312958 Ack=144 Win=65024 Len=1448 TSval=2916042067 TSecr=3045561840 [TCP segment of a reassembled PDU]"
"65649","37.986392022","192.168.1.55","192.168.1.2","TCP","1514","8004  >  36886 [ACK] Seq=314406 Ack=144 Win=65024 Len=1448 TSval=2916042067 TSecr=3045561840 [TCP segment of a reassembled PDU]"
"65650","37.986393151","192.168.1.55","192.168.1.2","TCP","1514","8004  >  36886 [ACK] Seq=315854 Ack=144 Win=65024 Len=1448 TSval=2916042067 TSecr=3045561840 [TCP segment of a reassembled PDU]"
"65651","37.986394300","192.168.1.55","192.168.1.2","TCP","1514","8004  >  36886 [ACK] Seq=317302 Ack=144 Win=65024 Len=1448 TSval=2916042067 TSecr=3045561840 [TCP segment of a reassembled PDU]"
"65652","37.986395540","192.168.1.55","192.168.1.2","TCP","1514","8004  >  36886 [ACK] Seq=318750 Ack=144 Win=65024 Len=1448 TSval=2916042067 TSecr=3045561840 [TCP segment of a reassembled PDU]"
"65653","37.986396596","192.168.1.55","192.168.1.2","TCP","1514","8004  >  36886 [ACK] Seq=320198 Ack=144 Win=65024 Len=1448 TSval=2916042067 TSecr=3045561840 [TCP segment of a reassembled PDU]"
"65654","37.986398189","192.168.1.55","192.168.1.2","TCP","1514","8004  >  36886 [ACK] Seq=321646 Ack=144 Win=65024 Len=1448 TSval=2916042067 TSecr=3045561840 [TCP segment of a reassembled PDU]"
"65655","37.986399355","192.168.1.55","192.168.1.2","TCP","1514","8004  >  36886 [ACK] Seq=323094 Ack=144 Win=65024 Len=1448 TSval=2916042067 TSecr=3045561840 [TCP segment of a reassembled PDU]"
"65656","37.986400448","192.168.1.55","192.168.1.2","TCP","1514","8004  >  36886 [ACK] Seq=324542 Ack=144 Win=65024 Len=1448 TSval=2916042067 TSecr=3045561840 [TCP segment of a reassembled PDU]"
"65657","37.986401689","192.168.1.55","192.168.1.2","TCP","1514","8004  >  36886 [ACK] Seq=325990 Ack=144 Win=65024 Len=1448 TSval=2916042067 TSecr=3045561840 [TCP segment of a reassembled PDU]"
"65658","37.986402892","192.168.1.55","192.168.1.2","TCP","1514","8004  >  36886 [ACK] Seq=327438 Ack=144 Win=65024 Len=1448 TSval=2916042067 TSecr=3045561840 [TCP segment of a reassembled PDU]"
"65659","37.986404670","192.168.1.55","192.168.1.2","TCP","1514","8004  >  36886 [ACK] Seq=328886 Ack=144 Win=65024 Len=1448 TSval=2916042067 TSecr=3045561840 [TCP segment of a reassembled PDU]"
"65660","37.986405818","192.168.1.55","192.168.1.2","TCP","1514","8004  >  36886 [ACK] Seq=330334 Ack=144 Win=65024 Len=1448 TSval=2916042067 TSecr=3045561840 [TCP segment of a reassembled PDU]"
"65661","37.986406874","192.168.1.55","192.168.1.2","TCP","1514","8004  >  36886 [ACK] Seq=331782 Ack=144 Win=65024 Len=1448 TSval=2916042067 TSecr=3045561840 [TCP segment of a reassembled PDU]"
"65662","37.986408003","192.168.1.55","192.168.1.2","TCP","1514","8004  >  36886 [ACK] Seq=333230 Ack=144 Win=65024 Len=1448 TSval=2916042067 TSecr=3045561840 [TCP segment of a reassembled PDU]"
"65663","37.986409170","192.168.1.55","192.168.1.2","TCP","1514","8004  >  36886 [ACK] Seq=334678 Ack=144 Win=65024 Len=1448 TSval=2916042067 TSecr=3045561840 [TCP segment of a reassembled PDU]"
"65664","37.986410244","192.168.1.55","192.168.1.2","TCP","1514","8004  >  36886 [ACK] Seq=336126 Ack=144 Win=65024 Len=1448 TSval=2916042067 TSecr=3045561840 [TCP segment of a reassembled PDU]"
"65665","37.986411355","192.168.1.55","192.168.1.2","TCP","1514","8004  >  36886 [ACK] Seq=337574 Ack=144 Win=65024 Len=1448 TSval=2916042067 TSecr=3045561840 [TCP segment of a reassembled PDU]"
"65666","37.986412874","192.168.1.55","192.168.1.2","TCP","1514","8004  >  36886 [PSH, ACK] Seq=339022 Ack=144 Win=65024 Len=1448 TSval=2916042067 TSecr=3045561840 [TCP segment of a reassembled PDU]"
"65667","37.987994173","192.168.1.2","192.168.1.55","TCP","66","36886  >  8004 [ACK] Seq=144 Ack=275310 Win=117760 Len=0 TSval=3045561841 TSecr=2916042060"
"65668","37.988022376","192.168.1.55","192.168.1.2","TCP","1514","8004  >  36886 [ACK] Seq=340470 Ack=144 Win=65024 Len=1448 TSval=2916042068 TSecr=3045561841 [TCP segment of a reassembled PDU]"
"65669","37.988024636","192.168.1.55","192.168.1.2","TCP","1514","8004  >  36886 [ACK] Seq=341918 Ack=144 Win=65024 Len=1448 TSval=2916042068 TSecr=3045561841 [TCP segment of a reassembled PDU]"
"65670","37.988025710","192.168.1.55","192.168.1.2","TCP","1514","8004  >  36886 [ACK] Seq=343366 Ack=144 Win=65024 Len=1448 TSval=2916042068 TSecr=3045561841 [TCP segment of a reassembled PDU]"
"65671","37.988026895","192.168.1.55","192.168.1.2","TCP","1514","8004  >  36886 [ACK] Seq=344814 Ack=144 Win=65024 Len=1448 TSval=2916042068 TSecr=3045561841 [TCP segment of a reassembled PDU]"
"65672","37.988027950","192.168.1.55","192.168.1.2","TCP","1514","8004  >  36886 [ACK] Seq=346262 Ack=144 Win=65024 Len=1448 TSval=2916042068 TSecr=3045561841 [TCP segment of a reassembled PDU]"
"65673","37.988029376","192.168.1.55","192.168.1.2","TCP","1514","8004  >  36886 [ACK] Seq=347710 Ack=144 Win=65024 Len=1448 TSval=2916042068 TSecr=3045561841 [TCP segment of a reassembled PDU]"
"65674","37.988030413","192.168.1.55","192.168.1.2","TCP","1514","8004  >  36886 [ACK] Seq=349158 Ack=144 Win=65024 Len=1448 TSval=2916042068 TSecr=3045561841 [TCP segment of a reassembled PDU]"
"65675","37.988031487","192.168.1.55","192.168.1.2","TCP","1514","8004  >  36886 [ACK] Seq=350606 Ack=144 Win=65024 Len=1448 TSval=2916042068 TSecr=3045561841 [TCP segment of a reassembled PDU]"
"65676","37.988032691","192.168.1.55","192.168.1.2","TCP","1514","8004  >  36886 [ACK] Seq=352054 Ack=144 Win=65024 Len=1448 TSval=2916042068 TSecr=3045561841 [TCP segment of a reassembled PDU]"
"65677","37.988033747","192.168.1.55","192.168.1.2","TCP","1514","8004  >  36886 [ACK] Seq=353502 Ack=144 Win=65024 Len=1448 TSval=2916042068 TSecr=3045561841 [TCP segment of a reassembled PDU]"
"65678","37.988034895","192.168.1.55","192.168.1.2","TCP","1514","8004  >  36886 [ACK] Seq=354950 Ack=144 Win=65024 Len=1448 TSval=2916042068 TSecr=3045561841 [TCP segment of a reassembled PDU]"
"65679","37.988035950","192.168.1.55","192.168.1.2","TCP","1514","8004  >  36886 [ACK] Seq=356398 Ack=144 Win=65024 Len=1448 TSval=2916042068 TSecr=3045561841 [TCP segment of a reassembled PDU]"
"65680","37.988037099","192.168.1.55","192.168.1.2","TCP","1514","8004  >  36886 [ACK] Seq=357846 Ack=144 Win=65024 Len=1448 TSval=2916042068 TSecr=3045561841 [TCP segment of a reassembled PDU]"
"65681","37.988038302","192.168.1.55","192.168.1.2","TCP","1514","8004  >  36886 [ACK] Seq=359294 Ack=144 Win=65024 Len=1448 TSval=2916042068 TSecr=3045561841 [TCP segment of a reassembled PDU]"
"65682","37.988039321","192.168.1.55","192.168.1.2","TCP","1514","8004  >  36886 [ACK] Seq=360742 Ack=144 Win=65024 Len=1448 TSval=2916042068 TSecr=3045561841 [TCP segment of a reassembled PDU]"
"65683","37.988040395","192.168.1.55","192.168.1.2","TCP","1514","8004  >  36886 [ACK] Seq=362190 Ack=144 Win=65024 Len=1448 TSval=2916042068 TSecr=3045561841 [TCP segment of a reassembled PDU]"
"65684","37.988041599","192.168.1.55","192.168.1.2","TCP","1514","8004  >  36886 [ACK] Seq=363638 Ack=144 Win=65024 Len=1448 TSval=2916042068 TSecr=3045561841 [TCP segment of a reassembled PDU]"
"65685","37.988042654","192.168.1.55","192.168.1.2","TCP","1514","8004  >  36886 [ACK] Seq=365086 Ack=144 Win=65024 Len=1448 TSval=2916042068 TSecr=3045561841 [TCP segment of a reassembled PDU]"
"65686","37.988043765","192.168.1.55","192.168.1.2","TCP","1514","8004  >  36886 [ACK] Seq=366534 Ack=144 Win=65024 Len=1448 TSval=2916042068 TSecr=3045561841 [TCP segment of a reassembled PDU]"
"65687","37.988044839","192.168.1.55","192.168.1.2","TCP","1514","8004  >  36886 [ACK] Seq=367982 Ack=144 Win=65024 Len=1448 TSval=2916042068 TSecr=3045561841 [TCP segment of a reassembled PDU]"
"65688","37.988045913","192.168.1.55","192.168.1.2","TCP","1514","8004  >  36886 [ACK] Seq=369430 Ack=144 Win=65024 Len=1448 TSval=2916042068 TSecr=3045561841 [TCP segment of a reassembled PDU]"
"65689","37.988046950","192.168.1.55","192.168.1.2","TCP","1514","8004  >  36886 [ACK] Seq=370878 Ack=144 Win=65024 Len=1448 TSval=2916042068 TSecr=3045561841 [TCP segment of a reassembled PDU]"
"65690","37.988048025","192.168.1.55","192.168.1.2","TCP","1514","8004  >  36886 [ACK] Seq=372326 Ack=144 Win=65024 Len=1448 TSval=2916042068 TSecr=3045561841 [TCP segment of a reassembled PDU]"
"65691","37.988049173","192.168.1.55","192.168.1.2","TCP","1514","8004  >  36886 [ACK] Seq=373774 Ack=144 Win=65024 Len=1448 TSval=2916042068 TSecr=3045561841 [TCP segment of a reassembled PDU]"
"65692","37.988050210","192.168.1.55","192.168.1.2","TCP","1514","8004  >  36886 [ACK] Seq=375222 Ack=144 Win=65024 Len=1448 TSval=2916042068 TSecr=3045561841 [TCP segment of a reassembled PDU]"
"65693","37.988051302","192.168.1.55","192.168.1.2","TCP","1514","8004  >  36886 [PSH, ACK] Seq=376670 Ack=144 Win=65024 Len=1448 TSval=2916042068 TSecr=3045561841 [TCP segment of a reassembled PDU]"
"65694","37.989104619","192.168.1.2","192.168.1.55","TCP","66","36886  >  8004 [ACK] Seq=144 Ack=282038 Win=114688 Len=0 TSval=3045561841 TSecr=2916042060"
"65695","37.989122971","192.168.1.55","192.168.1.2","TCP","1514","8004  >  36886 [ACK] Seq=378118 Ack=144 Win=65024 Len=1448 TSval=2916042069 TSecr=3045561841 [TCP segment of a reassembled PDU]"
"65696","37.989124526","192.168.1.55","192.168.1.2","TCP","1514","8004  >  36886 [ACK] Seq=379566 Ack=144 Win=65024 Len=1448 TSval=2916042069 TSecr=3045561841 [TCP segment of a reassembled PDU]"
"65697","37.989125693","192.168.1.55","192.168.1.2","TCP","1514","8004  >  36886 [ACK] Seq=381014 Ack=144 Win=65024 Len=1448 TSval=2916042069 TSecr=3045561841 [TCP segment of a reassembled PDU]"
"65698","37.989126749","192.168.1.55","192.168.1.2","TCP","1514","8004  >  36886 [ACK] Seq=382462 Ack=144 Win=65024 Len=1448 TSval=2916042069 TSecr=3045561841 [TCP segment of a reassembled PDU]"
"65699","37.989127897","192.168.1.55","192.168.1.2","TCP","1514","8004  >  36886 [ACK] Seq=383910 Ack=144 Win=65024 Len=1448 TSval=2916042069 TSecr=3045561841 [TCP segment of a reassembled PDU]"
"65700","37.989129026","192.168.1.55","192.168.1.2","TCP","1514","8004  >  36886 [ACK] Seq=385358 Ack=144 Win=65024 Len=1448 TSval=2916042069 TSecr=3045561841 [TCP segment of a reassembled PDU]"
"65701","37.989130082","192.168.1.55","192.168.1.2","TCP","1514","8004  >  36886 [ACK] Seq=386806 Ack=144 Win=65024 Len=1448 TSval=2916042069 TSecr=3045561841 [TCP segment of a reassembled PDU]"
"65702","37.989131267","192.168.1.55","192.168.1.2","TCP","1514","8004  >  36886 [ACK] Seq=388254 Ack=144 Win=65024 Len=1448 TSval=2916042069 TSecr=3045561841 [TCP segment of a reassembled PDU]"
"65703","37.989132323","192.168.1.55","192.168.1.2","TCP","1514","8004  >  36886 [ACK] Seq=389702 Ack=144 Win=65024 Len=1448 TSval=2916042069 TSecr=3045561841 [TCP segment of a reassembled PDU]"
"65704","37.989133452","192.168.1.55","192.168.1.2","TCP","1514","8004  >  36886 [ACK] Seq=391150 Ack=144 Win=65024 Len=1448 TSval=2916042069 TSecr=3045561841 [TCP segment of a reassembled PDU]"
"65705","37.989140730","192.168.1.55","192.168.1.2","TCP","1514","8004  >  36886 [ACK] Seq=392598 Ack=144 Win=65024 Len=1448 TSval=2916042069 TSecr=3045561841 [TCP segment of a reassembled PDU]"
"65706","37.989142193","192.168.1.55","192.168.1.2","TCP","1514","8004  >  36886 [PSH, ACK] Seq=394046 Ack=144 Win=65024 Len=1448 TSval=2916042069 TSecr=3045561841 [TCP segment of a reassembled PDU]"
"65707","37.989286712","192.168.1.2","192.168.1.55","TCP","66","36886  >  8004 [ACK] Seq=144 Ack=286382 Win=116736 Len=0 TSval=3045561844 TSecr=2916042066"
"65708","37.989303656","192.168.1.55","192.168.1.2","TCP","1514","8004  >  36886 [ACK] Seq=395494 Ack=144 Win=65024 Len=1448 TSval=2916042070 TSecr=3045561844 [TCP segment of a reassembled PDU]"
"65709","37.989305897","192.168.1.55","192.168.1.2","TCP","1514","8004  >  36886 [ACK] Seq=396942 Ack=144 Win=65024 Len=1448 TSval=2916042070 TSecr=3045561844 [TCP segment of a reassembled PDU]"
"65710","37.989307101","192.168.1.55","192.168.1.2","TCP","1514","8004  >  36886 [ACK] Seq=398390 Ack=144 Win=65024 Len=1448 TSval=2916042070 TSecr=3045561844 [TCP segment of a reassembled PDU]"
"65711","37.989308249","192.168.1.55","192.168.1.2","TCP","1514","8004  >  36886 [ACK] Seq=399838 Ack=144 Win=65024 Len=1448 TSval=2916042070 TSecr=3045561844 [TCP segment of a reassembled PDU]"
"65712","37.989309508","192.168.1.55","192.168.1.2","TCP","1514","8004  >  36886 [PSH, ACK] Seq=401286 Ack=144 Win=65024 Len=1448 TSval=2916042070 TSecr=3045561844 [TCP segment of a reassembled PDU]"
"65713","37.995692944","192.168.1.2","192.168.1.55","TCP","66","36886  >  8004 [ACK] Seq=144 Ack=290726 Win=126976 Len=0 TSval=3045561851 TSecr=2916042066"
"65714","37.995715018","192.168.1.55","192.168.1.2","TCP","1514","8004  >  36886 [ACK] Seq=402734 Ack=144 Win=65024 Len=1448 TSval=2916042076 TSecr=3045561851 [TCP segment of a reassembled PDU]"
"65715","37.995718093","192.168.1.55","192.168.1.2","TCP","1514","8004  >  36886 [ACK] Seq=404182 Ack=144 Win=65024 Len=1448 TSval=2916042076 TSecr=3045561851 [TCP segment of a reassembled PDU]"
"65716","37.995718963","192.168.1.55","192.168.1.2","TCP","1514","8004  >  36886 [ACK] Seq=405630 Ack=144 Win=65024 Len=1448 TSval=2916042076 TSecr=3045561851 [TCP segment of a reassembled PDU]"
"65717","37.995719852","192.168.1.55","192.168.1.2","TCP","1514","8004  >  36886 [ACK] Seq=407078 Ack=144 Win=65024 Len=1448 TSval=2916042076 TSecr=3045561851 [TCP segment of a reassembled PDU]"
"65718","37.995720741","192.168.1.55","192.168.1.2","TCP","1514","8004  >  36886 [ACK] Seq=408526 Ack=144 Win=65024 Len=1448 TSval=2916042076 TSecr=3045561851 [TCP segment of a reassembled PDU]"
"65719","37.995721722","192.168.1.55","192.168.1.2","TCP","1514","8004  >  36886 [ACK] Seq=409974 Ack=144 Win=65024 Len=1448 TSval=2916042076 TSecr=3045561851 [TCP segment of a reassembled PDU]"
"65720","37.995722722","192.168.1.55","192.168.1.2","TCP","1514","8004  >  36886 [ACK] Seq=411422 Ack=144 Win=65024 Len=1448 TSval=2916042076 TSecr=3045561851 [TCP segment of a reassembled PDU]"
"65721","37.995723704","192.168.1.55","192.168.1.2","TCP","1514","8004  >  36886 [ACK] Seq=412870 Ack=144 Win=65024 Len=1448 TSval=2916042076 TSecr=3045561851 [TCP segment of a reassembled PDU]"
"65722","37.995724630","192.168.1.55","192.168.1.2","TCP","1514","8004  >  36886 [PSH, ACK] Seq=414318 Ack=144 Win=65024 Len=1448 TSval=2916042076 TSecr=3045561851 [TCP segment of a reassembled PDU]"
"65723","37.996317519","192.168.1.2","192.168.1.55","TCP","66","36886  >  8004 [ACK] Seq=144 Ack=302310 Win=149504 Len=0 TSval=3045561851 TSecr=2916042066"
"65724","37.996476520","192.168.1.2","192.168.1.55","TCP","66","36886  >  8004 [ACK] Seq=144 Ack=340470 Win=148480 Len=0 TSval=3045561851 TSecr=2916042066"
"65725","37.996502742","192.168.1.55","192.168.1.2","TCP","1514","8004  >  36886 [ACK] Seq=415766 Ack=144 Win=65024 Len=1448 TSval=2916042077 TSecr=3045561851 [TCP segment of a reassembled PDU]"
"65726","37.996504983","192.168.1.55","192.168.1.2","TCP","1514","8004  >  36886 [ACK] Seq=417214 Ack=144 Win=65024 Len=1448 TSval=2916042077 TSecr=3045561851 [TCP segment of a reassembled PDU]"
"65727","37.996506057","192.168.1.55","192.168.1.2","TCP","1514","8004  >  36886 [ACK] Seq=418662 Ack=144 Win=65024 Len=1448 TSval=2916042077 TSecr=3045561851 [TCP segment of a reassembled PDU]"
"65728","37.996506983","192.168.1.55","192.168.1.2","TCP","1514","8004  >  36886 [ACK] Seq=420110 Ack=144 Win=65024 Len=1448 TSval=2916042077 TSecr=3045561851 [TCP segment of a reassembled PDU]"
"65729","37.996508131","192.168.1.55","192.168.1.2","TCP","1514","8004  >  36886 [ACK] Seq=421558 Ack=144 Win=65024 Len=1448 TSval=2916042077 TSecr=3045561851 [TCP segment of a reassembled PDU]"
"65730","37.996509186","192.168.1.55","192.168.1.2","TCP","1514","8004  >  36886 [ACK] Seq=423006 Ack=144 Win=65024 Len=1448 TSval=2916042077 TSecr=3045561851 [TCP segment of a reassembled PDU]"
"65731","37.996510205","192.168.1.55","192.168.1.2","TCP","1514","8004  >  36886 [ACK] Seq=424454 Ack=144 Win=65024 Len=1448 TSval=2916042077 TSecr=3045561851 [TCP segment of a reassembled PDU]"
"65732","37.996511223","192.168.1.55","192.168.1.2","TCP","1514","8004  >  36886 [ACK] Seq=425902 Ack=144 Win=65024 Len=1448 TSval=2916042077 TSecr=3045561851 [TCP segment of a reassembled PDU]"
"65733","37.996512205","192.168.1.55","192.168.1.2","TCP","1514","8004  >  36886 [ACK] Seq=427350 Ack=144 Win=65024 Len=1448 TSval=2916042077 TSecr=3045561851 [TCP segment of a reassembled PDU]"
"65734","37.996513242","192.168.1.55","192.168.1.2","TCP","1514","8004  >  36886 [ACK] Seq=428798 Ack=144 Win=65024 Len=1448 TSval=2916042077 TSecr=3045561851 [TCP segment of a reassembled PDU]"
"65735","37.996514223","192.168.1.55","192.168.1.2","TCP","1514","8004  >  36886 [ACK] Seq=430246 Ack=144 Win=65024 Len=1448 TSval=2916042077 TSecr=3045561851 [TCP segment of a reassembled PDU]"
"65736","37.996515242","192.168.1.55","192.168.1.2","TCP","1514","8004  >  36886 [ACK] Seq=431694 Ack=144 Win=65024 Len=1448 TSval=2916042077 TSecr=3045561851 [TCP segment of a reassembled PDU]"
"65737","37.996516723","192.168.1.55","192.168.1.2","TCP","1514","8004  >  36886 [ACK] Seq=433142 Ack=144 Win=65024 Len=1448 TSval=2916042077 TSecr=3045561851 [TCP segment of a reassembled PDU]"
"65738","37.996517705","192.168.1.55","192.168.1.2","TCP","1514","8004  >  36886 [ACK] Seq=434590 Ack=144 Win=65024 Len=1448 TSval=2916042077 TSecr=3045561851 [TCP segment of a reassembled PDU]"
"65739","37.996518723","192.168.1.55","192.168.1.2","TCP","1514","8004  >  36886 [ACK] Seq=436038 Ack=144 Win=65024 Len=1448 TSval=2916042077 TSecr=3045561851 [TCP segment of a reassembled PDU]"
"65740","37.996519612","192.168.1.55","192.168.1.2","TCP","1514","8004  >  36886 [ACK] Seq=437486 Ack=144 Win=65024 Len=1448 TSval=2916042077 TSecr=3045561851 [TCP segment of a reassembled PDU]"
"65741","37.996520723","192.168.1.55","192.168.1.2","TCP","1514","8004  >  36886 [ACK] Seq=438934 Ack=144 Win=65024 Len=1448 TSval=2916042077 TSecr=3045561851 [TCP segment of a reassembled PDU]"
"65742","37.996521668","192.168.1.55","192.168.1.2","TCP","1514","8004  >  36886 [ACK] Seq=440382 Ack=144 Win=65024 Len=1448 TSval=2916042077 TSecr=3045561851 [TCP segment of a reassembled PDU]"
"65743","37.996522798","192.168.1.55","192.168.1.2","TCP","1514","8004  >  36886 [ACK] Seq=441830 Ack=144 Win=65024 Len=1448 TSval=2916042077 TSecr=3045561851 [TCP segment of a reassembled PDU]"
"65744","37.996523779","192.168.1.55","192.168.1.2","TCP","1514","8004  >  36886 [ACK] Seq=443278 Ack=144 Win=65024 Len=1448 TSval=2916042077 TSecr=3045561851 [TCP segment of a reassembled PDU]"
"65745","37.996524686","192.168.1.55","192.168.1.2","TCP","1514","8004  >  36886 [ACK] Seq=444726 Ack=144 Win=65024 Len=1448 TSval=2916042077 TSecr=3045561851 [TCP segment of a reassembled PDU]"
"65746","37.996525723","192.168.1.55","192.168.1.2","TCP","1514","8004  >  36886 [ACK] Seq=446174 Ack=144 Win=65024 Len=1448 TSval=2916042077 TSecr=3045561851 [TCP segment of a reassembled PDU]"
"65747","37.996526612","192.168.1.55","192.168.1.2","TCP","1514","8004  >  36886 [ACK] Seq=447622 Ack=144 Win=65024 Len=1448 TSval=2916042077 TSecr=3045561851 [TCP segment of a reassembled PDU]"
"65748","37.996527760","192.168.1.55","192.168.1.2","TCP","1514","8004  >  36886 [ACK] Seq=449070 Ack=144 Win=65024 Len=1448 TSval=2916042077 TSecr=3045561851 [TCP segment of a reassembled PDU]"
"65749","37.996528742","192.168.1.55","192.168.1.2","TCP","1514","8004  >  36886 [ACK] Seq=450518 Ack=144 Win=65024 Len=1448 TSval=2916042077 TSecr=3045561851 [TCP segment of a reassembled PDU]"
"65750","37.996529668","192.168.1.55","192.168.1.2","TCP","1514","8004  >  36886 [PSH, ACK] Seq=451966 Ack=144 Win=65024 Len=1448 TSval=2916042077 TSecr=3045561851 [TCP segment of a reassembled PDU]"
"65751","37.996533501","192.168.1.2","192.168.1.55","TCP","66","36886  >  8004 [ACK] Seq=144 Ack=378118 Win=118784 Len=0 TSval=3045561851 TSecr=2916042068"
"65752","37.996539946","192.168.1.2","192.168.1.55","TCP","66","36886  >  8004 [ACK] Seq=144 Ack=401286 Win=99328 Len=0 TSval=3045561851 TSecr=2916042069"
"65753","37.996571594","192.168.1.55","192.168.1.2","TCP","1514","8004  >  36886 [ACK] Seq=453414 Ack=144 Win=65024 Len=1448 TSval=2916042077 TSecr=3045561851 [TCP segment of a reassembled PDU]"
"65754","37.996573186","192.168.1.55","192.168.1.2","TCP","1514","8004  >  36886 [ACK] Seq=454862 Ack=144 Win=65024 Len=1448 TSval=2916042077 TSecr=3045561851 [TCP segment of a reassembled PDU]"
"65755","37.996574094","192.168.1.55","192.168.1.2","TCP","1514","8004  >  36886 [ACK] Seq=456310 Ack=144 Win=65024 Len=1448 TSval=2916042077 TSecr=3045561851 [TCP segment of a reassembled PDU]"
"65756","37.996575094","192.168.1.55","192.168.1.2","TCP","1514","8004  >  36886 [ACK] Seq=457758 Ack=144 Win=65024 Len=1448 TSval=2916042077 TSecr=3045561851 [TCP segment of a reassembled PDU]"
"65757","37.996575964","192.168.1.55","192.168.1.2","TCP","1514","8004  >  36886 [ACK] Seq=459206 Ack=144 Win=65024 Len=1448 TSval=2916042077 TSecr=3045561851 [TCP segment of a reassembled PDU]"
"65758","37.996577149","192.168.1.55","192.168.1.2","TCP","1514","8004  >  36886 [ACK] Seq=460654 Ack=144 Win=65024 Len=1448 TSval=2916042077 TSecr=3045561851 [TCP segment of a reassembled PDU]"
"65759","37.996578149","192.168.1.55","192.168.1.2","TCP","1514","8004  >  36886 [ACK] Seq=462102 Ack=144 Win=65024 Len=1448 TSval=2916042077 TSecr=3045561851 [TCP segment of a reassembled PDU]"
"65760","37.996579168","192.168.1.55","192.168.1.2","TCP","1514","8004  >  36886 [ACK] Seq=463550 Ack=144 Win=65024 Len=1448 TSval=2916042077 TSecr=3045561851 [TCP segment of a reassembled PDU]"
"65761","37.996580205","192.168.1.55","192.168.1.2","TCP","1514","8004  >  36886 [ACK] Seq=464998 Ack=144 Win=65024 Len=1448 TSval=2916042077 TSecr=3045561851 [TCP segment of a reassembled PDU]"
"65762","37.996581131","192.168.1.55","192.168.1.2","TCP","1514","8004  >  36886 [ACK] Seq=466446 Ack=144 Win=65024 Len=1448 TSval=2916042077 TSecr=3045561851 [TCP segment of a reassembled PDU]"
"65763","37.996582261","192.168.1.55","192.168.1.2","TCP","1514","8004  >  36886 [ACK] Seq=467894 Ack=144 Win=65024 Len=1448 TSval=2916042077 TSecr=3045561851 [TCP segment of a reassembled PDU]"
"65764","37.996583779","192.168.1.55","192.168.1.2","TCP","1514","8004  >  36886 [ACK] Seq=469342 Ack=144 Win=65024 Len=1448 TSval=2916042077 TSecr=3045561851 [TCP segment of a reassembled PDU]"
"65765","37.996584835","192.168.1.55","192.168.1.2","TCP","1514","8004  >  36886 [ACK] Seq=470790 Ack=144 Win=65024 Len=1448 TSval=2916042077 TSecr=3045561851 [TCP segment of a reassembled PDU]"
"65766","37.996586205","192.168.1.55","192.168.1.2","TCP","1514","8004  >  36886 [ACK] Seq=472238 Ack=144 Win=65024 Len=1448 TSval=2916042077 TSecr=3045561851 [TCP segment of a reassembled PDU]"
"65767","37.996587131","192.168.1.55","192.168.1.2","TCP","1514","8004  >  36886 [ACK] Seq=473686 Ack=144 Win=65024 Len=1448 TSval=2916042077 TSecr=3045561851 [TCP segment of a reassembled PDU]"
"65768","37.996588187","192.168.1.55","192.168.1.2","TCP","1514","8004  >  36886 [ACK] Seq=475134 Ack=144 Win=65024 Len=1448 TSval=2916042077 TSecr=3045561851 [TCP segment of a reassembled PDU]"
"65769","37.996589594","192.168.1.55","192.168.1.2","TCP","1514","8004  >  36886 [ACK] Seq=476582 Ack=144 Win=65024 Len=1448 TSval=2916042077 TSecr=3045561851 [TCP segment of a reassembled PDU]"
"65770","37.996591094","192.168.1.55","192.168.1.2","TCP","1514","8004  >  36886 [ACK] Seq=478030 Ack=144 Win=65024 Len=1448 TSval=2916042077 TSecr=3045561851 [TCP segment of a reassembled PDU]"
"65771","37.996592649","192.168.1.55","192.168.1.2","TCP","1514","8004  >  36886 [ACK] Seq=479478 Ack=144 Win=65024 Len=1448 TSval=2916042077 TSecr=3045561851 [TCP segment of a reassembled PDU]"
"65772","37.996593742","192.168.1.55","192.168.1.2","TCP","1514","8004  >  36886 [ACK] Seq=480926 Ack=144 Win=65024 Len=1448 TSval=2916042077 TSecr=3045561851 [TCP segment of a reassembled PDU]"
"65773","37.996594668","192.168.1.55","192.168.1.2","TCP","1514","8004  >  36886 [ACK] Seq=482374 Ack=144 Win=65024 Len=1448 TSval=2916042077 TSecr=3045561851 [TCP segment of a reassembled PDU]"
"65774","37.996596020","192.168.1.55","192.168.1.2","TCP","1514","8004  >  36886 [ACK] Seq=483822 Ack=144 Win=65024 Len=1448 TSval=2916042077 TSecr=3045561851 [TCP segment of a reassembled PDU]"
"65775","37.996597187","192.168.1.55","192.168.1.2","TCP","1514","8004  >  36886 [ACK] Seq=485270 Ack=144 Win=65024 Len=1448 TSval=2916042077 TSecr=3045561851 [TCP segment of a reassembled PDU]"
"65776","37.996598390","192.168.1.55","192.168.1.2","TCP","1514","8004  >  36886 [ACK] Seq=486718 Ack=144 Win=65024 Len=1448 TSval=2916042077 TSecr=3045561851 [TCP segment of a reassembled PDU]"
"65777","37.996599261","192.168.1.55","192.168.1.2","TCP","1514","8004  >  36886 [ACK] Seq=488166 Ack=144 Win=65024 Len=1448 TSval=2916042077 TSecr=3045561851 [TCP segment of a reassembled PDU]"
"65778","37.996600224","192.168.1.55","192.168.1.2","TCP","1514","8004  >  36886 [PSH, ACK] Seq=489614 Ack=144 Win=65024 Len=1448 TSval=2916042077 TSecr=3045561851 [TCP segment of a reassembled PDU]"
"65779","37.997785448","192.168.1.55","192.168.1.2","TCP","1514","8004  >  36886 [ACK] Seq=491062 Ack=144 Win=65024 Len=1448 TSval=2916042078 TSecr=3045561851 [TCP segment of a reassembled PDU]"
"65780","37.997787948","192.168.1.55","192.168.1.2","TCP","1514","8004  >  36886 [ACK] Seq=492510 Ack=144 Win=65024 Len=1448 TSval=2916042078 TSecr=3045561851 [TCP segment of a reassembled PDU]"
"65781","37.997788911","192.168.1.55","192.168.1.2","TCP","1514","8004  >  36886 [ACK] Seq=493958 Ack=144 Win=65024 Len=1448 TSval=2916042078 TSecr=3045561851 [TCP segment of a reassembled PDU]"
"65782","37.997789911","192.168.1.55","192.168.1.2","TCP","1514","8004  >  36886 [ACK] Seq=495406 Ack=144 Win=65024 Len=1448 TSval=2916042078 TSecr=3045561851 [TCP segment of a reassembled PDU]"
"65783","37.997790800","192.168.1.55","192.168.1.2","TCP","1514","8004  >  36886 [ACK] Seq=496854 Ack=144 Win=65024 Len=1448 TSval=2916042078 TSecr=3045561851 [TCP segment of a reassembled PDU]"
"65784","37.997791763","192.168.1.55","192.168.1.2","HTTP","222","HTTP/1.0 200 OK  (PNG)"
"65785","38.003439401","192.168.1.2","192.168.1.55","TCP","66","36886  >  8004 [ACK] Seq=144 Ack=402734 Win=152576 Len=0 TSval=3045561854 TSecr=2916042070"
"65786","38.003577179","192.168.1.2","192.168.1.55","TCP","66","36886  >  8004 [ACK] Seq=144 Ack=415766 Win=152576 Len=0 TSval=3045561854 TSecr=2916042076"
"65787","38.003583920","192.168.1.2","192.168.1.55","TCP","66","36886  >  8004 [ACK] Seq=144 Ack=428798 Win=166912 Len=0 TSval=3045561857 TSecr=2916042077"
"65788","38.003590216","192.168.1.2","192.168.1.55","TCP","66","36886  >  8004 [ACK] Seq=144 Ack=453414 Win=216064 Len=0 TSval=3045561858 TSecr=2916042077"
"65789","38.003697957","192.168.1.2","192.168.1.55","TCP","66","36886  >  8004 [ACK] Seq=144 Ack=495406 Win=188416 Len=0 TSval=3045561858 TSecr=2916042077"
"65790","38.003732217","192.168.1.2","192.168.1.55","TCP","66","36886  >  8004 [ACK] Seq=144 Ack=498302 Win=222208 Len=0 TSval=3045561859 TSecr=2916042078"
"65791","38.005489812","192.168.1.2","192.168.1.55","TCP","66","36886  >  8004 [FIN, ACK] Seq=144 Ack=498459 Win=224256 Len=0 TSval=3045561860 TSecr=2916042078"
"65792","38.005532405","192.168.1.55","192.168.1.2","TCP","66","8004  >  36886 [ACK] Seq=498459 Ack=145 Win=65024 Len=0 TSval=2916042086 TSecr=3045561860"
"65793","38.005600034","192.168.1.2","192.168.1.55","TCP","74","36902  >  8004 [SYN] Seq=0 Win=64240 Len=0 MSS=1460 SACK_PERM TSval=3045561860 TSecr=0 WS=1024"
"65794","38.005639535","192.168.1.55","192.168.1.2","TCP","74","8004  >  36902 [SYN, ACK] Seq=0 Ack=1 Win=65160 Len=0 MSS=1460 SACK_PERM TSval=2916042086 TSecr=3045561860 WS=128"
"65795","38.009031633","192.168.1.2","192.168.1.55","TCP","66","36902  >  8004 [ACK] Seq=1 Ack=1 Win=64512 Len=0 TSval=3045561863 TSecr=2916042086"
"65796","38.012201916","192.168.1.2","192.168.1.55","HTTP","206","GET /stego_benchmark.png HTTP/1.1 "
"65797","38.012242916","192.168.1.55","192.168.1.2","TCP","66","8004  >  36902 [ACK] Seq=1 Ack=141 Win=65024 Len=0 TSval=2916042092 TSecr=3045561863"
"65798","38.012956083","192.168.1.55","192.168.1.2","TCP","255","8004  >  36902 [PSH, ACK] Seq=1 Ack=141 Win=65024 Len=189 TSval=2916042093 TSecr=3045561863 [TCP segment of a reassembled PDU]"
"65799","38.013100861","192.168.1.55","192.168.1.2","TCP","1514","8004  >  36902 [ACK] Seq=190 Ack=141 Win=65024 Len=1448 TSval=2916042093 TSecr=3045561863 [TCP segment of a reassembled PDU]"
"65800","38.013105843","192.168.1.55","192.168.1.2","TCP","1514","8004  >  36902 [ACK] Seq=1638 Ack=141 Win=65024 Len=1448 TSval=2916042093 TSecr=3045561863 [TCP segment of a reassembled PDU]"
"65801","38.013107139","192.168.1.55","192.168.1.2","TCP","1514","8004  >  36902 [ACK] Seq=3086 Ack=141 Win=65024 Len=1448 TSval=2916042093 TSecr=3045561863 [TCP segment of a reassembled PDU]"
"65802","38.013108324","192.168.1.55","192.168.1.2","TCP","1514","8004  >  36902 [ACK] Seq=4534 Ack=141 Win=65024 Len=1448 TSval=2916042093 TSecr=3045561863 [TCP segment of a reassembled PDU]"
"65803","38.013110787","192.168.1.55","192.168.1.2","TCP","1514","8004  >  36902 [PSH, ACK] Seq=5982 Ack=141 Win=65024 Len=1448 TSval=2916042093 TSecr=3045561863 [TCP segment of a reassembled PDU]"
"65804","38.013139287","192.168.1.55","192.168.1.2","TCP","1514","8004  >  36902 [ACK] Seq=7430 Ack=141 Win=65024 Len=1448 TSval=2916042093 TSecr=3045561863 [TCP segment of a reassembled PDU]"
"65805","38.013142158","192.168.1.55","192.168.1.2","TCP","1514","8004  >  36902 [ACK] Seq=8878 Ack=141 Win=65024 Len=1448 TSval=2916042093 TSecr=3045561863 [TCP segment of a reassembled PDU]"
"65806","38.013143639","192.168.1.55","192.168.1.2","TCP","1514","8004  >  36902 [ACK] Seq=10326 Ack=141 Win=65024 Len=1448 TSval=2916042093 TSecr=3045561863 [TCP segment of a reassembled PDU]"
"65807","38.013144880","192.168.1.55","192.168.1.2","TCP","1514","8004  >  36902 [PSH, ACK] Seq=11774 Ack=141 Win=65024 Len=1448 TSval=2916042093 TSecr=3045561863 [TCP segment of a reassembled PDU]"
"65808","38.018057647","192.168.1.2","192.168.1.55","TCP","66","36902  >  8004 [ACK] Seq=141 Ack=190 Win=64512 Len=0 TSval=3045561872 TSecr=2916042093"
"65809","38.018215036","192.168.1.55","192.168.1.2","TCP","1514","8004  >  36902 [ACK] Seq=13222 Ack=141 Win=65024 Len=1448 TSval=2916042098 TSecr=3045561872 [TCP segment of a reassembled PDU]"
"65810","38.018234110","192.168.1.55","192.168.1.2","TCP","1514","8004  >  36902 [PSH, ACK] Seq=14670 Ack=141 Win=65024 Len=1448 TSval=2916042098 TSecr=3045561872 [TCP segment of a reassembled PDU]"
"65811","38.018324981","192.168.1.2","192.168.1.55","TCP","66","36902  >  8004 [ACK] Seq=141 Ack=13222 Win=64512 Len=0 TSval=3045561872 TSecr=2916042093"
"65812","38.018374314","192.168.1.55","192.168.1.2","TCP","1514","8004  >  36902 [ACK] Seq=16118 Ack=141 Win=65024 Len=1448 TSval=2916042099 TSecr=3045561872 [TCP segment of a reassembled PDU]"
"65813","38.018379500","192.168.1.55","192.168.1.2","TCP","1514","8004  >  36902 [ACK] Seq=17566 Ack=141 Win=65024 Len=1448 TSval=2916042099 TSecr=3045561872 [TCP segment of a reassembled PDU]"
"65814","38.018381240","192.168.1.55","192.168.1.2","TCP","1514","8004  >  36902 [ACK] Seq=19014 Ack=141 Win=65024 Len=1448 TSval=2916042099 TSecr=3045561872 [TCP segment of a reassembled PDU]"
"65815","38.018382814","192.168.1.55","192.168.1.2","TCP","1514","8004  >  36902 [ACK] Seq=20462 Ack=141 Win=65024 Len=1448 TSval=2916042099 TSecr=3045561872 [TCP segment of a reassembled PDU]"
"65816","38.018384351","192.168.1.55","192.168.1.2","TCP","1514","8004  >  36902 [ACK] Seq=21910 Ack=141 Win=65024 Len=1448 TSval=2916042099 TSecr=3045561872 [TCP segment of a reassembled PDU]"
"65817","38.018386722","192.168.1.55","192.168.1.2","TCP","1514","8004  >  36902 [ACK] Seq=23358 Ack=141 Win=65024 Len=1448 TSval=2916042099 TSecr=3045561872 [TCP segment of a reassembled PDU]"
"65818","38.018387926","192.168.1.55","192.168.1.2","TCP","1514","8004  >  36902 [ACK] Seq=24806 Ack=141 Win=65024 Len=1448 TSval=2916042099 TSecr=3045561872 [TCP segment of a reassembled PDU]"
"65819","38.018389203","192.168.1.55","192.168.1.2","TCP","1514","8004  >  36902 [ACK] Seq=26254 Ack=141 Win=65024 Len=1448 TSval=2916042099 TSecr=3045561872 [TCP segment of a reassembled PDU]"
"65820","38.018390444","192.168.1.55","192.168.1.2","TCP","1514","8004  >  36902 [ACK] Seq=27702 Ack=141 Win=65024 Len=1448 TSval=2916042099 TSecr=3045561872 [TCP segment of a reassembled PDU]"
"65821","38.018392000","192.168.1.55","192.168.1.2","TCP","1514","8004  >  36902 [PSH, ACK] Seq=29150 Ack=141 Win=65024 Len=1448 TSval=2916042099 TSecr=3045561872 [TCP segment of a reassembled PDU]"
"65822","38.018447833","192.168.1.55","192.168.1.2","TCP","1514","8004  >  36902 [ACK] Seq=30598 Ack=141 Win=65024 Len=1448 TSval=2916042099 TSecr=3045561872 [TCP segment of a reassembled PDU]"
"65823","38.018455611","192.168.1.55","192.168.1.2","TCP","1514","8004  >  36902 [ACK] Seq=32046 Ack=141 Win=65024 Len=1448 TSval=2916042099 TSecr=3045561872 [TCP segment of a reassembled PDU]"
"65824","38.018458574","192.168.1.55","192.168.1.2","TCP","1514","8004  >  36902 [ACK] Seq=33494 Ack=141 Win=65024 Len=1448 TSval=2916042099 TSecr=3045561872 [TCP segment of a reassembled PDU]"
"65825","38.018461352","192.168.1.55","192.168.1.2","TCP","1514","8004  >  36902 [ACK] Seq=34942 Ack=141 Win=65024 Len=1448 TSval=2916042099 TSecr=3045561872 [TCP segment of a reassembled PDU]"
"65826","38.018462981","192.168.1.55","192.168.1.2","TCP","1514","8004  >  36902 [ACK] Seq=36390 Ack=141 Win=65024 Len=1448 TSval=2916042099 TSecr=3045561872 [TCP segment of a reassembled PDU]"
"65827","38.018466018","192.168.1.55","192.168.1.2","TCP","1514","8004  >  36902 [ACK] Seq=37838 Ack=141 Win=65024 Len=1448 TSval=2916042099 TSecr=3045561872 [TCP segment of a reassembled PDU]"
"65828","38.018468778","192.168.1.55","192.168.1.2","TCP","1514","8004  >  36902 [ACK] Seq=39286 Ack=141 Win=65024 Len=1448 TSval=2916042099 TSecr=3045561872 [TCP segment of a reassembled PDU]"
"65829","38.018470518","192.168.1.55","192.168.1.2","TCP","1514","8004  >  36902 [PSH, ACK] Seq=40734 Ack=141 Win=65024 Len=1448 TSval=2916042099 TSecr=3045561872 [TCP segment of a reassembled PDU]"
"65830","38.023587175","192.168.1.2","192.168.1.55","TCP","66","36902  >  8004 [ACK] Seq=141 Ack=16118 Win=70656 Len=0 TSval=3045561878 TSecr=2916042098"
"65831","38.023631878","192.168.1.55","192.168.1.2","TCP","1514","8004  >  36902 [ACK] Seq=42182 Ack=141 Win=65024 Len=1448 TSval=2916042104 TSecr=3045561878 [TCP segment of a reassembled PDU]"
"65832","38.023638545","192.168.1.55","192.168.1.2","TCP","1514","8004  >  36902 [PSH, ACK] Seq=43630 Ack=141 Win=65024 Len=1448 TSval=2916042104 TSecr=3045561878 [TCP segment of a reassembled PDU]"
"65833","38.023721860","192.168.1.2","192.168.1.55","TCP","66","36902  >  8004 [ACK] Seq=141 Ack=30598 Win=70656 Len=0 TSval=3045561878 TSecr=2916042099"
"65834","38.023756101","192.168.1.55","192.168.1.2","TCP","1514","8004  >  36902 [ACK] Seq=45078 Ack=141 Win=65024 Len=1448 TSval=2916042104 TSecr=3045561878 [TCP segment of a reassembled PDU]"
"65835","38.023757879","192.168.1.55","192.168.1.2","TCP","1514","8004  >  36902 [ACK] Seq=46526 Ack=141 Win=65024 Len=1448 TSval=2916042104 TSecr=3045561878 [TCP segment of a reassembled PDU]"
"65836","38.023759342","192.168.1.55","192.168.1.2","TCP","1514","8004  >  36902 [ACK] Seq=47974 Ack=141 Win=65024 Len=1448 TSval=2916042104 TSecr=3045561878 [TCP segment of a reassembled PDU]"
"65837","38.023761268","192.168.1.55","192.168.1.2","TCP","1514","8004  >  36902 [ACK] Seq=49422 Ack=141 Win=65024 Len=1448 TSval=2916042104 TSecr=3045561878 [TCP segment of a reassembled PDU]"
"65838","38.023762897","192.168.1.55","192.168.1.2","TCP","1514","8004  >  36902 [ACK] Seq=50870 Ack=141 Win=65024 Len=1448 TSval=2916042104 TSecr=3045561878 [TCP segment of a reassembled PDU]"
"65839","38.023764453","192.168.1.55","192.168.1.2","TCP","1514","8004  >  36902 [ACK] Seq=52318 Ack=141 Win=65024 Len=1448 TSval=2916042104 TSecr=3045561878 [TCP segment of a reassembled PDU]"
"65840","38.023766101","192.168.1.55","192.168.1.2","TCP","1514","8004  >  36902 [ACK] Seq=53766 Ack=141 Win=65024 Len=1448 TSval=2916042104 TSecr=3045561878 [TCP segment of a reassembled PDU]"
"65841","38.023767305","192.168.1.55","192.168.1.2","TCP","1514","8004  >  36902 [ACK] Seq=55214 Ack=141 Win=65024 Len=1448 TSval=2916042104 TSecr=3045561878 [TCP segment of a reassembled PDU]"
"65842","38.023769508","192.168.1.55","192.168.1.2","TCP","1514","8004  >  36902 [ACK] Seq=56662 Ack=141 Win=65024 Len=1448 TSval=2916042104 TSecr=3045561878 [TCP segment of a reassembled PDU]"
"65843","38.023771434","192.168.1.55","192.168.1.2","TCP","1514","8004  >  36902 [ACK] Seq=58110 Ack=141 Win=65024 Len=1448 TSval=2916042104 TSecr=3045561878 [TCP segment of a reassembled PDU]"
"65844","38.023772786","192.168.1.55","192.168.1.2","TCP","1514","8004  >  36902 [ACK] Seq=59558 Ack=141 Win=65024 Len=1448 TSval=2916042104 TSecr=3045561878 [TCP segment of a reassembled PDU]"
"65845","38.023774286","192.168.1.55","192.168.1.2","TCP","1514","8004  >  36902 [ACK] Seq=61006 Ack=141 Win=65024 Len=1448 TSval=2916042104 TSecr=3045561878 [TCP segment of a reassembled PDU]"
"65846","38.023776175","192.168.1.55","192.168.1.2","TCP","1514","8004  >  36902 [ACK] Seq=62454 Ack=141 Win=65024 Len=1448 TSval=2916042104 TSecr=3045561878 [TCP segment of a reassembled PDU]"
"65847","38.023778194","192.168.1.55","192.168.1.2","TCP","1514","8004  >  36902 [ACK] Seq=63902 Ack=141 Win=65024 Len=1448 TSval=2916042104 TSecr=3045561878 [TCP segment of a reassembled PDU]"
"65848","38.023779508","192.168.1.55","192.168.1.2","TCP","1514","8004  >  36902 [ACK] Seq=65350 Ack=141 Win=65024 Len=1448 TSval=2916042104 TSecr=3045561878 [TCP segment of a reassembled PDU]"
"65849","38.023781194","192.168.1.55","192.168.1.2","TCP","1514","8004  >  36902 [PSH, ACK] Seq=66798 Ack=141 Win=65024 Len=1448 TSval=2916042104 TSecr=3045561878 [TCP segment of a reassembled PDU]"
"65850","38.023794231","192.168.1.55","192.168.1.2","TCP","1514","8004  >  36902 [ACK] Seq=68246 Ack=141 Win=65024 Len=1448 TSval=2916042104 TSecr=3045561878 [TCP segment of a reassembled PDU]"
"65851","38.023797027","192.168.1.55","192.168.1.2","TCP","1514","8004  >  36902 [ACK] Seq=69694 Ack=141 Win=65024 Len=1448 TSval=2916042104 TSecr=3045561878 [TCP segment of a reassembled PDU]"
"65852","38.023798786","192.168.1.55","192.168.1.2","TCP","1514","8004  >  36902 [ACK] Seq=71142 Ack=141 Win=65024 Len=1448 TSval=2916042104 TSecr=3045561878 [TCP segment of a reassembled PDU]"
"65853","38.023800342","192.168.1.55","192.168.1.2","TCP","1514","8004  >  36902 [ACK] Seq=72590 Ack=141 Win=65024 Len=1448 TSval=2916042104 TSecr=3045561878 [TCP segment of a reassembled PDU]"
"65854","38.023801545","192.168.1.55","192.168.1.2","TCP","1514","8004  >  36902 [ACK] Seq=74038 Ack=141 Win=65024 Len=1448 TSval=2916042104 TSecr=3045561878 [TCP segment of a reassembled PDU]"
"65855","38.023803157","192.168.1.55","192.168.1.2","TCP","1514","8004  >  36902 [PSH, ACK] Seq=75486 Ack=141 Win=65024 Len=1448 TSval=2916042104 TSecr=3045561878 [TCP segment of a reassembled PDU]"
"65856","38.023806990","192.168.1.2","192.168.1.55","TCP","66","36902  >  8004 [ACK] Seq=141 Ack=39286 Win=66560 Len=0 TSval=3045561878 TSecr=2916042099"
"65857","38.023812471","192.168.1.2","192.168.1.55","TCP","66","36902  >  8004 [ACK] Seq=141 Ack=42182 Win=64512 Len=0 TSval=3045561878 TSecr=2916042099"
"65858","38.024766640","192.168.1.55","192.168.1.2","TCP","1514","8004  >  36902 [ACK] Seq=76934 Ack=141 Win=65024 Len=1448 TSval=2916042105 TSecr=3045561878 [TCP segment of a reassembled PDU]"
"65859","38.024771380","192.168.1.55","192.168.1.2","TCP","1514","8004  >  36902 [ACK] Seq=78382 Ack=141 Win=65024 Len=1448 TSval=2916042105 TSecr=3045561878 [TCP segment of a reassembled PDU]"
"65860","38.024773417","192.168.1.55","192.168.1.2","TCP","1514","8004  >  36902 [ACK] Seq=79830 Ack=141 Win=65024 Len=1448 TSval=2916042105 TSecr=3045561878 [TCP segment of a reassembled PDU]"
"65861","38.024775047","192.168.1.55","192.168.1.2","TCP","1514","8004  >  36902 [ACK] Seq=81278 Ack=141 Win=65024 Len=1448 TSval=2916042105 TSecr=3045561878 [TCP segment of a reassembled PDU]"
"65862","38.024776658","192.168.1.55","192.168.1.2","TCP","1514","8004  >  36902 [ACK] Seq=82726 Ack=141 Win=65024 Len=1448 TSval=2916042105 TSecr=3045561878 [TCP segment of a reassembled PDU]"
"65863","38.024777991","192.168.1.55","192.168.1.2","TCP","1514","8004  >  36902 [ACK] Seq=84174 Ack=141 Win=65024 Len=1448 TSval=2916042105 TSecr=3045561878 [TCP segment of a reassembled PDU]"
"65864","38.024780510","192.168.1.55","192.168.1.2","TCP","1514","8004  >  36902 [ACK] Seq=85622 Ack=141 Win=65024 Len=1448 TSval=2916042105 TSecr=3045561878 [TCP segment of a reassembled PDU]"
"65865","38.024782547","192.168.1.55","192.168.1.2","TCP","1514","8004  >  36902 [ACK] Seq=87070 Ack=141 Win=65024 Len=1448 TSval=2916042105 TSecr=3045561878 [TCP segment of a reassembled PDU]"
"65866","38.024784195","192.168.1.55","192.168.1.2","TCP","1514","8004  >  36902 [ACK] Seq=88518 Ack=141 Win=65024 Len=1448 TSval=2916042105 TSecr=3045561878 [TCP segment of a reassembled PDU]"
"65867","38.024786029","192.168.1.55","192.168.1.2","TCP","1514","8004  >  36902 [ACK] Seq=89966 Ack=141 Win=65024 Len=1448 TSval=2916042105 TSecr=3045561878 [TCP segment of a reassembled PDU]"
"65868","38.024787806","192.168.1.55","192.168.1.2","TCP","1514","8004  >  36902 [ACK] Seq=91414 Ack=141 Win=65024 Len=1448 TSval=2916042105 TSecr=3045561878 [TCP segment of a reassembled PDU]"
"65869","38.024789714","192.168.1.55","192.168.1.2","TCP","1514","8004  >  36902 [ACK] Seq=92862 Ack=141 Win=65024 Len=1448 TSval=2916042105 TSecr=3045561878 [TCP segment of a reassembled PDU]"
"65870","38.024790991","192.168.1.55","192.168.1.2","TCP","1514","8004  >  36902 [ACK] Seq=94310 Ack=141 Win=65024 Len=1448 TSval=2916042105 TSecr=3045561878 [TCP segment of a reassembled PDU]"
"65871","38.024792566","192.168.1.55","192.168.1.2","TCP","1514","8004  >  36902 [ACK] Seq=95758 Ack=141 Win=65024 Len=1448 TSval=2916042105 TSecr=3045561878 [TCP segment of a reassembled PDU]"
"65872","38.024794362","192.168.1.55","192.168.1.2","TCP","1514","8004  >  36902 [ACK] Seq=97206 Ack=141 Win=65024 Len=1448 TSval=2916042105 TSecr=3045561878 [TCP segment of a reassembled PDU]"
"65873","38.024795899","192.168.1.55","192.168.1.2","TCP","1514","8004  >  36902 [PSH, ACK] Seq=98654 Ack=141 Win=65024 Len=1448 TSval=2916042105 TSecr=3045561878 [TCP segment of a reassembled PDU]"
"65874","38.029214813","192.168.1.2","192.168.1.55","TCP","66","36902  >  8004 [ACK] Seq=141 Ack=45078 Win=76800 Len=0 TSval=3045561883 TSecr=2916042104"
"65875","38.029226647","192.168.1.55","192.168.1.2","TCP","1514","8004  >  36902 [ACK] Seq=100102 Ack=141 Win=65024 Len=1448 TSval=2916042109 TSecr=3045561883 [TCP segment of a reassembled PDU]"
"65876","38.029229480","192.168.1.55","192.168.1.2","TCP","1514","8004  >  36902 [ACK] Seq=101550 Ack=141 Win=65024 Len=1448 TSval=2916042109 TSecr=3045561883 [TCP segment of a reassembled PDU]"
"65877","38.029230591","192.168.1.55","192.168.1.2","TCP","1514","8004  >  36902 [ACK] Seq=102998 Ack=141 Win=65024 Len=1448 TSval=2916042109 TSecr=3045561883 [TCP segment of a reassembled PDU]"
"65878","38.029231758","192.168.1.55","192.168.1.2","TCP","1514","8004  >  36902 [PSH, ACK] Seq=104446 Ack=141 Win=65024 Len=1448 TSval=2916042109 TSecr=3045561883 [TCP segment of a reassembled PDU]"
"65879","38.029495740","192.168.1.2","192.168.1.55","TCP","66","36902  >  8004 [ACK] Seq=141 Ack=68246 Win=66560 Len=0 TSval=3045561884 TSecr=2916042104"
"65880","38.029505647","192.168.1.55","192.168.1.2","TCP","1514","8004  >  36902 [ACK] Seq=105894 Ack=141 Win=65024 Len=1448 TSval=2916042110 TSecr=3045561884 [TCP segment of a reassembled PDU]"
"65881","38.029507555","192.168.1.55","192.168.1.2","TCP","1514","8004  >  36902 [PSH, ACK] Seq=107342 Ack=141 Win=65024 Len=1448 TSval=2916042110 TSecr=3045561884 [TCP segment of a reassembled PDU]"
"65882","38.029528240","192.168.1.55","192.168.1.2","TCP","1514","8004  >  36902 [ACK] Seq=108790 Ack=141 Win=65024 Len=1448 TSval=2916042110 TSecr=3045561884 [TCP segment of a reassembled PDU]"
"65883","38.029529610","192.168.1.55","192.168.1.2","TCP","1514","8004  >  36902 [ACK] Seq=110238 Ack=141 Win=65024 Len=1448 TSval=2916042110 TSecr=3045561884 [TCP segment of a reassembled PDU]"
"65884","38.029530777","192.168.1.55","192.168.1.2","TCP","1514","8004  >  36902 [ACK] Seq=111686 Ack=141 Win=65024 Len=1448 TSval=2916042110 TSecr=3045561884 [TCP segment of a reassembled PDU]"
"65885","38.029531851","192.168.1.55","192.168.1.2","TCP","1514","8004  >  36902 [ACK] Seq=113134 Ack=141 Win=65024 Len=1448 TSval=2916042110 TSecr=3045561884 [TCP segment of a reassembled PDU]"
"65886","38.029533166","192.168.1.55","192.168.1.2","TCP","1514","8004  >  36902 [ACK] Seq=114582 Ack=141 Win=65024 Len=1448 TSval=2916042110 TSecr=3045561884 [TCP segment of a reassembled PDU]"
"65887","38.029534407","192.168.1.55","192.168.1.2","TCP","1514","8004  >  36902 [ACK] Seq=116030 Ack=141 Win=65024 Len=1448 TSval=2916042110 TSecr=3045561884 [TCP segment of a reassembled PDU]"
"65888","38.029535518","192.168.1.55","192.168.1.2","TCP","1514","8004  >  36902 [ACK] Seq=117478 Ack=141 Win=65024 Len=1448 TSval=2916042110 TSecr=3045561884 [TCP segment of a reassembled PDU]"
"65889","38.029536703","192.168.1.55","192.168.1.2","TCP","1514","8004  >  36902 [ACK] Seq=118926 Ack=141 Win=65024 Len=1448 TSval=2916042110 TSecr=3045561884 [TCP segment of a reassembled PDU]"
"65890","38.029537777","192.168.1.55","192.168.1.2","TCP","1514","8004  >  36902 [ACK] Seq=120374 Ack=141 Win=65024 Len=1448 TSval=2916042110 TSecr=3045561884 [TCP segment of a reassembled PDU]"
"65891","38.029539184","192.168.1.55","192.168.1.2","TCP","1514","8004  >  36902 [ACK] Seq=121822 Ack=141 Win=65024 Len=1448 TSval=2916042110 TSecr=3045561884 [TCP segment of a reassembled PDU]"
"65892","38.029540499","192.168.1.55","192.168.1.2","TCP","1514","8004  >  36902 [ACK] Seq=123270 Ack=141 Win=65024 Len=1448 TSval=2916042110 TSecr=3045561884 [TCP segment of a reassembled PDU]"
"65893","38.029541573","192.168.1.55","192.168.1.2","TCP","1514","8004  >  36902 [ACK] Seq=124718 Ack=141 Win=65024 Len=1448 TSval=2916042110 TSecr=3045561884 [TCP segment of a reassembled PDU]"
"65894","38.029547703","192.168.1.55","192.168.1.2","TCP","1514","8004  >  36902 [ACK] Seq=126166 Ack=141 Win=65024 Len=1448 TSval=2916042110 TSecr=3045561884 [TCP segment of a reassembled PDU]"
"65895","38.029549295","192.168.1.55","192.168.1.2","TCP","1514","8004  >  36902 [ACK] Seq=127614 Ack=141 Win=65024 Len=1448 TSval=2916042110 TSecr=3045561884 [TCP segment of a reassembled PDU]"
"65896","38.029550481","192.168.1.55","192.168.1.2","TCP","1514","8004  >  36902 [ACK] Seq=129062 Ack=141 Win=65024 Len=1448 TSval=2916042110 TSecr=3045561884 [TCP segment of a reassembled PDU]"
"65897","38.029551573","192.168.1.55","192.168.1.2","TCP","1514","8004  >  36902 [ACK] Seq=130510 Ack=141 Win=65024 Len=1448 TSval=2916042110 TSecr=3045561884 [TCP segment of a reassembled PDU]"
"65898","38.029552888","192.168.1.55","192.168.1.2","TCP","1514","8004  >  36902 [ACK] Seq=131958 Ack=141 Win=65024 Len=1448 TSval=2916042110 TSecr=3045561884 [TCP segment of a reassembled PDU]"
"65899","38.029553962","192.168.1.55","192.168.1.2","TCP","1466","[TCP Window Full] 8004  >  36902 [PSH, ACK] Seq=133406 Ack=141 Win=65024 Len=1400 TSval=2916042110 TSecr=3045561884 [TCP segment of a reassembled PDU]"
"65900","38.029557518","192.168.1.2","192.168.1.55","TCP","66","36902  >  8004 [ACK] Seq=141 Ack=76934 Win=58368 Len=0 TSval=3045561884 TSecr=2916042104"
"65901","38.029561184","192.168.1.2","192.168.1.55","TCP","66","36902  >  8004 [ACK] Seq=141 Ack=100102 Win=57344 Len=0 TSval=3045561884 TSecr=2916042105"
"65902","38.029593703","192.168.1.55","192.168.1.2","TCP","1514","8004  >  36902 [ACK] Seq=134806 Ack=141 Win=65024 Len=1448 TSval=2916042110 TSecr=3045561884 [TCP segment of a reassembled PDU]"
"65903","38.029598888","192.168.1.55","192.168.1.2","TCP","1514","8004  >  36902 [ACK] Seq=136254 Ack=141 Win=65024 Len=1448 TSval=2916042110 TSecr=3045561884 [TCP segment of a reassembled PDU]"
"65904","38.029600259","192.168.1.55","192.168.1.2","TCP","1514","8004  >  36902 [ACK] Seq=137702 Ack=141 Win=65024 Len=1448 TSval=2916042110 TSecr=3045561884 [TCP segment of a reassembled PDU]"
"65905","38.029601629","192.168.1.55","192.168.1.2","TCP","1514","8004  >  36902 [PSH, ACK] Seq=139150 Ack=141 Win=65024 Len=1448 TSval=2916042110 TSecr=3045561884 [TCP segment of a reassembled PDU]"
"65906","38.029609184","192.168.1.55","192.168.1.2","TCP","114","8004  >  36902 [ACK] Seq=140598 Ack=141 Win=65024 Len=48 TSval=2916042110 TSecr=3045561884 [TCP segment of a reassembled PDU]"
"65907","38.029623722","192.168.1.55","192.168.1.2","TCP","1514","8004  >  36902 [ACK] Seq=140646 Ack=141 Win=65024 Len=1448 TSval=2916042110 TSecr=3045561884 [TCP segment of a reassembled PDU]"
"65908","38.029625110","192.168.1.55","192.168.1.2","TCP","1514","8004  >  36902 [ACK] Seq=142094 Ack=141 Win=65024 Len=1448 TSval=2916042110 TSecr=3045561884 [TCP segment of a reassembled PDU]"
"65909","38.029626277","192.168.1.55","192.168.1.2","TCP","1514","8004  >  36902 [ACK] Seq=143542 Ack=141 Win=65024 Len=1448 TSval=2916042110 TSecr=3045561884 [TCP segment of a reassembled PDU]"
"65910","38.029628036","192.168.1.55","192.168.1.2","TCP","1514","8004  >  36902 [ACK] Seq=144990 Ack=141 Win=65024 Len=1448 TSval=2916042110 TSecr=3045561884 [TCP segment of a reassembled PDU]"
"65911","38.029629166","192.168.1.55","192.168.1.2","TCP","1514","8004  >  36902 [ACK] Seq=146438 Ack=141 Win=65024 Len=1448 TSval=2916042110 TSecr=3045561884 [TCP segment of a reassembled PDU]"
"65912","38.029630499","192.168.1.55","192.168.1.2","TCP","1514","8004  >  36902 [ACK] Seq=147886 Ack=141 Win=65024 Len=1448 TSval=2916042110 TSecr=3045561884 [TCP segment of a reassembled PDU]"
"65913","38.029631888","192.168.1.55","192.168.1.2","TCP","1514","8004  >  36902 [ACK] Seq=149334 Ack=141 Win=65024 Len=1448 TSval=2916042110 TSecr=3045561884 [TCP segment of a reassembled PDU]"
"65914","38.029633147","192.168.1.55","192.168.1.2","TCP","1514","8004  >  36902 [ACK] Seq=150782 Ack=141 Win=65024 Len=1448 TSval=2916042110 TSecr=3045561884 [TCP segment of a reassembled PDU]"
"65915","38.029634259","192.168.1.55","192.168.1.2","TCP","1514","8004  >  36902 [ACK] Seq=152230 Ack=141 Win=65024 Len=1448 TSval=2916042110 TSecr=3045561884 [TCP segment of a reassembled PDU]"
"65916","38.029635370","192.168.1.55","192.168.1.2","TCP","1514","8004  >  36902 [ACK] Seq=153678 Ack=141 Win=65024 Len=1448 TSval=2916042110 TSecr=3045561884 [TCP segment of a reassembled PDU]"
"65917","38.029636481","192.168.1.55","192.168.1.2","TCP","1514","8004  >  36902 [PSH, ACK] Seq=155126 Ack=141 Win=65024 Len=1448 TSval=2916042110 TSecr=3045561884 [TCP segment of a reassembled PDU]"
"65918","38.035107304","192.168.1.2","192.168.1.55","TCP","66","36902  >  8004 [ACK] Seq=141 Ack=105894 Win=79872 Len=0 TSval=3045561889 TSecr=2916042109"
"65919","38.035164897","192.168.1.55","192.168.1.2","TCP","1514","8004  >  36902 [ACK] Seq=156574 Ack=141 Win=65024 Len=1448 TSval=2916042115 TSecr=3045561889 [TCP segment of a reassembled PDU]"
"65920","38.035170638","192.168.1.55","192.168.1.2","TCP","1514","8004  >  36902 [ACK] Seq=158022 Ack=141 Win=65024 Len=1448 TSval=2916042115 TSecr=3045561889 [TCP segment of a reassembled PDU]"
"65921","38.035171916","192.168.1.55","192.168.1.2","TCP","1514","8004  >  36902 [ACK] Seq=159470 Ack=141 Win=65024 Len=1448 TSval=2916042115 TSecr=3045561889 [TCP segment of a reassembled PDU]"
"65922","38.035173119","192.168.1.55","192.168.1.2","TCP","1514","8004  >  36902 [ACK] Seq=160918 Ack=141 Win=65024 Len=1448 TSval=2916042115 TSecr=3045561889 [TCP segment of a reassembled PDU]"
"65923","38.035174305","192.168.1.55","192.168.1.2","TCP","1514","8004  >  36902 [ACK] Seq=162366 Ack=141 Win=65024 Len=1448 TSval=2916042115 TSecr=3045561889 [TCP segment of a reassembled PDU]"
"65924","38.035175527","192.168.1.55","192.168.1.2","TCP","1514","8004  >  36902 [ACK] Seq=163814 Ack=141 Win=65024 Len=1448 TSval=2916042115 TSecr=3045561889 [TCP segment of a reassembled PDU]"
"65925","38.035176842","192.168.1.55","192.168.1.2","TCP","1514","8004  >  36902 [ACK] Seq=165262 Ack=141 Win=65024 Len=1448 TSval=2916042115 TSecr=3045561889 [TCP segment of a reassembled PDU]"
"65926","38.035179008","192.168.1.55","192.168.1.2","TCP","1514","8004  >  36902 [ACK] Seq=166710 Ack=141 Win=65024 Len=1448 TSval=2916042115 TSecr=3045561889 [TCP segment of a reassembled PDU]"
"65927","38.035180249","192.168.1.55","192.168.1.2","TCP","1514","8004  >  36902 [ACK] Seq=168158 Ack=141 Win=65024 Len=1448 TSval=2916042115 TSecr=3045561889 [TCP segment of a reassembled PDU]"
"65928","38.035181842","192.168.1.55","192.168.1.2","TCP","1514","8004  >  36902 [ACK] Seq=169606 Ack=141 Win=65024 Len=1448 TSval=2916042115 TSecr=3045561889 [TCP segment of a reassembled PDU]"
"65929","38.035183082","192.168.1.55","192.168.1.2","TCP","1514","8004  >  36902 [PSH, ACK] Seq=171054 Ack=141 Win=65024 Len=1448 TSval=2916042115 TSecr=3045561889 [TCP segment of a reassembled PDU]"
"65930","38.035704083","192.168.1.2","192.168.1.55","TCP","66","36902  >  8004 [ACK] Seq=141 Ack=134806 Win=86016 Len=0 TSval=3045561889 TSecr=2916042110"
"65931","38.035745676","192.168.1.55","192.168.1.2","TCP","1514","8004  >  36902 [ACK] Seq=172502 Ack=141 Win=65024 Len=1448 TSval=2916042116 TSecr=3045561889 [TCP segment of a reassembled PDU]"
"65932","38.035747991","192.168.1.55","192.168.1.2","TCP","1514","8004  >  36902 [ACK] Seq=173950 Ack=141 Win=65024 Len=1448 TSval=2916042116 TSecr=3045561889 [TCP segment of a reassembled PDU]"
"65933","38.035749157","192.168.1.55","192.168.1.2","TCP","1514","8004  >  36902 [ACK] Seq=175398 Ack=141 Win=65024 Len=1448 TSval=2916042116 TSecr=3045561889 [TCP segment of a reassembled PDU]"
"65934","38.035750602","192.168.1.55","192.168.1.2","TCP","1514","8004  >  36902 [ACK] Seq=176846 Ack=141 Win=65024 Len=1448 TSval=2916042116 TSecr=3045561889 [TCP segment of a reassembled PDU]"
"65935","38.035752602","192.168.1.55","192.168.1.2","TCP","1514","8004  >  36902 [ACK] Seq=178294 Ack=141 Win=65024 Len=1448 TSval=2916042116 TSecr=3045561889 [TCP segment of a reassembled PDU]"
"65936","38.035754472","192.168.1.55","192.168.1.2","TCP","1514","8004  >  36902 [ACK] Seq=179742 Ack=141 Win=65024 Len=1448 TSval=2916042116 TSecr=3045561889 [TCP segment of a reassembled PDU]"
"65937","38.035755861","192.168.1.55","192.168.1.2","TCP","1514","8004  >  36902 [ACK] Seq=181190 Ack=141 Win=65024 Len=1448 TSval=2916042116 TSecr=3045561889 [TCP segment of a reassembled PDU]"
"65938","38.035757157","192.168.1.55","192.168.1.2","TCP","1514","8004  >  36902 [ACK] Seq=182638 Ack=141 Win=65024 Len=1448 TSval=2916042116 TSecr=3045561889 [TCP segment of a reassembled PDU]"
"65939","38.035758454","192.168.1.55","192.168.1.2","TCP","1514","8004  >  36902 [ACK] Seq=184086 Ack=141 Win=65024 Len=1448 TSval=2916042116 TSecr=3045561889 [TCP segment of a reassembled PDU]"
"65940","38.035759731","192.168.1.55","192.168.1.2","TCP","1514","8004  >  36902 [ACK] Seq=185534 Ack=141 Win=65024 Len=1448 TSval=2916042116 TSecr=3045561889 [TCP segment of a reassembled PDU]"
"65941","38.035761306","192.168.1.55","192.168.1.2","TCP","1514","8004  >  36902 [ACK] Seq=186982 Ack=141 Win=65024 Len=1448 TSval=2916042116 TSecr=3045561889 [TCP segment of a reassembled PDU]"
"65942","38.035762880","192.168.1.55","192.168.1.2","TCP","1514","8004  >  36902 [ACK] Seq=188430 Ack=141 Win=65024 Len=1448 TSval=2916042116 TSecr=3045561889 [TCP segment of a reassembled PDU]"
"65943","38.035764676","192.168.1.55","192.168.1.2","TCP","1514","8004  >  36902 [ACK] Seq=189878 Ack=141 Win=65024 Len=1448 TSval=2916042116 TSecr=3045561889 [TCP segment of a reassembled PDU]"
"65944","38.035766454","192.168.1.55","192.168.1.2","TCP","1514","8004  >  36902 [ACK] Seq=191326 Ack=141 Win=65024 Len=1448 TSval=2916042116 TSecr=3045561889 [TCP segment of a reassembled PDU]"
"65945","38.035767787","192.168.1.55","192.168.1.2","TCP","1514","8004  >  36902 [ACK] Seq=192774 Ack=141 Win=65024 Len=1448 TSval=2916042116 TSecr=3045561889 [TCP segment of a reassembled PDU]"
"65946","38.035769102","192.168.1.55","192.168.1.2","TCP","1514","8004  >  36902 [ACK] Seq=194222 Ack=141 Win=65024 Len=1448 TSval=2916042116 TSecr=3045561889 [TCP segment of a reassembled PDU]"
"65947","38.035770306","192.168.1.55","192.168.1.2","TCP","1514","8004  >  36902 [ACK] Seq=195670 Ack=141 Win=65024 Len=1448 TSval=2916042116 TSecr=3045561889 [TCP segment of a reassembled PDU]"
"65948","38.035771528","192.168.1.55","192.168.1.2","TCP","1514","8004  >  36902 [ACK] Seq=197118 Ack=141 Win=65024 Len=1448 TSval=2916042116 TSecr=3045561889 [TCP segment of a reassembled PDU]"
"65949","38.035772972","192.168.1.55","192.168.1.2","TCP","1514","8004  >  36902 [ACK] Seq=198566 Ack=141 Win=65024 Len=1448 TSval=2916042116 TSecr=3045561889 [TCP segment of a reassembled PDU]"
"65950","38.035775917","192.168.1.55","192.168.1.2","TCP","1514","8004  >  36902 [ACK] Seq=200014 Ack=141 Win=65024 Len=1448 TSval=2916042116 TSecr=3045561889 [TCP segment of a reassembled PDU]"
"65951","38.035777620","192.168.1.55","192.168.1.2","TCP","1514","8004  >  36902 [ACK] Seq=201462 Ack=141 Win=65024 Len=1448 TSval=2916042116 TSecr=3045561889 [TCP segment of a reassembled PDU]"
"65952","38.035779120","192.168.1.55","192.168.1.2","TCP","1514","8004  >  36902 [ACK] Seq=202910 Ack=141 Win=65024 Len=1448 TSval=2916042116 TSecr=3045561889 [TCP segment of a reassembled PDU]"
"65953","38.035780398","192.168.1.55","192.168.1.2","TCP","1514","8004  >  36902 [ACK] Seq=204358 Ack=141 Win=65024 Len=1448 TSval=2916042116 TSecr=3045561889 [TCP segment of a reassembled PDU]"
"65954","38.035781750","192.168.1.55","192.168.1.2","TCP","1514","8004  >  36902 [PSH, ACK] Seq=205806 Ack=141 Win=65024 Len=1448 TSval=2916042116 TSecr=3045561889 [TCP segment of a reassembled PDU]"
"65955","38.035788139","192.168.1.2","192.168.1.55","TCP","66","36902  >  8004 [ACK] Seq=141 Ack=140598 Win=91136 Len=0 TSval=3045561889 TSecr=2916042110"
"65956","38.035795657","192.168.1.2","192.168.1.55","TCP","66","36902  >  8004 [ACK] Seq=141 Ack=149334 Win=83968 Len=0 TSval=3045561889 TSecr=2916042110"
"65957","38.035801954","192.168.1.2","192.168.1.55","TCP","66","36902  >  8004 [ACK] Seq=141 Ack=156574 Win=105472 Len=0 TSval=3045561889 TSecr=2916042110"
"65958","38.035846435","192.168.1.55","192.168.1.2","TCP","1514","8004  >  36902 [ACK] Seq=207254 Ack=141 Win=65024 Len=1448 TSval=2916042116 TSecr=3045561889 [TCP segment of a reassembled PDU]"
"65959","38.035848472","192.168.1.55","192.168.1.2","TCP","1514","8004  >  36902 [ACK] Seq=208702 Ack=141 Win=65024 Len=1448 TSval=2916042116 TSecr=3045561889 [TCP segment of a reassembled PDU]"
"65960","38.035850213","192.168.1.55","192.168.1.2","TCP","1514","8004  >  36902 [ACK] Seq=210150 Ack=141 Win=65024 Len=1448 TSval=2916042116 TSecr=3045561889 [TCP segment of a reassembled PDU]"
"65961","38.035851417","192.168.1.55","192.168.1.2","TCP","1514","8004  >  36902 [ACK] Seq=211598 Ack=141 Win=65024 Len=1448 TSval=2916042116 TSecr=3045561889 [TCP segment of a reassembled PDU]"
"65962","38.035852787","192.168.1.55","192.168.1.2","TCP","1514","8004  >  36902 [ACK] Seq=213046 Ack=141 Win=65024 Len=1448 TSval=2916042116 TSecr=3045561889 [TCP segment of a reassembled PDU]"
"65963","38.035855417","192.168.1.55","192.168.1.2","TCP","1514","8004  >  36902 [ACK] Seq=214494 Ack=141 Win=65024 Len=1448 TSval=2916042116 TSecr=3045561889 [TCP segment of a reassembled PDU]"
"65964","38.035857287","192.168.1.55","192.168.1.2","TCP","1514","8004  >  36902 [ACK] Seq=215942 Ack=141 Win=65024 Len=1448 TSval=2916042116 TSecr=3045561889 [TCP segment of a reassembled PDU]"
"65965","38.035858935","192.168.1.55","192.168.1.2","TCP","1514","8004  >  36902 [ACK] Seq=217390 Ack=141 Win=65024 Len=1448 TSval=2916042116 TSecr=3045561889 [TCP segment of a reassembled PDU]"
"65966","38.035860083","192.168.1.55","192.168.1.2","TCP","1514","8004  >  36902 [ACK] Seq=218838 Ack=141 Win=65024 Len=1448 TSval=2916042116 TSecr=3045561889 [TCP segment of a reassembled PDU]"
"65967","38.035861287","192.168.1.55","192.168.1.2","TCP","1514","8004  >  36902 [ACK] Seq=220286 Ack=141 Win=65024 Len=1448 TSval=2916042116 TSecr=3045561889 [TCP segment of a reassembled PDU]"
"65968","38.035862565","192.168.1.55","192.168.1.2","TCP","1514","8004  >  36902 [ACK] Seq=221734 Ack=141 Win=65024 Len=1448 TSval=2916042116 TSecr=3045561889 [TCP segment of a reassembled PDU]"
"65969","38.035865139","192.168.1.55","192.168.1.2","TCP","1514","8004  >  36902 [ACK] Seq=223182 Ack=141 Win=65024 Len=1448 TSval=2916042116 TSecr=3045561889 [TCP segment of a reassembled PDU]"
"65970","38.035866861","192.168.1.55","192.168.1.2","TCP","1514","8004  >  36902 [ACK] Seq=224630 Ack=141 Win=65024 Len=1448 TSval=2916042116 TSecr=3045561889 [TCP segment of a reassembled PDU]"
"65971","38.035868065","192.168.1.55","192.168.1.2","TCP","1514","8004  >  36902 [ACK] Seq=226078 Ack=141 Win=65024 Len=1448 TSval=2916042116 TSecr=3045561889 [TCP segment of a reassembled PDU]"
"65972","38.035869306","192.168.1.55","192.168.1.2","TCP","1514","8004  >  36902 [ACK] Seq=227526 Ack=141 Win=65024 Len=1448 TSval=2916042116 TSecr=3045561889 [TCP segment of a reassembled PDU]"
"65973","38.035870454","192.168.1.55","192.168.1.2","TCP","1514","8004  >  36902 [ACK] Seq=228974 Ack=141 Win=65024 Len=1448 TSval=2916042116 TSecr=3045561889 [TCP segment of a reassembled PDU]"
"65974","38.035871621","192.168.1.55","192.168.1.2","TCP","1514","8004  >  36902 [ACK] Seq=230422 Ack=141 Win=65024 Len=1448 TSval=2916042116 TSecr=3045561889 [TCP segment of a reassembled PDU]"
"65975","38.035872917","192.168.1.55","192.168.1.2","TCP","1514","8004  >  36902 [ACK] Seq=231870 Ack=141 Win=65024 Len=1448 TSval=2916042116 TSecr=3045561889 [TCP segment of a reassembled PDU]"
"65976","38.035874306","192.168.1.55","192.168.1.2","TCP","1514","8004  >  36902 [ACK] Seq=233318 Ack=141 Win=65024 Len=1448 TSval=2916042116 TSecr=3045561889 [TCP segment of a reassembled PDU]"
"65977","38.035877139","192.168.1.55","192.168.1.2","TCP","1514","8004  >  36902 [ACK] Seq=234766 Ack=141 Win=65024 Len=1448 TSval=2916042116 TSecr=3045561889 [TCP segment of a reassembled PDU]"
"65978","38.035878769","192.168.1.55","192.168.1.2","TCP","1514","8004  >  36902 [ACK] Seq=236214 Ack=141 Win=65024 Len=1448 TSval=2916042116 TSecr=3045561889 [TCP segment of a reassembled PDU]"
"65979","38.035880287","192.168.1.55","192.168.1.2","TCP","1514","8004  >  36902 [ACK] Seq=237662 Ack=141 Win=65024 Len=1448 TSval=2916042116 TSecr=3045561889 [TCP segment of a reassembled PDU]"
"65980","38.035881695","192.168.1.55","192.168.1.2","TCP","1514","8004  >  36902 [ACK] Seq=239110 Ack=141 Win=65024 Len=1448 TSval=2916042116 TSecr=3045561889 [TCP segment of a reassembled PDU]"
"65981","38.035883028","192.168.1.55","192.168.1.2","TCP","1514","8004  >  36902 [PSH, ACK] Seq=240558 Ack=141 Win=65024 Len=1448 TSval=2916042116 TSecr=3045561889 [TCP segment of a reassembled PDU]"
"65982","38.035902954","192.168.1.55","192.168.1.2","TCP","1514","8004  >  36902 [ACK] Seq=242006 Ack=141 Win=65024 Len=1448 TSval=2916042116 TSecr=3045561889 [TCP segment of a reassembled PDU]"
"65983","38.035904658","192.168.1.55","192.168.1.2","TCP","1514","8004  >  36902 [ACK] Seq=243454 Ack=141 Win=65024 Len=1448 TSval=2916042116 TSecr=3045561889 [TCP segment of a reassembled PDU]"
"65984","38.035905954","192.168.1.55","192.168.1.2","TCP","1514","8004  >  36902 [ACK] Seq=244902 Ack=141 Win=65024 Len=1448 TSval=2916042116 TSecr=3045561889 [TCP segment of a reassembled PDU]"
"65985","38.035908250","192.168.1.55","192.168.1.2","TCP","1514","8004  >  36902 [ACK] Seq=246350 Ack=141 Win=65024 Len=1448 TSval=2916042116 TSecr=3045561889 [TCP segment of a reassembled PDU]"
"65986","38.035909806","192.168.1.55","192.168.1.2","TCP","1514","8004  >  36902 [ACK] Seq=247798 Ack=141 Win=65024 Len=1448 TSval=2916042116 TSecr=3045561889 [TCP segment of a reassembled PDU]"
"65987","38.035911158","192.168.1.55","192.168.1.2","TCP","1514","8004  >  36902 [ACK] Seq=249246 Ack=141 Win=65024 Len=1448 TSval=2916042116 TSecr=3045561889 [TCP segment of a reassembled PDU]"
"65988","38.035912343","192.168.1.55","192.168.1.2","TCP","1514","8004  >  36902 [ACK] Seq=250694 Ack=141 Win=65024 Len=1448 TSval=2916042116 TSecr=3045561889 [TCP segment of a reassembled PDU]"
"65989","38.035913695","192.168.1.55","192.168.1.2","TCP","1514","8004  >  36902 [ACK] Seq=252142 Ack=141 Win=65024 Len=1448 TSval=2916042116 TSecr=3045561889 [TCP segment of a reassembled PDU]"
"65990","38.035914954","192.168.1.55","192.168.1.2","TCP","1514","8004  >  36902 [ACK] Seq=253590 Ack=141 Win=65024 Len=1448 TSval=2916042116 TSecr=3045561889 [TCP segment of a reassembled PDU]"
"65991","38.035916435","192.168.1.55","192.168.1.2","TCP","1514","8004  >  36902 [ACK] Seq=255038 Ack=141 Win=65024 Len=1448 TSval=2916042116 TSecr=3045561889 [TCP segment of a reassembled PDU]"
"65992","38.035918917","192.168.1.55","192.168.1.2","TCP","1514","8004  >  36902 [ACK] Seq=256486 Ack=141 Win=65024 Len=1448 TSval=2916042116 TSecr=3045561889 [TCP segment of a reassembled PDU]"
"65993","38.035921010","192.168.1.55","192.168.1.2","TCP","1514","8004  >  36902 [ACK] Seq=257934 Ack=141 Win=65024 Len=1448 TSval=2916042116 TSecr=3045561889 [TCP segment of a reassembled PDU]"
"65994","38.035922195","192.168.1.55","192.168.1.2","TCP","1514","8004  >  36902 [ACK] Seq=259382 Ack=141 Win=65024 Len=1448 TSval=2916042116 TSecr=3045561889 [TCP segment of a reassembled PDU]"
"65995","38.035923435","192.168.1.55","192.168.1.2","TCP","1282","[TCP Window Full] 8004  >  36902 [PSH, ACK] Seq=260830 Ack=141 Win=65024 Len=1216 TSval=2916042116 TSecr=3045561889 [TCP segment of a reassembled PDU]"
"65996","38.043898411","192.168.1.2","192.168.1.55","TCP","66","36902  >  8004 [ACK] Seq=141 Ack=158022 Win=108544 Len=0 TSval=3045561895 TSecr=2916042115"
"65997","38.043917911","192.168.1.55","192.168.1.2","TCP","1514","8004  >  36902 [ACK] Seq=262046 Ack=141 Win=65024 Len=1448 TSval=2916042124 TSecr=3045561895 [TCP segment of a reassembled PDU]"
"65998","38.043921022","192.168.1.55","192.168.1.2","TCP","1514","8004  >  36902 [ACK] Seq=263494 Ack=141 Win=65024 Len=1448 TSval=2916042124 TSecr=3045561895 [TCP segment of a reassembled PDU]"
"65999","38.043922393","192.168.1.55","192.168.1.2","TCP","1514","8004  >  36902 [PSH, ACK] Seq=264942 Ack=141 Win=65024 Len=1448 TSval=2916042124 TSecr=3045561895 [TCP segment of a reassembled PDU]"
"66000","38.044167912","192.168.1.2","192.168.1.55","TCP","66","36902  >  8004 [ACK] Seq=141 Ack=172502 Win=109568 Len=0 TSval=3045561895 TSecr=2916042115"
"66001","38.044183153","192.168.1.55","192.168.1.2","TCP","1514","8004  >  36902 [ACK] Seq=266390 Ack=141 Win=65024 Len=1448 TSval=2916042124 TSecr=3045561895 [TCP segment of a reassembled PDU]"
"66002","38.044185764","192.168.1.55","192.168.1.2","TCP","1514","8004  >  36902 [ACK] Seq=267838 Ack=141 Win=65024 Len=1448 TSval=2916042124 TSecr=3045561895 [TCP segment of a reassembled PDU]"
"66003","38.044187060","192.168.1.55","192.168.1.2","TCP","1514","8004  >  36902 [ACK] Seq=269286 Ack=141 Win=65024 Len=1448 TSval=2916042124 TSecr=3045561895 [TCP segment of a reassembled PDU]"
"66004","38.044188338","192.168.1.55","192.168.1.2","TCP","1514","8004  >  36902 [ACK] Seq=270734 Ack=141 Win=65024 Len=1448 TSval=2916042124 TSecr=3045561895 [TCP segment of a reassembled PDU]"
"66005","38.044189782","192.168.1.55","192.168.1.2","TCP","1514","8004  >  36902 [ACK] Seq=272182 Ack=141 Win=65024 Len=1448 TSval=2916042124 TSecr=3045561895 [TCP segment of a reassembled PDU]"
"66006","38.044191041","192.168.1.55","192.168.1.2","TCP","1514","8004  >  36902 [ACK] Seq=273630 Ack=141 Win=65024 Len=1448 TSval=2916042124 TSecr=3045561895 [TCP segment of a reassembled PDU]"
"66007","38.044192375","192.168.1.55","192.168.1.2","TCP","1514","8004  >  36902 [PSH, ACK] Seq=275078 Ack=141 Win=65024 Len=1448 TSval=2916042124 TSecr=3045561895 [TCP segment of a reassembled PDU]"
"66008","38.044197949","192.168.1.55","192.168.1.2","TCP","298","8004  >  36902 [ACK] Seq=276526 Ack=141 Win=65024 Len=232 TSval=2916042124 TSecr=3045561895 [TCP segment of a reassembled PDU]"
"66009","38.044201745","192.168.1.2","192.168.1.55","TCP","66","36902  >  8004 [ACK] Seq=141 Ack=205806 Win=91136 Len=0 TSval=3045561895 TSecr=2916042116"
"66010","38.044217893","192.168.1.2","192.168.1.55","TCP","66","36902  >  8004 [ACK] Seq=141 Ack=207254 Win=112640 Len=0 TSval=3045561898 TSecr=2916042116"
"66011","38.044247856","192.168.1.55","192.168.1.2","TCP","1514","8004  >  36902 [ACK] Seq=276758 Ack=141 Win=65024 Len=1448 TSval=2916042124 TSecr=3045561898 [TCP segment of a reassembled PDU]"
"66012","38.044250671","192.168.1.55","192.168.1.2","TCP","1514","8004  >  36902 [ACK] Seq=278206 Ack=141 Win=65024 Len=1448 TSval=2916042124 TSecr=3045561898 [TCP segment of a reassembled PDU]"
"66013","38.044252134","192.168.1.55","192.168.1.2","TCP","1514","8004  >  36902 [ACK] Seq=279654 Ack=141 Win=65024 Len=1448 TSval=2916042124 TSecr=3045561898 [TCP segment of a reassembled PDU]"
"66014","38.044253505","192.168.1.55","192.168.1.2","TCP","1514","8004  >  36902 [ACK] Seq=281102 Ack=141 Win=65024 Len=1448 TSval=2916042124 TSecr=3045561898 [TCP segment of a reassembled PDU]"
"66015","38.044254856","192.168.1.55","192.168.1.2","TCP","1514","8004  >  36902 [ACK] Seq=282550 Ack=141 Win=65024 Len=1448 TSval=2916042124 TSecr=3045561898 [TCP segment of a reassembled PDU]"
"66016","38.044256171","192.168.1.55","192.168.1.2","TCP","1514","8004  >  36902 [ACK] Seq=283998 Ack=141 Win=65024 Len=1448 TSval=2916042124 TSecr=3045561898 [TCP segment of a reassembled PDU]"
"66017","38.044257467","192.168.1.55","192.168.1.2","TCP","1514","8004  >  36902 [ACK] Seq=285446 Ack=141 Win=65024 Len=1448 TSval=2916042124 TSecr=3045561898 [TCP segment of a reassembled PDU]"
"66018","38.044258930","192.168.1.55","192.168.1.2","TCP","1514","8004  >  36902 [ACK] Seq=286894 Ack=141 Win=65024 Len=1448 TSval=2916042124 TSecr=3045561898 [TCP segment of a reassembled PDU]"
"66019","38.044260301","192.168.1.55","192.168.1.2","TCP","1514","8004  >  36902 [ACK] Seq=288342 Ack=141 Win=65024 Len=1448 TSval=2916042124 TSecr=3045561898 [TCP segment of a reassembled PDU]"
"66020","38.044261708","192.168.1.55","192.168.1.2","TCP","1514","8004  >  36902 [ACK] Seq=289790 Ack=141 Win=65024 Len=1448 TSval=2916042124 TSecr=3045561898 [TCP segment of a reassembled PDU]"
"66021","38.044263097","192.168.1.55","192.168.1.2","TCP","1514","8004  >  36902 [ACK] Seq=291238 Ack=141 Win=65024 Len=1448 TSval=2916042124 TSecr=3045561898 [TCP segment of a reassembled PDU]"
"66022","38.044264486","192.168.1.55","192.168.1.2","TCP","1514","8004  >  36902 [ACK] Seq=292686 Ack=141 Win=65024 Len=1448 TSval=2916042124 TSecr=3045561898 [TCP segment of a reassembled PDU]"
"66023","38.044266060","192.168.1.55","192.168.1.2","TCP","1514","8004  >  36902 [ACK] Seq=294134 Ack=141 Win=65024 Len=1448 TSval=2916042124 TSecr=3045561898 [TCP segment of a reassembled PDU]"
"66024","38.044267393","192.168.1.55","192.168.1.2","TCP","1514","8004  >  36902 [ACK] Seq=295582 Ack=141 Win=65024 Len=1448 TSval=2916042124 TSecr=3045561898 [TCP segment of a reassembled PDU]"
"66025","38.044268690","192.168.1.55","192.168.1.2","TCP","1514","8004  >  36902 [ACK] Seq=297030 Ack=141 Win=65024 Len=1448 TSval=2916042124 TSecr=3045561898 [TCP segment of a reassembled PDU]"
"66026","38.044270079","192.168.1.55","192.168.1.2","TCP","1514","8004  >  36902 [ACK] Seq=298478 Ack=141 Win=65024 Len=1448 TSval=2916042124 TSecr=3045561898 [TCP segment of a reassembled PDU]"
"66027","38.044271523","192.168.1.55","192.168.1.2","TCP","1514","8004  >  36902 [ACK] Seq=299926 Ack=141 Win=65024 Len=1448 TSval=2916042124 TSecr=3045561898 [TCP segment of a reassembled PDU]"
"66028","38.044273005","192.168.1.55","192.168.1.2","TCP","1514","8004  >  36902 [ACK] Seq=301374 Ack=141 Win=65024 Len=1448 TSval=2916042124 TSecr=3045561898 [TCP segment of a reassembled PDU]"
"66029","38.044274486","192.168.1.55","192.168.1.2","TCP","1514","8004  >  36902 [ACK] Seq=302822 Ack=141 Win=65024 Len=1448 TSval=2916042124 TSecr=3045561898 [TCP segment of a reassembled PDU]"
"66030","38.044275782","192.168.1.55","192.168.1.2","TCP","1514","8004  >  36902 [ACK] Seq=304270 Ack=141 Win=65024 Len=1448 TSval=2916042124 TSecr=3045561898 [TCP segment of a reassembled PDU]"
"66031","38.044277060","192.168.1.55","192.168.1.2","TCP","1514","8004  >  36902 [ACK] Seq=305718 Ack=141 Win=65024 Len=1448 TSval=2916042124 TSecr=3045561898 [TCP segment of a reassembled PDU]"
"66032","38.044278542","192.168.1.55","192.168.1.2","TCP","1514","8004  >  36902 [ACK] Seq=307166 Ack=141 Win=65024 Len=1448 TSval=2916042124 TSecr=3045561898 [TCP segment of a reassembled PDU]"
"66033","38.044280060","192.168.1.55","192.168.1.2","TCP","1514","8004  >  36902 [ACK] Seq=308614 Ack=141 Win=65024 Len=1448 TSval=2916042124 TSecr=3045561898 [TCP segment of a reassembled PDU]"
"66034","38.044281430","192.168.1.55","192.168.1.2","TCP","1514","8004  >  36902 [ACK] Seq=310062 Ack=141 Win=65024 Len=1448 TSval=2916042124 TSecr=3045561898 [TCP segment of a reassembled PDU]"
"66035","38.044282782","192.168.1.55","192.168.1.2","TCP","1514","8004  >  36902 [ACK] Seq=311510 Ack=141 Win=65024 Len=1448 TSval=2916042124 TSecr=3045561898 [TCP segment of a reassembled PDU]"
"66036","38.044284153","192.168.1.55","192.168.1.2","TCP","1514","8004  >  36902 [PSH, ACK] Seq=312958 Ack=141 Win=65024 Len=1448 TSval=2916042124 TSecr=3045561898 [TCP segment of a reassembled PDU]"
"66037","38.044288690","192.168.1.2","192.168.1.55","TCP","66","36902  >  8004 [ACK] Seq=141 Ack=218838 Win=111616 Len=0 TSval=3045561898 TSecr=2916042116"
"66038","38.046863583","192.168.1.2","192.168.1.55","TCP","66","36902  >  8004 [ACK] Seq=141 Ack=252142 Win=91136 Len=0 TSval=3045561899 TSecr=2916042116"
"66039","38.046892935","192.168.1.55","192.168.1.2","TCP","1514","8004  >  36902 [ACK] Seq=314406 Ack=141 Win=65024 Len=1448 TSval=2916042127 TSecr=3045561899 [TCP segment of a reassembled PDU]"
"66040","38.046894990","192.168.1.55","192.168.1.2","TCP","1514","8004  >  36902 [ACK] Seq=315854 Ack=141 Win=65024 Len=1448 TSval=2916042127 TSecr=3045561899 [TCP segment of a reassembled PDU]"
"66041","38.046896564","192.168.1.55","192.168.1.2","TCP","1514","8004  >  36902 [ACK] Seq=317302 Ack=141 Win=65024 Len=1448 TSval=2916042127 TSecr=3045561899 [TCP segment of a reassembled PDU]"
"66042","38.046897842","192.168.1.55","192.168.1.2","TCP","1514","8004  >  36902 [ACK] Seq=318750 Ack=141 Win=65024 Len=1448 TSval=2916042127 TSecr=3045561899 [TCP segment of a reassembled PDU]"
"66043","38.046899212","192.168.1.55","192.168.1.2","TCP","1514","8004  >  36902 [ACK] Seq=320198 Ack=141 Win=65024 Len=1448 TSval=2916042127 TSecr=3045561899 [TCP segment of a reassembled PDU]"
"66044","38.046900546","192.168.1.55","192.168.1.2","TCP","1514","8004  >  36902 [ACK] Seq=321646 Ack=141 Win=65024 Len=1448 TSval=2916042127 TSecr=3045561899 [TCP segment of a reassembled PDU]"
"66045","38.046902250","192.168.1.55","192.168.1.2","TCP","1514","8004  >  36902 [ACK] Seq=323094 Ack=141 Win=65024 Len=1448 TSval=2916042127 TSecr=3045561899 [TCP segment of a reassembled PDU]"
"66046","38.046903546","192.168.1.55","192.168.1.2","TCP","1514","8004  >  36902 [ACK] Seq=324542 Ack=141 Win=65024 Len=1448 TSval=2916042127 TSecr=3045561899 [TCP segment of a reassembled PDU]"
"66047","38.046904990","192.168.1.55","192.168.1.2","TCP","1514","8004  >  36902 [ACK] Seq=325990 Ack=141 Win=65024 Len=1448 TSval=2916042127 TSecr=3045561899 [TCP segment of a reassembled PDU]"
"66048","38.046906453","192.168.1.55","192.168.1.2","TCP","1514","8004  >  36902 [ACK] Seq=327438 Ack=141 Win=65024 Len=1448 TSval=2916042127 TSecr=3045561899 [TCP segment of a reassembled PDU]"
"66049","38.046907750","192.168.1.55","192.168.1.2","TCP","1514","8004  >  36902 [ACK] Seq=328886 Ack=141 Win=65024 Len=1448 TSval=2916042127 TSecr=3045561899 [TCP segment of a reassembled PDU]"
"66050","38.046909305","192.168.1.55","192.168.1.2","TCP","1514","8004  >  36902 [ACK] Seq=330334 Ack=141 Win=65024 Len=1448 TSval=2916042127 TSecr=3045561899 [TCP segment of a reassembled PDU]"
"66051","38.046910601","192.168.1.55","192.168.1.2","TCP","1514","8004  >  36902 [ACK] Seq=331782 Ack=141 Win=65024 Len=1448 TSval=2916042127 TSecr=3045561899 [TCP segment of a reassembled PDU]"
"66052","38.046912324","192.168.1.55","192.168.1.2","TCP","1514","8004  >  36902 [ACK] Seq=333230 Ack=141 Win=65024 Len=1448 TSval=2916042127 TSecr=3045561899 [TCP segment of a reassembled PDU]"
"66053","38.046913713","192.168.1.55","192.168.1.2","TCP","1514","8004  >  36902 [ACK] Seq=334678 Ack=141 Win=65024 Len=1448 TSval=2916042127 TSecr=3045561899 [TCP segment of a reassembled PDU]"
"66054","38.046915009","192.168.1.55","192.168.1.2","TCP","1514","8004  >  36902 [ACK] Seq=336126 Ack=141 Win=65024 Len=1448 TSval=2916042127 TSecr=3045561899 [TCP segment of a reassembled PDU]"
"66055","38.046916787","192.168.1.55","192.168.1.2","TCP","1514","8004  >  36902 [ACK] Seq=337574 Ack=141 Win=65024 Len=1448 TSval=2916042127 TSecr=3045561899 [TCP segment of a reassembled PDU]"
"66056","38.046918083","192.168.1.55","192.168.1.2","TCP","1514","8004  >  36902 [ACK] Seq=339022 Ack=141 Win=65024 Len=1448 TSval=2916042127 TSecr=3045561899 [TCP segment of a reassembled PDU]"
"66057","38.046919379","192.168.1.55","192.168.1.2","TCP","1514","8004  >  36902 [PSH, ACK] Seq=340470 Ack=141 Win=65024 Len=1448 TSval=2916042127 TSecr=3045561899 [TCP segment of a reassembled PDU]"
"66058","38.046948509","192.168.1.2","192.168.1.55","TCP","66","36902  >  8004 [ACK] Seq=141 Ack=256486 Win=116736 Len=0 TSval=3045561901 TSecr=2916042116"
"66059","38.046962064","192.168.1.55","192.168.1.2","TCP","1514","8004  >  36902 [ACK] Seq=341918 Ack=141 Win=65024 Len=1448 TSval=2916042127 TSecr=3045561901 [TCP segment of a reassembled PDU]"
"66060","38.046963824","192.168.1.55","192.168.1.2","TCP","1514","8004  >  36902 [ACK] Seq=343366 Ack=141 Win=65024 Len=1448 TSval=2916042127 TSecr=3045561901 [TCP segment of a reassembled PDU]"
"66061","38.046965101","192.168.1.55","192.168.1.2","TCP","1514","8004  >  36902 [ACK] Seq=344814 Ack=141 Win=65024 Len=1448 TSval=2916042127 TSecr=3045561901 [TCP segment of a reassembled PDU]"
"66062","38.046966398","192.168.1.55","192.168.1.2","TCP","1514","8004  >  36902 [ACK] Seq=346262 Ack=141 Win=65024 Len=1448 TSval=2916042127 TSecr=3045561901 [TCP segment of a reassembled PDU]"
"66063","38.046967657","192.168.1.55","192.168.1.2","TCP","1514","8004  >  36902 [ACK] Seq=347710 Ack=141 Win=65024 Len=1448 TSval=2916042127 TSecr=3045561901 [TCP segment of a reassembled PDU]"
"66064","38.046969027","192.168.1.55","192.168.1.2","TCP","1514","8004  >  36902 [ACK] Seq=349158 Ack=141 Win=65024 Len=1448 TSval=2916042127 TSecr=3045561901 [TCP segment of a reassembled PDU]"
"66065","38.046970305","192.168.1.55","192.168.1.2","TCP","1514","8004  >  36902 [PSH, ACK] Seq=350606 Ack=141 Win=65024 Len=1448 TSval=2916042127 TSecr=3045561901 [TCP segment of a reassembled PDU]"
"66066","38.051937795","192.168.1.2","192.168.1.55","TCP","66","36902  >  8004 [ACK] Seq=141 Ack=262046 Win=126976 Len=0 TSval=3045561901 TSecr=2916042116"
"66067","38.051970461","192.168.1.55","192.168.1.2","TCP","1514","8004  >  36902 [ACK] Seq=352054 Ack=141 Win=65024 Len=1448 TSval=2916042132 TSecr=3045561901 [TCP segment of a reassembled PDU]"
"66068","38.051973295","192.168.1.55","192.168.1.2","TCP","1514","8004  >  36902 [ACK] Seq=353502 Ack=141 Win=65024 Len=1448 TSval=2916042132 TSecr=3045561901 [TCP segment of a reassembled PDU]"
"66069","38.051974647","192.168.1.55","192.168.1.2","TCP","1514","8004  >  36902 [ACK] Seq=354950 Ack=141 Win=65024 Len=1448 TSval=2916042132 TSecr=3045561901 [TCP segment of a reassembled PDU]"
"66070","38.051976054","192.168.1.55","192.168.1.2","TCP","1514","8004  >  36902 [ACK] Seq=356398 Ack=141 Win=65024 Len=1448 TSval=2916042132 TSecr=3045561901 [TCP segment of a reassembled PDU]"
"66071","38.051977443","192.168.1.55","192.168.1.2","TCP","1514","8004  >  36902 [ACK] Seq=357846 Ack=141 Win=65024 Len=1448 TSval=2916042132 TSecr=3045561901 [TCP segment of a reassembled PDU]"
"66072","38.051978906","192.168.1.55","192.168.1.2","TCP","1514","8004  >  36902 [ACK] Seq=359294 Ack=141 Win=65024 Len=1448 TSval=2916042132 TSecr=3045561901 [TCP segment of a reassembled PDU]"
"66073","38.051984591","192.168.1.55","192.168.1.2","TCP","1514","8004  >  36902 [ACK] Seq=360742 Ack=141 Win=65024 Len=1448 TSval=2916042132 TSecr=3045561901 [TCP segment of a reassembled PDU]"
"66074","38.051986202","192.168.1.55","192.168.1.2","TCP","1514","8004  >  36902 [ACK] Seq=362190 Ack=141 Win=65024 Len=1448 TSval=2916042132 TSecr=3045561901 [TCP segment of a reassembled PDU]"
"66075","38.051987776","192.168.1.55","192.168.1.2","TCP","1514","8004  >  36902 [ACK] Seq=363638 Ack=141 Win=65024 Len=1448 TSval=2916042132 TSecr=3045561901 [TCP segment of a reassembled PDU]"
"66076","38.051989036","192.168.1.55","192.168.1.2","TCP","1514","8004  >  36902 [ACK] Seq=365086 Ack=141 Win=65024 Len=1448 TSval=2916042132 TSecr=3045561901 [TCP segment of a reassembled PDU]"
"66077","38.051990350","192.168.1.55","192.168.1.2","TCP","1514","8004  >  36902 [ACK] Seq=366534 Ack=141 Win=65024 Len=1448 TSval=2916042132 TSecr=3045561901 [TCP segment of a reassembled PDU]"
"66078","38.051991665","192.168.1.55","192.168.1.2","TCP","1514","8004  >  36902 [ACK] Seq=367982 Ack=141 Win=65024 Len=1448 TSval=2916042132 TSecr=3045561901 [TCP segment of a reassembled PDU]"
"66079","38.051992961","192.168.1.55","192.168.1.2","TCP","1514","8004  >  36902 [ACK] Seq=369430 Ack=141 Win=65024 Len=1448 TSval=2916042132 TSecr=3045561901 [TCP segment of a reassembled PDU]"
"66080","38.051994332","192.168.1.55","192.168.1.2","TCP","1514","8004  >  36902 [ACK] Seq=370878 Ack=141 Win=65024 Len=1448 TSval=2916042132 TSecr=3045561901 [TCP segment of a reassembled PDU]"
"66081","38.051995628","192.168.1.55","192.168.1.2","TCP","1514","8004  >  36902 [ACK] Seq=372326 Ack=141 Win=65024 Len=1448 TSval=2916042132 TSecr=3045561901 [TCP segment of a reassembled PDU]"
"66082","38.051997073","192.168.1.55","192.168.1.2","TCP","1514","8004  >  36902 [ACK] Seq=373774 Ack=141 Win=65024 Len=1448 TSval=2916042132 TSecr=3045561901 [TCP segment of a reassembled PDU]"
"66083","38.051998536","192.168.1.55","192.168.1.2","TCP","1514","8004  >  36902 [ACK] Seq=375222 Ack=141 Win=65024 Len=1448 TSval=2916042132 TSecr=3045561901 [TCP segment of a reassembled PDU]"
"66084","38.052000258","192.168.1.55","192.168.1.2","TCP","1514","8004  >  36902 [ACK] Seq=376670 Ack=141 Win=65024 Len=1448 TSval=2916042132 TSecr=3045561901 [TCP segment of a reassembled PDU]"
"66085","38.052001684","192.168.1.55","192.168.1.2","TCP","1514","8004  >  36902 [ACK] Seq=378118 Ack=141 Win=65024 Len=1448 TSval=2916042132 TSecr=3045561901 [TCP segment of a reassembled PDU]"
"66086","38.052003165","192.168.1.55","192.168.1.2","TCP","1514","8004  >  36902 [ACK] Seq=379566 Ack=141 Win=65024 Len=1448 TSval=2916042132 TSecr=3045561901 [TCP segment of a reassembled PDU]"
"66087","38.052004536","192.168.1.55","192.168.1.2","TCP","1514","8004  >  36902 [ACK] Seq=381014 Ack=141 Win=65024 Len=1448 TSval=2916042132 TSecr=3045561901 [TCP segment of a reassembled PDU]"
"66088","38.052006073","192.168.1.55","192.168.1.2","TCP","1514","8004  >  36902 [ACK] Seq=382462 Ack=141 Win=65024 Len=1448 TSval=2916042132 TSecr=3045561901 [TCP segment of a reassembled PDU]"
"66089","38.052007332","192.168.1.55","192.168.1.2","TCP","1514","8004  >  36902 [ACK] Seq=383910 Ack=141 Win=65024 Len=1448 TSval=2916042132 TSecr=3045561901 [TCP segment of a reassembled PDU]"
"66090","38.052008795","192.168.1.55","192.168.1.2","TCP","1514","8004  >  36902 [ACK] Seq=385358 Ack=141 Win=65024 Len=1448 TSval=2916042132 TSecr=3045561901 [TCP segment of a reassembled PDU]"
"66091","38.052010091","192.168.1.55","192.168.1.2","TCP","1514","8004  >  36902 [PSH, ACK] Seq=386806 Ack=141 Win=65024 Len=1448 TSval=2916042132 TSecr=3045561901 [TCP segment of a reassembled PDU]"
"66092","38.054707707","192.168.1.2","192.168.1.55","TCP","66","36902  >  8004 [ACK] Seq=141 Ack=266390 Win=136192 Len=0 TSval=3045561906 TSecr=2916042124"
"66093","38.054723947","192.168.1.55","192.168.1.2","TCP","1514","8004  >  36902 [PSH, ACK] Seq=388254 Ack=141 Win=65024 Len=1448 TSval=2916042135 TSecr=3045561906 [TCP segment of a reassembled PDU]"
"66094","38.054908040","192.168.1.2","192.168.1.55","TCP","66","36902  >  8004 [ACK] Seq=141 Ack=269286 Win=142336 Len=0 TSval=3045561907 TSecr=2916042124"
"66095","38.054914911","192.168.1.2","192.168.1.55","TCP","66","36902  >  8004 [ACK] Seq=141 Ack=276526 Win=156672 Len=0 TSval=3045561907 TSecr=2916042124"
"66096","38.054946892","192.168.1.55","192.168.1.2","TCP","1514","8004  >  36902 [ACK] Seq=389702 Ack=141 Win=65024 Len=1448 TSval=2916042135 TSecr=3045561907 [TCP segment of a reassembled PDU]"
"66097","38.054949726","192.168.1.55","192.168.1.2","TCP","1514","8004  >  36902 [ACK] Seq=391150 Ack=141 Win=65024 Len=1448 TSval=2916042135 TSecr=3045561907 [TCP segment of a reassembled PDU]"
"66098","38.054951226","192.168.1.55","192.168.1.2","TCP","1514","8004  >  36902 [ACK] Seq=392598 Ack=141 Win=65024 Len=1448 TSval=2916042135 TSecr=3045561907 [TCP segment of a reassembled PDU]"
"66099","38.054952707","192.168.1.55","192.168.1.2","TCP","1514","8004  >  36902 [ACK] Seq=394046 Ack=141 Win=65024 Len=1448 TSval=2916042135 TSecr=3045561907 [TCP segment of a reassembled PDU]"
"66100","38.054954189","192.168.1.55","192.168.1.2","TCP","1514","8004  >  36902 [ACK] Seq=395494 Ack=141 Win=65024 Len=1448 TSval=2916042135 TSecr=3045561907 [TCP segment of a reassembled PDU]"
"66101","38.054955763","192.168.1.55","192.168.1.2","TCP","1514","8004  >  36902 [ACK] Seq=396942 Ack=141 Win=65024 Len=1448 TSval=2916042135 TSecr=3045561907 [TCP segment of a reassembled PDU]"
"66102","38.054957133","192.168.1.55","192.168.1.2","TCP","1514","8004  >  36902 [ACK] Seq=398390 Ack=141 Win=65024 Len=1448 TSval=2916042135 TSecr=3045561907 [TCP segment of a reassembled PDU]"
"66103","38.054958651","192.168.1.55","192.168.1.2","TCP","1514","8004  >  36902 [ACK] Seq=399838 Ack=141 Win=65024 Len=1448 TSval=2916042135 TSecr=3045561907 [TCP segment of a reassembled PDU]"
"66104","38.054960022","192.168.1.55","192.168.1.2","TCP","1514","8004  >  36902 [ACK] Seq=401286 Ack=141 Win=65024 Len=1448 TSval=2916042135 TSecr=3045561907 [TCP segment of a reassembled PDU]"
"66105","38.054961503","192.168.1.55","192.168.1.2","TCP","1514","8004  >  36902 [ACK] Seq=402734 Ack=141 Win=65024 Len=1448 TSval=2916042135 TSecr=3045561907 [TCP segment of a reassembled PDU]"
"66106","38.054963022","192.168.1.55","192.168.1.2","TCP","1514","8004  >  36902 [ACK] Seq=404182 Ack=141 Win=65024 Len=1448 TSval=2916042135 TSecr=3045561907 [TCP segment of a reassembled PDU]"
"66107","38.054964577","192.168.1.55","192.168.1.2","TCP","1514","8004  >  36902 [ACK] Seq=405630 Ack=141 Win=65024 Len=1448 TSval=2916042135 TSecr=3045561907 [TCP segment of a reassembled PDU]"
"66108","38.054966059","192.168.1.55","192.168.1.2","TCP","1514","8004  >  36902 [ACK] Seq=407078 Ack=141 Win=65024 Len=1448 TSval=2916042135 TSecr=3045561907 [TCP segment of a reassembled PDU]"
"66109","38.054967485","192.168.1.55","192.168.1.2","TCP","1514","8004  >  36902 [ACK] Seq=408526 Ack=141 Win=65024 Len=1448 TSval=2916042135 TSecr=3045561907 [TCP segment of a reassembled PDU]"
"66110","38.054968874","192.168.1.55","192.168.1.2","TCP","1514","8004  >  36902 [ACK] Seq=409974 Ack=141 Win=65024 Len=1448 TSval=2916042135 TSecr=3045561907 [TCP segment of a reassembled PDU]"
"66111","38.054970485","192.168.1.55","192.168.1.2","TCP","1514","8004  >  36902 [ACK] Seq=411422 Ack=141 Win=65024 Len=1448 TSval=2916042135 TSecr=3045561907 [TCP segment of a reassembled PDU]"
"66112","38.054972022","192.168.1.55","192.168.1.2","TCP","1514","8004  >  36902 [ACK] Seq=412870 Ack=141 Win=65024 Len=1448 TSval=2916042135 TSecr=3045561907 [TCP segment of a reassembled PDU]"
"66113","38.054973466","192.168.1.55","192.168.1.2","TCP","1514","8004  >  36902 [ACK] Seq=414318 Ack=141 Win=65024 Len=1448 TSval=2916042135 TSecr=3045561907 [TCP segment of a reassembled PDU]"
"66114","38.054974874","192.168.1.55","192.168.1.2","TCP","1514","8004  >  36902 [ACK] Seq=415766 Ack=141 Win=65024 Len=1448 TSval=2916042135 TSecr=3045561907 [TCP segment of a reassembled PDU]"
"66115","38.054976374","192.168.1.55","192.168.1.2","TCP","1514","8004  >  36902 [ACK] Seq=417214 Ack=141 Win=65024 Len=1448 TSval=2916042135 TSecr=3045561907 [TCP segment of a reassembled PDU]"
"66116","38.054977911","192.168.1.55","192.168.1.2","TCP","1514","8004  >  36902 [ACK] Seq=418662 Ack=141 Win=65024 Len=1448 TSval=2916042135 TSecr=3045561907 [TCP segment of a reassembled PDU]"
"66117","38.054979374","192.168.1.55","192.168.1.2","TCP","1514","8004  >  36902 [ACK] Seq=420110 Ack=141 Win=65024 Len=1448 TSval=2916042135 TSecr=3045561907 [TCP segment of a reassembled PDU]"
"66118","38.054980726","192.168.1.55","192.168.1.2","TCP","1514","8004  >  36902 [ACK] Seq=421558 Ack=141 Win=65024 Len=1448 TSval=2916042135 TSecr=3045561907 [TCP segment of a reassembled PDU]"
"66119","38.054982207","192.168.1.55","192.168.1.2","TCP","1514","8004  >  36902 [ACK] Seq=423006 Ack=141 Win=65024 Len=1448 TSval=2916042135 TSecr=3045561907 [TCP segment of a reassembled PDU]"
"66120","38.054984059","192.168.1.55","192.168.1.2","TCP","1514","8004  >  36902 [ACK] Seq=424454 Ack=141 Win=65024 Len=1448 TSval=2916042135 TSecr=3045561907 [TCP segment of a reassembled PDU]"
"66121","38.054985652","192.168.1.55","192.168.1.2","TCP","1514","8004  >  36902 [PSH, ACK] Seq=425902 Ack=141 Win=65024 Len=1448 TSval=2916042135 TSecr=3045561907 [TCP segment of a reassembled PDU]"
"66122","38.054990614","192.168.1.2","192.168.1.55","TCP","66","36902  >  8004 [ACK] Seq=141 Ack=276758 Win=159744 Len=0 TSval=3045561907 TSecr=2916042124"
"66123","38.054997040","192.168.1.2","192.168.1.55","TCP","66","36902  >  8004 [ACK] Seq=141 Ack=314406 Win=148480 Len=0 TSval=3045561907 TSecr=2916042124"
"66124","38.055060763","192.168.1.2","192.168.1.55","TCP","66","36902  >  8004 [ACK] Seq=141 Ack=349158 Win=123904 Len=0 TSval=3045561907 TSecr=2916042127"
"66125","38.055096374","192.168.1.55","192.168.1.2","TCP","1514","8004  >  36902 [ACK] Seq=427350 Ack=141 Win=65024 Len=1448 TSval=2916042135 TSecr=3045561907 [TCP segment of a reassembled PDU]"
"66126","38.055098429","192.168.1.55","192.168.1.2","TCP","1514","8004  >  36902 [ACK] Seq=428798 Ack=141 Win=65024 Len=1448 TSval=2916042135 TSecr=3045561907 [TCP segment of a reassembled PDU]"
"66127","38.055099948","192.168.1.55","192.168.1.2","TCP","1514","8004  >  36902 [ACK] Seq=430246 Ack=141 Win=65024 Len=1448 TSval=2916042135 TSecr=3045561907 [TCP segment of a reassembled PDU]"
"66128","38.055101355","192.168.1.55","192.168.1.2","TCP","1514","8004  >  36902 [ACK] Seq=431694 Ack=141 Win=65024 Len=1448 TSval=2916042135 TSecr=3045561907 [TCP segment of a reassembled PDU]"
"66129","38.055102855","192.168.1.55","192.168.1.2","TCP","1514","8004  >  36902 [ACK] Seq=433142 Ack=141 Win=65024 Len=1448 TSval=2916042135 TSecr=3045561907 [TCP segment of a reassembled PDU]"
"66130","38.055104226","192.168.1.55","192.168.1.2","TCP","1514","8004  >  36902 [ACK] Seq=434590 Ack=141 Win=65024 Len=1448 TSval=2916042135 TSecr=3045561907 [TCP segment of a reassembled PDU]"
"66131","38.055105800","192.168.1.55","192.168.1.2","TCP","1514","8004  >  36902 [ACK] Seq=436038 Ack=141 Win=65024 Len=1448 TSval=2916042135 TSecr=3045561907 [TCP segment of a reassembled PDU]"
"66132","38.055107189","192.168.1.55","192.168.1.2","TCP","1514","8004  >  36902 [ACK] Seq=437486 Ack=141 Win=65024 Len=1448 TSval=2916042135 TSecr=3045561907 [TCP segment of a reassembled PDU]"
"66133","38.055108670","192.168.1.55","192.168.1.2","TCP","1514","8004  >  36902 [ACK] Seq=438934 Ack=141 Win=65024 Len=1448 TSval=2916042135 TSecr=3045561907 [TCP segment of a reassembled PDU]"
"66134","38.055110133","192.168.1.55","192.168.1.2","TCP","1514","8004  >  36902 [ACK] Seq=440382 Ack=141 Win=65024 Len=1448 TSval=2916042135 TSecr=3045561907 [TCP segment of a reassembled PDU]"
"66135","38.055111485","192.168.1.55","192.168.1.2","TCP","1514","8004  >  36902 [ACK] Seq=441830 Ack=141 Win=65024 Len=1448 TSval=2916042135 TSecr=3045561907 [TCP segment of a reassembled PDU]"
"66136","38.055112967","192.168.1.55","192.168.1.2","TCP","1514","8004  >  36902 [ACK] Seq=443278 Ack=141 Win=65024 Len=1448 TSval=2916042135 TSecr=3045561907 [TCP segment of a reassembled PDU]"
"66137","38.055114392","192.168.1.55","192.168.1.2","TCP","1514","8004  >  36902 [ACK] Seq=444726 Ack=141 Win=65024 Len=1448 TSval=2916042135 TSecr=3045561907 [TCP segment of a reassembled PDU]"
"66138","38.055115818","192.168.1.55","192.168.1.2","TCP","1514","8004  >  36902 [ACK] Seq=446174 Ack=141 Win=65024 Len=1448 TSval=2916042135 TSecr=3045561907 [TCP segment of a reassembled PDU]"
"66139","38.055117726","192.168.1.55","192.168.1.2","TCP","1514","8004  >  36902 [ACK] Seq=447622 Ack=141 Win=65024 Len=1448 TSval=2916042135 TSecr=3045561907 [TCP segment of a reassembled PDU]"
"66140","38.055119059","192.168.1.55","192.168.1.2","TCP","1514","8004  >  36902 [ACK] Seq=449070 Ack=141 Win=65024 Len=1448 TSval=2916042135 TSecr=3045561907 [TCP segment of a reassembled PDU]"
"66141","38.055120411","192.168.1.55","192.168.1.2","TCP","1514","8004  >  36902 [ACK] Seq=450518 Ack=141 Win=65024 Len=1448 TSval=2916042135 TSecr=3045561907 [TCP segment of a reassembled PDU]"
"66142","38.055121837","192.168.1.55","192.168.1.2","TCP","1514","8004  >  36902 [ACK] Seq=451966 Ack=141 Win=65024 Len=1448 TSval=2916042135 TSecr=3045561907 [TCP segment of a reassembled PDU]"
"66143","38.055123189","192.168.1.55","192.168.1.2","TCP","1514","8004  >  36902 [ACK] Seq=453414 Ack=141 Win=65024 Len=1448 TSval=2916042135 TSecr=3045561907 [TCP segment of a reassembled PDU]"
"66144","38.055124670","192.168.1.55","192.168.1.2","TCP","1514","8004  >  36902 [ACK] Seq=454862 Ack=141 Win=65024 Len=1448 TSval=2916042135 TSecr=3045561907 [TCP segment of a reassembled PDU]"
"66145","38.055126022","192.168.1.55","192.168.1.2","TCP","1514","8004  >  36902 [ACK] Seq=456310 Ack=141 Win=65024 Len=1448 TSval=2916042135 TSecr=3045561907 [TCP segment of a reassembled PDU]"
"66146","38.055127670","192.168.1.55","192.168.1.2","TCP","1514","8004  >  36902 [ACK] Seq=457758 Ack=141 Win=65024 Len=1448 TSval=2916042135 TSecr=3045561907 [TCP segment of a reassembled PDU]"
"66147","38.055129115","192.168.1.55","192.168.1.2","TCP","1514","8004  >  36902 [ACK] Seq=459206 Ack=141 Win=65024 Len=1448 TSval=2916042135 TSecr=3045561907 [TCP segment of a reassembled PDU]"
"66148","38.055130485","192.168.1.55","192.168.1.2","TCP","1514","8004  >  36902 [ACK] Seq=460654 Ack=141 Win=65024 Len=1448 TSval=2916042135 TSecr=3045561907 [TCP segment of a reassembled PDU]"
"66149","38.055131855","192.168.1.55","192.168.1.2","TCP","1514","8004  >  36902 [ACK] Seq=462102 Ack=141 Win=65024 Len=1448 TSval=2916042135 TSecr=3045561907 [TCP segment of a reassembled PDU]"
"66150","38.055133300","192.168.1.55","192.168.1.2","TCP","1514","8004  >  36902 [PSH, ACK] Seq=463550 Ack=141 Win=65024 Len=1448 TSval=2916042135 TSecr=3045561907 [TCP segment of a reassembled PDU]"
"66151","38.055138800","192.168.1.2","192.168.1.55","TCP","66","36902  >  8004 [ACK] Seq=141 Ack=352054 Win=164864 Len=0 TSval=3045561908 TSecr=2916042127"
"66152","38.055177726","192.168.1.55","192.168.1.2","TCP","1514","8004  >  36902 [ACK] Seq=464998 Ack=141 Win=65024 Len=1448 TSval=2916042135 TSecr=3045561908 [TCP segment of a reassembled PDU]"
"66153","38.055179856","192.168.1.55","192.168.1.2","TCP","1514","8004  >  36902 [ACK] Seq=466446 Ack=141 Win=65024 Len=1448 TSval=2916042135 TSecr=3045561908 [TCP segment of a reassembled PDU]"
"66154","38.055181281","192.168.1.55","192.168.1.2","TCP","1514","8004  >  36902 [ACK] Seq=467894 Ack=141 Win=65024 Len=1448 TSval=2916042135 TSecr=3045561908 [TCP segment of a reassembled PDU]"
"66155","38.055182800","192.168.1.55","192.168.1.2","TCP","1514","8004  >  36902 [ACK] Seq=469342 Ack=141 Win=65024 Len=1448 TSval=2916042135 TSecr=3045561908 [TCP segment of a reassembled PDU]"
"66156","38.055184207","192.168.1.55","192.168.1.2","TCP","1514","8004  >  36902 [ACK] Seq=470790 Ack=141 Win=65024 Len=1448 TSval=2916042135 TSecr=3045561908 [TCP segment of a reassembled PDU]"
"66157","38.055185596","192.168.1.55","192.168.1.2","TCP","1514","8004  >  36902 [ACK] Seq=472238 Ack=141 Win=65024 Len=1448 TSval=2916042135 TSecr=3045561908 [TCP segment of a reassembled PDU]"
"66158","38.055187096","192.168.1.55","192.168.1.2","TCP","1514","8004  >  36902 [ACK] Seq=473686 Ack=141 Win=65024 Len=1448 TSval=2916042135 TSecr=3045561908 [TCP segment of a reassembled PDU]"
"66159","38.055188726","192.168.1.55","192.168.1.2","TCP","1514","8004  >  36902 [ACK] Seq=475134 Ack=141 Win=65024 Len=1448 TSval=2916042135 TSecr=3045561908 [TCP segment of a reassembled PDU]"
"66160","38.055190300","192.168.1.55","192.168.1.2","TCP","1514","8004  >  36902 [ACK] Seq=476582 Ack=141 Win=65024 Len=1448 TSval=2916042135 TSecr=3045561908 [TCP segment of a reassembled PDU]"
"66161","38.055191893","192.168.1.55","192.168.1.2","TCP","1514","8004  >  36902 [ACK] Seq=478030 Ack=141 Win=65024 Len=1448 TSval=2916042135 TSecr=3045561908 [TCP segment of a reassembled PDU]"
"66162","38.055193485","192.168.1.55","192.168.1.2","TCP","1514","8004  >  36902 [ACK] Seq=479478 Ack=141 Win=65024 Len=1448 TSval=2916042135 TSecr=3045561908 [TCP segment of a reassembled PDU]"
"66163","38.055195022","192.168.1.55","192.168.1.2","TCP","1514","8004  >  36902 [ACK] Seq=480926 Ack=141 Win=65024 Len=1448 TSval=2916042135 TSecr=3045561908 [TCP segment of a reassembled PDU]"
"66164","38.055196522","192.168.1.55","192.168.1.2","TCP","1514","8004  >  36902 [ACK] Seq=482374 Ack=141 Win=65024 Len=1448 TSval=2916042135 TSecr=3045561908 [TCP segment of a reassembled PDU]"
"66165","38.055198504","192.168.1.55","192.168.1.2","TCP","1514","8004  >  36902 [ACK] Seq=483822 Ack=141 Win=65024 Len=1448 TSval=2916042135 TSecr=3045561908 [TCP segment of a reassembled PDU]"
"66166","38.055200059","192.168.1.55","192.168.1.2","TCP","1514","8004  >  36902 [ACK] Seq=485270 Ack=141 Win=65024 Len=1448 TSval=2916042135 TSecr=3045561908 [TCP segment of a reassembled PDU]"
"66167","38.055201504","192.168.1.55","192.168.1.2","TCP","1514","8004  >  36902 [ACK] Seq=486718 Ack=141 Win=65024 Len=1448 TSval=2916042135 TSecr=3045561908 [TCP segment of a reassembled PDU]"
"66168","38.055203115","192.168.1.55","192.168.1.2","TCP","1514","8004  >  36902 [ACK] Seq=488166 Ack=141 Win=65024 Len=1448 TSval=2916042135 TSecr=3045561908 [TCP segment of a reassembled PDU]"
"66169","38.055204744","192.168.1.55","192.168.1.2","TCP","1514","8004  >  36902 [ACK] Seq=489614 Ack=141 Win=65024 Len=1448 TSval=2916042135 TSecr=3045561908 [TCP segment of a reassembled PDU]"
"66170","38.055206170","192.168.1.55","192.168.1.2","TCP","1514","8004  >  36902 [ACK] Seq=491062 Ack=141 Win=65024 Len=1448 TSval=2916042135 TSecr=3045561908 [TCP segment of a reassembled PDU]"
"66171","38.055207689","192.168.1.55","192.168.1.2","TCP","1514","8004  >  36902 [ACK] Seq=492510 Ack=141 Win=65024 Len=1448 TSval=2916042135 TSecr=3045561908 [TCP segment of a reassembled PDU]"
"66172","38.055209152","192.168.1.55","192.168.1.2","TCP","1514","8004  >  36902 [ACK] Seq=493958 Ack=141 Win=65024 Len=1448 TSval=2916042135 TSecr=3045561908 [TCP segment of a reassembled PDU]"
"66173","38.055210726","192.168.1.55","192.168.1.2","TCP","1514","8004  >  36902 [ACK] Seq=495406 Ack=141 Win=65024 Len=1448 TSval=2916042135 TSecr=3045561908 [TCP segment of a reassembled PDU]"
"66174","38.055212319","192.168.1.55","192.168.1.2","TCP","1514","8004  >  36902 [ACK] Seq=496854 Ack=141 Win=65024 Len=1448 TSval=2916042135 TSecr=3045561908 [TCP segment of a reassembled PDU]"
"66175","38.055213744","192.168.1.55","192.168.1.2","HTTP","1472","HTTP/1.0 200 OK  (PNG)"
"66176","38.055246208","192.168.1.2","192.168.1.55","TCP","66","36902  >  8004 [ACK] Seq=141 Ack=378118 Win=161792 Len=0 TSval=3045561911 TSecr=2916042132"
"66177","38.062719905","192.168.1.2","192.168.1.55","TCP","66","36902  >  8004 [ACK] Seq=141 Ack=388254 Win=178176 Len=0 TSval=3045561916 TSecr=2916042132"
"66178","38.062892479","192.168.1.2","192.168.1.55","TCP","66","36902  >  8004 [ACK] Seq=141 Ack=389702 Win=178176 Len=0 TSval=3045561916 TSecr=2916042135"
"66179","38.062898961","192.168.1.2","192.168.1.55","TCP","66","36902  >  8004 [ACK] Seq=141 Ack=427350 Win=204800 Len=0 TSval=3045561917 TSecr=2916042135"
"66180","38.062905368","192.168.1.2","192.168.1.55","TCP","66","36902  >  8004 [ACK] Seq=141 Ack=464998 Win=204800 Len=0 TSval=3045561917 TSecr=2916042135"
"66181","38.062914016","192.168.1.2","192.168.1.55","TCP","66","36902  >  8004 [ACK] Seq=141 Ack=480926 Win=190464 Len=0 TSval=3045561917 TSecr=2916042135"
"66182","38.062973998","192.168.1.2","192.168.1.55","TCP","66","36902  >  8004 [ACK] Seq=141 Ack=492510 Win=224256 Len=0 TSval=3045561917 TSecr=2916042135"
"66183","38.062981479","192.168.1.2","192.168.1.55","TCP","66","36902  >  8004 [ACK] Seq=141 Ack=498302 Win=229376 Len=0 TSval=3045561918 TSecr=2916042135"
"66184","38.064590408","192.168.1.2","192.168.1.55","TCP","66","36902  >  8004 [FIN, ACK] Seq=141 Ack=499709 Win=232448 Len=0 TSval=3045561919 TSecr=2916042135"
"66185","38.064604963","192.168.1.55","192.168.1.2","TCP","66","8004  >  36902 [ACK] Seq=499709 Ack=142 Win=65024 Len=0 TSval=2916042145 TSecr=3045561919"
"66186","38.064721149","192.168.1.2","192.168.1.55","TCP","74","36904  >  8004 [SYN] Seq=0 Win=64240 Len=0 MSS=1460 SACK_PERM TSval=3045561919 TSecr=0 WS=1024"
"66187","38.064746797","192.168.1.55","192.168.1.2","TCP","74","8004  >  36904 [SYN, ACK] Seq=0 Ack=1 Win=65160 Len=0 MSS=1460 SACK_PERM TSval=2916042145 TSecr=3045561919 WS=128"
"66188","38.067855654","192.168.1.2","192.168.1.55","TCP","66","36904  >  8004 [ACK] Seq=1 Ack=1 Win=64512 Len=0 TSval=3045561922 TSecr=2916042145"
"66189","38.071065159","192.168.1.2","192.168.1.55","HTTP","209","GET /original_benchmark.png HTTP/1.1 "
"66190","38.071081474","192.168.1.55","192.168.1.2","TCP","66","8004  >  36904 [ACK] Seq=1 Ack=144 Win=65024 Len=0 TSval=2916042151 TSecr=3045561922"
"66191","38.071570752","192.168.1.55","192.168.1.2","TCP","255","8004  >  36904 [PSH, ACK] Seq=1 Ack=144 Win=65024 Len=189 TSval=2916042152 TSecr=3045561922 [TCP segment of a reassembled PDU]"
"66192","38.071668364","192.168.1.55","192.168.1.2","TCP","1514","8004  >  36904 [ACK] Seq=190 Ack=144 Win=65024 Len=1448 TSval=2916042152 TSecr=3045561922 [TCP segment of a reassembled PDU]"
"66193","38.071674197","192.168.1.55","192.168.1.2","TCP","1514","8004  >  36904 [ACK] Seq=1638 Ack=144 Win=65024 Len=1448 TSval=2916042152 TSecr=3045561922 [TCP segment of a reassembled PDU]"
"66194","38.071675586","192.168.1.55","192.168.1.2","TCP","1514","8004  >  36904 [ACK] Seq=3086 Ack=144 Win=65024 Len=1448 TSval=2916042152 TSecr=3045561922 [TCP segment of a reassembled PDU]"
"66195","38.071677142","192.168.1.55","192.168.1.2","TCP","1514","8004  >  36904 [ACK] Seq=4534 Ack=144 Win=65024 Len=1448 TSval=2916042152 TSecr=3045561922 [TCP segment of a reassembled PDU]"
"66196","38.071678901","192.168.1.55","192.168.1.2","TCP","1514","8004  >  36904 [PSH, ACK] Seq=5982 Ack=144 Win=65024 Len=1448 TSval=2916042152 TSecr=3045561922 [TCP segment of a reassembled PDU]"
"66197","38.071695660","192.168.1.55","192.168.1.2","TCP","1514","8004  >  36904 [ACK] Seq=7430 Ack=144 Win=65024 Len=1448 TSval=2916042152 TSecr=3045561922 [TCP segment of a reassembled PDU]"
"66198","38.071697586","192.168.1.55","192.168.1.2","TCP","1514","8004  >  36904 [ACK] Seq=8878 Ack=144 Win=65024 Len=1448 TSval=2916042152 TSecr=3045561922 [TCP segment of a reassembled PDU]"
"66199","38.071698938","192.168.1.55","192.168.1.2","TCP","1514","8004  >  36904 [ACK] Seq=10326 Ack=144 Win=65024 Len=1448 TSval=2916042152 TSecr=3045561922 [TCP segment of a reassembled PDU]"
"66200","38.071700216","192.168.1.55","192.168.1.2","TCP","1514","8004  >  36904 [PSH, ACK] Seq=11774 Ack=144 Win=65024 Len=1448 TSval=2916042152 TSecr=3045561922 [TCP segment of a reassembled PDU]"
"66201","38.075738833","192.168.1.2","192.168.1.55","TCP","66","36904  >  8004 [ACK] Seq=144 Ack=190 Win=64512 Len=0 TSval=3045561930 TSecr=2916042152"
"66202","38.075872722","192.168.1.55","192.168.1.2","TCP","1514","8004  >  36904 [ACK] Seq=13222 Ack=144 Win=65024 Len=1448 TSval=2916042156 TSecr=3045561930 [TCP segment of a reassembled PDU]"
"66203","38.075891389","192.168.1.55","192.168.1.2","TCP","1514","8004  >  36904 [PSH, ACK] Seq=14670 Ack=144 Win=65024 Len=1448 TSval=2916042156 TSecr=3045561930 [TCP segment of a reassembled PDU]"
"66204","38.076045834","192.168.1.2","192.168.1.55","TCP","66","36904  >  8004 [ACK] Seq=144 Ack=11774 Win=73728 Len=0 TSval=3045561930 TSecr=2916042152"
"66205","38.076161667","192.168.1.55","192.168.1.2","TCP","1514","8004  >  36904 [ACK] Seq=16118 Ack=144 Win=65024 Len=1448 TSval=2916042156 TSecr=3045561930 [TCP segment of a reassembled PDU]"
"66206","38.076170908","192.168.1.55","192.168.1.2","TCP","1514","8004  >  36904 [ACK] Seq=17566 Ack=144 Win=65024 Len=1448 TSval=2916042156 TSecr=3045561930 [TCP segment of a reassembled PDU]"
"66207","38.076172760","192.168.1.55","192.168.1.2","TCP","1514","8004  >  36904 [ACK] Seq=19014 Ack=144 Win=65024 Len=1448 TSval=2916042156 TSecr=3045561930 [TCP segment of a reassembled PDU]"
"66208","38.076174927","192.168.1.55","192.168.1.2","TCP","1514","8004  >  36904 [ACK] Seq=20462 Ack=144 Win=65024 Len=1448 TSval=2916042156 TSecr=3045561930 [TCP segment of a reassembled PDU]"
"66209","38.076178649","192.168.1.55","192.168.1.2","TCP","1514","8004  >  36904 [ACK] Seq=21910 Ack=144 Win=65024 Len=1448 TSval=2916042156 TSecr=3045561930 [TCP segment of a reassembled PDU]"
"66210","38.076180908","192.168.1.55","192.168.1.2","TCP","1514","8004  >  36904 [ACK] Seq=23358 Ack=144 Win=65024 Len=1448 TSval=2916042156 TSecr=3045561930 [TCP segment of a reassembled PDU]"
"66211","38.076183223","192.168.1.55","192.168.1.2","TCP","1514","8004  >  36904 [ACK] Seq=24806 Ack=144 Win=65024 Len=1448 TSval=2916042156 TSecr=3045561930 [TCP segment of a reassembled PDU]"
"66212","38.076186056","192.168.1.55","192.168.1.2","TCP","1514","8004  >  36904 [ACK] Seq=26254 Ack=144 Win=65024 Len=1448 TSval=2916042156 TSecr=3045561930 [TCP segment of a reassembled PDU]"
"66213","38.076188593","192.168.1.55","192.168.1.2","TCP","1514","8004  >  36904 [PSH, ACK] Seq=27702 Ack=144 Win=65024 Len=1448 TSval=2916042156 TSecr=3045561930 [TCP segment of a reassembled PDU]"
"66214","38.076248297","192.168.1.55","192.168.1.2","TCP","1514","8004  >  36904 [ACK] Seq=29150 Ack=144 Win=65024 Len=1448 TSval=2916042156 TSecr=3045561930 [TCP segment of a reassembled PDU]"
"66215","38.076252538","192.168.1.55","192.168.1.2","TCP","1514","8004  >  36904 [ACK] Seq=30598 Ack=144 Win=65024 Len=1448 TSval=2916042156 TSecr=3045561930 [TCP segment of a reassembled PDU]"
"66216","38.076254445","192.168.1.55","192.168.1.2","TCP","1514","8004  >  36904 [ACK] Seq=32046 Ack=144 Win=65024 Len=1448 TSval=2916042156 TSecr=3045561930 [TCP segment of a reassembled PDU]"
"66217","38.076255908","192.168.1.55","192.168.1.2","TCP","1514","8004  >  36904 [ACK] Seq=33494 Ack=144 Win=65024 Len=1448 TSval=2916042156 TSecr=3045561930 [TCP segment of a reassembled PDU]"
"66218","38.076257297","192.168.1.55","192.168.1.2","TCP","1514","8004  >  36904 [ACK] Seq=34942 Ack=144 Win=65024 Len=1448 TSval=2916042156 TSecr=3045561930 [TCP segment of a reassembled PDU]"
"66219","38.076259538","192.168.1.55","192.168.1.2","TCP","1514","8004  >  36904 [ACK] Seq=36390 Ack=144 Win=65024 Len=1448 TSval=2916042156 TSecr=3045561930 [TCP segment of a reassembled PDU]"
"66220","38.076261149","192.168.1.55","192.168.1.2","TCP","1514","8004  >  36904 [PSH, ACK] Seq=37838 Ack=144 Win=65024 Len=1448 TSval=2916042156 TSecr=3045561930 [TCP segment of a reassembled PDU]"
"66221","38.076268038","192.168.1.2","192.168.1.55","TCP","66","36904  >  8004 [ACK] Seq=144 Ack=13222 Win=76800 Len=0 TSval=3045561930 TSecr=2916042152"
"66222","38.077045854","192.168.1.55","192.168.1.2","TCP","1514","8004  >  36904 [ACK] Seq=39286 Ack=144 Win=65024 Len=1448 TSval=2916042157 TSecr=3045561930 [TCP segment of a reassembled PDU]"
"66223","38.077050317","192.168.1.55","192.168.1.2","TCP","1514","8004  >  36904 [PSH, ACK] Seq=40734 Ack=144 Win=65024 Len=1448 TSval=2916042157 TSecr=3045561930 [TCP segment of a reassembled PDU]"
"66224","38.081078101","192.168.1.2","192.168.1.55","TCP","66","36904  >  8004 [ACK] Seq=144 Ack=16118 Win=82944 Len=0 TSval=3045561935 TSecr=2916042156"
"66225","38.081107898","192.168.1.55","192.168.1.2","TCP","1514","8004  >  36904 [ACK] Seq=42182 Ack=144 Win=65024 Len=1448 TSval=2916042161 TSecr=3045561935 [TCP segment of a reassembled PDU]"
"66226","38.081111823","192.168.1.55","192.168.1.2","TCP","1514","8004  >  36904 [PSH, ACK] Seq=43630 Ack=144 Win=65024 Len=1448 TSval=2916042161 TSecr=3045561935 [TCP segment of a reassembled PDU]"
"66227","38.081323250","192.168.1.2","192.168.1.55","TCP","66","36904  >  8004 [ACK] Seq=144 Ack=29150 Win=82944 Len=0 TSval=3045561935 TSecr=2916042156"
"66228","38.081351083","192.168.1.55","192.168.1.2","TCP","1514","8004  >  36904 [ACK] Seq=45078 Ack=144 Win=65024 Len=1448 TSval=2916042162 TSecr=3045561935 [TCP segment of a reassembled PDU]"
"66229","38.081353176","192.168.1.55","192.168.1.2","TCP","1514","8004  >  36904 [ACK] Seq=46526 Ack=144 Win=65024 Len=1448 TSval=2916042162 TSecr=3045561935 [TCP segment of a reassembled PDU]"
"66230","38.081354731","192.168.1.55","192.168.1.2","TCP","1514","8004  >  36904 [ACK] Seq=47974 Ack=144 Win=65024 Len=1448 TSval=2916042162 TSecr=3045561935 [TCP segment of a reassembled PDU]"
"66231","38.081357361","192.168.1.55","192.168.1.2","TCP","1514","8004  >  36904 [ACK] Seq=49422 Ack=144 Win=65024 Len=1448 TSval=2916042162 TSecr=3045561935 [TCP segment of a reassembled PDU]"
"66232","38.081359028","192.168.1.55","192.168.1.2","TCP","1514","8004  >  36904 [ACK] Seq=50870 Ack=144 Win=65024 Len=1448 TSval=2916042162 TSecr=3045561935 [TCP segment of a reassembled PDU]"
"66233","38.081360416","192.168.1.55","192.168.1.2","TCP","1514","8004  >  36904 [ACK] Seq=52318 Ack=144 Win=65024 Len=1448 TSval=2916042162 TSecr=3045561935 [TCP segment of a reassembled PDU]"
"66234","38.081361805","192.168.1.55","192.168.1.2","TCP","1514","8004  >  36904 [ACK] Seq=53766 Ack=144 Win=65024 Len=1448 TSval=2916042162 TSecr=3045561935 [TCP segment of a reassembled PDU]"
"66235","38.081363139","192.168.1.55","192.168.1.2","TCP","1514","8004  >  36904 [ACK] Seq=55214 Ack=144 Win=65024 Len=1448 TSval=2916042162 TSecr=3045561935 [TCP segment of a reassembled PDU]"
"66236","38.081364620","192.168.1.55","192.168.1.2","TCP","1514","8004  >  36904 [ACK] Seq=56662 Ack=144 Win=65024 Len=1448 TSval=2916042162 TSecr=3045561935 [TCP segment of a reassembled PDU]"
"66237","38.081365861","192.168.1.55","192.168.1.2","TCP","1514","8004  >  36904 [ACK] Seq=58110 Ack=144 Win=65024 Len=1448 TSval=2916042162 TSecr=3045561935 [TCP segment of a reassembled PDU]"
"66238","38.081368231","192.168.1.55","192.168.1.2","TCP","1514","8004  >  36904 [ACK] Seq=59558 Ack=144 Win=65024 Len=1448 TSval=2916042162 TSecr=3045561935 [TCP segment of a reassembled PDU]"
"66239","38.081369879","192.168.1.55","192.168.1.2","TCP","1514","8004  >  36904 [ACK] Seq=61006 Ack=144 Win=65024 Len=1448 TSval=2916042162 TSecr=3045561935 [TCP segment of a reassembled PDU]"
"66240","38.081371250","192.168.1.55","192.168.1.2","TCP","1514","8004  >  36904 [ACK] Seq=62454 Ack=144 Win=65024 Len=1448 TSval=2916042162 TSecr=3045561935 [TCP segment of a reassembled PDU]"
"66241","38.081372750","192.168.1.55","192.168.1.2","TCP","1514","8004  >  36904 [ACK] Seq=63902 Ack=144 Win=65024 Len=1448 TSval=2916042162 TSecr=3045561935 [TCP segment of a reassembled PDU]"
"66242","38.081374176","192.168.1.55","192.168.1.2","TCP","1514","8004  >  36904 [PSH, ACK] Seq=65350 Ack=144 Win=65024 Len=1448 TSval=2916042162 TSecr=3045561935 [TCP segment of a reassembled PDU]"
"66243","38.081381324","192.168.1.2","192.168.1.55","TCP","66","36904  >  8004 [ACK] Seq=144 Ack=36390 Win=76800 Len=0 TSval=3045561935 TSecr=2916042156"
"66244","38.081404435","192.168.1.55","192.168.1.2","TCP","1514","8004  >  36904 [ACK] Seq=66798 Ack=144 Win=65024 Len=1448 TSval=2916042162 TSecr=3045561935 [TCP segment of a reassembled PDU]"
"66245","38.081406454","192.168.1.55","192.168.1.2","TCP","1514","8004  >  36904 [ACK] Seq=68246 Ack=144 Win=65024 Len=1448 TSval=2916042162 TSecr=3045561935 [TCP segment of a reassembled PDU]"
"66246","38.081407657","192.168.1.55","192.168.1.2","TCP","1514","8004  >  36904 [ACK] Seq=69694 Ack=144 Win=65024 Len=1448 TSval=2916042162 TSecr=3045561935 [TCP segment of a reassembled PDU]"
"66247","38.081408954","192.168.1.55","192.168.1.2","TCP","1514","8004  >  36904 [ACK] Seq=71142 Ack=144 Win=65024 Len=1448 TSval=2916042162 TSecr=3045561935 [TCP segment of a reassembled PDU]"
"66248","38.081410194","192.168.1.55","192.168.1.2","TCP","1514","8004  >  36904 [ACK] Seq=72590 Ack=144 Win=65024 Len=1448 TSval=2916042162 TSecr=3045561935 [TCP segment of a reassembled PDU]"
"66249","38.081411657","192.168.1.55","192.168.1.2","TCP","1514","8004  >  36904 [ACK] Seq=74038 Ack=144 Win=65024 Len=1448 TSval=2916042162 TSecr=3045561935 [TCP segment of a reassembled PDU]"
"66250","38.081413213","192.168.1.55","192.168.1.2","TCP","1514","8004  >  36904 [PSH, ACK] Seq=75486 Ack=144 Win=65024 Len=1448 TSval=2916042162 TSecr=3045561935 [TCP segment of a reassembled PDU]"
"66251","38.081417639","192.168.1.2","192.168.1.55","TCP","66","36904  >  8004 [ACK] Seq=144 Ack=39286 Win=89088 Len=0 TSval=3045561935 TSecr=2916042156"
"66252","38.081421991","192.168.1.2","192.168.1.55","TCP","66","36904  >  8004 [ACK] Seq=144 Ack=42182 Win=94208 Len=0 TSval=3045561935 TSecr=2916042157"
"66253","38.081489417","192.168.1.55","192.168.1.2","TCP","1514","8004  >  36904 [ACK] Seq=76934 Ack=144 Win=65024 Len=1448 TSval=2916042162 TSecr=3045561935 [TCP segment of a reassembled PDU]"
"66254","38.081497287","192.168.1.55","192.168.1.2","TCP","1514","8004  >  36904 [ACK] Seq=78382 Ack=144 Win=65024 Len=1448 TSval=2916042162 TSecr=3045561935 [TCP segment of a reassembled PDU]"
"66255","38.081498565","192.168.1.55","192.168.1.2","TCP","1514","8004  >  36904 [ACK] Seq=79830 Ack=144 Win=65024 Len=1448 TSval=2916042162 TSecr=3045561935 [TCP segment of a reassembled PDU]"
"66256","38.081499917","192.168.1.55","192.168.1.2","TCP","1514","8004  >  36904 [ACK] Seq=81278 Ack=144 Win=65024 Len=1448 TSval=2916042162 TSecr=3045561935 [TCP segment of a reassembled PDU]"
"66257","38.081501157","192.168.1.55","192.168.1.2","TCP","1514","8004  >  36904 [ACK] Seq=82726 Ack=144 Win=65024 Len=1448 TSval=2916042162 TSecr=3045561935 [TCP segment of a reassembled PDU]"
"66258","38.081502435","192.168.1.55","192.168.1.2","TCP","1514","8004  >  36904 [ACK] Seq=84174 Ack=144 Win=65024 Len=1448 TSval=2916042162 TSecr=3045561935 [TCP segment of a reassembled PDU]"
"66259","38.081503880","192.168.1.55","192.168.1.2","TCP","1514","8004  >  36904 [ACK] Seq=85622 Ack=144 Win=65024 Len=1448 TSval=2916042162 TSecr=3045561935 [TCP segment of a reassembled PDU]"
"66260","38.081505509","192.168.1.55","192.168.1.2","TCP","1514","8004  >  36904 [ACK] Seq=87070 Ack=144 Win=65024 Len=1448 TSval=2916042162 TSecr=3045561935 [TCP segment of a reassembled PDU]"
"66261","38.081507361","192.168.1.55","192.168.1.2","TCP","1514","8004  >  36904 [ACK] Seq=88518 Ack=144 Win=65024 Len=1448 TSval=2916042162 TSecr=3045561935 [TCP segment of a reassembled PDU]"
"66262","38.081509620","192.168.1.55","192.168.1.2","TCP","1514","8004  >  36904 [ACK] Seq=89966 Ack=144 Win=65024 Len=1448 TSval=2916042162 TSecr=3045561935 [TCP segment of a reassembled PDU]"
"66263","38.081510972","192.168.1.55","192.168.1.2","TCP","1514","8004  >  36904 [ACK] Seq=91414 Ack=144 Win=65024 Len=1448 TSval=2916042162 TSecr=3045561935 [TCP segment of a reassembled PDU]"
"66264","38.081520565","192.168.1.55","192.168.1.2","TCP","1514","8004  >  36904 [ACK] Seq=92862 Ack=144 Win=65024 Len=1448 TSval=2916042162 TSecr=3045561935 [TCP segment of a reassembled PDU]"
"66265","38.081522102","192.168.1.55","192.168.1.2","TCP","1514","8004  >  36904 [ACK] Seq=94310 Ack=144 Win=65024 Len=1448 TSval=2916042162 TSecr=3045561935 [TCP segment of a reassembled PDU]"
"66266","38.081523509","192.168.1.55","192.168.1.2","TCP","1514","8004  >  36904 [ACK] Seq=95758 Ack=144 Win=65024 Len=1448 TSval=2916042162 TSecr=3045561935 [TCP segment of a reassembled PDU]"
"66267","38.081524787","192.168.1.55","192.168.1.2","TCP","1514","8004  >  36904 [ACK] Seq=97206 Ack=144 Win=65024 Len=1448 TSval=2916042162 TSecr=3045561935 [TCP segment of a reassembled PDU]"
"66268","38.081526083","192.168.1.55","192.168.1.2","TCP","1514","8004  >  36904 [PSH, ACK] Seq=98654 Ack=144 Win=65024 Len=1448 TSval=2916042162 TSecr=3045561935 [TCP segment of a reassembled PDU]"
"66269","38.086416277","192.168.1.2","192.168.1.55","TCP","66","36904  >  8004 [ACK] Seq=144 Ack=45078 Win=92160 Len=0 TSval=3045561938 TSecr=2916042161"
"66270","38.086477777","192.168.1.55","192.168.1.2","TCP","1514","8004  >  36904 [ACK] Seq=100102 Ack=144 Win=65024 Len=1448 TSval=2916042167 TSecr=3045561938 [TCP segment of a reassembled PDU]"
"66271","38.086482888","192.168.1.55","192.168.1.2","TCP","1514","8004  >  36904 [ACK] Seq=101550 Ack=144 Win=65024 Len=1448 TSval=2916042167 TSecr=3045561938 [TCP segment of a reassembled PDU]"
"66272","38.086484203","192.168.1.55","192.168.1.2","TCP","1514","8004  >  36904 [ACK] Seq=102998 Ack=144 Win=65024 Len=1448 TSval=2916042167 TSecr=3045561938 [TCP segment of a reassembled PDU]"
"66273","38.086486351","192.168.1.55","192.168.1.2","TCP","1514","8004  >  36904 [PSH, ACK] Seq=104446 Ack=144 Win=65024 Len=1448 TSval=2916042167 TSecr=3045561938 [TCP segment of a reassembled PDU]"
"66274","38.086784759","192.168.1.2","192.168.1.55","TCP","66","36904  >  8004 [ACK] Seq=144 Ack=49422 Win=93184 Len=0 TSval=3045561938 TSecr=2916042162"
"66275","38.086800444","192.168.1.55","192.168.1.2","TCP","1514","8004  >  36904 [ACK] Seq=105894 Ack=144 Win=65024 Len=1448 TSval=2916042167 TSecr=3045561938 [TCP segment of a reassembled PDU]"
"66276","38.086802648","192.168.1.55","192.168.1.2","TCP","1514","8004  >  36904 [ACK] Seq=107342 Ack=144 Win=65024 Len=1448 TSval=2916042167 TSecr=3045561938 [TCP segment of a reassembled PDU]"
"66277","38.086803981","192.168.1.55","192.168.1.2","TCP","1514","8004  >  36904 [ACK] Seq=108790 Ack=144 Win=65024 Len=1448 TSval=2916042167 TSecr=3045561938 [TCP segment of a reassembled PDU]"
"66278","38.086805536","192.168.1.55","192.168.1.2","TCP","1514","8004  >  36904 [ACK] Seq=110238 Ack=144 Win=65024 Len=1448 TSval=2916042167 TSecr=3045561938 [TCP segment of a reassembled PDU]"
"66279","38.086806907","192.168.1.55","192.168.1.2","TCP","1514","8004  >  36904 [PSH, ACK] Seq=111686 Ack=144 Win=65024 Len=1448 TSval=2916042167 TSecr=3045561938 [TCP segment of a reassembled PDU]"
"66280","38.086811907","192.168.1.2","192.168.1.55","TCP","66","36904  >  8004 [ACK] Seq=144 Ack=66798 Win=77824 Len=0 TSval=3045561941 TSecr=2916042162"
"66281","38.086849981","192.168.1.55","192.168.1.2","TCP","1514","8004  >  36904 [ACK] Seq=113134 Ack=144 Win=65024 Len=1448 TSval=2916042167 TSecr=3045561941 [TCP segment of a reassembled PDU]"
"66282","38.086852407","192.168.1.55","192.168.1.2","TCP","1514","8004  >  36904 [ACK] Seq=114582 Ack=144 Win=65024 Len=1448 TSval=2916042167 TSecr=3045561941 [TCP segment of a reassembled PDU]"
"66283","38.086853685","192.168.1.55","192.168.1.2","TCP","1514","8004  >  36904 [ACK] Seq=116030 Ack=144 Win=65024 Len=1448 TSval=2916042167 TSecr=3045561941 [TCP segment of a reassembled PDU]"
"66284","38.086854999","192.168.1.55","192.168.1.2","TCP","1514","8004  >  36904 [ACK] Seq=117478 Ack=144 Win=65024 Len=1448 TSval=2916042167 TSecr=3045561941 [TCP segment of a reassembled PDU]"
"66285","38.086856222","192.168.1.55","192.168.1.2","TCP","1514","8004  >  36904 [ACK] Seq=118926 Ack=144 Win=65024 Len=1448 TSval=2916042167 TSecr=3045561941 [TCP segment of a reassembled PDU]"
"66286","38.086857833","192.168.1.55","192.168.1.2","TCP","1514","8004  >  36904 [ACK] Seq=120374 Ack=144 Win=65024 Len=1448 TSval=2916042167 TSecr=3045561941 [TCP segment of a reassembled PDU]"
"66287","38.086859185","192.168.1.55","192.168.1.2","TCP","1514","8004  >  36904 [ACK] Seq=121822 Ack=144 Win=65024 Len=1448 TSval=2916042167 TSecr=3045561941 [TCP segment of a reassembled PDU]"
"66288","38.086860407","192.168.1.55","192.168.1.2","TCP","1514","8004  >  36904 [ACK] Seq=123270 Ack=144 Win=65024 Len=1448 TSval=2916042167 TSecr=3045561941 [TCP segment of a reassembled PDU]"
"66289","38.086861740","192.168.1.55","192.168.1.2","TCP","1514","8004  >  36904 [ACK] Seq=124718 Ack=144 Win=65024 Len=1448 TSval=2916042167 TSecr=3045561941 [TCP segment of a reassembled PDU]"
"66290","38.086863092","192.168.1.55","192.168.1.2","TCP","1514","8004  >  36904 [ACK] Seq=126166 Ack=144 Win=65024 Len=1448 TSval=2916042167 TSecr=3045561941 [TCP segment of a reassembled PDU]"
"66291","38.086864444","192.168.1.55","192.168.1.2","TCP","1514","8004  >  36904 [ACK] Seq=127614 Ack=144 Win=65024 Len=1448 TSval=2916042167 TSecr=3045561941 [TCP segment of a reassembled PDU]"
"66292","38.086865833","192.168.1.55","192.168.1.2","TCP","1514","8004  >  36904 [ACK] Seq=129062 Ack=144 Win=65024 Len=1448 TSval=2916042167 TSecr=3045561941 [TCP segment of a reassembled PDU]"
"66293","38.086867222","192.168.1.55","192.168.1.2","TCP","1514","8004  >  36904 [ACK] Seq=130510 Ack=144 Win=65024 Len=1448 TSval=2916042167 TSecr=3045561941 [TCP segment of a reassembled PDU]"
"66294","38.086868537","192.168.1.55","192.168.1.2","TCP","1514","8004  >  36904 [ACK] Seq=131958 Ack=144 Win=65024 Len=1448 TSval=2916042167 TSecr=3045561941 [TCP segment of a reassembled PDU]"
"66295","38.086869833","192.168.1.55","192.168.1.2","TCP","1514","8004  >  36904 [ACK] Seq=133406 Ack=144 Win=65024 Len=1448 TSval=2916042167 TSecr=3045561941 [TCP segment of a reassembled PDU]"
"66296","38.086871629","192.168.1.55","192.168.1.2","TCP","1514","8004  >  36904 [ACK] Seq=134854 Ack=144 Win=65024 Len=1448 TSval=2916042167 TSecr=3045561941 [TCP segment of a reassembled PDU]"
"66297","38.086872925","192.168.1.55","192.168.1.2","TCP","1514","8004  >  36904 [ACK] Seq=136302 Ack=144 Win=65024 Len=1448 TSval=2916042167 TSecr=3045561941 [TCP segment of a reassembled PDU]"
"66298","38.086874222","192.168.1.55","192.168.1.2","TCP","1514","8004  >  36904 [ACK] Seq=137750 Ack=144 Win=65024 Len=1448 TSval=2916042167 TSecr=3045561941 [TCP segment of a reassembled PDU]"
"66299","38.086875759","192.168.1.55","192.168.1.2","TCP","1514","8004  >  36904 [ACK] Seq=139198 Ack=144 Win=65024 Len=1448 TSval=2916042167 TSecr=3045561941 [TCP segment of a reassembled PDU]"
"66300","38.086877166","192.168.1.55","192.168.1.2","TCP","1514","8004  >  36904 [ACK] Seq=140646 Ack=144 Win=65024 Len=1448 TSval=2916042167 TSecr=3045561941 [TCP segment of a reassembled PDU]"
"66301","38.086878388","192.168.1.55","192.168.1.2","TCP","1514","8004  >  36904 [ACK] Seq=142094 Ack=144 Win=65024 Len=1448 TSval=2916042167 TSecr=3045561941 [TCP segment of a reassembled PDU]"
"66302","38.086879777","192.168.1.55","192.168.1.2","TCP","1146","[TCP Window Full] 8004  >  36904 [PSH, ACK] Seq=143542 Ack=144 Win=65024 Len=1080 TSval=2916042167 TSecr=3045561941 [TCP segment of a reassembled PDU]"
"66303","38.086886814","192.168.1.2","192.168.1.55","TCP","66","36904  >  8004 [ACK] Seq=144 Ack=76934 Win=87040 Len=0 TSval=3045561941 TSecr=2916042162"
"66304","38.086902592","192.168.1.55","192.168.1.2","TCP","1514","8004  >  36904 [ACK] Seq=144622 Ack=144 Win=65024 Len=1448 TSval=2916042167 TSecr=3045561941 [TCP segment of a reassembled PDU]"
"66305","38.086904518","192.168.1.55","192.168.1.2","TCP","1514","8004  >  36904 [ACK] Seq=146070 Ack=144 Win=65024 Len=1448 TSval=2916042167 TSecr=3045561941 [TCP segment of a reassembled PDU]"
"66306","38.086905833","192.168.1.55","192.168.1.2","TCP","1514","8004  >  36904 [ACK] Seq=147518 Ack=144 Win=65024 Len=1448 TSval=2916042167 TSecr=3045561941 [TCP segment of a reassembled PDU]"
"66307","38.086907037","192.168.1.55","192.168.1.2","TCP","1514","8004  >  36904 [PSH, ACK] Seq=148966 Ack=144 Win=65024 Len=1448 TSval=2916042167 TSecr=3045561941 [TCP segment of a reassembled PDU]"
"66308","38.086913129","192.168.1.55","192.168.1.2","TCP","434","8004  >  36904 [ACK] Seq=150414 Ack=144 Win=65024 Len=368 TSval=2916042167 TSecr=3045561941 [TCP segment of a reassembled PDU]"
"66309","38.086917296","192.168.1.2","192.168.1.55","TCP","66","36904  >  8004 [ACK] Seq=144 Ack=95758 Win=76800 Len=0 TSval=3045561941 TSecr=2916042162"
"66310","38.088085761","192.168.1.55","192.168.1.2","TCP","1514","8004  >  36904 [ACK] Seq=150782 Ack=144 Win=65024 Len=1448 TSval=2916042168 TSecr=3045561941 [TCP segment of a reassembled PDU]"
"66311","38.088091613","192.168.1.55","192.168.1.2","TCP","1514","8004  >  36904 [ACK] Seq=152230 Ack=144 Win=65024 Len=1448 TSval=2916042168 TSecr=3045561941 [TCP segment of a reassembled PDU]"
"66312","38.088092816","192.168.1.55","192.168.1.2","TCP","1514","8004  >  36904 [ACK] Seq=153678 Ack=144 Win=65024 Len=1448 TSval=2916042168 TSecr=3045561941 [TCP segment of a reassembled PDU]"
"66313","38.088093835","192.168.1.55","192.168.1.2","TCP","1514","8004  >  36904 [ACK] Seq=155126 Ack=144 Win=65024 Len=1448 TSval=2916042168 TSecr=3045561941 [TCP segment of a reassembled PDU]"
"66314","38.088094927","192.168.1.55","192.168.1.2","TCP","1514","8004  >  36904 [ACK] Seq=156574 Ack=144 Win=65024 Len=1448 TSval=2916042168 TSecr=3045561941 [TCP segment of a reassembled PDU]"
"66315","38.088096890","192.168.1.55","192.168.1.2","TCP","1514","8004  >  36904 [ACK] Seq=158022 Ack=144 Win=65024 Len=1448 TSval=2916042168 TSecr=3045561941 [TCP segment of a reassembled PDU]"
"66316","38.088098020","192.168.1.55","192.168.1.2","TCP","1514","8004  >  36904 [ACK] Seq=159470 Ack=144 Win=65024 Len=1448 TSval=2916042168 TSecr=3045561941 [TCP segment of a reassembled PDU]"
"66317","38.088099057","192.168.1.55","192.168.1.2","TCP","1514","8004  >  36904 [ACK] Seq=160918 Ack=144 Win=65024 Len=1448 TSval=2916042168 TSecr=3045561941 [TCP segment of a reassembled PDU]"
"66318","38.088101409","192.168.1.55","192.168.1.2","TCP","1514","8004  >  36904 [ACK] Seq=162366 Ack=144 Win=65024 Len=1448 TSval=2916042168 TSecr=3045561941 [TCP segment of a reassembled PDU]"
"66319","38.088102501","192.168.1.55","192.168.1.2","TCP","1514","8004  >  36904 [ACK] Seq=163814 Ack=144 Win=65024 Len=1448 TSval=2916042168 TSecr=3045561941 [TCP segment of a reassembled PDU]"
"66320","38.088103705","192.168.1.55","192.168.1.2","TCP","1514","8004  >  36904 [ACK] Seq=165262 Ack=144 Win=65024 Len=1448 TSval=2916042168 TSecr=3045561941 [TCP segment of a reassembled PDU]"
"66321","38.088104909","192.168.1.55","192.168.1.2","TCP","1514","8004  >  36904 [ACK] Seq=166710 Ack=144 Win=65024 Len=1448 TSval=2916042168 TSecr=3045561941 [TCP segment of a reassembled PDU]"
"66322","38.088106279","192.168.1.55","192.168.1.2","TCP","1514","8004  >  36904 [ACK] Seq=168158 Ack=144 Win=65024 Len=1448 TSval=2916042168 TSecr=3045561941 [TCP segment of a reassembled PDU]"
"66323","38.088107539","192.168.1.55","192.168.1.2","TCP","1514","8004  >  36904 [ACK] Seq=169606 Ack=144 Win=65024 Len=1448 TSval=2916042168 TSecr=3045561941 [TCP segment of a reassembled PDU]"
"66324","38.088108613","192.168.1.55","192.168.1.2","TCP","1514","8004  >  36904 [PSH, ACK] Seq=171054 Ack=144 Win=65024 Len=1448 TSval=2916042168 TSecr=3045561941 [TCP segment of a reassembled PDU]"
"66325","38.092775861","192.168.1.2","192.168.1.55","TCP","66","36904  >  8004 [ACK] Seq=144 Ack=100102 Win=100352 Len=0 TSval=3045561943 TSecr=2916042162"
"66326","38.092826194","192.168.1.55","192.168.1.2","TCP","1514","8004  >  36904 [ACK] Seq=172502 Ack=144 Win=65024 Len=1448 TSval=2916042173 TSecr=3045561943 [TCP segment of a reassembled PDU]"
"66327","38.092830731","192.168.1.55","192.168.1.2","TCP","1514","8004  >  36904 [ACK] Seq=173950 Ack=144 Win=65024 Len=1448 TSval=2916042173 TSecr=3045561943 [TCP segment of a reassembled PDU]"
"66328","38.092831842","192.168.1.55","192.168.1.2","TCP","1514","8004  >  36904 [ACK] Seq=175398 Ack=144 Win=65024 Len=1448 TSval=2916042173 TSecr=3045561943 [TCP segment of a reassembled PDU]"
"66329","38.092833083","192.168.1.55","192.168.1.2","TCP","1514","8004  >  36904 [ACK] Seq=176846 Ack=144 Win=65024 Len=1448 TSval=2916042173 TSecr=3045561943 [TCP segment of a reassembled PDU]"
"66330","38.092834139","192.168.1.55","192.168.1.2","TCP","1514","8004  >  36904 [ACK] Seq=178294 Ack=144 Win=65024 Len=1448 TSval=2916042173 TSecr=3045561943 [TCP segment of a reassembled PDU]"
"66331","38.092835435","192.168.1.55","192.168.1.2","TCP","1514","8004  >  36904 [ACK] Seq=179742 Ack=144 Win=65024 Len=1448 TSval=2916042173 TSecr=3045561943 [TCP segment of a reassembled PDU]"
"66332","38.092836565","192.168.1.55","192.168.1.2","TCP","1514","8004  >  36904 [ACK] Seq=181190 Ack=144 Win=65024 Len=1448 TSval=2916042173 TSecr=3045561943 [TCP segment of a reassembled PDU]"
"66333","38.092837602","192.168.1.55","192.168.1.2","TCP","1514","8004  >  36904 [ACK] Seq=182638 Ack=144 Win=65024 Len=1448 TSval=2916042173 TSecr=3045561943 [TCP segment of a reassembled PDU]"
"66334","38.092838843","192.168.1.55","192.168.1.2","TCP","1514","8004  >  36904 [ACK] Seq=184086 Ack=144 Win=65024 Len=1448 TSval=2916042173 TSecr=3045561943 [TCP segment of a reassembled PDU]"
"66335","38.092839861","192.168.1.55","192.168.1.2","TCP","1514","8004  >  36904 [ACK] Seq=185534 Ack=144 Win=65024 Len=1448 TSval=2916042173 TSecr=3045561943 [TCP segment of a reassembled PDU]"
"66336","38.092840972","192.168.1.55","192.168.1.2","TCP","1514","8004  >  36904 [ACK] Seq=186982 Ack=144 Win=65024 Len=1448 TSval=2916042173 TSecr=3045561943 [TCP segment of a reassembled PDU]"
"66337","38.092841991","192.168.1.55","192.168.1.2","TCP","1514","8004  >  36904 [ACK] Seq=188430 Ack=144 Win=65024 Len=1448 TSval=2916042173 TSecr=3045561943 [TCP segment of a reassembled PDU]"
"66338","38.092843120","192.168.1.55","192.168.1.2","TCP","1514","8004  >  36904 [PSH, ACK] Seq=189878 Ack=144 Win=65024 Len=1448 TSval=2916042173 TSecr=3045561943 [TCP segment of a reassembled PDU]"
"66339","38.095304272","192.168.1.2","192.168.1.55","TCP","66","36904  >  8004 [ACK] Seq=144 Ack=113134 Win=90112 Len=0 TSval=3045561948 TSecr=2916042167"
"66340","38.095329328","192.168.1.55","192.168.1.2","TCP","1514","8004  >  36904 [ACK] Seq=191326 Ack=144 Win=65024 Len=1448 TSval=2916042176 TSecr=3045561948 [TCP segment of a reassembled PDU]"
"66341","38.095332495","192.168.1.55","192.168.1.2","TCP","1514","8004  >  36904 [ACK] Seq=192774 Ack=144 Win=65024 Len=1448 TSval=2916042176 TSecr=3045561948 [TCP segment of a reassembled PDU]"
"66342","38.095333606","192.168.1.55","192.168.1.2","TCP","1514","8004  >  36904 [ACK] Seq=194222 Ack=144 Win=65024 Len=1448 TSval=2916042176 TSecr=3045561948 [TCP segment of a reassembled PDU]"
"66343","38.095334606","192.168.1.55","192.168.1.2","TCP","1514","8004  >  36904 [ACK] Seq=195670 Ack=144 Win=65024 Len=1448 TSval=2916042176 TSecr=3045561948 [TCP segment of a reassembled PDU]"
"66344","38.095335606","192.168.1.55","192.168.1.2","TCP","1514","8004  >  36904 [ACK] Seq=197118 Ack=144 Win=65024 Len=1448 TSval=2916042176 TSecr=3045561948 [TCP segment of a reassembled PDU]"
"66345","38.095336772","192.168.1.55","192.168.1.2","TCP","1514","8004  >  36904 [ACK] Seq=198566 Ack=144 Win=65024 Len=1448 TSval=2916042176 TSecr=3045561948 [TCP segment of a reassembled PDU]"
"66346","38.095337810","192.168.1.55","192.168.1.2","TCP","1514","8004  >  36904 [ACK] Seq=200014 Ack=144 Win=65024 Len=1448 TSval=2916042176 TSecr=3045561948 [TCP segment of a reassembled PDU]"
"66347","38.095338921","192.168.1.55","192.168.1.2","TCP","1514","8004  >  36904 [PSH, ACK] Seq=201462 Ack=144 Win=65024 Len=1448 TSval=2916042176 TSecr=3045561948 [TCP segment of a reassembled PDU]"
"66348","38.095371180","192.168.1.2","192.168.1.55","TCP","66","36904  >  8004 [ACK] Seq=144 Ack=129062 Win=87040 Len=0 TSval=3045561948 TSecr=2916042167"
"66349","38.097484517","192.168.1.2","192.168.1.55","TCP","66","36904  >  8004 [ACK] Seq=144 Ack=136302 Win=95232 Len=0 TSval=3045561950 TSecr=2916042167"
"66350","38.097516609","192.168.1.55","192.168.1.2","TCP","1514","8004  >  36904 [ACK] Seq=202910 Ack=144 Win=65024 Len=1448 TSval=2916042178 TSecr=3045561950 [TCP segment of a reassembled PDU]"
"66351","38.097519572","192.168.1.55","192.168.1.2","TCP","1514","8004  >  36904 [ACK] Seq=204358 Ack=144 Win=65024 Len=1448 TSval=2916042178 TSecr=3045561950 [TCP segment of a reassembled PDU]"
"66352","38.097520720","192.168.1.55","192.168.1.2","TCP","1514","8004  >  36904 [ACK] Seq=205806 Ack=144 Win=65024 Len=1448 TSval=2916042178 TSecr=3045561950 [TCP segment of a reassembled PDU]"
"66353","38.097521757","192.168.1.55","192.168.1.2","TCP","1514","8004  >  36904 [ACK] Seq=207254 Ack=144 Win=65024 Len=1448 TSval=2916042178 TSecr=3045561950 [TCP segment of a reassembled PDU]"
"66354","38.097522887","192.168.1.55","192.168.1.2","TCP","1514","8004  >  36904 [ACK] Seq=208702 Ack=144 Win=65024 Len=1448 TSval=2916042178 TSecr=3045561950 [TCP segment of a reassembled PDU]"
"66355","38.097524183","192.168.1.55","192.168.1.2","TCP","1514","8004  >  36904 [ACK] Seq=210150 Ack=144 Win=65024 Len=1448 TSval=2916042178 TSecr=3045561950 [TCP segment of a reassembled PDU]"
"66356","38.097525183","192.168.1.55","192.168.1.2","TCP","1514","8004  >  36904 [ACK] Seq=211598 Ack=144 Win=65024 Len=1448 TSval=2916042178 TSecr=3045561950 [TCP segment of a reassembled PDU]"
"66357","38.097526183","192.168.1.55","192.168.1.2","TCP","1514","8004  >  36904 [ACK] Seq=213046 Ack=144 Win=65024 Len=1448 TSval=2916042178 TSecr=3045561950 [TCP segment of a reassembled PDU]"
"66358","38.097527072","192.168.1.55","192.168.1.2","TCP","1514","8004  >  36904 [ACK] Seq=214494 Ack=144 Win=65024 Len=1448 TSval=2916042178 TSecr=3045561950 [TCP segment of a reassembled PDU]"
"66359","38.097527998","192.168.1.55","192.168.1.2","TCP","1514","8004  >  36904 [ACK] Seq=215942 Ack=144 Win=65024 Len=1448 TSval=2916042178 TSecr=3045561950 [TCP segment of a reassembled PDU]"
"66360","38.097528961","192.168.1.55","192.168.1.2","TCP","1514","8004  >  36904 [ACK] Seq=217390 Ack=144 Win=65024 Len=1448 TSval=2916042178 TSecr=3045561950 [TCP segment of a reassembled PDU]"
"66361","38.097529887","192.168.1.55","192.168.1.2","TCP","1514","8004  >  36904 [ACK] Seq=218838 Ack=144 Win=65024 Len=1448 TSval=2916042178 TSecr=3045561950 [TCP segment of a reassembled PDU]"
"66362","38.097530869","192.168.1.55","192.168.1.2","TCP","1514","8004  >  36904 [ACK] Seq=220286 Ack=144 Win=65024 Len=1448 TSval=2916042178 TSecr=3045561950 [TCP segment of a reassembled PDU]"
"66363","38.097531776","192.168.1.55","192.168.1.2","TCP","1514","8004  >  36904 [ACK] Seq=221734 Ack=144 Win=65024 Len=1448 TSval=2916042178 TSecr=3045561950 [TCP segment of a reassembled PDU]"
"66364","38.097532795","192.168.1.55","192.168.1.2","TCP","1514","8004  >  36904 [ACK] Seq=223182 Ack=144 Win=65024 Len=1448 TSval=2916042178 TSecr=3045561950 [TCP segment of a reassembled PDU]"
"66365","38.097533720","192.168.1.55","192.168.1.2","TCP","1514","8004  >  36904 [ACK] Seq=224630 Ack=144 Win=65024 Len=1448 TSval=2916042178 TSecr=3045561950 [TCP segment of a reassembled PDU]"
"66366","38.097534646","192.168.1.55","192.168.1.2","TCP","1514","8004  >  36904 [ACK] Seq=226078 Ack=144 Win=65024 Len=1448 TSval=2916042178 TSecr=3045561950 [TCP segment of a reassembled PDU]"
"66367","38.097535609","192.168.1.55","192.168.1.2","TCP","1514","8004  >  36904 [ACK] Seq=227526 Ack=144 Win=65024 Len=1448 TSval=2916042178 TSecr=3045561950 [TCP segment of a reassembled PDU]"
"66368","38.097536609","192.168.1.55","192.168.1.2","TCP","1514","8004  >  36904 [PSH, ACK] Seq=228974 Ack=144 Win=65024 Len=1448 TSval=2916042178 TSecr=3045561950 [TCP segment of a reassembled PDU]"
"66369","38.098332963","192.168.1.2","192.168.1.55","TCP","66","36904  >  8004 [ACK] Seq=144 Ack=144622 Win=96256 Len=0 TSval=3045561951 TSecr=2916042167"
"66370","38.098368926","192.168.1.55","192.168.1.2","TCP","1514","8004  >  36904 [ACK] Seq=230422 Ack=144 Win=65024 Len=1448 TSval=2916042179 TSecr=3045561951 [TCP segment of a reassembled PDU]"
"66371","38.098373111","192.168.1.55","192.168.1.2","TCP","1514","8004  >  36904 [ACK] Seq=231870 Ack=144 Win=65024 Len=1448 TSval=2916042179 TSecr=3045561951 [TCP segment of a reassembled PDU]"
"66372","38.098374314","192.168.1.55","192.168.1.2","TCP","1514","8004  >  36904 [ACK] Seq=233318 Ack=144 Win=65024 Len=1448 TSval=2916042179 TSecr=3045561951 [TCP segment of a reassembled PDU]"
"66373","38.098376055","192.168.1.55","192.168.1.2","TCP","1514","8004  >  36904 [ACK] Seq=234766 Ack=144 Win=65024 Len=1448 TSval=2916042179 TSecr=3045561951 [TCP segment of a reassembled PDU]"
"66374","38.098377518","192.168.1.55","192.168.1.2","TCP","1514","8004  >  36904 [PSH, ACK] Seq=236214 Ack=144 Win=65024 Len=1448 TSval=2916042179 TSecr=3045561951 [TCP segment of a reassembled PDU]"
"66375","38.098381518","192.168.1.2","192.168.1.55","TCP","66","36904  >  8004 [ACK] Seq=144 Ack=150414 Win=91136 Len=0 TSval=3045561951 TSecr=2916042167"
"66376","38.098388740","192.168.1.2","192.168.1.55","TCP","66","36904  >  8004 [ACK] Seq=144 Ack=162366 Win=79872 Len=0 TSval=3045561951 TSecr=2916042167"
"66377","38.102158617","192.168.1.2","192.168.1.55","TCP","66","36904  >  8004 [ACK] Seq=144 Ack=172502 Win=92160 Len=0 TSval=3045561955 TSecr=2916042168"
"66378","38.102207524","192.168.1.55","192.168.1.2","TCP","1514","8004  >  36904 [ACK] Seq=237662 Ack=144 Win=65024 Len=1448 TSval=2916042182 TSecr=3045561955 [TCP segment of a reassembled PDU]"
"66379","38.102211135","192.168.1.55","192.168.1.2","TCP","1514","8004  >  36904 [ACK] Seq=239110 Ack=144 Win=65024 Len=1448 TSval=2916042182 TSecr=3045561955 [TCP segment of a reassembled PDU]"
"66380","38.102212191","192.168.1.55","192.168.1.2","TCP","1514","8004  >  36904 [ACK] Seq=240558 Ack=144 Win=65024 Len=1448 TSval=2916042182 TSecr=3045561955 [TCP segment of a reassembled PDU]"
"66381","38.102214043","192.168.1.55","192.168.1.2","TCP","1514","8004  >  36904 [ACK] Seq=242006 Ack=144 Win=65024 Len=1448 TSval=2916042182 TSecr=3045561955 [TCP segment of a reassembled PDU]"
"66382","38.102215321","192.168.1.55","192.168.1.2","TCP","1514","8004  >  36904 [ACK] Seq=243454 Ack=144 Win=65024 Len=1448 TSval=2916042182 TSecr=3045561955 [TCP segment of a reassembled PDU]"
"66383","38.102216580","192.168.1.55","192.168.1.2","TCP","1514","8004  >  36904 [ACK] Seq=244902 Ack=144 Win=65024 Len=1448 TSval=2916042182 TSecr=3045561955 [TCP segment of a reassembled PDU]"
"66384","38.102217728","192.168.1.55","192.168.1.2","TCP","1514","8004  >  36904 [ACK] Seq=246350 Ack=144 Win=65024 Len=1448 TSval=2916042182 TSecr=3045561955 [TCP segment of a reassembled PDU]"
"66385","38.102219302","192.168.1.55","192.168.1.2","TCP","1514","8004  >  36904 [ACK] Seq=247798 Ack=144 Win=65024 Len=1448 TSval=2916042182 TSecr=3045561955 [TCP segment of a reassembled PDU]"
"66386","38.102221154","192.168.1.55","192.168.1.2","TCP","1514","8004  >  36904 [ACK] Seq=249246 Ack=144 Win=65024 Len=1448 TSval=2916042182 TSecr=3045561955 [TCP segment of a reassembled PDU]"
"66387","38.102222580","192.168.1.55","192.168.1.2","TCP","1514","8004  >  36904 [ACK] Seq=250694 Ack=144 Win=65024 Len=1448 TSval=2916042182 TSecr=3045561955 [TCP segment of a reassembled PDU]"
"66388","38.102223710","192.168.1.55","192.168.1.2","TCP","1514","8004  >  36904 [ACK] Seq=252142 Ack=144 Win=65024 Len=1448 TSval=2916042182 TSecr=3045561955 [TCP segment of a reassembled PDU]"
"66389","38.102225006","192.168.1.55","192.168.1.2","TCP","1514","8004  >  36904 [ACK] Seq=253590 Ack=144 Win=65024 Len=1448 TSval=2916042182 TSecr=3045561955 [TCP segment of a reassembled PDU]"
"66390","38.102226024","192.168.1.55","192.168.1.2","TCP","1514","8004  >  36904 [ACK] Seq=255038 Ack=144 Win=65024 Len=1448 TSval=2916042182 TSecr=3045561955 [TCP segment of a reassembled PDU]"
"66391","38.102227191","192.168.1.55","192.168.1.2","TCP","1514","8004  >  36904 [ACK] Seq=256486 Ack=144 Win=65024 Len=1448 TSval=2916042182 TSecr=3045561955 [TCP segment of a reassembled PDU]"
"66392","38.102228543","192.168.1.55","192.168.1.2","TCP","1514","8004  >  36904 [ACK] Seq=257934 Ack=144 Win=65024 Len=1448 TSval=2916042182 TSecr=3045561955 [TCP segment of a reassembled PDU]"
"66393","38.102230098","192.168.1.55","192.168.1.2","TCP","1514","8004  >  36904 [ACK] Seq=259382 Ack=144 Win=65024 Len=1448 TSval=2916042182 TSecr=3045561955 [TCP segment of a reassembled PDU]"
"66394","38.102231839","192.168.1.55","192.168.1.2","TCP","1514","8004  >  36904 [ACK] Seq=260830 Ack=144 Win=65024 Len=1448 TSval=2916042182 TSecr=3045561955 [TCP segment of a reassembled PDU]"
"66395","38.102233061","192.168.1.55","192.168.1.2","TCP","1514","8004  >  36904 [ACK] Seq=262278 Ack=144 Win=65024 Len=1448 TSval=2916042182 TSecr=3045561955 [TCP segment of a reassembled PDU]"
"66396","38.102235543","192.168.1.55","192.168.1.2","TCP","1002","[TCP Window Full] 8004  >  36904 [PSH, ACK] Seq=263726 Ack=144 Win=65024 Len=936 TSval=2916042182 TSecr=3045561955 [TCP segment of a reassembled PDU]"
"66397","38.102986896","192.168.1.2","192.168.1.55","TCP","66","36904  >  8004 [ACK] Seq=144 Ack=202910 Win=62464 Len=0 TSval=3045561955 TSecr=2916042173"
"66398","38.104568639","192.168.1.2","192.168.1.55","TCP","66","36904  >  8004 [ACK] Seq=144 Ack=230422 Win=75776 Len=0 TSval=3045561957 TSecr=2916042178"
"66399","38.104593713","192.168.1.55","192.168.1.2","TCP","1514","8004  >  36904 [ACK] Seq=264662 Ack=144 Win=65024 Len=1448 TSval=2916042185 TSecr=3045561957 [TCP segment of a reassembled PDU]"
"66400","38.104596473","192.168.1.55","192.168.1.2","TCP","1514","8004  >  36904 [ACK] Seq=266110 Ack=144 Win=65024 Len=1448 TSval=2916042185 TSecr=3045561957 [TCP segment of a reassembled PDU]"
"66401","38.104597436","192.168.1.55","192.168.1.2","TCP","1514","8004  >  36904 [ACK] Seq=267558 Ack=144 Win=65024 Len=1448 TSval=2916042185 TSecr=3045561957 [TCP segment of a reassembled PDU]"
"66402","38.104598343","192.168.1.55","192.168.1.2","TCP","1514","8004  >  36904 [ACK] Seq=269006 Ack=144 Win=65024 Len=1448 TSval=2916042185 TSecr=3045561957 [TCP segment of a reassembled PDU]"
"66403","38.104599213","192.168.1.55","192.168.1.2","TCP","1514","8004  >  36904 [ACK] Seq=270454 Ack=144 Win=65024 Len=1448 TSval=2916042185 TSecr=3045561957 [TCP segment of a reassembled PDU]"
"66404","38.104600250","192.168.1.55","192.168.1.2","TCP","1514","8004  >  36904 [ACK] Seq=271902 Ack=144 Win=65024 Len=1448 TSval=2916042185 TSecr=3045561957 [TCP segment of a reassembled PDU]"
"66405","38.104601139","192.168.1.55","192.168.1.2","TCP","1514","8004  >  36904 [ACK] Seq=273350 Ack=144 Win=65024 Len=1448 TSval=2916042185 TSecr=3045561957 [TCP segment of a reassembled PDU]"
"66406","38.104602102","192.168.1.55","192.168.1.2","TCP","1514","8004  >  36904 [ACK] Seq=274798 Ack=144 Win=65024 Len=1448 TSval=2916042185 TSecr=3045561957 [TCP segment of a reassembled PDU]"
"66407","38.104603065","192.168.1.55","192.168.1.2","TCP","1514","8004  >  36904 [ACK] Seq=276246 Ack=144 Win=65024 Len=1448 TSval=2916042185 TSecr=3045561957 [TCP segment of a reassembled PDU]"
"66408","38.104603954","192.168.1.55","192.168.1.2","TCP","1514","8004  >  36904 [ACK] Seq=277694 Ack=144 Win=65024 Len=1448 TSval=2916042185 TSecr=3045561957 [TCP segment of a reassembled PDU]"
"66409","38.104604936","192.168.1.55","192.168.1.2","TCP","1514","8004  >  36904 [ACK] Seq=279142 Ack=144 Win=65024 Len=1448 TSval=2916042185 TSecr=3045561957 [TCP segment of a reassembled PDU]"
"66410","38.104605806","192.168.1.55","192.168.1.2","TCP","1514","8004  >  36904 [ACK] Seq=280590 Ack=144 Win=65024 Len=1448 TSval=2916042185 TSecr=3045561957 [TCP segment of a reassembled PDU]"
"66411","38.104606825","192.168.1.55","192.168.1.2","TCP","1514","8004  >  36904 [PSH, ACK] Seq=282038 Ack=144 Win=65024 Len=1448 TSval=2916042185 TSecr=3045561957 [TCP segment of a reassembled PDU]"
"66412","38.104613362","192.168.1.55","192.168.1.2","TCP","578","8004  >  36904 [ACK] Seq=283486 Ack=144 Win=65024 Len=512 TSval=2916042185 TSecr=3045561957 [TCP segment of a reassembled PDU]"
"66413","38.104685677","192.168.1.2","192.168.1.55","TCP","66","36904  >  8004 [ACK] Seq=144 Ack=233318 Win=73728 Len=0 TSval=3045561957 TSecr=2916042179"
"66414","38.104691102","192.168.1.2","192.168.1.55","TCP","66","36904  >  8004 [ACK] Seq=144 Ack=237662 Win=98304 Len=0 TSval=3045561957 TSecr=2916042179"
"66415","38.104730677","192.168.1.55","192.168.1.2","TCP","1514","8004  >  36904 [ACK] Seq=283998 Ack=144 Win=65024 Len=1448 TSval=2916042185 TSecr=3045561957 [TCP segment of a reassembled PDU]"
"66416","38.104732603","192.168.1.55","192.168.1.2","TCP","1514","8004  >  36904 [ACK] Seq=285446 Ack=144 Win=65024 Len=1448 TSval=2916042185 TSecr=3045561957 [TCP segment of a reassembled PDU]"
"66417","38.104733528","192.168.1.55","192.168.1.2","TCP","1514","8004  >  36904 [ACK] Seq=286894 Ack=144 Win=65024 Len=1448 TSval=2916042185 TSecr=3045561957 [TCP segment of a reassembled PDU]"
"66418","38.104734769","192.168.1.55","192.168.1.2","TCP","1514","8004  >  36904 [ACK] Seq=288342 Ack=144 Win=65024 Len=1448 TSval=2916042185 TSecr=3045561957 [TCP segment of a reassembled PDU]"
"66419","38.104735954","192.168.1.55","192.168.1.2","TCP","1514","8004  >  36904 [ACK] Seq=289790 Ack=144 Win=65024 Len=1448 TSval=2916042185 TSecr=3045561957 [TCP segment of a reassembled PDU]"
"66420","38.104737306","192.168.1.55","192.168.1.2","TCP","1514","8004  >  36904 [ACK] Seq=291238 Ack=144 Win=65024 Len=1448 TSval=2916042185 TSecr=3045561957 [TCP segment of a reassembled PDU]"
"66421","38.104738843","192.168.1.55","192.168.1.2","TCP","1514","8004  >  36904 [ACK] Seq=292686 Ack=144 Win=65024 Len=1448 TSval=2916042185 TSecr=3045561957 [TCP segment of a reassembled PDU]"
"66422","38.104739806","192.168.1.55","192.168.1.2","TCP","1514","8004  >  36904 [ACK] Seq=294134 Ack=144 Win=65024 Len=1448 TSval=2916042185 TSecr=3045561957 [TCP segment of a reassembled PDU]"
"66423","38.104741158","192.168.1.55","192.168.1.2","TCP","1514","8004  >  36904 [ACK] Seq=295582 Ack=144 Win=65024 Len=1448 TSval=2916042185 TSecr=3045561957 [TCP segment of a reassembled PDU]"
"66424","38.104742288","192.168.1.55","192.168.1.2","TCP","1514","8004  >  36904 [ACK] Seq=297030 Ack=144 Win=65024 Len=1448 TSval=2916042185 TSecr=3045561957 [TCP segment of a reassembled PDU]"
"66425","38.104743195","192.168.1.55","192.168.1.2","TCP","1514","8004  >  36904 [ACK] Seq=298478 Ack=144 Win=65024 Len=1448 TSval=2916042185 TSecr=3045561957 [TCP segment of a reassembled PDU]"
"66426","38.104744343","192.168.1.55","192.168.1.2","TCP","1514","8004  >  36904 [ACK] Seq=299926 Ack=144 Win=65024 Len=1448 TSval=2916042185 TSecr=3045561957 [TCP segment of a reassembled PDU]"
"66427","38.104745380","192.168.1.55","192.168.1.2","TCP","1514","8004  >  36904 [ACK] Seq=301374 Ack=144 Win=65024 Len=1448 TSval=2916042185 TSecr=3045561957 [TCP segment of a reassembled PDU]"
"66428","38.104746603","192.168.1.55","192.168.1.2","TCP","1514","8004  >  36904 [ACK] Seq=302822 Ack=144 Win=65024 Len=1448 TSval=2916042185 TSecr=3045561957 [TCP segment of a reassembled PDU]"
"66429","38.104748177","192.168.1.55","192.168.1.2","TCP","1514","8004  >  36904 [ACK] Seq=304270 Ack=144 Win=65024 Len=1448 TSval=2916042185 TSecr=3045561957 [TCP segment of a reassembled PDU]"
"66430","38.104749862","192.168.1.55","192.168.1.2","TCP","1514","8004  >  36904 [ACK] Seq=305718 Ack=144 Win=65024 Len=1448 TSval=2916042185 TSecr=3045561957 [TCP segment of a reassembled PDU]"
"66431","38.104751454","192.168.1.55","192.168.1.2","TCP","1514","8004  >  36904 [ACK] Seq=307166 Ack=144 Win=65024 Len=1448 TSval=2916042185 TSecr=3045561957 [TCP segment of a reassembled PDU]"
"66432","38.104752491","192.168.1.55","192.168.1.2","TCP","1514","8004  >  36904 [ACK] Seq=308614 Ack=144 Win=65024 Len=1448 TSval=2916042185 TSecr=3045561957 [TCP segment of a reassembled PDU]"
"66433","38.104753917","192.168.1.55","192.168.1.2","TCP","1514","8004  >  36904 [ACK] Seq=310062 Ack=144 Win=65024 Len=1448 TSval=2916042185 TSecr=3045561957 [TCP segment of a reassembled PDU]"
"66434","38.104755047","192.168.1.55","192.168.1.2","TCP","1514","8004  >  36904 [ACK] Seq=311510 Ack=144 Win=65024 Len=1448 TSval=2916042185 TSecr=3045561957 [TCP segment of a reassembled PDU]"
"66435","38.104756103","192.168.1.55","192.168.1.2","TCP","1514","8004  >  36904 [ACK] Seq=312958 Ack=144 Win=65024 Len=1448 TSval=2916042185 TSecr=3045561957 [TCP segment of a reassembled PDU]"
"66436","38.104757380","192.168.1.55","192.168.1.2","TCP","1514","8004  >  36904 [ACK] Seq=314406 Ack=144 Win=65024 Len=1448 TSval=2916042185 TSecr=3045561957 [TCP segment of a reassembled PDU]"
"66437","38.104758547","192.168.1.55","192.168.1.2","TCP","1514","8004  >  36904 [ACK] Seq=315854 Ack=144 Win=65024 Len=1448 TSval=2916042185 TSecr=3045561957 [TCP segment of a reassembled PDU]"
"66438","38.104759473","192.168.1.55","192.168.1.2","TCP","1514","8004  >  36904 [ACK] Seq=317302 Ack=144 Win=65024 Len=1448 TSval=2916042185 TSecr=3045561957 [TCP segment of a reassembled PDU]"
"66439","38.104760547","192.168.1.55","192.168.1.2","TCP","1514","8004  >  36904 [ACK] Seq=318750 Ack=144 Win=65024 Len=1448 TSval=2916042185 TSecr=3045561957 [TCP segment of a reassembled PDU]"
"66440","38.104762010","192.168.1.55","192.168.1.2","TCP","1514","8004  >  36904 [ACK] Seq=320198 Ack=144 Win=65024 Len=1448 TSval=2916042185 TSecr=3045561957 [TCP segment of a reassembled PDU]"
"66441","38.104763084","192.168.1.55","192.168.1.2","TCP","1514","8004  >  36904 [ACK] Seq=321646 Ack=144 Win=65024 Len=1448 TSval=2916042185 TSecr=3045561957 [TCP segment of a reassembled PDU]"
"66442","38.104764306","192.168.1.55","192.168.1.2","TCP","1514","8004  >  36904 [ACK] Seq=323094 Ack=144 Win=65024 Len=1448 TSval=2916042185 TSecr=3045561957 [TCP segment of a reassembled PDU]"
"66443","38.104765603","192.168.1.55","192.168.1.2","TCP","1514","8004  >  36904 [ACK] Seq=324542 Ack=144 Win=65024 Len=1448 TSval=2916042185 TSecr=3045561957 [TCP segment of a reassembled PDU]"
"66444","38.104766732","192.168.1.55","192.168.1.2","TCP","1514","8004  >  36904 [ACK] Seq=325990 Ack=144 Win=65024 Len=1448 TSval=2916042185 TSecr=3045561957 [TCP segment of a reassembled PDU]"
"66445","38.104774417","192.168.1.55","192.168.1.2","TCP","1514","8004  >  36904 [ACK] Seq=327438 Ack=144 Win=65024 Len=1448 TSval=2916042185 TSecr=3045561957 [TCP segment of a reassembled PDU]"
"66446","38.104775677","192.168.1.55","192.168.1.2","TCP","1514","8004  >  36904 [PSH, ACK] Seq=328886 Ack=144 Win=65024 Len=1448 TSval=2916042185 TSecr=3045561957 [TCP segment of a reassembled PDU]"
"66447","38.104786177","192.168.1.55","192.168.1.2","TCP","1514","8004  >  36904 [ACK] Seq=330334 Ack=144 Win=65024 Len=1448 TSval=2916042185 TSecr=3045561957 [TCP segment of a reassembled PDU]"
"66448","38.104787473","192.168.1.55","192.168.1.2","TCP","1514","8004  >  36904 [ACK] Seq=331782 Ack=144 Win=65024 Len=1448 TSval=2916042185 TSecr=3045561957 [TCP segment of a reassembled PDU]"
"66449","38.104788547","192.168.1.55","192.168.1.2","TCP","1514","8004  >  36904 [PSH, ACK] Seq=333230 Ack=144 Win=65024 Len=1448 TSval=2916042185 TSecr=3045561957 [TCP segment of a reassembled PDU]"
"66450","38.108979795","192.168.1.2","192.168.1.55","TCP","66","36904  >  8004 [ACK] Seq=144 Ack=263726 Win=74752 Len=0 TSval=3045561961 TSecr=2916042182"
"66451","38.109010887","192.168.1.55","192.168.1.2","TCP","1514","8004  >  36904 [ACK] Seq=334678 Ack=144 Win=65024 Len=1448 TSval=2916042189 TSecr=3045561961 [TCP segment of a reassembled PDU]"
"66452","38.109014424","192.168.1.55","192.168.1.2","TCP","1514","8004  >  36904 [PSH, ACK] Seq=336126 Ack=144 Win=65024 Len=1448 TSval=2916042189 TSecr=3045561961 [TCP segment of a reassembled PDU]"
"66453","38.111128761","192.168.1.2","192.168.1.55","TCP","66","36904  >  8004 [ACK] Seq=144 Ack=264662 Win=101376 Len=0 TSval=3045561965 TSecr=2916042182"
"66454","38.111282687","192.168.1.55","192.168.1.2","TCP","1514","8004  >  36904 [ACK] Seq=337574 Ack=144 Win=65024 Len=1448 TSval=2916042191 TSecr=3045561965 [TCP segment of a reassembled PDU]"
"66455","38.111307335","192.168.1.55","192.168.1.2","TCP","1514","8004  >  36904 [ACK] Seq=339022 Ack=144 Win=65024 Len=1448 TSval=2916042191 TSecr=3045561965 [TCP segment of a reassembled PDU]"
"66456","38.111308761","192.168.1.55","192.168.1.2","TCP","1514","8004  >  36904 [ACK] Seq=340470 Ack=144 Win=65024 Len=1448 TSval=2916042191 TSecr=3045561965 [TCP segment of a reassembled PDU]"
"66457","38.111310484","192.168.1.55","192.168.1.2","TCP","1514","8004  >  36904 [ACK] Seq=341918 Ack=144 Win=65024 Len=1448 TSval=2916042191 TSecr=3045561965 [TCP segment of a reassembled PDU]"
"66458","38.111311650","192.168.1.55","192.168.1.2","TCP","1514","8004  >  36904 [ACK] Seq=343366 Ack=144 Win=65024 Len=1448 TSval=2916042191 TSecr=3045561965 [TCP segment of a reassembled PDU]"
"66459","38.111312872","192.168.1.55","192.168.1.2","TCP","1514","8004  >  36904 [ACK] Seq=344814 Ack=144 Win=65024 Len=1448 TSval=2916042191 TSecr=3045561965 [TCP segment of a reassembled PDU]"
"66460","38.111314835","192.168.1.55","192.168.1.2","TCP","1514","8004  >  36904 [ACK] Seq=346262 Ack=144 Win=65024 Len=1448 TSval=2916042191 TSecr=3045561965 [TCP segment of a reassembled PDU]"
"66461","38.111317521","192.168.1.55","192.168.1.2","TCP","1514","8004  >  36904 [ACK] Seq=347710 Ack=144 Win=65024 Len=1448 TSval=2916042191 TSecr=3045561965 [TCP segment of a reassembled PDU]"
"66462","38.111319372","192.168.1.55","192.168.1.2","TCP","1514","8004  >  36904 [ACK] Seq=349158 Ack=144 Win=65024 Len=1448 TSval=2916042191 TSecr=3045561965 [TCP segment of a reassembled PDU]"
"66463","38.111320780","192.168.1.55","192.168.1.2","TCP","1514","8004  >  36904 [ACK] Seq=350606 Ack=144 Win=65024 Len=1448 TSval=2916042191 TSecr=3045561965 [TCP segment of a reassembled PDU]"
"66464","38.111322484","192.168.1.55","192.168.1.2","TCP","1514","8004  >  36904 [ACK] Seq=352054 Ack=144 Win=65024 Len=1448 TSval=2916042191 TSecr=3045561965 [TCP segment of a reassembled PDU]"
"66465","38.111324428","192.168.1.55","192.168.1.2","TCP","1514","8004  >  36904 [ACK] Seq=353502 Ack=144 Win=65024 Len=1448 TSval=2916042191 TSecr=3045561965 [TCP segment of a reassembled PDU]"
"66466","38.111326113","192.168.1.55","192.168.1.2","TCP","1514","8004  >  36904 [ACK] Seq=354950 Ack=144 Win=65024 Len=1448 TSval=2916042191 TSecr=3045561965 [TCP segment of a reassembled PDU]"
"66467","38.111328261","192.168.1.55","192.168.1.2","TCP","1514","8004  >  36904 [ACK] Seq=356398 Ack=144 Win=65024 Len=1448 TSval=2916042191 TSecr=3045561965 [TCP segment of a reassembled PDU]"
"66468","38.111330150","192.168.1.55","192.168.1.2","TCP","1514","8004  >  36904 [ACK] Seq=357846 Ack=144 Win=65024 Len=1448 TSval=2916042191 TSecr=3045561965 [TCP segment of a reassembled PDU]"
"66469","38.111332761","192.168.1.55","192.168.1.2","TCP","1514","8004  >  36904 [ACK] Seq=359294 Ack=144 Win=65024 Len=1448 TSval=2916042191 TSecr=3045561965 [TCP segment of a reassembled PDU]"
"66470","38.111334428","192.168.1.55","192.168.1.2","TCP","1514","8004  >  36904 [ACK] Seq=360742 Ack=144 Win=65024 Len=1448 TSval=2916042191 TSecr=3045561965 [TCP segment of a reassembled PDU]"
"66471","38.111336039","192.168.1.55","192.168.1.2","TCP","1514","8004  >  36904 [ACK] Seq=362190 Ack=144 Win=65024 Len=1448 TSval=2916042191 TSecr=3045561965 [TCP segment of a reassembled PDU]"
"66472","38.111338169","192.168.1.55","192.168.1.2","TCP","1514","8004  >  36904 [PSH, ACK] Seq=363638 Ack=144 Win=65024 Len=1448 TSval=2916042191 TSecr=3045561965 [TCP segment of a reassembled PDU]"
"66473","38.111971503","192.168.1.2","192.168.1.55","TCP","66","36904  >  8004 [ACK] Seq=144 Ack=283486 Win=86016 Len=0 TSval=3045561965 TSecr=2916042185"
"66474","38.112003874","192.168.1.2","192.168.1.55","TCP","66","36904  >  8004 [ACK] Seq=144 Ack=283998 Win=103424 Len=0 TSval=3045561965 TSecr=2916042185"
"66475","38.112035281","192.168.1.55","192.168.1.2","TCP","1514","8004  >  36904 [ACK] Seq=365086 Ack=144 Win=65024 Len=1448 TSval=2916042192 TSecr=3045561965 [TCP segment of a reassembled PDU]"
"66476","38.112041355","192.168.1.55","192.168.1.2","TCP","1514","8004  >  36904 [ACK] Seq=366534 Ack=144 Win=65024 Len=1448 TSval=2916042192 TSecr=3045561965 [TCP segment of a reassembled PDU]"
"66477","38.112043225","192.168.1.55","192.168.1.2","TCP","1514","8004  >  36904 [ACK] Seq=367982 Ack=144 Win=65024 Len=1448 TSval=2916042192 TSecr=3045561965 [TCP segment of a reassembled PDU]"
"66478","38.112044966","192.168.1.55","192.168.1.2","TCP","1514","8004  >  36904 [ACK] Seq=369430 Ack=144 Win=65024 Len=1448 TSval=2916042192 TSecr=3045561965 [TCP segment of a reassembled PDU]"
"66479","38.112045911","192.168.1.55","192.168.1.2","TCP","1514","8004  >  36904 [ACK] Seq=370878 Ack=144 Win=65024 Len=1448 TSval=2916042192 TSecr=3045561965 [TCP segment of a reassembled PDU]"
"66480","38.112047003","192.168.1.55","192.168.1.2","TCP","1514","8004  >  36904 [ACK] Seq=372326 Ack=144 Win=65024 Len=1448 TSval=2916042192 TSecr=3045561965 [TCP segment of a reassembled PDU]"
"66481","38.112048022","192.168.1.55","192.168.1.2","TCP","1514","8004  >  36904 [ACK] Seq=373774 Ack=144 Win=65024 Len=1448 TSval=2916042192 TSecr=3045561965 [TCP segment of a reassembled PDU]"
"66482","38.112049355","192.168.1.55","192.168.1.2","TCP","1514","8004  >  36904 [PSH, ACK] Seq=375222 Ack=144 Win=65024 Len=1448 TSval=2916042192 TSecr=3045561965 [TCP segment of a reassembled PDU]"
"66483","38.112056188","192.168.1.2","192.168.1.55","TCP","66","36904  >  8004 [ACK] Seq=144 Ack=330334 Win=59392 Len=0 TSval=3045561965 TSecr=2916042185"
"66484","38.112080874","192.168.1.2","192.168.1.55","TCP","66","36904  >  8004 [ACK] Seq=144 Ack=334678 Win=55296 Len=0 TSval=3045561965 TSecr=2916042185"
"66485","38.112109911","192.168.1.55","192.168.1.2","TCP","1514","8004  >  36904 [ACK] Seq=376670 Ack=144 Win=65024 Len=1448 TSval=2916042192 TSecr=3045561965 [TCP segment of a reassembled PDU]"
"66486","38.112112670","192.168.1.55","192.168.1.2","TCP","1514","8004  >  36904 [ACK] Seq=378118 Ack=144 Win=65024 Len=1448 TSval=2916042192 TSecr=3045561965 [TCP segment of a reassembled PDU]"
"66487","38.112114022","192.168.1.55","192.168.1.2","TCP","1514","8004  >  36904 [ACK] Seq=379566 Ack=144 Win=65024 Len=1448 TSval=2916042192 TSecr=3045561965 [TCP segment of a reassembled PDU]"
"66488","38.112115522","192.168.1.55","192.168.1.2","TCP","1514","8004  >  36904 [ACK] Seq=381014 Ack=144 Win=65024 Len=1448 TSval=2916042192 TSecr=3045561965 [TCP segment of a reassembled PDU]"
"66489","38.112116929","192.168.1.55","192.168.1.2","TCP","1514","8004  >  36904 [ACK] Seq=382462 Ack=144 Win=65024 Len=1448 TSval=2916042192 TSecr=3045561965 [TCP segment of a reassembled PDU]"
"66490","38.112118114","192.168.1.55","192.168.1.2","TCP","1514","8004  >  36904 [ACK] Seq=383910 Ack=144 Win=65024 Len=1448 TSval=2916042192 TSecr=3045561965 [TCP segment of a reassembled PDU]"
"66491","38.112119540","192.168.1.55","192.168.1.2","TCP","1514","8004  >  36904 [ACK] Seq=385358 Ack=144 Win=65024 Len=1448 TSval=2916042192 TSecr=3045561965 [TCP segment of a reassembled PDU]"
"66492","38.112120855","192.168.1.55","192.168.1.2","TCP","1514","8004  >  36904 [ACK] Seq=386806 Ack=144 Win=65024 Len=1448 TSval=2916042192 TSecr=3045561965 [TCP segment of a reassembled PDU]"
"66493","38.112122503","192.168.1.55","192.168.1.2","TCP","1514","8004  >  36904 [ACK] Seq=388254 Ack=144 Win=65024 Len=1448 TSval=2916042192 TSecr=3045561965 [TCP segment of a reassembled PDU]"
"66494","38.112123522","192.168.1.55","192.168.1.2","TCP","338","[TCP Window Full] 8004  >  36904 [PSH, ACK] Seq=389702 Ack=144 Win=65024 Len=272 TSval=2916042192 TSecr=3045561965 [TCP segment of a reassembled PDU]"
"66495","38.112176022","192.168.1.2","192.168.1.55","TCP","66","36904  >  8004 [ACK] Seq=144 Ack=337574 Win=101376 Len=0 TSval=3045561966 TSecr=2916042189"
"66496","38.112247096","192.168.1.55","192.168.1.2","TCP","1514","8004  >  36904 [ACK] Seq=389974 Ack=144 Win=65024 Len=1448 TSval=2916042192 TSecr=3045561966 [TCP segment of a reassembled PDU]"
"66497","38.112250485","192.168.1.55","192.168.1.2","TCP","1514","8004  >  36904 [ACK] Seq=391422 Ack=144 Win=65024 Len=1448 TSval=2916042192 TSecr=3045561966 [TCP segment of a reassembled PDU]"
"66498","38.112251596","192.168.1.55","192.168.1.2","TCP","1514","8004  >  36904 [ACK] Seq=392870 Ack=144 Win=65024 Len=1448 TSval=2916042192 TSecr=3045561966 [TCP segment of a reassembled PDU]"
"66499","38.112252874","192.168.1.55","192.168.1.2","TCP","1514","8004  >  36904 [ACK] Seq=394318 Ack=144 Win=65024 Len=1448 TSval=2916042192 TSecr=3045561966 [TCP segment of a reassembled PDU]"
"66500","38.112254263","192.168.1.55","192.168.1.2","TCP","1514","8004  >  36904 [ACK] Seq=395766 Ack=144 Win=65024 Len=1448 TSval=2916042192 TSecr=3045561966 [TCP segment of a reassembled PDU]"
"66501","38.112255559","192.168.1.55","192.168.1.2","TCP","1514","8004  >  36904 [ACK] Seq=397214 Ack=144 Win=65024 Len=1448 TSval=2916042192 TSecr=3045561966 [TCP segment of a reassembled PDU]"
"66502","38.112256874","192.168.1.55","192.168.1.2","TCP","1514","8004  >  36904 [ACK] Seq=398662 Ack=144 Win=65024 Len=1448 TSval=2916042192 TSecr=3045561966 [TCP segment of a reassembled PDU]"
"66503","38.112258152","192.168.1.55","192.168.1.2","TCP","1514","8004  >  36904 [ACK] Seq=400110 Ack=144 Win=65024 Len=1448 TSval=2916042192 TSecr=3045561966 [TCP segment of a reassembled PDU]"
"66504","38.112260244","192.168.1.55","192.168.1.2","TCP","1514","8004  >  36904 [ACK] Seq=401558 Ack=144 Win=65024 Len=1448 TSval=2916042192 TSecr=3045561966 [TCP segment of a reassembled PDU]"
"66505","38.112261652","192.168.1.55","192.168.1.2","TCP","1514","8004  >  36904 [ACK] Seq=403006 Ack=144 Win=65024 Len=1448 TSval=2916042192 TSecr=3045561966 [TCP segment of a reassembled PDU]"
"66506","38.112262855","192.168.1.55","192.168.1.2","TCP","1514","8004  >  36904 [ACK] Seq=404454 Ack=144 Win=65024 Len=1448 TSval=2916042192 TSecr=3045561966 [TCP segment of a reassembled PDU]"
"66507","38.112264115","192.168.1.55","192.168.1.2","TCP","1514","8004  >  36904 [ACK] Seq=405902 Ack=144 Win=65024 Len=1448 TSval=2916042192 TSecr=3045561966 [TCP segment of a reassembled PDU]"
"66508","38.112265633","192.168.1.55","192.168.1.2","TCP","1514","8004  >  36904 [ACK] Seq=407350 Ack=144 Win=65024 Len=1448 TSval=2916042192 TSecr=3045561966 [TCP segment of a reassembled PDU]"
"66509","38.112266818","192.168.1.55","192.168.1.2","TCP","1514","8004  >  36904 [ACK] Seq=408798 Ack=144 Win=65024 Len=1448 TSval=2916042192 TSecr=3045561966 [TCP segment of a reassembled PDU]"
"66510","38.112267818","192.168.1.55","192.168.1.2","TCP","1514","8004  >  36904 [ACK] Seq=410246 Ack=144 Win=65024 Len=1448 TSval=2916042192 TSecr=3045561966 [TCP segment of a reassembled PDU]"
"66511","38.112268967","192.168.1.55","192.168.1.2","TCP","1514","8004  >  36904 [ACK] Seq=411694 Ack=144 Win=65024 Len=1448 TSval=2916042192 TSecr=3045561966 [TCP segment of a reassembled PDU]"
"66512","38.112270263","192.168.1.55","192.168.1.2","TCP","1514","8004  >  36904 [ACK] Seq=413142 Ack=144 Win=65024 Len=1448 TSval=2916042192 TSecr=3045561966 [TCP segment of a reassembled PDU]"
"66513","38.112272022","192.168.1.55","192.168.1.2","TCP","1514","8004  >  36904 [ACK] Seq=414590 Ack=144 Win=65024 Len=1448 TSval=2916042192 TSecr=3045561966 [TCP segment of a reassembled PDU]"
"66514","38.112273355","192.168.1.55","192.168.1.2","TCP","1514","8004  >  36904 [ACK] Seq=416038 Ack=144 Win=65024 Len=1448 TSval=2916042192 TSecr=3045561966 [TCP segment of a reassembled PDU]"
"66515","38.112274541","192.168.1.55","192.168.1.2","TCP","1514","8004  >  36904 [ACK] Seq=417486 Ack=144 Win=65024 Len=1448 TSval=2916042192 TSecr=3045561966 [TCP segment of a reassembled PDU]"
"66516","38.112275837","192.168.1.55","192.168.1.2","TCP","1514","8004  >  36904 [ACK] Seq=418934 Ack=144 Win=65024 Len=1448 TSval=2916042192 TSecr=3045561966 [TCP segment of a reassembled PDU]"
"66517","38.112277448","192.168.1.55","192.168.1.2","TCP","1514","8004  >  36904 [PSH, ACK] Seq=420382 Ack=144 Win=65024 Len=1448 TSval=2916042192 TSecr=3045561966 [TCP segment of a reassembled PDU]"
"66518","38.113580450","192.168.1.55","192.168.1.2","TCP","1242","8004  >  36904 [ACK] Seq=421830 Ack=144 Win=65024 Len=1176 TSval=2916042194 TSecr=3045561966 [TCP segment of a reassembled PDU]"
"66519","38.113619450","192.168.1.55","192.168.1.2","TCP","1514","8004  >  36904 [ACK] Seq=423006 Ack=144 Win=65024 Len=1448 TSval=2916042194 TSecr=3045561966 [TCP segment of a reassembled PDU]"
"66520","38.113621302","192.168.1.55","192.168.1.2","TCP","1514","8004  >  36904 [ACK] Seq=424454 Ack=144 Win=65024 Len=1448 TSval=2916042194 TSecr=3045561966 [TCP segment of a reassembled PDU]"
"66521","38.113622784","192.168.1.55","192.168.1.2","TCP","1514","8004  >  36904 [ACK] Seq=425902 Ack=144 Win=65024 Len=1448 TSval=2916042194 TSecr=3045561966 [TCP segment of a reassembled PDU]"
"66522","38.113623821","192.168.1.55","192.168.1.2","TCP","1514","8004  >  36904 [ACK] Seq=427350 Ack=144 Win=65024 Len=1448 TSval=2916042194 TSecr=3045561966 [TCP segment of a reassembled PDU]"
"66523","38.113624987","192.168.1.55","192.168.1.2","TCP","1514","8004  >  36904 [ACK] Seq=428798 Ack=144 Win=65024 Len=1448 TSval=2916042194 TSecr=3045561966 [TCP segment of a reassembled PDU]"
"66524","38.113626117","192.168.1.55","192.168.1.2","TCP","1514","8004  >  36904 [ACK] Seq=430246 Ack=144 Win=65024 Len=1448 TSval=2916042194 TSecr=3045561966 [TCP segment of a reassembled PDU]"
"66525","38.113627061","192.168.1.55","192.168.1.2","TCP","1514","8004  >  36904 [ACK] Seq=431694 Ack=144 Win=65024 Len=1448 TSval=2916042194 TSecr=3045561966 [TCP segment of a reassembled PDU]"
"66526","38.113628543","192.168.1.55","192.168.1.2","TCP","1514","8004  >  36904 [ACK] Seq=433142 Ack=144 Win=65024 Len=1448 TSval=2916042194 TSecr=3045561966 [TCP segment of a reassembled PDU]"
"66527","38.113629858","192.168.1.55","192.168.1.2","TCP","1514","8004  >  36904 [ACK] Seq=434590 Ack=144 Win=65024 Len=1448 TSval=2916042194 TSecr=3045561966 [TCP segment of a reassembled PDU]"
"66528","38.113630821","192.168.1.55","192.168.1.2","TCP","1514","8004  >  36904 [ACK] Seq=436038 Ack=144 Win=65024 Len=1448 TSval=2916042194 TSecr=3045561966 [TCP segment of a reassembled PDU]"
"66529","38.113632135","192.168.1.55","192.168.1.2","TCP","1514","8004  >  36904 [PSH, ACK] Seq=437486 Ack=144 Win=65024 Len=1448 TSval=2916042194 TSecr=3045561966 [TCP segment of a reassembled PDU]"
"66530","38.123858282","192.168.1.2","192.168.1.55","TCP","66","36904  >  8004 [ACK] Seq=144 Ack=365086 Win=89088 Len=0 TSval=3045561975 TSecr=2916042191"
"66531","38.123905911","192.168.1.55","192.168.1.2","TCP","1514","8004  >  36904 [ACK] Seq=438934 Ack=144 Win=65024 Len=1448 TSval=2916042204 TSecr=3045561975 [TCP segment of a reassembled PDU]"
"66532","38.123911022","192.168.1.55","192.168.1.2","TCP","1514","8004  >  36904 [ACK] Seq=440382 Ack=144 Win=65024 Len=1448 TSval=2916042204 TSecr=3045561975 [TCP segment of a reassembled PDU]"
"66533","38.123912134","192.168.1.55","192.168.1.2","TCP","1514","8004  >  36904 [ACK] Seq=441830 Ack=144 Win=65024 Len=1448 TSval=2916042204 TSecr=3045561975 [TCP segment of a reassembled PDU]"
"66534","38.123913189","192.168.1.55","192.168.1.2","TCP","1514","8004  >  36904 [ACK] Seq=443278 Ack=144 Win=65024 Len=1448 TSval=2916042204 TSecr=3045561975 [TCP segment of a reassembled PDU]"
"66535","38.123914374","192.168.1.55","192.168.1.2","TCP","1514","8004  >  36904 [ACK] Seq=444726 Ack=144 Win=65024 Len=1448 TSval=2916042204 TSecr=3045561975 [TCP segment of a reassembled PDU]"
"66536","38.123915448","192.168.1.55","192.168.1.2","TCP","1514","8004  >  36904 [ACK] Seq=446174 Ack=144 Win=65024 Len=1448 TSval=2916042204 TSecr=3045561975 [TCP segment of a reassembled PDU]"
"66537","38.123916782","192.168.1.55","192.168.1.2","TCP","1514","8004  >  36904 [ACK] Seq=447622 Ack=144 Win=65024 Len=1448 TSval=2916042204 TSecr=3045561975 [TCP segment of a reassembled PDU]"
"66538","38.123917782","192.168.1.55","192.168.1.2","TCP","1514","8004  >  36904 [ACK] Seq=449070 Ack=144 Win=65024 Len=1448 TSval=2916042204 TSecr=3045561975 [TCP segment of a reassembled PDU]"
"66539","38.123918893","192.168.1.55","192.168.1.2","TCP","1514","8004  >  36904 [ACK] Seq=450518 Ack=144 Win=65024 Len=1448 TSval=2916042204 TSecr=3045561975 [TCP segment of a reassembled PDU]"
"66540","38.123919893","192.168.1.55","192.168.1.2","TCP","1514","8004  >  36904 [PSH, ACK] Seq=451966 Ack=144 Win=65024 Len=1448 TSval=2916042204 TSecr=3045561975 [TCP segment of a reassembled PDU]"
"66541","38.124380190","192.168.1.2","192.168.1.55","TCP","66","36904  >  8004 [ACK] Seq=144 Ack=367982 Win=87040 Len=0 TSval=3045561975 TSecr=2916042192"
"66542","38.124388820","192.168.1.2","192.168.1.55","TCP","66","36904  >  8004 [ACK] Seq=144 Ack=376670 Win=109568 Len=0 TSval=3045561977 TSecr=2916042192"
"66543","38.124402060","192.168.1.55","192.168.1.2","TCP","1514","8004  >  36904 [ACK] Seq=453414 Ack=144 Win=65024 Len=1448 TSval=2916042205 TSecr=3045561977 [TCP segment of a reassembled PDU]"
"66544","38.124403801","192.168.1.55","192.168.1.2","TCP","1514","8004  >  36904 [ACK] Seq=454862 Ack=144 Win=65024 Len=1448 TSval=2916042205 TSecr=3045561977 [TCP segment of a reassembled PDU]"
"66545","38.124404801","192.168.1.55","192.168.1.2","TCP","1514","8004  >  36904 [ACK] Seq=456310 Ack=144 Win=65024 Len=1448 TSval=2916042205 TSecr=3045561977 [TCP segment of a reassembled PDU]"
"66546","38.124405857","192.168.1.55","192.168.1.2","TCP","1514","8004  >  36904 [ACK] Seq=457758 Ack=144 Win=65024 Len=1448 TSval=2916042205 TSecr=3045561977 [TCP segment of a reassembled PDU]"
"66547","38.124406857","192.168.1.55","192.168.1.2","TCP","1514","8004  >  36904 [ACK] Seq=459206 Ack=144 Win=65024 Len=1448 TSval=2916042205 TSecr=3045561977 [TCP segment of a reassembled PDU]"
"66548","38.124407838","192.168.1.55","192.168.1.2","TCP","1514","8004  >  36904 [ACK] Seq=460654 Ack=144 Win=65024 Len=1448 TSval=2916042205 TSecr=3045561977 [TCP segment of a reassembled PDU]"
"66549","38.124408949","192.168.1.55","192.168.1.2","TCP","1514","8004  >  36904 [ACK] Seq=462102 Ack=144 Win=65024 Len=1448 TSval=2916042205 TSecr=3045561977 [TCP segment of a reassembled PDU]"
"66550","38.124410042","192.168.1.55","192.168.1.2","TCP","1514","8004  >  36904 [ACK] Seq=463550 Ack=144 Win=65024 Len=1448 TSval=2916042205 TSecr=3045561977 [TCP segment of a reassembled PDU]"
"66551","38.124411079","192.168.1.55","192.168.1.2","TCP","1514","8004  >  36904 [ACK] Seq=464998 Ack=144 Win=65024 Len=1448 TSval=2916042205 TSecr=3045561977 [TCP segment of a reassembled PDU]"
"66552","38.124412171","192.168.1.55","192.168.1.2","TCP","1514","8004  >  36904 [ACK] Seq=466446 Ack=144 Win=65024 Len=1448 TSval=2916042205 TSecr=3045561977 [TCP segment of a reassembled PDU]"
"66553","38.124413153","192.168.1.55","192.168.1.2","TCP","1514","8004  >  36904 [PSH, ACK] Seq=467894 Ack=144 Win=65024 Len=1448 TSval=2916042205 TSecr=3045561977 [TCP segment of a reassembled PDU]"
"66554","38.124416505","192.168.1.2","192.168.1.55","TCP","66","36904  >  8004 [ACK] Seq=144 Ack=379566 Win=107520 Len=0 TSval=3045561977 TSecr=2916042192"
"66555","38.128514863","192.168.1.2","192.168.1.55","TCP","66","36904  >  8004 [ACK] Seq=144 Ack=389974 Win=107520 Len=0 TSval=3045561979 TSecr=2916042192"
"66556","38.128546586","192.168.1.55","192.168.1.2","TCP","1514","8004  >  36904 [ACK] Seq=469342 Ack=144 Win=65024 Len=1448 TSval=2916042209 TSecr=3045561979 [TCP segment of a reassembled PDU]"
"66557","38.128549641","192.168.1.55","192.168.1.2","TCP","1514","8004  >  36904 [ACK] Seq=470790 Ack=144 Win=65024 Len=1448 TSval=2916042209 TSecr=3045561979 [TCP segment of a reassembled PDU]"
"66558","38.128550993","192.168.1.55","192.168.1.2","TCP","1514","8004  >  36904 [ACK] Seq=472238 Ack=144 Win=65024 Len=1448 TSval=2916042209 TSecr=3045561979 [TCP segment of a reassembled PDU]"
"66559","38.128552419","192.168.1.55","192.168.1.2","TCP","1514","8004  >  36904 [ACK] Seq=473686 Ack=144 Win=65024 Len=1448 TSval=2916042209 TSecr=3045561979 [TCP segment of a reassembled PDU]"
"66560","38.128553863","192.168.1.55","192.168.1.2","TCP","1514","8004  >  36904 [ACK] Seq=475134 Ack=144 Win=65024 Len=1448 TSval=2916042209 TSecr=3045561979 [TCP segment of a reassembled PDU]"
"66561","38.128555289","192.168.1.55","192.168.1.2","TCP","1514","8004  >  36904 [ACK] Seq=476582 Ack=144 Win=65024 Len=1448 TSval=2916042209 TSecr=3045561979 [TCP segment of a reassembled PDU]"
"66562","38.128556678","192.168.1.55","192.168.1.2","TCP","1514","8004  >  36904 [ACK] Seq=478030 Ack=144 Win=65024 Len=1448 TSval=2916042209 TSecr=3045561979 [TCP segment of a reassembled PDU]"
"66563","38.128558308","192.168.1.55","192.168.1.2","TCP","1514","8004  >  36904 [ACK] Seq=479478 Ack=144 Win=65024 Len=1448 TSval=2916042209 TSecr=3045561979 [TCP segment of a reassembled PDU]"
"66564","38.128559789","192.168.1.55","192.168.1.2","TCP","1514","8004  >  36904 [ACK] Seq=480926 Ack=144 Win=65024 Len=1448 TSval=2916042209 TSecr=3045561979 [TCP segment of a reassembled PDU]"
"66565","38.128561678","192.168.1.55","192.168.1.2","TCP","1514","8004  >  36904 [ACK] Seq=482374 Ack=144 Win=65024 Len=1448 TSval=2916042209 TSecr=3045561979 [TCP segment of a reassembled PDU]"
"66566","38.128563123","192.168.1.55","192.168.1.2","TCP","1514","8004  >  36904 [ACK] Seq=483822 Ack=144 Win=65024 Len=1448 TSval=2916042209 TSecr=3045561979 [TCP segment of a reassembled PDU]"
"66567","38.128564419","192.168.1.55","192.168.1.2","TCP","1514","8004  >  36904 [ACK] Seq=485270 Ack=144 Win=65024 Len=1448 TSval=2916042209 TSecr=3045561979 [TCP segment of a reassembled PDU]"
"66568","38.128566030","192.168.1.55","192.168.1.2","TCP","1514","8004  >  36904 [ACK] Seq=486718 Ack=144 Win=65024 Len=1448 TSval=2916042209 TSecr=3045561979 [TCP segment of a reassembled PDU]"
"66569","38.128567437","192.168.1.55","192.168.1.2","TCP","1514","8004  >  36904 [ACK] Seq=488166 Ack=144 Win=65024 Len=1448 TSval=2916042209 TSecr=3045561979 [TCP segment of a reassembled PDU]"
"66570","38.128568882","192.168.1.55","192.168.1.2","TCP","1514","8004  >  36904 [ACK] Seq=489614 Ack=144 Win=65024 Len=1448 TSval=2916042209 TSecr=3045561979 [TCP segment of a reassembled PDU]"
"66571","38.128570289","192.168.1.55","192.168.1.2","TCP","1514","8004  >  36904 [ACK] Seq=491062 Ack=144 Win=65024 Len=1448 TSval=2916042209 TSecr=3045561979 [TCP segment of a reassembled PDU]"
"66572","38.128571789","192.168.1.55","192.168.1.2","TCP","1514","8004  >  36904 [ACK] Seq=492510 Ack=144 Win=65024 Len=1448 TSval=2916042209 TSecr=3045561979 [TCP segment of a reassembled PDU]"
"66573","38.128573160","192.168.1.55","192.168.1.2","TCP","1514","8004  >  36904 [ACK] Seq=493958 Ack=144 Win=65024 Len=1448 TSval=2916042209 TSecr=3045561979 [TCP segment of a reassembled PDU]"
"66574","38.128574567","192.168.1.55","192.168.1.2","TCP","1514","8004  >  36904 [PSH, ACK] Seq=495406 Ack=144 Win=65024 Len=1448 TSval=2916042209 TSecr=3045561979 [TCP segment of a reassembled PDU]"
"66575","38.129375476","192.168.1.2","192.168.1.55","TCP","66","36904  >  8004 [ACK] Seq=144 Ack=410246 Win=96256 Len=0 TSval=3045561979 TSecr=2916042192"
"66576","38.129389809","192.168.1.55","192.168.1.2","TCP","1514","8004  >  36904 [ACK] Seq=496854 Ack=144 Win=65024 Len=1448 TSval=2916042210 TSecr=3045561979 [TCP segment of a reassembled PDU]"
"66577","38.129394587","192.168.1.55","192.168.1.2","HTTP","222","HTTP/1.0 200 OK  (PNG)"
"66578","38.129398346","192.168.1.2","192.168.1.55","TCP","66","36904  >  8004 [ACK] Seq=144 Ack=421830 Win=104448 Len=0 TSval=3045561982 TSecr=2916042192"
"66579","38.129404328","192.168.1.2","192.168.1.55","TCP","66","36904  >  8004 [ACK] Seq=144 Ack=423006 Win=112640 Len=0 TSval=3045561983 TSecr=2916042194"
"66580","38.129410013","192.168.1.2","192.168.1.55","TCP","66","36904  >  8004 [ACK] Seq=144 Ack=438934 Win=112640 Len=0 TSval=3045561983 TSecr=2916042194"
"66581","38.129468031","192.168.1.2","192.168.1.55","TCP","66","36904  >  8004 [ACK] Seq=144 Ack=453414 Win=110592 Len=0 TSval=3045561983 TSecr=2916042204"
"66582","38.129474939","192.168.1.2","192.168.1.55","TCP","66","36904  >  8004 [ACK] Seq=144 Ack=462102 Win=112640 Len=0 TSval=3045561983 TSecr=2916042205"
"66583","38.129480309","192.168.1.2","192.168.1.55","TCP","66","36904  >  8004 [ACK] Seq=144 Ack=469342 Win=126976 Len=0 TSval=3045561984 TSecr=2916042205"
"66584","38.131861998","192.168.1.2","192.168.1.55","TCP","66","36904  >  8004 [ACK] Seq=144 Ack=498302 Win=107520 Len=0 TSval=3045561987 TSecr=2916042209"
"66585","38.134327188","192.168.1.2","192.168.1.55","TCP","66","36904  >  8004 [FIN, ACK] Seq=144 Ack=498459 Win=130048 Len=0 TSval=3045561989 TSecr=2916042210"
"66586","38.134338262","192.168.1.55","192.168.1.2","TCP","66","8004  >  36904 [ACK] Seq=498459 Ack=145 Win=65024 Len=0 TSval=2916042215 TSecr=3045561989"
"66587","38.134453725","192.168.1.2","192.168.1.55","TCP","74","36916  >  8004 [SYN] Seq=0 Win=64240 Len=0 MSS=1460 SACK_PERM TSval=3045561989 TSecr=0 WS=1024"
"66588","38.134477910","192.168.1.55","192.168.1.2","TCP","74","8004  >  36916 [SYN, ACK] Seq=0 Ack=1 Win=65160 Len=0 MSS=1460 SACK_PERM TSval=2916042215 TSecr=3045561989 WS=128"
"66589","38.137698323","192.168.1.2","192.168.1.55","TCP","66","36916  >  8004 [ACK] Seq=1 Ack=1 Win=64512 Len=0 TSval=3045561992 TSecr=2916042215"
"66590","38.140894772","192.168.1.2","192.168.1.55","HTTP","206","GET /stego_benchmark.png HTTP/1.1 "
"66591","38.140906754","192.168.1.55","192.168.1.2","TCP","66","8004  >  36916 [ACK] Seq=1 Ack=141 Win=65024 Len=0 TSval=2916042221 TSecr=3045561992"
"66592","38.141424310","192.168.1.55","192.168.1.2","TCP","255","8004  >  36916 [PSH, ACK] Seq=1 Ack=141 Win=65024 Len=189 TSval=2916042222 TSecr=3045561992 [TCP segment of a reassembled PDU]"
"66593","38.141509570","192.168.1.55","192.168.1.2","TCP","1514","8004  >  36916 [ACK] Seq=190 Ack=141 Win=65024 Len=1448 TSval=2916042222 TSecr=3045561992 [TCP segment of a reassembled PDU]"
"66594","38.141516273","192.168.1.55","192.168.1.2","TCP","1514","8004  >  36916 [ACK] Seq=1638 Ack=141 Win=65024 Len=1448 TSval=2916042222 TSecr=3045561992 [TCP segment of a reassembled PDU]"
"66595","38.141518032","192.168.1.55","192.168.1.2","TCP","1514","8004  >  36916 [ACK] Seq=3086 Ack=141 Win=65024 Len=1448 TSval=2916042222 TSecr=3045561992 [TCP segment of a reassembled PDU]"
"66596","38.141519514","192.168.1.55","192.168.1.2","TCP","1514","8004  >  36916 [ACK] Seq=4534 Ack=141 Win=65024 Len=1448 TSval=2916042222 TSecr=3045561992 [TCP segment of a reassembled PDU]"
"66597","38.141521570","192.168.1.55","192.168.1.2","TCP","1514","8004  >  36916 [PSH, ACK] Seq=5982 Ack=141 Win=65024 Len=1448 TSval=2916042222 TSecr=3045561992 [TCP segment of a reassembled PDU]"
"66598","38.141539292","192.168.1.55","192.168.1.2","TCP","1514","8004  >  36916 [ACK] Seq=7430 Ack=141 Win=65024 Len=1448 TSval=2916042222 TSecr=3045561992 [TCP segment of a reassembled PDU]"
"66599","38.141541551","192.168.1.55","192.168.1.2","TCP","1514","8004  >  36916 [ACK] Seq=8878 Ack=141 Win=65024 Len=1448 TSval=2916042222 TSecr=3045561992 [TCP segment of a reassembled PDU]"
"66600","38.141542940","192.168.1.55","192.168.1.2","TCP","1514","8004  >  36916 [ACK] Seq=10326 Ack=141 Win=65024 Len=1448 TSval=2916042222 TSecr=3045561992 [TCP segment of a reassembled PDU]"
"66601","38.141544292","192.168.1.55","192.168.1.2","TCP","1514","8004  >  36916 [PSH, ACK] Seq=11774 Ack=141 Win=65024 Len=1448 TSval=2916042222 TSecr=3045561992 [TCP segment of a reassembled PDU]"
"66602","38.145318298","192.168.1.2","192.168.1.55","TCP","66","36916  >  8004 [ACK] Seq=141 Ack=190 Win=64512 Len=0 TSval=3045561999 TSecr=2916042222"
"66603","38.145418094","192.168.1.55","192.168.1.2","TCP","1514","8004  >  36916 [ACK] Seq=13222 Ack=141 Win=65024 Len=1448 TSval=2916042226 TSecr=3045561999 [TCP segment of a reassembled PDU]"
"66604","38.145430539","192.168.1.55","192.168.1.2","TCP","1514","8004  >  36916 [PSH, ACK] Seq=14670 Ack=141 Win=65024 Len=1448 TSval=2916042226 TSecr=3045561999 [TCP segment of a reassembled PDU]"
"66605","38.145599891","192.168.1.2","192.168.1.55","TCP","66","36916  >  8004 [ACK] Seq=141 Ack=3086 Win=70656 Len=0 TSval=3045561999 TSecr=2916042222"
"66606","38.145636965","192.168.1.2","192.168.1.55","TCP","66","36916  >  8004 [ACK] Seq=141 Ack=5982 Win=76800 Len=0 TSval=3045562000 TSecr=2916042222"
"66607","38.145698799","192.168.1.55","192.168.1.2","TCP","1514","8004  >  36916 [ACK] Seq=16118 Ack=141 Win=65024 Len=1448 TSval=2916042226 TSecr=3045562000 [TCP segment of a reassembled PDU]"
"66608","38.145706873","192.168.1.55","192.168.1.2","TCP","1514","8004  >  36916 [ACK] Seq=17566 Ack=141 Win=65024 Len=1448 TSval=2916042226 TSecr=3045562000 [TCP segment of a reassembled PDU]"
"66609","38.145708558","192.168.1.55","192.168.1.2","TCP","1514","8004  >  36916 [ACK] Seq=19014 Ack=141 Win=65024 Len=1448 TSval=2916042226 TSecr=3045562000 [TCP segment of a reassembled PDU]"
"66610","38.145710243","192.168.1.55","192.168.1.2","TCP","1514","8004  >  36916 [ACK] Seq=20462 Ack=141 Win=65024 Len=1448 TSval=2916042226 TSecr=3045562000 [TCP segment of a reassembled PDU]"
"66611","38.145712632","192.168.1.55","192.168.1.2","TCP","1514","8004  >  36916 [ACK] Seq=21910 Ack=141 Win=65024 Len=1448 TSval=2916042226 TSecr=3045562000 [TCP segment of a reassembled PDU]"
"66612","38.145715595","192.168.1.55","192.168.1.2","TCP","1514","8004  >  36916 [ACK] Seq=23358 Ack=141 Win=65024 Len=1448 TSval=2916042226 TSecr=3045562000 [TCP segment of a reassembled PDU]"
"66613","38.145719558","192.168.1.55","192.168.1.2","TCP","1514","8004  >  36916 [PSH, ACK] Seq=24806 Ack=141 Win=65024 Len=1448 TSval=2916042226 TSecr=3045562000 [TCP segment of a reassembled PDU]"
"66614","38.145728558","192.168.1.2","192.168.1.55","TCP","66","36916  >  8004 [ACK] Seq=141 Ack=7430 Win=79872 Len=0 TSval=3045562000 TSecr=2916042222"
"66615","38.145746817","192.168.1.2","192.168.1.55","TCP","66","36916  >  8004 [ACK] Seq=141 Ack=13222 Win=84992 Len=0 TSval=3045562000 TSecr=2916042222"
"66616","38.145821651","192.168.1.55","192.168.1.2","TCP","1514","8004  >  36916 [ACK] Seq=26254 Ack=141 Win=65024 Len=1448 TSval=2916042226 TSecr=3045562000 [TCP segment of a reassembled PDU]"
"66617","38.145834021","192.168.1.55","192.168.1.2","TCP","1514","8004  >  36916 [ACK] Seq=27702 Ack=141 Win=65024 Len=1448 TSval=2916042226 TSecr=3045562000 [TCP segment of a reassembled PDU]"
"66618","38.145838762","192.168.1.55","192.168.1.2","TCP","1514","8004  >  36916 [ACK] Seq=29150 Ack=141 Win=65024 Len=1448 TSval=2916042226 TSecr=3045562000 [TCP segment of a reassembled PDU]"
"66619","38.145841873","192.168.1.55","192.168.1.2","TCP","1514","8004  >  36916 [ACK] Seq=30598 Ack=141 Win=65024 Len=1448 TSval=2916042226 TSecr=3045562000 [TCP segment of a reassembled PDU]"
"66620","38.145845928","192.168.1.55","192.168.1.2","TCP","1514","8004  >  36916 [ACK] Seq=32046 Ack=141 Win=65024 Len=1448 TSval=2916042226 TSecr=3045562000 [TCP segment of a reassembled PDU]"
"66621","38.145848484","192.168.1.55","192.168.1.2","TCP","1514","8004  >  36916 [ACK] Seq=33494 Ack=141 Win=65024 Len=1448 TSval=2916042226 TSecr=3045562000 [TCP segment of a reassembled PDU]"
"66622","38.145851391","192.168.1.55","192.168.1.2","TCP","1514","8004  >  36916 [ACK] Seq=34942 Ack=141 Win=65024 Len=1448 TSval=2916042226 TSecr=3045562000 [TCP segment of a reassembled PDU]"
"66623","38.145853484","192.168.1.55","192.168.1.2","TCP","1514","8004  >  36916 [ACK] Seq=36390 Ack=141 Win=65024 Len=1448 TSval=2916042226 TSecr=3045562000 [TCP segment of a reassembled PDU]"
"66624","38.145855910","192.168.1.55","192.168.1.2","TCP","1514","8004  >  36916 [ACK] Seq=37838 Ack=141 Win=65024 Len=1448 TSval=2916042226 TSecr=3045562000 [TCP segment of a reassembled PDU]"
"66625","38.145857669","192.168.1.55","192.168.1.2","TCP","1514","8004  >  36916 [PSH, ACK] Seq=39286 Ack=141 Win=65024 Len=1448 TSval=2916042226 TSecr=3045562000 [TCP segment of a reassembled PDU]"
"66626","38.146788152","192.168.1.55","192.168.1.2","TCP","1514","8004  >  36916 [ACK] Seq=40734 Ack=141 Win=65024 Len=1448 TSval=2916042227 TSecr=3045562000 [TCP segment of a reassembled PDU]"
"66627","38.150796140","192.168.1.2","192.168.1.55","TCP","66","36916  >  8004 [ACK] Seq=141 Ack=16118 Win=90112 Len=0 TSval=3045562005 TSecr=2916042226"
"66628","38.150866048","192.168.1.55","192.168.1.2","TCP","1514","8004  >  36916 [ACK] Seq=42182 Ack=141 Win=65024 Len=1448 TSval=2916042231 TSecr=3045562005 [TCP segment of a reassembled PDU]"
"66629","38.150878659","192.168.1.55","192.168.1.2","TCP","1514","8004  >  36916 [PSH, ACK] Seq=43630 Ack=141 Win=65024 Len=1448 TSval=2916042231 TSecr=3045562005 [TCP segment of a reassembled PDU]"
"66630","38.150992696","192.168.1.2","192.168.1.55","TCP","66","36916  >  8004 [ACK] Seq=141 Ack=19014 Win=90112 Len=0 TSval=3045562005 TSecr=2916042226"
"66631","38.151010789","192.168.1.2","192.168.1.55","TCP","66","36916  >  8004 [ACK] Seq=141 Ack=26254 Win=86016 Len=0 TSval=3045562005 TSecr=2916042226"
"66632","38.151045492","192.168.1.55","192.168.1.2","TCP","1514","8004  >  36916 [ACK] Seq=45078 Ack=141 Win=65024 Len=1448 TSval=2916042231 TSecr=3045562005 [TCP segment of a reassembled PDU]"
"66633","38.151048492","192.168.1.55","192.168.1.2","TCP","1514","8004  >  36916 [ACK] Seq=46526 Ack=141 Win=65024 Len=1448 TSval=2916042231 TSecr=3045562005 [TCP segment of a reassembled PDU]"
"66634","38.151049789","192.168.1.55","192.168.1.2","TCP","1514","8004  >  36916 [ACK] Seq=47974 Ack=141 Win=65024 Len=1448 TSval=2916042231 TSecr=3045562005 [TCP segment of a reassembled PDU]"
"66635","38.151051492","192.168.1.55","192.168.1.2","TCP","1514","8004  >  36916 [ACK] Seq=49422 Ack=141 Win=65024 Len=1448 TSval=2916042231 TSecr=3045562005 [TCP segment of a reassembled PDU]"
"66636","38.151052789","192.168.1.55","192.168.1.2","TCP","1514","8004  >  36916 [ACK] Seq=50870 Ack=141 Win=65024 Len=1448 TSval=2916042231 TSecr=3045562005 [TCP segment of a reassembled PDU]"
"66637","38.151054344","192.168.1.55","192.168.1.2","TCP","1514","8004  >  36916 [ACK] Seq=52318 Ack=141 Win=65024 Len=1448 TSval=2916042231 TSecr=3045562005 [TCP segment of a reassembled PDU]"
"66638","38.151056196","192.168.1.55","192.168.1.2","TCP","1514","8004  >  36916 [ACK] Seq=53766 Ack=141 Win=65024 Len=1448 TSval=2916042231 TSecr=3045562005 [TCP segment of a reassembled PDU]"
"66639","38.151057789","192.168.1.55","192.168.1.2","TCP","1514","8004  >  36916 [ACK] Seq=55214 Ack=141 Win=65024 Len=1448 TSval=2916042231 TSecr=3045562005 [TCP segment of a reassembled PDU]"
"66640","38.151059992","192.168.1.55","192.168.1.2","TCP","1514","8004  >  36916 [ACK] Seq=56662 Ack=141 Win=65024 Len=1448 TSval=2916042231 TSecr=3045562005 [TCP segment of a reassembled PDU]"
"66641","38.151061344","192.168.1.55","192.168.1.2","TCP","1514","8004  >  36916 [ACK] Seq=58110 Ack=141 Win=65024 Len=1448 TSval=2916042231 TSecr=3045562005 [TCP segment of a reassembled PDU]"
"66642","38.151075159","192.168.1.55","192.168.1.2","TCP","1514","8004  >  36916 [ACK] Seq=59558 Ack=141 Win=65024 Len=1448 TSval=2916042231 TSecr=3045562005 [TCP segment of a reassembled PDU]"
"66643","38.151078455","192.168.1.55","192.168.1.2","TCP","1514","8004  >  36916 [ACK] Seq=61006 Ack=141 Win=65024 Len=1448 TSval=2916042231 TSecr=3045562005 [TCP segment of a reassembled PDU]"
"66644","38.151080326","192.168.1.55","192.168.1.2","TCP","1514","8004  >  36916 [ACK] Seq=62454 Ack=141 Win=65024 Len=1448 TSval=2916042231 TSecr=3045562005 [TCP segment of a reassembled PDU]"
"66645","38.151081678","192.168.1.55","192.168.1.2","TCP","1514","8004  >  36916 [PSH, ACK] Seq=63902 Ack=141 Win=65024 Len=1448 TSval=2916042231 TSecr=3045562005 [TCP segment of a reassembled PDU]"
"66646","38.151086863","192.168.1.2","192.168.1.55","TCP","66","36916  >  8004 [ACK] Seq=141 Ack=40734 Win=79872 Len=0 TSval=3045562005 TSecr=2916042226"
"66647","38.151142011","192.168.1.55","192.168.1.2","TCP","1514","8004  >  36916 [ACK] Seq=65350 Ack=141 Win=65024 Len=1448 TSval=2916042231 TSecr=3045562005 [TCP segment of a reassembled PDU]"
"66648","38.151145196","192.168.1.55","192.168.1.2","TCP","1514","8004  >  36916 [ACK] Seq=66798 Ack=141 Win=65024 Len=1448 TSval=2916042231 TSecr=3045562005 [TCP segment of a reassembled PDU]"
"66649","38.151146826","192.168.1.55","192.168.1.2","TCP","1514","8004  >  36916 [ACK] Seq=68246 Ack=141 Win=65024 Len=1448 TSval=2916042231 TSecr=3045562005 [TCP segment of a reassembled PDU]"
"66650","38.151148567","192.168.1.55","192.168.1.2","TCP","1514","8004  >  36916 [ACK] Seq=69694 Ack=141 Win=65024 Len=1448 TSval=2916042231 TSecr=3045562005 [TCP segment of a reassembled PDU]"
"66651","38.151149956","192.168.1.55","192.168.1.2","TCP","1514","8004  >  36916 [ACK] Seq=71142 Ack=141 Win=65024 Len=1448 TSval=2916042231 TSecr=3045562005 [TCP segment of a reassembled PDU]"
"66652","38.151151511","192.168.1.55","192.168.1.2","TCP","1514","8004  >  36916 [ACK] Seq=72590 Ack=141 Win=65024 Len=1448 TSval=2916042231 TSecr=3045562005 [TCP segment of a reassembled PDU]"
"66653","38.151154307","192.168.1.55","192.168.1.2","TCP","1514","8004  >  36916 [ACK] Seq=74038 Ack=141 Win=65024 Len=1448 TSval=2916042231 TSecr=3045562005 [TCP segment of a reassembled PDU]"
"66654","38.151156567","192.168.1.55","192.168.1.2","TCP","1514","8004  >  36916 [PSH, ACK] Seq=75486 Ack=141 Win=65024 Len=1448 TSval=2916042231 TSecr=3045562005 [TCP segment of a reassembled PDU]"
"66655","38.151167844","192.168.1.2","192.168.1.55","TCP","66","36916  >  8004 [ACK] Seq=141 Ack=42182 Win=78848 Len=0 TSval=3045562005 TSecr=2916042227"
"66656","38.152173735","192.168.1.55","192.168.1.2","TCP","1514","8004  >  36916 [ACK] Seq=76934 Ack=141 Win=65024 Len=1448 TSval=2916042232 TSecr=3045562005 [TCP segment of a reassembled PDU]"
"66657","38.152180402","192.168.1.55","192.168.1.2","TCP","1514","8004  >  36916 [ACK] Seq=78382 Ack=141 Win=65024 Len=1448 TSval=2916042232 TSecr=3045562005 [TCP segment of a reassembled PDU]"
"66658","38.152182142","192.168.1.55","192.168.1.2","TCP","1514","8004  >  36916 [ACK] Seq=79830 Ack=141 Win=65024 Len=1448 TSval=2916042232 TSecr=3045562005 [TCP segment of a reassembled PDU]"
"66659","38.152183365","192.168.1.55","192.168.1.2","TCP","1514","8004  >  36916 [ACK] Seq=81278 Ack=141 Win=65024 Len=1448 TSval=2916042232 TSecr=3045562005 [TCP segment of a reassembled PDU]"
"66660","38.152184624","192.168.1.55","192.168.1.2","TCP","1514","8004  >  36916 [ACK] Seq=82726 Ack=141 Win=65024 Len=1448 TSval=2916042232 TSecr=3045562005 [TCP segment of a reassembled PDU]"
"66661","38.152186031","192.168.1.55","192.168.1.2","TCP","1514","8004  >  36916 [ACK] Seq=84174 Ack=141 Win=65024 Len=1448 TSval=2916042232 TSecr=3045562005 [TCP segment of a reassembled PDU]"
"66662","38.152187457","192.168.1.55","192.168.1.2","TCP","1514","8004  >  36916 [ACK] Seq=85622 Ack=141 Win=65024 Len=1448 TSval=2916042232 TSecr=3045562005 [TCP segment of a reassembled PDU]"
"66663","38.152189291","192.168.1.55","192.168.1.2","TCP","1514","8004  >  36916 [ACK] Seq=87070 Ack=141 Win=65024 Len=1448 TSval=2916042232 TSecr=3045562005 [TCP segment of a reassembled PDU]"
"66664","38.152194124","192.168.1.55","192.168.1.2","TCP","1514","8004  >  36916 [ACK] Seq=88518 Ack=141 Win=65024 Len=1448 TSval=2916042232 TSecr=3045562005 [TCP segment of a reassembled PDU]"
"66665","38.152195531","192.168.1.55","192.168.1.2","TCP","1514","8004  >  36916 [ACK] Seq=89966 Ack=141 Win=65024 Len=1448 TSval=2916042232 TSecr=3045562005 [TCP segment of a reassembled PDU]"
"66666","38.152196809","192.168.1.55","192.168.1.2","TCP","1514","8004  >  36916 [ACK] Seq=91414 Ack=141 Win=65024 Len=1448 TSval=2916042232 TSecr=3045562005 [TCP segment of a reassembled PDU]"
"66667","38.152198105","192.168.1.55","192.168.1.2","TCP","1514","8004  >  36916 [ACK] Seq=92862 Ack=141 Win=65024 Len=1448 TSval=2916042232 TSecr=3045562005 [TCP segment of a reassembled PDU]"
"66668","38.152199328","192.168.1.55","192.168.1.2","TCP","1514","8004  >  36916 [ACK] Seq=94310 Ack=141 Win=65024 Len=1448 TSval=2916042232 TSecr=3045562005 [TCP segment of a reassembled PDU]"
"66669","38.152201365","192.168.1.55","192.168.1.2","TCP","1514","8004  >  36916 [PSH, ACK] Seq=95758 Ack=141 Win=65024 Len=1448 TSval=2916042232 TSecr=3045562005 [TCP segment of a reassembled PDU]"
"66670","38.152211828","192.168.1.55","192.168.1.2","TCP","1514","8004  >  36916 [ACK] Seq=97206 Ack=141 Win=65024 Len=1448 TSval=2916042232 TSecr=3045562005 [TCP segment of a reassembled PDU]"
"66671","38.152213735","192.168.1.55","192.168.1.2","TCP","1514","8004  >  36916 [PSH, ACK] Seq=98654 Ack=141 Win=65024 Len=1448 TSval=2916042232 TSecr=3045562005 [TCP segment of a reassembled PDU]"
"66672","38.156951650","192.168.1.2","192.168.1.55","TCP","66","36916  >  8004 [ACK] Seq=141 Ack=45078 Win=88064 Len=0 TSval=3045562011 TSecr=2916042231"
"66673","38.156992928","192.168.1.55","192.168.1.2","TCP","1514","8004  >  36916 [ACK] Seq=100102 Ack=141 Win=65024 Len=1448 TSval=2916042237 TSecr=3045562011 [TCP segment of a reassembled PDU]"
"66674","38.156997428","192.168.1.55","192.168.1.2","TCP","1514","8004  >  36916 [ACK] Seq=101550 Ack=141 Win=65024 Len=1448 TSval=2916042237 TSecr=3045562011 [TCP segment of a reassembled PDU]"
"66675","38.156999409","192.168.1.55","192.168.1.2","TCP","1514","8004  >  36916 [ACK] Seq=102998 Ack=141 Win=65024 Len=1448 TSval=2916042237 TSecr=3045562011 [TCP segment of a reassembled PDU]"
"66676","38.157001261","192.168.1.55","192.168.1.2","TCP","1514","8004  >  36916 [PSH, ACK] Seq=104446 Ack=141 Win=65024 Len=1448 TSval=2916042237 TSecr=3045562011 [TCP segment of a reassembled PDU]"
"66677","38.157286669","192.168.1.2","192.168.1.55","TCP","66","36916  >  8004 [ACK] Seq=141 Ack=55214 Win=83968 Len=0 TSval=3045562011 TSecr=2916042231"
"66678","38.157314206","192.168.1.55","192.168.1.2","TCP","1514","8004  >  36916 [ACK] Seq=105894 Ack=141 Win=65024 Len=1448 TSval=2916042238 TSecr=3045562011 [TCP segment of a reassembled PDU]"
"66679","38.157316317","192.168.1.55","192.168.1.2","TCP","1514","8004  >  36916 [ACK] Seq=107342 Ack=141 Win=65024 Len=1448 TSval=2916042238 TSecr=3045562011 [TCP segment of a reassembled PDU]"
"66680","38.157317743","192.168.1.55","192.168.1.2","TCP","1514","8004  >  36916 [ACK] Seq=108790 Ack=141 Win=65024 Len=1448 TSval=2916042238 TSecr=3045562011 [TCP segment of a reassembled PDU]"
"66681","38.157319503","192.168.1.55","192.168.1.2","TCP","1514","8004  >  36916 [ACK] Seq=110238 Ack=141 Win=65024 Len=1448 TSval=2916042238 TSecr=3045562011 [TCP segment of a reassembled PDU]"
"66682","38.157320928","192.168.1.55","192.168.1.2","TCP","1514","8004  >  36916 [ACK] Seq=111686 Ack=141 Win=65024 Len=1448 TSval=2916042238 TSecr=3045562011 [TCP segment of a reassembled PDU]"
"66683","38.157323651","192.168.1.55","192.168.1.2","TCP","1514","8004  >  36916 [ACK] Seq=113134 Ack=141 Win=65024 Len=1448 TSval=2916042238 TSecr=3045562011 [TCP segment of a reassembled PDU]"
"66684","38.157325540","192.168.1.55","192.168.1.2","TCP","1514","8004  >  36916 [ACK] Seq=114582 Ack=141 Win=65024 Len=1448 TSval=2916042238 TSecr=3045562011 [TCP segment of a reassembled PDU]"
"66685","38.157326910","192.168.1.55","192.168.1.2","TCP","1514","8004  >  36916 [ACK] Seq=116030 Ack=141 Win=65024 Len=1448 TSval=2916042238 TSecr=3045562011 [TCP segment of a reassembled PDU]"
"66686","38.157329280","192.168.1.55","192.168.1.2","TCP","1514","8004  >  36916 [PSH, ACK] Seq=117478 Ack=141 Win=65024 Len=1448 TSval=2916042238 TSecr=3045562011 [TCP segment of a reassembled PDU]"
"66687","38.157340688","192.168.1.2","192.168.1.55","TCP","66","36916  >  8004 [ACK] Seq=141 Ack=61006 Win=88064 Len=0 TSval=3045562011 TSecr=2916042231"
"66688","38.157346614","192.168.1.2","192.168.1.55","TCP","66","36916  >  8004 [ACK] Seq=141 Ack=65350 Win=89088 Len=0 TSval=3045562011 TSecr=2916042231"
"66689","38.157388262","192.168.1.55","192.168.1.2","TCP","1514","8004  >  36916 [ACK] Seq=118926 Ack=141 Win=65024 Len=1448 TSval=2916042238 TSecr=3045562011 [TCP segment of a reassembled PDU]"
"66690","38.157390910","192.168.1.55","192.168.1.2","TCP","1514","8004  >  36916 [ACK] Seq=120374 Ack=141 Win=65024 Len=1448 TSval=2916042238 TSecr=3045562011 [TCP segment of a reassembled PDU]"
"66691","38.157392225","192.168.1.55","192.168.1.2","TCP","1514","8004  >  36916 [ACK] Seq=121822 Ack=141 Win=65024 Len=1448 TSval=2916042238 TSecr=3045562011 [TCP segment of a reassembled PDU]"
"66692","38.157393892","192.168.1.55","192.168.1.2","TCP","1514","8004  >  36916 [ACK] Seq=123270 Ack=141 Win=65024 Len=1448 TSval=2916042238 TSecr=3045562011 [TCP segment of a reassembled PDU]"
"66693","38.157396595","192.168.1.55","192.168.1.2","TCP","1514","8004  >  36916 [ACK] Seq=124718 Ack=141 Win=65024 Len=1448 TSval=2916042238 TSecr=3045562011 [TCP segment of a reassembled PDU]"
"66694","38.157398188","192.168.1.55","192.168.1.2","TCP","1514","8004  >  36916 [ACK] Seq=126166 Ack=141 Win=65024 Len=1448 TSval=2916042238 TSecr=3045562011 [TCP segment of a reassembled PDU]"
"66695","38.157399595","192.168.1.55","192.168.1.2","TCP","1514","8004  >  36916 [ACK] Seq=127614 Ack=141 Win=65024 Len=1448 TSval=2916042238 TSecr=3045562011 [TCP segment of a reassembled PDU]"
"66696","38.157401743","192.168.1.55","192.168.1.2","TCP","1514","8004  >  36916 [ACK] Seq=129062 Ack=141 Win=65024 Len=1448 TSval=2916042238 TSecr=3045562011 [TCP segment of a reassembled PDU]"
"66697","38.157403058","192.168.1.55","192.168.1.2","TCP","1514","8004  >  36916 [ACK] Seq=130510 Ack=141 Win=65024 Len=1448 TSval=2916042238 TSecr=3045562011 [TCP segment of a reassembled PDU]"
"66698","38.157404947","192.168.1.55","192.168.1.2","TCP","1514","8004  >  36916 [ACK] Seq=131958 Ack=141 Win=65024 Len=1448 TSval=2916042238 TSecr=3045562011 [TCP segment of a reassembled PDU]"
"66699","38.157406225","192.168.1.55","192.168.1.2","TCP","1514","8004  >  36916 [ACK] Seq=133406 Ack=141 Win=65024 Len=1448 TSval=2916042238 TSecr=3045562011 [TCP segment of a reassembled PDU]"
"66700","38.157407818","192.168.1.55","192.168.1.2","TCP","1514","8004  >  36916 [ACK] Seq=134854 Ack=141 Win=65024 Len=1448 TSval=2916042238 TSecr=3045562011 [TCP segment of a reassembled PDU]"
"66701","38.157409114","192.168.1.55","192.168.1.2","TCP","1514","8004  >  36916 [ACK] Seq=136302 Ack=141 Win=65024 Len=1448 TSval=2916042238 TSecr=3045562011 [TCP segment of a reassembled PDU]"
"66702","38.157410799","192.168.1.55","192.168.1.2","TCP","1514","8004  >  36916 [ACK] Seq=137750 Ack=141 Win=65024 Len=1448 TSval=2916042238 TSecr=3045562011 [TCP segment of a reassembled PDU]"
"66703","38.157411966","192.168.1.55","192.168.1.2","TCP","1514","8004  >  36916 [ACK] Seq=139198 Ack=141 Win=65024 Len=1448 TSval=2916042238 TSecr=3045562011 [TCP segment of a reassembled PDU]"
"66704","38.157413262","192.168.1.55","192.168.1.2","TCP","1514","8004  >  36916 [ACK] Seq=140646 Ack=141 Win=65024 Len=1448 TSval=2916042238 TSecr=3045562011 [TCP segment of a reassembled PDU]"
"66705","38.157415280","192.168.1.55","192.168.1.2","TCP","1514","8004  >  36916 [ACK] Seq=142094 Ack=141 Win=65024 Len=1448 TSval=2916042238 TSecr=3045562011 [TCP segment of a reassembled PDU]"
"66706","38.157416873","192.168.1.55","192.168.1.2","TCP","1514","8004  >  36916 [ACK] Seq=143542 Ack=141 Win=65024 Len=1448 TSval=2916042238 TSecr=3045562011 [TCP segment of a reassembled PDU]"
"66707","38.157418429","192.168.1.55","192.168.1.2","TCP","1514","8004  >  36916 [PSH, ACK] Seq=144990 Ack=141 Win=65024 Len=1448 TSval=2916042238 TSecr=3045562011 [TCP segment of a reassembled PDU]"
"66708","38.157424077","192.168.1.2","192.168.1.55","TCP","66","36916  >  8004 [ACK] Seq=141 Ack=76934 Win=77824 Len=0 TSval=3045562011 TSecr=2916042231"
"66709","38.157489021","192.168.1.2","192.168.1.55","TCP","66","36916  >  8004 [ACK] Seq=141 Ack=97206 Win=59392 Len=0 TSval=3045562011 TSecr=2916042232"
"66710","38.157498058","192.168.1.2","192.168.1.55","TCP","66","36916  >  8004 [ACK] Seq=141 Ack=100102 Win=57344 Len=0 TSval=3045562011 TSecr=2916042232"
"66711","38.157565984","192.168.1.55","192.168.1.2","TCP","1514","8004  >  36916 [ACK] Seq=146438 Ack=141 Win=65024 Len=1448 TSval=2916042238 TSecr=3045562011 [TCP segment of a reassembled PDU]"
"66712","38.157573392","192.168.1.55","192.168.1.2","TCP","1514","8004  >  36916 [ACK] Seq=147886 Ack=141 Win=65024 Len=1448 TSval=2916042238 TSecr=3045562011 [TCP segment of a reassembled PDU]"
"66713","38.157575688","192.168.1.55","192.168.1.2","TCP","1514","8004  >  36916 [ACK] Seq=149334 Ack=141 Win=65024 Len=1448 TSval=2916042238 TSecr=3045562011 [TCP segment of a reassembled PDU]"
"66714","38.157577466","192.168.1.55","192.168.1.2","TCP","1514","8004  >  36916 [ACK] Seq=150782 Ack=141 Win=65024 Len=1448 TSval=2916042238 TSecr=3045562011 [TCP segment of a reassembled PDU]"
"66715","38.157579170","192.168.1.55","192.168.1.2","TCP","1514","8004  >  36916 [ACK] Seq=152230 Ack=141 Win=65024 Len=1448 TSval=2916042238 TSecr=3045562011 [TCP segment of a reassembled PDU]"
"66716","38.157581818","192.168.1.55","192.168.1.2","TCP","1514","8004  >  36916 [ACK] Seq=153678 Ack=141 Win=65024 Len=1448 TSval=2916042238 TSecr=3045562011 [TCP segment of a reassembled PDU]"
"66717","38.157584151","192.168.1.55","192.168.1.2","TCP","1514","8004  >  36916 [ACK] Seq=155126 Ack=141 Win=65024 Len=1448 TSval=2916042238 TSecr=3045562011 [TCP segment of a reassembled PDU]"
"66718","38.157585503","192.168.1.55","192.168.1.2","TCP","938","[TCP Window Full] 8004  >  36916 [PSH, ACK] Seq=156574 Ack=141 Win=65024 Len=872 TSval=2916042238 TSecr=3045562011 [TCP segment of a reassembled PDU]"
"66719","38.161111879","192.168.1.2","192.168.1.55","TCP","66","36916  >  8004 [ACK] Seq=141 Ack=101550 Win=90112 Len=0 TSval=3045562014 TSecr=2916042237"
"66720","38.161163064","192.168.1.55","192.168.1.2","TCP","1514","8004  >  36916 [ACK] Seq=157446 Ack=141 Win=65024 Len=1448 TSval=2916042241 TSecr=3045562014 [TCP segment of a reassembled PDU]"
"66721","38.161168805","192.168.1.55","192.168.1.2","TCP","1514","8004  >  36916 [PSH, ACK] Seq=158894 Ack=141 Win=65024 Len=1448 TSval=2916042241 TSecr=3045562014 [TCP segment of a reassembled PDU]"
"66722","38.161176583","192.168.1.55","192.168.1.2","TCP","642","8004  >  36916 [ACK] Seq=160342 Ack=141 Win=65024 Len=576 TSval=2916042241 TSecr=3045562014 [TCP segment of a reassembled PDU]"
"66723","38.161211898","192.168.1.55","192.168.1.2","TCP","1514","8004  >  36916 [ACK] Seq=160918 Ack=141 Win=65024 Len=1448 TSval=2916042241 TSecr=3045562014 [TCP segment of a reassembled PDU]"
"66724","38.161213861","192.168.1.55","192.168.1.2","TCP","1514","8004  >  36916 [ACK] Seq=162366 Ack=141 Win=65024 Len=1448 TSval=2916042241 TSecr=3045562014 [TCP segment of a reassembled PDU]"
"66725","38.161215157","192.168.1.55","192.168.1.2","TCP","1514","8004  >  36916 [ACK] Seq=163814 Ack=141 Win=65024 Len=1448 TSval=2916042241 TSecr=3045562014 [TCP segment of a reassembled PDU]"
"66726","38.161216416","192.168.1.55","192.168.1.2","TCP","1514","8004  >  36916 [ACK] Seq=165262 Ack=141 Win=65024 Len=1448 TSval=2916042241 TSecr=3045562014 [TCP segment of a reassembled PDU]"
"66727","38.161217916","192.168.1.55","192.168.1.2","TCP","1514","8004  >  36916 [ACK] Seq=166710 Ack=141 Win=65024 Len=1448 TSval=2916042241 TSecr=3045562014 [TCP segment of a reassembled PDU]"
"66728","38.161220176","192.168.1.55","192.168.1.2","TCP","1514","8004  >  36916 [ACK] Seq=168158 Ack=141 Win=65024 Len=1448 TSval=2916042241 TSecr=3045562014 [TCP segment of a reassembled PDU]"
"66729","38.161221861","192.168.1.55","192.168.1.2","TCP","1514","8004  >  36916 [ACK] Seq=169606 Ack=141 Win=65024 Len=1448 TSval=2916042241 TSecr=3045562014 [TCP segment of a reassembled PDU]"
"66730","38.161223083","192.168.1.55","192.168.1.2","TCP","1514","8004  >  36916 [ACK] Seq=171054 Ack=141 Win=65024 Len=1448 TSval=2916042241 TSecr=3045562014 [TCP segment of a reassembled PDU]"
"66731","38.161224398","192.168.1.55","192.168.1.2","TCP","1514","8004  >  36916 [ACK] Seq=172502 Ack=141 Win=65024 Len=1448 TSval=2916042241 TSecr=3045562014 [TCP segment of a reassembled PDU]"
"66732","38.161225731","192.168.1.55","192.168.1.2","TCP","1514","8004  >  36916 [ACK] Seq=173950 Ack=141 Win=65024 Len=1448 TSval=2916042241 TSecr=3045562014 [TCP segment of a reassembled PDU]"
"66733","38.161227213","192.168.1.55","192.168.1.2","TCP","1514","8004  >  36916 [ACK] Seq=175398 Ack=141 Win=65024 Len=1448 TSval=2916042241 TSecr=3045562014 [TCP segment of a reassembled PDU]"
"66734","38.161228509","192.168.1.55","192.168.1.2","TCP","1514","8004  >  36916 [ACK] Seq=176846 Ack=141 Win=65024 Len=1448 TSval=2916042241 TSecr=3045562014 [TCP segment of a reassembled PDU]"
"66735","38.161230176","192.168.1.55","192.168.1.2","TCP","1514","8004  >  36916 [ACK] Seq=178294 Ack=141 Win=65024 Len=1448 TSval=2916042241 TSecr=3045562014 [TCP segment of a reassembled PDU]"
"66736","38.161233287","192.168.1.55","192.168.1.2","TCP","1514","8004  >  36916 [ACK] Seq=179742 Ack=141 Win=65024 Len=1448 TSval=2916042241 TSecr=3045562014 [TCP segment of a reassembled PDU]"
"66737","38.161234953","192.168.1.55","192.168.1.2","TCP","1514","8004  >  36916 [ACK] Seq=181190 Ack=141 Win=65024 Len=1448 TSval=2916042241 TSecr=3045562014 [TCP segment of a reassembled PDU]"
"66738","38.161236324","192.168.1.55","192.168.1.2","TCP","1514","8004  >  36916 [ACK] Seq=182638 Ack=141 Win=65024 Len=1448 TSval=2916042241 TSecr=3045562014 [TCP segment of a reassembled PDU]"
"66739","38.161237527","192.168.1.55","192.168.1.2","TCP","1514","8004  >  36916 [ACK] Seq=184086 Ack=141 Win=65024 Len=1448 TSval=2916042241 TSecr=3045562014 [TCP segment of a reassembled PDU]"
"66740","38.161238972","192.168.1.55","192.168.1.2","TCP","1514","8004  >  36916 [ACK] Seq=185534 Ack=141 Win=65024 Len=1448 TSval=2916042241 TSecr=3045562014 [TCP segment of a reassembled PDU]"
"66741","38.161240268","192.168.1.55","192.168.1.2","TCP","1514","8004  >  36916 [ACK] Seq=186982 Ack=141 Win=65024 Len=1448 TSval=2916042241 TSecr=3045562014 [TCP segment of a reassembled PDU]"
"66742","38.161241583","192.168.1.55","192.168.1.2","TCP","1514","8004  >  36916 [ACK] Seq=188430 Ack=141 Win=65024 Len=1448 TSval=2916042241 TSecr=3045562014 [TCP segment of a reassembled PDU]"
"66743","38.161243546","192.168.1.55","192.168.1.2","TCP","1514","8004  >  36916 [PSH, ACK] Seq=189878 Ack=141 Win=65024 Len=1448 TSval=2916042241 TSecr=3045562014 [TCP segment of a reassembled PDU]"
"66744","38.161278065","192.168.1.2","192.168.1.55","TCP","66","36916  >  8004 [ACK] Seq=141 Ack=104446 Win=96256 Len=0 TSval=3045562014 TSecr=2916042237"
"66745","38.164076328","192.168.1.2","192.168.1.55","TCP","66","36916  >  8004 [ACK] Seq=141 Ack=105894 Win=99328 Len=0 TSval=3045562017 TSecr=2916042237"
"66746","38.164097328","192.168.1.55","192.168.1.2","TCP","1514","8004  >  36916 [ACK] Seq=191326 Ack=141 Win=65024 Len=1448 TSval=2916042244 TSecr=3045562017 [TCP segment of a reassembled PDU]"
"66747","38.164101051","192.168.1.55","192.168.1.2","TCP","1514","8004  >  36916 [ACK] Seq=192774 Ack=141 Win=65024 Len=1448 TSval=2916042244 TSecr=3045562017 [TCP segment of a reassembled PDU]"
"66748","38.164102810","192.168.1.55","192.168.1.2","TCP","1514","8004  >  36916 [ACK] Seq=194222 Ack=141 Win=65024 Len=1448 TSval=2916042244 TSecr=3045562017 [TCP segment of a reassembled PDU]"
"66749","38.164104014","192.168.1.55","192.168.1.2","TCP","1514","8004  >  36916 [ACK] Seq=195670 Ack=141 Win=65024 Len=1448 TSval=2916042244 TSecr=3045562017 [TCP segment of a reassembled PDU]"
"66750","38.164105217","192.168.1.55","192.168.1.2","TCP","1514","8004  >  36916 [ACK] Seq=197118 Ack=141 Win=65024 Len=1448 TSval=2916042244 TSecr=3045562017 [TCP segment of a reassembled PDU]"
"66751","38.164106439","192.168.1.55","192.168.1.2","TCP","1514","8004  >  36916 [ACK] Seq=198566 Ack=141 Win=65024 Len=1448 TSval=2916042244 TSecr=3045562017 [TCP segment of a reassembled PDU]"
"66752","38.164107754","192.168.1.55","192.168.1.2","TCP","1514","8004  >  36916 [ACK] Seq=200014 Ack=141 Win=65024 Len=1448 TSval=2916042244 TSecr=3045562017 [TCP segment of a reassembled PDU]"
"66753","38.164110328","192.168.1.55","192.168.1.2","TCP","1514","8004  >  36916 [ACK] Seq=201462 Ack=141 Win=65024 Len=1448 TSval=2916042244 TSecr=3045562017 [TCP segment of a reassembled PDU]"
"66754","38.164112051","192.168.1.55","192.168.1.2","TCP","1514","8004  >  36916 [PSH, ACK] Seq=202910 Ack=141 Win=65024 Len=1448 TSval=2916042244 TSecr=3045562017 [TCP segment of a reassembled PDU]"
"66755","38.164569181","192.168.1.2","192.168.1.55","TCP","66","36916  >  8004 [ACK] Seq=141 Ack=118926 Win=99328 Len=0 TSval=3045562017 TSecr=2916042238"
"66756","38.164579811","192.168.1.55","192.168.1.2","TCP","1514","8004  >  36916 [PSH, ACK] Seq=204358 Ack=141 Win=65024 Len=1448 TSval=2916042245 TSecr=3045562017 [TCP segment of a reassembled PDU]"
"66757","38.164585440","192.168.1.2","192.168.1.55","TCP","66","36916  >  8004 [ACK] Seq=141 Ack=146438 Win=74752 Len=0 TSval=3045562017 TSecr=2916042238"
"66758","38.164596570","192.168.1.2","192.168.1.55","TCP","66","36916  >  8004 [ACK] Seq=141 Ack=153678 Win=104448 Len=0 TSval=3045562017 TSecr=2916042238"
"66759","38.164639274","192.168.1.55","192.168.1.2","TCP","1514","8004  >  36916 [ACK] Seq=205806 Ack=141 Win=65024 Len=1448 TSval=2916042245 TSecr=3045562017 [TCP segment of a reassembled PDU]"
"66760","38.164641700","192.168.1.55","192.168.1.2","TCP","1514","8004  >  36916 [ACK] Seq=207254 Ack=141 Win=65024 Len=1448 TSval=2916042245 TSecr=3045562017 [TCP segment of a reassembled PDU]"
"66761","38.164643588","192.168.1.55","192.168.1.2","TCP","1514","8004  >  36916 [ACK] Seq=208702 Ack=141 Win=65024 Len=1448 TSval=2916042245 TSecr=3045562017 [TCP segment of a reassembled PDU]"
"66762","38.164645181","192.168.1.55","192.168.1.2","TCP","1514","8004  >  36916 [ACK] Seq=210150 Ack=141 Win=65024 Len=1448 TSval=2916042245 TSecr=3045562017 [TCP segment of a reassembled PDU]"
"66763","38.164646514","192.168.1.55","192.168.1.2","TCP","1514","8004  >  36916 [ACK] Seq=211598 Ack=141 Win=65024 Len=1448 TSval=2916042245 TSecr=3045562017 [TCP segment of a reassembled PDU]"
"66764","38.164647755","192.168.1.55","192.168.1.2","TCP","1514","8004  >  36916 [ACK] Seq=213046 Ack=141 Win=65024 Len=1448 TSval=2916042245 TSecr=3045562017 [TCP segment of a reassembled PDU]"
"66765","38.164649014","192.168.1.55","192.168.1.2","TCP","1514","8004  >  36916 [ACK] Seq=214494 Ack=141 Win=65024 Len=1448 TSval=2916042245 TSecr=3045562017 [TCP segment of a reassembled PDU]"
"66766","38.164651366","192.168.1.55","192.168.1.2","TCP","1514","8004  >  36916 [ACK] Seq=215942 Ack=141 Win=65024 Len=1448 TSval=2916042245 TSecr=3045562017 [TCP segment of a reassembled PDU]"
"66767","38.164653274","192.168.1.55","192.168.1.2","TCP","1514","8004  >  36916 [ACK] Seq=217390 Ack=141 Win=65024 Len=1448 TSval=2916042245 TSecr=3045562017 [TCP segment of a reassembled PDU]"
"66768","38.164654514","192.168.1.55","192.168.1.2","TCP","1514","8004  >  36916 [ACK] Seq=218838 Ack=141 Win=65024 Len=1448 TSval=2916042245 TSecr=3045562017 [TCP segment of a reassembled PDU]"
"66769","38.164655737","192.168.1.55","192.168.1.2","TCP","1514","8004  >  36916 [ACK] Seq=220286 Ack=141 Win=65024 Len=1448 TSval=2916042245 TSecr=3045562017 [TCP segment of a reassembled PDU]"
"66770","38.164657181","192.168.1.55","192.168.1.2","TCP","1514","8004  >  36916 [ACK] Seq=221734 Ack=141 Win=65024 Len=1448 TSval=2916042245 TSecr=3045562017 [TCP segment of a reassembled PDU]"
"66771","38.164659366","192.168.1.55","192.168.1.2","TCP","1514","8004  >  36916 [ACK] Seq=223182 Ack=141 Win=65024 Len=1448 TSval=2916042245 TSecr=3045562017 [TCP segment of a reassembled PDU]"
"66772","38.164661051","192.168.1.55","192.168.1.2","TCP","1514","8004  >  36916 [ACK] Seq=224630 Ack=141 Win=65024 Len=1448 TSval=2916042245 TSecr=3045562017 [TCP segment of a reassembled PDU]"
"66773","38.164662366","192.168.1.55","192.168.1.2","TCP","1514","8004  >  36916 [ACK] Seq=226078 Ack=141 Win=65024 Len=1448 TSval=2916042245 TSecr=3045562017 [TCP segment of a reassembled PDU]"
"66774","38.164663663","192.168.1.55","192.168.1.2","TCP","1514","8004  >  36916 [ACK] Seq=227526 Ack=141 Win=65024 Len=1448 TSval=2916042245 TSecr=3045562017 [TCP segment of a reassembled PDU]"
"66775","38.164665311","192.168.1.55","192.168.1.2","TCP","1514","8004  >  36916 [ACK] Seq=228974 Ack=141 Win=65024 Len=1448 TSval=2916042245 TSecr=3045562017 [TCP segment of a reassembled PDU]"
"66776","38.164667737","192.168.1.55","192.168.1.2","TCP","1514","8004  >  36916 [ACK] Seq=230422 Ack=141 Win=65024 Len=1448 TSval=2916042245 TSecr=3045562017 [TCP segment of a reassembled PDU]"
"66777","38.164669366","192.168.1.55","192.168.1.2","TCP","1514","8004  >  36916 [ACK] Seq=231870 Ack=141 Win=65024 Len=1448 TSval=2916042245 TSecr=3045562017 [TCP segment of a reassembled PDU]"
"66778","38.164670700","192.168.1.55","192.168.1.2","TCP","1514","8004  >  36916 [ACK] Seq=233318 Ack=141 Win=65024 Len=1448 TSval=2916042245 TSecr=3045562017 [TCP segment of a reassembled PDU]"
"66779","38.164672014","192.168.1.55","192.168.1.2","TCP","1514","8004  >  36916 [ACK] Seq=234766 Ack=141 Win=65024 Len=1448 TSval=2916042245 TSecr=3045562017 [TCP segment of a reassembled PDU]"
"66780","38.164673292","192.168.1.55","192.168.1.2","TCP","1514","8004  >  36916 [ACK] Seq=236214 Ack=141 Win=65024 Len=1448 TSval=2916042245 TSecr=3045562017 [TCP segment of a reassembled PDU]"
"66781","38.164675552","192.168.1.55","192.168.1.2","TCP","1514","8004  >  36916 [ACK] Seq=237662 Ack=141 Win=65024 Len=1448 TSval=2916042245 TSecr=3045562017 [TCP segment of a reassembled PDU]"
"66782","38.164677255","192.168.1.55","192.168.1.2","TCP","1514","8004  >  36916 [ACK] Seq=239110 Ack=141 Win=65024 Len=1448 TSval=2916042245 TSecr=3045562017 [TCP segment of a reassembled PDU]"
"66783","38.164678514","192.168.1.55","192.168.1.2","TCP","1514","8004  >  36916 [ACK] Seq=240558 Ack=141 Win=65024 Len=1448 TSval=2916042245 TSecr=3045562017 [TCP segment of a reassembled PDU]"
"66784","38.164680274","192.168.1.55","192.168.1.2","TCP","1514","8004  >  36916 [ACK] Seq=242006 Ack=141 Win=65024 Len=1448 TSval=2916042245 TSecr=3045562017 [TCP segment of a reassembled PDU]"
"66785","38.164681626","192.168.1.55","192.168.1.2","TCP","1514","8004  >  36916 [ACK] Seq=243454 Ack=141 Win=65024 Len=1448 TSval=2916042245 TSecr=3045562017 [TCP segment of a reassembled PDU]"
"66786","38.164683644","192.168.1.55","192.168.1.2","TCP","1514","8004  >  36916 [ACK] Seq=244902 Ack=141 Win=65024 Len=1448 TSval=2916042245 TSecr=3045562017 [TCP segment of a reassembled PDU]"
"66787","38.164685589","192.168.1.55","192.168.1.2","TCP","1514","8004  >  36916 [ACK] Seq=246350 Ack=141 Win=65024 Len=1448 TSval=2916042245 TSecr=3045562017 [TCP segment of a reassembled PDU]"
"66788","38.164686848","192.168.1.55","192.168.1.2","TCP","1514","8004  >  36916 [ACK] Seq=247798 Ack=141 Win=65024 Len=1448 TSval=2916042245 TSecr=3045562017 [TCP segment of a reassembled PDU]"
"66789","38.164688181","192.168.1.55","192.168.1.2","TCP","1514","8004  >  36916 [PSH, ACK] Seq=249246 Ack=141 Win=65024 Len=1448 TSval=2916042245 TSecr=3045562017 [TCP segment of a reassembled PDU]"
"66790","38.165882220","192.168.1.2","192.168.1.55","TCP","66","36916  >  8004 [ACK] Seq=141 Ack=157446 Win=107520 Len=0 TSval=3045562020 TSecr=2916042238"
"66791","38.165904720","192.168.1.55","192.168.1.2","TCP","1514","8004  >  36916 [ACK] Seq=250694 Ack=141 Win=65024 Len=1448 TSval=2916042246 TSecr=3045562020 [TCP segment of a reassembled PDU]"
"66792","38.165907128","192.168.1.55","192.168.1.2","TCP","1514","8004  >  36916 [ACK] Seq=252142 Ack=141 Win=65024 Len=1448 TSval=2916042246 TSecr=3045562020 [TCP segment of a reassembled PDU]"
"66793","38.165908350","192.168.1.55","192.168.1.2","TCP","1514","8004  >  36916 [ACK] Seq=253590 Ack=141 Win=65024 Len=1448 TSval=2916042246 TSecr=3045562020 [TCP segment of a reassembled PDU]"
"66794","38.165909757","192.168.1.55","192.168.1.2","TCP","1514","8004  >  36916 [ACK] Seq=255038 Ack=141 Win=65024 Len=1448 TSval=2916042246 TSecr=3045562020 [TCP segment of a reassembled PDU]"
"66795","38.165912220","192.168.1.55","192.168.1.2","TCP","1514","8004  >  36916 [ACK] Seq=256486 Ack=141 Win=65024 Len=1448 TSval=2916042246 TSecr=3045562020 [TCP segment of a reassembled PDU]"
"66796","38.165913887","192.168.1.55","192.168.1.2","TCP","1514","8004  >  36916 [ACK] Seq=257934 Ack=141 Win=65024 Len=1448 TSval=2916042246 TSecr=3045562020 [TCP segment of a reassembled PDU]"
"66797","38.165915091","192.168.1.55","192.168.1.2","TCP","1514","8004  >  36916 [ACK] Seq=259382 Ack=141 Win=65024 Len=1448 TSval=2916042246 TSecr=3045562020 [TCP segment of a reassembled PDU]"
"66798","38.165916313","192.168.1.55","192.168.1.2","TCP","1514","8004  >  36916 [ACK] Seq=260830 Ack=141 Win=65024 Len=1448 TSval=2916042246 TSecr=3045562020 [TCP segment of a reassembled PDU]"
"66799","38.165917831","192.168.1.55","192.168.1.2","TCP","1514","8004  >  36916 [PSH, ACK] Seq=262278 Ack=141 Win=65024 Len=1448 TSval=2916042246 TSecr=3045562020 [TCP segment of a reassembled PDU]"
"66800","38.165945998","192.168.1.2","192.168.1.55","TCP","66","36916  >  8004 [ACK] Seq=141 Ack=191326 Win=82944 Len=0 TSval=3045562020 TSecr=2916042241"
"66801","38.165967442","192.168.1.55","192.168.1.2","TCP","1514","8004  >  36916 [ACK] Seq=263726 Ack=141 Win=65024 Len=1448 TSval=2916042246 TSecr=3045562020 [TCP segment of a reassembled PDU]"
"66802","38.165969368","192.168.1.55","192.168.1.2","TCP","1514","8004  >  36916 [ACK] Seq=265174 Ack=141 Win=65024 Len=1448 TSval=2916042246 TSecr=3045562020 [TCP segment of a reassembled PDU]"
"66803","38.165971183","192.168.1.55","192.168.1.2","TCP","1514","8004  >  36916 [ACK] Seq=266622 Ack=141 Win=65024 Len=1448 TSval=2916042246 TSecr=3045562020 [TCP segment of a reassembled PDU]"
"66804","38.165972850","192.168.1.55","192.168.1.2","TCP","1514","8004  >  36916 [ACK] Seq=268070 Ack=141 Win=65024 Len=1448 TSval=2916042246 TSecr=3045562020 [TCP segment of a reassembled PDU]"
"66805","38.165974146","192.168.1.55","192.168.1.2","TCP","1514","8004  >  36916 [ACK] Seq=269518 Ack=141 Win=65024 Len=1448 TSval=2916042246 TSecr=3045562020 [TCP segment of a reassembled PDU]"
"66806","38.165975443","192.168.1.55","192.168.1.2","TCP","1514","8004  >  36916 [ACK] Seq=270966 Ack=141 Win=65024 Len=1448 TSval=2916042246 TSecr=3045562020 [TCP segment of a reassembled PDU]"
"66807","38.165976794","192.168.1.55","192.168.1.2","TCP","1514","8004  >  36916 [ACK] Seq=272414 Ack=141 Win=65024 Len=1448 TSval=2916042246 TSecr=3045562020 [TCP segment of a reassembled PDU]"
"66808","38.165978054","192.168.1.55","192.168.1.2","TCP","474","[TCP Window Full] 8004  >  36916 [PSH, ACK] Seq=273862 Ack=141 Win=65024 Len=408 TSval=2916042246 TSecr=3045562020 [TCP segment of a reassembled PDU]"
"66809","38.171235025","192.168.1.2","192.168.1.55","TCP","66","36916  >  8004 [ACK] Seq=141 Ack=192774 Win=109568 Len=0 TSval=3045562021 TSecr=2916042244"
"66810","38.171274766","192.168.1.55","192.168.1.2","TCP","1514","8004  >  36916 [ACK] Seq=274270 Ack=141 Win=65024 Len=1448 TSval=2916042251 TSecr=3045562021 [TCP segment of a reassembled PDU]"
"66811","38.171278729","192.168.1.55","192.168.1.2","TCP","1514","8004  >  36916 [ACK] Seq=275718 Ack=141 Win=65024 Len=1448 TSval=2916042251 TSecr=3045562021 [TCP segment of a reassembled PDU]"
"66812","38.171280173","192.168.1.55","192.168.1.2","TCP","1514","8004  >  36916 [ACK] Seq=277166 Ack=141 Win=65024 Len=1448 TSval=2916042251 TSecr=3045562021 [TCP segment of a reassembled PDU]"
"66813","38.171281581","192.168.1.55","192.168.1.2","TCP","1514","8004  >  36916 [ACK] Seq=278614 Ack=141 Win=65024 Len=1448 TSval=2916042251 TSecr=3045562021 [TCP segment of a reassembled PDU]"
"66814","38.171282914","192.168.1.55","192.168.1.2","TCP","1514","8004  >  36916 [ACK] Seq=280062 Ack=141 Win=65024 Len=1448 TSval=2916042251 TSecr=3045562021 [TCP segment of a reassembled PDU]"
"66815","38.171284210","192.168.1.55","192.168.1.2","TCP","1514","8004  >  36916 [ACK] Seq=281510 Ack=141 Win=65024 Len=1448 TSval=2916042251 TSecr=3045562021 [TCP segment of a reassembled PDU]"
"66816","38.171285414","192.168.1.55","192.168.1.2","TCP","1514","8004  >  36916 [ACK] Seq=282958 Ack=141 Win=65024 Len=1448 TSval=2916042251 TSecr=3045562021 [TCP segment of a reassembled PDU]"
"66817","38.171286673","192.168.1.55","192.168.1.2","TCP","1514","8004  >  36916 [ACK] Seq=284406 Ack=141 Win=65024 Len=1448 TSval=2916042251 TSecr=3045562021 [TCP segment of a reassembled PDU]"
"66818","38.171287988","192.168.1.55","192.168.1.2","TCP","1514","8004  >  36916 [ACK] Seq=285854 Ack=141 Win=65024 Len=1448 TSval=2916042251 TSecr=3045562021 [TCP segment of a reassembled PDU]"
"66819","38.171289210","192.168.1.55","192.168.1.2","TCP","1514","8004  >  36916 [ACK] Seq=287302 Ack=141 Win=65024 Len=1448 TSval=2916042251 TSecr=3045562021 [TCP segment of a reassembled PDU]"
"66820","38.171290470","192.168.1.55","192.168.1.2","TCP","1514","8004  >  36916 [ACK] Seq=288750 Ack=141 Win=65024 Len=1448 TSval=2916042251 TSecr=3045562021 [TCP segment of a reassembled PDU]"
"66821","38.171297840","192.168.1.55","192.168.1.2","TCP","1514","8004  >  36916 [ACK] Seq=290198 Ack=141 Win=65024 Len=1448 TSval=2916042251 TSecr=3045562021 [TCP segment of a reassembled PDU]"
"66822","38.171299266","192.168.1.55","192.168.1.2","TCP","1514","8004  >  36916 [ACK] Seq=291646 Ack=141 Win=65024 Len=1448 TSval=2916042251 TSecr=3045562021 [TCP segment of a reassembled PDU]"
"66823","38.171305729","192.168.1.55","192.168.1.2","TCP","1514","8004  >  36916 [PSH, ACK] Seq=293094 Ack=141 Win=65024 Len=1448 TSval=2916042251 TSecr=3045562021 [TCP segment of a reassembled PDU]"
"66824","38.171312710","192.168.1.55","192.168.1.2","TCP","1106","8004  >  36916 [ACK] Seq=294542 Ack=141 Win=65024 Len=1040 TSval=2916042251 TSecr=3045562021 [TCP segment of a reassembled PDU]"
"66825","38.173097658","192.168.1.2","192.168.1.55","TCP","66","36916  >  8004 [ACK] Seq=141 Ack=205806 Win=100352 Len=0 TSval=3045562027 TSecr=2916042244"
"66826","38.173118750","192.168.1.55","192.168.1.2","TCP","1514","8004  >  36916 [ACK] Seq=295582 Ack=141 Win=65024 Len=1448 TSval=2916042253 TSecr=3045562027 [TCP segment of a reassembled PDU]"
"66827","38.173121473","192.168.1.55","192.168.1.2","TCP","1514","8004  >  36916 [ACK] Seq=297030 Ack=141 Win=65024 Len=1448 TSval=2916042253 TSecr=3045562027 [TCP segment of a reassembled PDU]"
"66828","38.173122769","192.168.1.55","192.168.1.2","TCP","1514","8004  >  36916 [ACK] Seq=298478 Ack=141 Win=65024 Len=1448 TSval=2916042253 TSecr=3045562027 [TCP segment of a reassembled PDU]"
"66829","38.173124473","192.168.1.55","192.168.1.2","TCP","1514","8004  >  36916 [ACK] Seq=299926 Ack=141 Win=65024 Len=1448 TSval=2916042253 TSecr=3045562027 [TCP segment of a reassembled PDU]"
"66830","38.173125676","192.168.1.55","192.168.1.2","TCP","1514","8004  >  36916 [ACK] Seq=301374 Ack=141 Win=65024 Len=1448 TSval=2916042253 TSecr=3045562027 [TCP segment of a reassembled PDU]"
"66831","38.173126973","192.168.1.55","192.168.1.2","TCP","1514","8004  >  36916 [ACK] Seq=302822 Ack=141 Win=65024 Len=1448 TSval=2916042253 TSecr=3045562027 [TCP segment of a reassembled PDU]"
"66832","38.173128176","192.168.1.55","192.168.1.2","TCP","1514","8004  >  36916 [PSH, ACK] Seq=304270 Ack=141 Win=65024 Len=1448 TSval=2916042253 TSecr=3045562027 [TCP segment of a reassembled PDU]"
"66833","38.173513103","192.168.1.2","192.168.1.55","TCP","66","36916  >  8004 [ACK] Seq=141 Ack=250694 Win=70656 Len=0 TSval=3045562027 TSecr=2916042245"
"66834","38.173522047","192.168.1.2","192.168.1.55","TCP","66","36916  >  8004 [ACK] Seq=141 Ack=263726 Win=58368 Len=0 TSval=3045562027 TSecr=2916042246"
"66835","38.173527695","192.168.1.2","192.168.1.55","TCP","66","36916  >  8004 [ACK] Seq=141 Ack=273862 Win=49152 Len=0 TSval=3045562027 TSecr=2916042246"
"66836","38.173540751","192.168.1.55","192.168.1.2","TCP","1514","8004  >  36916 [ACK] Seq=305718 Ack=141 Win=65024 Len=1448 TSval=2916042254 TSecr=3045562027 [TCP segment of a reassembled PDU]"
"66837","38.173543418","192.168.1.55","192.168.1.2","TCP","1514","8004  >  36916 [ACK] Seq=307166 Ack=141 Win=65024 Len=1448 TSval=2916042254 TSecr=3045562027 [TCP segment of a reassembled PDU]"
"66838","38.173544862","192.168.1.55","192.168.1.2","TCP","1514","8004  >  36916 [ACK] Seq=308614 Ack=141 Win=65024 Len=1448 TSval=2916042254 TSecr=3045562027 [TCP segment of a reassembled PDU]"
"66839","38.173546196","192.168.1.55","192.168.1.2","TCP","1514","8004  >  36916 [ACK] Seq=310062 Ack=141 Win=65024 Len=1448 TSval=2916042254 TSecr=3045562027 [TCP segment of a reassembled PDU]"
"66840","38.173547492","192.168.1.55","192.168.1.2","TCP","1514","8004  >  36916 [ACK] Seq=311510 Ack=141 Win=65024 Len=1448 TSval=2916042254 TSecr=3045562027 [TCP segment of a reassembled PDU]"
"66841","38.173548807","192.168.1.55","192.168.1.2","TCP","1514","8004  >  36916 [ACK] Seq=312958 Ack=141 Win=65024 Len=1448 TSval=2916042254 TSecr=3045562027 [TCP segment of a reassembled PDU]"
"66842","38.173550047","192.168.1.55","192.168.1.2","TCP","1514","8004  >  36916 [ACK] Seq=314406 Ack=141 Win=65024 Len=1448 TSval=2916042254 TSecr=3045562027 [TCP segment of a reassembled PDU]"
"66843","38.173551288","192.168.1.55","192.168.1.2","TCP","1514","8004  >  36916 [ACK] Seq=315854 Ack=141 Win=65024 Len=1448 TSval=2916042254 TSecr=3045562027 [TCP segment of a reassembled PDU]"
"66844","38.173552603","192.168.1.55","192.168.1.2","TCP","1514","8004  >  36916 [ACK] Seq=317302 Ack=141 Win=65024 Len=1448 TSval=2916042254 TSecr=3045562027 [TCP segment of a reassembled PDU]"
"66845","38.173554325","192.168.1.55","192.168.1.2","TCP","1514","8004  >  36916 [ACK] Seq=318750 Ack=141 Win=65024 Len=1448 TSval=2916042254 TSecr=3045562027 [TCP segment of a reassembled PDU]"
"66846","38.173555658","192.168.1.55","192.168.1.2","TCP","1514","8004  >  36916 [PSH, ACK] Seq=320198 Ack=141 Win=65024 Len=1448 TSval=2916042254 TSecr=3045562027 [TCP segment of a reassembled PDU]"
"66847","38.173559603","192.168.1.2","192.168.1.55","TCP","66","[TCP Window Update] 36916  >  8004 [ACK] Seq=141 Ack=273862 Win=109568 Len=0 TSval=3045562027 TSecr=2916042246"
"66848","38.173579381","192.168.1.55","192.168.1.2","TCP","1514","8004  >  36916 [ACK] Seq=321646 Ack=141 Win=65024 Len=1448 TSval=2916042254 TSecr=3045562027 [TCP segment of a reassembled PDU]"
"66849","38.173581029","192.168.1.55","192.168.1.2","TCP","1514","8004  >  36916 [ACK] Seq=323094 Ack=141 Win=65024 Len=1448 TSval=2916042254 TSecr=3045562027 [TCP segment of a reassembled PDU]"
"66850","38.173582344","192.168.1.55","192.168.1.2","TCP","1514","8004  >  36916 [ACK] Seq=324542 Ack=141 Win=65024 Len=1448 TSval=2916042254 TSecr=3045562027 [TCP segment of a reassembled PDU]"
"66851","38.173583955","192.168.1.55","192.168.1.2","TCP","1514","8004  >  36916 [ACK] Seq=325990 Ack=141 Win=65024 Len=1448 TSval=2916042254 TSecr=3045562027 [TCP segment of a reassembled PDU]"
"66852","38.173585455","192.168.1.55","192.168.1.2","TCP","1514","8004  >  36916 [ACK] Seq=327438 Ack=141 Win=65024 Len=1448 TSval=2916042254 TSecr=3045562027 [TCP segment of a reassembled PDU]"
"66853","38.173586770","192.168.1.55","192.168.1.2","TCP","1514","8004  >  36916 [ACK] Seq=328886 Ack=141 Win=65024 Len=1448 TSval=2916042254 TSecr=3045562027 [TCP segment of a reassembled PDU]"
"66854","38.173587992","192.168.1.55","192.168.1.2","TCP","1514","8004  >  36916 [ACK] Seq=330334 Ack=141 Win=65024 Len=1448 TSval=2916042254 TSecr=3045562027 [TCP segment of a reassembled PDU]"
"66855","38.173589622","192.168.1.55","192.168.1.2","TCP","1514","8004  >  36916 [ACK] Seq=331782 Ack=141 Win=65024 Len=1448 TSval=2916042254 TSecr=3045562027 [TCP segment of a reassembled PDU]"
"66856","38.173590992","192.168.1.55","192.168.1.2","TCP","1514","8004  >  36916 [ACK] Seq=333230 Ack=141 Win=65024 Len=1448 TSval=2916042254 TSecr=3045562027 [TCP segment of a reassembled PDU]"
"66857","38.173592344","192.168.1.55","192.168.1.2","TCP","1514","8004  >  36916 [ACK] Seq=334678 Ack=141 Win=65024 Len=1448 TSval=2916042254 TSecr=3045562027 [TCP segment of a reassembled PDU]"
"66858","38.173593751","192.168.1.55","192.168.1.2","TCP","1514","8004  >  36916 [ACK] Seq=336126 Ack=141 Win=65024 Len=1448 TSval=2916042254 TSecr=3045562027 [TCP segment of a reassembled PDU]"
"66859","38.173595233","192.168.1.55","192.168.1.2","TCP","1514","8004  >  36916 [ACK] Seq=337574 Ack=141 Win=65024 Len=1448 TSval=2916042254 TSecr=3045562027 [TCP segment of a reassembled PDU]"
"66860","38.173596455","192.168.1.55","192.168.1.2","TCP","1514","8004  >  36916 [PSH, ACK] Seq=339022 Ack=141 Win=65024 Len=1448 TSval=2916042254 TSecr=3045562027 [TCP segment of a reassembled PDU]"
"66861","38.173634807","192.168.1.55","192.168.1.2","TCP","1514","8004  >  36916 [ACK] Seq=340470 Ack=141 Win=65024 Len=1448 TSval=2916042254 TSecr=3045562027 [TCP segment of a reassembled PDU]"
"66862","38.173636640","192.168.1.55","192.168.1.2","TCP","1514","8004  >  36916 [ACK] Seq=341918 Ack=141 Win=65024 Len=1448 TSval=2916042254 TSecr=3045562027 [TCP segment of a reassembled PDU]"
"66863","38.173637973","192.168.1.55","192.168.1.2","TCP","1514","8004  >  36916 [ACK] Seq=343366 Ack=141 Win=65024 Len=1448 TSval=2916042254 TSecr=3045562027 [TCP segment of a reassembled PDU]"
"66864","38.173639214","192.168.1.55","192.168.1.2","TCP","1514","8004  >  36916 [ACK] Seq=344814 Ack=141 Win=65024 Len=1448 TSval=2916042254 TSecr=3045562027 [TCP segment of a reassembled PDU]"
"66865","38.173640529","192.168.1.55","192.168.1.2","TCP","1514","8004  >  36916 [ACK] Seq=346262 Ack=141 Win=65024 Len=1448 TSval=2916042254 TSecr=3045562027 [TCP segment of a reassembled PDU]"
"66866","38.173641751","192.168.1.55","192.168.1.2","TCP","1514","8004  >  36916 [ACK] Seq=347710 Ack=141 Win=65024 Len=1448 TSval=2916042254 TSecr=3045562027 [TCP segment of a reassembled PDU]"
"66867","38.173643122","192.168.1.55","192.168.1.2","TCP","1514","8004  >  36916 [ACK] Seq=349158 Ack=141 Win=65024 Len=1448 TSval=2916042254 TSecr=3045562027 [TCP segment of a reassembled PDU]"
"66868","38.173644844","192.168.1.55","192.168.1.2","TCP","1514","8004  >  36916 [ACK] Seq=350606 Ack=141 Win=65024 Len=1448 TSval=2916042254 TSecr=3045562027 [TCP segment of a reassembled PDU]"
"66869","38.173646085","192.168.1.55","192.168.1.2","TCP","1514","8004  >  36916 [ACK] Seq=352054 Ack=141 Win=65024 Len=1448 TSval=2916042254 TSecr=3045562027 [TCP segment of a reassembled PDU]"
"66870","38.173647325","192.168.1.55","192.168.1.2","TCP","1514","8004  >  36916 [ACK] Seq=353502 Ack=141 Win=65024 Len=1448 TSval=2916042254 TSecr=3045562027 [TCP segment of a reassembled PDU]"
"66871","38.173648622","192.168.1.55","192.168.1.2","TCP","1514","8004  >  36916 [ACK] Seq=354950 Ack=141 Win=65024 Len=1448 TSval=2916042254 TSecr=3045562027 [TCP segment of a reassembled PDU]"
"66872","38.173650048","192.168.1.55","192.168.1.2","TCP","1514","8004  >  36916 [ACK] Seq=356398 Ack=141 Win=65024 Len=1448 TSval=2916042254 TSecr=3045562027 [TCP segment of a reassembled PDU]"
"66873","38.173651399","192.168.1.55","192.168.1.2","TCP","1514","8004  >  36916 [ACK] Seq=357846 Ack=141 Win=65024 Len=1448 TSval=2916042254 TSecr=3045562027 [TCP segment of a reassembled PDU]"
"66874","38.173652862","192.168.1.55","192.168.1.2","TCP","1514","8004  >  36916 [ACK] Seq=359294 Ack=141 Win=65024 Len=1448 TSval=2916042254 TSecr=3045562027 [TCP segment of a reassembled PDU]"
"66875","38.173654066","192.168.1.55","192.168.1.2","TCP","1514","8004  >  36916 [ACK] Seq=360742 Ack=141 Win=65024 Len=1448 TSval=2916042254 TSecr=3045562027 [TCP segment of a reassembled PDU]"
"66876","38.173655418","192.168.1.55","192.168.1.2","TCP","1514","8004  >  36916 [ACK] Seq=362190 Ack=141 Win=65024 Len=1448 TSval=2916042254 TSecr=3045562027 [TCP segment of a reassembled PDU]"
"66877","38.173656807","192.168.1.55","192.168.1.2","TCP","1514","8004  >  36916 [ACK] Seq=363638 Ack=141 Win=65024 Len=1448 TSval=2916042254 TSecr=3045562027 [TCP segment of a reassembled PDU]"
"66878","38.173658122","192.168.1.55","192.168.1.2","TCP","1514","8004  >  36916 [ACK] Seq=365086 Ack=141 Win=65024 Len=1448 TSval=2916042254 TSecr=3045562027 [TCP segment of a reassembled PDU]"
"66879","38.173659603","192.168.1.55","192.168.1.2","TCP","1514","8004  >  36916 [ACK] Seq=366534 Ack=141 Win=65024 Len=1448 TSval=2916042254 TSecr=3045562027 [TCP segment of a reassembled PDU]"
"66880","38.173660844","192.168.1.55","192.168.1.2","TCP","1514","8004  >  36916 [ACK] Seq=367982 Ack=141 Win=65024 Len=1448 TSval=2916042254 TSecr=3045562027 [TCP segment of a reassembled PDU]"
"66881","38.173662159","192.168.1.55","192.168.1.2","TCP","1514","8004  >  36916 [ACK] Seq=369430 Ack=141 Win=65024 Len=1448 TSval=2916042254 TSecr=3045562027 [TCP segment of a reassembled PDU]"
"66882","38.173663436","192.168.1.55","192.168.1.2","TCP","1514","8004  >  36916 [ACK] Seq=370878 Ack=141 Win=65024 Len=1448 TSval=2916042254 TSecr=3045562027 [TCP segment of a reassembled PDU]"
"66883","38.173664640","192.168.1.55","192.168.1.2","TCP","1514","8004  >  36916 [ACK] Seq=372326 Ack=141 Win=65024 Len=1448 TSval=2916042254 TSecr=3045562027 [TCP segment of a reassembled PDU]"
"66884","38.173665899","192.168.1.55","192.168.1.2","TCP","1514","8004  >  36916 [ACK] Seq=373774 Ack=141 Win=65024 Len=1448 TSval=2916042254 TSecr=3045562027 [TCP segment of a reassembled PDU]"
"66885","38.173667159","192.168.1.55","192.168.1.2","TCP","1514","8004  >  36916 [ACK] Seq=375222 Ack=141 Win=65024 Len=1448 TSval=2916042254 TSecr=3045562027 [TCP segment of a reassembled PDU]"
"66886","38.173668529","192.168.1.55","192.168.1.2","TCP","1514","8004  >  36916 [ACK] Seq=376670 Ack=141 Win=65024 Len=1448 TSval=2916042254 TSecr=3045562027 [TCP segment of a reassembled PDU]"
"66887","38.173669788","192.168.1.55","192.168.1.2","TCP","1514","8004  >  36916 [ACK] Seq=378118 Ack=141 Win=65024 Len=1448 TSval=2916042254 TSecr=3045562027 [TCP segment of a reassembled PDU]"
"66888","38.173671455","192.168.1.55","192.168.1.2","TCP","1514","8004  >  36916 [ACK] Seq=379566 Ack=141 Win=65024 Len=1448 TSval=2916042254 TSecr=3045562027 [TCP segment of a reassembled PDU]"
"66889","38.173672770","192.168.1.55","192.168.1.2","TCP","1514","8004  >  36916 [PSH, ACK] Seq=381014 Ack=141 Win=65024 Len=1448 TSval=2916042254 TSecr=3045562027 [TCP segment of a reassembled PDU]"
"66890","38.177168164","192.168.1.2","192.168.1.55","TCP","66","36916  >  8004 [ACK] Seq=141 Ack=274270 Win=109568 Len=0 TSval=3045562028 TSecr=2916042246"
"66891","38.178967038","192.168.1.2","192.168.1.55","TCP","66","36916  >  8004 [ACK] Seq=141 Ack=295582 Win=91136 Len=0 TSval=3045562030 TSecr=2916042251"
"66892","38.178978890","192.168.1.55","192.168.1.2","TCP","1514","8004  >  36916 [ACK] Seq=382462 Ack=141 Win=65024 Len=1448 TSval=2916042259 TSecr=3045562030 [TCP segment of a reassembled PDU]"
"66893","38.178981519","192.168.1.55","192.168.1.2","TCP","1514","8004  >  36916 [PSH, ACK] Seq=383910 Ack=141 Win=65024 Len=1448 TSval=2916042259 TSecr=3045562030 [TCP segment of a reassembled PDU]"
"66894","38.179409335","192.168.1.2","192.168.1.55","TCP","66","36916  >  8004 [ACK] Seq=141 Ack=305718 Win=130048 Len=0 TSval=3045562035 TSecr=2916042253"
"66895","38.179442150","192.168.1.55","192.168.1.2","TCP","1514","8004  >  36916 [ACK] Seq=385358 Ack=141 Win=65024 Len=1448 TSval=2916042260 TSecr=3045562035 [TCP segment of a reassembled PDU]"
"66896","38.179444650","192.168.1.55","192.168.1.2","TCP","1514","8004  >  36916 [ACK] Seq=386806 Ack=141 Win=65024 Len=1448 TSval=2916042260 TSecr=3045562035 [TCP segment of a reassembled PDU]"
"66897","38.179446001","192.168.1.55","192.168.1.2","TCP","1514","8004  >  36916 [ACK] Seq=388254 Ack=141 Win=65024 Len=1448 TSval=2916042260 TSecr=3045562035 [TCP segment of a reassembled PDU]"
"66898","38.179447242","192.168.1.55","192.168.1.2","TCP","1514","8004  >  36916 [ACK] Seq=389702 Ack=141 Win=65024 Len=1448 TSval=2916042260 TSecr=3045562035 [TCP segment of a reassembled PDU]"
"66899","38.179448594","192.168.1.55","192.168.1.2","TCP","1514","8004  >  36916 [ACK] Seq=391150 Ack=141 Win=65024 Len=1448 TSval=2916042260 TSecr=3045562035 [TCP segment of a reassembled PDU]"
"66900","38.179450316","192.168.1.55","192.168.1.2","TCP","1514","8004  >  36916 [ACK] Seq=392598 Ack=141 Win=65024 Len=1448 TSval=2916042260 TSecr=3045562035 [TCP segment of a reassembled PDU]"
"66901","38.179451612","192.168.1.55","192.168.1.2","TCP","1514","8004  >  36916 [ACK] Seq=394046 Ack=141 Win=65024 Len=1448 TSval=2916042260 TSecr=3045562035 [TCP segment of a reassembled PDU]"
"66902","38.179452835","192.168.1.55","192.168.1.2","TCP","1514","8004  >  36916 [ACK] Seq=395494 Ack=141 Win=65024 Len=1448 TSval=2916042260 TSecr=3045562035 [TCP segment of a reassembled PDU]"
"66903","38.179454168","192.168.1.55","192.168.1.2","TCP","1514","8004  >  36916 [ACK] Seq=396942 Ack=141 Win=65024 Len=1448 TSval=2916042260 TSecr=3045562035 [TCP segment of a reassembled PDU]"
"66904","38.179455520","192.168.1.55","192.168.1.2","TCP","1514","8004  >  36916 [ACK] Seq=398390 Ack=141 Win=65024 Len=1448 TSval=2916042260 TSecr=3045562035 [TCP segment of a reassembled PDU]"
"66905","38.179456853","192.168.1.55","192.168.1.2","TCP","1514","8004  >  36916 [ACK] Seq=399838 Ack=141 Win=65024 Len=1448 TSval=2916042260 TSecr=3045562035 [TCP segment of a reassembled PDU]"
"66906","38.179458205","192.168.1.55","192.168.1.2","TCP","1514","8004  >  36916 [ACK] Seq=401286 Ack=141 Win=65024 Len=1448 TSval=2916042260 TSecr=3045562035 [TCP segment of a reassembled PDU]"
"66907","38.179459520","192.168.1.55","192.168.1.2","TCP","1514","8004  >  36916 [ACK] Seq=402734 Ack=141 Win=65024 Len=1448 TSval=2916042260 TSecr=3045562035 [TCP segment of a reassembled PDU]"
"66908","38.179460872","192.168.1.55","192.168.1.2","TCP","1514","8004  >  36916 [ACK] Seq=404182 Ack=141 Win=65024 Len=1448 TSval=2916042260 TSecr=3045562035 [TCP segment of a reassembled PDU]"
"66909","38.179462372","192.168.1.55","192.168.1.2","TCP","1514","8004  >  36916 [ACK] Seq=405630 Ack=141 Win=65024 Len=1448 TSval=2916042260 TSecr=3045562035 [TCP segment of a reassembled PDU]"
"66910","38.179463631","192.168.1.55","192.168.1.2","TCP","1514","8004  >  36916 [ACK] Seq=407078 Ack=141 Win=65024 Len=1448 TSval=2916042260 TSecr=3045562035 [TCP segment of a reassembled PDU]"
"66911","38.179465427","192.168.1.55","192.168.1.2","TCP","1514","8004  >  36916 [ACK] Seq=408526 Ack=141 Win=65024 Len=1448 TSval=2916042260 TSecr=3045562035 [TCP segment of a reassembled PDU]"
"66912","38.179466724","192.168.1.55","192.168.1.2","TCP","1514","8004  >  36916 [ACK] Seq=409974 Ack=141 Win=65024 Len=1448 TSval=2916042260 TSecr=3045562035 [TCP segment of a reassembled PDU]"
"66913","38.179468057","192.168.1.55","192.168.1.2","TCP","1514","8004  >  36916 [ACK] Seq=411422 Ack=141 Win=65024 Len=1448 TSval=2916042260 TSecr=3045562035 [TCP segment of a reassembled PDU]"
"66914","38.179469390","192.168.1.55","192.168.1.2","TCP","1514","8004  >  36916 [ACK] Seq=412870 Ack=141 Win=65024 Len=1448 TSval=2916042260 TSecr=3045562035 [TCP segment of a reassembled PDU]"
"66915","38.179471001","192.168.1.55","192.168.1.2","TCP","1514","8004  >  36916 [ACK] Seq=414318 Ack=141 Win=65024 Len=1448 TSval=2916042260 TSecr=3045562035 [TCP segment of a reassembled PDU]"
"66916","38.179472575","192.168.1.55","192.168.1.2","TCP","1514","8004  >  36916 [ACK] Seq=415766 Ack=141 Win=65024 Len=1448 TSval=2916042260 TSecr=3045562035 [TCP segment of a reassembled PDU]"
"66917","38.179473946","192.168.1.55","192.168.1.2","TCP","1514","8004  >  36916 [ACK] Seq=417214 Ack=141 Win=65024 Len=1448 TSval=2916042260 TSecr=3045562035 [TCP segment of a reassembled PDU]"
"66918","38.179475168","192.168.1.55","192.168.1.2","TCP","1514","8004  >  36916 [ACK] Seq=418662 Ack=141 Win=65024 Len=1448 TSval=2916042260 TSecr=3045562035 [TCP segment of a reassembled PDU]"
"66919","38.179476538","192.168.1.55","192.168.1.2","TCP","1514","8004  >  36916 [ACK] Seq=420110 Ack=141 Win=65024 Len=1448 TSval=2916042260 TSecr=3045562035 [TCP segment of a reassembled PDU]"
"66920","38.179478224","192.168.1.55","192.168.1.2","TCP","1514","8004  >  36916 [ACK] Seq=421558 Ack=141 Win=65024 Len=1448 TSval=2916042260 TSecr=3045562035 [TCP segment of a reassembled PDU]"
"66921","38.179479927","192.168.1.55","192.168.1.2","TCP","1514","8004  >  36916 [ACK] Seq=423006 Ack=141 Win=65024 Len=1448 TSval=2916042260 TSecr=3045562035 [TCP segment of a reassembled PDU]"
"66922","38.179481261","192.168.1.55","192.168.1.2","TCP","1514","8004  >  36916 [ACK] Seq=424454 Ack=141 Win=65024 Len=1448 TSval=2916042260 TSecr=3045562035 [TCP segment of a reassembled PDU]"
"66923","38.179482761","192.168.1.55","192.168.1.2","TCP","1514","8004  >  36916 [ACK] Seq=425902 Ack=141 Win=65024 Len=1448 TSval=2916042260 TSecr=3045562035 [TCP segment of a reassembled PDU]"
"66924","38.179484001","192.168.1.55","192.168.1.2","TCP","1514","8004  >  36916 [ACK] Seq=427350 Ack=141 Win=65024 Len=1448 TSval=2916042260 TSecr=3045562035 [TCP segment of a reassembled PDU]"
"66925","38.179485242","192.168.1.55","192.168.1.2","TCP","1514","8004  >  36916 [PSH, ACK] Seq=428798 Ack=141 Win=65024 Len=1448 TSval=2916042260 TSecr=3045562035 [TCP segment of a reassembled PDU]"
"66926","38.179513890","192.168.1.2","192.168.1.55","TCP","66","36916  >  8004 [ACK] Seq=141 Ack=321646 Win=138240 Len=0 TSval=3045562035 TSecr=2916042254"
"66927","38.183531212","192.168.1.2","192.168.1.55","TCP","66","36916  >  8004 [ACK] Seq=141 Ack=373774 Win=87040 Len=0 TSval=3045562035 TSecr=2916042254"
"66928","38.183571193","192.168.1.55","192.168.1.2","TCP","1514","8004  >  36916 [ACK] Seq=430246 Ack=141 Win=65024 Len=1448 TSval=2916042264 TSecr=3045562035 [TCP segment of a reassembled PDU]"
"66929","38.183573915","192.168.1.55","192.168.1.2","TCP","1514","8004  >  36916 [ACK] Seq=431694 Ack=141 Win=65024 Len=1448 TSval=2916042264 TSecr=3045562035 [TCP segment of a reassembled PDU]"
"66930","38.183575286","192.168.1.55","192.168.1.2","TCP","1514","8004  >  36916 [ACK] Seq=433142 Ack=141 Win=65024 Len=1448 TSval=2916042264 TSecr=3045562035 [TCP segment of a reassembled PDU]"
"66931","38.183576712","192.168.1.55","192.168.1.2","TCP","1514","8004  >  36916 [ACK] Seq=434590 Ack=141 Win=65024 Len=1448 TSval=2916042264 TSecr=3045562035 [TCP segment of a reassembled PDU]"
"66932","38.183578045","192.168.1.55","192.168.1.2","TCP","1514","8004  >  36916 [ACK] Seq=436038 Ack=141 Win=65024 Len=1448 TSval=2916042264 TSecr=3045562035 [TCP segment of a reassembled PDU]"
"66933","38.183579527","192.168.1.55","192.168.1.2","TCP","1514","8004  >  36916 [ACK] Seq=437486 Ack=141 Win=65024 Len=1448 TSval=2916042264 TSecr=3045562035 [TCP segment of a reassembled PDU]"
"66934","38.183580971","192.168.1.55","192.168.1.2","TCP","1514","8004  >  36916 [ACK] Seq=438934 Ack=141 Win=65024 Len=1448 TSval=2916042264 TSecr=3045562035 [TCP segment of a reassembled PDU]"
"66935","38.183582360","192.168.1.55","192.168.1.2","TCP","1514","8004  >  36916 [ACK] Seq=440382 Ack=141 Win=65024 Len=1448 TSval=2916042264 TSecr=3045562035 [TCP segment of a reassembled PDU]"
"66936","38.183583878","192.168.1.55","192.168.1.2","TCP","1514","8004  >  36916 [ACK] Seq=441830 Ack=141 Win=65024 Len=1448 TSval=2916042264 TSecr=3045562035 [TCP segment of a reassembled PDU]"
"66937","38.183585397","192.168.1.55","192.168.1.2","TCP","1514","8004  >  36916 [ACK] Seq=443278 Ack=141 Win=65024 Len=1448 TSval=2916042264 TSecr=3045562035 [TCP segment of a reassembled PDU]"
"66938","38.183587027","192.168.1.55","192.168.1.2","TCP","1514","8004  >  36916 [ACK] Seq=444726 Ack=141 Win=65024 Len=1448 TSval=2916042264 TSecr=3045562035 [TCP segment of a reassembled PDU]"
"66939","38.183588453","192.168.1.55","192.168.1.2","TCP","1514","8004  >  36916 [ACK] Seq=446174 Ack=141 Win=65024 Len=1448 TSval=2916042264 TSecr=3045562035 [TCP segment of a reassembled PDU]"
"66940","38.183589786","192.168.1.55","192.168.1.2","TCP","1514","8004  >  36916 [ACK] Seq=447622 Ack=141 Win=65024 Len=1448 TSval=2916042264 TSecr=3045562035 [TCP segment of a reassembled PDU]"
"66941","38.183591138","192.168.1.55","192.168.1.2","TCP","1514","8004  >  36916 [ACK] Seq=449070 Ack=141 Win=65024 Len=1448 TSval=2916042264 TSecr=3045562035 [TCP segment of a reassembled PDU]"
"66942","38.183592841","192.168.1.55","192.168.1.2","TCP","1514","8004  >  36916 [ACK] Seq=450518 Ack=141 Win=65024 Len=1448 TSval=2916042264 TSecr=3045562035 [TCP segment of a reassembled PDU]"
"66943","38.183594138","192.168.1.55","192.168.1.2","TCP","1514","8004  >  36916 [ACK] Seq=451966 Ack=141 Win=65024 Len=1448 TSval=2916042264 TSecr=3045562035 [TCP segment of a reassembled PDU]"
"66944","38.183595582","192.168.1.55","192.168.1.2","TCP","1514","8004  >  36916 [ACK] Seq=453414 Ack=141 Win=65024 Len=1448 TSval=2916042264 TSecr=3045562035 [TCP segment of a reassembled PDU]"
"66945","38.183596878","192.168.1.55","192.168.1.2","TCP","1514","8004  >  36916 [ACK] Seq=454862 Ack=141 Win=65024 Len=1448 TSval=2916042264 TSecr=3045562035 [TCP segment of a reassembled PDU]"
"66946","38.183598601","192.168.1.55","192.168.1.2","TCP","1514","8004  >  36916 [ACK] Seq=456310 Ack=141 Win=65024 Len=1448 TSval=2916042264 TSecr=3045562035 [TCP segment of a reassembled PDU]"
"66947","38.183600082","192.168.1.55","192.168.1.2","TCP","1514","8004  >  36916 [ACK] Seq=457758 Ack=141 Win=65024 Len=1448 TSval=2916042264 TSecr=3045562035 [TCP segment of a reassembled PDU]"
"66948","38.183601397","192.168.1.55","192.168.1.2","TCP","1514","8004  >  36916 [ACK] Seq=459206 Ack=141 Win=65024 Len=1448 TSval=2916042264 TSecr=3045562035 [TCP segment of a reassembled PDU]"
"66949","38.183602897","192.168.1.55","192.168.1.2","TCP","226","[TCP Window Full] 8004  >  36916 [PSH, ACK] Seq=460654 Ack=141 Win=65024 Len=160 TSval=2916042264 TSecr=3045562035 [TCP segment of a reassembled PDU]"
"66950","38.183695638","192.168.1.2","192.168.1.55","TCP","66","36916  >  8004 [ACK] Seq=141 Ack=382462 Win=154624 Len=0 TSval=3045562039 TSecr=2916042254"
"66951","38.183715231","192.168.1.55","192.168.1.2","TCP","1514","8004  >  36916 [ACK] Seq=460814 Ack=141 Win=65024 Len=1448 TSval=2916042264 TSecr=3045562039 [TCP segment of a reassembled PDU]"
"66952","38.183717434","192.168.1.55","192.168.1.2","TCP","1514","8004  >  36916 [ACK] Seq=462262 Ack=141 Win=65024 Len=1448 TSval=2916042264 TSecr=3045562039 [TCP segment of a reassembled PDU]"
"66953","38.183718805","192.168.1.55","192.168.1.2","TCP","1514","8004  >  36916 [ACK] Seq=463710 Ack=141 Win=65024 Len=1448 TSval=2916042264 TSecr=3045562039 [TCP segment of a reassembled PDU]"
"66954","38.183720212","192.168.1.55","192.168.1.2","TCP","1514","8004  >  36916 [ACK] Seq=465158 Ack=141 Win=65024 Len=1448 TSval=2916042264 TSecr=3045562039 [TCP segment of a reassembled PDU]"
"66955","38.183721527","192.168.1.55","192.168.1.2","TCP","1514","8004  >  36916 [ACK] Seq=466606 Ack=141 Win=65024 Len=1448 TSval=2916042264 TSecr=3045562039 [TCP segment of a reassembled PDU]"
"66956","38.183723027","192.168.1.55","192.168.1.2","TCP","1514","8004  >  36916 [ACK] Seq=468054 Ack=141 Win=65024 Len=1448 TSval=2916042264 TSecr=3045562039 [TCP segment of a reassembled PDU]"
"66957","38.183724305","192.168.1.55","192.168.1.2","TCP","1514","8004  >  36916 [ACK] Seq=469502 Ack=141 Win=65024 Len=1448 TSval=2916042264 TSecr=3045562039 [TCP segment of a reassembled PDU]"
"66958","38.183725675","192.168.1.55","192.168.1.2","TCP","1514","8004  >  36916 [ACK] Seq=470950 Ack=141 Win=65024 Len=1448 TSval=2916042264 TSecr=3045562039 [TCP segment of a reassembled PDU]"
"66959","38.183727045","192.168.1.55","192.168.1.2","TCP","1514","8004  >  36916 [ACK] Seq=472398 Ack=141 Win=65024 Len=1448 TSval=2916042264 TSecr=3045562039 [TCP segment of a reassembled PDU]"
"66960","38.183728397","192.168.1.55","192.168.1.2","TCP","1354","8004  >  36916 [PSH, ACK] Seq=473846 Ack=141 Win=65024 Len=1288 TSval=2916042264 TSecr=3045562039 [TCP segment of a reassembled PDU]"
"66961","38.183746990","192.168.1.55","192.168.1.2","TCP","1514","8004  >  36916 [ACK] Seq=475134 Ack=141 Win=65024 Len=1448 TSval=2916042264 TSecr=3045562039 [TCP segment of a reassembled PDU]"
"66962","38.183748823","192.168.1.55","192.168.1.2","TCP","1514","8004  >  36916 [ACK] Seq=476582 Ack=141 Win=65024 Len=1448 TSval=2916042264 TSecr=3045562039 [TCP segment of a reassembled PDU]"
"66963","38.183750175","192.168.1.55","192.168.1.2","TCP","1514","8004  >  36916 [ACK] Seq=478030 Ack=141 Win=65024 Len=1448 TSval=2916042264 TSecr=3045562039 [TCP segment of a reassembled PDU]"
"66964","38.183751545","192.168.1.55","192.168.1.2","TCP","1514","8004  >  36916 [ACK] Seq=479478 Ack=141 Win=65024 Len=1448 TSval=2916042264 TSecr=3045562039 [TCP segment of a reassembled PDU]"
"66965","38.183752823","192.168.1.55","192.168.1.2","TCP","1514","8004  >  36916 [ACK] Seq=480926 Ack=141 Win=65024 Len=1448 TSval=2916042264 TSecr=3045562039 [TCP segment of a reassembled PDU]"
"66966","38.183754119","192.168.1.55","192.168.1.2","TCP","1514","8004  >  36916 [ACK] Seq=482374 Ack=141 Win=65024 Len=1448 TSval=2916042264 TSecr=3045562039 [TCP segment of a reassembled PDU]"
"66967","38.183755416","192.168.1.55","192.168.1.2","TCP","1514","8004  >  36916 [ACK] Seq=483822 Ack=141 Win=65024 Len=1448 TSval=2916042264 TSecr=3045562039 [TCP segment of a reassembled PDU]"
"66968","38.183756786","192.168.1.55","192.168.1.2","TCP","1514","8004  >  36916 [ACK] Seq=485270 Ack=141 Win=65024 Len=1448 TSval=2916042264 TSecr=3045562039 [TCP segment of a reassembled PDU]"
"66969","38.183758231","192.168.1.55","192.168.1.2","TCP","1514","8004  >  36916 [ACK] Seq=486718 Ack=141 Win=65024 Len=1448 TSval=2916042264 TSecr=3045562039 [TCP segment of a reassembled PDU]"
"66970","38.183759545","192.168.1.55","192.168.1.2","TCP","1514","8004  >  36916 [ACK] Seq=488166 Ack=141 Win=65024 Len=1448 TSval=2916042264 TSecr=3045562039 [TCP segment of a reassembled PDU]"
"66971","38.183760953","192.168.1.55","192.168.1.2","TCP","1514","8004  >  36916 [ACK] Seq=489614 Ack=141 Win=65024 Len=1448 TSval=2916042264 TSecr=3045562039 [TCP segment of a reassembled PDU]"
"66972","38.183762453","192.168.1.55","192.168.1.2","TCP","1514","8004  >  36916 [ACK] Seq=491062 Ack=141 Win=65024 Len=1448 TSval=2916042264 TSecr=3045562039 [TCP segment of a reassembled PDU]"
"66973","38.183763731","192.168.1.55","192.168.1.2","TCP","1514","8004  >  36916 [ACK] Seq=492510 Ack=141 Win=65024 Len=1448 TSval=2916042264 TSecr=3045562039 [TCP segment of a reassembled PDU]"
"66974","38.183765119","192.168.1.55","192.168.1.2","TCP","1514","8004  >  36916 [ACK] Seq=493958 Ack=141 Win=65024 Len=1448 TSval=2916042264 TSecr=3045562039 [TCP segment of a reassembled PDU]"
"66975","38.183766416","192.168.1.55","192.168.1.2","TCP","1514","8004  >  36916 [ACK] Seq=495406 Ack=141 Win=65024 Len=1448 TSval=2916042264 TSecr=3045562039 [TCP segment of a reassembled PDU]"
"66976","38.183767749","192.168.1.55","192.168.1.2","TCP","1514","8004  >  36916 [PSH, ACK] Seq=496854 Ack=141 Win=65024 Len=1448 TSval=2916042264 TSecr=3045562039 [TCP segment of a reassembled PDU]"
"66977","38.183772564","192.168.1.55","192.168.1.2","HTTP","1472","HTTP/1.0 200 OK  (PNG)"
"66978","38.183776601","192.168.1.2","192.168.1.55","TCP","66","36916  >  8004 [ACK] Seq=141 Ack=385358 Win=154624 Len=0 TSval=3045562039 TSecr=2916042259"
"66979","38.183782934","192.168.1.2","192.168.1.55","TCP","66","36916  >  8004 [ACK] Seq=141 Ack=428798 Win=121856 Len=0 TSval=3045562039 TSecr=2916042260"
"66980","38.187894311","192.168.1.2","192.168.1.55","TCP","66","36916  >  8004 [ACK] Seq=141 Ack=430246 Win=156672 Len=0 TSval=3045562040 TSecr=2916042260"
"66981","38.188383312","192.168.1.2","192.168.1.55","TCP","66","36916  >  8004 [ACK] Seq=141 Ack=460814 Win=218112 Len=0 TSval=3045562044 TSecr=2916042264"
"66982","38.188496942","192.168.1.2","192.168.1.55","TCP","66","36916  >  8004 [ACK] Seq=141 Ack=489614 Win=194560 Len=0 TSval=3045562044 TSecr=2916042264"
"66983","38.190219148","192.168.1.2","192.168.1.55","TCP","66","36916  >  8004 [ACK] Seq=141 Ack=498302 Win=235520 Len=0 TSval=3045562046 TSecr=2916042264"
"66984","38.192870042","192.168.1.2","192.168.1.55","TCP","66","36916  >  8004 [FIN, ACK] Seq=141 Ack=499709 Win=238592 Len=0 TSval=3045562047 TSecr=2916042264"
"66985","38.192883838","192.168.1.55","192.168.1.2","TCP","66","8004  >  36916 [ACK] Seq=499709 Ack=142 Win=65024 Len=0 TSval=2916042273 TSecr=3045562047"
"66986","38.192932820","192.168.1.2","192.168.1.55","TCP","74","36926  >  8004 [SYN] Seq=0 Win=64240 Len=0 MSS=1460 SACK_PERM TSval=3045562047 TSecr=0 WS=1024"
"66987","38.192958320","192.168.1.55","192.168.1.2","TCP","74","8004  >  36926 [SYN, ACK] Seq=0 Ack=1 Win=65160 Len=0 MSS=1460 SACK_PERM TSval=2916042273 TSecr=3045562047 WS=128"
"66988","38.196730807","192.168.1.2","192.168.1.55","TCP","66","36926  >  8004 [ACK] Seq=1 Ack=1 Win=64512 Len=0 TSval=3045562051 TSecr=2916042273"
"66989","38.199944998","192.168.1.2","192.168.1.55","HTTP","209","GET /original_benchmark.png HTTP/1.1 "
"66990","38.199956164","192.168.1.55","192.168.1.2","TCP","66","8004  >  36926 [ACK] Seq=1 Ack=144 Win=65024 Len=0 TSval=2916042280 TSecr=3045562051"
"66991","38.200440406","192.168.1.55","192.168.1.2","TCP","255","8004  >  36926 [PSH, ACK] Seq=1 Ack=144 Win=65024 Len=189 TSval=2916042281 TSecr=3045562051 [TCP segment of a reassembled PDU]"
"66992","38.200529832","192.168.1.55","192.168.1.2","TCP","1514","8004  >  36926 [ACK] Seq=190 Ack=144 Win=65024 Len=1448 TSval=2916042281 TSecr=3045562051 [TCP segment of a reassembled PDU]"
"66993","38.200534147","192.168.1.55","192.168.1.2","TCP","1514","8004  >  36926 [ACK] Seq=1638 Ack=144 Win=65024 Len=1448 TSval=2916042281 TSecr=3045562051 [TCP segment of a reassembled PDU]"
"66994","38.200535554","192.168.1.55","192.168.1.2","TCP","1514","8004  >  36926 [ACK] Seq=3086 Ack=144 Win=65024 Len=1448 TSval=2916042281 TSecr=3045562051 [TCP segment of a reassembled PDU]"
"66995","38.200536887","192.168.1.55","192.168.1.2","TCP","1514","8004  >  36926 [ACK] Seq=4534 Ack=144 Win=65024 Len=1448 TSval=2916042281 TSecr=3045562051 [TCP segment of a reassembled PDU]"
"66996","38.200538795","192.168.1.55","192.168.1.2","TCP","1514","8004  >  36926 [PSH, ACK] Seq=5982 Ack=144 Win=65024 Len=1448 TSval=2916042281 TSecr=3045562051 [TCP segment of a reassembled PDU]"
"66997","38.200555036","192.168.1.55","192.168.1.2","TCP","1514","8004  >  36926 [ACK] Seq=7430 Ack=144 Win=65024 Len=1448 TSval=2916042281 TSecr=3045562051 [TCP segment of a reassembled PDU]"
"66998","38.200556647","192.168.1.55","192.168.1.2","TCP","1514","8004  >  36926 [ACK] Seq=8878 Ack=144 Win=65024 Len=1448 TSval=2916042281 TSecr=3045562051 [TCP segment of a reassembled PDU]"
"66999","38.200557943","192.168.1.55","192.168.1.2","TCP","1514","8004  >  36926 [ACK] Seq=10326 Ack=144 Win=65024 Len=1448 TSval=2916042281 TSecr=3045562051 [TCP segment of a reassembled PDU]"
"67000","38.200559239","192.168.1.55","192.168.1.2","TCP","1514","8004  >  36926 [PSH, ACK] Seq=11774 Ack=144 Win=65024 Len=1448 TSval=2916042281 TSecr=3045562051 [TCP segment of a reassembled PDU]"
"67001","38.203937004","192.168.1.2","192.168.1.55","TCP","66","36926  >  8004 [ACK] Seq=144 Ack=190 Win=64512 Len=0 TSval=3045562058 TSecr=2916042281"
"67002","38.203969356","192.168.1.55","192.168.1.2","TCP","1514","8004  >  36926 [ACK] Seq=13222 Ack=144 Win=65024 Len=1448 TSval=2916042284 TSecr=3045562058 [TCP segment of a reassembled PDU]"
"67003","38.203973911","192.168.1.55","192.168.1.2","TCP","1514","8004  >  36926 [PSH, ACK] Seq=14670 Ack=144 Win=65024 Len=1448 TSval=2916042284 TSecr=3045562058 [TCP segment of a reassembled PDU]"
"67004","38.204316097","192.168.1.2","192.168.1.55","TCP","66","36926  >  8004 [ACK] Seq=144 Ack=5982 Win=76800 Len=0 TSval=3045562058 TSecr=2916042281"
"67005","38.204392912","192.168.1.55","192.168.1.2","TCP","1514","8004  >  36926 [ACK] Seq=16118 Ack=144 Win=65024 Len=1448 TSval=2916042285 TSecr=3045562058 [TCP segment of a reassembled PDU]"
"67006","38.204404949","192.168.1.55","192.168.1.2","TCP","1514","8004  >  36926 [ACK] Seq=17566 Ack=144 Win=65024 Len=1448 TSval=2916042285 TSecr=3045562058 [TCP segment of a reassembled PDU]"
"67007","38.204408060","192.168.1.55","192.168.1.2","TCP","1514","8004  >  36926 [ACK] Seq=19014 Ack=144 Win=65024 Len=1448 TSval=2916042285 TSecr=3045562058 [TCP segment of a reassembled PDU]"
"67008","38.204409597","192.168.1.55","192.168.1.2","TCP","1514","8004  >  36926 [ACK] Seq=20462 Ack=144 Win=65024 Len=1448 TSval=2916042285 TSecr=3045562058 [TCP segment of a reassembled PDU]"
"67009","38.204412542","192.168.1.55","192.168.1.2","TCP","1514","8004  >  36926 [ACK] Seq=21910 Ack=144 Win=65024 Len=1448 TSval=2916042285 TSecr=3045562058 [TCP segment of a reassembled PDU]"
"67010","38.204414634","192.168.1.55","192.168.1.2","TCP","1514","8004  >  36926 [ACK] Seq=23358 Ack=144 Win=65024 Len=1448 TSval=2916042285 TSecr=3045562058 [TCP segment of a reassembled PDU]"
"67011","38.204416838","192.168.1.55","192.168.1.2","TCP","1514","8004  >  36926 [PSH, ACK] Seq=24806 Ack=144 Win=65024 Len=1448 TSval=2916042285 TSecr=3045562058 [TCP segment of a reassembled PDU]"
"67012","38.204449246","192.168.1.2","192.168.1.55","TCP","66","36926  >  8004 [ACK] Seq=144 Ack=7430 Win=79872 Len=0 TSval=3045562059 TSecr=2916042281"
"67013","38.204473709","192.168.1.2","192.168.1.55","TCP","66","36926  >  8004 [ACK] Seq=144 Ack=13222 Win=87040 Len=0 TSval=3045562059 TSecr=2916042281"
"67014","38.204541727","192.168.1.55","192.168.1.2","TCP","1514","8004  >  36926 [ACK] Seq=26254 Ack=144 Win=65024 Len=1448 TSval=2916042285 TSecr=3045562059 [TCP segment of a reassembled PDU]"
"67015","38.204550598","192.168.1.55","192.168.1.2","TCP","1514","8004  >  36926 [ACK] Seq=27702 Ack=144 Win=65024 Len=1448 TSval=2916042285 TSecr=3045562059 [TCP segment of a reassembled PDU]"
"67016","38.204554135","192.168.1.55","192.168.1.2","TCP","1514","8004  >  36926 [ACK] Seq=29150 Ack=144 Win=65024 Len=1448 TSval=2916042285 TSecr=3045562059 [TCP segment of a reassembled PDU]"
"67017","38.204556061","192.168.1.55","192.168.1.2","TCP","1514","8004  >  36926 [ACK] Seq=30598 Ack=144 Win=65024 Len=1448 TSval=2916042285 TSecr=3045562059 [TCP segment of a reassembled PDU]"
"67018","38.204558246","192.168.1.55","192.168.1.2","TCP","1514","8004  >  36926 [ACK] Seq=32046 Ack=144 Win=65024 Len=1448 TSval=2916042285 TSecr=3045562059 [TCP segment of a reassembled PDU]"
"67019","38.204562209","192.168.1.55","192.168.1.2","TCP","1514","8004  >  36926 [ACK] Seq=33494 Ack=144 Win=65024 Len=1448 TSval=2916042285 TSecr=3045562059 [TCP segment of a reassembled PDU]"
"67020","38.204564209","192.168.1.55","192.168.1.2","TCP","1514","8004  >  36926 [ACK] Seq=34942 Ack=144 Win=65024 Len=1448 TSval=2916042285 TSecr=3045562059 [TCP segment of a reassembled PDU]"
"67021","38.204566949","192.168.1.55","192.168.1.2","TCP","1514","8004  >  36926 [ACK] Seq=36390 Ack=144 Win=65024 Len=1448 TSval=2916042285 TSecr=3045562059 [TCP segment of a reassembled PDU]"
"67022","38.204569468","192.168.1.55","192.168.1.2","TCP","1514","8004  >  36926 [ACK] Seq=37838 Ack=144 Win=65024 Len=1448 TSval=2916042285 TSecr=3045562059 [TCP segment of a reassembled PDU]"
"67023","38.204572375","192.168.1.55","192.168.1.2","TCP","1514","8004  >  36926 [PSH, ACK] Seq=39286 Ack=144 Win=65024 Len=1448 TSval=2916042285 TSecr=3045562059 [TCP segment of a reassembled PDU]"
"67024","38.205657544","192.168.1.55","192.168.1.2","TCP","1514","8004  >  36926 [ACK] Seq=40734 Ack=144 Win=65024 Len=1448 TSval=2916042286 TSecr=3045562059 [TCP segment of a reassembled PDU]"
"67025","38.209520995","192.168.1.2","192.168.1.55","TCP","66","36926  >  8004 [ACK] Seq=144 Ack=16118 Win=93184 Len=0 TSval=3045562063 TSecr=2916042284"
"67026","38.209605106","192.168.1.55","192.168.1.2","TCP","1514","8004  >  36926 [ACK] Seq=42182 Ack=144 Win=65024 Len=1448 TSval=2916042290 TSecr=3045562063 [TCP segment of a reassembled PDU]"
"67027","38.209614124","192.168.1.55","192.168.1.2","TCP","1514","8004  >  36926 [PSH, ACK] Seq=43630 Ack=144 Win=65024 Len=1448 TSval=2916042290 TSecr=3045562063 [TCP segment of a reassembled PDU]"
"67028","38.209725050","192.168.1.2","192.168.1.55","TCP","66","36926  >  8004 [ACK] Seq=144 Ack=26254 Win=86016 Len=0 TSval=3045562063 TSecr=2916042285"
"67029","38.209774347","192.168.1.55","192.168.1.2","TCP","1514","8004  >  36926 [ACK] Seq=45078 Ack=144 Win=65024 Len=1448 TSval=2916042290 TSecr=3045562063 [TCP segment of a reassembled PDU]"
"67030","38.209778625","192.168.1.55","192.168.1.2","TCP","1514","8004  >  36926 [ACK] Seq=46526 Ack=144 Win=65024 Len=1448 TSval=2916042290 TSecr=3045562063 [TCP segment of a reassembled PDU]"
"67031","38.209780662","192.168.1.55","192.168.1.2","TCP","1514","8004  >  36926 [ACK] Seq=47974 Ack=144 Win=65024 Len=1448 TSval=2916042290 TSecr=3045562063 [TCP segment of a reassembled PDU]"
"67032","38.209782458","192.168.1.55","192.168.1.2","TCP","1514","8004  >  36926 [ACK] Seq=49422 Ack=144 Win=65024 Len=1448 TSval=2916042290 TSecr=3045562063 [TCP segment of a reassembled PDU]"
"67033","38.209783921","192.168.1.55","192.168.1.2","TCP","1514","8004  >  36926 [ACK] Seq=50870 Ack=144 Win=65024 Len=1448 TSval=2916042290 TSecr=3045562063 [TCP segment of a reassembled PDU]"
"67034","38.209785384","192.168.1.55","192.168.1.2","TCP","1514","8004  >  36926 [ACK] Seq=52318 Ack=144 Win=65024 Len=1448 TSval=2916042290 TSecr=3045562063 [TCP segment of a reassembled PDU]"
"67035","38.209787310","192.168.1.55","192.168.1.2","TCP","1514","8004  >  36926 [ACK] Seq=53766 Ack=144 Win=65024 Len=1448 TSval=2916042290 TSecr=3045562063 [TCP segment of a reassembled PDU]"
"67036","38.209789865","192.168.1.55","192.168.1.2","TCP","1514","8004  >  36926 [ACK] Seq=55214 Ack=144 Win=65024 Len=1448 TSval=2916042290 TSecr=3045562063 [TCP segment of a reassembled PDU]"
"67037","38.209791810","192.168.1.55","192.168.1.2","TCP","1514","8004  >  36926 [ACK] Seq=56662 Ack=144 Win=65024 Len=1448 TSval=2916042290 TSecr=3045562063 [TCP segment of a reassembled PDU]"
"67038","38.209793439","192.168.1.55","192.168.1.2","TCP","1514","8004  >  36926 [ACK] Seq=58110 Ack=144 Win=65024 Len=1448 TSval=2916042290 TSecr=3045562063 [TCP segment of a reassembled PDU]"
"67039","38.209795236","192.168.1.55","192.168.1.2","TCP","1514","8004  >  36926 [ACK] Seq=59558 Ack=144 Win=65024 Len=1448 TSval=2916042290 TSecr=3045562063 [TCP segment of a reassembled PDU]"
"67040","38.209796754","192.168.1.55","192.168.1.2","TCP","1514","8004  >  36926 [ACK] Seq=61006 Ack=144 Win=65024 Len=1448 TSval=2916042290 TSecr=3045562063 [TCP segment of a reassembled PDU]"
"67041","38.209798828","192.168.1.55","192.168.1.2","TCP","1514","8004  >  36926 [ACK] Seq=62454 Ack=144 Win=65024 Len=1448 TSval=2916042290 TSecr=3045562063 [TCP segment of a reassembled PDU]"
"67042","38.209801069","192.168.1.55","192.168.1.2","TCP","1514","8004  >  36926 [PSH, ACK] Seq=63902 Ack=144 Win=65024 Len=1448 TSval=2916042290 TSecr=3045562063 [TCP segment of a reassembled PDU]"
"67043","38.209808365","192.168.1.2","192.168.1.55","TCP","66","36926  >  8004 [ACK] Seq=144 Ack=36390 Win=76800 Len=0 TSval=3045562063 TSecr=2916042285"
"67044","38.209844477","192.168.1.55","192.168.1.2","TCP","1514","8004  >  36926 [ACK] Seq=65350 Ack=144 Win=65024 Len=1448 TSval=2916042290 TSecr=3045562063 [TCP segment of a reassembled PDU]"
"67045","38.209847551","192.168.1.55","192.168.1.2","TCP","1514","8004  >  36926 [ACK] Seq=66798 Ack=144 Win=65024 Len=1448 TSval=2916042290 TSecr=3045562063 [TCP segment of a reassembled PDU]"
"67046","38.209849051","192.168.1.55","192.168.1.2","TCP","1514","8004  >  36926 [ACK] Seq=68246 Ack=144 Win=65024 Len=1448 TSval=2916042290 TSecr=3045562063 [TCP segment of a reassembled PDU]"
"67047","38.209850754","192.168.1.55","192.168.1.2","TCP","1514","8004  >  36926 [ACK] Seq=69694 Ack=144 Win=65024 Len=1448 TSval=2916042290 TSecr=3045562063 [TCP segment of a reassembled PDU]"
"67048","38.209852865","192.168.1.55","192.168.1.2","TCP","1514","8004  >  36926 [ACK] Seq=71142 Ack=144 Win=65024 Len=1448 TSval=2916042290 TSecr=3045562063 [TCP segment of a reassembled PDU]"
"67049","38.209854643","192.168.1.55","192.168.1.2","TCP","1514","8004  >  36926 [ACK] Seq=72590 Ack=144 Win=65024 Len=1448 TSval=2916042290 TSecr=3045562063 [TCP segment of a reassembled PDU]"
"67050","38.209856162","192.168.1.55","192.168.1.2","TCP","1514","8004  >  36926 [ACK] Seq=74038 Ack=144 Win=65024 Len=1448 TSval=2916042290 TSecr=3045562063 [TCP segment of a reassembled PDU]"
"67051","38.209857625","192.168.1.55","192.168.1.2","TCP","1514","8004  >  36926 [PSH, ACK] Seq=75486 Ack=144 Win=65024 Len=1448 TSval=2916042290 TSecr=3045562063 [TCP segment of a reassembled PDU]"
"67052","38.209870384","192.168.1.2","192.168.1.55","TCP","66","36926  >  8004 [ACK] Seq=144 Ack=39286 Win=93184 Len=0 TSval=3045562064 TSecr=2916042285"
"67053","38.210200162","192.168.1.2","192.168.1.55","TCP","66","36926  >  8004 [ACK] Seq=144 Ack=40734 Win=92160 Len=0 TSval=3045562064 TSecr=2916042285"
"67054","38.210248570","192.168.1.2","192.168.1.55","TCP","66","36926  >  8004 [ACK] Seq=144 Ack=42182 Win=91136 Len=0 TSval=3045562064 TSecr=2916042286"
"67055","38.211254016","192.168.1.55","192.168.1.2","TCP","1514","8004  >  36926 [ACK] Seq=76934 Ack=144 Win=65024 Len=1448 TSval=2916042291 TSecr=3045562064 [TCP segment of a reassembled PDU]"
"67056","38.211262423","192.168.1.55","192.168.1.2","TCP","1514","8004  >  36926 [ACK] Seq=78382 Ack=144 Win=65024 Len=1448 TSval=2916042291 TSecr=3045562064 [TCP segment of a reassembled PDU]"
"67057","38.211264886","192.168.1.55","192.168.1.2","TCP","1514","8004  >  36926 [ACK] Seq=79830 Ack=144 Win=65024 Len=1448 TSval=2916042291 TSecr=3045562064 [TCP segment of a reassembled PDU]"
"67058","38.211266664","192.168.1.55","192.168.1.2","TCP","1514","8004  >  36926 [ACK] Seq=81278 Ack=144 Win=65024 Len=1448 TSval=2916042291 TSecr=3045562064 [TCP segment of a reassembled PDU]"
"67059","38.211268164","192.168.1.55","192.168.1.2","TCP","1514","8004  >  36926 [ACK] Seq=82726 Ack=144 Win=65024 Len=1448 TSval=2916042291 TSecr=3045562064 [TCP segment of a reassembled PDU]"
"67060","38.211270220","192.168.1.55","192.168.1.2","TCP","1514","8004  >  36926 [ACK] Seq=84174 Ack=144 Win=65024 Len=1448 TSval=2916042291 TSecr=3045562064 [TCP segment of a reassembled PDU]"
"67061","38.211271942","192.168.1.55","192.168.1.2","TCP","1514","8004  >  36926 [ACK] Seq=85622 Ack=144 Win=65024 Len=1448 TSval=2916042291 TSecr=3045562064 [TCP segment of a reassembled PDU]"
"67062","38.211275664","192.168.1.55","192.168.1.2","TCP","1514","8004  >  36926 [ACK] Seq=87070 Ack=144 Win=65024 Len=1448 TSval=2916042291 TSecr=3045562064 [TCP segment of a reassembled PDU]"
"67063","38.211277257","192.168.1.55","192.168.1.2","TCP","1514","8004  >  36926 [ACK] Seq=88518 Ack=144 Win=65024 Len=1448 TSval=2916042291 TSecr=3045562064 [TCP segment of a reassembled PDU]"
"67064","38.211279016","192.168.1.55","192.168.1.2","TCP","1514","8004  >  36926 [ACK] Seq=89966 Ack=144 Win=65024 Len=1448 TSval=2916042291 TSecr=3045562064 [TCP segment of a reassembled PDU]"
"67065","38.211280812","192.168.1.55","192.168.1.2","TCP","1514","8004  >  36926 [ACK] Seq=91414 Ack=144 Win=65024 Len=1448 TSval=2916042291 TSecr=3045562064 [TCP segment of a reassembled PDU]"
"67066","38.211282183","192.168.1.55","192.168.1.2","TCP","1514","8004  >  36926 [ACK] Seq=92862 Ack=144 Win=65024 Len=1448 TSval=2916042291 TSecr=3045562064 [TCP segment of a reassembled PDU]"
"67067","38.211283683","192.168.1.55","192.168.1.2","TCP","1514","8004  >  36926 [ACK] Seq=94310 Ack=144 Win=65024 Len=1448 TSval=2916042291 TSecr=3045562064 [TCP segment of a reassembled PDU]"
"67068","38.211285146","192.168.1.55","192.168.1.2","TCP","1514","8004  >  36926 [PSH, ACK] Seq=95758 Ack=144 Win=65024 Len=1448 TSval=2916042291 TSecr=3045562064 [TCP segment of a reassembled PDU]"
"67069","38.211300423","192.168.1.55","192.168.1.2","TCP","1514","8004  >  36926 [ACK] Seq=97206 Ack=144 Win=65024 Len=1448 TSval=2916042291 TSecr=3045562064 [TCP segment of a reassembled PDU]"
"67070","38.211302572","192.168.1.55","192.168.1.2","TCP","1514","8004  >  36926 [PSH, ACK] Seq=98654 Ack=144 Win=65024 Len=1448 TSval=2916042291 TSecr=3045562064 [TCP segment of a reassembled PDU]"
"67071","38.215768005","192.168.1.2","192.168.1.55","TCP","66","36926  >  8004 [ACK] Seq=144 Ack=45078 Win=91136 Len=0 TSval=3045562070 TSecr=2916042290"
"67072","38.215816505","192.168.1.55","192.168.1.2","TCP","1514","8004  >  36926 [ACK] Seq=100102 Ack=144 Win=65024 Len=1448 TSval=2916042296 TSecr=3045562070 [TCP segment of a reassembled PDU]"
"67073","38.215821894","192.168.1.55","192.168.1.2","TCP","1514","8004  >  36926 [ACK] Seq=101550 Ack=144 Win=65024 Len=1448 TSval=2916042296 TSecr=3045562070 [TCP segment of a reassembled PDU]"
"67074","38.215823560","192.168.1.55","192.168.1.2","TCP","1514","8004  >  36926 [ACK] Seq=102998 Ack=144 Win=65024 Len=1448 TSval=2916042296 TSecr=3045562070 [TCP segment of a reassembled PDU]"
"67075","38.215826671","192.168.1.55","192.168.1.2","TCP","1514","8004  >  36926 [PSH, ACK] Seq=104446 Ack=144 Win=65024 Len=1448 TSval=2916042296 TSecr=3045562070 [TCP segment of a reassembled PDU]"
"67076","38.216100339","192.168.1.2","192.168.1.55","TCP","66","36926  >  8004 [ACK] Seq=144 Ack=65350 Win=75776 Len=0 TSval=3045562070 TSecr=2916042290"
"67077","38.216124709","192.168.1.55","192.168.1.2","TCP","1514","8004  >  36926 [ACK] Seq=105894 Ack=144 Win=65024 Len=1448 TSval=2916042296 TSecr=3045562070 [TCP segment of a reassembled PDU]"
"67078","38.216126413","192.168.1.55","192.168.1.2","TCP","1514","8004  >  36926 [ACK] Seq=107342 Ack=144 Win=65024 Len=1448 TSval=2916042296 TSecr=3045562070 [TCP segment of a reassembled PDU]"
"67079","38.216127690","192.168.1.55","192.168.1.2","TCP","1514","8004  >  36926 [ACK] Seq=108790 Ack=144 Win=65024 Len=1448 TSval=2916042296 TSecr=3045562070 [TCP segment of a reassembled PDU]"
"67080","38.216129042","192.168.1.55","192.168.1.2","TCP","1514","8004  >  36926 [ACK] Seq=110238 Ack=144 Win=65024 Len=1448 TSval=2916042296 TSecr=3045562070 [TCP segment of a reassembled PDU]"
"67081","38.216130357","192.168.1.55","192.168.1.2","TCP","1514","8004  >  36926 [ACK] Seq=111686 Ack=144 Win=65024 Len=1448 TSval=2916042296 TSecr=3045562070 [TCP segment of a reassembled PDU]"
"67082","38.216132302","192.168.1.55","192.168.1.2","TCP","1514","8004  >  36926 [ACK] Seq=113134 Ack=144 Win=65024 Len=1448 TSval=2916042296 TSecr=3045562070 [TCP segment of a reassembled PDU]"
"67083","38.216133968","192.168.1.55","192.168.1.2","TCP","1514","8004  >  36926 [ACK] Seq=114582 Ack=144 Win=65024 Len=1448 TSval=2916042296 TSecr=3045562070 [TCP segment of a reassembled PDU]"
"67084","38.216135098","192.168.1.55","192.168.1.2","TCP","1514","8004  >  36926 [ACK] Seq=116030 Ack=144 Win=65024 Len=1448 TSval=2916042296 TSecr=3045562070 [TCP segment of a reassembled PDU]"
"67085","38.216136505","192.168.1.55","192.168.1.2","TCP","1514","8004  >  36926 [ACK] Seq=117478 Ack=144 Win=65024 Len=1448 TSval=2916042296 TSecr=3045562070 [TCP segment of a reassembled PDU]"
"67086","38.216137802","192.168.1.55","192.168.1.2","TCP","1514","8004  >  36926 [PSH, ACK] Seq=118926 Ack=144 Win=65024 Len=1448 TSval=2916042296 TSecr=3045562070 [TCP segment of a reassembled PDU]"
"67087","38.216144690","192.168.1.2","192.168.1.55","TCP","66","36926  >  8004 [ACK] Seq=144 Ack=76934 Win=64512 Len=0 TSval=3045562070 TSecr=2916042290"
"67088","38.216156413","192.168.1.2","192.168.1.55","TCP","66","36926  >  8004 [ACK] Seq=144 Ack=97206 Win=64512 Len=0 TSval=3045562070 TSecr=2916042291"
"67089","38.216160098","192.168.1.2","192.168.1.55","TCP","66","36926  >  8004 [ACK] Seq=144 Ack=100102 Win=62464 Len=0 TSval=3045562070 TSecr=2916042291"
"67090","38.216260728","192.168.1.55","192.168.1.2","TCP","1514","8004  >  36926 [ACK] Seq=120374 Ack=144 Win=65024 Len=1448 TSval=2916042296 TSecr=3045562070 [TCP segment of a reassembled PDU]"
"67091","38.216264654","192.168.1.55","192.168.1.2","TCP","1514","8004  >  36926 [ACK] Seq=121822 Ack=144 Win=65024 Len=1448 TSval=2916042296 TSecr=3045562070 [TCP segment of a reassembled PDU]"
"67092","38.216266005","192.168.1.55","192.168.1.2","TCP","1514","8004  >  36926 [ACK] Seq=123270 Ack=144 Win=65024 Len=1448 TSval=2916042296 TSecr=3045562070 [TCP segment of a reassembled PDU]"
"67093","38.216267820","192.168.1.55","192.168.1.2","TCP","1514","8004  >  36926 [ACK] Seq=124718 Ack=144 Win=65024 Len=1448 TSval=2916042296 TSecr=3045562070 [TCP segment of a reassembled PDU]"
"67094","38.216269413","192.168.1.55","192.168.1.2","TCP","1514","8004  >  36926 [ACK] Seq=126166 Ack=144 Win=65024 Len=1448 TSval=2916042296 TSecr=3045562070 [TCP segment of a reassembled PDU]"
"67095","38.216270709","192.168.1.55","192.168.1.2","TCP","1514","8004  >  36926 [ACK] Seq=127614 Ack=144 Win=65024 Len=1448 TSval=2916042296 TSecr=3045562070 [TCP segment of a reassembled PDU]"
"67096","38.216272228","192.168.1.55","192.168.1.2","TCP","1514","8004  >  36926 [ACK] Seq=129062 Ack=144 Win=65024 Len=1448 TSval=2916042296 TSecr=3045562070 [TCP segment of a reassembled PDU]"
"67097","38.216274265","192.168.1.55","192.168.1.2","TCP","1514","8004  >  36926 [ACK] Seq=130510 Ack=144 Win=65024 Len=1448 TSval=2916042296 TSecr=3045562070 [TCP segment of a reassembled PDU]"
"67098","38.216275820","192.168.1.55","192.168.1.2","TCP","1514","8004  >  36926 [ACK] Seq=131958 Ack=144 Win=65024 Len=1448 TSval=2916042296 TSecr=3045562070 [TCP segment of a reassembled PDU]"
"67099","38.216277598","192.168.1.55","192.168.1.2","TCP","1514","8004  >  36926 [ACK] Seq=133406 Ack=144 Win=65024 Len=1448 TSval=2916042296 TSecr=3045562070 [TCP segment of a reassembled PDU]"
"67100","38.216279413","192.168.1.55","192.168.1.2","TCP","1514","8004  >  36926 [ACK] Seq=134854 Ack=144 Win=65024 Len=1448 TSval=2916042296 TSecr=3045562070 [TCP segment of a reassembled PDU]"
"67101","38.216281728","192.168.1.55","192.168.1.2","TCP","1514","8004  >  36926 [ACK] Seq=136302 Ack=144 Win=65024 Len=1448 TSval=2916042296 TSecr=3045562070 [TCP segment of a reassembled PDU]"
"67102","38.216283154","192.168.1.55","192.168.1.2","TCP","1514","8004  >  36926 [ACK] Seq=137750 Ack=144 Win=65024 Len=1448 TSval=2916042296 TSecr=3045562070 [TCP segment of a reassembled PDU]"
"67103","38.216284561","192.168.1.55","192.168.1.2","TCP","1514","8004  >  36926 [ACK] Seq=139198 Ack=144 Win=65024 Len=1448 TSval=2916042296 TSecr=3045562070 [TCP segment of a reassembled PDU]"
"67104","38.216286043","192.168.1.55","192.168.1.2","TCP","1514","8004  >  36926 [ACK] Seq=140646 Ack=144 Win=65024 Len=1448 TSval=2916042296 TSecr=3045562070 [TCP segment of a reassembled PDU]"
"67105","38.216287968","192.168.1.55","192.168.1.2","TCP","1514","8004  >  36926 [ACK] Seq=142094 Ack=144 Win=65024 Len=1448 TSval=2916042296 TSecr=3045562070 [TCP segment of a reassembled PDU]"
"67106","38.216289543","192.168.1.55","192.168.1.2","TCP","1514","8004  >  36926 [ACK] Seq=143542 Ack=144 Win=65024 Len=1448 TSval=2916042296 TSecr=3045562070 [TCP segment of a reassembled PDU]"
"67107","38.216290894","192.168.1.55","192.168.1.2","TCP","1514","8004  >  36926 [ACK] Seq=144990 Ack=144 Win=65024 Len=1448 TSval=2916042296 TSecr=3045562070 [TCP segment of a reassembled PDU]"
"67108","38.216300191","192.168.1.55","192.168.1.2","TCP","1514","8004  >  36926 [ACK] Seq=146438 Ack=144 Win=65024 Len=1448 TSval=2916042296 TSecr=3045562070 [TCP segment of a reassembled PDU]"
"67109","38.216301746","192.168.1.55","192.168.1.2","TCP","1514","8004  >  36926 [ACK] Seq=147886 Ack=144 Win=65024 Len=1448 TSval=2916042296 TSecr=3045562070 [TCP segment of a reassembled PDU]"
"67110","38.216303246","192.168.1.55","192.168.1.2","TCP","1514","8004  >  36926 [ACK] Seq=149334 Ack=144 Win=65024 Len=1448 TSval=2916042296 TSecr=3045562070 [TCP segment of a reassembled PDU]"
"67111","38.216304913","192.168.1.55","192.168.1.2","TCP","1514","8004  >  36926 [ACK] Seq=150782 Ack=144 Win=65024 Len=1448 TSval=2916042296 TSecr=3045562070 [TCP segment of a reassembled PDU]"
"67112","38.216306246","192.168.1.55","192.168.1.2","TCP","1514","8004  >  36926 [ACK] Seq=152230 Ack=144 Win=65024 Len=1448 TSval=2916042296 TSecr=3045562070 [TCP segment of a reassembled PDU]"
"67113","38.216308413","192.168.1.55","192.168.1.2","TCP","1514","8004  >  36926 [ACK] Seq=153678 Ack=144 Win=65024 Len=1448 TSval=2916042296 TSecr=3045562070 [TCP segment of a reassembled PDU]"
"67114","38.216310154","192.168.1.55","192.168.1.2","TCP","1514","8004  >  36926 [ACK] Seq=155126 Ack=144 Win=65024 Len=1448 TSval=2916042296 TSecr=3045562070 [TCP segment of a reassembled PDU]"
"67115","38.216311672","192.168.1.55","192.168.1.2","TCP","1514","8004  >  36926 [ACK] Seq=156574 Ack=144 Win=65024 Len=1448 TSval=2916042296 TSecr=3045562070 [TCP segment of a reassembled PDU]"
"67116","38.216313154","192.168.1.55","192.168.1.2","TCP","1514","8004  >  36926 [ACK] Seq=158022 Ack=144 Win=65024 Len=1448 TSval=2916042296 TSecr=3045562070 [TCP segment of a reassembled PDU]"
"67117","38.216314469","192.168.1.55","192.168.1.2","TCP","1514","8004  >  36926 [ACK] Seq=159470 Ack=144 Win=65024 Len=1448 TSval=2916042296 TSecr=3045562070 [TCP segment of a reassembled PDU]"
"67118","38.216316191","192.168.1.55","192.168.1.2","TCP","1514","8004  >  36926 [ACK] Seq=160918 Ack=144 Win=65024 Len=1448 TSval=2916042296 TSecr=3045562070 [TCP segment of a reassembled PDU]"
"67119","38.216317839","192.168.1.55","192.168.1.2","TCP","266","[TCP Window Full] 8004  >  36926 [PSH, ACK] Seq=162366 Ack=144 Win=65024 Len=200 TSval=2916042296 TSecr=3045562070 [TCP segment of a reassembled PDU]"
"67120","38.221669033","192.168.1.2","192.168.1.55","TCP","66","36926  >  8004 [ACK] Seq=144 Ack=105894 Win=88064 Len=0 TSval=3045562075 TSecr=2916042296"
"67121","38.221702162","192.168.1.55","192.168.1.2","TCP","1314","8004  >  36926 [ACK] Seq=162566 Ack=144 Win=65024 Len=1248 TSval=2916042302 TSecr=3045562075 [TCP segment of a reassembled PDU]"
"67122","38.221732366","192.168.1.55","192.168.1.2","TCP","1514","8004  >  36926 [ACK] Seq=163814 Ack=144 Win=65024 Len=1448 TSval=2916042302 TSecr=3045562075 [TCP segment of a reassembled PDU]"
"67123","38.221734366","192.168.1.55","192.168.1.2","TCP","1514","8004  >  36926 [ACK] Seq=165262 Ack=144 Win=65024 Len=1448 TSval=2916042302 TSecr=3045562075 [TCP segment of a reassembled PDU]"
"67124","38.221735551","192.168.1.55","192.168.1.2","TCP","1514","8004  >  36926 [ACK] Seq=166710 Ack=144 Win=65024 Len=1448 TSval=2916042302 TSecr=3045562075 [TCP segment of a reassembled PDU]"
"67125","38.221736996","192.168.1.55","192.168.1.2","TCP","1514","8004  >  36926 [ACK] Seq=168158 Ack=144 Win=65024 Len=1448 TSval=2916042302 TSecr=3045562075 [TCP segment of a reassembled PDU]"
"67126","38.221738033","192.168.1.55","192.168.1.2","TCP","1514","8004  >  36926 [ACK] Seq=169606 Ack=144 Win=65024 Len=1448 TSval=2916042302 TSecr=3045562075 [TCP segment of a reassembled PDU]"
"67127","38.221739311","192.168.1.55","192.168.1.2","TCP","1514","8004  >  36926 [ACK] Seq=171054 Ack=144 Win=65024 Len=1448 TSval=2916042302 TSecr=3045562075 [TCP segment of a reassembled PDU]"
"67128","38.221740514","192.168.1.55","192.168.1.2","TCP","1514","8004  >  36926 [ACK] Seq=172502 Ack=144 Win=65024 Len=1448 TSval=2916042302 TSecr=3045562075 [TCP segment of a reassembled PDU]"
"67129","38.221741663","192.168.1.55","192.168.1.2","TCP","1514","8004  >  36926 [ACK] Seq=173950 Ack=144 Win=65024 Len=1448 TSval=2916042302 TSecr=3045562075 [TCP segment of a reassembled PDU]"
"67130","38.221742811","192.168.1.55","192.168.1.2","TCP","1514","8004  >  36926 [ACK] Seq=175398 Ack=144 Win=65024 Len=1448 TSval=2916042302 TSecr=3045562075 [TCP segment of a reassembled PDU]"
"67131","38.221743922","192.168.1.55","192.168.1.2","TCP","1514","8004  >  36926 [ACK] Seq=176846 Ack=144 Win=65024 Len=1448 TSval=2916042302 TSecr=3045562075 [TCP segment of a reassembled PDU]"
"67132","38.221745014","192.168.1.55","192.168.1.2","TCP","1514","8004  >  36926 [ACK] Seq=178294 Ack=144 Win=65024 Len=1448 TSval=2916042302 TSecr=3045562075 [TCP segment of a reassembled PDU]"
"67133","38.221746533","192.168.1.55","192.168.1.2","TCP","1514","8004  >  36926 [ACK] Seq=179742 Ack=144 Win=65024 Len=1448 TSval=2916042302 TSecr=3045562075 [TCP segment of a reassembled PDU]"
"67134","38.221747644","192.168.1.55","192.168.1.2","TCP","1514","8004  >  36926 [ACK] Seq=181190 Ack=144 Win=65024 Len=1448 TSval=2916042302 TSecr=3045562075 [TCP segment of a reassembled PDU]"
"67135","38.221748811","192.168.1.55","192.168.1.2","TCP","1514","8004  >  36926 [ACK] Seq=182638 Ack=144 Win=65024 Len=1448 TSval=2916042302 TSecr=3045562075 [TCP segment of a reassembled PDU]"
"67136","38.221749903","192.168.1.55","192.168.1.2","TCP","1514","8004  >  36926 [ACK] Seq=184086 Ack=144 Win=65024 Len=1448 TSval=2916042302 TSecr=3045562075 [TCP segment of a reassembled PDU]"
"67137","38.221751051","192.168.1.55","192.168.1.2","TCP","1514","8004  >  36926 [ACK] Seq=185534 Ack=144 Win=65024 Len=1448 TSval=2916042302 TSecr=3045562075 [TCP segment of a reassembled PDU]"
"67138","38.221752163","192.168.1.55","192.168.1.2","TCP","1514","8004  >  36926 [ACK] Seq=186982 Ack=144 Win=65024 Len=1448 TSval=2916042302 TSecr=3045562075 [TCP segment of a reassembled PDU]"
"67139","38.221753292","192.168.1.55","192.168.1.2","TCP","1514","8004  >  36926 [ACK] Seq=188430 Ack=144 Win=65024 Len=1448 TSval=2916042302 TSecr=3045562075 [TCP segment of a reassembled PDU]"
"67140","38.221754477","192.168.1.55","192.168.1.2","TCP","1514","8004  >  36926 [ACK] Seq=189878 Ack=144 Win=65024 Len=1448 TSval=2916042302 TSecr=3045562075 [TCP segment of a reassembled PDU]"
"67141","38.221755588","192.168.1.55","192.168.1.2","TCP","1514","8004  >  36926 [PSH, ACK] Seq=191326 Ack=144 Win=65024 Len=1448 TSval=2916042302 TSecr=3045562075 [TCP segment of a reassembled PDU]"
"67142","38.224146555","192.168.1.2","192.168.1.55","TCP","66","36926  >  8004 [ACK] Seq=144 Ack=162566 Win=31744 Len=0 TSval=3045562078 TSecr=2916042296"
"67143","38.224169796","192.168.1.55","192.168.1.2","TCP","1514","8004  >  36926 [ACK] Seq=192774 Ack=144 Win=65024 Len=1448 TSval=2916042304 TSecr=3045562078 [TCP segment of a reassembled PDU]"
"67144","38.224296352","192.168.1.2","192.168.1.55","TCP","66","[TCP Window Update] 36926  >  8004 [ACK] Seq=144 Ack=162566 Win=83968 Len=0 TSval=3045562078 TSecr=2916042296"
"67145","38.224310870","192.168.1.55","192.168.1.2","TCP","1514","8004  >  36926 [ACK] Seq=194222 Ack=144 Win=65024 Len=1448 TSval=2916042305 TSecr=3045562078 [TCP segment of a reassembled PDU]"
"67146","38.224312574","192.168.1.55","192.168.1.2","TCP","1514","8004  >  36926 [ACK] Seq=195670 Ack=144 Win=65024 Len=1448 TSval=2916042305 TSecr=3045562078 [TCP segment of a reassembled PDU]"
"67147","38.224313537","192.168.1.55","192.168.1.2","TCP","1514","8004  >  36926 [ACK] Seq=197118 Ack=144 Win=65024 Len=1448 TSval=2916042305 TSecr=3045562078 [TCP segment of a reassembled PDU]"
"67148","38.224314574","192.168.1.55","192.168.1.2","TCP","1514","8004  >  36926 [ACK] Seq=198566 Ack=144 Win=65024 Len=1448 TSval=2916042305 TSecr=3045562078 [TCP segment of a reassembled PDU]"
"67149","38.224315463","192.168.1.55","192.168.1.2","TCP","1514","8004  >  36926 [ACK] Seq=200014 Ack=144 Win=65024 Len=1448 TSval=2916042305 TSecr=3045562078 [TCP segment of a reassembled PDU]"
"67150","38.224316352","192.168.1.55","192.168.1.2","TCP","1514","8004  >  36926 [ACK] Seq=201462 Ack=144 Win=65024 Len=1448 TSval=2916042305 TSecr=3045562078 [TCP segment of a reassembled PDU]"
"67151","38.224317370","192.168.1.55","192.168.1.2","TCP","1514","8004  >  36926 [ACK] Seq=202910 Ack=144 Win=65024 Len=1448 TSval=2916042305 TSecr=3045562078 [TCP segment of a reassembled PDU]"
"67152","38.224318407","192.168.1.55","192.168.1.2","TCP","1514","8004  >  36926 [ACK] Seq=204358 Ack=144 Win=65024 Len=1448 TSval=2916042305 TSecr=3045562078 [TCP segment of a reassembled PDU]"
"67153","38.224319333","192.168.1.55","192.168.1.2","TCP","1514","8004  >  36926 [ACK] Seq=205806 Ack=144 Win=65024 Len=1448 TSval=2916042305 TSecr=3045562078 [TCP segment of a reassembled PDU]"
"67154","38.224320296","192.168.1.55","192.168.1.2","TCP","1514","8004  >  36926 [ACK] Seq=207254 Ack=144 Win=65024 Len=1448 TSval=2916042305 TSecr=3045562078 [TCP segment of a reassembled PDU]"
"67155","38.224321500","192.168.1.55","192.168.1.2","TCP","1514","8004  >  36926 [PSH, ACK] Seq=208702 Ack=144 Win=65024 Len=1448 TSval=2916042305 TSecr=3045562078 [TCP segment of a reassembled PDU]"
"67156","38.224347648","192.168.1.55","192.168.1.2","TCP","1514","8004  >  36926 [ACK] Seq=210150 Ack=144 Win=65024 Len=1448 TSval=2916042305 TSecr=3045562078 [TCP segment of a reassembled PDU]"
"67157","38.224348926","192.168.1.55","192.168.1.2","TCP","1514","8004  >  36926 [ACK] Seq=211598 Ack=144 Win=65024 Len=1448 TSval=2916042305 TSecr=3045562078 [TCP segment of a reassembled PDU]"
"67158","38.224349907","192.168.1.55","192.168.1.2","TCP","1514","8004  >  36926 [ACK] Seq=213046 Ack=144 Win=65024 Len=1448 TSval=2916042305 TSecr=3045562078 [TCP segment of a reassembled PDU]"
"67159","38.224350852","192.168.1.55","192.168.1.2","TCP","1514","8004  >  36926 [ACK] Seq=214494 Ack=144 Win=65024 Len=1448 TSval=2916042305 TSecr=3045562078 [TCP segment of a reassembled PDU]"
"67160","38.224351815","192.168.1.55","192.168.1.2","TCP","1514","8004  >  36926 [ACK] Seq=215942 Ack=144 Win=65024 Len=1448 TSval=2916042305 TSecr=3045562078 [TCP segment of a reassembled PDU]"
"67161","38.224352833","192.168.1.55","192.168.1.2","TCP","1514","8004  >  36926 [ACK] Seq=217390 Ack=144 Win=65024 Len=1448 TSval=2916042305 TSecr=3045562078 [TCP segment of a reassembled PDU]"
"67162","38.224354167","192.168.1.55","192.168.1.2","TCP","1514","8004  >  36926 [ACK] Seq=218838 Ack=144 Win=65024 Len=1448 TSval=2916042305 TSecr=3045562078 [TCP segment of a reassembled PDU]"
"67163","38.224355111","192.168.1.55","192.168.1.2","TCP","1514","8004  >  36926 [ACK] Seq=220286 Ack=144 Win=65024 Len=1448 TSval=2916042305 TSecr=3045562078 [TCP segment of a reassembled PDU]"
"67164","38.224356148","192.168.1.55","192.168.1.2","TCP","1514","8004  >  36926 [ACK] Seq=221734 Ack=144 Win=65024 Len=1448 TSval=2916042305 TSecr=3045562078 [TCP segment of a reassembled PDU]"
"67165","38.224357241","192.168.1.55","192.168.1.2","TCP","1514","8004  >  36926 [ACK] Seq=223182 Ack=144 Win=65024 Len=1448 TSval=2916042305 TSecr=3045562078 [TCP segment of a reassembled PDU]"
"67166","38.224358296","192.168.1.55","192.168.1.2","TCP","1514","8004  >  36926 [ACK] Seq=224630 Ack=144 Win=65024 Len=1448 TSval=2916042305 TSecr=3045562078 [TCP segment of a reassembled PDU]"
"67167","38.224359222","192.168.1.55","192.168.1.2","TCP","1514","8004  >  36926 [ACK] Seq=226078 Ack=144 Win=65024 Len=1448 TSval=2916042305 TSecr=3045562078 [TCP segment of a reassembled PDU]"
"67168","38.224360167","192.168.1.55","192.168.1.2","TCP","1514","8004  >  36926 [ACK] Seq=227526 Ack=144 Win=65024 Len=1448 TSval=2916042305 TSecr=3045562078 [TCP segment of a reassembled PDU]"
"67169","38.224361130","192.168.1.55","192.168.1.2","TCP","1514","8004  >  36926 [ACK] Seq=228974 Ack=144 Win=65024 Len=1448 TSval=2916042305 TSecr=3045562078 [TCP segment of a reassembled PDU]"
"67170","38.224362352","192.168.1.55","192.168.1.2","TCP","1514","8004  >  36926 [ACK] Seq=230422 Ack=144 Win=65024 Len=1448 TSval=2916042305 TSecr=3045562078 [TCP segment of a reassembled PDU]"
"67171","38.224363296","192.168.1.55","192.168.1.2","TCP","1514","8004  >  36926 [ACK] Seq=231870 Ack=144 Win=65024 Len=1448 TSval=2916042305 TSecr=3045562078 [TCP segment of a reassembled PDU]"
"67172","38.224364370","192.168.1.55","192.168.1.2","TCP","1514","8004  >  36926 [ACK] Seq=233318 Ack=144 Win=65024 Len=1448 TSval=2916042305 TSecr=3045562078 [TCP segment of a reassembled PDU]"
"67173","38.224365389","192.168.1.55","192.168.1.2","TCP","1514","8004  >  36926 [ACK] Seq=234766 Ack=144 Win=65024 Len=1448 TSval=2916042305 TSecr=3045562078 [TCP segment of a reassembled PDU]"
"67174","38.224366315","192.168.1.55","192.168.1.2","TCP","1514","8004  >  36926 [ACK] Seq=236214 Ack=144 Win=65024 Len=1448 TSval=2916042305 TSecr=3045562078 [TCP segment of a reassembled PDU]"
"67175","38.224367370","192.168.1.55","192.168.1.2","TCP","1514","8004  >  36926 [ACK] Seq=237662 Ack=144 Win=65024 Len=1448 TSval=2916042305 TSecr=3045562078 [TCP segment of a reassembled PDU]"
"67176","38.224369130","192.168.1.55","192.168.1.2","TCP","1514","8004  >  36926 [ACK] Seq=239110 Ack=144 Win=65024 Len=1448 TSval=2916042305 TSecr=3045562078 [TCP segment of a reassembled PDU]"
"67177","38.224370056","192.168.1.55","192.168.1.2","TCP","1514","8004  >  36926 [ACK] Seq=240558 Ack=144 Win=65024 Len=1448 TSval=2916042305 TSecr=3045562078 [TCP segment of a reassembled PDU]"
"67178","38.224371037","192.168.1.55","192.168.1.2","TCP","1514","8004  >  36926 [ACK] Seq=242006 Ack=144 Win=65024 Len=1448 TSval=2916042305 TSecr=3045562078 [TCP segment of a reassembled PDU]"
"67179","38.224372204","192.168.1.55","192.168.1.2","TCP","1514","8004  >  36926 [ACK] Seq=243454 Ack=144 Win=65024 Len=1448 TSval=2916042305 TSecr=3045562078 [TCP segment of a reassembled PDU]"
"67180","38.224373167","192.168.1.55","192.168.1.2","TCP","1514","8004  >  36926 [PSH, ACK] Seq=244902 Ack=144 Win=65024 Len=1448 TSval=2916042305 TSecr=3045562078 [TCP segment of a reassembled PDU]"
"67181","38.230187158","192.168.1.2","192.168.1.55","TCP","66","36926  >  8004 [ACK] Seq=144 Ack=188430 Win=70656 Len=0 TSval=3045562081 TSecr=2916042302"
"67182","38.230223065","192.168.1.55","192.168.1.2","TCP","1514","8004  >  36926 [ACK] Seq=246350 Ack=144 Win=65024 Len=1448 TSval=2916042310 TSecr=3045562081 [TCP segment of a reassembled PDU]"
"67183","38.230227232","192.168.1.55","192.168.1.2","TCP","1514","8004  >  36926 [ACK] Seq=247798 Ack=144 Win=65024 Len=1448 TSval=2916042310 TSecr=3045562081 [TCP segment of a reassembled PDU]"
"67184","38.230228324","192.168.1.55","192.168.1.2","TCP","1514","8004  >  36926 [ACK] Seq=249246 Ack=144 Win=65024 Len=1448 TSval=2916042310 TSecr=3045562081 [TCP segment of a reassembled PDU]"
"67185","38.230229343","192.168.1.55","192.168.1.2","TCP","1514","8004  >  36926 [ACK] Seq=250694 Ack=144 Win=65024 Len=1448 TSval=2916042310 TSecr=3045562081 [TCP segment of a reassembled PDU]"
"67186","38.230230361","192.168.1.55","192.168.1.2","TCP","1514","8004  >  36926 [ACK] Seq=252142 Ack=144 Win=65024 Len=1448 TSval=2916042310 TSecr=3045562081 [TCP segment of a reassembled PDU]"
"67187","38.230231306","192.168.1.55","192.168.1.2","TCP","1514","8004  >  36926 [ACK] Seq=253590 Ack=144 Win=65024 Len=1448 TSval=2916042310 TSecr=3045562081 [TCP segment of a reassembled PDU]"
"67188","38.230232806","192.168.1.55","192.168.1.2","TCP","1514","8004  >  36926 [PSH, ACK] Seq=255038 Ack=144 Win=65024 Len=1448 TSval=2916042310 TSecr=3045562081 [TCP segment of a reassembled PDU]"
"67189","38.232130494","192.168.1.2","192.168.1.55","TCP","66","36926  >  8004 [ACK] Seq=144 Ack=192774 Win=66560 Len=0 TSval=3045562081 TSecr=2916042302"
"67190","38.232147439","192.168.1.55","192.168.1.2","TCP","1514","8004  >  36926 [ACK] Seq=256486 Ack=144 Win=65024 Len=1448 TSval=2916042312 TSecr=3045562081 [TCP segment of a reassembled PDU]"
"67191","38.232149587","192.168.1.55","192.168.1.2","TCP","1466","[TCP Window Full] 8004  >  36926 [PSH, ACK] Seq=257934 Ack=144 Win=65024 Len=1400 TSval=2916042312 TSecr=3045562081 [TCP segment of a reassembled PDU]"
"67192","38.232327791","192.168.1.2","192.168.1.55","TCP","66","36926  >  8004 [ACK] Seq=144 Ack=210150 Win=76800 Len=0 TSval=3045562084 TSecr=2916042304"
"67193","38.232361457","192.168.1.55","192.168.1.2","TCP","1514","8004  >  36926 [ACK] Seq=259334 Ack=144 Win=65024 Len=1448 TSval=2916042313 TSecr=3045562084 [TCP segment of a reassembled PDU]"
"67194","38.232363958","192.168.1.55","192.168.1.2","TCP","1514","8004  >  36926 [ACK] Seq=260782 Ack=144 Win=65024 Len=1448 TSval=2916042313 TSecr=3045562084 [TCP segment of a reassembled PDU]"
"67195","38.232364958","192.168.1.55","192.168.1.2","TCP","1514","8004  >  36926 [ACK] Seq=262230 Ack=144 Win=65024 Len=1448 TSval=2916042313 TSecr=3045562084 [TCP segment of a reassembled PDU]"
"67196","38.232366124","192.168.1.55","192.168.1.2","TCP","1514","8004  >  36926 [ACK] Seq=263678 Ack=144 Win=65024 Len=1448 TSval=2916042313 TSecr=3045562084 [TCP segment of a reassembled PDU]"
"67197","38.232367013","192.168.1.55","192.168.1.2","TCP","1514","8004  >  36926 [ACK] Seq=265126 Ack=144 Win=65024 Len=1448 TSval=2916042313 TSecr=3045562084 [TCP segment of a reassembled PDU]"
"67198","38.232368032","192.168.1.55","192.168.1.2","TCP","1514","8004  >  36926 [ACK] Seq=266574 Ack=144 Win=65024 Len=1448 TSval=2916042313 TSecr=3045562084 [TCP segment of a reassembled PDU]"
"67199","38.232369180","192.168.1.55","192.168.1.2","TCP","1514","8004  >  36926 [ACK] Seq=268022 Ack=144 Win=65024 Len=1448 TSval=2916042313 TSecr=3045562084 [TCP segment of a reassembled PDU]"
"67200","38.232370124","192.168.1.55","192.168.1.2","TCP","1514","8004  >  36926 [ACK] Seq=269470 Ack=144 Win=65024 Len=1448 TSval=2916042313 TSecr=3045562084 [TCP segment of a reassembled PDU]"
"67201","38.232371198","192.168.1.55","192.168.1.2","TCP","1514","8004  >  36926 [ACK] Seq=270918 Ack=144 Win=65024 Len=1448 TSval=2916042313 TSecr=3045562084 [TCP segment of a reassembled PDU]"
"67202","38.232372235","192.168.1.55","192.168.1.2","TCP","1514","8004  >  36926 [ACK] Seq=272366 Ack=144 Win=65024 Len=1448 TSval=2916042313 TSecr=3045562084 [TCP segment of a reassembled PDU]"
"67203","38.232373254","192.168.1.55","192.168.1.2","TCP","1514","8004  >  36926 [ACK] Seq=273814 Ack=144 Win=65024 Len=1448 TSval=2916042313 TSecr=3045562084 [TCP segment of a reassembled PDU]"
"67204","38.232374217","192.168.1.55","192.168.1.2","TCP","1514","8004  >  36926 [ACK] Seq=275262 Ack=144 Win=65024 Len=1448 TSval=2916042313 TSecr=3045562084 [TCP segment of a reassembled PDU]"
"67205","38.232375346","192.168.1.55","192.168.1.2","TCP","1514","8004  >  36926 [ACK] Seq=276710 Ack=144 Win=65024 Len=1448 TSval=2916042313 TSecr=3045562084 [TCP segment of a reassembled PDU]"
"67206","38.232376346","192.168.1.55","192.168.1.2","TCP","1514","8004  >  36926 [ACK] Seq=278158 Ack=144 Win=65024 Len=1448 TSval=2916042313 TSecr=3045562084 [TCP segment of a reassembled PDU]"
"67207","38.232377495","192.168.1.55","192.168.1.2","TCP","1514","8004  >  36926 [ACK] Seq=279606 Ack=144 Win=65024 Len=1448 TSval=2916042313 TSecr=3045562084 [TCP segment of a reassembled PDU]"
"67208","38.232378439","192.168.1.55","192.168.1.2","TCP","1514","8004  >  36926 [ACK] Seq=281054 Ack=144 Win=65024 Len=1448 TSval=2916042313 TSecr=3045562084 [TCP segment of a reassembled PDU]"
"67209","38.232379532","192.168.1.55","192.168.1.2","TCP","1514","8004  >  36926 [ACK] Seq=282502 Ack=144 Win=65024 Len=1448 TSval=2916042313 TSecr=3045562084 [TCP segment of a reassembled PDU]"
"67210","38.232380846","192.168.1.55","192.168.1.2","TCP","1514","8004  >  36926 [ACK] Seq=283950 Ack=144 Win=65024 Len=1448 TSval=2916042313 TSecr=3045562084 [TCP segment of a reassembled PDU]"
"67211","38.232381846","192.168.1.55","192.168.1.2","TCP","1514","8004  >  36926 [PSH, ACK] Seq=285398 Ack=144 Win=65024 Len=1448 TSval=2916042313 TSecr=3045562084 [TCP segment of a reassembled PDU]"
"67212","38.232386661","192.168.1.2","192.168.1.55","TCP","66","36926  >  8004 [ACK] Seq=144 Ack=243454 Win=44032 Len=0 TSval=3045562085 TSecr=2916042305"
"67213","38.232392791","192.168.1.2","192.168.1.55","TCP","66","36926  >  8004 [ACK] Seq=144 Ack=246350 Win=41984 Len=0 TSval=3045562085 TSecr=2916042305"
"67214","38.232401902","192.168.1.55","192.168.1.2","TCP","1514","8004  >  36926 [ACK] Seq=286846 Ack=144 Win=65024 Len=1448 TSval=2916042313 TSecr=3045562085 [TCP segment of a reassembled PDU]"
"67215","38.232404902","192.168.1.2","192.168.1.55","TCP","66","[TCP Window Update] 36926  >  8004 [ACK] Seq=144 Ack=246350 Win=93184 Len=0 TSval=3045562085 TSecr=2916042305"
"67216","38.232420513","192.168.1.55","192.168.1.2","TCP","1514","8004  >  36926 [ACK] Seq=288294 Ack=144 Win=65024 Len=1448 TSval=2916042313 TSecr=3045562085 [TCP segment of a reassembled PDU]"
"67217","38.232422198","192.168.1.55","192.168.1.2","TCP","1514","8004  >  36926 [ACK] Seq=289742 Ack=144 Win=65024 Len=1448 TSval=2916042313 TSecr=3045562085 [TCP segment of a reassembled PDU]"
"67218","38.232423124","192.168.1.55","192.168.1.2","TCP","1514","8004  >  36926 [ACK] Seq=291190 Ack=144 Win=65024 Len=1448 TSval=2916042313 TSecr=3045562085 [TCP segment of a reassembled PDU]"
"67219","38.232424235","192.168.1.55","192.168.1.2","TCP","1514","8004  >  36926 [ACK] Seq=292638 Ack=144 Win=65024 Len=1448 TSval=2916042313 TSecr=3045562085 [TCP segment of a reassembled PDU]"
"67220","38.232425532","192.168.1.55","192.168.1.2","TCP","1514","8004  >  36926 [ACK] Seq=294086 Ack=144 Win=65024 Len=1448 TSval=2916042313 TSecr=3045562085 [TCP segment of a reassembled PDU]"
"67221","38.232427476","192.168.1.55","192.168.1.2","TCP","1514","8004  >  36926 [ACK] Seq=295534 Ack=144 Win=65024 Len=1448 TSval=2916042313 TSecr=3045562085 [TCP segment of a reassembled PDU]"
"67222","38.232428495","192.168.1.55","192.168.1.2","TCP","1514","8004  >  36926 [ACK] Seq=296982 Ack=144 Win=65024 Len=1448 TSval=2916042313 TSecr=3045562085 [TCP segment of a reassembled PDU]"
"67223","38.232429384","192.168.1.55","192.168.1.2","TCP","1514","8004  >  36926 [ACK] Seq=298430 Ack=144 Win=65024 Len=1448 TSval=2916042313 TSecr=3045562085 [TCP segment of a reassembled PDU]"
"67224","38.232430346","192.168.1.55","192.168.1.2","TCP","1514","8004  >  36926 [ACK] Seq=299878 Ack=144 Win=65024 Len=1448 TSval=2916042313 TSecr=3045562085 [TCP segment of a reassembled PDU]"
"67225","38.232431476","192.168.1.55","192.168.1.2","TCP","1514","8004  >  36926 [PSH, ACK] Seq=301326 Ack=144 Win=65024 Len=1448 TSval=2916042313 TSecr=3045562085 [TCP segment of a reassembled PDU]"
"67226","38.232435161","192.168.1.55","192.168.1.2","TCP","114","8004  >  36926 [ACK] Seq=302774 Ack=144 Win=65024 Len=48 TSval=2916042313 TSecr=3045562085 [TCP segment of a reassembled PDU]"
"67227","38.232465976","192.168.1.55","192.168.1.2","TCP","1514","8004  >  36926 [ACK] Seq=302822 Ack=144 Win=65024 Len=1448 TSval=2916042313 TSecr=3045562085 [TCP segment of a reassembled PDU]"
"67228","38.232468032","192.168.1.55","192.168.1.2","TCP","1514","8004  >  36926 [ACK] Seq=304270 Ack=144 Win=65024 Len=1448 TSval=2916042313 TSecr=3045562085 [TCP segment of a reassembled PDU]"
"67229","38.232469217","192.168.1.55","192.168.1.2","TCP","1514","8004  >  36926 [ACK] Seq=305718 Ack=144 Win=65024 Len=1448 TSval=2916042313 TSecr=3045562085 [TCP segment of a reassembled PDU]"
"67230","38.232470347","192.168.1.55","192.168.1.2","TCP","1514","8004  >  36926 [ACK] Seq=307166 Ack=144 Win=65024 Len=1448 TSval=2916042313 TSecr=3045562085 [TCP segment of a reassembled PDU]"
"67231","38.232471384","192.168.1.55","192.168.1.2","TCP","1514","8004  >  36926 [ACK] Seq=308614 Ack=144 Win=65024 Len=1448 TSval=2916042313 TSecr=3045562085 [TCP segment of a reassembled PDU]"
"67232","38.232472550","192.168.1.55","192.168.1.2","TCP","1514","8004  >  36926 [ACK] Seq=310062 Ack=144 Win=65024 Len=1448 TSval=2916042313 TSecr=3045562085 [TCP segment of a reassembled PDU]"
"67233","38.232473624","192.168.1.55","192.168.1.2","TCP","1514","8004  >  36926 [ACK] Seq=311510 Ack=144 Win=65024 Len=1448 TSval=2916042313 TSecr=3045562085 [TCP segment of a reassembled PDU]"
"67234","38.232474810","192.168.1.55","192.168.1.2","TCP","1514","8004  >  36926 [ACK] Seq=312958 Ack=144 Win=65024 Len=1448 TSval=2916042313 TSecr=3045562085 [TCP segment of a reassembled PDU]"
"67235","38.232475958","192.168.1.55","192.168.1.2","TCP","1514","8004  >  36926 [ACK] Seq=314406 Ack=144 Win=65024 Len=1448 TSval=2916042313 TSecr=3045562085 [TCP segment of a reassembled PDU]"
"67236","38.232477050","192.168.1.55","192.168.1.2","TCP","1514","8004  >  36926 [ACK] Seq=315854 Ack=144 Win=65024 Len=1448 TSval=2916042313 TSecr=3045562085 [TCP segment of a reassembled PDU]"
"67237","38.232478180","192.168.1.55","192.168.1.2","TCP","1514","8004  >  36926 [ACK] Seq=317302 Ack=144 Win=65024 Len=1448 TSval=2916042313 TSecr=3045562085 [TCP segment of a reassembled PDU]"
"67238","38.232479291","192.168.1.55","192.168.1.2","TCP","1514","8004  >  36926 [ACK] Seq=318750 Ack=144 Win=65024 Len=1448 TSval=2916042313 TSecr=3045562085 [TCP segment of a reassembled PDU]"
"67239","38.232480458","192.168.1.55","192.168.1.2","TCP","1514","8004  >  36926 [ACK] Seq=320198 Ack=144 Win=65024 Len=1448 TSval=2916042313 TSecr=3045562085 [TCP segment of a reassembled PDU]"
"67240","38.232481698","192.168.1.55","192.168.1.2","TCP","1514","8004  >  36926 [ACK] Seq=321646 Ack=144 Win=65024 Len=1448 TSval=2916042313 TSecr=3045562085 [TCP segment of a reassembled PDU]"
"67241","38.232482717","192.168.1.55","192.168.1.2","TCP","1514","8004  >  36926 [ACK] Seq=323094 Ack=144 Win=65024 Len=1448 TSval=2916042313 TSecr=3045562085 [TCP segment of a reassembled PDU]"
"67242","38.232483884","192.168.1.55","192.168.1.2","TCP","1514","8004  >  36926 [ACK] Seq=324542 Ack=144 Win=65024 Len=1448 TSval=2916042313 TSecr=3045562085 [TCP segment of a reassembled PDU]"
"67243","38.232485069","192.168.1.55","192.168.1.2","TCP","1514","8004  >  36926 [ACK] Seq=325990 Ack=144 Win=65024 Len=1448 TSval=2916042313 TSecr=3045562085 [TCP segment of a reassembled PDU]"
"67244","38.232486180","192.168.1.55","192.168.1.2","TCP","1514","8004  >  36926 [ACK] Seq=327438 Ack=144 Win=65024 Len=1448 TSval=2916042313 TSecr=3045562085 [TCP segment of a reassembled PDU]"
"67245","38.232488013","192.168.1.55","192.168.1.2","TCP","1514","8004  >  36926 [ACK] Seq=328886 Ack=144 Win=65024 Len=1448 TSval=2916042313 TSecr=3045562085 [TCP segment of a reassembled PDU]"
"67246","38.232489161","192.168.1.55","192.168.1.2","TCP","1514","8004  >  36926 [ACK] Seq=330334 Ack=144 Win=65024 Len=1448 TSval=2916042313 TSecr=3045562085 [TCP segment of a reassembled PDU]"
"67247","38.232490291","192.168.1.55","192.168.1.2","TCP","1514","8004  >  36926 [ACK] Seq=331782 Ack=144 Win=65024 Len=1448 TSval=2916042313 TSecr=3045562085 [TCP segment of a reassembled PDU]"
"67248","38.232491291","192.168.1.55","192.168.1.2","TCP","1514","8004  >  36926 [ACK] Seq=333230 Ack=144 Win=65024 Len=1448 TSval=2916042313 TSecr=3045562085 [TCP segment of a reassembled PDU]"
"67249","38.232492421","192.168.1.55","192.168.1.2","TCP","1514","8004  >  36926 [ACK] Seq=334678 Ack=144 Win=65024 Len=1448 TSval=2916042313 TSecr=3045562085 [TCP segment of a reassembled PDU]"
"67250","38.232493458","192.168.1.55","192.168.1.2","TCP","1514","8004  >  36926 [ACK] Seq=336126 Ack=144 Win=65024 Len=1448 TSval=2916042313 TSecr=3045562085 [TCP segment of a reassembled PDU]"
"67251","38.232494421","192.168.1.55","192.168.1.2","TCP","1514","8004  >  36926 [PSH, ACK] Seq=337574 Ack=144 Win=65024 Len=1448 TSval=2916042313 TSecr=3045562085 [TCP segment of a reassembled PDU]"
"67252","38.240648526","192.168.1.2","192.168.1.55","TCP","66","36926  >  8004 [ACK] Seq=144 Ack=256486 Win=83968 Len=0 TSval=3045562088 TSecr=2916042310"
"67253","38.241302602","192.168.1.2","192.168.1.55","TCP","66","36926  >  8004 [ACK] Seq=144 Ack=259334 Win=91136 Len=0 TSval=3045562094 TSecr=2916042312"
"67254","38.241358028","192.168.1.55","192.168.1.2","TCP","1514","8004  >  36926 [ACK] Seq=339022 Ack=144 Win=65024 Len=1448 TSval=2916042322 TSecr=3045562094 [TCP segment of a reassembled PDU]"
"67255","38.241366287","192.168.1.55","192.168.1.2","TCP","1514","8004  >  36926 [ACK] Seq=340470 Ack=144 Win=65024 Len=1448 TSval=2916042322 TSecr=3045562094 [TCP segment of a reassembled PDU]"
"67256","38.241367546","192.168.1.55","192.168.1.2","TCP","1514","8004  >  36926 [ACK] Seq=341918 Ack=144 Win=65024 Len=1448 TSval=2916042322 TSecr=3045562094 [TCP segment of a reassembled PDU]"
"67257","38.241368787","192.168.1.55","192.168.1.2","TCP","1514","8004  >  36926 [ACK] Seq=343366 Ack=144 Win=65024 Len=1448 TSval=2916042322 TSecr=3045562094 [TCP segment of a reassembled PDU]"
"67258","38.241370417","192.168.1.55","192.168.1.2","TCP","1514","8004  >  36926 [ACK] Seq=344814 Ack=144 Win=65024 Len=1448 TSval=2916042322 TSecr=3045562094 [TCP segment of a reassembled PDU]"
"67259","38.241371620","192.168.1.55","192.168.1.2","TCP","1514","8004  >  36926 [ACK] Seq=346262 Ack=144 Win=65024 Len=1448 TSval=2916042322 TSecr=3045562094 [TCP segment of a reassembled PDU]"
"67260","38.241373083","192.168.1.55","192.168.1.2","TCP","1514","8004  >  36926 [PSH, ACK] Seq=347710 Ack=144 Win=65024 Len=1448 TSval=2916042322 TSecr=3045562094 [TCP segment of a reassembled PDU]"
"67261","38.241752139","192.168.1.2","192.168.1.55","TCP","66","36926  >  8004 [ACK] Seq=144 Ack=292638 Win=63488 Len=0 TSval=3045562094 TSecr=2916042313"
"67262","38.241768547","192.168.1.2","192.168.1.55","TCP","66","36926  >  8004 [ACK] Seq=144 Ack=302774 Win=86016 Len=0 TSval=3045562095 TSecr=2916042313"
"67263","38.241820973","192.168.1.55","192.168.1.2","TCP","1514","8004  >  36926 [ACK] Seq=349158 Ack=144 Win=65024 Len=1448 TSval=2916042322 TSecr=3045562095 [TCP segment of a reassembled PDU]"
"67264","38.241825695","192.168.1.55","192.168.1.2","TCP","1514","8004  >  36926 [ACK] Seq=350606 Ack=144 Win=65024 Len=1448 TSval=2916042322 TSecr=3045562095 [TCP segment of a reassembled PDU]"
"67265","38.241827195","192.168.1.55","192.168.1.2","TCP","1514","8004  >  36926 [ACK] Seq=352054 Ack=144 Win=65024 Len=1448 TSval=2916042322 TSecr=3045562095 [TCP segment of a reassembled PDU]"
"67266","38.241828140","192.168.1.55","192.168.1.2","TCP","1514","8004  >  36926 [ACK] Seq=353502 Ack=144 Win=65024 Len=1448 TSval=2916042322 TSecr=3045562095 [TCP segment of a reassembled PDU]"
"67267","38.241829140","192.168.1.55","192.168.1.2","TCP","1514","8004  >  36926 [ACK] Seq=354950 Ack=144 Win=65024 Len=1448 TSval=2916042322 TSecr=3045562095 [TCP segment of a reassembled PDU]"
"67268","38.241830325","192.168.1.55","192.168.1.2","TCP","1514","8004  >  36926 [ACK] Seq=356398 Ack=144 Win=65024 Len=1448 TSval=2916042322 TSecr=3045562095 [TCP segment of a reassembled PDU]"
"67269","38.241831306","192.168.1.55","192.168.1.2","TCP","1514","8004  >  36926 [ACK] Seq=357846 Ack=144 Win=65024 Len=1448 TSval=2916042322 TSecr=3045562095 [TCP segment of a reassembled PDU]"
"67270","38.241832714","192.168.1.55","192.168.1.2","TCP","1514","8004  >  36926 [ACK] Seq=359294 Ack=144 Win=65024 Len=1448 TSval=2916042322 TSecr=3045562095 [TCP segment of a reassembled PDU]"
"67271","38.241834140","192.168.1.55","192.168.1.2","TCP","1514","8004  >  36926 [ACK] Seq=360742 Ack=144 Win=65024 Len=1448 TSval=2916042322 TSecr=3045562095 [TCP segment of a reassembled PDU]"
"67272","38.241836732","192.168.1.55","192.168.1.2","TCP","1514","8004  >  36926 [ACK] Seq=362190 Ack=144 Win=65024 Len=1448 TSval=2916042322 TSecr=3045562095 [TCP segment of a reassembled PDU]"
"67273","38.241838306","192.168.1.55","192.168.1.2","TCP","1514","8004  >  36926 [ACK] Seq=363638 Ack=144 Win=65024 Len=1448 TSval=2916042322 TSecr=3045562095 [TCP segment of a reassembled PDU]"
"67274","38.241839288","192.168.1.55","192.168.1.2","TCP","1514","8004  >  36926 [ACK] Seq=365086 Ack=144 Win=65024 Len=1448 TSval=2916042322 TSecr=3045562095 [TCP segment of a reassembled PDU]"
"67275","38.241840362","192.168.1.55","192.168.1.2","TCP","1514","8004  >  36926 [ACK] Seq=366534 Ack=144 Win=65024 Len=1448 TSval=2916042322 TSecr=3045562095 [TCP segment of a reassembled PDU]"
"67276","38.241841454","192.168.1.55","192.168.1.2","TCP","1514","8004  >  36926 [ACK] Seq=367982 Ack=144 Win=65024 Len=1448 TSval=2916042322 TSecr=3045562095 [TCP segment of a reassembled PDU]"
"67277","38.241842436","192.168.1.55","192.168.1.2","TCP","1514","8004  >  36926 [ACK] Seq=369430 Ack=144 Win=65024 Len=1448 TSval=2916042322 TSecr=3045562095 [TCP segment of a reassembled PDU]"
"67278","38.241843695","192.168.1.55","192.168.1.2","TCP","1514","8004  >  36926 [ACK] Seq=370878 Ack=144 Win=65024 Len=1448 TSval=2916042322 TSecr=3045562095 [TCP segment of a reassembled PDU]"
"67279","38.241844621","192.168.1.55","192.168.1.2","TCP","1514","8004  >  36926 [ACK] Seq=372326 Ack=144 Win=65024 Len=1448 TSval=2916042322 TSecr=3045562095 [TCP segment of a reassembled PDU]"
"67280","38.241847047","192.168.1.55","192.168.1.2","TCP","1514","8004  >  36926 [ACK] Seq=373774 Ack=144 Win=65024 Len=1448 TSval=2916042322 TSecr=3045562095 [TCP segment of a reassembled PDU]"
"67281","38.241849121","192.168.1.55","192.168.1.2","TCP","1514","8004  >  36926 [ACK] Seq=375222 Ack=144 Win=65024 Len=1448 TSval=2916042322 TSecr=3045562095 [TCP segment of a reassembled PDU]"
"67282","38.241850806","192.168.1.55","192.168.1.2","TCP","1514","8004  >  36926 [ACK] Seq=376670 Ack=144 Win=65024 Len=1448 TSval=2916042322 TSecr=3045562095 [TCP segment of a reassembled PDU]"
"67283","38.241851788","192.168.1.55","192.168.1.2","TCP","1514","8004  >  36926 [ACK] Seq=378118 Ack=144 Win=65024 Len=1448 TSval=2916042322 TSecr=3045562095 [TCP segment of a reassembled PDU]"
"67284","38.241852695","192.168.1.55","192.168.1.2","TCP","1514","8004  >  36926 [ACK] Seq=379566 Ack=144 Win=65024 Len=1448 TSval=2916042322 TSecr=3045562095 [TCP segment of a reassembled PDU]"
"67285","38.241853880","192.168.1.55","192.168.1.2","TCP","1514","8004  >  36926 [ACK] Seq=381014 Ack=144 Win=65024 Len=1448 TSval=2916042322 TSecr=3045562095 [TCP segment of a reassembled PDU]"
"67286","38.241855140","192.168.1.55","192.168.1.2","TCP","1514","8004  >  36926 [ACK] Seq=382462 Ack=144 Win=65024 Len=1448 TSval=2916042322 TSecr=3045562095 [TCP segment of a reassembled PDU]"
"67287","38.241856658","192.168.1.55","192.168.1.2","TCP","1514","8004  >  36926 [ACK] Seq=383910 Ack=144 Win=65024 Len=1448 TSval=2916042322 TSecr=3045562095 [TCP segment of a reassembled PDU]"
"67288","38.241859103","192.168.1.55","192.168.1.2","TCP","1514","8004  >  36926 [ACK] Seq=385358 Ack=144 Win=65024 Len=1448 TSval=2916042322 TSecr=3045562095 [TCP segment of a reassembled PDU]"
"67289","38.241860751","192.168.1.55","192.168.1.2","TCP","1514","8004  >  36926 [PSH, ACK] Seq=386806 Ack=144 Win=65024 Len=1448 TSval=2916042322 TSecr=3045562095 [TCP segment of a reassembled PDU]"
"67290","38.241864880","192.168.1.2","192.168.1.55","TCP","66","36926  >  8004 [ACK] Seq=144 Ack=304270 Win=84992 Len=0 TSval=3045562095 TSecr=2916042313"
"67291","38.241873343","192.168.1.2","192.168.1.55","TCP","66","36926  >  8004 [ACK] Seq=144 Ack=331782 Win=66560 Len=0 TSval=3045562096 TSecr=2916042313"
"67292","38.241892251","192.168.1.55","192.168.1.2","TCP","1514","8004  >  36926 [ACK] Seq=388254 Ack=144 Win=65024 Len=1448 TSval=2916042322 TSecr=3045562096 [TCP segment of a reassembled PDU]"
"67293","38.241894714","192.168.1.55","192.168.1.2","TCP","1514","8004  >  36926 [ACK] Seq=389702 Ack=144 Win=65024 Len=1448 TSval=2916042322 TSecr=3045562096 [TCP segment of a reassembled PDU]"
"67294","38.241896084","192.168.1.55","192.168.1.2","TCP","1514","8004  >  36926 [ACK] Seq=391150 Ack=144 Win=65024 Len=1448 TSval=2916042322 TSecr=3045562096 [TCP segment of a reassembled PDU]"
"67295","38.241897529","192.168.1.55","192.168.1.2","TCP","1514","8004  >  36926 [ACK] Seq=392598 Ack=144 Win=65024 Len=1448 TSval=2916042322 TSecr=3045562096 [TCP segment of a reassembled PDU]"
"67296","38.241898510","192.168.1.55","192.168.1.2","TCP","1514","8004  >  36926 [PSH, ACK] Seq=394046 Ack=144 Win=65024 Len=1448 TSval=2916042322 TSecr=3045562096 [TCP segment of a reassembled PDU]"
"67297","38.243103882","192.168.1.2","192.168.1.55","TCP","66","36926  >  8004 [ACK] Seq=144 Ack=339022 Win=86016 Len=0 TSval=3045562097 TSecr=2916042313"
"67298","38.243139716","192.168.1.55","192.168.1.2","TCP","1514","8004  >  36926 [ACK] Seq=395494 Ack=144 Win=65024 Len=1448 TSval=2916042323 TSecr=3045562097 [TCP segment of a reassembled PDU]"
"67299","38.243142308","192.168.1.55","192.168.1.2","TCP","1514","8004  >  36926 [ACK] Seq=396942 Ack=144 Win=65024 Len=1448 TSval=2916042323 TSecr=3045562097 [TCP segment of a reassembled PDU]"
"67300","38.243143234","192.168.1.55","192.168.1.2","TCP","1514","8004  >  36926 [ACK] Seq=398390 Ack=144 Win=65024 Len=1448 TSval=2916042323 TSecr=3045562097 [TCP segment of a reassembled PDU]"
"67301","38.243144253","192.168.1.55","192.168.1.2","TCP","1514","8004  >  36926 [ACK] Seq=399838 Ack=144 Win=65024 Len=1448 TSval=2916042323 TSecr=3045562097 [TCP segment of a reassembled PDU]"
"67302","38.243145253","192.168.1.55","192.168.1.2","TCP","1514","8004  >  36926 [ACK] Seq=401286 Ack=144 Win=65024 Len=1448 TSval=2916042323 TSecr=3045562097 [TCP segment of a reassembled PDU]"
"67303","38.243146475","192.168.1.55","192.168.1.2","TCP","1514","8004  >  36926 [ACK] Seq=402734 Ack=144 Win=65024 Len=1448 TSval=2916042323 TSecr=3045562097 [TCP segment of a reassembled PDU]"
"67304","38.243147993","192.168.1.55","192.168.1.2","TCP","1514","8004  >  36926 [ACK] Seq=404182 Ack=144 Win=65024 Len=1448 TSval=2916042323 TSecr=3045562097 [TCP segment of a reassembled PDU]"
"67305","38.243149734","192.168.1.55","192.168.1.2","TCP","1514","8004  >  36926 [ACK] Seq=405630 Ack=144 Win=65024 Len=1448 TSval=2916042323 TSecr=3045562097 [TCP segment of a reassembled PDU]"
"67306","38.243151327","192.168.1.55","192.168.1.2","TCP","1514","8004  >  36926 [ACK] Seq=407078 Ack=144 Win=65024 Len=1448 TSval=2916042323 TSecr=3045562097 [TCP segment of a reassembled PDU]"
"67307","38.243152216","192.168.1.55","192.168.1.2","TCP","1514","8004  >  36926 [ACK] Seq=408526 Ack=144 Win=65024 Len=1448 TSval=2916042323 TSecr=3045562097 [TCP segment of a reassembled PDU]"
"67308","38.243153179","192.168.1.55","192.168.1.2","TCP","1514","8004  >  36926 [ACK] Seq=409974 Ack=144 Win=65024 Len=1448 TSval=2916042323 TSecr=3045562097 [TCP segment of a reassembled PDU]"
"67309","38.243154234","192.168.1.55","192.168.1.2","TCP","1514","8004  >  36926 [ACK] Seq=411422 Ack=144 Win=65024 Len=1448 TSval=2916042323 TSecr=3045562097 [TCP segment of a reassembled PDU]"
"67310","38.243155142","192.168.1.55","192.168.1.2","TCP","1514","8004  >  36926 [ACK] Seq=412870 Ack=144 Win=65024 Len=1448 TSval=2916042323 TSecr=3045562097 [TCP segment of a reassembled PDU]"
"67311","38.243156494","192.168.1.55","192.168.1.2","TCP","1514","8004  >  36926 [ACK] Seq=414318 Ack=144 Win=65024 Len=1448 TSval=2916042323 TSecr=3045562097 [TCP segment of a reassembled PDU]"
"67312","38.243158808","192.168.1.55","192.168.1.2","TCP","1514","8004  >  36926 [ACK] Seq=415766 Ack=144 Win=65024 Len=1448 TSval=2916042323 TSecr=3045562097 [TCP segment of a reassembled PDU]"
"67313","38.243160197","192.168.1.55","192.168.1.2","TCP","1514","8004  >  36926 [ACK] Seq=417214 Ack=144 Win=65024 Len=1448 TSval=2916042323 TSecr=3045562097 [TCP segment of a reassembled PDU]"
"67314","38.243161142","192.168.1.55","192.168.1.2","TCP","1514","8004  >  36926 [ACK] Seq=418662 Ack=144 Win=65024 Len=1448 TSval=2916042323 TSecr=3045562097 [TCP segment of a reassembled PDU]"
"67315","38.243162049","192.168.1.55","192.168.1.2","TCP","1514","8004  >  36926 [ACK] Seq=420110 Ack=144 Win=65024 Len=1448 TSval=2916042323 TSecr=3045562097 [TCP segment of a reassembled PDU]"
"67316","38.243163012","192.168.1.55","192.168.1.2","TCP","1514","8004  >  36926 [ACK] Seq=421558 Ack=144 Win=65024 Len=1448 TSval=2916042323 TSecr=3045562097 [TCP segment of a reassembled PDU]"
"67317","38.243163882","192.168.1.55","192.168.1.2","TCP","1514","8004  >  36926 [ACK] Seq=423006 Ack=144 Win=65024 Len=1448 TSval=2916042323 TSecr=3045562097 [TCP segment of a reassembled PDU]"
"67318","38.243164956","192.168.1.55","192.168.1.2","TCP","650","[TCP Window Full] 8004  >  36926 [PSH, ACK] Seq=424454 Ack=144 Win=65024 Len=584 TSval=2916042323 TSecr=3045562097 [TCP segment of a reassembled PDU]"
"67319","38.247885186","192.168.1.2","192.168.1.55","TCP","66","36926  >  8004 [ACK] Seq=144 Ack=418662 Win=12288 Len=0 TSval=3045562102 TSecr=2916042322"
"67320","38.247937001","192.168.1.55","192.168.1.2","TCP","1514","8004  >  36926 [ACK] Seq=425038 Ack=144 Win=65024 Len=1448 TSval=2916042328 TSecr=3045562102 [TCP segment of a reassembled PDU]"
"67321","38.247939779","192.168.1.55","192.168.1.2","TCP","1514","8004  >  36926 [ACK] Seq=426486 Ack=144 Win=65024 Len=1448 TSval=2916042328 TSecr=3045562102 [TCP segment of a reassembled PDU]"
"67322","38.247941057","192.168.1.55","192.168.1.2","TCP","1514","8004  >  36926 [ACK] Seq=427934 Ack=144 Win=65024 Len=1448 TSval=2916042328 TSecr=3045562102 [TCP segment of a reassembled PDU]"
"67323","38.247942094","192.168.1.55","192.168.1.2","TCP","1514","8004  >  36926 [PSH, ACK] Seq=429382 Ack=144 Win=65024 Len=1448 TSval=2916042328 TSecr=3045562102 [TCP segment of a reassembled PDU]"
"67324","38.248193724","192.168.1.2","192.168.1.55","TCP","66","[TCP Window Update] 36926  >  8004 [ACK] Seq=144 Ack=418662 Win=25600 Len=0 TSval=3045562103 TSecr=2916042322"
"67325","38.248204576","192.168.1.55","192.168.1.2","TCP","1514","8004  >  36926 [ACK] Seq=430830 Ack=144 Win=65024 Len=1448 TSval=2916042328 TSecr=3045562103 [TCP segment of a reassembled PDU]"
"67326","38.248206724","192.168.1.55","192.168.1.2","TCP","1514","8004  >  36926 [ACK] Seq=432278 Ack=144 Win=65024 Len=1448 TSval=2916042328 TSecr=3045562103 [TCP segment of a reassembled PDU]"
"67327","38.248208224","192.168.1.55","192.168.1.2","TCP","1514","8004  >  36926 [ACK] Seq=433726 Ack=144 Win=65024 Len=1448 TSval=2916042328 TSecr=3045562103 [TCP segment of a reassembled PDU]"
"67328","38.248209483","192.168.1.55","192.168.1.2","TCP","1514","8004  >  36926 [ACK] Seq=435174 Ack=144 Win=65024 Len=1448 TSval=2916042328 TSecr=3045562103 [TCP segment of a reassembled PDU]"
"67329","38.248210576","192.168.1.55","192.168.1.2","TCP","1514","8004  >  36926 [ACK] Seq=436622 Ack=144 Win=65024 Len=1448 TSval=2916042328 TSecr=3045562103 [TCP segment of a reassembled PDU]"
"67330","38.248211891","192.168.1.55","192.168.1.2","TCP","1514","8004  >  36926 [ACK] Seq=438070 Ack=144 Win=65024 Len=1448 TSval=2916042328 TSecr=3045562103 [TCP segment of a reassembled PDU]"
"67331","38.248213279","192.168.1.55","192.168.1.2","TCP","1514","8004  >  36926 [PSH, ACK] Seq=439518 Ack=144 Win=65024 Len=1448 TSval=2916042328 TSecr=3045562103 [TCP segment of a reassembled PDU]"
"67332","38.248220798","192.168.1.55","192.168.1.2","TCP","930","8004  >  36926 [PSH, ACK] Seq=440966 Ack=144 Win=65024 Len=864 TSval=2916042328 TSecr=3045562103 [TCP segment of a reassembled PDU]"
"67333","38.248224002","192.168.1.2","192.168.1.55","TCP","66","[TCP Window Update] 36926  >  8004 [ACK] Seq=144 Ack=418662 Win=64512 Len=0 TSval=3045562103 TSecr=2916042322"
"67334","38.248259428","192.168.1.55","192.168.1.2","TCP","1514","8004  >  36926 [ACK] Seq=441830 Ack=144 Win=65024 Len=1448 TSval=2916042328 TSecr=3045562103 [TCP segment of a reassembled PDU]"
"67335","38.248261076","192.168.1.55","192.168.1.2","TCP","1514","8004  >  36926 [ACK] Seq=443278 Ack=144 Win=65024 Len=1448 TSval=2916042328 TSecr=3045562103 [TCP segment of a reassembled PDU]"
"67336","38.248262428","192.168.1.55","192.168.1.2","TCP","1514","8004  >  36926 [ACK] Seq=444726 Ack=144 Win=65024 Len=1448 TSval=2916042328 TSecr=3045562103 [TCP segment of a reassembled PDU]"
"67337","38.248264020","192.168.1.55","192.168.1.2","TCP","1514","8004  >  36926 [ACK] Seq=446174 Ack=144 Win=65024 Len=1448 TSval=2916042328 TSecr=3045562103 [TCP segment of a reassembled PDU]"
"67338","38.248265613","192.168.1.55","192.168.1.2","TCP","1514","8004  >  36926 [ACK] Seq=447622 Ack=144 Win=65024 Len=1448 TSval=2916042328 TSecr=3045562103 [TCP segment of a reassembled PDU]"
"67339","38.248266613","192.168.1.55","192.168.1.2","TCP","1514","8004  >  36926 [ACK] Seq=449070 Ack=144 Win=65024 Len=1448 TSval=2916042328 TSecr=3045562103 [TCP segment of a reassembled PDU]"
"67340","38.248268224","192.168.1.55","192.168.1.2","TCP","1514","8004  >  36926 [ACK] Seq=450518 Ack=144 Win=65024 Len=1448 TSval=2916042328 TSecr=3045562103 [TCP segment of a reassembled PDU]"
"67341","38.248269243","192.168.1.55","192.168.1.2","TCP","1514","8004  >  36926 [ACK] Seq=451966 Ack=144 Win=65024 Len=1448 TSval=2916042328 TSecr=3045562103 [TCP segment of a reassembled PDU]"
"67342","38.248270465","192.168.1.55","192.168.1.2","TCP","1514","8004  >  36926 [ACK] Seq=453414 Ack=144 Win=65024 Len=1448 TSval=2916042328 TSecr=3045562103 [TCP segment of a reassembled PDU]"
"67343","38.248271724","192.168.1.55","192.168.1.2","TCP","1514","8004  >  36926 [ACK] Seq=454862 Ack=144 Win=65024 Len=1448 TSval=2916042328 TSecr=3045562103 [TCP segment of a reassembled PDU]"
"67344","38.248273113","192.168.1.55","192.168.1.2","TCP","1514","8004  >  36926 [ACK] Seq=456310 Ack=144 Win=65024 Len=1448 TSval=2916042328 TSecr=3045562103 [TCP segment of a reassembled PDU]"
"67345","38.248274280","192.168.1.55","192.168.1.2","TCP","1514","8004  >  36926 [ACK] Seq=457758 Ack=144 Win=65024 Len=1448 TSval=2916042328 TSecr=3045562103 [TCP segment of a reassembled PDU]"
"67346","38.248275520","192.168.1.55","192.168.1.2","TCP","1514","8004  >  36926 [ACK] Seq=459206 Ack=144 Win=65024 Len=1448 TSval=2916042328 TSecr=3045562103 [TCP segment of a reassembled PDU]"
"67347","38.248276761","192.168.1.55","192.168.1.2","TCP","1514","8004  >  36926 [ACK] Seq=460654 Ack=144 Win=65024 Len=1448 TSval=2916042328 TSecr=3045562103 [TCP segment of a reassembled PDU]"
"67348","38.248277761","192.168.1.55","192.168.1.2","TCP","1514","8004  >  36926 [ACK] Seq=462102 Ack=144 Win=65024 Len=1448 TSval=2916042328 TSecr=3045562103 [TCP segment of a reassembled PDU]"
"67349","38.248278743","192.168.1.55","192.168.1.2","TCP","1514","8004  >  36926 [ACK] Seq=463550 Ack=144 Win=65024 Len=1448 TSval=2916042328 TSecr=3045562103 [TCP segment of a reassembled PDU]"
"67350","38.248280743","192.168.1.55","192.168.1.2","TCP","1514","8004  >  36926 [ACK] Seq=464998 Ack=144 Win=65024 Len=1448 TSval=2916042328 TSecr=3045562103 [TCP segment of a reassembled PDU]"
"67351","38.248281724","192.168.1.55","192.168.1.2","TCP","1514","8004  >  36926 [ACK] Seq=466446 Ack=144 Win=65024 Len=1448 TSval=2916042328 TSecr=3045562103 [TCP segment of a reassembled PDU]"
"67352","38.248282854","192.168.1.55","192.168.1.2","TCP","1514","8004  >  36926 [ACK] Seq=467894 Ack=144 Win=65024 Len=1448 TSval=2916042328 TSecr=3045562103 [TCP segment of a reassembled PDU]"
"67353","38.248284150","192.168.1.55","192.168.1.2","TCP","1514","8004  >  36926 [ACK] Seq=469342 Ack=144 Win=65024 Len=1448 TSval=2916042328 TSecr=3045562103 [TCP segment of a reassembled PDU]"
"67354","38.248285428","192.168.1.55","192.168.1.2","TCP","1514","8004  >  36926 [ACK] Seq=470790 Ack=144 Win=65024 Len=1448 TSval=2916042328 TSecr=3045562103 [TCP segment of a reassembled PDU]"
"67355","38.248286631","192.168.1.55","192.168.1.2","TCP","1514","8004  >  36926 [ACK] Seq=472238 Ack=144 Win=65024 Len=1448 TSval=2916042328 TSecr=3045562103 [TCP segment of a reassembled PDU]"
"67356","38.248287854","192.168.1.55","192.168.1.2","TCP","1514","8004  >  36926 [ACK] Seq=473686 Ack=144 Win=65024 Len=1448 TSval=2916042328 TSecr=3045562103 [TCP segment of a reassembled PDU]"
"67357","38.248288928","192.168.1.55","192.168.1.2","TCP","1514","8004  >  36926 [ACK] Seq=475134 Ack=144 Win=65024 Len=1448 TSval=2916042328 TSecr=3045562103 [TCP segment of a reassembled PDU]"
"67358","38.248290539","192.168.1.55","192.168.1.2","TCP","1514","8004  >  36926 [ACK] Seq=476582 Ack=144 Win=65024 Len=1448 TSval=2916042328 TSecr=3045562103 [TCP segment of a reassembled PDU]"
"67359","38.248296743","192.168.1.55","192.168.1.2","TCP","1514","8004  >  36926 [ACK] Seq=478030 Ack=144 Win=65024 Len=1448 TSval=2916042328 TSecr=3045562103 [TCP segment of a reassembled PDU]"
"67360","38.248298650","192.168.1.55","192.168.1.2","TCP","1514","8004  >  36926 [ACK] Seq=479478 Ack=144 Win=65024 Len=1448 TSval=2916042328 TSecr=3045562103 [TCP segment of a reassembled PDU]"
"67361","38.248299687","192.168.1.55","192.168.1.2","TCP","1514","8004  >  36926 [PSH, ACK] Seq=480926 Ack=144 Win=65024 Len=1448 TSval=2916042328 TSecr=3045562103 [TCP segment of a reassembled PDU]"
"67362","38.248304224","192.168.1.2","192.168.1.55","TCP","66","36926  >  8004 [ACK] Seq=144 Ack=425038 Win=87040 Len=0 TSval=3045562103 TSecr=2916042323"
"67363","38.249475707","192.168.1.55","192.168.1.2","TCP","1514","8004  >  36926 [ACK] Seq=482374 Ack=144 Win=65024 Len=1448 TSval=2916042330 TSecr=3045562103 [TCP segment of a reassembled PDU]"
"67364","38.249478874","192.168.1.55","192.168.1.2","TCP","1514","8004  >  36926 [ACK] Seq=483822 Ack=144 Win=65024 Len=1448 TSval=2916042330 TSecr=3045562103 [TCP segment of a reassembled PDU]"
"67365","38.249480374","192.168.1.55","192.168.1.2","TCP","1514","8004  >  36926 [ACK] Seq=485270 Ack=144 Win=65024 Len=1448 TSval=2916042330 TSecr=3045562103 [TCP segment of a reassembled PDU]"
"67366","38.249482356","192.168.1.55","192.168.1.2","TCP","1514","8004  >  36926 [PSH, ACK] Seq=486718 Ack=144 Win=65024 Len=1448 TSval=2916042330 TSecr=3045562103 [TCP segment of a reassembled PDU]"
"67367","38.249498170","192.168.1.55","192.168.1.2","TCP","1514","8004  >  36926 [ACK] Seq=488166 Ack=144 Win=65024 Len=1448 TSval=2916042330 TSecr=3045562103 [TCP segment of a reassembled PDU]"
"67368","38.249499448","192.168.1.55","192.168.1.2","TCP","1514","8004  >  36926 [ACK] Seq=489614 Ack=144 Win=65024 Len=1448 TSval=2916042330 TSecr=3045562103 [TCP segment of a reassembled PDU]"
"67369","38.249501207","192.168.1.55","192.168.1.2","TCP","1514","8004  >  36926 [ACK] Seq=491062 Ack=144 Win=65024 Len=1448 TSval=2916042330 TSecr=3045562103 [TCP segment of a reassembled PDU]"
"67370","38.249502337","192.168.1.55","192.168.1.2","TCP","1514","8004  >  36926 [ACK] Seq=492510 Ack=144 Win=65024 Len=1448 TSval=2916042330 TSecr=3045562103 [TCP segment of a reassembled PDU]"
"67371","38.249504652","192.168.1.55","192.168.1.2","TCP","1514","8004  >  36926 [ACK] Seq=493958 Ack=144 Win=65024 Len=1448 TSval=2916042330 TSecr=3045562103 [TCP segment of a reassembled PDU]"
"67372","38.249514596","192.168.1.55","192.168.1.2","TCP","1514","8004  >  36926 [ACK] Seq=495406 Ack=144 Win=65024 Len=1448 TSval=2916042330 TSecr=3045562103 [TCP segment of a reassembled PDU]"
"67373","38.249515985","192.168.1.55","192.168.1.2","TCP","1514","8004  >  36926 [PSH, ACK] Seq=496854 Ack=144 Win=65024 Len=1448 TSval=2916042330 TSecr=3045562103 [TCP segment of a reassembled PDU]"
"67374","38.249521837","192.168.1.55","192.168.1.2","HTTP","222","HTTP/1.0 200 OK  (PNG)"
"67375","38.252961935","192.168.1.2","192.168.1.55","TCP","66","36926  >  8004 [ACK] Seq=144 Ack=430830 Win=86016 Len=0 TSval=3045562105 TSecr=2916042328"
"67376","38.253536918","192.168.1.2","192.168.1.55","TCP","66","36926  >  8004 [ACK] Seq=144 Ack=472238 Win=63488 Len=0 TSval=3045562107 TSecr=2916042328"
"67377","38.253598066","192.168.1.2","192.168.1.55","TCP","66","36926  >  8004 [ACK] Seq=144 Ack=482374 Win=94208 Len=0 TSval=3045562109 TSecr=2916042328"
"67378","38.253947604","192.168.1.2","192.168.1.55","TCP","66","36926  >  8004 [ACK] Seq=144 Ack=493958 Win=82944 Len=0 TSval=3045562109 TSecr=2916042330"
"67379","38.255180680","192.168.1.2","192.168.1.55","TCP","66","36926  >  8004 [ACK] Seq=144 Ack=495406 Win=96256 Len=0 TSval=3045562111 TSecr=2916042330"
"67380","38.255291198","192.168.1.2","192.168.1.55","TCP","66","36926  >  8004 [ACK] Seq=144 Ack=498302 Win=102400 Len=0 TSval=3045562111 TSecr=2916042330"
"67381","38.257228498","192.168.1.2","192.168.1.55","TCP","66","36926  >  8004 [FIN, ACK] Seq=144 Ack=498459 Win=105472 Len=0 TSval=3045562112 TSecr=2916042330"
"67382","38.257244572","192.168.1.55","192.168.1.2","TCP","66","8004  >  36926 [ACK] Seq=498459 Ack=145 Win=65024 Len=0 TSval=2916042337 TSecr=3045562112"
"67383","38.258307796","192.168.1.2","192.168.1.55","TCP","74","36932  >  8004 [SYN] Seq=0 Win=64240 Len=0 MSS=1460 SACK_PERM TSval=3045562113 TSecr=0 WS=1024"
"67384","38.258335037","192.168.1.55","192.168.1.2","TCP","74","8004  >  36932 [SYN, ACK] Seq=0 Ack=1 Win=65160 Len=0 MSS=1460 SACK_PERM TSval=2916042339 TSecr=3045562113 WS=128"
"67385","38.261872857","192.168.1.2","192.168.1.55","TCP","66","36932  >  8004 [ACK] Seq=1 Ack=1 Win=64512 Len=0 TSval=3045562116 TSecr=2916042339"
"67386","38.265096622","192.168.1.2","192.168.1.55","HTTP","206","GET /stego_benchmark.png HTTP/1.1 "
"67387","38.265109918","192.168.1.55","192.168.1.2","TCP","66","8004  >  36932 [ACK] Seq=1 Ack=141 Win=65024 Len=0 TSval=2916042345 TSecr=3045562116"
"67388","38.265599678","192.168.1.55","192.168.1.2","TCP","255","8004  >  36932 [PSH, ACK] Seq=1 Ack=141 Win=65024 Len=189 TSval=2916042346 TSecr=3045562116 [TCP segment of a reassembled PDU]"
"67389","38.265676363","192.168.1.55","192.168.1.2","TCP","1514","8004  >  36932 [ACK] Seq=190 Ack=141 Win=65024 Len=1448 TSval=2916042346 TSecr=3045562116 [TCP segment of a reassembled PDU]"
"67390","38.265681474","192.168.1.55","192.168.1.2","TCP","1514","8004  >  36932 [ACK] Seq=1638 Ack=141 Win=65024 Len=1448 TSval=2916042346 TSecr=3045562116 [TCP segment of a reassembled PDU]"
"67391","38.265682956","192.168.1.55","192.168.1.2","TCP","1514","8004  >  36932 [ACK] Seq=3086 Ack=141 Win=65024 Len=1448 TSval=2916042346 TSecr=3045562116 [TCP segment of a reassembled PDU]"
"67392","38.265684363","192.168.1.55","192.168.1.2","TCP","1514","8004  >  36932 [ACK] Seq=4534 Ack=141 Win=65024 Len=1448 TSval=2916042346 TSecr=3045562116 [TCP segment of a reassembled PDU]"
"67393","38.265686271","192.168.1.55","192.168.1.2","TCP","1514","8004  >  36932 [PSH, ACK] Seq=5982 Ack=141 Win=65024 Len=1448 TSval=2916042346 TSecr=3045562116 [TCP segment of a reassembled PDU]"
"67394","38.265704271","192.168.1.55","192.168.1.2","TCP","1514","8004  >  36932 [ACK] Seq=7430 Ack=141 Win=65024 Len=1448 TSval=2916042346 TSecr=3045562116 [TCP segment of a reassembled PDU]"
"67395","38.265706234","192.168.1.55","192.168.1.2","TCP","1514","8004  >  36932 [ACK] Seq=8878 Ack=141 Win=65024 Len=1448 TSval=2916042346 TSecr=3045562116 [TCP segment of a reassembled PDU]"
"67396","38.265707549","192.168.1.55","192.168.1.2","TCP","1514","8004  >  36932 [ACK] Seq=10326 Ack=141 Win=65024 Len=1448 TSval=2916042346 TSecr=3045562116 [TCP segment of a reassembled PDU]"
"67397","38.265708900","192.168.1.55","192.168.1.2","TCP","1514","8004  >  36932 [PSH, ACK] Seq=11774 Ack=141 Win=65024 Len=1448 TSval=2916042346 TSecr=3045562116 [TCP segment of a reassembled PDU]"
"67398","38.269061369","192.168.1.2","192.168.1.55","TCP","66","36932  >  8004 [ACK] Seq=141 Ack=190 Win=64512 Len=0 TSval=3045562123 TSecr=2916042346"
"67399","38.269190869","192.168.1.55","192.168.1.2","TCP","1514","8004  >  36932 [ACK] Seq=13222 Ack=141 Win=65024 Len=1448 TSval=2916042349 TSecr=3045562123 [TCP segment of a reassembled PDU]"
"67400","38.269206851","192.168.1.55","192.168.1.2","TCP","1514","8004  >  36932 [PSH, ACK] Seq=14670 Ack=141 Win=65024 Len=1448 TSval=2916042349 TSecr=3045562123 [TCP segment of a reassembled PDU]"
"67401","38.269352240","192.168.1.2","192.168.1.55","TCP","66","36932  >  8004 [ACK] Seq=141 Ack=3086 Win=70656 Len=0 TSval=3045562123 TSecr=2916042346"
"67402","38.269392925","192.168.1.2","192.168.1.55","TCP","66","36932  >  8004 [ACK] Seq=141 Ack=5982 Win=76800 Len=0 TSval=3045562123 TSecr=2916042346"
"67403","38.269464814","192.168.1.55","192.168.1.2","TCP","1514","8004  >  36932 [ACK] Seq=16118 Ack=141 Win=65024 Len=1448 TSval=2916042350 TSecr=3045562123 [TCP segment of a reassembled PDU]"
"67404","38.269471592","192.168.1.55","192.168.1.2","TCP","1514","8004  >  36932 [ACK] Seq=17566 Ack=141 Win=65024 Len=1448 TSval=2916042350 TSecr=3045562123 [TCP segment of a reassembled PDU]"
"67405","38.269473240","192.168.1.55","192.168.1.2","TCP","1514","8004  >  36932 [ACK] Seq=19014 Ack=141 Win=65024 Len=1448 TSval=2916042350 TSecr=3045562123 [TCP segment of a reassembled PDU]"
"67406","38.269475018","192.168.1.55","192.168.1.2","TCP","1514","8004  >  36932 [ACK] Seq=20462 Ack=141 Win=65024 Len=1448 TSval=2916042350 TSecr=3045562123 [TCP segment of a reassembled PDU]"
"67407","38.269476666","192.168.1.55","192.168.1.2","TCP","1514","8004  >  36932 [ACK] Seq=21910 Ack=141 Win=65024 Len=1448 TSval=2916042350 TSecr=3045562123 [TCP segment of a reassembled PDU]"
"67408","38.269482166","192.168.1.55","192.168.1.2","TCP","1514","8004  >  36932 [ACK] Seq=23358 Ack=141 Win=65024 Len=1448 TSval=2916042350 TSecr=3045562123 [TCP segment of a reassembled PDU]"
"67409","38.269484851","192.168.1.55","192.168.1.2","TCP","1514","8004  >  36932 [PSH, ACK] Seq=24806 Ack=141 Win=65024 Len=1448 TSval=2916042350 TSecr=3045562123 [TCP segment of a reassembled PDU]"
"67410","38.270150056","192.168.1.2","192.168.1.55","TCP","66","36932  >  8004 [ACK] Seq=141 Ack=7430 Win=79872 Len=0 TSval=3045562124 TSecr=2916042346"
"67411","38.270204556","192.168.1.2","192.168.1.55","TCP","66","36932  >  8004 [ACK] Seq=141 Ack=13222 Win=84992 Len=0 TSval=3045562124 TSecr=2916042346"
"67412","38.270241149","192.168.1.55","192.168.1.2","TCP","1514","8004  >  36932 [ACK] Seq=26254 Ack=141 Win=65024 Len=1448 TSval=2916042350 TSecr=3045562124 [TCP segment of a reassembled PDU]"
"67413","38.270247945","192.168.1.55","192.168.1.2","TCP","1514","8004  >  36932 [ACK] Seq=27702 Ack=141 Win=65024 Len=1448 TSval=2916042350 TSecr=3045562124 [TCP segment of a reassembled PDU]"
"67414","38.270249945","192.168.1.55","192.168.1.2","TCP","1514","8004  >  36932 [ACK] Seq=29150 Ack=141 Win=65024 Len=1448 TSval=2916042350 TSecr=3045562124 [TCP segment of a reassembled PDU]"
"67415","38.270251482","192.168.1.55","192.168.1.2","TCP","1514","8004  >  36932 [ACK] Seq=30598 Ack=141 Win=65024 Len=1448 TSval=2916042350 TSecr=3045562124 [TCP segment of a reassembled PDU]"
"67416","38.270254056","192.168.1.55","192.168.1.2","TCP","1514","8004  >  36932 [ACK] Seq=32046 Ack=141 Win=65024 Len=1448 TSval=2916042350 TSecr=3045562124 [TCP segment of a reassembled PDU]"
"67417","38.270256074","192.168.1.55","192.168.1.2","TCP","1514","8004  >  36932 [ACK] Seq=33494 Ack=141 Win=65024 Len=1448 TSval=2916042350 TSecr=3045562124 [TCP segment of a reassembled PDU]"
"67418","38.270257630","192.168.1.55","192.168.1.2","TCP","1514","8004  >  36932 [ACK] Seq=34942 Ack=141 Win=65024 Len=1448 TSval=2916042350 TSecr=3045562124 [TCP segment of a reassembled PDU]"
"67419","38.270259389","192.168.1.55","192.168.1.2","TCP","1514","8004  >  36932 [ACK] Seq=36390 Ack=141 Win=65024 Len=1448 TSval=2916042350 TSecr=3045562124 [TCP segment of a reassembled PDU]"
"67420","38.270261130","192.168.1.55","192.168.1.2","TCP","1514","8004  >  36932 [ACK] Seq=37838 Ack=141 Win=65024 Len=1448 TSval=2916042350 TSecr=3045562124 [TCP segment of a reassembled PDU]"
"67421","38.270263186","192.168.1.55","192.168.1.2","TCP","1514","8004  >  36932 [PSH, ACK] Seq=39286 Ack=141 Win=65024 Len=1448 TSval=2916042350 TSecr=3045562124 [TCP segment of a reassembled PDU]"
"67422","38.270287704","192.168.1.55","192.168.1.2","TCP","1514","8004  >  36932 [ACK] Seq=40734 Ack=141 Win=65024 Len=1448 TSval=2916042350 TSecr=3045562124 [TCP segment of a reassembled PDU]"
"67423","38.274596433","192.168.1.2","192.168.1.55","TCP","66","36932  >  8004 [ACK] Seq=141 Ack=16118 Win=90112 Len=0 TSval=3045562129 TSecr=2916042349"
"67424","38.274643970","192.168.1.55","192.168.1.2","TCP","1514","8004  >  36932 [ACK] Seq=42182 Ack=141 Win=65024 Len=1448 TSval=2916042355 TSecr=3045562129 [TCP segment of a reassembled PDU]"
"67425","38.274649378","192.168.1.55","192.168.1.2","TCP","1514","8004  >  36932 [PSH, ACK] Seq=43630 Ack=141 Win=65024 Len=1448 TSval=2916042355 TSecr=3045562129 [TCP segment of a reassembled PDU]"
"67426","38.274749619","192.168.1.2","192.168.1.55","TCP","66","36932  >  8004 [ACK] Seq=141 Ack=26254 Win=80896 Len=0 TSval=3045562129 TSecr=2916042350"
"67427","38.274784711","192.168.1.55","192.168.1.2","TCP","1514","8004  >  36932 [ACK] Seq=45078 Ack=141 Win=65024 Len=1448 TSval=2916042355 TSecr=3045562129 [TCP segment of a reassembled PDU]"
"67428","38.274787897","192.168.1.55","192.168.1.2","TCP","1514","8004  >  36932 [ACK] Seq=46526 Ack=141 Win=65024 Len=1448 TSval=2916042355 TSecr=3045562129 [TCP segment of a reassembled PDU]"
"67429","38.274789267","192.168.1.55","192.168.1.2","TCP","1514","8004  >  36932 [ACK] Seq=47974 Ack=141 Win=65024 Len=1448 TSval=2916042355 TSecr=3045562129 [TCP segment of a reassembled PDU]"
"67430","38.274790452","192.168.1.55","192.168.1.2","TCP","1514","8004  >  36932 [ACK] Seq=49422 Ack=141 Win=65024 Len=1448 TSval=2916042355 TSecr=3045562129 [TCP segment of a reassembled PDU]"
"67431","38.274791786","192.168.1.55","192.168.1.2","TCP","1514","8004  >  36932 [ACK] Seq=50870 Ack=141 Win=65024 Len=1448 TSval=2916042355 TSecr=3045562129 [TCP segment of a reassembled PDU]"
"67432","38.274793174","192.168.1.55","192.168.1.2","TCP","1514","8004  >  36932 [ACK] Seq=52318 Ack=141 Win=65024 Len=1448 TSval=2916042355 TSecr=3045562129 [TCP segment of a reassembled PDU]"
"67433","38.274794434","192.168.1.55","192.168.1.2","TCP","1514","8004  >  36932 [ACK] Seq=53766 Ack=141 Win=65024 Len=1448 TSval=2916042355 TSecr=3045562129 [TCP segment of a reassembled PDU]"
"67434","38.274796026","192.168.1.55","192.168.1.2","TCP","1514","8004  >  36932 [ACK] Seq=55214 Ack=141 Win=65024 Len=1448 TSval=2916042355 TSecr=3045562129 [TCP segment of a reassembled PDU]"
"67435","38.274797674","192.168.1.55","192.168.1.2","TCP","1514","8004  >  36932 [ACK] Seq=56662 Ack=141 Win=65024 Len=1448 TSval=2916042355 TSecr=3045562129 [TCP segment of a reassembled PDU]"
"67436","38.274799323","192.168.1.55","192.168.1.2","TCP","1514","8004  >  36932 [ACK] Seq=58110 Ack=141 Win=65024 Len=1448 TSval=2916042355 TSecr=3045562129 [TCP segment of a reassembled PDU]"
"67437","38.274800823","192.168.1.55","192.168.1.2","TCP","1514","8004  >  36932 [ACK] Seq=59558 Ack=141 Win=65024 Len=1448 TSval=2916042355 TSecr=3045562129 [TCP segment of a reassembled PDU]"
"67438","38.274802323","192.168.1.55","192.168.1.2","TCP","1514","8004  >  36932 [ACK] Seq=61006 Ack=141 Win=65024 Len=1448 TSval=2916042355 TSecr=3045562129 [TCP segment of a reassembled PDU]"
"67439","38.274803489","192.168.1.55","192.168.1.2","TCP","1514","8004  >  36932 [ACK] Seq=62454 Ack=141 Win=65024 Len=1448 TSval=2916042355 TSecr=3045562129 [TCP segment of a reassembled PDU]"
"67440","38.274804711","192.168.1.55","192.168.1.2","TCP","1514","8004  >  36932 [PSH, ACK] Seq=63902 Ack=141 Win=65024 Len=1448 TSval=2916042355 TSecr=3045562129 [TCP segment of a reassembled PDU]"
"67441","38.274810193","192.168.1.2","192.168.1.55","TCP","66","36932  >  8004 [ACK] Seq=141 Ack=34942 Win=72704 Len=0 TSval=3045562129 TSecr=2916042350"
"67442","38.274839786","192.168.1.55","192.168.1.2","TCP","1514","8004  >  36932 [ACK] Seq=65350 Ack=141 Win=65024 Len=1448 TSval=2916042355 TSecr=3045562129 [TCP segment of a reassembled PDU]"
"67443","38.274841545","192.168.1.55","192.168.1.2","TCP","1514","8004  >  36932 [ACK] Seq=66798 Ack=141 Win=65024 Len=1448 TSval=2916042355 TSecr=3045562129 [TCP segment of a reassembled PDU]"
"67444","38.274843156","192.168.1.55","192.168.1.2","TCP","1514","8004  >  36932 [ACK] Seq=68246 Ack=141 Win=65024 Len=1448 TSval=2916042355 TSecr=3045562129 [TCP segment of a reassembled PDU]"
"67445","38.274844434","192.168.1.55","192.168.1.2","TCP","1514","8004  >  36932 [ACK] Seq=69694 Ack=141 Win=65024 Len=1448 TSval=2916042355 TSecr=3045562129 [TCP segment of a reassembled PDU]"
"67446","38.274846267","192.168.1.55","192.168.1.2","TCP","1514","8004  >  36932 [ACK] Seq=71142 Ack=141 Win=65024 Len=1448 TSval=2916042355 TSecr=3045562129 [TCP segment of a reassembled PDU]"
"67447","38.274848378","192.168.1.55","192.168.1.2","TCP","1514","8004  >  36932 [ACK] Seq=72590 Ack=141 Win=65024 Len=1448 TSval=2916042355 TSecr=3045562129 [TCP segment of a reassembled PDU]"
"67448","38.274849582","192.168.1.55","192.168.1.2","TCP","1514","8004  >  36932 [ACK] Seq=74038 Ack=141 Win=65024 Len=1448 TSval=2916042355 TSecr=3045562129 [TCP segment of a reassembled PDU]"
"67449","38.274850693","192.168.1.55","192.168.1.2","TCP","1514","8004  >  36932 [PSH, ACK] Seq=75486 Ack=141 Win=65024 Len=1448 TSval=2916042355 TSecr=3045562129 [TCP segment of a reassembled PDU]"
"67450","38.274858526","192.168.1.2","192.168.1.55","TCP","66","36932  >  8004 [ACK] Seq=141 Ack=40734 Win=67584 Len=0 TSval=3045562129 TSecr=2916042350"
"67451","38.274865434","192.168.1.2","192.168.1.55","TCP","66","36932  >  8004 [ACK] Seq=141 Ack=42182 Win=66560 Len=0 TSval=3045562129 TSecr=2916042350"
"67452","38.275814621","192.168.1.55","192.168.1.2","TCP","1514","8004  >  36932 [ACK] Seq=76934 Ack=141 Win=65024 Len=1448 TSval=2916042356 TSecr=3045562129 [TCP segment of a reassembled PDU]"
"67453","38.275818750","192.168.1.55","192.168.1.2","TCP","1514","8004  >  36932 [ACK] Seq=78382 Ack=141 Win=65024 Len=1448 TSval=2916042356 TSecr=3045562129 [TCP segment of a reassembled PDU]"
"67454","38.275820658","192.168.1.55","192.168.1.2","TCP","1514","8004  >  36932 [ACK] Seq=79830 Ack=141 Win=65024 Len=1448 TSval=2916042356 TSecr=3045562129 [TCP segment of a reassembled PDU]"
"67455","38.275822806","192.168.1.55","192.168.1.2","TCP","1514","8004  >  36932 [ACK] Seq=81278 Ack=141 Win=65024 Len=1448 TSval=2916042356 TSecr=3045562129 [TCP segment of a reassembled PDU]"
"67456","38.275824750","192.168.1.55","192.168.1.2","TCP","1514","8004  >  36932 [ACK] Seq=82726 Ack=141 Win=65024 Len=1448 TSval=2916042356 TSecr=3045562129 [TCP segment of a reassembled PDU]"
"67457","38.275826398","192.168.1.55","192.168.1.2","TCP","1514","8004  >  36932 [ACK] Seq=84174 Ack=141 Win=65024 Len=1448 TSval=2916042356 TSecr=3045562129 [TCP segment of a reassembled PDU]"
"67458","38.275828954","192.168.1.55","192.168.1.2","TCP","1514","8004  >  36932 [ACK] Seq=85622 Ack=141 Win=65024 Len=1448 TSval=2916042356 TSecr=3045562129 [TCP segment of a reassembled PDU]"
"67459","38.275830509","192.168.1.55","192.168.1.2","TCP","1514","8004  >  36932 [ACK] Seq=87070 Ack=141 Win=65024 Len=1448 TSval=2916042356 TSecr=3045562129 [TCP segment of a reassembled PDU]"
"67460","38.275832380","192.168.1.55","192.168.1.2","TCP","1514","8004  >  36932 [ACK] Seq=88518 Ack=141 Win=65024 Len=1448 TSval=2916042356 TSecr=3045562129 [TCP segment of a reassembled PDU]"
"67461","38.275834380","192.168.1.55","192.168.1.2","TCP","1514","8004  >  36932 [ACK] Seq=89966 Ack=141 Win=65024 Len=1448 TSval=2916042356 TSecr=3045562129 [TCP segment of a reassembled PDU]"
"67462","38.275836861","192.168.1.55","192.168.1.2","TCP","1514","8004  >  36932 [ACK] Seq=91414 Ack=141 Win=65024 Len=1448 TSval=2916042356 TSecr=3045562129 [TCP segment of a reassembled PDU]"
"67463","38.275838491","192.168.1.55","192.168.1.2","TCP","1514","8004  >  36932 [ACK] Seq=92862 Ack=141 Win=65024 Len=1448 TSval=2916042356 TSecr=3045562129 [TCP segment of a reassembled PDU]"
"67464","38.275839861","192.168.1.55","192.168.1.2","TCP","1514","8004  >  36932 [ACK] Seq=94310 Ack=141 Win=65024 Len=1448 TSval=2916042356 TSecr=3045562129 [TCP segment of a reassembled PDU]"
"67465","38.275841065","192.168.1.55","192.168.1.2","TCP","1514","8004  >  36932 [PSH, ACK] Seq=95758 Ack=141 Win=65024 Len=1448 TSval=2916042356 TSecr=3045562129 [TCP segment of a reassembled PDU]"
"67466","38.275848991","192.168.1.55","192.168.1.2","TCP","1514","8004  >  36932 [ACK] Seq=97206 Ack=141 Win=65024 Len=1448 TSval=2916042356 TSecr=3045562129 [TCP segment of a reassembled PDU]"
"67467","38.275850806","192.168.1.55","192.168.1.2","TCP","1514","8004  >  36932 [PSH, ACK] Seq=98654 Ack=141 Win=65024 Len=1448 TSval=2916042356 TSecr=3045562129 [TCP segment of a reassembled PDU]"
"67468","38.280133442","192.168.1.2","192.168.1.55","TCP","66","36932  >  8004 [ACK] Seq=141 Ack=45078 Win=88064 Len=0 TSval=3045562134 TSecr=2916042355"
"67469","38.280176924","192.168.1.55","192.168.1.2","TCP","1514","8004  >  36932 [ACK] Seq=100102 Ack=141 Win=65024 Len=1448 TSval=2916042360 TSecr=3045562134 [TCP segment of a reassembled PDU]"
"67470","38.280182313","192.168.1.55","192.168.1.2","TCP","1514","8004  >  36932 [ACK] Seq=101550 Ack=141 Win=65024 Len=1448 TSval=2916042360 TSecr=3045562134 [TCP segment of a reassembled PDU]"
"67471","38.280184683","192.168.1.55","192.168.1.2","TCP","1514","8004  >  36932 [ACK] Seq=102998 Ack=141 Win=65024 Len=1448 TSval=2916042360 TSecr=3045562134 [TCP segment of a reassembled PDU]"
"67472","38.280186424","192.168.1.55","192.168.1.2","TCP","1514","8004  >  36932 [PSH, ACK] Seq=104446 Ack=141 Win=65024 Len=1448 TSval=2916042360 TSecr=3045562134 [TCP segment of a reassembled PDU]"
"67473","38.280269683","192.168.1.2","192.168.1.55","TCP","66","36932  >  8004 [ACK] Seq=141 Ack=65350 Win=69632 Len=0 TSval=3045562134 TSecr=2916042355"
"67474","38.280302850","192.168.1.55","192.168.1.2","TCP","1514","8004  >  36932 [ACK] Seq=105894 Ack=141 Win=65024 Len=1448 TSval=2916042360 TSecr=3045562134 [TCP segment of a reassembled PDU]"
"67475","38.280305850","192.168.1.55","192.168.1.2","TCP","1514","8004  >  36932 [ACK] Seq=107342 Ack=141 Win=65024 Len=1448 TSval=2916042360 TSecr=3045562134 [TCP segment of a reassembled PDU]"
"67476","38.280307572","192.168.1.55","192.168.1.2","TCP","1514","8004  >  36932 [ACK] Seq=108790 Ack=141 Win=65024 Len=1448 TSval=2916042360 TSecr=3045562134 [TCP segment of a reassembled PDU]"
"67477","38.280310054","192.168.1.55","192.168.1.2","TCP","1514","8004  >  36932 [ACK] Seq=110238 Ack=141 Win=65024 Len=1448 TSval=2916042360 TSecr=3045562134 [TCP segment of a reassembled PDU]"
"67478","38.280311720","192.168.1.55","192.168.1.2","TCP","1514","8004  >  36932 [ACK] Seq=111686 Ack=141 Win=65024 Len=1448 TSval=2916042360 TSecr=3045562134 [TCP segment of a reassembled PDU]"
"67479","38.280313480","192.168.1.55","192.168.1.2","TCP","1514","8004  >  36932 [ACK] Seq=113134 Ack=141 Win=65024 Len=1448 TSval=2916042360 TSecr=3045562134 [TCP segment of a reassembled PDU]"
"67480","38.280315146","192.168.1.55","192.168.1.2","TCP","1514","8004  >  36932 [ACK] Seq=114582 Ack=141 Win=65024 Len=1448 TSval=2916042360 TSecr=3045562134 [TCP segment of a reassembled PDU]"
"67481","38.280316554","192.168.1.55","192.168.1.2","TCP","1514","8004  >  36932 [ACK] Seq=116030 Ack=141 Win=65024 Len=1448 TSval=2916042360 TSecr=3045562134 [TCP segment of a reassembled PDU]"
"67482","38.280317813","192.168.1.55","192.168.1.2","TCP","1514","8004  >  36932 [PSH, ACK] Seq=117478 Ack=141 Win=65024 Len=1448 TSval=2916042360 TSecr=3045562134 [TCP segment of a reassembled PDU]"
"67483","38.280327276","192.168.1.2","192.168.1.55","TCP","66","36932  >  8004 [ACK] Seq=141 Ack=76934 Win=58368 Len=0 TSval=3045562135 TSecr=2916042355"
"67484","38.283894485","192.168.1.2","192.168.1.55","TCP","66","36932  >  8004 [ACK] Seq=141 Ack=100102 Win=35840 Len=0 TSval=3045562137 TSecr=2916042356"
"67485","38.283921485","192.168.1.55","192.168.1.2","TCP","1514","8004  >  36932 [ACK] Seq=118926 Ack=141 Win=65024 Len=1448 TSval=2916042364 TSecr=3045562137 [TCP segment of a reassembled PDU]"
"67486","38.283923967","192.168.1.55","192.168.1.2","TCP","1514","8004  >  36932 [ACK] Seq=120374 Ack=141 Win=65024 Len=1448 TSval=2916042364 TSecr=3045562137 [TCP segment of a reassembled PDU]"
"67487","38.283925189","192.168.1.55","192.168.1.2","TCP","1514","8004  >  36932 [ACK] Seq=121822 Ack=141 Win=65024 Len=1448 TSval=2916042364 TSecr=3045562137 [TCP segment of a reassembled PDU]"
"67488","38.283926689","192.168.1.55","192.168.1.2","TCP","1514","8004  >  36932 [ACK] Seq=123270 Ack=141 Win=65024 Len=1448 TSval=2916042364 TSecr=3045562137 [TCP segment of a reassembled PDU]"
"67489","38.283927893","192.168.1.55","192.168.1.2","TCP","1514","8004  >  36932 [ACK] Seq=124718 Ack=141 Win=65024 Len=1448 TSval=2916042364 TSecr=3045562137 [TCP segment of a reassembled PDU]"
"67490","38.283929004","192.168.1.55","192.168.1.2","TCP","1514","8004  >  36932 [ACK] Seq=126166 Ack=141 Win=65024 Len=1448 TSval=2916042364 TSecr=3045562137 [TCP segment of a reassembled PDU]"
"67491","38.283930097","192.168.1.55","192.168.1.2","TCP","1514","8004  >  36932 [ACK] Seq=127614 Ack=141 Win=65024 Len=1448 TSval=2916042364 TSecr=3045562137 [TCP segment of a reassembled PDU]"
"67492","38.283931300","192.168.1.55","192.168.1.2","TCP","1514","8004  >  36932 [ACK] Seq=129062 Ack=141 Win=65024 Len=1448 TSval=2916042364 TSecr=3045562137 [TCP segment of a reassembled PDU]"
"67493","38.283932411","192.168.1.55","192.168.1.2","TCP","1514","8004  >  36932 [ACK] Seq=130510 Ack=141 Win=65024 Len=1448 TSval=2916042364 TSecr=3045562137 [TCP segment of a reassembled PDU]"
"67494","38.283933837","192.168.1.55","192.168.1.2","TCP","1514","8004  >  36932 [ACK] Seq=131958 Ack=141 Win=65024 Len=1448 TSval=2916042364 TSecr=3045562137 [TCP segment of a reassembled PDU]"
"67495","38.283935060","192.168.1.55","192.168.1.2","TCP","1514","8004  >  36932 [ACK] Seq=133406 Ack=141 Win=65024 Len=1448 TSval=2916042364 TSecr=3045562137 [TCP segment of a reassembled PDU]"
"67496","38.283936171","192.168.1.55","192.168.1.2","TCP","1154","[TCP Window Full] 8004  >  36932 [PSH, ACK] Seq=134854 Ack=141 Win=65024 Len=1088 TSval=2916042364 TSecr=3045562137 [TCP segment of a reassembled PDU]"
"67497","38.283986189","192.168.1.2","192.168.1.55","TCP","66","[TCP Window Update] 36932  >  8004 [ACK] Seq=141 Ack=100102 Win=90112 Len=0 TSval=3045562137 TSecr=2916042356"
"67498","38.284007949","192.168.1.55","192.168.1.2","TCP","1514","8004  >  36932 [ACK] Seq=135942 Ack=141 Win=65024 Len=1448 TSval=2916042364 TSecr=3045562137 [TCP segment of a reassembled PDU]"
"67499","38.284009393","192.168.1.55","192.168.1.2","TCP","1514","8004  >  36932 [ACK] Seq=137390 Ack=141 Win=65024 Len=1448 TSval=2916042364 TSecr=3045562137 [TCP segment of a reassembled PDU]"
"67500","38.284010467","192.168.1.55","192.168.1.2","TCP","1514","8004  >  36932 [ACK] Seq=138838 Ack=141 Win=65024 Len=1448 TSval=2916042364 TSecr=3045562137 [TCP segment of a reassembled PDU]"
"67501","38.284011708","192.168.1.55","192.168.1.2","TCP","1514","8004  >  36932 [ACK] Seq=140286 Ack=141 Win=65024 Len=1448 TSval=2916042364 TSecr=3045562137 [TCP segment of a reassembled PDU]"
"67502","38.284012819","192.168.1.55","192.168.1.2","TCP","1514","8004  >  36932 [ACK] Seq=141734 Ack=141 Win=65024 Len=1448 TSval=2916042364 TSecr=3045562137 [TCP segment of a reassembled PDU]"
"67503","38.284014078","192.168.1.55","192.168.1.2","TCP","1514","8004  >  36932 [ACK] Seq=143182 Ack=141 Win=65024 Len=1448 TSval=2916042364 TSecr=3045562137 [TCP segment of a reassembled PDU]"
"67504","38.284015282","192.168.1.55","192.168.1.2","TCP","1514","8004  >  36932 [ACK] Seq=144630 Ack=141 Win=65024 Len=1448 TSval=2916042364 TSecr=3045562137 [TCP segment of a reassembled PDU]"
"67505","38.284016467","192.168.1.55","192.168.1.2","TCP","1514","8004  >  36932 [ACK] Seq=146078 Ack=141 Win=65024 Len=1448 TSval=2916042364 TSecr=3045562137 [TCP segment of a reassembled PDU]"
"67506","38.284017652","192.168.1.55","192.168.1.2","TCP","1514","8004  >  36932 [ACK] Seq=147526 Ack=141 Win=65024 Len=1448 TSval=2916042364 TSecr=3045562137 [TCP segment of a reassembled PDU]"
"67507","38.284018800","192.168.1.55","192.168.1.2","TCP","1514","8004  >  36932 [ACK] Seq=148974 Ack=141 Win=65024 Len=1448 TSval=2916042364 TSecr=3045562137 [TCP segment of a reassembled PDU]"
"67508","38.284020041","192.168.1.55","192.168.1.2","TCP","1514","8004  >  36932 [ACK] Seq=150422 Ack=141 Win=65024 Len=1448 TSval=2916042364 TSecr=3045562137 [TCP segment of a reassembled PDU]"
"67509","38.284021300","192.168.1.55","192.168.1.2","TCP","1514","8004  >  36932 [ACK] Seq=151870 Ack=141 Win=65024 Len=1448 TSval=2916042364 TSecr=3045562137 [TCP segment of a reassembled PDU]"
"67510","38.284022412","192.168.1.55","192.168.1.2","TCP","1514","8004  >  36932 [ACK] Seq=153318 Ack=141 Win=65024 Len=1448 TSval=2916042364 TSecr=3045562137 [TCP segment of a reassembled PDU]"
"67511","38.284023634","192.168.1.55","192.168.1.2","TCP","1514","8004  >  36932 [ACK] Seq=154766 Ack=141 Win=65024 Len=1448 TSval=2916042364 TSecr=3045562137 [TCP segment of a reassembled PDU]"
"67512","38.284024838","192.168.1.55","192.168.1.2","TCP","1514","8004  >  36932 [ACK] Seq=156214 Ack=141 Win=65024 Len=1448 TSval=2916042364 TSecr=3045562137 [TCP segment of a reassembled PDU]"
"67513","38.284025967","192.168.1.55","192.168.1.2","TCP","1514","8004  >  36932 [ACK] Seq=157662 Ack=141 Win=65024 Len=1448 TSval=2916042364 TSecr=3045562137 [TCP segment of a reassembled PDU]"
"67514","38.284027226","192.168.1.55","192.168.1.2","TCP","1514","8004  >  36932 [PSH, ACK] Seq=159110 Ack=141 Win=65024 Len=1448 TSval=2916042364 TSecr=3045562137 [TCP segment of a reassembled PDU]"
"67515","38.284032319","192.168.1.55","192.168.1.2","TCP","426","8004  >  36932 [ACK] Seq=160558 Ack=141 Win=65024 Len=360 TSval=2916042364 TSecr=3045562137 [TCP segment of a reassembled PDU]"
"67516","38.284035634","192.168.1.2","192.168.1.55","TCP","66","36932  >  8004 [ACK] Seq=141 Ack=118926 Win=73728 Len=0 TSval=3045562138 TSecr=2916042360"
"67517","38.284067801","192.168.1.55","192.168.1.2","TCP","1514","8004  >  36932 [ACK] Seq=160918 Ack=141 Win=65024 Len=1448 TSval=2916042364 TSecr=3045562138 [TCP segment of a reassembled PDU]"
"67518","38.284069393","192.168.1.55","192.168.1.2","TCP","1514","8004  >  36932 [ACK] Seq=162366 Ack=141 Win=65024 Len=1448 TSval=2916042364 TSecr=3045562138 [TCP segment of a reassembled PDU]"
"67519","38.284070578","192.168.1.55","192.168.1.2","TCP","1514","8004  >  36932 [ACK] Seq=163814 Ack=141 Win=65024 Len=1448 TSval=2916042364 TSecr=3045562138 [TCP segment of a reassembled PDU]"
"67520","38.284071782","192.168.1.55","192.168.1.2","TCP","1514","8004  >  36932 [ACK] Seq=165262 Ack=141 Win=65024 Len=1448 TSval=2916042364 TSecr=3045562138 [TCP segment of a reassembled PDU]"
"67521","38.284072875","192.168.1.55","192.168.1.2","TCP","1514","8004  >  36932 [ACK] Seq=166710 Ack=141 Win=65024 Len=1448 TSval=2916042364 TSecr=3045562138 [TCP segment of a reassembled PDU]"
"67522","38.284073986","192.168.1.55","192.168.1.2","TCP","1514","8004  >  36932 [ACK] Seq=168158 Ack=141 Win=65024 Len=1448 TSval=2916042364 TSecr=3045562138 [TCP segment of a reassembled PDU]"
"67523","38.284075412","192.168.1.55","192.168.1.2","TCP","1514","8004  >  36932 [ACK] Seq=169606 Ack=141 Win=65024 Len=1448 TSval=2916042364 TSecr=3045562138 [TCP segment of a reassembled PDU]"
"67524","38.284076615","192.168.1.55","192.168.1.2","TCP","1514","8004  >  36932 [ACK] Seq=171054 Ack=141 Win=65024 Len=1448 TSval=2916042364 TSecr=3045562138 [TCP segment of a reassembled PDU]"
"67525","38.284077689","192.168.1.55","192.168.1.2","TCP","1514","8004  >  36932 [ACK] Seq=172502 Ack=141 Win=65024 Len=1448 TSval=2916042364 TSecr=3045562138 [TCP segment of a reassembled PDU]"
"67526","38.284078930","192.168.1.55","192.168.1.2","TCP","1514","8004  >  36932 [ACK] Seq=173950 Ack=141 Win=65024 Len=1448 TSval=2916042364 TSecr=3045562138 [TCP segment of a reassembled PDU]"
"67527","38.284080097","192.168.1.55","192.168.1.2","TCP","1514","8004  >  36932 [ACK] Seq=175398 Ack=141 Win=65024 Len=1448 TSval=2916042364 TSecr=3045562138 [TCP segment of a reassembled PDU]"
"67528","38.284081430","192.168.1.55","192.168.1.2","TCP","1514","8004  >  36932 [ACK] Seq=176846 Ack=141 Win=65024 Len=1448 TSval=2916042364 TSecr=3045562138 [TCP segment of a reassembled PDU]"
"67529","38.284082541","192.168.1.55","192.168.1.2","TCP","1514","8004  >  36932 [ACK] Seq=178294 Ack=141 Win=65024 Len=1448 TSval=2916042364 TSecr=3045562138 [TCP segment of a reassembled PDU]"
"67530","38.284083634","192.168.1.55","192.168.1.2","TCP","1514","8004  >  36932 [ACK] Seq=179742 Ack=141 Win=65024 Len=1448 TSval=2916042364 TSecr=3045562138 [TCP segment of a reassembled PDU]"
"67531","38.284084745","192.168.1.55","192.168.1.2","TCP","1514","8004  >  36932 [ACK] Seq=181190 Ack=141 Win=65024 Len=1448 TSval=2916042364 TSecr=3045562138 [TCP segment of a reassembled PDU]"
"67532","38.284085819","192.168.1.55","192.168.1.2","TCP","1514","8004  >  36932 [ACK] Seq=182638 Ack=141 Win=65024 Len=1448 TSval=2916042364 TSecr=3045562138 [TCP segment of a reassembled PDU]"
"67533","38.284087430","192.168.1.55","192.168.1.2","TCP","1514","8004  >  36932 [ACK] Seq=184086 Ack=141 Win=65024 Len=1448 TSval=2916042364 TSecr=3045562138 [TCP segment of a reassembled PDU]"
"67534","38.284088634","192.168.1.55","192.168.1.2","TCP","1514","8004  >  36932 [ACK] Seq=185534 Ack=141 Win=65024 Len=1448 TSval=2916042364 TSecr=3045562138 [TCP segment of a reassembled PDU]"
"67535","38.284089782","192.168.1.55","192.168.1.2","TCP","1514","8004  >  36932 [ACK] Seq=186982 Ack=141 Win=65024 Len=1448 TSval=2916042364 TSecr=3045562138 [TCP segment of a reassembled PDU]"
"67536","38.284091004","192.168.1.55","192.168.1.2","TCP","1514","8004  >  36932 [ACK] Seq=188430 Ack=141 Win=65024 Len=1448 TSval=2916042364 TSecr=3045562138 [TCP segment of a reassembled PDU]"
"67537","38.284092078","192.168.1.55","192.168.1.2","TCP","1514","8004  >  36932 [PSH, ACK] Seq=189878 Ack=141 Win=65024 Len=1448 TSval=2916042364 TSecr=3045562138 [TCP segment of a reassembled PDU]"
"67538","38.290765774","192.168.1.2","192.168.1.55","TCP","66","36932  >  8004 [ACK] Seq=141 Ack=135942 Win=74752 Len=0 TSval=3045562144 TSecr=2916042364"
"67539","38.290792700","192.168.1.55","192.168.1.2","TCP","1514","8004  >  36932 [ACK] Seq=191326 Ack=141 Win=65024 Len=1448 TSval=2916042371 TSecr=3045562144 [TCP segment of a reassembled PDU]"
"67540","38.290795626","192.168.1.55","192.168.1.2","TCP","1514","8004  >  36932 [ACK] Seq=192774 Ack=141 Win=65024 Len=1448 TSval=2916042371 TSecr=3045562144 [TCP segment of a reassembled PDU]"
"67541","38.290797015","192.168.1.55","192.168.1.2","TCP","1514","8004  >  36932 [ACK] Seq=194222 Ack=141 Win=65024 Len=1448 TSval=2916042371 TSecr=3045562144 [TCP segment of a reassembled PDU]"
"67542","38.290798793","192.168.1.55","192.168.1.2","TCP","1514","8004  >  36932 [ACK] Seq=195670 Ack=141 Win=65024 Len=1448 TSval=2916042371 TSecr=3045562144 [TCP segment of a reassembled PDU]"
"67543","38.290800089","192.168.1.55","192.168.1.2","TCP","1514","8004  >  36932 [ACK] Seq=197118 Ack=141 Win=65024 Len=1448 TSval=2916042371 TSecr=3045562144 [TCP segment of a reassembled PDU]"
"67544","38.290801589","192.168.1.55","192.168.1.2","TCP","1514","8004  >  36932 [ACK] Seq=198566 Ack=141 Win=65024 Len=1448 TSval=2916042371 TSecr=3045562144 [TCP segment of a reassembled PDU]"
"67545","38.290802960","192.168.1.55","192.168.1.2","TCP","1514","8004  >  36932 [ACK] Seq=200014 Ack=141 Win=65024 Len=1448 TSval=2916042371 TSecr=3045562144 [TCP segment of a reassembled PDU]"
"67546","38.290804423","192.168.1.55","192.168.1.2","TCP","1514","8004  >  36932 [ACK] Seq=201462 Ack=141 Win=65024 Len=1448 TSval=2916042371 TSecr=3045562144 [TCP segment of a reassembled PDU]"
"67547","38.290805774","192.168.1.55","192.168.1.2","TCP","1514","8004  >  36932 [ACK] Seq=202910 Ack=141 Win=65024 Len=1448 TSval=2916042371 TSecr=3045562144 [TCP segment of a reassembled PDU]"
"67548","38.290807163","192.168.1.55","192.168.1.2","TCP","1514","8004  >  36932 [PSH, ACK] Seq=204358 Ack=141 Win=65024 Len=1448 TSval=2916042371 TSecr=3045562144 [TCP segment of a reassembled PDU]"
"67549","38.291298590","192.168.1.2","192.168.1.55","TCP","66","36932  >  8004 [ACK] Seq=141 Ack=186982 Win=25600 Len=0 TSval=3045562144 TSecr=2916042364"
"67550","38.291309960","192.168.1.2","192.168.1.55","TCP","66","[TCP Window Update] 36932  >  8004 [ACK] Seq=141 Ack=186982 Win=68608 Len=0 TSval=3045562144 TSecr=2916042364"
"67551","38.291339646","192.168.1.55","192.168.1.2","TCP","1514","8004  >  36932 [ACK] Seq=205806 Ack=141 Win=65024 Len=1448 TSval=2916042372 TSecr=3045562144 [TCP segment of a reassembled PDU]"
"67552","38.291341720","192.168.1.55","192.168.1.2","TCP","1514","8004  >  36932 [ACK] Seq=207254 Ack=141 Win=65024 Len=1448 TSval=2916042372 TSecr=3045562144 [TCP segment of a reassembled PDU]"
"67553","38.291343090","192.168.1.55","192.168.1.2","TCP","1514","8004  >  36932 [ACK] Seq=208702 Ack=141 Win=65024 Len=1448 TSval=2916042372 TSecr=3045562144 [TCP segment of a reassembled PDU]"
"67554","38.291344516","192.168.1.55","192.168.1.2","TCP","1514","8004  >  36932 [ACK] Seq=210150 Ack=141 Win=65024 Len=1448 TSval=2916042372 TSecr=3045562144 [TCP segment of a reassembled PDU]"
"67555","38.291346016","192.168.1.55","192.168.1.2","TCP","1514","8004  >  36932 [ACK] Seq=211598 Ack=141 Win=65024 Len=1448 TSval=2916042372 TSecr=3045562144 [TCP segment of a reassembled PDU]"
"67556","38.291347479","192.168.1.55","192.168.1.2","TCP","1514","8004  >  36932 [ACK] Seq=213046 Ack=141 Win=65024 Len=1448 TSval=2916042372 TSecr=3045562144 [TCP segment of a reassembled PDU]"
"67557","38.291348775","192.168.1.55","192.168.1.2","TCP","1514","8004  >  36932 [ACK] Seq=214494 Ack=141 Win=65024 Len=1448 TSval=2916042372 TSecr=3045562144 [TCP segment of a reassembled PDU]"
"67558","38.291350238","192.168.1.55","192.168.1.2","TCP","1514","8004  >  36932 [ACK] Seq=215942 Ack=141 Win=65024 Len=1448 TSval=2916042372 TSecr=3045562144 [TCP segment of a reassembled PDU]"
"67559","38.291351627","192.168.1.55","192.168.1.2","TCP","1514","8004  >  36932 [ACK] Seq=217390 Ack=141 Win=65024 Len=1448 TSval=2916042372 TSecr=3045562144 [TCP segment of a reassembled PDU]"
"67560","38.291352942","192.168.1.55","192.168.1.2","TCP","1514","8004  >  36932 [ACK] Seq=218838 Ack=141 Win=65024 Len=1448 TSval=2916042372 TSecr=3045562144 [TCP segment of a reassembled PDU]"
"67561","38.291354461","192.168.1.55","192.168.1.2","TCP","1514","8004  >  36932 [ACK] Seq=220286 Ack=141 Win=65024 Len=1448 TSval=2916042372 TSecr=3045562144 [TCP segment of a reassembled PDU]"
"67562","38.291355849","192.168.1.55","192.168.1.2","TCP","1514","8004  >  36932 [ACK] Seq=221734 Ack=141 Win=65024 Len=1448 TSval=2916042372 TSecr=3045562144 [TCP segment of a reassembled PDU]"
"67563","38.291357220","192.168.1.55","192.168.1.2","TCP","1514","8004  >  36932 [ACK] Seq=223182 Ack=141 Win=65024 Len=1448 TSval=2916042372 TSecr=3045562144 [TCP segment of a reassembled PDU]"
"67564","38.291358572","192.168.1.55","192.168.1.2","TCP","1514","8004  >  36932 [ACK] Seq=224630 Ack=141 Win=65024 Len=1448 TSval=2916042372 TSecr=3045562144 [TCP segment of a reassembled PDU]"
"67565","38.291359868","192.168.1.55","192.168.1.2","TCP","1514","8004  >  36932 [ACK] Seq=226078 Ack=141 Win=65024 Len=1448 TSval=2916042372 TSecr=3045562144 [TCP segment of a reassembled PDU]"
"67566","38.291361646","192.168.1.55","192.168.1.2","TCP","1514","8004  >  36932 [ACK] Seq=227526 Ack=141 Win=65024 Len=1448 TSval=2916042372 TSecr=3045562144 [TCP segment of a reassembled PDU]"
"67567","38.291367757","192.168.1.55","192.168.1.2","TCP","1514","8004  >  36932 [ACK] Seq=228974 Ack=141 Win=65024 Len=1448 TSval=2916042372 TSecr=3045562144 [TCP segment of a reassembled PDU]"
"67568","38.291369294","192.168.1.55","192.168.1.2","TCP","1514","8004  >  36932 [ACK] Seq=230422 Ack=141 Win=65024 Len=1448 TSval=2916042372 TSecr=3045562144 [TCP segment of a reassembled PDU]"
"67569","38.291370701","192.168.1.55","192.168.1.2","TCP","1514","8004  >  36932 [ACK] Seq=231870 Ack=141 Win=65024 Len=1448 TSval=2916042372 TSecr=3045562144 [TCP segment of a reassembled PDU]"
"67570","38.291371961","192.168.1.55","192.168.1.2","TCP","1514","8004  >  36932 [ACK] Seq=233318 Ack=141 Win=65024 Len=1448 TSval=2916042372 TSecr=3045562144 [TCP segment of a reassembled PDU]"
"67571","38.291373257","192.168.1.55","192.168.1.2","TCP","1514","8004  >  36932 [ACK] Seq=234766 Ack=141 Win=65024 Len=1448 TSval=2916042372 TSecr=3045562144 [TCP segment of a reassembled PDU]"
"67572","38.291374553","192.168.1.55","192.168.1.2","TCP","1514","8004  >  36932 [ACK] Seq=236214 Ack=141 Win=65024 Len=1448 TSval=2916042372 TSecr=3045562144 [TCP segment of a reassembled PDU]"
"67573","38.291375905","192.168.1.55","192.168.1.2","TCP","1514","8004  >  36932 [ACK] Seq=237662 Ack=141 Win=65024 Len=1448 TSval=2916042372 TSecr=3045562144 [TCP segment of a reassembled PDU]"
"67574","38.291377349","192.168.1.55","192.168.1.2","TCP","1514","8004  >  36932 [ACK] Seq=239110 Ack=141 Win=65024 Len=1448 TSval=2916042372 TSecr=3045562144 [TCP segment of a reassembled PDU]"
"67575","38.291378701","192.168.1.55","192.168.1.2","TCP","1514","8004  >  36932 [ACK] Seq=240558 Ack=141 Win=65024 Len=1448 TSval=2916042372 TSecr=3045562144 [TCP segment of a reassembled PDU]"
"67576","38.291380053","192.168.1.55","192.168.1.2","TCP","1514","8004  >  36932 [ACK] Seq=242006 Ack=141 Win=65024 Len=1448 TSval=2916042372 TSecr=3045562144 [TCP segment of a reassembled PDU]"
"67577","38.291381386","192.168.1.55","192.168.1.2","TCP","1514","8004  >  36932 [ACK] Seq=243454 Ack=141 Win=65024 Len=1448 TSval=2916042372 TSecr=3045562144 [TCP segment of a reassembled PDU]"
"67578","38.291382683","192.168.1.55","192.168.1.2","TCP","1514","8004  >  36932 [ACK] Seq=244902 Ack=141 Win=65024 Len=1448 TSval=2916042372 TSecr=3045562144 [TCP segment of a reassembled PDU]"
"67579","38.291384146","192.168.1.55","192.168.1.2","TCP","1514","8004  >  36932 [ACK] Seq=246350 Ack=141 Win=65024 Len=1448 TSval=2916042372 TSecr=3045562144 [TCP segment of a reassembled PDU]"
"67580","38.291385905","192.168.1.55","192.168.1.2","TCP","1514","8004  >  36932 [ACK] Seq=247798 Ack=141 Win=65024 Len=1448 TSval=2916042372 TSecr=3045562144 [TCP segment of a reassembled PDU]"
"67581","38.291387201","192.168.1.55","192.168.1.2","TCP","1514","8004  >  36932 [PSH, ACK] Seq=249246 Ack=141 Win=65024 Len=1448 TSval=2916042372 TSecr=3045562144 [TCP segment of a reassembled PDU]"
"67582","38.291392590","192.168.1.2","192.168.1.55","TCP","66","36932  >  8004 [ACK] Seq=141 Ack=191326 Win=90112 Len=0 TSval=3045562145 TSecr=2916042364"
"67583","38.291423757","192.168.1.55","192.168.1.2","TCP","1514","8004  >  36932 [ACK] Seq=250694 Ack=141 Win=65024 Len=1448 TSval=2916042372 TSecr=3045562145 [TCP segment of a reassembled PDU]"
"67584","38.291425590","192.168.1.55","192.168.1.2","TCP","1514","8004  >  36932 [ACK] Seq=252142 Ack=141 Win=65024 Len=1448 TSval=2916042372 TSecr=3045562145 [TCP segment of a reassembled PDU]"
"67585","38.291427072","192.168.1.55","192.168.1.2","TCP","1514","8004  >  36932 [ACK] Seq=253590 Ack=141 Win=65024 Len=1448 TSval=2916042372 TSecr=3045562145 [TCP segment of a reassembled PDU]"
"67586","38.291428553","192.168.1.55","192.168.1.2","TCP","1514","8004  >  36932 [ACK] Seq=255038 Ack=141 Win=65024 Len=1448 TSval=2916042372 TSecr=3045562145 [TCP segment of a reassembled PDU]"
"67587","38.291430072","192.168.1.55","192.168.1.2","TCP","1514","8004  >  36932 [ACK] Seq=256486 Ack=141 Win=65024 Len=1448 TSval=2916042372 TSecr=3045562145 [TCP segment of a reassembled PDU]"
"67588","38.291431664","192.168.1.55","192.168.1.2","TCP","1514","8004  >  36932 [ACK] Seq=257934 Ack=141 Win=65024 Len=1448 TSval=2916042372 TSecr=3045562145 [TCP segment of a reassembled PDU]"
"67589","38.291433053","192.168.1.55","192.168.1.2","TCP","1514","8004  >  36932 [ACK] Seq=259382 Ack=141 Win=65024 Len=1448 TSval=2916042372 TSecr=3045562145 [TCP segment of a reassembled PDU]"
"67590","38.291434572","192.168.1.55","192.168.1.2","TCP","1514","8004  >  36932 [ACK] Seq=260830 Ack=141 Win=65024 Len=1448 TSval=2916042372 TSecr=3045562145 [TCP segment of a reassembled PDU]"
"67591","38.291436016","192.168.1.55","192.168.1.2","TCP","1514","8004  >  36932 [ACK] Seq=262278 Ack=141 Win=65024 Len=1448 TSval=2916042372 TSecr=3045562145 [TCP segment of a reassembled PDU]"
"67592","38.291437350","192.168.1.55","192.168.1.2","TCP","1514","8004  >  36932 [ACK] Seq=263726 Ack=141 Win=65024 Len=1448 TSval=2916042372 TSecr=3045562145 [TCP segment of a reassembled PDU]"
"67593","38.291438887","192.168.1.55","192.168.1.2","TCP","1514","8004  >  36932 [ACK] Seq=265174 Ack=141 Win=65024 Len=1448 TSval=2916042372 TSecr=3045562145 [TCP segment of a reassembled PDU]"
"67594","38.291440387","192.168.1.55","192.168.1.2","TCP","1514","8004  >  36932 [ACK] Seq=266622 Ack=141 Win=65024 Len=1448 TSval=2916042372 TSecr=3045562145 [TCP segment of a reassembled PDU]"
"67595","38.291441812","192.168.1.55","192.168.1.2","TCP","1514","8004  >  36932 [ACK] Seq=268070 Ack=141 Win=65024 Len=1448 TSval=2916042372 TSecr=3045562145 [TCP segment of a reassembled PDU]"
"67596","38.291443238","192.168.1.55","192.168.1.2","TCP","1514","8004  >  36932 [ACK] Seq=269518 Ack=141 Win=65024 Len=1448 TSval=2916042372 TSecr=3045562145 [TCP segment of a reassembled PDU]"
"67597","38.291444664","192.168.1.55","192.168.1.2","TCP","1514","8004  >  36932 [ACK] Seq=270966 Ack=141 Win=65024 Len=1448 TSval=2916042372 TSecr=3045562145 [TCP segment of a reassembled PDU]"
"67598","38.291446146","192.168.1.55","192.168.1.2","TCP","1514","8004  >  36932 [ACK] Seq=272414 Ack=141 Win=65024 Len=1448 TSval=2916042372 TSecr=3045562145 [TCP segment of a reassembled PDU]"
"67599","38.291447553","192.168.1.55","192.168.1.2","TCP","1514","8004  >  36932 [ACK] Seq=273862 Ack=141 Win=65024 Len=1448 TSval=2916042372 TSecr=3045562145 [TCP segment of a reassembled PDU]"
"67600","38.291448868","192.168.1.55","192.168.1.2","TCP","1514","8004  >  36932 [ACK] Seq=275310 Ack=141 Win=65024 Len=1448 TSval=2916042372 TSecr=3045562145 [TCP segment of a reassembled PDU]"
"67601","38.291450775","192.168.1.55","192.168.1.2","TCP","1514","8004  >  36932 [ACK] Seq=276758 Ack=141 Win=65024 Len=1448 TSval=2916042372 TSecr=3045562145 [TCP segment of a reassembled PDU]"
"67602","38.291452146","192.168.1.55","192.168.1.2","TCP","1514","8004  >  36932 [ACK] Seq=278206 Ack=141 Win=65024 Len=1448 TSval=2916042372 TSecr=3045562145 [TCP segment of a reassembled PDU]"
"67603","38.291453516","192.168.1.55","192.168.1.2","TCP","1514","8004  >  36932 [ACK] Seq=279654 Ack=141 Win=65024 Len=1448 TSval=2916042372 TSecr=3045562145 [TCP segment of a reassembled PDU]"
"67604","38.291454887","192.168.1.55","192.168.1.2","TCP","402","[TCP Window Full] 8004  >  36932 [PSH, ACK] Seq=281102 Ack=141 Win=65024 Len=336 TSval=2916042372 TSecr=3045562145 [TCP segment of a reassembled PDU]"
"67605","38.297086822","192.168.1.2","192.168.1.55","TCP","66","36932  >  8004 [ACK] Seq=141 Ack=198566 Win=83968 Len=0 TSval=3045562148 TSecr=2916042371"
"67606","38.297122081","192.168.1.2","192.168.1.55","TCP","66","36932  >  8004 [ACK] Seq=141 Ack=202910 Win=87040 Len=0 TSval=3045562148 TSecr=2916042371"
"67607","38.297133322","192.168.1.55","192.168.1.2","TCP","1514","8004  >  36932 [ACK] Seq=281438 Ack=141 Win=65024 Len=1448 TSval=2916042377 TSecr=3045562148 [TCP segment of a reassembled PDU]"
"67608","38.297136100","192.168.1.55","192.168.1.2","TCP","1514","8004  >  36932 [ACK] Seq=282886 Ack=141 Win=65024 Len=1448 TSval=2916042377 TSecr=3045562148 [TCP segment of a reassembled PDU]"
"67609","38.297137525","192.168.1.55","192.168.1.2","TCP","1514","8004  >  36932 [ACK] Seq=284334 Ack=141 Win=65024 Len=1448 TSval=2916042377 TSecr=3045562148 [TCP segment of a reassembled PDU]"
"67610","38.297138803","192.168.1.55","192.168.1.2","TCP","1514","8004  >  36932 [ACK] Seq=285782 Ack=141 Win=65024 Len=1448 TSval=2916042377 TSecr=3045562148 [TCP segment of a reassembled PDU]"
"67611","38.297140137","192.168.1.55","192.168.1.2","TCP","1514","8004  >  36932 [PSH, ACK] Seq=287230 Ack=141 Win=65024 Len=1448 TSval=2916042377 TSecr=3045562148 [TCP segment of a reassembled PDU]"
"67612","38.300141475","192.168.1.2","192.168.1.55","TCP","66","36932  >  8004 [ACK] Seq=141 Ack=205806 Win=96256 Len=0 TSval=3045562152 TSecr=2916042371"
"67613","38.300152771","192.168.1.55","192.168.1.2","TCP","1514","8004  >  36932 [ACK] Seq=288678 Ack=141 Win=65024 Len=1448 TSval=2916042380 TSecr=3045562152 [TCP segment of a reassembled PDU]"
"67614","38.300155067","192.168.1.55","192.168.1.2","TCP","1514","8004  >  36932 [ACK] Seq=290126 Ack=141 Win=65024 Len=1448 TSval=2916042380 TSecr=3045562152 [TCP segment of a reassembled PDU]"
"67615","38.300156401","192.168.1.55","192.168.1.2","TCP","1514","8004  >  36932 [ACK] Seq=291574 Ack=141 Win=65024 Len=1448 TSval=2916042380 TSecr=3045562152 [TCP segment of a reassembled PDU]"
"67616","38.300157716","192.168.1.55","192.168.1.2","TCP","1514","8004  >  36932 [PSH, ACK] Seq=293022 Ack=141 Win=65024 Len=1448 TSval=2916042380 TSecr=3045562152 [TCP segment of a reassembled PDU]"
"67617","38.300162771","192.168.1.55","192.168.1.2","TCP","1178","8004  >  36932 [ACK] Seq=294470 Ack=141 Win=65024 Len=1112 TSval=2916042380 TSecr=3045562152 [TCP segment of a reassembled PDU]"
"67618","38.300470549","192.168.1.2","192.168.1.55","TCP","66","36932  >  8004 [ACK] Seq=141 Ack=210150 Win=104448 Len=0 TSval=3045562152 TSecr=2916042372"
"67619","38.300477901","192.168.1.2","192.168.1.55","TCP","66","36932  >  8004 [ACK] Seq=141 Ack=250694 Win=110592 Len=0 TSval=3045562152 TSecr=2916042372"
"67620","38.300510475","192.168.1.55","192.168.1.2","TCP","1514","8004  >  36932 [ACK] Seq=295582 Ack=141 Win=65024 Len=1448 TSval=2916042381 TSecr=3045562152 [TCP segment of a reassembled PDU]"
"67621","38.300512957","192.168.1.55","192.168.1.2","TCP","1514","8004  >  36932 [ACK] Seq=297030 Ack=141 Win=65024 Len=1448 TSval=2916042381 TSecr=3045562152 [TCP segment of a reassembled PDU]"
"67622","38.300514364","192.168.1.55","192.168.1.2","TCP","1514","8004  >  36932 [ACK] Seq=298478 Ack=141 Win=65024 Len=1448 TSval=2916042381 TSecr=3045562152 [TCP segment of a reassembled PDU]"
"67623","38.300515809","192.168.1.55","192.168.1.2","TCP","1514","8004  >  36932 [ACK] Seq=299926 Ack=141 Win=65024 Len=1448 TSval=2916042381 TSecr=3045562152 [TCP segment of a reassembled PDU]"
"67624","38.300517661","192.168.1.55","192.168.1.2","TCP","1514","8004  >  36932 [ACK] Seq=301374 Ack=141 Win=65024 Len=1448 TSval=2916042381 TSecr=3045562152 [TCP segment of a reassembled PDU]"
"67625","38.300519012","192.168.1.55","192.168.1.2","TCP","1514","8004  >  36932 [ACK] Seq=302822 Ack=141 Win=65024 Len=1448 TSval=2916042381 TSecr=3045562152 [TCP segment of a reassembled PDU]"
"67626","38.300520364","192.168.1.55","192.168.1.2","TCP","1514","8004  >  36932 [ACK] Seq=304270 Ack=141 Win=65024 Len=1448 TSval=2916042381 TSecr=3045562152 [TCP segment of a reassembled PDU]"
"67627","38.300521679","192.168.1.55","192.168.1.2","TCP","1514","8004  >  36932 [ACK] Seq=305718 Ack=141 Win=65024 Len=1448 TSval=2916042381 TSecr=3045562152 [TCP segment of a reassembled PDU]"
"67628","38.300522994","192.168.1.55","192.168.1.2","TCP","1514","8004  >  36932 [ACK] Seq=307166 Ack=141 Win=65024 Len=1448 TSval=2916042381 TSecr=3045562152 [TCP segment of a reassembled PDU]"
"67629","38.300524401","192.168.1.55","192.168.1.2","TCP","1514","8004  >  36932 [ACK] Seq=308614 Ack=141 Win=65024 Len=1448 TSval=2916042381 TSecr=3045562152 [TCP segment of a reassembled PDU]"
"67630","38.300525883","192.168.1.55","192.168.1.2","TCP","1514","8004  >  36932 [ACK] Seq=310062 Ack=141 Win=65024 Len=1448 TSval=2916042381 TSecr=3045562152 [TCP segment of a reassembled PDU]"
"67631","38.300527161","192.168.1.55","192.168.1.2","TCP","1514","8004  >  36932 [ACK] Seq=311510 Ack=141 Win=65024 Len=1448 TSval=2916042381 TSecr=3045562152 [TCP segment of a reassembled PDU]"
"67632","38.300528568","192.168.1.55","192.168.1.2","TCP","1514","8004  >  36932 [ACK] Seq=312958 Ack=141 Win=65024 Len=1448 TSval=2916042381 TSecr=3045562152 [TCP segment of a reassembled PDU]"
"67633","38.300530086","192.168.1.55","192.168.1.2","TCP","1514","8004  >  36932 [ACK] Seq=314406 Ack=141 Win=65024 Len=1448 TSval=2916042381 TSecr=3045562152 [TCP segment of a reassembled PDU]"
"67634","38.300531531","192.168.1.55","192.168.1.2","TCP","1514","8004  >  36932 [ACK] Seq=315854 Ack=141 Win=65024 Len=1448 TSval=2916042381 TSecr=3045562152 [TCP segment of a reassembled PDU]"
"67635","38.300532920","192.168.1.55","192.168.1.2","TCP","1514","8004  >  36932 [ACK] Seq=317302 Ack=141 Win=65024 Len=1448 TSval=2916042381 TSecr=3045562152 [TCP segment of a reassembled PDU]"
"67636","38.300534364","192.168.1.55","192.168.1.2","TCP","1514","8004  >  36932 [ACK] Seq=318750 Ack=141 Win=65024 Len=1448 TSval=2916042381 TSecr=3045562152 [TCP segment of a reassembled PDU]"
"67637","38.300535846","192.168.1.55","192.168.1.2","TCP","1514","8004  >  36932 [ACK] Seq=320198 Ack=141 Win=65024 Len=1448 TSval=2916042381 TSecr=3045562152 [TCP segment of a reassembled PDU]"
"67638","38.300537235","192.168.1.55","192.168.1.2","TCP","1514","8004  >  36932 [ACK] Seq=321646 Ack=141 Win=65024 Len=1448 TSval=2916042381 TSecr=3045562152 [TCP segment of a reassembled PDU]"
"67639","38.300538661","192.168.1.55","192.168.1.2","TCP","1514","8004  >  36932 [ACK] Seq=323094 Ack=141 Win=65024 Len=1448 TSval=2916042381 TSecr=3045562152 [TCP segment of a reassembled PDU]"
"67640","38.300540124","192.168.1.55","192.168.1.2","TCP","1514","8004  >  36932 [ACK] Seq=324542 Ack=141 Win=65024 Len=1448 TSval=2916042381 TSecr=3045562152 [TCP segment of a reassembled PDU]"
"67641","38.300541679","192.168.1.55","192.168.1.2","TCP","1514","8004  >  36932 [ACK] Seq=325990 Ack=141 Win=65024 Len=1448 TSval=2916042381 TSecr=3045562152 [TCP segment of a reassembled PDU]"
"67642","38.300543049","192.168.1.55","192.168.1.2","TCP","1514","8004  >  36932 [ACK] Seq=327438 Ack=141 Win=65024 Len=1448 TSval=2916042381 TSecr=3045562152 [TCP segment of a reassembled PDU]"
"67643","38.300544327","192.168.1.55","192.168.1.2","TCP","1514","8004  >  36932 [ACK] Seq=328886 Ack=141 Win=65024 Len=1448 TSval=2916042381 TSecr=3045562152 [TCP segment of a reassembled PDU]"
"67644","38.300545716","192.168.1.55","192.168.1.2","TCP","1514","8004  >  36932 [ACK] Seq=330334 Ack=141 Win=65024 Len=1448 TSval=2916042381 TSecr=3045562152 [TCP segment of a reassembled PDU]"
"67645","38.300547031","192.168.1.55","192.168.1.2","TCP","1514","8004  >  36932 [ACK] Seq=331782 Ack=141 Win=65024 Len=1448 TSval=2916042381 TSecr=3045562152 [TCP segment of a reassembled PDU]"
"67646","38.300548735","192.168.1.55","192.168.1.2","TCP","1514","8004  >  36932 [ACK] Seq=333230 Ack=141 Win=65024 Len=1448 TSval=2916042381 TSecr=3045562152 [TCP segment of a reassembled PDU]"
"67647","38.300550142","192.168.1.55","192.168.1.2","TCP","1514","8004  >  36932 [ACK] Seq=334678 Ack=141 Win=65024 Len=1448 TSval=2916042381 TSecr=3045562152 [TCP segment of a reassembled PDU]"
"67648","38.300551549","192.168.1.55","192.168.1.2","TCP","1514","8004  >  36932 [ACK] Seq=336126 Ack=141 Win=65024 Len=1448 TSval=2916042381 TSecr=3045562152 [TCP segment of a reassembled PDU]"
"67649","38.300552864","192.168.1.55","192.168.1.2","TCP","1514","8004  >  36932 [ACK] Seq=337574 Ack=141 Win=65024 Len=1448 TSval=2916042381 TSecr=3045562152 [TCP segment of a reassembled PDU]"
"67650","38.300554179","192.168.1.55","192.168.1.2","TCP","1514","8004  >  36932 [PSH, ACK] Seq=339022 Ack=141 Win=65024 Len=1448 TSval=2916042381 TSecr=3045562152 [TCP segment of a reassembled PDU]"
"67651","38.300558809","192.168.1.2","192.168.1.55","TCP","66","36932  >  8004 [ACK] Seq=141 Ack=265174 Win=97280 Len=0 TSval=3045562152 TSecr=2916042372"
"67652","38.300566957","192.168.1.2","192.168.1.55","TCP","66","36932  >  8004 [ACK] Seq=141 Ack=278206 Win=137216 Len=0 TSval=3045562154 TSecr=2916042372"
"67653","38.300603642","192.168.1.55","192.168.1.2","TCP","1514","8004  >  36932 [ACK] Seq=340470 Ack=141 Win=65024 Len=1448 TSval=2916042381 TSecr=3045562154 [TCP segment of a reassembled PDU]"
"67654","38.300606235","192.168.1.55","192.168.1.2","TCP","1514","8004  >  36932 [ACK] Seq=341918 Ack=141 Win=65024 Len=1448 TSval=2916042381 TSecr=3045562154 [TCP segment of a reassembled PDU]"
"67655","38.300607531","192.168.1.55","192.168.1.2","TCP","1514","8004  >  36932 [ACK] Seq=343366 Ack=141 Win=65024 Len=1448 TSval=2916042381 TSecr=3045562154 [TCP segment of a reassembled PDU]"
"67656","38.300608994","192.168.1.55","192.168.1.2","TCP","1514","8004  >  36932 [ACK] Seq=344814 Ack=141 Win=65024 Len=1448 TSval=2916042381 TSecr=3045562154 [TCP segment of a reassembled PDU]"
"67657","38.300610605","192.168.1.55","192.168.1.2","TCP","1514","8004  >  36932 [ACK] Seq=346262 Ack=141 Win=65024 Len=1448 TSval=2916042381 TSecr=3045562154 [TCP segment of a reassembled PDU]"
"67658","38.300612087","192.168.1.55","192.168.1.2","TCP","1514","8004  >  36932 [ACK] Seq=347710 Ack=141 Win=65024 Len=1448 TSval=2916042381 TSecr=3045562154 [TCP segment of a reassembled PDU]"
"67659","38.300613513","192.168.1.55","192.168.1.2","TCP","1514","8004  >  36932 [ACK] Seq=349158 Ack=141 Win=65024 Len=1448 TSval=2916042381 TSecr=3045562154 [TCP segment of a reassembled PDU]"
"67660","38.300614938","192.168.1.55","192.168.1.2","TCP","1514","8004  >  36932 [ACK] Seq=350606 Ack=141 Win=65024 Len=1448 TSval=2916042381 TSecr=3045562154 [TCP segment of a reassembled PDU]"
"67661","38.300616383","192.168.1.55","192.168.1.2","TCP","1514","8004  >  36932 [ACK] Seq=352054 Ack=141 Win=65024 Len=1448 TSval=2916042381 TSecr=3045562154 [TCP segment of a reassembled PDU]"
"67662","38.300617679","192.168.1.55","192.168.1.2","TCP","1514","8004  >  36932 [ACK] Seq=353502 Ack=141 Win=65024 Len=1448 TSval=2916042381 TSecr=3045562154 [TCP segment of a reassembled PDU]"
"67663","38.300619124","192.168.1.55","192.168.1.2","TCP","1514","8004  >  36932 [ACK] Seq=354950 Ack=141 Win=65024 Len=1448 TSval=2916042381 TSecr=3045562154 [TCP segment of a reassembled PDU]"
"67664","38.300620938","192.168.1.55","192.168.1.2","TCP","1514","8004  >  36932 [ACK] Seq=356398 Ack=141 Win=65024 Len=1448 TSval=2916042381 TSecr=3045562154 [TCP segment of a reassembled PDU]"
"67665","38.300622364","192.168.1.55","192.168.1.2","TCP","1514","8004  >  36932 [ACK] Seq=357846 Ack=141 Win=65024 Len=1448 TSval=2916042381 TSecr=3045562154 [TCP segment of a reassembled PDU]"
"67666","38.300623772","192.168.1.55","192.168.1.2","TCP","1514","8004  >  36932 [ACK] Seq=359294 Ack=141 Win=65024 Len=1448 TSval=2916042381 TSecr=3045562154 [TCP segment of a reassembled PDU]"
"67667","38.300625161","192.168.1.55","192.168.1.2","TCP","1514","8004  >  36932 [ACK] Seq=360742 Ack=141 Win=65024 Len=1448 TSval=2916042381 TSecr=3045562154 [TCP segment of a reassembled PDU]"
"67668","38.300626679","192.168.1.55","192.168.1.2","TCP","1514","8004  >  36932 [ACK] Seq=362190 Ack=141 Win=65024 Len=1448 TSval=2916042381 TSecr=3045562154 [TCP segment of a reassembled PDU]"
"67669","38.300628346","192.168.1.55","192.168.1.2","TCP","1514","8004  >  36932 [ACK] Seq=363638 Ack=141 Win=65024 Len=1448 TSval=2916042381 TSecr=3045562154 [TCP segment of a reassembled PDU]"
"67670","38.300629735","192.168.1.55","192.168.1.2","TCP","1514","8004  >  36932 [ACK] Seq=365086 Ack=141 Win=65024 Len=1448 TSval=2916042381 TSecr=3045562154 [TCP segment of a reassembled PDU]"
"67671","38.300631050","192.168.1.55","192.168.1.2","TCP","1514","8004  >  36932 [ACK] Seq=366534 Ack=141 Win=65024 Len=1448 TSval=2916042381 TSecr=3045562154 [TCP segment of a reassembled PDU]"
"67672","38.300632494","192.168.1.55","192.168.1.2","TCP","1514","8004  >  36932 [ACK] Seq=367982 Ack=141 Win=65024 Len=1448 TSval=2916042381 TSecr=3045562154 [TCP segment of a reassembled PDU]"
"67673","38.300633883","192.168.1.55","192.168.1.2","TCP","1514","8004  >  36932 [ACK] Seq=369430 Ack=141 Win=65024 Len=1448 TSval=2916042381 TSecr=3045562154 [TCP segment of a reassembled PDU]"
"67674","38.300636087","192.168.1.55","192.168.1.2","TCP","1514","8004  >  36932 [ACK] Seq=370878 Ack=141 Win=65024 Len=1448 TSval=2916042381 TSecr=3045562154 [TCP segment of a reassembled PDU]"
"67675","38.300637587","192.168.1.55","192.168.1.2","TCP","1514","8004  >  36932 [ACK] Seq=372326 Ack=141 Win=65024 Len=1448 TSval=2916042381 TSecr=3045562154 [TCP segment of a reassembled PDU]"
"67676","38.300638901","192.168.1.55","192.168.1.2","TCP","1514","8004  >  36932 [ACK] Seq=373774 Ack=141 Win=65024 Len=1448 TSval=2916042381 TSecr=3045562154 [TCP segment of a reassembled PDU]"
"67677","38.300640383","192.168.1.55","192.168.1.2","TCP","1514","8004  >  36932 [ACK] Seq=375222 Ack=141 Win=65024 Len=1448 TSval=2916042381 TSecr=3045562154 [TCP segment of a reassembled PDU]"
"67678","38.300641679","192.168.1.55","192.168.1.2","TCP","1514","8004  >  36932 [ACK] Seq=376670 Ack=141 Win=65024 Len=1448 TSval=2916042381 TSecr=3045562154 [TCP segment of a reassembled PDU]"
"67679","38.300643401","192.168.1.55","192.168.1.2","TCP","1514","8004  >  36932 [ACK] Seq=378118 Ack=141 Win=65024 Len=1448 TSval=2916042381 TSecr=3045562154 [TCP segment of a reassembled PDU]"
"67680","38.300644809","192.168.1.55","192.168.1.2","TCP","1514","8004  >  36932 [ACK] Seq=379566 Ack=141 Win=65024 Len=1448 TSval=2916042381 TSecr=3045562154 [TCP segment of a reassembled PDU]"
"67681","38.300646105","192.168.1.55","192.168.1.2","TCP","1514","8004  >  36932 [ACK] Seq=381014 Ack=141 Win=65024 Len=1448 TSval=2916042381 TSecr=3045562154 [TCP segment of a reassembled PDU]"
"67682","38.300647698","192.168.1.55","192.168.1.2","TCP","1514","8004  >  36932 [ACK] Seq=382462 Ack=141 Win=65024 Len=1448 TSval=2916042381 TSecr=3045562154 [TCP segment of a reassembled PDU]"
"67683","38.300648994","192.168.1.55","192.168.1.2","TCP","1514","8004  >  36932 [PSH, ACK] Seq=383910 Ack=141 Win=65024 Len=1448 TSval=2916042381 TSecr=3045562154 [TCP segment of a reassembled PDU]"
"67684","38.302013830","192.168.1.2","192.168.1.55","TCP","66","36932  >  8004 [ACK] Seq=141 Ack=281438 Win=143360 Len=0 TSval=3045562156 TSecr=2916042372"
"67685","38.302049459","192.168.1.55","192.168.1.2","TCP","1514","8004  >  36932 [ACK] Seq=385358 Ack=141 Win=65024 Len=1448 TSval=2916042382 TSecr=3045562156 [TCP segment of a reassembled PDU]"
"67686","38.302051922","192.168.1.55","192.168.1.2","TCP","1514","8004  >  36932 [ACK] Seq=386806 Ack=141 Win=65024 Len=1448 TSval=2916042382 TSecr=3045562156 [TCP segment of a reassembled PDU]"
"67687","38.302053330","192.168.1.55","192.168.1.2","TCP","1514","8004  >  36932 [ACK] Seq=388254 Ack=141 Win=65024 Len=1448 TSval=2916042382 TSecr=3045562156 [TCP segment of a reassembled PDU]"
"67688","38.302054774","192.168.1.55","192.168.1.2","TCP","1514","8004  >  36932 [ACK] Seq=389702 Ack=141 Win=65024 Len=1448 TSval=2916042382 TSecr=3045562156 [TCP segment of a reassembled PDU]"
"67689","38.302056163","192.168.1.55","192.168.1.2","TCP","1514","8004  >  36932 [ACK] Seq=391150 Ack=141 Win=65024 Len=1448 TSval=2916042382 TSecr=3045562156 [TCP segment of a reassembled PDU]"
"67690","38.302057459","192.168.1.55","192.168.1.2","TCP","1514","8004  >  36932 [ACK] Seq=392598 Ack=141 Win=65024 Len=1448 TSval=2916042382 TSecr=3045562156 [TCP segment of a reassembled PDU]"
"67691","38.302058737","192.168.1.55","192.168.1.2","TCP","1514","8004  >  36932 [ACK] Seq=394046 Ack=141 Win=65024 Len=1448 TSval=2916042382 TSecr=3045562156 [TCP segment of a reassembled PDU]"
"67692","38.302060033","192.168.1.55","192.168.1.2","TCP","1514","8004  >  36932 [ACK] Seq=395494 Ack=141 Win=65024 Len=1448 TSval=2916042382 TSecr=3045562156 [TCP segment of a reassembled PDU]"
"67693","38.302061478","192.168.1.55","192.168.1.2","TCP","1514","8004  >  36932 [ACK] Seq=396942 Ack=141 Win=65024 Len=1448 TSval=2916042382 TSecr=3045562156 [TCP segment of a reassembled PDU]"
"67694","38.302062904","192.168.1.55","192.168.1.2","TCP","1514","8004  >  36932 [ACK] Seq=398390 Ack=141 Win=65024 Len=1448 TSval=2916042382 TSecr=3045562156 [TCP segment of a reassembled PDU]"
"67695","38.302064182","192.168.1.55","192.168.1.2","TCP","1514","8004  >  36932 [ACK] Seq=399838 Ack=141 Win=65024 Len=1448 TSval=2916042382 TSecr=3045562156 [TCP segment of a reassembled PDU]"
"67696","38.302065533","192.168.1.55","192.168.1.2","TCP","1514","8004  >  36932 [ACK] Seq=401286 Ack=141 Win=65024 Len=1448 TSval=2916042382 TSecr=3045562156 [TCP segment of a reassembled PDU]"
"67697","38.302066996","192.168.1.55","192.168.1.2","TCP","1514","8004  >  36932 [ACK] Seq=402734 Ack=141 Win=65024 Len=1448 TSval=2916042382 TSecr=3045562156 [TCP segment of a reassembled PDU]"
"67698","38.302068552","192.168.1.55","192.168.1.2","TCP","1514","8004  >  36932 [ACK] Seq=404182 Ack=141 Win=65024 Len=1448 TSval=2916042382 TSecr=3045562156 [TCP segment of a reassembled PDU]"
"67699","38.302069978","192.168.1.55","192.168.1.2","TCP","1514","8004  >  36932 [ACK] Seq=405630 Ack=141 Win=65024 Len=1448 TSval=2916042382 TSecr=3045562156 [TCP segment of a reassembled PDU]"
"67700","38.302071274","192.168.1.55","192.168.1.2","TCP","1514","8004  >  36932 [ACK] Seq=407078 Ack=141 Win=65024 Len=1448 TSval=2916042382 TSecr=3045562156 [TCP segment of a reassembled PDU]"
"67701","38.302073496","192.168.1.55","192.168.1.2","TCP","1514","8004  >  36932 [ACK] Seq=408526 Ack=141 Win=65024 Len=1448 TSval=2916042382 TSecr=3045562156 [TCP segment of a reassembled PDU]"
"67702","38.302074793","192.168.1.55","192.168.1.2","TCP","1514","8004  >  36932 [ACK] Seq=409974 Ack=141 Win=65024 Len=1448 TSval=2916042382 TSecr=3045562156 [TCP segment of a reassembled PDU]"
"67703","38.302076089","192.168.1.55","192.168.1.2","TCP","1514","8004  >  36932 [ACK] Seq=411422 Ack=141 Win=65024 Len=1448 TSval=2916042382 TSecr=3045562156 [TCP segment of a reassembled PDU]"
"67704","38.302077552","192.168.1.55","192.168.1.2","TCP","1514","8004  >  36932 [ACK] Seq=412870 Ack=141 Win=65024 Len=1448 TSval=2916042382 TSecr=3045562156 [TCP segment of a reassembled PDU]"
"67705","38.302078848","192.168.1.55","192.168.1.2","TCP","1514","8004  >  36932 [ACK] Seq=414318 Ack=141 Win=65024 Len=1448 TSval=2916042382 TSecr=3045562156 [TCP segment of a reassembled PDU]"
"67706","38.302080441","192.168.1.55","192.168.1.2","TCP","1514","8004  >  36932 [ACK] Seq=415766 Ack=141 Win=65024 Len=1448 TSval=2916042382 TSecr=3045562156 [TCP segment of a reassembled PDU]"
"67707","38.302081830","192.168.1.55","192.168.1.2","TCP","1514","8004  >  36932 [ACK] Seq=417214 Ack=141 Win=65024 Len=1448 TSval=2916042382 TSecr=3045562156 [TCP segment of a reassembled PDU]"
"67708","38.302083182","192.168.1.55","192.168.1.2","TCP","1514","8004  >  36932 [ACK] Seq=418662 Ack=141 Win=65024 Len=1448 TSval=2916042382 TSecr=3045562156 [TCP segment of a reassembled PDU]"
"67709","38.302084496","192.168.1.55","192.168.1.2","TCP","1514","8004  >  36932 [ACK] Seq=420110 Ack=141 Win=65024 Len=1448 TSval=2916042382 TSecr=3045562156 [TCP segment of a reassembled PDU]"
"67710","38.302085830","192.168.1.55","192.168.1.2","TCP","1514","8004  >  36932 [ACK] Seq=421558 Ack=141 Win=65024 Len=1448 TSval=2916042382 TSecr=3045562156 [TCP segment of a reassembled PDU]"
"67711","38.302087570","192.168.1.55","192.168.1.2","TCP","1514","8004  >  36932 [PSH, ACK] Seq=423006 Ack=141 Win=65024 Len=1448 TSval=2916042382 TSecr=3045562156 [TCP segment of a reassembled PDU]"
"67712","38.302145478","192.168.1.2","192.168.1.55","TCP","66","36932  >  8004 [ACK] Seq=141 Ack=288678 Win=144384 Len=0 TSval=3045562156 TSecr=2916042377"
"67713","38.302153015","192.168.1.2","192.168.1.55","TCP","66","36932  >  8004 [ACK] Seq=141 Ack=290126 Win=147456 Len=0 TSval=3045562157 TSecr=2916042380"
"67714","38.302157922","192.168.1.2","192.168.1.55","TCP","66","36932  >  8004 [ACK] Seq=141 Ack=293022 Win=152576 Len=0 TSval=3045562157 TSecr=2916042380"
"67715","38.303334628","192.168.1.55","192.168.1.2","TCP","1514","8004  >  36932 [ACK] Seq=424454 Ack=141 Win=65024 Len=1448 TSval=2916042384 TSecr=3045562157 [TCP segment of a reassembled PDU]"
"67716","38.303337221","192.168.1.55","192.168.1.2","TCP","1514","8004  >  36932 [ACK] Seq=425902 Ack=141 Win=65024 Len=1448 TSval=2916042384 TSecr=3045562157 [TCP segment of a reassembled PDU]"
"67717","38.303338628","192.168.1.55","192.168.1.2","TCP","1514","8004  >  36932 [ACK] Seq=427350 Ack=141 Win=65024 Len=1448 TSval=2916042384 TSecr=3045562157 [TCP segment of a reassembled PDU]"
"67718","38.303340035","192.168.1.55","192.168.1.2","TCP","1514","8004  >  36932 [PSH, ACK] Seq=428798 Ack=141 Win=65024 Len=1448 TSval=2916042384 TSecr=3045562157 [TCP segment of a reassembled PDU]"
"67719","38.308999304","192.168.1.2","192.168.1.55","TCP","66","36932  >  8004 [ACK] Seq=141 Ack=294470 Win=154624 Len=0 TSval=3045562164 TSecr=2916042380"
"67720","38.309025822","192.168.1.55","192.168.1.2","TCP","1514","8004  >  36932 [ACK] Seq=430246 Ack=141 Win=65024 Len=1448 TSval=2916042389 TSecr=3045562164 [TCP segment of a reassembled PDU]"
"67721","38.309028841","192.168.1.55","192.168.1.2","TCP","1514","8004  >  36932 [ACK] Seq=431694 Ack=141 Win=65024 Len=1448 TSval=2916042389 TSecr=3045562164 [TCP segment of a reassembled PDU]"
"67722","38.309030137","192.168.1.55","192.168.1.2","TCP","1514","8004  >  36932 [ACK] Seq=433142 Ack=141 Win=65024 Len=1448 TSval=2916042389 TSecr=3045562164 [TCP segment of a reassembled PDU]"
"67723","38.309031434","192.168.1.55","192.168.1.2","TCP","1514","8004  >  36932 [ACK] Seq=434590 Ack=141 Win=65024 Len=1448 TSval=2916042389 TSecr=3045562164 [TCP segment of a reassembled PDU]"
"67724","38.309032785","192.168.1.55","192.168.1.2","TCP","1514","8004  >  36932 [ACK] Seq=436038 Ack=141 Win=65024 Len=1448 TSval=2916042389 TSecr=3045562164 [TCP segment of a reassembled PDU]"
"67725","38.309034137","192.168.1.55","192.168.1.2","TCP","1514","8004  >  36932 [ACK] Seq=437486 Ack=141 Win=65024 Len=1448 TSval=2916042389 TSecr=3045562164 [TCP segment of a reassembled PDU]"
"67726","38.309035934","192.168.1.55","192.168.1.2","TCP","1514","8004  >  36932 [ACK] Seq=438934 Ack=141 Win=65024 Len=1448 TSval=2916042389 TSecr=3045562164 [TCP segment of a reassembled PDU]"
"67727","38.309037193","192.168.1.55","192.168.1.2","TCP","1514","8004  >  36932 [ACK] Seq=440382 Ack=141 Win=65024 Len=1448 TSval=2916042389 TSecr=3045562164 [TCP segment of a reassembled PDU]"
"67728","38.309038600","192.168.1.55","192.168.1.2","TCP","1514","8004  >  36932 [ACK] Seq=441830 Ack=141 Win=65024 Len=1448 TSval=2916042389 TSecr=3045562164 [TCP segment of a reassembled PDU]"
"67729","38.309040045","192.168.1.55","192.168.1.2","TCP","1514","8004  >  36932 [ACK] Seq=443278 Ack=141 Win=65024 Len=1448 TSval=2916042389 TSecr=3045562164 [TCP segment of a reassembled PDU]"
"67730","38.309041434","192.168.1.55","192.168.1.2","TCP","1514","8004  >  36932 [ACK] Seq=444726 Ack=141 Win=65024 Len=1448 TSval=2916042389 TSecr=3045562164 [TCP segment of a reassembled PDU]"
"67731","38.309042767","192.168.1.55","192.168.1.2","TCP","1514","8004  >  36932 [ACK] Seq=446174 Ack=141 Win=65024 Len=1448 TSval=2916042389 TSecr=3045562164 [TCP segment of a reassembled PDU]"
"67732","38.309044082","192.168.1.55","192.168.1.2","TCP","1514","8004  >  36932 [PSH, ACK] Seq=447622 Ack=141 Win=65024 Len=1448 TSval=2916042389 TSecr=3045562164 [TCP segment of a reassembled PDU]"
"67733","38.309605879","192.168.1.2","192.168.1.55","TCP","66","36932  >  8004 [ACK] Seq=141 Ack=425902 Win=31744 Len=0 TSval=3045562164 TSecr=2916042380"
"67734","38.309645490","192.168.1.2","192.168.1.55","TCP","66","36932  >  8004 [ACK] Seq=141 Ack=427350 Win=71680 Len=0 TSval=3045562165 TSecr=2916042384"
"67735","38.309667583","192.168.1.55","192.168.1.2","TCP","1514","8004  >  36932 [ACK] Seq=449070 Ack=141 Win=65024 Len=1448 TSval=2916042390 TSecr=3045562165 [TCP segment of a reassembled PDU]"
"67736","38.309669601","192.168.1.55","192.168.1.2","TCP","1514","8004  >  36932 [ACK] Seq=450518 Ack=141 Win=65024 Len=1448 TSval=2916042390 TSecr=3045562165 [TCP segment of a reassembled PDU]"
"67737","38.309671009","192.168.1.55","192.168.1.2","TCP","1514","8004  >  36932 [ACK] Seq=451966 Ack=141 Win=65024 Len=1448 TSval=2916042390 TSecr=3045562165 [TCP segment of a reassembled PDU]"
"67738","38.309672286","192.168.1.55","192.168.1.2","TCP","1514","8004  >  36932 [ACK] Seq=453414 Ack=141 Win=65024 Len=1448 TSval=2916042390 TSecr=3045562165 [TCP segment of a reassembled PDU]"
"67739","38.309673583","192.168.1.55","192.168.1.2","TCP","1514","8004  >  36932 [ACK] Seq=454862 Ack=141 Win=65024 Len=1448 TSval=2916042390 TSecr=3045562165 [TCP segment of a reassembled PDU]"
"67740","38.309674879","192.168.1.55","192.168.1.2","TCP","1514","8004  >  36932 [ACK] Seq=456310 Ack=141 Win=65024 Len=1448 TSval=2916042390 TSecr=3045562165 [TCP segment of a reassembled PDU]"
"67741","38.309676194","192.168.1.55","192.168.1.2","TCP","1514","8004  >  36932 [ACK] Seq=457758 Ack=141 Win=65024 Len=1448 TSval=2916042390 TSecr=3045562165 [TCP segment of a reassembled PDU]"
"67742","38.309677564","192.168.1.55","192.168.1.2","TCP","1514","8004  >  36932 [ACK] Seq=459206 Ack=141 Win=65024 Len=1448 TSval=2916042390 TSecr=3045562165 [TCP segment of a reassembled PDU]"
"67743","38.309678935","192.168.1.55","192.168.1.2","TCP","1514","8004  >  36932 [ACK] Seq=460654 Ack=141 Win=65024 Len=1448 TSval=2916042390 TSecr=3045562165 [TCP segment of a reassembled PDU]"
"67744","38.309680212","192.168.1.55","192.168.1.2","TCP","1514","8004  >  36932 [ACK] Seq=462102 Ack=141 Win=65024 Len=1448 TSval=2916042390 TSecr=3045562165 [TCP segment of a reassembled PDU]"
"67745","38.309685509","192.168.1.55","192.168.1.2","TCP","1514","8004  >  36932 [ACK] Seq=463550 Ack=141 Win=65024 Len=1448 TSval=2916042390 TSecr=3045562165 [TCP segment of a reassembled PDU]"
"67746","38.309687046","192.168.1.55","192.168.1.2","TCP","1514","8004  >  36932 [ACK] Seq=464998 Ack=141 Win=65024 Len=1448 TSval=2916042390 TSecr=3045562165 [TCP segment of a reassembled PDU]"
"67747","38.309688712","192.168.1.55","192.168.1.2","TCP","1514","8004  >  36932 [ACK] Seq=466446 Ack=141 Win=65024 Len=1448 TSval=2916042390 TSecr=3045562165 [TCP segment of a reassembled PDU]"
"67748","38.309690009","192.168.1.55","192.168.1.2","TCP","1514","8004  >  36932 [ACK] Seq=467894 Ack=141 Win=65024 Len=1448 TSval=2916042390 TSecr=3045562165 [TCP segment of a reassembled PDU]"
"67749","38.309691342","192.168.1.55","192.168.1.2","TCP","1514","8004  >  36932 [ACK] Seq=469342 Ack=141 Win=65024 Len=1448 TSval=2916042390 TSecr=3045562165 [TCP segment of a reassembled PDU]"
"67750","38.309692712","192.168.1.55","192.168.1.2","TCP","1514","8004  >  36932 [ACK] Seq=470790 Ack=141 Win=65024 Len=1448 TSval=2916042390 TSecr=3045562165 [TCP segment of a reassembled PDU]"
"67751","38.309694009","192.168.1.55","192.168.1.2","TCP","1514","8004  >  36932 [ACK] Seq=472238 Ack=141 Win=65024 Len=1448 TSval=2916042390 TSecr=3045562165 [TCP segment of a reassembled PDU]"
"67752","38.309695490","192.168.1.55","192.168.1.2","TCP","1514","8004  >  36932 [PSH, ACK] Seq=473686 Ack=141 Win=65024 Len=1448 TSval=2916042390 TSecr=3045562165 [TCP segment of a reassembled PDU]"
"67753","38.309718046","192.168.1.55","192.168.1.2","TCP","1514","8004  >  36932 [ACK] Seq=475134 Ack=141 Win=65024 Len=1448 TSval=2916042390 TSecr=3045562165 [TCP segment of a reassembled PDU]"
"67754","38.309719675","192.168.1.55","192.168.1.2","TCP","1514","8004  >  36932 [ACK] Seq=476582 Ack=141 Win=65024 Len=1448 TSval=2916042390 TSecr=3045562165 [TCP segment of a reassembled PDU]"
"67755","38.309721046","192.168.1.55","192.168.1.2","TCP","1514","8004  >  36932 [ACK] Seq=478030 Ack=141 Win=65024 Len=1448 TSval=2916042390 TSecr=3045562165 [TCP segment of a reassembled PDU]"
"67756","38.309722324","192.168.1.55","192.168.1.2","TCP","1514","8004  >  36932 [ACK] Seq=479478 Ack=141 Win=65024 Len=1448 TSval=2916042390 TSecr=3045562165 [TCP segment of a reassembled PDU]"
"67757","38.309723694","192.168.1.55","192.168.1.2","TCP","1514","8004  >  36932 [ACK] Seq=480926 Ack=141 Win=65024 Len=1448 TSval=2916042390 TSecr=3045562165 [TCP segment of a reassembled PDU]"
"67758","38.309725138","192.168.1.55","192.168.1.2","TCP","1514","8004  >  36932 [ACK] Seq=482374 Ack=141 Win=65024 Len=1448 TSval=2916042390 TSecr=3045562165 [TCP segment of a reassembled PDU]"
"67759","38.309726620","192.168.1.55","192.168.1.2","TCP","1514","8004  >  36932 [ACK] Seq=483822 Ack=141 Win=65024 Len=1448 TSval=2916042390 TSecr=3045562165 [TCP segment of a reassembled PDU]"
"67760","38.309728472","192.168.1.55","192.168.1.2","TCP","1514","8004  >  36932 [ACK] Seq=485270 Ack=141 Win=65024 Len=1448 TSval=2916042390 TSecr=3045562165 [TCP segment of a reassembled PDU]"
"67761","38.309729787","192.168.1.55","192.168.1.2","TCP","1514","8004  >  36932 [ACK] Seq=486718 Ack=141 Win=65024 Len=1448 TSval=2916042390 TSecr=3045562165 [TCP segment of a reassembled PDU]"
"67762","38.309731212","192.168.1.55","192.168.1.2","TCP","1514","8004  >  36932 [ACK] Seq=488166 Ack=141 Win=65024 Len=1448 TSval=2916042390 TSecr=3045562165 [TCP segment of a reassembled PDU]"
"67763","38.309732916","192.168.1.55","192.168.1.2","TCP","1514","8004  >  36932 [ACK] Seq=489614 Ack=141 Win=65024 Len=1448 TSval=2916042390 TSecr=3045562165 [TCP segment of a reassembled PDU]"
"67764","38.309734583","192.168.1.55","192.168.1.2","TCP","1514","8004  >  36932 [ACK] Seq=491062 Ack=141 Win=65024 Len=1448 TSval=2916042390 TSecr=3045562165 [TCP segment of a reassembled PDU]"
"67765","38.309736175","192.168.1.55","192.168.1.2","TCP","1514","8004  >  36932 [ACK] Seq=492510 Ack=141 Win=65024 Len=1448 TSval=2916042390 TSecr=3045562165 [TCP segment of a reassembled PDU]"
"67766","38.309737675","192.168.1.55","192.168.1.2","TCP","1514","8004  >  36932 [ACK] Seq=493958 Ack=141 Win=65024 Len=1448 TSval=2916042390 TSecr=3045562165 [TCP segment of a reassembled PDU]"
"67767","38.309739231","192.168.1.55","192.168.1.2","TCP","1514","8004  >  36932 [ACK] Seq=495406 Ack=141 Win=65024 Len=1448 TSval=2916042390 TSecr=3045562165 [TCP segment of a reassembled PDU]"
"67768","38.309740620","192.168.1.55","192.168.1.2","TCP","1514","8004  >  36932 [ACK] Seq=496854 Ack=141 Win=65024 Len=1448 TSval=2916042390 TSecr=3045562165 [TCP segment of a reassembled PDU]"
"67769","38.309741898","192.168.1.55","192.168.1.2","TCP","794","[TCP Window Full] 8004  >  36932 [PSH, ACK] Seq=498302 Ack=141 Win=65024 Len=728 TSval=2916042390 TSecr=3045562165 [TCP segment of a reassembled PDU]"
"67770","38.310970344","192.168.1.2","192.168.1.55","TCP","66","36932  >  8004 [ACK] Seq=141 Ack=430246 Win=69632 Len=0 TSval=3045562165 TSecr=2916042384"
"67771","38.310984437","192.168.1.55","192.168.1.2","HTTP","744","HTTP/1.0 200 OK  (PNG)"
"67772","38.312054272","192.168.1.2","192.168.1.55","TCP","66","[TCP Window Update] 36932  >  8004 [ACK] Seq=141 Ack=430246 Win=148480 Len=0 TSval=3045562165 TSecr=2916042384"
"67773","38.314885332","192.168.1.2","192.168.1.55","TCP","66","36932  >  8004 [ACK] Seq=141 Ack=499709 Win=86016 Len=0 TSval=3045562170 TSecr=2916042389"
"67774","38.316355834","192.168.1.2","192.168.1.55","TCP","66","36932  >  8004 [FIN, ACK] Seq=141 Ack=499709 Win=154624 Len=0 TSval=3045562171 TSecr=2916042389"
"67775","38.316377223","192.168.1.55","192.168.1.2","TCP","66","8004  >  36932 [ACK] Seq=499709 Ack=142 Win=65024 Len=0 TSval=2916042397 TSecr=3045562171"
"67776","38.316480538","192.168.1.2","192.168.1.55","TCP","74","36934  >  8004 [SYN] Seq=0 Win=64240 Len=0 MSS=1460 SACK_PERM TSval=3045562171 TSecr=0 WS=1024"
"67777","38.316498316","192.168.1.55","192.168.1.2","TCP","74","8004  >  36934 [SYN, ACK] Seq=0 Ack=1 Win=65160 Len=0 MSS=1460 SACK_PERM TSval=2916042397 TSecr=3045562171 WS=128"
"67778","38.319613247","192.168.1.2","192.168.1.55","TCP","66","36934  >  8004 [ACK] Seq=1 Ack=1 Win=64512 Len=0 TSval=3045562174 TSecr=2916042397"
"67779","38.322862993","192.168.1.2","192.168.1.55","HTTP","209","GET /original_benchmark.png HTTP/1.1 "
"67780","38.322892975","192.168.1.55","192.168.1.2","TCP","66","8004  >  36934 [ACK] Seq=1 Ack=144 Win=65024 Len=0 TSval=2916042403 TSecr=3045562174"
"67781","38.323441846","192.168.1.55","192.168.1.2","TCP","255","8004  >  36934 [PSH, ACK] Seq=1 Ack=144 Win=65024 Len=189 TSval=2916042404 TSecr=3045562174 [TCP segment of a reassembled PDU]"
"67782","38.323563698","192.168.1.55","192.168.1.2","TCP","1514","8004  >  36934 [ACK] Seq=190 Ack=144 Win=65024 Len=1448 TSval=2916042404 TSecr=3045562174 [TCP segment of a reassembled PDU]"
"67783","38.323569365","192.168.1.55","192.168.1.2","TCP","1514","8004  >  36934 [ACK] Seq=1638 Ack=144 Win=65024 Len=1448 TSval=2916042404 TSecr=3045562174 [TCP segment of a reassembled PDU]"
"67784","38.323570846","192.168.1.55","192.168.1.2","TCP","1514","8004  >  36934 [ACK] Seq=3086 Ack=144 Win=65024 Len=1448 TSval=2916042404 TSecr=3045562174 [TCP segment of a reassembled PDU]"
"67785","38.323572235","192.168.1.55","192.168.1.2","TCP","1514","8004  >  36934 [ACK] Seq=4534 Ack=144 Win=65024 Len=1448 TSval=2916042404 TSecr=3045562174 [TCP segment of a reassembled PDU]"
"67786","38.323573735","192.168.1.55","192.168.1.2","TCP","1514","8004  >  36934 [PSH, ACK] Seq=5982 Ack=144 Win=65024 Len=1448 TSval=2916042404 TSecr=3045562174 [TCP segment of a reassembled PDU]"
"67787","38.323600846","192.168.1.55","192.168.1.2","TCP","1514","8004  >  36934 [ACK] Seq=7430 Ack=144 Win=65024 Len=1448 TSval=2916042404 TSecr=3045562174 [TCP segment of a reassembled PDU]"
"67788","38.323603494","192.168.1.55","192.168.1.2","TCP","1514","8004  >  36934 [ACK] Seq=8878 Ack=144 Win=65024 Len=1448 TSval=2916042404 TSecr=3045562174 [TCP segment of a reassembled PDU]"
"67789","38.323604939","192.168.1.55","192.168.1.2","TCP","1514","8004  >  36934 [ACK] Seq=10326 Ack=144 Win=65024 Len=1448 TSval=2916042404 TSecr=3045562174 [TCP segment of a reassembled PDU]"
"67790","38.323606272","192.168.1.55","192.168.1.2","TCP","1514","8004  >  36934 [PSH, ACK] Seq=11774 Ack=144 Win=65024 Len=1448 TSval=2916042404 TSecr=3045562174 [TCP segment of a reassembled PDU]"
"67791","38.328378724","192.168.1.2","192.168.1.55","TCP","66","36934  >  8004 [ACK] Seq=144 Ack=190 Win=64512 Len=0 TSval=3045562182 TSecr=2916042404"
"67792","38.328492984","192.168.1.55","192.168.1.2","TCP","1514","8004  >  36934 [ACK] Seq=13222 Ack=144 Win=65024 Len=1448 TSval=2916042409 TSecr=3045562182 [TCP segment of a reassembled PDU]"
"67793","38.328506928","192.168.1.55","192.168.1.2","TCP","1514","8004  >  36934 [PSH, ACK] Seq=14670 Ack=144 Win=65024 Len=1448 TSval=2916042409 TSecr=3045562182 [TCP segment of a reassembled PDU]"
"67794","38.328615076","192.168.1.2","192.168.1.55","TCP","66","36934  >  8004 [ACK] Seq=144 Ack=10326 Win=64512 Len=0 TSval=3045562182 TSecr=2916042404"
"67795","38.328675780","192.168.1.55","192.168.1.2","TCP","1514","8004  >  36934 [ACK] Seq=16118 Ack=144 Win=65024 Len=1448 TSval=2916042409 TSecr=3045562182 [TCP segment of a reassembled PDU]"
"67796","38.328681040","192.168.1.55","192.168.1.2","TCP","1514","8004  >  36934 [ACK] Seq=17566 Ack=144 Win=65024 Len=1448 TSval=2916042409 TSecr=3045562182 [TCP segment of a reassembled PDU]"
"67797","38.328682947","192.168.1.55","192.168.1.2","TCP","1514","8004  >  36934 [ACK] Seq=19014 Ack=144 Win=65024 Len=1448 TSval=2916042409 TSecr=3045562182 [TCP segment of a reassembled PDU]"
"67798","38.328684336","192.168.1.55","192.168.1.2","TCP","1514","8004  >  36934 [ACK] Seq=20462 Ack=144 Win=65024 Len=1448 TSval=2916042409 TSecr=3045562182 [TCP segment of a reassembled PDU]"
"67799","38.328685540","192.168.1.55","192.168.1.2","TCP","1514","8004  >  36934 [ACK] Seq=21910 Ack=144 Win=65024 Len=1448 TSval=2916042409 TSecr=3045562182 [TCP segment of a reassembled PDU]"
"67800","38.328687021","192.168.1.55","192.168.1.2","TCP","1514","8004  >  36934 [ACK] Seq=23358 Ack=144 Win=65024 Len=1448 TSval=2916042409 TSecr=3045562182 [TCP segment of a reassembled PDU]"
"67801","38.328688651","192.168.1.55","192.168.1.2","TCP","1514","8004  >  36934 [ACK] Seq=24806 Ack=144 Win=65024 Len=1448 TSval=2916042409 TSecr=3045562182 [TCP segment of a reassembled PDU]"
"67802","38.328689947","192.168.1.55","192.168.1.2","TCP","1514","8004  >  36934 [ACK] Seq=26254 Ack=144 Win=65024 Len=1448 TSval=2916042409 TSecr=3045562182 [TCP segment of a reassembled PDU]"
"67803","38.328691262","192.168.1.55","192.168.1.2","TCP","1514","8004  >  36934 [PSH, ACK] Seq=27702 Ack=144 Win=65024 Len=1448 TSval=2916042409 TSecr=3045562182 [TCP segment of a reassembled PDU]"
"67804","38.328702243","192.168.1.2","192.168.1.55","TCP","66","36934  >  8004 [ACK] Seq=144 Ack=13222 Win=70656 Len=0 TSval=3045562183 TSecr=2916042404"
"67805","38.328749891","192.168.1.55","192.168.1.2","TCP","1514","8004  >  36934 [ACK] Seq=29150 Ack=144 Win=65024 Len=1448 TSval=2916042409 TSecr=3045562183 [TCP segment of a reassembled PDU]"
"67806","38.328754706","192.168.1.55","192.168.1.2","TCP","1514","8004  >  36934 [ACK] Seq=30598 Ack=144 Win=65024 Len=1448 TSval=2916042409 TSecr=3045562183 [TCP segment of a reassembled PDU]"
"67807","38.328756206","192.168.1.55","192.168.1.2","TCP","1514","8004  >  36934 [ACK] Seq=32046 Ack=144 Win=65024 Len=1448 TSval=2916042409 TSecr=3045562183 [TCP segment of a reassembled PDU]"
"67808","38.328758058","192.168.1.55","192.168.1.2","TCP","1514","8004  >  36934 [ACK] Seq=33494 Ack=144 Win=65024 Len=1448 TSval=2916042409 TSecr=3045562183 [TCP segment of a reassembled PDU]"
"67809","38.328759299","192.168.1.55","192.168.1.2","TCP","1514","8004  >  36934 [ACK] Seq=34942 Ack=144 Win=65024 Len=1448 TSval=2916042409 TSecr=3045562183 [TCP segment of a reassembled PDU]"
"67810","38.328760317","192.168.1.55","192.168.1.2","TCP","1514","8004  >  36934 [ACK] Seq=36390 Ack=144 Win=65024 Len=1448 TSval=2916042409 TSecr=3045562183 [TCP segment of a reassembled PDU]"
"67811","38.328761299","192.168.1.55","192.168.1.2","TCP","1514","8004  >  36934 [ACK] Seq=37838 Ack=144 Win=65024 Len=1448 TSval=2916042409 TSecr=3045562183 [TCP segment of a reassembled PDU]"
"67812","38.328762651","192.168.1.55","192.168.1.2","TCP","1514","8004  >  36934 [ACK] Seq=39286 Ack=144 Win=65024 Len=1448 TSval=2916042409 TSecr=3045562183 [TCP segment of a reassembled PDU]"
"67813","38.328764003","192.168.1.55","192.168.1.2","TCP","1514","8004  >  36934 [PSH, ACK] Seq=40734 Ack=144 Win=65024 Len=1448 TSval=2916042409 TSecr=3045562183 [TCP segment of a reassembled PDU]"
"67814","38.333783437","192.168.1.2","192.168.1.55","TCP","66","36934  >  8004 [ACK] Seq=144 Ack=16118 Win=76800 Len=0 TSval=3045562188 TSecr=2916042409"
"67815","38.333888233","192.168.1.55","192.168.1.2","TCP","1514","8004  >  36934 [ACK] Seq=42182 Ack=144 Win=65024 Len=1448 TSval=2916042414 TSecr=3045562188 [TCP segment of a reassembled PDU]"
"67816","38.333899585","192.168.1.55","192.168.1.2","TCP","1514","8004  >  36934 [PSH, ACK] Seq=43630 Ack=144 Win=65024 Len=1448 TSval=2916042414 TSecr=3045562188 [TCP segment of a reassembled PDU]"
"67817","38.333976196","192.168.1.2","192.168.1.55","TCP","66","36934  >  8004 [ACK] Seq=144 Ack=29150 Win=72704 Len=0 TSval=3045562188 TSecr=2916042409"
"67818","38.334036567","192.168.1.55","192.168.1.2","TCP","1514","8004  >  36934 [ACK] Seq=45078 Ack=144 Win=65024 Len=1448 TSval=2916042414 TSecr=3045562188 [TCP segment of a reassembled PDU]"
"67819","38.334043937","192.168.1.55","192.168.1.2","TCP","1514","8004  >  36934 [ACK] Seq=46526 Ack=144 Win=65024 Len=1448 TSval=2916042414 TSecr=3045562188 [TCP segment of a reassembled PDU]"
"67820","38.334045548","192.168.1.55","192.168.1.2","TCP","1514","8004  >  36934 [ACK] Seq=47974 Ack=144 Win=65024 Len=1448 TSval=2916042414 TSecr=3045562188 [TCP segment of a reassembled PDU]"
"67821","38.334047400","192.168.1.55","192.168.1.2","TCP","1514","8004  >  36934 [ACK] Seq=49422 Ack=144 Win=65024 Len=1448 TSval=2916042414 TSecr=3045562188 [TCP segment of a reassembled PDU]"
"67822","38.334049159","192.168.1.55","192.168.1.2","TCP","1514","8004  >  36934 [ACK] Seq=50870 Ack=144 Win=65024 Len=1448 TSval=2916042414 TSecr=3045562188 [TCP segment of a reassembled PDU]"
"67823","38.334051307","192.168.1.55","192.168.1.2","TCP","1514","8004  >  36934 [ACK] Seq=52318 Ack=144 Win=65024 Len=1448 TSval=2916042414 TSecr=3045562188 [TCP segment of a reassembled PDU]"
"67824","38.334053493","192.168.1.55","192.168.1.2","TCP","1514","8004  >  36934 [ACK] Seq=53766 Ack=144 Win=65024 Len=1448 TSval=2916042414 TSecr=3045562188 [TCP segment of a reassembled PDU]"
"67825","38.334055474","192.168.1.55","192.168.1.2","TCP","1514","8004  >  36934 [ACK] Seq=55214 Ack=144 Win=65024 Len=1448 TSval=2916042414 TSecr=3045562188 [TCP segment of a reassembled PDU]"
"67826","38.334058011","192.168.1.55","192.168.1.2","TCP","1514","8004  >  36934 [ACK] Seq=56662 Ack=144 Win=65024 Len=1448 TSval=2916042414 TSecr=3045562188 [TCP segment of a reassembled PDU]"
"67827","38.334059252","192.168.1.55","192.168.1.2","TCP","1514","8004  >  36934 [ACK] Seq=58110 Ack=144 Win=65024 Len=1448 TSval=2916042414 TSecr=3045562188 [TCP segment of a reassembled PDU]"
"67828","38.334060567","192.168.1.55","192.168.1.2","TCP","1514","8004  >  36934 [ACK] Seq=59558 Ack=144 Win=65024 Len=1448 TSval=2916042414 TSecr=3045562188 [TCP segment of a reassembled PDU]"
"67829","38.334062956","192.168.1.55","192.168.1.2","TCP","1514","8004  >  36934 [ACK] Seq=61006 Ack=144 Win=65024 Len=1448 TSval=2916042414 TSecr=3045562188 [TCP segment of a reassembled PDU]"
"67830","38.334065530","192.168.1.55","192.168.1.2","TCP","1514","8004  >  36934 [ACK] Seq=62454 Ack=144 Win=65024 Len=1448 TSval=2916042414 TSecr=3045562188 [TCP segment of a reassembled PDU]"
"67831","38.334067993","192.168.1.55","192.168.1.2","TCP","1514","8004  >  36934 [ACK] Seq=63902 Ack=144 Win=65024 Len=1448 TSval=2916042414 TSecr=3045562188 [TCP segment of a reassembled PDU]"
"67832","38.334069567","192.168.1.55","192.168.1.2","TCP","1514","8004  >  36934 [PSH, ACK] Seq=65350 Ack=144 Win=65024 Len=1448 TSval=2916042414 TSecr=3045562188 [TCP segment of a reassembled PDU]"
"67833","38.334088956","192.168.1.2","192.168.1.55","TCP","66","36934  >  8004 [ACK] Seq=144 Ack=36390 Win=66560 Len=0 TSval=3045562188 TSecr=2916042409"
"67834","38.334144326","192.168.1.55","192.168.1.2","TCP","1514","8004  >  36934 [ACK] Seq=66798 Ack=144 Win=65024 Len=1448 TSval=2916042414 TSecr=3045562188 [TCP segment of a reassembled PDU]"
"67835","38.334148345","192.168.1.55","192.168.1.2","TCP","1514","8004  >  36934 [ACK] Seq=68246 Ack=144 Win=65024 Len=1448 TSval=2916042414 TSecr=3045562188 [TCP segment of a reassembled PDU]"
"67836","38.334150474","192.168.1.55","192.168.1.2","TCP","1514","8004  >  36934 [ACK] Seq=69694 Ack=144 Win=65024 Len=1448 TSval=2916042414 TSecr=3045562188 [TCP segment of a reassembled PDU]"
"67837","38.334151956","192.168.1.55","192.168.1.2","TCP","1514","8004  >  36934 [ACK] Seq=71142 Ack=144 Win=65024 Len=1448 TSval=2916042414 TSecr=3045562188 [TCP segment of a reassembled PDU]"
"67838","38.334154159","192.168.1.55","192.168.1.2","TCP","1514","8004  >  36934 [ACK] Seq=72590 Ack=144 Win=65024 Len=1448 TSval=2916042414 TSecr=3045562188 [TCP segment of a reassembled PDU]"
"67839","38.334155882","192.168.1.55","192.168.1.2","TCP","1514","8004  >  36934 [ACK] Seq=74038 Ack=144 Win=65024 Len=1448 TSval=2916042414 TSecr=3045562188 [TCP segment of a reassembled PDU]"
"67840","38.334157308","192.168.1.55","192.168.1.2","TCP","1514","8004  >  36934 [PSH, ACK] Seq=75486 Ack=144 Win=65024 Len=1448 TSval=2916042414 TSecr=3045562188 [TCP segment of a reassembled PDU]"
"67841","38.334166197","192.168.1.2","192.168.1.55","TCP","66","36934  >  8004 [ACK] Seq=144 Ack=39286 Win=80896 Len=0 TSval=3045562188 TSecr=2916042409"
"67842","38.334171122","192.168.1.2","192.168.1.55","TCP","66","36934  >  8004 [ACK] Seq=144 Ack=42182 Win=80896 Len=0 TSval=3045562188 TSecr=2916042409"
"67843","38.335227180","192.168.1.55","192.168.1.2","TCP","1514","8004  >  36934 [ACK] Seq=76934 Ack=144 Win=65024 Len=1448 TSval=2916042415 TSecr=3045562188 [TCP segment of a reassembled PDU]"
"67844","38.335237717","192.168.1.55","192.168.1.2","TCP","1514","8004  >  36934 [ACK] Seq=78382 Ack=144 Win=65024 Len=1448 TSval=2916042415 TSecr=3045562188 [TCP segment of a reassembled PDU]"
"67845","38.335240921","192.168.1.55","192.168.1.2","TCP","1514","8004  >  36934 [ACK] Seq=79830 Ack=144 Win=65024 Len=1448 TSval=2916042415 TSecr=3045562188 [TCP segment of a reassembled PDU]"
"67846","38.335242587","192.168.1.55","192.168.1.2","TCP","1514","8004  >  36934 [ACK] Seq=81278 Ack=144 Win=65024 Len=1448 TSval=2916042415 TSecr=3045562188 [TCP segment of a reassembled PDU]"
"67847","38.335245235","192.168.1.55","192.168.1.2","TCP","1514","8004  >  36934 [ACK] Seq=82726 Ack=144 Win=65024 Len=1448 TSval=2916042415 TSecr=3045562188 [TCP segment of a reassembled PDU]"
"67848","38.335248921","192.168.1.55","192.168.1.2","TCP","1514","8004  >  36934 [ACK] Seq=84174 Ack=144 Win=65024 Len=1448 TSval=2916042415 TSecr=3045562188 [TCP segment of a reassembled PDU]"
"67849","38.335250643","192.168.1.55","192.168.1.2","TCP","1514","8004  >  36934 [ACK] Seq=85622 Ack=144 Win=65024 Len=1448 TSval=2916042415 TSecr=3045562188 [TCP segment of a reassembled PDU]"
"67850","38.335252921","192.168.1.55","192.168.1.2","TCP","1514","8004  >  36934 [ACK] Seq=87070 Ack=144 Win=65024 Len=1448 TSval=2916042415 TSecr=3045562188 [TCP segment of a reassembled PDU]"
"67851","38.335255569","192.168.1.55","192.168.1.2","TCP","1514","8004  >  36934 [ACK] Seq=88518 Ack=144 Win=65024 Len=1448 TSval=2916042415 TSecr=3045562188 [TCP segment of a reassembled PDU]"
"67852","38.335259902","192.168.1.55","192.168.1.2","TCP","1514","8004  >  36934 [ACK] Seq=89966 Ack=144 Win=65024 Len=1448 TSval=2916042415 TSecr=3045562188 [TCP segment of a reassembled PDU]"
"67853","38.335261606","192.168.1.55","192.168.1.2","TCP","1514","8004  >  36934 [ACK] Seq=91414 Ack=144 Win=65024 Len=1448 TSval=2916042415 TSecr=3045562188 [TCP segment of a reassembled PDU]"
"67854","38.335263754","192.168.1.55","192.168.1.2","TCP","1514","8004  >  36934 [ACK] Seq=92862 Ack=144 Win=65024 Len=1448 TSval=2916042415 TSecr=3045562188 [TCP segment of a reassembled PDU]"
"67855","38.335265346","192.168.1.55","192.168.1.2","TCP","1514","8004  >  36934 [ACK] Seq=94310 Ack=144 Win=65024 Len=1448 TSval=2916042415 TSecr=3045562188 [TCP segment of a reassembled PDU]"
"67856","38.335266735","192.168.1.55","192.168.1.2","TCP","1514","8004  >  36934 [ACK] Seq=95758 Ack=144 Win=65024 Len=1448 TSval=2916042415 TSecr=3045562188 [TCP segment of a reassembled PDU]"
"67857","38.335270402","192.168.1.55","192.168.1.2","TCP","1514","8004  >  36934 [ACK] Seq=97206 Ack=144 Win=65024 Len=1448 TSval=2916042415 TSecr=3045562188 [TCP segment of a reassembled PDU]"
"67858","38.335272735","192.168.1.55","192.168.1.2","TCP","1514","8004  >  36934 [PSH, ACK] Seq=98654 Ack=144 Win=65024 Len=1448 TSval=2916042415 TSecr=3045562188 [TCP segment of a reassembled PDU]"
"67859","38.339747483","192.168.1.2","192.168.1.55","TCP","66","36934  >  8004 [ACK] Seq=144 Ack=45078 Win=79872 Len=0 TSval=3045562194 TSecr=2916042414"
"67860","38.339837169","192.168.1.55","192.168.1.2","TCP","1514","8004  >  36934 [ACK] Seq=100102 Ack=144 Win=65024 Len=1448 TSval=2916042420 TSecr=3045562194 [TCP segment of a reassembled PDU]"
"67861","38.339843372","192.168.1.55","192.168.1.2","TCP","1514","8004  >  36934 [ACK] Seq=101550 Ack=144 Win=65024 Len=1448 TSval=2916042420 TSecr=3045562194 [TCP segment of a reassembled PDU]"
"67862","38.339844835","192.168.1.55","192.168.1.2","TCP","1514","8004  >  36934 [ACK] Seq=102998 Ack=144 Win=65024 Len=1448 TSval=2916042420 TSecr=3045562194 [TCP segment of a reassembled PDU]"
"67863","38.339846261","192.168.1.55","192.168.1.2","TCP","1514","8004  >  36934 [PSH, ACK] Seq=104446 Ack=144 Win=65024 Len=1448 TSval=2916042420 TSecr=3045562194 [TCP segment of a reassembled PDU]"
"67864","38.339909021","192.168.1.2","192.168.1.55","TCP","66","36934  >  8004 [ACK] Seq=144 Ack=66798 Win=65536 Len=0 TSval=3045562194 TSecr=2916042414"
"67865","38.339927724","192.168.1.55","192.168.1.2","TCP","1514","8004  >  36934 [ACK] Seq=105894 Ack=144 Win=65024 Len=1448 TSval=2916042420 TSecr=3045562194 [TCP segment of a reassembled PDU]"
"67866","38.339929058","192.168.1.55","192.168.1.2","TCP","1514","8004  >  36934 [ACK] Seq=107342 Ack=144 Win=65024 Len=1448 TSval=2916042420 TSecr=3045562194 [TCP segment of a reassembled PDU]"
"67867","38.339930502","192.168.1.55","192.168.1.2","TCP","1514","8004  >  36934 [ACK] Seq=108790 Ack=144 Win=65024 Len=1448 TSval=2916042420 TSecr=3045562194 [TCP segment of a reassembled PDU]"
"67868","38.339931502","192.168.1.55","192.168.1.2","TCP","1514","8004  >  36934 [PSH, ACK] Seq=110238 Ack=144 Win=65024 Len=1448 TSval=2916042420 TSecr=3045562194 [TCP segment of a reassembled PDU]"
"67869","38.339944799","192.168.1.2","192.168.1.55","TCP","66","36934  >  8004 [ACK] Seq=144 Ack=76934 Win=56320 Len=0 TSval=3045562194 TSecr=2916042414"
"67870","38.339971780","192.168.1.55","192.168.1.2","TCP","1514","8004  >  36934 [ACK] Seq=111686 Ack=144 Win=65024 Len=1448 TSval=2916042420 TSecr=3045562194 [TCP segment of a reassembled PDU]"
"67871","38.339973836","192.168.1.55","192.168.1.2","TCP","1514","8004  >  36934 [ACK] Seq=113134 Ack=144 Win=65024 Len=1448 TSval=2916042420 TSecr=3045562194 [TCP segment of a reassembled PDU]"
"67872","38.339974762","192.168.1.55","192.168.1.2","TCP","1514","8004  >  36934 [ACK] Seq=114582 Ack=144 Win=65024 Len=1448 TSval=2916042420 TSecr=3045562194 [TCP segment of a reassembled PDU]"
"67873","38.339975947","192.168.1.55","192.168.1.2","TCP","1514","8004  >  36934 [ACK] Seq=116030 Ack=144 Win=65024 Len=1448 TSval=2916042420 TSecr=3045562194 [TCP segment of a reassembled PDU]"
"67874","38.339977113","192.168.1.55","192.168.1.2","TCP","1514","8004  >  36934 [ACK] Seq=117478 Ack=144 Win=65024 Len=1448 TSval=2916042420 TSecr=3045562194 [TCP segment of a reassembled PDU]"
"67875","38.339978280","192.168.1.55","192.168.1.2","TCP","1514","8004  >  36934 [ACK] Seq=118926 Ack=144 Win=65024 Len=1448 TSval=2916042420 TSecr=3045562194 [TCP segment of a reassembled PDU]"
"67876","38.339979354","192.168.1.55","192.168.1.2","TCP","1514","8004  >  36934 [ACK] Seq=120374 Ack=144 Win=65024 Len=1448 TSval=2916042420 TSecr=3045562194 [TCP segment of a reassembled PDU]"
"67877","38.339980299","192.168.1.55","192.168.1.2","TCP","1514","8004  >  36934 [ACK] Seq=121822 Ack=144 Win=65024 Len=1448 TSval=2916042420 TSecr=3045562194 [TCP segment of a reassembled PDU]"
"67878","38.339981484","192.168.1.55","192.168.1.2","TCP","1514","8004  >  36934 [ACK] Seq=123270 Ack=144 Win=65024 Len=1448 TSval=2916042420 TSecr=3045562194 [TCP segment of a reassembled PDU]"
"67879","38.339982465","192.168.1.55","192.168.1.2","TCP","1514","8004  >  36934 [ACK] Seq=124718 Ack=144 Win=65024 Len=1448 TSval=2916042420 TSecr=3045562194 [TCP segment of a reassembled PDU]"
"67880","38.339983836","192.168.1.55","192.168.1.2","TCP","1514","8004  >  36934 [ACK] Seq=126166 Ack=144 Win=65024 Len=1448 TSval=2916042420 TSecr=3045562194 [TCP segment of a reassembled PDU]"
"67881","38.339985021","192.168.1.55","192.168.1.2","TCP","1514","8004  >  36934 [ACK] Seq=127614 Ack=144 Win=65024 Len=1448 TSval=2916042420 TSecr=3045562194 [TCP segment of a reassembled PDU]"
"67882","38.339986187","192.168.1.55","192.168.1.2","TCP","1514","8004  >  36934 [ACK] Seq=129062 Ack=144 Win=65024 Len=1448 TSval=2916042420 TSecr=3045562194 [TCP segment of a reassembled PDU]"
"67883","38.339987299","192.168.1.55","192.168.1.2","TCP","1514","8004  >  36934 [ACK] Seq=130510 Ack=144 Win=65024 Len=1448 TSval=2916042420 TSecr=3045562194 [TCP segment of a reassembled PDU]"
"67884","38.339988299","192.168.1.55","192.168.1.2","TCP","1362","[TCP Window Full] 8004  >  36934 [PSH, ACK] Seq=131958 Ack=144 Win=65024 Len=1296 TSval=2916042420 TSecr=3045562194 [TCP segment of a reassembled PDU]"
"67885","38.339992299","192.168.1.2","192.168.1.55","TCP","66","36934  >  8004 [ACK] Seq=144 Ack=100102 Win=54272 Len=0 TSval=3045562194 TSecr=2916042415"
"67886","38.340059965","192.168.1.55","192.168.1.2","TCP","1514","8004  >  36934 [ACK] Seq=133254 Ack=144 Win=65024 Len=1448 TSval=2916042420 TSecr=3045562194 [TCP segment of a reassembled PDU]"
"67887","38.340064076","192.168.1.55","192.168.1.2","TCP","1514","8004  >  36934 [ACK] Seq=134702 Ack=144 Win=65024 Len=1448 TSval=2916042420 TSecr=3045562194 [TCP segment of a reassembled PDU]"
"67888","38.340065206","192.168.1.55","192.168.1.2","TCP","1514","8004  >  36934 [ACK] Seq=136150 Ack=144 Win=65024 Len=1448 TSval=2916042420 TSecr=3045562194 [TCP segment of a reassembled PDU]"
"67889","38.340066262","192.168.1.55","192.168.1.2","TCP","1514","8004  >  36934 [ACK] Seq=137598 Ack=144 Win=65024 Len=1448 TSval=2916042420 TSecr=3045562194 [TCP segment of a reassembled PDU]"
"67890","38.340067280","192.168.1.55","192.168.1.2","TCP","1514","8004  >  36934 [ACK] Seq=139046 Ack=144 Win=65024 Len=1448 TSval=2916042420 TSecr=3045562194 [TCP segment of a reassembled PDU]"
"67891","38.340068317","192.168.1.55","192.168.1.2","TCP","1514","8004  >  36934 [ACK] Seq=140494 Ack=144 Win=65024 Len=1448 TSval=2916042420 TSecr=3045562194 [TCP segment of a reassembled PDU]"
"67892","38.340069262","192.168.1.55","192.168.1.2","TCP","1514","8004  >  36934 [ACK] Seq=141942 Ack=144 Win=65024 Len=1448 TSval=2916042420 TSecr=3045562194 [TCP segment of a reassembled PDU]"
"67893","38.340070317","192.168.1.55","192.168.1.2","TCP","1514","8004  >  36934 [ACK] Seq=143390 Ack=144 Win=65024 Len=1448 TSval=2916042420 TSecr=3045562194 [TCP segment of a reassembled PDU]"
"67894","38.340071317","192.168.1.55","192.168.1.2","TCP","1514","8004  >  36934 [PSH, ACK] Seq=144838 Ack=144 Win=65024 Len=1448 TSval=2916042420 TSecr=3045562194 [TCP segment of a reassembled PDU]"
"67895","38.340078354","192.168.1.55","192.168.1.2","TCP","218","8004  >  36934 [ACK] Seq=146286 Ack=144 Win=65024 Len=152 TSval=2916042420 TSecr=3045562194 [TCP segment of a reassembled PDU]"
"67896","38.340086928","192.168.1.55","192.168.1.2","TCP","1514","8004  >  36934 [ACK] Seq=146438 Ack=144 Win=65024 Len=1448 TSval=2916042420 TSecr=3045562194 [TCP segment of a reassembled PDU]"
"67897","38.340088262","192.168.1.55","192.168.1.2","TCP","1514","8004  >  36934 [ACK] Seq=147886 Ack=144 Win=65024 Len=1448 TSval=2916042420 TSecr=3045562194 [TCP segment of a reassembled PDU]"
"67898","38.340089262","192.168.1.55","192.168.1.2","TCP","1514","8004  >  36934 [ACK] Seq=149334 Ack=144 Win=65024 Len=1448 TSval=2916042420 TSecr=3045562194 [TCP segment of a reassembled PDU]"
"67899","38.340090280","192.168.1.55","192.168.1.2","TCP","1514","8004  >  36934 [ACK] Seq=150782 Ack=144 Win=65024 Len=1448 TSval=2916042420 TSecr=3045562194 [TCP segment of a reassembled PDU]"
"67900","38.340091410","192.168.1.55","192.168.1.2","TCP","1514","8004  >  36934 [PSH, ACK] Seq=152230 Ack=144 Win=65024 Len=1448 TSval=2916042420 TSecr=3045562194 [TCP segment of a reassembled PDU]"
"67901","38.345679178","192.168.1.2","192.168.1.55","TCP","66","36934  >  8004 [ACK] Seq=144 Ack=105894 Win=76800 Len=0 TSval=3045562199 TSecr=2916042420"
"67902","38.345834123","192.168.1.55","192.168.1.2","TCP","1514","8004  >  36934 [ACK] Seq=153678 Ack=144 Win=65024 Len=1448 TSval=2916042426 TSecr=3045562199 [TCP segment of a reassembled PDU]"
"67903","38.345847401","192.168.1.55","192.168.1.2","TCP","1514","8004  >  36934 [ACK] Seq=155126 Ack=144 Win=65024 Len=1448 TSval=2916042426 TSecr=3045562199 [TCP segment of a reassembled PDU]"
"67904","38.345849715","192.168.1.55","192.168.1.2","TCP","1514","8004  >  36934 [ACK] Seq=156574 Ack=144 Win=65024 Len=1448 TSval=2916042426 TSecr=3045562199 [TCP segment of a reassembled PDU]"
"67905","38.345851697","192.168.1.55","192.168.1.2","TCP","1514","8004  >  36934 [ACK] Seq=158022 Ack=144 Win=65024 Len=1448 TSval=2916042426 TSecr=3045562199 [TCP segment of a reassembled PDU]"
"67906","38.345853530","192.168.1.55","192.168.1.2","TCP","1514","8004  >  36934 [ACK] Seq=159470 Ack=144 Win=65024 Len=1448 TSval=2916042426 TSecr=3045562199 [TCP segment of a reassembled PDU]"
"67907","38.345854975","192.168.1.55","192.168.1.2","TCP","1514","8004  >  36934 [ACK] Seq=160918 Ack=144 Win=65024 Len=1448 TSval=2916042426 TSecr=3045562199 [TCP segment of a reassembled PDU]"
"67908","38.345857215","192.168.1.55","192.168.1.2","TCP","1514","8004  >  36934 [ACK] Seq=162366 Ack=144 Win=65024 Len=1448 TSval=2916042426 TSecr=3045562199 [TCP segment of a reassembled PDU]"
"67909","38.345859123","192.168.1.55","192.168.1.2","TCP","1514","8004  >  36934 [ACK] Seq=163814 Ack=144 Win=65024 Len=1448 TSval=2916042426 TSecr=3045562199 [TCP segment of a reassembled PDU]"
"67910","38.345861623","192.168.1.55","192.168.1.2","TCP","1514","8004  >  36934 [ACK] Seq=165262 Ack=144 Win=65024 Len=1448 TSval=2916042426 TSecr=3045562199 [TCP segment of a reassembled PDU]"
"67911","38.345866697","192.168.1.55","192.168.1.2","TCP","1514","8004  >  36934 [ACK] Seq=166710 Ack=144 Win=65024 Len=1448 TSval=2916042426 TSecr=3045562199 [TCP segment of a reassembled PDU]"
"67912","38.345868864","192.168.1.55","192.168.1.2","TCP","1514","8004  >  36934 [ACK] Seq=168158 Ack=144 Win=65024 Len=1448 TSval=2916042426 TSecr=3045562199 [TCP segment of a reassembled PDU]"
"67913","38.345870771","192.168.1.55","192.168.1.2","TCP","1514","8004  >  36934 [ACK] Seq=169606 Ack=144 Win=65024 Len=1448 TSval=2916042426 TSecr=3045562199 [TCP segment of a reassembled PDU]"
"67914","38.345872753","192.168.1.55","192.168.1.2","TCP","1514","8004  >  36934 [ACK] Seq=171054 Ack=144 Win=65024 Len=1448 TSval=2916042426 TSecr=3045562199 [TCP segment of a reassembled PDU]"
"67915","38.345875141","192.168.1.55","192.168.1.2","TCP","1514","8004  >  36934 [ACK] Seq=172502 Ack=144 Win=65024 Len=1448 TSval=2916042426 TSecr=3045562199 [TCP segment of a reassembled PDU]"
"67916","38.345877216","192.168.1.55","192.168.1.2","TCP","1514","8004  >  36934 [ACK] Seq=173950 Ack=144 Win=65024 Len=1448 TSval=2916042426 TSecr=3045562199 [TCP segment of a reassembled PDU]"
"67917","38.345878845","192.168.1.55","192.168.1.2","TCP","1514","8004  >  36934 [ACK] Seq=175398 Ack=144 Win=65024 Len=1448 TSval=2916042426 TSecr=3045562199 [TCP segment of a reassembled PDU]"
"67918","38.345881234","192.168.1.55","192.168.1.2","TCP","1514","8004  >  36934 [ACK] Seq=176846 Ack=144 Win=65024 Len=1448 TSval=2916042426 TSecr=3045562199 [TCP segment of a reassembled PDU]"
"67919","38.345883493","192.168.1.55","192.168.1.2","TCP","1514","8004  >  36934 [ACK] Seq=178294 Ack=144 Win=65024 Len=1448 TSval=2916042426 TSecr=3045562199 [TCP segment of a reassembled PDU]"
"67920","38.345885086","192.168.1.55","192.168.1.2","TCP","1514","8004  >  36934 [ACK] Seq=179742 Ack=144 Win=65024 Len=1448 TSval=2916042426 TSecr=3045562199 [TCP segment of a reassembled PDU]"
"67921","38.345887160","192.168.1.55","192.168.1.2","TCP","1514","8004  >  36934 [PSH, ACK] Seq=181190 Ack=144 Win=65024 Len=1448 TSval=2916042426 TSecr=3045562199 [TCP segment of a reassembled PDU]"
"67922","38.346029623","192.168.1.2","192.168.1.55","TCP","66","36934  >  8004 [ACK] Seq=144 Ack=111686 Win=93184 Len=0 TSval=3045562199 TSecr=2916042420"
"67923","38.346079864","192.168.1.55","192.168.1.2","TCP","1514","8004  >  36934 [PSH, ACK] Seq=182638 Ack=144 Win=65024 Len=1448 TSval=2916042426 TSecr=3045562199 [TCP segment of a reassembled PDU]"
"67924","38.346093994","192.168.1.2","192.168.1.55","TCP","66","36934  >  8004 [ACK] Seq=144 Ack=133254 Win=98304 Len=0 TSval=3045562199 TSecr=2916042420"
"67925","38.346207679","192.168.1.55","192.168.1.2","TCP","1514","8004  >  36934 [ACK] Seq=184086 Ack=144 Win=65024 Len=1448 TSval=2916042426 TSecr=3045562199 [TCP segment of a reassembled PDU]"
"67926","38.346215957","192.168.1.55","192.168.1.2","TCP","1514","8004  >  36934 [ACK] Seq=185534 Ack=144 Win=65024 Len=1448 TSval=2916042426 TSecr=3045562199 [TCP segment of a reassembled PDU]"
"67927","38.346217661","192.168.1.55","192.168.1.2","TCP","1514","8004  >  36934 [ACK] Seq=186982 Ack=144 Win=65024 Len=1448 TSval=2916042426 TSecr=3045562199 [TCP segment of a reassembled PDU]"
"67928","38.346219438","192.168.1.55","192.168.1.2","TCP","1514","8004  >  36934 [ACK] Seq=188430 Ack=144 Win=65024 Len=1448 TSval=2916042426 TSecr=3045562199 [TCP segment of a reassembled PDU]"
"67929","38.346221364","192.168.1.55","192.168.1.2","TCP","1514","8004  >  36934 [ACK] Seq=189878 Ack=144 Win=65024 Len=1448 TSval=2916042426 TSecr=3045562199 [TCP segment of a reassembled PDU]"
"67930","38.346223198","192.168.1.55","192.168.1.2","TCP","1514","8004  >  36934 [ACK] Seq=191326 Ack=144 Win=65024 Len=1448 TSval=2916042426 TSecr=3045562199 [TCP segment of a reassembled PDU]"
"67931","38.346225586","192.168.1.55","192.168.1.2","TCP","1514","8004  >  36934 [ACK] Seq=192774 Ack=144 Win=65024 Len=1448 TSval=2916042426 TSecr=3045562199 [TCP segment of a reassembled PDU]"
"67932","38.346227605","192.168.1.55","192.168.1.2","TCP","1514","8004  >  36934 [ACK] Seq=194222 Ack=144 Win=65024 Len=1448 TSval=2916042426 TSecr=3045562199 [TCP segment of a reassembled PDU]"
"67933","38.346247827","192.168.1.55","192.168.1.2","TCP","1514","8004  >  36934 [ACK] Seq=195670 Ack=144 Win=65024 Len=1448 TSval=2916042426 TSecr=3045562199 [TCP segment of a reassembled PDU]"
"67934","38.346251216","192.168.1.55","192.168.1.2","TCP","1514","8004  >  36934 [ACK] Seq=197118 Ack=144 Win=65024 Len=1448 TSval=2916042426 TSecr=3045562199 [TCP segment of a reassembled PDU]"
"67935","38.346253957","192.168.1.55","192.168.1.2","TCP","1514","8004  >  36934 [ACK] Seq=198566 Ack=144 Win=65024 Len=1448 TSval=2916042426 TSecr=3045562199 [TCP segment of a reassembled PDU]"
"67936","38.346256605","192.168.1.55","192.168.1.2","TCP","1514","8004  >  36934 [ACK] Seq=200014 Ack=144 Win=65024 Len=1448 TSval=2916042426 TSecr=3045562199 [TCP segment of a reassembled PDU]"
"67937","38.346258068","192.168.1.55","192.168.1.2","TCP","1514","8004  >  36934 [ACK] Seq=201462 Ack=144 Win=65024 Len=1448 TSval=2916042426 TSecr=3045562199 [TCP segment of a reassembled PDU]"
"67938","38.346259790","192.168.1.55","192.168.1.2","TCP","1514","8004  >  36934 [ACK] Seq=202910 Ack=144 Win=65024 Len=1448 TSval=2916042426 TSecr=3045562199 [TCP segment of a reassembled PDU]"
"67939","38.346262438","192.168.1.55","192.168.1.2","TCP","1514","8004  >  36934 [ACK] Seq=204358 Ack=144 Win=65024 Len=1448 TSval=2916042426 TSecr=3045562199 [TCP segment of a reassembled PDU]"
"67940","38.346264753","192.168.1.55","192.168.1.2","TCP","1514","8004  >  36934 [ACK] Seq=205806 Ack=144 Win=65024 Len=1448 TSval=2916042426 TSecr=3045562199 [TCP segment of a reassembled PDU]"
"67941","38.346266661","192.168.1.55","192.168.1.2","TCP","1514","8004  >  36934 [ACK] Seq=207254 Ack=144 Win=65024 Len=1448 TSval=2916042426 TSecr=3045562199 [TCP segment of a reassembled PDU]"
"67942","38.346268568","192.168.1.55","192.168.1.2","TCP","1514","8004  >  36934 [ACK] Seq=208702 Ack=144 Win=65024 Len=1448 TSval=2916042426 TSecr=3045562199 [TCP segment of a reassembled PDU]"
"67943","38.346270346","192.168.1.55","192.168.1.2","TCP","1514","8004  >  36934 [ACK] Seq=210150 Ack=144 Win=65024 Len=1448 TSval=2916042426 TSecr=3045562199 [TCP segment of a reassembled PDU]"
"67944","38.346271550","192.168.1.55","192.168.1.2","TCP","1514","8004  >  36934 [ACK] Seq=211598 Ack=144 Win=65024 Len=1448 TSval=2916042426 TSecr=3045562199 [TCP segment of a reassembled PDU]"
"67945","38.346272550","192.168.1.55","192.168.1.2","TCP","1514","8004  >  36934 [ACK] Seq=213046 Ack=144 Win=65024 Len=1448 TSval=2916042426 TSecr=3045562199 [TCP segment of a reassembled PDU]"
"67946","38.346273864","192.168.1.55","192.168.1.2","TCP","1514","8004  >  36934 [ACK] Seq=214494 Ack=144 Win=65024 Len=1448 TSval=2916042426 TSecr=3045562199 [TCP segment of a reassembled PDU]"
"67947","38.346276142","192.168.1.55","192.168.1.2","TCP","1514","8004  >  36934 [ACK] Seq=215942 Ack=144 Win=65024 Len=1448 TSval=2916042426 TSecr=3045562199 [TCP segment of a reassembled PDU]"
"67948","38.346277272","192.168.1.55","192.168.1.2","TCP","1514","8004  >  36934 [ACK] Seq=217390 Ack=144 Win=65024 Len=1448 TSval=2916042426 TSecr=3045562199 [TCP segment of a reassembled PDU]"
"67949","38.346278401","192.168.1.55","192.168.1.2","TCP","1514","8004  >  36934 [ACK] Seq=218838 Ack=144 Win=65024 Len=1448 TSval=2916042426 TSecr=3045562199 [TCP segment of a reassembled PDU]"
"67950","38.346280068","192.168.1.55","192.168.1.2","TCP","1514","8004  >  36934 [ACK] Seq=220286 Ack=144 Win=65024 Len=1448 TSval=2916042426 TSecr=3045562199 [TCP segment of a reassembled PDU]"
"67951","38.346281475","192.168.1.55","192.168.1.2","TCP","1514","8004  >  36934 [PSH, ACK] Seq=221734 Ack=144 Win=65024 Len=1448 TSval=2916042426 TSecr=3045562199 [TCP segment of a reassembled PDU]"
"67952","38.346289346","192.168.1.2","192.168.1.55","TCP","66","36934  >  8004 [ACK] Seq=144 Ack=146286 Win=110592 Len=0 TSval=3045562200 TSecr=2916042420"
"67953","38.346325457","192.168.1.2","192.168.1.55","TCP","66","36934  >  8004 [ACK] Seq=144 Ack=146438 Win=110592 Len=0 TSval=3045562200 TSecr=2916042420"
"67954","38.347610496","192.168.1.2","192.168.1.55","TCP","66","36934  >  8004 [ACK] Seq=144 Ack=153678 Win=113664 Len=0 TSval=3045562201 TSecr=2916042420"
"67955","38.347708163","192.168.1.55","192.168.1.2","TCP","1514","8004  >  36934 [ACK] Seq=223182 Ack=144 Win=65024 Len=1448 TSval=2916042428 TSecr=3045562201 [TCP segment of a reassembled PDU]"
"67956","38.347714496","192.168.1.55","192.168.1.2","TCP","1514","8004  >  36934 [ACK] Seq=224630 Ack=144 Win=65024 Len=1448 TSval=2916042428 TSecr=3045562201 [TCP segment of a reassembled PDU]"
"67957","38.347715756","192.168.1.55","192.168.1.2","TCP","1514","8004  >  36934 [ACK] Seq=226078 Ack=144 Win=65024 Len=1448 TSval=2916042428 TSecr=3045562201 [TCP segment of a reassembled PDU]"
"67958","38.347717515","192.168.1.55","192.168.1.2","TCP","1514","8004  >  36934 [ACK] Seq=227526 Ack=144 Win=65024 Len=1448 TSval=2916042428 TSecr=3045562201 [TCP segment of a reassembled PDU]"
"67959","38.347718830","192.168.1.55","192.168.1.2","TCP","1514","8004  >  36934 [ACK] Seq=228974 Ack=144 Win=65024 Len=1448 TSval=2916042428 TSecr=3045562201 [TCP segment of a reassembled PDU]"
"67960","38.347720052","192.168.1.55","192.168.1.2","TCP","1514","8004  >  36934 [ACK] Seq=230422 Ack=144 Win=65024 Len=1448 TSval=2916042428 TSecr=3045562201 [TCP segment of a reassembled PDU]"
"67961","38.347721311","192.168.1.55","192.168.1.2","TCP","1514","8004  >  36934 [ACK] Seq=231870 Ack=144 Win=65024 Len=1448 TSval=2916042428 TSecr=3045562201 [TCP segment of a reassembled PDU]"
"67962","38.347722644","192.168.1.55","192.168.1.2","TCP","1514","8004  >  36934 [ACK] Seq=233318 Ack=144 Win=65024 Len=1448 TSval=2916042428 TSecr=3045562201 [TCP segment of a reassembled PDU]"
"67963","38.347726237","192.168.1.55","192.168.1.2","TCP","1514","8004  >  36934 [ACK] Seq=234766 Ack=144 Win=65024 Len=1448 TSval=2916042428 TSecr=3045562201 [TCP segment of a reassembled PDU]"
"67964","38.347727237","192.168.1.55","192.168.1.2","TCP","1514","8004  >  36934 [ACK] Seq=236214 Ack=144 Win=65024 Len=1448 TSval=2916042428 TSecr=3045562201 [TCP segment of a reassembled PDU]"
"67965","38.347728607","192.168.1.55","192.168.1.2","TCP","1514","8004  >  36934 [ACK] Seq=237662 Ack=144 Win=65024 Len=1448 TSval=2916042428 TSecr=3045562201 [TCP segment of a reassembled PDU]"
"67966","38.347729941","192.168.1.55","192.168.1.2","TCP","1514","8004  >  36934 [ACK] Seq=239110 Ack=144 Win=65024 Len=1448 TSval=2916042428 TSecr=3045562201 [TCP segment of a reassembled PDU]"
"67967","38.347731052","192.168.1.55","192.168.1.2","TCP","1514","8004  >  36934 [ACK] Seq=240558 Ack=144 Win=65024 Len=1448 TSval=2916042428 TSecr=3045562201 [TCP segment of a reassembled PDU]"
"67968","38.347732719","192.168.1.55","192.168.1.2","TCP","1514","8004  >  36934 [ACK] Seq=242006 Ack=144 Win=65024 Len=1448 TSval=2916042428 TSecr=3045562201 [TCP segment of a reassembled PDU]"
"67969","38.347734663","192.168.1.55","192.168.1.2","TCP","1514","8004  >  36934 [ACK] Seq=243454 Ack=144 Win=65024 Len=1448 TSval=2916042428 TSecr=3045562201 [TCP segment of a reassembled PDU]"
"67970","38.347735700","192.168.1.55","192.168.1.2","TCP","1514","8004  >  36934 [ACK] Seq=244902 Ack=144 Win=65024 Len=1448 TSval=2916042428 TSecr=3045562201 [TCP segment of a reassembled PDU]"
"67971","38.347736830","192.168.1.55","192.168.1.2","TCP","1514","8004  >  36934 [ACK] Seq=246350 Ack=144 Win=65024 Len=1448 TSval=2916042428 TSecr=3045562201 [TCP segment of a reassembled PDU]"
"67972","38.347737941","192.168.1.55","192.168.1.2","TCP","1514","8004  >  36934 [ACK] Seq=247798 Ack=144 Win=65024 Len=1448 TSval=2916042428 TSecr=3045562201 [TCP segment of a reassembled PDU]"
"67973","38.347739107","192.168.1.55","192.168.1.2","TCP","1514","8004  >  36934 [ACK] Seq=249246 Ack=144 Win=65024 Len=1448 TSval=2916042428 TSecr=3045562201 [TCP segment of a reassembled PDU]"
"67974","38.347740644","192.168.1.55","192.168.1.2","TCP","1514","8004  >  36934 [ACK] Seq=250694 Ack=144 Win=65024 Len=1448 TSval=2916042428 TSecr=3045562201 [TCP segment of a reassembled PDU]"
"67975","38.347741682","192.168.1.55","192.168.1.2","TCP","1514","8004  >  36934 [ACK] Seq=252142 Ack=144 Win=65024 Len=1448 TSval=2916042428 TSecr=3045562201 [TCP segment of a reassembled PDU]"
"67976","38.347743348","192.168.1.55","192.168.1.2","TCP","1514","8004  >  36934 [ACK] Seq=253590 Ack=144 Win=65024 Len=1448 TSval=2916042428 TSecr=3045562201 [TCP segment of a reassembled PDU]"
"67977","38.347744978","192.168.1.55","192.168.1.2","TCP","1514","8004  >  36934 [ACK] Seq=255038 Ack=144 Win=65024 Len=1448 TSval=2916042428 TSecr=3045562201 [TCP segment of a reassembled PDU]"
"67978","38.347746422","192.168.1.55","192.168.1.2","TCP","1514","8004  >  36934 [ACK] Seq=256486 Ack=144 Win=65024 Len=1448 TSval=2916042428 TSecr=3045562201 [TCP segment of a reassembled PDU]"
"67979","38.347747570","192.168.1.55","192.168.1.2","TCP","1514","8004  >  36934 [ACK] Seq=257934 Ack=144 Win=65024 Len=1448 TSval=2916042428 TSecr=3045562201 [TCP segment of a reassembled PDU]"
"67980","38.347749163","192.168.1.55","192.168.1.2","TCP","1514","8004  >  36934 [ACK] Seq=259382 Ack=144 Win=65024 Len=1448 TSval=2916042428 TSecr=3045562201 [TCP segment of a reassembled PDU]"
"67981","38.347750848","192.168.1.55","192.168.1.2","TCP","1514","8004  >  36934 [PSH, ACK] Seq=260830 Ack=144 Win=65024 Len=1448 TSval=2916042428 TSecr=3045562201 [TCP segment of a reassembled PDU]"
"67982","38.347767552","192.168.1.55","192.168.1.2","TCP","1514","8004  >  36934 [ACK] Seq=262278 Ack=144 Win=65024 Len=1448 TSval=2916042428 TSecr=3045562201 [TCP segment of a reassembled PDU]"
"67983","38.347769015","192.168.1.55","192.168.1.2","TCP","1514","8004  >  36934 [ACK] Seq=263726 Ack=144 Win=65024 Len=1448 TSval=2916042428 TSecr=3045562201 [TCP segment of a reassembled PDU]"
"67984","38.347770182","192.168.1.55","192.168.1.2","TCP","1514","8004  >  36934 [ACK] Seq=265174 Ack=144 Win=65024 Len=1448 TSval=2916042428 TSecr=3045562201 [TCP segment of a reassembled PDU]"
"67985","38.347771237","192.168.1.55","192.168.1.2","TCP","786","[TCP Window Full] 8004  >  36934 [PSH, ACK] Seq=266622 Ack=144 Win=65024 Len=720 TSval=2916042428 TSecr=3045562201 [TCP segment of a reassembled PDU]"
"67986","38.354850786","192.168.1.2","192.168.1.55","TCP","66","36934  >  8004 [ACK] Seq=144 Ack=182638 Win=95232 Len=0 TSval=3045562208 TSecr=2916042426"
"67987","38.354955249","192.168.1.55","192.168.1.2","TCP","1514","8004  >  36934 [ACK] Seq=267342 Ack=144 Win=65024 Len=1448 TSval=2916042435 TSecr=3045562208 [TCP segment of a reassembled PDU]"
"67988","38.354963304","192.168.1.55","192.168.1.2","TCP","1514","8004  >  36934 [ACK] Seq=268790 Ack=144 Win=65024 Len=1448 TSval=2916042435 TSecr=3045562208 [TCP segment of a reassembled PDU]"
"67989","38.354964786","192.168.1.55","192.168.1.2","TCP","1514","8004  >  36934 [ACK] Seq=270238 Ack=144 Win=65024 Len=1448 TSval=2916042435 TSecr=3045562208 [TCP segment of a reassembled PDU]"
"67990","38.354966675","192.168.1.55","192.168.1.2","TCP","1514","8004  >  36934 [ACK] Seq=271686 Ack=144 Win=65024 Len=1448 TSval=2916042435 TSecr=3045562208 [TCP segment of a reassembled PDU]"
"67991","38.354968267","192.168.1.55","192.168.1.2","TCP","1514","8004  >  36934 [ACK] Seq=273134 Ack=144 Win=65024 Len=1448 TSval=2916042435 TSecr=3045562208 [TCP segment of a reassembled PDU]"
"67992","38.354969841","192.168.1.55","192.168.1.2","TCP","1514","8004  >  36934 [ACK] Seq=274582 Ack=144 Win=65024 Len=1448 TSval=2916042435 TSecr=3045562208 [TCP segment of a reassembled PDU]"
"67993","38.354972952","192.168.1.55","192.168.1.2","TCP","1514","8004  >  36934 [PSH, ACK] Seq=276030 Ack=144 Win=65024 Len=1448 TSval=2916042435 TSecr=3045562208 [TCP segment of a reassembled PDU]"
"67994","38.355062156","192.168.1.2","192.168.1.55","TCP","66","36934  >  8004 [ACK] Seq=144 Ack=223182 Win=59392 Len=0 TSval=3045562209 TSecr=2916042426"
"67995","38.355073730","192.168.1.2","192.168.1.55","TCP","66","36934  >  8004 [ACK] Seq=144 Ack=260830 Win=54272 Len=0 TSval=3045562209 TSecr=2916042428"
"67996","38.355106805","192.168.1.55","192.168.1.2","TCP","1514","8004  >  36934 [ACK] Seq=277478 Ack=144 Win=65024 Len=1448 TSval=2916042435 TSecr=3045562209 [TCP segment of a reassembled PDU]"
"67997","38.355110693","192.168.1.55","192.168.1.2","TCP","1514","8004  >  36934 [ACK] Seq=278926 Ack=144 Win=65024 Len=1448 TSval=2916042435 TSecr=3045562209 [TCP segment of a reassembled PDU]"
"67998","38.355111934","192.168.1.55","192.168.1.2","TCP","1514","8004  >  36934 [ACK] Seq=280374 Ack=144 Win=65024 Len=1448 TSval=2916042435 TSecr=3045562209 [TCP segment of a reassembled PDU]"
"67999","38.355113397","192.168.1.55","192.168.1.2","TCP","1514","8004  >  36934 [ACK] Seq=281822 Ack=144 Win=65024 Len=1448 TSval=2916042435 TSecr=3045562209 [TCP segment of a reassembled PDU]"
"68000","38.355115768","192.168.1.55","192.168.1.2","TCP","1514","8004  >  36934 [ACK] Seq=283270 Ack=144 Win=65024 Len=1448 TSval=2916042435 TSecr=3045562209 [TCP segment of a reassembled PDU]"
"68001","38.355117397","192.168.1.55","192.168.1.2","TCP","1514","8004  >  36934 [ACK] Seq=284718 Ack=144 Win=65024 Len=1448 TSval=2916042435 TSecr=3045562209 [TCP segment of a reassembled PDU]"
"68002","38.355118842","192.168.1.55","192.168.1.2","TCP","1514","8004  >  36934 [ACK] Seq=286166 Ack=144 Win=65024 Len=1448 TSval=2916042435 TSecr=3045562209 [TCP segment of a reassembled PDU]"
"68003","38.355120564","192.168.1.55","192.168.1.2","TCP","1514","8004  >  36934 [ACK] Seq=287614 Ack=144 Win=65024 Len=1448 TSval=2916042435 TSecr=3045562209 [TCP segment of a reassembled PDU]"
"68004","38.355121656","192.168.1.55","192.168.1.2","TCP","1514","8004  >  36934 [ACK] Seq=289062 Ack=144 Win=65024 Len=1448 TSval=2916042435 TSecr=3045562209 [TCP segment of a reassembled PDU]"
"68005","38.355123193","192.168.1.55","192.168.1.2","TCP","1514","8004  >  36934 [ACK] Seq=290510 Ack=144 Win=65024 Len=1448 TSval=2916042435 TSecr=3045562209 [TCP segment of a reassembled PDU]"
"68006","38.355124601","192.168.1.55","192.168.1.2","TCP","1514","8004  >  36934 [ACK] Seq=291958 Ack=144 Win=65024 Len=1448 TSval=2916042435 TSecr=3045562209 [TCP segment of a reassembled PDU]"
"68007","38.355127434","192.168.1.55","192.168.1.2","TCP","1514","8004  >  36934 [ACK] Seq=293406 Ack=144 Win=65024 Len=1448 TSval=2916042435 TSecr=3045562209 [TCP segment of a reassembled PDU]"
"68008","38.355129712","192.168.1.55","192.168.1.2","TCP","1514","8004  >  36934 [ACK] Seq=294854 Ack=144 Win=65024 Len=1448 TSval=2916042435 TSecr=3045562209 [TCP segment of a reassembled PDU]"
"68009","38.355131656","192.168.1.55","192.168.1.2","TCP","1514","8004  >  36934 [ACK] Seq=296302 Ack=144 Win=65024 Len=1448 TSval=2916042435 TSecr=3045562209 [TCP segment of a reassembled PDU]"
"68010","38.355134119","192.168.1.55","192.168.1.2","TCP","1514","8004  >  36934 [ACK] Seq=297750 Ack=144 Win=65024 Len=1448 TSval=2916042435 TSecr=3045562209 [TCP segment of a reassembled PDU]"
"68011","38.355136027","192.168.1.55","192.168.1.2","TCP","1514","8004  >  36934 [PSH, ACK] Seq=299198 Ack=144 Win=65024 Len=1448 TSval=2916042435 TSecr=3045562209 [TCP segment of a reassembled PDU]"
"68012","38.355144323","192.168.1.55","192.168.1.2","TCP","794","8004  >  36934 [ACK] Seq=300646 Ack=144 Win=65024 Len=728 TSval=2916042435 TSecr=3045562209 [TCP segment of a reassembled PDU]"
"68013","38.355148638","192.168.1.2","192.168.1.55","TCP","66","[TCP Window Update] 36934  >  8004 [ACK] Seq=144 Ack=260830 Win=113664 Len=0 TSval=3045562209 TSecr=2916042428"
"68014","38.355202582","192.168.1.55","192.168.1.2","TCP","1514","8004  >  36934 [ACK] Seq=301374 Ack=144 Win=65024 Len=1448 TSval=2916042435 TSecr=3045562209 [TCP segment of a reassembled PDU]"
"68015","38.355204731","192.168.1.55","192.168.1.2","TCP","1514","8004  >  36934 [ACK] Seq=302822 Ack=144 Win=65024 Len=1448 TSval=2916042435 TSecr=3045562209 [TCP segment of a reassembled PDU]"
"68016","38.355205971","192.168.1.55","192.168.1.2","TCP","1514","8004  >  36934 [ACK] Seq=304270 Ack=144 Win=65024 Len=1448 TSval=2916042435 TSecr=3045562209 [TCP segment of a reassembled PDU]"
"68017","38.355207453","192.168.1.55","192.168.1.2","TCP","1514","8004  >  36934 [ACK] Seq=305718 Ack=144 Win=65024 Len=1448 TSval=2916042435 TSecr=3045562209 [TCP segment of a reassembled PDU]"
"68018","38.355209008","192.168.1.55","192.168.1.2","TCP","1514","8004  >  36934 [ACK] Seq=307166 Ack=144 Win=65024 Len=1448 TSval=2916042435 TSecr=3045562209 [TCP segment of a reassembled PDU]"
"68019","38.355211138","192.168.1.55","192.168.1.2","TCP","1514","8004  >  36934 [ACK] Seq=308614 Ack=144 Win=65024 Len=1448 TSval=2916042435 TSecr=3045562209 [TCP segment of a reassembled PDU]"
"68020","38.355212508","192.168.1.55","192.168.1.2","TCP","1514","8004  >  36934 [ACK] Seq=310062 Ack=144 Win=65024 Len=1448 TSval=2916042435 TSecr=3045562209 [TCP segment of a reassembled PDU]"
"68021","38.355213971","192.168.1.55","192.168.1.2","TCP","1514","8004  >  36934 [ACK] Seq=311510 Ack=144 Win=65024 Len=1448 TSval=2916042435 TSecr=3045562209 [TCP segment of a reassembled PDU]"
"68022","38.355215583","192.168.1.55","192.168.1.2","TCP","1514","8004  >  36934 [ACK] Seq=312958 Ack=144 Win=65024 Len=1448 TSval=2916042435 TSecr=3045562209 [TCP segment of a reassembled PDU]"
"68023","38.355216990","192.168.1.55","192.168.1.2","TCP","1514","8004  >  36934 [ACK] Seq=314406 Ack=144 Win=65024 Len=1448 TSval=2916042435 TSecr=3045562209 [TCP segment of a reassembled PDU]"
"68024","38.355218786","192.168.1.55","192.168.1.2","TCP","1514","8004  >  36934 [ACK] Seq=315854 Ack=144 Win=65024 Len=1448 TSval=2916042435 TSecr=3045562209 [TCP segment of a reassembled PDU]"
"68025","38.355220286","192.168.1.55","192.168.1.2","TCP","1514","8004  >  36934 [ACK] Seq=317302 Ack=144 Win=65024 Len=1448 TSval=2916042435 TSecr=3045562209 [TCP segment of a reassembled PDU]"
"68026","38.355221323","192.168.1.55","192.168.1.2","TCP","1514","8004  >  36934 [ACK] Seq=318750 Ack=144 Win=65024 Len=1448 TSval=2916042435 TSecr=3045562209 [TCP segment of a reassembled PDU]"
"68027","38.355222768","192.168.1.55","192.168.1.2","TCP","1514","8004  >  36934 [ACK] Seq=320198 Ack=144 Win=65024 Len=1448 TSval=2916042435 TSecr=3045562209 [TCP segment of a reassembled PDU]"
"68028","38.355223786","192.168.1.55","192.168.1.2","TCP","1514","8004  >  36934 [ACK] Seq=321646 Ack=144 Win=65024 Len=1448 TSval=2916042435 TSecr=3045562209 [TCP segment of a reassembled PDU]"
"68029","38.355225731","192.168.1.55","192.168.1.2","TCP","1514","8004  >  36934 [ACK] Seq=323094 Ack=144 Win=65024 Len=1448 TSval=2916042435 TSecr=3045562209 [TCP segment of a reassembled PDU]"
"68030","38.355227397","192.168.1.55","192.168.1.2","TCP","1514","8004  >  36934 [ACK] Seq=324542 Ack=144 Win=65024 Len=1448 TSval=2916042435 TSecr=3045562209 [TCP segment of a reassembled PDU]"
"68031","38.355229564","192.168.1.55","192.168.1.2","TCP","1514","8004  >  36934 [ACK] Seq=325990 Ack=144 Win=65024 Len=1448 TSval=2916042435 TSecr=3045562209 [TCP segment of a reassembled PDU]"
"68032","38.355231175","192.168.1.55","192.168.1.2","TCP","1514","8004  >  36934 [ACK] Seq=327438 Ack=144 Win=65024 Len=1448 TSval=2916042435 TSecr=3045562209 [TCP segment of a reassembled PDU]"
"68033","38.355233064","192.168.1.55","192.168.1.2","TCP","1514","8004  >  36934 [ACK] Seq=328886 Ack=144 Win=65024 Len=1448 TSval=2916042435 TSecr=3045562209 [TCP segment of a reassembled PDU]"
"68034","38.355235231","192.168.1.55","192.168.1.2","TCP","1514","8004  >  36934 [ACK] Seq=330334 Ack=144 Win=65024 Len=1448 TSval=2916042435 TSecr=3045562209 [TCP segment of a reassembled PDU]"
"68035","38.355237583","192.168.1.55","192.168.1.2","TCP","1514","8004  >  36934 [ACK] Seq=331782 Ack=144 Win=65024 Len=1448 TSval=2916042435 TSecr=3045562209 [TCP segment of a reassembled PDU]"
"68036","38.355238638","192.168.1.55","192.168.1.2","TCP","1514","8004  >  36934 [ACK] Seq=333230 Ack=144 Win=65024 Len=1448 TSval=2916042435 TSecr=3045562209 [TCP segment of a reassembled PDU]"
"68037","38.355240953","192.168.1.55","192.168.1.2","TCP","1514","8004  >  36934 [ACK] Seq=334678 Ack=144 Win=65024 Len=1448 TSval=2916042435 TSecr=3045562209 [TCP segment of a reassembled PDU]"
"68038","38.355243083","192.168.1.55","192.168.1.2","TCP","1514","8004  >  36934 [ACK] Seq=336126 Ack=144 Win=65024 Len=1448 TSval=2916042435 TSecr=3045562209 [TCP segment of a reassembled PDU]"
"68039","38.355244175","192.168.1.55","192.168.1.2","TCP","1514","8004  >  36934 [ACK] Seq=337574 Ack=144 Win=65024 Len=1448 TSval=2916042435 TSecr=3045562209 [TCP segment of a reassembled PDU]"
"68040","38.355245990","192.168.1.55","192.168.1.2","TCP","1514","8004  >  36934 [PSH, ACK] Seq=339022 Ack=144 Win=65024 Len=1448 TSval=2916042435 TSecr=3045562209 [TCP segment of a reassembled PDU]"
"68041","38.355302157","192.168.1.2","192.168.1.55","TCP","66","36934  >  8004 [ACK] Seq=144 Ack=262278 Win=116736 Len=0 TSval=3045562210 TSecr=2916042428"
"68042","38.355312712","192.168.1.2","192.168.1.55","TCP","66","36934  >  8004 [ACK] Seq=144 Ack=267342 Win=116736 Len=0 TSval=3045562210 TSecr=2916042428"
"68043","38.355389305","192.168.1.55","192.168.1.2","TCP","1514","8004  >  36934 [ACK] Seq=340470 Ack=144 Win=65024 Len=1448 TSval=2916042436 TSecr=3045562210 [TCP segment of a reassembled PDU]"
"68044","38.355393935","192.168.1.55","192.168.1.2","TCP","1514","8004  >  36934 [ACK] Seq=341918 Ack=144 Win=65024 Len=1448 TSval=2916042436 TSecr=3045562210 [TCP segment of a reassembled PDU]"
"68045","38.355395175","192.168.1.55","192.168.1.2","TCP","1514","8004  >  36934 [ACK] Seq=343366 Ack=144 Win=65024 Len=1448 TSval=2916042436 TSecr=3045562210 [TCP segment of a reassembled PDU]"
"68046","38.355397712","192.168.1.55","192.168.1.2","TCP","1514","8004  >  36934 [ACK] Seq=344814 Ack=144 Win=65024 Len=1448 TSval=2916042436 TSecr=3045562210 [TCP segment of a reassembled PDU]"
"68047","38.355399268","192.168.1.55","192.168.1.2","TCP","1514","8004  >  36934 [ACK] Seq=346262 Ack=144 Win=65024 Len=1448 TSval=2916042436 TSecr=3045562210 [TCP segment of a reassembled PDU]"
"68048","38.355400249","192.168.1.55","192.168.1.2","TCP","1514","8004  >  36934 [ACK] Seq=347710 Ack=144 Win=65024 Len=1448 TSval=2916042436 TSecr=3045562210 [TCP segment of a reassembled PDU]"
"68049","38.355402212","192.168.1.55","192.168.1.2","TCP","1514","8004  >  36934 [ACK] Seq=349158 Ack=144 Win=65024 Len=1448 TSval=2916042436 TSecr=3045562210 [TCP segment of a reassembled PDU]"
"68050","38.355404787","192.168.1.55","192.168.1.2","TCP","1514","8004  >  36934 [ACK] Seq=350606 Ack=144 Win=65024 Len=1448 TSval=2916042436 TSecr=3045562210 [TCP segment of a reassembled PDU]"
"68051","38.355406453","192.168.1.55","192.168.1.2","TCP","1514","8004  >  36934 [ACK] Seq=352054 Ack=144 Win=65024 Len=1448 TSval=2916042436 TSecr=3045562210 [TCP segment of a reassembled PDU]"
"68052","38.355407824","192.168.1.55","192.168.1.2","TCP","1514","8004  >  36934 [ACK] Seq=353502 Ack=144 Win=65024 Len=1448 TSval=2916042436 TSecr=3045562210 [TCP segment of a reassembled PDU]"
"68053","38.355409990","192.168.1.55","192.168.1.2","TCP","1514","8004  >  36934 [ACK] Seq=354950 Ack=144 Win=65024 Len=1448 TSval=2916042436 TSecr=3045562210 [TCP segment of a reassembled PDU]"
"68054","38.355411879","192.168.1.55","192.168.1.2","TCP","1514","8004  >  36934 [ACK] Seq=356398 Ack=144 Win=65024 Len=1448 TSval=2916042436 TSecr=3045562210 [TCP segment of a reassembled PDU]"
"68055","38.355414787","192.168.1.55","192.168.1.2","TCP","1514","8004  >  36934 [ACK] Seq=357846 Ack=144 Win=65024 Len=1448 TSval=2916042436 TSecr=3045562210 [TCP segment of a reassembled PDU]"
"68056","38.355416379","192.168.1.55","192.168.1.2","TCP","1514","8004  >  36934 [ACK] Seq=359294 Ack=144 Win=65024 Len=1448 TSval=2916042436 TSecr=3045562210 [TCP segment of a reassembled PDU]"
"68057","38.355417601","192.168.1.55","192.168.1.2","TCP","1514","8004  >  36934 [ACK] Seq=360742 Ack=144 Win=65024 Len=1448 TSval=2916042436 TSecr=3045562210 [TCP segment of a reassembled PDU]"
"68058","38.355419027","192.168.1.55","192.168.1.2","TCP","1514","8004  >  36934 [ACK] Seq=362190 Ack=144 Win=65024 Len=1448 TSval=2916042436 TSecr=3045562210 [TCP segment of a reassembled PDU]"
"68059","38.355421157","192.168.1.55","192.168.1.2","TCP","1514","8004  >  36934 [ACK] Seq=363638 Ack=144 Win=65024 Len=1448 TSval=2916042436 TSecr=3045562210 [TCP segment of a reassembled PDU]"
"68060","38.355422731","192.168.1.55","192.168.1.2","TCP","1514","8004  >  36934 [ACK] Seq=365086 Ack=144 Win=65024 Len=1448 TSval=2916042436 TSecr=3045562210 [TCP segment of a reassembled PDU]"
"68061","38.355423805","192.168.1.55","192.168.1.2","TCP","1514","8004  >  36934 [ACK] Seq=366534 Ack=144 Win=65024 Len=1448 TSval=2916042436 TSecr=3045562210 [TCP segment of a reassembled PDU]"
"68062","38.355426620","192.168.1.55","192.168.1.2","TCP","1514","8004  >  36934 [ACK] Seq=367982 Ack=144 Win=65024 Len=1448 TSval=2916042436 TSecr=3045562210 [TCP segment of a reassembled PDU]"
"68063","38.355428472","192.168.1.55","192.168.1.2","TCP","1514","8004  >  36934 [ACK] Seq=369430 Ack=144 Win=65024 Len=1448 TSval=2916042436 TSecr=3045562210 [TCP segment of a reassembled PDU]"
"68064","38.355430398","192.168.1.55","192.168.1.2","TCP","1514","8004  >  36934 [ACK] Seq=370878 Ack=144 Win=65024 Len=1448 TSval=2916042436 TSecr=3045562210 [TCP segment of a reassembled PDU]"
"68065","38.355431953","192.168.1.55","192.168.1.2","TCP","1514","8004  >  36934 [ACK] Seq=372326 Ack=144 Win=65024 Len=1448 TSval=2916042436 TSecr=3045562210 [TCP segment of a reassembled PDU]"
"68066","38.355433453","192.168.1.55","192.168.1.2","TCP","1514","8004  >  36934 [ACK] Seq=373774 Ack=144 Win=65024 Len=1448 TSval=2916042436 TSecr=3045562210 [TCP segment of a reassembled PDU]"
"68067","38.355434472","192.168.1.55","192.168.1.2","TCP","1514","8004  >  36934 [ACK] Seq=375222 Ack=144 Win=65024 Len=1448 TSval=2916042436 TSecr=3045562210 [TCP segment of a reassembled PDU]"
"68068","38.355436379","192.168.1.55","192.168.1.2","TCP","1514","8004  >  36934 [ACK] Seq=376670 Ack=144 Win=65024 Len=1448 TSval=2916042436 TSecr=3045562210 [TCP segment of a reassembled PDU]"
"68069","38.355437879","192.168.1.55","192.168.1.2","TCP","1514","8004  >  36934 [PSH, ACK] Seq=378118 Ack=144 Win=65024 Len=1448 TSval=2916042436 TSecr=3045562210 [TCP segment of a reassembled PDU]"
"68070","38.356624640","192.168.1.55","192.168.1.2","TCP","1514","8004  >  36934 [ACK] Seq=379566 Ack=144 Win=65024 Len=1448 TSval=2916042437 TSecr=3045562210 [TCP segment of a reassembled PDU]"
"68071","38.356627844","192.168.1.55","192.168.1.2","TCP","1514","8004  >  36934 [ACK] Seq=381014 Ack=144 Win=65024 Len=1448 TSval=2916042437 TSecr=3045562210 [TCP segment of a reassembled PDU]"
"68072","38.356629196","192.168.1.55","192.168.1.2","TCP","1514","8004  >  36934 [PSH, ACK] Seq=382462 Ack=144 Win=65024 Len=1448 TSval=2916042437 TSecr=3045562210 [TCP segment of a reassembled PDU]"
"68073","38.363594226","192.168.1.2","192.168.1.55","TCP","66","36934  >  8004 [ACK] Seq=144 Ack=300646 Win=116736 Len=0 TSval=3045562217 TSecr=2916042435"
"68074","38.363639281","192.168.1.55","192.168.1.2","TCP","1514","8004  >  36934 [ACK] Seq=383910 Ack=144 Win=65024 Len=1448 TSval=2916042444 TSecr=3045562217 [TCP segment of a reassembled PDU]"
"68075","38.363642930","192.168.1.55","192.168.1.2","TCP","1514","8004  >  36934 [ACK] Seq=385358 Ack=144 Win=65024 Len=1448 TSval=2916042444 TSecr=3045562217 [TCP segment of a reassembled PDU]"
"68076","38.363644430","192.168.1.55","192.168.1.2","TCP","1514","8004  >  36934 [ACK] Seq=386806 Ack=144 Win=65024 Len=1448 TSval=2916042444 TSecr=3045562217 [TCP segment of a reassembled PDU]"
"68077","38.363645707","192.168.1.55","192.168.1.2","TCP","1514","8004  >  36934 [ACK] Seq=388254 Ack=144 Win=65024 Len=1448 TSval=2916042444 TSecr=3045562217 [TCP segment of a reassembled PDU]"
"68078","38.363647226","192.168.1.55","192.168.1.2","TCP","1514","8004  >  36934 [ACK] Seq=389702 Ack=144 Win=65024 Len=1448 TSval=2916042444 TSecr=3045562217 [TCP segment of a reassembled PDU]"
"68079","38.363648559","192.168.1.55","192.168.1.2","TCP","1514","8004  >  36934 [ACK] Seq=391150 Ack=144 Win=65024 Len=1448 TSval=2916042444 TSecr=3045562217 [TCP segment of a reassembled PDU]"
"68080","38.363649874","192.168.1.55","192.168.1.2","TCP","1514","8004  >  36934 [ACK] Seq=392598 Ack=144 Win=65024 Len=1448 TSval=2916042444 TSecr=3045562217 [TCP segment of a reassembled PDU]"
"68081","38.363651263","192.168.1.55","192.168.1.2","TCP","1514","8004  >  36934 [ACK] Seq=394046 Ack=144 Win=65024 Len=1448 TSval=2916042444 TSecr=3045562217 [TCP segment of a reassembled PDU]"
"68082","38.363652726","192.168.1.55","192.168.1.2","TCP","1514","8004  >  36934 [ACK] Seq=395494 Ack=144 Win=65024 Len=1448 TSval=2916042444 TSecr=3045562217 [TCP segment of a reassembled PDU]"
"68083","38.363654244","192.168.1.55","192.168.1.2","TCP","1514","8004  >  36934 [ACK] Seq=396942 Ack=144 Win=65024 Len=1448 TSval=2916042444 TSecr=3045562217 [TCP segment of a reassembled PDU]"
"68084","38.363655596","192.168.1.55","192.168.1.2","TCP","1514","8004  >  36934 [ACK] Seq=398390 Ack=144 Win=65024 Len=1448 TSval=2916042444 TSecr=3045562217 [TCP segment of a reassembled PDU]"
"68085","38.363657096","192.168.1.55","192.168.1.2","TCP","1514","8004  >  36934 [ACK] Seq=399838 Ack=144 Win=65024 Len=1448 TSval=2916042444 TSecr=3045562217 [TCP segment of a reassembled PDU]"
"68086","38.363658485","192.168.1.55","192.168.1.2","TCP","1514","8004  >  36934 [ACK] Seq=401286 Ack=144 Win=65024 Len=1448 TSval=2916042444 TSecr=3045562217 [TCP segment of a reassembled PDU]"
"68087","38.363659744","192.168.1.55","192.168.1.2","TCP","1514","8004  >  36934 [ACK] Seq=402734 Ack=144 Win=65024 Len=1448 TSval=2916042444 TSecr=3045562217 [TCP segment of a reassembled PDU]"
"68088","38.363661115","192.168.1.55","192.168.1.2","TCP","1514","8004  >  36934 [ACK] Seq=404182 Ack=144 Win=65024 Len=1448 TSval=2916042444 TSecr=3045562217 [TCP segment of a reassembled PDU]"
"68089","38.363662411","192.168.1.55","192.168.1.2","TCP","1514","8004  >  36934 [ACK] Seq=405630 Ack=144 Win=65024 Len=1448 TSval=2916042444 TSecr=3045562217 [TCP segment of a reassembled PDU]"
"68090","38.363663707","192.168.1.55","192.168.1.2","TCP","1514","8004  >  36934 [ACK] Seq=407078 Ack=144 Win=65024 Len=1448 TSval=2916042444 TSecr=3045562217 [TCP segment of a reassembled PDU]"
"68091","38.363665189","192.168.1.55","192.168.1.2","TCP","1514","8004  >  36934 [ACK] Seq=408526 Ack=144 Win=65024 Len=1448 TSval=2916042444 TSecr=3045562217 [TCP segment of a reassembled PDU]"
"68092","38.363666578","192.168.1.55","192.168.1.2","TCP","1514","8004  >  36934 [ACK] Seq=409974 Ack=144 Win=65024 Len=1448 TSval=2916042444 TSecr=3045562217 [TCP segment of a reassembled PDU]"
"68093","38.363667967","192.168.1.55","192.168.1.2","TCP","1514","8004  >  36934 [ACK] Seq=411422 Ack=144 Win=65024 Len=1448 TSval=2916042444 TSecr=3045562217 [TCP segment of a reassembled PDU]"
"68094","38.363669318","192.168.1.55","192.168.1.2","TCP","1514","8004  >  36934 [ACK] Seq=412870 Ack=144 Win=65024 Len=1448 TSval=2916042444 TSecr=3045562217 [TCP segment of a reassembled PDU]"
"68095","38.363670615","192.168.1.55","192.168.1.2","TCP","1514","8004  >  36934 [ACK] Seq=414318 Ack=144 Win=65024 Len=1448 TSval=2916042444 TSecr=3045562217 [TCP segment of a reassembled PDU]"
"68096","38.363672281","192.168.1.55","192.168.1.2","TCP","1514","8004  >  36934 [PSH, ACK] Seq=415766 Ack=144 Win=65024 Len=1448 TSval=2916042444 TSecr=3045562217 [TCP segment of a reassembled PDU]"
"68097","38.364618209","192.168.1.2","192.168.1.55","TCP","66","36934  >  8004 [ACK] Seq=144 Ack=340470 Win=116736 Len=0 TSval=3045562217 TSecr=2916042435"
"68098","38.364632672","192.168.1.55","192.168.1.2","TCP","1514","8004  >  36934 [ACK] Seq=417214 Ack=144 Win=65024 Len=1448 TSval=2916042445 TSecr=3045562217 [TCP segment of a reassembled PDU]"
"68099","38.364637616","192.168.1.2","192.168.1.55","TCP","66","36934  >  8004 [ACK] Seq=144 Ack=373774 Win=142336 Len=0 TSval=3045562217 TSecr=2916042436"
"68100","38.364668005","192.168.1.55","192.168.1.2","TCP","1514","8004  >  36934 [ACK] Seq=418662 Ack=144 Win=65024 Len=1448 TSval=2916042445 TSecr=3045562217 [TCP segment of a reassembled PDU]"
"68101","38.364669913","192.168.1.55","192.168.1.2","TCP","1514","8004  >  36934 [ACK] Seq=420110 Ack=144 Win=65024 Len=1448 TSval=2916042445 TSecr=3045562217 [TCP segment of a reassembled PDU]"
"68102","38.364671227","192.168.1.55","192.168.1.2","TCP","1514","8004  >  36934 [ACK] Seq=421558 Ack=144 Win=65024 Len=1448 TSval=2916042445 TSecr=3045562217 [TCP segment of a reassembled PDU]"
"68103","38.364672727","192.168.1.55","192.168.1.2","TCP","1514","8004  >  36934 [ACK] Seq=423006 Ack=144 Win=65024 Len=1448 TSval=2916042445 TSecr=3045562217 [TCP segment of a reassembled PDU]"
"68104","38.364674061","192.168.1.55","192.168.1.2","TCP","1514","8004  >  36934 [ACK] Seq=424454 Ack=144 Win=65024 Len=1448 TSval=2916042445 TSecr=3045562217 [TCP segment of a reassembled PDU]"
"68105","38.364675376","192.168.1.55","192.168.1.2","TCP","1514","8004  >  36934 [ACK] Seq=425902 Ack=144 Win=65024 Len=1448 TSval=2916042445 TSecr=3045562217 [TCP segment of a reassembled PDU]"
"68106","38.364676876","192.168.1.55","192.168.1.2","TCP","1514","8004  >  36934 [ACK] Seq=427350 Ack=144 Win=65024 Len=1448 TSval=2916042445 TSecr=3045562217 [TCP segment of a reassembled PDU]"
"68107","38.364678190","192.168.1.55","192.168.1.2","TCP","1514","8004  >  36934 [ACK] Seq=428798 Ack=144 Win=65024 Len=1448 TSval=2916042445 TSecr=3045562217 [TCP segment of a reassembled PDU]"
"68108","38.364684376","192.168.1.55","192.168.1.2","TCP","1514","8004  >  36934 [ACK] Seq=430246 Ack=144 Win=65024 Len=1448 TSval=2916042445 TSecr=3045562217 [TCP segment of a reassembled PDU]"
"68109","38.364686079","192.168.1.55","192.168.1.2","TCP","1514","8004  >  36934 [ACK] Seq=431694 Ack=144 Win=65024 Len=1448 TSval=2916042445 TSecr=3045562217 [TCP segment of a reassembled PDU]"
"68110","38.364687561","192.168.1.55","192.168.1.2","TCP","1514","8004  >  36934 [ACK] Seq=433142 Ack=144 Win=65024 Len=1448 TSval=2916042445 TSecr=3045562217 [TCP segment of a reassembled PDU]"
"68111","38.364688968","192.168.1.55","192.168.1.2","TCP","1514","8004  >  36934 [ACK] Seq=434590 Ack=144 Win=65024 Len=1448 TSval=2916042445 TSecr=3045562217 [TCP segment of a reassembled PDU]"
"68112","38.364690246","192.168.1.55","192.168.1.2","TCP","1514","8004  >  36934 [ACK] Seq=436038 Ack=144 Win=65024 Len=1448 TSval=2916042445 TSecr=3045562217 [TCP segment of a reassembled PDU]"
"68113","38.364691579","192.168.1.55","192.168.1.2","TCP","1514","8004  >  36934 [ACK] Seq=437486 Ack=144 Win=65024 Len=1448 TSval=2916042445 TSecr=3045562217 [TCP segment of a reassembled PDU]"
"68114","38.364692876","192.168.1.55","192.168.1.2","TCP","1514","8004  >  36934 [ACK] Seq=438934 Ack=144 Win=65024 Len=1448 TSval=2916042445 TSecr=3045562217 [TCP segment of a reassembled PDU]"
"68115","38.364694320","192.168.1.55","192.168.1.2","TCP","1514","8004  >  36934 [ACK] Seq=440382 Ack=144 Win=65024 Len=1448 TSval=2916042445 TSecr=3045562217 [TCP segment of a reassembled PDU]"
"68116","38.364695672","192.168.1.55","192.168.1.2","TCP","1514","8004  >  36934 [ACK] Seq=441830 Ack=144 Win=65024 Len=1448 TSval=2916042445 TSecr=3045562217 [TCP segment of a reassembled PDU]"
"68117","38.364697079","192.168.1.55","192.168.1.2","TCP","1514","8004  >  36934 [ACK] Seq=443278 Ack=144 Win=65024 Len=1448 TSval=2916042445 TSecr=3045562217 [TCP segment of a reassembled PDU]"
"68118","38.364698468","192.168.1.55","192.168.1.2","TCP","1514","8004  >  36934 [ACK] Seq=444726 Ack=144 Win=65024 Len=1448 TSval=2916042445 TSecr=3045562217 [TCP segment of a reassembled PDU]"
"68119","38.364699802","192.168.1.55","192.168.1.2","TCP","1514","8004  >  36934 [ACK] Seq=446174 Ack=144 Win=65024 Len=1448 TSval=2916042445 TSecr=3045562217 [TCP segment of a reassembled PDU]"
"68120","38.364701209","192.168.1.55","192.168.1.2","TCP","1514","8004  >  36934 [ACK] Seq=447622 Ack=144 Win=65024 Len=1448 TSval=2916042445 TSecr=3045562217 [TCP segment of a reassembled PDU]"
"68121","38.364702616","192.168.1.55","192.168.1.2","TCP","1514","8004  >  36934 [ACK] Seq=449070 Ack=144 Win=65024 Len=1448 TSval=2916042445 TSecr=3045562217 [TCP segment of a reassembled PDU]"
"68122","38.364703950","192.168.1.55","192.168.1.2","TCP","1514","8004  >  36934 [ACK] Seq=450518 Ack=144 Win=65024 Len=1448 TSval=2916042445 TSecr=3045562217 [TCP segment of a reassembled PDU]"
"68123","38.364705376","192.168.1.55","192.168.1.2","TCP","1514","8004  >  36934 [ACK] Seq=451966 Ack=144 Win=65024 Len=1448 TSval=2916042445 TSecr=3045562217 [TCP segment of a reassembled PDU]"
"68124","38.364706709","192.168.1.55","192.168.1.2","TCP","1514","8004  >  36934 [ACK] Seq=453414 Ack=144 Win=65024 Len=1448 TSval=2916042445 TSecr=3045562217 [TCP segment of a reassembled PDU]"
"68125","38.364708413","192.168.1.55","192.168.1.2","TCP","1514","8004  >  36934 [ACK] Seq=454862 Ack=144 Win=65024 Len=1448 TSval=2916042445 TSecr=3045562217 [TCP segment of a reassembled PDU]"
"68126","38.364710153","192.168.1.55","192.168.1.2","TCP","1514","8004  >  36934 [PSH, ACK] Seq=456310 Ack=144 Win=65024 Len=1448 TSval=2916042445 TSecr=3045562217 [TCP segment of a reassembled PDU]"
"68127","38.364742783","192.168.1.55","192.168.1.2","TCP","1514","8004  >  36934 [ACK] Seq=457758 Ack=144 Win=65024 Len=1448 TSval=2916042445 TSecr=3045562217 [TCP segment of a reassembled PDU]"
"68128","38.364744468","192.168.1.55","192.168.1.2","TCP","1514","8004  >  36934 [ACK] Seq=459206 Ack=144 Win=65024 Len=1448 TSval=2916042445 TSecr=3045562217 [TCP segment of a reassembled PDU]"
"68129","38.364745839","192.168.1.55","192.168.1.2","TCP","1514","8004  >  36934 [ACK] Seq=460654 Ack=144 Win=65024 Len=1448 TSval=2916042445 TSecr=3045562217 [TCP segment of a reassembled PDU]"
"68130","38.364747098","192.168.1.55","192.168.1.2","TCP","1514","8004  >  36934 [ACK] Seq=462102 Ack=144 Win=65024 Len=1448 TSval=2916042445 TSecr=3045562217 [TCP segment of a reassembled PDU]"
"68131","38.364748450","192.168.1.55","192.168.1.2","TCP","1514","8004  >  36934 [ACK] Seq=463550 Ack=144 Win=65024 Len=1448 TSval=2916042445 TSecr=3045562217 [TCP segment of a reassembled PDU]"
"68132","38.364750135","192.168.1.55","192.168.1.2","TCP","1514","8004  >  36934 [ACK] Seq=464998 Ack=144 Win=65024 Len=1448 TSval=2916042445 TSecr=3045562217 [TCP segment of a reassembled PDU]"
"68133","38.364751598","192.168.1.55","192.168.1.2","TCP","1514","8004  >  36934 [ACK] Seq=466446 Ack=144 Win=65024 Len=1448 TSval=2916042445 TSecr=3045562217 [TCP segment of a reassembled PDU]"
"68134","38.364753487","192.168.1.55","192.168.1.2","TCP","1514","8004  >  36934 [ACK] Seq=467894 Ack=144 Win=65024 Len=1448 TSval=2916042445 TSecr=3045562217 [TCP segment of a reassembled PDU]"
"68135","38.364754802","192.168.1.55","192.168.1.2","TCP","1514","8004  >  36934 [ACK] Seq=469342 Ack=144 Win=65024 Len=1448 TSval=2916042445 TSecr=3045562217 [TCP segment of a reassembled PDU]"
"68136","38.364756191","192.168.1.55","192.168.1.2","TCP","1514","8004  >  36934 [ACK] Seq=470790 Ack=144 Win=65024 Len=1448 TSval=2916042445 TSecr=3045562217 [TCP segment of a reassembled PDU]"
"68137","38.364757524","192.168.1.55","192.168.1.2","TCP","1514","8004  >  36934 [ACK] Seq=472238 Ack=144 Win=65024 Len=1448 TSval=2916042445 TSecr=3045562217 [TCP segment of a reassembled PDU]"
"68138","38.364758894","192.168.1.55","192.168.1.2","TCP","1514","8004  >  36934 [ACK] Seq=473686 Ack=144 Win=65024 Len=1448 TSval=2916042445 TSecr=3045562217 [TCP segment of a reassembled PDU]"
"68139","38.364760357","192.168.1.55","192.168.1.2","TCP","1514","8004  >  36934 [ACK] Seq=475134 Ack=144 Win=65024 Len=1448 TSval=2916042445 TSecr=3045562217 [TCP segment of a reassembled PDU]"
"68140","38.364761691","192.168.1.55","192.168.1.2","TCP","1514","8004  >  36934 [ACK] Seq=476582 Ack=144 Win=65024 Len=1448 TSval=2916042445 TSecr=3045562217 [TCP segment of a reassembled PDU]"
"68141","38.364763357","192.168.1.55","192.168.1.2","TCP","1514","8004  >  36934 [ACK] Seq=478030 Ack=144 Win=65024 Len=1448 TSval=2916042445 TSecr=3045562217 [TCP segment of a reassembled PDU]"
"68142","38.364764654","192.168.1.55","192.168.1.2","TCP","1514","8004  >  36934 [ACK] Seq=479478 Ack=144 Win=65024 Len=1448 TSval=2916042445 TSecr=3045562217 [TCP segment of a reassembled PDU]"
"68143","38.364766098","192.168.1.55","192.168.1.2","TCP","1514","8004  >  36934 [ACK] Seq=480926 Ack=144 Win=65024 Len=1448 TSval=2916042445 TSecr=3045562217 [TCP segment of a reassembled PDU]"
"68144","38.364767561","192.168.1.55","192.168.1.2","TCP","1514","8004  >  36934 [ACK] Seq=482374 Ack=144 Win=65024 Len=1448 TSval=2916042445 TSecr=3045562217 [TCP segment of a reassembled PDU]"
"68145","38.364769320","192.168.1.55","192.168.1.2","TCP","1514","8004  >  36934 [ACK] Seq=483822 Ack=144 Win=65024 Len=1448 TSval=2916042445 TSecr=3045562217 [TCP segment of a reassembled PDU]"
"68146","38.364770950","192.168.1.55","192.168.1.2","TCP","1514","8004  >  36934 [ACK] Seq=485270 Ack=144 Win=65024 Len=1448 TSval=2916042445 TSecr=3045562217 [TCP segment of a reassembled PDU]"
"68147","38.364772265","192.168.1.55","192.168.1.2","TCP","1514","8004  >  36934 [ACK] Seq=486718 Ack=144 Win=65024 Len=1448 TSval=2916042445 TSecr=3045562217 [TCP segment of a reassembled PDU]"
"68148","38.364773691","192.168.1.55","192.168.1.2","TCP","1514","8004  >  36934 [ACK] Seq=488166 Ack=144 Win=65024 Len=1448 TSval=2916042445 TSecr=3045562217 [TCP segment of a reassembled PDU]"
"68149","38.364774987","192.168.1.55","192.168.1.2","TCP","1514","8004  >  36934 [ACK] Seq=489614 Ack=144 Win=65024 Len=1448 TSval=2916042445 TSecr=3045562217 [TCP segment of a reassembled PDU]"
"68150","38.364776431","192.168.1.55","192.168.1.2","TCP","1514","8004  >  36934 [ACK] Seq=491062 Ack=144 Win=65024 Len=1448 TSval=2916042445 TSecr=3045562217 [TCP segment of a reassembled PDU]"
"68151","38.364777857","192.168.1.55","192.168.1.2","TCP","1514","8004  >  36934 [ACK] Seq=492510 Ack=144 Win=65024 Len=1448 TSval=2916042445 TSecr=3045562217 [TCP segment of a reassembled PDU]"
"68152","38.364779413","192.168.1.55","192.168.1.2","TCP","1514","8004  >  36934 [ACK] Seq=493958 Ack=144 Win=65024 Len=1448 TSval=2916042445 TSecr=3045562217 [TCP segment of a reassembled PDU]"
"68153","38.364780839","192.168.1.55","192.168.1.2","TCP","1514","8004  >  36934 [PSH, ACK] Seq=495406 Ack=144 Win=65024 Len=1448 TSval=2916042445 TSecr=3045562217 [TCP segment of a reassembled PDU]"
"68154","38.364787154","192.168.1.55","192.168.1.2","TCP","1514","8004  >  36934 [ACK] Seq=496854 Ack=144 Win=65024 Len=1448 TSval=2916042445 TSecr=3045562217 [TCP segment of a reassembled PDU]"
"68155","38.364788598","192.168.1.55","192.168.1.2","HTTP","222","HTTP/1.0 200 OK  (PNG)"
"68156","38.364792617","192.168.1.2","192.168.1.55","TCP","66","36934  >  8004 [ACK] Seq=144 Ack=379566 Win=153600 Len=0 TSval=3045562218 TSecr=2916042436"
"68157","38.364800561","192.168.1.2","192.168.1.55","TCP","66","36934  >  8004 [ACK] Seq=144 Ack=383910 Win=160768 Len=0 TSval=3045562218 TSecr=2916042437"
"68158","38.370856663","192.168.1.2","192.168.1.55","TCP","66","36934  >  8004 [ACK] Seq=144 Ack=407078 Win=148480 Len=0 TSval=3045562222 TSecr=2916042444"
"68159","38.371845295","192.168.1.2","192.168.1.55","TCP","66","36934  >  8004 [ACK] Seq=144 Ack=417214 Win=160768 Len=0 TSval=3045562227 TSecr=2916042444"
"68160","38.371981295","192.168.1.2","192.168.1.55","TCP","66","36934  >  8004 [ACK] Seq=144 Ack=457758 Win=186368 Len=0 TSval=3045562227 TSecr=2916042445"
"68161","38.371993554","192.168.1.2","192.168.1.55","TCP","66","36934  >  8004 [ACK] Seq=144 Ack=496854 Win=232448 Len=0 TSval=3045562227 TSecr=2916042445"
"68162","38.373331593","192.168.1.2","192.168.1.55","TCP","66","36934  >  8004 [ACK] Seq=144 Ack=498459 Win=235520 Len=0 TSval=3045562229 TSecr=2916042445"
"68163","38.374828318","192.168.1.2","192.168.1.55","TCP","66","36934  >  8004 [FIN, ACK] Seq=144 Ack=498459 Win=235520 Len=0 TSval=3045562229 TSecr=2916042445"
"68164","38.374850633","192.168.1.55","192.168.1.2","TCP","66","8004  >  36934 [ACK] Seq=498459 Ack=145 Win=65024 Len=0 TSval=2916042455 TSecr=3045562229"
"68165","38.374952707","192.168.1.2","192.168.1.55","TCP","74","36948  >  8004 [SYN] Seq=0 Win=64240 Len=0 MSS=1460 SACK_PERM TSval=3045562229 TSecr=0 WS=1024"
"68166","38.374969300","192.168.1.55","192.168.1.2","TCP","74","8004  >  36948 [SYN, ACK] Seq=0 Ack=1 Win=65160 Len=0 MSS=1460 SACK_PERM TSval=2916042455 TSecr=3045562229 WS=128"
"68167","38.378166935","192.168.1.2","192.168.1.55","TCP","66","36948  >  8004 [ACK] Seq=1 Ack=1 Win=64512 Len=0 TSval=3045562233 TSecr=2916042455"
"68168","38.381377625","192.168.1.2","192.168.1.55","HTTP","206","GET /stego_benchmark.png HTTP/1.1 "
"68169","38.381391625","192.168.1.55","192.168.1.2","TCP","66","8004  >  36948 [ACK] Seq=1 Ack=141 Win=65024 Len=0 TSval=2916042462 TSecr=3045562233"
"68170","38.381853478","192.168.1.55","192.168.1.2","TCP","255","8004  >  36948 [PSH, ACK] Seq=1 Ack=141 Win=65024 Len=189 TSval=2916042462 TSecr=3045562233 [TCP segment of a reassembled PDU]"
"68171","38.381929255","192.168.1.55","192.168.1.2","TCP","1514","8004  >  36948 [ACK] Seq=190 Ack=141 Win=65024 Len=1448 TSval=2916042462 TSecr=3045562233 [TCP segment of a reassembled PDU]"
"68172","38.381933255","192.168.1.55","192.168.1.2","TCP","1514","8004  >  36948 [ACK] Seq=1638 Ack=141 Win=65024 Len=1448 TSval=2916042462 TSecr=3045562233 [TCP segment of a reassembled PDU]"
"68173","38.381934626","192.168.1.55","192.168.1.2","TCP","1514","8004  >  36948 [ACK] Seq=3086 Ack=141 Win=65024 Len=1448 TSval=2916042462 TSecr=3045562233 [TCP segment of a reassembled PDU]"
"68174","38.381935996","192.168.1.55","192.168.1.2","TCP","1514","8004  >  36948 [ACK] Seq=4534 Ack=141 Win=65024 Len=1448 TSval=2916042462 TSecr=3045562233 [TCP segment of a reassembled PDU]"
"68175","38.381937755","192.168.1.55","192.168.1.2","TCP","1514","8004  >  36948 [PSH, ACK] Seq=5982 Ack=141 Win=65024 Len=1448 TSval=2916042462 TSecr=3045562233 [TCP segment of a reassembled PDU]"
"68176","38.381956904","192.168.1.55","192.168.1.2","TCP","1514","8004  >  36948 [ACK] Seq=7430 Ack=141 Win=65024 Len=1448 TSval=2916042462 TSecr=3045562233 [TCP segment of a reassembled PDU]"
"68177","38.381958941","192.168.1.55","192.168.1.2","TCP","1514","8004  >  36948 [ACK] Seq=8878 Ack=141 Win=65024 Len=1448 TSval=2916042462 TSecr=3045562233 [TCP segment of a reassembled PDU]"
"68178","38.381960255","192.168.1.55","192.168.1.2","TCP","1514","8004  >  36948 [ACK] Seq=10326 Ack=141 Win=65024 Len=1448 TSval=2916042462 TSecr=3045562233 [TCP segment of a reassembled PDU]"
"68179","38.381961459","192.168.1.55","192.168.1.2","TCP","1514","8004  >  36948 [PSH, ACK] Seq=11774 Ack=141 Win=65024 Len=1448 TSval=2916042462 TSecr=3045562233 [TCP segment of a reassembled PDU]"
"68180","38.385569854","192.168.1.2","192.168.1.55","TCP","66","36948  >  8004 [ACK] Seq=141 Ack=190 Win=64512 Len=0 TSval=3045562240 TSecr=2916042462"
"68181","38.385605743","192.168.1.55","192.168.1.2","TCP","1514","8004  >  36948 [ACK] Seq=13222 Ack=141 Win=65024 Len=1448 TSval=2916042466 TSecr=3045562240 [TCP segment of a reassembled PDU]"
"68182","38.385611076","192.168.1.55","192.168.1.2","TCP","1514","8004  >  36948 [PSH, ACK] Seq=14670 Ack=141 Win=65024 Len=1448 TSval=2916042466 TSecr=3045562240 [TCP segment of a reassembled PDU]"
"68183","38.385677706","192.168.1.2","192.168.1.55","TCP","66","36948  >  8004 [ACK] Seq=141 Ack=5982 Win=76800 Len=0 TSval=3045562240 TSecr=2916042462"
"68184","38.385699650","192.168.1.55","192.168.1.2","TCP","1514","8004  >  36948 [ACK] Seq=16118 Ack=141 Win=65024 Len=1448 TSval=2916042466 TSecr=3045562240 [TCP segment of a reassembled PDU]"
"68185","38.385702502","192.168.1.55","192.168.1.2","TCP","1514","8004  >  36948 [ACK] Seq=17566 Ack=141 Win=65024 Len=1448 TSval=2916042466 TSecr=3045562240 [TCP segment of a reassembled PDU]"
"68186","38.385704280","192.168.1.55","192.168.1.2","TCP","1514","8004  >  36948 [ACK] Seq=19014 Ack=141 Win=65024 Len=1448 TSval=2916042466 TSecr=3045562240 [TCP segment of a reassembled PDU]"
"68187","38.385706095","192.168.1.55","192.168.1.2","TCP","1514","8004  >  36948 [ACK] Seq=20462 Ack=141 Win=65024 Len=1448 TSval=2916042466 TSecr=3045562240 [TCP segment of a reassembled PDU]"
"68188","38.385707391","192.168.1.55","192.168.1.2","TCP","1514","8004  >  36948 [ACK] Seq=21910 Ack=141 Win=65024 Len=1448 TSval=2916042466 TSecr=3045562240 [TCP segment of a reassembled PDU]"
"68189","38.385708650","192.168.1.55","192.168.1.2","TCP","1514","8004  >  36948 [ACK] Seq=23358 Ack=141 Win=65024 Len=1448 TSval=2916042466 TSecr=3045562240 [TCP segment of a reassembled PDU]"
"68190","38.385710187","192.168.1.55","192.168.1.2","TCP","1514","8004  >  36948 [PSH, ACK] Seq=24806 Ack=141 Win=65024 Len=1448 TSval=2916042466 TSecr=3045562240 [TCP segment of a reassembled PDU]"
"68191","38.385715262","192.168.1.2","192.168.1.55","TCP","66","36948  >  8004 [ACK] Seq=141 Ack=7430 Win=79872 Len=0 TSval=3045562240 TSecr=2916042462"
"68192","38.386980449","192.168.1.2","192.168.1.55","TCP","66","36948  >  8004 [ACK] Seq=141 Ack=13222 Win=80896 Len=0 TSval=3045562240 TSecr=2916042462"
"68193","38.387091597","192.168.1.55","192.168.1.2","TCP","1514","8004  >  36948 [ACK] Seq=26254 Ack=141 Win=65024 Len=1448 TSval=2916042467 TSecr=3045562240 [TCP segment of a reassembled PDU]"
"68194","38.387105079","192.168.1.55","192.168.1.2","TCP","1514","8004  >  36948 [ACK] Seq=27702 Ack=141 Win=65024 Len=1448 TSval=2916042467 TSecr=3045562240 [TCP segment of a reassembled PDU]"
"68195","38.387108023","192.168.1.55","192.168.1.2","TCP","1514","8004  >  36948 [ACK] Seq=29150 Ack=141 Win=65024 Len=1448 TSval=2916042467 TSecr=3045562240 [TCP segment of a reassembled PDU]"
"68196","38.387114560","192.168.1.55","192.168.1.2","TCP","1514","8004  >  36948 [ACK] Seq=30598 Ack=141 Win=65024 Len=1448 TSval=2916042467 TSecr=3045562240 [TCP segment of a reassembled PDU]"
"68197","38.387117579","192.168.1.55","192.168.1.2","TCP","1514","8004  >  36948 [ACK] Seq=32046 Ack=141 Win=65024 Len=1448 TSval=2916042467 TSecr=3045562240 [TCP segment of a reassembled PDU]"
"68198","38.387119745","192.168.1.55","192.168.1.2","TCP","1514","8004  >  36948 [ACK] Seq=33494 Ack=141 Win=65024 Len=1448 TSval=2916042467 TSecr=3045562240 [TCP segment of a reassembled PDU]"
"68199","38.387122856","192.168.1.55","192.168.1.2","TCP","1514","8004  >  36948 [ACK] Seq=34942 Ack=141 Win=65024 Len=1448 TSval=2916042467 TSecr=3045562240 [TCP segment of a reassembled PDU]"
"68200","38.387125319","192.168.1.55","192.168.1.2","TCP","1514","8004  >  36948 [ACK] Seq=36390 Ack=141 Win=65024 Len=1448 TSval=2916042467 TSecr=3045562240 [TCP segment of a reassembled PDU]"
"68201","38.387128986","192.168.1.55","192.168.1.2","TCP","1514","8004  >  36948 [ACK] Seq=37838 Ack=141 Win=65024 Len=1448 TSval=2916042467 TSecr=3045562240 [TCP segment of a reassembled PDU]"
"68202","38.387132023","192.168.1.55","192.168.1.2","TCP","1514","8004  >  36948 [PSH, ACK] Seq=39286 Ack=141 Win=65024 Len=1448 TSval=2916042467 TSecr=3045562240 [TCP segment of a reassembled PDU]"
"68203","38.387169505","192.168.1.55","192.168.1.2","TCP","1514","8004  >  36948 [ACK] Seq=40734 Ack=141 Win=65024 Len=1448 TSval=2916042467 TSecr=3045562240 [TCP segment of a reassembled PDU]"
"68204","38.390919492","192.168.1.2","192.168.1.55","TCP","66","36948  >  8004 [ACK] Seq=141 Ack=16118 Win=87040 Len=0 TSval=3045562244 TSecr=2916042466"
"68205","38.390971640","192.168.1.55","192.168.1.2","TCP","1514","8004  >  36948 [ACK] Seq=42182 Ack=141 Win=65024 Len=1448 TSval=2916042471 TSecr=3045562244 [TCP segment of a reassembled PDU]"
"68206","38.390978178","192.168.1.55","192.168.1.2","TCP","1514","8004  >  36948 [PSH, ACK] Seq=43630 Ack=141 Win=65024 Len=1448 TSval=2916042471 TSecr=3045562244 [TCP segment of a reassembled PDU]"
"68207","38.391044770","192.168.1.2","192.168.1.55","TCP","66","36948  >  8004 [ACK] Seq=141 Ack=24806 Win=87040 Len=0 TSval=3045562244 TSecr=2916042466"
"68208","38.391077863","192.168.1.55","192.168.1.2","TCP","1514","8004  >  36948 [ACK] Seq=45078 Ack=141 Win=65024 Len=1448 TSval=2916042471 TSecr=3045562244 [TCP segment of a reassembled PDU]"
"68209","38.391080937","192.168.1.55","192.168.1.2","TCP","1514","8004  >  36948 [ACK] Seq=46526 Ack=141 Win=65024 Len=1448 TSval=2916042471 TSecr=3045562244 [TCP segment of a reassembled PDU]"
"68210","38.391083344","192.168.1.55","192.168.1.2","TCP","1514","8004  >  36948 [ACK] Seq=47974 Ack=141 Win=65024 Len=1448 TSval=2916042471 TSecr=3045562244 [TCP segment of a reassembled PDU]"
"68211","38.391085270","192.168.1.55","192.168.1.2","TCP","1514","8004  >  36948 [ACK] Seq=49422 Ack=141 Win=65024 Len=1448 TSval=2916042471 TSecr=3045562244 [TCP segment of a reassembled PDU]"
"68212","38.391087048","192.168.1.55","192.168.1.2","TCP","1514","8004  >  36948 [ACK] Seq=50870 Ack=141 Win=65024 Len=1448 TSval=2916042471 TSecr=3045562244 [TCP segment of a reassembled PDU]"
"68213","38.391088622","192.168.1.55","192.168.1.2","TCP","1514","8004  >  36948 [ACK] Seq=52318 Ack=141 Win=65024 Len=1448 TSval=2916042471 TSecr=3045562244 [TCP segment of a reassembled PDU]"
"68214","38.391090530","192.168.1.55","192.168.1.2","TCP","1514","8004  >  36948 [ACK] Seq=53766 Ack=141 Win=65024 Len=1448 TSval=2916042471 TSecr=3045562244 [TCP segment of a reassembled PDU]"
"68215","38.391092400","192.168.1.55","192.168.1.2","TCP","1514","8004  >  36948 [ACK] Seq=55214 Ack=141 Win=65024 Len=1448 TSval=2916042471 TSecr=3045562244 [TCP segment of a reassembled PDU]"
"68216","38.391093659","192.168.1.55","192.168.1.2","TCP","1514","8004  >  36948 [ACK] Seq=56662 Ack=141 Win=65024 Len=1448 TSval=2916042471 TSecr=3045562244 [TCP segment of a reassembled PDU]"
"68217","38.391095455","192.168.1.55","192.168.1.2","TCP","1514","8004  >  36948 [ACK] Seq=58110 Ack=141 Win=65024 Len=1448 TSval=2916042471 TSecr=3045562244 [TCP segment of a reassembled PDU]"
"68218","38.391098030","192.168.1.55","192.168.1.2","TCP","1514","8004  >  36948 [ACK] Seq=59558 Ack=141 Win=65024 Len=1448 TSval=2916042471 TSecr=3045562244 [TCP segment of a reassembled PDU]"
"68219","38.391099993","192.168.1.55","192.168.1.2","TCP","1514","8004  >  36948 [ACK] Seq=61006 Ack=141 Win=65024 Len=1448 TSval=2916042471 TSecr=3045562244 [TCP segment of a reassembled PDU]"
"68220","38.391101307","192.168.1.55","192.168.1.2","TCP","1514","8004  >  36948 [ACK] Seq=62454 Ack=141 Win=65024 Len=1448 TSval=2916042471 TSecr=3045562244 [TCP segment of a reassembled PDU]"
"68221","38.391102881","192.168.1.55","192.168.1.2","TCP","1514","8004  >  36948 [PSH, ACK] Seq=63902 Ack=141 Win=65024 Len=1448 TSval=2916042471 TSecr=3045562244 [TCP segment of a reassembled PDU]"
"68222","38.391108381","192.168.1.2","192.168.1.55","TCP","66","36948  >  8004 [ACK] Seq=141 Ack=26254 Win=90112 Len=0 TSval=3045562245 TSecr=2916042466"
"68223","38.392494217","192.168.1.2","192.168.1.55","TCP","66","36948  >  8004 [ACK] Seq=141 Ack=34942 Win=87040 Len=0 TSval=3045562246 TSecr=2916042467"
"68224","38.392519365","192.168.1.55","192.168.1.2","TCP","1514","8004  >  36948 [ACK] Seq=65350 Ack=141 Win=65024 Len=1448 TSval=2916042473 TSecr=3045562246 [TCP segment of a reassembled PDU]"
"68225","38.392522291","192.168.1.55","192.168.1.2","TCP","1514","8004  >  36948 [ACK] Seq=66798 Ack=141 Win=65024 Len=1448 TSval=2916042473 TSecr=3045562246 [TCP segment of a reassembled PDU]"
"68226","38.392523717","192.168.1.55","192.168.1.2","TCP","1514","8004  >  36948 [ACK] Seq=68246 Ack=141 Win=65024 Len=1448 TSval=2916042473 TSecr=3045562246 [TCP segment of a reassembled PDU]"
"68227","38.392525032","192.168.1.55","192.168.1.2","TCP","1514","8004  >  36948 [ACK] Seq=69694 Ack=141 Win=65024 Len=1448 TSval=2916042473 TSecr=3045562246 [TCP segment of a reassembled PDU]"
"68228","38.392526328","192.168.1.55","192.168.1.2","TCP","1514","8004  >  36948 [ACK] Seq=71142 Ack=141 Win=65024 Len=1448 TSval=2916042473 TSecr=3045562246 [TCP segment of a reassembled PDU]"
"68229","38.392527828","192.168.1.55","192.168.1.2","TCP","1514","8004  >  36948 [ACK] Seq=72590 Ack=141 Win=65024 Len=1448 TSval=2916042473 TSecr=3045562246 [TCP segment of a reassembled PDU]"
"68230","38.392529143","192.168.1.55","192.168.1.2","TCP","1514","8004  >  36948 [ACK] Seq=74038 Ack=141 Win=65024 Len=1448 TSval=2916042473 TSecr=3045562246 [TCP segment of a reassembled PDU]"
"68231","38.392531273","192.168.1.55","192.168.1.2","TCP","1514","8004  >  36948 [PSH, ACK] Seq=75486 Ack=141 Win=65024 Len=1448 TSval=2916042473 TSecr=3045562246 [TCP segment of a reassembled PDU]"
"68232","38.392564569","192.168.1.2","192.168.1.55","TCP","66","36948  >  8004 [ACK] Seq=141 Ack=40734 Win=81920 Len=0 TSval=3045562246 TSecr=2916042467"
"68233","38.392589662","192.168.1.55","192.168.1.2","TCP","1514","8004  >  36948 [ACK] Seq=76934 Ack=141 Win=65024 Len=1448 TSval=2916042473 TSecr=3045562246 [TCP segment of a reassembled PDU]"
"68234","38.392592625","192.168.1.55","192.168.1.2","TCP","1514","8004  >  36948 [ACK] Seq=78382 Ack=141 Win=65024 Len=1448 TSval=2916042473 TSecr=3045562246 [TCP segment of a reassembled PDU]"
"68235","38.392594013","192.168.1.55","192.168.1.2","TCP","1514","8004  >  36948 [ACK] Seq=79830 Ack=141 Win=65024 Len=1448 TSval=2916042473 TSecr=3045562246 [TCP segment of a reassembled PDU]"
"68236","38.392595569","192.168.1.55","192.168.1.2","TCP","1514","8004  >  36948 [ACK] Seq=81278 Ack=141 Win=65024 Len=1448 TSval=2916042473 TSecr=3045562246 [TCP segment of a reassembled PDU]"
"68237","38.392598106","192.168.1.55","192.168.1.2","TCP","1514","8004  >  36948 [ACK] Seq=82726 Ack=141 Win=65024 Len=1448 TSval=2916042473 TSecr=3045562246 [TCP segment of a reassembled PDU]"
"68238","38.392600069","192.168.1.55","192.168.1.2","TCP","1514","8004  >  36948 [ACK] Seq=84174 Ack=141 Win=65024 Len=1448 TSval=2916042473 TSecr=3045562246 [TCP segment of a reassembled PDU]"
"68239","38.392601865","192.168.1.55","192.168.1.2","TCP","1514","8004  >  36948 [ACK] Seq=85622 Ack=141 Win=65024 Len=1448 TSval=2916042473 TSecr=3045562246 [TCP segment of a reassembled PDU]"
"68240","38.392603347","192.168.1.55","192.168.1.2","TCP","1514","8004  >  36948 [ACK] Seq=87070 Ack=141 Win=65024 Len=1448 TSval=2916042473 TSecr=3045562246 [TCP segment of a reassembled PDU]"
"68241","38.392605125","192.168.1.55","192.168.1.2","TCP","1514","8004  >  36948 [ACK] Seq=88518 Ack=141 Win=65024 Len=1448 TSval=2916042473 TSecr=3045562246 [TCP segment of a reassembled PDU]"
"68242","38.392606828","192.168.1.55","192.168.1.2","TCP","1514","8004  >  36948 [ACK] Seq=89966 Ack=141 Win=65024 Len=1448 TSval=2916042473 TSecr=3045562246 [TCP segment of a reassembled PDU]"
"68243","38.392608199","192.168.1.55","192.168.1.2","TCP","1514","8004  >  36948 [ACK] Seq=91414 Ack=141 Win=65024 Len=1448 TSval=2916042473 TSecr=3045562246 [TCP segment of a reassembled PDU]"
"68244","38.392609680","192.168.1.55","192.168.1.2","TCP","1514","8004  >  36948 [ACK] Seq=92862 Ack=141 Win=65024 Len=1448 TSval=2916042473 TSecr=3045562246 [TCP segment of a reassembled PDU]"
"68245","38.392611236","192.168.1.55","192.168.1.2","TCP","1514","8004  >  36948 [ACK] Seq=94310 Ack=141 Win=65024 Len=1448 TSval=2916042473 TSecr=3045562246 [TCP segment of a reassembled PDU]"
"68246","38.392613236","192.168.1.55","192.168.1.2","TCP","1514","8004  >  36948 [PSH, ACK] Seq=95758 Ack=141 Win=65024 Len=1448 TSval=2916042473 TSecr=3045562246 [TCP segment of a reassembled PDU]"
"68247","38.397939448","192.168.1.2","192.168.1.55","TCP","66","36948  >  8004 [ACK] Seq=141 Ack=42182 Win=92160 Len=0 TSval=3045562247 TSecr=2916042467"
"68248","38.397967967","192.168.1.55","192.168.1.2","TCP","1514","8004  >  36948 [ACK] Seq=97206 Ack=141 Win=65024 Len=1448 TSval=2916042478 TSecr=3045562247 [TCP segment of a reassembled PDU]"
"68249","38.397972356","192.168.1.55","192.168.1.2","TCP","1514","8004  >  36948 [PSH, ACK] Seq=98654 Ack=141 Win=65024 Len=1448 TSval=2916042478 TSecr=3045562247 [TCP segment of a reassembled PDU]"
"68250","38.398178560","192.168.1.2","192.168.1.55","TCP","66","36948  >  8004 [ACK] Seq=141 Ack=45078 Win=91136 Len=0 TSval=3045562251 TSecr=2916042471"
"68251","38.398185985","192.168.1.2","192.168.1.55","TCP","66","36948  >  8004 [ACK] Seq=141 Ack=52318 Win=89088 Len=0 TSval=3045562251 TSecr=2916042471"
"68252","38.398202189","192.168.1.55","192.168.1.2","TCP","1514","8004  >  36948 [ACK] Seq=100102 Ack=141 Win=65024 Len=1448 TSval=2916042478 TSecr=3045562251 [TCP segment of a reassembled PDU]"
"68253","38.398204763","192.168.1.55","192.168.1.2","TCP","1514","8004  >  36948 [ACK] Seq=101550 Ack=141 Win=65024 Len=1448 TSval=2916042478 TSecr=3045562251 [TCP segment of a reassembled PDU]"
"68254","38.398206337","192.168.1.55","192.168.1.2","TCP","1514","8004  >  36948 [ACK] Seq=102998 Ack=141 Win=65024 Len=1448 TSval=2916042478 TSecr=3045562251 [TCP segment of a reassembled PDU]"
"68255","38.398207541","192.168.1.55","192.168.1.2","TCP","1514","8004  >  36948 [ACK] Seq=104446 Ack=141 Win=65024 Len=1448 TSval=2916042478 TSecr=3045562251 [TCP segment of a reassembled PDU]"
"68256","38.398208745","192.168.1.55","192.168.1.2","TCP","1514","8004  >  36948 [ACK] Seq=105894 Ack=141 Win=65024 Len=1448 TSval=2916042478 TSecr=3045562251 [TCP segment of a reassembled PDU]"
"68257","38.398209874","192.168.1.55","192.168.1.2","TCP","1514","8004  >  36948 [ACK] Seq=107342 Ack=141 Win=65024 Len=1448 TSval=2916042478 TSecr=3045562251 [TCP segment of a reassembled PDU]"
"68258","38.398211041","192.168.1.55","192.168.1.2","TCP","1514","8004  >  36948 [ACK] Seq=108790 Ack=141 Win=65024 Len=1448 TSval=2916042478 TSecr=3045562251 [TCP segment of a reassembled PDU]"
"68259","38.398212152","192.168.1.55","192.168.1.2","TCP","1514","8004  >  36948 [ACK] Seq=110238 Ack=141 Win=65024 Len=1448 TSval=2916042478 TSecr=3045562251 [TCP segment of a reassembled PDU]"
"68260","38.398213393","192.168.1.55","192.168.1.2","TCP","1514","8004  >  36948 [ACK] Seq=111686 Ack=141 Win=65024 Len=1448 TSval=2916042478 TSecr=3045562251 [TCP segment of a reassembled PDU]"
"68261","38.398214560","192.168.1.55","192.168.1.2","TCP","1514","8004  >  36948 [ACK] Seq=113134 Ack=141 Win=65024 Len=1448 TSval=2916042478 TSecr=3045562251 [TCP segment of a reassembled PDU]"
"68262","38.398215819","192.168.1.55","192.168.1.2","TCP","1514","8004  >  36948 [PSH, ACK] Seq=114582 Ack=141 Win=65024 Len=1448 TSval=2916042478 TSecr=3045562251 [TCP segment of a reassembled PDU]"
"68263","38.398219930","192.168.1.2","192.168.1.55","TCP","66","36948  >  8004 [ACK] Seq=141 Ack=65350 Win=76800 Len=0 TSval=3045562251 TSecr=2916042471"
"68264","38.398249986","192.168.1.55","192.168.1.2","TCP","1514","8004  >  36948 [ACK] Seq=116030 Ack=141 Win=65024 Len=1448 TSval=2916042478 TSecr=3045562251 [TCP segment of a reassembled PDU]"
"68265","38.398251486","192.168.1.55","192.168.1.2","TCP","1514","8004  >  36948 [ACK] Seq=117478 Ack=141 Win=65024 Len=1448 TSval=2916042478 TSecr=3045562251 [TCP segment of a reassembled PDU]"
"68266","38.398252763","192.168.1.55","192.168.1.2","TCP","1514","8004  >  36948 [ACK] Seq=118926 Ack=141 Win=65024 Len=1448 TSval=2916042478 TSecr=3045562251 [TCP segment of a reassembled PDU]"
"68267","38.398253930","192.168.1.55","192.168.1.2","TCP","1514","8004  >  36948 [ACK] Seq=120374 Ack=141 Win=65024 Len=1448 TSval=2916042478 TSecr=3045562251 [TCP segment of a reassembled PDU]"
"68268","38.398255097","192.168.1.55","192.168.1.2","TCP","1514","8004  >  36948 [ACK] Seq=121822 Ack=141 Win=65024 Len=1448 TSval=2916042478 TSecr=3045562251 [TCP segment of a reassembled PDU]"
"68269","38.398256300","192.168.1.55","192.168.1.2","TCP","1514","8004  >  36948 [ACK] Seq=123270 Ack=141 Win=65024 Len=1448 TSval=2916042478 TSecr=3045562251 [TCP segment of a reassembled PDU]"
"68270","38.398257393","192.168.1.55","192.168.1.2","TCP","1514","8004  >  36948 [ACK] Seq=124718 Ack=141 Win=65024 Len=1448 TSval=2916042478 TSecr=3045562251 [TCP segment of a reassembled PDU]"
"68271","38.398258504","192.168.1.55","192.168.1.2","TCP","1514","8004  >  36948 [ACK] Seq=126166 Ack=141 Win=65024 Len=1448 TSval=2916042478 TSecr=3045562251 [TCP segment of a reassembled PDU]"
"68272","38.398259634","192.168.1.55","192.168.1.2","TCP","1514","8004  >  36948 [ACK] Seq=127614 Ack=141 Win=65024 Len=1448 TSval=2916042478 TSecr=3045562251 [TCP segment of a reassembled PDU]"
"68273","38.398260708","192.168.1.55","192.168.1.2","TCP","1514","8004  >  36948 [ACK] Seq=129062 Ack=141 Win=65024 Len=1448 TSval=2916042478 TSecr=3045562251 [TCP segment of a reassembled PDU]"
"68274","38.398261874","192.168.1.55","192.168.1.2","TCP","1514","8004  >  36948 [ACK] Seq=130510 Ack=141 Win=65024 Len=1448 TSval=2916042478 TSecr=3045562251 [TCP segment of a reassembled PDU]"
"68275","38.398262967","192.168.1.55","192.168.1.2","TCP","1514","8004  >  36948 [ACK] Seq=131958 Ack=141 Win=65024 Len=1448 TSval=2916042478 TSecr=3045562251 [TCP segment of a reassembled PDU]"
"68276","38.398264115","192.168.1.55","192.168.1.2","TCP","1514","8004  >  36948 [ACK] Seq=133406 Ack=141 Win=65024 Len=1448 TSval=2916042478 TSecr=3045562251 [TCP segment of a reassembled PDU]"
"68277","38.398265912","192.168.1.55","192.168.1.2","TCP","1514","8004  >  36948 [ACK] Seq=134854 Ack=141 Win=65024 Len=1448 TSval=2916042478 TSecr=3045562251 [TCP segment of a reassembled PDU]"
"68278","38.398267023","192.168.1.55","192.168.1.2","TCP","1514","8004  >  36948 [ACK] Seq=136302 Ack=141 Win=65024 Len=1448 TSval=2916042478 TSecr=3045562251 [TCP segment of a reassembled PDU]"
"68279","38.398268300","192.168.1.55","192.168.1.2","TCP","1514","8004  >  36948 [ACK] Seq=137750 Ack=141 Win=65024 Len=1448 TSval=2916042478 TSecr=3045562251 [TCP segment of a reassembled PDU]"
"68280","38.398269634","192.168.1.55","192.168.1.2","TCP","1514","8004  >  36948 [ACK] Seq=139198 Ack=141 Win=65024 Len=1448 TSval=2916042478 TSecr=3045562251 [TCP segment of a reassembled PDU]"
"68281","38.398270726","192.168.1.55","192.168.1.2","TCP","1514","8004  >  36948 [ACK] Seq=140646 Ack=141 Win=65024 Len=1448 TSval=2916042478 TSecr=3045562251 [TCP segment of a reassembled PDU]"
"68282","38.398272004","192.168.1.55","192.168.1.2","TCP","122","[TCP Window Full] 8004  >  36948 [PSH, ACK] Seq=142094 Ack=141 Win=65024 Len=56 TSval=2916042478 TSecr=3045562251 [TCP segment of a reassembled PDU]"
"68283","38.398277782","192.168.1.2","192.168.1.55","TCP","66","36948  >  8004 [ACK] Seq=141 Ack=76934 Win=65536 Len=0 TSval=3045562251 TSecr=2916042473"
"68284","38.398286152","192.168.1.2","192.168.1.55","TCP","66","36948  >  8004 [ACK] Seq=141 Ack=88518 Win=73728 Len=0 TSval=3045562251 TSecr=2916042473"
"68285","38.398322134","192.168.1.55","192.168.1.2","TCP","1514","8004  >  36948 [ACK] Seq=142150 Ack=141 Win=65024 Len=1448 TSval=2916042479 TSecr=3045562251 [TCP segment of a reassembled PDU]"
"68286","38.398325967","192.168.1.55","192.168.1.2","TCP","1514","8004  >  36948 [ACK] Seq=143598 Ack=141 Win=65024 Len=1448 TSval=2916042479 TSecr=3045562251 [TCP segment of a reassembled PDU]"
"68287","38.398327282","192.168.1.55","192.168.1.2","TCP","1514","8004  >  36948 [ACK] Seq=145046 Ack=141 Win=65024 Len=1448 TSval=2916042479 TSecr=3045562251 [TCP segment of a reassembled PDU]"
"68288","38.398328504","192.168.1.55","192.168.1.2","TCP","1514","8004  >  36948 [ACK] Seq=146494 Ack=141 Win=65024 Len=1448 TSval=2916042479 TSecr=3045562251 [TCP segment of a reassembled PDU]"
"68289","38.398329801","192.168.1.55","192.168.1.2","TCP","1514","8004  >  36948 [ACK] Seq=147942 Ack=141 Win=65024 Len=1448 TSval=2916042479 TSecr=3045562251 [TCP segment of a reassembled PDU]"
"68290","38.398331338","192.168.1.55","192.168.1.2","TCP","1514","8004  >  36948 [ACK] Seq=149390 Ack=141 Win=65024 Len=1448 TSval=2916042479 TSecr=3045562251 [TCP segment of a reassembled PDU]"
"68291","38.398332597","192.168.1.55","192.168.1.2","TCP","1514","8004  >  36948 [ACK] Seq=150838 Ack=141 Win=65024 Len=1448 TSval=2916042479 TSecr=3045562251 [TCP segment of a reassembled PDU]"
"68292","38.398334189","192.168.1.55","192.168.1.2","TCP","1514","8004  >  36948 [PSH, ACK] Seq=152286 Ack=141 Win=65024 Len=1448 TSval=2916042479 TSecr=3045562251 [TCP segment of a reassembled PDU]"
"68293","38.399370561","192.168.1.55","192.168.1.2","TCP","1458","8004  >  36948 [ACK] Seq=153734 Ack=141 Win=65024 Len=1392 TSval=2916042480 TSecr=3045562251 [TCP segment of a reassembled PDU]"
"68294","38.405536775","192.168.1.2","192.168.1.55","TCP","66","36948  >  8004 [ACK] Seq=141 Ack=95758 Win=86016 Len=0 TSval=3045562259 TSecr=2916042473"
"68295","38.405575183","192.168.1.55","192.168.1.2","TCP","1514","8004  >  36948 [ACK] Seq=155126 Ack=141 Win=65024 Len=1448 TSval=2916042486 TSecr=3045562259 [TCP segment of a reassembled PDU]"
"68296","38.405579035","192.168.1.55","192.168.1.2","TCP","1514","8004  >  36948 [ACK] Seq=156574 Ack=141 Win=65024 Len=1448 TSval=2916042486 TSecr=3045562259 [TCP segment of a reassembled PDU]"
"68297","38.405580516","192.168.1.55","192.168.1.2","TCP","1514","8004  >  36948 [ACK] Seq=158022 Ack=141 Win=65024 Len=1448 TSval=2916042486 TSecr=3045562259 [TCP segment of a reassembled PDU]"
"68298","38.405581905","192.168.1.55","192.168.1.2","TCP","1514","8004  >  36948 [ACK] Seq=159470 Ack=141 Win=65024 Len=1448 TSval=2916042486 TSecr=3045562259 [TCP segment of a reassembled PDU]"
"68299","38.405583294","192.168.1.55","192.168.1.2","TCP","1514","8004  >  36948 [ACK] Seq=160918 Ack=141 Win=65024 Len=1448 TSval=2916042486 TSecr=3045562259 [TCP segment of a reassembled PDU]"
"68300","38.405584701","192.168.1.55","192.168.1.2","TCP","1514","8004  >  36948 [ACK] Seq=162366 Ack=141 Win=65024 Len=1448 TSval=2916042486 TSecr=3045562259 [TCP segment of a reassembled PDU]"
"68301","38.405591794","192.168.1.55","192.168.1.2","TCP","1514","8004  >  36948 [ACK] Seq=163814 Ack=141 Win=65024 Len=1448 TSval=2916042486 TSecr=3045562259 [TCP segment of a reassembled PDU]"
"68302","38.405593368","192.168.1.55","192.168.1.2","TCP","1514","8004  >  36948 [ACK] Seq=165262 Ack=141 Win=65024 Len=1448 TSval=2916042486 TSecr=3045562259 [TCP segment of a reassembled PDU]"
"68303","38.405594738","192.168.1.55","192.168.1.2","TCP","1514","8004  >  36948 [ACK] Seq=166710 Ack=141 Win=65024 Len=1448 TSval=2916042486 TSecr=3045562259 [TCP segment of a reassembled PDU]"
"68304","38.405596127","192.168.1.55","192.168.1.2","TCP","1514","8004  >  36948 [ACK] Seq=168158 Ack=141 Win=65024 Len=1448 TSval=2916042486 TSecr=3045562259 [TCP segment of a reassembled PDU]"
"68305","38.405597423","192.168.1.55","192.168.1.2","TCP","1514","8004  >  36948 [ACK] Seq=169606 Ack=141 Win=65024 Len=1448 TSval=2916042486 TSecr=3045562259 [TCP segment of a reassembled PDU]"
"68306","38.405599053","192.168.1.55","192.168.1.2","TCP","1514","8004  >  36948 [ACK] Seq=171054 Ack=141 Win=65024 Len=1448 TSval=2916042486 TSecr=3045562259 [TCP segment of a reassembled PDU]"
"68307","38.405600331","192.168.1.55","192.168.1.2","TCP","1514","8004  >  36948 [ACK] Seq=172502 Ack=141 Win=65024 Len=1448 TSval=2916042486 TSecr=3045562259 [TCP segment of a reassembled PDU]"
"68308","38.405601942","192.168.1.55","192.168.1.2","TCP","1514","8004  >  36948 [ACK] Seq=173950 Ack=141 Win=65024 Len=1448 TSval=2916042486 TSecr=3045562259 [TCP segment of a reassembled PDU]"
"68309","38.405603220","192.168.1.55","192.168.1.2","TCP","1514","8004  >  36948 [ACK] Seq=175398 Ack=141 Win=65024 Len=1448 TSval=2916042486 TSecr=3045562259 [TCP segment of a reassembled PDU]"
"68310","38.405604553","192.168.1.55","192.168.1.2","TCP","1514","8004  >  36948 [ACK] Seq=176846 Ack=141 Win=65024 Len=1448 TSval=2916042486 TSecr=3045562259 [TCP segment of a reassembled PDU]"
"68311","38.405605886","192.168.1.55","192.168.1.2","TCP","1514","8004  >  36948 [ACK] Seq=178294 Ack=141 Win=65024 Len=1448 TSval=2916042486 TSecr=3045562259 [TCP segment of a reassembled PDU]"
"68312","38.405607257","192.168.1.55","192.168.1.2","TCP","1514","8004  >  36948 [PSH, ACK] Seq=179742 Ack=141 Win=65024 Len=1448 TSval=2916042486 TSecr=3045562259 [TCP segment of a reassembled PDU]"
"68313","38.406405814","192.168.1.2","192.168.1.55","TCP","66","36948  >  8004 [ACK] Seq=141 Ack=97206 Win=92160 Len=0 TSval=3045562260 TSecr=2916042473"
"68314","38.406419925","192.168.1.2","192.168.1.55","TCP","66","36948  >  8004 [ACK] Seq=141 Ack=100102 Win=90112 Len=0 TSval=3045562260 TSecr=2916042478"
"68315","38.406426703","192.168.1.2","192.168.1.55","TCP","66","36948  >  8004 [ACK] Seq=141 Ack=116030 Win=74752 Len=0 TSval=3045562260 TSecr=2916042478"
"68316","38.406431869","192.168.1.2","192.168.1.55","TCP","66","36948  >  8004 [ACK] Seq=141 Ack=117478 Win=73728 Len=0 TSval=3045562260 TSecr=2916042478"
"68317","38.406487388","192.168.1.2","192.168.1.55","TCP","66","36948  >  8004 [ACK] Seq=141 Ack=142150 Win=70656 Len=0 TSval=3045562260 TSecr=2916042478"
"68318","38.406511147","192.168.1.55","192.168.1.2","TCP","1514","8004  >  36948 [ACK] Seq=181190 Ack=141 Win=65024 Len=1448 TSval=2916042487 TSecr=3045562260 [TCP segment of a reassembled PDU]"
"68319","38.406513721","192.168.1.55","192.168.1.2","TCP","1514","8004  >  36948 [ACK] Seq=182638 Ack=141 Win=65024 Len=1448 TSval=2916042487 TSecr=3045562260 [TCP segment of a reassembled PDU]"
"68320","38.406515443","192.168.1.55","192.168.1.2","TCP","1514","8004  >  36948 [ACK] Seq=184086 Ack=141 Win=65024 Len=1448 TSval=2916042487 TSecr=3045562260 [TCP segment of a reassembled PDU]"
"68321","38.406516869","192.168.1.55","192.168.1.2","TCP","1514","8004  >  36948 [ACK] Seq=185534 Ack=141 Win=65024 Len=1448 TSval=2916042487 TSecr=3045562260 [TCP segment of a reassembled PDU]"
"68322","38.406518277","192.168.1.55","192.168.1.2","TCP","1514","8004  >  36948 [ACK] Seq=186982 Ack=141 Win=65024 Len=1448 TSval=2916042487 TSecr=3045562260 [TCP segment of a reassembled PDU]"
"68323","38.406519721","192.168.1.55","192.168.1.2","TCP","1514","8004  >  36948 [ACK] Seq=188430 Ack=141 Win=65024 Len=1448 TSval=2916042487 TSecr=3045562260 [TCP segment of a reassembled PDU]"
"68324","38.406521147","192.168.1.55","192.168.1.2","TCP","1514","8004  >  36948 [ACK] Seq=189878 Ack=141 Win=65024 Len=1448 TSval=2916042487 TSecr=3045562260 [TCP segment of a reassembled PDU]"
"68325","38.406522573","192.168.1.55","192.168.1.2","TCP","1514","8004  >  36948 [ACK] Seq=191326 Ack=141 Win=65024 Len=1448 TSval=2916042487 TSecr=3045562260 [TCP segment of a reassembled PDU]"
"68326","38.406523888","192.168.1.55","192.168.1.2","TCP","1514","8004  >  36948 [ACK] Seq=192774 Ack=141 Win=65024 Len=1448 TSval=2916042487 TSecr=3045562260 [TCP segment of a reassembled PDU]"
"68327","38.406525184","192.168.1.55","192.168.1.2","TCP","1514","8004  >  36948 [ACK] Seq=194222 Ack=141 Win=65024 Len=1448 TSval=2916042487 TSecr=3045562260 [TCP segment of a reassembled PDU]"
"68328","38.406526592","192.168.1.55","192.168.1.2","TCP","1514","8004  >  36948 [ACK] Seq=195670 Ack=141 Win=65024 Len=1448 TSval=2916042487 TSecr=3045562260 [TCP segment of a reassembled PDU]"
"68329","38.406528295","192.168.1.55","192.168.1.2","TCP","1514","8004  >  36948 [ACK] Seq=197118 Ack=141 Win=65024 Len=1448 TSval=2916042487 TSecr=3045562260 [TCP segment of a reassembled PDU]"
"68330","38.406529684","192.168.1.55","192.168.1.2","TCP","1514","8004  >  36948 [PSH, ACK] Seq=198566 Ack=141 Win=65024 Len=1448 TSval=2916042487 TSecr=3045562260 [TCP segment of a reassembled PDU]"
"68331","38.406534555","192.168.1.2","192.168.1.55","TCP","66","36948  >  8004 [ACK] Seq=141 Ack=155126 Win=58368 Len=0 TSval=3045562260 TSecr=2916042479"
"68332","38.406552055","192.168.1.55","192.168.1.2","TCP","1514","8004  >  36948 [ACK] Seq=200014 Ack=141 Win=65024 Len=1448 TSval=2916042487 TSecr=3045562260 [TCP segment of a reassembled PDU]"
"68333","38.406553981","192.168.1.55","192.168.1.2","TCP","1514","8004  >  36948 [ACK] Seq=201462 Ack=141 Win=65024 Len=1448 TSval=2916042487 TSecr=3045562260 [TCP segment of a reassembled PDU]"
"68334","38.406555388","192.168.1.55","192.168.1.2","TCP","1514","8004  >  36948 [ACK] Seq=202910 Ack=141 Win=65024 Len=1448 TSval=2916042487 TSecr=3045562260 [TCP segment of a reassembled PDU]"
"68335","38.406556758","192.168.1.55","192.168.1.2","TCP","1514","8004  >  36948 [ACK] Seq=204358 Ack=141 Win=65024 Len=1448 TSval=2916042487 TSecr=3045562260 [TCP segment of a reassembled PDU]"
"68336","38.406558166","192.168.1.55","192.168.1.2","TCP","1514","8004  >  36948 [ACK] Seq=205806 Ack=141 Win=65024 Len=1448 TSval=2916042487 TSecr=3045562260 [TCP segment of a reassembled PDU]"
"68337","38.406559499","192.168.1.55","192.168.1.2","TCP","1514","8004  >  36948 [ACK] Seq=207254 Ack=141 Win=65024 Len=1448 TSval=2916042487 TSecr=3045562260 [TCP segment of a reassembled PDU]"
"68338","38.406560795","192.168.1.55","192.168.1.2","TCP","1514","8004  >  36948 [ACK] Seq=208702 Ack=141 Win=65024 Len=1448 TSval=2916042487 TSecr=3045562260 [TCP segment of a reassembled PDU]"
"68339","38.406562258","192.168.1.55","192.168.1.2","TCP","1514","8004  >  36948 [ACK] Seq=210150 Ack=141 Win=65024 Len=1448 TSval=2916042487 TSecr=3045562260 [TCP segment of a reassembled PDU]"
"68340","38.406563610","192.168.1.55","192.168.1.2","TCP","1514","8004  >  36948 [ACK] Seq=211598 Ack=141 Win=65024 Len=1448 TSval=2916042487 TSecr=3045562260 [TCP segment of a reassembled PDU]"
"68341","38.406565092","192.168.1.55","192.168.1.2","TCP","514","[TCP Window Full] 8004  >  36948 [PSH, ACK] Seq=213046 Ack=141 Win=65024 Len=448 TSval=2916042487 TSecr=3045562260 [TCP segment of a reassembled PDU]"
"68342","38.410638283","192.168.1.2","192.168.1.55","TCP","66","36948  >  8004 [ACK] Seq=141 Ack=181190 Win=66560 Len=0 TSval=3045562264 TSecr=2916042486"
"68343","38.410665376","192.168.1.55","192.168.1.2","TCP","1514","8004  >  36948 [ACK] Seq=213494 Ack=141 Win=65024 Len=1448 TSval=2916042491 TSecr=3045562264 [TCP segment of a reassembled PDU]"
"68344","38.410668228","192.168.1.55","192.168.1.2","TCP","1514","8004  >  36948 [ACK] Seq=214942 Ack=141 Win=65024 Len=1448 TSval=2916042491 TSecr=3045562264 [TCP segment of a reassembled PDU]"
"68345","38.410669635","192.168.1.55","192.168.1.2","TCP","1514","8004  >  36948 [ACK] Seq=216390 Ack=141 Win=65024 Len=1448 TSval=2916042491 TSecr=3045562264 [TCP segment of a reassembled PDU]"
"68346","38.410671191","192.168.1.55","192.168.1.2","TCP","1514","8004  >  36948 [ACK] Seq=217838 Ack=141 Win=65024 Len=1448 TSval=2916042491 TSecr=3045562264 [TCP segment of a reassembled PDU]"
"68347","38.410672487","192.168.1.55","192.168.1.2","TCP","1514","8004  >  36948 [ACK] Seq=219286 Ack=141 Win=65024 Len=1448 TSval=2916042491 TSecr=3045562264 [TCP segment of a reassembled PDU]"
"68348","38.410674302","192.168.1.55","192.168.1.2","TCP","1514","8004  >  36948 [ACK] Seq=220734 Ack=141 Win=65024 Len=1448 TSval=2916042491 TSecr=3045562264 [TCP segment of a reassembled PDU]"
"68349","38.410675598","192.168.1.55","192.168.1.2","TCP","1514","8004  >  36948 [ACK] Seq=222182 Ack=141 Win=65024 Len=1448 TSval=2916042491 TSecr=3045562264 [TCP segment of a reassembled PDU]"
"68350","38.410676858","192.168.1.55","192.168.1.2","TCP","1514","8004  >  36948 [ACK] Seq=223630 Ack=141 Win=65024 Len=1448 TSval=2916042491 TSecr=3045562264 [TCP segment of a reassembled PDU]"
"68351","38.410678302","192.168.1.55","192.168.1.2","TCP","1514","8004  >  36948 [ACK] Seq=225078 Ack=141 Win=65024 Len=1448 TSval=2916042491 TSecr=3045562264 [TCP segment of a reassembled PDU]"
"68352","38.410679617","192.168.1.55","192.168.1.2","TCP","1514","8004  >  36948 [ACK] Seq=226526 Ack=141 Win=65024 Len=1448 TSval=2916042491 TSecr=3045562264 [TCP segment of a reassembled PDU]"
"68353","38.410681024","192.168.1.55","192.168.1.2","TCP","1514","8004  >  36948 [ACK] Seq=227974 Ack=141 Win=65024 Len=1448 TSval=2916042491 TSecr=3045562264 [TCP segment of a reassembled PDU]"
"68354","38.410682339","192.168.1.55","192.168.1.2","TCP","1514","8004  >  36948 [ACK] Seq=229422 Ack=141 Win=65024 Len=1448 TSval=2916042491 TSecr=3045562264 [TCP segment of a reassembled PDU]"
"68355","38.410683635","192.168.1.55","192.168.1.2","TCP","1514","8004  >  36948 [ACK] Seq=230870 Ack=141 Win=65024 Len=1448 TSval=2916042491 TSecr=3045562264 [TCP segment of a reassembled PDU]"
"68356","38.410685043","192.168.1.55","192.168.1.2","TCP","1514","8004  >  36948 [ACK] Seq=232318 Ack=141 Win=65024 Len=1448 TSval=2916042491 TSecr=3045562264 [TCP segment of a reassembled PDU]"
"68357","38.410686321","192.168.1.55","192.168.1.2","TCP","1514","8004  >  36948 [ACK] Seq=233766 Ack=141 Win=65024 Len=1448 TSval=2916042491 TSecr=3045562264 [TCP segment of a reassembled PDU]"
"68358","38.410687617","192.168.1.55","192.168.1.2","TCP","1514","8004  >  36948 [ACK] Seq=235214 Ack=141 Win=65024 Len=1448 TSval=2916042491 TSecr=3045562264 [TCP segment of a reassembled PDU]"
"68359","38.410688913","192.168.1.55","192.168.1.2","TCP","1514","8004  >  36948 [ACK] Seq=236662 Ack=141 Win=65024 Len=1448 TSval=2916042491 TSecr=3045562264 [TCP segment of a reassembled PDU]"
"68360","38.410690228","192.168.1.55","192.168.1.2","TCP","1514","8004  >  36948 [ACK] Seq=238110 Ack=141 Win=65024 Len=1448 TSval=2916042491 TSecr=3045562264 [TCP segment of a reassembled PDU]"
"68361","38.410691617","192.168.1.55","192.168.1.2","TCP","1514","8004  >  36948 [ACK] Seq=239558 Ack=141 Win=65024 Len=1448 TSval=2916042491 TSecr=3045562264 [TCP segment of a reassembled PDU]"
"68362","38.410692895","192.168.1.55","192.168.1.2","TCP","1514","8004  >  36948 [ACK] Seq=241006 Ack=141 Win=65024 Len=1448 TSval=2916042491 TSecr=3045562264 [TCP segment of a reassembled PDU]"
"68363","38.410694395","192.168.1.55","192.168.1.2","TCP","1514","8004  >  36948 [PSH, ACK] Seq=242454 Ack=141 Win=65024 Len=1448 TSval=2916042491 TSecr=3045562264 [TCP segment of a reassembled PDU]"
"68364","38.410700247","192.168.1.55","192.168.1.2","TCP","1066","8004  >  36948 [PSH, ACK] Seq=243902 Ack=141 Win=65024 Len=1000 TSval=2916042491 TSecr=3045562264 [TCP segment of a reassembled PDU]"
"68365","38.412377175","192.168.1.2","192.168.1.55","TCP","66","36948  >  8004 [ACK] Seq=141 Ack=200014 Win=75776 Len=0 TSval=3045562265 TSecr=2916042487"
"68366","38.412403434","192.168.1.55","192.168.1.2","TCP","1514","8004  >  36948 [ACK] Seq=244902 Ack=141 Win=65024 Len=1448 TSval=2916042493 TSecr=3045562265 [TCP segment of a reassembled PDU]"
"68367","38.412405842","192.168.1.55","192.168.1.2","TCP","1514","8004  >  36948 [ACK] Seq=246350 Ack=141 Win=65024 Len=1448 TSval=2916042493 TSecr=3045562265 [TCP segment of a reassembled PDU]"
"68368","38.412407157","192.168.1.55","192.168.1.2","TCP","1514","8004  >  36948 [ACK] Seq=247798 Ack=141 Win=65024 Len=1448 TSval=2916042493 TSecr=3045562265 [TCP segment of a reassembled PDU]"
"68369","38.412408583","192.168.1.55","192.168.1.2","TCP","1514","8004  >  36948 [ACK] Seq=249246 Ack=141 Win=65024 Len=1448 TSval=2916042493 TSecr=3045562265 [TCP segment of a reassembled PDU]"
"68370","38.412410305","192.168.1.55","192.168.1.2","TCP","1514","8004  >  36948 [ACK] Seq=250694 Ack=141 Win=65024 Len=1448 TSval=2916042493 TSecr=3045562265 [TCP segment of a reassembled PDU]"
"68371","38.412411657","192.168.1.55","192.168.1.2","TCP","1514","8004  >  36948 [ACK] Seq=252142 Ack=141 Win=65024 Len=1448 TSval=2916042493 TSecr=3045562265 [TCP segment of a reassembled PDU]"
"68372","38.412413027","192.168.1.55","192.168.1.2","TCP","1514","8004  >  36948 [ACK] Seq=253590 Ack=141 Win=65024 Len=1448 TSval=2916042493 TSecr=3045562265 [TCP segment of a reassembled PDU]"
"68373","38.412414546","192.168.1.55","192.168.1.2","TCP","1514","8004  >  36948 [ACK] Seq=255038 Ack=141 Win=65024 Len=1448 TSval=2916042493 TSecr=3045562265 [TCP segment of a reassembled PDU]"
"68374","38.412415990","192.168.1.55","192.168.1.2","TCP","1514","8004  >  36948 [ACK] Seq=256486 Ack=141 Win=65024 Len=1448 TSval=2916042493 TSecr=3045562265 [TCP segment of a reassembled PDU]"
"68375","38.412417657","192.168.1.55","192.168.1.2","TCP","1514","8004  >  36948 [ACK] Seq=257934 Ack=141 Win=65024 Len=1448 TSval=2916042493 TSecr=3045562265 [TCP segment of a reassembled PDU]"
"68376","38.412419120","192.168.1.55","192.168.1.2","TCP","1514","8004  >  36948 [ACK] Seq=259382 Ack=141 Win=65024 Len=1448 TSval=2916042493 TSecr=3045562265 [TCP segment of a reassembled PDU]"
"68377","38.412420564","192.168.1.55","192.168.1.2","TCP","1514","8004  >  36948 [ACK] Seq=260830 Ack=141 Win=65024 Len=1448 TSval=2916042493 TSecr=3045562265 [TCP segment of a reassembled PDU]"
"68378","38.412421916","192.168.1.55","192.168.1.2","TCP","1514","8004  >  36948 [ACK] Seq=262278 Ack=141 Win=65024 Len=1448 TSval=2916042493 TSecr=3045562265 [TCP segment of a reassembled PDU]"
"68379","38.412423434","192.168.1.55","192.168.1.2","TCP","1514","8004  >  36948 [ACK] Seq=263726 Ack=141 Win=65024 Len=1448 TSval=2916042493 TSecr=3045562265 [TCP segment of a reassembled PDU]"
"68380","38.412425157","192.168.1.55","192.168.1.2","TCP","1514","8004  >  36948 [ACK] Seq=265174 Ack=141 Win=65024 Len=1448 TSval=2916042493 TSecr=3045562265 [TCP segment of a reassembled PDU]"
"68381","38.412426749","192.168.1.55","192.168.1.2","TCP","1514","8004  >  36948 [ACK] Seq=266622 Ack=141 Win=65024 Len=1448 TSval=2916042493 TSecr=3045562265 [TCP segment of a reassembled PDU]"
"68382","38.412428509","192.168.1.55","192.168.1.2","TCP","1514","8004  >  36948 [ACK] Seq=268070 Ack=141 Win=65024 Len=1448 TSval=2916042493 TSecr=3045562265 [TCP segment of a reassembled PDU]"
"68383","38.412429934","192.168.1.55","192.168.1.2","TCP","1514","8004  >  36948 [ACK] Seq=269518 Ack=141 Win=65024 Len=1448 TSval=2916042493 TSecr=3045562265 [TCP segment of a reassembled PDU]"
"68384","38.412431490","192.168.1.55","192.168.1.2","TCP","1514","8004  >  36948 [ACK] Seq=270966 Ack=141 Win=65024 Len=1448 TSval=2916042493 TSecr=3045562265 [TCP segment of a reassembled PDU]"
"68385","38.412433194","192.168.1.55","192.168.1.2","TCP","1514","8004  >  36948 [ACK] Seq=272414 Ack=141 Win=65024 Len=1448 TSval=2916042493 TSecr=3045562265 [TCP segment of a reassembled PDU]"
"68386","38.412434620","192.168.1.55","192.168.1.2","TCP","1514","8004  >  36948 [PSH, ACK] Seq=273862 Ack=141 Win=65024 Len=1448 TSval=2916042493 TSecr=3045562265 [TCP segment of a reassembled PDU]"
"68387","38.412499027","192.168.1.2","192.168.1.55","TCP","66","36948  >  8004 [ACK] Seq=141 Ack=204358 Win=100352 Len=0 TSval=3045562266 TSecr=2916042487"
"68388","38.412517786","192.168.1.55","192.168.1.2","TCP","1514","8004  >  36948 [ACK] Seq=275310 Ack=141 Win=65024 Len=1448 TSval=2916042493 TSecr=3045562266 [TCP segment of a reassembled PDU]"
"68389","38.412519953","192.168.1.55","192.168.1.2","TCP","1514","8004  >  36948 [ACK] Seq=276758 Ack=141 Win=65024 Len=1448 TSval=2916042493 TSecr=3045562266 [TCP segment of a reassembled PDU]"
"68390","38.412521398","192.168.1.55","192.168.1.2","TCP","1514","8004  >  36948 [ACK] Seq=278206 Ack=141 Win=65024 Len=1448 TSval=2916042493 TSecr=3045562266 [TCP segment of a reassembled PDU]"
"68391","38.412522972","192.168.1.55","192.168.1.2","TCP","1514","8004  >  36948 [ACK] Seq=279654 Ack=141 Win=65024 Len=1448 TSval=2916042493 TSecr=3045562266 [TCP segment of a reassembled PDU]"
"68392","38.412524379","192.168.1.55","192.168.1.2","TCP","1514","8004  >  36948 [ACK] Seq=281102 Ack=141 Win=65024 Len=1448 TSval=2916042493 TSecr=3045562266 [TCP segment of a reassembled PDU]"
"68393","38.412525972","192.168.1.55","192.168.1.2","TCP","1514","8004  >  36948 [ACK] Seq=282550 Ack=141 Win=65024 Len=1448 TSval=2916042493 TSecr=3045562266 [TCP segment of a reassembled PDU]"
"68394","38.412527638","192.168.1.55","192.168.1.2","TCP","1514","8004  >  36948 [ACK] Seq=283998 Ack=141 Win=65024 Len=1448 TSval=2916042493 TSecr=3045562266 [TCP segment of a reassembled PDU]"
"68395","38.412529138","192.168.1.55","192.168.1.2","TCP","1514","8004  >  36948 [ACK] Seq=285446 Ack=141 Win=65024 Len=1448 TSval=2916042493 TSecr=3045562266 [TCP segment of a reassembled PDU]"
"68396","38.412530638","192.168.1.55","192.168.1.2","TCP","1514","8004  >  36948 [ACK] Seq=286894 Ack=141 Win=65024 Len=1448 TSval=2916042493 TSecr=3045562266 [TCP segment of a reassembled PDU]"
"68397","38.412532361","192.168.1.55","192.168.1.2","TCP","1514","8004  >  36948 [PSH, ACK] Seq=288342 Ack=141 Win=65024 Len=1448 TSval=2916042493 TSecr=3045562266 [TCP segment of a reassembled PDU]"
"68398","38.412537083","192.168.1.2","192.168.1.55","TCP","66","36948  >  8004 [ACK] Seq=141 Ack=213494 Win=118784 Len=0 TSval=3045562267 TSecr=2916042487"
"68399","38.412584861","192.168.1.55","192.168.1.2","TCP","1514","8004  >  36948 [ACK] Seq=289790 Ack=141 Win=65024 Len=1448 TSval=2916042493 TSecr=3045562267 [TCP segment of a reassembled PDU]"
"68400","38.412586713","192.168.1.55","192.168.1.2","TCP","1514","8004  >  36948 [ACK] Seq=291238 Ack=141 Win=65024 Len=1448 TSval=2916042493 TSecr=3045562267 [TCP segment of a reassembled PDU]"
"68401","38.412588527","192.168.1.55","192.168.1.2","TCP","1514","8004  >  36948 [ACK] Seq=292686 Ack=141 Win=65024 Len=1448 TSval=2916042493 TSecr=3045562267 [TCP segment of a reassembled PDU]"
"68402","38.412590250","192.168.1.55","192.168.1.2","TCP","1514","8004  >  36948 [ACK] Seq=294134 Ack=141 Win=65024 Len=1448 TSval=2916042493 TSecr=3045562267 [TCP segment of a reassembled PDU]"
"68403","38.412592324","192.168.1.55","192.168.1.2","TCP","1514","8004  >  36948 [ACK] Seq=295582 Ack=141 Win=65024 Len=1448 TSval=2916042493 TSecr=3045562267 [TCP segment of a reassembled PDU]"
"68404","38.412593583","192.168.1.55","192.168.1.2","TCP","1514","8004  >  36948 [ACK] Seq=297030 Ack=141 Win=65024 Len=1448 TSval=2916042493 TSecr=3045562267 [TCP segment of a reassembled PDU]"
"68405","38.412594990","192.168.1.55","192.168.1.2","TCP","1514","8004  >  36948 [ACK] Seq=298478 Ack=141 Win=65024 Len=1448 TSval=2916042493 TSecr=3045562267 [TCP segment of a reassembled PDU]"
"68406","38.412596490","192.168.1.55","192.168.1.2","TCP","1514","8004  >  36948 [ACK] Seq=299926 Ack=141 Win=65024 Len=1448 TSval=2916042493 TSecr=3045562267 [TCP segment of a reassembled PDU]"
"68407","38.412598046","192.168.1.55","192.168.1.2","TCP","1514","8004  >  36948 [ACK] Seq=301374 Ack=141 Win=65024 Len=1448 TSval=2916042493 TSecr=3045562267 [TCP segment of a reassembled PDU]"
"68408","38.412599490","192.168.1.55","192.168.1.2","TCP","1514","8004  >  36948 [ACK] Seq=302822 Ack=141 Win=65024 Len=1448 TSval=2916042493 TSecr=3045562267 [TCP segment of a reassembled PDU]"
"68409","38.412600750","192.168.1.55","192.168.1.2","TCP","1514","8004  >  36948 [ACK] Seq=304270 Ack=141 Win=65024 Len=1448 TSval=2916042493 TSecr=3045562267 [TCP segment of a reassembled PDU]"
"68410","38.412602120","192.168.1.55","192.168.1.2","TCP","1514","8004  >  36948 [ACK] Seq=305718 Ack=141 Win=65024 Len=1448 TSval=2916042493 TSecr=3045562267 [TCP segment of a reassembled PDU]"
"68411","38.412603527","192.168.1.55","192.168.1.2","TCP","1514","8004  >  36948 [ACK] Seq=307166 Ack=141 Win=65024 Len=1448 TSval=2916042493 TSecr=3045562267 [TCP segment of a reassembled PDU]"
"68412","38.412604824","192.168.1.55","192.168.1.2","TCP","1514","8004  >  36948 [ACK] Seq=308614 Ack=141 Win=65024 Len=1448 TSval=2916042493 TSecr=3045562267 [TCP segment of a reassembled PDU]"
"68413","38.412606750","192.168.1.55","192.168.1.2","TCP","1514","8004  >  36948 [ACK] Seq=310062 Ack=141 Win=65024 Len=1448 TSval=2916042493 TSecr=3045562267 [TCP segment of a reassembled PDU]"
"68414","38.412608083","192.168.1.55","192.168.1.2","TCP","1514","8004  >  36948 [ACK] Seq=311510 Ack=141 Win=65024 Len=1448 TSval=2916042493 TSecr=3045562267 [TCP segment of a reassembled PDU]"
"68415","38.412609694","192.168.1.55","192.168.1.2","TCP","1514","8004  >  36948 [ACK] Seq=312958 Ack=141 Win=65024 Len=1448 TSval=2916042493 TSecr=3045562267 [TCP segment of a reassembled PDU]"
"68416","38.412611064","192.168.1.55","192.168.1.2","TCP","1514","8004  >  36948 [ACK] Seq=314406 Ack=141 Win=65024 Len=1448 TSval=2916042493 TSecr=3045562267 [TCP segment of a reassembled PDU]"
"68417","38.412612361","192.168.1.55","192.168.1.2","TCP","1514","8004  >  36948 [ACK] Seq=315854 Ack=141 Win=65024 Len=1448 TSval=2916042493 TSecr=3045562267 [TCP segment of a reassembled PDU]"
"68418","38.412614138","192.168.1.55","192.168.1.2","TCP","1514","8004  >  36948 [ACK] Seq=317302 Ack=141 Win=65024 Len=1448 TSval=2916042493 TSecr=3045562267 [TCP segment of a reassembled PDU]"
"68419","38.412615398","192.168.1.55","192.168.1.2","TCP","1514","8004  >  36948 [ACK] Seq=318750 Ack=141 Win=65024 Len=1448 TSval=2916042493 TSecr=3045562267 [TCP segment of a reassembled PDU]"
"68420","38.412616731","192.168.1.55","192.168.1.2","TCP","1514","8004  >  36948 [ACK] Seq=320198 Ack=141 Win=65024 Len=1448 TSval=2916042493 TSecr=3045562267 [TCP segment of a reassembled PDU]"
"68421","38.412617990","192.168.1.55","192.168.1.2","TCP","1514","8004  >  36948 [ACK] Seq=321646 Ack=141 Win=65024 Len=1448 TSval=2916042493 TSecr=3045562267 [TCP segment of a reassembled PDU]"
"68422","38.412619379","192.168.1.55","192.168.1.2","TCP","1514","8004  >  36948 [ACK] Seq=323094 Ack=141 Win=65024 Len=1448 TSval=2916042493 TSecr=3045562267 [TCP segment of a reassembled PDU]"
"68423","38.412621139","192.168.1.55","192.168.1.2","TCP","1514","8004  >  36948 [ACK] Seq=324542 Ack=141 Win=65024 Len=1448 TSval=2916042493 TSecr=3045562267 [TCP segment of a reassembled PDU]"
"68424","38.412622527","192.168.1.55","192.168.1.2","TCP","1514","8004  >  36948 [ACK] Seq=325990 Ack=141 Win=65024 Len=1448 TSval=2916042493 TSecr=3045562267 [TCP segment of a reassembled PDU]"
"68425","38.412623916","192.168.1.55","192.168.1.2","TCP","1514","8004  >  36948 [ACK] Seq=327438 Ack=141 Win=65024 Len=1448 TSval=2916042493 TSecr=3045562267 [TCP segment of a reassembled PDU]"
"68426","38.412625250","192.168.1.55","192.168.1.2","TCP","1514","8004  >  36948 [ACK] Seq=328886 Ack=141 Win=65024 Len=1448 TSval=2916042493 TSecr=3045562267 [TCP segment of a reassembled PDU]"
"68427","38.412626509","192.168.1.55","192.168.1.2","TCP","1514","8004  >  36948 [PSH, ACK] Seq=330334 Ack=141 Win=65024 Len=1448 TSval=2916042493 TSecr=3045562267 [TCP segment of a reassembled PDU]"
"68428","38.419166871","192.168.1.2","192.168.1.55","TCP","66","36948  >  8004 [ACK] Seq=141 Ack=239558 Win=144384 Len=0 TSval=3045562269 TSecr=2916042491"
"68429","38.419179297","192.168.1.55","192.168.1.2","TCP","1514","8004  >  36948 [ACK] Seq=331782 Ack=141 Win=65024 Len=1448 TSval=2916042499 TSecr=3045562269 [TCP segment of a reassembled PDU]"
"68430","38.419181705","192.168.1.55","192.168.1.2","TCP","1514","8004  >  36948 [PSH, ACK] Seq=333230 Ack=141 Win=65024 Len=1448 TSval=2916042499 TSecr=3045562269 [TCP segment of a reassembled PDU]"
"68431","38.419211816","192.168.1.55","192.168.1.2","TCP","1514","8004  >  36948 [ACK] Seq=334678 Ack=141 Win=65024 Len=1448 TSval=2916042499 TSecr=3045562269 [TCP segment of a reassembled PDU]"
"68432","38.419213742","192.168.1.55","192.168.1.2","TCP","1514","8004  >  36948 [ACK] Seq=336126 Ack=141 Win=65024 Len=1448 TSval=2916042499 TSecr=3045562269 [TCP segment of a reassembled PDU]"
"68433","38.419215020","192.168.1.55","192.168.1.2","TCP","1514","8004  >  36948 [ACK] Seq=337574 Ack=141 Win=65024 Len=1448 TSval=2916042499 TSecr=3045562269 [TCP segment of a reassembled PDU]"
"68434","38.419216538","192.168.1.55","192.168.1.2","TCP","1514","8004  >  36948 [ACK] Seq=339022 Ack=141 Win=65024 Len=1448 TSval=2916042499 TSecr=3045562269 [TCP segment of a reassembled PDU]"
"68435","38.419217834","192.168.1.55","192.168.1.2","TCP","1514","8004  >  36948 [ACK] Seq=340470 Ack=141 Win=65024 Len=1448 TSval=2916042499 TSecr=3045562269 [TCP segment of a reassembled PDU]"
"68436","38.419219205","192.168.1.55","192.168.1.2","TCP","1514","8004  >  36948 [ACK] Seq=341918 Ack=141 Win=65024 Len=1448 TSval=2916042499 TSecr=3045562269 [TCP segment of a reassembled PDU]"
"68437","38.419220612","192.168.1.55","192.168.1.2","TCP","1514","8004  >  36948 [ACK] Seq=343366 Ack=141 Win=65024 Len=1448 TSval=2916042499 TSecr=3045562269 [TCP segment of a reassembled PDU]"
"68438","38.419222057","192.168.1.55","192.168.1.2","TCP","1514","8004  >  36948 [ACK] Seq=344814 Ack=141 Win=65024 Len=1448 TSval=2916042499 TSecr=3045562269 [TCP segment of a reassembled PDU]"
"68439","38.419223520","192.168.1.55","192.168.1.2","TCP","1514","8004  >  36948 [ACK] Seq=346262 Ack=141 Win=65024 Len=1448 TSval=2916042499 TSecr=3045562269 [TCP segment of a reassembled PDU]"
"68440","38.419224871","192.168.1.55","192.168.1.2","TCP","1514","8004  >  36948 [ACK] Seq=347710 Ack=141 Win=65024 Len=1448 TSval=2916042499 TSecr=3045562269 [TCP segment of a reassembled PDU]"
"68441","38.419226316","192.168.1.55","192.168.1.2","TCP","1514","8004  >  36948 [ACK] Seq=349158 Ack=141 Win=65024 Len=1448 TSval=2916042499 TSecr=3045562269 [TCP segment of a reassembled PDU]"
"68442","38.419227946","192.168.1.55","192.168.1.2","TCP","1514","8004  >  36948 [ACK] Seq=350606 Ack=141 Win=65024 Len=1448 TSval=2916042499 TSecr=3045562269 [TCP segment of a reassembled PDU]"
"68443","38.419229260","192.168.1.55","192.168.1.2","TCP","1514","8004  >  36948 [ACK] Seq=352054 Ack=141 Win=65024 Len=1448 TSval=2916042499 TSecr=3045562269 [TCP segment of a reassembled PDU]"
"68444","38.419230742","192.168.1.55","192.168.1.2","TCP","1514","8004  >  36948 [ACK] Seq=353502 Ack=141 Win=65024 Len=1448 TSval=2916042499 TSecr=3045562269 [TCP segment of a reassembled PDU]"
"68445","38.419232038","192.168.1.55","192.168.1.2","TCP","1514","8004  >  36948 [ACK] Seq=354950 Ack=141 Win=65024 Len=1448 TSval=2916042499 TSecr=3045562269 [TCP segment of a reassembled PDU]"
"68446","38.419233797","192.168.1.55","192.168.1.2","TCP","1514","8004  >  36948 [ACK] Seq=356398 Ack=141 Win=65024 Len=1448 TSval=2916042499 TSecr=3045562269 [TCP segment of a reassembled PDU]"
"68447","38.419235279","192.168.1.55","192.168.1.2","TCP","1514","8004  >  36948 [ACK] Seq=357846 Ack=141 Win=65024 Len=1448 TSval=2916042499 TSecr=3045562269 [TCP segment of a reassembled PDU]"
"68448","38.419236594","192.168.1.55","192.168.1.2","TCP","1514","8004  >  36948 [ACK] Seq=359294 Ack=141 Win=65024 Len=1448 TSval=2916042499 TSecr=3045562269 [TCP segment of a reassembled PDU]"
"68449","38.419237853","192.168.1.55","192.168.1.2","TCP","1514","8004  >  36948 [ACK] Seq=360742 Ack=141 Win=65024 Len=1448 TSval=2916042499 TSecr=3045562269 [TCP segment of a reassembled PDU]"
"68450","38.419239242","192.168.1.55","192.168.1.2","TCP","1514","8004  >  36948 [ACK] Seq=362190 Ack=141 Win=65024 Len=1448 TSval=2916042499 TSecr=3045562269 [TCP segment of a reassembled PDU]"
"68451","38.419241186","192.168.1.55","192.168.1.2","TCP","1514","8004  >  36948 [ACK] Seq=363638 Ack=141 Win=65024 Len=1448 TSval=2916042499 TSecr=3045562269 [TCP segment of a reassembled PDU]"
"68452","38.419242631","192.168.1.55","192.168.1.2","TCP","1514","8004  >  36948 [ACK] Seq=365086 Ack=141 Win=65024 Len=1448 TSval=2916042499 TSecr=3045562269 [TCP segment of a reassembled PDU]"
"68453","38.419244057","192.168.1.55","192.168.1.2","TCP","1514","8004  >  36948 [ACK] Seq=366534 Ack=141 Win=65024 Len=1448 TSval=2916042499 TSecr=3045562269 [TCP segment of a reassembled PDU]"
"68454","38.419245705","192.168.1.55","192.168.1.2","TCP","1514","8004  >  36948 [ACK] Seq=367982 Ack=141 Win=65024 Len=1448 TSval=2916042499 TSecr=3045562269 [TCP segment of a reassembled PDU]"
"68455","38.419247057","192.168.1.55","192.168.1.2","TCP","1514","8004  >  36948 [ACK] Seq=369430 Ack=141 Win=65024 Len=1448 TSval=2916042499 TSecr=3045562269 [TCP segment of a reassembled PDU]"
"68456","38.419248686","192.168.1.55","192.168.1.2","TCP","1514","8004  >  36948 [ACK] Seq=370878 Ack=141 Win=65024 Len=1448 TSval=2916042499 TSecr=3045562269 [TCP segment of a reassembled PDU]"
"68457","38.419250112","192.168.1.55","192.168.1.2","TCP","1514","8004  >  36948 [ACK] Seq=372326 Ack=141 Win=65024 Len=1448 TSval=2916042499 TSecr=3045562269 [TCP segment of a reassembled PDU]"
"68458","38.419251520","192.168.1.55","192.168.1.2","TCP","1514","8004  >  36948 [ACK] Seq=373774 Ack=141 Win=65024 Len=1448 TSval=2916042499 TSecr=3045562269 [TCP segment of a reassembled PDU]"
"68459","38.419252927","192.168.1.55","192.168.1.2","TCP","1514","8004  >  36948 [ACK] Seq=375222 Ack=141 Win=65024 Len=1448 TSval=2916042499 TSecr=3045562269 [TCP segment of a reassembled PDU]"
"68460","38.419254353","192.168.1.55","192.168.1.2","TCP","1514","8004  >  36948 [ACK] Seq=376670 Ack=141 Win=65024 Len=1448 TSval=2916042499 TSecr=3045562269 [TCP segment of a reassembled PDU]"
"68461","38.419255631","192.168.1.55","192.168.1.2","TCP","1514","8004  >  36948 [PSH, ACK] Seq=378118 Ack=141 Win=65024 Len=1448 TSval=2916042499 TSecr=3045562269 [TCP segment of a reassembled PDU]"
"68462","38.421309504","192.168.1.2","192.168.1.55","TCP","66","36948  >  8004 [ACK] Seq=141 Ack=243902 Win=153600 Len=0 TSval=3045562275 TSecr=2916042491"
"68463","38.421329782","192.168.1.55","192.168.1.2","TCP","1514","8004  >  36948 [ACK] Seq=379566 Ack=141 Win=65024 Len=1448 TSval=2916042502 TSecr=3045562275 [TCP segment of a reassembled PDU]"
"68464","38.421332393","192.168.1.55","192.168.1.2","TCP","1514","8004  >  36948 [ACK] Seq=381014 Ack=141 Win=65024 Len=1448 TSval=2916042502 TSecr=3045562275 [TCP segment of a reassembled PDU]"
"68465","38.421333764","192.168.1.55","192.168.1.2","TCP","1514","8004  >  36948 [ACK] Seq=382462 Ack=141 Win=65024 Len=1448 TSval=2916042502 TSecr=3045562275 [TCP segment of a reassembled PDU]"
"68466","38.421335227","192.168.1.55","192.168.1.2","TCP","1514","8004  >  36948 [ACK] Seq=383910 Ack=141 Win=65024 Len=1448 TSval=2916042502 TSecr=3045562275 [TCP segment of a reassembled PDU]"
"68467","38.421336523","192.168.1.55","192.168.1.2","TCP","1514","8004  >  36948 [ACK] Seq=385358 Ack=141 Win=65024 Len=1448 TSval=2916042502 TSecr=3045562275 [TCP segment of a reassembled PDU]"
"68468","38.421337967","192.168.1.55","192.168.1.2","TCP","1514","8004  >  36948 [ACK] Seq=386806 Ack=141 Win=65024 Len=1448 TSval=2916042502 TSecr=3045562275 [TCP segment of a reassembled PDU]"
"68469","38.421339375","192.168.1.55","192.168.1.2","TCP","1514","8004  >  36948 [ACK] Seq=388254 Ack=141 Win=65024 Len=1448 TSval=2916042502 TSecr=3045562275 [TCP segment of a reassembled PDU]"
"68470","38.421340690","192.168.1.55","192.168.1.2","TCP","1514","8004  >  36948 [ACK] Seq=389702 Ack=141 Win=65024 Len=1448 TSval=2916042502 TSecr=3045562275 [TCP segment of a reassembled PDU]"
"68471","38.421342097","192.168.1.55","192.168.1.2","TCP","1514","8004  >  36948 [ACK] Seq=391150 Ack=141 Win=65024 Len=1448 TSval=2916042502 TSecr=3045562275 [TCP segment of a reassembled PDU]"
"68472","38.421343375","192.168.1.55","192.168.1.2","TCP","1514","8004  >  36948 [ACK] Seq=392598 Ack=141 Win=65024 Len=1448 TSval=2916042502 TSecr=3045562275 [TCP segment of a reassembled PDU]"
"68473","38.421344819","192.168.1.55","192.168.1.2","TCP","1514","8004  >  36948 [ACK] Seq=394046 Ack=141 Win=65024 Len=1448 TSval=2916042502 TSecr=3045562275 [TCP segment of a reassembled PDU]"
"68474","38.421346190","192.168.1.55","192.168.1.2","TCP","1514","8004  >  36948 [PSH, ACK] Seq=395494 Ack=141 Win=65024 Len=1448 TSval=2916042502 TSecr=3045562275 [TCP segment of a reassembled PDU]"
"68475","38.421900191","192.168.1.2","192.168.1.55","TCP","66","36948  >  8004 [ACK] Seq=141 Ack=244902 Win=156672 Len=0 TSval=3045562275 TSecr=2916042491"
"68476","38.421906783","192.168.1.2","192.168.1.55","TCP","66","36948  >  8004 [ACK] Seq=141 Ack=275310 Win=144384 Len=0 TSval=3045562275 TSecr=2916042493"
"68477","38.421913154","192.168.1.2","192.168.1.55","TCP","66","36948  >  8004 [ACK] Seq=141 Ack=289790 Win=131072 Len=0 TSval=3045562275 TSecr=2916042493"
"68478","38.421943283","192.168.1.2","192.168.1.55","TCP","66","36948  >  8004 [ACK] Seq=141 Ack=331782 Win=89088 Len=0 TSval=3045562275 TSecr=2916042493"
"68479","38.422022932","192.168.1.55","192.168.1.2","TCP","1514","8004  >  36948 [ACK] Seq=396942 Ack=141 Win=65024 Len=1448 TSval=2916042502 TSecr=3045562275 [TCP segment of a reassembled PDU]"
"68480","38.422029191","192.168.1.55","192.168.1.2","TCP","1514","8004  >  36948 [ACK] Seq=398390 Ack=141 Win=65024 Len=1448 TSval=2916042502 TSecr=3045562275 [TCP segment of a reassembled PDU]"
"68481","38.422030765","192.168.1.55","192.168.1.2","TCP","1514","8004  >  36948 [ACK] Seq=399838 Ack=141 Win=65024 Len=1448 TSval=2916042502 TSecr=3045562275 [TCP segment of a reassembled PDU]"
"68482","38.422032154","192.168.1.55","192.168.1.2","TCP","1514","8004  >  36948 [ACK] Seq=401286 Ack=141 Win=65024 Len=1448 TSval=2916042502 TSecr=3045562275 [TCP segment of a reassembled PDU]"
"68483","38.422033450","192.168.1.55","192.168.1.2","TCP","1514","8004  >  36948 [ACK] Seq=402734 Ack=141 Win=65024 Len=1448 TSval=2916042502 TSecr=3045562275 [TCP segment of a reassembled PDU]"
"68484","38.422034728","192.168.1.55","192.168.1.2","TCP","1514","8004  >  36948 [ACK] Seq=404182 Ack=141 Win=65024 Len=1448 TSval=2916042502 TSecr=3045562275 [TCP segment of a reassembled PDU]"
"68485","38.422036024","192.168.1.55","192.168.1.2","TCP","1514","8004  >  36948 [ACK] Seq=405630 Ack=141 Win=65024 Len=1448 TSval=2916042502 TSecr=3045562275 [TCP segment of a reassembled PDU]"
"68486","38.422037413","192.168.1.55","192.168.1.2","TCP","1514","8004  >  36948 [ACK] Seq=407078 Ack=141 Win=65024 Len=1448 TSval=2916042502 TSecr=3045562275 [TCP segment of a reassembled PDU]"
"68487","38.422038895","192.168.1.55","192.168.1.2","TCP","1514","8004  >  36948 [ACK] Seq=408526 Ack=141 Win=65024 Len=1448 TSval=2916042502 TSecr=3045562275 [TCP segment of a reassembled PDU]"
"68488","38.422040376","192.168.1.55","192.168.1.2","TCP","1514","8004  >  36948 [ACK] Seq=409974 Ack=141 Win=65024 Len=1448 TSval=2916042502 TSecr=3045562275 [TCP segment of a reassembled PDU]"
"68489","38.422041728","192.168.1.55","192.168.1.2","TCP","1514","8004  >  36948 [ACK] Seq=411422 Ack=141 Win=65024 Len=1448 TSval=2916042502 TSecr=3045562275 [TCP segment of a reassembled PDU]"
"68490","38.422043506","192.168.1.55","192.168.1.2","TCP","1514","8004  >  36948 [ACK] Seq=412870 Ack=141 Win=65024 Len=1448 TSval=2916042502 TSecr=3045562275 [TCP segment of a reassembled PDU]"
"68491","38.422044765","192.168.1.55","192.168.1.2","TCP","1514","8004  >  36948 [ACK] Seq=414318 Ack=141 Win=65024 Len=1448 TSval=2916042502 TSecr=3045562275 [TCP segment of a reassembled PDU]"
"68492","38.422046154","192.168.1.55","192.168.1.2","TCP","1514","8004  >  36948 [ACK] Seq=415766 Ack=141 Win=65024 Len=1448 TSval=2916042502 TSecr=3045562275 [TCP segment of a reassembled PDU]"
"68493","38.422047469","192.168.1.55","192.168.1.2","TCP","1514","8004  >  36948 [ACK] Seq=417214 Ack=141 Win=65024 Len=1448 TSval=2916042502 TSecr=3045562275 [TCP segment of a reassembled PDU]"
"68494","38.422048876","192.168.1.55","192.168.1.2","TCP","1514","8004  >  36948 [ACK] Seq=418662 Ack=141 Win=65024 Len=1448 TSval=2916042502 TSecr=3045562275 [TCP segment of a reassembled PDU]"
"68495","38.422050302","192.168.1.55","192.168.1.2","TCP","826","[TCP Window Full] 8004  >  36948 [PSH, ACK] Seq=420110 Ack=141 Win=65024 Len=760 TSval=2916042502 TSecr=3045562275 [TCP segment of a reassembled PDU]"
"68496","38.426913310","192.168.1.2","192.168.1.55","TCP","66","36948  >  8004 [ACK] Seq=141 Ack=334678 Win=161792 Len=0 TSval=3045562279 TSecr=2916042499"
"68497","38.426937977","192.168.1.55","192.168.1.2","TCP","1514","8004  >  36948 [ACK] Seq=420870 Ack=141 Win=65024 Len=1448 TSval=2916042507 TSecr=3045562279 [TCP segment of a reassembled PDU]"
"68498","38.426941569","192.168.1.55","192.168.1.2","TCP","1514","8004  >  36948 [ACK] Seq=422318 Ack=141 Win=65024 Len=1448 TSval=2916042507 TSecr=3045562279 [TCP segment of a reassembled PDU]"
"68499","38.426942865","192.168.1.55","192.168.1.2","TCP","754","8004  >  36948 [PSH, ACK] Seq=423766 Ack=141 Win=65024 Len=688 TSval=2916042507 TSecr=3045562279 [TCP segment of a reassembled PDU]"
"68500","38.426978865","192.168.1.55","192.168.1.2","TCP","1514","8004  >  36948 [ACK] Seq=424454 Ack=141 Win=65024 Len=1448 TSval=2916042507 TSecr=3045562279 [TCP segment of a reassembled PDU]"
"68501","38.426980477","192.168.1.55","192.168.1.2","TCP","1514","8004  >  36948 [ACK] Seq=425902 Ack=141 Win=65024 Len=1448 TSval=2916042507 TSecr=3045562279 [TCP segment of a reassembled PDU]"
"68502","38.426981865","192.168.1.55","192.168.1.2","TCP","1514","8004  >  36948 [ACK] Seq=427350 Ack=141 Win=65024 Len=1448 TSval=2916042507 TSecr=3045562279 [TCP segment of a reassembled PDU]"
"68503","38.426983162","192.168.1.55","192.168.1.2","TCP","1514","8004  >  36948 [ACK] Seq=428798 Ack=141 Win=65024 Len=1448 TSval=2916042507 TSecr=3045562279 [TCP segment of a reassembled PDU]"
"68504","38.426984551","192.168.1.55","192.168.1.2","TCP","1514","8004  >  36948 [ACK] Seq=430246 Ack=141 Win=65024 Len=1448 TSval=2916042507 TSecr=3045562279 [TCP segment of a reassembled PDU]"
"68505","38.426985958","192.168.1.55","192.168.1.2","TCP","1514","8004  >  36948 [ACK] Seq=431694 Ack=141 Win=65024 Len=1448 TSval=2916042507 TSecr=3045562279 [TCP segment of a reassembled PDU]"
"68506","38.426987421","192.168.1.55","192.168.1.2","TCP","1514","8004  >  36948 [ACK] Seq=433142 Ack=141 Win=65024 Len=1448 TSval=2916042507 TSecr=3045562279 [TCP segment of a reassembled PDU]"
"68507","38.426988995","192.168.1.55","192.168.1.2","TCP","1514","8004  >  36948 [ACK] Seq=434590 Ack=141 Win=65024 Len=1448 TSval=2916042507 TSecr=3045562279 [TCP segment of a reassembled PDU]"
"68508","38.426990717","192.168.1.55","192.168.1.2","TCP","1514","8004  >  36948 [ACK] Seq=436038 Ack=141 Win=65024 Len=1448 TSval=2916042507 TSecr=3045562279 [TCP segment of a reassembled PDU]"
"68509","38.426992217","192.168.1.55","192.168.1.2","TCP","1514","8004  >  36948 [ACK] Seq=437486 Ack=141 Win=65024 Len=1448 TSval=2916042507 TSecr=3045562279 [TCP segment of a reassembled PDU]"
"68510","38.426993643","192.168.1.55","192.168.1.2","TCP","1514","8004  >  36948 [ACK] Seq=438934 Ack=141 Win=65024 Len=1448 TSval=2916042507 TSecr=3045562279 [TCP segment of a reassembled PDU]"
"68511","38.426994940","192.168.1.55","192.168.1.2","TCP","1514","8004  >  36948 [ACK] Seq=440382 Ack=141 Win=65024 Len=1448 TSval=2916042507 TSecr=3045562279 [TCP segment of a reassembled PDU]"
"68512","38.426996347","192.168.1.55","192.168.1.2","TCP","1514","8004  >  36948 [ACK] Seq=441830 Ack=141 Win=65024 Len=1448 TSval=2916042507 TSecr=3045562279 [TCP segment of a reassembled PDU]"
"68513","38.426997958","192.168.1.55","192.168.1.2","TCP","1514","8004  >  36948 [ACK] Seq=443278 Ack=141 Win=65024 Len=1448 TSval=2916042507 TSecr=3045562279 [TCP segment of a reassembled PDU]"
"68514","38.426999384","192.168.1.55","192.168.1.2","TCP","1514","8004  >  36948 [ACK] Seq=444726 Ack=141 Win=65024 Len=1448 TSval=2916042507 TSecr=3045562279 [TCP segment of a reassembled PDU]"
"68515","38.427000791","192.168.1.55","192.168.1.2","TCP","1514","8004  >  36948 [ACK] Seq=446174 Ack=141 Win=65024 Len=1448 TSval=2916042507 TSecr=3045562279 [TCP segment of a reassembled PDU]"
"68516","38.427002143","192.168.1.55","192.168.1.2","TCP","1514","8004  >  36948 [ACK] Seq=447622 Ack=141 Win=65024 Len=1448 TSval=2916042507 TSecr=3045562279 [TCP segment of a reassembled PDU]"
"68517","38.427003717","192.168.1.55","192.168.1.2","TCP","1514","8004  >  36948 [ACK] Seq=449070 Ack=141 Win=65024 Len=1448 TSval=2916042507 TSecr=3045562279 [TCP segment of a reassembled PDU]"
"68518","38.427005088","192.168.1.55","192.168.1.2","TCP","1514","8004  >  36948 [ACK] Seq=450518 Ack=141 Win=65024 Len=1448 TSval=2916042507 TSecr=3045562279 [TCP segment of a reassembled PDU]"
"68519","38.427006440","192.168.1.55","192.168.1.2","TCP","1514","8004  >  36948 [ACK] Seq=451966 Ack=141 Win=65024 Len=1448 TSval=2916042507 TSecr=3045562279 [TCP segment of a reassembled PDU]"
"68520","38.427007754","192.168.1.55","192.168.1.2","TCP","1514","8004  >  36948 [ACK] Seq=453414 Ack=141 Win=65024 Len=1448 TSval=2916042507 TSecr=3045562279 [TCP segment of a reassembled PDU]"
"68521","38.427009069","192.168.1.55","192.168.1.2","TCP","1514","8004  >  36948 [ACK] Seq=454862 Ack=141 Win=65024 Len=1448 TSval=2916042507 TSecr=3045562279 [TCP segment of a reassembled PDU]"
"68522","38.427010699","192.168.1.55","192.168.1.2","TCP","1514","8004  >  36948 [ACK] Seq=456310 Ack=141 Win=65024 Len=1448 TSval=2916042507 TSecr=3045562279 [TCP segment of a reassembled PDU]"
"68523","38.427011977","192.168.1.55","192.168.1.2","TCP","1514","8004  >  36948 [ACK] Seq=457758 Ack=141 Win=65024 Len=1448 TSval=2916042507 TSecr=3045562279 [TCP segment of a reassembled PDU]"
"68524","38.427013347","192.168.1.55","192.168.1.2","TCP","1514","8004  >  36948 [ACK] Seq=459206 Ack=141 Win=65024 Len=1448 TSval=2916042507 TSecr=3045562279 [TCP segment of a reassembled PDU]"
"68525","38.427014866","192.168.1.55","192.168.1.2","TCP","1514","8004  >  36948 [ACK] Seq=460654 Ack=141 Win=65024 Len=1448 TSval=2916042507 TSecr=3045562279 [TCP segment of a reassembled PDU]"
"68526","38.427016495","192.168.1.55","192.168.1.2","TCP","1514","8004  >  36948 [ACK] Seq=462102 Ack=141 Win=65024 Len=1448 TSval=2916042507 TSecr=3045562279 [TCP segment of a reassembled PDU]"
"68527","38.427018440","192.168.1.55","192.168.1.2","TCP","1514","8004  >  36948 [ACK] Seq=463550 Ack=141 Win=65024 Len=1448 TSval=2916042507 TSecr=3045562279 [TCP segment of a reassembled PDU]"
"68528","38.427020162","192.168.1.55","192.168.1.2","TCP","1514","8004  >  36948 [ACK] Seq=464998 Ack=141 Win=65024 Len=1448 TSval=2916042507 TSecr=3045562279 [TCP segment of a reassembled PDU]"
"68529","38.427022088","192.168.1.55","192.168.1.2","TCP","1514","8004  >  36948 [ACK] Seq=466446 Ack=141 Win=65024 Len=1448 TSval=2916042507 TSecr=3045562279 [TCP segment of a reassembled PDU]"
"68530","38.427023662","192.168.1.55","192.168.1.2","TCP","1514","8004  >  36948 [PSH, ACK] Seq=467894 Ack=141 Win=65024 Len=1448 TSval=2916042507 TSecr=3045562279 [TCP segment of a reassembled PDU]"
"68531","38.427131810","192.168.1.2","192.168.1.55","TCP","66","36948  >  8004 [ACK] Seq=141 Ack=356398 Win=148480 Len=0 TSval=3045562279 TSecr=2916042499"
"68532","38.427170903","192.168.1.55","192.168.1.2","TCP","1514","8004  >  36948 [ACK] Seq=469342 Ack=141 Win=65024 Len=1448 TSval=2916042507 TSecr=3045562279 [TCP segment of a reassembled PDU]"
"68533","38.427173699","192.168.1.55","192.168.1.2","TCP","1514","8004  >  36948 [ACK] Seq=470790 Ack=141 Win=65024 Len=1448 TSval=2916042507 TSecr=3045562279 [TCP segment of a reassembled PDU]"
"68534","38.427175199","192.168.1.55","192.168.1.2","TCP","1514","8004  >  36948 [ACK] Seq=472238 Ack=141 Win=65024 Len=1448 TSval=2916042507 TSecr=3045562279 [TCP segment of a reassembled PDU]"
"68535","38.427176458","192.168.1.55","192.168.1.2","TCP","1514","8004  >  36948 [ACK] Seq=473686 Ack=141 Win=65024 Len=1448 TSval=2916042507 TSecr=3045562279 [TCP segment of a reassembled PDU]"
"68536","38.427177977","192.168.1.55","192.168.1.2","TCP","1514","8004  >  36948 [ACK] Seq=475134 Ack=141 Win=65024 Len=1448 TSval=2916042507 TSecr=3045562279 [TCP segment of a reassembled PDU]"
"68537","38.427179273","192.168.1.55","192.168.1.2","TCP","1514","8004  >  36948 [ACK] Seq=476582 Ack=141 Win=65024 Len=1448 TSval=2916042507 TSecr=3045562279 [TCP segment of a reassembled PDU]"
"68538","38.427180773","192.168.1.55","192.168.1.2","TCP","1514","8004  >  36948 [ACK] Seq=478030 Ack=141 Win=65024 Len=1448 TSval=2916042507 TSecr=3045562279 [TCP segment of a reassembled PDU]"
"68539","38.427182181","192.168.1.55","192.168.1.2","TCP","1514","8004  >  36948 [ACK] Seq=479478 Ack=141 Win=65024 Len=1448 TSval=2916042507 TSecr=3045562279 [TCP segment of a reassembled PDU]"
"68540","38.427183625","192.168.1.55","192.168.1.2","TCP","1514","8004  >  36948 [ACK] Seq=480926 Ack=141 Win=65024 Len=1448 TSval=2916042507 TSecr=3045562279 [TCP segment of a reassembled PDU]"
"68541","38.427185162","192.168.1.55","192.168.1.2","TCP","1514","8004  >  36948 [ACK] Seq=482374 Ack=141 Win=65024 Len=1448 TSval=2916042507 TSecr=3045562279 [TCP segment of a reassembled PDU]"
"68542","38.427186403","192.168.1.55","192.168.1.2","TCP","1514","8004  >  36948 [ACK] Seq=483822 Ack=141 Win=65024 Len=1448 TSval=2916042507 TSecr=3045562279 [TCP segment of a reassembled PDU]"
"68543","38.427187847","192.168.1.55","192.168.1.2","TCP","1514","8004  >  36948 [ACK] Seq=485270 Ack=141 Win=65024 Len=1448 TSval=2916042507 TSecr=3045562279 [TCP segment of a reassembled PDU]"
"68544","38.427189218","192.168.1.55","192.168.1.2","TCP","1514","8004  >  36948 [ACK] Seq=486718 Ack=141 Win=65024 Len=1448 TSval=2916042507 TSecr=3045562279 [TCP segment of a reassembled PDU]"
"68545","38.427190551","192.168.1.55","192.168.1.2","TCP","1514","8004  >  36948 [ACK] Seq=488166 Ack=141 Win=65024 Len=1448 TSval=2916042507 TSecr=3045562279 [TCP segment of a reassembled PDU]"
"68546","38.427191958","192.168.1.55","192.168.1.2","TCP","1514","8004  >  36948 [ACK] Seq=489614 Ack=141 Win=65024 Len=1448 TSval=2916042507 TSecr=3045562279 [TCP segment of a reassembled PDU]"
"68547","38.427193292","192.168.1.55","192.168.1.2","TCP","1514","8004  >  36948 [ACK] Seq=491062 Ack=141 Win=65024 Len=1448 TSval=2916042507 TSecr=3045562279 [TCP segment of a reassembled PDU]"
"68548","38.427194662","192.168.1.55","192.168.1.2","TCP","1514","8004  >  36948 [ACK] Seq=492510 Ack=141 Win=65024 Len=1448 TSval=2916042507 TSecr=3045562279 [TCP segment of a reassembled PDU]"
"68549","38.427196033","192.168.1.55","192.168.1.2","TCP","1514","8004  >  36948 [ACK] Seq=493958 Ack=141 Win=65024 Len=1448 TSval=2916042507 TSecr=3045562279 [TCP segment of a reassembled PDU]"
"68550","38.427197310","192.168.1.55","192.168.1.2","TCP","1514","8004  >  36948 [ACK] Seq=495406 Ack=141 Win=65024 Len=1448 TSval=2916042507 TSecr=3045562279 [TCP segment of a reassembled PDU]"
"68551","38.427199125","192.168.1.55","192.168.1.2","TCP","1514","8004  >  36948 [PSH, ACK] Seq=496854 Ack=141 Win=65024 Len=1448 TSval=2916042507 TSecr=3045562279 [TCP segment of a reassembled PDU]"
"68552","38.427206292","192.168.1.55","192.168.1.2","HTTP","1472","HTTP/1.0 200 OK  (PNG)"
"68553","38.427210847","192.168.1.2","192.168.1.55","TCP","66","36948  >  8004 [ACK] Seq=141 Ack=379566 Win=149504 Len=0 TSval=3045562281 TSecr=2916042499"
"68554","38.427221551","192.168.1.2","192.168.1.55","TCP","66","36948  >  8004 [ACK] Seq=141 Ack=396942 Win=152576 Len=0 TSval=3045562281 TSecr=2916042502"
"68555","38.427282218","192.168.1.2","192.168.1.55","TCP","66","36948  >  8004 [ACK] Seq=141 Ack=414318 Win=158720 Len=0 TSval=3045562281 TSecr=2916042502"
"68556","38.427290236","192.168.1.2","192.168.1.55","TCP","66","36948  >  8004 [ACK] Seq=141 Ack=420870 Win=175104 Len=0 TSval=3045562282 TSecr=2916042502"
"68557","38.433675562","192.168.1.2","192.168.1.55","TCP","66","36948  >  8004 [ACK] Seq=141 Ack=424454 Win=182272 Len=0 TSval=3045562288 TSecr=2916042507"
"68558","38.433848525","192.168.1.2","192.168.1.55","TCP","66","36948  >  8004 [ACK] Seq=141 Ack=469342 Win=150528 Len=0 TSval=3045562288 TSecr=2916042507"
"68559","38.433857988","192.168.1.2","192.168.1.55","TCP","66","36948  >  8004 [ACK] Seq=141 Ack=493958 Win=126976 Len=0 TSval=3045562288 TSecr=2916042507"
"68560","38.433864025","192.168.1.2","192.168.1.55","TCP","66","36948  >  8004 [ACK] Seq=141 Ack=495406 Win=185344 Len=0 TSval=3045562289 TSecr=2916042507"
"68561","38.433867766","192.168.1.2","192.168.1.55","TCP","66","36948  >  8004 [ACK] Seq=141 Ack=498302 Win=191488 Len=0 TSval=3045562289 TSecr=2916042507"
"68562","38.435554990","192.168.1.2","192.168.1.55","TCP","66","36948  >  8004 [FIN, ACK] Seq=141 Ack=499709 Win=191488 Len=0 TSval=3045562290 TSecr=2916042507"
"68563","38.435571824","192.168.1.55","192.168.1.2","TCP","66","8004  >  36948 [ACK] Seq=499709 Ack=142 Win=65024 Len=0 TSval=2916042516 TSecr=3045562290"
"68564","38.435809583","192.168.1.2","192.168.1.55","TCP","74","36956  >  8004 [SYN] Seq=0 Win=64240 Len=0 MSS=1460 SACK_PERM TSval=3045562290 TSecr=0 WS=1024"
"68565","38.435836009","192.168.1.55","192.168.1.2","TCP","74","8004  >  36956 [SYN, ACK] Seq=0 Ack=1 Win=65160 Len=0 MSS=1460 SACK_PERM TSval=2916042516 TSecr=3045562290 WS=128"
"68566","38.438912792","192.168.1.2","192.168.1.55","TCP","66","36956  >  8004 [ACK] Seq=1 Ack=1 Win=64512 Len=0 TSval=3045562293 TSecr=2916042516"
"68567","38.439335108","192.168.1.2","192.168.1.55","HTTP","209","GET /original_benchmark.png HTTP/1.1 "
"68568","38.439349348","192.168.1.55","192.168.1.2","TCP","66","8004  >  36956 [ACK] Seq=1 Ack=144 Win=65024 Len=0 TSval=2916042520 TSecr=3045562293"
"68569","38.439872849","192.168.1.55","192.168.1.2","TCP","255","8004  >  36956 [PSH, ACK] Seq=1 Ack=144 Win=65024 Len=189 TSval=2916042520 TSecr=3045562293 [TCP segment of a reassembled PDU]"
"68570","38.440023164","192.168.1.55","192.168.1.2","TCP","1514","8004  >  36956 [ACK] Seq=190 Ack=144 Win=65024 Len=1448 TSval=2916042520 TSecr=3045562293 [TCP segment of a reassembled PDU]"
"68571","38.440029646","192.168.1.55","192.168.1.2","TCP","1514","8004  >  36956 [ACK] Seq=1638 Ack=144 Win=65024 Len=1448 TSval=2916042520 TSecr=3045562293 [TCP segment of a reassembled PDU]"
"68572","38.440031146","192.168.1.55","192.168.1.2","TCP","1514","8004  >  36956 [ACK] Seq=3086 Ack=144 Win=65024 Len=1448 TSval=2916042520 TSecr=3045562293 [TCP segment of a reassembled PDU]"
"68573","38.440032442","192.168.1.55","192.168.1.2","TCP","1514","8004  >  36956 [ACK] Seq=4534 Ack=144 Win=65024 Len=1448 TSval=2916042520 TSecr=3045562293 [TCP segment of a reassembled PDU]"
"68574","38.440034053","192.168.1.55","192.168.1.2","TCP","1514","8004  >  36956 [PSH, ACK] Seq=5982 Ack=144 Win=65024 Len=1448 TSval=2916042520 TSecr=3045562293 [TCP segment of a reassembled PDU]"
"68575","38.440073090","192.168.1.55","192.168.1.2","TCP","1514","8004  >  36956 [ACK] Seq=7430 Ack=144 Win=65024 Len=1448 TSval=2916042520 TSecr=3045562293 [TCP segment of a reassembled PDU]"
"68576","38.440076257","192.168.1.55","192.168.1.2","TCP","1514","8004  >  36956 [ACK] Seq=8878 Ack=144 Win=65024 Len=1448 TSval=2916042520 TSecr=3045562293 [TCP segment of a reassembled PDU]"
"68577","38.440077627","192.168.1.55","192.168.1.2","TCP","1514","8004  >  36956 [ACK] Seq=10326 Ack=144 Win=65024 Len=1448 TSval=2916042520 TSecr=3045562293 [TCP segment of a reassembled PDU]"
"68578","38.440079220","192.168.1.55","192.168.1.2","TCP","1514","8004  >  36956 [PSH, ACK] Seq=11774 Ack=144 Win=65024 Len=1448 TSval=2916042520 TSecr=3045562293 [TCP segment of a reassembled PDU]"
"68579","38.445150784","192.168.1.2","192.168.1.55","TCP","66","36956  >  8004 [ACK] Seq=144 Ack=190 Win=64512 Len=0 TSval=3045562297 TSecr=2916042520"
"68580","38.445196691","192.168.1.55","192.168.1.2","TCP","1514","8004  >  36956 [ACK] Seq=13222 Ack=144 Win=65024 Len=1448 TSval=2916042525 TSecr=3045562297 [TCP segment of a reassembled PDU]"
"68581","38.445203006","192.168.1.55","192.168.1.2","TCP","1514","8004  >  36956 [PSH, ACK] Seq=14670 Ack=144 Win=65024 Len=1448 TSval=2916042525 TSecr=3045562297 [TCP segment of a reassembled PDU]"
"68582","38.445273747","192.168.1.2","192.168.1.55","TCP","66","36956  >  8004 [ACK] Seq=144 Ack=3086 Win=70656 Len=0 TSval=3045562298 TSecr=2916042520"
"68583","38.445285506","192.168.1.2","192.168.1.55","TCP","66","36956  >  8004 [ACK] Seq=144 Ack=4534 Win=73728 Len=0 TSval=3045562298 TSecr=2916042520"
"68584","38.445316654","192.168.1.55","192.168.1.2","TCP","1514","8004  >  36956 [ACK] Seq=16118 Ack=144 Win=65024 Len=1448 TSval=2916042525 TSecr=3045562298 [TCP segment of a reassembled PDU]"
"68585","38.445319729","192.168.1.55","192.168.1.2","TCP","1514","8004  >  36956 [ACK] Seq=17566 Ack=144 Win=65024 Len=1448 TSval=2916042525 TSecr=3045562298 [TCP segment of a reassembled PDU]"
"68586","38.445320858","192.168.1.55","192.168.1.2","TCP","1514","8004  >  36956 [ACK] Seq=19014 Ack=144 Win=65024 Len=1448 TSval=2916042525 TSecr=3045562298 [TCP segment of a reassembled PDU]"
"68587","38.445321840","192.168.1.55","192.168.1.2","TCP","1514","8004  >  36956 [ACK] Seq=20462 Ack=144 Win=65024 Len=1448 TSval=2916042525 TSecr=3045562298 [TCP segment of a reassembled PDU]"
"68588","38.445322729","192.168.1.55","192.168.1.2","TCP","1514","8004  >  36956 [ACK] Seq=21910 Ack=144 Win=65024 Len=1448 TSval=2916042525 TSecr=3045562298 [TCP segment of a reassembled PDU]"
"68589","38.445323969","192.168.1.55","192.168.1.2","TCP","1514","8004  >  36956 [PSH, ACK] Seq=23358 Ack=144 Win=65024 Len=1448 TSval=2916042525 TSecr=3045562298 [TCP segment of a reassembled PDU]"
"68590","38.445414432","192.168.1.2","192.168.1.55","TCP","66","36956  >  8004 [ACK] Seq=144 Ack=7430 Win=79872 Len=0 TSval=3045562299 TSecr=2916042520"
"68591","38.445445618","192.168.1.2","192.168.1.55","TCP","66","36956  >  8004 [ACK] Seq=144 Ack=13222 Win=81920 Len=0 TSval=3045562299 TSecr=2916042520"
"68592","38.445510673","192.168.1.55","192.168.1.2","TCP","1514","8004  >  36956 [ACK] Seq=24806 Ack=144 Win=65024 Len=1448 TSval=2916042526 TSecr=3045562299 [TCP segment of a reassembled PDU]"
"68593","38.445521099","192.168.1.55","192.168.1.2","TCP","1514","8004  >  36956 [ACK] Seq=26254 Ack=144 Win=65024 Len=1448 TSval=2916042526 TSecr=3045562299 [TCP segment of a reassembled PDU]"
"68594","38.445522784","192.168.1.55","192.168.1.2","TCP","1514","8004  >  36956 [ACK] Seq=27702 Ack=144 Win=65024 Len=1448 TSval=2916042526 TSecr=3045562299 [TCP segment of a reassembled PDU]"
"68595","38.445524784","192.168.1.55","192.168.1.2","TCP","1514","8004  >  36956 [ACK] Seq=29150 Ack=144 Win=65024 Len=1448 TSval=2916042526 TSecr=3045562299 [TCP segment of a reassembled PDU]"
"68596","38.445526970","192.168.1.55","192.168.1.2","TCP","1514","8004  >  36956 [ACK] Seq=30598 Ack=144 Win=65024 Len=1448 TSval=2916042526 TSecr=3045562299 [TCP segment of a reassembled PDU]"
"68597","38.445530136","192.168.1.55","192.168.1.2","TCP","1514","8004  >  36956 [ACK] Seq=32046 Ack=144 Win=65024 Len=1448 TSval=2916042526 TSecr=3045562299 [TCP segment of a reassembled PDU]"
"68598","38.445532118","192.168.1.55","192.168.1.2","TCP","1514","8004  >  36956 [ACK] Seq=33494 Ack=144 Win=65024 Len=1448 TSval=2916042526 TSecr=3045562299 [TCP segment of a reassembled PDU]"
"68599","38.445533229","192.168.1.55","192.168.1.2","TCP","1514","8004  >  36956 [ACK] Seq=34942 Ack=144 Win=65024 Len=1448 TSval=2916042526 TSecr=3045562299 [TCP segment of a reassembled PDU]"
"68600","38.445535729","192.168.1.55","192.168.1.2","TCP","1514","8004  >  36956 [ACK] Seq=36390 Ack=144 Win=65024 Len=1448 TSval=2916042526 TSecr=3045562299 [TCP segment of a reassembled PDU]"
"68601","38.445537136","192.168.1.55","192.168.1.2","TCP","1514","8004  >  36956 [PSH, ACK] Seq=37838 Ack=144 Win=65024 Len=1448 TSval=2916042526 TSecr=3045562299 [TCP segment of a reassembled PDU]"
"68602","38.446568971","192.168.1.55","192.168.1.2","TCP","1514","8004  >  36956 [ACK] Seq=39286 Ack=144 Win=65024 Len=1448 TSval=2916042527 TSecr=3045562299 [TCP segment of a reassembled PDU]"
"68603","38.446584990","192.168.1.55","192.168.1.2","TCP","1514","8004  >  36956 [PSH, ACK] Seq=40734 Ack=144 Win=65024 Len=1448 TSval=2916042527 TSecr=3045562299 [TCP segment of a reassembled PDU]"
"68604","38.450214625","192.168.1.2","192.168.1.55","TCP","66","36956  >  8004 [ACK] Seq=144 Ack=16118 Win=88064 Len=0 TSval=3045562304 TSecr=2916042525"
"68605","38.450304385","192.168.1.55","192.168.1.2","TCP","1514","8004  >  36956 [ACK] Seq=42182 Ack=144 Win=65024 Len=1448 TSval=2916042530 TSecr=3045562304 [TCP segment of a reassembled PDU]"
"68606","38.450313255","192.168.1.55","192.168.1.2","TCP","1514","8004  >  36956 [PSH, ACK] Seq=43630 Ack=144 Win=65024 Len=1448 TSval=2916042530 TSecr=3045562304 [TCP segment of a reassembled PDU]"
"68607","38.450415144","192.168.1.2","192.168.1.55","TCP","66","36956  >  8004 [ACK] Seq=144 Ack=24806 Win=84992 Len=0 TSval=3045562304 TSecr=2916042525"
"68608","38.450450052","192.168.1.55","192.168.1.2","TCP","1514","8004  >  36956 [ACK] Seq=45078 Ack=144 Win=65024 Len=1448 TSval=2916042531 TSecr=3045562304 [TCP segment of a reassembled PDU]"
"68609","38.450452218","192.168.1.55","192.168.1.2","TCP","1514","8004  >  36956 [ACK] Seq=46526 Ack=144 Win=65024 Len=1448 TSval=2916042531 TSecr=3045562304 [TCP segment of a reassembled PDU]"
"68610","38.450453329","192.168.1.55","192.168.1.2","TCP","1514","8004  >  36956 [ACK] Seq=47974 Ack=144 Win=65024 Len=1448 TSval=2916042531 TSecr=3045562304 [TCP segment of a reassembled PDU]"
"68611","38.450454959","192.168.1.55","192.168.1.2","TCP","1514","8004  >  36956 [ACK] Seq=49422 Ack=144 Win=65024 Len=1448 TSval=2916042531 TSecr=3045562304 [TCP segment of a reassembled PDU]"
"68612","38.450456237","192.168.1.55","192.168.1.2","TCP","1514","8004  >  36956 [ACK] Seq=50870 Ack=144 Win=65024 Len=1448 TSval=2916042531 TSecr=3045562304 [TCP segment of a reassembled PDU]"
"68613","38.450457126","192.168.1.55","192.168.1.2","TCP","1514","8004  >  36956 [ACK] Seq=52318 Ack=144 Win=65024 Len=1448 TSval=2916042531 TSecr=3045562304 [TCP segment of a reassembled PDU]"
"68614","38.450458126","192.168.1.55","192.168.1.2","TCP","1514","8004  >  36956 [ACK] Seq=53766 Ack=144 Win=65024 Len=1448 TSval=2916042531 TSecr=3045562304 [TCP segment of a reassembled PDU]"
"68615","38.450458996","192.168.1.55","192.168.1.2","TCP","1514","8004  >  36956 [ACK] Seq=55214 Ack=144 Win=65024 Len=1448 TSval=2916042531 TSecr=3045562304 [TCP segment of a reassembled PDU]"
"68616","38.450459996","192.168.1.55","192.168.1.2","TCP","1514","8004  >  36956 [ACK] Seq=56662 Ack=144 Win=65024 Len=1448 TSval=2916042531 TSecr=3045562304 [TCP segment of a reassembled PDU]"
"68617","38.450461126","192.168.1.55","192.168.1.2","TCP","1514","8004  >  36956 [ACK] Seq=58110 Ack=144 Win=65024 Len=1448 TSval=2916042531 TSecr=3045562304 [TCP segment of a reassembled PDU]"
"68618","38.450462570","192.168.1.55","192.168.1.2","TCP","1514","8004  >  36956 [ACK] Seq=59558 Ack=144 Win=65024 Len=1448 TSval=2916042531 TSecr=3045562304 [TCP segment of a reassembled PDU]"
"68619","38.450464459","192.168.1.55","192.168.1.2","TCP","1514","8004  >  36956 [ACK] Seq=61006 Ack=144 Win=65024 Len=1448 TSval=2916042531 TSecr=3045562304 [TCP segment of a reassembled PDU]"
"68620","38.450465867","192.168.1.55","192.168.1.2","TCP","1514","8004  >  36956 [ACK] Seq=62454 Ack=144 Win=65024 Len=1448 TSval=2916042531 TSecr=3045562304 [TCP segment of a reassembled PDU]"
"68621","38.450466829","192.168.1.55","192.168.1.2","TCP","1514","8004  >  36956 [PSH, ACK] Seq=63902 Ack=144 Win=65024 Len=1448 TSval=2916042531 TSecr=3045562304 [TCP segment of a reassembled PDU]"
"68622","38.450471367","192.168.1.2","192.168.1.55","TCP","66","36956  >  8004 [ACK] Seq=144 Ack=39286 Win=71680 Len=0 TSval=3045562304 TSecr=2916042526"
"68623","38.450492737","192.168.1.55","192.168.1.2","TCP","1514","8004  >  36956 [ACK] Seq=65350 Ack=144 Win=65024 Len=1448 TSval=2916042531 TSecr=3045562304 [TCP segment of a reassembled PDU]"
"68624","38.450496237","192.168.1.55","192.168.1.2","TCP","1514","8004  >  36956 [ACK] Seq=66798 Ack=144 Win=65024 Len=1448 TSval=2916042531 TSecr=3045562304 [TCP segment of a reassembled PDU]"
"68625","38.450497533","192.168.1.55","192.168.1.2","TCP","1514","8004  >  36956 [ACK] Seq=68246 Ack=144 Win=65024 Len=1448 TSval=2916042531 TSecr=3045562304 [TCP segment of a reassembled PDU]"
"68626","38.450498533","192.168.1.55","192.168.1.2","TCP","1514","8004  >  36956 [ACK] Seq=69694 Ack=144 Win=65024 Len=1448 TSval=2916042531 TSecr=3045562304 [TCP segment of a reassembled PDU]"
"68627","38.450499737","192.168.1.55","192.168.1.2","TCP","1514","8004  >  36956 [ACK] Seq=71142 Ack=144 Win=65024 Len=1448 TSval=2916042531 TSecr=3045562304 [TCP segment of a reassembled PDU]"
"68628","38.450500830","192.168.1.55","192.168.1.2","TCP","1514","8004  >  36956 [ACK] Seq=72590 Ack=144 Win=65024 Len=1448 TSval=2916042531 TSecr=3045562304 [TCP segment of a reassembled PDU]"
"68629","38.450501792","192.168.1.55","192.168.1.2","TCP","1514","8004  >  36956 [ACK] Seq=74038 Ack=144 Win=65024 Len=1448 TSval=2916042531 TSecr=3045562304 [TCP segment of a reassembled PDU]"
"68630","38.450503052","192.168.1.55","192.168.1.2","TCP","1514","8004  >  36956 [PSH, ACK] Seq=75486 Ack=144 Win=65024 Len=1448 TSval=2916042531 TSecr=3045562304 [TCP segment of a reassembled PDU]"
"68631","38.450508570","192.168.1.2","192.168.1.55","TCP","66","36956  >  8004 [ACK] Seq=144 Ack=42182 Win=90112 Len=0 TSval=3045562305 TSecr=2916042527"
"68632","38.451469350","192.168.1.55","192.168.1.2","TCP","1514","8004  >  36956 [ACK] Seq=76934 Ack=144 Win=65024 Len=1448 TSval=2916042532 TSecr=3045562305 [TCP segment of a reassembled PDU]"
"68633","38.451476294","192.168.1.55","192.168.1.2","TCP","1514","8004  >  36956 [ACK] Seq=78382 Ack=144 Win=65024 Len=1448 TSval=2916042532 TSecr=3045562305 [TCP segment of a reassembled PDU]"
"68634","38.451477535","192.168.1.55","192.168.1.2","TCP","1514","8004  >  36956 [ACK] Seq=79830 Ack=144 Win=65024 Len=1448 TSval=2916042532 TSecr=3045562305 [TCP segment of a reassembled PDU]"
"68635","38.451478813","192.168.1.55","192.168.1.2","TCP","1514","8004  >  36956 [ACK] Seq=81278 Ack=144 Win=65024 Len=1448 TSval=2916042532 TSecr=3045562305 [TCP segment of a reassembled PDU]"
"68636","38.451480294","192.168.1.55","192.168.1.2","TCP","1514","8004  >  36956 [ACK] Seq=82726 Ack=144 Win=65024 Len=1448 TSval=2916042532 TSecr=3045562305 [TCP segment of a reassembled PDU]"
"68637","38.451481887","192.168.1.55","192.168.1.2","TCP","1514","8004  >  36956 [ACK] Seq=84174 Ack=144 Win=65024 Len=1448 TSval=2916042532 TSecr=3045562305 [TCP segment of a reassembled PDU]"
"68638","38.451482905","192.168.1.55","192.168.1.2","TCP","1514","8004  >  36956 [ACK] Seq=85622 Ack=144 Win=65024 Len=1448 TSval=2916042532 TSecr=3045562305 [TCP segment of a reassembled PDU]"
"68639","38.451485720","192.168.1.55","192.168.1.2","TCP","1514","8004  >  36956 [ACK] Seq=87070 Ack=144 Win=65024 Len=1448 TSval=2916042532 TSecr=3045562305 [TCP segment of a reassembled PDU]"
"68640","38.451487294","192.168.1.55","192.168.1.2","TCP","1514","8004  >  36956 [ACK] Seq=88518 Ack=144 Win=65024 Len=1448 TSval=2916042532 TSecr=3045562305 [TCP segment of a reassembled PDU]"
"68641","38.451489035","192.168.1.55","192.168.1.2","TCP","1514","8004  >  36956 [ACK] Seq=89966 Ack=144 Win=65024 Len=1448 TSval=2916042532 TSecr=3045562305 [TCP segment of a reassembled PDU]"
"68642","38.451491146","192.168.1.55","192.168.1.2","TCP","1514","8004  >  36956 [ACK] Seq=91414 Ack=144 Win=65024 Len=1448 TSval=2916042532 TSecr=3045562305 [TCP segment of a reassembled PDU]"
"68643","38.451492461","192.168.1.55","192.168.1.2","TCP","1514","8004  >  36956 [ACK] Seq=92862 Ack=144 Win=65024 Len=1448 TSval=2916042532 TSecr=3045562305 [TCP segment of a reassembled PDU]"
"68644","38.451493739","192.168.1.55","192.168.1.2","TCP","1514","8004  >  36956 [ACK] Seq=94310 Ack=144 Win=65024 Len=1448 TSval=2916042532 TSecr=3045562305 [TCP segment of a reassembled PDU]"
"68645","38.451495072","192.168.1.55","192.168.1.2","TCP","1514","8004  >  36956 [ACK] Seq=95758 Ack=144 Win=65024 Len=1448 TSval=2916042532 TSecr=3045562305 [TCP segment of a reassembled PDU]"
"68646","38.451496905","192.168.1.55","192.168.1.2","TCP","1514","8004  >  36956 [ACK] Seq=97206 Ack=144 Win=65024 Len=1448 TSval=2916042532 TSecr=3045562305 [TCP segment of a reassembled PDU]"
"68647","38.451498276","192.168.1.55","192.168.1.2","TCP","1514","8004  >  36956 [PSH, ACK] Seq=98654 Ack=144 Win=65024 Len=1448 TSval=2916042532 TSecr=3045562305 [TCP segment of a reassembled PDU]"
"68648","38.456128487","192.168.1.2","192.168.1.55","TCP","66","36956  >  8004 [ACK] Seq=144 Ack=45078 Win=88064 Len=0 TSval=3045562310 TSecr=2916042530"
"68649","38.456227617","192.168.1.55","192.168.1.2","TCP","1514","8004  >  36956 [ACK] Seq=100102 Ack=144 Win=65024 Len=1448 TSval=2916042536 TSecr=3045562310 [TCP segment of a reassembled PDU]"
"68650","38.456236413","192.168.1.55","192.168.1.2","TCP","1514","8004  >  36956 [ACK] Seq=101550 Ack=144 Win=65024 Len=1448 TSval=2916042536 TSecr=3045562310 [TCP segment of a reassembled PDU]"
"68651","38.456237431","192.168.1.55","192.168.1.2","TCP","1514","8004  >  36956 [ACK] Seq=102998 Ack=144 Win=65024 Len=1448 TSval=2916042536 TSecr=3045562310 [TCP segment of a reassembled PDU]"
"68652","38.456239765","192.168.1.55","192.168.1.2","TCP","1514","8004  >  36956 [PSH, ACK] Seq=104446 Ack=144 Win=65024 Len=1448 TSval=2916042536 TSecr=3045562310 [TCP segment of a reassembled PDU]"
"68653","38.456320969","192.168.1.2","192.168.1.55","TCP","66","36956  >  8004 [ACK] Seq=144 Ack=65350 Win=73728 Len=0 TSval=3045562310 TSecr=2916042531"
"68654","38.456363913","192.168.1.55","192.168.1.2","TCP","1514","8004  >  36956 [ACK] Seq=105894 Ack=144 Win=65024 Len=1448 TSval=2916042537 TSecr=3045562310 [TCP segment of a reassembled PDU]"
"68655","38.456366543","192.168.1.55","192.168.1.2","TCP","1514","8004  >  36956 [ACK] Seq=107342 Ack=144 Win=65024 Len=1448 TSval=2916042537 TSecr=3045562310 [TCP segment of a reassembled PDU]"
"68656","38.456368858","192.168.1.55","192.168.1.2","TCP","1514","8004  >  36956 [ACK] Seq=108790 Ack=144 Win=65024 Len=1448 TSval=2916042537 TSecr=3045562310 [TCP segment of a reassembled PDU]"
"68657","38.456370561","192.168.1.55","192.168.1.2","TCP","1514","8004  >  36956 [ACK] Seq=110238 Ack=144 Win=65024 Len=1448 TSval=2916042537 TSecr=3045562310 [TCP segment of a reassembled PDU]"
"68658","38.456371913","192.168.1.55","192.168.1.2","TCP","1514","8004  >  36956 [ACK] Seq=111686 Ack=144 Win=65024 Len=1448 TSval=2916042537 TSecr=3045562310 [TCP segment of a reassembled PDU]"
"68659","38.456373135","192.168.1.55","192.168.1.2","TCP","1514","8004  >  36956 [ACK] Seq=113134 Ack=144 Win=65024 Len=1448 TSval=2916042537 TSecr=3045562310 [TCP segment of a reassembled PDU]"
"68660","38.456374839","192.168.1.55","192.168.1.2","TCP","1514","8004  >  36956 [ACK] Seq=114582 Ack=144 Win=65024 Len=1448 TSval=2916042537 TSecr=3045562310 [TCP segment of a reassembled PDU]"
"68661","38.456376024","192.168.1.55","192.168.1.2","TCP","1514","8004  >  36956 [PSH, ACK] Seq=116030 Ack=144 Win=65024 Len=1448 TSval=2916042537 TSecr=3045562310 [TCP segment of a reassembled PDU]"
"68662","38.456382154","192.168.1.2","192.168.1.55","TCP","66","36956  >  8004 [ACK] Seq=144 Ack=76934 Win=62464 Len=0 TSval=3045562310 TSecr=2916042531"
"68663","38.456425376","192.168.1.55","192.168.1.2","TCP","1514","8004  >  36956 [ACK] Seq=117478 Ack=144 Win=65024 Len=1448 TSval=2916042537 TSecr=3045562310 [TCP segment of a reassembled PDU]"
"68664","38.456427098","192.168.1.55","192.168.1.2","TCP","1514","8004  >  36956 [ACK] Seq=118926 Ack=144 Win=65024 Len=1448 TSval=2916042537 TSecr=3045562310 [TCP segment of a reassembled PDU]"
"68665","38.456428654","192.168.1.55","192.168.1.2","TCP","1514","8004  >  36956 [ACK] Seq=120374 Ack=144 Win=65024 Len=1448 TSval=2916042537 TSecr=3045562310 [TCP segment of a reassembled PDU]"
"68666","38.456429895","192.168.1.55","192.168.1.2","TCP","1514","8004  >  36956 [ACK] Seq=121822 Ack=144 Win=65024 Len=1448 TSval=2916042537 TSecr=3045562310 [TCP segment of a reassembled PDU]"
"68667","38.456432506","192.168.1.55","192.168.1.2","TCP","1514","8004  >  36956 [ACK] Seq=123270 Ack=144 Win=65024 Len=1448 TSval=2916042537 TSecr=3045562310 [TCP segment of a reassembled PDU]"
"68668","38.456433913","192.168.1.55","192.168.1.2","TCP","1514","8004  >  36956 [ACK] Seq=124718 Ack=144 Win=65024 Len=1448 TSval=2916042537 TSecr=3045562310 [TCP segment of a reassembled PDU]"
"68669","38.456435691","192.168.1.55","192.168.1.2","TCP","1514","8004  >  36956 [ACK] Seq=126166 Ack=144 Win=65024 Len=1448 TSval=2916042537 TSecr=3045562310 [TCP segment of a reassembled PDU]"
"68670","38.456437395","192.168.1.55","192.168.1.2","TCP","1514","8004  >  36956 [ACK] Seq=127614 Ack=144 Win=65024 Len=1448 TSval=2916042537 TSecr=3045562310 [TCP segment of a reassembled PDU]"
"68671","38.456438858","192.168.1.55","192.168.1.2","TCP","1514","8004  >  36956 [ACK] Seq=129062 Ack=144 Win=65024 Len=1448 TSval=2916042537 TSecr=3045562310 [TCP segment of a reassembled PDU]"
"68672","38.456449321","192.168.1.55","192.168.1.2","TCP","1514","8004  >  36956 [ACK] Seq=130510 Ack=144 Win=65024 Len=1448 TSval=2916042537 TSecr=3045562310 [TCP segment of a reassembled PDU]"
"68673","38.456450469","192.168.1.55","192.168.1.2","TCP","1514","8004  >  36956 [ACK] Seq=131958 Ack=144 Win=65024 Len=1448 TSval=2916042537 TSecr=3045562310 [TCP segment of a reassembled PDU]"
"68674","38.456452765","192.168.1.55","192.168.1.2","TCP","1514","8004  >  36956 [ACK] Seq=133406 Ack=144 Win=65024 Len=1448 TSval=2916042537 TSecr=3045562310 [TCP segment of a reassembled PDU]"
"68675","38.456454765","192.168.1.55","192.168.1.2","TCP","1514","8004  >  36956 [ACK] Seq=134854 Ack=144 Win=65024 Len=1448 TSval=2916042537 TSecr=3045562310 [TCP segment of a reassembled PDU]"
"68676","38.456456098","192.168.1.55","192.168.1.2","TCP","1514","8004  >  36956 [ACK] Seq=136302 Ack=144 Win=65024 Len=1448 TSval=2916042537 TSecr=3045562310 [TCP segment of a reassembled PDU]"
"68677","38.456457395","192.168.1.55","192.168.1.2","TCP","1514","8004  >  36956 [ACK] Seq=137750 Ack=144 Win=65024 Len=1448 TSval=2916042537 TSecr=3045562310 [TCP segment of a reassembled PDU]"
"68678","38.456458802","192.168.1.55","192.168.1.2","TCP","266","[TCP Window Full] 8004  >  36956 [PSH, ACK] Seq=139198 Ack=144 Win=65024 Len=200 TSval=2916042537 TSecr=3045562310 [TCP segment of a reassembled PDU]"
"68679","38.456464691","192.168.1.2","192.168.1.55","TCP","66","36956  >  8004 [ACK] Seq=144 Ack=89966 Win=51200 Len=0 TSval=3045562310 TSecr=2916042532"
"68680","38.456470765","192.168.1.2","192.168.1.55","TCP","66","36956  >  8004 [ACK] Seq=144 Ack=100102 Win=81920 Len=0 TSval=3045562310 TSecr=2916042532"
"68681","38.456504395","192.168.1.55","192.168.1.2","TCP","1514","8004  >  36956 [ACK] Seq=139398 Ack=144 Win=65024 Len=1448 TSval=2916042537 TSecr=3045562310 [TCP segment of a reassembled PDU]"
"68682","38.456506561","192.168.1.55","192.168.1.2","TCP","1514","8004  >  36956 [ACK] Seq=140846 Ack=144 Win=65024 Len=1448 TSval=2916042537 TSecr=3045562310 [TCP segment of a reassembled PDU]"
"68683","38.456507987","192.168.1.55","192.168.1.2","TCP","1514","8004  >  36956 [ACK] Seq=142294 Ack=144 Win=65024 Len=1448 TSval=2916042537 TSecr=3045562310 [TCP segment of a reassembled PDU]"
"68684","38.456509765","192.168.1.55","192.168.1.2","TCP","1514","8004  >  36956 [ACK] Seq=143742 Ack=144 Win=65024 Len=1448 TSval=2916042537 TSecr=3045562310 [TCP segment of a reassembled PDU]"
"68685","38.456511395","192.168.1.55","192.168.1.2","TCP","1514","8004  >  36956 [ACK] Seq=145190 Ack=144 Win=65024 Len=1448 TSval=2916042537 TSecr=3045562310 [TCP segment of a reassembled PDU]"
"68686","38.456512432","192.168.1.55","192.168.1.2","TCP","1514","8004  >  36956 [ACK] Seq=146638 Ack=144 Win=65024 Len=1448 TSval=2916042537 TSecr=3045562310 [TCP segment of a reassembled PDU]"
"68687","38.456514339","192.168.1.55","192.168.1.2","TCP","1514","8004  >  36956 [ACK] Seq=148086 Ack=144 Win=65024 Len=1448 TSval=2916042537 TSecr=3045562310 [TCP segment of a reassembled PDU]"
"68688","38.456515413","192.168.1.55","192.168.1.2","TCP","1514","8004  >  36956 [ACK] Seq=149534 Ack=144 Win=65024 Len=1448 TSval=2916042537 TSecr=3045562310 [TCP segment of a reassembled PDU]"
"68689","38.456517728","192.168.1.55","192.168.1.2","TCP","1514","8004  >  36956 [ACK] Seq=150982 Ack=144 Win=65024 Len=1448 TSval=2916042537 TSecr=3045562310 [TCP segment of a reassembled PDU]"
"68690","38.456518932","192.168.1.55","192.168.1.2","TCP","1514","8004  >  36956 [ACK] Seq=152430 Ack=144 Win=65024 Len=1448 TSval=2916042537 TSecr=3045562310 [TCP segment of a reassembled PDU]"
"68691","38.456520099","192.168.1.55","192.168.1.2","TCP","1514","8004  >  36956 [ACK] Seq=153878 Ack=144 Win=65024 Len=1448 TSval=2916042537 TSecr=3045562310 [TCP segment of a reassembled PDU]"
"68692","38.456522858","192.168.1.55","192.168.1.2","TCP","1514","8004  >  36956 [PSH, ACK] Seq=155326 Ack=144 Win=65024 Len=1448 TSval=2916042537 TSecr=3045562310 [TCP segment of a reassembled PDU]"
"68693","38.456530710","192.168.1.55","192.168.1.2","TCP","1314","8004  >  36956 [ACK] Seq=156774 Ack=144 Win=65024 Len=1248 TSval=2916042537 TSecr=3045562310 [TCP segment of a reassembled PDU]"
"68694","38.456577469","192.168.1.55","192.168.1.2","TCP","1514","8004  >  36956 [ACK] Seq=158022 Ack=144 Win=65024 Len=1448 TSval=2916042537 TSecr=3045562310 [TCP segment of a reassembled PDU]"
"68695","38.456579136","192.168.1.55","192.168.1.2","TCP","1514","8004  >  36956 [ACK] Seq=159470 Ack=144 Win=65024 Len=1448 TSval=2916042537 TSecr=3045562310 [TCP segment of a reassembled PDU]"
"68696","38.456580191","192.168.1.55","192.168.1.2","TCP","1514","8004  >  36956 [ACK] Seq=160918 Ack=144 Win=65024 Len=1448 TSval=2916042537 TSecr=3045562310 [TCP segment of a reassembled PDU]"
"68697","38.456581210","192.168.1.55","192.168.1.2","TCP","1514","8004  >  36956 [ACK] Seq=162366 Ack=144 Win=65024 Len=1448 TSval=2916042537 TSecr=3045562310 [TCP segment of a reassembled PDU]"
"68698","38.456582154","192.168.1.55","192.168.1.2","TCP","1514","8004  >  36956 [ACK] Seq=163814 Ack=144 Win=65024 Len=1448 TSval=2916042537 TSecr=3045562310 [TCP segment of a reassembled PDU]"
"68699","38.456583228","192.168.1.55","192.168.1.2","TCP","1514","8004  >  36956 [ACK] Seq=165262 Ack=144 Win=65024 Len=1448 TSval=2916042537 TSecr=3045562310 [TCP segment of a reassembled PDU]"
"68700","38.456584506","192.168.1.55","192.168.1.2","TCP","1514","8004  >  36956 [ACK] Seq=166710 Ack=144 Win=65024 Len=1448 TSval=2916042537 TSecr=3045562310 [TCP segment of a reassembled PDU]"
"68701","38.456585450","192.168.1.55","192.168.1.2","TCP","1514","8004  >  36956 [ACK] Seq=168158 Ack=144 Win=65024 Len=1448 TSval=2916042537 TSecr=3045562310 [TCP segment of a reassembled PDU]"
"68702","38.456586580","192.168.1.55","192.168.1.2","TCP","1514","8004  >  36956 [ACK] Seq=169606 Ack=144 Win=65024 Len=1448 TSval=2916042537 TSecr=3045562310 [TCP segment of a reassembled PDU]"
"68703","38.456587580","192.168.1.55","192.168.1.2","TCP","1514","8004  >  36956 [ACK] Seq=171054 Ack=144 Win=65024 Len=1448 TSval=2916042537 TSecr=3045562310 [TCP segment of a reassembled PDU]"
"68704","38.456588765","192.168.1.55","192.168.1.2","TCP","1514","8004  >  36956 [ACK] Seq=172502 Ack=144 Win=65024 Len=1448 TSval=2916042537 TSecr=3045562310 [TCP segment of a reassembled PDU]"
"68705","38.456589784","192.168.1.55","192.168.1.2","TCP","1514","8004  >  36956 [ACK] Seq=173950 Ack=144 Win=65024 Len=1448 TSval=2916042537 TSecr=3045562310 [TCP segment of a reassembled PDU]"
"68706","38.456590858","192.168.1.55","192.168.1.2","TCP","1514","8004  >  36956 [ACK] Seq=175398 Ack=144 Win=65024 Len=1448 TSval=2916042537 TSecr=3045562310 [TCP segment of a reassembled PDU]"
"68707","38.456592043","192.168.1.55","192.168.1.2","TCP","1514","8004  >  36956 [ACK] Seq=176846 Ack=144 Win=65024 Len=1448 TSval=2916042537 TSecr=3045562310 [TCP segment of a reassembled PDU]"
"68708","38.456593525","192.168.1.55","192.168.1.2","TCP","1514","8004  >  36956 [ACK] Seq=178294 Ack=144 Win=65024 Len=1448 TSval=2916042537 TSecr=3045562310 [TCP segment of a reassembled PDU]"
"68709","38.456594599","192.168.1.55","192.168.1.2","TCP","1514","8004  >  36956 [PSH, ACK] Seq=179742 Ack=144 Win=65024 Len=1448 TSval=2916042537 TSecr=3045562310 [TCP segment of a reassembled PDU]"
"68710","38.469108323","192.168.1.2","192.168.1.55","TCP","66","36956  >  8004 [ACK] Seq=144 Ack=105894 Win=86016 Len=0 TSval=3045562317 TSecr=2916042536"
"68711","38.469162063","192.168.1.55","192.168.1.2","TCP","1514","8004  >  36956 [ACK] Seq=181190 Ack=144 Win=65024 Len=1448 TSval=2916042549 TSecr=3045562317 [TCP segment of a reassembled PDU]"
"68712","38.469166712","192.168.1.55","192.168.1.2","TCP","1514","8004  >  36956 [ACK] Seq=182638 Ack=144 Win=65024 Len=1448 TSval=2916042549 TSecr=3045562317 [TCP segment of a reassembled PDU]"
"68713","38.469168045","192.168.1.55","192.168.1.2","TCP","1514","8004  >  36956 [ACK] Seq=184086 Ack=144 Win=65024 Len=1448 TSval=2916042549 TSecr=3045562317 [TCP segment of a reassembled PDU]"
"68714","38.469169397","192.168.1.55","192.168.1.2","TCP","1514","8004  >  36956 [ACK] Seq=185534 Ack=144 Win=65024 Len=1448 TSval=2916042549 TSecr=3045562317 [TCP segment of a reassembled PDU]"
"68715","38.469170508","192.168.1.55","192.168.1.2","TCP","1514","8004  >  36956 [ACK] Seq=186982 Ack=144 Win=65024 Len=1448 TSval=2916042549 TSecr=3045562317 [TCP segment of a reassembled PDU]"
"68716","38.469171952","192.168.1.55","192.168.1.2","TCP","1514","8004  >  36956 [ACK] Seq=188430 Ack=144 Win=65024 Len=1448 TSval=2916042549 TSecr=3045562317 [TCP segment of a reassembled PDU]"
"68717","38.469173101","192.168.1.55","192.168.1.2","TCP","1514","8004  >  36956 [PSH, ACK] Seq=189878 Ack=144 Win=65024 Len=1448 TSval=2916042549 TSecr=3045562317 [TCP segment of a reassembled PDU]"
"68718","38.469234082","192.168.1.2","192.168.1.55","TCP","66","36956  >  8004 [ACK] Seq=144 Ack=117478 Win=100352 Len=0 TSval=3045562317 TSecr=2916042537"
"68719","38.469252101","192.168.1.55","192.168.1.2","TCP","1514","8004  >  36956 [ACK] Seq=191326 Ack=144 Win=65024 Len=1448 TSval=2916042549 TSecr=3045562317 [TCP segment of a reassembled PDU]"
"68720","38.469253693","192.168.1.55","192.168.1.2","TCP","1514","8004  >  36956 [ACK] Seq=192774 Ack=144 Win=65024 Len=1448 TSval=2916042549 TSecr=3045562317 [TCP segment of a reassembled PDU]"
"68721","38.469254786","192.168.1.55","192.168.1.2","TCP","1514","8004  >  36956 [ACK] Seq=194222 Ack=144 Win=65024 Len=1448 TSval=2916042549 TSecr=3045562317 [TCP segment of a reassembled PDU]"
"68722","38.469255971","192.168.1.55","192.168.1.2","TCP","1514","8004  >  36956 [ACK] Seq=195670 Ack=144 Win=65024 Len=1448 TSval=2916042549 TSecr=3045562317 [TCP segment of a reassembled PDU]"
"68723","38.469257082","192.168.1.55","192.168.1.2","TCP","1514","8004  >  36956 [ACK] Seq=197118 Ack=144 Win=65024 Len=1448 TSval=2916042549 TSecr=3045562317 [TCP segment of a reassembled PDU]"
"68724","38.469258267","192.168.1.55","192.168.1.2","TCP","1514","8004  >  36956 [ACK] Seq=198566 Ack=144 Win=65024 Len=1448 TSval=2916042549 TSecr=3045562317 [TCP segment of a reassembled PDU]"
"68725","38.469259378","192.168.1.55","192.168.1.2","TCP","1514","8004  >  36956 [ACK] Seq=200014 Ack=144 Win=65024 Len=1448 TSval=2916042549 TSecr=3045562317 [TCP segment of a reassembled PDU]"
"68726","38.469260490","192.168.1.55","192.168.1.2","TCP","1514","8004  >  36956 [PSH, ACK] Seq=201462 Ack=144 Win=65024 Len=1448 TSval=2916042549 TSecr=3045562317 [TCP segment of a reassembled PDU]"
"68727","38.469264360","192.168.1.2","192.168.1.55","TCP","66","36956  >  8004 [ACK] Seq=144 Ack=139398 Win=90112 Len=0 TSval=3045562317 TSecr=2916042537"
"68728","38.469272990","192.168.1.2","192.168.1.55","TCP","66","36956  >  8004 [ACK] Seq=144 Ack=156774 Win=105472 Len=0 TSval=3045562317 TSecr=2916042537"
"68729","38.469319249","192.168.1.55","192.168.1.2","TCP","1514","8004  >  36956 [ACK] Seq=202910 Ack=144 Win=65024 Len=1448 TSval=2916042549 TSecr=3045562317 [TCP segment of a reassembled PDU]"
"68730","38.469321286","192.168.1.55","192.168.1.2","TCP","1514","8004  >  36956 [ACK] Seq=204358 Ack=144 Win=65024 Len=1448 TSval=2916042549 TSecr=3045562317 [TCP segment of a reassembled PDU]"
"68731","38.469322434","192.168.1.55","192.168.1.2","TCP","1514","8004  >  36956 [ACK] Seq=205806 Ack=144 Win=65024 Len=1448 TSval=2916042549 TSecr=3045562317 [TCP segment of a reassembled PDU]"
"68732","38.469323545","192.168.1.55","192.168.1.2","TCP","1514","8004  >  36956 [ACK] Seq=207254 Ack=144 Win=65024 Len=1448 TSval=2916042549 TSecr=3045562317 [TCP segment of a reassembled PDU]"
"68733","38.469324823","192.168.1.55","192.168.1.2","TCP","1514","8004  >  36956 [ACK] Seq=208702 Ack=144 Win=65024 Len=1448 TSval=2916042549 TSecr=3045562317 [TCP segment of a reassembled PDU]"
"68734","38.469326027","192.168.1.55","192.168.1.2","TCP","1514","8004  >  36956 [ACK] Seq=210150 Ack=144 Win=65024 Len=1448 TSval=2916042549 TSecr=3045562317 [TCP segment of a reassembled PDU]"
"68735","38.469327138","192.168.1.55","192.168.1.2","TCP","1514","8004  >  36956 [ACK] Seq=211598 Ack=144 Win=65024 Len=1448 TSval=2916042549 TSecr=3045562317 [TCP segment of a reassembled PDU]"
"68736","38.469328397","192.168.1.55","192.168.1.2","TCP","1514","8004  >  36956 [ACK] Seq=213046 Ack=144 Win=65024 Len=1448 TSval=2916042549 TSecr=3045562317 [TCP segment of a reassembled PDU]"
"68737","38.469329471","192.168.1.55","192.168.1.2","TCP","1514","8004  >  36956 [ACK] Seq=214494 Ack=144 Win=65024 Len=1448 TSval=2916042549 TSecr=3045562317 [TCP segment of a reassembled PDU]"
"68738","38.469330638","192.168.1.55","192.168.1.2","TCP","1514","8004  >  36956 [ACK] Seq=215942 Ack=144 Win=65024 Len=1448 TSval=2916042549 TSecr=3045562317 [TCP segment of a reassembled PDU]"
"68739","38.469332360","192.168.1.55","192.168.1.2","TCP","1514","8004  >  36956 [ACK] Seq=217390 Ack=144 Win=65024 Len=1448 TSval=2916042549 TSecr=3045562317 [TCP segment of a reassembled PDU]"
"68740","38.469333453","192.168.1.55","192.168.1.2","TCP","1514","8004  >  36956 [ACK] Seq=218838 Ack=144 Win=65024 Len=1448 TSval=2916042549 TSecr=3045562317 [TCP segment of a reassembled PDU]"
"68741","38.469334545","192.168.1.55","192.168.1.2","TCP","1514","8004  >  36956 [ACK] Seq=220286 Ack=144 Win=65024 Len=1448 TSval=2916042549 TSecr=3045562317 [TCP segment of a reassembled PDU]"
"68742","38.469335804","192.168.1.55","192.168.1.2","TCP","1514","8004  >  36956 [ACK] Seq=221734 Ack=144 Win=65024 Len=1448 TSval=2916042549 TSecr=3045562317 [TCP segment of a reassembled PDU]"
"68743","38.469336953","192.168.1.55","192.168.1.2","TCP","1514","8004  >  36956 [ACK] Seq=223182 Ack=144 Win=65024 Len=1448 TSval=2916042549 TSecr=3045562317 [TCP segment of a reassembled PDU]"
"68744","38.469338286","192.168.1.55","192.168.1.2","TCP","1514","8004  >  36956 [ACK] Seq=224630 Ack=144 Win=65024 Len=1448 TSval=2916042549 TSecr=3045562317 [TCP segment of a reassembled PDU]"
"68745","38.469339490","192.168.1.55","192.168.1.2","TCP","1514","8004  >  36956 [ACK] Seq=226078 Ack=144 Win=65024 Len=1448 TSval=2916042549 TSecr=3045562317 [TCP segment of a reassembled PDU]"
"68746","38.469340693","192.168.1.55","192.168.1.2","TCP","1514","8004  >  36956 [ACK] Seq=227526 Ack=144 Win=65024 Len=1448 TSval=2916042549 TSecr=3045562317 [TCP segment of a reassembled PDU]"
"68747","38.469341934","192.168.1.55","192.168.1.2","TCP","1514","8004  >  36956 [ACK] Seq=228974 Ack=144 Win=65024 Len=1448 TSval=2916042549 TSecr=3045562317 [TCP segment of a reassembled PDU]"
"68748","38.469343082","192.168.1.55","192.168.1.2","TCP","1514","8004  >  36956 [ACK] Seq=230422 Ack=144 Win=65024 Len=1448 TSval=2916042549 TSecr=3045562317 [TCP segment of a reassembled PDU]"
"68749","38.469344545","192.168.1.55","192.168.1.2","TCP","1514","8004  >  36956 [ACK] Seq=231870 Ack=144 Win=65024 Len=1448 TSval=2916042549 TSecr=3045562317 [TCP segment of a reassembled PDU]"
"68750","38.469345805","192.168.1.55","192.168.1.2","TCP","1514","8004  >  36956 [ACK] Seq=233318 Ack=144 Win=65024 Len=1448 TSval=2916042549 TSecr=3045562317 [TCP segment of a reassembled PDU]"
"68751","38.469347230","192.168.1.55","192.168.1.2","TCP","1514","8004  >  36956 [ACK] Seq=234766 Ack=144 Win=65024 Len=1448 TSval=2916042549 TSecr=3045562317 [TCP segment of a reassembled PDU]"
"68752","38.469348471","192.168.1.55","192.168.1.2","TCP","1514","8004  >  36956 [ACK] Seq=236214 Ack=144 Win=65024 Len=1448 TSval=2916042549 TSecr=3045562317 [TCP segment of a reassembled PDU]"
"68753","38.469349675","192.168.1.55","192.168.1.2","TCP","1514","8004  >  36956 [ACK] Seq=237662 Ack=144 Win=65024 Len=1448 TSval=2916042549 TSecr=3045562317 [TCP segment of a reassembled PDU]"
"68754","38.469350897","192.168.1.55","192.168.1.2","TCP","1514","8004  >  36956 [ACK] Seq=239110 Ack=144 Win=65024 Len=1448 TSval=2916042549 TSecr=3045562317 [TCP segment of a reassembled PDU]"
"68755","38.469352027","192.168.1.55","192.168.1.2","TCP","1514","8004  >  36956 [ACK] Seq=240558 Ack=144 Win=65024 Len=1448 TSval=2916042549 TSecr=3045562317 [TCP segment of a reassembled PDU]"
"68756","38.469353267","192.168.1.55","192.168.1.2","TCP","1514","8004  >  36956 [ACK] Seq=242006 Ack=144 Win=65024 Len=1448 TSval=2916042549 TSecr=3045562317 [TCP segment of a reassembled PDU]"
"68757","38.469354527","192.168.1.55","192.168.1.2","TCP","1514","8004  >  36956 [ACK] Seq=243454 Ack=144 Win=65024 Len=1448 TSval=2916042549 TSecr=3045562317 [TCP segment of a reassembled PDU]"
"68758","38.469355656","192.168.1.55","192.168.1.2","TCP","1514","8004  >  36956 [ACK] Seq=244902 Ack=144 Win=65024 Len=1448 TSval=2916042549 TSecr=3045562317 [TCP segment of a reassembled PDU]"
"68759","38.469356842","192.168.1.55","192.168.1.2","TCP","1514","8004  >  36956 [PSH, ACK] Seq=246350 Ack=144 Win=65024 Len=1448 TSval=2916042549 TSecr=3045562317 [TCP segment of a reassembled PDU]"
"68760","38.469431675","192.168.1.2","192.168.1.55","TCP","66","36956  >  8004 [ACK] Seq=144 Ack=158022 Win=108544 Len=0 TSval=3045562317 TSecr=2916042537"
"68761","38.469440101","192.168.1.2","192.168.1.55","TCP","66","36956  >  8004 [ACK] Seq=144 Ack=168158 Win=108544 Len=0 TSval=3045562317 TSecr=2916042537"
"68762","38.473592571","192.168.1.2","192.168.1.55","TCP","66","36956  >  8004 [ACK] Seq=144 Ack=181190 Win=107520 Len=0 TSval=3045562325 TSecr=2916042537"
"68763","38.473625700","192.168.1.55","192.168.1.2","TCP","1514","8004  >  36956 [ACK] Seq=247798 Ack=144 Win=65024 Len=1448 TSval=2916042554 TSecr=3045562325 [TCP segment of a reassembled PDU]"
"68764","38.473628645","192.168.1.55","192.168.1.2","TCP","1514","8004  >  36956 [ACK] Seq=249246 Ack=144 Win=65024 Len=1448 TSval=2916042554 TSecr=3045562325 [TCP segment of a reassembled PDU]"
"68765","38.473629923","192.168.1.55","192.168.1.2","TCP","1514","8004  >  36956 [ACK] Seq=250694 Ack=144 Win=65024 Len=1448 TSval=2916042554 TSecr=3045562325 [TCP segment of a reassembled PDU]"
"68766","38.473631163","192.168.1.55","192.168.1.2","TCP","1514","8004  >  36956 [ACK] Seq=252142 Ack=144 Win=65024 Len=1448 TSval=2916042554 TSecr=3045562325 [TCP segment of a reassembled PDU]"
"68767","38.473632460","192.168.1.55","192.168.1.2","TCP","1514","8004  >  36956 [ACK] Seq=253590 Ack=144 Win=65024 Len=1448 TSval=2916042554 TSecr=3045562325 [TCP segment of a reassembled PDU]"
"68768","38.473633700","192.168.1.55","192.168.1.2","TCP","1514","8004  >  36956 [ACK] Seq=255038 Ack=144 Win=65024 Len=1448 TSval=2916042554 TSecr=3045562325 [TCP segment of a reassembled PDU]"
"68769","38.473634941","192.168.1.55","192.168.1.2","TCP","1514","8004  >  36956 [ACK] Seq=256486 Ack=144 Win=65024 Len=1448 TSval=2916042554 TSecr=3045562325 [TCP segment of a reassembled PDU]"
"68770","38.473636163","192.168.1.55","192.168.1.2","TCP","1514","8004  >  36956 [ACK] Seq=257934 Ack=144 Win=65024 Len=1448 TSval=2916042554 TSecr=3045562325 [TCP segment of a reassembled PDU]"
"68771","38.473637349","192.168.1.55","192.168.1.2","TCP","1514","8004  >  36956 [ACK] Seq=259382 Ack=144 Win=65024 Len=1448 TSval=2916042554 TSecr=3045562325 [TCP segment of a reassembled PDU]"
"68772","38.473638441","192.168.1.55","192.168.1.2","TCP","1514","8004  >  36956 [ACK] Seq=260830 Ack=144 Win=65024 Len=1448 TSval=2916042554 TSecr=3045562325 [TCP segment of a reassembled PDU]"
"68773","38.473639552","192.168.1.55","192.168.1.2","TCP","1514","8004  >  36956 [ACK] Seq=262278 Ack=144 Win=65024 Len=1448 TSval=2916042554 TSecr=3045562325 [TCP segment of a reassembled PDU]"
"68774","38.473640830","192.168.1.55","192.168.1.2","TCP","1514","8004  >  36956 [ACK] Seq=263726 Ack=144 Win=65024 Len=1448 TSval=2916042554 TSecr=3045562325 [TCP segment of a reassembled PDU]"
"68775","38.473642108","192.168.1.55","192.168.1.2","TCP","1514","8004  >  36956 [ACK] Seq=265174 Ack=144 Win=65024 Len=1448 TSval=2916042554 TSecr=3045562325 [TCP segment of a reassembled PDU]"
"68776","38.473643571","192.168.1.55","192.168.1.2","TCP","1514","8004  >  36956 [ACK] Seq=266622 Ack=144 Win=65024 Len=1448 TSval=2916042554 TSecr=3045562325 [TCP segment of a reassembled PDU]"
"68777","38.473644774","192.168.1.55","192.168.1.2","TCP","1514","8004  >  36956 [ACK] Seq=268070 Ack=144 Win=65024 Len=1448 TSval=2916042554 TSecr=3045562325 [TCP segment of a reassembled PDU]"
"68778","38.473646034","192.168.1.55","192.168.1.2","TCP","1514","8004  >  36956 [ACK] Seq=269518 Ack=144 Win=65024 Len=1448 TSval=2916042554 TSecr=3045562325 [TCP segment of a reassembled PDU]"
"68779","38.473647108","192.168.1.55","192.168.1.2","TCP","1514","8004  >  36956 [ACK] Seq=270966 Ack=144 Win=65024 Len=1448 TSval=2916042554 TSecr=3045562325 [TCP segment of a reassembled PDU]"
"68780","38.473648330","192.168.1.55","192.168.1.2","TCP","1514","8004  >  36956 [ACK] Seq=272414 Ack=144 Win=65024 Len=1448 TSval=2916042554 TSecr=3045562325 [TCP segment of a reassembled PDU]"
"68781","38.473649441","192.168.1.55","192.168.1.2","TCP","1514","8004  >  36956 [ACK] Seq=273862 Ack=144 Win=65024 Len=1448 TSval=2916042554 TSecr=3045562325 [TCP segment of a reassembled PDU]"
"68782","38.473650682","192.168.1.55","192.168.1.2","TCP","1514","8004  >  36956 [ACK] Seq=275310 Ack=144 Win=65024 Len=1448 TSval=2916042554 TSecr=3045562325 [TCP segment of a reassembled PDU]"
"68783","38.473651886","192.168.1.55","192.168.1.2","TCP","1514","8004  >  36956 [ACK] Seq=276758 Ack=144 Win=65024 Len=1448 TSval=2916042554 TSecr=3045562325 [TCP segment of a reassembled PDU]"
"68784","38.473653052","192.168.1.55","192.168.1.2","TCP","1514","8004  >  36956 [ACK] Seq=278206 Ack=144 Win=65024 Len=1448 TSval=2916042554 TSecr=3045562325 [TCP segment of a reassembled PDU]"
"68785","38.473654367","192.168.1.55","192.168.1.2","TCP","1514","8004  >  36956 [ACK] Seq=279654 Ack=144 Win=65024 Len=1448 TSval=2916042554 TSecr=3045562325 [TCP segment of a reassembled PDU]"
"68786","38.473655645","192.168.1.55","192.168.1.2","TCP","1514","8004  >  36956 [ACK] Seq=281102 Ack=144 Win=65024 Len=1448 TSval=2916042554 TSecr=3045562325 [TCP segment of a reassembled PDU]"
"68787","38.473656737","192.168.1.55","192.168.1.2","TCP","1514","8004  >  36956 [ACK] Seq=282550 Ack=144 Win=65024 Len=1448 TSval=2916042554 TSecr=3045562325 [TCP segment of a reassembled PDU]"
"68788","38.473658330","192.168.1.55","192.168.1.2","TCP","1514","8004  >  36956 [ACK] Seq=283998 Ack=144 Win=65024 Len=1448 TSval=2916042554 TSecr=3045562325 [TCP segment of a reassembled PDU]"
"68789","38.473659552","192.168.1.55","192.168.1.2","TCP","1514","8004  >  36956 [ACK] Seq=285446 Ack=144 Win=65024 Len=1448 TSval=2916042554 TSecr=3045562325 [TCP segment of a reassembled PDU]"
"68790","38.473660645","192.168.1.55","192.168.1.2","TCP","1514","8004  >  36956 [ACK] Seq=286894 Ack=144 Win=65024 Len=1448 TSval=2916042554 TSecr=3045562325 [TCP segment of a reassembled PDU]"
"68791","38.473661867","192.168.1.55","192.168.1.2","TCP","434","[TCP Window Full] 8004  >  36956 [PSH, ACK] Seq=288342 Ack=144 Win=65024 Len=368 TSval=2916042554 TSecr=3045562325 [TCP segment of a reassembled PDU]"
"68792","38.476974354","192.168.1.2","192.168.1.55","TCP","66","36956  >  8004 [ACK] Seq=144 Ack=191326 Win=110592 Len=0 TSval=3045562329 TSecr=2916042549"
"68793","38.476984558","192.168.1.55","192.168.1.2","TCP","1514","8004  >  36956 [ACK] Seq=288710 Ack=144 Win=65024 Len=1448 TSval=2916042557 TSecr=3045562329 [TCP segment of a reassembled PDU]"
"68794","38.476986502","192.168.1.55","192.168.1.2","TCP","1514","8004  >  36956 [PSH, ACK] Seq=290158 Ack=144 Win=65024 Len=1448 TSval=2916042557 TSecr=3045562329 [TCP segment of a reassembled PDU]"
"68795","38.476991076","192.168.1.55","192.168.1.2","TCP","1146","8004  >  36956 [ACK] Seq=291606 Ack=144 Win=65024 Len=1080 TSval=2916042557 TSecr=3045562329 [TCP segment of a reassembled PDU]"
"68796","38.477212910","192.168.1.2","192.168.1.55","TCP","66","36956  >  8004 [ACK] Seq=144 Ack=202910 Win=99328 Len=0 TSval=3045562329 TSecr=2916042549"
"68797","38.477219595","192.168.1.2","192.168.1.55","TCP","66","36956  >  8004 [ACK] Seq=144 Ack=242006 Win=83968 Len=0 TSval=3045562329 TSecr=2916042549"
"68798","38.477240521","192.168.1.55","192.168.1.2","TCP","1514","8004  >  36956 [ACK] Seq=292686 Ack=144 Win=65024 Len=1448 TSval=2916042557 TSecr=3045562329 [TCP segment of a reassembled PDU]"
"68799","38.477242614","192.168.1.55","192.168.1.2","TCP","1514","8004  >  36956 [ACK] Seq=294134 Ack=144 Win=65024 Len=1448 TSval=2916042557 TSecr=3045562329 [TCP segment of a reassembled PDU]"
"68800","38.477243780","192.168.1.55","192.168.1.2","TCP","1514","8004  >  36956 [ACK] Seq=295582 Ack=144 Win=65024 Len=1448 TSval=2916042557 TSecr=3045562329 [TCP segment of a reassembled PDU]"
"68801","38.477244873","192.168.1.55","192.168.1.2","TCP","1514","8004  >  36956 [ACK] Seq=297030 Ack=144 Win=65024 Len=1448 TSval=2916042557 TSecr=3045562329 [TCP segment of a reassembled PDU]"
"68802","38.477246040","192.168.1.55","192.168.1.2","TCP","1514","8004  >  36956 [ACK] Seq=298478 Ack=144 Win=65024 Len=1448 TSval=2916042557 TSecr=3045562329 [TCP segment of a reassembled PDU]"
"68803","38.477247280","192.168.1.55","192.168.1.2","TCP","1514","8004  >  36956 [ACK] Seq=299926 Ack=144 Win=65024 Len=1448 TSval=2916042557 TSecr=3045562329 [TCP segment of a reassembled PDU]"
"68804","38.477248465","192.168.1.55","192.168.1.2","TCP","1514","8004  >  36956 [ACK] Seq=301374 Ack=144 Win=65024 Len=1448 TSval=2916042557 TSecr=3045562329 [TCP segment of a reassembled PDU]"
"68805","38.477249540","192.168.1.55","192.168.1.2","TCP","1514","8004  >  36956 [ACK] Seq=302822 Ack=144 Win=65024 Len=1448 TSval=2916042557 TSecr=3045562329 [TCP segment of a reassembled PDU]"
"68806","38.477250632","192.168.1.55","192.168.1.2","TCP","1514","8004  >  36956 [ACK] Seq=304270 Ack=144 Win=65024 Len=1448 TSval=2916042557 TSecr=3045562329 [TCP segment of a reassembled PDU]"
"68807","38.477252114","192.168.1.55","192.168.1.2","TCP","1514","8004  >  36956 [ACK] Seq=305718 Ack=144 Win=65024 Len=1448 TSval=2916042557 TSecr=3045562329 [TCP segment of a reassembled PDU]"
"68808","38.477253188","192.168.1.55","192.168.1.2","TCP","1514","8004  >  36956 [ACK] Seq=307166 Ack=144 Win=65024 Len=1448 TSval=2916042557 TSecr=3045562329 [TCP segment of a reassembled PDU]"
"68809","38.477254299","192.168.1.55","192.168.1.2","TCP","1514","8004  >  36956 [ACK] Seq=308614 Ack=144 Win=65024 Len=1448 TSval=2916042557 TSecr=3045562329 [TCP segment of a reassembled PDU]"
"68810","38.477255391","192.168.1.55","192.168.1.2","TCP","1514","8004  >  36956 [ACK] Seq=310062 Ack=144 Win=65024 Len=1448 TSval=2916042557 TSecr=3045562329 [TCP segment of a reassembled PDU]"
"68811","38.477256503","192.168.1.55","192.168.1.2","TCP","1514","8004  >  36956 [ACK] Seq=311510 Ack=144 Win=65024 Len=1448 TSval=2916042557 TSecr=3045562329 [TCP segment of a reassembled PDU]"
"68812","38.477258188","192.168.1.55","192.168.1.2","TCP","1514","8004  >  36956 [ACK] Seq=312958 Ack=144 Win=65024 Len=1448 TSval=2916042557 TSecr=3045562329 [TCP segment of a reassembled PDU]"
"68813","38.477259262","192.168.1.55","192.168.1.2","TCP","1514","8004  >  36956 [ACK] Seq=314406 Ack=144 Win=65024 Len=1448 TSval=2916042557 TSecr=3045562329 [TCP segment of a reassembled PDU]"
"68814","38.477260465","192.168.1.55","192.168.1.2","TCP","1514","8004  >  36956 [ACK] Seq=315854 Ack=144 Win=65024 Len=1448 TSval=2916042557 TSecr=3045562329 [TCP segment of a reassembled PDU]"
"68815","38.477261595","192.168.1.55","192.168.1.2","TCP","1514","8004  >  36956 [ACK] Seq=317302 Ack=144 Win=65024 Len=1448 TSval=2916042557 TSecr=3045562329 [TCP segment of a reassembled PDU]"
"68816","38.477262706","192.168.1.55","192.168.1.2","TCP","1514","8004  >  36956 [ACK] Seq=318750 Ack=144 Win=65024 Len=1448 TSval=2916042557 TSecr=3045562329 [TCP segment of a reassembled PDU]"
"68817","38.477263873","192.168.1.55","192.168.1.2","TCP","1514","8004  >  36956 [ACK] Seq=320198 Ack=144 Win=65024 Len=1448 TSval=2916042557 TSecr=3045562329 [TCP segment of a reassembled PDU]"
"68818","38.477264947","192.168.1.55","192.168.1.2","TCP","1514","8004  >  36956 [ACK] Seq=321646 Ack=144 Win=65024 Len=1448 TSval=2916042557 TSecr=3045562329 [TCP segment of a reassembled PDU]"
"68819","38.477266040","192.168.1.55","192.168.1.2","TCP","1514","8004  >  36956 [PSH, ACK] Seq=323094 Ack=144 Win=65024 Len=1448 TSval=2916042557 TSecr=3045562329 [TCP segment of a reassembled PDU]"
"68820","38.478128097","192.168.1.2","192.168.1.55","TCP","66","36956  >  8004 [ACK] Seq=144 Ack=247798 Win=112640 Len=0 TSval=3045562330 TSecr=2916042549"
"68821","38.478141319","192.168.1.55","192.168.1.2","TCP","1514","8004  >  36956 [ACK] Seq=324542 Ack=144 Win=65024 Len=1448 TSval=2916042558 TSecr=3045562330 [TCP segment of a reassembled PDU]"
"68822","38.478142726","192.168.1.55","192.168.1.2","TCP","1514","8004  >  36956 [ACK] Seq=325990 Ack=144 Win=65024 Len=1448 TSval=2916042558 TSecr=3045562330 [TCP segment of a reassembled PDU]"
"68823","38.478143911","192.168.1.55","192.168.1.2","TCP","1514","8004  >  36956 [ACK] Seq=327438 Ack=144 Win=65024 Len=1448 TSval=2916042558 TSecr=3045562330 [TCP segment of a reassembled PDU]"
"68824","38.478145097","192.168.1.55","192.168.1.2","TCP","1514","8004  >  36956 [ACK] Seq=328886 Ack=144 Win=65024 Len=1448 TSval=2916042558 TSecr=3045562330 [TCP segment of a reassembled PDU]"
"68825","38.478146208","192.168.1.55","192.168.1.2","TCP","1514","8004  >  36956 [ACK] Seq=330334 Ack=144 Win=65024 Len=1448 TSval=2916042558 TSecr=3045562330 [TCP segment of a reassembled PDU]"
"68826","38.478147374","192.168.1.55","192.168.1.2","TCP","1514","8004  >  36956 [ACK] Seq=331782 Ack=144 Win=65024 Len=1448 TSval=2916042558 TSecr=3045562330 [TCP segment of a reassembled PDU]"
"68827","38.478148467","192.168.1.55","192.168.1.2","TCP","1514","8004  >  36956 [ACK] Seq=333230 Ack=144 Win=65024 Len=1448 TSval=2916042558 TSecr=3045562330 [TCP segment of a reassembled PDU]"
"68828","38.478149819","192.168.1.55","192.168.1.2","TCP","1514","8004  >  36956 [ACK] Seq=334678 Ack=144 Win=65024 Len=1448 TSval=2916042558 TSecr=3045562330 [TCP segment of a reassembled PDU]"
"68829","38.478151004","192.168.1.55","192.168.1.2","TCP","1514","8004  >  36956 [PSH, ACK] Seq=336126 Ack=144 Win=65024 Len=1448 TSval=2916042558 TSecr=3045562330 [TCP segment of a reassembled PDU]"
"68830","38.478165763","192.168.1.55","192.168.1.2","TCP","1514","8004  >  36956 [ACK] Seq=337574 Ack=144 Win=65024 Len=1448 TSval=2916042558 TSecr=3045562330 [TCP segment of a reassembled PDU]"
"68831","38.478167078","192.168.1.55","192.168.1.2","TCP","1514","8004  >  36956 [ACK] Seq=339022 Ack=144 Win=65024 Len=1448 TSval=2916042558 TSecr=3045562330 [TCP segment of a reassembled PDU]"
"68832","38.478168171","192.168.1.55","192.168.1.2","TCP","1514","8004  >  36956 [ACK] Seq=340470 Ack=144 Win=65024 Len=1448 TSval=2916042558 TSecr=3045562330 [TCP segment of a reassembled PDU]"
"68833","38.478169356","192.168.1.55","192.168.1.2","TCP","1514","8004  >  36956 [ACK] Seq=341918 Ack=144 Win=65024 Len=1448 TSval=2916042558 TSecr=3045562330 [TCP segment of a reassembled PDU]"
"68834","38.478170578","192.168.1.55","192.168.1.2","TCP","1514","8004  >  36956 [ACK] Seq=343366 Ack=144 Win=65024 Len=1448 TSval=2916042558 TSecr=3045562330 [TCP segment of a reassembled PDU]"
"68835","38.478171819","192.168.1.55","192.168.1.2","TCP","1514","8004  >  36956 [ACK] Seq=344814 Ack=144 Win=65024 Len=1448 TSval=2916042558 TSecr=3045562330 [TCP segment of a reassembled PDU]"
"68836","38.478172985","192.168.1.55","192.168.1.2","TCP","1514","8004  >  36956 [ACK] Seq=346262 Ack=144 Win=65024 Len=1448 TSval=2916042558 TSecr=3045562330 [TCP segment of a reassembled PDU]"
"68837","38.478174171","192.168.1.55","192.168.1.2","TCP","1514","8004  >  36956 [ACK] Seq=347710 Ack=144 Win=65024 Len=1448 TSval=2916042558 TSecr=3045562330 [TCP segment of a reassembled PDU]"
"68838","38.478175393","192.168.1.55","192.168.1.2","TCP","1514","8004  >  36956 [ACK] Seq=349158 Ack=144 Win=65024 Len=1448 TSval=2916042558 TSecr=3045562330 [TCP segment of a reassembled PDU]"
"68839","38.478176745","192.168.1.55","192.168.1.2","TCP","1514","8004  >  36956 [ACK] Seq=350606 Ack=144 Win=65024 Len=1448 TSval=2916042558 TSecr=3045562330 [TCP segment of a reassembled PDU]"
"68840","38.478177837","192.168.1.55","192.168.1.2","TCP","1514","8004  >  36956 [ACK] Seq=352054 Ack=144 Win=65024 Len=1448 TSval=2916042558 TSecr=3045562330 [TCP segment of a reassembled PDU]"
"68841","38.478179041","192.168.1.55","192.168.1.2","TCP","1514","8004  >  36956 [ACK] Seq=353502 Ack=144 Win=65024 Len=1448 TSval=2916042558 TSecr=3045562330 [TCP segment of a reassembled PDU]"
"68842","38.478180134","192.168.1.55","192.168.1.2","TCP","1514","8004  >  36956 [ACK] Seq=354950 Ack=144 Win=65024 Len=1448 TSval=2916042558 TSecr=3045562330 [TCP segment of a reassembled PDU]"
"68843","38.478181319","192.168.1.55","192.168.1.2","TCP","1514","8004  >  36956 [ACK] Seq=356398 Ack=144 Win=65024 Len=1448 TSval=2916042558 TSecr=3045562330 [TCP segment of a reassembled PDU]"
"68844","38.478182578","192.168.1.55","192.168.1.2","TCP","1514","8004  >  36956 [PSH, ACK] Seq=357846 Ack=144 Win=65024 Len=1448 TSval=2916042558 TSecr=3045562330 [TCP segment of a reassembled PDU]"
"68845","38.481865269","192.168.1.2","192.168.1.55","TCP","66","36956  >  8004 [ACK] Seq=144 Ack=285446 Win=82944 Len=0 TSval=3045562333 TSecr=2916042554"
"68846","38.481878621","192.168.1.55","192.168.1.2","TCP","1514","8004  >  36956 [ACK] Seq=359294 Ack=144 Win=65024 Len=1448 TSval=2916042562 TSecr=3045562333 [TCP segment of a reassembled PDU]"
"68847","38.481881436","192.168.1.55","192.168.1.2","TCP","1514","8004  >  36956 [ACK] Seq=360742 Ack=144 Win=65024 Len=1448 TSval=2916042562 TSecr=3045562333 [TCP segment of a reassembled PDU]"
"68848","38.481882714","192.168.1.55","192.168.1.2","TCP","1514","8004  >  36956 [ACK] Seq=362190 Ack=144 Win=65024 Len=1448 TSval=2916042562 TSecr=3045562333 [TCP segment of a reassembled PDU]"
"68849","38.481883991","192.168.1.55","192.168.1.2","TCP","1514","8004  >  36956 [ACK] Seq=363638 Ack=144 Win=65024 Len=1448 TSval=2916042562 TSecr=3045562333 [TCP segment of a reassembled PDU]"
"68850","38.481890510","192.168.1.55","192.168.1.2","TCP","1514","8004  >  36956 [ACK] Seq=365086 Ack=144 Win=65024 Len=1448 TSval=2916042562 TSecr=3045562333 [TCP segment of a reassembled PDU]"
"68851","38.481892306","192.168.1.55","192.168.1.2","TCP","1514","8004  >  36956 [PSH, ACK] Seq=366534 Ack=144 Win=65024 Len=1448 TSval=2916042562 TSecr=3045562333 [TCP segment of a reassembled PDU]"
"68852","38.484030532","192.168.1.2","192.168.1.55","TCP","66","36956  >  8004 [ACK] Seq=144 Ack=288710 Win=116736 Len=0 TSval=3045562338 TSecr=2916042554"
"68853","38.484060717","192.168.1.55","192.168.1.2","TCP","1514","8004  >  36956 [ACK] Seq=367982 Ack=144 Win=65024 Len=1448 TSval=2916042564 TSecr=3045562338 [TCP segment of a reassembled PDU]"
"68854","38.484063921","192.168.1.55","192.168.1.2","TCP","1514","8004  >  36956 [ACK] Seq=369430 Ack=144 Win=65024 Len=1448 TSval=2916042564 TSecr=3045562338 [TCP segment of a reassembled PDU]"
"68855","38.484066125","192.168.1.55","192.168.1.2","TCP","1514","8004  >  36956 [ACK] Seq=370878 Ack=144 Win=65024 Len=1448 TSval=2916042564 TSecr=3045562338 [TCP segment of a reassembled PDU]"
"68856","38.484068014","192.168.1.55","192.168.1.2","TCP","1514","8004  >  36956 [ACK] Seq=372326 Ack=144 Win=65024 Len=1448 TSval=2916042564 TSecr=3045562338 [TCP segment of a reassembled PDU]"
"68857","38.484069458","192.168.1.55","192.168.1.2","TCP","1514","8004  >  36956 [ACK] Seq=373774 Ack=144 Win=65024 Len=1448 TSval=2916042564 TSecr=3045562338 [TCP segment of a reassembled PDU]"
"68858","38.484070847","192.168.1.55","192.168.1.2","TCP","1514","8004  >  36956 [ACK] Seq=375222 Ack=144 Win=65024 Len=1448 TSval=2916042564 TSecr=3045562338 [TCP segment of a reassembled PDU]"
"68859","38.484072125","192.168.1.55","192.168.1.2","TCP","1514","8004  >  36956 [ACK] Seq=376670 Ack=144 Win=65024 Len=1448 TSval=2916042564 TSecr=3045562338 [TCP segment of a reassembled PDU]"
"68860","38.484073477","192.168.1.55","192.168.1.2","TCP","1514","8004  >  36956 [ACK] Seq=378118 Ack=144 Win=65024 Len=1448 TSval=2916042564 TSecr=3045562338 [TCP segment of a reassembled PDU]"
"68861","38.484074773","192.168.1.55","192.168.1.2","TCP","1514","8004  >  36956 [ACK] Seq=379566 Ack=144 Win=65024 Len=1448 TSval=2916042564 TSecr=3045562338 [TCP segment of a reassembled PDU]"
"68862","38.484076254","192.168.1.55","192.168.1.2","TCP","1514","8004  >  36956 [PSH, ACK] Seq=381014 Ack=144 Win=65024 Len=1448 TSval=2916042564 TSecr=3045562338 [TCP segment of a reassembled PDU]"
"68863","38.484598922","192.168.1.2","192.168.1.55","TCP","66","36956  >  8004 [ACK] Seq=144 Ack=337574 Win=79872 Len=0 TSval=3045562338 TSecr=2916042557"
"68864","38.484678533","192.168.1.55","192.168.1.2","TCP","1514","8004  >  36956 [ACK] Seq=382462 Ack=144 Win=65024 Len=1448 TSval=2916042565 TSecr=3045562338 [TCP segment of a reassembled PDU]"
"68865","38.484683718","192.168.1.55","192.168.1.2","TCP","1514","8004  >  36956 [ACK] Seq=383910 Ack=144 Win=65024 Len=1448 TSval=2916042565 TSecr=3045562338 [TCP segment of a reassembled PDU]"
"68866","38.484685237","192.168.1.55","192.168.1.2","TCP","1514","8004  >  36956 [ACK] Seq=385358 Ack=144 Win=65024 Len=1448 TSval=2916042565 TSecr=3045562338 [TCP segment of a reassembled PDU]"
"68867","38.484686533","192.168.1.55","192.168.1.2","TCP","1514","8004  >  36956 [ACK] Seq=386806 Ack=144 Win=65024 Len=1448 TSval=2916042565 TSecr=3045562338 [TCP segment of a reassembled PDU]"
"68868","38.484687922","192.168.1.55","192.168.1.2","TCP","1514","8004  >  36956 [ACK] Seq=388254 Ack=144 Win=65024 Len=1448 TSval=2916042565 TSecr=3045562338 [TCP segment of a reassembled PDU]"
"68869","38.484689403","192.168.1.55","192.168.1.2","TCP","1514","8004  >  36956 [ACK] Seq=389702 Ack=144 Win=65024 Len=1448 TSval=2916042565 TSecr=3045562338 [TCP segment of a reassembled PDU]"
"68870","38.484690866","192.168.1.55","192.168.1.2","TCP","1514","8004  >  36956 [ACK] Seq=391150 Ack=144 Win=65024 Len=1448 TSval=2916042565 TSecr=3045562338 [TCP segment of a reassembled PDU]"
"68871","38.484692440","192.168.1.55","192.168.1.2","TCP","1514","8004  >  36956 [ACK] Seq=392598 Ack=144 Win=65024 Len=1448 TSval=2916042565 TSecr=3045562338 [TCP segment of a reassembled PDU]"
"68872","38.484694218","192.168.1.55","192.168.1.2","TCP","1514","8004  >  36956 [ACK] Seq=394046 Ack=144 Win=65024 Len=1448 TSval=2916042565 TSecr=3045562338 [TCP segment of a reassembled PDU]"
"68873","38.484695644","192.168.1.55","192.168.1.2","TCP","1514","8004  >  36956 [ACK] Seq=395494 Ack=144 Win=65024 Len=1448 TSval=2916042565 TSecr=3045562338 [TCP segment of a reassembled PDU]"
"68874","38.484697052","192.168.1.55","192.168.1.2","TCP","1514","8004  >  36956 [ACK] Seq=396942 Ack=144 Win=65024 Len=1448 TSval=2916042565 TSecr=3045562338 [TCP segment of a reassembled PDU]"
"68875","38.484698311","192.168.1.55","192.168.1.2","TCP","1514","8004  >  36956 [ACK] Seq=398390 Ack=144 Win=65024 Len=1448 TSval=2916042565 TSecr=3045562338 [TCP segment of a reassembled PDU]"
"68876","38.484699718","192.168.1.55","192.168.1.2","TCP","1514","8004  >  36956 [ACK] Seq=399838 Ack=144 Win=65024 Len=1448 TSval=2916042565 TSecr=3045562338 [TCP segment of a reassembled PDU]"
"68877","38.484701311","192.168.1.55","192.168.1.2","TCP","1514","8004  >  36956 [ACK] Seq=401286 Ack=144 Win=65024 Len=1448 TSval=2916042565 TSecr=3045562338 [TCP segment of a reassembled PDU]"
"68878","38.484702903","192.168.1.55","192.168.1.2","TCP","1514","8004  >  36956 [ACK] Seq=402734 Ack=144 Win=65024 Len=1448 TSval=2916042565 TSecr=3045562338 [TCP segment of a reassembled PDU]"
"68879","38.484705311","192.168.1.55","192.168.1.2","TCP","1514","8004  >  36956 [ACK] Seq=404182 Ack=144 Win=65024 Len=1448 TSval=2916042565 TSecr=3045562338 [TCP segment of a reassembled PDU]"
"68880","38.484707052","192.168.1.55","192.168.1.2","TCP","1514","8004  >  36956 [ACK] Seq=405630 Ack=144 Win=65024 Len=1448 TSval=2916042565 TSecr=3045562338 [TCP segment of a reassembled PDU]"
"68881","38.484708626","192.168.1.55","192.168.1.2","TCP","1514","8004  >  36956 [ACK] Seq=407078 Ack=144 Win=65024 Len=1448 TSval=2916042565 TSecr=3045562338 [TCP segment of a reassembled PDU]"
"68882","38.484710052","192.168.1.55","192.168.1.2","TCP","1514","8004  >  36956 [ACK] Seq=408526 Ack=144 Win=65024 Len=1448 TSval=2916042565 TSecr=3045562338 [TCP segment of a reassembled PDU]"
"68883","38.484711403","192.168.1.55","192.168.1.2","TCP","1514","8004  >  36956 [ACK] Seq=409974 Ack=144 Win=65024 Len=1448 TSval=2916042565 TSecr=3045562338 [TCP segment of a reassembled PDU]"
"68884","38.484712718","192.168.1.55","192.168.1.2","TCP","1514","8004  >  36956 [ACK] Seq=411422 Ack=144 Win=65024 Len=1448 TSval=2916042565 TSecr=3045562338 [TCP segment of a reassembled PDU]"
"68885","38.484714126","192.168.1.55","192.168.1.2","TCP","1514","8004  >  36956 [ACK] Seq=412870 Ack=144 Win=65024 Len=1448 TSval=2916042565 TSecr=3045562338 [TCP segment of a reassembled PDU]"
"68886","38.484715978","192.168.1.55","192.168.1.2","TCP","1514","8004  >  36956 [ACK] Seq=414318 Ack=144 Win=65024 Len=1448 TSval=2916042565 TSecr=3045562338 [TCP segment of a reassembled PDU]"
"68887","38.484718515","192.168.1.55","192.168.1.2","TCP","1514","8004  >  36956 [ACK] Seq=415766 Ack=144 Win=65024 Len=1448 TSval=2916042565 TSecr=3045562338 [TCP segment of a reassembled PDU]"
"68888","38.484720255","192.168.1.55","192.168.1.2","TCP","298","[TCP Window Full] 8004  >  36956 [PSH, ACK] Seq=417214 Ack=144 Win=65024 Len=232 TSval=2916042565 TSecr=3045562338 [TCP segment of a reassembled PDU]"
"68889","38.484726718","192.168.1.2","192.168.1.55","TCP","66","36956  >  8004 [ACK] Seq=144 Ack=359294 Win=89088 Len=0 TSval=3045562338 TSecr=2916042558"
"68890","38.484747829","192.168.1.55","192.168.1.2","TCP","1514","8004  >  36956 [ACK] Seq=417446 Ack=144 Win=65024 Len=1448 TSval=2916042565 TSecr=3045562338 [TCP segment of a reassembled PDU]"
"68891","38.484749589","192.168.1.55","192.168.1.2","TCP","1514","8004  >  36956 [ACK] Seq=418894 Ack=144 Win=65024 Len=1448 TSval=2916042565 TSecr=3045562338 [TCP segment of a reassembled PDU]"
"68892","38.484751218","192.168.1.55","192.168.1.2","TCP","1514","8004  >  36956 [ACK] Seq=420342 Ack=144 Win=65024 Len=1448 TSval=2916042565 TSecr=3045562338 [TCP segment of a reassembled PDU]"
"68893","38.484752533","192.168.1.55","192.168.1.2","TCP","1514","8004  >  36956 [ACK] Seq=421790 Ack=144 Win=65024 Len=1448 TSval=2916042565 TSecr=3045562338 [TCP segment of a reassembled PDU]"
"68894","38.484753941","192.168.1.55","192.168.1.2","TCP","1514","8004  >  36956 [ACK] Seq=423238 Ack=144 Win=65024 Len=1448 TSval=2916042565 TSecr=3045562338 [TCP segment of a reassembled PDU]"
"68895","38.484755367","192.168.1.55","192.168.1.2","TCP","1514","8004  >  36956 [PSH, ACK] Seq=424686 Ack=144 Win=65024 Len=1448 TSval=2916042565 TSecr=3045562338 [TCP segment of a reassembled PDU]"
"68896","38.484762255","192.168.1.55","192.168.1.2","TCP","1282","8004  >  36956 [ACK] Seq=426134 Ack=144 Win=65024 Len=1216 TSval=2916042565 TSecr=3045562338 [TCP segment of a reassembled PDU]"
"68897","38.484790515","192.168.1.55","192.168.1.2","TCP","1514","8004  >  36956 [ACK] Seq=427350 Ack=144 Win=65024 Len=1448 TSval=2916042565 TSecr=3045562338 [TCP segment of a reassembled PDU]"
"68898","38.484792070","192.168.1.55","192.168.1.2","TCP","1514","8004  >  36956 [ACK] Seq=428798 Ack=144 Win=65024 Len=1448 TSval=2916042565 TSecr=3045562338 [TCP segment of a reassembled PDU]"
"68899","38.484793496","192.168.1.55","192.168.1.2","TCP","1514","8004  >  36956 [ACK] Seq=430246 Ack=144 Win=65024 Len=1448 TSval=2916042565 TSecr=3045562338 [TCP segment of a reassembled PDU]"
"68900","38.484794922","192.168.1.55","192.168.1.2","TCP","1514","8004  >  36956 [ACK] Seq=431694 Ack=144 Win=65024 Len=1448 TSval=2916042565 TSecr=3045562338 [TCP segment of a reassembled PDU]"
"68901","38.484797367","192.168.1.55","192.168.1.2","TCP","1514","8004  >  36956 [ACK] Seq=433142 Ack=144 Win=65024 Len=1448 TSval=2916042565 TSecr=3045562338 [TCP segment of a reassembled PDU]"
"68902","38.484799218","192.168.1.55","192.168.1.2","TCP","1514","8004  >  36956 [ACK] Seq=434590 Ack=144 Win=65024 Len=1448 TSval=2916042565 TSecr=3045562338 [TCP segment of a reassembled PDU]"
"68903","38.484800755","192.168.1.55","192.168.1.2","TCP","1514","8004  >  36956 [ACK] Seq=436038 Ack=144 Win=65024 Len=1448 TSval=2916042565 TSecr=3045562338 [TCP segment of a reassembled PDU]"
"68904","38.484802200","192.168.1.55","192.168.1.2","TCP","1514","8004  >  36956 [ACK] Seq=437486 Ack=144 Win=65024 Len=1448 TSval=2916042565 TSecr=3045562338 [TCP segment of a reassembled PDU]"
"68905","38.484803552","192.168.1.55","192.168.1.2","TCP","1514","8004  >  36956 [ACK] Seq=438934 Ack=144 Win=65024 Len=1448 TSval=2916042565 TSecr=3045562338 [TCP segment of a reassembled PDU]"
"68906","38.484805015","192.168.1.55","192.168.1.2","TCP","1514","8004  >  36956 [ACK] Seq=440382 Ack=144 Win=65024 Len=1448 TSval=2916042565 TSecr=3045562338 [TCP segment of a reassembled PDU]"
"68907","38.484806681","192.168.1.55","192.168.1.2","TCP","1514","8004  >  36956 [ACK] Seq=441830 Ack=144 Win=65024 Len=1448 TSval=2916042565 TSecr=3045562338 [TCP segment of a reassembled PDU]"
"68908","38.484808070","192.168.1.55","192.168.1.2","TCP","1514","8004  >  36956 [ACK] Seq=443278 Ack=144 Win=65024 Len=1448 TSval=2916042565 TSecr=3045562338 [TCP segment of a reassembled PDU]"
"68909","38.484810015","192.168.1.55","192.168.1.2","TCP","1514","8004  >  36956 [ACK] Seq=444726 Ack=144 Win=65024 Len=1448 TSval=2916042565 TSecr=3045562338 [TCP segment of a reassembled PDU]"
"68910","38.484812033","192.168.1.55","192.168.1.2","TCP","1514","8004  >  36956 [PSH, ACK] Seq=446174 Ack=144 Win=65024 Len=1448 TSval=2916042565 TSecr=3045562338 [TCP segment of a reassembled PDU]"
"68911","38.484816367","192.168.1.2","192.168.1.55","TCP","66","36956  >  8004 [ACK] Seq=144 Ack=360742 Win=118784 Len=0 TSval=3045562339 TSecr=2916042562"
"68912","38.484851089","192.168.1.55","192.168.1.2","TCP","1514","8004  >  36956 [ACK] Seq=447622 Ack=144 Win=65024 Len=1448 TSval=2916042565 TSecr=3045562339 [TCP segment of a reassembled PDU]"
"68913","38.484854126","192.168.1.55","192.168.1.2","TCP","1514","8004  >  36956 [ACK] Seq=449070 Ack=144 Win=65024 Len=1448 TSval=2916042565 TSecr=3045562339 [TCP segment of a reassembled PDU]"
"68914","38.484855607","192.168.1.55","192.168.1.2","TCP","1514","8004  >  36956 [ACK] Seq=450518 Ack=144 Win=65024 Len=1448 TSval=2916042565 TSecr=3045562339 [TCP segment of a reassembled PDU]"
"68915","38.484857181","192.168.1.55","192.168.1.2","TCP","1514","8004  >  36956 [ACK] Seq=451966 Ack=144 Win=65024 Len=1448 TSval=2916042565 TSecr=3045562339 [TCP segment of a reassembled PDU]"
"68916","38.484858570","192.168.1.55","192.168.1.2","TCP","1514","8004  >  36956 [ACK] Seq=453414 Ack=144 Win=65024 Len=1448 TSval=2916042565 TSecr=3045562339 [TCP segment of a reassembled PDU]"
"68917","38.484860052","192.168.1.55","192.168.1.2","TCP","1514","8004  >  36956 [ACK] Seq=454862 Ack=144 Win=65024 Len=1448 TSval=2916042565 TSecr=3045562339 [TCP segment of a reassembled PDU]"
"68918","38.484862589","192.168.1.55","192.168.1.2","TCP","1514","8004  >  36956 [ACK] Seq=456310 Ack=144 Win=65024 Len=1448 TSval=2916042565 TSecr=3045562339 [TCP segment of a reassembled PDU]"
"68919","38.484864441","192.168.1.55","192.168.1.2","TCP","1514","8004  >  36956 [ACK] Seq=457758 Ack=144 Win=65024 Len=1448 TSval=2916042565 TSecr=3045562339 [TCP segment of a reassembled PDU]"
"68920","38.484865774","192.168.1.55","192.168.1.2","TCP","1514","8004  >  36956 [ACK] Seq=459206 Ack=144 Win=65024 Len=1448 TSval=2916042565 TSecr=3045562339 [TCP segment of a reassembled PDU]"
"68921","38.484867293","192.168.1.55","192.168.1.2","TCP","1514","8004  >  36956 [ACK] Seq=460654 Ack=144 Win=65024 Len=1448 TSval=2916042565 TSecr=3045562339 [TCP segment of a reassembled PDU]"
"68922","38.484868774","192.168.1.55","192.168.1.2","TCP","1514","8004  >  36956 [ACK] Seq=462102 Ack=144 Win=65024 Len=1448 TSval=2916042565 TSecr=3045562339 [TCP segment of a reassembled PDU]"
"68923","38.484870200","192.168.1.55","192.168.1.2","TCP","1514","8004  >  36956 [ACK] Seq=463550 Ack=144 Win=65024 Len=1448 TSval=2916042565 TSecr=3045562339 [TCP segment of a reassembled PDU]"
"68924","38.484871811","192.168.1.55","192.168.1.2","TCP","1514","8004  >  36956 [ACK] Seq=464998 Ack=144 Win=65024 Len=1448 TSval=2916042565 TSecr=3045562339 [TCP segment of a reassembled PDU]"
"68925","38.484873478","192.168.1.55","192.168.1.2","TCP","1514","8004  >  36956 [ACK] Seq=466446 Ack=144 Win=65024 Len=1448 TSval=2916042565 TSecr=3045562339 [TCP segment of a reassembled PDU]"
"68926","38.484875404","192.168.1.55","192.168.1.2","TCP","1514","8004  >  36956 [ACK] Seq=467894 Ack=144 Win=65024 Len=1448 TSval=2916042565 TSecr=3045562339 [TCP segment of a reassembled PDU]"
"68927","38.484877144","192.168.1.55","192.168.1.2","TCP","1514","8004  >  36956 [ACK] Seq=469342 Ack=144 Win=65024 Len=1448 TSval=2916042565 TSecr=3045562339 [TCP segment of a reassembled PDU]"
"68928","38.484878515","192.168.1.55","192.168.1.2","TCP","1514","8004  >  36956 [PSH, ACK] Seq=470790 Ack=144 Win=65024 Len=1448 TSval=2916042565 TSecr=3045562339 [TCP segment of a reassembled PDU]"
"68929","38.484885867","192.168.1.2","192.168.1.55","TCP","66","36956  >  8004 [ACK] Seq=144 Ack=362190 Win=121856 Len=0 TSval=3045562339 TSecr=2916042562"
"68930","38.486022035","192.168.1.55","192.168.1.2","TCP","1514","8004  >  36956 [ACK] Seq=472238 Ack=144 Win=65024 Len=1448 TSval=2916042566 TSecr=3045562339 [TCP segment of a reassembled PDU]"
"68931","38.486027906","192.168.1.55","192.168.1.2","TCP","1514","8004  >  36956 [ACK] Seq=473686 Ack=144 Win=65024 Len=1448 TSval=2916042566 TSecr=3045562339 [TCP segment of a reassembled PDU]"
"68932","38.486029276","192.168.1.55","192.168.1.2","TCP","1514","8004  >  36956 [ACK] Seq=475134 Ack=144 Win=65024 Len=1448 TSval=2916042566 TSecr=3045562339 [TCP segment of a reassembled PDU]"
"68933","38.486030609","192.168.1.55","192.168.1.2","TCP","1514","8004  >  36956 [ACK] Seq=476582 Ack=144 Win=65024 Len=1448 TSval=2916042566 TSecr=3045562339 [TCP segment of a reassembled PDU]"
"68934","38.486032017","192.168.1.55","192.168.1.2","TCP","1514","8004  >  36956 [PSH, ACK] Seq=478030 Ack=144 Win=65024 Len=1448 TSval=2916042566 TSecr=3045562339 [TCP segment of a reassembled PDU]"
"68935","38.486081369","192.168.1.2","192.168.1.55","TCP","66","36956  >  8004 [ACK] Seq=144 Ack=367982 Win=133120 Len=0 TSval=3045562340 TSecr=2916042562"
"68936","38.486116961","192.168.1.55","192.168.1.2","TCP","1514","8004  >  36956 [ACK] Seq=479478 Ack=144 Win=65024 Len=1448 TSval=2916042566 TSecr=3045562340 [TCP segment of a reassembled PDU]"
"68937","38.486120091","192.168.1.55","192.168.1.2","TCP","1514","8004  >  36956 [ACK] Seq=480926 Ack=144 Win=65024 Len=1448 TSval=2916042566 TSecr=3045562340 [TCP segment of a reassembled PDU]"
"68938","38.486121609","192.168.1.55","192.168.1.2","TCP","1514","8004  >  36956 [ACK] Seq=482374 Ack=144 Win=65024 Len=1448 TSval=2916042566 TSecr=3045562340 [TCP segment of a reassembled PDU]"
"68939","38.486124035","192.168.1.55","192.168.1.2","TCP","1514","8004  >  36956 [ACK] Seq=483822 Ack=144 Win=65024 Len=1448 TSval=2916042566 TSecr=3045562340 [TCP segment of a reassembled PDU]"
"68940","38.486125776","192.168.1.55","192.168.1.2","TCP","1514","8004  >  36956 [ACK] Seq=485270 Ack=144 Win=65024 Len=1448 TSval=2916042566 TSecr=3045562340 [TCP segment of a reassembled PDU]"
"68941","38.486127147","192.168.1.55","192.168.1.2","TCP","1514","8004  >  36956 [ACK] Seq=486718 Ack=144 Win=65024 Len=1448 TSval=2916042566 TSecr=3045562340 [TCP segment of a reassembled PDU]"
"68942","38.486128535","192.168.1.55","192.168.1.2","TCP","1514","8004  >  36956 [ACK] Seq=488166 Ack=144 Win=65024 Len=1448 TSval=2916042566 TSecr=3045562340 [TCP segment of a reassembled PDU]"
"68943","38.486129943","192.168.1.55","192.168.1.2","TCP","1514","8004  >  36956 [ACK] Seq=489614 Ack=144 Win=65024 Len=1448 TSval=2916042566 TSecr=3045562340 [TCP segment of a reassembled PDU]"
"68944","38.486131332","192.168.1.55","192.168.1.2","TCP","1514","8004  >  36956 [ACK] Seq=491062 Ack=144 Win=65024 Len=1448 TSval=2916042566 TSecr=3045562340 [TCP segment of a reassembled PDU]"
"68945","38.486132980","192.168.1.55","192.168.1.2","TCP","1514","8004  >  36956 [ACK] Seq=492510 Ack=144 Win=65024 Len=1448 TSval=2916042566 TSecr=3045562340 [TCP segment of a reassembled PDU]"
"68946","38.486135221","192.168.1.55","192.168.1.2","TCP","1514","8004  >  36956 [ACK] Seq=493958 Ack=144 Win=65024 Len=1448 TSval=2916042566 TSecr=3045562340 [TCP segment of a reassembled PDU]"
"68947","38.486137350","192.168.1.55","192.168.1.2","TCP","1514","8004  >  36956 [ACK] Seq=495406 Ack=144 Win=65024 Len=1448 TSval=2916042566 TSecr=3045562340 [TCP segment of a reassembled PDU]"
"68948","38.486138795","192.168.1.55","192.168.1.2","TCP","1514","8004  >  36956 [PSH, ACK] Seq=496854 Ack=144 Win=65024 Len=1448 TSval=2916042566 TSecr=3045562340 [TCP segment of a reassembled PDU]"
"68949","38.486145221","192.168.1.55","192.168.1.2","HTTP","222","HTTP/1.0 200 OK  (PNG)"
"68950","38.487382889","192.168.1.2","192.168.1.55","TCP","66","36956  >  8004 [ACK] Seq=144 Ack=382462 Win=161792 Len=0 TSval=3045562342 TSecr=2916042564"
"68951","38.492503583","192.168.1.2","192.168.1.55","TCP","66","36956  >  8004 [ACK] Seq=144 Ack=417446 Win=176128 Len=0 TSval=3045562348 TSecr=2916042565"
"68952","38.494147919","192.168.1.2","192.168.1.55","TCP","66","36956  >  8004 [ACK] Seq=144 Ack=447622 Win=147456 Len=0 TSval=3045562348 TSecr=2916042565"
"68953","38.494346993","192.168.1.2","192.168.1.55","TCP","66","36956  >  8004 [ACK] Seq=144 Ack=472238 Win=159744 Len=0 TSval=3045562348 TSecr=2916042565"
"68954","38.494353993","192.168.1.2","192.168.1.55","TCP","66","36956  >  8004 [ACK] Seq=144 Ack=479478 Win=182272 Len=0 TSval=3045562348 TSecr=2916042566"
"68955","38.494358956","192.168.1.2","192.168.1.55","TCP","66","36956  >  8004 [ACK] Seq=144 Ack=498302 Win=182272 Len=0 TSval=3045562348 TSecr=2916042566"
"68956","38.494401586","192.168.1.2","192.168.1.55","TCP","66","36956  >  8004 [FIN, ACK] Seq=144 Ack=498459 Win=184320 Len=0 TSval=3045562348 TSecr=2916042566"
"68957","38.494415216","192.168.1.55","192.168.1.2","TCP","66","8004  >  36956 [ACK] Seq=498459 Ack=145 Win=65024 Len=0 TSval=2916042575 TSecr=3045562348"
"68958","38.494455604","192.168.1.2","192.168.1.55","TCP","74","36968  >  8004 [SYN] Seq=0 Win=64240 Len=0 MSS=1460 SACK_PERM TSval=3045562349 TSecr=0 WS=1024"
"68959","38.494479530","192.168.1.55","192.168.1.2","TCP","74","8004  >  36968 [SYN, ACK] Seq=0 Ack=1 Win=65160 Len=0 MSS=1460 SACK_PERM TSval=2916042575 TSecr=3045562349 WS=128"
"68960","38.498322333","192.168.1.2","192.168.1.55","TCP","66","36968  >  8004 [ACK] Seq=1 Ack=1 Win=64512 Len=0 TSval=3045562353 TSecr=2916042575"
"68961","38.501830431","192.168.1.2","192.168.1.55","HTTP","206","GET /stego_benchmark.png HTTP/1.1 "
"68962","38.501842709","192.168.1.55","192.168.1.2","TCP","66","8004  >  36968 [ACK] Seq=1 Ack=141 Win=65024 Len=0 TSval=2916042582 TSecr=3045562353"
"68963","38.502354302","192.168.1.55","192.168.1.2","TCP","255","8004  >  36968 [PSH, ACK] Seq=1 Ack=141 Win=65024 Len=189 TSval=2916042583 TSecr=3045562353 [TCP segment of a reassembled PDU]"
"68964","38.502436840","192.168.1.55","192.168.1.2","TCP","1514","8004  >  36968 [ACK] Seq=190 Ack=141 Win=65024 Len=1448 TSval=2916042583 TSecr=3045562353 [TCP segment of a reassembled PDU]"
"68965","38.502441691","192.168.1.55","192.168.1.2","TCP","1514","8004  >  36968 [ACK] Seq=1638 Ack=141 Win=65024 Len=1448 TSval=2916042583 TSecr=3045562353 [TCP segment of a reassembled PDU]"
"68966","38.502443691","192.168.1.55","192.168.1.2","TCP","1514","8004  >  36968 [ACK] Seq=3086 Ack=141 Win=65024 Len=1448 TSval=2916042583 TSecr=3045562353 [TCP segment of a reassembled PDU]"
"68967","38.502445173","192.168.1.55","192.168.1.2","TCP","1514","8004  >  36968 [ACK] Seq=4534 Ack=141 Win=65024 Len=1448 TSval=2916042583 TSecr=3045562353 [TCP segment of a reassembled PDU]"
"68968","38.502447173","192.168.1.55","192.168.1.2","TCP","1514","8004  >  36968 [PSH, ACK] Seq=5982 Ack=141 Win=65024 Len=1448 TSval=2916042583 TSecr=3045562353 [TCP segment of a reassembled PDU]"
"68969","38.502464321","192.168.1.55","192.168.1.2","TCP","1514","8004  >  36968 [ACK] Seq=7430 Ack=141 Win=65024 Len=1448 TSval=2916042583 TSecr=3045562353 [TCP segment of a reassembled PDU]"
"68970","38.502466340","192.168.1.55","192.168.1.2","TCP","1514","8004  >  36968 [ACK] Seq=8878 Ack=141 Win=65024 Len=1448 TSval=2916042583 TSecr=3045562353 [TCP segment of a reassembled PDU]"
"68971","38.502467877","192.168.1.55","192.168.1.2","TCP","1514","8004  >  36968 [ACK] Seq=10326 Ack=141 Win=65024 Len=1448 TSval=2916042583 TSecr=3045562353 [TCP segment of a reassembled PDU]"
"68972","38.502469340","192.168.1.55","192.168.1.2","TCP","1514","8004  >  36968 [PSH, ACK] Seq=11774 Ack=141 Win=65024 Len=1448 TSval=2916042583 TSecr=3045562353 [TCP segment of a reassembled PDU]"
"68973","38.505884086","192.168.1.2","192.168.1.55","TCP","66","36968  >  8004 [ACK] Seq=141 Ack=190 Win=64512 Len=0 TSval=3045562361 TSecr=2916042583"
"68974","38.505916956","192.168.1.55","192.168.1.2","TCP","1514","8004  >  36968 [ACK] Seq=13222 Ack=141 Win=65024 Len=1448 TSval=2916042586 TSecr=3045562361 [TCP segment of a reassembled PDU]"
"68975","38.505921808","192.168.1.55","192.168.1.2","TCP","1514","8004  >  36968 [PSH, ACK] Seq=14670 Ack=141 Win=65024 Len=1448 TSval=2916042586 TSecr=3045562361 [TCP segment of a reassembled PDU]"
"68976","38.507113477","192.168.1.2","192.168.1.55","TCP","66","36968  >  8004 [ACK] Seq=141 Ack=11774 Win=73728 Len=0 TSval=3045562361 TSecr=2916042583"
"68977","38.507179144","192.168.1.55","192.168.1.2","TCP","1514","8004  >  36968 [ACK] Seq=16118 Ack=141 Win=65024 Len=1448 TSval=2916042587 TSecr=3045562361 [TCP segment of a reassembled PDU]"
"68978","38.507187162","192.168.1.55","192.168.1.2","TCP","1514","8004  >  36968 [ACK] Seq=17566 Ack=141 Win=65024 Len=1448 TSval=2916042587 TSecr=3045562361 [TCP segment of a reassembled PDU]"
"68979","38.507188847","192.168.1.55","192.168.1.2","TCP","1514","8004  >  36968 [ACK] Seq=19014 Ack=141 Win=65024 Len=1448 TSval=2916042587 TSecr=3045562361 [TCP segment of a reassembled PDU]"
"68980","38.507190347","192.168.1.55","192.168.1.2","TCP","1514","8004  >  36968 [ACK] Seq=20462 Ack=141 Win=65024 Len=1448 TSval=2916042587 TSecr=3045562361 [TCP segment of a reassembled PDU]"
"68981","38.507192644","192.168.1.55","192.168.1.2","TCP","1514","8004  >  36968 [ACK] Seq=21910 Ack=141 Win=65024 Len=1448 TSval=2916042587 TSecr=3045562361 [TCP segment of a reassembled PDU]"
"68982","38.507194329","192.168.1.55","192.168.1.2","TCP","1514","8004  >  36968 [ACK] Seq=23358 Ack=141 Win=65024 Len=1448 TSval=2916042587 TSecr=3045562361 [TCP segment of a reassembled PDU]"
"68983","38.507196199","192.168.1.55","192.168.1.2","TCP","1514","8004  >  36968 [ACK] Seq=24806 Ack=141 Win=65024 Len=1448 TSval=2916042587 TSecr=3045562361 [TCP segment of a reassembled PDU]"
"68984","38.507198607","192.168.1.55","192.168.1.2","TCP","1514","8004  >  36968 [ACK] Seq=26254 Ack=141 Win=65024 Len=1448 TSval=2916042587 TSecr=3045562361 [TCP segment of a reassembled PDU]"
"68985","38.507200403","192.168.1.55","192.168.1.2","TCP","1514","8004  >  36968 [PSH, ACK] Seq=27702 Ack=141 Win=65024 Len=1448 TSval=2916042587 TSecr=3045562361 [TCP segment of a reassembled PDU]"
"68986","38.507233051","192.168.1.55","192.168.1.2","TCP","1514","8004  >  36968 [ACK] Seq=29150 Ack=141 Win=65024 Len=1448 TSval=2916042587 TSecr=3045562361 [TCP segment of a reassembled PDU]"
"68987","38.507235996","192.168.1.55","192.168.1.2","TCP","1514","8004  >  36968 [ACK] Seq=30598 Ack=141 Win=65024 Len=1448 TSval=2916042587 TSecr=3045562361 [TCP segment of a reassembled PDU]"
"68988","38.507238310","192.168.1.55","192.168.1.2","TCP","1514","8004  >  36968 [ACK] Seq=32046 Ack=141 Win=65024 Len=1448 TSval=2916042587 TSecr=3045562361 [TCP segment of a reassembled PDU]"
"68989","38.507240051","192.168.1.55","192.168.1.2","TCP","1514","8004  >  36968 [ACK] Seq=33494 Ack=141 Win=65024 Len=1448 TSval=2916042587 TSecr=3045562361 [TCP segment of a reassembled PDU]"
"68990","38.507241625","192.168.1.55","192.168.1.2","TCP","1514","8004  >  36968 [ACK] Seq=34942 Ack=141 Win=65024 Len=1448 TSval=2916042587 TSecr=3045562361 [TCP segment of a reassembled PDU]"
"68991","38.507244644","192.168.1.55","192.168.1.2","TCP","1514","8004  >  36968 [ACK] Seq=36390 Ack=141 Win=65024 Len=1448 TSval=2916042587 TSecr=3045562361 [TCP segment of a reassembled PDU]"
"68992","38.507246199","192.168.1.55","192.168.1.2","TCP","1514","8004  >  36968 [PSH, ACK] Seq=37838 Ack=141 Win=65024 Len=1448 TSval=2916042587 TSecr=3045562361 [TCP segment of a reassembled PDU]"
"68993","38.508724628","192.168.1.2","192.168.1.55","TCP","66","36968  >  8004 [ACK] Seq=141 Ack=13222 Win=76800 Len=0 TSval=3045562362 TSecr=2916042583"
"68994","38.508756424","192.168.1.55","192.168.1.2","TCP","1514","8004  >  36968 [ACK] Seq=39286 Ack=141 Win=65024 Len=1448 TSval=2916042589 TSecr=3045562362 [TCP segment of a reassembled PDU]"
"68995","38.508760998","192.168.1.55","192.168.1.2","TCP","1514","8004  >  36968 [PSH, ACK] Seq=40734 Ack=141 Win=65024 Len=1448 TSval=2916042589 TSecr=3045562362 [TCP segment of a reassembled PDU]"
"68996","38.511248872","192.168.1.2","192.168.1.55","TCP","66","36968  >  8004 [ACK] Seq=141 Ack=16118 Win=82944 Len=0 TSval=3045562365 TSecr=2916042586"
"68997","38.511290206","192.168.1.55","192.168.1.2","TCP","1514","8004  >  36968 [ACK] Seq=42182 Ack=141 Win=65024 Len=1448 TSval=2916042591 TSecr=3045562365 [TCP segment of a reassembled PDU]"
"68998","38.511298669","192.168.1.55","192.168.1.2","TCP","1514","8004  >  36968 [PSH, ACK] Seq=43630 Ack=141 Win=65024 Len=1448 TSval=2916042591 TSecr=3045562365 [TCP segment of a reassembled PDU]"
"68999","38.511357873","192.168.1.2","192.168.1.55","TCP","66","36968  >  8004 [ACK] Seq=141 Ack=29150 Win=83968 Len=0 TSval=3045562366 TSecr=2916042587"
"69000","38.511394169","192.168.1.55","192.168.1.2","TCP","1514","8004  >  36968 [ACK] Seq=45078 Ack=141 Win=65024 Len=1448 TSval=2916042592 TSecr=3045562366 [TCP segment of a reassembled PDU]"
"69001","38.511397613","192.168.1.55","192.168.1.2","TCP","1514","8004  >  36968 [ACK] Seq=46526 Ack=141 Win=65024 Len=1448 TSval=2916042592 TSecr=3045562366 [TCP segment of a reassembled PDU]"
"69002","38.511399280","192.168.1.55","192.168.1.2","TCP","1514","8004  >  36968 [ACK] Seq=47974 Ack=141 Win=65024 Len=1448 TSval=2916042592 TSecr=3045562366 [TCP segment of a reassembled PDU]"
"69003","38.511400447","192.168.1.55","192.168.1.2","TCP","1514","8004  >  36968 [ACK] Seq=49422 Ack=141 Win=65024 Len=1448 TSval=2916042592 TSecr=3045562366 [TCP segment of a reassembled PDU]"
"69004","38.511401891","192.168.1.55","192.168.1.2","TCP","1514","8004  >  36968 [ACK] Seq=50870 Ack=141 Win=65024 Len=1448 TSval=2916042592 TSecr=3045562366 [TCP segment of a reassembled PDU]"
"69005","38.511403373","192.168.1.55","192.168.1.2","TCP","1514","8004  >  36968 [ACK] Seq=52318 Ack=141 Win=65024 Len=1448 TSval=2916042592 TSecr=3045562366 [TCP segment of a reassembled PDU]"
"69006","38.511404965","192.168.1.55","192.168.1.2","TCP","1514","8004  >  36968 [ACK] Seq=53766 Ack=141 Win=65024 Len=1448 TSval=2916042592 TSecr=3045562366 [TCP segment of a reassembled PDU]"
"69007","38.511407262","192.168.1.55","192.168.1.2","TCP","1514","8004  >  36968 [ACK] Seq=55214 Ack=141 Win=65024 Len=1448 TSval=2916042592 TSecr=3045562366 [TCP segment of a reassembled PDU]"
"69008","38.511408484","192.168.1.55","192.168.1.2","TCP","1514","8004  >  36968 [ACK] Seq=56662 Ack=141 Win=65024 Len=1448 TSval=2916042592 TSecr=3045562366 [TCP segment of a reassembled PDU]"
"69009","38.511409706","192.168.1.55","192.168.1.2","TCP","1514","8004  >  36968 [ACK] Seq=58110 Ack=141 Win=65024 Len=1448 TSval=2916042592 TSecr=3045562366 [TCP segment of a reassembled PDU]"
"69010","38.511410817","192.168.1.55","192.168.1.2","TCP","1514","8004  >  36968 [ACK] Seq=59558 Ack=141 Win=65024 Len=1448 TSval=2916042592 TSecr=3045562366 [TCP segment of a reassembled PDU]"
"69011","38.511412113","192.168.1.55","192.168.1.2","TCP","1514","8004  >  36968 [ACK] Seq=61006 Ack=141 Win=65024 Len=1448 TSval=2916042592 TSecr=3045562366 [TCP segment of a reassembled PDU]"
"69012","38.511414113","192.168.1.55","192.168.1.2","TCP","1514","8004  >  36968 [ACK] Seq=62454 Ack=141 Win=65024 Len=1448 TSval=2916042592 TSecr=3045562366 [TCP segment of a reassembled PDU]"
"69013","38.511415836","192.168.1.55","192.168.1.2","TCP","1514","8004  >  36968 [ACK] Seq=63902 Ack=141 Win=65024 Len=1448 TSval=2916042592 TSecr=3045562366 [TCP segment of a reassembled PDU]"
"69014","38.511417095","192.168.1.55","192.168.1.2","TCP","1514","8004  >  36968 [PSH, ACK] Seq=65350 Ack=141 Win=65024 Len=1448 TSval=2916042592 TSecr=3045562366 [TCP segment of a reassembled PDU]"
"69015","38.511423317","192.168.1.2","192.168.1.55","TCP","66","36968  >  8004 [ACK] Seq=141 Ack=39286 Win=74752 Len=0 TSval=3045562366 TSecr=2916042587"
"69016","38.511449132","192.168.1.55","192.168.1.2","TCP","1514","8004  >  36968 [ACK] Seq=66798 Ack=141 Win=65024 Len=1448 TSval=2916042592 TSecr=3045562366 [TCP segment of a reassembled PDU]"
"69017","38.511451447","192.168.1.55","192.168.1.2","TCP","1514","8004  >  36968 [ACK] Seq=68246 Ack=141 Win=65024 Len=1448 TSval=2916042592 TSecr=3045562366 [TCP segment of a reassembled PDU]"
"69018","38.511453984","192.168.1.55","192.168.1.2","TCP","1514","8004  >  36968 [ACK] Seq=69694 Ack=141 Win=65024 Len=1448 TSval=2916042592 TSecr=3045562366 [TCP segment of a reassembled PDU]"
"69019","38.511455595","192.168.1.55","192.168.1.2","TCP","1514","8004  >  36968 [ACK] Seq=71142 Ack=141 Win=65024 Len=1448 TSval=2916042592 TSecr=3045562366 [TCP segment of a reassembled PDU]"
"69020","38.511456762","192.168.1.55","192.168.1.2","TCP","1514","8004  >  36968 [ACK] Seq=72590 Ack=141 Win=65024 Len=1448 TSval=2916042592 TSecr=3045562366 [TCP segment of a reassembled PDU]"
"69021","38.511457873","192.168.1.55","192.168.1.2","TCP","1514","8004  >  36968 [ACK] Seq=74038 Ack=141 Win=65024 Len=1448 TSval=2916042592 TSecr=3045562366 [TCP segment of a reassembled PDU]"
"69022","38.511459151","192.168.1.55","192.168.1.2","TCP","1514","8004  >  36968 [PSH, ACK] Seq=75486 Ack=141 Win=65024 Len=1448 TSval=2916042592 TSecr=3045562366 [TCP segment of a reassembled PDU]"
"69023","38.514387081","192.168.1.2","192.168.1.55","TCP","66","36968  >  8004 [ACK] Seq=141 Ack=42182 Win=90112 Len=0 TSval=3045562368 TSecr=2916042589"
"69024","38.514447915","192.168.1.55","192.168.1.2","TCP","1514","8004  >  36968 [ACK] Seq=76934 Ack=141 Win=65024 Len=1448 TSval=2916042595 TSecr=3045562368 [TCP segment of a reassembled PDU]"
"69025","38.514452655","192.168.1.55","192.168.1.2","TCP","1514","8004  >  36968 [ACK] Seq=78382 Ack=141 Win=65024 Len=1448 TSval=2916042595 TSecr=3045562368 [TCP segment of a reassembled PDU]"
"69026","38.514455100","192.168.1.55","192.168.1.2","TCP","1514","8004  >  36968 [ACK] Seq=79830 Ack=141 Win=65024 Len=1448 TSval=2916042595 TSecr=3045562368 [TCP segment of a reassembled PDU]"
"69027","38.514456748","192.168.1.55","192.168.1.2","TCP","1514","8004  >  36968 [ACK] Seq=81278 Ack=141 Win=65024 Len=1448 TSval=2916042595 TSecr=3045562368 [TCP segment of a reassembled PDU]"
"69028","38.514458341","192.168.1.55","192.168.1.2","TCP","1514","8004  >  36968 [ACK] Seq=82726 Ack=141 Win=65024 Len=1448 TSval=2916042595 TSecr=3045562368 [TCP segment of a reassembled PDU]"
"69029","38.514459637","192.168.1.55","192.168.1.2","TCP","1514","8004  >  36968 [ACK] Seq=84174 Ack=141 Win=65024 Len=1448 TSval=2916042595 TSecr=3045562368 [TCP segment of a reassembled PDU]"
"69030","38.514460748","192.168.1.55","192.168.1.2","TCP","1514","8004  >  36968 [ACK] Seq=85622 Ack=141 Win=65024 Len=1448 TSval=2916042595 TSecr=3045562368 [TCP segment of a reassembled PDU]"
"69031","38.514461841","192.168.1.55","192.168.1.2","TCP","1514","8004  >  36968 [ACK] Seq=87070 Ack=141 Win=65024 Len=1448 TSval=2916042595 TSecr=3045562368 [TCP segment of a reassembled PDU]"
"69032","38.514463285","192.168.1.55","192.168.1.2","TCP","1514","8004  >  36968 [ACK] Seq=88518 Ack=141 Win=65024 Len=1448 TSval=2916042595 TSecr=3045562368 [TCP segment of a reassembled PDU]"
"69033","38.514466063","192.168.1.55","192.168.1.2","TCP","1514","8004  >  36968 [ACK] Seq=89966 Ack=141 Win=65024 Len=1448 TSval=2916042595 TSecr=3045562368 [TCP segment of a reassembled PDU]"
"69034","38.514467692","192.168.1.55","192.168.1.2","TCP","1514","8004  >  36968 [ACK] Seq=91414 Ack=141 Win=65024 Len=1448 TSval=2916042595 TSecr=3045562368 [TCP segment of a reassembled PDU]"
"69035","38.514468878","192.168.1.55","192.168.1.2","TCP","1514","8004  >  36968 [ACK] Seq=92862 Ack=141 Win=65024 Len=1448 TSval=2916042595 TSecr=3045562368 [TCP segment of a reassembled PDU]"
"69036","38.514469989","192.168.1.55","192.168.1.2","TCP","1514","8004  >  36968 [ACK] Seq=94310 Ack=141 Win=65024 Len=1448 TSval=2916042595 TSecr=3045562368 [TCP segment of a reassembled PDU]"
"69037","38.514471063","192.168.1.55","192.168.1.2","TCP","1514","8004  >  36968 [ACK] Seq=95758 Ack=141 Win=65024 Len=1448 TSval=2916042595 TSecr=3045562368 [TCP segment of a reassembled PDU]"
"69038","38.514472137","192.168.1.55","192.168.1.2","TCP","1514","8004  >  36968 [ACK] Seq=97206 Ack=141 Win=65024 Len=1448 TSval=2916042595 TSecr=3045562368 [TCP segment of a reassembled PDU]"
"69039","38.514481989","192.168.1.55","192.168.1.2","TCP","1514","8004  >  36968 [PSH, ACK] Seq=98654 Ack=141 Win=65024 Len=1448 TSval=2916042595 TSecr=3045562368 [TCP segment of a reassembled PDU]"
"69040","38.517172901","192.168.1.2","192.168.1.55","TCP","66","36968  >  8004 [ACK] Seq=141 Ack=45078 Win=92160 Len=0 TSval=3045562370 TSecr=2916042591"
"69041","38.517191641","192.168.1.55","192.168.1.2","TCP","1514","8004  >  36968 [ACK] Seq=100102 Ack=141 Win=65024 Len=1448 TSval=2916042597 TSecr=3045562370 [TCP segment of a reassembled PDU]"
"69042","38.517194678","192.168.1.55","192.168.1.2","TCP","1514","8004  >  36968 [ACK] Seq=101550 Ack=141 Win=65024 Len=1448 TSval=2916042597 TSecr=3045562370 [TCP segment of a reassembled PDU]"
"69043","38.517196234","192.168.1.55","192.168.1.2","TCP","1514","8004  >  36968 [ACK] Seq=102998 Ack=141 Win=65024 Len=1448 TSval=2916042597 TSecr=3045562370 [TCP segment of a reassembled PDU]"
"69044","38.517198549","192.168.1.55","192.168.1.2","TCP","1514","8004  >  36968 [PSH, ACK] Seq=104446 Ack=141 Win=65024 Len=1448 TSval=2916042597 TSecr=3045562370 [TCP segment of a reassembled PDU]"
"69045","38.517281290","192.168.1.2","192.168.1.55","TCP","66","36968  >  8004 [ACK] Seq=141 Ack=66798 Win=70656 Len=0 TSval=3045562370 TSecr=2916042592"
"69046","38.517300660","192.168.1.55","192.168.1.2","TCP","1514","8004  >  36968 [ACK] Seq=105894 Ack=141 Win=65024 Len=1448 TSval=2916042597 TSecr=3045562370 [TCP segment of a reassembled PDU]"
"69047","38.517302382","192.168.1.55","192.168.1.2","TCP","1514","8004  >  36968 [ACK] Seq=107342 Ack=141 Win=65024 Len=1448 TSval=2916042597 TSecr=3045562370 [TCP segment of a reassembled PDU]"
"69048","38.517304716","192.168.1.55","192.168.1.2","TCP","1514","8004  >  36968 [ACK] Seq=108790 Ack=141 Win=65024 Len=1448 TSval=2916042597 TSecr=3045562370 [TCP segment of a reassembled PDU]"
"69049","38.517306123","192.168.1.55","192.168.1.2","TCP","1514","8004  >  36968 [ACK] Seq=110238 Ack=141 Win=65024 Len=1448 TSval=2916042597 TSecr=3045562370 [TCP segment of a reassembled PDU]"
"69050","38.517307438","192.168.1.55","192.168.1.2","TCP","1514","8004  >  36968 [PSH, ACK] Seq=111686 Ack=141 Win=65024 Len=1448 TSval=2916042597 TSecr=3045562370 [TCP segment of a reassembled PDU]"
"69051","38.517342493","192.168.1.55","192.168.1.2","TCP","1514","8004  >  36968 [ACK] Seq=113134 Ack=141 Win=65024 Len=1448 TSval=2916042597 TSecr=3045562370 [TCP segment of a reassembled PDU]"
"69052","38.517344271","192.168.1.55","192.168.1.2","TCP","1514","8004  >  36968 [ACK] Seq=114582 Ack=141 Win=65024 Len=1448 TSval=2916042597 TSecr=3045562370 [TCP segment of a reassembled PDU]"
"69053","38.517345734","192.168.1.55","192.168.1.2","TCP","1514","8004  >  36968 [ACK] Seq=116030 Ack=141 Win=65024 Len=1448 TSval=2916042597 TSecr=3045562370 [TCP segment of a reassembled PDU]"
"69054","38.517347493","192.168.1.55","192.168.1.2","TCP","1514","8004  >  36968 [ACK] Seq=117478 Ack=141 Win=65024 Len=1448 TSval=2916042597 TSecr=3045562370 [TCP segment of a reassembled PDU]"
"69055","38.517348808","192.168.1.55","192.168.1.2","TCP","1514","8004  >  36968 [ACK] Seq=118926 Ack=141 Win=65024 Len=1448 TSval=2916042597 TSecr=3045562370 [TCP segment of a reassembled PDU]"
"69056","38.517351234","192.168.1.55","192.168.1.2","TCP","1514","8004  >  36968 [ACK] Seq=120374 Ack=141 Win=65024 Len=1448 TSval=2916042597 TSecr=3045562370 [TCP segment of a reassembled PDU]"
"69057","38.517352734","192.168.1.55","192.168.1.2","TCP","1514","8004  >  36968 [ACK] Seq=121822 Ack=141 Win=65024 Len=1448 TSval=2916042597 TSecr=3045562370 [TCP segment of a reassembled PDU]"
"69058","38.517354123","192.168.1.55","192.168.1.2","TCP","1514","8004  >  36968 [ACK] Seq=123270 Ack=141 Win=65024 Len=1448 TSval=2916042597 TSecr=3045562370 [TCP segment of a reassembled PDU]"
"69059","38.517356067","192.168.1.55","192.168.1.2","TCP","1514","8004  >  36968 [ACK] Seq=124718 Ack=141 Win=65024 Len=1448 TSval=2916042597 TSecr=3045562370 [TCP segment of a reassembled PDU]"
"69060","38.517357679","192.168.1.55","192.168.1.2","TCP","1514","8004  >  36968 [ACK] Seq=126166 Ack=141 Win=65024 Len=1448 TSval=2916042597 TSecr=3045562370 [TCP segment of a reassembled PDU]"
"69061","38.517359068","192.168.1.55","192.168.1.2","TCP","1514","8004  >  36968 [ACK] Seq=127614 Ack=141 Win=65024 Len=1448 TSval=2916042597 TSecr=3045562370 [TCP segment of a reassembled PDU]"
"69062","38.517361160","192.168.1.55","192.168.1.2","TCP","1514","8004  >  36968 [ACK] Seq=129062 Ack=141 Win=65024 Len=1448 TSval=2916042597 TSecr=3045562370 [TCP segment of a reassembled PDU]"
"69063","38.517363216","192.168.1.55","192.168.1.2","TCP","1514","8004  >  36968 [ACK] Seq=130510 Ack=141 Win=65024 Len=1448 TSval=2916042597 TSecr=3045562370 [TCP segment of a reassembled PDU]"
"69064","38.517364568","192.168.1.55","192.168.1.2","TCP","1514","8004  >  36968 [ACK] Seq=131958 Ack=141 Win=65024 Len=1448 TSval=2916042597 TSecr=3045562370 [TCP segment of a reassembled PDU]"
"69065","38.517366382","192.168.1.55","192.168.1.2","TCP","1514","8004  >  36968 [ACK] Seq=133406 Ack=141 Win=65024 Len=1448 TSval=2916042597 TSecr=3045562370 [TCP segment of a reassembled PDU]"
"69066","38.517367771","192.168.1.55","192.168.1.2","TCP","1514","8004  >  36968 [ACK] Seq=134854 Ack=141 Win=65024 Len=1448 TSval=2916042597 TSecr=3045562370 [TCP segment of a reassembled PDU]"
"69067","38.517368938","192.168.1.55","192.168.1.2","TCP","1218","[TCP Window Full] 8004  >  36968 [PSH, ACK] Seq=136302 Ack=141 Win=65024 Len=1152 TSval=2916042597 TSecr=3045562370 [TCP segment of a reassembled PDU]"
"69068","38.517375068","192.168.1.2","192.168.1.55","TCP","66","36968  >  8004 [ACK] Seq=141 Ack=76934 Win=61440 Len=0 TSval=3045562371 TSecr=2916042592"
"69069","38.521592982","192.168.1.2","192.168.1.55","TCP","66","36968  >  8004 [ACK] Seq=141 Ack=91414 Win=78848 Len=0 TSval=3045562372 TSecr=2916042595"
"69070","38.521622056","192.168.1.55","192.168.1.2","TCP","1514","8004  >  36968 [ACK] Seq=137454 Ack=141 Win=65024 Len=1448 TSval=2916042602 TSecr=3045562372 [TCP segment of a reassembled PDU]"
"69071","38.521625908","192.168.1.55","192.168.1.2","TCP","1514","8004  >  36968 [ACK] Seq=138902 Ack=141 Win=65024 Len=1448 TSval=2916042602 TSecr=3045562372 [TCP segment of a reassembled PDU]"
"69072","38.521627167","192.168.1.55","192.168.1.2","TCP","1514","8004  >  36968 [ACK] Seq=140350 Ack=141 Win=65024 Len=1448 TSval=2916042602 TSecr=3045562372 [TCP segment of a reassembled PDU]"
"69073","38.521628945","192.168.1.55","192.168.1.2","TCP","1514","8004  >  36968 [ACK] Seq=141798 Ack=141 Win=65024 Len=1448 TSval=2916042602 TSecr=3045562372 [TCP segment of a reassembled PDU]"
"69074","38.521630148","192.168.1.55","192.168.1.2","TCP","1514","8004  >  36968 [ACK] Seq=143246 Ack=141 Win=65024 Len=1448 TSval=2916042602 TSecr=3045562372 [TCP segment of a reassembled PDU]"
"69075","38.521631500","192.168.1.55","192.168.1.2","TCP","1514","8004  >  36968 [ACK] Seq=144694 Ack=141 Win=65024 Len=1448 TSval=2916042602 TSecr=3045562372 [TCP segment of a reassembled PDU]"
"69076","38.521632797","192.168.1.55","192.168.1.2","TCP","1514","8004  >  36968 [ACK] Seq=146142 Ack=141 Win=65024 Len=1448 TSval=2916042602 TSecr=3045562372 [TCP segment of a reassembled PDU]"
"69077","38.521634000","192.168.1.55","192.168.1.2","TCP","1514","8004  >  36968 [PSH, ACK] Seq=147590 Ack=141 Win=65024 Len=1448 TSval=2916042602 TSecr=3045562372 [TCP segment of a reassembled PDU]"
"69078","38.521640815","192.168.1.55","192.168.1.2","TCP","362","8004  >  36968 [ACK] Seq=149038 Ack=141 Win=65024 Len=296 TSval=2916042602 TSecr=3045562372 [TCP segment of a reassembled PDU]"
"69079","38.521696463","192.168.1.2","192.168.1.55","TCP","66","36968  >  8004 [ACK] Seq=141 Ack=100102 Win=84992 Len=0 TSval=3045562374 TSecr=2916042595"
"69080","38.521730482","192.168.1.55","192.168.1.2","TCP","1514","8004  >  36968 [ACK] Seq=149334 Ack=141 Win=65024 Len=1448 TSval=2916042602 TSecr=3045562374 [TCP segment of a reassembled PDU]"
"69081","38.521732778","192.168.1.55","192.168.1.2","TCP","1514","8004  >  36968 [ACK] Seq=150782 Ack=141 Win=65024 Len=1448 TSval=2916042602 TSecr=3045562374 [TCP segment of a reassembled PDU]"
"69082","38.521734093","192.168.1.55","192.168.1.2","TCP","1514","8004  >  36968 [ACK] Seq=152230 Ack=141 Win=65024 Len=1448 TSval=2916042602 TSecr=3045562374 [TCP segment of a reassembled PDU]"
"69083","38.521735371","192.168.1.55","192.168.1.2","TCP","1514","8004  >  36968 [ACK] Seq=153678 Ack=141 Win=65024 Len=1448 TSval=2916042602 TSecr=3045562374 [TCP segment of a reassembled PDU]"
"69084","38.521736667","192.168.1.55","192.168.1.2","TCP","1514","8004  >  36968 [ACK] Seq=155126 Ack=141 Win=65024 Len=1448 TSval=2916042602 TSecr=3045562374 [TCP segment of a reassembled PDU]"
"69085","38.521737982","192.168.1.55","192.168.1.2","TCP","1514","8004  >  36968 [ACK] Seq=156574 Ack=141 Win=65024 Len=1448 TSval=2916042602 TSecr=3045562374 [TCP segment of a reassembled PDU]"
"69086","38.521739241","192.168.1.55","192.168.1.2","TCP","1514","8004  >  36968 [ACK] Seq=158022 Ack=141 Win=65024 Len=1448 TSval=2916042602 TSecr=3045562374 [TCP segment of a reassembled PDU]"
"69087","38.521740575","192.168.1.55","192.168.1.2","TCP","1514","8004  >  36968 [ACK] Seq=159470 Ack=141 Win=65024 Len=1448 TSval=2916042602 TSecr=3045562374 [TCP segment of a reassembled PDU]"
"69088","38.521741815","192.168.1.55","192.168.1.2","TCP","1514","8004  >  36968 [ACK] Seq=160918 Ack=141 Win=65024 Len=1448 TSval=2916042602 TSecr=3045562374 [TCP segment of a reassembled PDU]"
"69089","38.521743001","192.168.1.55","192.168.1.2","TCP","1514","8004  >  36968 [ACK] Seq=162366 Ack=141 Win=65024 Len=1448 TSval=2916042602 TSecr=3045562374 [TCP segment of a reassembled PDU]"
"69090","38.521744315","192.168.1.55","192.168.1.2","TCP","1514","8004  >  36968 [ACK] Seq=163814 Ack=141 Win=65024 Len=1448 TSval=2916042602 TSecr=3045562374 [TCP segment of a reassembled PDU]"
"69091","38.521745612","192.168.1.55","192.168.1.2","TCP","1514","8004  >  36968 [ACK] Seq=165262 Ack=141 Win=65024 Len=1448 TSval=2916042602 TSecr=3045562374 [TCP segment of a reassembled PDU]"
"69092","38.521747297","192.168.1.55","192.168.1.2","TCP","1514","8004  >  36968 [ACK] Seq=166710 Ack=141 Win=65024 Len=1448 TSval=2916042602 TSecr=3045562374 [TCP segment of a reassembled PDU]"
"69093","38.521748519","192.168.1.55","192.168.1.2","TCP","1514","8004  >  36968 [ACK] Seq=168158 Ack=141 Win=65024 Len=1448 TSval=2916042602 TSecr=3045562374 [TCP segment of a reassembled PDU]"
"69094","38.521749760","192.168.1.55","192.168.1.2","TCP","1514","8004  >  36968 [ACK] Seq=169606 Ack=141 Win=65024 Len=1448 TSval=2916042602 TSecr=3045562374 [TCP segment of a reassembled PDU]"
"69095","38.521751112","192.168.1.55","192.168.1.2","TCP","1514","8004  >  36968 [ACK] Seq=171054 Ack=141 Win=65024 Len=1448 TSval=2916042602 TSecr=3045562374 [TCP segment of a reassembled PDU]"
"69096","38.521752352","192.168.1.55","192.168.1.2","TCP","1514","8004  >  36968 [ACK] Seq=172502 Ack=141 Win=65024 Len=1448 TSval=2916042602 TSecr=3045562374 [TCP segment of a reassembled PDU]"
"69097","38.521753593","192.168.1.55","192.168.1.2","TCP","1514","8004  >  36968 [ACK] Seq=173950 Ack=141 Win=65024 Len=1448 TSval=2916042602 TSecr=3045562374 [TCP segment of a reassembled PDU]"
"69098","38.521754926","192.168.1.55","192.168.1.2","TCP","1514","8004  >  36968 [ACK] Seq=175398 Ack=141 Win=65024 Len=1448 TSval=2916042602 TSecr=3045562374 [TCP segment of a reassembled PDU]"
"69099","38.521756260","192.168.1.55","192.168.1.2","TCP","1514","8004  >  36968 [ACK] Seq=176846 Ack=141 Win=65024 Len=1448 TSval=2916042602 TSecr=3045562374 [TCP segment of a reassembled PDU]"
"69100","38.521757556","192.168.1.55","192.168.1.2","TCP","1514","8004  >  36968 [ACK] Seq=178294 Ack=141 Win=65024 Len=1448 TSval=2916042602 TSecr=3045562374 [TCP segment of a reassembled PDU]"
"69101","38.521758778","192.168.1.55","192.168.1.2","TCP","1514","8004  >  36968 [ACK] Seq=179742 Ack=141 Win=65024 Len=1448 TSval=2916042602 TSecr=3045562374 [TCP segment of a reassembled PDU]"
"69102","38.521760019","192.168.1.55","192.168.1.2","TCP","1514","8004  >  36968 [ACK] Seq=181190 Ack=141 Win=65024 Len=1448 TSval=2916042602 TSecr=3045562374 [TCP segment of a reassembled PDU]"
"69103","38.521761278","192.168.1.55","192.168.1.2","TCP","1514","8004  >  36968 [PSH, ACK] Seq=182638 Ack=141 Win=65024 Len=1448 TSval=2916042602 TSecr=3045562374 [TCP segment of a reassembled PDU]"
"69104","38.524490005","192.168.1.2","192.168.1.55","TCP","66","36968  >  8004 [ACK] Seq=141 Ack=105894 Win=89088 Len=0 TSval=3045562377 TSecr=2916042597"
"69105","38.524501542","192.168.1.55","192.168.1.2","TCP","1514","8004  >  36968 [ACK] Seq=184086 Ack=141 Win=65024 Len=1448 TSval=2916042605 TSecr=3045562377 [TCP segment of a reassembled PDU]"
"69106","38.524504153","192.168.1.55","192.168.1.2","TCP","1514","8004  >  36968 [ACK] Seq=185534 Ack=141 Win=65024 Len=1448 TSval=2916042605 TSecr=3045562377 [TCP segment of a reassembled PDU]"
"69107","38.524505542","192.168.1.55","192.168.1.2","TCP","1514","8004  >  36968 [ACK] Seq=186982 Ack=141 Win=65024 Len=1448 TSval=2916042605 TSecr=3045562377 [TCP segment of a reassembled PDU]"
"69108","38.524506783","192.168.1.55","192.168.1.2","TCP","1514","8004  >  36968 [PSH, ACK] Seq=188430 Ack=141 Win=65024 Len=1448 TSval=2916042605 TSecr=3045562377 [TCP segment of a reassembled PDU]"
"69109","38.524776839","192.168.1.2","192.168.1.55","TCP","66","36968  >  8004 [ACK] Seq=141 Ack=113134 Win=81920 Len=0 TSval=3045562377 TSecr=2916042597"
"69110","38.524783228","192.168.1.2","192.168.1.55","TCP","66","36968  >  8004 [ACK] Seq=141 Ack=137454 Win=78848 Len=0 TSval=3045562377 TSecr=2916042597"
"69111","38.524804783","192.168.1.55","192.168.1.2","TCP","1514","8004  >  36968 [ACK] Seq=189878 Ack=141 Win=65024 Len=1448 TSval=2916042605 TSecr=3045562377 [TCP segment of a reassembled PDU]"
"69112","38.524807043","192.168.1.55","192.168.1.2","TCP","1514","8004  >  36968 [ACK] Seq=191326 Ack=141 Win=65024 Len=1448 TSval=2916042605 TSecr=3045562377 [TCP segment of a reassembled PDU]"
"69113","38.524808394","192.168.1.55","192.168.1.2","TCP","1514","8004  >  36968 [ACK] Seq=192774 Ack=141 Win=65024 Len=1448 TSval=2916042605 TSecr=3045562377 [TCP segment of a reassembled PDU]"
"69114","38.524809783","192.168.1.55","192.168.1.2","TCP","1514","8004  >  36968 [ACK] Seq=194222 Ack=141 Win=65024 Len=1448 TSval=2916042605 TSecr=3045562377 [TCP segment of a reassembled PDU]"
"69115","38.524811098","192.168.1.55","192.168.1.2","TCP","1514","8004  >  36968 [ACK] Seq=195670 Ack=141 Win=65024 Len=1448 TSval=2916042605 TSecr=3045562377 [TCP segment of a reassembled PDU]"
"69116","38.524812431","192.168.1.55","192.168.1.2","TCP","1514","8004  >  36968 [ACK] Seq=197118 Ack=141 Win=65024 Len=1448 TSval=2916042605 TSecr=3045562377 [TCP segment of a reassembled PDU]"
"69117","38.524814043","192.168.1.55","192.168.1.2","TCP","1514","8004  >  36968 [ACK] Seq=198566 Ack=141 Win=65024 Len=1448 TSval=2916042605 TSecr=3045562377 [TCP segment of a reassembled PDU]"
"69118","38.524815376","192.168.1.55","192.168.1.2","TCP","1514","8004  >  36968 [ACK] Seq=200014 Ack=141 Win=65024 Len=1448 TSval=2916042605 TSecr=3045562377 [TCP segment of a reassembled PDU]"
"69119","38.524816654","192.168.1.55","192.168.1.2","TCP","1514","8004  >  36968 [ACK] Seq=201462 Ack=141 Win=65024 Len=1448 TSval=2916042605 TSecr=3045562377 [TCP segment of a reassembled PDU]"
"69120","38.524818043","192.168.1.55","192.168.1.2","TCP","1514","8004  >  36968 [ACK] Seq=202910 Ack=141 Win=65024 Len=1448 TSval=2916042605 TSecr=3045562377 [TCP segment of a reassembled PDU]"
"69121","38.524819617","192.168.1.55","192.168.1.2","TCP","1514","8004  >  36968 [ACK] Seq=204358 Ack=141 Win=65024 Len=1448 TSval=2916042605 TSecr=3045562377 [TCP segment of a reassembled PDU]"
"69122","38.524820950","192.168.1.55","192.168.1.2","TCP","1514","8004  >  36968 [ACK] Seq=205806 Ack=141 Win=65024 Len=1448 TSval=2916042605 TSecr=3045562377 [TCP segment of a reassembled PDU]"
"69123","38.524822302","192.168.1.55","192.168.1.2","TCP","1514","8004  >  36968 [ACK] Seq=207254 Ack=141 Win=65024 Len=1448 TSval=2916042605 TSecr=3045562377 [TCP segment of a reassembled PDU]"
"69124","38.524823672","192.168.1.55","192.168.1.2","TCP","1514","8004  >  36968 [ACK] Seq=208702 Ack=141 Win=65024 Len=1448 TSval=2916042605 TSecr=3045562377 [TCP segment of a reassembled PDU]"
"69125","38.524825154","192.168.1.55","192.168.1.2","TCP","1514","8004  >  36968 [ACK] Seq=210150 Ack=141 Win=65024 Len=1448 TSval=2916042605 TSecr=3045562377 [TCP segment of a reassembled PDU]"
"69126","38.524826598","192.168.1.55","192.168.1.2","TCP","1514","8004  >  36968 [ACK] Seq=211598 Ack=141 Win=65024 Len=1448 TSval=2916042605 TSecr=3045562377 [TCP segment of a reassembled PDU]"
"69127","38.524827950","192.168.1.55","192.168.1.2","TCP","1514","8004  >  36968 [ACK] Seq=213046 Ack=141 Win=65024 Len=1448 TSval=2916042605 TSecr=3045562377 [TCP segment of a reassembled PDU]"
"69128","38.524829357","192.168.1.55","192.168.1.2","TCP","1514","8004  >  36968 [PSH, ACK] Seq=214494 Ack=141 Win=65024 Len=1448 TSval=2916042605 TSecr=3045562377 [TCP segment of a reassembled PDU]"
"69129","38.527935844","192.168.1.2","192.168.1.55","TCP","66","36968  >  8004 [ACK] Seq=141 Ack=149038 Win=91136 Len=0 TSval=3045562380 TSecr=2916042602"
"69130","38.527951233","192.168.1.55","192.168.1.2","TCP","1514","8004  >  36968 [ACK] Seq=215942 Ack=141 Win=65024 Len=1448 TSval=2916042608 TSecr=3045562380 [TCP segment of a reassembled PDU]"
"69131","38.527953622","192.168.1.55","192.168.1.2","TCP","1514","8004  >  36968 [ACK] Seq=217390 Ack=141 Win=65024 Len=1448 TSval=2916042608 TSecr=3045562380 [TCP segment of a reassembled PDU]"
"69132","38.527954918","192.168.1.55","192.168.1.2","TCP","1514","8004  >  36968 [ACK] Seq=218838 Ack=141 Win=65024 Len=1448 TSval=2916042608 TSecr=3045562380 [TCP segment of a reassembled PDU]"
"69133","38.527956122","192.168.1.55","192.168.1.2","TCP","1514","8004  >  36968 [ACK] Seq=220286 Ack=141 Win=65024 Len=1448 TSval=2916042608 TSecr=3045562380 [TCP segment of a reassembled PDU]"
"69134","38.527957437","192.168.1.55","192.168.1.2","TCP","1514","8004  >  36968 [ACK] Seq=221734 Ack=141 Win=65024 Len=1448 TSval=2916042608 TSecr=3045562380 [TCP segment of a reassembled PDU]"
"69135","38.527958696","192.168.1.55","192.168.1.2","TCP","1514","8004  >  36968 [ACK] Seq=223182 Ack=141 Win=65024 Len=1448 TSval=2916042608 TSecr=3045562380 [TCP segment of a reassembled PDU]"
"69136","38.527959881","192.168.1.55","192.168.1.2","TCP","1514","8004  >  36968 [ACK] Seq=224630 Ack=141 Win=65024 Len=1448 TSval=2916042608 TSecr=3045562380 [TCP segment of a reassembled PDU]"
"69137","38.527961214","192.168.1.55","192.168.1.2","TCP","1514","8004  >  36968 [ACK] Seq=226078 Ack=141 Win=65024 Len=1448 TSval=2916042608 TSecr=3045562380 [TCP segment of a reassembled PDU]"
"69138","38.527962474","192.168.1.55","192.168.1.2","TCP","1514","8004  >  36968 [ACK] Seq=227526 Ack=141 Win=65024 Len=1448 TSval=2916042608 TSecr=3045562380 [TCP segment of a reassembled PDU]"
"69139","38.527963659","192.168.1.55","192.168.1.2","TCP","1514","8004  >  36968 [PSH, ACK] Seq=228974 Ack=141 Win=65024 Len=1448 TSval=2916042608 TSecr=3045562380 [TCP segment of a reassembled PDU]"
"69140","38.528453604","192.168.1.2","192.168.1.55","TCP","66","36968  >  8004 [ACK] Seq=141 Ack=149334 Win=95232 Len=0 TSval=3045562380 TSecr=2916042602"
"69141","38.528460215","192.168.1.2","192.168.1.55","TCP","66","36968  >  8004 [ACK] Seq=141 Ack=173950 Win=79872 Len=0 TSval=3045562380 TSecr=2916042602"
"69142","38.528465567","192.168.1.2","192.168.1.55","TCP","66","36968  >  8004 [ACK] Seq=141 Ack=181190 Win=95232 Len=0 TSval=3045562381 TSecr=2916042602"
"69143","38.528493123","192.168.1.55","192.168.1.2","TCP","1514","8004  >  36968 [ACK] Seq=230422 Ack=141 Win=65024 Len=1448 TSval=2916042609 TSecr=3045562381 [TCP segment of a reassembled PDU]"
"69144","38.528495549","192.168.1.55","192.168.1.2","TCP","1514","8004  >  36968 [ACK] Seq=231870 Ack=141 Win=65024 Len=1448 TSval=2916042609 TSecr=3045562381 [TCP segment of a reassembled PDU]"
"69145","38.528496882","192.168.1.55","192.168.1.2","TCP","1514","8004  >  36968 [ACK] Seq=233318 Ack=141 Win=65024 Len=1448 TSval=2916042609 TSecr=3045562381 [TCP segment of a reassembled PDU]"
"69146","38.528498197","192.168.1.55","192.168.1.2","TCP","1514","8004  >  36968 [ACK] Seq=234766 Ack=141 Win=65024 Len=1448 TSval=2916042609 TSecr=3045562381 [TCP segment of a reassembled PDU]"
"69147","38.528499530","192.168.1.55","192.168.1.2","TCP","1514","8004  >  36968 [ACK] Seq=236214 Ack=141 Win=65024 Len=1448 TSval=2916042609 TSecr=3045562381 [TCP segment of a reassembled PDU]"
"69148","38.528500900","192.168.1.55","192.168.1.2","TCP","1514","8004  >  36968 [ACK] Seq=237662 Ack=141 Win=65024 Len=1448 TSval=2916042609 TSecr=3045562381 [TCP segment of a reassembled PDU]"
"69149","38.528502104","192.168.1.55","192.168.1.2","TCP","1514","8004  >  36968 [ACK] Seq=239110 Ack=141 Win=65024 Len=1448 TSval=2916042609 TSecr=3045562381 [TCP segment of a reassembled PDU]"
"69150","38.528503437","192.168.1.55","192.168.1.2","TCP","1514","8004  >  36968 [ACK] Seq=240558 Ack=141 Win=65024 Len=1448 TSval=2916042609 TSecr=3045562381 [TCP segment of a reassembled PDU]"
"69151","38.528504771","192.168.1.55","192.168.1.2","TCP","1514","8004  >  36968 [ACK] Seq=242006 Ack=141 Win=65024 Len=1448 TSval=2916042609 TSecr=3045562381 [TCP segment of a reassembled PDU]"
"69152","38.528506104","192.168.1.55","192.168.1.2","TCP","1514","8004  >  36968 [ACK] Seq=243454 Ack=141 Win=65024 Len=1448 TSval=2916042609 TSecr=3045562381 [TCP segment of a reassembled PDU]"
"69153","38.528507419","192.168.1.55","192.168.1.2","TCP","1514","8004  >  36968 [ACK] Seq=244902 Ack=141 Win=65024 Len=1448 TSval=2916042609 TSecr=3045562381 [TCP segment of a reassembled PDU]"
"69154","38.528508789","192.168.1.55","192.168.1.2","TCP","1514","8004  >  36968 [ACK] Seq=246350 Ack=141 Win=65024 Len=1448 TSval=2916042609 TSecr=3045562381 [TCP segment of a reassembled PDU]"
"69155","38.528510011","192.168.1.55","192.168.1.2","TCP","1514","8004  >  36968 [ACK] Seq=247798 Ack=141 Win=65024 Len=1448 TSval=2916042609 TSecr=3045562381 [TCP segment of a reassembled PDU]"
"69156","38.528511271","192.168.1.55","192.168.1.2","TCP","1514","8004  >  36968 [ACK] Seq=249246 Ack=141 Win=65024 Len=1448 TSval=2916042609 TSecr=3045562381 [TCP segment of a reassembled PDU]"
"69157","38.528512512","192.168.1.55","192.168.1.2","TCP","1514","8004  >  36968 [ACK] Seq=250694 Ack=141 Win=65024 Len=1448 TSval=2916042609 TSecr=3045562381 [TCP segment of a reassembled PDU]"
"69158","38.528513993","192.168.1.55","192.168.1.2","TCP","1514","8004  >  36968 [ACK] Seq=252142 Ack=141 Win=65024 Len=1448 TSval=2916042609 TSecr=3045562381 [TCP segment of a reassembled PDU]"
"69159","38.528515308","192.168.1.55","192.168.1.2","TCP","1514","8004  >  36968 [ACK] Seq=253590 Ack=141 Win=65024 Len=1448 TSval=2916042609 TSecr=3045562381 [TCP segment of a reassembled PDU]"
"69160","38.528516641","192.168.1.55","192.168.1.2","TCP","1514","8004  >  36968 [ACK] Seq=255038 Ack=141 Win=65024 Len=1448 TSval=2916042609 TSecr=3045562381 [TCP segment of a reassembled PDU]"
"69161","38.528518160","192.168.1.55","192.168.1.2","TCP","1514","8004  >  36968 [ACK] Seq=256486 Ack=141 Win=65024 Len=1448 TSval=2916042609 TSecr=3045562381 [TCP segment of a reassembled PDU]"
"69162","38.528519382","192.168.1.55","192.168.1.2","TCP","1514","8004  >  36968 [ACK] Seq=257934 Ack=141 Win=65024 Len=1448 TSval=2916042609 TSecr=3045562381 [TCP segment of a reassembled PDU]"
"69163","38.528520715","192.168.1.55","192.168.1.2","TCP","1514","8004  >  36968 [ACK] Seq=259382 Ack=141 Win=65024 Len=1448 TSval=2916042609 TSecr=3045562381 [TCP segment of a reassembled PDU]"
"69164","38.528521993","192.168.1.55","192.168.1.2","TCP","1514","8004  >  36968 [ACK] Seq=260830 Ack=141 Win=65024 Len=1448 TSval=2916042609 TSecr=3045562381 [TCP segment of a reassembled PDU]"
"69165","38.528523308","192.168.1.55","192.168.1.2","TCP","1514","8004  >  36968 [ACK] Seq=262278 Ack=141 Win=65024 Len=1448 TSval=2916042609 TSecr=3045562381 [TCP segment of a reassembled PDU]"
"69166","38.528524623","192.168.1.55","192.168.1.2","TCP","1514","8004  >  36968 [ACK] Seq=263726 Ack=141 Win=65024 Len=1448 TSval=2916042609 TSecr=3045562381 [TCP segment of a reassembled PDU]"
"69167","38.528526326","192.168.1.55","192.168.1.2","TCP","1514","8004  >  36968 [ACK] Seq=265174 Ack=141 Win=65024 Len=1448 TSval=2916042609 TSecr=3045562381 [TCP segment of a reassembled PDU]"
"69168","38.528527641","192.168.1.55","192.168.1.2","TCP","1514","8004  >  36968 [ACK] Seq=266622 Ack=141 Win=65024 Len=1448 TSval=2916042609 TSecr=3045562381 [TCP segment of a reassembled PDU]"
"69169","38.528528919","192.168.1.55","192.168.1.2","TCP","1514","8004  >  36968 [ACK] Seq=268070 Ack=141 Win=65024 Len=1448 TSval=2916042609 TSecr=3045562381 [TCP segment of a reassembled PDU]"
"69170","38.528530160","192.168.1.55","192.168.1.2","TCP","1514","8004  >  36968 [PSH, ACK] Seq=269518 Ack=141 Win=65024 Len=1448 TSval=2916042609 TSecr=3045562381 [TCP segment of a reassembled PDU]"
"69171","38.528534567","192.168.1.2","192.168.1.55","TCP","66","36968  >  8004 [ACK] Seq=141 Ack=184086 Win=98304 Len=0 TSval=3045562381 TSecr=2916042602"
"69172","38.533006074","192.168.1.2","192.168.1.55","TCP","66","36968  >  8004 [ACK] Seq=141 Ack=189878 Win=96256 Len=0 TSval=3045562384 TSecr=2916042605"
"69173","38.533022648","192.168.1.55","192.168.1.2","TCP","1514","8004  >  36968 [ACK] Seq=270966 Ack=141 Win=65024 Len=1448 TSval=2916042613 TSecr=3045562384 [TCP segment of a reassembled PDU]"
"69174","38.533025037","192.168.1.55","192.168.1.2","TCP","1514","8004  >  36968 [ACK] Seq=272414 Ack=141 Win=65024 Len=1448 TSval=2916042613 TSecr=3045562384 [TCP segment of a reassembled PDU]"
"69175","38.533026537","192.168.1.55","192.168.1.2","TCP","1514","8004  >  36968 [ACK] Seq=273862 Ack=141 Win=65024 Len=1448 TSval=2916042613 TSecr=3045562384 [TCP segment of a reassembled PDU]"
"69176","38.533027834","192.168.1.55","192.168.1.2","TCP","1514","8004  >  36968 [ACK] Seq=275310 Ack=141 Win=65024 Len=1448 TSval=2916042613 TSecr=3045562384 [TCP segment of a reassembled PDU]"
"69177","38.533029278","192.168.1.55","192.168.1.2","TCP","1514","8004  >  36968 [ACK] Seq=276758 Ack=141 Win=65024 Len=1448 TSval=2916042613 TSecr=3045562384 [TCP segment of a reassembled PDU]"
"69178","38.533030667","192.168.1.55","192.168.1.2","TCP","1514","8004  >  36968 [ACK] Seq=278206 Ack=141 Win=65024 Len=1448 TSval=2916042613 TSecr=3045562384 [TCP segment of a reassembled PDU]"
"69179","38.533031982","192.168.1.55","192.168.1.2","TCP","1514","8004  >  36968 [ACK] Seq=279654 Ack=141 Win=65024 Len=1448 TSval=2916042613 TSecr=3045562384 [TCP segment of a reassembled PDU]"
"69180","38.533033630","192.168.1.55","192.168.1.2","TCP","1514","8004  >  36968 [ACK] Seq=281102 Ack=141 Win=65024 Len=1448 TSval=2916042613 TSecr=3045562384 [TCP segment of a reassembled PDU]"
"69181","38.533035019","192.168.1.55","192.168.1.2","TCP","1514","8004  >  36968 [ACK] Seq=282550 Ack=141 Win=65024 Len=1448 TSval=2916042613 TSecr=3045562384 [TCP segment of a reassembled PDU]"
"69182","38.533036315","192.168.1.55","192.168.1.2","TCP","1514","8004  >  36968 [ACK] Seq=283998 Ack=141 Win=65024 Len=1448 TSval=2916042613 TSecr=3045562384 [TCP segment of a reassembled PDU]"
"69183","38.533037630","192.168.1.55","192.168.1.2","TCP","754","[TCP Window Full] 8004  >  36968 [PSH, ACK] Seq=285446 Ack=141 Win=65024 Len=688 TSval=2916042613 TSecr=3045562384 [TCP segment of a reassembled PDU]"
"69184","38.533129463","192.168.1.2","192.168.1.55","TCP","66","36968  >  8004 [ACK] Seq=141 Ack=213046 Win=105472 Len=0 TSval=3045562384 TSecr=2916042605"
"69185","38.533155686","192.168.1.55","192.168.1.2","TCP","1514","8004  >  36968 [ACK] Seq=286134 Ack=141 Win=65024 Len=1448 TSval=2916042613 TSecr=3045562384 [TCP segment of a reassembled PDU]"
"69186","38.533157315","192.168.1.55","192.168.1.2","TCP","1514","8004  >  36968 [ACK] Seq=287582 Ack=141 Win=65024 Len=1448 TSval=2916042613 TSecr=3045562384 [TCP segment of a reassembled PDU]"
"69187","38.533158908","192.168.1.55","192.168.1.2","TCP","1514","8004  >  36968 [ACK] Seq=289030 Ack=141 Win=65024 Len=1448 TSval=2916042613 TSecr=3045562384 [TCP segment of a reassembled PDU]"
"69188","38.533160204","192.168.1.55","192.168.1.2","TCP","1514","8004  >  36968 [ACK] Seq=290478 Ack=141 Win=65024 Len=1448 TSval=2916042613 TSecr=3045562384 [TCP segment of a reassembled PDU]"
"69189","38.533161667","192.168.1.55","192.168.1.2","TCP","1514","8004  >  36968 [ACK] Seq=291926 Ack=141 Win=65024 Len=1448 TSval=2916042613 TSecr=3045562384 [TCP segment of a reassembled PDU]"
"69190","38.533162945","192.168.1.55","192.168.1.2","TCP","1514","8004  >  36968 [ACK] Seq=293374 Ack=141 Win=65024 Len=1448 TSval=2916042613 TSecr=3045562384 [TCP segment of a reassembled PDU]"
"69191","38.533164556","192.168.1.55","192.168.1.2","TCP","1514","8004  >  36968 [ACK] Seq=294822 Ack=141 Win=65024 Len=1448 TSval=2916042613 TSecr=3045562384 [TCP segment of a reassembled PDU]"
"69192","38.533166241","192.168.1.55","192.168.1.2","TCP","1514","8004  >  36968 [ACK] Seq=296270 Ack=141 Win=65024 Len=1448 TSval=2916042613 TSecr=3045562384 [TCP segment of a reassembled PDU]"
"69193","38.533167519","192.168.1.55","192.168.1.2","TCP","1514","8004  >  36968 [ACK] Seq=297718 Ack=141 Win=65024 Len=1448 TSval=2916042613 TSecr=3045562384 [TCP segment of a reassembled PDU]"
"69194","38.533168908","192.168.1.55","192.168.1.2","TCP","1514","8004  >  36968 [ACK] Seq=299166 Ack=141 Win=65024 Len=1448 TSval=2916042613 TSecr=3045562384 [TCP segment of a reassembled PDU]"
"69195","38.533170204","192.168.1.55","192.168.1.2","TCP","1514","8004  >  36968 [ACK] Seq=300614 Ack=141 Win=65024 Len=1448 TSval=2916042613 TSecr=3045562384 [TCP segment of a reassembled PDU]"
"69196","38.533171612","192.168.1.55","192.168.1.2","TCP","1514","8004  >  36968 [ACK] Seq=302062 Ack=141 Win=65024 Len=1448 TSval=2916042613 TSecr=3045562384 [TCP segment of a reassembled PDU]"
"69197","38.533173019","192.168.1.55","192.168.1.2","TCP","1514","8004  >  36968 [ACK] Seq=303510 Ack=141 Win=65024 Len=1448 TSval=2916042613 TSecr=3045562384 [TCP segment of a reassembled PDU]"
"69198","38.533174408","192.168.1.55","192.168.1.2","TCP","1514","8004  >  36968 [ACK] Seq=304958 Ack=141 Win=65024 Len=1448 TSval=2916042613 TSecr=3045562384 [TCP segment of a reassembled PDU]"
"69199","38.533175871","192.168.1.55","192.168.1.2","TCP","1514","8004  >  36968 [ACK] Seq=306406 Ack=141 Win=65024 Len=1448 TSval=2916042613 TSecr=3045562384 [TCP segment of a reassembled PDU]"
"69200","38.533177130","192.168.1.55","192.168.1.2","TCP","1514","8004  >  36968 [ACK] Seq=307854 Ack=141 Win=65024 Len=1448 TSval=2916042613 TSecr=3045562384 [TCP segment of a reassembled PDU]"
"69201","38.533178612","192.168.1.55","192.168.1.2","TCP","1514","8004  >  36968 [ACK] Seq=309302 Ack=141 Win=65024 Len=1448 TSval=2916042613 TSecr=3045562384 [TCP segment of a reassembled PDU]"
"69202","38.533180038","192.168.1.55","192.168.1.2","TCP","1514","8004  >  36968 [ACK] Seq=310750 Ack=141 Win=65024 Len=1448 TSval=2916042613 TSecr=3045562384 [TCP segment of a reassembled PDU]"
"69203","38.533181352","192.168.1.55","192.168.1.2","TCP","1514","8004  >  36968 [ACK] Seq=312198 Ack=141 Win=65024 Len=1448 TSval=2916042613 TSecr=3045562384 [TCP segment of a reassembled PDU]"
"69204","38.533182778","192.168.1.55","192.168.1.2","TCP","1514","8004  >  36968 [PSH, ACK] Seq=313646 Ack=141 Win=65024 Len=1448 TSval=2916042613 TSecr=3045562384 [TCP segment of a reassembled PDU]"
"69205","38.533187723","192.168.1.55","192.168.1.2","TCP","826","8004  >  36968 [PSH, ACK] Seq=315094 Ack=141 Win=65024 Len=760 TSval=2916042613 TSecr=3045562384 [TCP segment of a reassembled PDU]"
"69206","38.533191575","192.168.1.2","192.168.1.55","TCP","66","36968  >  8004 [ACK] Seq=141 Ack=215942 Win=111616 Len=0 TSval=3045562385 TSecr=2916042605"
"69207","38.534689133","192.168.1.2","192.168.1.55","TCP","66","36968  >  8004 [ACK] Seq=141 Ack=230422 Win=140288 Len=0 TSval=3045562388 TSecr=2916042608"
"69208","38.534722910","192.168.1.55","192.168.1.2","TCP","1514","8004  >  36968 [ACK] Seq=315854 Ack=141 Win=65024 Len=1448 TSval=2916042615 TSecr=3045562388 [TCP segment of a reassembled PDU]"
"69209","38.534725503","192.168.1.55","192.168.1.2","TCP","1514","8004  >  36968 [ACK] Seq=317302 Ack=141 Win=65024 Len=1448 TSval=2916042615 TSecr=3045562388 [TCP segment of a reassembled PDU]"
"69210","38.534726818","192.168.1.55","192.168.1.2","TCP","1514","8004  >  36968 [ACK] Seq=318750 Ack=141 Win=65024 Len=1448 TSval=2916042615 TSecr=3045562388 [TCP segment of a reassembled PDU]"
"69211","38.534728096","192.168.1.55","192.168.1.2","TCP","1514","8004  >  36968 [ACK] Seq=320198 Ack=141 Win=65024 Len=1448 TSval=2916042615 TSecr=3045562388 [TCP segment of a reassembled PDU]"
"69212","38.534729522","192.168.1.55","192.168.1.2","TCP","1514","8004  >  36968 [ACK] Seq=321646 Ack=141 Win=65024 Len=1448 TSval=2916042615 TSecr=3045562388 [TCP segment of a reassembled PDU]"
"69213","38.534730818","192.168.1.55","192.168.1.2","TCP","1514","8004  >  36968 [ACK] Seq=323094 Ack=141 Win=65024 Len=1448 TSval=2916042615 TSecr=3045562388 [TCP segment of a reassembled PDU]"
"69214","38.534732207","192.168.1.55","192.168.1.2","TCP","1514","8004  >  36968 [ACK] Seq=324542 Ack=141 Win=65024 Len=1448 TSval=2916042615 TSecr=3045562388 [TCP segment of a reassembled PDU]"
"69215","38.534733577","192.168.1.55","192.168.1.2","TCP","1514","8004  >  36968 [ACK] Seq=325990 Ack=141 Win=65024 Len=1448 TSval=2916042615 TSecr=3045562388 [TCP segment of a reassembled PDU]"
"69216","38.534734948","192.168.1.55","192.168.1.2","TCP","1514","8004  >  36968 [ACK] Seq=327438 Ack=141 Win=65024 Len=1448 TSval=2916042615 TSecr=3045562388 [TCP segment of a reassembled PDU]"
"69217","38.534736762","192.168.1.55","192.168.1.2","TCP","1514","8004  >  36968 [ACK] Seq=328886 Ack=141 Win=65024 Len=1448 TSval=2916042615 TSecr=3045562388 [TCP segment of a reassembled PDU]"
"69218","38.534738114","192.168.1.55","192.168.1.2","TCP","1514","8004  >  36968 [ACK] Seq=330334 Ack=141 Win=65024 Len=1448 TSval=2916042615 TSecr=3045562388 [TCP segment of a reassembled PDU]"
"69219","38.534739466","192.168.1.55","192.168.1.2","TCP","1514","8004  >  36968 [ACK] Seq=331782 Ack=141 Win=65024 Len=1448 TSval=2916042615 TSecr=3045562388 [TCP segment of a reassembled PDU]"
"69220","38.534744892","192.168.1.55","192.168.1.2","TCP","1514","8004  >  36968 [ACK] Seq=333230 Ack=141 Win=65024 Len=1448 TSval=2916042615 TSecr=3045562388 [TCP segment of a reassembled PDU]"
"69221","38.534746448","192.168.1.55","192.168.1.2","TCP","1514","8004  >  36968 [ACK] Seq=334678 Ack=141 Win=65024 Len=1448 TSval=2916042615 TSecr=3045562388 [TCP segment of a reassembled PDU]"
"69222","38.534747836","192.168.1.55","192.168.1.2","TCP","1514","8004  >  36968 [ACK] Seq=336126 Ack=141 Win=65024 Len=1448 TSval=2916042615 TSecr=3045562388 [TCP segment of a reassembled PDU]"
"69223","38.534749281","192.168.1.55","192.168.1.2","TCP","1514","8004  >  36968 [ACK] Seq=337574 Ack=141 Win=65024 Len=1448 TSval=2916042615 TSecr=3045562388 [TCP segment of a reassembled PDU]"
"69224","38.534750577","192.168.1.55","192.168.1.2","TCP","1514","8004  >  36968 [ACK] Seq=339022 Ack=141 Win=65024 Len=1448 TSval=2916042615 TSecr=3045562388 [TCP segment of a reassembled PDU]"
"69225","38.534752262","192.168.1.55","192.168.1.2","TCP","1514","8004  >  36968 [ACK] Seq=340470 Ack=141 Win=65024 Len=1448 TSval=2916042615 TSecr=3045562388 [TCP segment of a reassembled PDU]"
"69226","38.534753559","192.168.1.55","192.168.1.2","TCP","1514","8004  >  36968 [ACK] Seq=341918 Ack=141 Win=65024 Len=1448 TSval=2916042615 TSecr=3045562388 [TCP segment of a reassembled PDU]"
"69227","38.534754911","192.168.1.55","192.168.1.2","TCP","1514","8004  >  36968 [ACK] Seq=343366 Ack=141 Win=65024 Len=1448 TSval=2916042615 TSecr=3045562388 [TCP segment of a reassembled PDU]"
"69228","38.534756207","192.168.1.55","192.168.1.2","TCP","1514","8004  >  36968 [ACK] Seq=344814 Ack=141 Win=65024 Len=1448 TSval=2916042615 TSecr=3045562388 [TCP segment of a reassembled PDU]"
"69229","38.534757522","192.168.1.55","192.168.1.2","TCP","1514","8004  >  36968 [ACK] Seq=346262 Ack=141 Win=65024 Len=1448 TSval=2916042615 TSecr=3045562388 [TCP segment of a reassembled PDU]"
"69230","38.534758818","192.168.1.55","192.168.1.2","TCP","1514","8004  >  36968 [ACK] Seq=347710 Ack=141 Win=65024 Len=1448 TSval=2916042615 TSecr=3045562388 [TCP segment of a reassembled PDU]"
"69231","38.534760262","192.168.1.55","192.168.1.2","TCP","1514","8004  >  36968 [ACK] Seq=349158 Ack=141 Win=65024 Len=1448 TSval=2916042615 TSecr=3045562388 [TCP segment of a reassembled PDU]"
"69232","38.534761651","192.168.1.55","192.168.1.2","TCP","1514","8004  >  36968 [ACK] Seq=350606 Ack=141 Win=65024 Len=1448 TSval=2916042615 TSecr=3045562388 [TCP segment of a reassembled PDU]"
"69233","38.534763040","192.168.1.55","192.168.1.2","TCP","1514","8004  >  36968 [ACK] Seq=352054 Ack=141 Win=65024 Len=1448 TSval=2916042615 TSecr=3045562388 [TCP segment of a reassembled PDU]"
"69234","38.534764485","192.168.1.55","192.168.1.2","TCP","1514","8004  >  36968 [ACK] Seq=353502 Ack=141 Win=65024 Len=1448 TSval=2916042615 TSecr=3045562388 [TCP segment of a reassembled PDU]"
"69235","38.534765873","192.168.1.55","192.168.1.2","TCP","1514","8004  >  36968 [ACK] Seq=354950 Ack=141 Win=65024 Len=1448 TSval=2916042615 TSecr=3045562388 [TCP segment of a reassembled PDU]"
"69236","38.534767170","192.168.1.55","192.168.1.2","TCP","1514","8004  >  36968 [ACK] Seq=356398 Ack=141 Win=65024 Len=1448 TSval=2916042615 TSecr=3045562388 [TCP segment of a reassembled PDU]"
"69237","38.534768596","192.168.1.55","192.168.1.2","TCP","1514","8004  >  36968 [ACK] Seq=357846 Ack=141 Win=65024 Len=1448 TSval=2916042615 TSecr=3045562388 [TCP segment of a reassembled PDU]"
"69238","38.534769892","192.168.1.55","192.168.1.2","TCP","1514","8004  >  36968 [PSH, ACK] Seq=359294 Ack=141 Win=65024 Len=1448 TSval=2916042615 TSecr=3045562388 [TCP segment of a reassembled PDU]"
"69239","38.535817801","192.168.1.2","192.168.1.55","TCP","66","36968  >  8004 [ACK] Seq=141 Ack=231870 Win=143360 Len=0 TSval=3045562388 TSecr=2916042609"
"69240","38.535843542","192.168.1.55","192.168.1.2","TCP","1514","8004  >  36968 [ACK] Seq=360742 Ack=141 Win=65024 Len=1448 TSval=2916042616 TSecr=3045562388 [TCP segment of a reassembled PDU]"
"69241","38.535845838","192.168.1.55","192.168.1.2","TCP","1514","8004  >  36968 [ACK] Seq=362190 Ack=141 Win=65024 Len=1448 TSval=2916042616 TSecr=3045562388 [TCP segment of a reassembled PDU]"
"69242","38.535847079","192.168.1.55","192.168.1.2","TCP","1514","8004  >  36968 [ACK] Seq=363638 Ack=141 Win=65024 Len=1448 TSval=2916042616 TSecr=3045562388 [TCP segment of a reassembled PDU]"
"69243","38.535848468","192.168.1.55","192.168.1.2","TCP","1514","8004  >  36968 [ACK] Seq=365086 Ack=141 Win=65024 Len=1448 TSval=2916042616 TSecr=3045562388 [TCP segment of a reassembled PDU]"
"69244","38.535849857","192.168.1.55","192.168.1.2","TCP","1514","8004  >  36968 [ACK] Seq=366534 Ack=141 Win=65024 Len=1448 TSval=2916042616 TSecr=3045562388 [TCP segment of a reassembled PDU]"
"69245","38.535851172","192.168.1.55","192.168.1.2","TCP","1514","8004  >  36968 [ACK] Seq=367982 Ack=141 Win=65024 Len=1448 TSval=2916042616 TSecr=3045562388 [TCP segment of a reassembled PDU]"
"69246","38.535852672","192.168.1.55","192.168.1.2","TCP","1514","8004  >  36968 [ACK] Seq=369430 Ack=141 Win=65024 Len=1448 TSval=2916042616 TSecr=3045562388 [TCP segment of a reassembled PDU]"
"69247","38.535854097","192.168.1.55","192.168.1.2","TCP","1514","8004  >  36968 [ACK] Seq=370878 Ack=141 Win=65024 Len=1448 TSval=2916042616 TSecr=3045562388 [TCP segment of a reassembled PDU]"
"69248","38.535855431","192.168.1.55","192.168.1.2","TCP","1514","8004  >  36968 [ACK] Seq=372326 Ack=141 Win=65024 Len=1448 TSval=2916042616 TSecr=3045562388 [TCP segment of a reassembled PDU]"
"69249","38.535856875","192.168.1.55","192.168.1.2","TCP","1514","8004  >  36968 [PSH, ACK] Seq=373774 Ack=141 Win=65024 Len=1448 TSval=2916042616 TSecr=3045562388 [TCP segment of a reassembled PDU]"
"69250","38.535861986","192.168.1.2","192.168.1.55","TCP","66","36968  >  8004 [ACK] Seq=141 Ack=266622 Win=128000 Len=0 TSval=3045562388 TSecr=2916042609"
"69251","38.539274622","192.168.1.2","192.168.1.55","TCP","66","36968  >  8004 [ACK] Seq=141 Ack=268070 Win=146432 Len=0 TSval=3045562390 TSecr=2916042609"
"69252","38.539308399","192.168.1.55","192.168.1.2","TCP","1514","8004  >  36968 [ACK] Seq=375222 Ack=141 Win=65024 Len=1448 TSval=2916042619 TSecr=3045562390 [TCP segment of a reassembled PDU]"
"69253","38.539311270","192.168.1.55","192.168.1.2","TCP","1514","8004  >  36968 [ACK] Seq=376670 Ack=141 Win=65024 Len=1448 TSval=2916042619 TSecr=3045562390 [TCP segment of a reassembled PDU]"
"69254","38.539312622","192.168.1.55","192.168.1.2","TCP","1514","8004  >  36968 [ACK] Seq=378118 Ack=141 Win=65024 Len=1448 TSval=2916042619 TSecr=3045562390 [TCP segment of a reassembled PDU]"
"69255","38.539314140","192.168.1.55","192.168.1.2","TCP","1514","8004  >  36968 [ACK] Seq=379566 Ack=141 Win=65024 Len=1448 TSval=2916042619 TSecr=3045562390 [TCP segment of a reassembled PDU]"
"69256","38.539315436","192.168.1.55","192.168.1.2","TCP","1514","8004  >  36968 [ACK] Seq=381014 Ack=141 Win=65024 Len=1448 TSval=2916042619 TSecr=3045562390 [TCP segment of a reassembled PDU]"
"69257","38.539316825","192.168.1.55","192.168.1.2","TCP","1514","8004  >  36968 [ACK] Seq=382462 Ack=141 Win=65024 Len=1448 TSval=2916042619 TSecr=3045562390 [TCP segment of a reassembled PDU]"
"69258","38.539318196","192.168.1.55","192.168.1.2","TCP","1514","8004  >  36968 [ACK] Seq=383910 Ack=141 Win=65024 Len=1448 TSval=2916042619 TSecr=3045562390 [TCP segment of a reassembled PDU]"
"69259","38.539319548","192.168.1.55","192.168.1.2","TCP","1514","8004  >  36968 [ACK] Seq=385358 Ack=141 Win=65024 Len=1448 TSval=2916042619 TSecr=3045562390 [TCP segment of a reassembled PDU]"
"69260","38.539320844","192.168.1.55","192.168.1.2","TCP","1514","8004  >  36968 [ACK] Seq=386806 Ack=141 Win=65024 Len=1448 TSval=2916042619 TSecr=3045562390 [TCP segment of a reassembled PDU]"
"69261","38.539322122","192.168.1.55","192.168.1.2","TCP","1514","8004  >  36968 [ACK] Seq=388254 Ack=141 Win=65024 Len=1448 TSval=2916042619 TSecr=3045562390 [TCP segment of a reassembled PDU]"
"69262","38.539323603","192.168.1.55","192.168.1.2","TCP","1514","8004  >  36968 [ACK] Seq=389702 Ack=141 Win=65024 Len=1448 TSval=2916042619 TSecr=3045562390 [TCP segment of a reassembled PDU]"
"69263","38.539325066","192.168.1.55","192.168.1.2","TCP","1514","8004  >  36968 [ACK] Seq=391150 Ack=141 Win=65024 Len=1448 TSval=2916042619 TSecr=3045562390 [TCP segment of a reassembled PDU]"
"69264","38.539326455","192.168.1.55","192.168.1.2","TCP","1514","8004  >  36968 [ACK] Seq=392598 Ack=141 Win=65024 Len=1448 TSval=2916042619 TSecr=3045562390 [TCP segment of a reassembled PDU]"
"69265","38.539327807","192.168.1.55","192.168.1.2","TCP","1514","8004  >  36968 [ACK] Seq=394046 Ack=141 Win=65024 Len=1448 TSval=2916042619 TSecr=3045562390 [TCP segment of a reassembled PDU]"
"69266","38.539329140","192.168.1.55","192.168.1.2","TCP","1514","8004  >  36968 [ACK] Seq=395494 Ack=141 Win=65024 Len=1448 TSval=2916042619 TSecr=3045562390 [TCP segment of a reassembled PDU]"
"69267","38.539330418","192.168.1.55","192.168.1.2","TCP","1514","8004  >  36968 [ACK] Seq=396942 Ack=141 Win=65024 Len=1448 TSval=2916042619 TSecr=3045562390 [TCP segment of a reassembled PDU]"
"69268","38.539331788","192.168.1.55","192.168.1.2","TCP","1514","8004  >  36968 [ACK] Seq=398390 Ack=141 Win=65024 Len=1448 TSval=2916042619 TSecr=3045562390 [TCP segment of a reassembled PDU]"
"69269","38.539333066","192.168.1.55","192.168.1.2","TCP","1514","8004  >  36968 [ACK] Seq=399838 Ack=141 Win=65024 Len=1448 TSval=2916042619 TSecr=3045562390 [TCP segment of a reassembled PDU]"
"69270","38.539334529","192.168.1.55","192.168.1.2","TCP","1514","8004  >  36968 [ACK] Seq=401286 Ack=141 Win=65024 Len=1448 TSval=2916042619 TSecr=3045562390 [TCP segment of a reassembled PDU]"
"69271","38.539335918","192.168.1.55","192.168.1.2","TCP","1514","8004  >  36968 [ACK] Seq=402734 Ack=141 Win=65024 Len=1448 TSval=2916042619 TSecr=3045562390 [TCP segment of a reassembled PDU]"
"69272","38.539337325","192.168.1.55","192.168.1.2","TCP","1514","8004  >  36968 [PSH, ACK] Seq=404182 Ack=141 Win=65024 Len=1448 TSval=2916042619 TSecr=3045562390 [TCP segment of a reassembled PDU]"
"69273","38.540209642","192.168.1.2","192.168.1.55","TCP","66","36968  >  8004 [ACK] Seq=141 Ack=270966 Win=152576 Len=0 TSval=3045562390 TSecr=2916042609"
"69274","38.540219142","192.168.1.2","192.168.1.55","TCP","66","36968  >  8004 [ACK] Seq=141 Ack=278206 Win=153600 Len=0 TSval=3045562393 TSecr=2916042613"
"69275","38.540224493","192.168.1.2","192.168.1.55","TCP","66","36968  >  8004 [ACK] Seq=141 Ack=286134 Win=154624 Len=0 TSval=3045562393 TSecr=2916042613"
"69276","38.540229290","192.168.1.2","192.168.1.55","TCP","66","36968  >  8004 [ACK] Seq=141 Ack=307854 Win=133120 Len=0 TSval=3045562393 TSecr=2916042613"
"69277","38.544106074","192.168.1.2","192.168.1.55","TCP","66","36968  >  8004 [ACK] Seq=141 Ack=315094 Win=153600 Len=0 TSval=3045562399 TSecr=2916042613"
"69278","38.544138796","192.168.1.55","192.168.1.2","TCP","1514","8004  >  36968 [ACK] Seq=405630 Ack=141 Win=65024 Len=1448 TSval=2916042624 TSecr=3045562399 [TCP segment of a reassembled PDU]"
"69279","38.544141648","192.168.1.55","192.168.1.2","TCP","1514","8004  >  36968 [ACK] Seq=407078 Ack=141 Win=65024 Len=1448 TSval=2916042624 TSecr=3045562399 [TCP segment of a reassembled PDU]"
"69280","38.544143148","192.168.1.55","192.168.1.2","TCP","1514","8004  >  36968 [ACK] Seq=408526 Ack=141 Win=65024 Len=1448 TSval=2916042624 TSecr=3045562399 [TCP segment of a reassembled PDU]"
"69281","38.544144333","192.168.1.55","192.168.1.2","TCP","1514","8004  >  36968 [ACK] Seq=409974 Ack=141 Win=65024 Len=1448 TSval=2916042624 TSecr=3045562399 [TCP segment of a reassembled PDU]"
"69282","38.544145444","192.168.1.55","192.168.1.2","TCP","1514","8004  >  36968 [ACK] Seq=411422 Ack=141 Win=65024 Len=1448 TSval=2916042624 TSecr=3045562399 [TCP segment of a reassembled PDU]"
"69283","38.544147111","192.168.1.55","192.168.1.2","TCP","1514","8004  >  36968 [ACK] Seq=412870 Ack=141 Win=65024 Len=1448 TSval=2916042624 TSecr=3045562399 [TCP segment of a reassembled PDU]"
"69284","38.544148278","192.168.1.55","192.168.1.2","TCP","1514","8004  >  36968 [ACK] Seq=414318 Ack=141 Win=65024 Len=1448 TSval=2916042624 TSecr=3045562399 [TCP segment of a reassembled PDU]"
"69285","38.544149389","192.168.1.55","192.168.1.2","TCP","1514","8004  >  36968 [ACK] Seq=415766 Ack=141 Win=65024 Len=1448 TSval=2916042624 TSecr=3045562399 [TCP segment of a reassembled PDU]"
"69286","38.544150518","192.168.1.55","192.168.1.2","TCP","1514","8004  >  36968 [ACK] Seq=417214 Ack=141 Win=65024 Len=1448 TSval=2916042624 TSecr=3045562399 [TCP segment of a reassembled PDU]"
"69287","38.544151648","192.168.1.55","192.168.1.2","TCP","1514","8004  >  36968 [ACK] Seq=418662 Ack=141 Win=65024 Len=1448 TSval=2916042624 TSecr=3045562399 [TCP segment of a reassembled PDU]"
"69288","38.544152907","192.168.1.55","192.168.1.2","TCP","1514","8004  >  36968 [ACK] Seq=420110 Ack=141 Win=65024 Len=1448 TSval=2916042624 TSecr=3045562399 [TCP segment of a reassembled PDU]"
"69289","38.544154111","192.168.1.55","192.168.1.2","TCP","1514","8004  >  36968 [ACK] Seq=421558 Ack=141 Win=65024 Len=1448 TSval=2916042624 TSecr=3045562399 [TCP segment of a reassembled PDU]"
"69290","38.544155241","192.168.1.55","192.168.1.2","TCP","1514","8004  >  36968 [ACK] Seq=423006 Ack=141 Win=65024 Len=1448 TSval=2916042624 TSecr=3045562399 [TCP segment of a reassembled PDU]"
"69291","38.544156389","192.168.1.55","192.168.1.2","TCP","1514","8004  >  36968 [ACK] Seq=424454 Ack=141 Win=65024 Len=1448 TSval=2916042624 TSecr=3045562399 [TCP segment of a reassembled PDU]"
"69292","38.544157537","192.168.1.55","192.168.1.2","TCP","1514","8004  >  36968 [ACK] Seq=425902 Ack=141 Win=65024 Len=1448 TSval=2916042624 TSecr=3045562399 [TCP segment of a reassembled PDU]"
"69293","38.544158963","192.168.1.55","192.168.1.2","TCP","1514","8004  >  36968 [ACK] Seq=427350 Ack=141 Win=65024 Len=1448 TSval=2916042624 TSecr=3045562399 [TCP segment of a reassembled PDU]"
"69294","38.544160204","192.168.1.55","192.168.1.2","TCP","1514","8004  >  36968 [ACK] Seq=428798 Ack=141 Win=65024 Len=1448 TSval=2916042624 TSecr=3045562399 [TCP segment of a reassembled PDU]"
"69295","38.544161333","192.168.1.55","192.168.1.2","TCP","1514","8004  >  36968 [ACK] Seq=430246 Ack=141 Win=65024 Len=1448 TSval=2916042624 TSecr=3045562399 [TCP segment of a reassembled PDU]"
"69296","38.544162555","192.168.1.55","192.168.1.2","TCP","1514","8004  >  36968 [ACK] Seq=431694 Ack=141 Win=65024 Len=1448 TSval=2916042624 TSecr=3045562399 [TCP segment of a reassembled PDU]"
"69297","38.544163685","192.168.1.55","192.168.1.2","TCP","1514","8004  >  36968 [ACK] Seq=433142 Ack=141 Win=65024 Len=1448 TSval=2916042624 TSecr=3045562399 [TCP segment of a reassembled PDU]"
"69298","38.544164926","192.168.1.55","192.168.1.2","TCP","1514","8004  >  36968 [ACK] Seq=434590 Ack=141 Win=65024 Len=1448 TSval=2916042624 TSecr=3045562399 [TCP segment of a reassembled PDU]"
"69299","38.544166204","192.168.1.55","192.168.1.2","TCP","1514","8004  >  36968 [ACK] Seq=436038 Ack=141 Win=65024 Len=1448 TSval=2916042624 TSecr=3045562399 [TCP segment of a reassembled PDU]"
"69300","38.544167315","192.168.1.55","192.168.1.2","TCP","1514","8004  >  36968 [ACK] Seq=437486 Ack=141 Win=65024 Len=1448 TSval=2916042624 TSecr=3045562399 [TCP segment of a reassembled PDU]"
"69301","38.544168592","192.168.1.55","192.168.1.2","TCP","1514","8004  >  36968 [ACK] Seq=438934 Ack=141 Win=65024 Len=1448 TSval=2916042624 TSecr=3045562399 [TCP segment of a reassembled PDU]"
"69302","38.544169833","192.168.1.55","192.168.1.2","TCP","1514","8004  >  36968 [ACK] Seq=440382 Ack=141 Win=65024 Len=1448 TSval=2916042624 TSecr=3045562399 [TCP segment of a reassembled PDU]"
"69303","38.544171129","192.168.1.55","192.168.1.2","TCP","1514","8004  >  36968 [ACK] Seq=441830 Ack=141 Win=65024 Len=1448 TSval=2916042624 TSecr=3045562399 [TCP segment of a reassembled PDU]"
"69304","38.544172241","192.168.1.55","192.168.1.2","TCP","1514","8004  >  36968 [ACK] Seq=443278 Ack=141 Win=65024 Len=1448 TSval=2916042624 TSecr=3045562399 [TCP segment of a reassembled PDU]"
"69305","38.544173370","192.168.1.55","192.168.1.2","TCP","1514","8004  >  36968 [ACK] Seq=444726 Ack=141 Win=65024 Len=1448 TSval=2916042624 TSecr=3045562399 [TCP segment of a reassembled PDU]"
"69306","38.544174833","192.168.1.55","192.168.1.2","TCP","1514","8004  >  36968 [ACK] Seq=446174 Ack=141 Win=65024 Len=1448 TSval=2916042624 TSecr=3045562399 [TCP segment of a reassembled PDU]"
"69307","38.544176074","192.168.1.55","192.168.1.2","TCP","1514","8004  >  36968 [ACK] Seq=447622 Ack=141 Win=65024 Len=1448 TSval=2916042624 TSecr=3045562399 [TCP segment of a reassembled PDU]"
"69308","38.544177315","192.168.1.55","192.168.1.2","TCP","1514","8004  >  36968 [PSH, ACK] Seq=449070 Ack=141 Win=65024 Len=1448 TSval=2916042624 TSecr=3045562399 [TCP segment of a reassembled PDU]"
"69309","38.544262685","192.168.1.2","192.168.1.55","TCP","66","36968  >  8004 [ACK] Seq=141 Ack=360742 Win=108544 Len=0 TSval=3045562399 TSecr=2916042613"
"69310","38.544301556","192.168.1.2","192.168.1.55","TCP","66","36968  >  8004 [ACK] Seq=141 Ack=375222 Win=104448 Len=0 TSval=3045562399 TSecr=2916042616"
"69311","38.544306704","192.168.1.2","192.168.1.55","TCP","66","36968  >  8004 [ACK] Seq=141 Ack=402734 Win=77824 Len=0 TSval=3045562399 TSecr=2916042619"
"69312","38.545458595","192.168.1.55","192.168.1.2","TCP","1514","8004  >  36968 [ACK] Seq=450518 Ack=141 Win=65024 Len=1448 TSval=2916042626 TSecr=3045562399 [TCP segment of a reassembled PDU]"
"69313","38.545460780","192.168.1.55","192.168.1.2","TCP","1514","8004  >  36968 [ACK] Seq=451966 Ack=141 Win=65024 Len=1448 TSval=2916042626 TSecr=3045562399 [TCP segment of a reassembled PDU]"
"69314","38.545462206","192.168.1.55","192.168.1.2","TCP","1514","8004  >  36968 [ACK] Seq=453414 Ack=141 Win=65024 Len=1448 TSval=2916042626 TSecr=3045562399 [TCP segment of a reassembled PDU]"
"69315","38.545463539","192.168.1.55","192.168.1.2","TCP","1514","8004  >  36968 [ACK] Seq=454862 Ack=141 Win=65024 Len=1448 TSval=2916042626 TSecr=3045562399 [TCP segment of a reassembled PDU]"
"69316","38.545464817","192.168.1.55","192.168.1.2","TCP","1514","8004  >  36968 [ACK] Seq=456310 Ack=141 Win=65024 Len=1448 TSval=2916042626 TSecr=3045562399 [TCP segment of a reassembled PDU]"
"69317","38.545465983","192.168.1.55","192.168.1.2","TCP","1514","8004  >  36968 [ACK] Seq=457758 Ack=141 Win=65024 Len=1448 TSval=2916042626 TSecr=3045562399 [TCP segment of a reassembled PDU]"
"69318","38.545467095","192.168.1.55","192.168.1.2","TCP","1514","8004  >  36968 [ACK] Seq=459206 Ack=141 Win=65024 Len=1448 TSval=2916042626 TSecr=3045562399 [TCP segment of a reassembled PDU]"
"69319","38.545468409","192.168.1.55","192.168.1.2","TCP","1514","8004  >  36968 [ACK] Seq=460654 Ack=141 Win=65024 Len=1448 TSval=2916042626 TSecr=3045562399 [TCP segment of a reassembled PDU]"
"69320","38.545469520","192.168.1.55","192.168.1.2","TCP","1514","8004  >  36968 [ACK] Seq=462102 Ack=141 Win=65024 Len=1448 TSval=2916042626 TSecr=3045562399 [TCP segment of a reassembled PDU]"
"69321","38.545470669","192.168.1.55","192.168.1.2","TCP","1514","8004  >  36968 [ACK] Seq=463550 Ack=141 Win=65024 Len=1448 TSval=2916042626 TSecr=3045562399 [TCP segment of a reassembled PDU]"
"69322","38.545471835","192.168.1.55","192.168.1.2","TCP","1514","8004  >  36968 [ACK] Seq=464998 Ack=141 Win=65024 Len=1448 TSval=2916042626 TSecr=3045562399 [TCP segment of a reassembled PDU]"
"69323","38.545473002","192.168.1.55","192.168.1.2","TCP","1514","8004  >  36968 [ACK] Seq=466446 Ack=141 Win=65024 Len=1448 TSval=2916042626 TSecr=3045562399 [TCP segment of a reassembled PDU]"
"69324","38.545474261","192.168.1.55","192.168.1.2","TCP","1514","8004  >  36968 [ACK] Seq=467894 Ack=141 Win=65024 Len=1448 TSval=2916042626 TSecr=3045562399 [TCP segment of a reassembled PDU]"
"69325","38.545475354","192.168.1.55","192.168.1.2","TCP","1514","8004  >  36968 [ACK] Seq=469342 Ack=141 Win=65024 Len=1448 TSval=2916042626 TSecr=3045562399 [TCP segment of a reassembled PDU]"
"69326","38.545476539","192.168.1.55","192.168.1.2","TCP","1514","8004  >  36968 [ACK] Seq=470790 Ack=141 Win=65024 Len=1448 TSval=2916042626 TSecr=3045562399 [TCP segment of a reassembled PDU]"
"69327","38.545477743","192.168.1.55","192.168.1.2","TCP","1514","8004  >  36968 [ACK] Seq=472238 Ack=141 Win=65024 Len=1448 TSval=2916042626 TSecr=3045562399 [TCP segment of a reassembled PDU]"
"69328","38.545478854","192.168.1.55","192.168.1.2","TCP","1514","8004  >  36968 [ACK] Seq=473686 Ack=141 Win=65024 Len=1448 TSval=2916042626 TSecr=3045562399 [TCP segment of a reassembled PDU]"
"69329","38.545480502","192.168.1.55","192.168.1.2","TCP","1514","8004  >  36968 [ACK] Seq=475134 Ack=141 Win=65024 Len=1448 TSval=2916042626 TSecr=3045562399 [TCP segment of a reassembled PDU]"
"69330","38.545481576","192.168.1.55","192.168.1.2","TCP","1514","8004  >  36968 [ACK] Seq=476582 Ack=141 Win=65024 Len=1448 TSval=2916042626 TSecr=3045562399 [TCP segment of a reassembled PDU]"
"69331","38.545482798","192.168.1.55","192.168.1.2","TCP","1514","8004  >  36968 [ACK] Seq=478030 Ack=141 Win=65024 Len=1448 TSval=2916042626 TSecr=3045562399 [TCP segment of a reassembled PDU]"
"69332","38.545484002","192.168.1.55","192.168.1.2","TCP","1146","[TCP Window Full] 8004  >  36968 [PSH, ACK] Seq=479478 Ack=141 Win=65024 Len=1080 TSval=2916042626 TSecr=3045562399 [TCP segment of a reassembled PDU]"
"69333","38.545489706","192.168.1.2","192.168.1.55","TCP","66","36968  >  8004 [ACK] Seq=141 Ack=405630 Win=155648 Len=0 TSval=3045562400 TSecr=2916042619"
"69334","38.545524780","192.168.1.55","192.168.1.2","TCP","1514","8004  >  36968 [ACK] Seq=480558 Ack=141 Win=65024 Len=1448 TSval=2916042626 TSecr=3045562400 [TCP segment of a reassembled PDU]"
"69335","38.545527595","192.168.1.55","192.168.1.2","TCP","1514","8004  >  36968 [ACK] Seq=482006 Ack=141 Win=65024 Len=1448 TSval=2916042626 TSecr=3045562400 [TCP segment of a reassembled PDU]"
"69336","38.545528909","192.168.1.55","192.168.1.2","TCP","1514","8004  >  36968 [ACK] Seq=483454 Ack=141 Win=65024 Len=1448 TSval=2916042626 TSecr=3045562400 [TCP segment of a reassembled PDU]"
"69337","38.545530021","192.168.1.55","192.168.1.2","TCP","1514","8004  >  36968 [ACK] Seq=484902 Ack=141 Win=65024 Len=1448 TSval=2916042626 TSecr=3045562400 [TCP segment of a reassembled PDU]"
"69338","38.545531187","192.168.1.55","192.168.1.2","TCP","1514","8004  >  36968 [ACK] Seq=486350 Ack=141 Win=65024 Len=1448 TSval=2916042626 TSecr=3045562400 [TCP segment of a reassembled PDU]"
"69339","38.545532317","192.168.1.55","192.168.1.2","TCP","1514","8004  >  36968 [ACK] Seq=487798 Ack=141 Win=65024 Len=1448 TSval=2916042626 TSecr=3045562400 [TCP segment of a reassembled PDU]"
"69340","38.545533409","192.168.1.55","192.168.1.2","TCP","1514","8004  >  36968 [ACK] Seq=489246 Ack=141 Win=65024 Len=1448 TSval=2916042626 TSecr=3045562400 [TCP segment of a reassembled PDU]"
"69341","38.545534613","192.168.1.55","192.168.1.2","TCP","1514","8004  >  36968 [ACK] Seq=490694 Ack=141 Win=65024 Len=1448 TSval=2916042626 TSecr=3045562400 [TCP segment of a reassembled PDU]"
"69342","38.545535706","192.168.1.55","192.168.1.2","TCP","1514","8004  >  36968 [ACK] Seq=492142 Ack=141 Win=65024 Len=1448 TSval=2916042626 TSecr=3045562400 [TCP segment of a reassembled PDU]"
"69343","38.545536965","192.168.1.55","192.168.1.2","TCP","1514","8004  >  36968 [ACK] Seq=493590 Ack=141 Win=65024 Len=1448 TSval=2916042626 TSecr=3045562400 [TCP segment of a reassembled PDU]"
"69344","38.545538150","192.168.1.55","192.168.1.2","TCP","434","8004  >  36968 [PSH, ACK] Seq=495038 Ack=141 Win=65024 Len=368 TSval=2916042626 TSecr=3045562400 [TCP segment of a reassembled PDU]"
"69345","38.545914114","192.168.1.55","192.168.1.2","TCP","1514","8004  >  36968 [ACK] Seq=495406 Ack=141 Win=65024 Len=1448 TSval=2916042626 TSecr=3045562400 [TCP segment of a reassembled PDU]"
"69346","38.545916169","192.168.1.55","192.168.1.2","TCP","1514","8004  >  36968 [PSH, ACK] Seq=496854 Ack=141 Win=65024 Len=1448 TSval=2916042626 TSecr=3045562400 [TCP segment of a reassembled PDU]"
"69347","38.545922095","192.168.1.55","192.168.1.2","HTTP","1472","HTTP/1.0 200 OK  (PNG)"
"69348","38.550577066","192.168.1.2","192.168.1.55","TCP","66","36968  >  8004 [ACK] Seq=141 Ack=438934 Win=128000 Len=0 TSval=3045562405 TSecr=2916042624"
"69349","38.550701770","192.168.1.2","192.168.1.55","TCP","66","36968  >  8004 [ACK] Seq=141 Ack=450518 Win=151552 Len=0 TSval=3045562405 TSecr=2916042624"
"69350","38.550707955","192.168.1.2","192.168.1.55","TCP","66","36968  >  8004 [ACK] Seq=141 Ack=486350 Win=125952 Len=0 TSval=3045562405 TSecr=2916042626"
"69351","38.551434086","192.168.1.2","192.168.1.55","TCP","66","36968  >  8004 [ACK] Seq=141 Ack=495406 Win=151552 Len=0 TSval=3045562406 TSecr=2916042626"
"69352","38.551543438","192.168.1.2","192.168.1.55","TCP","66","36968  >  8004 [ACK] Seq=141 Ack=498302 Win=149504 Len=0 TSval=3045562406 TSecr=2916042626"
"69353","38.553048903","192.168.1.2","192.168.1.55","TCP","66","36968  >  8004 [FIN, ACK] Seq=141 Ack=499709 Win=158720 Len=0 TSval=3045562407 TSecr=2916042626"
"69354","38.553088996","192.168.1.55","192.168.1.2","TCP","66","8004  >  36968 [ACK] Seq=499709 Ack=142 Win=65024 Len=0 TSval=2916042633 TSecr=3045562407"
"69355","38.553195737","192.168.1.2","192.168.1.55","TCP","74","36970  >  8004 [SYN] Seq=0 Win=64240 Len=0 MSS=1460 SACK_PERM TSval=3045562407 TSecr=0 WS=1024"
"69356","38.553271478","192.168.1.55","192.168.1.2","TCP","74","8004  >  36970 [SYN, ACK] Seq=0 Ack=1 Win=65160 Len=0 MSS=1460 SACK_PERM TSval=2916042633 TSecr=3045562407 WS=128"
"69357","38.556518798","192.168.1.2","192.168.1.55","TCP","66","36970  >  8004 [ACK] Seq=1 Ack=1 Win=64512 Len=0 TSval=3045562411 TSecr=2916042633"
"69358","38.556980076","192.168.1.2","192.168.1.55","HTTP","209","GET /original_benchmark.png HTTP/1.1 "
"69359","38.556993595","192.168.1.55","192.168.1.2","TCP","66","8004  >  36970 [ACK] Seq=1 Ack=144 Win=65024 Len=0 TSval=2916042637 TSecr=3045562411"
"69360","38.557502466","192.168.1.55","192.168.1.2","TCP","255","8004  >  36970 [PSH, ACK] Seq=1 Ack=144 Win=65024 Len=189 TSval=2916042638 TSecr=3045562411 [TCP segment of a reassembled PDU]"
"69361","38.557597762","192.168.1.55","192.168.1.2","TCP","1514","8004  >  36970 [ACK] Seq=190 Ack=144 Win=65024 Len=1448 TSval=2916042638 TSecr=3045562411 [TCP segment of a reassembled PDU]"
"69362","38.557602262","192.168.1.55","192.168.1.2","TCP","1514","8004  >  36970 [ACK] Seq=1638 Ack=144 Win=65024 Len=1448 TSval=2916042638 TSecr=3045562411 [TCP segment of a reassembled PDU]"
"69363","38.557603392","192.168.1.55","192.168.1.2","TCP","1514","8004  >  36970 [ACK] Seq=3086 Ack=144 Win=65024 Len=1448 TSval=2916042638 TSecr=3045562411 [TCP segment of a reassembled PDU]"
"69364","38.557604411","192.168.1.55","192.168.1.2","TCP","1514","8004  >  36970 [ACK] Seq=4534 Ack=144 Win=65024 Len=1448 TSval=2916042638 TSecr=3045562411 [TCP segment of a reassembled PDU]"
"69365","38.557605318","192.168.1.55","192.168.1.2","TCP","1514","8004  >  36970 [PSH, ACK] Seq=5982 Ack=144 Win=65024 Len=1448 TSval=2916042638 TSecr=3045562411 [TCP segment of a reassembled PDU]"
"69366","38.557619429","192.168.1.55","192.168.1.2","TCP","1514","8004  >  36970 [ACK] Seq=7430 Ack=144 Win=65024 Len=1448 TSval=2916042638 TSecr=3045562411 [TCP segment of a reassembled PDU]"
"69367","38.557620762","192.168.1.55","192.168.1.2","TCP","1514","8004  >  36970 [ACK] Seq=8878 Ack=144 Win=65024 Len=1448 TSval=2916042638 TSecr=3045562411 [TCP segment of a reassembled PDU]"
"69368","38.557621818","192.168.1.55","192.168.1.2","TCP","1514","8004  >  36970 [ACK] Seq=10326 Ack=144 Win=65024 Len=1448 TSval=2916042638 TSecr=3045562411 [TCP segment of a reassembled PDU]"
"69369","38.557622799","192.168.1.55","192.168.1.2","TCP","1514","8004  >  36970 [PSH, ACK] Seq=11774 Ack=144 Win=65024 Len=1448 TSval=2916042638 TSecr=3045562411 [TCP segment of a reassembled PDU]"
"69370","38.560479693","192.168.1.2","192.168.1.55","TCP","66","36970  >  8004 [ACK] Seq=144 Ack=190 Win=64512 Len=0 TSval=3045562415 TSecr=2916042638"
"69371","38.560538582","192.168.1.55","192.168.1.2","TCP","1514","8004  >  36970 [ACK] Seq=13222 Ack=144 Win=65024 Len=1448 TSval=2916042641 TSecr=3045562415 [TCP segment of a reassembled PDU]"
"69372","38.560543786","192.168.1.55","192.168.1.2","TCP","1514","8004  >  36970 [PSH, ACK] Seq=14670 Ack=144 Win=65024 Len=1448 TSval=2916042641 TSecr=3045562415 [TCP segment of a reassembled PDU]"
"69373","38.560653304","192.168.1.2","192.168.1.55","TCP","66","36970  >  8004 [ACK] Seq=144 Ack=3086 Win=70656 Len=0 TSval=3045562415 TSecr=2916042638"
"69374","38.560671119","192.168.1.2","192.168.1.55","TCP","66","36970  >  8004 [ACK] Seq=144 Ack=5982 Win=76800 Len=0 TSval=3045562415 TSecr=2916042638"
"69375","38.560690249","192.168.1.55","192.168.1.2","TCP","1514","8004  >  36970 [ACK] Seq=16118 Ack=144 Win=65024 Len=1448 TSval=2916042641 TSecr=3045562415 [TCP segment of a reassembled PDU]"
"69376","38.560692323","192.168.1.55","192.168.1.2","TCP","1514","8004  >  36970 [ACK] Seq=17566 Ack=144 Win=65024 Len=1448 TSval=2916042641 TSecr=3045562415 [TCP segment of a reassembled PDU]"
"69377","38.560693619","192.168.1.55","192.168.1.2","TCP","1514","8004  >  36970 [ACK] Seq=19014 Ack=144 Win=65024 Len=1448 TSval=2916042641 TSecr=3045562415 [TCP segment of a reassembled PDU]"
"69378","38.560695416","192.168.1.55","192.168.1.2","TCP","1514","8004  >  36970 [ACK] Seq=20462 Ack=144 Win=65024 Len=1448 TSval=2916042641 TSecr=3045562415 [TCP segment of a reassembled PDU]"
"69379","38.560696527","192.168.1.55","192.168.1.2","TCP","1514","8004  >  36970 [ACK] Seq=21910 Ack=144 Win=65024 Len=1448 TSval=2916042641 TSecr=3045562415 [TCP segment of a reassembled PDU]"
"69380","38.560697545","192.168.1.55","192.168.1.2","TCP","1514","8004  >  36970 [ACK] Seq=23358 Ack=144 Win=65024 Len=1448 TSval=2916042641 TSecr=3045562415 [TCP segment of a reassembled PDU]"
"69381","38.560698619","192.168.1.55","192.168.1.2","TCP","1514","8004  >  36970 [PSH, ACK] Seq=24806 Ack=144 Win=65024 Len=1448 TSval=2916042641 TSecr=3045562415 [TCP segment of a reassembled PDU]"
"69382","38.564423847","192.168.1.2","192.168.1.55","TCP","66","36970  >  8004 [ACK] Seq=144 Ack=7430 Win=79872 Len=0 TSval=3045562416 TSecr=2916042638"
"69383","38.564501088","192.168.1.55","192.168.1.2","TCP","1514","8004  >  36970 [ACK] Seq=26254 Ack=144 Win=65024 Len=1448 TSval=2916042645 TSecr=3045562416 [TCP segment of a reassembled PDU]"
"69384","38.564509274","192.168.1.55","192.168.1.2","TCP","1514","8004  >  36970 [ACK] Seq=27702 Ack=144 Win=65024 Len=1448 TSval=2916042645 TSecr=3045562416 [TCP segment of a reassembled PDU]"
"69385","38.564511348","192.168.1.55","192.168.1.2","TCP","1514","8004  >  36970 [PSH, ACK] Seq=29150 Ack=144 Win=65024 Len=1448 TSval=2916042645 TSecr=3045562416 [TCP segment of a reassembled PDU]"
"69386","38.564546514","192.168.1.2","192.168.1.55","TCP","66","36970  >  8004 [ACK] Seq=144 Ack=13222 Win=84992 Len=0 TSval=3045562416 TSecr=2916042638"
"69387","38.564577644","192.168.1.55","192.168.1.2","TCP","1514","8004  >  36970 [ACK] Seq=30598 Ack=144 Win=65024 Len=1448 TSval=2916042645 TSecr=3045562416 [TCP segment of a reassembled PDU]"
"69388","38.564580181","192.168.1.55","192.168.1.2","TCP","1514","8004  >  36970 [ACK] Seq=32046 Ack=144 Win=65024 Len=1448 TSval=2916042645 TSecr=3045562416 [TCP segment of a reassembled PDU]"
"69389","38.564581311","192.168.1.55","192.168.1.2","TCP","1514","8004  >  36970 [ACK] Seq=33494 Ack=144 Win=65024 Len=1448 TSval=2916042645 TSecr=3045562416 [TCP segment of a reassembled PDU]"
"69390","38.564582866","192.168.1.55","192.168.1.2","TCP","1514","8004  >  36970 [ACK] Seq=34942 Ack=144 Win=65024 Len=1448 TSval=2916042645 TSecr=3045562416 [TCP segment of a reassembled PDU]"
"69391","38.564584051","192.168.1.55","192.168.1.2","TCP","1514","8004  >  36970 [ACK] Seq=36390 Ack=144 Win=65024 Len=1448 TSval=2916042645 TSecr=3045562416 [TCP segment of a reassembled PDU]"
"69392","38.564584959","192.168.1.55","192.168.1.2","TCP","1514","8004  >  36970 [ACK] Seq=37838 Ack=144 Win=65024 Len=1448 TSval=2916042645 TSecr=3045562416 [TCP segment of a reassembled PDU]"
"69393","38.564586218","192.168.1.55","192.168.1.2","TCP","1514","8004  >  36970 [ACK] Seq=39286 Ack=144 Win=65024 Len=1448 TSval=2916042645 TSecr=3045562416 [TCP segment of a reassembled PDU]"
"69394","38.564587385","192.168.1.55","192.168.1.2","TCP","1514","8004  >  36970 [PSH, ACK] Seq=40734 Ack=144 Win=65024 Len=1448 TSval=2916042645 TSecr=3045562416 [TCP segment of a reassembled PDU]"
"69395","38.565088052","192.168.1.2","192.168.1.55","TCP","66","36970  >  8004 [ACK] Seq=144 Ack=16118 Win=90112 Len=0 TSval=3045562419 TSecr=2916042641"
"69396","38.565105108","192.168.1.55","192.168.1.2","TCP","1514","8004  >  36970 [ACK] Seq=42182 Ack=144 Win=65024 Len=1448 TSval=2916042645 TSecr=3045562419 [TCP segment of a reassembled PDU]"
"69397","38.565107663","192.168.1.55","192.168.1.2","TCP","1514","8004  >  36970 [PSH, ACK] Seq=43630 Ack=144 Win=65024 Len=1448 TSval=2916042645 TSecr=3045562419 [TCP segment of a reassembled PDU]"
"69398","38.565169645","192.168.1.2","192.168.1.55","TCP","66","36970  >  8004 [ACK] Seq=144 Ack=24806 Win=84992 Len=0 TSval=3045562419 TSecr=2916042641"
"69399","38.565199219","192.168.1.55","192.168.1.2","TCP","1514","8004  >  36970 [ACK] Seq=45078 Ack=144 Win=65024 Len=1448 TSval=2916042645 TSecr=3045562419 [TCP segment of a reassembled PDU]"
"69400","38.565201627","192.168.1.55","192.168.1.2","TCP","1514","8004  >  36970 [ACK] Seq=46526 Ack=144 Win=65024 Len=1448 TSval=2916042645 TSecr=3045562419 [TCP segment of a reassembled PDU]"
"69401","38.565202867","192.168.1.55","192.168.1.2","TCP","1514","8004  >  36970 [ACK] Seq=47974 Ack=144 Win=65024 Len=1448 TSval=2916042645 TSecr=3045562419 [TCP segment of a reassembled PDU]"
"69402","38.565204015","192.168.1.55","192.168.1.2","TCP","1514","8004  >  36970 [ACK] Seq=49422 Ack=144 Win=65024 Len=1448 TSval=2916042645 TSecr=3045562419 [TCP segment of a reassembled PDU]"
"69403","38.565205127","192.168.1.55","192.168.1.2","TCP","1514","8004  >  36970 [ACK] Seq=50870 Ack=144 Win=65024 Len=1448 TSval=2916042645 TSecr=3045562419 [TCP segment of a reassembled PDU]"
"69404","38.565206293","192.168.1.55","192.168.1.2","TCP","1514","8004  >  36970 [ACK] Seq=52318 Ack=144 Win=65024 Len=1448 TSval=2916042645 TSecr=3045562419 [TCP segment of a reassembled PDU]"
"69405","38.565207738","192.168.1.55","192.168.1.2","TCP","1514","8004  >  36970 [ACK] Seq=53766 Ack=144 Win=65024 Len=1448 TSval=2916042645 TSecr=3045562419 [TCP segment of a reassembled PDU]"
"69406","38.565208886","192.168.1.55","192.168.1.2","TCP","1514","8004  >  36970 [ACK] Seq=55214 Ack=144 Win=65024 Len=1448 TSval=2916042645 TSecr=3045562419 [TCP segment of a reassembled PDU]"
"69407","38.565210275","192.168.1.55","192.168.1.2","TCP","1514","8004  >  36970 [ACK] Seq=56662 Ack=144 Win=65024 Len=1448 TSval=2916042645 TSecr=3045562419 [TCP segment of a reassembled PDU]"
"69408","38.565211756","192.168.1.55","192.168.1.2","TCP","1514","8004  >  36970 [ACK] Seq=58110 Ack=144 Win=65024 Len=1448 TSval=2916042645 TSecr=3045562419 [TCP segment of a reassembled PDU]"
"69409","38.565213071","192.168.1.55","192.168.1.2","TCP","1514","8004  >  36970 [ACK] Seq=59558 Ack=144 Win=65024 Len=1448 TSval=2916042645 TSecr=3045562419 [TCP segment of a reassembled PDU]"
"69410","38.565214201","192.168.1.55","192.168.1.2","TCP","1514","8004  >  36970 [ACK] Seq=61006 Ack=144 Win=65024 Len=1448 TSval=2916042645 TSecr=3045562419 [TCP segment of a reassembled PDU]"
"69411","38.565215386","192.168.1.55","192.168.1.2","TCP","1514","8004  >  36970 [ACK] Seq=62454 Ack=144 Win=65024 Len=1448 TSval=2916042645 TSecr=3045562419 [TCP segment of a reassembled PDU]"
"69412","38.565216460","192.168.1.55","192.168.1.2","TCP","1514","8004  >  36970 [PSH, ACK] Seq=63902 Ack=144 Win=65024 Len=1448 TSval=2916042645 TSecr=3045562419 [TCP segment of a reassembled PDU]"
"69413","38.565245367","192.168.1.2","192.168.1.55","TCP","66","36970  >  8004 [ACK] Seq=144 Ack=26254 Win=90112 Len=0 TSval=3045562420 TSecr=2916042641"
"69414","38.565277701","192.168.1.55","192.168.1.2","TCP","1514","8004  >  36970 [ACK] Seq=65350 Ack=144 Win=65024 Len=1448 TSval=2916042645 TSecr=3045562420 [TCP segment of a reassembled PDU]"
"69415","38.565280034","192.168.1.55","192.168.1.2","TCP","1514","8004  >  36970 [PSH, ACK] Seq=66798 Ack=144 Win=65024 Len=1448 TSval=2916042645 TSecr=3045562420 [TCP segment of a reassembled PDU]"
"69416","38.570616283","192.168.1.2","192.168.1.55","TCP","66","36970  >  8004 [ACK] Seq=144 Ack=30598 Win=89088 Len=0 TSval=3045562424 TSecr=2916042645"
"69417","38.570707691","192.168.1.55","192.168.1.2","TCP","1514","8004  >  36970 [ACK] Seq=68246 Ack=144 Win=65024 Len=1448 TSval=2916042651 TSecr=3045562424 [TCP segment of a reassembled PDU]"
"69418","38.570714061","192.168.1.55","192.168.1.2","TCP","1514","8004  >  36970 [ACK] Seq=69694 Ack=144 Win=65024 Len=1448 TSval=2916042651 TSecr=3045562424 [TCP segment of a reassembled PDU]"
"69419","38.570715284","192.168.1.55","192.168.1.2","TCP","1514","8004  >  36970 [ACK] Seq=71142 Ack=144 Win=65024 Len=1448 TSval=2916042651 TSecr=3045562424 [TCP segment of a reassembled PDU]"
"69420","38.570716191","192.168.1.55","192.168.1.2","TCP","1514","8004  >  36970 [ACK] Seq=72590 Ack=144 Win=65024 Len=1448 TSval=2916042651 TSecr=3045562424 [TCP segment of a reassembled PDU]"
"69421","38.570717895","192.168.1.55","192.168.1.2","TCP","1514","8004  >  36970 [ACK] Seq=74038 Ack=144 Win=65024 Len=1448 TSval=2916042651 TSecr=3045562424 [TCP segment of a reassembled PDU]"
"69422","38.570719080","192.168.1.55","192.168.1.2","TCP","1514","8004  >  36970 [PSH, ACK] Seq=75486 Ack=144 Win=65024 Len=1448 TSval=2916042651 TSecr=3045562424 [TCP segment of a reassembled PDU]"
"69423","38.570790432","192.168.1.2","192.168.1.55","TCP","66","36970  >  8004 [ACK] Seq=144 Ack=42182 Win=81920 Len=0 TSval=3045562424 TSecr=2916042645"
"69424","38.570854654","192.168.1.55","192.168.1.2","TCP","1514","8004  >  36970 [ACK] Seq=76934 Ack=144 Win=65024 Len=1448 TSval=2916042651 TSecr=3045562424 [TCP segment of a reassembled PDU]"
"69425","38.570857358","192.168.1.55","192.168.1.2","TCP","1514","8004  >  36970 [ACK] Seq=78382 Ack=144 Win=65024 Len=1448 TSval=2916042651 TSecr=3045562424 [TCP segment of a reassembled PDU]"
"69426","38.570858876","192.168.1.55","192.168.1.2","TCP","1514","8004  >  36970 [ACK] Seq=79830 Ack=144 Win=65024 Len=1448 TSval=2916042651 TSecr=3045562424 [TCP segment of a reassembled PDU]"
"69427","38.570860562","192.168.1.55","192.168.1.2","TCP","1514","8004  >  36970 [ACK] Seq=81278 Ack=144 Win=65024 Len=1448 TSval=2916042651 TSecr=3045562424 [TCP segment of a reassembled PDU]"
"69428","38.570862876","192.168.1.55","192.168.1.2","TCP","1514","8004  >  36970 [ACK] Seq=82726 Ack=144 Win=65024 Len=1448 TSval=2916042651 TSecr=3045562424 [TCP segment of a reassembled PDU]"
"69429","38.570863895","192.168.1.55","192.168.1.2","TCP","1514","8004  >  36970 [ACK] Seq=84174 Ack=144 Win=65024 Len=1448 TSval=2916042651 TSecr=3045562424 [TCP segment of a reassembled PDU]"
"69430","38.570865025","192.168.1.55","192.168.1.2","TCP","1514","8004  >  36970 [ACK] Seq=85622 Ack=144 Win=65024 Len=1448 TSval=2916042651 TSecr=3045562424 [TCP segment of a reassembled PDU]"
"69431","38.570865988","192.168.1.55","192.168.1.2","TCP","1514","8004  >  36970 [ACK] Seq=87070 Ack=144 Win=65024 Len=1448 TSval=2916042651 TSecr=3045562424 [TCP segment of a reassembled PDU]"
"69432","38.570867228","192.168.1.55","192.168.1.2","TCP","1514","8004  >  36970 [ACK] Seq=88518 Ack=144 Win=65024 Len=1448 TSval=2916042651 TSecr=3045562424 [TCP segment of a reassembled PDU]"
"69433","38.570868784","192.168.1.55","192.168.1.2","TCP","1514","8004  >  36970 [ACK] Seq=89966 Ack=144 Win=65024 Len=1448 TSval=2916042651 TSecr=3045562424 [TCP segment of a reassembled PDU]"
"69434","38.570870210","192.168.1.55","192.168.1.2","TCP","1514","8004  >  36970 [ACK] Seq=91414 Ack=144 Win=65024 Len=1448 TSval=2916042651 TSecr=3045562424 [TCP segment of a reassembled PDU]"
"69435","38.570871765","192.168.1.55","192.168.1.2","TCP","1514","8004  >  36970 [ACK] Seq=92862 Ack=144 Win=65024 Len=1448 TSval=2916042651 TSecr=3045562424 [TCP segment of a reassembled PDU]"
"69436","38.570873673","192.168.1.55","192.168.1.2","TCP","1514","8004  >  36970 [ACK] Seq=94310 Ack=144 Win=65024 Len=1448 TSval=2916042651 TSecr=3045562424 [TCP segment of a reassembled PDU]"
"69437","38.570874562","192.168.1.55","192.168.1.2","TCP","1514","8004  >  36970 [ACK] Seq=95758 Ack=144 Win=65024 Len=1448 TSval=2916042651 TSecr=3045562424 [TCP segment of a reassembled PDU]"
"69438","38.570875969","192.168.1.55","192.168.1.2","TCP","1514","8004  >  36970 [ACK] Seq=97206 Ack=144 Win=65024 Len=1448 TSval=2916042651 TSecr=3045562424 [TCP segment of a reassembled PDU]"
"69439","38.570876969","192.168.1.55","192.168.1.2","TCP","1514","8004  >  36970 [PSH, ACK] Seq=98654 Ack=144 Win=65024 Len=1448 TSval=2916042651 TSecr=3045562424 [TCP segment of a reassembled PDU]"
"69440","38.570881636","192.168.1.2","192.168.1.55","TCP","78","[TCP Dup ACK 69423#1] 36970  >  8004 [ACK] Seq=144 Ack=42182 Win=81920 Len=0 TSval=3045562424 TSecr=2916042645 SLE=43630 SRE=65350"
"69441","38.570910191","192.168.1.55","192.168.1.2","TCP","1514","[TCP Retransmission] 8004  >  36970 [ACK] Seq=42182 Ack=144 Win=65024 Len=1448 TSval=2916042651 TSecr=3045562424 [TCP segment of a reassembled PDU]"
"69442","38.570915191","192.168.1.2","192.168.1.55","TCP","66","36970  >  8004 [ACK] Seq=144 Ack=65350 Win=59392 Len=0 TSval=3045562424 TSecr=2916042645"
"69443","38.570926506","192.168.1.2","192.168.1.55","TCP","66","36970  >  8004 [ACK] Seq=144 Ack=68246 Win=87040 Len=0 TSval=3045562425 TSecr=2916042645"
"69444","38.571901063","192.168.1.55","192.168.1.2","TCP","1514","8004  >  36970 [ACK] Seq=100102 Ack=144 Win=65024 Len=1448 TSval=2916042652 TSecr=3045562425 [TCP segment of a reassembled PDU]"
"69445","38.571911619","192.168.1.55","192.168.1.2","TCP","1514","8004  >  36970 [ACK] Seq=101550 Ack=144 Win=65024 Len=1448 TSval=2916042652 TSecr=3045562425 [TCP segment of a reassembled PDU]"
"69446","38.571914674","192.168.1.55","192.168.1.2","TCP","1514","8004  >  36970 [PSH, ACK] Seq=102998 Ack=144 Win=65024 Len=1448 TSval=2916042652 TSecr=3045562425 [TCP segment of a reassembled PDU]"
"69447","38.571944452","192.168.1.55","192.168.1.2","TCP","1514","8004  >  36970 [ACK] Seq=104446 Ack=144 Win=65024 Len=1448 TSval=2916042652 TSecr=3045562425 [TCP segment of a reassembled PDU]"
"69448","38.571947323","192.168.1.55","192.168.1.2","TCP","1514","8004  >  36970 [ACK] Seq=105894 Ack=144 Win=65024 Len=1448 TSval=2916042652 TSecr=3045562425 [TCP segment of a reassembled PDU]"
"69449","38.571948804","192.168.1.55","192.168.1.2","TCP","1514","8004  >  36970 [ACK] Seq=107342 Ack=144 Win=65024 Len=1448 TSval=2916042652 TSecr=3045562425 [TCP segment of a reassembled PDU]"
"69450","38.571950156","192.168.1.55","192.168.1.2","TCP","1514","8004  >  36970 [ACK] Seq=108790 Ack=144 Win=65024 Len=1448 TSval=2916042652 TSecr=3045562425 [TCP segment of a reassembled PDU]"
"69451","38.571951730","192.168.1.55","192.168.1.2","TCP","1514","8004  >  36970 [ACK] Seq=110238 Ack=144 Win=65024 Len=1448 TSval=2916042652 TSecr=3045562425 [TCP segment of a reassembled PDU]"
"69452","38.571953471","192.168.1.55","192.168.1.2","TCP","1514","8004  >  36970 [ACK] Seq=111686 Ack=144 Win=65024 Len=1448 TSval=2916042652 TSecr=3045562425 [TCP segment of a reassembled PDU]"
"69453","38.571955230","192.168.1.55","192.168.1.2","TCP","1514","8004  >  36970 [ACK] Seq=113134 Ack=144 Win=65024 Len=1448 TSval=2916042652 TSecr=3045562425 [TCP segment of a reassembled PDU]"
"69454","38.571956249","192.168.1.55","192.168.1.2","TCP","1514","8004  >  36970 [ACK] Seq=114582 Ack=144 Win=65024 Len=1448 TSval=2916042652 TSecr=3045562425 [TCP segment of a reassembled PDU]"
"69455","38.571957378","192.168.1.55","192.168.1.2","TCP","1514","8004  >  36970 [ACK] Seq=116030 Ack=144 Win=65024 Len=1448 TSval=2916042652 TSecr=3045562425 [TCP segment of a reassembled PDU]"
"69456","38.571959378","192.168.1.55","192.168.1.2","TCP","1514","8004  >  36970 [ACK] Seq=117478 Ack=144 Win=65024 Len=1448 TSval=2916042652 TSecr=3045562425 [TCP segment of a reassembled PDU]"
"69457","38.571960730","192.168.1.55","192.168.1.2","TCP","1514","8004  >  36970 [ACK] Seq=118926 Ack=144 Win=65024 Len=1448 TSval=2916042652 TSecr=3045562425 [TCP segment of a reassembled PDU]"
"69458","38.571962212","192.168.1.55","192.168.1.2","TCP","1514","8004  >  36970 [PSH, ACK] Seq=120374 Ack=144 Win=65024 Len=1448 TSval=2916042652 TSecr=3045562425 [TCP segment of a reassembled PDU]"
"69459","38.571976026","192.168.1.55","192.168.1.2","TCP","1514","8004  >  36970 [ACK] Seq=121822 Ack=144 Win=65024 Len=1448 TSval=2916042652 TSecr=3045562425 [TCP segment of a reassembled PDU]"
"69460","38.571980730","192.168.1.55","192.168.1.2","TCP","1514","8004  >  36970 [ACK] Seq=123270 Ack=144 Win=65024 Len=1448 TSval=2916042652 TSecr=3045562425 [TCP segment of a reassembled PDU]"
"69461","38.571981952","192.168.1.55","192.168.1.2","TCP","1514","8004  >  36970 [ACK] Seq=124718 Ack=144 Win=65024 Len=1448 TSval=2916042652 TSecr=3045562425 [TCP segment of a reassembled PDU]"
"69462","38.571983156","192.168.1.55","192.168.1.2","TCP","1514","8004  >  36970 [ACK] Seq=126166 Ack=144 Win=65024 Len=1448 TSval=2916042652 TSecr=3045562425 [TCP segment of a reassembled PDU]"
"69463","38.571984452","192.168.1.55","192.168.1.2","TCP","1514","8004  >  36970 [ACK] Seq=127614 Ack=144 Win=65024 Len=1448 TSval=2916042652 TSecr=3045562425 [TCP segment of a reassembled PDU]"
"69464","38.571985971","192.168.1.55","192.168.1.2","TCP","1514","8004  >  36970 [PSH, ACK] Seq=129062 Ack=144 Win=65024 Len=1448 TSval=2916042652 TSecr=3045562425 [TCP segment of a reassembled PDU]"
"69465","38.577156553","192.168.1.2","192.168.1.55","TCP","66","36970  >  8004 [ACK] Seq=144 Ack=69694 Win=90112 Len=0 TSval=3045562430 TSecr=2916042651"
"69466","38.577250720","192.168.1.55","192.168.1.2","TCP","1514","8004  >  36970 [ACK] Seq=130510 Ack=144 Win=65024 Len=1448 TSval=2916042657 TSecr=3045562430 [TCP segment of a reassembled PDU]"
"69467","38.577258998","192.168.1.55","192.168.1.2","TCP","1514","8004  >  36970 [PSH, ACK] Seq=131958 Ack=144 Win=65024 Len=1448 TSval=2916042657 TSecr=3045562430 [TCP segment of a reassembled PDU]"
"69468","38.577367202","192.168.1.2","192.168.1.55","TCP","66","36970  >  8004 [ACK] Seq=144 Ack=76934 Win=86016 Len=0 TSval=3045562431 TSecr=2916042651"
"69469","38.577384054","192.168.1.2","192.168.1.55","TCP","66","36970  >  8004 [ACK] Seq=144 Ack=89966 Win=73728 Len=0 TSval=3045562431 TSecr=2916042651"
"69470","38.577427665","192.168.1.55","192.168.1.2","TCP","1514","8004  >  36970 [ACK] Seq=133406 Ack=144 Win=65024 Len=1448 TSval=2916042658 TSecr=3045562431 [TCP segment of a reassembled PDU]"
"69471","38.577430702","192.168.1.55","192.168.1.2","TCP","1514","8004  >  36970 [ACK] Seq=134854 Ack=144 Win=65024 Len=1448 TSval=2916042658 TSecr=3045562431 [TCP segment of a reassembled PDU]"
"69472","38.577432461","192.168.1.55","192.168.1.2","TCP","1514","8004  >  36970 [ACK] Seq=136302 Ack=144 Win=65024 Len=1448 TSval=2916042658 TSecr=3045562431 [TCP segment of a reassembled PDU]"
"69473","38.577433906","192.168.1.55","192.168.1.2","TCP","1514","8004  >  36970 [ACK] Seq=137750 Ack=144 Win=65024 Len=1448 TSval=2916042658 TSecr=3045562431 [TCP segment of a reassembled PDU]"
"69474","38.577434924","192.168.1.55","192.168.1.2","TCP","1514","8004  >  36970 [ACK] Seq=139198 Ack=144 Win=65024 Len=1448 TSval=2916042658 TSecr=3045562431 [TCP segment of a reassembled PDU]"
"69475","38.577435998","192.168.1.55","192.168.1.2","TCP","1514","8004  >  36970 [ACK] Seq=140646 Ack=144 Win=65024 Len=1448 TSval=2916042658 TSecr=3045562431 [TCP segment of a reassembled PDU]"
"69476","38.577437591","192.168.1.55","192.168.1.2","TCP","1514","8004  >  36970 [ACK] Seq=142094 Ack=144 Win=65024 Len=1448 TSval=2916042658 TSecr=3045562431 [TCP segment of a reassembled PDU]"
"69477","38.577439128","192.168.1.55","192.168.1.2","TCP","1514","8004  >  36970 [ACK] Seq=143542 Ack=144 Win=65024 Len=1448 TSval=2916042658 TSecr=3045562431 [TCP segment of a reassembled PDU]"
"69478","38.577440832","192.168.1.55","192.168.1.2","TCP","1514","8004  >  36970 [ACK] Seq=144990 Ack=144 Win=65024 Len=1448 TSval=2916042658 TSecr=3045562431 [TCP segment of a reassembled PDU]"
"69479","38.577441961","192.168.1.55","192.168.1.2","TCP","1514","8004  >  36970 [ACK] Seq=146438 Ack=144 Win=65024 Len=1448 TSval=2916042658 TSecr=3045562431 [TCP segment of a reassembled PDU]"
"69480","38.577442906","192.168.1.55","192.168.1.2","TCP","1514","8004  >  36970 [ACK] Seq=147886 Ack=144 Win=65024 Len=1448 TSval=2916042658 TSecr=3045562431 [TCP segment of a reassembled PDU]"
"69481","38.577444239","192.168.1.55","192.168.1.2","TCP","1514","8004  >  36970 [ACK] Seq=149334 Ack=144 Win=65024 Len=1448 TSval=2916042658 TSecr=3045562431 [TCP segment of a reassembled PDU]"
"69482","38.577447239","192.168.1.55","192.168.1.2","TCP","1514","8004  >  36970 [ACK] Seq=150782 Ack=144 Win=65024 Len=1448 TSval=2916042658 TSecr=3045562431 [TCP segment of a reassembled PDU]"
"69483","38.577448869","192.168.1.55","192.168.1.2","TCP","1514","8004  >  36970 [ACK] Seq=152230 Ack=144 Win=65024 Len=1448 TSval=2916042658 TSecr=3045562431 [TCP segment of a reassembled PDU]"
"69484","38.577449813","192.168.1.55","192.168.1.2","TCP","1514","8004  >  36970 [ACK] Seq=153678 Ack=144 Win=65024 Len=1448 TSval=2916042658 TSecr=3045562431 [TCP segment of a reassembled PDU]"
"69485","38.577451295","192.168.1.55","192.168.1.2","TCP","1514","8004  >  36970 [ACK] Seq=155126 Ack=144 Win=65024 Len=1448 TSval=2916042658 TSecr=3045562431 [TCP segment of a reassembled PDU]"
"69486","38.577452924","192.168.1.55","192.168.1.2","TCP","1514","8004  >  36970 [ACK] Seq=156574 Ack=144 Win=65024 Len=1448 TSval=2916042658 TSecr=3045562431 [TCP segment of a reassembled PDU]"
"69487","38.577455054","192.168.1.55","192.168.1.2","TCP","1514","8004  >  36970 [ACK] Seq=158022 Ack=144 Win=65024 Len=1448 TSval=2916042658 TSecr=3045562431 [TCP segment of a reassembled PDU]"
"69488","38.577456628","192.168.1.55","192.168.1.2","TCP","1514","8004  >  36970 [ACK] Seq=159470 Ack=144 Win=65024 Len=1448 TSval=2916042658 TSecr=3045562431 [TCP segment of a reassembled PDU]"
"69489","38.577457554","192.168.1.55","192.168.1.2","TCP","1514","8004  >  36970 [ACK] Seq=160918 Ack=144 Win=65024 Len=1448 TSval=2916042658 TSecr=3045562431 [TCP segment of a reassembled PDU]"
"69490","38.577459072","192.168.1.55","192.168.1.2","TCP","1394","[TCP Window Full] 8004  >  36970 [PSH, ACK] Seq=162366 Ack=144 Win=65024 Len=1328 TSval=2916042658 TSecr=3045562431 [TCP segment of a reassembled PDU]"
"69491","38.577464702","192.168.1.2","192.168.1.55","TCP","66","36970  >  8004 [ACK] Seq=144 Ack=100102 Win=83968 Len=0 TSval=3045562431 TSecr=2916042651"
"69492","38.577480295","192.168.1.55","192.168.1.2","TCP","1514","8004  >  36970 [ACK] Seq=163694 Ack=144 Win=65024 Len=1448 TSval=2916042658 TSecr=3045562431 [TCP segment of a reassembled PDU]"
"69493","38.577483739","192.168.1.55","192.168.1.2","TCP","1514","8004  >  36970 [PSH, ACK] Seq=165142 Ack=144 Win=65024 Len=1448 TSval=2916042658 TSecr=3045562431 [TCP segment of a reassembled PDU]"
"69494","38.577493091","192.168.1.55","192.168.1.2","TCP","186","8004  >  36970 [ACK] Seq=166590 Ack=144 Win=65024 Len=120 TSval=2916042658 TSecr=3045562431 [TCP segment of a reassembled PDU]"
"69495","38.577496535","192.168.1.2","192.168.1.55","TCP","78","[TCP Dup ACK 69491#1] 36970  >  8004 [ACK] Seq=144 Ack=100102 Win=83968 Len=0 TSval=3045562431 TSecr=2916042651 SLE=42182 SRE=43630"
"69496","38.577557591","192.168.1.2","192.168.1.55","TCP","66","36970  >  8004 [ACK] Seq=144 Ack=104446 Win=79872 Len=0 TSval=3045562431 TSecr=2916042652"
"69497","38.577563295","192.168.1.2","192.168.1.55","TCP","66","36970  >  8004 [ACK] Seq=144 Ack=121822 Win=63488 Len=0 TSval=3045562431 TSecr=2916042652"
"69498","38.577567628","192.168.1.2","192.168.1.55","TCP","66","36970  >  8004 [ACK] Seq=144 Ack=124718 Win=61440 Len=0 TSval=3045562431 TSecr=2916042652"
"69499","38.578522833","192.168.1.55","192.168.1.2","TCP","1514","8004  >  36970 [ACK] Seq=166710 Ack=144 Win=65024 Len=1448 TSval=2916042659 TSecr=3045562431 [TCP segment of a reassembled PDU]"
"69500","38.578526352","192.168.1.55","192.168.1.2","TCP","1514","8004  >  36970 [ACK] Seq=168158 Ack=144 Win=65024 Len=1448 TSval=2916042659 TSecr=3045562431 [TCP segment of a reassembled PDU]"
"69501","38.578527611","192.168.1.55","192.168.1.2","TCP","1514","8004  >  36970 [ACK] Seq=169606 Ack=144 Win=65024 Len=1448 TSval=2916042659 TSecr=3045562431 [TCP segment of a reassembled PDU]"
"69502","38.578528630","192.168.1.55","192.168.1.2","TCP","1514","8004  >  36970 [ACK] Seq=171054 Ack=144 Win=65024 Len=1448 TSval=2916042659 TSecr=3045562431 [TCP segment of a reassembled PDU]"
"69503","38.578530259","192.168.1.55","192.168.1.2","TCP","1514","8004  >  36970 [ACK] Seq=172502 Ack=144 Win=65024 Len=1448 TSval=2916042659 TSecr=3045562431 [TCP segment of a reassembled PDU]"
"69504","38.578533407","192.168.1.55","192.168.1.2","TCP","1514","8004  >  36970 [ACK] Seq=173950 Ack=144 Win=65024 Len=1448 TSval=2916042659 TSecr=3045562431 [TCP segment of a reassembled PDU]"
"69505","38.578534722","192.168.1.55","192.168.1.2","TCP","1514","8004  >  36970 [ACK] Seq=175398 Ack=144 Win=65024 Len=1448 TSval=2916042659 TSecr=3045562431 [TCP segment of a reassembled PDU]"
"69506","38.578536167","192.168.1.55","192.168.1.2","TCP","1514","8004  >  36970 [ACK] Seq=176846 Ack=144 Win=65024 Len=1448 TSval=2916042659 TSecr=3045562431 [TCP segment of a reassembled PDU]"
"69507","38.578537204","192.168.1.55","192.168.1.2","TCP","1514","8004  >  36970 [ACK] Seq=178294 Ack=144 Win=65024 Len=1448 TSval=2916042659 TSecr=3045562431 [TCP segment of a reassembled PDU]"
"69508","38.578538370","192.168.1.55","192.168.1.2","TCP","1514","8004  >  36970 [ACK] Seq=179742 Ack=144 Win=65024 Len=1448 TSval=2916042659 TSecr=3045562431 [TCP segment of a reassembled PDU]"
"69509","38.578539389","192.168.1.55","192.168.1.2","TCP","1514","8004  >  36970 [ACK] Seq=181190 Ack=144 Win=65024 Len=1448 TSval=2916042659 TSecr=3045562431 [TCP segment of a reassembled PDU]"
"69510","38.578540833","192.168.1.55","192.168.1.2","TCP","1514","8004  >  36970 [ACK] Seq=182638 Ack=144 Win=65024 Len=1448 TSval=2916042659 TSecr=3045562431 [TCP segment of a reassembled PDU]"
"69511","38.578542889","192.168.1.55","192.168.1.2","TCP","1514","8004  >  36970 [PSH, ACK] Seq=184086 Ack=144 Win=65024 Len=1448 TSval=2916042659 TSecr=3045562431 [TCP segment of a reassembled PDU]"
"69512","38.579716132","192.168.1.2","192.168.1.55","TCP","66","36970  >  8004 [ACK] Seq=144 Ack=130510 Win=83968 Len=0 TSval=3045562432 TSecr=2916042652"
"69513","38.579741335","192.168.1.55","192.168.1.2","TCP","1514","8004  >  36970 [ACK] Seq=185534 Ack=144 Win=65024 Len=1448 TSval=2916042660 TSecr=3045562432 [TCP segment of a reassembled PDU]"
"69514","38.579743798","192.168.1.55","192.168.1.2","TCP","1514","8004  >  36970 [ACK] Seq=186982 Ack=144 Win=65024 Len=1448 TSval=2916042660 TSecr=3045562432 [TCP segment of a reassembled PDU]"
"69515","38.579745595","192.168.1.55","192.168.1.2","TCP","1514","8004  >  36970 [ACK] Seq=188430 Ack=144 Win=65024 Len=1448 TSval=2916042660 TSecr=3045562432 [TCP segment of a reassembled PDU]"
"69516","38.579747576","192.168.1.55","192.168.1.2","TCP","1514","8004  >  36970 [ACK] Seq=189878 Ack=144 Win=65024 Len=1448 TSval=2916042660 TSecr=3045562432 [TCP segment of a reassembled PDU]"
"69517","38.579748502","192.168.1.55","192.168.1.2","TCP","1514","8004  >  36970 [ACK] Seq=191326 Ack=144 Win=65024 Len=1448 TSval=2916042660 TSecr=3045562432 [TCP segment of a reassembled PDU]"
"69518","38.579749409","192.168.1.55","192.168.1.2","TCP","1514","8004  >  36970 [ACK] Seq=192774 Ack=144 Win=65024 Len=1448 TSval=2916042660 TSecr=3045562432 [TCP segment of a reassembled PDU]"
"69519","38.579750613","192.168.1.55","192.168.1.2","TCP","1514","8004  >  36970 [ACK] Seq=194222 Ack=144 Win=65024 Len=1448 TSval=2916042660 TSecr=3045562432 [TCP segment of a reassembled PDU]"
"69520","38.579751539","192.168.1.55","192.168.1.2","TCP","1514","8004  >  36970 [ACK] Seq=195670 Ack=144 Win=65024 Len=1448 TSval=2916042660 TSecr=3045562432 [TCP segment of a reassembled PDU]"
"69521","38.579753002","192.168.1.55","192.168.1.2","TCP","1514","8004  >  36970 [ACK] Seq=197118 Ack=144 Win=65024 Len=1448 TSval=2916042660 TSecr=3045562432 [TCP segment of a reassembled PDU]"
"69522","38.579754798","192.168.1.55","192.168.1.2","TCP","1514","8004  >  36970 [ACK] Seq=198566 Ack=144 Win=65024 Len=1448 TSval=2916042660 TSecr=3045562432 [TCP segment of a reassembled PDU]"
"69523","38.579756446","192.168.1.55","192.168.1.2","TCP","1514","8004  >  36970 [ACK] Seq=200014 Ack=144 Win=65024 Len=1448 TSval=2916042660 TSecr=3045562432 [TCP segment of a reassembled PDU]"
"69524","38.579757798","192.168.1.55","192.168.1.2","TCP","1514","8004  >  36970 [ACK] Seq=201462 Ack=144 Win=65024 Len=1448 TSval=2916042660 TSecr=3045562432 [TCP segment of a reassembled PDU]"
"69525","38.579758743","192.168.1.55","192.168.1.2","TCP","1514","8004  >  36970 [ACK] Seq=202910 Ack=144 Win=65024 Len=1448 TSval=2916042660 TSecr=3045562432 [TCP segment of a reassembled PDU]"
"69526","38.579759965","192.168.1.55","192.168.1.2","TCP","1514","8004  >  36970 [ACK] Seq=204358 Ack=144 Win=65024 Len=1448 TSval=2916042660 TSecr=3045562432 [TCP segment of a reassembled PDU]"
"69527","38.579760946","192.168.1.55","192.168.1.2","TCP","1514","8004  >  36970 [ACK] Seq=205806 Ack=144 Win=65024 Len=1448 TSval=2916042660 TSecr=3045562432 [TCP segment of a reassembled PDU]"
"69528","38.579762520","192.168.1.55","192.168.1.2","TCP","1514","8004  >  36970 [ACK] Seq=207254 Ack=144 Win=65024 Len=1448 TSval=2916042660 TSecr=3045562432 [TCP segment of a reassembled PDU]"
"69529","38.579765483","192.168.1.55","192.168.1.2","TCP","1514","8004  >  36970 [ACK] Seq=208702 Ack=144 Win=65024 Len=1448 TSval=2916042660 TSecr=3045562432 [TCP segment of a reassembled PDU]"
"69530","38.579767095","192.168.1.55","192.168.1.2","TCP","1514","8004  >  36970 [PSH, ACK] Seq=210150 Ack=144 Win=65024 Len=1448 TSval=2916042660 TSecr=3045562432 [TCP segment of a reassembled PDU]"
"69531","38.579773558","192.168.1.55","192.168.1.2","TCP","1514","8004  >  36970 [ACK] Seq=211598 Ack=144 Win=65024 Len=1448 TSval=2916042660 TSecr=3045562432 [TCP segment of a reassembled PDU]"
"69532","38.583767731","192.168.1.2","192.168.1.55","TCP","66","36970  >  8004 [ACK] Seq=144 Ack=133406 Win=88064 Len=0 TSval=3045562437 TSecr=2916042657"
"69533","38.583782675","192.168.1.55","192.168.1.2","TCP","1514","8004  >  36970 [ACK] Seq=213046 Ack=144 Win=65024 Len=1448 TSval=2916042664 TSecr=3045562437 [TCP segment of a reassembled PDU]"
"69534","38.583784768","192.168.1.55","192.168.1.2","TCP","1514","8004  >  36970 [ACK] Seq=214494 Ack=144 Win=65024 Len=1448 TSval=2916042664 TSecr=3045562437 [TCP segment of a reassembled PDU]"
"69535","38.583786064","192.168.1.55","192.168.1.2","TCP","1514","8004  >  36970 [ACK] Seq=215942 Ack=144 Win=65024 Len=1448 TSval=2916042664 TSecr=3045562437 [TCP segment of a reassembled PDU]"
"69536","38.583787434","192.168.1.55","192.168.1.2","TCP","1514","8004  >  36970 [ACK] Seq=217390 Ack=144 Win=65024 Len=1448 TSval=2916042664 TSecr=3045562437 [TCP segment of a reassembled PDU]"
"69537","38.583788583","192.168.1.55","192.168.1.2","TCP","1514","8004  >  36970 [PSH, ACK] Seq=218838 Ack=144 Win=65024 Len=1448 TSval=2916042664 TSecr=3045562437 [TCP segment of a reassembled PDU]"
"69538","38.584079620","192.168.1.2","192.168.1.55","TCP","66","36970  >  8004 [ACK] Seq=144 Ack=137750 Win=99328 Len=0 TSval=3045562437 TSecr=2916042658"
"69539","38.584085083","192.168.1.2","192.168.1.55","TCP","66","36970  >  8004 [ACK] Seq=144 Ack=163694 Win=86016 Len=0 TSval=3045562437 TSecr=2916042658"
"69540","38.584109676","192.168.1.55","192.168.1.2","TCP","1514","8004  >  36970 [ACK] Seq=220286 Ack=144 Win=65024 Len=1448 TSval=2916042664 TSecr=3045562437 [TCP segment of a reassembled PDU]"
"69541","38.584111768","192.168.1.55","192.168.1.2","TCP","1514","8004  >  36970 [ACK] Seq=221734 Ack=144 Win=65024 Len=1448 TSval=2916042664 TSecr=3045562437 [TCP segment of a reassembled PDU]"
"69542","38.584113065","192.168.1.55","192.168.1.2","TCP","1514","8004  >  36970 [ACK] Seq=223182 Ack=144 Win=65024 Len=1448 TSval=2916042664 TSecr=3045562437 [TCP segment of a reassembled PDU]"
"69543","38.584114379","192.168.1.55","192.168.1.2","TCP","1514","8004  >  36970 [ACK] Seq=224630 Ack=144 Win=65024 Len=1448 TSval=2916042664 TSecr=3045562437 [TCP segment of a reassembled PDU]"
"69544","38.584115657","192.168.1.55","192.168.1.2","TCP","1514","8004  >  36970 [ACK] Seq=226078 Ack=144 Win=65024 Len=1448 TSval=2916042664 TSecr=3045562437 [TCP segment of a reassembled PDU]"
"69545","38.584117009","192.168.1.55","192.168.1.2","TCP","1514","8004  >  36970 [ACK] Seq=227526 Ack=144 Win=65024 Len=1448 TSval=2916042664 TSecr=3045562437 [TCP segment of a reassembled PDU]"
"69546","38.584118453","192.168.1.55","192.168.1.2","TCP","1514","8004  >  36970 [ACK] Seq=228974 Ack=144 Win=65024 Len=1448 TSval=2916042664 TSecr=3045562437 [TCP segment of a reassembled PDU]"
"69547","38.584119935","192.168.1.55","192.168.1.2","TCP","1514","8004  >  36970 [ACK] Seq=230422 Ack=144 Win=65024 Len=1448 TSval=2916042664 TSecr=3045562437 [TCP segment of a reassembled PDU]"
"69548","38.584121231","192.168.1.55","192.168.1.2","TCP","1514","8004  >  36970 [ACK] Seq=231870 Ack=144 Win=65024 Len=1448 TSval=2916042664 TSecr=3045562437 [TCP segment of a reassembled PDU]"
"69549","38.584122509","192.168.1.55","192.168.1.2","TCP","1514","8004  >  36970 [ACK] Seq=233318 Ack=144 Win=65024 Len=1448 TSval=2916042664 TSecr=3045562437 [TCP segment of a reassembled PDU]"
"69550","38.584123972","192.168.1.55","192.168.1.2","TCP","1514","8004  >  36970 [ACK] Seq=234766 Ack=144 Win=65024 Len=1448 TSval=2916042664 TSecr=3045562437 [TCP segment of a reassembled PDU]"
"69551","38.584125065","192.168.1.55","192.168.1.2","TCP","1514","8004  >  36970 [ACK] Seq=236214 Ack=144 Win=65024 Len=1448 TSval=2916042664 TSecr=3045562437 [TCP segment of a reassembled PDU]"
"69552","38.584126491","192.168.1.55","192.168.1.2","TCP","1514","8004  >  36970 [ACK] Seq=237662 Ack=144 Win=65024 Len=1448 TSval=2916042664 TSecr=3045562437 [TCP segment of a reassembled PDU]"
"69553","38.584128083","192.168.1.55","192.168.1.2","TCP","1514","8004  >  36970 [ACK] Seq=239110 Ack=144 Win=65024 Len=1448 TSval=2916042664 TSecr=3045562437 [TCP segment of a reassembled PDU]"
"69554","38.584129231","192.168.1.55","192.168.1.2","TCP","1514","8004  >  36970 [ACK] Seq=240558 Ack=144 Win=65024 Len=1448 TSval=2916042664 TSecr=3045562437 [TCP segment of a reassembled PDU]"
"69555","38.584130898","192.168.1.55","192.168.1.2","TCP","1514","8004  >  36970 [ACK] Seq=242006 Ack=144 Win=65024 Len=1448 TSval=2916042664 TSecr=3045562437 [TCP segment of a reassembled PDU]"
"69556","38.584132731","192.168.1.55","192.168.1.2","TCP","1514","8004  >  36970 [ACK] Seq=243454 Ack=144 Win=65024 Len=1448 TSval=2916042664 TSecr=3045562437 [TCP segment of a reassembled PDU]"
"69557","38.584134028","192.168.1.55","192.168.1.2","TCP","1514","8004  >  36970 [ACK] Seq=244902 Ack=144 Win=65024 Len=1448 TSval=2916042664 TSecr=3045562437 [TCP segment of a reassembled PDU]"
"69558","38.584135194","192.168.1.55","192.168.1.2","TCP","1514","8004  >  36970 [ACK] Seq=246350 Ack=144 Win=65024 Len=1448 TSval=2916042664 TSecr=3045562437 [TCP segment of a reassembled PDU]"
"69559","38.584136398","192.168.1.55","192.168.1.2","TCP","1514","8004  >  36970 [PSH, ACK] Seq=247798 Ack=144 Win=65024 Len=1448 TSval=2916042664 TSecr=3045562437 [TCP segment of a reassembled PDU]"
"69560","38.584140398","192.168.1.2","192.168.1.55","TCP","66","36970  >  8004 [ACK] Seq=144 Ack=166590 Win=92160 Len=0 TSval=3045562437 TSecr=2916042658"
"69561","38.584155157","192.168.1.55","192.168.1.2","TCP","1514","8004  >  36970 [ACK] Seq=249246 Ack=144 Win=65024 Len=1448 TSval=2916042664 TSecr=3045562437 [TCP segment of a reassembled PDU]"
"69562","38.584157305","192.168.1.55","192.168.1.2","TCP","1514","8004  >  36970 [ACK] Seq=250694 Ack=144 Win=65024 Len=1448 TSval=2916042664 TSecr=3045562437 [TCP segment of a reassembled PDU]"
"69563","38.584158361","192.168.1.55","192.168.1.2","TCP","1514","8004  >  36970 [ACK] Seq=252142 Ack=144 Win=65024 Len=1448 TSval=2916042664 TSecr=3045562437 [TCP segment of a reassembled PDU]"
"69564","38.584159528","192.168.1.55","192.168.1.2","TCP","1514","8004  >  36970 [ACK] Seq=253590 Ack=144 Win=65024 Len=1448 TSval=2916042664 TSecr=3045562437 [TCP segment of a reassembled PDU]"
"69565","38.584160583","192.168.1.55","192.168.1.2","TCP","1514","8004  >  36970 [PSH, ACK] Seq=255038 Ack=144 Win=65024 Len=1448 TSval=2916042664 TSecr=3045562437 [TCP segment of a reassembled PDU]"
"69566","38.584164694","192.168.1.2","192.168.1.55","TCP","66","36970  >  8004 [ACK] Seq=144 Ack=166710 Win=92160 Len=0 TSval=3045562437 TSecr=2916042658"
"69567","38.584227176","192.168.1.2","192.168.1.55","TCP","66","36970  >  8004 [ACK] Seq=144 Ack=175398 Win=111616 Len=0 TSval=3045562437 TSecr=2916042659"
"69568","38.584232398","192.168.1.2","192.168.1.55","TCP","66","36970  >  8004 [ACK] Seq=144 Ack=179742 Win=113664 Len=0 TSval=3045562439 TSecr=2916042659"
"69569","38.584256472","192.168.1.2","192.168.1.55","TCP","66","36970  >  8004 [ACK] Seq=144 Ack=185534 Win=113664 Len=0 TSval=3045562439 TSecr=2916042659"
"69570","38.584314176","192.168.1.55","192.168.1.2","TCP","1514","8004  >  36970 [ACK] Seq=256486 Ack=144 Win=65024 Len=1448 TSval=2916042664 TSecr=3045562439 [TCP segment of a reassembled PDU]"
"69571","38.584316565","192.168.1.55","192.168.1.2","TCP","1514","8004  >  36970 [ACK] Seq=257934 Ack=144 Win=65024 Len=1448 TSval=2916042664 TSecr=3045562439 [TCP segment of a reassembled PDU]"
"69572","38.584317991","192.168.1.55","192.168.1.2","TCP","1514","8004  >  36970 [ACK] Seq=259382 Ack=144 Win=65024 Len=1448 TSval=2916042664 TSecr=3045562439 [TCP segment of a reassembled PDU]"
"69573","38.584319213","192.168.1.55","192.168.1.2","TCP","1514","8004  >  36970 [ACK] Seq=260830 Ack=144 Win=65024 Len=1448 TSval=2916042664 TSecr=3045562439 [TCP segment of a reassembled PDU]"
"69574","38.584320343","192.168.1.55","192.168.1.2","TCP","1514","8004  >  36970 [ACK] Seq=262278 Ack=144 Win=65024 Len=1448 TSval=2916042664 TSecr=3045562439 [TCP segment of a reassembled PDU]"
"69575","38.584321509","192.168.1.55","192.168.1.2","TCP","1514","8004  >  36970 [ACK] Seq=263726 Ack=144 Win=65024 Len=1448 TSval=2916042664 TSecr=3045562439 [TCP segment of a reassembled PDU]"
"69576","38.584322769","192.168.1.55","192.168.1.2","TCP","1514","8004  >  36970 [ACK] Seq=265174 Ack=144 Win=65024 Len=1448 TSval=2916042664 TSecr=3045562439 [TCP segment of a reassembled PDU]"
"69577","38.584324398","192.168.1.55","192.168.1.2","TCP","1514","8004  >  36970 [ACK] Seq=266622 Ack=144 Win=65024 Len=1448 TSval=2916042664 TSecr=3045562439 [TCP segment of a reassembled PDU]"
"69578","38.584325880","192.168.1.55","192.168.1.2","TCP","1514","8004  >  36970 [ACK] Seq=268070 Ack=144 Win=65024 Len=1448 TSval=2916042664 TSecr=3045562439 [TCP segment of a reassembled PDU]"
"69579","38.584327102","192.168.1.55","192.168.1.2","TCP","1514","8004  >  36970 [ACK] Seq=269518 Ack=144 Win=65024 Len=1448 TSval=2916042664 TSecr=3045562439 [TCP segment of a reassembled PDU]"
"69580","38.584328361","192.168.1.55","192.168.1.2","TCP","1514","8004  >  36970 [ACK] Seq=270966 Ack=144 Win=65024 Len=1448 TSval=2916042664 TSecr=3045562439 [TCP segment of a reassembled PDU]"
"69581","38.584329435","192.168.1.55","192.168.1.2","TCP","1514","8004  >  36970 [ACK] Seq=272414 Ack=144 Win=65024 Len=1448 TSval=2916042664 TSecr=3045562439 [TCP segment of a reassembled PDU]"
"69582","38.584331009","192.168.1.55","192.168.1.2","TCP","1514","8004  >  36970 [ACK] Seq=273862 Ack=144 Win=65024 Len=1448 TSval=2916042664 TSecr=3045562439 [TCP segment of a reassembled PDU]"
"69583","38.584332509","192.168.1.55","192.168.1.2","TCP","1514","8004  >  36970 [ACK] Seq=275310 Ack=144 Win=65024 Len=1448 TSval=2916042664 TSecr=3045562439 [TCP segment of a reassembled PDU]"
"69584","38.584333658","192.168.1.55","192.168.1.2","TCP","1514","8004  >  36970 [ACK] Seq=276758 Ack=144 Win=65024 Len=1448 TSval=2916042664 TSecr=3045562439 [TCP segment of a reassembled PDU]"
"69585","38.584335139","192.168.1.55","192.168.1.2","TCP","1514","8004  >  36970 [ACK] Seq=278206 Ack=144 Win=65024 Len=1448 TSval=2916042664 TSecr=3045562439 [TCP segment of a reassembled PDU]"
"69586","38.584336491","192.168.1.55","192.168.1.2","TCP","1514","8004  >  36970 [ACK] Seq=279654 Ack=144 Win=65024 Len=1448 TSval=2916042664 TSecr=3045562439 [TCP segment of a reassembled PDU]"
"69587","38.584337750","192.168.1.55","192.168.1.2","TCP","1514","8004  >  36970 [ACK] Seq=281102 Ack=144 Win=65024 Len=1448 TSval=2916042664 TSecr=3045562439 [TCP segment of a reassembled PDU]"
"69588","38.584339917","192.168.1.55","192.168.1.2","TCP","1514","8004  >  36970 [ACK] Seq=282550 Ack=144 Win=65024 Len=1448 TSval=2916042664 TSecr=3045562439 [TCP segment of a reassembled PDU]"
"69589","38.584341306","192.168.1.55","192.168.1.2","TCP","1514","8004  >  36970 [ACK] Seq=283998 Ack=144 Win=65024 Len=1448 TSval=2916042664 TSecr=3045562439 [TCP segment of a reassembled PDU]"
"69590","38.584342509","192.168.1.55","192.168.1.2","TCP","1514","8004  >  36970 [ACK] Seq=285446 Ack=144 Win=65024 Len=1448 TSval=2916042664 TSecr=3045562439 [TCP segment of a reassembled PDU]"
"69591","38.584344176","192.168.1.55","192.168.1.2","TCP","1514","8004  >  36970 [ACK] Seq=286894 Ack=144 Win=65024 Len=1448 TSval=2916042664 TSecr=3045562439 [TCP segment of a reassembled PDU]"
"69592","38.584345380","192.168.1.55","192.168.1.2","TCP","1514","8004  >  36970 [ACK] Seq=288342 Ack=144 Win=65024 Len=1448 TSval=2916042664 TSecr=3045562439 [TCP segment of a reassembled PDU]"
"69593","38.584346972","192.168.1.55","192.168.1.2","TCP","1514","8004  >  36970 [ACK] Seq=289790 Ack=144 Win=65024 Len=1448 TSval=2916042664 TSecr=3045562439 [TCP segment of a reassembled PDU]"
"69594","38.584348676","192.168.1.55","192.168.1.2","TCP","1514","8004  >  36970 [ACK] Seq=291238 Ack=144 Win=65024 Len=1448 TSval=2916042664 TSecr=3045562439 [TCP segment of a reassembled PDU]"
"69595","38.584349991","192.168.1.55","192.168.1.2","TCP","1514","8004  >  36970 [ACK] Seq=292686 Ack=144 Win=65024 Len=1448 TSval=2916042664 TSecr=3045562439 [TCP segment of a reassembled PDU]"
"69596","38.584351509","192.168.1.55","192.168.1.2","TCP","1514","8004  >  36970 [ACK] Seq=294134 Ack=144 Win=65024 Len=1448 TSval=2916042664 TSecr=3045562439 [TCP segment of a reassembled PDU]"
"69597","38.584352695","192.168.1.55","192.168.1.2","TCP","1514","8004  >  36970 [ACK] Seq=295582 Ack=144 Win=65024 Len=1448 TSval=2916042664 TSecr=3045562439 [TCP segment of a reassembled PDU]"
"69598","38.584360991","192.168.1.55","192.168.1.2","TCP","1514","8004  >  36970 [ACK] Seq=297030 Ack=144 Win=65024 Len=1448 TSval=2916042664 TSecr=3045562439 [TCP segment of a reassembled PDU]"
"69599","38.584363028","192.168.1.55","192.168.1.2","TCP","786","[TCP Window Full] 8004  >  36970 [PSH, ACK] Seq=298478 Ack=144 Win=65024 Len=720 TSval=2916042664 TSecr=3045562439 [TCP segment of a reassembled PDU]"
"69600","38.584391732","192.168.1.2","192.168.1.55","TCP","66","36970  >  8004 [ACK] Seq=144 Ack=208702 Win=92160 Len=0 TSval=3045562439 TSecr=2916042660"
"69601","38.589639574","192.168.1.2","192.168.1.55","TCP","66","36970  >  8004 [ACK] Seq=144 Ack=211598 Win=114688 Len=0 TSval=3045562445 TSecr=2916042660"
"69602","38.589664092","192.168.1.55","192.168.1.2","TCP","1514","8004  >  36970 [ACK] Seq=299198 Ack=144 Win=65024 Len=1448 TSval=2916042670 TSecr=3045562445 [TCP segment of a reassembled PDU]"
"69603","38.589671370","192.168.1.55","192.168.1.2","TCP","794","8004  >  36970 [ACK] Seq=300646 Ack=144 Win=65024 Len=728 TSval=2916042670 TSecr=3045562445 [TCP segment of a reassembled PDU]"
"69604","38.589836537","192.168.1.2","192.168.1.55","TCP","66","36970  >  8004 [ACK] Seq=144 Ack=213046 Win=113664 Len=0 TSval=3045562445 TSecr=2916042660"
"69605","38.589843166","192.168.1.2","192.168.1.55","TCP","66","36970  >  8004 [ACK] Seq=144 Ack=218838 Win=108544 Len=0 TSval=3045562445 TSecr=2916042664"
"69606","38.589847333","192.168.1.2","192.168.1.55","TCP","66","36970  >  8004 [ACK] Seq=144 Ack=220286 Win=117760 Len=0 TSval=3045562445 TSecr=2916042664"
"69607","38.589850722","192.168.1.2","192.168.1.55","TCP","66","36970  >  8004 [ACK] Seq=144 Ack=244902 Win=128000 Len=0 TSval=3045562445 TSecr=2916042664"
"69608","38.589883741","192.168.1.55","192.168.1.2","TCP","1514","8004  >  36970 [ACK] Seq=301374 Ack=144 Win=65024 Len=1448 TSval=2916042670 TSecr=3045562445 [TCP segment of a reassembled PDU]"
"69609","38.589886055","192.168.1.55","192.168.1.2","TCP","1514","8004  >  36970 [ACK] Seq=302822 Ack=144 Win=65024 Len=1448 TSval=2916042670 TSecr=3045562445 [TCP segment of a reassembled PDU]"
"69610","38.589887222","192.168.1.55","192.168.1.2","TCP","1514","8004  >  36970 [ACK] Seq=304270 Ack=144 Win=65024 Len=1448 TSval=2916042670 TSecr=3045562445 [TCP segment of a reassembled PDU]"
"69611","38.589888500","192.168.1.55","192.168.1.2","TCP","1514","8004  >  36970 [ACK] Seq=305718 Ack=144 Win=65024 Len=1448 TSval=2916042670 TSecr=3045562445 [TCP segment of a reassembled PDU]"
"69612","38.589889611","192.168.1.55","192.168.1.2","TCP","1514","8004  >  36970 [ACK] Seq=307166 Ack=144 Win=65024 Len=1448 TSval=2916042670 TSecr=3045562445 [TCP segment of a reassembled PDU]"
"69613","38.589890648","192.168.1.55","192.168.1.2","TCP","1514","8004  >  36970 [ACK] Seq=308614 Ack=144 Win=65024 Len=1448 TSval=2916042670 TSecr=3045562445 [TCP segment of a reassembled PDU]"
"69614","38.589891815","192.168.1.55","192.168.1.2","TCP","1514","8004  >  36970 [ACK] Seq=310062 Ack=144 Win=65024 Len=1448 TSval=2916042670 TSecr=3045562445 [TCP segment of a reassembled PDU]"
"69615","38.589892889","192.168.1.55","192.168.1.2","TCP","1514","8004  >  36970 [ACK] Seq=311510 Ack=144 Win=65024 Len=1448 TSval=2916042670 TSecr=3045562445 [TCP segment of a reassembled PDU]"
"69616","38.589894055","192.168.1.55","192.168.1.2","TCP","1514","8004  >  36970 [ACK] Seq=312958 Ack=144 Win=65024 Len=1448 TSval=2916042670 TSecr=3045562445 [TCP segment of a reassembled PDU]"
"69617","38.589895574","192.168.1.55","192.168.1.2","TCP","1514","8004  >  36970 [ACK] Seq=314406 Ack=144 Win=65024 Len=1448 TSval=2916042670 TSecr=3045562445 [TCP segment of a reassembled PDU]"
"69618","38.589896815","192.168.1.55","192.168.1.2","TCP","1514","8004  >  36970 [ACK] Seq=315854 Ack=144 Win=65024 Len=1448 TSval=2916042670 TSecr=3045562445 [TCP segment of a reassembled PDU]"
"69619","38.589897981","192.168.1.55","192.168.1.2","TCP","1514","8004  >  36970 [ACK] Seq=317302 Ack=144 Win=65024 Len=1448 TSval=2916042670 TSecr=3045562445 [TCP segment of a reassembled PDU]"
"69620","38.589899111","192.168.1.55","192.168.1.2","TCP","1514","8004  >  36970 [ACK] Seq=318750 Ack=144 Win=65024 Len=1448 TSval=2916042670 TSecr=3045562445 [TCP segment of a reassembled PDU]"
"69621","38.589900426","192.168.1.55","192.168.1.2","TCP","1514","8004  >  36970 [ACK] Seq=320198 Ack=144 Win=65024 Len=1448 TSval=2916042670 TSecr=3045562445 [TCP segment of a reassembled PDU]"
"69622","38.589901722","192.168.1.55","192.168.1.2","TCP","1514","8004  >  36970 [ACK] Seq=321646 Ack=144 Win=65024 Len=1448 TSval=2916042670 TSecr=3045562445 [TCP segment of a reassembled PDU]"
"69623","38.589903018","192.168.1.55","192.168.1.2","TCP","1514","8004  >  36970 [ACK] Seq=323094 Ack=144 Win=65024 Len=1448 TSval=2916042670 TSecr=3045562445 [TCP segment of a reassembled PDU]"
"69624","38.589904278","192.168.1.55","192.168.1.2","TCP","1514","8004  >  36970 [ACK] Seq=324542 Ack=144 Win=65024 Len=1448 TSval=2916042670 TSecr=3045562445 [TCP segment of a reassembled PDU]"
"69625","38.589905315","192.168.1.55","192.168.1.2","TCP","1514","8004  >  36970 [ACK] Seq=325990 Ack=144 Win=65024 Len=1448 TSval=2916042670 TSecr=3045562445 [TCP segment of a reassembled PDU]"
"69626","38.589906500","192.168.1.55","192.168.1.2","TCP","1514","8004  >  36970 [ACK] Seq=327438 Ack=144 Win=65024 Len=1448 TSval=2916042670 TSecr=3045562445 [TCP segment of a reassembled PDU]"
"69627","38.589907759","192.168.1.55","192.168.1.2","TCP","1514","8004  >  36970 [ACK] Seq=328886 Ack=144 Win=65024 Len=1448 TSval=2916042670 TSecr=3045562445 [TCP segment of a reassembled PDU]"
"69628","38.589908907","192.168.1.55","192.168.1.2","TCP","1514","8004  >  36970 [ACK] Seq=330334 Ack=144 Win=65024 Len=1448 TSval=2916042670 TSecr=3045562445 [TCP segment of a reassembled PDU]"
"69629","38.589910370","192.168.1.55","192.168.1.2","TCP","1514","8004  >  36970 [ACK] Seq=331782 Ack=144 Win=65024 Len=1448 TSval=2916042670 TSecr=3045562445 [TCP segment of a reassembled PDU]"
"69630","38.589911444","192.168.1.55","192.168.1.2","TCP","1514","8004  >  36970 [ACK] Seq=333230 Ack=144 Win=65024 Len=1448 TSval=2916042670 TSecr=3045562445 [TCP segment of a reassembled PDU]"
"69631","38.589912759","192.168.1.55","192.168.1.2","TCP","1514","8004  >  36970 [ACK] Seq=334678 Ack=144 Win=65024 Len=1448 TSval=2916042670 TSecr=3045562445 [TCP segment of a reassembled PDU]"
"69632","38.589914037","192.168.1.55","192.168.1.2","TCP","1514","8004  >  36970 [ACK] Seq=336126 Ack=144 Win=65024 Len=1448 TSval=2916042670 TSecr=3045562445 [TCP segment of a reassembled PDU]"
"69633","38.589915204","192.168.1.55","192.168.1.2","TCP","1514","8004  >  36970 [ACK] Seq=337574 Ack=144 Win=65024 Len=1448 TSval=2916042670 TSecr=3045562445 [TCP segment of a reassembled PDU]"
"69634","38.589916296","192.168.1.55","192.168.1.2","TCP","1514","8004  >  36970 [ACK] Seq=339022 Ack=144 Win=65024 Len=1448 TSval=2916042670 TSecr=3045562445 [TCP segment of a reassembled PDU]"
"69635","38.589917407","192.168.1.55","192.168.1.2","TCP","1514","8004  >  36970 [ACK] Seq=340470 Ack=144 Win=65024 Len=1448 TSval=2916042670 TSecr=3045562445 [TCP segment of a reassembled PDU]"
"69636","38.589918574","192.168.1.55","192.168.1.2","TCP","1514","8004  >  36970 [ACK] Seq=341918 Ack=144 Win=65024 Len=1448 TSval=2916042670 TSecr=3045562445 [TCP segment of a reassembled PDU]"
"69637","38.589919722","192.168.1.55","192.168.1.2","TCP","1514","8004  >  36970 [ACK] Seq=343366 Ack=144 Win=65024 Len=1448 TSval=2916042670 TSecr=3045562445 [TCP segment of a reassembled PDU]"
"69638","38.589921111","192.168.1.55","192.168.1.2","TCP","1514","8004  >  36970 [PSH, ACK] Seq=344814 Ack=144 Win=65024 Len=1448 TSval=2916042670 TSecr=3045562445 [TCP segment of a reassembled PDU]"
"69639","38.591079835","192.168.1.2","192.168.1.55","TCP","66","36970  >  8004 [ACK] Seq=144 Ack=249246 Win=123904 Len=0 TSval=3045562445 TSecr=2916042664"
"69640","38.591105150","192.168.1.55","192.168.1.2","TCP","1514","8004  >  36970 [ACK] Seq=346262 Ack=144 Win=65024 Len=1448 TSval=2916042671 TSecr=3045562445 [TCP segment of a reassembled PDU]"
"69641","38.591106891","192.168.1.55","192.168.1.2","TCP","1514","8004  >  36970 [ACK] Seq=347710 Ack=144 Win=65024 Len=1448 TSval=2916042671 TSecr=3045562445 [TCP segment of a reassembled PDU]"
"69642","38.591108113","192.168.1.55","192.168.1.2","TCP","1514","8004  >  36970 [ACK] Seq=349158 Ack=144 Win=65024 Len=1448 TSval=2916042671 TSecr=3045562445 [TCP segment of a reassembled PDU]"
"69643","38.591109261","192.168.1.55","192.168.1.2","TCP","1514","8004  >  36970 [ACK] Seq=350606 Ack=144 Win=65024 Len=1448 TSval=2916042671 TSecr=3045562445 [TCP segment of a reassembled PDU]"
"69644","38.591110335","192.168.1.55","192.168.1.2","TCP","1514","8004  >  36970 [ACK] Seq=352054 Ack=144 Win=65024 Len=1448 TSval=2916042671 TSecr=3045562445 [TCP segment of a reassembled PDU]"
"69645","38.591111520","192.168.1.55","192.168.1.2","TCP","1514","8004  >  36970 [ACK] Seq=353502 Ack=144 Win=65024 Len=1448 TSval=2916042671 TSecr=3045562445 [TCP segment of a reassembled PDU]"
"69646","38.591112687","192.168.1.55","192.168.1.2","TCP","1514","8004  >  36970 [ACK] Seq=354950 Ack=144 Win=65024 Len=1448 TSval=2916042671 TSecr=3045562445 [TCP segment of a reassembled PDU]"
"69647","38.591113835","192.168.1.55","192.168.1.2","TCP","1514","8004  >  36970 [ACK] Seq=356398 Ack=144 Win=65024 Len=1448 TSval=2916042671 TSecr=3045562445 [TCP segment of a reassembled PDU]"
"69648","38.591114983","192.168.1.55","192.168.1.2","TCP","1514","8004  >  36970 [ACK] Seq=357846 Ack=144 Win=65024 Len=1448 TSval=2916042671 TSecr=3045562445 [TCP segment of a reassembled PDU]"
"69649","38.591116057","192.168.1.55","192.168.1.2","TCP","1514","8004  >  36970 [ACK] Seq=359294 Ack=144 Win=65024 Len=1448 TSval=2916042671 TSecr=3045562445 [TCP segment of a reassembled PDU]"
"69650","38.591117428","192.168.1.55","192.168.1.2","TCP","1514","8004  >  36970 [ACK] Seq=360742 Ack=144 Win=65024 Len=1448 TSval=2916042671 TSecr=3045562445 [TCP segment of a reassembled PDU]"
"69651","38.591118539","192.168.1.55","192.168.1.2","TCP","1514","8004  >  36970 [ACK] Seq=362190 Ack=144 Win=65024 Len=1448 TSval=2916042671 TSecr=3045562445 [TCP segment of a reassembled PDU]"
"69652","38.591119594","192.168.1.55","192.168.1.2","TCP","1514","8004  >  36970 [ACK] Seq=363638 Ack=144 Win=65024 Len=1448 TSval=2916042671 TSecr=3045562445 [TCP segment of a reassembled PDU]"
"69653","38.591120761","192.168.1.55","192.168.1.2","TCP","1514","8004  >  36970 [ACK] Seq=365086 Ack=144 Win=65024 Len=1448 TSval=2916042671 TSecr=3045562445 [TCP segment of a reassembled PDU]"
"69654","38.591122057","192.168.1.55","192.168.1.2","TCP","1514","8004  >  36970 [ACK] Seq=366534 Ack=144 Win=65024 Len=1448 TSval=2916042671 TSecr=3045562445 [TCP segment of a reassembled PDU]"
"69655","38.591123131","192.168.1.55","192.168.1.2","TCP","1514","8004  >  36970 [ACK] Seq=367982 Ack=144 Win=65024 Len=1448 TSval=2916042671 TSecr=3045562445 [TCP segment of a reassembled PDU]"
"69656","38.591124576","192.168.1.55","192.168.1.2","TCP","1514","8004  >  36970 [ACK] Seq=369430 Ack=144 Win=65024 Len=1448 TSval=2916042671 TSecr=3045562445 [TCP segment of a reassembled PDU]"
"69657","38.591125650","192.168.1.55","192.168.1.2","TCP","1514","8004  >  36970 [PSH, ACK] Seq=370878 Ack=144 Win=65024 Len=1448 TSval=2916042671 TSecr=3045562445 [TCP segment of a reassembled PDU]"
"69658","38.591173280","192.168.1.2","192.168.1.55","TCP","66","36970  >  8004 [ACK] Seq=144 Ack=256486 Win=135168 Len=0 TSval=3045562445 TSecr=2916042664"
"69659","38.591189539","192.168.1.55","192.168.1.2","TCP","1514","8004  >  36970 [ACK] Seq=372326 Ack=144 Win=65024 Len=1448 TSval=2916042671 TSecr=3045562445 [TCP segment of a reassembled PDU]"
"69660","38.591190891","192.168.1.55","192.168.1.2","TCP","1514","8004  >  36970 [ACK] Seq=373774 Ack=144 Win=65024 Len=1448 TSval=2916042671 TSecr=3045562445 [TCP segment of a reassembled PDU]"
"69661","38.591192076","192.168.1.55","192.168.1.2","TCP","1514","8004  >  36970 [ACK] Seq=375222 Ack=144 Win=65024 Len=1448 TSval=2916042671 TSecr=3045562445 [TCP segment of a reassembled PDU]"
"69662","38.591193243","192.168.1.55","192.168.1.2","TCP","1514","8004  >  36970 [ACK] Seq=376670 Ack=144 Win=65024 Len=1448 TSval=2916042671 TSecr=3045562445 [TCP segment of a reassembled PDU]"
"69663","38.591194502","192.168.1.55","192.168.1.2","TCP","1514","8004  >  36970 [ACK] Seq=378118 Ack=144 Win=65024 Len=1448 TSval=2916042671 TSecr=3045562445 [TCP segment of a reassembled PDU]"
"69664","38.591195743","192.168.1.55","192.168.1.2","TCP","1514","8004  >  36970 [ACK] Seq=379566 Ack=144 Win=65024 Len=1448 TSval=2916042671 TSecr=3045562445 [TCP segment of a reassembled PDU]"
"69665","38.591196891","192.168.1.55","192.168.1.2","TCP","1514","8004  >  36970 [ACK] Seq=381014 Ack=144 Win=65024 Len=1448 TSval=2916042671 TSecr=3045562445 [TCP segment of a reassembled PDU]"
"69666","38.591197983","192.168.1.55","192.168.1.2","TCP","1514","8004  >  36970 [ACK] Seq=382462 Ack=144 Win=65024 Len=1448 TSval=2916042671 TSecr=3045562445 [TCP segment of a reassembled PDU]"
"69667","38.591199558","192.168.1.55","192.168.1.2","TCP","1514","8004  >  36970 [ACK] Seq=383910 Ack=144 Win=65024 Len=1448 TSval=2916042671 TSecr=3045562445 [TCP segment of a reassembled PDU]"
"69668","38.591200687","192.168.1.55","192.168.1.2","TCP","1514","8004  >  36970 [ACK] Seq=385358 Ack=144 Win=65024 Len=1448 TSval=2916042671 TSecr=3045562445 [TCP segment of a reassembled PDU]"
"69669","38.591201761","192.168.1.55","192.168.1.2","TCP","1514","8004  >  36970 [ACK] Seq=386806 Ack=144 Win=65024 Len=1448 TSval=2916042671 TSecr=3045562445 [TCP segment of a reassembled PDU]"
"69670","38.591202854","192.168.1.55","192.168.1.2","TCP","1514","8004  >  36970 [ACK] Seq=388254 Ack=144 Win=65024 Len=1448 TSval=2916042671 TSecr=3045562445 [TCP segment of a reassembled PDU]"
"69671","38.591203946","192.168.1.55","192.168.1.2","TCP","1514","8004  >  36970 [PSH, ACK] Seq=389702 Ack=144 Win=65024 Len=1448 TSval=2916042671 TSecr=3045562445 [TCP segment of a reassembled PDU]"
"69672","38.591208261","192.168.1.2","192.168.1.55","TCP","66","36970  >  8004 [ACK] Seq=144 Ack=294134 Win=106496 Len=0 TSval=3045562445 TSecr=2916042664"
"69673","38.597527568","192.168.1.2","192.168.1.55","TCP","66","36970  >  8004 [ACK] Seq=144 Ack=299198 Win=145408 Len=0 TSval=3045562451 TSecr=2916042664"
"69674","38.597563309","192.168.1.55","192.168.1.2","TCP","1514","8004  >  36970 [ACK] Seq=391150 Ack=144 Win=65024 Len=1448 TSval=2916042678 TSecr=3045562451 [TCP segment of a reassembled PDU]"
"69675","38.597566049","192.168.1.55","192.168.1.2","TCP","1514","8004  >  36970 [ACK] Seq=392598 Ack=144 Win=65024 Len=1448 TSval=2916042678 TSecr=3045562451 [TCP segment of a reassembled PDU]"
"69676","38.597567494","192.168.1.55","192.168.1.2","TCP","1514","8004  >  36970 [ACK] Seq=394046 Ack=144 Win=65024 Len=1448 TSval=2916042678 TSecr=3045562451 [TCP segment of a reassembled PDU]"
"69677","38.597568827","192.168.1.55","192.168.1.2","TCP","1514","8004  >  36970 [ACK] Seq=395494 Ack=144 Win=65024 Len=1448 TSval=2916042678 TSecr=3045562451 [TCP segment of a reassembled PDU]"
"69678","38.597570197","192.168.1.55","192.168.1.2","TCP","1514","8004  >  36970 [ACK] Seq=396942 Ack=144 Win=65024 Len=1448 TSval=2916042678 TSecr=3045562451 [TCP segment of a reassembled PDU]"
"69679","38.597571586","192.168.1.55","192.168.1.2","TCP","1514","8004  >  36970 [ACK] Seq=398390 Ack=144 Win=65024 Len=1448 TSval=2916042678 TSecr=3045562451 [TCP segment of a reassembled PDU]"
"69680","38.597572864","192.168.1.55","192.168.1.2","TCP","1514","8004  >  36970 [ACK] Seq=399838 Ack=144 Win=65024 Len=1448 TSval=2916042678 TSecr=3045562451 [TCP segment of a reassembled PDU]"
"69681","38.597574290","192.168.1.55","192.168.1.2","TCP","1514","8004  >  36970 [ACK] Seq=401286 Ack=144 Win=65024 Len=1448 TSval=2916042678 TSecr=3045562451 [TCP segment of a reassembled PDU]"
"69682","38.597575735","192.168.1.55","192.168.1.2","TCP","1514","8004  >  36970 [ACK] Seq=402734 Ack=144 Win=65024 Len=1448 TSval=2916042678 TSecr=3045562451 [TCP segment of a reassembled PDU]"
"69683","38.597577179","192.168.1.55","192.168.1.2","TCP","1514","8004  >  36970 [ACK] Seq=404182 Ack=144 Win=65024 Len=1448 TSval=2916042678 TSecr=3045562451 [TCP segment of a reassembled PDU]"
"69684","38.597578642","192.168.1.55","192.168.1.2","TCP","1514","8004  >  36970 [ACK] Seq=405630 Ack=144 Win=65024 Len=1448 TSval=2916042678 TSecr=3045562451 [TCP segment of a reassembled PDU]"
"69685","38.597579901","192.168.1.55","192.168.1.2","TCP","1514","8004  >  36970 [ACK] Seq=407078 Ack=144 Win=65024 Len=1448 TSval=2916042678 TSecr=3045562451 [TCP segment of a reassembled PDU]"
"69686","38.597581198","192.168.1.55","192.168.1.2","TCP","1514","8004  >  36970 [ACK] Seq=408526 Ack=144 Win=65024 Len=1448 TSval=2916042678 TSecr=3045562451 [TCP segment of a reassembled PDU]"
"69687","38.597582735","192.168.1.55","192.168.1.2","TCP","1514","8004  >  36970 [ACK] Seq=409974 Ack=144 Win=65024 Len=1448 TSval=2916042678 TSecr=3045562451 [TCP segment of a reassembled PDU]"
"69688","38.597584475","192.168.1.55","192.168.1.2","TCP","1514","8004  >  36970 [ACK] Seq=411422 Ack=144 Win=65024 Len=1448 TSval=2916042678 TSecr=3045562451 [TCP segment of a reassembled PDU]"
"69689","38.597585994","192.168.1.55","192.168.1.2","TCP","1514","8004  >  36970 [ACK] Seq=412870 Ack=144 Win=65024 Len=1448 TSval=2916042678 TSecr=3045562451 [TCP segment of a reassembled PDU]"
"69690","38.597587309","192.168.1.55","192.168.1.2","TCP","1514","8004  >  36970 [ACK] Seq=414318 Ack=144 Win=65024 Len=1448 TSval=2916042678 TSecr=3045562451 [TCP segment of a reassembled PDU]"
"69691","38.597588660","192.168.1.55","192.168.1.2","TCP","1514","8004  >  36970 [ACK] Seq=415766 Ack=144 Win=65024 Len=1448 TSval=2916042678 TSecr=3045562451 [TCP segment of a reassembled PDU]"
"69692","38.597590049","192.168.1.55","192.168.1.2","TCP","1514","8004  >  36970 [ACK] Seq=417214 Ack=144 Win=65024 Len=1448 TSval=2916042678 TSecr=3045562451 [TCP segment of a reassembled PDU]"
"69693","38.597591327","192.168.1.55","192.168.1.2","TCP","1514","8004  >  36970 [ACK] Seq=418662 Ack=144 Win=65024 Len=1448 TSval=2916042678 TSecr=3045562451 [TCP segment of a reassembled PDU]"
"69694","38.597592938","192.168.1.55","192.168.1.2","TCP","1514","8004  >  36970 [ACK] Seq=420110 Ack=144 Win=65024 Len=1448 TSval=2916042678 TSecr=3045562451 [TCP segment of a reassembled PDU]"
"69695","38.597594290","192.168.1.55","192.168.1.2","TCP","1514","8004  >  36970 [ACK] Seq=421558 Ack=144 Win=65024 Len=1448 TSval=2916042678 TSecr=3045562451 [TCP segment of a reassembled PDU]"
"69696","38.597595605","192.168.1.55","192.168.1.2","TCP","1514","8004  >  36970 [ACK] Seq=423006 Ack=144 Win=65024 Len=1448 TSval=2916042678 TSecr=3045562451 [TCP segment of a reassembled PDU]"
"69697","38.597596957","192.168.1.55","192.168.1.2","TCP","1514","8004  >  36970 [ACK] Seq=424454 Ack=144 Win=65024 Len=1448 TSval=2916042678 TSecr=3045562451 [TCP segment of a reassembled PDU]"
"69698","38.597598272","192.168.1.55","192.168.1.2","TCP","1514","8004  >  36970 [ACK] Seq=425902 Ack=144 Win=65024 Len=1448 TSval=2916042678 TSecr=3045562451 [TCP segment of a reassembled PDU]"
"69699","38.597599586","192.168.1.55","192.168.1.2","TCP","1514","8004  >  36970 [ACK] Seq=427350 Ack=144 Win=65024 Len=1448 TSval=2916042678 TSecr=3045562451 [TCP segment of a reassembled PDU]"
"69700","38.597600901","192.168.1.55","192.168.1.2","TCP","1514","8004  >  36970 [ACK] Seq=428798 Ack=144 Win=65024 Len=1448 TSval=2916042678 TSecr=3045562451 [TCP segment of a reassembled PDU]"
"69701","38.597602216","192.168.1.55","192.168.1.2","TCP","1514","8004  >  36970 [ACK] Seq=430246 Ack=144 Win=65024 Len=1448 TSval=2916042678 TSecr=3045562451 [TCP segment of a reassembled PDU]"
"69702","38.597603623","192.168.1.55","192.168.1.2","TCP","1514","8004  >  36970 [ACK] Seq=431694 Ack=144 Win=65024 Len=1448 TSval=2916042678 TSecr=3045562451 [TCP segment of a reassembled PDU]"
"69703","38.597604901","192.168.1.55","192.168.1.2","TCP","1514","8004  >  36970 [ACK] Seq=433142 Ack=144 Win=65024 Len=1448 TSval=2916042678 TSecr=3045562451 [TCP segment of a reassembled PDU]"
"69704","38.597606179","192.168.1.55","192.168.1.2","TCP","1514","8004  >  36970 [PSH, ACK] Seq=434590 Ack=144 Win=65024 Len=1448 TSval=2916042678 TSecr=3045562451 [TCP segment of a reassembled PDU]"
"69705","38.597683235","192.168.1.2","192.168.1.55","TCP","66","36970  >  8004 [ACK] Seq=144 Ack=301374 Win=143360 Len=0 TSval=3045562451 TSecr=2916042670"
"69706","38.597691290","192.168.1.2","192.168.1.55","TCP","66","36970  >  8004 [ACK] Seq=144 Ack=304270 Win=141312 Len=0 TSval=3045562451 TSecr=2916042670"
"69707","38.597696290","192.168.1.2","192.168.1.55","TCP","66","36970  >  8004 [ACK] Seq=144 Ack=330334 Win=128000 Len=0 TSval=3045562451 TSecr=2916042670"
"69708","38.598940589","192.168.1.2","192.168.1.55","TCP","66","36970  >  8004 [ACK] Seq=144 Ack=346262 Win=138240 Len=0 TSval=3045562452 TSecr=2916042670"
"69709","38.598993829","192.168.1.55","192.168.1.2","TCP","1514","8004  >  36970 [ACK] Seq=436038 Ack=144 Win=65024 Len=1448 TSval=2916042679 TSecr=3045562452 [TCP segment of a reassembled PDU]"
"69710","38.598996681","192.168.1.55","192.168.1.2","TCP","1514","8004  >  36970 [ACK] Seq=437486 Ack=144 Win=65024 Len=1448 TSval=2916042679 TSecr=3045562452 [TCP segment of a reassembled PDU]"
"69711","38.598998126","192.168.1.55","192.168.1.2","TCP","1514","8004  >  36970 [ACK] Seq=438934 Ack=144 Win=65024 Len=1448 TSval=2916042679 TSecr=3045562452 [TCP segment of a reassembled PDU]"
"69712","38.598999607","192.168.1.55","192.168.1.2","TCP","1514","8004  >  36970 [ACK] Seq=440382 Ack=144 Win=65024 Len=1448 TSval=2916042679 TSecr=3045562452 [TCP segment of a reassembled PDU]"
"69713","38.599001200","192.168.1.55","192.168.1.2","TCP","1514","8004  >  36970 [ACK] Seq=441830 Ack=144 Win=65024 Len=1448 TSval=2916042679 TSecr=3045562452 [TCP segment of a reassembled PDU]"
"69714","38.599002589","192.168.1.55","192.168.1.2","TCP","1514","8004  >  36970 [ACK] Seq=443278 Ack=144 Win=65024 Len=1448 TSval=2916042679 TSecr=3045562452 [TCP segment of a reassembled PDU]"
"69715","38.599004015","192.168.1.55","192.168.1.2","TCP","1514","8004  >  36970 [ACK] Seq=444726 Ack=144 Win=65024 Len=1448 TSval=2916042679 TSecr=3045562452 [TCP segment of a reassembled PDU]"
"69716","38.599005441","192.168.1.55","192.168.1.2","TCP","1514","8004  >  36970 [ACK] Seq=446174 Ack=144 Win=65024 Len=1448 TSval=2916042679 TSecr=3045562452 [TCP segment of a reassembled PDU]"
"69717","38.599006941","192.168.1.55","192.168.1.2","TCP","1514","8004  >  36970 [ACK] Seq=447622 Ack=144 Win=65024 Len=1448 TSval=2916042679 TSecr=3045562452 [TCP segment of a reassembled PDU]"
"69718","38.599008329","192.168.1.55","192.168.1.2","TCP","1514","8004  >  36970 [ACK] Seq=449070 Ack=144 Win=65024 Len=1448 TSval=2916042679 TSecr=3045562452 [TCP segment of a reassembled PDU]"
"69719","38.599009792","192.168.1.55","192.168.1.2","TCP","1514","8004  >  36970 [ACK] Seq=450518 Ack=144 Win=65024 Len=1448 TSval=2916042679 TSecr=3045562452 [TCP segment of a reassembled PDU]"
"69720","38.599011329","192.168.1.55","192.168.1.2","TCP","1514","8004  >  36970 [ACK] Seq=451966 Ack=144 Win=65024 Len=1448 TSval=2916042679 TSecr=3045562452 [TCP segment of a reassembled PDU]"
"69721","38.599012811","192.168.1.55","192.168.1.2","TCP","1514","8004  >  36970 [ACK] Seq=453414 Ack=144 Win=65024 Len=1448 TSval=2916042679 TSecr=3045562452 [TCP segment of a reassembled PDU]"
"69722","38.599014218","192.168.1.55","192.168.1.2","TCP","1514","8004  >  36970 [ACK] Seq=454862 Ack=144 Win=65024 Len=1448 TSval=2916042679 TSecr=3045562452 [TCP segment of a reassembled PDU]"
"69723","38.599015718","192.168.1.55","192.168.1.2","TCP","1514","8004  >  36970 [ACK] Seq=456310 Ack=144 Win=65024 Len=1448 TSval=2916042679 TSecr=3045562452 [TCP segment of a reassembled PDU]"
"69724","38.599017144","192.168.1.55","192.168.1.2","TCP","1514","8004  >  36970 [ACK] Seq=457758 Ack=144 Win=65024 Len=1448 TSval=2916042679 TSecr=3045562452 [TCP segment of a reassembled PDU]"
"69725","38.599018459","192.168.1.55","192.168.1.2","TCP","1514","8004  >  36970 [ACK] Seq=459206 Ack=144 Win=65024 Len=1448 TSval=2916042679 TSecr=3045562452 [TCP segment of a reassembled PDU]"
"69726","38.599019996","192.168.1.55","192.168.1.2","TCP","1514","8004  >  36970 [ACK] Seq=460654 Ack=144 Win=65024 Len=1448 TSval=2916042679 TSecr=3045562452 [TCP segment of a reassembled PDU]"
"69727","38.599021607","192.168.1.55","192.168.1.2","TCP","1514","8004  >  36970 [ACK] Seq=462102 Ack=144 Win=65024 Len=1448 TSval=2916042679 TSecr=3045562452 [TCP segment of a reassembled PDU]"
"69728","38.599023070","192.168.1.55","192.168.1.2","TCP","1514","8004  >  36970 [ACK] Seq=463550 Ack=144 Win=65024 Len=1448 TSval=2916042679 TSecr=3045562452 [TCP segment of a reassembled PDU]"
"69729","38.599024811","192.168.1.55","192.168.1.2","TCP","1514","8004  >  36970 [ACK] Seq=464998 Ack=144 Win=65024 Len=1448 TSval=2916042679 TSecr=3045562452 [TCP segment of a reassembled PDU]"
"69730","38.599026478","192.168.1.55","192.168.1.2","TCP","1514","8004  >  36970 [ACK] Seq=466446 Ack=144 Win=65024 Len=1448 TSval=2916042679 TSecr=3045562452 [TCP segment of a reassembled PDU]"
"69731","38.599027904","192.168.1.55","192.168.1.2","TCP","1514","8004  >  36970 [ACK] Seq=467894 Ack=144 Win=65024 Len=1448 TSval=2916042679 TSecr=3045562452 [TCP segment of a reassembled PDU]"
"69732","38.599029367","192.168.1.55","192.168.1.2","TCP","1514","8004  >  36970 [ACK] Seq=469342 Ack=144 Win=65024 Len=1448 TSval=2916042679 TSecr=3045562452 [TCP segment of a reassembled PDU]"
"69733","38.599030848","192.168.1.55","192.168.1.2","TCP","1514","8004  >  36970 [ACK] Seq=470790 Ack=144 Win=65024 Len=1448 TSval=2916042679 TSecr=3045562452 [TCP segment of a reassembled PDU]"
"69734","38.599032496","192.168.1.55","192.168.1.2","TCP","1514","8004  >  36970 [ACK] Seq=472238 Ack=144 Win=65024 Len=1448 TSval=2916042679 TSecr=3045562452 [TCP segment of a reassembled PDU]"
"69735","38.599033996","192.168.1.55","192.168.1.2","TCP","1514","8004  >  36970 [ACK] Seq=473686 Ack=144 Win=65024 Len=1448 TSval=2916042679 TSecr=3045562452 [TCP segment of a reassembled PDU]"
"69736","38.599035385","192.168.1.55","192.168.1.2","TCP","1514","8004  >  36970 [ACK] Seq=475134 Ack=144 Win=65024 Len=1448 TSval=2916042679 TSecr=3045562452 [TCP segment of a reassembled PDU]"
"69737","38.599036885","192.168.1.55","192.168.1.2","TCP","1514","8004  >  36970 [ACK] Seq=476582 Ack=144 Win=65024 Len=1448 TSval=2916042679 TSecr=3045562452 [TCP segment of a reassembled PDU]"
"69738","38.599038348","192.168.1.55","192.168.1.2","TCP","1514","8004  >  36970 [ACK] Seq=478030 Ack=144 Win=65024 Len=1448 TSval=2916042679 TSecr=3045562452 [TCP segment of a reassembled PDU]"
"69739","38.599039718","192.168.1.55","192.168.1.2","TCP","1514","8004  >  36970 [PSH, ACK] Seq=479478 Ack=144 Win=65024 Len=1448 TSval=2916042679 TSecr=3045562452 [TCP segment of a reassembled PDU]"
"69740","38.599046348","192.168.1.2","192.168.1.55","TCP","66","36970  >  8004 [ACK] Seq=144 Ack=367982 Win=117760 Len=0 TSval=3045562452 TSecr=2916042671"
"69741","38.599084737","192.168.1.2","192.168.1.55","TCP","66","36970  >  8004 [ACK] Seq=144 Ack=372326 Win=146432 Len=0 TSval=3045562453 TSecr=2916042671"
"69742","38.599111126","192.168.1.55","192.168.1.2","TCP","1514","8004  >  36970 [ACK] Seq=480926 Ack=144 Win=65024 Len=1448 TSval=2916042679 TSecr=3045562453 [TCP segment of a reassembled PDU]"
"69743","38.599113515","192.168.1.55","192.168.1.2","TCP","1514","8004  >  36970 [ACK] Seq=482374 Ack=144 Win=65024 Len=1448 TSval=2916042679 TSecr=3045562453 [TCP segment of a reassembled PDU]"
"69744","38.599114867","192.168.1.55","192.168.1.2","TCP","1514","8004  >  36970 [ACK] Seq=483822 Ack=144 Win=65024 Len=1448 TSval=2916042679 TSecr=3045562453 [TCP segment of a reassembled PDU]"
"69745","38.599116274","192.168.1.55","192.168.1.2","TCP","1514","8004  >  36970 [ACK] Seq=485270 Ack=144 Win=65024 Len=1448 TSval=2916042679 TSecr=3045562453 [TCP segment of a reassembled PDU]"
"69746","38.599117681","192.168.1.55","192.168.1.2","TCP","1514","8004  >  36970 [ACK] Seq=486718 Ack=144 Win=65024 Len=1448 TSval=2916042679 TSecr=3045562453 [TCP segment of a reassembled PDU]"
"69747","38.599119107","192.168.1.55","192.168.1.2","TCP","1514","8004  >  36970 [ACK] Seq=488166 Ack=144 Win=65024 Len=1448 TSval=2916042679 TSecr=3045562453 [TCP segment of a reassembled PDU]"
"69748","38.599120570","192.168.1.55","192.168.1.2","TCP","1514","8004  >  36970 [ACK] Seq=489614 Ack=144 Win=65024 Len=1448 TSval=2916042679 TSecr=3045562453 [TCP segment of a reassembled PDU]"
"69749","38.599121978","192.168.1.55","192.168.1.2","TCP","1514","8004  >  36970 [ACK] Seq=491062 Ack=144 Win=65024 Len=1448 TSval=2916042679 TSecr=3045562453 [TCP segment of a reassembled PDU]"
"69750","38.599123607","192.168.1.55","192.168.1.2","TCP","1514","8004  >  36970 [ACK] Seq=492510 Ack=144 Win=65024 Len=1448 TSval=2916042679 TSecr=3045562453 [TCP segment of a reassembled PDU]"
"69751","38.599125552","192.168.1.55","192.168.1.2","TCP","1514","8004  >  36970 [ACK] Seq=493958 Ack=144 Win=65024 Len=1448 TSval=2916042679 TSecr=3045562453 [TCP segment of a reassembled PDU]"
"69752","38.599126922","192.168.1.55","192.168.1.2","TCP","1514","8004  >  36970 [ACK] Seq=495406 Ack=144 Win=65024 Len=1448 TSval=2916042679 TSecr=3045562453 [TCP segment of a reassembled PDU]"
"69753","38.599128200","192.168.1.55","192.168.1.2","TCP","1514","8004  >  36970 [ACK] Seq=496854 Ack=144 Win=65024 Len=1448 TSval=2916042679 TSecr=3045562453 [TCP segment of a reassembled PDU]"
"69754","38.599129589","192.168.1.55","192.168.1.2","HTTP","222","HTTP/1.0 200 OK  (PNG)"
"69755","38.599159496","192.168.1.2","192.168.1.55","TCP","66","36970  >  8004 [ACK] Seq=144 Ack=391150 Win=128000 Len=0 TSval=3045562453 TSecr=2916042671"
"69756","38.604738357","192.168.1.2","192.168.1.55","TCP","66","36970  >  8004 [ACK] Seq=144 Ack=395494 Win=146432 Len=0 TSval=3045562457 TSecr=2916042678"
"69757","38.605344469","192.168.1.2","192.168.1.55","TCP","66","36970  >  8004 [ACK] Seq=144 Ack=436038 Win=154624 Len=0 TSval=3045562460 TSecr=2916042678"
"69758","38.605409506","192.168.1.2","192.168.1.55","TCP","66","36970  >  8004 [ACK] Seq=144 Ack=478030 Win=151552 Len=0 TSval=3045562460 TSecr=2916042679"
"69759","38.607750233","192.168.1.2","192.168.1.55","TCP","66","36970  >  8004 [ACK] Seq=144 Ack=480926 Win=160768 Len=0 TSval=3045562463 TSecr=2916042679"
"69760","38.607862010","192.168.1.2","192.168.1.55","TCP","66","36970  >  8004 [ACK] Seq=144 Ack=489614 Win=173056 Len=0 TSval=3045562463 TSecr=2916042679"
"69761","38.608618993","192.168.1.2","192.168.1.55","TCP","66","36970  >  8004 [ACK] Seq=144 Ack=498302 Win=181248 Len=0 TSval=3045562463 TSecr=2916042679"
"69762","38.610139922","192.168.1.2","192.168.1.55","TCP","66","36970  >  8004 [FIN, ACK] Seq=144 Ack=498459 Win=184320 Len=0 TSval=3045562464 TSecr=2916042679"
"69763","38.610154514","192.168.1.55","192.168.1.2","TCP","66","8004  >  36970 [ACK] Seq=498459 Ack=145 Win=65024 Len=0 TSval=2916042690 TSecr=3045562464"
"69764","38.610383181","192.168.1.2","192.168.1.55","TCP","74","36974  >  8004 [SYN] Seq=0 Win=64240 Len=0 MSS=1460 SACK_PERM TSval=3045562465 TSecr=0 WS=1024"
"69765","38.610407533","192.168.1.55","192.168.1.2","TCP","74","8004  >  36974 [SYN, ACK] Seq=0 Ack=1 Win=65160 Len=0 MSS=1460 SACK_PERM TSval=2916042691 TSecr=3045562465 WS=128"
"69766","38.613711150","192.168.1.2","192.168.1.55","TCP","66","36974  >  8004 [ACK] Seq=1 Ack=1 Win=64512 Len=0 TSval=3045562468 TSecr=2916042691"
"69767","38.616936359","192.168.1.2","192.168.1.55","HTTP","206","GET /stego_benchmark.png HTTP/1.1 "
"69768","38.616953914","192.168.1.55","192.168.1.2","TCP","66","8004  >  36974 [ACK] Seq=1 Ack=141 Win=65024 Len=0 TSval=2916042697 TSecr=3045562468"
"69769","38.617437619","192.168.1.55","192.168.1.2","TCP","255","8004  >  36974 [PSH, ACK] Seq=1 Ack=141 Win=65024 Len=189 TSval=2916042698 TSecr=3045562468 [TCP segment of a reassembled PDU]"
"69770","38.617519711","192.168.1.55","192.168.1.2","TCP","1514","8004  >  36974 [ACK] Seq=190 Ack=141 Win=65024 Len=1448 TSval=2916042698 TSecr=3045562468 [TCP segment of a reassembled PDU]"
"69771","38.617524304","192.168.1.55","192.168.1.2","TCP","1514","8004  >  36974 [ACK] Seq=1638 Ack=141 Win=65024 Len=1448 TSval=2916042698 TSecr=3045562468 [TCP segment of a reassembled PDU]"
"69772","38.617525841","192.168.1.55","192.168.1.2","TCP","1514","8004  >  36974 [ACK] Seq=3086 Ack=141 Win=65024 Len=1448 TSval=2916042698 TSecr=3045562468 [TCP segment of a reassembled PDU]"
"69773","38.617527285","192.168.1.55","192.168.1.2","TCP","1514","8004  >  36974 [ACK] Seq=4534 Ack=141 Win=65024 Len=1448 TSval=2916042698 TSecr=3045562468 [TCP segment of a reassembled PDU]"
"69774","38.617529545","192.168.1.55","192.168.1.2","TCP","1514","8004  >  36974 [PSH, ACK] Seq=5982 Ack=141 Win=65024 Len=1448 TSval=2916042698 TSecr=3045562468 [TCP segment of a reassembled PDU]"
"69775","38.617548822","192.168.1.55","192.168.1.2","TCP","1514","8004  >  36974 [ACK] Seq=7430 Ack=141 Win=65024 Len=1448 TSval=2916042698 TSecr=3045562468 [TCP segment of a reassembled PDU]"
"69776","38.617550748","192.168.1.55","192.168.1.2","TCP","1514","8004  >  36974 [ACK] Seq=8878 Ack=141 Win=65024 Len=1448 TSval=2916042698 TSecr=3045562468 [TCP segment of a reassembled PDU]"
"69777","38.617552119","192.168.1.55","192.168.1.2","TCP","1514","8004  >  36974 [ACK] Seq=10326 Ack=141 Win=65024 Len=1448 TSval=2916042698 TSecr=3045562468 [TCP segment of a reassembled PDU]"
"69778","38.617553452","192.168.1.55","192.168.1.2","TCP","1514","8004  >  36974 [PSH, ACK] Seq=11774 Ack=141 Win=65024 Len=1448 TSval=2916042698 TSecr=3045562468 [TCP segment of a reassembled PDU]"
"69779","38.620845513","192.168.1.2","192.168.1.55","TCP","66","36974  >  8004 [ACK] Seq=141 Ack=190 Win=64512 Len=0 TSval=3045562475 TSecr=2916042698"
"69780","38.620887458","192.168.1.55","192.168.1.2","TCP","1514","8004  >  36974 [ACK] Seq=13222 Ack=141 Win=65024 Len=1448 TSval=2916042701 TSecr=3045562475 [TCP segment of a reassembled PDU]"
"69781","38.620891569","192.168.1.55","192.168.1.2","TCP","1514","8004  >  36974 [PSH, ACK] Seq=14670 Ack=141 Win=65024 Len=1448 TSval=2916042701 TSecr=3045562475 [TCP segment of a reassembled PDU]"
"69782","38.620943884","192.168.1.2","192.168.1.55","TCP","66","36974  >  8004 [ACK] Seq=141 Ack=3086 Win=70656 Len=0 TSval=3045562475 TSecr=2916042698"
"69783","38.622062552","192.168.1.2","192.168.1.55","TCP","66","36974  >  8004 [ACK] Seq=141 Ack=5982 Win=76800 Len=0 TSval=3045562475 TSecr=2916042698"
"69784","38.622116348","192.168.1.55","192.168.1.2","TCP","1514","8004  >  36974 [ACK] Seq=16118 Ack=141 Win=65024 Len=1448 TSval=2916042702 TSecr=3045562475 [TCP segment of a reassembled PDU]"
"69785","38.622122774","192.168.1.55","192.168.1.2","TCP","1514","8004  >  36974 [ACK] Seq=17566 Ack=141 Win=65024 Len=1448 TSval=2916042702 TSecr=3045562475 [TCP segment of a reassembled PDU]"
"69786","38.622124348","192.168.1.55","192.168.1.2","TCP","1514","8004  >  36974 [ACK] Seq=19014 Ack=141 Win=65024 Len=1448 TSval=2916042702 TSecr=3045562475 [TCP segment of a reassembled PDU]"
"69787","38.622127034","192.168.1.55","192.168.1.2","TCP","1514","8004  >  36974 [ACK] Seq=20462 Ack=141 Win=65024 Len=1448 TSval=2916042702 TSecr=3045562475 [TCP segment of a reassembled PDU]"
"69788","38.622128997","192.168.1.55","192.168.1.2","TCP","1514","8004  >  36974 [ACK] Seq=21910 Ack=141 Win=65024 Len=1448 TSval=2916042702 TSecr=3045562475 [TCP segment of a reassembled PDU]"
"69789","38.622130385","192.168.1.55","192.168.1.2","TCP","1514","8004  >  36974 [ACK] Seq=23358 Ack=141 Win=65024 Len=1448 TSval=2916042702 TSecr=3045562475 [TCP segment of a reassembled PDU]"
"69790","38.622133052","192.168.1.55","192.168.1.2","TCP","1514","8004  >  36974 [PSH, ACK] Seq=24806 Ack=141 Win=65024 Len=1448 TSval=2916042702 TSecr=3045562475 [TCP segment of a reassembled PDU]"
"69791","38.622222071","192.168.1.2","192.168.1.55","TCP","66","36974  >  8004 [ACK] Seq=141 Ack=7430 Win=79872 Len=0 TSval=3045562476 TSecr=2916042698"
"69792","38.622237293","192.168.1.2","192.168.1.55","TCP","66","36974  >  8004 [ACK] Seq=141 Ack=8878 Win=81920 Len=0 TSval=3045562476 TSecr=2916042698"
"69793","38.622245052","192.168.1.2","192.168.1.55","TCP","66","36974  >  8004 [ACK] Seq=141 Ack=13222 Win=87040 Len=0 TSval=3045562476 TSecr=2916042698"
"69794","38.622276275","192.168.1.55","192.168.1.2","TCP","1514","8004  >  36974 [ACK] Seq=26254 Ack=141 Win=65024 Len=1448 TSval=2916042702 TSecr=3045562476 [TCP segment of a reassembled PDU]"
"69795","38.622282886","192.168.1.55","192.168.1.2","TCP","1514","8004  >  36974 [ACK] Seq=27702 Ack=141 Win=65024 Len=1448 TSval=2916042702 TSecr=3045562476 [TCP segment of a reassembled PDU]"
"69796","38.622307867","192.168.1.55","192.168.1.2","TCP","1514","8004  >  36974 [ACK] Seq=29150 Ack=141 Win=65024 Len=1448 TSval=2916042702 TSecr=3045562476 [TCP segment of a reassembled PDU]"
"69797","38.622311552","192.168.1.55","192.168.1.2","TCP","1514","8004  >  36974 [ACK] Seq=30598 Ack=141 Win=65024 Len=1448 TSval=2916042702 TSecr=3045562476 [TCP segment of a reassembled PDU]"
"69798","38.622313071","192.168.1.55","192.168.1.2","TCP","1514","8004  >  36974 [ACK] Seq=32046 Ack=141 Win=65024 Len=1448 TSval=2916042702 TSecr=3045562476 [TCP segment of a reassembled PDU]"
"69799","38.622314386","192.168.1.55","192.168.1.2","TCP","1514","8004  >  36974 [ACK] Seq=33494 Ack=141 Win=65024 Len=1448 TSval=2916042702 TSecr=3045562476 [TCP segment of a reassembled PDU]"
"69800","38.622316034","192.168.1.55","192.168.1.2","TCP","1514","8004  >  36974 [ACK] Seq=34942 Ack=141 Win=65024 Len=1448 TSval=2916042702 TSecr=3045562476 [TCP segment of a reassembled PDU]"
"69801","38.622318201","192.168.1.55","192.168.1.2","TCP","1514","8004  >  36974 [ACK] Seq=36390 Ack=141 Win=65024 Len=1448 TSval=2916042702 TSecr=3045562476 [TCP segment of a reassembled PDU]"
"69802","38.622319775","192.168.1.55","192.168.1.2","TCP","1514","8004  >  36974 [ACK] Seq=37838 Ack=141 Win=65024 Len=1448 TSval=2916042702 TSecr=3045562476 [TCP segment of a reassembled PDU]"
"69803","38.622321627","192.168.1.55","192.168.1.2","TCP","1514","8004  >  36974 [PSH, ACK] Seq=39286 Ack=141 Win=65024 Len=1448 TSval=2916042702 TSecr=3045562476 [TCP segment of a reassembled PDU]"
"69804","38.623491147","192.168.1.55","192.168.1.2","TCP","1514","8004  >  36974 [ACK] Seq=40734 Ack=141 Win=65024 Len=1448 TSval=2916042704 TSecr=3045562476 [TCP segment of a reassembled PDU]"
"69805","38.623555425","192.168.1.2","192.168.1.55","TCP","66","36974  >  8004 [ACK] Seq=141 Ack=14670 Win=90112 Len=0 TSval=3045562478 TSecr=2916042701"
"69806","38.623612795","192.168.1.55","192.168.1.2","TCP","1514","8004  >  36974 [ACK] Seq=42182 Ack=141 Win=65024 Len=1448 TSval=2916042704 TSecr=3045562478 [TCP segment of a reassembled PDU]"
"69807","38.623620999","192.168.1.55","192.168.1.2","TCP","1514","8004  >  36974 [PSH, ACK] Seq=43630 Ack=141 Win=65024 Len=1448 TSval=2916042704 TSecr=3045562478 [TCP segment of a reassembled PDU]"
"69808","38.626870301","192.168.1.2","192.168.1.55","TCP","66","36974  >  8004 [ACK] Seq=141 Ack=16118 Win=90112 Len=0 TSval=3045562481 TSecr=2916042701"
"69809","38.626895171","192.168.1.55","192.168.1.2","TCP","1514","8004  >  36974 [ACK] Seq=45078 Ack=141 Win=65024 Len=1448 TSval=2916042707 TSecr=3045562481 [TCP segment of a reassembled PDU]"
"69810","38.626898727","192.168.1.55","192.168.1.2","TCP","1514","8004  >  36974 [PSH, ACK] Seq=46526 Ack=141 Win=65024 Len=1448 TSval=2916042707 TSecr=3045562481 [TCP segment of a reassembled PDU]"
"69811","38.627139690","192.168.1.2","192.168.1.55","TCP","66","36974  >  8004 [ACK] Seq=141 Ack=26254 Win=83968 Len=0 TSval=3045562481 TSecr=2916042702"
"69812","38.627191894","192.168.1.55","192.168.1.2","TCP","1514","8004  >  36974 [ACK] Seq=47974 Ack=141 Win=65024 Len=1448 TSval=2916042707 TSecr=3045562481 [TCP segment of a reassembled PDU]"
"69813","38.627196412","192.168.1.55","192.168.1.2","TCP","1514","8004  >  36974 [ACK] Seq=49422 Ack=141 Win=65024 Len=1448 TSval=2916042707 TSecr=3045562481 [TCP segment of a reassembled PDU]"
"69814","38.627197986","192.168.1.55","192.168.1.2","TCP","1514","8004  >  36974 [ACK] Seq=50870 Ack=141 Win=65024 Len=1448 TSval=2916042707 TSecr=3045562481 [TCP segment of a reassembled PDU]"
"69815","38.627200486","192.168.1.55","192.168.1.2","TCP","1514","8004  >  36974 [ACK] Seq=52318 Ack=141 Win=65024 Len=1448 TSval=2916042707 TSecr=3045562481 [TCP segment of a reassembled PDU]"
"69816","38.627203079","192.168.1.55","192.168.1.2","TCP","1514","8004  >  36974 [ACK] Seq=53766 Ack=141 Win=65024 Len=1448 TSval=2916042707 TSecr=3045562481 [TCP segment of a reassembled PDU]"
"69817","38.627205264","192.168.1.55","192.168.1.2","TCP","1514","8004  >  36974 [ACK] Seq=55214 Ack=141 Win=65024 Len=1448 TSval=2916042707 TSecr=3045562481 [TCP segment of a reassembled PDU]"
"69818","38.627206616","192.168.1.55","192.168.1.2","TCP","1514","8004  >  36974 [ACK] Seq=56662 Ack=141 Win=65024 Len=1448 TSval=2916042707 TSecr=3045562481 [TCP segment of a reassembled PDU]"
"69819","38.627208523","192.168.1.55","192.168.1.2","TCP","1514","8004  >  36974 [ACK] Seq=58110 Ack=141 Win=65024 Len=1448 TSval=2916042707 TSecr=3045562481 [TCP segment of a reassembled PDU]"
"69820","38.627210468","192.168.1.55","192.168.1.2","TCP","1514","8004  >  36974 [ACK] Seq=59558 Ack=141 Win=65024 Len=1448 TSval=2916042707 TSecr=3045562481 [TCP segment of a reassembled PDU]"
"69821","38.627212190","192.168.1.55","192.168.1.2","TCP","1514","8004  >  36974 [ACK] Seq=61006 Ack=141 Win=65024 Len=1448 TSval=2916042707 TSecr=3045562481 [TCP segment of a reassembled PDU]"
"69822","38.627214060","192.168.1.55","192.168.1.2","TCP","1514","8004  >  36974 [ACK] Seq=62454 Ack=141 Win=65024 Len=1448 TSval=2916042707 TSecr=3045562481 [TCP segment of a reassembled PDU]"
"69823","38.627215968","192.168.1.55","192.168.1.2","TCP","1514","8004  >  36974 [ACK] Seq=63902 Ack=141 Win=65024 Len=1448 TSval=2916042707 TSecr=3045562481 [TCP segment of a reassembled PDU]"
"69824","38.627217431","192.168.1.55","192.168.1.2","TCP","1514","8004  >  36974 [ACK] Seq=65350 Ack=141 Win=65024 Len=1448 TSval=2916042707 TSecr=3045562481 [TCP segment of a reassembled PDU]"
"69825","38.627218579","192.168.1.55","192.168.1.2","TCP","1514","8004  >  36974 [PSH, ACK] Seq=66798 Ack=141 Win=65024 Len=1448 TSval=2916042707 TSecr=3045562481 [TCP segment of a reassembled PDU]"
"69826","38.627224894","192.168.1.2","192.168.1.55","TCP","66","36974  >  8004 [ACK] Seq=141 Ack=39286 Win=71680 Len=0 TSval=3045562481 TSecr=2916042702"
"69827","38.627247709","192.168.1.55","192.168.1.2","TCP","1514","8004  >  36974 [ACK] Seq=68246 Ack=141 Win=65024 Len=1448 TSval=2916042707 TSecr=3045562481 [TCP segment of a reassembled PDU]"
"69828","38.627249079","192.168.1.55","192.168.1.2","TCP","1514","8004  >  36974 [ACK] Seq=69694 Ack=141 Win=65024 Len=1448 TSval=2916042707 TSecr=3045562481 [TCP segment of a reassembled PDU]"
"69829","38.627250690","192.168.1.55","192.168.1.2","TCP","1514","8004  >  36974 [ACK] Seq=71142 Ack=141 Win=65024 Len=1448 TSval=2916042707 TSecr=3045562481 [TCP segment of a reassembled PDU]"
"69830","38.627252986","192.168.1.55","192.168.1.2","TCP","1514","8004  >  36974 [ACK] Seq=72590 Ack=141 Win=65024 Len=1448 TSval=2916042707 TSecr=3045562481 [TCP segment of a reassembled PDU]"
"69831","38.627254635","192.168.1.55","192.168.1.2","TCP","1514","8004  >  36974 [ACK] Seq=74038 Ack=141 Win=65024 Len=1448 TSval=2916042707 TSecr=3045562481 [TCP segment of a reassembled PDU]"
"69832","38.627255875","192.168.1.55","192.168.1.2","TCP","1514","8004  >  36974 [PSH, ACK] Seq=75486 Ack=141 Win=65024 Len=1448 TSval=2916042707 TSecr=3045562481 [TCP segment of a reassembled PDU]"
"69833","38.627262190","192.168.1.2","192.168.1.55","TCP","66","36974  >  8004 [ACK] Seq=141 Ack=40734 Win=91136 Len=0 TSval=3045562482 TSecr=2916042702"
"69834","38.627301153","192.168.1.55","192.168.1.2","TCP","1514","8004  >  36974 [ACK] Seq=76934 Ack=141 Win=65024 Len=1448 TSval=2916042707 TSecr=3045562482 [TCP segment of a reassembled PDU]"
"69835","38.627303986","192.168.1.55","192.168.1.2","TCP","1514","8004  >  36974 [ACK] Seq=78382 Ack=141 Win=65024 Len=1448 TSval=2916042707 TSecr=3045562482 [TCP segment of a reassembled PDU]"
"69836","38.627305338","192.168.1.55","192.168.1.2","TCP","1514","8004  >  36974 [ACK] Seq=79830 Ack=141 Win=65024 Len=1448 TSval=2916042707 TSecr=3045562482 [TCP segment of a reassembled PDU]"
"69837","38.627306468","192.168.1.55","192.168.1.2","TCP","1514","8004  >  36974 [ACK] Seq=81278 Ack=141 Win=65024 Len=1448 TSval=2916042707 TSecr=3045562482 [TCP segment of a reassembled PDU]"
"69838","38.627307912","192.168.1.55","192.168.1.2","TCP","1514","8004  >  36974 [ACK] Seq=82726 Ack=141 Win=65024 Len=1448 TSval=2916042707 TSecr=3045562482 [TCP segment of a reassembled PDU]"
"69839","38.627309301","192.168.1.55","192.168.1.2","TCP","1514","8004  >  36974 [ACK] Seq=84174 Ack=141 Win=65024 Len=1448 TSval=2916042707 TSecr=3045562482 [TCP segment of a reassembled PDU]"
"69840","38.627310635","192.168.1.55","192.168.1.2","TCP","1514","8004  >  36974 [ACK] Seq=85622 Ack=141 Win=65024 Len=1448 TSval=2916042707 TSecr=3045562482 [TCP segment of a reassembled PDU]"
"69841","38.627313190","192.168.1.55","192.168.1.2","TCP","1514","8004  >  36974 [ACK] Seq=87070 Ack=141 Win=65024 Len=1448 TSval=2916042707 TSecr=3045562482 [TCP segment of a reassembled PDU]"
"69842","38.627314838","192.168.1.55","192.168.1.2","TCP","1514","8004  >  36974 [ACK] Seq=88518 Ack=141 Win=65024 Len=1448 TSval=2916042707 TSecr=3045562482 [TCP segment of a reassembled PDU]"
"69843","38.627316338","192.168.1.55","192.168.1.2","TCP","1514","8004  >  36974 [ACK] Seq=89966 Ack=141 Win=65024 Len=1448 TSval=2916042707 TSecr=3045562482 [TCP segment of a reassembled PDU]"
"69844","38.627317820","192.168.1.55","192.168.1.2","TCP","1514","8004  >  36974 [ACK] Seq=91414 Ack=141 Win=65024 Len=1448 TSval=2916042707 TSecr=3045562482 [TCP segment of a reassembled PDU]"
"69845","38.627319098","192.168.1.55","192.168.1.2","TCP","1514","8004  >  36974 [ACK] Seq=92862 Ack=141 Win=65024 Len=1448 TSval=2916042707 TSecr=3045562482 [TCP segment of a reassembled PDU]"
"69846","38.627320412","192.168.1.55","192.168.1.2","TCP","1514","8004  >  36974 [ACK] Seq=94310 Ack=141 Win=65024 Len=1448 TSval=2916042707 TSecr=3045562482 [TCP segment of a reassembled PDU]"
"69847","38.627321635","192.168.1.55","192.168.1.2","TCP","1514","8004  >  36974 [PSH, ACK] Seq=95758 Ack=141 Win=65024 Len=1448 TSval=2916042707 TSecr=3045562482 [TCP segment of a reassembled PDU]"
"69848","38.627382283","192.168.1.2","192.168.1.55","TCP","66","36974  >  8004 [ACK] Seq=141 Ack=42182 Win=90112 Len=0 TSval=3045562482 TSecr=2916042704"
"69849","38.627388357","192.168.1.2","192.168.1.55","TCP","66","36974  >  8004 [ACK] Seq=141 Ack=45078 Win=90112 Len=0 TSval=3045562482 TSecr=2916042704"
"69850","38.628587674","192.168.1.55","192.168.1.2","TCP","1514","8004  >  36974 [ACK] Seq=97206 Ack=141 Win=65024 Len=1448 TSval=2916042709 TSecr=3045562482 [TCP segment of a reassembled PDU]"
"69851","38.628590026","192.168.1.55","192.168.1.2","TCP","1514","8004  >  36974 [ACK] Seq=98654 Ack=141 Win=65024 Len=1448 TSval=2916042709 TSecr=3045562482 [TCP segment of a reassembled PDU]"
"69852","38.628591192","192.168.1.55","192.168.1.2","TCP","1514","8004  >  36974 [ACK] Seq=100102 Ack=141 Win=65024 Len=1448 TSval=2916042709 TSecr=3045562482 [TCP segment of a reassembled PDU]"
"69853","38.628592785","192.168.1.55","192.168.1.2","TCP","1514","8004  >  36974 [ACK] Seq=101550 Ack=141 Win=65024 Len=1448 TSval=2916042709 TSecr=3045562482 [TCP segment of a reassembled PDU]"
"69854","38.628594340","192.168.1.55","192.168.1.2","TCP","1514","8004  >  36974 [ACK] Seq=102998 Ack=141 Win=65024 Len=1448 TSval=2916042709 TSecr=3045562482 [TCP segment of a reassembled PDU]"
"69855","38.628595952","192.168.1.55","192.168.1.2","TCP","1514","8004  >  36974 [PSH, ACK] Seq=104446 Ack=141 Win=65024 Len=1448 TSval=2916042709 TSecr=3045562482 [TCP segment of a reassembled PDU]"
"69856","38.634321720","192.168.1.2","192.168.1.55","TCP","66","36974  >  8004 [ACK] Seq=141 Ack=47974 Win=88064 Len=0 TSval=3045562484 TSecr=2916042707"
"69857","38.634334665","192.168.1.55","192.168.1.2","TCP","1514","8004  >  36974 [ACK] Seq=105894 Ack=141 Win=65024 Len=1448 TSval=2916042715 TSecr=3045562484 [TCP segment of a reassembled PDU]"
"69858","38.634337128","192.168.1.55","192.168.1.2","TCP","1514","8004  >  36974 [ACK] Seq=107342 Ack=141 Win=65024 Len=1448 TSval=2916042715 TSecr=3045562484 [TCP segment of a reassembled PDU]"
"69859","38.634338368","192.168.1.55","192.168.1.2","TCP","1514","8004  >  36974 [ACK] Seq=108790 Ack=141 Win=65024 Len=1448 TSval=2916042715 TSecr=3045562484 [TCP segment of a reassembled PDU]"
"69860","38.634339961","192.168.1.55","192.168.1.2","TCP","1514","8004  >  36974 [PSH, ACK] Seq=110238 Ack=141 Win=65024 Len=1448 TSval=2916042715 TSecr=3045562484 [TCP segment of a reassembled PDU]"
"69861","38.634635147","192.168.1.2","192.168.1.55","TCP","66","36974  >  8004 [ACK] Seq=141 Ack=49422 Win=87040 Len=0 TSval=3045562484 TSecr=2916042707"
"69862","38.634648517","192.168.1.2","192.168.1.55","TCP","66","36974  >  8004 [ACK] Seq=141 Ack=68246 Win=73728 Len=0 TSval=3045562487 TSecr=2916042707"
"69863","38.634670924","192.168.1.55","192.168.1.2","TCP","1514","8004  >  36974 [ACK] Seq=111686 Ack=141 Win=65024 Len=1448 TSval=2916042715 TSecr=3045562487 [TCP segment of a reassembled PDU]"
"69864","38.634674424","192.168.1.55","192.168.1.2","TCP","1514","8004  >  36974 [ACK] Seq=113134 Ack=141 Win=65024 Len=1448 TSval=2916042715 TSecr=3045562487 [TCP segment of a reassembled PDU]"
"69865","38.634675665","192.168.1.55","192.168.1.2","TCP","1514","8004  >  36974 [ACK] Seq=114582 Ack=141 Win=65024 Len=1448 TSval=2916042715 TSecr=3045562487 [TCP segment of a reassembled PDU]"
"69866","38.634677073","192.168.1.55","192.168.1.2","TCP","1514","8004  >  36974 [ACK] Seq=116030 Ack=141 Win=65024 Len=1448 TSval=2916042715 TSecr=3045562487 [TCP segment of a reassembled PDU]"
"69867","38.634678313","192.168.1.55","192.168.1.2","TCP","1514","8004  >  36974 [ACK] Seq=117478 Ack=141 Win=65024 Len=1448 TSval=2916042715 TSecr=3045562487 [TCP segment of a reassembled PDU]"
"69868","38.634679610","192.168.1.55","192.168.1.2","TCP","1514","8004  >  36974 [PSH, ACK] Seq=118926 Ack=141 Win=65024 Len=1448 TSval=2916042715 TSecr=3045562487 [TCP segment of a reassembled PDU]"
"69869","38.634686665","192.168.1.2","192.168.1.55","TCP","66","36974  >  8004 [ACK] Seq=141 Ack=76934 Win=84992 Len=0 TSval=3045562487 TSecr=2916042707"
"69870","38.634731647","192.168.1.55","192.168.1.2","TCP","1514","8004  >  36974 [ACK] Seq=120374 Ack=141 Win=65024 Len=1448 TSval=2916042715 TSecr=3045562487 [TCP segment of a reassembled PDU]"
"69871","38.634733739","192.168.1.55","192.168.1.2","TCP","1514","8004  >  36974 [ACK] Seq=121822 Ack=141 Win=65024 Len=1448 TSval=2916042715 TSecr=3045562487 [TCP segment of a reassembled PDU]"
"69872","38.634735017","192.168.1.55","192.168.1.2","TCP","1514","8004  >  36974 [ACK] Seq=123270 Ack=141 Win=65024 Len=1448 TSval=2916042715 TSecr=3045562487 [TCP segment of a reassembled PDU]"
"69873","38.634736221","192.168.1.55","192.168.1.2","TCP","1514","8004  >  36974 [ACK] Seq=124718 Ack=141 Win=65024 Len=1448 TSval=2916042715 TSecr=3045562487 [TCP segment of a reassembled PDU]"
"69874","38.634737499","192.168.1.55","192.168.1.2","TCP","1514","8004  >  36974 [ACK] Seq=126166 Ack=141 Win=65024 Len=1448 TSval=2916042715 TSecr=3045562487 [TCP segment of a reassembled PDU]"
"69875","38.634738850","192.168.1.55","192.168.1.2","TCP","1514","8004  >  36974 [ACK] Seq=127614 Ack=141 Win=65024 Len=1448 TSval=2916042715 TSecr=3045562487 [TCP segment of a reassembled PDU]"
"69876","38.634740462","192.168.1.55","192.168.1.2","TCP","1514","8004  >  36974 [ACK] Seq=129062 Ack=141 Win=65024 Len=1448 TSval=2916042715 TSecr=3045562487 [TCP segment of a reassembled PDU]"
"69877","38.634741758","192.168.1.55","192.168.1.2","TCP","1514","8004  >  36974 [ACK] Seq=130510 Ack=141 Win=65024 Len=1448 TSval=2916042715 TSecr=3045562487 [TCP segment of a reassembled PDU]"
"69878","38.634742999","192.168.1.55","192.168.1.2","TCP","1514","8004  >  36974 [ACK] Seq=131958 Ack=141 Win=65024 Len=1448 TSval=2916042715 TSecr=3045562487 [TCP segment of a reassembled PDU]"
"69879","38.634744295","192.168.1.55","192.168.1.2","TCP","1514","8004  >  36974 [ACK] Seq=133406 Ack=141 Win=65024 Len=1448 TSval=2916042715 TSecr=3045562487 [TCP segment of a reassembled PDU]"
"69880","38.634745591","192.168.1.55","192.168.1.2","TCP","1514","8004  >  36974 [ACK] Seq=134854 Ack=141 Win=65024 Len=1448 TSval=2916042715 TSecr=3045562487 [TCP segment of a reassembled PDU]"
"69881","38.634746906","192.168.1.55","192.168.1.2","TCP","1514","8004  >  36974 [ACK] Seq=136302 Ack=141 Win=65024 Len=1448 TSval=2916042715 TSecr=3045562487 [TCP segment of a reassembled PDU]"
"69882","38.634748536","192.168.1.55","192.168.1.2","TCP","1514","8004  >  36974 [ACK] Seq=137750 Ack=141 Win=65024 Len=1448 TSval=2916042715 TSecr=3045562487 [TCP segment of a reassembled PDU]"
"69883","38.634749739","192.168.1.55","192.168.1.2","TCP","1514","8004  >  36974 [ACK] Seq=139198 Ack=141 Win=65024 Len=1448 TSval=2916042715 TSecr=3045562487 [TCP segment of a reassembled PDU]"
"69884","38.634751017","192.168.1.55","192.168.1.2","TCP","1514","8004  >  36974 [ACK] Seq=140646 Ack=141 Win=65024 Len=1448 TSval=2916042715 TSecr=3045562487 [TCP segment of a reassembled PDU]"
"69885","38.634752425","192.168.1.55","192.168.1.2","TCP","1514","8004  >  36974 [ACK] Seq=142094 Ack=141 Win=65024 Len=1448 TSval=2916042715 TSecr=3045562487 [TCP segment of a reassembled PDU]"
"69886","38.634753702","192.168.1.55","192.168.1.2","TCP","1514","8004  >  36974 [ACK] Seq=143542 Ack=141 Win=65024 Len=1448 TSval=2916042715 TSecr=3045562487 [TCP segment of a reassembled PDU]"
"69887","38.634755110","192.168.1.55","192.168.1.2","TCP","1514","8004  >  36974 [ACK] Seq=144990 Ack=141 Win=65024 Len=1448 TSval=2916042715 TSecr=3045562487 [TCP segment of a reassembled PDU]"
"69888","38.634756517","192.168.1.55","192.168.1.2","TCP","1514","8004  >  36974 [ACK] Seq=146438 Ack=141 Win=65024 Len=1448 TSval=2916042715 TSecr=3045562487 [TCP segment of a reassembled PDU]"
"69889","38.634757850","192.168.1.55","192.168.1.2","TCP","1514","8004  >  36974 [ACK] Seq=147886 Ack=141 Win=65024 Len=1448 TSval=2916042715 TSecr=3045562487 [TCP segment of a reassembled PDU]"
"69890","38.634759202","192.168.1.55","192.168.1.2","TCP","1514","8004  >  36974 [ACK] Seq=149334 Ack=141 Win=65024 Len=1448 TSval=2916042715 TSecr=3045562487 [TCP segment of a reassembled PDU]"
"69891","38.634760591","192.168.1.55","192.168.1.2","TCP","1514","8004  >  36974 [ACK] Seq=150782 Ack=141 Win=65024 Len=1448 TSval=2916042715 TSecr=3045562487 [TCP segment of a reassembled PDU]"
"69892","38.634761925","192.168.1.55","192.168.1.2","TCP","1514","8004  >  36974 [ACK] Seq=152230 Ack=141 Win=65024 Len=1448 TSval=2916042715 TSecr=3045562487 [TCP segment of a reassembled PDU]"
"69893","38.634763221","192.168.1.55","192.168.1.2","TCP","1514","8004  >  36974 [ACK] Seq=153678 Ack=141 Win=65024 Len=1448 TSval=2916042715 TSecr=3045562487 [TCP segment of a reassembled PDU]"
"69894","38.634764499","192.168.1.55","192.168.1.2","TCP","1514","8004  >  36974 [ACK] Seq=155126 Ack=141 Win=65024 Len=1448 TSval=2916042715 TSecr=3045562487 [TCP segment of a reassembled PDU]"
"69895","38.634765813","192.168.1.55","192.168.1.2","TCP","1514","8004  >  36974 [ACK] Seq=156574 Ack=141 Win=65024 Len=1448 TSval=2916042715 TSecr=3045562487 [TCP segment of a reassembled PDU]"
"69896","38.634767036","192.168.1.55","192.168.1.2","TCP","1514","8004  >  36974 [ACK] Seq=158022 Ack=141 Win=65024 Len=1448 TSval=2916042715 TSecr=3045562487 [TCP segment of a reassembled PDU]"
"69897","38.634768350","192.168.1.55","192.168.1.2","TCP","1514","8004  >  36974 [ACK] Seq=159470 Ack=141 Win=65024 Len=1448 TSval=2916042715 TSecr=3045562487 [TCP segment of a reassembled PDU]"
"69898","38.634769591","192.168.1.55","192.168.1.2","TCP","1074","[TCP Window Full] 8004  >  36974 [PSH, ACK] Seq=160918 Ack=141 Win=65024 Len=1008 TSval=2916042715 TSecr=3045562487 [TCP segment of a reassembled PDU]"
"69899","38.634774202","192.168.1.2","192.168.1.55","TCP","66","36974  >  8004 [ACK] Seq=141 Ack=97206 Win=65536 Len=0 TSval=3045562487 TSecr=2916042707"
"69900","38.634832906","192.168.1.2","192.168.1.55","TCP","66","36974  >  8004 [ACK] Seq=141 Ack=98654 Win=64512 Len=0 TSval=3045562487 TSecr=2916042709"
"69901","38.634839888","192.168.1.2","192.168.1.55","TCP","66","36974  >  8004 [ACK] Seq=141 Ack=105894 Win=83968 Len=0 TSval=3045562489 TSecr=2916042709"
"69902","38.634868221","192.168.1.55","192.168.1.2","TCP","1514","8004  >  36974 [ACK] Seq=161926 Ack=141 Win=65024 Len=1448 TSval=2916042715 TSecr=3045562489 [TCP segment of a reassembled PDU]"
"69903","38.634876628","192.168.1.55","192.168.1.2","TCP","506","8004  >  36974 [ACK] Seq=163374 Ack=141 Win=65024 Len=440 TSval=2916042715 TSecr=3045562489 [TCP segment of a reassembled PDU]"
"69904","38.634902665","192.168.1.55","192.168.1.2","TCP","1514","8004  >  36974 [ACK] Seq=163814 Ack=141 Win=65024 Len=1448 TSval=2916042715 TSecr=3045562489 [TCP segment of a reassembled PDU]"
"69905","38.634904332","192.168.1.55","192.168.1.2","TCP","1514","8004  >  36974 [ACK] Seq=165262 Ack=141 Win=65024 Len=1448 TSval=2916042715 TSecr=3045562489 [TCP segment of a reassembled PDU]"
"69906","38.634905721","192.168.1.55","192.168.1.2","TCP","1514","8004  >  36974 [ACK] Seq=166710 Ack=141 Win=65024 Len=1448 TSval=2916042715 TSecr=3045562489 [TCP segment of a reassembled PDU]"
"69907","38.634907184","192.168.1.55","192.168.1.2","TCP","1514","8004  >  36974 [ACK] Seq=168158 Ack=141 Win=65024 Len=1448 TSval=2916042715 TSecr=3045562489 [TCP segment of a reassembled PDU]"
"69908","38.634908443","192.168.1.55","192.168.1.2","TCP","1514","8004  >  36974 [ACK] Seq=169606 Ack=141 Win=65024 Len=1448 TSval=2916042715 TSecr=3045562489 [TCP segment of a reassembled PDU]"
"69909","38.634909814","192.168.1.55","192.168.1.2","TCP","1514","8004  >  36974 [ACK] Seq=171054 Ack=141 Win=65024 Len=1448 TSval=2916042715 TSecr=3045562489 [TCP segment of a reassembled PDU]"
"69910","38.634911091","192.168.1.55","192.168.1.2","TCP","1514","8004  >  36974 [ACK] Seq=172502 Ack=141 Win=65024 Len=1448 TSval=2916042715 TSecr=3045562489 [TCP segment of a reassembled PDU]"
"69911","38.634912499","192.168.1.55","192.168.1.2","TCP","1514","8004  >  36974 [ACK] Seq=173950 Ack=141 Win=65024 Len=1448 TSval=2916042715 TSecr=3045562489 [TCP segment of a reassembled PDU]"
"69912","38.634913980","192.168.1.55","192.168.1.2","TCP","1514","8004  >  36974 [ACK] Seq=175398 Ack=141 Win=65024 Len=1448 TSval=2916042715 TSecr=3045562489 [TCP segment of a reassembled PDU]"
"69913","38.634915221","192.168.1.55","192.168.1.2","TCP","1514","8004  >  36974 [ACK] Seq=176846 Ack=141 Win=65024 Len=1448 TSval=2916042715 TSecr=3045562489 [TCP segment of a reassembled PDU]"
"69914","38.634916517","192.168.1.55","192.168.1.2","TCP","1514","8004  >  36974 [ACK] Seq=178294 Ack=141 Win=65024 Len=1448 TSval=2916042715 TSecr=3045562489 [TCP segment of a reassembled PDU]"
"69915","38.634917869","192.168.1.55","192.168.1.2","TCP","1514","8004  >  36974 [ACK] Seq=179742 Ack=141 Win=65024 Len=1448 TSval=2916042715 TSecr=3045562489 [TCP segment of a reassembled PDU]"
"69916","38.634919110","192.168.1.55","192.168.1.2","TCP","1514","8004  >  36974 [ACK] Seq=181190 Ack=141 Win=65024 Len=1448 TSval=2916042715 TSecr=3045562489 [TCP segment of a reassembled PDU]"
"69917","38.634920369","192.168.1.55","192.168.1.2","TCP","1514","8004  >  36974 [ACK] Seq=182638 Ack=141 Win=65024 Len=1448 TSval=2916042715 TSecr=3045562489 [TCP segment of a reassembled PDU]"
"69918","38.634921628","192.168.1.55","192.168.1.2","TCP","1514","8004  >  36974 [ACK] Seq=184086 Ack=141 Win=65024 Len=1448 TSval=2916042715 TSecr=3045562489 [TCP segment of a reassembled PDU]"
"69919","38.634922962","192.168.1.55","192.168.1.2","TCP","1514","8004  >  36974 [ACK] Seq=185534 Ack=141 Win=65024 Len=1448 TSval=2916042715 TSecr=3045562489 [TCP segment of a reassembled PDU]"
"69920","38.634924295","192.168.1.55","192.168.1.2","TCP","1514","8004  >  36974 [PSH, ACK] Seq=186982 Ack=141 Win=65024 Len=1448 TSval=2916042715 TSecr=3045562489 [TCP segment of a reassembled PDU]"
"69921","38.641534361","192.168.1.2","192.168.1.55","TCP","66","36974  >  8004 [ACK] Seq=141 Ack=111686 Win=86016 Len=0 TSval=3045562495 TSecr=2916042715"
"69922","38.641551436","192.168.1.55","192.168.1.2","TCP","1514","8004  >  36974 [ACK] Seq=188430 Ack=141 Win=65024 Len=1448 TSval=2916042722 TSecr=3045562495 [TCP segment of a reassembled PDU]"
"69923","38.641554047","192.168.1.55","192.168.1.2","TCP","1514","8004  >  36974 [ACK] Seq=189878 Ack=141 Win=65024 Len=1448 TSval=2916042722 TSecr=3045562495 [TCP segment of a reassembled PDU]"
"69924","38.641555306","192.168.1.55","192.168.1.2","TCP","1514","8004  >  36974 [ACK] Seq=191326 Ack=141 Win=65024 Len=1448 TSval=2916042722 TSecr=3045562495 [TCP segment of a reassembled PDU]"
"69925","38.641556621","192.168.1.55","192.168.1.2","TCP","1514","8004  >  36974 [ACK] Seq=192774 Ack=141 Win=65024 Len=1448 TSval=2916042722 TSecr=3045562495 [TCP segment of a reassembled PDU]"
"69926","38.641557843","192.168.1.55","192.168.1.2","TCP","1514","8004  >  36974 [ACK] Seq=194222 Ack=141 Win=65024 Len=1448 TSval=2916042722 TSecr=3045562495 [TCP segment of a reassembled PDU]"
"69927","38.641559158","192.168.1.55","192.168.1.2","TCP","1514","8004  >  36974 [PSH, ACK] Seq=195670 Ack=141 Win=65024 Len=1448 TSval=2916042722 TSecr=3045562495 [TCP segment of a reassembled PDU]"
"69928","38.641904584","192.168.1.2","192.168.1.55","TCP","66","36974  >  8004 [ACK] Seq=141 Ack=120374 Win=77824 Len=0 TSval=3045562495 TSecr=2916042715"
"69929","38.641911381","192.168.1.2","192.168.1.55","TCP","66","36974  >  8004 [ACK] Seq=141 Ack=161926 Win=54272 Len=0 TSval=3045562495 TSecr=2916042715"
"69930","38.641923825","192.168.1.55","192.168.1.2","TCP","1514","8004  >  36974 [ACK] Seq=197118 Ack=141 Win=65024 Len=1448 TSval=2916042722 TSecr=3045562495 [TCP segment of a reassembled PDU]"
"69931","38.641926381","192.168.1.55","192.168.1.2","TCP","1514","8004  >  36974 [ACK] Seq=198566 Ack=141 Win=65024 Len=1448 TSval=2916042722 TSecr=3045562495 [TCP segment of a reassembled PDU]"
"69932","38.641927732","192.168.1.55","192.168.1.2","TCP","1514","8004  >  36974 [ACK] Seq=200014 Ack=141 Win=65024 Len=1448 TSval=2916042722 TSecr=3045562495 [TCP segment of a reassembled PDU]"
"69933","38.641928973","192.168.1.55","192.168.1.2","TCP","1514","8004  >  36974 [ACK] Seq=201462 Ack=141 Win=65024 Len=1448 TSval=2916042722 TSecr=3045562495 [TCP segment of a reassembled PDU]"
"69934","38.641930214","192.168.1.55","192.168.1.2","TCP","1514","8004  >  36974 [ACK] Seq=202910 Ack=141 Win=65024 Len=1448 TSval=2916042722 TSecr=3045562495 [TCP segment of a reassembled PDU]"
"69935","38.641931566","192.168.1.55","192.168.1.2","TCP","1514","8004  >  36974 [ACK] Seq=204358 Ack=141 Win=65024 Len=1448 TSval=2916042722 TSecr=3045562495 [TCP segment of a reassembled PDU]"
"69936","38.641932807","192.168.1.55","192.168.1.2","TCP","1514","8004  >  36974 [ACK] Seq=205806 Ack=141 Win=65024 Len=1448 TSval=2916042722 TSecr=3045562495 [TCP segment of a reassembled PDU]"
"69937","38.641934121","192.168.1.55","192.168.1.2","TCP","1514","8004  >  36974 [PSH, ACK] Seq=207254 Ack=141 Win=65024 Len=1448 TSval=2916042722 TSecr=3045562495 [TCP segment of a reassembled PDU]"
"69938","38.641938084","192.168.1.2","192.168.1.55","TCP","66","36974  >  8004 [ACK] Seq=141 Ack=185534 Win=30720 Len=0 TSval=3045562496 TSecr=2916042715"
"69939","38.641995270","192.168.1.2","192.168.1.55","TCP","66","[TCP Window Update] 36974  >  8004 [ACK] Seq=141 Ack=185534 Win=70656 Len=0 TSval=3045562496 TSecr=2916042715"
"69940","38.642029992","192.168.1.55","192.168.1.2","TCP","1514","8004  >  36974 [ACK] Seq=208702 Ack=141 Win=65024 Len=1448 TSval=2916042722 TSecr=3045562496 [TCP segment of a reassembled PDU]"
"69941","38.642031733","192.168.1.55","192.168.1.2","TCP","1514","8004  >  36974 [ACK] Seq=210150 Ack=141 Win=65024 Len=1448 TSval=2916042722 TSecr=3045562496 [TCP segment of a reassembled PDU]"
"69942","38.642033085","192.168.1.55","192.168.1.2","TCP","1514","8004  >  36974 [ACK] Seq=211598 Ack=141 Win=65024 Len=1448 TSval=2916042722 TSecr=3045562496 [TCP segment of a reassembled PDU]"
"69943","38.642034325","192.168.1.55","192.168.1.2","TCP","1514","8004  >  36974 [ACK] Seq=213046 Ack=141 Win=65024 Len=1448 TSval=2916042722 TSecr=3045562496 [TCP segment of a reassembled PDU]"
"69944","38.642035659","192.168.1.55","192.168.1.2","TCP","1514","8004  >  36974 [ACK] Seq=214494 Ack=141 Win=65024 Len=1448 TSval=2916042722 TSecr=3045562496 [TCP segment of a reassembled PDU]"
"69945","38.642037029","192.168.1.55","192.168.1.2","TCP","1514","8004  >  36974 [ACK] Seq=215942 Ack=141 Win=65024 Len=1448 TSval=2916042722 TSecr=3045562496 [TCP segment of a reassembled PDU]"
"69946","38.642038288","192.168.1.55","192.168.1.2","TCP","1514","8004  >  36974 [ACK] Seq=217390 Ack=141 Win=65024 Len=1448 TSval=2916042722 TSecr=3045562496 [TCP segment of a reassembled PDU]"
"69947","38.642039510","192.168.1.55","192.168.1.2","TCP","1514","8004  >  36974 [ACK] Seq=218838 Ack=141 Win=65024 Len=1448 TSval=2916042722 TSecr=3045562496 [TCP segment of a reassembled PDU]"
"69948","38.642040807","192.168.1.55","192.168.1.2","TCP","1514","8004  >  36974 [ACK] Seq=220286 Ack=141 Win=65024 Len=1448 TSval=2916042722 TSecr=3045562496 [TCP segment of a reassembled PDU]"
"69949","38.642042103","192.168.1.55","192.168.1.2","TCP","1514","8004  >  36974 [ACK] Seq=221734 Ack=141 Win=65024 Len=1448 TSval=2916042722 TSecr=3045562496 [TCP segment of a reassembled PDU]"
"69950","38.642043807","192.168.1.55","192.168.1.2","TCP","1514","8004  >  36974 [ACK] Seq=223182 Ack=141 Win=65024 Len=1448 TSval=2916042722 TSecr=3045562496 [TCP segment of a reassembled PDU]"
"69951","38.642045122","192.168.1.55","192.168.1.2","TCP","1514","8004  >  36974 [ACK] Seq=224630 Ack=141 Win=65024 Len=1448 TSval=2916042722 TSecr=3045562496 [TCP segment of a reassembled PDU]"
"69952","38.642046529","192.168.1.55","192.168.1.2","TCP","1514","8004  >  36974 [ACK] Seq=226078 Ack=141 Win=65024 Len=1448 TSval=2916042722 TSecr=3045562496 [TCP segment of a reassembled PDU]"
"69953","38.642047733","192.168.1.55","192.168.1.2","TCP","1514","8004  >  36974 [ACK] Seq=227526 Ack=141 Win=65024 Len=1448 TSval=2916042722 TSecr=3045562496 [TCP segment of a reassembled PDU]"
"69954","38.642049085","192.168.1.55","192.168.1.2","TCP","1514","8004  >  36974 [ACK] Seq=228974 Ack=141 Win=65024 Len=1448 TSval=2916042722 TSecr=3045562496 [TCP segment of a reassembled PDU]"
"69955","38.642050418","192.168.1.55","192.168.1.2","TCP","1514","8004  >  36974 [ACK] Seq=230422 Ack=141 Win=65024 Len=1448 TSval=2916042722 TSecr=3045562496 [TCP segment of a reassembled PDU]"
"69956","38.642051696","192.168.1.55","192.168.1.2","TCP","1514","8004  >  36974 [ACK] Seq=231870 Ack=141 Win=65024 Len=1448 TSval=2916042722 TSecr=3045562496 [TCP segment of a reassembled PDU]"
"69957","38.642053010","192.168.1.55","192.168.1.2","TCP","1514","8004  >  36974 [ACK] Seq=233318 Ack=141 Win=65024 Len=1448 TSval=2916042722 TSecr=3045562496 [TCP segment of a reassembled PDU]"
"69958","38.642054251","192.168.1.55","192.168.1.2","TCP","1514","8004  >  36974 [ACK] Seq=234766 Ack=141 Win=65024 Len=1448 TSval=2916042722 TSecr=3045562496 [TCP segment of a reassembled PDU]"
"69959","38.642055566","192.168.1.55","192.168.1.2","TCP","1514","8004  >  36974 [ACK] Seq=236214 Ack=141 Win=65024 Len=1448 TSval=2916042722 TSecr=3045562496 [TCP segment of a reassembled PDU]"
"69960","38.642056770","192.168.1.55","192.168.1.2","TCP","1514","8004  >  36974 [ACK] Seq=237662 Ack=141 Win=65024 Len=1448 TSval=2916042722 TSecr=3045562496 [TCP segment of a reassembled PDU]"
"69961","38.642058455","192.168.1.55","192.168.1.2","TCP","1514","8004  >  36974 [ACK] Seq=239110 Ack=141 Win=65024 Len=1448 TSval=2916042722 TSecr=3045562496 [TCP segment of a reassembled PDU]"
"69962","38.642059788","192.168.1.55","192.168.1.2","TCP","1514","8004  >  36974 [ACK] Seq=240558 Ack=141 Win=65024 Len=1448 TSval=2916042722 TSecr=3045562496 [TCP segment of a reassembled PDU]"
"69963","38.642060992","192.168.1.55","192.168.1.2","TCP","1514","8004  >  36974 [ACK] Seq=242006 Ack=141 Win=65024 Len=1448 TSval=2916042722 TSecr=3045562496 [TCP segment of a reassembled PDU]"
"69964","38.642062214","192.168.1.55","192.168.1.2","TCP","1514","8004  >  36974 [ACK] Seq=243454 Ack=141 Win=65024 Len=1448 TSval=2916042722 TSecr=3045562496 [TCP segment of a reassembled PDU]"
"69965","38.642063585","192.168.1.55","192.168.1.2","TCP","1514","8004  >  36974 [ACK] Seq=244902 Ack=141 Win=65024 Len=1448 TSval=2916042722 TSecr=3045562496 [TCP segment of a reassembled PDU]"
"69966","38.642064788","192.168.1.55","192.168.1.2","TCP","1514","8004  >  36974 [ACK] Seq=246350 Ack=141 Win=65024 Len=1448 TSval=2916042722 TSecr=3045562496 [TCP segment of a reassembled PDU]"
"69967","38.642066362","192.168.1.55","192.168.1.2","TCP","1514","8004  >  36974 [ACK] Seq=247798 Ack=141 Win=65024 Len=1448 TSval=2916042722 TSecr=3045562496 [TCP segment of a reassembled PDU]"
"69968","38.642067585","192.168.1.55","192.168.1.2","TCP","1514","8004  >  36974 [ACK] Seq=249246 Ack=141 Win=65024 Len=1448 TSval=2916042722 TSecr=3045562496 [TCP segment of a reassembled PDU]"
"69969","38.642068899","192.168.1.55","192.168.1.2","TCP","1514","8004  >  36974 [ACK] Seq=250694 Ack=141 Win=65024 Len=1448 TSval=2916042722 TSecr=3045562496 [TCP segment of a reassembled PDU]"
"69970","38.642070251","192.168.1.55","192.168.1.2","TCP","1514","8004  >  36974 [PSH, ACK] Seq=252142 Ack=141 Win=65024 Len=1448 TSval=2916042722 TSecr=3045562496 [TCP segment of a reassembled PDU]"
"69971","38.642075436","192.168.1.2","192.168.1.55","TCP","66","36974  >  8004 [ACK] Seq=141 Ack=188430 Win=90112 Len=0 TSval=3045562496 TSecr=2916042715"
"69972","38.642101492","192.168.1.55","192.168.1.2","TCP","1514","8004  >  36974 [ACK] Seq=253590 Ack=141 Win=65024 Len=1448 TSval=2916042722 TSecr=3045562496 [TCP segment of a reassembled PDU]"
"69973","38.642103992","192.168.1.55","192.168.1.2","TCP","1514","8004  >  36974 [ACK] Seq=255038 Ack=141 Win=65024 Len=1448 TSval=2916042722 TSecr=3045562496 [TCP segment of a reassembled PDU]"
"69974","38.642105677","192.168.1.55","192.168.1.2","TCP","1514","8004  >  36974 [ACK] Seq=256486 Ack=141 Win=65024 Len=1448 TSval=2916042722 TSecr=3045562496 [TCP segment of a reassembled PDU]"
"69975","38.642106899","192.168.1.55","192.168.1.2","TCP","1514","8004  >  36974 [ACK] Seq=257934 Ack=141 Win=65024 Len=1448 TSval=2916042722 TSecr=3045562496 [TCP segment of a reassembled PDU]"
"69976","38.642108270","192.168.1.55","192.168.1.2","TCP","1514","8004  >  36974 [ACK] Seq=259382 Ack=141 Win=65024 Len=1448 TSval=2916042722 TSecr=3045562496 [TCP segment of a reassembled PDU]"
"69977","38.642109603","192.168.1.55","192.168.1.2","TCP","1514","8004  >  36974 [ACK] Seq=260830 Ack=141 Win=65024 Len=1448 TSval=2916042722 TSecr=3045562496 [TCP segment of a reassembled PDU]"
"69978","38.642115622","192.168.1.55","192.168.1.2","TCP","1514","8004  >  36974 [ACK] Seq=262278 Ack=141 Win=65024 Len=1448 TSval=2916042722 TSecr=3045562496 [TCP segment of a reassembled PDU]"
"69979","38.642117196","192.168.1.55","192.168.1.2","TCP","1514","8004  >  36974 [ACK] Seq=263726 Ack=141 Win=65024 Len=1448 TSval=2916042722 TSecr=3045562496 [TCP segment of a reassembled PDU]"
"69980","38.642118511","192.168.1.55","192.168.1.2","TCP","1514","8004  >  36974 [ACK] Seq=265174 Ack=141 Win=65024 Len=1448 TSval=2916042722 TSecr=3045562496 [TCP segment of a reassembled PDU]"
"69981","38.642119696","192.168.1.55","192.168.1.2","TCP","1514","8004  >  36974 [ACK] Seq=266622 Ack=141 Win=65024 Len=1448 TSval=2916042722 TSecr=3045562496 [TCP segment of a reassembled PDU]"
"69982","38.642121048","192.168.1.55","192.168.1.2","TCP","1514","8004  >  36974 [ACK] Seq=268070 Ack=141 Win=65024 Len=1448 TSval=2916042722 TSecr=3045562496 [TCP segment of a reassembled PDU]"
"69983","38.642122270","192.168.1.55","192.168.1.2","TCP","1514","8004  >  36974 [ACK] Seq=269518 Ack=141 Win=65024 Len=1448 TSval=2916042722 TSecr=3045562496 [TCP segment of a reassembled PDU]"
"69984","38.642123548","192.168.1.55","192.168.1.2","TCP","1514","8004  >  36974 [ACK] Seq=270966 Ack=141 Win=65024 Len=1448 TSval=2916042722 TSecr=3045562496 [TCP segment of a reassembled PDU]"
"69985","38.642124881","192.168.1.55","192.168.1.2","TCP","1514","8004  >  36974 [ACK] Seq=272414 Ack=141 Win=65024 Len=1448 TSval=2916042722 TSecr=3045562496 [TCP segment of a reassembled PDU]"
"69986","38.642126122","192.168.1.55","192.168.1.2","TCP","1514","8004  >  36974 [ACK] Seq=273862 Ack=141 Win=65024 Len=1448 TSval=2916042722 TSecr=3045562496 [TCP segment of a reassembled PDU]"
"69987","38.642127399","192.168.1.55","192.168.1.2","TCP","1514","8004  >  36974 [ACK] Seq=275310 Ack=141 Win=65024 Len=1448 TSval=2916042722 TSecr=3045562496 [TCP segment of a reassembled PDU]"
"69988","38.642128714","192.168.1.55","192.168.1.2","TCP","1514","8004  >  36974 [ACK] Seq=276758 Ack=141 Win=65024 Len=1448 TSval=2916042722 TSecr=3045562496 [TCP segment of a reassembled PDU]"
"69989","38.642129974","192.168.1.55","192.168.1.2","TCP","402","[TCP Window Full] 8004  >  36974 [PSH, ACK] Seq=278206 Ack=141 Win=65024 Len=336 TSval=2916042722 TSecr=3045562496 [TCP segment of a reassembled PDU]"
"69990","38.650250653","192.168.1.2","192.168.1.55","TCP","66","36974  >  8004 [ACK] Seq=141 Ack=192774 Win=97280 Len=0 TSval=3045562503 TSecr=2916042722"
"69991","38.650301691","192.168.1.55","192.168.1.2","TCP","1514","8004  >  36974 [ACK] Seq=278542 Ack=141 Win=65024 Len=1448 TSval=2916042730 TSecr=3045562503 [TCP segment of a reassembled PDU]"
"69992","38.650306931","192.168.1.55","192.168.1.2","TCP","1514","8004  >  36974 [ACK] Seq=279990 Ack=141 Win=65024 Len=1448 TSval=2916042730 TSecr=3045562503 [TCP segment of a reassembled PDU]"
"69993","38.650308283","192.168.1.55","192.168.1.2","TCP","1514","8004  >  36974 [ACK] Seq=281438 Ack=141 Win=65024 Len=1448 TSval=2916042730 TSecr=3045562503 [TCP segment of a reassembled PDU]"
"69994","38.650309672","192.168.1.55","192.168.1.2","TCP","1514","8004  >  36974 [ACK] Seq=282886 Ack=141 Win=65024 Len=1448 TSval=2916042730 TSecr=3045562503 [TCP segment of a reassembled PDU]"
"69995","38.650311079","192.168.1.55","192.168.1.2","TCP","1514","8004  >  36974 [ACK] Seq=284334 Ack=141 Win=65024 Len=1448 TSval=2916042730 TSecr=3045562503 [TCP segment of a reassembled PDU]"
"69996","38.650312413","192.168.1.55","192.168.1.2","TCP","1514","8004  >  36974 [ACK] Seq=285782 Ack=141 Win=65024 Len=1448 TSval=2916042730 TSecr=3045562503 [TCP segment of a reassembled PDU]"
"69997","38.650313783","192.168.1.55","192.168.1.2","TCP","1514","8004  >  36974 [PSH, ACK] Seq=287230 Ack=141 Win=65024 Len=1448 TSval=2916042730 TSecr=3045562503 [TCP segment of a reassembled PDU]"
"69998","38.650709950","192.168.1.2","192.168.1.55","TCP","66","36974  >  8004 [ACK] Seq=141 Ack=197118 Win=106496 Len=0 TSval=3045562505 TSecr=2916042722"
"69999","38.650729043","192.168.1.55","192.168.1.2","TCP","1514","8004  >  36974 [ACK] Seq=288678 Ack=141 Win=65024 Len=1448 TSval=2916042731 TSecr=3045562505 [TCP segment of a reassembled PDU]"
"70000","38.650730988","192.168.1.55","192.168.1.2","TCP","1514","8004  >  36974 [ACK] Seq=290126 Ack=141 Win=65024 Len=1448 TSval=2916042731 TSecr=3045562505 [TCP segment of a reassembled PDU]"
"70001","38.650732339","192.168.1.55","192.168.1.2","TCP","1514","8004  >  36974 [ACK] Seq=291574 Ack=141 Win=65024 Len=1448 TSval=2916042731 TSecr=3045562505 [TCP segment of a reassembled PDU]"
"70002","38.650733691","192.168.1.55","192.168.1.2","TCP","1514","8004  >  36974 [ACK] Seq=293022 Ack=141 Win=65024 Len=1448 TSval=2916042731 TSecr=3045562505 [TCP segment of a reassembled PDU]"
"70003","38.650735376","192.168.1.55","192.168.1.2","TCP","1514","8004  >  36974 [ACK] Seq=294470 Ack=141 Win=65024 Len=1448 TSval=2916042731 TSecr=3045562505 [TCP segment of a reassembled PDU]"
"70004","38.650736691","192.168.1.55","192.168.1.2","TCP","1514","8004  >  36974 [PSH, ACK] Seq=295918 Ack=141 Win=65024 Len=1448 TSval=2916042731 TSecr=3045562505 [TCP segment of a reassembled PDU]"
"70005","38.650741821","192.168.1.55","192.168.1.2","TCP","1178","8004  >  36974 [ACK] Seq=297366 Ack=141 Win=65024 Len=1112 TSval=2916042731 TSecr=3045562505 [TCP segment of a reassembled PDU]"
"70006","38.650746228","192.168.1.2","192.168.1.55","TCP","66","36974  >  8004 [ACK] Seq=141 Ack=208702 Win=129024 Len=0 TSval=3045562505 TSecr=2916042722"
"70007","38.650753432","192.168.1.2","192.168.1.55","TCP","66","36974  >  8004 [ACK] Seq=141 Ack=253590 Win=119808 Len=0 TSval=3045562505 TSecr=2916042722"
"70008","38.650794636","192.168.1.55","192.168.1.2","TCP","1514","8004  >  36974 [ACK] Seq=298478 Ack=141 Win=65024 Len=1448 TSval=2916042731 TSecr=3045562505 [TCP segment of a reassembled PDU]"
"70009","38.650796506","192.168.1.55","192.168.1.2","TCP","1514","8004  >  36974 [ACK] Seq=299926 Ack=141 Win=65024 Len=1448 TSval=2916042731 TSecr=3045562505 [TCP segment of a reassembled PDU]"
"70010","38.650798080","192.168.1.55","192.168.1.2","TCP","1514","8004  >  36974 [ACK] Seq=301374 Ack=141 Win=65024 Len=1448 TSval=2916042731 TSecr=3045562505 [TCP segment of a reassembled PDU]"
"70011","38.650799525","192.168.1.55","192.168.1.2","TCP","1514","8004  >  36974 [ACK] Seq=302822 Ack=141 Win=65024 Len=1448 TSval=2916042731 TSecr=3045562505 [TCP segment of a reassembled PDU]"
"70012","38.650800951","192.168.1.55","192.168.1.2","TCP","1514","8004  >  36974 [ACK] Seq=304270 Ack=141 Win=65024 Len=1448 TSval=2916042731 TSecr=3045562505 [TCP segment of a reassembled PDU]"
"70013","38.650802340","192.168.1.55","192.168.1.2","TCP","1514","8004  >  36974 [ACK] Seq=305718 Ack=141 Win=65024 Len=1448 TSval=2916042731 TSecr=3045562505 [TCP segment of a reassembled PDU]"
"70014","38.650803710","192.168.1.55","192.168.1.2","TCP","1514","8004  >  36974 [ACK] Seq=307166 Ack=141 Win=65024 Len=1448 TSval=2916042731 TSecr=3045562505 [TCP segment of a reassembled PDU]"
"70015","38.650805099","192.168.1.55","192.168.1.2","TCP","1514","8004  >  36974 [ACK] Seq=308614 Ack=141 Win=65024 Len=1448 TSval=2916042731 TSecr=3045562505 [TCP segment of a reassembled PDU]"
"70016","38.650806414","192.168.1.55","192.168.1.2","TCP","1514","8004  >  36974 [ACK] Seq=310062 Ack=141 Win=65024 Len=1448 TSval=2916042731 TSecr=3045562505 [TCP segment of a reassembled PDU]"
"70017","38.650807765","192.168.1.55","192.168.1.2","TCP","1514","8004  >  36974 [ACK] Seq=311510 Ack=141 Win=65024 Len=1448 TSval=2916042731 TSecr=3045562505 [TCP segment of a reassembled PDU]"
"70018","38.650809210","192.168.1.55","192.168.1.2","TCP","1514","8004  >  36974 [ACK] Seq=312958 Ack=141 Win=65024 Len=1448 TSval=2916042731 TSecr=3045562505 [TCP segment of a reassembled PDU]"
"70019","38.650810506","192.168.1.55","192.168.1.2","TCP","1514","8004  >  36974 [ACK] Seq=314406 Ack=141 Win=65024 Len=1448 TSval=2916042731 TSecr=3045562505 [TCP segment of a reassembled PDU]"
"70020","38.650811969","192.168.1.55","192.168.1.2","TCP","1514","8004  >  36974 [ACK] Seq=315854 Ack=141 Win=65024 Len=1448 TSval=2916042731 TSecr=3045562505 [TCP segment of a reassembled PDU]"
"70021","38.650813395","192.168.1.55","192.168.1.2","TCP","1514","8004  >  36974 [ACK] Seq=317302 Ack=141 Win=65024 Len=1448 TSval=2916042731 TSecr=3045562505 [TCP segment of a reassembled PDU]"
"70022","38.650815043","192.168.1.55","192.168.1.2","TCP","1514","8004  >  36974 [ACK] Seq=318750 Ack=141 Win=65024 Len=1448 TSval=2916042731 TSecr=3045562505 [TCP segment of a reassembled PDU]"
"70023","38.650816599","192.168.1.55","192.168.1.2","TCP","1514","8004  >  36974 [ACK] Seq=320198 Ack=141 Win=65024 Len=1448 TSval=2916042731 TSecr=3045562505 [TCP segment of a reassembled PDU]"
"70024","38.650818043","192.168.1.55","192.168.1.2","TCP","1514","8004  >  36974 [ACK] Seq=321646 Ack=141 Win=65024 Len=1448 TSval=2916042731 TSecr=3045562505 [TCP segment of a reassembled PDU]"
"70025","38.650819506","192.168.1.55","192.168.1.2","TCP","1514","8004  >  36974 [ACK] Seq=323094 Ack=141 Win=65024 Len=1448 TSval=2916042731 TSecr=3045562505 [TCP segment of a reassembled PDU]"
"70026","38.650820914","192.168.1.55","192.168.1.2","TCP","1514","8004  >  36974 [ACK] Seq=324542 Ack=141 Win=65024 Len=1448 TSval=2916042731 TSecr=3045562505 [TCP segment of a reassembled PDU]"
"70027","38.650822247","192.168.1.55","192.168.1.2","TCP","1514","8004  >  36974 [ACK] Seq=325990 Ack=141 Win=65024 Len=1448 TSval=2916042731 TSecr=3045562505 [TCP segment of a reassembled PDU]"
"70028","38.650823728","192.168.1.55","192.168.1.2","TCP","1514","8004  >  36974 [ACK] Seq=327438 Ack=141 Win=65024 Len=1448 TSval=2916042731 TSecr=3045562505 [TCP segment of a reassembled PDU]"
"70029","38.650825154","192.168.1.55","192.168.1.2","TCP","1514","8004  >  36974 [ACK] Seq=328886 Ack=141 Win=65024 Len=1448 TSval=2916042731 TSecr=3045562505 [TCP segment of a reassembled PDU]"
"70030","38.650826488","192.168.1.55","192.168.1.2","TCP","1514","8004  >  36974 [ACK] Seq=330334 Ack=141 Win=65024 Len=1448 TSval=2916042731 TSecr=3045562505 [TCP segment of a reassembled PDU]"
"70031","38.650827877","192.168.1.55","192.168.1.2","TCP","1514","8004  >  36974 [ACK] Seq=331782 Ack=141 Win=65024 Len=1448 TSval=2916042731 TSecr=3045562505 [TCP segment of a reassembled PDU]"
"70032","38.650829932","192.168.1.55","192.168.1.2","TCP","1514","8004  >  36974 [ACK] Seq=333230 Ack=141 Win=65024 Len=1448 TSval=2916042731 TSecr=3045562505 [TCP segment of a reassembled PDU]"
"70033","38.650831340","192.168.1.55","192.168.1.2","TCP","1514","8004  >  36974 [ACK] Seq=334678 Ack=141 Win=65024 Len=1448 TSval=2916042731 TSecr=3045562505 [TCP segment of a reassembled PDU]"
"70034","38.650832821","192.168.1.55","192.168.1.2","TCP","1514","8004  >  36974 [ACK] Seq=336126 Ack=141 Win=65024 Len=1448 TSval=2916042731 TSecr=3045562505 [TCP segment of a reassembled PDU]"
"70035","38.650834210","192.168.1.55","192.168.1.2","TCP","1514","8004  >  36974 [ACK] Seq=337574 Ack=141 Win=65024 Len=1448 TSval=2916042731 TSecr=3045562505 [TCP segment of a reassembled PDU]"
"70036","38.650835654","192.168.1.55","192.168.1.2","TCP","1514","8004  >  36974 [ACK] Seq=339022 Ack=141 Win=65024 Len=1448 TSval=2916042731 TSecr=3045562505 [TCP segment of a reassembled PDU]"
"70037","38.650837247","192.168.1.55","192.168.1.2","TCP","1514","8004  >  36974 [ACK] Seq=340470 Ack=141 Win=65024 Len=1448 TSval=2916042731 TSecr=3045562505 [TCP segment of a reassembled PDU]"
"70038","38.650838784","192.168.1.55","192.168.1.2","TCP","1514","8004  >  36974 [PSH, ACK] Seq=341918 Ack=141 Win=65024 Len=1448 TSval=2916042731 TSecr=3045562505 [TCP segment of a reassembled PDU]"
"70039","38.650843766","192.168.1.2","192.168.1.55","TCP","66","36974  >  8004 [ACK] Seq=141 Ack=278542 Win=95232 Len=0 TSval=3045562505 TSecr=2916042722"
"70040","38.650883006","192.168.1.55","192.168.1.2","TCP","1514","8004  >  36974 [ACK] Seq=343366 Ack=141 Win=65024 Len=1448 TSval=2916042731 TSecr=3045562505 [TCP segment of a reassembled PDU]"
"70041","38.650885784","192.168.1.55","192.168.1.2","TCP","1514","8004  >  36974 [ACK] Seq=344814 Ack=141 Win=65024 Len=1448 TSval=2916042731 TSecr=3045562505 [TCP segment of a reassembled PDU]"
"70042","38.650887136","192.168.1.55","192.168.1.2","TCP","1514","8004  >  36974 [ACK] Seq=346262 Ack=141 Win=65024 Len=1448 TSval=2916042731 TSecr=3045562505 [TCP segment of a reassembled PDU]"
"70043","38.650888451","192.168.1.55","192.168.1.2","TCP","1514","8004  >  36974 [ACK] Seq=347710 Ack=141 Win=65024 Len=1448 TSval=2916042731 TSecr=3045562505 [TCP segment of a reassembled PDU]"
"70044","38.650889840","192.168.1.55","192.168.1.2","TCP","1514","8004  >  36974 [ACK] Seq=349158 Ack=141 Win=65024 Len=1448 TSval=2916042731 TSecr=3045562505 [TCP segment of a reassembled PDU]"
"70045","38.650891154","192.168.1.55","192.168.1.2","TCP","1514","8004  >  36974 [ACK] Seq=350606 Ack=141 Win=65024 Len=1448 TSval=2916042731 TSecr=3045562505 [TCP segment of a reassembled PDU]"
"70046","38.650892414","192.168.1.55","192.168.1.2","TCP","1514","8004  >  36974 [ACK] Seq=352054 Ack=141 Win=65024 Len=1448 TSval=2916042731 TSecr=3045562505 [TCP segment of a reassembled PDU]"
"70047","38.650893784","192.168.1.55","192.168.1.2","TCP","1514","8004  >  36974 [ACK] Seq=353502 Ack=141 Win=65024 Len=1448 TSval=2916042731 TSecr=3045562505 [TCP segment of a reassembled PDU]"
"70048","38.650895062","192.168.1.55","192.168.1.2","TCP","1514","8004  >  36974 [ACK] Seq=354950 Ack=141 Win=65024 Len=1448 TSval=2916042731 TSecr=3045562505 [TCP segment of a reassembled PDU]"
"70049","38.650896432","192.168.1.55","192.168.1.2","TCP","1514","8004  >  36974 [ACK] Seq=356398 Ack=141 Win=65024 Len=1448 TSval=2916042731 TSecr=3045562505 [TCP segment of a reassembled PDU]"
"70050","38.650897673","192.168.1.55","192.168.1.2","TCP","1514","8004  >  36974 [ACK] Seq=357846 Ack=141 Win=65024 Len=1448 TSval=2916042731 TSecr=3045562505 [TCP segment of a reassembled PDU]"
"70051","38.650899006","192.168.1.55","192.168.1.2","TCP","1514","8004  >  36974 [ACK] Seq=359294 Ack=141 Win=65024 Len=1448 TSval=2916042731 TSecr=3045562505 [TCP segment of a reassembled PDU]"
"70052","38.650900469","192.168.1.55","192.168.1.2","TCP","1514","8004  >  36974 [ACK] Seq=360742 Ack=141 Win=65024 Len=1448 TSval=2916042731 TSecr=3045562505 [TCP segment of a reassembled PDU]"
"70053","38.650901766","192.168.1.55","192.168.1.2","TCP","1514","8004  >  36974 [ACK] Seq=362190 Ack=141 Win=65024 Len=1448 TSval=2916042731 TSecr=3045562505 [TCP segment of a reassembled PDU]"
"70054","38.650903229","192.168.1.55","192.168.1.2","TCP","1514","8004  >  36974 [ACK] Seq=363638 Ack=141 Win=65024 Len=1448 TSval=2916042731 TSecr=3045562505 [TCP segment of a reassembled PDU]"
"70055","38.650904543","192.168.1.55","192.168.1.2","TCP","1514","8004  >  36974 [ACK] Seq=365086 Ack=141 Win=65024 Len=1448 TSval=2916042731 TSecr=3045562505 [TCP segment of a reassembled PDU]"
"70056","38.650905803","192.168.1.55","192.168.1.2","TCP","1514","8004  >  36974 [ACK] Seq=366534 Ack=141 Win=65024 Len=1448 TSval=2916042731 TSecr=3045562505 [TCP segment of a reassembled PDU]"
"70057","38.650907173","192.168.1.55","192.168.1.2","TCP","1514","8004  >  36974 [ACK] Seq=367982 Ack=141 Win=65024 Len=1448 TSval=2916042731 TSecr=3045562505 [TCP segment of a reassembled PDU]"
"70058","38.650908432","192.168.1.55","192.168.1.2","TCP","1514","8004  >  36974 [ACK] Seq=369430 Ack=141 Win=65024 Len=1448 TSval=2916042731 TSecr=3045562505 [TCP segment of a reassembled PDU]"
"70059","38.650909803","192.168.1.55","192.168.1.2","TCP","1514","8004  >  36974 [ACK] Seq=370878 Ack=141 Win=65024 Len=1448 TSval=2916042731 TSecr=3045562505 [TCP segment of a reassembled PDU]"
"70060","38.650911080","192.168.1.55","192.168.1.2","TCP","1514","[TCP Window Full] 8004  >  36974 [PSH, ACK] Seq=372326 Ack=141 Win=65024 Len=1448 TSval=2916042731 TSecr=3045562505 [TCP segment of a reassembled PDU]"
"70061","38.656015441","192.168.1.2","192.168.1.55","TCP","66","36974  >  8004 [ACK] Seq=141 Ack=288678 Win=149504 Len=0 TSval=3045562509 TSecr=2916042730"
"70062","38.656039792","192.168.1.55","192.168.1.2","TCP","1514","8004  >  36974 [ACK] Seq=373774 Ack=141 Win=65024 Len=1448 TSval=2916042736 TSecr=3045562509 [TCP segment of a reassembled PDU]"
"70063","38.656042441","192.168.1.55","192.168.1.2","TCP","1514","8004  >  36974 [ACK] Seq=375222 Ack=141 Win=65024 Len=1448 TSval=2916042736 TSecr=3045562509 [TCP segment of a reassembled PDU]"
"70064","38.656043533","192.168.1.55","192.168.1.2","TCP","1514","8004  >  36974 [ACK] Seq=376670 Ack=141 Win=65024 Len=1448 TSval=2916042736 TSecr=3045562509 [TCP segment of a reassembled PDU]"
"70065","38.656044404","192.168.1.55","192.168.1.2","TCP","1514","8004  >  36974 [ACK] Seq=378118 Ack=141 Win=65024 Len=1448 TSval=2916042736 TSecr=3045562509 [TCP segment of a reassembled PDU]"
"70066","38.656045459","192.168.1.55","192.168.1.2","TCP","1514","8004  >  36974 [ACK] Seq=379566 Ack=141 Win=65024 Len=1448 TSval=2916042736 TSecr=3045562509 [TCP segment of a reassembled PDU]"
"70067","38.656046330","192.168.1.55","192.168.1.2","TCP","1514","8004  >  36974 [ACK] Seq=381014 Ack=141 Win=65024 Len=1448 TSval=2916042736 TSecr=3045562509 [TCP segment of a reassembled PDU]"
"70068","38.656047292","192.168.1.55","192.168.1.2","TCP","1514","8004  >  36974 [ACK] Seq=382462 Ack=141 Win=65024 Len=1448 TSval=2916042736 TSecr=3045562509 [TCP segment of a reassembled PDU]"
"70069","38.656048181","192.168.1.55","192.168.1.2","TCP","1514","8004  >  36974 [ACK] Seq=383910 Ack=141 Win=65024 Len=1448 TSval=2916042736 TSecr=3045562509 [TCP segment of a reassembled PDU]"
"70070","38.656049163","192.168.1.55","192.168.1.2","TCP","1514","8004  >  36974 [ACK] Seq=385358 Ack=141 Win=65024 Len=1448 TSval=2916042736 TSecr=3045562509 [TCP segment of a reassembled PDU]"
"70071","38.656050478","192.168.1.55","192.168.1.2","TCP","1514","8004  >  36974 [PSH, ACK] Seq=386806 Ack=141 Win=65024 Len=1448 TSval=2916042736 TSecr=3045562509 [TCP segment of a reassembled PDU]"
"70072","38.656078015","192.168.1.55","192.168.1.2","TCP","1514","8004  >  36974 [ACK] Seq=388254 Ack=141 Win=65024 Len=1448 TSval=2916042736 TSecr=3045562509 [TCP segment of a reassembled PDU]"
"70073","38.656079922","192.168.1.55","192.168.1.2","TCP","1514","8004  >  36974 [ACK] Seq=389702 Ack=141 Win=65024 Len=1448 TSval=2916042736 TSecr=3045562509 [TCP segment of a reassembled PDU]"
"70074","38.656080904","192.168.1.55","192.168.1.2","TCP","1514","8004  >  36974 [ACK] Seq=391150 Ack=141 Win=65024 Len=1448 TSval=2916042736 TSecr=3045562509 [TCP segment of a reassembled PDU]"
"70075","38.656082163","192.168.1.55","192.168.1.2","TCP","1514","8004  >  36974 [ACK] Seq=392598 Ack=141 Win=65024 Len=1448 TSval=2916042736 TSecr=3045562509 [TCP segment of a reassembled PDU]"
"70076","38.656083144","192.168.1.55","192.168.1.2","TCP","1514","8004  >  36974 [ACK] Seq=394046 Ack=141 Win=65024 Len=1448 TSval=2916042736 TSecr=3045562509 [TCP segment of a reassembled PDU]"
"70077","38.656084070","192.168.1.55","192.168.1.2","TCP","1514","8004  >  36974 [ACK] Seq=395494 Ack=141 Win=65024 Len=1448 TSval=2916042736 TSecr=3045562509 [TCP segment of a reassembled PDU]"
"70078","38.656084996","192.168.1.55","192.168.1.2","TCP","1514","8004  >  36974 [ACK] Seq=396942 Ack=141 Win=65024 Len=1448 TSval=2916042736 TSecr=3045562509 [TCP segment of a reassembled PDU]"
"70079","38.656086052","192.168.1.55","192.168.1.2","TCP","1514","8004  >  36974 [ACK] Seq=398390 Ack=141 Win=65024 Len=1448 TSval=2916042736 TSecr=3045562509 [TCP segment of a reassembled PDU]"
"70080","38.656087144","192.168.1.55","192.168.1.2","TCP","1514","8004  >  36974 [ACK] Seq=399838 Ack=141 Win=65024 Len=1448 TSval=2916042736 TSecr=3045562509 [TCP segment of a reassembled PDU]"
"70081","38.656088367","192.168.1.55","192.168.1.2","TCP","1514","8004  >  36974 [ACK] Seq=401286 Ack=141 Win=65024 Len=1448 TSval=2916042736 TSecr=3045562509 [TCP segment of a reassembled PDU]"
"70082","38.656089404","192.168.1.55","192.168.1.2","TCP","1514","8004  >  36974 [ACK] Seq=402734 Ack=141 Win=65024 Len=1448 TSval=2916042736 TSecr=3045562509 [TCP segment of a reassembled PDU]"
"70083","38.656090478","192.168.1.55","192.168.1.2","TCP","1514","8004  >  36974 [ACK] Seq=404182 Ack=141 Win=65024 Len=1448 TSval=2916042736 TSecr=3045562509 [TCP segment of a reassembled PDU]"
"70084","38.656091385","192.168.1.55","192.168.1.2","TCP","1514","8004  >  36974 [ACK] Seq=405630 Ack=141 Win=65024 Len=1448 TSval=2916042736 TSecr=3045562509 [TCP segment of a reassembled PDU]"
"70085","38.656092274","192.168.1.55","192.168.1.2","TCP","1514","8004  >  36974 [ACK] Seq=407078 Ack=141 Win=65024 Len=1448 TSval=2916042736 TSecr=3045562509 [TCP segment of a reassembled PDU]"
"70086","38.656093404","192.168.1.55","192.168.1.2","TCP","1514","8004  >  36974 [ACK] Seq=408526 Ack=141 Win=65024 Len=1448 TSval=2916042736 TSecr=3045562509 [TCP segment of a reassembled PDU]"
"70087","38.656094367","192.168.1.55","192.168.1.2","TCP","1514","8004  >  36974 [ACK] Seq=409974 Ack=141 Win=65024 Len=1448 TSval=2916042736 TSecr=3045562509 [TCP segment of a reassembled PDU]"
"70088","38.656095367","192.168.1.55","192.168.1.2","TCP","1514","8004  >  36974 [ACK] Seq=411422 Ack=141 Win=65024 Len=1448 TSval=2916042736 TSecr=3045562509 [TCP segment of a reassembled PDU]"
"70089","38.656096515","192.168.1.55","192.168.1.2","TCP","1514","8004  >  36974 [ACK] Seq=412870 Ack=141 Win=65024 Len=1448 TSval=2916042736 TSecr=3045562509 [TCP segment of a reassembled PDU]"
"70090","38.656097718","192.168.1.55","192.168.1.2","TCP","1514","8004  >  36974 [ACK] Seq=414318 Ack=141 Win=65024 Len=1448 TSval=2916042736 TSecr=3045562509 [TCP segment of a reassembled PDU]"
"70091","38.656098718","192.168.1.55","192.168.1.2","TCP","1514","8004  >  36974 [ACK] Seq=415766 Ack=141 Win=65024 Len=1448 TSval=2916042736 TSecr=3045562509 [TCP segment of a reassembled PDU]"
"70092","38.656099700","192.168.1.55","192.168.1.2","TCP","1514","8004  >  36974 [ACK] Seq=417214 Ack=141 Win=65024 Len=1448 TSval=2916042736 TSecr=3045562509 [TCP segment of a reassembled PDU]"
"70093","38.656100626","192.168.1.55","192.168.1.2","TCP","1514","8004  >  36974 [ACK] Seq=418662 Ack=141 Win=65024 Len=1448 TSval=2916042736 TSecr=3045562509 [TCP segment of a reassembled PDU]"
"70094","38.656101811","192.168.1.55","192.168.1.2","TCP","1514","8004  >  36974 [ACK] Seq=420110 Ack=141 Win=65024 Len=1448 TSval=2916042736 TSecr=3045562509 [TCP segment of a reassembled PDU]"
"70095","38.656102867","192.168.1.55","192.168.1.2","TCP","1514","8004  >  36974 [ACK] Seq=421558 Ack=141 Win=65024 Len=1448 TSval=2916042736 TSecr=3045562509 [TCP segment of a reassembled PDU]"
"70096","38.656103885","192.168.1.55","192.168.1.2","TCP","1514","8004  >  36974 [ACK] Seq=423006 Ack=141 Win=65024 Len=1448 TSval=2916042736 TSecr=3045562509 [TCP segment of a reassembled PDU]"
"70097","38.656104830","192.168.1.55","192.168.1.2","TCP","1514","8004  >  36974 [ACK] Seq=424454 Ack=141 Win=65024 Len=1448 TSval=2916042736 TSecr=3045562509 [TCP segment of a reassembled PDU]"
"70098","38.656105737","192.168.1.55","192.168.1.2","TCP","1514","8004  >  36974 [ACK] Seq=425902 Ack=141 Win=65024 Len=1448 TSval=2916042736 TSecr=3045562509 [TCP segment of a reassembled PDU]"
"70099","38.656106774","192.168.1.55","192.168.1.2","TCP","1514","8004  >  36974 [ACK] Seq=427350 Ack=141 Win=65024 Len=1448 TSval=2916042736 TSecr=3045562509 [TCP segment of a reassembled PDU]"
"70100","38.656107681","192.168.1.55","192.168.1.2","TCP","1514","8004  >  36974 [ACK] Seq=428798 Ack=141 Win=65024 Len=1448 TSval=2916042736 TSecr=3045562509 [TCP segment of a reassembled PDU]"
"70101","38.656108607","192.168.1.55","192.168.1.2","TCP","1514","8004  >  36974 [ACK] Seq=430246 Ack=141 Win=65024 Len=1448 TSval=2916042736 TSecr=3045562509 [TCP segment of a reassembled PDU]"
"70102","38.656109533","192.168.1.55","192.168.1.2","TCP","1514","8004  >  36974 [PSH, ACK] Seq=431694 Ack=141 Win=65024 Len=1448 TSval=2916042736 TSecr=3045562509 [TCP segment of a reassembled PDU]"
"70103","38.656156533","192.168.1.2","192.168.1.55","TCP","66","36974  >  8004 [ACK] Seq=141 Ack=297366 Win=142336 Len=0 TSval=3045562509 TSecr=2916042731"
"70104","38.656165033","192.168.1.2","192.168.1.55","TCP","66","36974  >  8004 [ACK] Seq=141 Ack=318750 Win=121856 Len=0 TSval=3045562510 TSecr=2916042731"
"70105","38.657352406","192.168.1.2","192.168.1.55","TCP","66","36974  >  8004 [ACK] Seq=141 Ack=343366 Win=136192 Len=0 TSval=3045562512 TSecr=2916042731"
"70106","38.657388665","192.168.1.55","192.168.1.2","TCP","1514","8004  >  36974 [ACK] Seq=433142 Ack=141 Win=65024 Len=1448 TSval=2916042738 TSecr=3045562512 [TCP segment of a reassembled PDU]"
"70107","38.657390980","192.168.1.55","192.168.1.2","TCP","1514","8004  >  36974 [ACK] Seq=434590 Ack=141 Win=65024 Len=1448 TSval=2916042738 TSecr=3045562512 [TCP segment of a reassembled PDU]"
"70108","38.657392109","192.168.1.55","192.168.1.2","TCP","1514","8004  >  36974 [ACK] Seq=436038 Ack=141 Win=65024 Len=1448 TSval=2916042738 TSecr=3045562512 [TCP segment of a reassembled PDU]"
"70109","38.657393572","192.168.1.55","192.168.1.2","TCP","1514","8004  >  36974 [ACK] Seq=437486 Ack=141 Win=65024 Len=1448 TSval=2916042738 TSecr=3045562512 [TCP segment of a reassembled PDU]"
"70110","38.657394554","192.168.1.55","192.168.1.2","TCP","1514","8004  >  36974 [ACK] Seq=438934 Ack=141 Win=65024 Len=1448 TSval=2916042738 TSecr=3045562512 [TCP segment of a reassembled PDU]"
"70111","38.657395665","192.168.1.55","192.168.1.2","TCP","1514","8004  >  36974 [ACK] Seq=440382 Ack=141 Win=65024 Len=1448 TSval=2916042738 TSecr=3045562512 [TCP segment of a reassembled PDU]"
"70112","38.657396647","192.168.1.55","192.168.1.2","TCP","1514","8004  >  36974 [ACK] Seq=441830 Ack=141 Win=65024 Len=1448 TSval=2916042738 TSecr=3045562512 [TCP segment of a reassembled PDU]"
"70113","38.657397665","192.168.1.55","192.168.1.2","TCP","1514","8004  >  36974 [ACK] Seq=443278 Ack=141 Win=65024 Len=1448 TSval=2916042738 TSecr=3045562512 [TCP segment of a reassembled PDU]"
"70114","38.657398665","192.168.1.55","192.168.1.2","TCP","1514","8004  >  36974 [ACK] Seq=444726 Ack=141 Win=65024 Len=1448 TSval=2916042738 TSecr=3045562512 [TCP segment of a reassembled PDU]"
"70115","38.657399628","192.168.1.55","192.168.1.2","TCP","1514","8004  >  36974 [ACK] Seq=446174 Ack=141 Win=65024 Len=1448 TSval=2916042738 TSecr=3045562512 [TCP segment of a reassembled PDU]"
"70116","38.657400665","192.168.1.55","192.168.1.2","TCP","1514","8004  >  36974 [ACK] Seq=447622 Ack=141 Win=65024 Len=1448 TSval=2916042738 TSecr=3045562512 [TCP segment of a reassembled PDU]"
"70117","38.657401628","192.168.1.55","192.168.1.2","TCP","1514","8004  >  36974 [ACK] Seq=449070 Ack=141 Win=65024 Len=1448 TSval=2916042738 TSecr=3045562512 [TCP segment of a reassembled PDU]"
"70118","38.657402517","192.168.1.55","192.168.1.2","TCP","1514","8004  >  36974 [ACK] Seq=450518 Ack=141 Win=65024 Len=1448 TSval=2916042738 TSecr=3045562512 [TCP segment of a reassembled PDU]"
"70119","38.657403443","192.168.1.55","192.168.1.2","TCP","1514","8004  >  36974 [ACK] Seq=451966 Ack=141 Win=65024 Len=1448 TSval=2916042738 TSecr=3045562512 [TCP segment of a reassembled PDU]"
"70120","38.657404387","192.168.1.55","192.168.1.2","TCP","1514","8004  >  36974 [ACK] Seq=453414 Ack=141 Win=65024 Len=1448 TSval=2916042738 TSecr=3045562512 [TCP segment of a reassembled PDU]"
"70121","38.657405387","192.168.1.55","192.168.1.2","TCP","1514","8004  >  36974 [ACK] Seq=454862 Ack=141 Win=65024 Len=1448 TSval=2916042738 TSecr=3045562512 [TCP segment of a reassembled PDU]"
"70122","38.657406610","192.168.1.55","192.168.1.2","TCP","1514","8004  >  36974 [ACK] Seq=456310 Ack=141 Win=65024 Len=1448 TSval=2916042738 TSecr=3045562512 [TCP segment of a reassembled PDU]"
"70123","38.657407480","192.168.1.55","192.168.1.2","TCP","1514","8004  >  36974 [ACK] Seq=457758 Ack=141 Win=65024 Len=1448 TSval=2916042738 TSecr=3045562512 [TCP segment of a reassembled PDU]"
"70124","38.657408387","192.168.1.55","192.168.1.2","TCP","1514","8004  >  36974 [ACK] Seq=459206 Ack=141 Win=65024 Len=1448 TSval=2916042738 TSecr=3045562512 [TCP segment of a reassembled PDU]"
"70125","38.657409313","192.168.1.55","192.168.1.2","TCP","1514","8004  >  36974 [ACK] Seq=460654 Ack=141 Win=65024 Len=1448 TSval=2916042738 TSecr=3045562512 [TCP segment of a reassembled PDU]"
"70126","38.657410202","192.168.1.55","192.168.1.2","TCP","1514","8004  >  36974 [ACK] Seq=462102 Ack=141 Win=65024 Len=1448 TSval=2916042738 TSecr=3045562512 [TCP segment of a reassembled PDU]"
"70127","38.657411184","192.168.1.55","192.168.1.2","TCP","1514","8004  >  36974 [ACK] Seq=463550 Ack=141 Win=65024 Len=1448 TSval=2916042738 TSecr=3045562512 [TCP segment of a reassembled PDU]"
"70128","38.657412110","192.168.1.55","192.168.1.2","TCP","1514","8004  >  36974 [ACK] Seq=464998 Ack=141 Win=65024 Len=1448 TSval=2916042738 TSecr=3045562512 [TCP segment of a reassembled PDU]"
"70129","38.657413054","192.168.1.55","192.168.1.2","TCP","1514","8004  >  36974 [ACK] Seq=466446 Ack=141 Win=65024 Len=1448 TSval=2916042738 TSecr=3045562512 [TCP segment of a reassembled PDU]"
"70130","38.657414035","192.168.1.55","192.168.1.2","TCP","1514","8004  >  36974 [ACK] Seq=467894 Ack=141 Win=65024 Len=1448 TSval=2916042738 TSecr=3045562512 [TCP segment of a reassembled PDU]"
"70131","38.657415147","192.168.1.55","192.168.1.2","TCP","1514","8004  >  36974 [ACK] Seq=469342 Ack=141 Win=65024 Len=1448 TSval=2916042738 TSecr=3045562512 [TCP segment of a reassembled PDU]"
"70132","38.657416332","192.168.1.55","192.168.1.2","TCP","1514","8004  >  36974 [ACK] Seq=470790 Ack=141 Win=65024 Len=1448 TSval=2916042738 TSecr=3045562512 [TCP segment of a reassembled PDU]"
"70133","38.657417239","192.168.1.55","192.168.1.2","TCP","1514","8004  >  36974 [ACK] Seq=472238 Ack=141 Win=65024 Len=1448 TSval=2916042738 TSecr=3045562512 [TCP segment of a reassembled PDU]"
"70134","38.657418276","192.168.1.55","192.168.1.2","TCP","1514","8004  >  36974 [ACK] Seq=473686 Ack=141 Win=65024 Len=1448 TSval=2916042738 TSecr=3045562512 [TCP segment of a reassembled PDU]"
"70135","38.657419387","192.168.1.55","192.168.1.2","TCP","1514","8004  >  36974 [ACK] Seq=475134 Ack=141 Win=65024 Len=1448 TSval=2916042738 TSecr=3045562512 [TCP segment of a reassembled PDU]"
"70136","38.657420424","192.168.1.55","192.168.1.2","TCP","1514","8004  >  36974 [PSH, ACK] Seq=476582 Ack=141 Win=65024 Len=1448 TSval=2916042738 TSecr=3045562512 [TCP segment of a reassembled PDU]"
"70137","38.657445091","192.168.1.2","192.168.1.55","TCP","66","36974  >  8004 [ACK] Seq=141 Ack=365086 Win=140288 Len=0 TSval=3045562512 TSecr=2916042731"
"70138","38.657466332","192.168.1.55","192.168.1.2","TCP","1514","8004  >  36974 [ACK] Seq=478030 Ack=141 Win=65024 Len=1448 TSval=2916042738 TSecr=3045562512 [TCP segment of a reassembled PDU]"
"70139","38.657467739","192.168.1.55","192.168.1.2","TCP","1514","8004  >  36974 [ACK] Seq=479478 Ack=141 Win=65024 Len=1448 TSval=2916042738 TSecr=3045562512 [TCP segment of a reassembled PDU]"
"70140","38.657468739","192.168.1.55","192.168.1.2","TCP","1514","8004  >  36974 [ACK] Seq=480926 Ack=141 Win=65024 Len=1448 TSval=2916042738 TSecr=3045562512 [TCP segment of a reassembled PDU]"
"70141","38.657469721","192.168.1.55","192.168.1.2","TCP","1514","8004  >  36974 [ACK] Seq=482374 Ack=141 Win=65024 Len=1448 TSval=2916042738 TSecr=3045562512 [TCP segment of a reassembled PDU]"
"70142","38.657470628","192.168.1.55","192.168.1.2","TCP","1514","8004  >  36974 [ACK] Seq=483822 Ack=141 Win=65024 Len=1448 TSval=2916042738 TSecr=3045562512 [TCP segment of a reassembled PDU]"
"70143","38.657471647","192.168.1.55","192.168.1.2","TCP","1514","8004  >  36974 [ACK] Seq=485270 Ack=141 Win=65024 Len=1448 TSval=2916042738 TSecr=3045562512 [TCP segment of a reassembled PDU]"
"70144","38.657472536","192.168.1.55","192.168.1.2","TCP","1514","8004  >  36974 [ACK] Seq=486718 Ack=141 Win=65024 Len=1448 TSval=2916042738 TSecr=3045562512 [TCP segment of a reassembled PDU]"
"70145","38.657473573","192.168.1.55","192.168.1.2","TCP","1514","8004  >  36974 [ACK] Seq=488166 Ack=141 Win=65024 Len=1448 TSval=2916042738 TSecr=3045562512 [TCP segment of a reassembled PDU]"
"70146","38.657474554","192.168.1.55","192.168.1.2","TCP","1514","8004  >  36974 [ACK] Seq=489614 Ack=141 Win=65024 Len=1448 TSval=2916042738 TSecr=3045562512 [TCP segment of a reassembled PDU]"
"70147","38.657475443","192.168.1.55","192.168.1.2","TCP","1514","8004  >  36974 [ACK] Seq=491062 Ack=141 Win=65024 Len=1448 TSval=2916042738 TSecr=3045562512 [TCP segment of a reassembled PDU]"
"70148","38.657476387","192.168.1.55","192.168.1.2","TCP","1514","8004  >  36974 [ACK] Seq=492510 Ack=141 Win=65024 Len=1448 TSval=2916042738 TSecr=3045562512 [TCP segment of a reassembled PDU]"
"70149","38.657477369","192.168.1.55","192.168.1.2","TCP","1514","8004  >  36974 [ACK] Seq=493958 Ack=141 Win=65024 Len=1448 TSval=2916042738 TSecr=3045562512 [TCP segment of a reassembled PDU]"
"70150","38.657478239","192.168.1.55","192.168.1.2","TCP","1514","8004  >  36974 [ACK] Seq=495406 Ack=141 Win=65024 Len=1448 TSval=2916042738 TSecr=3045562512 [TCP segment of a reassembled PDU]"
"70151","38.657484813","192.168.1.55","192.168.1.2","TCP","1514","8004  >  36974 [ACK] Seq=496854 Ack=141 Win=65024 Len=1448 TSval=2916042738 TSecr=3045562512 [TCP segment of a reassembled PDU]"
"70152","38.657486017","192.168.1.55","192.168.1.2","HTTP","1472","HTTP/1.0 200 OK  (PNG)"
"70153","38.663809564","192.168.1.2","192.168.1.55","TCP","66","36974  >  8004 [ACK] Seq=141 Ack=373774 Win=151552 Len=0 TSval=3045562519 TSecr=2916042731"
"70154","38.663993083","192.168.1.2","192.168.1.55","TCP","66","36974  >  8004 [ACK] Seq=141 Ack=388254 Win=147456 Len=0 TSval=3045562519 TSecr=2916042736"
"70155","38.663997824","192.168.1.2","192.168.1.55","TCP","66","36974  >  8004 [ACK] Seq=141 Ack=433142 Win=129024 Len=0 TSval=3045562519 TSecr=2916042736"
"70156","38.664035713","192.168.1.2","192.168.1.55","TCP","66","36974  >  8004 [ACK] Seq=141 Ack=478030 Win=129024 Len=0 TSval=3045562519 TSecr=2916042738"
"70157","38.664040787","192.168.1.2","192.168.1.55","TCP","66","36974  >  8004 [ACK] Seq=141 Ack=489614 Win=117760 Len=0 TSval=3045562519 TSecr=2916042738"
"70158","38.664568306","192.168.1.2","192.168.1.55","TCP","66","36974  >  8004 [ACK] Seq=141 Ack=498302 Win=158720 Len=0 TSval=3045562519 TSecr=2916042738"
"70159","38.666034975","192.168.1.2","192.168.1.55","TCP","66","36974  >  8004 [FIN, ACK] Seq=141 Ack=499709 Win=161792 Len=0 TSval=3045562520 TSecr=2916042738"
"70160","38.666051401","192.168.1.55","192.168.1.2","TCP","66","8004  >  36974 [ACK] Seq=499709 Ack=142 Win=65024 Len=0 TSval=2916042746 TSecr=3045562520"
"70161","38.666141364","192.168.1.2","192.168.1.55","TCP","74","36982  >  8004 [SYN] Seq=0 Win=64240 Len=0 MSS=1460 SACK_PERM TSval=3045562521 TSecr=0 WS=1024"
"70162","38.666165383","192.168.1.55","192.168.1.2","TCP","74","8004  >  36982 [SYN, ACK] Seq=0 Ack=1 Win=65160 Len=0 MSS=1460 SACK_PERM TSval=2916042746 TSecr=3045562521 WS=128"
"70163","38.669282184","192.168.1.2","192.168.1.55","TCP","66","36982  >  8004 [ACK] Seq=1 Ack=1 Win=64512 Len=0 TSval=3045562524 TSecr=2916042746"
"70164","38.669652759","192.168.1.2","192.168.1.55","HTTP","209","GET /original_benchmark.png HTTP/1.1 "
"70165","38.669681018","192.168.1.55","192.168.1.2","TCP","66","8004  >  36982 [ACK] Seq=1 Ack=144 Win=65024 Len=0 TSval=2916042750 TSecr=3045562524"
"70166","38.670149186","192.168.1.55","192.168.1.2","TCP","255","8004  >  36982 [PSH, ACK] Seq=1 Ack=144 Win=65024 Len=189 TSval=2916042750 TSecr=3045562524 [TCP segment of a reassembled PDU]"
"70167","38.670242834","192.168.1.55","192.168.1.2","TCP","1514","8004  >  36982 [ACK] Seq=190 Ack=144 Win=65024 Len=1448 TSval=2916042750 TSecr=3045562524 [TCP segment of a reassembled PDU]"
"70168","38.670247149","192.168.1.55","192.168.1.2","TCP","1514","8004  >  36982 [ACK] Seq=1638 Ack=144 Win=65024 Len=1448 TSval=2916042750 TSecr=3045562524 [TCP segment of a reassembled PDU]"
"70169","38.670248445","192.168.1.55","192.168.1.2","TCP","1514","8004  >  36982 [ACK] Seq=3086 Ack=144 Win=65024 Len=1448 TSval=2916042750 TSecr=3045562524 [TCP segment of a reassembled PDU]"
"70170","38.670249371","192.168.1.55","192.168.1.2","TCP","1514","8004  >  36982 [ACK] Seq=4534 Ack=144 Win=65024 Len=1448 TSval=2916042750 TSecr=3045562524 [TCP segment of a reassembled PDU]"
"70171","38.670250371","192.168.1.55","192.168.1.2","TCP","1514","8004  >  36982 [PSH, ACK] Seq=5982 Ack=144 Win=65024 Len=1448 TSval=2916042750 TSecr=3045562524 [TCP segment of a reassembled PDU]"
"70172","38.670267964","192.168.1.55","192.168.1.2","TCP","1514","8004  >  36982 [ACK] Seq=7430 Ack=144 Win=65024 Len=1448 TSval=2916042750 TSecr=3045562524 [TCP segment of a reassembled PDU]"
"70173","38.670270853","192.168.1.55","192.168.1.2","TCP","1514","8004  >  36982 [ACK] Seq=8878 Ack=144 Win=65024 Len=1448 TSval=2916042750 TSecr=3045562524 [TCP segment of a reassembled PDU]"
"70174","38.670271853","192.168.1.55","192.168.1.2","TCP","1514","8004  >  36982 [ACK] Seq=10326 Ack=144 Win=65024 Len=1448 TSval=2916042750 TSecr=3045562524 [TCP segment of a reassembled PDU]"
"70175","38.670272871","192.168.1.55","192.168.1.2","TCP","1514","8004  >  36982 [PSH, ACK] Seq=11774 Ack=144 Win=65024 Len=1448 TSval=2916042750 TSecr=3045562524 [TCP segment of a reassembled PDU]"
"70176","38.673525821","192.168.1.2","192.168.1.55","TCP","66","36982  >  8004 [ACK] Seq=144 Ack=190 Win=64512 Len=0 TSval=3045562528 TSecr=2916042750"
"70177","38.673582358","192.168.1.55","192.168.1.2","TCP","1514","8004  >  36982 [ACK] Seq=13222 Ack=144 Win=65024 Len=1448 TSval=2916042754 TSecr=3045562528 [TCP segment of a reassembled PDU]"
"70178","38.673587562","192.168.1.55","192.168.1.2","TCP","1514","8004  >  36982 [PSH, ACK] Seq=14670 Ack=144 Win=65024 Len=1448 TSval=2916042754 TSecr=3045562528 [TCP segment of a reassembled PDU]"
"70179","38.673649784","192.168.1.2","192.168.1.55","TCP","66","36982  >  8004 [ACK] Seq=144 Ack=3086 Win=70656 Len=0 TSval=3045562528 TSecr=2916042750"
"70180","38.673669266","192.168.1.2","192.168.1.55","TCP","66","36982  >  8004 [ACK] Seq=144 Ack=5982 Win=76800 Len=0 TSval=3045562528 TSecr=2916042750"
"70181","38.673714303","192.168.1.55","192.168.1.2","TCP","1514","8004  >  36982 [ACK] Seq=16118 Ack=144 Win=65024 Len=1448 TSval=2916042754 TSecr=3045562528 [TCP segment of a reassembled PDU]"
"70182","38.673720636","192.168.1.55","192.168.1.2","TCP","1514","8004  >  36982 [ACK] Seq=17566 Ack=144 Win=65024 Len=1448 TSval=2916042754 TSecr=3045562528 [TCP segment of a reassembled PDU]"
"70183","38.673723655","192.168.1.55","192.168.1.2","TCP","1514","8004  >  36982 [ACK] Seq=19014 Ack=144 Win=65024 Len=1448 TSval=2916042754 TSecr=3045562528 [TCP segment of a reassembled PDU]"
"70184","38.673724895","192.168.1.55","192.168.1.2","TCP","1514","8004  >  36982 [ACK] Seq=20462 Ack=144 Win=65024 Len=1448 TSval=2916042754 TSecr=3045562528 [TCP segment of a reassembled PDU]"
"70185","38.673725821","192.168.1.55","192.168.1.2","TCP","1514","8004  >  36982 [ACK] Seq=21910 Ack=144 Win=65024 Len=1448 TSval=2916042754 TSecr=3045562528 [TCP segment of a reassembled PDU]"
"70186","38.673727469","192.168.1.55","192.168.1.2","TCP","1514","8004  >  36982 [ACK] Seq=23358 Ack=144 Win=65024 Len=1448 TSval=2916042754 TSecr=3045562528 [TCP segment of a reassembled PDU]"
"70187","38.673729229","192.168.1.55","192.168.1.2","TCP","1514","8004  >  36982 [PSH, ACK] Seq=24806 Ack=144 Win=65024 Len=1448 TSval=2916042754 TSecr=3045562528 [TCP segment of a reassembled PDU]"
"70188","38.675888917","192.168.1.2","192.168.1.55","TCP","66","36982  >  8004 [ACK] Seq=144 Ack=7430 Win=79872 Len=0 TSval=3045562530 TSecr=2916042750"
"70189","38.675992510","192.168.1.55","192.168.1.2","TCP","1514","8004  >  36982 [ACK] Seq=26254 Ack=144 Win=65024 Len=1448 TSval=2916042756 TSecr=3045562530 [TCP segment of a reassembled PDU]"
"70190","38.676006955","192.168.1.55","192.168.1.2","TCP","1514","8004  >  36982 [ACK] Seq=27702 Ack=144 Win=65024 Len=1448 TSval=2916042756 TSecr=3045562530 [TCP segment of a reassembled PDU]"
"70191","38.676008584","192.168.1.55","192.168.1.2","TCP","1514","8004  >  36982 [PSH, ACK] Seq=29150 Ack=144 Win=65024 Len=1448 TSval=2916042756 TSecr=3045562530 [TCP segment of a reassembled PDU]"
"70192","38.677019623","192.168.1.2","192.168.1.55","TCP","66","36982  >  8004 [ACK] Seq=144 Ack=13222 Win=79872 Len=0 TSval=3045562530 TSecr=2916042750"
"70193","38.677136531","192.168.1.55","192.168.1.2","TCP","1514","8004  >  36982 [ACK] Seq=30598 Ack=144 Win=65024 Len=1448 TSval=2916042757 TSecr=3045562530 [TCP segment of a reassembled PDU]"
"70194","38.677149623","192.168.1.55","192.168.1.2","TCP","1514","8004  >  36982 [ACK] Seq=32046 Ack=144 Win=65024 Len=1448 TSval=2916042757 TSecr=3045562530 [TCP segment of a reassembled PDU]"
"70195","38.677151475","192.168.1.55","192.168.1.2","TCP","1514","8004  >  36982 [ACK] Seq=33494 Ack=144 Win=65024 Len=1448 TSval=2916042757 TSecr=3045562530 [TCP segment of a reassembled PDU]"
"70196","38.677155364","192.168.1.55","192.168.1.2","TCP","1514","8004  >  36982 [ACK] Seq=34942 Ack=144 Win=65024 Len=1448 TSval=2916042757 TSecr=3045562530 [TCP segment of a reassembled PDU]"
"70197","38.677156345","192.168.1.55","192.168.1.2","TCP","1514","8004  >  36982 [ACK] Seq=36390 Ack=144 Win=65024 Len=1448 TSval=2916042757 TSecr=3045562530 [TCP segment of a reassembled PDU]"
"70198","38.677157808","192.168.1.55","192.168.1.2","TCP","1514","8004  >  36982 [ACK] Seq=37838 Ack=144 Win=65024 Len=1448 TSval=2916042757 TSecr=3045562530 [TCP segment of a reassembled PDU]"
"70199","38.677159531","192.168.1.55","192.168.1.2","TCP","1514","8004  >  36982 [ACK] Seq=39286 Ack=144 Win=65024 Len=1448 TSval=2916042757 TSecr=3045562530 [TCP segment of a reassembled PDU]"
"70200","38.677160679","192.168.1.55","192.168.1.2","TCP","1514","8004  >  36982 [PSH, ACK] Seq=40734 Ack=144 Win=65024 Len=1448 TSval=2916042757 TSecr=3045562530 [TCP segment of a reassembled PDU]"
"70201","38.679274793","192.168.1.2","192.168.1.55","TCP","66","36982  >  8004 [ACK] Seq=144 Ack=16118 Win=84992 Len=0 TSval=3045562533 TSecr=2916042754"
"70202","38.679367627","192.168.1.55","192.168.1.2","TCP","1514","8004  >  36982 [ACK] Seq=42182 Ack=144 Win=65024 Len=1448 TSval=2916042760 TSecr=3045562533 [TCP segment of a reassembled PDU]"
"70203","38.679374830","192.168.1.55","192.168.1.2","TCP","1514","8004  >  36982 [PSH, ACK] Seq=43630 Ack=144 Win=65024 Len=1448 TSval=2916042760 TSecr=3045562533 [TCP segment of a reassembled PDU]"
"70204","38.679430608","192.168.1.2","192.168.1.55","TCP","66","36982  >  8004 [ACK] Seq=144 Ack=26254 Win=81920 Len=0 TSval=3045562533 TSecr=2916042754"
"70205","38.679508979","192.168.1.55","192.168.1.2","TCP","1514","8004  >  36982 [ACK] Seq=45078 Ack=144 Win=65024 Len=1448 TSval=2916042760 TSecr=3045562533 [TCP segment of a reassembled PDU]"
"70206","38.679517590","192.168.1.55","192.168.1.2","TCP","1514","8004  >  36982 [ACK] Seq=46526 Ack=144 Win=65024 Len=1448 TSval=2916042760 TSecr=3045562533 [TCP segment of a reassembled PDU]"
"70207","38.679519071","192.168.1.55","192.168.1.2","TCP","1514","8004  >  36982 [ACK] Seq=47974 Ack=144 Win=65024 Len=1448 TSval=2916042760 TSecr=3045562533 [TCP segment of a reassembled PDU]"
"70208","38.679523571","192.168.1.55","192.168.1.2","TCP","1514","8004  >  36982 [ACK] Seq=49422 Ack=144 Win=65024 Len=1448 TSval=2916042760 TSecr=3045562533 [TCP segment of a reassembled PDU]"
"70209","38.679525664","192.168.1.55","192.168.1.2","TCP","1514","8004  >  36982 [ACK] Seq=50870 Ack=144 Win=65024 Len=1448 TSval=2916042760 TSecr=3045562533 [TCP segment of a reassembled PDU]"
"70210","38.679527553","192.168.1.55","192.168.1.2","TCP","1514","8004  >  36982 [ACK] Seq=52318 Ack=144 Win=65024 Len=1448 TSval=2916042760 TSecr=3045562533 [TCP segment of a reassembled PDU]"
"70211","38.679529146","192.168.1.55","192.168.1.2","TCP","1514","8004  >  36982 [ACK] Seq=53766 Ack=144 Win=65024 Len=1448 TSval=2916042760 TSecr=3045562533 [TCP segment of a reassembled PDU]"
"70212","38.679531016","192.168.1.55","192.168.1.2","TCP","1514","8004  >  36982 [ACK] Seq=55214 Ack=144 Win=65024 Len=1448 TSval=2916042760 TSecr=3045562533 [TCP segment of a reassembled PDU]"
"70213","38.679533460","192.168.1.55","192.168.1.2","TCP","1514","8004  >  36982 [ACK] Seq=56662 Ack=144 Win=65024 Len=1448 TSval=2916042760 TSecr=3045562533 [TCP segment of a reassembled PDU]"
"70214","38.679535016","192.168.1.55","192.168.1.2","TCP","1514","8004  >  36982 [ACK] Seq=58110 Ack=144 Win=65024 Len=1448 TSval=2916042760 TSecr=3045562533 [TCP segment of a reassembled PDU]"
"70215","38.679536442","192.168.1.55","192.168.1.2","TCP","1514","8004  >  36982 [ACK] Seq=59558 Ack=144 Win=65024 Len=1448 TSval=2916042760 TSecr=3045562533 [TCP segment of a reassembled PDU]"
"70216","38.679537979","192.168.1.55","192.168.1.2","TCP","1514","8004  >  36982 [ACK] Seq=61006 Ack=144 Win=65024 Len=1448 TSval=2916042760 TSecr=3045562533 [TCP segment of a reassembled PDU]"
"70217","38.679539942","192.168.1.55","192.168.1.2","TCP","1514","8004  >  36982 [ACK] Seq=62454 Ack=144 Win=65024 Len=1448 TSval=2916042760 TSecr=3045562533 [TCP segment of a reassembled PDU]"
"70218","38.679542164","192.168.1.55","192.168.1.2","TCP","1514","8004  >  36982 [PSH, ACK] Seq=63902 Ack=144 Win=65024 Len=1448 TSval=2916042760 TSecr=3045562533 [TCP segment of a reassembled PDU]"
"70219","38.681676056","192.168.1.2","192.168.1.55","TCP","66","36982  >  8004 [ACK] Seq=144 Ack=30598 Win=89088 Len=0 TSval=3045562535 TSecr=2916042756"
"70220","38.681740408","192.168.1.55","192.168.1.2","TCP","1514","8004  >  36982 [ACK] Seq=65350 Ack=144 Win=65024 Len=1448 TSval=2916042762 TSecr=3045562535 [TCP segment of a reassembled PDU]"
"70221","38.681749038","192.168.1.55","192.168.1.2","TCP","1514","8004  >  36982 [ACK] Seq=66798 Ack=144 Win=65024 Len=1448 TSval=2916042762 TSecr=3045562535 [TCP segment of a reassembled PDU]"
"70222","38.681750038","192.168.1.55","192.168.1.2","TCP","1514","8004  >  36982 [ACK] Seq=68246 Ack=144 Win=65024 Len=1448 TSval=2916042762 TSecr=3045562535 [TCP segment of a reassembled PDU]"
"70223","38.681751186","192.168.1.55","192.168.1.2","TCP","1514","8004  >  36982 [ACK] Seq=69694 Ack=144 Win=65024 Len=1448 TSval=2916042762 TSecr=3045562535 [TCP segment of a reassembled PDU]"
"70224","38.681752186","192.168.1.55","192.168.1.2","TCP","1514","8004  >  36982 [ACK] Seq=71142 Ack=144 Win=65024 Len=1448 TSval=2916042762 TSecr=3045562535 [TCP segment of a reassembled PDU]"
"70225","38.681753760","192.168.1.55","192.168.1.2","TCP","1514","8004  >  36982 [ACK] Seq=72590 Ack=144 Win=65024 Len=1448 TSval=2916042762 TSecr=3045562535 [TCP segment of a reassembled PDU]"
"70226","38.681754945","192.168.1.55","192.168.1.2","TCP","1514","8004  >  36982 [ACK] Seq=74038 Ack=144 Win=65024 Len=1448 TSval=2916042762 TSecr=3045562535 [TCP segment of a reassembled PDU]"
"70227","38.681756723","192.168.1.55","192.168.1.2","TCP","1514","8004  >  36982 [PSH, ACK] Seq=75486 Ack=144 Win=65024 Len=1448 TSval=2916042762 TSecr=3045562535 [TCP segment of a reassembled PDU]"
"70228","38.681820612","192.168.1.2","192.168.1.55","TCP","66","36982  >  8004 [ACK] Seq=144 Ack=36390 Win=86016 Len=0 TSval=3045562535 TSecr=2916042757"
"70229","38.681833871","192.168.1.2","192.168.1.55","TCP","66","36982  >  8004 [ACK] Seq=144 Ack=39286 Win=90112 Len=0 TSval=3045562536 TSecr=2916042757"
"70230","38.681839964","192.168.1.2","192.168.1.55","TCP","66","36982  >  8004 [ACK] Seq=144 Ack=42182 Win=90112 Len=0 TSval=3045562536 TSecr=2916042757"
"70231","38.681878872","192.168.1.55","192.168.1.2","TCP","1514","8004  >  36982 [ACK] Seq=76934 Ack=144 Win=65024 Len=1448 TSval=2916042762 TSecr=3045562536 [TCP segment of a reassembled PDU]"
"70232","38.681881594","192.168.1.55","192.168.1.2","TCP","1514","8004  >  36982 [ACK] Seq=78382 Ack=144 Win=65024 Len=1448 TSval=2916042762 TSecr=3045562536 [TCP segment of a reassembled PDU]"
"70233","38.681882649","192.168.1.55","192.168.1.2","TCP","1514","8004  >  36982 [ACK] Seq=79830 Ack=144 Win=65024 Len=1448 TSval=2916042762 TSecr=3045562536 [TCP segment of a reassembled PDU]"
"70234","38.681884075","192.168.1.55","192.168.1.2","TCP","1514","8004  >  36982 [ACK] Seq=81278 Ack=144 Win=65024 Len=1448 TSval=2916042762 TSecr=3045562536 [TCP segment of a reassembled PDU]"
"70235","38.681886260","192.168.1.55","192.168.1.2","TCP","1514","8004  >  36982 [ACK] Seq=82726 Ack=144 Win=65024 Len=1448 TSval=2916042762 TSecr=3045562536 [TCP segment of a reassembled PDU]"
"70236","38.681887890","192.168.1.55","192.168.1.2","TCP","1514","8004  >  36982 [ACK] Seq=84174 Ack=144 Win=65024 Len=1448 TSval=2916042762 TSecr=3045562536 [TCP segment of a reassembled PDU]"
"70237","38.681889131","192.168.1.55","192.168.1.2","TCP","1514","8004  >  36982 [ACK] Seq=85622 Ack=144 Win=65024 Len=1448 TSval=2916042762 TSecr=3045562536 [TCP segment of a reassembled PDU]"
"70238","38.681890427","192.168.1.55","192.168.1.2","TCP","1514","8004  >  36982 [ACK] Seq=87070 Ack=144 Win=65024 Len=1448 TSval=2916042762 TSecr=3045562536 [TCP segment of a reassembled PDU]"
"70239","38.681892205","192.168.1.55","192.168.1.2","TCP","1514","8004  >  36982 [ACK] Seq=88518 Ack=144 Win=65024 Len=1448 TSval=2916042762 TSecr=3045562536 [TCP segment of a reassembled PDU]"
"70240","38.681893742","192.168.1.55","192.168.1.2","TCP","1514","8004  >  36982 [ACK] Seq=89966 Ack=144 Win=65024 Len=1448 TSval=2916042762 TSecr=3045562536 [TCP segment of a reassembled PDU]"
"70241","38.681895723","192.168.1.55","192.168.1.2","TCP","1514","8004  >  36982 [ACK] Seq=91414 Ack=144 Win=65024 Len=1448 TSval=2916042762 TSecr=3045562536 [TCP segment of a reassembled PDU]"
"70242","38.681897538","192.168.1.55","192.168.1.2","TCP","1514","8004  >  36982 [ACK] Seq=92862 Ack=144 Win=65024 Len=1448 TSval=2916042762 TSecr=3045562536 [TCP segment of a reassembled PDU]"
"70243","38.681898853","192.168.1.55","192.168.1.2","TCP","1514","8004  >  36982 [ACK] Seq=94310 Ack=144 Win=65024 Len=1448 TSval=2916042762 TSecr=3045562536 [TCP segment of a reassembled PDU]"
"70244","38.681900483","192.168.1.55","192.168.1.2","TCP","1514","8004  >  36982 [ACK] Seq=95758 Ack=144 Win=65024 Len=1448 TSval=2916042762 TSecr=3045562536 [TCP segment of a reassembled PDU]"
"70245","38.681902094","192.168.1.55","192.168.1.2","TCP","1514","8004  >  36982 [ACK] Seq=97206 Ack=144 Win=65024 Len=1448 TSval=2916042762 TSecr=3045562536 [TCP segment of a reassembled PDU]"
"70246","38.681903427","192.168.1.55","192.168.1.2","TCP","1514","8004  >  36982 [PSH, ACK] Seq=98654 Ack=144 Win=65024 Len=1448 TSval=2916042762 TSecr=3045562536 [TCP segment of a reassembled PDU]"
"70247","38.686126953","192.168.1.2","192.168.1.55","TCP","66","36982  >  8004 [ACK] Seq=144 Ack=45078 Win=88064 Len=0 TSval=3045562539 TSecr=2916042760"
"70248","38.686165767","192.168.1.55","192.168.1.2","TCP","1514","8004  >  36982 [ACK] Seq=100102 Ack=144 Win=65024 Len=1448 TSval=2916042766 TSecr=3045562539 [TCP segment of a reassembled PDU]"
"70249","38.686170638","192.168.1.55","192.168.1.2","TCP","1514","8004  >  36982 [ACK] Seq=101550 Ack=144 Win=65024 Len=1448 TSval=2916042766 TSecr=3045562539 [TCP segment of a reassembled PDU]"
"70250","38.686171638","192.168.1.55","192.168.1.2","TCP","1514","8004  >  36982 [ACK] Seq=102998 Ack=144 Win=65024 Len=1448 TSval=2916042766 TSecr=3045562539 [TCP segment of a reassembled PDU]"
"70251","38.686173175","192.168.1.55","192.168.1.2","TCP","1514","8004  >  36982 [PSH, ACK] Seq=104446 Ack=144 Win=65024 Len=1448 TSval=2916042766 TSecr=3045562539 [TCP segment of a reassembled PDU]"
"70252","38.686228471","192.168.1.2","192.168.1.55","TCP","66","36982  >  8004 [ACK] Seq=144 Ack=65350 Win=72704 Len=0 TSval=3045562539 TSecr=2916042760"
"70253","38.686255323","192.168.1.55","192.168.1.2","TCP","1514","8004  >  36982 [ACK] Seq=105894 Ack=144 Win=65024 Len=1448 TSval=2916042766 TSecr=3045562539 [TCP segment of a reassembled PDU]"
"70254","38.686257971","192.168.1.55","192.168.1.2","TCP","1514","8004  >  36982 [ACK] Seq=107342 Ack=144 Win=65024 Len=1448 TSval=2916042766 TSecr=3045562539 [TCP segment of a reassembled PDU]"
"70255","38.686259416","192.168.1.55","192.168.1.2","TCP","1514","8004  >  36982 [ACK] Seq=108790 Ack=144 Win=65024 Len=1448 TSval=2916042766 TSecr=3045562539 [TCP segment of a reassembled PDU]"
"70256","38.686260934","192.168.1.55","192.168.1.2","TCP","1514","8004  >  36982 [ACK] Seq=110238 Ack=144 Win=65024 Len=1448 TSval=2916042766 TSecr=3045562539 [TCP segment of a reassembled PDU]"
"70257","38.686264175","192.168.1.55","192.168.1.2","TCP","1514","8004  >  36982 [ACK] Seq=111686 Ack=144 Win=65024 Len=1448 TSval=2916042766 TSecr=3045562539 [TCP segment of a reassembled PDU]"
"70258","38.686265879","192.168.1.55","192.168.1.2","TCP","1514","8004  >  36982 [ACK] Seq=113134 Ack=144 Win=65024 Len=1448 TSval=2916042766 TSecr=3045562539 [TCP segment of a reassembled PDU]"
"70259","38.686267323","192.168.1.55","192.168.1.2","TCP","1514","8004  >  36982 [ACK] Seq=114582 Ack=144 Win=65024 Len=1448 TSval=2916042766 TSecr=3045562539 [TCP segment of a reassembled PDU]"
"70260","38.686269545","192.168.1.55","192.168.1.2","TCP","1514","8004  >  36982 [ACK] Seq=116030 Ack=144 Win=65024 Len=1448 TSval=2916042766 TSecr=3045562539 [TCP segment of a reassembled PDU]"
"70261","38.686270971","192.168.1.55","192.168.1.2","TCP","1514","8004  >  36982 [PSH, ACK] Seq=117478 Ack=144 Win=65024 Len=1448 TSval=2916042766 TSecr=3045562539 [TCP segment of a reassembled PDU]"
"70262","38.686274231","192.168.1.2","192.168.1.55","TCP","66","36982  >  8004 [ACK] Seq=144 Ack=76934 Win=79872 Len=0 TSval=3045562540 TSecr=2916042762"
"70263","38.686346675","192.168.1.55","192.168.1.2","TCP","1514","8004  >  36982 [ACK] Seq=118926 Ack=144 Win=65024 Len=1448 TSval=2916042766 TSecr=3045562540 [TCP segment of a reassembled PDU]"
"70264","38.686349212","192.168.1.55","192.168.1.2","TCP","1514","8004  >  36982 [ACK] Seq=120374 Ack=144 Win=65024 Len=1448 TSval=2916042766 TSecr=3045562540 [TCP segment of a reassembled PDU]"
"70265","38.686350879","192.168.1.55","192.168.1.2","TCP","1514","8004  >  36982 [ACK] Seq=121822 Ack=144 Win=65024 Len=1448 TSval=2916042766 TSecr=3045562540 [TCP segment of a reassembled PDU]"
"70266","38.686352323","192.168.1.55","192.168.1.2","TCP","1514","8004  >  36982 [ACK] Seq=123270 Ack=144 Win=65024 Len=1448 TSval=2916042766 TSecr=3045562540 [TCP segment of a reassembled PDU]"
"70267","38.686353731","192.168.1.55","192.168.1.2","TCP","1514","8004  >  36982 [ACK] Seq=124718 Ack=144 Win=65024 Len=1448 TSval=2916042766 TSecr=3045562540 [TCP segment of a reassembled PDU]"
"70268","38.686355564","192.168.1.55","192.168.1.2","TCP","1514","8004  >  36982 [ACK] Seq=126166 Ack=144 Win=65024 Len=1448 TSval=2916042766 TSecr=3045562540 [TCP segment of a reassembled PDU]"
"70269","38.686357194","192.168.1.55","192.168.1.2","TCP","1514","8004  >  36982 [ACK] Seq=127614 Ack=144 Win=65024 Len=1448 TSval=2916042766 TSecr=3045562540 [TCP segment of a reassembled PDU]"
"70270","38.686358879","192.168.1.55","192.168.1.2","TCP","1514","8004  >  36982 [ACK] Seq=129062 Ack=144 Win=65024 Len=1448 TSval=2916042766 TSecr=3045562540 [TCP segment of a reassembled PDU]"
"70271","38.686360083","192.168.1.55","192.168.1.2","TCP","1514","8004  >  36982 [ACK] Seq=130510 Ack=144 Win=65024 Len=1448 TSval=2916042766 TSecr=3045562540 [TCP segment of a reassembled PDU]"
"70272","38.686361564","192.168.1.55","192.168.1.2","TCP","1514","8004  >  36982 [ACK] Seq=131958 Ack=144 Win=65024 Len=1448 TSval=2916042766 TSecr=3045562540 [TCP segment of a reassembled PDU]"
"70273","38.686364249","192.168.1.55","192.168.1.2","TCP","1514","8004  >  36982 [ACK] Seq=133406 Ack=144 Win=65024 Len=1448 TSval=2916042766 TSecr=3045562540 [TCP segment of a reassembled PDU]"
"70274","38.686365712","192.168.1.55","192.168.1.2","TCP","1514","8004  >  36982 [ACK] Seq=134854 Ack=144 Win=65024 Len=1448 TSval=2916042766 TSecr=3045562540 [TCP segment of a reassembled PDU]"
"70275","38.686367064","192.168.1.55","192.168.1.2","TCP","1514","8004  >  36982 [ACK] Seq=136302 Ack=144 Win=65024 Len=1448 TSval=2916042766 TSecr=3045562540 [TCP segment of a reassembled PDU]"
"70276","38.686368879","192.168.1.55","192.168.1.2","TCP","1514","8004  >  36982 [ACK] Seq=137750 Ack=144 Win=65024 Len=1448 TSval=2916042766 TSecr=3045562540 [TCP segment of a reassembled PDU]"
"70277","38.686369934","192.168.1.55","192.168.1.2","TCP","1514","8004  >  36982 [ACK] Seq=139198 Ack=144 Win=65024 Len=1448 TSval=2916042766 TSecr=3045562540 [TCP segment of a reassembled PDU]"
"70278","38.686371583","192.168.1.55","192.168.1.2","TCP","1514","8004  >  36982 [ACK] Seq=140646 Ack=144 Win=65024 Len=1448 TSval=2916042766 TSecr=3045562540 [TCP segment of a reassembled PDU]"
"70279","38.686372564","192.168.1.55","192.168.1.2","TCP","1514","8004  >  36982 [ACK] Seq=142094 Ack=144 Win=65024 Len=1448 TSval=2916042766 TSecr=3045562540 [TCP segment of a reassembled PDU]"
"70280","38.686374083","192.168.1.55","192.168.1.2","TCP","1514","8004  >  36982 [ACK] Seq=143542 Ack=144 Win=65024 Len=1448 TSval=2916042766 TSecr=3045562540 [TCP segment of a reassembled PDU]"
"70281","38.686376601","192.168.1.55","192.168.1.2","TCP","1514","8004  >  36982 [ACK] Seq=144990 Ack=144 Win=65024 Len=1448 TSval=2916042766 TSecr=3045562540 [TCP segment of a reassembled PDU]"
"70282","38.686378138","192.168.1.55","192.168.1.2","TCP","1514","8004  >  36982 [ACK] Seq=146438 Ack=144 Win=65024 Len=1448 TSval=2916042766 TSecr=3045562540 [TCP segment of a reassembled PDU]"
"70283","38.686379249","192.168.1.55","192.168.1.2","TCP","1514","8004  >  36982 [ACK] Seq=147886 Ack=144 Win=65024 Len=1448 TSval=2916042766 TSecr=3045562540 [TCP segment of a reassembled PDU]"
"70284","38.686380749","192.168.1.55","192.168.1.2","TCP","1514","8004  >  36982 [ACK] Seq=149334 Ack=144 Win=65024 Len=1448 TSval=2916042766 TSecr=3045562540 [TCP segment of a reassembled PDU]"
"70285","38.686382564","192.168.1.55","192.168.1.2","TCP","1514","8004  >  36982 [ACK] Seq=150782 Ack=144 Win=65024 Len=1448 TSval=2916042766 TSecr=3045562540 [TCP segment of a reassembled PDU]"
"70286","38.686384583","192.168.1.55","192.168.1.2","TCP","1514","8004  >  36982 [ACK] Seq=152230 Ack=144 Win=65024 Len=1448 TSval=2916042766 TSecr=3045562540 [TCP segment of a reassembled PDU]"
"70287","38.686385916","192.168.1.55","192.168.1.2","TCP","1514","8004  >  36982 [ACK] Seq=153678 Ack=144 Win=65024 Len=1448 TSval=2916042766 TSecr=3045562540 [TCP segment of a reassembled PDU]"
"70288","38.686388583","192.168.1.55","192.168.1.2","TCP","1514","8004  >  36982 [ACK] Seq=155126 Ack=144 Win=65024 Len=1448 TSval=2916042766 TSecr=3045562540 [TCP segment of a reassembled PDU]"
"70289","38.686390379","192.168.1.55","192.168.1.2","TCP","298","[TCP Window Full] 8004  >  36982 [PSH, ACK] Seq=156574 Ack=144 Win=65024 Len=232 TSval=2916042766 TSecr=3045562540 [TCP segment of a reassembled PDU]"
"70290","38.686397379","192.168.1.2","192.168.1.55","TCP","66","36982  >  8004 [ACK] Seq=144 Ack=91414 Win=65536 Len=0 TSval=3045562541 TSecr=2916042762"
"70291","38.690787738","192.168.1.2","192.168.1.55","TCP","66","36982  >  8004 [ACK] Seq=144 Ack=100102 Win=80896 Len=0 TSval=3045562542 TSecr=2916042762"
"70292","38.690811608","192.168.1.55","192.168.1.2","TCP","1514","8004  >  36982 [ACK] Seq=156806 Ack=144 Win=65024 Len=1448 TSval=2916042771 TSecr=3045562542 [TCP segment of a reassembled PDU]"
"70293","38.690815256","192.168.1.55","192.168.1.2","TCP","1514","8004  >  36982 [PSH, ACK] Seq=158254 Ack=144 Win=65024 Len=1448 TSval=2916042771 TSecr=3045562542 [TCP segment of a reassembled PDU]"
"70294","38.690821386","192.168.1.55","192.168.1.2","TCP","1282","8004  >  36982 [ACK] Seq=159702 Ack=144 Win=65024 Len=1216 TSval=2916042771 TSecr=3045562542 [TCP segment of a reassembled PDU]"
"70295","38.691997851","192.168.1.2","192.168.1.55","TCP","66","36982  >  8004 [ACK] Seq=144 Ack=101550 Win=90112 Len=0 TSval=3045562545 TSecr=2916042766"
"70296","38.692034295","192.168.1.55","192.168.1.2","TCP","1514","8004  >  36982 [ACK] Seq=160918 Ack=144 Win=65024 Len=1448 TSval=2916042772 TSecr=3045562545 [TCP segment of a reassembled PDU]"
"70297","38.692036907","192.168.1.55","192.168.1.2","TCP","1514","8004  >  36982 [ACK] Seq=162366 Ack=144 Win=65024 Len=1448 TSval=2916042772 TSecr=3045562545 [TCP segment of a reassembled PDU]"
"70298","38.692038258","192.168.1.55","192.168.1.2","TCP","1514","8004  >  36982 [ACK] Seq=163814 Ack=144 Win=65024 Len=1448 TSval=2916042772 TSecr=3045562545 [TCP segment of a reassembled PDU]"
"70299","38.692040036","192.168.1.55","192.168.1.2","TCP","1514","8004  >  36982 [ACK] Seq=165262 Ack=144 Win=65024 Len=1448 TSval=2916042772 TSecr=3045562545 [TCP segment of a reassembled PDU]"
"70300","38.692041740","192.168.1.55","192.168.1.2","TCP","1514","8004  >  36982 [ACK] Seq=166710 Ack=144 Win=65024 Len=1448 TSval=2916042772 TSecr=3045562545 [TCP segment of a reassembled PDU]"
"70301","38.692042907","192.168.1.55","192.168.1.2","TCP","1514","8004  >  36982 [ACK] Seq=168158 Ack=144 Win=65024 Len=1448 TSval=2916042772 TSecr=3045562545 [TCP segment of a reassembled PDU]"
"70302","38.692045388","192.168.1.55","192.168.1.2","TCP","1514","8004  >  36982 [ACK] Seq=169606 Ack=144 Win=65024 Len=1448 TSval=2916042772 TSecr=3045562545 [TCP segment of a reassembled PDU]"
"70303","38.692047351","192.168.1.55","192.168.1.2","TCP","1514","8004  >  36982 [ACK] Seq=171054 Ack=144 Win=65024 Len=1448 TSval=2916042772 TSecr=3045562545 [TCP segment of a reassembled PDU]"
"70304","38.692048999","192.168.1.55","192.168.1.2","TCP","1514","8004  >  36982 [ACK] Seq=172502 Ack=144 Win=65024 Len=1448 TSval=2916042772 TSecr=3045562545 [TCP segment of a reassembled PDU]"
"70305","38.692050129","192.168.1.55","192.168.1.2","TCP","1514","8004  >  36982 [ACK] Seq=173950 Ack=144 Win=65024 Len=1448 TSval=2916042772 TSecr=3045562545 [TCP segment of a reassembled PDU]"
"70306","38.692052481","192.168.1.55","192.168.1.2","TCP","1514","8004  >  36982 [ACK] Seq=175398 Ack=144 Win=65024 Len=1448 TSval=2916042772 TSecr=3045562545 [TCP segment of a reassembled PDU]"
"70307","38.692054351","192.168.1.55","192.168.1.2","TCP","1514","8004  >  36982 [ACK] Seq=176846 Ack=144 Win=65024 Len=1448 TSval=2916042772 TSecr=3045562545 [TCP segment of a reassembled PDU]"
"70308","38.692055647","192.168.1.55","192.168.1.2","TCP","1514","8004  >  36982 [ACK] Seq=178294 Ack=144 Win=65024 Len=1448 TSval=2916042772 TSecr=3045562545 [TCP segment of a reassembled PDU]"
"70309","38.692057129","192.168.1.55","192.168.1.2","TCP","1514","8004  >  36982 [ACK] Seq=179742 Ack=144 Win=65024 Len=1448 TSval=2916042772 TSecr=3045562545 [TCP segment of a reassembled PDU]"
"70310","38.692058796","192.168.1.55","192.168.1.2","TCP","1514","8004  >  36982 [ACK] Seq=181190 Ack=144 Win=65024 Len=1448 TSval=2916042772 TSecr=3045562545 [TCP segment of a reassembled PDU]"
"70311","38.692059962","192.168.1.55","192.168.1.2","TCP","1514","8004  >  36982 [ACK] Seq=182638 Ack=144 Win=65024 Len=1448 TSval=2916042772 TSecr=3045562545 [TCP segment of a reassembled PDU]"
"70312","38.692061666","192.168.1.55","192.168.1.2","TCP","1514","8004  >  36982 [ACK] Seq=184086 Ack=144 Win=65024 Len=1448 TSval=2916042772 TSecr=3045562545 [TCP segment of a reassembled PDU]"
"70313","38.692062981","192.168.1.55","192.168.1.2","TCP","1514","8004  >  36982 [ACK] Seq=185534 Ack=144 Win=65024 Len=1448 TSval=2916042772 TSecr=3045562545 [TCP segment of a reassembled PDU]"
"70314","38.692064610","192.168.1.55","192.168.1.2","TCP","1514","8004  >  36982 [ACK] Seq=186982 Ack=144 Win=65024 Len=1448 TSval=2916042772 TSecr=3045562545 [TCP segment of a reassembled PDU]"
"70315","38.692068092","192.168.1.55","192.168.1.2","TCP","1514","8004  >  36982 [ACK] Seq=188430 Ack=144 Win=65024 Len=1448 TSval=2916042772 TSecr=3045562545 [TCP segment of a reassembled PDU]"
"70316","38.692069314","192.168.1.55","192.168.1.2","TCP","1514","8004  >  36982 [PSH, ACK] Seq=189878 Ack=144 Win=65024 Len=1448 TSval=2916042772 TSecr=3045562545 [TCP segment of a reassembled PDU]"
"70317","38.692153166","192.168.1.2","192.168.1.55","TCP","66","36982  >  8004 [ACK] Seq=144 Ack=105894 Win=99328 Len=0 TSval=3045562546 TSecr=2916042766"
"70318","38.692172111","192.168.1.55","192.168.1.2","TCP","1514","8004  >  36982 [ACK] Seq=191326 Ack=144 Win=65024 Len=1448 TSval=2916042772 TSecr=3045562546 [TCP segment of a reassembled PDU]"
"70319","38.692173611","192.168.1.55","192.168.1.2","TCP","1514","8004  >  36982 [ACK] Seq=192774 Ack=144 Win=65024 Len=1448 TSval=2916042772 TSecr=3045562546 [TCP segment of a reassembled PDU]"
"70320","38.692174703","192.168.1.55","192.168.1.2","TCP","1514","8004  >  36982 [ACK] Seq=194222 Ack=144 Win=65024 Len=1448 TSval=2916042772 TSecr=3045562546 [TCP segment of a reassembled PDU]"
"70321","38.692175981","192.168.1.55","192.168.1.2","TCP","1514","8004  >  36982 [ACK] Seq=195670 Ack=144 Win=65024 Len=1448 TSval=2916042772 TSecr=3045562546 [TCP segment of a reassembled PDU]"
"70322","38.692178259","192.168.1.55","192.168.1.2","TCP","1514","8004  >  36982 [ACK] Seq=197118 Ack=144 Win=65024 Len=1448 TSval=2916042772 TSecr=3045562546 [TCP segment of a reassembled PDU]"
"70323","38.692179851","192.168.1.55","192.168.1.2","TCP","1514","8004  >  36982 [ACK] Seq=198566 Ack=144 Win=65024 Len=1448 TSval=2916042772 TSecr=3045562546 [TCP segment of a reassembled PDU]"
"70324","38.692180999","192.168.1.55","192.168.1.2","TCP","1514","8004  >  36982 [ACK] Seq=200014 Ack=144 Win=65024 Len=1448 TSval=2916042772 TSecr=3045562546 [TCP segment of a reassembled PDU]"
"70325","38.692182074","192.168.1.55","192.168.1.2","TCP","1514","8004  >  36982 [PSH, ACK] Seq=201462 Ack=144 Win=65024 Len=1448 TSval=2916042772 TSecr=3045562546 [TCP segment of a reassembled PDU]"
"70326","38.692185648","192.168.1.2","192.168.1.55","TCP","66","36982  >  8004 [ACK] Seq=144 Ack=118926 Win=99328 Len=0 TSval=3045562546 TSecr=2916042766"
"70327","38.692191499","192.168.1.2","192.168.1.55","TCP","66","36982  >  8004 [ACK] Seq=144 Ack=147886 Win=86016 Len=0 TSval=3045562546 TSecr=2916042766"
"70328","38.692230537","192.168.1.55","192.168.1.2","TCP","1514","8004  >  36982 [ACK] Seq=202910 Ack=144 Win=65024 Len=1448 TSval=2916042772 TSecr=3045562546 [TCP segment of a reassembled PDU]"
"70329","38.692232888","192.168.1.55","192.168.1.2","TCP","1514","8004  >  36982 [ACK] Seq=204358 Ack=144 Win=65024 Len=1448 TSval=2916042772 TSecr=3045562546 [TCP segment of a reassembled PDU]"
"70330","38.692234166","192.168.1.55","192.168.1.2","TCP","1514","8004  >  36982 [ACK] Seq=205806 Ack=144 Win=65024 Len=1448 TSval=2916042772 TSecr=3045562546 [TCP segment of a reassembled PDU]"
"70331","38.692235259","192.168.1.55","192.168.1.2","TCP","1514","8004  >  36982 [ACK] Seq=207254 Ack=144 Win=65024 Len=1448 TSval=2916042772 TSecr=3045562546 [TCP segment of a reassembled PDU]"
"70332","38.692236388","192.168.1.55","192.168.1.2","TCP","1514","8004  >  36982 [ACK] Seq=208702 Ack=144 Win=65024 Len=1448 TSval=2916042772 TSecr=3045562546 [TCP segment of a reassembled PDU]"
"70333","38.692237574","192.168.1.55","192.168.1.2","TCP","1514","8004  >  36982 [ACK] Seq=210150 Ack=144 Win=65024 Len=1448 TSval=2916042772 TSecr=3045562546 [TCP segment of a reassembled PDU]"
"70334","38.692238796","192.168.1.55","192.168.1.2","TCP","1514","8004  >  36982 [ACK] Seq=211598 Ack=144 Win=65024 Len=1448 TSval=2916042772 TSecr=3045562546 [TCP segment of a reassembled PDU]"
"70335","38.692240703","192.168.1.55","192.168.1.2","TCP","1514","8004  >  36982 [ACK] Seq=213046 Ack=144 Win=65024 Len=1448 TSval=2916042772 TSecr=3045562546 [TCP segment of a reassembled PDU]"
"70336","38.692242814","192.168.1.55","192.168.1.2","TCP","1514","8004  >  36982 [ACK] Seq=214494 Ack=144 Win=65024 Len=1448 TSval=2916042772 TSecr=3045562546 [TCP segment of a reassembled PDU]"
"70337","38.692243870","192.168.1.55","192.168.1.2","TCP","1514","8004  >  36982 [ACK] Seq=215942 Ack=144 Win=65024 Len=1448 TSval=2916042772 TSecr=3045562546 [TCP segment of a reassembled PDU]"
"70338","38.692245000","192.168.1.55","192.168.1.2","TCP","1514","8004  >  36982 [ACK] Seq=217390 Ack=144 Win=65024 Len=1448 TSval=2916042772 TSecr=3045562546 [TCP segment of a reassembled PDU]"
"70339","38.692246018","192.168.1.55","192.168.1.2","TCP","1514","8004  >  36982 [ACK] Seq=218838 Ack=144 Win=65024 Len=1448 TSval=2916042772 TSecr=3045562546 [TCP segment of a reassembled PDU]"
"70340","38.692247129","192.168.1.55","192.168.1.2","TCP","1514","8004  >  36982 [ACK] Seq=220286 Ack=144 Win=65024 Len=1448 TSval=2916042772 TSecr=3045562546 [TCP segment of a reassembled PDU]"
"70341","38.692248148","192.168.1.55","192.168.1.2","TCP","1514","8004  >  36982 [ACK] Seq=221734 Ack=144 Win=65024 Len=1448 TSval=2916042772 TSecr=3045562546 [TCP segment of a reassembled PDU]"
"70342","38.692249444","192.168.1.55","192.168.1.2","TCP","1514","8004  >  36982 [ACK] Seq=223182 Ack=144 Win=65024 Len=1448 TSval=2916042772 TSecr=3045562546 [TCP segment of a reassembled PDU]"
"70343","38.692252555","192.168.1.55","192.168.1.2","TCP","1514","8004  >  36982 [ACK] Seq=224630 Ack=144 Win=65024 Len=1448 TSval=2916042772 TSecr=3045562546 [TCP segment of a reassembled PDU]"
"70344","38.692254055","192.168.1.55","192.168.1.2","TCP","1514","8004  >  36982 [ACK] Seq=226078 Ack=144 Win=65024 Len=1448 TSval=2916042772 TSecr=3045562546 [TCP segment of a reassembled PDU]"
"70345","38.692255092","192.168.1.55","192.168.1.2","TCP","1514","8004  >  36982 [ACK] Seq=227526 Ack=144 Win=65024 Len=1448 TSval=2916042772 TSecr=3045562546 [TCP segment of a reassembled PDU]"
"70346","38.692263388","192.168.1.55","192.168.1.2","TCP","1514","8004  >  36982 [ACK] Seq=228974 Ack=144 Win=65024 Len=1448 TSval=2916042772 TSecr=3045562546 [TCP segment of a reassembled PDU]"
"70347","38.692264870","192.168.1.55","192.168.1.2","TCP","1514","8004  >  36982 [ACK] Seq=230422 Ack=144 Win=65024 Len=1448 TSval=2916042772 TSecr=3045562546 [TCP segment of a reassembled PDU]"
"70348","38.692265981","192.168.1.55","192.168.1.2","TCP","1514","8004  >  36982 [PSH, ACK] Seq=231870 Ack=144 Win=65024 Len=1448 TSval=2916042772 TSecr=3045562546 [TCP segment of a reassembled PDU]"
"70349","38.696403080","192.168.1.2","192.168.1.55","TCP","66","36982  >  8004 [ACK] Seq=144 Ack=156806 Win=102400 Len=0 TSval=3045562548 TSecr=2916042766"
"70350","38.696421895","192.168.1.55","192.168.1.2","TCP","1514","8004  >  36982 [ACK] Seq=233318 Ack=144 Win=65024 Len=1448 TSval=2916042777 TSecr=3045562548 [TCP segment of a reassembled PDU]"
"70351","38.696423821","192.168.1.55","192.168.1.2","TCP","1514","8004  >  36982 [ACK] Seq=234766 Ack=144 Win=65024 Len=1448 TSval=2916042777 TSecr=3045562548 [TCP segment of a reassembled PDU]"
"70352","38.696424858","192.168.1.55","192.168.1.2","TCP","1514","8004  >  36982 [ACK] Seq=236214 Ack=144 Win=65024 Len=1448 TSval=2916042777 TSecr=3045562548 [TCP segment of a reassembled PDU]"
"70353","38.696425969","192.168.1.55","192.168.1.2","TCP","1514","8004  >  36982 [ACK] Seq=237662 Ack=144 Win=65024 Len=1448 TSval=2916042777 TSecr=3045562548 [TCP segment of a reassembled PDU]"
"70354","38.696427062","192.168.1.55","192.168.1.2","TCP","1514","8004  >  36982 [ACK] Seq=239110 Ack=144 Win=65024 Len=1448 TSval=2916042777 TSecr=3045562548 [TCP segment of a reassembled PDU]"
"70355","38.696428192","192.168.1.55","192.168.1.2","TCP","1514","8004  >  36982 [ACK] Seq=240558 Ack=144 Win=65024 Len=1448 TSval=2916042777 TSecr=3045562548 [TCP segment of a reassembled PDU]"
"70356","38.696429210","192.168.1.55","192.168.1.2","TCP","1514","8004  >  36982 [ACK] Seq=242006 Ack=144 Win=65024 Len=1448 TSval=2916042777 TSecr=3045562548 [TCP segment of a reassembled PDU]"
"70357","38.696430321","192.168.1.55","192.168.1.2","TCP","1514","8004  >  36982 [ACK] Seq=243454 Ack=144 Win=65024 Len=1448 TSval=2916042777 TSecr=3045562548 [TCP segment of a reassembled PDU]"
"70358","38.696431358","192.168.1.55","192.168.1.2","TCP","1514","8004  >  36982 [ACK] Seq=244902 Ack=144 Win=65024 Len=1448 TSval=2916042777 TSecr=3045562548 [TCP segment of a reassembled PDU]"
"70359","38.696432432","192.168.1.55","192.168.1.2","TCP","1514","8004  >  36982 [PSH, ACK] Seq=246350 Ack=144 Win=65024 Len=1448 TSval=2916042777 TSecr=3045562548 [TCP segment of a reassembled PDU]"
"70360","38.699859734","192.168.1.2","192.168.1.55","TCP","66","36982  >  8004 [ACK] Seq=144 Ack=159702 Win=108544 Len=0 TSval=3045562552 TSecr=2916042771"
"70361","38.699880808","192.168.1.55","192.168.1.2","TCP","1514","8004  >  36982 [ACK] Seq=247798 Ack=144 Win=65024 Len=1448 TSval=2916042780 TSecr=3045562552 [TCP segment of a reassembled PDU]"
"70362","38.699883271","192.168.1.55","192.168.1.2","TCP","1514","8004  >  36982 [ACK] Seq=249246 Ack=144 Win=65024 Len=1448 TSval=2916042780 TSecr=3045562552 [TCP segment of a reassembled PDU]"
"70363","38.699884660","192.168.1.55","192.168.1.2","TCP","1514","8004  >  36982 [ACK] Seq=250694 Ack=144 Win=65024 Len=1448 TSval=2916042780 TSecr=3045562552 [TCP segment of a reassembled PDU]"
"70364","38.699886030","192.168.1.55","192.168.1.2","TCP","1514","8004  >  36982 [ACK] Seq=252142 Ack=144 Win=65024 Len=1448 TSval=2916042780 TSecr=3045562552 [TCP segment of a reassembled PDU]"
"70365","38.699887475","192.168.1.55","192.168.1.2","TCP","1514","8004  >  36982 [ACK] Seq=253590 Ack=144 Win=65024 Len=1448 TSval=2916042780 TSecr=3045562552 [TCP segment of a reassembled PDU]"
"70366","38.699888790","192.168.1.55","192.168.1.2","TCP","1514","8004  >  36982 [ACK] Seq=255038 Ack=144 Win=65024 Len=1448 TSval=2916042780 TSecr=3045562552 [TCP segment of a reassembled PDU]"
"70367","38.699890068","192.168.1.55","192.168.1.2","TCP","1514","8004  >  36982 [ACK] Seq=256486 Ack=144 Win=65024 Len=1448 TSval=2916042780 TSecr=3045562552 [TCP segment of a reassembled PDU]"
"70368","38.699891493","192.168.1.55","192.168.1.2","TCP","1514","8004  >  36982 [ACK] Seq=257934 Ack=144 Win=65024 Len=1448 TSval=2916042780 TSecr=3045562552 [TCP segment of a reassembled PDU]"
"70369","38.699892790","192.168.1.55","192.168.1.2","TCP","1514","8004  >  36982 [ACK] Seq=259382 Ack=144 Win=65024 Len=1448 TSval=2916042780 TSecr=3045562552 [TCP segment of a reassembled PDU]"
"70370","38.699894179","192.168.1.55","192.168.1.2","TCP","1514","8004  >  36982 [ACK] Seq=260830 Ack=144 Win=65024 Len=1448 TSval=2916042780 TSecr=3045562552 [TCP segment of a reassembled PDU]"
"70371","38.699895771","192.168.1.55","192.168.1.2","TCP","1514","8004  >  36982 [ACK] Seq=262278 Ack=144 Win=65024 Len=1448 TSval=2916042780 TSecr=3045562552 [TCP segment of a reassembled PDU]"
"70372","38.699897160","192.168.1.55","192.168.1.2","TCP","1514","8004  >  36982 [ACK] Seq=263726 Ack=144 Win=65024 Len=1448 TSval=2916042780 TSecr=3045562552 [TCP segment of a reassembled PDU]"
"70373","38.699898549","192.168.1.55","192.168.1.2","TCP","1514","8004  >  36982 [ACK] Seq=265174 Ack=144 Win=65024 Len=1448 TSval=2916042780 TSecr=3045562552 [TCP segment of a reassembled PDU]"
"70374","38.699900068","192.168.1.55","192.168.1.2","TCP","1514","8004  >  36982 [PSH, ACK] Seq=266622 Ack=144 Win=65024 Len=1448 TSval=2916042780 TSecr=3045562552 [TCP segment of a reassembled PDU]"
"70375","38.700526920","192.168.1.2","192.168.1.55","TCP","66","36982  >  8004 [ACK] Seq=144 Ack=191326 Win=88064 Len=0 TSval=3045562552 TSecr=2916042771"
"70376","38.700537532","192.168.1.2","192.168.1.55","TCP","66","36982  >  8004 [ACK] Seq=144 Ack=202910 Win=76800 Len=0 TSval=3045562553 TSecr=2916042772"
"70377","38.700543587","192.168.1.2","192.168.1.55","TCP","66","36982  >  8004 [ACK] Seq=144 Ack=224630 Win=55296 Len=0 TSval=3045562553 TSecr=2916042772"
"70378","38.700548383","192.168.1.2","192.168.1.55","TCP","66","36982  >  8004 [ACK] Seq=144 Ack=233318 Win=106496 Len=0 TSval=3045562554 TSecr=2916042772"
"70379","38.700566717","192.168.1.55","192.168.1.2","TCP","1514","8004  >  36982 [ACK] Seq=268070 Ack=144 Win=65024 Len=1448 TSval=2916042781 TSecr=3045562554 [TCP segment of a reassembled PDU]"
"70380","38.700568569","192.168.1.55","192.168.1.2","TCP","1514","8004  >  36982 [ACK] Seq=269518 Ack=144 Win=65024 Len=1448 TSval=2916042781 TSecr=3045562554 [TCP segment of a reassembled PDU]"
"70381","38.700569846","192.168.1.55","192.168.1.2","TCP","1514","8004  >  36982 [ACK] Seq=270966 Ack=144 Win=65024 Len=1448 TSval=2916042781 TSecr=3045562554 [TCP segment of a reassembled PDU]"
"70382","38.700571272","192.168.1.55","192.168.1.2","TCP","1514","8004  >  36982 [ACK] Seq=272414 Ack=144 Win=65024 Len=1448 TSval=2916042781 TSecr=3045562554 [TCP segment of a reassembled PDU]"
"70383","38.700572550","192.168.1.55","192.168.1.2","TCP","1514","8004  >  36982 [ACK] Seq=273862 Ack=144 Win=65024 Len=1448 TSval=2916042781 TSecr=3045562554 [TCP segment of a reassembled PDU]"
"70384","38.700574013","192.168.1.55","192.168.1.2","TCP","1514","8004  >  36982 [ACK] Seq=275310 Ack=144 Win=65024 Len=1448 TSval=2916042781 TSecr=3045562554 [TCP segment of a reassembled PDU]"
"70385","38.700575346","192.168.1.55","192.168.1.2","TCP","1514","8004  >  36982 [ACK] Seq=276758 Ack=144 Win=65024 Len=1448 TSval=2916042781 TSecr=3045562554 [TCP segment of a reassembled PDU]"
"70386","38.700576643","192.168.1.55","192.168.1.2","TCP","1514","8004  >  36982 [ACK] Seq=278206 Ack=144 Win=65024 Len=1448 TSval=2916042781 TSecr=3045562554 [TCP segment of a reassembled PDU]"
"70387","38.700577995","192.168.1.55","192.168.1.2","TCP","1514","8004  >  36982 [ACK] Seq=279654 Ack=144 Win=65024 Len=1448 TSval=2916042781 TSecr=3045562554 [TCP segment of a reassembled PDU]"
"70388","38.700579365","192.168.1.55","192.168.1.2","TCP","1514","8004  >  36982 [ACK] Seq=281102 Ack=144 Win=65024 Len=1448 TSval=2916042781 TSecr=3045562554 [TCP segment of a reassembled PDU]"
"70389","38.700580754","192.168.1.55","192.168.1.2","TCP","1514","8004  >  36982 [ACK] Seq=282550 Ack=144 Win=65024 Len=1448 TSval=2916042781 TSecr=3045562554 [TCP segment of a reassembled PDU]"
"70390","38.700582050","192.168.1.55","192.168.1.2","TCP","1514","8004  >  36982 [ACK] Seq=283998 Ack=144 Win=65024 Len=1448 TSval=2916042781 TSecr=3045562554 [TCP segment of a reassembled PDU]"
"70391","38.700583439","192.168.1.55","192.168.1.2","TCP","1514","8004  >  36982 [ACK] Seq=285446 Ack=144 Win=65024 Len=1448 TSval=2916042781 TSecr=3045562554 [TCP segment of a reassembled PDU]"
"70392","38.700584828","192.168.1.55","192.168.1.2","TCP","1514","8004  >  36982 [ACK] Seq=286894 Ack=144 Win=65024 Len=1448 TSval=2916042781 TSecr=3045562554 [TCP segment of a reassembled PDU]"
"70393","38.700586161","192.168.1.55","192.168.1.2","TCP","1514","8004  >  36982 [ACK] Seq=288342 Ack=144 Win=65024 Len=1448 TSval=2916042781 TSecr=3045562554 [TCP segment of a reassembled PDU]"
"70394","38.700587717","192.168.1.55","192.168.1.2","TCP","1514","8004  >  36982 [ACK] Seq=289790 Ack=144 Win=65024 Len=1448 TSval=2916042781 TSecr=3045562554 [TCP segment of a reassembled PDU]"
"70395","38.700588976","192.168.1.55","192.168.1.2","TCP","1514","8004  >  36982 [PSH, ACK] Seq=291238 Ack=144 Win=65024 Len=1448 TSval=2916042781 TSecr=3045562554 [TCP segment of a reassembled PDU]"
"70396","38.700621124","192.168.1.55","192.168.1.2","TCP","1514","8004  >  36982 [ACK] Seq=292686 Ack=144 Win=65024 Len=1448 TSval=2916042781 TSecr=3045562554 [TCP segment of a reassembled PDU]"
"70397","38.700622939","192.168.1.55","192.168.1.2","TCP","1514","8004  >  36982 [ACK] Seq=294134 Ack=144 Win=65024 Len=1448 TSval=2916042781 TSecr=3045562554 [TCP segment of a reassembled PDU]"
"70398","38.700624291","192.168.1.55","192.168.1.2","TCP","1514","8004  >  36982 [ACK] Seq=295582 Ack=144 Win=65024 Len=1448 TSval=2916042781 TSecr=3045562554 [TCP segment of a reassembled PDU]"
"70399","38.700625680","192.168.1.55","192.168.1.2","TCP","1514","8004  >  36982 [ACK] Seq=297030 Ack=144 Win=65024 Len=1448 TSval=2916042781 TSecr=3045562554 [TCP segment of a reassembled PDU]"
"70400","38.700627217","192.168.1.55","192.168.1.2","TCP","1514","8004  >  36982 [ACK] Seq=298478 Ack=144 Win=65024 Len=1448 TSval=2916042781 TSecr=3045562554 [TCP segment of a reassembled PDU]"
"70401","38.700628587","192.168.1.55","192.168.1.2","TCP","1514","8004  >  36982 [ACK] Seq=299926 Ack=144 Win=65024 Len=1448 TSval=2916042781 TSecr=3045562554 [TCP segment of a reassembled PDU]"
"70402","38.700630013","192.168.1.55","192.168.1.2","TCP","1514","8004  >  36982 [ACK] Seq=301374 Ack=144 Win=65024 Len=1448 TSval=2916042781 TSecr=3045562554 [TCP segment of a reassembled PDU]"
"70403","38.700631309","192.168.1.55","192.168.1.2","TCP","1514","8004  >  36982 [ACK] Seq=302822 Ack=144 Win=65024 Len=1448 TSval=2916042781 TSecr=3045562554 [TCP segment of a reassembled PDU]"
"70404","38.700632569","192.168.1.55","192.168.1.2","TCP","1514","8004  >  36982 [ACK] Seq=304270 Ack=144 Win=65024 Len=1448 TSval=2916042781 TSecr=3045562554 [TCP segment of a reassembled PDU]"
"70405","38.700633884","192.168.1.55","192.168.1.2","TCP","1514","8004  >  36982 [ACK] Seq=305718 Ack=144 Win=65024 Len=1448 TSval=2916042781 TSecr=3045562554 [TCP segment of a reassembled PDU]"
"70406","38.700635198","192.168.1.55","192.168.1.2","TCP","1514","8004  >  36982 [ACK] Seq=307166 Ack=144 Win=65024 Len=1448 TSval=2916042781 TSecr=3045562554 [TCP segment of a reassembled PDU]"
"70407","38.700636884","192.168.1.55","192.168.1.2","TCP","1514","8004  >  36982 [ACK] Seq=308614 Ack=144 Win=65024 Len=1448 TSval=2916042781 TSecr=3045562554 [TCP segment of a reassembled PDU]"
"70408","38.700638161","192.168.1.55","192.168.1.2","TCP","1514","8004  >  36982 [ACK] Seq=310062 Ack=144 Win=65024 Len=1448 TSval=2916042781 TSecr=3045562554 [TCP segment of a reassembled PDU]"
"70409","38.700639476","192.168.1.55","192.168.1.2","TCP","1514","8004  >  36982 [ACK] Seq=311510 Ack=144 Win=65024 Len=1448 TSval=2916042781 TSecr=3045562554 [TCP segment of a reassembled PDU]"
"70410","38.700640939","192.168.1.55","192.168.1.2","TCP","1514","8004  >  36982 [ACK] Seq=312958 Ack=144 Win=65024 Len=1448 TSval=2916042781 TSecr=3045562554 [TCP segment of a reassembled PDU]"
"70411","38.700642661","192.168.1.55","192.168.1.2","TCP","1514","8004  >  36982 [ACK] Seq=314406 Ack=144 Win=65024 Len=1448 TSval=2916042781 TSecr=3045562554 [TCP segment of a reassembled PDU]"
"70412","38.700644291","192.168.1.55","192.168.1.2","TCP","1514","8004  >  36982 [ACK] Seq=315854 Ack=144 Win=65024 Len=1448 TSval=2916042781 TSecr=3045562554 [TCP segment of a reassembled PDU]"
"70413","38.700645698","192.168.1.55","192.168.1.2","TCP","1514","8004  >  36982 [ACK] Seq=317302 Ack=144 Win=65024 Len=1448 TSval=2916042781 TSecr=3045562554 [TCP segment of a reassembled PDU]"
"70414","38.700647069","192.168.1.55","192.168.1.2","TCP","1514","8004  >  36982 [ACK] Seq=318750 Ack=144 Win=65024 Len=1448 TSval=2916042781 TSecr=3045562554 [TCP segment of a reassembled PDU]"
"70415","38.700648569","192.168.1.55","192.168.1.2","TCP","1514","8004  >  36982 [ACK] Seq=320198 Ack=144 Win=65024 Len=1448 TSval=2916042781 TSecr=3045562554 [TCP segment of a reassembled PDU]"
"70416","38.700649865","192.168.1.55","192.168.1.2","TCP","1514","8004  >  36982 [ACK] Seq=321646 Ack=144 Win=65024 Len=1448 TSval=2916042781 TSecr=3045562554 [TCP segment of a reassembled PDU]"
"70417","38.700651698","192.168.1.55","192.168.1.2","TCP","1514","8004  >  36982 [ACK] Seq=323094 Ack=144 Win=65024 Len=1448 TSval=2916042781 TSecr=3045562554 [TCP segment of a reassembled PDU]"
"70418","38.700652976","192.168.1.55","192.168.1.2","TCP","1514","8004  >  36982 [ACK] Seq=324542 Ack=144 Win=65024 Len=1448 TSval=2916042781 TSecr=3045562554 [TCP segment of a reassembled PDU]"
"70419","38.700654254","192.168.1.55","192.168.1.2","TCP","1514","8004  >  36982 [ACK] Seq=325990 Ack=144 Win=65024 Len=1448 TSval=2916042781 TSecr=3045562554 [TCP segment of a reassembled PDU]"
"70420","38.700655624","192.168.1.55","192.168.1.2","TCP","1514","8004  >  36982 [ACK] Seq=327438 Ack=144 Win=65024 Len=1448 TSval=2916042781 TSecr=3045562554 [TCP segment of a reassembled PDU]"
"70421","38.700656939","192.168.1.55","192.168.1.2","TCP","1514","8004  >  36982 [ACK] Seq=328886 Ack=144 Win=65024 Len=1448 TSval=2916042781 TSecr=3045562554 [TCP segment of a reassembled PDU]"
"70422","38.700658513","192.168.1.55","192.168.1.2","TCP","1514","8004  >  36982 [ACK] Seq=330334 Ack=144 Win=65024 Len=1448 TSval=2916042781 TSecr=3045562554 [TCP segment of a reassembled PDU]"
"70423","38.700659847","192.168.1.55","192.168.1.2","TCP","1514","8004  >  36982 [ACK] Seq=331782 Ack=144 Win=65024 Len=1448 TSval=2916042781 TSecr=3045562554 [TCP segment of a reassembled PDU]"
"70424","38.700661291","192.168.1.55","192.168.1.2","TCP","1514","8004  >  36982 [ACK] Seq=333230 Ack=144 Win=65024 Len=1448 TSval=2916042781 TSecr=3045562554 [TCP segment of a reassembled PDU]"
"70425","38.700662661","192.168.1.55","192.168.1.2","TCP","1514","8004  >  36982 [ACK] Seq=334678 Ack=144 Win=65024 Len=1448 TSval=2916042781 TSecr=3045562554 [TCP segment of a reassembled PDU]"
"70426","38.700663921","192.168.1.55","192.168.1.2","TCP","1514","8004  >  36982 [PSH, ACK] Seq=336126 Ack=144 Win=65024 Len=1448 TSval=2916042781 TSecr=3045562554 [TCP segment of a reassembled PDU]"
"70427","38.700723513","192.168.1.2","192.168.1.55","TCP","66","36982  >  8004 [ACK] Seq=144 Ack=244902 Win=95232 Len=0 TSval=3045562554 TSecr=2916042777"
"70428","38.700731773","192.168.1.2","192.168.1.55","TCP","66","36982  >  8004 [ACK] Seq=144 Ack=246350 Win=110592 Len=0 TSval=3045562555 TSecr=2916042777"
"70429","38.700736458","192.168.1.2","192.168.1.55","TCP","66","36982  >  8004 [ACK] Seq=144 Ack=247798 Win=110592 Len=0 TSval=3045562555 TSecr=2916042777"
"70430","38.700762310","192.168.1.55","192.168.1.2","TCP","1514","8004  >  36982 [ACK] Seq=337574 Ack=144 Win=65024 Len=1448 TSval=2916042781 TSecr=3045562555 [TCP segment of a reassembled PDU]"
"70431","38.700764995","192.168.1.55","192.168.1.2","TCP","1514","8004  >  36982 [ACK] Seq=339022 Ack=144 Win=65024 Len=1448 TSval=2916042781 TSecr=3045562555 [TCP segment of a reassembled PDU]"
"70432","38.700766680","192.168.1.55","192.168.1.2","TCP","1514","8004  >  36982 [ACK] Seq=340470 Ack=144 Win=65024 Len=1448 TSval=2916042781 TSecr=3045562555 [TCP segment of a reassembled PDU]"
"70433","38.700768291","192.168.1.55","192.168.1.2","TCP","1514","8004  >  36982 [ACK] Seq=341918 Ack=144 Win=65024 Len=1448 TSval=2916042781 TSecr=3045562555 [TCP segment of a reassembled PDU]"
"70434","38.700769958","192.168.1.55","192.168.1.2","TCP","1514","8004  >  36982 [ACK] Seq=343366 Ack=144 Win=65024 Len=1448 TSval=2916042781 TSecr=3045562555 [TCP segment of a reassembled PDU]"
"70435","38.700771587","192.168.1.55","192.168.1.2","TCP","1514","8004  >  36982 [ACK] Seq=344814 Ack=144 Win=65024 Len=1448 TSval=2916042781 TSecr=3045562555 [TCP segment of a reassembled PDU]"
"70436","38.700772958","192.168.1.55","192.168.1.2","TCP","1514","8004  >  36982 [ACK] Seq=346262 Ack=144 Win=65024 Len=1448 TSval=2916042781 TSecr=3045562555 [TCP segment of a reassembled PDU]"
"70437","38.700774458","192.168.1.55","192.168.1.2","TCP","1514","8004  >  36982 [ACK] Seq=347710 Ack=144 Win=65024 Len=1448 TSval=2916042781 TSecr=3045562555 [TCP segment of a reassembled PDU]"
"70438","38.700776106","192.168.1.55","192.168.1.2","TCP","1514","8004  >  36982 [ACK] Seq=349158 Ack=144 Win=65024 Len=1448 TSval=2916042781 TSecr=3045562555 [TCP segment of a reassembled PDU]"
"70439","38.700777625","192.168.1.55","192.168.1.2","TCP","1514","8004  >  36982 [ACK] Seq=350606 Ack=144 Win=65024 Len=1448 TSval=2916042781 TSecr=3045562555 [TCP segment of a reassembled PDU]"
"70440","38.700778939","192.168.1.55","192.168.1.2","TCP","1514","8004  >  36982 [ACK] Seq=352054 Ack=144 Win=65024 Len=1448 TSval=2916042781 TSecr=3045562555 [TCP segment of a reassembled PDU]"
"70441","38.700780291","192.168.1.55","192.168.1.2","TCP","1514","8004  >  36982 [ACK] Seq=353502 Ack=144 Win=65024 Len=1448 TSval=2916042781 TSecr=3045562555 [TCP segment of a reassembled PDU]"
"70442","38.700781569","192.168.1.55","192.168.1.2","TCP","1514","8004  >  36982 [ACK] Seq=354950 Ack=144 Win=65024 Len=1448 TSval=2916042781 TSecr=3045562555 [TCP segment of a reassembled PDU]"
"70443","38.700783088","192.168.1.55","192.168.1.2","TCP","1514","8004  >  36982 [ACK] Seq=356398 Ack=144 Win=65024 Len=1448 TSval=2916042781 TSecr=3045562555 [TCP segment of a reassembled PDU]"
"70444","38.700784828","192.168.1.55","192.168.1.2","TCP","610","[TCP Window Full] 8004  >  36982 [PSH, ACK] Seq=357846 Ack=144 Win=65024 Len=544 TSval=2916042781 TSecr=3045562555 [TCP segment of a reassembled PDU]"
"70445","38.707492135","192.168.1.2","192.168.1.55","TCP","66","36982  >  8004 [ACK] Seq=144 Ack=266622 Win=97280 Len=0 TSval=3045562558 TSecr=2916042780"
"70446","38.707519061","192.168.1.55","192.168.1.2","TCP","1514","8004  >  36982 [ACK] Seq=358390 Ack=144 Win=65024 Len=1448 TSval=2916042788 TSecr=3045562558 [TCP segment of a reassembled PDU]"
"70447","38.707522913","192.168.1.55","192.168.1.2","TCP","1514","8004  >  36982 [ACK] Seq=359838 Ack=144 Win=65024 Len=1448 TSval=2916042788 TSecr=3045562558 [TCP segment of a reassembled PDU]"
"70448","38.707524228","192.168.1.55","192.168.1.2","TCP","1514","8004  >  36982 [PSH, ACK] Seq=361286 Ack=144 Win=65024 Len=1448 TSval=2916042788 TSecr=3045562558 [TCP segment of a reassembled PDU]"
"70449","38.707556636","192.168.1.2","192.168.1.55","TCP","66","36982  >  8004 [ACK] Seq=144 Ack=268070 Win=113664 Len=0 TSval=3045562563 TSecr=2916042780"
"70450","38.708699804","192.168.1.2","192.168.1.55","TCP","66","36982  >  8004 [ACK] Seq=144 Ack=292686 Win=113664 Len=0 TSval=3045562563 TSecr=2916042781"
"70451","38.708719674","192.168.1.55","192.168.1.2","TCP","1514","8004  >  36982 [ACK] Seq=362734 Ack=144 Win=65024 Len=1448 TSval=2916042789 TSecr=3045562563 [TCP segment of a reassembled PDU]"
"70452","38.708722119","192.168.1.55","192.168.1.2","TCP","1514","8004  >  36982 [ACK] Seq=364182 Ack=144 Win=65024 Len=1448 TSval=2916042789 TSecr=3045562563 [TCP segment of a reassembled PDU]"
"70453","38.708723489","192.168.1.55","192.168.1.2","TCP","1514","8004  >  36982 [ACK] Seq=365630 Ack=144 Win=65024 Len=1448 TSval=2916042789 TSecr=3045562563 [TCP segment of a reassembled PDU]"
"70454","38.708725304","192.168.1.55","192.168.1.2","TCP","1514","8004  >  36982 [ACK] Seq=367078 Ack=144 Win=65024 Len=1448 TSval=2916042789 TSecr=3045562563 [TCP segment of a reassembled PDU]"
"70455","38.708726749","192.168.1.55","192.168.1.2","TCP","1514","8004  >  36982 [ACK] Seq=368526 Ack=144 Win=65024 Len=1448 TSval=2916042789 TSecr=3045562563 [TCP segment of a reassembled PDU]"
"70456","38.708728063","192.168.1.55","192.168.1.2","TCP","1514","8004  >  36982 [ACK] Seq=369974 Ack=144 Win=65024 Len=1448 TSval=2916042789 TSecr=3045562563 [TCP segment of a reassembled PDU]"
"70457","38.708729434","192.168.1.55","192.168.1.2","TCP","1514","8004  >  36982 [ACK] Seq=371422 Ack=144 Win=65024 Len=1448 TSval=2916042789 TSecr=3045562563 [TCP segment of a reassembled PDU]"
"70458","38.708730841","192.168.1.55","192.168.1.2","TCP","1514","8004  >  36982 [ACK] Seq=372870 Ack=144 Win=65024 Len=1448 TSval=2916042789 TSecr=3045562563 [TCP segment of a reassembled PDU]"
"70459","38.708732378","192.168.1.55","192.168.1.2","TCP","1514","8004  >  36982 [ACK] Seq=374318 Ack=144 Win=65024 Len=1448 TSval=2916042789 TSecr=3045562563 [TCP segment of a reassembled PDU]"
"70460","38.708733675","192.168.1.55","192.168.1.2","TCP","1514","8004  >  36982 [ACK] Seq=375766 Ack=144 Win=65024 Len=1448 TSval=2916042789 TSecr=3045562563 [TCP segment of a reassembled PDU]"
"70461","38.708735082","192.168.1.55","192.168.1.2","TCP","1514","8004  >  36982 [ACK] Seq=377214 Ack=144 Win=65024 Len=1448 TSval=2916042789 TSecr=3045562563 [TCP segment of a reassembled PDU]"
"70462","38.708736545","192.168.1.55","192.168.1.2","TCP","1514","8004  >  36982 [ACK] Seq=378662 Ack=144 Win=65024 Len=1448 TSval=2916042789 TSecr=3045562563 [TCP segment of a reassembled PDU]"
"70463","38.708738026","192.168.1.55","192.168.1.2","TCP","1514","8004  >  36982 [PSH, ACK] Seq=380110 Ack=144 Win=65024 Len=1448 TSval=2916042789 TSecr=3045562563 [TCP segment of a reassembled PDU]"
"70464","38.708743712","192.168.1.55","192.168.1.2","TCP","970","8004  >  36982 [PSH, ACK] Seq=381558 Ack=144 Win=65024 Len=904 TSval=2916042789 TSecr=3045562563 [TCP segment of a reassembled PDU]"
"70465","38.709355324","192.168.1.2","192.168.1.55","TCP","66","36982  >  8004 [ACK] Seq=144 Ack=337574 Win=113664 Len=0 TSval=3045562563 TSecr=2916042781"
"70466","38.709393361","192.168.1.55","192.168.1.2","TCP","1514","8004  >  36982 [ACK] Seq=382462 Ack=144 Win=65024 Len=1448 TSval=2916042790 TSecr=3045562563 [TCP segment of a reassembled PDU]"
"70467","38.709395527","192.168.1.55","192.168.1.2","TCP","1514","8004  >  36982 [ACK] Seq=383910 Ack=144 Win=65024 Len=1448 TSval=2916042790 TSecr=3045562563 [TCP segment of a reassembled PDU]"
"70468","38.709396916","192.168.1.55","192.168.1.2","TCP","1514","8004  >  36982 [ACK] Seq=385358 Ack=144 Win=65024 Len=1448 TSval=2916042790 TSecr=3045562563 [TCP segment of a reassembled PDU]"
"70469","38.709398194","192.168.1.55","192.168.1.2","TCP","1514","8004  >  36982 [ACK] Seq=386806 Ack=144 Win=65024 Len=1448 TSval=2916042790 TSecr=3045562563 [TCP segment of a reassembled PDU]"
"70470","38.709399527","192.168.1.55","192.168.1.2","TCP","1514","8004  >  36982 [ACK] Seq=388254 Ack=144 Win=65024 Len=1448 TSval=2916042790 TSecr=3045562563 [TCP segment of a reassembled PDU]"
"70471","38.709400898","192.168.1.55","192.168.1.2","TCP","1514","8004  >  36982 [ACK] Seq=389702 Ack=144 Win=65024 Len=1448 TSval=2916042790 TSecr=3045562563 [TCP segment of a reassembled PDU]"
"70472","38.709402268","192.168.1.55","192.168.1.2","TCP","1514","8004  >  36982 [ACK] Seq=391150 Ack=144 Win=65024 Len=1448 TSval=2916042790 TSecr=3045562563 [TCP segment of a reassembled PDU]"
"70473","38.709403787","192.168.1.55","192.168.1.2","TCP","1514","8004  >  36982 [ACK] Seq=392598 Ack=144 Win=65024 Len=1448 TSval=2916042790 TSecr=3045562563 [TCP segment of a reassembled PDU]"
"70474","38.709405157","192.168.1.55","192.168.1.2","TCP","1514","8004  >  36982 [ACK] Seq=394046 Ack=144 Win=65024 Len=1448 TSval=2916042790 TSecr=3045562563 [TCP segment of a reassembled PDU]"
"70475","38.709407157","192.168.1.55","192.168.1.2","TCP","1514","8004  >  36982 [ACK] Seq=395494 Ack=144 Win=65024 Len=1448 TSval=2916042790 TSecr=3045562563 [TCP segment of a reassembled PDU]"
"70476","38.709408657","192.168.1.55","192.168.1.2","TCP","1514","8004  >  36982 [ACK] Seq=396942 Ack=144 Win=65024 Len=1448 TSval=2916042790 TSecr=3045562563 [TCP segment of a reassembled PDU]"
"70477","38.709410065","192.168.1.55","192.168.1.2","TCP","1514","8004  >  36982 [ACK] Seq=398390 Ack=144 Win=65024 Len=1448 TSval=2916042790 TSecr=3045562563 [TCP segment of a reassembled PDU]"
"70478","38.709411435","192.168.1.55","192.168.1.2","TCP","1514","8004  >  36982 [ACK] Seq=399838 Ack=144 Win=65024 Len=1448 TSval=2916042790 TSecr=3045562563 [TCP segment of a reassembled PDU]"
"70479","38.709412694","192.168.1.55","192.168.1.2","TCP","1514","8004  >  36982 [ACK] Seq=401286 Ack=144 Win=65024 Len=1448 TSval=2916042790 TSecr=3045562563 [TCP segment of a reassembled PDU]"
"70480","38.709414046","192.168.1.55","192.168.1.2","TCP","1514","8004  >  36982 [ACK] Seq=402734 Ack=144 Win=65024 Len=1448 TSval=2916042790 TSecr=3045562563 [TCP segment of a reassembled PDU]"
"70481","38.709415527","192.168.1.55","192.168.1.2","TCP","1514","8004  >  36982 [ACK] Seq=404182 Ack=144 Win=65024 Len=1448 TSval=2916042790 TSecr=3045562563 [TCP segment of a reassembled PDU]"
"70482","38.709416879","192.168.1.55","192.168.1.2","TCP","1514","8004  >  36982 [ACK] Seq=405630 Ack=144 Win=65024 Len=1448 TSval=2916042790 TSecr=3045562563 [TCP segment of a reassembled PDU]"
"70483","38.709418268","192.168.1.55","192.168.1.2","TCP","1514","8004  >  36982 [ACK] Seq=407078 Ack=144 Win=65024 Len=1448 TSval=2916042790 TSecr=3045562563 [TCP segment of a reassembled PDU]"
"70484","38.709419639","192.168.1.55","192.168.1.2","TCP","1514","8004  >  36982 [ACK] Seq=408526 Ack=144 Win=65024 Len=1448 TSval=2916042790 TSecr=3045562563 [TCP segment of a reassembled PDU]"
"70485","38.709421157","192.168.1.55","192.168.1.2","TCP","1514","8004  >  36982 [ACK] Seq=409974 Ack=144 Win=65024 Len=1448 TSval=2916042790 TSecr=3045562563 [TCP segment of a reassembled PDU]"
"70486","38.709422713","192.168.1.55","192.168.1.2","TCP","1514","8004  >  36982 [ACK] Seq=411422 Ack=144 Win=65024 Len=1448 TSval=2916042790 TSecr=3045562563 [TCP segment of a reassembled PDU]"
"70487","38.709424083","192.168.1.55","192.168.1.2","TCP","1514","8004  >  36982 [ACK] Seq=412870 Ack=144 Win=65024 Len=1448 TSval=2916042790 TSecr=3045562563 [TCP segment of a reassembled PDU]"
"70488","38.709425490","192.168.1.55","192.168.1.2","TCP","1514","8004  >  36982 [ACK] Seq=414318 Ack=144 Win=65024 Len=1448 TSval=2916042790 TSecr=3045562563 [TCP segment of a reassembled PDU]"
"70489","38.709427065","192.168.1.55","192.168.1.2","TCP","1514","8004  >  36982 [ACK] Seq=415766 Ack=144 Win=65024 Len=1448 TSval=2916042790 TSecr=3045562563 [TCP segment of a reassembled PDU]"
"70490","38.709428527","192.168.1.55","192.168.1.2","TCP","1514","8004  >  36982 [ACK] Seq=417214 Ack=144 Win=65024 Len=1448 TSval=2916042790 TSecr=3045562563 [TCP segment of a reassembled PDU]"
"70491","38.709429916","192.168.1.55","192.168.1.2","TCP","1514","8004  >  36982 [ACK] Seq=418662 Ack=144 Win=65024 Len=1448 TSval=2916042790 TSecr=3045562563 [TCP segment of a reassembled PDU]"
"70492","38.709431287","192.168.1.55","192.168.1.2","TCP","1514","8004  >  36982 [ACK] Seq=420110 Ack=144 Win=65024 Len=1448 TSval=2916042790 TSecr=3045562563 [TCP segment of a reassembled PDU]"
"70493","38.709432565","192.168.1.55","192.168.1.2","TCP","1514","8004  >  36982 [ACK] Seq=421558 Ack=144 Win=65024 Len=1448 TSval=2916042790 TSecr=3045562563 [TCP segment of a reassembled PDU]"
"70494","38.709434028","192.168.1.55","192.168.1.2","TCP","1514","8004  >  36982 [ACK] Seq=423006 Ack=144 Win=65024 Len=1448 TSval=2916042790 TSecr=3045562563 [TCP segment of a reassembled PDU]"
"70495","38.709435379","192.168.1.55","192.168.1.2","TCP","1514","8004  >  36982 [ACK] Seq=424454 Ack=144 Win=65024 Len=1448 TSval=2916042790 TSecr=3045562563 [TCP segment of a reassembled PDU]"
"70496","38.709436768","192.168.1.55","192.168.1.2","TCP","1514","8004  >  36982 [PSH, ACK] Seq=425902 Ack=144 Win=65024 Len=1448 TSval=2916042790 TSecr=3045562563 [TCP segment of a reassembled PDU]"
"70497","38.709441898","192.168.1.2","192.168.1.55","TCP","66","36982  >  8004 [ACK] Seq=144 Ack=356398 Win=113664 Len=0 TSval=3045562563 TSecr=2916042781"
"70498","38.709478472","192.168.1.55","192.168.1.2","TCP","1514","8004  >  36982 [ACK] Seq=427350 Ack=144 Win=65024 Len=1448 TSval=2916042790 TSecr=3045562563 [TCP segment of a reassembled PDU]"
"70499","38.709480768","192.168.1.55","192.168.1.2","TCP","1514","8004  >  36982 [ACK] Seq=428798 Ack=144 Win=65024 Len=1448 TSval=2916042790 TSecr=3045562563 [TCP segment of a reassembled PDU]"
"70500","38.709482361","192.168.1.55","192.168.1.2","TCP","1514","8004  >  36982 [ACK] Seq=430246 Ack=144 Win=65024 Len=1448 TSval=2916042790 TSecr=3045562563 [TCP segment of a reassembled PDU]"
"70501","38.709484028","192.168.1.55","192.168.1.2","TCP","1514","8004  >  36982 [ACK] Seq=431694 Ack=144 Win=65024 Len=1448 TSval=2916042790 TSecr=3045562563 [TCP segment of a reassembled PDU]"
"70502","38.709485639","192.168.1.55","192.168.1.2","TCP","1514","8004  >  36982 [ACK] Seq=433142 Ack=144 Win=65024 Len=1448 TSval=2916042790 TSecr=3045562563 [TCP segment of a reassembled PDU]"
"70503","38.709486935","192.168.1.55","192.168.1.2","TCP","1514","8004  >  36982 [ACK] Seq=434590 Ack=144 Win=65024 Len=1448 TSval=2916042790 TSecr=3045562563 [TCP segment of a reassembled PDU]"
"70504","38.709488379","192.168.1.55","192.168.1.2","TCP","1514","8004  >  36982 [ACK] Seq=436038 Ack=144 Win=65024 Len=1448 TSval=2916042790 TSecr=3045562563 [TCP segment of a reassembled PDU]"
"70505","38.709489787","192.168.1.55","192.168.1.2","TCP","1514","8004  >  36982 [ACK] Seq=437486 Ack=144 Win=65024 Len=1448 TSval=2916042790 TSecr=3045562563 [TCP segment of a reassembled PDU]"
"70506","38.709491120","192.168.1.55","192.168.1.2","TCP","1514","8004  >  36982 [ACK] Seq=438934 Ack=144 Win=65024 Len=1448 TSval=2916042790 TSecr=3045562563 [TCP segment of a reassembled PDU]"
"70507","38.709492491","192.168.1.55","192.168.1.2","TCP","1514","8004  >  36982 [ACK] Seq=440382 Ack=144 Win=65024 Len=1448 TSval=2916042790 TSecr=3045562563 [TCP segment of a reassembled PDU]"
"70508","38.709493879","192.168.1.55","192.168.1.2","TCP","1514","8004  >  36982 [ACK] Seq=441830 Ack=144 Win=65024 Len=1448 TSval=2916042790 TSecr=3045562563 [TCP segment of a reassembled PDU]"
"70509","38.709495750","192.168.1.55","192.168.1.2","TCP","1514","8004  >  36982 [ACK] Seq=443278 Ack=144 Win=65024 Len=1448 TSval=2916042790 TSecr=3045562563 [TCP segment of a reassembled PDU]"
"70510","38.709497231","192.168.1.55","192.168.1.2","TCP","1514","8004  >  36982 [ACK] Seq=444726 Ack=144 Win=65024 Len=1448 TSval=2916042790 TSecr=3045562563 [TCP segment of a reassembled PDU]"
"70511","38.709498676","192.168.1.55","192.168.1.2","TCP","1514","8004  >  36982 [ACK] Seq=446174 Ack=144 Win=65024 Len=1448 TSval=2916042790 TSecr=3045562563 [TCP segment of a reassembled PDU]"
"70512","38.709500342","192.168.1.55","192.168.1.2","TCP","1514","8004  >  36982 [ACK] Seq=447622 Ack=144 Win=65024 Len=1448 TSval=2916042790 TSecr=3045562563 [TCP segment of a reassembled PDU]"
"70513","38.709501713","192.168.1.55","192.168.1.2","TCP","1514","8004  >  36982 [ACK] Seq=449070 Ack=144 Win=65024 Len=1448 TSval=2916042790 TSecr=3045562563 [TCP segment of a reassembled PDU]"
"70514","38.709503120","192.168.1.55","192.168.1.2","TCP","1514","8004  >  36982 [ACK] Seq=450518 Ack=144 Win=65024 Len=1448 TSval=2916042790 TSecr=3045562563 [TCP segment of a reassembled PDU]"
"70515","38.709504491","192.168.1.55","192.168.1.2","TCP","1514","8004  >  36982 [ACK] Seq=451966 Ack=144 Win=65024 Len=1448 TSval=2916042790 TSecr=3045562563 [TCP segment of a reassembled PDU]"
"70516","38.709505805","192.168.1.55","192.168.1.2","TCP","1514","8004  >  36982 [ACK] Seq=453414 Ack=144 Win=65024 Len=1448 TSval=2916042790 TSecr=3045562563 [TCP segment of a reassembled PDU]"
"70517","38.709507213","192.168.1.55","192.168.1.2","TCP","1514","8004  >  36982 [ACK] Seq=454862 Ack=144 Win=65024 Len=1448 TSval=2916042790 TSecr=3045562563 [TCP segment of a reassembled PDU]"
"70518","38.709508657","192.168.1.55","192.168.1.2","TCP","1514","8004  >  36982 [ACK] Seq=456310 Ack=144 Win=65024 Len=1448 TSval=2916042790 TSecr=3045562563 [TCP segment of a reassembled PDU]"
"70519","38.709509935","192.168.1.55","192.168.1.2","TCP","1514","8004  >  36982 [ACK] Seq=457758 Ack=144 Win=65024 Len=1448 TSval=2916042790 TSecr=3045562563 [TCP segment of a reassembled PDU]"
"70520","38.709511305","192.168.1.55","192.168.1.2","TCP","1514","8004  >  36982 [ACK] Seq=459206 Ack=144 Win=65024 Len=1448 TSval=2916042790 TSecr=3045562563 [TCP segment of a reassembled PDU]"
"70521","38.709512620","192.168.1.55","192.168.1.2","TCP","1514","8004  >  36982 [ACK] Seq=460654 Ack=144 Win=65024 Len=1448 TSval=2916042790 TSecr=3045562563 [TCP segment of a reassembled PDU]"
"70522","38.709513917","192.168.1.55","192.168.1.2","TCP","1514","8004  >  36982 [ACK] Seq=462102 Ack=144 Win=65024 Len=1448 TSval=2916042790 TSecr=3045562563 [TCP segment of a reassembled PDU]"
"70523","38.709520342","192.168.1.55","192.168.1.2","TCP","1514","8004  >  36982 [ACK] Seq=463550 Ack=144 Win=65024 Len=1448 TSval=2916042790 TSecr=3045562563 [TCP segment of a reassembled PDU]"
"70524","38.709522009","192.168.1.55","192.168.1.2","TCP","1514","8004  >  36982 [ACK] Seq=464998 Ack=144 Win=65024 Len=1448 TSval=2916042790 TSecr=3045562563 [TCP segment of a reassembled PDU]"
"70525","38.709523620","192.168.1.55","192.168.1.2","TCP","1514","8004  >  36982 [ACK] Seq=466446 Ack=144 Win=65024 Len=1448 TSval=2916042790 TSecr=3045562563 [TCP segment of a reassembled PDU]"
"70526","38.709525305","192.168.1.55","192.168.1.2","TCP","1514","8004  >  36982 [PSH, ACK] Seq=467894 Ack=144 Win=65024 Len=1448 TSval=2916042790 TSecr=3045562563 [TCP segment of a reassembled PDU]"
"70527","38.709530380","192.168.1.2","192.168.1.55","TCP","66","36982  >  8004 [ACK] Seq=144 Ack=358390 Win=116736 Len=0 TSval=3045562563 TSecr=2916042781"
"70528","38.710510937","192.168.1.55","192.168.1.2","TCP","1514","8004  >  36982 [ACK] Seq=469342 Ack=144 Win=65024 Len=1448 TSval=2916042791 TSecr=3045562563 [TCP segment of a reassembled PDU]"
"70529","38.710514214","192.168.1.55","192.168.1.2","TCP","1514","8004  >  36982 [PSH, ACK] Seq=470790 Ack=144 Win=65024 Len=1448 TSval=2916042791 TSecr=3045562563 [TCP segment of a reassembled PDU]"
"70530","38.710522437","192.168.1.55","192.168.1.2","TCP","1514","8004  >  36982 [ACK] Seq=472238 Ack=144 Win=65024 Len=1448 TSval=2916042791 TSecr=3045562563 [TCP segment of a reassembled PDU]"
"70531","38.710562270","192.168.1.2","192.168.1.55","TCP","66","36982  >  8004 [ACK] Seq=144 Ack=359838 Win=119808 Len=0 TSval=3045562565 TSecr=2916042788"
"70532","38.710593363","192.168.1.55","192.168.1.2","TCP","1514","8004  >  36982 [ACK] Seq=473686 Ack=144 Win=65024 Len=1448 TSval=2916042791 TSecr=3045562565 [TCP segment of a reassembled PDU]"
"70533","38.710596937","192.168.1.55","192.168.1.2","TCP","1514","8004  >  36982 [ACK] Seq=475134 Ack=144 Win=65024 Len=1448 TSval=2916042791 TSecr=3045562565 [TCP segment of a reassembled PDU]"
"70534","38.710598233","192.168.1.55","192.168.1.2","TCP","1514","8004  >  36982 [ACK] Seq=476582 Ack=144 Win=65024 Len=1448 TSval=2916042791 TSecr=3045562565 [TCP segment of a reassembled PDU]"
"70535","38.710599529","192.168.1.55","192.168.1.2","TCP","1514","8004  >  36982 [PSH, ACK] Seq=478030 Ack=144 Win=65024 Len=1448 TSval=2916042791 TSecr=3045562565 [TCP segment of a reassembled PDU]"
"70536","38.710631011","192.168.1.2","192.168.1.55","TCP","66","36982  >  8004 [ACK] Seq=144 Ack=361286 Win=122880 Len=0 TSval=3045562565 TSecr=2916042788"
"70537","38.710642215","192.168.1.55","192.168.1.2","TCP","1514","8004  >  36982 [ACK] Seq=479478 Ack=144 Win=65024 Len=1448 TSval=2916042791 TSecr=3045562565 [TCP segment of a reassembled PDU]"
"70538","38.710644067","192.168.1.55","192.168.1.2","TCP","1514","8004  >  36982 [ACK] Seq=480926 Ack=144 Win=65024 Len=1448 TSval=2916042791 TSecr=3045562565 [TCP segment of a reassembled PDU]"
"70539","38.710645437","192.168.1.55","192.168.1.2","TCP","1514","8004  >  36982 [PSH, ACK] Seq=482374 Ack=144 Win=65024 Len=1448 TSval=2916042791 TSecr=3045562565 [TCP segment of a reassembled PDU]"
"70540","38.716168742","192.168.1.2","192.168.1.55","TCP","66","36982  >  8004 [ACK] Seq=144 Ack=362734 Win=125952 Len=0 TSval=3045562572 TSecr=2916042788"
"70541","38.716178779","192.168.1.55","192.168.1.2","TCP","1514","8004  >  36982 [ACK] Seq=483822 Ack=144 Win=65024 Len=1448 TSval=2916042796 TSecr=3045562572 [TCP segment of a reassembled PDU]"
"70542","38.716181427","192.168.1.55","192.168.1.2","TCP","1514","8004  >  36982 [ACK] Seq=485270 Ack=144 Win=65024 Len=1448 TSval=2916042796 TSecr=3045562572 [TCP segment of a reassembled PDU]"
"70543","38.716182705","192.168.1.55","192.168.1.2","TCP","1514","8004  >  36982 [PSH, ACK] Seq=486718 Ack=144 Win=65024 Len=1448 TSval=2916042796 TSecr=3045562572 [TCP segment of a reassembled PDU]"
"70544","38.716676428","192.168.1.2","192.168.1.55","TCP","66","36982  >  8004 [ACK] Seq=144 Ack=381558 Win=154624 Len=0 TSval=3045562572 TSecr=2916042789"
"70545","38.716689410","192.168.1.55","192.168.1.2","TCP","1514","8004  >  36982 [ACK] Seq=488166 Ack=144 Win=65024 Len=1448 TSval=2916042797 TSecr=3045562572 [TCP segment of a reassembled PDU]"
"70546","38.716691632","192.168.1.55","192.168.1.2","TCP","1514","8004  >  36982 [ACK] Seq=489614 Ack=144 Win=65024 Len=1448 TSval=2916042797 TSecr=3045562572 [TCP segment of a reassembled PDU]"
"70547","38.716693465","192.168.1.55","192.168.1.2","TCP","1514","8004  >  36982 [ACK] Seq=491062 Ack=144 Win=65024 Len=1448 TSval=2916042797 TSecr=3045562572 [TCP segment of a reassembled PDU]"
"70548","38.716694706","192.168.1.55","192.168.1.2","TCP","1514","8004  >  36982 [ACK] Seq=492510 Ack=144 Win=65024 Len=1448 TSval=2916042797 TSecr=3045562572 [TCP segment of a reassembled PDU]"
"70549","38.716696187","192.168.1.55","192.168.1.2","TCP","1514","8004  >  36982 [ACK] Seq=493958 Ack=144 Win=65024 Len=1448 TSval=2916042797 TSecr=3045562572 [TCP segment of a reassembled PDU]"
"70550","38.716697613","192.168.1.55","192.168.1.2","TCP","1514","8004  >  36982 [ACK] Seq=495406 Ack=144 Win=65024 Len=1448 TSval=2916042797 TSecr=3045562572 [TCP segment of a reassembled PDU]"
"70551","38.716698984","192.168.1.55","192.168.1.2","TCP","1514","8004  >  36982 [PSH, ACK] Seq=496854 Ack=144 Win=65024 Len=1448 TSval=2916042797 TSecr=3045562572 [TCP segment of a reassembled PDU]"
"70552","38.716703725","192.168.1.55","192.168.1.2","HTTP","222","HTTP/1.0 200 OK  (PNG)"
"70553","38.717088003","192.168.1.2","192.168.1.55","TCP","66","36982  >  8004 [ACK] Seq=144 Ack=382462 Win=156672 Len=0 TSval=3045562572 TSecr=2916042789"
"70554","38.717094484","192.168.1.2","192.168.1.55","TCP","66","36982  >  8004 [ACK] Seq=144 Ack=427350 Win=147456 Len=0 TSval=3045562572 TSecr=2916042790"
"70555","38.717100910","192.168.1.2","192.168.1.55","TCP","66","36982  >  8004 [ACK] Seq=144 Ack=469342 Win=150528 Len=0 TSval=3045562572 TSecr=2916042790"
"70556","38.717106707","192.168.1.2","192.168.1.55","TCP","66","36982  >  8004 [ACK] Seq=144 Ack=473686 Win=146432 Len=0 TSval=3045562572 TSecr=2916042791"
"70557","38.719918137","192.168.1.2","192.168.1.55","TCP","66","36982  >  8004 [ACK] Seq=144 Ack=479478 Win=165888 Len=0 TSval=3045562574 TSecr=2916042791"
"70558","38.720072693","192.168.1.2","192.168.1.55","TCP","66","36982  >  8004 [ACK] Seq=144 Ack=483822 Win=174080 Len=0 TSval=3045562574 TSecr=2916042791"
"70559","38.720079137","192.168.1.2","192.168.1.55","TCP","66","36982  >  8004 [ACK] Seq=144 Ack=488166 Win=175104 Len=0 TSval=3045562574 TSecr=2916042796"
"70560","38.720084100","192.168.1.2","192.168.1.55","TCP","66","36982  >  8004 [ACK] Seq=144 Ack=495406 Win=178176 Len=0 TSval=3045562574 TSecr=2916042797"
"70561","38.720196934","192.168.1.2","192.168.1.55","TCP","66","36982  >  8004 [ACK] Seq=144 Ack=496854 Win=181248 Len=0 TSval=3045562575 TSecr=2916042797"
"70562","38.720202971","192.168.1.2","192.168.1.55","TCP","66","36982  >  8004 [ACK] Seq=144 Ack=498302 Win=184320 Len=0 TSval=3045562575 TSecr=2916042797"
"70563","38.721827492","192.168.1.2","192.168.1.55","TCP","66","36982  >  8004 [FIN, ACK] Seq=144 Ack=498459 Win=187392 Len=0 TSval=3045562576 TSecr=2916042797"
"70564","38.721838862","192.168.1.55","192.168.1.2","TCP","66","8004  >  36982 [ACK] Seq=498459 Ack=145 Win=65024 Len=0 TSval=2916042802 TSecr=3045562576"
"70565","38.722124344","192.168.1.2","192.168.1.55","TCP","74","36994  >  8004 [SYN] Seq=0 Win=64240 Len=0 MSS=1460 SACK_PERM TSval=3045562577 TSecr=0 WS=1024"
"70566","38.722149104","192.168.1.55","192.168.1.2","TCP","74","8004  >  36994 [SYN, ACK] Seq=0 Ack=1 Win=65160 Len=0 MSS=1460 SACK_PERM TSval=2916042802 TSecr=3045562577 WS=128"
"70567","38.724777978","192.168.1.2","192.168.1.55","TCP","66","36994  >  8004 [ACK] Seq=1 Ack=1 Win=64512 Len=0 TSval=3045562580 TSecr=2916042802"
"70568","38.728017836","192.168.1.2","192.168.1.55","HTTP","206","GET /stego_benchmark.png HTTP/1.1 "
"70569","38.728028224","192.168.1.55","192.168.1.2","TCP","66","8004  >  36994 [ACK] Seq=1 Ack=141 Win=65024 Len=0 TSval=2916042808 TSecr=3045562580"
"70570","38.728513299","192.168.1.55","192.168.1.2","TCP","255","8004  >  36994 [PSH, ACK] Seq=1 Ack=141 Win=65024 Len=189 TSval=2916042809 TSecr=3045562580 [TCP segment of a reassembled PDU]"
"70571","38.728590670","192.168.1.55","192.168.1.2","TCP","1514","8004  >  36994 [ACK] Seq=190 Ack=141 Win=65024 Len=1448 TSval=2916042809 TSecr=3045562580 [TCP segment of a reassembled PDU]"
"70572","38.728595503","192.168.1.55","192.168.1.2","TCP","1514","8004  >  36994 [ACK] Seq=1638 Ack=141 Win=65024 Len=1448 TSval=2916042809 TSecr=3045562580 [TCP segment of a reassembled PDU]"
"70573","38.728596873","192.168.1.55","192.168.1.2","TCP","1514","8004  >  36994 [ACK] Seq=3086 Ack=141 Win=65024 Len=1448 TSval=2916042809 TSecr=3045562580 [TCP segment of a reassembled PDU]"
"70574","38.728598151","192.168.1.55","192.168.1.2","TCP","1514","8004  >  36994 [ACK] Seq=4534 Ack=141 Win=65024 Len=1448 TSval=2916042809 TSecr=3045562580 [TCP segment of a reassembled PDU]"
"70575","38.728599985","192.168.1.55","192.168.1.2","TCP","1514","8004  >  36994 [PSH, ACK] Seq=5982 Ack=141 Win=65024 Len=1448 TSval=2916042809 TSecr=3045562580 [TCP segment of a reassembled PDU]"
"70576","38.728616911","192.168.1.55","192.168.1.2","TCP","1514","8004  >  36994 [ACK] Seq=7430 Ack=141 Win=65024 Len=1448 TSval=2916042809 TSecr=3045562580 [TCP segment of a reassembled PDU]"
"70577","38.728618762","192.168.1.55","192.168.1.2","TCP","1514","8004  >  36994 [ACK] Seq=8878 Ack=141 Win=65024 Len=1448 TSval=2916042809 TSecr=3045562580 [TCP segment of a reassembled PDU]"
"70578","38.728620059","192.168.1.55","192.168.1.2","TCP","1514","8004  >  36994 [ACK] Seq=10326 Ack=141 Win=65024 Len=1448 TSval=2916042809 TSecr=3045562580 [TCP segment of a reassembled PDU]"
"70579","38.728621725","192.168.1.55","192.168.1.2","TCP","1514","8004  >  36994 [PSH, ACK] Seq=11774 Ack=141 Win=65024 Len=1448 TSval=2916042809 TSecr=3045562580 [TCP segment of a reassembled PDU]"
"70580","38.732007990","192.168.1.2","192.168.1.55","TCP","66","36994  >  8004 [ACK] Seq=141 Ack=190 Win=64512 Len=0 TSval=3045562586 TSecr=2916042809"
"70581","38.732040564","192.168.1.55","192.168.1.2","TCP","1514","8004  >  36994 [ACK] Seq=13222 Ack=141 Win=65024 Len=1448 TSval=2916042812 TSecr=3045562586 [TCP segment of a reassembled PDU]"
"70582","38.732044972","192.168.1.55","192.168.1.2","TCP","1514","8004  >  36994 [PSH, ACK] Seq=14670 Ack=141 Win=65024 Len=1448 TSval=2916042812 TSecr=3045562586 [TCP segment of a reassembled PDU]"
"70583","38.732116750","192.168.1.2","192.168.1.55","TCP","66","36994  >  8004 [ACK] Seq=141 Ack=3086 Win=70656 Len=0 TSval=3045562586 TSecr=2916042809"
"70584","38.732126490","192.168.1.2","192.168.1.55","TCP","66","36994  >  8004 [ACK] Seq=141 Ack=5982 Win=76800 Len=0 TSval=3045562586 TSecr=2916042809"
"70585","38.732150416","192.168.1.55","192.168.1.2","TCP","1514","8004  >  36994 [ACK] Seq=16118 Ack=141 Win=65024 Len=1448 TSval=2916042812 TSecr=3045562586 [TCP segment of a reassembled PDU]"
"70586","38.732154490","192.168.1.55","192.168.1.2","TCP","1514","8004  >  36994 [ACK] Seq=17566 Ack=141 Win=65024 Len=1448 TSval=2916042812 TSecr=3045562586 [TCP segment of a reassembled PDU]"
"70587","38.732156676","192.168.1.55","192.168.1.2","TCP","1514","8004  >  36994 [ACK] Seq=19014 Ack=141 Win=65024 Len=1448 TSval=2916042812 TSecr=3045562586 [TCP segment of a reassembled PDU]"
"70588","38.732158990","192.168.1.55","192.168.1.2","TCP","1514","8004  >  36994 [ACK] Seq=20462 Ack=141 Win=65024 Len=1448 TSval=2916042812 TSecr=3045562586 [TCP segment of a reassembled PDU]"
"70589","38.732161676","192.168.1.55","192.168.1.2","TCP","1514","8004  >  36994 [ACK] Seq=21910 Ack=141 Win=65024 Len=1448 TSval=2916042812 TSecr=3045562586 [TCP segment of a reassembled PDU]"
"70590","38.732163324","192.168.1.55","192.168.1.2","TCP","1514","8004  >  36994 [ACK] Seq=23358 Ack=141 Win=65024 Len=1448 TSval=2916042812 TSecr=3045562586 [TCP segment of a reassembled PDU]"
"70591","38.732165527","192.168.1.55","192.168.1.2","TCP","1514","8004  >  36994 [PSH, ACK] Seq=24806 Ack=141 Win=65024 Len=1448 TSval=2916042812 TSecr=3045562586 [TCP segment of a reassembled PDU]"
"70592","38.734758291","192.168.1.2","192.168.1.55","TCP","66","36994  >  8004 [ACK] Seq=141 Ack=7430 Win=79872 Len=0 TSval=3045562587 TSecr=2916042809"
"70593","38.734793143","192.168.1.55","192.168.1.2","TCP","1514","8004  >  36994 [ACK] Seq=26254 Ack=141 Win=65024 Len=1448 TSval=2916042815 TSecr=3045562587 [TCP segment of a reassembled PDU]"
"70594","38.734798217","192.168.1.55","192.168.1.2","TCP","1514","8004  >  36994 [ACK] Seq=27702 Ack=141 Win=65024 Len=1448 TSval=2916042815 TSecr=3045562587 [TCP segment of a reassembled PDU]"
"70595","38.734799791","192.168.1.55","192.168.1.2","TCP","1514","8004  >  36994 [PSH, ACK] Seq=29150 Ack=141 Win=65024 Len=1448 TSval=2916042815 TSecr=3045562587 [TCP segment of a reassembled PDU]"
"70596","38.734831921","192.168.1.2","192.168.1.55","TCP","66","36994  >  8004 [ACK] Seq=141 Ack=13222 Win=79872 Len=0 TSval=3045562587 TSecr=2916042809"
"70597","38.734853550","192.168.1.55","192.168.1.2","TCP","1514","8004  >  36994 [ACK] Seq=30598 Ack=141 Win=65024 Len=1448 TSval=2916042815 TSecr=3045562587 [TCP segment of a reassembled PDU]"
"70598","38.734855532","192.168.1.55","192.168.1.2","TCP","1514","8004  >  36994 [ACK] Seq=32046 Ack=141 Win=65024 Len=1448 TSval=2916042815 TSecr=3045562587 [TCP segment of a reassembled PDU]"
"70599","38.734857161","192.168.1.55","192.168.1.2","TCP","1514","8004  >  36994 [ACK] Seq=33494 Ack=141 Win=65024 Len=1448 TSval=2916042815 TSecr=3045562587 [TCP segment of a reassembled PDU]"
"70600","38.734858884","192.168.1.55","192.168.1.2","TCP","1514","8004  >  36994 [ACK] Seq=34942 Ack=141 Win=65024 Len=1448 TSval=2916042815 TSecr=3045562587 [TCP segment of a reassembled PDU]"
"70601","38.734860328","192.168.1.55","192.168.1.2","TCP","1514","8004  >  36994 [ACK] Seq=36390 Ack=141 Win=65024 Len=1448 TSval=2916042815 TSecr=3045562587 [TCP segment of a reassembled PDU]"
"70602","38.734862069","192.168.1.55","192.168.1.2","TCP","1514","8004  >  36994 [ACK] Seq=37838 Ack=141 Win=65024 Len=1448 TSval=2916042815 TSecr=3045562587 [TCP segment of a reassembled PDU]"
"70603","38.734863810","192.168.1.55","192.168.1.2","TCP","1514","8004  >  36994 [ACK] Seq=39286 Ack=141 Win=65024 Len=1448 TSval=2916042815 TSecr=3045562587 [TCP segment of a reassembled PDU]"
"70604","38.734865328","192.168.1.55","192.168.1.2","TCP","1514","8004  >  36994 [PSH, ACK] Seq=40734 Ack=141 Win=65024 Len=1448 TSval=2916042815 TSecr=3045562587 [TCP segment of a reassembled PDU]"
"70605","38.736316497","192.168.1.2","192.168.1.55","TCP","66","36994  >  8004 [ACK] Seq=141 Ack=14670 Win=81920 Len=0 TSval=3045562590 TSecr=2916042812"
"70606","38.736337553","192.168.1.55","192.168.1.2","TCP","1514","8004  >  36994 [ACK] Seq=42182 Ack=141 Win=65024 Len=1448 TSval=2916042817 TSecr=3045562590 [TCP segment of a reassembled PDU]"
"70607","38.736343238","192.168.1.55","192.168.1.2","TCP","1514","8004  >  36994 [PSH, ACK] Seq=43630 Ack=141 Win=65024 Len=1448 TSval=2916042817 TSecr=3045562590 [TCP segment of a reassembled PDU]"
"70608","38.736417090","192.168.1.2","192.168.1.55","TCP","66","36994  >  8004 [ACK] Seq=141 Ack=16118 Win=84992 Len=0 TSval=3045562591 TSecr=2916042812"
"70609","38.736427997","192.168.1.2","192.168.1.55","TCP","66","36994  >  8004 [ACK] Seq=141 Ack=26254 Win=81920 Len=0 TSval=3045562591 TSecr=2916042812"
"70610","38.736455831","192.168.1.55","192.168.1.2","TCP","1514","8004  >  36994 [ACK] Seq=45078 Ack=141 Win=65024 Len=1448 TSval=2916042817 TSecr=3045562591 [TCP segment of a reassembled PDU]"
"70611","38.736459238","192.168.1.55","192.168.1.2","TCP","1514","8004  >  36994 [ACK] Seq=46526 Ack=141 Win=65024 Len=1448 TSval=2916042817 TSecr=3045562591 [TCP segment of a reassembled PDU]"
"70612","38.736460664","192.168.1.55","192.168.1.2","TCP","1514","8004  >  36994 [ACK] Seq=47974 Ack=141 Win=65024 Len=1448 TSval=2916042817 TSecr=3045562591 [TCP segment of a reassembled PDU]"
"70613","38.736462164","192.168.1.55","192.168.1.2","TCP","1514","8004  >  36994 [ACK] Seq=49422 Ack=141 Win=65024 Len=1448 TSval=2916042817 TSecr=3045562591 [TCP segment of a reassembled PDU]"
"70614","38.736464664","192.168.1.55","192.168.1.2","TCP","1514","8004  >  36994 [ACK] Seq=50870 Ack=141 Win=65024 Len=1448 TSval=2916042817 TSecr=3045562591 [TCP segment of a reassembled PDU]"
"70615","38.736466701","192.168.1.55","192.168.1.2","TCP","1514","8004  >  36994 [ACK] Seq=52318 Ack=141 Win=65024 Len=1448 TSval=2916042817 TSecr=3045562591 [TCP segment of a reassembled PDU]"
"70616","38.736468442","192.168.1.55","192.168.1.2","TCP","1514","8004  >  36994 [ACK] Seq=53766 Ack=141 Win=65024 Len=1448 TSval=2916042817 TSecr=3045562591 [TCP segment of a reassembled PDU]"
"70617","38.736470071","192.168.1.55","192.168.1.2","TCP","1514","8004  >  36994 [ACK] Seq=55214 Ack=141 Win=65024 Len=1448 TSval=2916042817 TSecr=3045562591 [TCP segment of a reassembled PDU]"
"70618","38.736471553","192.168.1.55","192.168.1.2","TCP","1514","8004  >  36994 [ACK] Seq=56662 Ack=141 Win=65024 Len=1448 TSval=2916042817 TSecr=3045562591 [TCP segment of a reassembled PDU]"
"70619","38.736473997","192.168.1.55","192.168.1.2","TCP","1514","8004  >  36994 [ACK] Seq=58110 Ack=141 Win=65024 Len=1448 TSval=2916042817 TSecr=3045562591 [TCP segment of a reassembled PDU]"
"70620","38.736475664","192.168.1.55","192.168.1.2","TCP","1514","8004  >  36994 [ACK] Seq=59558 Ack=141 Win=65024 Len=1448 TSval=2916042817 TSecr=3045562591 [TCP segment of a reassembled PDU]"
"70621","38.736477127","192.168.1.55","192.168.1.2","TCP","1514","8004  >  36994 [ACK] Seq=61006 Ack=141 Win=65024 Len=1448 TSval=2916042817 TSecr=3045562591 [TCP segment of a reassembled PDU]"
"70622","38.736479405","192.168.1.55","192.168.1.2","TCP","1514","8004  >  36994 [ACK] Seq=62454 Ack=141 Win=65024 Len=1448 TSval=2916042817 TSecr=3045562591 [TCP segment of a reassembled PDU]"
"70623","38.736481238","192.168.1.55","192.168.1.2","TCP","1514","8004  >  36994 [PSH, ACK] Seq=63902 Ack=141 Win=65024 Len=1448 TSval=2916042817 TSecr=3045562591 [TCP segment of a reassembled PDU]"
"70624","38.736492609","192.168.1.55","192.168.1.2","TCP","1514","8004  >  36994 [ACK] Seq=65350 Ack=141 Win=65024 Len=1448 TSval=2916042817 TSecr=3045562591 [TCP segment of a reassembled PDU]"
"70625","38.736494738","192.168.1.55","192.168.1.2","TCP","1514","8004  >  36994 [PSH, ACK] Seq=66798 Ack=141 Win=65024 Len=1448 TSval=2916042817 TSecr=3045562591 [TCP segment of a reassembled PDU]"
"70626","38.741316005","192.168.1.2","192.168.1.55","TCP","66","36994  >  8004 [ACK] Seq=141 Ack=30598 Win=89088 Len=0 TSval=3045562595 TSecr=2916042815"
"70627","38.741362913","192.168.1.55","192.168.1.2","TCP","1514","8004  >  36994 [ACK] Seq=68246 Ack=141 Win=65024 Len=1448 TSval=2916042822 TSecr=3045562595 [TCP segment of a reassembled PDU]"
"70628","38.741368579","192.168.1.55","192.168.1.2","TCP","1514","8004  >  36994 [ACK] Seq=69694 Ack=141 Win=65024 Len=1448 TSval=2916042822 TSecr=3045562595 [TCP segment of a reassembled PDU]"
"70629","38.741370302","192.168.1.55","192.168.1.2","TCP","1514","8004  >  36994 [ACK] Seq=71142 Ack=141 Win=65024 Len=1448 TSval=2916042822 TSecr=3045562595 [TCP segment of a reassembled PDU]"
"70630","38.741371765","192.168.1.55","192.168.1.2","TCP","1514","8004  >  36994 [ACK] Seq=72590 Ack=141 Win=65024 Len=1448 TSval=2916042822 TSecr=3045562595 [TCP segment of a reassembled PDU]"
"70631","38.741373265","192.168.1.55","192.168.1.2","TCP","1514","8004  >  36994 [ACK] Seq=74038 Ack=141 Win=65024 Len=1448 TSval=2916042822 TSecr=3045562595 [TCP segment of a reassembled PDU]"
"70632","38.741374728","192.168.1.55","192.168.1.2","TCP","1514","8004  >  36994 [PSH, ACK] Seq=75486 Ack=141 Win=65024 Len=1448 TSval=2916042822 TSecr=3045562595 [TCP segment of a reassembled PDU]"
"70633","38.741763302","192.168.1.2","192.168.1.55","TCP","66","36994  >  8004 [ACK] Seq=141 Ack=42182 Win=77824 Len=0 TSval=3045562595 TSecr=2916042815"
"70634","38.741811858","192.168.1.55","192.168.1.2","TCP","1514","8004  >  36994 [ACK] Seq=76934 Ack=141 Win=65024 Len=1448 TSval=2916042822 TSecr=3045562595 [TCP segment of a reassembled PDU]"
"70635","38.741816932","192.168.1.55","192.168.1.2","TCP","1514","8004  >  36994 [ACK] Seq=78382 Ack=141 Win=65024 Len=1448 TSval=2916042822 TSecr=3045562595 [TCP segment of a reassembled PDU]"
"70636","38.741818302","192.168.1.55","192.168.1.2","TCP","1514","8004  >  36994 [ACK] Seq=79830 Ack=141 Win=65024 Len=1448 TSval=2916042822 TSecr=3045562595 [TCP segment of a reassembled PDU]"
"70637","38.741819802","192.168.1.55","192.168.1.2","TCP","1514","8004  >  36994 [ACK] Seq=81278 Ack=141 Win=65024 Len=1448 TSval=2916042822 TSecr=3045562595 [TCP segment of a reassembled PDU]"
"70638","38.741821265","192.168.1.55","192.168.1.2","TCP","1514","8004  >  36994 [ACK] Seq=82726 Ack=141 Win=65024 Len=1448 TSval=2916042822 TSecr=3045562595 [TCP segment of a reassembled PDU]"
"70639","38.741822710","192.168.1.55","192.168.1.2","TCP","1514","8004  >  36994 [ACK] Seq=84174 Ack=141 Win=65024 Len=1448 TSval=2916042822 TSecr=3045562595 [TCP segment of a reassembled PDU]"
"70640","38.741824506","192.168.1.55","192.168.1.2","TCP","1514","8004  >  36994 [ACK] Seq=85622 Ack=141 Win=65024 Len=1448 TSval=2916042822 TSecr=3045562595 [TCP segment of a reassembled PDU]"
"70641","38.741826562","192.168.1.55","192.168.1.2","TCP","1514","8004  >  36994 [ACK] Seq=87070 Ack=141 Win=65024 Len=1448 TSval=2916042822 TSecr=3045562595 [TCP segment of a reassembled PDU]"
"70642","38.741828377","192.168.1.55","192.168.1.2","TCP","1514","8004  >  36994 [ACK] Seq=88518 Ack=141 Win=65024 Len=1448 TSval=2916042822 TSecr=3045562595 [TCP segment of a reassembled PDU]"
"70643","38.741830228","192.168.1.55","192.168.1.2","TCP","1514","8004  >  36994 [ACK] Seq=89966 Ack=141 Win=65024 Len=1448 TSval=2916042822 TSecr=3045562595 [TCP segment of a reassembled PDU]"
"70644","38.741831691","192.168.1.55","192.168.1.2","TCP","1514","8004  >  36994 [ACK] Seq=91414 Ack=141 Win=65024 Len=1448 TSval=2916042822 TSecr=3045562595 [TCP segment of a reassembled PDU]"
"70645","38.741833284","192.168.1.55","192.168.1.2","TCP","1514","8004  >  36994 [ACK] Seq=92862 Ack=141 Win=65024 Len=1448 TSval=2916042822 TSecr=3045562595 [TCP segment of a reassembled PDU]"
"70646","38.741835895","192.168.1.55","192.168.1.2","TCP","1514","8004  >  36994 [ACK] Seq=94310 Ack=141 Win=65024 Len=1448 TSval=2916042822 TSecr=3045562595 [TCP segment of a reassembled PDU]"
"70647","38.741837765","192.168.1.55","192.168.1.2","TCP","1514","8004  >  36994 [ACK] Seq=95758 Ack=141 Win=65024 Len=1448 TSval=2916042822 TSecr=3045562595 [TCP segment of a reassembled PDU]"
"70648","38.741839506","192.168.1.55","192.168.1.2","TCP","1514","8004  >  36994 [ACK] Seq=97206 Ack=141 Win=65024 Len=1448 TSval=2916042822 TSecr=3045562595 [TCP segment of a reassembled PDU]"
"70649","38.741841043","192.168.1.55","192.168.1.2","TCP","1514","8004  >  36994 [PSH, ACK] Seq=98654 Ack=141 Win=65024 Len=1448 TSval=2916042822 TSecr=3045562595 [TCP segment of a reassembled PDU]"
"70650","38.741846414","192.168.1.2","192.168.1.55","TCP","66","36994  >  8004 [ACK] Seq=141 Ack=45078 Win=75776 Len=0 TSval=3045562595 TSecr=2916042817"
"70651","38.741856247","192.168.1.2","192.168.1.55","TCP","66","36994  >  8004 [ACK] Seq=141 Ack=49422 Win=71680 Len=0 TSval=3045562595 TSecr=2916042817"
"70652","38.741862136","192.168.1.2","192.168.1.55","TCP","66","36994  >  8004 [ACK] Seq=141 Ack=63902 Win=79872 Len=0 TSval=3045562596 TSecr=2916042817"
"70653","38.741892173","192.168.1.55","192.168.1.2","TCP","1514","8004  >  36994 [ACK] Seq=100102 Ack=141 Win=65024 Len=1448 TSval=2916042822 TSecr=3045562596 [TCP segment of a reassembled PDU]"
"70654","38.741895358","192.168.1.55","192.168.1.2","TCP","1514","8004  >  36994 [ACK] Seq=101550 Ack=141 Win=65024 Len=1448 TSval=2916042822 TSecr=3045562596 [TCP segment of a reassembled PDU]"
"70655","38.741897043","192.168.1.55","192.168.1.2","TCP","1514","8004  >  36994 [ACK] Seq=102998 Ack=141 Win=65024 Len=1448 TSval=2916042822 TSecr=3045562596 [TCP segment of a reassembled PDU]"
"70656","38.741898395","192.168.1.55","192.168.1.2","TCP","1514","8004  >  36994 [ACK] Seq=104446 Ack=141 Win=65024 Len=1448 TSval=2916042822 TSecr=3045562596 [TCP segment of a reassembled PDU]"
"70657","38.741899840","192.168.1.55","192.168.1.2","TCP","1514","8004  >  36994 [ACK] Seq=105894 Ack=141 Win=65024 Len=1448 TSval=2916042822 TSecr=3045562596 [TCP segment of a reassembled PDU]"
"70658","38.741901858","192.168.1.55","192.168.1.2","TCP","1514","8004  >  36994 [ACK] Seq=107342 Ack=141 Win=65024 Len=1448 TSval=2916042822 TSecr=3045562596 [TCP segment of a reassembled PDU]"
"70659","38.741903543","192.168.1.55","192.168.1.2","TCP","1514","8004  >  36994 [ACK] Seq=108790 Ack=141 Win=65024 Len=1448 TSval=2916042822 TSecr=3045562596 [TCP segment of a reassembled PDU]"
"70660","38.741905284","192.168.1.55","192.168.1.2","TCP","1514","8004  >  36994 [ACK] Seq=110238 Ack=141 Win=65024 Len=1448 TSval=2916042822 TSecr=3045562596 [TCP segment of a reassembled PDU]"
"70661","38.741906747","192.168.1.55","192.168.1.2","TCP","1514","8004  >  36994 [ACK] Seq=111686 Ack=141 Win=65024 Len=1448 TSval=2916042822 TSecr=3045562596 [TCP segment of a reassembled PDU]"
"70662","38.741908173","192.168.1.55","192.168.1.2","TCP","1514","8004  >  36994 [ACK] Seq=113134 Ack=141 Win=65024 Len=1448 TSval=2916042822 TSecr=3045562596 [TCP segment of a reassembled PDU]"
"70663","38.741909617","192.168.1.55","192.168.1.2","TCP","1514","8004  >  36994 [ACK] Seq=114582 Ack=141 Win=65024 Len=1448 TSval=2916042822 TSecr=3045562596 [TCP segment of a reassembled PDU]"
"70664","38.741911025","192.168.1.55","192.168.1.2","TCP","1514","8004  >  36994 [ACK] Seq=116030 Ack=141 Win=65024 Len=1448 TSval=2916042822 TSecr=3045562596 [TCP segment of a reassembled PDU]"
"70665","38.741912432","192.168.1.55","192.168.1.2","TCP","1514","8004  >  36994 [PSH, ACK] Seq=117478 Ack=141 Win=65024 Len=1448 TSval=2916042822 TSecr=3045562596 [TCP segment of a reassembled PDU]"
"70666","38.741974506","192.168.1.2","192.168.1.55","TCP","66","36994  >  8004 [ACK] Seq=141 Ack=65350 Win=78848 Len=0 TSval=3045562596 TSecr=2916042817"
"70667","38.741980025","192.168.1.2","192.168.1.55","TCP","66","36994  >  8004 [ACK] Seq=141 Ack=68246 Win=76800 Len=0 TSval=3045562596 TSecr=2916042817"
"70668","38.742063303","192.168.1.55","192.168.1.2","TCP","1514","8004  >  36994 [ACK] Seq=118926 Ack=141 Win=65024 Len=1448 TSval=2916042822 TSecr=3045562596 [TCP segment of a reassembled PDU]"
"70669","38.742068340","192.168.1.55","192.168.1.2","TCP","1514","8004  >  36994 [ACK] Seq=120374 Ack=141 Win=65024 Len=1448 TSval=2916042822 TSecr=3045562596 [TCP segment of a reassembled PDU]"
"70670","38.742069969","192.168.1.55","192.168.1.2","TCP","1514","8004  >  36994 [ACK] Seq=121822 Ack=141 Win=65024 Len=1448 TSval=2916042822 TSecr=3045562596 [TCP segment of a reassembled PDU]"
"70671","38.742072210","192.168.1.55","192.168.1.2","TCP","1514","8004  >  36994 [ACK] Seq=123270 Ack=141 Win=65024 Len=1448 TSval=2916042822 TSecr=3045562596 [TCP segment of a reassembled PDU]"
"70672","38.742074099","192.168.1.55","192.168.1.2","TCP","1514","8004  >  36994 [ACK] Seq=124718 Ack=141 Win=65024 Len=1448 TSval=2916042822 TSecr=3045562596 [TCP segment of a reassembled PDU]"
"70673","38.742075895","192.168.1.55","192.168.1.2","TCP","1514","8004  >  36994 [ACK] Seq=126166 Ack=141 Win=65024 Len=1448 TSval=2916042822 TSecr=3045562596 [TCP segment of a reassembled PDU]"
"70674","38.742077340","192.168.1.55","192.168.1.2","TCP","1514","8004  >  36994 [ACK] Seq=127614 Ack=141 Win=65024 Len=1448 TSval=2916042822 TSecr=3045562596 [TCP segment of a reassembled PDU]"
"70675","38.742078970","192.168.1.55","192.168.1.2","TCP","1514","8004  >  36994 [ACK] Seq=129062 Ack=141 Win=65024 Len=1448 TSval=2916042822 TSecr=3045562596 [TCP segment of a reassembled PDU]"
"70676","38.742081507","192.168.1.55","192.168.1.2","TCP","1514","8004  >  36994 [ACK] Seq=130510 Ack=141 Win=65024 Len=1448 TSval=2916042822 TSecr=3045562596 [TCP segment of a reassembled PDU]"
"70677","38.742083618","192.168.1.55","192.168.1.2","TCP","1514","8004  >  36994 [ACK] Seq=131958 Ack=141 Win=65024 Len=1448 TSval=2916042822 TSecr=3045562596 [TCP segment of a reassembled PDU]"
"70678","38.742085062","192.168.1.55","192.168.1.2","TCP","1514","8004  >  36994 [ACK] Seq=133406 Ack=141 Win=65024 Len=1448 TSval=2916042822 TSecr=3045562596 [TCP segment of a reassembled PDU]"
"70679","38.742086581","192.168.1.55","192.168.1.2","TCP","1514","8004  >  36994 [ACK] Seq=134854 Ack=141 Win=65024 Len=1448 TSval=2916042822 TSecr=3045562596 [TCP segment of a reassembled PDU]"
"70680","38.742088747","192.168.1.55","192.168.1.2","TCP","1514","8004  >  36994 [ACK] Seq=136302 Ack=141 Win=65024 Len=1448 TSval=2916042822 TSecr=3045562596 [TCP segment of a reassembled PDU]"
"70681","38.742090544","192.168.1.55","192.168.1.2","TCP","1514","8004  >  36994 [ACK] Seq=137750 Ack=141 Win=65024 Len=1448 TSval=2916042822 TSecr=3045562596 [TCP segment of a reassembled PDU]"
"70682","38.742092210","192.168.1.55","192.168.1.2","TCP","1514","8004  >  36994 [ACK] Seq=139198 Ack=141 Win=65024 Len=1448 TSval=2916042822 TSecr=3045562596 [TCP segment of a reassembled PDU]"
"70683","38.742094247","192.168.1.55","192.168.1.2","TCP","1514","8004  >  36994 [ACK] Seq=140646 Ack=141 Win=65024 Len=1448 TSval=2916042822 TSecr=3045562596 [TCP segment of a reassembled PDU]"
"70684","38.742095747","192.168.1.55","192.168.1.2","TCP","1514","8004  >  36994 [ACK] Seq=142094 Ack=141 Win=65024 Len=1448 TSval=2916042822 TSecr=3045562596 [TCP segment of a reassembled PDU]"
"70685","38.742097229","192.168.1.55","192.168.1.2","TCP","1514","8004  >  36994 [ACK] Seq=143542 Ack=141 Win=65024 Len=1448 TSval=2916042822 TSecr=3045562596 [TCP segment of a reassembled PDU]"
"70686","38.742098803","192.168.1.55","192.168.1.2","TCP","122","[TCP Window Full] 8004  >  36994 [PSH, ACK] Seq=144990 Ack=141 Win=65024 Len=56 TSval=2916042822 TSecr=3045562596 [TCP segment of a reassembled PDU]"
"70687","38.748404202","192.168.1.2","192.168.1.55","TCP","66","36994  >  8004 [ACK] Seq=141 Ack=69694 Win=90112 Len=0 TSval=3045562598 TSecr=2916042822"
"70688","38.748419295","192.168.1.55","192.168.1.2","TCP","1514","8004  >  36994 [ACK] Seq=145046 Ack=141 Win=65024 Len=1448 TSval=2916042829 TSecr=3045562598 [TCP segment of a reassembled PDU]"
"70689","38.748421535","192.168.1.55","192.168.1.2","TCP","1514","8004  >  36994 [ACK] Seq=146494 Ack=141 Win=65024 Len=1448 TSval=2916042829 TSecr=3045562598 [TCP segment of a reassembled PDU]"
"70690","38.748423072","192.168.1.55","192.168.1.2","TCP","1514","8004  >  36994 [ACK] Seq=147942 Ack=141 Win=65024 Len=1448 TSval=2916042829 TSecr=3045562598 [TCP segment of a reassembled PDU]"
"70691","38.748424313","192.168.1.55","192.168.1.2","TCP","1514","8004  >  36994 [ACK] Seq=149390 Ack=141 Win=65024 Len=1448 TSval=2916042829 TSecr=3045562598 [TCP segment of a reassembled PDU]"
"70692","38.748425535","192.168.1.55","192.168.1.2","TCP","1514","8004  >  36994 [ACK] Seq=150838 Ack=141 Win=65024 Len=1448 TSval=2916042829 TSecr=3045562598 [TCP segment of a reassembled PDU]"
"70693","38.748426647","192.168.1.55","192.168.1.2","TCP","1514","8004  >  36994 [PSH, ACK] Seq=152286 Ack=141 Win=65024 Len=1448 TSval=2916042829 TSecr=3045562598 [TCP segment of a reassembled PDU]"
"70694","38.748758703","192.168.1.2","192.168.1.55","TCP","66","36994  >  8004 [ACK] Seq=141 Ack=72590 Win=90112 Len=0 TSval=3045562598 TSecr=2916042822"
"70695","38.748764906","192.168.1.2","192.168.1.55","TCP","66","36994  >  8004 [ACK] Seq=141 Ack=74038 Win=90112 Len=0 TSval=3045562602 TSecr=2916042822"
"70696","38.748772758","192.168.1.55","192.168.1.2","TCP","1514","8004  >  36994 [ACK] Seq=153734 Ack=141 Win=65024 Len=1448 TSval=2916042829 TSecr=3045562602 [TCP segment of a reassembled PDU]"
"70697","38.748774351","192.168.1.55","192.168.1.2","TCP","1514","8004  >  36994 [ACK] Seq=155182 Ack=141 Win=65024 Len=1448 TSval=2916042829 TSecr=3045562602 [TCP segment of a reassembled PDU]"
"70698","38.748775499","192.168.1.55","192.168.1.2","TCP","1514","8004  >  36994 [ACK] Seq=156630 Ack=141 Win=65024 Len=1448 TSval=2916042829 TSecr=3045562602 [TCP segment of a reassembled PDU]"
"70699","38.748776721","192.168.1.55","192.168.1.2","TCP","1514","8004  >  36994 [ACK] Seq=158078 Ack=141 Win=65024 Len=1448 TSval=2916042829 TSecr=3045562602 [TCP segment of a reassembled PDU]"
"70700","38.748777888","192.168.1.55","192.168.1.2","TCP","1458","8004  >  36994 [PSH, ACK] Seq=159526 Ack=141 Win=65024 Len=1392 TSval=2916042829 TSecr=3045562602 [TCP segment of a reassembled PDU]"
"70701","38.748781592","192.168.1.2","192.168.1.55","TCP","66","36994  >  8004 [ACK] Seq=141 Ack=76934 Win=90112 Len=0 TSval=3045562602 TSecr=2916042822"
"70702","38.748786647","192.168.1.2","192.168.1.55","TCP","66","36994  >  8004 [ACK] Seq=141 Ack=85622 Win=81920 Len=0 TSval=3045562602 TSecr=2916042822"
"70703","38.748839203","192.168.1.2","192.168.1.55","TCP","66","36994  >  8004 [ACK] Seq=141 Ack=100102 Win=79872 Len=0 TSval=3045562603 TSecr=2916042822"
"70704","38.748845925","192.168.1.2","192.168.1.55","TCP","66","36994  >  8004 [ACK] Seq=141 Ack=118926 Win=61440 Len=0 TSval=3045562603 TSecr=2916042822"
"70705","38.748850314","192.168.1.2","192.168.1.55","TCP","66","36994  >  8004 [ACK] Seq=141 Ack=145046 Win=50176 Len=0 TSval=3045562603 TSecr=2916042822"
"70706","38.748879814","192.168.1.55","192.168.1.2","TCP","1514","8004  >  36994 [ACK] Seq=160918 Ack=141 Win=65024 Len=1448 TSval=2916042829 TSecr=3045562603 [TCP segment of a reassembled PDU]"
"70707","38.748881369","192.168.1.55","192.168.1.2","TCP","1514","8004  >  36994 [ACK] Seq=162366 Ack=141 Win=65024 Len=1448 TSval=2916042829 TSecr=3045562603 [TCP segment of a reassembled PDU]"
"70708","38.748882573","192.168.1.55","192.168.1.2","TCP","1514","8004  >  36994 [ACK] Seq=163814 Ack=141 Win=65024 Len=1448 TSval=2916042829 TSecr=3045562603 [TCP segment of a reassembled PDU]"
"70709","38.748883851","192.168.1.55","192.168.1.2","TCP","1514","8004  >  36994 [ACK] Seq=165262 Ack=141 Win=65024 Len=1448 TSval=2916042829 TSecr=3045562603 [TCP segment of a reassembled PDU]"
"70710","38.748885018","192.168.1.55","192.168.1.2","TCP","1514","8004  >  36994 [ACK] Seq=166710 Ack=141 Win=65024 Len=1448 TSval=2916042829 TSecr=3045562603 [TCP segment of a reassembled PDU]"
"70711","38.748886184","192.168.1.55","192.168.1.2","TCP","1514","8004  >  36994 [ACK] Seq=168158 Ack=141 Win=65024 Len=1448 TSval=2916042829 TSecr=3045562603 [TCP segment of a reassembled PDU]"
"70712","38.748887481","192.168.1.55","192.168.1.2","TCP","1514","8004  >  36994 [ACK] Seq=169606 Ack=141 Win=65024 Len=1448 TSval=2916042829 TSecr=3045562603 [TCP segment of a reassembled PDU]"
"70713","38.748888629","192.168.1.55","192.168.1.2","TCP","1514","8004  >  36994 [ACK] Seq=171054 Ack=141 Win=65024 Len=1448 TSval=2916042829 TSecr=3045562603 [TCP segment of a reassembled PDU]"
"70714","38.748889981","192.168.1.55","192.168.1.2","TCP","1514","8004  >  36994 [ACK] Seq=172502 Ack=141 Win=65024 Len=1448 TSval=2916042829 TSecr=3045562603 [TCP segment of a reassembled PDU]"
"70715","38.748891258","192.168.1.55","192.168.1.2","TCP","1514","8004  >  36994 [ACK] Seq=173950 Ack=141 Win=65024 Len=1448 TSval=2916042829 TSecr=3045562603 [TCP segment of a reassembled PDU]"
"70716","38.748892444","192.168.1.55","192.168.1.2","TCP","1514","8004  >  36994 [ACK] Seq=175398 Ack=141 Win=65024 Len=1448 TSval=2916042829 TSecr=3045562603 [TCP segment of a reassembled PDU]"
"70717","38.748893703","192.168.1.55","192.168.1.2","TCP","1514","8004  >  36994 [ACK] Seq=176846 Ack=141 Win=65024 Len=1448 TSval=2916042829 TSecr=3045562603 [TCP segment of a reassembled PDU]"
"70718","38.748894869","192.168.1.55","192.168.1.2","TCP","1514","8004  >  36994 [ACK] Seq=178294 Ack=141 Win=65024 Len=1448 TSval=2916042829 TSecr=3045562603 [TCP segment of a reassembled PDU]"
"70719","38.748896129","192.168.1.55","192.168.1.2","TCP","1514","8004  >  36994 [ACK] Seq=179742 Ack=141 Win=65024 Len=1448 TSval=2916042829 TSecr=3045562603 [TCP segment of a reassembled PDU]"
"70720","38.748897407","192.168.1.55","192.168.1.2","TCP","1514","8004  >  36994 [ACK] Seq=181190 Ack=141 Win=65024 Len=1448 TSval=2916042829 TSecr=3045562603 [TCP segment of a reassembled PDU]"
"70721","38.748898573","192.168.1.55","192.168.1.2","TCP","1514","8004  >  36994 [ACK] Seq=182638 Ack=141 Win=65024 Len=1448 TSval=2916042829 TSecr=3045562603 [TCP segment of a reassembled PDU]"
"70722","38.748899758","192.168.1.55","192.168.1.2","TCP","1514","8004  >  36994 [ACK] Seq=184086 Ack=141 Win=65024 Len=1448 TSval=2916042829 TSecr=3045562603 [TCP segment of a reassembled PDU]"
"70723","38.748900907","192.168.1.55","192.168.1.2","TCP","1514","8004  >  36994 [ACK] Seq=185534 Ack=141 Win=65024 Len=1448 TSval=2916042829 TSecr=3045562603 [TCP segment of a reassembled PDU]"
"70724","38.748902129","192.168.1.55","192.168.1.2","TCP","1514","8004  >  36994 [ACK] Seq=186982 Ack=141 Win=65024 Len=1448 TSval=2916042829 TSecr=3045562603 [TCP segment of a reassembled PDU]"
"70725","38.748903370","192.168.1.55","192.168.1.2","TCP","1514","8004  >  36994 [ACK] Seq=188430 Ack=141 Win=65024 Len=1448 TSval=2916042829 TSecr=3045562603 [TCP segment of a reassembled PDU]"
"70726","38.748904499","192.168.1.55","192.168.1.2","TCP","1514","8004  >  36994 [ACK] Seq=189878 Ack=141 Win=65024 Len=1448 TSval=2916042829 TSecr=3045562603 [TCP segment of a reassembled PDU]"
"70727","38.748905795","192.168.1.55","192.168.1.2","TCP","1514","8004  >  36994 [ACK] Seq=191326 Ack=141 Win=65024 Len=1448 TSval=2916042829 TSecr=3045562603 [TCP segment of a reassembled PDU]"
"70728","38.748906925","192.168.1.55","192.168.1.2","TCP","1514","8004  >  36994 [PSH, ACK] Seq=192774 Ack=141 Win=65024 Len=1448 TSval=2916042829 TSecr=3045562603 [TCP segment of a reassembled PDU]"
"70729","38.753141747","192.168.1.2","192.168.1.55","TCP","66","36994  >  8004 [ACK] Seq=141 Ack=152286 Win=83968 Len=0 TSval=3045562606 TSecr=2916042829"
"70730","38.753188599","192.168.1.55","192.168.1.2","TCP","1514","8004  >  36994 [ACK] Seq=194222 Ack=141 Win=65024 Len=1448 TSval=2916042833 TSecr=3045562606 [TCP segment of a reassembled PDU]"
"70731","38.753192969","192.168.1.55","192.168.1.2","TCP","1514","8004  >  36994 [ACK] Seq=195670 Ack=141 Win=65024 Len=1448 TSval=2916042833 TSecr=3045562606 [TCP segment of a reassembled PDU]"
"70732","38.753194247","192.168.1.55","192.168.1.2","TCP","1514","8004  >  36994 [ACK] Seq=197118 Ack=141 Win=65024 Len=1448 TSval=2916042833 TSecr=3045562606 [TCP segment of a reassembled PDU]"
"70733","38.753195432","192.168.1.55","192.168.1.2","TCP","1514","8004  >  36994 [ACK] Seq=198566 Ack=141 Win=65024 Len=1448 TSval=2916042833 TSecr=3045562606 [TCP segment of a reassembled PDU]"
"70734","38.753196747","192.168.1.55","192.168.1.2","TCP","1514","8004  >  36994 [ACK] Seq=200014 Ack=141 Win=65024 Len=1448 TSval=2916042833 TSecr=3045562606 [TCP segment of a reassembled PDU]"
"70735","38.753197988","192.168.1.55","192.168.1.2","TCP","1514","8004  >  36994 [PSH, ACK] Seq=201462 Ack=141 Win=65024 Len=1448 TSval=2916042833 TSecr=3045562606 [TCP segment of a reassembled PDU]"
"70736","38.753234173","192.168.1.55","192.168.1.2","TCP","1514","8004  >  36994 [ACK] Seq=202910 Ack=141 Win=65024 Len=1448 TSval=2916042833 TSecr=3045562606 [TCP segment of a reassembled PDU]"
"70737","38.753236191","192.168.1.55","192.168.1.2","TCP","1514","8004  >  36994 [ACK] Seq=204358 Ack=141 Win=65024 Len=1448 TSval=2916042833 TSecr=3045562606 [TCP segment of a reassembled PDU]"
"70738","38.753237451","192.168.1.55","192.168.1.2","TCP","1514","8004  >  36994 [ACK] Seq=205806 Ack=141 Win=65024 Len=1448 TSval=2916042833 TSecr=3045562606 [TCP segment of a reassembled PDU]"
"70739","38.753238765","192.168.1.55","192.168.1.2","TCP","1514","8004  >  36994 [ACK] Seq=207254 Ack=141 Win=65024 Len=1448 TSval=2916042833 TSecr=3045562606 [TCP segment of a reassembled PDU]"
"70740","38.753240099","192.168.1.55","192.168.1.2","TCP","1514","8004  >  36994 [ACK] Seq=208702 Ack=141 Win=65024 Len=1448 TSval=2916042833 TSecr=3045562606 [TCP segment of a reassembled PDU]"
"70741","38.753241488","192.168.1.55","192.168.1.2","TCP","1514","8004  >  36994 [ACK] Seq=210150 Ack=141 Win=65024 Len=1448 TSval=2916042833 TSecr=3045562606 [TCP segment of a reassembled PDU]"
"70742","38.753242840","192.168.1.55","192.168.1.2","TCP","1514","8004  >  36994 [ACK] Seq=211598 Ack=141 Win=65024 Len=1448 TSval=2916042833 TSecr=3045562606 [TCP segment of a reassembled PDU]"
"70743","38.753244302","192.168.1.55","192.168.1.2","TCP","1514","8004  >  36994 [ACK] Seq=213046 Ack=141 Win=65024 Len=1448 TSval=2916042833 TSecr=3045562606 [TCP segment of a reassembled PDU]"
"70744","38.753245543","192.168.1.55","192.168.1.2","TCP","1514","8004  >  36994 [ACK] Seq=214494 Ack=141 Win=65024 Len=1448 TSval=2916042833 TSecr=3045562606 [TCP segment of a reassembled PDU]"
"70745","38.753247136","192.168.1.55","192.168.1.2","TCP","1514","8004  >  36994 [ACK] Seq=215942 Ack=141 Win=65024 Len=1448 TSval=2916042833 TSecr=3045562606 [TCP segment of a reassembled PDU]"
"70746","38.753248525","192.168.1.55","192.168.1.2","TCP","1514","8004  >  36994 [ACK] Seq=217390 Ack=141 Win=65024 Len=1448 TSval=2916042833 TSecr=3045562606 [TCP segment of a reassembled PDU]"
"70747","38.753249969","192.168.1.55","192.168.1.2","TCP","1514","8004  >  36994 [ACK] Seq=218838 Ack=141 Win=65024 Len=1448 TSval=2916042833 TSecr=3045562606 [TCP segment of a reassembled PDU]"
"70748","38.753251617","192.168.1.55","192.168.1.2","TCP","1514","8004  >  36994 [ACK] Seq=220286 Ack=141 Win=65024 Len=1448 TSval=2916042833 TSecr=3045562606 [TCP segment of a reassembled PDU]"
"70749","38.753253006","192.168.1.55","192.168.1.2","TCP","1514","8004  >  36994 [ACK] Seq=221734 Ack=141 Win=65024 Len=1448 TSval=2916042833 TSecr=3045562606 [TCP segment of a reassembled PDU]"
"70750","38.753254414","192.168.1.55","192.168.1.2","TCP","1514","8004  >  36994 [ACK] Seq=223182 Ack=141 Win=65024 Len=1448 TSval=2916042833 TSecr=3045562606 [TCP segment of a reassembled PDU]"
"70751","38.753255636","192.168.1.55","192.168.1.2","TCP","1514","8004  >  36994 [ACK] Seq=224630 Ack=141 Win=65024 Len=1448 TSval=2916042833 TSecr=3045562606 [TCP segment of a reassembled PDU]"
"70752","38.753256988","192.168.1.55","192.168.1.2","TCP","1514","8004  >  36994 [ACK] Seq=226078 Ack=141 Win=65024 Len=1448 TSval=2916042833 TSecr=3045562606 [TCP segment of a reassembled PDU]"
"70753","38.753258895","192.168.1.55","192.168.1.2","TCP","1514","8004  >  36994 [ACK] Seq=227526 Ack=141 Win=65024 Len=1448 TSval=2916042833 TSecr=3045562606 [TCP segment of a reassembled PDU]"
"70754","38.753260099","192.168.1.55","192.168.1.2","TCP","1514","8004  >  36994 [ACK] Seq=228974 Ack=141 Win=65024 Len=1448 TSval=2916042833 TSecr=3045562606 [TCP segment of a reassembled PDU]"
"70755","38.753261469","192.168.1.55","192.168.1.2","TCP","1514","8004  >  36994 [ACK] Seq=230422 Ack=141 Win=65024 Len=1448 TSval=2916042833 TSecr=3045562606 [TCP segment of a reassembled PDU]"
"70756","38.753262784","192.168.1.55","192.168.1.2","TCP","1514","8004  >  36994 [ACK] Seq=231870 Ack=141 Win=65024 Len=1448 TSval=2916042833 TSecr=3045562606 [TCP segment of a reassembled PDU]"
"70757","38.753264043","192.168.1.55","192.168.1.2","TCP","1514","8004  >  36994 [ACK] Seq=233318 Ack=141 Win=65024 Len=1448 TSval=2916042833 TSecr=3045562606 [TCP segment of a reassembled PDU]"
"70758","38.753265414","192.168.1.55","192.168.1.2","TCP","1514","8004  >  36994 [PSH, ACK] Seq=234766 Ack=141 Win=65024 Len=1448 TSval=2916042833 TSecr=3045562606 [TCP segment of a reassembled PDU]"
"70759","38.753334821","192.168.1.2","192.168.1.55","TCP","66","36994  >  8004 [ACK] Seq=141 Ack=153734 Win=93184 Len=0 TSval=3045562608 TSecr=2916042829"
"70760","38.753355525","192.168.1.55","192.168.1.2","TCP","1514","8004  >  36994 [ACK] Seq=236214 Ack=141 Win=65024 Len=1448 TSval=2916042834 TSecr=3045562608 [TCP segment of a reassembled PDU]"
"70761","38.753357525","192.168.1.55","192.168.1.2","TCP","1514","8004  >  36994 [ACK] Seq=237662 Ack=141 Win=65024 Len=1448 TSval=2916042834 TSecr=3045562608 [TCP segment of a reassembled PDU]"
"70762","38.753358784","192.168.1.55","192.168.1.2","TCP","1514","8004  >  36994 [ACK] Seq=239110 Ack=141 Win=65024 Len=1448 TSval=2916042834 TSecr=3045562608 [TCP segment of a reassembled PDU]"
"70763","38.753360080","192.168.1.55","192.168.1.2","TCP","1514","8004  >  36994 [ACK] Seq=240558 Ack=141 Win=65024 Len=1448 TSval=2916042834 TSecr=3045562608 [TCP segment of a reassembled PDU]"
"70764","38.753361432","192.168.1.55","192.168.1.2","TCP","1514","8004  >  36994 [ACK] Seq=242006 Ack=141 Win=65024 Len=1448 TSval=2916042834 TSecr=3045562608 [TCP segment of a reassembled PDU]"
"70765","38.753362617","192.168.1.55","192.168.1.2","TCP","1514","8004  >  36994 [ACK] Seq=243454 Ack=141 Win=65024 Len=1448 TSval=2916042834 TSecr=3045562608 [TCP segment of a reassembled PDU]"
"70766","38.753363914","192.168.1.55","192.168.1.2","TCP","1514","8004  >  36994 [PSH, ACK] Seq=244902 Ack=141 Win=65024 Len=1448 TSval=2916042834 TSecr=3045562608 [TCP segment of a reassembled PDU]"
"70767","38.753368321","192.168.1.2","192.168.1.55","TCP","66","36994  >  8004 [ACK] Seq=141 Ack=185534 Win=101376 Len=0 TSval=3045562608 TSecr=2916042829"
"70768","38.753415581","192.168.1.55","192.168.1.2","TCP","1514","8004  >  36994 [ACK] Seq=246350 Ack=141 Win=65024 Len=1448 TSval=2916042834 TSecr=3045562608 [TCP segment of a reassembled PDU]"
"70769","38.753417562","192.168.1.55","192.168.1.2","TCP","1514","8004  >  36994 [ACK] Seq=247798 Ack=141 Win=65024 Len=1448 TSval=2916042834 TSecr=3045562608 [TCP segment of a reassembled PDU]"
"70770","38.753418784","192.168.1.55","192.168.1.2","TCP","1514","8004  >  36994 [ACK] Seq=249246 Ack=141 Win=65024 Len=1448 TSval=2916042834 TSecr=3045562608 [TCP segment of a reassembled PDU]"
"70771","38.753420155","192.168.1.55","192.168.1.2","TCP","1514","8004  >  36994 [ACK] Seq=250694 Ack=141 Win=65024 Len=1448 TSval=2916042834 TSecr=3045562608 [TCP segment of a reassembled PDU]"
"70772","38.753422006","192.168.1.55","192.168.1.2","TCP","1514","8004  >  36994 [ACK] Seq=252142 Ack=141 Win=65024 Len=1448 TSval=2916042834 TSecr=3045562608 [TCP segment of a reassembled PDU]"
"70773","38.753423229","192.168.1.55","192.168.1.2","TCP","1514","8004  >  36994 [ACK] Seq=253590 Ack=141 Win=65024 Len=1448 TSval=2916042834 TSecr=3045562608 [TCP segment of a reassembled PDU]"
"70774","38.753424544","192.168.1.55","192.168.1.2","TCP","1514","8004  >  36994 [ACK] Seq=255038 Ack=141 Win=65024 Len=1448 TSval=2916042834 TSecr=3045562608 [TCP segment of a reassembled PDU]"
"70775","38.753425821","192.168.1.55","192.168.1.2","TCP","1514","8004  >  36994 [ACK] Seq=256486 Ack=141 Win=65024 Len=1448 TSval=2916042834 TSecr=3045562608 [TCP segment of a reassembled PDU]"
"70776","38.753427136","192.168.1.55","192.168.1.2","TCP","1514","8004  >  36994 [ACK] Seq=257934 Ack=141 Win=65024 Len=1448 TSval=2916042834 TSecr=3045562608 [TCP segment of a reassembled PDU]"
"70777","38.753428432","192.168.1.55","192.168.1.2","TCP","1514","8004  >  36994 [ACK] Seq=259382 Ack=141 Win=65024 Len=1448 TSval=2916042834 TSecr=3045562608 [TCP segment of a reassembled PDU]"
"70778","38.753429729","192.168.1.55","192.168.1.2","TCP","1514","8004  >  36994 [ACK] Seq=260830 Ack=141 Win=65024 Len=1448 TSval=2916042834 TSecr=3045562608 [TCP segment of a reassembled PDU]"
"70779","38.753431025","192.168.1.55","192.168.1.2","TCP","1514","8004  >  36994 [ACK] Seq=262278 Ack=141 Win=65024 Len=1448 TSval=2916042834 TSecr=3045562608 [TCP segment of a reassembled PDU]"
"70780","38.753432377","192.168.1.55","192.168.1.2","TCP","1514","8004  >  36994 [ACK] Seq=263726 Ack=141 Win=65024 Len=1448 TSval=2916042834 TSecr=3045562608 [TCP segment of a reassembled PDU]"
"70781","38.753433766","192.168.1.55","192.168.1.2","TCP","1514","8004  >  36994 [ACK] Seq=265174 Ack=141 Win=65024 Len=1448 TSval=2916042834 TSecr=3045562608 [TCP segment of a reassembled PDU]"
"70782","38.753435081","192.168.1.55","192.168.1.2","TCP","1514","8004  >  36994 [ACK] Seq=266622 Ack=141 Win=65024 Len=1448 TSval=2916042834 TSecr=3045562608 [TCP segment of a reassembled PDU]"
"70783","38.753436692","192.168.1.55","192.168.1.2","TCP","1514","8004  >  36994 [ACK] Seq=268070 Ack=141 Win=65024 Len=1448 TSval=2916042834 TSecr=3045562608 [TCP segment of a reassembled PDU]"
"70784","38.753437914","192.168.1.55","192.168.1.2","TCP","1514","8004  >  36994 [ACK] Seq=269518 Ack=141 Win=65024 Len=1448 TSval=2916042834 TSecr=3045562608 [TCP segment of a reassembled PDU]"
"70785","38.753439284","192.168.1.55","192.168.1.2","TCP","1514","8004  >  36994 [ACK] Seq=270966 Ack=141 Win=65024 Len=1448 TSval=2916042834 TSecr=3045562608 [TCP segment of a reassembled PDU]"
"70786","38.753440507","192.168.1.55","192.168.1.2","TCP","1514","8004  >  36994 [ACK] Seq=272414 Ack=141 Win=65024 Len=1448 TSval=2916042834 TSecr=3045562608 [TCP segment of a reassembled PDU]"
"70787","38.753441766","192.168.1.55","192.168.1.2","TCP","1514","8004  >  36994 [ACK] Seq=273862 Ack=141 Win=65024 Len=1448 TSval=2916042834 TSecr=3045562608 [TCP segment of a reassembled PDU]"
"70788","38.753443599","192.168.1.55","192.168.1.2","TCP","1514","8004  >  36994 [ACK] Seq=275310 Ack=141 Win=65024 Len=1448 TSval=2916042834 TSecr=3045562608 [TCP segment of a reassembled PDU]"
"70789","38.753444914","192.168.1.55","192.168.1.2","TCP","1514","8004  >  36994 [ACK] Seq=276758 Ack=141 Win=65024 Len=1448 TSval=2916042834 TSecr=3045562608 [TCP segment of a reassembled PDU]"
"70790","38.753446210","192.168.1.55","192.168.1.2","TCP","1514","8004  >  36994 [ACK] Seq=278206 Ack=141 Win=65024 Len=1448 TSval=2916042834 TSecr=3045562608 [TCP segment of a reassembled PDU]"
"70791","38.753447821","192.168.1.55","192.168.1.2","TCP","1514","8004  >  36994 [ACK] Seq=279654 Ack=141 Win=65024 Len=1448 TSval=2916042834 TSecr=3045562608 [TCP segment of a reassembled PDU]"
"70792","38.753449007","192.168.1.55","192.168.1.2","TCP","1514","8004  >  36994 [ACK] Seq=281102 Ack=141 Win=65024 Len=1448 TSval=2916042834 TSecr=3045562608 [TCP segment of a reassembled PDU]"
"70793","38.753450432","192.168.1.55","192.168.1.2","TCP","1514","8004  >  36994 [ACK] Seq=282550 Ack=141 Win=65024 Len=1448 TSval=2916042834 TSecr=3045562608 [TCP segment of a reassembled PDU]"
"70794","38.753451747","192.168.1.55","192.168.1.2","TCP","1514","8004  >  36994 [ACK] Seq=283998 Ack=141 Win=65024 Len=1448 TSval=2916042834 TSecr=3045562608 [TCP segment of a reassembled PDU]"
"70795","38.753453081","192.168.1.55","192.168.1.2","TCP","1514","8004  >  36994 [ACK] Seq=285446 Ack=141 Win=65024 Len=1448 TSval=2916042834 TSecr=3045562608 [TCP segment of a reassembled PDU]"
"70796","38.753454303","192.168.1.55","192.168.1.2","TCP","82","[TCP Window Full] 8004  >  36994 [PSH, ACK] Seq=286894 Ack=141 Win=65024 Len=16 TSval=2916042834 TSecr=3045562608 [TCP segment of a reassembled PDU]"
"70797","38.758743256","192.168.1.2","192.168.1.55","TCP","66","36994  >  8004 [ACK] Seq=141 Ack=194222 Win=118784 Len=0 TSval=3045562609 TSecr=2916042829"
"70798","38.758767608","192.168.1.55","192.168.1.2","TCP","1514","8004  >  36994 [ACK] Seq=286910 Ack=141 Win=65024 Len=1448 TSval=2916042839 TSecr=3045562609 [TCP segment of a reassembled PDU]"
"70799","38.758775997","192.168.1.55","192.168.1.2","TCP","1498","8004  >  36994 [ACK] Seq=288358 Ack=141 Win=65024 Len=1432 TSval=2916042839 TSecr=3045562609 [TCP segment of a reassembled PDU]"
"70800","38.760630055","192.168.1.2","192.168.1.55","TCP","66","36994  >  8004 [ACK] Seq=141 Ack=202910 Win=128000 Len=0 TSval=3045562614 TSecr=2916042833"
"70801","38.760671240","192.168.1.55","192.168.1.2","TCP","1514","8004  >  36994 [ACK] Seq=289790 Ack=141 Win=65024 Len=1448 TSval=2916042841 TSecr=3045562614 [TCP segment of a reassembled PDU]"
"70802","38.760674037","192.168.1.55","192.168.1.2","TCP","1514","8004  >  36994 [ACK] Seq=291238 Ack=141 Win=65024 Len=1448 TSval=2916042841 TSecr=3045562614 [TCP segment of a reassembled PDU]"
"70803","38.760675370","192.168.1.55","192.168.1.2","TCP","1514","8004  >  36994 [ACK] Seq=292686 Ack=141 Win=65024 Len=1448 TSval=2916042841 TSecr=3045562614 [TCP segment of a reassembled PDU]"
"70804","38.760676648","192.168.1.55","192.168.1.2","TCP","1514","8004  >  36994 [ACK] Seq=294134 Ack=141 Win=65024 Len=1448 TSval=2916042841 TSecr=3045562614 [TCP segment of a reassembled PDU]"
"70805","38.760677852","192.168.1.55","192.168.1.2","TCP","1514","8004  >  36994 [ACK] Seq=295582 Ack=141 Win=65024 Len=1448 TSval=2916042841 TSecr=3045562614 [TCP segment of a reassembled PDU]"
"70806","38.760679333","192.168.1.55","192.168.1.2","TCP","1514","8004  >  36994 [ACK] Seq=297030 Ack=141 Win=65024 Len=1448 TSval=2916042841 TSecr=3045562614 [TCP segment of a reassembled PDU]"
"70807","38.760681241","192.168.1.55","192.168.1.2","TCP","1514","8004  >  36994 [ACK] Seq=298478 Ack=141 Win=65024 Len=1448 TSval=2916042841 TSecr=3045562614 [TCP segment of a reassembled PDU]"
"70808","38.760682629","192.168.1.55","192.168.1.2","TCP","1514","8004  >  36994 [ACK] Seq=299926 Ack=141 Win=65024 Len=1448 TSval=2916042841 TSecr=3045562614 [TCP segment of a reassembled PDU]"
"70809","38.760683852","192.168.1.55","192.168.1.2","TCP","1514","8004  >  36994 [ACK] Seq=301374 Ack=141 Win=65024 Len=1448 TSval=2916042841 TSecr=3045562614 [TCP segment of a reassembled PDU]"
"70810","38.760685129","192.168.1.55","192.168.1.2","TCP","1514","8004  >  36994 [ACK] Seq=302822 Ack=141 Win=65024 Len=1448 TSval=2916042841 TSecr=3045562614 [TCP segment of a reassembled PDU]"
"70811","38.760686444","192.168.1.55","192.168.1.2","TCP","1514","8004  >  36994 [ACK] Seq=304270 Ack=141 Win=65024 Len=1448 TSval=2916042841 TSecr=3045562614 [TCP segment of a reassembled PDU]"
"70812","38.760687815","192.168.1.55","192.168.1.2","TCP","1514","8004  >  36994 [ACK] Seq=305718 Ack=141 Win=65024 Len=1448 TSval=2916042841 TSecr=3045562614 [TCP segment of a reassembled PDU]"
"70813","38.760689222","192.168.1.55","192.168.1.2","TCP","1514","8004  >  36994 [ACK] Seq=307166 Ack=141 Win=65024 Len=1448 TSval=2916042841 TSecr=3045562614 [TCP segment of a reassembled PDU]"
"70814","38.760690407","192.168.1.55","192.168.1.2","TCP","1514","8004  >  36994 [ACK] Seq=308614 Ack=141 Win=65024 Len=1448 TSval=2916042841 TSecr=3045562614 [TCP segment of a reassembled PDU]"
"70815","38.760691685","192.168.1.55","192.168.1.2","TCP","1514","8004  >  36994 [ACK] Seq=310062 Ack=141 Win=65024 Len=1448 TSval=2916042841 TSecr=3045562614 [TCP segment of a reassembled PDU]"
"70816","38.760693074","192.168.1.55","192.168.1.2","TCP","1514","8004  >  36994 [ACK] Seq=311510 Ack=141 Win=65024 Len=1448 TSval=2916042841 TSecr=3045562614 [TCP segment of a reassembled PDU]"
"70817","38.760694278","192.168.1.55","192.168.1.2","TCP","1514","8004  >  36994 [ACK] Seq=312958 Ack=141 Win=65024 Len=1448 TSval=2916042841 TSecr=3045562614 [TCP segment of a reassembled PDU]"
"70818","38.760695944","192.168.1.55","192.168.1.2","TCP","1514","8004  >  36994 [ACK] Seq=314406 Ack=141 Win=65024 Len=1448 TSval=2916042841 TSecr=3045562614 [TCP segment of a reassembled PDU]"
"70819","38.760697426","192.168.1.55","192.168.1.2","TCP","1514","8004  >  36994 [ACK] Seq=315854 Ack=141 Win=65024 Len=1448 TSval=2916042841 TSecr=3045562614 [TCP segment of a reassembled PDU]"
"70820","38.760698778","192.168.1.55","192.168.1.2","TCP","1514","8004  >  36994 [ACK] Seq=317302 Ack=141 Win=65024 Len=1448 TSval=2916042841 TSecr=3045562614 [TCP segment of a reassembled PDU]"
"70821","38.760700092","192.168.1.55","192.168.1.2","TCP","1514","8004  >  36994 [ACK] Seq=318750 Ack=141 Win=65024 Len=1448 TSval=2916042841 TSecr=3045562614 [TCP segment of a reassembled PDU]"
"70822","38.760701574","192.168.1.55","192.168.1.2","TCP","1514","8004  >  36994 [ACK] Seq=320198 Ack=141 Win=65024 Len=1448 TSval=2916042841 TSecr=3045562614 [TCP segment of a reassembled PDU]"
"70823","38.760703129","192.168.1.55","192.168.1.2","TCP","1514","8004  >  36994 [ACK] Seq=321646 Ack=141 Win=65024 Len=1448 TSval=2916042841 TSecr=3045562614 [TCP segment of a reassembled PDU]"
"70824","38.760704592","192.168.1.55","192.168.1.2","TCP","1514","8004  >  36994 [ACK] Seq=323094 Ack=141 Win=65024 Len=1448 TSval=2916042841 TSecr=3045562614 [TCP segment of a reassembled PDU]"
"70825","38.760705889","192.168.1.55","192.168.1.2","TCP","1514","8004  >  36994 [ACK] Seq=324542 Ack=141 Win=65024 Len=1448 TSval=2916042841 TSecr=3045562614 [TCP segment of a reassembled PDU]"
"70826","38.760707241","192.168.1.55","192.168.1.2","TCP","1514","8004  >  36994 [ACK] Seq=325990 Ack=141 Win=65024 Len=1448 TSval=2916042841 TSecr=3045562614 [TCP segment of a reassembled PDU]"
"70827","38.760708463","192.168.1.55","192.168.1.2","TCP","1514","8004  >  36994 [ACK] Seq=327438 Ack=141 Win=65024 Len=1448 TSval=2916042841 TSecr=3045562614 [TCP segment of a reassembled PDU]"
"70828","38.760709722","192.168.1.55","192.168.1.2","TCP","1514","8004  >  36994 [PSH, ACK] Seq=328886 Ack=141 Win=65024 Len=1448 TSval=2916042841 TSecr=3045562614 [TCP segment of a reassembled PDU]"
"70829","38.761826279","192.168.1.2","192.168.1.55","TCP","66","36994  >  8004 [ACK] Seq=141 Ack=236214 Win=107520 Len=0 TSval=3045562614 TSecr=2916042833"
"70830","38.761840224","192.168.1.55","192.168.1.2","TCP","1514","8004  >  36994 [ACK] Seq=330334 Ack=141 Win=65024 Len=1448 TSval=2916042842 TSecr=3045562614 [TCP segment of a reassembled PDU]"
"70831","38.761842316","192.168.1.55","192.168.1.2","TCP","1514","8004  >  36994 [PSH, ACK] Seq=331782 Ack=141 Win=65024 Len=1448 TSval=2916042842 TSecr=3045562614 [TCP segment of a reassembled PDU]"
"70832","38.761846668","192.168.1.2","192.168.1.55","TCP","66","36994  >  8004 [ACK] Seq=141 Ack=246350 Win=98304 Len=0 TSval=3045562614 TSecr=2916042834"
"70833","38.761852428","192.168.1.2","192.168.1.55","TCP","66","36994  >  8004 [ACK] Seq=141 Ack=278206 Win=97280 Len=0 TSval=3045562614 TSecr=2916042834"
"70834","38.761887335","192.168.1.55","192.168.1.2","TCP","1514","8004  >  36994 [ACK] Seq=333230 Ack=141 Win=65024 Len=1448 TSval=2916042842 TSecr=3045562614 [TCP segment of a reassembled PDU]"
"70835","38.761889428","192.168.1.55","192.168.1.2","TCP","1514","8004  >  36994 [ACK] Seq=334678 Ack=141 Win=65024 Len=1448 TSval=2916042842 TSecr=3045562614 [TCP segment of a reassembled PDU]"
"70836","38.761890835","192.168.1.55","192.168.1.2","TCP","1514","8004  >  36994 [ACK] Seq=336126 Ack=141 Win=65024 Len=1448 TSval=2916042842 TSecr=3045562614 [TCP segment of a reassembled PDU]"
"70837","38.761892298","192.168.1.55","192.168.1.2","TCP","1514","8004  >  36994 [ACK] Seq=337574 Ack=141 Win=65024 Len=1448 TSval=2916042842 TSecr=3045562614 [TCP segment of a reassembled PDU]"
"70838","38.761893817","192.168.1.55","192.168.1.2","TCP","1514","8004  >  36994 [ACK] Seq=339022 Ack=141 Win=65024 Len=1448 TSval=2916042842 TSecr=3045562614 [TCP segment of a reassembled PDU]"
"70839","38.761895909","192.168.1.55","192.168.1.2","TCP","1514","8004  >  36994 [ACK] Seq=340470 Ack=141 Win=65024 Len=1448 TSval=2916042842 TSecr=3045562614 [TCP segment of a reassembled PDU]"
"70840","38.761897280","192.168.1.55","192.168.1.2","TCP","1514","8004  >  36994 [ACK] Seq=341918 Ack=141 Win=65024 Len=1448 TSval=2916042842 TSecr=3045562614 [TCP segment of a reassembled PDU]"
"70841","38.761898687","192.168.1.55","192.168.1.2","TCP","1514","8004  >  36994 [ACK] Seq=343366 Ack=141 Win=65024 Len=1448 TSval=2916042842 TSecr=3045562614 [TCP segment of a reassembled PDU]"
"70842","38.761900131","192.168.1.55","192.168.1.2","TCP","1514","8004  >  36994 [ACK] Seq=344814 Ack=141 Win=65024 Len=1448 TSval=2916042842 TSecr=3045562614 [TCP segment of a reassembled PDU]"
"70843","38.761901465","192.168.1.55","192.168.1.2","TCP","1514","8004  >  36994 [ACK] Seq=346262 Ack=141 Win=65024 Len=1448 TSval=2916042842 TSecr=3045562614 [TCP segment of a reassembled PDU]"
"70844","38.761902835","192.168.1.55","192.168.1.2","TCP","1514","8004  >  36994 [ACK] Seq=347710 Ack=141 Win=65024 Len=1448 TSval=2916042842 TSecr=3045562614 [TCP segment of a reassembled PDU]"
"70845","38.761904187","192.168.1.55","192.168.1.2","TCP","1514","8004  >  36994 [ACK] Seq=349158 Ack=141 Win=65024 Len=1448 TSval=2916042842 TSecr=3045562614 [TCP segment of a reassembled PDU]"
"70846","38.761905483","192.168.1.55","192.168.1.2","TCP","1514","8004  >  36994 [ACK] Seq=350606 Ack=141 Win=65024 Len=1448 TSval=2916042842 TSecr=3045562614 [TCP segment of a reassembled PDU]"
"70847","38.761906743","192.168.1.55","192.168.1.2","TCP","1514","8004  >  36994 [ACK] Seq=352054 Ack=141 Win=65024 Len=1448 TSval=2916042842 TSecr=3045562614 [TCP segment of a reassembled PDU]"
"70848","38.761907983","192.168.1.55","192.168.1.2","TCP","1514","8004  >  36994 [ACK] Seq=353502 Ack=141 Win=65024 Len=1448 TSval=2916042842 TSecr=3045562614 [TCP segment of a reassembled PDU]"
"70849","38.761909354","192.168.1.55","192.168.1.2","TCP","1514","8004  >  36994 [ACK] Seq=354950 Ack=141 Win=65024 Len=1448 TSval=2916042842 TSecr=3045562614 [TCP segment of a reassembled PDU]"
"70850","38.761910724","192.168.1.55","192.168.1.2","TCP","1514","8004  >  36994 [ACK] Seq=356398 Ack=141 Win=65024 Len=1448 TSval=2916042842 TSecr=3045562614 [TCP segment of a reassembled PDU]"
"70851","38.761912335","192.168.1.55","192.168.1.2","TCP","1514","8004  >  36994 [ACK] Seq=357846 Ack=141 Win=65024 Len=1448 TSval=2916042842 TSecr=3045562614 [TCP segment of a reassembled PDU]"
"70852","38.761913909","192.168.1.55","192.168.1.2","TCP","1514","8004  >  36994 [ACK] Seq=359294 Ack=141 Win=65024 Len=1448 TSval=2916042842 TSecr=3045562614 [TCP segment of a reassembled PDU]"
"70853","38.761915168","192.168.1.55","192.168.1.2","TCP","1514","8004  >  36994 [ACK] Seq=360742 Ack=141 Win=65024 Len=1448 TSval=2916042842 TSecr=3045562614 [TCP segment of a reassembled PDU]"
"70854","38.761916557","192.168.1.55","192.168.1.2","TCP","1514","8004  >  36994 [ACK] Seq=362190 Ack=141 Win=65024 Len=1448 TSval=2916042842 TSecr=3045562614 [TCP segment of a reassembled PDU]"
"70855","38.761917909","192.168.1.55","192.168.1.2","TCP","1514","8004  >  36994 [ACK] Seq=363638 Ack=141 Win=65024 Len=1448 TSval=2916042842 TSecr=3045562614 [TCP segment of a reassembled PDU]"
"70856","38.761919668","192.168.1.55","192.168.1.2","TCP","1514","8004  >  36994 [ACK] Seq=365086 Ack=141 Win=65024 Len=1448 TSval=2916042842 TSecr=3045562614 [TCP segment of a reassembled PDU]"
"70857","38.761921020","192.168.1.55","192.168.1.2","TCP","1514","8004  >  36994 [ACK] Seq=366534 Ack=141 Win=65024 Len=1448 TSval=2916042842 TSecr=3045562614 [TCP segment of a reassembled PDU]"
"70858","38.761922409","192.168.1.55","192.168.1.2","TCP","1514","8004  >  36994 [ACK] Seq=367982 Ack=141 Win=65024 Len=1448 TSval=2916042842 TSecr=3045562614 [TCP segment of a reassembled PDU]"
"70859","38.761923946","192.168.1.55","192.168.1.2","TCP","1514","8004  >  36994 [ACK] Seq=369430 Ack=141 Win=65024 Len=1448 TSval=2916042842 TSecr=3045562614 [TCP segment of a reassembled PDU]"
"70860","38.761925594","192.168.1.55","192.168.1.2","TCP","1514","8004  >  36994 [ACK] Seq=370878 Ack=141 Win=65024 Len=1448 TSval=2916042842 TSecr=3045562614 [TCP segment of a reassembled PDU]"
"70861","38.761926891","192.168.1.55","192.168.1.2","TCP","1514","8004  >  36994 [ACK] Seq=372326 Ack=141 Win=65024 Len=1448 TSval=2916042842 TSecr=3045562614 [TCP segment of a reassembled PDU]"
"70862","38.761928243","192.168.1.55","192.168.1.2","TCP","1514","8004  >  36994 [PSH, ACK] Seq=373774 Ack=141 Win=65024 Len=1448 TSval=2916042842 TSecr=3045562614 [TCP segment of a reassembled PDU]"
"70863","38.761932502","192.168.1.2","192.168.1.55","TCP","66","36994  >  8004 [ACK] Seq=141 Ack=286910 Win=128000 Len=0 TSval=3045562616 TSecr=2916042834"
"70864","38.761942446","192.168.1.55","192.168.1.2","TCP","1514","8004  >  36994 [PSH, ACK] Seq=375222 Ack=141 Win=65024 Len=1448 TSval=2916042842 TSecr=3045562616 [TCP segment of a reassembled PDU]"
"70865","38.761974687","192.168.1.55","192.168.1.2","TCP","1514","8004  >  36994 [ACK] Seq=376670 Ack=141 Win=65024 Len=1448 TSval=2916042842 TSecr=3045562616 [TCP segment of a reassembled PDU]"
"70866","38.761976298","192.168.1.55","192.168.1.2","TCP","1514","8004  >  36994 [ACK] Seq=378118 Ack=141 Win=65024 Len=1448 TSval=2916042842 TSecr=3045562616 [TCP segment of a reassembled PDU]"
"70867","38.761978002","192.168.1.55","192.168.1.2","TCP","1514","8004  >  36994 [ACK] Seq=379566 Ack=141 Win=65024 Len=1448 TSval=2916042842 TSecr=3045562616 [TCP segment of a reassembled PDU]"
"70868","38.761979465","192.168.1.55","192.168.1.2","TCP","1514","8004  >  36994 [ACK] Seq=381014 Ack=141 Win=65024 Len=1448 TSval=2916042842 TSecr=3045562616 [TCP segment of a reassembled PDU]"
"70869","38.761980743","192.168.1.55","192.168.1.2","TCP","1514","8004  >  36994 [ACK] Seq=382462 Ack=141 Win=65024 Len=1448 TSval=2916042842 TSecr=3045562616 [TCP segment of a reassembled PDU]"
"70870","38.761982391","192.168.1.55","192.168.1.2","TCP","1514","8004  >  36994 [ACK] Seq=383910 Ack=141 Win=65024 Len=1448 TSval=2916042842 TSecr=3045562616 [TCP segment of a reassembled PDU]"
"70871","38.761983946","192.168.1.55","192.168.1.2","TCP","1514","8004  >  36994 [ACK] Seq=385358 Ack=141 Win=65024 Len=1448 TSval=2916042842 TSecr=3045562616 [TCP segment of a reassembled PDU]"
"70872","38.761985483","192.168.1.55","192.168.1.2","TCP","1514","8004  >  36994 [ACK] Seq=386806 Ack=141 Win=65024 Len=1448 TSval=2916042842 TSecr=3045562616 [TCP segment of a reassembled PDU]"
"70873","38.761986983","192.168.1.55","192.168.1.2","TCP","1514","8004  >  36994 [ACK] Seq=388254 Ack=141 Win=65024 Len=1448 TSval=2916042842 TSecr=3045562616 [TCP segment of a reassembled PDU]"
"70874","38.761988409","192.168.1.55","192.168.1.2","TCP","1514","8004  >  36994 [ACK] Seq=389702 Ack=141 Win=65024 Len=1448 TSval=2916042842 TSecr=3045562616 [TCP segment of a reassembled PDU]"
"70875","38.761989687","192.168.1.55","192.168.1.2","TCP","1514","8004  >  36994 [ACK] Seq=391150 Ack=141 Win=65024 Len=1448 TSval=2916042842 TSecr=3045562616 [TCP segment of a reassembled PDU]"
"70876","38.761990965","192.168.1.55","192.168.1.2","TCP","1514","8004  >  36994 [ACK] Seq=392598 Ack=141 Win=65024 Len=1448 TSval=2916042842 TSecr=3045562616 [TCP segment of a reassembled PDU]"
"70877","38.761992169","192.168.1.55","192.168.1.2","TCP","1514","8004  >  36994 [ACK] Seq=394046 Ack=141 Win=65024 Len=1448 TSval=2916042842 TSecr=3045562616 [TCP segment of a reassembled PDU]"
"70878","38.761993632","192.168.1.55","192.168.1.2","TCP","1514","8004  >  36994 [ACK] Seq=395494 Ack=141 Win=65024 Len=1448 TSval=2916042842 TSecr=3045562616 [TCP segment of a reassembled PDU]"
"70879","38.761994946","192.168.1.55","192.168.1.2","TCP","1514","8004  >  36994 [ACK] Seq=396942 Ack=141 Win=65024 Len=1448 TSval=2916042842 TSecr=3045562616 [TCP segment of a reassembled PDU]"
"70880","38.761996372","192.168.1.55","192.168.1.2","TCP","1514","8004  >  36994 [ACK] Seq=398390 Ack=141 Win=65024 Len=1448 TSval=2916042842 TSecr=3045562616 [TCP segment of a reassembled PDU]"
"70881","38.761998020","192.168.1.55","192.168.1.2","TCP","1514","8004  >  36994 [ACK] Seq=399838 Ack=141 Win=65024 Len=1448 TSval=2916042842 TSecr=3045562616 [TCP segment of a reassembled PDU]"
"70882","38.761999520","192.168.1.55","192.168.1.2","TCP","1514","8004  >  36994 [ACK] Seq=401286 Ack=141 Win=65024 Len=1448 TSval=2916042842 TSecr=3045562616 [TCP segment of a reassembled PDU]"
"70883","38.762000891","192.168.1.55","192.168.1.2","TCP","1514","8004  >  36994 [ACK] Seq=402734 Ack=141 Win=65024 Len=1448 TSval=2916042842 TSecr=3045562616 [TCP segment of a reassembled PDU]"
"70884","38.762002520","192.168.1.55","192.168.1.2","TCP","1514","8004  >  36994 [ACK] Seq=404182 Ack=141 Win=65024 Len=1448 TSval=2916042842 TSecr=3045562616 [TCP segment of a reassembled PDU]"
"70885","38.762003872","192.168.1.55","192.168.1.2","TCP","1514","8004  >  36994 [ACK] Seq=405630 Ack=141 Win=65024 Len=1448 TSval=2916042842 TSecr=3045562616 [TCP segment of a reassembled PDU]"
"70886","38.762005335","192.168.1.55","192.168.1.2","TCP","1514","8004  >  36994 [ACK] Seq=407078 Ack=141 Win=65024 Len=1448 TSval=2916042842 TSecr=3045562616 [TCP segment of a reassembled PDU]"
"70887","38.762006798","192.168.1.55","192.168.1.2","TCP","1514","8004  >  36994 [ACK] Seq=408526 Ack=141 Win=65024 Len=1448 TSval=2916042842 TSecr=3045562616 [TCP segment of a reassembled PDU]"
"70888","38.762008317","192.168.1.55","192.168.1.2","TCP","1514","8004  >  36994 [ACK] Seq=409974 Ack=141 Win=65024 Len=1448 TSval=2916042842 TSecr=3045562616 [TCP segment of a reassembled PDU]"
"70889","38.762009835","192.168.1.55","192.168.1.2","TCP","1514","8004  >  36994 [ACK] Seq=411422 Ack=141 Win=65024 Len=1448 TSval=2916042842 TSecr=3045562616 [TCP segment of a reassembled PDU]"
"70890","38.762011039","192.168.1.55","192.168.1.2","TCP","1514","8004  >  36994 [PSH, ACK] Seq=412870 Ack=141 Win=65024 Len=1448 TSval=2916042842 TSecr=3045562616 [TCP segment of a reassembled PDU]"
"70891","38.762041817","192.168.1.2","192.168.1.55","TCP","66","36994  >  8004 [ACK] Seq=141 Ack=288358 Win=131072 Len=0 TSval=3045562616 TSecr=2916042839"
"70892","38.762055224","192.168.1.55","192.168.1.2","TCP","1514","8004  >  36994 [ACK] Seq=414318 Ack=141 Win=65024 Len=1448 TSval=2916042842 TSecr=3045562616 [TCP segment of a reassembled PDU]"
"70893","38.762056780","192.168.1.55","192.168.1.2","TCP","1514","8004  >  36994 [ACK] Seq=415766 Ack=141 Win=65024 Len=1448 TSval=2916042842 TSecr=3045562616 [TCP segment of a reassembled PDU]"
"70894","38.762057983","192.168.1.55","192.168.1.2","TCP","1514","8004  >  36994 [PSH, ACK] Seq=417214 Ack=141 Win=65024 Len=1448 TSval=2916042842 TSecr=3045562616 [TCP segment of a reassembled PDU]"
"70895","38.762085484","192.168.1.2","192.168.1.55","TCP","66","36994  >  8004 [ACK] Seq=141 Ack=289790 Win=134144 Len=0 TSval=3045562616 TSecr=2916042839"
"70896","38.762092447","192.168.1.55","192.168.1.2","TCP","1514","8004  >  36994 [ACK] Seq=418662 Ack=141 Win=65024 Len=1448 TSval=2916042842 TSecr=3045562616 [TCP segment of a reassembled PDU]"
"70897","38.762099447","192.168.1.55","192.168.1.2","TCP","1514","8004  >  36994 [ACK] Seq=420110 Ack=141 Win=65024 Len=1448 TSval=2916042842 TSecr=3045562616 [TCP segment of a reassembled PDU]"
"70898","38.762101409","192.168.1.55","192.168.1.2","TCP","1514","8004  >  36994 [ACK] Seq=421558 Ack=141 Win=65024 Len=1448 TSval=2916042842 TSecr=3045562616 [TCP segment of a reassembled PDU]"
"70899","38.762102595","192.168.1.55","192.168.1.2","TCP","994","[TCP Window Full] 8004  >  36994 [PSH, ACK] Seq=423006 Ack=141 Win=65024 Len=928 TSval=2916042842 TSecr=3045562616 [TCP segment of a reassembled PDU]"
"70900","38.769067976","192.168.1.2","192.168.1.55","TCP","66","36994  >  8004 [ACK] Seq=141 Ack=330334 Win=98304 Len=0 TSval=3045562624 TSecr=2916042841"
"70901","38.769099662","192.168.1.55","192.168.1.2","TCP","1514","8004  >  36994 [ACK] Seq=423934 Ack=141 Win=65024 Len=1448 TSval=2916042849 TSecr=3045562624 [TCP segment of a reassembled PDU]"
"70902","38.769104328","192.168.1.55","192.168.1.2","TCP","1514","8004  >  36994 [ACK] Seq=425382 Ack=141 Win=65024 Len=1448 TSval=2916042849 TSecr=3045562624 [TCP segment of a reassembled PDU]"
"70903","38.769106588","192.168.1.55","192.168.1.2","TCP","1514","8004  >  36994 [PSH, ACK] Seq=426830 Ack=141 Win=65024 Len=1448 TSval=2916042849 TSecr=3045562624 [TCP segment of a reassembled PDU]"
"70904","38.769429921","192.168.1.2","192.168.1.55","TCP","66","36994  >  8004 [ACK] Seq=141 Ack=375222 Win=55296 Len=0 TSval=3045562624 TSecr=2916042842"
"70905","38.769456421","192.168.1.2","192.168.1.55","TCP","66","[TCP Window Update] 36994  >  8004 [ACK] Seq=141 Ack=375222 Win=134144 Len=0 TSval=3045562624 TSecr=2916042842"
"70906","38.769530107","192.168.1.55","192.168.1.2","TCP","1514","8004  >  36994 [ACK] Seq=428278 Ack=141 Win=65024 Len=1448 TSval=2916042850 TSecr=3045562624 [TCP segment of a reassembled PDU]"
"70907","38.769537829","192.168.1.55","192.168.1.2","TCP","1514","8004  >  36994 [ACK] Seq=429726 Ack=141 Win=65024 Len=1448 TSval=2916042850 TSecr=3045562624 [TCP segment of a reassembled PDU]"
"70908","38.769539014","192.168.1.55","192.168.1.2","TCP","1514","8004  >  36994 [ACK] Seq=431174 Ack=141 Win=65024 Len=1448 TSval=2916042850 TSecr=3045562624 [TCP segment of a reassembled PDU]"
"70909","38.769540514","192.168.1.55","192.168.1.2","TCP","1514","8004  >  36994 [ACK] Seq=432622 Ack=141 Win=65024 Len=1448 TSval=2916042850 TSecr=3045562624 [TCP segment of a reassembled PDU]"
"70910","38.769542422","192.168.1.55","192.168.1.2","TCP","1514","8004  >  36994 [ACK] Seq=434070 Ack=141 Win=65024 Len=1448 TSval=2916042850 TSecr=3045562624 [TCP segment of a reassembled PDU]"
"70911","38.769544162","192.168.1.55","192.168.1.2","TCP","1514","8004  >  36994 [ACK] Seq=435518 Ack=141 Win=65024 Len=1448 TSval=2916042850 TSecr=3045562624 [TCP segment of a reassembled PDU]"
"70912","38.769546403","192.168.1.55","192.168.1.2","TCP","1514","8004  >  36994 [ACK] Seq=436966 Ack=141 Win=65024 Len=1448 TSval=2916042850 TSecr=3045562624 [TCP segment of a reassembled PDU]"
"70913","38.769547829","192.168.1.55","192.168.1.2","TCP","1514","8004  >  36994 [ACK] Seq=438414 Ack=141 Win=65024 Len=1448 TSval=2916042850 TSecr=3045562624 [TCP segment of a reassembled PDU]"
"70914","38.769549051","192.168.1.55","192.168.1.2","TCP","1514","8004  >  36994 [ACK] Seq=439862 Ack=141 Win=65024 Len=1448 TSval=2916042850 TSecr=3045562624 [TCP segment of a reassembled PDU]"
"70915","38.769550903","192.168.1.55","192.168.1.2","TCP","1514","8004  >  36994 [ACK] Seq=441310 Ack=141 Win=65024 Len=1448 TSval=2916042850 TSecr=3045562624 [TCP segment of a reassembled PDU]"
"70916","38.769552255","192.168.1.55","192.168.1.2","TCP","1514","8004  >  36994 [ACK] Seq=442758 Ack=141 Win=65024 Len=1448 TSval=2916042850 TSecr=3045562624 [TCP segment of a reassembled PDU]"
"70917","38.769554514","192.168.1.55","192.168.1.2","TCP","1514","8004  >  36994 [ACK] Seq=444206 Ack=141 Win=65024 Len=1448 TSval=2916042850 TSecr=3045562624 [TCP segment of a reassembled PDU]"
"70918","38.769556014","192.168.1.55","192.168.1.2","TCP","1514","8004  >  36994 [ACK] Seq=445654 Ack=141 Win=65024 Len=1448 TSval=2916042850 TSecr=3045562624 [TCP segment of a reassembled PDU]"
"70919","38.769557588","192.168.1.55","192.168.1.2","TCP","1514","8004  >  36994 [ACK] Seq=447102 Ack=141 Win=65024 Len=1448 TSval=2916042850 TSecr=3045562624 [TCP segment of a reassembled PDU]"
"70920","38.769559162","192.168.1.55","192.168.1.2","TCP","1514","8004  >  36994 [ACK] Seq=448550 Ack=141 Win=65024 Len=1448 TSval=2916042850 TSecr=3045562624 [TCP segment of a reassembled PDU]"
"70921","38.769561236","192.168.1.55","192.168.1.2","TCP","1514","8004  >  36994 [ACK] Seq=449998 Ack=141 Win=65024 Len=1448 TSval=2916042850 TSecr=3045562624 [TCP segment of a reassembled PDU]"
"70922","38.769563292","192.168.1.55","192.168.1.2","TCP","1514","8004  >  36994 [ACK] Seq=451446 Ack=141 Win=65024 Len=1448 TSval=2916042850 TSecr=3045562624 [TCP segment of a reassembled PDU]"
"70923","38.769565348","192.168.1.55","192.168.1.2","TCP","1514","8004  >  36994 [ACK] Seq=452894 Ack=141 Win=65024 Len=1448 TSval=2916042850 TSecr=3045562624 [TCP segment of a reassembled PDU]"
"70924","38.769566977","192.168.1.55","192.168.1.2","TCP","1514","8004  >  36994 [ACK] Seq=454342 Ack=141 Win=65024 Len=1448 TSval=2916042850 TSecr=3045562624 [TCP segment of a reassembled PDU]"
"70925","38.769569644","192.168.1.55","192.168.1.2","TCP","1514","8004  >  36994 [ACK] Seq=455790 Ack=141 Win=65024 Len=1448 TSval=2916042850 TSecr=3045562624 [TCP segment of a reassembled PDU]"
"70926","38.769571959","192.168.1.55","192.168.1.2","TCP","1514","8004  >  36994 [ACK] Seq=457238 Ack=141 Win=65024 Len=1448 TSval=2916042850 TSecr=3045562624 [TCP segment of a reassembled PDU]"
"70927","38.769574033","192.168.1.55","192.168.1.2","TCP","1514","8004  >  36994 [ACK] Seq=458686 Ack=141 Win=65024 Len=1448 TSval=2916042850 TSecr=3045562624 [TCP segment of a reassembled PDU]"
"70928","38.769577588","192.168.1.55","192.168.1.2","TCP","1514","8004  >  36994 [ACK] Seq=460134 Ack=141 Win=65024 Len=1448 TSval=2916042850 TSecr=3045562624 [TCP segment of a reassembled PDU]"
"70929","38.769578699","192.168.1.55","192.168.1.2","TCP","1514","8004  >  36994 [ACK] Seq=461582 Ack=141 Win=65024 Len=1448 TSval=2916042850 TSecr=3045562624 [TCP segment of a reassembled PDU]"
"70930","38.769580681","192.168.1.55","192.168.1.2","TCP","1514","8004  >  36994 [ACK] Seq=463030 Ack=141 Win=65024 Len=1448 TSval=2916042850 TSecr=3045562624 [TCP segment of a reassembled PDU]"
"70931","38.769582940","192.168.1.55","192.168.1.2","TCP","586","8004  >  36994 [PSH, ACK] Seq=464478 Ack=141 Win=65024 Len=520 TSval=2916042850 TSecr=3045562624 [TCP segment of a reassembled PDU]"
"70932","38.769662366","192.168.1.55","192.168.1.2","TCP","1514","8004  >  36994 [ACK] Seq=464998 Ack=141 Win=65024 Len=1448 TSval=2916042850 TSecr=3045562624 [TCP segment of a reassembled PDU]"
"70933","38.769664607","192.168.1.55","192.168.1.2","TCP","1514","8004  >  36994 [ACK] Seq=466446 Ack=141 Win=65024 Len=1448 TSval=2916042850 TSecr=3045562624 [TCP segment of a reassembled PDU]"
"70934","38.769666051","192.168.1.55","192.168.1.2","TCP","1514","8004  >  36994 [ACK] Seq=467894 Ack=141 Win=65024 Len=1448 TSval=2916042850 TSecr=3045562624 [TCP segment of a reassembled PDU]"
"70935","38.769666996","192.168.1.55","192.168.1.2","TCP","1514","8004  >  36994 [ACK] Seq=469342 Ack=141 Win=65024 Len=1448 TSval=2916042850 TSecr=3045562624 [TCP segment of a reassembled PDU]"
"70936","38.769668385","192.168.1.55","192.168.1.2","TCP","1514","8004  >  36994 [ACK] Seq=470790 Ack=141 Win=65024 Len=1448 TSval=2916042850 TSecr=3045562624 [TCP segment of a reassembled PDU]"
"70937","38.769669718","192.168.1.55","192.168.1.2","TCP","1514","8004  >  36994 [ACK] Seq=472238 Ack=141 Win=65024 Len=1448 TSval=2916042850 TSecr=3045562624 [TCP segment of a reassembled PDU]"
"70938","38.769671070","192.168.1.55","192.168.1.2","TCP","1514","8004  >  36994 [ACK] Seq=473686 Ack=141 Win=65024 Len=1448 TSval=2916042850 TSecr=3045562624 [TCP segment of a reassembled PDU]"
"70939","38.769672774","192.168.1.55","192.168.1.2","TCP","1514","8004  >  36994 [ACK] Seq=475134 Ack=141 Win=65024 Len=1448 TSval=2916042850 TSecr=3045562624 [TCP segment of a reassembled PDU]"
"70940","38.769675459","192.168.1.55","192.168.1.2","TCP","1514","8004  >  36994 [ACK] Seq=476582 Ack=141 Win=65024 Len=1448 TSval=2916042850 TSecr=3045562624 [TCP segment of a reassembled PDU]"
"70941","38.769676922","192.168.1.55","192.168.1.2","TCP","1514","8004  >  36994 [ACK] Seq=478030 Ack=141 Win=65024 Len=1448 TSval=2916042850 TSecr=3045562624 [TCP segment of a reassembled PDU]"
"70942","38.769680088","192.168.1.55","192.168.1.2","TCP","1514","8004  >  36994 [ACK] Seq=479478 Ack=141 Win=65024 Len=1448 TSval=2916042850 TSecr=3045562624 [TCP segment of a reassembled PDU]"
"70943","38.769682477","192.168.1.55","192.168.1.2","TCP","1514","8004  >  36994 [ACK] Seq=480926 Ack=141 Win=65024 Len=1448 TSval=2916042850 TSecr=3045562624 [TCP segment of a reassembled PDU]"
"70944","38.769684070","192.168.1.55","192.168.1.2","TCP","1514","8004  >  36994 [ACK] Seq=482374 Ack=141 Win=65024 Len=1448 TSval=2916042850 TSecr=3045562624 [TCP segment of a reassembled PDU]"
"70945","38.769685755","192.168.1.55","192.168.1.2","TCP","1514","8004  >  36994 [ACK] Seq=483822 Ack=141 Win=65024 Len=1448 TSval=2916042850 TSecr=3045562624 [TCP segment of a reassembled PDU]"
"70946","38.769688626","192.168.1.55","192.168.1.2","TCP","1514","8004  >  36994 [ACK] Seq=485270 Ack=141 Win=65024 Len=1448 TSval=2916042850 TSecr=3045562624 [TCP segment of a reassembled PDU]"
"70947","38.769690051","192.168.1.55","192.168.1.2","TCP","1514","8004  >  36994 [ACK] Seq=486718 Ack=141 Win=65024 Len=1448 TSval=2916042850 TSecr=3045562624 [TCP segment of a reassembled PDU]"
"70948","38.769693551","192.168.1.55","192.168.1.2","TCP","1514","8004  >  36994 [ACK] Seq=488166 Ack=141 Win=65024 Len=1448 TSval=2916042850 TSecr=3045562624 [TCP segment of a reassembled PDU]"
"70949","38.769695292","192.168.1.55","192.168.1.2","TCP","1514","8004  >  36994 [ACK] Seq=489614 Ack=141 Win=65024 Len=1448 TSval=2916042850 TSecr=3045562624 [TCP segment of a reassembled PDU]"
"70950","38.769696514","192.168.1.55","192.168.1.2","TCP","1514","8004  >  36994 [ACK] Seq=491062 Ack=141 Win=65024 Len=1448 TSval=2916042850 TSecr=3045562624 [TCP segment of a reassembled PDU]"
"70951","38.769698033","192.168.1.55","192.168.1.2","TCP","1514","8004  >  36994 [ACK] Seq=492510 Ack=141 Win=65024 Len=1448 TSval=2916042850 TSecr=3045562624 [TCP segment of a reassembled PDU]"
"70952","38.769700311","192.168.1.55","192.168.1.2","TCP","1514","8004  >  36994 [ACK] Seq=493958 Ack=141 Win=65024 Len=1448 TSval=2916042850 TSecr=3045562624 [TCP segment of a reassembled PDU]"
"70953","38.769702292","192.168.1.55","192.168.1.2","TCP","1514","8004  >  36994 [ACK] Seq=495406 Ack=141 Win=65024 Len=1448 TSval=2916042850 TSecr=3045562624 [TCP segment of a reassembled PDU]"
"70954","38.769704700","192.168.1.55","192.168.1.2","TCP","1514","8004  >  36994 [PSH, ACK] Seq=496854 Ack=141 Win=65024 Len=1448 TSval=2916042850 TSecr=3045562624 [TCP segment of a reassembled PDU]"
"70955","38.769716626","192.168.1.55","192.168.1.2","HTTP","1472","HTTP/1.0 200 OK  (PNG)"
"70956","38.769723977","192.168.1.2","192.168.1.55","TCP","66","36994  >  8004 [ACK] Seq=141 Ack=376670 Win=137216 Len=0 TSval=3045562624 TSecr=2916042842"
"70957","38.769738755","192.168.1.2","192.168.1.55","TCP","66","36994  >  8004 [ACK] Seq=141 Ack=414318 Win=103424 Len=0 TSval=3045562624 TSecr=2916042842"
"70958","38.769821978","192.168.1.2","192.168.1.55","TCP","66","36994  >  8004 [ACK] Seq=141 Ack=420110 Win=98304 Len=0 TSval=3045562624 TSecr=2916042842"
"70959","38.769832385","192.168.1.2","192.168.1.55","TCP","66","36994  >  8004 [ACK] Seq=141 Ack=423934 Win=136192 Len=0 TSval=3045562624 TSecr=2916042842"
"70960","38.774930560","192.168.1.2","192.168.1.55","TCP","66","36994  >  8004 [ACK] Seq=141 Ack=464998 Win=137216 Len=0 TSval=3045562630 TSecr=2916042849"
"70961","38.775031523","192.168.1.2","192.168.1.55","TCP","66","36994  >  8004 [ACK] Seq=141 Ack=489614 Win=126976 Len=0 TSval=3045562630 TSecr=2916042850"
"70962","38.775850728","192.168.1.2","192.168.1.55","TCP","66","36994  >  8004 [ACK] Seq=141 Ack=498302 Win=154624 Len=0 TSval=3045562631 TSecr=2916042850"
"70963","38.777359305","192.168.1.2","192.168.1.55","TCP","66","36994  >  8004 [FIN, ACK] Seq=141 Ack=499709 Win=157696 Len=0 TSval=3045562632 TSecr=2916042850"
"70964","38.777393286","192.168.1.55","192.168.1.2","TCP","66","8004  >  36994 [ACK] Seq=499709 Ack=142 Win=65024 Len=0 TSval=2916042858 TSecr=3045562632"
"70965","38.777431768","192.168.1.2","192.168.1.55","TCP","74","37004  >  8004 [SYN] Seq=0 Win=64240 Len=0 MSS=1460 SACK_PERM TSval=3045562632 TSecr=0 WS=1024"
"70966","38.777459749","192.168.1.55","192.168.1.2","TCP","74","8004  >  37004 [SYN, ACK] Seq=0 Ack=1 Win=65160 Len=0 MSS=1460 SACK_PERM TSval=2916042858 TSecr=3045562632 WS=128"
"70967","38.780749014","192.168.1.2","192.168.1.55","TCP","66","37004  >  8004 [ACK] Seq=1 Ack=1 Win=64512 Len=0 TSval=3045562635 TSecr=2916042858"
"70968","38.784012927","192.168.1.2","192.168.1.55","HTTP","209","GET /original_benchmark.png HTTP/1.1 "
"70969","38.784069816","192.168.1.55","192.168.1.2","TCP","66","8004  >  37004 [ACK] Seq=1 Ack=144 Win=65024 Len=0 TSval=2916042864 TSecr=3045562635"
"70970","38.784774187","192.168.1.55","192.168.1.2","TCP","255","8004  >  37004 [PSH, ACK] Seq=1 Ack=144 Win=65024 Len=189 TSval=2916042865 TSecr=3045562635 [TCP segment of a reassembled PDU]"
"70971","38.784891761","192.168.1.55","192.168.1.2","TCP","1514","8004  >  37004 [ACK] Seq=190 Ack=144 Win=65024 Len=1448 TSval=2916042865 TSecr=3045562635 [TCP segment of a reassembled PDU]"
"70972","38.784896669","192.168.1.55","192.168.1.2","TCP","1514","8004  >  37004 [ACK] Seq=1638 Ack=144 Win=65024 Len=1448 TSval=2916042865 TSecr=3045562635 [TCP segment of a reassembled PDU]"
"70973","38.784897910","192.168.1.55","192.168.1.2","TCP","1514","8004  >  37004 [ACK] Seq=3086 Ack=144 Win=65024 Len=1448 TSval=2916042865 TSecr=3045562635 [TCP segment of a reassembled PDU]"
"70974","38.784899595","192.168.1.55","192.168.1.2","TCP","1514","8004  >  37004 [ACK] Seq=4534 Ack=144 Win=65024 Len=1448 TSval=2916042865 TSecr=3045562635 [TCP segment of a reassembled PDU]"
"70975","38.784901428","192.168.1.55","192.168.1.2","TCP","1514","8004  >  37004 [PSH, ACK] Seq=5982 Ack=144 Win=65024 Len=1448 TSval=2916042865 TSecr=3045562635 [TCP segment of a reassembled PDU]"
"70976","38.784918724","192.168.1.55","192.168.1.2","TCP","1514","8004  >  37004 [ACK] Seq=7430 Ack=144 Win=65024 Len=1448 TSval=2916042865 TSecr=3045562635 [TCP segment of a reassembled PDU]"
"70977","38.784920947","192.168.1.55","192.168.1.2","TCP","1514","8004  >  37004 [ACK] Seq=8878 Ack=144 Win=65024 Len=1448 TSval=2916042865 TSecr=3045562635 [TCP segment of a reassembled PDU]"
"70978","38.784922447","192.168.1.55","192.168.1.2","TCP","1514","8004  >  37004 [ACK] Seq=10326 Ack=144 Win=65024 Len=1448 TSval=2916042865 TSecr=3045562635 [TCP segment of a reassembled PDU]"
"70979","38.784924224","192.168.1.55","192.168.1.2","TCP","1514","8004  >  37004 [PSH, ACK] Seq=11774 Ack=144 Win=65024 Len=1448 TSval=2916042865 TSecr=3045562635 [TCP segment of a reassembled PDU]"
"70980","38.787442432","192.168.1.2","192.168.1.55","TCP","66","37004  >  8004 [ACK] Seq=144 Ack=190 Win=64512 Len=0 TSval=3045562642 TSecr=2916042865"
"70981","38.787511080","192.168.1.55","192.168.1.2","TCP","1514","8004  >  37004 [ACK] Seq=13222 Ack=144 Win=65024 Len=1448 TSval=2916042868 TSecr=3045562642 [TCP segment of a reassembled PDU]"
"70982","38.787517673","192.168.1.55","192.168.1.2","TCP","1514","8004  >  37004 [PSH, ACK] Seq=14670 Ack=144 Win=65024 Len=1448 TSval=2916042868 TSecr=3045562642 [TCP segment of a reassembled PDU]"
"70983","38.787719618","192.168.1.2","192.168.1.55","TCP","66","37004  >  8004 [ACK] Seq=144 Ack=3086 Win=70656 Len=0 TSval=3045562642 TSecr=2916042865"
"70984","38.789261139","192.168.1.2","192.168.1.55","TCP","66","37004  >  8004 [ACK] Seq=144 Ack=4534 Win=73728 Len=0 TSval=3045562643 TSecr=2916042865"
"70985","38.789288972","192.168.1.55","192.168.1.2","TCP","1514","8004  >  37004 [ACK] Seq=16118 Ack=144 Win=65024 Len=1448 TSval=2916042869 TSecr=3045562643 [TCP segment of a reassembled PDU]"
"70986","38.789298972","192.168.1.55","192.168.1.2","TCP","1514","8004  >  37004 [ACK] Seq=17566 Ack=144 Win=65024 Len=1448 TSval=2916042869 TSecr=3045562643 [TCP segment of a reassembled PDU]"
"70987","38.789300361","192.168.1.55","192.168.1.2","TCP","1514","8004  >  37004 [ACK] Seq=19014 Ack=144 Win=65024 Len=1448 TSval=2916042869 TSecr=3045562643 [TCP segment of a reassembled PDU]"
"70988","38.789301657","192.168.1.55","192.168.1.2","TCP","1514","8004  >  37004 [ACK] Seq=20462 Ack=144 Win=65024 Len=1448 TSval=2916042869 TSecr=3045562643 [TCP segment of a reassembled PDU]"
"70989","38.789303194","192.168.1.55","192.168.1.2","TCP","1514","8004  >  37004 [ACK] Seq=21910 Ack=144 Win=65024 Len=1448 TSval=2916042869 TSecr=3045562643 [TCP segment of a reassembled PDU]"
"70990","38.789304491","192.168.1.55","192.168.1.2","TCP","1514","8004  >  37004 [PSH, ACK] Seq=23358 Ack=144 Win=65024 Len=1448 TSval=2916042869 TSecr=3045562643 [TCP segment of a reassembled PDU]"
"70991","38.789384306","192.168.1.2","192.168.1.55","TCP","66","37004  >  8004 [ACK] Seq=144 Ack=7430 Win=79872 Len=0 TSval=3045562644 TSecr=2916042865"
"70992","38.789392824","192.168.1.2","192.168.1.55","TCP","66","37004  >  8004 [ACK] Seq=144 Ack=13222 Win=81920 Len=0 TSval=3045562645 TSecr=2916042865"
"70993","38.789420324","192.168.1.55","192.168.1.2","TCP","1514","8004  >  37004 [ACK] Seq=24806 Ack=144 Win=65024 Len=1448 TSval=2916042870 TSecr=3045562645 [TCP segment of a reassembled PDU]"
"70994","38.789424324","192.168.1.55","192.168.1.2","TCP","1514","8004  >  37004 [ACK] Seq=26254 Ack=144 Win=65024 Len=1448 TSval=2916042870 TSecr=3045562645 [TCP segment of a reassembled PDU]"
"70995","38.789425398","192.168.1.55","192.168.1.2","TCP","1514","8004  >  37004 [ACK] Seq=27702 Ack=144 Win=65024 Len=1448 TSval=2916042870 TSecr=3045562645 [TCP segment of a reassembled PDU]"
"70996","38.789427398","192.168.1.55","192.168.1.2","TCP","1514","8004  >  37004 [ACK] Seq=29150 Ack=144 Win=65024 Len=1448 TSval=2916042870 TSecr=3045562645 [TCP segment of a reassembled PDU]"
"70997","38.789429213","192.168.1.55","192.168.1.2","TCP","1514","8004  >  37004 [ACK] Seq=30598 Ack=144 Win=65024 Len=1448 TSval=2916042870 TSecr=3045562645 [TCP segment of a reassembled PDU]"
"70998","38.789430491","192.168.1.55","192.168.1.2","TCP","1514","8004  >  37004 [ACK] Seq=32046 Ack=144 Win=65024 Len=1448 TSval=2916042870 TSecr=3045562645 [TCP segment of a reassembled PDU]"
"70999","38.789432010","192.168.1.55","192.168.1.2","TCP","1514","8004  >  37004 [ACK] Seq=33494 Ack=144 Win=65024 Len=1448 TSval=2916042870 TSecr=3045562645 [TCP segment of a reassembled PDU]"
"71000","38.789433287","192.168.1.55","192.168.1.2","TCP","1514","8004  >  37004 [PSH, ACK] Seq=34942 Ack=144 Win=65024 Len=1448 TSval=2916042870 TSecr=3045562645 [TCP segment of a reassembled PDU]"
"71001","38.793398683","192.168.1.2","192.168.1.55","TCP","66","37004  >  8004 [ACK] Seq=144 Ack=16118 Win=88064 Len=0 TSval=3045562648 TSecr=2916042868"
"71002","38.793480572","192.168.1.55","192.168.1.2","TCP","1514","8004  >  37004 [ACK] Seq=36390 Ack=144 Win=65024 Len=1448 TSval=2916042874 TSecr=3045562648 [TCP segment of a reassembled PDU]"
"71003","38.793486720","192.168.1.55","192.168.1.2","TCP","1514","8004  >  37004 [PSH, ACK] Seq=37838 Ack=144 Win=65024 Len=1448 TSval=2916042874 TSecr=3045562648 [TCP segment of a reassembled PDU]"
"71004","38.793554646","192.168.1.2","192.168.1.55","TCP","66","37004  >  8004 [ACK] Seq=144 Ack=24806 Win=81920 Len=0 TSval=3045562648 TSecr=2916042869"
"71005","38.793570498","192.168.1.55","192.168.1.2","TCP","1514","8004  >  37004 [ACK] Seq=39286 Ack=144 Win=65024 Len=1448 TSval=2916042874 TSecr=3045562648 [TCP segment of a reassembled PDU]"
"71006","38.793572664","192.168.1.55","192.168.1.2","TCP","1514","8004  >  37004 [ACK] Seq=40734 Ack=144 Win=65024 Len=1448 TSval=2916042874 TSecr=3045562648 [TCP segment of a reassembled PDU]"
"71007","38.793575294","192.168.1.55","192.168.1.2","TCP","1514","8004  >  37004 [ACK] Seq=42182 Ack=144 Win=65024 Len=1448 TSval=2916042874 TSecr=3045562648 [TCP segment of a reassembled PDU]"
"71008","38.793576887","192.168.1.55","192.168.1.2","TCP","1514","8004  >  37004 [PSH, ACK] Seq=43630 Ack=144 Win=65024 Len=1448 TSval=2916042874 TSecr=3045562648 [TCP segment of a reassembled PDU]"
"71009","38.793584387","192.168.1.2","192.168.1.55","TCP","66","37004  >  8004 [ACK] Seq=144 Ack=29150 Win=77824 Len=0 TSval=3045562648 TSecr=2916042870"
"71010","38.793590590","192.168.1.2","192.168.1.55","TCP","66","37004  >  8004 [ACK] Seq=144 Ack=36390 Win=84992 Len=0 TSval=3045562649 TSecr=2916042870"
"71011","38.793621127","192.168.1.55","192.168.1.2","TCP","1514","8004  >  37004 [ACK] Seq=45078 Ack=144 Win=65024 Len=1448 TSval=2916042874 TSecr=3045562649 [TCP segment of a reassembled PDU]"
"71012","38.793624683","192.168.1.55","192.168.1.2","TCP","1514","8004  >  37004 [ACK] Seq=46526 Ack=144 Win=65024 Len=1448 TSval=2916042874 TSecr=3045562649 [TCP segment of a reassembled PDU]"
"71013","38.793626683","192.168.1.55","192.168.1.2","TCP","1514","8004  >  37004 [ACK] Seq=47974 Ack=144 Win=65024 Len=1448 TSval=2916042874 TSecr=3045562649 [TCP segment of a reassembled PDU]"
"71014","38.793628387","192.168.1.55","192.168.1.2","TCP","1514","8004  >  37004 [ACK] Seq=49422 Ack=144 Win=65024 Len=1448 TSval=2916042874 TSecr=3045562649 [TCP segment of a reassembled PDU]"
"71015","38.793629942","192.168.1.55","192.168.1.2","TCP","1514","8004  >  37004 [ACK] Seq=50870 Ack=144 Win=65024 Len=1448 TSval=2916042874 TSecr=3045562649 [TCP segment of a reassembled PDU]"
"71016","38.793631794","192.168.1.55","192.168.1.2","TCP","1514","8004  >  37004 [ACK] Seq=52318 Ack=144 Win=65024 Len=1448 TSval=2916042874 TSecr=3045562649 [TCP segment of a reassembled PDU]"
"71017","38.793633257","192.168.1.55","192.168.1.2","TCP","1514","8004  >  37004 [ACK] Seq=53766 Ack=144 Win=65024 Len=1448 TSval=2916042874 TSecr=3045562649 [TCP segment of a reassembled PDU]"
"71018","38.793634646","192.168.1.55","192.168.1.2","TCP","1514","8004  >  37004 [PSH, ACK] Seq=55214 Ack=144 Win=65024 Len=1448 TSval=2916042874 TSecr=3045562649 [TCP segment of a reassembled PDU]"
"71019","38.794195128","192.168.1.55","192.168.1.2","TCP","1514","8004  >  37004 [ACK] Seq=56662 Ack=144 Win=65024 Len=1448 TSval=2916042874 TSecr=3045562649 [TCP segment of a reassembled PDU]"
"71020","38.794197369","192.168.1.55","192.168.1.2","TCP","1514","8004  >  37004 [ACK] Seq=58110 Ack=144 Win=65024 Len=1448 TSval=2916042874 TSecr=3045562649 [TCP segment of a reassembled PDU]"
"71021","38.794198443","192.168.1.55","192.168.1.2","TCP","1514","8004  >  37004 [PSH, ACK] Seq=59558 Ack=144 Win=65024 Len=1448 TSval=2916042874 TSecr=3045562649 [TCP segment of a reassembled PDU]"
"71022","38.798178357","192.168.1.2","192.168.1.55","TCP","66","37004  >  8004 [ACK] Seq=144 Ack=39286 Win=90112 Len=0 TSval=3045562652 TSecr=2916042874"
"71023","38.798216542","192.168.1.55","192.168.1.2","TCP","1514","8004  >  37004 [ACK] Seq=61006 Ack=144 Win=65024 Len=1448 TSval=2916042878 TSecr=3045562652 [TCP segment of a reassembled PDU]"
"71024","38.798220061","192.168.1.55","192.168.1.2","TCP","1514","8004  >  37004 [PSH, ACK] Seq=62454 Ack=144 Win=65024 Len=1448 TSval=2916042878 TSecr=3045562652 [TCP segment of a reassembled PDU]"
"71025","38.798420432","192.168.1.2","192.168.1.55","TCP","66","37004  >  8004 [ACK] Seq=144 Ack=56662 Win=76800 Len=0 TSval=3045562652 TSecr=2916042874"
"71026","38.798441580","192.168.1.55","192.168.1.2","TCP","1514","8004  >  37004 [ACK] Seq=63902 Ack=144 Win=65024 Len=1448 TSval=2916042879 TSecr=3045562652 [TCP segment of a reassembled PDU]"
"71027","38.798443858","192.168.1.55","192.168.1.2","TCP","1514","8004  >  37004 [ACK] Seq=65350 Ack=144 Win=65024 Len=1448 TSval=2916042879 TSecr=3045562652 [TCP segment of a reassembled PDU]"
"71028","38.798445432","192.168.1.55","192.168.1.2","TCP","1514","8004  >  37004 [ACK] Seq=66798 Ack=144 Win=65024 Len=1448 TSval=2916042879 TSecr=3045562652 [TCP segment of a reassembled PDU]"
"71029","38.798446672","192.168.1.55","192.168.1.2","TCP","1514","8004  >  37004 [ACK] Seq=68246 Ack=144 Win=65024 Len=1448 TSval=2916042879 TSecr=3045562652 [TCP segment of a reassembled PDU]"
"71030","38.798448265","192.168.1.55","192.168.1.2","TCP","1514","8004  >  37004 [ACK] Seq=69694 Ack=144 Win=65024 Len=1448 TSval=2916042879 TSecr=3045562652 [TCP segment of a reassembled PDU]"
"71031","38.798449913","192.168.1.55","192.168.1.2","TCP","1514","8004  >  37004 [ACK] Seq=71142 Ack=144 Win=65024 Len=1448 TSval=2916042879 TSecr=3045562652 [TCP segment of a reassembled PDU]"
"71032","38.798451728","192.168.1.55","192.168.1.2","TCP","1514","8004  >  37004 [ACK] Seq=72590 Ack=144 Win=65024 Len=1448 TSval=2916042879 TSecr=3045562652 [TCP segment of a reassembled PDU]"
"71033","38.798452895","192.168.1.55","192.168.1.2","TCP","1514","8004  >  37004 [PSH, ACK] Seq=74038 Ack=144 Win=65024 Len=1448 TSval=2916042879 TSecr=3045562652 [TCP segment of a reassembled PDU]"
"71034","38.798457024","192.168.1.2","192.168.1.55","TCP","66","37004  >  8004 [ACK] Seq=144 Ack=59558 Win=74752 Len=0 TSval=3045562652 TSecr=2916042874"
"71035","38.798462061","192.168.1.2","192.168.1.55","TCP","66","37004  >  8004 [ACK] Seq=144 Ack=61006 Win=90112 Len=0 TSval=3045562652 TSecr=2916042874"
"71036","38.798795228","192.168.1.55","192.168.1.2","TCP","1514","8004  >  37004 [ACK] Seq=75486 Ack=144 Win=65024 Len=1448 TSval=2916042879 TSecr=3045562652 [TCP segment of a reassembled PDU]"
"71037","38.798805173","192.168.1.55","192.168.1.2","TCP","1514","8004  >  37004 [ACK] Seq=76934 Ack=144 Win=65024 Len=1448 TSval=2916042879 TSecr=3045562652 [TCP segment of a reassembled PDU]"
"71038","38.798807006","192.168.1.55","192.168.1.2","TCP","1514","8004  >  37004 [ACK] Seq=78382 Ack=144 Win=65024 Len=1448 TSval=2916042879 TSecr=3045562652 [TCP segment of a reassembled PDU]"
"71039","38.798808654","192.168.1.55","192.168.1.2","TCP","1514","8004  >  37004 [ACK] Seq=79830 Ack=144 Win=65024 Len=1448 TSval=2916042879 TSecr=3045562652 [TCP segment of a reassembled PDU]"
"71040","38.798810006","192.168.1.55","192.168.1.2","TCP","1514","8004  >  37004 [ACK] Seq=81278 Ack=144 Win=65024 Len=1448 TSval=2916042879 TSecr=3045562652 [TCP segment of a reassembled PDU]"
"71041","38.798811321","192.168.1.55","192.168.1.2","TCP","1514","8004  >  37004 [ACK] Seq=82726 Ack=144 Win=65024 Len=1448 TSval=2916042879 TSecr=3045562652 [TCP segment of a reassembled PDU]"
"71042","38.798813580","192.168.1.55","192.168.1.2","TCP","1514","8004  >  37004 [PSH, ACK] Seq=84174 Ack=144 Win=65024 Len=1448 TSval=2916042879 TSecr=3045562652 [TCP segment of a reassembled PDU]"
"71043","38.803027698","192.168.1.2","192.168.1.55","TCP","66","37004  >  8004 [ACK] Seq=144 Ack=63902 Win=88064 Len=0 TSval=3045562656 TSecr=2916042878"
"71044","38.803044346","192.168.1.55","192.168.1.2","TCP","1514","8004  >  37004 [ACK] Seq=85622 Ack=144 Win=65024 Len=1448 TSval=2916042883 TSecr=3045562656 [TCP segment of a reassembled PDU]"
"71045","38.803047365","192.168.1.55","192.168.1.2","TCP","1514","8004  >  37004 [PSH, ACK] Seq=87070 Ack=144 Win=65024 Len=1448 TSval=2916042883 TSecr=3045562656 [TCP segment of a reassembled PDU]"
"71046","38.803238291","192.168.1.2","192.168.1.55","TCP","66","37004  >  8004 [ACK] Seq=144 Ack=75486 Win=81920 Len=0 TSval=3045562656 TSecr=2916042879"
"71047","38.803254828","192.168.1.55","192.168.1.2","TCP","1514","8004  >  37004 [ACK] Seq=88518 Ack=144 Win=65024 Len=1448 TSval=2916042883 TSecr=3045562656 [TCP segment of a reassembled PDU]"
"71048","38.803256439","192.168.1.55","192.168.1.2","TCP","1514","8004  >  37004 [ACK] Seq=89966 Ack=144 Win=65024 Len=1448 TSval=2916042883 TSecr=3045562656 [TCP segment of a reassembled PDU]"
"71049","38.803257532","192.168.1.55","192.168.1.2","TCP","1514","8004  >  37004 [ACK] Seq=91414 Ack=144 Win=65024 Len=1448 TSval=2916042883 TSecr=3045562656 [TCP segment of a reassembled PDU]"
"71050","38.803258976","192.168.1.55","192.168.1.2","TCP","1514","8004  >  37004 [ACK] Seq=92862 Ack=144 Win=65024 Len=1448 TSval=2916042883 TSecr=3045562656 [TCP segment of a reassembled PDU]"
"71051","38.803260143","192.168.1.55","192.168.1.2","TCP","1514","8004  >  37004 [ACK] Seq=94310 Ack=144 Win=65024 Len=1448 TSval=2916042883 TSecr=3045562656 [TCP segment of a reassembled PDU]"
"71052","38.803261236","192.168.1.55","192.168.1.2","TCP","1514","8004  >  37004 [ACK] Seq=95758 Ack=144 Win=65024 Len=1448 TSval=2916042883 TSecr=3045562656 [TCP segment of a reassembled PDU]"
"71053","38.803262439","192.168.1.55","192.168.1.2","TCP","1514","8004  >  37004 [ACK] Seq=97206 Ack=144 Win=65024 Len=1448 TSval=2916042883 TSecr=3045562656 [TCP segment of a reassembled PDU]"
"71054","38.803263551","192.168.1.55","192.168.1.2","TCP","1514","8004  >  37004 [ACK] Seq=98654 Ack=144 Win=65024 Len=1448 TSval=2916042883 TSecr=3045562656 [TCP segment of a reassembled PDU]"
"71055","38.803264680","192.168.1.55","192.168.1.2","TCP","1514","8004  >  37004 [PSH, ACK] Seq=100102 Ack=144 Win=65024 Len=1448 TSval=2916042883 TSecr=3045562656 [TCP segment of a reassembled PDU]"
"71056","38.803268588","192.168.1.2","192.168.1.55","TCP","66","37004  >  8004 [ACK] Seq=144 Ack=82726 Win=75776 Len=0 TSval=3045562656 TSecr=2916042879"
"71057","38.803274680","192.168.1.2","192.168.1.55","TCP","66","37004  >  8004 [ACK] Seq=144 Ack=84174 Win=90112 Len=0 TSval=3045562657 TSecr=2916042879"
"71058","38.803278551","192.168.1.2","192.168.1.55","TCP","66","37004  >  8004 [ACK] Seq=144 Ack=85622 Win=90112 Len=0 TSval=3045562657 TSecr=2916042879"
"71059","38.803649885","192.168.1.55","192.168.1.2","TCP","1514","8004  >  37004 [ACK] Seq=101550 Ack=144 Win=65024 Len=1448 TSval=2916042884 TSecr=3045562657 [TCP segment of a reassembled PDU]"
"71060","38.803651459","192.168.1.55","192.168.1.2","TCP","1514","8004  >  37004 [ACK] Seq=102998 Ack=144 Win=65024 Len=1448 TSval=2916042884 TSecr=3045562657 [TCP segment of a reassembled PDU]"
"71061","38.803652644","192.168.1.55","192.168.1.2","TCP","1514","8004  >  37004 [ACK] Seq=104446 Ack=144 Win=65024 Len=1448 TSval=2916042884 TSecr=3045562657 [TCP segment of a reassembled PDU]"
"71062","38.803654088","192.168.1.55","192.168.1.2","TCP","1514","8004  >  37004 [ACK] Seq=105894 Ack=144 Win=65024 Len=1448 TSval=2916042884 TSecr=3045562657 [TCP segment of a reassembled PDU]"
"71063","38.803655181","192.168.1.55","192.168.1.2","TCP","1514","8004  >  37004 [ACK] Seq=107342 Ack=144 Win=65024 Len=1448 TSval=2916042884 TSecr=3045562657 [TCP segment of a reassembled PDU]"
"71064","38.803656273","192.168.1.55","192.168.1.2","TCP","1514","8004  >  37004 [PSH, ACK] Seq=108790 Ack=144 Win=65024 Len=1448 TSval=2916042884 TSecr=3045562657 [TCP segment of a reassembled PDU]"
"71065","38.803661866","192.168.1.55","192.168.1.2","TCP","1514","8004  >  37004 [ACK] Seq=110238 Ack=144 Win=65024 Len=1448 TSval=2916042884 TSecr=3045562657 [TCP segment of a reassembled PDU]"
"71066","38.805938944","192.168.1.2","192.168.1.55","TCP","66","37004  >  8004 [ACK] Seq=144 Ack=88518 Win=88064 Len=0 TSval=3045562660 TSecr=2916042883"
"71067","38.805948092","192.168.1.55","192.168.1.2","TCP","1514","8004  >  37004 [ACK] Seq=111686 Ack=144 Win=65024 Len=1448 TSval=2916042886 TSecr=3045562660 [TCP segment of a reassembled PDU]"
"71068","38.805950277","192.168.1.55","192.168.1.2","TCP","1514","8004  >  37004 [PSH, ACK] Seq=113134 Ack=144 Win=65024 Len=1448 TSval=2916042886 TSecr=3045562660 [TCP segment of a reassembled PDU]"
"71069","38.806123222","192.168.1.2","192.168.1.55","TCP","66","37004  >  8004 [ACK] Seq=144 Ack=91414 Win=89088 Len=0 TSval=3045562660 TSecr=2916042883"
"71070","38.809106430","192.168.1.2","192.168.1.55","TCP","66","37004  >  8004 [ACK] Seq=144 Ack=102998 Win=78848 Len=0 TSval=3045562662 TSecr=2916042883"
"71071","38.809117393","192.168.1.55","192.168.1.2","TCP","1514","8004  >  37004 [ACK] Seq=114582 Ack=144 Win=65024 Len=1448 TSval=2916042889 TSecr=3045562662 [TCP segment of a reassembled PDU]"
"71072","38.809119560","192.168.1.55","192.168.1.2","TCP","1514","8004  >  37004 [ACK] Seq=116030 Ack=144 Win=65024 Len=1448 TSval=2916042889 TSecr=3045562662 [TCP segment of a reassembled PDU]"
"71073","38.809120782","192.168.1.55","192.168.1.2","TCP","1514","8004  >  37004 [ACK] Seq=117478 Ack=144 Win=65024 Len=1448 TSval=2916042889 TSecr=3045562662 [TCP segment of a reassembled PDU]"
"71074","38.809122097","192.168.1.55","192.168.1.2","TCP","1514","8004  >  37004 [PSH, ACK] Seq=118926 Ack=144 Win=65024 Len=1448 TSval=2916042889 TSecr=3045562662 [TCP segment of a reassembled PDU]"
"71075","38.809134634","192.168.1.55","192.168.1.2","TCP","1514","8004  >  37004 [ACK] Seq=120374 Ack=144 Win=65024 Len=1448 TSval=2916042889 TSecr=3045562662 [TCP segment of a reassembled PDU]"
"71076","38.809136171","192.168.1.55","192.168.1.2","TCP","1514","8004  >  37004 [ACK] Seq=121822 Ack=144 Win=65024 Len=1448 TSval=2916042889 TSecr=3045562662 [TCP segment of a reassembled PDU]"
"71077","38.809137375","192.168.1.55","192.168.1.2","TCP","1514","8004  >  37004 [ACK] Seq=123270 Ack=144 Win=65024 Len=1448 TSval=2916042889 TSecr=3045562662 [TCP segment of a reassembled PDU]"
"71078","38.809138579","192.168.1.55","192.168.1.2","TCP","1514","8004  >  37004 [ACK] Seq=124718 Ack=144 Win=65024 Len=1448 TSval=2916042889 TSecr=3045562662 [TCP segment of a reassembled PDU]"
"71079","38.809140190","192.168.1.55","192.168.1.2","TCP","1514","8004  >  37004 [ACK] Seq=126166 Ack=144 Win=65024 Len=1448 TSval=2916042889 TSecr=3045562662 [TCP segment of a reassembled PDU]"
"71080","38.809141412","192.168.1.55","192.168.1.2","TCP","1514","8004  >  37004 [ACK] Seq=127614 Ack=144 Win=65024 Len=1448 TSval=2916042889 TSecr=3045562662 [TCP segment of a reassembled PDU]"
"71081","38.809142708","192.168.1.55","192.168.1.2","TCP","1514","8004  >  37004 [PSH, ACK] Seq=129062 Ack=144 Win=65024 Len=1448 TSval=2916042889 TSecr=3045562662 [TCP segment of a reassembled PDU]"
"71082","38.812105491","192.168.1.2","192.168.1.55","TCP","66","37004  >  8004 [ACK] Seq=144 Ack=110238 Win=83968 Len=0 TSval=3045562664 TSecr=2916042884"
"71083","38.812119380","192.168.1.55","192.168.1.2","TCP","1514","8004  >  37004 [ACK] Seq=130510 Ack=144 Win=65024 Len=1448 TSval=2916042892 TSecr=3045562664 [TCP segment of a reassembled PDU]"
"71084","38.812121898","192.168.1.55","192.168.1.2","TCP","1514","8004  >  37004 [ACK] Seq=131958 Ack=144 Win=65024 Len=1448 TSval=2916042892 TSecr=3045562664 [TCP segment of a reassembled PDU]"
"71085","38.812123176","192.168.1.55","192.168.1.2","TCP","1514","8004  >  37004 [ACK] Seq=133406 Ack=144 Win=65024 Len=1448 TSval=2916042892 TSecr=3045562664 [TCP segment of a reassembled PDU]"
"71086","38.812124398","192.168.1.55","192.168.1.2","TCP","1514","8004  >  37004 [ACK] Seq=134854 Ack=144 Win=65024 Len=1448 TSval=2916042892 TSecr=3045562664 [TCP segment of a reassembled PDU]"
"71087","38.812125713","192.168.1.55","192.168.1.2","TCP","1514","8004  >  37004 [PSH, ACK] Seq=136302 Ack=144 Win=65024 Len=1448 TSval=2916042892 TSecr=3045562664 [TCP segment of a reassembled PDU]"
"71088","38.812419769","192.168.1.2","192.168.1.55","TCP","66","37004  >  8004 [ACK] Seq=144 Ack=114582 Win=87040 Len=0 TSval=3045562665 TSecr=2916042884"
"71089","38.814367532","192.168.1.2","192.168.1.55","TCP","66","37004  >  8004 [ACK] Seq=144 Ack=130510 Win=75776 Len=0 TSval=3045562668 TSecr=2916042889"
"71090","38.814382606","192.168.1.55","192.168.1.2","TCP","1514","8004  >  37004 [ACK] Seq=137750 Ack=144 Win=65024 Len=1448 TSval=2916042895 TSecr=3045562668 [TCP segment of a reassembled PDU]"
"71091","38.814384754","192.168.1.55","192.168.1.2","TCP","1514","8004  >  37004 [ACK] Seq=139198 Ack=144 Win=65024 Len=1448 TSval=2916042895 TSecr=3045562668 [TCP segment of a reassembled PDU]"
"71092","38.814386087","192.168.1.55","192.168.1.2","TCP","1514","8004  >  37004 [ACK] Seq=140646 Ack=144 Win=65024 Len=1448 TSval=2916042895 TSecr=3045562668 [TCP segment of a reassembled PDU]"
"71093","38.814387402","192.168.1.55","192.168.1.2","TCP","1514","8004  >  37004 [ACK] Seq=142094 Ack=144 Win=65024 Len=1448 TSval=2916042895 TSecr=3045562668 [TCP segment of a reassembled PDU]"
"71094","38.814388735","192.168.1.55","192.168.1.2","TCP","1514","8004  >  37004 [ACK] Seq=143542 Ack=144 Win=65024 Len=1448 TSval=2916042895 TSecr=3045562668 [TCP segment of a reassembled PDU]"
"71095","38.814390198","192.168.1.55","192.168.1.2","TCP","1514","8004  >  37004 [ACK] Seq=144990 Ack=144 Win=65024 Len=1448 TSval=2916042895 TSecr=3045562668 [TCP segment of a reassembled PDU]"
"71096","38.814391569","192.168.1.55","192.168.1.2","TCP","1514","8004  >  37004 [ACK] Seq=146438 Ack=144 Win=65024 Len=1448 TSval=2916042895 TSecr=3045562668 [TCP segment of a reassembled PDU]"
"71097","38.814392902","192.168.1.55","192.168.1.2","TCP","1514","8004  >  37004 [ACK] Seq=147886 Ack=144 Win=65024 Len=1448 TSval=2916042895 TSecr=3045562668 [TCP segment of a reassembled PDU]"
"71098","38.814394180","192.168.1.55","192.168.1.2","TCP","1514","8004  >  37004 [ACK] Seq=149334 Ack=144 Win=65024 Len=1448 TSval=2916042895 TSecr=3045562668 [TCP segment of a reassembled PDU]"
"71099","38.814395458","192.168.1.55","192.168.1.2","TCP","1514","8004  >  37004 [PSH, ACK] Seq=150782 Ack=144 Win=65024 Len=1448 TSval=2916042895 TSecr=3045562668 [TCP segment of a reassembled PDU]"
"71100","38.814803199","192.168.1.55","192.168.1.2","TCP","1514","8004  >  37004 [ACK] Seq=152230 Ack=144 Win=65024 Len=1448 TSval=2916042895 TSecr=3045562668 [TCP segment of a reassembled PDU]"
"71101","38.814804995","192.168.1.55","192.168.1.2","TCP","1514","8004  >  37004 [ACK] Seq=153678 Ack=144 Win=65024 Len=1448 TSval=2916042895 TSecr=3045562668 [TCP segment of a reassembled PDU]"
"71102","38.814806458","192.168.1.55","192.168.1.2","TCP","1514","8004  >  37004 [ACK] Seq=155126 Ack=144 Win=65024 Len=1448 TSval=2916042895 TSecr=3045562668 [TCP segment of a reassembled PDU]"
"71103","38.814807847","192.168.1.55","192.168.1.2","TCP","1514","8004  >  37004 [ACK] Seq=156574 Ack=144 Win=65024 Len=1448 TSval=2916042895 TSecr=3045562668 [TCP segment of a reassembled PDU]"
"71104","38.814809273","192.168.1.55","192.168.1.2","TCP","1514","8004  >  37004 [PSH, ACK] Seq=158022 Ack=144 Win=65024 Len=1448 TSval=2916042895 TSecr=3045562668 [TCP segment of a reassembled PDU]"
"71105","38.814858329","192.168.1.2","192.168.1.55","TCP","66","37004  >  8004 [ACK] Seq=144 Ack=137750 Win=83968 Len=0 TSval=3045562670 TSecr=2916042892"
"71106","38.814871606","192.168.1.55","192.168.1.2","TCP","1514","8004  >  37004 [ACK] Seq=159470 Ack=144 Win=65024 Len=1448 TSval=2916042895 TSecr=3045562670 [TCP segment of a reassembled PDU]"
"71107","38.814873421","192.168.1.55","192.168.1.2","TCP","1514","8004  >  37004 [ACK] Seq=160918 Ack=144 Win=65024 Len=1448 TSval=2916042895 TSecr=3045562670 [TCP segment of a reassembled PDU]"
"71108","38.814874921","192.168.1.55","192.168.1.2","TCP","1514","8004  >  37004 [PSH, ACK] Seq=162366 Ack=144 Win=65024 Len=1448 TSval=2916042895 TSecr=3045562670 [TCP segment of a reassembled PDU]"
"71109","38.815213181","192.168.1.55","192.168.1.2","TCP","1514","8004  >  37004 [ACK] Seq=163814 Ack=144 Win=65024 Len=1448 TSval=2916042895 TSecr=3045562670 [TCP segment of a reassembled PDU]"
"71110","38.815215255","192.168.1.55","192.168.1.2","TCP","1514","8004  >  37004 [PSH, ACK] Seq=165262 Ack=144 Win=65024 Len=1448 TSval=2916042895 TSecr=3045562670 [TCP segment of a reassembled PDU]"
"71111","38.818668983","192.168.1.2","192.168.1.55","TCP","66","37004  >  8004 [ACK] Seq=144 Ack=152230 Win=77824 Len=0 TSval=3045562673 TSecr=2916042895"
"71112","38.818723205","192.168.1.55","192.168.1.2","TCP","1514","8004  >  37004 [ACK] Seq=166710 Ack=144 Win=65024 Len=1448 TSval=2916042899 TSecr=3045562673 [TCP segment of a reassembled PDU]"
"71113","38.818729279","192.168.1.55","192.168.1.2","TCP","1514","8004  >  37004 [ACK] Seq=168158 Ack=144 Win=65024 Len=1448 TSval=2916042899 TSecr=3045562673 [TCP segment of a reassembled PDU]"
"71114","38.818731298","192.168.1.55","192.168.1.2","TCP","1514","8004  >  37004 [ACK] Seq=169606 Ack=144 Win=65024 Len=1448 TSval=2916042899 TSecr=3045562673 [TCP segment of a reassembled PDU]"
"71115","38.818732816","192.168.1.55","192.168.1.2","TCP","1514","8004  >  37004 [ACK] Seq=171054 Ack=144 Win=65024 Len=1448 TSval=2916042899 TSecr=3045562673 [TCP segment of a reassembled PDU]"
"71116","38.818734650","192.168.1.55","192.168.1.2","TCP","1514","8004  >  37004 [ACK] Seq=172502 Ack=144 Win=65024 Len=1448 TSval=2916042899 TSecr=3045562673 [TCP segment of a reassembled PDU]"
"71117","38.818737113","192.168.1.55","192.168.1.2","TCP","1514","8004  >  37004 [ACK] Seq=173950 Ack=144 Win=65024 Len=1448 TSval=2916042899 TSecr=3045562673 [TCP segment of a reassembled PDU]"
"71118","38.818739113","192.168.1.55","192.168.1.2","TCP","1514","8004  >  37004 [ACK] Seq=175398 Ack=144 Win=65024 Len=1448 TSval=2916042899 TSecr=3045562673 [TCP segment of a reassembled PDU]"
"71119","38.818740742","192.168.1.55","192.168.1.2","TCP","1514","8004  >  37004 [ACK] Seq=176846 Ack=144 Win=65024 Len=1448 TSval=2916042899 TSecr=3045562673 [TCP segment of a reassembled PDU]"
"71120","38.818742205","192.168.1.55","192.168.1.2","TCP","1514","8004  >  37004 [ACK] Seq=178294 Ack=144 Win=65024 Len=1448 TSval=2916042899 TSecr=3045562673 [TCP segment of a reassembled PDU]"
"71121","38.818743594","192.168.1.55","192.168.1.2","TCP","1514","8004  >  37004 [PSH, ACK] Seq=179742 Ack=144 Win=65024 Len=1448 TSval=2916042899 TSecr=3045562673 [TCP segment of a reassembled PDU]"
"71122","38.818814780","192.168.1.2","192.168.1.55","TCP","66","37004  >  8004 [ACK] Seq=144 Ack=160918 Win=69632 Len=0 TSval=3045562673 TSecr=2916042895"
"71123","38.818827076","192.168.1.2","192.168.1.55","TCP","66","37004  >  8004 [ACK] Seq=144 Ack=163814 Win=88064 Len=0 TSval=3045562674 TSecr=2916042895"
"71124","38.818835261","192.168.1.2","192.168.1.55","TCP","66","37004  >  8004 [ACK] Seq=144 Ack=166710 Win=89088 Len=0 TSval=3045562674 TSecr=2916042895"
"71125","38.818851835","192.168.1.55","192.168.1.2","TCP","1514","8004  >  37004 [ACK] Seq=181190 Ack=144 Win=65024 Len=1448 TSval=2916042899 TSecr=3045562674 [TCP segment of a reassembled PDU]"
"71126","38.818853928","192.168.1.55","192.168.1.2","TCP","1514","8004  >  37004 [ACK] Seq=182638 Ack=144 Win=65024 Len=1448 TSval=2916042899 TSecr=3045562674 [TCP segment of a reassembled PDU]"
"71127","38.818856094","192.168.1.55","192.168.1.2","TCP","1514","8004  >  37004 [ACK] Seq=184086 Ack=144 Win=65024 Len=1448 TSval=2916042899 TSecr=3045562674 [TCP segment of a reassembled PDU]"
"71128","38.818857983","192.168.1.55","192.168.1.2","TCP","1514","8004  >  37004 [ACK] Seq=185534 Ack=144 Win=65024 Len=1448 TSval=2916042899 TSecr=3045562674 [TCP segment of a reassembled PDU]"
"71129","38.818859798","192.168.1.55","192.168.1.2","TCP","1514","8004  >  37004 [ACK] Seq=186982 Ack=144 Win=65024 Len=1448 TSval=2916042899 TSecr=3045562674 [TCP segment of a reassembled PDU]"
"71130","38.818861372","192.168.1.55","192.168.1.2","TCP","1514","8004  >  37004 [ACK] Seq=188430 Ack=144 Win=65024 Len=1448 TSval=2916042899 TSecr=3045562674 [TCP segment of a reassembled PDU]"
"71131","38.818862706","192.168.1.55","192.168.1.2","TCP","1514","8004  >  37004 [PSH, ACK] Seq=189878 Ack=144 Win=65024 Len=1448 TSval=2916042899 TSecr=3045562674 [TCP segment of a reassembled PDU]"
"71132","38.819523170","192.168.1.55","192.168.1.2","TCP","1514","8004  >  37004 [ACK] Seq=191326 Ack=144 Win=65024 Len=1448 TSval=2916042900 TSecr=3045562674 [TCP segment of a reassembled PDU]"
"71133","38.819525225","192.168.1.55","192.168.1.2","TCP","1514","8004  >  37004 [ACK] Seq=192774 Ack=144 Win=65024 Len=1448 TSval=2916042900 TSecr=3045562674 [TCP segment of a reassembled PDU]"
"71134","38.819526744","192.168.1.55","192.168.1.2","TCP","1514","8004  >  37004 [ACK] Seq=194222 Ack=144 Win=65024 Len=1448 TSval=2916042900 TSecr=3045562674 [TCP segment of a reassembled PDU]"
"71135","38.819528373","192.168.1.55","192.168.1.2","TCP","1514","8004  >  37004 [PSH, ACK] Seq=195670 Ack=144 Win=65024 Len=1448 TSval=2916042900 TSecr=3045562674 [TCP segment of a reassembled PDU]"
"71136","38.822779305","192.168.1.2","192.168.1.55","TCP","66","37004  >  8004 [ACK] Seq=144 Ack=181190 Win=77824 Len=0 TSval=3045562677 TSecr=2916042899"
"71137","38.822796860","192.168.1.55","192.168.1.2","TCP","1514","8004  >  37004 [ACK] Seq=197118 Ack=144 Win=65024 Len=1448 TSval=2916042903 TSecr=3045562677 [TCP segment of a reassembled PDU]"
"71138","38.822799990","192.168.1.55","192.168.1.2","TCP","1514","8004  >  37004 [ACK] Seq=198566 Ack=144 Win=65024 Len=1448 TSval=2916042903 TSecr=3045562677 [TCP segment of a reassembled PDU]"
"71139","38.822801323","192.168.1.55","192.168.1.2","TCP","1514","8004  >  37004 [ACK] Seq=200014 Ack=144 Win=65024 Len=1448 TSval=2916042903 TSecr=3045562677 [TCP segment of a reassembled PDU]"
"71140","38.822802656","192.168.1.55","192.168.1.2","TCP","1514","8004  >  37004 [ACK] Seq=201462 Ack=144 Win=65024 Len=1448 TSval=2916042903 TSecr=3045562677 [TCP segment of a reassembled PDU]"
"71141","38.822804416","192.168.1.55","192.168.1.2","TCP","1514","8004  >  37004 [ACK] Seq=202910 Ack=144 Win=65024 Len=1448 TSval=2916042903 TSecr=3045562677 [TCP segment of a reassembled PDU]"
"71142","38.822806527","192.168.1.55","192.168.1.2","TCP","1514","8004  >  37004 [ACK] Seq=204358 Ack=144 Win=65024 Len=1448 TSval=2916042903 TSecr=3045562677 [TCP segment of a reassembled PDU]"
"71143","38.822808286","192.168.1.55","192.168.1.2","TCP","1514","8004  >  37004 [ACK] Seq=205806 Ack=144 Win=65024 Len=1448 TSval=2916042903 TSecr=3045562677 [TCP segment of a reassembled PDU]"
"71144","38.822809675","192.168.1.55","192.168.1.2","TCP","1514","8004  >  37004 [PSH, ACK] Seq=207254 Ack=144 Win=65024 Len=1448 TSval=2916042903 TSecr=3045562677 [TCP segment of a reassembled PDU]"
"71145","38.822868119","192.168.1.2","192.168.1.55","TCP","66","37004  >  8004 [ACK] Seq=144 Ack=192774 Win=66560 Len=0 TSval=3045562678 TSecr=2916042899"
"71146","38.823226935","192.168.1.55","192.168.1.2","TCP","1514","8004  >  37004 [ACK] Seq=208702 Ack=144 Win=65024 Len=1448 TSval=2916042903 TSecr=3045562678 [TCP segment of a reassembled PDU]"
"71147","38.823229416","192.168.1.55","192.168.1.2","TCP","1514","8004  >  37004 [ACK] Seq=210150 Ack=144 Win=65024 Len=1448 TSval=2916042903 TSecr=3045562678 [TCP segment of a reassembled PDU]"
"71148","38.823231416","192.168.1.55","192.168.1.2","TCP","1514","8004  >  37004 [ACK] Seq=211598 Ack=144 Win=65024 Len=1448 TSval=2916042903 TSecr=3045562678 [TCP segment of a reassembled PDU]"
"71149","38.823233416","192.168.1.55","192.168.1.2","TCP","1514","8004  >  37004 [ACK] Seq=213046 Ack=144 Win=65024 Len=1448 TSval=2916042903 TSecr=3045562678 [TCP segment of a reassembled PDU]"
"71150","38.823235565","192.168.1.55","192.168.1.2","TCP","1514","8004  >  37004 [ACK] Seq=214494 Ack=144 Win=65024 Len=1448 TSval=2916042903 TSecr=3045562678 [TCP segment of a reassembled PDU]"
"71151","38.823236990","192.168.1.55","192.168.1.2","TCP","1514","8004  >  37004 [ACK] Seq=215942 Ack=144 Win=65024 Len=1448 TSval=2916042903 TSecr=3045562678 [TCP segment of a reassembled PDU]"
"71152","38.823238472","192.168.1.55","192.168.1.2","TCP","1514","8004  >  37004 [ACK] Seq=217390 Ack=144 Win=65024 Len=1448 TSval=2916042903 TSecr=3045562678 [TCP segment of a reassembled PDU]"
"71153","38.823240139","192.168.1.55","192.168.1.2","TCP","1514","8004  >  37004 [ACK] Seq=218838 Ack=144 Win=65024 Len=1448 TSval=2916042903 TSecr=3045562678 [TCP segment of a reassembled PDU]"
"71154","38.823241657","192.168.1.55","192.168.1.2","TCP","1514","8004  >  37004 [ACK] Seq=220286 Ack=144 Win=65024 Len=1448 TSval=2916042903 TSecr=3045562678 [TCP segment of a reassembled PDU]"
"71155","38.823243139","192.168.1.55","192.168.1.2","TCP","1514","8004  >  37004 [ACK] Seq=221734 Ack=144 Win=65024 Len=1448 TSval=2916042903 TSecr=3045562678 [TCP segment of a reassembled PDU]"
"71156","38.823244990","192.168.1.55","192.168.1.2","TCP","1514","8004  >  37004 [PSH, ACK] Seq=223182 Ack=144 Win=65024 Len=1448 TSval=2916042903 TSecr=3045562678 [TCP segment of a reassembled PDU]"
"71157","38.823282176","192.168.1.2","192.168.1.55","TCP","66","37004  >  8004 [ACK] Seq=144 Ack=197118 Win=90112 Len=0 TSval=3045562678 TSecr=2916042900"
"71158","38.823770139","192.168.1.55","192.168.1.2","TCP","1514","8004  >  37004 [ACK] Seq=224630 Ack=144 Win=65024 Len=1448 TSval=2916042904 TSecr=3045562678 [TCP segment of a reassembled PDU]"
"71159","38.823772695","192.168.1.55","192.168.1.2","TCP","1514","8004  >  37004 [ACK] Seq=226078 Ack=144 Win=65024 Len=1448 TSval=2916042904 TSecr=3045562678 [TCP segment of a reassembled PDU]"
"71160","38.823774714","192.168.1.55","192.168.1.2","TCP","1514","8004  >  37004 [PSH, ACK] Seq=227526 Ack=144 Win=65024 Len=1448 TSval=2916042904 TSecr=3045562678 [TCP segment of a reassembled PDU]"
"71161","38.825910995","192.168.1.2","192.168.1.55","TCP","66","37004  >  8004 [ACK] Seq=144 Ack=201462 Win=90112 Len=0 TSval=3045562681 TSecr=2916042903"
"71162","38.825937347","192.168.1.55","192.168.1.2","TCP","1514","8004  >  37004 [ACK] Seq=228974 Ack=144 Win=65024 Len=1448 TSval=2916042906 TSecr=3045562681 [TCP segment of a reassembled PDU]"
"71163","38.825940513","192.168.1.55","192.168.1.2","TCP","1514","8004  >  37004 [ACK] Seq=230422 Ack=144 Win=65024 Len=1448 TSval=2916042906 TSecr=3045562681 [TCP segment of a reassembled PDU]"
"71164","38.825941773","192.168.1.55","192.168.1.2","TCP","1514","8004  >  37004 [PSH, ACK] Seq=231870 Ack=144 Win=65024 Len=1448 TSval=2916042906 TSecr=3045562681 [TCP segment of a reassembled PDU]"
"71165","38.827062515","192.168.1.2","192.168.1.55","TCP","66","37004  >  8004 [ACK] Seq=144 Ack=223182 Win=70656 Len=0 TSval=3045562682 TSecr=2916042903"
"71166","38.827085756","192.168.1.55","192.168.1.2","TCP","1514","8004  >  37004 [ACK] Seq=233318 Ack=144 Win=65024 Len=1448 TSval=2916042907 TSecr=3045562682 [TCP segment of a reassembled PDU]"
"71167","38.827088330","192.168.1.55","192.168.1.2","TCP","1514","8004  >  37004 [ACK] Seq=234766 Ack=144 Win=65024 Len=1448 TSval=2916042907 TSecr=3045562682 [TCP segment of a reassembled PDU]"
"71168","38.827089589","192.168.1.55","192.168.1.2","TCP","1514","8004  >  37004 [ACK] Seq=236214 Ack=144 Win=65024 Len=1448 TSval=2916042907 TSecr=3045562682 [TCP segment of a reassembled PDU]"
"71169","38.827090886","192.168.1.55","192.168.1.2","TCP","1514","8004  >  37004 [ACK] Seq=237662 Ack=144 Win=65024 Len=1448 TSval=2916042907 TSecr=3045562682 [TCP segment of a reassembled PDU]"
"71170","38.827092423","192.168.1.55","192.168.1.2","TCP","1514","8004  >  37004 [ACK] Seq=239110 Ack=144 Win=65024 Len=1448 TSval=2916042907 TSecr=3045562682 [TCP segment of a reassembled PDU]"
"71171","38.827093663","192.168.1.55","192.168.1.2","TCP","1514","8004  >  37004 [ACK] Seq=240558 Ack=144 Win=65024 Len=1448 TSval=2916042907 TSecr=3045562682 [TCP segment of a reassembled PDU]"
"71172","38.827094978","192.168.1.55","192.168.1.2","TCP","1514","8004  >  37004 [ACK] Seq=242006 Ack=144 Win=65024 Len=1448 TSval=2916042907 TSecr=3045562682 [TCP segment of a reassembled PDU]"
"71173","38.827096256","192.168.1.55","192.168.1.2","TCP","1514","8004  >  37004 [ACK] Seq=243454 Ack=144 Win=65024 Len=1448 TSval=2916042907 TSecr=3045562682 [TCP segment of a reassembled PDU]"
"71174","38.827097589","192.168.1.55","192.168.1.2","TCP","1514","8004  >  37004 [ACK] Seq=244902 Ack=144 Win=65024 Len=1448 TSval=2916042907 TSecr=3045562682 [TCP segment of a reassembled PDU]"
"71175","38.827099015","192.168.1.55","192.168.1.2","TCP","1514","8004  >  37004 [ACK] Seq=246350 Ack=144 Win=65024 Len=1448 TSval=2916042907 TSecr=3045562682 [TCP segment of a reassembled PDU]"
"71176","38.827100312","192.168.1.55","192.168.1.2","TCP","1514","8004  >  37004 [PSH, ACK] Seq=247798 Ack=144 Win=65024 Len=1448 TSval=2916042907 TSecr=3045562682 [TCP segment of a reassembled PDU]"
"71177","38.827540886","192.168.1.55","192.168.1.2","TCP","1514","8004  >  37004 [ACK] Seq=249246 Ack=144 Win=65024 Len=1448 TSval=2916042908 TSecr=3045562682 [TCP segment of a reassembled PDU]"
"71178","38.827542664","192.168.1.55","192.168.1.2","TCP","1514","8004  >  37004 [ACK] Seq=250694 Ack=144 Win=65024 Len=1448 TSval=2916042908 TSecr=3045562682 [TCP segment of a reassembled PDU]"
"71179","38.827543886","192.168.1.55","192.168.1.2","TCP","1514","8004  >  37004 [PSH, ACK] Seq=252142 Ack=144 Win=65024 Len=1448 TSval=2916042908 TSecr=3045562682 [TCP segment of a reassembled PDU]"
"71180","38.827588479","192.168.1.2","192.168.1.55","TCP","66","37004  >  8004 [ACK] Seq=144 Ack=228974 Win=83968 Len=0 TSval=3045562683 TSecr=2916042903"
"71181","38.827603035","192.168.1.55","192.168.1.2","TCP","1514","8004  >  37004 [ACK] Seq=253590 Ack=144 Win=65024 Len=1448 TSval=2916042908 TSecr=3045562683 [TCP segment of a reassembled PDU]"
"71182","38.827604627","192.168.1.55","192.168.1.2","TCP","1514","8004  >  37004 [ACK] Seq=255038 Ack=144 Win=65024 Len=1448 TSval=2916042908 TSecr=3045562683 [TCP segment of a reassembled PDU]"
"71183","38.827605831","192.168.1.55","192.168.1.2","TCP","1514","8004  >  37004 [ACK] Seq=256486 Ack=144 Win=65024 Len=1448 TSval=2916042908 TSecr=3045562683 [TCP segment of a reassembled PDU]"
"71184","38.827607053","192.168.1.55","192.168.1.2","TCP","1514","8004  >  37004 [ACK] Seq=257934 Ack=144 Win=65024 Len=1448 TSval=2916042908 TSecr=3045562683 [TCP segment of a reassembled PDU]"
"71185","38.827608257","192.168.1.55","192.168.1.2","TCP","1514","8004  >  37004 [ACK] Seq=259382 Ack=144 Win=65024 Len=1448 TSval=2916042908 TSecr=3045562683 [TCP segment of a reassembled PDU]"
"71186","38.827609535","192.168.1.55","192.168.1.2","TCP","1514","8004  >  37004 [PSH, ACK] Seq=260830 Ack=144 Win=65024 Len=1448 TSval=2916042908 TSecr=3045562683 [TCP segment of a reassembled PDU]"
"71187","38.830405021","192.168.1.2","192.168.1.55","TCP","66","37004  >  8004 [ACK] Seq=144 Ack=233318 Win=87040 Len=0 TSval=3045562685 TSecr=2916042906"
"71188","38.830415447","192.168.1.55","192.168.1.2","TCP","1514","8004  >  37004 [ACK] Seq=262278 Ack=144 Win=65024 Len=1448 TSval=2916042911 TSecr=3045562685 [TCP segment of a reassembled PDU]"
"71189","38.830417780","192.168.1.55","192.168.1.2","TCP","1514","8004  >  37004 [ACK] Seq=263726 Ack=144 Win=65024 Len=1448 TSval=2916042911 TSecr=3045562685 [TCP segment of a reassembled PDU]"
"71190","38.830419113","192.168.1.55","192.168.1.2","TCP","1514","8004  >  37004 [PSH, ACK] Seq=265174 Ack=144 Win=65024 Len=1448 TSval=2916042911 TSecr=3045562685 [TCP segment of a reassembled PDU]"
"71191","38.830629151","192.168.1.2","192.168.1.55","TCP","66","37004  >  8004 [ACK] Seq=144 Ack=256486 Win=64512 Len=0 TSval=3045562685 TSecr=2916042907"
"71192","38.830646336","192.168.1.55","192.168.1.2","TCP","1514","8004  >  37004 [ACK] Seq=266622 Ack=144 Win=65024 Len=1448 TSval=2916042911 TSecr=3045562685 [TCP segment of a reassembled PDU]"
"71193","38.830648614","192.168.1.55","192.168.1.2","TCP","1514","8004  >  37004 [ACK] Seq=268070 Ack=144 Win=65024 Len=1448 TSval=2916042911 TSecr=3045562685 [TCP segment of a reassembled PDU]"
"71194","38.830649836","192.168.1.55","192.168.1.2","TCP","1514","8004  >  37004 [ACK] Seq=269518 Ack=144 Win=65024 Len=1448 TSval=2916042911 TSecr=3045562685 [TCP segment of a reassembled PDU]"
"71195","38.830651632","192.168.1.55","192.168.1.2","TCP","1514","8004  >  37004 [ACK] Seq=270966 Ack=144 Win=65024 Len=1448 TSval=2916042911 TSecr=3045562685 [TCP segment of a reassembled PDU]"
"71196","38.830652873","192.168.1.55","192.168.1.2","TCP","1514","8004  >  37004 [ACK] Seq=272414 Ack=144 Win=65024 Len=1448 TSval=2916042911 TSecr=3045562685 [TCP segment of a reassembled PDU]"
"71197","38.830654206","192.168.1.55","192.168.1.2","TCP","1514","8004  >  37004 [ACK] Seq=273862 Ack=144 Win=65024 Len=1448 TSval=2916042911 TSecr=3045562685 [TCP segment of a reassembled PDU]"
"71198","38.830655595","192.168.1.55","192.168.1.2","TCP","1514","8004  >  37004 [ACK] Seq=275310 Ack=144 Win=65024 Len=1448 TSval=2916042911 TSecr=3045562685 [TCP segment of a reassembled PDU]"
"71199","38.830656799","192.168.1.55","192.168.1.2","TCP","1514","8004  >  37004 [ACK] Seq=276758 Ack=144 Win=65024 Len=1448 TSval=2916042911 TSecr=3045562685 [TCP segment of a reassembled PDU]"
"71200","38.830658262","192.168.1.55","192.168.1.2","TCP","1514","8004  >  37004 [ACK] Seq=278206 Ack=144 Win=65024 Len=1448 TSval=2916042911 TSecr=3045562685 [TCP segment of a reassembled PDU]"
"71201","38.830659465","192.168.1.55","192.168.1.2","TCP","1514","8004  >  37004 [ACK] Seq=279654 Ack=144 Win=65024 Len=1448 TSval=2916042911 TSecr=3045562685 [TCP segment of a reassembled PDU]"
"71202","38.830660688","192.168.1.55","192.168.1.2","TCP","1514","8004  >  37004 [ACK] Seq=281102 Ack=144 Win=65024 Len=1448 TSval=2916042911 TSecr=3045562685 [TCP segment of a reassembled PDU]"
"71203","38.830661984","192.168.1.55","192.168.1.2","TCP","1514","8004  >  37004 [PSH, ACK] Seq=282550 Ack=144 Win=65024 Len=1448 TSval=2916042911 TSecr=3045562685 [TCP segment of a reassembled PDU]"
"71204","38.831298781","192.168.1.2","192.168.1.55","TCP","66","37004  >  8004 [ACK] Seq=144 Ack=262278 Win=83968 Len=0 TSval=3045562686 TSecr=2916042908"
"71205","38.831314522","192.168.1.55","192.168.1.2","TCP","1514","8004  >  37004 [ACK] Seq=283998 Ack=144 Win=65024 Len=1448 TSval=2916042912 TSecr=3045562686 [TCP segment of a reassembled PDU]"
"71206","38.831316837","192.168.1.55","192.168.1.2","TCP","1514","8004  >  37004 [ACK] Seq=285446 Ack=144 Win=65024 Len=1448 TSval=2916042912 TSecr=3045562686 [TCP segment of a reassembled PDU]"
"71207","38.831318133","192.168.1.55","192.168.1.2","TCP","1514","8004  >  37004 [ACK] Seq=286894 Ack=144 Win=65024 Len=1448 TSval=2916042912 TSecr=3045562686 [TCP segment of a reassembled PDU]"
"71208","38.831319337","192.168.1.55","192.168.1.2","TCP","1514","8004  >  37004 [ACK] Seq=288342 Ack=144 Win=65024 Len=1448 TSval=2916042912 TSecr=3045562686 [TCP segment of a reassembled PDU]"
"71209","38.831320652","192.168.1.55","192.168.1.2","TCP","1514","8004  >  37004 [ACK] Seq=289790 Ack=144 Win=65024 Len=1448 TSval=2916042912 TSecr=3045562686 [TCP segment of a reassembled PDU]"
"71210","38.831321818","192.168.1.55","192.168.1.2","TCP","1514","8004  >  37004 [ACK] Seq=291238 Ack=144 Win=65024 Len=1448 TSval=2916042912 TSecr=3045562686 [TCP segment of a reassembled PDU]"
"71211","38.831323041","192.168.1.55","192.168.1.2","TCP","1514","8004  >  37004 [ACK] Seq=292686 Ack=144 Win=65024 Len=1448 TSval=2916042912 TSecr=3045562686 [TCP segment of a reassembled PDU]"
"71212","38.831324337","192.168.1.55","192.168.1.2","TCP","1514","8004  >  37004 [ACK] Seq=294134 Ack=144 Win=65024 Len=1448 TSval=2916042912 TSecr=3045562686 [TCP segment of a reassembled PDU]"
"71213","38.831325559","192.168.1.55","192.168.1.2","TCP","1514","8004  >  37004 [PSH, ACK] Seq=295582 Ack=144 Win=65024 Len=1448 TSval=2916042912 TSecr=3045562686 [TCP segment of a reassembled PDU]"
"71214","38.834075471","192.168.1.2","192.168.1.55","TCP","66","37004  >  8004 [ACK] Seq=144 Ack=265174 Win=90112 Len=0 TSval=3045562688 TSecr=2916042911"
"71215","38.834084230","192.168.1.55","192.168.1.2","TCP","1514","8004  >  37004 [PSH, ACK] Seq=297030 Ack=144 Win=65024 Len=1448 TSval=2916042914 TSecr=3045562688 [TCP segment of a reassembled PDU]"
"71216","38.834247842","192.168.1.2","192.168.1.55","TCP","66","37004  >  8004 [ACK] Seq=144 Ack=283998 Win=73728 Len=0 TSval=3045562689 TSecr=2916042911"
"71217","38.834263971","192.168.1.55","192.168.1.2","TCP","1514","8004  >  37004 [ACK] Seq=298478 Ack=144 Win=65024 Len=1448 TSval=2916042914 TSecr=3045562689 [TCP segment of a reassembled PDU]"
"71218","38.834266138","192.168.1.55","192.168.1.2","TCP","1514","8004  >  37004 [ACK] Seq=299926 Ack=144 Win=65024 Len=1448 TSval=2916042914 TSecr=3045562689 [TCP segment of a reassembled PDU]"
"71219","38.834267453","192.168.1.55","192.168.1.2","TCP","1514","8004  >  37004 [ACK] Seq=301374 Ack=144 Win=65024 Len=1448 TSval=2916042914 TSecr=3045562689 [TCP segment of a reassembled PDU]"
"71220","38.834268675","192.168.1.55","192.168.1.2","TCP","1514","8004  >  37004 [ACK] Seq=302822 Ack=144 Win=65024 Len=1448 TSval=2916042914 TSecr=3045562689 [TCP segment of a reassembled PDU]"
"71221","38.834270064","192.168.1.55","192.168.1.2","TCP","1514","8004  >  37004 [ACK] Seq=304270 Ack=144 Win=65024 Len=1448 TSval=2916042914 TSecr=3045562689 [TCP segment of a reassembled PDU]"
"71222","38.834271286","192.168.1.55","192.168.1.2","TCP","1514","8004  >  37004 [ACK] Seq=305718 Ack=144 Win=65024 Len=1448 TSval=2916042914 TSecr=3045562689 [TCP segment of a reassembled PDU]"
"71223","38.834272582","192.168.1.55","192.168.1.2","TCP","1514","8004  >  37004 [ACK] Seq=307166 Ack=144 Win=65024 Len=1448 TSval=2916042914 TSecr=3045562689 [TCP segment of a reassembled PDU]"
"71224","38.834273971","192.168.1.55","192.168.1.2","TCP","1514","8004  >  37004 [ACK] Seq=308614 Ack=144 Win=65024 Len=1448 TSval=2916042914 TSecr=3045562689 [TCP segment of a reassembled PDU]"
"71225","38.834275194","192.168.1.55","192.168.1.2","TCP","1514","8004  >  37004 [ACK] Seq=310062 Ack=144 Win=65024 Len=1448 TSval=2916042914 TSecr=3045562689 [TCP segment of a reassembled PDU]"
"71226","38.834276786","192.168.1.55","192.168.1.2","TCP","1514","8004  >  37004 [ACK] Seq=311510 Ack=144 Win=65024 Len=1448 TSval=2916042914 TSecr=3045562689 [TCP segment of a reassembled PDU]"
"71227","38.834278008","192.168.1.55","192.168.1.2","TCP","1514","8004  >  37004 [ACK] Seq=312958 Ack=144 Win=65024 Len=1448 TSval=2916042914 TSecr=3045562689 [TCP segment of a reassembled PDU]"
"71228","38.834279249","192.168.1.55","192.168.1.2","TCP","1514","8004  >  37004 [PSH, ACK] Seq=314406 Ack=144 Win=65024 Len=1448 TSval=2916042914 TSecr=3045562689 [TCP segment of a reassembled PDU]"
"71229","38.834284120","192.168.1.2","192.168.1.55","TCP","66","37004  >  8004 [ACK] Seq=144 Ack=288342 Win=69632 Len=0 TSval=3045562689 TSecr=2916042912"
"71230","38.835899363","192.168.1.2","192.168.1.55","TCP","66","37004  >  8004 [ACK] Seq=144 Ack=297030 Win=80896 Len=0 TSval=3045562691 TSecr=2916042912"
"71231","38.835925789","192.168.1.55","192.168.1.2","TCP","1514","8004  >  37004 [ACK] Seq=315854 Ack=144 Win=65024 Len=1448 TSval=2916042916 TSecr=3045562691 [TCP segment of a reassembled PDU]"
"71232","38.835929048","192.168.1.55","192.168.1.2","TCP","1514","8004  >  37004 [ACK] Seq=317302 Ack=144 Win=65024 Len=1448 TSval=2916042916 TSecr=3045562691 [TCP segment of a reassembled PDU]"
"71233","38.835930437","192.168.1.55","192.168.1.2","TCP","1514","8004  >  37004 [ACK] Seq=318750 Ack=144 Win=65024 Len=1448 TSval=2916042916 TSecr=3045562691 [TCP segment of a reassembled PDU]"
"71234","38.835931659","192.168.1.55","192.168.1.2","TCP","1514","8004  >  37004 [ACK] Seq=320198 Ack=144 Win=65024 Len=1448 TSval=2916042916 TSecr=3045562691 [TCP segment of a reassembled PDU]"
"71235","38.835932900","192.168.1.55","192.168.1.2","TCP","1514","8004  >  37004 [ACK] Seq=321646 Ack=144 Win=65024 Len=1448 TSval=2916042916 TSecr=3045562691 [TCP segment of a reassembled PDU]"
"71236","38.835934215","192.168.1.55","192.168.1.2","TCP","1514","8004  >  37004 [ACK] Seq=323094 Ack=144 Win=65024 Len=1448 TSval=2916042916 TSecr=3045562691 [TCP segment of a reassembled PDU]"
"71237","38.835935530","192.168.1.55","192.168.1.2","TCP","1514","8004  >  37004 [ACK] Seq=324542 Ack=144 Win=65024 Len=1448 TSval=2916042916 TSecr=3045562691 [TCP segment of a reassembled PDU]"
"71238","38.835936826","192.168.1.55","192.168.1.2","TCP","1514","8004  >  37004 [ACK] Seq=325990 Ack=144 Win=65024 Len=1448 TSval=2916042916 TSecr=3045562691 [TCP segment of a reassembled PDU]"
"71239","38.835938104","192.168.1.55","192.168.1.2","TCP","1514","8004  >  37004 [ACK] Seq=327438 Ack=144 Win=65024 Len=1448 TSval=2916042916 TSecr=3045562691 [TCP segment of a reassembled PDU]"
"71240","38.835939437","192.168.1.55","192.168.1.2","TCP","1514","8004  >  37004 [ACK] Seq=328886 Ack=144 Win=65024 Len=1448 TSval=2916042916 TSecr=3045562691 [TCP segment of a reassembled PDU]"
"71241","38.835940715","192.168.1.55","192.168.1.2","TCP","1514","8004  >  37004 [ACK] Seq=330334 Ack=144 Win=65024 Len=1448 TSval=2916042916 TSecr=3045562691 [TCP segment of a reassembled PDU]"
"71242","38.835942030","192.168.1.55","192.168.1.2","TCP","1514","8004  >  37004 [ACK] Seq=331782 Ack=144 Win=65024 Len=1448 TSval=2916042916 TSecr=3045562691 [TCP segment of a reassembled PDU]"
"71243","38.835943252","192.168.1.55","192.168.1.2","TCP","1514","8004  >  37004 [PSH, ACK] Seq=333230 Ack=144 Win=65024 Len=1448 TSval=2916042916 TSecr=3045562691 [TCP segment of a reassembled PDU]"
"71244","38.838526293","192.168.1.2","192.168.1.55","TCP","66","37004  >  8004 [ACK] Seq=144 Ack=315854 Win=64512 Len=0 TSval=3045562694 TSecr=2916042914"
"71245","38.838540238","192.168.1.55","192.168.1.2","TCP","1514","8004  >  37004 [ACK] Seq=334678 Ack=144 Win=65024 Len=1448 TSval=2916042919 TSecr=3045562694 [TCP segment of a reassembled PDU]"
"71246","38.838542497","192.168.1.55","192.168.1.2","TCP","1514","8004  >  37004 [ACK] Seq=336126 Ack=144 Win=65024 Len=1448 TSval=2916042919 TSecr=3045562694 [TCP segment of a reassembled PDU]"
"71247","38.838543867","192.168.1.55","192.168.1.2","TCP","1514","8004  >  37004 [ACK] Seq=337574 Ack=144 Win=65024 Len=1448 TSval=2916042919 TSecr=3045562694 [TCP segment of a reassembled PDU]"
"71248","38.838545201","192.168.1.55","192.168.1.2","TCP","1514","8004  >  37004 [ACK] Seq=339022 Ack=144 Win=65024 Len=1448 TSval=2916042919 TSecr=3045562694 [TCP segment of a reassembled PDU]"
"71249","38.838546478","192.168.1.55","192.168.1.2","TCP","1514","8004  >  37004 [ACK] Seq=340470 Ack=144 Win=65024 Len=1448 TSval=2916042919 TSecr=3045562694 [TCP segment of a reassembled PDU]"
"71250","38.838547886","192.168.1.55","192.168.1.2","TCP","1514","8004  >  37004 [PSH, ACK] Seq=341918 Ack=144 Win=65024 Len=1448 TSval=2916042919 TSecr=3045562694 [TCP segment of a reassembled PDU]"
"71251","38.838920886","192.168.1.2","192.168.1.55","TCP","66","37004  >  8004 [ACK] Seq=144 Ack=324542 Win=64512 Len=0 TSval=3045562694 TSecr=2916042916"
"71252","38.838938090","192.168.1.55","192.168.1.2","TCP","1514","8004  >  37004 [ACK] Seq=343366 Ack=144 Win=65024 Len=1448 TSval=2916042919 TSecr=3045562694 [TCP segment of a reassembled PDU]"
"71253","38.838940368","192.168.1.55","192.168.1.2","TCP","1514","8004  >  37004 [ACK] Seq=344814 Ack=144 Win=65024 Len=1448 TSval=2916042919 TSecr=3045562694 [TCP segment of a reassembled PDU]"
"71254","38.838941683","192.168.1.55","192.168.1.2","TCP","1514","8004  >  37004 [ACK] Seq=346262 Ack=144 Win=65024 Len=1448 TSval=2916042919 TSecr=3045562694 [TCP segment of a reassembled PDU]"
"71255","38.838943164","192.168.1.55","192.168.1.2","TCP","1514","8004  >  37004 [ACK] Seq=347710 Ack=144 Win=65024 Len=1448 TSval=2916042919 TSecr=3045562694 [TCP segment of a reassembled PDU]"
"71256","38.838944460","192.168.1.55","192.168.1.2","TCP","1514","8004  >  37004 [ACK] Seq=349158 Ack=144 Win=65024 Len=1448 TSval=2916042919 TSecr=3045562694 [TCP segment of a reassembled PDU]"
"71257","38.838945868","192.168.1.55","192.168.1.2","TCP","1514","8004  >  37004 [ACK] Seq=350606 Ack=144 Win=65024 Len=1448 TSval=2916042919 TSecr=3045562694 [TCP segment of a reassembled PDU]"
"71258","38.838947257","192.168.1.55","192.168.1.2","TCP","1514","8004  >  37004 [ACK] Seq=352054 Ack=144 Win=65024 Len=1448 TSval=2916042919 TSecr=3045562694 [TCP segment of a reassembled PDU]"
"71259","38.838948979","192.168.1.55","192.168.1.2","TCP","1514","8004  >  37004 [ACK] Seq=353502 Ack=144 Win=65024 Len=1448 TSval=2916042919 TSecr=3045562694 [TCP segment of a reassembled PDU]"
"71260","38.838950294","192.168.1.55","192.168.1.2","TCP","1514","8004  >  37004 [ACK] Seq=354950 Ack=144 Win=65024 Len=1448 TSval=2916042919 TSecr=3045562694 [TCP segment of a reassembled PDU]"
"71261","38.838951775","192.168.1.55","192.168.1.2","TCP","1514","8004  >  37004 [ACK] Seq=356398 Ack=144 Win=65024 Len=1448 TSval=2916042919 TSecr=3045562694 [TCP segment of a reassembled PDU]"
"71262","38.838953201","192.168.1.55","192.168.1.2","TCP","1514","8004  >  37004 [ACK] Seq=357846 Ack=144 Win=65024 Len=1448 TSval=2916042919 TSecr=3045562694 [TCP segment of a reassembled PDU]"
"71263","38.838954590","192.168.1.55","192.168.1.2","TCP","1514","8004  >  37004 [ACK] Seq=359294 Ack=144 Win=65024 Len=1448 TSval=2916042919 TSecr=3045562694 [TCP segment of a reassembled PDU]"
"71264","38.838956053","192.168.1.55","192.168.1.2","TCP","1514","8004  >  37004 [PSH, ACK] Seq=360742 Ack=144 Win=65024 Len=1448 TSval=2916042919 TSecr=3045562694 [TCP segment of a reassembled PDU]"
"71265","38.842204188","192.168.1.2","192.168.1.55","TCP","66","37004  >  8004 [ACK] Seq=144 Ack=334678 Win=81920 Len=0 TSval=3045562697 TSecr=2916042916"
"71266","38.842218540","192.168.1.55","192.168.1.2","TCP","1514","8004  >  37004 [ACK] Seq=362190 Ack=144 Win=65024 Len=1448 TSval=2916042922 TSecr=3045562697 [TCP segment of a reassembled PDU]"
"71267","38.842220818","192.168.1.55","192.168.1.2","TCP","1514","8004  >  37004 [ACK] Seq=363638 Ack=144 Win=65024 Len=1448 TSval=2916042922 TSecr=3045562697 [TCP segment of a reassembled PDU]"
"71268","38.842222188","192.168.1.55","192.168.1.2","TCP","1514","8004  >  37004 [ACK] Seq=365086 Ack=144 Win=65024 Len=1448 TSval=2916042922 TSecr=3045562697 [TCP segment of a reassembled PDU]"
"71269","38.842223558","192.168.1.55","192.168.1.2","TCP","1514","8004  >  37004 [ACK] Seq=366534 Ack=144 Win=65024 Len=1448 TSval=2916042922 TSecr=3045562697 [TCP segment of a reassembled PDU]"
"71270","38.842224929","192.168.1.55","192.168.1.2","TCP","1514","8004  >  37004 [ACK] Seq=367982 Ack=144 Win=65024 Len=1448 TSval=2916042922 TSecr=3045562697 [TCP segment of a reassembled PDU]"
"71271","38.842226336","192.168.1.55","192.168.1.2","TCP","1514","8004  >  37004 [ACK] Seq=369430 Ack=144 Win=65024 Len=1448 TSval=2916042922 TSecr=3045562697 [TCP segment of a reassembled PDU]"
"71272","38.842227725","192.168.1.55","192.168.1.2","TCP","1514","8004  >  37004 [ACK] Seq=370878 Ack=144 Win=65024 Len=1448 TSval=2916042922 TSecr=3045562697 [TCP segment of a reassembled PDU]"
"71273","38.842229021","192.168.1.55","192.168.1.2","TCP","1514","8004  >  37004 [PSH, ACK] Seq=372326 Ack=144 Win=65024 Len=1448 TSval=2916042922 TSecr=3045562697 [TCP segment of a reassembled PDU]"
"71274","38.842621596","192.168.1.2","192.168.1.55","TCP","66","37004  >  8004 [ACK] Seq=144 Ack=357846 Win=59392 Len=0 TSval=3045562697 TSecr=2916042919"
"71275","38.842637318","192.168.1.55","192.168.1.2","TCP","1514","8004  >  37004 [ACK] Seq=373774 Ack=144 Win=65024 Len=1448 TSval=2916042923 TSecr=3045562697 [TCP segment of a reassembled PDU]"
"71276","38.842639411","192.168.1.55","192.168.1.2","TCP","1514","8004  >  37004 [ACK] Seq=375222 Ack=144 Win=65024 Len=1448 TSval=2916042923 TSecr=3045562697 [TCP segment of a reassembled PDU]"
"71277","38.842640707","192.168.1.55","192.168.1.2","TCP","1514","8004  >  37004 [ACK] Seq=376670 Ack=144 Win=65024 Len=1448 TSval=2916042923 TSecr=3045562697 [TCP segment of a reassembled PDU]"
"71278","38.842642133","192.168.1.55","192.168.1.2","TCP","1514","8004  >  37004 [ACK] Seq=378118 Ack=144 Win=65024 Len=1448 TSval=2916042923 TSecr=3045562697 [TCP segment of a reassembled PDU]"
"71279","38.842643392","192.168.1.55","192.168.1.2","TCP","1514","8004  >  37004 [ACK] Seq=379566 Ack=144 Win=65024 Len=1448 TSval=2916042923 TSecr=3045562697 [TCP segment of a reassembled PDU]"
"71280","38.842644707","192.168.1.55","192.168.1.2","TCP","1514","8004  >  37004 [ACK] Seq=381014 Ack=144 Win=65024 Len=1448 TSval=2916042923 TSecr=3045562697 [TCP segment of a reassembled PDU]"
"71281","38.842645985","192.168.1.55","192.168.1.2","TCP","1514","8004  >  37004 [ACK] Seq=382462 Ack=144 Win=65024 Len=1448 TSval=2916042923 TSecr=3045562697 [TCP segment of a reassembled PDU]"
"71282","38.842647263","192.168.1.55","192.168.1.2","TCP","1514","8004  >  37004 [ACK] Seq=383910 Ack=144 Win=65024 Len=1448 TSval=2916042923 TSecr=3045562697 [TCP segment of a reassembled PDU]"
"71283","38.842648633","192.168.1.55","192.168.1.2","TCP","1514","8004  >  37004 [ACK] Seq=385358 Ack=144 Win=65024 Len=1448 TSval=2916042923 TSecr=3045562697 [TCP segment of a reassembled PDU]"
"71284","38.842649966","192.168.1.55","192.168.1.2","TCP","1514","8004  >  37004 [PSH, ACK] Seq=386806 Ack=144 Win=65024 Len=1448 TSval=2916042923 TSecr=3045562697 [TCP segment of a reassembled PDU]"
"71285","38.843108041","192.168.1.2","192.168.1.55","TCP","66","37004  >  8004 [ACK] Seq=144 Ack=362190 Win=90112 Len=0 TSval=3045562698 TSecr=2916042919"
"71286","38.843123264","192.168.1.55","192.168.1.2","TCP","1514","8004  >  37004 [ACK] Seq=388254 Ack=144 Win=65024 Len=1448 TSval=2916042923 TSecr=3045562698 [TCP segment of a reassembled PDU]"
"71287","38.843124967","192.168.1.55","192.168.1.2","TCP","1514","8004  >  37004 [ACK] Seq=389702 Ack=144 Win=65024 Len=1448 TSval=2916042923 TSecr=3045562698 [TCP segment of a reassembled PDU]"
"71288","38.843126356","192.168.1.55","192.168.1.2","TCP","1514","8004  >  37004 [ACK] Seq=391150 Ack=144 Win=65024 Len=1448 TSval=2916042923 TSecr=3045562698 [TCP segment of a reassembled PDU]"
"71289","38.843132208","192.168.1.55","192.168.1.2","TCP","1514","8004  >  37004 [ACK] Seq=392598 Ack=144 Win=65024 Len=1448 TSval=2916042923 TSecr=3045562698 [TCP segment of a reassembled PDU]"
"71290","38.843133986","192.168.1.55","192.168.1.2","TCP","1514","8004  >  37004 [ACK] Seq=394046 Ack=144 Win=65024 Len=1448 TSval=2916042923 TSecr=3045562698 [TCP segment of a reassembled PDU]"
"71291","38.843135356","192.168.1.55","192.168.1.2","TCP","1514","8004  >  37004 [ACK] Seq=395494 Ack=144 Win=65024 Len=1448 TSval=2916042923 TSecr=3045562698 [TCP segment of a reassembled PDU]"
"71292","38.843136689","192.168.1.55","192.168.1.2","TCP","1514","8004  >  37004 [ACK] Seq=396942 Ack=144 Win=65024 Len=1448 TSval=2916042923 TSecr=3045562698 [TCP segment of a reassembled PDU]"
"71293","38.843137967","192.168.1.55","192.168.1.2","TCP","1514","8004  >  37004 [ACK] Seq=398390 Ack=144 Win=65024 Len=1448 TSval=2916042923 TSecr=3045562698 [TCP segment of a reassembled PDU]"
"71294","38.843139412","192.168.1.55","192.168.1.2","TCP","1514","8004  >  37004 [ACK] Seq=399838 Ack=144 Win=65024 Len=1448 TSval=2916042923 TSecr=3045562698 [TCP segment of a reassembled PDU]"
"71295","38.843140764","192.168.1.55","192.168.1.2","TCP","1514","8004  >  37004 [PSH, ACK] Seq=401286 Ack=144 Win=65024 Len=1448 TSval=2916042923 TSecr=3045562698 [TCP segment of a reassembled PDU]"
"71296","38.847472067","192.168.1.2","192.168.1.55","TCP","66","37004  >  8004 [ACK] Seq=144 Ack=365086 Win=90112 Len=0 TSval=3045562700 TSecr=2916042922"
"71297","38.847484382","192.168.1.55","192.168.1.2","TCP","1514","8004  >  37004 [ACK] Seq=402734 Ack=144 Win=65024 Len=1448 TSval=2916042928 TSecr=3045562700 [TCP segment of a reassembled PDU]"
"71298","38.847487178","192.168.1.55","192.168.1.2","TCP","1514","8004  >  37004 [PSH, ACK] Seq=404182 Ack=144 Win=65024 Len=1448 TSval=2916042928 TSecr=3045562700 [TCP segment of a reassembled PDU]"
"71299","38.847695475","192.168.1.2","192.168.1.55","TCP","66","37004  >  8004 [ACK] Seq=144 Ack=388254 Win=69632 Len=0 TSval=3045562703 TSecr=2916042922"
"71300","38.847713697","192.168.1.55","192.168.1.2","TCP","1514","8004  >  37004 [ACK] Seq=405630 Ack=144 Win=65024 Len=1448 TSval=2916042928 TSecr=3045562703 [TCP segment of a reassembled PDU]"
"71301","38.847715938","192.168.1.55","192.168.1.2","TCP","1514","8004  >  37004 [ACK] Seq=407078 Ack=144 Win=65024 Len=1448 TSval=2916042928 TSecr=3045562703 [TCP segment of a reassembled PDU]"
"71302","38.847717271","192.168.1.55","192.168.1.2","TCP","1514","8004  >  37004 [ACK] Seq=408526 Ack=144 Win=65024 Len=1448 TSval=2916042928 TSecr=3045562703 [TCP segment of a reassembled PDU]"
"71303","38.847718641","192.168.1.55","192.168.1.2","TCP","1514","8004  >  37004 [ACK] Seq=409974 Ack=144 Win=65024 Len=1448 TSval=2916042928 TSecr=3045562703 [TCP segment of a reassembled PDU]"
"71304","38.847720382","192.168.1.55","192.168.1.2","TCP","1514","8004  >  37004 [ACK] Seq=411422 Ack=144 Win=65024 Len=1448 TSval=2916042928 TSecr=3045562703 [TCP segment of a reassembled PDU]"
"71305","38.847721697","192.168.1.55","192.168.1.2","TCP","1514","8004  >  37004 [ACK] Seq=412870 Ack=144 Win=65024 Len=1448 TSval=2916042928 TSecr=3045562703 [TCP segment of a reassembled PDU]"
"71306","38.847723067","192.168.1.55","192.168.1.2","TCP","1514","8004  >  37004 [ACK] Seq=414318 Ack=144 Win=65024 Len=1448 TSval=2916042928 TSecr=3045562703 [TCP segment of a reassembled PDU]"
"71307","38.847724382","192.168.1.55","192.168.1.2","TCP","1514","8004  >  37004 [ACK] Seq=415766 Ack=144 Win=65024 Len=1448 TSval=2916042928 TSecr=3045562703 [TCP segment of a reassembled PDU]"
"71308","38.847725845","192.168.1.55","192.168.1.2","TCP","1514","8004  >  37004 [ACK] Seq=417214 Ack=144 Win=65024 Len=1448 TSval=2916042928 TSecr=3045562703 [TCP segment of a reassembled PDU]"
"71309","38.847727567","192.168.1.55","192.168.1.2","TCP","1514","8004  >  37004 [ACK] Seq=418662 Ack=144 Win=65024 Len=1448 TSval=2916042928 TSecr=3045562703 [TCP segment of a reassembled PDU]"
"71310","38.847728956","192.168.1.55","192.168.1.2","TCP","1514","8004  >  37004 [ACK] Seq=420110 Ack=144 Win=65024 Len=1448 TSval=2916042928 TSecr=3045562703 [TCP segment of a reassembled PDU]"
"71311","38.847730327","192.168.1.55","192.168.1.2","TCP","1514","8004  >  37004 [ACK] Seq=421558 Ack=144 Win=65024 Len=1448 TSval=2916042928 TSecr=3045562703 [TCP segment of a reassembled PDU]"
"71312","38.847731623","192.168.1.55","192.168.1.2","TCP","1514","8004  >  37004 [ACK] Seq=423006 Ack=144 Win=65024 Len=1448 TSval=2916042928 TSecr=3045562703 [TCP segment of a reassembled PDU]"
"71313","38.847733141","192.168.1.55","192.168.1.2","TCP","1514","8004  >  37004 [PSH, ACK] Seq=424454 Ack=144 Win=65024 Len=1448 TSval=2916042928 TSecr=3045562703 [TCP segment of a reassembled PDU]"
"71314","38.847737771","192.168.1.2","192.168.1.55","TCP","66","37004  >  8004 [ACK] Seq=144 Ack=399838 Win=58368 Len=0 TSval=3045562703 TSecr=2916042923"
"71315","38.848282105","192.168.1.55","192.168.1.2","TCP","1514","8004  >  37004 [ACK] Seq=425902 Ack=144 Win=65024 Len=1448 TSval=2916042928 TSecr=3045562703 [TCP segment of a reassembled PDU]"
"71316","38.848283865","192.168.1.55","192.168.1.2","TCP","1514","8004  >  37004 [ACK] Seq=427350 Ack=144 Win=65024 Len=1448 TSval=2916042928 TSecr=3045562703 [TCP segment of a reassembled PDU]"
"71317","38.848285513","192.168.1.55","192.168.1.2","TCP","1514","8004  >  37004 [ACK] Seq=428798 Ack=144 Win=65024 Len=1448 TSval=2916042928 TSecr=3045562703 [TCP segment of a reassembled PDU]"
"71318","38.848286883","192.168.1.55","192.168.1.2","TCP","1514","8004  >  37004 [ACK] Seq=430246 Ack=144 Win=65024 Len=1448 TSval=2916042928 TSecr=3045562703 [TCP segment of a reassembled PDU]"
"71319","38.848288235","192.168.1.55","192.168.1.2","TCP","1514","8004  >  37004 [PSH, ACK] Seq=431694 Ack=144 Win=65024 Len=1448 TSval=2916042928 TSecr=3045562703 [TCP segment of a reassembled PDU]"
"71320","38.848571272","192.168.1.2","192.168.1.55","TCP","66","37004  >  8004 [ACK] Seq=144 Ack=402734 Win=90112 Len=0 TSval=3045562704 TSecr=2916042923"
"71321","38.848585847","192.168.1.55","192.168.1.2","TCP","1514","8004  >  37004 [ACK] Seq=433142 Ack=144 Win=65024 Len=1448 TSval=2916042929 TSecr=3045562704 [TCP segment of a reassembled PDU]"
"71322","38.848588272","192.168.1.55","192.168.1.2","TCP","1514","8004  >  37004 [ACK] Seq=434590 Ack=144 Win=65024 Len=1448 TSval=2916042929 TSecr=3045562704 [TCP segment of a reassembled PDU]"
"71323","38.848589643","192.168.1.55","192.168.1.2","TCP","1514","8004  >  37004 [ACK] Seq=436038 Ack=144 Win=65024 Len=1448 TSval=2916042929 TSecr=3045562704 [TCP segment of a reassembled PDU]"
"71324","38.848590958","192.168.1.55","192.168.1.2","TCP","1514","8004  >  37004 [ACK] Seq=437486 Ack=144 Win=65024 Len=1448 TSval=2916042929 TSecr=3045562704 [TCP segment of a reassembled PDU]"
"71325","38.848592421","192.168.1.55","192.168.1.2","TCP","1514","8004  >  37004 [ACK] Seq=438934 Ack=144 Win=65024 Len=1448 TSval=2916042929 TSecr=3045562704 [TCP segment of a reassembled PDU]"
"71326","38.848593754","192.168.1.55","192.168.1.2","TCP","1514","8004  >  37004 [ACK] Seq=440382 Ack=144 Win=65024 Len=1448 TSval=2916042929 TSecr=3045562704 [TCP segment of a reassembled PDU]"
"71327","38.848595050","192.168.1.55","192.168.1.2","TCP","1514","8004  >  37004 [ACK] Seq=441830 Ack=144 Win=65024 Len=1448 TSval=2916042929 TSecr=3045562704 [TCP segment of a reassembled PDU]"
"71328","38.848596439","192.168.1.55","192.168.1.2","TCP","1514","8004  >  37004 [PSH, ACK] Seq=443278 Ack=144 Win=65024 Len=1448 TSval=2916042929 TSecr=3045562704 [TCP segment of a reassembled PDU]"
"71329","38.851942519","192.168.1.2","192.168.1.55","TCP","66","37004  >  8004 [ACK] Seq=144 Ack=425902 Win=69632 Len=0 TSval=3045562707 TSecr=2916042928"
"71330","38.851961296","192.168.1.55","192.168.1.2","TCP","1514","8004  >  37004 [ACK] Seq=444726 Ack=144 Win=65024 Len=1448 TSval=2916042932 TSecr=3045562707 [TCP segment of a reassembled PDU]"
"71331","38.851963648","192.168.1.55","192.168.1.2","TCP","1514","8004  >  37004 [ACK] Seq=446174 Ack=144 Win=65024 Len=1448 TSval=2916042932 TSecr=3045562707 [TCP segment of a reassembled PDU]"
"71332","38.851965019","192.168.1.55","192.168.1.2","TCP","1514","8004  >  37004 [ACK] Seq=447622 Ack=144 Win=65024 Len=1448 TSval=2916042932 TSecr=3045562707 [TCP segment of a reassembled PDU]"
"71333","38.851966426","192.168.1.55","192.168.1.2","TCP","1514","8004  >  37004 [ACK] Seq=449070 Ack=144 Win=65024 Len=1448 TSval=2916042932 TSecr=3045562707 [TCP segment of a reassembled PDU]"
"71334","38.851968056","192.168.1.55","192.168.1.2","TCP","1514","8004  >  37004 [ACK] Seq=450518 Ack=144 Win=65024 Len=1448 TSval=2916042932 TSecr=3045562707 [TCP segment of a reassembled PDU]"
"71335","38.851969482","192.168.1.55","192.168.1.2","TCP","1514","8004  >  37004 [ACK] Seq=451966 Ack=144 Win=65024 Len=1448 TSval=2916042932 TSecr=3045562707 [TCP segment of a reassembled PDU]"
"71336","38.851970889","192.168.1.55","192.168.1.2","TCP","1514","8004  >  37004 [ACK] Seq=453414 Ack=144 Win=65024 Len=1448 TSval=2916042932 TSecr=3045562707 [TCP segment of a reassembled PDU]"
"71337","38.851972185","192.168.1.55","192.168.1.2","TCP","1514","8004  >  37004 [ACK] Seq=454862 Ack=144 Win=65024 Len=1448 TSval=2916042932 TSecr=3045562707 [TCP segment of a reassembled PDU]"
"71338","38.851973519","192.168.1.55","192.168.1.2","TCP","1514","8004  >  37004 [ACK] Seq=456310 Ack=144 Win=65024 Len=1448 TSval=2916042932 TSecr=3045562707 [TCP segment of a reassembled PDU]"
"71339","38.851974908","192.168.1.55","192.168.1.2","TCP","1514","8004  >  37004 [ACK] Seq=457758 Ack=144 Win=65024 Len=1448 TSval=2916042932 TSecr=3045562707 [TCP segment of a reassembled PDU]"
"71340","38.851976222","192.168.1.55","192.168.1.2","TCP","1514","8004  >  37004 [ACK] Seq=459206 Ack=144 Win=65024 Len=1448 TSval=2916042932 TSecr=3045562707 [TCP segment of a reassembled PDU]"
"71341","38.851977648","192.168.1.55","192.168.1.2","TCP","1514","8004  >  37004 [ACK] Seq=460654 Ack=144 Win=65024 Len=1448 TSval=2916042932 TSecr=3045562707 [TCP segment of a reassembled PDU]"
"71342","38.851978926","192.168.1.55","192.168.1.2","TCP","1514","8004  >  37004 [ACK] Seq=462102 Ack=144 Win=65024 Len=1448 TSval=2916042932 TSecr=3045562707 [TCP segment of a reassembled PDU]"
"71343","38.851980315","192.168.1.55","192.168.1.2","TCP","1514","8004  >  37004 [ACK] Seq=463550 Ack=144 Win=65024 Len=1448 TSval=2916042932 TSecr=3045562707 [TCP segment of a reassembled PDU]"
"71344","38.851981722","192.168.1.55","192.168.1.2","TCP","1514","8004  >  37004 [PSH, ACK] Seq=464998 Ack=144 Win=65024 Len=1448 TSval=2916042932 TSecr=3045562707 [TCP segment of a reassembled PDU]"
"71345","38.852070519","192.168.1.2","192.168.1.55","TCP","66","37004  >  8004 [ACK] Seq=144 Ack=440382 Win=55296 Len=0 TSval=3045562707 TSecr=2916042928"
"71346","38.852079574","192.168.1.2","192.168.1.55","TCP","66","37004  >  8004 [ACK] Seq=144 Ack=444726 Win=90112 Len=0 TSval=3045562707 TSecr=2916042929"
"71347","38.852097297","192.168.1.55","192.168.1.2","TCP","1514","8004  >  37004 [ACK] Seq=466446 Ack=144 Win=65024 Len=1448 TSval=2916042932 TSecr=3045562707 [TCP segment of a reassembled PDU]"
"71348","38.852099297","192.168.1.55","192.168.1.2","TCP","1514","8004  >  37004 [ACK] Seq=467894 Ack=144 Win=65024 Len=1448 TSval=2916042932 TSecr=3045562707 [TCP segment of a reassembled PDU]"
"71349","38.852100649","192.168.1.55","192.168.1.2","TCP","1514","8004  >  37004 [ACK] Seq=469342 Ack=144 Win=65024 Len=1448 TSval=2916042932 TSecr=3045562707 [TCP segment of a reassembled PDU]"
"71350","38.852101926","192.168.1.55","192.168.1.2","TCP","1514","8004  >  37004 [ACK] Seq=470790 Ack=144 Win=65024 Len=1448 TSval=2916042932 TSecr=3045562707 [TCP segment of a reassembled PDU]"
"71351","38.852103593","192.168.1.55","192.168.1.2","TCP","1514","8004  >  37004 [ACK] Seq=472238 Ack=144 Win=65024 Len=1448 TSval=2916042932 TSecr=3045562707 [TCP segment of a reassembled PDU]"
"71352","38.852105093","192.168.1.55","192.168.1.2","TCP","1514","8004  >  37004 [ACK] Seq=473686 Ack=144 Win=65024 Len=1448 TSval=2916042932 TSecr=3045562707 [TCP segment of a reassembled PDU]"
"71353","38.852106389","192.168.1.55","192.168.1.2","TCP","1514","8004  >  37004 [ACK] Seq=475134 Ack=144 Win=65024 Len=1448 TSval=2916042932 TSecr=3045562707 [TCP segment of a reassembled PDU]"
"71354","38.852107667","192.168.1.55","192.168.1.2","TCP","1514","8004  >  37004 [PSH, ACK] Seq=476582 Ack=144 Win=65024 Len=1448 TSval=2916042932 TSecr=3045562707 [TCP segment of a reassembled PDU]"
"71355","38.852976724","192.168.1.55","192.168.1.2","TCP","1514","8004  >  37004 [ACK] Seq=478030 Ack=144 Win=65024 Len=1448 TSval=2916042933 TSecr=3045562707 [TCP segment of a reassembled PDU]"
"71356","38.852980113","192.168.1.55","192.168.1.2","TCP","1514","8004  >  37004 [ACK] Seq=479478 Ack=144 Win=65024 Len=1448 TSval=2916042933 TSecr=3045562707 [TCP segment of a reassembled PDU]"
"71357","38.852981557","192.168.1.55","192.168.1.2","TCP","1514","8004  >  37004 [ACK] Seq=480926 Ack=144 Win=65024 Len=1448 TSval=2916042933 TSecr=3045562707 [TCP segment of a reassembled PDU]"
"71358","38.852982909","192.168.1.55","192.168.1.2","TCP","1514","8004  >  37004 [ACK] Seq=482374 Ack=144 Win=65024 Len=1448 TSval=2916042933 TSecr=3045562707 [TCP segment of a reassembled PDU]"
"71359","38.852984780","192.168.1.55","192.168.1.2","TCP","1514","8004  >  37004 [ACK] Seq=483822 Ack=144 Win=65024 Len=1448 TSval=2916042933 TSecr=3045562707 [TCP segment of a reassembled PDU]"
"71360","38.852986298","192.168.1.55","192.168.1.2","TCP","1514","8004  >  37004 [ACK] Seq=485270 Ack=144 Win=65024 Len=1448 TSval=2916042933 TSecr=3045562707 [TCP segment of a reassembled PDU]"
"71361","38.852988539","192.168.1.55","192.168.1.2","TCP","1514","8004  >  37004 [ACK] Seq=486718 Ack=144 Win=65024 Len=1448 TSval=2916042933 TSecr=3045562707 [TCP segment of a reassembled PDU]"
"71362","38.852989946","192.168.1.55","192.168.1.2","TCP","1514","8004  >  37004 [PSH, ACK] Seq=488166 Ack=144 Win=65024 Len=1448 TSval=2916042933 TSecr=3045562707 [TCP segment of a reassembled PDU]"
"71363","38.855952636","192.168.1.2","192.168.1.55","TCP","66","37004  >  8004 [ACK] Seq=144 Ack=466446 Win=70656 Len=0 TSval=3045562711 TSecr=2916042932"
"71364","38.855978173","192.168.1.55","192.168.1.2","TCP","1514","8004  >  37004 [ACK] Seq=489614 Ack=144 Win=65024 Len=1448 TSval=2916042936 TSecr=3045562711 [TCP segment of a reassembled PDU]"
"71365","38.855981562","192.168.1.55","192.168.1.2","TCP","1514","8004  >  37004 [ACK] Seq=491062 Ack=144 Win=65024 Len=1448 TSval=2916042936 TSecr=3045562711 [TCP segment of a reassembled PDU]"
"71366","38.855982859","192.168.1.55","192.168.1.2","TCP","1514","8004  >  37004 [ACK] Seq=492510 Ack=144 Win=65024 Len=1448 TSval=2916042936 TSecr=3045562711 [TCP segment of a reassembled PDU]"
"71367","38.855984266","192.168.1.55","192.168.1.2","TCP","1514","8004  >  37004 [ACK] Seq=493958 Ack=144 Win=65024 Len=1448 TSval=2916042936 TSecr=3045562711 [TCP segment of a reassembled PDU]"
"71368","38.855985655","192.168.1.55","192.168.1.2","TCP","1514","8004  >  37004 [ACK] Seq=495406 Ack=144 Win=65024 Len=1448 TSval=2916042936 TSecr=3045562711 [TCP segment of a reassembled PDU]"
"71369","38.855986933","192.168.1.55","192.168.1.2","TCP","1514","8004  >  37004 [ACK] Seq=496854 Ack=144 Win=65024 Len=1448 TSval=2916042936 TSecr=3045562711 [TCP segment of a reassembled PDU]"
"71370","38.855988340","192.168.1.55","192.168.1.2","HTTP","222","HTTP/1.0 200 OK  (PNG)"
"71371","38.856361507","192.168.1.2","192.168.1.55","TCP","66","37004  >  8004 [ACK] Seq=144 Ack=482374 Win=55296 Len=0 TSval=3045562712 TSecr=2916042932"
"71372","38.858571363","192.168.1.2","192.168.1.55","TCP","66","37004  >  8004 [ACK] Seq=144 Ack=489614 Win=83968 Len=0 TSval=3045562713 TSecr=2916042933"
"71373","38.859295271","192.168.1.2","192.168.1.55","TCP","66","37004  >  8004 [ACK] Seq=144 Ack=498302 Win=80896 Len=0 TSval=3045562714 TSecr=2916042936"
"71374","38.860739737","192.168.1.2","192.168.1.55","TCP","66","37004  >  8004 [FIN, ACK] Seq=144 Ack=498459 Win=92160 Len=0 TSval=3045562715 TSecr=2916042936"
"71375","38.860753366","192.168.1.55","192.168.1.2","TCP","66","8004  >  37004 [ACK] Seq=498459 Ack=145 Win=65024 Len=0 TSval=2916042941 TSecr=3045562715"
"71376","38.860869033","192.168.1.2","192.168.1.55","TCP","74","37006  >  8004 [SYN] Seq=0 Win=64240 Len=0 MSS=1460 SACK_PERM TSval=3045562715 TSecr=0 WS=1024"
"71377","38.860896033","192.168.1.55","192.168.1.2","TCP","74","8004  >  37006 [SYN, ACK] Seq=0 Ack=1 Win=65160 Len=0 MSS=1460 SACK_PERM TSval=2916042941 TSecr=3045562715 WS=128"
"71378","38.864224353","192.168.1.2","192.168.1.55","TCP","66","37006  >  8004 [ACK] Seq=1 Ack=1 Win=64512 Len=0 TSval=3045562719 TSecr=2916042941"
"71379","38.867433451","192.168.1.2","192.168.1.55","HTTP","206","GET /stego_benchmark.png HTTP/1.1 "
"71380","38.867443655","192.168.1.55","192.168.1.2","TCP","66","8004  >  37006 [ACK] Seq=1 Ack=141 Win=65024 Len=0 TSval=2916042948 TSecr=3045562719"
"71381","38.867908656","192.168.1.55","192.168.1.2","TCP","255","8004  >  37006 [PSH, ACK] Seq=1 Ack=141 Win=65024 Len=189 TSval=2916042948 TSecr=3045562719 [TCP segment of a reassembled PDU]"
"71382","38.867987637","192.168.1.55","192.168.1.2","TCP","1514","8004  >  37006 [ACK] Seq=190 Ack=141 Win=65024 Len=1448 TSval=2916042948 TSecr=3045562719 [TCP segment of a reassembled PDU]"
"71383","38.867992026","192.168.1.55","192.168.1.2","TCP","1514","8004  >  37006 [ACK] Seq=1638 Ack=141 Win=65024 Len=1448 TSval=2916042948 TSecr=3045562719 [TCP segment of a reassembled PDU]"
"71384","38.867993508","192.168.1.55","192.168.1.2","TCP","1514","8004  >  37006 [ACK] Seq=3086 Ack=141 Win=65024 Len=1448 TSval=2916042948 TSecr=3045562719 [TCP segment of a reassembled PDU]"
"71385","38.867994823","192.168.1.55","192.168.1.2","TCP","1514","8004  >  37006 [ACK] Seq=4534 Ack=141 Win=65024 Len=1448 TSval=2916042948 TSecr=3045562719 [TCP segment of a reassembled PDU]"
"71386","38.867996119","192.168.1.55","192.168.1.2","TCP","1514","8004  >  37006 [PSH, ACK] Seq=5982 Ack=141 Win=65024 Len=1448 TSval=2916042948 TSecr=3045562719 [TCP segment of a reassembled PDU]"
"71387","38.868014656","192.168.1.55","192.168.1.2","TCP","1514","8004  >  37006 [ACK] Seq=7430 Ack=141 Win=65024 Len=1448 TSval=2916042948 TSecr=3045562719 [TCP segment of a reassembled PDU]"
"71388","38.868016619","192.168.1.55","192.168.1.2","TCP","1514","8004  >  37006 [ACK] Seq=8878 Ack=141 Win=65024 Len=1448 TSval=2916042948 TSecr=3045562719 [TCP segment of a reassembled PDU]"
"71389","38.868017971","192.168.1.55","192.168.1.2","TCP","1514","8004  >  37006 [ACK] Seq=10326 Ack=141 Win=65024 Len=1448 TSval=2916042948 TSecr=3045562719 [TCP segment of a reassembled PDU]"
"71390","38.868019415","192.168.1.55","192.168.1.2","TCP","1514","8004  >  37006 [PSH, ACK] Seq=11774 Ack=141 Win=65024 Len=1448 TSval=2916042948 TSecr=3045562719 [TCP segment of a reassembled PDU]"
"71391","38.871607365","192.168.1.2","192.168.1.55","TCP","66","37006  >  8004 [ACK] Seq=141 Ack=190 Win=64512 Len=0 TSval=3045562725 TSecr=2916042948"
"71392","38.871638254","192.168.1.55","192.168.1.2","TCP","1514","8004  >  37006 [ACK] Seq=13222 Ack=141 Win=65024 Len=1448 TSval=2916042952 TSecr=3045562725 [TCP segment of a reassembled PDU]"
"71393","38.871642328","192.168.1.55","192.168.1.2","TCP","1514","8004  >  37006 [PSH, ACK] Seq=14670 Ack=141 Win=65024 Len=1448 TSval=2916042952 TSecr=3045562725 [TCP segment of a reassembled PDU]"
"71394","38.871701329","192.168.1.2","192.168.1.55","TCP","66","37006  >  8004 [ACK] Seq=141 Ack=5982 Win=76800 Len=0 TSval=3045562725 TSecr=2916042948"
"71395","38.871723903","192.168.1.55","192.168.1.2","TCP","1514","8004  >  37006 [ACK] Seq=16118 Ack=141 Win=65024 Len=1448 TSval=2916042952 TSecr=3045562725 [TCP segment of a reassembled PDU]"
"71396","38.871725773","192.168.1.55","192.168.1.2","TCP","1514","8004  >  37006 [ACK] Seq=17566 Ack=141 Win=65024 Len=1448 TSval=2916042952 TSecr=3045562725 [TCP segment of a reassembled PDU]"
"71397","38.871727162","192.168.1.55","192.168.1.2","TCP","1514","8004  >  37006 [ACK] Seq=19014 Ack=141 Win=65024 Len=1448 TSval=2916042952 TSecr=3045562725 [TCP segment of a reassembled PDU]"
"71398","38.871728588","192.168.1.55","192.168.1.2","TCP","1514","8004  >  37006 [ACK] Seq=20462 Ack=141 Win=65024 Len=1448 TSval=2916042952 TSecr=3045562725 [TCP segment of a reassembled PDU]"
"71399","38.871729829","192.168.1.55","192.168.1.2","TCP","1514","8004  >  37006 [ACK] Seq=21910 Ack=141 Win=65024 Len=1448 TSval=2916042952 TSecr=3045562725 [TCP segment of a reassembled PDU]"
"71400","38.871731255","192.168.1.55","192.168.1.2","TCP","1514","8004  >  37006 [ACK] Seq=23358 Ack=141 Win=65024 Len=1448 TSval=2916042952 TSecr=3045562725 [TCP segment of a reassembled PDU]"
"71401","38.871733329","192.168.1.55","192.168.1.2","TCP","1514","8004  >  37006 [PSH, ACK] Seq=24806 Ack=141 Win=65024 Len=1448 TSval=2916042952 TSecr=3045562725 [TCP segment of a reassembled PDU]"
"71402","38.873631184","192.168.1.2","192.168.1.55","TCP","66","37006  >  8004 [ACK] Seq=141 Ack=7430 Win=79872 Len=0 TSval=3045562727 TSecr=2916042948"
"71403","38.873675832","192.168.1.55","192.168.1.2","TCP","1514","8004  >  37006 [ACK] Seq=26254 Ack=141 Win=65024 Len=1448 TSval=2916042954 TSecr=3045562727 [TCP segment of a reassembled PDU]"
"71404","38.873681073","192.168.1.55","192.168.1.2","TCP","1514","8004  >  37006 [ACK] Seq=27702 Ack=141 Win=65024 Len=1448 TSval=2916042954 TSecr=3045562727 [TCP segment of a reassembled PDU]"
"71405","38.873682721","192.168.1.55","192.168.1.2","TCP","1514","8004  >  37006 [PSH, ACK] Seq=29150 Ack=141 Win=65024 Len=1448 TSval=2916042954 TSecr=3045562727 [TCP segment of a reassembled PDU]"
"71406","38.874719296","192.168.1.2","192.168.1.55","TCP","66","37006  >  8004 [ACK] Seq=141 Ack=13222 Win=80896 Len=0 TSval=3045562727 TSecr=2916042948"
"71407","38.874747445","192.168.1.55","192.168.1.2","TCP","1514","8004  >  37006 [ACK] Seq=30598 Ack=141 Win=65024 Len=1448 TSval=2916042955 TSecr=3045562727 [TCP segment of a reassembled PDU]"
"71408","38.874750371","192.168.1.55","192.168.1.2","TCP","1514","8004  >  37006 [ACK] Seq=32046 Ack=141 Win=65024 Len=1448 TSval=2916042955 TSecr=3045562727 [TCP segment of a reassembled PDU]"
"71409","38.874751741","192.168.1.55","192.168.1.2","TCP","1514","8004  >  37006 [ACK] Seq=33494 Ack=141 Win=65024 Len=1448 TSval=2916042955 TSecr=3045562727 [TCP segment of a reassembled PDU]"
"71410","38.874753093","192.168.1.55","192.168.1.2","TCP","1514","8004  >  37006 [ACK] Seq=34942 Ack=141 Win=65024 Len=1448 TSval=2916042955 TSecr=3045562727 [TCP segment of a reassembled PDU]"
"71411","38.874754426","192.168.1.55","192.168.1.2","TCP","1514","8004  >  37006 [ACK] Seq=36390 Ack=141 Win=65024 Len=1448 TSval=2916042955 TSecr=3045562727 [TCP segment of a reassembled PDU]"
"71412","38.874756426","192.168.1.55","192.168.1.2","TCP","1514","8004  >  37006 [ACK] Seq=37838 Ack=141 Win=65024 Len=1448 TSval=2916042955 TSecr=3045562727 [TCP segment of a reassembled PDU]"
"71413","38.874757834","192.168.1.55","192.168.1.2","TCP","1514","8004  >  37006 [ACK] Seq=39286 Ack=141 Win=65024 Len=1448 TSval=2916042955 TSecr=3045562727 [TCP segment of a reassembled PDU]"
"71414","38.874759130","192.168.1.55","192.168.1.2","TCP","1514","8004  >  37006 [PSH, ACK] Seq=40734 Ack=141 Win=65024 Len=1448 TSval=2916042955 TSecr=3045562727 [TCP segment of a reassembled PDU]"
"71415","38.876231503","192.168.1.2","192.168.1.55","TCP","66","37006  >  8004 [ACK] Seq=141 Ack=16118 Win=87040 Len=0 TSval=3045562730 TSecr=2916042952"
"71416","38.876273651","192.168.1.55","192.168.1.2","TCP","1514","8004  >  37006 [ACK] Seq=42182 Ack=141 Win=65024 Len=1448 TSval=2916042956 TSecr=3045562730 [TCP segment of a reassembled PDU]"
"71417","38.876278169","192.168.1.55","192.168.1.2","TCP","1514","8004  >  37006 [PSH, ACK] Seq=43630 Ack=141 Win=65024 Len=1448 TSval=2916042956 TSecr=3045562730 [TCP segment of a reassembled PDU]"
"71418","38.877365097","192.168.1.2","192.168.1.55","TCP","66","37006  >  8004 [ACK] Seq=141 Ack=26254 Win=83968 Len=0 TSval=3045562731 TSecr=2916042952"
"71419","38.877398430","192.168.1.55","192.168.1.2","TCP","1514","8004  >  37006 [ACK] Seq=45078 Ack=141 Win=65024 Len=1448 TSval=2916042958 TSecr=3045562731 [TCP segment of a reassembled PDU]"
"71420","38.877402060","192.168.1.55","192.168.1.2","TCP","1514","8004  >  37006 [ACK] Seq=46526 Ack=141 Win=65024 Len=1448 TSval=2916042958 TSecr=3045562731 [TCP segment of a reassembled PDU]"
"71421","38.877403486","192.168.1.55","192.168.1.2","TCP","1514","8004  >  37006 [ACK] Seq=47974 Ack=141 Win=65024 Len=1448 TSval=2916042958 TSecr=3045562731 [TCP segment of a reassembled PDU]"
"71422","38.877407190","192.168.1.55","192.168.1.2","TCP","1514","8004  >  37006 [ACK] Seq=49422 Ack=141 Win=65024 Len=1448 TSval=2916042958 TSecr=3045562731 [TCP segment of a reassembled PDU]"
"71423","38.877408449","192.168.1.55","192.168.1.2","TCP","1514","8004  >  37006 [ACK] Seq=50870 Ack=141 Win=65024 Len=1448 TSval=2916042958 TSecr=3045562731 [TCP segment of a reassembled PDU]"
"71424","38.877409875","192.168.1.55","192.168.1.2","TCP","1514","8004  >  37006 [ACK] Seq=52318 Ack=141 Win=65024 Len=1448 TSval=2916042958 TSecr=3045562731 [TCP segment of a reassembled PDU]"
"71425","38.877411153","192.168.1.55","192.168.1.2","TCP","1514","8004  >  37006 [ACK] Seq=53766 Ack=141 Win=65024 Len=1448 TSval=2916042958 TSecr=3045562731 [TCP segment of a reassembled PDU]"
"71426","38.877412449","192.168.1.55","192.168.1.2","TCP","1514","8004  >  37006 [ACK] Seq=55214 Ack=141 Win=65024 Len=1448 TSval=2916042958 TSecr=3045562731 [TCP segment of a reassembled PDU]"
"71427","38.877413801","192.168.1.55","192.168.1.2","TCP","1514","8004  >  37006 [ACK] Seq=56662 Ack=141 Win=65024 Len=1448 TSval=2916042958 TSecr=3045562731 [TCP segment of a reassembled PDU]"
"71428","38.877415356","192.168.1.55","192.168.1.2","TCP","1514","8004  >  37006 [ACK] Seq=58110 Ack=141 Win=65024 Len=1448 TSval=2916042958 TSecr=3045562731 [TCP segment of a reassembled PDU]"
"71429","38.877417134","192.168.1.55","192.168.1.2","TCP","1514","8004  >  37006 [ACK] Seq=59558 Ack=141 Win=65024 Len=1448 TSval=2916042958 TSecr=3045562731 [TCP segment of a reassembled PDU]"
"71430","38.877419060","192.168.1.55","192.168.1.2","TCP","1514","8004  >  37006 [ACK] Seq=61006 Ack=141 Win=65024 Len=1448 TSval=2916042958 TSecr=3045562731 [TCP segment of a reassembled PDU]"
"71431","38.877420671","192.168.1.55","192.168.1.2","TCP","1514","8004  >  37006 [ACK] Seq=62454 Ack=141 Win=65024 Len=1448 TSval=2916042958 TSecr=3045562731 [TCP segment of a reassembled PDU]"
"71432","38.877422282","192.168.1.55","192.168.1.2","TCP","1514","8004  >  37006 [PSH, ACK] Seq=63902 Ack=141 Win=65024 Len=1448 TSval=2916042958 TSecr=3045562731 [TCP segment of a reassembled PDU]"
"71433","38.879420193","192.168.1.2","192.168.1.55","TCP","66","37006  >  8004 [ACK] Seq=141 Ack=30598 Win=91136 Len=0 TSval=3045562733 TSecr=2916042954"
"71434","38.879438360","192.168.1.55","192.168.1.2","TCP","1514","8004  >  37006 [ACK] Seq=65350 Ack=141 Win=65024 Len=1448 TSval=2916042960 TSecr=3045562733 [TCP segment of a reassembled PDU]"
"71435","38.879440897","192.168.1.55","192.168.1.2","TCP","1514","8004  >  37006 [ACK] Seq=66798 Ack=141 Win=65024 Len=1448 TSval=2916042960 TSecr=3045562733 [TCP segment of a reassembled PDU]"
"71436","38.879442230","192.168.1.55","192.168.1.2","TCP","1514","8004  >  37006 [ACK] Seq=68246 Ack=141 Win=65024 Len=1448 TSval=2916042960 TSecr=3045562733 [TCP segment of a reassembled PDU]"
"71437","38.879443582","192.168.1.55","192.168.1.2","TCP","1514","8004  >  37006 [ACK] Seq=69694 Ack=141 Win=65024 Len=1448 TSval=2916042960 TSecr=3045562733 [TCP segment of a reassembled PDU]"
"71438","38.879444989","192.168.1.55","192.168.1.2","TCP","1514","8004  >  37006 [ACK] Seq=71142 Ack=141 Win=65024 Len=1448 TSval=2916042960 TSecr=3045562733 [TCP segment of a reassembled PDU]"
"71439","38.879447471","192.168.1.55","192.168.1.2","TCP","1514","8004  >  37006 [ACK] Seq=72590 Ack=141 Win=65024 Len=1448 TSval=2916042960 TSecr=3045562733 [TCP segment of a reassembled PDU]"
"71440","38.879449137","192.168.1.55","192.168.1.2","TCP","1514","8004  >  37006 [ACK] Seq=74038 Ack=141 Win=65024 Len=1448 TSval=2916042960 TSecr=3045562733 [TCP segment of a reassembled PDU]"
"71441","38.879450434","192.168.1.55","192.168.1.2","TCP","1514","8004  >  37006 [PSH, ACK] Seq=75486 Ack=141 Win=65024 Len=1448 TSval=2916042960 TSecr=3045562733 [TCP segment of a reassembled PDU]"
"71442","38.879838805","192.168.1.2","192.168.1.55","TCP","66","37006  >  8004 [ACK] Seq=141 Ack=32046 Win=92160 Len=0 TSval=3045562733 TSecr=2916042955"
"71443","38.881433733","192.168.1.2","192.168.1.55","TCP","66","37006  >  8004 [ACK] Seq=141 Ack=42182 Win=86016 Len=0 TSval=3045562735 TSecr=2916042955"
"71444","38.881465715","192.168.1.55","192.168.1.2","TCP","1514","8004  >  37006 [ACK] Seq=76934 Ack=141 Win=65024 Len=1448 TSval=2916042962 TSecr=3045562735 [TCP segment of a reassembled PDU]"
"71445","38.881468511","192.168.1.55","192.168.1.2","TCP","1514","8004  >  37006 [ACK] Seq=78382 Ack=141 Win=65024 Len=1448 TSval=2916042962 TSecr=3045562735 [TCP segment of a reassembled PDU]"
"71446","38.881469844","192.168.1.55","192.168.1.2","TCP","1514","8004  >  37006 [ACK] Seq=79830 Ack=141 Win=65024 Len=1448 TSval=2916042962 TSecr=3045562735 [TCP segment of a reassembled PDU]"
"71447","38.881471159","192.168.1.55","192.168.1.2","TCP","1514","8004  >  37006 [ACK] Seq=81278 Ack=141 Win=65024 Len=1448 TSval=2916042962 TSecr=3045562735 [TCP segment of a reassembled PDU]"
"71448","38.881472696","192.168.1.55","192.168.1.2","TCP","1514","8004  >  37006 [ACK] Seq=82726 Ack=141 Win=65024 Len=1448 TSval=2916042962 TSecr=3045562735 [TCP segment of a reassembled PDU]"
"71449","38.881474752","192.168.1.55","192.168.1.2","TCP","1514","8004  >  37006 [ACK] Seq=84174 Ack=141 Win=65024 Len=1448 TSval=2916042962 TSecr=3045562735 [TCP segment of a reassembled PDU]"
"71450","38.881476456","192.168.1.55","192.168.1.2","TCP","1514","8004  >  37006 [ACK] Seq=85622 Ack=141 Win=65024 Len=1448 TSval=2916042962 TSecr=3045562735 [TCP segment of a reassembled PDU]"
"71451","38.881477770","192.168.1.55","192.168.1.2","TCP","1514","8004  >  37006 [ACK] Seq=87070 Ack=141 Win=65024 Len=1448 TSval=2916042962 TSecr=3045562735 [TCP segment of a reassembled PDU]"
"71452","38.881479141","192.168.1.55","192.168.1.2","TCP","1514","8004  >  37006 [ACK] Seq=88518 Ack=141 Win=65024 Len=1448 TSval=2916042962 TSecr=3045562735 [TCP segment of a reassembled PDU]"
"71453","38.881480585","192.168.1.55","192.168.1.2","TCP","1514","8004  >  37006 [ACK] Seq=89966 Ack=141 Win=65024 Len=1448 TSval=2916042962 TSecr=3045562735 [TCP segment of a reassembled PDU]"
"71454","38.881483196","192.168.1.55","192.168.1.2","TCP","1514","8004  >  37006 [ACK] Seq=91414 Ack=141 Win=65024 Len=1448 TSval=2916042962 TSecr=3045562735 [TCP segment of a reassembled PDU]"
"71455","38.881485030","192.168.1.55","192.168.1.2","TCP","1514","8004  >  37006 [ACK] Seq=92862 Ack=141 Win=65024 Len=1448 TSval=2916042962 TSecr=3045562735 [TCP segment of a reassembled PDU]"
"71456","38.881486344","192.168.1.55","192.168.1.2","TCP","1514","8004  >  37006 [ACK] Seq=94310 Ack=141 Win=65024 Len=1448 TSval=2916042962 TSecr=3045562735 [TCP segment of a reassembled PDU]"
"71457","38.881487659","192.168.1.55","192.168.1.2","TCP","1514","8004  >  37006 [ACK] Seq=95758 Ack=141 Win=65024 Len=1448 TSval=2916042962 TSecr=3045562735 [TCP segment of a reassembled PDU]"
"71458","38.881489104","192.168.1.55","192.168.1.2","TCP","1514","8004  >  37006 [ACK] Seq=97206 Ack=141 Win=65024 Len=1448 TSval=2916042962 TSecr=3045562735 [TCP segment of a reassembled PDU]"
"71459","38.881490474","192.168.1.55","192.168.1.2","TCP","1514","8004  >  37006 [PSH, ACK] Seq=98654 Ack=141 Win=65024 Len=1448 TSval=2916042962 TSecr=3045562735 [TCP segment of a reassembled PDU]"
"71460","38.881563104","192.168.1.2","192.168.1.55","TCP","66","37006  >  8004 [ACK] Seq=141 Ack=45078 Win=83968 Len=0 TSval=3045562735 TSecr=2916042956"
"71461","38.881571493","192.168.1.2","192.168.1.55","TCP","66","37006  >  8004 [ACK] Seq=141 Ack=59558 Win=69632 Len=0 TSval=3045562735 TSecr=2916042958"
"71462","38.881603956","192.168.1.55","192.168.1.2","TCP","1514","8004  >  37006 [ACK] Seq=100102 Ack=141 Win=65024 Len=1448 TSval=2916042962 TSecr=3045562735 [TCP segment of a reassembled PDU]"
"71463","38.881607326","192.168.1.55","192.168.1.2","TCP","1514","8004  >  37006 [ACK] Seq=101550 Ack=141 Win=65024 Len=1448 TSval=2916042962 TSecr=3045562735 [TCP segment of a reassembled PDU]"
"71464","38.881608641","192.168.1.55","192.168.1.2","TCP","1514","8004  >  37006 [ACK] Seq=102998 Ack=141 Win=65024 Len=1448 TSval=2916042962 TSecr=3045562735 [TCP segment of a reassembled PDU]"
"71465","38.881609993","192.168.1.55","192.168.1.2","TCP","1514","8004  >  37006 [ACK] Seq=104446 Ack=141 Win=65024 Len=1448 TSval=2916042962 TSecr=3045562735 [TCP segment of a reassembled PDU]"
"71466","38.881611326","192.168.1.55","192.168.1.2","TCP","1514","8004  >  37006 [ACK] Seq=105894 Ack=141 Win=65024 Len=1448 TSval=2916042962 TSecr=3045562735 [TCP segment of a reassembled PDU]"
"71467","38.881612734","192.168.1.55","192.168.1.2","TCP","1514","8004  >  37006 [ACK] Seq=107342 Ack=141 Win=65024 Len=1448 TSval=2916042962 TSecr=3045562735 [TCP segment of a reassembled PDU]"
"71468","38.881614252","192.168.1.55","192.168.1.2","TCP","1514","8004  >  37006 [ACK] Seq=108790 Ack=141 Win=65024 Len=1448 TSval=2916042962 TSecr=3045562735 [TCP segment of a reassembled PDU]"
"71469","38.881616030","192.168.1.55","192.168.1.2","TCP","1514","8004  >  37006 [ACK] Seq=110238 Ack=141 Win=65024 Len=1448 TSval=2916042962 TSecr=3045562735 [TCP segment of a reassembled PDU]"
"71470","38.881617956","192.168.1.55","192.168.1.2","TCP","1514","8004  >  37006 [ACK] Seq=111686 Ack=141 Win=65024 Len=1448 TSval=2916042962 TSecr=3045562735 [TCP segment of a reassembled PDU]"
"71471","38.881619289","192.168.1.55","192.168.1.2","TCP","1514","8004  >  37006 [ACK] Seq=113134 Ack=141 Win=65024 Len=1448 TSval=2916042962 TSecr=3045562735 [TCP segment of a reassembled PDU]"
"71472","38.881620752","192.168.1.55","192.168.1.2","TCP","1514","8004  >  37006 [ACK] Seq=114582 Ack=141 Win=65024 Len=1448 TSval=2916042962 TSecr=3045562735 [TCP segment of a reassembled PDU]"
"71473","38.881622326","192.168.1.55","192.168.1.2","TCP","1514","8004  >  37006 [ACK] Seq=116030 Ack=141 Win=65024 Len=1448 TSval=2916042962 TSecr=3045562735 [TCP segment of a reassembled PDU]"
"71474","38.881623937","192.168.1.55","192.168.1.2","TCP","1514","8004  >  37006 [ACK] Seq=117478 Ack=141 Win=65024 Len=1448 TSval=2916042962 TSecr=3045562735 [TCP segment of a reassembled PDU]"
"71475","38.881625937","192.168.1.55","192.168.1.2","TCP","1514","8004  >  37006 [PSH, ACK] Seq=118926 Ack=141 Win=65024 Len=1448 TSval=2916042962 TSecr=3045562735 [TCP segment of a reassembled PDU]"
"71476","38.882784976","192.168.1.55","192.168.1.2","TCP","1514","8004  >  37006 [ACK] Seq=120374 Ack=141 Win=65024 Len=1448 TSval=2916042963 TSecr=3045562735 [TCP segment of a reassembled PDU]"
"71477","38.882790458","192.168.1.55","192.168.1.2","TCP","1514","8004  >  37006 [ACK] Seq=121822 Ack=141 Win=65024 Len=1448 TSval=2916042963 TSecr=3045562735 [TCP segment of a reassembled PDU]"
"71478","38.882792587","192.168.1.55","192.168.1.2","TCP","1514","8004  >  37006 [ACK] Seq=123270 Ack=141 Win=65024 Len=1448 TSval=2916042963 TSecr=3045562735 [TCP segment of a reassembled PDU]"
"71479","38.882794198","192.168.1.55","192.168.1.2","TCP","1514","8004  >  37006 [ACK] Seq=124718 Ack=141 Win=65024 Len=1448 TSval=2916042963 TSecr=3045562735 [TCP segment of a reassembled PDU]"
"71480","38.882806550","192.168.1.55","192.168.1.2","TCP","1514","8004  >  37006 [ACK] Seq=126166 Ack=141 Win=65024 Len=1448 TSval=2916042963 TSecr=3045562735 [TCP segment of a reassembled PDU]"
"71481","38.882808050","192.168.1.55","192.168.1.2","TCP","1514","8004  >  37006 [ACK] Seq=127614 Ack=141 Win=65024 Len=1448 TSval=2916042963 TSecr=3045562735 [TCP segment of a reassembled PDU]"
"71482","38.882809402","192.168.1.55","192.168.1.2","TCP","194","[TCP Window Full] 8004  >  37006 [PSH, ACK] Seq=129062 Ack=141 Win=65024 Len=128 TSval=2916042963 TSecr=3045562735 [TCP segment of a reassembled PDU]"
"71483","38.885398480","192.168.1.2","192.168.1.55","TCP","66","37006  >  8004 [ACK] Seq=141 Ack=65350 Win=88064 Len=0 TSval=3045562737 TSecr=2916042958"
"71484","38.885457425","192.168.1.55","192.168.1.2","TCP","1514","8004  >  37006 [ACK] Seq=129190 Ack=141 Win=65024 Len=1448 TSval=2916042966 TSecr=3045562737 [TCP segment of a reassembled PDU]"
"71485","38.885463425","192.168.1.55","192.168.1.2","TCP","1514","8004  >  37006 [ACK] Seq=130638 Ack=141 Win=65024 Len=1448 TSval=2916042966 TSecr=3045562737 [TCP segment of a reassembled PDU]"
"71486","38.885464814","192.168.1.55","192.168.1.2","TCP","1514","8004  >  37006 [ACK] Seq=132086 Ack=141 Win=65024 Len=1448 TSval=2916042966 TSecr=3045562737 [TCP segment of a reassembled PDU]"
"71487","38.885466332","192.168.1.55","192.168.1.2","TCP","1514","8004  >  37006 [ACK] Seq=133534 Ack=141 Win=65024 Len=1448 TSval=2916042966 TSecr=3045562737 [TCP segment of a reassembled PDU]"
"71488","38.885467592","192.168.1.55","192.168.1.2","TCP","1514","8004  >  37006 [ACK] Seq=134982 Ack=141 Win=65024 Len=1448 TSval=2916042966 TSecr=3045562737 [TCP segment of a reassembled PDU]"
"71489","38.885468925","192.168.1.55","192.168.1.2","TCP","1514","8004  >  37006 [ACK] Seq=136430 Ack=141 Win=65024 Len=1448 TSval=2916042966 TSecr=3045562737 [TCP segment of a reassembled PDU]"
"71490","38.885470147","192.168.1.55","192.168.1.2","TCP","1514","8004  >  37006 [ACK] Seq=137878 Ack=141 Win=65024 Len=1448 TSval=2916042966 TSecr=3045562737 [TCP segment of a reassembled PDU]"
"71491","38.885471295","192.168.1.55","192.168.1.2","TCP","1514","8004  >  37006 [ACK] Seq=139326 Ack=141 Win=65024 Len=1448 TSval=2916042966 TSecr=3045562737 [TCP segment of a reassembled PDU]"
"71492","38.885472444","192.168.1.55","192.168.1.2","TCP","1514","8004  >  37006 [ACK] Seq=140774 Ack=141 Win=65024 Len=1448 TSval=2916042966 TSecr=3045562737 [TCP segment of a reassembled PDU]"
"71493","38.885473536","192.168.1.55","192.168.1.2","TCP","1514","8004  >  37006 [ACK] Seq=142222 Ack=141 Win=65024 Len=1448 TSval=2916042966 TSecr=3045562737 [TCP segment of a reassembled PDU]"
"71494","38.885474907","192.168.1.55","192.168.1.2","TCP","1514","8004  >  37006 [PSH, ACK] Seq=143670 Ack=141 Win=65024 Len=1448 TSval=2916042966 TSecr=3045562737 [TCP segment of a reassembled PDU]"
"71495","38.885506333","192.168.1.2","192.168.1.55","TCP","66","37006  >  8004 [ACK] Seq=141 Ack=76934 Win=76800 Len=0 TSval=3045562737 TSecr=2916042960"
"71496","38.887786614","192.168.1.2","192.168.1.55","TCP","66","37006  >  8004 [ACK] Seq=141 Ack=100102 Win=70656 Len=0 TSval=3045562741 TSecr=2916042962"
"71497","38.887809540","192.168.1.55","192.168.1.2","TCP","1514","8004  >  37006 [ACK] Seq=145118 Ack=141 Win=65024 Len=1448 TSval=2916042968 TSecr=3045562741 [TCP segment of a reassembled PDU]"
"71498","38.887811966","192.168.1.55","192.168.1.2","TCP","1514","8004  >  37006 [ACK] Seq=146566 Ack=141 Win=65024 Len=1448 TSval=2916042968 TSecr=3045562741 [TCP segment of a reassembled PDU]"
"71499","38.887813207","192.168.1.55","192.168.1.2","TCP","1514","8004  >  37006 [ACK] Seq=148014 Ack=141 Win=65024 Len=1448 TSval=2916042968 TSecr=3045562741 [TCP segment of a reassembled PDU]"
"71500","38.887814429","192.168.1.55","192.168.1.2","TCP","1514","8004  >  37006 [ACK] Seq=149462 Ack=141 Win=65024 Len=1448 TSval=2916042968 TSecr=3045562741 [TCP segment of a reassembled PDU]"
"71501","38.887815614","192.168.1.55","192.168.1.2","TCP","1514","8004  >  37006 [ACK] Seq=150910 Ack=141 Win=65024 Len=1448 TSval=2916042968 TSecr=3045562741 [TCP segment of a reassembled PDU]"
"71502","38.887816725","192.168.1.55","192.168.1.2","TCP","1514","8004  >  37006 [ACK] Seq=152358 Ack=141 Win=65024 Len=1448 TSval=2916042968 TSecr=3045562741 [TCP segment of a reassembled PDU]"
"71503","38.887817966","192.168.1.55","192.168.1.2","TCP","1514","8004  >  37006 [ACK] Seq=153806 Ack=141 Win=65024 Len=1448 TSval=2916042968 TSecr=3045562741 [TCP segment of a reassembled PDU]"
"71504","38.887819170","192.168.1.55","192.168.1.2","TCP","1514","8004  >  37006 [ACK] Seq=155254 Ack=141 Win=65024 Len=1448 TSval=2916042968 TSecr=3045562741 [TCP segment of a reassembled PDU]"
"71505","38.887820244","192.168.1.55","192.168.1.2","TCP","1514","8004  >  37006 [ACK] Seq=156702 Ack=141 Win=65024 Len=1448 TSval=2916042968 TSecr=3045562741 [TCP segment of a reassembled PDU]"
"71506","38.887821707","192.168.1.55","192.168.1.2","TCP","1514","8004  >  37006 [ACK] Seq=158150 Ack=141 Win=65024 Len=1448 TSval=2916042968 TSecr=3045562741 [TCP segment of a reassembled PDU]"
"71507","38.887822892","192.168.1.55","192.168.1.2","TCP","1514","8004  >  37006 [ACK] Seq=159598 Ack=141 Win=65024 Len=1448 TSval=2916042968 TSecr=3045562741 [TCP segment of a reassembled PDU]"
"71508","38.887823984","192.168.1.55","192.168.1.2","TCP","1514","8004  >  37006 [PSH, ACK] Seq=161046 Ack=141 Win=65024 Len=1448 TSval=2916042968 TSecr=3045562741 [TCP segment of a reassembled PDU]"
"71509","38.887830429","192.168.1.55","192.168.1.2","TCP","1386","8004  >  37006 [ACK] Seq=162494 Ack=141 Win=65024 Len=1320 TSval=2916042968 TSecr=3045562741 [TCP segment of a reassembled PDU]"
"71510","38.887906559","192.168.1.2","192.168.1.55","TCP","66","37006  >  8004 [ACK] Seq=141 Ack=123270 Win=48128 Len=0 TSval=3045562741 TSecr=2916042962"
"71511","38.887915966","192.168.1.2","192.168.1.55","TCP","66","37006  >  8004 [ACK] Seq=141 Ack=129190 Win=87040 Len=0 TSval=3045562742 TSecr=2916042963"
"71512","38.887956911","192.168.1.55","192.168.1.2","TCP","1514","8004  >  37006 [ACK] Seq=163814 Ack=141 Win=65024 Len=1448 TSval=2916042968 TSecr=3045562742 [TCP segment of a reassembled PDU]"
"71513","38.887958855","192.168.1.55","192.168.1.2","TCP","1514","8004  >  37006 [ACK] Seq=165262 Ack=141 Win=65024 Len=1448 TSval=2916042968 TSecr=3045562742 [TCP segment of a reassembled PDU]"
"71514","38.887960077","192.168.1.55","192.168.1.2","TCP","1514","8004  >  37006 [ACK] Seq=166710 Ack=141 Win=65024 Len=1448 TSval=2916042968 TSecr=3045562742 [TCP segment of a reassembled PDU]"
"71515","38.887961188","192.168.1.55","192.168.1.2","TCP","1514","8004  >  37006 [ACK] Seq=168158 Ack=141 Win=65024 Len=1448 TSval=2916042968 TSecr=3045562742 [TCP segment of a reassembled PDU]"
"71516","38.887962318","192.168.1.55","192.168.1.2","TCP","1514","8004  >  37006 [ACK] Seq=169606 Ack=141 Win=65024 Len=1448 TSval=2916042968 TSecr=3045562742 [TCP segment of a reassembled PDU]"
"71517","38.887963411","192.168.1.55","192.168.1.2","TCP","1514","8004  >  37006 [ACK] Seq=171054 Ack=141 Win=65024 Len=1448 TSval=2916042968 TSecr=3045562742 [TCP segment of a reassembled PDU]"
"71518","38.887964577","192.168.1.55","192.168.1.2","TCP","1514","8004  >  37006 [ACK] Seq=172502 Ack=141 Win=65024 Len=1448 TSval=2916042968 TSecr=3045562742 [TCP segment of a reassembled PDU]"
"71519","38.887965670","192.168.1.55","192.168.1.2","TCP","1514","8004  >  37006 [ACK] Seq=173950 Ack=141 Win=65024 Len=1448 TSval=2916042968 TSecr=3045562742 [TCP segment of a reassembled PDU]"
"71520","38.887966781","192.168.1.55","192.168.1.2","TCP","1514","8004  >  37006 [ACK] Seq=175398 Ack=141 Win=65024 Len=1448 TSval=2916042968 TSecr=3045562742 [TCP segment of a reassembled PDU]"
"71521","38.887968022","192.168.1.55","192.168.1.2","TCP","1514","8004  >  37006 [ACK] Seq=176846 Ack=141 Win=65024 Len=1448 TSval=2916042968 TSecr=3045562742 [TCP segment of a reassembled PDU]"
"71522","38.887969207","192.168.1.55","192.168.1.2","TCP","1514","8004  >  37006 [ACK] Seq=178294 Ack=141 Win=65024 Len=1448 TSval=2916042968 TSecr=3045562742 [TCP segment of a reassembled PDU]"
"71523","38.887970411","192.168.1.55","192.168.1.2","TCP","1514","8004  >  37006 [ACK] Seq=179742 Ack=141 Win=65024 Len=1448 TSval=2916042968 TSecr=3045562742 [TCP segment of a reassembled PDU]"
"71524","38.887971503","192.168.1.55","192.168.1.2","TCP","1514","8004  >  37006 [ACK] Seq=181190 Ack=141 Win=65024 Len=1448 TSval=2916042968 TSecr=3045562742 [TCP segment of a reassembled PDU]"
"71525","38.887972633","192.168.1.55","192.168.1.2","TCP","1514","8004  >  37006 [ACK] Seq=182638 Ack=141 Win=65024 Len=1448 TSval=2916042968 TSecr=3045562742 [TCP segment of a reassembled PDU]"
"71526","38.887973837","192.168.1.55","192.168.1.2","TCP","1514","8004  >  37006 [ACK] Seq=184086 Ack=141 Win=65024 Len=1448 TSval=2916042968 TSecr=3045562742 [TCP segment of a reassembled PDU]"
"71527","38.887974929","192.168.1.55","192.168.1.2","TCP","1514","8004  >  37006 [ACK] Seq=185534 Ack=141 Win=65024 Len=1448 TSval=2916042968 TSecr=3045562742 [TCP segment of a reassembled PDU]"
"71528","38.887976114","192.168.1.55","192.168.1.2","TCP","1514","8004  >  37006 [ACK] Seq=186982 Ack=141 Win=65024 Len=1448 TSval=2916042968 TSecr=3045562742 [TCP segment of a reassembled PDU]"
"71529","38.887977225","192.168.1.55","192.168.1.2","TCP","1514","8004  >  37006 [ACK] Seq=188430 Ack=141 Win=65024 Len=1448 TSval=2916042968 TSecr=3045562742 [TCP segment of a reassembled PDU]"
"71530","38.887978337","192.168.1.55","192.168.1.2","TCP","1514","8004  >  37006 [ACK] Seq=189878 Ack=141 Win=65024 Len=1448 TSval=2916042968 TSecr=3045562742 [TCP segment of a reassembled PDU]"
"71531","38.887979522","192.168.1.55","192.168.1.2","TCP","1514","8004  >  37006 [ACK] Seq=191326 Ack=141 Win=65024 Len=1448 TSval=2916042968 TSecr=3045562742 [TCP segment of a reassembled PDU]"
"71532","38.887980596","192.168.1.55","192.168.1.2","TCP","1514","8004  >  37006 [ACK] Seq=192774 Ack=141 Win=65024 Len=1448 TSval=2916042968 TSecr=3045562742 [TCP segment of a reassembled PDU]"
"71533","38.887981725","192.168.1.55","192.168.1.2","TCP","1514","8004  >  37006 [ACK] Seq=194222 Ack=141 Win=65024 Len=1448 TSval=2916042968 TSecr=3045562742 [TCP segment of a reassembled PDU]"
"71534","38.887982837","192.168.1.55","192.168.1.2","TCP","1514","8004  >  37006 [ACK] Seq=195670 Ack=141 Win=65024 Len=1448 TSval=2916042968 TSecr=3045562742 [TCP segment of a reassembled PDU]"
"71535","38.887984003","192.168.1.55","192.168.1.2","TCP","1514","8004  >  37006 [ACK] Seq=197118 Ack=141 Win=65024 Len=1448 TSval=2916042968 TSecr=3045562742 [TCP segment of a reassembled PDU]"
"71536","38.887985300","192.168.1.55","192.168.1.2","TCP","1514","8004  >  37006 [ACK] Seq=198566 Ack=141 Win=65024 Len=1448 TSval=2916042968 TSecr=3045562742 [TCP segment of a reassembled PDU]"
"71537","38.887986485","192.168.1.55","192.168.1.2","TCP","1514","8004  >  37006 [ACK] Seq=200014 Ack=141 Win=65024 Len=1448 TSval=2916042968 TSecr=3045562742 [TCP segment of a reassembled PDU]"
"71538","38.887987577","192.168.1.55","192.168.1.2","TCP","1514","8004  >  37006 [ACK] Seq=201462 Ack=141 Win=65024 Len=1448 TSval=2916042968 TSecr=3045562742 [TCP segment of a reassembled PDU]"
"71539","38.887988707","192.168.1.55","192.168.1.2","TCP","1514","8004  >  37006 [ACK] Seq=202910 Ack=141 Win=65024 Len=1448 TSval=2916042968 TSecr=3045562742 [TCP segment of a reassembled PDU]"
"71540","38.887989837","192.168.1.55","192.168.1.2","TCP","1514","8004  >  37006 [ACK] Seq=204358 Ack=141 Win=65024 Len=1448 TSval=2916042968 TSecr=3045562742 [TCP segment of a reassembled PDU]"
"71541","38.887991003","192.168.1.55","192.168.1.2","TCP","1514","8004  >  37006 [ACK] Seq=205806 Ack=141 Win=65024 Len=1448 TSval=2916042968 TSecr=3045562742 [TCP segment of a reassembled PDU]"
"71542","38.887992170","192.168.1.55","192.168.1.2","TCP","1514","8004  >  37006 [PSH, ACK] Seq=207254 Ack=141 Win=65024 Len=1448 TSval=2916042968 TSecr=3045562742 [TCP segment of a reassembled PDU]"
"71543","38.888003003","192.168.1.55","192.168.1.2","TCP","1514","8004  >  37006 [ACK] Seq=208702 Ack=141 Win=65024 Len=1448 TSval=2916042968 TSecr=3045562742 [TCP segment of a reassembled PDU]"
"71544","38.888004744","192.168.1.55","192.168.1.2","TCP","1514","8004  >  37006 [ACK] Seq=210150 Ack=141 Win=65024 Len=1448 TSval=2916042968 TSecr=3045562742 [TCP segment of a reassembled PDU]"
"71545","38.888005855","192.168.1.55","192.168.1.2","TCP","1514","8004  >  37006 [ACK] Seq=211598 Ack=141 Win=65024 Len=1448 TSval=2916042968 TSecr=3045562742 [TCP segment of a reassembled PDU]"
"71546","38.888007133","192.168.1.55","192.168.1.2","TCP","1514","8004  >  37006 [ACK] Seq=213046 Ack=141 Win=65024 Len=1448 TSval=2916042968 TSecr=3045562742 [TCP segment of a reassembled PDU]"
"71547","38.888008448","192.168.1.55","192.168.1.2","TCP","1514","8004  >  37006 [PSH, ACK] Seq=214494 Ack=141 Win=65024 Len=1448 TSval=2916042968 TSecr=3045562742 [TCP segment of a reassembled PDU]"
"71548","38.892321325","192.168.1.2","192.168.1.55","TCP","66","37006  >  8004 [ACK] Seq=141 Ack=143670 Win=77824 Len=0 TSval=3045562744 TSecr=2916042966"
"71549","38.892341214","192.168.1.55","192.168.1.2","TCP","1514","8004  >  37006 [ACK] Seq=215942 Ack=141 Win=65024 Len=1448 TSval=2916042973 TSecr=3045562744 [TCP segment of a reassembled PDU]"
"71550","38.892343677","192.168.1.55","192.168.1.2","TCP","1514","8004  >  37006 [ACK] Seq=217390 Ack=141 Win=65024 Len=1448 TSval=2916042973 TSecr=3045562744 [TCP segment of a reassembled PDU]"
"71551","38.892344677","192.168.1.55","192.168.1.2","TCP","1514","8004  >  37006 [PSH, ACK] Seq=218838 Ack=141 Win=65024 Len=1448 TSval=2916042973 TSecr=3045562744 [TCP segment of a reassembled PDU]"
"71552","38.893780957","192.168.1.2","192.168.1.55","TCP","66","37006  >  8004 [ACK] Seq=141 Ack=162494 Win=78848 Len=0 TSval=3045562747 TSecr=2916042966"
"71553","38.893804827","192.168.1.55","192.168.1.2","TCP","1514","8004  >  37006 [ACK] Seq=220286 Ack=141 Win=65024 Len=1448 TSval=2916042974 TSecr=3045562747 [TCP segment of a reassembled PDU]"
"71554","38.893807365","192.168.1.55","192.168.1.2","TCP","1514","8004  >  37006 [ACK] Seq=221734 Ack=141 Win=65024 Len=1448 TSval=2916042974 TSecr=3045562747 [TCP segment of a reassembled PDU]"
"71555","38.893808476","192.168.1.55","192.168.1.2","TCP","1514","8004  >  37006 [ACK] Seq=223182 Ack=141 Win=65024 Len=1448 TSval=2916042974 TSecr=3045562747 [TCP segment of a reassembled PDU]"
"71556","38.893809624","192.168.1.55","192.168.1.2","TCP","1514","8004  >  37006 [ACK] Seq=224630 Ack=141 Win=65024 Len=1448 TSval=2916042974 TSecr=3045562747 [TCP segment of a reassembled PDU]"
"71557","38.893810679","192.168.1.55","192.168.1.2","TCP","1514","8004  >  37006 [ACK] Seq=226078 Ack=141 Win=65024 Len=1448 TSval=2916042974 TSecr=3045562747 [TCP segment of a reassembled PDU]"
"71558","38.893811772","192.168.1.55","192.168.1.2","TCP","1514","8004  >  37006 [ACK] Seq=227526 Ack=141 Win=65024 Len=1448 TSval=2916042974 TSecr=3045562747 [TCP segment of a reassembled PDU]"
"71559","38.893812790","192.168.1.55","192.168.1.2","TCP","1514","8004  >  37006 [ACK] Seq=228974 Ack=141 Win=65024 Len=1448 TSval=2916042974 TSecr=3045562747 [TCP segment of a reassembled PDU]"
"71560","38.893813790","192.168.1.55","192.168.1.2","TCP","1514","8004  >  37006 [ACK] Seq=230422 Ack=141 Win=65024 Len=1448 TSval=2916042974 TSecr=3045562747 [TCP segment of a reassembled PDU]"
"71561","38.893814920","192.168.1.55","192.168.1.2","TCP","1514","8004  >  37006 [ACK] Seq=231870 Ack=141 Win=65024 Len=1448 TSval=2916042974 TSecr=3045562747 [TCP segment of a reassembled PDU]"
"71562","38.893816068","192.168.1.55","192.168.1.2","TCP","1514","8004  >  37006 [ACK] Seq=233318 Ack=141 Win=65024 Len=1448 TSval=2916042974 TSecr=3045562747 [TCP segment of a reassembled PDU]"
"71563","38.893817087","192.168.1.55","192.168.1.2","TCP","1514","8004  >  37006 [ACK] Seq=234766 Ack=141 Win=65024 Len=1448 TSval=2916042974 TSecr=3045562747 [TCP segment of a reassembled PDU]"
"71564","38.893818087","192.168.1.55","192.168.1.2","TCP","1514","8004  >  37006 [ACK] Seq=236214 Ack=141 Win=65024 Len=1448 TSval=2916042974 TSecr=3045562747 [TCP segment of a reassembled PDU]"
"71565","38.893819087","192.168.1.55","192.168.1.2","TCP","1514","8004  >  37006 [ACK] Seq=237662 Ack=141 Win=65024 Len=1448 TSval=2916042974 TSecr=3045562747 [TCP segment of a reassembled PDU]"
"71566","38.893820216","192.168.1.55","192.168.1.2","TCP","1514","8004  >  37006 [PSH, ACK] Seq=239110 Ack=141 Win=65024 Len=1448 TSval=2916042974 TSecr=3045562747 [TCP segment of a reassembled PDU]"
"71567","38.893845735","192.168.1.2","192.168.1.55","TCP","66","37006  >  8004 [ACK] Seq=141 Ack=163814 Win=92160 Len=0 TSval=3045562747 TSecr=2916042968"
"71568","38.893862142","192.168.1.55","192.168.1.2","TCP","1514","8004  >  37006 [ACK] Seq=240558 Ack=141 Win=65024 Len=1448 TSval=2916042974 TSecr=3045562747 [TCP segment of a reassembled PDU]"
"71569","38.893863550","192.168.1.55","192.168.1.2","TCP","1514","8004  >  37006 [ACK] Seq=242006 Ack=141 Win=65024 Len=1448 TSval=2916042974 TSecr=3045562747 [TCP segment of a reassembled PDU]"
"71570","38.893864716","192.168.1.55","192.168.1.2","TCP","1514","8004  >  37006 [ACK] Seq=243454 Ack=141 Win=65024 Len=1448 TSval=2916042974 TSecr=3045562747 [TCP segment of a reassembled PDU]"
"71571","38.893866161","192.168.1.55","192.168.1.2","TCP","1514","8004  >  37006 [ACK] Seq=244902 Ack=141 Win=65024 Len=1448 TSval=2916042974 TSecr=3045562747 [TCP segment of a reassembled PDU]"
"71572","38.893867235","192.168.1.55","192.168.1.2","TCP","1514","8004  >  37006 [ACK] Seq=246350 Ack=141 Win=65024 Len=1448 TSval=2916042974 TSecr=3045562747 [TCP segment of a reassembled PDU]"
"71573","38.893868383","192.168.1.55","192.168.1.2","TCP","1514","8004  >  37006 [ACK] Seq=247798 Ack=141 Win=65024 Len=1448 TSval=2916042974 TSecr=3045562747 [TCP segment of a reassembled PDU]"
"71574","38.893869494","192.168.1.55","192.168.1.2","TCP","1514","8004  >  37006 [ACK] Seq=249246 Ack=141 Win=65024 Len=1448 TSval=2916042974 TSecr=3045562747 [TCP segment of a reassembled PDU]"
"71575","38.893870605","192.168.1.55","192.168.1.2","TCP","1514","8004  >  37006 [ACK] Seq=250694 Ack=141 Win=65024 Len=1448 TSval=2916042974 TSecr=3045562747 [TCP segment of a reassembled PDU]"
"71576","38.893871605","192.168.1.55","192.168.1.2","TCP","1514","8004  >  37006 [PSH, ACK] Seq=252142 Ack=141 Win=65024 Len=1448 TSval=2916042974 TSecr=3045562747 [TCP segment of a reassembled PDU]"
"71577","38.896683203","192.168.1.2","192.168.1.55","TCP","66","37006  >  8004 [ACK] Seq=141 Ack=208702 Win=54272 Len=0 TSval=3045562750 TSecr=2916042968"
"71578","38.896699647","192.168.1.55","192.168.1.2","TCP","1514","8004  >  37006 [ACK] Seq=253590 Ack=141 Win=65024 Len=1448 TSval=2916042977 TSecr=3045562750 [TCP segment of a reassembled PDU]"
"71579","38.896701851","192.168.1.55","192.168.1.2","TCP","1514","8004  >  37006 [ACK] Seq=255038 Ack=141 Win=65024 Len=1448 TSval=2916042977 TSecr=3045562750 [TCP segment of a reassembled PDU]"
"71580","38.896702888","192.168.1.55","192.168.1.2","TCP","1514","8004  >  37006 [ACK] Seq=256486 Ack=141 Win=65024 Len=1448 TSval=2916042977 TSecr=3045562750 [TCP segment of a reassembled PDU]"
"71581","38.896703906","192.168.1.55","192.168.1.2","TCP","1514","8004  >  37006 [ACK] Seq=257934 Ack=141 Win=65024 Len=1448 TSval=2916042977 TSecr=3045562750 [TCP segment of a reassembled PDU]"
"71582","38.896704906","192.168.1.55","192.168.1.2","TCP","1514","8004  >  37006 [ACK] Seq=259382 Ack=141 Win=65024 Len=1448 TSval=2916042977 TSecr=3045562750 [TCP segment of a reassembled PDU]"
"71583","38.896705999","192.168.1.55","192.168.1.2","TCP","1514","8004  >  37006 [ACK] Seq=260830 Ack=141 Win=65024 Len=1448 TSval=2916042977 TSecr=3045562750 [TCP segment of a reassembled PDU]"
"71584","38.896707017","192.168.1.55","192.168.1.2","TCP","762","[TCP Window Full] 8004  >  37006 [PSH, ACK] Seq=262278 Ack=141 Win=65024 Len=696 TSval=2916042977 TSecr=3045562750 [TCP segment of a reassembled PDU]"
"71585","38.897036148","192.168.1.2","192.168.1.55","TCP","66","37006  >  8004 [ACK] Seq=141 Ack=215942 Win=47104 Len=0 TSval=3045562750 TSecr=2916042968"
"71586","38.898412983","192.168.1.2","192.168.1.55","TCP","66","37006  >  8004 [ACK] Seq=141 Ack=220286 Win=93184 Len=0 TSval=3045562753 TSecr=2916042973"
"71587","38.898437391","192.168.1.55","192.168.1.2","TCP","1514","8004  >  37006 [ACK] Seq=262974 Ack=141 Win=65024 Len=1448 TSval=2916042979 TSecr=3045562753 [TCP segment of a reassembled PDU]"
"71588","38.898439446","192.168.1.55","192.168.1.2","TCP","1514","8004  >  37006 [ACK] Seq=264422 Ack=141 Win=65024 Len=1448 TSval=2916042979 TSecr=3045562753 [TCP segment of a reassembled PDU]"
"71589","38.898440594","192.168.1.55","192.168.1.2","TCP","1514","8004  >  37006 [ACK] Seq=265870 Ack=141 Win=65024 Len=1448 TSval=2916042979 TSecr=3045562753 [TCP segment of a reassembled PDU]"
"71590","38.898441668","192.168.1.55","192.168.1.2","TCP","1514","8004  >  37006 [ACK] Seq=267318 Ack=141 Win=65024 Len=1448 TSval=2916042979 TSecr=3045562753 [TCP segment of a reassembled PDU]"
"71591","38.898442724","192.168.1.55","192.168.1.2","TCP","1514","8004  >  37006 [ACK] Seq=268766 Ack=141 Win=65024 Len=1448 TSval=2916042979 TSecr=3045562753 [TCP segment of a reassembled PDU]"
"71592","38.898444094","192.168.1.55","192.168.1.2","TCP","1514","8004  >  37006 [ACK] Seq=270214 Ack=141 Win=65024 Len=1448 TSval=2916042979 TSecr=3045562753 [TCP segment of a reassembled PDU]"
"71593","38.898445298","192.168.1.55","192.168.1.2","TCP","1514","8004  >  37006 [ACK] Seq=271662 Ack=141 Win=65024 Len=1448 TSval=2916042979 TSecr=3045562753 [TCP segment of a reassembled PDU]"
"71594","38.898446409","192.168.1.55","192.168.1.2","TCP","1514","8004  >  37006 [ACK] Seq=273110 Ack=141 Win=65024 Len=1448 TSval=2916042979 TSecr=3045562753 [TCP segment of a reassembled PDU]"
"71595","38.898447539","192.168.1.55","192.168.1.2","TCP","1514","8004  >  37006 [ACK] Seq=274558 Ack=141 Win=65024 Len=1448 TSval=2916042979 TSecr=3045562753 [TCP segment of a reassembled PDU]"
"71596","38.898448668","192.168.1.55","192.168.1.2","TCP","1514","8004  >  37006 [ACK] Seq=276006 Ack=141 Win=65024 Len=1448 TSval=2916042979 TSecr=3045562753 [TCP segment of a reassembled PDU]"
"71597","38.898449742","192.168.1.55","192.168.1.2","TCP","1514","8004  >  37006 [ACK] Seq=277454 Ack=141 Win=65024 Len=1448 TSval=2916042979 TSecr=3045562753 [TCP segment of a reassembled PDU]"
"71598","38.898450928","192.168.1.55","192.168.1.2","TCP","1514","8004  >  37006 [ACK] Seq=278902 Ack=141 Win=65024 Len=1448 TSval=2916042979 TSecr=3045562753 [TCP segment of a reassembled PDU]"
"71599","38.898452057","192.168.1.55","192.168.1.2","TCP","1514","8004  >  37006 [ACK] Seq=280350 Ack=141 Win=65024 Len=1448 TSval=2916042979 TSecr=3045562753 [TCP segment of a reassembled PDU]"
"71600","38.898453242","192.168.1.55","192.168.1.2","TCP","1514","8004  >  37006 [ACK] Seq=281798 Ack=141 Win=65024 Len=1448 TSval=2916042979 TSecr=3045562753 [TCP segment of a reassembled PDU]"
"71601","38.898454502","192.168.1.55","192.168.1.2","TCP","1514","8004  >  37006 [ACK] Seq=283246 Ack=141 Win=65024 Len=1448 TSval=2916042979 TSecr=3045562753 [TCP segment of a reassembled PDU]"
"71602","38.898455539","192.168.1.55","192.168.1.2","TCP","1514","8004  >  37006 [ACK] Seq=284694 Ack=141 Win=65024 Len=1448 TSval=2916042979 TSecr=3045562753 [TCP segment of a reassembled PDU]"
"71603","38.898456705","192.168.1.55","192.168.1.2","TCP","1514","8004  >  37006 [ACK] Seq=286142 Ack=141 Win=65024 Len=1448 TSval=2916042979 TSecr=3045562753 [TCP segment of a reassembled PDU]"
"71604","38.898457780","192.168.1.55","192.168.1.2","TCP","1514","8004  >  37006 [ACK] Seq=287590 Ack=141 Win=65024 Len=1448 TSval=2916042979 TSecr=3045562753 [TCP segment of a reassembled PDU]"
"71605","38.898458835","192.168.1.55","192.168.1.2","TCP","1514","8004  >  37006 [ACK] Seq=289038 Ack=141 Win=65024 Len=1448 TSval=2916042979 TSecr=3045562753 [TCP segment of a reassembled PDU]"
"71606","38.898460020","192.168.1.55","192.168.1.2","TCP","1514","8004  >  37006 [ACK] Seq=290486 Ack=141 Win=65024 Len=1448 TSval=2916042979 TSecr=3045562753 [TCP segment of a reassembled PDU]"
"71607","38.898461076","192.168.1.55","192.168.1.2","TCP","1514","8004  >  37006 [ACK] Seq=291934 Ack=141 Win=65024 Len=1448 TSval=2916042979 TSecr=3045562753 [TCP segment of a reassembled PDU]"
"71608","38.898462131","192.168.1.55","192.168.1.2","TCP","1514","8004  >  37006 [ACK] Seq=293382 Ack=141 Win=65024 Len=1448 TSval=2916042979 TSecr=3045562753 [TCP segment of a reassembled PDU]"
"71609","38.898463205","192.168.1.55","192.168.1.2","TCP","1514","8004  >  37006 [ACK] Seq=294830 Ack=141 Win=65024 Len=1448 TSval=2916042979 TSecr=3045562753 [TCP segment of a reassembled PDU]"
"71610","38.898464280","192.168.1.55","192.168.1.2","TCP","1514","8004  >  37006 [PSH, ACK] Seq=296278 Ack=141 Win=65024 Len=1448 TSval=2916042979 TSecr=3045562753 [TCP segment of a reassembled PDU]"
"71611","38.898469557","192.168.1.55","192.168.1.2","TCP","818","8004  >  37006 [ACK] Seq=297726 Ack=141 Win=65024 Len=752 TSval=2916042979 TSecr=3045562753 [TCP segment of a reassembled PDU]"
"71612","38.898542206","192.168.1.2","192.168.1.55","TCP","66","37006  >  8004 [ACK] Seq=141 Ack=240558 Win=105472 Len=0 TSval=3045562753 TSecr=2916042974"
"71613","38.898586261","192.168.1.55","192.168.1.2","TCP","1514","8004  >  37006 [ACK] Seq=298478 Ack=141 Win=65024 Len=1448 TSval=2916042979 TSecr=3045562753 [TCP segment of a reassembled PDU]"
"71614","38.898587891","192.168.1.55","192.168.1.2","TCP","1514","8004  >  37006 [ACK] Seq=299926 Ack=141 Win=65024 Len=1448 TSval=2916042979 TSecr=3045562753 [TCP segment of a reassembled PDU]"
"71615","38.898589113","192.168.1.55","192.168.1.2","TCP","1514","8004  >  37006 [ACK] Seq=301374 Ack=141 Win=65024 Len=1448 TSval=2916042979 TSecr=3045562753 [TCP segment of a reassembled PDU]"
"71616","38.898590113","192.168.1.55","192.168.1.2","TCP","1514","8004  >  37006 [ACK] Seq=302822 Ack=141 Win=65024 Len=1448 TSval=2916042979 TSecr=3045562753 [TCP segment of a reassembled PDU]"
"71617","38.898591150","192.168.1.55","192.168.1.2","TCP","1514","8004  >  37006 [ACK] Seq=304270 Ack=141 Win=65024 Len=1448 TSval=2916042979 TSecr=3045562753 [TCP segment of a reassembled PDU]"
"71618","38.898592280","192.168.1.55","192.168.1.2","TCP","1514","8004  >  37006 [ACK] Seq=305718 Ack=141 Win=65024 Len=1448 TSval=2916042979 TSecr=3045562753 [TCP segment of a reassembled PDU]"
"71619","38.898593280","192.168.1.55","192.168.1.2","TCP","1514","8004  >  37006 [ACK] Seq=307166 Ack=141 Win=65024 Len=1448 TSval=2916042979 TSecr=3045562753 [TCP segment of a reassembled PDU]"
"71620","38.898594465","192.168.1.55","192.168.1.2","TCP","1514","8004  >  37006 [ACK] Seq=308614 Ack=141 Win=65024 Len=1448 TSval=2916042979 TSecr=3045562753 [TCP segment of a reassembled PDU]"
"71621","38.898595650","192.168.1.55","192.168.1.2","TCP","1514","8004  >  37006 [ACK] Seq=310062 Ack=141 Win=65024 Len=1448 TSval=2916042979 TSecr=3045562753 [TCP segment of a reassembled PDU]"
"71622","38.898596650","192.168.1.55","192.168.1.2","TCP","1514","8004  >  37006 [ACK] Seq=311510 Ack=141 Win=65024 Len=1448 TSval=2916042979 TSecr=3045562753 [TCP segment of a reassembled PDU]"
"71623","38.898597724","192.168.1.55","192.168.1.2","TCP","1514","8004  >  37006 [ACK] Seq=312958 Ack=141 Win=65024 Len=1448 TSval=2916042979 TSecr=3045562753 [TCP segment of a reassembled PDU]"
"71624","38.898598780","192.168.1.55","192.168.1.2","TCP","1514","8004  >  37006 [ACK] Seq=314406 Ack=141 Win=65024 Len=1448 TSval=2916042979 TSecr=3045562753 [TCP segment of a reassembled PDU]"
"71625","38.898599891","192.168.1.55","192.168.1.2","TCP","1514","8004  >  37006 [ACK] Seq=315854 Ack=141 Win=65024 Len=1448 TSval=2916042979 TSecr=3045562753 [TCP segment of a reassembled PDU]"
"71626","38.898600891","192.168.1.55","192.168.1.2","TCP","1514","8004  >  37006 [ACK] Seq=317302 Ack=141 Win=65024 Len=1448 TSval=2916042979 TSecr=3045562753 [TCP segment of a reassembled PDU]"
"71627","38.898601946","192.168.1.55","192.168.1.2","TCP","1514","8004  >  37006 [ACK] Seq=318750 Ack=141 Win=65024 Len=1448 TSval=2916042979 TSecr=3045562753 [TCP segment of a reassembled PDU]"
"71628","38.898603020","192.168.1.55","192.168.1.2","TCP","1514","8004  >  37006 [ACK] Seq=320198 Ack=141 Win=65024 Len=1448 TSval=2916042979 TSecr=3045562753 [TCP segment of a reassembled PDU]"
"71629","38.898604076","192.168.1.55","192.168.1.2","TCP","1514","8004  >  37006 [ACK] Seq=321646 Ack=141 Win=65024 Len=1448 TSval=2916042979 TSecr=3045562753 [TCP segment of a reassembled PDU]"
"71630","38.898605187","192.168.1.55","192.168.1.2","TCP","1514","8004  >  37006 [ACK] Seq=323094 Ack=141 Win=65024 Len=1448 TSval=2916042979 TSecr=3045562753 [TCP segment of a reassembled PDU]"
"71631","38.898606169","192.168.1.55","192.168.1.2","TCP","1514","8004  >  37006 [ACK] Seq=324542 Ack=141 Win=65024 Len=1448 TSval=2916042979 TSecr=3045562753 [TCP segment of a reassembled PDU]"
"71632","38.898607169","192.168.1.55","192.168.1.2","TCP","1514","8004  >  37006 [ACK] Seq=325990 Ack=141 Win=65024 Len=1448 TSval=2916042979 TSecr=3045562753 [TCP segment of a reassembled PDU]"
"71633","38.898608354","192.168.1.55","192.168.1.2","TCP","1514","8004  >  37006 [ACK] Seq=327438 Ack=141 Win=65024 Len=1448 TSval=2916042979 TSecr=3045562753 [TCP segment of a reassembled PDU]"
"71634","38.898609372","192.168.1.55","192.168.1.2","TCP","1514","8004  >  37006 [ACK] Seq=328886 Ack=141 Win=65024 Len=1448 TSval=2916042979 TSecr=3045562753 [TCP segment of a reassembled PDU]"
"71635","38.898610409","192.168.1.55","192.168.1.2","TCP","1514","8004  >  37006 [ACK] Seq=330334 Ack=141 Win=65024 Len=1448 TSval=2916042979 TSecr=3045562753 [TCP segment of a reassembled PDU]"
"71636","38.898611391","192.168.1.55","192.168.1.2","TCP","1514","8004  >  37006 [ACK] Seq=331782 Ack=141 Win=65024 Len=1448 TSval=2916042979 TSecr=3045562753 [TCP segment of a reassembled PDU]"
"71637","38.898612409","192.168.1.55","192.168.1.2","TCP","1514","8004  >  37006 [ACK] Seq=333230 Ack=141 Win=65024 Len=1448 TSval=2916042979 TSecr=3045562753 [TCP segment of a reassembled PDU]"
"71638","38.898613483","192.168.1.55","192.168.1.2","TCP","1514","8004  >  37006 [ACK] Seq=334678 Ack=141 Win=65024 Len=1448 TSval=2916042979 TSecr=3045562753 [TCP segment of a reassembled PDU]"
"71639","38.898614483","192.168.1.55","192.168.1.2","TCP","1514","8004  >  37006 [ACK] Seq=336126 Ack=141 Win=65024 Len=1448 TSval=2916042979 TSecr=3045562753 [TCP segment of a reassembled PDU]"
"71640","38.898615539","192.168.1.55","192.168.1.2","TCP","1514","8004  >  37006 [ACK] Seq=337574 Ack=141 Win=65024 Len=1448 TSval=2916042979 TSecr=3045562753 [TCP segment of a reassembled PDU]"
"71641","38.898616558","192.168.1.55","192.168.1.2","TCP","1514","8004  >  37006 [ACK] Seq=339022 Ack=141 Win=65024 Len=1448 TSval=2916042979 TSecr=3045562753 [TCP segment of a reassembled PDU]"
"71642","38.898617595","192.168.1.55","192.168.1.2","TCP","1514","8004  >  37006 [ACK] Seq=340470 Ack=141 Win=65024 Len=1448 TSval=2916042979 TSecr=3045562753 [TCP segment of a reassembled PDU]"
"71643","38.898618687","192.168.1.55","192.168.1.2","TCP","1514","8004  >  37006 [PSH, ACK] Seq=341918 Ack=141 Win=65024 Len=1448 TSval=2916042979 TSecr=3045562753 [TCP segment of a reassembled PDU]"
"71644","38.898622928","192.168.1.2","192.168.1.55","TCP","66","37006  >  8004 [ACK] Seq=141 Ack=253590 Win=111616 Len=0 TSval=3045562753 TSecr=2916042974"
"71645","38.898648632","192.168.1.55","192.168.1.2","TCP","1514","8004  >  37006 [ACK] Seq=343366 Ack=141 Win=65024 Len=1448 TSval=2916042979 TSecr=3045562753 [TCP segment of a reassembled PDU]"
"71646","38.898650021","192.168.1.55","192.168.1.2","TCP","1514","8004  >  37006 [ACK] Seq=344814 Ack=141 Win=65024 Len=1448 TSval=2916042979 TSecr=3045562753 [TCP segment of a reassembled PDU]"
"71647","38.898651428","192.168.1.55","192.168.1.2","TCP","1514","8004  >  37006 [ACK] Seq=346262 Ack=141 Win=65024 Len=1448 TSval=2916042979 TSecr=3045562753 [TCP segment of a reassembled PDU]"
"71648","38.898652484","192.168.1.55","192.168.1.2","TCP","1514","8004  >  37006 [ACK] Seq=347710 Ack=141 Win=65024 Len=1448 TSval=2916042979 TSecr=3045562753 [TCP segment of a reassembled PDU]"
"71649","38.898653595","192.168.1.55","192.168.1.2","TCP","1514","8004  >  37006 [ACK] Seq=349158 Ack=141 Win=65024 Len=1448 TSval=2916042979 TSecr=3045562753 [TCP segment of a reassembled PDU]"
"71650","38.898654687","192.168.1.55","192.168.1.2","TCP","1514","8004  >  37006 [ACK] Seq=350606 Ack=141 Win=65024 Len=1448 TSval=2916042979 TSecr=3045562753 [TCP segment of a reassembled PDU]"
"71651","38.898655743","192.168.1.55","192.168.1.2","TCP","1514","8004  >  37006 [ACK] Seq=352054 Ack=141 Win=65024 Len=1448 TSval=2916042979 TSecr=3045562753 [TCP segment of a reassembled PDU]"
"71652","38.898656817","192.168.1.55","192.168.1.2","TCP","1514","8004  >  37006 [ACK] Seq=353502 Ack=141 Win=65024 Len=1448 TSval=2916042979 TSecr=3045562753 [TCP segment of a reassembled PDU]"
"71653","38.898657835","192.168.1.55","192.168.1.2","TCP","1514","8004  >  37006 [ACK] Seq=354950 Ack=141 Win=65024 Len=1448 TSval=2916042979 TSecr=3045562753 [TCP segment of a reassembled PDU]"
"71654","38.898658928","192.168.1.55","192.168.1.2","TCP","1514","8004  >  37006 [ACK] Seq=356398 Ack=141 Win=65024 Len=1448 TSval=2916042979 TSecr=3045562753 [TCP segment of a reassembled PDU]"
"71655","38.898660021","192.168.1.55","192.168.1.2","TCP","1514","8004  >  37006 [ACK] Seq=357846 Ack=141 Win=65024 Len=1448 TSval=2916042979 TSecr=3045562753 [TCP segment of a reassembled PDU]"
"71656","38.898661132","192.168.1.55","192.168.1.2","TCP","1514","8004  >  37006 [ACK] Seq=359294 Ack=141 Win=65024 Len=1448 TSval=2916042979 TSecr=3045562753 [TCP segment of a reassembled PDU]"
"71657","38.898667650","192.168.1.55","192.168.1.2","TCP","1514","8004  >  37006 [ACK] Seq=360742 Ack=141 Win=65024 Len=1448 TSval=2916042979 TSecr=3045562753 [TCP segment of a reassembled PDU]"
"71658","38.898669002","192.168.1.55","192.168.1.2","TCP","1514","8004  >  37006 [ACK] Seq=362190 Ack=141 Win=65024 Len=1448 TSval=2916042979 TSecr=3045562753 [TCP segment of a reassembled PDU]"
"71659","38.898670243","192.168.1.55","192.168.1.2","TCP","1514","8004  >  37006 [PSH, ACK] Seq=363638 Ack=141 Win=65024 Len=1448 TSval=2916042979 TSecr=3045562753 [TCP segment of a reassembled PDU]"
"71660","38.904041900","192.168.1.2","192.168.1.55","TCP","66","37006  >  8004 [ACK] Seq=141 Ack=255038 Win=114688 Len=0 TSval=3045562754 TSecr=2916042977"
"71661","38.904072585","192.168.1.55","192.168.1.2","TCP","1514","8004  >  37006 [ACK] Seq=365086 Ack=141 Win=65024 Len=1448 TSval=2916042984 TSecr=3045562754 [TCP segment of a reassembled PDU]"
"71662","38.904075844","192.168.1.55","192.168.1.2","TCP","1514","8004  >  37006 [ACK] Seq=366534 Ack=141 Win=65024 Len=1448 TSval=2916042984 TSecr=3045562754 [TCP segment of a reassembled PDU]"
"71663","38.904076789","192.168.1.55","192.168.1.2","TCP","1514","8004  >  37006 [PSH, ACK] Seq=367982 Ack=141 Win=65024 Len=1448 TSval=2916042984 TSecr=3045562754 [TCP segment of a reassembled PDU]"
"71664","38.904102252","192.168.1.2","192.168.1.55","TCP","66","37006  >  8004 [ACK] Seq=141 Ack=256486 Win=116736 Len=0 TSval=3045562754 TSecr=2916042977"
"71665","38.906316570","192.168.1.2","192.168.1.55","TCP","66","37006  >  8004 [ACK] Seq=141 Ack=262974 Win=130048 Len=0 TSval=3045562759 TSecr=2916042977"
"71666","38.906342811","192.168.1.55","192.168.1.2","TCP","1514","8004  >  37006 [ACK] Seq=369430 Ack=141 Win=65024 Len=1448 TSval=2916042987 TSecr=3045562759 [TCP segment of a reassembled PDU]"
"71667","38.906345033","192.168.1.55","192.168.1.2","TCP","1514","8004  >  37006 [ACK] Seq=370878 Ack=141 Win=65024 Len=1448 TSval=2916042987 TSecr=3045562759 [TCP segment of a reassembled PDU]"
"71668","38.906345922","192.168.1.55","192.168.1.2","TCP","1514","8004  >  37006 [ACK] Seq=372326 Ack=141 Win=65024 Len=1448 TSval=2916042987 TSecr=3045562759 [TCP segment of a reassembled PDU]"
"71669","38.906346866","192.168.1.55","192.168.1.2","TCP","1514","8004  >  37006 [ACK] Seq=373774 Ack=141 Win=65024 Len=1448 TSval=2916042987 TSecr=3045562759 [TCP segment of a reassembled PDU]"
"71670","38.906347885","192.168.1.55","192.168.1.2","TCP","1514","8004  >  37006 [ACK] Seq=375222 Ack=141 Win=65024 Len=1448 TSval=2916042987 TSecr=3045562759 [TCP segment of a reassembled PDU]"
"71671","38.906349329","192.168.1.55","192.168.1.2","TCP","1514","8004  >  37006 [ACK] Seq=376670 Ack=141 Win=65024 Len=1448 TSval=2916042987 TSecr=3045562759 [TCP segment of a reassembled PDU]"
"71672","38.906350607","192.168.1.55","192.168.1.2","TCP","1514","8004  >  37006 [ACK] Seq=378118 Ack=141 Win=65024 Len=1448 TSval=2916042987 TSecr=3045562759 [TCP segment of a reassembled PDU]"
"71673","38.906351941","192.168.1.55","192.168.1.2","TCP","1514","8004  >  37006 [ACK] Seq=379566 Ack=141 Win=65024 Len=1448 TSval=2916042987 TSecr=3045562759 [TCP segment of a reassembled PDU]"
"71674","38.906353052","192.168.1.55","192.168.1.2","TCP","1514","8004  >  37006 [ACK] Seq=381014 Ack=141 Win=65024 Len=1448 TSval=2916042987 TSecr=3045562759 [TCP segment of a reassembled PDU]"
"71675","38.906354033","192.168.1.55","192.168.1.2","TCP","1514","8004  >  37006 [ACK] Seq=382462 Ack=141 Win=65024 Len=1448 TSval=2916042987 TSecr=3045562759 [TCP segment of a reassembled PDU]"
"71676","38.906355089","192.168.1.55","192.168.1.2","TCP","1514","8004  >  37006 [ACK] Seq=383910 Ack=141 Win=65024 Len=1448 TSval=2916042987 TSecr=3045562759 [TCP segment of a reassembled PDU]"
"71677","38.906356144","192.168.1.55","192.168.1.2","TCP","1514","8004  >  37006 [ACK] Seq=385358 Ack=141 Win=65024 Len=1448 TSval=2916042987 TSecr=3045562759 [TCP segment of a reassembled PDU]"
"71678","38.906357015","192.168.1.55","192.168.1.2","TCP","1514","8004  >  37006 [PSH, ACK] Seq=386806 Ack=141 Win=65024 Len=1448 TSval=2916042987 TSecr=3045562759 [TCP segment of a reassembled PDU]"
"71679","38.906441830","192.168.1.2","192.168.1.55","TCP","66","37006  >  8004 [ACK] Seq=141 Ack=297726 Win=111616 Len=0 TSval=3045562759 TSecr=2916042979"
"71680","38.906449367","192.168.1.2","192.168.1.55","TCP","66","37006  >  8004 [ACK] Seq=141 Ack=298478 Win=133120 Len=0 TSval=3045562759 TSecr=2916042979"
"71681","38.906453052","192.168.1.2","192.168.1.55","TCP","66","37006  >  8004 [ACK] Seq=141 Ack=343366 Win=101376 Len=0 TSval=3045562760 TSecr=2916042979"
"71682","38.906503885","192.168.1.55","192.168.1.2","TCP","1514","8004  >  37006 [ACK] Seq=388254 Ack=141 Win=65024 Len=1448 TSval=2916042987 TSecr=3045562760 [TCP segment of a reassembled PDU]"
"71683","38.906506737","192.168.1.55","192.168.1.2","TCP","1514","8004  >  37006 [ACK] Seq=389702 Ack=141 Win=65024 Len=1448 TSval=2916042987 TSecr=3045562760 [TCP segment of a reassembled PDU]"
"71684","38.906508793","192.168.1.55","192.168.1.2","TCP","1514","8004  >  37006 [ACK] Seq=391150 Ack=141 Win=65024 Len=1448 TSval=2916042987 TSecr=3045562760 [TCP segment of a reassembled PDU]"
"71685","38.906511867","192.168.1.55","192.168.1.2","TCP","1514","8004  >  37006 [ACK] Seq=392598 Ack=141 Win=65024 Len=1448 TSval=2916042987 TSecr=3045562760 [TCP segment of a reassembled PDU]"
"71686","38.906512774","192.168.1.55","192.168.1.2","TCP","1514","8004  >  37006 [ACK] Seq=394046 Ack=141 Win=65024 Len=1448 TSval=2916042987 TSecr=3045562760 [TCP segment of a reassembled PDU]"
"71687","38.906513922","192.168.1.55","192.168.1.2","TCP","1514","8004  >  37006 [ACK] Seq=395494 Ack=141 Win=65024 Len=1448 TSval=2916042987 TSecr=3045562760 [TCP segment of a reassembled PDU]"
"71688","38.906514996","192.168.1.55","192.168.1.2","TCP","1514","8004  >  37006 [ACK] Seq=396942 Ack=141 Win=65024 Len=1448 TSval=2916042987 TSecr=3045562760 [TCP segment of a reassembled PDU]"
"71689","38.906516293","192.168.1.55","192.168.1.2","TCP","1514","8004  >  37006 [ACK] Seq=398390 Ack=141 Win=65024 Len=1448 TSval=2916042987 TSecr=3045562760 [TCP segment of a reassembled PDU]"
"71690","38.906517348","192.168.1.55","192.168.1.2","TCP","1514","8004  >  37006 [ACK] Seq=399838 Ack=141 Win=65024 Len=1448 TSval=2916042987 TSecr=3045562760 [TCP segment of a reassembled PDU]"
"71691","38.906518256","192.168.1.55","192.168.1.2","TCP","1514","8004  >  37006 [ACK] Seq=401286 Ack=141 Win=65024 Len=1448 TSval=2916042987 TSecr=3045562760 [TCP segment of a reassembled PDU]"
"71692","38.906519274","192.168.1.55","192.168.1.2","TCP","1514","8004  >  37006 [ACK] Seq=402734 Ack=141 Win=65024 Len=1448 TSval=2916042987 TSecr=3045562760 [TCP segment of a reassembled PDU]"
"71693","38.906520293","192.168.1.55","192.168.1.2","TCP","1514","8004  >  37006 [ACK] Seq=404182 Ack=141 Win=65024 Len=1448 TSval=2916042987 TSecr=3045562760 [TCP segment of a reassembled PDU]"
"71694","38.906521441","192.168.1.55","192.168.1.2","TCP","1514","8004  >  37006 [ACK] Seq=405630 Ack=141 Win=65024 Len=1448 TSval=2916042987 TSecr=3045562760 [TCP segment of a reassembled PDU]"
"71695","38.906522644","192.168.1.55","192.168.1.2","TCP","1514","8004  >  37006 [ACK] Seq=407078 Ack=141 Win=65024 Len=1448 TSval=2916042987 TSecr=3045562760 [TCP segment of a reassembled PDU]"
"71696","38.906524237","192.168.1.55","192.168.1.2","TCP","1514","8004  >  37006 [ACK] Seq=408526 Ack=141 Win=65024 Len=1448 TSval=2916042987 TSecr=3045562760 [TCP segment of a reassembled PDU]"
"71697","38.906525256","192.168.1.55","192.168.1.2","TCP","1514","8004  >  37006 [ACK] Seq=409974 Ack=141 Win=65024 Len=1448 TSval=2916042987 TSecr=3045562760 [TCP segment of a reassembled PDU]"
"71698","38.906526589","192.168.1.55","192.168.1.2","TCP","1514","8004  >  37006 [ACK] Seq=411422 Ack=141 Win=65024 Len=1448 TSval=2916042987 TSecr=3045562760 [TCP segment of a reassembled PDU]"
"71699","38.906527737","192.168.1.55","192.168.1.2","TCP","1514","8004  >  37006 [ACK] Seq=412870 Ack=141 Win=65024 Len=1448 TSval=2916042987 TSecr=3045562760 [TCP segment of a reassembled PDU]"
"71700","38.906529941","192.168.1.55","192.168.1.2","TCP","1514","8004  >  37006 [ACK] Seq=414318 Ack=141 Win=65024 Len=1448 TSval=2916042987 TSecr=3045562760 [TCP segment of a reassembled PDU]"
"71701","38.906531070","192.168.1.55","192.168.1.2","TCP","1514","8004  >  37006 [ACK] Seq=415766 Ack=141 Win=65024 Len=1448 TSval=2916042987 TSecr=3045562760 [TCP segment of a reassembled PDU]"
"71702","38.906533459","192.168.1.55","192.168.1.2","TCP","1514","8004  >  37006 [ACK] Seq=417214 Ack=141 Win=65024 Len=1448 TSval=2916042987 TSecr=3045562760 [TCP segment of a reassembled PDU]"
"71703","38.906535089","192.168.1.55","192.168.1.2","TCP","1514","8004  >  37006 [ACK] Seq=418662 Ack=141 Win=65024 Len=1448 TSval=2916042987 TSecr=3045562760 [TCP segment of a reassembled PDU]"
"71704","38.906536200","192.168.1.55","192.168.1.2","TCP","1514","8004  >  37006 [ACK] Seq=420110 Ack=141 Win=65024 Len=1448 TSval=2916042987 TSecr=3045562760 [TCP segment of a reassembled PDU]"
"71705","38.906537404","192.168.1.55","192.168.1.2","TCP","1514","8004  >  37006 [ACK] Seq=421558 Ack=141 Win=65024 Len=1448 TSval=2916042987 TSecr=3045562760 [TCP segment of a reassembled PDU]"
"71706","38.906538348","192.168.1.55","192.168.1.2","TCP","1514","8004  >  37006 [ACK] Seq=423006 Ack=141 Win=65024 Len=1448 TSval=2916042987 TSecr=3045562760 [TCP segment of a reassembled PDU]"
"71707","38.906539607","192.168.1.55","192.168.1.2","TCP","1514","8004  >  37006 [ACK] Seq=424454 Ack=141 Win=65024 Len=1448 TSval=2916042987 TSecr=3045562760 [TCP segment of a reassembled PDU]"
"71708","38.906540774","192.168.1.55","192.168.1.2","TCP","1514","8004  >  37006 [ACK] Seq=425902 Ack=141 Win=65024 Len=1448 TSval=2916042987 TSecr=3045562760 [TCP segment of a reassembled PDU]"
"71709","38.906541904","192.168.1.55","192.168.1.2","TCP","1514","8004  >  37006 [ACK] Seq=427350 Ack=141 Win=65024 Len=1448 TSval=2916042987 TSecr=3045562760 [TCP segment of a reassembled PDU]"
"71710","38.906543182","192.168.1.55","192.168.1.2","TCP","1514","8004  >  37006 [ACK] Seq=428798 Ack=141 Win=65024 Len=1448 TSval=2916042987 TSecr=3045562760 [TCP segment of a reassembled PDU]"
"71711","38.906544478","192.168.1.55","192.168.1.2","TCP","1514","8004  >  37006 [ACK] Seq=430246 Ack=141 Win=65024 Len=1448 TSval=2916042987 TSecr=3045562760 [TCP segment of a reassembled PDU]"
"71712","38.906545848","192.168.1.55","192.168.1.2","TCP","1514","8004  >  37006 [PSH, ACK] Seq=431694 Ack=141 Win=65024 Len=1448 TSval=2916042987 TSecr=3045562760 [TCP segment of a reassembled PDU]"
"71713","38.906600052","192.168.1.2","192.168.1.55","TCP","66","37006  >  8004 [ACK] Seq=141 Ack=357846 Win=130048 Len=0 TSval=3045562761 TSecr=2916042979"
"71714","38.906722423","192.168.1.55","192.168.1.2","TCP","1514","8004  >  37006 [ACK] Seq=433142 Ack=141 Win=65024 Len=1448 TSval=2916042987 TSecr=3045562761 [TCP segment of a reassembled PDU]"
"71715","38.906728052","192.168.1.55","192.168.1.2","TCP","1514","8004  >  37006 [ACK] Seq=434590 Ack=141 Win=65024 Len=1448 TSval=2916042987 TSecr=3045562761 [TCP segment of a reassembled PDU]"
"71716","38.906729571","192.168.1.55","192.168.1.2","TCP","1514","8004  >  37006 [ACK] Seq=436038 Ack=141 Win=65024 Len=1448 TSval=2916042987 TSecr=3045562761 [TCP segment of a reassembled PDU]"
"71717","38.906732386","192.168.1.55","192.168.1.2","TCP","1514","8004  >  37006 [ACK] Seq=437486 Ack=141 Win=65024 Len=1448 TSval=2916042987 TSecr=3045562761 [TCP segment of a reassembled PDU]"
"71718","38.906734089","192.168.1.55","192.168.1.2","TCP","1514","8004  >  37006 [ACK] Seq=438934 Ack=141 Win=65024 Len=1448 TSval=2916042987 TSecr=3045562761 [TCP segment of a reassembled PDU]"
"71719","38.906735682","192.168.1.55","192.168.1.2","TCP","1514","8004  >  37006 [ACK] Seq=440382 Ack=141 Win=65024 Len=1448 TSval=2916042987 TSecr=3045562761 [TCP segment of a reassembled PDU]"
"71720","38.906737534","192.168.1.55","192.168.1.2","TCP","1514","8004  >  37006 [ACK] Seq=441830 Ack=141 Win=65024 Len=1448 TSval=2916042987 TSecr=3045562761 [TCP segment of a reassembled PDU]"
"71721","38.906739089","192.168.1.55","192.168.1.2","TCP","1514","8004  >  37006 [ACK] Seq=443278 Ack=141 Win=65024 Len=1448 TSval=2916042987 TSecr=3045562761 [TCP segment of a reassembled PDU]"
"71722","38.906741219","192.168.1.55","192.168.1.2","TCP","1514","8004  >  37006 [ACK] Seq=444726 Ack=141 Win=65024 Len=1448 TSval=2916042987 TSecr=3045562761 [TCP segment of a reassembled PDU]"
"71723","38.906742737","192.168.1.55","192.168.1.2","TCP","1514","8004  >  37006 [ACK] Seq=446174 Ack=141 Win=65024 Len=1448 TSval=2916042987 TSecr=3045562761 [TCP segment of a reassembled PDU]"
"71724","38.906743960","192.168.1.55","192.168.1.2","TCP","1514","8004  >  37006 [ACK] Seq=447622 Ack=141 Win=65024 Len=1448 TSval=2916042987 TSecr=3045562761 [TCP segment of a reassembled PDU]"
"71725","38.906745571","192.168.1.55","192.168.1.2","TCP","1514","8004  >  37006 [ACK] Seq=449070 Ack=141 Win=65024 Len=1448 TSval=2916042987 TSecr=3045562761 [TCP segment of a reassembled PDU]"
"71726","38.906747663","192.168.1.55","192.168.1.2","TCP","1514","8004  >  37006 [ACK] Seq=450518 Ack=141 Win=65024 Len=1448 TSval=2916042987 TSecr=3045562761 [TCP segment of a reassembled PDU]"
"71727","38.906749293","192.168.1.55","192.168.1.2","TCP","1514","8004  >  37006 [ACK] Seq=451966 Ack=141 Win=65024 Len=1448 TSval=2916042987 TSecr=3045562761 [TCP segment of a reassembled PDU]"
"71728","38.906750941","192.168.1.55","192.168.1.2","TCP","1514","8004  >  37006 [ACK] Seq=453414 Ack=141 Win=65024 Len=1448 TSval=2916042987 TSecr=3045562761 [TCP segment of a reassembled PDU]"
"71729","38.906752460","192.168.1.55","192.168.1.2","TCP","1514","8004  >  37006 [ACK] Seq=454862 Ack=141 Win=65024 Len=1448 TSval=2916042987 TSecr=3045562761 [TCP segment of a reassembled PDU]"
"71730","38.906754145","192.168.1.55","192.168.1.2","TCP","1514","8004  >  37006 [ACK] Seq=456310 Ack=141 Win=65024 Len=1448 TSval=2916042987 TSecr=3045562761 [TCP segment of a reassembled PDU]"
"71731","38.906756571","192.168.1.55","192.168.1.2","TCP","1514","8004  >  37006 [ACK] Seq=457758 Ack=141 Win=65024 Len=1448 TSval=2916042987 TSecr=3045562761 [TCP segment of a reassembled PDU]"
"71732","38.906758719","192.168.1.55","192.168.1.2","TCP","1514","8004  >  37006 [ACK] Seq=459206 Ack=141 Win=65024 Len=1448 TSval=2916042987 TSecr=3045562761 [TCP segment of a reassembled PDU]"
"71733","38.906759867","192.168.1.55","192.168.1.2","TCP","1514","8004  >  37006 [ACK] Seq=460654 Ack=141 Win=65024 Len=1448 TSval=2916042987 TSecr=3045562761 [TCP segment of a reassembled PDU]"
"71734","38.906763460","192.168.1.55","192.168.1.2","TCP","1514","8004  >  37006 [ACK] Seq=462102 Ack=141 Win=65024 Len=1448 TSval=2916042987 TSecr=3045562761 [TCP segment of a reassembled PDU]"
"71735","38.906766645","192.168.1.55","192.168.1.2","TCP","1514","8004  >  37006 [ACK] Seq=463550 Ack=141 Win=65024 Len=1448 TSval=2916042987 TSecr=3045562761 [TCP segment of a reassembled PDU]"
"71736","38.906768812","192.168.1.55","192.168.1.2","TCP","1514","8004  >  37006 [ACK] Seq=464998 Ack=141 Win=65024 Len=1448 TSval=2916042987 TSecr=3045562761 [TCP segment of a reassembled PDU]"
"71737","38.906771163","192.168.1.55","192.168.1.2","TCP","1514","8004  >  37006 [ACK] Seq=466446 Ack=141 Win=65024 Len=1448 TSval=2916042987 TSecr=3045562761 [TCP segment of a reassembled PDU]"
"71738","38.906772960","192.168.1.55","192.168.1.2","TCP","1514","8004  >  37006 [ACK] Seq=467894 Ack=141 Win=65024 Len=1448 TSval=2916042987 TSecr=3045562761 [TCP segment of a reassembled PDU]"
"71739","38.906775682","192.168.1.55","192.168.1.2","TCP","1514","8004  >  37006 [ACK] Seq=469342 Ack=141 Win=65024 Len=1448 TSval=2916042987 TSecr=3045562761 [TCP segment of a reassembled PDU]"
"71740","38.906777589","192.168.1.55","192.168.1.2","TCP","1514","8004  >  37006 [ACK] Seq=470790 Ack=141 Win=65024 Len=1448 TSval=2916042987 TSecr=3045562761 [TCP segment of a reassembled PDU]"
"71741","38.906779015","192.168.1.55","192.168.1.2","TCP","1514","8004  >  37006 [ACK] Seq=472238 Ack=141 Win=65024 Len=1448 TSval=2916042987 TSecr=3045562761 [TCP segment of a reassembled PDU]"
"71742","38.906780682","192.168.1.55","192.168.1.2","TCP","1514","8004  >  37006 [ACK] Seq=473686 Ack=141 Win=65024 Len=1448 TSval=2916042987 TSecr=3045562761 [TCP segment of a reassembled PDU]"
"71743","38.906781849","192.168.1.55","192.168.1.2","TCP","1514","8004  >  37006 [ACK] Seq=475134 Ack=141 Win=65024 Len=1448 TSval=2916042987 TSecr=3045562761 [TCP segment of a reassembled PDU]"
"71744","38.906786034","192.168.1.55","192.168.1.2","TCP","1514","8004  >  37006 [PSH, ACK] Seq=476582 Ack=141 Win=65024 Len=1448 TSval=2916042987 TSecr=3045562761 [TCP segment of a reassembled PDU]"
"71745","38.906795108","192.168.1.2","192.168.1.55","TCP","66","37006  >  8004 [ACK] Seq=141 Ack=365086 Win=136192 Len=0 TSval=3045562762 TSecr=2916042979"
"71746","38.908050091","192.168.1.55","192.168.1.2","TCP","1514","8004  >  37006 [ACK] Seq=478030 Ack=141 Win=65024 Len=1448 TSval=2916042988 TSecr=3045562762 [TCP segment of a reassembled PDU]"
"71747","38.908053999","192.168.1.55","192.168.1.2","TCP","1514","8004  >  37006 [ACK] Seq=479478 Ack=141 Win=65024 Len=1448 TSval=2916042988 TSecr=3045562762 [TCP segment of a reassembled PDU]"
"71748","38.908055017","192.168.1.55","192.168.1.2","TCP","1514","8004  >  37006 [ACK] Seq=480926 Ack=141 Win=65024 Len=1448 TSval=2916042988 TSecr=3045562762 [TCP segment of a reassembled PDU]"
"71749","38.908056091","192.168.1.55","192.168.1.2","TCP","1514","8004  >  37006 [ACK] Seq=482374 Ack=141 Win=65024 Len=1448 TSval=2916042988 TSecr=3045562762 [TCP segment of a reassembled PDU]"
"71750","38.908056999","192.168.1.55","192.168.1.2","TCP","1514","8004  >  37006 [ACK] Seq=483822 Ack=141 Win=65024 Len=1448 TSval=2916042988 TSecr=3045562762 [TCP segment of a reassembled PDU]"
"71751","38.908057980","192.168.1.55","192.168.1.2","TCP","1514","8004  >  37006 [ACK] Seq=485270 Ack=141 Win=65024 Len=1448 TSval=2916042988 TSecr=3045562762 [TCP segment of a reassembled PDU]"
"71752","38.908058869","192.168.1.55","192.168.1.2","TCP","1514","8004  >  37006 [ACK] Seq=486718 Ack=141 Win=65024 Len=1448 TSval=2916042988 TSecr=3045562762 [TCP segment of a reassembled PDU]"
"71753","38.908059832","192.168.1.55","192.168.1.2","TCP","1514","8004  >  37006 [ACK] Seq=488166 Ack=141 Win=65024 Len=1448 TSval=2916042988 TSecr=3045562762 [TCP segment of a reassembled PDU]"
"71754","38.908060740","192.168.1.55","192.168.1.2","TCP","1514","8004  >  37006 [ACK] Seq=489614 Ack=141 Win=65024 Len=1448 TSval=2916042988 TSecr=3045562762 [TCP segment of a reassembled PDU]"
"71755","38.908061666","192.168.1.55","192.168.1.2","TCP","1514","8004  >  37006 [ACK] Seq=491062 Ack=141 Win=65024 Len=1448 TSval=2916042988 TSecr=3045562762 [TCP segment of a reassembled PDU]"
"71756","38.908062684","192.168.1.55","192.168.1.2","TCP","1514","8004  >  37006 [ACK] Seq=492510 Ack=141 Win=65024 Len=1448 TSval=2916042988 TSecr=3045562762 [TCP segment of a reassembled PDU]"
"71757","38.908063591","192.168.1.55","192.168.1.2","TCP","1514","8004  >  37006 [ACK] Seq=493958 Ack=141 Win=65024 Len=1448 TSval=2916042988 TSecr=3045562762 [TCP segment of a reassembled PDU]"
"71758","38.908064666","192.168.1.55","192.168.1.2","TCP","1514","8004  >  37006 [ACK] Seq=495406 Ack=141 Win=65024 Len=1448 TSval=2916042988 TSecr=3045562762 [TCP segment of a reassembled PDU]"
"71759","38.908065573","192.168.1.55","192.168.1.2","TCP","1514","8004  >  37006 [ACK] Seq=496854 Ack=141 Win=65024 Len=1448 TSval=2916042988 TSecr=3045562762 [TCP segment of a reassembled PDU]"
"71760","38.908066480","192.168.1.55","192.168.1.2","HTTP","1472","HTTP/1.0 200 OK  (PNG)"
"71761","38.918318404","192.168.1.2","192.168.1.55","TCP","66","37006  >  8004 [ACK] Seq=141 Ack=366534 Win=139264 Len=0 TSval=3045562764 TSecr=2916042984"
"71762","38.918445182","192.168.1.2","192.168.1.55","TCP","66","37006  >  8004 [ACK] Seq=141 Ack=369430 Win=142336 Len=0 TSval=3045562771 TSecr=2916042984"
"71763","38.918453497","192.168.1.2","192.168.1.55","TCP","66","37006  >  8004 [ACK] Seq=141 Ack=375222 Win=153600 Len=0 TSval=3045562771 TSecr=2916042987"
"71764","38.918457108","192.168.1.2","192.168.1.55","TCP","66","37006  >  8004 [ACK] Seq=141 Ack=381014 Win=165888 Len=0 TSval=3045562772 TSecr=2916042987"
"71765","38.918465386","192.168.1.2","192.168.1.55","TCP","66","37006  >  8004 [ACK] Seq=141 Ack=388254 Win=180224 Len=0 TSval=3045562773 TSecr=2916042987"
"71766","38.918590053","192.168.1.2","192.168.1.55","TCP","66","37006  >  8004 [ACK] Seq=141 Ack=433142 Win=168960 Len=0 TSval=3045562773 TSecr=2916042987"
"71767","38.918600146","192.168.1.2","192.168.1.55","TCP","66","37006  >  8004 [ACK] Seq=141 Ack=478030 Win=125952 Len=0 TSval=3045562773 TSecr=2916042987"
"71768","38.918605868","192.168.1.2","192.168.1.55","TCP","66","37006  >  8004 [ACK] Seq=141 Ack=498302 Win=147456 Len=0 TSval=3045562773 TSecr=2916042988"
"71769","38.919211369","192.168.1.2","192.168.1.55","TCP","66","37006  >  8004 [FIN, ACK] Seq=141 Ack=499709 Win=180224 Len=0 TSval=3045562774 TSecr=2916042988"
"71770","38.919245832","192.168.1.55","192.168.1.2","TCP","66","8004  >  37006 [ACK] Seq=499709 Ack=142 Win=65024 Len=0 TSval=2916042999 TSecr=3045562774"
"71771","38.919321832","192.168.1.2","192.168.1.55","TCP","74","37010  >  8004 [SYN] Seq=0 Win=64240 Len=0 MSS=1460 SACK_PERM TSval=3045562774 TSecr=0 WS=1024"
"71772","38.919361499","192.168.1.55","192.168.1.2","TCP","74","8004  >  37010 [SYN, ACK] Seq=0 Ack=1 Win=65160 Len=0 MSS=1460 SACK_PERM TSval=2916043000 TSecr=3045562774 WS=128"
"71773","38.923032319","192.168.1.2","192.168.1.55","TCP","66","37010  >  8004 [ACK] Seq=1 Ack=1 Win=64512 Len=0 TSval=3045562777 TSecr=2916043000"
"71774","38.926241177","192.168.1.2","192.168.1.55","HTTP","209","GET /original_benchmark.png HTTP/1.1 "
"71775","38.926261362","192.168.1.55","192.168.1.2","TCP","66","8004  >  37010 [ACK] Seq=1 Ack=144 Win=65024 Len=0 TSval=2916043006 TSecr=3045562778"
"71776","38.926977715","192.168.1.55","192.168.1.2","TCP","255","8004  >  37010 [PSH, ACK] Seq=1 Ack=144 Win=65024 Len=189 TSval=2916043007 TSecr=3045562778 [TCP segment of a reassembled PDU]"
"71777","38.927100734","192.168.1.55","192.168.1.2","TCP","1514","8004  >  37010 [ACK] Seq=190 Ack=144 Win=65024 Len=1448 TSval=2916043007 TSecr=3045562778 [TCP segment of a reassembled PDU]"
"71778","38.927107122","192.168.1.55","192.168.1.2","TCP","1514","8004  >  37010 [ACK] Seq=1638 Ack=144 Win=65024 Len=1448 TSval=2916043007 TSecr=3045562778 [TCP segment of a reassembled PDU]"
"71779","38.927108456","192.168.1.55","192.168.1.2","TCP","1514","8004  >  37010 [ACK] Seq=3086 Ack=144 Win=65024 Len=1448 TSval=2916043007 TSecr=3045562778 [TCP segment of a reassembled PDU]"
"71780","38.927109752","192.168.1.55","192.168.1.2","TCP","1514","8004  >  37010 [ACK] Seq=4534 Ack=144 Win=65024 Len=1448 TSval=2916043007 TSecr=3045562778 [TCP segment of a reassembled PDU]"
"71781","38.927111456","192.168.1.55","192.168.1.2","TCP","1514","8004  >  37010 [PSH, ACK] Seq=5982 Ack=144 Win=65024 Len=1448 TSval=2916043007 TSecr=3045562778 [TCP segment of a reassembled PDU]"
"71782","38.927133215","192.168.1.55","192.168.1.2","TCP","1514","8004  >  37010 [ACK] Seq=7430 Ack=144 Win=65024 Len=1448 TSval=2916043007 TSecr=3045562778 [TCP segment of a reassembled PDU]"
"71783","38.927134660","192.168.1.55","192.168.1.2","TCP","1514","8004  >  37010 [ACK] Seq=8878 Ack=144 Win=65024 Len=1448 TSval=2916043007 TSecr=3045562778 [TCP segment of a reassembled PDU]"
"71784","38.927135863","192.168.1.55","192.168.1.2","TCP","1514","8004  >  37010 [ACK] Seq=10326 Ack=144 Win=65024 Len=1448 TSval=2916043007 TSecr=3045562778 [TCP segment of a reassembled PDU]"
"71785","38.927137048","192.168.1.55","192.168.1.2","TCP","1514","8004  >  37010 [PSH, ACK] Seq=11774 Ack=144 Win=65024 Len=1448 TSval=2916043007 TSecr=3045562778 [TCP segment of a reassembled PDU]"
"71786","38.930940925","192.168.1.2","192.168.1.55","TCP","66","37010  >  8004 [ACK] Seq=144 Ack=190 Win=64512 Len=0 TSval=3045562785 TSecr=2916043007"
"71787","38.930988147","192.168.1.55","192.168.1.2","TCP","1514","8004  >  37010 [ACK] Seq=13222 Ack=144 Win=65024 Len=1448 TSval=2916043011 TSecr=3045562785 [TCP segment of a reassembled PDU]"
"71788","38.930992740","192.168.1.55","192.168.1.2","TCP","1514","8004  >  37010 [PSH, ACK] Seq=14670 Ack=144 Win=65024 Len=1448 TSval=2916043011 TSecr=3045562785 [TCP segment of a reassembled PDU]"
"71789","38.931075240","192.168.1.2","192.168.1.55","TCP","66","37010  >  8004 [ACK] Seq=144 Ack=3086 Win=70656 Len=0 TSval=3045562785 TSecr=2916043007"
"71790","38.931085870","192.168.1.2","192.168.1.55","TCP","66","37010  >  8004 [ACK] Seq=144 Ack=7430 Win=79872 Len=0 TSval=3045562785 TSecr=2916043007"
"71791","38.931117388","192.168.1.55","192.168.1.2","TCP","1514","8004  >  37010 [ACK] Seq=16118 Ack=144 Win=65024 Len=1448 TSval=2916043011 TSecr=3045562785 [TCP segment of a reassembled PDU]"
"71792","38.931119277","192.168.1.55","192.168.1.2","TCP","1514","8004  >  37010 [ACK] Seq=17566 Ack=144 Win=65024 Len=1448 TSval=2916043011 TSecr=3045562785 [TCP segment of a reassembled PDU]"
"71793","38.931120518","192.168.1.55","192.168.1.2","TCP","1514","8004  >  37010 [ACK] Seq=19014 Ack=144 Win=65024 Len=1448 TSval=2916043011 TSecr=3045562785 [TCP segment of a reassembled PDU]"
"71794","38.931121666","192.168.1.55","192.168.1.2","TCP","1514","8004  >  37010 [ACK] Seq=20462 Ack=144 Win=65024 Len=1448 TSval=2916043011 TSecr=3045562785 [TCP segment of a reassembled PDU]"
"71795","38.931123203","192.168.1.55","192.168.1.2","TCP","1514","8004  >  37010 [ACK] Seq=21910 Ack=144 Win=65024 Len=1448 TSval=2916043011 TSecr=3045562785 [TCP segment of a reassembled PDU]"
"71796","38.931125147","192.168.1.55","192.168.1.2","TCP","1514","8004  >  37010 [ACK] Seq=23358 Ack=144 Win=65024 Len=1448 TSval=2916043011 TSecr=3045562785 [TCP segment of a reassembled PDU]"
"71797","38.931127018","192.168.1.55","192.168.1.2","TCP","1514","8004  >  37010 [ACK] Seq=24806 Ack=144 Win=65024 Len=1448 TSval=2916043011 TSecr=3045562785 [TCP segment of a reassembled PDU]"
"71798","38.931128851","192.168.1.55","192.168.1.2","TCP","1514","8004  >  37010 [PSH, ACK] Seq=26254 Ack=144 Win=65024 Len=1448 TSval=2916043011 TSecr=3045562785 [TCP segment of a reassembled PDU]"
"71799","38.931132777","192.168.1.2","192.168.1.55","TCP","66","37010  >  8004 [ACK] Seq=144 Ack=13222 Win=79872 Len=0 TSval=3045562785 TSecr=2916043007"
"71800","38.931161444","192.168.1.55","192.168.1.2","TCP","1514","8004  >  37010 [ACK] Seq=27702 Ack=144 Win=65024 Len=1448 TSval=2916043011 TSecr=3045562785 [TCP segment of a reassembled PDU]"
"71801","38.931163573","192.168.1.55","192.168.1.2","TCP","1514","8004  >  37010 [ACK] Seq=29150 Ack=144 Win=65024 Len=1448 TSval=2916043011 TSecr=3045562785 [TCP segment of a reassembled PDU]"
"71802","38.931165351","192.168.1.55","192.168.1.2","TCP","1514","8004  >  37010 [ACK] Seq=30598 Ack=144 Win=65024 Len=1448 TSval=2916043011 TSecr=3045562785 [TCP segment of a reassembled PDU]"
"71803","38.931167073","192.168.1.55","192.168.1.2","TCP","1514","8004  >  37010 [ACK] Seq=32046 Ack=144 Win=65024 Len=1448 TSval=2916043011 TSecr=3045562785 [TCP segment of a reassembled PDU]"
"71804","38.931168777","192.168.1.55","192.168.1.2","TCP","1514","8004  >  37010 [ACK] Seq=33494 Ack=144 Win=65024 Len=1448 TSval=2916043011 TSecr=3045562785 [TCP segment of a reassembled PDU]"
"71805","38.931170444","192.168.1.55","192.168.1.2","TCP","1514","8004  >  37010 [ACK] Seq=34942 Ack=144 Win=65024 Len=1448 TSval=2916043011 TSecr=3045562785 [TCP segment of a reassembled PDU]"
"71806","38.931171888","192.168.1.55","192.168.1.2","TCP","1514","8004  >  37010 [ACK] Seq=36390 Ack=144 Win=65024 Len=1448 TSval=2916043011 TSecr=3045562785 [TCP segment of a reassembled PDU]"
"71807","38.931173036","192.168.1.55","192.168.1.2","TCP","1514","8004  >  37010 [ACK] Seq=37838 Ack=144 Win=65024 Len=1448 TSval=2916043011 TSecr=3045562785 [TCP segment of a reassembled PDU]"
"71808","38.931174462","192.168.1.55","192.168.1.2","TCP","1514","8004  >  37010 [ACK] Seq=39286 Ack=144 Win=65024 Len=1448 TSval=2916043011 TSecr=3045562785 [TCP segment of a reassembled PDU]"
"71809","38.931175981","192.168.1.55","192.168.1.2","TCP","1514","8004  >  37010 [PSH, ACK] Seq=40734 Ack=144 Win=65024 Len=1448 TSval=2916043011 TSecr=3045562785 [TCP segment of a reassembled PDU]"
"71810","38.936066489","192.168.1.2","192.168.1.55","TCP","66","37010  >  8004 [ACK] Seq=144 Ack=16118 Win=84992 Len=0 TSval=3045562790 TSecr=2916043011"
"71811","38.936121026","192.168.1.55","192.168.1.2","TCP","1514","8004  >  37010 [ACK] Seq=42182 Ack=144 Win=65024 Len=1448 TSval=2916043016 TSecr=3045562790 [TCP segment of a reassembled PDU]"
"71812","38.936127767","192.168.1.55","192.168.1.2","TCP","1514","8004  >  37010 [PSH, ACK] Seq=43630 Ack=144 Win=65024 Len=1448 TSval=2916043016 TSecr=3045562790 [TCP segment of a reassembled PDU]"
"71813","38.936367100","192.168.1.2","192.168.1.55","TCP","66","37010  >  8004 [ACK] Seq=144 Ack=27702 Win=81920 Len=0 TSval=3045562790 TSecr=2916043011"
"71814","38.936375675","192.168.1.2","192.168.1.55","TCP","66","37010  >  8004 [ACK] Seq=144 Ack=36390 Win=73728 Len=0 TSval=3045562790 TSecr=2916043011"
"71815","38.936381323","192.168.1.2","192.168.1.55","TCP","66","37010  >  8004 [ACK] Seq=144 Ack=39286 Win=90112 Len=0 TSval=3045562790 TSecr=2916043011"
"71816","38.936384693","192.168.1.2","192.168.1.55","TCP","66","37010  >  8004 [ACK] Seq=144 Ack=42182 Win=90112 Len=0 TSval=3045562790 TSecr=2916043011"
"71817","38.936454323","192.168.1.55","192.168.1.2","TCP","1514","8004  >  37010 [ACK] Seq=45078 Ack=144 Win=65024 Len=1448 TSval=2916043017 TSecr=3045562790 [TCP segment of a reassembled PDU]"
"71818","38.936462527","192.168.1.55","192.168.1.2","TCP","1514","8004  >  37010 [ACK] Seq=46526 Ack=144 Win=65024 Len=1448 TSval=2916043017 TSecr=3045562790 [TCP segment of a reassembled PDU]"
"71819","38.936464119","192.168.1.55","192.168.1.2","TCP","1514","8004  >  37010 [ACK] Seq=47974 Ack=144 Win=65024 Len=1448 TSval=2916043017 TSecr=3045562790 [TCP segment of a reassembled PDU]"
"71820","38.936465378","192.168.1.55","192.168.1.2","TCP","1514","8004  >  37010 [ACK] Seq=49422 Ack=144 Win=65024 Len=1448 TSval=2916043017 TSecr=3045562790 [TCP segment of a reassembled PDU]"
"71821","38.936466878","192.168.1.55","192.168.1.2","TCP","1514","8004  >  37010 [ACK] Seq=50870 Ack=144 Win=65024 Len=1448 TSval=2916043017 TSecr=3045562790 [TCP segment of a reassembled PDU]"
"71822","38.936469082","192.168.1.55","192.168.1.2","TCP","1514","8004  >  37010 [ACK] Seq=52318 Ack=144 Win=65024 Len=1448 TSval=2916043017 TSecr=3045562790 [TCP segment of a reassembled PDU]"
"71823","38.936470323","192.168.1.55","192.168.1.2","TCP","1514","8004  >  37010 [ACK] Seq=53766 Ack=144 Win=65024 Len=1448 TSval=2916043017 TSecr=3045562790 [TCP segment of a reassembled PDU]"
"71824","38.936471693","192.168.1.55","192.168.1.2","TCP","1514","8004  >  37010 [ACK] Seq=55214 Ack=144 Win=65024 Len=1448 TSval=2916043017 TSecr=3045562790 [TCP segment of a reassembled PDU]"
"71825","38.936473027","192.168.1.55","192.168.1.2","TCP","1514","8004  >  37010 [ACK] Seq=56662 Ack=144 Win=65024 Len=1448 TSval=2916043017 TSecr=3045562790 [TCP segment of a reassembled PDU]"
"71826","38.936474471","192.168.1.55","192.168.1.2","TCP","1514","8004  >  37010 [ACK] Seq=58110 Ack=144 Win=65024 Len=1448 TSval=2916043017 TSecr=3045562790 [TCP segment of a reassembled PDU]"
"71827","38.936475878","192.168.1.55","192.168.1.2","TCP","1514","8004  >  37010 [ACK] Seq=59558 Ack=144 Win=65024 Len=1448 TSval=2916043017 TSecr=3045562790 [TCP segment of a reassembled PDU]"
"71828","38.936477045","192.168.1.55","192.168.1.2","TCP","1514","8004  >  37010 [ACK] Seq=61006 Ack=144 Win=65024 Len=1448 TSval=2916043017 TSecr=3045562790 [TCP segment of a reassembled PDU]"
"71829","38.936479878","192.168.1.55","192.168.1.2","TCP","1514","8004  >  37010 [ACK] Seq=62454 Ack=144 Win=65024 Len=1448 TSval=2916043017 TSecr=3045562790 [TCP segment of a reassembled PDU]"
"71830","38.936481397","192.168.1.55","192.168.1.2","TCP","1514","8004  >  37010 [ACK] Seq=63902 Ack=144 Win=65024 Len=1448 TSval=2916043017 TSecr=3045562790 [TCP segment of a reassembled PDU]"
"71831","38.936482619","192.168.1.55","192.168.1.2","TCP","1514","8004  >  37010 [ACK] Seq=65350 Ack=144 Win=65024 Len=1448 TSval=2916043017 TSecr=3045562790 [TCP segment of a reassembled PDU]"
"71832","38.936483934","192.168.1.55","192.168.1.2","TCP","1514","8004  >  37010 [ACK] Seq=66798 Ack=144 Win=65024 Len=1448 TSval=2916043017 TSecr=3045562790 [TCP segment of a reassembled PDU]"
"71833","38.936485378","192.168.1.55","192.168.1.2","TCP","1514","8004  >  37010 [ACK] Seq=68246 Ack=144 Win=65024 Len=1448 TSval=2916043017 TSecr=3045562790 [TCP segment of a reassembled PDU]"
"71834","38.936486878","192.168.1.55","192.168.1.2","TCP","1514","8004  >  37010 [PSH, ACK] Seq=69694 Ack=144 Win=65024 Len=1448 TSval=2916043017 TSecr=3045562790 [TCP segment of a reassembled PDU]"
"71835","38.936499508","192.168.1.55","192.168.1.2","TCP","1514","8004  >  37010 [ACK] Seq=71142 Ack=144 Win=65024 Len=1448 TSval=2916043017 TSecr=3045562790 [TCP segment of a reassembled PDU]"
"71836","38.936500878","192.168.1.55","192.168.1.2","TCP","1514","8004  >  37010 [ACK] Seq=72590 Ack=144 Win=65024 Len=1448 TSval=2916043017 TSecr=3045562790 [TCP segment of a reassembled PDU]"
"71837","38.936502415","192.168.1.55","192.168.1.2","TCP","1514","8004  >  37010 [ACK] Seq=74038 Ack=144 Win=65024 Len=1448 TSval=2916043017 TSecr=3045562790 [TCP segment of a reassembled PDU]"
"71838","38.936504175","192.168.1.55","192.168.1.2","TCP","1514","8004  >  37010 [PSH, ACK] Seq=75486 Ack=144 Win=65024 Len=1448 TSval=2916043017 TSecr=3045562790 [TCP segment of a reassembled PDU]"
"71839","38.936550434","192.168.1.55","192.168.1.2","TCP","1514","8004  >  37010 [ACK] Seq=76934 Ack=144 Win=65024 Len=1448 TSval=2916043017 TSecr=3045562790 [TCP segment of a reassembled PDU]"
"71840","38.936553582","192.168.1.55","192.168.1.2","TCP","1514","8004  >  37010 [ACK] Seq=78382 Ack=144 Win=65024 Len=1448 TSval=2916043017 TSecr=3045562790 [TCP segment of a reassembled PDU]"
"71841","38.936554712","192.168.1.55","192.168.1.2","TCP","1514","8004  >  37010 [ACK] Seq=79830 Ack=144 Win=65024 Len=1448 TSval=2916043017 TSecr=3045562790 [TCP segment of a reassembled PDU]"
"71842","38.936556175","192.168.1.55","192.168.1.2","TCP","1514","8004  >  37010 [ACK] Seq=81278 Ack=144 Win=65024 Len=1448 TSval=2916043017 TSecr=3045562790 [TCP segment of a reassembled PDU]"
"71843","38.936558490","192.168.1.55","192.168.1.2","TCP","1514","8004  >  37010 [ACK] Seq=82726 Ack=144 Win=65024 Len=1448 TSval=2916043017 TSecr=3045562790 [TCP segment of a reassembled PDU]"
"71844","38.936560156","192.168.1.55","192.168.1.2","TCP","1514","8004  >  37010 [ACK] Seq=84174 Ack=144 Win=65024 Len=1448 TSval=2916043017 TSecr=3045562790 [TCP segment of a reassembled PDU]"
"71845","38.936561916","192.168.1.55","192.168.1.2","TCP","1514","8004  >  37010 [ACK] Seq=85622 Ack=144 Win=65024 Len=1448 TSval=2916043017 TSecr=3045562790 [TCP segment of a reassembled PDU]"
"71846","38.936562990","192.168.1.55","192.168.1.2","TCP","1514","8004  >  37010 [ACK] Seq=87070 Ack=144 Win=65024 Len=1448 TSval=2916043017 TSecr=3045562790 [TCP segment of a reassembled PDU]"
"71847","38.936564360","192.168.1.55","192.168.1.2","TCP","1514","8004  >  37010 [ACK] Seq=88518 Ack=144 Win=65024 Len=1448 TSval=2916043017 TSecr=3045562790 [TCP segment of a reassembled PDU]"
"71848","38.936565730","192.168.1.55","192.168.1.2","TCP","1514","8004  >  37010 [ACK] Seq=89966 Ack=144 Win=65024 Len=1448 TSval=2916043017 TSecr=3045562790 [TCP segment of a reassembled PDU]"
"71849","38.936567027","192.168.1.55","192.168.1.2","TCP","1514","8004  >  37010 [ACK] Seq=91414 Ack=144 Win=65024 Len=1448 TSval=2916043017 TSecr=3045562790 [TCP segment of a reassembled PDU]"
"71850","38.936575545","192.168.1.55","192.168.1.2","TCP","1514","8004  >  37010 [ACK] Seq=92862 Ack=144 Win=65024 Len=1448 TSval=2916043017 TSecr=3045562790 [TCP segment of a reassembled PDU]"
"71851","38.936577675","192.168.1.55","192.168.1.2","TCP","1514","8004  >  37010 [ACK] Seq=94310 Ack=144 Win=65024 Len=1448 TSval=2916043017 TSecr=3045562790 [TCP segment of a reassembled PDU]"
"71852","38.936579138","192.168.1.55","192.168.1.2","TCP","1514","8004  >  37010 [ACK] Seq=95758 Ack=144 Win=65024 Len=1448 TSval=2916043017 TSecr=3045562790 [TCP segment of a reassembled PDU]"
"71853","38.936580379","192.168.1.55","192.168.1.2","TCP","1514","8004  >  37010 [ACK] Seq=97206 Ack=144 Win=65024 Len=1448 TSval=2916043017 TSecr=3045562790 [TCP segment of a reassembled PDU]"
"71854","38.936581730","192.168.1.55","192.168.1.2","TCP","1514","8004  >  37010 [PSH, ACK] Seq=98654 Ack=144 Win=65024 Len=1448 TSval=2916043017 TSecr=3045562790 [TCP segment of a reassembled PDU]"
"71855","38.942664777","192.168.1.2","192.168.1.55","TCP","66","37010  >  8004 [ACK] Seq=144 Ack=45078 Win=88064 Len=0 TSval=3045562794 TSecr=2916043016"
"71856","38.942681759","192.168.1.55","192.168.1.2","TCP","1514","8004  >  37010 [ACK] Seq=100102 Ack=144 Win=65024 Len=1448 TSval=2916043023 TSecr=3045562794 [TCP segment of a reassembled PDU]"
"71857","38.942684240","192.168.1.55","192.168.1.2","TCP","1514","8004  >  37010 [ACK] Seq=101550 Ack=144 Win=65024 Len=1448 TSval=2916043023 TSecr=3045562794 [TCP segment of a reassembled PDU]"
"71858","38.942685500","192.168.1.55","192.168.1.2","TCP","1514","8004  >  37010 [ACK] Seq=102998 Ack=144 Win=65024 Len=1448 TSval=2916043023 TSecr=3045562794 [TCP segment of a reassembled PDU]"
"71859","38.942686611","192.168.1.55","192.168.1.2","TCP","1514","8004  >  37010 [PSH, ACK] Seq=104446 Ack=144 Win=65024 Len=1448 TSval=2916043023 TSecr=3045562794 [TCP segment of a reassembled PDU]"
"71860","38.942958519","192.168.1.2","192.168.1.55","TCP","66","37010  >  8004 [ACK] Seq=144 Ack=52318 Win=86016 Len=0 TSval=3045562794 TSecr=2916043017"
"71861","38.942974315","192.168.1.55","192.168.1.2","TCP","1514","8004  >  37010 [ACK] Seq=105894 Ack=144 Win=65024 Len=1448 TSval=2916043023 TSecr=3045562794 [TCP segment of a reassembled PDU]"
"71862","38.942976241","192.168.1.55","192.168.1.2","TCP","1514","8004  >  37010 [ACK] Seq=107342 Ack=144 Win=65024 Len=1448 TSval=2916043023 TSecr=3045562794 [TCP segment of a reassembled PDU]"
"71863","38.942977574","192.168.1.55","192.168.1.2","TCP","1514","8004  >  37010 [ACK] Seq=108790 Ack=144 Win=65024 Len=1448 TSval=2916043023 TSecr=3045562794 [TCP segment of a reassembled PDU]"
"71864","38.942978759","192.168.1.55","192.168.1.2","TCP","1514","8004  >  37010 [ACK] Seq=110238 Ack=144 Win=65024 Len=1448 TSval=2916043023 TSecr=3045562794 [TCP segment of a reassembled PDU]"
"71865","38.942979852","192.168.1.55","192.168.1.2","TCP","1514","8004  >  37010 [ACK] Seq=111686 Ack=144 Win=65024 Len=1448 TSval=2916043023 TSecr=3045562794 [TCP segment of a reassembled PDU]"
"71866","38.942980982","192.168.1.55","192.168.1.2","TCP","1514","8004  >  37010 [ACK] Seq=113134 Ack=144 Win=65024 Len=1448 TSval=2916043023 TSecr=3045562794 [TCP segment of a reassembled PDU]"
"71867","38.942982148","192.168.1.55","192.168.1.2","TCP","1514","8004  >  37010 [ACK] Seq=114582 Ack=144 Win=65024 Len=1448 TSval=2916043023 TSecr=3045562794 [TCP segment of a reassembled PDU]"
"71868","38.942983500","192.168.1.55","192.168.1.2","TCP","1514","8004  >  37010 [ACK] Seq=116030 Ack=144 Win=65024 Len=1448 TSval=2916043023 TSecr=3045562794 [TCP segment of a reassembled PDU]"
"71869","38.942984704","192.168.1.55","192.168.1.2","TCP","1514","8004  >  37010 [PSH, ACK] Seq=117478 Ack=144 Win=65024 Len=1448 TSval=2916043023 TSecr=3045562794 [TCP segment of a reassembled PDU]"
"71870","38.942989852","192.168.1.2","192.168.1.55","TCP","66","37010  >  8004 [ACK] Seq=144 Ack=71142 Win=73728 Len=0 TSval=3045562796 TSecr=2916043017"
"71871","38.943017111","192.168.1.55","192.168.1.2","TCP","1514","8004  >  37010 [ACK] Seq=118926 Ack=144 Win=65024 Len=1448 TSval=2916043023 TSecr=3045562796 [TCP segment of a reassembled PDU]"
"71872","38.943018982","192.168.1.55","192.168.1.2","TCP","1514","8004  >  37010 [ACK] Seq=120374 Ack=144 Win=65024 Len=1448 TSval=2916043023 TSecr=3045562796 [TCP segment of a reassembled PDU]"
"71873","38.943020259","192.168.1.55","192.168.1.2","TCP","1514","8004  >  37010 [ACK] Seq=121822 Ack=144 Win=65024 Len=1448 TSval=2916043023 TSecr=3045562796 [TCP segment of a reassembled PDU]"
"71874","38.943021945","192.168.1.55","192.168.1.2","TCP","1514","8004  >  37010 [ACK] Seq=123270 Ack=144 Win=65024 Len=1448 TSval=2916043023 TSecr=3045562796 [TCP segment of a reassembled PDU]"
"71875","38.943023167","192.168.1.55","192.168.1.2","TCP","1514","8004  >  37010 [ACK] Seq=124718 Ack=144 Win=65024 Len=1448 TSval=2916043023 TSecr=3045562796 [TCP segment of a reassembled PDU]"
"71876","38.943024296","192.168.1.55","192.168.1.2","TCP","1514","8004  >  37010 [ACK] Seq=126166 Ack=144 Win=65024 Len=1448 TSval=2916043023 TSecr=3045562796 [TCP segment of a reassembled PDU]"
"71877","38.943025519","192.168.1.55","192.168.1.2","TCP","1514","8004  >  37010 [ACK] Seq=127614 Ack=144 Win=65024 Len=1448 TSval=2916043023 TSecr=3045562796 [TCP segment of a reassembled PDU]"
"71878","38.943026722","192.168.1.55","192.168.1.2","TCP","1514","8004  >  37010 [ACK] Seq=129062 Ack=144 Win=65024 Len=1448 TSval=2916043023 TSecr=3045562796 [TCP segment of a reassembled PDU]"
"71879","38.943027834","192.168.1.55","192.168.1.2","TCP","1514","8004  >  37010 [ACK] Seq=130510 Ack=144 Win=65024 Len=1448 TSval=2916043023 TSecr=3045562796 [TCP segment of a reassembled PDU]"
"71880","38.943029056","192.168.1.55","192.168.1.2","TCP","1514","8004  >  37010 [ACK] Seq=131958 Ack=144 Win=65024 Len=1448 TSval=2916043023 TSecr=3045562796 [TCP segment of a reassembled PDU]"
"71881","38.943030259","192.168.1.55","192.168.1.2","TCP","1514","8004  >  37010 [ACK] Seq=133406 Ack=144 Win=65024 Len=1448 TSval=2916043023 TSecr=3045562796 [TCP segment of a reassembled PDU]"
"71882","38.943031463","192.168.1.55","192.168.1.2","TCP","1514","8004  >  37010 [ACK] Seq=134854 Ack=144 Win=65024 Len=1448 TSval=2916043023 TSecr=3045562796 [TCP segment of a reassembled PDU]"
"71883","38.943032648","192.168.1.55","192.168.1.2","TCP","1514","8004  >  37010 [ACK] Seq=136302 Ack=144 Win=65024 Len=1448 TSval=2916043023 TSecr=3045562796 [TCP segment of a reassembled PDU]"
"71884","38.943033759","192.168.1.55","192.168.1.2","TCP","1514","8004  >  37010 [ACK] Seq=137750 Ack=144 Win=65024 Len=1448 TSval=2916043023 TSecr=3045562796 [TCP segment of a reassembled PDU]"
"71885","38.943034982","192.168.1.55","192.168.1.2","TCP","1514","8004  >  37010 [ACK] Seq=139198 Ack=144 Win=65024 Len=1448 TSval=2916043023 TSecr=3045562796 [TCP segment of a reassembled PDU]"
"71886","38.943036056","192.168.1.55","192.168.1.2","TCP","1514","8004  >  37010 [ACK] Seq=140646 Ack=144 Win=65024 Len=1448 TSval=2916043023 TSecr=3045562796 [TCP segment of a reassembled PDU]"
"71887","38.943037185","192.168.1.55","192.168.1.2","TCP","1514","8004  >  37010 [ACK] Seq=142094 Ack=144 Win=65024 Len=1448 TSval=2916043023 TSecr=3045562796 [TCP segment of a reassembled PDU]"
"71888","38.943038389","192.168.1.55","192.168.1.2","TCP","1394","[TCP Window Full] 8004  >  37010 [PSH, ACK] Seq=143542 Ack=144 Win=65024 Len=1328 TSval=2916043023 TSecr=3045562796 [TCP segment of a reassembled PDU]"
"71889","38.943042259","192.168.1.2","192.168.1.55","TCP","66","37010  >  8004 [ACK] Seq=144 Ack=76934 Win=88064 Len=0 TSval=3045562797 TSecr=2916043017"
"71890","38.943045871","192.168.1.2","192.168.1.55","TCP","66","37010  >  8004 [ACK] Seq=144 Ack=95758 Win=69632 Len=0 TSval=3045562797 TSecr=2916043017"
"71891","38.943074185","192.168.1.55","192.168.1.2","TCP","1514","8004  >  37010 [ACK] Seq=144870 Ack=144 Win=65024 Len=1448 TSval=2916043023 TSecr=3045562797 [TCP segment of a reassembled PDU]"
"71892","38.943077593","192.168.1.55","192.168.1.2","TCP","1514","8004  >  37010 [ACK] Seq=146318 Ack=144 Win=65024 Len=1448 TSval=2916043023 TSecr=3045562797 [TCP segment of a reassembled PDU]"
"71893","38.943078778","192.168.1.55","192.168.1.2","TCP","1514","8004  >  37010 [ACK] Seq=147766 Ack=144 Win=65024 Len=1448 TSval=2916043023 TSecr=3045562797 [TCP segment of a reassembled PDU]"
"71894","38.943080093","192.168.1.55","192.168.1.2","TCP","1514","8004  >  37010 [ACK] Seq=149214 Ack=144 Win=65024 Len=1448 TSval=2916043023 TSecr=3045562797 [TCP segment of a reassembled PDU]"
"71895","38.943081685","192.168.1.55","192.168.1.2","TCP","1514","8004  >  37010 [ACK] Seq=150662 Ack=144 Win=65024 Len=1448 TSval=2916043023 TSecr=3045562797 [TCP segment of a reassembled PDU]"
"71896","38.943083260","192.168.1.55","192.168.1.2","TCP","1514","8004  >  37010 [ACK] Seq=152110 Ack=144 Win=65024 Len=1448 TSval=2916043023 TSecr=3045562797 [TCP segment of a reassembled PDU]"
"71897","38.943084408","192.168.1.55","192.168.1.2","TCP","1514","8004  >  37010 [ACK] Seq=153558 Ack=144 Win=65024 Len=1448 TSval=2916043023 TSecr=3045562797 [TCP segment of a reassembled PDU]"
"71898","38.943085760","192.168.1.55","192.168.1.2","TCP","1514","8004  >  37010 [ACK] Seq=155006 Ack=144 Win=65024 Len=1448 TSval=2916043023 TSecr=3045562797 [TCP segment of a reassembled PDU]"
"71899","38.943087222","192.168.1.55","192.168.1.2","TCP","1514","8004  >  37010 [ACK] Seq=156454 Ack=144 Win=65024 Len=1448 TSval=2916043023 TSecr=3045562797 [TCP segment of a reassembled PDU]"
"71900","38.943088426","192.168.1.55","192.168.1.2","TCP","1514","8004  >  37010 [ACK] Seq=157902 Ack=144 Win=65024 Len=1448 TSval=2916043023 TSecr=3045562797 [TCP segment of a reassembled PDU]"
"71901","38.943089778","192.168.1.55","192.168.1.2","TCP","1514","8004  >  37010 [PSH, ACK] Seq=159350 Ack=144 Win=65024 Len=1448 TSval=2916043023 TSecr=3045562797 [TCP segment of a reassembled PDU]"
"71902","38.943097630","192.168.1.55","192.168.1.2","TCP","186","8004  >  37010 [ACK] Seq=160798 Ack=144 Win=65024 Len=120 TSval=2916043023 TSecr=3045562797 [TCP segment of a reassembled PDU]"
"71903","38.944446873","192.168.1.2","192.168.1.55","TCP","66","37010  >  8004 [ACK] Seq=144 Ack=97206 Win=90112 Len=0 TSval=3045562798 TSecr=2916043017"
"71904","38.944473799","192.168.1.55","192.168.1.2","TCP","1514","8004  >  37010 [ACK] Seq=160918 Ack=144 Win=65024 Len=1448 TSval=2916043025 TSecr=3045562798 [TCP segment of a reassembled PDU]"
"71905","38.944476243","192.168.1.55","192.168.1.2","TCP","1514","8004  >  37010 [ACK] Seq=162366 Ack=144 Win=65024 Len=1448 TSval=2916043025 TSecr=3045562798 [TCP segment of a reassembled PDU]"
"71906","38.944477391","192.168.1.55","192.168.1.2","TCP","1514","8004  >  37010 [ACK] Seq=163814 Ack=144 Win=65024 Len=1448 TSval=2916043025 TSecr=3045562798 [TCP segment of a reassembled PDU]"
"71907","38.944478614","192.168.1.55","192.168.1.2","TCP","1514","8004  >  37010 [ACK] Seq=165262 Ack=144 Win=65024 Len=1448 TSval=2916043025 TSecr=3045562798 [TCP segment of a reassembled PDU]"
"71908","38.944479799","192.168.1.55","192.168.1.2","TCP","1514","8004  >  37010 [ACK] Seq=166710 Ack=144 Win=65024 Len=1448 TSval=2916043025 TSecr=3045562798 [TCP segment of a reassembled PDU]"
"71909","38.944481040","192.168.1.55","192.168.1.2","TCP","1514","8004  >  37010 [ACK] Seq=168158 Ack=144 Win=65024 Len=1448 TSval=2916043025 TSecr=3045562798 [TCP segment of a reassembled PDU]"
"71910","38.944482188","192.168.1.55","192.168.1.2","TCP","1514","8004  >  37010 [ACK] Seq=169606 Ack=144 Win=65024 Len=1448 TSval=2916043025 TSecr=3045562798 [TCP segment of a reassembled PDU]"
"71911","38.944483410","192.168.1.55","192.168.1.2","TCP","1514","8004  >  37010 [ACK] Seq=171054 Ack=144 Win=65024 Len=1448 TSval=2916043025 TSecr=3045562798 [TCP segment of a reassembled PDU]"
"71912","38.944484558","192.168.1.55","192.168.1.2","TCP","1514","8004  >  37010 [ACK] Seq=172502 Ack=144 Win=65024 Len=1448 TSval=2916043025 TSecr=3045562798 [TCP segment of a reassembled PDU]"
"71913","38.944485799","192.168.1.55","192.168.1.2","TCP","1514","8004  >  37010 [ACK] Seq=173950 Ack=144 Win=65024 Len=1448 TSval=2916043025 TSecr=3045562798 [TCP segment of a reassembled PDU]"
"71914","38.944487003","192.168.1.55","192.168.1.2","TCP","1514","8004  >  37010 [ACK] Seq=175398 Ack=144 Win=65024 Len=1448 TSval=2916043025 TSecr=3045562798 [TCP segment of a reassembled PDU]"
"71915","38.944488799","192.168.1.55","192.168.1.2","TCP","1514","8004  >  37010 [ACK] Seq=176846 Ack=144 Win=65024 Len=1448 TSval=2916043025 TSecr=3045562798 [TCP segment of a reassembled PDU]"
"71916","38.944490021","192.168.1.55","192.168.1.2","TCP","1514","8004  >  37010 [ACK] Seq=178294 Ack=144 Win=65024 Len=1448 TSval=2916043025 TSecr=3045562798 [TCP segment of a reassembled PDU]"
"71917","38.944491447","192.168.1.55","192.168.1.2","TCP","1514","8004  >  37010 [ACK] Seq=179742 Ack=144 Win=65024 Len=1448 TSval=2916043025 TSecr=3045562798 [TCP segment of a reassembled PDU]"
"71918","38.944492743","192.168.1.55","192.168.1.2","TCP","1514","8004  >  37010 [ACK] Seq=181190 Ack=144 Win=65024 Len=1448 TSval=2916043025 TSecr=3045562798 [TCP segment of a reassembled PDU]"
"71919","38.944493873","192.168.1.55","192.168.1.2","TCP","1514","8004  >  37010 [ACK] Seq=182638 Ack=144 Win=65024 Len=1448 TSval=2916043025 TSecr=3045562798 [TCP segment of a reassembled PDU]"
"71920","38.944495040","192.168.1.55","192.168.1.2","TCP","1514","8004  >  37010 [ACK] Seq=184086 Ack=144 Win=65024 Len=1448 TSval=2916043025 TSecr=3045562798 [TCP segment of a reassembled PDU]"
"71921","38.944496169","192.168.1.55","192.168.1.2","TCP","1514","8004  >  37010 [PSH, ACK] Seq=185534 Ack=144 Win=65024 Len=1448 TSval=2916043025 TSecr=3045562798 [TCP segment of a reassembled PDU]"
"71922","38.944523188","192.168.1.2","192.168.1.55","TCP","66","37010  >  8004 [ACK] Seq=144 Ack=100102 Win=90112 Len=0 TSval=3045562798 TSecr=2916043017"
"71923","38.944566614","192.168.1.55","192.168.1.2","TCP","1514","8004  >  37010 [ACK] Seq=186982 Ack=144 Win=65024 Len=1448 TSval=2916043025 TSecr=3045562798 [TCP segment of a reassembled PDU]"
"71924","38.944568114","192.168.1.55","192.168.1.2","TCP","1514","8004  >  37010 [PSH, ACK] Seq=188430 Ack=144 Win=65024 Len=1448 TSval=2916043025 TSecr=3045562798 [TCP segment of a reassembled PDU]"
"71925","38.948673472","192.168.1.2","192.168.1.55","TCP","66","37010  >  8004 [ACK] Seq=144 Ack=105894 Win=84992 Len=0 TSval=3045562800 TSecr=2916043023"
"71926","38.950349568","192.168.1.2","192.168.1.55","TCP","66","37010  >  8004 [ACK] Seq=144 Ack=118926 Win=107520 Len=0 TSval=3045562804 TSecr=2916043023"
"71927","38.950377364","192.168.1.55","192.168.1.2","TCP","1514","8004  >  37010 [ACK] Seq=189878 Ack=144 Win=65024 Len=1448 TSval=2916043031 TSecr=3045562804 [TCP segment of a reassembled PDU]"
"71928","38.950380845","192.168.1.55","192.168.1.2","TCP","1514","8004  >  37010 [ACK] Seq=191326 Ack=144 Win=65024 Len=1448 TSval=2916043031 TSecr=3045562804 [TCP segment of a reassembled PDU]"
"71929","38.950382031","192.168.1.55","192.168.1.2","TCP","1514","8004  >  37010 [ACK] Seq=192774 Ack=144 Win=65024 Len=1448 TSval=2916043031 TSecr=3045562804 [TCP segment of a reassembled PDU]"
"71930","38.950383345","192.168.1.55","192.168.1.2","TCP","1514","8004  >  37010 [ACK] Seq=194222 Ack=144 Win=65024 Len=1448 TSval=2916043031 TSecr=3045562804 [TCP segment of a reassembled PDU]"
"71931","38.950385049","192.168.1.55","192.168.1.2","TCP","1514","8004  >  37010 [ACK] Seq=195670 Ack=144 Win=65024 Len=1448 TSval=2916043031 TSecr=3045562804 [TCP segment of a reassembled PDU]"
"71932","38.950386642","192.168.1.55","192.168.1.2","TCP","1514","8004  >  37010 [ACK] Seq=197118 Ack=144 Win=65024 Len=1448 TSval=2916043031 TSecr=3045562804 [TCP segment of a reassembled PDU]"
"71933","38.950389401","192.168.1.55","192.168.1.2","TCP","1514","8004  >  37010 [ACK] Seq=198566 Ack=144 Win=65024 Len=1448 TSval=2916043031 TSecr=3045562804 [TCP segment of a reassembled PDU]"
"71934","38.950390753","192.168.1.55","192.168.1.2","TCP","1514","8004  >  37010 [ACK] Seq=200014 Ack=144 Win=65024 Len=1448 TSval=2916043031 TSecr=3045562804 [TCP segment of a reassembled PDU]"
"71935","38.950392031","192.168.1.55","192.168.1.2","TCP","1514","8004  >  37010 [ACK] Seq=201462 Ack=144 Win=65024 Len=1448 TSval=2916043031 TSecr=3045562804 [TCP segment of a reassembled PDU]"
"71936","38.950393290","192.168.1.55","192.168.1.2","TCP","1514","8004  >  37010 [ACK] Seq=202910 Ack=144 Win=65024 Len=1448 TSval=2916043031 TSecr=3045562804 [TCP segment of a reassembled PDU]"
"71937","38.950394549","192.168.1.55","192.168.1.2","TCP","1514","8004  >  37010 [PSH, ACK] Seq=204358 Ack=144 Win=65024 Len=1448 TSval=2916043031 TSecr=3045562804 [TCP segment of a reassembled PDU]"
"71938","38.950914809","192.168.1.2","192.168.1.55","TCP","66","37010  >  8004 [ACK] Seq=144 Ack=144870 Win=97280 Len=0 TSval=3045562804 TSecr=2916043023"
"71939","38.950950272","192.168.1.55","192.168.1.2","TCP","1514","8004  >  37010 [ACK] Seq=205806 Ack=144 Win=65024 Len=1448 TSval=2916043031 TSecr=3045562804 [TCP segment of a reassembled PDU]"
"71940","38.950952365","192.168.1.55","192.168.1.2","TCP","1514","8004  >  37010 [ACK] Seq=207254 Ack=144 Win=65024 Len=1448 TSval=2916043031 TSecr=3045562804 [TCP segment of a reassembled PDU]"
"71941","38.950953717","192.168.1.55","192.168.1.2","TCP","1514","8004  >  37010 [ACK] Seq=208702 Ack=144 Win=65024 Len=1448 TSval=2916043031 TSecr=3045562804 [TCP segment of a reassembled PDU]"
"71942","38.950954976","192.168.1.55","192.168.1.2","TCP","1514","8004  >  37010 [ACK] Seq=210150 Ack=144 Win=65024 Len=1448 TSval=2916043031 TSecr=3045562804 [TCP segment of a reassembled PDU]"
"71943","38.950956272","192.168.1.55","192.168.1.2","TCP","1514","8004  >  37010 [ACK] Seq=211598 Ack=144 Win=65024 Len=1448 TSval=2916043031 TSecr=3045562804 [TCP segment of a reassembled PDU]"
"71944","38.950959050","192.168.1.55","192.168.1.2","TCP","1514","8004  >  37010 [ACK] Seq=213046 Ack=144 Win=65024 Len=1448 TSval=2916043031 TSecr=3045562804 [TCP segment of a reassembled PDU]"
"71945","38.950960606","192.168.1.55","192.168.1.2","TCP","1514","8004  >  37010 [ACK] Seq=214494 Ack=144 Win=65024 Len=1448 TSval=2916043031 TSecr=3045562804 [TCP segment of a reassembled PDU]"
"71946","38.950961865","192.168.1.55","192.168.1.2","TCP","1514","8004  >  37010 [ACK] Seq=215942 Ack=144 Win=65024 Len=1448 TSval=2916043031 TSecr=3045562804 [TCP segment of a reassembled PDU]"
"71947","38.950963013","192.168.1.55","192.168.1.2","TCP","1514","8004  >  37010 [ACK] Seq=217390 Ack=144 Win=65024 Len=1448 TSval=2916043031 TSecr=3045562804 [TCP segment of a reassembled PDU]"
"71948","38.950964161","192.168.1.55","192.168.1.2","TCP","1514","8004  >  37010 [ACK] Seq=218838 Ack=144 Win=65024 Len=1448 TSval=2916043031 TSecr=3045562804 [TCP segment of a reassembled PDU]"
"71949","38.950965532","192.168.1.55","192.168.1.2","TCP","1514","8004  >  37010 [ACK] Seq=220286 Ack=144 Win=65024 Len=1448 TSval=2916043031 TSecr=3045562804 [TCP segment of a reassembled PDU]"
"71950","38.950966902","192.168.1.55","192.168.1.2","TCP","1514","8004  >  37010 [ACK] Seq=221734 Ack=144 Win=65024 Len=1448 TSval=2916043031 TSecr=3045562804 [TCP segment of a reassembled PDU]"
"71951","38.950969495","192.168.1.55","192.168.1.2","TCP","1514","8004  >  37010 [ACK] Seq=223182 Ack=144 Win=65024 Len=1448 TSval=2916043031 TSecr=3045562804 [TCP segment of a reassembled PDU]"
"71952","38.950971143","192.168.1.55","192.168.1.2","TCP","1514","8004  >  37010 [ACK] Seq=224630 Ack=144 Win=65024 Len=1448 TSval=2916043031 TSecr=3045562804 [TCP segment of a reassembled PDU]"
"71953","38.950972291","192.168.1.55","192.168.1.2","TCP","1514","8004  >  37010 [ACK] Seq=226078 Ack=144 Win=65024 Len=1448 TSval=2916043031 TSecr=3045562804 [TCP segment of a reassembled PDU]"
"71954","38.950973532","192.168.1.55","192.168.1.2","TCP","1514","8004  >  37010 [ACK] Seq=227526 Ack=144 Win=65024 Len=1448 TSval=2916043031 TSecr=3045562804 [TCP segment of a reassembled PDU]"
"71955","38.950974717","192.168.1.55","192.168.1.2","TCP","1514","8004  >  37010 [ACK] Seq=228974 Ack=144 Win=65024 Len=1448 TSval=2916043031 TSecr=3045562804 [TCP segment of a reassembled PDU]"
"71956","38.950975995","192.168.1.55","192.168.1.2","TCP","1514","8004  >  37010 [ACK] Seq=230422 Ack=144 Win=65024 Len=1448 TSval=2916043031 TSecr=3045562804 [TCP segment of a reassembled PDU]"
"71957","38.950977643","192.168.1.55","192.168.1.2","TCP","1514","8004  >  37010 [ACK] Seq=231870 Ack=144 Win=65024 Len=1448 TSval=2916043031 TSecr=3045562804 [TCP segment of a reassembled PDU]"
"71958","38.950979476","192.168.1.55","192.168.1.2","TCP","1514","8004  >  37010 [ACK] Seq=233318 Ack=144 Win=65024 Len=1448 TSval=2916043031 TSecr=3045562804 [TCP segment of a reassembled PDU]"
"71959","38.950981865","192.168.1.55","192.168.1.2","TCP","1514","8004  >  37010 [ACK] Seq=234766 Ack=144 Win=65024 Len=1448 TSval=2916043031 TSecr=3045562804 [TCP segment of a reassembled PDU]"
"71960","38.950983235","192.168.1.55","192.168.1.2","TCP","1514","8004  >  37010 [ACK] Seq=236214 Ack=144 Win=65024 Len=1448 TSval=2916043031 TSecr=3045562804 [TCP segment of a reassembled PDU]"
"71961","38.950984365","192.168.1.55","192.168.1.2","TCP","1514","8004  >  37010 [ACK] Seq=237662 Ack=144 Win=65024 Len=1448 TSval=2916043031 TSecr=3045562804 [TCP segment of a reassembled PDU]"
"71962","38.950985606","192.168.1.55","192.168.1.2","TCP","1514","8004  >  37010 [ACK] Seq=239110 Ack=144 Win=65024 Len=1448 TSval=2916043031 TSecr=3045562804 [TCP segment of a reassembled PDU]"
"71963","38.950986735","192.168.1.55","192.168.1.2","TCP","1514","8004  >  37010 [PSH, ACK] Seq=240558 Ack=144 Win=65024 Len=1448 TSval=2916043031 TSecr=3045562804 [TCP segment of a reassembled PDU]"
"71964","38.950991198","192.168.1.2","192.168.1.55","TCP","66","37010  >  8004 [ACK] Seq=144 Ack=160798 Win=107520 Len=0 TSval=3045562804 TSecr=2916043023"
"71965","38.951009235","192.168.1.55","192.168.1.2","TCP","1514","8004  >  37010 [ACK] Seq=242006 Ack=144 Win=65024 Len=1448 TSval=2916043031 TSecr=3045562804 [TCP segment of a reassembled PDU]"
"71966","38.951011087","192.168.1.55","192.168.1.2","TCP","1514","8004  >  37010 [ACK] Seq=243454 Ack=144 Win=65024 Len=1448 TSval=2916043031 TSecr=3045562804 [TCP segment of a reassembled PDU]"
"71967","38.951012976","192.168.1.55","192.168.1.2","TCP","1514","8004  >  37010 [ACK] Seq=244902 Ack=144 Win=65024 Len=1448 TSval=2916043031 TSecr=3045562804 [TCP segment of a reassembled PDU]"
"71968","38.951014698","192.168.1.55","192.168.1.2","TCP","1514","8004  >  37010 [ACK] Seq=246350 Ack=144 Win=65024 Len=1448 TSval=2916043031 TSecr=3045562804 [TCP segment of a reassembled PDU]"
"71969","38.951015847","192.168.1.55","192.168.1.2","TCP","1514","8004  >  37010 [ACK] Seq=247798 Ack=144 Win=65024 Len=1448 TSval=2916043031 TSecr=3045562804 [TCP segment of a reassembled PDU]"
"71970","38.951017124","192.168.1.55","192.168.1.2","TCP","1514","8004  >  37010 [PSH, ACK] Seq=249246 Ack=144 Win=65024 Len=1448 TSval=2916043031 TSecr=3045562804 [TCP segment of a reassembled PDU]"
"71971","38.951022884","192.168.1.2","192.168.1.55","TCP","66","37010  >  8004 [ACK] Seq=144 Ack=184086 Win=98304 Len=0 TSval=3045562805 TSecr=2916043023"
"71972","38.951032958","192.168.1.2","192.168.1.55","TCP","66","37010  >  8004 [ACK] Seq=144 Ack=186982 Win=113664 Len=0 TSval=3045562805 TSecr=2916043025"
"71973","38.951096013","192.168.1.55","192.168.1.2","TCP","1514","8004  >  37010 [ACK] Seq=250694 Ack=144 Win=65024 Len=1448 TSval=2916043031 TSecr=3045562805 [TCP segment of a reassembled PDU]"
"71974","38.951098513","192.168.1.55","192.168.1.2","TCP","1514","8004  >  37010 [ACK] Seq=252142 Ack=144 Win=65024 Len=1448 TSval=2916043031 TSecr=3045562805 [TCP segment of a reassembled PDU]"
"71975","38.951099773","192.168.1.55","192.168.1.2","TCP","1514","8004  >  37010 [ACK] Seq=253590 Ack=144 Win=65024 Len=1448 TSval=2916043031 TSecr=3045562805 [TCP segment of a reassembled PDU]"
"71976","38.951101310","192.168.1.55","192.168.1.2","TCP","1514","8004  >  37010 [ACK] Seq=255038 Ack=144 Win=65024 Len=1448 TSval=2916043031 TSecr=3045562805 [TCP segment of a reassembled PDU]"
"71977","38.951103495","192.168.1.55","192.168.1.2","TCP","1514","8004  >  37010 [ACK] Seq=256486 Ack=144 Win=65024 Len=1448 TSval=2916043031 TSecr=3045562805 [TCP segment of a reassembled PDU]"
"71978","38.951104995","192.168.1.55","192.168.1.2","TCP","1514","8004  >  37010 [ACK] Seq=257934 Ack=144 Win=65024 Len=1448 TSval=2916043031 TSecr=3045562805 [TCP segment of a reassembled PDU]"
"71979","38.951106291","192.168.1.55","192.168.1.2","TCP","1514","8004  >  37010 [ACK] Seq=259382 Ack=144 Win=65024 Len=1448 TSval=2916043031 TSecr=3045562805 [TCP segment of a reassembled PDU]"
"71980","38.951107699","192.168.1.55","192.168.1.2","TCP","1514","8004  >  37010 [ACK] Seq=260830 Ack=144 Win=65024 Len=1448 TSval=2916043031 TSecr=3045562805 [TCP segment of a reassembled PDU]"
"71981","38.951109310","192.168.1.55","192.168.1.2","TCP","1514","8004  >  37010 [ACK] Seq=262278 Ack=144 Win=65024 Len=1448 TSval=2916043031 TSecr=3045562805 [TCP segment of a reassembled PDU]"
"71982","38.951111476","192.168.1.55","192.168.1.2","TCP","1514","8004  >  37010 [ACK] Seq=263726 Ack=144 Win=65024 Len=1448 TSval=2916043031 TSecr=3045562805 [TCP segment of a reassembled PDU]"
"71983","38.951113013","192.168.1.55","192.168.1.2","TCP","1514","8004  >  37010 [ACK] Seq=265174 Ack=144 Win=65024 Len=1448 TSval=2916043031 TSecr=3045562805 [TCP segment of a reassembled PDU]"
"71984","38.951114680","192.168.1.55","192.168.1.2","TCP","1514","8004  >  37010 [ACK] Seq=266622 Ack=144 Win=65024 Len=1448 TSval=2916043031 TSecr=3045562805 [TCP segment of a reassembled PDU]"
"71985","38.951116013","192.168.1.55","192.168.1.2","TCP","1514","8004  >  37010 [ACK] Seq=268070 Ack=144 Win=65024 Len=1448 TSval=2916043031 TSecr=3045562805 [TCP segment of a reassembled PDU]"
"71986","38.951117310","192.168.1.55","192.168.1.2","TCP","1514","8004  >  37010 [ACK] Seq=269518 Ack=144 Win=65024 Len=1448 TSval=2916043031 TSecr=3045562805 [TCP segment of a reassembled PDU]"
"71987","38.951118661","192.168.1.55","192.168.1.2","TCP","1514","8004  >  37010 [ACK] Seq=270966 Ack=144 Win=65024 Len=1448 TSval=2916043031 TSecr=3045562805 [TCP segment of a reassembled PDU]"
"71988","38.951120569","192.168.1.55","192.168.1.2","TCP","1514","8004  >  37010 [ACK] Seq=272414 Ack=144 Win=65024 Len=1448 TSval=2916043031 TSecr=3045562805 [TCP segment of a reassembled PDU]"
"71989","38.951122365","192.168.1.55","192.168.1.2","TCP","1514","8004  >  37010 [ACK] Seq=273862 Ack=144 Win=65024 Len=1448 TSval=2916043031 TSecr=3045562805 [TCP segment of a reassembled PDU]"
"71990","38.951123680","192.168.1.55","192.168.1.2","TCP","1514","8004  >  37010 [ACK] Seq=275310 Ack=144 Win=65024 Len=1448 TSval=2916043031 TSecr=3045562805 [TCP segment of a reassembled PDU]"
"71991","38.951124847","192.168.1.55","192.168.1.2","TCP","1514","8004  >  37010 [ACK] Seq=276758 Ack=144 Win=65024 Len=1448 TSval=2916043031 TSecr=3045562805 [TCP segment of a reassembled PDU]"
"71992","38.951126291","192.168.1.55","192.168.1.2","TCP","1514","8004  >  37010 [ACK] Seq=278206 Ack=144 Win=65024 Len=1448 TSval=2916043031 TSecr=3045562805 [TCP segment of a reassembled PDU]"
"71993","38.951127847","192.168.1.55","192.168.1.2","TCP","1514","8004  >  37010 [ACK] Seq=279654 Ack=144 Win=65024 Len=1448 TSval=2916043031 TSecr=3045562805 [TCP segment of a reassembled PDU]"
"71994","38.951129365","192.168.1.55","192.168.1.2","TCP","1514","8004  >  37010 [ACK] Seq=281102 Ack=144 Win=65024 Len=1448 TSval=2916043031 TSecr=3045562805 [TCP segment of a reassembled PDU]"
"71995","38.951131050","192.168.1.55","192.168.1.2","TCP","1514","8004  >  37010 [ACK] Seq=282550 Ack=144 Win=65024 Len=1448 TSval=2916043031 TSecr=3045562805 [TCP segment of a reassembled PDU]"
"71996","38.951132180","192.168.1.55","192.168.1.2","TCP","1514","8004  >  37010 [ACK] Seq=283998 Ack=144 Win=65024 Len=1448 TSval=2916043031 TSecr=3045562805 [TCP segment of a reassembled PDU]"
"71997","38.951133476","192.168.1.55","192.168.1.2","TCP","1514","8004  >  37010 [ACK] Seq=285446 Ack=144 Win=65024 Len=1448 TSval=2916043031 TSecr=3045562805 [TCP segment of a reassembled PDU]"
"71998","38.951135050","192.168.1.55","192.168.1.2","TCP","1514","8004  >  37010 [ACK] Seq=286894 Ack=144 Win=65024 Len=1448 TSval=2916043031 TSecr=3045562805 [TCP segment of a reassembled PDU]"
"71999","38.951137291","192.168.1.55","192.168.1.2","TCP","1514","8004  >  37010 [ACK] Seq=288342 Ack=144 Win=65024 Len=1448 TSval=2916043031 TSecr=3045562805 [TCP segment of a reassembled PDU]"
"72000","38.951139032","192.168.1.55","192.168.1.2","TCP","1514","8004  >  37010 [ACK] Seq=289790 Ack=144 Win=65024 Len=1448 TSval=2916043031 TSecr=3045562805 [TCP segment of a reassembled PDU]"
"72001","38.951140384","192.168.1.55","192.168.1.2","TCP","1514","8004  >  37010 [ACK] Seq=291238 Ack=144 Win=65024 Len=1448 TSval=2916043031 TSecr=3045562805 [TCP segment of a reassembled PDU]"
"72002","38.951141587","192.168.1.55","192.168.1.2","TCP","1514","8004  >  37010 [ACK] Seq=292686 Ack=144 Win=65024 Len=1448 TSval=2916043031 TSecr=3045562805 [TCP segment of a reassembled PDU]"
"72003","38.951144736","192.168.1.55","192.168.1.2","TCP","1514","8004  >  37010 [PSH, ACK] Seq=294134 Ack=144 Win=65024 Len=1448 TSval=2916043031 TSecr=3045562805 [TCP segment of a reassembled PDU]"
"72004","38.956203059","192.168.1.2","192.168.1.55","TCP","66","37010  >  8004 [ACK] Seq=144 Ack=189878 Win=113664 Len=0 TSval=3045562805 TSecr=2916043025"
"72005","38.956257022","192.168.1.55","192.168.1.2","TCP","1514","8004  >  37010 [ACK] Seq=295582 Ack=144 Win=65024 Len=1448 TSval=2916043036 TSecr=3045562805 [TCP segment of a reassembled PDU]"
"72006","38.956263725","192.168.1.55","192.168.1.2","TCP","1514","8004  >  37010 [ACK] Seq=297030 Ack=144 Win=65024 Len=1448 TSval=2916043036 TSecr=3045562805 [TCP segment of a reassembled PDU]"
"72007","38.956265744","192.168.1.55","192.168.1.2","TCP","1514","8004  >  37010 [ACK] Seq=298478 Ack=144 Win=65024 Len=1448 TSval=2916043036 TSecr=3045562805 [TCP segment of a reassembled PDU]"
"72008","38.956267318","192.168.1.55","192.168.1.2","TCP","1514","8004  >  37010 [ACK] Seq=299926 Ack=144 Win=65024 Len=1448 TSval=2916043036 TSecr=3045562805 [TCP segment of a reassembled PDU]"
"72009","38.956269040","192.168.1.55","192.168.1.2","TCP","1514","8004  >  37010 [ACK] Seq=301374 Ack=144 Win=65024 Len=1448 TSval=2916043036 TSecr=3045562805 [TCP segment of a reassembled PDU]"
"72010","38.956270355","192.168.1.55","192.168.1.2","TCP","786","[TCP Window Full] 8004  >  37010 [PSH, ACK] Seq=302822 Ack=144 Win=65024 Len=720 TSval=2916043036 TSecr=3045562805 [TCP segment of a reassembled PDU]"
"72011","38.958630563","192.168.1.2","192.168.1.55","TCP","66","37010  >  8004 [ACK] Seq=144 Ack=205806 Win=113664 Len=0 TSval=3045562812 TSecr=2916043031"
"72012","38.958661415","192.168.1.55","192.168.1.2","TCP","1514","8004  >  37010 [ACK] Seq=303542 Ack=144 Win=65024 Len=1448 TSval=2916043039 TSecr=3045562812 [TCP segment of a reassembled PDU]"
"72013","38.958664952","192.168.1.55","192.168.1.2","TCP","1514","8004  >  37010 [ACK] Seq=304990 Ack=144 Win=65024 Len=1448 TSval=2916043039 TSecr=3045562812 [TCP segment of a reassembled PDU]"
"72014","38.958666711","192.168.1.55","192.168.1.2","TCP","1514","8004  >  37010 [ACK] Seq=306438 Ack=144 Win=65024 Len=1448 TSval=2916043039 TSecr=3045562812 [TCP segment of a reassembled PDU]"
"72015","38.958668081","192.168.1.55","192.168.1.2","TCP","1514","8004  >  37010 [ACK] Seq=307886 Ack=144 Win=65024 Len=1448 TSval=2916043039 TSecr=3045562812 [TCP segment of a reassembled PDU]"
"72016","38.958669433","192.168.1.55","192.168.1.2","TCP","1514","8004  >  37010 [ACK] Seq=309334 Ack=144 Win=65024 Len=1448 TSval=2916043039 TSecr=3045562812 [TCP segment of a reassembled PDU]"
"72017","38.958670803","192.168.1.55","192.168.1.2","TCP","1514","8004  >  37010 [ACK] Seq=310782 Ack=144 Win=65024 Len=1448 TSval=2916043039 TSecr=3045562812 [TCP segment of a reassembled PDU]"
"72018","38.958672303","192.168.1.55","192.168.1.2","TCP","1514","8004  >  37010 [ACK] Seq=312230 Ack=144 Win=65024 Len=1448 TSval=2916043039 TSecr=3045562812 [TCP segment of a reassembled PDU]"
"72019","38.958673729","192.168.1.55","192.168.1.2","TCP","1514","8004  >  37010 [ACK] Seq=313678 Ack=144 Win=65024 Len=1448 TSval=2916043039 TSecr=3045562812 [TCP segment of a reassembled PDU]"
"72020","38.958674989","192.168.1.55","192.168.1.2","TCP","1514","8004  >  37010 [ACK] Seq=315126 Ack=144 Win=65024 Len=1448 TSval=2916043039 TSecr=3045562812 [TCP segment of a reassembled PDU]"
"72021","38.958676266","192.168.1.55","192.168.1.2","TCP","1514","8004  >  37010 [ACK] Seq=316574 Ack=144 Win=65024 Len=1448 TSval=2916043039 TSecr=3045562812 [TCP segment of a reassembled PDU]"
"72022","38.958677600","192.168.1.55","192.168.1.2","TCP","1514","[TCP Window Full] 8004  >  37010 [PSH, ACK] Seq=318022 Ack=144 Win=65024 Len=1448 TSval=2916043039 TSecr=3045562812 [TCP segment of a reassembled PDU]"
"72023","38.958749304","192.168.1.2","192.168.1.55","TCP","66","37010  >  8004 [ACK] Seq=144 Ack=242006 Win=130048 Len=0 TSval=3045562812 TSecr=2916043031"
"72024","38.958772711","192.168.1.55","192.168.1.2","TCP","1514","8004  >  37010 [ACK] Seq=319470 Ack=144 Win=65024 Len=1448 TSval=2916043039 TSecr=3045562812 [TCP segment of a reassembled PDU]"
"72025","38.958774674","192.168.1.55","192.168.1.2","TCP","1514","8004  >  37010 [ACK] Seq=320918 Ack=144 Win=65024 Len=1448 TSval=2916043039 TSecr=3045562812 [TCP segment of a reassembled PDU]"
"72026","38.958775989","192.168.1.55","192.168.1.2","TCP","1514","8004  >  37010 [ACK] Seq=322366 Ack=144 Win=65024 Len=1448 TSval=2916043039 TSecr=3045562812 [TCP segment of a reassembled PDU]"
"72027","38.958777322","192.168.1.55","192.168.1.2","TCP","1514","8004  >  37010 [ACK] Seq=323814 Ack=144 Win=65024 Len=1448 TSval=2916043039 TSecr=3045562812 [TCP segment of a reassembled PDU]"
"72028","38.958778859","192.168.1.55","192.168.1.2","TCP","1514","8004  >  37010 [ACK] Seq=325262 Ack=144 Win=65024 Len=1448 TSval=2916043039 TSecr=3045562812 [TCP segment of a reassembled PDU]"
"72029","38.958786341","192.168.1.55","192.168.1.2","TCP","1514","8004  >  37010 [ACK] Seq=326710 Ack=144 Win=65024 Len=1448 TSval=2916043039 TSecr=3045562812 [TCP segment of a reassembled PDU]"
"72030","38.958788007","192.168.1.55","192.168.1.2","TCP","1514","8004  >  37010 [ACK] Seq=328158 Ack=144 Win=65024 Len=1448 TSval=2916043039 TSecr=3045562812 [TCP segment of a reassembled PDU]"
"72031","38.958789674","192.168.1.55","192.168.1.2","TCP","1514","8004  >  37010 [ACK] Seq=329606 Ack=144 Win=65024 Len=1448 TSval=2916043039 TSecr=3045562812 [TCP segment of a reassembled PDU]"
"72032","38.958791137","192.168.1.55","192.168.1.2","TCP","1514","8004  >  37010 [ACK] Seq=331054 Ack=144 Win=65024 Len=1448 TSval=2916043039 TSecr=3045562812 [TCP segment of a reassembled PDU]"
"72033","38.958792433","192.168.1.55","192.168.1.2","TCP","1514","8004  >  37010 [ACK] Seq=332502 Ack=144 Win=65024 Len=1448 TSval=2916043039 TSecr=3045562812 [TCP segment of a reassembled PDU]"
"72034","38.958793804","192.168.1.55","192.168.1.2","TCP","1514","8004  >  37010 [ACK] Seq=333950 Ack=144 Win=65024 Len=1448 TSval=2916043039 TSecr=3045562812 [TCP segment of a reassembled PDU]"
"72035","38.958795267","192.168.1.55","192.168.1.2","TCP","1514","8004  >  37010 [ACK] Seq=335398 Ack=144 Win=65024 Len=1448 TSval=2916043039 TSecr=3045562812 [TCP segment of a reassembled PDU]"
"72036","38.958796711","192.168.1.55","192.168.1.2","TCP","1514","8004  >  37010 [ACK] Seq=336846 Ack=144 Win=65024 Len=1448 TSval=2916043039 TSecr=3045562812 [TCP segment of a reassembled PDU]"
"72037","38.958798118","192.168.1.55","192.168.1.2","TCP","1514","8004  >  37010 [PSH, ACK] Seq=338294 Ack=144 Win=65024 Len=1448 TSval=2916043039 TSecr=3045562812 [TCP segment of a reassembled PDU]"
"72038","38.958804970","192.168.1.55","192.168.1.2","TCP","794","8004  >  37010 [ACK] Seq=339742 Ack=144 Win=65024 Len=728 TSval=2916043039 TSecr=3045562812 [TCP segment of a reassembled PDU]"
"72039","38.958809378","192.168.1.2","192.168.1.55","TCP","66","37010  >  8004 [ACK] Seq=144 Ack=250694 Win=147456 Len=0 TSval=3045562812 TSecr=2916043031"
"72040","38.958849174","192.168.1.55","192.168.1.2","TCP","1514","8004  >  37010 [ACK] Seq=340470 Ack=144 Win=65024 Len=1448 TSval=2916043039 TSecr=3045562812 [TCP segment of a reassembled PDU]"
"72041","38.958850841","192.168.1.55","192.168.1.2","TCP","1514","8004  >  37010 [ACK] Seq=341918 Ack=144 Win=65024 Len=1448 TSval=2916043039 TSecr=3045562812 [TCP segment of a reassembled PDU]"
"72042","38.958852211","192.168.1.55","192.168.1.2","TCP","1514","8004  >  37010 [ACK] Seq=343366 Ack=144 Win=65024 Len=1448 TSval=2916043039 TSecr=3045562812 [TCP segment of a reassembled PDU]"
"72043","38.958853489","192.168.1.55","192.168.1.2","TCP","1514","8004  >  37010 [ACK] Seq=344814 Ack=144 Win=65024 Len=1448 TSval=2916043039 TSecr=3045562812 [TCP segment of a reassembled PDU]"
"72044","38.958854878","192.168.1.55","192.168.1.2","TCP","1514","8004  >  37010 [ACK] Seq=346262 Ack=144 Win=65024 Len=1448 TSval=2916043039 TSecr=3045562812 [TCP segment of a reassembled PDU]"
"72045","38.958856470","192.168.1.55","192.168.1.2","TCP","1514","8004  >  37010 [ACK] Seq=347710 Ack=144 Win=65024 Len=1448 TSval=2916043039 TSecr=3045562812 [TCP segment of a reassembled PDU]"
"72046","38.958858026","192.168.1.55","192.168.1.2","TCP","1514","8004  >  37010 [ACK] Seq=349158 Ack=144 Win=65024 Len=1448 TSval=2916043039 TSecr=3045562812 [TCP segment of a reassembled PDU]"
"72047","38.958859804","192.168.1.55","192.168.1.2","TCP","1514","8004  >  37010 [ACK] Seq=350606 Ack=144 Win=65024 Len=1448 TSval=2916043039 TSecr=3045562812 [TCP segment of a reassembled PDU]"
"72048","38.958861211","192.168.1.55","192.168.1.2","TCP","1514","8004  >  37010 [ACK] Seq=352054 Ack=144 Win=65024 Len=1448 TSval=2916043039 TSecr=3045562812 [TCP segment of a reassembled PDU]"
"72049","38.958862767","192.168.1.55","192.168.1.2","TCP","1514","8004  >  37010 [ACK] Seq=353502 Ack=144 Win=65024 Len=1448 TSval=2916043039 TSecr=3045562812 [TCP segment of a reassembled PDU]"
"72050","38.958864415","192.168.1.55","192.168.1.2","TCP","1514","8004  >  37010 [ACK] Seq=354950 Ack=144 Win=65024 Len=1448 TSval=2916043039 TSecr=3045562812 [TCP segment of a reassembled PDU]"
"72051","38.958865915","192.168.1.55","192.168.1.2","TCP","1514","8004  >  37010 [ACK] Seq=356398 Ack=144 Win=65024 Len=1448 TSval=2916043039 TSecr=3045562812 [TCP segment of a reassembled PDU]"
"72052","38.958867267","192.168.1.55","192.168.1.2","TCP","1514","8004  >  37010 [ACK] Seq=357846 Ack=144 Win=65024 Len=1448 TSval=2916043039 TSecr=3045562812 [TCP segment of a reassembled PDU]"
"72053","38.958869082","192.168.1.55","192.168.1.2","TCP","1514","8004  >  37010 [ACK] Seq=359294 Ack=144 Win=65024 Len=1448 TSval=2916043039 TSecr=3045562812 [TCP segment of a reassembled PDU]"
"72054","38.958870674","192.168.1.55","192.168.1.2","TCP","1514","8004  >  37010 [ACK] Seq=360742 Ack=144 Win=65024 Len=1448 TSval=2916043039 TSecr=3045562812 [TCP segment of a reassembled PDU]"
"72055","38.958872267","192.168.1.55","192.168.1.2","TCP","1514","8004  >  37010 [ACK] Seq=362190 Ack=144 Win=65024 Len=1448 TSval=2916043039 TSecr=3045562812 [TCP segment of a reassembled PDU]"
"72056","38.958874082","192.168.1.55","192.168.1.2","TCP","1514","8004  >  37010 [ACK] Seq=363638 Ack=144 Win=65024 Len=1448 TSval=2916043039 TSecr=3045562812 [TCP segment of a reassembled PDU]"
"72057","38.958875544","192.168.1.55","192.168.1.2","TCP","1514","8004  >  37010 [ACK] Seq=365086 Ack=144 Win=65024 Len=1448 TSval=2916043039 TSecr=3045562812 [TCP segment of a reassembled PDU]"
"72058","38.958876915","192.168.1.55","192.168.1.2","TCP","1514","8004  >  37010 [ACK] Seq=366534 Ack=144 Win=65024 Len=1448 TSval=2916043039 TSecr=3045562812 [TCP segment of a reassembled PDU]"
"72059","38.958878396","192.168.1.55","192.168.1.2","TCP","1514","8004  >  37010 [ACK] Seq=367982 Ack=144 Win=65024 Len=1448 TSval=2916043039 TSecr=3045562812 [TCP segment of a reassembled PDU]"
"72060","38.958879841","192.168.1.55","192.168.1.2","TCP","1514","8004  >  37010 [ACK] Seq=369430 Ack=144 Win=65024 Len=1448 TSval=2916043039 TSecr=3045562812 [TCP segment of a reassembled PDU]"
"72061","38.958881452","192.168.1.55","192.168.1.2","TCP","1514","8004  >  37010 [ACK] Seq=370878 Ack=144 Win=65024 Len=1448 TSval=2916043039 TSecr=3045562812 [TCP segment of a reassembled PDU]"
"72062","38.958882730","192.168.1.55","192.168.1.2","TCP","1514","8004  >  37010 [ACK] Seq=372326 Ack=144 Win=65024 Len=1448 TSval=2916043039 TSecr=3045562812 [TCP segment of a reassembled PDU]"
"72063","38.958884174","192.168.1.55","192.168.1.2","TCP","1514","8004  >  37010 [ACK] Seq=373774 Ack=144 Win=65024 Len=1448 TSval=2916043039 TSecr=3045562812 [TCP segment of a reassembled PDU]"
"72064","38.958885582","192.168.1.55","192.168.1.2","TCP","1514","8004  >  37010 [ACK] Seq=375222 Ack=144 Win=65024 Len=1448 TSval=2916043039 TSecr=3045562812 [TCP segment of a reassembled PDU]"
"72065","38.958886896","192.168.1.55","192.168.1.2","TCP","1514","8004  >  37010 [ACK] Seq=376670 Ack=144 Win=65024 Len=1448 TSval=2916043039 TSecr=3045562812 [TCP segment of a reassembled PDU]"
"72066","38.958888211","192.168.1.55","192.168.1.2","TCP","1514","8004  >  37010 [ACK] Seq=378118 Ack=144 Win=65024 Len=1448 TSval=2916043039 TSecr=3045562812 [TCP segment of a reassembled PDU]"
"72067","38.958889489","192.168.1.55","192.168.1.2","TCP","1514","8004  >  37010 [ACK] Seq=379566 Ack=144 Win=65024 Len=1448 TSval=2916043039 TSecr=3045562812 [TCP segment of a reassembled PDU]"
"72068","38.958890915","192.168.1.55","192.168.1.2","TCP","1514","8004  >  37010 [ACK] Seq=381014 Ack=144 Win=65024 Len=1448 TSval=2916043039 TSecr=3045562812 [TCP segment of a reassembled PDU]"
"72069","38.958892248","192.168.1.55","192.168.1.2","TCP","1514","8004  >  37010 [ACK] Seq=382462 Ack=144 Win=65024 Len=1448 TSval=2916043039 TSecr=3045562812 [TCP segment of a reassembled PDU]"
"72070","38.958893693","192.168.1.55","192.168.1.2","TCP","1514","8004  >  37010 [PSH, ACK] Seq=383910 Ack=144 Win=65024 Len=1448 TSval=2916043039 TSecr=3045562812 [TCP segment of a reassembled PDU]"
"72071","38.961962772","192.168.1.2","192.168.1.55","TCP","66","37010  >  8004 [ACK] Seq=144 Ack=286894 Win=130048 Len=0 TSval=3045562813 TSecr=2916043031"
"72072","38.961996883","192.168.1.55","192.168.1.2","TCP","1514","8004  >  37010 [ACK] Seq=385358 Ack=144 Win=65024 Len=1448 TSval=2916043042 TSecr=3045562813 [TCP segment of a reassembled PDU]"
"72073","38.961999827","192.168.1.55","192.168.1.2","TCP","1514","8004  >  37010 [ACK] Seq=386806 Ack=144 Win=65024 Len=1448 TSval=2916043042 TSecr=3045562813 [TCP segment of a reassembled PDU]"
"72074","38.962001235","192.168.1.55","192.168.1.2","TCP","1514","8004  >  37010 [ACK] Seq=388254 Ack=144 Win=65024 Len=1448 TSval=2916043042 TSecr=3045562813 [TCP segment of a reassembled PDU]"
"72075","38.962002550","192.168.1.55","192.168.1.2","TCP","1514","8004  >  37010 [ACK] Seq=389702 Ack=144 Win=65024 Len=1448 TSval=2916043042 TSecr=3045562813 [TCP segment of a reassembled PDU]"
"72076","38.962003846","192.168.1.55","192.168.1.2","TCP","1514","8004  >  37010 [ACK] Seq=391150 Ack=144 Win=65024 Len=1448 TSval=2916043042 TSecr=3045562813 [TCP segment of a reassembled PDU]"
"72077","38.962005142","192.168.1.55","192.168.1.2","TCP","1514","8004  >  37010 [ACK] Seq=392598 Ack=144 Win=65024 Len=1448 TSval=2916043042 TSecr=3045562813 [TCP segment of a reassembled PDU]"
"72078","38.962006531","192.168.1.55","192.168.1.2","TCP","1514","8004  >  37010 [ACK] Seq=394046 Ack=144 Win=65024 Len=1448 TSval=2916043042 TSecr=3045562813 [TCP segment of a reassembled PDU]"
"72079","38.962007938","192.168.1.55","192.168.1.2","TCP","1514","8004  >  37010 [ACK] Seq=395494 Ack=144 Win=65024 Len=1448 TSval=2916043042 TSecr=3045562813 [TCP segment of a reassembled PDU]"
"72080","38.962009235","192.168.1.55","192.168.1.2","TCP","1514","8004  >  37010 [ACK] Seq=396942 Ack=144 Win=65024 Len=1448 TSval=2916043042 TSecr=3045562813 [TCP segment of a reassembled PDU]"
"72081","38.962010679","192.168.1.55","192.168.1.2","TCP","1514","8004  >  37010 [ACK] Seq=398390 Ack=144 Win=65024 Len=1448 TSval=2916043042 TSecr=3045562813 [TCP segment of a reassembled PDU]"
"72082","38.962012087","192.168.1.55","192.168.1.2","TCP","1514","8004  >  37010 [ACK] Seq=399838 Ack=144 Win=65024 Len=1448 TSval=2916043042 TSecr=3045562813 [TCP segment of a reassembled PDU]"
"72083","38.962013494","192.168.1.55","192.168.1.2","TCP","1514","8004  >  37010 [ACK] Seq=401286 Ack=144 Win=65024 Len=1448 TSval=2916043042 TSecr=3045562813 [TCP segment of a reassembled PDU]"
"72084","38.962014864","192.168.1.55","192.168.1.2","TCP","1514","8004  >  37010 [ACK] Seq=402734 Ack=144 Win=65024 Len=1448 TSval=2916043042 TSecr=3045562813 [TCP segment of a reassembled PDU]"
"72085","38.962016253","192.168.1.55","192.168.1.2","TCP","1514","8004  >  37010 [ACK] Seq=404182 Ack=144 Win=65024 Len=1448 TSval=2916043042 TSecr=3045562813 [TCP segment of a reassembled PDU]"
"72086","38.962017624","192.168.1.55","192.168.1.2","TCP","1514","8004  >  37010 [ACK] Seq=405630 Ack=144 Win=65024 Len=1448 TSval=2916043042 TSecr=3045562813 [TCP segment of a reassembled PDU]"
"72087","38.962019031","192.168.1.55","192.168.1.2","TCP","1514","8004  >  37010 [ACK] Seq=407078 Ack=144 Win=65024 Len=1448 TSval=2916043042 TSecr=3045562813 [TCP segment of a reassembled PDU]"
"72088","38.962020438","192.168.1.55","192.168.1.2","TCP","1514","8004  >  37010 [ACK] Seq=408526 Ack=144 Win=65024 Len=1448 TSval=2916043042 TSecr=3045562813 [TCP segment of a reassembled PDU]"
"72089","38.962022031","192.168.1.55","192.168.1.2","TCP","1514","8004  >  37010 [ACK] Seq=409974 Ack=144 Win=65024 Len=1448 TSval=2916043042 TSecr=3045562813 [TCP segment of a reassembled PDU]"
"72090","38.962023438","192.168.1.55","192.168.1.2","TCP","1514","8004  >  37010 [ACK] Seq=411422 Ack=144 Win=65024 Len=1448 TSval=2916043042 TSecr=3045562813 [TCP segment of a reassembled PDU]"
"72091","38.962024716","192.168.1.55","192.168.1.2","TCP","1514","8004  >  37010 [ACK] Seq=412870 Ack=144 Win=65024 Len=1448 TSval=2916043042 TSecr=3045562813 [TCP segment of a reassembled PDU]"
"72092","38.962026216","192.168.1.55","192.168.1.2","TCP","1514","8004  >  37010 [PSH, ACK] Seq=414318 Ack=144 Win=65024 Len=1448 TSval=2916043042 TSecr=3045562813 [TCP segment of a reassembled PDU]"
"72093","38.962089809","192.168.1.2","192.168.1.55","TCP","66","37010  >  8004 [ACK] Seq=144 Ack=295582 Win=152576 Len=0 TSval=3045562813 TSecr=2916043031"
"72094","38.962111068","192.168.1.55","192.168.1.2","TCP","1514","8004  >  37010 [ACK] Seq=415766 Ack=144 Win=65024 Len=1448 TSval=2916043042 TSecr=3045562813 [TCP segment of a reassembled PDU]"
"72095","38.962112939","192.168.1.55","192.168.1.2","TCP","1514","8004  >  37010 [ACK] Seq=417214 Ack=144 Win=65024 Len=1448 TSval=2916043042 TSecr=3045562813 [TCP segment of a reassembled PDU]"
"72096","38.962114253","192.168.1.55","192.168.1.2","TCP","1514","8004  >  37010 [ACK] Seq=418662 Ack=144 Win=65024 Len=1448 TSval=2916043042 TSecr=3045562813 [TCP segment of a reassembled PDU]"
"72097","38.962115531","192.168.1.55","192.168.1.2","TCP","1514","8004  >  37010 [ACK] Seq=420110 Ack=144 Win=65024 Len=1448 TSval=2916043042 TSecr=3045562813 [TCP segment of a reassembled PDU]"
"72098","38.962116920","192.168.1.55","192.168.1.2","TCP","1514","8004  >  37010 [ACK] Seq=421558 Ack=144 Win=65024 Len=1448 TSval=2916043042 TSecr=3045562813 [TCP segment of a reassembled PDU]"
"72099","38.962118568","192.168.1.55","192.168.1.2","TCP","1514","8004  >  37010 [ACK] Seq=423006 Ack=144 Win=65024 Len=1448 TSval=2916043042 TSecr=3045562813 [TCP segment of a reassembled PDU]"
"72100","38.962119865","192.168.1.55","192.168.1.2","TCP","1514","8004  >  37010 [ACK] Seq=424454 Ack=144 Win=65024 Len=1448 TSval=2916043042 TSecr=3045562813 [TCP segment of a reassembled PDU]"
"72101","38.962121142","192.168.1.55","192.168.1.2","TCP","1514","8004  >  37010 [ACK] Seq=425902 Ack=144 Win=65024 Len=1448 TSval=2916043042 TSecr=3045562813 [TCP segment of a reassembled PDU]"
"72102","38.962122420","192.168.1.55","192.168.1.2","TCP","1514","8004  >  37010 [ACK] Seq=427350 Ack=144 Win=65024 Len=1448 TSval=2916043042 TSecr=3045562813 [TCP segment of a reassembled PDU]"
"72103","38.962124179","192.168.1.55","192.168.1.2","TCP","1514","8004  >  37010 [PSH, ACK] Seq=428798 Ack=144 Win=65024 Len=1448 TSval=2916043042 TSecr=3045562813 [TCP segment of a reassembled PDU]"
"72104","38.962129013","192.168.1.2","192.168.1.55","TCP","66","37010  >  8004 [ACK] Seq=144 Ack=303542 Win=152576 Len=0 TSval=3045562814 TSecr=2916043036"
"72105","38.962151809","192.168.1.55","192.168.1.2","TCP","1514","8004  >  37010 [ACK] Seq=430246 Ack=144 Win=65024 Len=1448 TSval=2916043042 TSecr=3045562814 [TCP segment of a reassembled PDU]"
"72106","38.962153439","192.168.1.55","192.168.1.2","TCP","1514","8004  >  37010 [ACK] Seq=431694 Ack=144 Win=65024 Len=1448 TSval=2916043042 TSecr=3045562814 [TCP segment of a reassembled PDU]"
"72107","38.962154828","192.168.1.55","192.168.1.2","TCP","1514","8004  >  37010 [ACK] Seq=433142 Ack=144 Win=65024 Len=1448 TSval=2916043042 TSecr=3045562814 [TCP segment of a reassembled PDU]"
"72108","38.962156383","192.168.1.55","192.168.1.2","TCP","1514","8004  >  37010 [ACK] Seq=434590 Ack=144 Win=65024 Len=1448 TSval=2916043042 TSecr=3045562814 [TCP segment of a reassembled PDU]"
"72109","38.962157754","192.168.1.55","192.168.1.2","TCP","1514","8004  >  37010 [ACK] Seq=436038 Ack=144 Win=65024 Len=1448 TSval=2916043042 TSecr=3045562814 [TCP segment of a reassembled PDU]"
"72110","38.962159013","192.168.1.55","192.168.1.2","TCP","1514","8004  >  37010 [ACK] Seq=437486 Ack=144 Win=65024 Len=1448 TSval=2916043042 TSecr=3045562814 [TCP segment of a reassembled PDU]"
"72111","38.962160272","192.168.1.55","192.168.1.2","TCP","1514","8004  >  37010 [ACK] Seq=438934 Ack=144 Win=65024 Len=1448 TSval=2916043042 TSecr=3045562814 [TCP segment of a reassembled PDU]"
"72112","38.962161809","192.168.1.55","192.168.1.2","TCP","1514","8004  >  37010 [ACK] Seq=440382 Ack=144 Win=65024 Len=1448 TSval=2916043042 TSecr=3045562814 [TCP segment of a reassembled PDU]"
"72113","38.962163272","192.168.1.55","192.168.1.2","TCP","1514","8004  >  37010 [ACK] Seq=441830 Ack=144 Win=65024 Len=1448 TSval=2916043042 TSecr=3045562814 [TCP segment of a reassembled PDU]"
"72114","38.962164754","192.168.1.55","192.168.1.2","TCP","1514","8004  >  37010 [ACK] Seq=443278 Ack=144 Win=65024 Len=1448 TSval=2916043042 TSecr=3045562814 [TCP segment of a reassembled PDU]"
"72115","38.962165994","192.168.1.55","192.168.1.2","TCP","1514","8004  >  37010 [ACK] Seq=444726 Ack=144 Win=65024 Len=1448 TSval=2916043042 TSecr=3045562814 [TCP segment of a reassembled PDU]"
"72116","38.962167291","192.168.1.55","192.168.1.2","TCP","1514","8004  >  37010 [ACK] Seq=446174 Ack=144 Win=65024 Len=1448 TSval=2916043042 TSecr=3045562814 [TCP segment of a reassembled PDU]"
"72117","38.962168642","192.168.1.55","192.168.1.2","TCP","1514","8004  >  37010 [ACK] Seq=447622 Ack=144 Win=65024 Len=1448 TSval=2916043042 TSecr=3045562814 [TCP segment of a reassembled PDU]"
"72118","38.962169976","192.168.1.55","192.168.1.2","TCP","1514","8004  >  37010 [ACK] Seq=449070 Ack=144 Win=65024 Len=1448 TSval=2916043042 TSecr=3045562814 [TCP segment of a reassembled PDU]"
"72119","38.962171346","192.168.1.55","192.168.1.2","TCP","1514","8004  >  37010 [ACK] Seq=450518 Ack=144 Win=65024 Len=1448 TSval=2916043042 TSecr=3045562814 [TCP segment of a reassembled PDU]"
"72120","38.962172754","192.168.1.55","192.168.1.2","TCP","1514","8004  >  37010 [ACK] Seq=451966 Ack=144 Win=65024 Len=1448 TSval=2916043042 TSecr=3045562814 [TCP segment of a reassembled PDU]"
"72121","38.962174013","192.168.1.55","192.168.1.2","TCP","1514","8004  >  37010 [PSH, ACK] Seq=453414 Ack=144 Win=65024 Len=1448 TSval=2916043042 TSecr=3045562814 [TCP segment of a reassembled PDU]"
"72122","38.968999691","192.168.1.2","192.168.1.55","TCP","66","37010  >  8004 [ACK] Seq=144 Ack=319470 Win=152576 Len=0 TSval=3045562820 TSecr=2916043039"
"72123","38.969024709","192.168.1.55","192.168.1.2","TCP","1514","8004  >  37010 [ACK] Seq=454862 Ack=144 Win=65024 Len=1448 TSval=2916043049 TSecr=3045562820 [TCP segment of a reassembled PDU]"
"72124","38.969028061","192.168.1.55","192.168.1.2","TCP","1514","8004  >  37010 [ACK] Seq=456310 Ack=144 Win=65024 Len=1448 TSval=2916043049 TSecr=3045562820 [TCP segment of a reassembled PDU]"
"72125","38.969029487","192.168.1.55","192.168.1.2","TCP","1514","8004  >  37010 [ACK] Seq=457758 Ack=144 Win=65024 Len=1448 TSval=2916043049 TSecr=3045562820 [TCP segment of a reassembled PDU]"
"72126","38.969030876","192.168.1.55","192.168.1.2","TCP","1514","8004  >  37010 [ACK] Seq=459206 Ack=144 Win=65024 Len=1448 TSval=2916043049 TSecr=3045562820 [TCP segment of a reassembled PDU]"
"72127","38.969032265","192.168.1.55","192.168.1.2","TCP","1514","8004  >  37010 [ACK] Seq=460654 Ack=144 Win=65024 Len=1448 TSval=2916043049 TSecr=3045562820 [TCP segment of a reassembled PDU]"
"72128","38.969033913","192.168.1.55","192.168.1.2","TCP","1514","8004  >  37010 [ACK] Seq=462102 Ack=144 Win=65024 Len=1448 TSval=2916043049 TSecr=3045562820 [TCP segment of a reassembled PDU]"
"72129","38.969035265","192.168.1.55","192.168.1.2","TCP","1514","8004  >  37010 [ACK] Seq=463550 Ack=144 Win=65024 Len=1448 TSval=2916043049 TSecr=3045562820 [TCP segment of a reassembled PDU]"
"72130","38.969037024","192.168.1.55","192.168.1.2","TCP","1514","8004  >  37010 [ACK] Seq=464998 Ack=144 Win=65024 Len=1448 TSval=2916043049 TSecr=3045562820 [TCP segment of a reassembled PDU]"
"72131","38.969038450","192.168.1.55","192.168.1.2","TCP","1514","8004  >  37010 [ACK] Seq=466446 Ack=144 Win=65024 Len=1448 TSval=2916043049 TSecr=3045562820 [TCP segment of a reassembled PDU]"
"72132","38.969039728","192.168.1.55","192.168.1.2","TCP","1514","8004  >  37010 [ACK] Seq=467894 Ack=144 Win=65024 Len=1448 TSval=2916043049 TSecr=3045562820 [TCP segment of a reassembled PDU]"
"72133","38.969041154","192.168.1.55","192.168.1.2","TCP","1514","8004  >  37010 [PSH, ACK] Seq=469342 Ack=144 Win=65024 Len=1448 TSval=2916043049 TSecr=3045562820 [TCP segment of a reassembled PDU]"
"72134","38.969565043","192.168.1.2","192.168.1.55","TCP","66","37010  >  8004 [ACK] Seq=144 Ack=339742 Win=176128 Len=0 TSval=3045562820 TSecr=2916043039"
"72135","38.969578358","192.168.1.55","192.168.1.2","TCP","1514","8004  >  37010 [ACK] Seq=470790 Ack=144 Win=65024 Len=1448 TSval=2916043050 TSecr=3045562820 [TCP segment of a reassembled PDU]"
"72136","38.969580636","192.168.1.55","192.168.1.2","TCP","1514","8004  >  37010 [ACK] Seq=472238 Ack=144 Win=65024 Len=1448 TSval=2916043050 TSecr=3045562820 [TCP segment of a reassembled PDU]"
"72137","38.969582043","192.168.1.55","192.168.1.2","TCP","1514","8004  >  37010 [PSH, ACK] Seq=473686 Ack=144 Win=65024 Len=1448 TSval=2916043050 TSecr=3045562820 [TCP segment of a reassembled PDU]"
"72138","38.969600932","192.168.1.55","192.168.1.2","TCP","1514","8004  >  37010 [ACK] Seq=475134 Ack=144 Win=65024 Len=1448 TSval=2916043050 TSecr=3045562820 [TCP segment of a reassembled PDU]"
"72139","38.969602488","192.168.1.55","192.168.1.2","TCP","1514","8004  >  37010 [ACK] Seq=476582 Ack=144 Win=65024 Len=1448 TSval=2916043050 TSecr=3045562820 [TCP segment of a reassembled PDU]"
"72140","38.969603803","192.168.1.55","192.168.1.2","TCP","1514","8004  >  37010 [ACK] Seq=478030 Ack=144 Win=65024 Len=1448 TSval=2916043050 TSecr=3045562820 [TCP segment of a reassembled PDU]"
"72141","38.969605321","192.168.1.55","192.168.1.2","TCP","1514","8004  >  37010 [ACK] Seq=479478 Ack=144 Win=65024 Len=1448 TSval=2916043050 TSecr=3045562820 [TCP segment of a reassembled PDU]"
"72142","38.969606969","192.168.1.55","192.168.1.2","TCP","1514","8004  >  37010 [ACK] Seq=480926 Ack=144 Win=65024 Len=1448 TSval=2916043050 TSecr=3045562820 [TCP segment of a reassembled PDU]"
"72143","38.969608247","192.168.1.55","192.168.1.2","TCP","1514","8004  >  37010 [ACK] Seq=482374 Ack=144 Win=65024 Len=1448 TSval=2916043050 TSecr=3045562820 [TCP segment of a reassembled PDU]"
"72144","38.969609636","192.168.1.55","192.168.1.2","TCP","1514","8004  >  37010 [ACK] Seq=483822 Ack=144 Win=65024 Len=1448 TSval=2916043050 TSecr=3045562820 [TCP segment of a reassembled PDU]"
"72145","38.969610914","192.168.1.55","192.168.1.2","TCP","1514","8004  >  37010 [ACK] Seq=485270 Ack=144 Win=65024 Len=1448 TSval=2916043050 TSecr=3045562820 [TCP segment of a reassembled PDU]"
"72146","38.969612210","192.168.1.55","192.168.1.2","TCP","1514","8004  >  37010 [ACK] Seq=486718 Ack=144 Win=65024 Len=1448 TSval=2916043050 TSecr=3045562820 [TCP segment of a reassembled PDU]"
"72147","38.969613747","192.168.1.55","192.168.1.2","TCP","1514","8004  >  37010 [ACK] Seq=488166 Ack=144 Win=65024 Len=1448 TSval=2916043050 TSecr=3045562820 [TCP segment of a reassembled PDU]"
"72148","38.969615247","192.168.1.55","192.168.1.2","TCP","1514","8004  >  37010 [ACK] Seq=489614 Ack=144 Win=65024 Len=1448 TSval=2916043050 TSecr=3045562820 [TCP segment of a reassembled PDU]"
"72149","38.969616599","192.168.1.55","192.168.1.2","TCP","1514","8004  >  37010 [ACK] Seq=491062 Ack=144 Win=65024 Len=1448 TSval=2916043050 TSecr=3045562820 [TCP segment of a reassembled PDU]"
"72150","38.969618062","192.168.1.55","192.168.1.2","TCP","1514","8004  >  37010 [ACK] Seq=492510 Ack=144 Win=65024 Len=1448 TSval=2916043050 TSecr=3045562820 [TCP segment of a reassembled PDU]"
"72151","38.969619506","192.168.1.55","192.168.1.2","TCP","1514","8004  >  37010 [ACK] Seq=493958 Ack=144 Win=65024 Len=1448 TSval=2916043050 TSecr=3045562820 [TCP segment of a reassembled PDU]"
"72152","38.969620895","192.168.1.55","192.168.1.2","TCP","1514","8004  >  37010 [ACK] Seq=495406 Ack=144 Win=65024 Len=1448 TSval=2916043050 TSecr=3045562820 [TCP segment of a reassembled PDU]"
"72153","38.969622247","192.168.1.55","192.168.1.2","TCP","1514","8004  >  37010 [PSH, ACK] Seq=496854 Ack=144 Win=65024 Len=1448 TSval=2916043050 TSecr=3045562820 [TCP segment of a reassembled PDU]"
"72154","38.969627210","192.168.1.55","192.168.1.2","HTTP","222","HTTP/1.0 200 OK  (PNG)"
"72155","38.969631673","192.168.1.2","192.168.1.55","TCP","66","37010  >  8004 [ACK] Seq=144 Ack=340470 Win=179200 Len=0 TSval=3045562820 TSecr=2916043039"
"72156","38.969637858","192.168.1.2","192.168.1.55","TCP","66","37010  >  8004 [ACK] Seq=144 Ack=375222 Win=178176 Len=0 TSval=3045562820 TSecr=2916043039"
"72157","38.970440452","192.168.1.2","192.168.1.55","TCP","66","37010  >  8004 [ACK] Seq=144 Ack=385358 Win=199680 Len=0 TSval=3045562825 TSecr=2916043039"
"72158","38.970447619","192.168.1.2","192.168.1.55","TCP","66","37010  >  8004 [ACK] Seq=144 Ack=415766 Win=172032 Len=0 TSval=3045562825 TSecr=2916043042"
"72159","38.970453434","192.168.1.2","192.168.1.55","TCP","66","37010  >  8004 [ACK] Seq=144 Ack=430246 Win=169984 Len=0 TSval=3045562825 TSecr=2916043042"
"72160","38.970459026","192.168.1.2","192.168.1.55","TCP","66","37010  >  8004 [ACK] Seq=144 Ack=454862 Win=147456 Len=0 TSval=3045562825 TSecr=2916043042"
"72161","38.973381957","192.168.1.2","192.168.1.55","TCP","66","37010  >  8004 [ACK] Seq=144 Ack=470790 Win=195584 Len=0 TSval=3045562828 TSecr=2916043049"
"72162","38.973500513","192.168.1.2","192.168.1.55","TCP","66","37010  >  8004 [ACK] Seq=144 Ack=475134 Win=207872 Len=0 TSval=3045562828 TSecr=2916043050"
"72163","38.973506939","192.168.1.2","192.168.1.55","TCP","66","37010  >  8004 [ACK] Seq=144 Ack=492510 Win=236544 Len=0 TSval=3045562828 TSecr=2916043050"
"72164","38.974120329","192.168.1.2","192.168.1.55","TCP","66","37010  >  8004 [ACK] Seq=144 Ack=498302 Win=247808 Len=0 TSval=3045562829 TSecr=2916043050"
"72165","38.975570331","192.168.1.2","192.168.1.55","TCP","66","37010  >  8004 [FIN, ACK] Seq=144 Ack=498459 Win=250880 Len=0 TSval=3045562830 TSecr=2916043050"
"72166","38.975582738","192.168.1.55","192.168.1.2","TCP","66","8004  >  37010 [ACK] Seq=498459 Ack=145 Win=65024 Len=0 TSval=2916043056 TSecr=3045562830"
"72167","38.975697164","192.168.1.2","192.168.1.55","TCP","74","37024  >  8004 [SYN] Seq=0 Win=64240 Len=0 MSS=1460 SACK_PERM TSval=3045562830 TSecr=0 WS=1024"
"72168","38.975721813","192.168.1.55","192.168.1.2","TCP","74","8004  >  37024 [SYN, ACK] Seq=0 Ack=1 Win=65160 Len=0 MSS=1460 SACK_PERM TSval=2916043056 TSecr=3045562830 WS=128"
"72169","38.978858392","192.168.1.2","192.168.1.55","TCP","66","37024  >  8004 [ACK] Seq=1 Ack=1 Win=64512 Len=0 TSval=3045562833 TSecr=2916043056"
"72170","38.982082990","192.168.1.2","192.168.1.55","HTTP","206","GET /stego_benchmark.png HTTP/1.1 "
"72171","38.982095360","192.168.1.55","192.168.1.2","TCP","66","8004  >  37024 [ACK] Seq=1 Ack=141 Win=65024 Len=0 TSval=2916043062 TSecr=3045562833"
"72172","38.982593935","192.168.1.55","192.168.1.2","TCP","255","8004  >  37024 [PSH, ACK] Seq=1 Ack=141 Win=65024 Len=189 TSval=2916043063 TSecr=3045562833 [TCP segment of a reassembled PDU]"
"72173","38.982682731","192.168.1.55","192.168.1.2","TCP","1514","8004  >  37024 [ACK] Seq=190 Ack=141 Win=65024 Len=1448 TSval=2916043063 TSecr=3045562833 [TCP segment of a reassembled PDU]"
"72174","38.982688491","192.168.1.55","192.168.1.2","TCP","1514","8004  >  37024 [ACK] Seq=1638 Ack=141 Win=65024 Len=1448 TSval=2916043063 TSecr=3045562833 [TCP segment of a reassembled PDU]"
"72175","38.982690009","192.168.1.55","192.168.1.2","TCP","1514","8004  >  37024 [ACK] Seq=3086 Ack=141 Win=65024 Len=1448 TSval=2916043063 TSecr=3045562833 [TCP segment of a reassembled PDU]"
"72176","38.982691454","192.168.1.55","192.168.1.2","TCP","1514","8004  >  37024 [ACK] Seq=4534 Ack=141 Win=65024 Len=1448 TSval=2916043063 TSecr=3045562833 [TCP segment of a reassembled PDU]"
"72177","38.982693324","192.168.1.55","192.168.1.2","TCP","1514","8004  >  37024 [PSH, ACK] Seq=5982 Ack=141 Win=65024 Len=1448 TSval=2916043063 TSecr=3045562833 [TCP segment of a reassembled PDU]"
"72178","38.982713454","192.168.1.55","192.168.1.2","TCP","1514","8004  >  37024 [ACK] Seq=7430 Ack=141 Win=65024 Len=1448 TSval=2916043063 TSecr=3045562833 [TCP segment of a reassembled PDU]"
"72179","38.982715805","192.168.1.55","192.168.1.2","TCP","1514","8004  >  37024 [ACK] Seq=8878 Ack=141 Win=65024 Len=1448 TSval=2916043063 TSecr=3045562833 [TCP segment of a reassembled PDU]"
"72180","38.982717139","192.168.1.55","192.168.1.2","TCP","1514","8004  >  37024 [ACK] Seq=10326 Ack=141 Win=65024 Len=1448 TSval=2916043063 TSecr=3045562833 [TCP segment of a reassembled PDU]"
"72181","38.982718472","192.168.1.55","192.168.1.2","TCP","1514","8004  >  37024 [PSH, ACK] Seq=11774 Ack=141 Win=65024 Len=1448 TSval=2916043063 TSecr=3045562833 [TCP segment of a reassembled PDU]"
"72182","38.986119089","192.168.1.2","192.168.1.55","TCP","66","37024  >  8004 [ACK] Seq=141 Ack=190 Win=64512 Len=0 TSval=3045562840 TSecr=2916043063"
"72183","38.986173293","192.168.1.55","192.168.1.2","TCP","1514","8004  >  37024 [ACK] Seq=13222 Ack=141 Win=65024 Len=1448 TSval=2916043066 TSecr=3045562840 [TCP segment of a reassembled PDU]"
"72184","38.986179089","192.168.1.55","192.168.1.2","TCP","1514","8004  >  37024 [PSH, ACK] Seq=14670 Ack=141 Win=65024 Len=1448 TSval=2916043066 TSecr=3045562840 [TCP segment of a reassembled PDU]"
"72185","38.986244608","192.168.1.2","192.168.1.55","TCP","66","37024  >  8004 [ACK] Seq=141 Ack=5982 Win=76800 Len=0 TSval=3045562840 TSecr=2916043063"
"72186","38.986272700","192.168.1.55","192.168.1.2","TCP","1514","8004  >  37024 [ACK] Seq=16118 Ack=141 Win=65024 Len=1448 TSval=2916043066 TSecr=3045562840 [TCP segment of a reassembled PDU]"
"72187","38.986275256","192.168.1.55","192.168.1.2","TCP","1514","8004  >  37024 [ACK] Seq=17566 Ack=141 Win=65024 Len=1448 TSval=2916043066 TSecr=3045562840 [TCP segment of a reassembled PDU]"
"72188","38.986276589","192.168.1.55","192.168.1.2","TCP","1514","8004  >  37024 [ACK] Seq=19014 Ack=141 Win=65024 Len=1448 TSval=2916043066 TSecr=3045562840 [TCP segment of a reassembled PDU]"
"72189","38.986277848","192.168.1.55","192.168.1.2","TCP","1514","8004  >  37024 [ACK] Seq=20462 Ack=141 Win=65024 Len=1448 TSval=2916043066 TSecr=3045562840 [TCP segment of a reassembled PDU]"
"72190","38.986279293","192.168.1.55","192.168.1.2","TCP","1514","8004  >  37024 [ACK] Seq=21910 Ack=141 Win=65024 Len=1448 TSval=2916043066 TSecr=3045562840 [TCP segment of a reassembled PDU]"
"72191","38.986280682","192.168.1.55","192.168.1.2","TCP","1514","8004  >  37024 [ACK] Seq=23358 Ack=141 Win=65024 Len=1448 TSval=2916043066 TSecr=3045562840 [TCP segment of a reassembled PDU]"
"72192","38.986282200","192.168.1.55","192.168.1.2","TCP","1514","8004  >  37024 [PSH, ACK] Seq=24806 Ack=141 Win=65024 Len=1448 TSval=2916043066 TSecr=3045562840 [TCP segment of a reassembled PDU]"
"72193","38.986287200","192.168.1.2","192.168.1.55","TCP","66","37024  >  8004 [ACK] Seq=141 Ack=7430 Win=79872 Len=0 TSval=3045562841 TSecr=2916043063"
"72194","38.986309811","192.168.1.2","192.168.1.55","TCP","66","37024  >  8004 [ACK] Seq=141 Ack=13222 Win=80896 Len=0 TSval=3045562841 TSecr=2916043063"
"72195","38.986335219","192.168.1.55","192.168.1.2","TCP","1514","8004  >  37024 [ACK] Seq=26254 Ack=141 Win=65024 Len=1448 TSval=2916043067 TSecr=3045562841 [TCP segment of a reassembled PDU]"
"72196","38.986337682","192.168.1.55","192.168.1.2","TCP","1514","8004  >  37024 [ACK] Seq=27702 Ack=141 Win=65024 Len=1448 TSval=2916043067 TSecr=3045562841 [TCP segment of a reassembled PDU]"
"72197","38.986339904","192.168.1.55","192.168.1.2","TCP","1514","8004  >  37024 [ACK] Seq=29150 Ack=141 Win=65024 Len=1448 TSval=2916043067 TSecr=3045562841 [TCP segment of a reassembled PDU]"
"72198","38.986341830","192.168.1.55","192.168.1.2","TCP","1514","8004  >  37024 [ACK] Seq=30598 Ack=141 Win=65024 Len=1448 TSval=2916043067 TSecr=3045562841 [TCP segment of a reassembled PDU]"
"72199","38.986344108","192.168.1.55","192.168.1.2","TCP","1514","8004  >  37024 [ACK] Seq=32046 Ack=141 Win=65024 Len=1448 TSval=2916043067 TSecr=3045562841 [TCP segment of a reassembled PDU]"
"72200","38.986346071","192.168.1.55","192.168.1.2","TCP","1514","8004  >  37024 [ACK] Seq=33494 Ack=141 Win=65024 Len=1448 TSval=2916043067 TSecr=3045562841 [TCP segment of a reassembled PDU]"
"72201","38.986347923","192.168.1.55","192.168.1.2","TCP","1514","8004  >  37024 [ACK] Seq=34942 Ack=141 Win=65024 Len=1448 TSval=2916043067 TSecr=3045562841 [TCP segment of a reassembled PDU]"
"72202","38.986350515","192.168.1.55","192.168.1.2","TCP","1514","8004  >  37024 [ACK] Seq=36390 Ack=141 Win=65024 Len=1448 TSval=2916043067 TSecr=3045562841 [TCP segment of a reassembled PDU]"
"72203","38.986352385","192.168.1.55","192.168.1.2","TCP","1514","8004  >  37024 [ACK] Seq=37838 Ack=141 Win=65024 Len=1448 TSval=2916043067 TSecr=3045562841 [TCP segment of a reassembled PDU]"
"72204","38.986354423","192.168.1.55","192.168.1.2","TCP","1514","8004  >  37024 [PSH, ACK] Seq=39286 Ack=141 Win=65024 Len=1448 TSval=2916043067 TSecr=3045562841 [TCP segment of a reassembled PDU]"
"72205","38.987305091","192.168.1.55","192.168.1.2","TCP","1514","8004  >  37024 [ACK] Seq=40734 Ack=141 Win=65024 Len=1448 TSval=2916043067 TSecr=3045562841 [TCP segment of a reassembled PDU]"
"72206","38.991771357","192.168.1.2","192.168.1.55","TCP","66","37024  >  8004 [ACK] Seq=141 Ack=16118 Win=87040 Len=0 TSval=3045562845 TSecr=2916043066"
"72207","38.991841376","192.168.1.55","192.168.1.2","TCP","1514","8004  >  37024 [ACK] Seq=42182 Ack=141 Win=65024 Len=1448 TSval=2916043072 TSecr=3045562845 [TCP segment of a reassembled PDU]"
"72208","38.991848320","192.168.1.55","192.168.1.2","TCP","1514","8004  >  37024 [PSH, ACK] Seq=43630 Ack=141 Win=65024 Len=1448 TSval=2916043072 TSecr=3045562845 [TCP segment of a reassembled PDU]"
"72209","38.991913024","192.168.1.2","192.168.1.55","TCP","66","37024  >  8004 [ACK] Seq=141 Ack=26254 Win=82944 Len=0 TSval=3045562845 TSecr=2916043066"
"72210","38.991944821","192.168.1.55","192.168.1.2","TCP","1514","8004  >  37024 [ACK] Seq=45078 Ack=141 Win=65024 Len=1448 TSval=2916043072 TSecr=3045562845 [TCP segment of a reassembled PDU]"
"72211","38.991947746","192.168.1.55","192.168.1.2","TCP","1514","8004  >  37024 [ACK] Seq=46526 Ack=141 Win=65024 Len=1448 TSval=2916043072 TSecr=3045562845 [TCP segment of a reassembled PDU]"
"72212","38.991949598","192.168.1.55","192.168.1.2","TCP","1514","8004  >  37024 [ACK] Seq=47974 Ack=141 Win=65024 Len=1448 TSval=2916043072 TSecr=3045562845 [TCP segment of a reassembled PDU]"
"72213","38.991951098","192.168.1.55","192.168.1.2","TCP","1514","8004  >  37024 [ACK] Seq=49422 Ack=141 Win=65024 Len=1448 TSval=2916043072 TSecr=3045562845 [TCP segment of a reassembled PDU]"
"72214","38.991952450","192.168.1.55","192.168.1.2","TCP","1514","8004  >  37024 [ACK] Seq=50870 Ack=141 Win=65024 Len=1448 TSval=2916043072 TSecr=3045562845 [TCP segment of a reassembled PDU]"
"72215","38.991953876","192.168.1.55","192.168.1.2","TCP","1514","8004  >  37024 [ACK] Seq=52318 Ack=141 Win=65024 Len=1448 TSval=2916043072 TSecr=3045562845 [TCP segment of a reassembled PDU]"
"72216","38.991955598","192.168.1.55","192.168.1.2","TCP","1514","8004  >  37024 [ACK] Seq=53766 Ack=141 Win=65024 Len=1448 TSval=2916043072 TSecr=3045562845 [TCP segment of a reassembled PDU]"
"72217","38.991957302","192.168.1.55","192.168.1.2","TCP","1514","8004  >  37024 [ACK] Seq=55214 Ack=141 Win=65024 Len=1448 TSval=2916043072 TSecr=3045562845 [TCP segment of a reassembled PDU]"
"72218","38.991959617","192.168.1.55","192.168.1.2","TCP","1514","8004  >  37024 [ACK] Seq=56662 Ack=141 Win=65024 Len=1448 TSval=2916043072 TSecr=3045562845 [TCP segment of a reassembled PDU]"
"72219","38.991961376","192.168.1.55","192.168.1.2","TCP","1514","8004  >  37024 [ACK] Seq=58110 Ack=141 Win=65024 Len=1448 TSval=2916043072 TSecr=3045562845 [TCP segment of a reassembled PDU]"
"72220","38.991968709","192.168.1.55","192.168.1.2","TCP","1514","8004  >  37024 [ACK] Seq=59558 Ack=141 Win=65024 Len=1448 TSval=2916043072 TSecr=3045562845 [TCP segment of a reassembled PDU]"
"72221","38.991971321","192.168.1.55","192.168.1.2","TCP","1514","8004  >  37024 [ACK] Seq=61006 Ack=141 Win=65024 Len=1448 TSval=2916043072 TSecr=3045562845 [TCP segment of a reassembled PDU]"
"72222","38.991973450","192.168.1.55","192.168.1.2","TCP","1514","8004  >  37024 [ACK] Seq=62454 Ack=141 Win=65024 Len=1448 TSval=2916043072 TSecr=3045562845 [TCP segment of a reassembled PDU]"
"72223","38.991975135","192.168.1.55","192.168.1.2","TCP","1514","8004  >  37024 [PSH, ACK] Seq=63902 Ack=141 Win=65024 Len=1448 TSval=2916043072 TSecr=3045562845 [TCP segment of a reassembled PDU]"
"72224","38.991980358","192.168.1.2","192.168.1.55","TCP","66","37024  >  8004 [ACK] Seq=141 Ack=36390 Win=73728 Len=0 TSval=3045562845 TSecr=2916043067"
"72225","38.992015895","192.168.1.55","192.168.1.2","TCP","1514","8004  >  37024 [ACK] Seq=65350 Ack=141 Win=65024 Len=1448 TSval=2916043072 TSecr=3045562845 [TCP segment of a reassembled PDU]"
"72226","38.992018376","192.168.1.55","192.168.1.2","TCP","1514","8004  >  37024 [ACK] Seq=66798 Ack=141 Win=65024 Len=1448 TSval=2916043072 TSecr=3045562845 [TCP segment of a reassembled PDU]"
"72227","38.992019617","192.168.1.55","192.168.1.2","TCP","1514","8004  >  37024 [ACK] Seq=68246 Ack=141 Win=65024 Len=1448 TSval=2916043072 TSecr=3045562845 [TCP segment of a reassembled PDU]"
"72228","38.992020987","192.168.1.55","192.168.1.2","TCP","1514","8004  >  37024 [ACK] Seq=69694 Ack=141 Win=65024 Len=1448 TSval=2916043072 TSecr=3045562845 [TCP segment of a reassembled PDU]"
"72229","38.992022450","192.168.1.55","192.168.1.2","TCP","1514","8004  >  37024 [ACK] Seq=71142 Ack=141 Win=65024 Len=1448 TSval=2916043072 TSecr=3045562845 [TCP segment of a reassembled PDU]"
"72230","38.992024061","192.168.1.55","192.168.1.2","TCP","1514","8004  >  37024 [ACK] Seq=72590 Ack=141 Win=65024 Len=1448 TSval=2916043072 TSecr=3045562845 [TCP segment of a reassembled PDU]"
"72231","38.992025543","192.168.1.55","192.168.1.2","TCP","1514","8004  >  37024 [ACK] Seq=74038 Ack=141 Win=65024 Len=1448 TSval=2916043072 TSecr=3045562845 [TCP segment of a reassembled PDU]"
"72232","38.992027413","192.168.1.55","192.168.1.2","TCP","1514","8004  >  37024 [PSH, ACK] Seq=75486 Ack=141 Win=65024 Len=1448 TSval=2916043072 TSecr=3045562845 [TCP segment of a reassembled PDU]"
"72233","38.993049526","192.168.1.55","192.168.1.2","TCP","1514","8004  >  37024 [ACK] Seq=76934 Ack=141 Win=65024 Len=1448 TSval=2916043073 TSecr=3045562845 [TCP segment of a reassembled PDU]"
"72234","38.993062322","192.168.1.55","192.168.1.2","TCP","1514","8004  >  37024 [ACK] Seq=78382 Ack=141 Win=65024 Len=1448 TSval=2916043073 TSecr=3045562845 [TCP segment of a reassembled PDU]"
"72235","38.993064322","192.168.1.55","192.168.1.2","TCP","1514","8004  >  37024 [ACK] Seq=79830 Ack=141 Win=65024 Len=1448 TSval=2916043073 TSecr=3045562845 [TCP segment of a reassembled PDU]"
"72236","38.993065748","192.168.1.55","192.168.1.2","TCP","1514","8004  >  37024 [ACK] Seq=81278 Ack=141 Win=65024 Len=1448 TSval=2916043073 TSecr=3045562845 [TCP segment of a reassembled PDU]"
"72237","38.993067785","192.168.1.55","192.168.1.2","TCP","1514","8004  >  37024 [ACK] Seq=82726 Ack=141 Win=65024 Len=1448 TSval=2916043073 TSecr=3045562845 [TCP segment of a reassembled PDU]"
"72238","38.993069841","192.168.1.55","192.168.1.2","TCP","1514","8004  >  37024 [ACK] Seq=84174 Ack=141 Win=65024 Len=1448 TSval=2916043073 TSecr=3045562845 [TCP segment of a reassembled PDU]"
"72239","38.993071822","192.168.1.55","192.168.1.2","TCP","1514","8004  >  37024 [ACK] Seq=85622 Ack=141 Win=65024 Len=1448 TSval=2916043073 TSecr=3045562845 [TCP segment of a reassembled PDU]"
"72240","38.993074563","192.168.1.55","192.168.1.2","TCP","1514","8004  >  37024 [PSH, ACK] Seq=87070 Ack=141 Win=65024 Len=1448 TSval=2916043073 TSecr=3045562845 [TCP segment of a reassembled PDU]"
"72241","38.994282306","192.168.1.2","192.168.1.55","TCP","66","37024  >  8004 [ACK] Seq=141 Ack=39286 Win=92160 Len=0 TSval=3045562847 TSecr=2916043067"
"72242","38.994336991","192.168.1.55","192.168.1.2","TCP","1514","8004  >  37024 [ACK] Seq=88518 Ack=141 Win=65024 Len=1448 TSval=2916043075 TSecr=3045562847 [TCP segment of a reassembled PDU]"
"72243","38.994340769","192.168.1.55","192.168.1.2","TCP","1514","8004  >  37024 [ACK] Seq=89966 Ack=141 Win=65024 Len=1448 TSval=2916043075 TSecr=3045562847 [TCP segment of a reassembled PDU]"
"72244","38.994342287","192.168.1.55","192.168.1.2","TCP","1514","8004  >  37024 [ACK] Seq=91414 Ack=141 Win=65024 Len=1448 TSval=2916043075 TSecr=3045562847 [TCP segment of a reassembled PDU]"
"72245","38.994343954","192.168.1.55","192.168.1.2","TCP","1514","8004  >  37024 [PSH, ACK] Seq=92862 Ack=141 Win=65024 Len=1448 TSval=2916043075 TSecr=3045562847 [TCP segment of a reassembled PDU]"
"72246","38.994419158","192.168.1.2","192.168.1.55","TCP","66","37024  >  8004 [ACK] Seq=141 Ack=40734 Win=94208 Len=0 TSval=3045562847 TSecr=2916043067"
"72247","38.994430713","192.168.1.2","192.168.1.55","TCP","66","37024  >  8004 [ACK] Seq=141 Ack=42182 Win=93184 Len=0 TSval=3045562847 TSecr=2916043067"
"72248","38.994448954","192.168.1.55","192.168.1.2","TCP","1514","8004  >  37024 [ACK] Seq=94310 Ack=141 Win=65024 Len=1448 TSval=2916043075 TSecr=3045562847 [TCP segment of a reassembled PDU]"
"72249","38.994451251","192.168.1.55","192.168.1.2","TCP","1514","8004  >  37024 [ACK] Seq=95758 Ack=141 Win=65024 Len=1448 TSval=2916043075 TSecr=3045562847 [TCP segment of a reassembled PDU]"
"72250","38.994452565","192.168.1.55","192.168.1.2","TCP","1514","8004  >  37024 [ACK] Seq=97206 Ack=141 Win=65024 Len=1448 TSval=2916043075 TSecr=3045562847 [TCP segment of a reassembled PDU]"
"72251","38.994453917","192.168.1.55","192.168.1.2","TCP","1514","8004  >  37024 [PSH, ACK] Seq=98654 Ack=141 Win=65024 Len=1448 TSval=2916043075 TSecr=3045562847 [TCP segment of a reassembled PDU]"
"72252","38.998506757","192.168.1.2","192.168.1.55","TCP","66","37024  >  8004 [ACK] Seq=141 Ack=45078 Win=91136 Len=0 TSval=3045562851 TSecr=2916043072"
"72253","38.998526424","192.168.1.55","192.168.1.2","TCP","1514","8004  >  37024 [ACK] Seq=100102 Ack=141 Win=65024 Len=1448 TSval=2916043079 TSecr=3045562851 [TCP segment of a reassembled PDU]"
"72254","38.998529405","192.168.1.55","192.168.1.2","TCP","1514","8004  >  37024 [ACK] Seq=101550 Ack=141 Win=65024 Len=1448 TSval=2916043079 TSecr=3045562851 [TCP segment of a reassembled PDU]"
"72255","38.998530553","192.168.1.55","192.168.1.2","TCP","1514","8004  >  37024 [ACK] Seq=102998 Ack=141 Win=65024 Len=1448 TSval=2916043079 TSecr=3045562851 [TCP segment of a reassembled PDU]"
"72256","38.998531628","192.168.1.55","192.168.1.2","TCP","1514","8004  >  37024 [PSH, ACK] Seq=104446 Ack=141 Win=65024 Len=1448 TSval=2916043079 TSecr=3045562851 [TCP segment of a reassembled PDU]"
"72257","38.998829795","192.168.1.2","192.168.1.55","TCP","66","37024  >  8004 [ACK] Seq=141 Ack=65350 Win=71680 Len=0 TSval=3045562851 TSecr=2916043072"
"72258","38.998841517","192.168.1.55","192.168.1.2","TCP","1514","8004  >  37024 [ACK] Seq=105894 Ack=141 Win=65024 Len=1448 TSval=2916043079 TSecr=3045562851 [TCP segment of a reassembled PDU]"
"72259","38.998842924","192.168.1.55","192.168.1.2","TCP","1514","8004  >  37024 [ACK] Seq=107342 Ack=141 Win=65024 Len=1448 TSval=2916043079 TSecr=3045562851 [TCP segment of a reassembled PDU]"
"72260","38.998844295","192.168.1.55","192.168.1.2","TCP","1514","8004  >  37024 [ACK] Seq=108790 Ack=141 Win=65024 Len=1448 TSval=2916043079 TSecr=3045562851 [TCP segment of a reassembled PDU]"
"72261","38.998845443","192.168.1.55","192.168.1.2","TCP","1514","8004  >  37024 [ACK] Seq=110238 Ack=141 Win=65024 Len=1448 TSval=2916043079 TSecr=3045562851 [TCP segment of a reassembled PDU]"
"72262","38.998846535","192.168.1.55","192.168.1.2","TCP","1514","8004  >  37024 [ACK] Seq=111686 Ack=141 Win=65024 Len=1448 TSval=2916043079 TSecr=3045562851 [TCP segment of a reassembled PDU]"
"72263","38.998847998","192.168.1.55","192.168.1.2","TCP","1514","8004  >  37024 [ACK] Seq=113134 Ack=141 Win=65024 Len=1448 TSval=2916043079 TSecr=3045562851 [TCP segment of a reassembled PDU]"
"72264","38.998849072","192.168.1.55","192.168.1.2","TCP","1514","8004  >  37024 [PSH, ACK] Seq=114582 Ack=141 Win=65024 Len=1448 TSval=2916043079 TSecr=3045562851 [TCP segment of a reassembled PDU]"
"72265","38.998854406","192.168.1.2","192.168.1.55","TCP","66","37024  >  8004 [ACK] Seq=141 Ack=76934 Win=60416 Len=0 TSval=3045562851 TSecr=2916043072"
"72266","38.998880832","192.168.1.55","192.168.1.2","TCP","1514","8004  >  37024 [ACK] Seq=116030 Ack=141 Win=65024 Len=1448 TSval=2916043079 TSecr=3045562851 [TCP segment of a reassembled PDU]"
"72267","38.998882610","192.168.1.55","192.168.1.2","TCP","1514","8004  >  37024 [ACK] Seq=117478 Ack=141 Win=65024 Len=1448 TSval=2916043079 TSecr=3045562851 [TCP segment of a reassembled PDU]"
"72268","38.998883795","192.168.1.55","192.168.1.2","TCP","1514","8004  >  37024 [ACK] Seq=118926 Ack=141 Win=65024 Len=1448 TSval=2916043079 TSecr=3045562851 [TCP segment of a reassembled PDU]"
"72269","38.998884998","192.168.1.55","192.168.1.2","TCP","1514","8004  >  37024 [ACK] Seq=120374 Ack=141 Win=65024 Len=1448 TSval=2916043079 TSecr=3045562851 [TCP segment of a reassembled PDU]"
"72270","38.998886128","192.168.1.55","192.168.1.2","TCP","1514","8004  >  37024 [ACK] Seq=121822 Ack=141 Win=65024 Len=1448 TSval=2916043079 TSecr=3045562851 [TCP segment of a reassembled PDU]"
"72271","38.998887239","192.168.1.55","192.168.1.2","TCP","1514","8004  >  37024 [ACK] Seq=123270 Ack=141 Win=65024 Len=1448 TSval=2916043079 TSecr=3045562851 [TCP segment of a reassembled PDU]"
"72272","38.998888850","192.168.1.55","192.168.1.2","TCP","1514","8004  >  37024 [ACK] Seq=124718 Ack=141 Win=65024 Len=1448 TSval=2916043079 TSecr=3045562851 [TCP segment of a reassembled PDU]"
"72273","38.998890110","192.168.1.55","192.168.1.2","TCP","1514","8004  >  37024 [ACK] Seq=126166 Ack=141 Win=65024 Len=1448 TSval=2916043079 TSecr=3045562851 [TCP segment of a reassembled PDU]"
"72274","38.998891258","192.168.1.55","192.168.1.2","TCP","1514","8004  >  37024 [ACK] Seq=127614 Ack=141 Win=65024 Len=1448 TSval=2916043079 TSecr=3045562851 [TCP segment of a reassembled PDU]"
"72275","38.998892536","192.168.1.55","192.168.1.2","TCP","1514","8004  >  37024 [ACK] Seq=129062 Ack=141 Win=65024 Len=1448 TSval=2916043079 TSecr=3045562851 [TCP segment of a reassembled PDU]"
"72276","38.998893591","192.168.1.55","192.168.1.2","TCP","1514","8004  >  37024 [ACK] Seq=130510 Ack=141 Win=65024 Len=1448 TSval=2916043079 TSecr=3045562851 [TCP segment of a reassembled PDU]"
"72277","38.998894869","192.168.1.55","192.168.1.2","TCP","1514","8004  >  37024 [ACK] Seq=131958 Ack=141 Win=65024 Len=1448 TSval=2916043079 TSecr=3045562851 [TCP segment of a reassembled PDU]"
"72278","38.998895980","192.168.1.55","192.168.1.2","TCP","1514","8004  >  37024 [ACK] Seq=133406 Ack=141 Win=65024 Len=1448 TSval=2916043079 TSecr=3045562851 [TCP segment of a reassembled PDU]"
"72279","38.998897036","192.168.1.55","192.168.1.2","TCP","1514","8004  >  37024 [ACK] Seq=134854 Ack=141 Win=65024 Len=1448 TSval=2916043079 TSecr=3045562851 [TCP segment of a reassembled PDU]"
"72280","38.998898128","192.168.1.55","192.168.1.2","TCP","1114","[TCP Window Full] 8004  >  37024 [PSH, ACK] Seq=136302 Ack=141 Win=65024 Len=1048 TSval=2916043079 TSecr=3045562851 [TCP segment of a reassembled PDU]"
"72281","38.998901776","192.168.1.2","192.168.1.55","TCP","66","37024  >  8004 [ACK] Seq=141 Ack=88518 Win=71680 Len=0 TSval=3045562851 TSecr=2916043073"
"72282","38.998906795","192.168.1.2","192.168.1.55","TCP","66","37024  >  8004 [ACK] Seq=141 Ack=89966 Win=92160 Len=0 TSval=3045562852 TSecr=2916043075"
"72283","38.998950258","192.168.1.55","192.168.1.2","TCP","1514","8004  >  37024 [ACK] Seq=137350 Ack=141 Win=65024 Len=1448 TSval=2916043079 TSecr=3045562851 [TCP segment of a reassembled PDU]"
"72284","38.998954054","192.168.1.55","192.168.1.2","TCP","1514","8004  >  37024 [ACK] Seq=138798 Ack=141 Win=65024 Len=1448 TSval=2916043079 TSecr=3045562851 [TCP segment of a reassembled PDU]"
"72285","38.998955239","192.168.1.55","192.168.1.2","TCP","1514","8004  >  37024 [ACK] Seq=140246 Ack=141 Win=65024 Len=1448 TSval=2916043079 TSecr=3045562851 [TCP segment of a reassembled PDU]"
"72286","38.998956443","192.168.1.55","192.168.1.2","TCP","1514","8004  >  37024 [ACK] Seq=141694 Ack=141 Win=65024 Len=1448 TSval=2916043079 TSecr=3045562851 [TCP segment of a reassembled PDU]"
"72287","38.998957925","192.168.1.55","192.168.1.2","TCP","1514","8004  >  37024 [ACK] Seq=143142 Ack=141 Win=65024 Len=1448 TSval=2916043079 TSecr=3045562851 [TCP segment of a reassembled PDU]"
"72288","38.998958980","192.168.1.55","192.168.1.2","TCP","1514","8004  >  37024 [ACK] Seq=144590 Ack=141 Win=65024 Len=1448 TSval=2916043079 TSecr=3045562851 [TCP segment of a reassembled PDU]"
"72289","38.998960276","192.168.1.55","192.168.1.2","TCP","1514","8004  >  37024 [ACK] Seq=146038 Ack=141 Win=65024 Len=1448 TSval=2916043079 TSecr=3045562851 [TCP segment of a reassembled PDU]"
"72290","38.998961406","192.168.1.55","192.168.1.2","TCP","1514","8004  >  37024 [ACK] Seq=147486 Ack=141 Win=65024 Len=1448 TSval=2916043079 TSecr=3045562851 [TCP segment of a reassembled PDU]"
"72291","38.998962776","192.168.1.55","192.168.1.2","TCP","1514","8004  >  37024 [ACK] Seq=148934 Ack=141 Win=65024 Len=1448 TSval=2916043079 TSecr=3045562851 [TCP segment of a reassembled PDU]"
"72292","38.998963925","192.168.1.55","192.168.1.2","TCP","1514","8004  >  37024 [ACK] Seq=150382 Ack=141 Win=65024 Len=1448 TSval=2916043079 TSecr=3045562851 [TCP segment of a reassembled PDU]"
"72293","38.998964980","192.168.1.55","192.168.1.2","TCP","1514","8004  >  37024 [ACK] Seq=151830 Ack=141 Win=65024 Len=1448 TSval=2916043079 TSecr=3045562851 [TCP segment of a reassembled PDU]"
"72294","38.998966202","192.168.1.55","192.168.1.2","TCP","1514","8004  >  37024 [PSH, ACK] Seq=153278 Ack=141 Win=65024 Len=1448 TSval=2916043079 TSecr=3045562851 [TCP segment of a reassembled PDU]"
"72295","38.998984832","192.168.1.2","192.168.1.55","TCP","66","37024  >  8004 [ACK] Seq=141 Ack=91414 Win=92160 Len=0 TSval=3045562852 TSecr=2916043075"
"72296","38.998994110","192.168.1.55","192.168.1.2","TCP","466","8004  >  37024 [ACK] Seq=154726 Ack=141 Win=65024 Len=400 TSval=2916043079 TSecr=3045562852 [TCP segment of a reassembled PDU]"
"72297","38.998998554","192.168.1.2","192.168.1.55","TCP","66","37024  >  8004 [ACK] Seq=141 Ack=94310 Win=91136 Len=0 TSval=3045562853 TSecr=2916043075"
"72298","38.999004110","192.168.1.2","192.168.1.55","TCP","66","37024  >  8004 [ACK] Seq=141 Ack=100102 Win=86016 Len=0 TSval=3045562853 TSecr=2916043075"
"72299","38.999058425","192.168.1.55","192.168.1.2","TCP","1514","8004  >  37024 [ACK] Seq=155126 Ack=141 Win=65024 Len=1448 TSval=2916043079 TSecr=3045562853 [TCP segment of a reassembled PDU]"
"72300","38.999060480","192.168.1.55","192.168.1.2","TCP","1514","8004  >  37024 [ACK] Seq=156574 Ack=141 Win=65024 Len=1448 TSval=2916043079 TSecr=3045562853 [TCP segment of a reassembled PDU]"
"72301","38.999062036","192.168.1.55","192.168.1.2","TCP","1514","8004  >  37024 [ACK] Seq=158022 Ack=141 Win=65024 Len=1448 TSval=2916043079 TSecr=3045562853 [TCP segment of a reassembled PDU]"
"72302","38.999063165","192.168.1.55","192.168.1.2","TCP","1514","8004  >  37024 [ACK] Seq=159470 Ack=141 Win=65024 Len=1448 TSval=2916043079 TSecr=3045562853 [TCP segment of a reassembled PDU]"
"72303","38.999064332","192.168.1.55","192.168.1.2","TCP","1514","8004  >  37024 [ACK] Seq=160918 Ack=141 Win=65024 Len=1448 TSval=2916043079 TSecr=3045562853 [TCP segment of a reassembled PDU]"
"72304","38.999065610","192.168.1.55","192.168.1.2","TCP","1514","8004  >  37024 [ACK] Seq=162366 Ack=141 Win=65024 Len=1448 TSval=2916043079 TSecr=3045562853 [TCP segment of a reassembled PDU]"
"72305","38.999066869","192.168.1.55","192.168.1.2","TCP","1514","8004  >  37024 [ACK] Seq=163814 Ack=141 Win=65024 Len=1448 TSval=2916043079 TSecr=3045562853 [TCP segment of a reassembled PDU]"
"72306","38.999068443","192.168.1.55","192.168.1.2","TCP","1514","8004  >  37024 [ACK] Seq=165262 Ack=141 Win=65024 Len=1448 TSval=2916043079 TSecr=3045562853 [TCP segment of a reassembled PDU]"
"72307","38.999069647","192.168.1.55","192.168.1.2","TCP","1514","8004  >  37024 [ACK] Seq=166710 Ack=141 Win=65024 Len=1448 TSval=2916043079 TSecr=3045562853 [TCP segment of a reassembled PDU]"
"72308","38.999070814","192.168.1.55","192.168.1.2","TCP","1514","8004  >  37024 [ACK] Seq=168158 Ack=141 Win=65024 Len=1448 TSval=2916043079 TSecr=3045562853 [TCP segment of a reassembled PDU]"
"72309","38.999071999","192.168.1.55","192.168.1.2","TCP","1514","8004  >  37024 [ACK] Seq=169606 Ack=141 Win=65024 Len=1448 TSval=2916043079 TSecr=3045562853 [TCP segment of a reassembled PDU]"
"72310","38.999073202","192.168.1.55","192.168.1.2","TCP","1514","8004  >  37024 [ACK] Seq=171054 Ack=141 Win=65024 Len=1448 TSval=2916043079 TSecr=3045562853 [TCP segment of a reassembled PDU]"
"72311","38.999074388","192.168.1.55","192.168.1.2","TCP","1514","8004  >  37024 [ACK] Seq=172502 Ack=141 Win=65024 Len=1448 TSval=2916043079 TSecr=3045562853 [TCP segment of a reassembled PDU]"
"72312","38.999076073","192.168.1.55","192.168.1.2","TCP","1514","8004  >  37024 [ACK] Seq=173950 Ack=141 Win=65024 Len=1448 TSval=2916043079 TSecr=3045562853 [TCP segment of a reassembled PDU]"
"72313","38.999077499","192.168.1.55","192.168.1.2","TCP","1514","8004  >  37024 [ACK] Seq=175398 Ack=141 Win=65024 Len=1448 TSval=2916043079 TSecr=3045562853 [TCP segment of a reassembled PDU]"
"72314","38.999078610","192.168.1.55","192.168.1.2","TCP","1514","8004  >  37024 [ACK] Seq=176846 Ack=141 Win=65024 Len=1448 TSval=2916043079 TSecr=3045562853 [TCP segment of a reassembled PDU]"
"72315","38.999079777","192.168.1.55","192.168.1.2","TCP","1514","8004  >  37024 [ACK] Seq=178294 Ack=141 Win=65024 Len=1448 TSval=2916043079 TSecr=3045562853 [TCP segment of a reassembled PDU]"
"72316","38.999081369","192.168.1.55","192.168.1.2","TCP","1514","8004  >  37024 [ACK] Seq=179742 Ack=141 Win=65024 Len=1448 TSval=2916043079 TSecr=3045562853 [TCP segment of a reassembled PDU]"
"72317","38.999082443","192.168.1.55","192.168.1.2","TCP","1514","8004  >  37024 [ACK] Seq=181190 Ack=141 Win=65024 Len=1448 TSval=2916043079 TSecr=3045562853 [TCP segment of a reassembled PDU]"
"72318","38.999083554","192.168.1.55","192.168.1.2","TCP","1514","8004  >  37024 [ACK] Seq=182638 Ack=141 Win=65024 Len=1448 TSval=2916043079 TSecr=3045562853 [TCP segment of a reassembled PDU]"
"72319","38.999084851","192.168.1.55","192.168.1.2","TCP","1514","8004  >  37024 [PSH, ACK] Seq=184086 Ack=141 Win=65024 Len=1448 TSval=2916043079 TSecr=3045562853 [TCP segment of a reassembled PDU]"
"72320","39.005473861","192.168.1.2","192.168.1.55","TCP","66","37024  >  8004 [ACK] Seq=141 Ack=105894 Win=86016 Len=0 TSval=3045562856 TSecr=2916043079"
"72321","39.005518287","192.168.1.55","192.168.1.2","TCP","1514","8004  >  37024 [ACK] Seq=185534 Ack=141 Win=65024 Len=1448 TSval=2916043086 TSecr=3045562856 [TCP segment of a reassembled PDU]"
"72322","39.005522454","192.168.1.55","192.168.1.2","TCP","1514","8004  >  37024 [ACK] Seq=186982 Ack=141 Win=65024 Len=1448 TSval=2916043086 TSecr=3045562856 [TCP segment of a reassembled PDU]"
"72323","39.005523565","192.168.1.55","192.168.1.2","TCP","1514","8004  >  37024 [ACK] Seq=188430 Ack=141 Win=65024 Len=1448 TSval=2916043086 TSecr=3045562856 [TCP segment of a reassembled PDU]"
"72324","39.005524657","192.168.1.55","192.168.1.2","TCP","1514","8004  >  37024 [PSH, ACK] Seq=189878 Ack=141 Win=65024 Len=1448 TSval=2916043086 TSecr=3045562856 [TCP segment of a reassembled PDU]"
"72325","39.005606769","192.168.1.2","192.168.1.55","TCP","66","37024  >  8004 [ACK] Seq=141 Ack=116030 Win=83968 Len=0 TSval=3045562860 TSecr=2916043079"
"72326","39.005621176","192.168.1.55","192.168.1.2","TCP","1514","8004  >  37024 [ACK] Seq=191326 Ack=141 Win=65024 Len=1448 TSval=2916043086 TSecr=3045562860 [TCP segment of a reassembled PDU]"
"72327","39.005622917","192.168.1.55","192.168.1.2","TCP","1514","8004  >  37024 [ACK] Seq=192774 Ack=141 Win=65024 Len=1448 TSval=2916043086 TSecr=3045562860 [TCP segment of a reassembled PDU]"
"72328","39.005624139","192.168.1.55","192.168.1.2","TCP","1514","8004  >  37024 [ACK] Seq=194222 Ack=141 Win=65024 Len=1448 TSval=2916043086 TSecr=3045562860 [TCP segment of a reassembled PDU]"
"72329","39.005625213","192.168.1.55","192.168.1.2","TCP","1514","8004  >  37024 [ACK] Seq=195670 Ack=141 Win=65024 Len=1448 TSval=2916043086 TSecr=3045562860 [TCP segment of a reassembled PDU]"
"72330","39.005626361","192.168.1.55","192.168.1.2","TCP","1514","8004  >  37024 [PSH, ACK] Seq=197118 Ack=141 Win=65024 Len=1448 TSval=2916043086 TSecr=3045562860 [TCP segment of a reassembled PDU]"
"72331","39.005630176","192.168.1.2","192.168.1.55","TCP","66","37024  >  8004 [ACK] Seq=141 Ack=137350 Win=63488 Len=0 TSval=3045562860 TSecr=2916043079"
"72332","39.005638065","192.168.1.2","192.168.1.55","TCP","66","37024  >  8004 [ACK] Seq=141 Ack=154726 Win=58368 Len=0 TSval=3045562860 TSecr=2916043079"
"72333","39.006063603","192.168.1.2","192.168.1.55","TCP","66","37024  >  8004 [ACK] Seq=141 Ack=176846 Win=74752 Len=0 TSval=3045562860 TSecr=2916043079"
"72334","39.006099566","192.168.1.55","192.168.1.2","TCP","1514","8004  >  37024 [ACK] Seq=198566 Ack=141 Win=65024 Len=1448 TSval=2916043086 TSecr=3045562860 [TCP segment of a reassembled PDU]"
"72335","39.006101603","192.168.1.55","192.168.1.2","TCP","1514","8004  >  37024 [ACK] Seq=200014 Ack=141 Win=65024 Len=1448 TSval=2916043086 TSecr=3045562860 [TCP segment of a reassembled PDU]"
"72336","39.006102751","192.168.1.55","192.168.1.2","TCP","1514","8004  >  37024 [ACK] Seq=201462 Ack=141 Win=65024 Len=1448 TSval=2916043086 TSecr=3045562860 [TCP segment of a reassembled PDU]"
"72337","39.006104269","192.168.1.55","192.168.1.2","TCP","1514","8004  >  37024 [ACK] Seq=202910 Ack=141 Win=65024 Len=1448 TSval=2916043086 TSecr=3045562860 [TCP segment of a reassembled PDU]"
"72338","39.006105621","192.168.1.55","192.168.1.2","TCP","1514","8004  >  37024 [ACK] Seq=204358 Ack=141 Win=65024 Len=1448 TSval=2916043086 TSecr=3045562860 [TCP segment of a reassembled PDU]"
"72339","39.006106769","192.168.1.55","192.168.1.2","TCP","1514","8004  >  37024 [ACK] Seq=205806 Ack=141 Win=65024 Len=1448 TSval=2916043086 TSecr=3045562860 [TCP segment of a reassembled PDU]"
"72340","39.006107844","192.168.1.55","192.168.1.2","TCP","1514","8004  >  37024 [ACK] Seq=207254 Ack=141 Win=65024 Len=1448 TSval=2916043086 TSecr=3045562860 [TCP segment of a reassembled PDU]"
"72341","39.006108918","192.168.1.55","192.168.1.2","TCP","1514","8004  >  37024 [ACK] Seq=208702 Ack=141 Win=65024 Len=1448 TSval=2916043086 TSecr=3045562860 [TCP segment of a reassembled PDU]"
"72342","39.006110084","192.168.1.55","192.168.1.2","TCP","1514","8004  >  37024 [ACK] Seq=210150 Ack=141 Win=65024 Len=1448 TSval=2916043086 TSecr=3045562860 [TCP segment of a reassembled PDU]"
"72343","39.006111269","192.168.1.55","192.168.1.2","TCP","1514","8004  >  37024 [ACK] Seq=211598 Ack=141 Win=65024 Len=1448 TSval=2916043086 TSecr=3045562860 [TCP segment of a reassembled PDU]"
"72344","39.006112473","192.168.1.55","192.168.1.2","TCP","1514","8004  >  37024 [ACK] Seq=213046 Ack=141 Win=65024 Len=1448 TSval=2916043086 TSecr=3045562860 [TCP segment of a reassembled PDU]"
"72345","39.006113695","192.168.1.55","192.168.1.2","TCP","1514","8004  >  37024 [ACK] Seq=214494 Ack=141 Win=65024 Len=1448 TSval=2916043086 TSecr=3045562860 [TCP segment of a reassembled PDU]"
"72346","39.006114955","192.168.1.55","192.168.1.2","TCP","1514","8004  >  37024 [ACK] Seq=215942 Ack=141 Win=65024 Len=1448 TSval=2916043086 TSecr=3045562860 [TCP segment of a reassembled PDU]"
"72347","39.006116066","192.168.1.55","192.168.1.2","TCP","1514","8004  >  37024 [ACK] Seq=217390 Ack=141 Win=65024 Len=1448 TSval=2916043086 TSecr=3045562860 [TCP segment of a reassembled PDU]"
"72348","39.006117269","192.168.1.55","192.168.1.2","TCP","1514","8004  >  37024 [ACK] Seq=218838 Ack=141 Win=65024 Len=1448 TSval=2916043086 TSecr=3045562860 [TCP segment of a reassembled PDU]"
"72349","39.006118436","192.168.1.55","192.168.1.2","TCP","1514","8004  >  37024 [ACK] Seq=220286 Ack=141 Win=65024 Len=1448 TSval=2916043086 TSecr=3045562860 [TCP segment of a reassembled PDU]"
"72350","39.006119695","192.168.1.55","192.168.1.2","TCP","1514","8004  >  37024 [ACK] Seq=221734 Ack=141 Win=65024 Len=1448 TSval=2916043086 TSecr=3045562860 [TCP segment of a reassembled PDU]"
"72351","39.006121010","192.168.1.55","192.168.1.2","TCP","1514","8004  >  37024 [ACK] Seq=223182 Ack=141 Win=65024 Len=1448 TSval=2916043086 TSecr=3045562860 [TCP segment of a reassembled PDU]"
"72352","39.006122084","192.168.1.55","192.168.1.2","TCP","1514","8004  >  37024 [ACK] Seq=224630 Ack=141 Win=65024 Len=1448 TSval=2916043086 TSecr=3045562860 [TCP segment of a reassembled PDU]"
"72353","39.006123307","192.168.1.55","192.168.1.2","TCP","1514","8004  >  37024 [ACK] Seq=226078 Ack=141 Win=65024 Len=1448 TSval=2916043086 TSecr=3045562860 [TCP segment of a reassembled PDU]"
"72354","39.006124584","192.168.1.55","192.168.1.2","TCP","1514","8004  >  37024 [ACK] Seq=227526 Ack=141 Win=65024 Len=1448 TSval=2916043086 TSecr=3045562860 [TCP segment of a reassembled PDU]"
"72355","39.006125807","192.168.1.55","192.168.1.2","TCP","1514","8004  >  37024 [ACK] Seq=228974 Ack=141 Win=65024 Len=1448 TSval=2916043086 TSecr=3045562860 [TCP segment of a reassembled PDU]"
"72356","39.006126992","192.168.1.55","192.168.1.2","TCP","1514","8004  >  37024 [ACK] Seq=230422 Ack=141 Win=65024 Len=1448 TSval=2916043086 TSecr=3045562860 [TCP segment of a reassembled PDU]"
"72357","39.006128121","192.168.1.55","192.168.1.2","TCP","1514","8004  >  37024 [ACK] Seq=231870 Ack=141 Win=65024 Len=1448 TSval=2916043086 TSecr=3045562860 [TCP segment of a reassembled PDU]"
"72358","39.006129270","192.168.1.55","192.168.1.2","TCP","1514","8004  >  37024 [ACK] Seq=233318 Ack=141 Win=65024 Len=1448 TSval=2916043086 TSecr=3045562860 [TCP segment of a reassembled PDU]"
"72359","39.006130455","192.168.1.55","192.168.1.2","TCP","1514","8004  >  37024 [ACK] Seq=234766 Ack=141 Win=65024 Len=1448 TSval=2916043086 TSecr=3045562860 [TCP segment of a reassembled PDU]"
"72360","39.006131825","192.168.1.55","192.168.1.2","TCP","1514","8004  >  37024 [ACK] Seq=236214 Ack=141 Win=65024 Len=1448 TSval=2916043086 TSecr=3045562860 [TCP segment of a reassembled PDU]"
"72361","39.006133344","192.168.1.55","192.168.1.2","TCP","1514","8004  >  37024 [ACK] Seq=237662 Ack=141 Win=65024 Len=1448 TSval=2916043086 TSecr=3045562860 [TCP segment of a reassembled PDU]"
"72362","39.006134825","192.168.1.55","192.168.1.2","TCP","1514","8004  >  37024 [ACK] Seq=239110 Ack=141 Win=65024 Len=1448 TSval=2916043086 TSecr=3045562860 [TCP segment of a reassembled PDU]"
"72363","39.006136047","192.168.1.55","192.168.1.2","TCP","1514","8004  >  37024 [PSH, ACK] Seq=240558 Ack=141 Win=65024 Len=1448 TSval=2916043086 TSecr=3045562860 [TCP segment of a reassembled PDU]"
"72364","39.006140658","192.168.1.2","192.168.1.55","TCP","66","37024  >  8004 [ACK] Seq=141 Ack=185534 Win=83968 Len=0 TSval=3045562860 TSecr=2916043079"
"72365","39.006175325","192.168.1.55","192.168.1.2","TCP","1514","8004  >  37024 [ACK] Seq=242006 Ack=141 Win=65024 Len=1448 TSval=2916043086 TSecr=3045562860 [TCP segment of a reassembled PDU]"
"72366","39.006178270","192.168.1.55","192.168.1.2","TCP","1514","8004  >  37024 [ACK] Seq=243454 Ack=141 Win=65024 Len=1448 TSval=2916043086 TSecr=3045562860 [TCP segment of a reassembled PDU]"
"72367","39.006179455","192.168.1.55","192.168.1.2","TCP","1514","8004  >  37024 [ACK] Seq=244902 Ack=141 Win=65024 Len=1448 TSval=2916043086 TSecr=3045562860 [TCP segment of a reassembled PDU]"
"72368","39.006180547","192.168.1.55","192.168.1.2","TCP","1514","8004  >  37024 [ACK] Seq=246350 Ack=141 Win=65024 Len=1448 TSval=2916043086 TSecr=3045562860 [TCP segment of a reassembled PDU]"
"72369","39.006182066","192.168.1.55","192.168.1.2","TCP","1514","8004  >  37024 [ACK] Seq=247798 Ack=141 Win=65024 Len=1448 TSval=2916043086 TSecr=3045562860 [TCP segment of a reassembled PDU]"
"72370","39.006183233","192.168.1.55","192.168.1.2","TCP","1514","8004  >  37024 [ACK] Seq=249246 Ack=141 Win=65024 Len=1448 TSval=2916043086 TSecr=3045562860 [TCP segment of a reassembled PDU]"
"72371","39.006184307","192.168.1.55","192.168.1.2","TCP","1514","8004  >  37024 [ACK] Seq=250694 Ack=141 Win=65024 Len=1448 TSval=2916043086 TSecr=3045562860 [TCP segment of a reassembled PDU]"
"72372","39.006185510","192.168.1.55","192.168.1.2","TCP","1514","8004  >  37024 [ACK] Seq=252142 Ack=141 Win=65024 Len=1448 TSval=2916043086 TSecr=3045562860 [TCP segment of a reassembled PDU]"
"72373","39.006186696","192.168.1.55","192.168.1.2","TCP","1514","8004  >  37024 [ACK] Seq=253590 Ack=141 Win=65024 Len=1448 TSval=2916043086 TSecr=3045562860 [TCP segment of a reassembled PDU]"
"72374","39.006188047","192.168.1.55","192.168.1.2","TCP","1514","8004  >  37024 [ACK] Seq=255038 Ack=141 Win=65024 Len=1448 TSval=2916043086 TSecr=3045562860 [TCP segment of a reassembled PDU]"
"72375","39.006189584","192.168.1.55","192.168.1.2","TCP","1514","8004  >  37024 [ACK] Seq=256486 Ack=141 Win=65024 Len=1448 TSval=2916043086 TSecr=3045562860 [TCP segment of a reassembled PDU]"
"72376","39.006190677","192.168.1.55","192.168.1.2","TCP","1514","8004  >  37024 [ACK] Seq=257934 Ack=141 Win=65024 Len=1448 TSval=2916043086 TSecr=3045562860 [TCP segment of a reassembled PDU]"
"72377","39.006192325","192.168.1.55","192.168.1.2","TCP","1514","8004  >  37024 [ACK] Seq=259382 Ack=141 Win=65024 Len=1448 TSval=2916043086 TSecr=3045562860 [TCP segment of a reassembled PDU]"
"72378","39.006193659","192.168.1.55","192.168.1.2","TCP","1514","8004  >  37024 [ACK] Seq=260830 Ack=141 Win=65024 Len=1448 TSval=2916043086 TSecr=3045562860 [TCP segment of a reassembled PDU]"
"72379","39.006194751","192.168.1.55","192.168.1.2","TCP","1514","8004  >  37024 [ACK] Seq=262278 Ack=141 Win=65024 Len=1448 TSval=2916043086 TSecr=3045562860 [TCP segment of a reassembled PDU]"
"72380","39.006196103","192.168.1.55","192.168.1.2","TCP","1514","8004  >  37024 [ACK] Seq=263726 Ack=141 Win=65024 Len=1448 TSval=2916043086 TSecr=3045562860 [TCP segment of a reassembled PDU]"
"72381","39.006197473","192.168.1.55","192.168.1.2","TCP","1514","8004  >  37024 [ACK] Seq=265174 Ack=141 Win=65024 Len=1448 TSval=2916043086 TSecr=3045562860 [TCP segment of a reassembled PDU]"
"72382","39.006198603","192.168.1.55","192.168.1.2","TCP","1514","8004  >  37024 [ACK] Seq=266622 Ack=141 Win=65024 Len=1448 TSval=2916043086 TSecr=3045562860 [TCP segment of a reassembled PDU]"
"72383","39.006199714","192.168.1.55","192.168.1.2","TCP","1498","[TCP Window Full] 8004  >  37024 [PSH, ACK] Seq=268070 Ack=141 Win=65024 Len=1432 TSval=2916043086 TSecr=3045562860 [TCP segment of a reassembled PDU]"
"72384","39.012814484","192.168.1.2","192.168.1.55","TCP","66","37024  >  8004 [ACK] Seq=141 Ack=191326 Win=88064 Len=0 TSval=3045562863 TSecr=2916043086"
"72385","39.012852466","192.168.1.55","192.168.1.2","TCP","1514","8004  >  37024 [ACK] Seq=269502 Ack=141 Win=65024 Len=1448 TSval=2916043093 TSecr=3045562863 [TCP segment of a reassembled PDU]"
"72386","39.012859114","192.168.1.55","192.168.1.2","TCP","1514","8004  >  37024 [ACK] Seq=270950 Ack=141 Win=65024 Len=1448 TSval=2916043093 TSecr=3045562863 [TCP segment of a reassembled PDU]"
"72387","39.012861725","192.168.1.55","192.168.1.2","TCP","1514","8004  >  37024 [ACK] Seq=272398 Ack=141 Win=65024 Len=1448 TSval=2916043093 TSecr=3045562863 [TCP segment of a reassembled PDU]"
"72388","39.012863762","192.168.1.55","192.168.1.2","TCP","1514","8004  >  37024 [ACK] Seq=273846 Ack=141 Win=65024 Len=1448 TSval=2916043093 TSecr=3045562863 [TCP segment of a reassembled PDU]"
"72389","39.012865743","192.168.1.55","192.168.1.2","TCP","1514","8004  >  37024 [ACK] Seq=275294 Ack=141 Win=65024 Len=1448 TSval=2916043093 TSecr=3045562863 [TCP segment of a reassembled PDU]"
"72390","39.012867521","192.168.1.55","192.168.1.2","TCP","1514","8004  >  37024 [PSH, ACK] Seq=276742 Ack=141 Win=65024 Len=1448 TSval=2916043093 TSecr=3045562863 [TCP segment of a reassembled PDU]"
"72391","39.012917095","192.168.1.2","192.168.1.55","TCP","66","37024  >  8004 [ACK] Seq=141 Ack=197118 Win=94208 Len=0 TSval=3045562863 TSecr=2916043086"
"72392","39.012936466","192.168.1.55","192.168.1.2","TCP","1514","8004  >  37024 [ACK] Seq=278190 Ack=141 Win=65024 Len=1448 TSval=2916043093 TSecr=3045562863 [TCP segment of a reassembled PDU]"
"72393","39.012939984","192.168.1.55","192.168.1.2","TCP","1514","8004  >  37024 [ACK] Seq=279638 Ack=141 Win=65024 Len=1448 TSval=2916043093 TSecr=3045562863 [TCP segment of a reassembled PDU]"
"72394","39.012942114","192.168.1.55","192.168.1.2","TCP","1514","8004  >  37024 [ACK] Seq=281086 Ack=141 Win=65024 Len=1448 TSval=2916043093 TSecr=3045562863 [TCP segment of a reassembled PDU]"
"72395","39.012943336","192.168.1.55","192.168.1.2","TCP","1514","8004  >  37024 [ACK] Seq=282534 Ack=141 Win=65024 Len=1448 TSval=2916043093 TSecr=3045562863 [TCP segment of a reassembled PDU]"
"72396","39.012944947","192.168.1.55","192.168.1.2","TCP","1514","8004  >  37024 [PSH, ACK] Seq=283982 Ack=141 Win=65024 Len=1448 TSval=2916043093 TSecr=3045562863 [TCP segment of a reassembled PDU]"
"72397","39.012951836","192.168.1.55","192.168.1.2","TCP","82","8004  >  37024 [ACK] Seq=285430 Ack=141 Win=65024 Len=16 TSval=2916043093 TSecr=3045562863 [TCP segment of a reassembled PDU]"
"72398","39.014181134","192.168.1.2","192.168.1.55","TCP","66","37024  >  8004 [ACK] Seq=141 Ack=198566 Win=97280 Len=0 TSval=3045562867 TSecr=2916043086"
"72399","39.014195709","192.168.1.55","192.168.1.2","TCP","1514","8004  >  37024 [ACK] Seq=285446 Ack=141 Win=65024 Len=1448 TSval=2916043094 TSecr=3045562867 [TCP segment of a reassembled PDU]"
"72400","39.014197746","192.168.1.55","192.168.1.2","TCP","1514","8004  >  37024 [ACK] Seq=286894 Ack=141 Win=65024 Len=1448 TSval=2916043094 TSecr=3045562867 [TCP segment of a reassembled PDU]"
"72401","39.014198875","192.168.1.55","192.168.1.2","TCP","1514","8004  >  37024 [ACK] Seq=288342 Ack=141 Win=65024 Len=1448 TSval=2916043094 TSecr=3045562867 [TCP segment of a reassembled PDU]"
"72402","39.014199894","192.168.1.55","192.168.1.2","TCP","1514","8004  >  37024 [ACK] Seq=289790 Ack=141 Win=65024 Len=1448 TSval=2916043094 TSecr=3045562867 [TCP segment of a reassembled PDU]"
"72403","39.014200820","192.168.1.55","192.168.1.2","TCP","1514","8004  >  37024 [ACK] Seq=291238 Ack=141 Win=65024 Len=1448 TSval=2916043094 TSecr=3045562867 [TCP segment of a reassembled PDU]"
"72404","39.014210783","192.168.1.55","192.168.1.2","TCP","1514","8004  >  37024 [ACK] Seq=292686 Ack=141 Win=65024 Len=1448 TSval=2916043094 TSecr=3045562867 [TCP segment of a reassembled PDU]"
"72405","39.014212727","192.168.1.55","192.168.1.2","TCP","1514","8004  >  37024 [PSH, ACK] Seq=294134 Ack=141 Win=65024 Len=1448 TSval=2916043094 TSecr=3045562867 [TCP segment of a reassembled PDU]"
"72406","39.014594635","192.168.1.2","192.168.1.55","TCP","66","37024  >  8004 [ACK] Seq=141 Ack=242006 Win=97280 Len=0 TSval=3045562867 TSecr=2916043086"
"72407","39.014638820","192.168.1.55","192.168.1.2","TCP","1514","8004  >  37024 [ACK] Seq=295582 Ack=141 Win=65024 Len=1448 TSval=2916043095 TSecr=3045562867 [TCP segment of a reassembled PDU]"
"72408","39.014643857","192.168.1.55","192.168.1.2","TCP","1514","8004  >  37024 [ACK] Seq=297030 Ack=141 Win=65024 Len=1448 TSval=2916043095 TSecr=3045562867 [TCP segment of a reassembled PDU]"
"72409","39.014645598","192.168.1.55","192.168.1.2","TCP","1514","8004  >  37024 [ACK] Seq=298478 Ack=141 Win=65024 Len=1448 TSval=2916043095 TSecr=3045562867 [TCP segment of a reassembled PDU]"
"72410","39.014647209","192.168.1.55","192.168.1.2","TCP","1514","8004  >  37024 [ACK] Seq=299926 Ack=141 Win=65024 Len=1448 TSval=2916043095 TSecr=3045562867 [TCP segment of a reassembled PDU]"
"72411","39.014648135","192.168.1.55","192.168.1.2","TCP","1514","8004  >  37024 [ACK] Seq=301374 Ack=141 Win=65024 Len=1448 TSval=2916043095 TSecr=3045562867 [TCP segment of a reassembled PDU]"
"72412","39.014649117","192.168.1.55","192.168.1.2","TCP","1514","8004  >  37024 [ACK] Seq=302822 Ack=141 Win=65024 Len=1448 TSval=2916043095 TSecr=3045562867 [TCP segment of a reassembled PDU]"
"72413","39.014650783","192.168.1.55","192.168.1.2","TCP","1514","8004  >  37024 [ACK] Seq=304270 Ack=141 Win=65024 Len=1448 TSval=2916043095 TSecr=3045562867 [TCP segment of a reassembled PDU]"
"72414","39.014652135","192.168.1.55","192.168.1.2","TCP","1514","8004  >  37024 [ACK] Seq=305718 Ack=141 Win=65024 Len=1448 TSval=2916043095 TSecr=3045562867 [TCP segment of a reassembled PDU]"
"72415","39.014653320","192.168.1.55","192.168.1.2","TCP","1514","8004  >  37024 [ACK] Seq=307166 Ack=141 Win=65024 Len=1448 TSval=2916043095 TSecr=3045562867 [TCP segment of a reassembled PDU]"
"72416","39.014654524","192.168.1.55","192.168.1.2","TCP","1514","8004  >  37024 [ACK] Seq=308614 Ack=141 Win=65024 Len=1448 TSval=2916043095 TSecr=3045562867 [TCP segment of a reassembled PDU]"
"72417","39.014655672","192.168.1.55","192.168.1.2","TCP","1514","8004  >  37024 [ACK] Seq=310062 Ack=141 Win=65024 Len=1448 TSval=2916043095 TSecr=3045562867 [TCP segment of a reassembled PDU]"
"72418","39.014657339","192.168.1.55","192.168.1.2","TCP","1514","8004  >  37024 [ACK] Seq=311510 Ack=141 Win=65024 Len=1448 TSval=2916043095 TSecr=3045562867 [TCP segment of a reassembled PDU]"
"72419","39.014658783","192.168.1.55","192.168.1.2","TCP","1514","8004  >  37024 [ACK] Seq=312958 Ack=141 Win=65024 Len=1448 TSval=2916043095 TSecr=3045562867 [TCP segment of a reassembled PDU]"
"72420","39.014660228","192.168.1.55","192.168.1.2","TCP","1514","8004  >  37024 [ACK] Seq=314406 Ack=141 Win=65024 Len=1448 TSval=2916043095 TSecr=3045562867 [TCP segment of a reassembled PDU]"
"72421","39.014661357","192.168.1.55","192.168.1.2","TCP","1514","8004  >  37024 [ACK] Seq=315854 Ack=141 Win=65024 Len=1448 TSval=2916043095 TSecr=3045562867 [TCP segment of a reassembled PDU]"
"72422","39.014663191","192.168.1.55","192.168.1.2","TCP","1514","8004  >  37024 [ACK] Seq=317302 Ack=141 Win=65024 Len=1448 TSval=2916043095 TSecr=3045562867 [TCP segment of a reassembled PDU]"
"72423","39.014664709","192.168.1.55","192.168.1.2","TCP","1514","8004  >  37024 [ACK] Seq=318750 Ack=141 Win=65024 Len=1448 TSval=2916043095 TSecr=3045562867 [TCP segment of a reassembled PDU]"
"72424","39.014666246","192.168.1.55","192.168.1.2","TCP","1514","8004  >  37024 [ACK] Seq=320198 Ack=141 Win=65024 Len=1448 TSval=2916043095 TSecr=3045562867 [TCP segment of a reassembled PDU]"
"72425","39.014668802","192.168.1.55","192.168.1.2","TCP","1514","8004  >  37024 [ACK] Seq=321646 Ack=141 Win=65024 Len=1448 TSval=2916043095 TSecr=3045562867 [TCP segment of a reassembled PDU]"
"72426","39.014670469","192.168.1.55","192.168.1.2","TCP","1514","8004  >  37024 [ACK] Seq=323094 Ack=141 Win=65024 Len=1448 TSval=2916043095 TSecr=3045562867 [TCP segment of a reassembled PDU]"
"72427","39.014671783","192.168.1.55","192.168.1.2","TCP","1514","8004  >  37024 [ACK] Seq=324542 Ack=141 Win=65024 Len=1448 TSval=2916043095 TSecr=3045562867 [TCP segment of a reassembled PDU]"
"72428","39.014673783","192.168.1.55","192.168.1.2","TCP","1514","8004  >  37024 [ACK] Seq=325990 Ack=141 Win=65024 Len=1448 TSval=2916043095 TSecr=3045562867 [TCP segment of a reassembled PDU]"
"72429","39.014675024","192.168.1.55","192.168.1.2","TCP","1514","8004  >  37024 [PSH, ACK] Seq=327438 Ack=141 Win=65024 Len=1448 TSval=2916043095 TSecr=3045562867 [TCP segment of a reassembled PDU]"
"72430","39.014684487","192.168.1.2","192.168.1.55","TCP","66","37024  >  8004 [ACK] Seq=141 Ack=266622 Win=81920 Len=0 TSval=3045562867 TSecr=2916043086"
"72431","39.014696839","192.168.1.2","192.168.1.55","TCP","66","37024  >  8004 [ACK] Seq=141 Ack=268070 Win=100352 Len=0 TSval=3045562868 TSecr=2916043086"
"72432","39.014801006","192.168.1.55","192.168.1.2","TCP","1514","8004  >  37024 [ACK] Seq=328886 Ack=141 Win=65024 Len=1448 TSval=2916043095 TSecr=3045562868 [TCP segment of a reassembled PDU]"
"72433","39.014806598","192.168.1.55","192.168.1.2","TCP","1514","8004  >  37024 [ACK] Seq=330334 Ack=141 Win=65024 Len=1448 TSval=2916043095 TSecr=3045562868 [TCP segment of a reassembled PDU]"
"72434","39.014809154","192.168.1.55","192.168.1.2","TCP","1514","8004  >  37024 [ACK] Seq=331782 Ack=141 Win=65024 Len=1448 TSval=2916043095 TSecr=3045562868 [TCP segment of a reassembled PDU]"
"72435","39.014811580","192.168.1.55","192.168.1.2","TCP","1514","8004  >  37024 [ACK] Seq=333230 Ack=141 Win=65024 Len=1448 TSval=2916043095 TSecr=3045562868 [TCP segment of a reassembled PDU]"
"72436","39.014812987","192.168.1.55","192.168.1.2","TCP","1514","8004  >  37024 [ACK] Seq=334678 Ack=141 Win=65024 Len=1448 TSval=2916043095 TSecr=3045562868 [TCP segment of a reassembled PDU]"
"72437","39.014816506","192.168.1.55","192.168.1.2","TCP","1514","8004  >  37024 [ACK] Seq=336126 Ack=141 Win=65024 Len=1448 TSval=2916043095 TSecr=3045562868 [TCP segment of a reassembled PDU]"
"72438","39.014817950","192.168.1.55","192.168.1.2","TCP","1514","8004  >  37024 [ACK] Seq=337574 Ack=141 Win=65024 Len=1448 TSval=2916043095 TSecr=3045562868 [TCP segment of a reassembled PDU]"
"72439","39.014819654","192.168.1.55","192.168.1.2","TCP","1514","8004  >  37024 [ACK] Seq=339022 Ack=141 Win=65024 Len=1448 TSval=2916043095 TSecr=3045562868 [TCP segment of a reassembled PDU]"
"72440","39.014822117","192.168.1.55","192.168.1.2","TCP","1514","8004  >  37024 [ACK] Seq=340470 Ack=141 Win=65024 Len=1448 TSval=2916043095 TSecr=3045562868 [TCP segment of a reassembled PDU]"
"72441","39.014824710","192.168.1.55","192.168.1.2","TCP","1514","8004  >  37024 [ACK] Seq=341918 Ack=141 Win=65024 Len=1448 TSval=2916043095 TSecr=3045562868 [TCP segment of a reassembled PDU]"
"72442","39.014829450","192.168.1.55","192.168.1.2","TCP","1514","8004  >  37024 [ACK] Seq=343366 Ack=141 Win=65024 Len=1448 TSval=2916043095 TSecr=3045562868 [TCP segment of a reassembled PDU]"
"72443","39.014831543","192.168.1.55","192.168.1.2","TCP","1514","8004  >  37024 [ACK] Seq=344814 Ack=141 Win=65024 Len=1448 TSval=2916043095 TSecr=3045562868 [TCP segment of a reassembled PDU]"
"72444","39.014833858","192.168.1.55","192.168.1.2","TCP","1514","8004  >  37024 [ACK] Seq=346262 Ack=141 Win=65024 Len=1448 TSval=2916043095 TSecr=3045562868 [TCP segment of a reassembled PDU]"
"72445","39.014835210","192.168.1.55","192.168.1.2","TCP","1514","8004  >  37024 [ACK] Seq=347710 Ack=141 Win=65024 Len=1448 TSval=2916043095 TSecr=3045562868 [TCP segment of a reassembled PDU]"
"72446","39.014836802","192.168.1.55","192.168.1.2","TCP","1514","8004  >  37024 [ACK] Seq=349158 Ack=141 Win=65024 Len=1448 TSval=2916043095 TSecr=3045562868 [TCP segment of a reassembled PDU]"
"72447","39.014838487","192.168.1.55","192.168.1.2","TCP","1514","8004  >  37024 [ACK] Seq=350606 Ack=141 Win=65024 Len=1448 TSval=2916043095 TSecr=3045562868 [TCP segment of a reassembled PDU]"
"72448","39.014841061","192.168.1.55","192.168.1.2","TCP","1514","8004  >  37024 [ACK] Seq=352054 Ack=141 Win=65024 Len=1448 TSval=2916043095 TSecr=3045562868 [TCP segment of a reassembled PDU]"
"72449","39.014844469","192.168.1.55","192.168.1.2","TCP","1514","8004  >  37024 [ACK] Seq=353502 Ack=141 Win=65024 Len=1448 TSval=2916043095 TSecr=3045562868 [TCP segment of a reassembled PDU]"
"72450","39.014846580","192.168.1.55","192.168.1.2","TCP","1514","8004  >  37024 [ACK] Seq=354950 Ack=141 Win=65024 Len=1448 TSval=2916043095 TSecr=3045562868 [TCP segment of a reassembled PDU]"
"72451","39.014849136","192.168.1.55","192.168.1.2","TCP","1514","8004  >  37024 [ACK] Seq=356398 Ack=141 Win=65024 Len=1448 TSval=2916043095 TSecr=3045562868 [TCP segment of a reassembled PDU]"
"72452","39.014851673","192.168.1.55","192.168.1.2","TCP","1514","8004  >  37024 [ACK] Seq=357846 Ack=141 Win=65024 Len=1448 TSval=2916043095 TSecr=3045562868 [TCP segment of a reassembled PDU]"
"72453","39.014853524","192.168.1.55","192.168.1.2","TCP","1514","8004  >  37024 [ACK] Seq=359294 Ack=141 Win=65024 Len=1448 TSval=2916043095 TSecr=3045562868 [TCP segment of a reassembled PDU]"
"72454","39.014856395","192.168.1.55","192.168.1.2","TCP","1514","8004  >  37024 [ACK] Seq=360742 Ack=141 Win=65024 Len=1448 TSval=2916043095 TSecr=3045562868 [TCP segment of a reassembled PDU]"
"72455","39.014859506","192.168.1.55","192.168.1.2","TCP","1514","8004  >  37024 [ACK] Seq=362190 Ack=141 Win=65024 Len=1448 TSval=2916043095 TSecr=3045562868 [TCP segment of a reassembled PDU]"
"72456","39.014861673","192.168.1.55","192.168.1.2","TCP","1514","8004  >  37024 [ACK] Seq=363638 Ack=141 Win=65024 Len=1448 TSval=2916043095 TSecr=3045562868 [TCP segment of a reassembled PDU]"
"72457","39.014863913","192.168.1.55","192.168.1.2","TCP","1514","8004  >  37024 [ACK] Seq=365086 Ack=141 Win=65024 Len=1448 TSval=2916043095 TSecr=3045562868 [TCP segment of a reassembled PDU]"
"72458","39.014867358","192.168.1.55","192.168.1.2","TCP","1514","8004  >  37024 [PSH, ACK] Seq=366534 Ack=141 Win=65024 Len=1448 TSval=2916043095 TSecr=3045562868 [TCP segment of a reassembled PDU]"
"72459","39.014879117","192.168.1.2","192.168.1.55","TCP","66","37024  >  8004 [ACK] Seq=141 Ack=269502 Win=102400 Len=0 TSval=3045562868 TSecr=2916043086"
"72460","39.014925450","192.168.1.55","192.168.1.2","TCP","1514","8004  >  37024 [ACK] Seq=367982 Ack=141 Win=65024 Len=1448 TSval=2916043095 TSecr=3045562868 [TCP segment of a reassembled PDU]"
"72461","39.014930080","192.168.1.55","192.168.1.2","TCP","1514","8004  >  37024 [PSH, ACK] Seq=369430 Ack=141 Win=65024 Len=1448 TSval=2916043095 TSecr=3045562868 [TCP segment of a reassembled PDU]"
"72462","39.018919068","192.168.1.2","192.168.1.55","TCP","66","37024  >  8004 [ACK] Seq=141 Ack=278190 Win=119808 Len=0 TSval=3045562871 TSecr=2916043093"
"72463","39.018940642","192.168.1.55","192.168.1.2","TCP","1514","8004  >  37024 [ACK] Seq=370878 Ack=141 Win=65024 Len=1448 TSval=2916043099 TSecr=3045562871 [TCP segment of a reassembled PDU]"
"72464","39.018944087","192.168.1.55","192.168.1.2","TCP","1514","8004  >  37024 [ACK] Seq=372326 Ack=141 Win=65024 Len=1448 TSval=2916043099 TSecr=3045562871 [TCP segment of a reassembled PDU]"
"72465","39.018945124","192.168.1.55","192.168.1.2","TCP","1514","8004  >  37024 [PSH, ACK] Seq=373774 Ack=141 Win=65024 Len=1448 TSval=2916043099 TSecr=3045562871 [TCP segment of a reassembled PDU]"
"72466","39.019160883","192.168.1.2","192.168.1.55","TCP","66","37024  >  8004 [ACK] Seq=141 Ack=285430 Win=132096 Len=0 TSval=3045562871 TSecr=2916043093"
"72467","39.019166106","192.168.1.2","192.168.1.55","TCP","66","37024  >  8004 [ACK] Seq=141 Ack=285446 Win=132096 Len=0 TSval=3045562871 TSecr=2916043093"
"72468","39.021350887","192.168.1.2","192.168.1.55","TCP","66","37024  >  8004 [ACK] Seq=141 Ack=294134 Win=137216 Len=0 TSval=3045562873 TSecr=2916043094"
"72469","39.021398405","192.168.1.55","192.168.1.2","TCP","1514","8004  >  37024 [ACK] Seq=375222 Ack=141 Win=65024 Len=1448 TSval=2916043102 TSecr=3045562873 [TCP segment of a reassembled PDU]"
"72470","39.021401424","192.168.1.55","192.168.1.2","TCP","1514","8004  >  37024 [ACK] Seq=376670 Ack=141 Win=65024 Len=1448 TSval=2916043102 TSecr=3045562873 [TCP segment of a reassembled PDU]"
"72471","39.021402443","192.168.1.55","192.168.1.2","TCP","1514","8004  >  37024 [ACK] Seq=378118 Ack=141 Win=65024 Len=1448 TSval=2916043102 TSecr=3045562873 [TCP segment of a reassembled PDU]"
"72472","39.021403572","192.168.1.55","192.168.1.2","TCP","1514","8004  >  37024 [ACK] Seq=379566 Ack=141 Win=65024 Len=1448 TSval=2916043102 TSecr=3045562873 [TCP segment of a reassembled PDU]"
"72473","39.021404591","192.168.1.55","192.168.1.2","TCP","1514","8004  >  37024 [ACK] Seq=381014 Ack=141 Win=65024 Len=1448 TSval=2916043102 TSecr=3045562873 [TCP segment of a reassembled PDU]"
"72474","39.021405554","192.168.1.55","192.168.1.2","TCP","1514","8004  >  37024 [ACK] Seq=382462 Ack=141 Win=65024 Len=1448 TSval=2916043102 TSecr=3045562873 [TCP segment of a reassembled PDU]"
"72475","39.021407443","192.168.1.55","192.168.1.2","TCP","1514","8004  >  37024 [ACK] Seq=383910 Ack=141 Win=65024 Len=1448 TSval=2916043102 TSecr=3045562873 [TCP segment of a reassembled PDU]"
"72476","39.021409350","192.168.1.55","192.168.1.2","TCP","1514","8004  >  37024 [ACK] Seq=385358 Ack=141 Win=65024 Len=1448 TSval=2916043102 TSecr=3045562873 [TCP segment of a reassembled PDU]"
"72477","39.021410498","192.168.1.55","192.168.1.2","TCP","1514","8004  >  37024 [ACK] Seq=386806 Ack=141 Win=65024 Len=1448 TSval=2916043102 TSecr=3045562873 [TCP segment of a reassembled PDU]"
"72478","39.021411480","192.168.1.55","192.168.1.2","TCP","1514","8004  >  37024 [ACK] Seq=388254 Ack=141 Win=65024 Len=1448 TSval=2916043102 TSecr=3045562873 [TCP segment of a reassembled PDU]"
"72479","39.021412961","192.168.1.55","192.168.1.2","TCP","1514","8004  >  37024 [ACK] Seq=389702 Ack=141 Win=65024 Len=1448 TSval=2916043102 TSecr=3045562873 [TCP segment of a reassembled PDU]"
"72480","39.021414480","192.168.1.55","192.168.1.2","TCP","1514","8004  >  37024 [ACK] Seq=391150 Ack=141 Win=65024 Len=1448 TSval=2916043102 TSecr=3045562873 [TCP segment of a reassembled PDU]"
"72481","39.021415554","192.168.1.55","192.168.1.2","TCP","1514","8004  >  37024 [ACK] Seq=392598 Ack=141 Win=65024 Len=1448 TSval=2916043102 TSecr=3045562873 [TCP segment of a reassembled PDU]"
"72482","39.021417294","192.168.1.55","192.168.1.2","TCP","1514","8004  >  37024 [ACK] Seq=394046 Ack=141 Win=65024 Len=1448 TSval=2916043102 TSecr=3045562873 [TCP segment of a reassembled PDU]"
"72483","39.021418368","192.168.1.55","192.168.1.2","TCP","1514","8004  >  37024 [ACK] Seq=395494 Ack=141 Win=65024 Len=1448 TSval=2916043102 TSecr=3045562873 [TCP segment of a reassembled PDU]"
"72484","39.021419480","192.168.1.55","192.168.1.2","TCP","1514","8004  >  37024 [ACK] Seq=396942 Ack=141 Win=65024 Len=1448 TSval=2916043102 TSecr=3045562873 [TCP segment of a reassembled PDU]"
"72485","39.021420998","192.168.1.55","192.168.1.2","TCP","1514","8004  >  37024 [ACK] Seq=398390 Ack=141 Win=65024 Len=1448 TSval=2916043102 TSecr=3045562873 [TCP segment of a reassembled PDU]"
"72486","39.021422498","192.168.1.55","192.168.1.2","TCP","1514","8004  >  37024 [ACK] Seq=399838 Ack=141 Win=65024 Len=1448 TSval=2916043102 TSecr=3045562873 [TCP segment of a reassembled PDU]"
"72487","39.021424443","192.168.1.55","192.168.1.2","TCP","1514","8004  >  37024 [ACK] Seq=401286 Ack=141 Win=65024 Len=1448 TSval=2916043102 TSecr=3045562873 [TCP segment of a reassembled PDU]"
"72488","39.021425331","192.168.1.55","192.168.1.2","TCP","1514","8004  >  37024 [ACK] Seq=402734 Ack=141 Win=65024 Len=1448 TSval=2916043102 TSecr=3045562873 [TCP segment of a reassembled PDU]"
"72489","39.021426887","192.168.1.55","192.168.1.2","TCP","1514","8004  >  37024 [ACK] Seq=404182 Ack=141 Win=65024 Len=1448 TSval=2916043102 TSecr=3045562873 [TCP segment of a reassembled PDU]"
"72490","39.021428443","192.168.1.55","192.168.1.2","TCP","1514","8004  >  37024 [ACK] Seq=405630 Ack=141 Win=65024 Len=1448 TSval=2916043102 TSecr=3045562873 [TCP segment of a reassembled PDU]"
"72491","39.021430220","192.168.1.55","192.168.1.2","TCP","1514","8004  >  37024 [ACK] Seq=407078 Ack=141 Win=65024 Len=1448 TSval=2916043102 TSecr=3045562873 [TCP segment of a reassembled PDU]"
"72492","39.021431850","192.168.1.55","192.168.1.2","TCP","1514","8004  >  37024 [ACK] Seq=408526 Ack=141 Win=65024 Len=1448 TSval=2916043102 TSecr=3045562873 [TCP segment of a reassembled PDU]"
"72493","39.021433294","192.168.1.55","192.168.1.2","TCP","1514","8004  >  37024 [ACK] Seq=409974 Ack=141 Win=65024 Len=1448 TSval=2916043102 TSecr=3045562873 [TCP segment of a reassembled PDU]"
"72494","39.021434906","192.168.1.55","192.168.1.2","TCP","1514","8004  >  37024 [ACK] Seq=411422 Ack=141 Win=65024 Len=1448 TSval=2916043102 TSecr=3045562873 [TCP segment of a reassembled PDU]"
"72495","39.021437313","192.168.1.55","192.168.1.2","TCP","1514","8004  >  37024 [ACK] Seq=412870 Ack=141 Win=65024 Len=1448 TSval=2916043102 TSecr=3045562873 [TCP segment of a reassembled PDU]"
"72496","39.021439498","192.168.1.55","192.168.1.2","TCP","1514","8004  >  37024 [ACK] Seq=414318 Ack=141 Win=65024 Len=1448 TSval=2916043102 TSecr=3045562873 [TCP segment of a reassembled PDU]"
"72497","39.021441369","192.168.1.55","192.168.1.2","TCP","1514","8004  >  37024 [ACK] Seq=415766 Ack=141 Win=65024 Len=1448 TSval=2916043102 TSecr=3045562873 [TCP segment of a reassembled PDU]"
"72498","39.021442831","192.168.1.55","192.168.1.2","TCP","1514","8004  >  37024 [ACK] Seq=417214 Ack=141 Win=65024 Len=1448 TSval=2916043102 TSecr=3045562873 [TCP segment of a reassembled PDU]"
"72499","39.021443794","192.168.1.55","192.168.1.2","TCP","1514","8004  >  37024 [ACK] Seq=418662 Ack=141 Win=65024 Len=1448 TSval=2916043102 TSecr=3045562873 [TCP segment of a reassembled PDU]"
"72500","39.021445350","192.168.1.55","192.168.1.2","TCP","1514","8004  >  37024 [PSH, ACK] Seq=420110 Ack=141 Win=65024 Len=1448 TSval=2916043102 TSecr=3045562873 [TCP segment of a reassembled PDU]"
"72501","39.022848334","192.168.1.2","192.168.1.55","TCP","66","37024  >  8004 [ACK] Seq=141 Ack=295582 Win=140288 Len=0 TSval=3045562877 TSecr=2916043094"
"72502","39.022962704","192.168.1.55","192.168.1.2","TCP","1514","8004  >  37024 [ACK] Seq=421558 Ack=141 Win=65024 Len=1448 TSval=2916043103 TSecr=3045562877 [TCP segment of a reassembled PDU]"
"72503","39.022973075","192.168.1.55","192.168.1.2","TCP","1514","8004  >  37024 [ACK] Seq=423006 Ack=141 Win=65024 Len=1448 TSval=2916043103 TSecr=3045562877 [TCP segment of a reassembled PDU]"
"72504","39.022975408","192.168.1.55","192.168.1.2","TCP","1514","8004  >  37024 [ACK] Seq=424454 Ack=141 Win=65024 Len=1448 TSval=2916043103 TSecr=3045562877 [TCP segment of a reassembled PDU]"
"72505","39.022976908","192.168.1.55","192.168.1.2","TCP","1514","8004  >  37024 [ACK] Seq=425902 Ack=141 Win=65024 Len=1448 TSval=2916043103 TSecr=3045562877 [TCP segment of a reassembled PDU]"
"72506","39.022978945","192.168.1.55","192.168.1.2","TCP","1514","8004  >  37024 [ACK] Seq=427350 Ack=141 Win=65024 Len=1448 TSval=2916043103 TSecr=3045562877 [TCP segment of a reassembled PDU]"
"72507","39.022980704","192.168.1.55","192.168.1.2","TCP","1514","8004  >  37024 [ACK] Seq=428798 Ack=141 Win=65024 Len=1448 TSval=2916043103 TSecr=3045562877 [TCP segment of a reassembled PDU]"
"72508","39.022982760","192.168.1.55","192.168.1.2","TCP","1514","8004  >  37024 [ACK] Seq=430246 Ack=141 Win=65024 Len=1448 TSval=2916043103 TSecr=3045562877 [TCP segment of a reassembled PDU]"
"72509","39.022984278","192.168.1.55","192.168.1.2","TCP","1514","8004  >  37024 [ACK] Seq=431694 Ack=141 Win=65024 Len=1448 TSval=2916043103 TSecr=3045562877 [TCP segment of a reassembled PDU]"
"72510","39.022986741","192.168.1.55","192.168.1.2","TCP","1514","8004  >  37024 [ACK] Seq=433142 Ack=141 Win=65024 Len=1448 TSval=2916043103 TSecr=3045562877 [TCP segment of a reassembled PDU]"
"72511","39.022988760","192.168.1.55","192.168.1.2","TCP","1346","[TCP Window Full] 8004  >  37024 [PSH, ACK] Seq=434590 Ack=141 Win=65024 Len=1280 TSval=2916043103 TSecr=3045562877 [TCP segment of a reassembled PDU]"
"72512","39.023116612","192.168.1.2","192.168.1.55","TCP","66","37024  >  8004 [ACK] Seq=141 Ack=328886 Win=113664 Len=0 TSval=3045562878 TSecr=2916043095"
"72513","39.023159927","192.168.1.2","192.168.1.55","TCP","66","37024  >  8004 [ACK] Seq=141 Ack=367982 Win=77824 Len=0 TSval=3045562878 TSecr=2916043095"
"72514","39.023172612","192.168.1.2","192.168.1.55","TCP","66","37024  >  8004 [ACK] Seq=141 Ack=370878 Win=105472 Len=0 TSval=3045562878 TSecr=2916043095"
"72515","39.023250946","192.168.1.55","192.168.1.2","TCP","1514","8004  >  37024 [ACK] Seq=435870 Ack=141 Win=65024 Len=1448 TSval=2916043103 TSecr=3045562878 [TCP segment of a reassembled PDU]"
"72516","39.023256834","192.168.1.55","192.168.1.2","TCP","1514","8004  >  37024 [ACK] Seq=437318 Ack=141 Win=65024 Len=1448 TSval=2916043103 TSecr=3045562878 [TCP segment of a reassembled PDU]"
"72517","39.023259316","192.168.1.55","192.168.1.2","TCP","1514","8004  >  37024 [ACK] Seq=438766 Ack=141 Win=65024 Len=1448 TSval=2916043103 TSecr=3045562878 [TCP segment of a reassembled PDU]"
"72518","39.023261038","192.168.1.55","192.168.1.2","TCP","1514","8004  >  37024 [ACK] Seq=440214 Ack=141 Win=65024 Len=1448 TSval=2916043103 TSecr=3045562878 [TCP segment of a reassembled PDU]"
"72519","39.023262742","192.168.1.55","192.168.1.2","TCP","1514","8004  >  37024 [ACK] Seq=441662 Ack=141 Win=65024 Len=1448 TSval=2916043103 TSecr=3045562878 [TCP segment of a reassembled PDU]"
"72520","39.023264649","192.168.1.55","192.168.1.2","TCP","1514","8004  >  37024 [ACK] Seq=443110 Ack=141 Win=65024 Len=1448 TSval=2916043103 TSecr=3045562878 [TCP segment of a reassembled PDU]"
"72521","39.023266094","192.168.1.55","192.168.1.2","TCP","1514","8004  >  37024 [ACK] Seq=444558 Ack=141 Win=65024 Len=1448 TSval=2916043103 TSecr=3045562878 [TCP segment of a reassembled PDU]"
"72522","39.023267631","192.168.1.55","192.168.1.2","TCP","1514","8004  >  37024 [ACK] Seq=446006 Ack=141 Win=65024 Len=1448 TSval=2916043103 TSecr=3045562878 [TCP segment of a reassembled PDU]"
"72523","39.023269853","192.168.1.55","192.168.1.2","TCP","1514","8004  >  37024 [ACK] Seq=447454 Ack=141 Win=65024 Len=1448 TSval=2916043103 TSecr=3045562878 [TCP segment of a reassembled PDU]"
"72524","39.023271371","192.168.1.55","192.168.1.2","TCP","1514","8004  >  37024 [ACK] Seq=448902 Ack=141 Win=65024 Len=1448 TSval=2916043103 TSecr=3045562878 [TCP segment of a reassembled PDU]"
"72525","39.023273705","192.168.1.55","192.168.1.2","TCP","1514","8004  >  37024 [ACK] Seq=450350 Ack=141 Win=65024 Len=1448 TSval=2916043103 TSecr=3045562878 [TCP segment of a reassembled PDU]"
"72526","39.023275371","192.168.1.55","192.168.1.2","TCP","1514","8004  >  37024 [ACK] Seq=451798 Ack=141 Win=65024 Len=1448 TSval=2916043103 TSecr=3045562878 [TCP segment of a reassembled PDU]"
"72527","39.023277316","192.168.1.55","192.168.1.2","TCP","1514","8004  >  37024 [ACK] Seq=453246 Ack=141 Win=65024 Len=1448 TSval=2916043103 TSecr=3045562878 [TCP segment of a reassembled PDU]"
"72528","39.023278797","192.168.1.55","192.168.1.2","TCP","1514","8004  >  37024 [ACK] Seq=454694 Ack=141 Win=65024 Len=1448 TSval=2916043103 TSecr=3045562878 [TCP segment of a reassembled PDU]"
"72529","39.023280427","192.168.1.55","192.168.1.2","TCP","1514","8004  >  37024 [ACK] Seq=456142 Ack=141 Win=65024 Len=1448 TSval=2916043103 TSecr=3045562878 [TCP segment of a reassembled PDU]"
"72530","39.023281927","192.168.1.55","192.168.1.2","TCP","1514","8004  >  37024 [ACK] Seq=457590 Ack=141 Win=65024 Len=1448 TSval=2916043103 TSecr=3045562878 [TCP segment of a reassembled PDU]"
"72531","39.023286297","192.168.1.55","192.168.1.2","TCP","1514","8004  >  37024 [ACK] Seq=459038 Ack=141 Win=65024 Len=1448 TSval=2916043103 TSecr=3045562878 [TCP segment of a reassembled PDU]"
"72532","39.023288297","192.168.1.55","192.168.1.2","TCP","1514","8004  >  37024 [ACK] Seq=460486 Ack=141 Win=65024 Len=1448 TSval=2916043103 TSecr=3045562878 [TCP segment of a reassembled PDU]"
"72533","39.023290131","192.168.1.55","192.168.1.2","TCP","1514","8004  >  37024 [ACK] Seq=461934 Ack=141 Win=65024 Len=1448 TSval=2916043103 TSecr=3045562878 [TCP segment of a reassembled PDU]"
"72534","39.023298686","192.168.1.55","192.168.1.2","TCP","1514","8004  >  37024 [ACK] Seq=463382 Ack=141 Win=65024 Len=1448 TSval=2916043103 TSecr=3045562878 [TCP segment of a reassembled PDU]"
"72535","39.023300131","192.168.1.55","192.168.1.2","TCP","1514","8004  >  37024 [ACK] Seq=464830 Ack=141 Win=65024 Len=1448 TSval=2916043103 TSecr=3045562878 [TCP segment of a reassembled PDU]"
"72536","39.023301186","192.168.1.55","192.168.1.2","TCP","1514","8004  >  37024 [PSH, ACK] Seq=466278 Ack=141 Win=65024 Len=1448 TSval=2916043103 TSecr=3045562878 [TCP segment of a reassembled PDU]"
"72537","39.023322242","192.168.1.55","192.168.1.2","TCP","234","8004  >  37024 [ACK] Seq=467726 Ack=141 Win=65024 Len=168 TSval=2916043103 TSecr=3045562878 [TCP segment of a reassembled PDU]"
"72538","39.023332723","192.168.1.2","192.168.1.55","TCP","66","37024  >  8004 [ACK] Seq=141 Ack=372326 Win=143360 Len=0 TSval=3045562878 TSecr=2916043099"
"72539","39.023380224","192.168.1.55","192.168.1.2","TCP","1514","8004  >  37024 [ACK] Seq=467894 Ack=141 Win=65024 Len=1448 TSval=2916043104 TSecr=3045562878 [TCP segment of a reassembled PDU]"
"72540","39.023382520","192.168.1.55","192.168.1.2","TCP","1514","8004  >  37024 [ACK] Seq=469342 Ack=141 Win=65024 Len=1448 TSval=2916043104 TSecr=3045562878 [TCP segment of a reassembled PDU]"
"72541","39.023383594","192.168.1.55","192.168.1.2","TCP","1514","8004  >  37024 [ACK] Seq=470790 Ack=141 Win=65024 Len=1448 TSval=2916043104 TSecr=3045562878 [TCP segment of a reassembled PDU]"
"72542","39.023384575","192.168.1.55","192.168.1.2","TCP","1514","8004  >  37024 [ACK] Seq=472238 Ack=141 Win=65024 Len=1448 TSval=2916043104 TSecr=3045562878 [TCP segment of a reassembled PDU]"
"72543","39.023385612","192.168.1.55","192.168.1.2","TCP","1514","8004  >  37024 [ACK] Seq=473686 Ack=141 Win=65024 Len=1448 TSval=2916043104 TSecr=3045562878 [TCP segment of a reassembled PDU]"
"72544","39.023386927","192.168.1.55","192.168.1.2","TCP","1514","8004  >  37024 [ACK] Seq=475134 Ack=141 Win=65024 Len=1448 TSval=2916043104 TSecr=3045562878 [TCP segment of a reassembled PDU]"
"72545","39.023387946","192.168.1.55","192.168.1.2","TCP","1514","8004  >  37024 [ACK] Seq=476582 Ack=141 Win=65024 Len=1448 TSval=2916043104 TSecr=3045562878 [TCP segment of a reassembled PDU]"
"72546","39.023388872","192.168.1.55","192.168.1.2","TCP","1514","8004  >  37024 [ACK] Seq=478030 Ack=141 Win=65024 Len=1448 TSval=2916043104 TSecr=3045562878 [TCP segment of a reassembled PDU]"
"72547","39.023390020","192.168.1.55","192.168.1.2","TCP","1514","8004  >  37024 [ACK] Seq=479478 Ack=141 Win=65024 Len=1448 TSval=2916043104 TSecr=3045562878 [TCP segment of a reassembled PDU]"
"72548","39.023391075","192.168.1.55","192.168.1.2","TCP","1514","8004  >  37024 [ACK] Seq=480926 Ack=141 Win=65024 Len=1448 TSval=2916043104 TSecr=3045562878 [TCP segment of a reassembled PDU]"
"72549","39.023392446","192.168.1.55","192.168.1.2","TCP","1514","8004  >  37024 [ACK] Seq=482374 Ack=141 Win=65024 Len=1448 TSval=2916043104 TSecr=3045562878 [TCP segment of a reassembled PDU]"
"72550","39.023393390","192.168.1.55","192.168.1.2","TCP","1514","8004  >  37024 [ACK] Seq=483822 Ack=141 Win=65024 Len=1448 TSval=2916043104 TSecr=3045562878 [TCP segment of a reassembled PDU]"
"72551","39.023394335","192.168.1.55","192.168.1.2","TCP","1514","8004  >  37024 [ACK] Seq=485270 Ack=141 Win=65024 Len=1448 TSval=2916043104 TSecr=3045562878 [TCP segment of a reassembled PDU]"
"72552","39.023395927","192.168.1.55","192.168.1.2","TCP","1514","8004  >  37024 [ACK] Seq=486718 Ack=141 Win=65024 Len=1448 TSval=2916043104 TSecr=3045562878 [TCP segment of a reassembled PDU]"
"72553","39.023396816","192.168.1.55","192.168.1.2","TCP","1514","8004  >  37024 [ACK] Seq=488166 Ack=141 Win=65024 Len=1448 TSval=2916043104 TSecr=3045562878 [TCP segment of a reassembled PDU]"
"72554","39.023397872","192.168.1.55","192.168.1.2","TCP","1514","8004  >  37024 [ACK] Seq=489614 Ack=141 Win=65024 Len=1448 TSval=2916043104 TSecr=3045562878 [TCP segment of a reassembled PDU]"
"72555","39.023399094","192.168.1.55","192.168.1.2","TCP","1514","8004  >  37024 [ACK] Seq=491062 Ack=141 Win=65024 Len=1448 TSval=2916043104 TSecr=3045562878 [TCP segment of a reassembled PDU]"
"72556","39.023400316","192.168.1.55","192.168.1.2","TCP","1514","8004  >  37024 [ACK] Seq=492510 Ack=141 Win=65024 Len=1448 TSval=2916043104 TSecr=3045562878 [TCP segment of a reassembled PDU]"
"72557","39.023401816","192.168.1.55","192.168.1.2","TCP","1514","8004  >  37024 [ACK] Seq=493958 Ack=141 Win=65024 Len=1448 TSval=2916043104 TSecr=3045562878 [TCP segment of a reassembled PDU]"
"72558","39.023402853","192.168.1.55","192.168.1.2","TCP","1514","8004  >  37024 [ACK] Seq=495406 Ack=141 Win=65024 Len=1448 TSval=2916043104 TSecr=3045562878 [TCP segment of a reassembled PDU]"
"72559","39.023403779","192.168.1.55","192.168.1.2","TCP","1514","8004  >  37024 [PSH, ACK] Seq=496854 Ack=141 Win=65024 Len=1448 TSval=2916043104 TSecr=3045562878 [TCP segment of a reassembled PDU]"
"72560","39.023409483","192.168.1.55","192.168.1.2","HTTP","1472","HTTP/1.0 200 OK  (PNG)"
"72561","39.023413242","192.168.1.2","192.168.1.55","TCP","66","37024  >  8004 [ACK] Seq=141 Ack=375222 Win=146432 Len=0 TSval=3045562878 TSecr=2916043099"
"72562","39.029793882","192.168.1.2","192.168.1.55","TCP","66","37024  >  8004 [ACK] Seq=141 Ack=421558 Win=100352 Len=0 TSval=3045562885 TSecr=2916043102"
"72563","39.029886586","192.168.1.2","192.168.1.55","TCP","66","37024  >  8004 [ACK] Seq=141 Ack=467726 Win=56320 Len=0 TSval=3045562885 TSecr=2916043103"
"72564","39.029896790","192.168.1.2","192.168.1.55","TCP","66","37024  >  8004 [ACK] Seq=141 Ack=492510 Win=79872 Len=0 TSval=3045562885 TSecr=2916043103"
"72565","39.030537846","192.168.1.2","192.168.1.55","TCP","66","37024  >  8004 [ACK] Seq=141 Ack=498302 Win=140288 Len=0 TSval=3045562885 TSecr=2916043104"
"72566","39.031989163","192.168.1.2","192.168.1.55","TCP","66","37024  >  8004 [FIN, ACK] Seq=141 Ack=499709 Win=146432 Len=0 TSval=3045562886 TSecr=2916043104"
"72567","39.032020756","192.168.1.55","192.168.1.2","TCP","66","8004  >  37024 [ACK] Seq=499709 Ack=142 Win=65024 Len=0 TSval=2916043112 TSecr=3045562886"
"72568","39.032096275","192.168.1.2","192.168.1.55","TCP","74","37034  >  8004 [SYN] Seq=0 Win=64240 Len=0 MSS=1460 SACK_PERM TSval=3045562887 TSecr=0 WS=1024"
"72569","39.032139238","192.168.1.55","192.168.1.2","TCP","74","8004  >  37034 [SYN, ACK] Seq=0 Ack=1 Win=65160 Len=0 MSS=1460 SACK_PERM TSval=2916043112 TSecr=3045562887 WS=128"
"72570","39.035376539","192.168.1.2","192.168.1.55","TCP","66","37034  >  8004 [ACK] Seq=1 Ack=1 Win=64512 Len=0 TSval=3045562890 TSecr=2916043112"
"72571","39.036147892","192.168.1.2","192.168.1.55","HTTP","209","GET /original_benchmark.png HTTP/1.1 "
"72572","39.036164263","192.168.1.55","192.168.1.2","TCP","66","8004  >  37034 [ACK] Seq=1 Ack=144 Win=65024 Len=0 TSval=2916043116 TSecr=3045562890"
"72573","39.036767486","192.168.1.55","192.168.1.2","TCP","255","8004  >  37034 [PSH, ACK] Seq=1 Ack=144 Win=65024 Len=189 TSval=2916043117 TSecr=3045562890 [TCP segment of a reassembled PDU]"
"72574","39.036881542","192.168.1.55","192.168.1.2","TCP","1514","8004  >  37034 [ACK] Seq=190 Ack=144 Win=65024 Len=1448 TSval=2916043117 TSecr=3045562890 [TCP segment of a reassembled PDU]"
"72575","39.036886023","192.168.1.55","192.168.1.2","TCP","1514","8004  >  37034 [ACK] Seq=1638 Ack=144 Win=65024 Len=1448 TSval=2916043117 TSecr=3045562890 [TCP segment of a reassembled PDU]"
"72576","39.036887505","192.168.1.55","192.168.1.2","TCP","1514","8004  >  37034 [ACK] Seq=3086 Ack=144 Win=65024 Len=1448 TSval=2916043117 TSecr=3045562890 [TCP segment of a reassembled PDU]"
"72577","39.036888912","192.168.1.55","192.168.1.2","TCP","1514","8004  >  37034 [ACK] Seq=4534 Ack=144 Win=65024 Len=1448 TSval=2916043117 TSecr=3045562890 [TCP segment of a reassembled PDU]"
"72578","39.036890690","192.168.1.55","192.168.1.2","TCP","1514","8004  >  37034 [PSH, ACK] Seq=5982 Ack=144 Win=65024 Len=1448 TSval=2916043117 TSecr=3045562890 [TCP segment of a reassembled PDU]"
"72579","39.036918264","192.168.1.55","192.168.1.2","TCP","1514","8004  >  37034 [ACK] Seq=7430 Ack=144 Win=65024 Len=1448 TSval=2916043117 TSecr=3045562890 [TCP segment of a reassembled PDU]"
"72580","39.036919912","192.168.1.55","192.168.1.2","TCP","1514","8004  >  37034 [ACK] Seq=8878 Ack=144 Win=65024 Len=1448 TSval=2916043117 TSecr=3045562890 [TCP segment of a reassembled PDU]"
"72581","39.036921338","192.168.1.55","192.168.1.2","TCP","1514","8004  >  37034 [ACK] Seq=10326 Ack=144 Win=65024 Len=1448 TSval=2916043117 TSecr=3045562890 [TCP segment of a reassembled PDU]"
"72582","39.036922857","192.168.1.55","192.168.1.2","TCP","1514","8004  >  37034 [PSH, ACK] Seq=11774 Ack=144 Win=65024 Len=1448 TSval=2916043117 TSecr=3045562890 [TCP segment of a reassembled PDU]"
"72583","39.040623492","192.168.1.2","192.168.1.55","TCP","66","37034  >  8004 [ACK] Seq=144 Ack=190 Win=64512 Len=0 TSval=3045562894 TSecr=2916043117"
"72584","39.040710955","192.168.1.55","192.168.1.2","TCP","1514","8004  >  37034 [ACK] Seq=13222 Ack=144 Win=65024 Len=1448 TSval=2916043121 TSecr=3045562894 [TCP segment of a reassembled PDU]"
"72585","39.040719807","192.168.1.55","192.168.1.2","TCP","1514","8004  >  37034 [PSH, ACK] Seq=14670 Ack=144 Win=65024 Len=1448 TSval=2916043121 TSecr=3045562894 [TCP segment of a reassembled PDU]"
"72586","39.040789159","192.168.1.2","192.168.1.55","TCP","66","37034  >  8004 [ACK] Seq=144 Ack=3086 Win=70656 Len=0 TSval=3045562894 TSecr=2916043117"
"72587","39.040801104","192.168.1.2","192.168.1.55","TCP","66","37034  >  8004 [ACK] Seq=144 Ack=4534 Win=73728 Len=0 TSval=3045562894 TSecr=2916043117"
"72588","39.040825382","192.168.1.55","192.168.1.2","TCP","1514","8004  >  37034 [ACK] Seq=16118 Ack=144 Win=65024 Len=1448 TSval=2916043121 TSecr=3045562894 [TCP segment of a reassembled PDU]"
"72589","39.040827956","192.168.1.55","192.168.1.2","TCP","1514","8004  >  37034 [ACK] Seq=17566 Ack=144 Win=65024 Len=1448 TSval=2916043121 TSecr=3045562894 [TCP segment of a reassembled PDU]"
"72590","39.040829826","192.168.1.55","192.168.1.2","TCP","1514","8004  >  37034 [ACK] Seq=19014 Ack=144 Win=65024 Len=1448 TSval=2916043121 TSecr=3045562894 [TCP segment of a reassembled PDU]"
"72591","39.040832233","192.168.1.55","192.168.1.2","TCP","1514","8004  >  37034 [ACK] Seq=20462 Ack=144 Win=65024 Len=1448 TSval=2916043121 TSecr=3045562894 [TCP segment of a reassembled PDU]"
"72592","39.040833919","192.168.1.55","192.168.1.2","TCP","1514","8004  >  37034 [ACK] Seq=21910 Ack=144 Win=65024 Len=1448 TSval=2916043121 TSecr=3045562894 [TCP segment of a reassembled PDU]"
"72593","39.040835863","192.168.1.55","192.168.1.2","TCP","1514","8004  >  37034 [PSH, ACK] Seq=23358 Ack=144 Win=65024 Len=1448 TSval=2916043121 TSecr=3045562894 [TCP segment of a reassembled PDU]"
"72594","39.042711385","192.168.1.2","192.168.1.55","TCP","66","37034  >  8004 [ACK] Seq=144 Ack=7430 Win=79872 Len=0 TSval=3045562896 TSecr=2916043117"
"72595","39.042799237","192.168.1.55","192.168.1.2","TCP","1514","8004  >  37034 [ACK] Seq=24806 Ack=144 Win=65024 Len=1448 TSval=2916043123 TSecr=3045562896 [TCP segment of a reassembled PDU]"
"72596","39.042809996","192.168.1.55","192.168.1.2","TCP","1514","8004  >  37034 [ACK] Seq=26254 Ack=144 Win=65024 Len=1448 TSval=2916043123 TSecr=3045562896 [TCP segment of a reassembled PDU]"
"72597","39.042811514","192.168.1.55","192.168.1.2","TCP","1514","8004  >  37034 [ACK] Seq=27702 Ack=144 Win=65024 Len=1448 TSval=2916043123 TSecr=3045562896 [TCP segment of a reassembled PDU]"
"72598","39.042813588","192.168.1.55","192.168.1.2","TCP","1514","8004  >  37034 [PSH, ACK] Seq=29150 Ack=144 Win=65024 Len=1448 TSval=2916043123 TSecr=3045562896 [TCP segment of a reassembled PDU]"
"72599","39.044614314","192.168.1.2","192.168.1.55","TCP","66","37034  >  8004 [ACK] Seq=144 Ack=13222 Win=81920 Len=0 TSval=3045562896 TSecr=2916043117"
"72600","39.044644554","192.168.1.55","192.168.1.2","TCP","1514","8004  >  37034 [ACK] Seq=30598 Ack=144 Win=65024 Len=1448 TSval=2916043125 TSecr=3045562896 [TCP segment of a reassembled PDU]"
"72601","39.044647851","192.168.1.55","192.168.1.2","TCP","1514","8004  >  37034 [ACK] Seq=32046 Ack=144 Win=65024 Len=1448 TSval=2916043125 TSecr=3045562896 [TCP segment of a reassembled PDU]"
"72602","39.044649036","192.168.1.55","192.168.1.2","TCP","1514","8004  >  37034 [ACK] Seq=33494 Ack=144 Win=65024 Len=1448 TSval=2916043125 TSecr=3045562896 [TCP segment of a reassembled PDU]"
"72603","39.044650425","192.168.1.55","192.168.1.2","TCP","1514","8004  >  37034 [ACK] Seq=34942 Ack=144 Win=65024 Len=1448 TSval=2916043125 TSecr=3045562896 [TCP segment of a reassembled PDU]"
"72604","39.044651906","192.168.1.55","192.168.1.2","TCP","1514","8004  >  37034 [ACK] Seq=36390 Ack=144 Win=65024 Len=1448 TSval=2916043125 TSecr=3045562896 [TCP segment of a reassembled PDU]"
"72605","39.044653128","192.168.1.55","192.168.1.2","TCP","1514","8004  >  37034 [ACK] Seq=37838 Ack=144 Win=65024 Len=1448 TSval=2916043125 TSecr=3045562896 [TCP segment of a reassembled PDU]"
"72606","39.044654369","192.168.1.55","192.168.1.2","TCP","1514","8004  >  37034 [ACK] Seq=39286 Ack=144 Win=65024 Len=1448 TSval=2916043125 TSecr=3045562896 [TCP segment of a reassembled PDU]"
"72607","39.044655536","192.168.1.55","192.168.1.2","TCP","1514","8004  >  37034 [PSH, ACK] Seq=40734 Ack=144 Win=65024 Len=1448 TSval=2916043125 TSecr=3045562896 [TCP segment of a reassembled PDU]"
"72608","39.045797019","192.168.1.2","192.168.1.55","TCP","66","37034  >  8004 [ACK] Seq=144 Ack=16118 Win=88064 Len=0 TSval=3045562899 TSecr=2916043121"
"72609","39.045805575","192.168.1.55","192.168.1.2","TCP","1514","8004  >  37034 [ACK] Seq=42182 Ack=144 Win=65024 Len=1448 TSval=2916043126 TSecr=3045562899 [TCP segment of a reassembled PDU]"
"72610","39.045807538","192.168.1.55","192.168.1.2","TCP","1514","8004  >  37034 [PSH, ACK] Seq=43630 Ack=144 Win=65024 Len=1448 TSval=2916043126 TSecr=3045562899 [TCP segment of a reassembled PDU]"
"72611","39.046065260","192.168.1.2","192.168.1.55","TCP","66","37034  >  8004 [ACK] Seq=144 Ack=20462 Win=87040 Len=0 TSval=3045562899 TSecr=2916043121"
"72612","39.046074427","192.168.1.2","192.168.1.55","TCP","66","37034  >  8004 [ACK] Seq=144 Ack=23358 Win=88064 Len=0 TSval=3045562899 TSecr=2916043121"
"72613","39.046094094","192.168.1.55","192.168.1.2","TCP","1514","8004  >  37034 [ACK] Seq=45078 Ack=144 Win=65024 Len=1448 TSval=2916043126 TSecr=3045562899 [TCP segment of a reassembled PDU]"
"72614","39.046096335","192.168.1.55","192.168.1.2","TCP","1514","8004  >  37034 [ACK] Seq=46526 Ack=144 Win=65024 Len=1448 TSval=2916043126 TSecr=3045562899 [TCP segment of a reassembled PDU]"
"72615","39.046097649","192.168.1.55","192.168.1.2","TCP","1514","8004  >  37034 [ACK] Seq=47974 Ack=144 Win=65024 Len=1448 TSval=2916043126 TSecr=3045562899 [TCP segment of a reassembled PDU]"
"72616","39.046098890","192.168.1.55","192.168.1.2","TCP","1514","8004  >  37034 [ACK] Seq=49422 Ack=144 Win=65024 Len=1448 TSval=2916043126 TSecr=3045562899 [TCP segment of a reassembled PDU]"
"72617","39.046100168","192.168.1.55","192.168.1.2","TCP","1514","8004  >  37034 [ACK] Seq=50870 Ack=144 Win=65024 Len=1448 TSval=2916043126 TSecr=3045562899 [TCP segment of a reassembled PDU]"
"72618","39.046101649","192.168.1.55","192.168.1.2","TCP","1514","8004  >  37034 [ACK] Seq=52318 Ack=144 Win=65024 Len=1448 TSval=2916043126 TSecr=3045562899 [TCP segment of a reassembled PDU]"
"72619","39.046102890","192.168.1.55","192.168.1.2","TCP","1514","8004  >  37034 [ACK] Seq=53766 Ack=144 Win=65024 Len=1448 TSval=2916043126 TSecr=3045562899 [TCP segment of a reassembled PDU]"
"72620","39.046104260","192.168.1.55","192.168.1.2","TCP","1514","8004  >  37034 [ACK] Seq=55214 Ack=144 Win=65024 Len=1448 TSval=2916043126 TSecr=3045562899 [TCP segment of a reassembled PDU]"
"72621","39.046105483","192.168.1.55","192.168.1.2","TCP","1514","8004  >  37034 [ACK] Seq=56662 Ack=144 Win=65024 Len=1448 TSval=2916043126 TSecr=3045562899 [TCP segment of a reassembled PDU]"
"72622","39.046106723","192.168.1.55","192.168.1.2","TCP","1514","8004  >  37034 [ACK] Seq=58110 Ack=144 Win=65024 Len=1448 TSval=2916043126 TSecr=3045562899 [TCP segment of a reassembled PDU]"
"72623","39.046108242","192.168.1.55","192.168.1.2","TCP","1514","8004  >  37034 [ACK] Seq=59558 Ack=144 Win=65024 Len=1448 TSval=2916043126 TSecr=3045562899 [TCP segment of a reassembled PDU]"
"72624","39.046109964","192.168.1.55","192.168.1.2","TCP","1514","8004  >  37034 [PSH, ACK] Seq=61006 Ack=144 Win=65024 Len=1448 TSval=2916043126 TSecr=3045562899 [TCP segment of a reassembled PDU]"
"72625","39.046114427","192.168.1.2","192.168.1.55","TCP","66","37034  >  8004 [ACK] Seq=144 Ack=24806 Win=90112 Len=0 TSval=3045562899 TSecr=2916043121"
"72626","39.049289877","192.168.1.2","192.168.1.55","TCP","66","37034  >  8004 [ACK] Seq=144 Ack=30598 Win=88064 Len=0 TSval=3045562902 TSecr=2916043123"
"72627","39.049315358","192.168.1.55","192.168.1.2","TCP","1514","8004  >  37034 [ACK] Seq=62454 Ack=144 Win=65024 Len=1448 TSval=2916043130 TSecr=3045562902 [TCP segment of a reassembled PDU]"
"72628","39.049317840","192.168.1.55","192.168.1.2","TCP","1514","8004  >  37034 [ACK] Seq=63902 Ack=144 Win=65024 Len=1448 TSval=2916043130 TSecr=3045562902 [TCP segment of a reassembled PDU]"
"72629","39.049319062","192.168.1.55","192.168.1.2","TCP","1514","8004  >  37034 [ACK] Seq=65350 Ack=144 Win=65024 Len=1448 TSval=2916043130 TSecr=3045562902 [TCP segment of a reassembled PDU]"
"72630","39.049320543","192.168.1.55","192.168.1.2","TCP","1514","8004  >  37034 [ACK] Seq=66798 Ack=144 Win=65024 Len=1448 TSval=2916043130 TSecr=3045562902 [TCP segment of a reassembled PDU]"
"72631","39.049321729","192.168.1.55","192.168.1.2","TCP","1514","8004  >  37034 [ACK] Seq=68246 Ack=144 Win=65024 Len=1448 TSval=2916043130 TSecr=3045562902 [TCP segment of a reassembled PDU]"
"72632","39.049322969","192.168.1.55","192.168.1.2","TCP","1514","8004  >  37034 [ACK] Seq=69694 Ack=144 Win=65024 Len=1448 TSval=2916043130 TSecr=3045562902 [TCP segment of a reassembled PDU]"
"72633","39.049324210","192.168.1.55","192.168.1.2","TCP","1514","8004  >  37034 [ACK] Seq=71142 Ack=144 Win=65024 Len=1448 TSval=2916043130 TSecr=3045562902 [TCP segment of a reassembled PDU]"
"72634","39.049325525","192.168.1.55","192.168.1.2","TCP","1514","8004  >  37034 [ACK] Seq=72590 Ack=144 Win=65024 Len=1448 TSval=2916043130 TSecr=3045562902 [TCP segment of a reassembled PDU]"
"72635","39.049326858","192.168.1.55","192.168.1.2","TCP","1514","8004  >  37034 [ACK] Seq=74038 Ack=144 Win=65024 Len=1448 TSval=2916043130 TSecr=3045562902 [TCP segment of a reassembled PDU]"
"72636","39.049328006","192.168.1.55","192.168.1.2","TCP","1514","8004  >  37034 [PSH, ACK] Seq=75486 Ack=144 Win=65024 Len=1448 TSval=2916043130 TSecr=3045562902 [TCP segment of a reassembled PDU]"
"72637","39.052074696","192.168.1.2","192.168.1.55","TCP","66","37034  >  8004 [ACK] Seq=144 Ack=33494 Win=90112 Len=0 TSval=3045562903 TSecr=2916043125"
"72638","39.052108178","192.168.1.55","192.168.1.2","TCP","1514","8004  >  37034 [ACK] Seq=76934 Ack=144 Win=65024 Len=1448 TSval=2916043132 TSecr=3045562903 [TCP segment of a reassembled PDU]"
"72639","39.052113918","192.168.1.55","192.168.1.2","TCP","1514","8004  >  37034 [ACK] Seq=78382 Ack=144 Win=65024 Len=1448 TSval=2916043132 TSecr=3045562903 [TCP segment of a reassembled PDU]"
"72640","39.052115233","192.168.1.55","192.168.1.2","TCP","1514","8004  >  37034 [ACK] Seq=79830 Ack=144 Win=65024 Len=1448 TSval=2916043132 TSecr=3045562903 [TCP segment of a reassembled PDU]"
"72641","39.052116400","192.168.1.55","192.168.1.2","TCP","1514","8004  >  37034 [PSH, ACK] Seq=81278 Ack=144 Win=65024 Len=1448 TSval=2916043132 TSecr=3045562903 [TCP segment of a reassembled PDU]"
"72642","39.052202752","192.168.1.2","192.168.1.55","TCP","78","[TCP Dup ACK 72637#1] 37034  >  8004 [ACK] Seq=144 Ack=33494 Win=90112 Len=0 TSval=3045562905 TSecr=2916043125 SLE=55214 SRE=61006"
"72643","39.052223030","192.168.1.55","192.168.1.2","TCP","1514","[TCP Retransmission] 8004  >  37034 [ACK] Seq=33494 Ack=144 Win=65024 Len=1448 TSval=2916043132 TSecr=3045562905 [TCP segment of a reassembled PDU]"
"72644","39.052225863","192.168.1.55","192.168.1.2","TCP","1514","[TCP Retransmission] 8004  >  37034 [ACK] Seq=34942 Ack=144 Win=65024 Len=1448 TSval=2916043132 TSecr=3045562905 [TCP segment of a reassembled PDU]"
"72645","39.052227363","192.168.1.55","192.168.1.2","TCP","1514","[TCP Retransmission] 8004  >  37034 [ACK] Seq=36390 Ack=144 Win=65024 Len=1448 TSval=2916043132 TSecr=3045562905 [TCP segment of a reassembled PDU]"
"72646","39.052228474","192.168.1.55","192.168.1.2","TCP","1514","[TCP Retransmission] 8004  >  37034 [PSH, ACK] Seq=37838 Ack=144 Win=65024 Len=1448 TSval=2916043132 TSecr=3045562905 [TCP segment of a reassembled PDU]"
"72647","39.052232826","192.168.1.2","192.168.1.55","TCP","78","37034  >  8004 [ACK] Seq=144 Ack=42182 Win=81920 Len=0 TSval=3045562905 TSecr=2916043125 SLE=55214 SRE=61006"
"72648","39.052267122","192.168.1.55","192.168.1.2","TCP","1514","8004  >  37034 [ACK] Seq=82726 Ack=144 Win=65024 Len=1448 TSval=2916043132 TSecr=3045562905 [TCP segment of a reassembled PDU]"
"72649","39.052268826","192.168.1.55","192.168.1.2","TCP","1514","8004  >  37034 [ACK] Seq=84174 Ack=144 Win=65024 Len=1448 TSval=2916043132 TSecr=3045562905 [TCP segment of a reassembled PDU]"
"72650","39.052270048","192.168.1.55","192.168.1.2","TCP","1514","8004  >  37034 [ACK] Seq=85622 Ack=144 Win=65024 Len=1448 TSval=2916043132 TSecr=3045562905 [TCP segment of a reassembled PDU]"
"72651","39.052271271","192.168.1.55","192.168.1.2","TCP","1514","8004  >  37034 [ACK] Seq=87070 Ack=144 Win=65024 Len=1448 TSval=2916043132 TSecr=3045562905 [TCP segment of a reassembled PDU]"
"72652","39.052272363","192.168.1.55","192.168.1.2","TCP","1514","8004  >  37034 [ACK] Seq=88518 Ack=144 Win=65024 Len=1448 TSval=2916043132 TSecr=3045562905 [TCP segment of a reassembled PDU]"
"72653","39.052273622","192.168.1.55","192.168.1.2","TCP","1514","8004  >  37034 [ACK] Seq=89966 Ack=144 Win=65024 Len=1448 TSval=2916043132 TSecr=3045562905 [TCP segment of a reassembled PDU]"
"72654","39.052275048","192.168.1.55","192.168.1.2","TCP","1514","8004  >  37034 [ACK] Seq=91414 Ack=144 Win=65024 Len=1448 TSval=2916043132 TSecr=3045562905 [TCP segment of a reassembled PDU]"
"72655","39.052276752","192.168.1.55","192.168.1.2","TCP","1514","8004  >  37034 [ACK] Seq=92862 Ack=144 Win=65024 Len=1448 TSval=2916043132 TSecr=3045562905 [TCP segment of a reassembled PDU]"
"72656","39.052278067","192.168.1.55","192.168.1.2","TCP","1514","8004  >  37034 [ACK] Seq=94310 Ack=144 Win=65024 Len=1448 TSval=2916043132 TSecr=3045562905 [TCP segment of a reassembled PDU]"
"72657","39.052279271","192.168.1.55","192.168.1.2","TCP","1514","8004  >  37034 [ACK] Seq=95758 Ack=144 Win=65024 Len=1448 TSval=2916043132 TSecr=3045562905 [TCP segment of a reassembled PDU]"
"72658","39.052280604","192.168.1.55","192.168.1.2","TCP","1514","8004  >  37034 [ACK] Seq=97206 Ack=144 Win=65024 Len=1448 TSval=2916043132 TSecr=3045562905 [TCP segment of a reassembled PDU]"
"72659","39.052282122","192.168.1.55","192.168.1.2","TCP","1514","8004  >  37034 [ACK] Seq=98654 Ack=144 Win=65024 Len=1448 TSval=2916043132 TSecr=3045562905 [TCP segment of a reassembled PDU]"
"72660","39.052284511","192.168.1.55","192.168.1.2","TCP","1514","8004  >  37034 [ACK] Seq=100102 Ack=144 Win=65024 Len=1448 TSval=2916043132 TSecr=3045562905 [TCP segment of a reassembled PDU]"
"72661","39.052286122","192.168.1.55","192.168.1.2","TCP","1514","8004  >  37034 [ACK] Seq=101550 Ack=144 Win=65024 Len=1448 TSval=2916043132 TSecr=3045562905 [TCP segment of a reassembled PDU]"
"72662","39.052287345","192.168.1.55","192.168.1.2","TCP","1514","8004  >  37034 [ACK] Seq=102998 Ack=144 Win=65024 Len=1448 TSval=2916043132 TSecr=3045562905 [TCP segment of a reassembled PDU]"
"72663","39.052288493","192.168.1.55","192.168.1.2","TCP","1514","8004  >  37034 [PSH, ACK] Seq=104446 Ack=144 Win=65024 Len=1448 TSval=2916043132 TSecr=3045562905 [TCP segment of a reassembled PDU]"
"72664","39.052301511","192.168.1.2","192.168.1.55","TCP","78","37034  >  8004 [ACK] Seq=144 Ack=45078 Win=79872 Len=0 TSval=3045562905 TSecr=2916043126 SLE=55214 SRE=61006"
"72665","39.052364400","192.168.1.2","192.168.1.55","TCP","78","37034  >  8004 [ACK] Seq=144 Ack=53766 Win=76800 Len=0 TSval=3045562905 TSecr=2916043126 SLE=55214 SRE=61006"
"72666","39.052369585","192.168.1.2","192.168.1.55","TCP","78","[TCP Dup ACK 72665#1] 37034  >  8004 [ACK] Seq=144 Ack=53766 Win=76800 Len=0 TSval=3045562905 TSecr=2916043126 SLE=55214 SRE=62454"
"72667","39.053307550","192.168.1.55","192.168.1.2","TCP","1514","8004  >  37034 [ACK] Seq=105894 Ack=144 Win=65024 Len=1448 TSval=2916043133 TSecr=3045562905 [TCP segment of a reassembled PDU]"
"72668","39.053311717","192.168.1.55","192.168.1.2","TCP","1514","8004  >  37034 [ACK] Seq=107342 Ack=144 Win=65024 Len=1448 TSval=2916043133 TSecr=3045562905 [TCP segment of a reassembled PDU]"
"72669","39.053312994","192.168.1.55","192.168.1.2","TCP","1514","8004  >  37034 [ACK] Seq=108790 Ack=144 Win=65024 Len=1448 TSval=2916043133 TSecr=3045562905 [TCP segment of a reassembled PDU]"
"72670","39.053314272","192.168.1.55","192.168.1.2","TCP","1514","8004  >  37034 [ACK] Seq=110238 Ack=144 Win=65024 Len=1448 TSval=2916043133 TSecr=3045562905 [TCP segment of a reassembled PDU]"
"72671","39.053316587","192.168.1.55","192.168.1.2","TCP","1514","8004  >  37034 [ACK] Seq=111686 Ack=144 Win=65024 Len=1448 TSval=2916043133 TSecr=3045562905 [TCP segment of a reassembled PDU]"
"72672","39.053319106","192.168.1.55","192.168.1.2","TCP","1514","8004  >  37034 [ACK] Seq=113134 Ack=144 Win=65024 Len=1448 TSval=2916043133 TSecr=3045562905 [TCP segment of a reassembled PDU]"
"72673","39.053321309","192.168.1.55","192.168.1.2","TCP","1514","8004  >  37034 [ACK] Seq=114582 Ack=144 Win=65024 Len=1448 TSval=2916043133 TSecr=3045562905 [TCP segment of a reassembled PDU]"
"72674","39.053322939","192.168.1.55","192.168.1.2","TCP","1514","8004  >  37034 [ACK] Seq=116030 Ack=144 Win=65024 Len=1448 TSval=2916043133 TSecr=3045562905 [TCP segment of a reassembled PDU]"
"72675","39.053324217","192.168.1.55","192.168.1.2","TCP","1514","8004  >  37034 [ACK] Seq=117478 Ack=144 Win=65024 Len=1448 TSval=2916043133 TSecr=3045562905 [TCP segment of a reassembled PDU]"
"72676","39.053325698","192.168.1.55","192.168.1.2","TCP","1514","8004  >  37034 [PSH, ACK] Seq=118926 Ack=144 Win=65024 Len=1448 TSval=2916043133 TSecr=3045562905 [TCP segment of a reassembled PDU]"
"72677","39.054526219","192.168.1.2","192.168.1.55","TCP","66","37034  >  8004 [ACK] Seq=144 Ack=62454 Win=80896 Len=0 TSval=3045562906 TSecr=2916043126"
"72678","39.054570126","192.168.1.55","192.168.1.2","TCP","1514","8004  >  37034 [ACK] Seq=120374 Ack=144 Win=65024 Len=1448 TSval=2916043135 TSecr=3045562906 [TCP segment of a reassembled PDU]"
"72679","39.054573608","192.168.1.55","192.168.1.2","TCP","1514","8004  >  37034 [ACK] Seq=121822 Ack=144 Win=65024 Len=1448 TSval=2916043135 TSecr=3045562906 [TCP segment of a reassembled PDU]"
"72680","39.054575237","192.168.1.55","192.168.1.2","TCP","1514","8004  >  37034 [ACK] Seq=123270 Ack=144 Win=65024 Len=1448 TSval=2916043135 TSecr=3045562906 [TCP segment of a reassembled PDU]"
"72681","39.054577219","192.168.1.55","192.168.1.2","TCP","1514","8004  >  37034 [ACK] Seq=124718 Ack=144 Win=65024 Len=1448 TSval=2916043135 TSecr=3045562906 [TCP segment of a reassembled PDU]"
"72682","39.054579052","192.168.1.55","192.168.1.2","TCP","1514","8004  >  37034 [ACK] Seq=126166 Ack=144 Win=65024 Len=1448 TSval=2916043135 TSecr=3045562906 [TCP segment of a reassembled PDU]"
"72683","39.054582941","192.168.1.55","192.168.1.2","TCP","1514","8004  >  37034 [ACK] Seq=127614 Ack=144 Win=65024 Len=1448 TSval=2916043135 TSecr=3045562906 [TCP segment of a reassembled PDU]"
"72684","39.054584293","192.168.1.55","192.168.1.2","TCP","1514","8004  >  37034 [ACK] Seq=129062 Ack=144 Win=65024 Len=1448 TSval=2916043135 TSecr=3045562906 [TCP segment of a reassembled PDU]"
"72685","39.054585719","192.168.1.55","192.168.1.2","TCP","1514","8004  >  37034 [ACK] Seq=130510 Ack=144 Win=65024 Len=1448 TSval=2916043135 TSecr=3045562906 [TCP segment of a reassembled PDU]"
"72686","39.054587534","192.168.1.55","192.168.1.2","TCP","1514","8004  >  37034 [ACK] Seq=131958 Ack=144 Win=65024 Len=1448 TSval=2916043135 TSecr=3045562906 [TCP segment of a reassembled PDU]"
"72687","39.054588922","192.168.1.55","192.168.1.2","TCP","1514","8004  >  37034 [PSH, ACK] Seq=133406 Ack=144 Win=65024 Len=1448 TSval=2916043135 TSecr=3045562906 [TCP segment of a reassembled PDU]"
"72688","39.054628793","192.168.1.2","192.168.1.55","TCP","66","37034  >  8004 [ACK] Seq=144 Ack=76934 Win=75776 Len=0 TSval=3045562907 TSecr=2916043130"
"72689","39.054673145","192.168.1.55","192.168.1.2","TCP","1514","8004  >  37034 [ACK] Seq=134854 Ack=144 Win=65024 Len=1448 TSval=2916043135 TSecr=3045562907 [TCP segment of a reassembled PDU]"
"72690","39.054677219","192.168.1.55","192.168.1.2","TCP","1514","8004  >  37034 [ACK] Seq=136302 Ack=144 Win=65024 Len=1448 TSval=2916043135 TSecr=3045562907 [TCP segment of a reassembled PDU]"
"72691","39.054678571","192.168.1.55","192.168.1.2","TCP","1514","8004  >  37034 [ACK] Seq=137750 Ack=144 Win=65024 Len=1448 TSval=2916043135 TSecr=3045562907 [TCP segment of a reassembled PDU]"
"72692","39.054679756","192.168.1.55","192.168.1.2","TCP","1514","8004  >  37034 [ACK] Seq=139198 Ack=144 Win=65024 Len=1448 TSval=2916043135 TSecr=3045562907 [TCP segment of a reassembled PDU]"
"72693","39.054681386","192.168.1.55","192.168.1.2","TCP","1514","8004  >  37034 [ACK] Seq=140646 Ack=144 Win=65024 Len=1448 TSval=2916043135 TSecr=3045562907 [TCP segment of a reassembled PDU]"
"72694","39.054682608","192.168.1.55","192.168.1.2","TCP","1514","8004  >  37034 [ACK] Seq=142094 Ack=144 Win=65024 Len=1448 TSval=2916043135 TSecr=3045562907 [TCP segment of a reassembled PDU]"
"72695","39.054683849","192.168.1.55","192.168.1.2","TCP","1514","8004  >  37034 [ACK] Seq=143542 Ack=144 Win=65024 Len=1448 TSval=2916043135 TSecr=3045562907 [TCP segment of a reassembled PDU]"
"72696","39.054685589","192.168.1.55","192.168.1.2","TCP","1514","8004  >  37034 [ACK] Seq=144990 Ack=144 Win=65024 Len=1448 TSval=2916043135 TSecr=3045562907 [TCP segment of a reassembled PDU]"
"72697","39.054687071","192.168.1.55","192.168.1.2","TCP","1514","8004  >  37034 [ACK] Seq=146438 Ack=144 Win=65024 Len=1448 TSval=2916043135 TSecr=3045562907 [TCP segment of a reassembled PDU]"
"72698","39.054688756","192.168.1.55","192.168.1.2","TCP","1514","8004  >  37034 [ACK] Seq=147886 Ack=144 Win=65024 Len=1448 TSval=2916043135 TSecr=3045562907 [TCP segment of a reassembled PDU]"
"72699","39.054689960","192.168.1.55","192.168.1.2","TCP","1514","8004  >  37034 [ACK] Seq=149334 Ack=144 Win=65024 Len=1448 TSval=2916043135 TSecr=3045562907 [TCP segment of a reassembled PDU]"
"72700","39.054691145","192.168.1.55","192.168.1.2","TCP","1514","8004  >  37034 [ACK] Seq=150782 Ack=144 Win=65024 Len=1448 TSval=2916043135 TSecr=3045562907 [TCP segment of a reassembled PDU]"
"72701","39.054692293","192.168.1.55","192.168.1.2","TCP","546","[TCP Window Full] 8004  >  37034 [PSH, ACK] Seq=152230 Ack=144 Win=65024 Len=480 TSval=2916043135 TSecr=3045562907 [TCP segment of a reassembled PDU]"
"72702","39.058482799","192.168.1.2","192.168.1.55","TCP","66","37034  >  8004 [ACK] Seq=144 Ack=82726 Win=86016 Len=0 TSval=3045562912 TSecr=2916043132"
"72703","39.058498373","192.168.1.55","192.168.1.2","TCP","1514","8004  >  37034 [ACK] Seq=152710 Ack=144 Win=65024 Len=1448 TSval=2916043139 TSecr=3045562912 [TCP segment of a reassembled PDU]"
"72704","39.058500984","192.168.1.55","192.168.1.2","TCP","1514","8004  >  37034 [ACK] Seq=154158 Ack=144 Win=65024 Len=1448 TSval=2916043139 TSecr=3045562912 [TCP segment of a reassembled PDU]"
"72705","39.058502355","192.168.1.55","192.168.1.2","TCP","1514","8004  >  37034 [ACK] Seq=155606 Ack=144 Win=65024 Len=1448 TSval=2916043139 TSecr=3045562912 [TCP segment of a reassembled PDU]"
"72706","39.058503744","192.168.1.55","192.168.1.2","TCP","1514","8004  >  37034 [ACK] Seq=157054 Ack=144 Win=65024 Len=1448 TSval=2916043139 TSecr=3045562912 [TCP segment of a reassembled PDU]"
"72707","39.058505021","192.168.1.55","192.168.1.2","TCP","1514","8004  >  37034 [ACK] Seq=158502 Ack=144 Win=65024 Len=1448 TSval=2916043139 TSecr=3045562912 [TCP segment of a reassembled PDU]"
"72708","39.058506392","192.168.1.55","192.168.1.2","TCP","1514","8004  >  37034 [ACK] Seq=159950 Ack=144 Win=65024 Len=1448 TSval=2916043139 TSecr=3045562912 [TCP segment of a reassembled PDU]"
"72709","39.058507688","192.168.1.55","192.168.1.2","TCP","1514","8004  >  37034 [PSH, ACK] Seq=161398 Ack=144 Win=65024 Len=1448 TSval=2916043139 TSecr=3045562912 [TCP segment of a reassembled PDU]"
"72710","39.058515170","192.168.1.55","192.168.1.2","TCP","1034","8004  >  37034 [ACK] Seq=162846 Ack=144 Win=65024 Len=968 TSval=2916043139 TSecr=3045562912 [TCP segment of a reassembled PDU]"
"72711","39.058921800","192.168.1.2","192.168.1.55","TCP","78","[TCP Dup ACK 72702#1] 37034  >  8004 [ACK] Seq=144 Ack=82726 Win=86016 Len=0 TSval=3045562912 TSecr=2916043132 SLE=33494 SRE=39286"
"72712","39.058930170","192.168.1.2","192.168.1.55","TCP","66","37034  >  8004 [ACK] Seq=144 Ack=105894 Win=71680 Len=0 TSval=3045562912 TSecr=2916043132"
"72713","39.058936985","192.168.1.2","192.168.1.55","TCP","66","37034  >  8004 [ACK] Seq=144 Ack=117478 Win=80896 Len=0 TSval=3045562912 TSecr=2916043133"
"72714","39.058962670","192.168.1.55","192.168.1.2","TCP","1514","8004  >  37034 [ACK] Seq=163814 Ack=144 Win=65024 Len=1448 TSval=2916043139 TSecr=3045562912 [TCP segment of a reassembled PDU]"
"72715","39.058964596","192.168.1.55","192.168.1.2","TCP","1514","8004  >  37034 [ACK] Seq=165262 Ack=144 Win=65024 Len=1448 TSval=2916043139 TSecr=3045562912 [TCP segment of a reassembled PDU]"
"72716","39.058966022","192.168.1.55","192.168.1.2","TCP","1514","8004  >  37034 [ACK] Seq=166710 Ack=144 Win=65024 Len=1448 TSval=2916043139 TSecr=3045562912 [TCP segment of a reassembled PDU]"
"72717","39.058967300","192.168.1.55","192.168.1.2","TCP","1514","8004  >  37034 [ACK] Seq=168158 Ack=144 Win=65024 Len=1448 TSval=2916043139 TSecr=3045562912 [TCP segment of a reassembled PDU]"
"72718","39.058968559","192.168.1.55","192.168.1.2","TCP","1514","8004  >  37034 [ACK] Seq=169606 Ack=144 Win=65024 Len=1448 TSval=2916043139 TSecr=3045562912 [TCP segment of a reassembled PDU]"
"72719","39.058970078","192.168.1.55","192.168.1.2","TCP","1514","8004  >  37034 [ACK] Seq=171054 Ack=144 Win=65024 Len=1448 TSval=2916043139 TSecr=3045562912 [TCP segment of a reassembled PDU]"
"72720","39.058971393","192.168.1.55","192.168.1.2","TCP","1514","8004  >  37034 [ACK] Seq=172502 Ack=144 Win=65024 Len=1448 TSval=2916043139 TSecr=3045562912 [TCP segment of a reassembled PDU]"
"72721","39.058972707","192.168.1.55","192.168.1.2","TCP","1514","8004  >  37034 [ACK] Seq=173950 Ack=144 Win=65024 Len=1448 TSval=2916043139 TSecr=3045562912 [TCP segment of a reassembled PDU]"
"72722","39.058974133","192.168.1.55","192.168.1.2","TCP","1514","8004  >  37034 [ACK] Seq=175398 Ack=144 Win=65024 Len=1448 TSval=2916043139 TSecr=3045562912 [TCP segment of a reassembled PDU]"
"72723","39.058975448","192.168.1.55","192.168.1.2","TCP","1514","8004  >  37034 [ACK] Seq=176846 Ack=144 Win=65024 Len=1448 TSval=2916043139 TSecr=3045562912 [TCP segment of a reassembled PDU]"
"72724","39.058976818","192.168.1.55","192.168.1.2","TCP","1514","8004  >  37034 [ACK] Seq=178294 Ack=144 Win=65024 Len=1448 TSval=2916043139 TSecr=3045562912 [TCP segment of a reassembled PDU]"
"72725","39.058978170","192.168.1.55","192.168.1.2","TCP","1514","8004  >  37034 [ACK] Seq=179742 Ack=144 Win=65024 Len=1448 TSval=2916043139 TSecr=3045562912 [TCP segment of a reassembled PDU]"
"72726","39.058979504","192.168.1.55","192.168.1.2","TCP","1514","8004  >  37034 [ACK] Seq=181190 Ack=144 Win=65024 Len=1448 TSval=2916043139 TSecr=3045562912 [TCP segment of a reassembled PDU]"
"72727","39.058981041","192.168.1.55","192.168.1.2","TCP","1514","8004  >  37034 [ACK] Seq=182638 Ack=144 Win=65024 Len=1448 TSval=2916043139 TSecr=3045562912 [TCP segment of a reassembled PDU]"
"72728","39.058982430","192.168.1.55","192.168.1.2","TCP","1514","8004  >  37034 [ACK] Seq=184086 Ack=144 Win=65024 Len=1448 TSval=2916043139 TSecr=3045562912 [TCP segment of a reassembled PDU]"
"72729","39.058983818","192.168.1.55","192.168.1.2","TCP","1514","8004  >  37034 [ACK] Seq=185534 Ack=144 Win=65024 Len=1448 TSval=2916043139 TSecr=3045562912 [TCP segment of a reassembled PDU]"
"72730","39.058985115","192.168.1.55","192.168.1.2","TCP","1514","8004  >  37034 [ACK] Seq=186982 Ack=144 Win=65024 Len=1448 TSval=2916043139 TSecr=3045562912 [TCP segment of a reassembled PDU]"
"72731","39.058986467","192.168.1.55","192.168.1.2","TCP","1514","8004  >  37034 [ACK] Seq=188430 Ack=144 Win=65024 Len=1448 TSval=2916043139 TSecr=3045562912 [TCP segment of a reassembled PDU]"
"72732","39.058987893","192.168.1.55","192.168.1.2","TCP","1514","8004  >  37034 [ACK] Seq=189878 Ack=144 Win=65024 Len=1448 TSval=2916043139 TSecr=3045562912 [TCP segment of a reassembled PDU]"
"72733","39.058989152","192.168.1.55","192.168.1.2","TCP","1514","8004  >  37034 [ACK] Seq=191326 Ack=144 Win=65024 Len=1448 TSval=2916043139 TSecr=3045562912 [TCP segment of a reassembled PDU]"
"72734","39.058990633","192.168.1.55","192.168.1.2","TCP","1514","8004  >  37034 [ACK] Seq=192774 Ack=144 Win=65024 Len=1448 TSval=2916043139 TSecr=3045562912 [TCP segment of a reassembled PDU]"
"72735","39.058992004","192.168.1.55","192.168.1.2","TCP","1514","8004  >  37034 [ACK] Seq=194222 Ack=144 Win=65024 Len=1448 TSval=2916043139 TSecr=3045562912 [TCP segment of a reassembled PDU]"
"72736","39.058993300","192.168.1.55","192.168.1.2","TCP","1514","8004  >  37034 [PSH, ACK] Seq=195670 Ack=144 Win=65024 Len=1448 TSval=2916043139 TSecr=3045562912 [TCP segment of a reassembled PDU]"
"72737","39.061990379","192.168.1.2","192.168.1.55","TCP","66","37034  >  8004 [ACK] Seq=144 Ack=120374 Win=88064 Len=0 TSval=3045562914 TSecr=2916043133"
"72738","39.062004453","192.168.1.55","192.168.1.2","TCP","1514","8004  >  37034 [ACK] Seq=197118 Ack=144 Win=65024 Len=1448 TSval=2916043142 TSecr=3045562914 [TCP segment of a reassembled PDU]"
"72739","39.062007046","192.168.1.55","192.168.1.2","TCP","1514","8004  >  37034 [ACK] Seq=198566 Ack=144 Win=65024 Len=1448 TSval=2916043142 TSecr=3045562914 [TCP segment of a reassembled PDU]"
"72740","39.062008453","192.168.1.55","192.168.1.2","TCP","1514","8004  >  37034 [ACK] Seq=200014 Ack=144 Win=65024 Len=1448 TSval=2916043142 TSecr=3045562914 [TCP segment of a reassembled PDU]"
"72741","39.062009731","192.168.1.55","192.168.1.2","TCP","1514","8004  >  37034 [ACK] Seq=201462 Ack=144 Win=65024 Len=1448 TSval=2916043142 TSecr=3045562914 [TCP segment of a reassembled PDU]"
"72742","39.062011101","192.168.1.55","192.168.1.2","TCP","1514","8004  >  37034 [ACK] Seq=202910 Ack=144 Win=65024 Len=1448 TSval=2916043142 TSecr=3045562914 [TCP segment of a reassembled PDU]"
"72743","39.062012472","192.168.1.55","192.168.1.2","TCP","1514","8004  >  37034 [ACK] Seq=204358 Ack=144 Win=65024 Len=1448 TSval=2916043142 TSecr=3045562914 [TCP segment of a reassembled PDU]"
"72744","39.062013805","192.168.1.55","192.168.1.2","TCP","1514","8004  >  37034 [PSH, ACK] Seq=205806 Ack=144 Win=65024 Len=1448 TSval=2916043142 TSecr=3045562914 [TCP segment of a reassembled PDU]"
"72745","39.062391454","192.168.1.2","192.168.1.55","TCP","66","37034  >  8004 [ACK] Seq=144 Ack=134854 Win=79872 Len=0 TSval=3045562914 TSecr=2916043135"
"72746","39.062401583","192.168.1.55","192.168.1.2","TCP","1514","8004  >  37034 [PSH, ACK] Seq=207254 Ack=144 Win=65024 Len=1448 TSval=2916043143 TSecr=3045562914 [TCP segment of a reassembled PDU]"
"72747","39.062406806","192.168.1.2","192.168.1.55","TCP","66","37034  >  8004 [ACK] Seq=144 Ack=143542 Win=71680 Len=0 TSval=3045562914 TSecr=2916043135"
"72748","39.063931252","192.168.1.2","192.168.1.55","TCP","66","37034  >  8004 [ACK] Seq=144 Ack=152710 Win=81920 Len=0 TSval=3045562917 TSecr=2916043135"
"72749","39.063952271","192.168.1.55","192.168.1.2","TCP","1514","8004  >  37034 [ACK] Seq=208702 Ack=144 Win=65024 Len=1448 TSval=2916043144 TSecr=3045562917 [TCP segment of a reassembled PDU]"
"72750","39.063954604","192.168.1.55","192.168.1.2","TCP","1514","8004  >  37034 [ACK] Seq=210150 Ack=144 Win=65024 Len=1448 TSval=2916043144 TSecr=3045562917 [TCP segment of a reassembled PDU]"
"72751","39.063955975","192.168.1.55","192.168.1.2","TCP","1514","8004  >  37034 [ACK] Seq=211598 Ack=144 Win=65024 Len=1448 TSval=2916043144 TSecr=3045562917 [TCP segment of a reassembled PDU]"
"72752","39.063957271","192.168.1.55","192.168.1.2","TCP","1514","8004  >  37034 [ACK] Seq=213046 Ack=144 Win=65024 Len=1448 TSval=2916043144 TSecr=3045562917 [TCP segment of a reassembled PDU]"
"72753","39.063958660","192.168.1.55","192.168.1.2","TCP","1514","8004  >  37034 [ACK] Seq=214494 Ack=144 Win=65024 Len=1448 TSval=2916043144 TSecr=3045562917 [TCP segment of a reassembled PDU]"
"72754","39.063959938","192.168.1.55","192.168.1.2","TCP","1514","8004  >  37034 [ACK] Seq=215942 Ack=144 Win=65024 Len=1448 TSval=2916043144 TSecr=3045562917 [TCP segment of a reassembled PDU]"
"72755","39.063961253","192.168.1.55","192.168.1.2","TCP","1514","8004  >  37034 [ACK] Seq=217390 Ack=144 Win=65024 Len=1448 TSval=2916043144 TSecr=3045562917 [TCP segment of a reassembled PDU]"
"72756","39.063962641","192.168.1.55","192.168.1.2","TCP","1514","8004  >  37034 [ACK] Seq=218838 Ack=144 Win=65024 Len=1448 TSval=2916043144 TSecr=3045562917 [TCP segment of a reassembled PDU]"
"72757","39.063963919","192.168.1.55","192.168.1.2","TCP","1514","8004  >  37034 [ACK] Seq=220286 Ack=144 Win=65024 Len=1448 TSval=2916043144 TSecr=3045562917 [TCP segment of a reassembled PDU]"
"72758","39.063965530","192.168.1.55","192.168.1.2","TCP","1514","8004  >  37034 [ACK] Seq=221734 Ack=144 Win=65024 Len=1448 TSval=2916043144 TSecr=3045562917 [TCP segment of a reassembled PDU]"
"72759","39.063966993","192.168.1.55","192.168.1.2","TCP","1514","8004  >  37034 [ACK] Seq=223182 Ack=144 Win=65024 Len=1448 TSval=2916043144 TSecr=3045562917 [TCP segment of a reassembled PDU]"
"72760","39.063968382","192.168.1.55","192.168.1.2","TCP","1514","8004  >  37034 [ACK] Seq=224630 Ack=144 Win=65024 Len=1448 TSval=2916043144 TSecr=3045562917 [TCP segment of a reassembled PDU]"
"72761","39.063969771","192.168.1.55","192.168.1.2","TCP","1514","8004  >  37034 [ACK] Seq=226078 Ack=144 Win=65024 Len=1448 TSval=2916043144 TSecr=3045562917 [TCP segment of a reassembled PDU]"
"72762","39.063971030","192.168.1.55","192.168.1.2","TCP","1514","8004  >  37034 [ACK] Seq=227526 Ack=144 Win=65024 Len=1448 TSval=2916043144 TSecr=3045562917 [TCP segment of a reassembled PDU]"
"72763","39.063972438","192.168.1.55","192.168.1.2","TCP","1514","8004  >  37034 [ACK] Seq=228974 Ack=144 Win=65024 Len=1448 TSval=2916043144 TSecr=3045562917 [TCP segment of a reassembled PDU]"
"72764","39.063973734","192.168.1.55","192.168.1.2","TCP","1514","8004  >  37034 [ACK] Seq=230422 Ack=144 Win=65024 Len=1448 TSval=2916043144 TSecr=3045562917 [TCP segment of a reassembled PDU]"
"72765","39.063975030","192.168.1.55","192.168.1.2","TCP","1514","8004  >  37034 [PSH, ACK] Seq=231870 Ack=144 Win=65024 Len=1448 TSval=2916043144 TSecr=3045562917 [TCP segment of a reassembled PDU]"
"72766","39.064698976","192.168.1.2","192.168.1.55","TCP","66","37034  >  8004 [ACK] Seq=144 Ack=162846 Win=72704 Len=0 TSval=3045562917 TSecr=2916043139"
"72767","39.064706476","192.168.1.2","192.168.1.55","TCP","66","37034  >  8004 [ACK] Seq=144 Ack=163814 Win=96256 Len=0 TSval=3045562917 TSecr=2916043139"
"72768","39.064722032","192.168.1.55","192.168.1.2","TCP","1514","8004  >  37034 [ACK] Seq=233318 Ack=144 Win=65024 Len=1448 TSval=2916043145 TSecr=3045562917 [TCP segment of a reassembled PDU]"
"72769","39.064723754","192.168.1.55","192.168.1.2","TCP","1514","8004  >  37034 [ACK] Seq=234766 Ack=144 Win=65024 Len=1448 TSval=2916043145 TSecr=3045562917 [TCP segment of a reassembled PDU]"
"72770","39.064725069","192.168.1.55","192.168.1.2","TCP","1514","8004  >  37034 [ACK] Seq=236214 Ack=144 Win=65024 Len=1448 TSval=2916043145 TSecr=3045562917 [TCP segment of a reassembled PDU]"
"72771","39.064726346","192.168.1.55","192.168.1.2","TCP","1514","8004  >  37034 [ACK] Seq=237662 Ack=144 Win=65024 Len=1448 TSval=2916043145 TSecr=3045562917 [TCP segment of a reassembled PDU]"
"72772","39.064727624","192.168.1.55","192.168.1.2","TCP","1514","8004  >  37034 [ACK] Seq=239110 Ack=144 Win=65024 Len=1448 TSval=2916043145 TSecr=3045562917 [TCP segment of a reassembled PDU]"
"72773","39.064729087","192.168.1.55","192.168.1.2","TCP","1514","8004  >  37034 [ACK] Seq=240558 Ack=144 Win=65024 Len=1448 TSval=2916043145 TSecr=3045562917 [TCP segment of a reassembled PDU]"
"72774","39.064730383","192.168.1.55","192.168.1.2","TCP","1514","8004  >  37034 [ACK] Seq=242006 Ack=144 Win=65024 Len=1448 TSval=2916043145 TSecr=3045562917 [TCP segment of a reassembled PDU]"
"72775","39.064731698","192.168.1.55","192.168.1.2","TCP","1514","8004  >  37034 [ACK] Seq=243454 Ack=144 Win=65024 Len=1448 TSval=2916043145 TSecr=3045562917 [TCP segment of a reassembled PDU]"
"72776","39.064732976","192.168.1.55","192.168.1.2","TCP","1514","8004  >  37034 [ACK] Seq=244902 Ack=144 Win=65024 Len=1448 TSval=2916043145 TSecr=3045562917 [TCP segment of a reassembled PDU]"
"72777","39.064734254","192.168.1.55","192.168.1.2","TCP","1514","8004  >  37034 [ACK] Seq=246350 Ack=144 Win=65024 Len=1448 TSval=2916043145 TSecr=3045562917 [TCP segment of a reassembled PDU]"
"72778","39.064735587","192.168.1.55","192.168.1.2","TCP","1514","8004  >  37034 [ACK] Seq=247798 Ack=144 Win=65024 Len=1448 TSval=2916043145 TSecr=3045562917 [TCP segment of a reassembled PDU]"
"72779","39.064736846","192.168.1.55","192.168.1.2","TCP","1514","8004  >  37034 [ACK] Seq=249246 Ack=144 Win=65024 Len=1448 TSval=2916043145 TSecr=3045562917 [TCP segment of a reassembled PDU]"
"72780","39.064738124","192.168.1.55","192.168.1.2","TCP","1514","8004  >  37034 [ACK] Seq=250694 Ack=144 Win=65024 Len=1448 TSval=2916043145 TSecr=3045562917 [TCP segment of a reassembled PDU]"
"72781","39.064745050","192.168.1.55","192.168.1.2","TCP","1514","8004  >  37034 [PSH, ACK] Seq=252142 Ack=144 Win=65024 Len=1448 TSval=2916043145 TSecr=3045562917 [TCP segment of a reassembled PDU]"
"72782","39.064749624","192.168.1.2","192.168.1.55","TCP","66","37034  >  8004 [ACK] Seq=144 Ack=186982 Win=96256 Len=0 TSval=3045562917 TSecr=2916043139"
"72783","39.064756383","192.168.1.2","192.168.1.55","TCP","66","37034  >  8004 [ACK] Seq=144 Ack=197118 Win=116736 Len=0 TSval=3045562919 TSecr=2916043139"
"72784","39.064796958","192.168.1.55","192.168.1.2","TCP","1514","8004  >  37034 [ACK] Seq=253590 Ack=144 Win=65024 Len=1448 TSval=2916043145 TSecr=3045562919 [TCP segment of a reassembled PDU]"
"72785","39.064798939","192.168.1.55","192.168.1.2","TCP","1514","8004  >  37034 [ACK] Seq=255038 Ack=144 Win=65024 Len=1448 TSval=2916043145 TSecr=3045562919 [TCP segment of a reassembled PDU]"
"72786","39.064800458","192.168.1.55","192.168.1.2","TCP","1514","8004  >  37034 [ACK] Seq=256486 Ack=144 Win=65024 Len=1448 TSval=2916043145 TSecr=3045562919 [TCP segment of a reassembled PDU]"
"72787","39.064801921","192.168.1.55","192.168.1.2","TCP","1514","8004  >  37034 [ACK] Seq=257934 Ack=144 Win=65024 Len=1448 TSval=2916043145 TSecr=3045562919 [TCP segment of a reassembled PDU]"
"72788","39.064803291","192.168.1.55","192.168.1.2","TCP","1514","8004  >  37034 [ACK] Seq=259382 Ack=144 Win=65024 Len=1448 TSval=2916043145 TSecr=3045562919 [TCP segment of a reassembled PDU]"
"72789","39.064804791","192.168.1.55","192.168.1.2","TCP","1514","8004  >  37034 [ACK] Seq=260830 Ack=144 Win=65024 Len=1448 TSval=2916043145 TSecr=3045562919 [TCP segment of a reassembled PDU]"
"72790","39.064806161","192.168.1.55","192.168.1.2","TCP","1514","8004  >  37034 [ACK] Seq=262278 Ack=144 Win=65024 Len=1448 TSval=2916043145 TSecr=3045562919 [TCP segment of a reassembled PDU]"
"72791","39.064807550","192.168.1.55","192.168.1.2","TCP","1514","8004  >  37034 [ACK] Seq=263726 Ack=144 Win=65024 Len=1448 TSval=2916043145 TSecr=3045562919 [TCP segment of a reassembled PDU]"
"72792","39.064808976","192.168.1.55","192.168.1.2","TCP","1514","8004  >  37034 [ACK] Seq=265174 Ack=144 Win=65024 Len=1448 TSval=2916043145 TSecr=3045562919 [TCP segment of a reassembled PDU]"
"72793","39.064810346","192.168.1.55","192.168.1.2","TCP","1514","8004  >  37034 [ACK] Seq=266622 Ack=144 Win=65024 Len=1448 TSval=2916043145 TSecr=3045562919 [TCP segment of a reassembled PDU]"
"72794","39.064811661","192.168.1.55","192.168.1.2","TCP","1514","8004  >  37034 [ACK] Seq=268070 Ack=144 Win=65024 Len=1448 TSval=2916043145 TSecr=3045562919 [TCP segment of a reassembled PDU]"
"72795","39.064813309","192.168.1.55","192.168.1.2","TCP","1514","8004  >  37034 [ACK] Seq=269518 Ack=144 Win=65024 Len=1448 TSval=2916043145 TSecr=3045562919 [TCP segment of a reassembled PDU]"
"72796","39.064815032","192.168.1.55","192.168.1.2","TCP","1514","8004  >  37034 [ACK] Seq=270966 Ack=144 Win=65024 Len=1448 TSval=2916043145 TSecr=3045562919 [TCP segment of a reassembled PDU]"
"72797","39.064816476","192.168.1.55","192.168.1.2","TCP","1514","8004  >  37034 [ACK] Seq=272414 Ack=144 Win=65024 Len=1448 TSval=2916043145 TSecr=3045562919 [TCP segment of a reassembled PDU]"
"72798","39.064817846","192.168.1.55","192.168.1.2","TCP","1514","8004  >  37034 [ACK] Seq=273862 Ack=144 Win=65024 Len=1448 TSval=2916043145 TSecr=3045562919 [TCP segment of a reassembled PDU]"
"72799","39.064819198","192.168.1.55","192.168.1.2","TCP","1514","8004  >  37034 [ACK] Seq=275310 Ack=144 Win=65024 Len=1448 TSval=2916043145 TSecr=3045562919 [TCP segment of a reassembled PDU]"
"72800","39.064820587","192.168.1.55","192.168.1.2","TCP","1514","8004  >  37034 [ACK] Seq=276758 Ack=144 Win=65024 Len=1448 TSval=2916043145 TSecr=3045562919 [TCP segment of a reassembled PDU]"
"72801","39.064821921","192.168.1.55","192.168.1.2","TCP","1514","8004  >  37034 [ACK] Seq=278206 Ack=144 Win=65024 Len=1448 TSval=2916043145 TSecr=3045562919 [TCP segment of a reassembled PDU]"
"72802","39.064823421","192.168.1.55","192.168.1.2","TCP","1514","8004  >  37034 [ACK] Seq=279654 Ack=144 Win=65024 Len=1448 TSval=2916043145 TSecr=3045562919 [TCP segment of a reassembled PDU]"
"72803","39.064824884","192.168.1.55","192.168.1.2","TCP","1514","8004  >  37034 [ACK] Seq=281102 Ack=144 Win=65024 Len=1448 TSval=2916043145 TSecr=3045562919 [TCP segment of a reassembled PDU]"
"72804","39.064826198","192.168.1.55","192.168.1.2","TCP","1514","8004  >  37034 [ACK] Seq=282550 Ack=144 Win=65024 Len=1448 TSval=2916043145 TSecr=3045562919 [TCP segment of a reassembled PDU]"
"72805","39.064827643","192.168.1.55","192.168.1.2","TCP","1514","8004  >  37034 [ACK] Seq=283998 Ack=144 Win=65024 Len=1448 TSval=2916043145 TSecr=3045562919 [TCP segment of a reassembled PDU]"
"72806","39.064829717","192.168.1.55","192.168.1.2","TCP","1514","8004  >  37034 [ACK] Seq=285446 Ack=144 Win=65024 Len=1448 TSval=2916043145 TSecr=3045562919 [TCP segment of a reassembled PDU]"
"72807","39.064831180","192.168.1.55","192.168.1.2","TCP","1514","8004  >  37034 [ACK] Seq=286894 Ack=144 Win=65024 Len=1448 TSval=2916043145 TSecr=3045562919 [TCP segment of a reassembled PDU]"
"72808","39.064832550","192.168.1.55","192.168.1.2","TCP","1514","8004  >  37034 [ACK] Seq=288342 Ack=144 Win=65024 Len=1448 TSval=2916043145 TSecr=3045562919 [TCP segment of a reassembled PDU]"
"72809","39.064833865","192.168.1.55","192.168.1.2","TCP","1514","8004  >  37034 [ACK] Seq=289790 Ack=144 Win=65024 Len=1448 TSval=2916043145 TSecr=3045562919 [TCP segment of a reassembled PDU]"
"72810","39.064835254","192.168.1.55","192.168.1.2","TCP","1514","8004  >  37034 [ACK] Seq=291238 Ack=144 Win=65024 Len=1448 TSval=2916043145 TSecr=3045562919 [TCP segment of a reassembled PDU]"
"72811","39.064836717","192.168.1.55","192.168.1.2","TCP","1514","8004  >  37034 [ACK] Seq=292686 Ack=144 Win=65024 Len=1448 TSval=2916043145 TSecr=3045562919 [TCP segment of a reassembled PDU]"
"72812","39.064838347","192.168.1.55","192.168.1.2","TCP","1514","8004  >  37034 [ACK] Seq=294134 Ack=144 Win=65024 Len=1448 TSval=2916043145 TSecr=3045562919 [TCP segment of a reassembled PDU]"
"72813","39.064839828","192.168.1.55","192.168.1.2","TCP","1514","8004  >  37034 [ACK] Seq=295582 Ack=144 Win=65024 Len=1448 TSval=2916043145 TSecr=3045562919 [TCP segment of a reassembled PDU]"
"72814","39.064841532","192.168.1.55","192.168.1.2","TCP","1514","8004  >  37034 [PSH, ACK] Seq=297030 Ack=144 Win=65024 Len=1448 TSval=2916043145 TSecr=3045562919 [TCP segment of a reassembled PDU]"
"72815","39.064864272","192.168.1.55","192.168.1.2","TCP","1514","8004  >  37034 [ACK] Seq=298478 Ack=144 Win=65024 Len=1448 TSval=2916043145 TSecr=3045562919 [TCP segment of a reassembled PDU]"
"72816","39.064866106","192.168.1.55","192.168.1.2","TCP","1514","8004  >  37034 [ACK] Seq=299926 Ack=144 Win=65024 Len=1448 TSval=2916043145 TSecr=3045562919 [TCP segment of a reassembled PDU]"
"72817","39.064867458","192.168.1.55","192.168.1.2","TCP","1514","8004  >  37034 [ACK] Seq=301374 Ack=144 Win=65024 Len=1448 TSval=2916043145 TSecr=3045562919 [TCP segment of a reassembled PDU]"
"72818","39.064869161","192.168.1.55","192.168.1.2","TCP","1514","8004  >  37034 [ACK] Seq=302822 Ack=144 Win=65024 Len=1448 TSval=2916043145 TSecr=3045562919 [TCP segment of a reassembled PDU]"
"72819","39.064870606","192.168.1.55","192.168.1.2","TCP","1514","8004  >  37034 [ACK] Seq=304270 Ack=144 Win=65024 Len=1448 TSval=2916043145 TSecr=3045562919 [TCP segment of a reassembled PDU]"
"72820","39.064871939","192.168.1.55","192.168.1.2","TCP","1514","8004  >  37034 [ACK] Seq=305718 Ack=144 Win=65024 Len=1448 TSval=2916043145 TSecr=3045562919 [TCP segment of a reassembled PDU]"
"72821","39.064873384","192.168.1.55","192.168.1.2","TCP","1514","8004  >  37034 [ACK] Seq=307166 Ack=144 Win=65024 Len=1448 TSval=2916043145 TSecr=3045562919 [TCP segment of a reassembled PDU]"
"72822","39.064874680","192.168.1.55","192.168.1.2","TCP","1514","8004  >  37034 [ACK] Seq=308614 Ack=144 Win=65024 Len=1448 TSval=2916043145 TSecr=3045562919 [TCP segment of a reassembled PDU]"
"72823","39.064876421","192.168.1.55","192.168.1.2","TCP","1514","8004  >  37034 [ACK] Seq=310062 Ack=144 Win=65024 Len=1448 TSval=2916043145 TSecr=3045562919 [TCP segment of a reassembled PDU]"
"72824","39.064877921","192.168.1.55","192.168.1.2","TCP","1514","8004  >  37034 [ACK] Seq=311510 Ack=144 Win=65024 Len=1448 TSval=2916043145 TSecr=3045562919 [TCP segment of a reassembled PDU]"
"72825","39.064879217","192.168.1.55","192.168.1.2","TCP","962","[TCP Window Full] 8004  >  37034 [PSH, ACK] Seq=312958 Ack=144 Win=65024 Len=896 TSval=2916043145 TSecr=3045562919 [TCP segment of a reassembled PDU]"
"72826","39.064934199","192.168.1.2","192.168.1.55","TCP","66","37034  >  8004 [ACK] Seq=144 Ack=198566 Win=118784 Len=0 TSval=3045562919 TSecr=2916043142"
"72827","39.064944310","192.168.1.2","192.168.1.55","TCP","66","37034  >  8004 [ACK] Seq=144 Ack=200014 Win=121856 Len=0 TSval=3045562919 TSecr=2916043142"
"72828","39.064952865","192.168.1.55","192.168.1.2","TCP","1514","8004  >  37034 [ACK] Seq=313854 Ack=144 Win=65024 Len=1448 TSval=2916043145 TSecr=3045562919 [TCP segment of a reassembled PDU]"
"72829","39.064954680","192.168.1.55","192.168.1.2","TCP","1514","8004  >  37034 [PSH, ACK] Seq=315302 Ack=144 Win=65024 Len=1448 TSval=2916043145 TSecr=3045562919 [TCP segment of a reassembled PDU]"
"72830","39.070631782","192.168.1.2","192.168.1.55","TCP","66","37034  >  8004 [ACK] Seq=144 Ack=207254 Win=124928 Len=0 TSval=3045562921 TSecr=2916043142"
"72831","39.070660708","192.168.1.55","192.168.1.2","TCP","1514","8004  >  37034 [ACK] Seq=316750 Ack=144 Win=65024 Len=1448 TSval=2916043151 TSecr=3045562921 [TCP segment of a reassembled PDU]"
"72832","39.070664300","192.168.1.55","192.168.1.2","TCP","1514","8004  >  37034 [ACK] Seq=318198 Ack=144 Win=65024 Len=1448 TSval=2916043151 TSecr=3045562921 [TCP segment of a reassembled PDU]"
"72833","39.070665634","192.168.1.55","192.168.1.2","TCP","1514","8004  >  37034 [ACK] Seq=319646 Ack=144 Win=65024 Len=1448 TSval=2916043151 TSecr=3045562921 [TCP segment of a reassembled PDU]"
"72834","39.070667023","192.168.1.55","192.168.1.2","TCP","1514","8004  >  37034 [ACK] Seq=321094 Ack=144 Win=65024 Len=1448 TSval=2916043151 TSecr=3045562921 [TCP segment of a reassembled PDU]"
"72835","39.070668319","192.168.1.55","192.168.1.2","TCP","1514","8004  >  37034 [ACK] Seq=322542 Ack=144 Win=65024 Len=1448 TSval=2916043151 TSecr=3045562921 [TCP segment of a reassembled PDU]"
"72836","39.070669615","192.168.1.55","192.168.1.2","TCP","1514","8004  >  37034 [ACK] Seq=323990 Ack=144 Win=65024 Len=1448 TSval=2916043151 TSecr=3045562921 [TCP segment of a reassembled PDU]"
"72837","39.070670949","192.168.1.55","192.168.1.2","TCP","1514","8004  >  37034 [ACK] Seq=325438 Ack=144 Win=65024 Len=1448 TSval=2916043151 TSecr=3045562921 [TCP segment of a reassembled PDU]"
"72838","39.070672263","192.168.1.55","192.168.1.2","TCP","1514","8004  >  37034 [ACK] Seq=326886 Ack=144 Win=65024 Len=1448 TSval=2916043151 TSecr=3045562921 [TCP segment of a reassembled PDU]"
"72839","39.070673689","192.168.1.55","192.168.1.2","TCP","1514","8004  >  37034 [ACK] Seq=328334 Ack=144 Win=65024 Len=1448 TSval=2916043151 TSecr=3045562921 [TCP segment of a reassembled PDU]"
"72840","39.070675078","192.168.1.55","192.168.1.2","TCP","1514","8004  >  37034 [PSH, ACK] Seq=329782 Ack=144 Win=65024 Len=1448 TSval=2916043151 TSecr=3045562921 [TCP segment of a reassembled PDU]"
"72841","39.070730560","192.168.1.2","192.168.1.55","TCP","66","37034  >  8004 [ACK] Seq=144 Ack=208702 Win=123904 Len=0 TSval=3045562921 TSecr=2916043143"
"72842","39.071911154","192.168.1.2","192.168.1.55","TCP","66","37034  >  8004 [ACK] Seq=144 Ack=233318 Win=108544 Len=0 TSval=3045562926 TSecr=2916043144"
"72843","39.071925043","192.168.1.55","192.168.1.2","TCP","1514","8004  >  37034 [ACK] Seq=331230 Ack=144 Win=65024 Len=1448 TSval=2916043152 TSecr=3045562926 [TCP segment of a reassembled PDU]"
"72844","39.071927765","192.168.1.55","192.168.1.2","TCP","1514","8004  >  37034 [ACK] Seq=332678 Ack=144 Win=65024 Len=1448 TSval=2916043152 TSecr=3045562926 [TCP segment of a reassembled PDU]"
"72845","39.071929043","192.168.1.55","192.168.1.2","TCP","1514","8004  >  37034 [ACK] Seq=334126 Ack=144 Win=65024 Len=1448 TSval=2916043152 TSecr=3045562926 [TCP segment of a reassembled PDU]"
"72846","39.071930414","192.168.1.55","192.168.1.2","TCP","1514","8004  >  37034 [ACK] Seq=335574 Ack=144 Win=65024 Len=1448 TSval=2916043152 TSecr=3045562926 [TCP segment of a reassembled PDU]"
"72847","39.071931691","192.168.1.55","192.168.1.2","TCP","1514","8004  >  37034 [ACK] Seq=337022 Ack=144 Win=65024 Len=1448 TSval=2916043152 TSecr=3045562926 [TCP segment of a reassembled PDU]"
"72848","39.071933136","192.168.1.55","192.168.1.2","TCP","1514","8004  >  37034 [ACK] Seq=338470 Ack=144 Win=65024 Len=1448 TSval=2916043152 TSecr=3045562926 [TCP segment of a reassembled PDU]"
"72849","39.071934543","192.168.1.55","192.168.1.2","TCP","1514","8004  >  37034 [PSH, ACK] Seq=339918 Ack=144 Win=65024 Len=1448 TSval=2916043152 TSecr=3045562926 [TCP segment of a reassembled PDU]"
"72850","39.072323211","192.168.1.2","192.168.1.55","TCP","66","37034  >  8004 [ACK] Seq=144 Ack=253590 Win=89088 Len=0 TSval=3045562926 TSecr=2916043145"
"72851","39.072330822","192.168.1.2","192.168.1.55","TCP","66","37034  >  8004 [ACK] Seq=144 Ack=298478 Win=91136 Len=0 TSval=3045562927 TSecr=2916043145"
"72852","39.072341470","192.168.1.55","192.168.1.2","TCP","1514","8004  >  37034 [ACK] Seq=341366 Ack=144 Win=65024 Len=1448 TSval=2916043153 TSecr=3045562927 [TCP segment of a reassembled PDU]"
"72853","39.072347062","192.168.1.55","192.168.1.2","TCP","618","8004  >  37034 [ACK] Seq=342814 Ack=144 Win=65024 Len=552 TSval=2916043153 TSecr=3045562927 [TCP segment of a reassembled PDU]"
"72854","39.072378137","192.168.1.55","192.168.1.2","TCP","1514","8004  >  37034 [ACK] Seq=343366 Ack=144 Win=65024 Len=1448 TSval=2916043153 TSecr=3045562927 [TCP segment of a reassembled PDU]"
"72855","39.072379785","192.168.1.55","192.168.1.2","TCP","1514","8004  >  37034 [ACK] Seq=344814 Ack=144 Win=65024 Len=1448 TSval=2916043153 TSecr=3045562927 [TCP segment of a reassembled PDU]"
"72856","39.072381248","192.168.1.55","192.168.1.2","TCP","1514","8004  >  37034 [ACK] Seq=346262 Ack=144 Win=65024 Len=1448 TSval=2916043153 TSecr=3045562927 [TCP segment of a reassembled PDU]"
"72857","39.072382729","192.168.1.55","192.168.1.2","TCP","1514","8004  >  37034 [ACK] Seq=347710 Ack=144 Win=65024 Len=1448 TSval=2916043153 TSecr=3045562927 [TCP segment of a reassembled PDU]"
"72858","39.072384359","192.168.1.55","192.168.1.2","TCP","1514","8004  >  37034 [ACK] Seq=349158 Ack=144 Win=65024 Len=1448 TSval=2916043153 TSecr=3045562927 [TCP segment of a reassembled PDU]"
"72859","39.072385840","192.168.1.55","192.168.1.2","TCP","1514","8004  >  37034 [ACK] Seq=350606 Ack=144 Win=65024 Len=1448 TSval=2916043153 TSecr=3045562927 [TCP segment of a reassembled PDU]"
"72860","39.072387266","192.168.1.55","192.168.1.2","TCP","1514","8004  >  37034 [ACK] Seq=352054 Ack=144 Win=65024 Len=1448 TSval=2916043153 TSecr=3045562927 [TCP segment of a reassembled PDU]"
"72861","39.072388711","192.168.1.55","192.168.1.2","TCP","1514","8004  >  37034 [ACK] Seq=353502 Ack=144 Win=65024 Len=1448 TSval=2916043153 TSecr=3045562927 [TCP segment of a reassembled PDU]"
"72862","39.072390322","192.168.1.55","192.168.1.2","TCP","1514","8004  >  37034 [ACK] Seq=354950 Ack=144 Win=65024 Len=1448 TSval=2916043153 TSecr=3045562927 [TCP segment of a reassembled PDU]"
"72863","39.072391655","192.168.1.55","192.168.1.2","TCP","1514","8004  >  37034 [ACK] Seq=356398 Ack=144 Win=65024 Len=1448 TSval=2916043153 TSecr=3045562927 [TCP segment of a reassembled PDU]"
"72864","39.072393137","192.168.1.55","192.168.1.2","TCP","1514","8004  >  37034 [ACK] Seq=357846 Ack=144 Win=65024 Len=1448 TSval=2916043153 TSecr=3045562927 [TCP segment of a reassembled PDU]"
"72865","39.072394433","192.168.1.55","192.168.1.2","TCP","1514","8004  >  37034 [ACK] Seq=359294 Ack=144 Win=65024 Len=1448 TSval=2916043153 TSecr=3045562927 [TCP segment of a reassembled PDU]"
"72866","39.072395840","192.168.1.55","192.168.1.2","TCP","1514","8004  >  37034 [ACK] Seq=360742 Ack=144 Win=65024 Len=1448 TSval=2916043153 TSecr=3045562927 [TCP segment of a reassembled PDU]"
"72867","39.072397322","192.168.1.55","192.168.1.2","TCP","1514","8004  >  37034 [ACK] Seq=362190 Ack=144 Win=65024 Len=1448 TSval=2916043153 TSecr=3045562927 [TCP segment of a reassembled PDU]"
"72868","39.072398637","192.168.1.55","192.168.1.2","TCP","1514","8004  >  37034 [ACK] Seq=363638 Ack=144 Win=65024 Len=1448 TSval=2916043153 TSecr=3045562927 [TCP segment of a reassembled PDU]"
"72869","39.072400340","192.168.1.55","192.168.1.2","TCP","1514","8004  >  37034 [ACK] Seq=365086 Ack=144 Win=65024 Len=1448 TSval=2916043153 TSecr=3045562927 [TCP segment of a reassembled PDU]"
"72870","39.072401785","192.168.1.55","192.168.1.2","TCP","1514","8004  >  37034 [ACK] Seq=366534 Ack=144 Win=65024 Len=1448 TSval=2916043153 TSecr=3045562927 [TCP segment of a reassembled PDU]"
"72871","39.072403303","192.168.1.55","192.168.1.2","TCP","1514","8004  >  37034 [ACK] Seq=367982 Ack=144 Win=65024 Len=1448 TSval=2916043153 TSecr=3045562927 [TCP segment of a reassembled PDU]"
"72872","39.072404674","192.168.1.55","192.168.1.2","TCP","1514","8004  >  37034 [ACK] Seq=369430 Ack=144 Win=65024 Len=1448 TSval=2916043153 TSecr=3045562927 [TCP segment of a reassembled PDU]"
"72873","39.072406211","192.168.1.55","192.168.1.2","TCP","1514","8004  >  37034 [ACK] Seq=370878 Ack=144 Win=65024 Len=1448 TSval=2916043153 TSecr=3045562927 [TCP segment of a reassembled PDU]"
"72874","39.072407637","192.168.1.55","192.168.1.2","TCP","1514","8004  >  37034 [ACK] Seq=372326 Ack=144 Win=65024 Len=1448 TSval=2916043153 TSecr=3045562927 [TCP segment of a reassembled PDU]"
"72875","39.072409081","192.168.1.55","192.168.1.2","TCP","1514","8004  >  37034 [ACK] Seq=373774 Ack=144 Win=65024 Len=1448 TSval=2916043153 TSecr=3045562927 [TCP segment of a reassembled PDU]"
"72876","39.072410396","192.168.1.55","192.168.1.2","TCP","1514","8004  >  37034 [ACK] Seq=375222 Ack=144 Win=65024 Len=1448 TSval=2916043153 TSecr=3045562927 [TCP segment of a reassembled PDU]"
"72877","39.072411785","192.168.1.55","192.168.1.2","TCP","1514","8004  >  37034 [ACK] Seq=376670 Ack=144 Win=65024 Len=1448 TSval=2916043153 TSecr=3045562927 [TCP segment of a reassembled PDU]"
"72878","39.072413100","192.168.1.55","192.168.1.2","TCP","1514","8004  >  37034 [ACK] Seq=378118 Ack=144 Win=65024 Len=1448 TSval=2916043153 TSecr=3045562927 [TCP segment of a reassembled PDU]"
"72879","39.072414785","192.168.1.55","192.168.1.2","TCP","1514","8004  >  37034 [ACK] Seq=379566 Ack=144 Win=65024 Len=1448 TSval=2916043153 TSecr=3045562927 [TCP segment of a reassembled PDU]"
"72880","39.072416340","192.168.1.55","192.168.1.2","TCP","1514","8004  >  37034 [ACK] Seq=381014 Ack=144 Win=65024 Len=1448 TSval=2916043153 TSecr=3045562927 [TCP segment of a reassembled PDU]"
"72881","39.072417655","192.168.1.55","192.168.1.2","TCP","1514","8004  >  37034 [ACK] Seq=382462 Ack=144 Win=65024 Len=1448 TSval=2916043153 TSecr=3045562927 [TCP segment of a reassembled PDU]"
"72882","39.072419044","192.168.1.55","192.168.1.2","TCP","1514","8004  >  37034 [ACK] Seq=383910 Ack=144 Win=65024 Len=1448 TSval=2916043153 TSecr=3045562927 [TCP segment of a reassembled PDU]"
"72883","39.072420359","192.168.1.55","192.168.1.2","TCP","1514","8004  >  37034 [ACK] Seq=385358 Ack=144 Win=65024 Len=1448 TSval=2916043153 TSecr=3045562927 [TCP segment of a reassembled PDU]"
"72884","39.072421896","192.168.1.55","192.168.1.2","TCP","1514","8004  >  37034 [PSH, ACK] Seq=386806 Ack=144 Win=65024 Len=1448 TSval=2916043153 TSecr=3045562927 [TCP segment of a reassembled PDU]"
"72885","39.072425914","192.168.1.2","192.168.1.55","TCP","66","37034  >  8004 [ACK] Seq=144 Ack=312958 Win=76800 Len=0 TSval=3045562927 TSecr=2916043145"
"72886","39.072485081","192.168.1.2","192.168.1.55","TCP","66","37034  >  8004 [ACK] Seq=144 Ack=313854 Win=128000 Len=0 TSval=3045562927 TSecr=2916043145"
"72887","39.072525952","192.168.1.55","192.168.1.2","TCP","1514","8004  >  37034 [ACK] Seq=388254 Ack=144 Win=65024 Len=1448 TSval=2916043153 TSecr=3045562927 [TCP segment of a reassembled PDU]"
"72888","39.072528155","192.168.1.55","192.168.1.2","TCP","1514","8004  >  37034 [ACK] Seq=389702 Ack=144 Win=65024 Len=1448 TSval=2916043153 TSecr=3045562927 [TCP segment of a reassembled PDU]"
"72889","39.072529581","192.168.1.55","192.168.1.2","TCP","1514","8004  >  37034 [ACK] Seq=391150 Ack=144 Win=65024 Len=1448 TSval=2916043153 TSecr=3045562927 [TCP segment of a reassembled PDU]"
"72890","39.072531044","192.168.1.55","192.168.1.2","TCP","1514","8004  >  37034 [ACK] Seq=392598 Ack=144 Win=65024 Len=1448 TSval=2916043153 TSecr=3045562927 [TCP segment of a reassembled PDU]"
"72891","39.072532507","192.168.1.55","192.168.1.2","TCP","1514","8004  >  37034 [ACK] Seq=394046 Ack=144 Win=65024 Len=1448 TSval=2916043153 TSecr=3045562927 [TCP segment of a reassembled PDU]"
"72892","39.072533841","192.168.1.55","192.168.1.2","TCP","1514","8004  >  37034 [ACK] Seq=395494 Ack=144 Win=65024 Len=1448 TSval=2916043153 TSecr=3045562927 [TCP segment of a reassembled PDU]"
"72893","39.072535341","192.168.1.55","192.168.1.2","TCP","1514","8004  >  37034 [ACK] Seq=396942 Ack=144 Win=65024 Len=1448 TSval=2916043153 TSecr=3045562927 [TCP segment of a reassembled PDU]"
"72894","39.072536748","192.168.1.55","192.168.1.2","TCP","1514","8004  >  37034 [ACK] Seq=398390 Ack=144 Win=65024 Len=1448 TSval=2916043153 TSecr=3045562927 [TCP segment of a reassembled PDU]"
"72895","39.072538192","192.168.1.55","192.168.1.2","TCP","1514","8004  >  37034 [ACK] Seq=399838 Ack=144 Win=65024 Len=1448 TSval=2916043153 TSecr=3045562927 [TCP segment of a reassembled PDU]"
"72896","39.072539822","192.168.1.55","192.168.1.2","TCP","1514","8004  >  37034 [ACK] Seq=401286 Ack=144 Win=65024 Len=1448 TSval=2916043153 TSecr=3045562927 [TCP segment of a reassembled PDU]"
"72897","39.072541192","192.168.1.55","192.168.1.2","TCP","1514","8004  >  37034 [ACK] Seq=402734 Ack=144 Win=65024 Len=1448 TSval=2916043153 TSecr=3045562927 [TCP segment of a reassembled PDU]"
"72898","39.072542526","192.168.1.55","192.168.1.2","TCP","1514","8004  >  37034 [ACK] Seq=404182 Ack=144 Win=65024 Len=1448 TSval=2916043153 TSecr=3045562927 [TCP segment of a reassembled PDU]"
"72899","39.072544044","192.168.1.55","192.168.1.2","TCP","1514","8004  >  37034 [ACK] Seq=405630 Ack=144 Win=65024 Len=1448 TSval=2916043153 TSecr=3045562927 [TCP segment of a reassembled PDU]"
"72900","39.072545359","192.168.1.55","192.168.1.2","TCP","1514","8004  >  37034 [ACK] Seq=407078 Ack=144 Win=65024 Len=1448 TSval=2916043153 TSecr=3045562927 [TCP segment of a reassembled PDU]"
"72901","39.072546766","192.168.1.55","192.168.1.2","TCP","1514","8004  >  37034 [ACK] Seq=408526 Ack=144 Win=65024 Len=1448 TSval=2916043153 TSecr=3045562927 [TCP segment of a reassembled PDU]"
"72902","39.072548618","192.168.1.55","192.168.1.2","TCP","1514","8004  >  37034 [ACK] Seq=409974 Ack=144 Win=65024 Len=1448 TSval=2916043153 TSecr=3045562927 [TCP segment of a reassembled PDU]"
"72903","39.072550174","192.168.1.55","192.168.1.2","TCP","1514","8004  >  37034 [ACK] Seq=411422 Ack=144 Win=65024 Len=1448 TSval=2916043153 TSecr=3045562927 [TCP segment of a reassembled PDU]"
"72904","39.072551748","192.168.1.55","192.168.1.2","TCP","1514","8004  >  37034 [ACK] Seq=412870 Ack=144 Win=65024 Len=1448 TSval=2916043153 TSecr=3045562927 [TCP segment of a reassembled PDU]"
"72905","39.072553100","192.168.1.55","192.168.1.2","TCP","1514","8004  >  37034 [ACK] Seq=414318 Ack=144 Win=65024 Len=1448 TSval=2916043153 TSecr=3045562927 [TCP segment of a reassembled PDU]"
"72906","39.072554563","192.168.1.55","192.168.1.2","TCP","1514","8004  >  37034 [ACK] Seq=415766 Ack=144 Win=65024 Len=1448 TSval=2916043153 TSecr=3045562927 [TCP segment of a reassembled PDU]"
"72907","39.072555822","192.168.1.55","192.168.1.2","TCP","1514","8004  >  37034 [ACK] Seq=417214 Ack=144 Win=65024 Len=1448 TSval=2916043153 TSecr=3045562927 [TCP segment of a reassembled PDU]"
"72908","39.072557174","192.168.1.55","192.168.1.2","TCP","1514","8004  >  37034 [ACK] Seq=418662 Ack=144 Win=65024 Len=1448 TSval=2916043153 TSecr=3045562927 [TCP segment of a reassembled PDU]"
"72909","39.072558581","192.168.1.55","192.168.1.2","TCP","1514","8004  >  37034 [ACK] Seq=420110 Ack=144 Win=65024 Len=1448 TSval=2916043153 TSecr=3045562927 [TCP segment of a reassembled PDU]"
"72910","39.072559970","192.168.1.55","192.168.1.2","TCP","1514","8004  >  37034 [ACK] Seq=421558 Ack=144 Win=65024 Len=1448 TSval=2916043153 TSecr=3045562927 [TCP segment of a reassembled PDU]"
"72911","39.072561285","192.168.1.55","192.168.1.2","TCP","1514","8004  >  37034 [ACK] Seq=423006 Ack=144 Win=65024 Len=1448 TSval=2916043153 TSecr=3045562927 [TCP segment of a reassembled PDU]"
"72912","39.072563137","192.168.1.55","192.168.1.2","TCP","1514","8004  >  37034 [ACK] Seq=424454 Ack=144 Win=65024 Len=1448 TSval=2916043153 TSecr=3045562927 [TCP segment of a reassembled PDU]"
"72913","39.072564692","192.168.1.55","192.168.1.2","TCP","1514","8004  >  37034 [ACK] Seq=425902 Ack=144 Win=65024 Len=1448 TSval=2916043153 TSecr=3045562927 [TCP segment of a reassembled PDU]"
"72914","39.072566118","192.168.1.55","192.168.1.2","TCP","1514","8004  >  37034 [ACK] Seq=427350 Ack=144 Win=65024 Len=1448 TSval=2916043153 TSecr=3045562927 [TCP segment of a reassembled PDU]"
"72915","39.072567618","192.168.1.55","192.168.1.2","TCP","1514","8004  >  37034 [ACK] Seq=428798 Ack=144 Win=65024 Len=1448 TSval=2916043153 TSecr=3045562927 [TCP segment of a reassembled PDU]"
"72916","39.072569118","192.168.1.55","192.168.1.2","TCP","1514","8004  >  37034 [ACK] Seq=430246 Ack=144 Win=65024 Len=1448 TSval=2916043153 TSecr=3045562927 [TCP segment of a reassembled PDU]"
"72917","39.072570600","192.168.1.55","192.168.1.2","TCP","1514","8004  >  37034 [PSH, ACK] Seq=431694 Ack=144 Win=65024 Len=1448 TSval=2916043153 TSecr=3045562927 [TCP segment of a reassembled PDU]"
"72918","39.072575933","192.168.1.2","192.168.1.55","TCP","66","37034  >  8004 [ACK] Seq=144 Ack=316750 Win=128000 Len=0 TSval=3045562927 TSecr=2916043145"
"72919","39.072597044","192.168.1.55","192.168.1.2","TCP","1514","8004  >  37034 [ACK] Seq=433142 Ack=144 Win=65024 Len=1448 TSval=2916043153 TSecr=3045562927 [TCP segment of a reassembled PDU]"
"72920","39.072599044","192.168.1.55","192.168.1.2","TCP","1514","8004  >  37034 [ACK] Seq=434590 Ack=144 Win=65024 Len=1448 TSval=2916043153 TSecr=3045562927 [TCP segment of a reassembled PDU]"
"72921","39.072600341","192.168.1.55","192.168.1.2","TCP","1514","8004  >  37034 [ACK] Seq=436038 Ack=144 Win=65024 Len=1448 TSval=2916043153 TSecr=3045562927 [TCP segment of a reassembled PDU]"
"72922","39.072601822","192.168.1.55","192.168.1.2","TCP","1514","8004  >  37034 [ACK] Seq=437486 Ack=144 Win=65024 Len=1448 TSval=2916043153 TSecr=3045562927 [TCP segment of a reassembled PDU]"
"72923","39.072603192","192.168.1.55","192.168.1.2","TCP","1514","8004  >  37034 [ACK] Seq=438934 Ack=144 Win=65024 Len=1448 TSval=2916043153 TSecr=3045562927 [TCP segment of a reassembled PDU]"
"72924","39.072604470","192.168.1.55","192.168.1.2","TCP","1514","8004  >  37034 [ACK] Seq=440382 Ack=144 Win=65024 Len=1448 TSval=2916043153 TSecr=3045562927 [TCP segment of a reassembled PDU]"
"72925","39.072605841","192.168.1.55","192.168.1.2","TCP","1514","8004  >  37034 [ACK] Seq=441830 Ack=144 Win=65024 Len=1448 TSval=2916043153 TSecr=3045562927 [TCP segment of a reassembled PDU]"
"72926","39.072607600","192.168.1.55","192.168.1.2","TCP","1514","8004  >  37034 [PSH, ACK] Seq=443278 Ack=144 Win=65024 Len=1448 TSval=2916043153 TSecr=3045562927 [TCP segment of a reassembled PDU]"
"72927","39.078707221","192.168.1.2","192.168.1.55","TCP","66","37034  >  8004 [ACK] Seq=144 Ack=331230 Win=116736 Len=0 TSval=3045562929 TSecr=2916043151"
"72928","39.078720147","192.168.1.55","192.168.1.2","TCP","1514","8004  >  37034 [ACK] Seq=444726 Ack=144 Win=65024 Len=1448 TSval=2916043159 TSecr=3045562929 [TCP segment of a reassembled PDU]"
"72929","39.078722869","192.168.1.55","192.168.1.2","TCP","1514","8004  >  37034 [PSH, ACK] Seq=446174 Ack=144 Win=65024 Len=1448 TSval=2916043159 TSecr=3045562929 [TCP segment of a reassembled PDU]"
"72930","39.079229277","192.168.1.2","192.168.1.55","TCP","66","37034  >  8004 [ACK] Seq=144 Ack=341366 Win=121856 Len=0 TSval=3045562935 TSecr=2916043152"
"72931","39.079342259","192.168.1.2","192.168.1.55","TCP","66","37034  >  8004 [ACK] Seq=144 Ack=343366 Win=132096 Len=0 TSval=3045562935 TSecr=2916043153"
"72932","39.080557520","192.168.1.2","192.168.1.55","TCP","66","37034  >  8004 [ACK] Seq=144 Ack=388254 Win=193536 Len=0 TSval=3045562935 TSecr=2916043153"
"72933","39.080584965","192.168.1.55","192.168.1.2","TCP","1514","8004  >  37034 [ACK] Seq=447622 Ack=144 Win=65024 Len=1448 TSval=2916043161 TSecr=3045562935 [TCP segment of a reassembled PDU]"
"72934","39.080587520","192.168.1.55","192.168.1.2","TCP","1514","8004  >  37034 [ACK] Seq=449070 Ack=144 Win=65024 Len=1448 TSval=2916043161 TSecr=3045562935 [TCP segment of a reassembled PDU]"
"72935","39.080588965","192.168.1.55","192.168.1.2","TCP","1514","8004  >  37034 [ACK] Seq=450518 Ack=144 Win=65024 Len=1448 TSval=2916043161 TSecr=3045562935 [TCP segment of a reassembled PDU]"
"72936","39.080590428","192.168.1.55","192.168.1.2","TCP","1514","8004  >  37034 [ACK] Seq=451966 Ack=144 Win=65024 Len=1448 TSval=2916043161 TSecr=3045562935 [TCP segment of a reassembled PDU]"
"72937","39.080591835","192.168.1.55","192.168.1.2","TCP","1514","8004  >  37034 [ACK] Seq=453414 Ack=144 Win=65024 Len=1448 TSval=2916043161 TSecr=3045562935 [TCP segment of a reassembled PDU]"
"72938","39.080593113","192.168.1.55","192.168.1.2","TCP","1514","8004  >  37034 [ACK] Seq=454862 Ack=144 Win=65024 Len=1448 TSval=2916043161 TSecr=3045562935 [TCP segment of a reassembled PDU]"
"72939","39.080594761","192.168.1.55","192.168.1.2","TCP","1514","8004  >  37034 [ACK] Seq=456310 Ack=144 Win=65024 Len=1448 TSval=2916043161 TSecr=3045562935 [TCP segment of a reassembled PDU]"
"72940","39.080596076","192.168.1.55","192.168.1.2","TCP","1514","8004  >  37034 [ACK] Seq=457758 Ack=144 Win=65024 Len=1448 TSval=2916043161 TSecr=3045562935 [TCP segment of a reassembled PDU]"
"72941","39.080597520","192.168.1.55","192.168.1.2","TCP","1514","8004  >  37034 [ACK] Seq=459206 Ack=144 Win=65024 Len=1448 TSval=2916043161 TSecr=3045562935 [TCP segment of a reassembled PDU]"
"72942","39.080598872","192.168.1.55","192.168.1.2","TCP","1514","8004  >  37034 [ACK] Seq=460654 Ack=144 Win=65024 Len=1448 TSval=2916043161 TSecr=3045562935 [TCP segment of a reassembled PDU]"
"72943","39.080600224","192.168.1.55","192.168.1.2","TCP","1514","8004  >  37034 [ACK] Seq=462102 Ack=144 Win=65024 Len=1448 TSval=2916043161 TSecr=3045562935 [TCP segment of a reassembled PDU]"
"72944","39.080601668","192.168.1.55","192.168.1.2","TCP","1514","8004  >  37034 [ACK] Seq=463550 Ack=144 Win=65024 Len=1448 TSval=2916043161 TSecr=3045562935 [TCP segment of a reassembled PDU]"
"72945","39.080602983","192.168.1.55","192.168.1.2","TCP","1514","8004  >  37034 [ACK] Seq=464998 Ack=144 Win=65024 Len=1448 TSval=2916043161 TSecr=3045562935 [TCP segment of a reassembled PDU]"
"72946","39.080604298","192.168.1.55","192.168.1.2","TCP","1514","8004  >  37034 [ACK] Seq=466446 Ack=144 Win=65024 Len=1448 TSval=2916043161 TSecr=3045562935 [TCP segment of a reassembled PDU]"
"72947","39.080605706","192.168.1.55","192.168.1.2","TCP","1514","8004  >  37034 [ACK] Seq=467894 Ack=144 Win=65024 Len=1448 TSval=2916043161 TSecr=3045562935 [TCP segment of a reassembled PDU]"
"72948","39.080607428","192.168.1.55","192.168.1.2","TCP","1514","8004  >  37034 [ACK] Seq=469342 Ack=144 Win=65024 Len=1448 TSval=2916043161 TSecr=3045562935 [TCP segment of a reassembled PDU]"
"72949","39.080608854","192.168.1.55","192.168.1.2","TCP","1514","8004  >  37034 [ACK] Seq=470790 Ack=144 Win=65024 Len=1448 TSval=2916043161 TSecr=3045562935 [TCP segment of a reassembled PDU]"
"72950","39.080610206","192.168.1.55","192.168.1.2","TCP","1514","8004  >  37034 [ACK] Seq=472238 Ack=144 Win=65024 Len=1448 TSval=2916043161 TSecr=3045562935 [TCP segment of a reassembled PDU]"
"72951","39.080611557","192.168.1.55","192.168.1.2","TCP","1514","8004  >  37034 [ACK] Seq=473686 Ack=144 Win=65024 Len=1448 TSval=2916043161 TSecr=3045562935 [TCP segment of a reassembled PDU]"
"72952","39.080613335","192.168.1.55","192.168.1.2","TCP","1514","8004  >  37034 [ACK] Seq=475134 Ack=144 Win=65024 Len=1448 TSval=2916043161 TSecr=3045562935 [TCP segment of a reassembled PDU]"
"72953","39.080614983","192.168.1.55","192.168.1.2","TCP","1514","8004  >  37034 [PSH, ACK] Seq=476582 Ack=144 Win=65024 Len=1448 TSval=2916043161 TSecr=3045562935 [TCP segment of a reassembled PDU]"
"72954","39.080632076","192.168.1.55","192.168.1.2","TCP","1514","8004  >  37034 [ACK] Seq=478030 Ack=144 Win=65024 Len=1448 TSval=2916043161 TSecr=3045562935 [TCP segment of a reassembled PDU]"
"72955","39.080633891","192.168.1.55","192.168.1.2","TCP","1514","8004  >  37034 [ACK] Seq=479478 Ack=144 Win=65024 Len=1448 TSval=2916043161 TSecr=3045562935 [TCP segment of a reassembled PDU]"
"72956","39.080635706","192.168.1.55","192.168.1.2","TCP","1514","8004  >  37034 [ACK] Seq=480926 Ack=144 Win=65024 Len=1448 TSval=2916043161 TSecr=3045562935 [TCP segment of a reassembled PDU]"
"72957","39.080637243","192.168.1.55","192.168.1.2","TCP","1514","8004  >  37034 [ACK] Seq=482374 Ack=144 Win=65024 Len=1448 TSval=2916043161 TSecr=3045562935 [TCP segment of a reassembled PDU]"
"72958","39.080638613","192.168.1.55","192.168.1.2","TCP","1514","8004  >  37034 [ACK] Seq=483822 Ack=144 Win=65024 Len=1448 TSval=2916043161 TSecr=3045562935 [TCP segment of a reassembled PDU]"
"72959","39.080639891","192.168.1.55","192.168.1.2","TCP","1514","8004  >  37034 [ACK] Seq=485270 Ack=144 Win=65024 Len=1448 TSval=2916043161 TSecr=3045562935 [TCP segment of a reassembled PDU]"
"72960","39.080645780","192.168.1.55","192.168.1.2","TCP","1514","8004  >  37034 [ACK] Seq=486718 Ack=144 Win=65024 Len=1448 TSval=2916043161 TSecr=3045562935 [TCP segment of a reassembled PDU]"
"72961","39.080647317","192.168.1.55","192.168.1.2","TCP","1514","8004  >  37034 [ACK] Seq=488166 Ack=144 Win=65024 Len=1448 TSval=2916043161 TSecr=3045562935 [TCP segment of a reassembled PDU]"
"72962","39.080648724","192.168.1.55","192.168.1.2","TCP","1514","8004  >  37034 [ACK] Seq=489614 Ack=144 Win=65024 Len=1448 TSval=2916043161 TSecr=3045562935 [TCP segment of a reassembled PDU]"
"72963","39.080650020","192.168.1.55","192.168.1.2","TCP","1514","8004  >  37034 [ACK] Seq=491062 Ack=144 Win=65024 Len=1448 TSval=2916043161 TSecr=3045562935 [TCP segment of a reassembled PDU]"
"72964","39.080651317","192.168.1.55","192.168.1.2","TCP","1514","8004  >  37034 [ACK] Seq=492510 Ack=144 Win=65024 Len=1448 TSval=2916043161 TSecr=3045562935 [TCP segment of a reassembled PDU]"
"72965","39.080652632","192.168.1.55","192.168.1.2","TCP","1514","8004  >  37034 [ACK] Seq=493958 Ack=144 Win=65024 Len=1448 TSval=2916043161 TSecr=3045562935 [TCP segment of a reassembled PDU]"
"72966","39.080653909","192.168.1.55","192.168.1.2","TCP","1514","8004  >  37034 [ACK] Seq=495406 Ack=144 Win=65024 Len=1448 TSval=2916043161 TSecr=3045562935 [TCP segment of a reassembled PDU]"
"72967","39.080655335","192.168.1.55","192.168.1.2","TCP","1514","8004  >  37034 [ACK] Seq=496854 Ack=144 Win=65024 Len=1448 TSval=2916043161 TSecr=3045562935 [TCP segment of a reassembled PDU]"
"72968","39.080656632","192.168.1.55","192.168.1.2","HTTP","222","HTTP/1.0 200 OK  (PNG)"
"72969","39.080711632","192.168.1.2","192.168.1.55","TCP","66","37034  >  8004 [ACK] Seq=144 Ack=433142 Win=193536 Len=0 TSval=3045562935 TSecr=2916043153"
"72970","39.080719946","192.168.1.2","192.168.1.55","TCP","66","37034  >  8004 [ACK] Seq=144 Ack=444726 Win=182272 Len=0 TSval=3045562935 TSecr=2916043153"
"72971","39.081937745","192.168.1.2","192.168.1.55","TCP","66","37034  >  8004 [ACK] Seq=144 Ack=447622 Win=198656 Len=0 TSval=3045562936 TSecr=2916043159"
"72972","39.084673675","192.168.1.2","192.168.1.55","TCP","66","37034  >  8004 [ACK] Seq=144 Ack=478030 Win=204800 Len=0 TSval=3045562940 TSecr=2916043161"
"72973","39.084782046","192.168.1.2","192.168.1.55","TCP","66","37034  >  8004 [ACK] Seq=144 Ack=498302 Win=185344 Len=0 TSval=3045562940 TSecr=2916043161"
"72974","39.086259659","192.168.1.2","192.168.1.55","TCP","66","37034  >  8004 [FIN, ACK] Seq=144 Ack=498459 Win=207872 Len=0 TSval=3045562940 TSecr=2916043161"
"72975","39.086275344","192.168.1.55","192.168.1.2","TCP","66","8004  >  37034 [ACK] Seq=498459 Ack=145 Win=65024 Len=0 TSval=2916043166 TSecr=3045562940"
"72976","39.086326456","192.168.1.2","192.168.1.55","TCP","74","37036  >  8004 [SYN] Seq=0 Win=64240 Len=0 MSS=1460 SACK_PERM TSval=3045562941 TSecr=0 WS=1024"
"72977","39.086351307","192.168.1.55","192.168.1.2","TCP","74","8004  >  37036 [SYN, ACK] Seq=0 Ack=1 Win=65160 Len=0 MSS=1460 SACK_PERM TSval=2916043167 TSecr=3045562941 WS=128"
"72978","39.089783906","192.168.1.2","192.168.1.55","TCP","66","37036  >  8004 [ACK] Seq=1 Ack=1 Win=64512 Len=0 TSval=3045562944 TSecr=2916043167"
"72979","39.092992096","192.168.1.2","192.168.1.55","HTTP","206","GET /stego_benchmark.png HTTP/1.1 "
"72980","39.093003226","192.168.1.55","192.168.1.2","TCP","66","8004  >  37036 [ACK] Seq=1 Ack=141 Win=65024 Len=0 TSval=2916043173 TSecr=3045562944"
"72981","39.093475875","192.168.1.55","192.168.1.2","TCP","255","8004  >  37036 [PSH, ACK] Seq=1 Ack=141 Win=65024 Len=189 TSval=2916043174 TSecr=3045562944 [TCP segment of a reassembled PDU]"
"72982","39.093561745","192.168.1.55","192.168.1.2","TCP","1514","8004  >  37036 [ACK] Seq=190 Ack=141 Win=65024 Len=1448 TSval=2916043174 TSecr=3045562944 [TCP segment of a reassembled PDU]"
"72983","39.093566004","192.168.1.55","192.168.1.2","TCP","1514","8004  >  37036 [ACK] Seq=1638 Ack=141 Win=65024 Len=1448 TSval=2916043174 TSecr=3045562944 [TCP segment of a reassembled PDU]"
"72984","39.093567634","192.168.1.55","192.168.1.2","TCP","1514","8004  >  37036 [ACK] Seq=3086 Ack=141 Win=65024 Len=1448 TSval=2916043174 TSecr=3045562944 [TCP segment of a reassembled PDU]"
"72985","39.093568967","192.168.1.55","192.168.1.2","TCP","1514","8004  >  37036 [ACK] Seq=4534 Ack=141 Win=65024 Len=1448 TSval=2916043174 TSecr=3045562944 [TCP segment of a reassembled PDU]"
"72986","39.093571264","192.168.1.55","192.168.1.2","TCP","1514","8004  >  37036 [PSH, ACK] Seq=5982 Ack=141 Win=65024 Len=1448 TSval=2916043174 TSecr=3045562944 [TCP segment of a reassembled PDU]"
"72987","39.093589264","192.168.1.55","192.168.1.2","TCP","1514","8004  >  37036 [ACK] Seq=7430 Ack=141 Win=65024 Len=1448 TSval=2916043174 TSecr=3045562944 [TCP segment of a reassembled PDU]"
"72988","39.093591023","192.168.1.55","192.168.1.2","TCP","1514","8004  >  37036 [ACK] Seq=8878 Ack=141 Win=65024 Len=1448 TSval=2916043174 TSecr=3045562944 [TCP segment of a reassembled PDU]"
"72989","39.093592356","192.168.1.55","192.168.1.2","TCP","1514","8004  >  37036 [ACK] Seq=10326 Ack=141 Win=65024 Len=1448 TSval=2916043174 TSecr=3045562944 [TCP segment of a reassembled PDU]"
"72990","39.093593764","192.168.1.55","192.168.1.2","TCP","1514","8004  >  37036 [PSH, ACK] Seq=11774 Ack=141 Win=65024 Len=1448 TSval=2916043174 TSecr=3045562944 [TCP segment of a reassembled PDU]"
"72991","39.096957973","192.168.1.2","192.168.1.55","TCP","66","37036  >  8004 [ACK] Seq=141 Ack=190 Win=64512 Len=0 TSval=3045562951 TSecr=2916043174"
"72992","39.097027121","192.168.1.55","192.168.1.2","TCP","1514","8004  >  37036 [ACK] Seq=13222 Ack=141 Win=65024 Len=1448 TSval=2916043177 TSecr=3045562951 [TCP segment of a reassembled PDU]"
"72993","39.097036917","192.168.1.55","192.168.1.2","TCP","1514","8004  >  37036 [PSH, ACK] Seq=14670 Ack=141 Win=65024 Len=1448 TSval=2916043177 TSecr=3045562951 [TCP segment of a reassembled PDU]"
"72994","39.097216084","192.168.1.2","192.168.1.55","TCP","66","37036  >  8004 [ACK] Seq=141 Ack=3086 Win=70656 Len=0 TSval=3045562951 TSecr=2916043174"
"72995","39.097256177","192.168.1.2","192.168.1.55","TCP","66","37036  >  8004 [ACK] Seq=141 Ack=5982 Win=76800 Len=0 TSval=3045562951 TSecr=2916043174"
"72996","39.097324936","192.168.1.55","192.168.1.2","TCP","1514","8004  >  37036 [ACK] Seq=16118 Ack=141 Win=65024 Len=1448 TSval=2916043177 TSecr=3045562951 [TCP segment of a reassembled PDU]"
"72997","39.097331159","192.168.1.55","192.168.1.2","TCP","1514","8004  >  37036 [ACK] Seq=17566 Ack=141 Win=65024 Len=1448 TSval=2916043177 TSecr=3045562951 [TCP segment of a reassembled PDU]"
"72998","39.097334362","192.168.1.55","192.168.1.2","TCP","1514","8004  >  37036 [ACK] Seq=19014 Ack=141 Win=65024 Len=1448 TSval=2916043177 TSecr=3045562951 [TCP segment of a reassembled PDU]"
"72999","39.097336511","192.168.1.55","192.168.1.2","TCP","1514","8004  >  37036 [ACK] Seq=20462 Ack=141 Win=65024 Len=1448 TSval=2916043177 TSecr=3045562951 [TCP segment of a reassembled PDU]"
"73000","39.097338622","192.168.1.55","192.168.1.2","TCP","1514","8004  >  37036 [ACK] Seq=21910 Ack=141 Win=65024 Len=1448 TSval=2916043177 TSecr=3045562951 [TCP segment of a reassembled PDU]"
"73001","39.097340362","192.168.1.55","192.168.1.2","TCP","1514","8004  >  37036 [ACK] Seq=23358 Ack=141 Win=65024 Len=1448 TSval=2916043177 TSecr=3045562951 [TCP segment of a reassembled PDU]"
"73002","39.097342011","192.168.1.55","192.168.1.2","TCP","1514","8004  >  37036 [PSH, ACK] Seq=24806 Ack=141 Win=65024 Len=1448 TSval=2916043177 TSecr=3045562951 [TCP segment of a reassembled PDU]"
"73003","39.097359122","192.168.1.2","192.168.1.55","TCP","66","37036  >  8004 [ACK] Seq=141 Ack=7430 Win=79872 Len=0 TSval=3045562952 TSecr=2916043174"
"73004","39.097375455","192.168.1.2","192.168.1.55","TCP","66","37036  >  8004 [ACK] Seq=141 Ack=13222 Win=79872 Len=0 TSval=3045562952 TSecr=2916043174"
"73005","39.097435381","192.168.1.55","192.168.1.2","TCP","1514","8004  >  37036 [ACK] Seq=26254 Ack=141 Win=65024 Len=1448 TSval=2916043178 TSecr=3045562952 [TCP segment of a reassembled PDU]"
"73006","39.097440770","192.168.1.55","192.168.1.2","TCP","1514","8004  >  37036 [ACK] Seq=27702 Ack=141 Win=65024 Len=1448 TSval=2916043178 TSecr=3045562952 [TCP segment of a reassembled PDU]"
"73007","39.097445418","192.168.1.55","192.168.1.2","TCP","1514","8004  >  37036 [ACK] Seq=29150 Ack=141 Win=65024 Len=1448 TSval=2916043178 TSecr=3045562952 [TCP segment of a reassembled PDU]"
"73008","39.097448603","192.168.1.55","192.168.1.2","TCP","1514","8004  >  37036 [ACK] Seq=30598 Ack=141 Win=65024 Len=1448 TSval=2916043178 TSecr=3045562952 [TCP segment of a reassembled PDU]"
"73009","39.097451363","192.168.1.55","192.168.1.2","TCP","1514","8004  >  37036 [ACK] Seq=32046 Ack=141 Win=65024 Len=1448 TSval=2916043178 TSecr=3045562952 [TCP segment of a reassembled PDU]"
"73010","39.097453196","192.168.1.55","192.168.1.2","TCP","1514","8004  >  37036 [ACK] Seq=33494 Ack=141 Win=65024 Len=1448 TSval=2916043178 TSecr=3045562952 [TCP segment of a reassembled PDU]"
"73011","39.097454937","192.168.1.55","192.168.1.2","TCP","1514","8004  >  37036 [ACK] Seq=34942 Ack=141 Win=65024 Len=1448 TSval=2916043178 TSecr=3045562952 [TCP segment of a reassembled PDU]"
"73012","39.097457437","192.168.1.55","192.168.1.2","TCP","1514","8004  >  37036 [ACK] Seq=36390 Ack=141 Win=65024 Len=1448 TSval=2916043178 TSecr=3045562952 [TCP segment of a reassembled PDU]"
"73013","39.097459603","192.168.1.55","192.168.1.2","TCP","1514","8004  >  37036 [ACK] Seq=37838 Ack=141 Win=65024 Len=1448 TSval=2916043178 TSecr=3045562952 [TCP segment of a reassembled PDU]"
"73014","39.097462011","192.168.1.55","192.168.1.2","TCP","1514","8004  >  37036 [PSH, ACK] Seq=39286 Ack=141 Win=65024 Len=1448 TSval=2916043178 TSecr=3045562952 [TCP segment of a reassembled PDU]"
"73015","39.098361549","192.168.1.55","192.168.1.2","TCP","1514","8004  >  37036 [ACK] Seq=40734 Ack=141 Win=65024 Len=1448 TSval=2916043179 TSecr=3045562952 [TCP segment of a reassembled PDU]"
"73016","39.101918777","192.168.1.2","192.168.1.55","TCP","66","37036  >  8004 [ACK] Seq=141 Ack=16118 Win=84992 Len=0 TSval=3045562956 TSecr=2916043177"
"73017","39.101994407","192.168.1.55","192.168.1.2","TCP","1514","8004  >  37036 [ACK] Seq=42182 Ack=141 Win=65024 Len=1448 TSval=2916043182 TSecr=3045562956 [TCP segment of a reassembled PDU]"
"73018","39.101999703","192.168.1.55","192.168.1.2","TCP","1514","8004  >  37036 [PSH, ACK] Seq=43630 Ack=141 Win=65024 Len=1448 TSval=2916043182 TSecr=3045562956 [TCP segment of a reassembled PDU]"
"73019","39.102116241","192.168.1.2","192.168.1.55","TCP","66","37036  >  8004 [ACK] Seq=141 Ack=26254 Win=83968 Len=0 TSval=3045562956 TSecr=2916043177"
"73020","39.102173852","192.168.1.55","192.168.1.2","TCP","1514","8004  >  37036 [ACK] Seq=45078 Ack=141 Win=65024 Len=1448 TSval=2916043182 TSecr=3045562956 [TCP segment of a reassembled PDU]"
"73021","39.102178463","192.168.1.55","192.168.1.2","TCP","1514","8004  >  37036 [ACK] Seq=46526 Ack=141 Win=65024 Len=1448 TSval=2916043182 TSecr=3045562956 [TCP segment of a reassembled PDU]"
"73022","39.102180092","192.168.1.55","192.168.1.2","TCP","1514","8004  >  37036 [ACK] Seq=47974 Ack=141 Win=65024 Len=1448 TSval=2916043182 TSecr=3045562956 [TCP segment of a reassembled PDU]"
"73023","39.102181704","192.168.1.55","192.168.1.2","TCP","1514","8004  >  37036 [ACK] Seq=49422 Ack=141 Win=65024 Len=1448 TSval=2916043182 TSecr=3045562956 [TCP segment of a reassembled PDU]"
"73024","39.102182944","192.168.1.55","192.168.1.2","TCP","1514","8004  >  37036 [ACK] Seq=50870 Ack=141 Win=65024 Len=1448 TSval=2916043182 TSecr=3045562956 [TCP segment of a reassembled PDU]"
"73025","39.102184092","192.168.1.55","192.168.1.2","TCP","1514","8004  >  37036 [ACK] Seq=52318 Ack=141 Win=65024 Len=1448 TSval=2916043182 TSecr=3045562956 [TCP segment of a reassembled PDU]"
"73026","39.102185278","192.168.1.55","192.168.1.2","TCP","1514","8004  >  37036 [ACK] Seq=53766 Ack=141 Win=65024 Len=1448 TSval=2916043182 TSecr=3045562956 [TCP segment of a reassembled PDU]"
"73027","39.102186500","192.168.1.55","192.168.1.2","TCP","1514","8004  >  37036 [ACK] Seq=55214 Ack=141 Win=65024 Len=1448 TSval=2916043182 TSecr=3045562956 [TCP segment of a reassembled PDU]"
"73028","39.102187796","192.168.1.55","192.168.1.2","TCP","1514","8004  >  37036 [ACK] Seq=56662 Ack=141 Win=65024 Len=1448 TSval=2916043182 TSecr=3045562956 [TCP segment of a reassembled PDU]"
"73029","39.102189852","192.168.1.55","192.168.1.2","TCP","1514","8004  >  37036 [ACK] Seq=58110 Ack=141 Win=65024 Len=1448 TSval=2916043182 TSecr=3045562956 [TCP segment of a reassembled PDU]"
"73030","39.102191426","192.168.1.55","192.168.1.2","TCP","1514","8004  >  37036 [ACK] Seq=59558 Ack=141 Win=65024 Len=1448 TSval=2916043182 TSecr=3045562956 [TCP segment of a reassembled PDU]"
"73031","39.102192907","192.168.1.55","192.168.1.2","TCP","1514","8004  >  37036 [ACK] Seq=61006 Ack=141 Win=65024 Len=1448 TSval=2916043182 TSecr=3045562956 [TCP segment of a reassembled PDU]"
"73032","39.102194296","192.168.1.55","192.168.1.2","TCP","1514","8004  >  37036 [ACK] Seq=62454 Ack=141 Win=65024 Len=1448 TSval=2916043182 TSecr=3045562956 [TCP segment of a reassembled PDU]"
"73033","39.102195537","192.168.1.55","192.168.1.2","TCP","1514","8004  >  37036 [PSH, ACK] Seq=63902 Ack=141 Win=65024 Len=1448 TSval=2916043182 TSecr=3045562956 [TCP segment of a reassembled PDU]"
"73034","39.102205000","192.168.1.2","192.168.1.55","TCP","66","37036  >  8004 [ACK] Seq=141 Ack=36390 Win=74752 Len=0 TSval=3045562956 TSecr=2916043178"
"73035","39.102239481","192.168.1.55","192.168.1.2","TCP","1514","8004  >  37036 [ACK] Seq=65350 Ack=141 Win=65024 Len=1448 TSval=2916043182 TSecr=3045562956 [TCP segment of a reassembled PDU]"
"73036","39.102242463","192.168.1.55","192.168.1.2","TCP","1514","8004  >  37036 [ACK] Seq=66798 Ack=141 Win=65024 Len=1448 TSval=2916043182 TSecr=3045562956 [TCP segment of a reassembled PDU]"
"73037","39.102243704","192.168.1.55","192.168.1.2","TCP","1514","8004  >  37036 [ACK] Seq=68246 Ack=141 Win=65024 Len=1448 TSval=2916043182 TSecr=3045562956 [TCP segment of a reassembled PDU]"
"73038","39.102245037","192.168.1.55","192.168.1.2","TCP","1514","8004  >  37036 [ACK] Seq=69694 Ack=141 Win=65024 Len=1448 TSval=2916043182 TSecr=3045562956 [TCP segment of a reassembled PDU]"
"73039","39.102246167","192.168.1.55","192.168.1.2","TCP","1514","8004  >  37036 [ACK] Seq=71142 Ack=141 Win=65024 Len=1448 TSval=2916043182 TSecr=3045562956 [TCP segment of a reassembled PDU]"
"73040","39.102247722","192.168.1.55","192.168.1.2","TCP","1514","8004  >  37036 [ACK] Seq=72590 Ack=141 Win=65024 Len=1448 TSval=2916043182 TSecr=3045562956 [TCP segment of a reassembled PDU]"
"73041","39.102250222","192.168.1.55","192.168.1.2","TCP","1514","8004  >  37036 [ACK] Seq=74038 Ack=141 Win=65024 Len=1448 TSval=2916043182 TSecr=3045562956 [TCP segment of a reassembled PDU]"
"73042","39.102252204","192.168.1.55","192.168.1.2","TCP","1514","8004  >  37036 [PSH, ACK] Seq=75486 Ack=141 Win=65024 Len=1448 TSval=2916043182 TSecr=3045562956 [TCP segment of a reassembled PDU]"
"73043","39.102259389","192.168.1.2","192.168.1.55","TCP","66","37036  >  8004 [ACK] Seq=141 Ack=39286 Win=90112 Len=0 TSval=3045562957 TSecr=2916043178"
"73044","39.102265074","192.168.1.2","192.168.1.55","TCP","66","37036  >  8004 [ACK] Seq=141 Ack=40734 Win=91136 Len=0 TSval=3045562957 TSecr=2916043178"
"73045","39.102333278","192.168.1.55","192.168.1.2","TCP","1514","8004  >  37036 [ACK] Seq=76934 Ack=141 Win=65024 Len=1448 TSval=2916043182 TSecr=3045562957 [TCP segment of a reassembled PDU]"
"73046","39.102337556","192.168.1.55","192.168.1.2","TCP","1514","8004  >  37036 [ACK] Seq=78382 Ack=141 Win=65024 Len=1448 TSval=2916043182 TSecr=3045562957 [TCP segment of a reassembled PDU]"
"73047","39.102339574","192.168.1.55","192.168.1.2","TCP","1514","8004  >  37036 [ACK] Seq=79830 Ack=141 Win=65024 Len=1448 TSval=2916043182 TSecr=3045562957 [TCP segment of a reassembled PDU]"
"73048","39.102341482","192.168.1.55","192.168.1.2","TCP","1514","8004  >  37036 [ACK] Seq=81278 Ack=141 Win=65024 Len=1448 TSval=2916043182 TSecr=3045562957 [TCP segment of a reassembled PDU]"
"73049","39.102342815","192.168.1.55","192.168.1.2","TCP","1514","8004  >  37036 [ACK] Seq=82726 Ack=141 Win=65024 Len=1448 TSval=2916043182 TSecr=3045562957 [TCP segment of a reassembled PDU]"
"73050","39.102344074","192.168.1.55","192.168.1.2","TCP","1514","8004  >  37036 [ACK] Seq=84174 Ack=141 Win=65024 Len=1448 TSval=2916043182 TSecr=3045562957 [TCP segment of a reassembled PDU]"
"73051","39.102345333","192.168.1.55","192.168.1.2","TCP","1514","8004  >  37036 [ACK] Seq=85622 Ack=141 Win=65024 Len=1448 TSval=2916043182 TSecr=3045562957 [TCP segment of a reassembled PDU]"
"73052","39.102346889","192.168.1.55","192.168.1.2","TCP","1514","8004  >  37036 [ACK] Seq=87070 Ack=141 Win=65024 Len=1448 TSval=2916043182 TSecr=3045562957 [TCP segment of a reassembled PDU]"
"73053","39.102348704","192.168.1.55","192.168.1.2","TCP","1514","8004  >  37036 [ACK] Seq=88518 Ack=141 Win=65024 Len=1448 TSval=2916043182 TSecr=3045562957 [TCP segment of a reassembled PDU]"
"73054","39.102350352","192.168.1.55","192.168.1.2","TCP","1514","8004  >  37036 [ACK] Seq=89966 Ack=141 Win=65024 Len=1448 TSval=2916043182 TSecr=3045562957 [TCP segment of a reassembled PDU]"
"73055","39.102351611","192.168.1.55","192.168.1.2","TCP","1514","8004  >  37036 [ACK] Seq=91414 Ack=141 Win=65024 Len=1448 TSval=2916043182 TSecr=3045562957 [TCP segment of a reassembled PDU]"
"73056","39.102352833","192.168.1.55","192.168.1.2","TCP","1514","8004  >  37036 [ACK] Seq=92862 Ack=141 Win=65024 Len=1448 TSval=2916043182 TSecr=3045562957 [TCP segment of a reassembled PDU]"
"73057","39.102354278","192.168.1.55","192.168.1.2","TCP","1514","8004  >  37036 [ACK] Seq=94310 Ack=141 Win=65024 Len=1448 TSval=2916043182 TSecr=3045562957 [TCP segment of a reassembled PDU]"
"73058","39.102355871","192.168.1.55","192.168.1.2","TCP","1514","8004  >  37036 [PSH, ACK] Seq=95758 Ack=141 Win=65024 Len=1448 TSval=2916043182 TSecr=3045562957 [TCP segment of a reassembled PDU]"
"73059","39.105141764","192.168.1.2","192.168.1.55","TCP","66","37036  >  8004 [ACK] Seq=141 Ack=42182 Win=91136 Len=0 TSval=3045562957 TSecr=2916043179"
"73060","39.105163060","192.168.1.55","192.168.1.2","TCP","1514","8004  >  37036 [ACK] Seq=97206 Ack=141 Win=65024 Len=1448 TSval=2916043185 TSecr=3045562957 [TCP segment of a reassembled PDU]"
"73061","39.105166097","192.168.1.55","192.168.1.2","TCP","1514","8004  >  37036 [PSH, ACK] Seq=98654 Ack=141 Win=65024 Len=1448 TSval=2916043185 TSecr=3045562957 [TCP segment of a reassembled PDU]"
"73062","39.108444010","192.168.1.2","192.168.1.55","TCP","66","37036  >  8004 [ACK] Seq=141 Ack=45078 Win=89088 Len=0 TSval=3045562962 TSecr=2916043182"
"73063","39.108456992","192.168.1.55","192.168.1.2","TCP","1514","8004  >  37036 [ACK] Seq=100102 Ack=141 Win=65024 Len=1448 TSval=2916043189 TSecr=3045562962 [TCP segment of a reassembled PDU]"
"73064","39.108459343","192.168.1.55","192.168.1.2","TCP","1514","8004  >  37036 [ACK] Seq=101550 Ack=141 Win=65024 Len=1448 TSval=2916043189 TSecr=3045562962 [TCP segment of a reassembled PDU]"
"73065","39.108460621","192.168.1.55","192.168.1.2","TCP","1514","8004  >  37036 [ACK] Seq=102998 Ack=141 Win=65024 Len=1448 TSval=2916043189 TSecr=3045562962 [TCP segment of a reassembled PDU]"
"73066","39.108461788","192.168.1.55","192.168.1.2","TCP","1514","8004  >  37036 [PSH, ACK] Seq=104446 Ack=141 Win=65024 Len=1448 TSval=2916043189 TSecr=3045562962 [TCP segment of a reassembled PDU]"
"73067","39.108729992","192.168.1.2","192.168.1.55","TCP","66","37036  >  8004 [ACK] Seq=141 Ack=65350 Win=73728 Len=0 TSval=3045562962 TSecr=2916043182"
"73068","39.108746474","192.168.1.55","192.168.1.2","TCP","1514","8004  >  37036 [ACK] Seq=105894 Ack=141 Win=65024 Len=1448 TSval=2916043189 TSecr=3045562962 [TCP segment of a reassembled PDU]"
"73069","39.108748585","192.168.1.55","192.168.1.2","TCP","1514","8004  >  37036 [ACK] Seq=107342 Ack=141 Win=65024 Len=1448 TSval=2916043189 TSecr=3045562962 [TCP segment of a reassembled PDU]"
"73070","39.108749825","192.168.1.55","192.168.1.2","TCP","1514","8004  >  37036 [ACK] Seq=108790 Ack=141 Win=65024 Len=1448 TSval=2916043189 TSecr=3045562962 [TCP segment of a reassembled PDU]"
"73071","39.108750974","192.168.1.55","192.168.1.2","TCP","1514","8004  >  37036 [ACK] Seq=110238 Ack=141 Win=65024 Len=1448 TSval=2916043189 TSecr=3045562962 [TCP segment of a reassembled PDU]"
"73072","39.108752140","192.168.1.55","192.168.1.2","TCP","1514","8004  >  37036 [ACK] Seq=111686 Ack=141 Win=65024 Len=1448 TSval=2916043189 TSecr=3045562962 [TCP segment of a reassembled PDU]"
"73073","39.108753603","192.168.1.55","192.168.1.2","TCP","1514","8004  >  37036 [ACK] Seq=113134 Ack=141 Win=65024 Len=1448 TSval=2916043189 TSecr=3045562962 [TCP segment of a reassembled PDU]"
"73074","39.108754733","192.168.1.55","192.168.1.2","TCP","1514","8004  >  37036 [PSH, ACK] Seq=114582 Ack=141 Win=65024 Len=1448 TSval=2916043189 TSecr=3045562962 [TCP segment of a reassembled PDU]"
"73075","39.108760214","192.168.1.2","192.168.1.55","TCP","66","37036  >  8004 [ACK] Seq=141 Ack=76934 Win=62464 Len=0 TSval=3045562962 TSecr=2916043182"
"73076","39.108785325","192.168.1.55","192.168.1.2","TCP","1514","8004  >  37036 [ACK] Seq=116030 Ack=141 Win=65024 Len=1448 TSval=2916043189 TSecr=3045562962 [TCP segment of a reassembled PDU]"
"73077","39.108786862","192.168.1.55","192.168.1.2","TCP","1514","8004  >  37036 [ACK] Seq=117478 Ack=141 Win=65024 Len=1448 TSval=2916043189 TSecr=3045562962 [TCP segment of a reassembled PDU]"
"73078","39.108788029","192.168.1.55","192.168.1.2","TCP","1514","8004  >  37036 [ACK] Seq=118926 Ack=141 Win=65024 Len=1448 TSval=2916043189 TSecr=3045562962 [TCP segment of a reassembled PDU]"
"73079","39.108789288","192.168.1.55","192.168.1.2","TCP","1514","8004  >  37036 [ACK] Seq=120374 Ack=141 Win=65024 Len=1448 TSval=2916043189 TSecr=3045562962 [TCP segment of a reassembled PDU]"
"73080","39.108790492","192.168.1.55","192.168.1.2","TCP","1514","8004  >  37036 [ACK] Seq=121822 Ack=141 Win=65024 Len=1448 TSval=2916043189 TSecr=3045562962 [TCP segment of a reassembled PDU]"
"73081","39.108791751","192.168.1.55","192.168.1.2","TCP","1514","8004  >  37036 [ACK] Seq=123270 Ack=141 Win=65024 Len=1448 TSval=2916043189 TSecr=3045562962 [TCP segment of a reassembled PDU]"
"73082","39.108792992","192.168.1.55","192.168.1.2","TCP","1514","8004  >  37036 [ACK] Seq=124718 Ack=141 Win=65024 Len=1448 TSval=2916043189 TSecr=3045562962 [TCP segment of a reassembled PDU]"
"73083","39.108794159","192.168.1.55","192.168.1.2","TCP","1514","8004  >  37036 [ACK] Seq=126166 Ack=141 Win=65024 Len=1448 TSval=2916043189 TSecr=3045562962 [TCP segment of a reassembled PDU]"
"73084","39.108795418","192.168.1.55","192.168.1.2","TCP","1514","8004  >  37036 [ACK] Seq=127614 Ack=141 Win=65024 Len=1448 TSval=2916043189 TSecr=3045562962 [TCP segment of a reassembled PDU]"
"73085","39.108796825","192.168.1.55","192.168.1.2","TCP","1514","8004  >  37036 [ACK] Seq=129062 Ack=141 Win=65024 Len=1448 TSval=2916043189 TSecr=3045562962 [TCP segment of a reassembled PDU]"
"73086","39.108797955","192.168.1.55","192.168.1.2","TCP","1514","8004  >  37036 [ACK] Seq=130510 Ack=141 Win=65024 Len=1448 TSval=2916043189 TSecr=3045562962 [TCP segment of a reassembled PDU]"
"73087","39.108799270","192.168.1.55","192.168.1.2","TCP","1514","8004  >  37036 [ACK] Seq=131958 Ack=141 Win=65024 Len=1448 TSval=2916043189 TSecr=3045562962 [TCP segment of a reassembled PDU]"
"73088","39.108800400","192.168.1.55","192.168.1.2","TCP","1514","8004  >  37036 [ACK] Seq=133406 Ack=141 Win=65024 Len=1448 TSval=2916043189 TSecr=3045562962 [TCP segment of a reassembled PDU]"
"73089","39.108801733","192.168.1.55","192.168.1.2","TCP","1514","8004  >  37036 [ACK] Seq=134854 Ack=141 Win=65024 Len=1448 TSval=2916043189 TSecr=3045562962 [TCP segment of a reassembled PDU]"
"73090","39.108802974","192.168.1.55","192.168.1.2","TCP","1514","8004  >  37036 [ACK] Seq=136302 Ack=141 Win=65024 Len=1448 TSval=2916043189 TSecr=3045562962 [TCP segment of a reassembled PDU]"
"73091","39.108804140","192.168.1.55","192.168.1.2","TCP","1514","8004  >  37036 [ACK] Seq=137750 Ack=141 Win=65024 Len=1448 TSval=2916043189 TSecr=3045562962 [TCP segment of a reassembled PDU]"
"73092","39.108805400","192.168.1.55","192.168.1.2","TCP","266","[TCP Window Full] 8004  >  37036 [PSH, ACK] Seq=139198 Ack=141 Win=65024 Len=200 TSval=2916043189 TSecr=3045562962 [TCP segment of a reassembled PDU]"
"73093","39.108809029","192.168.1.2","192.168.1.55","TCP","66","37036  >  8004 [ACK] Seq=141 Ack=91414 Win=66560 Len=0 TSval=3045562962 TSecr=2916043182"
"73094","39.108832159","192.168.1.55","192.168.1.2","TCP","1514","8004  >  37036 [ACK] Seq=139398 Ack=141 Win=65024 Len=1448 TSval=2916043189 TSecr=3045562962 [TCP segment of a reassembled PDU]"
"73095","39.108834159","192.168.1.55","192.168.1.2","TCP","1514","8004  >  37036 [ACK] Seq=140846 Ack=141 Win=65024 Len=1448 TSval=2916043189 TSecr=3045562962 [TCP segment of a reassembled PDU]"
"73096","39.108835529","192.168.1.55","192.168.1.2","TCP","1514","8004  >  37036 [ACK] Seq=142294 Ack=141 Win=65024 Len=1448 TSval=2916043189 TSecr=3045562962 [TCP segment of a reassembled PDU]"
"73097","39.108837270","192.168.1.55","192.168.1.2","TCP","1514","8004  >  37036 [ACK] Seq=143742 Ack=141 Win=65024 Len=1448 TSval=2916043189 TSecr=3045562962 [TCP segment of a reassembled PDU]"
"73098","39.108838677","192.168.1.55","192.168.1.2","TCP","1514","8004  >  37036 [ACK] Seq=145190 Ack=141 Win=65024 Len=1448 TSval=2916043189 TSecr=3045562962 [TCP segment of a reassembled PDU]"
"73099","39.108840233","192.168.1.55","192.168.1.2","TCP","1514","8004  >  37036 [ACK] Seq=146638 Ack=141 Win=65024 Len=1448 TSval=2916043189 TSecr=3045562962 [TCP segment of a reassembled PDU]"
"73100","39.108841548","192.168.1.55","192.168.1.2","TCP","1514","8004  >  37036 [ACK] Seq=148086 Ack=141 Win=65024 Len=1448 TSval=2916043189 TSecr=3045562962 [TCP segment of a reassembled PDU]"
"73101","39.108842807","192.168.1.55","192.168.1.2","TCP","1514","8004  >  37036 [ACK] Seq=149534 Ack=141 Win=65024 Len=1448 TSval=2916043189 TSecr=3045562962 [TCP segment of a reassembled PDU]"
"73102","39.108844733","192.168.1.55","192.168.1.2","TCP","1514","8004  >  37036 [ACK] Seq=150982 Ack=141 Win=65024 Len=1448 TSval=2916043189 TSecr=3045562962 [TCP segment of a reassembled PDU]"
"73103","39.108845974","192.168.1.55","192.168.1.2","TCP","1514","8004  >  37036 [PSH, ACK] Seq=152430 Ack=141 Win=65024 Len=1448 TSval=2916043189 TSecr=3045562962 [TCP segment of a reassembled PDU]"
"73104","39.108853548","192.168.1.55","192.168.1.2","TCP","1314","8004  >  37036 [ACK] Seq=153878 Ack=141 Win=65024 Len=1248 TSval=2916043189 TSecr=3045562962 [TCP segment of a reassembled PDU]"
"73105","39.110109865","192.168.1.2","192.168.1.55","TCP","66","37036  >  8004 [ACK] Seq=141 Ack=97206 Win=83968 Len=0 TSval=3045562963 TSecr=2916043182"
"73106","39.110131865","192.168.1.55","192.168.1.2","TCP","1514","8004  >  37036 [ACK] Seq=155126 Ack=141 Win=65024 Len=1448 TSval=2916043190 TSecr=3045562963 [TCP segment of a reassembled PDU]"
"73107","39.110134568","192.168.1.55","192.168.1.2","TCP","1514","8004  >  37036 [ACK] Seq=156574 Ack=141 Win=65024 Len=1448 TSval=2916043190 TSecr=3045562963 [TCP segment of a reassembled PDU]"
"73108","39.110135809","192.168.1.55","192.168.1.2","TCP","1514","8004  >  37036 [ACK] Seq=158022 Ack=141 Win=65024 Len=1448 TSval=2916043190 TSecr=3045562963 [TCP segment of a reassembled PDU]"
"73109","39.110136939","192.168.1.55","192.168.1.2","TCP","1514","8004  >  37036 [ACK] Seq=159470 Ack=141 Win=65024 Len=1448 TSval=2916043190 TSecr=3045562963 [TCP segment of a reassembled PDU]"
"73110","39.110138198","192.168.1.55","192.168.1.2","TCP","1514","8004  >  37036 [ACK] Seq=160918 Ack=141 Win=65024 Len=1448 TSval=2916043190 TSecr=3045562963 [TCP segment of a reassembled PDU]"
"73111","39.110139291","192.168.1.55","192.168.1.2","TCP","1514","8004  >  37036 [ACK] Seq=162366 Ack=141 Win=65024 Len=1448 TSval=2916043190 TSecr=3045562963 [TCP segment of a reassembled PDU]"
"73112","39.110140513","192.168.1.55","192.168.1.2","TCP","1514","8004  >  37036 [ACK] Seq=163814 Ack=141 Win=65024 Len=1448 TSval=2916043190 TSecr=3045562963 [TCP segment of a reassembled PDU]"
"73113","39.110141661","192.168.1.55","192.168.1.2","TCP","1514","8004  >  37036 [ACK] Seq=165262 Ack=141 Win=65024 Len=1448 TSval=2916043190 TSecr=3045562963 [TCP segment of a reassembled PDU]"
"73114","39.110142809","192.168.1.55","192.168.1.2","TCP","1514","8004  >  37036 [ACK] Seq=166710 Ack=141 Win=65024 Len=1448 TSval=2916043190 TSecr=3045562963 [TCP segment of a reassembled PDU]"
"73115","39.110144013","192.168.1.55","192.168.1.2","TCP","1514","8004  >  37036 [ACK] Seq=168158 Ack=141 Win=65024 Len=1448 TSval=2916043190 TSecr=3045562963 [TCP segment of a reassembled PDU]"
"73116","39.110145198","192.168.1.55","192.168.1.2","TCP","1514","8004  >  37036 [ACK] Seq=169606 Ack=141 Win=65024 Len=1448 TSval=2916043190 TSecr=3045562963 [TCP segment of a reassembled PDU]"
"73117","39.110146346","192.168.1.55","192.168.1.2","TCP","1514","8004  >  37036 [ACK] Seq=171054 Ack=141 Win=65024 Len=1448 TSval=2916043190 TSecr=3045562963 [TCP segment of a reassembled PDU]"
"73118","39.110147531","192.168.1.55","192.168.1.2","TCP","1514","8004  >  37036 [ACK] Seq=172502 Ack=141 Win=65024 Len=1448 TSval=2916043190 TSecr=3045562963 [TCP segment of a reassembled PDU]"
"73119","39.110148624","192.168.1.55","192.168.1.2","TCP","1514","8004  >  37036 [ACK] Seq=173950 Ack=141 Win=65024 Len=1448 TSval=2916043190 TSecr=3045562963 [TCP segment of a reassembled PDU]"
"73120","39.110149809","192.168.1.55","192.168.1.2","TCP","1514","8004  >  37036 [ACK] Seq=175398 Ack=141 Win=65024 Len=1448 TSval=2916043190 TSecr=3045562963 [TCP segment of a reassembled PDU]"
"73121","39.110151050","192.168.1.55","192.168.1.2","TCP","1514","8004  >  37036 [ACK] Seq=176846 Ack=141 Win=65024 Len=1448 TSval=2916043190 TSecr=3045562963 [TCP segment of a reassembled PDU]"
"73122","39.110152142","192.168.1.55","192.168.1.2","TCP","1514","8004  >  37036 [PSH, ACK] Seq=178294 Ack=141 Win=65024 Len=1448 TSval=2916043190 TSecr=3045562963 [TCP segment of a reassembled PDU]"
"73123","39.110200494","192.168.1.2","192.168.1.55","TCP","66","37036  >  8004 [ACK] Seq=141 Ack=98654 Win=90112 Len=0 TSval=3045562964 TSecr=2916043185"
"73124","39.110207531","192.168.1.2","192.168.1.55","TCP","66","37036  >  8004 [ACK] Seq=141 Ack=100102 Win=90112 Len=0 TSval=3045562964 TSecr=2916043185"
"73125","39.110220624","192.168.1.55","192.168.1.2","TCP","1514","8004  >  37036 [ACK] Seq=179742 Ack=141 Win=65024 Len=1448 TSval=2916043190 TSecr=3045562964 [TCP segment of a reassembled PDU]"
"73126","39.110222920","192.168.1.55","192.168.1.2","TCP","1514","8004  >  37036 [ACK] Seq=181190 Ack=141 Win=65024 Len=1448 TSval=2916043190 TSecr=3045562964 [TCP segment of a reassembled PDU]"
"73127","39.110224087","192.168.1.55","192.168.1.2","TCP","1514","8004  >  37036 [ACK] Seq=182638 Ack=141 Win=65024 Len=1448 TSval=2916043190 TSecr=3045562964 [TCP segment of a reassembled PDU]"
"73128","39.110225180","192.168.1.55","192.168.1.2","TCP","1514","8004  >  37036 [ACK] Seq=184086 Ack=141 Win=65024 Len=1448 TSval=2916043190 TSecr=3045562964 [TCP segment of a reassembled PDU]"
"73129","39.110226587","192.168.1.55","192.168.1.2","TCP","1514","8004  >  37036 [ACK] Seq=185534 Ack=141 Win=65024 Len=1448 TSval=2916043190 TSecr=3045562964 [TCP segment of a reassembled PDU]"
"73130","39.110227809","192.168.1.55","192.168.1.2","TCP","1514","8004  >  37036 [ACK] Seq=186982 Ack=141 Win=65024 Len=1448 TSval=2916043190 TSecr=3045562964 [TCP segment of a reassembled PDU]"
"73131","39.110228902","192.168.1.55","192.168.1.2","TCP","1514","8004  >  37036 [PSH, ACK] Seq=188430 Ack=141 Win=65024 Len=1448 TSval=2916043190 TSecr=3045562964 [TCP segment of a reassembled PDU]"
"73132","39.115649559","192.168.1.2","192.168.1.55","TCP","66","37036  >  8004 [ACK] Seq=141 Ack=105894 Win=84992 Len=0 TSval=3045562966 TSecr=2916043189"
"73133","39.117384210","192.168.1.2","192.168.1.55","TCP","66","37036  >  8004 [ACK] Seq=141 Ack=116030 Win=81920 Len=0 TSval=3045562969 TSecr=2916043189"
"73134","39.117394710","192.168.1.55","192.168.1.2","TCP","1514","8004  >  37036 [ACK] Seq=189878 Ack=141 Win=65024 Len=1448 TSval=2916043198 TSecr=3045562969 [TCP segment of a reassembled PDU]"
"73135","39.117396691","192.168.1.55","192.168.1.2","TCP","1514","8004  >  37036 [ACK] Seq=191326 Ack=141 Win=65024 Len=1448 TSval=2916043198 TSecr=3045562969 [TCP segment of a reassembled PDU]"
"73136","39.117397784","192.168.1.55","192.168.1.2","TCP","1514","8004  >  37036 [ACK] Seq=192774 Ack=141 Win=65024 Len=1448 TSval=2916043198 TSecr=3045562969 [TCP segment of a reassembled PDU]"
"73137","39.117398876","192.168.1.55","192.168.1.2","TCP","1514","8004  >  37036 [ACK] Seq=194222 Ack=141 Win=65024 Len=1448 TSval=2916043198 TSecr=3045562969 [TCP segment of a reassembled PDU]"
"73138","39.117399969","192.168.1.55","192.168.1.2","TCP","1514","8004  >  37036 [PSH, ACK] Seq=195670 Ack=141 Win=65024 Len=1448 TSval=2916043198 TSecr=3045562969 [TCP segment of a reassembled PDU]"
"73139","39.117679618","192.168.1.2","192.168.1.55","TCP","66","37036  >  8004 [ACK] Seq=141 Ack=148086 Win=63488 Len=0 TSval=3045562970 TSecr=2916043189"
"73140","39.117689081","192.168.1.55","192.168.1.2","TCP","1514","8004  >  37036 [ACK] Seq=197118 Ack=141 Win=65024 Len=1448 TSval=2916043198 TSecr=3045562970 [TCP segment of a reassembled PDU]"
"73141","39.117690970","192.168.1.55","192.168.1.2","TCP","1514","8004  >  37036 [PSH, ACK] Seq=198566 Ack=141 Win=65024 Len=1448 TSval=2916043198 TSecr=3045562970 [TCP segment of a reassembled PDU]"
"73142","39.118434008","192.168.1.2","192.168.1.55","TCP","66","37036  >  8004 [ACK] Seq=141 Ack=153878 Win=100352 Len=0 TSval=3045562971 TSecr=2916043189"
"73143","39.118464341","192.168.1.55","192.168.1.2","TCP","1514","8004  >  37036 [ACK] Seq=200014 Ack=141 Win=65024 Len=1448 TSval=2916043199 TSecr=3045562971 [TCP segment of a reassembled PDU]"
"73144","39.118466989","192.168.1.55","192.168.1.2","TCP","1514","8004  >  37036 [ACK] Seq=201462 Ack=141 Win=65024 Len=1448 TSval=2916043199 TSecr=3045562971 [TCP segment of a reassembled PDU]"
"73145","39.118468082","192.168.1.55","192.168.1.2","TCP","1514","8004  >  37036 [ACK] Seq=202910 Ack=141 Win=65024 Len=1448 TSval=2916043199 TSecr=3045562971 [TCP segment of a reassembled PDU]"
"73146","39.118469286","192.168.1.55","192.168.1.2","TCP","1514","8004  >  37036 [ACK] Seq=204358 Ack=141 Win=65024 Len=1448 TSval=2916043199 TSecr=3045562971 [TCP segment of a reassembled PDU]"
"73147","39.118470471","192.168.1.55","192.168.1.2","TCP","1514","8004  >  37036 [ACK] Seq=205806 Ack=141 Win=65024 Len=1448 TSval=2916043199 TSecr=3045562971 [TCP segment of a reassembled PDU]"
"73148","39.118471563","192.168.1.55","192.168.1.2","TCP","1514","8004  >  37036 [ACK] Seq=207254 Ack=141 Win=65024 Len=1448 TSval=2916043199 TSecr=3045562971 [TCP segment of a reassembled PDU]"
"73149","39.118472823","192.168.1.55","192.168.1.2","TCP","1514","8004  >  37036 [ACK] Seq=208702 Ack=141 Win=65024 Len=1448 TSval=2916043199 TSecr=3045562971 [TCP segment of a reassembled PDU]"
"73150","39.118473915","192.168.1.55","192.168.1.2","TCP","1514","8004  >  37036 [ACK] Seq=210150 Ack=141 Win=65024 Len=1448 TSval=2916043199 TSecr=3045562971 [TCP segment of a reassembled PDU]"
"73151","39.118475230","192.168.1.55","192.168.1.2","TCP","1514","8004  >  37036 [ACK] Seq=211598 Ack=141 Win=65024 Len=1448 TSval=2916043199 TSecr=3045562971 [TCP segment of a reassembled PDU]"
"73152","39.118476452","192.168.1.55","192.168.1.2","TCP","1514","8004  >  37036 [ACK] Seq=213046 Ack=141 Win=65024 Len=1448 TSval=2916043199 TSecr=3045562971 [TCP segment of a reassembled PDU]"
"73153","39.118477563","192.168.1.55","192.168.1.2","TCP","1514","8004  >  37036 [ACK] Seq=214494 Ack=141 Win=65024 Len=1448 TSval=2916043199 TSecr=3045562971 [TCP segment of a reassembled PDU]"
"73154","39.118478786","192.168.1.55","192.168.1.2","TCP","1514","8004  >  37036 [ACK] Seq=215942 Ack=141 Win=65024 Len=1448 TSval=2916043199 TSecr=3045562971 [TCP segment of a reassembled PDU]"
"73155","39.118479989","192.168.1.55","192.168.1.2","TCP","1514","8004  >  37036 [ACK] Seq=217390 Ack=141 Win=65024 Len=1448 TSval=2916043199 TSecr=3045562971 [TCP segment of a reassembled PDU]"
"73156","39.118485471","192.168.1.55","192.168.1.2","TCP","1514","8004  >  37036 [ACK] Seq=218838 Ack=141 Win=65024 Len=1448 TSval=2916043199 TSecr=3045562971 [TCP segment of a reassembled PDU]"
"73157","39.118486767","192.168.1.55","192.168.1.2","TCP","1514","8004  >  37036 [ACK] Seq=220286 Ack=141 Win=65024 Len=1448 TSval=2916043199 TSecr=3045562971 [TCP segment of a reassembled PDU]"
"73158","39.118487934","192.168.1.55","192.168.1.2","TCP","1514","8004  >  37036 [ACK] Seq=221734 Ack=141 Win=65024 Len=1448 TSval=2916043199 TSecr=3045562971 [TCP segment of a reassembled PDU]"
"73159","39.118489045","192.168.1.55","192.168.1.2","TCP","1514","8004  >  37036 [ACK] Seq=223182 Ack=141 Win=65024 Len=1448 TSval=2916043199 TSecr=3045562971 [TCP segment of a reassembled PDU]"
"73160","39.118490212","192.168.1.55","192.168.1.2","TCP","1514","8004  >  37036 [ACK] Seq=224630 Ack=141 Win=65024 Len=1448 TSval=2916043199 TSecr=3045562971 [TCP segment of a reassembled PDU]"
"73161","39.118491397","192.168.1.55","192.168.1.2","TCP","1514","8004  >  37036 [ACK] Seq=226078 Ack=141 Win=65024 Len=1448 TSval=2916043199 TSecr=3045562971 [TCP segment of a reassembled PDU]"
"73162","39.118492471","192.168.1.55","192.168.1.2","TCP","1514","8004  >  37036 [ACK] Seq=227526 Ack=141 Win=65024 Len=1448 TSval=2916043199 TSecr=3045562971 [TCP segment of a reassembled PDU]"
"73163","39.118493786","192.168.1.55","192.168.1.2","TCP","1514","8004  >  37036 [ACK] Seq=228974 Ack=141 Win=65024 Len=1448 TSval=2916043199 TSecr=3045562971 [TCP segment of a reassembled PDU]"
"73164","39.118494952","192.168.1.55","192.168.1.2","TCP","1514","8004  >  37036 [ACK] Seq=230422 Ack=141 Win=65024 Len=1448 TSval=2916043199 TSecr=3045562971 [TCP segment of a reassembled PDU]"
"73165","39.118496045","192.168.1.55","192.168.1.2","TCP","1514","8004  >  37036 [ACK] Seq=231870 Ack=141 Win=65024 Len=1448 TSval=2916043199 TSecr=3045562971 [TCP segment of a reassembled PDU]"
"73166","39.118497119","192.168.1.55","192.168.1.2","TCP","1514","8004  >  37036 [ACK] Seq=233318 Ack=141 Win=65024 Len=1448 TSval=2916043199 TSecr=3045562971 [TCP segment of a reassembled PDU]"
"73167","39.118498286","192.168.1.55","192.168.1.2","TCP","1514","8004  >  37036 [ACK] Seq=234766 Ack=141 Win=65024 Len=1448 TSval=2916043199 TSecr=3045562971 [TCP segment of a reassembled PDU]"
"73168","39.118499471","192.168.1.55","192.168.1.2","TCP","1514","8004  >  37036 [ACK] Seq=236214 Ack=141 Win=65024 Len=1448 TSval=2916043199 TSecr=3045562971 [TCP segment of a reassembled PDU]"
"73169","39.118500675","192.168.1.55","192.168.1.2","TCP","1514","8004  >  37036 [ACK] Seq=237662 Ack=141 Win=65024 Len=1448 TSval=2916043199 TSecr=3045562971 [TCP segment of a reassembled PDU]"
"73170","39.118501841","192.168.1.55","192.168.1.2","TCP","1514","8004  >  37036 [ACK] Seq=239110 Ack=141 Win=65024 Len=1448 TSval=2916043199 TSecr=3045562971 [TCP segment of a reassembled PDU]"
"73171","39.118503193","192.168.1.55","192.168.1.2","TCP","1514","8004  >  37036 [ACK] Seq=240558 Ack=141 Win=65024 Len=1448 TSval=2916043199 TSecr=3045562971 [TCP segment of a reassembled PDU]"
"73172","39.118504415","192.168.1.55","192.168.1.2","TCP","1514","8004  >  37036 [ACK] Seq=242006 Ack=141 Win=65024 Len=1448 TSval=2916043199 TSecr=3045562971 [TCP segment of a reassembled PDU]"
"73173","39.118505619","192.168.1.55","192.168.1.2","TCP","1514","8004  >  37036 [PSH, ACK] Seq=243454 Ack=141 Win=65024 Len=1448 TSval=2916043199 TSecr=3045562971 [TCP segment of a reassembled PDU]"
"73174","39.118597564","192.168.1.2","192.168.1.55","TCP","66","37036  >  8004 [ACK] Seq=141 Ack=179742 Win=80896 Len=0 TSval=3045562971 TSecr=2916043189"
"73175","39.118608527","192.168.1.2","192.168.1.55","TCP","66","37036  >  8004 [ACK] Seq=141 Ack=184086 Win=76800 Len=0 TSval=3045562971 TSecr=2916043190"
"73176","39.118612860","192.168.1.2","192.168.1.55","TCP","66","37036  >  8004 [ACK] Seq=141 Ack=189878 Win=96256 Len=0 TSval=3045562973 TSecr=2916043190"
"73177","39.119811232","192.168.1.55","192.168.1.2","TCP","1514","8004  >  37036 [ACK] Seq=244902 Ack=141 Win=65024 Len=1448 TSval=2916043200 TSecr=3045562973 [TCP segment of a reassembled PDU]"
"73178","39.119818621","192.168.1.55","192.168.1.2","TCP","1514","8004  >  37036 [ACK] Seq=246350 Ack=141 Win=65024 Len=1448 TSval=2916043200 TSecr=3045562973 [TCP segment of a reassembled PDU]"
"73179","39.119820177","192.168.1.55","192.168.1.2","TCP","1514","8004  >  37036 [ACK] Seq=247798 Ack=141 Win=65024 Len=1448 TSval=2916043200 TSecr=3045562973 [TCP segment of a reassembled PDU]"
"73180","39.119822380","192.168.1.55","192.168.1.2","TCP","1514","8004  >  37036 [ACK] Seq=249246 Ack=141 Win=65024 Len=1448 TSval=2916043200 TSecr=3045562973 [TCP segment of a reassembled PDU]"
"73181","39.119823880","192.168.1.55","192.168.1.2","TCP","1514","8004  >  37036 [ACK] Seq=250694 Ack=141 Win=65024 Len=1448 TSval=2916043200 TSecr=3045562973 [TCP segment of a reassembled PDU]"
"73182","39.119825677","192.168.1.55","192.168.1.2","TCP","1514","8004  >  37036 [ACK] Seq=252142 Ack=141 Win=65024 Len=1448 TSval=2916043200 TSecr=3045562973 [TCP segment of a reassembled PDU]"
"73183","39.119827232","192.168.1.55","192.168.1.2","TCP","1514","8004  >  37036 [ACK] Seq=253590 Ack=141 Win=65024 Len=1448 TSval=2916043200 TSecr=3045562973 [TCP segment of a reassembled PDU]"
"73184","39.119829936","192.168.1.55","192.168.1.2","TCP","1514","8004  >  37036 [ACK] Seq=255038 Ack=141 Win=65024 Len=1448 TSval=2916043200 TSecr=3045562973 [TCP segment of a reassembled PDU]"
"73185","39.119831343","192.168.1.55","192.168.1.2","TCP","1514","8004  >  37036 [ACK] Seq=256486 Ack=141 Win=65024 Len=1448 TSval=2916043200 TSecr=3045562973 [TCP segment of a reassembled PDU]"
"73186","39.119832880","192.168.1.55","192.168.1.2","TCP","1514","8004  >  37036 [ACK] Seq=257934 Ack=141 Win=65024 Len=1448 TSval=2916043200 TSecr=3045562973 [TCP segment of a reassembled PDU]"
"73187","39.119834306","192.168.1.55","192.168.1.2","TCP","1514","8004  >  37036 [ACK] Seq=259382 Ack=141 Win=65024 Len=1448 TSval=2916043200 TSecr=3045562973 [TCP segment of a reassembled PDU]"
"73188","39.119835714","192.168.1.55","192.168.1.2","TCP","1514","8004  >  37036 [ACK] Seq=260830 Ack=141 Win=65024 Len=1448 TSval=2916043200 TSecr=3045562973 [TCP segment of a reassembled PDU]"
"73189","39.119837566","192.168.1.55","192.168.1.2","TCP","1514","8004  >  37036 [ACK] Seq=262278 Ack=141 Win=65024 Len=1448 TSval=2916043200 TSecr=3045562973 [TCP segment of a reassembled PDU]"
"73190","39.119839399","192.168.1.55","192.168.1.2","TCP","1514","8004  >  37036 [ACK] Seq=263726 Ack=141 Win=65024 Len=1448 TSval=2916043200 TSecr=3045562973 [TCP segment of a reassembled PDU]"
"73191","39.119840788","192.168.1.55","192.168.1.2","TCP","1514","8004  >  37036 [ACK] Seq=265174 Ack=141 Win=65024 Len=1448 TSval=2916043200 TSecr=3045562973 [TCP segment of a reassembled PDU]"
"73192","39.119842140","192.168.1.55","192.168.1.2","TCP","1514","8004  >  37036 [ACK] Seq=266622 Ack=141 Win=65024 Len=1448 TSval=2916043200 TSecr=3045562973 [TCP segment of a reassembled PDU]"
"73193","39.119845566","192.168.1.55","192.168.1.2","TCP","1514","8004  >  37036 [ACK] Seq=268070 Ack=141 Win=65024 Len=1448 TSval=2916043200 TSecr=3045562973 [TCP segment of a reassembled PDU]"
"73194","39.119847103","192.168.1.55","192.168.1.2","TCP","1514","8004  >  37036 [ACK] Seq=269518 Ack=141 Win=65024 Len=1448 TSval=2916043200 TSecr=3045562973 [TCP segment of a reassembled PDU]"
"73195","39.119848455","192.168.1.55","192.168.1.2","TCP","1514","8004  >  37036 [ACK] Seq=270966 Ack=141 Win=65024 Len=1448 TSval=2916043200 TSecr=3045562973 [TCP segment of a reassembled PDU]"
"73196","39.119849732","192.168.1.55","192.168.1.2","TCP","1514","8004  >  37036 [ACK] Seq=272414 Ack=141 Win=65024 Len=1448 TSval=2916043200 TSecr=3045562973 [TCP segment of a reassembled PDU]"
"73197","39.119851084","192.168.1.55","192.168.1.2","TCP","1514","8004  >  37036 [ACK] Seq=273862 Ack=141 Win=65024 Len=1448 TSval=2916043200 TSecr=3045562973 [TCP segment of a reassembled PDU]"
"73198","39.119852455","192.168.1.55","192.168.1.2","TCP","1514","8004  >  37036 [ACK] Seq=275310 Ack=141 Win=65024 Len=1448 TSval=2916043200 TSecr=3045562973 [TCP segment of a reassembled PDU]"
"73199","39.119853825","192.168.1.55","192.168.1.2","TCP","1514","8004  >  37036 [ACK] Seq=276758 Ack=141 Win=65024 Len=1448 TSval=2916043200 TSecr=3045562973 [TCP segment of a reassembled PDU]"
"73200","39.119855195","192.168.1.55","192.168.1.2","TCP","1514","8004  >  37036 [ACK] Seq=278206 Ack=141 Win=65024 Len=1448 TSval=2916043200 TSecr=3045562973 [TCP segment of a reassembled PDU]"
"73201","39.119856714","192.168.1.55","192.168.1.2","TCP","1514","8004  >  37036 [ACK] Seq=279654 Ack=141 Win=65024 Len=1448 TSval=2916043200 TSecr=3045562973 [TCP segment of a reassembled PDU]"
"73202","39.119858066","192.168.1.55","192.168.1.2","TCP","1514","8004  >  37036 [ACK] Seq=281102 Ack=141 Win=65024 Len=1448 TSval=2916043200 TSecr=3045562973 [TCP segment of a reassembled PDU]"
"73203","39.119859343","192.168.1.55","192.168.1.2","TCP","1514","8004  >  37036 [ACK] Seq=282550 Ack=141 Win=65024 Len=1448 TSval=2916043200 TSecr=3045562973 [TCP segment of a reassembled PDU]"
"73204","39.119860769","192.168.1.55","192.168.1.2","TCP","1514","8004  >  37036 [ACK] Seq=283998 Ack=141 Win=65024 Len=1448 TSval=2916043200 TSecr=3045562973 [TCP segment of a reassembled PDU]"
"73205","39.119862121","192.168.1.55","192.168.1.2","TCP","754","[TCP Window Full] 8004  >  37036 [PSH, ACK] Seq=285446 Ack=141 Win=65024 Len=688 TSval=2916043200 TSecr=3045562973 [TCP segment of a reassembled PDU]"
"73206","39.124149221","192.168.1.2","192.168.1.55","TCP","66","37036  >  8004 [ACK] Seq=141 Ack=191326 Win=102400 Len=0 TSval=3045562975 TSecr=2916043198"
"73207","39.124183462","192.168.1.55","192.168.1.2","TCP","1514","8004  >  37036 [ACK] Seq=286134 Ack=141 Win=65024 Len=1448 TSval=2916043204 TSecr=3045562975 [TCP segment of a reassembled PDU]"
"73208","39.124188110","192.168.1.55","192.168.1.2","TCP","1514","8004  >  37036 [PSH, ACK] Seq=287582 Ack=141 Win=65024 Len=1448 TSval=2916043204 TSecr=3045562975 [TCP segment of a reassembled PDU]"
"73209","39.124195184","192.168.1.55","192.168.1.2","TCP","826","8004  >  37036 [ACK] Seq=289030 Ack=141 Win=65024 Len=760 TSval=2916043204 TSecr=3045562975 [TCP segment of a reassembled PDU]"
"73210","39.124252388","192.168.1.2","192.168.1.55","TCP","66","37036  >  8004 [ACK] Seq=141 Ack=192774 Win=105472 Len=0 TSval=3045562975 TSecr=2916043198"
"73211","39.126050965","192.168.1.2","192.168.1.55","TCP","66","37036  >  8004 [ACK] Seq=141 Ack=197118 Win=113664 Len=0 TSval=3045562980 TSecr=2916043198"
"73212","39.126080483","192.168.1.55","192.168.1.2","TCP","1514","8004  >  37036 [ACK] Seq=289790 Ack=141 Win=65024 Len=1448 TSval=2916043206 TSecr=3045562980 [TCP segment of a reassembled PDU]"
"73213","39.126083483","192.168.1.55","192.168.1.2","TCP","1514","8004  >  37036 [ACK] Seq=291238 Ack=141 Win=65024 Len=1448 TSval=2916043206 TSecr=3045562980 [TCP segment of a reassembled PDU]"
"73214","39.126084909","192.168.1.55","192.168.1.2","TCP","1514","8004  >  37036 [ACK] Seq=292686 Ack=141 Win=65024 Len=1448 TSval=2916043206 TSecr=3045562980 [TCP segment of a reassembled PDU]"
"73215","39.126086280","192.168.1.55","192.168.1.2","TCP","1514","8004  >  37036 [ACK] Seq=294134 Ack=141 Win=65024 Len=1448 TSval=2916043206 TSecr=3045562980 [TCP segment of a reassembled PDU]"
"73216","39.126087613","192.168.1.55","192.168.1.2","TCP","1514","8004  >  37036 [ACK] Seq=295582 Ack=141 Win=65024 Len=1448 TSval=2916043206 TSecr=3045562980 [TCP segment of a reassembled PDU]"
"73217","39.126089168","192.168.1.55","192.168.1.2","TCP","1514","8004  >  37036 [ACK] Seq=297030 Ack=141 Win=65024 Len=1448 TSval=2916043206 TSecr=3045562980 [TCP segment of a reassembled PDU]"
"73218","39.126090854","192.168.1.55","192.168.1.2","TCP","1514","8004  >  37036 [ACK] Seq=298478 Ack=141 Win=65024 Len=1448 TSval=2916043206 TSecr=3045562980 [TCP segment of a reassembled PDU]"
"73219","39.126092242","192.168.1.55","192.168.1.2","TCP","1514","8004  >  37036 [ACK] Seq=299926 Ack=141 Win=65024 Len=1448 TSval=2916043206 TSecr=3045562980 [TCP segment of a reassembled PDU]"
"73220","39.126093539","192.168.1.55","192.168.1.2","TCP","1514","8004  >  37036 [ACK] Seq=301374 Ack=141 Win=65024 Len=1448 TSval=2916043206 TSecr=3045562980 [TCP segment of a reassembled PDU]"
"73221","39.126094817","192.168.1.55","192.168.1.2","TCP","1514","8004  >  37036 [ACK] Seq=302822 Ack=141 Win=65024 Len=1448 TSval=2916043206 TSecr=3045562980 [TCP segment of a reassembled PDU]"
"73222","39.126096187","192.168.1.55","192.168.1.2","TCP","1514","8004  >  37036 [ACK] Seq=304270 Ack=141 Win=65024 Len=1448 TSval=2916043206 TSecr=3045562980 [TCP segment of a reassembled PDU]"
"73223","39.126097687","192.168.1.55","192.168.1.2","TCP","1514","8004  >  37036 [ACK] Seq=305718 Ack=141 Win=65024 Len=1448 TSval=2916043206 TSecr=3045562980 [TCP segment of a reassembled PDU]"
"73224","39.126099076","192.168.1.55","192.168.1.2","TCP","1514","8004  >  37036 [ACK] Seq=307166 Ack=141 Win=65024 Len=1448 TSval=2916043206 TSecr=3045562980 [TCP segment of a reassembled PDU]"
"73225","39.126100391","192.168.1.55","192.168.1.2","TCP","1514","8004  >  37036 [PSH, ACK] Seq=308614 Ack=141 Win=65024 Len=1448 TSval=2916043206 TSecr=3045562980 [TCP segment of a reassembled PDU]"
"73226","39.126179650","192.168.1.2","192.168.1.55","TCP","66","37036  >  8004 [ACK] Seq=141 Ack=244902 Win=114688 Len=0 TSval=3045562980 TSecr=2916043198"
"73227","39.126208891","192.168.1.55","192.168.1.2","TCP","1514","8004  >  37036 [ACK] Seq=310062 Ack=141 Win=65024 Len=1448 TSval=2916043206 TSecr=3045562980 [TCP segment of a reassembled PDU]"
"73228","39.126210983","192.168.1.55","192.168.1.2","TCP","1514","8004  >  37036 [ACK] Seq=311510 Ack=141 Win=65024 Len=1448 TSval=2916043206 TSecr=3045562980 [TCP segment of a reassembled PDU]"
"73229","39.126212372","192.168.1.55","192.168.1.2","TCP","1514","8004  >  37036 [ACK] Seq=312958 Ack=141 Win=65024 Len=1448 TSval=2916043206 TSecr=3045562980 [TCP segment of a reassembled PDU]"
"73230","39.126213650","192.168.1.55","192.168.1.2","TCP","1514","8004  >  37036 [ACK] Seq=314406 Ack=141 Win=65024 Len=1448 TSval=2916043206 TSecr=3045562980 [TCP segment of a reassembled PDU]"
"73231","39.126214946","192.168.1.55","192.168.1.2","TCP","1514","8004  >  37036 [ACK] Seq=315854 Ack=141 Win=65024 Len=1448 TSval=2916043206 TSecr=3045562980 [TCP segment of a reassembled PDU]"
"73232","39.126216613","192.168.1.55","192.168.1.2","TCP","1514","8004  >  37036 [ACK] Seq=317302 Ack=141 Win=65024 Len=1448 TSval=2916043206 TSecr=3045562980 [TCP segment of a reassembled PDU]"
"73233","39.126217872","192.168.1.55","192.168.1.2","TCP","1514","8004  >  37036 [ACK] Seq=318750 Ack=141 Win=65024 Len=1448 TSval=2916043206 TSecr=3045562980 [TCP segment of a reassembled PDU]"
"73234","39.126219298","192.168.1.55","192.168.1.2","TCP","1514","8004  >  37036 [ACK] Seq=320198 Ack=141 Win=65024 Len=1448 TSval=2916043206 TSecr=3045562980 [TCP segment of a reassembled PDU]"
"73235","39.126220687","192.168.1.55","192.168.1.2","TCP","1514","8004  >  37036 [ACK] Seq=321646 Ack=141 Win=65024 Len=1448 TSval=2916043206 TSecr=3045562980 [TCP segment of a reassembled PDU]"
"73236","39.126222428","192.168.1.55","192.168.1.2","TCP","1514","8004  >  37036 [ACK] Seq=323094 Ack=141 Win=65024 Len=1448 TSval=2916043206 TSecr=3045562980 [TCP segment of a reassembled PDU]"
"73237","39.126224335","192.168.1.55","192.168.1.2","TCP","1514","8004  >  37036 [ACK] Seq=324542 Ack=141 Win=65024 Len=1448 TSval=2916043206 TSecr=3045562980 [TCP segment of a reassembled PDU]"
"73238","39.126225613","192.168.1.55","192.168.1.2","TCP","1514","8004  >  37036 [ACK] Seq=325990 Ack=141 Win=65024 Len=1448 TSval=2916043206 TSecr=3045562980 [TCP segment of a reassembled PDU]"
"73239","39.126226928","192.168.1.55","192.168.1.2","TCP","1514","8004  >  37036 [ACK] Seq=327438 Ack=141 Win=65024 Len=1448 TSval=2916043206 TSecr=3045562980 [TCP segment of a reassembled PDU]"
"73240","39.126228224","192.168.1.55","192.168.1.2","TCP","1514","8004  >  37036 [ACK] Seq=328886 Ack=141 Win=65024 Len=1448 TSval=2916043206 TSecr=3045562980 [TCP segment of a reassembled PDU]"
"73241","39.126229576","192.168.1.55","192.168.1.2","TCP","1514","8004  >  37036 [ACK] Seq=330334 Ack=141 Win=65024 Len=1448 TSval=2916043206 TSecr=3045562980 [TCP segment of a reassembled PDU]"
"73242","39.126230946","192.168.1.55","192.168.1.2","TCP","1514","8004  >  37036 [ACK] Seq=331782 Ack=141 Win=65024 Len=1448 TSval=2916043206 TSecr=3045562980 [TCP segment of a reassembled PDU]"
"73243","39.126232243","192.168.1.55","192.168.1.2","TCP","1514","8004  >  37036 [PSH, ACK] Seq=333230 Ack=141 Win=65024 Len=1448 TSval=2916043206 TSecr=3045562980 [TCP segment of a reassembled PDU]"
"73244","39.126237095","192.168.1.2","192.168.1.55","TCP","66","37036  >  8004 [ACK] Seq=141 Ack=282550 Win=90112 Len=0 TSval=3045562980 TSecr=2916043200"
"73245","39.127420096","192.168.1.55","192.168.1.2","TCP","1514","8004  >  37036 [ACK] Seq=334678 Ack=141 Win=65024 Len=1448 TSval=2916043208 TSecr=3045562980 [TCP segment of a reassembled PDU]"
"73246","39.127424541","192.168.1.55","192.168.1.2","TCP","1514","8004  >  37036 [ACK] Seq=336126 Ack=141 Win=65024 Len=1448 TSval=2916043208 TSecr=3045562980 [TCP segment of a reassembled PDU]"
"73247","39.127425911","192.168.1.55","192.168.1.2","TCP","1514","8004  >  37036 [ACK] Seq=337574 Ack=141 Win=65024 Len=1448 TSval=2916043208 TSecr=3045562980 [TCP segment of a reassembled PDU]"
"73248","39.127427319","192.168.1.55","192.168.1.2","TCP","1514","8004  >  37036 [ACK] Seq=339022 Ack=141 Win=65024 Len=1448 TSval=2916043208 TSecr=3045562980 [TCP segment of a reassembled PDU]"
"73249","39.127429226","192.168.1.55","192.168.1.2","TCP","1514","8004  >  37036 [ACK] Seq=340470 Ack=141 Win=65024 Len=1448 TSval=2916043208 TSecr=3045562980 [TCP segment of a reassembled PDU]"
"73250","39.127430578","192.168.1.55","192.168.1.2","TCP","1514","8004  >  37036 [ACK] Seq=341918 Ack=141 Win=65024 Len=1448 TSval=2916043208 TSecr=3045562980 [TCP segment of a reassembled PDU]"
"73251","39.127432059","192.168.1.55","192.168.1.2","TCP","1514","8004  >  37036 [ACK] Seq=343366 Ack=141 Win=65024 Len=1448 TSval=2916043208 TSecr=3045562980 [TCP segment of a reassembled PDU]"
"73252","39.127434411","192.168.1.55","192.168.1.2","TCP","1514","8004  >  37036 [ACK] Seq=344814 Ack=141 Win=65024 Len=1448 TSval=2916043208 TSecr=3045562980 [TCP segment of a reassembled PDU]"
"73253","39.127435911","192.168.1.55","192.168.1.2","TCP","1514","8004  >  37036 [ACK] Seq=346262 Ack=141 Win=65024 Len=1448 TSval=2916043208 TSecr=3045562980 [TCP segment of a reassembled PDU]"
"73254","39.127437430","192.168.1.55","192.168.1.2","TCP","1514","8004  >  37036 [ACK] Seq=347710 Ack=141 Win=65024 Len=1448 TSval=2916043208 TSecr=3045562980 [TCP segment of a reassembled PDU]"
"73255","39.127438856","192.168.1.55","192.168.1.2","TCP","1514","8004  >  37036 [ACK] Seq=349158 Ack=141 Win=65024 Len=1448 TSval=2916043208 TSecr=3045562980 [TCP segment of a reassembled PDU]"
"73256","39.127440245","192.168.1.55","192.168.1.2","TCP","1514","8004  >  37036 [ACK] Seq=350606 Ack=141 Win=65024 Len=1448 TSval=2916043208 TSecr=3045562980 [TCP segment of a reassembled PDU]"
"73257","39.127441985","192.168.1.55","192.168.1.2","TCP","1514","8004  >  37036 [ACK] Seq=352054 Ack=141 Win=65024 Len=1448 TSval=2916043208 TSecr=3045562980 [TCP segment of a reassembled PDU]"
"73258","39.127443374","192.168.1.55","192.168.1.2","TCP","1514","8004  >  37036 [ACK] Seq=353502 Ack=141 Win=65024 Len=1448 TSval=2916043208 TSecr=3045562980 [TCP segment of a reassembled PDU]"
"73259","39.127444652","192.168.1.55","192.168.1.2","TCP","1514","8004  >  37036 [ACK] Seq=354950 Ack=141 Win=65024 Len=1448 TSval=2916043208 TSecr=3045562980 [TCP segment of a reassembled PDU]"
"73260","39.127446041","192.168.1.55","192.168.1.2","TCP","1514","8004  >  37036 [ACK] Seq=356398 Ack=141 Win=65024 Len=1448 TSval=2916043208 TSecr=3045562980 [TCP segment of a reassembled PDU]"
"73261","39.127447504","192.168.1.55","192.168.1.2","TCP","1514","8004  >  37036 [ACK] Seq=357846 Ack=141 Win=65024 Len=1448 TSval=2916043208 TSecr=3045562980 [TCP segment of a reassembled PDU]"
"73262","39.127449152","192.168.1.55","192.168.1.2","TCP","1514","8004  >  37036 [ACK] Seq=359294 Ack=141 Win=65024 Len=1448 TSval=2916043208 TSecr=3045562980 [TCP segment of a reassembled PDU]"
"73263","39.127450578","192.168.1.55","192.168.1.2","TCP","1514","8004  >  37036 [ACK] Seq=360742 Ack=141 Win=65024 Len=1448 TSval=2916043208 TSecr=3045562980 [TCP segment of a reassembled PDU]"
"73264","39.127452097","192.168.1.55","192.168.1.2","TCP","1514","8004  >  37036 [ACK] Seq=362190 Ack=141 Win=65024 Len=1448 TSval=2916043208 TSecr=3045562980 [TCP segment of a reassembled PDU]"
"73265","39.127453560","192.168.1.55","192.168.1.2","TCP","1514","8004  >  37036 [ACK] Seq=363638 Ack=141 Win=65024 Len=1448 TSval=2916043208 TSecr=3045562980 [TCP segment of a reassembled PDU]"
"73266","39.127455041","192.168.1.55","192.168.1.2","TCP","1514","8004  >  37036 [ACK] Seq=365086 Ack=141 Win=65024 Len=1448 TSval=2916043208 TSecr=3045562980 [TCP segment of a reassembled PDU]"
"73267","39.127456467","192.168.1.55","192.168.1.2","TCP","1514","8004  >  37036 [ACK] Seq=366534 Ack=141 Win=65024 Len=1448 TSval=2916043208 TSecr=3045562980 [TCP segment of a reassembled PDU]"
"73268","39.127457911","192.168.1.55","192.168.1.2","TCP","1514","8004  >  37036 [ACK] Seq=367982 Ack=141 Win=65024 Len=1448 TSval=2916043208 TSecr=3045562980 [TCP segment of a reassembled PDU]"
"73269","39.127459282","192.168.1.55","192.168.1.2","TCP","1514","8004  >  37036 [ACK] Seq=369430 Ack=141 Win=65024 Len=1448 TSval=2916043208 TSecr=3045562980 [TCP segment of a reassembled PDU]"
"73270","39.127460560","192.168.1.55","192.168.1.2","TCP","1514","8004  >  37036 [PSH, ACK] Seq=370878 Ack=141 Win=65024 Len=1448 TSval=2916043208 TSecr=3045562980 [TCP segment of a reassembled PDU]"
"73271","39.129280581","192.168.1.2","192.168.1.55","TCP","66","37036  >  8004 [ACK] Seq=141 Ack=286134 Win=121856 Len=0 TSval=3045562981 TSecr=2916043200"
"73272","39.129303211","192.168.1.55","192.168.1.2","TCP","1514","8004  >  37036 [ACK] Seq=372326 Ack=141 Win=65024 Len=1448 TSval=2916043210 TSecr=3045562981 [TCP segment of a reassembled PDU]"
"73273","39.129305970","192.168.1.55","192.168.1.2","TCP","1514","8004  >  37036 [ACK] Seq=373774 Ack=141 Win=65024 Len=1448 TSval=2916043210 TSecr=3045562981 [TCP segment of a reassembled PDU]"
"73274","39.129307359","192.168.1.55","192.168.1.2","TCP","1514","8004  >  37036 [ACK] Seq=375222 Ack=141 Win=65024 Len=1448 TSval=2916043210 TSecr=3045562981 [TCP segment of a reassembled PDU]"
"73275","39.129308674","192.168.1.55","192.168.1.2","TCP","1514","8004  >  37036 [ACK] Seq=376670 Ack=141 Win=65024 Len=1448 TSval=2916043210 TSecr=3045562981 [TCP segment of a reassembled PDU]"
"73276","39.129310137","192.168.1.55","192.168.1.2","TCP","1514","8004  >  37036 [PSH, ACK] Seq=378118 Ack=141 Win=65024 Len=1448 TSval=2916043210 TSecr=3045562981 [TCP segment of a reassembled PDU]"
"73277","39.129344044","192.168.1.2","192.168.1.55","TCP","66","37036  >  8004 [ACK] Seq=141 Ack=289030 Win=128000 Len=0 TSval=3045562982 TSecr=2916043204"
"73278","39.132084289","192.168.1.2","192.168.1.55","TCP","66","37036  >  8004 [ACK] Seq=141 Ack=289790 Win=131072 Len=0 TSval=3045562983 TSecr=2916043204"
"73279","39.132122178","192.168.1.55","192.168.1.2","TCP","1514","8004  >  37036 [ACK] Seq=379566 Ack=141 Win=65024 Len=1448 TSval=2916043212 TSecr=3045562983 [TCP segment of a reassembled PDU]"
"73280","39.132124919","192.168.1.55","192.168.1.2","TCP","1514","8004  >  37036 [ACK] Seq=381014 Ack=141 Win=65024 Len=1448 TSval=2916043212 TSecr=3045562983 [TCP segment of a reassembled PDU]"
"73281","39.132126049","192.168.1.55","192.168.1.2","TCP","1514","8004  >  37036 [ACK] Seq=382462 Ack=141 Win=65024 Len=1448 TSval=2916043212 TSecr=3045562983 [TCP segment of a reassembled PDU]"
"73282","39.132127123","192.168.1.55","192.168.1.2","TCP","1514","8004  >  37036 [ACK] Seq=383910 Ack=141 Win=65024 Len=1448 TSval=2916043212 TSecr=3045562983 [TCP segment of a reassembled PDU]"
"73283","39.132128123","192.168.1.55","192.168.1.2","TCP","1514","8004  >  37036 [ACK] Seq=385358 Ack=141 Win=65024 Len=1448 TSval=2916043212 TSecr=3045562983 [TCP segment of a reassembled PDU]"
"73284","39.132129160","192.168.1.55","192.168.1.2","TCP","1514","8004  >  37036 [ACK] Seq=386806 Ack=141 Win=65024 Len=1448 TSval=2916043212 TSecr=3045562983 [TCP segment of a reassembled PDU]"
"73285","39.132130086","192.168.1.55","192.168.1.2","TCP","1514","8004  >  37036 [ACK] Seq=388254 Ack=141 Win=65024 Len=1448 TSval=2916043212 TSecr=3045562983 [TCP segment of a reassembled PDU]"
"73286","39.132131141","192.168.1.55","192.168.1.2","TCP","1514","8004  >  37036 [ACK] Seq=389702 Ack=141 Win=65024 Len=1448 TSval=2916043212 TSecr=3045562983 [TCP segment of a reassembled PDU]"
"73287","39.132132067","192.168.1.55","192.168.1.2","TCP","1514","8004  >  37036 [ACK] Seq=391150 Ack=141 Win=65024 Len=1448 TSval=2916043212 TSecr=3045562983 [TCP segment of a reassembled PDU]"
"73288","39.132133252","192.168.1.55","192.168.1.2","TCP","1514","8004  >  37036 [ACK] Seq=392598 Ack=141 Win=65024 Len=1448 TSval=2916043212 TSecr=3045562983 [TCP segment of a reassembled PDU]"
"73289","39.132134419","192.168.1.55","192.168.1.2","TCP","1514","8004  >  37036 [ACK] Seq=394046 Ack=141 Win=65024 Len=1448 TSval=2916043212 TSecr=3045562983 [TCP segment of a reassembled PDU]"
"73290","39.132135419","192.168.1.55","192.168.1.2","TCP","1514","8004  >  37036 [ACK] Seq=395494 Ack=141 Win=65024 Len=1448 TSval=2916043212 TSecr=3045562983 [TCP segment of a reassembled PDU]"
"73291","39.132136826","192.168.1.55","192.168.1.2","TCP","1514","8004  >  37036 [ACK] Seq=396942 Ack=141 Win=65024 Len=1448 TSval=2916043212 TSecr=3045562983 [TCP segment of a reassembled PDU]"
"73292","39.132137826","192.168.1.55","192.168.1.2","TCP","1514","8004  >  37036 [ACK] Seq=398390 Ack=141 Win=65024 Len=1448 TSval=2916043212 TSecr=3045562983 [TCP segment of a reassembled PDU]"
"73293","39.132138752","192.168.1.55","192.168.1.2","TCP","1514","8004  >  37036 [ACK] Seq=399838 Ack=141 Win=65024 Len=1448 TSval=2916043212 TSecr=3045562983 [TCP segment of a reassembled PDU]"
"73294","39.132139771","192.168.1.55","192.168.1.2","TCP","1514","8004  >  37036 [ACK] Seq=401286 Ack=141 Win=65024 Len=1448 TSval=2916043212 TSecr=3045562983 [TCP segment of a reassembled PDU]"
"73295","39.132140734","192.168.1.55","192.168.1.2","TCP","1514","8004  >  37036 [ACK] Seq=402734 Ack=141 Win=65024 Len=1448 TSval=2916043212 TSecr=3045562983 [TCP segment of a reassembled PDU]"
"73296","39.132141808","192.168.1.55","192.168.1.2","TCP","1514","8004  >  37036 [ACK] Seq=404182 Ack=141 Win=65024 Len=1448 TSval=2916043212 TSecr=3045562983 [TCP segment of a reassembled PDU]"
"73297","39.132142882","192.168.1.55","192.168.1.2","TCP","1514","8004  >  37036 [ACK] Seq=405630 Ack=141 Win=65024 Len=1448 TSval=2916043212 TSecr=3045562983 [TCP segment of a reassembled PDU]"
"73298","39.132143826","192.168.1.55","192.168.1.2","TCP","1514","8004  >  37036 [ACK] Seq=407078 Ack=141 Win=65024 Len=1448 TSval=2916043212 TSecr=3045562983 [TCP segment of a reassembled PDU]"
"73299","39.132144882","192.168.1.55","192.168.1.2","TCP","1514","8004  >  37036 [ACK] Seq=408526 Ack=141 Win=65024 Len=1448 TSval=2916043212 TSecr=3045562983 [TCP segment of a reassembled PDU]"
"73300","39.132145900","192.168.1.55","192.168.1.2","TCP","1514","8004  >  37036 [ACK] Seq=409974 Ack=141 Win=65024 Len=1448 TSval=2916043212 TSecr=3045562983 [TCP segment of a reassembled PDU]"
"73301","39.132146900","192.168.1.55","192.168.1.2","TCP","1514","8004  >  37036 [ACK] Seq=411422 Ack=141 Win=65024 Len=1448 TSval=2916043212 TSecr=3045562983 [TCP segment of a reassembled PDU]"
"73302","39.132148234","192.168.1.55","192.168.1.2","TCP","1514","8004  >  37036 [ACK] Seq=412870 Ack=141 Win=65024 Len=1448 TSval=2916043212 TSecr=3045562983 [TCP segment of a reassembled PDU]"
"73303","39.132149197","192.168.1.55","192.168.1.2","TCP","1514","8004  >  37036 [ACK] Seq=414318 Ack=141 Win=65024 Len=1448 TSval=2916043212 TSecr=3045562983 [TCP segment of a reassembled PDU]"
"73304","39.132150289","192.168.1.55","192.168.1.2","TCP","1514","8004  >  37036 [ACK] Seq=415766 Ack=141 Win=65024 Len=1448 TSval=2916043212 TSecr=3045562983 [TCP segment of a reassembled PDU]"
"73305","39.132151530","192.168.1.55","192.168.1.2","TCP","1514","8004  >  37036 [ACK] Seq=417214 Ack=141 Win=65024 Len=1448 TSval=2916043212 TSecr=3045562983 [TCP segment of a reassembled PDU]"
"73306","39.132152475","192.168.1.55","192.168.1.2","TCP","1514","8004  >  37036 [ACK] Seq=418662 Ack=141 Win=65024 Len=1448 TSval=2916043212 TSecr=3045562983 [TCP segment of a reassembled PDU]"
"73307","39.132153549","192.168.1.55","192.168.1.2","TCP","818","[TCP Window Full] 8004  >  37036 [PSH, ACK] Seq=420110 Ack=141 Win=65024 Len=752 TSval=2916043212 TSecr=3045562983 [TCP segment of a reassembled PDU]"
"73308","39.133251976","192.168.1.2","192.168.1.55","TCP","66","37036  >  8004 [ACK] Seq=141 Ack=310062 Win=148480 Len=0 TSval=3045562987 TSecr=2916043206"
"73309","39.133267458","192.168.1.55","192.168.1.2","TCP","1514","8004  >  37036 [ACK] Seq=420862 Ack=141 Win=65024 Len=1448 TSval=2916043213 TSecr=3045562987 [TCP segment of a reassembled PDU]"
"73310","39.133269199","192.168.1.55","192.168.1.2","TCP","1514","8004  >  37036 [PSH, ACK] Seq=422310 Ack=141 Win=65024 Len=1448 TSval=2916043213 TSecr=3045562987 [TCP segment of a reassembled PDU]"
"73311","39.133273773","192.168.1.55","192.168.1.2","TCP","762","8004  >  37036 [ACK] Seq=423758 Ack=141 Win=65024 Len=696 TSval=2916043213 TSecr=3045562987 [TCP segment of a reassembled PDU]"
"73312","39.133276939","192.168.1.2","192.168.1.55","TCP","66","37036  >  8004 [ACK] Seq=141 Ack=334678 Win=146432 Len=0 TSval=3045562987 TSecr=2916043206"
"73313","39.133315273","192.168.1.55","192.168.1.2","TCP","1514","8004  >  37036 [ACK] Seq=424454 Ack=141 Win=65024 Len=1448 TSval=2916043213 TSecr=3045562987 [TCP segment of a reassembled PDU]"
"73314","39.133316773","192.168.1.55","192.168.1.2","TCP","1514","8004  >  37036 [ACK] Seq=425902 Ack=141 Win=65024 Len=1448 TSval=2916043213 TSecr=3045562987 [TCP segment of a reassembled PDU]"
"73315","39.133317773","192.168.1.55","192.168.1.2","TCP","1514","8004  >  37036 [ACK] Seq=427350 Ack=141 Win=65024 Len=1448 TSval=2916043213 TSecr=3045562987 [TCP segment of a reassembled PDU]"
"73316","39.133318754","192.168.1.55","192.168.1.2","TCP","1514","8004  >  37036 [ACK] Seq=428798 Ack=141 Win=65024 Len=1448 TSval=2916043213 TSecr=3045562987 [TCP segment of a reassembled PDU]"
"73317","39.133319680","192.168.1.55","192.168.1.2","TCP","1514","8004  >  37036 [ACK] Seq=430246 Ack=141 Win=65024 Len=1448 TSval=2916043213 TSecr=3045562987 [TCP segment of a reassembled PDU]"
"73318","39.133320865","192.168.1.55","192.168.1.2","TCP","1514","8004  >  37036 [ACK] Seq=431694 Ack=141 Win=65024 Len=1448 TSval=2916043213 TSecr=3045562987 [TCP segment of a reassembled PDU]"
"73319","39.133322162","192.168.1.55","192.168.1.2","TCP","1514","8004  >  37036 [ACK] Seq=433142 Ack=141 Win=65024 Len=1448 TSval=2916043213 TSecr=3045562987 [TCP segment of a reassembled PDU]"
"73320","39.133323217","192.168.1.55","192.168.1.2","TCP","1514","8004  >  37036 [ACK] Seq=434590 Ack=141 Win=65024 Len=1448 TSval=2916043213 TSecr=3045562987 [TCP segment of a reassembled PDU]"
"73321","39.133324291","192.168.1.55","192.168.1.2","TCP","1514","8004  >  37036 [ACK] Seq=436038 Ack=141 Win=65024 Len=1448 TSval=2916043213 TSecr=3045562987 [TCP segment of a reassembled PDU]"
"73322","39.133325347","192.168.1.55","192.168.1.2","TCP","1514","8004  >  37036 [ACK] Seq=437486 Ack=141 Win=65024 Len=1448 TSval=2916043213 TSecr=3045562987 [TCP segment of a reassembled PDU]"
"73323","39.133326273","192.168.1.55","192.168.1.2","TCP","1514","8004  >  37036 [ACK] Seq=438934 Ack=141 Win=65024 Len=1448 TSval=2916043213 TSecr=3045562987 [TCP segment of a reassembled PDU]"
"73324","39.133327254","192.168.1.55","192.168.1.2","TCP","1514","8004  >  37036 [ACK] Seq=440382 Ack=141 Win=65024 Len=1448 TSval=2916043213 TSecr=3045562987 [TCP segment of a reassembled PDU]"
"73325","39.133328291","192.168.1.55","192.168.1.2","TCP","1514","8004  >  37036 [ACK] Seq=441830 Ack=141 Win=65024 Len=1448 TSval=2916043213 TSecr=3045562987 [TCP segment of a reassembled PDU]"
"73326","39.133329217","192.168.1.55","192.168.1.2","TCP","1514","8004  >  37036 [ACK] Seq=443278 Ack=141 Win=65024 Len=1448 TSval=2916043213 TSecr=3045562987 [TCP segment of a reassembled PDU]"
"73327","39.133330365","192.168.1.55","192.168.1.2","TCP","1514","8004  >  37036 [ACK] Seq=444726 Ack=141 Win=65024 Len=1448 TSval=2916043213 TSecr=3045562987 [TCP segment of a reassembled PDU]"
"73328","39.133331365","192.168.1.55","192.168.1.2","TCP","1514","8004  >  37036 [ACK] Seq=446174 Ack=141 Win=65024 Len=1448 TSval=2916043213 TSecr=3045562987 [TCP segment of a reassembled PDU]"
"73329","39.133332476","192.168.1.55","192.168.1.2","TCP","1514","8004  >  37036 [ACK] Seq=447622 Ack=141 Win=65024 Len=1448 TSval=2916043213 TSecr=3045562987 [TCP segment of a reassembled PDU]"
"73330","39.133333588","192.168.1.55","192.168.1.2","TCP","1514","8004  >  37036 [ACK] Seq=449070 Ack=141 Win=65024 Len=1448 TSval=2916043213 TSecr=3045562987 [TCP segment of a reassembled PDU]"
"73331","39.133334551","192.168.1.55","192.168.1.2","TCP","1514","8004  >  37036 [ACK] Seq=450518 Ack=141 Win=65024 Len=1448 TSval=2916043213 TSecr=3045562987 [TCP segment of a reassembled PDU]"
"73332","39.133335662","192.168.1.55","192.168.1.2","TCP","1514","8004  >  37036 [ACK] Seq=451966 Ack=141 Win=65024 Len=1448 TSval=2916043213 TSecr=3045562987 [TCP segment of a reassembled PDU]"
"73333","39.133342476","192.168.1.55","192.168.1.2","TCP","1514","8004  >  37036 [ACK] Seq=453414 Ack=141 Win=65024 Len=1448 TSval=2916043213 TSecr=3045562987 [TCP segment of a reassembled PDU]"
"73334","39.133343902","192.168.1.55","192.168.1.2","TCP","1514","8004  >  37036 [ACK] Seq=454862 Ack=141 Win=65024 Len=1448 TSval=2916043213 TSecr=3045562987 [TCP segment of a reassembled PDU]"
"73335","39.133345310","192.168.1.55","192.168.1.2","TCP","1514","8004  >  37036 [ACK] Seq=456310 Ack=141 Win=65024 Len=1448 TSval=2916043213 TSecr=3045562987 [TCP segment of a reassembled PDU]"
"73336","39.133346532","192.168.1.55","192.168.1.2","TCP","1514","8004  >  37036 [ACK] Seq=457758 Ack=141 Win=65024 Len=1448 TSval=2916043213 TSecr=3045562987 [TCP segment of a reassembled PDU]"
"73337","39.133347977","192.168.1.55","192.168.1.2","TCP","1514","8004  >  37036 [ACK] Seq=459206 Ack=141 Win=65024 Len=1448 TSval=2916043213 TSecr=3045562987 [TCP segment of a reassembled PDU]"
"73338","39.133349069","192.168.1.55","192.168.1.2","TCP","1514","8004  >  37036 [ACK] Seq=460654 Ack=141 Win=65024 Len=1448 TSval=2916043213 TSecr=3045562987 [TCP segment of a reassembled PDU]"
"73339","39.133350217","192.168.1.55","192.168.1.2","TCP","1514","8004  >  37036 [ACK] Seq=462102 Ack=141 Win=65024 Len=1448 TSval=2916043213 TSecr=3045562987 [TCP segment of a reassembled PDU]"
"73340","39.133351236","192.168.1.55","192.168.1.2","TCP","1514","8004  >  37036 [ACK] Seq=463550 Ack=141 Win=65024 Len=1448 TSval=2916043213 TSecr=3045562987 [TCP segment of a reassembled PDU]"
"73341","39.133352402","192.168.1.55","192.168.1.2","TCP","1514","8004  >  37036 [ACK] Seq=464998 Ack=141 Win=65024 Len=1448 TSval=2916043213 TSecr=3045562987 [TCP segment of a reassembled PDU]"
"73342","39.133353977","192.168.1.55","192.168.1.2","TCP","1514","8004  >  37036 [ACK] Seq=466446 Ack=141 Win=65024 Len=1448 TSval=2916043213 TSecr=3045562987 [TCP segment of a reassembled PDU]"
"73343","39.133355051","192.168.1.55","192.168.1.2","TCP","1514","8004  >  37036 [PSH, ACK] Seq=467894 Ack=141 Win=65024 Len=1448 TSval=2916043213 TSecr=3045562987 [TCP segment of a reassembled PDU]"
"73344","39.133360773","192.168.1.2","192.168.1.55","TCP","66","37036  >  8004 [ACK] Seq=141 Ack=362190 Win=141312 Len=0 TSval=3045562987 TSecr=2916043208"
"73345","39.133807403","192.168.1.55","192.168.1.2","TCP","1514","8004  >  37036 [ACK] Seq=469342 Ack=141 Win=65024 Len=1448 TSval=2916043214 TSecr=3045562987 [TCP segment of a reassembled PDU]"
"73346","39.133813070","192.168.1.55","192.168.1.2","TCP","1514","8004  >  37036 [ACK] Seq=470790 Ack=141 Win=65024 Len=1448 TSval=2916043214 TSecr=3045562987 [TCP segment of a reassembled PDU]"
"73347","39.133814792","192.168.1.55","192.168.1.2","TCP","1514","8004  >  37036 [ACK] Seq=472238 Ack=141 Win=65024 Len=1448 TSval=2916043214 TSecr=3045562987 [TCP segment of a reassembled PDU]"
"73348","39.133816551","192.168.1.55","192.168.1.2","TCP","1514","8004  >  37036 [ACK] Seq=473686 Ack=141 Win=65024 Len=1448 TSval=2916043214 TSecr=3045562987 [TCP segment of a reassembled PDU]"
"73349","39.133818144","192.168.1.55","192.168.1.2","TCP","1514","8004  >  37036 [ACK] Seq=475134 Ack=141 Win=65024 Len=1448 TSval=2916043214 TSecr=3045562987 [TCP segment of a reassembled PDU]"
"73350","39.133819292","192.168.1.55","192.168.1.2","TCP","1514","8004  >  37036 [ACK] Seq=476582 Ack=141 Win=65024 Len=1448 TSval=2916043214 TSecr=3045562987 [TCP segment of a reassembled PDU]"
"73351","39.133820885","192.168.1.55","192.168.1.2","TCP","1514","8004  >  37036 [ACK] Seq=478030 Ack=141 Win=65024 Len=1448 TSval=2916043214 TSecr=3045562987 [TCP segment of a reassembled PDU]"
"73352","39.133822422","192.168.1.55","192.168.1.2","TCP","1514","8004  >  37036 [ACK] Seq=479478 Ack=141 Win=65024 Len=1448 TSval=2916043214 TSecr=3045562987 [TCP segment of a reassembled PDU]"
"73353","39.133824014","192.168.1.55","192.168.1.2","TCP","1514","8004  >  37036 [ACK] Seq=480926 Ack=141 Win=65024 Len=1448 TSval=2916043214 TSecr=3045562987 [TCP segment of a reassembled PDU]"
"73354","39.133825329","192.168.1.55","192.168.1.2","TCP","1514","8004  >  37036 [ACK] Seq=482374 Ack=141 Win=65024 Len=1448 TSval=2916043214 TSecr=3045562987 [TCP segment of a reassembled PDU]"
"73355","39.133827237","192.168.1.55","192.168.1.2","TCP","1514","8004  >  37036 [ACK] Seq=483822 Ack=141 Win=65024 Len=1448 TSval=2916043214 TSecr=3045562987 [TCP segment of a reassembled PDU]"
"73356","39.133828477","192.168.1.55","192.168.1.2","TCP","1514","8004  >  37036 [ACK] Seq=485270 Ack=141 Win=65024 Len=1448 TSval=2916043214 TSecr=3045562987 [TCP segment of a reassembled PDU]"
"73357","39.133829477","192.168.1.55","192.168.1.2","TCP","1514","8004  >  37036 [ACK] Seq=486718 Ack=141 Win=65024 Len=1448 TSval=2916043214 TSecr=3045562987 [TCP segment of a reassembled PDU]"
"73358","39.133831125","192.168.1.55","192.168.1.2","TCP","1514","8004  >  37036 [ACK] Seq=488166 Ack=141 Win=65024 Len=1448 TSval=2916043214 TSecr=3045562987 [TCP segment of a reassembled PDU]"
"73359","39.133832422","192.168.1.55","192.168.1.2","TCP","1514","8004  >  37036 [ACK] Seq=489614 Ack=141 Win=65024 Len=1448 TSval=2916043214 TSecr=3045562987 [TCP segment of a reassembled PDU]"
"73360","39.133834218","192.168.1.55","192.168.1.2","TCP","1514","8004  >  37036 [ACK] Seq=491062 Ack=141 Win=65024 Len=1448 TSval=2916043214 TSecr=3045562987 [TCP segment of a reassembled PDU]"
"73361","39.133835588","192.168.1.55","192.168.1.2","TCP","1514","8004  >  37036 [ACK] Seq=492510 Ack=141 Win=65024 Len=1448 TSval=2916043214 TSecr=3045562987 [TCP segment of a reassembled PDU]"
"73362","39.133837162","192.168.1.55","192.168.1.2","TCP","1514","8004  >  37036 [ACK] Seq=493958 Ack=141 Win=65024 Len=1448 TSval=2916043214 TSecr=3045562987 [TCP segment of a reassembled PDU]"
"73363","39.133838607","192.168.1.55","192.168.1.2","TCP","1514","8004  >  37036 [ACK] Seq=495406 Ack=141 Win=65024 Len=1448 TSval=2916043214 TSecr=3045562987 [TCP segment of a reassembled PDU]"
"73364","39.133840366","192.168.1.55","192.168.1.2","TCP","1514","8004  >  37036 [PSH, ACK] Seq=496854 Ack=141 Win=65024 Len=1448 TSval=2916043214 TSecr=3045562987 [TCP segment of a reassembled PDU]"
"73365","39.135021572","192.168.1.55","192.168.1.2","HTTP","1472","HTTP/1.0 200 OK  (PNG)"
"73366","39.143264715","192.168.1.2","192.168.1.55","TCP","66","37036  >  8004 [ACK] Seq=141 Ack=372326 Win=157696 Len=0 TSval=3045562989 TSecr=2916043208"
"73367","39.144740995","192.168.1.2","192.168.1.55","TCP","66","37036  >  8004 [ACK] Seq=141 Ack=379566 Win=160768 Len=0 TSval=3045562996 TSecr=2916043210"
"73368","39.144890921","192.168.1.2","192.168.1.55","TCP","66","37036  >  8004 [ACK] Seq=141 Ack=402734 Win=147456 Len=0 TSval=3045562996 TSecr=2916043212"
"73369","39.144897125","192.168.1.2","192.168.1.55","TCP","66","37036  >  8004 [ACK] Seq=141 Ack=420862 Win=152576 Len=0 TSval=3045562999 TSecr=2916043212"
"73370","39.144901143","192.168.1.2","192.168.1.55","TCP","66","37036  >  8004 [ACK] Seq=141 Ack=423758 Win=165888 Len=0 TSval=3045562999 TSecr=2916043213"
"73371","39.145014810","192.168.1.2","192.168.1.55","TCP","66","37036  >  8004 [ACK] Seq=141 Ack=469342 Win=126976 Len=0 TSval=3045562999 TSecr=2916043213"
"73372","39.145027403","192.168.1.2","192.168.1.55","TCP","66","37036  >  8004 [ACK] Seq=141 Ack=498302 Win=140288 Len=0 TSval=3045562999 TSecr=2916043214"
"73373","39.145669904","192.168.1.2","192.168.1.55","TCP","66","37036  >  8004 [FIN, ACK] Seq=141 Ack=499709 Win=165888 Len=0 TSval=3045563000 TSecr=2916043215"
"73374","39.145681145","192.168.1.55","192.168.1.2","TCP","66","8004  >  37036 [ACK] Seq=499709 Ack=142 Win=65024 Len=0 TSval=2916043226 TSecr=3045563000"
"73375","39.145775756","192.168.1.2","192.168.1.55","TCP","74","37050  >  8004 [SYN] Seq=0 Win=64240 Len=0 MSS=1460 SACK_PERM TSval=3045563000 TSecr=0 WS=1024"
"73376","39.145797330","192.168.1.55","192.168.1.2","TCP","74","8004  >  37050 [SYN, ACK] Seq=0 Ack=1 Win=65160 Len=0 MSS=1460 SACK_PERM TSval=2916043226 TSecr=3045563000 WS=128"
"73377","39.149158428","192.168.1.2","192.168.1.55","TCP","66","37050  >  8004 [ACK] Seq=1 Ack=1 Win=64512 Len=0 TSval=3045563004 TSecr=2916043226"
"73378","39.149268725","192.168.1.2","192.168.1.55","HTTP","209","GET /original_benchmark.png HTTP/1.1 "
"73379","39.149277743","192.168.1.55","192.168.1.2","TCP","66","8004  >  37050 [ACK] Seq=1 Ack=144 Win=65024 Len=0 TSval=2916043229 TSecr=3045563004"
"73380","39.150017152","192.168.1.55","192.168.1.2","TCP","255","8004  >  37050 [PSH, ACK] Seq=1 Ack=144 Win=65024 Len=189 TSval=2916043230 TSecr=3045563004 [TCP segment of a reassembled PDU]"
"73381","39.150127041","192.168.1.55","192.168.1.2","TCP","1514","8004  >  37050 [ACK] Seq=190 Ack=144 Win=65024 Len=1448 TSval=2916043230 TSecr=3045563004 [TCP segment of a reassembled PDU]"
"73382","39.150133745","192.168.1.55","192.168.1.2","TCP","1514","8004  >  37050 [ACK] Seq=1638 Ack=144 Win=65024 Len=1448 TSval=2916043230 TSecr=3045563004 [TCP segment of a reassembled PDU]"
"73383","39.150135689","192.168.1.55","192.168.1.2","TCP","1514","8004  >  37050 [ACK] Seq=3086 Ack=144 Win=65024 Len=1448 TSval=2916043230 TSecr=3045563004 [TCP segment of a reassembled PDU]"
"73384","39.150136911","192.168.1.55","192.168.1.2","TCP","1514","8004  >  37050 [ACK] Seq=4534 Ack=144 Win=65024 Len=1448 TSval=2916043230 TSecr=3045563004 [TCP segment of a reassembled PDU]"
"73385","39.150138022","192.168.1.55","192.168.1.2","TCP","1514","8004  >  37050 [PSH, ACK] Seq=5982 Ack=144 Win=65024 Len=1448 TSval=2916043230 TSecr=3045563004 [TCP segment of a reassembled PDU]"
"73386","39.150159708","192.168.1.55","192.168.1.2","TCP","1514","8004  >  37050 [ACK] Seq=7430 Ack=144 Win=65024 Len=1448 TSval=2916043230 TSecr=3045563004 [TCP segment of a reassembled PDU]"
"73387","39.150161819","192.168.1.55","192.168.1.2","TCP","1514","8004  >  37050 [ACK] Seq=8878 Ack=144 Win=65024 Len=1448 TSval=2916043230 TSecr=3045563004 [TCP segment of a reassembled PDU]"
"73388","39.150163245","192.168.1.55","192.168.1.2","TCP","1514","8004  >  37050 [ACK] Seq=10326 Ack=144 Win=65024 Len=1448 TSval=2916043230 TSecr=3045563004 [TCP segment of a reassembled PDU]"
"73389","39.150164263","192.168.1.55","192.168.1.2","TCP","1514","8004  >  37050 [PSH, ACK] Seq=11774 Ack=144 Win=65024 Len=1448 TSval=2916043230 TSecr=3045563004 [TCP segment of a reassembled PDU]"
"73390","39.152791286","192.168.1.2","192.168.1.55","TCP","66","37050  >  8004 [ACK] Seq=144 Ack=190 Win=64512 Len=0 TSval=3045563007 TSecr=2916043230"
"73391","39.152845619","192.168.1.55","192.168.1.2","TCP","1514","8004  >  37050 [ACK] Seq=13222 Ack=144 Win=65024 Len=1448 TSval=2916043233 TSecr=3045563007 [TCP segment of a reassembled PDU]"
"73392","39.152852249","192.168.1.55","192.168.1.2","TCP","1514","8004  >  37050 [PSH, ACK] Seq=14670 Ack=144 Win=65024 Len=1448 TSval=2916043233 TSecr=3045563007 [TCP segment of a reassembled PDU]"
"73393","39.152890990","192.168.1.2","192.168.1.55","TCP","66","37050  >  8004 [ACK] Seq=144 Ack=1638 Win=67584 Len=0 TSval=3045563007 TSecr=2916043230"
"73394","39.154052362","192.168.1.2","192.168.1.55","TCP","66","37050  >  8004 [ACK] Seq=144 Ack=4534 Win=73728 Len=0 TSval=3045563008 TSecr=2916043230"
"73395","39.154226955","192.168.1.55","192.168.1.2","TCP","1514","8004  >  37050 [ACK] Seq=16118 Ack=144 Win=65024 Len=1448 TSval=2916043234 TSecr=3045563008 [TCP segment of a reassembled PDU]"
"73396","39.154242492","192.168.1.55","192.168.1.2","TCP","1514","8004  >  37050 [ACK] Seq=17566 Ack=144 Win=65024 Len=1448 TSval=2916043234 TSecr=3045563008 [TCP segment of a reassembled PDU]"
"73397","39.154245288","192.168.1.55","192.168.1.2","TCP","1514","8004  >  37050 [ACK] Seq=19014 Ack=144 Win=65024 Len=1448 TSval=2916043234 TSecr=3045563008 [TCP segment of a reassembled PDU]"
"73398","39.154247844","192.168.1.55","192.168.1.2","TCP","1514","8004  >  37050 [ACK] Seq=20462 Ack=144 Win=65024 Len=1448 TSval=2916043234 TSecr=3045563008 [TCP segment of a reassembled PDU]"
"73399","39.154249566","192.168.1.55","192.168.1.2","TCP","1514","8004  >  37050 [ACK] Seq=21910 Ack=144 Win=65024 Len=1448 TSval=2916043234 TSecr=3045563008 [TCP segment of a reassembled PDU]"
"73400","39.154252751","192.168.1.55","192.168.1.2","TCP","1514","8004  >  37050 [PSH, ACK] Seq=23358 Ack=144 Win=65024 Len=1448 TSval=2916043234 TSecr=3045563008 [TCP segment of a reassembled PDU]"
"73401","39.154387344","192.168.1.2","192.168.1.55","TCP","66","37050  >  8004 [ACK] Seq=144 Ack=5982 Win=76800 Len=0 TSval=3045563008 TSecr=2916043230"
"73402","39.155617828","192.168.1.2","192.168.1.55","TCP","66","37050  >  8004 [ACK] Seq=144 Ack=7430 Win=79872 Len=0 TSval=3045563009 TSecr=2916043230"
"73403","39.155675309","192.168.1.55","192.168.1.2","TCP","1514","8004  >  37050 [ACK] Seq=24806 Ack=144 Win=65024 Len=1448 TSval=2916043236 TSecr=3045563009 [TCP segment of a reassembled PDU]"
"73404","39.155683698","192.168.1.55","192.168.1.2","TCP","1514","8004  >  37050 [ACK] Seq=26254 Ack=144 Win=65024 Len=1448 TSval=2916043236 TSecr=3045563009 [TCP segment of a reassembled PDU]"
"73405","39.155685328","192.168.1.55","192.168.1.2","TCP","1514","8004  >  37050 [ACK] Seq=27702 Ack=144 Win=65024 Len=1448 TSval=2916043236 TSecr=3045563009 [TCP segment of a reassembled PDU]"
"73406","39.155686735","192.168.1.55","192.168.1.2","TCP","1514","8004  >  37050 [PSH, ACK] Seq=29150 Ack=144 Win=65024 Len=1448 TSval=2916043236 TSecr=3045563009 [TCP segment of a reassembled PDU]"
"73407","39.156313847","192.168.1.2","192.168.1.55","TCP","66","37050  >  8004 [ACK] Seq=144 Ack=13222 Win=79872 Len=0 TSval=3045563009 TSecr=2916043230"
"73408","39.156362181","192.168.1.55","192.168.1.2","TCP","1514","8004  >  37050 [ACK] Seq=30598 Ack=144 Win=65024 Len=1448 TSval=2916043237 TSecr=3045563009 [TCP segment of a reassembled PDU]"
"73409","39.156367014","192.168.1.55","192.168.1.2","TCP","1514","8004  >  37050 [ACK] Seq=32046 Ack=144 Win=65024 Len=1448 TSval=2916043237 TSecr=3045563009 [TCP segment of a reassembled PDU]"
"73410","39.156368255","192.168.1.55","192.168.1.2","TCP","1514","8004  >  37050 [ACK] Seq=33494 Ack=144 Win=65024 Len=1448 TSval=2916043237 TSecr=3045563009 [TCP segment of a reassembled PDU]"
"73411","39.156369440","192.168.1.55","192.168.1.2","TCP","1514","8004  >  37050 [ACK] Seq=34942 Ack=144 Win=65024 Len=1448 TSval=2916043237 TSecr=3045563009 [TCP segment of a reassembled PDU]"
"73412","39.156370699","192.168.1.55","192.168.1.2","TCP","1514","8004  >  37050 [ACK] Seq=36390 Ack=144 Win=65024 Len=1448 TSval=2916043237 TSecr=3045563009 [TCP segment of a reassembled PDU]"
"73413","39.156371866","192.168.1.55","192.168.1.2","TCP","1514","8004  >  37050 [ACK] Seq=37838 Ack=144 Win=65024 Len=1448 TSval=2916043237 TSecr=3045563009 [TCP segment of a reassembled PDU]"
"73414","39.156372958","192.168.1.55","192.168.1.2","TCP","1514","8004  >  37050 [ACK] Seq=39286 Ack=144 Win=65024 Len=1448 TSval=2916043237 TSecr=3045563009 [TCP segment of a reassembled PDU]"
"73415","39.156373977","192.168.1.55","192.168.1.2","TCP","1514","8004  >  37050 [PSH, ACK] Seq=40734 Ack=144 Win=65024 Len=1448 TSval=2916043237 TSecr=3045563009 [TCP segment of a reassembled PDU]"
"73416","39.158611814","192.168.1.2","192.168.1.55","TCP","66","37050  >  8004 [ACK] Seq=144 Ack=16118 Win=84992 Len=0 TSval=3045563012 TSecr=2916043233"
"73417","39.158678740","192.168.1.55","192.168.1.2","TCP","1514","8004  >  37050 [ACK] Seq=42182 Ack=144 Win=65024 Len=1448 TSval=2916043239 TSecr=3045563012 [TCP segment of a reassembled PDU]"
"73418","39.158683314","192.168.1.55","192.168.1.2","TCP","1514","8004  >  37050 [PSH, ACK] Seq=43630 Ack=144 Win=65024 Len=1448 TSval=2916043239 TSecr=3045563012 [TCP segment of a reassembled PDU]"
"73419","39.159587297","192.168.1.2","192.168.1.55","TCP","66","37050  >  8004 [ACK] Seq=144 Ack=24806 Win=76800 Len=0 TSval=3045563013 TSecr=2916043234"
"73420","39.159627982","192.168.1.55","192.168.1.2","TCP","1514","8004  >  37050 [ACK] Seq=45078 Ack=144 Win=65024 Len=1448 TSval=2916043240 TSecr=3045563013 [TCP segment of a reassembled PDU]"
"73421","39.159632353","192.168.1.55","192.168.1.2","TCP","1514","8004  >  37050 [ACK] Seq=46526 Ack=144 Win=65024 Len=1448 TSval=2916043240 TSecr=3045563013 [TCP segment of a reassembled PDU]"
"73422","39.159633260","192.168.1.55","192.168.1.2","TCP","1514","8004  >  37050 [ACK] Seq=47974 Ack=144 Win=65024 Len=1448 TSval=2916043240 TSecr=3045563013 [TCP segment of a reassembled PDU]"
"73423","39.159634538","192.168.1.55","192.168.1.2","TCP","1514","8004  >  37050 [ACK] Seq=49422 Ack=144 Win=65024 Len=1448 TSval=2916043240 TSecr=3045563013 [TCP segment of a reassembled PDU]"
"73424","39.159635816","192.168.1.55","192.168.1.2","TCP","1514","8004  >  37050 [ACK] Seq=50870 Ack=144 Win=65024 Len=1448 TSval=2916043240 TSecr=3045563013 [TCP segment of a reassembled PDU]"
"73425","39.159637001","192.168.1.55","192.168.1.2","TCP","1514","8004  >  37050 [ACK] Seq=52318 Ack=144 Win=65024 Len=1448 TSval=2916043240 TSecr=3045563013 [TCP segment of a reassembled PDU]"
"73426","39.159638075","192.168.1.55","192.168.1.2","TCP","1514","8004  >  37050 [ACK] Seq=53766 Ack=144 Win=65024 Len=1448 TSval=2916043240 TSecr=3045563013 [TCP segment of a reassembled PDU]"
"73427","39.159639297","192.168.1.55","192.168.1.2","TCP","1514","8004  >  37050 [ACK] Seq=55214 Ack=144 Win=65024 Len=1448 TSval=2916043240 TSecr=3045563013 [TCP segment of a reassembled PDU]"
"73428","39.159640353","192.168.1.55","192.168.1.2","TCP","1514","8004  >  37050 [ACK] Seq=56662 Ack=144 Win=65024 Len=1448 TSval=2916043240 TSecr=3045563013 [TCP segment of a reassembled PDU]"
"73429","39.159641427","192.168.1.55","192.168.1.2","TCP","1514","8004  >  37050 [ACK] Seq=58110 Ack=144 Win=65024 Len=1448 TSval=2916043240 TSecr=3045563013 [TCP segment of a reassembled PDU]"
"73430","39.159643130","192.168.1.55","192.168.1.2","TCP","1514","8004  >  37050 [ACK] Seq=59558 Ack=144 Win=65024 Len=1448 TSval=2916043240 TSecr=3045563013 [TCP segment of a reassembled PDU]"
"73431","39.159644667","192.168.1.55","192.168.1.2","TCP","1514","8004  >  37050 [ACK] Seq=61006 Ack=144 Win=65024 Len=1448 TSval=2916043240 TSecr=3045563013 [TCP segment of a reassembled PDU]"
"73432","39.159645927","192.168.1.55","192.168.1.2","TCP","1514","8004  >  37050 [ACK] Seq=62454 Ack=144 Win=65024 Len=1448 TSval=2916043240 TSecr=3045563013 [TCP segment of a reassembled PDU]"
"73433","39.159647093","192.168.1.55","192.168.1.2","TCP","1514","8004  >  37050 [PSH, ACK] Seq=63902 Ack=144 Win=65024 Len=1448 TSval=2916043240 TSecr=3045563013 [TCP segment of a reassembled PDU]"
"73434","39.162559506","192.168.1.2","192.168.1.55","TCP","66","37050  >  8004 [ACK] Seq=144 Ack=30598 Win=81920 Len=0 TSval=3045563016 TSecr=2916043236"
"73435","39.162610561","192.168.1.55","192.168.1.2","TCP","1514","8004  >  37050 [ACK] Seq=65350 Ack=144 Win=65024 Len=1448 TSval=2916043243 TSecr=3045563016 [TCP segment of a reassembled PDU]"
"73436","39.162615876","192.168.1.55","192.168.1.2","TCP","1514","8004  >  37050 [ACK] Seq=66798 Ack=144 Win=65024 Len=1448 TSval=2916043243 TSecr=3045563016 [TCP segment of a reassembled PDU]"
"73437","39.162617006","192.168.1.55","192.168.1.2","TCP","1514","8004  >  37050 [ACK] Seq=68246 Ack=144 Win=65024 Len=1448 TSval=2916043243 TSecr=3045563016 [TCP segment of a reassembled PDU]"
"73438","39.162618024","192.168.1.55","192.168.1.2","TCP","1514","8004  >  37050 [ACK] Seq=69694 Ack=144 Win=65024 Len=1448 TSval=2916043243 TSecr=3045563016 [TCP segment of a reassembled PDU]"
"73439","39.162619209","192.168.1.55","192.168.1.2","TCP","1514","8004  >  37050 [ACK] Seq=71142 Ack=144 Win=65024 Len=1448 TSval=2916043243 TSecr=3045563016 [TCP segment of a reassembled PDU]"
"73440","39.162620376","192.168.1.55","192.168.1.2","TCP","1514","8004  >  37050 [ACK] Seq=72590 Ack=144 Win=65024 Len=1448 TSval=2916043243 TSecr=3045563016 [TCP segment of a reassembled PDU]"
"73441","39.162622432","192.168.1.55","192.168.1.2","TCP","1514","8004  >  37050 [ACK] Seq=74038 Ack=144 Win=65024 Len=1448 TSval=2916043243 TSecr=3045563016 [TCP segment of a reassembled PDU]"
"73442","39.162624395","192.168.1.55","192.168.1.2","TCP","1514","8004  >  37050 [PSH, ACK] Seq=75486 Ack=144 Win=65024 Len=1448 TSval=2916043243 TSecr=3045563016 [TCP segment of a reassembled PDU]"
"73443","39.162672895","192.168.1.2","192.168.1.55","TCP","66","37050  >  8004 [ACK] Seq=144 Ack=39286 Win=79872 Len=0 TSval=3045563016 TSecr=2916043237"
"73444","39.162684987","192.168.1.2","192.168.1.55","TCP","66","37050  >  8004 [ACK] Seq=144 Ack=42182 Win=84992 Len=0 TSval=3045563016 TSecr=2916043237"
"73445","39.162717765","192.168.1.55","192.168.1.2","TCP","1514","8004  >  37050 [ACK] Seq=76934 Ack=144 Win=65024 Len=1448 TSval=2916043243 TSecr=3045563016 [TCP segment of a reassembled PDU]"
"73446","39.162719524","192.168.1.55","192.168.1.2","TCP","1514","8004  >  37050 [ACK] Seq=78382 Ack=144 Win=65024 Len=1448 TSval=2916043243 TSecr=3045563016 [TCP segment of a reassembled PDU]"
"73447","39.162720506","192.168.1.55","192.168.1.2","TCP","1514","8004  >  37050 [ACK] Seq=79830 Ack=144 Win=65024 Len=1448 TSval=2916043243 TSecr=3045563016 [TCP segment of a reassembled PDU]"
"73448","39.162721913","192.168.1.55","192.168.1.2","TCP","1514","8004  >  37050 [ACK] Seq=81278 Ack=144 Win=65024 Len=1448 TSval=2916043243 TSecr=3045563016 [TCP segment of a reassembled PDU]"
"73449","39.162724080","192.168.1.55","192.168.1.2","TCP","1514","8004  >  37050 [ACK] Seq=82726 Ack=144 Win=65024 Len=1448 TSval=2916043243 TSecr=3045563016 [TCP segment of a reassembled PDU]"
"73450","39.162726117","192.168.1.55","192.168.1.2","TCP","1514","8004  >  37050 [ACK] Seq=84174 Ack=144 Win=65024 Len=1448 TSval=2916043243 TSecr=3045563016 [TCP segment of a reassembled PDU]"
"73451","39.162727209","192.168.1.55","192.168.1.2","TCP","1514","8004  >  37050 [ACK] Seq=85622 Ack=144 Win=65024 Len=1448 TSval=2916043243 TSecr=3045563016 [TCP segment of a reassembled PDU]"
"73452","39.162728358","192.168.1.55","192.168.1.2","TCP","1514","8004  >  37050 [ACK] Seq=87070 Ack=144 Win=65024 Len=1448 TSval=2916043243 TSecr=3045563016 [TCP segment of a reassembled PDU]"
"73453","39.162729469","192.168.1.55","192.168.1.2","TCP","1514","8004  >  37050 [ACK] Seq=88518 Ack=144 Win=65024 Len=1448 TSval=2916043243 TSecr=3045563016 [TCP segment of a reassembled PDU]"
"73454","39.162731321","192.168.1.55","192.168.1.2","TCP","1514","8004  >  37050 [ACK] Seq=89966 Ack=144 Win=65024 Len=1448 TSval=2916043243 TSecr=3045563016 [TCP segment of a reassembled PDU]"
"73455","39.162733043","192.168.1.55","192.168.1.2","TCP","1514","8004  >  37050 [ACK] Seq=91414 Ack=144 Win=65024 Len=1448 TSval=2916043243 TSecr=3045563016 [TCP segment of a reassembled PDU]"
"73456","39.162734580","192.168.1.55","192.168.1.2","TCP","1514","8004  >  37050 [ACK] Seq=92862 Ack=144 Win=65024 Len=1448 TSval=2916043243 TSecr=3045563016 [TCP segment of a reassembled PDU]"
"73457","39.162735747","192.168.1.55","192.168.1.2","TCP","1514","8004  >  37050 [ACK] Seq=94310 Ack=144 Win=65024 Len=1448 TSval=2916043243 TSecr=3045563016 [TCP segment of a reassembled PDU]"
"73458","39.162736784","192.168.1.55","192.168.1.2","TCP","1514","8004  >  37050 [ACK] Seq=95758 Ack=144 Win=65024 Len=1448 TSval=2916043243 TSecr=3045563016 [TCP segment of a reassembled PDU]"
"73459","39.162737969","192.168.1.55","192.168.1.2","TCP","1514","8004  >  37050 [ACK] Seq=97206 Ack=144 Win=65024 Len=1448 TSval=2916043243 TSecr=3045563016 [TCP segment of a reassembled PDU]"
"73460","39.162739098","192.168.1.55","192.168.1.2","TCP","1514","8004  >  37050 [PSH, ACK] Seq=98654 Ack=144 Win=65024 Len=1448 TSval=2916043243 TSecr=3045563016 [TCP segment of a reassembled PDU]"
"73461","39.165550899","192.168.1.2","192.168.1.55","TCP","66","37050  >  8004 [ACK] Seq=144 Ack=45078 Win=84992 Len=0 TSval=3045563017 TSecr=2916043239"
"73462","39.165583955","192.168.1.55","192.168.1.2","TCP","1514","8004  >  37050 [ACK] Seq=100102 Ack=144 Win=65024 Len=1448 TSval=2916043246 TSecr=3045563017 [TCP segment of a reassembled PDU]"
"73463","39.165587307","192.168.1.55","192.168.1.2","TCP","1514","8004  >  37050 [ACK] Seq=101550 Ack=144 Win=65024 Len=1448 TSval=2916043246 TSecr=3045563017 [TCP segment of a reassembled PDU]"
"73464","39.165588529","192.168.1.55","192.168.1.2","TCP","1514","8004  >  37050 [ACK] Seq=102998 Ack=144 Win=65024 Len=1448 TSval=2916043246 TSecr=3045563017 [TCP segment of a reassembled PDU]"
"73465","39.165590436","192.168.1.55","192.168.1.2","TCP","1514","8004  >  37050 [PSH, ACK] Seq=104446 Ack=144 Win=65024 Len=1448 TSval=2916043246 TSecr=3045563017 [TCP segment of a reassembled PDU]"
"73466","39.165826955","192.168.1.2","192.168.1.55","TCP","66","37050  >  8004 [ACK] Seq=144 Ack=62454 Win=68608 Len=0 TSval=3045563018 TSecr=2916043240"
"73467","39.165851807","192.168.1.55","192.168.1.2","TCP","1514","8004  >  37050 [ACK] Seq=105894 Ack=144 Win=65024 Len=1448 TSval=2916043246 TSecr=3045563018 [TCP segment of a reassembled PDU]"
"73468","39.165853715","192.168.1.55","192.168.1.2","TCP","1514","8004  >  37050 [ACK] Seq=107342 Ack=144 Win=65024 Len=1448 TSval=2916043246 TSecr=3045563018 [TCP segment of a reassembled PDU]"
"73469","39.165854770","192.168.1.55","192.168.1.2","TCP","1514","8004  >  37050 [ACK] Seq=108790 Ack=144 Win=65024 Len=1448 TSval=2916043246 TSecr=3045563018 [TCP segment of a reassembled PDU]"
"73470","39.165855918","192.168.1.55","192.168.1.2","TCP","1514","8004  >  37050 [ACK] Seq=110238 Ack=144 Win=65024 Len=1448 TSval=2916043246 TSecr=3045563018 [TCP segment of a reassembled PDU]"
"73471","39.165856974","192.168.1.55","192.168.1.2","TCP","1514","8004  >  37050 [ACK] Seq=111686 Ack=144 Win=65024 Len=1448 TSval=2916043246 TSecr=3045563018 [TCP segment of a reassembled PDU]"
"73472","39.165858381","192.168.1.55","192.168.1.2","TCP","1514","8004  >  37050 [ACK] Seq=113134 Ack=144 Win=65024 Len=1448 TSval=2916043246 TSecr=3045563018 [TCP segment of a reassembled PDU]"
"73473","39.165860492","192.168.1.55","192.168.1.2","TCP","1514","8004  >  37050 [ACK] Seq=114582 Ack=144 Win=65024 Len=1448 TSval=2916043246 TSecr=3045563018 [TCP segment of a reassembled PDU]"
"73474","39.165862085","192.168.1.55","192.168.1.2","TCP","1514","8004  >  37050 [ACK] Seq=116030 Ack=144 Win=65024 Len=1448 TSval=2916043246 TSecr=3045563018 [TCP segment of a reassembled PDU]"
"73475","39.165863159","192.168.1.55","192.168.1.2","TCP","1514","8004  >  37050 [PSH, ACK] Seq=117478 Ack=144 Win=65024 Len=1448 TSval=2916043246 TSecr=3045563018 [TCP segment of a reassembled PDU]"
"73476","39.168409497","192.168.1.2","192.168.1.55","TCP","66","37050  >  8004 [ACK] Seq=144 Ack=65350 Win=82944 Len=0 TSval=3045563021 TSecr=2916043240"
"73477","39.168432034","192.168.1.55","192.168.1.2","TCP","1514","8004  >  37050 [ACK] Seq=118926 Ack=144 Win=65024 Len=1448 TSval=2916043249 TSecr=3045563021 [TCP segment of a reassembled PDU]"
"73478","39.168433960","192.168.1.55","192.168.1.2","TCP","1514","8004  >  37050 [ACK] Seq=120374 Ack=144 Win=65024 Len=1448 TSval=2916043249 TSecr=3045563021 [TCP segment of a reassembled PDU]"
"73479","39.168434997","192.168.1.55","192.168.1.2","TCP","1514","8004  >  37050 [ACK] Seq=121822 Ack=144 Win=65024 Len=1448 TSval=2916043249 TSecr=3045563021 [TCP segment of a reassembled PDU]"
"73480","39.168436034","192.168.1.55","192.168.1.2","TCP","1514","8004  >  37050 [ACK] Seq=123270 Ack=144 Win=65024 Len=1448 TSval=2916043249 TSecr=3045563021 [TCP segment of a reassembled PDU]"
"73481","39.168437015","192.168.1.55","192.168.1.2","TCP","1514","8004  >  37050 [ACK] Seq=124718 Ack=144 Win=65024 Len=1448 TSval=2916043249 TSecr=3045563021 [TCP segment of a reassembled PDU]"
"73482","39.168438163","192.168.1.55","192.168.1.2","TCP","1514","8004  >  37050 [ACK] Seq=126166 Ack=144 Win=65024 Len=1448 TSval=2916043249 TSecr=3045563021 [TCP segment of a reassembled PDU]"
"73483","39.168439145","192.168.1.55","192.168.1.2","TCP","1514","8004  >  37050 [ACK] Seq=127614 Ack=144 Win=65024 Len=1448 TSval=2916043249 TSecr=3045563021 [TCP segment of a reassembled PDU]"
"73484","39.168440219","192.168.1.55","192.168.1.2","TCP","1514","8004  >  37050 [ACK] Seq=129062 Ack=144 Win=65024 Len=1448 TSval=2916043249 TSecr=3045563021 [TCP segment of a reassembled PDU]"
"73485","39.168441274","192.168.1.55","192.168.1.2","TCP","1514","8004  >  37050 [ACK] Seq=130510 Ack=144 Win=65024 Len=1448 TSval=2916043249 TSecr=3045563021 [TCP segment of a reassembled PDU]"
"73486","39.168442367","192.168.1.55","192.168.1.2","TCP","1514","8004  >  37050 [ACK] Seq=131958 Ack=144 Win=65024 Len=1448 TSval=2916043249 TSecr=3045563021 [TCP segment of a reassembled PDU]"
"73487","39.168443423","192.168.1.55","192.168.1.2","TCP","1514","8004  >  37050 [ACK] Seq=133406 Ack=144 Win=65024 Len=1448 TSval=2916043249 TSecr=3045563021 [TCP segment of a reassembled PDU]"
"73488","39.168444682","192.168.1.55","192.168.1.2","TCP","1514","8004  >  37050 [ACK] Seq=134854 Ack=144 Win=65024 Len=1448 TSval=2916043249 TSecr=3045563021 [TCP segment of a reassembled PDU]"
"73489","39.168445756","192.168.1.55","192.168.1.2","TCP","1514","8004  >  37050 [ACK] Seq=136302 Ack=144 Win=65024 Len=1448 TSval=2916043249 TSecr=3045563021 [TCP segment of a reassembled PDU]"
"73490","39.168446867","192.168.1.55","192.168.1.2","TCP","1514","8004  >  37050 [ACK] Seq=137750 Ack=144 Win=65024 Len=1448 TSval=2916043249 TSecr=3045563021 [TCP segment of a reassembled PDU]"
"73491","39.168447830","192.168.1.55","192.168.1.2","TCP","1514","8004  >  37050 [ACK] Seq=139198 Ack=144 Win=65024 Len=1448 TSval=2916043249 TSecr=3045563021 [TCP segment of a reassembled PDU]"
"73492","39.168448830","192.168.1.55","192.168.1.2","TCP","1514","8004  >  37050 [ACK] Seq=140646 Ack=144 Win=65024 Len=1448 TSval=2916043249 TSecr=3045563021 [TCP segment of a reassembled PDU]"
"73493","39.168449904","192.168.1.55","192.168.1.2","TCP","1514","8004  >  37050 [ACK] Seq=142094 Ack=144 Win=65024 Len=1448 TSval=2916043249 TSecr=3045563021 [TCP segment of a reassembled PDU]"
"73494","39.168451052","192.168.1.55","192.168.1.2","TCP","1514","8004  >  37050 [ACK] Seq=143542 Ack=144 Win=65024 Len=1448 TSval=2916043249 TSecr=3045563021 [TCP segment of a reassembled PDU]"
"73495","39.168452348","192.168.1.55","192.168.1.2","TCP","1514","8004  >  37050 [PSH, ACK] Seq=144990 Ack=144 Win=65024 Len=1448 TSval=2916043249 TSecr=3045563021 [TCP segment of a reassembled PDU]"
"73496","39.168529274","192.168.1.2","192.168.1.55","TCP","66","37050  >  8004 [ACK] Seq=144 Ack=76934 Win=76800 Len=0 TSval=3045563021 TSecr=2916043243"
"73497","39.168537089","192.168.1.2","192.168.1.55","TCP","66","37050  >  8004 [ACK] Seq=144 Ack=100102 Win=55296 Len=0 TSval=3045563021 TSecr=2916043243"
"73498","39.170304166","192.168.1.2","192.168.1.55","TCP","66","37050  >  8004 [ACK] Seq=144 Ack=105894 Win=79872 Len=0 TSval=3045563024 TSecr=2916043246"
"73499","39.170328407","192.168.1.55","192.168.1.2","TCP","1514","8004  >  37050 [ACK] Seq=146438 Ack=144 Win=65024 Len=1448 TSval=2916043251 TSecr=3045563024 [TCP segment of a reassembled PDU]"
"73500","39.170331129","192.168.1.55","192.168.1.2","TCP","1514","8004  >  37050 [ACK] Seq=147886 Ack=144 Win=65024 Len=1448 TSval=2916043251 TSecr=3045563024 [TCP segment of a reassembled PDU]"
"73501","39.170332111","192.168.1.55","192.168.1.2","TCP","1514","8004  >  37050 [ACK] Seq=149334 Ack=144 Win=65024 Len=1448 TSval=2916043251 TSecr=3045563024 [TCP segment of a reassembled PDU]"
"73502","39.170333111","192.168.1.55","192.168.1.2","TCP","1514","8004  >  37050 [ACK] Seq=150782 Ack=144 Win=65024 Len=1448 TSval=2916043251 TSecr=3045563024 [TCP segment of a reassembled PDU]"
"73503","39.170334148","192.168.1.55","192.168.1.2","TCP","1514","8004  >  37050 [ACK] Seq=152230 Ack=144 Win=65024 Len=1448 TSval=2916043251 TSecr=3045563024 [TCP segment of a reassembled PDU]"
"73504","39.170335129","192.168.1.55","192.168.1.2","TCP","1514","8004  >  37050 [ACK] Seq=153678 Ack=144 Win=65024 Len=1448 TSval=2916043251 TSecr=3045563024 [TCP segment of a reassembled PDU]"
"73505","39.170336185","192.168.1.55","192.168.1.2","TCP","1514","8004  >  37050 [ACK] Seq=155126 Ack=144 Win=65024 Len=1448 TSval=2916043251 TSecr=3045563024 [TCP segment of a reassembled PDU]"
"73506","39.170337240","192.168.1.55","192.168.1.2","TCP","1514","8004  >  37050 [ACK] Seq=156574 Ack=144 Win=65024 Len=1448 TSval=2916043251 TSecr=3045563024 [TCP segment of a reassembled PDU]"
"73507","39.170338240","192.168.1.55","192.168.1.2","TCP","1514","8004  >  37050 [ACK] Seq=158022 Ack=144 Win=65024 Len=1448 TSval=2916043251 TSecr=3045563024 [TCP segment of a reassembled PDU]"
"73508","39.170339296","192.168.1.55","192.168.1.2","TCP","1514","8004  >  37050 [PSH, ACK] Seq=159470 Ack=144 Win=65024 Len=1448 TSval=2916043251 TSecr=3045563024 [TCP segment of a reassembled PDU]"
"73509","39.170793667","192.168.1.2","192.168.1.55","TCP","66","37050  >  8004 [ACK] Seq=144 Ack=118926 Win=90112 Len=0 TSval=3045563024 TSecr=2916043246"
"73510","39.170830963","192.168.1.55","192.168.1.2","TCP","1514","8004  >  37050 [ACK] Seq=160918 Ack=144 Win=65024 Len=1448 TSval=2916043251 TSecr=3045563024 [TCP segment of a reassembled PDU]"
"73511","39.170833630","192.168.1.55","192.168.1.2","TCP","1514","8004  >  37050 [ACK] Seq=162366 Ack=144 Win=65024 Len=1448 TSval=2916043251 TSecr=3045563024 [TCP segment of a reassembled PDU]"
"73512","39.170834926","192.168.1.55","192.168.1.2","TCP","1514","8004  >  37050 [ACK] Seq=163814 Ack=144 Win=65024 Len=1448 TSval=2916043251 TSecr=3045563024 [TCP segment of a reassembled PDU]"
"73513","39.170836445","192.168.1.55","192.168.1.2","TCP","1514","8004  >  37050 [ACK] Seq=165262 Ack=144 Win=65024 Len=1448 TSval=2916043251 TSecr=3045563024 [TCP segment of a reassembled PDU]"
"73514","39.170837834","192.168.1.55","192.168.1.2","TCP","1514","8004  >  37050 [ACK] Seq=166710 Ack=144 Win=65024 Len=1448 TSval=2916043251 TSecr=3045563024 [TCP segment of a reassembled PDU]"
"73515","39.170839167","192.168.1.55","192.168.1.2","TCP","1514","8004  >  37050 [ACK] Seq=168158 Ack=144 Win=65024 Len=1448 TSval=2916043251 TSecr=3045563024 [TCP segment of a reassembled PDU]"
"73516","39.170840445","192.168.1.55","192.168.1.2","TCP","1514","8004  >  37050 [ACK] Seq=169606 Ack=144 Win=65024 Len=1448 TSval=2916043251 TSecr=3045563024 [TCP segment of a reassembled PDU]"
"73517","39.170841723","192.168.1.55","192.168.1.2","TCP","1514","8004  >  37050 [ACK] Seq=171054 Ack=144 Win=65024 Len=1448 TSval=2916043251 TSecr=3045563024 [TCP segment of a reassembled PDU]"
"73518","39.170843186","192.168.1.55","192.168.1.2","TCP","1514","8004  >  37050 [ACK] Seq=172502 Ack=144 Win=65024 Len=1448 TSval=2916043251 TSecr=3045563024 [TCP segment of a reassembled PDU]"
"73519","39.170844778","192.168.1.55","192.168.1.2","TCP","1514","8004  >  37050 [ACK] Seq=173950 Ack=144 Win=65024 Len=1448 TSval=2916043251 TSecr=3045563024 [TCP segment of a reassembled PDU]"
"73520","39.170846130","192.168.1.55","192.168.1.2","TCP","1514","8004  >  37050 [ACK] Seq=175398 Ack=144 Win=65024 Len=1448 TSval=2916043251 TSecr=3045563024 [TCP segment of a reassembled PDU]"
"73521","39.170847556","192.168.1.55","192.168.1.2","TCP","1514","8004  >  37050 [ACK] Seq=176846 Ack=144 Win=65024 Len=1448 TSval=2916043251 TSecr=3045563024 [TCP segment of a reassembled PDU]"
"73522","39.170849000","192.168.1.55","192.168.1.2","TCP","1514","8004  >  37050 [ACK] Seq=178294 Ack=144 Win=65024 Len=1448 TSval=2916043251 TSecr=3045563024 [TCP segment of a reassembled PDU]"
"73523","39.170850260","192.168.1.55","192.168.1.2","TCP","1514","8004  >  37050 [ACK] Seq=179742 Ack=144 Win=65024 Len=1448 TSval=2916043251 TSecr=3045563024 [TCP segment of a reassembled PDU]"
"73524","39.170851704","192.168.1.55","192.168.1.2","TCP","1514","8004  >  37050 [ACK] Seq=181190 Ack=144 Win=65024 Len=1448 TSval=2916043251 TSecr=3045563024 [TCP segment of a reassembled PDU]"
"73525","39.170853038","192.168.1.55","192.168.1.2","TCP","1514","8004  >  37050 [ACK] Seq=182638 Ack=144 Win=65024 Len=1448 TSval=2916043251 TSecr=3045563024 [TCP segment of a reassembled PDU]"
"73526","39.170854445","192.168.1.55","192.168.1.2","TCP","1514","8004  >  37050 [ACK] Seq=184086 Ack=144 Win=65024 Len=1448 TSval=2916043251 TSecr=3045563024 [TCP segment of a reassembled PDU]"
"73527","39.170860945","192.168.1.55","192.168.1.2","TCP","1514","8004  >  37050 [ACK] Seq=185534 Ack=144 Win=65024 Len=1448 TSval=2916043251 TSecr=3045563024 [TCP segment of a reassembled PDU]"
"73528","39.170862556","192.168.1.55","192.168.1.2","TCP","1514","8004  >  37050 [ACK] Seq=186982 Ack=144 Win=65024 Len=1448 TSval=2916043251 TSecr=3045563024 [TCP segment of a reassembled PDU]"
"73529","39.170863889","192.168.1.55","192.168.1.2","TCP","1514","8004  >  37050 [ACK] Seq=188430 Ack=144 Win=65024 Len=1448 TSval=2916043251 TSecr=3045563024 [TCP segment of a reassembled PDU]"
"73530","39.170865167","192.168.1.55","192.168.1.2","TCP","1514","8004  >  37050 [ACK] Seq=189878 Ack=144 Win=65024 Len=1448 TSval=2916043251 TSecr=3045563024 [TCP segment of a reassembled PDU]"
"73531","39.170866463","192.168.1.55","192.168.1.2","TCP","1514","8004  >  37050 [ACK] Seq=191326 Ack=144 Win=65024 Len=1448 TSval=2916043251 TSecr=3045563024 [TCP segment of a reassembled PDU]"
"73532","39.170867797","192.168.1.55","192.168.1.2","TCP","1514","8004  >  37050 [ACK] Seq=192774 Ack=144 Win=65024 Len=1448 TSval=2916043251 TSecr=3045563024 [TCP segment of a reassembled PDU]"
"73533","39.170869075","192.168.1.55","192.168.1.2","TCP","1514","8004  >  37050 [ACK] Seq=194222 Ack=144 Win=65024 Len=1448 TSval=2916043251 TSecr=3045563024 [TCP segment of a reassembled PDU]"
"73534","39.170870426","192.168.1.55","192.168.1.2","TCP","1514","8004  >  37050 [ACK] Seq=195670 Ack=144 Win=65024 Len=1448 TSval=2916043251 TSecr=3045563024 [TCP segment of a reassembled PDU]"
"73535","39.170871686","192.168.1.55","192.168.1.2","TCP","1514","8004  >  37050 [ACK] Seq=197118 Ack=144 Win=65024 Len=1448 TSval=2916043251 TSecr=3045563024 [TCP segment of a reassembled PDU]"
"73536","39.170872963","192.168.1.55","192.168.1.2","TCP","1514","8004  >  37050 [ACK] Seq=198566 Ack=144 Win=65024 Len=1448 TSval=2916043251 TSecr=3045563024 [TCP segment of a reassembled PDU]"
"73537","39.170874389","192.168.1.55","192.168.1.2","TCP","1514","8004  >  37050 [ACK] Seq=200014 Ack=144 Win=65024 Len=1448 TSval=2916043251 TSecr=3045563024 [TCP segment of a reassembled PDU]"
"73538","39.170875630","192.168.1.55","192.168.1.2","TCP","1514","8004  >  37050 [PSH, ACK] Seq=201462 Ack=144 Win=65024 Len=1448 TSval=2916043251 TSecr=3045563024 [TCP segment of a reassembled PDU]"
"73539","39.170887760","192.168.1.55","192.168.1.2","TCP","1514","8004  >  37050 [ACK] Seq=202910 Ack=144 Win=65024 Len=1448 TSval=2916043251 TSecr=3045563024 [TCP segment of a reassembled PDU]"
"73540","39.170890223","192.168.1.55","192.168.1.2","TCP","1514","8004  >  37050 [ACK] Seq=204358 Ack=144 Win=65024 Len=1448 TSval=2916043251 TSecr=3045563024 [TCP segment of a reassembled PDU]"
"73541","39.170891426","192.168.1.55","192.168.1.2","TCP","1514","8004  >  37050 [ACK] Seq=205806 Ack=144 Win=65024 Len=1448 TSval=2916043251 TSecr=3045563024 [TCP segment of a reassembled PDU]"
"73542","39.170892741","192.168.1.55","192.168.1.2","TCP","1514","8004  >  37050 [ACK] Seq=207254 Ack=144 Win=65024 Len=1448 TSval=2916043251 TSecr=3045563024 [TCP segment of a reassembled PDU]"
"73543","39.170894038","192.168.1.55","192.168.1.2","TCP","402","[TCP Window Full] 8004  >  37050 [PSH, ACK] Seq=208702 Ack=144 Win=65024 Len=336 TSval=2916043251 TSecr=3045563024 [TCP segment of a reassembled PDU]"
"73544","39.174842581","192.168.1.2","192.168.1.55","TCP","66","37050  >  8004 [ACK] Seq=144 Ack=144990 Win=86016 Len=0 TSval=3045563027 TSecr=2916043249"
"73545","39.174876396","192.168.1.55","192.168.1.2","TCP","1514","8004  >  37050 [ACK] Seq=209038 Ack=144 Win=65024 Len=1448 TSval=2916043255 TSecr=3045563027 [TCP segment of a reassembled PDU]"
"73546","39.174880137","192.168.1.55","192.168.1.2","TCP","1514","8004  >  37050 [ACK] Seq=210486 Ack=144 Win=65024 Len=1448 TSval=2916043255 TSecr=3045563027 [TCP segment of a reassembled PDU]"
"73547","39.174881414","192.168.1.55","192.168.1.2","TCP","1514","8004  >  37050 [ACK] Seq=211934 Ack=144 Win=65024 Len=1448 TSval=2916043255 TSecr=3045563027 [TCP segment of a reassembled PDU]"
"73548","39.174882655","192.168.1.55","192.168.1.2","TCP","1514","8004  >  37050 [ACK] Seq=213382 Ack=144 Win=65024 Len=1448 TSval=2916043255 TSecr=3045563027 [TCP segment of a reassembled PDU]"
"73549","39.174884007","192.168.1.55","192.168.1.2","TCP","1514","8004  >  37050 [ACK] Seq=214830 Ack=144 Win=65024 Len=1448 TSval=2916043255 TSecr=3045563027 [TCP segment of a reassembled PDU]"
"73550","39.174885211","192.168.1.55","192.168.1.2","TCP","1514","8004  >  37050 [ACK] Seq=216278 Ack=144 Win=65024 Len=1448 TSval=2916043255 TSecr=3045563027 [TCP segment of a reassembled PDU]"
"73551","39.174886507","192.168.1.55","192.168.1.2","TCP","1514","8004  >  37050 [ACK] Seq=217726 Ack=144 Win=65024 Len=1448 TSval=2916043255 TSecr=3045563027 [TCP segment of a reassembled PDU]"
"73552","39.174887877","192.168.1.55","192.168.1.2","TCP","1514","8004  >  37050 [ACK] Seq=219174 Ack=144 Win=65024 Len=1448 TSval=2916043255 TSecr=3045563027 [TCP segment of a reassembled PDU]"
"73553","39.174889118","192.168.1.55","192.168.1.2","TCP","1514","8004  >  37050 [ACK] Seq=220622 Ack=144 Win=65024 Len=1448 TSval=2916043255 TSecr=3045563027 [TCP segment of a reassembled PDU]"
"73554","39.174890452","192.168.1.55","192.168.1.2","TCP","1514","8004  >  37050 [ACK] Seq=222070 Ack=144 Win=65024 Len=1448 TSval=2916043255 TSecr=3045563027 [TCP segment of a reassembled PDU]"
"73555","39.174891785","192.168.1.55","192.168.1.2","TCP","1514","8004  >  37050 [ACK] Seq=223518 Ack=144 Win=65024 Len=1448 TSval=2916043255 TSecr=3045563027 [TCP segment of a reassembled PDU]"
"73556","39.174893155","192.168.1.55","192.168.1.2","TCP","1514","8004  >  37050 [ACK] Seq=224966 Ack=144 Win=65024 Len=1448 TSval=2916043255 TSecr=3045563027 [TCP segment of a reassembled PDU]"
"73557","39.174894377","192.168.1.55","192.168.1.2","TCP","1514","8004  >  37050 [ACK] Seq=226414 Ack=144 Win=65024 Len=1448 TSval=2916043255 TSecr=3045563027 [TCP segment of a reassembled PDU]"
"73558","39.174895766","192.168.1.55","192.168.1.2","TCP","1514","8004  >  37050 [ACK] Seq=227862 Ack=144 Win=65024 Len=1448 TSval=2916043255 TSecr=3045563027 [TCP segment of a reassembled PDU]"
"73559","39.174897118","192.168.1.55","192.168.1.2","TCP","1514","8004  >  37050 [PSH, ACK] Seq=229310 Ack=144 Win=65024 Len=1448 TSval=2916043255 TSecr=3045563027 [TCP segment of a reassembled PDU]"
"73560","39.177846975","192.168.1.2","192.168.1.55","TCP","66","37050  >  8004 [ACK] Seq=144 Ack=146438 Win=93184 Len=0 TSval=3045563031 TSecr=2916043249"
"73561","39.177859308","192.168.1.55","192.168.1.2","TCP","1514","8004  >  37050 [ACK] Seq=230758 Ack=144 Win=65024 Len=1448 TSval=2916043258 TSecr=3045563031 [TCP segment of a reassembled PDU]"
"73562","39.177861734","192.168.1.55","192.168.1.2","TCP","1514","8004  >  37050 [ACK] Seq=232206 Ack=144 Win=65024 Len=1448 TSval=2916043258 TSecr=3045563031 [TCP segment of a reassembled PDU]"
"73563","39.177862956","192.168.1.55","192.168.1.2","TCP","1514","8004  >  37050 [ACK] Seq=233654 Ack=144 Win=65024 Len=1448 TSval=2916043258 TSecr=3045563031 [TCP segment of a reassembled PDU]"
"73564","39.177864253","192.168.1.55","192.168.1.2","TCP","1514","8004  >  37050 [ACK] Seq=235102 Ack=144 Win=65024 Len=1448 TSval=2916043258 TSecr=3045563031 [TCP segment of a reassembled PDU]"
"73565","39.177865475","192.168.1.55","192.168.1.2","TCP","1514","8004  >  37050 [ACK] Seq=236550 Ack=144 Win=65024 Len=1448 TSval=2916043258 TSecr=3045563031 [TCP segment of a reassembled PDU]"
"73566","39.177866864","192.168.1.55","192.168.1.2","TCP","1514","8004  >  37050 [PSH, ACK] Seq=237998 Ack=144 Win=65024 Len=1448 TSval=2916043258 TSecr=3045563031 [TCP segment of a reassembled PDU]"
"73567","39.178214050","192.168.1.2","192.168.1.55","TCP","66","37050  >  8004 [ACK] Seq=144 Ack=160918 Win=93184 Len=0 TSval=3045563031 TSecr=2916043251"
"73568","39.178223420","192.168.1.55","192.168.1.2","TCP","1514","8004  >  37050 [ACK] Seq=239446 Ack=144 Win=65024 Len=1448 TSval=2916043258 TSecr=3045563031 [TCP segment of a reassembled PDU]"
"73569","39.178225624","192.168.1.55","192.168.1.2","TCP","1514","8004  >  37050 [ACK] Seq=240894 Ack=144 Win=65024 Len=1448 TSval=2916043258 TSecr=3045563031 [TCP segment of a reassembled PDU]"
"73570","39.178226883","192.168.1.55","192.168.1.2","TCP","1514","8004  >  37050 [PSH, ACK] Seq=242342 Ack=144 Win=65024 Len=1448 TSval=2916043258 TSecr=3045563031 [TCP segment of a reassembled PDU]"
"73571","39.178232031","192.168.1.55","192.168.1.2","TCP","1178","8004  >  37050 [ACK] Seq=243790 Ack=144 Win=65024 Len=1112 TSval=2916043258 TSecr=3045563031 [TCP segment of a reassembled PDU]"
"73572","39.178235772","192.168.1.2","192.168.1.55","TCP","66","37050  >  8004 [ACK] Seq=144 Ack=205806 Win=71680 Len=0 TSval=3045563031 TSecr=2916043251"
"73573","39.178265901","192.168.1.55","192.168.1.2","TCP","1514","8004  >  37050 [ACK] Seq=244902 Ack=144 Win=65024 Len=1448 TSval=2916043258 TSecr=3045563031 [TCP segment of a reassembled PDU]"
"73574","39.178267901","192.168.1.55","192.168.1.2","TCP","1514","8004  >  37050 [ACK] Seq=246350 Ack=144 Win=65024 Len=1448 TSval=2916043258 TSecr=3045563031 [TCP segment of a reassembled PDU]"
"73575","39.178269309","192.168.1.55","192.168.1.2","TCP","1514","8004  >  37050 [ACK] Seq=247798 Ack=144 Win=65024 Len=1448 TSval=2916043258 TSecr=3045563031 [TCP segment of a reassembled PDU]"
"73576","39.178270568","192.168.1.55","192.168.1.2","TCP","1514","8004  >  37050 [ACK] Seq=249246 Ack=144 Win=65024 Len=1448 TSval=2916043258 TSecr=3045563031 [TCP segment of a reassembled PDU]"
"73577","39.178271920","192.168.1.55","192.168.1.2","TCP","1514","8004  >  37050 [ACK] Seq=250694 Ack=144 Win=65024 Len=1448 TSval=2916043258 TSecr=3045563031 [TCP segment of a reassembled PDU]"
"73578","39.178273290","192.168.1.55","192.168.1.2","TCP","1514","8004  >  37050 [ACK] Seq=252142 Ack=144 Win=65024 Len=1448 TSval=2916043258 TSecr=3045563031 [TCP segment of a reassembled PDU]"
"73579","39.178274531","192.168.1.55","192.168.1.2","TCP","1514","8004  >  37050 [ACK] Seq=253590 Ack=144 Win=65024 Len=1448 TSval=2916043258 TSecr=3045563031 [TCP segment of a reassembled PDU]"
"73580","39.178275772","192.168.1.55","192.168.1.2","TCP","1514","8004  >  37050 [ACK] Seq=255038 Ack=144 Win=65024 Len=1448 TSval=2916043258 TSecr=3045563031 [TCP segment of a reassembled PDU]"
"73581","39.178277031","192.168.1.55","192.168.1.2","TCP","1514","8004  >  37050 [ACK] Seq=256486 Ack=144 Win=65024 Len=1448 TSval=2916043258 TSecr=3045563031 [TCP segment of a reassembled PDU]"
"73582","39.178278420","192.168.1.55","192.168.1.2","TCP","1514","8004  >  37050 [ACK] Seq=257934 Ack=144 Win=65024 Len=1448 TSval=2916043258 TSecr=3045563031 [TCP segment of a reassembled PDU]"
"73583","39.178279661","192.168.1.55","192.168.1.2","TCP","1514","8004  >  37050 [ACK] Seq=259382 Ack=144 Win=65024 Len=1448 TSval=2916043258 TSecr=3045563031 [TCP segment of a reassembled PDU]"
"73584","39.178280976","192.168.1.55","192.168.1.2","TCP","1514","8004  >  37050 [ACK] Seq=260830 Ack=144 Win=65024 Len=1448 TSval=2916043258 TSecr=3045563031 [TCP segment of a reassembled PDU]"
"73585","39.178282235","192.168.1.55","192.168.1.2","TCP","1514","8004  >  37050 [ACK] Seq=262278 Ack=144 Win=65024 Len=1448 TSval=2916043258 TSecr=3045563031 [TCP segment of a reassembled PDU]"
"73586","39.178283494","192.168.1.55","192.168.1.2","TCP","1514","8004  >  37050 [ACK] Seq=263726 Ack=144 Win=65024 Len=1448 TSval=2916043258 TSecr=3045563031 [TCP segment of a reassembled PDU]"
"73587","39.178284939","192.168.1.55","192.168.1.2","TCP","1514","8004  >  37050 [ACK] Seq=265174 Ack=144 Win=65024 Len=1448 TSval=2916043258 TSecr=3045563031 [TCP segment of a reassembled PDU]"
"73588","39.178286198","192.168.1.55","192.168.1.2","TCP","1514","8004  >  37050 [ACK] Seq=266622 Ack=144 Win=65024 Len=1448 TSval=2916043258 TSecr=3045563031 [TCP segment of a reassembled PDU]"
"73589","39.178287550","192.168.1.55","192.168.1.2","TCP","1514","8004  >  37050 [ACK] Seq=268070 Ack=144 Win=65024 Len=1448 TSval=2916043258 TSecr=3045563031 [TCP segment of a reassembled PDU]"
"73590","39.178288994","192.168.1.55","192.168.1.2","TCP","1514","8004  >  37050 [ACK] Seq=269518 Ack=144 Win=65024 Len=1448 TSval=2916043258 TSecr=3045563031 [TCP segment of a reassembled PDU]"
"73591","39.178290494","192.168.1.55","192.168.1.2","TCP","1514","8004  >  37050 [ACK] Seq=270966 Ack=144 Win=65024 Len=1448 TSval=2916043258 TSecr=3045563031 [TCP segment of a reassembled PDU]"
"73592","39.178298531","192.168.1.55","192.168.1.2","TCP","1514","8004  >  37050 [ACK] Seq=272414 Ack=144 Win=65024 Len=1448 TSval=2916043258 TSecr=3045563031 [TCP segment of a reassembled PDU]"
"73593","39.178299809","192.168.1.55","192.168.1.2","TCP","1514","8004  >  37050 [ACK] Seq=273862 Ack=144 Win=65024 Len=1448 TSval=2916043258 TSecr=3045563031 [TCP segment of a reassembled PDU]"
"73594","39.178301105","192.168.1.55","192.168.1.2","TCP","1514","8004  >  37050 [PSH, ACK] Seq=275310 Ack=144 Win=65024 Len=1448 TSval=2916043258 TSecr=3045563031 [TCP segment of a reassembled PDU]"
"73595","39.178308476","192.168.1.2","192.168.1.55","TCP","66","37050  >  8004 [ACK] Seq=144 Ack=209038 Win=99328 Len=0 TSval=3045563032 TSecr=2916043251"
"73596","39.178326661","192.168.1.55","192.168.1.2","TCP","1514","8004  >  37050 [ACK] Seq=276758 Ack=144 Win=65024 Len=1448 TSval=2916043259 TSecr=3045563032 [TCP segment of a reassembled PDU]"
"73597","39.178328550","192.168.1.55","192.168.1.2","TCP","1514","8004  >  37050 [ACK] Seq=278206 Ack=144 Win=65024 Len=1448 TSval=2916043259 TSecr=3045563032 [TCP segment of a reassembled PDU]"
"73598","39.178329809","192.168.1.55","192.168.1.2","TCP","1514","8004  >  37050 [ACK] Seq=279654 Ack=144 Win=65024 Len=1448 TSval=2916043259 TSecr=3045563032 [TCP segment of a reassembled PDU]"
"73599","39.178330976","192.168.1.55","192.168.1.2","TCP","1514","8004  >  37050 [ACK] Seq=281102 Ack=144 Win=65024 Len=1448 TSval=2916043259 TSecr=3045563032 [TCP segment of a reassembled PDU]"
"73600","39.178332161","192.168.1.55","192.168.1.2","TCP","1514","8004  >  37050 [ACK] Seq=282550 Ack=144 Win=65024 Len=1448 TSval=2916043259 TSecr=3045563032 [TCP segment of a reassembled PDU]"
"73601","39.178333420","192.168.1.55","192.168.1.2","TCP","1514","8004  >  37050 [ACK] Seq=283998 Ack=144 Win=65024 Len=1448 TSval=2916043259 TSecr=3045563032 [TCP segment of a reassembled PDU]"
"73602","39.178334605","192.168.1.55","192.168.1.2","TCP","1514","8004  >  37050 [PSH, ACK] Seq=285446 Ack=144 Win=65024 Len=1448 TSval=2916043259 TSecr=3045563032 [TCP segment of a reassembled PDU]"
"73603","39.182581520","192.168.1.2","192.168.1.55","TCP","66","37050  >  8004 [ACK] Seq=144 Ack=226414 Win=94208 Len=0 TSval=3045563034 TSecr=2916043255"
"73604","39.182610427","192.168.1.55","192.168.1.2","TCP","1514","8004  >  37050 [ACK] Seq=286894 Ack=144 Win=65024 Len=1448 TSval=2916043263 TSecr=3045563034 [TCP segment of a reassembled PDU]"
"73605","39.182613131","192.168.1.55","192.168.1.2","TCP","1514","8004  >  37050 [ACK] Seq=288342 Ack=144 Win=65024 Len=1448 TSval=2916043263 TSecr=3045563034 [TCP segment of a reassembled PDU]"
"73606","39.182614594","192.168.1.55","192.168.1.2","TCP","1514","8004  >  37050 [ACK] Seq=289790 Ack=144 Win=65024 Len=1448 TSval=2916043263 TSecr=3045563034 [TCP segment of a reassembled PDU]"
"73607","39.182615983","192.168.1.55","192.168.1.2","TCP","1514","8004  >  37050 [ACK] Seq=291238 Ack=144 Win=65024 Len=1448 TSval=2916043263 TSecr=3045563034 [TCP segment of a reassembled PDU]"
"73608","39.182617279","192.168.1.55","192.168.1.2","TCP","1514","8004  >  37050 [ACK] Seq=292686 Ack=144 Win=65024 Len=1448 TSval=2916043263 TSecr=3045563034 [TCP segment of a reassembled PDU]"
"73609","39.182618594","192.168.1.55","192.168.1.2","TCP","1514","8004  >  37050 [ACK] Seq=294134 Ack=144 Win=65024 Len=1448 TSval=2916043263 TSecr=3045563034 [TCP segment of a reassembled PDU]"
"73610","39.182619927","192.168.1.55","192.168.1.2","TCP","1514","8004  >  37050 [ACK] Seq=295582 Ack=144 Win=65024 Len=1448 TSval=2916043263 TSecr=3045563034 [TCP segment of a reassembled PDU]"
"73611","39.182621260","192.168.1.55","192.168.1.2","TCP","1514","8004  >  37050 [ACK] Seq=297030 Ack=144 Win=65024 Len=1448 TSval=2916043263 TSecr=3045563034 [TCP segment of a reassembled PDU]"
"73612","39.182622853","192.168.1.55","192.168.1.2","TCP","1514","8004  >  37050 [ACK] Seq=298478 Ack=144 Win=65024 Len=1448 TSval=2916043263 TSecr=3045563034 [TCP segment of a reassembled PDU]"
"73613","39.182624297","192.168.1.55","192.168.1.2","TCP","1514","8004  >  37050 [ACK] Seq=299926 Ack=144 Win=65024 Len=1448 TSval=2916043263 TSecr=3045563034 [TCP segment of a reassembled PDU]"
"73614","39.182625946","192.168.1.55","192.168.1.2","TCP","1514","8004  >  37050 [ACK] Seq=301374 Ack=144 Win=65024 Len=1448 TSval=2916043263 TSecr=3045563034 [TCP segment of a reassembled PDU]"
"73615","39.182627316","192.168.1.55","192.168.1.2","TCP","1514","8004  >  37050 [ACK] Seq=302822 Ack=144 Win=65024 Len=1448 TSval=2916043263 TSecr=3045563034 [TCP segment of a reassembled PDU]"
"73616","39.182628742","192.168.1.55","192.168.1.2","TCP","1514","8004  >  37050 [ACK] Seq=304270 Ack=144 Win=65024 Len=1448 TSval=2916043263 TSecr=3045563034 [TCP segment of a reassembled PDU]"
"73617","39.182630168","192.168.1.55","192.168.1.2","TCP","1514","8004  >  37050 [ACK] Seq=305718 Ack=144 Win=65024 Len=1448 TSval=2916043263 TSecr=3045563034 [TCP segment of a reassembled PDU]"
"73618","39.182631557","192.168.1.55","192.168.1.2","TCP","1514","8004  >  37050 [ACK] Seq=307166 Ack=144 Win=65024 Len=1448 TSval=2916043263 TSecr=3045563034 [TCP segment of a reassembled PDU]"
"73619","39.182633186","192.168.1.55","192.168.1.2","TCP","1514","8004  >  37050 [ACK] Seq=308614 Ack=144 Win=65024 Len=1448 TSval=2916043263 TSecr=3045563034 [TCP segment of a reassembled PDU]"
"73620","39.182634575","192.168.1.55","192.168.1.2","TCP","1514","8004  >  37050 [ACK] Seq=310062 Ack=144 Win=65024 Len=1448 TSval=2916043263 TSecr=3045563034 [TCP segment of a reassembled PDU]"
"73621","39.182636057","192.168.1.55","192.168.1.2","TCP","1514","8004  >  37050 [ACK] Seq=311510 Ack=144 Win=65024 Len=1448 TSval=2916043263 TSecr=3045563034 [TCP segment of a reassembled PDU]"
"73622","39.182637520","192.168.1.55","192.168.1.2","TCP","1514","8004  >  37050 [ACK] Seq=312958 Ack=144 Win=65024 Len=1448 TSval=2916043263 TSecr=3045563034 [TCP segment of a reassembled PDU]"
"73623","39.182638816","192.168.1.55","192.168.1.2","TCP","1514","8004  >  37050 [ACK] Seq=314406 Ack=144 Win=65024 Len=1448 TSval=2916043263 TSecr=3045563034 [TCP segment of a reassembled PDU]"
"73624","39.182640297","192.168.1.55","192.168.1.2","TCP","1514","8004  >  37050 [ACK] Seq=315854 Ack=144 Win=65024 Len=1448 TSval=2916043263 TSecr=3045563034 [TCP segment of a reassembled PDU]"
"73625","39.182641686","192.168.1.55","192.168.1.2","TCP","1514","8004  >  37050 [ACK] Seq=317302 Ack=144 Win=65024 Len=1448 TSval=2916043263 TSecr=3045563034 [TCP segment of a reassembled PDU]"
"73626","39.182643001","192.168.1.55","192.168.1.2","TCP","1514","8004  >  37050 [PSH, ACK] Seq=318750 Ack=144 Win=65024 Len=1448 TSval=2916043263 TSecr=3045563034 [TCP segment of a reassembled PDU]"
"73627","39.182709668","192.168.1.2","192.168.1.55","TCP","66","37050  >  8004 [ACK] Seq=144 Ack=227862 Win=102400 Len=0 TSval=3045563035 TSecr=2916043255"
"73628","39.182722409","192.168.1.55","192.168.1.2","TCP","1514","8004  >  37050 [ACK] Seq=320198 Ack=144 Win=65024 Len=1448 TSval=2916043263 TSecr=3045563035 [TCP segment of a reassembled PDU]"
"73629","39.182724149","192.168.1.55","192.168.1.2","TCP","1514","8004  >  37050 [ACK] Seq=321646 Ack=144 Win=65024 Len=1448 TSval=2916043263 TSecr=3045563035 [TCP segment of a reassembled PDU]"
"73630","39.182725390","192.168.1.55","192.168.1.2","TCP","1514","8004  >  37050 [ACK] Seq=323094 Ack=144 Win=65024 Len=1448 TSval=2916043263 TSecr=3045563035 [TCP segment of a reassembled PDU]"
"73631","39.182726853","192.168.1.55","192.168.1.2","TCP","1514","8004  >  37050 [ACK] Seq=324542 Ack=144 Win=65024 Len=1448 TSval=2916043263 TSecr=3045563035 [TCP segment of a reassembled PDU]"
"73632","39.182728224","192.168.1.55","192.168.1.2","TCP","1514","8004  >  37050 [ACK] Seq=325990 Ack=144 Win=65024 Len=1448 TSval=2916043263 TSecr=3045563035 [TCP segment of a reassembled PDU]"
"73633","39.182729538","192.168.1.55","192.168.1.2","TCP","1514","8004  >  37050 [PSH, ACK] Seq=327438 Ack=144 Win=65024 Len=1448 TSval=2916043263 TSecr=3045563035 [TCP segment of a reassembled PDU]"
"73634","39.182734075","192.168.1.2","192.168.1.55","TCP","66","37050  >  8004 [ACK] Seq=144 Ack=230758 Win=108544 Len=0 TSval=3045563035 TSecr=2916043255"
"73635","39.185645006","192.168.1.2","192.168.1.55","TCP","66","37050  >  8004 [ACK] Seq=144 Ack=243790 Win=108544 Len=0 TSval=3045563038 TSecr=2916043258"
"73636","39.185668080","192.168.1.55","192.168.1.2","TCP","1514","8004  >  37050 [ACK] Seq=328886 Ack=144 Win=65024 Len=1448 TSval=2916043266 TSecr=3045563038 [TCP segment of a reassembled PDU]"
"73637","39.185670525","192.168.1.55","192.168.1.2","TCP","1514","8004  >  37050 [ACK] Seq=330334 Ack=144 Win=65024 Len=1448 TSval=2916043266 TSecr=3045563038 [TCP segment of a reassembled PDU]"
"73638","39.185672321","192.168.1.55","192.168.1.2","TCP","1514","8004  >  37050 [ACK] Seq=331782 Ack=144 Win=65024 Len=1448 TSval=2916043266 TSecr=3045563038 [TCP segment of a reassembled PDU]"
"73639","39.185673747","192.168.1.55","192.168.1.2","TCP","1514","8004  >  37050 [ACK] Seq=333230 Ack=144 Win=65024 Len=1448 TSval=2916043266 TSecr=3045563038 [TCP segment of a reassembled PDU]"
"73640","39.185675136","192.168.1.55","192.168.1.2","TCP","1514","8004  >  37050 [ACK] Seq=334678 Ack=144 Win=65024 Len=1448 TSval=2916043266 TSecr=3045563038 [TCP segment of a reassembled PDU]"
"73641","39.185676562","192.168.1.55","192.168.1.2","TCP","1514","8004  >  37050 [ACK] Seq=336126 Ack=144 Win=65024 Len=1448 TSval=2916043266 TSecr=3045563038 [TCP segment of a reassembled PDU]"
"73642","39.185677858","192.168.1.55","192.168.1.2","TCP","1514","8004  >  37050 [ACK] Seq=337574 Ack=144 Win=65024 Len=1448 TSval=2916043266 TSecr=3045563038 [TCP segment of a reassembled PDU]"
"73643","39.185679247","192.168.1.55","192.168.1.2","TCP","1514","8004  >  37050 [ACK] Seq=339022 Ack=144 Win=65024 Len=1448 TSval=2916043266 TSecr=3045563038 [TCP segment of a reassembled PDU]"
"73644","39.185680802","192.168.1.55","192.168.1.2","TCP","1514","8004  >  37050 [ACK] Seq=340470 Ack=144 Win=65024 Len=1448 TSval=2916043266 TSecr=3045563038 [TCP segment of a reassembled PDU]"
"73645","39.185682136","192.168.1.55","192.168.1.2","TCP","1514","8004  >  37050 [ACK] Seq=341918 Ack=144 Win=65024 Len=1448 TSval=2916043266 TSecr=3045563038 [TCP segment of a reassembled PDU]"
"73646","39.185683414","192.168.1.55","192.168.1.2","TCP","1514","8004  >  37050 [ACK] Seq=343366 Ack=144 Win=65024 Len=1448 TSval=2916043266 TSecr=3045563038 [TCP segment of a reassembled PDU]"
"73647","39.185684710","192.168.1.55","192.168.1.2","TCP","1514","8004  >  37050 [ACK] Seq=344814 Ack=144 Win=65024 Len=1448 TSval=2916043266 TSecr=3045563038 [TCP segment of a reassembled PDU]"
"73648","39.185686173","192.168.1.55","192.168.1.2","TCP","1514","8004  >  37050 [ACK] Seq=346262 Ack=144 Win=65024 Len=1448 TSval=2916043266 TSecr=3045563038 [TCP segment of a reassembled PDU]"
"73649","39.185687802","192.168.1.55","192.168.1.2","TCP","1514","8004  >  37050 [ACK] Seq=347710 Ack=144 Win=65024 Len=1448 TSval=2916043266 TSecr=3045563038 [TCP segment of a reassembled PDU]"
"73650","39.185689265","192.168.1.55","192.168.1.2","TCP","1514","8004  >  37050 [ACK] Seq=349158 Ack=144 Win=65024 Len=1448 TSval=2916043266 TSecr=3045563038 [TCP segment of a reassembled PDU]"
"73651","39.185690691","192.168.1.55","192.168.1.2","TCP","1514","8004  >  37050 [PSH, ACK] Seq=350606 Ack=144 Win=65024 Len=1448 TSval=2916043266 TSecr=3045563038 [TCP segment of a reassembled PDU]"
"73652","39.186384452","192.168.1.2","192.168.1.55","TCP","66","37050  >  8004 [ACK] Seq=144 Ack=244902 Win=111616 Len=0 TSval=3045563038 TSecr=2916043258"
"73653","39.186391304","192.168.1.2","192.168.1.55","TCP","66","37050  >  8004 [ACK] Seq=144 Ack=276758 Win=114688 Len=0 TSval=3045563038 TSecr=2916043258"
"73654","39.186408248","192.168.1.55","192.168.1.2","TCP","1514","8004  >  37050 [ACK] Seq=352054 Ack=144 Win=65024 Len=1448 TSval=2916043267 TSecr=3045563038 [TCP segment of a reassembled PDU]"
"73655","39.186410100","192.168.1.55","192.168.1.2","TCP","1514","8004  >  37050 [ACK] Seq=353502 Ack=144 Win=65024 Len=1448 TSval=2916043267 TSecr=3045563038 [TCP segment of a reassembled PDU]"
"73656","39.186411396","192.168.1.55","192.168.1.2","TCP","1514","8004  >  37050 [ACK] Seq=354950 Ack=144 Win=65024 Len=1448 TSval=2916043267 TSecr=3045563038 [TCP segment of a reassembled PDU]"
"73657","39.186413044","192.168.1.55","192.168.1.2","TCP","1514","8004  >  37050 [ACK] Seq=356398 Ack=144 Win=65024 Len=1448 TSval=2916043267 TSecr=3045563038 [TCP segment of a reassembled PDU]"
"73658","39.186414322","192.168.1.55","192.168.1.2","TCP","1514","8004  >  37050 [ACK] Seq=357846 Ack=144 Win=65024 Len=1448 TSval=2916043267 TSecr=3045563038 [TCP segment of a reassembled PDU]"
"73659","39.186415822","192.168.1.55","192.168.1.2","TCP","1514","8004  >  37050 [ACK] Seq=359294 Ack=144 Win=65024 Len=1448 TSval=2916043267 TSecr=3045563038 [TCP segment of a reassembled PDU]"
"73660","39.186417396","192.168.1.55","192.168.1.2","TCP","1514","8004  >  37050 [ACK] Seq=360742 Ack=144 Win=65024 Len=1448 TSval=2916043267 TSecr=3045563038 [TCP segment of a reassembled PDU]"
"73661","39.186418730","192.168.1.55","192.168.1.2","TCP","1514","8004  >  37050 [ACK] Seq=362190 Ack=144 Win=65024 Len=1448 TSval=2916043267 TSecr=3045563038 [TCP segment of a reassembled PDU]"
"73662","39.186419989","192.168.1.55","192.168.1.2","TCP","1514","8004  >  37050 [ACK] Seq=363638 Ack=144 Win=65024 Len=1448 TSval=2916043267 TSecr=3045563038 [TCP segment of a reassembled PDU]"
"73663","39.186421267","192.168.1.55","192.168.1.2","TCP","1514","8004  >  37050 [ACK] Seq=365086 Ack=144 Win=65024 Len=1448 TSval=2916043267 TSecr=3045563038 [TCP segment of a reassembled PDU]"
"73664","39.186422544","192.168.1.55","192.168.1.2","TCP","1514","8004  >  37050 [ACK] Seq=366534 Ack=144 Win=65024 Len=1448 TSval=2916043267 TSecr=3045563038 [TCP segment of a reassembled PDU]"
"73665","39.186423989","192.168.1.55","192.168.1.2","TCP","1514","8004  >  37050 [ACK] Seq=367982 Ack=144 Win=65024 Len=1448 TSval=2916043267 TSecr=3045563038 [TCP segment of a reassembled PDU]"
"73666","39.186425285","192.168.1.55","192.168.1.2","TCP","1514","8004  >  37050 [PSH, ACK] Seq=369430 Ack=144 Win=65024 Len=1448 TSval=2916043267 TSecr=3045563038 [TCP segment of a reassembled PDU]"
"73667","39.186429970","192.168.1.2","192.168.1.55","TCP","66","37050  >  8004 [ACK] Seq=144 Ack=286894 Win=131072 Len=0 TSval=3045563038 TSecr=2916043259"
"73668","39.186462489","192.168.1.55","192.168.1.2","TCP","1514","8004  >  37050 [ACK] Seq=370878 Ack=144 Win=65024 Len=1448 TSval=2916043267 TSecr=3045563038 [TCP segment of a reassembled PDU]"
"73669","39.186464285","192.168.1.55","192.168.1.2","TCP","1514","8004  >  37050 [ACK] Seq=372326 Ack=144 Win=65024 Len=1448 TSval=2916043267 TSecr=3045563038 [TCP segment of a reassembled PDU]"
"73670","39.186465581","192.168.1.55","192.168.1.2","TCP","1514","8004  >  37050 [ACK] Seq=373774 Ack=144 Win=65024 Len=1448 TSval=2916043267 TSecr=3045563038 [TCP segment of a reassembled PDU]"
"73671","39.186466952","192.168.1.55","192.168.1.2","TCP","1514","8004  >  37050 [ACK] Seq=375222 Ack=144 Win=65024 Len=1448 TSval=2916043267 TSecr=3045563038 [TCP segment of a reassembled PDU]"
"73672","39.186468341","192.168.1.55","192.168.1.2","TCP","1514","8004  >  37050 [ACK] Seq=376670 Ack=144 Win=65024 Len=1448 TSval=2916043267 TSecr=3045563038 [TCP segment of a reassembled PDU]"
"73673","39.186469618","192.168.1.55","192.168.1.2","TCP","1514","8004  >  37050 [ACK] Seq=378118 Ack=144 Win=65024 Len=1448 TSval=2916043267 TSecr=3045563038 [TCP segment of a reassembled PDU]"
"73674","39.186470989","192.168.1.55","192.168.1.2","TCP","1514","8004  >  37050 [ACK] Seq=379566 Ack=144 Win=65024 Len=1448 TSval=2916043267 TSecr=3045563038 [TCP segment of a reassembled PDU]"
"73675","39.186472267","192.168.1.55","192.168.1.2","TCP","1514","8004  >  37050 [ACK] Seq=381014 Ack=144 Win=65024 Len=1448 TSval=2916043267 TSecr=3045563038 [TCP segment of a reassembled PDU]"
"73676","39.186473785","192.168.1.55","192.168.1.2","TCP","1514","8004  >  37050 [ACK] Seq=382462 Ack=144 Win=65024 Len=1448 TSval=2916043267 TSecr=3045563038 [TCP segment of a reassembled PDU]"
"73677","39.186475193","192.168.1.55","192.168.1.2","TCP","1514","8004  >  37050 [ACK] Seq=383910 Ack=144 Win=65024 Len=1448 TSval=2916043267 TSecr=3045563038 [TCP segment of a reassembled PDU]"
"73678","39.186476563","192.168.1.55","192.168.1.2","TCP","1514","8004  >  37050 [ACK] Seq=385358 Ack=144 Win=65024 Len=1448 TSval=2916043267 TSecr=3045563038 [TCP segment of a reassembled PDU]"
"73679","39.186477952","192.168.1.55","192.168.1.2","TCP","1514","8004  >  37050 [ACK] Seq=386806 Ack=144 Win=65024 Len=1448 TSval=2916043267 TSecr=3045563038 [TCP segment of a reassembled PDU]"
"73680","39.186479359","192.168.1.55","192.168.1.2","TCP","1514","8004  >  37050 [ACK] Seq=388254 Ack=144 Win=65024 Len=1448 TSval=2916043267 TSecr=3045563038 [TCP segment of a reassembled PDU]"
"73681","39.186480970","192.168.1.55","192.168.1.2","TCP","1514","8004  >  37050 [ACK] Seq=389702 Ack=144 Win=65024 Len=1448 TSval=2916043267 TSecr=3045563038 [TCP segment of a reassembled PDU]"
"73682","39.186482285","192.168.1.55","192.168.1.2","TCP","1514","8004  >  37050 [ACK] Seq=391150 Ack=144 Win=65024 Len=1448 TSval=2916043267 TSecr=3045563038 [TCP segment of a reassembled PDU]"
"73683","39.186483804","192.168.1.55","192.168.1.2","TCP","1514","8004  >  37050 [ACK] Seq=392598 Ack=144 Win=65024 Len=1448 TSval=2916043267 TSecr=3045563038 [TCP segment of a reassembled PDU]"
"73684","39.186485193","192.168.1.55","192.168.1.2","TCP","1514","8004  >  37050 [ACK] Seq=394046 Ack=144 Win=65024 Len=1448 TSval=2916043267 TSecr=3045563038 [TCP segment of a reassembled PDU]"
"73685","39.186486693","192.168.1.55","192.168.1.2","TCP","1514","8004  >  37050 [ACK] Seq=395494 Ack=144 Win=65024 Len=1448 TSval=2916043267 TSecr=3045563038 [TCP segment of a reassembled PDU]"
"73686","39.186488119","192.168.1.55","192.168.1.2","TCP","1514","8004  >  37050 [ACK] Seq=396942 Ack=144 Win=65024 Len=1448 TSval=2916043267 TSecr=3045563038 [TCP segment of a reassembled PDU]"
"73687","39.186489452","192.168.1.55","192.168.1.2","TCP","1514","8004  >  37050 [ACK] Seq=398390 Ack=144 Win=65024 Len=1448 TSval=2916043267 TSecr=3045563038 [TCP segment of a reassembled PDU]"
"73688","39.186490748","192.168.1.55","192.168.1.2","TCP","1514","8004  >  37050 [ACK] Seq=399838 Ack=144 Win=65024 Len=1448 TSval=2916043267 TSecr=3045563038 [TCP segment of a reassembled PDU]"
"73689","39.186492230","192.168.1.55","192.168.1.2","TCP","1514","8004  >  37050 [ACK] Seq=401286 Ack=144 Win=65024 Len=1448 TSval=2916043267 TSecr=3045563038 [TCP segment of a reassembled PDU]"
"73690","39.186493674","192.168.1.55","192.168.1.2","TCP","1514","8004  >  37050 [ACK] Seq=402734 Ack=144 Win=65024 Len=1448 TSval=2916043267 TSecr=3045563038 [TCP segment of a reassembled PDU]"
"73691","39.186495174","192.168.1.55","192.168.1.2","TCP","1514","8004  >  37050 [ACK] Seq=404182 Ack=144 Win=65024 Len=1448 TSval=2916043267 TSecr=3045563038 [TCP segment of a reassembled PDU]"
"73692","39.186496730","192.168.1.55","192.168.1.2","TCP","1514","8004  >  37050 [ACK] Seq=405630 Ack=144 Win=65024 Len=1448 TSval=2916043267 TSecr=3045563038 [TCP segment of a reassembled PDU]"
"73693","39.186498137","192.168.1.55","192.168.1.2","TCP","1514","8004  >  37050 [ACK] Seq=407078 Ack=144 Win=65024 Len=1448 TSval=2916043267 TSecr=3045563038 [TCP segment of a reassembled PDU]"
"73694","39.186499656","192.168.1.55","192.168.1.2","TCP","1514","8004  >  37050 [ACK] Seq=408526 Ack=144 Win=65024 Len=1448 TSval=2916043267 TSecr=3045563038 [TCP segment of a reassembled PDU]"
"73695","39.186501026","192.168.1.55","192.168.1.2","TCP","1514","8004  >  37050 [ACK] Seq=409974 Ack=144 Win=65024 Len=1448 TSval=2916043267 TSecr=3045563038 [TCP segment of a reassembled PDU]"
"73696","39.186502285","192.168.1.55","192.168.1.2","TCP","1514","8004  >  37050 [PSH, ACK] Seq=411422 Ack=144 Win=65024 Len=1448 TSval=2916043267 TSecr=3045563038 [TCP segment of a reassembled PDU]"
"73697","39.186532674","192.168.1.2","192.168.1.55","TCP","66","37050  >  8004 [ACK] Seq=144 Ack=320198 Win=139264 Len=0 TSval=3045563042 TSecr=2916043263"
"73698","39.186574211","192.168.1.55","192.168.1.2","TCP","1514","8004  >  37050 [ACK] Seq=412870 Ack=144 Win=65024 Len=1448 TSval=2916043267 TSecr=3045563042 [TCP segment of a reassembled PDU]"
"73699","39.186576230","192.168.1.55","192.168.1.2","TCP","1514","8004  >  37050 [ACK] Seq=414318 Ack=144 Win=65024 Len=1448 TSval=2916043267 TSecr=3045563042 [TCP segment of a reassembled PDU]"
"73700","39.186577915","192.168.1.55","192.168.1.2","TCP","1514","8004  >  37050 [ACK] Seq=415766 Ack=144 Win=65024 Len=1448 TSval=2916043267 TSecr=3045563042 [TCP segment of a reassembled PDU]"
"73701","39.186579174","192.168.1.55","192.168.1.2","TCP","1514","8004  >  37050 [ACK] Seq=417214 Ack=144 Win=65024 Len=1448 TSval=2916043267 TSecr=3045563042 [TCP segment of a reassembled PDU]"
"73702","39.186580489","192.168.1.55","192.168.1.2","TCP","1514","8004  >  37050 [ACK] Seq=418662 Ack=144 Win=65024 Len=1448 TSval=2916043267 TSecr=3045563042 [TCP segment of a reassembled PDU]"
"73703","39.186586785","192.168.1.55","192.168.1.2","TCP","1514","8004  >  37050 [ACK] Seq=420110 Ack=144 Win=65024 Len=1448 TSval=2916043267 TSecr=3045563042 [TCP segment of a reassembled PDU]"
"73704","39.186588582","192.168.1.55","192.168.1.2","TCP","1514","8004  >  37050 [ACK] Seq=421558 Ack=144 Win=65024 Len=1448 TSval=2916043267 TSecr=3045563042 [TCP segment of a reassembled PDU]"
"73705","39.186589989","192.168.1.55","192.168.1.2","TCP","1514","8004  >  37050 [ACK] Seq=423006 Ack=144 Win=65024 Len=1448 TSval=2916043267 TSecr=3045563042 [TCP segment of a reassembled PDU]"
"73706","39.186591396","192.168.1.55","192.168.1.2","TCP","1514","8004  >  37050 [ACK] Seq=424454 Ack=144 Win=65024 Len=1448 TSval=2916043267 TSecr=3045563042 [TCP segment of a reassembled PDU]"
"73707","39.186592989","192.168.1.55","192.168.1.2","TCP","1514","8004  >  37050 [ACK] Seq=425902 Ack=144 Win=65024 Len=1448 TSval=2916043267 TSecr=3045563042 [TCP segment of a reassembled PDU]"
"73708","39.186594471","192.168.1.55","192.168.1.2","TCP","1514","8004  >  37050 [ACK] Seq=427350 Ack=144 Win=65024 Len=1448 TSval=2916043267 TSecr=3045563042 [TCP segment of a reassembled PDU]"
"73709","39.186595767","192.168.1.55","192.168.1.2","TCP","1514","8004  >  37050 [ACK] Seq=428798 Ack=144 Win=65024 Len=1448 TSval=2916043267 TSecr=3045563042 [TCP segment of a reassembled PDU]"
"73710","39.186597211","192.168.1.55","192.168.1.2","TCP","1514","8004  >  37050 [ACK] Seq=430246 Ack=144 Win=65024 Len=1448 TSval=2916043267 TSecr=3045563042 [TCP segment of a reassembled PDU]"
"73711","39.186598841","192.168.1.55","192.168.1.2","TCP","1514","8004  >  37050 [ACK] Seq=431694 Ack=144 Win=65024 Len=1448 TSval=2916043267 TSecr=3045563042 [TCP segment of a reassembled PDU]"
"73712","39.186600137","192.168.1.55","192.168.1.2","TCP","1514","8004  >  37050 [ACK] Seq=433142 Ack=144 Win=65024 Len=1448 TSval=2916043267 TSecr=3045563042 [TCP segment of a reassembled PDU]"
"73713","39.186601526","192.168.1.55","192.168.1.2","TCP","1514","8004  >  37050 [ACK] Seq=434590 Ack=144 Win=65024 Len=1448 TSval=2916043267 TSecr=3045563042 [TCP segment of a reassembled PDU]"
"73714","39.186602804","192.168.1.55","192.168.1.2","TCP","1514","8004  >  37050 [ACK] Seq=436038 Ack=144 Win=65024 Len=1448 TSval=2916043267 TSecr=3045563042 [TCP segment of a reassembled PDU]"
"73715","39.186604526","192.168.1.55","192.168.1.2","TCP","1514","8004  >  37050 [ACK] Seq=437486 Ack=144 Win=65024 Len=1448 TSval=2916043267 TSecr=3045563042 [TCP segment of a reassembled PDU]"
"73716","39.186605952","192.168.1.55","192.168.1.2","TCP","1514","8004  >  37050 [ACK] Seq=438934 Ack=144 Win=65024 Len=1448 TSval=2916043267 TSecr=3045563042 [TCP segment of a reassembled PDU]"
"73717","39.186607841","192.168.1.55","192.168.1.2","TCP","1514","8004  >  37050 [ACK] Seq=440382 Ack=144 Win=65024 Len=1448 TSval=2916043267 TSecr=3045563042 [TCP segment of a reassembled PDU]"
"73718","39.186609304","192.168.1.55","192.168.1.2","TCP","1514","8004  >  37050 [ACK] Seq=441830 Ack=144 Win=65024 Len=1448 TSval=2916043267 TSecr=3045563042 [TCP segment of a reassembled PDU]"
"73719","39.186610582","192.168.1.55","192.168.1.2","TCP","1514","8004  >  37050 [ACK] Seq=443278 Ack=144 Win=65024 Len=1448 TSval=2916043267 TSecr=3045563042 [TCP segment of a reassembled PDU]"
"73720","39.186611989","192.168.1.55","192.168.1.2","TCP","1514","8004  >  37050 [ACK] Seq=444726 Ack=144 Win=65024 Len=1448 TSval=2916043267 TSecr=3045563042 [TCP segment of a reassembled PDU]"
"73721","39.186613545","192.168.1.55","192.168.1.2","TCP","1514","8004  >  37050 [ACK] Seq=446174 Ack=144 Win=65024 Len=1448 TSval=2916043267 TSecr=3045563042 [TCP segment of a reassembled PDU]"
"73722","39.186615434","192.168.1.55","192.168.1.2","TCP","1514","8004  >  37050 [ACK] Seq=447622 Ack=144 Win=65024 Len=1448 TSval=2916043267 TSecr=3045563042 [TCP segment of a reassembled PDU]"
"73723","39.186617082","192.168.1.55","192.168.1.2","TCP","1514","8004  >  37050 [ACK] Seq=449070 Ack=144 Win=65024 Len=1448 TSval=2916043267 TSecr=3045563042 [TCP segment of a reassembled PDU]"
"73724","39.186618822","192.168.1.55","192.168.1.2","TCP","1514","8004  >  37050 [ACK] Seq=450518 Ack=144 Win=65024 Len=1448 TSval=2916043267 TSecr=3045563042 [TCP segment of a reassembled PDU]"
"73725","39.186620156","192.168.1.55","192.168.1.2","TCP","1514","8004  >  37050 [ACK] Seq=451966 Ack=144 Win=65024 Len=1448 TSval=2916043267 TSecr=3045563042 [TCP segment of a reassembled PDU]"
"73726","39.186621619","192.168.1.55","192.168.1.2","TCP","1514","8004  >  37050 [PSH, ACK] Seq=453414 Ack=144 Win=65024 Len=1448 TSval=2916043267 TSecr=3045563042 [TCP segment of a reassembled PDU]"
"73727","39.190494773","192.168.1.2","192.168.1.55","TCP","66","37050  >  8004 [ACK] Seq=144 Ack=324542 Win=135168 Len=0 TSval=3045563042 TSecr=2916043263"
"73728","39.190509995","192.168.1.55","192.168.1.2","TCP","1514","8004  >  37050 [ACK] Seq=454862 Ack=144 Win=65024 Len=1448 TSval=2916043271 TSecr=3045563042 [TCP segment of a reassembled PDU]"
"73729","39.190512477","192.168.1.55","192.168.1.2","TCP","1514","8004  >  37050 [ACK] Seq=456310 Ack=144 Win=65024 Len=1448 TSval=2916043271 TSecr=3045563042 [TCP segment of a reassembled PDU]"
"73730","39.190513773","192.168.1.55","192.168.1.2","TCP","1514","8004  >  37050 [ACK] Seq=457758 Ack=144 Win=65024 Len=1448 TSval=2916043271 TSecr=3045563042 [TCP segment of a reassembled PDU]"
"73731","39.190515088","192.168.1.55","192.168.1.2","TCP","570","[TCP Window Full] 8004  >  37050 [PSH, ACK] Seq=459206 Ack=144 Win=65024 Len=504 TSval=2916043271 TSecr=3045563042 [TCP segment of a reassembled PDU]"
"73732","39.198475194","192.168.1.2","192.168.1.55","TCP","66","37050  >  8004 [ACK] Seq=144 Ack=328886 Win=148480 Len=0 TSval=3045563051 TSecr=2916043263"
"73733","39.198495120","192.168.1.55","192.168.1.2","TCP","1514","8004  >  37050 [ACK] Seq=459710 Ack=144 Win=65024 Len=1448 TSval=2916043279 TSecr=3045563051 [TCP segment of a reassembled PDU]"
"73734","39.198497397","192.168.1.55","192.168.1.2","TCP","1514","8004  >  37050 [ACK] Seq=461158 Ack=144 Win=65024 Len=1448 TSval=2916043279 TSecr=3045563051 [TCP segment of a reassembled PDU]"
"73735","39.198498712","192.168.1.55","192.168.1.2","TCP","1514","8004  >  37050 [ACK] Seq=462606 Ack=144 Win=65024 Len=1448 TSval=2916043279 TSecr=3045563051 [TCP segment of a reassembled PDU]"
"73736","39.198500008","192.168.1.55","192.168.1.2","TCP","1514","8004  >  37050 [ACK] Seq=464054 Ack=144 Win=65024 Len=1448 TSval=2916043279 TSecr=3045563051 [TCP segment of a reassembled PDU]"
"73737","39.198501397","192.168.1.55","192.168.1.2","TCP","1514","8004  >  37050 [ACK] Seq=465502 Ack=144 Win=65024 Len=1448 TSval=2916043279 TSecr=3045563051 [TCP segment of a reassembled PDU]"
"73738","39.198502768","192.168.1.55","192.168.1.2","TCP","1514","8004  >  37050 [ACK] Seq=466950 Ack=144 Win=65024 Len=1448 TSval=2916043279 TSecr=3045563051 [TCP segment of a reassembled PDU]"
"73739","39.198504101","192.168.1.55","192.168.1.2","TCP","1514","8004  >  37050 [ACK] Seq=468398 Ack=144 Win=65024 Len=1448 TSval=2916043279 TSecr=3045563051 [TCP segment of a reassembled PDU]"
"73740","39.198505379","192.168.1.55","192.168.1.2","TCP","1514","8004  >  37050 [ACK] Seq=469846 Ack=144 Win=65024 Len=1448 TSval=2916043279 TSecr=3045563051 [TCP segment of a reassembled PDU]"
"73741","39.198506657","192.168.1.55","192.168.1.2","TCP","1514","8004  >  37050 [ACK] Seq=471294 Ack=144 Win=65024 Len=1448 TSval=2916043279 TSecr=3045563051 [TCP segment of a reassembled PDU]"
"73742","39.198507953","192.168.1.55","192.168.1.2","TCP","1514","8004  >  37050 [ACK] Seq=472742 Ack=144 Win=65024 Len=1448 TSval=2916043279 TSecr=3045563051 [TCP segment of a reassembled PDU]"
"73743","39.198509342","192.168.1.55","192.168.1.2","TCP","1514","8004  >  37050 [ACK] Seq=474190 Ack=144 Win=65024 Len=1448 TSval=2916043279 TSecr=3045563051 [TCP segment of a reassembled PDU]"
"73744","39.198510694","192.168.1.55","192.168.1.2","TCP","1514","8004  >  37050 [PSH, ACK] Seq=475638 Ack=144 Win=65024 Len=1448 TSval=2916043279 TSecr=3045563051 [TCP segment of a reassembled PDU]"
"73745","39.198568323","192.168.1.2","192.168.1.55","TCP","66","37050  >  8004 [ACK] Seq=144 Ack=354950 Win=142336 Len=0 TSval=3045563053 TSecr=2916043266"
"73746","39.198590583","192.168.1.55","192.168.1.2","TCP","1514","8004  >  37050 [ACK] Seq=477086 Ack=144 Win=65024 Len=1448 TSval=2916043279 TSecr=3045563053 [TCP segment of a reassembled PDU]"
"73747","39.198593027","192.168.1.55","192.168.1.2","TCP","1514","8004  >  37050 [ACK] Seq=478534 Ack=144 Win=65024 Len=1448 TSval=2916043279 TSecr=3045563053 [TCP segment of a reassembled PDU]"
"73748","39.198594435","192.168.1.55","192.168.1.2","TCP","1514","8004  >  37050 [ACK] Seq=479982 Ack=144 Win=65024 Len=1448 TSval=2916043279 TSecr=3045563053 [TCP segment of a reassembled PDU]"
"73749","39.198595953","192.168.1.55","192.168.1.2","TCP","1514","8004  >  37050 [ACK] Seq=481430 Ack=144 Win=65024 Len=1448 TSval=2916043279 TSecr=3045563053 [TCP segment of a reassembled PDU]"
"73750","39.198597397","192.168.1.55","192.168.1.2","TCP","1514","8004  >  37050 [ACK] Seq=482878 Ack=144 Win=65024 Len=1448 TSval=2916043279 TSecr=3045563053 [TCP segment of a reassembled PDU]"
"73751","39.198598694","192.168.1.55","192.168.1.2","TCP","1514","8004  >  37050 [ACK] Seq=484326 Ack=144 Win=65024 Len=1448 TSval=2916043279 TSecr=3045563053 [TCP segment of a reassembled PDU]"
"73752","39.198600083","192.168.1.55","192.168.1.2","TCP","1514","8004  >  37050 [ACK] Seq=485774 Ack=144 Win=65024 Len=1448 TSval=2916043279 TSecr=3045563053 [TCP segment of a reassembled PDU]"
"73753","39.198601397","192.168.1.55","192.168.1.2","TCP","1514","8004  >  37050 [ACK] Seq=487222 Ack=144 Win=65024 Len=1448 TSval=2916043279 TSecr=3045563053 [TCP segment of a reassembled PDU]"
"73754","39.198602842","192.168.1.55","192.168.1.2","TCP","1514","8004  >  37050 [ACK] Seq=488670 Ack=144 Win=65024 Len=1448 TSval=2916043279 TSecr=3045563053 [TCP segment of a reassembled PDU]"
"73755","39.198604120","192.168.1.55","192.168.1.2","TCP","1514","8004  >  37050 [ACK] Seq=490118 Ack=144 Win=65024 Len=1448 TSval=2916043279 TSecr=3045563053 [TCP segment of a reassembled PDU]"
"73756","39.198605416","192.168.1.55","192.168.1.2","TCP","1514","8004  >  37050 [ACK] Seq=491566 Ack=144 Win=65024 Len=1448 TSval=2916043279 TSecr=3045563053 [TCP segment of a reassembled PDU]"
"73757","39.198606768","192.168.1.55","192.168.1.2","TCP","1514","8004  >  37050 [ACK] Seq=493014 Ack=144 Win=65024 Len=1448 TSval=2916043279 TSecr=3045563053 [TCP segment of a reassembled PDU]"
"73758","39.198608064","192.168.1.55","192.168.1.2","TCP","1514","8004  >  37050 [PSH, ACK] Seq=494462 Ack=144 Win=65024 Len=1448 TSval=2916043279 TSecr=3045563053 [TCP segment of a reassembled PDU]"
"73759","39.198613046","192.168.1.55","192.168.1.2","TCP","1010","8004  >  37050 [ACK] Seq=495910 Ack=144 Win=65024 Len=944 TSval=2916043279 TSecr=3045563053 [TCP segment of a reassembled PDU]"
"73760","39.198617286","192.168.1.2","192.168.1.55","TCP","66","37050  >  8004 [ACK] Seq=144 Ack=370878 Win=156672 Len=0 TSval=3045563053 TSecr=2916043267"
"73761","39.198628379","192.168.1.55","192.168.1.2","TCP","1514","8004  >  37050 [ACK] Seq=496854 Ack=144 Win=65024 Len=1448 TSval=2916043279 TSecr=3045563053 [TCP segment of a reassembled PDU]"
"73762","39.198632731","192.168.1.55","192.168.1.2","HTTP","222","HTTP/1.0 200 OK  (PNG)"
"73763","39.199881029","192.168.1.2","192.168.1.55","TCP","66","37050  >  8004 [ACK] Seq=144 Ack=412870 Win=119808 Len=0 TSval=3045563054 TSecr=2916043267"
"73764","39.200046937","192.168.1.2","192.168.1.55","TCP","66","37050  >  8004 [ACK] Seq=144 Ack=454862 Win=95232 Len=0 TSval=3045563054 TSecr=2916043267"
"73765","39.200054381","192.168.1.2","192.168.1.55","TCP","66","37050  >  8004 [ACK] Seq=144 Ack=456310 Win=159744 Len=0 TSval=3045563055 TSecr=2916043271"
"73766","39.200058937","192.168.1.2","192.168.1.55","TCP","66","37050  >  8004 [ACK] Seq=144 Ack=459710 Win=164864 Len=0 TSval=3045563055 TSecr=2916043271"
"73767","39.202623182","192.168.1.2","192.168.1.55","TCP","66","37050  >  8004 [ACK] Seq=144 Ack=477086 Win=153600 Len=0 TSval=3045563058 TSecr=2916043279"
"73768","39.203677498","192.168.1.2","192.168.1.55","TCP","66","37050  >  8004 [ACK] Seq=144 Ack=496854 Win=164864 Len=0 TSval=3045563058 TSecr=2916043279"
"73769","39.204138221","192.168.1.2","192.168.1.55","TCP","66","37050  >  8004 [ACK] Seq=144 Ack=498302 Win=167936 Len=0 TSval=3045563059 TSecr=2916043279"
"73770","39.206006854","192.168.1.2","192.168.1.55","TCP","66","37050  >  8004 [FIN, ACK] Seq=144 Ack=498459 Win=169984 Len=0 TSval=3045563060 TSecr=2916043279"
"73771","39.206018835","192.168.1.55","192.168.1.2","TCP","66","8004  >  37050 [ACK] Seq=498459 Ack=145 Win=65024 Len=0 TSval=2916043286 TSecr=3045563060"
"73772","39.206136225","192.168.1.2","192.168.1.55","TCP","74","37062  >  8004 [SYN] Seq=0 Win=64240 Len=0 MSS=1460 SACK_PERM TSval=3045563061 TSecr=0 WS=1024"
"73773","39.206162002","192.168.1.55","192.168.1.2","TCP","74","8004  >  37062 [SYN, ACK] Seq=0 Ack=1 Win=65160 Len=0 MSS=1460 SACK_PERM TSval=2916043286 TSecr=3045563061 WS=128"
"73774","39.209271711","192.168.1.2","192.168.1.55","TCP","66","37062  >  8004 [ACK] Seq=1 Ack=1 Win=64512 Len=0 TSval=3045563064 TSecr=2916043286"
"73775","39.212499661","192.168.1.2","192.168.1.55","HTTP","206","GET /stego_benchmark.png HTTP/1.1 "
"73776","39.212519253","192.168.1.55","192.168.1.2","TCP","66","8004  >  37062 [ACK] Seq=1 Ack=141 Win=65024 Len=0 TSval=2916043293 TSecr=3045563065"
"73777","39.213013365","192.168.1.55","192.168.1.2","TCP","255","8004  >  37062 [PSH, ACK] Seq=1 Ack=141 Win=65024 Len=189 TSval=2916043293 TSecr=3045563065 [TCP segment of a reassembled PDU]"
"73778","39.213108903","192.168.1.55","192.168.1.2","TCP","1514","8004  >  37062 [ACK] Seq=190 Ack=141 Win=65024 Len=1448 TSval=2916043293 TSecr=3045563065 [TCP segment of a reassembled PDU]"
"73779","39.213113884","192.168.1.55","192.168.1.2","TCP","1514","8004  >  37062 [ACK] Seq=1638 Ack=141 Win=65024 Len=1448 TSval=2916043293 TSecr=3045563065 [TCP segment of a reassembled PDU]"
"73780","39.213115754","192.168.1.55","192.168.1.2","TCP","1514","8004  >  37062 [ACK] Seq=3086 Ack=141 Win=65024 Len=1448 TSval=2916043293 TSecr=3045563065 [TCP segment of a reassembled PDU]"
"73781","39.213117217","192.168.1.55","192.168.1.2","TCP","1514","8004  >  37062 [ACK] Seq=4534 Ack=141 Win=65024 Len=1448 TSval=2916043293 TSecr=3045563065 [TCP segment of a reassembled PDU]"
"73782","39.213119291","192.168.1.55","192.168.1.2","TCP","1514","8004  >  37062 [PSH, ACK] Seq=5982 Ack=141 Win=65024 Len=1448 TSval=2916043293 TSecr=3045563065 [TCP segment of a reassembled PDU]"
"73783","39.213140217","192.168.1.55","192.168.1.2","TCP","1514","8004  >  37062 [ACK] Seq=7430 Ack=141 Win=65024 Len=1448 TSval=2916043293 TSecr=3045563065 [TCP segment of a reassembled PDU]"
"73784","39.213141977","192.168.1.55","192.168.1.2","TCP","1514","8004  >  37062 [ACK] Seq=8878 Ack=141 Win=65024 Len=1448 TSval=2916043293 TSecr=3045563065 [TCP segment of a reassembled PDU]"
"73785","39.213143588","192.168.1.55","192.168.1.2","TCP","1514","8004  >  37062 [ACK] Seq=10326 Ack=141 Win=65024 Len=1448 TSval=2916043293 TSecr=3045563065 [TCP segment of a reassembled PDU]"
"73786","39.213144977","192.168.1.55","192.168.1.2","TCP","1514","8004  >  37062 [PSH, ACK] Seq=11774 Ack=141 Win=65024 Len=1448 TSval=2916043293 TSecr=3045563065 [TCP segment of a reassembled PDU]"
"73787","39.219417005","192.168.1.2","192.168.1.55","TCP","66","37062  >  8004 [ACK] Seq=141 Ack=190 Win=64512 Len=0 TSval=3045563071 TSecr=2916043293"
"73788","39.219460024","192.168.1.55","192.168.1.2","TCP","1514","8004  >  37062 [ACK] Seq=13222 Ack=141 Win=65024 Len=1448 TSval=2916043300 TSecr=3045563071 [TCP segment of a reassembled PDU]"
"73789","39.219464820","192.168.1.55","192.168.1.2","TCP","1514","8004  >  37062 [PSH, ACK] Seq=14670 Ack=141 Win=65024 Len=1448 TSval=2916043300 TSecr=3045563071 [TCP segment of a reassembled PDU]"
"73790","39.219550376","192.168.1.2","192.168.1.55","TCP","66","37062  >  8004 [ACK] Seq=141 Ack=3086 Win=70656 Len=0 TSval=3045563071 TSecr=2916043293"
"73791","39.219560987","192.168.1.2","192.168.1.55","TCP","66","37062  >  8004 [ACK] Seq=141 Ack=5982 Win=76800 Len=0 TSval=3045563071 TSecr=2916043293"
"73792","39.219584969","192.168.1.55","192.168.1.2","TCP","1514","8004  >  37062 [ACK] Seq=16118 Ack=141 Win=65024 Len=1448 TSval=2916043300 TSecr=3045563071 [TCP segment of a reassembled PDU]"
"73793","39.219588154","192.168.1.55","192.168.1.2","TCP","1514","8004  >  37062 [ACK] Seq=17566 Ack=141 Win=65024 Len=1448 TSval=2916043300 TSecr=3045563071 [TCP segment of a reassembled PDU]"
"73794","39.219589635","192.168.1.55","192.168.1.2","TCP","1514","8004  >  37062 [ACK] Seq=19014 Ack=141 Win=65024 Len=1448 TSval=2916043300 TSecr=3045563071 [TCP segment of a reassembled PDU]"
"73795","39.219591135","192.168.1.55","192.168.1.2","TCP","1514","8004  >  37062 [ACK] Seq=20462 Ack=141 Win=65024 Len=1448 TSval=2916043300 TSecr=3045563071 [TCP segment of a reassembled PDU]"
"73796","39.219592598","192.168.1.55","192.168.1.2","TCP","1514","8004  >  37062 [ACK] Seq=21910 Ack=141 Win=65024 Len=1448 TSval=2916043300 TSecr=3045563071 [TCP segment of a reassembled PDU]"
"73797","39.219594080","192.168.1.55","192.168.1.2","TCP","1514","8004  >  37062 [ACK] Seq=23358 Ack=141 Win=65024 Len=1448 TSval=2916043300 TSecr=3045563071 [TCP segment of a reassembled PDU]"
"73798","39.219595709","192.168.1.55","192.168.1.2","TCP","1514","8004  >  37062 [PSH, ACK] Seq=24806 Ack=141 Win=65024 Len=1448 TSval=2916043300 TSecr=3045563071 [TCP segment of a reassembled PDU]"
"73799","39.219659376","192.168.1.2","192.168.1.55","TCP","66","37062  >  8004 [ACK] Seq=141 Ack=7430 Win=79872 Len=0 TSval=3045563072 TSecr=2916043293"
"73800","39.219668413","192.168.1.2","192.168.1.55","TCP","66","37062  >  8004 [ACK] Seq=141 Ack=13222 Win=78848 Len=0 TSval=3045563072 TSecr=2916043293"
"73801","39.219692691","192.168.1.55","192.168.1.2","TCP","1514","8004  >  37062 [ACK] Seq=26254 Ack=141 Win=65024 Len=1448 TSval=2916043300 TSecr=3045563072 [TCP segment of a reassembled PDU]"
"73802","39.219695765","192.168.1.55","192.168.1.2","TCP","1514","8004  >  37062 [ACK] Seq=27702 Ack=141 Win=65024 Len=1448 TSval=2916043300 TSecr=3045563072 [TCP segment of a reassembled PDU]"
"73803","39.219697210","192.168.1.55","192.168.1.2","TCP","1514","8004  >  37062 [ACK] Seq=29150 Ack=141 Win=65024 Len=1448 TSval=2916043300 TSecr=3045563072 [TCP segment of a reassembled PDU]"
"73804","39.219698617","192.168.1.55","192.168.1.2","TCP","1514","8004  >  37062 [ACK] Seq=30598 Ack=141 Win=65024 Len=1448 TSval=2916043300 TSecr=3045563072 [TCP segment of a reassembled PDU]"
"73805","39.219700061","192.168.1.55","192.168.1.2","TCP","1514","8004  >  37062 [ACK] Seq=32046 Ack=141 Win=65024 Len=1448 TSval=2916043300 TSecr=3045563072 [TCP segment of a reassembled PDU]"
"73806","39.219701561","192.168.1.55","192.168.1.2","TCP","1514","8004  >  37062 [ACK] Seq=33494 Ack=141 Win=65024 Len=1448 TSval=2916043300 TSecr=3045563072 [TCP segment of a reassembled PDU]"
"73807","39.219703191","192.168.1.55","192.168.1.2","TCP","1514","8004  >  37062 [ACK] Seq=34942 Ack=141 Win=65024 Len=1448 TSval=2916043300 TSecr=3045563072 [TCP segment of a reassembled PDU]"
"73808","39.219705043","192.168.1.55","192.168.1.2","TCP","1514","8004  >  37062 [ACK] Seq=36390 Ack=141 Win=65024 Len=1448 TSval=2916043300 TSecr=3045563072 [TCP segment of a reassembled PDU]"
"73809","39.219706765","192.168.1.55","192.168.1.2","TCP","1514","8004  >  37062 [ACK] Seq=37838 Ack=141 Win=65024 Len=1448 TSval=2916043300 TSecr=3045563072 [TCP segment of a reassembled PDU]"
"73810","39.219708265","192.168.1.55","192.168.1.2","TCP","1514","8004  >  37062 [PSH, ACK] Seq=39286 Ack=141 Win=65024 Len=1448 TSval=2916043300 TSecr=3045563072 [TCP segment of a reassembled PDU]"
"73811","39.220472396","192.168.1.55","192.168.1.2","TCP","1514","8004  >  37062 [ACK] Seq=40734 Ack=141 Win=65024 Len=1448 TSval=2916043301 TSecr=3045563072 [TCP segment of a reassembled PDU]"
"73812","39.224679958","192.168.1.2","192.168.1.55","TCP","66","37062  >  8004 [ACK] Seq=141 Ack=16118 Win=84992 Len=0 TSval=3045563079 TSecr=2916043300"
"73813","39.224723421","192.168.1.55","192.168.1.2","TCP","1514","8004  >  37062 [ACK] Seq=42182 Ack=141 Win=65024 Len=1448 TSval=2916043305 TSecr=3045563079 [TCP segment of a reassembled PDU]"
"73814","39.224729496","192.168.1.55","192.168.1.2","TCP","1514","8004  >  37062 [PSH, ACK] Seq=43630 Ack=141 Win=65024 Len=1448 TSval=2916043305 TSecr=3045563079 [TCP segment of a reassembled PDU]"
"73815","39.224962348","192.168.1.2","192.168.1.55","TCP","66","37062  >  8004 [ACK] Seq=141 Ack=26254 Win=83968 Len=0 TSval=3045563079 TSecr=2916043300"
"73816","39.225000033","192.168.1.55","192.168.1.2","TCP","1514","8004  >  37062 [ACK] Seq=45078 Ack=141 Win=65024 Len=1448 TSval=2916043305 TSecr=3045563079 [TCP segment of a reassembled PDU]"
"73817","39.225002959","192.168.1.55","192.168.1.2","TCP","1514","8004  >  37062 [ACK] Seq=46526 Ack=141 Win=65024 Len=1448 TSval=2916043305 TSecr=3045563079 [TCP segment of a reassembled PDU]"
"73818","39.225004515","192.168.1.55","192.168.1.2","TCP","1514","8004  >  37062 [ACK] Seq=47974 Ack=141 Win=65024 Len=1448 TSval=2916043305 TSecr=3045563079 [TCP segment of a reassembled PDU]"
"73819","39.225006033","192.168.1.55","192.168.1.2","TCP","1514","8004  >  37062 [ACK] Seq=49422 Ack=141 Win=65024 Len=1448 TSval=2916043305 TSecr=3045563079 [TCP segment of a reassembled PDU]"
"73820","39.225008459","192.168.1.55","192.168.1.2","TCP","1514","8004  >  37062 [ACK] Seq=50870 Ack=141 Win=65024 Len=1448 TSval=2916043305 TSecr=3045563079 [TCP segment of a reassembled PDU]"
"73821","39.225010570","192.168.1.55","192.168.1.2","TCP","1514","8004  >  37062 [ACK] Seq=52318 Ack=141 Win=65024 Len=1448 TSval=2916043305 TSecr=3045563079 [TCP segment of a reassembled PDU]"
"73822","39.225012440","192.168.1.55","192.168.1.2","TCP","1514","8004  >  37062 [ACK] Seq=53766 Ack=141 Win=65024 Len=1448 TSval=2916043305 TSecr=3045563079 [TCP segment of a reassembled PDU]"
"73823","39.225013922","192.168.1.55","192.168.1.2","TCP","1514","8004  >  37062 [ACK] Seq=55214 Ack=141 Win=65024 Len=1448 TSval=2916043305 TSecr=3045563079 [TCP segment of a reassembled PDU]"
"73824","39.225015329","192.168.1.55","192.168.1.2","TCP","1514","8004  >  37062 [ACK] Seq=56662 Ack=141 Win=65024 Len=1448 TSval=2916043305 TSecr=3045563079 [TCP segment of a reassembled PDU]"
"73825","39.225016829","192.168.1.55","192.168.1.2","TCP","1514","8004  >  37062 [ACK] Seq=58110 Ack=141 Win=65024 Len=1448 TSval=2916043305 TSecr=3045563079 [TCP segment of a reassembled PDU]"
"73826","39.225018274","192.168.1.55","192.168.1.2","TCP","1514","8004  >  37062 [ACK] Seq=59558 Ack=141 Win=65024 Len=1448 TSval=2916043305 TSecr=3045563079 [TCP segment of a reassembled PDU]"
"73827","39.225019829","192.168.1.55","192.168.1.2","TCP","1514","8004  >  37062 [ACK] Seq=61006 Ack=141 Win=65024 Len=1448 TSval=2916043305 TSecr=3045563079 [TCP segment of a reassembled PDU]"
"73828","39.225021848","192.168.1.55","192.168.1.2","TCP","1514","8004  >  37062 [ACK] Seq=62454 Ack=141 Win=65024 Len=1448 TSval=2916043305 TSecr=3045563079 [TCP segment of a reassembled PDU]"
"73829","39.225023940","192.168.1.55","192.168.1.2","TCP","1514","8004  >  37062 [PSH, ACK] Seq=63902 Ack=141 Win=65024 Len=1448 TSval=2916043305 TSecr=3045563079 [TCP segment of a reassembled PDU]"
"73830","39.225029403","192.168.1.2","192.168.1.55","TCP","66","37062  >  8004 [ACK] Seq=141 Ack=36390 Win=74752 Len=0 TSval=3045563079 TSecr=2916043300"
"73831","39.225058052","192.168.1.55","192.168.1.2","TCP","1514","8004  >  37062 [ACK] Seq=65350 Ack=141 Win=65024 Len=1448 TSval=2916043305 TSecr=3045563079 [TCP segment of a reassembled PDU]"
"73832","39.225060033","192.168.1.55","192.168.1.2","TCP","1514","8004  >  37062 [ACK] Seq=66798 Ack=141 Win=65024 Len=1448 TSval=2916043305 TSecr=3045563079 [TCP segment of a reassembled PDU]"
"73833","39.225061848","192.168.1.55","192.168.1.2","TCP","1514","8004  >  37062 [ACK] Seq=68246 Ack=141 Win=65024 Len=1448 TSval=2916043305 TSecr=3045563079 [TCP segment of a reassembled PDU]"
"73834","39.225063404","192.168.1.55","192.168.1.2","TCP","1514","8004  >  37062 [ACK] Seq=69694 Ack=141 Win=65024 Len=1448 TSval=2916043305 TSecr=3045563079 [TCP segment of a reassembled PDU]"
"73835","39.225065126","192.168.1.55","192.168.1.2","TCP","1514","8004  >  37062 [ACK] Seq=71142 Ack=141 Win=65024 Len=1448 TSval=2916043305 TSecr=3045563079 [TCP segment of a reassembled PDU]"
"73836","39.225067052","192.168.1.55","192.168.1.2","TCP","1514","8004  >  37062 [ACK] Seq=72590 Ack=141 Win=65024 Len=1448 TSval=2916043305 TSecr=3045563079 [TCP segment of a reassembled PDU]"
"73837","39.225068459","192.168.1.55","192.168.1.2","TCP","1514","8004  >  37062 [ACK] Seq=74038 Ack=141 Win=65024 Len=1448 TSval=2916043305 TSecr=3045563079 [TCP segment of a reassembled PDU]"
"73838","39.225070033","192.168.1.55","192.168.1.2","TCP","1514","8004  >  37062 [PSH, ACK] Seq=75486 Ack=141 Win=65024 Len=1448 TSval=2916043305 TSecr=3045563079 [TCP segment of a reassembled PDU]"
"73839","39.225077348","192.168.1.2","192.168.1.55","TCP","66","37062  >  8004 [ACK] Seq=141 Ack=40734 Win=70656 Len=0 TSval=3045563079 TSecr=2916043300"
"73840","39.225085515","192.168.1.2","192.168.1.55","TCP","66","37062  >  8004 [ACK] Seq=141 Ack=42182 Win=69632 Len=0 TSval=3045563079 TSecr=2916043301"
"73841","39.225955849","192.168.1.55","192.168.1.2","TCP","1514","8004  >  37062 [ACK] Seq=76934 Ack=141 Win=65024 Len=1448 TSval=2916043306 TSecr=3045563079 [TCP segment of a reassembled PDU]"
"73842","39.225959646","192.168.1.55","192.168.1.2","TCP","1514","8004  >  37062 [ACK] Seq=78382 Ack=141 Win=65024 Len=1448 TSval=2916043306 TSecr=3045563079 [TCP segment of a reassembled PDU]"
"73843","39.225961053","192.168.1.55","192.168.1.2","TCP","1514","8004  >  37062 [ACK] Seq=79830 Ack=141 Win=65024 Len=1448 TSval=2916043306 TSecr=3045563079 [TCP segment of a reassembled PDU]"
"73844","39.225963146","192.168.1.55","192.168.1.2","TCP","1514","8004  >  37062 [ACK] Seq=81278 Ack=141 Win=65024 Len=1448 TSval=2916043306 TSecr=3045563079 [TCP segment of a reassembled PDU]"
"73845","39.225965294","192.168.1.55","192.168.1.2","TCP","1514","8004  >  37062 [ACK] Seq=82726 Ack=141 Win=65024 Len=1448 TSval=2916043306 TSecr=3045563079 [TCP segment of a reassembled PDU]"
"73846","39.225966664","192.168.1.55","192.168.1.2","TCP","1514","8004  >  37062 [ACK] Seq=84174 Ack=141 Win=65024 Len=1448 TSval=2916043306 TSecr=3045563079 [TCP segment of a reassembled PDU]"
"73847","39.225968553","192.168.1.55","192.168.1.2","TCP","1514","8004  >  37062 [ACK] Seq=85622 Ack=141 Win=65024 Len=1448 TSval=2916043306 TSecr=3045563079 [TCP segment of a reassembled PDU]"
"73848","39.225969979","192.168.1.55","192.168.1.2","TCP","1514","8004  >  37062 [ACK] Seq=87070 Ack=141 Win=65024 Len=1448 TSval=2916043306 TSecr=3045563079 [TCP segment of a reassembled PDU]"
"73849","39.225971831","192.168.1.55","192.168.1.2","TCP","1514","8004  >  37062 [ACK] Seq=88518 Ack=141 Win=65024 Len=1448 TSval=2916043306 TSecr=3045563079 [TCP segment of a reassembled PDU]"
"73850","39.225974238","192.168.1.55","192.168.1.2","TCP","1514","8004  >  37062 [ACK] Seq=89966 Ack=141 Win=65024 Len=1448 TSval=2916043306 TSecr=3045563079 [TCP segment of a reassembled PDU]"
"73851","39.225975442","192.168.1.55","192.168.1.2","TCP","1514","8004  >  37062 [ACK] Seq=91414 Ack=141 Win=65024 Len=1448 TSval=2916043306 TSecr=3045563079 [TCP segment of a reassembled PDU]"
"73852","39.225976609","192.168.1.55","192.168.1.2","TCP","1514","8004  >  37062 [ACK] Seq=92862 Ack=141 Win=65024 Len=1448 TSval=2916043306 TSecr=3045563079 [TCP segment of a reassembled PDU]"
"73853","39.225977961","192.168.1.55","192.168.1.2","TCP","1514","8004  >  37062 [ACK] Seq=94310 Ack=141 Win=65024 Len=1448 TSval=2916043306 TSecr=3045563079 [TCP segment of a reassembled PDU]"
"73854","39.225979386","192.168.1.55","192.168.1.2","TCP","1514","8004  >  37062 [PSH, ACK] Seq=95758 Ack=141 Win=65024 Len=1448 TSval=2916043306 TSecr=3045563079 [TCP segment of a reassembled PDU]"
"73855","39.225987331","192.168.1.55","192.168.1.2","TCP","1514","8004  >  37062 [ACK] Seq=97206 Ack=141 Win=65024 Len=1448 TSval=2916043306 TSecr=3045563079 [TCP segment of a reassembled PDU]"
"73856","39.225988794","192.168.1.55","192.168.1.2","TCP","1514","8004  >  37062 [PSH, ACK] Seq=98654 Ack=141 Win=65024 Len=1448 TSval=2916043306 TSecr=3045563079 [TCP segment of a reassembled PDU]"
"73857","39.229076706","192.168.1.2","192.168.1.55","TCP","66","37062  >  8004 [ACK] Seq=141 Ack=43630 Win=88064 Len=0 TSval=3045563082 TSecr=2916043305"
"73858","39.229093132","192.168.1.55","192.168.1.2","TCP","1514","8004  >  37062 [ACK] Seq=100102 Ack=141 Win=65024 Len=1448 TSval=2916043309 TSecr=3045563082 [TCP segment of a reassembled PDU]"
"73859","39.229096206","192.168.1.55","192.168.1.2","TCP","1514","8004  >  37062 [PSH, ACK] Seq=101550 Ack=141 Win=65024 Len=1448 TSval=2916043309 TSecr=3045563082 [TCP segment of a reassembled PDU]"
"73860","39.229296577","192.168.1.2","192.168.1.55","TCP","66","37062  >  8004 [ACK] Seq=141 Ack=45078 Win=90112 Len=0 TSval=3045563082 TSecr=2916043305"
"73861","39.231757396","192.168.1.2","192.168.1.55","TCP","66","37062  >  8004 [ACK] Seq=141 Ack=65350 Win=71680 Len=0 TSval=3045563085 TSecr=2916043305"
"73862","39.231771785","192.168.1.55","192.168.1.2","TCP","1514","8004  >  37062 [ACK] Seq=102998 Ack=141 Win=65024 Len=1448 TSval=2916043312 TSecr=3045563085 [TCP segment of a reassembled PDU]"
"73863","39.231774007","192.168.1.55","192.168.1.2","TCP","1514","8004  >  37062 [ACK] Seq=104446 Ack=141 Win=65024 Len=1448 TSval=2916043312 TSecr=3045563085 [TCP segment of a reassembled PDU]"
"73864","39.231775192","192.168.1.55","192.168.1.2","TCP","1514","8004  >  37062 [ACK] Seq=105894 Ack=141 Win=65024 Len=1448 TSval=2916043312 TSecr=3045563085 [TCP segment of a reassembled PDU]"
"73865","39.231776303","192.168.1.55","192.168.1.2","TCP","1514","8004  >  37062 [ACK] Seq=107342 Ack=141 Win=65024 Len=1448 TSval=2916043312 TSecr=3045563085 [TCP segment of a reassembled PDU]"
"73866","39.231777859","192.168.1.55","192.168.1.2","TCP","1514","8004  >  37062 [ACK] Seq=108790 Ack=141 Win=65024 Len=1448 TSval=2916043312 TSecr=3045563085 [TCP segment of a reassembled PDU]"
"73867","39.231779063","192.168.1.55","192.168.1.2","TCP","1514","8004  >  37062 [ACK] Seq=110238 Ack=141 Win=65024 Len=1448 TSval=2916043312 TSecr=3045563085 [TCP segment of a reassembled PDU]"
"73868","39.231780229","192.168.1.55","192.168.1.2","TCP","1514","8004  >  37062 [ACK] Seq=111686 Ack=141 Win=65024 Len=1448 TSval=2916043312 TSecr=3045563085 [TCP segment of a reassembled PDU]"
"73869","39.231781433","192.168.1.55","192.168.1.2","TCP","1514","8004  >  37062 [ACK] Seq=113134 Ack=141 Win=65024 Len=1448 TSval=2916043312 TSecr=3045563085 [TCP segment of a reassembled PDU]"
"73870","39.231782637","192.168.1.55","192.168.1.2","TCP","1514","8004  >  37062 [PSH, ACK] Seq=114582 Ack=141 Win=65024 Len=1448 TSval=2916043312 TSecr=3045563085 [TCP segment of a reassembled PDU]"
"73871","39.232222582","192.168.1.2","192.168.1.55","TCP","66","37062  >  8004 [ACK] Seq=141 Ack=76934 Win=60416 Len=0 TSval=3045563085 TSecr=2916043305"
"73872","39.232243786","192.168.1.55","192.168.1.2","TCP","1514","8004  >  37062 [ACK] Seq=116030 Ack=141 Win=65024 Len=1448 TSval=2916043312 TSecr=3045563085 [TCP segment of a reassembled PDU]"
"73873","39.232245360","192.168.1.55","192.168.1.2","TCP","1514","8004  >  37062 [ACK] Seq=117478 Ack=141 Win=65024 Len=1448 TSval=2916043312 TSecr=3045563085 [TCP segment of a reassembled PDU]"
"73874","39.232246508","192.168.1.55","192.168.1.2","TCP","1514","8004  >  37062 [ACK] Seq=118926 Ack=141 Win=65024 Len=1448 TSval=2916043312 TSecr=3045563085 [TCP segment of a reassembled PDU]"
"73875","39.232247637","192.168.1.55","192.168.1.2","TCP","1514","8004  >  37062 [ACK] Seq=120374 Ack=141 Win=65024 Len=1448 TSval=2916043312 TSecr=3045563085 [TCP segment of a reassembled PDU]"
"73876","39.232248730","192.168.1.55","192.168.1.2","TCP","1514","8004  >  37062 [ACK] Seq=121822 Ack=141 Win=65024 Len=1448 TSval=2916043312 TSecr=3045563085 [TCP segment of a reassembled PDU]"
"73877","39.232250360","192.168.1.55","192.168.1.2","TCP","1514","8004  >  37062 [ACK] Seq=123270 Ack=141 Win=65024 Len=1448 TSval=2916043312 TSecr=3045563085 [TCP segment of a reassembled PDU]"
"73878","39.232251971","192.168.1.55","192.168.1.2","TCP","1514","8004  >  37062 [ACK] Seq=124718 Ack=141 Win=65024 Len=1448 TSval=2916043312 TSecr=3045563085 [TCP segment of a reassembled PDU]"
"73879","39.232253063","192.168.1.55","192.168.1.2","TCP","1514","8004  >  37062 [ACK] Seq=126166 Ack=141 Win=65024 Len=1448 TSval=2916043312 TSecr=3045563085 [TCP segment of a reassembled PDU]"
"73880","39.232254249","192.168.1.55","192.168.1.2","TCP","1514","8004  >  37062 [ACK] Seq=127614 Ack=141 Win=65024 Len=1448 TSval=2916043312 TSecr=3045563085 [TCP segment of a reassembled PDU]"
"73881","39.232255341","192.168.1.55","192.168.1.2","TCP","1514","8004  >  37062 [ACK] Seq=129062 Ack=141 Win=65024 Len=1448 TSval=2916043312 TSecr=3045563085 [TCP segment of a reassembled PDU]"
"73882","39.232256582","192.168.1.55","192.168.1.2","TCP","1514","8004  >  37062 [ACK] Seq=130510 Ack=141 Win=65024 Len=1448 TSval=2916043312 TSecr=3045563085 [TCP segment of a reassembled PDU]"
"73883","39.232257712","192.168.1.55","192.168.1.2","TCP","1514","8004  >  37062 [ACK] Seq=131958 Ack=141 Win=65024 Len=1448 TSval=2916043312 TSecr=3045563085 [TCP segment of a reassembled PDU]"
"73884","39.232258823","192.168.1.55","192.168.1.2","TCP","1514","8004  >  37062 [ACK] Seq=133406 Ack=141 Win=65024 Len=1448 TSval=2916043312 TSecr=3045563085 [TCP segment of a reassembled PDU]"
"73885","39.232260026","192.168.1.55","192.168.1.2","TCP","1514","8004  >  37062 [ACK] Seq=134854 Ack=141 Win=65024 Len=1448 TSval=2916043312 TSecr=3045563085 [TCP segment of a reassembled PDU]"
"73886","39.232261156","192.168.1.55","192.168.1.2","TCP","1114","[TCP Window Full] 8004  >  37062 [PSH, ACK] Seq=136302 Ack=141 Win=65024 Len=1048 TSval=2916043312 TSecr=3045563085 [TCP segment of a reassembled PDU]"
"73887","39.232265304","192.168.1.2","192.168.1.55","TCP","66","37062  >  8004 [ACK] Seq=141 Ack=95758 Win=64512 Len=0 TSval=3045563085 TSecr=2916043306"
"73888","39.232286637","192.168.1.55","192.168.1.2","TCP","1514","8004  >  37062 [ACK] Seq=137350 Ack=141 Win=65024 Len=1448 TSval=2916043312 TSecr=3045563085 [TCP segment of a reassembled PDU]"
"73889","39.232288082","192.168.1.55","192.168.1.2","TCP","1514","8004  >  37062 [ACK] Seq=138798 Ack=141 Win=65024 Len=1448 TSval=2916043312 TSecr=3045563085 [TCP segment of a reassembled PDU]"
"73890","39.232289175","192.168.1.55","192.168.1.2","TCP","1514","8004  >  37062 [ACK] Seq=140246 Ack=141 Win=65024 Len=1448 TSval=2916043312 TSecr=3045563085 [TCP segment of a reassembled PDU]"
"73891","39.232290360","192.168.1.55","192.168.1.2","TCP","1514","8004  >  37062 [ACK] Seq=141694 Ack=141 Win=65024 Len=1448 TSval=2916043312 TSecr=3045563085 [TCP segment of a reassembled PDU]"
"73892","39.232295378","192.168.1.55","192.168.1.2","TCP","1514","8004  >  37062 [ACK] Seq=143142 Ack=141 Win=65024 Len=1448 TSval=2916043312 TSecr=3045563085 [TCP segment of a reassembled PDU]"
"73893","39.232296638","192.168.1.55","192.168.1.2","TCP","1514","8004  >  37062 [ACK] Seq=144590 Ack=141 Win=65024 Len=1448 TSval=2916043312 TSecr=3045563085 [TCP segment of a reassembled PDU]"
"73894","39.232297804","192.168.1.55","192.168.1.2","TCP","1514","8004  >  37062 [ACK] Seq=146038 Ack=141 Win=65024 Len=1448 TSval=2916043312 TSecr=3045563085 [TCP segment of a reassembled PDU]"
"73895","39.232299100","192.168.1.55","192.168.1.2","TCP","1514","8004  >  37062 [ACK] Seq=147486 Ack=141 Win=65024 Len=1448 TSval=2916043312 TSecr=3045563085 [TCP segment of a reassembled PDU]"
"73896","39.232300230","192.168.1.55","192.168.1.2","TCP","1514","8004  >  37062 [ACK] Seq=148934 Ack=141 Win=65024 Len=1448 TSval=2916043312 TSecr=3045563085 [TCP segment of a reassembled PDU]"
"73897","39.232301323","192.168.1.55","192.168.1.2","TCP","1514","8004  >  37062 [ACK] Seq=150382 Ack=141 Win=65024 Len=1448 TSval=2916043312 TSecr=3045563085 [TCP segment of a reassembled PDU]"
"73898","39.232302434","192.168.1.55","192.168.1.2","TCP","1514","8004  >  37062 [ACK] Seq=151830 Ack=141 Win=65024 Len=1448 TSval=2916043312 TSecr=3045563085 [TCP segment of a reassembled PDU]"
"73899","39.232308156","192.168.1.55","192.168.1.2","TCP","1514","8004  >  37062 [PSH, ACK] Seq=153278 Ack=141 Win=65024 Len=1448 TSval=2916043312 TSecr=3045563085 [TCP segment of a reassembled PDU]"
"73900","39.232313341","192.168.1.55","192.168.1.2","TCP","466","8004  >  37062 [ACK] Seq=154726 Ack=141 Win=65024 Len=400 TSval=2916043312 TSecr=3045563085 [TCP segment of a reassembled PDU]"
"73901","39.233377824","192.168.1.2","192.168.1.55","TCP","66","37062  >  8004 [ACK] Seq=141 Ack=97206 Win=90112 Len=0 TSval=3045563086 TSecr=2916043306"
"73902","39.233430454","192.168.1.55","192.168.1.2","TCP","1514","8004  >  37062 [ACK] Seq=155126 Ack=141 Win=65024 Len=1448 TSval=2916043314 TSecr=3045563086 [TCP segment of a reassembled PDU]"
"73903","39.233434028","192.168.1.55","192.168.1.2","TCP","1514","8004  >  37062 [ACK] Seq=156574 Ack=141 Win=65024 Len=1448 TSval=2916043314 TSecr=3045563086 [TCP segment of a reassembled PDU]"
"73904","39.233435176","192.168.1.55","192.168.1.2","TCP","1514","8004  >  37062 [ACK] Seq=158022 Ack=141 Win=65024 Len=1448 TSval=2916043314 TSecr=3045563086 [TCP segment of a reassembled PDU]"
"73905","39.233436436","192.168.1.55","192.168.1.2","TCP","1514","8004  >  37062 [ACK] Seq=159470 Ack=141 Win=65024 Len=1448 TSval=2916043314 TSecr=3045563086 [TCP segment of a reassembled PDU]"
"73906","39.233437621","192.168.1.55","192.168.1.2","TCP","1514","8004  >  37062 [ACK] Seq=160918 Ack=141 Win=65024 Len=1448 TSval=2916043314 TSecr=3045563086 [TCP segment of a reassembled PDU]"
"73907","39.233438713","192.168.1.55","192.168.1.2","TCP","1514","8004  >  37062 [ACK] Seq=162366 Ack=141 Win=65024 Len=1448 TSval=2916043314 TSecr=3045563086 [TCP segment of a reassembled PDU]"
"73908","39.233439880","192.168.1.55","192.168.1.2","TCP","1514","8004  >  37062 [ACK] Seq=163814 Ack=141 Win=65024 Len=1448 TSval=2916043314 TSecr=3045563086 [TCP segment of a reassembled PDU]"
"73909","39.233440991","192.168.1.55","192.168.1.2","TCP","1514","8004  >  37062 [ACK] Seq=165262 Ack=141 Win=65024 Len=1448 TSval=2916043314 TSecr=3045563086 [TCP segment of a reassembled PDU]"
"73910","39.233442195","192.168.1.55","192.168.1.2","TCP","1514","8004  >  37062 [ACK] Seq=166710 Ack=141 Win=65024 Len=1448 TSval=2916043314 TSecr=3045563086 [TCP segment of a reassembled PDU]"
"73911","39.233443399","192.168.1.55","192.168.1.2","TCP","1514","8004  >  37062 [ACK] Seq=168158 Ack=141 Win=65024 Len=1448 TSval=2916043314 TSecr=3045563086 [TCP segment of a reassembled PDU]"
"73912","39.233444528","192.168.1.55","192.168.1.2","TCP","1514","8004  >  37062 [ACK] Seq=169606 Ack=141 Win=65024 Len=1448 TSval=2916043314 TSecr=3045563086 [TCP segment of a reassembled PDU]"
"73913","39.233445806","192.168.1.55","192.168.1.2","TCP","1514","8004  >  37062 [ACK] Seq=171054 Ack=141 Win=65024 Len=1448 TSval=2916043314 TSecr=3045563086 [TCP segment of a reassembled PDU]"
"73914","39.233447380","192.168.1.55","192.168.1.2","TCP","1514","8004  >  37062 [ACK] Seq=172502 Ack=141 Win=65024 Len=1448 TSval=2916043314 TSecr=3045563086 [TCP segment of a reassembled PDU]"
"73915","39.233449510","192.168.1.55","192.168.1.2","TCP","1514","8004  >  37062 [ACK] Seq=173950 Ack=141 Win=65024 Len=1448 TSval=2916043314 TSecr=3045563086 [TCP segment of a reassembled PDU]"
"73916","39.233451695","192.168.1.55","192.168.1.2","TCP","1514","8004  >  37062 [ACK] Seq=175398 Ack=141 Win=65024 Len=1448 TSval=2916043314 TSecr=3045563086 [TCP segment of a reassembled PDU]"
"73917","39.233453399","192.168.1.55","192.168.1.2","TCP","1514","8004  >  37062 [ACK] Seq=176846 Ack=141 Win=65024 Len=1448 TSval=2916043314 TSecr=3045563086 [TCP segment of a reassembled PDU]"
"73918","39.233454862","192.168.1.55","192.168.1.2","TCP","1514","8004  >  37062 [ACK] Seq=178294 Ack=141 Win=65024 Len=1448 TSval=2916043314 TSecr=3045563086 [TCP segment of a reassembled PDU]"
"73919","39.233456306","192.168.1.55","192.168.1.2","TCP","1514","8004  >  37062 [ACK] Seq=179742 Ack=141 Win=65024 Len=1448 TSval=2916043314 TSecr=3045563086 [TCP segment of a reassembled PDU]"
"73920","39.233458695","192.168.1.55","192.168.1.2","TCP","1514","8004  >  37062 [ACK] Seq=181190 Ack=141 Win=65024 Len=1448 TSval=2916043314 TSecr=3045563086 [TCP segment of a reassembled PDU]"
"73921","39.233462676","192.168.1.55","192.168.1.2","TCP","1514","8004  >  37062 [ACK] Seq=182638 Ack=141 Win=65024 Len=1448 TSval=2916043314 TSecr=3045563086 [TCP segment of a reassembled PDU]"
"73922","39.233464010","192.168.1.55","192.168.1.2","TCP","1514","8004  >  37062 [ACK] Seq=184086 Ack=141 Win=65024 Len=1448 TSval=2916043314 TSecr=3045563086 [TCP segment of a reassembled PDU]"
"73923","39.233465899","192.168.1.55","192.168.1.2","TCP","1514","8004  >  37062 [PSH, ACK] Seq=185534 Ack=141 Win=65024 Len=1448 TSval=2916043314 TSecr=3045563086 [TCP segment of a reassembled PDU]"
"73924","39.233531806","192.168.1.2","192.168.1.55","TCP","66","37062  >  8004 [ACK] Seq=141 Ack=100102 Win=90112 Len=0 TSval=3045563086 TSecr=2916043306"
"73925","39.233543214","192.168.1.2","192.168.1.55","TCP","66","37062  >  8004 [ACK] Seq=141 Ack=101550 Win=90112 Len=0 TSval=3045563086 TSecr=2916043309"
"73926","39.233547214","192.168.1.2","192.168.1.55","TCP","66","37062  >  8004 [ACK] Seq=141 Ack=102998 Win=89088 Len=0 TSval=3045563087 TSecr=2916043309"
"73927","39.233559232","192.168.1.55","192.168.1.2","TCP","1514","8004  >  37062 [ACK] Seq=186982 Ack=141 Win=65024 Len=1448 TSval=2916043314 TSecr=3045563087 [TCP segment of a reassembled PDU]"
"73928","39.233560991","192.168.1.55","192.168.1.2","TCP","1514","8004  >  37062 [ACK] Seq=188430 Ack=141 Win=65024 Len=1448 TSval=2916043314 TSecr=3045563087 [TCP segment of a reassembled PDU]"
"73929","39.233562103","192.168.1.55","192.168.1.2","TCP","1514","8004  >  37062 [PSH, ACK] Seq=189878 Ack=141 Win=65024 Len=1448 TSval=2916043314 TSecr=3045563087 [TCP segment of a reassembled PDU]"
"73930","39.237835961","192.168.1.2","192.168.1.55","TCP","66","37062  >  8004 [ACK] Seq=141 Ack=114582 Win=78848 Len=0 TSval=3045563089 TSecr=2916043312"
"73931","39.237854776","192.168.1.55","192.168.1.2","TCP","1514","8004  >  37062 [ACK] Seq=191326 Ack=141 Win=65024 Len=1448 TSval=2916043318 TSecr=3045563089 [TCP segment of a reassembled PDU]"
"73932","39.239584538","192.168.1.2","192.168.1.55","TCP","66","37062  >  8004 [ACK] Seq=141 Ack=116030 Win=92160 Len=0 TSval=3045563093 TSecr=2916043312"
"73933","39.239598168","192.168.1.55","192.168.1.2","TCP","1514","8004  >  37062 [ACK] Seq=192774 Ack=141 Win=65024 Len=1448 TSval=2916043320 TSecr=3045563093 [TCP segment of a reassembled PDU]"
"73934","39.239600483","192.168.1.55","192.168.1.2","TCP","1514","8004  >  37062 [ACK] Seq=194222 Ack=141 Win=65024 Len=1448 TSval=2916043320 TSecr=3045563093 [TCP segment of a reassembled PDU]"
"73935","39.239601742","192.168.1.55","192.168.1.2","TCP","1514","8004  >  37062 [PSH, ACK] Seq=195670 Ack=141 Win=65024 Len=1448 TSval=2916043320 TSecr=3045563093 [TCP segment of a reassembled PDU]"
"73936","39.239834742","192.168.1.2","192.168.1.55","TCP","66","37062  >  8004 [ACK] Seq=141 Ack=154726 Win=61440 Len=0 TSval=3045563093 TSecr=2916043312"
"73937","39.239844113","192.168.1.2","192.168.1.55","TCP","66","37062  >  8004 [ACK] Seq=141 Ack=186982 Win=71680 Len=0 TSval=3045563094 TSecr=2916043312"
"73938","39.239884428","192.168.1.55","192.168.1.2","TCP","1514","8004  >  37062 [ACK] Seq=197118 Ack=141 Win=65024 Len=1448 TSval=2916043320 TSecr=3045563094 [TCP segment of a reassembled PDU]"
"73939","39.239886724","192.168.1.55","192.168.1.2","TCP","1514","8004  >  37062 [ACK] Seq=198566 Ack=141 Win=65024 Len=1448 TSval=2916043320 TSecr=3045563094 [TCP segment of a reassembled PDU]"
"73940","39.239888076","192.168.1.55","192.168.1.2","TCP","1514","8004  >  37062 [ACK] Seq=200014 Ack=141 Win=65024 Len=1448 TSval=2916043320 TSecr=3045563094 [TCP segment of a reassembled PDU]"
"73941","39.239889391","192.168.1.55","192.168.1.2","TCP","1514","8004  >  37062 [ACK] Seq=201462 Ack=141 Win=65024 Len=1448 TSval=2916043320 TSecr=3045563094 [TCP segment of a reassembled PDU]"
"73942","39.239890705","192.168.1.55","192.168.1.2","TCP","1514","8004  >  37062 [ACK] Seq=202910 Ack=141 Win=65024 Len=1448 TSval=2916043320 TSecr=3045563094 [TCP segment of a reassembled PDU]"
"73943","39.239891983","192.168.1.55","192.168.1.2","TCP","1514","8004  >  37062 [ACK] Seq=204358 Ack=141 Win=65024 Len=1448 TSval=2916043320 TSecr=3045563094 [TCP segment of a reassembled PDU]"
"73944","39.239893168","192.168.1.55","192.168.1.2","TCP","1514","8004  >  37062 [ACK] Seq=205806 Ack=141 Win=65024 Len=1448 TSval=2916043320 TSecr=3045563094 [TCP segment of a reassembled PDU]"
"73945","39.239894428","192.168.1.55","192.168.1.2","TCP","1514","8004  >  37062 [ACK] Seq=207254 Ack=141 Win=65024 Len=1448 TSval=2916043320 TSecr=3045563094 [TCP segment of a reassembled PDU]"
"73946","39.239895650","192.168.1.55","192.168.1.2","TCP","1514","8004  >  37062 [ACK] Seq=208702 Ack=141 Win=65024 Len=1448 TSval=2916043320 TSecr=3045563094 [TCP segment of a reassembled PDU]"
"73947","39.239896983","192.168.1.55","192.168.1.2","TCP","1514","8004  >  37062 [ACK] Seq=210150 Ack=141 Win=65024 Len=1448 TSval=2916043320 TSecr=3045563094 [TCP segment of a reassembled PDU]"
"73948","39.239898317","192.168.1.55","192.168.1.2","TCP","1514","8004  >  37062 [ACK] Seq=211598 Ack=141 Win=65024 Len=1448 TSval=2916043320 TSecr=3045563094 [TCP segment of a reassembled PDU]"
"73949","39.239899483","192.168.1.55","192.168.1.2","TCP","1514","8004  >  37062 [ACK] Seq=213046 Ack=141 Win=65024 Len=1448 TSval=2916043320 TSecr=3045563094 [TCP segment of a reassembled PDU]"
"73950","39.239900891","192.168.1.55","192.168.1.2","TCP","1514","8004  >  37062 [ACK] Seq=214494 Ack=141 Win=65024 Len=1448 TSval=2916043320 TSecr=3045563094 [TCP segment of a reassembled PDU]"
"73951","39.239902094","192.168.1.55","192.168.1.2","TCP","1514","8004  >  37062 [ACK] Seq=215942 Ack=141 Win=65024 Len=1448 TSval=2916043320 TSecr=3045563094 [TCP segment of a reassembled PDU]"
"73952","39.239903409","192.168.1.55","192.168.1.2","TCP","1514","8004  >  37062 [ACK] Seq=217390 Ack=141 Win=65024 Len=1448 TSval=2916043320 TSecr=3045563094 [TCP segment of a reassembled PDU]"
"73953","39.239904668","192.168.1.55","192.168.1.2","TCP","1514","8004  >  37062 [ACK] Seq=218838 Ack=141 Win=65024 Len=1448 TSval=2916043320 TSecr=3045563094 [TCP segment of a reassembled PDU]"
"73954","39.239906150","192.168.1.55","192.168.1.2","TCP","1514","8004  >  37062 [ACK] Seq=220286 Ack=141 Win=65024 Len=1448 TSval=2916043320 TSecr=3045563094 [TCP segment of a reassembled PDU]"
"73955","39.239907446","192.168.1.55","192.168.1.2","TCP","1514","8004  >  37062 [ACK] Seq=221734 Ack=141 Win=65024 Len=1448 TSval=2916043320 TSecr=3045563094 [TCP segment of a reassembled PDU]"
"73956","39.239908705","192.168.1.55","192.168.1.2","TCP","1514","8004  >  37062 [ACK] Seq=223182 Ack=141 Win=65024 Len=1448 TSval=2916043320 TSecr=3045563094 [TCP segment of a reassembled PDU]"
"73957","39.239910039","192.168.1.55","192.168.1.2","TCP","1514","8004  >  37062 [ACK] Seq=224630 Ack=141 Win=65024 Len=1448 TSval=2916043320 TSecr=3045563094 [TCP segment of a reassembled PDU]"
"73958","39.239911446","192.168.1.55","192.168.1.2","TCP","1514","8004  >  37062 [ACK] Seq=226078 Ack=141 Win=65024 Len=1448 TSval=2916043320 TSecr=3045563094 [TCP segment of a reassembled PDU]"
"73959","39.239912742","192.168.1.55","192.168.1.2","TCP","1514","8004  >  37062 [ACK] Seq=227526 Ack=141 Win=65024 Len=1448 TSval=2916043320 TSecr=3045563094 [TCP segment of a reassembled PDU]"
"73960","39.239914261","192.168.1.55","192.168.1.2","TCP","1514","8004  >  37062 [ACK] Seq=228974 Ack=141 Win=65024 Len=1448 TSval=2916043320 TSecr=3045563094 [TCP segment of a reassembled PDU]"
"73961","39.239915446","192.168.1.55","192.168.1.2","TCP","1514","8004  >  37062 [ACK] Seq=230422 Ack=141 Win=65024 Len=1448 TSval=2916043320 TSecr=3045563094 [TCP segment of a reassembled PDU]"
"73962","39.239916780","192.168.1.55","192.168.1.2","TCP","1514","8004  >  37062 [ACK] Seq=231870 Ack=141 Win=65024 Len=1448 TSval=2916043320 TSecr=3045563094 [TCP segment of a reassembled PDU]"
"73963","39.239917946","192.168.1.55","192.168.1.2","TCP","1514","8004  >  37062 [ACK] Seq=233318 Ack=141 Win=65024 Len=1448 TSval=2916043320 TSecr=3045563094 [TCP segment of a reassembled PDU]"
"73964","39.239919187","192.168.1.55","192.168.1.2","TCP","1514","8004  >  37062 [ACK] Seq=234766 Ack=141 Win=65024 Len=1448 TSval=2916043320 TSecr=3045563094 [TCP segment of a reassembled PDU]"
"73965","39.239920428","192.168.1.55","192.168.1.2","TCP","1514","8004  >  37062 [ACK] Seq=236214 Ack=141 Win=65024 Len=1448 TSval=2916043320 TSecr=3045563094 [TCP segment of a reassembled PDU]"
"73966","39.239921576","192.168.1.55","192.168.1.2","TCP","1514","8004  >  37062 [PSH, ACK] Seq=237662 Ack=141 Win=65024 Len=1448 TSval=2916043320 TSecr=3045563094 [TCP segment of a reassembled PDU]"
"73967","39.239926631","192.168.1.2","192.168.1.55","TCP","66","37062  >  8004 [ACK] Seq=141 Ack=191326 Win=67584 Len=0 TSval=3045563094 TSecr=2916043314"
"73968","39.239951817","192.168.1.55","192.168.1.2","TCP","1514","8004  >  37062 [ACK] Seq=239110 Ack=141 Win=65024 Len=1448 TSval=2916043320 TSecr=3045563094 [TCP segment of a reassembled PDU]"
"73969","39.239953983","192.168.1.55","192.168.1.2","TCP","1514","8004  >  37062 [ACK] Seq=240558 Ack=141 Win=65024 Len=1448 TSval=2916043320 TSecr=3045563094 [TCP segment of a reassembled PDU]"
"73970","39.239955187","192.168.1.55","192.168.1.2","TCP","1514","8004  >  37062 [ACK] Seq=242006 Ack=141 Win=65024 Len=1448 TSval=2916043320 TSecr=3045563094 [TCP segment of a reassembled PDU]"
"73971","39.239956631","192.168.1.55","192.168.1.2","TCP","1514","8004  >  37062 [ACK] Seq=243454 Ack=141 Win=65024 Len=1448 TSval=2916043320 TSecr=3045563094 [TCP segment of a reassembled PDU]"
"73972","39.239958020","192.168.1.55","192.168.1.2","TCP","1514","8004  >  37062 [ACK] Seq=244902 Ack=141 Win=65024 Len=1448 TSval=2916043320 TSecr=3045563094 [TCP segment of a reassembled PDU]"
"73973","39.239959168","192.168.1.55","192.168.1.2","TCP","1514","8004  >  37062 [ACK] Seq=246350 Ack=141 Win=65024 Len=1448 TSval=2916043320 TSecr=3045563094 [TCP segment of a reassembled PDU]"
"73974","39.239960391","192.168.1.55","192.168.1.2","TCP","1514","8004  >  37062 [ACK] Seq=247798 Ack=141 Win=65024 Len=1448 TSval=2916043320 TSecr=3045563094 [TCP segment of a reassembled PDU]"
"73975","39.239961520","192.168.1.55","192.168.1.2","TCP","1514","8004  >  37062 [ACK] Seq=249246 Ack=141 Win=65024 Len=1448 TSval=2916043320 TSecr=3045563094 [TCP segment of a reassembled PDU]"
"73976","39.239962780","192.168.1.55","192.168.1.2","TCP","1514","8004  >  37062 [ACK] Seq=250694 Ack=141 Win=65024 Len=1448 TSval=2916043320 TSecr=3045563094 [TCP segment of a reassembled PDU]"
"73977","39.239963909","192.168.1.55","192.168.1.2","TCP","1514","8004  >  37062 [ACK] Seq=252142 Ack=141 Win=65024 Len=1448 TSval=2916043320 TSecr=3045563094 [TCP segment of a reassembled PDU]"
"73978","39.239965187","192.168.1.55","192.168.1.2","TCP","1514","8004  >  37062 [ACK] Seq=253590 Ack=141 Win=65024 Len=1448 TSval=2916043320 TSecr=3045563094 [TCP segment of a reassembled PDU]"
"73979","39.239966502","192.168.1.55","192.168.1.2","TCP","1514","8004  >  37062 [ACK] Seq=255038 Ack=141 Win=65024 Len=1448 TSval=2916043320 TSecr=3045563094 [TCP segment of a reassembled PDU]"
"73980","39.239967724","192.168.1.55","192.168.1.2","TCP","1514","8004  >  37062 [ACK] Seq=256486 Ack=141 Win=65024 Len=1448 TSval=2916043320 TSecr=3045563094 [TCP segment of a reassembled PDU]"
"73981","39.239969020","192.168.1.55","192.168.1.2","TCP","1042","[TCP Window Full] 8004  >  37062 [PSH, ACK] Seq=257934 Ack=141 Win=65024 Len=976 TSval=2916043320 TSecr=3045563094 [TCP segment of a reassembled PDU]"
"73982","39.243668119","192.168.1.2","192.168.1.55","TCP","66","37062  >  8004 [ACK] Seq=141 Ack=192774 Win=95232 Len=0 TSval=3045563095 TSecr=2916043318"
"73983","39.243698712","192.168.1.55","192.168.1.2","TCP","1514","8004  >  37062 [ACK] Seq=258910 Ack=141 Win=65024 Len=1448 TSval=2916043324 TSecr=3045563095 [TCP segment of a reassembled PDU]"
"73984","39.243701656","192.168.1.55","192.168.1.2","TCP","1514","8004  >  37062 [ACK] Seq=260358 Ack=141 Win=65024 Len=1448 TSval=2916043324 TSecr=3045563095 [TCP segment of a reassembled PDU]"
"73985","39.243702934","192.168.1.55","192.168.1.2","TCP","1514","8004  >  37062 [ACK] Seq=261806 Ack=141 Win=65024 Len=1448 TSval=2916043324 TSecr=3045563095 [TCP segment of a reassembled PDU]"
"73986","39.243704360","192.168.1.55","192.168.1.2","TCP","1514","8004  >  37062 [ACK] Seq=263254 Ack=141 Win=65024 Len=1448 TSval=2916043324 TSecr=3045563095 [TCP segment of a reassembled PDU]"
"73987","39.243705675","192.168.1.55","192.168.1.2","TCP","1514","8004  >  37062 [ACK] Seq=264702 Ack=141 Win=65024 Len=1448 TSval=2916043324 TSecr=3045563095 [TCP segment of a reassembled PDU]"
"73988","39.243707045","192.168.1.55","192.168.1.2","TCP","1514","8004  >  37062 [ACK] Seq=266150 Ack=141 Win=65024 Len=1448 TSval=2916043324 TSecr=3045563095 [TCP segment of a reassembled PDU]"
"73989","39.243708230","192.168.1.55","192.168.1.2","TCP","1514","8004  >  37062 [ACK] Seq=267598 Ack=141 Win=65024 Len=1448 TSval=2916043324 TSecr=3045563095 [TCP segment of a reassembled PDU]"
"73990","39.243709489","192.168.1.55","192.168.1.2","TCP","1514","8004  >  37062 [ACK] Seq=269046 Ack=141 Win=65024 Len=1448 TSval=2916043324 TSecr=3045563095 [TCP segment of a reassembled PDU]"
"73991","39.243710656","192.168.1.55","192.168.1.2","TCP","1514","8004  >  37062 [ACK] Seq=270494 Ack=141 Win=65024 Len=1448 TSval=2916043324 TSecr=3045563095 [TCP segment of a reassembled PDU]"
"73992","39.243711823","192.168.1.55","192.168.1.2","TCP","1514","8004  >  37062 [ACK] Seq=271942 Ack=141 Win=65024 Len=1448 TSval=2916043324 TSecr=3045563095 [TCP segment of a reassembled PDU]"
"73993","39.243713175","192.168.1.55","192.168.1.2","TCP","1514","8004  >  37062 [ACK] Seq=273390 Ack=141 Win=65024 Len=1448 TSval=2916043324 TSecr=3045563095 [TCP segment of a reassembled PDU]"
"73994","39.243714638","192.168.1.55","192.168.1.2","TCP","1514","8004  >  37062 [ACK] Seq=274838 Ack=141 Win=65024 Len=1448 TSval=2916043324 TSecr=3045563095 [TCP segment of a reassembled PDU]"
"73995","39.243716008","192.168.1.55","192.168.1.2","TCP","1514","8004  >  37062 [ACK] Seq=276286 Ack=141 Win=65024 Len=1448 TSval=2916043324 TSecr=3045563095 [TCP segment of a reassembled PDU]"
"73996","39.243717175","192.168.1.55","192.168.1.2","TCP","1514","8004  >  37062 [ACK] Seq=277734 Ack=141 Win=65024 Len=1448 TSval=2916043324 TSecr=3045563095 [TCP segment of a reassembled PDU]"
"73997","39.243718786","192.168.1.55","192.168.1.2","TCP","1514","8004  >  37062 [PSH, ACK] Seq=279182 Ack=141 Win=65024 Len=1448 TSval=2916043324 TSecr=3045563095 [TCP segment of a reassembled PDU]"
"73998","39.243724712","192.168.1.55","192.168.1.2","TCP","538","8004  >  37062 [ACK] Seq=280630 Ack=141 Win=65024 Len=472 TSval=2916043324 TSecr=3045563095 [TCP segment of a reassembled PDU]"
"73999","39.246055752","192.168.1.2","192.168.1.55","TCP","66","37062  >  8004 [ACK] Seq=141 Ack=194222 Win=98304 Len=0 TSval=3045563097 TSecr=2916043320"
"74000","39.246071567","192.168.1.55","192.168.1.2","TCP","1514","8004  >  37062 [ACK] Seq=281102 Ack=141 Win=65024 Len=1448 TSval=2916043326 TSecr=3045563097 [TCP segment of a reassembled PDU]"
"74001","39.246073308","192.168.1.55","192.168.1.2","TCP","1514","8004  >  37062 [ACK] Seq=282550 Ack=141 Win=65024 Len=1448 TSval=2916043326 TSecr=3045563097 [TCP segment of a reassembled PDU]"
"74002","39.246074364","192.168.1.55","192.168.1.2","TCP","1514","8004  >  37062 [ACK] Seq=283998 Ack=141 Win=65024 Len=1448 TSval=2916043326 TSecr=3045563097 [TCP segment of a reassembled PDU]"
"74003","39.246075382","192.168.1.55","192.168.1.2","TCP","1514","8004  >  37062 [ACK] Seq=285446 Ack=141 Win=65024 Len=1448 TSval=2916043326 TSecr=3045563097 [TCP segment of a reassembled PDU]"
"74004","39.246076401","192.168.1.55","192.168.1.2","TCP","1514","8004  >  37062 [ACK] Seq=286894 Ack=141 Win=65024 Len=1448 TSval=2916043326 TSecr=3045563097 [TCP segment of a reassembled PDU]"
"74005","39.246077382","192.168.1.55","192.168.1.2","TCP","1514","8004  >  37062 [ACK] Seq=288342 Ack=141 Win=65024 Len=1448 TSval=2916043326 TSecr=3045563097 [TCP segment of a reassembled PDU]"
"74006","39.246078364","192.168.1.55","192.168.1.2","TCP","1514","8004  >  37062 [PSH, ACK] Seq=289790 Ack=141 Win=65024 Len=1448 TSval=2916043326 TSecr=3045563097 [TCP segment of a reassembled PDU]"
"74007","39.249407758","192.168.1.2","192.168.1.55","TCP","66","37062  >  8004 [ACK] Seq=141 Ack=197118 Win=98304 Len=0 TSval=3045563102 TSecr=2916043320"
"74008","39.249452647","192.168.1.55","192.168.1.2","TCP","1514","8004  >  37062 [ACK] Seq=291238 Ack=141 Win=65024 Len=1448 TSval=2916043330 TSecr=3045563102 [TCP segment of a reassembled PDU]"
"74009","39.249457110","192.168.1.55","192.168.1.2","TCP","1514","8004  >  37062 [PSH, ACK] Seq=292686 Ack=141 Win=65024 Len=1448 TSval=2916043330 TSecr=3045563102 [TCP segment of a reassembled PDU]"
"74010","39.249537906","192.168.1.2","192.168.1.55","TCP","66","37062  >  8004 [ACK] Seq=141 Ack=239110 Win=98304 Len=0 TSval=3045563102 TSecr=2916043320"
"74011","39.249603129","192.168.1.55","192.168.1.2","TCP","1514","8004  >  37062 [ACK] Seq=294134 Ack=141 Win=65024 Len=1448 TSval=2916043330 TSecr=3045563102 [TCP segment of a reassembled PDU]"
"74012","39.249610147","192.168.1.55","192.168.1.2","TCP","1514","8004  >  37062 [ACK] Seq=295582 Ack=141 Win=65024 Len=1448 TSval=2916043330 TSecr=3045563102 [TCP segment of a reassembled PDU]"
"74013","39.249611592","192.168.1.55","192.168.1.2","TCP","1514","8004  >  37062 [ACK] Seq=297030 Ack=141 Win=65024 Len=1448 TSval=2916043330 TSecr=3045563102 [TCP segment of a reassembled PDU]"
"74014","39.249613869","192.168.1.55","192.168.1.2","TCP","1514","8004  >  37062 [ACK] Seq=298478 Ack=141 Win=65024 Len=1448 TSval=2916043330 TSecr=3045563102 [TCP segment of a reassembled PDU]"
"74015","39.249615369","192.168.1.55","192.168.1.2","TCP","1514","8004  >  37062 [ACK] Seq=299926 Ack=141 Win=65024 Len=1448 TSval=2916043330 TSecr=3045563102 [TCP segment of a reassembled PDU]"
"74016","39.249617388","192.168.1.55","192.168.1.2","TCP","1514","8004  >  37062 [ACK] Seq=301374 Ack=141 Win=65024 Len=1448 TSval=2916043330 TSecr=3045563102 [TCP segment of a reassembled PDU]"
"74017","39.249621351","192.168.1.55","192.168.1.2","TCP","1514","8004  >  37062 [ACK] Seq=302822 Ack=141 Win=65024 Len=1448 TSval=2916043330 TSecr=3045563102 [TCP segment of a reassembled PDU]"
"74018","39.249622795","192.168.1.55","192.168.1.2","TCP","1514","8004  >  37062 [ACK] Seq=304270 Ack=141 Win=65024 Len=1448 TSval=2916043330 TSecr=3045563102 [TCP segment of a reassembled PDU]"
"74019","39.249625073","192.168.1.55","192.168.1.2","TCP","1514","8004  >  37062 [ACK] Seq=305718 Ack=141 Win=65024 Len=1448 TSval=2916043330 TSecr=3045563102 [TCP segment of a reassembled PDU]"
"74020","39.249626962","192.168.1.55","192.168.1.2","TCP","1514","8004  >  37062 [ACK] Seq=307166 Ack=141 Win=65024 Len=1448 TSval=2916043330 TSecr=3045563102 [TCP segment of a reassembled PDU]"
"74021","39.249628462","192.168.1.55","192.168.1.2","TCP","1514","8004  >  37062 [ACK] Seq=308614 Ack=141 Win=65024 Len=1448 TSval=2916043330 TSecr=3045563102 [TCP segment of a reassembled PDU]"
"74022","39.249630573","192.168.1.55","192.168.1.2","TCP","1514","8004  >  37062 [ACK] Seq=310062 Ack=141 Win=65024 Len=1448 TSval=2916043330 TSecr=3045563102 [TCP segment of a reassembled PDU]"
"74023","39.249631925","192.168.1.55","192.168.1.2","TCP","1514","8004  >  37062 [ACK] Seq=311510 Ack=141 Win=65024 Len=1448 TSval=2916043330 TSecr=3045563102 [TCP segment of a reassembled PDU]"
"74024","39.249634314","192.168.1.55","192.168.1.2","TCP","1514","8004  >  37062 [ACK] Seq=312958 Ack=141 Win=65024 Len=1448 TSval=2916043330 TSecr=3045563102 [TCP segment of a reassembled PDU]"
"74025","39.249636110","192.168.1.55","192.168.1.2","TCP","1514","8004  >  37062 [ACK] Seq=314406 Ack=141 Win=65024 Len=1448 TSval=2916043330 TSecr=3045563102 [TCP segment of a reassembled PDU]"
"74026","39.249638647","192.168.1.55","192.168.1.2","TCP","1514","8004  >  37062 [ACK] Seq=315854 Ack=141 Win=65024 Len=1448 TSval=2916043330 TSecr=3045563102 [TCP segment of a reassembled PDU]"
"74027","39.249641610","192.168.1.55","192.168.1.2","TCP","1514","8004  >  37062 [ACK] Seq=317302 Ack=141 Win=65024 Len=1448 TSval=2916043330 TSecr=3045563102 [TCP segment of a reassembled PDU]"
"74028","39.249643332","192.168.1.55","192.168.1.2","TCP","1514","8004  >  37062 [ACK] Seq=318750 Ack=141 Win=65024 Len=1448 TSval=2916043330 TSecr=3045563102 [TCP segment of a reassembled PDU]"
"74029","39.249645499","192.168.1.55","192.168.1.2","TCP","1514","8004  >  37062 [ACK] Seq=320198 Ack=141 Win=65024 Len=1448 TSval=2916043330 TSecr=3045563102 [TCP segment of a reassembled PDU]"
"74030","39.249647906","192.168.1.55","192.168.1.2","TCP","1514","8004  >  37062 [PSH, ACK] Seq=321646 Ack=141 Win=65024 Len=1448 TSval=2916043330 TSecr=3045563102 [TCP segment of a reassembled PDU]"
"74031","39.249660795","192.168.1.2","192.168.1.55","TCP","66","37062  >  8004 [ACK] Seq=141 Ack=258910 Win=102400 Len=0 TSval=3045563102 TSecr=2916043320"
"74032","39.249801333","192.168.1.55","192.168.1.2","TCP","1514","8004  >  37062 [ACK] Seq=323094 Ack=141 Win=65024 Len=1448 TSval=2916043330 TSecr=3045563102 [TCP segment of a reassembled PDU]"
"74033","39.249814240","192.168.1.55","192.168.1.2","TCP","1514","8004  >  37062 [ACK] Seq=324542 Ack=141 Win=65024 Len=1448 TSval=2916043330 TSecr=3045563102 [TCP segment of a reassembled PDU]"
"74034","39.249816536","192.168.1.55","192.168.1.2","TCP","1514","8004  >  37062 [ACK] Seq=325990 Ack=141 Win=65024 Len=1448 TSval=2916043330 TSecr=3045563102 [TCP segment of a reassembled PDU]"
"74035","39.249818351","192.168.1.55","192.168.1.2","TCP","1514","8004  >  37062 [ACK] Seq=327438 Ack=141 Win=65024 Len=1448 TSval=2916043330 TSecr=3045563102 [TCP segment of a reassembled PDU]"
"74036","39.249821277","192.168.1.55","192.168.1.2","TCP","1514","8004  >  37062 [ACK] Seq=328886 Ack=141 Win=65024 Len=1448 TSval=2916043330 TSecr=3045563102 [TCP segment of a reassembled PDU]"
"74037","39.249823888","192.168.1.55","192.168.1.2","TCP","1514","8004  >  37062 [ACK] Seq=330334 Ack=141 Win=65024 Len=1448 TSval=2916043330 TSecr=3045563102 [TCP segment of a reassembled PDU]"
"74038","39.249825870","192.168.1.55","192.168.1.2","TCP","1514","8004  >  37062 [ACK] Seq=331782 Ack=141 Win=65024 Len=1448 TSval=2916043330 TSecr=3045563102 [TCP segment of a reassembled PDU]"
"74039","39.249827851","192.168.1.55","192.168.1.2","TCP","1514","8004  >  37062 [ACK] Seq=333230 Ack=141 Win=65024 Len=1448 TSval=2916043330 TSecr=3045563102 [TCP segment of a reassembled PDU]"
"74040","39.249829240","192.168.1.55","192.168.1.2","TCP","1514","8004  >  37062 [ACK] Seq=334678 Ack=141 Win=65024 Len=1448 TSval=2916043330 TSecr=3045563102 [TCP segment of a reassembled PDU]"
"74041","39.249831573","192.168.1.55","192.168.1.2","TCP","1514","8004  >  37062 [ACK] Seq=336126 Ack=141 Win=65024 Len=1448 TSval=2916043330 TSecr=3045563102 [TCP segment of a reassembled PDU]"
"74042","39.249833222","192.168.1.55","192.168.1.2","TCP","1514","8004  >  37062 [ACK] Seq=337574 Ack=141 Win=65024 Len=1448 TSval=2916043330 TSecr=3045563102 [TCP segment of a reassembled PDU]"
"74043","39.249835499","192.168.1.55","192.168.1.2","TCP","1514","8004  >  37062 [ACK] Seq=339022 Ack=141 Win=65024 Len=1448 TSval=2916043330 TSecr=3045563102 [TCP segment of a reassembled PDU]"
"74044","39.249837759","192.168.1.55","192.168.1.2","TCP","1514","8004  >  37062 [ACK] Seq=340470 Ack=141 Win=65024 Len=1448 TSval=2916043330 TSecr=3045563102 [TCP segment of a reassembled PDU]"
"74045","39.249840351","192.168.1.55","192.168.1.2","TCP","1514","8004  >  37062 [ACK] Seq=341918 Ack=141 Win=65024 Len=1448 TSval=2916043330 TSecr=3045563102 [TCP segment of a reassembled PDU]"
"74046","39.249843314","192.168.1.55","192.168.1.2","TCP","1514","8004  >  37062 [ACK] Seq=343366 Ack=141 Win=65024 Len=1448 TSval=2916043330 TSecr=3045563102 [TCP segment of a reassembled PDU]"
"74047","39.249846185","192.168.1.55","192.168.1.2","TCP","1514","8004  >  37062 [ACK] Seq=344814 Ack=141 Win=65024 Len=1448 TSval=2916043330 TSecr=3045563102 [TCP segment of a reassembled PDU]"
"74048","39.249849740","192.168.1.55","192.168.1.2","TCP","1514","8004  >  37062 [ACK] Seq=346262 Ack=141 Win=65024 Len=1448 TSval=2916043330 TSecr=3045563102 [TCP segment of a reassembled PDU]"
"74049","39.249852333","192.168.1.55","192.168.1.2","TCP","1514","8004  >  37062 [ACK] Seq=347710 Ack=141 Win=65024 Len=1448 TSval=2916043330 TSecr=3045563102 [TCP segment of a reassembled PDU]"
"74050","39.249854407","192.168.1.55","192.168.1.2","TCP","1514","8004  >  37062 [ACK] Seq=349158 Ack=141 Win=65024 Len=1448 TSval=2916043330 TSecr=3045563102 [TCP segment of a reassembled PDU]"
"74051","39.249856481","192.168.1.55","192.168.1.2","TCP","1514","8004  >  37062 [ACK] Seq=350606 Ack=141 Win=65024 Len=1448 TSval=2916043330 TSecr=3045563102 [TCP segment of a reassembled PDU]"
"74052","39.249858185","192.168.1.55","192.168.1.2","TCP","1514","8004  >  37062 [ACK] Seq=352054 Ack=141 Win=65024 Len=1448 TSval=2916043330 TSecr=3045563102 [TCP segment of a reassembled PDU]"
"74053","39.249860203","192.168.1.55","192.168.1.2","TCP","1514","8004  >  37062 [ACK] Seq=353502 Ack=141 Win=65024 Len=1448 TSval=2916043330 TSecr=3045563102 [TCP segment of a reassembled PDU]"
"74054","39.249861851","192.168.1.55","192.168.1.2","TCP","1514","8004  >  37062 [ACK] Seq=354950 Ack=141 Win=65024 Len=1448 TSval=2916043330 TSecr=3045563102 [TCP segment of a reassembled PDU]"
"74055","39.249864055","192.168.1.55","192.168.1.2","TCP","1514","8004  >  37062 [ACK] Seq=356398 Ack=141 Win=65024 Len=1448 TSval=2916043330 TSecr=3045563102 [TCP segment of a reassembled PDU]"
"74056","39.249867444","192.168.1.55","192.168.1.2","TCP","1514","8004  >  37062 [ACK] Seq=357846 Ack=141 Win=65024 Len=1448 TSval=2916043330 TSecr=3045563102 [TCP segment of a reassembled PDU]"
"74057","39.249874425","192.168.1.55","192.168.1.2","TCP","1514","8004  >  37062 [PSH, ACK] Seq=359294 Ack=141 Win=65024 Len=1448 TSval=2916043330 TSecr=3045563102 [TCP segment of a reassembled PDU]"
"74058","39.251213761","192.168.1.2","192.168.1.55","TCP","66","37062  >  8004 [ACK] Seq=141 Ack=280630 Win=140288 Len=0 TSval=3045563105 TSecr=2916043324"
"74059","39.251253446","192.168.1.55","192.168.1.2","TCP","1514","8004  >  37062 [ACK] Seq=360742 Ack=141 Win=65024 Len=1448 TSval=2916043331 TSecr=3045563105 [TCP segment of a reassembled PDU]"
"74060","39.251257483","192.168.1.55","192.168.1.2","TCP","1514","8004  >  37062 [ACK] Seq=362190 Ack=141 Win=65024 Len=1448 TSval=2916043331 TSecr=3045563105 [TCP segment of a reassembled PDU]"
"74061","39.251258650","192.168.1.55","192.168.1.2","TCP","1514","8004  >  37062 [ACK] Seq=363638 Ack=141 Win=65024 Len=1448 TSval=2916043331 TSecr=3045563105 [TCP segment of a reassembled PDU]"
"74062","39.251260131","192.168.1.55","192.168.1.2","TCP","1514","8004  >  37062 [ACK] Seq=365086 Ack=141 Win=65024 Len=1448 TSval=2916043331 TSecr=3045563105 [TCP segment of a reassembled PDU]"
"74063","39.251261317","192.168.1.55","192.168.1.2","TCP","1514","8004  >  37062 [PSH, ACK] Seq=366534 Ack=141 Win=65024 Len=1448 TSval=2916043331 TSecr=3045563105 [TCP segment of a reassembled PDU]"
"74064","39.251334928","192.168.1.55","192.168.1.2","TCP","1514","8004  >  37062 [ACK] Seq=367982 Ack=141 Win=65024 Len=1448 TSval=2916043331 TSecr=3045563105 [TCP segment of a reassembled PDU]"
"74065","39.251337168","192.168.1.55","192.168.1.2","TCP","1514","8004  >  37062 [ACK] Seq=369430 Ack=141 Win=65024 Len=1448 TSval=2916043331 TSecr=3045563105 [TCP segment of a reassembled PDU]"
"74066","39.251338780","192.168.1.55","192.168.1.2","TCP","1514","8004  >  37062 [ACK] Seq=370878 Ack=141 Win=65024 Len=1448 TSval=2916043331 TSecr=3045563105 [TCP segment of a reassembled PDU]"
"74067","39.251340391","192.168.1.55","192.168.1.2","TCP","1514","8004  >  37062 [ACK] Seq=372326 Ack=141 Win=65024 Len=1448 TSval=2916043331 TSecr=3045563105 [TCP segment of a reassembled PDU]"
"74068","39.251342131","192.168.1.55","192.168.1.2","TCP","1514","8004  >  37062 [ACK] Seq=373774 Ack=141 Win=65024 Len=1448 TSval=2916043331 TSecr=3045563105 [TCP segment of a reassembled PDU]"
"74069","39.251343131","192.168.1.55","192.168.1.2","TCP","1514","8004  >  37062 [ACK] Seq=375222 Ack=141 Win=65024 Len=1448 TSval=2916043331 TSecr=3045563105 [TCP segment of a reassembled PDU]"
"74070","39.251344483","192.168.1.55","192.168.1.2","TCP","1514","8004  >  37062 [ACK] Seq=376670 Ack=141 Win=65024 Len=1448 TSval=2916043331 TSecr=3045563105 [TCP segment of a reassembled PDU]"
"74071","39.251345391","192.168.1.55","192.168.1.2","TCP","1514","8004  >  37062 [ACK] Seq=378118 Ack=141 Win=65024 Len=1448 TSval=2916043331 TSecr=3045563105 [TCP segment of a reassembled PDU]"
"74072","39.251346650","192.168.1.55","192.168.1.2","TCP","1514","8004  >  37062 [ACK] Seq=379566 Ack=141 Win=65024 Len=1448 TSval=2916043331 TSecr=3045563105 [TCP segment of a reassembled PDU]"
"74073","39.251347669","192.168.1.55","192.168.1.2","TCP","1514","8004  >  37062 [ACK] Seq=381014 Ack=141 Win=65024 Len=1448 TSval=2916043331 TSecr=3045563105 [TCP segment of a reassembled PDU]"
"74074","39.251349761","192.168.1.55","192.168.1.2","TCP","1514","8004  >  37062 [ACK] Seq=382462 Ack=141 Win=65024 Len=1448 TSval=2916043331 TSecr=3045563105 [TCP segment of a reassembled PDU]"
"74075","39.251352206","192.168.1.55","192.168.1.2","TCP","1514","8004  >  37062 [ACK] Seq=383910 Ack=141 Win=65024 Len=1448 TSval=2916043331 TSecr=3045563105 [TCP segment of a reassembled PDU]"
"74076","39.251353224","192.168.1.55","192.168.1.2","TCP","1514","8004  >  37062 [ACK] Seq=385358 Ack=141 Win=65024 Len=1448 TSval=2916043331 TSecr=3045563105 [TCP segment of a reassembled PDU]"
"74077","39.251371539","192.168.1.55","192.168.1.2","TCP","1514","8004  >  37062 [ACK] Seq=386806 Ack=141 Win=65024 Len=1448 TSval=2916043331 TSecr=3045563105 [TCP segment of a reassembled PDU]"
"74078","39.251375224","192.168.1.55","192.168.1.2","TCP","1514","8004  >  37062 [ACK] Seq=388254 Ack=141 Win=65024 Len=1448 TSval=2916043331 TSecr=3045563105 [TCP segment of a reassembled PDU]"
"74079","39.251377854","192.168.1.55","192.168.1.2","TCP","1514","8004  >  37062 [ACK] Seq=389702 Ack=141 Win=65024 Len=1448 TSval=2916043331 TSecr=3045563105 [TCP segment of a reassembled PDU]"
"74080","39.251379613","192.168.1.55","192.168.1.2","TCP","1514","8004  >  37062 [ACK] Seq=391150 Ack=141 Win=65024 Len=1448 TSval=2916043331 TSecr=3045563105 [TCP segment of a reassembled PDU]"
"74081","39.251381446","192.168.1.55","192.168.1.2","TCP","1514","8004  >  37062 [ACK] Seq=392598 Ack=141 Win=65024 Len=1448 TSval=2916043331 TSecr=3045563105 [TCP segment of a reassembled PDU]"
"74082","39.251383483","192.168.1.55","192.168.1.2","TCP","1514","8004  >  37062 [ACK] Seq=394046 Ack=141 Win=65024 Len=1448 TSval=2916043331 TSecr=3045563105 [TCP segment of a reassembled PDU]"
"74083","39.251384539","192.168.1.55","192.168.1.2","TCP","1514","8004  >  37062 [ACK] Seq=395494 Ack=141 Win=65024 Len=1448 TSval=2916043331 TSecr=3045563105 [TCP segment of a reassembled PDU]"
"74084","39.251386335","192.168.1.55","192.168.1.2","TCP","1514","8004  >  37062 [ACK] Seq=396942 Ack=141 Win=65024 Len=1448 TSval=2916043331 TSecr=3045563105 [TCP segment of a reassembled PDU]"
"74085","39.251388465","192.168.1.55","192.168.1.2","TCP","1514","8004  >  37062 [ACK] Seq=398390 Ack=141 Win=65024 Len=1448 TSval=2916043331 TSecr=3045563105 [TCP segment of a reassembled PDU]"
"74086","39.251389854","192.168.1.55","192.168.1.2","TCP","1514","8004  >  37062 [ACK] Seq=399838 Ack=141 Win=65024 Len=1448 TSval=2916043331 TSecr=3045563105 [TCP segment of a reassembled PDU]"
"74087","39.251391520","192.168.1.55","192.168.1.2","TCP","1514","8004  >  37062 [ACK] Seq=401286 Ack=141 Win=65024 Len=1448 TSval=2916043331 TSecr=3045563105 [TCP segment of a reassembled PDU]"
"74088","39.251392891","192.168.1.55","192.168.1.2","TCP","1514","8004  >  37062 [ACK] Seq=402734 Ack=141 Win=65024 Len=1448 TSval=2916043331 TSecr=3045563105 [TCP segment of a reassembled PDU]"
"74089","39.251394520","192.168.1.55","192.168.1.2","TCP","1514","8004  >  37062 [ACK] Seq=404182 Ack=141 Win=65024 Len=1448 TSval=2916043331 TSecr=3045563105 [TCP segment of a reassembled PDU]"
"74090","39.251396206","192.168.1.55","192.168.1.2","TCP","1514","8004  >  37062 [ACK] Seq=405630 Ack=141 Win=65024 Len=1448 TSval=2916043331 TSecr=3045563105 [TCP segment of a reassembled PDU]"
"74091","39.251398632","192.168.1.55","192.168.1.2","TCP","1514","8004  >  37062 [ACK] Seq=407078 Ack=141 Win=65024 Len=1448 TSval=2916043331 TSecr=3045563105 [TCP segment of a reassembled PDU]"
"74092","39.251403483","192.168.1.55","192.168.1.2","TCP","1514","8004  >  37062 [ACK] Seq=408526 Ack=141 Win=65024 Len=1448 TSval=2916043331 TSecr=3045563105 [TCP segment of a reassembled PDU]"
"74093","39.251405113","192.168.1.55","192.168.1.2","TCP","1514","8004  >  37062 [ACK] Seq=409974 Ack=141 Win=65024 Len=1448 TSval=2916043331 TSecr=3045563105 [TCP segment of a reassembled PDU]"
"74094","39.251406650","192.168.1.55","192.168.1.2","TCP","1514","8004  >  37062 [PSH, ACK] Seq=411422 Ack=141 Win=65024 Len=1448 TSval=2916043331 TSecr=3045563105 [TCP segment of a reassembled PDU]"
"74095","39.251467372","192.168.1.2","192.168.1.55","TCP","66","37062  >  8004 [ACK] Seq=141 Ack=291238 Win=130048 Len=0 TSval=3045563105 TSecr=2916043324"
"74096","39.251513372","192.168.1.55","192.168.1.2","TCP","1514","8004  >  37062 [ACK] Seq=412870 Ack=141 Win=65024 Len=1448 TSval=2916043332 TSecr=3045563105 [TCP segment of a reassembled PDU]"
"74097","39.251517410","192.168.1.55","192.168.1.2","TCP","1514","8004  >  37062 [ACK] Seq=414318 Ack=141 Win=65024 Len=1448 TSval=2916043332 TSecr=3045563105 [TCP segment of a reassembled PDU]"
"74098","39.251518743","192.168.1.55","192.168.1.2","TCP","1514","8004  >  37062 [ACK] Seq=415766 Ack=141 Win=65024 Len=1448 TSval=2916043332 TSecr=3045563105 [TCP segment of a reassembled PDU]"
"74099","39.251519910","192.168.1.55","192.168.1.2","TCP","1514","8004  >  37062 [ACK] Seq=417214 Ack=141 Win=65024 Len=1448 TSval=2916043332 TSecr=3045563105 [TCP segment of a reassembled PDU]"
"74100","39.251521650","192.168.1.55","192.168.1.2","TCP","1514","8004  >  37062 [ACK] Seq=418662 Ack=141 Win=65024 Len=1448 TSval=2916043332 TSecr=3045563105 [TCP segment of a reassembled PDU]"
"74101","39.251523298","192.168.1.55","192.168.1.2","TCP","1242","[TCP Window Full] 8004  >  37062 [PSH, ACK] Seq=420110 Ack=141 Win=65024 Len=1176 TSval=2916043332 TSecr=3045563105 [TCP segment of a reassembled PDU]"
"74102","39.257982253","192.168.1.2","192.168.1.55","TCP","66","37062  >  8004 [ACK] Seq=141 Ack=294134 Win=146432 Len=0 TSval=3045563109 TSecr=2916043330"
"74103","39.258037902","192.168.1.55","192.168.1.2","TCP","1514","8004  >  37062 [ACK] Seq=421286 Ack=141 Win=65024 Len=1448 TSval=2916043338 TSecr=3045563109 [TCP segment of a reassembled PDU]"
"74104","39.258041828","192.168.1.55","192.168.1.2","TCP","1514","8004  >  37062 [ACK] Seq=422734 Ack=141 Win=65024 Len=1448 TSval=2916043338 TSecr=3045563109 [TCP segment of a reassembled PDU]"
"74105","39.258042865","192.168.1.55","192.168.1.2","TCP","1514","8004  >  37062 [ACK] Seq=424182 Ack=141 Win=65024 Len=1448 TSval=2916043338 TSecr=3045563109 [TCP segment of a reassembled PDU]"
"74106","39.258044568","192.168.1.55","192.168.1.2","TCP","1514","8004  >  37062 [ACK] Seq=425630 Ack=141 Win=65024 Len=1448 TSval=2916043338 TSecr=3045563109 [TCP segment of a reassembled PDU]"
"74107","39.258045716","192.168.1.55","192.168.1.2","TCP","1514","8004  >  37062 [ACK] Seq=427078 Ack=141 Win=65024 Len=1448 TSval=2916043338 TSecr=3045563109 [TCP segment of a reassembled PDU]"
"74108","39.258046902","192.168.1.55","192.168.1.2","TCP","1514","8004  >  37062 [ACK] Seq=428526 Ack=141 Win=65024 Len=1448 TSval=2916043338 TSecr=3045563109 [TCP segment of a reassembled PDU]"
"74109","39.258047902","192.168.1.55","192.168.1.2","TCP","1514","8004  >  37062 [ACK] Seq=429974 Ack=141 Win=65024 Len=1448 TSval=2916043338 TSecr=3045563109 [TCP segment of a reassembled PDU]"
"74110","39.258048883","192.168.1.55","192.168.1.2","TCP","1514","8004  >  37062 [ACK] Seq=431422 Ack=141 Win=65024 Len=1448 TSval=2916043338 TSecr=3045563109 [TCP segment of a reassembled PDU]"
"74111","39.258049809","192.168.1.55","192.168.1.2","TCP","1514","8004  >  37062 [ACK] Seq=432870 Ack=141 Win=65024 Len=1448 TSval=2916043338 TSecr=3045563109 [TCP segment of a reassembled PDU]"
"74112","39.258050772","192.168.1.55","192.168.1.2","TCP","1514","8004  >  37062 [ACK] Seq=434318 Ack=141 Win=65024 Len=1448 TSval=2916043338 TSecr=3045563109 [TCP segment of a reassembled PDU]"
"74113","39.258051902","192.168.1.55","192.168.1.2","TCP","1514","8004  >  37062 [ACK] Seq=435766 Ack=141 Win=65024 Len=1448 TSval=2916043338 TSecr=3045563109 [TCP segment of a reassembled PDU]"
"74114","39.258052865","192.168.1.55","192.168.1.2","TCP","1514","8004  >  37062 [ACK] Seq=437214 Ack=141 Win=65024 Len=1448 TSval=2916043338 TSecr=3045563109 [TCP segment of a reassembled PDU]"
"74115","39.258053846","192.168.1.55","192.168.1.2","TCP","1514","8004  >  37062 [PSH, ACK] Seq=438662 Ack=141 Win=65024 Len=1448 TSval=2916043338 TSecr=3045563109 [TCP segment of a reassembled PDU]"
"74116","39.258124809","192.168.1.2","192.168.1.55","TCP","66","37062  >  8004 [ACK] Seq=141 Ack=328886 Win=128000 Len=0 TSval=3045563111 TSecr=2916043330"
"74117","39.258135717","192.168.1.2","192.168.1.55","TCP","66","37062  >  8004 [ACK] Seq=141 Ack=360742 Win=131072 Len=0 TSval=3045563113 TSecr=2916043330"
"74118","39.258156031","192.168.1.55","192.168.1.2","TCP","1514","8004  >  37062 [ACK] Seq=440110 Ack=141 Win=65024 Len=1448 TSval=2916043338 TSecr=3045563113 [TCP segment of a reassembled PDU]"
"74119","39.258157513","192.168.1.55","192.168.1.2","TCP","1514","8004  >  37062 [ACK] Seq=441558 Ack=141 Win=65024 Len=1448 TSval=2916043338 TSecr=3045563113 [TCP segment of a reassembled PDU]"
"74120","39.258158402","192.168.1.55","192.168.1.2","TCP","1514","8004  >  37062 [ACK] Seq=443006 Ack=141 Win=65024 Len=1448 TSval=2916043338 TSecr=3045563113 [TCP segment of a reassembled PDU]"
"74121","39.258159476","192.168.1.55","192.168.1.2","TCP","1514","8004  >  37062 [ACK] Seq=444454 Ack=141 Win=65024 Len=1448 TSval=2916043338 TSecr=3045563113 [TCP segment of a reassembled PDU]"
"74122","39.258160365","192.168.1.55","192.168.1.2","TCP","1514","8004  >  37062 [ACK] Seq=445902 Ack=141 Win=65024 Len=1448 TSval=2916043338 TSecr=3045563113 [TCP segment of a reassembled PDU]"
"74123","39.258161476","192.168.1.55","192.168.1.2","TCP","1514","8004  >  37062 [ACK] Seq=447350 Ack=141 Win=65024 Len=1448 TSval=2916043338 TSecr=3045563113 [TCP segment of a reassembled PDU]"
"74124","39.258163050","192.168.1.55","192.168.1.2","TCP","1514","8004  >  37062 [ACK] Seq=448798 Ack=141 Win=65024 Len=1448 TSval=2916043338 TSecr=3045563113 [TCP segment of a reassembled PDU]"
"74125","39.258164106","192.168.1.55","192.168.1.2","TCP","1514","8004  >  37062 [ACK] Seq=450246 Ack=141 Win=65024 Len=1448 TSval=2916043338 TSecr=3045563113 [TCP segment of a reassembled PDU]"
"74126","39.258165031","192.168.1.55","192.168.1.2","TCP","1514","8004  >  37062 [ACK] Seq=451694 Ack=141 Win=65024 Len=1448 TSval=2916043338 TSecr=3045563113 [TCP segment of a reassembled PDU]"
"74127","39.258165920","192.168.1.55","192.168.1.2","TCP","1514","8004  >  37062 [ACK] Seq=453142 Ack=141 Win=65024 Len=1448 TSval=2916043338 TSecr=3045563113 [TCP segment of a reassembled PDU]"
"74128","39.258166939","192.168.1.55","192.168.1.2","TCP","1514","8004  >  37062 [ACK] Seq=454590 Ack=141 Win=65024 Len=1448 TSval=2916043338 TSecr=3045563113 [TCP segment of a reassembled PDU]"
"74129","39.258167939","192.168.1.55","192.168.1.2","TCP","1514","8004  >  37062 [PSH, ACK] Seq=456038 Ack=141 Win=65024 Len=1448 TSval=2916043338 TSecr=3045563113 [TCP segment of a reassembled PDU]"
"74130","39.258172198","192.168.1.55","192.168.1.2","TCP","338","8004  >  37062 [PSH, ACK] Seq=457486 Ack=141 Win=65024 Len=272 TSval=2916043338 TSecr=3045563113 [TCP segment of a reassembled PDU]"
"74131","39.258174846","192.168.1.2","192.168.1.55","TCP","66","37062  >  8004 [ACK] Seq=141 Ack=367982 Win=155648 Len=0 TSval=3045563113 TSecr=2916043331"
"74132","39.258211939","192.168.1.55","192.168.1.2","TCP","1514","8004  >  37062 [ACK] Seq=457758 Ack=141 Win=65024 Len=1448 TSval=2916043338 TSecr=3045563113 [TCP segment of a reassembled PDU]"
"74133","39.258213735","192.168.1.55","192.168.1.2","TCP","1514","8004  >  37062 [ACK] Seq=459206 Ack=141 Win=65024 Len=1448 TSval=2916043338 TSecr=3045563113 [TCP segment of a reassembled PDU]"
"74134","39.258214791","192.168.1.55","192.168.1.2","TCP","1514","8004  >  37062 [ACK] Seq=460654 Ack=141 Win=65024 Len=1448 TSval=2916043338 TSecr=3045563113 [TCP segment of a reassembled PDU]"
"74135","39.258215698","192.168.1.55","192.168.1.2","TCP","1514","8004  >  37062 [ACK] Seq=462102 Ack=141 Win=65024 Len=1448 TSval=2916043338 TSecr=3045563113 [TCP segment of a reassembled PDU]"
"74136","39.258216680","192.168.1.55","192.168.1.2","TCP","1514","8004  >  37062 [ACK] Seq=463550 Ack=141 Win=65024 Len=1448 TSval=2916043338 TSecr=3045563113 [TCP segment of a reassembled PDU]"
"74137","39.258217772","192.168.1.55","192.168.1.2","TCP","1514","8004  >  37062 [ACK] Seq=464998 Ack=141 Win=65024 Len=1448 TSval=2916043338 TSecr=3045563113 [TCP segment of a reassembled PDU]"
"74138","39.258218772","192.168.1.55","192.168.1.2","TCP","1514","8004  >  37062 [ACK] Seq=466446 Ack=141 Win=65024 Len=1448 TSval=2916043338 TSecr=3045563113 [TCP segment of a reassembled PDU]"
"74139","39.258219735","192.168.1.55","192.168.1.2","TCP","1514","8004  >  37062 [ACK] Seq=467894 Ack=141 Win=65024 Len=1448 TSval=2916043338 TSecr=3045563113 [TCP segment of a reassembled PDU]"
"74140","39.258220680","192.168.1.55","192.168.1.2","TCP","1514","8004  >  37062 [ACK] Seq=469342 Ack=141 Win=65024 Len=1448 TSval=2916043338 TSecr=3045563113 [TCP segment of a reassembled PDU]"
"74141","39.258221680","192.168.1.55","192.168.1.2","TCP","1514","8004  >  37062 [ACK] Seq=470790 Ack=141 Win=65024 Len=1448 TSval=2916043338 TSecr=3045563113 [TCP segment of a reassembled PDU]"
"74142","39.258222920","192.168.1.55","192.168.1.2","TCP","1514","8004  >  37062 [ACK] Seq=472238 Ack=141 Win=65024 Len=1448 TSval=2916043338 TSecr=3045563113 [TCP segment of a reassembled PDU]"
"74143","39.258224124","192.168.1.55","192.168.1.2","TCP","1514","8004  >  37062 [ACK] Seq=473686 Ack=141 Win=65024 Len=1448 TSval=2916043338 TSecr=3045563113 [TCP segment of a reassembled PDU]"
"74144","39.258225050","192.168.1.55","192.168.1.2","TCP","1514","8004  >  37062 [ACK] Seq=475134 Ack=141 Win=65024 Len=1448 TSval=2916043338 TSecr=3045563113 [TCP segment of a reassembled PDU]"
"74145","39.258226087","192.168.1.55","192.168.1.2","TCP","1514","8004  >  37062 [ACK] Seq=476582 Ack=141 Win=65024 Len=1448 TSval=2916043338 TSecr=3045563113 [TCP segment of a reassembled PDU]"
"74146","39.258227198","192.168.1.55","192.168.1.2","TCP","1514","8004  >  37062 [ACK] Seq=478030 Ack=141 Win=65024 Len=1448 TSval=2916043338 TSecr=3045563113 [TCP segment of a reassembled PDU]"
"74147","39.258228124","192.168.1.55","192.168.1.2","TCP","1514","8004  >  37062 [ACK] Seq=479478 Ack=141 Win=65024 Len=1448 TSval=2916043338 TSecr=3045563113 [TCP segment of a reassembled PDU]"
"74148","39.258229124","192.168.1.55","192.168.1.2","TCP","1514","8004  >  37062 [ACK] Seq=480926 Ack=141 Win=65024 Len=1448 TSval=2916043338 TSecr=3045563113 [TCP segment of a reassembled PDU]"
"74149","39.258230069","192.168.1.55","192.168.1.2","TCP","1514","8004  >  37062 [ACK] Seq=482374 Ack=141 Win=65024 Len=1448 TSval=2916043338 TSecr=3045563113 [TCP segment of a reassembled PDU]"
"74150","39.258231087","192.168.1.55","192.168.1.2","TCP","1514","8004  >  37062 [ACK] Seq=483822 Ack=141 Win=65024 Len=1448 TSval=2916043338 TSecr=3045563113 [TCP segment of a reassembled PDU]"
"74151","39.258232087","192.168.1.55","192.168.1.2","TCP","1514","8004  >  37062 [ACK] Seq=485270 Ack=141 Win=65024 Len=1448 TSval=2916043338 TSecr=3045563113 [TCP segment of a reassembled PDU]"
"74152","39.258233050","192.168.1.55","192.168.1.2","TCP","1514","8004  >  37062 [ACK] Seq=486718 Ack=141 Win=65024 Len=1448 TSval=2916043338 TSecr=3045563113 [TCP segment of a reassembled PDU]"
"74153","39.258234143","192.168.1.55","192.168.1.2","TCP","1514","8004  >  37062 [ACK] Seq=488166 Ack=141 Win=65024 Len=1448 TSval=2916043338 TSecr=3045563113 [TCP segment of a reassembled PDU]"
"74154","39.258235050","192.168.1.55","192.168.1.2","TCP","1514","8004  >  37062 [ACK] Seq=489614 Ack=141 Win=65024 Len=1448 TSval=2916043338 TSecr=3045563113 [TCP segment of a reassembled PDU]"
"74155","39.258235976","192.168.1.55","192.168.1.2","TCP","1514","8004  >  37062 [ACK] Seq=491062 Ack=141 Win=65024 Len=1448 TSval=2916043338 TSecr=3045563113 [TCP segment of a reassembled PDU]"
"74156","39.258237217","192.168.1.55","192.168.1.2","TCP","1514","8004  >  37062 [ACK] Seq=492510 Ack=141 Win=65024 Len=1448 TSval=2916043338 TSecr=3045563113 [TCP segment of a reassembled PDU]"
"74157","39.258238143","192.168.1.55","192.168.1.2","TCP","1514","8004  >  37062 [ACK] Seq=493958 Ack=141 Win=65024 Len=1448 TSval=2916043338 TSecr=3045563113 [TCP segment of a reassembled PDU]"
"74158","39.258239254","192.168.1.55","192.168.1.2","TCP","1514","8004  >  37062 [ACK] Seq=495406 Ack=141 Win=65024 Len=1448 TSval=2916043338 TSecr=3045563113 [TCP segment of a reassembled PDU]"
"74159","39.258240569","192.168.1.55","192.168.1.2","TCP","1514","8004  >  37062 [PSH, ACK] Seq=496854 Ack=141 Win=65024 Len=1448 TSval=2916043338 TSecr=3045563113 [TCP segment of a reassembled PDU]"
"74160","39.258244365","192.168.1.55","192.168.1.2","HTTP","1472","HTTP/1.0 200 OK  (PNG)"
"74161","39.258290902","192.168.1.2","192.168.1.55","TCP","66","37062  >  8004 [ACK] Seq=141 Ack=412870 Win=120832 Len=0 TSval=3045563113 TSecr=2916043331"
"74162","39.258305309","192.168.1.2","192.168.1.55","TCP","66","37062  >  8004 [ACK] Seq=141 Ack=421286 Win=112640 Len=0 TSval=3045563113 TSecr=2916043332"
"74163","39.263612651","192.168.1.2","192.168.1.55","TCP","66","37062  >  8004 [ACK] Seq=141 Ack=440110 Win=143360 Len=0 TSval=3045563118 TSecr=2916043338"
"74164","39.264287949","192.168.1.2","192.168.1.55","TCP","66","37062  >  8004 [ACK] Seq=141 Ack=498302 Win=86016 Len=0 TSval=3045563119 TSecr=2916043338"
"74165","39.265762136","192.168.1.2","192.168.1.55","TCP","66","37062  >  8004 [FIN, ACK] Seq=141 Ack=499709 Win=158720 Len=0 TSval=3045563120 TSecr=2916043338"
"74166","39.265809377","192.168.1.55","192.168.1.2","TCP","66","8004  >  37062 [ACK] Seq=499709 Ack=142 Win=65024 Len=0 TSval=2916043346 TSecr=3045563120"
"74167","39.265860785","192.168.1.2","192.168.1.55","TCP","74","37068  >  8004 [SYN] Seq=0 Win=64240 Len=0 MSS=1460 SACK_PERM TSval=3045563120 TSecr=0 WS=1024"
"74168","39.265901063","192.168.1.55","192.168.1.2","TCP","74","8004  >  37068 [SYN, ACK] Seq=0 Ack=1 Win=65160 Len=0 MSS=1460 SACK_PERM TSval=2916043346 TSecr=3045563120 WS=128"
"74169","39.269150568","192.168.1.2","192.168.1.55","TCP","66","37068  >  8004 [ACK] Seq=1 Ack=1 Win=64512 Len=0 TSval=3045563124 TSecr=2916043346"
"74170","39.269733161","192.168.1.2","192.168.1.55","HTTP","209","GET /original_benchmark.png HTTP/1.1 "
"74171","39.269753421","192.168.1.55","192.168.1.2","TCP","66","8004  >  37068 [ACK] Seq=1 Ack=144 Win=65024 Len=0 TSval=2916043350 TSecr=3045563124"
"74172","39.270723089","192.168.1.55","192.168.1.2","TCP","255","8004  >  37068 [PSH, ACK] Seq=1 Ack=144 Win=65024 Len=189 TSval=2916043351 TSecr=3045563124 [TCP segment of a reassembled PDU]"
"74173","39.270859219","192.168.1.55","192.168.1.2","TCP","1514","8004  >  37068 [ACK] Seq=190 Ack=144 Win=65024 Len=1448 TSval=2916043351 TSecr=3045563124 [TCP segment of a reassembled PDU]"
"74174","39.270863478","192.168.1.55","192.168.1.2","TCP","1514","8004  >  37068 [ACK] Seq=1638 Ack=144 Win=65024 Len=1448 TSval=2916043351 TSecr=3045563124 [TCP segment of a reassembled PDU]"
"74175","39.270864830","192.168.1.55","192.168.1.2","TCP","1514","8004  >  37068 [ACK] Seq=3086 Ack=144 Win=65024 Len=1448 TSval=2916043351 TSecr=3045563124 [TCP segment of a reassembled PDU]"
"74176","39.270866330","192.168.1.55","192.168.1.2","TCP","1514","8004  >  37068 [ACK] Seq=4534 Ack=144 Win=65024 Len=1448 TSval=2916043351 TSecr=3045563124 [TCP segment of a reassembled PDU]"
"74177","39.270868182","192.168.1.55","192.168.1.2","TCP","1514","8004  >  37068 [PSH, ACK] Seq=5982 Ack=144 Win=65024 Len=1448 TSval=2916043351 TSecr=3045563124 [TCP segment of a reassembled PDU]"
"74178","39.270895460","192.168.1.55","192.168.1.2","TCP","1514","8004  >  37068 [ACK] Seq=7430 Ack=144 Win=65024 Len=1448 TSval=2916043351 TSecr=3045563124 [TCP segment of a reassembled PDU]"
"74179","39.270898534","192.168.1.55","192.168.1.2","TCP","1514","8004  >  37068 [ACK] Seq=8878 Ack=144 Win=65024 Len=1448 TSval=2916043351 TSecr=3045563124 [TCP segment of a reassembled PDU]"
"74180","39.270899923","192.168.1.55","192.168.1.2","TCP","1514","8004  >  37068 [ACK] Seq=10326 Ack=144 Win=65024 Len=1448 TSval=2916043351 TSecr=3045563124 [TCP segment of a reassembled PDU]"
"74181","39.270900923","192.168.1.55","192.168.1.2","TCP","1514","8004  >  37068 [PSH, ACK] Seq=11774 Ack=144 Win=65024 Len=1448 TSval=2916043351 TSecr=3045563124 [TCP segment of a reassembled PDU]"
"74182","39.274112483","192.168.1.2","192.168.1.55","TCP","66","37068  >  8004 [ACK] Seq=144 Ack=190 Win=64512 Len=0 TSval=3045563129 TSecr=2916043351"
"74183","39.274167687","192.168.1.55","192.168.1.2","TCP","1514","8004  >  37068 [ACK] Seq=13222 Ack=144 Win=65024 Len=1448 TSval=2916043354 TSecr=3045563129 [TCP segment of a reassembled PDU]"
"74184","39.274172798","192.168.1.55","192.168.1.2","TCP","1514","8004  >  37068 [PSH, ACK] Seq=14670 Ack=144 Win=65024 Len=1448 TSval=2916043354 TSecr=3045563129 [TCP segment of a reassembled PDU]"
"74185","39.274205169","192.168.1.2","192.168.1.55","TCP","66","37068  >  8004 [ACK] Seq=144 Ack=5982 Win=76800 Len=0 TSval=3045563129 TSecr=2916043351"
"74186","39.274225409","192.168.1.55","192.168.1.2","TCP","1514","8004  >  37068 [ACK] Seq=16118 Ack=144 Win=65024 Len=1448 TSval=2916043354 TSecr=3045563129 [TCP segment of a reassembled PDU]"
"74187","39.274228280","192.168.1.55","192.168.1.2","TCP","1514","8004  >  37068 [ACK] Seq=17566 Ack=144 Win=65024 Len=1448 TSval=2916043354 TSecr=3045563129 [TCP segment of a reassembled PDU]"
"74188","39.274229539","192.168.1.55","192.168.1.2","TCP","1514","8004  >  37068 [ACK] Seq=19014 Ack=144 Win=65024 Len=1448 TSval=2916043354 TSecr=3045563129 [TCP segment of a reassembled PDU]"
"74189","39.274231261","192.168.1.55","192.168.1.2","TCP","1514","8004  >  37068 [ACK] Seq=20462 Ack=144 Win=65024 Len=1448 TSval=2916043354 TSecr=3045563129 [TCP segment of a reassembled PDU]"
"74190","39.274232909","192.168.1.55","192.168.1.2","TCP","1514","8004  >  37068 [ACK] Seq=21910 Ack=144 Win=65024 Len=1448 TSval=2916043354 TSecr=3045563129 [TCP segment of a reassembled PDU]"
"74191","39.274234280","192.168.1.55","192.168.1.2","TCP","1514","8004  >  37068 [ACK] Seq=23358 Ack=144 Win=65024 Len=1448 TSval=2916043354 TSecr=3045563129 [TCP segment of a reassembled PDU]"
"74192","39.274235928","192.168.1.55","192.168.1.2","TCP","1514","8004  >  37068 [PSH, ACK] Seq=24806 Ack=144 Win=65024 Len=1448 TSval=2916043354 TSecr=3045563129 [TCP segment of a reassembled PDU]"
"74193","39.276060227","192.168.1.2","192.168.1.55","TCP","66","37068  >  8004 [ACK] Seq=144 Ack=7430 Win=79872 Len=0 TSval=3045563130 TSecr=2916043351"
"74194","39.276160153","192.168.1.55","192.168.1.2","TCP","1514","8004  >  37068 [ACK] Seq=26254 Ack=144 Win=65024 Len=1448 TSval=2916043356 TSecr=3045563130 [TCP segment of a reassembled PDU]"
"74195","39.276174653","192.168.1.55","192.168.1.2","TCP","1514","8004  >  37068 [ACK] Seq=27702 Ack=144 Win=65024 Len=1448 TSval=2916043356 TSecr=3045563130 [TCP segment of a reassembled PDU]"
"74196","39.276178079","192.168.1.55","192.168.1.2","TCP","1514","8004  >  37068 [PSH, ACK] Seq=29150 Ack=144 Win=65024 Len=1448 TSval=2916043356 TSecr=3045563130 [TCP segment of a reassembled PDU]"
"74197","39.277141803","192.168.1.2","192.168.1.55","TCP","66","37068  >  8004 [ACK] Seq=144 Ack=13222 Win=80896 Len=0 TSval=3045563130 TSecr=2916043351"
"74198","39.277195914","192.168.1.55","192.168.1.2","TCP","1514","8004  >  37068 [ACK] Seq=30598 Ack=144 Win=65024 Len=1448 TSval=2916043357 TSecr=3045563130 [TCP segment of a reassembled PDU]"
"74199","39.277203618","192.168.1.55","192.168.1.2","TCP","1514","8004  >  37068 [ACK] Seq=32046 Ack=144 Win=65024 Len=1448 TSval=2916043357 TSecr=3045563130 [TCP segment of a reassembled PDU]"
"74200","39.277205396","192.168.1.55","192.168.1.2","TCP","1514","8004  >  37068 [ACK] Seq=33494 Ack=144 Win=65024 Len=1448 TSval=2916043357 TSecr=3045563130 [TCP segment of a reassembled PDU]"
"74201","39.277207433","192.168.1.55","192.168.1.2","TCP","1514","8004  >  37068 [ACK] Seq=34942 Ack=144 Win=65024 Len=1448 TSval=2916043357 TSecr=3045563130 [TCP segment of a reassembled PDU]"
"74202","39.277209192","192.168.1.55","192.168.1.2","TCP","1514","8004  >  37068 [ACK] Seq=36390 Ack=144 Win=65024 Len=1448 TSval=2916043357 TSecr=3045563130 [TCP segment of a reassembled PDU]"
"74203","39.277210618","192.168.1.55","192.168.1.2","TCP","1514","8004  >  37068 [ACK] Seq=37838 Ack=144 Win=65024 Len=1448 TSval=2916043357 TSecr=3045563130 [TCP segment of a reassembled PDU]"
"74204","39.277211803","192.168.1.55","192.168.1.2","TCP","1514","8004  >  37068 [ACK] Seq=39286 Ack=144 Win=65024 Len=1448 TSval=2916043357 TSecr=3045563130 [TCP segment of a reassembled PDU]"
"74205","39.277212951","192.168.1.55","192.168.1.2","TCP","1514","8004  >  37068 [PSH, ACK] Seq=40734 Ack=144 Win=65024 Len=1448 TSval=2916043357 TSecr=3045563130 [TCP segment of a reassembled PDU]"
"74206","39.278485639","192.168.1.2","192.168.1.55","TCP","66","37068  >  8004 [ACK] Seq=144 Ack=16118 Win=87040 Len=0 TSval=3045563133 TSecr=2916043354"
"74207","39.278509009","192.168.1.55","192.168.1.2","TCP","1514","8004  >  37068 [ACK] Seq=42182 Ack=144 Win=65024 Len=1448 TSval=2916043359 TSecr=3045563133 [TCP segment of a reassembled PDU]"
"74208","39.278512009","192.168.1.55","192.168.1.2","TCP","1514","8004  >  37068 [PSH, ACK] Seq=43630 Ack=144 Win=65024 Len=1448 TSval=2916043359 TSecr=3045563133 [TCP segment of a reassembled PDU]"
"74209","39.279570548","192.168.1.2","192.168.1.55","TCP","66","37068  >  8004 [ACK] Seq=144 Ack=26254 Win=83968 Len=0 TSval=3045563133 TSecr=2916043354"
"74210","39.279598714","192.168.1.55","192.168.1.2","TCP","1514","8004  >  37068 [ACK] Seq=45078 Ack=144 Win=65024 Len=1448 TSval=2916043360 TSecr=3045563133 [TCP segment of a reassembled PDU]"
"74211","39.279601992","192.168.1.55","192.168.1.2","TCP","1514","8004  >  37068 [ACK] Seq=46526 Ack=144 Win=65024 Len=1448 TSval=2916043360 TSecr=3045563133 [TCP segment of a reassembled PDU]"
"74212","39.279603252","192.168.1.55","192.168.1.2","TCP","1514","8004  >  37068 [ACK] Seq=47974 Ack=144 Win=65024 Len=1448 TSval=2916043360 TSecr=3045563133 [TCP segment of a reassembled PDU]"
"74213","39.279605566","192.168.1.55","192.168.1.2","TCP","1514","8004  >  37068 [ACK] Seq=49422 Ack=144 Win=65024 Len=1448 TSval=2916043360 TSecr=3045563133 [TCP segment of a reassembled PDU]"
"74214","39.279607011","192.168.1.55","192.168.1.2","TCP","1514","8004  >  37068 [ACK] Seq=50870 Ack=144 Win=65024 Len=1448 TSval=2916043360 TSecr=3045563133 [TCP segment of a reassembled PDU]"
"74215","39.279608122","192.168.1.55","192.168.1.2","TCP","1514","8004  >  37068 [ACK] Seq=52318 Ack=144 Win=65024 Len=1448 TSval=2916043360 TSecr=3045563133 [TCP segment of a reassembled PDU]"
"74216","39.279609196","192.168.1.55","192.168.1.2","TCP","1514","8004  >  37068 [ACK] Seq=53766 Ack=144 Win=65024 Len=1448 TSval=2916043360 TSecr=3045563133 [TCP segment of a reassembled PDU]"
"74217","39.279610511","192.168.1.55","192.168.1.2","TCP","1514","8004  >  37068 [ACK] Seq=55214 Ack=144 Win=65024 Len=1448 TSval=2916043360 TSecr=3045563133 [TCP segment of a reassembled PDU]"
"74218","39.279611677","192.168.1.55","192.168.1.2","TCP","1514","8004  >  37068 [ACK] Seq=56662 Ack=144 Win=65024 Len=1448 TSval=2916043360 TSecr=3045563133 [TCP segment of a reassembled PDU]"
"74219","39.279613140","192.168.1.55","192.168.1.2","TCP","1514","8004  >  37068 [ACK] Seq=58110 Ack=144 Win=65024 Len=1448 TSval=2916043360 TSecr=3045563133 [TCP segment of a reassembled PDU]"
"74220","39.279614844","192.168.1.55","192.168.1.2","TCP","1514","8004  >  37068 [ACK] Seq=59558 Ack=144 Win=65024 Len=1448 TSval=2916043360 TSecr=3045563133 [TCP segment of a reassembled PDU]"
"74221","39.279617029","192.168.1.55","192.168.1.2","TCP","1514","8004  >  37068 [ACK] Seq=61006 Ack=144 Win=65024 Len=1448 TSval=2916043360 TSecr=3045563133 [TCP segment of a reassembled PDU]"
"74222","39.279618214","192.168.1.55","192.168.1.2","TCP","1514","8004  >  37068 [ACK] Seq=62454 Ack=144 Win=65024 Len=1448 TSval=2916043360 TSecr=3045563133 [TCP segment of a reassembled PDU]"
"74223","39.279619363","192.168.1.55","192.168.1.2","TCP","1514","8004  >  37068 [PSH, ACK] Seq=63902 Ack=144 Win=65024 Len=1448 TSval=2916043360 TSecr=3045563133 [TCP segment of a reassembled PDU]"
"74224","39.282002070","192.168.1.2","192.168.1.55","TCP","66","37068  >  8004 [ACK] Seq=144 Ack=29150 Win=92160 Len=0 TSval=3045563135 TSecr=2916043356"
"74225","39.282015978","192.168.1.55","192.168.1.2","TCP","1514","8004  >  37068 [ACK] Seq=65350 Ack=144 Win=65024 Len=1448 TSval=2916043362 TSecr=3045563135 [TCP segment of a reassembled PDU]"
"74226","39.282018218","192.168.1.55","192.168.1.2","TCP","1514","8004  >  37068 [ACK] Seq=66798 Ack=144 Win=65024 Len=1448 TSval=2916043362 TSecr=3045563135 [TCP segment of a reassembled PDU]"
"74227","39.282019681","192.168.1.55","192.168.1.2","TCP","1514","8004  >  37068 [ACK] Seq=68246 Ack=144 Win=65024 Len=1448 TSval=2916043362 TSecr=3045563135 [TCP segment of a reassembled PDU]"
"74228","39.282022200","192.168.1.55","192.168.1.2","TCP","1514","8004  >  37068 [ACK] Seq=69694 Ack=144 Win=65024 Len=1448 TSval=2916043362 TSecr=3045563135 [TCP segment of a reassembled PDU]"
"74229","39.282023737","192.168.1.55","192.168.1.2","TCP","1514","8004  >  37068 [ACK] Seq=71142 Ack=144 Win=65024 Len=1448 TSval=2916043362 TSecr=3045563135 [TCP segment of a reassembled PDU]"
"74230","39.282024978","192.168.1.55","192.168.1.2","TCP","1514","8004  >  37068 [PSH, ACK] Seq=72590 Ack=144 Win=65024 Len=1448 TSval=2916043362 TSecr=3045563135 [TCP segment of a reassembled PDU]"
"74231","39.282371256","192.168.1.2","192.168.1.55","TCP","66","37068  >  8004 [ACK] Seq=144 Ack=30598 Win=94208 Len=0 TSval=3045563136 TSecr=2916043356"
"74232","39.282381015","192.168.1.55","192.168.1.2","TCP","1514","8004  >  37068 [ACK] Seq=74038 Ack=144 Win=65024 Len=1448 TSval=2916043363 TSecr=3045563136 [TCP segment of a reassembled PDU]"
"74233","39.282383200","192.168.1.55","192.168.1.2","TCP","1514","8004  >  37068 [PSH, ACK] Seq=75486 Ack=144 Win=65024 Len=1448 TSval=2916043363 TSecr=3045563136 [TCP segment of a reassembled PDU]"
"74234","39.282386738","192.168.1.2","192.168.1.55","TCP","66","37068  >  8004 [ACK] Seq=144 Ack=32046 Win=94208 Len=0 TSval=3045563136 TSecr=2916043357"
"74235","39.282394830","192.168.1.2","192.168.1.55","TCP","66","37068  >  8004 [ACK] Seq=144 Ack=34942 Win=93184 Len=0 TSval=3045563136 TSecr=2916043357"
"74236","39.284320389","192.168.1.2","192.168.1.55","TCP","66","37068  >  8004 [ACK] Seq=144 Ack=42182 Win=87040 Len=0 TSval=3045563137 TSecr=2916043357"
"74237","39.284370722","192.168.1.55","192.168.1.2","TCP","1514","8004  >  37068 [ACK] Seq=76934 Ack=144 Win=65024 Len=1448 TSval=2916043365 TSecr=3045563137 [TCP segment of a reassembled PDU]"
"74238","39.284376593","192.168.1.55","192.168.1.2","TCP","1514","8004  >  37068 [ACK] Seq=78382 Ack=144 Win=65024 Len=1448 TSval=2916043365 TSecr=3045563137 [TCP segment of a reassembled PDU]"
"74239","39.284377722","192.168.1.55","192.168.1.2","TCP","1514","8004  >  37068 [ACK] Seq=79830 Ack=144 Win=65024 Len=1448 TSval=2916043365 TSecr=3045563137 [TCP segment of a reassembled PDU]"
"74240","39.284378741","192.168.1.55","192.168.1.2","TCP","1514","8004  >  37068 [ACK] Seq=81278 Ack=144 Win=65024 Len=1448 TSval=2916043365 TSecr=3045563137 [TCP segment of a reassembled PDU]"
"74241","39.284379852","192.168.1.55","192.168.1.2","TCP","1514","8004  >  37068 [ACK] Seq=82726 Ack=144 Win=65024 Len=1448 TSval=2916043365 TSecr=3045563137 [TCP segment of a reassembled PDU]"
"74242","39.284380926","192.168.1.55","192.168.1.2","TCP","1514","8004  >  37068 [ACK] Seq=84174 Ack=144 Win=65024 Len=1448 TSval=2916043365 TSecr=3045563137 [TCP segment of a reassembled PDU]"
"74243","39.284382111","192.168.1.55","192.168.1.2","TCP","1514","8004  >  37068 [ACK] Seq=85622 Ack=144 Win=65024 Len=1448 TSval=2916043365 TSecr=3045563137 [TCP segment of a reassembled PDU]"
"74244","39.284383093","192.168.1.55","192.168.1.2","TCP","1514","8004  >  37068 [ACK] Seq=87070 Ack=144 Win=65024 Len=1448 TSval=2916043365 TSecr=3045563137 [TCP segment of a reassembled PDU]"
"74245","39.284384111","192.168.1.55","192.168.1.2","TCP","1514","8004  >  37068 [ACK] Seq=88518 Ack=144 Win=65024 Len=1448 TSval=2916043365 TSecr=3045563137 [TCP segment of a reassembled PDU]"
"74246","39.284385667","192.168.1.55","192.168.1.2","TCP","1514","8004  >  37068 [ACK] Seq=89966 Ack=144 Win=65024 Len=1448 TSval=2916043365 TSecr=3045563137 [TCP segment of a reassembled PDU]"
"74247","39.284386704","192.168.1.55","192.168.1.2","TCP","1514","8004  >  37068 [ACK] Seq=91414 Ack=144 Win=65024 Len=1448 TSval=2916043365 TSecr=3045563137 [TCP segment of a reassembled PDU]"
"74248","39.284387889","192.168.1.55","192.168.1.2","TCP","1514","8004  >  37068 [ACK] Seq=92862 Ack=144 Win=65024 Len=1448 TSval=2916043365 TSecr=3045563137 [TCP segment of a reassembled PDU]"
"74249","39.284388907","192.168.1.55","192.168.1.2","TCP","1514","8004  >  37068 [ACK] Seq=94310 Ack=144 Win=65024 Len=1448 TSval=2916043365 TSecr=3045563137 [TCP segment of a reassembled PDU]"
"74250","39.284390037","192.168.1.55","192.168.1.2","TCP","1514","8004  >  37068 [ACK] Seq=95758 Ack=144 Win=65024 Len=1448 TSval=2916043365 TSecr=3045563137 [TCP segment of a reassembled PDU]"
"74251","39.284391389","192.168.1.55","192.168.1.2","TCP","1514","8004  >  37068 [ACK] Seq=97206 Ack=144 Win=65024 Len=1448 TSval=2916043365 TSecr=3045563137 [TCP segment of a reassembled PDU]"
"74252","39.284392407","192.168.1.55","192.168.1.2","TCP","1514","8004  >  37068 [PSH, ACK] Seq=98654 Ack=144 Win=65024 Len=1448 TSval=2916043365 TSecr=3045563137 [TCP segment of a reassembled PDU]"
"74253","39.287032560","192.168.1.2","192.168.1.55","TCP","66","37068  >  8004 [ACK] Seq=144 Ack=45078 Win=91136 Len=0 TSval=3045563139 TSecr=2916043359"
"74254","39.287052745","192.168.1.55","192.168.1.2","TCP","1514","8004  >  37068 [ACK] Seq=100102 Ack=144 Win=65024 Len=1448 TSval=2916043367 TSecr=3045563139 [TCP segment of a reassembled PDU]"
"74255","39.287056023","192.168.1.55","192.168.1.2","TCP","1514","8004  >  37068 [ACK] Seq=101550 Ack=144 Win=65024 Len=1448 TSval=2916043367 TSecr=3045563139 [TCP segment of a reassembled PDU]"
"74256","39.287057523","192.168.1.55","192.168.1.2","TCP","1514","8004  >  37068 [ACK] Seq=102998 Ack=144 Win=65024 Len=1448 TSval=2916043367 TSecr=3045563139 [TCP segment of a reassembled PDU]"
"74257","39.287058819","192.168.1.55","192.168.1.2","TCP","1514","8004  >  37068 [PSH, ACK] Seq=104446 Ack=144 Win=65024 Len=1448 TSval=2916043367 TSecr=3045563139 [TCP segment of a reassembled PDU]"
"74258","39.287330468","192.168.1.2","192.168.1.55","TCP","66","37068  >  8004 [ACK] Seq=144 Ack=56662 Win=82944 Len=0 TSval=3045563139 TSecr=2916043360"
"74259","39.287346190","192.168.1.55","192.168.1.2","TCP","1514","8004  >  37068 [ACK] Seq=105894 Ack=144 Win=65024 Len=1448 TSval=2916043368 TSecr=3045563139 [TCP segment of a reassembled PDU]"
"74260","39.287348301","192.168.1.55","192.168.1.2","TCP","1514","8004  >  37068 [ACK] Seq=107342 Ack=144 Win=65024 Len=1448 TSval=2916043368 TSecr=3045563139 [TCP segment of a reassembled PDU]"
"74261","39.287349523","192.168.1.55","192.168.1.2","TCP","1514","8004  >  37068 [ACK] Seq=108790 Ack=144 Win=65024 Len=1448 TSval=2916043368 TSecr=3045563139 [TCP segment of a reassembled PDU]"
"74262","39.287350672","192.168.1.55","192.168.1.2","TCP","1514","8004  >  37068 [ACK] Seq=110238 Ack=144 Win=65024 Len=1448 TSval=2916043368 TSecr=3045563139 [TCP segment of a reassembled PDU]"
"74263","39.287352005","192.168.1.55","192.168.1.2","TCP","1514","8004  >  37068 [ACK] Seq=111686 Ack=144 Win=65024 Len=1448 TSval=2916043368 TSecr=3045563139 [TCP segment of a reassembled PDU]"
"74264","39.287353153","192.168.1.55","192.168.1.2","TCP","1514","8004  >  37068 [ACK] Seq=113134 Ack=144 Win=65024 Len=1448 TSval=2916043368 TSecr=3045563139 [TCP segment of a reassembled PDU]"
"74265","39.287354412","192.168.1.55","192.168.1.2","TCP","1514","8004  >  37068 [ACK] Seq=114582 Ack=144 Win=65024 Len=1448 TSval=2916043368 TSecr=3045563139 [TCP segment of a reassembled PDU]"
"74266","39.287355709","192.168.1.55","192.168.1.2","TCP","1514","8004  >  37068 [ACK] Seq=116030 Ack=144 Win=65024 Len=1448 TSval=2916043368 TSecr=3045563139 [TCP segment of a reassembled PDU]"
"74267","39.287356875","192.168.1.55","192.168.1.2","TCP","1514","8004  >  37068 [ACK] Seq=117478 Ack=144 Win=65024 Len=1448 TSval=2916043368 TSecr=3045563139 [TCP segment of a reassembled PDU]"
"74268","39.287363635","192.168.1.55","192.168.1.2","TCP","1514","8004  >  37068 [PSH, ACK] Seq=118926 Ack=144 Win=65024 Len=1448 TSval=2916043368 TSecr=3045563139 [TCP segment of a reassembled PDU]"
"74269","39.287367968","192.168.1.2","192.168.1.55","TCP","66","37068  >  8004 [ACK] Seq=144 Ack=65350 Win=84992 Len=0 TSval=3045563140 TSecr=2916043360"
"74270","39.287375431","192.168.1.2","192.168.1.55","TCP","66","37068  >  8004 [ACK] Seq=144 Ack=74038 Win=76800 Len=0 TSval=3045563140 TSecr=2916043362"
"74271","39.287411912","192.168.1.55","192.168.1.2","TCP","1514","8004  >  37068 [ACK] Seq=120374 Ack=144 Win=65024 Len=1448 TSval=2916043368 TSecr=3045563140 [TCP segment of a reassembled PDU]"
"74272","39.287414523","192.168.1.55","192.168.1.2","TCP","1514","8004  >  37068 [ACK] Seq=121822 Ack=144 Win=65024 Len=1448 TSval=2916043368 TSecr=3045563140 [TCP segment of a reassembled PDU]"
"74273","39.287415783","192.168.1.55","192.168.1.2","TCP","1514","8004  >  37068 [ACK] Seq=123270 Ack=144 Win=65024 Len=1448 TSval=2916043368 TSecr=3045563140 [TCP segment of a reassembled PDU]"
"74274","39.287417431","192.168.1.55","192.168.1.2","TCP","1514","8004  >  37068 [ACK] Seq=124718 Ack=144 Win=65024 Len=1448 TSval=2916043368 TSecr=3045563140 [TCP segment of a reassembled PDU]"
"74275","39.287418949","192.168.1.55","192.168.1.2","TCP","1514","8004  >  37068 [ACK] Seq=126166 Ack=144 Win=65024 Len=1448 TSval=2916043368 TSecr=3045563140 [TCP segment of a reassembled PDU]"
"74276","39.287420283","192.168.1.55","192.168.1.2","TCP","1514","8004  >  37068 [ACK] Seq=127614 Ack=144 Win=65024 Len=1448 TSval=2916043368 TSecr=3045563140 [TCP segment of a reassembled PDU]"
"74277","39.287421764","192.168.1.55","192.168.1.2","TCP","1514","8004  >  37068 [ACK] Seq=129062 Ack=144 Win=65024 Len=1448 TSval=2916043368 TSecr=3045563140 [TCP segment of a reassembled PDU]"
"74278","39.287423135","192.168.1.55","192.168.1.2","TCP","1514","8004  >  37068 [ACK] Seq=130510 Ack=144 Win=65024 Len=1448 TSval=2916043368 TSecr=3045563140 [TCP segment of a reassembled PDU]"
"74279","39.287425579","192.168.1.55","192.168.1.2","TCP","1514","8004  >  37068 [ACK] Seq=131958 Ack=144 Win=65024 Len=1448 TSval=2916043368 TSecr=3045563140 [TCP segment of a reassembled PDU]"
"74280","39.287427283","192.168.1.55","192.168.1.2","TCP","1514","8004  >  37068 [ACK] Seq=133406 Ack=144 Win=65024 Len=1448 TSval=2916043368 TSecr=3045563140 [TCP segment of a reassembled PDU]"
"74281","39.287428524","192.168.1.55","192.168.1.2","TCP","1514","8004  >  37068 [ACK] Seq=134854 Ack=144 Win=65024 Len=1448 TSval=2916043368 TSecr=3045563140 [TCP segment of a reassembled PDU]"
"74282","39.287429986","192.168.1.55","192.168.1.2","TCP","1514","8004  >  37068 [ACK] Seq=136302 Ack=144 Win=65024 Len=1448 TSval=2916043368 TSecr=3045563140 [TCP segment of a reassembled PDU]"
"74283","39.287431394","192.168.1.55","192.168.1.2","TCP","1514","8004  >  37068 [ACK] Seq=137750 Ack=144 Win=65024 Len=1448 TSval=2916043368 TSecr=3045563140 [TCP segment of a reassembled PDU]"
"74284","39.287433024","192.168.1.55","192.168.1.2","TCP","1514","8004  >  37068 [ACK] Seq=139198 Ack=144 Win=65024 Len=1448 TSval=2916043368 TSecr=3045563140 [TCP segment of a reassembled PDU]"
"74285","39.287434653","192.168.1.55","192.168.1.2","TCP","1514","8004  >  37068 [ACK] Seq=140646 Ack=144 Win=65024 Len=1448 TSval=2916043368 TSecr=3045563140 [TCP segment of a reassembled PDU]"
"74286","39.287435820","192.168.1.55","192.168.1.2","TCP","1514","8004  >  37068 [ACK] Seq=142094 Ack=144 Win=65024 Len=1448 TSval=2916043368 TSecr=3045563140 [TCP segment of a reassembled PDU]"
"74287","39.287437505","192.168.1.55","192.168.1.2","TCP","1514","8004  >  37068 [ACK] Seq=143542 Ack=144 Win=65024 Len=1448 TSval=2916043368 TSecr=3045563140 [TCP segment of a reassembled PDU]"
"74288","39.287438912","192.168.1.55","192.168.1.2","TCP","1514","8004  >  37068 [ACK] Seq=144990 Ack=144 Win=65024 Len=1448 TSval=2916043368 TSecr=3045563140 [TCP segment of a reassembled PDU]"
"74289","39.287440338","192.168.1.55","192.168.1.2","TCP","1514","8004  >  37068 [ACK] Seq=146438 Ack=144 Win=65024 Len=1448 TSval=2916043368 TSecr=3045563140 [TCP segment of a reassembled PDU]"
"74290","39.287442098","192.168.1.55","192.168.1.2","TCP","1514","8004  >  37068 [ACK] Seq=147886 Ack=144 Win=65024 Len=1448 TSval=2916043368 TSecr=3045563140 [TCP segment of a reassembled PDU]"
"74291","39.287443542","192.168.1.55","192.168.1.2","TCP","1514","8004  >  37068 [ACK] Seq=149334 Ack=144 Win=65024 Len=1448 TSval=2916043368 TSecr=3045563140 [TCP segment of a reassembled PDU]"
"74292","39.287445246","192.168.1.55","192.168.1.2","TCP","122","[TCP Window Full] 8004  >  37068 [PSH, ACK] Seq=150782 Ack=144 Win=65024 Len=56 TSval=2916043368 TSecr=3045563140 [TCP segment of a reassembled PDU]"
"74293","39.288637877","192.168.1.2","192.168.1.55","TCP","66","37068  >  8004 [ACK] Seq=144 Ack=76934 Win=74752 Len=0 TSval=3045563140 TSecr=2916043363"
"74294","39.288780192","192.168.1.2","192.168.1.55","TCP","66","37068  >  8004 [ACK] Seq=144 Ack=100102 Win=69632 Len=0 TSval=3045563143 TSecr=2916043365"
"74295","39.288796174","192.168.1.55","192.168.1.2","TCP","1514","8004  >  37068 [ACK] Seq=150838 Ack=144 Win=65024 Len=1448 TSval=2916043369 TSecr=3045563143 [TCP segment of a reassembled PDU]"
"74296","39.288798711","192.168.1.55","192.168.1.2","TCP","1514","8004  >  37068 [ACK] Seq=152286 Ack=144 Win=65024 Len=1448 TSval=2916043369 TSecr=3045563143 [TCP segment of a reassembled PDU]"
"74297","39.288800341","192.168.1.55","192.168.1.2","TCP","1514","8004  >  37068 [ACK] Seq=153734 Ack=144 Win=65024 Len=1448 TSval=2916043369 TSecr=3045563143 [TCP segment of a reassembled PDU]"
"74298","39.288801581","192.168.1.55","192.168.1.2","TCP","1514","8004  >  37068 [ACK] Seq=155182 Ack=144 Win=65024 Len=1448 TSval=2916043369 TSecr=3045563143 [TCP segment of a reassembled PDU]"
"74299","39.288802766","192.168.1.55","192.168.1.2","TCP","1514","8004  >  37068 [ACK] Seq=156630 Ack=144 Win=65024 Len=1448 TSval=2916043369 TSecr=3045563143 [TCP segment of a reassembled PDU]"
"74300","39.288803989","192.168.1.55","192.168.1.2","TCP","1514","8004  >  37068 [ACK] Seq=158078 Ack=144 Win=65024 Len=1448 TSval=2916043369 TSecr=3045563143 [TCP segment of a reassembled PDU]"
"74301","39.288805229","192.168.1.55","192.168.1.2","TCP","1514","8004  >  37068 [ACK] Seq=159526 Ack=144 Win=65024 Len=1448 TSval=2916043369 TSecr=3045563143 [TCP segment of a reassembled PDU]"
"74302","39.288806489","192.168.1.55","192.168.1.2","TCP","1514","8004  >  37068 [PSH, ACK] Seq=160974 Ack=144 Win=65024 Len=1448 TSval=2916043369 TSecr=3045563143 [TCP segment of a reassembled PDU]"
"74303","39.288811970","192.168.1.55","192.168.1.2","TCP","1458","8004  >  37068 [ACK] Seq=162422 Ack=144 Win=65024 Len=1392 TSval=2916043369 TSecr=3045563143 [TCP segment of a reassembled PDU]"
"74304","39.288820378","192.168.1.55","192.168.1.2","TCP","1514","8004  >  37068 [ACK] Seq=163814 Ack=144 Win=65024 Len=1448 TSval=2916043369 TSecr=3045563143 [TCP segment of a reassembled PDU]"
"74305","39.288821692","192.168.1.55","192.168.1.2","TCP","1514","8004  >  37068 [ACK] Seq=165262 Ack=144 Win=65024 Len=1448 TSval=2916043369 TSecr=3045563143 [TCP segment of a reassembled PDU]"
"74306","39.288822878","192.168.1.55","192.168.1.2","TCP","1514","8004  >  37068 [ACK] Seq=166710 Ack=144 Win=65024 Len=1448 TSval=2916043369 TSecr=3045563143 [TCP segment of a reassembled PDU]"
"74307","39.288824211","192.168.1.55","192.168.1.2","TCP","1514","8004  >  37068 [PSH, ACK] Seq=168158 Ack=144 Win=65024 Len=1448 TSval=2916043369 TSecr=3045563143 [TCP segment of a reassembled PDU]"
"74308","39.294711943","192.168.1.2","192.168.1.55","TCP","66","37068  >  8004 [ACK] Seq=144 Ack=105894 Win=88064 Len=0 TSval=3045563149 TSecr=2916043367"
"74309","39.294738258","192.168.1.55","192.168.1.2","TCP","1514","8004  >  37068 [ACK] Seq=169606 Ack=144 Win=65024 Len=1448 TSval=2916043375 TSecr=3045563149 [TCP segment of a reassembled PDU]"
"74310","39.294741924","192.168.1.55","192.168.1.2","TCP","1514","8004  >  37068 [ACK] Seq=171054 Ack=144 Win=65024 Len=1448 TSval=2916043375 TSecr=3045563149 [TCP segment of a reassembled PDU]"
"74311","39.294743239","192.168.1.55","192.168.1.2","TCP","1514","8004  >  37068 [ACK] Seq=172502 Ack=144 Win=65024 Len=1448 TSval=2916043375 TSecr=3045563149 [TCP segment of a reassembled PDU]"
"74312","39.294744387","192.168.1.55","192.168.1.2","TCP","1514","8004  >  37068 [ACK] Seq=173950 Ack=144 Win=65024 Len=1448 TSval=2916043375 TSecr=3045563149 [TCP segment of a reassembled PDU]"
"74313","39.294745628","192.168.1.55","192.168.1.2","TCP","1514","8004  >  37068 [ACK] Seq=175398 Ack=144 Win=65024 Len=1448 TSval=2916043375 TSecr=3045563149 [TCP segment of a reassembled PDU]"
"74314","39.294746869","192.168.1.55","192.168.1.2","TCP","1514","8004  >  37068 [ACK] Seq=176846 Ack=144 Win=65024 Len=1448 TSval=2916043375 TSecr=3045563149 [TCP segment of a reassembled PDU]"
"74315","39.294748184","192.168.1.55","192.168.1.2","TCP","1514","8004  >  37068 [ACK] Seq=178294 Ack=144 Win=65024 Len=1448 TSval=2916043375 TSecr=3045563149 [TCP segment of a reassembled PDU]"
"74316","39.294749424","192.168.1.55","192.168.1.2","TCP","1514","8004  >  37068 [ACK] Seq=179742 Ack=144 Win=65024 Len=1448 TSval=2916043375 TSecr=3045563149 [TCP segment of a reassembled PDU]"
"74317","39.294750795","192.168.1.55","192.168.1.2","TCP","1514","8004  >  37068 [ACK] Seq=181190 Ack=144 Win=65024 Len=1448 TSval=2916043375 TSecr=3045563149 [TCP segment of a reassembled PDU]"
"74318","39.294751906","192.168.1.55","192.168.1.2","TCP","1514","8004  >  37068 [ACK] Seq=182638 Ack=144 Win=65024 Len=1448 TSval=2916043375 TSecr=3045563149 [TCP segment of a reassembled PDU]"
"74319","39.294753147","192.168.1.55","192.168.1.2","TCP","1514","8004  >  37068 [ACK] Seq=184086 Ack=144 Win=65024 Len=1448 TSval=2916043375 TSecr=3045563149 [TCP segment of a reassembled PDU]"
"74320","39.294754295","192.168.1.55","192.168.1.2","TCP","1514","8004  >  37068 [ACK] Seq=185534 Ack=144 Win=65024 Len=1448 TSval=2916043375 TSecr=3045563149 [TCP segment of a reassembled PDU]"
"74321","39.294755887","192.168.1.55","192.168.1.2","TCP","1514","8004  >  37068 [ACK] Seq=186982 Ack=144 Win=65024 Len=1448 TSval=2916043375 TSecr=3045563149 [TCP segment of a reassembled PDU]"
"74322","39.294757017","192.168.1.55","192.168.1.2","TCP","1514","8004  >  37068 [ACK] Seq=188430 Ack=144 Win=65024 Len=1448 TSval=2916043375 TSecr=3045563149 [TCP segment of a reassembled PDU]"
"74323","39.294758276","192.168.1.55","192.168.1.2","TCP","1514","8004  >  37068 [ACK] Seq=189878 Ack=144 Win=65024 Len=1448 TSval=2916043375 TSecr=3045563149 [TCP segment of a reassembled PDU]"
"74324","39.294759480","192.168.1.55","192.168.1.2","TCP","1514","8004  >  37068 [PSH, ACK] Seq=191326 Ack=144 Win=65024 Len=1448 TSval=2916043375 TSecr=3045563149 [TCP segment of a reassembled PDU]"
"74325","39.294796647","192.168.1.2","192.168.1.55","TCP","66","37068  >  8004 [ACK] Seq=144 Ack=120374 Win=73728 Len=0 TSval=3045563149 TSecr=2916043368"
"74326","39.297327799","192.168.1.2","192.168.1.55","TCP","66","37068  >  8004 [ACK] Seq=144 Ack=162422 Win=31744 Len=0 TSval=3045563151 TSecr=2916043368"
"74327","39.297451262","192.168.1.2","192.168.1.55","TCP","66","37068  >  8004 [ACK] Seq=144 Ack=169606 Win=24576 Len=0 TSval=3045563151 TSecr=2916043369"
"74328","39.297458651","192.168.1.2","192.168.1.55","TCP","66","[TCP Window Update] 37068  >  8004 [ACK] Seq=144 Ack=169606 Win=75776 Len=0 TSval=3045563151 TSecr=2916043369"
"74329","39.297473855","192.168.1.55","192.168.1.2","TCP","1514","8004  >  37068 [ACK] Seq=192774 Ack=144 Win=65024 Len=1448 TSval=2916043378 TSecr=3045563151 [TCP segment of a reassembled PDU]"
"74330","39.297476188","192.168.1.55","192.168.1.2","TCP","1514","8004  >  37068 [ACK] Seq=194222 Ack=144 Win=65024 Len=1448 TSval=2916043378 TSecr=3045563151 [TCP segment of a reassembled PDU]"
"74331","39.297477873","192.168.1.55","192.168.1.2","TCP","1514","8004  >  37068 [ACK] Seq=195670 Ack=144 Win=65024 Len=1448 TSval=2916043378 TSecr=3045563151 [TCP segment of a reassembled PDU]"
"74332","39.297479244","192.168.1.55","192.168.1.2","TCP","1514","8004  >  37068 [ACK] Seq=197118 Ack=144 Win=65024 Len=1448 TSval=2916043378 TSecr=3045563151 [TCP segment of a reassembled PDU]"
"74333","39.297480688","192.168.1.55","192.168.1.2","TCP","1514","8004  >  37068 [ACK] Seq=198566 Ack=144 Win=65024 Len=1448 TSval=2916043378 TSecr=3045563151 [TCP segment of a reassembled PDU]"
"74334","39.297481966","192.168.1.55","192.168.1.2","TCP","1514","8004  >  37068 [ACK] Seq=200014 Ack=144 Win=65024 Len=1448 TSval=2916043378 TSecr=3045563151 [TCP segment of a reassembled PDU]"
"74335","39.297483429","192.168.1.55","192.168.1.2","TCP","1514","8004  >  37068 [ACK] Seq=201462 Ack=144 Win=65024 Len=1448 TSval=2916043378 TSecr=3045563151 [TCP segment of a reassembled PDU]"
"74336","39.297484725","192.168.1.55","192.168.1.2","TCP","1514","8004  >  37068 [ACK] Seq=202910 Ack=144 Win=65024 Len=1448 TSval=2916043378 TSecr=3045563151 [TCP segment of a reassembled PDU]"
"74337","39.297486003","192.168.1.55","192.168.1.2","TCP","1514","8004  >  37068 [ACK] Seq=204358 Ack=144 Win=65024 Len=1448 TSval=2916043378 TSecr=3045563151 [TCP segment of a reassembled PDU]"
"74338","39.297487392","192.168.1.55","192.168.1.2","TCP","1514","8004  >  37068 [ACK] Seq=205806 Ack=144 Win=65024 Len=1448 TSval=2916043378 TSecr=3045563151 [TCP segment of a reassembled PDU]"
"74339","39.297488744","192.168.1.55","192.168.1.2","TCP","1514","8004  >  37068 [ACK] Seq=207254 Ack=144 Win=65024 Len=1448 TSval=2916043378 TSecr=3045563151 [TCP segment of a reassembled PDU]"
"74340","39.297490132","192.168.1.55","192.168.1.2","TCP","1514","8004  >  37068 [PSH, ACK] Seq=208702 Ack=144 Win=65024 Len=1448 TSval=2916043378 TSecr=3045563151 [TCP segment of a reassembled PDU]"
"74341","39.297520503","192.168.1.55","192.168.1.2","TCP","1514","8004  >  37068 [ACK] Seq=210150 Ack=144 Win=65024 Len=1448 TSval=2916043378 TSecr=3045563151 [TCP segment of a reassembled PDU]"
"74342","39.297522262","192.168.1.55","192.168.1.2","TCP","1514","8004  >  37068 [ACK] Seq=211598 Ack=144 Win=65024 Len=1448 TSval=2916043378 TSecr=3045563151 [TCP segment of a reassembled PDU]"
"74343","39.297523670","192.168.1.55","192.168.1.2","TCP","1514","8004  >  37068 [ACK] Seq=213046 Ack=144 Win=65024 Len=1448 TSval=2916043378 TSecr=3045563151 [TCP segment of a reassembled PDU]"
"74344","39.297525392","192.168.1.55","192.168.1.2","TCP","1514","8004  >  37068 [ACK] Seq=214494 Ack=144 Win=65024 Len=1448 TSval=2916043378 TSecr=3045563151 [TCP segment of a reassembled PDU]"
"74345","39.297526799","192.168.1.55","192.168.1.2","TCP","1514","8004  >  37068 [ACK] Seq=215942 Ack=144 Win=65024 Len=1448 TSval=2916043378 TSecr=3045563151 [TCP segment of a reassembled PDU]"
"74346","39.297528114","192.168.1.55","192.168.1.2","TCP","1514","8004  >  37068 [ACK] Seq=217390 Ack=144 Win=65024 Len=1448 TSval=2916043378 TSecr=3045563151 [TCP segment of a reassembled PDU]"
"74347","39.297529429","192.168.1.55","192.168.1.2","TCP","1514","8004  >  37068 [ACK] Seq=218838 Ack=144 Win=65024 Len=1448 TSval=2916043378 TSecr=3045563151 [TCP segment of a reassembled PDU]"
"74348","39.297530966","192.168.1.55","192.168.1.2","TCP","1514","8004  >  37068 [ACK] Seq=220286 Ack=144 Win=65024 Len=1448 TSval=2916043378 TSecr=3045563151 [TCP segment of a reassembled PDU]"
"74349","39.297532392","192.168.1.55","192.168.1.2","TCP","1514","8004  >  37068 [ACK] Seq=221734 Ack=144 Win=65024 Len=1448 TSval=2916043378 TSecr=3045563151 [TCP segment of a reassembled PDU]"
"74350","39.297533688","192.168.1.55","192.168.1.2","TCP","1514","8004  >  37068 [ACK] Seq=223182 Ack=144 Win=65024 Len=1448 TSval=2916043378 TSecr=3045563151 [TCP segment of a reassembled PDU]"
"74351","39.297535077","192.168.1.55","192.168.1.2","TCP","1514","8004  >  37068 [ACK] Seq=224630 Ack=144 Win=65024 Len=1448 TSval=2916043378 TSecr=3045563151 [TCP segment of a reassembled PDU]"
"74352","39.297536373","192.168.1.55","192.168.1.2","TCP","1514","8004  >  37068 [ACK] Seq=226078 Ack=144 Win=65024 Len=1448 TSval=2916043378 TSecr=3045563151 [TCP segment of a reassembled PDU]"
"74353","39.297537781","192.168.1.55","192.168.1.2","TCP","1514","8004  >  37068 [ACK] Seq=227526 Ack=144 Win=65024 Len=1448 TSval=2916043378 TSecr=3045563151 [TCP segment of a reassembled PDU]"
"74354","39.297539225","192.168.1.55","192.168.1.2","TCP","1514","8004  >  37068 [ACK] Seq=228974 Ack=144 Win=65024 Len=1448 TSval=2916043378 TSecr=3045563151 [TCP segment of a reassembled PDU]"
"74355","39.297541225","192.168.1.55","192.168.1.2","TCP","1514","8004  >  37068 [ACK] Seq=230422 Ack=144 Win=65024 Len=1448 TSval=2916043378 TSecr=3045563151 [TCP segment of a reassembled PDU]"
"74356","39.297542688","192.168.1.55","192.168.1.2","TCP","1514","8004  >  37068 [ACK] Seq=231870 Ack=144 Win=65024 Len=1448 TSval=2916043378 TSecr=3045563151 [TCP segment of a reassembled PDU]"
"74357","39.297544021","192.168.1.55","192.168.1.2","TCP","1514","8004  >  37068 [ACK] Seq=233318 Ack=144 Win=65024 Len=1448 TSval=2916043378 TSecr=3045563151 [TCP segment of a reassembled PDU]"
"74358","39.297545633","192.168.1.55","192.168.1.2","TCP","1514","8004  >  37068 [ACK] Seq=234766 Ack=144 Win=65024 Len=1448 TSval=2916043378 TSecr=3045563151 [TCP segment of a reassembled PDU]"
"74359","39.297547133","192.168.1.55","192.168.1.2","TCP","1514","8004  >  37068 [ACK] Seq=236214 Ack=144 Win=65024 Len=1448 TSval=2916043378 TSecr=3045563151 [TCP segment of a reassembled PDU]"
"74360","39.297548540","192.168.1.55","192.168.1.2","TCP","1514","8004  >  37068 [ACK] Seq=237662 Ack=144 Win=65024 Len=1448 TSval=2916043378 TSecr=3045563151 [TCP segment of a reassembled PDU]"
"74361","39.297549966","192.168.1.55","192.168.1.2","TCP","1514","8004  >  37068 [ACK] Seq=239110 Ack=144 Win=65024 Len=1448 TSval=2916043378 TSecr=3045563151 [TCP segment of a reassembled PDU]"
"74362","39.297551262","192.168.1.55","192.168.1.2","TCP","1514","8004  >  37068 [ACK] Seq=240558 Ack=144 Win=65024 Len=1448 TSval=2916043378 TSecr=3045563151 [TCP segment of a reassembled PDU]"
"74363","39.297552818","192.168.1.55","192.168.1.2","TCP","1514","8004  >  37068 [ACK] Seq=242006 Ack=144 Win=65024 Len=1448 TSval=2916043378 TSecr=3045563151 [TCP segment of a reassembled PDU]"
"74364","39.297554281","192.168.1.55","192.168.1.2","TCP","1514","8004  >  37068 [ACK] Seq=243454 Ack=144 Win=65024 Len=1448 TSval=2916043378 TSecr=3045563151 [TCP segment of a reassembled PDU]"
"74365","39.297556096","192.168.1.55","192.168.1.2","TCP","546","[TCP Window Full] 8004  >  37068 [PSH, ACK] Seq=244902 Ack=144 Win=65024 Len=480 TSval=2916043378 TSecr=3045563151 [TCP segment of a reassembled PDU]"
"74366","39.300039174","192.168.1.2","192.168.1.55","TCP","66","37068  >  8004 [ACK] Seq=144 Ack=184086 Win=77824 Len=0 TSval=3045563153 TSecr=2916043375"
"74367","39.300070803","192.168.1.55","192.168.1.2","TCP","1514","8004  >  37068 [ACK] Seq=245382 Ack=144 Win=65024 Len=1448 TSval=2916043380 TSecr=3045563153 [TCP segment of a reassembled PDU]"
"74368","39.300074489","192.168.1.55","192.168.1.2","TCP","1514","8004  >  37068 [ACK] Seq=246830 Ack=144 Win=65024 Len=1448 TSval=2916043380 TSecr=3045563153 [TCP segment of a reassembled PDU]"
"74369","39.300076303","192.168.1.55","192.168.1.2","TCP","1514","8004  >  37068 [ACK] Seq=248278 Ack=144 Win=65024 Len=1448 TSval=2916043380 TSecr=3045563153 [TCP segment of a reassembled PDU]"
"74370","39.300077970","192.168.1.55","192.168.1.2","TCP","1514","8004  >  37068 [ACK] Seq=249726 Ack=144 Win=65024 Len=1448 TSval=2916043380 TSecr=3045563153 [TCP segment of a reassembled PDU]"
"74371","39.300079248","192.168.1.55","192.168.1.2","TCP","1514","8004  >  37068 [ACK] Seq=251174 Ack=144 Win=65024 Len=1448 TSval=2916043380 TSecr=3045563153 [TCP segment of a reassembled PDU]"
"74372","39.300080563","192.168.1.55","192.168.1.2","TCP","1514","8004  >  37068 [ACK] Seq=252622 Ack=144 Win=65024 Len=1448 TSval=2916043380 TSecr=3045563153 [TCP segment of a reassembled PDU]"
"74373","39.300082118","192.168.1.55","192.168.1.2","TCP","1514","8004  >  37068 [PSH, ACK] Seq=254070 Ack=144 Win=65024 Len=1448 TSval=2916043380 TSecr=3045563153 [TCP segment of a reassembled PDU]"
"74374","39.300090914","192.168.1.55","192.168.1.2","TCP","1034","8004  >  37068 [PSH, ACK] Seq=255518 Ack=144 Win=65024 Len=968 TSval=2916043380 TSecr=3045563153 [TCP segment of a reassembled PDU]"
"74375","39.304171662","192.168.1.2","192.168.1.55","TCP","66","37068  >  8004 [ACK] Seq=144 Ack=192774 Win=83968 Len=0 TSval=3045563154 TSecr=2916043375"
"74376","39.304220199","192.168.1.55","192.168.1.2","TCP","1514","8004  >  37068 [ACK] Seq=256486 Ack=144 Win=65024 Len=1448 TSval=2916043384 TSecr=3045563154 [TCP segment of a reassembled PDU]"
"74377","39.304225310","192.168.1.55","192.168.1.2","TCP","1514","8004  >  37068 [ACK] Seq=257934 Ack=144 Win=65024 Len=1448 TSval=2916043384 TSecr=3045563154 [TCP segment of a reassembled PDU]"
"74378","39.304226680","192.168.1.55","192.168.1.2","TCP","1514","8004  >  37068 [ACK] Seq=259382 Ack=144 Win=65024 Len=1448 TSval=2916043384 TSecr=3045563154 [TCP segment of a reassembled PDU]"
"74379","39.304228162","192.168.1.55","192.168.1.2","TCP","1514","8004  >  37068 [ACK] Seq=260830 Ack=144 Win=65024 Len=1448 TSval=2916043384 TSecr=3045563154 [TCP segment of a reassembled PDU]"
"74380","39.304230736","192.168.1.55","192.168.1.2","TCP","1514","8004  >  37068 [ACK] Seq=262278 Ack=144 Win=65024 Len=1448 TSval=2916043384 TSecr=3045563154 [TCP segment of a reassembled PDU]"
"74381","39.304232643","192.168.1.55","192.168.1.2","TCP","1514","8004  >  37068 [ACK] Seq=263726 Ack=144 Win=65024 Len=1448 TSval=2916043384 TSecr=3045563154 [TCP segment of a reassembled PDU]"
"74382","39.304234051","192.168.1.55","192.168.1.2","TCP","1514","8004  >  37068 [ACK] Seq=265174 Ack=144 Win=65024 Len=1448 TSval=2916043384 TSecr=3045563154 [TCP segment of a reassembled PDU]"
"74383","39.304235384","192.168.1.55","192.168.1.2","TCP","1514","8004  >  37068 [ACK] Seq=266622 Ack=144 Win=65024 Len=1448 TSval=2916043384 TSecr=3045563154 [TCP segment of a reassembled PDU]"
"74384","39.304236903","192.168.1.55","192.168.1.2","TCP","1514","8004  >  37068 [ACK] Seq=268070 Ack=144 Win=65024 Len=1448 TSval=2916043384 TSecr=3045563154 [TCP segment of a reassembled PDU]"
"74385","39.304239588","192.168.1.55","192.168.1.2","TCP","1514","8004  >  37068 [ACK] Seq=269518 Ack=144 Win=65024 Len=1448 TSval=2916043384 TSecr=3045563154 [TCP segment of a reassembled PDU]"
"74386","39.304241236","192.168.1.55","192.168.1.2","TCP","1514","8004  >  37068 [ACK] Seq=270966 Ack=144 Win=65024 Len=1448 TSval=2916043384 TSecr=3045563154 [TCP segment of a reassembled PDU]"
"74387","39.304242588","192.168.1.55","192.168.1.2","TCP","1514","8004  >  37068 [ACK] Seq=272414 Ack=144 Win=65024 Len=1448 TSval=2916043384 TSecr=3045563154 [TCP segment of a reassembled PDU]"
"74388","39.304243847","192.168.1.55","192.168.1.2","TCP","1514","8004  >  37068 [PSH, ACK] Seq=273862 Ack=144 Win=65024 Len=1448 TSval=2916043384 TSecr=3045563154 [TCP segment of a reassembled PDU]"
"74389","39.304314421","192.168.1.2","192.168.1.55","TCP","66","37068  >  8004 [ACK] Seq=144 Ack=210150 Win=94208 Len=0 TSval=3045563157 TSecr=2916043378"
"74390","39.304360718","192.168.1.55","192.168.1.2","TCP","1514","8004  >  37068 [ACK] Seq=275310 Ack=144 Win=65024 Len=1448 TSval=2916043385 TSecr=3045563157 [TCP segment of a reassembled PDU]"
"74391","39.304362514","192.168.1.55","192.168.1.2","TCP","1514","8004  >  37068 [ACK] Seq=276758 Ack=144 Win=65024 Len=1448 TSval=2916043385 TSecr=3045563157 [TCP segment of a reassembled PDU]"
"74392","39.304363866","192.168.1.55","192.168.1.2","TCP","1514","8004  >  37068 [ACK] Seq=278206 Ack=144 Win=65024 Len=1448 TSval=2916043385 TSecr=3045563157 [TCP segment of a reassembled PDU]"
"74393","39.304365199","192.168.1.55","192.168.1.2","TCP","1514","8004  >  37068 [ACK] Seq=279654 Ack=144 Win=65024 Len=1448 TSval=2916043385 TSecr=3045563157 [TCP segment of a reassembled PDU]"
"74394","39.304367477","192.168.1.55","192.168.1.2","TCP","1514","8004  >  37068 [ACK] Seq=281102 Ack=144 Win=65024 Len=1448 TSval=2916043385 TSecr=3045563157 [TCP segment of a reassembled PDU]"
"74395","39.304369070","192.168.1.55","192.168.1.2","TCP","1514","8004  >  37068 [ACK] Seq=282550 Ack=144 Win=65024 Len=1448 TSval=2916043385 TSecr=3045563157 [TCP segment of a reassembled PDU]"
"74396","39.304370773","192.168.1.55","192.168.1.2","TCP","1514","8004  >  37068 [ACK] Seq=283998 Ack=144 Win=65024 Len=1448 TSval=2916043385 TSecr=3045563157 [TCP segment of a reassembled PDU]"
"74397","39.304372218","192.168.1.55","192.168.1.2","TCP","1514","8004  >  37068 [ACK] Seq=285446 Ack=144 Win=65024 Len=1448 TSval=2916043385 TSecr=3045563157 [TCP segment of a reassembled PDU]"
"74398","39.304375366","192.168.1.55","192.168.1.2","TCP","1514","8004  >  37068 [ACK] Seq=286894 Ack=144 Win=65024 Len=1448 TSval=2916043385 TSecr=3045563157 [TCP segment of a reassembled PDU]"
"74399","39.304376977","192.168.1.55","192.168.1.2","TCP","1514","8004  >  37068 [ACK] Seq=288342 Ack=144 Win=65024 Len=1448 TSval=2916043385 TSecr=3045563157 [TCP segment of a reassembled PDU]"
"74400","39.304378384","192.168.1.55","192.168.1.2","TCP","1514","8004  >  37068 [ACK] Seq=289790 Ack=144 Win=65024 Len=1448 TSval=2916043385 TSecr=3045563157 [TCP segment of a reassembled PDU]"
"74401","39.304379792","192.168.1.55","192.168.1.2","TCP","1514","8004  >  37068 [ACK] Seq=291238 Ack=144 Win=65024 Len=1448 TSval=2916043385 TSecr=3045563157 [TCP segment of a reassembled PDU]"
"74402","39.304381199","192.168.1.55","192.168.1.2","TCP","1514","8004  >  37068 [ACK] Seq=292686 Ack=144 Win=65024 Len=1448 TSval=2916043385 TSecr=3045563157 [TCP segment of a reassembled PDU]"
"74403","39.304383736","192.168.1.55","192.168.1.2","TCP","1514","8004  >  37068 [ACK] Seq=294134 Ack=144 Win=65024 Len=1448 TSval=2916043385 TSecr=3045563157 [TCP segment of a reassembled PDU]"
"74404","39.304385940","192.168.1.55","192.168.1.2","TCP","1514","8004  >  37068 [ACK] Seq=295582 Ack=144 Win=65024 Len=1448 TSval=2916043385 TSecr=3045563157 [TCP segment of a reassembled PDU]"
"74405","39.304387273","192.168.1.55","192.168.1.2","TCP","1514","8004  >  37068 [ACK] Seq=297030 Ack=144 Win=65024 Len=1448 TSval=2916043385 TSecr=3045563157 [TCP segment of a reassembled PDU]"
"74406","39.304390181","192.168.1.55","192.168.1.2","TCP","1514","8004  >  37068 [ACK] Seq=298478 Ack=144 Win=65024 Len=1448 TSval=2916043385 TSecr=3045563157 [TCP segment of a reassembled PDU]"
"74407","39.304391681","192.168.1.55","192.168.1.2","TCP","1514","8004  >  37068 [ACK] Seq=299926 Ack=144 Win=65024 Len=1448 TSval=2916043385 TSecr=3045563157 [TCP segment of a reassembled PDU]"
"74408","39.304393366","192.168.1.55","192.168.1.2","TCP","1514","8004  >  37068 [PSH, ACK] Seq=301374 Ack=144 Win=65024 Len=1448 TSval=2916043385 TSecr=3045563157 [TCP segment of a reassembled PDU]"
"74409","39.304399292","192.168.1.2","192.168.1.55","TCP","66","37068  >  8004 [ACK] Seq=144 Ack=245382 Win=102400 Len=0 TSval=3045563158 TSecr=2916043378"
"74410","39.304461996","192.168.1.55","192.168.1.2","TCP","1514","8004  >  37068 [ACK] Seq=302822 Ack=144 Win=65024 Len=1448 TSval=2916043385 TSecr=3045563158 [TCP segment of a reassembled PDU]"
"74411","39.304465440","192.168.1.55","192.168.1.2","TCP","1514","8004  >  37068 [ACK] Seq=304270 Ack=144 Win=65024 Len=1448 TSval=2916043385 TSecr=3045563158 [TCP segment of a reassembled PDU]"
"74412","39.304467218","192.168.1.55","192.168.1.2","TCP","1514","8004  >  37068 [ACK] Seq=305718 Ack=144 Win=65024 Len=1448 TSval=2916043385 TSecr=3045563158 [TCP segment of a reassembled PDU]"
"74413","39.304468755","192.168.1.55","192.168.1.2","TCP","1514","8004  >  37068 [ACK] Seq=307166 Ack=144 Win=65024 Len=1448 TSval=2916043385 TSecr=3045563158 [TCP segment of a reassembled PDU]"
"74414","39.304470181","192.168.1.55","192.168.1.2","TCP","1514","8004  >  37068 [ACK] Seq=308614 Ack=144 Win=65024 Len=1448 TSval=2916043385 TSecr=3045563158 [TCP segment of a reassembled PDU]"
"74415","39.304471885","192.168.1.55","192.168.1.2","TCP","1514","8004  >  37068 [ACK] Seq=310062 Ack=144 Win=65024 Len=1448 TSval=2916043385 TSecr=3045563158 [TCP segment of a reassembled PDU]"
"74416","39.304473885","192.168.1.55","192.168.1.2","TCP","1514","8004  >  37068 [ACK] Seq=311510 Ack=144 Win=65024 Len=1448 TSval=2916043385 TSecr=3045563158 [TCP segment of a reassembled PDU]"
"74417","39.304475236","192.168.1.55","192.168.1.2","TCP","1514","8004  >  37068 [ACK] Seq=312958 Ack=144 Win=65024 Len=1448 TSval=2916043385 TSecr=3045563158 [TCP segment of a reassembled PDU]"
"74418","39.304476662","192.168.1.55","192.168.1.2","TCP","1514","8004  >  37068 [ACK] Seq=314406 Ack=144 Win=65024 Len=1448 TSval=2916043385 TSecr=3045563158 [TCP segment of a reassembled PDU]"
"74419","39.304479199","192.168.1.55","192.168.1.2","TCP","1514","8004  >  37068 [ACK] Seq=315854 Ack=144 Win=65024 Len=1448 TSval=2916043385 TSecr=3045563158 [TCP segment of a reassembled PDU]"
"74420","39.304480959","192.168.1.55","192.168.1.2","TCP","1514","8004  >  37068 [ACK] Seq=317302 Ack=144 Win=65024 Len=1448 TSval=2916043385 TSecr=3045563158 [TCP segment of a reassembled PDU]"
"74421","39.304482403","192.168.1.55","192.168.1.2","TCP","1514","8004  >  37068 [ACK] Seq=318750 Ack=144 Win=65024 Len=1448 TSval=2916043385 TSecr=3045563158 [TCP segment of a reassembled PDU]"
"74422","39.304483885","192.168.1.55","192.168.1.2","TCP","1514","8004  >  37068 [ACK] Seq=320198 Ack=144 Win=65024 Len=1448 TSval=2916043385 TSecr=3045563158 [TCP segment of a reassembled PDU]"
"74423","39.304485181","192.168.1.55","192.168.1.2","TCP","1514","8004  >  37068 [ACK] Seq=321646 Ack=144 Win=65024 Len=1448 TSval=2916043385 TSecr=3045563158 [TCP segment of a reassembled PDU]"
"74424","39.304488107","192.168.1.55","192.168.1.2","TCP","1514","8004  >  37068 [ACK] Seq=323094 Ack=144 Win=65024 Len=1448 TSval=2916043385 TSecr=3045563158 [TCP segment of a reassembled PDU]"
"74425","39.304490125","192.168.1.55","192.168.1.2","TCP","1514","8004  >  37068 [ACK] Seq=324542 Ack=144 Win=65024 Len=1448 TSval=2916043385 TSecr=3045563158 [TCP segment of a reassembled PDU]"
"74426","39.304491625","192.168.1.55","192.168.1.2","TCP","1514","8004  >  37068 [ACK] Seq=325990 Ack=144 Win=65024 Len=1448 TSval=2916043385 TSecr=3045563158 [TCP segment of a reassembled PDU]"
"74427","39.304493014","192.168.1.55","192.168.1.2","TCP","1514","8004  >  37068 [ACK] Seq=327438 Ack=144 Win=65024 Len=1448 TSval=2916043385 TSecr=3045563158 [TCP segment of a reassembled PDU]"
"74428","39.304494403","192.168.1.55","192.168.1.2","TCP","1514","8004  >  37068 [ACK] Seq=328886 Ack=144 Win=65024 Len=1448 TSval=2916043385 TSecr=3045563158 [TCP segment of a reassembled PDU]"
"74429","39.304496792","192.168.1.55","192.168.1.2","TCP","1514","8004  >  37068 [ACK] Seq=330334 Ack=144 Win=65024 Len=1448 TSval=2916043385 TSecr=3045563158 [TCP segment of a reassembled PDU]"
"74430","39.304498551","192.168.1.55","192.168.1.2","TCP","1514","8004  >  37068 [ACK] Seq=331782 Ack=144 Win=65024 Len=1448 TSval=2916043385 TSecr=3045563158 [TCP segment of a reassembled PDU]"
"74431","39.304499996","192.168.1.55","192.168.1.2","TCP","1514","8004  >  37068 [ACK] Seq=333230 Ack=144 Win=65024 Len=1448 TSval=2916043385 TSecr=3045563158 [TCP segment of a reassembled PDU]"
"74432","39.304501366","192.168.1.55","192.168.1.2","TCP","1514","8004  >  37068 [ACK] Seq=334678 Ack=144 Win=65024 Len=1448 TSval=2916043385 TSecr=3045563158 [TCP segment of a reassembled PDU]"
"74433","39.304502866","192.168.1.55","192.168.1.2","TCP","1514","8004  >  37068 [ACK] Seq=336126 Ack=144 Win=65024 Len=1448 TSval=2916043385 TSecr=3045563158 [TCP segment of a reassembled PDU]"
"74434","39.304504533","192.168.1.55","192.168.1.2","TCP","1514","8004  >  37068 [ACK] Seq=337574 Ack=144 Win=65024 Len=1448 TSval=2916043385 TSecr=3045563158 [TCP segment of a reassembled PDU]"
"74435","39.304505959","192.168.1.55","192.168.1.2","TCP","1514","8004  >  37068 [ACK] Seq=339022 Ack=144 Win=65024 Len=1448 TSval=2916043385 TSecr=3045563158 [TCP segment of a reassembled PDU]"
"74436","39.304507403","192.168.1.55","192.168.1.2","TCP","1514","8004  >  37068 [ACK] Seq=340470 Ack=144 Win=65024 Len=1448 TSval=2916043385 TSecr=3045563158 [TCP segment of a reassembled PDU]"
"74437","39.304509903","192.168.1.55","192.168.1.2","TCP","1514","8004  >  37068 [ACK] Seq=341918 Ack=144 Win=65024 Len=1448 TSval=2916043385 TSecr=3045563158 [TCP segment of a reassembled PDU]"
"74438","39.304511644","192.168.1.55","192.168.1.2","TCP","1514","8004  >  37068 [ACK] Seq=343366 Ack=144 Win=65024 Len=1448 TSval=2916043385 TSecr=3045563158 [TCP segment of a reassembled PDU]"
"74439","39.304513199","192.168.1.55","192.168.1.2","TCP","1514","8004  >  37068 [ACK] Seq=344814 Ack=144 Win=65024 Len=1448 TSval=2916043385 TSecr=3045563158 [TCP segment of a reassembled PDU]"
"74440","39.304514792","192.168.1.55","192.168.1.2","TCP","1514","8004  >  37068 [PSH, ACK] Seq=346262 Ack=144 Win=65024 Len=1448 TSval=2916043385 TSecr=3045563158 [TCP segment of a reassembled PDU]"
"74441","39.305747461","192.168.1.2","192.168.1.55","TCP","66","37068  >  8004 [ACK] Seq=144 Ack=252622 Win=116736 Len=0 TSval=3045563158 TSecr=2916043380"
"74442","39.305761331","192.168.1.55","192.168.1.2","TCP","1514","8004  >  37068 [PSH, ACK] Seq=347710 Ack=144 Win=65024 Len=1448 TSval=2916043386 TSecr=3045563158 [TCP segment of a reassembled PDU]"
"74443","39.305822257","192.168.1.2","192.168.1.55","TCP","66","37068  >  8004 [ACK] Seq=144 Ack=254070 Win=119808 Len=0 TSval=3045563159 TSecr=2916043380"
"74444","39.305827739","192.168.1.2","192.168.1.55","TCP","66","37068  >  8004 [ACK] Seq=144 Ack=255518 Win=122880 Len=0 TSval=3045563159 TSecr=2916043380"
"74445","39.305832924","192.168.1.2","192.168.1.55","TCP","66","37068  >  8004 [ACK] Seq=144 Ack=256486 Win=125952 Len=0 TSval=3045563159 TSecr=2916043380"
"74446","39.305869572","192.168.1.55","192.168.1.2","TCP","1514","8004  >  37068 [ACK] Seq=349158 Ack=144 Win=65024 Len=1448 TSval=2916043386 TSecr=3045563159 [TCP segment of a reassembled PDU]"
"74447","39.305871850","192.168.1.55","192.168.1.2","TCP","1514","8004  >  37068 [ACK] Seq=350606 Ack=144 Win=65024 Len=1448 TSval=2916043386 TSecr=3045563159 [TCP segment of a reassembled PDU]"
"74448","39.305874109","192.168.1.55","192.168.1.2","TCP","1514","8004  >  37068 [ACK] Seq=352054 Ack=144 Win=65024 Len=1448 TSval=2916043386 TSecr=3045563159 [TCP segment of a reassembled PDU]"
"74449","39.305883294","192.168.1.55","192.168.1.2","TCP","1514","8004  >  37068 [ACK] Seq=353502 Ack=144 Win=65024 Len=1448 TSval=2916043386 TSecr=3045563159 [TCP segment of a reassembled PDU]"
"74450","39.305884831","192.168.1.55","192.168.1.2","TCP","1514","8004  >  37068 [ACK] Seq=354950 Ack=144 Win=65024 Len=1448 TSval=2916043386 TSecr=3045563159 [TCP segment of a reassembled PDU]"
"74451","39.305886368","192.168.1.55","192.168.1.2","TCP","1514","8004  >  37068 [ACK] Seq=356398 Ack=144 Win=65024 Len=1448 TSval=2916043386 TSecr=3045563159 [TCP segment of a reassembled PDU]"
"74452","39.305887868","192.168.1.55","192.168.1.2","TCP","1514","8004  >  37068 [ACK] Seq=357846 Ack=144 Win=65024 Len=1448 TSval=2916043386 TSecr=3045563159 [TCP segment of a reassembled PDU]"
"74453","39.305889294","192.168.1.55","192.168.1.2","TCP","1514","8004  >  37068 [ACK] Seq=359294 Ack=144 Win=65024 Len=1448 TSval=2916043386 TSecr=3045563159 [TCP segment of a reassembled PDU]"
"74454","39.305891202","192.168.1.55","192.168.1.2","TCP","1514","8004  >  37068 [ACK] Seq=360742 Ack=144 Win=65024 Len=1448 TSval=2916043386 TSecr=3045563159 [TCP segment of a reassembled PDU]"
"74455","39.305893257","192.168.1.55","192.168.1.2","TCP","1514","8004  >  37068 [ACK] Seq=362190 Ack=144 Win=65024 Len=1448 TSval=2916043386 TSecr=3045563159 [TCP segment of a reassembled PDU]"
"74456","39.305894776","192.168.1.55","192.168.1.2","TCP","1514","8004  >  37068 [ACK] Seq=363638 Ack=144 Win=65024 Len=1448 TSval=2916043386 TSecr=3045563159 [TCP segment of a reassembled PDU]"
"74457","39.305896146","192.168.1.55","192.168.1.2","TCP","1514","8004  >  37068 [ACK] Seq=365086 Ack=144 Win=65024 Len=1448 TSval=2916043386 TSecr=3045563159 [TCP segment of a reassembled PDU]"
"74458","39.305897609","192.168.1.55","192.168.1.2","TCP","1514","8004  >  37068 [ACK] Seq=366534 Ack=144 Win=65024 Len=1448 TSval=2916043386 TSecr=3045563159 [TCP segment of a reassembled PDU]"
"74459","39.305899702","192.168.1.55","192.168.1.2","TCP","1514","8004  >  37068 [ACK] Seq=367982 Ack=144 Win=65024 Len=1448 TSval=2916043386 TSecr=3045563159 [TCP segment of a reassembled PDU]"
"74460","39.305901887","192.168.1.55","192.168.1.2","TCP","1514","8004  >  37068 [ACK] Seq=369430 Ack=144 Win=65024 Len=1448 TSval=2916043386 TSecr=3045563159 [TCP segment of a reassembled PDU]"
"74461","39.305903294","192.168.1.55","192.168.1.2","TCP","1514","8004  >  37068 [ACK] Seq=370878 Ack=144 Win=65024 Len=1448 TSval=2916043386 TSecr=3045563159 [TCP segment of a reassembled PDU]"
"74462","39.305904609","192.168.1.55","192.168.1.2","TCP","1514","8004  >  37068 [ACK] Seq=372326 Ack=144 Win=65024 Len=1448 TSval=2916043386 TSecr=3045563159 [TCP segment of a reassembled PDU]"
"74463","39.305905887","192.168.1.55","192.168.1.2","TCP","1514","8004  >  37068 [ACK] Seq=373774 Ack=144 Win=65024 Len=1448 TSval=2916043386 TSecr=3045563159 [TCP segment of a reassembled PDU]"
"74464","39.305907331","192.168.1.55","192.168.1.2","TCP","1514","8004  >  37068 [ACK] Seq=375222 Ack=144 Win=65024 Len=1448 TSval=2916043386 TSecr=3045563159 [TCP segment of a reassembled PDU]"
"74465","39.305908628","192.168.1.55","192.168.1.2","TCP","1514","8004  >  37068 [ACK] Seq=376670 Ack=144 Win=65024 Len=1448 TSval=2916043386 TSecr=3045563159 [TCP segment of a reassembled PDU]"
"74466","39.305910091","192.168.1.55","192.168.1.2","TCP","1514","8004  >  37068 [ACK] Seq=378118 Ack=144 Win=65024 Len=1448 TSval=2916043386 TSecr=3045563159 [TCP segment of a reassembled PDU]"
"74467","39.305911998","192.168.1.55","192.168.1.2","TCP","1514","8004  >  37068 [ACK] Seq=379566 Ack=144 Win=65024 Len=1448 TSval=2916043386 TSecr=3045563159 [TCP segment of a reassembled PDU]"
"74468","39.305913276","192.168.1.55","192.168.1.2","TCP","1490","[TCP Window Full] 8004  >  37068 [PSH, ACK] Seq=381014 Ack=144 Win=65024 Len=1424 TSval=2916043386 TSecr=3045563159 [TCP segment of a reassembled PDU]"
"74469","39.312614027","192.168.1.2","192.168.1.55","TCP","66","37068  >  8004 [ACK] Seq=144 Ack=275310 Win=136192 Len=0 TSval=3045563167 TSecr=2916043384"
"74470","39.312642620","192.168.1.55","192.168.1.2","TCP","1514","8004  >  37068 [ACK] Seq=382438 Ack=144 Win=65024 Len=1448 TSval=2916043393 TSecr=3045563167 [TCP segment of a reassembled PDU]"
"74471","39.312645657","192.168.1.55","192.168.1.2","TCP","1514","8004  >  37068 [ACK] Seq=383886 Ack=144 Win=65024 Len=1448 TSval=2916043393 TSecr=3045563167 [TCP segment of a reassembled PDU]"
"74472","39.312647102","192.168.1.55","192.168.1.2","TCP","1514","8004  >  37068 [ACK] Seq=385334 Ack=144 Win=65024 Len=1448 TSval=2916043393 TSecr=3045563167 [TCP segment of a reassembled PDU]"
"74473","39.312648398","192.168.1.55","192.168.1.2","TCP","1514","8004  >  37068 [ACK] Seq=386782 Ack=144 Win=65024 Len=1448 TSval=2916043393 TSecr=3045563167 [TCP segment of a reassembled PDU]"
"74474","39.312649676","192.168.1.55","192.168.1.2","TCP","1514","8004  >  37068 [ACK] Seq=388230 Ack=144 Win=65024 Len=1448 TSval=2916043393 TSecr=3045563167 [TCP segment of a reassembled PDU]"
"74475","39.312651120","192.168.1.55","192.168.1.2","TCP","1514","8004  >  37068 [ACK] Seq=389678 Ack=144 Win=65024 Len=1448 TSval=2916043393 TSecr=3045563167 [TCP segment of a reassembled PDU]"
"74476","39.312652398","192.168.1.55","192.168.1.2","TCP","1514","8004  >  37068 [ACK] Seq=391126 Ack=144 Win=65024 Len=1448 TSval=2916043393 TSecr=3045563167 [TCP segment of a reassembled PDU]"
"74477","39.312653657","192.168.1.55","192.168.1.2","TCP","1514","8004  >  37068 [ACK] Seq=392574 Ack=144 Win=65024 Len=1448 TSval=2916043393 TSecr=3045563167 [TCP segment of a reassembled PDU]"
"74478","39.312654935","192.168.1.55","192.168.1.2","TCP","1514","8004  >  37068 [PSH, ACK] Seq=394022 Ack=144 Win=65024 Len=1448 TSval=2916043393 TSecr=3045563167 [TCP segment of a reassembled PDU]"
"74479","39.312660065","192.168.1.55","192.168.1.2","TCP","90","8004  >  37068 [ACK] Seq=395470 Ack=144 Win=65024 Len=24 TSval=2916043393 TSecr=3045563167 [TCP segment of a reassembled PDU]"
"74480","39.313112250","192.168.1.2","192.168.1.55","TCP","66","37068  >  8004 [ACK] Seq=144 Ack=302822 Win=129024 Len=0 TSval=3045563167 TSecr=2916043385"
"74481","39.313122250","192.168.1.2","192.168.1.55","TCP","66","37068  >  8004 [ACK] Seq=144 Ack=347710 Win=112640 Len=0 TSval=3045563167 TSecr=2916043385"
"74482","39.313159251","192.168.1.55","192.168.1.2","TCP","1514","8004  >  37068 [ACK] Seq=395494 Ack=144 Win=65024 Len=1448 TSval=2916043393 TSecr=3045563167 [TCP segment of a reassembled PDU]"
"74483","39.313161325","192.168.1.55","192.168.1.2","TCP","1514","8004  >  37068 [ACK] Seq=396942 Ack=144 Win=65024 Len=1448 TSval=2916043393 TSecr=3045563167 [TCP segment of a reassembled PDU]"
"74484","39.313162862","192.168.1.55","192.168.1.2","TCP","1514","8004  >  37068 [ACK] Seq=398390 Ack=144 Win=65024 Len=1448 TSval=2916043393 TSecr=3045563167 [TCP segment of a reassembled PDU]"
"74485","39.313164251","192.168.1.55","192.168.1.2","TCP","1514","8004  >  37068 [ACK] Seq=399838 Ack=144 Win=65024 Len=1448 TSval=2916043393 TSecr=3045563167 [TCP segment of a reassembled PDU]"
"74486","39.313165954","192.168.1.55","192.168.1.2","TCP","1514","8004  >  37068 [ACK] Seq=401286 Ack=144 Win=65024 Len=1448 TSval=2916043393 TSecr=3045563167 [TCP segment of a reassembled PDU]"
"74487","39.313167417","192.168.1.55","192.168.1.2","TCP","1514","8004  >  37068 [ACK] Seq=402734 Ack=144 Win=65024 Len=1448 TSval=2916043393 TSecr=3045563167 [TCP segment of a reassembled PDU]"
"74488","39.313168825","192.168.1.55","192.168.1.2","TCP","1514","8004  >  37068 [ACK] Seq=404182 Ack=144 Win=65024 Len=1448 TSval=2916043393 TSecr=3045563167 [TCP segment of a reassembled PDU]"
"74489","39.313170195","192.168.1.55","192.168.1.2","TCP","1514","8004  >  37068 [ACK] Seq=405630 Ack=144 Win=65024 Len=1448 TSval=2916043393 TSecr=3045563167 [TCP segment of a reassembled PDU]"
"74490","39.313171621","192.168.1.55","192.168.1.2","TCP","1514","8004  >  37068 [ACK] Seq=407078 Ack=144 Win=65024 Len=1448 TSval=2916043393 TSecr=3045563167 [TCP segment of a reassembled PDU]"
"74491","39.313172899","192.168.1.55","192.168.1.2","TCP","1514","8004  >  37068 [ACK] Seq=408526 Ack=144 Win=65024 Len=1448 TSval=2916043393 TSecr=3045563167 [TCP segment of a reassembled PDU]"
"74492","39.313174195","192.168.1.55","192.168.1.2","TCP","1514","8004  >  37068 [ACK] Seq=409974 Ack=144 Win=65024 Len=1448 TSval=2916043393 TSecr=3045563167 [TCP segment of a reassembled PDU]"
"74493","39.313175788","192.168.1.55","192.168.1.2","TCP","1514","8004  >  37068 [ACK] Seq=411422 Ack=144 Win=65024 Len=1448 TSval=2916043393 TSecr=3045563167 [TCP segment of a reassembled PDU]"
"74494","39.313177065","192.168.1.55","192.168.1.2","TCP","1514","8004  >  37068 [ACK] Seq=412870 Ack=144 Win=65024 Len=1448 TSval=2916043393 TSecr=3045563167 [TCP segment of a reassembled PDU]"
"74495","39.313178436","192.168.1.55","192.168.1.2","TCP","1514","8004  >  37068 [ACK] Seq=414318 Ack=144 Win=65024 Len=1448 TSval=2916043393 TSecr=3045563167 [TCP segment of a reassembled PDU]"
"74496","39.313179769","192.168.1.55","192.168.1.2","TCP","1514","8004  >  37068 [ACK] Seq=415766 Ack=144 Win=65024 Len=1448 TSval=2916043393 TSecr=3045563167 [TCP segment of a reassembled PDU]"
"74497","39.313181065","192.168.1.55","192.168.1.2","TCP","1514","8004  >  37068 [ACK] Seq=417214 Ack=144 Win=65024 Len=1448 TSval=2916043393 TSecr=3045563167 [TCP segment of a reassembled PDU]"
"74498","39.313182584","192.168.1.55","192.168.1.2","TCP","1514","8004  >  37068 [ACK] Seq=418662 Ack=144 Win=65024 Len=1448 TSval=2916043393 TSecr=3045563167 [TCP segment of a reassembled PDU]"
"74499","39.313183954","192.168.1.55","192.168.1.2","TCP","1514","8004  >  37068 [ACK] Seq=420110 Ack=144 Win=65024 Len=1448 TSval=2916043393 TSecr=3045563167 [TCP segment of a reassembled PDU]"
"74500","39.313185732","192.168.1.55","192.168.1.2","TCP","1514","8004  >  37068 [ACK] Seq=421558 Ack=144 Win=65024 Len=1448 TSval=2916043393 TSecr=3045563167 [TCP segment of a reassembled PDU]"
"74501","39.313187121","192.168.1.55","192.168.1.2","TCP","1514","8004  >  37068 [ACK] Seq=423006 Ack=144 Win=65024 Len=1448 TSval=2916043393 TSecr=3045563167 [TCP segment of a reassembled PDU]"
"74502","39.313188547","192.168.1.55","192.168.1.2","TCP","1514","8004  >  37068 [ACK] Seq=424454 Ack=144 Win=65024 Len=1448 TSval=2916043393 TSecr=3045563167 [TCP segment of a reassembled PDU]"
"74503","39.313190177","192.168.1.55","192.168.1.2","TCP","1514","8004  >  37068 [ACK] Seq=425902 Ack=144 Win=65024 Len=1448 TSval=2916043393 TSecr=3045563167 [TCP segment of a reassembled PDU]"
"74504","39.313191565","192.168.1.55","192.168.1.2","TCP","1514","8004  >  37068 [ACK] Seq=427350 Ack=144 Win=65024 Len=1448 TSval=2916043393 TSecr=3045563167 [TCP segment of a reassembled PDU]"
"74505","39.313193102","192.168.1.55","192.168.1.2","TCP","1514","8004  >  37068 [ACK] Seq=428798 Ack=144 Win=65024 Len=1448 TSval=2916043393 TSecr=3045563167 [TCP segment of a reassembled PDU]"
"74506","39.313194547","192.168.1.55","192.168.1.2","TCP","1514","8004  >  37068 [ACK] Seq=430246 Ack=144 Win=65024 Len=1448 TSval=2916043393 TSecr=3045563167 [TCP segment of a reassembled PDU]"
"74507","39.313195843","192.168.1.55","192.168.1.2","TCP","1514","8004  >  37068 [ACK] Seq=431694 Ack=144 Win=65024 Len=1448 TSval=2916043393 TSecr=3045563167 [TCP segment of a reassembled PDU]"
"74508","39.313197417","192.168.1.55","192.168.1.2","TCP","1514","8004  >  37068 [ACK] Seq=433142 Ack=144 Win=65024 Len=1448 TSval=2916043393 TSecr=3045563167 [TCP segment of a reassembled PDU]"
"74509","39.313198695","192.168.1.55","192.168.1.2","TCP","1514","8004  >  37068 [ACK] Seq=434590 Ack=144 Win=65024 Len=1448 TSval=2916043393 TSecr=3045563167 [TCP segment of a reassembled PDU]"
"74510","39.313200491","192.168.1.55","192.168.1.2","TCP","1514","8004  >  37068 [ACK] Seq=436038 Ack=144 Win=65024 Len=1448 TSval=2916043393 TSecr=3045563167 [TCP segment of a reassembled PDU]"
"74511","39.313201843","192.168.1.55","192.168.1.2","TCP","1514","8004  >  37068 [ACK] Seq=437486 Ack=144 Win=65024 Len=1448 TSval=2916043393 TSecr=3045563167 [TCP segment of a reassembled PDU]"
"74512","39.313203158","192.168.1.55","192.168.1.2","TCP","1514","8004  >  37068 [ACK] Seq=438934 Ack=144 Win=65024 Len=1448 TSval=2916043393 TSecr=3045563167 [TCP segment of a reassembled PDU]"
"74513","39.313204565","192.168.1.55","192.168.1.2","TCP","1514","8004  >  37068 [PSH, ACK] Seq=440382 Ack=144 Win=65024 Len=1448 TSval=2916043393 TSecr=3045563167 [TCP segment of a reassembled PDU]"
"74514","39.313209177","192.168.1.2","192.168.1.55","TCP","66","37068  >  8004 [ACK] Seq=144 Ack=349158 Win=138240 Len=0 TSval=3045563167 TSecr=2916043386"
"74515","39.313216899","192.168.1.2","192.168.1.55","TCP","66","37068  >  8004 [ACK] Seq=144 Ack=375222 Win=129024 Len=0 TSval=3045563168 TSecr=2916043386"
"74516","39.313253991","192.168.1.55","192.168.1.2","TCP","1514","8004  >  37068 [ACK] Seq=441830 Ack=144 Win=65024 Len=1448 TSval=2916043393 TSecr=3045563168 [TCP segment of a reassembled PDU]"
"74517","39.313256140","192.168.1.55","192.168.1.2","TCP","1514","8004  >  37068 [ACK] Seq=443278 Ack=144 Win=65024 Len=1448 TSval=2916043393 TSecr=3045563168 [TCP segment of a reassembled PDU]"
"74518","39.313257621","192.168.1.55","192.168.1.2","TCP","1514","8004  >  37068 [ACK] Seq=444726 Ack=144 Win=65024 Len=1448 TSval=2916043393 TSecr=3045563168 [TCP segment of a reassembled PDU]"
"74519","39.313258973","192.168.1.55","192.168.1.2","TCP","1514","8004  >  37068 [ACK] Seq=446174 Ack=144 Win=65024 Len=1448 TSval=2916043393 TSecr=3045563168 [TCP segment of a reassembled PDU]"
"74520","39.313260417","192.168.1.55","192.168.1.2","TCP","1514","8004  >  37068 [ACK] Seq=447622 Ack=144 Win=65024 Len=1448 TSval=2916043393 TSecr=3045563168 [TCP segment of a reassembled PDU]"
"74521","39.313261695","192.168.1.55","192.168.1.2","TCP","1514","8004  >  37068 [ACK] Seq=449070 Ack=144 Win=65024 Len=1448 TSval=2916043393 TSecr=3045563168 [TCP segment of a reassembled PDU]"
"74522","39.313263029","192.168.1.55","192.168.1.2","TCP","1514","8004  >  37068 [ACK] Seq=450518 Ack=144 Win=65024 Len=1448 TSval=2916043393 TSecr=3045563168 [TCP segment of a reassembled PDU]"
"74523","39.313264454","192.168.1.55","192.168.1.2","TCP","1514","8004  >  37068 [ACK] Seq=451966 Ack=144 Win=65024 Len=1448 TSval=2916043393 TSecr=3045563168 [TCP segment of a reassembled PDU]"
"74524","39.313265751","192.168.1.55","192.168.1.2","TCP","1514","8004  >  37068 [ACK] Seq=453414 Ack=144 Win=65024 Len=1448 TSval=2916043393 TSecr=3045563168 [TCP segment of a reassembled PDU]"
"74525","39.313267047","192.168.1.55","192.168.1.2","TCP","1514","8004  >  37068 [ACK] Seq=454862 Ack=144 Win=65024 Len=1448 TSval=2916043393 TSecr=3045563168 [TCP segment of a reassembled PDU]"
"74526","39.313268399","192.168.1.55","192.168.1.2","TCP","1514","8004  >  37068 [ACK] Seq=456310 Ack=144 Win=65024 Len=1448 TSval=2916043393 TSecr=3045563168 [TCP segment of a reassembled PDU]"
"74527","39.313269843","192.168.1.55","192.168.1.2","TCP","1514","8004  >  37068 [ACK] Seq=457758 Ack=144 Win=65024 Len=1448 TSval=2916043393 TSecr=3045563168 [TCP segment of a reassembled PDU]"
"74528","39.313271380","192.168.1.55","192.168.1.2","TCP","1514","8004  >  37068 [ACK] Seq=459206 Ack=144 Win=65024 Len=1448 TSval=2916043393 TSecr=3045563168 [TCP segment of a reassembled PDU]"
"74529","39.313272714","192.168.1.55","192.168.1.2","TCP","1514","8004  >  37068 [ACK] Seq=460654 Ack=144 Win=65024 Len=1448 TSval=2916043393 TSecr=3045563168 [TCP segment of a reassembled PDU]"
"74530","39.313274436","192.168.1.55","192.168.1.2","TCP","1514","8004  >  37068 [ACK] Seq=462102 Ack=144 Win=65024 Len=1448 TSval=2916043393 TSecr=3045563168 [TCP segment of a reassembled PDU]"
"74531","39.313275769","192.168.1.55","192.168.1.2","TCP","1514","8004  >  37068 [ACK] Seq=463550 Ack=144 Win=65024 Len=1448 TSval=2916043393 TSecr=3045563168 [TCP segment of a reassembled PDU]"
"74532","39.313277084","192.168.1.55","192.168.1.2","TCP","1514","8004  >  37068 [ACK] Seq=464998 Ack=144 Win=65024 Len=1448 TSval=2916043393 TSecr=3045563168 [TCP segment of a reassembled PDU]"
"74533","39.313278529","192.168.1.55","192.168.1.2","TCP","1514","8004  >  37068 [ACK] Seq=466446 Ack=144 Win=65024 Len=1448 TSval=2916043393 TSecr=3045563168 [TCP segment of a reassembled PDU]"
"74534","39.313279806","192.168.1.55","192.168.1.2","TCP","1514","8004  >  37068 [ACK] Seq=467894 Ack=144 Win=65024 Len=1448 TSval=2916043393 TSecr=3045563168 [TCP segment of a reassembled PDU]"
"74535","39.313281140","192.168.1.55","192.168.1.2","TCP","1514","8004  >  37068 [ACK] Seq=469342 Ack=144 Win=65024 Len=1448 TSval=2916043393 TSecr=3045563168 [TCP segment of a reassembled PDU]"
"74536","39.313282547","192.168.1.55","192.168.1.2","TCP","1514","8004  >  37068 [ACK] Seq=470790 Ack=144 Win=65024 Len=1448 TSval=2916043393 TSecr=3045563168 [TCP segment of a reassembled PDU]"
"74537","39.313283954","192.168.1.55","192.168.1.2","TCP","1514","8004  >  37068 [ACK] Seq=472238 Ack=144 Win=65024 Len=1448 TSval=2916043393 TSecr=3045563168 [TCP segment of a reassembled PDU]"
"74538","39.313285380","192.168.1.55","192.168.1.2","TCP","1514","8004  >  37068 [ACK] Seq=473686 Ack=144 Win=65024 Len=1448 TSval=2916043393 TSecr=3045563168 [TCP segment of a reassembled PDU]"
"74539","39.313286695","192.168.1.55","192.168.1.2","TCP","1514","8004  >  37068 [ACK] Seq=475134 Ack=144 Win=65024 Len=1448 TSval=2916043393 TSecr=3045563168 [TCP segment of a reassembled PDU]"
"74540","39.313288047","192.168.1.55","192.168.1.2","TCP","1514","8004  >  37068 [ACK] Seq=476582 Ack=144 Win=65024 Len=1448 TSval=2916043393 TSecr=3045563168 [TCP segment of a reassembled PDU]"
"74541","39.313289566","192.168.1.55","192.168.1.2","TCP","1514","8004  >  37068 [ACK] Seq=478030 Ack=144 Win=65024 Len=1448 TSval=2916043393 TSecr=3045563168 [TCP segment of a reassembled PDU]"
"74542","39.313290862","192.168.1.55","192.168.1.2","TCP","1514","8004  >  37068 [ACK] Seq=479478 Ack=144 Win=65024 Len=1448 TSval=2916043393 TSecr=3045563168 [TCP segment of a reassembled PDU]"
"74543","39.313297399","192.168.1.55","192.168.1.2","TCP","1514","8004  >  37068 [ACK] Seq=480926 Ack=144 Win=65024 Len=1448 TSval=2916043393 TSecr=3045563168 [TCP segment of a reassembled PDU]"
"74544","39.313298732","192.168.1.55","192.168.1.2","TCP","1514","8004  >  37068 [ACK] Seq=482374 Ack=144 Win=65024 Len=1448 TSval=2916043393 TSecr=3045563168 [TCP segment of a reassembled PDU]"
"74545","39.313300066","192.168.1.55","192.168.1.2","TCP","1514","8004  >  37068 [ACK] Seq=483822 Ack=144 Win=65024 Len=1448 TSval=2916043393 TSecr=3045563168 [TCP segment of a reassembled PDU]"
"74546","39.313301492","192.168.1.55","192.168.1.2","TCP","1514","8004  >  37068 [ACK] Seq=485270 Ack=144 Win=65024 Len=1448 TSval=2916043393 TSecr=3045563168 [TCP segment of a reassembled PDU]"
"74547","39.313302769","192.168.1.55","192.168.1.2","TCP","1514","8004  >  37068 [PSH, ACK] Seq=486718 Ack=144 Win=65024 Len=1448 TSval=2916043393 TSecr=3045563168 [TCP segment of a reassembled PDU]"
"74548","39.313317029","192.168.1.55","192.168.1.2","TCP","1514","8004  >  37068 [ACK] Seq=488166 Ack=144 Win=65024 Len=1448 TSval=2916043393 TSecr=3045563168 [TCP segment of a reassembled PDU]"
"74549","39.313318936","192.168.1.55","192.168.1.2","TCP","1514","8004  >  37068 [ACK] Seq=489614 Ack=144 Win=65024 Len=1448 TSval=2916043393 TSecr=3045563168 [TCP segment of a reassembled PDU]"
"74550","39.313320177","192.168.1.55","192.168.1.2","TCP","1514","8004  >  37068 [ACK] Seq=491062 Ack=144 Win=65024 Len=1448 TSval=2916043393 TSecr=3045563168 [TCP segment of a reassembled PDU]"
"74551","39.313321547","192.168.1.55","192.168.1.2","TCP","1514","8004  >  37068 [ACK] Seq=492510 Ack=144 Win=65024 Len=1448 TSval=2916043393 TSecr=3045563168 [TCP segment of a reassembled PDU]"
"74552","39.313322899","192.168.1.55","192.168.1.2","TCP","1514","8004  >  37068 [ACK] Seq=493958 Ack=144 Win=65024 Len=1448 TSval=2916043393 TSecr=3045563168 [TCP segment of a reassembled PDU]"
"74553","39.313324214","192.168.1.55","192.168.1.2","TCP","1514","8004  >  37068 [ACK] Seq=495406 Ack=144 Win=65024 Len=1448 TSval=2916043393 TSecr=3045563168 [TCP segment of a reassembled PDU]"
"74554","39.313325566","192.168.1.55","192.168.1.2","TCP","1514","8004  >  37068 [PSH, ACK] Seq=496854 Ack=144 Win=65024 Len=1448 TSval=2916043393 TSecr=3045563168 [TCP segment of a reassembled PDU]"
"74555","39.313361418","192.168.1.2","192.168.1.55","TCP","66","37068  >  8004 [ACK] Seq=144 Ack=382438 Win=146432 Len=0 TSval=3045563168 TSecr=2916043386"
"74556","39.314542475","192.168.1.55","192.168.1.2","HTTP","222","HTTP/1.0 200 OK  (PNG)"
"74557","39.321142430","192.168.1.2","192.168.1.55","TCP","66","37068  >  8004 [ACK] Seq=144 Ack=395470 Win=146432 Len=0 TSval=3045563173 TSecr=2916043393"
"74558","39.321338134","192.168.1.2","192.168.1.55","TCP","66","37068  >  8004 [ACK] Seq=144 Ack=441830 Win=182272 Len=0 TSval=3045563174 TSecr=2916043393"
"74559","39.321346412","192.168.1.2","192.168.1.55","TCP","66","37068  >  8004 [ACK] Seq=144 Ack=453414 Win=171008 Len=0 TSval=3045563174 TSecr=2916043393"
"74560","39.321351208","192.168.1.2","192.168.1.55","TCP","66","37068  >  8004 [ACK] Seq=144 Ack=488166 Win=191488 Len=0 TSval=3045563176 TSecr=2916043393"
"74561","39.321356819","192.168.1.2","192.168.1.55","TCP","66","37068  >  8004 [ACK] Seq=144 Ack=498302 Win=182272 Len=0 TSval=3045563176 TSecr=2916043393"
"74562","39.322038209","192.168.1.2","192.168.1.55","TCP","66","37068  >  8004 [FIN, ACK] Seq=144 Ack=498459 Win=194560 Len=0 TSval=3045563176 TSecr=2916043395"
"74563","39.322051395","192.168.1.55","192.168.1.2","TCP","66","8004  >  37068 [ACK] Seq=498459 Ack=145 Win=65024 Len=0 TSval=2916043402 TSecr=3045563176"
"74564","39.322164080","192.168.1.2","192.168.1.55","TCP","74","37082  >  8004 [SYN] Seq=0 Win=64240 Len=0 MSS=1460 SACK_PERM TSval=3045563177 TSecr=0 WS=1024"
"74565","39.322187432","192.168.1.55","192.168.1.2","TCP","74","8004  >  37082 [SYN, ACK] Seq=0 Ack=1 Win=65160 Len=0 MSS=1460 SACK_PERM TSval=2916043402 TSecr=3045563177 WS=128"
"74566","39.326033216","192.168.1.2","192.168.1.55","TCP","66","37082  >  8004 [ACK] Seq=1 Ack=1 Win=64512 Len=0 TSval=3045563180 TSecr=2916043402"
"74567","39.326435643","192.168.1.2","192.168.1.55","HTTP","206","GET /stego_benchmark.png HTTP/1.1 "
"74568","39.326450346","192.168.1.55","192.168.1.2","TCP","66","8004  >  37082 [ACK] Seq=1 Ack=141 Win=65024 Len=0 TSval=2916043407 TSecr=3045563180"
"74569","39.326995014","192.168.1.55","192.168.1.2","TCP","255","8004  >  37082 [PSH, ACK] Seq=1 Ack=141 Win=65024 Len=189 TSval=2916043407 TSecr=3045563180 [TCP segment of a reassembled PDU]"
"74570","39.327073755","192.168.1.55","192.168.1.2","TCP","1514","8004  >  37082 [ACK] Seq=190 Ack=141 Win=65024 Len=1448 TSval=2916043407 TSecr=3045563180 [TCP segment of a reassembled PDU]"
"74571","39.327078144","192.168.1.55","192.168.1.2","TCP","1514","8004  >  37082 [ACK] Seq=1638 Ack=141 Win=65024 Len=1448 TSval=2916043407 TSecr=3045563180 [TCP segment of a reassembled PDU]"
"74572","39.327079903","192.168.1.55","192.168.1.2","TCP","1514","8004  >  37082 [ACK] Seq=3086 Ack=141 Win=65024 Len=1448 TSval=2916043407 TSecr=3045563180 [TCP segment of a reassembled PDU]"
"74573","39.327081199","192.168.1.55","192.168.1.2","TCP","1514","8004  >  37082 [ACK] Seq=4534 Ack=141 Win=65024 Len=1448 TSval=2916043407 TSecr=3045563180 [TCP segment of a reassembled PDU]"
"74574","39.327082551","192.168.1.55","192.168.1.2","TCP","1514","8004  >  37082 [PSH, ACK] Seq=5982 Ack=141 Win=65024 Len=1448 TSval=2916043407 TSecr=3045563180 [TCP segment of a reassembled PDU]"
"74575","39.327097421","192.168.1.55","192.168.1.2","TCP","1514","8004  >  37082 [ACK] Seq=7430 Ack=141 Win=65024 Len=1448 TSval=2916043407 TSecr=3045563180 [TCP segment of a reassembled PDU]"
"74576","39.327099032","192.168.1.55","192.168.1.2","TCP","1514","8004  >  37082 [ACK] Seq=8878 Ack=141 Win=65024 Len=1448 TSval=2916043407 TSecr=3045563180 [TCP segment of a reassembled PDU]"
"74577","39.327100421","192.168.1.55","192.168.1.2","TCP","1514","8004  >  37082 [ACK] Seq=10326 Ack=141 Win=65024 Len=1448 TSval=2916043407 TSecr=3045563180 [TCP segment of a reassembled PDU]"
"74578","39.327101718","192.168.1.55","192.168.1.2","TCP","1514","8004  >  37082 [PSH, ACK] Seq=11774 Ack=141 Win=65024 Len=1448 TSval=2916043407 TSecr=3045563180 [TCP segment of a reassembled PDU]"
"74579","39.330065426","192.168.1.2","192.168.1.55","TCP","66","37082  >  8004 [ACK] Seq=141 Ack=190 Win=64512 Len=0 TSval=3045563185 TSecr=2916043407"
"74580","39.330114945","192.168.1.55","192.168.1.2","TCP","1514","8004  >  37082 [ACK] Seq=13222 Ack=141 Win=65024 Len=1448 TSval=2916043410 TSecr=3045563185 [TCP segment of a reassembled PDU]"
"74581","39.330120408","192.168.1.55","192.168.1.2","TCP","1514","8004  >  37082 [PSH, ACK] Seq=14670 Ack=141 Win=65024 Len=1448 TSval=2916043410 TSecr=3045563185 [TCP segment of a reassembled PDU]"
"74582","39.330192834","192.168.1.2","192.168.1.55","TCP","66","37082  >  8004 [ACK] Seq=141 Ack=3086 Win=70656 Len=0 TSval=3045563185 TSecr=2916043407"
"74583","39.330204982","192.168.1.2","192.168.1.55","TCP","66","37082  >  8004 [ACK] Seq=141 Ack=5982 Win=76800 Len=0 TSval=3045563185 TSecr=2916043407"
"74584","39.330227556","192.168.1.55","192.168.1.2","TCP","1514","8004  >  37082 [ACK] Seq=16118 Ack=141 Win=65024 Len=1448 TSval=2916043410 TSecr=3045563185 [TCP segment of a reassembled PDU]"
"74585","39.330230149","192.168.1.55","192.168.1.2","TCP","1514","8004  >  37082 [ACK] Seq=17566 Ack=141 Win=65024 Len=1448 TSval=2916043410 TSecr=3045563185 [TCP segment of a reassembled PDU]"
"74586","39.330231575","192.168.1.55","192.168.1.2","TCP","1514","8004  >  37082 [ACK] Seq=19014 Ack=141 Win=65024 Len=1448 TSval=2916043410 TSecr=3045563185 [TCP segment of a reassembled PDU]"
"74587","39.330233093","192.168.1.55","192.168.1.2","TCP","1514","8004  >  37082 [ACK] Seq=20462 Ack=141 Win=65024 Len=1448 TSval=2916043410 TSecr=3045563185 [TCP segment of a reassembled PDU]"
"74588","39.330234760","192.168.1.55","192.168.1.2","TCP","1514","8004  >  37082 [ACK] Seq=21910 Ack=141 Win=65024 Len=1448 TSval=2916043410 TSecr=3045563185 [TCP segment of a reassembled PDU]"
"74589","39.330236260","192.168.1.55","192.168.1.2","TCP","1514","8004  >  37082 [ACK] Seq=23358 Ack=141 Win=65024 Len=1448 TSval=2916043410 TSecr=3045563185 [TCP segment of a reassembled PDU]"
"74590","39.330237926","192.168.1.55","192.168.1.2","TCP","1514","8004  >  37082 [PSH, ACK] Seq=24806 Ack=141 Win=65024 Len=1448 TSval=2916043410 TSecr=3045563185 [TCP segment of a reassembled PDU]"
"74591","39.331827836","192.168.1.2","192.168.1.55","TCP","66","37082  >  8004 [ACK] Seq=141 Ack=7430 Win=79872 Len=0 TSval=3045563186 TSecr=2916043407"
"74592","39.331883003","192.168.1.55","192.168.1.2","TCP","1514","8004  >  37082 [ACK] Seq=26254 Ack=141 Win=65024 Len=1448 TSval=2916043412 TSecr=3045563186 [TCP segment of a reassembled PDU]"
"74593","39.331892096","192.168.1.55","192.168.1.2","TCP","1514","8004  >  37082 [ACK] Seq=27702 Ack=141 Win=65024 Len=1448 TSval=2916043412 TSecr=3045563186 [TCP segment of a reassembled PDU]"
"74594","39.331894448","192.168.1.55","192.168.1.2","TCP","1514","8004  >  37082 [PSH, ACK] Seq=29150 Ack=141 Win=65024 Len=1448 TSval=2916043412 TSecr=3045563186 [TCP segment of a reassembled PDU]"
"74595","39.333141876","192.168.1.2","192.168.1.55","TCP","66","37082  >  8004 [ACK] Seq=141 Ack=13222 Win=79872 Len=0 TSval=3045563186 TSecr=2916043407"
"74596","39.333165672","192.168.1.55","192.168.1.2","TCP","1514","8004  >  37082 [ACK] Seq=30598 Ack=141 Win=65024 Len=1448 TSval=2916043413 TSecr=3045563186 [TCP segment of a reassembled PDU]"
"74597","39.333169061","192.168.1.55","192.168.1.2","TCP","1514","8004  >  37082 [ACK] Seq=32046 Ack=141 Win=65024 Len=1448 TSval=2916043413 TSecr=3045563186 [TCP segment of a reassembled PDU]"
"74598","39.333170968","192.168.1.55","192.168.1.2","TCP","1514","8004  >  37082 [ACK] Seq=33494 Ack=141 Win=65024 Len=1448 TSval=2916043413 TSecr=3045563186 [TCP segment of a reassembled PDU]"
"74599","39.333172357","192.168.1.55","192.168.1.2","TCP","1514","8004  >  37082 [ACK] Seq=34942 Ack=141 Win=65024 Len=1448 TSval=2916043413 TSecr=3045563186 [TCP segment of a reassembled PDU]"
"74600","39.333174098","192.168.1.55","192.168.1.2","TCP","1514","8004  >  37082 [ACK] Seq=36390 Ack=141 Win=65024 Len=1448 TSval=2916043413 TSecr=3045563186 [TCP segment of a reassembled PDU]"
"74601","39.333175616","192.168.1.55","192.168.1.2","TCP","1514","8004  >  37082 [ACK] Seq=37838 Ack=141 Win=65024 Len=1448 TSval=2916043413 TSecr=3045563186 [TCP segment of a reassembled PDU]"
"74602","39.333177098","192.168.1.55","192.168.1.2","TCP","1514","8004  >  37082 [ACK] Seq=39286 Ack=141 Win=65024 Len=1448 TSval=2916043413 TSecr=3045563186 [TCP segment of a reassembled PDU]"
"74603","39.333178450","192.168.1.55","192.168.1.2","TCP","1514","8004  >  37082 [PSH, ACK] Seq=40734 Ack=141 Win=65024 Len=1448 TSval=2916043413 TSecr=3045563186 [TCP segment of a reassembled PDU]"
"74604","39.335030527","192.168.1.2","192.168.1.55","TCP","66","37082  >  8004 [ACK] Seq=141 Ack=16118 Win=84992 Len=0 TSval=3045563188 TSecr=2916043410"
"74605","39.335047638","192.168.1.55","192.168.1.2","TCP","1514","8004  >  37082 [ACK] Seq=42182 Ack=141 Win=65024 Len=1448 TSval=2916043415 TSecr=3045563188 [TCP segment of a reassembled PDU]"
"74606","39.335051175","192.168.1.55","192.168.1.2","TCP","1514","8004  >  37082 [PSH, ACK] Seq=43630 Ack=141 Win=65024 Len=1448 TSval=2916043415 TSecr=3045563188 [TCP segment of a reassembled PDU]"
"74607","39.335272953","192.168.1.2","192.168.1.55","TCP","66","37082  >  8004 [ACK] Seq=141 Ack=24806 Win=84992 Len=0 TSval=3045563188 TSecr=2916043410"
"74608","39.335327231","192.168.1.55","192.168.1.2","TCP","1514","8004  >  37082 [ACK] Seq=45078 Ack=141 Win=65024 Len=1448 TSval=2916043415 TSecr=3045563188 [TCP segment of a reassembled PDU]"
"74609","39.335334379","192.168.1.55","192.168.1.2","TCP","1514","8004  >  37082 [ACK] Seq=46526 Ack=141 Win=65024 Len=1448 TSval=2916043415 TSecr=3045563188 [TCP segment of a reassembled PDU]"
"74610","39.335337064","192.168.1.55","192.168.1.2","TCP","1514","8004  >  37082 [ACK] Seq=47974 Ack=141 Win=65024 Len=1448 TSval=2916043415 TSecr=3045563188 [TCP segment of a reassembled PDU]"
"74611","39.335339731","192.168.1.55","192.168.1.2","TCP","1514","8004  >  37082 [ACK] Seq=49422 Ack=141 Win=65024 Len=1448 TSval=2916043415 TSecr=3045563188 [TCP segment of a reassembled PDU]"
"74612","39.335343157","192.168.1.55","192.168.1.2","TCP","1514","8004  >  37082 [ACK] Seq=50870 Ack=141 Win=65024 Len=1448 TSval=2916043415 TSecr=3045563188 [TCP segment of a reassembled PDU]"
"74613","39.335346046","192.168.1.55","192.168.1.2","TCP","1514","8004  >  37082 [ACK] Seq=52318 Ack=141 Win=65024 Len=1448 TSval=2916043415 TSecr=3045563188 [TCP segment of a reassembled PDU]"
"74614","39.335348046","192.168.1.55","192.168.1.2","TCP","1514","8004  >  37082 [ACK] Seq=53766 Ack=141 Win=65024 Len=1448 TSval=2916043415 TSecr=3045563188 [TCP segment of a reassembled PDU]"
"74615","39.335350564","192.168.1.55","192.168.1.2","TCP","1514","8004  >  37082 [ACK] Seq=55214 Ack=141 Win=65024 Len=1448 TSval=2916043415 TSecr=3045563188 [TCP segment of a reassembled PDU]"
"74616","39.335352305","192.168.1.55","192.168.1.2","TCP","1514","8004  >  37082 [ACK] Seq=56662 Ack=141 Win=65024 Len=1448 TSval=2916043415 TSecr=3045563188 [TCP segment of a reassembled PDU]"
"74617","39.335353879","192.168.1.55","192.168.1.2","TCP","1514","8004  >  37082 [ACK] Seq=58110 Ack=141 Win=65024 Len=1448 TSval=2916043415 TSecr=3045563188 [TCP segment of a reassembled PDU]"
"74618","39.335355305","192.168.1.55","192.168.1.2","TCP","1514","8004  >  37082 [ACK] Seq=59558 Ack=141 Win=65024 Len=1448 TSval=2916043415 TSecr=3045563188 [TCP segment of a reassembled PDU]"
"74619","39.335357083","192.168.1.55","192.168.1.2","TCP","1514","8004  >  37082 [ACK] Seq=61006 Ack=141 Win=65024 Len=1448 TSval=2916043415 TSecr=3045563188 [TCP segment of a reassembled PDU]"
"74620","39.335359305","192.168.1.55","192.168.1.2","TCP","1514","8004  >  37082 [ACK] Seq=62454 Ack=141 Win=65024 Len=1448 TSval=2916043415 TSecr=3045563188 [TCP segment of a reassembled PDU]"
"74621","39.335360990","192.168.1.55","192.168.1.2","TCP","1514","8004  >  37082 [PSH, ACK] Seq=63902 Ack=141 Win=65024 Len=1448 TSval=2916043415 TSecr=3045563188 [TCP segment of a reassembled PDU]"
"74622","39.338091421","192.168.1.2","192.168.1.55","TCP","66","37082  >  8004 [ACK] Seq=141 Ack=26254 Win=88064 Len=0 TSval=3045563191 TSecr=2916043410"
"74623","39.338108421","192.168.1.55","192.168.1.2","TCP","1514","8004  >  37082 [ACK] Seq=65350 Ack=141 Win=65024 Len=1448 TSval=2916043418 TSecr=3045563191 [TCP segment of a reassembled PDU]"
"74624","39.338112699","192.168.1.55","192.168.1.2","TCP","1514","8004  >  37082 [PSH, ACK] Seq=66798 Ack=141 Win=65024 Len=1448 TSval=2916043418 TSecr=3045563191 [TCP segment of a reassembled PDU]"
"74625","39.338321662","192.168.1.2","192.168.1.55","TCP","66","37082  >  8004 [ACK] Seq=141 Ack=32046 Win=88064 Len=0 TSval=3045563191 TSecr=2916043412"
"74626","39.338340495","192.168.1.55","192.168.1.2","TCP","1514","8004  >  37082 [ACK] Seq=68246 Ack=141 Win=65024 Len=1448 TSval=2916043419 TSecr=3045563191 [TCP segment of a reassembled PDU]"
"74627","39.338342477","192.168.1.55","192.168.1.2","TCP","1514","8004  >  37082 [ACK] Seq=69694 Ack=141 Win=65024 Len=1448 TSval=2916043419 TSecr=3045563191 [TCP segment of a reassembled PDU]"
"74628","39.338343903","192.168.1.55","192.168.1.2","TCP","1514","8004  >  37082 [ACK] Seq=71142 Ack=141 Win=65024 Len=1448 TSval=2916043419 TSecr=3045563191 [TCP segment of a reassembled PDU]"
"74629","39.338345310","192.168.1.55","192.168.1.2","TCP","1514","8004  >  37082 [ACK] Seq=72590 Ack=141 Win=65024 Len=1448 TSval=2916043419 TSecr=3045563191 [TCP segment of a reassembled PDU]"
"74630","39.338346884","192.168.1.55","192.168.1.2","TCP","1514","8004  >  37082 [ACK] Seq=74038 Ack=141 Win=65024 Len=1448 TSval=2916043419 TSecr=3045563191 [TCP segment of a reassembled PDU]"
"74631","39.338349273","192.168.1.55","192.168.1.2","TCP","1514","8004  >  37082 [PSH, ACK] Seq=75486 Ack=141 Win=65024 Len=1448 TSval=2916043419 TSecr=3045563191 [TCP segment of a reassembled PDU]"
"74632","39.338354551","192.168.1.2","192.168.1.55","TCP","66","37082  >  8004 [ACK] Seq=141 Ack=42182 Win=81920 Len=0 TSval=3045563192 TSecr=2916043413"
"74633","39.338387458","192.168.1.55","192.168.1.2","TCP","1514","8004  >  37082 [ACK] Seq=76934 Ack=141 Win=65024 Len=1448 TSval=2916043419 TSecr=3045563192 [TCP segment of a reassembled PDU]"
"74634","39.338390310","192.168.1.55","192.168.1.2","TCP","1514","8004  >  37082 [ACK] Seq=78382 Ack=141 Win=65024 Len=1448 TSval=2916043419 TSecr=3045563192 [TCP segment of a reassembled PDU]"
"74635","39.338392218","192.168.1.55","192.168.1.2","TCP","1514","8004  >  37082 [ACK] Seq=79830 Ack=141 Win=65024 Len=1448 TSval=2916043419 TSecr=3045563192 [TCP segment of a reassembled PDU]"
"74636","39.338393995","192.168.1.55","192.168.1.2","TCP","1514","8004  >  37082 [ACK] Seq=81278 Ack=141 Win=65024 Len=1448 TSval=2916043419 TSecr=3045563192 [TCP segment of a reassembled PDU]"
"74637","39.338395458","192.168.1.55","192.168.1.2","TCP","1514","8004  >  37082 [ACK] Seq=82726 Ack=141 Win=65024 Len=1448 TSval=2916043419 TSecr=3045563192 [TCP segment of a reassembled PDU]"
"74638","39.338396847","192.168.1.55","192.168.1.2","TCP","1514","8004  >  37082 [ACK] Seq=84174 Ack=141 Win=65024 Len=1448 TSval=2916043419 TSecr=3045563192 [TCP segment of a reassembled PDU]"
"74639","39.338398366","192.168.1.55","192.168.1.2","TCP","1514","8004  >  37082 [ACK] Seq=85622 Ack=141 Win=65024 Len=1448 TSval=2916043419 TSecr=3045563192 [TCP segment of a reassembled PDU]"
"74640","39.338409292","192.168.1.55","192.168.1.2","TCP","1514","8004  >  37082 [ACK] Seq=87070 Ack=141 Win=65024 Len=1448 TSval=2916043419 TSecr=3045563192 [TCP segment of a reassembled PDU]"
"74641","39.338411088","192.168.1.55","192.168.1.2","TCP","1514","8004  >  37082 [ACK] Seq=88518 Ack=141 Win=65024 Len=1448 TSval=2916043419 TSecr=3045563192 [TCP segment of a reassembled PDU]"
"74642","39.338412866","192.168.1.55","192.168.1.2","TCP","1514","8004  >  37082 [ACK] Seq=89966 Ack=141 Win=65024 Len=1448 TSval=2916043419 TSecr=3045563192 [TCP segment of a reassembled PDU]"
"74643","39.338414236","192.168.1.55","192.168.1.2","TCP","1514","8004  >  37082 [ACK] Seq=91414 Ack=141 Win=65024 Len=1448 TSval=2916043419 TSecr=3045563192 [TCP segment of a reassembled PDU]"
"74644","39.338415810","192.168.1.55","192.168.1.2","TCP","1514","8004  >  37082 [ACK] Seq=92862 Ack=141 Win=65024 Len=1448 TSval=2916043419 TSecr=3045563192 [TCP segment of a reassembled PDU]"
"74645","39.338417625","192.168.1.55","192.168.1.2","TCP","1514","8004  >  37082 [ACK] Seq=94310 Ack=141 Win=65024 Len=1448 TSval=2916043419 TSecr=3045563192 [TCP segment of a reassembled PDU]"
"74646","39.338419310","192.168.1.55","192.168.1.2","TCP","1514","8004  >  37082 [ACK] Seq=95758 Ack=141 Win=65024 Len=1448 TSval=2916043419 TSecr=3045563192 [TCP segment of a reassembled PDU]"
"74647","39.338420995","192.168.1.55","192.168.1.2","TCP","1514","8004  >  37082 [ACK] Seq=97206 Ack=141 Win=65024 Len=1448 TSval=2916043419 TSecr=3045563192 [TCP segment of a reassembled PDU]"
"74648","39.338422551","192.168.1.55","192.168.1.2","TCP","1514","8004  >  37082 [PSH, ACK] Seq=98654 Ack=141 Win=65024 Len=1448 TSval=2916043419 TSecr=3045563192 [TCP segment of a reassembled PDU]"
"74649","39.344372190","192.168.1.2","192.168.1.55","TCP","66","37082  >  8004 [ACK] Seq=141 Ack=45078 Win=88064 Len=0 TSval=3045563195 TSecr=2916043415"
"74650","39.344397505","192.168.1.55","192.168.1.2","TCP","1514","8004  >  37082 [ACK] Seq=100102 Ack=141 Win=65024 Len=1448 TSval=2916043425 TSecr=3045563195 [TCP segment of a reassembled PDU]"
"74651","39.344401357","192.168.1.55","192.168.1.2","TCP","1514","8004  >  37082 [ACK] Seq=101550 Ack=141 Win=65024 Len=1448 TSval=2916043425 TSecr=3045563195 [TCP segment of a reassembled PDU]"
"74652","39.344402413","192.168.1.55","192.168.1.2","TCP","1514","8004  >  37082 [ACK] Seq=102998 Ack=141 Win=65024 Len=1448 TSval=2916043425 TSecr=3045563195 [TCP segment of a reassembled PDU]"
"74653","39.344403561","192.168.1.55","192.168.1.2","TCP","1514","8004  >  37082 [PSH, ACK] Seq=104446 Ack=141 Win=65024 Len=1448 TSval=2916043425 TSecr=3045563195 [TCP segment of a reassembled PDU]"
"74654","39.344434764","192.168.1.2","192.168.1.55","TCP","66","37082  >  8004 [ACK] Seq=141 Ack=65350 Win=68608 Len=0 TSval=3045563195 TSecr=2916043415"
"74655","39.344447820","192.168.1.55","192.168.1.2","TCP","1514","8004  >  37082 [ACK] Seq=105894 Ack=141 Win=65024 Len=1448 TSval=2916043425 TSecr=3045563195 [TCP segment of a reassembled PDU]"
"74656","39.344449190","192.168.1.55","192.168.1.2","TCP","1514","8004  >  37082 [ACK] Seq=107342 Ack=141 Win=65024 Len=1448 TSval=2916043425 TSecr=3045563195 [TCP segment of a reassembled PDU]"
"74657","39.344450283","192.168.1.55","192.168.1.2","TCP","1514","8004  >  37082 [ACK] Seq=108790 Ack=141 Win=65024 Len=1448 TSval=2916043425 TSecr=3045563195 [TCP segment of a reassembled PDU]"
"74658","39.344451450","192.168.1.55","192.168.1.2","TCP","1514","8004  >  37082 [ACK] Seq=110238 Ack=141 Win=65024 Len=1448 TSval=2916043425 TSecr=3045563195 [TCP segment of a reassembled PDU]"
"74659","39.344452579","192.168.1.55","192.168.1.2","TCP","1514","8004  >  37082 [ACK] Seq=111686 Ack=141 Win=65024 Len=1448 TSval=2916043425 TSecr=3045563195 [TCP segment of a reassembled PDU]"
"74660","39.344453653","192.168.1.55","192.168.1.2","TCP","1514","8004  >  37082 [ACK] Seq=113134 Ack=141 Win=65024 Len=1448 TSval=2916043425 TSecr=3045563195 [TCP segment of a reassembled PDU]"
"74661","39.344454727","192.168.1.55","192.168.1.2","TCP","1514","8004  >  37082 [ACK] Seq=114582 Ack=141 Win=65024 Len=1448 TSval=2916043425 TSecr=3045563195 [TCP segment of a reassembled PDU]"
"74662","39.344456153","192.168.1.55","192.168.1.2","TCP","1514","8004  >  37082 [ACK] Seq=116030 Ack=141 Win=65024 Len=1448 TSval=2916043425 TSecr=3045563195 [TCP segment of a reassembled PDU]"
"74663","39.344457190","192.168.1.55","192.168.1.2","TCP","1514","8004  >  37082 [PSH, ACK] Seq=117478 Ack=141 Win=65024 Len=1448 TSval=2916043425 TSecr=3045563195 [TCP segment of a reassembled PDU]"
"74664","39.344533598","192.168.1.2","192.168.1.55","TCP","66","37082  >  8004 [ACK] Seq=141 Ack=68246 Win=88064 Len=0 TSval=3045563197 TSecr=2916043418"
"74665","39.344539505","192.168.1.2","192.168.1.55","TCP","66","37082  >  8004 [ACK] Seq=141 Ack=76934 Win=79872 Len=0 TSval=3045563197 TSecr=2916043419"
"74666","39.344542524","192.168.1.2","192.168.1.55","TCP","66","37082  >  8004 [ACK] Seq=141 Ack=91414 Win=65536 Len=0 TSval=3045563197 TSecr=2916043419"
"74667","39.344545987","192.168.1.2","192.168.1.55","TCP","66","37082  >  8004 [ACK] Seq=141 Ack=100102 Win=80896 Len=0 TSval=3045563198 TSecr=2916043419"
"74668","39.344597635","192.168.1.55","192.168.1.2","TCP","1514","8004  >  37082 [ACK] Seq=118926 Ack=141 Win=65024 Len=1448 TSval=2916043425 TSecr=3045563197 [TCP segment of a reassembled PDU]"
"74669","39.344602468","192.168.1.55","192.168.1.2","TCP","1514","8004  >  37082 [ACK] Seq=120374 Ack=141 Win=65024 Len=1448 TSval=2916043425 TSecr=3045563197 [TCP segment of a reassembled PDU]"
"74670","39.344603635","192.168.1.55","192.168.1.2","TCP","1514","8004  >  37082 [ACK] Seq=121822 Ack=141 Win=65024 Len=1448 TSval=2916043425 TSecr=3045563197 [TCP segment of a reassembled PDU]"
"74671","39.344604820","192.168.1.55","192.168.1.2","TCP","1514","8004  >  37082 [ACK] Seq=123270 Ack=141 Win=65024 Len=1448 TSval=2916043425 TSecr=3045563197 [TCP segment of a reassembled PDU]"
"74672","39.344605950","192.168.1.55","192.168.1.2","TCP","1514","8004  >  37082 [ACK] Seq=124718 Ack=141 Win=65024 Len=1448 TSval=2916043425 TSecr=3045563197 [TCP segment of a reassembled PDU]"
"74673","39.344607154","192.168.1.55","192.168.1.2","TCP","1514","8004  >  37082 [ACK] Seq=126166 Ack=141 Win=65024 Len=1448 TSval=2916043425 TSecr=3045563197 [TCP segment of a reassembled PDU]"
"74674","39.344608246","192.168.1.55","192.168.1.2","TCP","1514","8004  >  37082 [ACK] Seq=127614 Ack=141 Win=65024 Len=1448 TSval=2916043425 TSecr=3045563197 [TCP segment of a reassembled PDU]"
"74675","39.344609302","192.168.1.55","192.168.1.2","TCP","1514","8004  >  37082 [ACK] Seq=129062 Ack=141 Win=65024 Len=1448 TSval=2916043425 TSecr=3045563197 [TCP segment of a reassembled PDU]"
"74676","39.344610357","192.168.1.55","192.168.1.2","TCP","1514","8004  >  37082 [ACK] Seq=130510 Ack=141 Win=65024 Len=1448 TSval=2916043425 TSecr=3045563197 [TCP segment of a reassembled PDU]"
"74677","39.344611672","192.168.1.55","192.168.1.2","TCP","1514","8004  >  37082 [ACK] Seq=131958 Ack=141 Win=65024 Len=1448 TSval=2916043425 TSecr=3045563197 [TCP segment of a reassembled PDU]"
"74678","39.344612857","192.168.1.55","192.168.1.2","TCP","1514","8004  >  37082 [ACK] Seq=133406 Ack=141 Win=65024 Len=1448 TSval=2916043425 TSecr=3045563197 [TCP segment of a reassembled PDU]"
"74679","39.344613931","192.168.1.55","192.168.1.2","TCP","1514","8004  >  37082 [ACK] Seq=134854 Ack=141 Win=65024 Len=1448 TSval=2916043425 TSecr=3045563197 [TCP segment of a reassembled PDU]"
"74680","39.344615098","192.168.1.55","192.168.1.2","TCP","1514","8004  >  37082 [ACK] Seq=136302 Ack=141 Win=65024 Len=1448 TSval=2916043425 TSecr=3045563197 [TCP segment of a reassembled PDU]"
"74681","39.344616265","192.168.1.55","192.168.1.2","TCP","1514","8004  >  37082 [ACK] Seq=137750 Ack=141 Win=65024 Len=1448 TSval=2916043425 TSecr=3045563197 [TCP segment of a reassembled PDU]"
"74682","39.344617413","192.168.1.55","192.168.1.2","TCP","1514","8004  >  37082 [ACK] Seq=139198 Ack=141 Win=65024 Len=1448 TSval=2916043425 TSecr=3045563197 [TCP segment of a reassembled PDU]"
"74683","39.344618728","192.168.1.55","192.168.1.2","TCP","1514","8004  >  37082 [ACK] Seq=140646 Ack=141 Win=65024 Len=1448 TSval=2916043425 TSecr=3045563197 [TCP segment of a reassembled PDU]"
"74684","39.344619876","192.168.1.55","192.168.1.2","TCP","1514","8004  >  37082 [ACK] Seq=142094 Ack=141 Win=65024 Len=1448 TSval=2916043425 TSecr=3045563197 [TCP segment of a reassembled PDU]"
"74685","39.344621005","192.168.1.55","192.168.1.2","TCP","1514","8004  >  37082 [ACK] Seq=143542 Ack=141 Win=65024 Len=1448 TSval=2916043425 TSecr=3045563197 [TCP segment of a reassembled PDU]"
"74686","39.344622561","192.168.1.55","192.168.1.2","TCP","1514","8004  >  37082 [ACK] Seq=144990 Ack=141 Win=65024 Len=1448 TSval=2916043425 TSecr=3045563197 [TCP segment of a reassembled PDU]"
"74687","39.344623635","192.168.1.55","192.168.1.2","TCP","1514","8004  >  37082 [ACK] Seq=146438 Ack=141 Win=65024 Len=1448 TSval=2916043425 TSecr=3045563197 [TCP segment of a reassembled PDU]"
"74688","39.344624783","192.168.1.55","192.168.1.2","TCP","1514","8004  >  37082 [ACK] Seq=147886 Ack=141 Win=65024 Len=1448 TSval=2916043425 TSecr=3045563197 [TCP segment of a reassembled PDU]"
"74689","39.344625839","192.168.1.55","192.168.1.2","TCP","1514","8004  >  37082 [ACK] Seq=149334 Ack=141 Win=65024 Len=1448 TSval=2916043425 TSecr=3045563197 [TCP segment of a reassembled PDU]"
"74690","39.344627005","192.168.1.55","192.168.1.2","TCP","1514","8004  >  37082 [PSH, ACK] Seq=150782 Ack=141 Win=65024 Len=1448 TSval=2916043425 TSecr=3045563197 [TCP segment of a reassembled PDU]"
"74691","39.345076414","192.168.1.55","192.168.1.2","TCP","1514","8004  >  37082 [ACK] Seq=152230 Ack=141 Win=65024 Len=1448 TSval=2916043425 TSecr=3045563198 [TCP segment of a reassembled PDU]"
"74692","39.345078080","192.168.1.55","192.168.1.2","TCP","1514","8004  >  37082 [ACK] Seq=153678 Ack=141 Win=65024 Len=1448 TSval=2916043425 TSecr=3045563198 [TCP segment of a reassembled PDU]"
"74693","39.345079247","192.168.1.55","192.168.1.2","TCP","1514","8004  >  37082 [ACK] Seq=155126 Ack=141 Win=65024 Len=1448 TSval=2916043425 TSecr=3045563198 [TCP segment of a reassembled PDU]"
"74694","39.345080395","192.168.1.55","192.168.1.2","TCP","1514","8004  >  37082 [ACK] Seq=156574 Ack=141 Win=65024 Len=1448 TSval=2916043425 TSecr=3045563198 [TCP segment of a reassembled PDU]"
"74695","39.345081840","192.168.1.55","192.168.1.2","TCP","1514","8004  >  37082 [ACK] Seq=158022 Ack=141 Win=65024 Len=1448 TSval=2916043425 TSecr=3045563198 [TCP segment of a reassembled PDU]"
"74696","39.345082969","192.168.1.55","192.168.1.2","TCP","1514","8004  >  37082 [PSH, ACK] Seq=159470 Ack=141 Win=65024 Len=1448 TSval=2916043425 TSecr=3045563198 [TCP segment of a reassembled PDU]"
"74697","39.345100321","192.168.1.55","192.168.1.2","TCP","1514","8004  >  37082 [ACK] Seq=160918 Ack=141 Win=65024 Len=1448 TSval=2916043425 TSecr=3045563198 [TCP segment of a reassembled PDU]"
"74698","39.345101710","192.168.1.55","192.168.1.2","TCP","1514","8004  >  37082 [ACK] Seq=162366 Ack=141 Win=65024 Len=1448 TSval=2916043425 TSecr=3045563198 [TCP segment of a reassembled PDU]"
"74699","39.345102784","192.168.1.55","192.168.1.2","TCP","1514","8004  >  37082 [ACK] Seq=163814 Ack=141 Win=65024 Len=1448 TSval=2916043425 TSecr=3045563198 [TCP segment of a reassembled PDU]"
"74700","39.345103877","192.168.1.55","192.168.1.2","TCP","1514","8004  >  37082 [ACK] Seq=165262 Ack=141 Win=65024 Len=1448 TSval=2916043425 TSecr=3045563198 [TCP segment of a reassembled PDU]"
"74701","39.345105117","192.168.1.55","192.168.1.2","TCP","1514","8004  >  37082 [ACK] Seq=166710 Ack=141 Win=65024 Len=1448 TSval=2916043425 TSecr=3045563198 [TCP segment of a reassembled PDU]"
"74702","39.345106191","192.168.1.55","192.168.1.2","TCP","1514","8004  >  37082 [ACK] Seq=168158 Ack=141 Win=65024 Len=1448 TSval=2916043425 TSecr=3045563198 [TCP segment of a reassembled PDU]"
"74703","39.345107228","192.168.1.55","192.168.1.2","TCP","1514","8004  >  37082 [ACK] Seq=169606 Ack=141 Win=65024 Len=1448 TSval=2916043425 TSecr=3045563198 [TCP segment of a reassembled PDU]"
"74704","39.345108414","192.168.1.55","192.168.1.2","TCP","1514","8004  >  37082 [ACK] Seq=171054 Ack=141 Win=65024 Len=1448 TSval=2916043425 TSecr=3045563198 [TCP segment of a reassembled PDU]"
"74705","39.345109562","192.168.1.55","192.168.1.2","TCP","1514","8004  >  37082 [ACK] Seq=172502 Ack=141 Win=65024 Len=1448 TSval=2916043425 TSecr=3045563198 [TCP segment of a reassembled PDU]"
"74706","39.345110784","192.168.1.55","192.168.1.2","TCP","1514","8004  >  37082 [ACK] Seq=173950 Ack=141 Win=65024 Len=1448 TSval=2916043425 TSecr=3045563198 [TCP segment of a reassembled PDU]"
"74707","39.345111914","192.168.1.55","192.168.1.2","TCP","1514","8004  >  37082 [ACK] Seq=175398 Ack=141 Win=65024 Len=1448 TSval=2916043425 TSecr=3045563198 [TCP segment of a reassembled PDU]"
"74708","39.345112988","192.168.1.55","192.168.1.2","TCP","1514","8004  >  37082 [ACK] Seq=176846 Ack=141 Win=65024 Len=1448 TSval=2916043425 TSecr=3045563198 [TCP segment of a reassembled PDU]"
"74709","39.345114210","192.168.1.55","192.168.1.2","TCP","1514","8004  >  37082 [ACK] Seq=178294 Ack=141 Win=65024 Len=1448 TSval=2916043425 TSecr=3045563198 [TCP segment of a reassembled PDU]"
"74710","39.345115340","192.168.1.55","192.168.1.2","TCP","1322","[TCP Window Full] 8004  >  37082 [PSH, ACK] Seq=179742 Ack=141 Win=65024 Len=1256 TSval=2916043425 TSecr=3045563198 [TCP segment of a reassembled PDU]"
"74711","39.354934689","192.168.1.2","192.168.1.55","TCP","66","37082  >  8004 [ACK] Seq=141 Ack=105894 Win=86016 Len=0 TSval=3045563206 TSecr=2916043425"
"74712","39.354978911","192.168.1.55","192.168.1.2","TCP","1514","8004  >  37082 [ACK] Seq=180998 Ack=141 Win=65024 Len=1448 TSval=2916043435 TSecr=3045563206 [TCP segment of a reassembled PDU]"
"74713","39.354982726","192.168.1.55","192.168.1.2","TCP","1514","8004  >  37082 [ACK] Seq=182446 Ack=141 Win=65024 Len=1448 TSval=2916043435 TSecr=3045563206 [TCP segment of a reassembled PDU]"
"74714","39.354983726","192.168.1.55","192.168.1.2","TCP","1514","8004  >  37082 [ACK] Seq=183894 Ack=141 Win=65024 Len=1448 TSval=2916043435 TSecr=3045563206 [TCP segment of a reassembled PDU]"
"74715","39.354984763","192.168.1.55","192.168.1.2","TCP","1514","8004  >  37082 [ACK] Seq=185342 Ack=141 Win=65024 Len=1448 TSval=2916043435 TSecr=3045563206 [TCP segment of a reassembled PDU]"
"74716","39.354985911","192.168.1.55","192.168.1.2","TCP","1514","8004  >  37082 [ACK] Seq=186790 Ack=141 Win=65024 Len=1448 TSval=2916043435 TSecr=3045563206 [TCP segment of a reassembled PDU]"
"74717","39.354986874","192.168.1.55","192.168.1.2","TCP","1514","8004  >  37082 [ACK] Seq=188238 Ack=141 Win=65024 Len=1448 TSval=2916043435 TSecr=3045563206 [TCP segment of a reassembled PDU]"
"74718","39.354987837","192.168.1.55","192.168.1.2","TCP","1514","8004  >  37082 [PSH, ACK] Seq=189686 Ack=141 Win=65024 Len=1448 TSval=2916043435 TSecr=3045563206 [TCP segment of a reassembled PDU]"
"74719","39.355377449","192.168.1.2","192.168.1.55","TCP","66","37082  >  8004 [ACK] Seq=141 Ack=118926 Win=80896 Len=0 TSval=3045563206 TSecr=2916043425"
"74720","39.355385393","192.168.1.2","192.168.1.55","TCP","66","37082  >  8004 [ACK] Seq=141 Ack=130510 Win=69632 Len=0 TSval=3045563207 TSecr=2916043425"
"74721","39.355389671","192.168.1.2","192.168.1.55","TCP","66","37082  >  8004 [ACK] Seq=141 Ack=144990 Win=79872 Len=0 TSval=3045563208 TSecr=2916043425"
"74722","39.355405097","192.168.1.55","192.168.1.2","TCP","1514","8004  >  37082 [ACK] Seq=191134 Ack=141 Win=65024 Len=1448 TSval=2916043436 TSecr=3045563208 [TCP segment of a reassembled PDU]"
"74723","39.355407579","192.168.1.55","192.168.1.2","TCP","1514","8004  >  37082 [ACK] Seq=192582 Ack=141 Win=65024 Len=1448 TSval=2916043436 TSecr=3045563208 [TCP segment of a reassembled PDU]"
"74724","39.355408745","192.168.1.55","192.168.1.2","TCP","1514","8004  >  37082 [ACK] Seq=194030 Ack=141 Win=65024 Len=1448 TSval=2916043436 TSecr=3045563208 [TCP segment of a reassembled PDU]"
"74725","39.355409819","192.168.1.55","192.168.1.2","TCP","1514","8004  >  37082 [ACK] Seq=195478 Ack=141 Win=65024 Len=1448 TSval=2916043436 TSecr=3045563208 [TCP segment of a reassembled PDU]"
"74726","39.355410782","192.168.1.55","192.168.1.2","TCP","1514","8004  >  37082 [ACK] Seq=196926 Ack=141 Win=65024 Len=1448 TSval=2916043436 TSecr=3045563208 [TCP segment of a reassembled PDU]"
"74727","39.355411764","192.168.1.55","192.168.1.2","TCP","1514","8004  >  37082 [ACK] Seq=198374 Ack=141 Win=65024 Len=1448 TSval=2916043436 TSecr=3045563208 [TCP segment of a reassembled PDU]"
"74728","39.355412801","192.168.1.55","192.168.1.2","TCP","1514","8004  >  37082 [ACK] Seq=199822 Ack=141 Win=65024 Len=1448 TSval=2916043436 TSecr=3045563208 [TCP segment of a reassembled PDU]"
"74729","39.355413801","192.168.1.55","192.168.1.2","TCP","1514","8004  >  37082 [PSH, ACK] Seq=201270 Ack=141 Win=65024 Len=1448 TSval=2916043436 TSecr=3045563208 [TCP segment of a reassembled PDU]"
"74730","39.355419356","192.168.1.55","192.168.1.2","TCP","258","8004  >  37082 [ACK] Seq=202718 Ack=141 Win=65024 Len=192 TSval=2916043436 TSecr=3045563208 [TCP segment of a reassembled PDU]"
"74731","39.355422282","192.168.1.2","192.168.1.55","TCP","66","37082  >  8004 [ACK] Seq=141 Ack=152230 Win=86016 Len=0 TSval=3045563209 TSecr=2916043425"
"74732","39.355453727","192.168.1.55","192.168.1.2","TCP","1514","8004  >  37082 [ACK] Seq=202910 Ack=141 Win=65024 Len=1448 TSval=2916043436 TSecr=3045563209 [TCP segment of a reassembled PDU]"
"74733","39.355455597","192.168.1.55","192.168.1.2","TCP","1514","8004  >  37082 [ACK] Seq=204358 Ack=141 Win=65024 Len=1448 TSval=2916043436 TSecr=3045563209 [TCP segment of a reassembled PDU]"
"74734","39.355456801","192.168.1.55","192.168.1.2","TCP","1514","8004  >  37082 [ACK] Seq=205806 Ack=141 Win=65024 Len=1448 TSval=2916043436 TSecr=3045563209 [TCP segment of a reassembled PDU]"
"74735","39.355457875","192.168.1.55","192.168.1.2","TCP","1514","8004  >  37082 [ACK] Seq=207254 Ack=141 Win=65024 Len=1448 TSval=2916043436 TSecr=3045563209 [TCP segment of a reassembled PDU]"
"74736","39.355458838","192.168.1.55","192.168.1.2","TCP","1514","8004  >  37082 [ACK] Seq=208702 Ack=141 Win=65024 Len=1448 TSval=2916043436 TSecr=3045563209 [TCP segment of a reassembled PDU]"
"74737","39.355460005","192.168.1.55","192.168.1.2","TCP","1514","8004  >  37082 [ACK] Seq=210150 Ack=141 Win=65024 Len=1448 TSval=2916043436 TSecr=3045563209 [TCP segment of a reassembled PDU]"
"74738","39.355461005","192.168.1.55","192.168.1.2","TCP","1514","8004  >  37082 [ACK] Seq=211598 Ack=141 Win=65024 Len=1448 TSval=2916043436 TSecr=3045563209 [TCP segment of a reassembled PDU]"
"74739","39.355462023","192.168.1.55","192.168.1.2","TCP","1514","8004  >  37082 [ACK] Seq=213046 Ack=141 Win=65024 Len=1448 TSval=2916043436 TSecr=3045563209 [TCP segment of a reassembled PDU]"
"74740","39.355463116","192.168.1.55","192.168.1.2","TCP","1514","8004  >  37082 [ACK] Seq=214494 Ack=141 Win=65024 Len=1448 TSval=2916043436 TSecr=3045563209 [TCP segment of a reassembled PDU]"
"74741","39.355464097","192.168.1.55","192.168.1.2","TCP","1514","8004  >  37082 [ACK] Seq=215942 Ack=141 Win=65024 Len=1448 TSval=2916043436 TSecr=3045563209 [TCP segment of a reassembled PDU]"
"74742","39.355465171","192.168.1.55","192.168.1.2","TCP","1514","8004  >  37082 [ACK] Seq=217390 Ack=141 Win=65024 Len=1448 TSval=2916043436 TSecr=3045563209 [TCP segment of a reassembled PDU]"
"74743","39.355466356","192.168.1.55","192.168.1.2","TCP","1514","8004  >  37082 [ACK] Seq=218838 Ack=141 Win=65024 Len=1448 TSval=2916043436 TSecr=3045563209 [TCP segment of a reassembled PDU]"
"74744","39.355467542","192.168.1.55","192.168.1.2","TCP","1514","8004  >  37082 [ACK] Seq=220286 Ack=141 Win=65024 Len=1448 TSval=2916043436 TSecr=3045563209 [TCP segment of a reassembled PDU]"
"74745","39.355468653","192.168.1.55","192.168.1.2","TCP","1514","8004  >  37082 [ACK] Seq=221734 Ack=141 Win=65024 Len=1448 TSval=2916043436 TSecr=3045563209 [TCP segment of a reassembled PDU]"
"74746","39.355469690","192.168.1.55","192.168.1.2","TCP","1514","8004  >  37082 [ACK] Seq=223182 Ack=141 Win=65024 Len=1448 TSval=2916043436 TSecr=3045563209 [TCP segment of a reassembled PDU]"
"74747","39.355470727","192.168.1.55","192.168.1.2","TCP","1514","8004  >  37082 [ACK] Seq=224630 Ack=141 Win=65024 Len=1448 TSval=2916043436 TSecr=3045563209 [TCP segment of a reassembled PDU]"
"74748","39.355471801","192.168.1.55","192.168.1.2","TCP","1514","8004  >  37082 [ACK] Seq=226078 Ack=141 Win=65024 Len=1448 TSval=2916043436 TSecr=3045563209 [TCP segment of a reassembled PDU]"
"74749","39.355472819","192.168.1.55","192.168.1.2","TCP","1514","8004  >  37082 [ACK] Seq=227526 Ack=141 Win=65024 Len=1448 TSval=2916043436 TSecr=3045563209 [TCP segment of a reassembled PDU]"
"74750","39.355473875","192.168.1.55","192.168.1.2","TCP","1514","8004  >  37082 [ACK] Seq=228974 Ack=141 Win=65024 Len=1448 TSval=2916043436 TSecr=3045563209 [TCP segment of a reassembled PDU]"
"74751","39.355474931","192.168.1.55","192.168.1.2","TCP","1514","8004  >  37082 [ACK] Seq=230422 Ack=141 Win=65024 Len=1448 TSval=2916043436 TSecr=3045563209 [TCP segment of a reassembled PDU]"
"74752","39.355475893","192.168.1.55","192.168.1.2","TCP","1514","8004  >  37082 [ACK] Seq=231870 Ack=141 Win=65024 Len=1448 TSval=2916043436 TSecr=3045563209 [TCP segment of a reassembled PDU]"
"74753","39.355476986","192.168.1.55","192.168.1.2","TCP","1514","8004  >  37082 [ACK] Seq=233318 Ack=141 Win=65024 Len=1448 TSval=2916043436 TSecr=3045563209 [TCP segment of a reassembled PDU]"
"74754","39.355478060","192.168.1.55","192.168.1.2","TCP","1514","8004  >  37082 [ACK] Seq=234766 Ack=141 Win=65024 Len=1448 TSval=2916043436 TSecr=3045563209 [TCP segment of a reassembled PDU]"
"74755","39.355479171","192.168.1.55","192.168.1.2","TCP","1514","8004  >  37082 [PSH, ACK] Seq=236214 Ack=141 Win=65024 Len=1448 TSval=2916043436 TSecr=3045563209 [TCP segment of a reassembled PDU]"
"74756","39.355531171","192.168.1.2","192.168.1.55","TCP","66","37082  >  8004 [ACK] Seq=141 Ack=160918 Win=77824 Len=0 TSval=3045563209 TSecr=2916043425"
"74757","39.355538005","192.168.1.2","192.168.1.55","TCP","66","37082  >  8004 [ACK] Seq=141 Ack=180998 Win=72704 Len=0 TSval=3045563209 TSecr=2916043425"
"74758","39.355552468","192.168.1.55","192.168.1.2","TCP","1514","8004  >  37082 [ACK] Seq=237662 Ack=141 Win=65024 Len=1448 TSval=2916043436 TSecr=3045563209 [TCP segment of a reassembled PDU]"
"74759","39.355554282","192.168.1.55","192.168.1.2","TCP","1514","8004  >  37082 [ACK] Seq=239110 Ack=141 Win=65024 Len=1448 TSval=2916043436 TSecr=3045563209 [TCP segment of a reassembled PDU]"
"74760","39.355555820","192.168.1.55","192.168.1.2","TCP","1514","8004  >  37082 [ACK] Seq=240558 Ack=141 Win=65024 Len=1448 TSval=2916043436 TSecr=3045563209 [TCP segment of a reassembled PDU]"
"74761","39.355556764","192.168.1.55","192.168.1.2","TCP","1514","8004  >  37082 [ACK] Seq=242006 Ack=141 Win=65024 Len=1448 TSval=2916043436 TSecr=3045563209 [TCP segment of a reassembled PDU]"
"74762","39.355557820","192.168.1.55","192.168.1.2","TCP","1514","8004  >  37082 [ACK] Seq=243454 Ack=141 Win=65024 Len=1448 TSval=2916043436 TSecr=3045563209 [TCP segment of a reassembled PDU]"
"74763","39.355558894","192.168.1.55","192.168.1.2","TCP","1514","8004  >  37082 [PSH, ACK] Seq=244902 Ack=141 Win=65024 Len=1448 TSval=2916043436 TSecr=3045563209 [TCP segment of a reassembled PDU]"
"74764","39.356746692","192.168.1.55","192.168.1.2","TCP","1514","8004  >  37082 [ACK] Seq=246350 Ack=141 Win=65024 Len=1448 TSval=2916043437 TSecr=3045563209 [TCP segment of a reassembled PDU]"
"74765","39.356752007","192.168.1.55","192.168.1.2","TCP","1514","8004  >  37082 [ACK] Seq=247798 Ack=141 Win=65024 Len=1448 TSval=2916043437 TSecr=3045563209 [TCP segment of a reassembled PDU]"
"74766","39.356753099","192.168.1.55","192.168.1.2","TCP","1514","8004  >  37082 [ACK] Seq=249246 Ack=141 Win=65024 Len=1448 TSval=2916043437 TSecr=3045563209 [TCP segment of a reassembled PDU]"
"74767","39.356754192","192.168.1.55","192.168.1.2","TCP","1514","8004  >  37082 [ACK] Seq=250694 Ack=141 Win=65024 Len=1448 TSval=2916043437 TSecr=3045563209 [TCP segment of a reassembled PDU]"
"74768","39.356756155","192.168.1.55","192.168.1.2","TCP","1514","8004  >  37082 [PSH, ACK] Seq=252142 Ack=141 Win=65024 Len=1448 TSval=2916043437 TSecr=3045563209 [TCP segment of a reassembled PDU]"
"74769","39.361806367","192.168.1.2","192.168.1.55","TCP","66","37082  >  8004 [ACK] Seq=141 Ack=191134 Win=81920 Len=0 TSval=3045563215 TSecr=2916043435"
"74770","39.361844830","192.168.1.55","192.168.1.2","TCP","1514","8004  >  37082 [ACK] Seq=253590 Ack=141 Win=65024 Len=1448 TSval=2916043442 TSecr=3045563215 [TCP segment of a reassembled PDU]"
"74771","39.361849182","192.168.1.55","192.168.1.2","TCP","1514","8004  >  37082 [ACK] Seq=255038 Ack=141 Win=65024 Len=1448 TSval=2916043442 TSecr=3045563215 [TCP segment of a reassembled PDU]"
"74772","39.361850219","192.168.1.55","192.168.1.2","TCP","1514","8004  >  37082 [ACK] Seq=256486 Ack=141 Win=65024 Len=1448 TSval=2916043442 TSecr=3045563215 [TCP segment of a reassembled PDU]"
"74773","39.361851330","192.168.1.55","192.168.1.2","TCP","1514","8004  >  37082 [ACK] Seq=257934 Ack=141 Win=65024 Len=1448 TSval=2916043442 TSecr=3045563215 [TCP segment of a reassembled PDU]"
"74774","39.361852256","192.168.1.55","192.168.1.2","TCP","1514","8004  >  37082 [ACK] Seq=259382 Ack=141 Win=65024 Len=1448 TSval=2916043442 TSecr=3045563215 [TCP segment of a reassembled PDU]"
"74775","39.361853311","192.168.1.55","192.168.1.2","TCP","1514","8004  >  37082 [ACK] Seq=260830 Ack=141 Win=65024 Len=1448 TSval=2916043442 TSecr=3045563215 [TCP segment of a reassembled PDU]"
"74776","39.361854348","192.168.1.55","192.168.1.2","TCP","1514","8004  >  37082 [ACK] Seq=262278 Ack=141 Win=65024 Len=1448 TSval=2916043442 TSecr=3045563215 [TCP segment of a reassembled PDU]"
"74777","39.361855274","192.168.1.55","192.168.1.2","TCP","1514","8004  >  37082 [ACK] Seq=263726 Ack=141 Win=65024 Len=1448 TSval=2916043442 TSecr=3045563215 [TCP segment of a reassembled PDU]"
"74778","39.361856367","192.168.1.55","192.168.1.2","TCP","1514","8004  >  37082 [ACK] Seq=265174 Ack=141 Win=65024 Len=1448 TSval=2916043442 TSecr=3045563215 [TCP segment of a reassembled PDU]"
"74779","39.361857330","192.168.1.55","192.168.1.2","TCP","1514","8004  >  37082 [ACK] Seq=266622 Ack=141 Win=65024 Len=1448 TSval=2916043442 TSecr=3045563215 [TCP segment of a reassembled PDU]"
"74780","39.361858237","192.168.1.55","192.168.1.2","TCP","1514","8004  >  37082 [ACK] Seq=268070 Ack=141 Win=65024 Len=1448 TSval=2916043442 TSecr=3045563215 [TCP segment of a reassembled PDU]"
"74781","39.361859256","192.168.1.55","192.168.1.2","TCP","1514","8004  >  37082 [ACK] Seq=269518 Ack=141 Win=65024 Len=1448 TSval=2916043442 TSecr=3045563215 [TCP segment of a reassembled PDU]"
"74782","39.361860182","192.168.1.55","192.168.1.2","TCP","1514","8004  >  37082 [PSH, ACK] Seq=270966 Ack=141 Win=65024 Len=1448 TSval=2916043442 TSecr=3045563215 [TCP segment of a reassembled PDU]"
"74783","39.362466090","192.168.1.2","192.168.1.55","TCP","66","37082  >  8004 [ACK] Seq=141 Ack=202718 Win=88064 Len=0 TSval=3045563216 TSecr=2916043436"
"74784","39.362484090","192.168.1.55","192.168.1.2","TCP","1514","8004  >  37082 [ACK] Seq=272414 Ack=141 Win=65024 Len=1448 TSval=2916043443 TSecr=3045563216 [TCP segment of a reassembled PDU]"
"74785","39.362485479","192.168.1.55","192.168.1.2","TCP","1514","8004  >  37082 [ACK] Seq=273862 Ack=141 Win=65024 Len=1448 TSval=2916043443 TSecr=3045563216 [TCP segment of a reassembled PDU]"
"74786","39.362486405","192.168.1.55","192.168.1.2","TCP","1514","8004  >  37082 [ACK] Seq=275310 Ack=141 Win=65024 Len=1448 TSval=2916043443 TSecr=3045563216 [TCP segment of a reassembled PDU]"
"74787","39.362487368","192.168.1.55","192.168.1.2","TCP","1514","8004  >  37082 [ACK] Seq=276758 Ack=141 Win=65024 Len=1448 TSval=2916043443 TSecr=3045563216 [TCP segment of a reassembled PDU]"
"74788","39.362488275","192.168.1.55","192.168.1.2","TCP","1514","8004  >  37082 [ACK] Seq=278206 Ack=141 Win=65024 Len=1448 TSval=2916043443 TSecr=3045563216 [TCP segment of a reassembled PDU]"
"74789","39.362489220","192.168.1.55","192.168.1.2","TCP","1514","8004  >  37082 [ACK] Seq=279654 Ack=141 Win=65024 Len=1448 TSval=2916043443 TSecr=3045563216 [TCP segment of a reassembled PDU]"
"74790","39.362490127","192.168.1.55","192.168.1.2","TCP","1514","8004  >  37082 [ACK] Seq=281102 Ack=141 Win=65024 Len=1448 TSval=2916043443 TSecr=3045563216 [TCP segment of a reassembled PDU]"
"74791","39.362490997","192.168.1.55","192.168.1.2","TCP","1514","8004  >  37082 [ACK] Seq=282550 Ack=141 Win=65024 Len=1448 TSval=2916043443 TSecr=3045563216 [TCP segment of a reassembled PDU]"
"74792","39.362492275","192.168.1.55","192.168.1.2","TCP","1514","8004  >  37082 [ACK] Seq=283998 Ack=141 Win=65024 Len=1448 TSval=2916043443 TSecr=3045563216 [TCP segment of a reassembled PDU]"
"74793","39.362493164","192.168.1.55","192.168.1.2","TCP","1514","8004  >  37082 [ACK] Seq=285446 Ack=141 Win=65024 Len=1448 TSval=2916043443 TSecr=3045563216 [TCP segment of a reassembled PDU]"
"74794","39.362494072","192.168.1.55","192.168.1.2","TCP","1514","8004  >  37082 [ACK] Seq=286894 Ack=141 Win=65024 Len=1448 TSval=2916043443 TSecr=3045563216 [TCP segment of a reassembled PDU]"
"74795","39.362495035","192.168.1.55","192.168.1.2","TCP","1514","8004  >  37082 [PSH, ACK] Seq=288342 Ack=141 Win=65024 Len=1448 TSval=2916043443 TSecr=3045563216 [TCP segment of a reassembled PDU]"
"74796","39.362498516","192.168.1.2","192.168.1.55","TCP","66","37082  >  8004 [ACK] Seq=141 Ack=202910 Win=91136 Len=0 TSval=3045563216 TSecr=2916043436"
"74797","39.362503831","192.168.1.2","192.168.1.55","TCP","66","37082  >  8004 [ACK] Seq=141 Ack=237662 Win=91136 Len=0 TSval=3045563216 TSecr=2916043436"
"74798","39.362546072","192.168.1.55","192.168.1.2","TCP","1514","8004  >  37082 [ACK] Seq=289790 Ack=141 Win=65024 Len=1448 TSval=2916043443 TSecr=3045563216 [TCP segment of a reassembled PDU]"
"74799","39.362547609","192.168.1.55","192.168.1.2","TCP","1514","8004  >  37082 [ACK] Seq=291238 Ack=141 Win=65024 Len=1448 TSval=2916043443 TSecr=3045563216 [TCP segment of a reassembled PDU]"
"74800","39.362548553","192.168.1.55","192.168.1.2","TCP","1514","8004  >  37082 [ACK] Seq=292686 Ack=141 Win=65024 Len=1448 TSval=2916043443 TSecr=3045563216 [TCP segment of a reassembled PDU]"
"74801","39.362549627","192.168.1.55","192.168.1.2","TCP","1514","8004  >  37082 [ACK] Seq=294134 Ack=141 Win=65024 Len=1448 TSval=2916043443 TSecr=3045563216 [TCP segment of a reassembled PDU]"
"74802","39.362550572","192.168.1.55","192.168.1.2","TCP","1514","8004  >  37082 [ACK] Seq=295582 Ack=141 Win=65024 Len=1448 TSval=2916043443 TSecr=3045563216 [TCP segment of a reassembled PDU]"
"74803","39.362551572","192.168.1.55","192.168.1.2","TCP","1514","8004  >  37082 [ACK] Seq=297030 Ack=141 Win=65024 Len=1448 TSval=2916043443 TSecr=3045563216 [TCP segment of a reassembled PDU]"
"74804","39.362552683","192.168.1.55","192.168.1.2","TCP","1514","8004  >  37082 [ACK] Seq=298478 Ack=141 Win=65024 Len=1448 TSval=2916043443 TSecr=3045563216 [TCP segment of a reassembled PDU]"
"74805","39.362553701","192.168.1.55","192.168.1.2","TCP","1514","8004  >  37082 [ACK] Seq=299926 Ack=141 Win=65024 Len=1448 TSval=2916043443 TSecr=3045563216 [TCP segment of a reassembled PDU]"
"74806","39.362554831","192.168.1.55","192.168.1.2","TCP","1514","8004  >  37082 [ACK] Seq=301374 Ack=141 Win=65024 Len=1448 TSval=2916043443 TSecr=3045563216 [TCP segment of a reassembled PDU]"
"74807","39.362556127","192.168.1.55","192.168.1.2","TCP","1514","8004  >  37082 [ACK] Seq=302822 Ack=141 Win=65024 Len=1448 TSval=2916043443 TSecr=3045563216 [TCP segment of a reassembled PDU]"
"74808","39.362557201","192.168.1.55","192.168.1.2","TCP","1514","8004  >  37082 [ACK] Seq=304270 Ack=141 Win=65024 Len=1448 TSval=2916043443 TSecr=3045563216 [TCP segment of a reassembled PDU]"
"74809","39.362558183","192.168.1.55","192.168.1.2","TCP","1514","8004  >  37082 [ACK] Seq=305718 Ack=141 Win=65024 Len=1448 TSval=2916043443 TSecr=3045563216 [TCP segment of a reassembled PDU]"
"74810","39.362559275","192.168.1.55","192.168.1.2","TCP","1514","8004  >  37082 [ACK] Seq=307166 Ack=141 Win=65024 Len=1448 TSval=2916043443 TSecr=3045563216 [TCP segment of a reassembled PDU]"
"74811","39.362560368","192.168.1.55","192.168.1.2","TCP","1514","8004  >  37082 [ACK] Seq=308614 Ack=141 Win=65024 Len=1448 TSval=2916043443 TSecr=3045563216 [TCP segment of a reassembled PDU]"
"74812","39.362561405","192.168.1.55","192.168.1.2","TCP","1514","8004  >  37082 [ACK] Seq=310062 Ack=141 Win=65024 Len=1448 TSval=2916043443 TSecr=3045563216 [TCP segment of a reassembled PDU]"
"74813","39.362562312","192.168.1.55","192.168.1.2","TCP","1514","8004  >  37082 [ACK] Seq=311510 Ack=141 Win=65024 Len=1448 TSval=2916043443 TSecr=3045563216 [TCP segment of a reassembled PDU]"
"74814","39.362563479","192.168.1.55","192.168.1.2","TCP","1514","8004  >  37082 [ACK] Seq=312958 Ack=141 Win=65024 Len=1448 TSval=2916043443 TSecr=3045563216 [TCP segment of a reassembled PDU]"
"74815","39.362564368","192.168.1.55","192.168.1.2","TCP","1514","8004  >  37082 [ACK] Seq=314406 Ack=141 Win=65024 Len=1448 TSval=2916043443 TSecr=3045563216 [TCP segment of a reassembled PDU]"
"74816","39.362565238","192.168.1.55","192.168.1.2","TCP","1514","8004  >  37082 [ACK] Seq=315854 Ack=141 Win=65024 Len=1448 TSval=2916043443 TSecr=3045563216 [TCP segment of a reassembled PDU]"
"74817","39.362566257","192.168.1.55","192.168.1.2","TCP","1514","8004  >  37082 [ACK] Seq=317302 Ack=141 Win=65024 Len=1448 TSval=2916043443 TSecr=3045563216 [TCP segment of a reassembled PDU]"
"74818","39.362567424","192.168.1.55","192.168.1.2","TCP","1514","8004  >  37082 [ACK] Seq=318750 Ack=141 Win=65024 Len=1448 TSval=2916043443 TSecr=3045563216 [TCP segment of a reassembled PDU]"
"74819","39.362568405","192.168.1.55","192.168.1.2","TCP","1514","8004  >  37082 [ACK] Seq=320198 Ack=141 Win=65024 Len=1448 TSval=2916043443 TSecr=3045563216 [TCP segment of a reassembled PDU]"
"74820","39.362574979","192.168.1.55","192.168.1.2","TCP","1514","8004  >  37082 [ACK] Seq=321646 Ack=141 Win=65024 Len=1448 TSval=2916043443 TSecr=3045563216 [TCP segment of a reassembled PDU]"
"74821","39.362576164","192.168.1.55","192.168.1.2","TCP","1514","8004  >  37082 [ACK] Seq=323094 Ack=141 Win=65024 Len=1448 TSval=2916043443 TSecr=3045563216 [TCP segment of a reassembled PDU]"
"74822","39.362577349","192.168.1.55","192.168.1.2","TCP","1514","8004  >  37082 [ACK] Seq=324542 Ack=141 Win=65024 Len=1448 TSval=2916043443 TSecr=3045563216 [TCP segment of a reassembled PDU]"
"74823","39.362578331","192.168.1.55","192.168.1.2","TCP","1514","8004  >  37082 [ACK] Seq=325990 Ack=141 Win=65024 Len=1448 TSval=2916043443 TSecr=3045563216 [TCP segment of a reassembled PDU]"
"74824","39.362579257","192.168.1.55","192.168.1.2","TCP","1426","[TCP Window Full] 8004  >  37082 [PSH, ACK] Seq=327438 Ack=141 Win=65024 Len=1360 TSval=2916043443 TSecr=3045563216 [TCP segment of a reassembled PDU]"
"74825","39.362632498","192.168.1.2","192.168.1.55","TCP","66","37082  >  8004 [ACK] Seq=141 Ack=246350 Win=96256 Len=0 TSval=3045563216 TSecr=2916043436"
"74826","39.362649442","192.168.1.55","192.168.1.2","TCP","1514","8004  >  37082 [ACK] Seq=328798 Ack=141 Win=65024 Len=1448 TSval=2916043443 TSecr=3045563216 [TCP segment of a reassembled PDU]"
"74827","39.362652016","192.168.1.55","192.168.1.2","TCP","1514","8004  >  37082 [ACK] Seq=330246 Ack=141 Win=65024 Len=1448 TSval=2916043443 TSecr=3045563216 [TCP segment of a reassembled PDU]"
"74828","39.362652979","192.168.1.55","192.168.1.2","TCP","1514","8004  >  37082 [PSH, ACK] Seq=331694 Ack=141 Win=65024 Len=1448 TSval=2916043443 TSecr=3045563216 [TCP segment of a reassembled PDU]"
"74829","39.362658053","192.168.1.55","192.168.1.2","TCP","154","8004  >  37082 [ACK] Seq=333142 Ack=141 Win=65024 Len=88 TSval=2916043443 TSecr=3045563216 [TCP segment of a reassembled PDU]"
"74830","39.362661053","192.168.1.2","192.168.1.55","TCP","66","37082  >  8004 [ACK] Seq=141 Ack=253590 Win=108544 Len=0 TSval=3045563216 TSecr=2916043437"
"74831","39.362691239","192.168.1.55","192.168.1.2","TCP","1514","8004  >  37082 [ACK] Seq=333230 Ack=141 Win=65024 Len=1448 TSval=2916043443 TSecr=3045563216 [TCP segment of a reassembled PDU]"
"74832","39.362693202","192.168.1.55","192.168.1.2","TCP","1514","8004  >  37082 [ACK] Seq=334678 Ack=141 Win=65024 Len=1448 TSval=2916043443 TSecr=3045563216 [TCP segment of a reassembled PDU]"
"74833","39.362694516","192.168.1.55","192.168.1.2","TCP","1514","8004  >  37082 [ACK] Seq=336126 Ack=141 Win=65024 Len=1448 TSval=2916043443 TSecr=3045563216 [TCP segment of a reassembled PDU]"
"74834","39.362695424","192.168.1.55","192.168.1.2","TCP","1514","8004  >  37082 [ACK] Seq=337574 Ack=141 Win=65024 Len=1448 TSval=2916043443 TSecr=3045563216 [TCP segment of a reassembled PDU]"
"74835","39.362697016","192.168.1.55","192.168.1.2","TCP","1514","8004  >  37082 [ACK] Seq=339022 Ack=141 Win=65024 Len=1448 TSval=2916043443 TSecr=3045563216 [TCP segment of a reassembled PDU]"
"74836","39.362698016","192.168.1.55","192.168.1.2","TCP","1514","8004  >  37082 [ACK] Seq=340470 Ack=141 Win=65024 Len=1448 TSval=2916043443 TSecr=3045563216 [TCP segment of a reassembled PDU]"
"74837","39.362699257","192.168.1.55","192.168.1.2","TCP","1514","8004  >  37082 [ACK] Seq=341918 Ack=141 Win=65024 Len=1448 TSval=2916043443 TSecr=3045563216 [TCP segment of a reassembled PDU]"
"74838","39.362700461","192.168.1.55","192.168.1.2","TCP","1514","8004  >  37082 [ACK] Seq=343366 Ack=141 Win=65024 Len=1448 TSval=2916043443 TSecr=3045563216 [TCP segment of a reassembled PDU]"
"74839","39.362701664","192.168.1.55","192.168.1.2","TCP","1514","8004  >  37082 [ACK] Seq=344814 Ack=141 Win=65024 Len=1448 TSval=2916043443 TSecr=3045563216 [TCP segment of a reassembled PDU]"
"74840","39.362702887","192.168.1.55","192.168.1.2","TCP","1514","8004  >  37082 [ACK] Seq=346262 Ack=141 Win=65024 Len=1448 TSval=2916043443 TSecr=3045563216 [TCP segment of a reassembled PDU]"
"74841","39.362704646","192.168.1.55","192.168.1.2","TCP","1514","8004  >  37082 [ACK] Seq=347710 Ack=141 Win=65024 Len=1448 TSval=2916043443 TSecr=3045563216 [TCP segment of a reassembled PDU]"
"74842","39.362705590","192.168.1.55","192.168.1.2","TCP","1514","8004  >  37082 [ACK] Seq=349158 Ack=141 Win=65024 Len=1448 TSval=2916043443 TSecr=3045563216 [TCP segment of a reassembled PDU]"
"74843","39.362706739","192.168.1.55","192.168.1.2","TCP","1514","8004  >  37082 [ACK] Seq=350606 Ack=141 Win=65024 Len=1448 TSval=2916043443 TSecr=3045563216 [TCP segment of a reassembled PDU]"
"74844","39.362708127","192.168.1.55","192.168.1.2","TCP","1514","8004  >  37082 [ACK] Seq=352054 Ack=141 Win=65024 Len=1448 TSval=2916043443 TSecr=3045563216 [TCP segment of a reassembled PDU]"
"74845","39.362709516","192.168.1.55","192.168.1.2","TCP","1514","8004  >  37082 [ACK] Seq=353502 Ack=141 Win=65024 Len=1448 TSval=2916043443 TSecr=3045563216 [TCP segment of a reassembled PDU]"
"74846","39.362710424","192.168.1.55","192.168.1.2","TCP","1514","8004  >  37082 [ACK] Seq=354950 Ack=141 Win=65024 Len=1448 TSval=2916043443 TSecr=3045563216 [TCP segment of a reassembled PDU]"
"74847","39.362711813","192.168.1.55","192.168.1.2","TCP","1514","8004  >  37082 [ACK] Seq=356398 Ack=141 Win=65024 Len=1448 TSval=2916043443 TSecr=3045563216 [TCP segment of a reassembled PDU]"
"74848","39.362713313","192.168.1.55","192.168.1.2","TCP","1514","8004  >  37082 [ACK] Seq=357846 Ack=141 Win=65024 Len=1448 TSval=2916043443 TSecr=3045563216 [TCP segment of a reassembled PDU]"
"74849","39.362714553","192.168.1.55","192.168.1.2","TCP","1514","8004  >  37082 [PSH, ACK] Seq=359294 Ack=141 Win=65024 Len=1448 TSval=2916043443 TSecr=3045563216 [TCP segment of a reassembled PDU]"
"74850","39.365450280","192.168.1.2","192.168.1.55","TCP","66","37082  >  8004 [ACK] Seq=141 Ack=272414 Win=117760 Len=0 TSval=3045563221 TSecr=2916043442"
"74851","39.365476725","192.168.1.55","192.168.1.2","TCP","1514","8004  >  37082 [ACK] Seq=360742 Ack=141 Win=65024 Len=1448 TSval=2916043446 TSecr=3045563221 [TCP segment of a reassembled PDU]"
"74852","39.365478947","192.168.1.55","192.168.1.2","TCP","1514","8004  >  37082 [ACK] Seq=362190 Ack=141 Win=65024 Len=1448 TSval=2916043446 TSecr=3045563221 [TCP segment of a reassembled PDU]"
"74853","39.365479873","192.168.1.55","192.168.1.2","TCP","1514","8004  >  37082 [ACK] Seq=363638 Ack=141 Win=65024 Len=1448 TSval=2916043446 TSecr=3045563221 [TCP segment of a reassembled PDU]"
"74854","39.365480854","192.168.1.55","192.168.1.2","TCP","1514","8004  >  37082 [ACK] Seq=365086 Ack=141 Win=65024 Len=1448 TSval=2916043446 TSecr=3045563221 [TCP segment of a reassembled PDU]"
"74855","39.365481817","192.168.1.55","192.168.1.2","TCP","1514","8004  >  37082 [ACK] Seq=366534 Ack=141 Win=65024 Len=1448 TSval=2916043446 TSecr=3045563221 [TCP segment of a reassembled PDU]"
"74856","39.365482799","192.168.1.55","192.168.1.2","TCP","1514","8004  >  37082 [ACK] Seq=367982 Ack=141 Win=65024 Len=1448 TSval=2916043446 TSecr=3045563221 [TCP segment of a reassembled PDU]"
"74857","39.365483799","192.168.1.55","192.168.1.2","TCP","1514","8004  >  37082 [ACK] Seq=369430 Ack=141 Win=65024 Len=1448 TSval=2916043446 TSecr=3045563221 [TCP segment of a reassembled PDU]"
"74858","39.365484817","192.168.1.55","192.168.1.2","TCP","1514","8004  >  37082 [ACK] Seq=370878 Ack=141 Win=65024 Len=1448 TSval=2916043446 TSecr=3045563221 [TCP segment of a reassembled PDU]"
"74859","39.365485799","192.168.1.55","192.168.1.2","TCP","1514","8004  >  37082 [ACK] Seq=372326 Ack=141 Win=65024 Len=1448 TSval=2916043446 TSecr=3045563221 [TCP segment of a reassembled PDU]"
"74860","39.365486799","192.168.1.55","192.168.1.2","TCP","1514","8004  >  37082 [ACK] Seq=373774 Ack=141 Win=65024 Len=1448 TSval=2916043446 TSecr=3045563221 [TCP segment of a reassembled PDU]"
"74861","39.365487780","192.168.1.55","192.168.1.2","TCP","1514","8004  >  37082 [PSH, ACK] Seq=375222 Ack=141 Win=65024 Len=1448 TSval=2916043446 TSecr=3045563221 [TCP segment of a reassembled PDU]"
"74862","39.365498076","192.168.1.55","192.168.1.2","TCP","1514","8004  >  37082 [ACK] Seq=376670 Ack=141 Win=65024 Len=1448 TSval=2916043446 TSecr=3045563221 [TCP segment of a reassembled PDU]"
"74863","39.365499188","192.168.1.55","192.168.1.2","TCP","1514","8004  >  37082 [ACK] Seq=378118 Ack=141 Win=65024 Len=1448 TSval=2916043446 TSecr=3045563221 [TCP segment of a reassembled PDU]"
"74864","39.365500206","192.168.1.55","192.168.1.2","TCP","1514","8004  >  37082 [ACK] Seq=379566 Ack=141 Win=65024 Len=1448 TSval=2916043446 TSecr=3045563221 [TCP segment of a reassembled PDU]"
"74865","39.365501113","192.168.1.55","192.168.1.2","TCP","1514","8004  >  37082 [ACK] Seq=381014 Ack=141 Win=65024 Len=1448 TSval=2916043446 TSecr=3045563221 [TCP segment of a reassembled PDU]"
"74866","39.365502113","192.168.1.55","192.168.1.2","TCP","1514","8004  >  37082 [ACK] Seq=382462 Ack=141 Win=65024 Len=1448 TSval=2916043446 TSecr=3045563221 [TCP segment of a reassembled PDU]"
"74867","39.365503021","192.168.1.55","192.168.1.2","TCP","1514","8004  >  37082 [ACK] Seq=383910 Ack=141 Win=65024 Len=1448 TSval=2916043446 TSecr=3045563221 [TCP segment of a reassembled PDU]"
"74868","39.365503928","192.168.1.55","192.168.1.2","TCP","1514","8004  >  37082 [ACK] Seq=385358 Ack=141 Win=65024 Len=1448 TSval=2916043446 TSecr=3045563221 [TCP segment of a reassembled PDU]"
"74869","39.365504910","192.168.1.55","192.168.1.2","TCP","1514","8004  >  37082 [ACK] Seq=386806 Ack=141 Win=65024 Len=1448 TSval=2916043446 TSecr=3045563221 [TCP segment of a reassembled PDU]"
"74870","39.365505873","192.168.1.55","192.168.1.2","TCP","1514","8004  >  37082 [PSH, ACK] Seq=388254 Ack=141 Win=65024 Len=1448 TSval=2916043446 TSecr=3045563221 [TCP segment of a reassembled PDU]"
"74871","39.366304078","192.168.1.2","192.168.1.55","TCP","66","37082  >  8004 [ACK] Seq=141 Ack=289790 Win=101376 Len=0 TSval=3045563221 TSecr=2916043443"
"74872","39.366331041","192.168.1.2","192.168.1.55","TCP","66","37082  >  8004 [ACK] Seq=141 Ack=297030 Win=112640 Len=0 TSval=3045563221 TSecr=2916043443"
"74873","39.371496568","192.168.1.2","192.168.1.55","TCP","66","37082  >  8004 [ACK] Seq=141 Ack=328798 Win=105472 Len=0 TSval=3045563226 TSecr=2916043443"
"74874","39.371625494","192.168.1.55","192.168.1.2","TCP","1514","8004  >  37082 [ACK] Seq=389702 Ack=141 Win=65024 Len=1448 TSval=2916043452 TSecr=3045563226 [TCP segment of a reassembled PDU]"
"74875","39.371637716","192.168.1.55","192.168.1.2","TCP","1514","8004  >  37082 [ACK] Seq=391150 Ack=141 Win=65024 Len=1448 TSval=2916043452 TSecr=3045563226 [TCP segment of a reassembled PDU]"
"74876","39.371638883","192.168.1.55","192.168.1.2","TCP","1514","8004  >  37082 [ACK] Seq=392598 Ack=141 Win=65024 Len=1448 TSval=2916043452 TSecr=3045563226 [TCP segment of a reassembled PDU]"
"74877","39.371640457","192.168.1.55","192.168.1.2","TCP","1514","8004  >  37082 [ACK] Seq=394046 Ack=141 Win=65024 Len=1448 TSval=2916043452 TSecr=3045563226 [TCP segment of a reassembled PDU]"
"74878","39.371643179","192.168.1.55","192.168.1.2","TCP","1514","8004  >  37082 [ACK] Seq=395494 Ack=141 Win=65024 Len=1448 TSval=2916043452 TSecr=3045563226 [TCP segment of a reassembled PDU]"
"74879","39.371644105","192.168.1.55","192.168.1.2","TCP","1514","8004  >  37082 [ACK] Seq=396942 Ack=141 Win=65024 Len=1448 TSval=2916043452 TSecr=3045563226 [TCP segment of a reassembled PDU]"
"74880","39.371645161","192.168.1.55","192.168.1.2","TCP","1514","8004  >  37082 [ACK] Seq=398390 Ack=141 Win=65024 Len=1448 TSval=2916043452 TSecr=3045563226 [TCP segment of a reassembled PDU]"
"74881","39.371646438","192.168.1.55","192.168.1.2","TCP","1514","8004  >  37082 [ACK] Seq=399838 Ack=141 Win=65024 Len=1448 TSval=2916043452 TSecr=3045563226 [TCP segment of a reassembled PDU]"
"74882","39.371647420","192.168.1.55","192.168.1.2","TCP","1514","8004  >  37082 [ACK] Seq=401286 Ack=141 Win=65024 Len=1448 TSval=2916043452 TSecr=3045563226 [TCP segment of a reassembled PDU]"
"74883","39.371648512","192.168.1.55","192.168.1.2","TCP","1514","8004  >  37082 [ACK] Seq=402734 Ack=141 Win=65024 Len=1448 TSval=2916043452 TSecr=3045563226 [TCP segment of a reassembled PDU]"
"74884","39.371649735","192.168.1.55","192.168.1.2","TCP","1514","8004  >  37082 [ACK] Seq=404182 Ack=141 Win=65024 Len=1448 TSval=2916043452 TSecr=3045563226 [TCP segment of a reassembled PDU]"
"74885","39.371650883","192.168.1.55","192.168.1.2","TCP","1514","8004  >  37082 [ACK] Seq=405630 Ack=141 Win=65024 Len=1448 TSval=2916043452 TSecr=3045563226 [TCP segment of a reassembled PDU]"
"74886","39.371652568","192.168.1.55","192.168.1.2","TCP","1514","8004  >  37082 [ACK] Seq=407078 Ack=141 Win=65024 Len=1448 TSval=2916043452 TSecr=3045563226 [TCP segment of a reassembled PDU]"
"74887","39.371654068","192.168.1.55","192.168.1.2","TCP","1514","8004  >  37082 [ACK] Seq=408526 Ack=141 Win=65024 Len=1448 TSval=2916043452 TSecr=3045563226 [TCP segment of a reassembled PDU]"
"74888","39.371655327","192.168.1.55","192.168.1.2","TCP","1514","8004  >  37082 [ACK] Seq=409974 Ack=141 Win=65024 Len=1448 TSval=2916043452 TSecr=3045563226 [TCP segment of a reassembled PDU]"
"74889","39.371656475","192.168.1.55","192.168.1.2","TCP","1514","8004  >  37082 [ACK] Seq=411422 Ack=141 Win=65024 Len=1448 TSval=2916043452 TSecr=3045563226 [TCP segment of a reassembled PDU]"
"74890","39.371659086","192.168.1.55","192.168.1.2","TCP","1514","8004  >  37082 [ACK] Seq=412870 Ack=141 Win=65024 Len=1448 TSval=2916043452 TSecr=3045563226 [TCP segment of a reassembled PDU]"
"74891","39.371660457","192.168.1.55","192.168.1.2","TCP","1514","8004  >  37082 [ACK] Seq=414318 Ack=141 Win=65024 Len=1448 TSval=2916043452 TSecr=3045563226 [TCP segment of a reassembled PDU]"
"74892","39.371661920","192.168.1.55","192.168.1.2","TCP","1514","8004  >  37082 [ACK] Seq=415766 Ack=141 Win=65024 Len=1448 TSval=2916043452 TSecr=3045563226 [TCP segment of a reassembled PDU]"
"74893","39.371663475","192.168.1.55","192.168.1.2","TCP","1514","8004  >  37082 [ACK] Seq=417214 Ack=141 Win=65024 Len=1448 TSval=2916043452 TSecr=3045563226 [TCP segment of a reassembled PDU]"
"74894","39.371664475","192.168.1.55","192.168.1.2","TCP","1514","8004  >  37082 [PSH, ACK] Seq=418662 Ack=141 Win=65024 Len=1448 TSval=2916043452 TSecr=3045563226 [TCP segment of a reassembled PDU]"
"74895","39.372556866","192.168.1.2","192.168.1.55","TCP","66","37082  >  8004 [ACK] Seq=141 Ack=360742 Win=74752 Len=0 TSval=3045563226 TSecr=2916043443"
"74896","39.372628921","192.168.1.55","192.168.1.2","TCP","1514","8004  >  37082 [ACK] Seq=420110 Ack=141 Win=65024 Len=1448 TSval=2916043453 TSecr=3045563226 [TCP segment of a reassembled PDU]"
"74897","39.372633403","192.168.1.55","192.168.1.2","TCP","1514","8004  >  37082 [ACK] Seq=421558 Ack=141 Win=65024 Len=1448 TSval=2916043453 TSecr=3045563226 [TCP segment of a reassembled PDU]"
"74898","39.372634792","192.168.1.55","192.168.1.2","TCP","1514","8004  >  37082 [ACK] Seq=423006 Ack=141 Win=65024 Len=1448 TSval=2916043453 TSecr=3045563226 [TCP segment of a reassembled PDU]"
"74899","39.372636014","192.168.1.55","192.168.1.2","TCP","1514","8004  >  37082 [ACK] Seq=424454 Ack=141 Win=65024 Len=1448 TSval=2916043453 TSecr=3045563226 [TCP segment of a reassembled PDU]"
"74900","39.372637773","192.168.1.55","192.168.1.2","TCP","1514","8004  >  37082 [ACK] Seq=425902 Ack=141 Win=65024 Len=1448 TSval=2916043453 TSecr=3045563226 [TCP segment of a reassembled PDU]"
"74901","39.372639181","192.168.1.55","192.168.1.2","TCP","1514","8004  >  37082 [ACK] Seq=427350 Ack=141 Win=65024 Len=1448 TSval=2916043453 TSecr=3045563226 [TCP segment of a reassembled PDU]"
"74902","39.372640366","192.168.1.55","192.168.1.2","TCP","1514","8004  >  37082 [ACK] Seq=428798 Ack=141 Win=65024 Len=1448 TSval=2916043453 TSecr=3045563226 [TCP segment of a reassembled PDU]"
"74903","39.372641681","192.168.1.55","192.168.1.2","TCP","1514","8004  >  37082 [ACK] Seq=430246 Ack=141 Win=65024 Len=1448 TSval=2916043453 TSecr=3045563226 [TCP segment of a reassembled PDU]"
"74904","39.372643144","192.168.1.55","192.168.1.2","TCP","1514","8004  >  37082 [ACK] Seq=431694 Ack=141 Win=65024 Len=1448 TSval=2916043453 TSecr=3045563226 [TCP segment of a reassembled PDU]"
"74905","39.372644366","192.168.1.55","192.168.1.2","TCP","1514","8004  >  37082 [ACK] Seq=433142 Ack=141 Win=65024 Len=1448 TSval=2916043453 TSecr=3045563226 [TCP segment of a reassembled PDU]"
"74906","39.372645514","192.168.1.55","192.168.1.2","TCP","970","[TCP Window Full] 8004  >  37082 [PSH, ACK] Seq=434590 Ack=141 Win=65024 Len=904 TSval=2916043453 TSecr=3045563226 [TCP segment of a reassembled PDU]"
"74907","39.372708829","192.168.1.2","192.168.1.55","TCP","66","37082  >  8004 [ACK] Seq=141 Ack=376670 Win=59392 Len=0 TSval=3045563227 TSecr=2916043446"
"74908","39.372718977","192.168.1.2","192.168.1.55","TCP","66","37082  >  8004 [ACK] Seq=141 Ack=388254 Win=86016 Len=0 TSval=3045563227 TSecr=2916043446"
"74909","39.372754607","192.168.1.55","192.168.1.2","TCP","1514","8004  >  37082 [ACK] Seq=435494 Ack=141 Win=65024 Len=1448 TSval=2916043453 TSecr=3045563227 [TCP segment of a reassembled PDU]"
"74910","39.372758348","192.168.1.55","192.168.1.2","TCP","1514","8004  >  37082 [ACK] Seq=436942 Ack=141 Win=65024 Len=1448 TSval=2916043453 TSecr=3045563227 [TCP segment of a reassembled PDU]"
"74911","39.372759940","192.168.1.55","192.168.1.2","TCP","1514","8004  >  37082 [ACK] Seq=438390 Ack=141 Win=65024 Len=1448 TSval=2916043453 TSecr=3045563227 [TCP segment of a reassembled PDU]"
"74912","39.372760940","192.168.1.55","192.168.1.2","TCP","1514","8004  >  37082 [ACK] Seq=439838 Ack=141 Win=65024 Len=1448 TSval=2916043453 TSecr=3045563227 [TCP segment of a reassembled PDU]"
"74913","39.372762199","192.168.1.55","192.168.1.2","TCP","1514","8004  >  37082 [ACK] Seq=441286 Ack=141 Win=65024 Len=1448 TSval=2916043453 TSecr=3045563227 [TCP segment of a reassembled PDU]"
"74914","39.372763570","192.168.1.55","192.168.1.2","TCP","1514","8004  >  37082 [ACK] Seq=442734 Ack=141 Win=65024 Len=1448 TSval=2916043453 TSecr=3045563227 [TCP segment of a reassembled PDU]"
"74915","39.372764681","192.168.1.55","192.168.1.2","TCP","1514","8004  >  37082 [ACK] Seq=444182 Ack=141 Win=65024 Len=1448 TSval=2916043453 TSecr=3045563227 [TCP segment of a reassembled PDU]"
"74916","39.372766107","192.168.1.55","192.168.1.2","TCP","1514","8004  >  37082 [ACK] Seq=445630 Ack=141 Win=65024 Len=1448 TSval=2916043453 TSecr=3045563227 [TCP segment of a reassembled PDU]"
"74917","39.372767348","192.168.1.55","192.168.1.2","TCP","1514","8004  >  37082 [ACK] Seq=447078 Ack=141 Win=65024 Len=1448 TSval=2916043453 TSecr=3045563227 [TCP segment of a reassembled PDU]"
"74918","39.372768773","192.168.1.55","192.168.1.2","TCP","1514","8004  >  37082 [ACK] Seq=448526 Ack=141 Win=65024 Len=1448 TSval=2916043453 TSecr=3045563227 [TCP segment of a reassembled PDU]"
"74919","39.372770718","192.168.1.55","192.168.1.2","TCP","1514","8004  >  37082 [ACK] Seq=449974 Ack=141 Win=65024 Len=1448 TSval=2916043453 TSecr=3045563227 [TCP segment of a reassembled PDU]"
"74920","39.372772033","192.168.1.55","192.168.1.2","TCP","1514","8004  >  37082 [ACK] Seq=451422 Ack=141 Win=65024 Len=1448 TSval=2916043453 TSecr=3045563227 [TCP segment of a reassembled PDU]"
"74921","39.372773496","192.168.1.55","192.168.1.2","TCP","1514","8004  >  37082 [ACK] Seq=452870 Ack=141 Win=65024 Len=1448 TSval=2916043453 TSecr=3045563227 [TCP segment of a reassembled PDU]"
"74922","39.372775644","192.168.1.55","192.168.1.2","TCP","1514","8004  >  37082 [ACK] Seq=454318 Ack=141 Win=65024 Len=1448 TSval=2916043453 TSecr=3045563227 [TCP segment of a reassembled PDU]"
"74923","39.372777125","192.168.1.55","192.168.1.2","TCP","1514","8004  >  37082 [ACK] Seq=455766 Ack=141 Win=65024 Len=1448 TSval=2916043453 TSecr=3045563227 [TCP segment of a reassembled PDU]"
"74924","39.372778348","192.168.1.55","192.168.1.2","TCP","1514","8004  >  37082 [ACK] Seq=457214 Ack=141 Win=65024 Len=1448 TSval=2916043453 TSecr=3045563227 [TCP segment of a reassembled PDU]"
"74925","39.372779718","192.168.1.55","192.168.1.2","TCP","1514","8004  >  37082 [ACK] Seq=458662 Ack=141 Win=65024 Len=1448 TSval=2916043453 TSecr=3045563227 [TCP segment of a reassembled PDU]"
"74926","39.372781422","192.168.1.55","192.168.1.2","TCP","1514","8004  >  37082 [ACK] Seq=460110 Ack=141 Win=65024 Len=1448 TSval=2916043453 TSecr=3045563227 [TCP segment of a reassembled PDU]"
"74927","39.372782922","192.168.1.55","192.168.1.2","TCP","1514","8004  >  37082 [PSH, ACK] Seq=461558 Ack=141 Win=65024 Len=1448 TSval=2916043453 TSecr=3045563227 [TCP segment of a reassembled PDU]"
"74928","39.372792718","192.168.1.55","192.168.1.2","TCP","610","8004  >  37082 [ACK] Seq=463006 Ack=141 Win=65024 Len=544 TSval=2916043453 TSecr=3045563227 [TCP segment of a reassembled PDU]"
"74929","39.372796311","192.168.1.2","192.168.1.55","TCP","66","37082  >  8004 [ACK] Seq=141 Ack=389702 Win=120832 Len=0 TSval=3045563227 TSecr=2916043446"
"74930","39.372857866","192.168.1.55","192.168.1.2","TCP","1514","8004  >  37082 [ACK] Seq=463550 Ack=141 Win=65024 Len=1448 TSval=2916043453 TSecr=3045563227 [TCP segment of a reassembled PDU]"
"74931","39.372862125","192.168.1.55","192.168.1.2","TCP","1514","8004  >  37082 [ACK] Seq=464998 Ack=141 Win=65024 Len=1448 TSval=2916043453 TSecr=3045563227 [TCP segment of a reassembled PDU]"
"74932","39.372863200","192.168.1.55","192.168.1.2","TCP","1514","8004  >  37082 [ACK] Seq=466446 Ack=141 Win=65024 Len=1448 TSval=2916043453 TSecr=3045563227 [TCP segment of a reassembled PDU]"
"74933","39.372867274","192.168.1.55","192.168.1.2","TCP","1514","8004  >  37082 [ACK] Seq=467894 Ack=141 Win=65024 Len=1448 TSval=2916043453 TSecr=3045563227 [TCP segment of a reassembled PDU]"
"74934","39.372868533","192.168.1.55","192.168.1.2","TCP","1514","8004  >  37082 [ACK] Seq=469342 Ack=141 Win=65024 Len=1448 TSval=2916043453 TSecr=3045563227 [TCP segment of a reassembled PDU]"
"74935","39.372869996","192.168.1.55","192.168.1.2","TCP","1514","8004  >  37082 [ACK] Seq=470790 Ack=141 Win=65024 Len=1448 TSval=2916043453 TSecr=3045563227 [TCP segment of a reassembled PDU]"
"74936","39.372871681","192.168.1.55","192.168.1.2","TCP","1514","8004  >  37082 [ACK] Seq=472238 Ack=141 Win=65024 Len=1448 TSval=2916043453 TSecr=3045563227 [TCP segment of a reassembled PDU]"
"74937","39.372873274","192.168.1.55","192.168.1.2","TCP","1514","8004  >  37082 [ACK] Seq=473686 Ack=141 Win=65024 Len=1448 TSval=2916043453 TSecr=3045563227 [TCP segment of a reassembled PDU]"
"74938","39.372875070","192.168.1.55","192.168.1.2","TCP","1514","8004  >  37082 [ACK] Seq=475134 Ack=141 Win=65024 Len=1448 TSval=2916043453 TSecr=3045563227 [TCP segment of a reassembled PDU]"
"74939","39.372876292","192.168.1.55","192.168.1.2","TCP","1514","8004  >  37082 [ACK] Seq=476582 Ack=141 Win=65024 Len=1448 TSval=2916043453 TSecr=3045563227 [TCP segment of a reassembled PDU]"
"74940","39.372878033","192.168.1.55","192.168.1.2","TCP","1514","8004  >  37082 [ACK] Seq=478030 Ack=141 Win=65024 Len=1448 TSval=2916043453 TSecr=3045563227 [TCP segment of a reassembled PDU]"
"74941","39.372879774","192.168.1.55","192.168.1.2","TCP","1514","8004  >  37082 [ACK] Seq=479478 Ack=141 Win=65024 Len=1448 TSval=2916043453 TSecr=3045563227 [TCP segment of a reassembled PDU]"
"74942","39.372881181","192.168.1.55","192.168.1.2","TCP","1514","8004  >  37082 [ACK] Seq=480926 Ack=141 Win=65024 Len=1448 TSval=2916043453 TSecr=3045563227 [TCP segment of a reassembled PDU]"
"74943","39.372882440","192.168.1.55","192.168.1.2","TCP","1514","8004  >  37082 [ACK] Seq=482374 Ack=141 Win=65024 Len=1448 TSval=2916043453 TSecr=3045563227 [TCP segment of a reassembled PDU]"
"74944","39.372883588","192.168.1.55","192.168.1.2","TCP","1514","8004  >  37082 [ACK] Seq=483822 Ack=141 Win=65024 Len=1448 TSval=2916043453 TSecr=3045563227 [TCP segment of a reassembled PDU]"
"74945","39.372885459","192.168.1.55","192.168.1.2","TCP","1514","8004  >  37082 [ACK] Seq=485270 Ack=141 Win=65024 Len=1448 TSval=2916043453 TSecr=3045563227 [TCP segment of a reassembled PDU]"
"74946","39.372886607","192.168.1.55","192.168.1.2","TCP","1514","8004  >  37082 [ACK] Seq=486718 Ack=141 Win=65024 Len=1448 TSval=2916043453 TSecr=3045563227 [TCP segment of a reassembled PDU]"
"74947","39.372887792","192.168.1.55","192.168.1.2","TCP","1514","8004  >  37082 [ACK] Seq=488166 Ack=141 Win=65024 Len=1448 TSval=2916043453 TSecr=3045563227 [TCP segment of a reassembled PDU]"
"74948","39.372889570","192.168.1.55","192.168.1.2","TCP","1514","8004  >  37082 [ACK] Seq=489614 Ack=141 Win=65024 Len=1448 TSval=2916043453 TSecr=3045563227 [TCP segment of a reassembled PDU]"
"74949","39.372890922","192.168.1.55","192.168.1.2","TCP","1514","8004  >  37082 [ACK] Seq=491062 Ack=141 Win=65024 Len=1448 TSval=2916043453 TSecr=3045563227 [TCP segment of a reassembled PDU]"
"74950","39.372892200","192.168.1.55","192.168.1.2","TCP","1514","8004  >  37082 [ACK] Seq=492510 Ack=141 Win=65024 Len=1448 TSval=2916043453 TSecr=3045563227 [TCP segment of a reassembled PDU]"
"74951","39.372893459","192.168.1.55","192.168.1.2","TCP","1514","8004  >  37082 [ACK] Seq=493958 Ack=141 Win=65024 Len=1448 TSval=2916043453 TSecr=3045563227 [TCP segment of a reassembled PDU]"
"74952","39.372894829","192.168.1.55","192.168.1.2","TCP","1514","8004  >  37082 [ACK] Seq=495406 Ack=141 Win=65024 Len=1448 TSval=2916043453 TSecr=3045563227 [TCP segment of a reassembled PDU]"
"74953","39.372896255","192.168.1.55","192.168.1.2","TCP","1514","8004  >  37082 [PSH, ACK] Seq=496854 Ack=141 Win=65024 Len=1448 TSval=2916043453 TSecr=3045563227 [TCP segment of a reassembled PDU]"
"74954","39.372903477","192.168.1.55","192.168.1.2","HTTP","1472","HTTP/1.0 200 OK  (PNG)"
"74955","39.379132117","192.168.1.2","192.168.1.55","TCP","66","37082  >  8004 [ACK] Seq=141 Ack=420110 Win=106496 Len=0 TSval=3045563234 TSecr=2916043452"
"74956","39.379236043","192.168.1.2","192.168.1.55","TCP","66","37082  >  8004 [ACK] Seq=141 Ack=435494 Win=92160 Len=0 TSval=3045563234 TSecr=2916043453"
"74957","39.379245321","192.168.1.2","192.168.1.55","TCP","66","37082  >  8004 [ACK] Seq=141 Ack=463006 Win=65536 Len=0 TSval=3045563234 TSecr=2916043453"
"74958","39.379251673","192.168.1.2","192.168.1.55","TCP","66","37082  >  8004 [ACK] Seq=141 Ack=463550 Win=123904 Len=0 TSval=3045563234 TSecr=2916043453"
"74959","39.380651879","192.168.1.2","192.168.1.55","TCP","66","37082  >  8004 [ACK] Seq=141 Ack=498302 Win=101376 Len=0 TSval=3045563235 TSecr=2916043453"
"74960","39.381470751","192.168.1.2","192.168.1.55","TCP","66","37082  >  8004 [FIN, ACK] Seq=141 Ack=499709 Win=126976 Len=0 TSval=3045563236 TSecr=2916043453"
"74961","39.381506269","192.168.1.55","192.168.1.2","TCP","66","8004  >  37082 [ACK] Seq=499709 Ack=142 Win=65024 Len=0 TSval=2916043462 TSecr=3045563236"
"74962","39.381557121","192.168.1.2","192.168.1.55","TCP","74","37096  >  8004 [SYN] Seq=0 Win=64240 Len=0 MSS=1460 SACK_PERM TSval=3045563236 TSecr=0 WS=1024"
"74963","39.381589751","192.168.1.55","192.168.1.2","TCP","74","8004  >  37096 [SYN, ACK] Seq=0 Ack=1 Win=65160 Len=0 MSS=1460 SACK_PERM TSval=2916043462 TSecr=3045563236 WS=128"
"74964","39.385072312","192.168.1.2","192.168.1.55","TCP","66","37096  >  8004 [ACK] Seq=1 Ack=1 Win=64512 Len=0 TSval=3045563239 TSecr=2916043462"
"74965","39.386141443","192.168.1.2","192.168.1.55","HTTP","209","GET /original_benchmark.png HTTP/1.1 "
"74966","39.386167573","192.168.1.55","192.168.1.2","TCP","66","8004  >  37096 [ACK] Seq=1 Ack=144 Win=65024 Len=0 TSval=2916043466 TSecr=3045563239"
"74967","39.386803296","192.168.1.55","192.168.1.2","TCP","255","8004  >  37096 [PSH, ACK] Seq=1 Ack=144 Win=65024 Len=189 TSval=2916043467 TSecr=3045563239 [TCP segment of a reassembled PDU]"
"74968","39.386911685","192.168.1.55","192.168.1.2","TCP","1514","8004  >  37096 [ACK] Seq=190 Ack=144 Win=65024 Len=1448 TSval=2916043467 TSecr=3045563239 [TCP segment of a reassembled PDU]"
"74969","39.386917389","192.168.1.55","192.168.1.2","TCP","1514","8004  >  37096 [ACK] Seq=1638 Ack=144 Win=65024 Len=1448 TSval=2916043467 TSecr=3045563239 [TCP segment of a reassembled PDU]"
"74970","39.386919667","192.168.1.55","192.168.1.2","TCP","1514","8004  >  37096 [ACK] Seq=3086 Ack=144 Win=65024 Len=1448 TSval=2916043467 TSecr=3045563239 [TCP segment of a reassembled PDU]"
"74971","39.386921482","192.168.1.55","192.168.1.2","TCP","1514","8004  >  37096 [ACK] Seq=4534 Ack=144 Win=65024 Len=1448 TSval=2916043467 TSecr=3045563239 [TCP segment of a reassembled PDU]"
"74972","39.386923093","192.168.1.55","192.168.1.2","TCP","1514","8004  >  37096 [PSH, ACK] Seq=5982 Ack=144 Win=65024 Len=1448 TSval=2916043467 TSecr=3045563239 [TCP segment of a reassembled PDU]"
"74973","39.386943093","192.168.1.55","192.168.1.2","TCP","1514","8004  >  37096 [ACK] Seq=7430 Ack=144 Win=65024 Len=1448 TSval=2916043467 TSecr=3045563239 [TCP segment of a reassembled PDU]"
"74974","39.386945204","192.168.1.55","192.168.1.2","TCP","1514","8004  >  37096 [ACK] Seq=8878 Ack=144 Win=65024 Len=1448 TSval=2916043467 TSecr=3045563239 [TCP segment of a reassembled PDU]"
"74975","39.386947371","192.168.1.55","192.168.1.2","TCP","1514","8004  >  37096 [ACK] Seq=10326 Ack=144 Win=65024 Len=1448 TSval=2916043467 TSecr=3045563239 [TCP segment of a reassembled PDU]"
"74976","39.386949260","192.168.1.55","192.168.1.2","TCP","1514","8004  >  37096 [PSH, ACK] Seq=11774 Ack=144 Win=65024 Len=1448 TSval=2916043467 TSecr=3045563239 [TCP segment of a reassembled PDU]"
"74977","39.390360191","192.168.1.2","192.168.1.55","TCP","66","37096  >  8004 [ACK] Seq=144 Ack=190 Win=64512 Len=0 TSval=3045563244 TSecr=2916043467"
"74978","39.390410210","192.168.1.55","192.168.1.2","TCP","1514","8004  >  37096 [ACK] Seq=13222 Ack=144 Win=65024 Len=1448 TSval=2916043471 TSecr=3045563244 [TCP segment of a reassembled PDU]"
"74979","39.390414117","192.168.1.55","192.168.1.2","TCP","1514","8004  >  37096 [PSH, ACK] Seq=14670 Ack=144 Win=65024 Len=1448 TSval=2916043471 TSecr=3045563244 [TCP segment of a reassembled PDU]"
"74980","39.390479450","192.168.1.2","192.168.1.55","TCP","66","37096  >  8004 [ACK] Seq=144 Ack=3086 Win=70656 Len=0 TSval=3045563245 TSecr=2916043467"
"74981","39.390486895","192.168.1.2","192.168.1.55","TCP","66","37096  >  8004 [ACK] Seq=144 Ack=4534 Win=73728 Len=0 TSval=3045563245 TSecr=2916043467"
"74982","39.390499673","192.168.1.55","192.168.1.2","TCP","1514","8004  >  37096 [ACK] Seq=16118 Ack=144 Win=65024 Len=1448 TSval=2916043471 TSecr=3045563245 [TCP segment of a reassembled PDU]"
"74983","39.390501562","192.168.1.55","192.168.1.2","TCP","1514","8004  >  37096 [ACK] Seq=17566 Ack=144 Win=65024 Len=1448 TSval=2916043471 TSecr=3045563245 [TCP segment of a reassembled PDU]"
"74984","39.390502599","192.168.1.55","192.168.1.2","TCP","1514","8004  >  37096 [ACK] Seq=19014 Ack=144 Win=65024 Len=1448 TSval=2916043471 TSecr=3045563245 [TCP segment of a reassembled PDU]"
"74985","39.390504173","192.168.1.55","192.168.1.2","TCP","1514","8004  >  37096 [ACK] Seq=20462 Ack=144 Win=65024 Len=1448 TSval=2916043471 TSecr=3045563245 [TCP segment of a reassembled PDU]"
"74986","39.390505191","192.168.1.55","192.168.1.2","TCP","1514","8004  >  37096 [ACK] Seq=21910 Ack=144 Win=65024 Len=1448 TSval=2916043471 TSecr=3045563245 [TCP segment of a reassembled PDU]"
"74987","39.390506228","192.168.1.55","192.168.1.2","TCP","1514","8004  >  37096 [PSH, ACK] Seq=23358 Ack=144 Win=65024 Len=1448 TSval=2916043471 TSecr=3045563245 [TCP segment of a reassembled PDU]"
"74988","39.391648082","192.168.1.2","192.168.1.55","TCP","66","37096  >  8004 [ACK] Seq=144 Ack=7430 Win=79872 Len=0 TSval=3045563246 TSecr=2916043467"
"74989","39.391726323","192.168.1.55","192.168.1.2","TCP","1514","8004  >  37096 [ACK] Seq=24806 Ack=144 Win=65024 Len=1448 TSval=2916043472 TSecr=3045563246 [TCP segment of a reassembled PDU]"
"74990","39.391733304","192.168.1.55","192.168.1.2","TCP","1514","8004  >  37096 [ACK] Seq=26254 Ack=144 Win=65024 Len=1448 TSval=2916043472 TSecr=3045563246 [TCP segment of a reassembled PDU]"
"74991","39.391735619","192.168.1.55","192.168.1.2","TCP","1514","8004  >  37096 [ACK] Seq=27702 Ack=144 Win=65024 Len=1448 TSval=2916043472 TSecr=3045563246 [TCP segment of a reassembled PDU]"
"74992","39.391737212","192.168.1.55","192.168.1.2","TCP","1514","8004  >  37096 [PSH, ACK] Seq=29150 Ack=144 Win=65024 Len=1448 TSval=2916043472 TSecr=3045563246 [TCP segment of a reassembled PDU]"
"74993","39.392809102","192.168.1.2","192.168.1.55","TCP","66","37096  >  8004 [ACK] Seq=144 Ack=13222 Win=81920 Len=0 TSval=3045563246 TSecr=2916043467"
"74994","39.392843473","192.168.1.55","192.168.1.2","TCP","1514","8004  >  37096 [ACK] Seq=30598 Ack=144 Win=65024 Len=1448 TSval=2916043473 TSecr=3045563246 [TCP segment of a reassembled PDU]"
"74995","39.392847825","192.168.1.55","192.168.1.2","TCP","1514","8004  >  37096 [ACK] Seq=32046 Ack=144 Win=65024 Len=1448 TSval=2916043473 TSecr=3045563246 [TCP segment of a reassembled PDU]"
"74996","39.392849010","192.168.1.55","192.168.1.2","TCP","1514","8004  >  37096 [ACK] Seq=33494 Ack=144 Win=65024 Len=1448 TSval=2916043473 TSecr=3045563246 [TCP segment of a reassembled PDU]"
"74997","39.392850269","192.168.1.55","192.168.1.2","TCP","1514","8004  >  37096 [ACK] Seq=34942 Ack=144 Win=65024 Len=1448 TSval=2916043473 TSecr=3045563246 [TCP segment of a reassembled PDU]"
"74998","39.392851417","192.168.1.55","192.168.1.2","TCP","1514","8004  >  37096 [ACK] Seq=36390 Ack=144 Win=65024 Len=1448 TSval=2916043473 TSecr=3045563246 [TCP segment of a reassembled PDU]"
"74999","39.392852658","192.168.1.55","192.168.1.2","TCP","1514","8004  >  37096 [ACK] Seq=37838 Ack=144 Win=65024 Len=1448 TSval=2916043473 TSecr=3045563246 [TCP segment of a reassembled PDU]"
"75000","39.392853899","192.168.1.55","192.168.1.2","TCP","1514","8004  >  37096 [ACK] Seq=39286 Ack=144 Win=65024 Len=1448 TSval=2916043473 TSecr=3045563246 [TCP segment of a reassembled PDU]"
"75001","39.392855047","192.168.1.55","192.168.1.2","TCP","1514","8004  >  37096 [PSH, ACK] Seq=40734 Ack=144 Win=65024 Len=1448 TSval=2916043473 TSecr=3045563246 [TCP segment of a reassembled PDU]"
"75002","39.395880348","192.168.1.2","192.168.1.55","TCP","66","37096  >  8004 [ACK] Seq=144 Ack=14670 Win=84992 Len=0 TSval=3045563248 TSecr=2916043471"
"75003","39.395890719","192.168.1.55","192.168.1.2","TCP","1514","8004  >  37096 [ACK] Seq=42182 Ack=144 Win=65024 Len=1448 TSval=2916043476 TSecr=3045563248 [TCP segment of a reassembled PDU]"
"75004","39.395893070","192.168.1.55","192.168.1.2","TCP","1514","8004  >  37096 [PSH, ACK] Seq=43630 Ack=144 Win=65024 Len=1448 TSval=2916043476 TSecr=3045563248 [TCP segment of a reassembled PDU]"
"75005","39.396085589","192.168.1.2","192.168.1.55","TCP","66","37096  >  8004 [ACK] Seq=144 Ack=16118 Win=88064 Len=0 TSval=3045563249 TSecr=2916043471"
"75006","39.396093682","192.168.1.2","192.168.1.55","TCP","66","37096  >  8004 [ACK] Seq=144 Ack=24806 Win=81920 Len=0 TSval=3045563249 TSecr=2916043471"
"75007","39.396114330","192.168.1.55","192.168.1.2","TCP","1514","8004  >  37096 [ACK] Seq=45078 Ack=144 Win=65024 Len=1448 TSval=2916043476 TSecr=3045563249 [TCP segment of a reassembled PDU]"
"75008","39.396116108","192.168.1.55","192.168.1.2","TCP","1514","8004  >  37096 [ACK] Seq=46526 Ack=144 Win=65024 Len=1448 TSval=2916043476 TSecr=3045563249 [TCP segment of a reassembled PDU]"
"75009","39.396117367","192.168.1.55","192.168.1.2","TCP","1514","8004  >  37096 [ACK] Seq=47974 Ack=144 Win=65024 Len=1448 TSval=2916043476 TSecr=3045563249 [TCP segment of a reassembled PDU]"
"75010","39.396118941","192.168.1.55","192.168.1.2","TCP","1514","8004  >  37096 [ACK] Seq=49422 Ack=144 Win=65024 Len=1448 TSval=2916043476 TSecr=3045563249 [TCP segment of a reassembled PDU]"
"75011","39.396120071","192.168.1.55","192.168.1.2","TCP","1514","8004  >  37096 [ACK] Seq=50870 Ack=144 Win=65024 Len=1448 TSval=2916043476 TSecr=3045563249 [TCP segment of a reassembled PDU]"
"75012","39.396121182","192.168.1.55","192.168.1.2","TCP","1514","8004  >  37096 [ACK] Seq=52318 Ack=144 Win=65024 Len=1448 TSval=2916043476 TSecr=3045563249 [TCP segment of a reassembled PDU]"
"75013","39.396127311","192.168.1.55","192.168.1.2","TCP","1514","8004  >  37096 [ACK] Seq=53766 Ack=144 Win=65024 Len=1448 TSval=2916043476 TSecr=3045563249 [TCP segment of a reassembled PDU]"
"75014","39.396128700","192.168.1.55","192.168.1.2","TCP","1514","8004  >  37096 [ACK] Seq=55214 Ack=144 Win=65024 Len=1448 TSval=2916043476 TSecr=3045563249 [TCP segment of a reassembled PDU]"
"75015","39.396130015","192.168.1.55","192.168.1.2","TCP","1514","8004  >  37096 [ACK] Seq=56662 Ack=144 Win=65024 Len=1448 TSval=2916043476 TSecr=3045563249 [TCP segment of a reassembled PDU]"
"75016","39.396131145","192.168.1.55","192.168.1.2","TCP","1514","8004  >  37096 [ACK] Seq=58110 Ack=144 Win=65024 Len=1448 TSval=2916043476 TSecr=3045563249 [TCP segment of a reassembled PDU]"
"75017","39.396132460","192.168.1.55","192.168.1.2","TCP","1514","8004  >  37096 [ACK] Seq=59558 Ack=144 Win=65024 Len=1448 TSval=2916043476 TSecr=3045563249 [TCP segment of a reassembled PDU]"
"75018","39.396133960","192.168.1.55","192.168.1.2","TCP","1514","8004  >  37096 [ACK] Seq=61006 Ack=144 Win=65024 Len=1448 TSval=2916043476 TSecr=3045563249 [TCP segment of a reassembled PDU]"
"75019","39.396135145","192.168.1.55","192.168.1.2","TCP","1514","8004  >  37096 [ACK] Seq=62454 Ack=144 Win=65024 Len=1448 TSval=2916043476 TSecr=3045563249 [TCP segment of a reassembled PDU]"
"75020","39.396136460","192.168.1.55","192.168.1.2","TCP","1514","8004  >  37096 [PSH, ACK] Seq=63902 Ack=144 Win=65024 Len=1448 TSval=2916043476 TSecr=3045563249 [TCP segment of a reassembled PDU]"
"75021","39.397571073","192.168.1.2","192.168.1.55","TCP","66","37096  >  8004 [ACK] Seq=144 Ack=27702 Win=90112 Len=0 TSval=3045563251 TSecr=2916043472"
"75022","39.397588481","192.168.1.55","192.168.1.2","TCP","1514","8004  >  37096 [ACK] Seq=65350 Ack=144 Win=65024 Len=1448 TSval=2916043478 TSecr=3045563251 [TCP segment of a reassembled PDU]"
"75023","39.397591129","192.168.1.55","192.168.1.2","TCP","1514","8004  >  37096 [ACK] Seq=66798 Ack=144 Win=65024 Len=1448 TSval=2916043478 TSecr=3045563251 [TCP segment of a reassembled PDU]"
"75024","39.397592425","192.168.1.55","192.168.1.2","TCP","1514","8004  >  37096 [ACK] Seq=68246 Ack=144 Win=65024 Len=1448 TSval=2916043478 TSecr=3045563251 [TCP segment of a reassembled PDU]"
"75025","39.397593666","192.168.1.55","192.168.1.2","TCP","1514","8004  >  37096 [PSH, ACK] Seq=69694 Ack=144 Win=65024 Len=1448 TSval=2916043478 TSecr=3045563251 [TCP segment of a reassembled PDU]"
"75026","39.397854314","192.168.1.2","192.168.1.55","TCP","66","37096  >  8004 [ACK] Seq=144 Ack=30598 Win=90112 Len=0 TSval=3045563251 TSecr=2916043472"
"75027","39.397863722","192.168.1.55","192.168.1.2","TCP","1514","8004  >  37096 [ACK] Seq=71142 Ack=144 Win=65024 Len=1448 TSval=2916043478 TSecr=3045563251 [TCP segment of a reassembled PDU]"
"75028","39.397865703","192.168.1.55","192.168.1.2","TCP","1514","8004  >  37096 [ACK] Seq=72590 Ack=144 Win=65024 Len=1448 TSval=2916043478 TSecr=3045563251 [TCP segment of a reassembled PDU]"
"75029","39.397867203","192.168.1.55","192.168.1.2","TCP","1514","8004  >  37096 [ACK] Seq=74038 Ack=144 Win=65024 Len=1448 TSval=2916043478 TSecr=3045563251 [TCP segment of a reassembled PDU]"
"75030","39.397868388","192.168.1.55","192.168.1.2","TCP","1514","8004  >  37096 [PSH, ACK] Seq=75486 Ack=144 Win=65024 Len=1448 TSval=2916043478 TSecr=3045563251 [TCP segment of a reassembled PDU]"
"75031","39.397872333","192.168.1.2","192.168.1.55","TCP","66","37096  >  8004 [ACK] Seq=144 Ack=39286 Win=81920 Len=0 TSval=3045563251 TSecr=2916043473"
"75032","39.399892262","192.168.1.2","192.168.1.55","TCP","66","37096  >  8004 [ACK] Seq=144 Ack=42182 Win=90112 Len=0 TSval=3045563252 TSecr=2916043473"
"75033","39.399934725","192.168.1.55","192.168.1.2","TCP","1514","8004  >  37096 [ACK] Seq=76934 Ack=144 Win=65024 Len=1448 TSval=2916043480 TSecr=3045563252 [TCP segment of a reassembled PDU]"
"75034","39.399938595","192.168.1.55","192.168.1.2","TCP","1514","8004  >  37096 [ACK] Seq=78382 Ack=144 Win=65024 Len=1448 TSval=2916043480 TSecr=3045563252 [TCP segment of a reassembled PDU]"
"75035","39.399940410","192.168.1.55","192.168.1.2","TCP","1514","8004  >  37096 [ACK] Seq=79830 Ack=144 Win=65024 Len=1448 TSval=2916043480 TSecr=3045563252 [TCP segment of a reassembled PDU]"
"75036","39.399941836","192.168.1.55","192.168.1.2","TCP","1514","8004  >  37096 [ACK] Seq=81278 Ack=144 Win=65024 Len=1448 TSval=2916043480 TSecr=3045563252 [TCP segment of a reassembled PDU]"
"75037","39.399944707","192.168.1.55","192.168.1.2","TCP","1514","8004  >  37096 [ACK] Seq=82726 Ack=144 Win=65024 Len=1448 TSval=2916043480 TSecr=3045563252 [TCP segment of a reassembled PDU]"
"75038","39.399945984","192.168.1.55","192.168.1.2","TCP","1514","8004  >  37096 [ACK] Seq=84174 Ack=144 Win=65024 Len=1448 TSval=2916043480 TSecr=3045563252 [TCP segment of a reassembled PDU]"
"75039","39.399947373","192.168.1.55","192.168.1.2","TCP","1514","8004  >  37096 [ACK] Seq=85622 Ack=144 Win=65024 Len=1448 TSval=2916043480 TSecr=3045563252 [TCP segment of a reassembled PDU]"
"75040","39.399948670","192.168.1.55","192.168.1.2","TCP","1514","8004  >  37096 [ACK] Seq=87070 Ack=144 Win=65024 Len=1448 TSval=2916043480 TSecr=3045563252 [TCP segment of a reassembled PDU]"
"75041","39.399950670","192.168.1.55","192.168.1.2","TCP","1514","8004  >  37096 [ACK] Seq=88518 Ack=144 Win=65024 Len=1448 TSval=2916043480 TSecr=3045563252 [TCP segment of a reassembled PDU]"
"75042","39.399951966","192.168.1.55","192.168.1.2","TCP","1514","8004  >  37096 [ACK] Seq=89966 Ack=144 Win=65024 Len=1448 TSval=2916043480 TSecr=3045563252 [TCP segment of a reassembled PDU]"
"75043","39.399953484","192.168.1.55","192.168.1.2","TCP","1514","8004  >  37096 [ACK] Seq=91414 Ack=144 Win=65024 Len=1448 TSval=2916043480 TSecr=3045563252 [TCP segment of a reassembled PDU]"
"75044","39.399955725","192.168.1.55","192.168.1.2","TCP","1514","8004  >  37096 [ACK] Seq=92862 Ack=144 Win=65024 Len=1448 TSval=2916043480 TSecr=3045563252 [TCP segment of a reassembled PDU]"
"75045","39.399957503","192.168.1.55","192.168.1.2","TCP","1514","8004  >  37096 [ACK] Seq=94310 Ack=144 Win=65024 Len=1448 TSval=2916043480 TSecr=3045563252 [TCP segment of a reassembled PDU]"
"75046","39.399958781","192.168.1.55","192.168.1.2","TCP","1514","8004  >  37096 [ACK] Seq=95758 Ack=144 Win=65024 Len=1448 TSval=2916043480 TSecr=3045563252 [TCP segment of a reassembled PDU]"
"75047","39.399960188","192.168.1.55","192.168.1.2","TCP","1514","8004  >  37096 [ACK] Seq=97206 Ack=144 Win=65024 Len=1448 TSval=2916043480 TSecr=3045563252 [TCP segment of a reassembled PDU]"
"75048","39.399962207","192.168.1.55","192.168.1.2","TCP","1514","8004  >  37096 [PSH, ACK] Seq=98654 Ack=144 Win=65024 Len=1448 TSval=2916043480 TSecr=3045563252 [TCP segment of a reassembled PDU]"
"75049","39.401537450","192.168.1.2","192.168.1.55","TCP","66","37096  >  8004 [ACK] Seq=144 Ack=45078 Win=88064 Len=0 TSval=3045563254 TSecr=2916043476"
"75050","39.401574746","192.168.1.55","192.168.1.2","TCP","1514","8004  >  37096 [ACK] Seq=100102 Ack=144 Win=65024 Len=1448 TSval=2916043482 TSecr=3045563254 [TCP segment of a reassembled PDU]"
"75051","39.401580209","192.168.1.55","192.168.1.2","TCP","1514","8004  >  37096 [ACK] Seq=101550 Ack=144 Win=65024 Len=1448 TSval=2916043482 TSecr=3045563254 [TCP segment of a reassembled PDU]"
"75052","39.401581746","192.168.1.55","192.168.1.2","TCP","1514","8004  >  37096 [ACK] Seq=102998 Ack=144 Win=65024 Len=1448 TSval=2916043482 TSecr=3045563254 [TCP segment of a reassembled PDU]"
"75053","39.401583098","192.168.1.55","192.168.1.2","TCP","1514","8004  >  37096 [PSH, ACK] Seq=104446 Ack=144 Win=65024 Len=1448 TSval=2916043482 TSecr=3045563254 [TCP segment of a reassembled PDU]"
"75054","39.401630987","192.168.1.2","192.168.1.55","TCP","66","37096  >  8004 [ACK] Seq=144 Ack=56662 Win=76800 Len=0 TSval=3045563254 TSecr=2916043476"
"75055","39.401654858","192.168.1.55","192.168.1.2","TCP","1514","8004  >  37096 [ACK] Seq=105894 Ack=144 Win=65024 Len=1448 TSval=2916043482 TSecr=3045563254 [TCP segment of a reassembled PDU]"
"75056","39.401656580","192.168.1.55","192.168.1.2","TCP","1514","8004  >  37096 [ACK] Seq=107342 Ack=144 Win=65024 Len=1448 TSval=2916043482 TSecr=3045563254 [TCP segment of a reassembled PDU]"
"75057","39.401658172","192.168.1.55","192.168.1.2","TCP","1514","8004  >  37096 [ACK] Seq=108790 Ack=144 Win=65024 Len=1448 TSval=2916043482 TSecr=3045563254 [TCP segment of a reassembled PDU]"
"75058","39.401660098","192.168.1.55","192.168.1.2","TCP","1514","8004  >  37096 [ACK] Seq=110238 Ack=144 Win=65024 Len=1448 TSval=2916043482 TSecr=3045563254 [TCP segment of a reassembled PDU]"
"75059","39.401661728","192.168.1.55","192.168.1.2","TCP","1514","8004  >  37096 [ACK] Seq=111686 Ack=144 Win=65024 Len=1448 TSval=2916043482 TSecr=3045563254 [TCP segment of a reassembled PDU]"
"75060","39.401663283","192.168.1.55","192.168.1.2","TCP","1514","8004  >  37096 [ACK] Seq=113134 Ack=144 Win=65024 Len=1448 TSval=2916043482 TSecr=3045563254 [TCP segment of a reassembled PDU]"
"75061","39.401664598","192.168.1.55","192.168.1.2","TCP","1514","8004  >  37096 [ACK] Seq=114582 Ack=144 Win=65024 Len=1448 TSval=2916043482 TSecr=3045563254 [TCP segment of a reassembled PDU]"
"75062","39.401665765","192.168.1.55","192.168.1.2","TCP","1514","8004  >  37096 [ACK] Seq=116030 Ack=144 Win=65024 Len=1448 TSval=2916043482 TSecr=3045563254 [TCP segment of a reassembled PDU]"
"75063","39.401667061","192.168.1.55","192.168.1.2","TCP","1514","8004  >  37096 [ACK] Seq=117478 Ack=144 Win=65024 Len=1448 TSval=2916043482 TSecr=3045563254 [TCP segment of a reassembled PDU]"
"75064","39.401670024","192.168.1.55","192.168.1.2","TCP","1514","8004  >  37096 [PSH, ACK] Seq=118926 Ack=144 Win=65024 Len=1448 TSval=2916043482 TSecr=3045563254 [TCP segment of a reassembled PDU]"
"75065","39.403805046","192.168.1.2","192.168.1.55","TCP","66","37096  >  8004 [ACK] Seq=144 Ack=65350 Win=82944 Len=0 TSval=3045563256 TSecr=2916043476"
"75066","39.403839028","192.168.1.55","192.168.1.2","TCP","1514","8004  >  37096 [ACK] Seq=120374 Ack=144 Win=65024 Len=1448 TSval=2916043484 TSecr=3045563256 [TCP segment of a reassembled PDU]"
"75067","39.403841565","192.168.1.55","192.168.1.2","TCP","1514","8004  >  37096 [ACK] Seq=121822 Ack=144 Win=65024 Len=1448 TSval=2916043484 TSecr=3045563256 [TCP segment of a reassembled PDU]"
"75068","39.403843491","192.168.1.55","192.168.1.2","TCP","1514","8004  >  37096 [ACK] Seq=123270 Ack=144 Win=65024 Len=1448 TSval=2916043484 TSecr=3045563256 [TCP segment of a reassembled PDU]"
"75069","39.403845028","192.168.1.55","192.168.1.2","TCP","1514","8004  >  37096 [ACK] Seq=124718 Ack=144 Win=65024 Len=1448 TSval=2916043484 TSecr=3045563256 [TCP segment of a reassembled PDU]"
"75070","39.403846213","192.168.1.55","192.168.1.2","TCP","1514","8004  >  37096 [ACK] Seq=126166 Ack=144 Win=65024 Len=1448 TSval=2916043484 TSecr=3045563256 [TCP segment of a reassembled PDU]"
"75071","39.403847343","192.168.1.55","192.168.1.2","TCP","1514","8004  >  37096 [ACK] Seq=127614 Ack=144 Win=65024 Len=1448 TSval=2916043484 TSecr=3045563256 [TCP segment of a reassembled PDU]"
"75072","39.403848565","192.168.1.55","192.168.1.2","TCP","1514","8004  >  37096 [ACK] Seq=129062 Ack=144 Win=65024 Len=1448 TSval=2916043484 TSecr=3045563256 [TCP segment of a reassembled PDU]"
"75073","39.403849843","192.168.1.55","192.168.1.2","TCP","1514","8004  >  37096 [ACK] Seq=130510 Ack=144 Win=65024 Len=1448 TSval=2916043484 TSecr=3045563256 [TCP segment of a reassembled PDU]"
"75074","39.403851361","192.168.1.55","192.168.1.2","TCP","1514","8004  >  37096 [ACK] Seq=131958 Ack=144 Win=65024 Len=1448 TSval=2916043484 TSecr=3045563256 [TCP segment of a reassembled PDU]"
"75075","39.403852694","192.168.1.55","192.168.1.2","TCP","1514","8004  >  37096 [ACK] Seq=133406 Ack=144 Win=65024 Len=1448 TSval=2916043484 TSecr=3045563256 [TCP segment of a reassembled PDU]"
"75076","39.403853880","192.168.1.55","192.168.1.2","TCP","1514","8004  >  37096 [ACK] Seq=134854 Ack=144 Win=65024 Len=1448 TSval=2916043484 TSecr=3045563256 [TCP segment of a reassembled PDU]"
"75077","39.403855065","192.168.1.55","192.168.1.2","TCP","1514","8004  >  37096 [ACK] Seq=136302 Ack=144 Win=65024 Len=1448 TSval=2916043484 TSecr=3045563256 [TCP segment of a reassembled PDU]"
"75078","39.403856417","192.168.1.55","192.168.1.2","TCP","1514","8004  >  37096 [ACK] Seq=137750 Ack=144 Win=65024 Len=1448 TSval=2916043484 TSecr=3045563256 [TCP segment of a reassembled PDU]"
"75079","39.403858380","192.168.1.55","192.168.1.2","TCP","1514","8004  >  37096 [ACK] Seq=139198 Ack=144 Win=65024 Len=1448 TSval=2916043484 TSecr=3045563256 [TCP segment of a reassembled PDU]"
"75080","39.403860287","192.168.1.55","192.168.1.2","TCP","1514","8004  >  37096 [ACK] Seq=140646 Ack=144 Win=65024 Len=1448 TSval=2916043484 TSecr=3045563256 [TCP segment of a reassembled PDU]"
"75081","39.403861417","192.168.1.55","192.168.1.2","TCP","1514","8004  >  37096 [ACK] Seq=142094 Ack=144 Win=65024 Len=1448 TSval=2916043484 TSecr=3045563256 [TCP segment of a reassembled PDU]"
"75082","39.403862546","192.168.1.55","192.168.1.2","TCP","1514","8004  >  37096 [ACK] Seq=143542 Ack=144 Win=65024 Len=1448 TSval=2916043484 TSecr=3045563256 [TCP segment of a reassembled PDU]"
"75083","39.403863935","192.168.1.55","192.168.1.2","TCP","1514","8004  >  37096 [PSH, ACK] Seq=144990 Ack=144 Win=65024 Len=1448 TSval=2916043484 TSecr=3045563256 [TCP segment of a reassembled PDU]"
"75084","39.403933398","192.168.1.2","192.168.1.55","TCP","66","37096  >  8004 [ACK] Seq=144 Ack=71142 Win=77824 Len=0 TSval=3045563256 TSecr=2916043478"
"75085","39.403946102","192.168.1.2","192.168.1.55","TCP","66","37096  >  8004 [ACK] Seq=144 Ack=76934 Win=72704 Len=0 TSval=3045563256 TSecr=2916043478"
"75086","39.406974903","192.168.1.2","192.168.1.55","TCP","66","37096  >  8004 [ACK] Seq=144 Ack=100102 Win=67584 Len=0 TSval=3045563259 TSecr=2916043480"
"75087","39.407013366","192.168.1.55","192.168.1.2","TCP","1514","8004  >  37096 [ACK] Seq=146438 Ack=144 Win=65024 Len=1448 TSval=2916043487 TSecr=3045563259 [TCP segment of a reassembled PDU]"
"75088","39.407016051","192.168.1.55","192.168.1.2","TCP","1514","8004  >  37096 [ACK] Seq=147886 Ack=144 Win=65024 Len=1448 TSval=2916043487 TSecr=3045563259 [TCP segment of a reassembled PDU]"
"75089","39.407017811","192.168.1.55","192.168.1.2","TCP","1514","8004  >  37096 [ACK] Seq=149334 Ack=144 Win=65024 Len=1448 TSval=2916043487 TSecr=3045563259 [TCP segment of a reassembled PDU]"
"75090","39.407018885","192.168.1.55","192.168.1.2","TCP","1514","8004  >  37096 [ACK] Seq=150782 Ack=144 Win=65024 Len=1448 TSval=2916043487 TSecr=3045563259 [TCP segment of a reassembled PDU]"
"75091","39.407020125","192.168.1.55","192.168.1.2","TCP","1514","8004  >  37096 [ACK] Seq=152230 Ack=144 Win=65024 Len=1448 TSval=2916043487 TSecr=3045563259 [TCP segment of a reassembled PDU]"
"75092","39.407021440","192.168.1.55","192.168.1.2","TCP","1514","8004  >  37096 [ACK] Seq=153678 Ack=144 Win=65024 Len=1448 TSval=2916043487 TSecr=3045563259 [TCP segment of a reassembled PDU]"
"75093","39.407023255","192.168.1.55","192.168.1.2","TCP","1514","8004  >  37096 [ACK] Seq=155126 Ack=144 Win=65024 Len=1448 TSval=2916043487 TSecr=3045563259 [TCP segment of a reassembled PDU]"
"75094","39.407024848","192.168.1.55","192.168.1.2","TCP","1514","8004  >  37096 [ACK] Seq=156574 Ack=144 Win=65024 Len=1448 TSval=2916043487 TSecr=3045563259 [TCP segment of a reassembled PDU]"
"75095","39.407026126","192.168.1.55","192.168.1.2","TCP","1514","8004  >  37096 [ACK] Seq=158022 Ack=144 Win=65024 Len=1448 TSval=2916043487 TSecr=3045563259 [TCP segment of a reassembled PDU]"
"75096","39.407027366","192.168.1.55","192.168.1.2","TCP","1514","8004  >  37096 [ACK] Seq=159470 Ack=144 Win=65024 Len=1448 TSval=2916043487 TSecr=3045563259 [TCP segment of a reassembled PDU]"
"75097","39.407029070","192.168.1.55","192.168.1.2","TCP","1514","8004  >  37096 [ACK] Seq=160918 Ack=144 Win=65024 Len=1448 TSval=2916043487 TSecr=3045563259 [TCP segment of a reassembled PDU]"
"75098","39.407030607","192.168.1.55","192.168.1.2","TCP","1514","8004  >  37096 [PSH, ACK] Seq=162366 Ack=144 Win=65024 Len=1448 TSval=2916043487 TSecr=3045563259 [TCP segment of a reassembled PDU]"
"75099","39.409682593","192.168.1.2","192.168.1.55","TCP","66","37096  >  8004 [ACK] Seq=144 Ack=105894 Win=86016 Len=0 TSval=3045563262 TSecr=2916043482"
"75100","39.409703519","192.168.1.55","192.168.1.2","TCP","1514","8004  >  37096 [ACK] Seq=163814 Ack=144 Win=65024 Len=1448 TSval=2916043490 TSecr=3045563262 [TCP segment of a reassembled PDU]"
"75101","39.409705982","192.168.1.55","192.168.1.2","TCP","1514","8004  >  37096 [ACK] Seq=165262 Ack=144 Win=65024 Len=1448 TSval=2916043490 TSecr=3045563262 [TCP segment of a reassembled PDU]"
"75102","39.409707537","192.168.1.55","192.168.1.2","TCP","1514","8004  >  37096 [ACK] Seq=166710 Ack=144 Win=65024 Len=1448 TSval=2916043490 TSecr=3045563262 [TCP segment of a reassembled PDU]"
"75103","39.409708611","192.168.1.55","192.168.1.2","TCP","1514","8004  >  37096 [ACK] Seq=168158 Ack=144 Win=65024 Len=1448 TSval=2916043490 TSecr=3045563262 [TCP segment of a reassembled PDU]"
"75104","39.409709908","192.168.1.55","192.168.1.2","TCP","1514","8004  >  37096 [ACK] Seq=169606 Ack=144 Win=65024 Len=1448 TSval=2916043490 TSecr=3045563262 [TCP segment of a reassembled PDU]"
"75105","39.409711019","192.168.1.55","192.168.1.2","TCP","1514","8004  >  37096 [ACK] Seq=171054 Ack=144 Win=65024 Len=1448 TSval=2916043490 TSecr=3045563262 [TCP segment of a reassembled PDU]"
"75106","39.409712185","192.168.1.55","192.168.1.2","TCP","1514","8004  >  37096 [ACK] Seq=172502 Ack=144 Win=65024 Len=1448 TSval=2916043490 TSecr=3045563262 [TCP segment of a reassembled PDU]"
"75107","39.409713371","192.168.1.55","192.168.1.2","TCP","1514","8004  >  37096 [ACK] Seq=173950 Ack=144 Win=65024 Len=1448 TSval=2916043490 TSecr=3045563262 [TCP segment of a reassembled PDU]"
"75108","39.409714815","192.168.1.55","192.168.1.2","TCP","1514","8004  >  37096 [ACK] Seq=175398 Ack=144 Win=65024 Len=1448 TSval=2916043490 TSecr=3045563262 [TCP segment of a reassembled PDU]"
"75109","39.409716000","192.168.1.55","192.168.1.2","TCP","1514","8004  >  37096 [ACK] Seq=176846 Ack=144 Win=65024 Len=1448 TSval=2916043490 TSecr=3045563262 [TCP segment of a reassembled PDU]"
"75110","39.409717093","192.168.1.55","192.168.1.2","TCP","1514","8004  >  37096 [ACK] Seq=178294 Ack=144 Win=65024 Len=1448 TSval=2916043490 TSecr=3045563262 [TCP segment of a reassembled PDU]"
"75111","39.409718185","192.168.1.55","192.168.1.2","TCP","1514","8004  >  37096 [ACK] Seq=179742 Ack=144 Win=65024 Len=1448 TSval=2916043490 TSecr=3045563262 [TCP segment of a reassembled PDU]"
"75112","39.409719352","192.168.1.55","192.168.1.2","TCP","1514","8004  >  37096 [ACK] Seq=181190 Ack=144 Win=65024 Len=1448 TSval=2916043490 TSecr=3045563262 [TCP segment of a reassembled PDU]"
"75113","39.409720426","192.168.1.55","192.168.1.2","TCP","1514","8004  >  37096 [ACK] Seq=182638 Ack=144 Win=65024 Len=1448 TSval=2916043490 TSecr=3045563262 [TCP segment of a reassembled PDU]"
"75114","39.409721537","192.168.1.55","192.168.1.2","TCP","1514","8004  >  37096 [ACK] Seq=184086 Ack=144 Win=65024 Len=1448 TSval=2916043490 TSecr=3045563262 [TCP segment of a reassembled PDU]"
"75115","39.409722834","192.168.1.55","192.168.1.2","TCP","1514","8004  >  37096 [ACK] Seq=185534 Ack=144 Win=65024 Len=1448 TSval=2916043490 TSecr=3045563262 [TCP segment of a reassembled PDU]"
"75116","39.409723982","192.168.1.55","192.168.1.2","TCP","1514","8004  >  37096 [ACK] Seq=186982 Ack=144 Win=65024 Len=1448 TSval=2916043490 TSecr=3045563262 [TCP segment of a reassembled PDU]"
"75117","39.409725222","192.168.1.55","192.168.1.2","TCP","1514","8004  >  37096 [ACK] Seq=188430 Ack=144 Win=65024 Len=1448 TSval=2916043490 TSecr=3045563262 [TCP segment of a reassembled PDU]"
"75118","39.409726408","192.168.1.55","192.168.1.2","TCP","1514","8004  >  37096 [ACK] Seq=189878 Ack=144 Win=65024 Len=1448 TSval=2916043490 TSecr=3045563262 [TCP segment of a reassembled PDU]"
"75119","39.409727556","192.168.1.55","192.168.1.2","TCP","650","[TCP Window Full] 8004  >  37096 [PSH, ACK] Seq=191326 Ack=144 Win=65024 Len=584 TSval=2916043490 TSecr=3045563262 [TCP segment of a reassembled PDU]"
"75120","39.410515483","192.168.1.2","192.168.1.55","TCP","66","37096  >  8004 [ACK] Seq=144 Ack=120374 Win=71680 Len=0 TSval=3045563262 TSecr=2916043482"
"75121","39.410522057","192.168.1.2","192.168.1.55","TCP","66","37096  >  8004 [ACK] Seq=144 Ack=137750 Win=55296 Len=0 TSval=3045563263 TSecr=2916043484"
"75122","39.410527020","192.168.1.2","192.168.1.55","TCP","66","37096  >  8004 [ACK] Seq=144 Ack=146438 Win=80896 Len=0 TSval=3045563263 TSecr=2916043484"
"75123","39.410540502","192.168.1.55","192.168.1.2","TCP","1514","8004  >  37096 [ACK] Seq=191910 Ack=144 Win=65024 Len=1448 TSval=2916043491 TSecr=3045563263 [TCP segment of a reassembled PDU]"
"75124","39.410542205","192.168.1.55","192.168.1.2","TCP","1514","8004  >  37096 [ACK] Seq=193358 Ack=144 Win=65024 Len=1448 TSval=2916043491 TSecr=3045563263 [TCP segment of a reassembled PDU]"
"75125","39.410543298","192.168.1.55","192.168.1.2","TCP","1514","8004  >  37096 [ACK] Seq=194806 Ack=144 Win=65024 Len=1448 TSval=2916043491 TSecr=3045563263 [TCP segment of a reassembled PDU]"
"75126","39.410544446","192.168.1.55","192.168.1.2","TCP","1514","8004  >  37096 [ACK] Seq=196254 Ack=144 Win=65024 Len=1448 TSval=2916043491 TSecr=3045563263 [TCP segment of a reassembled PDU]"
"75127","39.410545631","192.168.1.55","192.168.1.2","TCP","1514","8004  >  37096 [ACK] Seq=197702 Ack=144 Win=65024 Len=1448 TSval=2916043491 TSecr=3045563263 [TCP segment of a reassembled PDU]"
"75128","39.410547150","192.168.1.55","192.168.1.2","TCP","1514","8004  >  37096 [ACK] Seq=199150 Ack=144 Win=65024 Len=1448 TSval=2916043491 TSecr=3045563263 [TCP segment of a reassembled PDU]"
"75129","39.410548668","192.168.1.55","192.168.1.2","TCP","1514","8004  >  37096 [ACK] Seq=200598 Ack=144 Win=65024 Len=1448 TSval=2916043491 TSecr=3045563263 [TCP segment of a reassembled PDU]"
"75130","39.410549761","192.168.1.55","192.168.1.2","TCP","1514","8004  >  37096 [ACK] Seq=202046 Ack=144 Win=65024 Len=1448 TSval=2916043491 TSecr=3045563263 [TCP segment of a reassembled PDU]"
"75131","39.410550872","192.168.1.55","192.168.1.2","TCP","1514","8004  >  37096 [ACK] Seq=203494 Ack=144 Win=65024 Len=1448 TSval=2916043491 TSecr=3045563263 [TCP segment of a reassembled PDU]"
"75132","39.410552057","192.168.1.55","192.168.1.2","TCP","1514","8004  >  37096 [PSH, ACK] Seq=204942 Ack=144 Win=65024 Len=1448 TSval=2916043491 TSecr=3045563263 [TCP segment of a reassembled PDU]"
"75133","39.410557279","192.168.1.55","192.168.1.2","TCP","930","8004  >  37096 [ACK] Seq=206390 Ack=144 Win=65024 Len=864 TSval=2916043491 TSecr=3045563263 [TCP segment of a reassembled PDU]"
"75134","39.413111728","192.168.1.2","192.168.1.55","TCP","66","37096  >  8004 [ACK] Seq=144 Ack=163814 Win=78848 Len=0 TSval=3045563265 TSecr=2916043487"
"75135","39.413141987","192.168.1.55","192.168.1.2","TCP","1514","8004  >  37096 [ACK] Seq=207254 Ack=144 Win=65024 Len=1448 TSval=2916043493 TSecr=3045563265 [TCP segment of a reassembled PDU]"
"75136","39.413144710","192.168.1.55","192.168.1.2","TCP","1514","8004  >  37096 [ACK] Seq=208702 Ack=144 Win=65024 Len=1448 TSval=2916043493 TSecr=3045563265 [TCP segment of a reassembled PDU]"
"75137","39.413146284","192.168.1.55","192.168.1.2","TCP","1514","8004  >  37096 [ACK] Seq=210150 Ack=144 Win=65024 Len=1448 TSval=2916043493 TSecr=3045563265 [TCP segment of a reassembled PDU]"
"75138","39.413147598","192.168.1.55","192.168.1.2","TCP","1514","8004  >  37096 [ACK] Seq=211598 Ack=144 Win=65024 Len=1448 TSval=2916043493 TSecr=3045563265 [TCP segment of a reassembled PDU]"
"75139","39.413148895","192.168.1.55","192.168.1.2","TCP","1514","8004  >  37096 [ACK] Seq=213046 Ack=144 Win=65024 Len=1448 TSval=2916043493 TSecr=3045563265 [TCP segment of a reassembled PDU]"
"75140","39.413150191","192.168.1.55","192.168.1.2","TCP","1514","8004  >  37096 [ACK] Seq=214494 Ack=144 Win=65024 Len=1448 TSval=2916043493 TSecr=3045563265 [TCP segment of a reassembled PDU]"
"75141","39.413151506","192.168.1.55","192.168.1.2","TCP","1514","8004  >  37096 [ACK] Seq=215942 Ack=144 Win=65024 Len=1448 TSval=2916043493 TSecr=3045563265 [TCP segment of a reassembled PDU]"
"75142","39.413152913","192.168.1.55","192.168.1.2","TCP","1514","8004  >  37096 [ACK] Seq=217390 Ack=144 Win=65024 Len=1448 TSval=2916043493 TSecr=3045563265 [TCP segment of a reassembled PDU]"
"75143","39.413154598","192.168.1.55","192.168.1.2","TCP","1514","8004  >  37096 [ACK] Seq=218838 Ack=144 Win=65024 Len=1448 TSval=2916043493 TSecr=3045563265 [TCP segment of a reassembled PDU]"
"75144","39.413156265","192.168.1.55","192.168.1.2","TCP","1514","8004  >  37096 [ACK] Seq=220286 Ack=144 Win=65024 Len=1448 TSval=2916043493 TSecr=3045563265 [TCP segment of a reassembled PDU]"
"75145","39.413157654","192.168.1.55","192.168.1.2","TCP","1514","8004  >  37096 [ACK] Seq=221734 Ack=144 Win=65024 Len=1448 TSval=2916043493 TSecr=3045563265 [TCP segment of a reassembled PDU]"
"75146","39.413158950","192.168.1.55","192.168.1.2","TCP","1514","8004  >  37096 [ACK] Seq=223182 Ack=144 Win=65024 Len=1448 TSval=2916043493 TSecr=3045563265 [TCP segment of a reassembled PDU]"
"75147","39.413160358","192.168.1.55","192.168.1.2","TCP","1514","8004  >  37096 [ACK] Seq=224630 Ack=144 Win=65024 Len=1448 TSval=2916043493 TSecr=3045563265 [TCP segment of a reassembled PDU]"
"75148","39.413161673","192.168.1.55","192.168.1.2","TCP","1514","8004  >  37096 [ACK] Seq=226078 Ack=144 Win=65024 Len=1448 TSval=2916043493 TSecr=3045563265 [TCP segment of a reassembled PDU]"
"75149","39.413162950","192.168.1.55","192.168.1.2","TCP","1514","8004  >  37096 [ACK] Seq=227526 Ack=144 Win=65024 Len=1448 TSval=2916043493 TSecr=3045563265 [TCP segment of a reassembled PDU]"
"75150","39.413164339","192.168.1.55","192.168.1.2","TCP","1514","8004  >  37096 [ACK] Seq=228974 Ack=144 Win=65024 Len=1448 TSval=2916043493 TSecr=3045563265 [TCP segment of a reassembled PDU]"
"75151","39.413165617","192.168.1.55","192.168.1.2","TCP","1514","8004  >  37096 [ACK] Seq=230422 Ack=144 Win=65024 Len=1448 TSval=2916043493 TSecr=3045563265 [TCP segment of a reassembled PDU]"
"75152","39.413166987","192.168.1.55","192.168.1.2","TCP","1514","8004  >  37096 [ACK] Seq=231870 Ack=144 Win=65024 Len=1448 TSval=2916043493 TSecr=3045563265 [TCP segment of a reassembled PDU]"
"75153","39.413168265","192.168.1.55","192.168.1.2","TCP","1514","8004  >  37096 [ACK] Seq=233318 Ack=144 Win=65024 Len=1448 TSval=2916043493 TSecr=3045563265 [TCP segment of a reassembled PDU]"
"75154","39.413169561","192.168.1.55","192.168.1.2","TCP","1514","8004  >  37096 [ACK] Seq=234766 Ack=144 Win=65024 Len=1448 TSval=2916043493 TSecr=3045563265 [TCP segment of a reassembled PDU]"
"75155","39.413171191","192.168.1.55","192.168.1.2","TCP","1514","8004  >  37096 [ACK] Seq=236214 Ack=144 Win=65024 Len=1448 TSval=2916043493 TSecr=3045563265 [TCP segment of a reassembled PDU]"
"75156","39.413172469","192.168.1.55","192.168.1.2","TCP","1514","8004  >  37096 [ACK] Seq=237662 Ack=144 Win=65024 Len=1448 TSval=2916043493 TSecr=3045563265 [TCP segment of a reassembled PDU]"
"75157","39.413173858","192.168.1.55","192.168.1.2","TCP","1514","8004  >  37096 [ACK] Seq=239110 Ack=144 Win=65024 Len=1448 TSval=2916043493 TSecr=3045563265 [TCP segment of a reassembled PDU]"
"75158","39.413175265","192.168.1.55","192.168.1.2","TCP","1514","8004  >  37096 [PSH, ACK] Seq=240558 Ack=144 Win=65024 Len=1448 TSval=2916043493 TSecr=3045563265 [TCP segment of a reassembled PDU]"
"75159","39.415657195","192.168.1.2","192.168.1.55","TCP","66","37096  >  8004 [ACK] Seq=144 Ack=200598 Win=62464 Len=0 TSval=3045563268 TSecr=2916043490"
"75160","39.415673436","192.168.1.55","192.168.1.2","TCP","1514","8004  >  37096 [ACK] Seq=242006 Ack=144 Win=65024 Len=1448 TSval=2916043496 TSecr=3045563268 [TCP segment of a reassembled PDU]"
"75161","39.415675769","192.168.1.55","192.168.1.2","TCP","1514","8004  >  37096 [ACK] Seq=243454 Ack=144 Win=65024 Len=1448 TSval=2916043496 TSecr=3045563268 [TCP segment of a reassembled PDU]"
"75162","39.415677084","192.168.1.55","192.168.1.2","TCP","1514","8004  >  37096 [ACK] Seq=244902 Ack=144 Win=65024 Len=1448 TSval=2916043496 TSecr=3045563268 [TCP segment of a reassembled PDU]"
"75163","39.415678547","192.168.1.55","192.168.1.2","TCP","1514","8004  >  37096 [ACK] Seq=246350 Ack=144 Win=65024 Len=1448 TSval=2916043496 TSecr=3045563268 [TCP segment of a reassembled PDU]"
"75164","39.415679936","192.168.1.55","192.168.1.2","TCP","1514","8004  >  37096 [ACK] Seq=247798 Ack=144 Win=65024 Len=1448 TSval=2916043496 TSecr=3045563268 [TCP segment of a reassembled PDU]"
"75165","39.415681269","192.168.1.55","192.168.1.2","TCP","1514","8004  >  37096 [ACK] Seq=249246 Ack=144 Win=65024 Len=1448 TSval=2916043496 TSecr=3045563268 [TCP segment of a reassembled PDU]"
"75166","39.415682954","192.168.1.55","192.168.1.2","TCP","1514","8004  >  37096 [PSH, ACK] Seq=250694 Ack=144 Win=65024 Len=1448 TSval=2916043496 TSecr=3045563268 [TCP segment of a reassembled PDU]"
"75167","39.418279903","192.168.1.2","192.168.1.55","TCP","66","37096  >  8004 [ACK] Seq=144 Ack=206390 Win=92160 Len=0 TSval=3045563270 TSecr=2916043491"
"75168","39.418318496","192.168.1.55","192.168.1.2","TCP","1514","8004  >  37096 [ACK] Seq=252142 Ack=144 Win=65024 Len=1448 TSval=2916043498 TSecr=3045563270 [TCP segment of a reassembled PDU]"
"75169","39.418321662","192.168.1.55","192.168.1.2","TCP","1514","8004  >  37096 [ACK] Seq=253590 Ack=144 Win=65024 Len=1448 TSval=2916043498 TSecr=3045563270 [TCP segment of a reassembled PDU]"
"75170","39.418323033","192.168.1.55","192.168.1.2","TCP","1514","8004  >  37096 [ACK] Seq=255038 Ack=144 Win=65024 Len=1448 TSval=2916043498 TSecr=3045563270 [TCP segment of a reassembled PDU]"
"75171","39.418324403","192.168.1.55","192.168.1.2","TCP","1514","8004  >  37096 [ACK] Seq=256486 Ack=144 Win=65024 Len=1448 TSval=2916043498 TSecr=3045563270 [TCP segment of a reassembled PDU]"
"75172","39.418325940","192.168.1.55","192.168.1.2","TCP","1514","8004  >  37096 [ACK] Seq=257934 Ack=144 Win=65024 Len=1448 TSval=2916043498 TSecr=3045563270 [TCP segment of a reassembled PDU]"
"75173","39.418327440","192.168.1.55","192.168.1.2","TCP","1514","8004  >  37096 [ACK] Seq=259382 Ack=144 Win=65024 Len=1448 TSval=2916043498 TSecr=3045563270 [TCP segment of a reassembled PDU]"
"75174","39.418328792","192.168.1.55","192.168.1.2","TCP","1514","8004  >  37096 [ACK] Seq=260830 Ack=144 Win=65024 Len=1448 TSval=2916043498 TSecr=3045563270 [TCP segment of a reassembled PDU]"
"75175","39.418330218","192.168.1.55","192.168.1.2","TCP","1514","8004  >  37096 [ACK] Seq=262278 Ack=144 Win=65024 Len=1448 TSval=2916043498 TSecr=3045563270 [TCP segment of a reassembled PDU]"
"75176","39.418331644","192.168.1.55","192.168.1.2","TCP","1514","8004  >  37096 [ACK] Seq=263726 Ack=144 Win=65024 Len=1448 TSval=2916043498 TSecr=3045563270 [TCP segment of a reassembled PDU]"
"75177","39.418333051","192.168.1.55","192.168.1.2","TCP","1514","8004  >  37096 [ACK] Seq=265174 Ack=144 Win=65024 Len=1448 TSval=2916043498 TSecr=3045563270 [TCP segment of a reassembled PDU]"
"75178","39.418334385","192.168.1.55","192.168.1.2","TCP","1514","8004  >  37096 [ACK] Seq=266622 Ack=144 Win=65024 Len=1448 TSval=2916043498 TSecr=3045563270 [TCP segment of a reassembled PDU]"
"75179","39.418335718","192.168.1.55","192.168.1.2","TCP","1514","8004  >  37096 [ACK] Seq=268070 Ack=144 Win=65024 Len=1448 TSval=2916043498 TSecr=3045563270 [TCP segment of a reassembled PDU]"
"75180","39.418337218","192.168.1.55","192.168.1.2","TCP","1514","8004  >  37096 [ACK] Seq=269518 Ack=144 Win=65024 Len=1448 TSval=2916043498 TSecr=3045563270 [TCP segment of a reassembled PDU]"
"75181","39.418338533","192.168.1.55","192.168.1.2","TCP","1514","8004  >  37096 [ACK] Seq=270966 Ack=144 Win=65024 Len=1448 TSval=2916043498 TSecr=3045563270 [TCP segment of a reassembled PDU]"
"75182","39.418339959","192.168.1.55","192.168.1.2","TCP","1514","8004  >  37096 [ACK] Seq=272414 Ack=144 Win=65024 Len=1448 TSval=2916043498 TSecr=3045563270 [TCP segment of a reassembled PDU]"
"75183","39.418341385","192.168.1.55","192.168.1.2","TCP","1514","8004  >  37096 [ACK] Seq=273862 Ack=144 Win=65024 Len=1448 TSval=2916043498 TSecr=3045563270 [TCP segment of a reassembled PDU]"
"75184","39.418342737","192.168.1.55","192.168.1.2","TCP","1514","8004  >  37096 [ACK] Seq=275310 Ack=144 Win=65024 Len=1448 TSval=2916043498 TSecr=3045563270 [TCP segment of a reassembled PDU]"
"75185","39.418344496","192.168.1.55","192.168.1.2","TCP","1514","8004  >  37096 [ACK] Seq=276758 Ack=144 Win=65024 Len=1448 TSval=2916043498 TSecr=3045563270 [TCP segment of a reassembled PDU]"
"75186","39.418345903","192.168.1.55","192.168.1.2","TCP","1514","8004  >  37096 [ACK] Seq=278206 Ack=144 Win=65024 Len=1448 TSval=2916043498 TSecr=3045563270 [TCP segment of a reassembled PDU]"
"75187","39.418347366","192.168.1.55","192.168.1.2","TCP","1514","8004  >  37096 [ACK] Seq=279654 Ack=144 Win=65024 Len=1448 TSval=2916043498 TSecr=3045563270 [TCP segment of a reassembled PDU]"
"75188","39.418348811","192.168.1.55","192.168.1.2","TCP","1514","8004  >  37096 [ACK] Seq=281102 Ack=144 Win=65024 Len=1448 TSval=2916043498 TSecr=3045563270 [TCP segment of a reassembled PDU]"
"75189","39.418350181","192.168.1.55","192.168.1.2","TCP","1514","8004  >  37096 [ACK] Seq=282550 Ack=144 Win=65024 Len=1448 TSval=2916043498 TSecr=3045563270 [TCP segment of a reassembled PDU]"
"75190","39.418351903","192.168.1.55","192.168.1.2","TCP","1514","8004  >  37096 [ACK] Seq=283998 Ack=144 Win=65024 Len=1448 TSval=2916043498 TSecr=3045563270 [TCP segment of a reassembled PDU]"
"75191","39.418353237","192.168.1.55","192.168.1.2","TCP","1514","8004  >  37096 [ACK] Seq=285446 Ack=144 Win=65024 Len=1448 TSval=2916043498 TSecr=3045563270 [TCP segment of a reassembled PDU]"
"75192","39.418354662","192.168.1.55","192.168.1.2","TCP","1514","8004  >  37096 [ACK] Seq=286894 Ack=144 Win=65024 Len=1448 TSval=2916043498 TSecr=3045563270 [TCP segment of a reassembled PDU]"
"75193","39.418359940","192.168.1.55","192.168.1.2","TCP","1514","8004  >  37096 [ACK] Seq=288342 Ack=144 Win=65024 Len=1448 TSval=2916043498 TSecr=3045563270 [TCP segment of a reassembled PDU]"
"75194","39.418361681","192.168.1.55","192.168.1.2","TCP","1514","8004  >  37096 [ACK] Seq=289790 Ack=144 Win=65024 Len=1448 TSval=2916043498 TSecr=3045563270 [TCP segment of a reassembled PDU]"
"75195","39.418363181","192.168.1.55","192.168.1.2","TCP","1514","8004  >  37096 [ACK] Seq=291238 Ack=144 Win=65024 Len=1448 TSval=2916043498 TSecr=3045563270 [TCP segment of a reassembled PDU]"
"75196","39.418364570","192.168.1.55","192.168.1.2","TCP","1514","8004  >  37096 [ACK] Seq=292686 Ack=144 Win=65024 Len=1448 TSval=2916043498 TSecr=3045563270 [TCP segment of a reassembled PDU]"
"75197","39.418366014","192.168.1.55","192.168.1.2","TCP","1514","8004  >  37096 [ACK] Seq=294134 Ack=144 Win=65024 Len=1448 TSval=2916043498 TSecr=3045563270 [TCP segment of a reassembled PDU]"
"75198","39.418367385","192.168.1.55","192.168.1.2","TCP","1514","8004  >  37096 [PSH, ACK] Seq=295582 Ack=144 Win=65024 Len=1448 TSval=2916043498 TSecr=3045563270 [TCP segment of a reassembled PDU]"
"75199","39.418430848","192.168.1.2","192.168.1.55","TCP","66","37096  >  8004 [ACK] Seq=144 Ack=207254 Win=92160 Len=0 TSval=3045563270 TSecr=2916043491"
"75200","39.418439255","192.168.1.2","192.168.1.55","TCP","66","37096  >  8004 [ACK] Seq=144 Ack=233318 Win=70656 Len=0 TSval=3045563271 TSecr=2916043493"
"75201","39.419626813","192.168.1.2","192.168.1.55","TCP","66","37096  >  8004 [ACK] Seq=144 Ack=242006 Win=87040 Len=0 TSval=3045563273 TSecr=2916043493"
"75202","39.419656757","192.168.1.55","192.168.1.2","TCP","1514","8004  >  37096 [ACK] Seq=297030 Ack=144 Win=65024 Len=1448 TSval=2916043500 TSecr=3045563273 [TCP segment of a reassembled PDU]"
"75203","39.419658776","192.168.1.55","192.168.1.2","TCP","1514","8004  >  37096 [ACK] Seq=298478 Ack=144 Win=65024 Len=1448 TSval=2916043500 TSecr=3045563273 [TCP segment of a reassembled PDU]"
"75204","39.419660146","192.168.1.55","192.168.1.2","TCP","1514","8004  >  37096 [ACK] Seq=299926 Ack=144 Win=65024 Len=1448 TSval=2916043500 TSecr=3045563273 [TCP segment of a reassembled PDU]"
"75205","39.419661591","192.168.1.55","192.168.1.2","TCP","1514","8004  >  37096 [ACK] Seq=301374 Ack=144 Win=65024 Len=1448 TSval=2916043500 TSecr=3045563273 [TCP segment of a reassembled PDU]"
"75206","39.419662905","192.168.1.55","192.168.1.2","TCP","1514","8004  >  37096 [ACK] Seq=302822 Ack=144 Win=65024 Len=1448 TSval=2916043500 TSecr=3045563273 [TCP segment of a reassembled PDU]"
"75207","39.419664202","192.168.1.55","192.168.1.2","TCP","1514","8004  >  37096 [ACK] Seq=304270 Ack=144 Win=65024 Len=1448 TSval=2916043500 TSecr=3045563273 [TCP segment of a reassembled PDU]"
"75208","39.419665572","192.168.1.55","192.168.1.2","TCP","1514","8004  >  37096 [ACK] Seq=305718 Ack=144 Win=65024 Len=1448 TSval=2916043500 TSecr=3045563273 [TCP segment of a reassembled PDU]"
"75209","39.419666868","192.168.1.55","192.168.1.2","TCP","1514","8004  >  37096 [ACK] Seq=307166 Ack=144 Win=65024 Len=1448 TSval=2916043500 TSecr=3045563273 [TCP segment of a reassembled PDU]"
"75210","39.419668202","192.168.1.55","192.168.1.2","TCP","1514","8004  >  37096 [ACK] Seq=308614 Ack=144 Win=65024 Len=1448 TSval=2916043500 TSecr=3045563273 [TCP segment of a reassembled PDU]"
"75211","39.419669591","192.168.1.55","192.168.1.2","TCP","1514","8004  >  37096 [ACK] Seq=310062 Ack=144 Win=65024 Len=1448 TSval=2916043500 TSecr=3045563273 [TCP segment of a reassembled PDU]"
"75212","39.419671276","192.168.1.55","192.168.1.2","TCP","1514","8004  >  37096 [ACK] Seq=311510 Ack=144 Win=65024 Len=1448 TSval=2916043500 TSecr=3045563273 [TCP segment of a reassembled PDU]"
"75213","39.419672665","192.168.1.55","192.168.1.2","TCP","1514","8004  >  37096 [ACK] Seq=312958 Ack=144 Win=65024 Len=1448 TSval=2916043500 TSecr=3045563273 [TCP segment of a reassembled PDU]"
"75214","39.419673942","192.168.1.55","192.168.1.2","TCP","1514","8004  >  37096 [ACK] Seq=314406 Ack=144 Win=65024 Len=1448 TSval=2916043500 TSecr=3045563273 [TCP segment of a reassembled PDU]"
"75215","39.419675331","192.168.1.55","192.168.1.2","TCP","1514","8004  >  37096 [ACK] Seq=315854 Ack=144 Win=65024 Len=1448 TSval=2916043500 TSecr=3045563273 [TCP segment of a reassembled PDU]"
"75216","39.419676702","192.168.1.55","192.168.1.2","TCP","1514","8004  >  37096 [ACK] Seq=317302 Ack=144 Win=65024 Len=1448 TSval=2916043500 TSecr=3045563273 [TCP segment of a reassembled PDU]"
"75217","39.419677998","192.168.1.55","192.168.1.2","TCP","1514","8004  >  37096 [ACK] Seq=318750 Ack=144 Win=65024 Len=1448 TSval=2916043500 TSecr=3045563273 [TCP segment of a reassembled PDU]"
"75218","39.419679628","192.168.1.55","192.168.1.2","TCP","1514","8004  >  37096 [ACK] Seq=320198 Ack=144 Win=65024 Len=1448 TSval=2916043500 TSecr=3045563273 [TCP segment of a reassembled PDU]"
"75219","39.419680942","192.168.1.55","192.168.1.2","TCP","1514","8004  >  37096 [ACK] Seq=321646 Ack=144 Win=65024 Len=1448 TSval=2916043500 TSecr=3045563273 [TCP segment of a reassembled PDU]"
"75220","39.419682257","192.168.1.55","192.168.1.2","TCP","1514","8004  >  37096 [ACK] Seq=323094 Ack=144 Win=65024 Len=1448 TSval=2916043500 TSecr=3045563273 [TCP segment of a reassembled PDU]"
"75221","39.419683646","192.168.1.55","192.168.1.2","TCP","1514","8004  >  37096 [ACK] Seq=324542 Ack=144 Win=65024 Len=1448 TSval=2916043500 TSecr=3045563273 [TCP segment of a reassembled PDU]"
"75222","39.419685072","192.168.1.55","192.168.1.2","TCP","1514","8004  >  37096 [ACK] Seq=325990 Ack=144 Win=65024 Len=1448 TSval=2916043500 TSecr=3045563273 [TCP segment of a reassembled PDU]"
"75223","39.419686739","192.168.1.55","192.168.1.2","TCP","1514","8004  >  37096 [ACK] Seq=327438 Ack=144 Win=65024 Len=1448 TSval=2916043500 TSecr=3045563273 [TCP segment of a reassembled PDU]"
"75224","39.419688183","192.168.1.55","192.168.1.2","TCP","226","[TCP Window Full] 8004  >  37096 [PSH, ACK] Seq=328886 Ack=144 Win=65024 Len=160 TSval=2916043500 TSecr=3045563273 [TCP segment of a reassembled PDU]"
"75225","39.419718331","192.168.1.2","192.168.1.55","TCP","66","37096  >  8004 [ACK] Seq=144 Ack=252142 Win=88064 Len=0 TSval=3045563275 TSecr=2916043496"
"75226","39.419734276","192.168.1.55","192.168.1.2","TCP","1514","8004  >  37096 [ACK] Seq=329046 Ack=144 Win=65024 Len=1448 TSval=2916043500 TSecr=3045563275 [TCP segment of a reassembled PDU]"
"75227","39.419735961","192.168.1.55","192.168.1.2","TCP","1514","8004  >  37096 [ACK] Seq=330494 Ack=144 Win=65024 Len=1448 TSval=2916043500 TSecr=3045563275 [TCP segment of a reassembled PDU]"
"75228","39.419737313","192.168.1.55","192.168.1.2","TCP","1514","8004  >  37096 [ACK] Seq=331942 Ack=144 Win=65024 Len=1448 TSval=2916043500 TSecr=3045563275 [TCP segment of a reassembled PDU]"
"75229","39.419738683","192.168.1.55","192.168.1.2","TCP","1514","8004  >  37096 [ACK] Seq=333390 Ack=144 Win=65024 Len=1448 TSval=2916043500 TSecr=3045563275 [TCP segment of a reassembled PDU]"
"75230","39.419740035","192.168.1.55","192.168.1.2","TCP","1514","8004  >  37096 [ACK] Seq=334838 Ack=144 Win=65024 Len=1448 TSval=2916043500 TSecr=3045563275 [TCP segment of a reassembled PDU]"
"75231","39.419741350","192.168.1.55","192.168.1.2","TCP","1514","8004  >  37096 [ACK] Seq=336286 Ack=144 Win=65024 Len=1448 TSval=2916043500 TSecr=3045563275 [TCP segment of a reassembled PDU]"
"75232","39.419742739","192.168.1.55","192.168.1.2","TCP","1514","8004  >  37096 [PSH, ACK] Seq=337734 Ack=144 Win=65024 Len=1448 TSval=2916043500 TSecr=3045563275 [TCP segment of a reassembled PDU]"
"75233","39.426476268","192.168.1.2","192.168.1.55","TCP","66","37096  >  8004 [ACK] Seq=144 Ack=301374 Win=48128 Len=0 TSval=3045563279 TSecr=2916043498"
"75234","39.426488916","192.168.1.55","192.168.1.2","TCP","1514","8004  >  37096 [ACK] Seq=339182 Ack=144 Win=65024 Len=1448 TSval=2916043507 TSecr=3045563279 [TCP segment of a reassembled PDU]"
"75235","39.426494250","192.168.1.55","192.168.1.2","TCP","1354","8004  >  37096 [ACK] Seq=340630 Ack=144 Win=65024 Len=1288 TSval=2916043507 TSecr=3045563279 [TCP segment of a reassembled PDU]"
"75236","39.426689120","192.168.1.2","192.168.1.55","TCP","66","37096  >  8004 [ACK] Seq=144 Ack=329046 Win=70656 Len=0 TSval=3045563281 TSecr=2916043500"
"75237","39.426745139","192.168.1.55","192.168.1.2","TCP","1514","8004  >  37096 [ACK] Seq=341918 Ack=144 Win=65024 Len=1448 TSval=2916043507 TSecr=3045563281 [TCP segment of a reassembled PDU]"
"75238","39.426747602","192.168.1.55","192.168.1.2","TCP","1514","8004  >  37096 [ACK] Seq=343366 Ack=144 Win=65024 Len=1448 TSval=2916043507 TSecr=3045563281 [TCP segment of a reassembled PDU]"
"75239","39.426749065","192.168.1.55","192.168.1.2","TCP","1514","8004  >  37096 [ACK] Seq=344814 Ack=144 Win=65024 Len=1448 TSval=2916043507 TSecr=3045563281 [TCP segment of a reassembled PDU]"
"75240","39.426750454","192.168.1.55","192.168.1.2","TCP","1514","8004  >  37096 [ACK] Seq=346262 Ack=144 Win=65024 Len=1448 TSval=2916043507 TSecr=3045563281 [TCP segment of a reassembled PDU]"
"75241","39.426751769","192.168.1.55","192.168.1.2","TCP","1514","8004  >  37096 [ACK] Seq=347710 Ack=144 Win=65024 Len=1448 TSval=2916043507 TSecr=3045563281 [TCP segment of a reassembled PDU]"
"75242","39.426753158","192.168.1.55","192.168.1.2","TCP","1514","8004  >  37096 [ACK] Seq=349158 Ack=144 Win=65024 Len=1448 TSval=2916043507 TSecr=3045563281 [TCP segment of a reassembled PDU]"
"75243","39.426754732","192.168.1.55","192.168.1.2","TCP","1514","8004  >  37096 [ACK] Seq=350606 Ack=144 Win=65024 Len=1448 TSval=2916043507 TSecr=3045563281 [TCP segment of a reassembled PDU]"
"75244","39.426756435","192.168.1.55","192.168.1.2","TCP","1514","8004  >  37096 [ACK] Seq=352054 Ack=144 Win=65024 Len=1448 TSval=2916043507 TSecr=3045563281 [TCP segment of a reassembled PDU]"
"75245","39.426757843","192.168.1.55","192.168.1.2","TCP","1514","8004  >  37096 [ACK] Seq=353502 Ack=144 Win=65024 Len=1448 TSval=2916043507 TSecr=3045563281 [TCP segment of a reassembled PDU]"
"75246","39.426759232","192.168.1.55","192.168.1.2","TCP","1514","8004  >  37096 [ACK] Seq=354950 Ack=144 Win=65024 Len=1448 TSval=2916043507 TSecr=3045563281 [TCP segment of a reassembled PDU]"
"75247","39.426760676","192.168.1.55","192.168.1.2","TCP","1514","8004  >  37096 [ACK] Seq=356398 Ack=144 Win=65024 Len=1448 TSval=2916043507 TSecr=3045563281 [TCP segment of a reassembled PDU]"
"75248","39.426762121","192.168.1.55","192.168.1.2","TCP","1514","8004  >  37096 [ACK] Seq=357846 Ack=144 Win=65024 Len=1448 TSval=2916043507 TSecr=3045563281 [TCP segment of a reassembled PDU]"
"75249","39.426763417","192.168.1.55","192.168.1.2","TCP","1514","8004  >  37096 [ACK] Seq=359294 Ack=144 Win=65024 Len=1448 TSval=2916043507 TSecr=3045563281 [TCP segment of a reassembled PDU]"
"75250","39.426764843","192.168.1.55","192.168.1.2","TCP","1514","8004  >  37096 [ACK] Seq=360742 Ack=144 Win=65024 Len=1448 TSval=2916043507 TSecr=3045563281 [TCP segment of a reassembled PDU]"
"75251","39.426766269","192.168.1.55","192.168.1.2","TCP","1514","8004  >  37096 [ACK] Seq=362190 Ack=144 Win=65024 Len=1448 TSval=2916043507 TSecr=3045563281 [TCP segment of a reassembled PDU]"
"75252","39.426767732","192.168.1.55","192.168.1.2","TCP","1514","8004  >  37096 [ACK] Seq=363638 Ack=144 Win=65024 Len=1448 TSval=2916043507 TSecr=3045563281 [TCP segment of a reassembled PDU]"
"75253","39.426769343","192.168.1.55","192.168.1.2","TCP","1514","8004  >  37096 [ACK] Seq=365086 Ack=144 Win=65024 Len=1448 TSval=2916043507 TSecr=3045563281 [TCP segment of a reassembled PDU]"
"75254","39.426771176","192.168.1.55","192.168.1.2","TCP","1514","8004  >  37096 [ACK] Seq=366534 Ack=144 Win=65024 Len=1448 TSval=2916043507 TSecr=3045563281 [TCP segment of a reassembled PDU]"
"75255","39.426772584","192.168.1.55","192.168.1.2","TCP","1514","8004  >  37096 [ACK] Seq=367982 Ack=144 Win=65024 Len=1448 TSval=2916043507 TSecr=3045563281 [TCP segment of a reassembled PDU]"
"75256","39.426773898","192.168.1.55","192.168.1.2","TCP","1514","8004  >  37096 [ACK] Seq=369430 Ack=144 Win=65024 Len=1448 TSval=2916043507 TSecr=3045563281 [TCP segment of a reassembled PDU]"
"75257","39.426775269","192.168.1.55","192.168.1.2","TCP","1514","8004  >  37096 [ACK] Seq=370878 Ack=144 Win=65024 Len=1448 TSval=2916043507 TSecr=3045563281 [TCP segment of a reassembled PDU]"
"75258","39.426776621","192.168.1.55","192.168.1.2","TCP","1514","8004  >  37096 [ACK] Seq=372326 Ack=144 Win=65024 Len=1448 TSval=2916043507 TSecr=3045563281 [TCP segment of a reassembled PDU]"
"75259","39.426777935","192.168.1.55","192.168.1.2","TCP","1514","8004  >  37096 [ACK] Seq=373774 Ack=144 Win=65024 Len=1448 TSval=2916043507 TSecr=3045563281 [TCP segment of a reassembled PDU]"
"75260","39.426779435","192.168.1.55","192.168.1.2","TCP","1514","8004  >  37096 [ACK] Seq=375222 Ack=144 Win=65024 Len=1448 TSval=2916043507 TSecr=3045563281 [TCP segment of a reassembled PDU]"
"75261","39.426780806","192.168.1.55","192.168.1.2","TCP","1514","8004  >  37096 [ACK] Seq=376670 Ack=144 Win=65024 Len=1448 TSval=2916043507 TSecr=3045563281 [TCP segment of a reassembled PDU]"
"75262","39.426782195","192.168.1.55","192.168.1.2","TCP","1514","8004  >  37096 [ACK] Seq=378118 Ack=144 Win=65024 Len=1448 TSval=2916043507 TSecr=3045563281 [TCP segment of a reassembled PDU]"
"75263","39.426783472","192.168.1.55","192.168.1.2","TCP","1514","8004  >  37096 [ACK] Seq=379566 Ack=144 Win=65024 Len=1448 TSval=2916043507 TSecr=3045563281 [TCP segment of a reassembled PDU]"
"75264","39.426784806","192.168.1.55","192.168.1.2","TCP","1514","8004  >  37096 [ACK] Seq=381014 Ack=144 Win=65024 Len=1448 TSval=2916043507 TSecr=3045563281 [TCP segment of a reassembled PDU]"
"75265","39.426786176","192.168.1.55","192.168.1.2","TCP","1514","8004  >  37096 [ACK] Seq=382462 Ack=144 Win=65024 Len=1448 TSval=2916043507 TSecr=3045563281 [TCP segment of a reassembled PDU]"
"75266","39.426787621","192.168.1.55","192.168.1.2","TCP","1514","8004  >  37096 [ACK] Seq=383910 Ack=144 Win=65024 Len=1448 TSval=2916043507 TSecr=3045563281 [TCP segment of a reassembled PDU]"
"75267","39.426789028","192.168.1.55","192.168.1.2","TCP","1514","8004  >  37096 [PSH, ACK] Seq=385358 Ack=144 Win=65024 Len=1448 TSval=2916043507 TSecr=3045563281 [TCP segment of a reassembled PDU]"
"75268","39.426794380","192.168.1.2","192.168.1.55","TCP","66","37096  >  8004 [ACK] Seq=144 Ack=334838 Win=65536 Len=0 TSval=3045563281 TSecr=2916043500"
"75269","39.429737700","192.168.1.2","192.168.1.55","TCP","66","37096  >  8004 [ACK] Seq=144 Ack=336286 Win=94208 Len=0 TSval=3045563283 TSecr=2916043500"
"75270","39.429771792","192.168.1.55","192.168.1.2","TCP","1514","8004  >  37096 [ACK] Seq=386806 Ack=144 Win=65024 Len=1448 TSval=2916043510 TSecr=3045563283 [TCP segment of a reassembled PDU]"
"75271","39.429773663","192.168.1.55","192.168.1.2","TCP","1514","8004  >  37096 [ACK] Seq=388254 Ack=144 Win=65024 Len=1448 TSval=2916043510 TSecr=3045563283 [TCP segment of a reassembled PDU]"
"75272","39.429775107","192.168.1.55","192.168.1.2","TCP","1514","8004  >  37096 [ACK] Seq=389702 Ack=144 Win=65024 Len=1448 TSval=2916043510 TSecr=3045563283 [TCP segment of a reassembled PDU]"
"75273","39.429776422","192.168.1.55","192.168.1.2","TCP","1514","8004  >  37096 [ACK] Seq=391150 Ack=144 Win=65024 Len=1448 TSval=2916043510 TSecr=3045563283 [TCP segment of a reassembled PDU]"
"75274","39.429777848","192.168.1.55","192.168.1.2","TCP","1514","8004  >  37096 [ACK] Seq=392598 Ack=144 Win=65024 Len=1448 TSval=2916043510 TSecr=3045563283 [TCP segment of a reassembled PDU]"
"75275","39.429779348","192.168.1.55","192.168.1.2","TCP","1514","8004  >  37096 [ACK] Seq=394046 Ack=144 Win=65024 Len=1448 TSval=2916043510 TSecr=3045563283 [TCP segment of a reassembled PDU]"
"75276","39.429780663","192.168.1.55","192.168.1.2","TCP","1514","8004  >  37096 [ACK] Seq=395494 Ack=144 Win=65024 Len=1448 TSval=2916043510 TSecr=3045563283 [TCP segment of a reassembled PDU]"
"75277","39.429782126","192.168.1.55","192.168.1.2","TCP","1514","8004  >  37096 [ACK] Seq=396942 Ack=144 Win=65024 Len=1448 TSval=2916043510 TSecr=3045563283 [TCP segment of a reassembled PDU]"
"75278","39.429783422","192.168.1.55","192.168.1.2","TCP","1514","8004  >  37096 [ACK] Seq=398390 Ack=144 Win=65024 Len=1448 TSval=2916043510 TSecr=3045563283 [TCP segment of a reassembled PDU]"
"75279","39.429785126","192.168.1.55","192.168.1.2","TCP","1514","8004  >  37096 [ACK] Seq=399838 Ack=144 Win=65024 Len=1448 TSval=2916043510 TSecr=3045563283 [TCP segment of a reassembled PDU]"
"75280","39.429786477","192.168.1.55","192.168.1.2","TCP","1514","8004  >  37096 [ACK] Seq=401286 Ack=144 Win=65024 Len=1448 TSval=2916043510 TSecr=3045563283 [TCP segment of a reassembled PDU]"
"75281","39.429787792","192.168.1.55","192.168.1.2","TCP","1514","8004  >  37096 [ACK] Seq=402734 Ack=144 Win=65024 Len=1448 TSval=2916043510 TSecr=3045563283 [TCP segment of a reassembled PDU]"
"75282","39.429789200","192.168.1.55","192.168.1.2","TCP","1514","8004  >  37096 [ACK] Seq=404182 Ack=144 Win=65024 Len=1448 TSval=2916043510 TSecr=3045563283 [TCP segment of a reassembled PDU]"
"75283","39.429790755","192.168.1.55","192.168.1.2","TCP","1514","8004  >  37096 [ACK] Seq=405630 Ack=144 Win=65024 Len=1448 TSval=2916043510 TSecr=3045563283 [TCP segment of a reassembled PDU]"
"75284","39.429792163","192.168.1.55","192.168.1.2","TCP","1514","8004  >  37096 [ACK] Seq=407078 Ack=144 Win=65024 Len=1448 TSval=2916043510 TSecr=3045563283 [TCP segment of a reassembled PDU]"
"75285","39.429793626","192.168.1.55","192.168.1.2","TCP","1514","8004  >  37096 [ACK] Seq=408526 Ack=144 Win=65024 Len=1448 TSval=2916043510 TSecr=3045563283 [TCP segment of a reassembled PDU]"
"75286","39.429795033","192.168.1.55","192.168.1.2","TCP","1514","8004  >  37096 [ACK] Seq=409974 Ack=144 Win=65024 Len=1448 TSval=2916043510 TSecr=3045563283 [TCP segment of a reassembled PDU]"
"75287","39.429796403","192.168.1.55","192.168.1.2","TCP","1514","8004  >  37096 [ACK] Seq=411422 Ack=144 Win=65024 Len=1448 TSval=2916043510 TSecr=3045563283 [TCP segment of a reassembled PDU]"
"75288","39.429797866","192.168.1.55","192.168.1.2","TCP","1514","8004  >  37096 [ACK] Seq=412870 Ack=144 Win=65024 Len=1448 TSval=2916043510 TSecr=3045563283 [TCP segment of a reassembled PDU]"
"75289","39.429799255","192.168.1.55","192.168.1.2","TCP","1514","8004  >  37096 [ACK] Seq=414318 Ack=144 Win=65024 Len=1448 TSval=2916043510 TSecr=3045563283 [TCP segment of a reassembled PDU]"
"75290","39.429800644","192.168.1.55","192.168.1.2","TCP","1514","8004  >  37096 [ACK] Seq=415766 Ack=144 Win=65024 Len=1448 TSval=2916043510 TSecr=3045563283 [TCP segment of a reassembled PDU]"
"75291","39.429802033","192.168.1.55","192.168.1.2","TCP","1514","8004  >  37096 [ACK] Seq=417214 Ack=144 Win=65024 Len=1448 TSval=2916043510 TSecr=3045563283 [TCP segment of a reassembled PDU]"
"75292","39.429803348","192.168.1.55","192.168.1.2","TCP","1514","8004  >  37096 [ACK] Seq=418662 Ack=144 Win=65024 Len=1448 TSval=2916043510 TSecr=3045563283 [TCP segment of a reassembled PDU]"
"75293","39.429804737","192.168.1.55","192.168.1.2","TCP","1514","8004  >  37096 [ACK] Seq=420110 Ack=144 Win=65024 Len=1448 TSval=2916043510 TSecr=3045563283 [TCP segment of a reassembled PDU]"
"75294","39.429806126","192.168.1.55","192.168.1.2","TCP","1514","8004  >  37096 [ACK] Seq=421558 Ack=144 Win=65024 Len=1448 TSval=2916043510 TSecr=3045563283 [TCP segment of a reassembled PDU]"
"75295","39.429807977","192.168.1.55","192.168.1.2","TCP","1514","8004  >  37096 [ACK] Seq=423006 Ack=144 Win=65024 Len=1448 TSval=2916043510 TSecr=3045563283 [TCP segment of a reassembled PDU]"
"75296","39.429809255","192.168.1.55","192.168.1.2","TCP","1514","8004  >  37096 [ACK] Seq=424454 Ack=144 Win=65024 Len=1448 TSval=2916043510 TSecr=3045563283 [TCP segment of a reassembled PDU]"
"75297","39.429810533","192.168.1.55","192.168.1.2","TCP","1514","8004  >  37096 [ACK] Seq=425902 Ack=144 Win=65024 Len=1448 TSval=2916043510 TSecr=3045563283 [TCP segment of a reassembled PDU]"
"75298","39.429812051","192.168.1.55","192.168.1.2","TCP","1514","8004  >  37096 [ACK] Seq=427350 Ack=144 Win=65024 Len=1448 TSval=2916043510 TSecr=3045563283 [TCP segment of a reassembled PDU]"
"75299","39.429813403","192.168.1.55","192.168.1.2","TCP","1514","8004  >  37096 [PSH, ACK] Seq=428798 Ack=144 Win=65024 Len=1448 TSval=2916043510 TSecr=3045563283 [TCP segment of a reassembled PDU]"
"75300","39.429843737","192.168.1.2","192.168.1.55","TCP","66","37096  >  8004 [ACK] Seq=144 Ack=339182 Win=94208 Len=0 TSval=3045563283 TSecr=2916043500"
"75301","39.429852700","192.168.1.55","192.168.1.2","TCP","1514","8004  >  37096 [ACK] Seq=430246 Ack=144 Win=65024 Len=1448 TSval=2916043510 TSecr=3045563283 [TCP segment of a reassembled PDU]"
"75302","39.429857903","192.168.1.55","192.168.1.2","TCP","1514","8004  >  37096 [ACK] Seq=431694 Ack=144 Win=65024 Len=1448 TSval=2916043510 TSecr=3045563283 [TCP segment of a reassembled PDU]"
"75303","39.436525248","192.168.1.2","192.168.1.55","TCP","66","37096  >  8004 [ACK] Seq=144 Ack=341918 Win=94208 Len=0 TSval=3045563288 TSecr=2916043507"
"75304","39.436535562","192.168.1.55","192.168.1.2","TCP","1514","8004  >  37096 [ACK] Seq=433142 Ack=144 Win=65024 Len=1448 TSval=2916043517 TSecr=3045563288 [TCP segment of a reassembled PDU]"
"75305","39.436538562","192.168.1.55","192.168.1.2","TCP","1514","8004  >  37096 [ACK] Seq=434590 Ack=144 Win=65024 Len=1448 TSval=2916043517 TSecr=3045563288 [TCP segment of a reassembled PDU]"
"75306","39.436540062","192.168.1.55","192.168.1.2","TCP","154","[TCP Window Full] 8004  >  37096 [PSH, ACK] Seq=436038 Ack=144 Win=65024 Len=88 TSval=2916043517 TSecr=3045563288 [TCP segment of a reassembled PDU]"
"75307","39.436759155","192.168.1.2","192.168.1.55","TCP","66","37096  >  8004 [ACK] Seq=144 Ack=386806 Win=57344 Len=0 TSval=3045563288 TSecr=2916043507"
"75308","39.436768563","192.168.1.2","192.168.1.55","TCP","66","37096  >  8004 [ACK] Seq=144 Ack=417214 Win=68608 Len=0 TSval=3045563291 TSecr=2916043510"
"75309","39.436799581","192.168.1.55","192.168.1.2","TCP","1514","8004  >  37096 [ACK] Seq=436126 Ack=144 Win=65024 Len=1448 TSval=2916043517 TSecr=3045563291 [TCP segment of a reassembled PDU]"
"75310","39.436802063","192.168.1.55","192.168.1.2","TCP","1514","8004  >  37096 [ACK] Seq=437574 Ack=144 Win=65024 Len=1448 TSval=2916043517 TSecr=3045563291 [TCP segment of a reassembled PDU]"
"75311","39.436803674","192.168.1.55","192.168.1.2","TCP","1514","8004  >  37096 [ACK] Seq=439022 Ack=144 Win=65024 Len=1448 TSval=2916043517 TSecr=3045563291 [TCP segment of a reassembled PDU]"
"75312","39.436805174","192.168.1.55","192.168.1.2","TCP","1514","8004  >  37096 [ACK] Seq=440470 Ack=144 Win=65024 Len=1448 TSval=2916043517 TSecr=3045563291 [TCP segment of a reassembled PDU]"
"75313","39.436806526","192.168.1.55","192.168.1.2","TCP","1514","8004  >  37096 [ACK] Seq=441918 Ack=144 Win=65024 Len=1448 TSval=2916043517 TSecr=3045563291 [TCP segment of a reassembled PDU]"
"75314","39.436808007","192.168.1.55","192.168.1.2","TCP","1514","8004  >  37096 [ACK] Seq=443366 Ack=144 Win=65024 Len=1448 TSval=2916043517 TSecr=3045563291 [TCP segment of a reassembled PDU]"
"75315","39.436809470","192.168.1.55","192.168.1.2","TCP","1514","8004  >  37096 [ACK] Seq=444814 Ack=144 Win=65024 Len=1448 TSval=2916043517 TSecr=3045563291 [TCP segment of a reassembled PDU]"
"75316","39.436810841","192.168.1.55","192.168.1.2","TCP","1514","8004  >  37096 [ACK] Seq=446262 Ack=144 Win=65024 Len=1448 TSval=2916043517 TSecr=3045563291 [TCP segment of a reassembled PDU]"
"75317","39.436812341","192.168.1.55","192.168.1.2","TCP","1514","8004  >  37096 [ACK] Seq=447710 Ack=144 Win=65024 Len=1448 TSval=2916043517 TSecr=3045563291 [TCP segment of a reassembled PDU]"
"75318","39.436813822","192.168.1.55","192.168.1.2","TCP","1514","8004  >  37096 [ACK] Seq=449158 Ack=144 Win=65024 Len=1448 TSval=2916043517 TSecr=3045563291 [TCP segment of a reassembled PDU]"
"75319","39.436815674","192.168.1.55","192.168.1.2","TCP","1514","8004  >  37096 [ACK] Seq=450606 Ack=144 Win=65024 Len=1448 TSval=2916043517 TSecr=3045563291 [TCP segment of a reassembled PDU]"
"75320","39.436817174","192.168.1.55","192.168.1.2","TCP","1514","8004  >  37096 [ACK] Seq=452054 Ack=144 Win=65024 Len=1448 TSval=2916043517 TSecr=3045563291 [TCP segment of a reassembled PDU]"
"75321","39.436818544","192.168.1.55","192.168.1.2","TCP","1514","8004  >  37096 [ACK] Seq=453502 Ack=144 Win=65024 Len=1448 TSval=2916043517 TSecr=3045563291 [TCP segment of a reassembled PDU]"
"75322","39.436820026","192.168.1.55","192.168.1.2","TCP","1514","8004  >  37096 [ACK] Seq=454950 Ack=144 Win=65024 Len=1448 TSval=2916043517 TSecr=3045563291 [TCP segment of a reassembled PDU]"
"75323","39.436821563","192.168.1.55","192.168.1.2","TCP","1514","8004  >  37096 [ACK] Seq=456398 Ack=144 Win=65024 Len=1448 TSval=2916043517 TSecr=3045563291 [TCP segment of a reassembled PDU]"
"75324","39.436823044","192.168.1.55","192.168.1.2","TCP","1514","8004  >  37096 [ACK] Seq=457846 Ack=144 Win=65024 Len=1448 TSval=2916043517 TSecr=3045563291 [TCP segment of a reassembled PDU]"
"75325","39.436824563","192.168.1.55","192.168.1.2","TCP","1514","8004  >  37096 [ACK] Seq=459294 Ack=144 Win=65024 Len=1448 TSval=2916043517 TSecr=3045563291 [TCP segment of a reassembled PDU]"
"75326","39.436825952","192.168.1.55","192.168.1.2","TCP","1514","8004  >  37096 [ACK] Seq=460742 Ack=144 Win=65024 Len=1448 TSval=2916043517 TSecr=3045563291 [TCP segment of a reassembled PDU]"
"75327","39.436827396","192.168.1.55","192.168.1.2","TCP","1514","8004  >  37096 [ACK] Seq=462190 Ack=144 Win=65024 Len=1448 TSval=2916043517 TSecr=3045563291 [TCP segment of a reassembled PDU]"
"75328","39.436828933","192.168.1.55","192.168.1.2","TCP","1514","8004  >  37096 [ACK] Seq=463638 Ack=144 Win=65024 Len=1448 TSval=2916043517 TSecr=3045563291 [TCP segment of a reassembled PDU]"
"75329","39.436830637","192.168.1.55","192.168.1.2","TCP","1514","8004  >  37096 [ACK] Seq=465086 Ack=144 Win=65024 Len=1448 TSval=2916043517 TSecr=3045563291 [TCP segment of a reassembled PDU]"
"75330","39.436832081","192.168.1.55","192.168.1.2","TCP","1514","8004  >  37096 [ACK] Seq=466534 Ack=144 Win=65024 Len=1448 TSval=2916043517 TSecr=3045563291 [TCP segment of a reassembled PDU]"
"75331","39.436833470","192.168.1.55","192.168.1.2","TCP","1514","8004  >  37096 [ACK] Seq=467982 Ack=144 Win=65024 Len=1448 TSval=2916043517 TSecr=3045563291 [TCP segment of a reassembled PDU]"
"75332","39.436835044","192.168.1.55","192.168.1.2","TCP","1514","8004  >  37096 [ACK] Seq=469430 Ack=144 Win=65024 Len=1448 TSval=2916043517 TSecr=3045563291 [TCP segment of a reassembled PDU]"
"75333","39.436836600","192.168.1.55","192.168.1.2","TCP","1514","8004  >  37096 [ACK] Seq=470878 Ack=144 Win=65024 Len=1448 TSval=2916043517 TSecr=3045563291 [TCP segment of a reassembled PDU]"
"75334","39.436838100","192.168.1.55","192.168.1.2","TCP","1514","8004  >  37096 [ACK] Seq=472326 Ack=144 Win=65024 Len=1448 TSval=2916043517 TSecr=3045563291 [TCP segment of a reassembled PDU]"
"75335","39.436839637","192.168.1.55","192.168.1.2","TCP","1514","8004  >  37096 [PSH, ACK] Seq=473774 Ack=144 Win=65024 Len=1448 TSval=2916043517 TSecr=3045563291 [TCP segment of a reassembled PDU]"
"75336","39.436844748","192.168.1.55","192.168.1.2","TCP","1426","8004  >  37096 [ACK] Seq=475222 Ack=144 Win=65024 Len=1360 TSval=2916043517 TSecr=3045563291 [TCP segment of a reassembled PDU]"
"75337","39.436849026","192.168.1.2","192.168.1.55","TCP","66","37096  >  8004 [ACK] Seq=144 Ack=424454 Win=91136 Len=0 TSval=3045563292 TSecr=2916043510"
"75338","39.436879044","192.168.1.55","192.168.1.2","TCP","1514","8004  >  37096 [ACK] Seq=476582 Ack=144 Win=65024 Len=1448 TSval=2916043517 TSecr=3045563292 [TCP segment of a reassembled PDU]"
"75339","39.436881119","192.168.1.55","192.168.1.2","TCP","1514","8004  >  37096 [ACK] Seq=478030 Ack=144 Win=65024 Len=1448 TSval=2916043517 TSecr=3045563292 [TCP segment of a reassembled PDU]"
"75340","39.436883026","192.168.1.55","192.168.1.2","TCP","1514","8004  >  37096 [ACK] Seq=479478 Ack=144 Win=65024 Len=1448 TSval=2916043517 TSecr=3045563292 [TCP segment of a reassembled PDU]"
"75341","39.436884415","192.168.1.55","192.168.1.2","TCP","1514","8004  >  37096 [ACK] Seq=480926 Ack=144 Win=65024 Len=1448 TSval=2916043517 TSecr=3045563292 [TCP segment of a reassembled PDU]"
"75342","39.436885896","192.168.1.55","192.168.1.2","TCP","1514","8004  >  37096 [ACK] Seq=482374 Ack=144 Win=65024 Len=1448 TSval=2916043517 TSecr=3045563292 [TCP segment of a reassembled PDU]"
"75343","39.436887489","192.168.1.55","192.168.1.2","TCP","1514","8004  >  37096 [ACK] Seq=483822 Ack=144 Win=65024 Len=1448 TSval=2916043517 TSecr=3045563292 [TCP segment of a reassembled PDU]"
"75344","39.436888933","192.168.1.55","192.168.1.2","TCP","1514","8004  >  37096 [ACK] Seq=485270 Ack=144 Win=65024 Len=1448 TSval=2916043517 TSecr=3045563292 [TCP segment of a reassembled PDU]"
"75345","39.436890322","192.168.1.55","192.168.1.2","TCP","1514","8004  >  37096 [ACK] Seq=486718 Ack=144 Win=65024 Len=1448 TSval=2916043517 TSecr=3045563292 [TCP segment of a reassembled PDU]"
"75346","39.436891933","192.168.1.55","192.168.1.2","TCP","1514","8004  >  37096 [ACK] Seq=488166 Ack=144 Win=65024 Len=1448 TSval=2916043517 TSecr=3045563292 [TCP segment of a reassembled PDU]"
"75347","39.436893452","192.168.1.55","192.168.1.2","TCP","1514","8004  >  37096 [ACK] Seq=489614 Ack=144 Win=65024 Len=1448 TSval=2916043517 TSecr=3045563292 [TCP segment of a reassembled PDU]"
"75348","39.436894896","192.168.1.55","192.168.1.2","TCP","1514","8004  >  37096 [ACK] Seq=491062 Ack=144 Win=65024 Len=1448 TSval=2916043517 TSecr=3045563292 [TCP segment of a reassembled PDU]"
"75349","39.436896526","192.168.1.55","192.168.1.2","TCP","1514","8004  >  37096 [ACK] Seq=492510 Ack=144 Win=65024 Len=1448 TSval=2916043517 TSecr=3045563292 [TCP segment of a reassembled PDU]"
"75350","39.436897989","192.168.1.55","192.168.1.2","TCP","1514","8004  >  37096 [ACK] Seq=493958 Ack=144 Win=65024 Len=1448 TSval=2916043517 TSecr=3045563292 [TCP segment of a reassembled PDU]"
"75351","39.436899470","192.168.1.55","192.168.1.2","TCP","1514","8004  >  37096 [ACK] Seq=495406 Ack=144 Win=65024 Len=1448 TSval=2916043517 TSecr=3045563292 [TCP segment of a reassembled PDU]"
"75352","39.436900952","192.168.1.55","192.168.1.2","TCP","1514","8004  >  37096 [PSH, ACK] Seq=496854 Ack=144 Win=65024 Len=1448 TSval=2916043517 TSecr=3045563292 [TCP segment of a reassembled PDU]"
"75353","39.436906100","192.168.1.55","192.168.1.2","HTTP","222","HTTP/1.0 200 OK  (PNG)"
"75354","39.443022406","192.168.1.2","192.168.1.55","TCP","66","37096  >  8004 [ACK] Seq=144 Ack=430246 Win=92160 Len=0 TSval=3045563297 TSecr=2916043510"
"75355","39.443205814","192.168.1.2","192.168.1.55","TCP","66","37096  >  8004 [ACK] Seq=144 Ack=436126 Win=94208 Len=0 TSval=3045563297 TSecr=2916043510"
"75356","39.443214184","192.168.1.2","192.168.1.55","TCP","66","37096  >  8004 [ACK] Seq=144 Ack=475222 Win=112640 Len=0 TSval=3045563297 TSecr=2916043517"
"75357","39.443221036","192.168.1.2","192.168.1.55","TCP","66","37096  >  8004 [ACK] Seq=144 Ack=476582 Win=114688 Len=0 TSval=3045563297 TSecr=2916043517"
"75358","39.443226388","192.168.1.2","192.168.1.55","TCP","66","37096  >  8004 [ACK] Seq=144 Ack=495406 Win=130048 Len=0 TSval=3045563297 TSecr=2916043517"
"75359","39.443286703","192.168.1.2","192.168.1.55","TCP","66","37096  >  8004 [ACK] Seq=144 Ack=496854 Win=133120 Len=0 TSval=3045563298 TSecr=2916043517"
"75360","39.443300314","192.168.1.2","192.168.1.55","TCP","66","37096  >  8004 [ACK] Seq=144 Ack=498302 Win=136192 Len=0 TSval=3045563298 TSecr=2916043517"
"75361","39.445126484","192.168.1.2","192.168.1.55","TCP","66","37096  >  8004 [FIN, ACK] Seq=144 Ack=498459 Win=139264 Len=0 TSval=3045563300 TSecr=2916043517"
"75362","39.445140188","192.168.1.55","192.168.1.2","TCP","66","8004  >  37096 [ACK] Seq=498459 Ack=145 Win=65024 Len=0 TSval=2916043525 TSecr=3045563300"
"75363","39.445255077","192.168.1.2","192.168.1.55","TCP","74","37100  >  8004 [SYN] Seq=0 Win=64240 Len=0 MSS=1460 SACK_PERM TSval=3045563300 TSecr=0 WS=1024"
"75364","39.445281280","192.168.1.55","192.168.1.2","TCP","74","8004  >  37100 [SYN, ACK] Seq=0 Ack=1 Win=65160 Len=0 MSS=1460 SACK_PERM TSval=2916043525 TSecr=3045563300 WS=128"
"75365","39.448530897","192.168.1.2","192.168.1.55","TCP","66","37100  >  8004 [ACK] Seq=1 Ack=1 Win=64512 Len=0 TSval=3045563303 TSecr=2916043525"
"75366","39.451732883","192.168.1.2","192.168.1.55","HTTP","206","GET /stego_benchmark.png HTTP/1.1 "
"75367","39.451743569","192.168.1.55","192.168.1.2","TCP","66","8004  >  37100 [ACK] Seq=1 Ack=141 Win=65024 Len=0 TSval=2916043532 TSecr=3045563303"
"75368","39.452231995","192.168.1.55","192.168.1.2","TCP","255","8004  >  37100 [PSH, ACK] Seq=1 Ack=141 Win=65024 Len=189 TSval=2916043532 TSecr=3045563303 [TCP segment of a reassembled PDU]"
"75369","39.452333940","192.168.1.55","192.168.1.2","TCP","1514","8004  >  37100 [ACK] Seq=190 Ack=141 Win=65024 Len=1448 TSval=2916043533 TSecr=3045563303 [TCP segment of a reassembled PDU]"
"75370","39.452338903","192.168.1.55","192.168.1.2","TCP","1514","8004  >  37100 [ACK] Seq=1638 Ack=141 Win=65024 Len=1448 TSval=2916043533 TSecr=3045563303 [TCP segment of a reassembled PDU]"
"75371","39.452340477","192.168.1.55","192.168.1.2","TCP","1514","8004  >  37100 [ACK] Seq=3086 Ack=141 Win=65024 Len=1448 TSval=2916043533 TSecr=3045563303 [TCP segment of a reassembled PDU]"
"75372","39.452341866","192.168.1.55","192.168.1.2","TCP","1514","8004  >  37100 [ACK] Seq=4534 Ack=141 Win=65024 Len=1448 TSval=2916043533 TSecr=3045563303 [TCP segment of a reassembled PDU]"
"75373","39.452343736","192.168.1.55","192.168.1.2","TCP","1514","8004  >  37100 [PSH, ACK] Seq=5982 Ack=141 Win=65024 Len=1448 TSval=2916043533 TSecr=3045563303 [TCP segment of a reassembled PDU]"
"75374","39.452360773","192.168.1.55","192.168.1.2","TCP","1514","8004  >  37100 [ACK] Seq=7430 Ack=141 Win=65024 Len=1448 TSval=2916043533 TSecr=3045563303 [TCP segment of a reassembled PDU]"
"75375","39.452362551","192.168.1.55","192.168.1.2","TCP","1514","8004  >  37100 [ACK] Seq=8878 Ack=141 Win=65024 Len=1448 TSval=2916043533 TSecr=3045563303 [TCP segment of a reassembled PDU]"
"75376","39.452364014","192.168.1.55","192.168.1.2","TCP","1514","8004  >  37100 [ACK] Seq=10326 Ack=141 Win=65024 Len=1448 TSval=2916043533 TSecr=3045563303 [TCP segment of a reassembled PDU]"
"75377","39.452365384","192.168.1.55","192.168.1.2","TCP","1514","8004  >  37100 [PSH, ACK] Seq=11774 Ack=141 Win=65024 Len=1448 TSval=2916043533 TSecr=3045563303 [TCP segment of a reassembled PDU]"
"75378","39.458418820","192.168.1.2","192.168.1.55","TCP","66","37100  >  8004 [ACK] Seq=141 Ack=190 Win=64512 Len=0 TSval=3045563312 TSecr=2916043532"
"75379","39.458478024","192.168.1.55","192.168.1.2","TCP","1514","8004  >  37100 [ACK] Seq=13222 Ack=141 Win=65024 Len=1448 TSval=2916043539 TSecr=3045563312 [TCP segment of a reassembled PDU]"
"75380","39.458484413","192.168.1.55","192.168.1.2","TCP","1514","8004  >  37100 [PSH, ACK] Seq=14670 Ack=141 Win=65024 Len=1448 TSval=2916043539 TSecr=3045563312 [TCP segment of a reassembled PDU]"
"75381","39.458520024","192.168.1.2","192.168.1.55","TCP","66","37100  >  8004 [ACK] Seq=141 Ack=13222 Win=64512 Len=0 TSval=3045563312 TSecr=2916043533"
"75382","39.458551746","192.168.1.55","192.168.1.2","TCP","1514","8004  >  37100 [ACK] Seq=16118 Ack=141 Win=65024 Len=1448 TSval=2916043539 TSecr=3045563312 [TCP segment of a reassembled PDU]"
"75383","39.458554987","192.168.1.55","192.168.1.2","TCP","1514","8004  >  37100 [ACK] Seq=17566 Ack=141 Win=65024 Len=1448 TSval=2916043539 TSecr=3045563312 [TCP segment of a reassembled PDU]"
"75384","39.458556635","192.168.1.55","192.168.1.2","TCP","1514","8004  >  37100 [ACK] Seq=19014 Ack=141 Win=65024 Len=1448 TSval=2916043539 TSecr=3045563312 [TCP segment of a reassembled PDU]"
"75385","39.458558043","192.168.1.55","192.168.1.2","TCP","1514","8004  >  37100 [ACK] Seq=20462 Ack=141 Win=65024 Len=1448 TSval=2916043539 TSecr=3045563312 [TCP segment of a reassembled PDU]"
"75386","39.458567876","192.168.1.55","192.168.1.2","TCP","1514","8004  >  37100 [ACK] Seq=21910 Ack=141 Win=65024 Len=1448 TSval=2916043539 TSecr=3045563312 [TCP segment of a reassembled PDU]"
"75387","39.458569932","192.168.1.55","192.168.1.2","TCP","1514","8004  >  37100 [ACK] Seq=23358 Ack=141 Win=65024 Len=1448 TSval=2916043539 TSecr=3045563312 [TCP segment of a reassembled PDU]"
"75388","39.458571765","192.168.1.55","192.168.1.2","TCP","1514","8004  >  37100 [ACK] Seq=24806 Ack=141 Win=65024 Len=1448 TSval=2916043539 TSecr=3045563312 [TCP segment of a reassembled PDU]"
"75389","39.458573339","192.168.1.55","192.168.1.2","TCP","1514","8004  >  37100 [ACK] Seq=26254 Ack=141 Win=65024 Len=1448 TSval=2916043539 TSecr=3045563312 [TCP segment of a reassembled PDU]"
"75390","39.458574709","192.168.1.55","192.168.1.2","TCP","1514","8004  >  37100 [ACK] Seq=27702 Ack=141 Win=65024 Len=1448 TSval=2916043539 TSecr=3045563312 [TCP segment of a reassembled PDU]"
"75391","39.458576191","192.168.1.55","192.168.1.2","TCP","1514","8004  >  37100 [PSH, ACK] Seq=29150 Ack=141 Win=65024 Len=1448 TSval=2916043539 TSecr=3045563312 [TCP segment of a reassembled PDU]"
"75392","39.458602821","192.168.1.55","192.168.1.2","TCP","1514","8004  >  37100 [ACK] Seq=30598 Ack=141 Win=65024 Len=1448 TSval=2916043539 TSecr=3045563312 [TCP segment of a reassembled PDU]"
"75393","39.458605191","192.168.1.55","192.168.1.2","TCP","1514","8004  >  37100 [ACK] Seq=32046 Ack=141 Win=65024 Len=1448 TSval=2916043539 TSecr=3045563312 [TCP segment of a reassembled PDU]"
"75394","39.458606821","192.168.1.55","192.168.1.2","TCP","1514","8004  >  37100 [ACK] Seq=33494 Ack=141 Win=65024 Len=1448 TSval=2916043539 TSecr=3045563312 [TCP segment of a reassembled PDU]"
"75395","39.458608691","192.168.1.55","192.168.1.2","TCP","1514","8004  >  37100 [ACK] Seq=34942 Ack=141 Win=65024 Len=1448 TSval=2916043539 TSecr=3045563312 [TCP segment of a reassembled PDU]"
"75396","39.458610635","192.168.1.55","192.168.1.2","TCP","1514","8004  >  37100 [ACK] Seq=36390 Ack=141 Win=65024 Len=1448 TSval=2916043539 TSecr=3045563312 [TCP segment of a reassembled PDU]"
"75397","39.458612469","192.168.1.55","192.168.1.2","TCP","1514","8004  >  37100 [ACK] Seq=37838 Ack=141 Win=65024 Len=1448 TSval=2916043539 TSecr=3045563312 [TCP segment of a reassembled PDU]"
"75398","39.458614135","192.168.1.55","192.168.1.2","TCP","1514","8004  >  37100 [ACK] Seq=39286 Ack=141 Win=65024 Len=1448 TSval=2916043539 TSecr=3045563312 [TCP segment of a reassembled PDU]"
"75399","39.458615746","192.168.1.55","192.168.1.2","TCP","1514","8004  >  37100 [PSH, ACK] Seq=40734 Ack=141 Win=65024 Len=1448 TSval=2916043539 TSecr=3045563312 [TCP segment of a reassembled PDU]"
"75400","39.462938439","192.168.1.2","192.168.1.55","TCP","66","37100  >  8004 [ACK] Seq=141 Ack=16118 Win=70656 Len=0 TSval=3045563317 TSecr=2916043539"
"75401","39.463028439","192.168.1.55","192.168.1.2","TCP","1514","8004  >  37100 [ACK] Seq=42182 Ack=141 Win=65024 Len=1448 TSval=2916043543 TSecr=3045563317 [TCP segment of a reassembled PDU]"
"75402","39.463036402","192.168.1.55","192.168.1.2","TCP","1514","8004  >  37100 [PSH, ACK] Seq=43630 Ack=141 Win=65024 Len=1448 TSval=2916043543 TSecr=3045563317 [TCP segment of a reassembled PDU]"
"75403","39.463113180","192.168.1.2","192.168.1.55","TCP","66","37100  >  8004 [ACK] Seq=141 Ack=30598 Win=70656 Len=0 TSval=3045563317 TSecr=2916043539"
"75404","39.463159309","192.168.1.55","192.168.1.2","TCP","1514","8004  >  37100 [ACK] Seq=45078 Ack=141 Win=65024 Len=1448 TSval=2916043543 TSecr=3045563317 [TCP segment of a reassembled PDU]"
"75405","39.463162809","192.168.1.55","192.168.1.2","TCP","1514","8004  >  37100 [ACK] Seq=46526 Ack=141 Win=65024 Len=1448 TSval=2916043543 TSecr=3045563317 [TCP segment of a reassembled PDU]"
"75406","39.463164698","192.168.1.55","192.168.1.2","TCP","1514","8004  >  37100 [ACK] Seq=47974 Ack=141 Win=65024 Len=1448 TSval=2916043543 TSecr=3045563317 [TCP segment of a reassembled PDU]"
"75407","39.463166421","192.168.1.55","192.168.1.2","TCP","1514","8004  >  37100 [ACK] Seq=49422 Ack=141 Win=65024 Len=1448 TSval=2916043543 TSecr=3045563317 [TCP segment of a reassembled PDU]"
"75408","39.463167791","192.168.1.55","192.168.1.2","TCP","1514","8004  >  37100 [ACK] Seq=50870 Ack=141 Win=65024 Len=1448 TSval=2916043543 TSecr=3045563317 [TCP segment of a reassembled PDU]"
"75409","39.463169180","192.168.1.55","192.168.1.2","TCP","1514","8004  >  37100 [ACK] Seq=52318 Ack=141 Win=65024 Len=1448 TSval=2916043543 TSecr=3045563317 [TCP segment of a reassembled PDU]"
"75410","39.463171161","192.168.1.55","192.168.1.2","TCP","1514","8004  >  37100 [ACK] Seq=53766 Ack=141 Win=65024 Len=1448 TSval=2916043543 TSecr=3045563317 [TCP segment of a reassembled PDU]"
"75411","39.463172513","192.168.1.55","192.168.1.2","TCP","1514","8004  >  37100 [ACK] Seq=55214 Ack=141 Win=65024 Len=1448 TSval=2916043543 TSecr=3045563317 [TCP segment of a reassembled PDU]"
"75412","39.463173958","192.168.1.55","192.168.1.2","TCP","1514","8004  >  37100 [ACK] Seq=56662 Ack=141 Win=65024 Len=1448 TSval=2916043543 TSecr=3045563317 [TCP segment of a reassembled PDU]"
"75413","39.463175772","192.168.1.55","192.168.1.2","TCP","1514","8004  >  37100 [ACK] Seq=58110 Ack=141 Win=65024 Len=1448 TSval=2916043543 TSecr=3045563317 [TCP segment of a reassembled PDU]"
"75414","39.463177532","192.168.1.55","192.168.1.2","TCP","1514","8004  >  37100 [ACK] Seq=59558 Ack=141 Win=65024 Len=1448 TSval=2916043543 TSecr=3045563317 [TCP segment of a reassembled PDU]"
"75415","39.463179439","192.168.1.55","192.168.1.2","TCP","1514","8004  >  37100 [ACK] Seq=61006 Ack=141 Win=65024 Len=1448 TSval=2916043543 TSecr=3045563317 [TCP segment of a reassembled PDU]"
"75416","39.463180828","192.168.1.55","192.168.1.2","TCP","1514","8004  >  37100 [ACK] Seq=62454 Ack=141 Win=65024 Len=1448 TSval=2916043543 TSecr=3045563317 [TCP segment of a reassembled PDU]"
"75417","39.463182309","192.168.1.55","192.168.1.2","TCP","1514","8004  >  37100 [ACK] Seq=63902 Ack=141 Win=65024 Len=1448 TSval=2916043543 TSecr=3045563317 [TCP segment of a reassembled PDU]"
"75418","39.463183735","192.168.1.55","192.168.1.2","TCP","1514","8004  >  37100 [ACK] Seq=65350 Ack=141 Win=65024 Len=1448 TSval=2916043543 TSecr=3045563317 [TCP segment of a reassembled PDU]"
"75419","39.463185161","192.168.1.55","192.168.1.2","TCP","1514","8004  >  37100 [PSH, ACK] Seq=66798 Ack=141 Win=65024 Len=1448 TSval=2916043543 TSecr=3045563317 [TCP segment of a reassembled PDU]"
"75420","39.463207272","192.168.1.55","192.168.1.2","TCP","1514","8004  >  37100 [ACK] Seq=68246 Ack=141 Win=65024 Len=1448 TSval=2916043543 TSecr=3045563317 [TCP segment of a reassembled PDU]"
"75421","39.463209254","192.168.1.55","192.168.1.2","TCP","1514","8004  >  37100 [ACK] Seq=69694 Ack=141 Win=65024 Len=1448 TSval=2916043543 TSecr=3045563317 [TCP segment of a reassembled PDU]"
"75422","39.463210606","192.168.1.55","192.168.1.2","TCP","1514","8004  >  37100 [ACK] Seq=71142 Ack=141 Win=65024 Len=1448 TSval=2916043543 TSecr=3045563317 [TCP segment of a reassembled PDU]"
"75423","39.463212087","192.168.1.55","192.168.1.2","TCP","1514","8004  >  37100 [ACK] Seq=72590 Ack=141 Win=65024 Len=1448 TSval=2916043543 TSecr=3045563317 [TCP segment of a reassembled PDU]"
"75424","39.463213624","192.168.1.55","192.168.1.2","TCP","1514","8004  >  37100 [ACK] Seq=74038 Ack=141 Win=65024 Len=1448 TSval=2916043543 TSecr=3045563317 [TCP segment of a reassembled PDU]"
"75425","39.463217754","192.168.1.55","192.168.1.2","TCP","1514","8004  >  37100 [PSH, ACK] Seq=75486 Ack=141 Win=65024 Len=1448 TSval=2916043543 TSecr=3045563317 [TCP segment of a reassembled PDU]"
"75426","39.463226810","192.168.1.2","192.168.1.55","TCP","66","37100  >  8004 [ACK] Seq=141 Ack=36390 Win=69632 Len=0 TSval=3045563317 TSecr=2916043539"
"75427","39.463236050","192.168.1.2","192.168.1.55","TCP","66","37100  >  8004 [ACK] Seq=141 Ack=39286 Win=76800 Len=0 TSval=3045563318 TSecr=2916043539"
"75428","39.463240087","192.168.1.2","192.168.1.55","TCP","66","37100  >  8004 [ACK] Seq=141 Ack=42182 Win=81920 Len=0 TSval=3045563318 TSecr=2916043539"
"75429","39.463388865","192.168.1.55","192.168.1.2","TCP","1514","8004  >  37100 [ACK] Seq=76934 Ack=141 Win=65024 Len=1448 TSval=2916043544 TSecr=3045563318 [TCP segment of a reassembled PDU]"
"75430","39.463396254","192.168.1.55","192.168.1.2","TCP","1514","8004  >  37100 [ACK] Seq=78382 Ack=141 Win=65024 Len=1448 TSval=2916043544 TSecr=3045563318 [TCP segment of a reassembled PDU]"
"75431","39.463398014","192.168.1.55","192.168.1.2","TCP","1514","8004  >  37100 [ACK] Seq=79830 Ack=141 Win=65024 Len=1448 TSval=2916043544 TSecr=3045563318 [TCP segment of a reassembled PDU]"
"75432","39.463399439","192.168.1.55","192.168.1.2","TCP","1514","8004  >  37100 [ACK] Seq=81278 Ack=141 Win=65024 Len=1448 TSval=2916043544 TSecr=3045563318 [TCP segment of a reassembled PDU]"
"75433","39.463400865","192.168.1.55","192.168.1.2","TCP","1514","8004  >  37100 [ACK] Seq=82726 Ack=141 Win=65024 Len=1448 TSval=2916043544 TSecr=3045563318 [TCP segment of a reassembled PDU]"
"75434","39.463402958","192.168.1.55","192.168.1.2","TCP","1514","8004  >  37100 [ACK] Seq=84174 Ack=141 Win=65024 Len=1448 TSval=2916043544 TSecr=3045563318 [TCP segment of a reassembled PDU]"
"75435","39.463404476","192.168.1.55","192.168.1.2","TCP","1514","8004  >  37100 [ACK] Seq=85622 Ack=141 Win=65024 Len=1448 TSval=2916043544 TSecr=3045563318 [TCP segment of a reassembled PDU]"
"75436","39.463406088","192.168.1.55","192.168.1.2","TCP","1514","8004  >  37100 [ACK] Seq=87070 Ack=141 Win=65024 Len=1448 TSval=2916043544 TSecr=3045563318 [TCP segment of a reassembled PDU]"
"75437","39.463407477","192.168.1.55","192.168.1.2","TCP","1514","8004  >  37100 [ACK] Seq=88518 Ack=141 Win=65024 Len=1448 TSval=2916043544 TSecr=3045563318 [TCP segment of a reassembled PDU]"
"75438","39.463408810","192.168.1.55","192.168.1.2","TCP","1514","8004  >  37100 [ACK] Seq=89966 Ack=141 Win=65024 Len=1448 TSval=2916043544 TSecr=3045563318 [TCP segment of a reassembled PDU]"
"75439","39.463410125","192.168.1.55","192.168.1.2","TCP","1514","8004  >  37100 [ACK] Seq=91414 Ack=141 Win=65024 Len=1448 TSval=2916043544 TSecr=3045563318 [TCP segment of a reassembled PDU]"
"75440","39.463411551","192.168.1.55","192.168.1.2","TCP","1514","8004  >  37100 [ACK] Seq=92862 Ack=141 Win=65024 Len=1448 TSval=2916043544 TSecr=3045563318 [TCP segment of a reassembled PDU]"
"75441","39.463412995","192.168.1.55","192.168.1.2","TCP","1514","8004  >  37100 [ACK] Seq=94310 Ack=141 Win=65024 Len=1448 TSval=2916043544 TSecr=3045563318 [TCP segment of a reassembled PDU]"
"75442","39.463414643","192.168.1.55","192.168.1.2","TCP","1514","8004  >  37100 [ACK] Seq=95758 Ack=141 Win=65024 Len=1448 TSval=2916043544 TSecr=3045563318 [TCP segment of a reassembled PDU]"
"75443","39.463416162","192.168.1.55","192.168.1.2","TCP","1514","8004  >  37100 [ACK] Seq=97206 Ack=141 Win=65024 Len=1448 TSval=2916043544 TSecr=3045563318 [TCP segment of a reassembled PDU]"
"75444","39.463418069","192.168.1.55","192.168.1.2","TCP","1514","8004  >  37100 [PSH, ACK] Seq=98654 Ack=141 Win=65024 Len=1448 TSval=2916043544 TSecr=3045563318 [TCP segment of a reassembled PDU]"
"75445","39.468392559","192.168.1.2","192.168.1.55","TCP","66","37100  >  8004 [ACK] Seq=141 Ack=45078 Win=82944 Len=0 TSval=3045563322 TSecr=2916043543"
"75446","39.468423244","192.168.1.55","192.168.1.2","TCP","1514","8004  >  37100 [ACK] Seq=100102 Ack=141 Win=65024 Len=1448 TSval=2916043549 TSecr=3045563322 [TCP segment of a reassembled PDU]"
"75447","39.468426818","192.168.1.55","192.168.1.2","TCP","1514","8004  >  37100 [ACK] Seq=101550 Ack=141 Win=65024 Len=1448 TSval=2916043549 TSecr=3045563322 [TCP segment of a reassembled PDU]"
"75448","39.468428540","192.168.1.55","192.168.1.2","TCP","1514","8004  >  37100 [ACK] Seq=102998 Ack=141 Win=65024 Len=1448 TSval=2916043549 TSecr=3045563322 [TCP segment of a reassembled PDU]"
"75449","39.468430059","192.168.1.55","192.168.1.2","TCP","1514","8004  >  37100 [PSH, ACK] Seq=104446 Ack=141 Win=65024 Len=1448 TSval=2916043549 TSecr=3045563322 [TCP segment of a reassembled PDU]"
"75450","39.468707855","192.168.1.2","192.168.1.55","TCP","66","37100  >  8004 [ACK] Seq=141 Ack=68246 Win=66560 Len=0 TSval=3045563322 TSecr=2916043543"
"75451","39.468719726","192.168.1.55","192.168.1.2","TCP","1514","8004  >  37100 [ACK] Seq=105894 Ack=141 Win=65024 Len=1448 TSval=2916043549 TSecr=3045563322 [TCP segment of a reassembled PDU]"
"75452","39.468721874","192.168.1.55","192.168.1.2","TCP","1514","8004  >  37100 [PSH, ACK] Seq=107342 Ack=141 Win=65024 Len=1448 TSval=2916043549 TSecr=3045563322 [TCP segment of a reassembled PDU]"
"75453","39.468745133","192.168.1.55","192.168.1.2","TCP","1514","8004  >  37100 [ACK] Seq=108790 Ack=141 Win=65024 Len=1448 TSval=2916043549 TSecr=3045563322 [TCP segment of a reassembled PDU]"
"75454","39.468746726","192.168.1.55","192.168.1.2","TCP","1514","8004  >  37100 [ACK] Seq=110238 Ack=141 Win=65024 Len=1448 TSval=2916043549 TSecr=3045563322 [TCP segment of a reassembled PDU]"
"75455","39.468747781","192.168.1.55","192.168.1.2","TCP","1514","8004  >  37100 [ACK] Seq=111686 Ack=141 Win=65024 Len=1448 TSval=2916043549 TSecr=3045563322 [TCP segment of a reassembled PDU]"
"75456","39.468749004","192.168.1.55","192.168.1.2","TCP","1514","8004  >  37100 [ACK] Seq=113134 Ack=141 Win=65024 Len=1448 TSval=2916043549 TSecr=3045563322 [TCP segment of a reassembled PDU]"
"75457","39.468750226","192.168.1.55","192.168.1.2","TCP","1514","8004  >  37100 [ACK] Seq=114582 Ack=141 Win=65024 Len=1448 TSval=2916043549 TSecr=3045563322 [TCP segment of a reassembled PDU]"
"75458","39.468751393","192.168.1.55","192.168.1.2","TCP","1514","8004  >  37100 [ACK] Seq=116030 Ack=141 Win=65024 Len=1448 TSval=2916043549 TSecr=3045563322 [TCP segment of a reassembled PDU]"
"75459","39.468752522","192.168.1.55","192.168.1.2","TCP","1514","8004  >  37100 [ACK] Seq=117478 Ack=141 Win=65024 Len=1448 TSval=2916043549 TSecr=3045563322 [TCP segment of a reassembled PDU]"
"75460","39.468753689","192.168.1.55","192.168.1.2","TCP","1514","8004  >  37100 [ACK] Seq=118926 Ack=141 Win=65024 Len=1448 TSval=2916043549 TSecr=3045563322 [TCP segment of a reassembled PDU]"
"75461","39.468754948","192.168.1.55","192.168.1.2","TCP","1514","8004  >  37100 [ACK] Seq=120374 Ack=141 Win=65024 Len=1448 TSval=2916043549 TSecr=3045563322 [TCP segment of a reassembled PDU]"
"75462","39.468756115","192.168.1.55","192.168.1.2","TCP","1514","8004  >  37100 [ACK] Seq=121822 Ack=141 Win=65024 Len=1448 TSval=2916043549 TSecr=3045563322 [TCP segment of a reassembled PDU]"
"75463","39.468757282","192.168.1.55","192.168.1.2","TCP","1514","8004  >  37100 [ACK] Seq=123270 Ack=141 Win=65024 Len=1448 TSval=2916043549 TSecr=3045563322 [TCP segment of a reassembled PDU]"
"75464","39.468758467","192.168.1.55","192.168.1.2","TCP","1514","8004  >  37100 [ACK] Seq=124718 Ack=141 Win=65024 Len=1448 TSval=2916043549 TSecr=3045563322 [TCP segment of a reassembled PDU]"
"75465","39.468759615","192.168.1.55","192.168.1.2","TCP","1514","8004  >  37100 [ACK] Seq=126166 Ack=141 Win=65024 Len=1448 TSval=2916043549 TSecr=3045563322 [TCP segment of a reassembled PDU]"
"75466","39.468760782","192.168.1.55","192.168.1.2","TCP","1514","8004  >  37100 [ACK] Seq=127614 Ack=141 Win=65024 Len=1448 TSval=2916043549 TSecr=3045563322 [TCP segment of a reassembled PDU]"
"75467","39.468761893","192.168.1.55","192.168.1.2","TCP","1514","8004  >  37100 [ACK] Seq=129062 Ack=141 Win=65024 Len=1448 TSval=2916043549 TSecr=3045563322 [TCP segment of a reassembled PDU]"
"75468","39.468762985","192.168.1.55","192.168.1.2","TCP","1514","8004  >  37100 [ACK] Seq=130510 Ack=141 Win=65024 Len=1448 TSval=2916043549 TSecr=3045563322 [TCP segment of a reassembled PDU]"
"75469","39.468764115","192.168.1.55","192.168.1.2","TCP","1514","8004  >  37100 [ACK] Seq=131958 Ack=141 Win=65024 Len=1448 TSval=2916043549 TSecr=3045563322 [TCP segment of a reassembled PDU]"
"75470","39.468765207","192.168.1.55","192.168.1.2","TCP","1466","[TCP Window Full] 8004  >  37100 [PSH, ACK] Seq=133406 Ack=141 Win=65024 Len=1400 TSval=2916043549 TSecr=3045563322 [TCP segment of a reassembled PDU]"
"75471","39.468769096","192.168.1.2","192.168.1.55","TCP","66","37100  >  8004 [ACK] Seq=141 Ack=76934 Win=58368 Len=0 TSval=3045563322 TSecr=2916043543"
"75472","39.468772374","192.168.1.2","192.168.1.55","TCP","66","37100  >  8004 [ACK] Seq=141 Ack=89966 Win=47104 Len=0 TSval=3045563323 TSecr=2916043544"
"75473","39.468774930","192.168.1.2","192.168.1.55","TCP","66","37100  >  8004 [ACK] Seq=141 Ack=100102 Win=75776 Len=0 TSval=3045563323 TSecr=2916043544"
"75474","39.468797133","192.168.1.55","192.168.1.2","TCP","1514","8004  >  37100 [ACK] Seq=134806 Ack=141 Win=65024 Len=1448 TSval=2916043549 TSecr=3045563323 [TCP segment of a reassembled PDU]"
"75475","39.468800133","192.168.1.55","192.168.1.2","TCP","1514","8004  >  37100 [ACK] Seq=136254 Ack=141 Win=65024 Len=1448 TSval=2916043549 TSecr=3045563323 [TCP segment of a reassembled PDU]"
"75476","39.468801615","192.168.1.55","192.168.1.2","TCP","1514","8004  >  37100 [ACK] Seq=137702 Ack=141 Win=65024 Len=1448 TSval=2916043549 TSecr=3045563323 [TCP segment of a reassembled PDU]"
"75477","39.468802670","192.168.1.55","192.168.1.2","TCP","1514","8004  >  37100 [PSH, ACK] Seq=139150 Ack=141 Win=65024 Len=1448 TSval=2916043549 TSecr=3045563323 [TCP segment of a reassembled PDU]"
"75478","39.468809411","192.168.1.55","192.168.1.2","TCP","114","8004  >  37100 [ACK] Seq=140598 Ack=141 Win=65024 Len=48 TSval=2916043549 TSecr=3045563323 [TCP segment of a reassembled PDU]"
"75479","39.468838856","192.168.1.55","192.168.1.2","TCP","1514","8004  >  37100 [ACK] Seq=140646 Ack=141 Win=65024 Len=1448 TSval=2916043549 TSecr=3045563323 [TCP segment of a reassembled PDU]"
"75480","39.468840596","192.168.1.55","192.168.1.2","TCP","1514","8004  >  37100 [ACK] Seq=142094 Ack=141 Win=65024 Len=1448 TSval=2916043549 TSecr=3045563323 [TCP segment of a reassembled PDU]"
"75481","39.468841930","192.168.1.55","192.168.1.2","TCP","1514","8004  >  37100 [ACK] Seq=143542 Ack=141 Win=65024 Len=1448 TSval=2916043549 TSecr=3045563323 [TCP segment of a reassembled PDU]"
"75482","39.468843226","192.168.1.55","192.168.1.2","TCP","1514","8004  >  37100 [ACK] Seq=144990 Ack=141 Win=65024 Len=1448 TSval=2916043549 TSecr=3045563323 [TCP segment of a reassembled PDU]"
"75483","39.468844319","192.168.1.55","192.168.1.2","TCP","1514","8004  >  37100 [ACK] Seq=146438 Ack=141 Win=65024 Len=1448 TSval=2916043549 TSecr=3045563323 [TCP segment of a reassembled PDU]"
"75484","39.468845596","192.168.1.55","192.168.1.2","TCP","1514","8004  >  37100 [ACK] Seq=147886 Ack=141 Win=65024 Len=1448 TSval=2916043549 TSecr=3045563323 [TCP segment of a reassembled PDU]"
"75485","39.468846893","192.168.1.55","192.168.1.2","TCP","1514","8004  >  37100 [ACK] Seq=149334 Ack=141 Win=65024 Len=1448 TSval=2916043549 TSecr=3045563323 [TCP segment of a reassembled PDU]"
"75486","39.468847948","192.168.1.55","192.168.1.2","TCP","1514","8004  >  37100 [ACK] Seq=150782 Ack=141 Win=65024 Len=1448 TSval=2916043549 TSecr=3045563323 [TCP segment of a reassembled PDU]"
"75487","39.468849115","192.168.1.55","192.168.1.2","TCP","1514","8004  >  37100 [ACK] Seq=152230 Ack=141 Win=65024 Len=1448 TSval=2916043549 TSecr=3045563323 [TCP segment of a reassembled PDU]"
"75488","39.468850245","192.168.1.55","192.168.1.2","TCP","1514","8004  >  37100 [ACK] Seq=153678 Ack=141 Win=65024 Len=1448 TSval=2916043549 TSecr=3045563323 [TCP segment of a reassembled PDU]"
"75489","39.468851300","192.168.1.55","192.168.1.2","TCP","1514","8004  >  37100 [ACK] Seq=155126 Ack=141 Win=65024 Len=1448 TSval=2916043549 TSecr=3045563323 [TCP segment of a reassembled PDU]"
"75490","39.468852467","192.168.1.55","192.168.1.2","TCP","1514","8004  >  37100 [ACK] Seq=156574 Ack=141 Win=65024 Len=1448 TSval=2916043549 TSecr=3045563323 [TCP segment of a reassembled PDU]"
"75491","39.468853559","192.168.1.55","192.168.1.2","TCP","1514","8004  >  37100 [ACK] Seq=158022 Ack=141 Win=65024 Len=1448 TSval=2916043549 TSecr=3045563323 [TCP segment of a reassembled PDU]"
"75492","39.468854745","192.168.1.55","192.168.1.2","TCP","1514","8004  >  37100 [ACK] Seq=159470 Ack=141 Win=65024 Len=1448 TSval=2916043549 TSecr=3045563323 [TCP segment of a reassembled PDU]"
"75493","39.468856189","192.168.1.55","192.168.1.2","TCP","1514","8004  >  37100 [ACK] Seq=160918 Ack=141 Win=65024 Len=1448 TSval=2916043549 TSecr=3045563323 [TCP segment of a reassembled PDU]"
"75494","39.468857319","192.168.1.55","192.168.1.2","TCP","1514","8004  >  37100 [ACK] Seq=162366 Ack=141 Win=65024 Len=1448 TSval=2916043549 TSecr=3045563323 [TCP segment of a reassembled PDU]"
"75495","39.468858448","192.168.1.55","192.168.1.2","TCP","1514","8004  >  37100 [ACK] Seq=163814 Ack=141 Win=65024 Len=1448 TSval=2916043549 TSecr=3045563323 [TCP segment of a reassembled PDU]"
"75496","39.468859911","192.168.1.55","192.168.1.2","TCP","1514","8004  >  37100 [ACK] Seq=165262 Ack=141 Win=65024 Len=1448 TSval=2916043549 TSecr=3045563323 [TCP segment of a reassembled PDU]"
"75497","39.468860985","192.168.1.55","192.168.1.2","TCP","1514","8004  >  37100 [ACK] Seq=166710 Ack=141 Win=65024 Len=1448 TSval=2916043549 TSecr=3045563323 [TCP segment of a reassembled PDU]"
"75498","39.468862152","192.168.1.55","192.168.1.2","TCP","1514","8004  >  37100 [ACK] Seq=168158 Ack=141 Win=65024 Len=1448 TSval=2916043549 TSecr=3045563323 [TCP segment of a reassembled PDU]"
"75499","39.468863245","192.168.1.55","192.168.1.2","TCP","1514","8004  >  37100 [ACK] Seq=169606 Ack=141 Win=65024 Len=1448 TSval=2916043549 TSecr=3045563323 [TCP segment of a reassembled PDU]"
"75500","39.468864430","192.168.1.55","192.168.1.2","TCP","1514","8004  >  37100 [PSH, ACK] Seq=171054 Ack=141 Win=65024 Len=1448 TSval=2916043549 TSecr=3045563323 [TCP segment of a reassembled PDU]"
"75501","39.469538875","192.168.1.55","192.168.1.2","TCP","1514","8004  >  37100 [ACK] Seq=172502 Ack=141 Win=65024 Len=1448 TSval=2916043550 TSecr=3045563323 [TCP segment of a reassembled PDU]"
"75502","39.469541801","192.168.1.55","192.168.1.2","TCP","1514","8004  >  37100 [PSH, ACK] Seq=173950 Ack=141 Win=65024 Len=1448 TSval=2916043550 TSecr=3045563323 [TCP segment of a reassembled PDU]"
"75503","39.475822571","192.168.1.2","192.168.1.55","TCP","66","37100  >  8004 [ACK] Seq=141 Ack=101550 Win=83968 Len=0 TSval=3045563325 TSecr=2916043549"
"75504","39.475850182","192.168.1.55","192.168.1.2","TCP","1514","8004  >  37100 [ACK] Seq=175398 Ack=141 Win=65024 Len=1448 TSval=2916043556 TSecr=3045563325 [TCP segment of a reassembled PDU]"
"75505","39.475854108","192.168.1.55","192.168.1.2","TCP","1514","8004  >  37100 [ACK] Seq=176846 Ack=141 Win=65024 Len=1448 TSval=2916043556 TSecr=3045563325 [TCP segment of a reassembled PDU]"
"75506","39.475855441","192.168.1.55","192.168.1.2","TCP","1514","8004  >  37100 [ACK] Seq=178294 Ack=141 Win=65024 Len=1448 TSval=2916043556 TSecr=3045563325 [TCP segment of a reassembled PDU]"
"75507","39.475856534","192.168.1.55","192.168.1.2","TCP","1514","8004  >  37100 [ACK] Seq=179742 Ack=141 Win=65024 Len=1448 TSval=2916043556 TSecr=3045563325 [TCP segment of a reassembled PDU]"
"75508","39.475857589","192.168.1.55","192.168.1.2","TCP","1514","8004  >  37100 [ACK] Seq=181190 Ack=141 Win=65024 Len=1448 TSval=2916043556 TSecr=3045563325 [TCP segment of a reassembled PDU]"
"75509","39.475858738","192.168.1.55","192.168.1.2","TCP","1514","8004  >  37100 [PSH, ACK] Seq=182638 Ack=141 Win=65024 Len=1448 TSval=2916043556 TSecr=3045563325 [TCP segment of a reassembled PDU]"
"75510","39.476196423","192.168.1.2","192.168.1.55","TCP","66","37100  >  8004 [ACK] Seq=141 Ack=105894 Win=80896 Len=0 TSval=3045563330 TSecr=2916043549"
"75511","39.476204645","192.168.1.2","192.168.1.55","TCP","66","37100  >  8004 [ACK] Seq=141 Ack=108790 Win=78848 Len=0 TSval=3045563330 TSecr=2916043549"
"75512","39.476209183","192.168.1.2","192.168.1.55","TCP","66","37100  >  8004 [ACK] Seq=141 Ack=134806 Win=83968 Len=0 TSval=3045563330 TSecr=2916043549"
"75513","39.476232942","192.168.1.55","192.168.1.2","TCP","1514","8004  >  37100 [ACK] Seq=184086 Ack=141 Win=65024 Len=1448 TSval=2916043556 TSecr=3045563330 [TCP segment of a reassembled PDU]"
"75514","39.476234923","192.168.1.55","192.168.1.2","TCP","1514","8004  >  37100 [ACK] Seq=185534 Ack=141 Win=65024 Len=1448 TSval=2916043556 TSecr=3045563330 [TCP segment of a reassembled PDU]"
"75515","39.476236108","192.168.1.55","192.168.1.2","TCP","1514","8004  >  37100 [ACK] Seq=186982 Ack=141 Win=65024 Len=1448 TSval=2916043556 TSecr=3045563330 [TCP segment of a reassembled PDU]"
"75516","39.476237720","192.168.1.55","192.168.1.2","TCP","1514","8004  >  37100 [ACK] Seq=188430 Ack=141 Win=65024 Len=1448 TSval=2916043556 TSecr=3045563330 [TCP segment of a reassembled PDU]"
"75517","39.476238923","192.168.1.55","192.168.1.2","TCP","1514","8004  >  37100 [ACK] Seq=189878 Ack=141 Win=65024 Len=1448 TSval=2916043556 TSecr=3045563330 [TCP segment of a reassembled PDU]"
"75518","39.476240016","192.168.1.55","192.168.1.2","TCP","1514","8004  >  37100 [ACK] Seq=191326 Ack=141 Win=65024 Len=1448 TSval=2916043556 TSecr=3045563330 [TCP segment of a reassembled PDU]"
"75519","39.476241164","192.168.1.55","192.168.1.2","TCP","1514","8004  >  37100 [ACK] Seq=192774 Ack=141 Win=65024 Len=1448 TSval=2916043556 TSecr=3045563330 [TCP segment of a reassembled PDU]"
"75520","39.476242331","192.168.1.55","192.168.1.2","TCP","1514","8004  >  37100 [ACK] Seq=194222 Ack=141 Win=65024 Len=1448 TSval=2916043556 TSecr=3045563330 [TCP segment of a reassembled PDU]"
"75521","39.476243423","192.168.1.55","192.168.1.2","TCP","1514","8004  >  37100 [ACK] Seq=195670 Ack=141 Win=65024 Len=1448 TSval=2916043556 TSecr=3045563330 [TCP segment of a reassembled PDU]"
"75522","39.476244553","192.168.1.55","192.168.1.2","TCP","1514","8004  >  37100 [ACK] Seq=197118 Ack=141 Win=65024 Len=1448 TSval=2916043556 TSecr=3045563330 [TCP segment of a reassembled PDU]"
"75523","39.476245627","192.168.1.55","192.168.1.2","TCP","1514","8004  >  37100 [ACK] Seq=198566 Ack=141 Win=65024 Len=1448 TSval=2916043556 TSecr=3045563330 [TCP segment of a reassembled PDU]"
"75524","39.476246775","192.168.1.55","192.168.1.2","TCP","1514","8004  >  37100 [ACK] Seq=200014 Ack=141 Win=65024 Len=1448 TSval=2916043556 TSecr=3045563330 [TCP segment of a reassembled PDU]"
"75525","39.476247849","192.168.1.55","192.168.1.2","TCP","1514","8004  >  37100 [ACK] Seq=201462 Ack=141 Win=65024 Len=1448 TSval=2916043556 TSecr=3045563330 [TCP segment of a reassembled PDU]"
"75526","39.476249016","192.168.1.55","192.168.1.2","TCP","1514","8004  >  37100 [ACK] Seq=202910 Ack=141 Win=65024 Len=1448 TSval=2916043556 TSecr=3045563330 [TCP segment of a reassembled PDU]"
"75527","39.476250164","192.168.1.55","192.168.1.2","TCP","1514","8004  >  37100 [ACK] Seq=204358 Ack=141 Win=65024 Len=1448 TSval=2916043556 TSecr=3045563330 [TCP segment of a reassembled PDU]"
"75528","39.476251238","192.168.1.55","192.168.1.2","TCP","1514","8004  >  37100 [PSH, ACK] Seq=205806 Ack=141 Win=65024 Len=1448 TSval=2916043556 TSecr=3045563330 [TCP segment of a reassembled PDU]"
"75529","39.476304201","192.168.1.2","192.168.1.55","TCP","66","37100  >  8004 [ACK] Seq=141 Ack=140598 Win=95232 Len=0 TSval=3045563331 TSecr=2916043549"
"75530","39.476311849","192.168.1.2","192.168.1.55","TCP","66","37100  >  8004 [ACK] Seq=141 Ack=172502 Win=88064 Len=0 TSval=3045563331 TSecr=2916043549"
"75531","39.476351220","192.168.1.55","192.168.1.2","TCP","1514","8004  >  37100 [ACK] Seq=207254 Ack=141 Win=65024 Len=1448 TSval=2916043557 TSecr=3045563331 [TCP segment of a reassembled PDU]"
"75532","39.476353590","192.168.1.55","192.168.1.2","TCP","1514","8004  >  37100 [ACK] Seq=208702 Ack=141 Win=65024 Len=1448 TSval=2916043557 TSecr=3045563331 [TCP segment of a reassembled PDU]"
"75533","39.476355016","192.168.1.55","192.168.1.2","TCP","1514","8004  >  37100 [ACK] Seq=210150 Ack=141 Win=65024 Len=1448 TSval=2916043557 TSecr=3045563331 [TCP segment of a reassembled PDU]"
"75534","39.476356368","192.168.1.55","192.168.1.2","TCP","1514","8004  >  37100 [ACK] Seq=211598 Ack=141 Win=65024 Len=1448 TSval=2916043557 TSecr=3045563331 [TCP segment of a reassembled PDU]"
"75535","39.476357609","192.168.1.55","192.168.1.2","TCP","1514","8004  >  37100 [ACK] Seq=213046 Ack=141 Win=65024 Len=1448 TSval=2916043557 TSecr=3045563331 [TCP segment of a reassembled PDU]"
"75536","39.476358701","192.168.1.55","192.168.1.2","TCP","1514","8004  >  37100 [ACK] Seq=214494 Ack=141 Win=65024 Len=1448 TSval=2916043557 TSecr=3045563331 [TCP segment of a reassembled PDU]"
"75537","39.476359775","192.168.1.55","192.168.1.2","TCP","1514","8004  >  37100 [ACK] Seq=215942 Ack=141 Win=65024 Len=1448 TSval=2916043557 TSecr=3045563331 [TCP segment of a reassembled PDU]"
"75538","39.476360961","192.168.1.55","192.168.1.2","TCP","1514","8004  >  37100 [ACK] Seq=217390 Ack=141 Win=65024 Len=1448 TSval=2916043557 TSecr=3045563331 [TCP segment of a reassembled PDU]"
"75539","39.476362127","192.168.1.55","192.168.1.2","TCP","1514","8004  >  37100 [ACK] Seq=218838 Ack=141 Win=65024 Len=1448 TSval=2916043557 TSecr=3045563331 [TCP segment of a reassembled PDU]"
"75540","39.476363257","192.168.1.55","192.168.1.2","TCP","1514","8004  >  37100 [ACK] Seq=220286 Ack=141 Win=65024 Len=1448 TSval=2916043557 TSecr=3045563331 [TCP segment of a reassembled PDU]"
"75541","39.476364424","192.168.1.55","192.168.1.2","TCP","1514","8004  >  37100 [ACK] Seq=221734 Ack=141 Win=65024 Len=1448 TSval=2916043557 TSecr=3045563331 [TCP segment of a reassembled PDU]"
"75542","39.476365646","192.168.1.55","192.168.1.2","TCP","1514","8004  >  37100 [ACK] Seq=223182 Ack=141 Win=65024 Len=1448 TSval=2916043557 TSecr=3045563331 [TCP segment of a reassembled PDU]"
"75543","39.476366812","192.168.1.55","192.168.1.2","TCP","1514","8004  >  37100 [ACK] Seq=224630 Ack=141 Win=65024 Len=1448 TSval=2916043557 TSecr=3045563331 [TCP segment of a reassembled PDU]"
"75544","39.476368257","192.168.1.55","192.168.1.2","TCP","1514","8004  >  37100 [ACK] Seq=226078 Ack=141 Win=65024 Len=1448 TSval=2916043557 TSecr=3045563331 [TCP segment of a reassembled PDU]"
"75545","39.476369368","192.168.1.55","192.168.1.2","TCP","1514","8004  >  37100 [ACK] Seq=227526 Ack=141 Win=65024 Len=1448 TSval=2916043557 TSecr=3045563331 [TCP segment of a reassembled PDU]"
"75546","39.476371035","192.168.1.55","192.168.1.2","TCP","1514","8004  >  37100 [ACK] Seq=228974 Ack=141 Win=65024 Len=1448 TSval=2916043557 TSecr=3045563331 [TCP segment of a reassembled PDU]"
"75547","39.476372201","192.168.1.55","192.168.1.2","TCP","1514","8004  >  37100 [ACK] Seq=230422 Ack=141 Win=65024 Len=1448 TSval=2916043557 TSecr=3045563331 [TCP segment of a reassembled PDU]"
"75548","39.476373479","192.168.1.55","192.168.1.2","TCP","1514","8004  >  37100 [ACK] Seq=231870 Ack=141 Win=65024 Len=1448 TSval=2916043557 TSecr=3045563331 [TCP segment of a reassembled PDU]"
"75549","39.476374646","192.168.1.55","192.168.1.2","TCP","1514","8004  >  37100 [ACK] Seq=233318 Ack=141 Win=65024 Len=1448 TSval=2916043557 TSecr=3045563331 [TCP segment of a reassembled PDU]"
"75550","39.476375794","192.168.1.55","192.168.1.2","TCP","1514","8004  >  37100 [ACK] Seq=234766 Ack=141 Win=65024 Len=1448 TSval=2916043557 TSecr=3045563331 [TCP segment of a reassembled PDU]"
"75551","39.476376979","192.168.1.55","192.168.1.2","TCP","1514","8004  >  37100 [ACK] Seq=236214 Ack=141 Win=65024 Len=1448 TSval=2916043557 TSecr=3045563331 [TCP segment of a reassembled PDU]"
"75552","39.476378164","192.168.1.55","192.168.1.2","TCP","1514","8004  >  37100 [ACK] Seq=237662 Ack=141 Win=65024 Len=1448 TSval=2916043557 TSecr=3045563331 [TCP segment of a reassembled PDU]"
"75553","39.476379442","192.168.1.55","192.168.1.2","TCP","1514","8004  >  37100 [ACK] Seq=239110 Ack=141 Win=65024 Len=1448 TSval=2916043557 TSecr=3045563331 [TCP segment of a reassembled PDU]"
"75554","39.476380646","192.168.1.55","192.168.1.2","TCP","1514","8004  >  37100 [PSH, ACK] Seq=240558 Ack=141 Win=65024 Len=1448 TSval=2916043557 TSecr=3045563331 [TCP segment of a reassembled PDU]"
"75555","39.480187708","192.168.1.2","192.168.1.55","TCP","66","37100  >  8004 [ACK] Seq=141 Ack=175398 Win=98304 Len=0 TSval=3045563331 TSecr=2916043550"
"75556","39.480240245","192.168.1.55","192.168.1.2","TCP","1514","8004  >  37100 [ACK] Seq=242006 Ack=141 Win=65024 Len=1448 TSval=2916043560 TSecr=3045563331 [TCP segment of a reassembled PDU]"
"75557","39.480244485","192.168.1.55","192.168.1.2","TCP","1514","8004  >  37100 [ACK] Seq=243454 Ack=141 Win=65024 Len=1448 TSval=2916043560 TSecr=3045563331 [TCP segment of a reassembled PDU]"
"75558","39.480246134","192.168.1.55","192.168.1.2","TCP","1514","8004  >  37100 [ACK] Seq=244902 Ack=141 Win=65024 Len=1448 TSval=2916043560 TSecr=3045563331 [TCP segment of a reassembled PDU]"
"75559","39.480247596","192.168.1.55","192.168.1.2","TCP","1514","8004  >  37100 [ACK] Seq=246350 Ack=141 Win=65024 Len=1448 TSval=2916043560 TSecr=3045563331 [TCP segment of a reassembled PDU]"
"75560","39.480250004","192.168.1.55","192.168.1.2","TCP","1514","8004  >  37100 [ACK] Seq=247798 Ack=141 Win=65024 Len=1448 TSval=2916043560 TSecr=3045563331 [TCP segment of a reassembled PDU]"
"75561","39.480251652","192.168.1.55","192.168.1.2","TCP","1514","8004  >  37100 [ACK] Seq=249246 Ack=141 Win=65024 Len=1448 TSval=2916043560 TSecr=3045563331 [TCP segment of a reassembled PDU]"
"75562","39.480253059","192.168.1.55","192.168.1.2","TCP","1514","8004  >  37100 [ACK] Seq=250694 Ack=141 Win=65024 Len=1448 TSval=2916043560 TSecr=3045563331 [TCP segment of a reassembled PDU]"
"75563","39.480254615","192.168.1.55","192.168.1.2","TCP","1514","8004  >  37100 [ACK] Seq=252142 Ack=141 Win=65024 Len=1448 TSval=2916043560 TSecr=3045563331 [TCP segment of a reassembled PDU]"
"75564","39.480256430","192.168.1.55","192.168.1.2","TCP","1514","8004  >  37100 [ACK] Seq=253590 Ack=141 Win=65024 Len=1448 TSval=2916043560 TSecr=3045563331 [TCP segment of a reassembled PDU]"
"75565","39.480257634","192.168.1.55","192.168.1.2","TCP","1514","8004  >  37100 [ACK] Seq=255038 Ack=141 Win=65024 Len=1448 TSval=2916043560 TSecr=3045563331 [TCP segment of a reassembled PDU]"
"75566","39.480276745","192.168.1.55","192.168.1.2","TCP","1514","8004  >  37100 [ACK] Seq=256486 Ack=141 Win=65024 Len=1448 TSval=2916043560 TSecr=3045563331 [TCP segment of a reassembled PDU]"
"75567","39.480279041","192.168.1.55","192.168.1.2","TCP","1514","8004  >  37100 [ACK] Seq=257934 Ack=141 Win=65024 Len=1448 TSval=2916043560 TSecr=3045563331 [TCP segment of a reassembled PDU]"
"75568","39.480280689","192.168.1.55","192.168.1.2","TCP","1514","8004  >  37100 [ACK] Seq=259382 Ack=141 Win=65024 Len=1448 TSval=2916043560 TSecr=3045563331 [TCP segment of a reassembled PDU]"
"75569","39.480282485","192.168.1.55","192.168.1.2","TCP","1514","8004  >  37100 [ACK] Seq=260830 Ack=141 Win=65024 Len=1448 TSval=2916043560 TSecr=3045563331 [TCP segment of a reassembled PDU]"
"75570","39.480283874","192.168.1.55","192.168.1.2","TCP","1514","8004  >  37100 [ACK] Seq=262278 Ack=141 Win=65024 Len=1448 TSval=2916043560 TSecr=3045563331 [TCP segment of a reassembled PDU]"
"75571","39.480284893","192.168.1.55","192.168.1.2","TCP","1514","8004  >  37100 [ACK] Seq=263726 Ack=141 Win=65024 Len=1448 TSval=2916043560 TSecr=3045563331 [TCP segment of a reassembled PDU]"
"75572","39.480286560","192.168.1.55","192.168.1.2","TCP","1514","8004  >  37100 [ACK] Seq=265174 Ack=141 Win=65024 Len=1448 TSval=2916043560 TSecr=3045563331 [TCP segment of a reassembled PDU]"
"75573","39.480288467","192.168.1.55","192.168.1.2","TCP","1514","8004  >  37100 [ACK] Seq=266622 Ack=141 Win=65024 Len=1448 TSval=2916043560 TSecr=3045563331 [TCP segment of a reassembled PDU]"
"75574","39.480289448","192.168.1.55","192.168.1.2","TCP","1514","8004  >  37100 [ACK] Seq=268070 Ack=141 Win=65024 Len=1448 TSval=2916043560 TSecr=3045563331 [TCP segment of a reassembled PDU]"
"75575","39.480290837","192.168.1.55","192.168.1.2","TCP","1514","8004  >  37100 [ACK] Seq=269518 Ack=141 Win=65024 Len=1448 TSval=2916043560 TSecr=3045563331 [TCP segment of a reassembled PDU]"
"75576","39.480304393","192.168.1.55","192.168.1.2","TCP","1514","8004  >  37100 [ACK] Seq=270966 Ack=141 Win=65024 Len=1448 TSval=2916043560 TSecr=3045563331 [TCP segment of a reassembled PDU]"
"75577","39.480305985","192.168.1.55","192.168.1.2","TCP","1354","[TCP Window Full] 8004  >  37100 [PSH, ACK] Seq=272414 Ack=141 Win=65024 Len=1288 TSval=2916043560 TSecr=3045563331 [TCP segment of a reassembled PDU]"
"75578","39.483296453","192.168.1.2","192.168.1.55","TCP","66","37100  >  8004 [ACK] Seq=141 Ack=184086 Win=113664 Len=0 TSval=3045563336 TSecr=2916043556"
"75579","39.483320601","192.168.1.55","192.168.1.2","TCP","1514","8004  >  37100 [ACK] Seq=273702 Ack=141 Win=65024 Len=1448 TSval=2916043564 TSecr=3045563336 [TCP segment of a reassembled PDU]"
"75580","39.483323768","192.168.1.55","192.168.1.2","TCP","1514","8004  >  37100 [ACK] Seq=275150 Ack=141 Win=65024 Len=1448 TSval=2916043564 TSecr=3045563336 [TCP segment of a reassembled PDU]"
"75581","39.483324602","192.168.1.55","192.168.1.2","TCP","1514","8004  >  37100 [ACK] Seq=276598 Ack=141 Win=65024 Len=1448 TSval=2916043564 TSecr=3045563336 [TCP segment of a reassembled PDU]"
"75582","39.483325490","192.168.1.55","192.168.1.2","TCP","1514","8004  >  37100 [ACK] Seq=278046 Ack=141 Win=65024 Len=1448 TSval=2916043564 TSecr=3045563336 [TCP segment of a reassembled PDU]"
"75583","39.483326583","192.168.1.55","192.168.1.2","TCP","1514","8004  >  37100 [ACK] Seq=279494 Ack=141 Win=65024 Len=1448 TSval=2916043564 TSecr=3045563336 [TCP segment of a reassembled PDU]"
"75584","39.483327787","192.168.1.55","192.168.1.2","TCP","1514","8004  >  37100 [PSH, ACK] Seq=280942 Ack=141 Win=65024 Len=1448 TSval=2916043564 TSecr=3045563336 [TCP segment of a reassembled PDU]"
"75585","39.483334268","192.168.1.55","192.168.1.2","TCP","226","8004  >  37100 [ACK] Seq=282390 Ack=141 Win=65024 Len=160 TSval=2916043564 TSecr=3045563336 [TCP segment of a reassembled PDU]"
"75586","39.483629621","192.168.1.2","192.168.1.55","TCP","66","37100  >  8004 [ACK] Seq=141 Ack=207254 Win=93184 Len=0 TSval=3045563336 TSecr=2916043556"
"75587","39.485391309","192.168.1.2","192.168.1.55","TCP","66","37100  >  8004 [ACK] Seq=141 Ack=242006 Win=70656 Len=0 TSval=3045563336 TSecr=2916043557"
"75588","39.485424957","192.168.1.55","192.168.1.2","TCP","1514","8004  >  37100 [ACK] Seq=282550 Ack=141 Win=65024 Len=1448 TSval=2916043566 TSecr=3045563336 [TCP segment of a reassembled PDU]"
"75589","39.485427605","192.168.1.55","192.168.1.2","TCP","1514","8004  >  37100 [ACK] Seq=283998 Ack=141 Win=65024 Len=1448 TSval=2916043566 TSecr=3045563336 [TCP segment of a reassembled PDU]"
"75590","39.485428716","192.168.1.55","192.168.1.2","TCP","1514","8004  >  37100 [ACK] Seq=285446 Ack=141 Win=65024 Len=1448 TSval=2916043566 TSecr=3045563336 [TCP segment of a reassembled PDU]"
"75591","39.485429809","192.168.1.55","192.168.1.2","TCP","1514","8004  >  37100 [ACK] Seq=286894 Ack=141 Win=65024 Len=1448 TSval=2916043566 TSecr=3045563336 [TCP segment of a reassembled PDU]"
"75592","39.485430938","192.168.1.55","192.168.1.2","TCP","1514","8004  >  37100 [ACK] Seq=288342 Ack=141 Win=65024 Len=1448 TSval=2916043566 TSecr=3045563336 [TCP segment of a reassembled PDU]"
"75593","39.485431864","192.168.1.55","192.168.1.2","TCP","1514","8004  >  37100 [ACK] Seq=289790 Ack=141 Win=65024 Len=1448 TSval=2916043566 TSecr=3045563336 [TCP segment of a reassembled PDU]"
"75594","39.485432790","192.168.1.55","192.168.1.2","TCP","1514","8004  >  37100 [ACK] Seq=291238 Ack=141 Win=65024 Len=1448 TSval=2916043566 TSecr=3045563336 [TCP segment of a reassembled PDU]"
"75595","39.485433809","192.168.1.55","192.168.1.2","TCP","1514","8004  >  37100 [ACK] Seq=292686 Ack=141 Win=65024 Len=1448 TSval=2916043566 TSecr=3045563336 [TCP segment of a reassembled PDU]"
"75596","39.485434864","192.168.1.55","192.168.1.2","TCP","1514","8004  >  37100 [ACK] Seq=294134 Ack=141 Win=65024 Len=1448 TSval=2916043566 TSecr=3045563336 [TCP segment of a reassembled PDU]"
"75597","39.485436012","192.168.1.55","192.168.1.2","TCP","1514","8004  >  37100 [ACK] Seq=295582 Ack=141 Win=65024 Len=1448 TSval=2916043566 TSecr=3045563336 [TCP segment of a reassembled PDU]"
"75598","39.485437438","192.168.1.55","192.168.1.2","TCP","1514","8004  >  37100 [ACK] Seq=297030 Ack=141 Win=65024 Len=1448 TSval=2916043566 TSecr=3045563336 [TCP segment of a reassembled PDU]"
"75599","39.485438475","192.168.1.55","192.168.1.2","TCP","1514","8004  >  37100 [ACK] Seq=298478 Ack=141 Win=65024 Len=1448 TSval=2916043566 TSecr=3045563336 [TCP segment of a reassembled PDU]"
"75600","39.485439920","192.168.1.55","192.168.1.2","TCP","1514","8004  >  37100 [ACK] Seq=299926 Ack=141 Win=65024 Len=1448 TSval=2916043566 TSecr=3045563336 [TCP segment of a reassembled PDU]"
"75601","39.485440846","192.168.1.55","192.168.1.2","TCP","1514","8004  >  37100 [ACK] Seq=301374 Ack=141 Win=65024 Len=1448 TSval=2916043566 TSecr=3045563336 [TCP segment of a reassembled PDU]"
"75602","39.485441846","192.168.1.55","192.168.1.2","TCP","1514","8004  >  37100 [ACK] Seq=302822 Ack=141 Win=65024 Len=1448 TSval=2916043566 TSecr=3045563336 [TCP segment of a reassembled PDU]"
"75603","39.485442735","192.168.1.55","192.168.1.2","TCP","1514","8004  >  37100 [ACK] Seq=304270 Ack=141 Win=65024 Len=1448 TSval=2916043566 TSecr=3045563336 [TCP segment of a reassembled PDU]"
"75604","39.485443661","192.168.1.55","192.168.1.2","TCP","1514","8004  >  37100 [ACK] Seq=305718 Ack=141 Win=65024 Len=1448 TSval=2916043566 TSecr=3045563336 [TCP segment of a reassembled PDU]"
"75605","39.485444809","192.168.1.55","192.168.1.2","TCP","1514","8004  >  37100 [ACK] Seq=307166 Ack=141 Win=65024 Len=1448 TSval=2916043566 TSecr=3045563336 [TCP segment of a reassembled PDU]"
"75606","39.485445790","192.168.1.55","192.168.1.2","TCP","1514","8004  >  37100 [ACK] Seq=308614 Ack=141 Win=65024 Len=1448 TSval=2916043566 TSecr=3045563336 [TCP segment of a reassembled PDU]"
"75607","39.485446846","192.168.1.55","192.168.1.2","TCP","1514","8004  >  37100 [PSH, ACK] Seq=310062 Ack=141 Win=65024 Len=1448 TSval=2916043566 TSecr=3045563336 [TCP segment of a reassembled PDU]"
"75608","39.486254866","192.168.1.2","192.168.1.55","TCP","66","37100  >  8004 [ACK] Seq=141 Ack=273702 Win=92160 Len=0 TSval=3045563339 TSecr=2916043560"
"75609","39.486274180","192.168.1.55","192.168.1.2","TCP","1514","8004  >  37100 [ACK] Seq=311510 Ack=141 Win=65024 Len=1448 TSval=2916043566 TSecr=3045563339 [TCP segment of a reassembled PDU]"
"75610","39.486275903","192.168.1.55","192.168.1.2","TCP","1514","8004  >  37100 [ACK] Seq=312958 Ack=141 Win=65024 Len=1448 TSval=2916043566 TSecr=3045563339 [TCP segment of a reassembled PDU]"
"75611","39.486277088","192.168.1.55","192.168.1.2","TCP","1514","8004  >  37100 [ACK] Seq=314406 Ack=141 Win=65024 Len=1448 TSval=2916043566 TSecr=3045563339 [TCP segment of a reassembled PDU]"
"75612","39.486278069","192.168.1.55","192.168.1.2","TCP","1514","8004  >  37100 [ACK] Seq=315854 Ack=141 Win=65024 Len=1448 TSval=2916043566 TSecr=3045563339 [TCP segment of a reassembled PDU]"
"75613","39.486279032","192.168.1.55","192.168.1.2","TCP","1514","8004  >  37100 [ACK] Seq=317302 Ack=141 Win=65024 Len=1448 TSval=2916043566 TSecr=3045563339 [TCP segment of a reassembled PDU]"
"75614","39.486279995","192.168.1.55","192.168.1.2","TCP","1514","8004  >  37100 [ACK] Seq=318750 Ack=141 Win=65024 Len=1448 TSval=2916043566 TSecr=3045563339 [TCP segment of a reassembled PDU]"
"75615","39.486280940","192.168.1.55","192.168.1.2","TCP","1514","8004  >  37100 [ACK] Seq=320198 Ack=141 Win=65024 Len=1448 TSval=2916043566 TSecr=3045563339 [TCP segment of a reassembled PDU]"
"75616","39.486281958","192.168.1.55","192.168.1.2","TCP","1514","8004  >  37100 [PSH, ACK] Seq=321646 Ack=141 Win=65024 Len=1448 TSval=2916043566 TSecr=3045563339 [TCP segment of a reassembled PDU]"
"75617","39.486317162","192.168.1.55","192.168.1.2","TCP","1514","8004  >  37100 [ACK] Seq=323094 Ack=141 Win=65024 Len=1448 TSval=2916043566 TSecr=3045563339 [TCP segment of a reassembled PDU]"
"75618","39.486319051","192.168.1.55","192.168.1.2","TCP","1514","8004  >  37100 [ACK] Seq=324542 Ack=141 Win=65024 Len=1448 TSval=2916043566 TSecr=3045563339 [TCP segment of a reassembled PDU]"
"75619","39.486319958","192.168.1.55","192.168.1.2","TCP","1514","8004  >  37100 [ACK] Seq=325990 Ack=141 Win=65024 Len=1448 TSval=2916043566 TSecr=3045563339 [TCP segment of a reassembled PDU]"
"75620","39.486320884","192.168.1.55","192.168.1.2","TCP","1514","8004  >  37100 [ACK] Seq=327438 Ack=141 Win=65024 Len=1448 TSval=2916043566 TSecr=3045563339 [TCP segment of a reassembled PDU]"
"75621","39.486321958","192.168.1.55","192.168.1.2","TCP","1514","8004  >  37100 [ACK] Seq=328886 Ack=141 Win=65024 Len=1448 TSval=2916043566 TSecr=3045563339 [TCP segment of a reassembled PDU]"
"75622","39.486322884","192.168.1.55","192.168.1.2","TCP","1514","8004  >  37100 [ACK] Seq=330334 Ack=141 Win=65024 Len=1448 TSval=2916043566 TSecr=3045563339 [TCP segment of a reassembled PDU]"
"75623","39.486323773","192.168.1.55","192.168.1.2","TCP","1514","8004  >  37100 [ACK] Seq=331782 Ack=141 Win=65024 Len=1448 TSval=2916043566 TSecr=3045563339 [TCP segment of a reassembled PDU]"
"75624","39.486324810","192.168.1.55","192.168.1.2","TCP","1514","8004  >  37100 [ACK] Seq=333230 Ack=141 Win=65024 Len=1448 TSval=2916043566 TSecr=3045563339 [TCP segment of a reassembled PDU]"
"75625","39.486325755","192.168.1.55","192.168.1.2","TCP","1514","8004  >  37100 [ACK] Seq=334678 Ack=141 Win=65024 Len=1448 TSval=2916043566 TSecr=3045563339 [TCP segment of a reassembled PDU]"
"75626","39.486326903","192.168.1.55","192.168.1.2","TCP","1514","8004  >  37100 [ACK] Seq=336126 Ack=141 Win=65024 Len=1448 TSval=2916043566 TSecr=3045563339 [TCP segment of a reassembled PDU]"
"75627","39.486327921","192.168.1.55","192.168.1.2","TCP","1514","8004  >  37100 [ACK] Seq=337574 Ack=141 Win=65024 Len=1448 TSval=2916043566 TSecr=3045563339 [TCP segment of a reassembled PDU]"
"75628","39.486328977","192.168.1.55","192.168.1.2","TCP","1514","8004  >  37100 [ACK] Seq=339022 Ack=141 Win=65024 Len=1448 TSval=2916043566 TSecr=3045563339 [TCP segment of a reassembled PDU]"
"75629","39.486330032","192.168.1.55","192.168.1.2","TCP","1514","8004  >  37100 [ACK] Seq=340470 Ack=141 Win=65024 Len=1448 TSval=2916043566 TSecr=3045563339 [TCP segment of a reassembled PDU]"
"75630","39.486331032","192.168.1.55","192.168.1.2","TCP","1514","8004  >  37100 [ACK] Seq=341918 Ack=141 Win=65024 Len=1448 TSval=2916043566 TSecr=3045563339 [TCP segment of a reassembled PDU]"
"75631","39.486332143","192.168.1.55","192.168.1.2","TCP","1514","8004  >  37100 [ACK] Seq=343366 Ack=141 Win=65024 Len=1448 TSval=2916043566 TSecr=3045563339 [TCP segment of a reassembled PDU]"
"75632","39.486333051","192.168.1.55","192.168.1.2","TCP","1514","8004  >  37100 [ACK] Seq=344814 Ack=141 Win=65024 Len=1448 TSval=2916043566 TSecr=3045563339 [TCP segment of a reassembled PDU]"
"75633","39.486334032","192.168.1.55","192.168.1.2","TCP","1514","8004  >  37100 [ACK] Seq=346262 Ack=141 Win=65024 Len=1448 TSval=2916043566 TSecr=3045563339 [TCP segment of a reassembled PDU]"
"75634","39.486335236","192.168.1.55","192.168.1.2","TCP","1514","8004  >  37100 [ACK] Seq=347710 Ack=141 Win=65024 Len=1448 TSval=2916043566 TSecr=3045563339 [TCP segment of a reassembled PDU]"
"75635","39.486336236","192.168.1.55","192.168.1.2","TCP","1514","8004  >  37100 [ACK] Seq=349158 Ack=141 Win=65024 Len=1448 TSval=2916043566 TSecr=3045563339 [TCP segment of a reassembled PDU]"
"75636","39.486337218","192.168.1.55","192.168.1.2","TCP","1514","8004  >  37100 [ACK] Seq=350606 Ack=141 Win=65024 Len=1448 TSval=2916043566 TSecr=3045563339 [TCP segment of a reassembled PDU]"
"75637","39.486338329","192.168.1.55","192.168.1.2","TCP","1514","8004  >  37100 [ACK] Seq=352054 Ack=141 Win=65024 Len=1448 TSval=2916043566 TSecr=3045563339 [TCP segment of a reassembled PDU]"
"75638","39.486339273","192.168.1.55","192.168.1.2","TCP","1514","8004  >  37100 [ACK] Seq=353502 Ack=141 Win=65024 Len=1448 TSval=2916043566 TSecr=3045563339 [TCP segment of a reassembled PDU]"
"75639","39.486340329","192.168.1.55","192.168.1.2","TCP","1514","8004  >  37100 [ACK] Seq=354950 Ack=141 Win=65024 Len=1448 TSval=2916043566 TSecr=3045563339 [TCP segment of a reassembled PDU]"
"75640","39.486341440","192.168.1.55","192.168.1.2","TCP","1514","8004  >  37100 [ACK] Seq=356398 Ack=141 Win=65024 Len=1448 TSval=2916043566 TSecr=3045563339 [TCP segment of a reassembled PDU]"
"75641","39.486342421","192.168.1.55","192.168.1.2","TCP","1514","8004  >  37100 [ACK] Seq=357846 Ack=141 Win=65024 Len=1448 TSval=2916043566 TSecr=3045563339 [TCP segment of a reassembled PDU]"
"75642","39.486343792","192.168.1.55","192.168.1.2","TCP","1514","8004  >  37100 [ACK] Seq=359294 Ack=141 Win=65024 Len=1448 TSval=2916043566 TSecr=3045563339 [TCP segment of a reassembled PDU]"
"75643","39.486344755","192.168.1.55","192.168.1.2","TCP","1514","8004  >  37100 [ACK] Seq=360742 Ack=141 Win=65024 Len=1448 TSval=2916043566 TSecr=3045563339 [TCP segment of a reassembled PDU]"
"75644","39.486345755","192.168.1.55","192.168.1.2","TCP","1514","8004  >  37100 [PSH, ACK] Seq=362190 Ack=141 Win=65024 Len=1448 TSval=2916043566 TSecr=3045563339 [TCP segment of a reassembled PDU]"
"75645","39.486354792","192.168.1.2","192.168.1.55","TCP","66","37100  >  8004 [ACK] Seq=141 Ack=275150 Win=116736 Len=0 TSval=3045563340 TSecr=2916043564"
"75646","39.486361403","192.168.1.2","192.168.1.55","TCP","66","37100  >  8004 [ACK] Seq=141 Ack=276598 Win=119808 Len=0 TSval=3045563340 TSecr=2916043564"
"75647","39.486368792","192.168.1.55","192.168.1.2","TCP","1514","8004  >  37100 [ACK] Seq=363638 Ack=141 Win=65024 Len=1448 TSval=2916043567 TSecr=3045563340 [TCP segment of a reassembled PDU]"
"75648","39.486397681","192.168.1.55","192.168.1.2","TCP","1514","8004  >  37100 [ACK] Seq=365086 Ack=141 Win=65024 Len=1448 TSval=2916043567 TSecr=3045563340 [TCP segment of a reassembled PDU]"
"75649","39.486399421","192.168.1.55","192.168.1.2","TCP","1514","8004  >  37100 [ACK] Seq=366534 Ack=141 Win=65024 Len=1448 TSval=2916043567 TSecr=3045563340 [TCP segment of a reassembled PDU]"
"75650","39.486400607","192.168.1.55","192.168.1.2","TCP","1514","8004  >  37100 [ACK] Seq=367982 Ack=141 Win=65024 Len=1448 TSval=2916043567 TSecr=3045563340 [TCP segment of a reassembled PDU]"
"75651","39.486401755","192.168.1.55","192.168.1.2","TCP","1514","8004  >  37100 [ACK] Seq=369430 Ack=141 Win=65024 Len=1448 TSval=2916043567 TSecr=3045563340 [TCP segment of a reassembled PDU]"
"75652","39.486402699","192.168.1.55","192.168.1.2","TCP","1514","8004  >  37100 [ACK] Seq=370878 Ack=141 Win=65024 Len=1448 TSval=2916043567 TSecr=3045563340 [TCP segment of a reassembled PDU]"
"75653","39.486403940","192.168.1.55","192.168.1.2","TCP","1514","8004  >  37100 [ACK] Seq=372326 Ack=141 Win=65024 Len=1448 TSval=2916043567 TSecr=3045563340 [TCP segment of a reassembled PDU]"
"75654","39.486405384","192.168.1.55","192.168.1.2","TCP","1514","8004  >  37100 [ACK] Seq=373774 Ack=141 Win=65024 Len=1448 TSval=2916043567 TSecr=3045563340 [TCP segment of a reassembled PDU]"
"75655","39.486406403","192.168.1.55","192.168.1.2","TCP","1514","8004  >  37100 [ACK] Seq=375222 Ack=141 Win=65024 Len=1448 TSval=2916043567 TSecr=3045563340 [TCP segment of a reassembled PDU]"
"75656","39.486407384","192.168.1.55","192.168.1.2","TCP","1514","8004  >  37100 [ACK] Seq=376670 Ack=141 Win=65024 Len=1448 TSval=2916043567 TSecr=3045563340 [TCP segment of a reassembled PDU]"
"75657","39.486408329","192.168.1.55","192.168.1.2","TCP","1514","8004  >  37100 [ACK] Seq=378118 Ack=141 Win=65024 Len=1448 TSval=2916043567 TSecr=3045563340 [TCP segment of a reassembled PDU]"
"75658","39.486409532","192.168.1.55","192.168.1.2","TCP","1514","8004  >  37100 [ACK] Seq=379566 Ack=141 Win=65024 Len=1448 TSval=2916043567 TSecr=3045563340 [TCP segment of a reassembled PDU]"
"75659","39.486410718","192.168.1.55","192.168.1.2","TCP","1514","8004  >  37100 [ACK] Seq=381014 Ack=141 Win=65024 Len=1448 TSval=2916043567 TSecr=3045563340 [TCP segment of a reassembled PDU]"
"75660","39.486411736","192.168.1.55","192.168.1.2","TCP","1514","8004  >  37100 [ACK] Seq=382462 Ack=141 Win=65024 Len=1448 TSval=2916043567 TSecr=3045563340 [TCP segment of a reassembled PDU]"
"75661","39.486412866","192.168.1.55","192.168.1.2","TCP","1514","8004  >  37100 [ACK] Seq=383910 Ack=141 Win=65024 Len=1448 TSval=2916043567 TSecr=3045563340 [TCP segment of a reassembled PDU]"
"75662","39.486413903","192.168.1.55","192.168.1.2","TCP","1514","8004  >  37100 [ACK] Seq=385358 Ack=141 Win=65024 Len=1448 TSval=2916043567 TSecr=3045563340 [TCP segment of a reassembled PDU]"
"75663","39.486415347","192.168.1.55","192.168.1.2","TCP","1514","8004  >  37100 [ACK] Seq=386806 Ack=141 Win=65024 Len=1448 TSval=2916043567 TSecr=3045563340 [TCP segment of a reassembled PDU]"
"75664","39.486416310","192.168.1.55","192.168.1.2","TCP","1514","8004  >  37100 [ACK] Seq=388254 Ack=141 Win=65024 Len=1448 TSval=2916043567 TSecr=3045563340 [TCP segment of a reassembled PDU]"
"75665","39.486417199","192.168.1.55","192.168.1.2","TCP","1514","8004  >  37100 [ACK] Seq=389702 Ack=141 Win=65024 Len=1448 TSval=2916043567 TSecr=3045563340 [TCP segment of a reassembled PDU]"
"75666","39.486418273","192.168.1.55","192.168.1.2","TCP","1514","8004  >  37100 [ACK] Seq=391150 Ack=141 Win=65024 Len=1448 TSval=2916043567 TSecr=3045563340 [TCP segment of a reassembled PDU]"
"75667","39.486419329","192.168.1.55","192.168.1.2","TCP","1514","8004  >  37100 [ACK] Seq=392598 Ack=141 Win=65024 Len=1448 TSval=2916043567 TSecr=3045563340 [TCP segment of a reassembled PDU]"
"75668","39.486420273","192.168.1.55","192.168.1.2","TCP","1514","8004  >  37100 [PSH, ACK] Seq=394046 Ack=141 Win=65024 Len=1448 TSval=2916043567 TSecr=3045563340 [TCP segment of a reassembled PDU]"
"75669","39.493416248","192.168.1.2","192.168.1.55","TCP","66","37100  >  8004 [ACK] Seq=141 Ack=282390 Win=131072 Len=0 TSval=3045563342 TSecr=2916043564"
"75670","39.493460785","192.168.1.55","192.168.1.2","TCP","1514","8004  >  37100 [ACK] Seq=395494 Ack=141 Win=65024 Len=1448 TSval=2916043574 TSecr=3045563342 [TCP segment of a reassembled PDU]"
"75671","39.493465674","192.168.1.55","192.168.1.2","TCP","1514","8004  >  37100 [ACK] Seq=396942 Ack=141 Win=65024 Len=1448 TSval=2916043574 TSecr=3045563342 [TCP segment of a reassembled PDU]"
"75672","39.493467081","192.168.1.55","192.168.1.2","TCP","1514","8004  >  37100 [ACK] Seq=398390 Ack=141 Win=65024 Len=1448 TSval=2916043574 TSecr=3045563342 [TCP segment of a reassembled PDU]"
"75673","39.493468062","192.168.1.55","192.168.1.2","TCP","1514","8004  >  37100 [ACK] Seq=399838 Ack=141 Win=65024 Len=1448 TSval=2916043574 TSecr=3045563342 [TCP segment of a reassembled PDU]"
"75674","39.493469062","192.168.1.55","192.168.1.2","TCP","1514","8004  >  37100 [ACK] Seq=401286 Ack=141 Win=65024 Len=1448 TSval=2916043574 TSecr=3045563342 [TCP segment of a reassembled PDU]"
"75675","39.493470099","192.168.1.55","192.168.1.2","TCP","1514","8004  >  37100 [PSH, ACK] Seq=402734 Ack=141 Win=65024 Len=1448 TSval=2916043574 TSecr=3045563342 [TCP segment of a reassembled PDU]"
"75676","39.493497507","192.168.1.2","192.168.1.55","TCP","66","37100  >  8004 [ACK] Seq=141 Ack=282550 Win=134144 Len=0 TSval=3045563342 TSecr=2916043564"
"75677","39.494612046","192.168.1.2","192.168.1.55","TCP","66","37100  >  8004 [ACK] Seq=141 Ack=311510 Win=160768 Len=0 TSval=3045563347 TSecr=2916043566"
"75678","39.494726639","192.168.1.55","192.168.1.2","TCP","1514","8004  >  37100 [ACK] Seq=404182 Ack=141 Win=65024 Len=1448 TSval=2916043575 TSecr=3045563347 [TCP segment of a reassembled PDU]"
"75679","39.494733916","192.168.1.55","192.168.1.2","TCP","1514","8004  >  37100 [ACK] Seq=405630 Ack=141 Win=65024 Len=1448 TSval=2916043575 TSecr=3045563347 [TCP segment of a reassembled PDU]"
"75680","39.494736305","192.168.1.55","192.168.1.2","TCP","1514","8004  >  37100 [ACK] Seq=407078 Ack=141 Win=65024 Len=1448 TSval=2916043575 TSecr=3045563347 [TCP segment of a reassembled PDU]"
"75681","39.494737935","192.168.1.55","192.168.1.2","TCP","1514","8004  >  37100 [ACK] Seq=408526 Ack=141 Win=65024 Len=1448 TSval=2916043575 TSecr=3045563347 [TCP segment of a reassembled PDU]"
"75682","39.494739565","192.168.1.55","192.168.1.2","TCP","1514","8004  >  37100 [ACK] Seq=409974 Ack=141 Win=65024 Len=1448 TSval=2916043575 TSecr=3045563347 [TCP segment of a reassembled PDU]"
"75683","39.494740990","192.168.1.55","192.168.1.2","TCP","1514","8004  >  37100 [ACK] Seq=411422 Ack=141 Win=65024 Len=1448 TSval=2916043575 TSecr=3045563347 [TCP segment of a reassembled PDU]"
"75684","39.494742305","192.168.1.55","192.168.1.2","TCP","1514","8004  >  37100 [ACK] Seq=412870 Ack=141 Win=65024 Len=1448 TSval=2916043575 TSecr=3045563347 [TCP segment of a reassembled PDU]"
"75685","39.494743342","192.168.1.55","192.168.1.2","TCP","1514","8004  >  37100 [ACK] Seq=414318 Ack=141 Win=65024 Len=1448 TSval=2916043575 TSecr=3045563347 [TCP segment of a reassembled PDU]"
"75686","39.494744879","192.168.1.55","192.168.1.2","TCP","1514","8004  >  37100 [ACK] Seq=415766 Ack=141 Win=65024 Len=1448 TSval=2916043575 TSecr=3045563347 [TCP segment of a reassembled PDU]"
"75687","39.494746157","192.168.1.55","192.168.1.2","TCP","1514","8004  >  37100 [ACK] Seq=417214 Ack=141 Win=65024 Len=1448 TSval=2916043575 TSecr=3045563347 [TCP segment of a reassembled PDU]"
"75688","39.494748361","192.168.1.55","192.168.1.2","TCP","1514","8004  >  37100 [ACK] Seq=418662 Ack=141 Win=65024 Len=1448 TSval=2916043575 TSecr=3045563347 [TCP segment of a reassembled PDU]"
"75689","39.494749916","192.168.1.55","192.168.1.2","TCP","1514","8004  >  37100 [ACK] Seq=420110 Ack=141 Win=65024 Len=1448 TSval=2916043575 TSecr=3045563347 [TCP segment of a reassembled PDU]"
"75690","39.494751102","192.168.1.55","192.168.1.2","TCP","1514","8004  >  37100 [ACK] Seq=421558 Ack=141 Win=65024 Len=1448 TSval=2916043575 TSecr=3045563347 [TCP segment of a reassembled PDU]"
"75691","39.494752231","192.168.1.55","192.168.1.2","TCP","1514","8004  >  37100 [ACK] Seq=423006 Ack=141 Win=65024 Len=1448 TSval=2916043575 TSecr=3045563347 [TCP segment of a reassembled PDU]"
"75692","39.494753398","192.168.1.55","192.168.1.2","TCP","1514","8004  >  37100 [ACK] Seq=424454 Ack=141 Win=65024 Len=1448 TSval=2916043575 TSecr=3045563347 [TCP segment of a reassembled PDU]"
"75693","39.494754565","192.168.1.55","192.168.1.2","TCP","1514","8004  >  37100 [ACK] Seq=425902 Ack=141 Win=65024 Len=1448 TSval=2916043575 TSecr=3045563347 [TCP segment of a reassembled PDU]"
"75694","39.494756268","192.168.1.55","192.168.1.2","TCP","1514","8004  >  37100 [ACK] Seq=427350 Ack=141 Win=65024 Len=1448 TSval=2916043575 TSecr=3045563347 [TCP segment of a reassembled PDU]"
"75695","39.494758268","192.168.1.55","192.168.1.2","TCP","1514","8004  >  37100 [ACK] Seq=428798 Ack=141 Win=65024 Len=1448 TSval=2916043575 TSecr=3045563347 [TCP segment of a reassembled PDU]"
"75696","39.494759768","192.168.1.55","192.168.1.2","TCP","1514","8004  >  37100 [ACK] Seq=430246 Ack=141 Win=65024 Len=1448 TSval=2916043575 TSecr=3045563347 [TCP segment of a reassembled PDU]"
"75697","39.494761139","192.168.1.55","192.168.1.2","TCP","1514","8004  >  37100 [ACK] Seq=431694 Ack=141 Win=65024 Len=1448 TSval=2916043575 TSecr=3045563347 [TCP segment of a reassembled PDU]"
"75698","39.494762139","192.168.1.55","192.168.1.2","TCP","1514","8004  >  37100 [ACK] Seq=433142 Ack=141 Win=65024 Len=1448 TSval=2916043575 TSecr=3045563347 [TCP segment of a reassembled PDU]"
"75699","39.494763231","192.168.1.55","192.168.1.2","TCP","1514","8004  >  37100 [ACK] Seq=434590 Ack=141 Win=65024 Len=1448 TSval=2916043575 TSecr=3045563347 [TCP segment of a reassembled PDU]"
"75700","39.494764213","192.168.1.55","192.168.1.2","TCP","1514","8004  >  37100 [ACK] Seq=436038 Ack=141 Win=65024 Len=1448 TSval=2916043575 TSecr=3045563347 [TCP segment of a reassembled PDU]"
"75701","39.494765509","192.168.1.55","192.168.1.2","TCP","1514","8004  >  37100 [ACK] Seq=437486 Ack=141 Win=65024 Len=1448 TSval=2916043575 TSecr=3045563347 [TCP segment of a reassembled PDU]"
"75702","39.494766750","192.168.1.55","192.168.1.2","TCP","1514","8004  >  37100 [ACK] Seq=438934 Ack=141 Win=65024 Len=1448 TSval=2916043575 TSecr=3045563347 [TCP segment of a reassembled PDU]"
"75703","39.494768139","192.168.1.55","192.168.1.2","TCP","1514","8004  >  37100 [ACK] Seq=440382 Ack=141 Win=65024 Len=1448 TSval=2916043575 TSecr=3045563347 [TCP segment of a reassembled PDU]"
"75704","39.494769694","192.168.1.55","192.168.1.2","TCP","1514","8004  >  37100 [ACK] Seq=441830 Ack=141 Win=65024 Len=1448 TSval=2916043575 TSecr=3045563347 [TCP segment of a reassembled PDU]"
"75705","39.494771509","192.168.1.55","192.168.1.2","TCP","1514","8004  >  37100 [PSH, ACK] Seq=443278 Ack=141 Win=65024 Len=1448 TSval=2916043575 TSecr=3045563347 [TCP segment of a reassembled PDU]"
"75706","39.494837787","192.168.1.2","192.168.1.55","TCP","66","37100  >  8004 [ACK] Seq=141 Ack=323094 Win=150528 Len=0 TSval=3045563347 TSecr=2916043566"
"75707","39.494849398","192.168.1.2","192.168.1.55","TCP","66","37100  >  8004 [ACK] Seq=141 Ack=363638 Win=152576 Len=0 TSval=3045563347 TSecr=2916043566"
"75708","39.494921380","192.168.1.55","192.168.1.2","TCP","1514","8004  >  37100 [ACK] Seq=444726 Ack=141 Win=65024 Len=1448 TSval=2916043575 TSecr=3045563347 [TCP segment of a reassembled PDU]"
"75709","39.494924157","192.168.1.55","192.168.1.2","TCP","1514","8004  >  37100 [ACK] Seq=446174 Ack=141 Win=65024 Len=1448 TSval=2916043575 TSecr=3045563347 [TCP segment of a reassembled PDU]"
"75710","39.494925139","192.168.1.55","192.168.1.2","TCP","1514","8004  >  37100 [ACK] Seq=447622 Ack=141 Win=65024 Len=1448 TSval=2916043575 TSecr=3045563347 [TCP segment of a reassembled PDU]"
"75711","39.494926435","192.168.1.55","192.168.1.2","TCP","1514","8004  >  37100 [ACK] Seq=449070 Ack=141 Win=65024 Len=1448 TSval=2916043575 TSecr=3045563347 [TCP segment of a reassembled PDU]"
"75712","39.494927435","192.168.1.55","192.168.1.2","TCP","1514","8004  >  37100 [ACK] Seq=450518 Ack=141 Win=65024 Len=1448 TSval=2916043575 TSecr=3045563347 [TCP segment of a reassembled PDU]"
"75713","39.494929102","192.168.1.55","192.168.1.2","TCP","1514","8004  >  37100 [ACK] Seq=451966 Ack=141 Win=65024 Len=1448 TSval=2916043575 TSecr=3045563347 [TCP segment of a reassembled PDU]"
"75714","39.494930991","192.168.1.55","192.168.1.2","TCP","1514","8004  >  37100 [ACK] Seq=453414 Ack=141 Win=65024 Len=1448 TSval=2916043575 TSecr=3045563347 [TCP segment of a reassembled PDU]"
"75715","39.494932713","192.168.1.55","192.168.1.2","TCP","1514","8004  >  37100 [ACK] Seq=454862 Ack=141 Win=65024 Len=1448 TSval=2916043575 TSecr=3045563347 [TCP segment of a reassembled PDU]"
"75716","39.494933954","192.168.1.55","192.168.1.2","TCP","1514","8004  >  37100 [ACK] Seq=456310 Ack=141 Win=65024 Len=1448 TSval=2916043575 TSecr=3045563347 [TCP segment of a reassembled PDU]"
"75717","39.494934972","192.168.1.55","192.168.1.2","TCP","1514","8004  >  37100 [ACK] Seq=457758 Ack=141 Win=65024 Len=1448 TSval=2916043575 TSecr=3045563347 [TCP segment of a reassembled PDU]"
"75718","39.494936065","192.168.1.55","192.168.1.2","TCP","1514","8004  >  37100 [ACK] Seq=459206 Ack=141 Win=65024 Len=1448 TSval=2916043575 TSecr=3045563347 [TCP segment of a reassembled PDU]"
"75719","39.494937120","192.168.1.55","192.168.1.2","TCP","1514","8004  >  37100 [ACK] Seq=460654 Ack=141 Win=65024 Len=1448 TSval=2916043575 TSecr=3045563347 [TCP segment of a reassembled PDU]"
"75720","39.494938139","192.168.1.55","192.168.1.2","TCP","1514","8004  >  37100 [ACK] Seq=462102 Ack=141 Win=65024 Len=1448 TSval=2916043575 TSecr=3045563347 [TCP segment of a reassembled PDU]"
"75721","39.494939565","192.168.1.55","192.168.1.2","TCP","1514","8004  >  37100 [ACK] Seq=463550 Ack=141 Win=65024 Len=1448 TSval=2916043575 TSecr=3045563347 [TCP segment of a reassembled PDU]"
"75722","39.494941528","192.168.1.55","192.168.1.2","TCP","1514","8004  >  37100 [ACK] Seq=464998 Ack=141 Win=65024 Len=1448 TSval=2916043575 TSecr=3045563347 [TCP segment of a reassembled PDU]"
"75723","39.494943046","192.168.1.55","192.168.1.2","TCP","1514","8004  >  37100 [ACK] Seq=466446 Ack=141 Win=65024 Len=1448 TSval=2916043575 TSecr=3045563347 [TCP segment of a reassembled PDU]"
"75724","39.494944287","192.168.1.55","192.168.1.2","TCP","1514","8004  >  37100 [ACK] Seq=467894 Ack=141 Win=65024 Len=1448 TSval=2916043575 TSecr=3045563347 [TCP segment of a reassembled PDU]"
"75725","39.494945398","192.168.1.55","192.168.1.2","TCP","1514","8004  >  37100 [ACK] Seq=469342 Ack=141 Win=65024 Len=1448 TSval=2916043575 TSecr=3045563347 [TCP segment of a reassembled PDU]"
"75726","39.494946361","192.168.1.55","192.168.1.2","TCP","1514","8004  >  37100 [ACK] Seq=470790 Ack=141 Win=65024 Len=1448 TSval=2916043575 TSecr=3045563347 [TCP segment of a reassembled PDU]"
"75727","39.494947602","192.168.1.55","192.168.1.2","TCP","1514","8004  >  37100 [ACK] Seq=472238 Ack=141 Win=65024 Len=1448 TSval=2916043575 TSecr=3045563347 [TCP segment of a reassembled PDU]"
"75728","39.494948880","192.168.1.55","192.168.1.2","TCP","1514","8004  >  37100 [ACK] Seq=473686 Ack=141 Win=65024 Len=1448 TSval=2916043575 TSecr=3045563347 [TCP segment of a reassembled PDU]"
"75729","39.494950157","192.168.1.55","192.168.1.2","TCP","1514","8004  >  37100 [ACK] Seq=475134 Ack=141 Win=65024 Len=1448 TSval=2916043575 TSecr=3045563347 [TCP segment of a reassembled PDU]"
"75730","39.494952046","192.168.1.55","192.168.1.2","TCP","1514","8004  >  37100 [ACK] Seq=476582 Ack=141 Win=65024 Len=1448 TSval=2916043575 TSecr=3045563347 [TCP segment of a reassembled PDU]"
"75731","39.494953065","192.168.1.55","192.168.1.2","TCP","1514","8004  >  37100 [ACK] Seq=478030 Ack=141 Win=65024 Len=1448 TSval=2916043575 TSecr=3045563347 [TCP segment of a reassembled PDU]"
"75732","39.494954843","192.168.1.55","192.168.1.2","TCP","1514","8004  >  37100 [ACK] Seq=479478 Ack=141 Win=65024 Len=1448 TSval=2916043575 TSecr=3045563347 [TCP segment of a reassembled PDU]"
"75733","39.494955787","192.168.1.55","192.168.1.2","TCP","1514","8004  >  37100 [ACK] Seq=480926 Ack=141 Win=65024 Len=1448 TSval=2916043575 TSecr=3045563347 [TCP segment of a reassembled PDU]"
"75734","39.494956843","192.168.1.55","192.168.1.2","TCP","1514","8004  >  37100 [ACK] Seq=482374 Ack=141 Win=65024 Len=1448 TSval=2916043575 TSecr=3045563347 [TCP segment of a reassembled PDU]"
"75735","39.494958065","192.168.1.55","192.168.1.2","TCP","1514","8004  >  37100 [PSH, ACK] Seq=483822 Ack=141 Win=65024 Len=1448 TSval=2916043575 TSecr=3045563347 [TCP segment of a reassembled PDU]"
"75736","39.494962250","192.168.1.2","192.168.1.55","TCP","66","37100  >  8004 [ACK] Seq=141 Ack=378118 Win=174080 Len=0 TSval=3045563347 TSecr=2916043567"
"75737","39.494971954","192.168.1.2","192.168.1.55","TCP","66","37100  >  8004 [ACK] Seq=141 Ack=389702 Win=174080 Len=0 TSval=3045563348 TSecr=2916043567"
"75738","39.496197215","192.168.1.55","192.168.1.2","TCP","1514","8004  >  37100 [ACK] Seq=485270 Ack=141 Win=65024 Len=1448 TSval=2916043576 TSecr=3045563348 [TCP segment of a reassembled PDU]"
"75739","39.496199289","192.168.1.55","192.168.1.2","TCP","1514","8004  >  37100 [ACK] Seq=486718 Ack=141 Win=65024 Len=1448 TSval=2916043576 TSecr=3045563348 [TCP segment of a reassembled PDU]"
"75740","39.496200771","192.168.1.55","192.168.1.2","TCP","1514","8004  >  37100 [ACK] Seq=488166 Ack=141 Win=65024 Len=1448 TSval=2916043576 TSecr=3045563348 [TCP segment of a reassembled PDU]"
"75741","39.496202271","192.168.1.55","192.168.1.2","TCP","1514","8004  >  37100 [ACK] Seq=489614 Ack=141 Win=65024 Len=1448 TSval=2916043576 TSecr=3045563348 [TCP segment of a reassembled PDU]"
"75742","39.496208011","192.168.1.55","192.168.1.2","TCP","1514","8004  >  37100 [ACK] Seq=491062 Ack=141 Win=65024 Len=1448 TSval=2916043576 TSecr=3045563348 [TCP segment of a reassembled PDU]"
"75743","39.496206919","192.168.1.2","192.168.1.55","TCP","66","37100  >  8004 [ACK] Seq=141 Ack=395494 Win=179200 Len=0 TSval=3045563349 TSecr=2916043567"
"75744","39.496210900","192.168.1.55","192.168.1.2","TCP","1514","8004  >  37100 [ACK] Seq=492510 Ack=141 Win=65024 Len=1448 TSval=2916043576 TSecr=3045563348 [TCP segment of a reassembled PDU]"
"75745","39.496212104","192.168.1.55","192.168.1.2","TCP","1514","8004  >  37100 [ACK] Seq=493958 Ack=141 Win=65024 Len=1448 TSval=2916043576 TSecr=3045563348 [TCP segment of a reassembled PDU]"
"75746","39.496213530","192.168.1.55","192.168.1.2","TCP","1514","8004  >  37100 [ACK] Seq=495406 Ack=141 Win=65024 Len=1448 TSval=2916043576 TSecr=3045563348 [TCP segment of a reassembled PDU]"
"75747","39.496214548","192.168.1.55","192.168.1.2","TCP","1514","8004  >  37100 [ACK] Seq=496854 Ack=141 Win=65024 Len=1448 TSval=2916043576 TSecr=3045563348 [TCP segment of a reassembled PDU]"
"75748","39.496215493","192.168.1.55","192.168.1.2","HTTP","1472","HTTP/1.0 200 OK  (PNG)"
"75749","39.501273057","192.168.1.2","192.168.1.55","TCP","66","37100  >  8004 [ACK] Seq=141 Ack=404182 Win=177152 Len=0 TSval=3045563352 TSecr=2916043574"
"75750","39.501423927","192.168.1.2","192.168.1.55","TCP","66","37100  >  8004 [ACK] Seq=141 Ack=444726 Win=150528 Len=0 TSval=3045563356 TSecr=2916043575"
"75751","39.501431964","192.168.1.2","192.168.1.55","TCP","66","37100  >  8004 [ACK] Seq=141 Ack=485270 Win=114688 Len=0 TSval=3045563356 TSecr=2916043575"
"75752","39.501527279","192.168.1.2","192.168.1.55","TCP","66","37100  >  8004 [ACK] Seq=141 Ack=498302 Win=140288 Len=0 TSval=3045563356 TSecr=2916043576"
"75753","39.502812892","192.168.1.2","192.168.1.55","TCP","66","37100  >  8004 [FIN, ACK] Seq=141 Ack=499709 Win=182272 Len=0 TSval=3045563357 TSecr=2916043576"
"75754","39.502838263","192.168.1.55","192.168.1.2","TCP","66","8004  >  37100 [ACK] Seq=499709 Ack=142 Win=65024 Len=0 TSval=2916043583 TSecr=3045563357"
"75755","39.503129986","192.168.1.2","192.168.1.55","TCP","74","37102  >  8004 [SYN] Seq=0 Win=64240 Len=0 MSS=1460 SACK_PERM TSval=3045563357 TSecr=0 WS=1024"
"75756","39.503172134","192.168.1.55","192.168.1.2","TCP","74","8004  >  37102 [SYN, ACK] Seq=0 Ack=1 Win=65160 Len=0 MSS=1460 SACK_PERM TSval=2916043583 TSecr=3045563357 WS=128"
"75757","39.506590510","192.168.1.2","192.168.1.55","TCP","66","37102  >  8004 [ACK] Seq=1 Ack=1 Win=64512 Len=0 TSval=3045563361 TSecr=2916043583"
"75758","39.509779367","192.168.1.2","192.168.1.55","HTTP","209","GET /original_benchmark.png HTTP/1.1 "
"75759","39.509794459","192.168.1.55","192.168.1.2","TCP","66","8004  >  37102 [ACK] Seq=1 Ack=144 Win=65024 Len=0 TSval=2916043590 TSecr=3045563361"
"75760","39.510287386","192.168.1.55","192.168.1.2","TCP","255","8004  >  37102 [PSH, ACK] Seq=1 Ack=144 Win=65024 Len=189 TSval=2916043590 TSecr=3045563361 [TCP segment of a reassembled PDU]"
"75761","39.510385738","192.168.1.55","192.168.1.2","TCP","1514","8004  >  37102 [ACK] Seq=190 Ack=144 Win=65024 Len=1448 TSval=2916043591 TSecr=3045563361 [TCP segment of a reassembled PDU]"
"75762","39.510390053","192.168.1.55","192.168.1.2","TCP","1514","8004  >  37102 [ACK] Seq=1638 Ack=144 Win=65024 Len=1448 TSval=2916043591 TSecr=3045563361 [TCP segment of a reassembled PDU]"
"75763","39.510391460","192.168.1.55","192.168.1.2","TCP","1514","8004  >  37102 [ACK] Seq=3086 Ack=144 Win=65024 Len=1448 TSval=2916043591 TSecr=3045563361 [TCP segment of a reassembled PDU]"
"75764","39.510392646","192.168.1.55","192.168.1.2","TCP","1514","8004  >  37102 [ACK] Seq=4534 Ack=144 Win=65024 Len=1448 TSval=2916043591 TSecr=3045563361 [TCP segment of a reassembled PDU]"
"75765","39.510393849","192.168.1.55","192.168.1.2","TCP","1514","8004  >  37102 [PSH, ACK] Seq=5982 Ack=144 Win=65024 Len=1448 TSval=2916043591 TSecr=3045563361 [TCP segment of a reassembled PDU]"
"75766","39.510408775","192.168.1.55","192.168.1.2","TCP","1514","8004  >  37102 [ACK] Seq=7430 Ack=144 Win=65024 Len=1448 TSval=2916043591 TSecr=3045563361 [TCP segment of a reassembled PDU]"
"75767","39.510410331","192.168.1.55","192.168.1.2","TCP","1514","8004  >  37102 [ACK] Seq=8878 Ack=144 Win=65024 Len=1448 TSval=2916043591 TSecr=3045563361 [TCP segment of a reassembled PDU]"
"75768","39.510411683","192.168.1.55","192.168.1.2","TCP","1514","8004  >  37102 [ACK] Seq=10326 Ack=144 Win=65024 Len=1448 TSval=2916043591 TSecr=3045563361 [TCP segment of a reassembled PDU]"
"75769","39.510412942","192.168.1.55","192.168.1.2","TCP","1514","8004  >  37102 [PSH, ACK] Seq=11774 Ack=144 Win=65024 Len=1448 TSval=2916043591 TSecr=3045563361 [TCP segment of a reassembled PDU]"
"75770","39.515976229","192.168.1.2","192.168.1.55","TCP","66","37102  >  8004 [ACK] Seq=144 Ack=190 Win=64512 Len=0 TSval=3045563368 TSecr=2916043590"
"75771","39.516033821","192.168.1.55","192.168.1.2","TCP","1514","8004  >  37102 [ACK] Seq=13222 Ack=144 Win=65024 Len=1448 TSval=2916043596 TSecr=3045563368 [TCP segment of a reassembled PDU]"
"75772","39.516040451","192.168.1.55","192.168.1.2","TCP","1514","8004  >  37102 [PSH, ACK] Seq=14670 Ack=144 Win=65024 Len=1448 TSval=2916043596 TSecr=3045563368 [TCP segment of a reassembled PDU]"
"75773","39.516111340","192.168.1.2","192.168.1.55","TCP","66","37102  >  8004 [ACK] Seq=144 Ack=3086 Win=70656 Len=0 TSval=3045563368 TSecr=2916043591"
"75774","39.516123599","192.168.1.2","192.168.1.55","TCP","66","37102  >  8004 [ACK] Seq=144 Ack=5982 Win=76800 Len=0 TSval=3045563368 TSecr=2916043591"
"75775","39.516142173","192.168.1.55","192.168.1.2","TCP","1514","8004  >  37102 [ACK] Seq=16118 Ack=144 Win=65024 Len=1448 TSval=2916043596 TSecr=3045563368 [TCP segment of a reassembled PDU]"
"75776","39.516144359","192.168.1.55","192.168.1.2","TCP","1514","8004  >  37102 [ACK] Seq=17566 Ack=144 Win=65024 Len=1448 TSval=2916043596 TSecr=3045563368 [TCP segment of a reassembled PDU]"
"75777","39.516145618","192.168.1.55","192.168.1.2","TCP","1514","8004  >  37102 [ACK] Seq=19014 Ack=144 Win=65024 Len=1448 TSval=2916043596 TSecr=3045563368 [TCP segment of a reassembled PDU]"
"75778","39.516146988","192.168.1.55","192.168.1.2","TCP","1514","8004  >  37102 [ACK] Seq=20462 Ack=144 Win=65024 Len=1448 TSval=2916043596 TSecr=3045563368 [TCP segment of a reassembled PDU]"
"75779","39.516149248","192.168.1.55","192.168.1.2","TCP","1514","8004  >  37102 [ACK] Seq=21910 Ack=144 Win=65024 Len=1448 TSval=2916043596 TSecr=3045563368 [TCP segment of a reassembled PDU]"
"75780","39.516150859","192.168.1.55","192.168.1.2","TCP","1514","8004  >  37102 [ACK] Seq=23358 Ack=144 Win=65024 Len=1448 TSval=2916043596 TSecr=3045563368 [TCP segment of a reassembled PDU]"
"75781","39.516152173","192.168.1.55","192.168.1.2","TCP","1514","8004  >  37102 [PSH, ACK] Seq=24806 Ack=144 Win=65024 Len=1448 TSval=2916043596 TSecr=3045563368 [TCP segment of a reassembled PDU]"
"75782","39.516156877","192.168.1.2","192.168.1.55","TCP","66","37102  >  8004 [ACK] Seq=144 Ack=7430 Win=79872 Len=0 TSval=3045563369 TSecr=2916043591"
"75783","39.516162025","192.168.1.2","192.168.1.55","TCP","66","37102  >  8004 [ACK] Seq=144 Ack=13222 Win=84992 Len=0 TSval=3045563369 TSecr=2916043591"
"75784","39.516186711","192.168.1.55","192.168.1.2","TCP","1514","8004  >  37102 [ACK] Seq=26254 Ack=144 Win=65024 Len=1448 TSval=2916043596 TSecr=3045563369 [TCP segment of a reassembled PDU]"
"75785","39.516188822","192.168.1.55","192.168.1.2","TCP","1514","8004  >  37102 [ACK] Seq=27702 Ack=144 Win=65024 Len=1448 TSval=2916043596 TSecr=3045563369 [TCP segment of a reassembled PDU]"
"75786","39.516190322","192.168.1.55","192.168.1.2","TCP","1514","8004  >  37102 [ACK] Seq=29150 Ack=144 Win=65024 Len=1448 TSval=2916043596 TSecr=3045563369 [TCP segment of a reassembled PDU]"
"75787","39.516191562","192.168.1.55","192.168.1.2","TCP","1514","8004  >  37102 [ACK] Seq=30598 Ack=144 Win=65024 Len=1448 TSval=2916043596 TSecr=3045563369 [TCP segment of a reassembled PDU]"
"75788","39.516193285","192.168.1.55","192.168.1.2","TCP","1514","8004  >  37102 [ACK] Seq=32046 Ack=144 Win=65024 Len=1448 TSval=2916043596 TSecr=3045563369 [TCP segment of a reassembled PDU]"
"75789","39.516194636","192.168.1.55","192.168.1.2","TCP","1514","8004  >  37102 [ACK] Seq=33494 Ack=144 Win=65024 Len=1448 TSval=2916043596 TSecr=3045563369 [TCP segment of a reassembled PDU]"
"75790","39.516195859","192.168.1.55","192.168.1.2","TCP","1514","8004  >  37102 [ACK] Seq=34942 Ack=144 Win=65024 Len=1448 TSval=2916043596 TSecr=3045563369 [TCP segment of a reassembled PDU]"
"75791","39.516197285","192.168.1.55","192.168.1.2","TCP","1514","8004  >  37102 [ACK] Seq=36390 Ack=144 Win=65024 Len=1448 TSval=2916043596 TSecr=3045563369 [TCP segment of a reassembled PDU]"
"75792","39.516198803","192.168.1.55","192.168.1.2","TCP","1514","8004  >  37102 [ACK] Seq=37838 Ack=144 Win=65024 Len=1448 TSval=2916043596 TSecr=3045563369 [TCP segment of a reassembled PDU]"
"75793","39.516200099","192.168.1.55","192.168.1.2","TCP","1514","8004  >  37102 [PSH, ACK] Seq=39286 Ack=144 Win=65024 Len=1448 TSval=2916043596 TSecr=3045563369 [TCP segment of a reassembled PDU]"
"75794","39.516954564","192.168.1.55","192.168.1.2","TCP","1514","8004  >  37102 [ACK] Seq=40734 Ack=144 Win=65024 Len=1448 TSval=2916043597 TSecr=3045563369 [TCP segment of a reassembled PDU]"
"75795","39.520764699","192.168.1.2","192.168.1.55","TCP","66","37102  >  8004 [ACK] Seq=144 Ack=16118 Win=90112 Len=0 TSval=3045563375 TSecr=2916043596"
"75796","39.520804218","192.168.1.55","192.168.1.2","TCP","1514","8004  >  37102 [ACK] Seq=42182 Ack=144 Win=65024 Len=1448 TSval=2916043601 TSecr=3045563375 [TCP segment of a reassembled PDU]"
"75797","39.520807737","192.168.1.55","192.168.1.2","TCP","1514","8004  >  37102 [PSH, ACK] Seq=43630 Ack=144 Win=65024 Len=1448 TSval=2916043601 TSecr=3045563375 [TCP segment of a reassembled PDU]"
"75798","39.521034996","192.168.1.2","192.168.1.55","TCP","66","37102  >  8004 [ACK] Seq=144 Ack=26254 Win=80896 Len=0 TSval=3045563375 TSecr=2916043596"
"75799","39.521060959","192.168.1.55","192.168.1.2","TCP","1514","8004  >  37102 [ACK] Seq=45078 Ack=144 Win=65024 Len=1448 TSval=2916043601 TSecr=3045563375 [TCP segment of a reassembled PDU]"
"75800","39.521062737","192.168.1.55","192.168.1.2","TCP","1514","8004  >  37102 [ACK] Seq=46526 Ack=144 Win=65024 Len=1448 TSval=2916043601 TSecr=3045563375 [TCP segment of a reassembled PDU]"
"75801","39.521063996","192.168.1.55","192.168.1.2","TCP","1514","8004  >  37102 [ACK] Seq=47974 Ack=144 Win=65024 Len=1448 TSval=2916043601 TSecr=3045563375 [TCP segment of a reassembled PDU]"
"75802","39.521065330","192.168.1.55","192.168.1.2","TCP","1514","8004  >  37102 [ACK] Seq=49422 Ack=144 Win=65024 Len=1448 TSval=2916043601 TSecr=3045563375 [TCP segment of a reassembled PDU]"
"75803","39.521066663","192.168.1.55","192.168.1.2","TCP","1514","8004  >  37102 [ACK] Seq=50870 Ack=144 Win=65024 Len=1448 TSval=2916043601 TSecr=3045563375 [TCP segment of a reassembled PDU]"
"75804","39.521067848","192.168.1.55","192.168.1.2","TCP","1514","8004  >  37102 [ACK] Seq=52318 Ack=144 Win=65024 Len=1448 TSval=2916043601 TSecr=3045563375 [TCP segment of a reassembled PDU]"
"75805","39.521069144","192.168.1.55","192.168.1.2","TCP","1514","8004  >  37102 [ACK] Seq=53766 Ack=144 Win=65024 Len=1448 TSval=2916043601 TSecr=3045563375 [TCP segment of a reassembled PDU]"
"75806","39.521070404","192.168.1.55","192.168.1.2","TCP","1514","8004  >  37102 [ACK] Seq=55214 Ack=144 Win=65024 Len=1448 TSval=2916043601 TSecr=3045563375 [TCP segment of a reassembled PDU]"
"75807","39.521071589","192.168.1.55","192.168.1.2","TCP","1514","8004  >  37102 [ACK] Seq=56662 Ack=144 Win=65024 Len=1448 TSval=2916043601 TSecr=3045563375 [TCP segment of a reassembled PDU]"
"75808","39.521072848","192.168.1.55","192.168.1.2","TCP","1514","8004  >  37102 [ACK] Seq=58110 Ack=144 Win=65024 Len=1448 TSval=2916043601 TSecr=3045563375 [TCP segment of a reassembled PDU]"
"75809","39.521074144","192.168.1.55","192.168.1.2","TCP","1514","8004  >  37102 [ACK] Seq=59558 Ack=144 Win=65024 Len=1448 TSval=2916043601 TSecr=3045563375 [TCP segment of a reassembled PDU]"
"75810","39.521075422","192.168.1.55","192.168.1.2","TCP","1514","8004  >  37102 [ACK] Seq=61006 Ack=144 Win=65024 Len=1448 TSval=2916043601 TSecr=3045563375 [TCP segment of a reassembled PDU]"
"75811","39.521076607","192.168.1.55","192.168.1.2","TCP","1514","8004  >  37102 [ACK] Seq=62454 Ack=144 Win=65024 Len=1448 TSval=2916043601 TSecr=3045563375 [TCP segment of a reassembled PDU]"
"75812","39.521077848","192.168.1.55","192.168.1.2","TCP","1514","8004  >  37102 [PSH, ACK] Seq=63902 Ack=144 Win=65024 Len=1448 TSval=2916043601 TSecr=3045563375 [TCP segment of a reassembled PDU]"
"75813","39.521082218","192.168.1.2","192.168.1.55","TCP","66","37102  >  8004 [ACK] Seq=144 Ack=36390 Win=71680 Len=0 TSval=3045563375 TSecr=2916043596"
"75814","39.521101626","192.168.1.55","192.168.1.2","TCP","1514","8004  >  37102 [ACK] Seq=65350 Ack=144 Win=65024 Len=1448 TSval=2916043601 TSecr=3045563375 [TCP segment of a reassembled PDU]"
"75815","39.521103181","192.168.1.55","192.168.1.2","TCP","1514","8004  >  37102 [ACK] Seq=66798 Ack=144 Win=65024 Len=1448 TSval=2916043601 TSecr=3045563375 [TCP segment of a reassembled PDU]"
"75816","39.521104644","192.168.1.55","192.168.1.2","TCP","1514","8004  >  37102 [ACK] Seq=68246 Ack=144 Win=65024 Len=1448 TSval=2916043601 TSecr=3045563375 [TCP segment of a reassembled PDU]"
"75817","39.521105830","192.168.1.55","192.168.1.2","TCP","1514","8004  >  37102 [ACK] Seq=69694 Ack=144 Win=65024 Len=1448 TSval=2916043601 TSecr=3045563375 [TCP segment of a reassembled PDU]"
"75818","39.521107126","192.168.1.55","192.168.1.2","TCP","1514","8004  >  37102 [ACK] Seq=71142 Ack=144 Win=65024 Len=1448 TSval=2916043601 TSecr=3045563375 [TCP segment of a reassembled PDU]"
"75819","39.521108422","192.168.1.55","192.168.1.2","TCP","1514","8004  >  37102 [ACK] Seq=72590 Ack=144 Win=65024 Len=1448 TSval=2916043601 TSecr=3045563375 [TCP segment of a reassembled PDU]"
"75820","39.521109644","192.168.1.55","192.168.1.2","TCP","1514","8004  >  37102 [ACK] Seq=74038 Ack=144 Win=65024 Len=1448 TSval=2916043601 TSecr=3045563375 [TCP segment of a reassembled PDU]"
"75821","39.521110941","192.168.1.55","192.168.1.2","TCP","1514","8004  >  37102 [PSH, ACK] Seq=75486 Ack=144 Win=65024 Len=1448 TSval=2916043601 TSecr=3045563375 [TCP segment of a reassembled PDU]"
"75822","39.521116719","192.168.1.2","192.168.1.55","TCP","66","37102  >  8004 [ACK] Seq=144 Ack=39286 Win=90112 Len=0 TSval=3045563375 TSecr=2916043596"
"75823","39.521175070","192.168.1.2","192.168.1.55","TCP","66","37102  >  8004 [ACK] Seq=144 Ack=40734 Win=91136 Len=0 TSval=3045563376 TSecr=2916043596"
"75824","39.521181922","192.168.1.2","192.168.1.55","TCP","66","37102  >  8004 [ACK] Seq=144 Ack=42182 Win=90112 Len=0 TSval=3045563376 TSecr=2916043597"
"75825","39.521244645","192.168.1.55","192.168.1.2","TCP","1514","8004  >  37102 [ACK] Seq=76934 Ack=144 Win=65024 Len=1448 TSval=2916043601 TSecr=3045563376 [TCP segment of a reassembled PDU]"
"75826","39.521250422","192.168.1.55","192.168.1.2","TCP","1514","8004  >  37102 [ACK] Seq=78382 Ack=144 Win=65024 Len=1448 TSval=2916043601 TSecr=3045563376 [TCP segment of a reassembled PDU]"
"75827","39.521252256","192.168.1.55","192.168.1.2","TCP","1514","8004  >  37102 [ACK] Seq=79830 Ack=144 Win=65024 Len=1448 TSval=2916043601 TSecr=3045563376 [TCP segment of a reassembled PDU]"
"75828","39.521253571","192.168.1.55","192.168.1.2","TCP","1514","8004  >  37102 [ACK] Seq=81278 Ack=144 Win=65024 Len=1448 TSval=2916043601 TSecr=3045563376 [TCP segment of a reassembled PDU]"
"75829","39.521254848","192.168.1.55","192.168.1.2","TCP","1514","8004  >  37102 [ACK] Seq=82726 Ack=144 Win=65024 Len=1448 TSval=2916043601 TSecr=3045563376 [TCP segment of a reassembled PDU]"
"75830","39.521256052","192.168.1.55","192.168.1.2","TCP","1514","8004  >  37102 [ACK] Seq=84174 Ack=144 Win=65024 Len=1448 TSval=2916043601 TSecr=3045563376 [TCP segment of a reassembled PDU]"
"75831","39.521257274","192.168.1.55","192.168.1.2","TCP","1514","8004  >  37102 [ACK] Seq=85622 Ack=144 Win=65024 Len=1448 TSval=2916043601 TSecr=3045563376 [TCP segment of a reassembled PDU]"
"75832","39.521258497","192.168.1.55","192.168.1.2","TCP","1514","8004  >  37102 [ACK] Seq=87070 Ack=144 Win=65024 Len=1448 TSval=2916043601 TSecr=3045563376 [TCP segment of a reassembled PDU]"
"75833","39.521259978","192.168.1.55","192.168.1.2","TCP","1514","8004  >  37102 [ACK] Seq=88518 Ack=144 Win=65024 Len=1448 TSval=2916043601 TSecr=3045563376 [TCP segment of a reassembled PDU]"
"75834","39.521261460","192.168.1.55","192.168.1.2","TCP","1514","8004  >  37102 [ACK] Seq=89966 Ack=144 Win=65024 Len=1448 TSval=2916043601 TSecr=3045563376 [TCP segment of a reassembled PDU]"
"75835","39.521262663","192.168.1.55","192.168.1.2","TCP","1514","8004  >  37102 [ACK] Seq=91414 Ack=144 Win=65024 Len=1448 TSval=2916043601 TSecr=3045563376 [TCP segment of a reassembled PDU]"
"75836","39.521263848","192.168.1.55","192.168.1.2","TCP","1514","8004  >  37102 [ACK] Seq=92862 Ack=144 Win=65024 Len=1448 TSval=2916043601 TSecr=3045563376 [TCP segment of a reassembled PDU]"
"75837","39.521265163","192.168.1.55","192.168.1.2","TCP","1514","8004  >  37102 [ACK] Seq=94310 Ack=144 Win=65024 Len=1448 TSval=2916043601 TSecr=3045563376 [TCP segment of a reassembled PDU]"
"75838","39.521266404","192.168.1.55","192.168.1.2","TCP","1514","8004  >  37102 [PSH, ACK] Seq=95758 Ack=144 Win=65024 Len=1448 TSval=2916043601 TSecr=3045563376 [TCP segment of a reassembled PDU]"
"75839","39.522025183","192.168.1.55","192.168.1.2","TCP","1514","8004  >  37102 [ACK] Seq=97206 Ack=144 Win=65024 Len=1448 TSval=2916043602 TSecr=3045563376 [TCP segment of a reassembled PDU]"
"75840","39.522027498","192.168.1.55","192.168.1.2","TCP","1514","8004  >  37102 [PSH, ACK] Seq=98654 Ack=144 Win=65024 Len=1448 TSval=2916043602 TSecr=3045563376 [TCP segment of a reassembled PDU]"
"75841","39.527924211","192.168.1.2","192.168.1.55","TCP","66","37102  >  8004 [ACK] Seq=144 Ack=45078 Win=88064 Len=0 TSval=3045563381 TSecr=2916043601"
"75842","39.527935007","192.168.1.55","192.168.1.2","TCP","1514","8004  >  37102 [ACK] Seq=100102 Ack=144 Win=65024 Len=1448 TSval=2916043608 TSecr=3045563381 [TCP segment of a reassembled PDU]"
"75843","39.527937267","192.168.1.55","192.168.1.2","TCP","1514","8004  >  37102 [ACK] Seq=101550 Ack=144 Win=65024 Len=1448 TSval=2916043608 TSecr=3045563381 [TCP segment of a reassembled PDU]"
"75844","39.527938433","192.168.1.55","192.168.1.2","TCP","1514","8004  >  37102 [ACK] Seq=102998 Ack=144 Win=65024 Len=1448 TSval=2916043608 TSecr=3045563381 [TCP segment of a reassembled PDU]"
"75845","39.527939600","192.168.1.55","192.168.1.2","TCP","1514","8004  >  37102 [PSH, ACK] Seq=104446 Ack=144 Win=65024 Len=1448 TSval=2916043608 TSecr=3045563381 [TCP segment of a reassembled PDU]"
"75846","39.528208452","192.168.1.2","192.168.1.55","TCP","66","37102  >  8004 [ACK] Seq=144 Ack=65350 Win=73728 Len=0 TSval=3045563381 TSecr=2916043601"
"75847","39.528222286","192.168.1.55","192.168.1.2","TCP","1514","8004  >  37102 [ACK] Seq=105894 Ack=144 Win=65024 Len=1448 TSval=2916043608 TSecr=3045563381 [TCP segment of a reassembled PDU]"
"75848","39.528224323","192.168.1.55","192.168.1.2","TCP","1514","8004  >  37102 [ACK] Seq=107342 Ack=144 Win=65024 Len=1448 TSval=2916043608 TSecr=3045563381 [TCP segment of a reassembled PDU]"
"75849","39.528225860","192.168.1.55","192.168.1.2","TCP","1514","8004  >  37102 [ACK] Seq=108790 Ack=144 Win=65024 Len=1448 TSval=2916043608 TSecr=3045563381 [TCP segment of a reassembled PDU]"
"75850","39.528227323","192.168.1.55","192.168.1.2","TCP","1514","8004  >  37102 [ACK] Seq=110238 Ack=144 Win=65024 Len=1448 TSval=2916043608 TSecr=3045563381 [TCP segment of a reassembled PDU]"
"75851","39.528228545","192.168.1.55","192.168.1.2","TCP","1514","8004  >  37102 [ACK] Seq=111686 Ack=144 Win=65024 Len=1448 TSval=2916043608 TSecr=3045563381 [TCP segment of a reassembled PDU]"
"75852","39.528229693","192.168.1.55","192.168.1.2","TCP","1514","8004  >  37102 [ACK] Seq=113134 Ack=144 Win=65024 Len=1448 TSval=2916043608 TSecr=3045563381 [TCP segment of a reassembled PDU]"
"75853","39.528230934","192.168.1.55","192.168.1.2","TCP","1514","8004  >  37102 [ACK] Seq=114582 Ack=144 Win=65024 Len=1448 TSval=2916043608 TSecr=3045563381 [TCP segment of a reassembled PDU]"
"75854","39.528232249","192.168.1.55","192.168.1.2","TCP","1514","8004  >  37102 [ACK] Seq=116030 Ack=144 Win=65024 Len=1448 TSval=2916043608 TSecr=3045563381 [TCP segment of a reassembled PDU]"
"75855","39.528233434","192.168.1.55","192.168.1.2","TCP","1514","8004  >  37102 [PSH, ACK] Seq=117478 Ack=144 Win=65024 Len=1448 TSval=2916043608 TSecr=3045563381 [TCP segment of a reassembled PDU]"
"75856","39.528237638","192.168.1.2","192.168.1.55","TCP","66","37102  >  8004 [ACK] Seq=144 Ack=76934 Win=62464 Len=0 TSval=3045563381 TSecr=2916043601"
"75857","39.528246526","192.168.1.2","192.168.1.55","TCP","66","37102  >  8004 [ACK] Seq=144 Ack=91414 Win=66560 Len=0 TSval=3045563381 TSecr=2916043601"
"75858","39.528283360","192.168.1.55","192.168.1.2","TCP","1514","8004  >  37102 [ACK] Seq=118926 Ack=144 Win=65024 Len=1448 TSval=2916043608 TSecr=3045563381 [TCP segment of a reassembled PDU]"
"75859","39.528284952","192.168.1.55","192.168.1.2","TCP","1514","8004  >  37102 [ACK] Seq=120374 Ack=144 Win=65024 Len=1448 TSval=2916043608 TSecr=3045563381 [TCP segment of a reassembled PDU]"
"75860","39.528286119","192.168.1.55","192.168.1.2","TCP","1514","8004  >  37102 [ACK] Seq=121822 Ack=144 Win=65024 Len=1448 TSval=2916043608 TSecr=3045563381 [TCP segment of a reassembled PDU]"
"75861","39.528287434","192.168.1.55","192.168.1.2","TCP","1514","8004  >  37102 [ACK] Seq=123270 Ack=144 Win=65024 Len=1448 TSval=2916043608 TSecr=3045563381 [TCP segment of a reassembled PDU]"
"75862","39.528288823","192.168.1.55","192.168.1.2","TCP","1514","8004  >  37102 [ACK] Seq=124718 Ack=144 Win=65024 Len=1448 TSval=2916043608 TSecr=3045563381 [TCP segment of a reassembled PDU]"
"75863","39.528290027","192.168.1.55","192.168.1.2","TCP","1514","8004  >  37102 [ACK] Seq=126166 Ack=144 Win=65024 Len=1448 TSval=2916043608 TSecr=3045563381 [TCP segment of a reassembled PDU]"
"75864","39.528295193","192.168.1.55","192.168.1.2","TCP","1514","8004  >  37102 [ACK] Seq=127614 Ack=144 Win=65024 Len=1448 TSval=2916043608 TSecr=3045563381 [TCP segment of a reassembled PDU]"
"75865","39.528297397","192.168.1.55","192.168.1.2","TCP","1514","8004  >  37102 [ACK] Seq=129062 Ack=144 Win=65024 Len=1448 TSval=2916043608 TSecr=3045563381 [TCP segment of a reassembled PDU]"
"75866","39.528298712","192.168.1.55","192.168.1.2","TCP","1514","8004  >  37102 [ACK] Seq=130510 Ack=144 Win=65024 Len=1448 TSval=2916043608 TSecr=3045563381 [TCP segment of a reassembled PDU]"
"75867","39.528300156","192.168.1.55","192.168.1.2","TCP","1514","8004  >  37102 [ACK] Seq=131958 Ack=144 Win=65024 Len=1448 TSval=2916043608 TSecr=3045563381 [TCP segment of a reassembled PDU]"
"75868","39.528301378","192.168.1.55","192.168.1.2","TCP","1514","8004  >  37102 [ACK] Seq=133406 Ack=144 Win=65024 Len=1448 TSval=2916043608 TSecr=3045563381 [TCP segment of a reassembled PDU]"
"75869","39.528302749","192.168.1.55","192.168.1.2","TCP","1514","8004  >  37102 [ACK] Seq=134854 Ack=144 Win=65024 Len=1448 TSval=2916043608 TSecr=3045563381 [TCP segment of a reassembled PDU]"
"75870","39.528304008","192.168.1.55","192.168.1.2","TCP","1514","8004  >  37102 [ACK] Seq=136302 Ack=144 Win=65024 Len=1448 TSval=2916043608 TSecr=3045563381 [TCP segment of a reassembled PDU]"
"75871","39.528305212","192.168.1.55","192.168.1.2","TCP","1514","8004  >  37102 [ACK] Seq=137750 Ack=144 Win=65024 Len=1448 TSval=2916043608 TSecr=3045563381 [TCP segment of a reassembled PDU]"
"75872","39.528306545","192.168.1.55","192.168.1.2","TCP","1514","8004  >  37102 [ACK] Seq=139198 Ack=144 Win=65024 Len=1448 TSval=2916043608 TSecr=3045563381 [TCP segment of a reassembled PDU]"
"75873","39.528307712","192.168.1.55","192.168.1.2","TCP","1514","8004  >  37102 [ACK] Seq=140646 Ack=144 Win=65024 Len=1448 TSval=2916043608 TSecr=3045563381 [TCP segment of a reassembled PDU]"
"75874","39.528309045","192.168.1.55","192.168.1.2","TCP","1514","8004  >  37102 [ACK] Seq=142094 Ack=144 Win=65024 Len=1448 TSval=2916043608 TSecr=3045563381 [TCP segment of a reassembled PDU]"
"75875","39.528310323","192.168.1.55","192.168.1.2","TCP","1514","8004  >  37102 [ACK] Seq=143542 Ack=144 Win=65024 Len=1448 TSval=2916043608 TSecr=3045563381 [TCP segment of a reassembled PDU]"
"75876","39.528311878","192.168.1.55","192.168.1.2","TCP","1514","8004  >  37102 [ACK] Seq=144990 Ack=144 Win=65024 Len=1448 TSval=2916043608 TSecr=3045563381 [TCP segment of a reassembled PDU]"
"75877","39.528313027","192.168.1.55","192.168.1.2","TCP","1514","8004  >  37102 [ACK] Seq=146438 Ack=144 Win=65024 Len=1448 TSval=2916043608 TSecr=3045563381 [TCP segment of a reassembled PDU]"
"75878","39.528314304","192.168.1.55","192.168.1.2","TCP","1514","8004  >  37102 [ACK] Seq=147886 Ack=144 Win=65024 Len=1448 TSval=2916043608 TSecr=3045563381 [TCP segment of a reassembled PDU]"
"75879","39.528315619","192.168.1.55","192.168.1.2","TCP","1514","8004  >  37102 [ACK] Seq=149334 Ack=144 Win=65024 Len=1448 TSval=2916043608 TSecr=3045563381 [TCP segment of a reassembled PDU]"
"75880","39.528316860","192.168.1.55","192.168.1.2","TCP","1514","8004  >  37102 [ACK] Seq=150782 Ack=144 Win=65024 Len=1448 TSval=2916043608 TSecr=3045563381 [TCP segment of a reassembled PDU]"
"75881","39.528318119","192.168.1.55","192.168.1.2","TCP","1514","8004  >  37102 [ACK] Seq=152230 Ack=144 Win=65024 Len=1448 TSval=2916043608 TSecr=3045563381 [TCP segment of a reassembled PDU]"
"75882","39.528319471","192.168.1.55","192.168.1.2","TCP","1514","8004  >  37102 [ACK] Seq=153678 Ack=144 Win=65024 Len=1448 TSval=2916043608 TSecr=3045563381 [TCP segment of a reassembled PDU]"
"75883","39.528320638","192.168.1.55","192.168.1.2","TCP","1514","8004  >  37102 [ACK] Seq=155126 Ack=144 Win=65024 Len=1448 TSval=2916043608 TSecr=3045563381 [TCP segment of a reassembled PDU]"
"75884","39.528321971","192.168.1.55","192.168.1.2","TCP","1466","[TCP Window Full] 8004  >  37102 [PSH, ACK] Seq=156574 Ack=144 Win=65024 Len=1400 TSval=2916043608 TSecr=3045563381 [TCP segment of a reassembled PDU]"
"75885","39.528385249","192.168.1.2","192.168.1.55","TCP","66","37102  >  8004 [ACK] Seq=144 Ack=97206 Win=86016 Len=0 TSval=3045563382 TSecr=2916043601"
"75886","39.528394286","192.168.1.2","192.168.1.55","TCP","66","37102  >  8004 [ACK] Seq=144 Ack=100102 Win=83968 Len=0 TSval=3045563382 TSecr=2916043602"
"75887","39.529568029","192.168.1.55","192.168.1.2","TCP","1514","8004  >  37102 [ACK] Seq=157974 Ack=144 Win=65024 Len=1448 TSval=2916043610 TSecr=3045563382 [TCP segment of a reassembled PDU]"
"75888","39.529569880","192.168.1.55","192.168.1.2","TCP","1514","8004  >  37102 [PSH, ACK] Seq=159422 Ack=144 Win=65024 Len=1448 TSval=2916043610 TSecr=3045563382 [TCP segment of a reassembled PDU]"
"75889","39.529574010","192.168.1.55","192.168.1.2","TCP","114","8004  >  37102 [ACK] Seq=160870 Ack=144 Win=65024 Len=48 TSval=2916043610 TSecr=3045563382 [TCP segment of a reassembled PDU]"
"75890","39.529590862","192.168.1.55","192.168.1.2","TCP","1514","8004  >  37102 [ACK] Seq=160918 Ack=144 Win=65024 Len=1448 TSval=2916043610 TSecr=3045563382 [TCP segment of a reassembled PDU]"
"75891","39.529592103","192.168.1.55","192.168.1.2","TCP","1514","8004  >  37102 [ACK] Seq=162366 Ack=144 Win=65024 Len=1448 TSval=2916043610 TSecr=3045563382 [TCP segment of a reassembled PDU]"
"75892","39.529593362","192.168.1.55","192.168.1.2","TCP","1514","8004  >  37102 [ACK] Seq=163814 Ack=144 Win=65024 Len=1448 TSval=2916043610 TSecr=3045563382 [TCP segment of a reassembled PDU]"
"75893","39.529594640","192.168.1.55","192.168.1.2","TCP","1514","8004  >  37102 [ACK] Seq=165262 Ack=144 Win=65024 Len=1448 TSval=2916043610 TSecr=3045563382 [TCP segment of a reassembled PDU]"
"75894","39.529595973","192.168.1.55","192.168.1.2","TCP","1514","8004  >  37102 [ACK] Seq=166710 Ack=144 Win=65024 Len=1448 TSval=2916043610 TSecr=3045563382 [TCP segment of a reassembled PDU]"
"75895","39.529597195","192.168.1.55","192.168.1.2","TCP","1514","8004  >  37102 [ACK] Seq=168158 Ack=144 Win=65024 Len=1448 TSval=2916043610 TSecr=3045563382 [TCP segment of a reassembled PDU]"
"75896","39.529598362","192.168.1.55","192.168.1.2","TCP","1514","8004  >  37102 [ACK] Seq=169606 Ack=144 Win=65024 Len=1448 TSval=2916043610 TSecr=3045563382 [TCP segment of a reassembled PDU]"
"75897","39.529599862","192.168.1.55","192.168.1.2","TCP","1514","8004  >  37102 [ACK] Seq=171054 Ack=144 Win=65024 Len=1448 TSval=2916043610 TSecr=3045563382 [TCP segment of a reassembled PDU]"
"75898","39.529601140","192.168.1.55","192.168.1.2","TCP","1514","8004  >  37102 [ACK] Seq=172502 Ack=144 Win=65024 Len=1448 TSval=2916043610 TSecr=3045563382 [TCP segment of a reassembled PDU]"
"75899","39.529602436","192.168.1.55","192.168.1.2","TCP","1514","8004  >  37102 [ACK] Seq=173950 Ack=144 Win=65024 Len=1448 TSval=2916043610 TSecr=3045563382 [TCP segment of a reassembled PDU]"
"75900","39.529603658","192.168.1.55","192.168.1.2","TCP","1514","8004  >  37102 [ACK] Seq=175398 Ack=144 Win=65024 Len=1448 TSval=2916043610 TSecr=3045563382 [TCP segment of a reassembled PDU]"
"75901","39.529604918","192.168.1.55","192.168.1.2","TCP","1514","8004  >  37102 [ACK] Seq=176846 Ack=144 Win=65024 Len=1448 TSval=2916043610 TSecr=3045563382 [TCP segment of a reassembled PDU]"
"75902","39.529606158","192.168.1.55","192.168.1.2","TCP","1514","8004  >  37102 [ACK] Seq=178294 Ack=144 Win=65024 Len=1448 TSval=2916043610 TSecr=3045563382 [TCP segment of a reassembled PDU]"
"75903","39.529607788","192.168.1.55","192.168.1.2","TCP","1514","8004  >  37102 [ACK] Seq=179742 Ack=144 Win=65024 Len=1448 TSval=2916043610 TSecr=3045563382 [TCP segment of a reassembled PDU]"
"75904","39.529609121","192.168.1.55","192.168.1.2","TCP","1514","8004  >  37102 [PSH, ACK] Seq=181190 Ack=144 Win=65024 Len=1448 TSval=2916043610 TSecr=3045563382 [TCP segment of a reassembled PDU]"
"75905","39.534889556","192.168.1.2","192.168.1.55","TCP","66","37102  >  8004 [ACK] Seq=144 Ack=105894 Win=86016 Len=0 TSval=3045563389 TSecr=2916043608"
"75906","39.534929834","192.168.1.55","192.168.1.2","TCP","1514","8004  >  37102 [ACK] Seq=182638 Ack=144 Win=65024 Len=1448 TSval=2916043615 TSecr=3045563389 [TCP segment of a reassembled PDU]"
"75907","39.534934889","192.168.1.55","192.168.1.2","TCP","1514","8004  >  37102 [ACK] Seq=184086 Ack=144 Win=65024 Len=1448 TSval=2916043615 TSecr=3045563389 [TCP segment of a reassembled PDU]"
"75908","39.534936426","192.168.1.55","192.168.1.2","TCP","1514","8004  >  37102 [ACK] Seq=185534 Ack=144 Win=65024 Len=1448 TSval=2916043615 TSecr=3045563389 [TCP segment of a reassembled PDU]"
"75909","39.534937889","192.168.1.55","192.168.1.2","TCP","1514","8004  >  37102 [ACK] Seq=186982 Ack=144 Win=65024 Len=1448 TSval=2916043615 TSecr=3045563389 [TCP segment of a reassembled PDU]"
"75910","39.534940408","192.168.1.55","192.168.1.2","TCP","1514","8004  >  37102 [ACK] Seq=188430 Ack=144 Win=65024 Len=1448 TSval=2916043615 TSecr=3045563389 [TCP segment of a reassembled PDU]"
"75911","39.534942000","192.168.1.55","192.168.1.2","TCP","1514","8004  >  37102 [PSH, ACK] Seq=189878 Ack=144 Win=65024 Len=1448 TSval=2916043615 TSecr=3045563389 [TCP segment of a reassembled PDU]"
"75912","39.535014315","192.168.1.2","192.168.1.55","TCP","66","37102  >  8004 [ACK] Seq=144 Ack=118926 Win=73728 Len=0 TSval=3045563389 TSecr=2916043608"
"75913","39.535022186","192.168.1.2","192.168.1.55","TCP","66","37102  >  8004 [ACK] Seq=144 Ack=157974 Win=66560 Len=0 TSval=3045563389 TSecr=2916043608"
"75914","39.535043445","192.168.1.55","192.168.1.2","TCP","1514","8004  >  37102 [ACK] Seq=191326 Ack=144 Win=65024 Len=1448 TSval=2916043615 TSecr=3045563389 [TCP segment of a reassembled PDU]"
"75915","39.535046056","192.168.1.55","192.168.1.2","TCP","1514","8004  >  37102 [ACK] Seq=192774 Ack=144 Win=65024 Len=1448 TSval=2916043615 TSecr=3045563389 [TCP segment of a reassembled PDU]"
"75916","39.535047463","192.168.1.55","192.168.1.2","TCP","1514","8004  >  37102 [ACK] Seq=194222 Ack=144 Win=65024 Len=1448 TSval=2916043615 TSecr=3045563389 [TCP segment of a reassembled PDU]"
"75917","39.535048852","192.168.1.55","192.168.1.2","TCP","1514","8004  >  37102 [ACK] Seq=195670 Ack=144 Win=65024 Len=1448 TSval=2916043615 TSecr=3045563389 [TCP segment of a reassembled PDU]"
"75918","39.535050278","192.168.1.55","192.168.1.2","TCP","1514","8004  >  37102 [ACK] Seq=197118 Ack=144 Win=65024 Len=1448 TSval=2916043615 TSecr=3045563389 [TCP segment of a reassembled PDU]"
"75919","39.535051649","192.168.1.55","192.168.1.2","TCP","1514","8004  >  37102 [ACK] Seq=198566 Ack=144 Win=65024 Len=1448 TSval=2916043615 TSecr=3045563389 [TCP segment of a reassembled PDU]"
"75920","39.535053186","192.168.1.55","192.168.1.2","TCP","1514","8004  >  37102 [ACK] Seq=200014 Ack=144 Win=65024 Len=1448 TSval=2916043615 TSecr=3045563389 [TCP segment of a reassembled PDU]"
"75921","39.535054593","192.168.1.55","192.168.1.2","TCP","1514","8004  >  37102 [ACK] Seq=201462 Ack=144 Win=65024 Len=1448 TSval=2916043615 TSecr=3045563389 [TCP segment of a reassembled PDU]"
"75922","39.535056778","192.168.1.55","192.168.1.2","TCP","1514","8004  >  37102 [ACK] Seq=202910 Ack=144 Win=65024 Len=1448 TSval=2916043615 TSecr=3045563389 [TCP segment of a reassembled PDU]"
"75923","39.535058315","192.168.1.55","192.168.1.2","TCP","1514","8004  >  37102 [PSH, ACK] Seq=204358 Ack=144 Win=65024 Len=1448 TSval=2916043615 TSecr=3045563389 [TCP segment of a reassembled PDU]"
"75924","39.535063149","192.168.1.2","192.168.1.55","TCP","66","37102  >  8004 [ACK] Seq=144 Ack=178294 Win=84992 Len=0 TSval=3045563389 TSecr=2916043610"
"75925","39.535114167","192.168.1.55","192.168.1.2","TCP","1514","8004  >  37102 [ACK] Seq=205806 Ack=144 Win=65024 Len=1448 TSval=2916043615 TSecr=3045563389 [TCP segment of a reassembled PDU]"
"75926","39.535116093","192.168.1.55","192.168.1.2","TCP","1514","8004  >  37102 [ACK] Seq=207254 Ack=144 Win=65024 Len=1448 TSval=2916043615 TSecr=3045563389 [TCP segment of a reassembled PDU]"
"75927","39.535117593","192.168.1.55","192.168.1.2","TCP","1514","8004  >  37102 [ACK] Seq=208702 Ack=144 Win=65024 Len=1448 TSval=2916043615 TSecr=3045563389 [TCP segment of a reassembled PDU]"
"75928","39.535118964","192.168.1.55","192.168.1.2","TCP","1514","8004  >  37102 [ACK] Seq=210150 Ack=144 Win=65024 Len=1448 TSval=2916043615 TSecr=3045563389 [TCP segment of a reassembled PDU]"
"75929","39.535121778","192.168.1.55","192.168.1.2","TCP","1514","8004  >  37102 [ACK] Seq=211598 Ack=144 Win=65024 Len=1448 TSval=2916043615 TSecr=3045563389 [TCP segment of a reassembled PDU]"
"75930","39.535123908","192.168.1.55","192.168.1.2","TCP","1514","8004  >  37102 [ACK] Seq=213046 Ack=144 Win=65024 Len=1448 TSval=2916043615 TSecr=3045563389 [TCP segment of a reassembled PDU]"
"75931","39.535125556","192.168.1.55","192.168.1.2","TCP","1514","8004  >  37102 [ACK] Seq=214494 Ack=144 Win=65024 Len=1448 TSval=2916043615 TSecr=3045563389 [TCP segment of a reassembled PDU]"
"75932","39.535127019","192.168.1.55","192.168.1.2","TCP","1514","8004  >  37102 [ACK] Seq=215942 Ack=144 Win=65024 Len=1448 TSval=2916043615 TSecr=3045563389 [TCP segment of a reassembled PDU]"
"75933","39.535128464","192.168.1.55","192.168.1.2","TCP","1514","8004  >  37102 [ACK] Seq=217390 Ack=144 Win=65024 Len=1448 TSval=2916043615 TSecr=3045563389 [TCP segment of a reassembled PDU]"
"75934","39.535129927","192.168.1.55","192.168.1.2","TCP","1514","8004  >  37102 [ACK] Seq=218838 Ack=144 Win=65024 Len=1448 TSval=2916043615 TSecr=3045563389 [TCP segment of a reassembled PDU]"
"75935","39.535131519","192.168.1.55","192.168.1.2","TCP","1514","8004  >  37102 [ACK] Seq=220286 Ack=144 Win=65024 Len=1448 TSval=2916043615 TSecr=3045563389 [TCP segment of a reassembled PDU]"
"75936","39.535132927","192.168.1.55","192.168.1.2","TCP","1514","8004  >  37102 [ACK] Seq=221734 Ack=144 Win=65024 Len=1448 TSval=2916043615 TSecr=3045563389 [TCP segment of a reassembled PDU]"
"75937","39.535141890","192.168.1.55","192.168.1.2","TCP","1514","8004  >  37102 [ACK] Seq=223182 Ack=144 Win=65024 Len=1448 TSval=2916043615 TSecr=3045563389 [TCP segment of a reassembled PDU]"
"75938","39.535143890","192.168.1.55","192.168.1.2","TCP","1514","8004  >  37102 [ACK] Seq=224630 Ack=144 Win=65024 Len=1448 TSval=2916043615 TSecr=3045563389 [TCP segment of a reassembled PDU]"
"75939","39.535145427","192.168.1.55","192.168.1.2","TCP","1514","8004  >  37102 [ACK] Seq=226078 Ack=144 Win=65024 Len=1448 TSval=2916043615 TSecr=3045563389 [TCP segment of a reassembled PDU]"
"75940","39.535146908","192.168.1.55","192.168.1.2","TCP","1514","8004  >  37102 [ACK] Seq=227526 Ack=144 Win=65024 Len=1448 TSval=2916043615 TSecr=3045563389 [TCP segment of a reassembled PDU]"
"75941","39.535148445","192.168.1.55","192.168.1.2","TCP","1514","8004  >  37102 [ACK] Seq=228974 Ack=144 Win=65024 Len=1448 TSval=2916043615 TSecr=3045563389 [TCP segment of a reassembled PDU]"
"75942","39.535150760","192.168.1.55","192.168.1.2","TCP","1514","8004  >  37102 [ACK] Seq=230422 Ack=144 Win=65024 Len=1448 TSval=2916043615 TSecr=3045563389 [TCP segment of a reassembled PDU]"
"75943","39.535152427","192.168.1.55","192.168.1.2","TCP","1514","8004  >  37102 [ACK] Seq=231870 Ack=144 Win=65024 Len=1448 TSval=2916043615 TSecr=3045563389 [TCP segment of a reassembled PDU]"
"75944","39.535153927","192.168.1.55","192.168.1.2","TCP","1514","8004  >  37102 [ACK] Seq=233318 Ack=144 Win=65024 Len=1448 TSval=2916043615 TSecr=3045563389 [TCP segment of a reassembled PDU]"
"75945","39.535155315","192.168.1.55","192.168.1.2","TCP","1514","8004  >  37102 [ACK] Seq=234766 Ack=144 Win=65024 Len=1448 TSval=2916043615 TSecr=3045563389 [TCP segment of a reassembled PDU]"
"75946","39.535156686","192.168.1.55","192.168.1.2","TCP","1514","8004  >  37102 [ACK] Seq=236214 Ack=144 Win=65024 Len=1448 TSval=2916043615 TSecr=3045563389 [TCP segment of a reassembled PDU]"
"75947","39.535158112","192.168.1.55","192.168.1.2","TCP","1514","8004  >  37102 [ACK] Seq=237662 Ack=144 Win=65024 Len=1448 TSval=2916043615 TSecr=3045563389 [TCP segment of a reassembled PDU]"
"75948","39.535159575","192.168.1.55","192.168.1.2","TCP","1514","8004  >  37102 [ACK] Seq=239110 Ack=144 Win=65024 Len=1448 TSval=2916043615 TSecr=3045563389 [TCP segment of a reassembled PDU]"
"75949","39.535161112","192.168.1.55","192.168.1.2","TCP","1514","8004  >  37102 [ACK] Seq=240558 Ack=144 Win=65024 Len=1448 TSval=2916043615 TSecr=3045563389 [TCP segment of a reassembled PDU]"
"75950","39.535163686","192.168.1.55","192.168.1.2","TCP","1514","8004  >  37102 [ACK] Seq=242006 Ack=144 Win=65024 Len=1448 TSval=2916043615 TSecr=3045563389 [TCP segment of a reassembled PDU]"
"75951","39.535165464","192.168.1.55","192.168.1.2","TCP","1514","8004  >  37102 [ACK] Seq=243454 Ack=144 Win=65024 Len=1448 TSval=2916043615 TSecr=3045563389 [TCP segment of a reassembled PDU]"
"75952","39.535167204","192.168.1.55","192.168.1.2","TCP","1514","8004  >  37102 [ACK] Seq=244902 Ack=144 Win=65024 Len=1448 TSval=2916043615 TSecr=3045563389 [TCP segment of a reassembled PDU]"
"75953","39.535168630","192.168.1.55","192.168.1.2","TCP","1514","8004  >  37102 [ACK] Seq=246350 Ack=144 Win=65024 Len=1448 TSval=2916043615 TSecr=3045563389 [TCP segment of a reassembled PDU]"
"75954","39.535170130","192.168.1.55","192.168.1.2","TCP","1514","8004  >  37102 [ACK] Seq=247798 Ack=144 Win=65024 Len=1448 TSval=2916043615 TSecr=3045563389 [TCP segment of a reassembled PDU]"
"75955","39.535171890","192.168.1.55","192.168.1.2","TCP","1514","8004  >  37102 [PSH, ACK] Seq=249246 Ack=144 Win=65024 Len=1448 TSval=2916043615 TSecr=3045563389 [TCP segment of a reassembled PDU]"
"75956","39.535178149","192.168.1.2","192.168.1.55","TCP","66","37102  >  8004 [ACK] Seq=144 Ack=179742 Win=94208 Len=0 TSval=3045563389 TSecr=2916043610"
"75957","39.536420095","192.168.1.2","192.168.1.55","TCP","66","37102  >  8004 [ACK] Seq=144 Ack=182638 Win=100352 Len=0 TSval=3045563390 TSecr=2916043610"
"75958","39.536462058","192.168.1.55","192.168.1.2","TCP","1514","8004  >  37102 [ACK] Seq=250694 Ack=144 Win=65024 Len=1448 TSval=2916043617 TSecr=3045563390 [TCP segment of a reassembled PDU]"
"75959","39.536464484","192.168.1.55","192.168.1.2","TCP","1514","8004  >  37102 [ACK] Seq=252142 Ack=144 Win=65024 Len=1448 TSval=2916043617 TSecr=3045563390 [TCP segment of a reassembled PDU]"
"75960","39.536467095","192.168.1.55","192.168.1.2","TCP","1514","8004  >  37102 [ACK] Seq=253590 Ack=144 Win=65024 Len=1448 TSval=2916043617 TSecr=3045563390 [TCP segment of a reassembled PDU]"
"75961","39.536468873","192.168.1.55","192.168.1.2","TCP","1514","8004  >  37102 [ACK] Seq=255038 Ack=144 Win=65024 Len=1448 TSval=2916043617 TSecr=3045563390 [TCP segment of a reassembled PDU]"
"75962","39.536470355","192.168.1.55","192.168.1.2","TCP","1514","8004  >  37102 [ACK] Seq=256486 Ack=144 Win=65024 Len=1448 TSval=2916043617 TSecr=3045563390 [TCP segment of a reassembled PDU]"
"75963","39.536471966","192.168.1.55","192.168.1.2","TCP","1514","8004  >  37102 [ACK] Seq=257934 Ack=144 Win=65024 Len=1448 TSval=2916043617 TSecr=3045563390 [TCP segment of a reassembled PDU]"
"75964","39.536473410","192.168.1.55","192.168.1.2","TCP","1514","8004  >  37102 [ACK] Seq=259382 Ack=144 Win=65024 Len=1448 TSval=2916043617 TSecr=3045563390 [TCP segment of a reassembled PDU]"
"75965","39.536475003","192.168.1.55","192.168.1.2","TCP","1514","8004  >  37102 [ACK] Seq=260830 Ack=144 Win=65024 Len=1448 TSval=2916043617 TSecr=3045563390 [TCP segment of a reassembled PDU]"
"75966","39.536476503","192.168.1.55","192.168.1.2","TCP","1514","8004  >  37102 [ACK] Seq=262278 Ack=144 Win=65024 Len=1448 TSval=2916043617 TSecr=3045563390 [TCP segment of a reassembled PDU]"
"75967","39.536478095","192.168.1.55","192.168.1.2","TCP","1514","8004  >  37102 [ACK] Seq=263726 Ack=144 Win=65024 Len=1448 TSval=2916043617 TSecr=3045563390 [TCP segment of a reassembled PDU]"
"75968","39.536480281","192.168.1.55","192.168.1.2","TCP","1514","8004  >  37102 [ACK] Seq=265174 Ack=144 Win=65024 Len=1448 TSval=2916043617 TSecr=3045563390 [TCP segment of a reassembled PDU]"
"75969","39.536481984","192.168.1.55","192.168.1.2","TCP","1514","8004  >  37102 [ACK] Seq=266622 Ack=144 Win=65024 Len=1448 TSval=2916043617 TSecr=3045563390 [TCP segment of a reassembled PDU]"
"75970","39.536483410","192.168.1.55","192.168.1.2","TCP","1514","8004  >  37102 [ACK] Seq=268070 Ack=144 Win=65024 Len=1448 TSval=2916043617 TSecr=3045563390 [TCP segment of a reassembled PDU]"
"75971","39.536484836","192.168.1.55","192.168.1.2","TCP","1514","8004  >  37102 [ACK] Seq=269518 Ack=144 Win=65024 Len=1448 TSval=2916043617 TSecr=3045563390 [TCP segment of a reassembled PDU]"
"75972","39.536486373","192.168.1.55","192.168.1.2","TCP","1514","8004  >  37102 [ACK] Seq=270966 Ack=144 Win=65024 Len=1448 TSval=2916043617 TSecr=3045563390 [TCP segment of a reassembled PDU]"
"75973","39.536487781","192.168.1.55","192.168.1.2","TCP","1514","8004  >  37102 [ACK] Seq=272414 Ack=144 Win=65024 Len=1448 TSval=2916043617 TSecr=3045563390 [TCP segment of a reassembled PDU]"
"75974","39.536489651","192.168.1.55","192.168.1.2","TCP","1514","8004  >  37102 [ACK] Seq=273862 Ack=144 Win=65024 Len=1448 TSval=2916043617 TSecr=3045563390 [TCP segment of a reassembled PDU]"
"75975","39.536491373","192.168.1.55","192.168.1.2","TCP","1514","8004  >  37102 [ACK] Seq=275310 Ack=144 Win=65024 Len=1448 TSval=2916043617 TSecr=3045563390 [TCP segment of a reassembled PDU]"
"75976","39.536493892","192.168.1.55","192.168.1.2","TCP","1514","8004  >  37102 [ACK] Seq=276758 Ack=144 Win=65024 Len=1448 TSval=2916043617 TSecr=3045563390 [TCP segment of a reassembled PDU]"
"75977","39.536495744","192.168.1.55","192.168.1.2","TCP","1514","8004  >  37102 [ACK] Seq=278206 Ack=144 Win=65024 Len=1448 TSval=2916043617 TSecr=3045563390 [TCP segment of a reassembled PDU]"
"75978","39.536497225","192.168.1.55","192.168.1.2","TCP","1514","8004  >  37102 [ACK] Seq=279654 Ack=144 Win=65024 Len=1448 TSval=2916043617 TSecr=3045563390 [TCP segment of a reassembled PDU]"
"75979","39.536498818","192.168.1.55","192.168.1.2","TCP","1514","8004  >  37102 [ACK] Seq=281102 Ack=144 Win=65024 Len=1448 TSval=2916043617 TSecr=3045563390 [TCP segment of a reassembled PDU]"
"75980","39.536500373","192.168.1.55","192.168.1.2","TCP","506","[TCP Window Full] 8004  >  37102 [PSH, ACK] Seq=282550 Ack=144 Win=65024 Len=440 TSval=2916043617 TSecr=3045563390 [TCP segment of a reassembled PDU]"
"75981","39.543242125","192.168.1.2","192.168.1.55","TCP","66","37102  >  8004 [ACK] Seq=144 Ack=205806 Win=100352 Len=0 TSval=3045563397 TSecr=2916043615"
"75982","39.543262829","192.168.1.55","192.168.1.2","TCP","1514","8004  >  37102 [ACK] Seq=282990 Ack=144 Win=65024 Len=1448 TSval=2916043623 TSecr=3045563397 [TCP segment of a reassembled PDU]"
"75983","39.543265514","192.168.1.55","192.168.1.2","TCP","1514","8004  >  37102 [ACK] Seq=284438 Ack=144 Win=65024 Len=1448 TSval=2916043623 TSecr=3045563397 [TCP segment of a reassembled PDU]"
"75984","39.543266847","192.168.1.55","192.168.1.2","TCP","1514","8004  >  37102 [ACK] Seq=285886 Ack=144 Win=65024 Len=1448 TSval=2916043623 TSecr=3045563397 [TCP segment of a reassembled PDU]"
"75985","39.543268069","192.168.1.55","192.168.1.2","TCP","1514","8004  >  37102 [ACK] Seq=287334 Ack=144 Win=65024 Len=1448 TSval=2916043623 TSecr=3045563397 [TCP segment of a reassembled PDU]"
"75986","39.543269384","192.168.1.55","192.168.1.2","TCP","1514","8004  >  37102 [ACK] Seq=288782 Ack=144 Win=65024 Len=1448 TSval=2916043623 TSecr=3045563397 [TCP segment of a reassembled PDU]"
"75987","39.543270977","192.168.1.55","192.168.1.2","TCP","1514","8004  >  37102 [ACK] Seq=290230 Ack=144 Win=65024 Len=1448 TSval=2916043623 TSecr=3045563397 [TCP segment of a reassembled PDU]"
"75988","39.543272310","192.168.1.55","192.168.1.2","TCP","1514","8004  >  37102 [ACK] Seq=291678 Ack=144 Win=65024 Len=1448 TSval=2916043623 TSecr=3045563397 [TCP segment of a reassembled PDU]"
"75989","39.543273532","192.168.1.55","192.168.1.2","TCP","1514","8004  >  37102 [PSH, ACK] Seq=293126 Ack=144 Win=65024 Len=1448 TSval=2916043623 TSecr=3045563397 [TCP segment of a reassembled PDU]"
"75990","39.543279736","192.168.1.55","192.168.1.2","TCP","1074","8004  >  37102 [ACK] Seq=294574 Ack=144 Win=65024 Len=1008 TSval=2916043623 TSecr=3045563397 [TCP segment of a reassembled PDU]"
"75991","39.543714941","192.168.1.2","192.168.1.55","TCP","66","37102  >  8004 [ACK] Seq=144 Ack=250694 Win=89088 Len=0 TSval=3045563397 TSecr=2916043615"
"75992","39.543748200","192.168.1.55","192.168.1.2","TCP","1514","8004  >  37102 [ACK] Seq=295582 Ack=144 Win=65024 Len=1448 TSval=2916043624 TSecr=3045563397 [TCP segment of a reassembled PDU]"
"75993","39.543750052","192.168.1.55","192.168.1.2","TCP","1514","8004  >  37102 [ACK] Seq=297030 Ack=144 Win=65024 Len=1448 TSval=2916043624 TSecr=3045563397 [TCP segment of a reassembled PDU]"
"75994","39.543751311","192.168.1.55","192.168.1.2","TCP","1514","8004  >  37102 [ACK] Seq=298478 Ack=144 Win=65024 Len=1448 TSval=2916043624 TSecr=3045563397 [TCP segment of a reassembled PDU]"
"75995","39.543752626","192.168.1.55","192.168.1.2","TCP","1514","8004  >  37102 [ACK] Seq=299926 Ack=144 Win=65024 Len=1448 TSval=2916043624 TSecr=3045563397 [TCP segment of a reassembled PDU]"
"75996","39.543753848","192.168.1.55","192.168.1.2","TCP","1514","8004  >  37102 [ACK] Seq=301374 Ack=144 Win=65024 Len=1448 TSval=2916043624 TSecr=3045563397 [TCP segment of a reassembled PDU]"
"75997","39.543755163","192.168.1.55","192.168.1.2","TCP","1514","8004  >  37102 [ACK] Seq=302822 Ack=144 Win=65024 Len=1448 TSval=2916043624 TSecr=3045563397 [TCP segment of a reassembled PDU]"
"75998","39.543756515","192.168.1.55","192.168.1.2","TCP","1514","8004  >  37102 [ACK] Seq=304270 Ack=144 Win=65024 Len=1448 TSval=2916043624 TSecr=3045563397 [TCP segment of a reassembled PDU]"
"75999","39.543757774","192.168.1.55","192.168.1.2","TCP","1514","8004  >  37102 [ACK] Seq=305718 Ack=144 Win=65024 Len=1448 TSval=2916043624 TSecr=3045563397 [TCP segment of a reassembled PDU]"
"76000","39.543759070","192.168.1.55","192.168.1.2","TCP","1514","8004  >  37102 [ACK] Seq=307166 Ack=144 Win=65024 Len=1448 TSval=2916043624 TSecr=3045563397 [TCP segment of a reassembled PDU]"
"76001","39.543760385","192.168.1.55","192.168.1.2","TCP","1514","8004  >  37102 [ACK] Seq=308614 Ack=144 Win=65024 Len=1448 TSval=2916043624 TSecr=3045563397 [TCP segment of a reassembled PDU]"
"76002","39.543761792","192.168.1.55","192.168.1.2","TCP","1514","8004  >  37102 [ACK] Seq=310062 Ack=144 Win=65024 Len=1448 TSval=2916043624 TSecr=3045563397 [TCP segment of a reassembled PDU]"
"76003","39.543763144","192.168.1.55","192.168.1.2","TCP","1514","8004  >  37102 [ACK] Seq=311510 Ack=144 Win=65024 Len=1448 TSval=2916043624 TSecr=3045563397 [TCP segment of a reassembled PDU]"
"76004","39.543764404","192.168.1.55","192.168.1.2","TCP","1514","8004  >  37102 [ACK] Seq=312958 Ack=144 Win=65024 Len=1448 TSval=2916043624 TSecr=3045563397 [TCP segment of a reassembled PDU]"
"76005","39.543765681","192.168.1.55","192.168.1.2","TCP","1514","8004  >  37102 [ACK] Seq=314406 Ack=144 Win=65024 Len=1448 TSval=2916043624 TSecr=3045563397 [TCP segment of a reassembled PDU]"
"76006","39.543766996","192.168.1.55","192.168.1.2","TCP","1514","8004  >  37102 [ACK] Seq=315854 Ack=144 Win=65024 Len=1448 TSval=2916043624 TSecr=3045563397 [TCP segment of a reassembled PDU]"
"76007","39.543768237","192.168.1.55","192.168.1.2","TCP","1514","8004  >  37102 [ACK] Seq=317302 Ack=144 Win=65024 Len=1448 TSval=2916043624 TSecr=3045563397 [TCP segment of a reassembled PDU]"
"76008","39.543769570","192.168.1.55","192.168.1.2","TCP","1514","8004  >  37102 [ACK] Seq=318750 Ack=144 Win=65024 Len=1448 TSval=2916043624 TSecr=3045563397 [TCP segment of a reassembled PDU]"
"76009","39.543770885","192.168.1.55","192.168.1.2","TCP","1514","8004  >  37102 [ACK] Seq=320198 Ack=144 Win=65024 Len=1448 TSval=2916043624 TSecr=3045563397 [TCP segment of a reassembled PDU]"
"76010","39.543772200","192.168.1.55","192.168.1.2","TCP","1514","8004  >  37102 [ACK] Seq=321646 Ack=144 Win=65024 Len=1448 TSval=2916043624 TSecr=3045563397 [TCP segment of a reassembled PDU]"
"76011","39.543773441","192.168.1.55","192.168.1.2","TCP","1514","8004  >  37102 [ACK] Seq=323094 Ack=144 Win=65024 Len=1448 TSval=2916043624 TSecr=3045563397 [TCP segment of a reassembled PDU]"
"76012","39.543774700","192.168.1.55","192.168.1.2","TCP","1514","8004  >  37102 [ACK] Seq=324542 Ack=144 Win=65024 Len=1448 TSval=2916043624 TSecr=3045563397 [TCP segment of a reassembled PDU]"
"76013","39.543775922","192.168.1.55","192.168.1.2","TCP","1514","8004  >  37102 [ACK] Seq=325990 Ack=144 Win=65024 Len=1448 TSval=2916043624 TSecr=3045563397 [TCP segment of a reassembled PDU]"
"76014","39.543777126","192.168.1.55","192.168.1.2","TCP","1514","8004  >  37102 [ACK] Seq=327438 Ack=144 Win=65024 Len=1448 TSval=2916043624 TSecr=3045563397 [TCP segment of a reassembled PDU]"
"76015","39.543778681","192.168.1.55","192.168.1.2","TCP","1514","8004  >  37102 [ACK] Seq=328886 Ack=144 Win=65024 Len=1448 TSval=2916043624 TSecr=3045563397 [TCP segment of a reassembled PDU]"
"76016","39.543780052","192.168.1.55","192.168.1.2","TCP","1514","8004  >  37102 [ACK] Seq=330334 Ack=144 Win=65024 Len=1448 TSval=2916043624 TSecr=3045563397 [TCP segment of a reassembled PDU]"
"76017","39.543781311","192.168.1.55","192.168.1.2","TCP","1514","8004  >  37102 [ACK] Seq=331782 Ack=144 Win=65024 Len=1448 TSval=2916043624 TSecr=3045563397 [TCP segment of a reassembled PDU]"
"76018","39.543782867","192.168.1.55","192.168.1.2","TCP","1514","8004  >  37102 [ACK] Seq=333230 Ack=144 Win=65024 Len=1448 TSval=2916043624 TSecr=3045563397 [TCP segment of a reassembled PDU]"
"76019","39.543784218","192.168.1.55","192.168.1.2","TCP","1514","8004  >  37102 [ACK] Seq=334678 Ack=144 Win=65024 Len=1448 TSval=2916043624 TSecr=3045563397 [TCP segment of a reassembled PDU]"
"76020","39.543785552","192.168.1.55","192.168.1.2","TCP","1514","8004  >  37102 [ACK] Seq=336126 Ack=144 Win=65024 Len=1448 TSval=2916043624 TSecr=3045563397 [TCP segment of a reassembled PDU]"
"76021","39.543786792","192.168.1.55","192.168.1.2","TCP","1514","8004  >  37102 [PSH, ACK] Seq=337574 Ack=144 Win=65024 Len=1448 TSval=2916043624 TSecr=3045563397 [TCP segment of a reassembled PDU]"
"76022","39.543791385","192.168.1.2","192.168.1.55","TCP","66","37102  >  8004 [ACK] Seq=144 Ack=278206 Win=103424 Len=0 TSval=3045563397 TSecr=2916043617"
"76023","39.543800941","192.168.1.55","192.168.1.2","TCP","1514","8004  >  37102 [ACK] Seq=339022 Ack=144 Win=65024 Len=1448 TSval=2916043624 TSecr=3045563397 [TCP segment of a reassembled PDU]"
"76024","39.543834070","192.168.1.55","192.168.1.2","TCP","1514","8004  >  37102 [ACK] Seq=340470 Ack=144 Win=65024 Len=1448 TSval=2916043624 TSecr=3045563397 [TCP segment of a reassembled PDU]"
"76025","39.543836070","192.168.1.55","192.168.1.2","TCP","1514","8004  >  37102 [ACK] Seq=341918 Ack=144 Win=65024 Len=1448 TSval=2916043624 TSecr=3045563397 [TCP segment of a reassembled PDU]"
"76026","39.543837811","192.168.1.55","192.168.1.2","TCP","1514","8004  >  37102 [ACK] Seq=343366 Ack=144 Win=65024 Len=1448 TSval=2916043624 TSecr=3045563397 [TCP segment of a reassembled PDU]"
"76027","39.543838996","192.168.1.55","192.168.1.2","TCP","1514","8004  >  37102 [ACK] Seq=344814 Ack=144 Win=65024 Len=1448 TSval=2916043624 TSecr=3045563397 [TCP segment of a reassembled PDU]"
"76028","39.543840256","192.168.1.55","192.168.1.2","TCP","1514","8004  >  37102 [ACK] Seq=346262 Ack=144 Win=65024 Len=1448 TSval=2916043624 TSecr=3045563397 [TCP segment of a reassembled PDU]"
"76029","39.543841681","192.168.1.55","192.168.1.2","TCP","1514","8004  >  37102 [ACK] Seq=347710 Ack=144 Win=65024 Len=1448 TSval=2916043624 TSecr=3045563397 [TCP segment of a reassembled PDU]"
"76030","39.543842867","192.168.1.55","192.168.1.2","TCP","1514","8004  >  37102 [ACK] Seq=349158 Ack=144 Win=65024 Len=1448 TSval=2916043624 TSecr=3045563397 [TCP segment of a reassembled PDU]"
"76031","39.543844126","192.168.1.55","192.168.1.2","TCP","1514","8004  >  37102 [ACK] Seq=350606 Ack=144 Win=65024 Len=1448 TSval=2916043624 TSecr=3045563397 [TCP segment of a reassembled PDU]"
"76032","39.543845311","192.168.1.55","192.168.1.2","TCP","1514","8004  >  37102 [ACK] Seq=352054 Ack=144 Win=65024 Len=1448 TSval=2916043624 TSecr=3045563397 [TCP segment of a reassembled PDU]"
"76033","39.543846533","192.168.1.55","192.168.1.2","TCP","1514","8004  >  37102 [ACK] Seq=353502 Ack=144 Win=65024 Len=1448 TSval=2916043624 TSecr=3045563397 [TCP segment of a reassembled PDU]"
"76034","39.543847867","192.168.1.55","192.168.1.2","TCP","1514","8004  >  37102 [ACK] Seq=354950 Ack=144 Win=65024 Len=1448 TSval=2916043624 TSecr=3045563397 [TCP segment of a reassembled PDU]"
"76035","39.543849070","192.168.1.55","192.168.1.2","TCP","1514","8004  >  37102 [ACK] Seq=356398 Ack=144 Win=65024 Len=1448 TSval=2916043624 TSecr=3045563397 [TCP segment of a reassembled PDU]"
"76036","39.543850404","192.168.1.55","192.168.1.2","TCP","1514","8004  >  37102 [ACK] Seq=357846 Ack=144 Win=65024 Len=1448 TSval=2916043624 TSecr=3045563397 [TCP segment of a reassembled PDU]"
"76037","39.543851607","192.168.1.55","192.168.1.2","TCP","1514","8004  >  37102 [ACK] Seq=359294 Ack=144 Win=65024 Len=1448 TSval=2916043624 TSecr=3045563397 [TCP segment of a reassembled PDU]"
"76038","39.543852941","192.168.1.55","192.168.1.2","TCP","1514","8004  >  37102 [ACK] Seq=360742 Ack=144 Win=65024 Len=1448 TSval=2916043624 TSecr=3045563397 [TCP segment of a reassembled PDU]"
"76039","39.543854330","192.168.1.55","192.168.1.2","TCP","1514","8004  >  37102 [ACK] Seq=362190 Ack=144 Win=65024 Len=1448 TSval=2916043624 TSecr=3045563397 [TCP segment of a reassembled PDU]"
"76040","39.543855515","192.168.1.55","192.168.1.2","TCP","1514","8004  >  37102 [ACK] Seq=363638 Ack=144 Win=65024 Len=1448 TSval=2916043624 TSecr=3045563397 [TCP segment of a reassembled PDU]"
"76041","39.543856737","192.168.1.55","192.168.1.2","TCP","1514","8004  >  37102 [ACK] Seq=365086 Ack=144 Win=65024 Len=1448 TSval=2916043624 TSecr=3045563397 [TCP segment of a reassembled PDU]"
"76042","39.543858033","192.168.1.55","192.168.1.2","TCP","1514","8004  >  37102 [ACK] Seq=366534 Ack=144 Win=65024 Len=1448 TSval=2916043624 TSecr=3045563397 [TCP segment of a reassembled PDU]"
"76043","39.543859237","192.168.1.55","192.168.1.2","TCP","1514","8004  >  37102 [ACK] Seq=367982 Ack=144 Win=65024 Len=1448 TSval=2916043624 TSecr=3045563397 [TCP segment of a reassembled PDU]"
"76044","39.543860681","192.168.1.55","192.168.1.2","TCP","1514","8004  >  37102 [ACK] Seq=369430 Ack=144 Win=65024 Len=1448 TSval=2916043624 TSecr=3045563397 [TCP segment of a reassembled PDU]"
"76045","39.543861996","192.168.1.55","192.168.1.2","TCP","1514","8004  >  37102 [ACK] Seq=370878 Ack=144 Win=65024 Len=1448 TSval=2916043624 TSecr=3045563397 [TCP segment of a reassembled PDU]"
"76046","39.543863181","192.168.1.55","192.168.1.2","TCP","1514","8004  >  37102 [ACK] Seq=372326 Ack=144 Win=65024 Len=1448 TSval=2916043624 TSecr=3045563397 [TCP segment of a reassembled PDU]"
"76047","39.543864589","192.168.1.55","192.168.1.2","TCP","1514","8004  >  37102 [ACK] Seq=373774 Ack=144 Win=65024 Len=1448 TSval=2916043624 TSecr=3045563397 [TCP segment of a reassembled PDU]"
"76048","39.543865793","192.168.1.55","192.168.1.2","TCP","1514","8004  >  37102 [ACK] Seq=375222 Ack=144 Win=65024 Len=1448 TSval=2916043624 TSecr=3045563397 [TCP segment of a reassembled PDU]"
"76049","39.543867737","192.168.1.55","192.168.1.2","TCP","1514","8004  >  37102 [ACK] Seq=376670 Ack=144 Win=65024 Len=1448 TSval=2916043624 TSecr=3045563397 [TCP segment of a reassembled PDU]"
"76050","39.543868996","192.168.1.55","192.168.1.2","TCP","1514","8004  >  37102 [ACK] Seq=378118 Ack=144 Win=65024 Len=1448 TSval=2916043624 TSecr=3045563397 [TCP segment of a reassembled PDU]"
"76051","39.543870274","192.168.1.55","192.168.1.2","TCP","1514","8004  >  37102 [PSH, ACK] Seq=379566 Ack=144 Win=65024 Len=1448 TSval=2916043624 TSecr=3045563397 [TCP segment of a reassembled PDU]"
"76052","39.543874348","192.168.1.2","192.168.1.55","TCP","66","37102  >  8004 [ACK] Seq=144 Ack=282990 Win=113664 Len=0 TSval=3045563397 TSecr=2916043617"
"76053","39.543883996","192.168.1.55","192.168.1.2","TCP","1514","8004  >  37102 [ACK] Seq=381014 Ack=144 Win=65024 Len=1448 TSval=2916043624 TSecr=3045563397 [TCP segment of a reassembled PDU]"
"76054","39.543885533","192.168.1.55","192.168.1.2","TCP","1514","8004  >  37102 [ACK] Seq=382462 Ack=144 Win=65024 Len=1448 TSval=2916043624 TSecr=3045563397 [TCP segment of a reassembled PDU]"
"76055","39.543886867","192.168.1.55","192.168.1.2","TCP","1514","8004  >  37102 [PSH, ACK] Seq=383910 Ack=144 Win=65024 Len=1448 TSval=2916043624 TSecr=3045563397 [TCP segment of a reassembled PDU]"
"76056","39.543902978","192.168.1.55","192.168.1.2","TCP","1514","8004  >  37102 [ACK] Seq=385358 Ack=144 Win=65024 Len=1448 TSval=2916043624 TSecr=3045563397 [TCP segment of a reassembled PDU]"
"76057","39.543904645","192.168.1.55","192.168.1.2","TCP","1514","8004  >  37102 [ACK] Seq=386806 Ack=144 Win=65024 Len=1448 TSval=2916043624 TSecr=3045563397 [TCP segment of a reassembled PDU]"
"76058","39.543906330","192.168.1.55","192.168.1.2","TCP","1514","8004  >  37102 [ACK] Seq=388254 Ack=144 Win=65024 Len=1448 TSval=2916043624 TSecr=3045563397 [TCP segment of a reassembled PDU]"
"76059","39.543907607","192.168.1.55","192.168.1.2","TCP","1514","8004  >  37102 [ACK] Seq=389702 Ack=144 Win=65024 Len=1448 TSval=2916043624 TSecr=3045563397 [TCP segment of a reassembled PDU]"
"76060","39.543908830","192.168.1.55","192.168.1.2","TCP","1514","8004  >  37102 [ACK] Seq=391150 Ack=144 Win=65024 Len=1448 TSval=2916043624 TSecr=3045563397 [TCP segment of a reassembled PDU]"
"76061","39.543910311","192.168.1.55","192.168.1.2","TCP","1514","8004  >  37102 [ACK] Seq=392598 Ack=144 Win=65024 Len=1448 TSval=2916043624 TSecr=3045563397 [TCP segment of a reassembled PDU]"
"76062","39.543912070","192.168.1.55","192.168.1.2","TCP","1514","8004  >  37102 [PSH, ACK] Seq=394046 Ack=144 Win=65024 Len=1448 TSval=2916043624 TSecr=3045563397 [TCP segment of a reassembled PDU]"
"76063","39.549910377","192.168.1.2","192.168.1.55","TCP","66","37102  >  8004 [ACK] Seq=144 Ack=294574 Win=117760 Len=0 TSval=3045563401 TSecr=2916043623"
"76064","39.549926840","192.168.1.55","192.168.1.2","TCP","1514","8004  >  37102 [ACK] Seq=395494 Ack=144 Win=65024 Len=1448 TSval=2916043630 TSecr=3045563401 [TCP segment of a reassembled PDU]"
"76065","39.549929228","192.168.1.55","192.168.1.2","TCP","1514","8004  >  37102 [ACK] Seq=396942 Ack=144 Win=65024 Len=1448 TSval=2916043630 TSecr=3045563401 [TCP segment of a reassembled PDU]"
"76066","39.549930451","192.168.1.55","192.168.1.2","TCP","1514","8004  >  37102 [ACK] Seq=398390 Ack=144 Win=65024 Len=1448 TSval=2916043630 TSecr=3045563401 [TCP segment of a reassembled PDU]"
"76067","39.549931784","192.168.1.55","192.168.1.2","TCP","1514","8004  >  37102 [ACK] Seq=399838 Ack=144 Win=65024 Len=1448 TSval=2916043630 TSecr=3045563401 [TCP segment of a reassembled PDU]"
"76068","39.549932988","192.168.1.55","192.168.1.2","TCP","1514","8004  >  37102 [ACK] Seq=401286 Ack=144 Win=65024 Len=1448 TSval=2916043630 TSecr=3045563401 [TCP segment of a reassembled PDU]"
"76069","39.549934284","192.168.1.55","192.168.1.2","TCP","1514","8004  >  37102 [ACK] Seq=402734 Ack=144 Win=65024 Len=1448 TSval=2916043630 TSecr=3045563401 [TCP segment of a reassembled PDU]"
"76070","39.549935506","192.168.1.55","192.168.1.2","TCP","1514","8004  >  37102 [ACK] Seq=404182 Ack=144 Win=65024 Len=1448 TSval=2916043630 TSecr=3045563401 [TCP segment of a reassembled PDU]"
"76071","39.549936710","192.168.1.55","192.168.1.2","TCP","1514","8004  >  37102 [ACK] Seq=405630 Ack=144 Win=65024 Len=1448 TSval=2916043630 TSecr=3045563401 [TCP segment of a reassembled PDU]"
"76072","39.549937951","192.168.1.55","192.168.1.2","TCP","1514","8004  >  37102 [ACK] Seq=407078 Ack=144 Win=65024 Len=1448 TSval=2916043630 TSecr=3045563401 [TCP segment of a reassembled PDU]"
"76073","39.549939136","192.168.1.55","192.168.1.2","TCP","1514","8004  >  37102 [ACK] Seq=408526 Ack=144 Win=65024 Len=1448 TSval=2916043630 TSecr=3045563401 [TCP segment of a reassembled PDU]"
"76074","39.549940451","192.168.1.55","192.168.1.2","TCP","1514","8004  >  37102 [PSH, ACK] Seq=409974 Ack=144 Win=65024 Len=1448 TSval=2916043630 TSecr=3045563401 [TCP segment of a reassembled PDU]"
"76075","39.551457583","192.168.1.2","192.168.1.55","TCP","66","37102  >  8004 [ACK] Seq=144 Ack=295582 Win=119808 Len=0 TSval=3045563405 TSecr=2916043623"
"76076","39.551470805","192.168.1.55","192.168.1.2","TCP","1514","8004  >  37102 [ACK] Seq=411422 Ack=144 Win=65024 Len=1448 TSval=2916043632 TSecr=3045563405 [TCP segment of a reassembled PDU]"
"76077","39.551472953","192.168.1.55","192.168.1.2","TCP","1514","8004  >  37102 [ACK] Seq=412870 Ack=144 Win=65024 Len=1448 TSval=2916043632 TSecr=3045563405 [TCP segment of a reassembled PDU]"
"76078","39.551474194","192.168.1.55","192.168.1.2","TCP","1138","[TCP Window Full] 8004  >  37102 [PSH, ACK] Seq=414318 Ack=144 Win=65024 Len=1072 TSval=2916043632 TSecr=3045563405 [TCP segment of a reassembled PDU]"
"76079","39.551561861","192.168.1.2","192.168.1.55","TCP","66","37102  >  8004 [ACK] Seq=144 Ack=339022 Win=119808 Len=0 TSval=3045563405 TSecr=2916043624"
"76080","39.551578083","192.168.1.55","192.168.1.2","TCP","1514","8004  >  37102 [ACK] Seq=415390 Ack=144 Win=65024 Len=1448 TSval=2916043632 TSecr=3045563405 [TCP segment of a reassembled PDU]"
"76081","39.551579861","192.168.1.55","192.168.1.2","TCP","1514","8004  >  37102 [ACK] Seq=416838 Ack=144 Win=65024 Len=1448 TSval=2916043632 TSecr=3045563405 [TCP segment of a reassembled PDU]"
"76082","39.551581194","192.168.1.55","192.168.1.2","TCP","1514","8004  >  37102 [ACK] Seq=418286 Ack=144 Win=65024 Len=1448 TSval=2916043632 TSecr=3045563405 [TCP segment of a reassembled PDU]"
"76083","39.551582509","192.168.1.55","192.168.1.2","TCP","1514","8004  >  37102 [ACK] Seq=419734 Ack=144 Win=65024 Len=1448 TSval=2916043632 TSecr=3045563405 [TCP segment of a reassembled PDU]"
"76084","39.551583824","192.168.1.55","192.168.1.2","TCP","1514","8004  >  37102 [ACK] Seq=421182 Ack=144 Win=65024 Len=1448 TSval=2916043632 TSecr=3045563405 [TCP segment of a reassembled PDU]"
"76085","39.551585138","192.168.1.55","192.168.1.2","TCP","1514","8004  >  37102 [ACK] Seq=422630 Ack=144 Win=65024 Len=1448 TSval=2916043632 TSecr=3045563405 [TCP segment of a reassembled PDU]"
"76086","39.551586342","192.168.1.55","192.168.1.2","TCP","1514","8004  >  37102 [ACK] Seq=424078 Ack=144 Win=65024 Len=1448 TSval=2916043632 TSecr=3045563405 [TCP segment of a reassembled PDU]"
"76087","39.551587713","192.168.1.55","192.168.1.2","TCP","1514","8004  >  37102 [ACK] Seq=425526 Ack=144 Win=65024 Len=1448 TSval=2916043632 TSecr=3045563405 [TCP segment of a reassembled PDU]"
"76088","39.551589027","192.168.1.55","192.168.1.2","TCP","1514","8004  >  37102 [ACK] Seq=426974 Ack=144 Win=65024 Len=1448 TSval=2916043632 TSecr=3045563405 [TCP segment of a reassembled PDU]"
"76089","39.551590379","192.168.1.55","192.168.1.2","TCP","1514","8004  >  37102 [PSH, ACK] Seq=428422 Ack=144 Win=65024 Len=1448 TSval=2916043632 TSecr=3045563405 [TCP segment of a reassembled PDU]"
"76090","39.551594639","192.168.1.55","192.168.1.2","TCP","442","8004  >  37102 [ACK] Seq=429870 Ack=144 Win=65024 Len=376 TSval=2916043632 TSecr=3045563405 [TCP segment of a reassembled PDU]"
"76091","39.551598398","192.168.1.2","192.168.1.55","TCP","66","37102  >  8004 [ACK] Seq=144 Ack=381014 Win=119808 Len=0 TSval=3045563406 TSecr=2916043624"
"76092","39.551631046","192.168.1.55","192.168.1.2","TCP","1514","8004  >  37102 [ACK] Seq=430246 Ack=144 Win=65024 Len=1448 TSval=2916043632 TSecr=3045563406 [TCP segment of a reassembled PDU]"
"76093","39.551632842","192.168.1.55","192.168.1.2","TCP","1514","8004  >  37102 [ACK] Seq=431694 Ack=144 Win=65024 Len=1448 TSval=2916043632 TSecr=3045563406 [TCP segment of a reassembled PDU]"
"76094","39.551634027","192.168.1.55","192.168.1.2","TCP","1514","8004  >  37102 [ACK] Seq=433142 Ack=144 Win=65024 Len=1448 TSval=2916043632 TSecr=3045563406 [TCP segment of a reassembled PDU]"
"76095","39.551635342","192.168.1.55","192.168.1.2","TCP","1514","8004  >  37102 [ACK] Seq=434590 Ack=144 Win=65024 Len=1448 TSval=2916043632 TSecr=3045563406 [TCP segment of a reassembled PDU]"
"76096","39.551636750","192.168.1.55","192.168.1.2","TCP","1514","8004  >  37102 [ACK] Seq=436038 Ack=144 Win=65024 Len=1448 TSval=2916043632 TSecr=3045563406 [TCP segment of a reassembled PDU]"
"76097","39.551637990","192.168.1.55","192.168.1.2","TCP","1514","8004  >  37102 [ACK] Seq=437486 Ack=144 Win=65024 Len=1448 TSval=2916043632 TSecr=3045563406 [TCP segment of a reassembled PDU]"
"76098","39.551639305","192.168.1.55","192.168.1.2","TCP","1514","8004  >  37102 [ACK] Seq=438934 Ack=144 Win=65024 Len=1448 TSval=2916043632 TSecr=3045563406 [TCP segment of a reassembled PDU]"
"76099","39.551640527","192.168.1.55","192.168.1.2","TCP","1514","8004  >  37102 [ACK] Seq=440382 Ack=144 Win=65024 Len=1448 TSval=2916043632 TSecr=3045563406 [TCP segment of a reassembled PDU]"
"76100","39.551641787","192.168.1.55","192.168.1.2","TCP","1514","8004  >  37102 [ACK] Seq=441830 Ack=144 Win=65024 Len=1448 TSval=2916043632 TSecr=3045563406 [TCP segment of a reassembled PDU]"
"76101","39.551643083","192.168.1.55","192.168.1.2","TCP","1514","8004  >  37102 [ACK] Seq=443278 Ack=144 Win=65024 Len=1448 TSval=2916043632 TSecr=3045563406 [TCP segment of a reassembled PDU]"
"76102","39.551644324","192.168.1.55","192.168.1.2","TCP","1514","8004  >  37102 [ACK] Seq=444726 Ack=144 Win=65024 Len=1448 TSval=2916043632 TSecr=3045563406 [TCP segment of a reassembled PDU]"
"76103","39.551645639","192.168.1.55","192.168.1.2","TCP","1514","8004  >  37102 [ACK] Seq=446174 Ack=144 Win=65024 Len=1448 TSval=2916043632 TSecr=3045563406 [TCP segment of a reassembled PDU]"
"76104","39.551646935","192.168.1.55","192.168.1.2","TCP","1514","8004  >  37102 [ACK] Seq=447622 Ack=144 Win=65024 Len=1448 TSval=2916043632 TSecr=3045563406 [TCP segment of a reassembled PDU]"
"76105","39.551648176","192.168.1.55","192.168.1.2","TCP","1514","8004  >  37102 [ACK] Seq=449070 Ack=144 Win=65024 Len=1448 TSval=2916043632 TSecr=3045563406 [TCP segment of a reassembled PDU]"
"76106","39.551649490","192.168.1.55","192.168.1.2","TCP","1514","8004  >  37102 [ACK] Seq=450518 Ack=144 Win=65024 Len=1448 TSval=2916043632 TSecr=3045563406 [TCP segment of a reassembled PDU]"
"76107","39.551650972","192.168.1.55","192.168.1.2","TCP","1514","8004  >  37102 [ACK] Seq=451966 Ack=144 Win=65024 Len=1448 TSval=2916043632 TSecr=3045563406 [TCP segment of a reassembled PDU]"
"76108","39.551652379","192.168.1.55","192.168.1.2","TCP","1514","8004  >  37102 [ACK] Seq=453414 Ack=144 Win=65024 Len=1448 TSval=2916043632 TSecr=3045563406 [TCP segment of a reassembled PDU]"
"76109","39.551653694","192.168.1.55","192.168.1.2","TCP","1514","8004  >  37102 [ACK] Seq=454862 Ack=144 Win=65024 Len=1448 TSval=2916043632 TSecr=3045563406 [TCP segment of a reassembled PDU]"
"76110","39.551655009","192.168.1.55","192.168.1.2","TCP","1514","8004  >  37102 [ACK] Seq=456310 Ack=144 Win=65024 Len=1448 TSval=2916043632 TSecr=3045563406 [TCP segment of a reassembled PDU]"
"76111","39.551660435","192.168.1.55","192.168.1.2","TCP","1514","8004  >  37102 [ACK] Seq=457758 Ack=144 Win=65024 Len=1448 TSval=2916043632 TSecr=3045563406 [TCP segment of a reassembled PDU]"
"76112","39.551661879","192.168.1.55","192.168.1.2","TCP","1514","8004  >  37102 [ACK] Seq=459206 Ack=144 Win=65024 Len=1448 TSval=2916043632 TSecr=3045563406 [TCP segment of a reassembled PDU]"
"76113","39.551663287","192.168.1.55","192.168.1.2","TCP","1514","8004  >  37102 [ACK] Seq=460654 Ack=144 Win=65024 Len=1448 TSval=2916043632 TSecr=3045563406 [TCP segment of a reassembled PDU]"
"76114","39.551664657","192.168.1.55","192.168.1.2","TCP","1514","8004  >  37102 [ACK] Seq=462102 Ack=144 Win=65024 Len=1448 TSval=2916043632 TSecr=3045563406 [TCP segment of a reassembled PDU]"
"76115","39.551665861","192.168.1.55","192.168.1.2","TCP","1514","8004  >  37102 [ACK] Seq=463550 Ack=144 Win=65024 Len=1448 TSval=2916043632 TSecr=3045563406 [TCP segment of a reassembled PDU]"
"76116","39.551667083","192.168.1.55","192.168.1.2","TCP","1514","8004  >  37102 [ACK] Seq=464998 Ack=144 Win=65024 Len=1448 TSval=2916043632 TSecr=3045563406 [TCP segment of a reassembled PDU]"
"76117","39.551668324","192.168.1.55","192.168.1.2","TCP","1514","8004  >  37102 [ACK] Seq=466446 Ack=144 Win=65024 Len=1448 TSval=2916043632 TSecr=3045563406 [TCP segment of a reassembled PDU]"
"76118","39.551669657","192.168.1.55","192.168.1.2","TCP","1514","8004  >  37102 [ACK] Seq=467894 Ack=144 Win=65024 Len=1448 TSval=2916043632 TSecr=3045563406 [TCP segment of a reassembled PDU]"
"76119","39.551670935","192.168.1.55","192.168.1.2","TCP","1514","8004  >  37102 [ACK] Seq=469342 Ack=144 Win=65024 Len=1448 TSval=2916043632 TSecr=3045563406 [TCP segment of a reassembled PDU]"
"76120","39.551672250","192.168.1.55","192.168.1.2","TCP","1514","8004  >  37102 [ACK] Seq=470790 Ack=144 Win=65024 Len=1448 TSval=2916043632 TSecr=3045563406 [TCP segment of a reassembled PDU]"
"76121","39.551673546","192.168.1.55","192.168.1.2","TCP","1514","8004  >  37102 [ACK] Seq=472238 Ack=144 Win=65024 Len=1448 TSval=2916043632 TSecr=3045563406 [TCP segment of a reassembled PDU]"
"76122","39.551674879","192.168.1.55","192.168.1.2","TCP","1514","8004  >  37102 [PSH, ACK] Seq=473686 Ack=144 Win=65024 Len=1448 TSval=2916043632 TSecr=3045563406 [TCP segment of a reassembled PDU]"
"76123","39.551694009","192.168.1.55","192.168.1.2","TCP","1514","8004  >  37102 [ACK] Seq=475134 Ack=144 Win=65024 Len=1448 TSval=2916043632 TSecr=3045563406 [TCP segment of a reassembled PDU]"
"76124","39.551695657","192.168.1.55","192.168.1.2","TCP","1514","8004  >  37102 [ACK] Seq=476582 Ack=144 Win=65024 Len=1448 TSval=2916043632 TSecr=3045563406 [TCP segment of a reassembled PDU]"
"76125","39.551696972","192.168.1.55","192.168.1.2","TCP","1514","8004  >  37102 [ACK] Seq=478030 Ack=144 Win=65024 Len=1448 TSval=2916043632 TSecr=3045563406 [TCP segment of a reassembled PDU]"
"76126","39.551698342","192.168.1.55","192.168.1.2","TCP","1514","8004  >  37102 [ACK] Seq=479478 Ack=144 Win=65024 Len=1448 TSval=2916043632 TSecr=3045563406 [TCP segment of a reassembled PDU]"
"76127","39.551699602","192.168.1.55","192.168.1.2","TCP","1514","8004  >  37102 [ACK] Seq=480926 Ack=144 Win=65024 Len=1448 TSval=2916043632 TSecr=3045563406 [TCP segment of a reassembled PDU]"
"76128","39.551700935","192.168.1.55","192.168.1.2","TCP","1514","8004  >  37102 [ACK] Seq=482374 Ack=144 Win=65024 Len=1448 TSval=2916043632 TSecr=3045563406 [TCP segment of a reassembled PDU]"
"76129","39.551702194","192.168.1.55","192.168.1.2","TCP","1514","8004  >  37102 [ACK] Seq=483822 Ack=144 Win=65024 Len=1448 TSval=2916043632 TSecr=3045563406 [TCP segment of a reassembled PDU]"
"76130","39.551703398","192.168.1.55","192.168.1.2","TCP","1514","8004  >  37102 [ACK] Seq=485270 Ack=144 Win=65024 Len=1448 TSval=2916043632 TSecr=3045563406 [TCP segment of a reassembled PDU]"
"76131","39.551704768","192.168.1.55","192.168.1.2","TCP","1514","8004  >  37102 [ACK] Seq=486718 Ack=144 Win=65024 Len=1448 TSval=2916043632 TSecr=3045563406 [TCP segment of a reassembled PDU]"
"76132","39.551705972","192.168.1.55","192.168.1.2","TCP","1514","8004  >  37102 [ACK] Seq=488166 Ack=144 Win=65024 Len=1448 TSval=2916043632 TSecr=3045563406 [TCP segment of a reassembled PDU]"
"76133","39.551707268","192.168.1.55","192.168.1.2","TCP","1514","8004  >  37102 [ACK] Seq=489614 Ack=144 Win=65024 Len=1448 TSval=2916043632 TSecr=3045563406 [TCP segment of a reassembled PDU]"
"76134","39.551708694","192.168.1.55","192.168.1.2","TCP","1514","8004  >  37102 [ACK] Seq=491062 Ack=144 Win=65024 Len=1448 TSval=2916043632 TSecr=3045563406 [TCP segment of a reassembled PDU]"
"76135","39.551709972","192.168.1.55","192.168.1.2","TCP","1514","8004  >  37102 [ACK] Seq=492510 Ack=144 Win=65024 Len=1448 TSval=2916043632 TSecr=3045563406 [TCP segment of a reassembled PDU]"
"76136","39.551711620","192.168.1.55","192.168.1.2","TCP","1514","8004  >  37102 [ACK] Seq=493958 Ack=144 Win=65024 Len=1448 TSval=2916043632 TSecr=3045563406 [TCP segment of a reassembled PDU]"
"76137","39.551712991","192.168.1.55","192.168.1.2","TCP","1514","8004  >  37102 [ACK] Seq=495406 Ack=144 Win=65024 Len=1448 TSval=2916043632 TSecr=3045563406 [TCP segment of a reassembled PDU]"
"76138","39.551714231","192.168.1.55","192.168.1.2","TCP","1514","8004  >  37102 [PSH, ACK] Seq=496854 Ack=144 Win=65024 Len=1448 TSval=2916043632 TSecr=3045563406 [TCP segment of a reassembled PDU]"
"76139","39.551717972","192.168.1.55","192.168.1.2","HTTP","222","HTTP/1.0 200 OK  (PNG)"
"76140","39.551722009","192.168.1.2","192.168.1.55","TCP","66","37102  >  8004 [ACK] Seq=144 Ack=385358 Win=129024 Len=0 TSval=3045563406 TSecr=2916043624"
"76141","39.551729991","192.168.1.2","192.168.1.55","TCP","66","37102  >  8004 [ACK] Seq=144 Ack=391150 Win=129024 Len=0 TSval=3045563406 TSecr=2916043624"
"76142","39.551785491","192.168.1.2","192.168.1.55","TCP","66","37102  >  8004 [ACK] Seq=144 Ack=392598 Win=132096 Len=0 TSval=3045563406 TSecr=2916043624"
"76143","39.551792213","192.168.1.2","192.168.1.55","TCP","66","37102  >  8004 [ACK] Seq=144 Ack=395494 Win=137216 Len=0 TSval=3045563407 TSecr=2916043624"
"76144","39.556734036","192.168.1.2","192.168.1.55","TCP","66","37102  >  8004 [ACK] Seq=144 Ack=409974 Win=165888 Len=0 TSval=3045563409 TSecr=2916043630"
"76145","39.557986760","192.168.1.2","192.168.1.55","TCP","66","37102  >  8004 [ACK] Seq=144 Ack=411422 Win=168960 Len=0 TSval=3045563413 TSecr=2916043630"
"76146","39.558190038","192.168.1.2","192.168.1.55","TCP","66","37102  >  8004 [ACK] Seq=144 Ack=429870 Win=196608 Len=0 TSval=3045563413 TSecr=2916043632"
"76147","39.558198723","192.168.1.2","192.168.1.55","TCP","66","37102  >  8004 [ACK] Seq=144 Ack=430246 Win=199680 Len=0 TSval=3045563413 TSecr=2916043632"
"76148","39.558202890","192.168.1.2","192.168.1.55","TCP","66","37102  >  8004 [ACK] Seq=144 Ack=475134 Win=189440 Len=0 TSval=3045563413 TSecr=2916043632"
"76149","39.558209205","192.168.1.2","192.168.1.55","TCP","66","37102  >  8004 [ACK] Seq=144 Ack=492510 Win=199680 Len=0 TSval=3045563413 TSecr=2916043632"
"76150","39.558740650","192.168.1.2","192.168.1.55","TCP","66","37102  >  8004 [ACK] Seq=144 Ack=498302 Win=211968 Len=0 TSval=3045563413 TSecr=2916043632"
"76151","39.560296634","192.168.1.2","192.168.1.55","TCP","66","37102  >  8004 [FIN, ACK] Seq=144 Ack=498459 Win=214016 Len=0 TSval=3045563414 TSecr=2916043632"
"76152","39.560310060","192.168.1.55","192.168.1.2","TCP","66","8004  >  37102 [ACK] Seq=498459 Ack=145 Win=65024 Len=0 TSval=2916043641 TSecr=3045563414"
"76153","39.560356190","192.168.1.2","192.168.1.55","TCP","74","37112  >  8004 [SYN] Seq=0 Win=64240 Len=0 MSS=1460 SACK_PERM TSval=3045563415 TSecr=0 WS=1024"
"76154","39.560381801","192.168.1.55","192.168.1.2","TCP","74","8004  >  37112 [SYN, ACK] Seq=0 Ack=1 Win=65160 Len=0 MSS=1460 SACK_PERM TSval=2916043641 TSecr=3045563415 WS=128"
"76155","39.563798158","192.168.1.2","192.168.1.55","TCP","66","37112  >  8004 [ACK] Seq=1 Ack=1 Win=64512 Len=0 TSval=3045563418 TSecr=2916043641"
"76156","39.567000997","192.168.1.2","192.168.1.55","HTTP","206","GET /stego_benchmark.png HTTP/1.1 "
"76157","39.567011960","192.168.1.55","192.168.1.2","TCP","66","8004  >  37112 [ACK] Seq=1 Ack=141 Win=65024 Len=0 TSval=2916043647 TSecr=3045563418"
"76158","39.567497979","192.168.1.55","192.168.1.2","TCP","255","8004  >  37112 [PSH, ACK] Seq=1 Ack=141 Win=65024 Len=189 TSval=2916043648 TSecr=3045563418 [TCP segment of a reassembled PDU]"
"76159","39.567578090","192.168.1.55","192.168.1.2","TCP","1514","8004  >  37112 [ACK] Seq=190 Ack=141 Win=65024 Len=1448 TSval=2916043648 TSecr=3045563418 [TCP segment of a reassembled PDU]"
"76160","39.567582127","192.168.1.55","192.168.1.2","TCP","1514","8004  >  37112 [ACK] Seq=1638 Ack=141 Win=65024 Len=1448 TSval=2916043648 TSecr=3045563418 [TCP segment of a reassembled PDU]"
"76161","39.567583516","192.168.1.55","192.168.1.2","TCP","1514","8004  >  37112 [ACK] Seq=3086 Ack=141 Win=65024 Len=1448 TSval=2916043648 TSecr=3045563418 [TCP segment of a reassembled PDU]"
"76162","39.567584905","192.168.1.55","192.168.1.2","TCP","1514","8004  >  37112 [ACK] Seq=4534 Ack=141 Win=65024 Len=1448 TSval=2916043648 TSecr=3045563418 [TCP segment of a reassembled PDU]"
"76163","39.567586183","192.168.1.55","192.168.1.2","TCP","1514","8004  >  37112 [PSH, ACK] Seq=5982 Ack=141 Win=65024 Len=1448 TSval=2916043648 TSecr=3045563418 [TCP segment of a reassembled PDU]"
"76164","39.567603646","192.168.1.55","192.168.1.2","TCP","1514","8004  >  37112 [ACK] Seq=7430 Ack=141 Win=65024 Len=1448 TSval=2916043648 TSecr=3045563418 [TCP segment of a reassembled PDU]"
"76165","39.567605535","192.168.1.55","192.168.1.2","TCP","1514","8004  >  37112 [ACK] Seq=8878 Ack=141 Win=65024 Len=1448 TSval=2916043648 TSecr=3045563418 [TCP segment of a reassembled PDU]"
"76166","39.567606794","192.168.1.55","192.168.1.2","TCP","1514","8004  >  37112 [ACK] Seq=10326 Ack=141 Win=65024 Len=1448 TSval=2916043648 TSecr=3045563418 [TCP segment of a reassembled PDU]"
"76167","39.567608090","192.168.1.55","192.168.1.2","TCP","1514","8004  >  37112 [PSH, ACK] Seq=11774 Ack=141 Win=65024 Len=1448 TSval=2916043648 TSecr=3045563418 [TCP segment of a reassembled PDU]"
"76168","39.571833301","192.168.1.2","192.168.1.55","TCP","66","37112  >  8004 [ACK] Seq=141 Ack=190 Win=64512 Len=0 TSval=3045563425 TSecr=2916043648"
"76169","39.571860653","192.168.1.55","192.168.1.2","TCP","1514","8004  >  37112 [ACK] Seq=13222 Ack=141 Win=65024 Len=1448 TSval=2916043652 TSecr=3045563425 [TCP segment of a reassembled PDU]"
"76170","39.571864820","192.168.1.55","192.168.1.2","TCP","1514","8004  >  37112 [PSH, ACK] Seq=14670 Ack=141 Win=65024 Len=1448 TSval=2916043652 TSecr=3045563425 [TCP segment of a reassembled PDU]"
"76171","39.571930190","192.168.1.2","192.168.1.55","TCP","66","37112  >  8004 [ACK] Seq=141 Ack=5982 Win=76800 Len=0 TSval=3045563425 TSecr=2916043648"
"76172","39.571951283","192.168.1.55","192.168.1.2","TCP","1514","8004  >  37112 [ACK] Seq=16118 Ack=141 Win=65024 Len=1448 TSval=2916043652 TSecr=3045563425 [TCP segment of a reassembled PDU]"
"76173","39.571953227","192.168.1.55","192.168.1.2","TCP","1514","8004  >  37112 [ACK] Seq=17566 Ack=141 Win=65024 Len=1448 TSval=2916043652 TSecr=3045563425 [TCP segment of a reassembled PDU]"
"76174","39.571954653","192.168.1.55","192.168.1.2","TCP","1514","8004  >  37112 [ACK] Seq=19014 Ack=141 Win=65024 Len=1448 TSval=2916043652 TSecr=3045563425 [TCP segment of a reassembled PDU]"
"76175","39.571956357","192.168.1.55","192.168.1.2","TCP","1514","8004  >  37112 [ACK] Seq=20462 Ack=141 Win=65024 Len=1448 TSval=2916043652 TSecr=3045563425 [TCP segment of a reassembled PDU]"
"76176","39.571957690","192.168.1.55","192.168.1.2","TCP","1514","8004  >  37112 [ACK] Seq=21910 Ack=141 Win=65024 Len=1448 TSval=2916043652 TSecr=3045563425 [TCP segment of a reassembled PDU]"
"76177","39.571958986","192.168.1.55","192.168.1.2","TCP","1514","8004  >  37112 [ACK] Seq=23358 Ack=141 Win=65024 Len=1448 TSval=2916043652 TSecr=3045563425 [TCP segment of a reassembled PDU]"
"76178","39.571960246","192.168.1.55","192.168.1.2","TCP","1514","8004  >  37112 [PSH, ACK] Seq=24806 Ack=141 Win=65024 Len=1448 TSval=2916043652 TSecr=3045563425 [TCP segment of a reassembled PDU]"
"76179","39.571965468","192.168.1.2","192.168.1.55","TCP","66","37112  >  8004 [ACK] Seq=141 Ack=7430 Win=79872 Len=0 TSval=3045563426 TSecr=2916043648"
"76180","39.571972431","192.168.1.2","192.168.1.55","TCP","66","37112  >  8004 [ACK] Seq=141 Ack=13222 Win=80896 Len=0 TSval=3045563426 TSecr=2916043648"
"76181","39.571994005","192.168.1.55","192.168.1.2","TCP","1514","8004  >  37112 [ACK] Seq=26254 Ack=141 Win=65024 Len=1448 TSval=2916043652 TSecr=3045563426 [TCP segment of a reassembled PDU]"
"76182","39.571996153","192.168.1.55","192.168.1.2","TCP","1514","8004  >  37112 [ACK] Seq=27702 Ack=141 Win=65024 Len=1448 TSval=2916043652 TSecr=3045563426 [TCP segment of a reassembled PDU]"
"76183","39.571997672","192.168.1.55","192.168.1.2","TCP","1514","8004  >  37112 [ACK] Seq=29150 Ack=141 Win=65024 Len=1448 TSval=2916043652 TSecr=3045563426 [TCP segment of a reassembled PDU]"
"76184","39.571999005","192.168.1.55","192.168.1.2","TCP","1514","8004  >  37112 [ACK] Seq=30598 Ack=141 Win=65024 Len=1448 TSval=2916043652 TSecr=3045563426 [TCP segment of a reassembled PDU]"
"76185","39.572000301","192.168.1.55","192.168.1.2","TCP","1514","8004  >  37112 [ACK] Seq=32046 Ack=141 Win=65024 Len=1448 TSval=2916043652 TSecr=3045563426 [TCP segment of a reassembled PDU]"
"76186","39.572001598","192.168.1.55","192.168.1.2","TCP","1514","8004  >  37112 [ACK] Seq=33494 Ack=141 Win=65024 Len=1448 TSval=2916043652 TSecr=3045563426 [TCP segment of a reassembled PDU]"
"76187","39.572002987","192.168.1.55","192.168.1.2","TCP","1514","8004  >  37112 [ACK] Seq=34942 Ack=141 Win=65024 Len=1448 TSval=2916043652 TSecr=3045563426 [TCP segment of a reassembled PDU]"
"76188","39.572004338","192.168.1.55","192.168.1.2","TCP","1514","8004  >  37112 [ACK] Seq=36390 Ack=141 Win=65024 Len=1448 TSval=2916043652 TSecr=3045563426 [TCP segment of a reassembled PDU]"
"76189","39.572005690","192.168.1.55","192.168.1.2","TCP","1514","8004  >  37112 [ACK] Seq=37838 Ack=141 Win=65024 Len=1448 TSval=2916043652 TSecr=3045563426 [TCP segment of a reassembled PDU]"
"76190","39.572006968","192.168.1.55","192.168.1.2","TCP","1514","8004  >  37112 [PSH, ACK] Seq=39286 Ack=141 Win=65024 Len=1448 TSval=2916043652 TSecr=3045563426 [TCP segment of a reassembled PDU]"
"76191","39.572905451","192.168.1.55","192.168.1.2","TCP","1514","8004  >  37112 [ACK] Seq=40734 Ack=141 Win=65024 Len=1448 TSval=2916043653 TSecr=3045563426 [TCP segment of a reassembled PDU]"
"76192","39.576612346","192.168.1.2","192.168.1.55","TCP","66","37112  >  8004 [ACK] Seq=141 Ack=16118 Win=87040 Len=0 TSval=3045563431 TSecr=2916043652"
"76193","39.576648068","192.168.1.55","192.168.1.2","TCP","1514","8004  >  37112 [ACK] Seq=42182 Ack=141 Win=65024 Len=1448 TSval=2916043657 TSecr=3045563431 [TCP segment of a reassembled PDU]"
"76194","39.576654068","192.168.1.55","192.168.1.2","TCP","1514","8004  >  37112 [PSH, ACK] Seq=43630 Ack=141 Win=65024 Len=1448 TSval=2916043657 TSecr=3045563431 [TCP segment of a reassembled PDU]"
"76195","39.576743476","192.168.1.2","192.168.1.55","TCP","66","37112  >  8004 [ACK] Seq=141 Ack=26254 Win=86016 Len=0 TSval=3045563431 TSecr=2916043652"
"76196","39.576776494","192.168.1.55","192.168.1.2","TCP","1514","8004  >  37112 [ACK] Seq=45078 Ack=141 Win=65024 Len=1448 TSval=2916043657 TSecr=3045563431 [TCP segment of a reassembled PDU]"
"76197","39.576778605","192.168.1.55","192.168.1.2","TCP","1514","8004  >  37112 [ACK] Seq=46526 Ack=141 Win=65024 Len=1448 TSval=2916043657 TSecr=3045563431 [TCP segment of a reassembled PDU]"
"76198","39.576779957","192.168.1.55","192.168.1.2","TCP","1514","8004  >  37112 [ACK] Seq=47974 Ack=141 Win=65024 Len=1448 TSval=2916043657 TSecr=3045563431 [TCP segment of a reassembled PDU]"
"76199","39.576782087","192.168.1.55","192.168.1.2","TCP","1514","8004  >  37112 [ACK] Seq=49422 Ack=141 Win=65024 Len=1448 TSval=2916043657 TSecr=3045563431 [TCP segment of a reassembled PDU]"
"76200","39.576783902","192.168.1.55","192.168.1.2","TCP","1514","8004  >  37112 [ACK] Seq=50870 Ack=141 Win=65024 Len=1448 TSval=2916043657 TSecr=3045563431 [TCP segment of a reassembled PDU]"
"76201","39.576785068","192.168.1.55","192.168.1.2","TCP","1514","8004  >  37112 [ACK] Seq=52318 Ack=141 Win=65024 Len=1448 TSval=2916043657 TSecr=3045563431 [TCP segment of a reassembled PDU]"
"76202","39.576786217","192.168.1.55","192.168.1.2","TCP","1514","8004  >  37112 [ACK] Seq=53766 Ack=141 Win=65024 Len=1448 TSval=2916043657 TSecr=3045563431 [TCP segment of a reassembled PDU]"
"76203","39.576787717","192.168.1.55","192.168.1.2","TCP","1514","8004  >  37112 [ACK] Seq=55214 Ack=141 Win=65024 Len=1448 TSval=2916043657 TSecr=3045563431 [TCP segment of a reassembled PDU]"
"76204","39.576788828","192.168.1.55","192.168.1.2","TCP","1514","8004  >  37112 [ACK] Seq=56662 Ack=141 Win=65024 Len=1448 TSval=2916043657 TSecr=3045563431 [TCP segment of a reassembled PDU]"
"76205","39.576790217","192.168.1.55","192.168.1.2","TCP","1514","8004  >  37112 [ACK] Seq=58110 Ack=141 Win=65024 Len=1448 TSval=2916043657 TSecr=3045563431 [TCP segment of a reassembled PDU]"
"76206","39.576793180","192.168.1.55","192.168.1.2","TCP","1514","8004  >  37112 [ACK] Seq=59558 Ack=141 Win=65024 Len=1448 TSval=2916043657 TSecr=3045563431 [TCP segment of a reassembled PDU]"
"76207","39.576795050","192.168.1.55","192.168.1.2","TCP","1514","8004  >  37112 [ACK] Seq=61006 Ack=141 Win=65024 Len=1448 TSval=2916043657 TSecr=3045563431 [TCP segment of a reassembled PDU]"
"76208","39.576796328","192.168.1.55","192.168.1.2","TCP","1514","8004  >  37112 [ACK] Seq=62454 Ack=141 Win=65024 Len=1448 TSval=2916043657 TSecr=3045563431 [TCP segment of a reassembled PDU]"
"76209","39.576797494","192.168.1.55","192.168.1.2","TCP","1514","8004  >  37112 [PSH, ACK] Seq=63902 Ack=141 Win=65024 Len=1448 TSval=2916043657 TSecr=3045563431 [TCP segment of a reassembled PDU]"
"76210","39.576803568","192.168.1.2","192.168.1.55","TCP","66","37112  >  8004 [ACK] Seq=141 Ack=36390 Win=76800 Len=0 TSval=3045563431 TSecr=2916043652"
"76211","39.576823050","192.168.1.55","192.168.1.2","TCP","1514","8004  >  37112 [ACK] Seq=65350 Ack=141 Win=65024 Len=1448 TSval=2916043657 TSecr=3045563431 [TCP segment of a reassembled PDU]"
"76212","39.576825976","192.168.1.55","192.168.1.2","TCP","1514","8004  >  37112 [ACK] Seq=66798 Ack=141 Win=65024 Len=1448 TSval=2916043657 TSecr=3045563431 [TCP segment of a reassembled PDU]"
"76213","39.576827124","192.168.1.55","192.168.1.2","TCP","1514","8004  >  37112 [ACK] Seq=68246 Ack=141 Win=65024 Len=1448 TSval=2916043657 TSecr=3045563431 [TCP segment of a reassembled PDU]"
"76214","39.576828365","192.168.1.55","192.168.1.2","TCP","1514","8004  >  37112 [ACK] Seq=69694 Ack=141 Win=65024 Len=1448 TSval=2916043657 TSecr=3045563431 [TCP segment of a reassembled PDU]"
"76215","39.576829865","192.168.1.55","192.168.1.2","TCP","1514","8004  >  37112 [ACK] Seq=71142 Ack=141 Win=65024 Len=1448 TSval=2916043657 TSecr=3045563431 [TCP segment of a reassembled PDU]"
"76216","39.576831494","192.168.1.55","192.168.1.2","TCP","1514","8004  >  37112 [ACK] Seq=72590 Ack=141 Win=65024 Len=1448 TSval=2916043657 TSecr=3045563431 [TCP segment of a reassembled PDU]"
"76217","39.576832939","192.168.1.55","192.168.1.2","TCP","1514","8004  >  37112 [ACK] Seq=74038 Ack=141 Win=65024 Len=1448 TSval=2916043657 TSecr=3045563431 [TCP segment of a reassembled PDU]"
"76218","39.576834809","192.168.1.55","192.168.1.2","TCP","1514","8004  >  37112 [PSH, ACK] Seq=75486 Ack=141 Win=65024 Len=1448 TSval=2916043657 TSecr=3045563431 [TCP segment of a reassembled PDU]"
"76219","39.576840124","192.168.1.2","192.168.1.55","TCP","66","37112  >  8004 [ACK] Seq=141 Ack=39286 Win=92160 Len=0 TSval=3045563431 TSecr=2916043652"
"76220","39.578691757","192.168.1.2","192.168.1.55","TCP","66","37112  >  8004 [ACK] Seq=141 Ack=40734 Win=94208 Len=0 TSval=3045563432 TSecr=2916043652"
"76221","39.578763016","192.168.1.55","192.168.1.2","TCP","1514","8004  >  37112 [ACK] Seq=76934 Ack=141 Win=65024 Len=1448 TSval=2916043659 TSecr=3045563432 [TCP segment of a reassembled PDU]"
"76222","39.578767794","192.168.1.55","192.168.1.2","TCP","1514","8004  >  37112 [ACK] Seq=78382 Ack=141 Win=65024 Len=1448 TSval=2916043659 TSecr=3045563432 [TCP segment of a reassembled PDU]"
"76223","39.578769886","192.168.1.55","192.168.1.2","TCP","1514","8004  >  37112 [ACK] Seq=79830 Ack=141 Win=65024 Len=1448 TSval=2916043659 TSecr=3045563432 [TCP segment of a reassembled PDU]"
"76224","39.578772127","192.168.1.55","192.168.1.2","TCP","1514","8004  >  37112 [ACK] Seq=81278 Ack=141 Win=65024 Len=1448 TSval=2916043659 TSecr=3045563432 [TCP segment of a reassembled PDU]"
"76225","39.578773627","192.168.1.55","192.168.1.2","TCP","1514","8004  >  37112 [ACK] Seq=82726 Ack=141 Win=65024 Len=1448 TSval=2916043659 TSecr=3045563432 [TCP segment of a reassembled PDU]"
"76226","39.578775368","192.168.1.55","192.168.1.2","TCP","1514","8004  >  37112 [ACK] Seq=84174 Ack=141 Win=65024 Len=1448 TSval=2916043659 TSecr=3045563432 [TCP segment of a reassembled PDU]"
"76227","39.578776794","192.168.1.55","192.168.1.2","TCP","1514","8004  >  37112 [ACK] Seq=85622 Ack=141 Win=65024 Len=1448 TSval=2916043659 TSecr=3045563432 [TCP segment of a reassembled PDU]"
"76228","39.578778275","192.168.1.55","192.168.1.2","TCP","1514","8004  >  37112 [ACK] Seq=87070 Ack=141 Win=65024 Len=1448 TSval=2916043659 TSecr=3045563432 [TCP segment of a reassembled PDU]"
"76229","39.578779831","192.168.1.55","192.168.1.2","TCP","1514","8004  >  37112 [ACK] Seq=88518 Ack=141 Win=65024 Len=1448 TSval=2916043659 TSecr=3045563432 [TCP segment of a reassembled PDU]"
"76230","39.578781016","192.168.1.55","192.168.1.2","TCP","1514","8004  >  37112 [ACK] Seq=89966 Ack=141 Win=65024 Len=1448 TSval=2916043659 TSecr=3045563432 [TCP segment of a reassembled PDU]"
"76231","39.578782738","192.168.1.55","192.168.1.2","TCP","1514","8004  >  37112 [ACK] Seq=91414 Ack=141 Win=65024 Len=1448 TSval=2916043659 TSecr=3045563432 [TCP segment of a reassembled PDU]"
"76232","39.578785331","192.168.1.55","192.168.1.2","TCP","1514","8004  >  37112 [ACK] Seq=92862 Ack=141 Win=65024 Len=1448 TSval=2916043659 TSecr=3045563432 [TCP segment of a reassembled PDU]"
"76233","39.578786961","192.168.1.55","192.168.1.2","TCP","1514","8004  >  37112 [ACK] Seq=94310 Ack=141 Win=65024 Len=1448 TSval=2916043659 TSecr=3045563432 [TCP segment of a reassembled PDU]"
"76234","39.578788405","192.168.1.55","192.168.1.2","TCP","1514","8004  >  37112 [PSH, ACK] Seq=95758 Ack=141 Win=65024 Len=1448 TSval=2916043659 TSecr=3045563432 [TCP segment of a reassembled PDU]"
"76235","39.578818535","192.168.1.2","192.168.1.55","TCP","66","37112  >  8004 [ACK] Seq=141 Ack=42182 Win=94208 Len=0 TSval=3045563432 TSecr=2916043653"
"76236","39.578836924","192.168.1.55","192.168.1.2","TCP","1514","8004  >  37112 [ACK] Seq=97206 Ack=141 Win=65024 Len=1448 TSval=2916043659 TSecr=3045563432 [TCP segment of a reassembled PDU]"
"76237","39.578838831","192.168.1.55","192.168.1.2","TCP","1514","8004  >  37112 [PSH, ACK] Seq=98654 Ack=141 Win=65024 Len=1448 TSval=2916043659 TSecr=3045563432 [TCP segment of a reassembled PDU]"
"76238","39.583074430","192.168.1.2","192.168.1.55","TCP","66","37112  >  8004 [ACK] Seq=141 Ack=45078 Win=92160 Len=0 TSval=3045563436 TSecr=2916043657"
"76239","39.583083949","192.168.1.55","192.168.1.2","TCP","1514","8004  >  37112 [ACK] Seq=100102 Ack=141 Win=65024 Len=1448 TSval=2916043663 TSecr=3045563436 [TCP segment of a reassembled PDU]"
"76240","39.583086301","192.168.1.55","192.168.1.2","TCP","1514","8004  >  37112 [ACK] Seq=101550 Ack=141 Win=65024 Len=1448 TSval=2916043663 TSecr=3045563436 [TCP segment of a reassembled PDU]"
"76241","39.583087616","192.168.1.55","192.168.1.2","TCP","1514","8004  >  37112 [ACK] Seq=102998 Ack=141 Win=65024 Len=1448 TSval=2916043663 TSecr=3045563436 [TCP segment of a reassembled PDU]"
"76242","39.583088690","192.168.1.55","192.168.1.2","TCP","1514","8004  >  37112 [PSH, ACK] Seq=104446 Ack=141 Win=65024 Len=1448 TSval=2916043663 TSecr=3045563436 [TCP segment of a reassembled PDU]"
"76243","39.583344857","192.168.1.2","192.168.1.55","TCP","66","37112  >  8004 [ACK] Seq=141 Ack=65350 Win=75776 Len=0 TSval=3045563436 TSecr=2916043657"
"76244","39.583355746","192.168.1.55","192.168.1.2","TCP","1514","8004  >  37112 [ACK] Seq=105894 Ack=141 Win=65024 Len=1448 TSval=2916043664 TSecr=3045563436 [TCP segment of a reassembled PDU]"
"76245","39.583357338","192.168.1.55","192.168.1.2","TCP","1514","8004  >  37112 [ACK] Seq=107342 Ack=141 Win=65024 Len=1448 TSval=2916043664 TSecr=3045563436 [TCP segment of a reassembled PDU]"
"76246","39.583358431","192.168.1.55","192.168.1.2","TCP","1514","8004  >  37112 [ACK] Seq=108790 Ack=141 Win=65024 Len=1448 TSval=2916043664 TSecr=3045563436 [TCP segment of a reassembled PDU]"
"76247","39.583359524","192.168.1.55","192.168.1.2","TCP","1514","8004  >  37112 [ACK] Seq=110238 Ack=141 Win=65024 Len=1448 TSval=2916043664 TSecr=3045563436 [TCP segment of a reassembled PDU]"
"76248","39.583360598","192.168.1.55","192.168.1.2","TCP","1514","8004  >  37112 [ACK] Seq=111686 Ack=141 Win=65024 Len=1448 TSval=2916043664 TSecr=3045563436 [TCP segment of a reassembled PDU]"
"76249","39.583361801","192.168.1.55","192.168.1.2","TCP","1514","8004  >  37112 [ACK] Seq=113134 Ack=141 Win=65024 Len=1448 TSval=2916043664 TSecr=3045563436 [TCP segment of a reassembled PDU]"
"76250","39.583363246","192.168.1.55","192.168.1.2","TCP","1514","8004  >  37112 [PSH, ACK] Seq=114582 Ack=141 Win=65024 Len=1448 TSval=2916043664 TSecr=3045563436 [TCP segment of a reassembled PDU]"
"76251","39.583368949","192.168.1.2","192.168.1.55","TCP","66","37112  >  8004 [ACK] Seq=141 Ack=76934 Win=64512 Len=0 TSval=3045563436 TSecr=2916043657"
"76252","39.583396450","192.168.1.55","192.168.1.2","TCP","1514","8004  >  37112 [ACK] Seq=116030 Ack=141 Win=65024 Len=1448 TSval=2916043664 TSecr=3045563436 [TCP segment of a reassembled PDU]"
"76253","39.583398079","192.168.1.55","192.168.1.2","TCP","1514","8004  >  37112 [ACK] Seq=117478 Ack=141 Win=65024 Len=1448 TSval=2916043664 TSecr=3045563436 [TCP segment of a reassembled PDU]"
"76254","39.583399153","192.168.1.55","192.168.1.2","TCP","1514","8004  >  37112 [ACK] Seq=118926 Ack=141 Win=65024 Len=1448 TSval=2916043664 TSecr=3045563436 [TCP segment of a reassembled PDU]"
"76255","39.583400375","192.168.1.55","192.168.1.2","TCP","1514","8004  >  37112 [ACK] Seq=120374 Ack=141 Win=65024 Len=1448 TSval=2916043664 TSecr=3045563436 [TCP segment of a reassembled PDU]"
"76256","39.583401598","192.168.1.55","192.168.1.2","TCP","1514","8004  >  37112 [ACK] Seq=121822 Ack=141 Win=65024 Len=1448 TSval=2916043664 TSecr=3045563436 [TCP segment of a reassembled PDU]"
"76257","39.583402838","192.168.1.55","192.168.1.2","TCP","1514","8004  >  37112 [ACK] Seq=123270 Ack=141 Win=65024 Len=1448 TSval=2916043664 TSecr=3045563436 [TCP segment of a reassembled PDU]"
"76258","39.583404005","192.168.1.55","192.168.1.2","TCP","1514","8004  >  37112 [ACK] Seq=124718 Ack=141 Win=65024 Len=1448 TSval=2916043664 TSecr=3045563436 [TCP segment of a reassembled PDU]"
"76259","39.583405172","192.168.1.55","192.168.1.2","TCP","1514","8004  >  37112 [ACK] Seq=126166 Ack=141 Win=65024 Len=1448 TSval=2916043664 TSecr=3045563436 [TCP segment of a reassembled PDU]"
"76260","39.583406375","192.168.1.55","192.168.1.2","TCP","1514","8004  >  37112 [ACK] Seq=127614 Ack=141 Win=65024 Len=1448 TSval=2916043664 TSecr=3045563436 [TCP segment of a reassembled PDU]"
"76261","39.583407561","192.168.1.55","192.168.1.2","TCP","1514","8004  >  37112 [ACK] Seq=129062 Ack=141 Win=65024 Len=1448 TSval=2916043664 TSecr=3045563436 [TCP segment of a reassembled PDU]"
"76262","39.583408912","192.168.1.55","192.168.1.2","TCP","1514","8004  >  37112 [ACK] Seq=130510 Ack=141 Win=65024 Len=1448 TSval=2916043664 TSecr=3045563436 [TCP segment of a reassembled PDU]"
"76263","39.583410098","192.168.1.55","192.168.1.2","TCP","1514","8004  >  37112 [ACK] Seq=131958 Ack=141 Win=65024 Len=1448 TSval=2916043664 TSecr=3045563436 [TCP segment of a reassembled PDU]"
"76264","39.583411320","192.168.1.55","192.168.1.2","TCP","1514","8004  >  37112 [ACK] Seq=133406 Ack=141 Win=65024 Len=1448 TSval=2916043664 TSecr=3045563436 [TCP segment of a reassembled PDU]"
"76265","39.583412524","192.168.1.55","192.168.1.2","TCP","1514","8004  >  37112 [ACK] Seq=134854 Ack=141 Win=65024 Len=1448 TSval=2916043664 TSecr=3045563436 [TCP segment of a reassembled PDU]"
"76266","39.583413764","192.168.1.55","192.168.1.2","TCP","1514","8004  >  37112 [ACK] Seq=136302 Ack=141 Win=65024 Len=1448 TSval=2916043664 TSecr=3045563436 [TCP segment of a reassembled PDU]"
"76267","39.583414987","192.168.1.55","192.168.1.2","TCP","1514","8004  >  37112 [ACK] Seq=137750 Ack=141 Win=65024 Len=1448 TSval=2916043664 TSecr=3045563436 [TCP segment of a reassembled PDU]"
"76268","39.583416190","192.168.1.55","192.168.1.2","TCP","1514","8004  >  37112 [ACK] Seq=139198 Ack=141 Win=65024 Len=1448 TSval=2916043664 TSecr=3045563436 [TCP segment of a reassembled PDU]"
"76269","39.583417413","192.168.1.55","192.168.1.2","TCP","866","[TCP Window Full] 8004  >  37112 [PSH, ACK] Seq=140646 Ack=141 Win=65024 Len=800 TSval=2916043664 TSecr=3045563436 [TCP segment of a reassembled PDU]"
"76270","39.584551266","192.168.1.2","192.168.1.55","TCP","66","37112  >  8004 [ACK] Seq=141 Ack=91414 Win=77824 Len=0 TSval=3045563437 TSecr=2916043659"
"76271","39.584569470","192.168.1.55","192.168.1.2","TCP","1514","8004  >  37112 [ACK] Seq=141446 Ack=141 Win=65024 Len=1448 TSval=2916043665 TSecr=3045563437 [TCP segment of a reassembled PDU]"
"76272","39.584571914","192.168.1.55","192.168.1.2","TCP","1514","8004  >  37112 [ACK] Seq=142894 Ack=141 Win=65024 Len=1448 TSval=2916043665 TSecr=3045563437 [TCP segment of a reassembled PDU]"
"76273","39.584573100","192.168.1.55","192.168.1.2","TCP","1514","8004  >  37112 [ACK] Seq=144342 Ack=141 Win=65024 Len=1448 TSval=2916043665 TSecr=3045563437 [TCP segment of a reassembled PDU]"
"76274","39.584574303","192.168.1.55","192.168.1.2","TCP","1514","8004  >  37112 [ACK] Seq=145790 Ack=141 Win=65024 Len=1448 TSval=2916043665 TSecr=3045563437 [TCP segment of a reassembled PDU]"
"76275","39.584575414","192.168.1.55","192.168.1.2","TCP","1514","8004  >  37112 [ACK] Seq=147238 Ack=141 Win=65024 Len=1448 TSval=2916043665 TSecr=3045563437 [TCP segment of a reassembled PDU]"
"76276","39.584576766","192.168.1.55","192.168.1.2","TCP","1514","8004  >  37112 [ACK] Seq=148686 Ack=141 Win=65024 Len=1448 TSval=2916043665 TSecr=3045563437 [TCP segment of a reassembled PDU]"
"76277","39.584577933","192.168.1.55","192.168.1.2","TCP","1514","8004  >  37112 [ACK] Seq=150134 Ack=141 Win=65024 Len=1448 TSval=2916043665 TSecr=3045563437 [TCP segment of a reassembled PDU]"
"76278","39.584579137","192.168.1.55","192.168.1.2","TCP","1514","8004  >  37112 [ACK] Seq=151582 Ack=141 Win=65024 Len=1448 TSval=2916043665 TSecr=3045563437 [TCP segment of a reassembled PDU]"
"76279","39.584580322","192.168.1.55","192.168.1.2","TCP","1514","8004  >  37112 [PSH, ACK] Seq=153030 Ack=141 Win=65024 Len=1448 TSval=2916043665 TSecr=3045563437 [TCP segment of a reassembled PDU]"
"76280","39.584585044","192.168.1.55","192.168.1.2","TCP","714","8004  >  37112 [ACK] Seq=154478 Ack=141 Win=65024 Len=648 TSval=2916043665 TSecr=3045563437 [TCP segment of a reassembled PDU]"
"76281","39.585037582","192.168.1.2","192.168.1.55","TCP","66","37112  >  8004 [ACK] Seq=141 Ack=97206 Win=88064 Len=0 TSval=3045563439 TSecr=2916043659"
"76282","39.585061193","192.168.1.55","192.168.1.2","TCP","1514","8004  >  37112 [ACK] Seq=155126 Ack=141 Win=65024 Len=1448 TSval=2916043665 TSecr=3045563439 [TCP segment of a reassembled PDU]"
"76283","39.585062897","192.168.1.55","192.168.1.2","TCP","1514","8004  >  37112 [ACK] Seq=156574 Ack=141 Win=65024 Len=1448 TSval=2916043665 TSecr=3045563439 [TCP segment of a reassembled PDU]"
"76284","39.585064045","192.168.1.55","192.168.1.2","TCP","1514","8004  >  37112 [ACK] Seq=158022 Ack=141 Win=65024 Len=1448 TSval=2916043665 TSecr=3045563439 [TCP segment of a reassembled PDU]"
"76285","39.585065304","192.168.1.55","192.168.1.2","TCP","1514","8004  >  37112 [ACK] Seq=159470 Ack=141 Win=65024 Len=1448 TSval=2916043665 TSecr=3045563439 [TCP segment of a reassembled PDU]"
"76286","39.585066730","192.168.1.55","192.168.1.2","TCP","1514","8004  >  37112 [ACK] Seq=160918 Ack=141 Win=65024 Len=1448 TSval=2916043665 TSecr=3045563439 [TCP segment of a reassembled PDU]"
"76287","39.585067897","192.168.1.55","192.168.1.2","TCP","1514","8004  >  37112 [ACK] Seq=162366 Ack=141 Win=65024 Len=1448 TSval=2916043665 TSecr=3045563439 [TCP segment of a reassembled PDU]"
"76288","39.585069156","192.168.1.55","192.168.1.2","TCP","1514","8004  >  37112 [ACK] Seq=163814 Ack=141 Win=65024 Len=1448 TSval=2916043665 TSecr=3045563439 [TCP segment of a reassembled PDU]"
"76289","39.585070415","192.168.1.55","192.168.1.2","TCP","1514","8004  >  37112 [ACK] Seq=165262 Ack=141 Win=65024 Len=1448 TSval=2916043665 TSecr=3045563439 [TCP segment of a reassembled PDU]"
"76290","39.585071693","192.168.1.55","192.168.1.2","TCP","1514","8004  >  37112 [ACK] Seq=166710 Ack=141 Win=65024 Len=1448 TSval=2916043665 TSecr=3045563439 [TCP segment of a reassembled PDU]"
"76291","39.585072971","192.168.1.55","192.168.1.2","TCP","1514","8004  >  37112 [ACK] Seq=168158 Ack=141 Win=65024 Len=1448 TSval=2916043665 TSecr=3045563439 [TCP segment of a reassembled PDU]"
"76292","39.585074137","192.168.1.55","192.168.1.2","TCP","1514","8004  >  37112 [ACK] Seq=169606 Ack=141 Win=65024 Len=1448 TSval=2916043665 TSecr=3045563439 [TCP segment of a reassembled PDU]"
"76293","39.585075434","192.168.1.55","192.168.1.2","TCP","1514","8004  >  37112 [ACK] Seq=171054 Ack=141 Win=65024 Len=1448 TSval=2916043665 TSecr=3045563439 [TCP segment of a reassembled PDU]"
"76294","39.585076674","192.168.1.55","192.168.1.2","TCP","1514","8004  >  37112 [ACK] Seq=172502 Ack=141 Win=65024 Len=1448 TSval=2916043665 TSecr=3045563439 [TCP segment of a reassembled PDU]"
"76295","39.585077897","192.168.1.55","192.168.1.2","TCP","1514","8004  >  37112 [ACK] Seq=173950 Ack=141 Win=65024 Len=1448 TSval=2916043665 TSecr=3045563439 [TCP segment of a reassembled PDU]"
"76296","39.585079156","192.168.1.55","192.168.1.2","TCP","1514","8004  >  37112 [ACK] Seq=175398 Ack=141 Win=65024 Len=1448 TSval=2916043665 TSecr=3045563439 [TCP segment of a reassembled PDU]"
"76297","39.585080415","192.168.1.55","192.168.1.2","TCP","1514","8004  >  37112 [ACK] Seq=176846 Ack=141 Win=65024 Len=1448 TSval=2916043665 TSecr=3045563439 [TCP segment of a reassembled PDU]"
"76298","39.585081582","192.168.1.55","192.168.1.2","TCP","1514","8004  >  37112 [ACK] Seq=178294 Ack=141 Win=65024 Len=1448 TSval=2916043665 TSecr=3045563439 [TCP segment of a reassembled PDU]"
"76299","39.585083119","192.168.1.55","192.168.1.2","TCP","1514","8004  >  37112 [ACK] Seq=179742 Ack=141 Win=65024 Len=1448 TSval=2916043665 TSecr=3045563439 [TCP segment of a reassembled PDU]"
"76300","39.585084267","192.168.1.55","192.168.1.2","TCP","1514","8004  >  37112 [ACK] Seq=181190 Ack=141 Win=65024 Len=1448 TSval=2916043665 TSecr=3045563439 [TCP segment of a reassembled PDU]"
"76301","39.585085582","192.168.1.55","192.168.1.2","TCP","1514","8004  >  37112 [PSH, ACK] Seq=182638 Ack=141 Win=65024 Len=1448 TSval=2916043665 TSecr=3045563439 [TCP segment of a reassembled PDU]"
"76302","39.585089637","192.168.1.2","192.168.1.55","TCP","66","37112  >  8004 [ACK] Seq=141 Ack=100102 Win=91136 Len=0 TSval=3045563439 TSecr=2916043659"
"76303","39.585102434","192.168.1.55","192.168.1.2","TCP","1514","8004  >  37112 [ACK] Seq=184086 Ack=141 Win=65024 Len=1448 TSval=2916043665 TSecr=3045563439 [TCP segment of a reassembled PDU]"
"76304","39.585103860","192.168.1.55","192.168.1.2","TCP","1514","8004  >  37112 [ACK] Seq=185534 Ack=141 Win=65024 Len=1448 TSval=2916043665 TSecr=3045563439 [TCP segment of a reassembled PDU]"
"76305","39.585105175","192.168.1.55","192.168.1.2","TCP","1514","8004  >  37112 [ACK] Seq=186982 Ack=141 Win=65024 Len=1448 TSval=2916043665 TSecr=3045563439 [TCP segment of a reassembled PDU]"
"76306","39.585106730","192.168.1.55","192.168.1.2","TCP","1514","8004  >  37112 [PSH, ACK] Seq=188430 Ack=141 Win=65024 Len=1448 TSval=2916043665 TSecr=3045563439 [TCP segment of a reassembled PDU]"
"76307","39.588975533","192.168.1.2","192.168.1.55","TCP","66","37112  >  8004 [ACK] Seq=141 Ack=101550 Win=92160 Len=0 TSval=3045563440 TSecr=2916043663"
"76308","39.589013755","192.168.1.55","192.168.1.2","TCP","1514","8004  >  37112 [ACK] Seq=189878 Ack=141 Win=65024 Len=1448 TSval=2916043669 TSecr=3045563440 [TCP segment of a reassembled PDU]"
"76309","39.589017755","192.168.1.55","192.168.1.2","TCP","1514","8004  >  37112 [PSH, ACK] Seq=191326 Ack=141 Win=65024 Len=1448 TSval=2916043669 TSecr=3045563440 [TCP segment of a reassembled PDU]"
"76310","39.589049885","192.168.1.2","192.168.1.55","TCP","66","37112  >  8004 [ACK] Seq=141 Ack=102998 Win=92160 Len=0 TSval=3045563440 TSecr=2916043663"
"76311","39.592347260","192.168.1.2","192.168.1.55","TCP","66","37112  >  8004 [ACK] Seq=141 Ack=105894 Win=91136 Len=0 TSval=3045563444 TSecr=2916043663"
"76312","39.592383223","192.168.1.55","192.168.1.2","TCP","1514","8004  >  37112 [ACK] Seq=192774 Ack=141 Win=65024 Len=1448 TSval=2916043673 TSecr=3045563444 [TCP segment of a reassembled PDU]"
"76313","39.592388205","192.168.1.55","192.168.1.2","TCP","1514","8004  >  37112 [PSH, ACK] Seq=194222 Ack=141 Win=65024 Len=1448 TSval=2916043673 TSecr=3045563444 [TCP segment of a reassembled PDU]"
"76314","39.592594446","192.168.1.2","192.168.1.55","TCP","66","37112  >  8004 [ACK] Seq=141 Ack=116030 Win=102400 Len=0 TSval=3045563444 TSecr=2916043664"
"76315","39.592606576","192.168.1.55","192.168.1.2","TCP","1514","8004  >  37112 [ACK] Seq=195670 Ack=141 Win=65024 Len=1448 TSval=2916043673 TSecr=3045563444 [TCP segment of a reassembled PDU]"
"76316","39.592608650","192.168.1.55","192.168.1.2","TCP","1514","8004  >  37112 [ACK] Seq=197118 Ack=141 Win=65024 Len=1448 TSval=2916043673 TSecr=3045563444 [TCP segment of a reassembled PDU]"
"76317","39.592609909","192.168.1.55","192.168.1.2","TCP","1514","8004  >  37112 [PSH, ACK] Seq=198566 Ack=141 Win=65024 Len=1448 TSval=2916043673 TSecr=3045563444 [TCP segment of a reassembled PDU]"
"76318","39.592614242","192.168.1.2","192.168.1.55","TCP","66","37112  >  8004 [ACK] Seq=141 Ack=141446 Win=87040 Len=0 TSval=3045563444 TSecr=2916043664"
"76319","39.592623761","192.168.1.2","192.168.1.55","TCP","66","37112  >  8004 [ACK] Seq=141 Ack=154478 Win=84992 Len=0 TSval=3045563444 TSecr=2916043665"
"76320","39.592666242","192.168.1.55","192.168.1.2","TCP","1514","8004  >  37112 [ACK] Seq=200014 Ack=141 Win=65024 Len=1448 TSval=2916043673 TSecr=3045563444 [TCP segment of a reassembled PDU]"
"76321","39.592668094","192.168.1.55","192.168.1.2","TCP","1514","8004  >  37112 [ACK] Seq=201462 Ack=141 Win=65024 Len=1448 TSval=2916043673 TSecr=3045563444 [TCP segment of a reassembled PDU]"
"76322","39.592669391","192.168.1.55","192.168.1.2","TCP","1514","8004  >  37112 [ACK] Seq=202910 Ack=141 Win=65024 Len=1448 TSval=2916043673 TSecr=3045563444 [TCP segment of a reassembled PDU]"
"76323","39.592670539","192.168.1.55","192.168.1.2","TCP","1514","8004  >  37112 [ACK] Seq=204358 Ack=141 Win=65024 Len=1448 TSval=2916043673 TSecr=3045563444 [TCP segment of a reassembled PDU]"
"76324","39.592672020","192.168.1.55","192.168.1.2","TCP","1514","8004  >  37112 [ACK] Seq=205806 Ack=141 Win=65024 Len=1448 TSval=2916043673 TSecr=3045563444 [TCP segment of a reassembled PDU]"
"76325","39.592673279","192.168.1.55","192.168.1.2","TCP","1514","8004  >  37112 [ACK] Seq=207254 Ack=141 Win=65024 Len=1448 TSval=2916043673 TSecr=3045563444 [TCP segment of a reassembled PDU]"
"76326","39.592674613","192.168.1.55","192.168.1.2","TCP","1514","8004  >  37112 [ACK] Seq=208702 Ack=141 Win=65024 Len=1448 TSval=2916043673 TSecr=3045563444 [TCP segment of a reassembled PDU]"
"76327","39.592676502","192.168.1.55","192.168.1.2","TCP","1514","8004  >  37112 [ACK] Seq=210150 Ack=141 Win=65024 Len=1448 TSval=2916043673 TSecr=3045563444 [TCP segment of a reassembled PDU]"
"76328","39.592678076","192.168.1.55","192.168.1.2","TCP","1514","8004  >  37112 [ACK] Seq=211598 Ack=141 Win=65024 Len=1448 TSval=2916043673 TSecr=3045563444 [TCP segment of a reassembled PDU]"
"76329","39.592679316","192.168.1.55","192.168.1.2","TCP","1514","8004  >  37112 [ACK] Seq=213046 Ack=141 Win=65024 Len=1448 TSval=2916043673 TSecr=3045563444 [TCP segment of a reassembled PDU]"
"76330","39.592680872","192.168.1.55","192.168.1.2","TCP","1514","8004  >  37112 [ACK] Seq=214494 Ack=141 Win=65024 Len=1448 TSval=2916043673 TSecr=3045563444 [TCP segment of a reassembled PDU]"
"76331","39.592682539","192.168.1.55","192.168.1.2","TCP","1514","8004  >  37112 [ACK] Seq=215942 Ack=141 Win=65024 Len=1448 TSval=2916043673 TSecr=3045563444 [TCP segment of a reassembled PDU]"
"76332","39.592684594","192.168.1.55","192.168.1.2","TCP","1514","8004  >  37112 [ACK] Seq=217390 Ack=141 Win=65024 Len=1448 TSval=2916043673 TSecr=3045563444 [TCP segment of a reassembled PDU]"
"76333","39.592686168","192.168.1.55","192.168.1.2","TCP","1514","8004  >  37112 [ACK] Seq=218838 Ack=141 Win=65024 Len=1448 TSval=2916043673 TSecr=3045563444 [TCP segment of a reassembled PDU]"
"76334","39.592687594","192.168.1.55","192.168.1.2","TCP","1514","8004  >  37112 [ACK] Seq=220286 Ack=141 Win=65024 Len=1448 TSval=2916043673 TSecr=3045563444 [TCP segment of a reassembled PDU]"
"76335","39.592690650","192.168.1.55","192.168.1.2","TCP","1514","8004  >  37112 [ACK] Seq=221734 Ack=141 Win=65024 Len=1448 TSval=2916043673 TSecr=3045563444 [TCP segment of a reassembled PDU]"
"76336","39.592692205","192.168.1.55","192.168.1.2","TCP","1514","8004  >  37112 [ACK] Seq=223182 Ack=141 Win=65024 Len=1448 TSval=2916043673 TSecr=3045563444 [TCP segment of a reassembled PDU]"
"76337","39.592694391","192.168.1.55","192.168.1.2","TCP","1514","8004  >  37112 [ACK] Seq=224630 Ack=141 Win=65024 Len=1448 TSval=2916043673 TSecr=3045563444 [TCP segment of a reassembled PDU]"
"76338","39.592697650","192.168.1.55","192.168.1.2","TCP","1514","8004  >  37112 [ACK] Seq=226078 Ack=141 Win=65024 Len=1448 TSval=2916043673 TSecr=3045563444 [TCP segment of a reassembled PDU]"
"76339","39.592698965","192.168.1.55","192.168.1.2","TCP","1514","8004  >  37112 [ACK] Seq=227526 Ack=141 Win=65024 Len=1448 TSval=2916043673 TSecr=3045563444 [TCP segment of a reassembled PDU]"
"76340","39.592700835","192.168.1.55","192.168.1.2","TCP","1514","8004  >  37112 [ACK] Seq=228974 Ack=141 Win=65024 Len=1448 TSval=2916043673 TSecr=3045563444 [TCP segment of a reassembled PDU]"
"76341","39.592702520","192.168.1.55","192.168.1.2","TCP","1514","8004  >  37112 [ACK] Seq=230422 Ack=141 Win=65024 Len=1448 TSval=2916043673 TSecr=3045563444 [TCP segment of a reassembled PDU]"
"76342","39.592703872","192.168.1.55","192.168.1.2","TCP","1514","8004  >  37112 [ACK] Seq=231870 Ack=141 Win=65024 Len=1448 TSval=2916043673 TSecr=3045563444 [TCP segment of a reassembled PDU]"
"76343","39.592705613","192.168.1.55","192.168.1.2","TCP","1514","8004  >  37112 [ACK] Seq=233318 Ack=141 Win=65024 Len=1448 TSval=2916043673 TSecr=3045563444 [TCP segment of a reassembled PDU]"
"76344","39.592707520","192.168.1.55","192.168.1.2","TCP","1514","8004  >  37112 [ACK] Seq=234766 Ack=141 Win=65024 Len=1448 TSval=2916043673 TSecr=3045563444 [TCP segment of a reassembled PDU]"
"76345","39.592709742","192.168.1.55","192.168.1.2","TCP","1514","8004  >  37112 [ACK] Seq=236214 Ack=141 Win=65024 Len=1448 TSval=2916043673 TSecr=3045563444 [TCP segment of a reassembled PDU]"
"76346","39.592712039","192.168.1.55","192.168.1.2","TCP","1514","8004  >  37112 [PSH, ACK] Seq=237662 Ack=141 Win=65024 Len=1448 TSval=2916043673 TSecr=3045563444 [TCP segment of a reassembled PDU]"
"76347","39.592719317","192.168.1.2","192.168.1.55","TCP","66","37112  >  8004 [ACK] Seq=141 Ack=155126 Win=105472 Len=0 TSval=3045563445 TSecr=2916043665"
"76348","39.592731965","192.168.1.55","192.168.1.2","TCP","1514","8004  >  37112 [ACK] Seq=239110 Ack=141 Win=65024 Len=1448 TSval=2916043673 TSecr=3045563445 [TCP segment of a reassembled PDU]"
"76349","39.592733576","192.168.1.55","192.168.1.2","TCP","1514","8004  >  37112 [ACK] Seq=240558 Ack=141 Win=65024 Len=1448 TSval=2916043673 TSecr=3045563445 [TCP segment of a reassembled PDU]"
"76350","39.592734817","192.168.1.55","192.168.1.2","TCP","1514","8004  >  37112 [ACK] Seq=242006 Ack=141 Win=65024 Len=1448 TSval=2916043673 TSecr=3045563445 [TCP segment of a reassembled PDU]"
"76351","39.592736150","192.168.1.55","192.168.1.2","TCP","1514","8004  >  37112 [PSH, ACK] Seq=243454 Ack=141 Win=65024 Len=1448 TSval=2916043673 TSecr=3045563445 [TCP segment of a reassembled PDU]"
"76352","39.592793150","192.168.1.2","192.168.1.55","TCP","66","37112  >  8004 [ACK] Seq=141 Ack=179742 Win=97280 Len=0 TSval=3045563445 TSecr=2916043665"
"76353","39.592801502","192.168.1.2","192.168.1.55","TCP","66","37112  >  8004 [ACK] Seq=141 Ack=184086 Win=113664 Len=0 TSval=3045563447 TSecr=2916043665"
"76354","39.592850743","192.168.1.55","192.168.1.2","TCP","1514","8004  >  37112 [ACK] Seq=244902 Ack=141 Win=65024 Len=1448 TSval=2916043673 TSecr=3045563447 [TCP segment of a reassembled PDU]"
"76355","39.592853002","192.168.1.55","192.168.1.2","TCP","1514","8004  >  37112 [ACK] Seq=246350 Ack=141 Win=65024 Len=1448 TSval=2916043673 TSecr=3045563447 [TCP segment of a reassembled PDU]"
"76356","39.592854298","192.168.1.55","192.168.1.2","TCP","1514","8004  >  37112 [ACK] Seq=247798 Ack=141 Win=65024 Len=1448 TSval=2916043673 TSecr=3045563447 [TCP segment of a reassembled PDU]"
"76357","39.592855650","192.168.1.55","192.168.1.2","TCP","1514","8004  >  37112 [ACK] Seq=249246 Ack=141 Win=65024 Len=1448 TSval=2916043673 TSecr=3045563447 [TCP segment of a reassembled PDU]"
"76358","39.592856965","192.168.1.55","192.168.1.2","TCP","1514","8004  >  37112 [ACK] Seq=250694 Ack=141 Win=65024 Len=1448 TSval=2916043673 TSecr=3045563447 [TCP segment of a reassembled PDU]"
"76359","39.592858280","192.168.1.55","192.168.1.2","TCP","1514","8004  >  37112 [ACK] Seq=252142 Ack=141 Win=65024 Len=1448 TSval=2916043673 TSecr=3045563447 [TCP segment of a reassembled PDU]"
"76360","39.592860002","192.168.1.55","192.168.1.2","TCP","1514","8004  >  37112 [ACK] Seq=253590 Ack=141 Win=65024 Len=1448 TSval=2916043673 TSecr=3045563447 [TCP segment of a reassembled PDU]"
"76361","39.592861335","192.168.1.55","192.168.1.2","TCP","1514","8004  >  37112 [ACK] Seq=255038 Ack=141 Win=65024 Len=1448 TSval=2916043673 TSecr=3045563447 [TCP segment of a reassembled PDU]"
"76362","39.592862576","192.168.1.55","192.168.1.2","TCP","1514","8004  >  37112 [ACK] Seq=256486 Ack=141 Win=65024 Len=1448 TSval=2916043673 TSecr=3045563447 [TCP segment of a reassembled PDU]"
"76363","39.592863798","192.168.1.55","192.168.1.2","TCP","1514","8004  >  37112 [ACK] Seq=257934 Ack=141 Win=65024 Len=1448 TSval=2916043673 TSecr=3045563447 [TCP segment of a reassembled PDU]"
"76364","39.592865224","192.168.1.55","192.168.1.2","TCP","1514","8004  >  37112 [ACK] Seq=259382 Ack=141 Win=65024 Len=1448 TSval=2916043673 TSecr=3045563447 [TCP segment of a reassembled PDU]"
"76365","39.592866595","192.168.1.55","192.168.1.2","TCP","1514","8004  >  37112 [ACK] Seq=260830 Ack=141 Win=65024 Len=1448 TSval=2916043673 TSecr=3045563447 [TCP segment of a reassembled PDU]"
"76366","39.592868020","192.168.1.55","192.168.1.2","TCP","1514","8004  >  37112 [ACK] Seq=262278 Ack=141 Win=65024 Len=1448 TSval=2916043673 TSecr=3045563447 [TCP segment of a reassembled PDU]"
"76367","39.592869317","192.168.1.55","192.168.1.2","TCP","1514","8004  >  37112 [ACK] Seq=263726 Ack=141 Win=65024 Len=1448 TSval=2916043673 TSecr=3045563447 [TCP segment of a reassembled PDU]"
"76368","39.592870669","192.168.1.55","192.168.1.2","TCP","1514","8004  >  37112 [ACK] Seq=265174 Ack=141 Win=65024 Len=1448 TSval=2916043673 TSecr=3045563447 [TCP segment of a reassembled PDU]"
"76369","39.592871872","192.168.1.55","192.168.1.2","TCP","1514","8004  >  37112 [ACK] Seq=266622 Ack=141 Win=65024 Len=1448 TSval=2916043673 TSecr=3045563447 [TCP segment of a reassembled PDU]"
"76370","39.592873224","192.168.1.55","192.168.1.2","TCP","1514","8004  >  37112 [ACK] Seq=268070 Ack=141 Win=65024 Len=1448 TSval=2916043673 TSecr=3045563447 [TCP segment of a reassembled PDU]"
"76371","39.592875095","192.168.1.55","192.168.1.2","TCP","1514","8004  >  37112 [ACK] Seq=269518 Ack=141 Win=65024 Len=1448 TSval=2916043673 TSecr=3045563447 [TCP segment of a reassembled PDU]"
"76372","39.592876317","192.168.1.55","192.168.1.2","TCP","1514","8004  >  37112 [ACK] Seq=270966 Ack=141 Win=65024 Len=1448 TSval=2916043673 TSecr=3045563447 [TCP segment of a reassembled PDU]"
"76373","39.592877761","192.168.1.55","192.168.1.2","TCP","1514","8004  >  37112 [ACK] Seq=272414 Ack=141 Win=65024 Len=1448 TSval=2916043673 TSecr=3045563447 [TCP segment of a reassembled PDU]"
"76374","39.592879317","192.168.1.55","192.168.1.2","TCP","1514","8004  >  37112 [ACK] Seq=273862 Ack=141 Win=65024 Len=1448 TSval=2916043673 TSecr=3045563447 [TCP segment of a reassembled PDU]"
"76375","39.592880613","192.168.1.55","192.168.1.2","TCP","1514","8004  >  37112 [ACK] Seq=275310 Ack=141 Win=65024 Len=1448 TSval=2916043673 TSecr=3045563447 [TCP segment of a reassembled PDU]"
"76376","39.592882039","192.168.1.55","192.168.1.2","TCP","1514","8004  >  37112 [ACK] Seq=276758 Ack=141 Win=65024 Len=1448 TSval=2916043673 TSecr=3045563447 [TCP segment of a reassembled PDU]"
"76377","39.592883409","192.168.1.55","192.168.1.2","TCP","1514","8004  >  37112 [ACK] Seq=278206 Ack=141 Win=65024 Len=1448 TSval=2916043673 TSecr=3045563447 [TCP segment of a reassembled PDU]"
"76378","39.592884687","192.168.1.55","192.168.1.2","TCP","1514","8004  >  37112 [ACK] Seq=279654 Ack=141 Win=65024 Len=1448 TSval=2916043673 TSecr=3045563447 [TCP segment of a reassembled PDU]"
"76379","39.592885983","192.168.1.55","192.168.1.2","TCP","1514","8004  >  37112 [ACK] Seq=281102 Ack=141 Win=65024 Len=1448 TSval=2916043673 TSecr=3045563447 [TCP segment of a reassembled PDU]"
"76380","39.592887335","192.168.1.55","192.168.1.2","TCP","1514","8004  >  37112 [ACK] Seq=282550 Ack=141 Win=65024 Len=1448 TSval=2916043673 TSecr=3045563447 [TCP segment of a reassembled PDU]"
"76381","39.592888613","192.168.1.55","192.168.1.2","TCP","1514","8004  >  37112 [ACK] Seq=283998 Ack=141 Win=65024 Len=1448 TSval=2916043673 TSecr=3045563447 [TCP segment of a reassembled PDU]"
"76382","39.592889835","192.168.1.55","192.168.1.2","TCP","1514","8004  >  37112 [ACK] Seq=285446 Ack=141 Win=65024 Len=1448 TSval=2916043673 TSecr=3045563447 [TCP segment of a reassembled PDU]"
"76383","39.592891113","192.168.1.55","192.168.1.2","TCP","1514","8004  >  37112 [ACK] Seq=286894 Ack=141 Win=65024 Len=1448 TSval=2916043673 TSecr=3045563447 [TCP segment of a reassembled PDU]"
"76384","39.592892335","192.168.1.55","192.168.1.2","TCP","1514","8004  >  37112 [PSH, ACK] Seq=288342 Ack=141 Win=65024 Len=1448 TSval=2916043673 TSecr=3045563447 [TCP segment of a reassembled PDU]"
"76385","39.592896724","192.168.1.2","192.168.1.55","TCP","66","37112  >  8004 [ACK] Seq=141 Ack=192774 Win=107520 Len=0 TSval=3045563447 TSecr=2916043665"
"76386","39.594096893","192.168.1.55","192.168.1.2","TCP","1514","8004  >  37112 [ACK] Seq=289790 Ack=141 Win=65024 Len=1448 TSval=2916043674 TSecr=3045563447 [TCP segment of a reassembled PDU]"
"76387","39.594099782","192.168.1.55","192.168.1.2","TCP","1514","8004  >  37112 [ACK] Seq=291238 Ack=141 Win=65024 Len=1448 TSval=2916043674 TSecr=3045563447 [TCP segment of a reassembled PDU]"
"76388","39.594100985","192.168.1.55","192.168.1.2","TCP","1514","8004  >  37112 [ACK] Seq=292686 Ack=141 Win=65024 Len=1448 TSval=2916043674 TSecr=3045563447 [TCP segment of a reassembled PDU]"
"76389","39.594102189","192.168.1.55","192.168.1.2","TCP","1514","8004  >  37112 [ACK] Seq=294134 Ack=141 Win=65024 Len=1448 TSval=2916043674 TSecr=3045563447 [TCP segment of a reassembled PDU]"
"76390","39.594103448","192.168.1.55","192.168.1.2","TCP","1514","8004  >  37112 [ACK] Seq=295582 Ack=141 Win=65024 Len=1448 TSval=2916043674 TSecr=3045563447 [TCP segment of a reassembled PDU]"
"76391","39.594104671","192.168.1.55","192.168.1.2","TCP","1514","8004  >  37112 [ACK] Seq=297030 Ack=141 Win=65024 Len=1448 TSval=2916043674 TSecr=3045563447 [TCP segment of a reassembled PDU]"
"76392","39.594106097","192.168.1.55","192.168.1.2","TCP","1514","8004  >  37112 [ACK] Seq=298478 Ack=141 Win=65024 Len=1448 TSval=2916043674 TSecr=3045563447 [TCP segment of a reassembled PDU]"
"76393","39.594107430","192.168.1.55","192.168.1.2","TCP","434","[TCP Window Full] 8004  >  37112 [PSH, ACK] Seq=299926 Ack=141 Win=65024 Len=368 TSval=2916043674 TSecr=3045563447 [TCP segment of a reassembled PDU]"
"76394","39.598709234","192.168.1.2","192.168.1.55","TCP","66","37112  >  8004 [ACK] Seq=141 Ack=194222 Win=116736 Len=0 TSval=3045563449 TSecr=2916043673"
"76395","39.598750845","192.168.1.55","192.168.1.2","TCP","1514","8004  >  37112 [ACK] Seq=300294 Ack=141 Win=65024 Len=1448 TSval=2916043679 TSecr=3045563449 [TCP segment of a reassembled PDU]"
"76396","39.598755826","192.168.1.55","192.168.1.2","TCP","1514","8004  >  37112 [ACK] Seq=301742 Ack=141 Win=65024 Len=1448 TSval=2916043679 TSecr=3045563449 [TCP segment of a reassembled PDU]"
"76397","39.598756845","192.168.1.55","192.168.1.2","TCP","1514","8004  >  37112 [ACK] Seq=303190 Ack=141 Win=65024 Len=1448 TSval=2916043679 TSecr=3045563449 [TCP segment of a reassembled PDU]"
"76398","39.598757845","192.168.1.55","192.168.1.2","TCP","1514","8004  >  37112 [ACK] Seq=304638 Ack=141 Win=65024 Len=1448 TSval=2916043679 TSecr=3045563449 [TCP segment of a reassembled PDU]"
"76399","39.598758956","192.168.1.55","192.168.1.2","TCP","1514","8004  >  37112 [ACK] Seq=306086 Ack=141 Win=65024 Len=1448 TSval=2916043679 TSecr=3045563449 [TCP segment of a reassembled PDU]"
"76400","39.598759956","192.168.1.55","192.168.1.2","TCP","1514","8004  >  37112 [ACK] Seq=307534 Ack=141 Win=65024 Len=1448 TSval=2916043679 TSecr=3045563449 [TCP segment of a reassembled PDU]"
"76401","39.598760993","192.168.1.55","192.168.1.2","TCP","1514","8004  >  37112 [PSH, ACK] Seq=308982 Ack=141 Win=65024 Len=1448 TSval=2916043679 TSecr=3045563449 [TCP segment of a reassembled PDU]"
"76402","39.598811401","192.168.1.2","192.168.1.55","TCP","66","37112  >  8004 [ACK] Seq=141 Ack=195670 Win=119808 Len=0 TSval=3045563449 TSecr=2916043673"
"76403","39.600784774","192.168.1.2","192.168.1.55","TCP","66","37112  >  8004 [ACK] Seq=141 Ack=200014 Win=128000 Len=0 TSval=3045563455 TSecr=2916043673"
"76404","39.600804811","192.168.1.55","192.168.1.2","TCP","1514","8004  >  37112 [ACK] Seq=310430 Ack=141 Win=65024 Len=1448 TSval=2916043681 TSecr=3045563455 [TCP segment of a reassembled PDU]"
"76405","39.600807089","192.168.1.55","192.168.1.2","TCP","1514","8004  >  37112 [ACK] Seq=311878 Ack=141 Win=65024 Len=1448 TSval=2916043681 TSecr=3045563455 [TCP segment of a reassembled PDU]"
"76406","39.600808163","192.168.1.55","192.168.1.2","TCP","1514","8004  >  37112 [ACK] Seq=313326 Ack=141 Win=65024 Len=1448 TSval=2916043681 TSecr=3045563455 [TCP segment of a reassembled PDU]"
"76407","39.600809182","192.168.1.55","192.168.1.2","TCP","1514","8004  >  37112 [ACK] Seq=314774 Ack=141 Win=65024 Len=1448 TSval=2916043681 TSecr=3045563455 [TCP segment of a reassembled PDU]"
"76408","39.600810200","192.168.1.55","192.168.1.2","TCP","1514","8004  >  37112 [ACK] Seq=316222 Ack=141 Win=65024 Len=1448 TSval=2916043681 TSecr=3045563455 [TCP segment of a reassembled PDU]"
"76409","39.600811200","192.168.1.55","192.168.1.2","TCP","1514","8004  >  37112 [ACK] Seq=317670 Ack=141 Win=65024 Len=1448 TSval=2916043681 TSecr=3045563455 [TCP segment of a reassembled PDU]"
"76410","39.600812163","192.168.1.55","192.168.1.2","TCP","1514","8004  >  37112 [ACK] Seq=319118 Ack=141 Win=65024 Len=1448 TSval=2916043681 TSecr=3045563455 [TCP segment of a reassembled PDU]"
"76411","39.600813219","192.168.1.55","192.168.1.2","TCP","1514","8004  >  37112 [ACK] Seq=320566 Ack=141 Win=65024 Len=1448 TSval=2916043681 TSecr=3045563455 [TCP segment of a reassembled PDU]"
"76412","39.600814237","192.168.1.55","192.168.1.2","TCP","1514","8004  >  37112 [ACK] Seq=322014 Ack=141 Win=65024 Len=1448 TSval=2916043681 TSecr=3045563455 [TCP segment of a reassembled PDU]"
"76413","39.600815478","192.168.1.55","192.168.1.2","TCP","1514","8004  >  37112 [ACK] Seq=323462 Ack=141 Win=65024 Len=1448 TSval=2916043681 TSecr=3045563455 [TCP segment of a reassembled PDU]"
"76414","39.600816441","192.168.1.55","192.168.1.2","TCP","1514","8004  >  37112 [ACK] Seq=324910 Ack=141 Win=65024 Len=1448 TSval=2916043681 TSecr=3045563455 [TCP segment of a reassembled PDU]"
"76415","39.600817404","192.168.1.55","192.168.1.2","TCP","1514","8004  >  37112 [PSH, ACK] Seq=326358 Ack=141 Win=65024 Len=1448 TSval=2916043681 TSecr=3045563455 [TCP segment of a reassembled PDU]"
"76416","39.601351497","192.168.1.2","192.168.1.55","TCP","66","37112  >  8004 [ACK] Seq=141 Ack=239110 Win=133120 Len=0 TSval=3045563455 TSecr=2916043673"
"76417","39.601364719","192.168.1.55","192.168.1.2","TCP","1514","8004  >  37112 [ACK] Seq=327806 Ack=141 Win=65024 Len=1448 TSval=2916043682 TSecr=3045563455 [TCP segment of a reassembled PDU]"
"76418","39.601366145","192.168.1.55","192.168.1.2","TCP","1514","8004  >  37112 [ACK] Seq=329254 Ack=141 Win=65024 Len=1448 TSval=2916043682 TSecr=3045563455 [TCP segment of a reassembled PDU]"
"76419","39.601367145","192.168.1.55","192.168.1.2","TCP","1514","8004  >  37112 [ACK] Seq=330702 Ack=141 Win=65024 Len=1448 TSval=2916043682 TSecr=3045563455 [TCP segment of a reassembled PDU]"
"76420","39.601368127","192.168.1.55","192.168.1.2","TCP","1514","8004  >  37112 [PSH, ACK] Seq=332150 Ack=141 Win=65024 Len=1448 TSval=2916043682 TSecr=3045563455 [TCP segment of a reassembled PDU]"
"76421","39.601372331","192.168.1.55","192.168.1.2","TCP","1146","8004  >  37112 [ACK] Seq=333598 Ack=141 Win=65024 Len=1080 TSval=2916043682 TSecr=3045563455 [TCP segment of a reassembled PDU]"
"76422","39.601375534","192.168.1.2","192.168.1.55","TCP","66","37112  >  8004 [ACK] Seq=141 Ack=244902 Win=133120 Len=0 TSval=3045563455 TSecr=2916043673"
"76423","39.601380738","192.168.1.2","192.168.1.55","TCP","66","37112  >  8004 [ACK] Seq=141 Ack=289790 Win=133120 Len=0 TSval=3045563455 TSecr=2916043673"
"76424","39.601414645","192.168.1.55","192.168.1.2","TCP","1514","8004  >  37112 [ACK] Seq=334678 Ack=141 Win=65024 Len=1448 TSval=2916043682 TSecr=3045563455 [TCP segment of a reassembled PDU]"
"76425","39.601417016","192.168.1.55","192.168.1.2","TCP","1514","8004  >  37112 [ACK] Seq=336126 Ack=141 Win=65024 Len=1448 TSval=2916043682 TSecr=3045563455 [TCP segment of a reassembled PDU]"
"76426","39.601418090","192.168.1.55","192.168.1.2","TCP","1514","8004  >  37112 [ACK] Seq=337574 Ack=141 Win=65024 Len=1448 TSval=2916043682 TSecr=3045563455 [TCP segment of a reassembled PDU]"
"76427","39.601419257","192.168.1.55","192.168.1.2","TCP","1514","8004  >  37112 [ACK] Seq=339022 Ack=141 Win=65024 Len=1448 TSval=2916043682 TSecr=3045563455 [TCP segment of a reassembled PDU]"
"76428","39.601420349","192.168.1.55","192.168.1.2","TCP","1514","8004  >  37112 [ACK] Seq=340470 Ack=141 Win=65024 Len=1448 TSval=2916043682 TSecr=3045563455 [TCP segment of a reassembled PDU]"
"76429","39.601421405","192.168.1.55","192.168.1.2","TCP","1514","8004  >  37112 [ACK] Seq=341918 Ack=141 Win=65024 Len=1448 TSval=2916043682 TSecr=3045563455 [TCP segment of a reassembled PDU]"
"76430","39.601422794","192.168.1.55","192.168.1.2","TCP","1514","8004  >  37112 [ACK] Seq=343366 Ack=141 Win=65024 Len=1448 TSval=2916043682 TSecr=3045563455 [TCP segment of a reassembled PDU]"
"76431","39.601424016","192.168.1.55","192.168.1.2","TCP","1514","8004  >  37112 [ACK] Seq=344814 Ack=141 Win=65024 Len=1448 TSval=2916043682 TSecr=3045563455 [TCP segment of a reassembled PDU]"
"76432","39.601425201","192.168.1.55","192.168.1.2","TCP","1514","8004  >  37112 [ACK] Seq=346262 Ack=141 Win=65024 Len=1448 TSval=2916043682 TSecr=3045563455 [TCP segment of a reassembled PDU]"
"76433","39.601426275","192.168.1.55","192.168.1.2","TCP","1514","8004  >  37112 [ACK] Seq=347710 Ack=141 Win=65024 Len=1448 TSval=2916043682 TSecr=3045563455 [TCP segment of a reassembled PDU]"
"76434","39.601427516","192.168.1.55","192.168.1.2","TCP","1514","8004  >  37112 [ACK] Seq=349158 Ack=141 Win=65024 Len=1448 TSval=2916043682 TSecr=3045563455 [TCP segment of a reassembled PDU]"
"76435","39.601428683","192.168.1.55","192.168.1.2","TCP","1514","8004  >  37112 [ACK] Seq=350606 Ack=141 Win=65024 Len=1448 TSval=2916043682 TSecr=3045563455 [TCP segment of a reassembled PDU]"
"76436","39.601429757","192.168.1.55","192.168.1.2","TCP","1514","8004  >  37112 [ACK] Seq=352054 Ack=141 Win=65024 Len=1448 TSval=2916043682 TSecr=3045563455 [TCP segment of a reassembled PDU]"
"76437","39.601430849","192.168.1.55","192.168.1.2","TCP","1514","8004  >  37112 [ACK] Seq=353502 Ack=141 Win=65024 Len=1448 TSval=2916043682 TSecr=3045563455 [TCP segment of a reassembled PDU]"
"76438","39.601431868","192.168.1.55","192.168.1.2","TCP","1514","8004  >  37112 [ACK] Seq=354950 Ack=141 Win=65024 Len=1448 TSval=2916043682 TSecr=3045563455 [TCP segment of a reassembled PDU]"
"76439","39.601432997","192.168.1.55","192.168.1.2","TCP","1514","8004  >  37112 [ACK] Seq=356398 Ack=141 Win=65024 Len=1448 TSval=2916043682 TSecr=3045563455 [TCP segment of a reassembled PDU]"
"76440","39.601434016","192.168.1.55","192.168.1.2","TCP","1514","8004  >  37112 [ACK] Seq=357846 Ack=141 Win=65024 Len=1448 TSval=2916043682 TSecr=3045563455 [TCP segment of a reassembled PDU]"
"76441","39.601435034","192.168.1.55","192.168.1.2","TCP","1514","8004  >  37112 [ACK] Seq=359294 Ack=141 Win=65024 Len=1448 TSval=2916043682 TSecr=3045563455 [TCP segment of a reassembled PDU]"
"76442","39.601436183","192.168.1.55","192.168.1.2","TCP","1514","8004  >  37112 [ACK] Seq=360742 Ack=141 Win=65024 Len=1448 TSval=2916043682 TSecr=3045563455 [TCP segment of a reassembled PDU]"
"76443","39.601437220","192.168.1.55","192.168.1.2","TCP","1514","8004  >  37112 [ACK] Seq=362190 Ack=141 Win=65024 Len=1448 TSval=2916043682 TSecr=3045563455 [TCP segment of a reassembled PDU]"
"76444","39.601438275","192.168.1.55","192.168.1.2","TCP","1514","8004  >  37112 [ACK] Seq=363638 Ack=141 Win=65024 Len=1448 TSval=2916043682 TSecr=3045563455 [TCP segment of a reassembled PDU]"
"76445","39.601439442","192.168.1.55","192.168.1.2","TCP","1514","8004  >  37112 [ACK] Seq=365086 Ack=141 Win=65024 Len=1448 TSval=2916043682 TSecr=3045563455 [TCP segment of a reassembled PDU]"
"76446","39.601440590","192.168.1.55","192.168.1.2","TCP","1514","8004  >  37112 [ACK] Seq=366534 Ack=141 Win=65024 Len=1448 TSval=2916043682 TSecr=3045563455 [TCP segment of a reassembled PDU]"
"76447","39.601441738","192.168.1.55","192.168.1.2","TCP","1514","8004  >  37112 [ACK] Seq=367982 Ack=141 Win=65024 Len=1448 TSval=2916043682 TSecr=3045563455 [TCP segment of a reassembled PDU]"
"76448","39.601442868","192.168.1.55","192.168.1.2","TCP","1514","8004  >  37112 [ACK] Seq=369430 Ack=141 Win=65024 Len=1448 TSval=2916043682 TSecr=3045563455 [TCP segment of a reassembled PDU]"
"76449","39.601443849","192.168.1.55","192.168.1.2","TCP","1514","8004  >  37112 [ACK] Seq=370878 Ack=141 Win=65024 Len=1448 TSval=2916043682 TSecr=3045563455 [TCP segment of a reassembled PDU]"
"76450","39.601444979","192.168.1.55","192.168.1.2","TCP","1514","8004  >  37112 [ACK] Seq=372326 Ack=141 Win=65024 Len=1448 TSval=2916043682 TSecr=3045563455 [TCP segment of a reassembled PDU]"
"76451","39.601446349","192.168.1.55","192.168.1.2","TCP","1514","8004  >  37112 [ACK] Seq=373774 Ack=141 Win=65024 Len=1448 TSval=2916043682 TSecr=3045563455 [TCP segment of a reassembled PDU]"
"76452","39.601447423","192.168.1.55","192.168.1.2","TCP","1514","8004  >  37112 [ACK] Seq=375222 Ack=141 Win=65024 Len=1448 TSval=2916043682 TSecr=3045563455 [TCP segment of a reassembled PDU]"
"76453","39.601448553","192.168.1.55","192.168.1.2","TCP","1514","8004  >  37112 [ACK] Seq=376670 Ack=141 Win=65024 Len=1448 TSval=2916043682 TSecr=3045563455 [TCP segment of a reassembled PDU]"
"76454","39.601449571","192.168.1.55","192.168.1.2","TCP","1514","8004  >  37112 [ACK] Seq=378118 Ack=141 Win=65024 Len=1448 TSval=2916043682 TSecr=3045563455 [TCP segment of a reassembled PDU]"
"76455","39.601450720","192.168.1.55","192.168.1.2","TCP","1514","8004  >  37112 [PSH, ACK] Seq=379566 Ack=141 Win=65024 Len=1448 TSval=2916043682 TSecr=3045563455 [TCP segment of a reassembled PDU]"
"76456","39.601498016","192.168.1.2","192.168.1.55","TCP","66","37112  >  8004 [ACK] Seq=141 Ack=292686 Win=131072 Len=0 TSval=3045563455 TSecr=2916043674"
"76457","39.601504497","192.168.1.2","192.168.1.55","TCP","66","37112  >  8004 [ACK] Seq=141 Ack=300294 Win=148480 Len=0 TSval=3045563456 TSecr=2916043674"
"76458","39.601548257","192.168.1.55","192.168.1.2","TCP","1514","8004  >  37112 [ACK] Seq=381014 Ack=141 Win=65024 Len=1448 TSval=2916043682 TSecr=3045563456 [TCP segment of a reassembled PDU]"
"76459","39.601550275","192.168.1.55","192.168.1.2","TCP","1514","8004  >  37112 [ACK] Seq=382462 Ack=141 Win=65024 Len=1448 TSval=2916043682 TSecr=3045563456 [TCP segment of a reassembled PDU]"
"76460","39.601551275","192.168.1.55","192.168.1.2","TCP","1514","8004  >  37112 [ACK] Seq=383910 Ack=141 Win=65024 Len=1448 TSval=2916043682 TSecr=3045563456 [TCP segment of a reassembled PDU]"
"76461","39.601552942","192.168.1.55","192.168.1.2","TCP","1514","8004  >  37112 [ACK] Seq=385358 Ack=141 Win=65024 Len=1448 TSval=2916043682 TSecr=3045563456 [TCP segment of a reassembled PDU]"
"76462","39.601554035","192.168.1.55","192.168.1.2","TCP","1514","8004  >  37112 [ACK] Seq=386806 Ack=141 Win=65024 Len=1448 TSval=2916043682 TSecr=3045563456 [TCP segment of a reassembled PDU]"
"76463","39.601555072","192.168.1.55","192.168.1.2","TCP","1514","8004  >  37112 [ACK] Seq=388254 Ack=141 Win=65024 Len=1448 TSval=2916043682 TSecr=3045563456 [TCP segment of a reassembled PDU]"
"76464","39.601556590","192.168.1.55","192.168.1.2","TCP","1514","8004  >  37112 [ACK] Seq=389702 Ack=141 Win=65024 Len=1448 TSval=2916043682 TSecr=3045563456 [TCP segment of a reassembled PDU]"
"76465","39.601557609","192.168.1.55","192.168.1.2","TCP","1514","8004  >  37112 [ACK] Seq=391150 Ack=141 Win=65024 Len=1448 TSval=2916043682 TSecr=3045563456 [TCP segment of a reassembled PDU]"
"76466","39.601558627","192.168.1.55","192.168.1.2","TCP","1514","8004  >  37112 [ACK] Seq=392598 Ack=141 Win=65024 Len=1448 TSval=2916043682 TSecr=3045563456 [TCP segment of a reassembled PDU]"
"76467","39.601559886","192.168.1.55","192.168.1.2","TCP","1514","8004  >  37112 [ACK] Seq=394046 Ack=141 Win=65024 Len=1448 TSval=2916043682 TSecr=3045563456 [TCP segment of a reassembled PDU]"
"76468","39.601561109","192.168.1.55","192.168.1.2","TCP","1514","8004  >  37112 [ACK] Seq=395494 Ack=141 Win=65024 Len=1448 TSval=2916043682 TSecr=3045563456 [TCP segment of a reassembled PDU]"
"76469","39.601562294","192.168.1.55","192.168.1.2","TCP","1514","8004  >  37112 [ACK] Seq=396942 Ack=141 Win=65024 Len=1448 TSval=2916043682 TSecr=3045563456 [TCP segment of a reassembled PDU]"
"76470","39.601563424","192.168.1.55","192.168.1.2","TCP","1514","8004  >  37112 [ACK] Seq=398390 Ack=141 Win=65024 Len=1448 TSval=2916043682 TSecr=3045563456 [TCP segment of a reassembled PDU]"
"76471","39.601564535","192.168.1.55","192.168.1.2","TCP","1514","8004  >  37112 [ACK] Seq=399838 Ack=141 Win=65024 Len=1448 TSval=2916043682 TSecr=3045563456 [TCP segment of a reassembled PDU]"
"76472","39.601565738","192.168.1.55","192.168.1.2","TCP","1514","8004  >  37112 [ACK] Seq=401286 Ack=141 Win=65024 Len=1448 TSval=2916043682 TSecr=3045563456 [TCP segment of a reassembled PDU]"
"76473","39.601566701","192.168.1.55","192.168.1.2","TCP","1514","8004  >  37112 [ACK] Seq=402734 Ack=141 Win=65024 Len=1448 TSval=2916043682 TSecr=3045563456 [TCP segment of a reassembled PDU]"
"76474","39.601567794","192.168.1.55","192.168.1.2","TCP","1514","8004  >  37112 [ACK] Seq=404182 Ack=141 Win=65024 Len=1448 TSval=2916043682 TSecr=3045563456 [TCP segment of a reassembled PDU]"
"76475","39.601568924","192.168.1.55","192.168.1.2","TCP","1514","8004  >  37112 [ACK] Seq=405630 Ack=141 Win=65024 Len=1448 TSval=2916043682 TSecr=3045563456 [TCP segment of a reassembled PDU]"
"76476","39.601569905","192.168.1.55","192.168.1.2","TCP","1514","8004  >  37112 [ACK] Seq=407078 Ack=141 Win=65024 Len=1448 TSval=2916043682 TSecr=3045563456 [TCP segment of a reassembled PDU]"
"76477","39.601571053","192.168.1.55","192.168.1.2","TCP","1514","8004  >  37112 [ACK] Seq=408526 Ack=141 Win=65024 Len=1448 TSval=2916043682 TSecr=3045563456 [TCP segment of a reassembled PDU]"
"76478","39.601572109","192.168.1.55","192.168.1.2","TCP","1514","8004  >  37112 [ACK] Seq=409974 Ack=141 Win=65024 Len=1448 TSval=2916043682 TSecr=3045563456 [TCP segment of a reassembled PDU]"
"76479","39.601573275","192.168.1.55","192.168.1.2","TCP","1514","8004  >  37112 [ACK] Seq=411422 Ack=141 Win=65024 Len=1448 TSval=2916043682 TSecr=3045563456 [TCP segment of a reassembled PDU]"
"76480","39.601574498","192.168.1.55","192.168.1.2","TCP","1514","8004  >  37112 [ACK] Seq=412870 Ack=141 Win=65024 Len=1448 TSval=2916043682 TSecr=3045563456 [TCP segment of a reassembled PDU]"
"76481","39.601575498","192.168.1.55","192.168.1.2","TCP","1514","8004  >  37112 [ACK] Seq=414318 Ack=141 Win=65024 Len=1448 TSval=2916043682 TSecr=3045563456 [TCP segment of a reassembled PDU]"
"76482","39.601576664","192.168.1.55","192.168.1.2","TCP","1514","8004  >  37112 [ACK] Seq=415766 Ack=141 Win=65024 Len=1448 TSval=2916043682 TSecr=3045563456 [TCP segment of a reassembled PDU]"
"76483","39.601577794","192.168.1.55","192.168.1.2","TCP","1514","8004  >  37112 [ACK] Seq=417214 Ack=141 Win=65024 Len=1448 TSval=2916043682 TSecr=3045563456 [TCP segment of a reassembled PDU]"
"76484","39.601578812","192.168.1.55","192.168.1.2","TCP","1514","8004  >  37112 [ACK] Seq=418662 Ack=141 Win=65024 Len=1448 TSval=2916043682 TSecr=3045563456 [TCP segment of a reassembled PDU]"
"76485","39.601580201","192.168.1.55","192.168.1.2","TCP","1514","8004  >  37112 [ACK] Seq=420110 Ack=141 Win=65024 Len=1448 TSval=2916043682 TSecr=3045563456 [TCP segment of a reassembled PDU]"
"76486","39.601581294","192.168.1.55","192.168.1.2","TCP","1514","8004  >  37112 [ACK] Seq=421558 Ack=141 Win=65024 Len=1448 TSval=2916043682 TSecr=3045563456 [TCP segment of a reassembled PDU]"
"76487","39.601582331","192.168.1.55","192.168.1.2","TCP","1514","8004  >  37112 [ACK] Seq=423006 Ack=141 Win=65024 Len=1448 TSval=2916043682 TSecr=3045563456 [TCP segment of a reassembled PDU]"
"76488","39.601589368","192.168.1.55","192.168.1.2","TCP","1514","8004  >  37112 [ACK] Seq=424454 Ack=141 Win=65024 Len=1448 TSval=2916043682 TSecr=3045563456 [TCP segment of a reassembled PDU]"
"76489","39.601590664","192.168.1.55","192.168.1.2","TCP","1514","8004  >  37112 [PSH, ACK] Seq=425902 Ack=141 Win=65024 Len=1448 TSval=2916043682 TSecr=3045563456 [TCP segment of a reassembled PDU]"
"76490","39.602654944","192.168.1.55","192.168.1.2","TCP","1514","8004  >  37112 [ACK] Seq=427350 Ack=141 Win=65024 Len=1448 TSval=2916043683 TSecr=3045563456 [TCP segment of a reassembled PDU]"
"76491","39.602658518","192.168.1.55","192.168.1.2","TCP","1514","8004  >  37112 [ACK] Seq=428798 Ack=141 Win=65024 Len=1448 TSval=2916043683 TSecr=3045563456 [TCP segment of a reassembled PDU]"
"76492","39.602659610","192.168.1.55","192.168.1.2","TCP","1514","8004  >  37112 [ACK] Seq=430246 Ack=141 Win=65024 Len=1448 TSval=2916043683 TSecr=3045563456 [TCP segment of a reassembled PDU]"
"76493","39.602660666","192.168.1.55","192.168.1.2","TCP","1514","8004  >  37112 [ACK] Seq=431694 Ack=141 Win=65024 Len=1448 TSval=2916043683 TSecr=3045563456 [TCP segment of a reassembled PDU]"
"76494","39.602661722","192.168.1.55","192.168.1.2","TCP","1514","8004  >  37112 [ACK] Seq=433142 Ack=141 Win=65024 Len=1448 TSval=2916043683 TSecr=3045563456 [TCP segment of a reassembled PDU]"
"76495","39.602663185","192.168.1.55","192.168.1.2","TCP","1514","8004  >  37112 [ACK] Seq=434590 Ack=141 Win=65024 Len=1448 TSval=2916043683 TSecr=3045563456 [TCP segment of a reassembled PDU]"
"76496","39.602664166","192.168.1.55","192.168.1.2","TCP","1514","8004  >  37112 [ACK] Seq=436038 Ack=141 Win=65024 Len=1448 TSval=2916043683 TSecr=3045563456 [TCP segment of a reassembled PDU]"
"76497","39.602665259","192.168.1.55","192.168.1.2","TCP","1514","8004  >  37112 [ACK] Seq=437486 Ack=141 Win=65024 Len=1448 TSval=2916043683 TSecr=3045563456 [TCP segment of a reassembled PDU]"
"76498","39.602666351","192.168.1.55","192.168.1.2","TCP","1514","8004  >  37112 [ACK] Seq=438934 Ack=141 Win=65024 Len=1448 TSval=2916043683 TSecr=3045563456 [TCP segment of a reassembled PDU]"
"76499","39.602667777","192.168.1.55","192.168.1.2","TCP","1514","8004  >  37112 [ACK] Seq=440382 Ack=141 Win=65024 Len=1448 TSval=2916043683 TSecr=3045563456 [TCP segment of a reassembled PDU]"
"76500","39.602669314","192.168.1.55","192.168.1.2","TCP","1514","8004  >  37112 [ACK] Seq=441830 Ack=141 Win=65024 Len=1448 TSval=2916043683 TSecr=3045563456 [TCP segment of a reassembled PDU]"
"76501","39.602670351","192.168.1.55","192.168.1.2","TCP","1514","8004  >  37112 [ACK] Seq=443278 Ack=141 Win=65024 Len=1448 TSval=2916043683 TSecr=3045563456 [TCP segment of a reassembled PDU]"
"76502","39.602671333","192.168.1.55","192.168.1.2","TCP","1514","8004  >  37112 [ACK] Seq=444726 Ack=141 Win=65024 Len=1448 TSval=2916043683 TSecr=3045563456 [TCP segment of a reassembled PDU]"
"76503","39.602672370","192.168.1.55","192.168.1.2","TCP","1514","8004  >  37112 [PSH, ACK] Seq=446174 Ack=141 Win=65024 Len=1448 TSval=2916043683 TSecr=3045563456 [TCP segment of a reassembled PDU]"
"76504","39.604163372","192.168.1.2","192.168.1.55","TCP","66","37112  >  8004 [ACK] Seq=141 Ack=310430 Win=164864 Len=0 TSval=3045563457 TSecr=2916043679"
"76505","39.604206002","192.168.1.55","192.168.1.2","TCP","1514","8004  >  37112 [ACK] Seq=447622 Ack=141 Win=65024 Len=1448 TSval=2916043684 TSecr=3045563457 [TCP segment of a reassembled PDU]"
"76506","39.604209687","192.168.1.55","192.168.1.2","TCP","1514","8004  >  37112 [ACK] Seq=449070 Ack=141 Win=65024 Len=1448 TSval=2916043684 TSecr=3045563457 [TCP segment of a reassembled PDU]"
"76507","39.604210909","192.168.1.55","192.168.1.2","TCP","1514","8004  >  37112 [ACK] Seq=450518 Ack=141 Win=65024 Len=1448 TSval=2916043684 TSecr=3045563457 [TCP segment of a reassembled PDU]"
"76508","39.604212224","192.168.1.55","192.168.1.2","TCP","1514","8004  >  37112 [ACK] Seq=451966 Ack=141 Win=65024 Len=1448 TSval=2916043684 TSecr=3045563457 [TCP segment of a reassembled PDU]"
"76509","39.604213613","192.168.1.55","192.168.1.2","TCP","1514","8004  >  37112 [ACK] Seq=453414 Ack=141 Win=65024 Len=1448 TSval=2916043684 TSecr=3045563457 [TCP segment of a reassembled PDU]"
"76510","39.604214632","192.168.1.55","192.168.1.2","TCP","1514","8004  >  37112 [ACK] Seq=454862 Ack=141 Win=65024 Len=1448 TSval=2916043684 TSecr=3045563457 [TCP segment of a reassembled PDU]"
"76511","39.604215724","192.168.1.55","192.168.1.2","TCP","1514","8004  >  37112 [ACK] Seq=456310 Ack=141 Win=65024 Len=1448 TSval=2916043684 TSecr=3045563457 [TCP segment of a reassembled PDU]"
"76512","39.604216761","192.168.1.55","192.168.1.2","TCP","1514","8004  >  37112 [ACK] Seq=457758 Ack=141 Win=65024 Len=1448 TSval=2916043684 TSecr=3045563457 [TCP segment of a reassembled PDU]"
"76513","39.604217817","192.168.1.55","192.168.1.2","TCP","1514","8004  >  37112 [ACK] Seq=459206 Ack=141 Win=65024 Len=1448 TSval=2916043684 TSecr=3045563457 [TCP segment of a reassembled PDU]"
"76514","39.604219187","192.168.1.55","192.168.1.2","TCP","1514","8004  >  37112 [ACK] Seq=460654 Ack=141 Win=65024 Len=1448 TSval=2916043684 TSecr=3045563457 [TCP segment of a reassembled PDU]"
"76515","39.604220280","192.168.1.55","192.168.1.2","TCP","1514","8004  >  37112 [ACK] Seq=462102 Ack=141 Win=65024 Len=1448 TSval=2916043684 TSecr=3045563457 [TCP segment of a reassembled PDU]"
"76516","39.604221391","192.168.1.55","192.168.1.2","TCP","1514","8004  >  37112 [ACK] Seq=463550 Ack=141 Win=65024 Len=1448 TSval=2916043684 TSecr=3045563457 [TCP segment of a reassembled PDU]"
"76517","39.604222872","192.168.1.55","192.168.1.2","TCP","1514","8004  >  37112 [ACK] Seq=464998 Ack=141 Win=65024 Len=1448 TSval=2916043684 TSecr=3045563457 [TCP segment of a reassembled PDU]"
"76518","39.604224076","192.168.1.55","192.168.1.2","TCP","1514","8004  >  37112 [ACK] Seq=466446 Ack=141 Win=65024 Len=1448 TSval=2916043684 TSecr=3045563457 [TCP segment of a reassembled PDU]"
"76519","39.604225169","192.168.1.55","192.168.1.2","TCP","1514","8004  >  37112 [ACK] Seq=467894 Ack=141 Win=65024 Len=1448 TSval=2916043684 TSecr=3045563457 [TCP segment of a reassembled PDU]"
"76520","39.604226317","192.168.1.55","192.168.1.2","TCP","1514","8004  >  37112 [ACK] Seq=469342 Ack=141 Win=65024 Len=1448 TSval=2916043684 TSecr=3045563457 [TCP segment of a reassembled PDU]"
"76521","39.604227372","192.168.1.55","192.168.1.2","TCP","1514","8004  >  37112 [ACK] Seq=470790 Ack=141 Win=65024 Len=1448 TSval=2916043684 TSecr=3045563457 [TCP segment of a reassembled PDU]"
"76522","39.604228372","192.168.1.55","192.168.1.2","TCP","1514","8004  >  37112 [PSH, ACK] Seq=472238 Ack=141 Win=65024 Len=1448 TSval=2916043684 TSecr=3045563457 [TCP segment of a reassembled PDU]"
"76523","39.604237132","192.168.1.55","192.168.1.2","TCP","1514","8004  >  37112 [ACK] Seq=473686 Ack=141 Win=65024 Len=1448 TSval=2916043684 TSecr=3045563457 [TCP segment of a reassembled PDU]"
"76524","39.611683144","192.168.1.2","192.168.1.55","TCP","66","37112  >  8004 [ACK] Seq=141 Ack=329254 Win=164864 Len=0 TSval=3045563459 TSecr=2916043681"
"76525","39.611716977","192.168.1.55","192.168.1.2","TCP","1514","8004  >  37112 [ACK] Seq=475134 Ack=141 Win=65024 Len=1448 TSval=2916043692 TSecr=3045563459 [TCP segment of a reassembled PDU]"
"76526","39.611720847","192.168.1.55","192.168.1.2","TCP","1514","8004  >  37112 [ACK] Seq=476582 Ack=141 Win=65024 Len=1448 TSval=2916043692 TSecr=3045563459 [TCP segment of a reassembled PDU]"
"76527","39.611721884","192.168.1.55","192.168.1.2","TCP","1514","8004  >  37112 [ACK] Seq=478030 Ack=141 Win=65024 Len=1448 TSval=2916043692 TSecr=3045563459 [TCP segment of a reassembled PDU]"
"76528","39.611722773","192.168.1.55","192.168.1.2","TCP","1514","8004  >  37112 [ACK] Seq=479478 Ack=141 Win=65024 Len=1448 TSval=2916043692 TSecr=3045563459 [TCP segment of a reassembled PDU]"
"76529","39.611723736","192.168.1.55","192.168.1.2","TCP","1514","8004  >  37112 [ACK] Seq=480926 Ack=141 Win=65024 Len=1448 TSval=2916043692 TSecr=3045563459 [TCP segment of a reassembled PDU]"
"76530","39.611724718","192.168.1.55","192.168.1.2","TCP","1514","8004  >  37112 [ACK] Seq=482374 Ack=141 Win=65024 Len=1448 TSval=2916043692 TSecr=3045563459 [TCP segment of a reassembled PDU]"
"76531","39.611725718","192.168.1.55","192.168.1.2","TCP","1514","8004  >  37112 [ACK] Seq=483822 Ack=141 Win=65024 Len=1448 TSval=2916043692 TSecr=3045563459 [TCP segment of a reassembled PDU]"
"76532","39.611726903","192.168.1.55","192.168.1.2","TCP","1514","8004  >  37112 [ACK] Seq=485270 Ack=141 Win=65024 Len=1448 TSval=2916043692 TSecr=3045563459 [TCP segment of a reassembled PDU]"
"76533","39.611727792","192.168.1.55","192.168.1.2","TCP","1514","8004  >  37112 [ACK] Seq=486718 Ack=141 Win=65024 Len=1448 TSval=2916043692 TSecr=3045563459 [TCP segment of a reassembled PDU]"
"76534","39.611728718","192.168.1.55","192.168.1.2","TCP","1514","8004  >  37112 [ACK] Seq=488166 Ack=141 Win=65024 Len=1448 TSval=2916043692 TSecr=3045563459 [TCP segment of a reassembled PDU]"
"76535","39.611729755","192.168.1.55","192.168.1.2","TCP","1514","8004  >  37112 [ACK] Seq=489614 Ack=141 Win=65024 Len=1448 TSval=2916043692 TSecr=3045563459 [TCP segment of a reassembled PDU]"
"76536","39.611730662","192.168.1.55","192.168.1.2","TCP","1514","8004  >  37112 [ACK] Seq=491062 Ack=141 Win=65024 Len=1448 TSval=2916043692 TSecr=3045563459 [TCP segment of a reassembled PDU]"
"76537","39.611731662","192.168.1.55","192.168.1.2","TCP","1514","8004  >  37112 [PSH, ACK] Seq=492510 Ack=141 Win=65024 Len=1448 TSval=2916043692 TSecr=3045563459 [TCP segment of a reassembled PDU]"
"76538","39.612307737","192.168.1.2","192.168.1.55","TCP","66","37112  >  8004 [ACK] Seq=141 Ack=333598 Win=174080 Len=0 TSval=3045563463 TSecr=2916043682"
"76539","39.612319071","192.168.1.55","192.168.1.2","TCP","1514","8004  >  37112 [ACK] Seq=493958 Ack=141 Win=65024 Len=1448 TSval=2916043693 TSecr=3045563463 [TCP segment of a reassembled PDU]"
"76540","39.612320552","192.168.1.55","192.168.1.2","TCP","1514","8004  >  37112 [ACK] Seq=495406 Ack=141 Win=65024 Len=1448 TSval=2916043693 TSecr=3045563463 [TCP segment of a reassembled PDU]"
"76541","39.612321497","192.168.1.55","192.168.1.2","TCP","1514","8004  >  37112 [PSH, ACK] Seq=496854 Ack=141 Win=65024 Len=1448 TSval=2916043693 TSecr=3045563463 [TCP segment of a reassembled PDU]"
"76542","39.612325163","192.168.1.55","192.168.1.2","HTTP","1472","HTTP/1.0 200 OK  (PNG)"
"76543","39.612328404","192.168.1.2","192.168.1.55","TCP","66","37112  >  8004 [ACK] Seq=141 Ack=381014 Win=151552 Len=0 TSval=3045563463 TSecr=2916043682"
"76544","39.612334478","192.168.1.2","192.168.1.55","TCP","66","37112  >  8004 [ACK] Seq=141 Ack=389702 Win=143360 Len=0 TSval=3045563463 TSecr=2916043682"
"76545","39.612337848","192.168.1.2","192.168.1.55","TCP","66","37112  >  8004 [ACK] Seq=141 Ack=427350 Win=157696 Len=0 TSval=3045563466 TSecr=2916043682"
"76546","39.612384237","192.168.1.2","192.168.1.55","TCP","66","37112  >  8004 [ACK] Seq=141 Ack=447622 Win=138240 Len=0 TSval=3045563466 TSecr=2916043683"
"76547","39.612388867","192.168.1.2","192.168.1.55","TCP","66","37112  >  8004 [ACK] Seq=141 Ack=464998 Win=121856 Len=0 TSval=3045563466 TSecr=2916043684"
"76548","39.612411867","192.168.1.2","192.168.1.55","TCP","66","37112  >  8004 [ACK] Seq=141 Ack=473686 Win=185344 Len=0 TSval=3045563467 TSecr=2916043684"
"76549","39.614602223","192.168.1.2","192.168.1.55","TCP","66","37112  >  8004 [ACK] Seq=141 Ack=492510 Win=176128 Len=0 TSval=3045563470 TSecr=2916043684"
"76550","39.615074520","192.168.1.2","192.168.1.55","TCP","66","37112  >  8004 [ACK] Seq=141 Ack=493958 Win=188416 Len=0 TSval=3045563470 TSecr=2916043692"
"76551","39.615179853","192.168.1.2","192.168.1.55","TCP","66","37112  >  8004 [ACK] Seq=141 Ack=498302 Win=188416 Len=0 TSval=3045563470 TSecr=2916043693"
"76552","39.620435491","192.168.1.2","192.168.1.55","TCP","66","37112  >  8004 [FIN, ACK] Seq=141 Ack=499709 Win=191488 Len=0 TSval=3045563472 TSecr=2916043693"
"76553","39.620525047","192.168.1.55","192.168.1.2","TCP","66","8004  >  37112 [ACK] Seq=499709 Ack=142 Win=65024 Len=0 TSval=2916043701 TSecr=3045563472"
"76554","39.620838862","192.168.1.2","192.168.1.55","TCP","74","37126  >  8004 [SYN] Seq=0 Win=64240 Len=0 MSS=1460 SACK_PERM TSval=3045563472 TSecr=0 WS=1024"
"76555","39.620904288","192.168.1.55","192.168.1.2","TCP","74","8004  >  37126 [SYN, ACK] Seq=0 Ack=1 Win=65160 Len=0 MSS=1460 SACK_PERM TSval=2916043701 TSecr=3045563472 WS=128"
"76556","39.624890850","192.168.1.2","192.168.1.55","TCP","66","37126  >  8004 [ACK] Seq=1 Ack=1 Win=64512 Len=0 TSval=3045563479 TSecr=2916043701"
"76557","39.627477410","192.168.1.2","192.168.1.55","HTTP","209","GET /original_benchmark.png HTTP/1.1 "
"76558","39.627506910","192.168.1.55","192.168.1.2","TCP","66","8004  >  37126 [ACK] Seq=1 Ack=144 Win=65024 Len=0 TSval=2916043708 TSecr=3045563479"
"76559","39.628106837","192.168.1.55","192.168.1.2","TCP","255","8004  >  37126 [PSH, ACK] Seq=1 Ack=144 Win=65024 Len=189 TSval=2916043708 TSecr=3045563479 [TCP segment of a reassembled PDU]"
"76560","39.628213708","192.168.1.55","192.168.1.2","TCP","1514","8004  >  37126 [ACK] Seq=190 Ack=144 Win=65024 Len=1448 TSval=2916043708 TSecr=3045563479 [TCP segment of a reassembled PDU]"
"76561","39.628217671","192.168.1.55","192.168.1.2","TCP","1514","8004  >  37126 [ACK] Seq=1638 Ack=144 Win=65024 Len=1448 TSval=2916043708 TSecr=3045563479 [TCP segment of a reassembled PDU]"
"76562","39.628218745","192.168.1.55","192.168.1.2","TCP","1514","8004  >  37126 [ACK] Seq=3086 Ack=144 Win=65024 Len=1448 TSval=2916043708 TSecr=3045563479 [TCP segment of a reassembled PDU]"
"76563","39.628220337","192.168.1.55","192.168.1.2","TCP","1514","8004  >  37126 [ACK] Seq=4534 Ack=144 Win=65024 Len=1448 TSval=2916043708 TSecr=3045563479 [TCP segment of a reassembled PDU]"
"76564","39.628222152","192.168.1.55","192.168.1.2","TCP","1514","8004  >  37126 [PSH, ACK] Seq=5982 Ack=144 Win=65024 Len=1448 TSval=2916043708 TSecr=3045563479 [TCP segment of a reassembled PDU]"
"76565","39.628238374","192.168.1.55","192.168.1.2","TCP","1514","8004  >  37126 [ACK] Seq=7430 Ack=144 Win=65024 Len=1448 TSval=2916043708 TSecr=3045563479 [TCP segment of a reassembled PDU]"
"76566","39.628239763","192.168.1.55","192.168.1.2","TCP","1514","8004  >  37126 [ACK] Seq=8878 Ack=144 Win=65024 Len=1448 TSval=2916043708 TSecr=3045563479 [TCP segment of a reassembled PDU]"
"76567","39.628241245","192.168.1.55","192.168.1.2","TCP","1514","8004  >  37126 [ACK] Seq=10326 Ack=144 Win=65024 Len=1448 TSval=2916043708 TSecr=3045563479 [TCP segment of a reassembled PDU]"
"76568","39.628242560","192.168.1.55","192.168.1.2","TCP","1514","8004  >  37126 [PSH, ACK] Seq=11774 Ack=144 Win=65024 Len=1448 TSval=2916043708 TSecr=3045563479 [TCP segment of a reassembled PDU]"
"76569","39.632412863","192.168.1.2","192.168.1.55","TCP","66","37126  >  8004 [ACK] Seq=144 Ack=190 Win=64512 Len=0 TSval=3045563486 TSecr=2916043708"
"76570","39.632454955","192.168.1.55","192.168.1.2","TCP","1514","8004  >  37126 [ACK] Seq=13222 Ack=144 Win=65024 Len=1448 TSval=2916043713 TSecr=3045563486 [TCP segment of a reassembled PDU]"
"76571","39.632461363","192.168.1.55","192.168.1.2","TCP","1514","8004  >  37126 [PSH, ACK] Seq=14670 Ack=144 Win=65024 Len=1448 TSval=2916043713 TSecr=3045563486 [TCP segment of a reassembled PDU]"
"76572","39.632531937","192.168.1.2","192.168.1.55","TCP","66","37126  >  8004 [ACK] Seq=144 Ack=4534 Win=64512 Len=0 TSval=3045563486 TSecr=2916043708"
"76573","39.632554178","192.168.1.55","192.168.1.2","TCP","1514","8004  >  37126 [ACK] Seq=16118 Ack=144 Win=65024 Len=1448 TSval=2916043713 TSecr=3045563486 [TCP segment of a reassembled PDU]"
"76574","39.632556011","192.168.1.55","192.168.1.2","TCP","1514","8004  >  37126 [ACK] Seq=17566 Ack=144 Win=65024 Len=1448 TSval=2916043713 TSecr=3045563486 [TCP segment of a reassembled PDU]"
"76575","39.632557104","192.168.1.55","192.168.1.2","TCP","1514","8004  >  37126 [ACK] Seq=19014 Ack=144 Win=65024 Len=1448 TSval=2916043713 TSecr=3045563486 [TCP segment of a reassembled PDU]"
"76576","39.632558196","192.168.1.55","192.168.1.2","TCP","1514","8004  >  37126 [ACK] Seq=20462 Ack=144 Win=65024 Len=1448 TSval=2916043713 TSecr=3045563486 [TCP segment of a reassembled PDU]"
"76577","39.632559344","192.168.1.55","192.168.1.2","TCP","1514","8004  >  37126 [ACK] Seq=21910 Ack=144 Win=65024 Len=1448 TSval=2916043713 TSecr=3045563486 [TCP segment of a reassembled PDU]"
"76578","39.632560863","192.168.1.55","192.168.1.2","TCP","1514","8004  >  37126 [PSH, ACK] Seq=23358 Ack=144 Win=65024 Len=1448 TSval=2916043713 TSecr=3045563486 [TCP segment of a reassembled PDU]"
"76579","39.632566048","192.168.1.2","192.168.1.55","TCP","66","37126  >  8004 [ACK] Seq=144 Ack=7430 Win=67584 Len=0 TSval=3045563487 TSecr=2916043708"
"76580","39.632572918","192.168.1.2","192.168.1.55","TCP","66","37126  >  8004 [ACK] Seq=144 Ack=13222 Win=63488 Len=0 TSval=3045563487 TSecr=2916043708"
"76581","39.632596011","192.168.1.55","192.168.1.2","TCP","1514","8004  >  37126 [ACK] Seq=24806 Ack=144 Win=65024 Len=1448 TSval=2916043713 TSecr=3045563487 [TCP segment of a reassembled PDU]"
"76582","39.632599307","192.168.1.55","192.168.1.2","TCP","1514","8004  >  37126 [ACK] Seq=26254 Ack=144 Win=65024 Len=1448 TSval=2916043713 TSecr=3045563487 [TCP segment of a reassembled PDU]"
"76583","39.632600826","192.168.1.55","192.168.1.2","TCP","1514","8004  >  37126 [ACK] Seq=27702 Ack=144 Win=65024 Len=1448 TSval=2916043713 TSecr=3045563487 [TCP segment of a reassembled PDU]"
"76584","39.632601900","192.168.1.55","192.168.1.2","TCP","1514","8004  >  37126 [ACK] Seq=29150 Ack=144 Win=65024 Len=1448 TSval=2916043713 TSecr=3045563487 [TCP segment of a reassembled PDU]"
"76585","39.632603011","192.168.1.55","192.168.1.2","TCP","1514","8004  >  37126 [ACK] Seq=30598 Ack=144 Win=65024 Len=1448 TSval=2916043713 TSecr=3045563487 [TCP segment of a reassembled PDU]"
"76586","39.632604196","192.168.1.55","192.168.1.2","TCP","1514","8004  >  37126 [ACK] Seq=32046 Ack=144 Win=65024 Len=1448 TSval=2916043713 TSecr=3045563487 [TCP segment of a reassembled PDU]"
"76587","39.632605233","192.168.1.55","192.168.1.2","TCP","1514","8004  >  37126 [ACK] Seq=33494 Ack=144 Win=65024 Len=1448 TSval=2916043713 TSecr=3045563487 [TCP segment of a reassembled PDU]"
"76588","39.632606548","192.168.1.55","192.168.1.2","TCP","1514","8004  >  37126 [ACK] Seq=34942 Ack=144 Win=65024 Len=1448 TSval=2916043713 TSecr=3045563487 [TCP segment of a reassembled PDU]"
"76589","39.632608678","192.168.1.55","192.168.1.2","TCP","1514","8004  >  37126 [ACK] Seq=36390 Ack=144 Win=65024 Len=1448 TSval=2916043713 TSecr=3045563487 [TCP segment of a reassembled PDU]"
"76590","39.632609900","192.168.1.55","192.168.1.2","TCP","1514","8004  >  37126 [PSH, ACK] Seq=37838 Ack=144 Win=65024 Len=1448 TSval=2916043713 TSecr=3045563487 [TCP segment of a reassembled PDU]"
"76591","39.633349975","192.168.1.55","192.168.1.2","TCP","1514","8004  >  37126 [ACK] Seq=39286 Ack=144 Win=65024 Len=1448 TSval=2916043714 TSecr=3045563487 [TCP segment of a reassembled PDU]"
"76592","39.633352957","192.168.1.55","192.168.1.2","TCP","1514","8004  >  37126 [PSH, ACK] Seq=40734 Ack=144 Win=65024 Len=1448 TSval=2916043714 TSecr=3045563487 [TCP segment of a reassembled PDU]"
"76593","39.637709149","192.168.1.2","192.168.1.55","TCP","66","37126  >  8004 [ACK] Seq=144 Ack=16118 Win=67584 Len=0 TSval=3045563491 TSecr=2916043713"
"76594","39.637791890","192.168.1.55","192.168.1.2","TCP","1514","8004  >  37126 [ACK] Seq=42182 Ack=144 Win=65024 Len=1448 TSval=2916043718 TSecr=3045563491 [TCP segment of a reassembled PDU]"
"76595","39.637798501","192.168.1.55","192.168.1.2","TCP","1514","8004  >  37126 [PSH, ACK] Seq=43630 Ack=144 Win=65024 Len=1448 TSval=2916043718 TSecr=3045563491 [TCP segment of a reassembled PDU]"
"76596","39.637907335","192.168.1.2","192.168.1.55","TCP","66","37126  >  8004 [ACK] Seq=144 Ack=24806 Win=63488 Len=0 TSval=3045563491 TSecr=2916043713"
"76597","39.637960798","192.168.1.55","192.168.1.2","TCP","1514","8004  >  37126 [ACK] Seq=45078 Ack=144 Win=65024 Len=1448 TSval=2916043718 TSecr=3045563491 [TCP segment of a reassembled PDU]"
"76598","39.637963779","192.168.1.55","192.168.1.2","TCP","1514","8004  >  37126 [ACK] Seq=46526 Ack=144 Win=65024 Len=1448 TSval=2916043718 TSecr=3045563491 [TCP segment of a reassembled PDU]"
"76599","39.637966131","192.168.1.55","192.168.1.2","TCP","1514","8004  >  37126 [ACK] Seq=47974 Ack=144 Win=65024 Len=1448 TSval=2916043718 TSecr=3045563491 [TCP segment of a reassembled PDU]"
"76600","39.637967687","192.168.1.55","192.168.1.2","TCP","1514","8004  >  37126 [ACK] Seq=49422 Ack=144 Win=65024 Len=1448 TSval=2916043718 TSecr=3045563491 [TCP segment of a reassembled PDU]"
"76601","39.637968872","192.168.1.55","192.168.1.2","TCP","1514","8004  >  37126 [ACK] Seq=50870 Ack=144 Win=65024 Len=1448 TSval=2916043718 TSecr=3045563491 [TCP segment of a reassembled PDU]"
"76602","39.637970427","192.168.1.55","192.168.1.2","TCP","1514","8004  >  37126 [ACK] Seq=52318 Ack=144 Win=65024 Len=1448 TSval=2916043718 TSecr=3045563491 [TCP segment of a reassembled PDU]"
"76603","39.637972020","192.168.1.55","192.168.1.2","TCP","1514","8004  >  37126 [ACK] Seq=53766 Ack=144 Win=65024 Len=1448 TSval=2916043718 TSecr=3045563491 [TCP segment of a reassembled PDU]"
"76604","39.637973650","192.168.1.55","192.168.1.2","TCP","1514","8004  >  37126 [ACK] Seq=55214 Ack=144 Win=65024 Len=1448 TSval=2916043718 TSecr=3045563491 [TCP segment of a reassembled PDU]"
"76605","39.637974927","192.168.1.55","192.168.1.2","TCP","1514","8004  >  37126 [ACK] Seq=56662 Ack=144 Win=65024 Len=1448 TSval=2916043718 TSecr=3045563491 [TCP segment of a reassembled PDU]"
"76606","39.637977390","192.168.1.55","192.168.1.2","TCP","1514","8004  >  37126 [ACK] Seq=58110 Ack=144 Win=65024 Len=1448 TSval=2916043718 TSecr=3045563491 [TCP segment of a reassembled PDU]"
"76607","39.637979001","192.168.1.55","192.168.1.2","TCP","1514","8004  >  37126 [ACK] Seq=59558 Ack=144 Win=65024 Len=1448 TSval=2916043718 TSecr=3045563491 [TCP segment of a reassembled PDU]"
"76608","39.637980353","192.168.1.55","192.168.1.2","TCP","1514","8004  >  37126 [ACK] Seq=61006 Ack=144 Win=65024 Len=1448 TSval=2916043718 TSecr=3045563491 [TCP segment of a reassembled PDU]"
"76609","39.637982557","192.168.1.55","192.168.1.2","TCP","1514","8004  >  37126 [ACK] Seq=62454 Ack=144 Win=65024 Len=1448 TSval=2916043718 TSecr=3045563491 [TCP segment of a reassembled PDU]"
"76610","39.637984242","192.168.1.55","192.168.1.2","TCP","1514","8004  >  37126 [PSH, ACK] Seq=63902 Ack=144 Win=65024 Len=1448 TSval=2916043718 TSecr=3045563491 [TCP segment of a reassembled PDU]"
"76611","39.637990335","192.168.1.2","192.168.1.55","TCP","66","37126  >  8004 [ACK] Seq=144 Ack=36390 Win=55296 Len=0 TSval=3045563491 TSecr=2916043713"
"76612","39.638018909","192.168.1.55","192.168.1.2","TCP","1514","8004  >  37126 [ACK] Seq=65350 Ack=144 Win=65024 Len=1448 TSval=2916043718 TSecr=3045563491 [TCP segment of a reassembled PDU]"
"76613","39.638020464","192.168.1.55","192.168.1.2","TCP","1514","8004  >  37126 [ACK] Seq=66798 Ack=144 Win=65024 Len=1448 TSval=2916043718 TSecr=3045563491 [TCP segment of a reassembled PDU]"
"76614","39.638021890","192.168.1.55","192.168.1.2","TCP","1514","8004  >  37126 [ACK] Seq=68246 Ack=144 Win=65024 Len=1448 TSval=2916043718 TSecr=3045563491 [TCP segment of a reassembled PDU]"
"76615","39.638023001","192.168.1.55","192.168.1.2","TCP","1514","8004  >  37126 [ACK] Seq=69694 Ack=144 Win=65024 Len=1448 TSval=2916043718 TSecr=3045563491 [TCP segment of a reassembled PDU]"
"76616","39.638024057","192.168.1.55","192.168.1.2","TCP","1514","8004  >  37126 [ACK] Seq=71142 Ack=144 Win=65024 Len=1448 TSval=2916043718 TSecr=3045563491 [TCP segment of a reassembled PDU]"
"76617","39.638025168","192.168.1.55","192.168.1.2","TCP","1514","8004  >  37126 [ACK] Seq=72590 Ack=144 Win=65024 Len=1448 TSval=2916043718 TSecr=3045563491 [TCP segment of a reassembled PDU]"
"76618","39.638026187","192.168.1.55","192.168.1.2","TCP","1514","8004  >  37126 [ACK] Seq=74038 Ack=144 Win=65024 Len=1448 TSval=2916043718 TSecr=3045563491 [TCP segment of a reassembled PDU]"
"76619","39.638027613","192.168.1.55","192.168.1.2","TCP","1514","8004  >  37126 [PSH, ACK] Seq=75486 Ack=144 Win=65024 Len=1448 TSval=2916043718 TSecr=3045563491 [TCP segment of a reassembled PDU]"
"76620","39.638033039","192.168.1.2","192.168.1.55","TCP","66","37126  >  8004 [ACK] Seq=144 Ack=39286 Win=67584 Len=0 TSval=3045563492 TSecr=2916043713"
"76621","39.638038039","192.168.1.2","192.168.1.55","TCP","66","37126  >  8004 [ACK] Seq=144 Ack=42182 Win=67584 Len=0 TSval=3045563492 TSecr=2916043714"
"76622","39.638965429","192.168.1.55","192.168.1.2","TCP","1514","8004  >  37126 [ACK] Seq=76934 Ack=144 Win=65024 Len=1448 TSval=2916043719 TSecr=3045563492 [TCP segment of a reassembled PDU]"
"76623","39.638969022","192.168.1.55","192.168.1.2","TCP","1514","8004  >  37126 [ACK] Seq=78382 Ack=144 Win=65024 Len=1448 TSval=2916043719 TSecr=3045563492 [TCP segment of a reassembled PDU]"
"76624","39.638970188","192.168.1.55","192.168.1.2","TCP","1514","8004  >  37126 [ACK] Seq=79830 Ack=144 Win=65024 Len=1448 TSval=2916043719 TSecr=3045563492 [TCP segment of a reassembled PDU]"
"76625","39.638971262","192.168.1.55","192.168.1.2","TCP","1514","8004  >  37126 [ACK] Seq=81278 Ack=144 Win=65024 Len=1448 TSval=2916043719 TSecr=3045563492 [TCP segment of a reassembled PDU]"
"76626","39.638972762","192.168.1.55","192.168.1.2","TCP","1514","8004  >  37126 [ACK] Seq=82726 Ack=144 Win=65024 Len=1448 TSval=2916043719 TSecr=3045563492 [TCP segment of a reassembled PDU]"
"76627","39.638974022","192.168.1.55","192.168.1.2","TCP","1514","8004  >  37126 [ACK] Seq=84174 Ack=144 Win=65024 Len=1448 TSval=2916043719 TSecr=3045563492 [TCP segment of a reassembled PDU]"
"76628","39.638975633","192.168.1.55","192.168.1.2","TCP","1514","8004  >  37126 [ACK] Seq=85622 Ack=144 Win=65024 Len=1448 TSval=2916043719 TSecr=3045563492 [TCP segment of a reassembled PDU]"
"76629","39.638976873","192.168.1.55","192.168.1.2","TCP","1514","8004  >  37126 [ACK] Seq=87070 Ack=144 Win=65024 Len=1448 TSval=2916043719 TSecr=3045563492 [TCP segment of a reassembled PDU]"
"76630","39.638977892","192.168.1.55","192.168.1.2","TCP","1514","8004  >  37126 [ACK] Seq=88518 Ack=144 Win=65024 Len=1448 TSval=2916043719 TSecr=3045563492 [TCP segment of a reassembled PDU]"
"76631","39.638979559","192.168.1.55","192.168.1.2","TCP","1514","8004  >  37126 [ACK] Seq=89966 Ack=144 Win=65024 Len=1448 TSval=2916043719 TSecr=3045563492 [TCP segment of a reassembled PDU]"
"76632","39.638980707","192.168.1.55","192.168.1.2","TCP","1514","8004  >  37126 [ACK] Seq=91414 Ack=144 Win=65024 Len=1448 TSval=2916043719 TSecr=3045563492 [TCP segment of a reassembled PDU]"
"76633","39.638981799","192.168.1.55","192.168.1.2","TCP","1514","8004  >  37126 [ACK] Seq=92862 Ack=144 Win=65024 Len=1448 TSval=2916043719 TSecr=3045563492 [TCP segment of a reassembled PDU]"
"76634","39.638983096","192.168.1.55","192.168.1.2","TCP","1514","8004  >  37126 [ACK] Seq=94310 Ack=144 Win=65024 Len=1448 TSval=2916043719 TSecr=3045563492 [TCP segment of a reassembled PDU]"
"76635","39.638984262","192.168.1.55","192.168.1.2","TCP","1514","8004  >  37126 [ACK] Seq=95758 Ack=144 Win=65024 Len=1448 TSval=2916043719 TSecr=3045563492 [TCP segment of a reassembled PDU]"
"76636","39.638985633","192.168.1.55","192.168.1.2","TCP","1514","8004  >  37126 [ACK] Seq=97206 Ack=144 Win=65024 Len=1448 TSval=2916043719 TSecr=3045563492 [TCP segment of a reassembled PDU]"
"76637","39.638986855","192.168.1.55","192.168.1.2","TCP","1514","8004  >  37126 [PSH, ACK] Seq=98654 Ack=144 Win=65024 Len=1448 TSval=2916043719 TSecr=3045563492 [TCP segment of a reassembled PDU]"
"76638","39.643597807","192.168.1.2","192.168.1.55","TCP","66","37126  >  8004 [ACK] Seq=144 Ack=45078 Win=65536 Len=0 TSval=3045563498 TSecr=2916043718"
"76639","39.643609325","192.168.1.55","192.168.1.2","TCP","1514","8004  >  37126 [ACK] Seq=100102 Ack=144 Win=65024 Len=1448 TSval=2916043724 TSecr=3045563498 [TCP segment of a reassembled PDU]"
"76640","39.643611437","192.168.1.55","192.168.1.2","TCP","1514","8004  >  37126 [ACK] Seq=101550 Ack=144 Win=65024 Len=1448 TSval=2916043724 TSecr=3045563498 [TCP segment of a reassembled PDU]"
"76641","39.643612566","192.168.1.55","192.168.1.2","TCP","1514","8004  >  37126 [ACK] Seq=102998 Ack=144 Win=65024 Len=1448 TSval=2916043724 TSecr=3045563498 [TCP segment of a reassembled PDU]"
"76642","39.643613733","192.168.1.55","192.168.1.2","TCP","1514","8004  >  37126 [PSH, ACK] Seq=104446 Ack=144 Win=65024 Len=1448 TSval=2916043724 TSecr=3045563498 [TCP segment of a reassembled PDU]"
"76643","39.643870937","192.168.1.2","192.168.1.55","TCP","66","37126  >  8004 [ACK] Seq=144 Ack=65350 Win=52224 Len=0 TSval=3045563498 TSecr=2916043718"
"76644","39.643878900","192.168.1.55","192.168.1.2","TCP","1514","8004  >  37126 [ACK] Seq=105894 Ack=144 Win=65024 Len=1448 TSval=2916043724 TSecr=3045563498 [TCP segment of a reassembled PDU]"
"76645","39.643880585","192.168.1.55","192.168.1.2","TCP","1514","8004  >  37126 [ACK] Seq=107342 Ack=144 Win=65024 Len=1448 TSval=2916043724 TSecr=3045563498 [TCP segment of a reassembled PDU]"
"76646","39.643881696","192.168.1.55","192.168.1.2","TCP","1514","8004  >  37126 [PSH, ACK] Seq=108790 Ack=144 Win=65024 Len=1448 TSval=2916043724 TSecr=3045563498 [TCP segment of a reassembled PDU]"
"76647","39.643886215","192.168.1.2","192.168.1.55","TCP","66","37126  >  8004 [ACK] Seq=144 Ack=76934 Win=44032 Len=0 TSval=3045563498 TSecr=2916043718"
"76648","39.643892456","192.168.1.2","192.168.1.55","TCP","66","37126  >  8004 [ACK] Seq=144 Ack=100102 Win=52224 Len=0 TSval=3045563498 TSecr=2916043719"
"76649","39.643946789","192.168.1.55","192.168.1.2","TCP","1514","8004  >  37126 [ACK] Seq=110238 Ack=144 Win=65024 Len=1448 TSval=2916043724 TSecr=3045563498 [TCP segment of a reassembled PDU]"
"76650","39.643951937","192.168.1.55","192.168.1.2","TCP","1514","8004  >  37126 [ACK] Seq=111686 Ack=144 Win=65024 Len=1448 TSval=2916043724 TSecr=3045563498 [TCP segment of a reassembled PDU]"
"76651","39.643953011","192.168.1.55","192.168.1.2","TCP","1514","8004  >  37126 [ACK] Seq=113134 Ack=144 Win=65024 Len=1448 TSval=2916043724 TSecr=3045563498 [TCP segment of a reassembled PDU]"
"76652","39.643954122","192.168.1.55","192.168.1.2","TCP","1514","8004  >  37126 [ACK] Seq=114582 Ack=144 Win=65024 Len=1448 TSval=2916043724 TSecr=3045563498 [TCP segment of a reassembled PDU]"
"76653","39.643955382","192.168.1.55","192.168.1.2","TCP","1514","8004  >  37126 [ACK] Seq=116030 Ack=144 Win=65024 Len=1448 TSval=2916043724 TSecr=3045563498 [TCP segment of a reassembled PDU]"
"76654","39.643956419","192.168.1.55","192.168.1.2","TCP","1514","8004  >  37126 [ACK] Seq=117478 Ack=144 Win=65024 Len=1448 TSval=2916043724 TSecr=3045563498 [TCP segment of a reassembled PDU]"
"76655","39.643957678","192.168.1.55","192.168.1.2","TCP","1514","8004  >  37126 [ACK] Seq=118926 Ack=144 Win=65024 Len=1448 TSval=2916043724 TSecr=3045563498 [TCP segment of a reassembled PDU]"
"76656","39.643958696","192.168.1.55","192.168.1.2","TCP","1514","8004  >  37126 [ACK] Seq=120374 Ack=144 Win=65024 Len=1448 TSval=2916043724 TSecr=3045563498 [TCP segment of a reassembled PDU]"
"76657","39.643959770","192.168.1.55","192.168.1.2","TCP","1514","8004  >  37126 [ACK] Seq=121822 Ack=144 Win=65024 Len=1448 TSval=2916043724 TSecr=3045563498 [TCP segment of a reassembled PDU]"
"76658","39.643960919","192.168.1.55","192.168.1.2","TCP","1514","8004  >  37126 [ACK] Seq=123270 Ack=144 Win=65024 Len=1448 TSval=2916043724 TSecr=3045563498 [TCP segment of a reassembled PDU]"
"76659","39.643961937","192.168.1.55","192.168.1.2","TCP","1514","8004  >  37126 [ACK] Seq=124718 Ack=144 Win=65024 Len=1448 TSval=2916043724 TSecr=3045563498 [TCP segment of a reassembled PDU]"
"76660","39.643963048","192.168.1.55","192.168.1.2","TCP","1514","8004  >  37126 [ACK] Seq=126166 Ack=144 Win=65024 Len=1448 TSval=2916043724 TSecr=3045563498 [TCP segment of a reassembled PDU]"
"76661","39.643964178","192.168.1.55","192.168.1.2","TCP","1514","8004  >  37126 [ACK] Seq=127614 Ack=144 Win=65024 Len=1448 TSval=2916043724 TSecr=3045563498 [TCP segment of a reassembled PDU]"
"76662","39.643965196","192.168.1.55","192.168.1.2","TCP","1514","8004  >  37126 [ACK] Seq=129062 Ack=144 Win=65024 Len=1448 TSval=2916043724 TSecr=3045563498 [TCP segment of a reassembled PDU]"
"76663","39.643966363","192.168.1.55","192.168.1.2","TCP","1514","8004  >  37126 [ACK] Seq=130510 Ack=144 Win=65024 Len=1448 TSval=2916043724 TSecr=3045563498 [TCP segment of a reassembled PDU]"
"76664","39.643967400","192.168.1.55","192.168.1.2","TCP","1514","8004  >  37126 [ACK] Seq=131958 Ack=144 Win=65024 Len=1448 TSval=2916043724 TSecr=3045563498 [TCP segment of a reassembled PDU]"
"76665","39.643968474","192.168.1.55","192.168.1.2","TCP","1514","8004  >  37126 [ACK] Seq=133406 Ack=144 Win=65024 Len=1448 TSval=2916043724 TSecr=3045563498 [TCP segment of a reassembled PDU]"
"76666","39.643969530","192.168.1.55","192.168.1.2","TCP","1514","8004  >  37126 [ACK] Seq=134854 Ack=144 Win=65024 Len=1448 TSval=2916043724 TSecr=3045563498 [TCP segment of a reassembled PDU]"
"76667","39.643970567","192.168.1.55","192.168.1.2","TCP","1514","8004  >  37126 [ACK] Seq=136302 Ack=144 Win=65024 Len=1448 TSval=2916043724 TSecr=3045563498 [TCP segment of a reassembled PDU]"
"76668","39.643971678","192.168.1.55","192.168.1.2","TCP","1514","8004  >  37126 [ACK] Seq=137750 Ack=144 Win=65024 Len=1448 TSval=2916043724 TSecr=3045563498 [TCP segment of a reassembled PDU]"
"76669","39.643972715","192.168.1.55","192.168.1.2","TCP","1514","8004  >  37126 [ACK] Seq=139198 Ack=144 Win=65024 Len=1448 TSval=2916043724 TSecr=3045563498 [TCP segment of a reassembled PDU]"
"76670","39.643973807","192.168.1.55","192.168.1.2","TCP","1514","8004  >  37126 [ACK] Seq=140646 Ack=144 Win=65024 Len=1448 TSval=2916043724 TSecr=3045563498 [TCP segment of a reassembled PDU]"
"76671","39.643974956","192.168.1.55","192.168.1.2","TCP","1514","8004  >  37126 [PSH, ACK] Seq=142094 Ack=144 Win=65024 Len=1448 TSval=2916043724 TSecr=3045563498 [TCP segment of a reassembled PDU]"
"76672","39.643992826","192.168.1.55","192.168.1.2","TCP","1514","8004  >  37126 [ACK] Seq=143542 Ack=144 Win=65024 Len=1448 TSval=2916043724 TSecr=3045563498 [TCP segment of a reassembled PDU]"
"76673","39.643994178","192.168.1.55","192.168.1.2","TCP","1514","8004  >  37126 [ACK] Seq=144990 Ack=144 Win=65024 Len=1448 TSval=2916043724 TSecr=3045563498 [TCP segment of a reassembled PDU]"
"76674","39.643995178","192.168.1.55","192.168.1.2","TCP","1514","8004  >  37126 [ACK] Seq=146438 Ack=144 Win=65024 Len=1448 TSval=2916043724 TSecr=3045563498 [TCP segment of a reassembled PDU]"
"76675","39.643996419","192.168.1.55","192.168.1.2","TCP","1514","8004  >  37126 [ACK] Seq=147886 Ack=144 Win=65024 Len=1448 TSval=2916043724 TSecr=3045563498 [TCP segment of a reassembled PDU]"
"76676","39.643997567","192.168.1.55","192.168.1.2","TCP","1514","8004  >  37126 [ACK] Seq=149334 Ack=144 Win=65024 Len=1448 TSval=2916043724 TSecr=3045563498 [TCP segment of a reassembled PDU]"
"76677","39.643998585","192.168.1.55","192.168.1.2","TCP","1514","8004  >  37126 [ACK] Seq=150782 Ack=144 Win=65024 Len=1448 TSval=2916043724 TSecr=3045563498 [TCP segment of a reassembled PDU]"
"76678","39.643999770","192.168.1.55","192.168.1.2","TCP","162","[TCP Window Full] 8004  >  37126 [PSH, ACK] Seq=152230 Ack=144 Win=65024 Len=96 TSval=2916043724 TSecr=3045563498 [TCP segment of a reassembled PDU]"
"76679","39.648170851","192.168.1.2","192.168.1.55","TCP","66","37126  >  8004 [ACK] Seq=144 Ack=105894 Win=63488 Len=0 TSval=3045563501 TSecr=2916043724"
"76680","39.648191111","192.168.1.55","192.168.1.2","TCP","1514","8004  >  37126 [ACK] Seq=152326 Ack=144 Win=65024 Len=1448 TSval=2916043728 TSecr=3045563501 [TCP segment of a reassembled PDU]"
"76681","39.648193500","192.168.1.55","192.168.1.2","TCP","1514","8004  >  37126 [ACK] Seq=153774 Ack=144 Win=65024 Len=1448 TSval=2916043728 TSecr=3045563501 [TCP segment of a reassembled PDU]"
"76682","39.648194703","192.168.1.55","192.168.1.2","TCP","1514","8004  >  37126 [ACK] Seq=155222 Ack=144 Win=65024 Len=1448 TSval=2916043728 TSecr=3045563501 [TCP segment of a reassembled PDU]"
"76683","39.648201463","192.168.1.55","192.168.1.2","TCP","1514","8004  >  37126 [ACK] Seq=156670 Ack=144 Win=65024 Len=1448 TSval=2916043728 TSecr=3045563501 [TCP segment of a reassembled PDU]"
"76684","39.648203092","192.168.1.55","192.168.1.2","TCP","1514","8004  >  37126 [ACK] Seq=158118 Ack=144 Win=65024 Len=1448 TSval=2916043728 TSecr=3045563501 [TCP segment of a reassembled PDU]"
"76685","39.648204463","192.168.1.55","192.168.1.2","TCP","1514","8004  >  37126 [ACK] Seq=159566 Ack=144 Win=65024 Len=1448 TSval=2916043728 TSecr=3045563501 [TCP segment of a reassembled PDU]"
"76686","39.648205907","192.168.1.55","192.168.1.2","TCP","1514","8004  >  37126 [ACK] Seq=161014 Ack=144 Win=65024 Len=1448 TSval=2916043728 TSecr=3045563501 [TCP segment of a reassembled PDU]"
"76687","39.648207111","192.168.1.55","192.168.1.2","TCP","1514","8004  >  37126 [ACK] Seq=162462 Ack=144 Win=65024 Len=1448 TSval=2916043728 TSecr=3045563501 [TCP segment of a reassembled PDU]"
"76688","39.648208592","192.168.1.55","192.168.1.2","TCP","1514","8004  >  37126 [ACK] Seq=163910 Ack=144 Win=65024 Len=1448 TSval=2916043728 TSecr=3045563501 [TCP segment of a reassembled PDU]"
"76689","39.648209907","192.168.1.55","192.168.1.2","TCP","1514","8004  >  37126 [ACK] Seq=165358 Ack=144 Win=65024 Len=1448 TSval=2916043728 TSecr=3045563501 [TCP segment of a reassembled PDU]"
"76690","39.648211222","192.168.1.55","192.168.1.2","TCP","1514","8004  >  37126 [PSH, ACK] Seq=166806 Ack=144 Win=65024 Len=1448 TSval=2916043728 TSecr=3045563501 [TCP segment of a reassembled PDU]"
"76691","39.648241537","192.168.1.2","192.168.1.55","TCP","66","37126  >  8004 [ACK] Seq=144 Ack=107342 Win=70656 Len=0 TSval=3045563501 TSecr=2916043724"
"76692","39.648253555","192.168.1.55","192.168.1.2","TCP","1514","8004  >  37126 [ACK] Seq=168254 Ack=144 Win=65024 Len=1448 TSval=2916043728 TSecr=3045563501 [TCP segment of a reassembled PDU]"
"76693","39.648255481","192.168.1.55","192.168.1.2","TCP","1514","8004  >  37126 [ACK] Seq=169702 Ack=144 Win=65024 Len=1448 TSval=2916043728 TSecr=3045563501 [TCP segment of a reassembled PDU]"
"76694","39.648256777","192.168.1.55","192.168.1.2","TCP","1514","8004  >  37126 [ACK] Seq=171150 Ack=144 Win=65024 Len=1448 TSval=2916043728 TSecr=3045563501 [TCP segment of a reassembled PDU]"
"76695","39.648258037","192.168.1.55","192.168.1.2","TCP","1514","8004  >  37126 [ACK] Seq=172598 Ack=144 Win=65024 Len=1448 TSval=2916043728 TSecr=3045563501 [TCP segment of a reassembled PDU]"
"76696","39.648259759","192.168.1.55","192.168.1.2","TCP","1514","8004  >  37126 [PSH, ACK] Seq=174046 Ack=144 Win=65024 Len=1448 TSval=2916043728 TSecr=3045563501 [TCP segment of a reassembled PDU]"
"76697","39.648265666","192.168.1.55","192.168.1.2","TCP","1418","8004  >  37126 [PSH, ACK] Seq=175494 Ack=144 Win=65024 Len=1352 TSval=2916043728 TSecr=3045563501 [TCP segment of a reassembled PDU]"
"76698","39.650160744","192.168.1.2","192.168.1.55","TCP","66","37126  >  8004 [ACK] Seq=144 Ack=110238 Win=75776 Len=0 TSval=3045563504 TSecr=2916043724"
"76699","39.650227188","192.168.1.55","192.168.1.2","TCP","1514","8004  >  37126 [ACK] Seq=176846 Ack=144 Win=65024 Len=1448 TSval=2916043730 TSecr=3045563504 [TCP segment of a reassembled PDU]"
"76700","39.650233095","192.168.1.55","192.168.1.2","TCP","1514","8004  >  37126 [ACK] Seq=178294 Ack=144 Win=65024 Len=1448 TSval=2916043730 TSecr=3045563504 [TCP segment of a reassembled PDU]"
"76701","39.650234558","192.168.1.55","192.168.1.2","TCP","1514","8004  >  37126 [ACK] Seq=179742 Ack=144 Win=65024 Len=1448 TSval=2916043730 TSecr=3045563504 [TCP segment of a reassembled PDU]"
"76702","39.650236614","192.168.1.55","192.168.1.2","TCP","1514","8004  >  37126 [ACK] Seq=181190 Ack=144 Win=65024 Len=1448 TSval=2916043730 TSecr=3045563504 [TCP segment of a reassembled PDU]"
"76703","39.650238336","192.168.1.55","192.168.1.2","TCP","1514","8004  >  37126 [ACK] Seq=182638 Ack=144 Win=65024 Len=1448 TSval=2916043730 TSecr=3045563504 [TCP segment of a reassembled PDU]"
"76704","39.650239558","192.168.1.55","192.168.1.2","TCP","1514","8004  >  37126 [PSH, ACK] Seq=184086 Ack=144 Win=65024 Len=1448 TSval=2916043730 TSecr=3045563504 [TCP segment of a reassembled PDU]"
"76705","39.650315299","192.168.1.2","192.168.1.55","TCP","66","37126  >  8004 [ACK] Seq=144 Ack=143542 Win=75776 Len=0 TSval=3045563504 TSecr=2916043724"
"76706","39.650364540","192.168.1.55","192.168.1.2","TCP","1514","8004  >  37126 [ACK] Seq=185534 Ack=144 Win=65024 Len=1448 TSval=2916043731 TSecr=3045563504 [TCP segment of a reassembled PDU]"
"76707","39.650367188","192.168.1.55","192.168.1.2","TCP","1514","8004  >  37126 [ACK] Seq=186982 Ack=144 Win=65024 Len=1448 TSval=2916043731 TSecr=3045563504 [TCP segment of a reassembled PDU]"
"76708","39.650368540","192.168.1.55","192.168.1.2","TCP","1514","8004  >  37126 [ACK] Seq=188430 Ack=144 Win=65024 Len=1448 TSval=2916043731 TSecr=3045563504 [TCP segment of a reassembled PDU]"
"76709","39.650370429","192.168.1.55","192.168.1.2","TCP","1514","8004  >  37126 [ACK] Seq=189878 Ack=144 Win=65024 Len=1448 TSval=2916043731 TSecr=3045563504 [TCP segment of a reassembled PDU]"
"76710","39.650372170","192.168.1.55","192.168.1.2","TCP","1514","8004  >  37126 [ACK] Seq=191326 Ack=144 Win=65024 Len=1448 TSval=2916043731 TSecr=3045563504 [TCP segment of a reassembled PDU]"
"76711","39.650374077","192.168.1.55","192.168.1.2","TCP","1514","8004  >  37126 [ACK] Seq=192774 Ack=144 Win=65024 Len=1448 TSval=2916043731 TSecr=3045563504 [TCP segment of a reassembled PDU]"
"76712","39.650375411","192.168.1.55","192.168.1.2","TCP","1514","8004  >  37126 [ACK] Seq=194222 Ack=144 Win=65024 Len=1448 TSval=2916043731 TSecr=3045563504 [TCP segment of a reassembled PDU]"
"76713","39.650378318","192.168.1.55","192.168.1.2","TCP","1514","8004  >  37126 [ACK] Seq=195670 Ack=144 Win=65024 Len=1448 TSval=2916043731 TSecr=3045563504 [TCP segment of a reassembled PDU]"
"76714","39.650380225","192.168.1.55","192.168.1.2","TCP","1514","8004  >  37126 [ACK] Seq=197118 Ack=144 Win=65024 Len=1448 TSval=2916043731 TSecr=3045563504 [TCP segment of a reassembled PDU]"
"76715","39.650381522","192.168.1.55","192.168.1.2","TCP","1514","8004  >  37126 [ACK] Seq=198566 Ack=144 Win=65024 Len=1448 TSval=2916043731 TSecr=3045563504 [TCP segment of a reassembled PDU]"
"76716","39.650382948","192.168.1.55","192.168.1.2","TCP","1514","8004  >  37126 [ACK] Seq=200014 Ack=144 Win=65024 Len=1448 TSval=2916043731 TSecr=3045563504 [TCP segment of a reassembled PDU]"
"76717","39.650385281","192.168.1.55","192.168.1.2","TCP","1514","8004  >  37126 [ACK] Seq=201462 Ack=144 Win=65024 Len=1448 TSval=2916043731 TSecr=3045563504 [TCP segment of a reassembled PDU]"
"76718","39.650386985","192.168.1.55","192.168.1.2","TCP","1514","8004  >  37126 [ACK] Seq=202910 Ack=144 Win=65024 Len=1448 TSval=2916043731 TSecr=3045563504 [TCP segment of a reassembled PDU]"
"76719","39.650388392","192.168.1.55","192.168.1.2","TCP","1514","8004  >  37126 [ACK] Seq=204358 Ack=144 Win=65024 Len=1448 TSval=2916043731 TSecr=3045563504 [TCP segment of a reassembled PDU]"
"76720","39.650389985","192.168.1.55","192.168.1.2","TCP","1514","8004  >  37126 [ACK] Seq=205806 Ack=144 Win=65024 Len=1448 TSval=2916043731 TSecr=3045563504 [TCP segment of a reassembled PDU]"
"76721","39.650392077","192.168.1.55","192.168.1.2","TCP","1514","8004  >  37126 [ACK] Seq=207254 Ack=144 Win=65024 Len=1448 TSval=2916043731 TSecr=3045563504 [TCP segment of a reassembled PDU]"
"76722","39.650393855","192.168.1.55","192.168.1.2","TCP","1514","8004  >  37126 [PSH, ACK] Seq=208702 Ack=144 Win=65024 Len=1448 TSval=2916043731 TSecr=3045563504 [TCP segment of a reassembled PDU]"
"76723","39.650400318","192.168.1.2","192.168.1.55","TCP","66","37126  >  8004 [ACK] Seq=144 Ack=152326 Win=80896 Len=0 TSval=3045563504 TSecr=2916043724"
"76724","39.650436781","192.168.1.55","192.168.1.2","TCP","1514","8004  >  37126 [ACK] Seq=210150 Ack=144 Win=65024 Len=1448 TSval=2916043731 TSecr=3045563504 [TCP segment of a reassembled PDU]"
"76725","39.650438966","192.168.1.55","192.168.1.2","TCP","1514","8004  >  37126 [ACK] Seq=211598 Ack=144 Win=65024 Len=1448 TSval=2916043731 TSecr=3045563504 [TCP segment of a reassembled PDU]"
"76726","39.650440207","192.168.1.55","192.168.1.2","TCP","1514","8004  >  37126 [ACK] Seq=213046 Ack=144 Win=65024 Len=1448 TSval=2916043731 TSecr=3045563504 [TCP segment of a reassembled PDU]"
"76727","39.650441633","192.168.1.55","192.168.1.2","TCP","1514","8004  >  37126 [ACK] Seq=214494 Ack=144 Win=65024 Len=1448 TSval=2916043731 TSecr=3045563504 [TCP segment of a reassembled PDU]"
"76728","39.650442911","192.168.1.55","192.168.1.2","TCP","1514","8004  >  37126 [ACK] Seq=215942 Ack=144 Win=65024 Len=1448 TSval=2916043731 TSecr=3045563504 [TCP segment of a reassembled PDU]"
"76729","39.650444300","192.168.1.55","192.168.1.2","TCP","1514","8004  >  37126 [ACK] Seq=217390 Ack=144 Win=65024 Len=1448 TSval=2916043731 TSecr=3045563504 [TCP segment of a reassembled PDU]"
"76730","39.650446040","192.168.1.55","192.168.1.2","TCP","1514","8004  >  37126 [ACK] Seq=218838 Ack=144 Win=65024 Len=1448 TSval=2916043731 TSecr=3045563504 [TCP segment of a reassembled PDU]"
"76731","39.650447559","192.168.1.55","192.168.1.2","TCP","1514","8004  >  37126 [ACK] Seq=220286 Ack=144 Win=65024 Len=1448 TSval=2916043731 TSecr=3045563504 [TCP segment of a reassembled PDU]"
"76732","39.650449188","192.168.1.55","192.168.1.2","TCP","1514","8004  >  37126 [ACK] Seq=221734 Ack=144 Win=65024 Len=1448 TSval=2916043731 TSecr=3045563504 [TCP segment of a reassembled PDU]"
"76733","39.650450448","192.168.1.55","192.168.1.2","TCP","1514","8004  >  37126 [ACK] Seq=223182 Ack=144 Win=65024 Len=1448 TSval=2916043731 TSecr=3045563504 [TCP segment of a reassembled PDU]"
"76734","39.650451670","192.168.1.55","192.168.1.2","TCP","1514","8004  >  37126 [ACK] Seq=224630 Ack=144 Win=65024 Len=1448 TSval=2916043731 TSecr=3045563504 [TCP segment of a reassembled PDU]"
"76735","39.650453040","192.168.1.55","192.168.1.2","TCP","1514","8004  >  37126 [ACK] Seq=226078 Ack=144 Win=65024 Len=1448 TSval=2916043731 TSecr=3045563504 [TCP segment of a reassembled PDU]"
"76736","39.650454263","192.168.1.55","192.168.1.2","TCP","1514","8004  >  37126 [ACK] Seq=227526 Ack=144 Win=65024 Len=1448 TSval=2916043731 TSecr=3045563504 [TCP segment of a reassembled PDU]"
"76737","39.650455744","192.168.1.55","192.168.1.2","TCP","1514","8004  >  37126 [ACK] Seq=228974 Ack=144 Win=65024 Len=1448 TSval=2916043731 TSecr=3045563504 [TCP segment of a reassembled PDU]"
"76738","39.650457651","192.168.1.55","192.168.1.2","TCP","1514","8004  >  37126 [PSH, ACK] Seq=230422 Ack=144 Win=65024 Len=1448 TSval=2916043731 TSecr=3045563504 [TCP segment of a reassembled PDU]"
"76739","39.655443919","192.168.1.2","192.168.1.55","TCP","66","37126  >  8004 [ACK] Seq=144 Ack=166806 Win=98304 Len=0 TSval=3045563506 TSecr=2916043728"
"76740","39.655482697","192.168.1.55","192.168.1.2","TCP","1514","8004  >  37126 [ACK] Seq=231870 Ack=144 Win=65024 Len=1448 TSval=2916043736 TSecr=3045563506 [TCP segment of a reassembled PDU]"
"76741","39.655487715","192.168.1.55","192.168.1.2","TCP","1514","8004  >  37126 [ACK] Seq=233318 Ack=144 Win=65024 Len=1448 TSval=2916043736 TSecr=3045563506 [TCP segment of a reassembled PDU]"
"76742","39.655489382","192.168.1.55","192.168.1.2","TCP","1514","8004  >  37126 [ACK] Seq=234766 Ack=144 Win=65024 Len=1448 TSval=2916043736 TSecr=3045563506 [TCP segment of a reassembled PDU]"
"76743","39.655490678","192.168.1.55","192.168.1.2","TCP","1514","8004  >  37126 [ACK] Seq=236214 Ack=144 Win=65024 Len=1448 TSval=2916043736 TSecr=3045563506 [TCP segment of a reassembled PDU]"
"76744","39.655491956","192.168.1.55","192.168.1.2","TCP","1514","8004  >  37126 [ACK] Seq=237662 Ack=144 Win=65024 Len=1448 TSval=2916043736 TSecr=3045563506 [TCP segment of a reassembled PDU]"
"76745","39.655493252","192.168.1.55","192.168.1.2","TCP","1514","8004  >  37126 [ACK] Seq=239110 Ack=144 Win=65024 Len=1448 TSval=2916043736 TSecr=3045563506 [TCP segment of a reassembled PDU]"
"76746","39.655494660","192.168.1.55","192.168.1.2","TCP","1514","8004  >  37126 [ACK] Seq=240558 Ack=144 Win=65024 Len=1448 TSval=2916043736 TSecr=3045563506 [TCP segment of a reassembled PDU]"
"76747","39.655496067","192.168.1.55","192.168.1.2","TCP","1514","8004  >  37126 [PSH, ACK] Seq=242006 Ack=144 Win=65024 Len=1448 TSval=2916043736 TSecr=3045563506 [TCP segment of a reassembled PDU]"
"76748","39.655572382","192.168.1.2","192.168.1.55","TCP","66","37126  >  8004 [ACK] Seq=144 Ack=168254 Win=101376 Len=0 TSval=3045563510 TSecr=2916043728"
"76749","39.655581752","192.168.1.2","192.168.1.55","TCP","66","37126  >  8004 [ACK] Seq=144 Ack=185534 Win=99328 Len=0 TSval=3045563510 TSecr=2916043728"
"76750","39.655624327","192.168.1.55","192.168.1.2","TCP","1514","8004  >  37126 [ACK] Seq=243454 Ack=144 Win=65024 Len=1448 TSval=2916043736 TSecr=3045563510 [TCP segment of a reassembled PDU]"
"76751","39.655628030","192.168.1.55","192.168.1.2","TCP","1514","8004  >  37126 [ACK] Seq=244902 Ack=144 Win=65024 Len=1448 TSval=2916043736 TSecr=3045563510 [TCP segment of a reassembled PDU]"
"76752","39.655629845","192.168.1.55","192.168.1.2","TCP","1514","8004  >  37126 [ACK] Seq=246350 Ack=144 Win=65024 Len=1448 TSval=2916043736 TSecr=3045563510 [TCP segment of a reassembled PDU]"
"76753","39.655631604","192.168.1.55","192.168.1.2","TCP","1514","8004  >  37126 [ACK] Seq=247798 Ack=144 Win=65024 Len=1448 TSval=2916043736 TSecr=3045563510 [TCP segment of a reassembled PDU]"
"76754","39.655634141","192.168.1.55","192.168.1.2","TCP","1514","8004  >  37126 [ACK] Seq=249246 Ack=144 Win=65024 Len=1448 TSval=2916043736 TSecr=3045563510 [TCP segment of a reassembled PDU]"
"76755","39.655635882","192.168.1.55","192.168.1.2","TCP","1514","8004  >  37126 [ACK] Seq=250694 Ack=144 Win=65024 Len=1448 TSval=2916043736 TSecr=3045563510 [TCP segment of a reassembled PDU]"
"76756","39.655637086","192.168.1.55","192.168.1.2","TCP","1514","8004  >  37126 [ACK] Seq=252142 Ack=144 Win=65024 Len=1448 TSval=2916043736 TSecr=3045563510 [TCP segment of a reassembled PDU]"
"76757","39.655638327","192.168.1.55","192.168.1.2","TCP","1514","8004  >  37126 [ACK] Seq=253590 Ack=144 Win=65024 Len=1448 TSval=2916043736 TSecr=3045563510 [TCP segment of a reassembled PDU]"
"76758","39.655639808","192.168.1.55","192.168.1.2","TCP","1514","8004  >  37126 [ACK] Seq=255038 Ack=144 Win=65024 Len=1448 TSval=2916043736 TSecr=3045563510 [TCP segment of a reassembled PDU]"
"76759","39.655641234","192.168.1.55","192.168.1.2","TCP","1514","8004  >  37126 [ACK] Seq=256486 Ack=144 Win=65024 Len=1448 TSval=2916043736 TSecr=3045563510 [TCP segment of a reassembled PDU]"
"76760","39.655642530","192.168.1.55","192.168.1.2","TCP","1514","8004  >  37126 [ACK] Seq=257934 Ack=144 Win=65024 Len=1448 TSval=2916043736 TSecr=3045563510 [TCP segment of a reassembled PDU]"
"76761","39.655643938","192.168.1.55","192.168.1.2","TCP","1514","8004  >  37126 [ACK] Seq=259382 Ack=144 Win=65024 Len=1448 TSval=2916043736 TSecr=3045563510 [TCP segment of a reassembled PDU]"
"76762","39.655645919","192.168.1.55","192.168.1.2","TCP","1514","8004  >  37126 [ACK] Seq=260830 Ack=144 Win=65024 Len=1448 TSval=2916043736 TSecr=3045563510 [TCP segment of a reassembled PDU]"
"76763","39.655648067","192.168.1.55","192.168.1.2","TCP","1514","8004  >  37126 [ACK] Seq=262278 Ack=144 Win=65024 Len=1448 TSval=2916043736 TSecr=3045563510 [TCP segment of a reassembled PDU]"
"76764","39.655649290","192.168.1.55","192.168.1.2","TCP","1514","8004  >  37126 [ACK] Seq=263726 Ack=144 Win=65024 Len=1448 TSval=2916043736 TSecr=3045563510 [TCP segment of a reassembled PDU]"
"76765","39.655651919","192.168.1.55","192.168.1.2","TCP","1514","8004  >  37126 [ACK] Seq=265174 Ack=144 Win=65024 Len=1448 TSval=2916043736 TSecr=3045563510 [TCP segment of a reassembled PDU]"
"76766","39.655653975","192.168.1.55","192.168.1.2","TCP","1514","8004  >  37126 [ACK] Seq=266622 Ack=144 Win=65024 Len=1448 TSval=2916043736 TSecr=3045563510 [TCP segment of a reassembled PDU]"
"76767","39.655655419","192.168.1.55","192.168.1.2","TCP","1514","8004  >  37126 [ACK] Seq=268070 Ack=144 Win=65024 Len=1448 TSval=2916043736 TSecr=3045563510 [TCP segment of a reassembled PDU]"
"76768","39.655656938","192.168.1.55","192.168.1.2","TCP","1514","8004  >  37126 [ACK] Seq=269518 Ack=144 Win=65024 Len=1448 TSval=2916043736 TSecr=3045563510 [TCP segment of a reassembled PDU]"
"76769","39.655658271","192.168.1.55","192.168.1.2","TCP","1514","8004  >  37126 [ACK] Seq=270966 Ack=144 Win=65024 Len=1448 TSval=2916043736 TSecr=3045563510 [TCP segment of a reassembled PDU]"
"76770","39.655659641","192.168.1.55","192.168.1.2","TCP","1514","8004  >  37126 [ACK] Seq=272414 Ack=144 Win=65024 Len=1448 TSval=2916043736 TSecr=3045563510 [TCP segment of a reassembled PDU]"
"76771","39.655660993","192.168.1.55","192.168.1.2","TCP","1514","8004  >  37126 [ACK] Seq=273862 Ack=144 Win=65024 Len=1448 TSval=2916043736 TSecr=3045563510 [TCP segment of a reassembled PDU]"
"76772","39.655662456","192.168.1.55","192.168.1.2","TCP","1514","8004  >  37126 [PSH, ACK] Seq=275310 Ack=144 Win=65024 Len=1448 TSval=2916043736 TSecr=3045563510 [TCP segment of a reassembled PDU]"
"76773","39.659437722","192.168.1.2","192.168.1.55","TCP","66","37126  >  8004 [ACK] Seq=144 Ack=210150 Win=81920 Len=0 TSval=3045563510 TSecr=2916043731"
"76774","39.659459444","192.168.1.55","192.168.1.2","TCP","1514","8004  >  37126 [ACK] Seq=276758 Ack=144 Win=65024 Len=1448 TSval=2916043740 TSecr=3045563510 [TCP segment of a reassembled PDU]"
"76775","39.659461759","192.168.1.55","192.168.1.2","TCP","1514","8004  >  37126 [ACK] Seq=278206 Ack=144 Win=65024 Len=1448 TSval=2916043740 TSecr=3045563510 [TCP segment of a reassembled PDU]"
"76776","39.659463129","192.168.1.55","192.168.1.2","TCP","1514","8004  >  37126 [ACK] Seq=279654 Ack=144 Win=65024 Len=1448 TSval=2916043740 TSecr=3045563510 [TCP segment of a reassembled PDU]"
"76777","39.659464425","192.168.1.55","192.168.1.2","TCP","1514","8004  >  37126 [ACK] Seq=281102 Ack=144 Win=65024 Len=1448 TSval=2916043740 TSecr=3045563510 [TCP segment of a reassembled PDU]"
"76778","39.659465722","192.168.1.55","192.168.1.2","TCP","1514","8004  >  37126 [ACK] Seq=282550 Ack=144 Win=65024 Len=1448 TSval=2916043740 TSecr=3045563510 [TCP segment of a reassembled PDU]"
"76779","39.659467111","192.168.1.55","192.168.1.2","TCP","1514","8004  >  37126 [ACK] Seq=283998 Ack=144 Win=65024 Len=1448 TSval=2916043740 TSecr=3045563510 [TCP segment of a reassembled PDU]"
"76780","39.659468388","192.168.1.55","192.168.1.2","TCP","1514","8004  >  37126 [ACK] Seq=285446 Ack=144 Win=65024 Len=1448 TSval=2916043740 TSecr=3045563510 [TCP segment of a reassembled PDU]"
"76781","39.659469759","192.168.1.55","192.168.1.2","TCP","1514","8004  >  37126 [ACK] Seq=286894 Ack=144 Win=65024 Len=1448 TSval=2916043740 TSecr=3045563510 [TCP segment of a reassembled PDU]"
"76782","39.659471185","192.168.1.55","192.168.1.2","TCP","1514","8004  >  37126 [ACK] Seq=288342 Ack=144 Win=65024 Len=1448 TSval=2916043740 TSecr=3045563510 [TCP segment of a reassembled PDU]"
"76783","39.659472499","192.168.1.55","192.168.1.2","TCP","1514","8004  >  37126 [ACK] Seq=289790 Ack=144 Win=65024 Len=1448 TSval=2916043740 TSecr=3045563510 [TCP segment of a reassembled PDU]"
"76784","39.659473870","192.168.1.55","192.168.1.2","TCP","898","[TCP Window Full] 8004  >  37126 [PSH, ACK] Seq=291238 Ack=144 Win=65024 Len=832 TSval=2916043740 TSecr=3045563510 [TCP segment of a reassembled PDU]"
"76785","39.659562722","192.168.1.2","192.168.1.55","TCP","66","37126  >  8004 [ACK] Seq=144 Ack=226078 Win=82944 Len=0 TSval=3045563510 TSecr=2916043731"
"76786","39.659569740","192.168.1.2","192.168.1.55","TCP","66","37126  >  8004 [ACK] Seq=144 Ack=231870 Win=104448 Len=0 TSval=3045563512 TSecr=2916043731"
"76787","39.659587740","192.168.1.55","192.168.1.2","TCP","1514","8004  >  37126 [ACK] Seq=292070 Ack=144 Win=65024 Len=1448 TSval=2916043740 TSecr=3045563512 [TCP segment of a reassembled PDU]"
"76788","39.659589463","192.168.1.55","192.168.1.2","TCP","1514","8004  >  37126 [ACK] Seq=293518 Ack=144 Win=65024 Len=1448 TSval=2916043740 TSecr=3045563512 [TCP segment of a reassembled PDU]"
"76789","39.659590759","192.168.1.55","192.168.1.2","TCP","1514","8004  >  37126 [ACK] Seq=294966 Ack=144 Win=65024 Len=1448 TSval=2916043740 TSecr=3045563512 [TCP segment of a reassembled PDU]"
"76790","39.659592092","192.168.1.55","192.168.1.2","TCP","1514","8004  >  37126 [ACK] Seq=296414 Ack=144 Win=65024 Len=1448 TSval=2916043740 TSecr=3045563512 [TCP segment of a reassembled PDU]"
"76791","39.659593407","192.168.1.55","192.168.1.2","TCP","1514","8004  >  37126 [ACK] Seq=297862 Ack=144 Win=65024 Len=1448 TSval=2916043740 TSecr=3045563512 [TCP segment of a reassembled PDU]"
"76792","39.659594870","192.168.1.55","192.168.1.2","TCP","1514","8004  >  37126 [ACK] Seq=299310 Ack=144 Win=65024 Len=1448 TSval=2916043740 TSecr=3045563512 [TCP segment of a reassembled PDU]"
"76793","39.659596314","192.168.1.55","192.168.1.2","TCP","1514","8004  >  37126 [ACK] Seq=300758 Ack=144 Win=65024 Len=1448 TSval=2916043740 TSecr=3045563512 [TCP segment of a reassembled PDU]"
"76794","39.659597796","192.168.1.55","192.168.1.2","TCP","1514","8004  >  37126 [ACK] Seq=302206 Ack=144 Win=65024 Len=1448 TSval=2916043740 TSecr=3045563512 [TCP segment of a reassembled PDU]"
"76795","39.659599240","192.168.1.55","192.168.1.2","TCP","1514","8004  >  37126 [ACK] Seq=303654 Ack=144 Win=65024 Len=1448 TSval=2916043740 TSecr=3045563512 [TCP segment of a reassembled PDU]"
"76796","39.659601000","192.168.1.55","192.168.1.2","TCP","1514","8004  >  37126 [ACK] Seq=305102 Ack=144 Win=65024 Len=1448 TSval=2916043740 TSecr=3045563512 [TCP segment of a reassembled PDU]"
"76797","39.659602370","192.168.1.55","192.168.1.2","TCP","1514","8004  >  37126 [ACK] Seq=306550 Ack=144 Win=65024 Len=1448 TSval=2916043740 TSecr=3045563512 [TCP segment of a reassembled PDU]"
"76798","39.659603907","192.168.1.55","192.168.1.2","TCP","1514","8004  >  37126 [PSH, ACK] Seq=307998 Ack=144 Win=65024 Len=1448 TSval=2916043740 TSecr=3045563512 [TCP segment of a reassembled PDU]"
"76799","39.659609870","192.168.1.55","192.168.1.2","TCP","682","8004  >  37126 [PSH, ACK] Seq=309446 Ack=144 Win=65024 Len=616 TSval=2916043740 TSecr=3045563512 [TCP segment of a reassembled PDU]"
"76800","39.662646727","192.168.1.2","192.168.1.55","TCP","66","37126  >  8004 [ACK] Seq=144 Ack=243454 Win=104448 Len=0 TSval=3045563515 TSecr=2916043736"
"76801","39.662672801","192.168.1.55","192.168.1.2","TCP","1514","8004  >  37126 [ACK] Seq=310062 Ack=144 Win=65024 Len=1448 TSval=2916043743 TSecr=3045563515 [TCP segment of a reassembled PDU]"
"76802","39.662675171","192.168.1.55","192.168.1.2","TCP","1514","8004  >  37126 [ACK] Seq=311510 Ack=144 Win=65024 Len=1448 TSval=2916043743 TSecr=3045563515 [TCP segment of a reassembled PDU]"
"76803","39.662676857","192.168.1.55","192.168.1.2","TCP","1514","8004  >  37126 [ACK] Seq=312958 Ack=144 Win=65024 Len=1448 TSval=2916043743 TSecr=3045563515 [TCP segment of a reassembled PDU]"
"76804","39.662678153","192.168.1.55","192.168.1.2","TCP","1514","8004  >  37126 [ACK] Seq=314406 Ack=144 Win=65024 Len=1448 TSval=2916043743 TSecr=3045563515 [TCP segment of a reassembled PDU]"
"76805","39.662679449","192.168.1.55","192.168.1.2","TCP","1514","8004  >  37126 [ACK] Seq=315854 Ack=144 Win=65024 Len=1448 TSval=2916043743 TSecr=3045563515 [TCP segment of a reassembled PDU]"
"76806","39.662680894","192.168.1.55","192.168.1.2","TCP","1514","8004  >  37126 [ACK] Seq=317302 Ack=144 Win=65024 Len=1448 TSval=2916043743 TSecr=3045563515 [TCP segment of a reassembled PDU]"
"76807","39.662682542","192.168.1.55","192.168.1.2","TCP","1514","8004  >  37126 [ACK] Seq=318750 Ack=144 Win=65024 Len=1448 TSval=2916043743 TSecr=3045563515 [TCP segment of a reassembled PDU]"
"76808","39.662683912","192.168.1.55","192.168.1.2","TCP","1514","8004  >  37126 [ACK] Seq=320198 Ack=144 Win=65024 Len=1448 TSval=2916043743 TSecr=3045563515 [TCP segment of a reassembled PDU]"
"76809","39.662685283","192.168.1.55","192.168.1.2","TCP","1514","8004  >  37126 [ACK] Seq=321646 Ack=144 Win=65024 Len=1448 TSval=2916043743 TSecr=3045563515 [TCP segment of a reassembled PDU]"
"76810","39.662686579","192.168.1.55","192.168.1.2","TCP","1514","8004  >  37126 [ACK] Seq=323094 Ack=144 Win=65024 Len=1448 TSval=2916043743 TSecr=3045563515 [TCP segment of a reassembled PDU]"
"76811","39.662687968","192.168.1.55","192.168.1.2","TCP","1514","8004  >  37126 [ACK] Seq=324542 Ack=144 Win=65024 Len=1448 TSval=2916043743 TSecr=3045563515 [TCP segment of a reassembled PDU]"
"76812","39.662689357","192.168.1.55","192.168.1.2","TCP","1514","8004  >  37126 [ACK] Seq=325990 Ack=144 Win=65024 Len=1448 TSval=2916043743 TSecr=3045563515 [TCP segment of a reassembled PDU]"
"76813","39.662690838","192.168.1.55","192.168.1.2","TCP","1514","8004  >  37126 [ACK] Seq=327438 Ack=144 Win=65024 Len=1448 TSval=2916043743 TSecr=3045563515 [TCP segment of a reassembled PDU]"
"76814","39.662692486","192.168.1.55","192.168.1.2","TCP","1514","8004  >  37126 [ACK] Seq=328886 Ack=144 Win=65024 Len=1448 TSval=2916043743 TSecr=3045563515 [TCP segment of a reassembled PDU]"
"76815","39.662693783","192.168.1.55","192.168.1.2","TCP","1514","8004  >  37126 [ACK] Seq=330334 Ack=144 Win=65024 Len=1448 TSval=2916043743 TSecr=3045563515 [TCP segment of a reassembled PDU]"
"76816","39.662695283","192.168.1.55","192.168.1.2","TCP","1514","8004  >  37126 [ACK] Seq=331782 Ack=144 Win=65024 Len=1448 TSval=2916043743 TSecr=3045563515 [TCP segment of a reassembled PDU]"
"76817","39.662696579","192.168.1.55","192.168.1.2","TCP","1514","8004  >  37126 [ACK] Seq=333230 Ack=144 Win=65024 Len=1448 TSval=2916043743 TSecr=3045563515 [TCP segment of a reassembled PDU]"
"76818","39.662697857","192.168.1.55","192.168.1.2","TCP","1514","8004  >  37126 [ACK] Seq=334678 Ack=144 Win=65024 Len=1448 TSval=2916043743 TSecr=3045563515 [TCP segment of a reassembled PDU]"
"76819","39.662699227","192.168.1.55","192.168.1.2","TCP","1514","8004  >  37126 [ACK] Seq=336126 Ack=144 Win=65024 Len=1448 TSval=2916043743 TSecr=3045563515 [TCP segment of a reassembled PDU]"
"76820","39.662700542","192.168.1.55","192.168.1.2","TCP","1514","8004  >  37126 [ACK] Seq=337574 Ack=144 Win=65024 Len=1448 TSval=2916043743 TSecr=3045563515 [TCP segment of a reassembled PDU]"
"76821","39.662701968","192.168.1.55","192.168.1.2","TCP","1514","8004  >  37126 [ACK] Seq=339022 Ack=144 Win=65024 Len=1448 TSval=2916043743 TSecr=3045563515 [TCP segment of a reassembled PDU]"
"76822","39.662703245","192.168.1.55","192.168.1.2","TCP","1514","8004  >  37126 [ACK] Seq=340470 Ack=144 Win=65024 Len=1448 TSval=2916043743 TSecr=3045563515 [TCP segment of a reassembled PDU]"
"76823","39.662704542","192.168.1.55","192.168.1.2","TCP","1514","8004  >  37126 [PSH, ACK] Seq=341918 Ack=144 Win=65024 Len=1448 TSval=2916043743 TSecr=3045563515 [TCP segment of a reassembled PDU]"
"76824","39.662756375","192.168.1.2","192.168.1.55","TCP","66","37126  >  8004 [ACK] Seq=144 Ack=269518 Win=104448 Len=0 TSval=3045563515 TSecr=2916043736"
"76825","39.665055527","192.168.1.2","192.168.1.55","TCP","66","37126  >  8004 [ACK] Seq=144 Ack=276758 Win=118784 Len=0 TSval=3045563516 TSecr=2916043736"
"76826","39.665081916","192.168.1.55","192.168.1.2","TCP","1514","8004  >  37126 [ACK] Seq=343366 Ack=144 Win=65024 Len=1448 TSval=2916043745 TSecr=3045563516 [TCP segment of a reassembled PDU]"
"76827","39.665084360","192.168.1.55","192.168.1.2","TCP","1514","8004  >  37126 [ACK] Seq=344814 Ack=144 Win=65024 Len=1448 TSval=2916043745 TSecr=3045563516 [TCP segment of a reassembled PDU]"
"76828","39.665085768","192.168.1.55","192.168.1.2","TCP","1514","8004  >  37126 [ACK] Seq=346262 Ack=144 Win=65024 Len=1448 TSval=2916043745 TSecr=3045563516 [TCP segment of a reassembled PDU]"
"76829","39.665087046","192.168.1.55","192.168.1.2","TCP","1514","8004  >  37126 [ACK] Seq=347710 Ack=144 Win=65024 Len=1448 TSval=2916043745 TSecr=3045563516 [TCP segment of a reassembled PDU]"
"76830","39.665088342","192.168.1.55","192.168.1.2","TCP","1514","8004  >  37126 [ACK] Seq=349158 Ack=144 Win=65024 Len=1448 TSval=2916043745 TSecr=3045563516 [TCP segment of a reassembled PDU]"
"76831","39.665089712","192.168.1.55","192.168.1.2","TCP","1514","8004  >  37126 [ACK] Seq=350606 Ack=144 Win=65024 Len=1448 TSval=2916043745 TSecr=3045563516 [TCP segment of a reassembled PDU]"
"76832","39.665090990","192.168.1.55","192.168.1.2","TCP","1514","8004  >  37126 [ACK] Seq=352054 Ack=144 Win=65024 Len=1448 TSval=2916043745 TSecr=3045563516 [TCP segment of a reassembled PDU]"
"76833","39.665092398","192.168.1.55","192.168.1.2","TCP","1514","8004  >  37126 [ACK] Seq=353502 Ack=144 Win=65024 Len=1448 TSval=2916043745 TSecr=3045563516 [TCP segment of a reassembled PDU]"
"76834","39.665093842","192.168.1.55","192.168.1.2","TCP","1514","8004  >  37126 [ACK] Seq=354950 Ack=144 Win=65024 Len=1448 TSval=2916043745 TSecr=3045563516 [TCP segment of a reassembled PDU]"
"76835","39.665095138","192.168.1.55","192.168.1.2","TCP","1514","8004  >  37126 [ACK] Seq=356398 Ack=144 Win=65024 Len=1448 TSval=2916043745 TSecr=3045563516 [TCP segment of a reassembled PDU]"
"76836","39.665096583","192.168.1.55","192.168.1.2","TCP","1514","8004  >  37126 [ACK] Seq=357846 Ack=144 Win=65024 Len=1448 TSval=2916043745 TSecr=3045563516 [TCP segment of a reassembled PDU]"
"76837","39.665097861","192.168.1.55","192.168.1.2","TCP","1514","8004  >  37126 [ACK] Seq=359294 Ack=144 Win=65024 Len=1448 TSval=2916043745 TSecr=3045563516 [TCP segment of a reassembled PDU]"
"76838","39.665099323","192.168.1.55","192.168.1.2","TCP","1514","8004  >  37126 [ACK] Seq=360742 Ack=144 Win=65024 Len=1448 TSval=2916043745 TSecr=3045563516 [TCP segment of a reassembled PDU]"
"76839","39.665100823","192.168.1.55","192.168.1.2","TCP","1514","8004  >  37126 [ACK] Seq=362190 Ack=144 Win=65024 Len=1448 TSval=2916043745 TSecr=3045563516 [TCP segment of a reassembled PDU]"
"76840","39.665102101","192.168.1.55","192.168.1.2","TCP","1514","8004  >  37126 [ACK] Seq=363638 Ack=144 Win=65024 Len=1448 TSval=2916043745 TSecr=3045563516 [TCP segment of a reassembled PDU]"
"76841","39.665103509","192.168.1.55","192.168.1.2","TCP","1514","8004  >  37126 [ACK] Seq=365086 Ack=144 Win=65024 Len=1448 TSval=2916043745 TSecr=3045563516 [TCP segment of a reassembled PDU]"
"76842","39.665104916","192.168.1.55","192.168.1.2","TCP","1514","8004  >  37126 [ACK] Seq=366534 Ack=144 Win=65024 Len=1448 TSval=2916043745 TSecr=3045563516 [TCP segment of a reassembled PDU]"
"76843","39.665106342","192.168.1.55","192.168.1.2","TCP","1514","8004  >  37126 [ACK] Seq=367982 Ack=144 Win=65024 Len=1448 TSval=2916043745 TSecr=3045563516 [TCP segment of a reassembled PDU]"
"76844","39.665107749","192.168.1.55","192.168.1.2","TCP","1514","8004  >  37126 [ACK] Seq=369430 Ack=144 Win=65024 Len=1448 TSval=2916043745 TSecr=3045563516 [TCP segment of a reassembled PDU]"
"76845","39.665109027","192.168.1.55","192.168.1.2","TCP","1514","8004  >  37126 [ACK] Seq=370878 Ack=144 Win=65024 Len=1448 TSval=2916043745 TSecr=3045563516 [TCP segment of a reassembled PDU]"
"76846","39.665110638","192.168.1.55","192.168.1.2","TCP","1514","8004  >  37126 [ACK] Seq=372326 Ack=144 Win=65024 Len=1448 TSval=2916043745 TSecr=3045563516 [TCP segment of a reassembled PDU]"
"76847","39.665112268","192.168.1.55","192.168.1.2","TCP","1514","8004  >  37126 [ACK] Seq=373774 Ack=144 Win=65024 Len=1448 TSval=2916043745 TSecr=3045563516 [TCP segment of a reassembled PDU]"
"76848","39.665113657","192.168.1.55","192.168.1.2","TCP","1514","8004  >  37126 [PSH, ACK] Seq=375222 Ack=144 Win=65024 Len=1448 TSval=2916043745 TSecr=3045563516 [TCP segment of a reassembled PDU]"
"76849","39.666056121","192.168.1.2","192.168.1.55","TCP","66","37126  >  8004 [ACK] Seq=144 Ack=292070 Win=117760 Len=0 TSval=3045563518 TSecr=2916043740"
"76850","39.666082621","192.168.1.55","192.168.1.2","TCP","1514","8004  >  37126 [ACK] Seq=376670 Ack=144 Win=65024 Len=1448 TSval=2916043746 TSecr=3045563518 [TCP segment of a reassembled PDU]"
"76851","39.666084844","192.168.1.55","192.168.1.2","TCP","1514","8004  >  37126 [ACK] Seq=378118 Ack=144 Win=65024 Len=1448 TSval=2916043746 TSecr=3045563518 [TCP segment of a reassembled PDU]"
"76852","39.666086288","192.168.1.55","192.168.1.2","TCP","1514","8004  >  37126 [ACK] Seq=379566 Ack=144 Win=65024 Len=1448 TSval=2916043746 TSecr=3045563518 [TCP segment of a reassembled PDU]"
"76853","39.666087566","192.168.1.55","192.168.1.2","TCP","1514","8004  >  37126 [ACK] Seq=381014 Ack=144 Win=65024 Len=1448 TSval=2916043746 TSecr=3045563518 [TCP segment of a reassembled PDU]"
"76854","39.666089029","192.168.1.55","192.168.1.2","TCP","1514","8004  >  37126 [ACK] Seq=382462 Ack=144 Win=65024 Len=1448 TSval=2916043746 TSecr=3045563518 [TCP segment of a reassembled PDU]"
"76855","39.666090436","192.168.1.55","192.168.1.2","TCP","1514","8004  >  37126 [ACK] Seq=383910 Ack=144 Win=65024 Len=1448 TSval=2916043746 TSecr=3045563518 [TCP segment of a reassembled PDU]"
"76856","39.666091751","192.168.1.55","192.168.1.2","TCP","1514","8004  >  37126 [ACK] Seq=385358 Ack=144 Win=65024 Len=1448 TSval=2916043746 TSecr=3045563518 [TCP segment of a reassembled PDU]"
"76857","39.666093140","192.168.1.55","192.168.1.2","TCP","1514","8004  >  37126 [ACK] Seq=386806 Ack=144 Win=65024 Len=1448 TSval=2916043746 TSecr=3045563518 [TCP segment of a reassembled PDU]"
"76858","39.666094547","192.168.1.55","192.168.1.2","TCP","1514","8004  >  37126 [ACK] Seq=388254 Ack=144 Win=65024 Len=1448 TSval=2916043746 TSecr=3045563518 [TCP segment of a reassembled PDU]"
"76859","39.666095973","192.168.1.55","192.168.1.2","TCP","1514","8004  >  37126 [ACK] Seq=389702 Ack=144 Win=65024 Len=1448 TSval=2916043746 TSecr=3045563518 [TCP segment of a reassembled PDU]"
"76860","39.666101621","192.168.1.55","192.168.1.2","TCP","1514","8004  >  37126 [ACK] Seq=391150 Ack=144 Win=65024 Len=1448 TSval=2916043746 TSecr=3045563518 [TCP segment of a reassembled PDU]"
"76861","39.666103251","192.168.1.55","192.168.1.2","TCP","1514","8004  >  37126 [ACK] Seq=392598 Ack=144 Win=65024 Len=1448 TSval=2916043746 TSecr=3045563518 [TCP segment of a reassembled PDU]"
"76862","39.666104918","192.168.1.55","192.168.1.2","TCP","1514","8004  >  37126 [ACK] Seq=394046 Ack=144 Win=65024 Len=1448 TSval=2916043746 TSecr=3045563518 [TCP segment of a reassembled PDU]"
"76863","39.666106214","192.168.1.55","192.168.1.2","TCP","1514","8004  >  37126 [ACK] Seq=395494 Ack=144 Win=65024 Len=1448 TSval=2916043746 TSecr=3045563518 [TCP segment of a reassembled PDU]"
"76864","39.666107492","192.168.1.55","192.168.1.2","TCP","1514","8004  >  37126 [ACK] Seq=396942 Ack=144 Win=65024 Len=1448 TSval=2916043746 TSecr=3045563518 [TCP segment of a reassembled PDU]"
"76865","39.666108844","192.168.1.55","192.168.1.2","TCP","1514","8004  >  37126 [ACK] Seq=398390 Ack=144 Win=65024 Len=1448 TSval=2916043746 TSecr=3045563518 [TCP segment of a reassembled PDU]"
"76866","39.666110158","192.168.1.55","192.168.1.2","TCP","1514","8004  >  37126 [ACK] Seq=399838 Ack=144 Win=65024 Len=1448 TSval=2916043746 TSecr=3045563518 [TCP segment of a reassembled PDU]"
"76867","39.666111992","192.168.1.55","192.168.1.2","TCP","1514","8004  >  37126 [ACK] Seq=401286 Ack=144 Win=65024 Len=1448 TSval=2916043746 TSecr=3045563518 [TCP segment of a reassembled PDU]"
"76868","39.666113325","192.168.1.55","192.168.1.2","TCP","1514","8004  >  37126 [ACK] Seq=402734 Ack=144 Win=65024 Len=1448 TSval=2916043746 TSecr=3045563518 [TCP segment of a reassembled PDU]"
"76869","39.666114658","192.168.1.55","192.168.1.2","TCP","1514","8004  >  37126 [ACK] Seq=404182 Ack=144 Win=65024 Len=1448 TSval=2916043746 TSecr=3045563518 [TCP segment of a reassembled PDU]"
"76870","39.666116047","192.168.1.55","192.168.1.2","TCP","1514","8004  >  37126 [ACK] Seq=405630 Ack=144 Win=65024 Len=1448 TSval=2916043746 TSecr=3045563518 [TCP segment of a reassembled PDU]"
"76871","39.666117362","192.168.1.55","192.168.1.2","TCP","1514","8004  >  37126 [PSH, ACK] Seq=407078 Ack=144 Win=65024 Len=1448 TSval=2916043746 TSecr=3045563518 [TCP segment of a reassembled PDU]"
"76872","39.666122140","192.168.1.2","192.168.1.55","TCP","66","37126  >  8004 [ACK] Seq=144 Ack=302206 Win=109568 Len=0 TSval=3045563518 TSecr=2916043740"
"76873","39.666131862","192.168.1.55","192.168.1.2","TCP","1514","8004  >  37126 [ACK] Seq=408526 Ack=144 Win=65024 Len=1448 TSval=2916043746 TSecr=3045563518 [TCP segment of a reassembled PDU]"
"76874","39.666136140","192.168.1.2","192.168.1.55","TCP","66","37126  >  8004 [ACK] Seq=144 Ack=309446 Win=123904 Len=0 TSval=3045563520 TSecr=2916043740"
"76875","39.666141936","192.168.1.2","192.168.1.55","TCP","66","37126  >  8004 [ACK] Seq=144 Ack=310062 Win=123904 Len=0 TSval=3045563520 TSecr=2916043740"
"76876","39.666165733","192.168.1.55","192.168.1.2","TCP","1514","8004  >  37126 [ACK] Seq=409974 Ack=144 Win=65024 Len=1448 TSval=2916043746 TSecr=3045563520 [TCP segment of a reassembled PDU]"
"76877","39.666167899","192.168.1.55","192.168.1.2","TCP","1514","8004  >  37126 [ACK] Seq=411422 Ack=144 Win=65024 Len=1448 TSval=2916043746 TSecr=3045563520 [TCP segment of a reassembled PDU]"
"76878","39.666169288","192.168.1.55","192.168.1.2","TCP","1514","8004  >  37126 [ACK] Seq=412870 Ack=144 Win=65024 Len=1448 TSval=2916043746 TSecr=3045563520 [TCP segment of a reassembled PDU]"
"76879","39.666170751","192.168.1.55","192.168.1.2","TCP","1514","8004  >  37126 [ACK] Seq=414318 Ack=144 Win=65024 Len=1448 TSval=2916043746 TSecr=3045563520 [TCP segment of a reassembled PDU]"
"76880","39.666172122","192.168.1.55","192.168.1.2","TCP","1514","8004  >  37126 [ACK] Seq=415766 Ack=144 Win=65024 Len=1448 TSval=2916043746 TSecr=3045563520 [TCP segment of a reassembled PDU]"
"76881","39.666173492","192.168.1.55","192.168.1.2","TCP","1514","8004  >  37126 [ACK] Seq=417214 Ack=144 Win=65024 Len=1448 TSval=2916043746 TSecr=3045563520 [TCP segment of a reassembled PDU]"
"76882","39.666174918","192.168.1.55","192.168.1.2","TCP","1514","8004  >  37126 [ACK] Seq=418662 Ack=144 Win=65024 Len=1448 TSval=2916043746 TSecr=3045563520 [TCP segment of a reassembled PDU]"
"76883","39.666176251","192.168.1.55","192.168.1.2","TCP","1514","8004  >  37126 [ACK] Seq=420110 Ack=144 Win=65024 Len=1448 TSval=2916043746 TSecr=3045563520 [TCP segment of a reassembled PDU]"
"76884","39.666177770","192.168.1.55","192.168.1.2","TCP","1514","8004  >  37126 [ACK] Seq=421558 Ack=144 Win=65024 Len=1448 TSval=2916043746 TSecr=3045563520 [TCP segment of a reassembled PDU]"
"76885","39.666179159","192.168.1.55","192.168.1.2","TCP","1514","8004  >  37126 [ACK] Seq=423006 Ack=144 Win=65024 Len=1448 TSval=2916043746 TSecr=3045563520 [TCP segment of a reassembled PDU]"
"76886","39.666180492","192.168.1.55","192.168.1.2","TCP","1514","8004  >  37126 [ACK] Seq=424454 Ack=144 Win=65024 Len=1448 TSval=2916043746 TSecr=3045563520 [TCP segment of a reassembled PDU]"
"76887","39.666181899","192.168.1.55","192.168.1.2","TCP","1514","8004  >  37126 [ACK] Seq=425902 Ack=144 Win=65024 Len=1448 TSval=2916043746 TSecr=3045563520 [TCP segment of a reassembled PDU]"
"76888","39.666183492","192.168.1.55","192.168.1.2","TCP","1514","8004  >  37126 [ACK] Seq=427350 Ack=144 Win=65024 Len=1448 TSval=2916043746 TSecr=3045563520 [TCP segment of a reassembled PDU]"
"76889","39.666184751","192.168.1.55","192.168.1.2","TCP","1514","8004  >  37126 [ACK] Seq=428798 Ack=144 Win=65024 Len=1448 TSval=2916043746 TSecr=3045563520 [TCP segment of a reassembled PDU]"
"76890","39.666186492","192.168.1.55","192.168.1.2","TCP","1514","8004  >  37126 [ACK] Seq=430246 Ack=144 Win=65024 Len=1448 TSval=2916043746 TSecr=3045563520 [TCP segment of a reassembled PDU]"
"76891","39.666187899","192.168.1.55","192.168.1.2","TCP","1514","8004  >  37126 [ACK] Seq=431694 Ack=144 Win=65024 Len=1448 TSval=2916043746 TSecr=3045563520 [TCP segment of a reassembled PDU]"
"76892","39.666189325","192.168.1.55","192.168.1.2","TCP","890","[TCP Window Full] 8004  >  37126 [PSH, ACK] Seq=433142 Ack=144 Win=65024 Len=824 TSval=2916043746 TSecr=3045563520 [TCP segment of a reassembled PDU]"
"76893","39.671267648","192.168.1.2","192.168.1.55","TCP","66","37126  >  8004 [ACK] Seq=144 Ack=343366 Win=105472 Len=0 TSval=3045563522 TSecr=2916043743"
"76894","39.671290426","192.168.1.55","192.168.1.2","TCP","1514","8004  >  37126 [ACK] Seq=433966 Ack=144 Win=65024 Len=1448 TSval=2916043751 TSecr=3045563522 [TCP segment of a reassembled PDU]"
"76895","39.671299204","192.168.1.55","192.168.1.2","TCP","1514","8004  >  37126 [ACK] Seq=435414 Ack=144 Win=65024 Len=1448 TSval=2916043751 TSecr=3045563522 [TCP segment of a reassembled PDU]"
"76896","39.671300574","192.168.1.55","192.168.1.2","TCP","1514","8004  >  37126 [ACK] Seq=436862 Ack=144 Win=65024 Len=1448 TSval=2916043751 TSecr=3045563522 [TCP segment of a reassembled PDU]"
"76897","39.671302037","192.168.1.55","192.168.1.2","TCP","1514","8004  >  37126 [ACK] Seq=438310 Ack=144 Win=65024 Len=1448 TSval=2916043751 TSecr=3045563522 [TCP segment of a reassembled PDU]"
"76898","39.671303426","192.168.1.55","192.168.1.2","TCP","1514","8004  >  37126 [ACK] Seq=439758 Ack=144 Win=65024 Len=1448 TSval=2916043751 TSecr=3045563522 [TCP segment of a reassembled PDU]"
"76899","39.671304926","192.168.1.55","192.168.1.2","TCP","1514","8004  >  37126 [PSH, ACK] Seq=441206 Ack=144 Win=65024 Len=1448 TSval=2916043751 TSecr=3045563522 [TCP segment of a reassembled PDU]"
"76900","39.671310945","192.168.1.55","192.168.1.2","TCP","690","8004  >  37126 [PSH, ACK] Seq=442654 Ack=144 Win=65024 Len=624 TSval=2916043751 TSecr=3045563522 [TCP segment of a reassembled PDU]"
"76901","39.671672001","192.168.1.2","192.168.1.55","TCP","66","37126  >  8004 [ACK] Seq=144 Ack=376670 Win=105472 Len=0 TSval=3045563526 TSecr=2916043745"
"76902","39.671702742","192.168.1.55","192.168.1.2","TCP","1514","8004  >  37126 [ACK] Seq=443278 Ack=144 Win=65024 Len=1448 TSval=2916043752 TSecr=3045563526 [TCP segment of a reassembled PDU]"
"76903","39.671705408","192.168.1.55","192.168.1.2","TCP","1514","8004  >  37126 [ACK] Seq=444726 Ack=144 Win=65024 Len=1448 TSval=2916043752 TSecr=3045563526 [TCP segment of a reassembled PDU]"
"76904","39.671706686","192.168.1.55","192.168.1.2","TCP","1514","8004  >  37126 [ACK] Seq=446174 Ack=144 Win=65024 Len=1448 TSval=2916043752 TSecr=3045563526 [TCP segment of a reassembled PDU]"
"76905","39.671708057","192.168.1.55","192.168.1.2","TCP","1514","8004  >  37126 [ACK] Seq=447622 Ack=144 Win=65024 Len=1448 TSval=2916043752 TSecr=3045563526 [TCP segment of a reassembled PDU]"
"76906","39.671709501","192.168.1.55","192.168.1.2","TCP","1514","8004  >  37126 [ACK] Seq=449070 Ack=144 Win=65024 Len=1448 TSval=2916043752 TSecr=3045563526 [TCP segment of a reassembled PDU]"
"76907","39.671710779","192.168.1.55","192.168.1.2","TCP","1514","8004  >  37126 [ACK] Seq=450518 Ack=144 Win=65024 Len=1448 TSval=2916043752 TSecr=3045563526 [TCP segment of a reassembled PDU]"
"76908","39.671712223","192.168.1.55","192.168.1.2","TCP","1514","8004  >  37126 [ACK] Seq=451966 Ack=144 Win=65024 Len=1448 TSval=2916043752 TSecr=3045563526 [TCP segment of a reassembled PDU]"
"76909","39.671713482","192.168.1.55","192.168.1.2","TCP","1514","8004  >  37126 [ACK] Seq=453414 Ack=144 Win=65024 Len=1448 TSval=2916043752 TSecr=3045563526 [TCP segment of a reassembled PDU]"
"76910","39.671714816","192.168.1.55","192.168.1.2","TCP","1514","8004  >  37126 [ACK] Seq=454862 Ack=144 Win=65024 Len=1448 TSval=2916043752 TSecr=3045563526 [TCP segment of a reassembled PDU]"
"76911","39.671716149","192.168.1.55","192.168.1.2","TCP","1514","8004  >  37126 [ACK] Seq=456310 Ack=144 Win=65024 Len=1448 TSval=2916043752 TSecr=3045563526 [TCP segment of a reassembled PDU]"
"76912","39.671717538","192.168.1.55","192.168.1.2","TCP","1514","8004  >  37126 [ACK] Seq=457758 Ack=144 Win=65024 Len=1448 TSval=2916043752 TSecr=3045563526 [TCP segment of a reassembled PDU]"
"76913","39.671718834","192.168.1.55","192.168.1.2","TCP","1514","8004  >  37126 [ACK] Seq=459206 Ack=144 Win=65024 Len=1448 TSval=2916043752 TSecr=3045563526 [TCP segment of a reassembled PDU]"
"76914","39.671720131","192.168.1.55","192.168.1.2","TCP","1514","8004  >  37126 [ACK] Seq=460654 Ack=144 Win=65024 Len=1448 TSval=2916043752 TSecr=3045563526 [TCP segment of a reassembled PDU]"
"76915","39.671721427","192.168.1.55","192.168.1.2","TCP","1514","8004  >  37126 [ACK] Seq=462102 Ack=144 Win=65024 Len=1448 TSval=2916043752 TSecr=3045563526 [TCP segment of a reassembled PDU]"
"76916","39.671722816","192.168.1.55","192.168.1.2","TCP","1514","8004  >  37126 [ACK] Seq=463550 Ack=144 Win=65024 Len=1448 TSval=2916043752 TSecr=3045563526 [TCP segment of a reassembled PDU]"
"76917","39.671724075","192.168.1.55","192.168.1.2","TCP","1514","8004  >  37126 [ACK] Seq=464998 Ack=144 Win=65024 Len=1448 TSval=2916043752 TSecr=3045563526 [TCP segment of a reassembled PDU]"
"76918","39.671725427","192.168.1.55","192.168.1.2","TCP","1514","8004  >  37126 [ACK] Seq=466446 Ack=144 Win=65024 Len=1448 TSval=2916043752 TSecr=3045563526 [TCP segment of a reassembled PDU]"
"76919","39.671726779","192.168.1.55","192.168.1.2","TCP","1514","8004  >  37126 [ACK] Seq=467894 Ack=144 Win=65024 Len=1448 TSval=2916043752 TSecr=3045563526 [TCP segment of a reassembled PDU]"
"76920","39.671728094","192.168.1.55","192.168.1.2","TCP","1514","8004  >  37126 [ACK] Seq=469342 Ack=144 Win=65024 Len=1448 TSval=2916043752 TSecr=3045563526 [TCP segment of a reassembled PDU]"
"76921","39.671729464","192.168.1.55","192.168.1.2","TCP","1514","8004  >  37126 [ACK] Seq=470790 Ack=144 Win=65024 Len=1448 TSval=2916043752 TSecr=3045563526 [TCP segment of a reassembled PDU]"
"76922","39.671730816","192.168.1.55","192.168.1.2","TCP","1514","8004  >  37126 [ACK] Seq=472238 Ack=144 Win=65024 Len=1448 TSval=2916043752 TSecr=3045563526 [TCP segment of a reassembled PDU]"
"76923","39.671732149","192.168.1.55","192.168.1.2","TCP","1514","8004  >  37126 [ACK] Seq=473686 Ack=144 Win=65024 Len=1448 TSval=2916043752 TSecr=3045563526 [TCP segment of a reassembled PDU]"
"76924","39.671733538","192.168.1.55","192.168.1.2","TCP","1514","8004  >  37126 [PSH, ACK] Seq=475134 Ack=144 Win=65024 Len=1448 TSval=2916043752 TSecr=3045563526 [TCP segment of a reassembled PDU]"
"76925","39.671738390","192.168.1.2","192.168.1.55","TCP","66","37126  >  8004 [ACK] Seq=144 Ack=408526 Win=82944 Len=0 TSval=3045563527 TSecr=2916043746"
"76926","39.671746779","192.168.1.2","192.168.1.55","TCP","66","37126  >  8004 [ACK] Seq=144 Ack=431694 Win=92160 Len=0 TSval=3045563527 TSecr=2916043746"
"76927","39.671771223","192.168.1.55","192.168.1.2","TCP","1514","8004  >  37126 [ACK] Seq=476582 Ack=144 Win=65024 Len=1448 TSval=2916043752 TSecr=3045563527 [TCP segment of a reassembled PDU]"
"76928","39.671773371","192.168.1.55","192.168.1.2","TCP","1514","8004  >  37126 [ACK] Seq=478030 Ack=144 Win=65024 Len=1448 TSval=2916043752 TSecr=3045563527 [TCP segment of a reassembled PDU]"
"76929","39.671774649","192.168.1.55","192.168.1.2","TCP","1514","8004  >  37126 [ACK] Seq=479478 Ack=144 Win=65024 Len=1448 TSval=2916043752 TSecr=3045563527 [TCP segment of a reassembled PDU]"
"76930","39.671775983","192.168.1.55","192.168.1.2","TCP","1514","8004  >  37126 [ACK] Seq=480926 Ack=144 Win=65024 Len=1448 TSval=2916043752 TSecr=3045563527 [TCP segment of a reassembled PDU]"
"76931","39.671777742","192.168.1.55","192.168.1.2","TCP","1514","8004  >  37126 [ACK] Seq=482374 Ack=144 Win=65024 Len=1448 TSval=2916043752 TSecr=3045563527 [TCP segment of a reassembled PDU]"
"76932","39.671779094","192.168.1.55","192.168.1.2","TCP","1514","8004  >  37126 [ACK] Seq=483822 Ack=144 Win=65024 Len=1448 TSval=2916043752 TSecr=3045563527 [TCP segment of a reassembled PDU]"
"76933","39.671780483","192.168.1.55","192.168.1.2","TCP","1514","8004  >  37126 [ACK] Seq=485270 Ack=144 Win=65024 Len=1448 TSval=2916043752 TSecr=3045563527 [TCP segment of a reassembled PDU]"
"76934","39.671781779","192.168.1.55","192.168.1.2","TCP","1514","8004  >  37126 [ACK] Seq=486718 Ack=144 Win=65024 Len=1448 TSval=2916043752 TSecr=3045563527 [TCP segment of a reassembled PDU]"
"76935","39.671783057","192.168.1.55","192.168.1.2","TCP","1514","8004  >  37126 [ACK] Seq=488166 Ack=144 Win=65024 Len=1448 TSval=2916043752 TSecr=3045563527 [TCP segment of a reassembled PDU]"
"76936","39.671784427","192.168.1.55","192.168.1.2","TCP","1514","8004  >  37126 [ACK] Seq=489614 Ack=144 Win=65024 Len=1448 TSval=2916043752 TSecr=3045563527 [TCP segment of a reassembled PDU]"
"76937","39.671785686","192.168.1.55","192.168.1.2","TCP","1514","8004  >  37126 [ACK] Seq=491062 Ack=144 Win=65024 Len=1448 TSval=2916043752 TSecr=3045563527 [TCP segment of a reassembled PDU]"
"76938","39.671787094","192.168.1.55","192.168.1.2","TCP","1514","8004  >  37126 [ACK] Seq=492510 Ack=144 Win=65024 Len=1448 TSval=2916043752 TSecr=3045563527 [TCP segment of a reassembled PDU]"
"76939","39.671788408","192.168.1.55","192.168.1.2","TCP","1514","8004  >  37126 [ACK] Seq=493958 Ack=144 Win=65024 Len=1448 TSval=2916043752 TSecr=3045563527 [TCP segment of a reassembled PDU]"
"76940","39.671789686","192.168.1.55","192.168.1.2","TCP","1514","8004  >  37126 [ACK] Seq=495406 Ack=144 Win=65024 Len=1448 TSval=2916043752 TSecr=3045563527 [TCP segment of a reassembled PDU]"
"76941","39.671791131","192.168.1.55","192.168.1.2","TCP","1514","8004  >  37126 [PSH, ACK] Seq=496854 Ack=144 Win=65024 Len=1448 TSval=2916043752 TSecr=3045563527 [TCP segment of a reassembled PDU]"
"76942","39.671795871","192.168.1.55","192.168.1.2","HTTP","222","HTTP/1.0 200 OK  (PNG)"
"76943","39.676028471","192.168.1.2","192.168.1.55","TCP","66","37126  >  8004 [ACK] Seq=144 Ack=433142 Win=126976 Len=0 TSval=3045563528 TSecr=2916043746"
"76944","39.676134767","192.168.1.2","192.168.1.55","TCP","66","37126  >  8004 [ACK] Seq=144 Ack=433966 Win=128000 Len=0 TSval=3045563528 TSecr=2916043746"
"76945","39.676571731","192.168.1.2","192.168.1.55","TCP","66","37126  >  8004 [ACK] Seq=144 Ack=476582 Win=99328 Len=0 TSval=3045563532 TSecr=2916043751"
"76946","39.676684342","192.168.1.2","192.168.1.55","TCP","66","37126  >  8004 [ACK] Seq=144 Ack=498302 Win=81920 Len=0 TSval=3045563532 TSecr=2916043752"
"76947","39.678759475","192.168.1.2","192.168.1.55","TCP","66","37126  >  8004 [FIN, ACK] Seq=144 Ack=498459 Win=130048 Len=0 TSval=3045563533 TSecr=2916043752"
"76948","39.678771827","192.168.1.55","192.168.1.2","TCP","66","8004  >  37126 [ACK] Seq=498459 Ack=145 Win=65024 Len=0 TSval=2916043759 TSecr=3045563533"
"76949","39.678883513","192.168.1.2","192.168.1.55","TCP","74","37130  >  8004 [SYN] Seq=0 Win=64240 Len=0 MSS=1460 SACK_PERM TSval=3045563533 TSecr=0 WS=1024"
"76950","39.678907235","192.168.1.55","192.168.1.2","TCP","74","8004  >  37130 [SYN, ACK] Seq=0 Ack=1 Win=65160 Len=0 MSS=1460 SACK_PERM TSval=2916043759 TSecr=3045563533 WS=128"
"76951","39.682410741","192.168.1.2","192.168.1.55","TCP","66","37130  >  8004 [ACK] Seq=1 Ack=1 Win=64512 Len=0 TSval=3045563537 TSecr=2916043759"
"76952","39.685641653","192.168.1.2","192.168.1.55","HTTP","206","GET /stego_benchmark.png HTTP/1.1 "
"76953","39.685659764","192.168.1.55","192.168.1.2","TCP","66","8004  >  37130 [ACK] Seq=1 Ack=141 Win=65024 Len=0 TSval=2916043766 TSecr=3045563537"
"76954","39.686136765","192.168.1.55","192.168.1.2","TCP","255","8004  >  37130 [PSH, ACK] Seq=1 Ack=141 Win=65024 Len=189 TSval=2916043766 TSecr=3045563537 [TCP segment of a reassembled PDU]"
"76955","39.686219265","192.168.1.55","192.168.1.2","TCP","1514","8004  >  37130 [ACK] Seq=190 Ack=141 Win=65024 Len=1448 TSval=2916043766 TSecr=3045563537 [TCP segment of a reassembled PDU]"
"76956","39.686224247","192.168.1.55","192.168.1.2","TCP","1514","8004  >  37130 [ACK] Seq=1638 Ack=141 Win=65024 Len=1448 TSval=2916043766 TSecr=3045563537 [TCP segment of a reassembled PDU]"
"76957","39.686225617","192.168.1.55","192.168.1.2","TCP","1514","8004  >  37130 [ACK] Seq=3086 Ack=141 Win=65024 Len=1448 TSval=2916043766 TSecr=3045563537 [TCP segment of a reassembled PDU]"
"76958","39.686227025","192.168.1.55","192.168.1.2","TCP","1514","8004  >  37130 [ACK] Seq=4534 Ack=141 Win=65024 Len=1448 TSval=2916043766 TSecr=3045563537 [TCP segment of a reassembled PDU]"
"76959","39.686228377","192.168.1.55","192.168.1.2","TCP","1514","8004  >  37130 [PSH, ACK] Seq=5982 Ack=141 Win=65024 Len=1448 TSval=2916043766 TSecr=3045563537 [TCP segment of a reassembled PDU]"
"76960","39.686248488","192.168.1.55","192.168.1.2","TCP","1514","8004  >  37130 [ACK] Seq=7430 Ack=141 Win=65024 Len=1448 TSval=2916043766 TSecr=3045563537 [TCP segment of a reassembled PDU]"
"76961","39.686250636","192.168.1.55","192.168.1.2","TCP","1514","8004  >  37130 [ACK] Seq=8878 Ack=141 Win=65024 Len=1448 TSval=2916043766 TSecr=3045563537 [TCP segment of a reassembled PDU]"
"76962","39.686251914","192.168.1.55","192.168.1.2","TCP","1514","8004  >  37130 [ACK] Seq=10326 Ack=141 Win=65024 Len=1448 TSval=2916043766 TSecr=3045563537 [TCP segment of a reassembled PDU]"
"76963","39.686253191","192.168.1.55","192.168.1.2","TCP","1514","8004  >  37130 [PSH, ACK] Seq=11774 Ack=141 Win=65024 Len=1448 TSval=2916043766 TSecr=3045563537 [TCP segment of a reassembled PDU]"
"76964","39.692427276","192.168.1.2","192.168.1.55","TCP","66","37130  >  8004 [ACK] Seq=141 Ack=190 Win=64512 Len=0 TSval=3045563544 TSecr=2916043766"
"76965","39.692472498","192.168.1.55","192.168.1.2","TCP","1514","8004  >  37130 [ACK] Seq=13222 Ack=141 Win=65024 Len=1448 TSval=2916043773 TSecr=3045563544 [TCP segment of a reassembled PDU]"
"76966","39.692477572","192.168.1.55","192.168.1.2","TCP","1514","8004  >  37130 [PSH, ACK] Seq=14670 Ack=141 Win=65024 Len=1448 TSval=2916043773 TSecr=3045563544 [TCP segment of a reassembled PDU]"
"76967","39.692551665","192.168.1.2","192.168.1.55","TCP","66","37130  >  8004 [ACK] Seq=141 Ack=5982 Win=76800 Len=0 TSval=3045563544 TSecr=2916043766"
"76968","39.692581609","192.168.1.55","192.168.1.2","TCP","1514","8004  >  37130 [ACK] Seq=16118 Ack=141 Win=65024 Len=1448 TSval=2916043773 TSecr=3045563544 [TCP segment of a reassembled PDU]"
"76969","39.692584794","192.168.1.55","192.168.1.2","TCP","1514","8004  >  37130 [ACK] Seq=17566 Ack=141 Win=65024 Len=1448 TSval=2916043773 TSecr=3045563544 [TCP segment of a reassembled PDU]"
"76970","39.692586183","192.168.1.55","192.168.1.2","TCP","1514","8004  >  37130 [ACK] Seq=19014 Ack=141 Win=65024 Len=1448 TSval=2916043773 TSecr=3045563544 [TCP segment of a reassembled PDU]"
"76971","39.692587776","192.168.1.55","192.168.1.2","TCP","1514","8004  >  37130 [ACK] Seq=20462 Ack=141 Win=65024 Len=1448 TSval=2916043773 TSecr=3045563544 [TCP segment of a reassembled PDU]"
"76972","39.692589313","192.168.1.55","192.168.1.2","TCP","1514","8004  >  37130 [ACK] Seq=21910 Ack=141 Win=65024 Len=1448 TSval=2916043773 TSecr=3045563544 [TCP segment of a reassembled PDU]"
"76973","39.692590609","192.168.1.55","192.168.1.2","TCP","1514","8004  >  37130 [ACK] Seq=23358 Ack=141 Win=65024 Len=1448 TSval=2916043773 TSecr=3045563544 [TCP segment of a reassembled PDU]"
"76974","39.692592183","192.168.1.55","192.168.1.2","TCP","1514","8004  >  37130 [PSH, ACK] Seq=24806 Ack=141 Win=65024 Len=1448 TSval=2916043773 TSecr=3045563544 [TCP segment of a reassembled PDU]"
"76975","39.692598313","192.168.1.2","192.168.1.55","TCP","66","37130  >  8004 [ACK] Seq=141 Ack=7430 Win=79872 Len=0 TSval=3045563545 TSecr=2916043766"
"76976","39.692606591","192.168.1.2","192.168.1.55","TCP","66","37130  >  8004 [ACK] Seq=141 Ack=13222 Win=80896 Len=0 TSval=3045563545 TSecr=2916043766"
"76977","39.692634165","192.168.1.55","192.168.1.2","TCP","1514","8004  >  37130 [ACK] Seq=26254 Ack=141 Win=65024 Len=1448 TSval=2916043773 TSecr=3045563545 [TCP segment of a reassembled PDU]"
"76978","39.692636554","192.168.1.55","192.168.1.2","TCP","1514","8004  >  37130 [ACK] Seq=27702 Ack=141 Win=65024 Len=1448 TSval=2916043773 TSecr=3045563545 [TCP segment of a reassembled PDU]"
"76979","39.692638628","192.168.1.55","192.168.1.2","TCP","1514","8004  >  37130 [ACK] Seq=29150 Ack=141 Win=65024 Len=1448 TSval=2916043773 TSecr=3045563545 [TCP segment of a reassembled PDU]"
"76980","39.692640257","192.168.1.55","192.168.1.2","TCP","1514","8004  >  37130 [ACK] Seq=30598 Ack=141 Win=65024 Len=1448 TSval=2916043773 TSecr=3045563545 [TCP segment of a reassembled PDU]"
"76981","39.692641924","192.168.1.55","192.168.1.2","TCP","1514","8004  >  37130 [ACK] Seq=32046 Ack=141 Win=65024 Len=1448 TSval=2916043773 TSecr=3045563545 [TCP segment of a reassembled PDU]"
"76982","39.692643720","192.168.1.55","192.168.1.2","TCP","1514","8004  >  37130 [ACK] Seq=33494 Ack=141 Win=65024 Len=1448 TSval=2916043773 TSecr=3045563545 [TCP segment of a reassembled PDU]"
"76983","39.692645350","192.168.1.55","192.168.1.2","TCP","1514","8004  >  37130 [ACK] Seq=34942 Ack=141 Win=65024 Len=1448 TSval=2916043773 TSecr=3045563545 [TCP segment of a reassembled PDU]"
"76984","39.692647054","192.168.1.55","192.168.1.2","TCP","1514","8004  >  37130 [ACK] Seq=36390 Ack=141 Win=65024 Len=1448 TSval=2916043773 TSecr=3045563545 [TCP segment of a reassembled PDU]"
"76985","39.692648609","192.168.1.55","192.168.1.2","TCP","1514","8004  >  37130 [ACK] Seq=37838 Ack=141 Win=65024 Len=1448 TSval=2916043773 TSecr=3045563545 [TCP segment of a reassembled PDU]"
"76986","39.692650072","192.168.1.55","192.168.1.2","TCP","1514","8004  >  37130 [PSH, ACK] Seq=39286 Ack=141 Win=65024 Len=1448 TSval=2916043773 TSecr=3045563545 [TCP segment of a reassembled PDU]"
"76987","39.693474111","192.168.1.55","192.168.1.2","TCP","1514","8004  >  37130 [ACK] Seq=40734 Ack=141 Win=65024 Len=1448 TSval=2916043774 TSecr=3045563545 [TCP segment of a reassembled PDU]"
"76988","39.697783655","192.168.1.2","192.168.1.55","TCP","66","37130  >  8004 [ACK] Seq=141 Ack=16118 Win=87040 Len=0 TSval=3045563551 TSecr=2916043773"
"76989","39.697828136","192.168.1.55","192.168.1.2","TCP","1514","8004  >  37130 [ACK] Seq=42182 Ack=141 Win=65024 Len=1448 TSval=2916043778 TSecr=3045563551 [TCP segment of a reassembled PDU]"
"76990","39.697833414","192.168.1.55","192.168.1.2","TCP","1514","8004  >  37130 [PSH, ACK] Seq=43630 Ack=141 Win=65024 Len=1448 TSval=2916043778 TSecr=3045563551 [TCP segment of a reassembled PDU]"
"76991","39.698047507","192.168.1.2","192.168.1.55","TCP","66","37130  >  8004 [ACK] Seq=141 Ack=26254 Win=86016 Len=0 TSval=3045563551 TSecr=2916043773"
"76992","39.698076488","192.168.1.55","192.168.1.2","TCP","1514","8004  >  37130 [ACK] Seq=45078 Ack=141 Win=65024 Len=1448 TSval=2916043778 TSecr=3045563551 [TCP segment of a reassembled PDU]"
"76993","39.698078470","192.168.1.55","192.168.1.2","TCP","1514","8004  >  37130 [ACK] Seq=46526 Ack=141 Win=65024 Len=1448 TSval=2916043778 TSecr=3045563551 [TCP segment of a reassembled PDU]"
"76994","39.698079951","192.168.1.55","192.168.1.2","TCP","1514","8004  >  37130 [ACK] Seq=47974 Ack=141 Win=65024 Len=1448 TSval=2916043778 TSecr=3045563551 [TCP segment of a reassembled PDU]"
"76995","39.698081488","192.168.1.55","192.168.1.2","TCP","1514","8004  >  37130 [ACK] Seq=49422 Ack=141 Win=65024 Len=1448 TSval=2916043778 TSecr=3045563551 [TCP segment of a reassembled PDU]"
"76996","39.698083377","192.168.1.55","192.168.1.2","TCP","1514","8004  >  37130 [ACK] Seq=50870 Ack=141 Win=65024 Len=1448 TSval=2916043778 TSecr=3045563551 [TCP segment of a reassembled PDU]"
"76997","39.698085137","192.168.1.55","192.168.1.2","TCP","1514","8004  >  37130 [ACK] Seq=52318 Ack=141 Win=65024 Len=1448 TSval=2916043778 TSecr=3045563551 [TCP segment of a reassembled PDU]"
"76998","39.698086433","192.168.1.55","192.168.1.2","TCP","1514","8004  >  37130 [ACK] Seq=53766 Ack=141 Win=65024 Len=1448 TSval=2916043778 TSecr=3045563551 [TCP segment of a reassembled PDU]"
"76999","39.698087785","192.168.1.55","192.168.1.2","TCP","1514","8004  >  37130 [ACK] Seq=55214 Ack=141 Win=65024 Len=1448 TSval=2916043778 TSecr=3045563551 [TCP segment of a reassembled PDU]"
"77000","39.698089192","192.168.1.55","192.168.1.2","TCP","1514","8004  >  37130 [ACK] Seq=56662 Ack=141 Win=65024 Len=1448 TSval=2916043778 TSecr=3045563551 [TCP segment of a reassembled PDU]"
"77001","39.698090933","192.168.1.55","192.168.1.2","TCP","1514","8004  >  37130 [ACK] Seq=58110 Ack=141 Win=65024 Len=1448 TSval=2916043778 TSecr=3045563551 [TCP segment of a reassembled PDU]"
"77002","39.698092285","192.168.1.55","192.168.1.2","TCP","1514","8004  >  37130 [ACK] Seq=59558 Ack=141 Win=65024 Len=1448 TSval=2916043778 TSecr=3045563551 [TCP segment of a reassembled PDU]"
"77003","39.698093637","192.168.1.55","192.168.1.2","TCP","1514","8004  >  37130 [ACK] Seq=61006 Ack=141 Win=65024 Len=1448 TSval=2916043778 TSecr=3045563551 [TCP segment of a reassembled PDU]"
"77004","39.698095914","192.168.1.55","192.168.1.2","TCP","1514","8004  >  37130 [ACK] Seq=62454 Ack=141 Win=65024 Len=1448 TSval=2916043778 TSecr=3045563551 [TCP segment of a reassembled PDU]"
"77005","39.698097729","192.168.1.55","192.168.1.2","TCP","1514","8004  >  37130 [PSH, ACK] Seq=63902 Ack=141 Win=65024 Len=1448 TSval=2916043778 TSecr=3045563551 [TCP segment of a reassembled PDU]"
"77006","39.698102655","192.168.1.2","192.168.1.55","TCP","66","37130  >  8004 [ACK] Seq=141 Ack=36390 Win=76800 Len=0 TSval=3045563552 TSecr=2916043773"
"77007","39.698126507","192.168.1.55","192.168.1.2","TCP","1514","8004  >  37130 [ACK] Seq=65350 Ack=141 Win=65024 Len=1448 TSval=2916043778 TSecr=3045563552 [TCP segment of a reassembled PDU]"
"77008","39.698128044","192.168.1.55","192.168.1.2","TCP","1514","8004  >  37130 [ACK] Seq=66798 Ack=141 Win=65024 Len=1448 TSval=2916043778 TSecr=3045563552 [TCP segment of a reassembled PDU]"
"77009","39.698129414","192.168.1.55","192.168.1.2","TCP","1514","8004  >  37130 [ACK] Seq=68246 Ack=141 Win=65024 Len=1448 TSval=2916043778 TSecr=3045563552 [TCP segment of a reassembled PDU]"
"77010","39.698132063","192.168.1.55","192.168.1.2","TCP","1514","8004  >  37130 [ACK] Seq=69694 Ack=141 Win=65024 Len=1448 TSval=2916043778 TSecr=3045563552 [TCP segment of a reassembled PDU]"
"77011","39.698133785","192.168.1.55","192.168.1.2","TCP","1514","8004  >  37130 [ACK] Seq=71142 Ack=141 Win=65024 Len=1448 TSval=2916043778 TSecr=3045563552 [TCP segment of a reassembled PDU]"
"77012","39.698135155","192.168.1.55","192.168.1.2","TCP","1514","8004  >  37130 [ACK] Seq=72590 Ack=141 Win=65024 Len=1448 TSval=2916043778 TSecr=3045563552 [TCP segment of a reassembled PDU]"
"77013","39.698136433","192.168.1.55","192.168.1.2","TCP","1514","8004  >  37130 [ACK] Seq=74038 Ack=141 Win=65024 Len=1448 TSval=2916043778 TSecr=3045563552 [TCP segment of a reassembled PDU]"
"77014","39.698137766","192.168.1.55","192.168.1.2","TCP","1514","8004  >  37130 [PSH, ACK] Seq=75486 Ack=141 Win=65024 Len=1448 TSval=2916043778 TSecr=3045563552 [TCP segment of a reassembled PDU]"
"77015","39.698144285","192.168.1.2","192.168.1.55","TCP","66","37130  >  8004 [ACK] Seq=141 Ack=40734 Win=91136 Len=0 TSval=3045563552 TSecr=2916043773"
"77016","39.698153155","192.168.1.2","192.168.1.55","TCP","66","37130  >  8004 [ACK] Seq=141 Ack=42182 Win=90112 Len=0 TSval=3045563552 TSecr=2916043774"
"77017","39.699012897","192.168.1.55","192.168.1.2","TCP","1514","8004  >  37130 [ACK] Seq=76934 Ack=141 Win=65024 Len=1448 TSval=2916043779 TSecr=3045563552 [TCP segment of a reassembled PDU]"
"77018","39.699017490","192.168.1.55","192.168.1.2","TCP","1514","8004  >  37130 [ACK] Seq=78382 Ack=141 Win=65024 Len=1448 TSval=2916043779 TSecr=3045563552 [TCP segment of a reassembled PDU]"
"77019","39.699019731","192.168.1.55","192.168.1.2","TCP","1514","8004  >  37130 [ACK] Seq=79830 Ack=141 Win=65024 Len=1448 TSval=2916043779 TSecr=3045563552 [TCP segment of a reassembled PDU]"
"77020","39.699021157","192.168.1.55","192.168.1.2","TCP","1514","8004  >  37130 [ACK] Seq=81278 Ack=141 Win=65024 Len=1448 TSval=2916043779 TSecr=3045563552 [TCP segment of a reassembled PDU]"
"77021","39.699022286","192.168.1.55","192.168.1.2","TCP","1514","8004  >  37130 [ACK] Seq=82726 Ack=141 Win=65024 Len=1448 TSval=2916043779 TSecr=3045563552 [TCP segment of a reassembled PDU]"
"77022","39.699024231","192.168.1.55","192.168.1.2","TCP","1514","8004  >  37130 [ACK] Seq=84174 Ack=141 Win=65024 Len=1448 TSval=2916043779 TSecr=3045563552 [TCP segment of a reassembled PDU]"
"77023","39.699025731","192.168.1.55","192.168.1.2","TCP","1514","8004  >  37130 [ACK] Seq=85622 Ack=141 Win=65024 Len=1448 TSval=2916043779 TSecr=3045563552 [TCP segment of a reassembled PDU]"
"77024","39.699026916","192.168.1.55","192.168.1.2","TCP","1514","8004  >  37130 [ACK] Seq=87070 Ack=141 Win=65024 Len=1448 TSval=2916043779 TSecr=3045563552 [TCP segment of a reassembled PDU]"
"77025","39.699030046","192.168.1.55","192.168.1.2","TCP","1514","8004  >  37130 [ACK] Seq=88518 Ack=141 Win=65024 Len=1448 TSval=2916043779 TSecr=3045563552 [TCP segment of a reassembled PDU]"
"77026","39.699031472","192.168.1.55","192.168.1.2","TCP","1514","8004  >  37130 [ACK] Seq=89966 Ack=141 Win=65024 Len=1448 TSval=2916043779 TSecr=3045563552 [TCP segment of a reassembled PDU]"
"77027","39.699032897","192.168.1.55","192.168.1.2","TCP","1514","8004  >  37130 [ACK] Seq=91414 Ack=141 Win=65024 Len=1448 TSval=2916043779 TSecr=3045563552 [TCP segment of a reassembled PDU]"
"77028","39.699034397","192.168.1.55","192.168.1.2","TCP","1514","8004  >  37130 [ACK] Seq=92862 Ack=141 Win=65024 Len=1448 TSval=2916043779 TSecr=3045563552 [TCP segment of a reassembled PDU]"
"77029","39.699035731","192.168.1.55","192.168.1.2","TCP","1514","8004  >  37130 [ACK] Seq=94310 Ack=141 Win=65024 Len=1448 TSval=2916043779 TSecr=3045563552 [TCP segment of a reassembled PDU]"
"77030","39.699038360","192.168.1.55","192.168.1.2","TCP","1514","8004  >  37130 [PSH, ACK] Seq=95758 Ack=141 Win=65024 Len=1448 TSval=2916043779 TSecr=3045563552 [TCP segment of a reassembled PDU]"
"77031","39.699048064","192.168.1.55","192.168.1.2","TCP","1514","8004  >  37130 [ACK] Seq=97206 Ack=141 Win=65024 Len=1448 TSval=2916043779 TSecr=3045563552 [TCP segment of a reassembled PDU]"
"77032","39.699049360","192.168.1.55","192.168.1.2","TCP","1514","8004  >  37130 [PSH, ACK] Seq=98654 Ack=141 Win=65024 Len=1448 TSval=2916043779 TSecr=3045563552 [TCP segment of a reassembled PDU]"
"77033","39.702859626","192.168.1.2","192.168.1.55","TCP","66","37130  >  8004 [ACK] Seq=141 Ack=45078 Win=91136 Len=0 TSval=3045563555 TSecr=2916043778"
"77034","39.702880589","192.168.1.55","192.168.1.2","TCP","1514","8004  >  37130 [ACK] Seq=100102 Ack=141 Win=65024 Len=1448 TSval=2916043783 TSecr=3045563555 [TCP segment of a reassembled PDU]"
"77035","39.702883515","192.168.1.55","192.168.1.2","TCP","1514","8004  >  37130 [ACK] Seq=101550 Ack=141 Win=65024 Len=1448 TSval=2916043783 TSecr=3045563555 [TCP segment of a reassembled PDU]"
"77036","39.702884644","192.168.1.55","192.168.1.2","TCP","1514","8004  >  37130 [ACK] Seq=102998 Ack=141 Win=65024 Len=1448 TSval=2916043783 TSecr=3045563555 [TCP segment of a reassembled PDU]"
"77037","39.702885756","192.168.1.55","192.168.1.2","TCP","1514","8004  >  37130 [PSH, ACK] Seq=104446 Ack=141 Win=65024 Len=1448 TSval=2916043783 TSecr=3045563555 [TCP segment of a reassembled PDU]"
"77038","39.703129478","192.168.1.2","192.168.1.55","TCP","66","37130  >  8004 [ACK] Seq=141 Ack=49422 Win=87040 Len=0 TSval=3045563555 TSecr=2916043778"
"77039","39.704551925","192.168.1.2","192.168.1.55","TCP","66","37130  >  8004 [ACK] Seq=141 Ack=65350 Win=77824 Len=0 TSval=3045563558 TSecr=2916043778"
"77040","39.704564221","192.168.1.55","192.168.1.2","TCP","1514","8004  >  37130 [ACK] Seq=105894 Ack=141 Win=65024 Len=1448 TSval=2916043785 TSecr=3045563558 [TCP segment of a reassembled PDU]"
"77041","39.704566295","192.168.1.55","192.168.1.2","TCP","1514","8004  >  37130 [ACK] Seq=107342 Ack=141 Win=65024 Len=1448 TSval=2916043785 TSecr=3045563558 [TCP segment of a reassembled PDU]"
"77042","39.704567536","192.168.1.55","192.168.1.2","TCP","1514","8004  >  37130 [ACK] Seq=108790 Ack=141 Win=65024 Len=1448 TSval=2916043785 TSecr=3045563558 [TCP segment of a reassembled PDU]"
"77043","39.704568647","192.168.1.55","192.168.1.2","TCP","1514","8004  >  37130 [ACK] Seq=110238 Ack=141 Win=65024 Len=1448 TSval=2916043785 TSecr=3045563558 [TCP segment of a reassembled PDU]"
"77044","39.704569925","192.168.1.55","192.168.1.2","TCP","1514","8004  >  37130 [ACK] Seq=111686 Ack=141 Win=65024 Len=1448 TSval=2916043785 TSecr=3045563558 [TCP segment of a reassembled PDU]"
"77045","39.704571092","192.168.1.55","192.168.1.2","TCP","1514","8004  >  37130 [ACK] Seq=113134 Ack=141 Win=65024 Len=1448 TSval=2916043785 TSecr=3045563558 [TCP segment of a reassembled PDU]"
"77046","39.704572295","192.168.1.55","192.168.1.2","TCP","1514","8004  >  37130 [PSH, ACK] Seq=114582 Ack=141 Win=65024 Len=1448 TSval=2916043785 TSecr=3045563558 [TCP segment of a reassembled PDU]"
"77047","39.704596369","192.168.1.55","192.168.1.2","TCP","1514","8004  >  37130 [ACK] Seq=116030 Ack=141 Win=65024 Len=1448 TSval=2916043785 TSecr=3045563558 [TCP segment of a reassembled PDU]"
"77048","39.704597944","192.168.1.55","192.168.1.2","TCP","1514","8004  >  37130 [ACK] Seq=117478 Ack=141 Win=65024 Len=1448 TSval=2916043785 TSecr=3045563558 [TCP segment of a reassembled PDU]"
"77049","39.704599073","192.168.1.55","192.168.1.2","TCP","1514","8004  >  37130 [ACK] Seq=118926 Ack=141 Win=65024 Len=1448 TSval=2916043785 TSecr=3045563558 [TCP segment of a reassembled PDU]"
"77050","39.704600258","192.168.1.55","192.168.1.2","TCP","1514","8004  >  37130 [ACK] Seq=120374 Ack=141 Win=65024 Len=1448 TSval=2916043785 TSecr=3045563558 [TCP segment of a reassembled PDU]"
"77051","39.704601444","192.168.1.55","192.168.1.2","TCP","1514","8004  >  37130 [ACK] Seq=121822 Ack=141 Win=65024 Len=1448 TSval=2916043785 TSecr=3045563558 [TCP segment of a reassembled PDU]"
"77052","39.704602610","192.168.1.55","192.168.1.2","TCP","1514","8004  >  37130 [ACK] Seq=123270 Ack=141 Win=65024 Len=1448 TSval=2916043785 TSecr=3045563558 [TCP segment of a reassembled PDU]"
"77053","39.704609240","192.168.1.55","192.168.1.2","TCP","1514","8004  >  37130 [ACK] Seq=124718 Ack=141 Win=65024 Len=1448 TSval=2916043785 TSecr=3045563558 [TCP segment of a reassembled PDU]"
"77054","39.704610703","192.168.1.55","192.168.1.2","TCP","1514","8004  >  37130 [ACK] Seq=126166 Ack=141 Win=65024 Len=1448 TSval=2916043785 TSecr=3045563558 [TCP segment of a reassembled PDU]"
"77055","39.704611870","192.168.1.55","192.168.1.2","TCP","1514","8004  >  37130 [ACK] Seq=127614 Ack=141 Win=65024 Len=1448 TSval=2916043785 TSecr=3045563558 [TCP segment of a reassembled PDU]"
"77056","39.704613092","192.168.1.55","192.168.1.2","TCP","1514","8004  >  37130 [ACK] Seq=129062 Ack=141 Win=65024 Len=1448 TSval=2916043785 TSecr=3045563558 [TCP segment of a reassembled PDU]"
"77057","39.704614203","192.168.1.55","192.168.1.2","TCP","1514","8004  >  37130 [ACK] Seq=130510 Ack=141 Win=65024 Len=1448 TSval=2916043785 TSecr=3045563558 [TCP segment of a reassembled PDU]"
"77058","39.704615388","192.168.1.55","192.168.1.2","TCP","1514","8004  >  37130 [ACK] Seq=131958 Ack=141 Win=65024 Len=1448 TSval=2916043785 TSecr=3045563558 [TCP segment of a reassembled PDU]"
"77059","39.704616481","192.168.1.55","192.168.1.2","TCP","1514","8004  >  37130 [ACK] Seq=133406 Ack=141 Win=65024 Len=1448 TSval=2916043785 TSecr=3045563558 [TCP segment of a reassembled PDU]"
"77060","39.704617721","192.168.1.55","192.168.1.2","TCP","1514","8004  >  37130 [ACK] Seq=134854 Ack=141 Win=65024 Len=1448 TSval=2916043785 TSecr=3045563558 [TCP segment of a reassembled PDU]"
"77061","39.704618870","192.168.1.55","192.168.1.2","TCP","1514","8004  >  37130 [ACK] Seq=136302 Ack=141 Win=65024 Len=1448 TSval=2916043785 TSecr=3045563558 [TCP segment of a reassembled PDU]"
"77062","39.704620203","192.168.1.55","192.168.1.2","TCP","1514","8004  >  37130 [ACK] Seq=137750 Ack=141 Win=65024 Len=1448 TSval=2916043785 TSecr=3045563558 [TCP segment of a reassembled PDU]"
"77063","39.704621481","192.168.1.55","192.168.1.2","TCP","1514","8004  >  37130 [ACK] Seq=139198 Ack=141 Win=65024 Len=1448 TSval=2916043785 TSecr=3045563558 [TCP segment of a reassembled PDU]"
"77064","39.704623184","192.168.1.55","192.168.1.2","TCP","1514","8004  >  37130 [ACK] Seq=140646 Ack=141 Win=65024 Len=1448 TSval=2916043785 TSecr=3045563558 [TCP segment of a reassembled PDU]"
"77065","39.704624555","192.168.1.55","192.168.1.2","TCP","1146","[TCP Window Full] 8004  >  37130 [PSH, ACK] Seq=142094 Ack=141 Win=65024 Len=1080 TSval=2916043785 TSecr=3045563558 [TCP segment of a reassembled PDU]"
"77066","39.707539726","192.168.1.2","192.168.1.55","TCP","66","37130  >  8004 [ACK] Seq=141 Ack=76934 Win=66560 Len=0 TSval=3045563558 TSecr=2916043778"
"77067","39.707678689","192.168.1.2","192.168.1.55","TCP","66","37130  >  8004 [ACK] Seq=141 Ack=95758 Win=75776 Len=0 TSval=3045563558 TSecr=2916043779"
"77068","39.707709152","192.168.1.55","192.168.1.2","TCP","1514","8004  >  37130 [ACK] Seq=143174 Ack=141 Win=65024 Len=1448 TSval=2916043788 TSecr=3045563558 [TCP segment of a reassembled PDU]"
"77069","39.707713745","192.168.1.55","192.168.1.2","TCP","1514","8004  >  37130 [ACK] Seq=144622 Ack=141 Win=65024 Len=1448 TSval=2916043788 TSecr=3045563558 [TCP segment of a reassembled PDU]"
"77070","39.707714967","192.168.1.55","192.168.1.2","TCP","1514","8004  >  37130 [ACK] Seq=146070 Ack=141 Win=65024 Len=1448 TSval=2916043788 TSecr=3045563558 [TCP segment of a reassembled PDU]"
"77071","39.707716060","192.168.1.55","192.168.1.2","TCP","1514","8004  >  37130 [ACK] Seq=147518 Ack=141 Win=65024 Len=1448 TSval=2916043788 TSecr=3045563558 [TCP segment of a reassembled PDU]"
"77072","39.707717226","192.168.1.55","192.168.1.2","TCP","1514","8004  >  37130 [ACK] Seq=148966 Ack=141 Win=65024 Len=1448 TSval=2916043788 TSecr=3045563558 [TCP segment of a reassembled PDU]"
"77073","39.707718412","192.168.1.55","192.168.1.2","TCP","1514","8004  >  37130 [ACK] Seq=150414 Ack=141 Win=65024 Len=1448 TSval=2916043788 TSecr=3045563558 [TCP segment of a reassembled PDU]"
"77074","39.707719560","192.168.1.55","192.168.1.2","TCP","1514","8004  >  37130 [ACK] Seq=151862 Ack=141 Win=65024 Len=1448 TSval=2916043788 TSecr=3045563558 [TCP segment of a reassembled PDU]"
"77075","39.707720801","192.168.1.55","192.168.1.2","TCP","1514","8004  >  37130 [PSH, ACK] Seq=153310 Ack=141 Win=65024 Len=1448 TSval=2916043788 TSecr=3045563558 [TCP segment of a reassembled PDU]"
"77076","39.707728245","192.168.1.55","192.168.1.2","TCP","434","8004  >  37130 [ACK] Seq=154758 Ack=141 Win=65024 Len=368 TSval=2916043788 TSecr=3045563558 [TCP segment of a reassembled PDU]"
"77077","39.707731912","192.168.1.2","192.168.1.55","TCP","66","37130  >  8004 [ACK] Seq=141 Ack=97206 Win=92160 Len=0 TSval=3045563559 TSecr=2916043779"
"77078","39.707767041","192.168.1.55","192.168.1.2","TCP","1514","8004  >  37130 [ACK] Seq=155126 Ack=141 Win=65024 Len=1448 TSval=2916043788 TSecr=3045563559 [TCP segment of a reassembled PDU]"
"77079","39.707769560","192.168.1.55","192.168.1.2","TCP","1514","8004  >  37130 [ACK] Seq=156574 Ack=141 Win=65024 Len=1448 TSval=2916043788 TSecr=3045563559 [TCP segment of a reassembled PDU]"
"77080","39.707770986","192.168.1.55","192.168.1.2","TCP","1514","8004  >  37130 [ACK] Seq=158022 Ack=141 Win=65024 Len=1448 TSval=2916043788 TSecr=3045563559 [TCP segment of a reassembled PDU]"
"77081","39.707772208","192.168.1.55","192.168.1.2","TCP","1514","8004  >  37130 [ACK] Seq=159470 Ack=141 Win=65024 Len=1448 TSval=2916043788 TSecr=3045563559 [TCP segment of a reassembled PDU]"
"77082","39.707773430","192.168.1.55","192.168.1.2","TCP","1514","8004  >  37130 [ACK] Seq=160918 Ack=141 Win=65024 Len=1448 TSval=2916043788 TSecr=3045563559 [TCP segment of a reassembled PDU]"
"77083","39.707774560","192.168.1.55","192.168.1.2","TCP","1514","8004  >  37130 [ACK] Seq=162366 Ack=141 Win=65024 Len=1448 TSval=2916043788 TSecr=3045563559 [TCP segment of a reassembled PDU]"
"77084","39.707775782","192.168.1.55","192.168.1.2","TCP","1514","8004  >  37130 [ACK] Seq=163814 Ack=141 Win=65024 Len=1448 TSval=2916043788 TSecr=3045563559 [TCP segment of a reassembled PDU]"
"77085","39.707776912","192.168.1.55","192.168.1.2","TCP","1514","8004  >  37130 [ACK] Seq=165262 Ack=141 Win=65024 Len=1448 TSval=2916043788 TSecr=3045563559 [TCP segment of a reassembled PDU]"
"77086","39.707778782","192.168.1.55","192.168.1.2","TCP","1514","8004  >  37130 [ACK] Seq=166710 Ack=141 Win=65024 Len=1448 TSval=2916043788 TSecr=3045563559 [TCP segment of a reassembled PDU]"
"77087","39.707780060","192.168.1.55","192.168.1.2","TCP","1514","8004  >  37130 [ACK] Seq=168158 Ack=141 Win=65024 Len=1448 TSval=2916043788 TSecr=3045563559 [TCP segment of a reassembled PDU]"
"77088","39.707781190","192.168.1.55","192.168.1.2","TCP","1514","8004  >  37130 [ACK] Seq=169606 Ack=141 Win=65024 Len=1448 TSval=2916043788 TSecr=3045563559 [TCP segment of a reassembled PDU]"
"77089","39.707782467","192.168.1.55","192.168.1.2","TCP","1514","8004  >  37130 [ACK] Seq=171054 Ack=141 Win=65024 Len=1448 TSval=2916043788 TSecr=3045563559 [TCP segment of a reassembled PDU]"
"77090","39.707783671","192.168.1.55","192.168.1.2","TCP","1514","8004  >  37130 [ACK] Seq=172502 Ack=141 Win=65024 Len=1448 TSval=2916043788 TSecr=3045563559 [TCP segment of a reassembled PDU]"
"77091","39.707784893","192.168.1.55","192.168.1.2","TCP","1514","8004  >  37130 [ACK] Seq=173950 Ack=141 Win=65024 Len=1448 TSval=2916043788 TSecr=3045563559 [TCP segment of a reassembled PDU]"
"77092","39.707786060","192.168.1.55","192.168.1.2","TCP","1514","8004  >  37130 [ACK] Seq=175398 Ack=141 Win=65024 Len=1448 TSval=2916043788 TSecr=3045563559 [TCP segment of a reassembled PDU]"
"77093","39.707787208","192.168.1.55","192.168.1.2","TCP","1514","8004  >  37130 [ACK] Seq=176846 Ack=141 Win=65024 Len=1448 TSval=2916043788 TSecr=3045563559 [TCP segment of a reassembled PDU]"
"77094","39.707788449","192.168.1.55","192.168.1.2","TCP","1514","8004  >  37130 [ACK] Seq=178294 Ack=141 Win=65024 Len=1448 TSval=2916043788 TSecr=3045563559 [TCP segment of a reassembled PDU]"
"77095","39.707789634","192.168.1.55","192.168.1.2","TCP","1514","8004  >  37130 [ACK] Seq=179742 Ack=141 Win=65024 Len=1448 TSval=2916043788 TSecr=3045563559 [TCP segment of a reassembled PDU]"
"77096","39.707790745","192.168.1.55","192.168.1.2","TCP","1514","8004  >  37130 [ACK] Seq=181190 Ack=141 Win=65024 Len=1448 TSval=2916043788 TSecr=3045563559 [TCP segment of a reassembled PDU]"
"77097","39.707792004","192.168.1.55","192.168.1.2","TCP","1514","8004  >  37130 [ACK] Seq=182638 Ack=141 Win=65024 Len=1448 TSval=2916043788 TSecr=3045563559 [TCP segment of a reassembled PDU]"
"77098","39.707793652","192.168.1.55","192.168.1.2","TCP","1514","8004  >  37130 [ACK] Seq=184086 Ack=141 Win=65024 Len=1448 TSval=2916043788 TSecr=3045563559 [TCP segment of a reassembled PDU]"
"77099","39.707794912","192.168.1.55","192.168.1.2","TCP","1514","8004  >  37130 [ACK] Seq=185534 Ack=141 Win=65024 Len=1448 TSval=2916043788 TSecr=3045563559 [TCP segment of a reassembled PDU]"
"77100","39.707796060","192.168.1.55","192.168.1.2","TCP","1514","8004  >  37130 [PSH, ACK] Seq=186982 Ack=141 Win=65024 Len=1448 TSval=2916043788 TSecr=3045563559 [TCP segment of a reassembled PDU]"
"77101","39.707799949","192.168.1.2","192.168.1.55","TCP","66","37130  >  8004 [ACK] Seq=141 Ack=100102 Win=92160 Len=0 TSval=3045563559 TSecr=2916043779"
"77102","39.710221027","192.168.1.2","192.168.1.55","TCP","66","37130  >  8004 [ACK] Seq=141 Ack=102998 Win=90112 Len=0 TSval=3045563561 TSecr=2916043783"
"77103","39.710235842","192.168.1.55","192.168.1.2","TCP","1514","8004  >  37130 [ACK] Seq=188430 Ack=141 Win=65024 Len=1448 TSval=2916043790 TSecr=3045563561 [TCP segment of a reassembled PDU]"
"77104","39.710239527","192.168.1.55","192.168.1.2","TCP","1514","8004  >  37130 [ACK] Seq=189878 Ack=141 Win=65024 Len=1448 TSval=2916043790 TSecr=3045563561 [TCP segment of a reassembled PDU]"
"77105","39.710240712","192.168.1.55","192.168.1.2","TCP","1514","8004  >  37130 [PSH, ACK] Seq=191326 Ack=141 Win=65024 Len=1448 TSval=2916043790 TSecr=3045563561 [TCP segment of a reassembled PDU]"
"77106","39.712269771","192.168.1.2","192.168.1.55","TCP","66","37130  >  8004 [ACK] Seq=141 Ack=105894 Win=98304 Len=0 TSval=3045563564 TSecr=2916043783"
"77107","39.712283697","192.168.1.55","192.168.1.2","TCP","1514","8004  >  37130 [ACK] Seq=192774 Ack=141 Win=65024 Len=1448 TSval=2916043792 TSecr=3045563564 [TCP segment of a reassembled PDU]"
"77108","39.712285919","192.168.1.55","192.168.1.2","TCP","1514","8004  >  37130 [ACK] Seq=194222 Ack=141 Win=65024 Len=1448 TSval=2916043792 TSecr=3045563564 [TCP segment of a reassembled PDU]"
"77109","39.712287141","192.168.1.55","192.168.1.2","TCP","1514","8004  >  37130 [ACK] Seq=195670 Ack=141 Win=65024 Len=1448 TSval=2916043792 TSecr=3045563564 [TCP segment of a reassembled PDU]"
"77110","39.712288419","192.168.1.55","192.168.1.2","TCP","1514","8004  >  37130 [ACK] Seq=197118 Ack=141 Win=65024 Len=1448 TSval=2916043792 TSecr=3045563564 [TCP segment of a reassembled PDU]"
"77111","39.712289623","192.168.1.55","192.168.1.2","TCP","1514","8004  >  37130 [PSH, ACK] Seq=198566 Ack=141 Win=65024 Len=1448 TSval=2916043792 TSecr=3045563564 [TCP segment of a reassembled PDU]"
"77112","39.712595642","192.168.1.2","192.168.1.55","TCP","66","37130  >  8004 [ACK] Seq=141 Ack=116030 Win=97280 Len=0 TSval=3045563565 TSecr=2916043785"
"77113","39.712603031","192.168.1.2","192.168.1.55","TCP","66","37130  >  8004 [ACK] Seq=141 Ack=143174 Win=78848 Len=0 TSval=3045563565 TSecr=2916043785"
"77114","39.715267572","192.168.1.2","192.168.1.55","TCP","66","37130  >  8004 [ACK] Seq=141 Ack=154758 Win=94208 Len=0 TSval=3045563568 TSecr=2916043788"
"77115","39.715315257","192.168.1.55","192.168.1.2","TCP","1514","8004  >  37130 [ACK] Seq=200014 Ack=141 Win=65024 Len=1448 TSval=2916043795 TSecr=3045563568 [TCP segment of a reassembled PDU]"
"77116","39.715318350","192.168.1.55","192.168.1.2","TCP","1514","8004  >  37130 [ACK] Seq=201462 Ack=141 Win=65024 Len=1448 TSval=2916043795 TSecr=3045563568 [TCP segment of a reassembled PDU]"
"77117","39.715319720","192.168.1.55","192.168.1.2","TCP","1514","8004  >  37130 [ACK] Seq=202910 Ack=141 Win=65024 Len=1448 TSval=2916043795 TSecr=3045563568 [TCP segment of a reassembled PDU]"
"77118","39.715321072","192.168.1.55","192.168.1.2","TCP","1514","8004  >  37130 [ACK] Seq=204358 Ack=141 Win=65024 Len=1448 TSval=2916043795 TSecr=3045563568 [TCP segment of a reassembled PDU]"
"77119","39.715322757","192.168.1.55","192.168.1.2","TCP","1514","8004  >  37130 [ACK] Seq=205806 Ack=141 Win=65024 Len=1448 TSval=2916043795 TSecr=3045563568 [TCP segment of a reassembled PDU]"
"77120","39.715324165","192.168.1.55","192.168.1.2","TCP","1514","8004  >  37130 [ACK] Seq=207254 Ack=141 Win=65024 Len=1448 TSval=2916043795 TSecr=3045563568 [TCP segment of a reassembled PDU]"
"77121","39.715325535","192.168.1.55","192.168.1.2","TCP","1514","8004  >  37130 [ACK] Seq=208702 Ack=141 Win=65024 Len=1448 TSval=2916043795 TSecr=3045563568 [TCP segment of a reassembled PDU]"
"77122","39.715326943","192.168.1.55","192.168.1.2","TCP","1514","8004  >  37130 [ACK] Seq=210150 Ack=141 Win=65024 Len=1448 TSval=2916043795 TSecr=3045563568 [TCP segment of a reassembled PDU]"
"77123","39.715328535","192.168.1.55","192.168.1.2","TCP","1514","8004  >  37130 [ACK] Seq=211598 Ack=141 Win=65024 Len=1448 TSval=2916043795 TSecr=3045563568 [TCP segment of a reassembled PDU]"
"77124","39.715329924","192.168.1.55","192.168.1.2","TCP","1514","8004  >  37130 [ACK] Seq=213046 Ack=141 Win=65024 Len=1448 TSval=2916043795 TSecr=3045563568 [TCP segment of a reassembled PDU]"
"77125","39.715331239","192.168.1.55","192.168.1.2","TCP","1514","8004  >  37130 [ACK] Seq=214494 Ack=141 Win=65024 Len=1448 TSval=2916043795 TSecr=3045563568 [TCP segment of a reassembled PDU]"
"77126","39.715332554","192.168.1.55","192.168.1.2","TCP","1514","8004  >  37130 [ACK] Seq=215942 Ack=141 Win=65024 Len=1448 TSval=2916043795 TSecr=3045563568 [TCP segment of a reassembled PDU]"
"77127","39.715334109","192.168.1.55","192.168.1.2","TCP","1514","8004  >  37130 [ACK] Seq=217390 Ack=141 Win=65024 Len=1448 TSval=2916043795 TSecr=3045563568 [TCP segment of a reassembled PDU]"
"77128","39.715335424","192.168.1.55","192.168.1.2","TCP","1514","8004  >  37130 [ACK] Seq=218838 Ack=141 Win=65024 Len=1448 TSval=2916043795 TSecr=3045563568 [TCP segment of a reassembled PDU]"
"77129","39.715336720","192.168.1.55","192.168.1.2","TCP","1514","8004  >  37130 [ACK] Seq=220286 Ack=141 Win=65024 Len=1448 TSval=2916043795 TSecr=3045563568 [TCP segment of a reassembled PDU]"
"77130","39.715337943","192.168.1.55","192.168.1.2","TCP","1514","8004  >  37130 [ACK] Seq=221734 Ack=141 Win=65024 Len=1448 TSval=2916043795 TSecr=3045563568 [TCP segment of a reassembled PDU]"
"77131","39.715339387","192.168.1.55","192.168.1.2","TCP","1514","8004  >  37130 [ACK] Seq=223182 Ack=141 Win=65024 Len=1448 TSval=2916043795 TSecr=3045563568 [TCP segment of a reassembled PDU]"
"77132","39.715340720","192.168.1.55","192.168.1.2","TCP","1514","8004  >  37130 [ACK] Seq=224630 Ack=141 Win=65024 Len=1448 TSval=2916043795 TSecr=3045563568 [TCP segment of a reassembled PDU]"
"77133","39.715342128","192.168.1.55","192.168.1.2","TCP","1514","8004  >  37130 [ACK] Seq=226078 Ack=141 Win=65024 Len=1448 TSval=2916043795 TSecr=3045563568 [TCP segment of a reassembled PDU]"
"77134","39.715343498","192.168.1.55","192.168.1.2","TCP","1514","8004  >  37130 [ACK] Seq=227526 Ack=141 Win=65024 Len=1448 TSval=2916043795 TSecr=3045563568 [TCP segment of a reassembled PDU]"
"77135","39.715344739","192.168.1.55","192.168.1.2","TCP","1514","8004  >  37130 [ACK] Seq=228974 Ack=141 Win=65024 Len=1448 TSval=2916043795 TSecr=3045563568 [TCP segment of a reassembled PDU]"
"77136","39.715345924","192.168.1.55","192.168.1.2","TCP","1514","8004  >  37130 [ACK] Seq=230422 Ack=141 Win=65024 Len=1448 TSval=2916043795 TSecr=3045563568 [TCP segment of a reassembled PDU]"
"77137","39.715347183","192.168.1.55","192.168.1.2","TCP","1514","8004  >  37130 [ACK] Seq=231870 Ack=141 Win=65024 Len=1448 TSval=2916043795 TSecr=3045563568 [TCP segment of a reassembled PDU]"
"77138","39.715348535","192.168.1.55","192.168.1.2","TCP","1514","8004  >  37130 [ACK] Seq=233318 Ack=141 Win=65024 Len=1448 TSval=2916043795 TSecr=3045563568 [TCP segment of a reassembled PDU]"
"77139","39.715349850","192.168.1.55","192.168.1.2","TCP","1514","8004  >  37130 [ACK] Seq=234766 Ack=141 Win=65024 Len=1448 TSval=2916043795 TSecr=3045563568 [TCP segment of a reassembled PDU]"
"77140","39.715351183","192.168.1.55","192.168.1.2","TCP","1514","8004  >  37130 [ACK] Seq=236214 Ack=141 Win=65024 Len=1448 TSval=2916043795 TSecr=3045563568 [TCP segment of a reassembled PDU]"
"77141","39.715352572","192.168.1.55","192.168.1.2","TCP","1514","8004  >  37130 [ACK] Seq=237662 Ack=141 Win=65024 Len=1448 TSval=2916043795 TSecr=3045563568 [TCP segment of a reassembled PDU]"
"77142","39.715353850","192.168.1.55","192.168.1.2","TCP","1514","8004  >  37130 [ACK] Seq=239110 Ack=141 Win=65024 Len=1448 TSval=2916043795 TSecr=3045563568 [TCP segment of a reassembled PDU]"
"77143","39.715355369","192.168.1.55","192.168.1.2","TCP","1514","8004  >  37130 [ACK] Seq=240558 Ack=141 Win=65024 Len=1448 TSval=2916043795 TSecr=3045563568 [TCP segment of a reassembled PDU]"
"77144","39.715356794","192.168.1.55","192.168.1.2","TCP","1514","8004  >  37130 [ACK] Seq=242006 Ack=141 Win=65024 Len=1448 TSval=2916043795 TSecr=3045563568 [TCP segment of a reassembled PDU]"
"77145","39.715358220","192.168.1.55","192.168.1.2","TCP","1514","8004  >  37130 [PSH, ACK] Seq=243454 Ack=141 Win=65024 Len=1448 TSval=2916043795 TSecr=3045563568 [TCP segment of a reassembled PDU]"
"77146","39.716586482","192.168.1.2","192.168.1.55","TCP","66","37130  >  8004 [ACK] Seq=141 Ack=155126 Win=100352 Len=0 TSval=3045563568 TSecr=2916043788"
"77147","39.716609389","192.168.1.55","192.168.1.2","TCP","1514","8004  >  37130 [ACK] Seq=244902 Ack=141 Win=65024 Len=1448 TSval=2916043797 TSecr=3045563568 [TCP segment of a reassembled PDU]"
"77148","39.716612130","192.168.1.55","192.168.1.2","TCP","1514","8004  >  37130 [ACK] Seq=246350 Ack=141 Win=65024 Len=1448 TSval=2916043797 TSecr=3045563568 [TCP segment of a reassembled PDU]"
"77149","39.716613445","192.168.1.55","192.168.1.2","TCP","1514","8004  >  37130 [ACK] Seq=247798 Ack=141 Win=65024 Len=1448 TSval=2916043797 TSecr=3045563568 [TCP segment of a reassembled PDU]"
"77150","39.716614667","192.168.1.55","192.168.1.2","TCP","1514","8004  >  37130 [ACK] Seq=249246 Ack=141 Win=65024 Len=1448 TSval=2916043797 TSecr=3045563568 [TCP segment of a reassembled PDU]"
"77151","39.716615945","192.168.1.55","192.168.1.2","TCP","1514","8004  >  37130 [ACK] Seq=250694 Ack=141 Win=65024 Len=1448 TSval=2916043797 TSecr=3045563568 [TCP segment of a reassembled PDU]"
"77152","39.716617259","192.168.1.55","192.168.1.2","TCP","1514","8004  >  37130 [ACK] Seq=252142 Ack=141 Win=65024 Len=1448 TSval=2916043797 TSecr=3045563568 [TCP segment of a reassembled PDU]"
"77153","39.716618500","192.168.1.55","192.168.1.2","TCP","1514","8004  >  37130 [ACK] Seq=253590 Ack=141 Win=65024 Len=1448 TSval=2916043797 TSecr=3045563568 [TCP segment of a reassembled PDU]"
"77154","39.716619852","192.168.1.55","192.168.1.2","TCP","506","[TCP Window Full] 8004  >  37130 [PSH, ACK] Seq=255038 Ack=141 Win=65024 Len=440 TSval=2916043797 TSecr=3045563568 [TCP segment of a reassembled PDU]"
"77155","39.716624926","192.168.1.2","192.168.1.55","TCP","66","37130  >  8004 [ACK] Seq=141 Ack=179742 Win=82944 Len=0 TSval=3045563568 TSecr=2916043788"
"77156","39.716631500","192.168.1.2","192.168.1.55","TCP","66","37130  >  8004 [ACK] Seq=141 Ack=188430 Win=97280 Len=0 TSval=3045563569 TSecr=2916043788"
"77157","39.716636722","192.168.1.2","192.168.1.55","TCP","66","37130  >  8004 [ACK] Seq=141 Ack=192774 Win=93184 Len=0 TSval=3045563569 TSecr=2916043790"
"77158","39.719251356","192.168.1.2","192.168.1.55","TCP","66","37130  >  8004 [ACK] Seq=141 Ack=198566 Win=98304 Len=0 TSval=3045563570 TSecr=2916043792"
"77159","39.719281986","192.168.1.55","192.168.1.2","TCP","1514","8004  >  37130 [ACK] Seq=255478 Ack=141 Win=65024 Len=1448 TSval=2916043799 TSecr=3045563570 [TCP segment of a reassembled PDU]"
"77160","39.719284356","192.168.1.55","192.168.1.2","TCP","1514","8004  >  37130 [ACK] Seq=256926 Ack=141 Win=65024 Len=1448 TSval=2916043799 TSecr=3045563570 [TCP segment of a reassembled PDU]"
"77161","39.719285412","192.168.1.55","192.168.1.2","TCP","1514","8004  >  37130 [ACK] Seq=258374 Ack=141 Win=65024 Len=1448 TSval=2916043799 TSecr=3045563570 [TCP segment of a reassembled PDU]"
"77162","39.719286375","192.168.1.55","192.168.1.2","TCP","1514","8004  >  37130 [ACK] Seq=259822 Ack=141 Win=65024 Len=1448 TSval=2916043799 TSecr=3045563570 [TCP segment of a reassembled PDU]"
"77163","39.719287319","192.168.1.55","192.168.1.2","TCP","1514","8004  >  37130 [ACK] Seq=261270 Ack=141 Win=65024 Len=1448 TSval=2916043799 TSecr=3045563570 [TCP segment of a reassembled PDU]"
"77164","39.719288301","192.168.1.55","192.168.1.2","TCP","1514","8004  >  37130 [ACK] Seq=262718 Ack=141 Win=65024 Len=1448 TSval=2916043799 TSecr=3045563570 [TCP segment of a reassembled PDU]"
"77165","39.719289764","192.168.1.55","192.168.1.2","TCP","1514","8004  >  37130 [ACK] Seq=264166 Ack=141 Win=65024 Len=1448 TSval=2916043799 TSecr=3045563570 [TCP segment of a reassembled PDU]"
"77166","39.719290690","192.168.1.55","192.168.1.2","TCP","1514","8004  >  37130 [ACK] Seq=265614 Ack=141 Win=65024 Len=1448 TSval=2916043799 TSecr=3045563570 [TCP segment of a reassembled PDU]"
"77167","39.719294801","192.168.1.55","192.168.1.2","TCP","1514","8004  >  37130 [ACK] Seq=267062 Ack=141 Win=65024 Len=1448 TSval=2916043799 TSecr=3045563570 [TCP segment of a reassembled PDU]"
"77168","39.719296079","192.168.1.55","192.168.1.2","TCP","1514","8004  >  37130 [ACK] Seq=268510 Ack=141 Win=65024 Len=1448 TSval=2916043799 TSecr=3045563570 [TCP segment of a reassembled PDU]"
"77169","39.719297153","192.168.1.55","192.168.1.2","TCP","1514","8004  >  37130 [ACK] Seq=269958 Ack=141 Win=65024 Len=1448 TSval=2916043799 TSecr=3045563570 [TCP segment of a reassembled PDU]"
"77170","39.719298190","192.168.1.55","192.168.1.2","TCP","1514","8004  >  37130 [ACK] Seq=271406 Ack=141 Win=65024 Len=1448 TSval=2916043799 TSecr=3045563570 [TCP segment of a reassembled PDU]"
"77171","39.719299338","192.168.1.55","192.168.1.2","TCP","1514","8004  >  37130 [ACK] Seq=272854 Ack=141 Win=65024 Len=1448 TSval=2916043799 TSecr=3045563570 [TCP segment of a reassembled PDU]"
"77172","39.719300282","192.168.1.55","192.168.1.2","TCP","1514","8004  >  37130 [ACK] Seq=274302 Ack=141 Win=65024 Len=1448 TSval=2916043799 TSecr=3045563570 [TCP segment of a reassembled PDU]"
"77173","39.719301171","192.168.1.55","192.168.1.2","TCP","1514","8004  >  37130 [ACK] Seq=275750 Ack=141 Win=65024 Len=1448 TSval=2916043799 TSecr=3045563570 [TCP segment of a reassembled PDU]"
"77174","39.719302171","192.168.1.55","192.168.1.2","TCP","1514","8004  >  37130 [ACK] Seq=277198 Ack=141 Win=65024 Len=1448 TSval=2916043799 TSecr=3045563570 [TCP segment of a reassembled PDU]"
"77175","39.719303190","192.168.1.55","192.168.1.2","TCP","1514","8004  >  37130 [ACK] Seq=278646 Ack=141 Win=65024 Len=1448 TSval=2916043799 TSecr=3045563570 [TCP segment of a reassembled PDU]"
"77176","39.719304597","192.168.1.55","192.168.1.2","TCP","1514","8004  >  37130 [ACK] Seq=280094 Ack=141 Win=65024 Len=1448 TSval=2916043799 TSecr=3045563570 [TCP segment of a reassembled PDU]"
"77177","39.719305727","192.168.1.55","192.168.1.2","TCP","1514","8004  >  37130 [ACK] Seq=281542 Ack=141 Win=65024 Len=1448 TSval=2916043799 TSecr=3045563570 [TCP segment of a reassembled PDU]"
"77178","39.719307005","192.168.1.55","192.168.1.2","TCP","1514","8004  >  37130 [ACK] Seq=282990 Ack=141 Win=65024 Len=1448 TSval=2916043799 TSecr=3045563570 [TCP segment of a reassembled PDU]"
"77179","39.719308005","192.168.1.55","192.168.1.2","TCP","1514","8004  >  37130 [ACK] Seq=284438 Ack=141 Win=65024 Len=1448 TSval=2916043799 TSecr=3045563570 [TCP segment of a reassembled PDU]"
"77180","39.719308986","192.168.1.55","192.168.1.2","TCP","1514","8004  >  37130 [ACK] Seq=285886 Ack=141 Win=65024 Len=1448 TSval=2916043799 TSecr=3045563570 [TCP segment of a reassembled PDU]"
"77181","39.719309968","192.168.1.55","192.168.1.2","TCP","1514","8004  >  37130 [PSH, ACK] Seq=287334 Ack=141 Win=65024 Len=1448 TSval=2916043799 TSecr=3045563570 [TCP segment of a reassembled PDU]"
"77182","39.719315745","192.168.1.55","192.168.1.2","TCP","1074","8004  >  37130 [ACK] Seq=288782 Ack=141 Win=65024 Len=1008 TSval=2916043799 TSecr=3045563570 [TCP segment of a reassembled PDU]"
"77183","39.719353227","192.168.1.2","192.168.1.55","TCP","66","37130  >  8004 [ACK] Seq=141 Ack=200014 Win=103424 Len=0 TSval=3045563571 TSecr=2916043792"
"77184","39.722598454","192.168.1.2","192.168.1.55","TCP","66","37130  >  8004 [ACK] Seq=141 Ack=244902 Win=62464 Len=0 TSval=3045563575 TSecr=2916043795"
"77185","39.722694399","192.168.1.55","192.168.1.2","TCP","1514","8004  >  37130 [ACK] Seq=289790 Ack=141 Win=65024 Len=1448 TSval=2916043803 TSecr=3045563575 [TCP segment of a reassembled PDU]"
"77186","39.722702066","192.168.1.55","192.168.1.2","TCP","1514","8004  >  37130 [ACK] Seq=291238 Ack=141 Win=65024 Len=1448 TSval=2916043803 TSecr=3045563575 [TCP segment of a reassembled PDU]"
"77187","39.722703325","192.168.1.55","192.168.1.2","TCP","1514","8004  >  37130 [ACK] Seq=292686 Ack=141 Win=65024 Len=1448 TSval=2916043803 TSecr=3045563575 [TCP segment of a reassembled PDU]"
"77188","39.722705084","192.168.1.55","192.168.1.2","TCP","1514","8004  >  37130 [ACK] Seq=294134 Ack=141 Win=65024 Len=1448 TSval=2916043803 TSecr=3045563575 [TCP segment of a reassembled PDU]"
"77189","39.722707010","192.168.1.55","192.168.1.2","TCP","1514","8004  >  37130 [ACK] Seq=295582 Ack=141 Win=65024 Len=1448 TSval=2916043803 TSecr=3045563575 [TCP segment of a reassembled PDU]"
"77190","39.722709621","192.168.1.55","192.168.1.2","TCP","1514","8004  >  37130 [ACK] Seq=297030 Ack=141 Win=65024 Len=1448 TSval=2916043803 TSecr=3045563575 [TCP segment of a reassembled PDU]"
"77191","39.722711288","192.168.1.55","192.168.1.2","TCP","1514","8004  >  37130 [ACK] Seq=298478 Ack=141 Win=65024 Len=1448 TSval=2916043803 TSecr=3045563575 [TCP segment of a reassembled PDU]"
"77192","39.722713177","192.168.1.55","192.168.1.2","TCP","1514","8004  >  37130 [ACK] Seq=299926 Ack=141 Win=65024 Len=1448 TSval=2916043803 TSecr=3045563575 [TCP segment of a reassembled PDU]"
"77193","39.722716269","192.168.1.55","192.168.1.2","TCP","1514","8004  >  37130 [ACK] Seq=301374 Ack=141 Win=65024 Len=1448 TSval=2916043803 TSecr=3045563575 [TCP segment of a reassembled PDU]"
"77194","39.722718381","192.168.1.55","192.168.1.2","TCP","1514","8004  >  37130 [ACK] Seq=302822 Ack=141 Win=65024 Len=1448 TSval=2916043803 TSecr=3045563575 [TCP segment of a reassembled PDU]"
"77195","39.722719825","192.168.1.55","192.168.1.2","TCP","1514","8004  >  37130 [ACK] Seq=304270 Ack=141 Win=65024 Len=1448 TSval=2916043803 TSecr=3045563575 [TCP segment of a reassembled PDU]"
"77196","39.722721232","192.168.1.55","192.168.1.2","TCP","1514","8004  >  37130 [PSH, ACK] Seq=305718 Ack=141 Win=65024 Len=1448 TSval=2916043803 TSecr=3045563575 [TCP segment of a reassembled PDU]"
"77197","39.722837992","192.168.1.2","192.168.1.55","TCP","66","37130  >  8004 [ACK] Seq=141 Ack=255478 Win=52224 Len=0 TSval=3045563575 TSecr=2916043797"
"77198","39.722857344","192.168.1.2","192.168.1.55","TCP","66","37130  >  8004 [ACK] Seq=141 Ack=281542 Win=77824 Len=0 TSval=3045563578 TSecr=2916043799"
"77199","39.722931714","192.168.1.55","192.168.1.2","TCP","1514","8004  >  37130 [ACK] Seq=307166 Ack=141 Win=65024 Len=1448 TSval=2916043803 TSecr=3045563578 [TCP segment of a reassembled PDU]"
"77200","39.722940029","192.168.1.55","192.168.1.2","TCP","1514","8004  >  37130 [ACK] Seq=308614 Ack=141 Win=65024 Len=1448 TSval=2916043803 TSecr=3045563578 [TCP segment of a reassembled PDU]"
"77201","39.722941936","192.168.1.55","192.168.1.2","TCP","1514","8004  >  37130 [ACK] Seq=310062 Ack=141 Win=65024 Len=1448 TSval=2916043803 TSecr=3045563578 [TCP segment of a reassembled PDU]"
"77202","39.722943862","192.168.1.55","192.168.1.2","TCP","1514","8004  >  37130 [ACK] Seq=311510 Ack=141 Win=65024 Len=1448 TSval=2916043803 TSecr=3045563578 [TCP segment of a reassembled PDU]"
"77203","39.722945492","192.168.1.55","192.168.1.2","TCP","1514","8004  >  37130 [ACK] Seq=312958 Ack=141 Win=65024 Len=1448 TSval=2916043803 TSecr=3045563578 [TCP segment of a reassembled PDU]"
"77204","39.722947659","192.168.1.55","192.168.1.2","TCP","1514","8004  >  37130 [ACK] Seq=314406 Ack=141 Win=65024 Len=1448 TSval=2916043803 TSecr=3045563578 [TCP segment of a reassembled PDU]"
"77205","39.722949770","192.168.1.55","192.168.1.2","TCP","1514","8004  >  37130 [ACK] Seq=315854 Ack=141 Win=65024 Len=1448 TSval=2916043803 TSecr=3045563578 [TCP segment of a reassembled PDU]"
"77206","39.722952399","192.168.1.55","192.168.1.2","TCP","1514","8004  >  37130 [ACK] Seq=317302 Ack=141 Win=65024 Len=1448 TSval=2916043803 TSecr=3045563578 [TCP segment of a reassembled PDU]"
"77207","39.722953788","192.168.1.55","192.168.1.2","TCP","1514","8004  >  37130 [ACK] Seq=318750 Ack=141 Win=65024 Len=1448 TSval=2916043803 TSecr=3045563578 [TCP segment of a reassembled PDU]"
"77208","39.722955918","192.168.1.55","192.168.1.2","TCP","1514","8004  >  37130 [ACK] Seq=320198 Ack=141 Win=65024 Len=1448 TSval=2916043803 TSecr=3045563578 [TCP segment of a reassembled PDU]"
"77209","39.722958492","192.168.1.55","192.168.1.2","TCP","1514","8004  >  37130 [ACK] Seq=321646 Ack=141 Win=65024 Len=1448 TSval=2916043803 TSecr=3045563578 [TCP segment of a reassembled PDU]"
"77210","39.722961455","192.168.1.55","192.168.1.2","TCP","1514","8004  >  37130 [ACK] Seq=323094 Ack=141 Win=65024 Len=1448 TSval=2916043803 TSecr=3045563578 [TCP segment of a reassembled PDU]"
"77211","39.722964770","192.168.1.55","192.168.1.2","TCP","1514","8004  >  37130 [ACK] Seq=324542 Ack=141 Win=65024 Len=1448 TSval=2916043803 TSecr=3045563578 [TCP segment of a reassembled PDU]"
"77212","39.722966918","192.168.1.55","192.168.1.2","TCP","1514","8004  >  37130 [ACK] Seq=325990 Ack=141 Win=65024 Len=1448 TSval=2916043803 TSecr=3045563578 [TCP segment of a reassembled PDU]"
"77213","39.722968492","192.168.1.55","192.168.1.2","TCP","1514","8004  >  37130 [ACK] Seq=327438 Ack=141 Win=65024 Len=1448 TSval=2916043803 TSecr=3045563578 [TCP segment of a reassembled PDU]"
"77214","39.722971196","192.168.1.55","192.168.1.2","TCP","1514","8004  >  37130 [ACK] Seq=328886 Ack=141 Win=65024 Len=1448 TSval=2916043803 TSecr=3045563578 [TCP segment of a reassembled PDU]"
"77215","39.722973418","192.168.1.55","192.168.1.2","TCP","1514","8004  >  37130 [ACK] Seq=330334 Ack=141 Win=65024 Len=1448 TSval=2916043803 TSecr=3045563578 [TCP segment of a reassembled PDU]"
"77216","39.722975714","192.168.1.55","192.168.1.2","TCP","1514","8004  >  37130 [ACK] Seq=331782 Ack=141 Win=65024 Len=1448 TSval=2916043803 TSecr=3045563578 [TCP segment of a reassembled PDU]"
"77217","39.722977918","192.168.1.55","192.168.1.2","TCP","1514","8004  >  37130 [PSH, ACK] Seq=333230 Ack=141 Win=65024 Len=1448 TSval=2916043803 TSecr=3045563578 [TCP segment of a reassembled PDU]"
"77218","39.725954682","192.168.1.2","192.168.1.55","TCP","66","37130  >  8004 [ACK] Seq=141 Ack=288782 Win=98304 Len=0 TSval=3045563579 TSecr=2916043799"
"77219","39.726032905","192.168.1.55","192.168.1.2","TCP","1514","8004  >  37130 [ACK] Seq=334678 Ack=141 Win=65024 Len=1448 TSval=2916043806 TSecr=3045563579 [TCP segment of a reassembled PDU]"
"77220","39.726037460","192.168.1.55","192.168.1.2","TCP","1514","8004  >  37130 [ACK] Seq=336126 Ack=141 Win=65024 Len=1448 TSval=2916043806 TSecr=3045563579 [TCP segment of a reassembled PDU]"
"77221","39.726039293","192.168.1.55","192.168.1.2","TCP","1514","8004  >  37130 [ACK] Seq=337574 Ack=141 Win=65024 Len=1448 TSval=2916043806 TSecr=3045563579 [TCP segment of a reassembled PDU]"
"77222","39.726042090","192.168.1.55","192.168.1.2","TCP","1514","8004  >  37130 [ACK] Seq=339022 Ack=141 Win=65024 Len=1448 TSval=2916043806 TSecr=3045563579 [TCP segment of a reassembled PDU]"
"77223","39.726044034","192.168.1.55","192.168.1.2","TCP","1514","8004  >  37130 [ACK] Seq=340470 Ack=141 Win=65024 Len=1448 TSval=2916043806 TSecr=3045563579 [TCP segment of a reassembled PDU]"
"77224","39.726046460","192.168.1.55","192.168.1.2","TCP","1514","8004  >  37130 [ACK] Seq=341918 Ack=141 Win=65024 Len=1448 TSval=2916043806 TSecr=3045563579 [TCP segment of a reassembled PDU]"
"77225","39.726048367","192.168.1.55","192.168.1.2","TCP","1514","8004  >  37130 [ACK] Seq=343366 Ack=141 Win=65024 Len=1448 TSval=2916043806 TSecr=3045563579 [TCP segment of a reassembled PDU]"
"77226","39.726050664","192.168.1.55","192.168.1.2","TCP","1514","8004  >  37130 [ACK] Seq=344814 Ack=141 Win=65024 Len=1448 TSval=2916043806 TSecr=3045563579 [TCP segment of a reassembled PDU]"
"77227","39.726052386","192.168.1.55","192.168.1.2","TCP","1514","8004  >  37130 [ACK] Seq=346262 Ack=141 Win=65024 Len=1448 TSval=2916043806 TSecr=3045563579 [TCP segment of a reassembled PDU]"
"77228","39.726053812","192.168.1.55","192.168.1.2","TCP","1514","8004  >  37130 [ACK] Seq=347710 Ack=141 Win=65024 Len=1448 TSval=2916043806 TSecr=3045563579 [TCP segment of a reassembled PDU]"
"77229","39.726055571","192.168.1.55","192.168.1.2","TCP","1514","8004  >  37130 [ACK] Seq=349158 Ack=141 Win=65024 Len=1448 TSval=2916043806 TSecr=3045563579 [TCP segment of a reassembled PDU]"
"77230","39.726058256","192.168.1.55","192.168.1.2","TCP","1514","8004  >  37130 [ACK] Seq=350606 Ack=141 Win=65024 Len=1448 TSval=2916043806 TSecr=3045563579 [TCP segment of a reassembled PDU]"
"77231","39.726059534","192.168.1.55","192.168.1.2","TCP","1514","8004  >  37130 [ACK] Seq=352054 Ack=141 Win=65024 Len=1448 TSval=2916043806 TSecr=3045563579 [TCP segment of a reassembled PDU]"
"77232","39.726060868","192.168.1.55","192.168.1.2","TCP","1514","8004  >  37130 [ACK] Seq=353502 Ack=141 Win=65024 Len=1448 TSval=2916043806 TSecr=3045563579 [TCP segment of a reassembled PDU]"
"77233","39.726062775","192.168.1.55","192.168.1.2","TCP","1514","8004  >  37130 [ACK] Seq=354950 Ack=141 Win=65024 Len=1448 TSval=2916043806 TSecr=3045563579 [TCP segment of a reassembled PDU]"
"77234","39.726064405","192.168.1.55","192.168.1.2","TCP","1514","8004  >  37130 [ACK] Seq=356398 Ack=141 Win=65024 Len=1448 TSval=2916043806 TSecr=3045563579 [TCP segment of a reassembled PDU]"
"77235","39.726082645","192.168.1.55","192.168.1.2","TCP","1514","8004  >  37130 [ACK] Seq=357846 Ack=141 Win=65024 Len=1448 TSval=2916043806 TSecr=3045563579 [TCP segment of a reassembled PDU]"
"77236","39.726085293","192.168.1.55","192.168.1.2","TCP","1514","8004  >  37130 [ACK] Seq=359294 Ack=141 Win=65024 Len=1448 TSval=2916043806 TSecr=3045563579 [TCP segment of a reassembled PDU]"
"77237","39.726087812","192.168.1.55","192.168.1.2","TCP","1514","8004  >  37130 [ACK] Seq=360742 Ack=141 Win=65024 Len=1448 TSval=2916043806 TSecr=3045563579 [TCP segment of a reassembled PDU]"
"77238","39.726089756","192.168.1.55","192.168.1.2","TCP","1514","8004  >  37130 [ACK] Seq=362190 Ack=141 Win=65024 Len=1448 TSval=2916043806 TSecr=3045563579 [TCP segment of a reassembled PDU]"
"77239","39.726091627","192.168.1.55","192.168.1.2","TCP","1514","8004  >  37130 [ACK] Seq=363638 Ack=141 Win=65024 Len=1448 TSval=2916043806 TSecr=3045563579 [TCP segment of a reassembled PDU]"
"77240","39.726093497","192.168.1.55","192.168.1.2","TCP","1514","8004  >  37130 [ACK] Seq=365086 Ack=141 Win=65024 Len=1448 TSval=2916043806 TSecr=3045563579 [TCP segment of a reassembled PDU]"
"77241","39.726094923","192.168.1.55","192.168.1.2","TCP","1514","8004  >  37130 [ACK] Seq=366534 Ack=141 Win=65024 Len=1448 TSval=2916043806 TSecr=3045563579 [TCP segment of a reassembled PDU]"
"77242","39.726096849","192.168.1.55","192.168.1.2","TCP","1514","8004  >  37130 [ACK] Seq=367982 Ack=141 Win=65024 Len=1448 TSval=2916043806 TSecr=3045563579 [TCP segment of a reassembled PDU]"
"77243","39.726098108","192.168.1.55","192.168.1.2","TCP","1514","8004  >  37130 [ACK] Seq=369430 Ack=141 Win=65024 Len=1448 TSval=2916043806 TSecr=3045563579 [TCP segment of a reassembled PDU]"
"77244","39.726099053","192.168.1.55","192.168.1.2","TCP","1514","8004  >  37130 [ACK] Seq=370878 Ack=141 Win=65024 Len=1448 TSval=2916043806 TSecr=3045563579 [TCP segment of a reassembled PDU]"
"77245","39.726100145","192.168.1.55","192.168.1.2","TCP","1514","8004  >  37130 [ACK] Seq=372326 Ack=141 Win=65024 Len=1448 TSval=2916043806 TSecr=3045563579 [TCP segment of a reassembled PDU]"
"77246","39.726101405","192.168.1.55","192.168.1.2","TCP","1514","8004  >  37130 [ACK] Seq=373774 Ack=141 Win=65024 Len=1448 TSval=2916043806 TSecr=3045563579 [TCP segment of a reassembled PDU]"
"77247","39.726103034","192.168.1.55","192.168.1.2","TCP","1514","8004  >  37130 [ACK] Seq=375222 Ack=141 Win=65024 Len=1448 TSval=2916043806 TSecr=3045563579 [TCP segment of a reassembled PDU]"
"77248","39.726106090","192.168.1.55","192.168.1.2","TCP","1514","8004  >  37130 [ACK] Seq=376670 Ack=141 Win=65024 Len=1448 TSval=2916043806 TSecr=3045563579 [TCP segment of a reassembled PDU]"
"77249","39.726107831","192.168.1.55","192.168.1.2","TCP","1514","8004  >  37130 [PSH, ACK] Seq=378118 Ack=141 Win=65024 Len=1448 TSval=2916043806 TSecr=3045563579 [TCP segment of a reassembled PDU]"
"77250","39.726152016","192.168.1.2","192.168.1.55","TCP","66","37130  >  8004 [ACK] Seq=141 Ack=289790 Win=103424 Len=0 TSval=3045563579 TSecr=2916043799"
"77251","39.727371073","192.168.1.2","192.168.1.55","TCP","66","37130  >  8004 [ACK] Seq=141 Ack=307166 Win=103424 Len=0 TSval=3045563582 TSecr=2916043803"
"77252","39.727405277","192.168.1.55","192.168.1.2","TCP","1514","8004  >  37130 [ACK] Seq=379566 Ack=141 Win=65024 Len=1448 TSval=2916043808 TSecr=3045563582 [TCP segment of a reassembled PDU]"
"77253","39.727407925","192.168.1.55","192.168.1.2","TCP","1514","8004  >  37130 [ACK] Seq=381014 Ack=141 Win=65024 Len=1448 TSval=2916043808 TSecr=3045563582 [TCP segment of a reassembled PDU]"
"77254","39.727409073","192.168.1.55","192.168.1.2","TCP","1514","8004  >  37130 [ACK] Seq=382462 Ack=141 Win=65024 Len=1448 TSval=2916043808 TSecr=3045563582 [TCP segment of a reassembled PDU]"
"77255","39.727410240","192.168.1.55","192.168.1.2","TCP","1514","8004  >  37130 [ACK] Seq=383910 Ack=141 Win=65024 Len=1448 TSval=2916043808 TSecr=3045563582 [TCP segment of a reassembled PDU]"
"77256","39.727411370","192.168.1.55","192.168.1.2","TCP","1514","8004  >  37130 [ACK] Seq=385358 Ack=141 Win=65024 Len=1448 TSval=2916043808 TSecr=3045563582 [TCP segment of a reassembled PDU]"
"77257","39.727412351","192.168.1.55","192.168.1.2","TCP","1514","8004  >  37130 [ACK] Seq=386806 Ack=141 Win=65024 Len=1448 TSval=2916043808 TSecr=3045563582 [TCP segment of a reassembled PDU]"
"77258","39.727413222","192.168.1.55","192.168.1.2","TCP","1514","8004  >  37130 [ACK] Seq=388254 Ack=141 Win=65024 Len=1448 TSval=2916043808 TSecr=3045563582 [TCP segment of a reassembled PDU]"
"77259","39.727414314","192.168.1.55","192.168.1.2","TCP","1514","8004  >  37130 [ACK] Seq=389702 Ack=141 Win=65024 Len=1448 TSval=2916043808 TSecr=3045563582 [TCP segment of a reassembled PDU]"
"77260","39.727415314","192.168.1.55","192.168.1.2","TCP","1514","8004  >  37130 [ACK] Seq=391150 Ack=141 Win=65024 Len=1448 TSval=2916043808 TSecr=3045563582 [TCP segment of a reassembled PDU]"
"77261","39.727416610","192.168.1.55","192.168.1.2","TCP","1514","8004  >  37130 [ACK] Seq=392598 Ack=141 Win=65024 Len=1448 TSval=2916043808 TSecr=3045563582 [TCP segment of a reassembled PDU]"
"77262","39.727417870","192.168.1.55","192.168.1.2","TCP","1514","8004  >  37130 [ACK] Seq=394046 Ack=141 Win=65024 Len=1448 TSval=2916043808 TSecr=3045563582 [TCP segment of a reassembled PDU]"
"77263","39.727418944","192.168.1.55","192.168.1.2","TCP","1514","8004  >  37130 [ACK] Seq=395494 Ack=141 Win=65024 Len=1448 TSval=2916043808 TSecr=3045563582 [TCP segment of a reassembled PDU]"
"77264","39.727420055","192.168.1.55","192.168.1.2","TCP","1514","8004  >  37130 [ACK] Seq=396942 Ack=141 Win=65024 Len=1448 TSval=2916043808 TSecr=3045563582 [TCP segment of a reassembled PDU]"
"77265","39.727421129","192.168.1.55","192.168.1.2","TCP","1514","8004  >  37130 [ACK] Seq=398390 Ack=141 Win=65024 Len=1448 TSval=2916043808 TSecr=3045563582 [TCP segment of a reassembled PDU]"
"77266","39.727422036","192.168.1.55","192.168.1.2","TCP","1514","8004  >  37130 [ACK] Seq=399838 Ack=141 Win=65024 Len=1448 TSval=2916043808 TSecr=3045563582 [TCP segment of a reassembled PDU]"
"77267","39.727423203","192.168.1.55","192.168.1.2","TCP","1514","8004  >  37130 [ACK] Seq=401286 Ack=141 Win=65024 Len=1448 TSval=2916043808 TSecr=3045563582 [TCP segment of a reassembled PDU]"
"77268","39.727424148","192.168.1.55","192.168.1.2","TCP","1514","8004  >  37130 [ACK] Seq=402734 Ack=141 Win=65024 Len=1448 TSval=2916043808 TSecr=3045563582 [TCP segment of a reassembled PDU]"
"77269","39.727425203","192.168.1.55","192.168.1.2","TCP","1514","8004  >  37130 [ACK] Seq=404182 Ack=141 Win=65024 Len=1448 TSval=2916043808 TSecr=3045563582 [TCP segment of a reassembled PDU]"
"77270","39.727426296","192.168.1.55","192.168.1.2","TCP","1514","8004  >  37130 [ACK] Seq=405630 Ack=141 Win=65024 Len=1448 TSval=2916043808 TSecr=3045563582 [TCP segment of a reassembled PDU]"
"77271","39.727427573","192.168.1.55","192.168.1.2","TCP","1514","8004  >  37130 [ACK] Seq=407078 Ack=141 Win=65024 Len=1448 TSval=2916043808 TSecr=3045563582 [TCP segment of a reassembled PDU]"
"77272","39.727428610","192.168.1.55","192.168.1.2","TCP","1514","8004  >  37130 [ACK] Seq=408526 Ack=141 Win=65024 Len=1448 TSval=2916043808 TSecr=3045563582 [TCP segment of a reassembled PDU]"
"77273","39.727429833","192.168.1.55","192.168.1.2","TCP","682","[TCP Window Full] 8004  >  37130 [PSH, ACK] Seq=409974 Ack=141 Win=65024 Len=616 TSval=2916043808 TSecr=3045563582 [TCP segment of a reassembled PDU]"
"77274","39.727453907","192.168.1.2","192.168.1.55","TCP","66","37130  >  8004 [ACK] Seq=141 Ack=324542 Win=118784 Len=0 TSval=3045563582 TSecr=2916043803"
"77275","39.727473259","192.168.1.55","192.168.1.2","TCP","1514","8004  >  37130 [ACK] Seq=410590 Ack=141 Win=65024 Len=1448 TSval=2916043808 TSecr=3045563582 [TCP segment of a reassembled PDU]"
"77276","39.727474814","192.168.1.55","192.168.1.2","TCP","1514","8004  >  37130 [ACK] Seq=412038 Ack=141 Win=65024 Len=1448 TSval=2916043808 TSecr=3045563582 [TCP segment of a reassembled PDU]"
"77277","39.727476129","192.168.1.55","192.168.1.2","TCP","1514","8004  >  37130 [ACK] Seq=413486 Ack=141 Win=65024 Len=1448 TSval=2916043808 TSecr=3045563582 [TCP segment of a reassembled PDU]"
"77278","39.727477148","192.168.1.55","192.168.1.2","TCP","1514","8004  >  37130 [ACK] Seq=414934 Ack=141 Win=65024 Len=1448 TSval=2916043808 TSecr=3045563582 [TCP segment of a reassembled PDU]"
"77279","39.727478092","192.168.1.55","192.168.1.2","TCP","1514","8004  >  37130 [ACK] Seq=416382 Ack=141 Win=65024 Len=1448 TSval=2916043808 TSecr=3045563582 [TCP segment of a reassembled PDU]"
"77280","39.727479259","192.168.1.55","192.168.1.2","TCP","1514","8004  >  37130 [ACK] Seq=417830 Ack=141 Win=65024 Len=1448 TSval=2916043808 TSecr=3045563582 [TCP segment of a reassembled PDU]"
"77281","39.727480259","192.168.1.55","192.168.1.2","TCP","1514","8004  >  37130 [ACK] Seq=419278 Ack=141 Win=65024 Len=1448 TSval=2916043808 TSecr=3045563582 [TCP segment of a reassembled PDU]"
"77282","39.727481259","192.168.1.55","192.168.1.2","TCP","1514","8004  >  37130 [ACK] Seq=420726 Ack=141 Win=65024 Len=1448 TSval=2916043808 TSecr=3045563582 [TCP segment of a reassembled PDU]"
"77283","39.727482425","192.168.1.55","192.168.1.2","TCP","1514","8004  >  37130 [PSH, ACK] Seq=422174 Ack=141 Win=65024 Len=1448 TSval=2916043808 TSecr=3045563582 [TCP segment of a reassembled PDU]"
"77284","39.727488148","192.168.1.55","192.168.1.2","TCP","898","8004  >  37130 [ACK] Seq=423622 Ack=141 Win=65024 Len=832 TSval=2916043808 TSecr=3045563582 [TCP segment of a reassembled PDU]"
"77285","39.733789139","192.168.1.2","192.168.1.55","TCP","66","37130  >  8004 [ACK] Seq=141 Ack=334678 Win=139264 Len=0 TSval=3045563588 TSecr=2916043803"
"77286","39.733907362","192.168.1.55","192.168.1.2","TCP","1514","8004  >  37130 [ACK] Seq=424454 Ack=141 Win=65024 Len=1448 TSval=2916043814 TSecr=3045563588 [TCP segment of a reassembled PDU]"
"77287","39.733911380","192.168.1.55","192.168.1.2","TCP","1514","8004  >  37130 [ACK] Seq=425902 Ack=141 Win=65024 Len=1448 TSval=2916043814 TSecr=3045563588 [TCP segment of a reassembled PDU]"
"77288","39.733912325","192.168.1.55","192.168.1.2","TCP","1514","8004  >  37130 [ACK] Seq=427350 Ack=141 Win=65024 Len=1448 TSval=2916043814 TSecr=3045563588 [TCP segment of a reassembled PDU]"
"77289","39.733913288","192.168.1.55","192.168.1.2","TCP","1514","8004  >  37130 [ACK] Seq=428798 Ack=141 Win=65024 Len=1448 TSval=2916043814 TSecr=3045563588 [TCP segment of a reassembled PDU]"
"77290","39.733914417","192.168.1.55","192.168.1.2","TCP","1514","8004  >  37130 [ACK] Seq=430246 Ack=141 Win=65024 Len=1448 TSval=2916043814 TSecr=3045563588 [TCP segment of a reassembled PDU]"
"77291","39.733915547","192.168.1.55","192.168.1.2","TCP","1514","8004  >  37130 [ACK] Seq=431694 Ack=141 Win=65024 Len=1448 TSval=2916043814 TSecr=3045563588 [TCP segment of a reassembled PDU]"
"77292","39.733916603","192.168.1.55","192.168.1.2","TCP","1514","8004  >  37130 [ACK] Seq=433142 Ack=141 Win=65024 Len=1448 TSval=2916043814 TSecr=3045563588 [TCP segment of a reassembled PDU]"
"77293","39.733917584","192.168.1.55","192.168.1.2","TCP","1514","8004  >  37130 [ACK] Seq=434590 Ack=141 Win=65024 Len=1448 TSval=2916043814 TSecr=3045563588 [TCP segment of a reassembled PDU]"
"77294","39.733918491","192.168.1.55","192.168.1.2","TCP","1514","8004  >  37130 [ACK] Seq=436038 Ack=141 Win=65024 Len=1448 TSval=2916043814 TSecr=3045563588 [TCP segment of a reassembled PDU]"
"77295","39.733919566","192.168.1.55","192.168.1.2","TCP","1514","8004  >  37130 [ACK] Seq=437486 Ack=141 Win=65024 Len=1448 TSval=2916043814 TSecr=3045563588 [TCP segment of a reassembled PDU]"
"77296","39.733920603","192.168.1.55","192.168.1.2","TCP","1514","8004  >  37130 [ACK] Seq=438934 Ack=141 Win=65024 Len=1448 TSval=2916043814 TSecr=3045563588 [TCP segment of a reassembled PDU]"
"77297","39.733921621","192.168.1.55","192.168.1.2","TCP","1514","8004  >  37130 [ACK] Seq=440382 Ack=141 Win=65024 Len=1448 TSval=2916043814 TSecr=3045563588 [TCP segment of a reassembled PDU]"
"77298","39.733922732","192.168.1.55","192.168.1.2","TCP","1514","8004  >  37130 [ACK] Seq=441830 Ack=141 Win=65024 Len=1448 TSval=2916043814 TSecr=3045563588 [TCP segment of a reassembled PDU]"
"77299","39.733923825","192.168.1.55","192.168.1.2","TCP","1514","8004  >  37130 [ACK] Seq=443278 Ack=141 Win=65024 Len=1448 TSval=2916043814 TSecr=3045563588 [TCP segment of a reassembled PDU]"
"77300","39.733924936","192.168.1.55","192.168.1.2","TCP","1514","8004  >  37130 [ACK] Seq=444726 Ack=141 Win=65024 Len=1448 TSval=2916043814 TSecr=3045563588 [TCP segment of a reassembled PDU]"
"77301","39.733925899","192.168.1.55","192.168.1.2","TCP","1514","8004  >  37130 [ACK] Seq=446174 Ack=141 Win=65024 Len=1448 TSval=2916043814 TSecr=3045563588 [TCP segment of a reassembled PDU]"
"77302","39.733926973","192.168.1.55","192.168.1.2","TCP","1514","8004  >  37130 [ACK] Seq=447622 Ack=141 Win=65024 Len=1448 TSval=2916043814 TSecr=3045563588 [TCP segment of a reassembled PDU]"
"77303","39.733928121","192.168.1.55","192.168.1.2","TCP","1514","8004  >  37130 [ACK] Seq=449070 Ack=141 Win=65024 Len=1448 TSval=2916043814 TSecr=3045563588 [TCP segment of a reassembled PDU]"
"77304","39.733929491","192.168.1.55","192.168.1.2","TCP","1514","8004  >  37130 [ACK] Seq=450518 Ack=141 Win=65024 Len=1448 TSval=2916043814 TSecr=3045563588 [TCP segment of a reassembled PDU]"
"77305","39.733930454","192.168.1.55","192.168.1.2","TCP","1514","8004  >  37130 [ACK] Seq=451966 Ack=141 Win=65024 Len=1448 TSval=2916043814 TSecr=3045563588 [TCP segment of a reassembled PDU]"
"77306","39.733931436","192.168.1.55","192.168.1.2","TCP","1514","8004  >  37130 [ACK] Seq=453414 Ack=141 Win=65024 Len=1448 TSval=2916043814 TSecr=3045563588 [TCP segment of a reassembled PDU]"
"77307","39.733932399","192.168.1.55","192.168.1.2","TCP","1514","8004  >  37130 [ACK] Seq=454862 Ack=141 Win=65024 Len=1448 TSval=2916043814 TSecr=3045563588 [TCP segment of a reassembled PDU]"
"77308","39.733933399","192.168.1.55","192.168.1.2","TCP","1514","8004  >  37130 [ACK] Seq=456310 Ack=141 Win=65024 Len=1448 TSval=2916043814 TSecr=3045563588 [TCP segment of a reassembled PDU]"
"77309","39.733934584","192.168.1.55","192.168.1.2","TCP","1514","8004  >  37130 [ACK] Seq=457758 Ack=141 Win=65024 Len=1448 TSval=2916043814 TSecr=3045563588 [TCP segment of a reassembled PDU]"
"77310","39.733935529","192.168.1.55","192.168.1.2","TCP","1514","8004  >  37130 [ACK] Seq=459206 Ack=141 Win=65024 Len=1448 TSval=2916043814 TSecr=3045563588 [TCP segment of a reassembled PDU]"
"77311","39.733936584","192.168.1.55","192.168.1.2","TCP","1514","8004  >  37130 [ACK] Seq=460654 Ack=141 Win=65024 Len=1448 TSval=2916043814 TSecr=3045563588 [TCP segment of a reassembled PDU]"
"77312","39.733937843","192.168.1.55","192.168.1.2","TCP","1514","8004  >  37130 [ACK] Seq=462102 Ack=141 Win=65024 Len=1448 TSval=2916043814 TSecr=3045563588 [TCP segment of a reassembled PDU]"
"77313","39.733938880","192.168.1.55","192.168.1.2","TCP","1514","8004  >  37130 [ACK] Seq=463550 Ack=141 Win=65024 Len=1448 TSval=2916043814 TSecr=3045563588 [TCP segment of a reassembled PDU]"
"77314","39.733939880","192.168.1.55","192.168.1.2","TCP","1514","8004  >  37130 [ACK] Seq=464998 Ack=141 Win=65024 Len=1448 TSval=2916043814 TSecr=3045563588 [TCP segment of a reassembled PDU]"
"77315","39.733941103","192.168.1.55","192.168.1.2","TCP","1514","8004  >  37130 [ACK] Seq=466446 Ack=141 Win=65024 Len=1448 TSval=2916043814 TSecr=3045563588 [TCP segment of a reassembled PDU]"
"77316","39.733942566","192.168.1.55","192.168.1.2","TCP","1514","8004  >  37130 [PSH, ACK] Seq=467894 Ack=141 Win=65024 Len=1448 TSval=2916043814 TSecr=3045563588 [TCP segment of a reassembled PDU]"
"77317","39.733998158","192.168.1.2","192.168.1.55","TCP","66","37130  >  8004 [ACK] Seq=141 Ack=379566 Win=112640 Len=0 TSval=3045563588 TSecr=2916043806"
"77318","39.734007788","192.168.1.2","192.168.1.55","TCP","66","37130  >  8004 [ACK] Seq=141 Ack=410590 Win=82944 Len=0 TSval=3045563588 TSecr=2916043808"
"77319","39.734012936","192.168.1.2","192.168.1.55","TCP","66","37130  >  8004 [ACK] Seq=141 Ack=414934 Win=78848 Len=0 TSval=3045563588 TSecr=2916043808"
"77320","39.735183771","192.168.1.2","192.168.1.55","TCP","66","37130  >  8004 [ACK] Seq=141 Ack=423622 Win=146432 Len=0 TSval=3045563589 TSecr=2916043808"
"77321","39.735309716","192.168.1.55","192.168.1.2","TCP","1514","8004  >  37130 [ACK] Seq=469342 Ack=141 Win=65024 Len=1448 TSval=2916043815 TSecr=3045563589 [TCP segment of a reassembled PDU]"
"77322","39.735321160","192.168.1.55","192.168.1.2","TCP","1514","8004  >  37130 [ACK] Seq=470790 Ack=141 Win=65024 Len=1448 TSval=2916043815 TSecr=3045563589 [TCP segment of a reassembled PDU]"
"77323","39.735323438","192.168.1.55","192.168.1.2","TCP","1514","8004  >  37130 [ACK] Seq=472238 Ack=141 Win=65024 Len=1448 TSval=2916043815 TSecr=3045563589 [TCP segment of a reassembled PDU]"
"77324","39.735324938","192.168.1.55","192.168.1.2","TCP","1514","8004  >  37130 [ACK] Seq=473686 Ack=141 Win=65024 Len=1448 TSval=2916043815 TSecr=3045563589 [TCP segment of a reassembled PDU]"
"77325","39.735327160","192.168.1.55","192.168.1.2","TCP","1514","8004  >  37130 [ACK] Seq=475134 Ack=141 Win=65024 Len=1448 TSval=2916043815 TSecr=3045563589 [TCP segment of a reassembled PDU]"
"77326","39.735328864","192.168.1.55","192.168.1.2","TCP","1514","8004  >  37130 [ACK] Seq=476582 Ack=141 Win=65024 Len=1448 TSval=2916043815 TSecr=3045563589 [TCP segment of a reassembled PDU]"
"77327","39.735331197","192.168.1.55","192.168.1.2","TCP","1514","8004  >  37130 [ACK] Seq=478030 Ack=141 Win=65024 Len=1448 TSval=2916043815 TSecr=3045563589 [TCP segment of a reassembled PDU]"
"77328","39.735332401","192.168.1.55","192.168.1.2","TCP","1514","8004  >  37130 [ACK] Seq=479478 Ack=141 Win=65024 Len=1448 TSval=2916043815 TSecr=3045563589 [TCP segment of a reassembled PDU]"
"77329","39.735335438","192.168.1.55","192.168.1.2","TCP","1514","8004  >  37130 [ACK] Seq=480926 Ack=141 Win=65024 Len=1448 TSval=2916043815 TSecr=3045563589 [TCP segment of a reassembled PDU]"
"77330","39.735338346","192.168.1.55","192.168.1.2","TCP","1514","8004  >  37130 [ACK] Seq=482374 Ack=141 Win=65024 Len=1448 TSval=2916043815 TSecr=3045563589 [TCP segment of a reassembled PDU]"
"77331","39.735340623","192.168.1.55","192.168.1.2","TCP","1514","8004  >  37130 [ACK] Seq=483822 Ack=141 Win=65024 Len=1448 TSval=2916043815 TSecr=3045563589 [TCP segment of a reassembled PDU]"
"77332","39.735343568","192.168.1.55","192.168.1.2","TCP","1514","8004  >  37130 [ACK] Seq=485270 Ack=141 Win=65024 Len=1448 TSval=2916043815 TSecr=3045563589 [TCP segment of a reassembled PDU]"
"77333","39.735344957","192.168.1.55","192.168.1.2","TCP","1514","8004  >  37130 [ACK] Seq=486718 Ack=141 Win=65024 Len=1448 TSval=2916043815 TSecr=3045563589 [TCP segment of a reassembled PDU]"
"77334","39.735346586","192.168.1.55","192.168.1.2","TCP","1514","8004  >  37130 [ACK] Seq=488166 Ack=141 Win=65024 Len=1448 TSval=2916043815 TSecr=3045563589 [TCP segment of a reassembled PDU]"
"77335","39.735347772","192.168.1.55","192.168.1.2","TCP","1514","8004  >  37130 [ACK] Seq=489614 Ack=141 Win=65024 Len=1448 TSval=2916043815 TSecr=3045563589 [TCP segment of a reassembled PDU]"
"77336","39.735350883","192.168.1.55","192.168.1.2","TCP","1514","8004  >  37130 [ACK] Seq=491062 Ack=141 Win=65024 Len=1448 TSval=2916043815 TSecr=3045563589 [TCP segment of a reassembled PDU]"
"77337","39.735353179","192.168.1.55","192.168.1.2","TCP","1514","8004  >  37130 [ACK] Seq=492510 Ack=141 Win=65024 Len=1448 TSval=2916043815 TSecr=3045563589 [TCP segment of a reassembled PDU]"
"77338","39.735355846","192.168.1.55","192.168.1.2","TCP","1514","8004  >  37130 [ACK] Seq=493958 Ack=141 Win=65024 Len=1448 TSval=2916043815 TSecr=3045563589 [TCP segment of a reassembled PDU]"
"77339","39.735358642","192.168.1.55","192.168.1.2","TCP","1514","8004  >  37130 [ACK] Seq=495406 Ack=141 Win=65024 Len=1448 TSval=2916043815 TSecr=3045563589 [TCP segment of a reassembled PDU]"
"77340","39.735365605","192.168.1.55","192.168.1.2","TCP","1514","8004  >  37130 [PSH, ACK] Seq=496854 Ack=141 Win=65024 Len=1448 TSval=2916043815 TSecr=3045563589 [TCP segment of a reassembled PDU]"
"77341","39.735395216","192.168.1.55","192.168.1.2","HTTP","1472","HTTP/1.0 200 OK  (PNG)"
"77342","39.735517179","192.168.1.2","192.168.1.55","TCP","66","37130  >  8004 [ACK] Seq=141 Ack=424454 Win=146432 Len=0 TSval=3045563590 TSecr=2916043808"
"77343","39.739454815","192.168.1.2","192.168.1.55","TCP","66","37130  >  8004 [ACK] Seq=141 Ack=462102 Win=116736 Len=0 TSval=3045563593 TSecr=2916043814"
"77344","39.740273354","192.168.1.2","192.168.1.55","TCP","66","37130  >  8004 [ACK] Seq=141 Ack=469342 Win=147456 Len=0 TSval=3045563595 TSecr=2916043814"
"77345","39.740362706","192.168.1.2","192.168.1.55","TCP","66","37130  >  8004 [ACK] Seq=141 Ack=498302 Win=118784 Len=0 TSval=3045563595 TSecr=2916043815"
"77346","39.741916375","192.168.1.2","192.168.1.55","TCP","66","37130  >  8004 [FIN, ACK] Seq=141 Ack=499709 Win=150528 Len=0 TSval=3045563596 TSecr=2916043815"
"77347","39.741946190","192.168.1.55","192.168.1.2","TCP","66","8004  >  37130 [ACK] Seq=499709 Ack=142 Win=65024 Len=0 TSval=2916043822 TSecr=3045563596"
"77348","39.741987208","192.168.1.2","192.168.1.55","TCP","74","37134  >  8004 [SYN] Seq=0 Win=64240 Len=0 MSS=1460 SACK_PERM TSval=3045563596 TSecr=0 WS=1024"
"77349","39.742020764","192.168.1.55","192.168.1.2","TCP","74","8004  >  37134 [SYN, ACK] Seq=0 Ack=1 Win=65160 Len=0 MSS=1460 SACK_PERM TSval=2916043822 TSecr=3045563596 WS=128"
"77350","39.745454899","192.168.1.2","192.168.1.55","TCP","66","37134  >  8004 [ACK] Seq=1 Ack=1 Win=64512 Len=0 TSval=3045563600 TSecr=2916043822"
"77351","39.746023474","192.168.1.2","192.168.1.55","HTTP","209","GET /original_benchmark.png HTTP/1.1 "
"77352","39.746046937","192.168.1.55","192.168.1.2","TCP","66","8004  >  37134 [ACK] Seq=1 Ack=144 Win=65024 Len=0 TSval=2916043826 TSecr=3045563600"
"77353","39.746778383","192.168.1.55","192.168.1.2","TCP","255","8004  >  37134 [PSH, ACK] Seq=1 Ack=144 Win=65024 Len=189 TSval=2916043827 TSecr=3045563600 [TCP segment of a reassembled PDU]"
"77354","39.746870976","192.168.1.55","192.168.1.2","TCP","1514","8004  >  37134 [ACK] Seq=190 Ack=144 Win=65024 Len=1448 TSval=2916043827 TSecr=3045563600 [TCP segment of a reassembled PDU]"
"77355","39.746875827","192.168.1.55","192.168.1.2","TCP","1514","8004  >  37134 [ACK] Seq=1638 Ack=144 Win=65024 Len=1448 TSval=2916043827 TSecr=3045563600 [TCP segment of a reassembled PDU]"
"77356","39.746876920","192.168.1.55","192.168.1.2","TCP","1514","8004  >  37134 [ACK] Seq=3086 Ack=144 Win=65024 Len=1448 TSval=2916043827 TSecr=3045563600 [TCP segment of a reassembled PDU]"
"77357","39.746877939","192.168.1.55","192.168.1.2","TCP","1514","8004  >  37134 [ACK] Seq=4534 Ack=144 Win=65024 Len=1448 TSval=2916043827 TSecr=3045563600 [TCP segment of a reassembled PDU]"
"77358","39.746878939","192.168.1.55","192.168.1.2","TCP","1514","8004  >  37134 [PSH, ACK] Seq=5982 Ack=144 Win=65024 Len=1448 TSval=2916043827 TSecr=3045563600 [TCP segment of a reassembled PDU]"
"77359","39.746900161","192.168.1.55","192.168.1.2","TCP","1514","8004  >  37134 [ACK] Seq=7430 Ack=144 Win=65024 Len=1448 TSval=2916043827 TSecr=3045563600 [TCP segment of a reassembled PDU]"
"77360","39.746902198","192.168.1.55","192.168.1.2","TCP","1514","8004  >  37134 [ACK] Seq=8878 Ack=144 Win=65024 Len=1448 TSval=2916043827 TSecr=3045563600 [TCP segment of a reassembled PDU]"
"77361","39.746903642","192.168.1.55","192.168.1.2","TCP","1514","8004  >  37134 [ACK] Seq=10326 Ack=144 Win=65024 Len=1448 TSval=2916043827 TSecr=3045563600 [TCP segment of a reassembled PDU]"
"77362","39.746905383","192.168.1.55","192.168.1.2","TCP","1514","8004  >  37134 [PSH, ACK] Seq=11774 Ack=144 Win=65024 Len=1448 TSval=2916043827 TSecr=3045563600 [TCP segment of a reassembled PDU]"
"77363","39.750158685","192.168.1.2","192.168.1.55","TCP","66","37134  >  8004 [ACK] Seq=144 Ack=190 Win=64512 Len=0 TSval=3045563604 TSecr=2916043827"
"77364","39.750249407","192.168.1.55","192.168.1.2","TCP","1514","8004  >  37134 [ACK] Seq=13222 Ack=144 Win=65024 Len=1448 TSval=2916043830 TSecr=3045563604 [TCP segment of a reassembled PDU]"
"77365","39.750255648","192.168.1.55","192.168.1.2","TCP","1514","8004  >  37134 [PSH, ACK] Seq=14670 Ack=144 Win=65024 Len=1448 TSval=2916043830 TSecr=3045563604 [TCP segment of a reassembled PDU]"
"77366","39.750376463","192.168.1.2","192.168.1.55","TCP","66","37134  >  8004 [ACK] Seq=144 Ack=1638 Win=67584 Len=0 TSval=3045563604 TSecr=2916043827"
"77367","39.750389537","192.168.1.2","192.168.1.55","TCP","66","37134  >  8004 [ACK] Seq=144 Ack=7430 Win=79872 Len=0 TSval=3045563605 TSecr=2916043827"
"77368","39.750419815","192.168.1.55","192.168.1.2","TCP","1514","8004  >  37134 [ACK] Seq=16118 Ack=144 Win=65024 Len=1448 TSval=2916043831 TSecr=3045563605 [TCP segment of a reassembled PDU]"
"77369","39.750422796","192.168.1.55","192.168.1.2","TCP","1514","8004  >  37134 [ACK] Seq=17566 Ack=144 Win=65024 Len=1448 TSval=2916043831 TSecr=3045563605 [TCP segment of a reassembled PDU]"
"77370","39.750424018","192.168.1.55","192.168.1.2","TCP","1514","8004  >  37134 [ACK] Seq=19014 Ack=144 Win=65024 Len=1448 TSval=2916043831 TSecr=3045563605 [TCP segment of a reassembled PDU]"
"77371","39.750425259","192.168.1.55","192.168.1.2","TCP","1514","8004  >  37134 [ACK] Seq=20462 Ack=144 Win=65024 Len=1448 TSval=2916043831 TSecr=3045563605 [TCP segment of a reassembled PDU]"
"77372","39.750426352","192.168.1.55","192.168.1.2","TCP","1514","8004  >  37134 [ACK] Seq=21910 Ack=144 Win=65024 Len=1448 TSval=2916043831 TSecr=3045563605 [TCP segment of a reassembled PDU]"
"77373","39.750427704","192.168.1.55","192.168.1.2","TCP","1514","8004  >  37134 [ACK] Seq=23358 Ack=144 Win=65024 Len=1448 TSval=2916043831 TSecr=3045563605 [TCP segment of a reassembled PDU]"
"77374","39.750429185","192.168.1.55","192.168.1.2","TCP","1514","8004  >  37134 [ACK] Seq=24806 Ack=144 Win=65024 Len=1448 TSval=2916043831 TSecr=3045563605 [TCP segment of a reassembled PDU]"
"77375","39.750431167","192.168.1.55","192.168.1.2","TCP","1514","8004  >  37134 [PSH, ACK] Seq=26254 Ack=144 Win=65024 Len=1448 TSval=2916043831 TSecr=3045563605 [TCP segment of a reassembled PDU]"
"77376","39.750435537","192.168.1.2","192.168.1.55","TCP","66","37134  >  8004 [ACK] Seq=144 Ack=13222 Win=79872 Len=0 TSval=3045563605 TSecr=2916043827"
"77377","39.750466018","192.168.1.55","192.168.1.2","TCP","1514","8004  >  37134 [ACK] Seq=27702 Ack=144 Win=65024 Len=1448 TSval=2916043831 TSecr=3045563605 [TCP segment of a reassembled PDU]"
"77378","39.750469426","192.168.1.55","192.168.1.2","TCP","1514","8004  >  37134 [ACK] Seq=29150 Ack=144 Win=65024 Len=1448 TSval=2916043831 TSecr=3045563605 [TCP segment of a reassembled PDU]"
"77379","39.750470852","192.168.1.55","192.168.1.2","TCP","1514","8004  >  37134 [ACK] Seq=30598 Ack=144 Win=65024 Len=1448 TSval=2916043831 TSecr=3045563605 [TCP segment of a reassembled PDU]"
"77380","39.750472648","192.168.1.55","192.168.1.2","TCP","1514","8004  >  37134 [ACK] Seq=32046 Ack=144 Win=65024 Len=1448 TSval=2916043831 TSecr=3045563605 [TCP segment of a reassembled PDU]"
"77381","39.750473759","192.168.1.55","192.168.1.2","TCP","1514","8004  >  37134 [ACK] Seq=33494 Ack=144 Win=65024 Len=1448 TSval=2916043831 TSecr=3045563605 [TCP segment of a reassembled PDU]"
"77382","39.750475796","192.168.1.55","192.168.1.2","TCP","1514","8004  >  37134 [ACK] Seq=34942 Ack=144 Win=65024 Len=1448 TSval=2916043831 TSecr=3045563605 [TCP segment of a reassembled PDU]"
"77383","39.750477444","192.168.1.55","192.168.1.2","TCP","1514","8004  >  37134 [ACK] Seq=36390 Ack=144 Win=65024 Len=1448 TSval=2916043831 TSecr=3045563605 [TCP segment of a reassembled PDU]"
"77384","39.750478778","192.168.1.55","192.168.1.2","TCP","1514","8004  >  37134 [ACK] Seq=37838 Ack=144 Win=65024 Len=1448 TSval=2916043831 TSecr=3045563605 [TCP segment of a reassembled PDU]"
"77385","39.750480130","192.168.1.55","192.168.1.2","TCP","1514","8004  >  37134 [ACK] Seq=39286 Ack=144 Win=65024 Len=1448 TSval=2916043831 TSecr=3045563605 [TCP segment of a reassembled PDU]"
"77386","39.750481537","192.168.1.55","192.168.1.2","TCP","1514","8004  >  37134 [PSH, ACK] Seq=40734 Ack=144 Win=65024 Len=1448 TSval=2916043831 TSecr=3045563605 [TCP segment of a reassembled PDU]"
"77387","39.755681342","192.168.1.2","192.168.1.55","TCP","66","37134  >  8004 [ACK] Seq=144 Ack=16118 Win=84992 Len=0 TSval=3045563610 TSecr=2916043830"
"77388","39.755731231","192.168.1.55","192.168.1.2","TCP","1514","8004  >  37134 [ACK] Seq=42182 Ack=144 Win=65024 Len=1448 TSval=2916043836 TSecr=3045563610 [TCP segment of a reassembled PDU]"
"77389","39.755736657","192.168.1.55","192.168.1.2","TCP","1514","8004  >  37134 [PSH, ACK] Seq=43630 Ack=144 Win=65024 Len=1448 TSval=2916043836 TSecr=3045563610 [TCP segment of a reassembled PDU]"
"77390","39.755967287","192.168.1.2","192.168.1.55","TCP","66","37134  >  8004 [ACK] Seq=144 Ack=27702 Win=74752 Len=0 TSval=3045563610 TSecr=2916043831"
"77391","39.756005676","192.168.1.55","192.168.1.2","TCP","1514","8004  >  37134 [ACK] Seq=45078 Ack=144 Win=65024 Len=1448 TSval=2916043836 TSecr=3045563610 [TCP segment of a reassembled PDU]"
"77392","39.756008083","192.168.1.55","192.168.1.2","TCP","1514","8004  >  37134 [ACK] Seq=46526 Ack=144 Win=65024 Len=1448 TSval=2916043836 TSecr=3045563610 [TCP segment of a reassembled PDU]"
"77393","39.756009250","192.168.1.55","192.168.1.2","TCP","1514","8004  >  37134 [ACK] Seq=47974 Ack=144 Win=65024 Len=1448 TSval=2916043836 TSecr=3045563610 [TCP segment of a reassembled PDU]"
"77394","39.756010991","192.168.1.55","192.168.1.2","TCP","1514","8004  >  37134 [ACK] Seq=49422 Ack=144 Win=65024 Len=1448 TSval=2916043836 TSecr=3045563610 [TCP segment of a reassembled PDU]"
"77395","39.756012324","192.168.1.55","192.168.1.2","TCP","1514","8004  >  37134 [ACK] Seq=50870 Ack=144 Win=65024 Len=1448 TSval=2916043836 TSecr=3045563610 [TCP segment of a reassembled PDU]"
"77396","39.756013509","192.168.1.55","192.168.1.2","TCP","1514","8004  >  37134 [ACK] Seq=52318 Ack=144 Win=65024 Len=1448 TSval=2916043836 TSecr=3045563610 [TCP segment of a reassembled PDU]"
"77397","39.756014805","192.168.1.55","192.168.1.2","TCP","1514","8004  >  37134 [ACK] Seq=53766 Ack=144 Win=65024 Len=1448 TSval=2916043836 TSecr=3045563610 [TCP segment of a reassembled PDU]"
"77398","39.756016509","192.168.1.55","192.168.1.2","TCP","1514","8004  >  37134 [ACK] Seq=55214 Ack=144 Win=65024 Len=1448 TSval=2916043836 TSecr=3045563610 [TCP segment of a reassembled PDU]"
"77399","39.756017676","192.168.1.55","192.168.1.2","TCP","1514","8004  >  37134 [ACK] Seq=56662 Ack=144 Win=65024 Len=1448 TSval=2916043836 TSecr=3045563610 [TCP segment of a reassembled PDU]"
"77400","39.756018768","192.168.1.55","192.168.1.2","TCP","1514","8004  >  37134 [ACK] Seq=58110 Ack=144 Win=65024 Len=1448 TSval=2916043836 TSecr=3045563610 [TCP segment of a reassembled PDU]"
"77401","39.756019953","192.168.1.55","192.168.1.2","TCP","1514","8004  >  37134 [ACK] Seq=59558 Ack=144 Win=65024 Len=1448 TSval=2916043836 TSecr=3045563610 [TCP segment of a reassembled PDU]"
"77402","39.756021435","192.168.1.55","192.168.1.2","TCP","1514","8004  >  37134 [ACK] Seq=61006 Ack=144 Win=65024 Len=1448 TSval=2916043836 TSecr=3045563610 [TCP segment of a reassembled PDU]"
"77403","39.756022620","192.168.1.55","192.168.1.2","TCP","1514","8004  >  37134 [ACK] Seq=62454 Ack=144 Win=65024 Len=1448 TSval=2916043836 TSecr=3045563610 [TCP segment of a reassembled PDU]"
"77404","39.756023824","192.168.1.55","192.168.1.2","TCP","1514","8004  >  37134 [ACK] Seq=63902 Ack=144 Win=65024 Len=1448 TSval=2916043836 TSecr=3045563610 [TCP segment of a reassembled PDU]"
"77405","39.756025231","192.168.1.55","192.168.1.2","TCP","1514","8004  >  37134 [PSH, ACK] Seq=65350 Ack=144 Win=65024 Len=1448 TSval=2916043836 TSecr=3045563610 [TCP segment of a reassembled PDU]"
"77406","39.756031065","192.168.1.2","192.168.1.55","TCP","66","37134  >  8004 [ACK] Seq=144 Ack=36390 Win=66560 Len=0 TSval=3045563610 TSecr=2916043831"
"77407","39.756051546","192.168.1.55","192.168.1.2","TCP","1514","8004  >  37134 [ACK] Seq=66798 Ack=144 Win=65024 Len=1448 TSval=2916043836 TSecr=3045563610 [TCP segment of a reassembled PDU]"
"77408","39.756053454","192.168.1.55","192.168.1.2","TCP","1514","8004  >  37134 [ACK] Seq=68246 Ack=144 Win=65024 Len=1448 TSval=2916043836 TSecr=3045563610 [TCP segment of a reassembled PDU]"
"77409","39.756054824","192.168.1.55","192.168.1.2","TCP","1514","8004  >  37134 [ACK] Seq=69694 Ack=144 Win=65024 Len=1448 TSval=2916043836 TSecr=3045563610 [TCP segment of a reassembled PDU]"
"77410","39.756056194","192.168.1.55","192.168.1.2","TCP","1514","8004  >  37134 [ACK] Seq=71142 Ack=144 Win=65024 Len=1448 TSval=2916043836 TSecr=3045563610 [TCP segment of a reassembled PDU]"
"77411","39.756057361","192.168.1.55","192.168.1.2","TCP","1514","8004  >  37134 [ACK] Seq=72590 Ack=144 Win=65024 Len=1448 TSval=2916043836 TSecr=3045563610 [TCP segment of a reassembled PDU]"
"77412","39.756058454","192.168.1.55","192.168.1.2","TCP","1514","8004  >  37134 [ACK] Seq=74038 Ack=144 Win=65024 Len=1448 TSval=2916043836 TSecr=3045563610 [TCP segment of a reassembled PDU]"
"77413","39.756059694","192.168.1.55","192.168.1.2","TCP","1514","8004  >  37134 [PSH, ACK] Seq=75486 Ack=144 Win=65024 Len=1448 TSval=2916043836 TSecr=3045563610 [TCP segment of a reassembled PDU]"
"77414","39.756065102","192.168.1.2","192.168.1.55","TCP","66","37134  >  8004 [ACK] Seq=144 Ack=39286 Win=84992 Len=0 TSval=3045563610 TSecr=2916043831"
"77415","39.756069991","192.168.1.2","192.168.1.55","TCP","66","37134  >  8004 [ACK] Seq=144 Ack=42182 Win=84992 Len=0 TSval=3045563611 TSecr=2916043831"
"77416","39.756154046","192.168.1.55","192.168.1.2","TCP","1514","8004  >  37134 [ACK] Seq=76934 Ack=144 Win=65024 Len=1448 TSval=2916043836 TSecr=3045563611 [TCP segment of a reassembled PDU]"
"77417","39.756162250","192.168.1.55","192.168.1.2","TCP","1514","8004  >  37134 [ACK] Seq=78382 Ack=144 Win=65024 Len=1448 TSval=2916043836 TSecr=3045563611 [TCP segment of a reassembled PDU]"
"77418","39.756164509","192.168.1.55","192.168.1.2","TCP","1514","8004  >  37134 [ACK] Seq=79830 Ack=144 Win=65024 Len=1448 TSval=2916043836 TSecr=3045563611 [TCP segment of a reassembled PDU]"
"77419","39.756165694","192.168.1.55","192.168.1.2","TCP","1514","8004  >  37134 [ACK] Seq=81278 Ack=144 Win=65024 Len=1448 TSval=2916043836 TSecr=3045563611 [TCP segment of a reassembled PDU]"
"77420","39.756166917","192.168.1.55","192.168.1.2","TCP","1514","8004  >  37134 [ACK] Seq=82726 Ack=144 Win=65024 Len=1448 TSval=2916043836 TSecr=3045563611 [TCP segment of a reassembled PDU]"
"77421","39.756168250","192.168.1.55","192.168.1.2","TCP","1514","8004  >  37134 [ACK] Seq=84174 Ack=144 Win=65024 Len=1448 TSval=2916043836 TSecr=3045563611 [TCP segment of a reassembled PDU]"
"77422","39.756169398","192.168.1.55","192.168.1.2","TCP","1514","8004  >  37134 [ACK] Seq=85622 Ack=144 Win=65024 Len=1448 TSval=2916043836 TSecr=3045563611 [TCP segment of a reassembled PDU]"
"77423","39.756170620","192.168.1.55","192.168.1.2","TCP","1514","8004  >  37134 [ACK] Seq=87070 Ack=144 Win=65024 Len=1448 TSval=2916043836 TSecr=3045563611 [TCP segment of a reassembled PDU]"
"77424","39.756172380","192.168.1.55","192.168.1.2","TCP","1514","8004  >  37134 [ACK] Seq=88518 Ack=144 Win=65024 Len=1448 TSval=2916043836 TSecr=3045563611 [TCP segment of a reassembled PDU]"
"77425","39.756184991","192.168.1.55","192.168.1.2","TCP","1514","8004  >  37134 [ACK] Seq=89966 Ack=144 Win=65024 Len=1448 TSval=2916043836 TSecr=3045563611 [TCP segment of a reassembled PDU]"
"77426","39.756186676","192.168.1.55","192.168.1.2","TCP","1514","8004  >  37134 [ACK] Seq=91414 Ack=144 Win=65024 Len=1448 TSval=2916043836 TSecr=3045563611 [TCP segment of a reassembled PDU]"
"77427","39.756188176","192.168.1.55","192.168.1.2","TCP","1514","8004  >  37134 [ACK] Seq=92862 Ack=144 Win=65024 Len=1448 TSval=2916043836 TSecr=3045563611 [TCP segment of a reassembled PDU]"
"77428","39.756189695","192.168.1.55","192.168.1.2","TCP","1514","8004  >  37134 [ACK] Seq=94310 Ack=144 Win=65024 Len=1448 TSval=2916043836 TSecr=3045563611 [TCP segment of a reassembled PDU]"
"77429","39.756190954","192.168.1.55","192.168.1.2","TCP","1514","8004  >  37134 [ACK] Seq=95758 Ack=144 Win=65024 Len=1448 TSval=2916043836 TSecr=3045563611 [TCP segment of a reassembled PDU]"
"77430","39.756192380","192.168.1.55","192.168.1.2","TCP","1514","8004  >  37134 [ACK] Seq=97206 Ack=144 Win=65024 Len=1448 TSval=2916043836 TSecr=3045563611 [TCP segment of a reassembled PDU]"
"77431","39.756194139","192.168.1.55","192.168.1.2","TCP","1514","8004  >  37134 [PSH, ACK] Seq=98654 Ack=144 Win=65024 Len=1448 TSval=2916043836 TSecr=3045563611 [TCP segment of a reassembled PDU]"
"77432","39.762613983","192.168.1.2","192.168.1.55","TCP","66","37134  >  8004 [ACK] Seq=144 Ack=45078 Win=82944 Len=0 TSval=3045563616 TSecr=2916043836"
"77433","39.762638909","192.168.1.55","192.168.1.2","TCP","1514","8004  >  37134 [ACK] Seq=100102 Ack=144 Win=65024 Len=1448 TSval=2916043843 TSecr=3045563616 [TCP segment of a reassembled PDU]"
"77434","39.762642001","192.168.1.55","192.168.1.2","TCP","1514","8004  >  37134 [ACK] Seq=101550 Ack=144 Win=65024 Len=1448 TSval=2916043843 TSecr=3045563616 [TCP segment of a reassembled PDU]"
"77435","39.762643131","192.168.1.55","192.168.1.2","TCP","1514","8004  >  37134 [ACK] Seq=102998 Ack=144 Win=65024 Len=1448 TSval=2916043843 TSecr=3045563616 [TCP segment of a reassembled PDU]"
"77436","39.762644224","192.168.1.55","192.168.1.2","TCP","1514","8004  >  37134 [PSH, ACK] Seq=104446 Ack=144 Win=65024 Len=1448 TSval=2916043843 TSecr=3045563616 [TCP segment of a reassembled PDU]"
"77437","39.762910798","192.168.1.2","192.168.1.55","TCP","66","37134  >  8004 [ACK] Seq=144 Ack=66798 Win=68608 Len=0 TSval=3045563616 TSecr=2916043836"
"77438","39.762929391","192.168.1.55","192.168.1.2","TCP","1514","8004  >  37134 [ACK] Seq=105894 Ack=144 Win=65024 Len=1448 TSval=2916043843 TSecr=3045563616 [TCP segment of a reassembled PDU]"
"77439","39.762931094","192.168.1.55","192.168.1.2","TCP","1514","8004  >  37134 [ACK] Seq=107342 Ack=144 Win=65024 Len=1448 TSval=2916043843 TSecr=3045563616 [TCP segment of a reassembled PDU]"
"77440","39.762932280","192.168.1.55","192.168.1.2","TCP","1514","8004  >  37134 [ACK] Seq=108790 Ack=144 Win=65024 Len=1448 TSval=2916043843 TSecr=3045563616 [TCP segment of a reassembled PDU]"
"77441","39.762933483","192.168.1.55","192.168.1.2","TCP","1514","8004  >  37134 [ACK] Seq=110238 Ack=144 Win=65024 Len=1448 TSval=2916043843 TSecr=3045563616 [TCP segment of a reassembled PDU]"
"77442","39.762934576","192.168.1.55","192.168.1.2","TCP","1514","8004  >  37134 [ACK] Seq=111686 Ack=144 Win=65024 Len=1448 TSval=2916043843 TSecr=3045563616 [TCP segment of a reassembled PDU]"
"77443","39.762935817","192.168.1.55","192.168.1.2","TCP","1514","8004  >  37134 [ACK] Seq=113134 Ack=144 Win=65024 Len=1448 TSval=2916043843 TSecr=3045563616 [TCP segment of a reassembled PDU]"
"77444","39.762937039","192.168.1.55","192.168.1.2","TCP","1514","8004  >  37134 [ACK] Seq=114582 Ack=144 Win=65024 Len=1448 TSval=2916043843 TSecr=3045563616 [TCP segment of a reassembled PDU]"
"77445","39.762938261","192.168.1.55","192.168.1.2","TCP","1514","8004  >  37134 [ACK] Seq=116030 Ack=144 Win=65024 Len=1448 TSval=2916043843 TSecr=3045563616 [TCP segment of a reassembled PDU]"
"77446","39.762939706","192.168.1.55","192.168.1.2","TCP","1514","8004  >  37134 [PSH, ACK] Seq=117478 Ack=144 Win=65024 Len=1448 TSval=2916043843 TSecr=3045563616 [TCP segment of a reassembled PDU]"
"77447","39.762945261","192.168.1.2","192.168.1.55","TCP","66","37134  >  8004 [ACK] Seq=144 Ack=76934 Win=59392 Len=0 TSval=3045563616 TSecr=2916043836"
"77448","39.762951169","192.168.1.2","192.168.1.55","TCP","66","37134  >  8004 [ACK] Seq=144 Ack=94310 Win=61440 Len=0 TSval=3045563616 TSecr=2916043836"
"77449","39.762954187","192.168.1.2","192.168.1.55","TCP","66","37134  >  8004 [ACK] Seq=144 Ack=100102 Win=78848 Len=0 TSval=3045563617 TSecr=2916043836"
"77450","39.763003632","192.168.1.55","192.168.1.2","TCP","1514","8004  >  37134 [ACK] Seq=118926 Ack=144 Win=65024 Len=1448 TSval=2916043843 TSecr=3045563616 [TCP segment of a reassembled PDU]"
"77451","39.763007354","192.168.1.55","192.168.1.2","TCP","1514","8004  >  37134 [ACK] Seq=120374 Ack=144 Win=65024 Len=1448 TSval=2916043843 TSecr=3045563616 [TCP segment of a reassembled PDU]"
"77452","39.763008613","192.168.1.55","192.168.1.2","TCP","1514","8004  >  37134 [ACK] Seq=121822 Ack=144 Win=65024 Len=1448 TSval=2916043843 TSecr=3045563616 [TCP segment of a reassembled PDU]"
"77453","39.763009909","192.168.1.55","192.168.1.2","TCP","1514","8004  >  37134 [ACK] Seq=123270 Ack=144 Win=65024 Len=1448 TSval=2916043843 TSecr=3045563616 [TCP segment of a reassembled PDU]"
"77454","39.763011150","192.168.1.55","192.168.1.2","TCP","1514","8004  >  37134 [ACK] Seq=124718 Ack=144 Win=65024 Len=1448 TSval=2916043843 TSecr=3045563616 [TCP segment of a reassembled PDU]"
"77455","39.763012483","192.168.1.55","192.168.1.2","TCP","1514","8004  >  37134 [ACK] Seq=126166 Ack=144 Win=65024 Len=1448 TSval=2916043843 TSecr=3045563616 [TCP segment of a reassembled PDU]"
"77456","39.763013613","192.168.1.55","192.168.1.2","TCP","1514","8004  >  37134 [ACK] Seq=127614 Ack=144 Win=65024 Len=1448 TSval=2916043843 TSecr=3045563616 [TCP segment of a reassembled PDU]"
"77457","39.763015039","192.168.1.55","192.168.1.2","TCP","1514","8004  >  37134 [ACK] Seq=129062 Ack=144 Win=65024 Len=1448 TSval=2916043843 TSecr=3045563616 [TCP segment of a reassembled PDU]"
"77458","39.763016206","192.168.1.55","192.168.1.2","TCP","1514","8004  >  37134 [ACK] Seq=130510 Ack=144 Win=65024 Len=1448 TSval=2916043843 TSecr=3045563616 [TCP segment of a reassembled PDU]"
"77459","39.763017465","192.168.1.55","192.168.1.2","TCP","1514","8004  >  37134 [ACK] Seq=131958 Ack=144 Win=65024 Len=1448 TSval=2916043843 TSecr=3045563616 [TCP segment of a reassembled PDU]"
"77460","39.763018669","192.168.1.55","192.168.1.2","TCP","1514","8004  >  37134 [ACK] Seq=133406 Ack=144 Win=65024 Len=1448 TSval=2916043843 TSecr=3045563616 [TCP segment of a reassembled PDU]"
"77461","39.763019817","192.168.1.55","192.168.1.2","TCP","1514","8004  >  37134 [ACK] Seq=134854 Ack=144 Win=65024 Len=1448 TSval=2916043843 TSecr=3045563616 [TCP segment of a reassembled PDU]"
"77462","39.763021150","192.168.1.55","192.168.1.2","TCP","1514","8004  >  37134 [ACK] Seq=136302 Ack=144 Win=65024 Len=1448 TSval=2916043843 TSecr=3045563616 [TCP segment of a reassembled PDU]"
"77463","39.763022539","192.168.1.55","192.168.1.2","TCP","1514","8004  >  37134 [ACK] Seq=137750 Ack=144 Win=65024 Len=1448 TSval=2916043843 TSecr=3045563616 [TCP segment of a reassembled PDU]"
"77464","39.763023909","192.168.1.55","192.168.1.2","TCP","1514","8004  >  37134 [ACK] Seq=139198 Ack=144 Win=65024 Len=1448 TSval=2916043843 TSecr=3045563616 [TCP segment of a reassembled PDU]"
"77465","39.763025243","192.168.1.55","192.168.1.2","TCP","1514","8004  >  37134 [ACK] Seq=140646 Ack=144 Win=65024 Len=1448 TSval=2916043843 TSecr=3045563616 [TCP segment of a reassembled PDU]"
"77466","39.763026354","192.168.1.55","192.168.1.2","TCP","1514","8004  >  37134 [ACK] Seq=142094 Ack=144 Win=65024 Len=1448 TSval=2916043843 TSecr=3045563616 [TCP segment of a reassembled PDU]"
"77467","39.763027558","192.168.1.55","192.168.1.2","TCP","1514","8004  >  37134 [ACK] Seq=143542 Ack=144 Win=65024 Len=1448 TSval=2916043843 TSecr=3045563616 [TCP segment of a reassembled PDU]"
"77468","39.763028706","192.168.1.55","192.168.1.2","TCP","1514","8004  >  37134 [ACK] Seq=144990 Ack=144 Win=65024 Len=1448 TSval=2916043843 TSecr=3045563616 [TCP segment of a reassembled PDU]"
"77469","39.763030058","192.168.1.55","192.168.1.2","TCP","1514","8004  >  37134 [ACK] Seq=146438 Ack=144 Win=65024 Len=1448 TSval=2916043843 TSecr=3045563616 [TCP segment of a reassembled PDU]"
"77470","39.763031391","192.168.1.55","192.168.1.2","TCP","1514","8004  >  37134 [ACK] Seq=147886 Ack=144 Win=65024 Len=1448 TSval=2916043843 TSecr=3045563616 [TCP segment of a reassembled PDU]"
"77471","39.763032521","192.168.1.55","192.168.1.2","TCP","1514","8004  >  37134 [ACK] Seq=149334 Ack=144 Win=65024 Len=1448 TSval=2916043843 TSecr=3045563616 [TCP segment of a reassembled PDU]"
"77472","39.763033613","192.168.1.55","192.168.1.2","TCP","1514","8004  >  37134 [ACK] Seq=150782 Ack=144 Win=65024 Len=1448 TSval=2916043843 TSecr=3045563616 [TCP segment of a reassembled PDU]"
"77473","39.763034817","192.168.1.55","192.168.1.2","TCP","1514","8004  >  37134 [ACK] Seq=152230 Ack=144 Win=65024 Len=1448 TSval=2916043843 TSecr=3045563616 [TCP segment of a reassembled PDU]"
"77474","39.763035928","192.168.1.55","192.168.1.2","TCP","1514","8004  >  37134 [ACK] Seq=153678 Ack=144 Win=65024 Len=1448 TSval=2916043843 TSecr=3045563616 [TCP segment of a reassembled PDU]"
"77475","39.763037150","192.168.1.55","192.168.1.2","TCP","690","8004  >  37134 [PSH, ACK] Seq=155126 Ack=144 Win=65024 Len=624 TSval=2916043843 TSecr=3045563616 [TCP segment of a reassembled PDU]"
"77476","39.763051224","192.168.1.55","192.168.1.2","TCP","1514","8004  >  37134 [ACK] Seq=155750 Ack=144 Win=65024 Len=1448 TSval=2916043843 TSecr=3045563617 [TCP segment of a reassembled PDU]"
"77477","39.763053187","192.168.1.55","192.168.1.2","TCP","1514","8004  >  37134 [ACK] Seq=157198 Ack=144 Win=65024 Len=1448 TSval=2916043843 TSecr=3045563617 [TCP segment of a reassembled PDU]"
"77478","39.763054391","192.168.1.55","192.168.1.2","TCP","1514","8004  >  37134 [PSH, ACK] Seq=158646 Ack=144 Win=65024 Len=1448 TSval=2916043843 TSecr=3045563617 [TCP segment of a reassembled PDU]"
"77479","39.763328965","192.168.1.55","192.168.1.2","TCP","890","8004  >  37134 [ACK] Seq=160094 Ack=144 Win=65024 Len=824 TSval=2916043844 TSecr=3045563617 [TCP segment of a reassembled PDU]"
"77480","39.763343799","192.168.1.55","192.168.1.2","TCP","1514","8004  >  37134 [ACK] Seq=160918 Ack=144 Win=65024 Len=1448 TSval=2916043844 TSecr=3045563617 [TCP segment of a reassembled PDU]"
"77481","39.763344947","192.168.1.55","192.168.1.2","TCP","1514","8004  >  37134 [ACK] Seq=162366 Ack=144 Win=65024 Len=1448 TSval=2916043844 TSecr=3045563617 [TCP segment of a reassembled PDU]"
"77482","39.763346132","192.168.1.55","192.168.1.2","TCP","1514","8004  >  37134 [ACK] Seq=163814 Ack=144 Win=65024 Len=1448 TSval=2916043844 TSecr=3045563617 [TCP segment of a reassembled PDU]"
"77483","39.763347206","192.168.1.55","192.168.1.2","TCP","1514","8004  >  37134 [ACK] Seq=165262 Ack=144 Win=65024 Len=1448 TSval=2916043844 TSecr=3045563617 [TCP segment of a reassembled PDU]"
"77484","39.763348391","192.168.1.55","192.168.1.2","TCP","1514","8004  >  37134 [ACK] Seq=166710 Ack=144 Win=65024 Len=1448 TSval=2916043844 TSecr=3045563617 [TCP segment of a reassembled PDU]"
"77485","39.763349558","192.168.1.55","192.168.1.2","TCP","1514","8004  >  37134 [ACK] Seq=168158 Ack=144 Win=65024 Len=1448 TSval=2916043844 TSecr=3045563617 [TCP segment of a reassembled PDU]"
"77486","39.763350836","192.168.1.55","192.168.1.2","TCP","1514","8004  >  37134 [ACK] Seq=169606 Ack=144 Win=65024 Len=1448 TSval=2916043844 TSecr=3045563617 [TCP segment of a reassembled PDU]"
"77487","39.763352040","192.168.1.55","192.168.1.2","TCP","1514","8004  >  37134 [ACK] Seq=171054 Ack=144 Win=65024 Len=1448 TSval=2916043844 TSecr=3045563617 [TCP segment of a reassembled PDU]"
"77488","39.763353206","192.168.1.55","192.168.1.2","TCP","1514","8004  >  37134 [ACK] Seq=172502 Ack=144 Win=65024 Len=1448 TSval=2916043844 TSecr=3045563617 [TCP segment of a reassembled PDU]"
"77489","39.763354465","192.168.1.55","192.168.1.2","TCP","1514","8004  >  37134 [ACK] Seq=173950 Ack=144 Win=65024 Len=1448 TSval=2916043844 TSecr=3045563617 [TCP segment of a reassembled PDU]"
"77490","39.763355595","192.168.1.55","192.168.1.2","TCP","1514","8004  >  37134 [ACK] Seq=175398 Ack=144 Win=65024 Len=1448 TSval=2916043844 TSecr=3045563617 [TCP segment of a reassembled PDU]"
"77491","39.763356947","192.168.1.55","192.168.1.2","TCP","1514","8004  >  37134 [PSH, ACK] Seq=176846 Ack=144 Win=65024 Len=1448 TSval=2916043844 TSecr=3045563617 [TCP segment of a reassembled PDU]"
"77492","39.767918899","192.168.1.2","192.168.1.55","TCP","66","37134  >  8004 [ACK] Seq=144 Ack=104446 Win=90112 Len=0 TSval=3045563620 TSecr=2916043843"
"77493","39.767975732","192.168.1.55","192.168.1.2","TCP","1514","8004  >  37134 [ACK] Seq=178294 Ack=144 Win=65024 Len=1448 TSval=2916043848 TSecr=3045563620 [TCP segment of a reassembled PDU]"
"77494","39.767979214","192.168.1.55","192.168.1.2","TCP","1514","8004  >  37134 [ACK] Seq=179742 Ack=144 Win=65024 Len=1448 TSval=2916043848 TSecr=3045563620 [TCP segment of a reassembled PDU]"
"77495","39.767980695","192.168.1.55","192.168.1.2","TCP","1514","8004  >  37134 [ACK] Seq=181190 Ack=144 Win=65024 Len=1448 TSval=2916043848 TSecr=3045563620 [TCP segment of a reassembled PDU]"
"77496","39.767982195","192.168.1.55","192.168.1.2","TCP","1514","8004  >  37134 [ACK] Seq=182638 Ack=144 Win=65024 Len=1448 TSval=2916043848 TSecr=3045563620 [TCP segment of a reassembled PDU]"
"77497","39.767984195","192.168.1.55","192.168.1.2","TCP","1514","8004  >  37134 [ACK] Seq=184086 Ack=144 Win=65024 Len=1448 TSval=2916043848 TSecr=3045563620 [TCP segment of a reassembled PDU]"
"77498","39.767985769","192.168.1.55","192.168.1.2","TCP","1514","8004  >  37134 [ACK] Seq=185534 Ack=144 Win=65024 Len=1448 TSval=2916043848 TSecr=3045563620 [TCP segment of a reassembled PDU]"
"77499","39.767986917","192.168.1.55","192.168.1.2","TCP","1514","8004  >  37134 [ACK] Seq=186982 Ack=144 Win=65024 Len=1448 TSval=2916043848 TSecr=3045563620 [TCP segment of a reassembled PDU]"
"77500","39.767988362","192.168.1.55","192.168.1.2","TCP","1514","8004  >  37134 [ACK] Seq=188430 Ack=144 Win=65024 Len=1448 TSval=2916043848 TSecr=3045563620 [TCP segment of a reassembled PDU]"
"77501","39.767989436","192.168.1.55","192.168.1.2","TCP","1514","8004  >  37134 [ACK] Seq=189878 Ack=144 Win=65024 Len=1448 TSval=2916043848 TSecr=3045563620 [TCP segment of a reassembled PDU]"
"77502","39.767990880","192.168.1.55","192.168.1.2","TCP","1514","8004  >  37134 [ACK] Seq=191326 Ack=144 Win=65024 Len=1448 TSval=2916043848 TSecr=3045563620 [TCP segment of a reassembled PDU]"
"77503","39.767992158","192.168.1.55","192.168.1.2","TCP","1514","8004  >  37134 [PSH, ACK] Seq=192774 Ack=144 Win=65024 Len=1448 TSval=2916043848 TSecr=3045563620 [TCP segment of a reassembled PDU]"
"77504","39.770279088","192.168.1.2","192.168.1.55","TCP","66","37134  >  8004 [ACK] Seq=144 Ack=105894 Win=93184 Len=0 TSval=3045563624 TSecr=2916043843"
"77505","39.770300329","192.168.1.55","192.168.1.2","TCP","1514","8004  >  37134 [ACK] Seq=194222 Ack=144 Win=65024 Len=1448 TSval=2916043850 TSecr=3045563624 [TCP segment of a reassembled PDU]"
"77506","39.770303106","192.168.1.55","192.168.1.2","TCP","1514","8004  >  37134 [ACK] Seq=195670 Ack=144 Win=65024 Len=1448 TSval=2916043850 TSecr=3045563624 [TCP segment of a reassembled PDU]"
"77507","39.770305588","192.168.1.55","192.168.1.2","TCP","1514","8004  >  37134 [PSH, ACK] Seq=197118 Ack=144 Win=65024 Len=1448 TSval=2916043850 TSecr=3045563624 [TCP segment of a reassembled PDU]"
"77508","39.770561996","192.168.1.2","192.168.1.55","TCP","66","37134  >  8004 [ACK] Seq=144 Ack=118926 Win=93184 Len=0 TSval=3045563624 TSecr=2916043843"
"77509","39.770595440","192.168.1.55","192.168.1.2","TCP","1514","8004  >  37134 [ACK] Seq=198566 Ack=144 Win=65024 Len=1448 TSval=2916043851 TSecr=3045563624 [TCP segment of a reassembled PDU]"
"77510","39.770598311","192.168.1.55","192.168.1.2","TCP","1514","8004  >  37134 [ACK] Seq=200014 Ack=144 Win=65024 Len=1448 TSval=2916043851 TSecr=3045563624 [TCP segment of a reassembled PDU]"
"77511","39.770599644","192.168.1.55","192.168.1.2","TCP","1514","8004  >  37134 [PSH, ACK] Seq=201462 Ack=144 Win=65024 Len=1448 TSval=2916043851 TSecr=3045563624 [TCP segment of a reassembled PDU]"
"77512","39.770606903","192.168.1.2","192.168.1.55","TCP","66","37134  >  8004 [ACK] Seq=144 Ack=155750 Win=80896 Len=0 TSval=3045563624 TSecr=2916043843"
"77513","39.770652551","192.168.1.55","192.168.1.2","TCP","1514","8004  >  37134 [ACK] Seq=202910 Ack=144 Win=65024 Len=1448 TSval=2916043851 TSecr=3045563624 [TCP segment of a reassembled PDU]"
"77514","39.770655126","192.168.1.55","192.168.1.2","TCP","1514","8004  >  37134 [ACK] Seq=204358 Ack=144 Win=65024 Len=1448 TSval=2916043851 TSecr=3045563624 [TCP segment of a reassembled PDU]"
"77515","39.770657014","192.168.1.55","192.168.1.2","TCP","1514","8004  >  37134 [ACK] Seq=205806 Ack=144 Win=65024 Len=1448 TSval=2916043851 TSecr=3045563624 [TCP segment of a reassembled PDU]"
"77516","39.770658496","192.168.1.55","192.168.1.2","TCP","1514","8004  >  37134 [ACK] Seq=207254 Ack=144 Win=65024 Len=1448 TSval=2916043851 TSecr=3045563624 [TCP segment of a reassembled PDU]"
"77517","39.770659885","192.168.1.55","192.168.1.2","TCP","1514","8004  >  37134 [ACK] Seq=208702 Ack=144 Win=65024 Len=1448 TSval=2916043851 TSecr=3045563624 [TCP segment of a reassembled PDU]"
"77518","39.770661274","192.168.1.55","192.168.1.2","TCP","1514","8004  >  37134 [ACK] Seq=210150 Ack=144 Win=65024 Len=1448 TSval=2916043851 TSecr=3045563624 [TCP segment of a reassembled PDU]"
"77519","39.770662551","192.168.1.55","192.168.1.2","TCP","1514","8004  >  37134 [ACK] Seq=211598 Ack=144 Win=65024 Len=1448 TSval=2916043851 TSecr=3045563624 [TCP segment of a reassembled PDU]"
"77520","39.770664033","192.168.1.55","192.168.1.2","TCP","1514","8004  >  37134 [ACK] Seq=213046 Ack=144 Win=65024 Len=1448 TSval=2916043851 TSecr=3045563624 [TCP segment of a reassembled PDU]"
"77521","39.770665903","192.168.1.55","192.168.1.2","TCP","1514","8004  >  37134 [ACK] Seq=214494 Ack=144 Win=65024 Len=1448 TSval=2916043851 TSecr=3045563624 [TCP segment of a reassembled PDU]"
"77522","39.770668181","192.168.1.55","192.168.1.2","TCP","1514","8004  >  37134 [ACK] Seq=215942 Ack=144 Win=65024 Len=1448 TSval=2916043851 TSecr=3045563624 [TCP segment of a reassembled PDU]"
"77523","39.770669607","192.168.1.55","192.168.1.2","TCP","1514","8004  >  37134 [ACK] Seq=217390 Ack=144 Win=65024 Len=1448 TSval=2916043851 TSecr=3045563624 [TCP segment of a reassembled PDU]"
"77524","39.770670866","192.168.1.55","192.168.1.2","TCP","1514","8004  >  37134 [ACK] Seq=218838 Ack=144 Win=65024 Len=1448 TSval=2916043851 TSecr=3045563624 [TCP segment of a reassembled PDU]"
"77525","39.770672255","192.168.1.55","192.168.1.2","TCP","1514","8004  >  37134 [ACK] Seq=220286 Ack=144 Win=65024 Len=1448 TSval=2916043851 TSecr=3045563624 [TCP segment of a reassembled PDU]"
"77526","39.770674052","192.168.1.55","192.168.1.2","TCP","1514","8004  >  37134 [ACK] Seq=221734 Ack=144 Win=65024 Len=1448 TSval=2916043851 TSecr=3045563624 [TCP segment of a reassembled PDU]"
"77527","39.770675385","192.168.1.55","192.168.1.2","TCP","1514","8004  >  37134 [ACK] Seq=223182 Ack=144 Win=65024 Len=1448 TSval=2916043851 TSecr=3045563624 [TCP segment of a reassembled PDU]"
"77528","39.770676848","192.168.1.55","192.168.1.2","TCP","1514","8004  >  37134 [ACK] Seq=224630 Ack=144 Win=65024 Len=1448 TSval=2916043851 TSecr=3045563624 [TCP segment of a reassembled PDU]"
"77529","39.770678848","192.168.1.55","192.168.1.2","TCP","1514","8004  >  37134 [ACK] Seq=226078 Ack=144 Win=65024 Len=1448 TSval=2916043851 TSecr=3045563624 [TCP segment of a reassembled PDU]"
"77530","39.770680663","192.168.1.55","192.168.1.2","TCP","1514","8004  >  37134 [ACK] Seq=227526 Ack=144 Win=65024 Len=1448 TSval=2916043851 TSecr=3045563624 [TCP segment of a reassembled PDU]"
"77531","39.770682070","192.168.1.55","192.168.1.2","TCP","1514","8004  >  37134 [ACK] Seq=228974 Ack=144 Win=65024 Len=1448 TSval=2916043851 TSecr=3045563624 [TCP segment of a reassembled PDU]"
"77532","39.770683366","192.168.1.55","192.168.1.2","TCP","1514","8004  >  37134 [ACK] Seq=230422 Ack=144 Win=65024 Len=1448 TSval=2916043851 TSecr=3045563624 [TCP segment of a reassembled PDU]"
"77533","39.770684755","192.168.1.55","192.168.1.2","TCP","1514","8004  >  37134 [ACK] Seq=231870 Ack=144 Win=65024 Len=1448 TSval=2916043851 TSecr=3045563624 [TCP segment of a reassembled PDU]"
"77534","39.770686144","192.168.1.55","192.168.1.2","TCP","1514","8004  >  37134 [ACK] Seq=233318 Ack=144 Win=65024 Len=1448 TSval=2916043851 TSecr=3045563624 [TCP segment of a reassembled PDU]"
"77535","39.770687663","192.168.1.55","192.168.1.2","TCP","1514","8004  >  37134 [PSH, ACK] Seq=234766 Ack=144 Win=65024 Len=1448 TSval=2916043851 TSecr=3045563624 [TCP segment of a reassembled PDU]"
"77536","39.770692255","192.168.1.2","192.168.1.55","TCP","66","37134  >  8004 [ACK] Seq=144 Ack=178294 Win=60416 Len=0 TSval=3045563624 TSecr=2916043843"
"77537","39.770706181","192.168.1.55","192.168.1.2","TCP","1514","8004  >  37134 [ACK] Seq=236214 Ack=144 Win=65024 Len=1448 TSval=2916043851 TSecr=3045563624 [TCP segment of a reassembled PDU]"
"77538","39.770707755","192.168.1.55","192.168.1.2","TCP","1114","[TCP Window Full] 8004  >  37134 [PSH, ACK] Seq=237662 Ack=144 Win=65024 Len=1048 TSval=2916043851 TSecr=3045563624 [TCP segment of a reassembled PDU]"
"77539","39.771964850","192.168.1.2","192.168.1.55","TCP","66","37134  >  8004 [ACK] Seq=144 Ack=192774 Win=97280 Len=0 TSval=3045563626 TSecr=2916043848"
"77540","39.771977739","192.168.1.55","192.168.1.2","TCP","1514","8004  >  37134 [ACK] Seq=238710 Ack=144 Win=65024 Len=1448 TSval=2916043852 TSecr=3045563626 [TCP segment of a reassembled PDU]"
"77541","39.771981091","192.168.1.55","192.168.1.2","TCP","1514","8004  >  37134 [ACK] Seq=240158 Ack=144 Win=65024 Len=1448 TSval=2916043852 TSecr=3045563626 [TCP segment of a reassembled PDU]"
"77542","39.771982794","192.168.1.55","192.168.1.2","TCP","1514","8004  >  37134 [ACK] Seq=241606 Ack=144 Win=65024 Len=1448 TSval=2916043852 TSecr=3045563626 [TCP segment of a reassembled PDU]"
"77543","39.771984146","192.168.1.55","192.168.1.2","TCP","1514","8004  >  37134 [PSH, ACK] Seq=243054 Ack=144 Win=65024 Len=1448 TSval=2916043852 TSecr=3045563626 [TCP segment of a reassembled PDU]"
"77544","39.771989035","192.168.1.55","192.168.1.2","TCP","466","8004  >  37134 [ACK] Seq=244502 Ack=144 Win=65024 Len=400 TSval=2916043852 TSecr=3045563626 [TCP segment of a reassembled PDU]"
"77545","39.772027220","192.168.1.55","192.168.1.2","TCP","1514","8004  >  37134 [ACK] Seq=244902 Ack=144 Win=65024 Len=1448 TSval=2916043852 TSecr=3045563626 [TCP segment of a reassembled PDU]"
"77546","39.772028850","192.168.1.55","192.168.1.2","TCP","1514","8004  >  37134 [ACK] Seq=246350 Ack=144 Win=65024 Len=1448 TSval=2916043852 TSecr=3045563626 [TCP segment of a reassembled PDU]"
"77547","39.772030183","192.168.1.55","192.168.1.2","TCP","1514","8004  >  37134 [ACK] Seq=247798 Ack=144 Win=65024 Len=1448 TSval=2916043852 TSecr=3045563626 [TCP segment of a reassembled PDU]"
"77548","39.772031683","192.168.1.55","192.168.1.2","TCP","1514","8004  >  37134 [ACK] Seq=249246 Ack=144 Win=65024 Len=1448 TSval=2916043852 TSecr=3045563626 [TCP segment of a reassembled PDU]"
"77549","39.772033313","192.168.1.55","192.168.1.2","TCP","1514","8004  >  37134 [ACK] Seq=250694 Ack=144 Win=65024 Len=1448 TSval=2916043852 TSecr=3045563626 [TCP segment of a reassembled PDU]"
"77550","39.772035294","192.168.1.55","192.168.1.2","TCP","1514","8004  >  37134 [ACK] Seq=252142 Ack=144 Win=65024 Len=1448 TSval=2916043852 TSecr=3045563626 [TCP segment of a reassembled PDU]"
"77551","39.772036961","192.168.1.55","192.168.1.2","TCP","1514","8004  >  37134 [ACK] Seq=253590 Ack=144 Win=65024 Len=1448 TSval=2916043852 TSecr=3045563626 [TCP segment of a reassembled PDU]"
"77552","39.772038350","192.168.1.55","192.168.1.2","TCP","1514","8004  >  37134 [ACK] Seq=255038 Ack=144 Win=65024 Len=1448 TSval=2916043852 TSecr=3045563626 [TCP segment of a reassembled PDU]"
"77553","39.772040498","192.168.1.55","192.168.1.2","TCP","1514","8004  >  37134 [ACK] Seq=256486 Ack=144 Win=65024 Len=1448 TSval=2916043852 TSecr=3045563626 [TCP segment of a reassembled PDU]"
"77554","39.772042202","192.168.1.55","192.168.1.2","TCP","1514","8004  >  37134 [ACK] Seq=257934 Ack=144 Win=65024 Len=1448 TSval=2916043852 TSecr=3045563626 [TCP segment of a reassembled PDU]"
"77555","39.772043702","192.168.1.55","192.168.1.2","TCP","1514","8004  >  37134 [ACK] Seq=259382 Ack=144 Win=65024 Len=1448 TSval=2916043852 TSecr=3045563626 [TCP segment of a reassembled PDU]"
"77556","39.772046294","192.168.1.55","192.168.1.2","TCP","1514","8004  >  37134 [ACK] Seq=260830 Ack=144 Win=65024 Len=1448 TSval=2916043852 TSecr=3045563626 [TCP segment of a reassembled PDU]"
"77557","39.772048313","192.168.1.55","192.168.1.2","TCP","1514","8004  >  37134 [ACK] Seq=262278 Ack=144 Win=65024 Len=1448 TSval=2916043852 TSecr=3045563626 [TCP segment of a reassembled PDU]"
"77558","39.772050313","192.168.1.55","192.168.1.2","TCP","1514","8004  >  37134 [ACK] Seq=263726 Ack=144 Win=65024 Len=1448 TSval=2916043852 TSecr=3045563626 [TCP segment of a reassembled PDU]"
"77559","39.772051980","192.168.1.55","192.168.1.2","TCP","1514","8004  >  37134 [ACK] Seq=265174 Ack=144 Win=65024 Len=1448 TSval=2916043852 TSecr=3045563626 [TCP segment of a reassembled PDU]"
"77560","39.772054109","192.168.1.55","192.168.1.2","TCP","1514","8004  >  37134 [ACK] Seq=266622 Ack=144 Win=65024 Len=1448 TSval=2916043852 TSecr=3045563626 [TCP segment of a reassembled PDU]"
"77561","39.772055850","192.168.1.55","192.168.1.2","TCP","1514","8004  >  37134 [ACK] Seq=268070 Ack=144 Win=65024 Len=1448 TSval=2916043852 TSecr=3045563626 [TCP segment of a reassembled PDU]"
"77562","39.772057202","192.168.1.55","192.168.1.2","TCP","1514","8004  >  37134 [ACK] Seq=269518 Ack=144 Win=65024 Len=1448 TSval=2916043852 TSecr=3045563626 [TCP segment of a reassembled PDU]"
"77563","39.772058683","192.168.1.55","192.168.1.2","TCP","1514","8004  >  37134 [ACK] Seq=270966 Ack=144 Win=65024 Len=1448 TSval=2916043852 TSecr=3045563626 [TCP segment of a reassembled PDU]"
"77564","39.772060720","192.168.1.55","192.168.1.2","TCP","1514","8004  >  37134 [ACK] Seq=272414 Ack=144 Win=65024 Len=1448 TSval=2916043852 TSecr=3045563626 [TCP segment of a reassembled PDU]"
"77565","39.772062572","192.168.1.55","192.168.1.2","TCP","1514","8004  >  37134 [ACK] Seq=273862 Ack=144 Win=65024 Len=1448 TSval=2916043852 TSecr=3045563626 [TCP segment of a reassembled PDU]"
"77566","39.772063961","192.168.1.55","192.168.1.2","TCP","1514","8004  >  37134 [ACK] Seq=275310 Ack=144 Win=65024 Len=1448 TSval=2916043852 TSecr=3045563626 [TCP segment of a reassembled PDU]"
"77567","39.772065461","192.168.1.55","192.168.1.2","TCP","1514","8004  >  37134 [ACK] Seq=276758 Ack=144 Win=65024 Len=1448 TSval=2916043852 TSecr=3045563626 [TCP segment of a reassembled PDU]"
"77568","39.772067739","192.168.1.55","192.168.1.2","TCP","1514","8004  >  37134 [ACK] Seq=278206 Ack=144 Win=65024 Len=1448 TSval=2916043852 TSecr=3045563626 [TCP segment of a reassembled PDU]"
"77569","39.772069498","192.168.1.55","192.168.1.2","TCP","1514","8004  >  37134 [ACK] Seq=279654 Ack=144 Win=65024 Len=1448 TSval=2916043852 TSecr=3045563626 [TCP segment of a reassembled PDU]"
"77570","39.772070869","192.168.1.55","192.168.1.2","TCP","1514","8004  >  37134 [ACK] Seq=281102 Ack=144 Win=65024 Len=1448 TSval=2916043852 TSecr=3045563626 [TCP segment of a reassembled PDU]"
"77571","39.772072202","192.168.1.55","192.168.1.2","TCP","1514","8004  >  37134 [ACK] Seq=282550 Ack=144 Win=65024 Len=1448 TSval=2916043852 TSecr=3045563626 [TCP segment of a reassembled PDU]"
"77572","39.772074498","192.168.1.55","192.168.1.2","TCP","1514","8004  >  37134 [ACK] Seq=283998 Ack=144 Win=65024 Len=1448 TSval=2916043852 TSecr=3045563626 [TCP segment of a reassembled PDU]"
"77573","39.772076258","192.168.1.55","192.168.1.2","TCP","1514","8004  >  37134 [PSH, ACK] Seq=285446 Ack=144 Win=65024 Len=1448 TSval=2916043852 TSecr=3045563626 [TCP segment of a reassembled PDU]"
"77574","39.776727395","192.168.1.2","192.168.1.55","TCP","66","37134  >  8004 [ACK] Seq=144 Ack=194222 Win=100352 Len=0 TSval=3045563627 TSecr=2916043848"
"77575","39.776740802","192.168.1.55","192.168.1.2","TCP","1514","8004  >  37134 [ACK] Seq=286894 Ack=144 Win=65024 Len=1448 TSval=2916043857 TSecr=3045563627 [TCP segment of a reassembled PDU]"
"77576","39.776743080","192.168.1.55","192.168.1.2","TCP","1514","8004  >  37134 [ACK] Seq=288342 Ack=144 Win=65024 Len=1448 TSval=2916043857 TSecr=3045563627 [TCP segment of a reassembled PDU]"
"77577","39.776744376","192.168.1.55","192.168.1.2","TCP","1514","8004  >  37134 [ACK] Seq=289790 Ack=144 Win=65024 Len=1448 TSval=2916043857 TSecr=3045563627 [TCP segment of a reassembled PDU]"
"77578","39.776745839","192.168.1.55","192.168.1.2","TCP","1514","8004  >  37134 [ACK] Seq=291238 Ack=144 Win=65024 Len=1448 TSval=2916043857 TSecr=3045563627 [TCP segment of a reassembled PDU]"
"77579","39.776747098","192.168.1.55","192.168.1.2","TCP","1514","8004  >  37134 [PSH, ACK] Seq=292686 Ack=144 Win=65024 Len=1448 TSval=2916043857 TSecr=3045563627 [TCP segment of a reassembled PDU]"
"77580","39.777055803","192.168.1.2","192.168.1.55","TCP","66","37134  >  8004 [ACK] Seq=144 Ack=195670 Win=103424 Len=0 TSval=3045563627 TSecr=2916043850"
"77581","39.777062210","192.168.1.2","192.168.1.55","TCP","66","37134  >  8004 [ACK] Seq=144 Ack=197118 Win=105472 Len=0 TSval=3045563627 TSecr=2916043850"
"77582","39.779104695","192.168.1.2","192.168.1.55","TCP","66","37134  >  8004 [ACK] Seq=144 Ack=198566 Win=108544 Len=0 TSval=3045563632 TSecr=2916043850"
"77583","39.779118880","192.168.1.55","192.168.1.2","TCP","1514","8004  >  37134 [ACK] Seq=294134 Ack=144 Win=65024 Len=1448 TSval=2916043859 TSecr=3045563632 [TCP segment of a reassembled PDU]"
"77584","39.779121158","192.168.1.55","192.168.1.2","TCP","1514","8004  >  37134 [ACK] Seq=295582 Ack=144 Win=65024 Len=1448 TSval=2916043859 TSecr=3045563632 [TCP segment of a reassembled PDU]"
"77585","39.779122436","192.168.1.55","192.168.1.2","TCP","1514","8004  >  37134 [ACK] Seq=297030 Ack=144 Win=65024 Len=1448 TSval=2916043859 TSecr=3045563632 [TCP segment of a reassembled PDU]"
"77586","39.779123843","192.168.1.55","192.168.1.2","TCP","1514","8004  >  37134 [ACK] Seq=298478 Ack=144 Win=65024 Len=1448 TSval=2916043859 TSecr=3045563632 [TCP segment of a reassembled PDU]"
"77587","39.779125158","192.168.1.55","192.168.1.2","TCP","1514","8004  >  37134 [ACK] Seq=299926 Ack=144 Win=65024 Len=1448 TSval=2916043859 TSecr=3045563632 [TCP segment of a reassembled PDU]"
"77588","39.779126528","192.168.1.55","192.168.1.2","TCP","1514","8004  >  37134 [ACK] Seq=301374 Ack=144 Win=65024 Len=1448 TSval=2916043859 TSecr=3045563632 [TCP segment of a reassembled PDU]"
"77589","39.779127806","192.168.1.55","192.168.1.2","TCP","1514","8004  >  37134 [ACK] Seq=302822 Ack=144 Win=65024 Len=1448 TSval=2916043859 TSecr=3045563632 [TCP segment of a reassembled PDU]"
"77590","39.779129195","192.168.1.55","192.168.1.2","TCP","1514","8004  >  37134 [PSH, ACK] Seq=304270 Ack=144 Win=65024 Len=1448 TSval=2916043859 TSecr=3045563632 [TCP segment of a reassembled PDU]"
"77591","39.779543529","192.168.1.2","192.168.1.55","TCP","66","37134  >  8004 [ACK] Seq=144 Ack=202910 Win=117760 Len=0 TSval=3045563632 TSecr=2916043851"
"77592","39.779550807","192.168.1.2","192.168.1.55","TCP","66","37134  >  8004 [ACK] Seq=144 Ack=236214 Win=120832 Len=0 TSval=3045563632 TSecr=2916043851"
"77593","39.779568899","192.168.1.55","192.168.1.2","TCP","1514","8004  >  37134 [ACK] Seq=305718 Ack=144 Win=65024 Len=1448 TSval=2916043860 TSecr=3045563632 [TCP segment of a reassembled PDU]"
"77594","39.779571010","192.168.1.55","192.168.1.2","TCP","1514","8004  >  37134 [ACK] Seq=307166 Ack=144 Win=65024 Len=1448 TSval=2916043860 TSecr=3045563632 [TCP segment of a reassembled PDU]"
"77595","39.779572381","192.168.1.55","192.168.1.2","TCP","1514","8004  >  37134 [ACK] Seq=308614 Ack=144 Win=65024 Len=1448 TSval=2916043860 TSecr=3045563632 [TCP segment of a reassembled PDU]"
"77596","39.779573918","192.168.1.55","192.168.1.2","TCP","1514","8004  >  37134 [ACK] Seq=310062 Ack=144 Win=65024 Len=1448 TSval=2916043860 TSecr=3045563632 [TCP segment of a reassembled PDU]"
"77597","39.779575233","192.168.1.55","192.168.1.2","TCP","1514","8004  >  37134 [ACK] Seq=311510 Ack=144 Win=65024 Len=1448 TSval=2916043860 TSecr=3045563632 [TCP segment of a reassembled PDU]"
"77598","39.779576603","192.168.1.55","192.168.1.2","TCP","1514","8004  >  37134 [ACK] Seq=312958 Ack=144 Win=65024 Len=1448 TSval=2916043860 TSecr=3045563632 [TCP segment of a reassembled PDU]"
"77599","39.779577899","192.168.1.55","192.168.1.2","TCP","1514","8004  >  37134 [ACK] Seq=314406 Ack=144 Win=65024 Len=1448 TSval=2916043860 TSecr=3045563632 [TCP segment of a reassembled PDU]"
"77600","39.779579344","192.168.1.55","192.168.1.2","TCP","1514","8004  >  37134 [ACK] Seq=315854 Ack=144 Win=65024 Len=1448 TSval=2916043860 TSecr=3045563632 [TCP segment of a reassembled PDU]"
"77601","39.779580751","192.168.1.55","192.168.1.2","TCP","1514","8004  >  37134 [ACK] Seq=317302 Ack=144 Win=65024 Len=1448 TSval=2916043860 TSecr=3045563632 [TCP segment of a reassembled PDU]"
"77602","39.779582066","192.168.1.55","192.168.1.2","TCP","1514","8004  >  37134 [ACK] Seq=318750 Ack=144 Win=65024 Len=1448 TSval=2916043860 TSecr=3045563632 [TCP segment of a reassembled PDU]"
"77603","39.779583566","192.168.1.55","192.168.1.2","TCP","1514","8004  >  37134 [ACK] Seq=320198 Ack=144 Win=65024 Len=1448 TSval=2916043860 TSecr=3045563632 [TCP segment of a reassembled PDU]"
"77604","39.779584862","192.168.1.55","192.168.1.2","TCP","1514","8004  >  37134 [ACK] Seq=321646 Ack=144 Win=65024 Len=1448 TSval=2916043860 TSecr=3045563632 [TCP segment of a reassembled PDU]"
"77605","39.779586436","192.168.1.55","192.168.1.2","TCP","1514","8004  >  37134 [ACK] Seq=323094 Ack=144 Win=65024 Len=1448 TSval=2916043860 TSecr=3045563632 [TCP segment of a reassembled PDU]"
"77606","39.779592751","192.168.1.55","192.168.1.2","TCP","1514","8004  >  37134 [ACK] Seq=324542 Ack=144 Win=65024 Len=1448 TSval=2916043860 TSecr=3045563632 [TCP segment of a reassembled PDU]"
"77607","39.779594270","192.168.1.55","192.168.1.2","TCP","1514","8004  >  37134 [ACK] Seq=325990 Ack=144 Win=65024 Len=1448 TSval=2916043860 TSecr=3045563632 [TCP segment of a reassembled PDU]"
"77608","39.779595733","192.168.1.55","192.168.1.2","TCP","1514","8004  >  37134 [PSH, ACK] Seq=327438 Ack=144 Win=65024 Len=1448 TSval=2916043860 TSecr=3045563632 [TCP segment of a reassembled PDU]"
"77609","39.779600344","192.168.1.2","192.168.1.55","TCP","66","37134  >  8004 [ACK] Seq=144 Ack=238710 Win=125952 Len=0 TSval=3045563632 TSecr=2916043851"
"77610","39.779657307","192.168.1.2","192.168.1.55","TCP","66","37134  >  8004 [ACK] Seq=144 Ack=244502 Win=137216 Len=0 TSval=3045563632 TSecr=2916043852"
"77611","39.779693585","192.168.1.55","192.168.1.2","TCP","1514","8004  >  37134 [ACK] Seq=328886 Ack=144 Win=65024 Len=1448 TSval=2916043860 TSecr=3045563632 [TCP segment of a reassembled PDU]"
"77612","39.779696103","192.168.1.55","192.168.1.2","TCP","1514","8004  >  37134 [ACK] Seq=330334 Ack=144 Win=65024 Len=1448 TSval=2916043860 TSecr=3045563632 [TCP segment of a reassembled PDU]"
"77613","39.779697511","192.168.1.55","192.168.1.2","TCP","1514","8004  >  37134 [ACK] Seq=331782 Ack=144 Win=65024 Len=1448 TSval=2916043860 TSecr=3045563632 [TCP segment of a reassembled PDU]"
"77614","39.779698863","192.168.1.55","192.168.1.2","TCP","1514","8004  >  37134 [ACK] Seq=333230 Ack=144 Win=65024 Len=1448 TSval=2916043860 TSecr=3045563632 [TCP segment of a reassembled PDU]"
"77615","39.779700288","192.168.1.55","192.168.1.2","TCP","1514","8004  >  37134 [ACK] Seq=334678 Ack=144 Win=65024 Len=1448 TSval=2916043860 TSecr=3045563632 [TCP segment of a reassembled PDU]"
"77616","39.779701585","192.168.1.55","192.168.1.2","TCP","1514","8004  >  37134 [ACK] Seq=336126 Ack=144 Win=65024 Len=1448 TSval=2916043860 TSecr=3045563632 [TCP segment of a reassembled PDU]"
"77617","39.779702955","192.168.1.55","192.168.1.2","TCP","1514","8004  >  37134 [ACK] Seq=337574 Ack=144 Win=65024 Len=1448 TSval=2916043860 TSecr=3045563632 [TCP segment of a reassembled PDU]"
"77618","39.779704881","192.168.1.55","192.168.1.2","TCP","1514","8004  >  37134 [ACK] Seq=339022 Ack=144 Win=65024 Len=1448 TSval=2916043860 TSecr=3045563632 [TCP segment of a reassembled PDU]"
"77619","39.779706326","192.168.1.55","192.168.1.2","TCP","1514","8004  >  37134 [ACK] Seq=340470 Ack=144 Win=65024 Len=1448 TSval=2916043860 TSecr=3045563632 [TCP segment of a reassembled PDU]"
"77620","39.779707807","192.168.1.55","192.168.1.2","TCP","1514","8004  >  37134 [ACK] Seq=341918 Ack=144 Win=65024 Len=1448 TSval=2916043860 TSecr=3045563632 [TCP segment of a reassembled PDU]"
"77621","39.779709233","192.168.1.55","192.168.1.2","TCP","1514","8004  >  37134 [ACK] Seq=343366 Ack=144 Win=65024 Len=1448 TSval=2916043860 TSecr=3045563632 [TCP segment of a reassembled PDU]"
"77622","39.779710585","192.168.1.55","192.168.1.2","TCP","1514","8004  >  37134 [ACK] Seq=344814 Ack=144 Win=65024 Len=1448 TSval=2916043860 TSecr=3045563632 [TCP segment of a reassembled PDU]"
"77623","39.779712029","192.168.1.55","192.168.1.2","TCP","1514","8004  >  37134 [ACK] Seq=346262 Ack=144 Win=65024 Len=1448 TSval=2916043860 TSecr=3045563632 [TCP segment of a reassembled PDU]"
"77624","39.779713381","192.168.1.55","192.168.1.2","TCP","1514","8004  >  37134 [ACK] Seq=347710 Ack=144 Win=65024 Len=1448 TSval=2916043860 TSecr=3045563632 [TCP segment of a reassembled PDU]"
"77625","39.779714789","192.168.1.55","192.168.1.2","TCP","1514","8004  >  37134 [ACK] Seq=349158 Ack=144 Win=65024 Len=1448 TSval=2916043860 TSecr=3045563632 [TCP segment of a reassembled PDU]"
"77626","39.779716233","192.168.1.55","192.168.1.2","TCP","1514","8004  >  37134 [ACK] Seq=350606 Ack=144 Win=65024 Len=1448 TSval=2916043860 TSecr=3045563632 [TCP segment of a reassembled PDU]"
"77627","39.779717603","192.168.1.55","192.168.1.2","TCP","1514","8004  >  37134 [ACK] Seq=352054 Ack=144 Win=65024 Len=1448 TSval=2916043860 TSecr=3045563632 [TCP segment of a reassembled PDU]"
"77628","39.779719826","192.168.1.55","192.168.1.2","TCP","1514","8004  >  37134 [ACK] Seq=353502 Ack=144 Win=65024 Len=1448 TSval=2916043860 TSecr=3045563632 [TCP segment of a reassembled PDU]"
"77629","39.779721159","192.168.1.55","192.168.1.2","TCP","1514","8004  >  37134 [ACK] Seq=354950 Ack=144 Win=65024 Len=1448 TSval=2916043860 TSecr=3045563632 [TCP segment of a reassembled PDU]"
"77630","39.779722659","192.168.1.55","192.168.1.2","TCP","1514","8004  >  37134 [ACK] Seq=356398 Ack=144 Win=65024 Len=1448 TSval=2916043860 TSecr=3045563632 [TCP segment of a reassembled PDU]"
"77631","39.779724029","192.168.1.55","192.168.1.2","TCP","1514","8004  >  37134 [ACK] Seq=357846 Ack=144 Win=65024 Len=1448 TSval=2916043860 TSecr=3045563632 [TCP segment of a reassembled PDU]"
"77632","39.779725492","192.168.1.55","192.168.1.2","TCP","1514","8004  >  37134 [ACK] Seq=359294 Ack=144 Win=65024 Len=1448 TSval=2916043860 TSecr=3045563632 [TCP segment of a reassembled PDU]"
"77633","39.779727214","192.168.1.55","192.168.1.2","TCP","1514","8004  >  37134 [ACK] Seq=360742 Ack=144 Win=65024 Len=1448 TSval=2916043860 TSecr=3045563632 [TCP segment of a reassembled PDU]"
"77634","39.779728659","192.168.1.55","192.168.1.2","TCP","1514","8004  >  37134 [ACK] Seq=362190 Ack=144 Win=65024 Len=1448 TSval=2916043860 TSecr=3045563632 [TCP segment of a reassembled PDU]"
"77635","39.779730122","192.168.1.55","192.168.1.2","TCP","1514","8004  >  37134 [ACK] Seq=363638 Ack=144 Win=65024 Len=1448 TSval=2916043860 TSecr=3045563632 [TCP segment of a reassembled PDU]"
"77636","39.779731511","192.168.1.55","192.168.1.2","TCP","1514","8004  >  37134 [ACK] Seq=365086 Ack=144 Win=65024 Len=1448 TSval=2916043860 TSecr=3045563632 [TCP segment of a reassembled PDU]"
"77637","39.779732807","192.168.1.55","192.168.1.2","TCP","1514","8004  >  37134 [ACK] Seq=366534 Ack=144 Win=65024 Len=1448 TSval=2916043860 TSecr=3045563632 [TCP segment of a reassembled PDU]"
"77638","39.779734677","192.168.1.55","192.168.1.2","TCP","1514","8004  >  37134 [ACK] Seq=367982 Ack=144 Win=65024 Len=1448 TSval=2916043860 TSecr=3045563632 [TCP segment of a reassembled PDU]"
"77639","39.779735974","192.168.1.55","192.168.1.2","TCP","1514","8004  >  37134 [PSH, ACK] Seq=369430 Ack=144 Win=65024 Len=1448 TSval=2916043860 TSecr=3045563632 [TCP segment of a reassembled PDU]"
"77640","39.779740918","192.168.1.2","192.168.1.55","TCP","66","37134  >  8004 [ACK] Seq=144 Ack=276758 Win=140288 Len=0 TSval=3045563632 TSecr=2916043852"
"77641","39.779789752","192.168.1.55","192.168.1.2","TCP","1514","8004  >  37134 [ACK] Seq=370878 Ack=144 Win=65024 Len=1448 TSval=2916043860 TSecr=3045563632 [TCP segment of a reassembled PDU]"
"77642","39.779791900","192.168.1.55","192.168.1.2","TCP","1514","8004  >  37134 [ACK] Seq=372326 Ack=144 Win=65024 Len=1448 TSval=2916043860 TSecr=3045563632 [TCP segment of a reassembled PDU]"
"77643","39.779793252","192.168.1.55","192.168.1.2","TCP","1514","8004  >  37134 [ACK] Seq=373774 Ack=144 Win=65024 Len=1448 TSval=2916043860 TSecr=3045563632 [TCP segment of a reassembled PDU]"
"77644","39.779794659","192.168.1.55","192.168.1.2","TCP","1514","8004  >  37134 [ACK] Seq=375222 Ack=144 Win=65024 Len=1448 TSval=2916043860 TSecr=3045563632 [TCP segment of a reassembled PDU]"
"77645","39.779796196","192.168.1.55","192.168.1.2","TCP","1514","8004  >  37134 [ACK] Seq=376670 Ack=144 Win=65024 Len=1448 TSval=2916043860 TSecr=3045563632 [TCP segment of a reassembled PDU]"
"77646","39.779797603","192.168.1.55","192.168.1.2","TCP","1514","8004  >  37134 [ACK] Seq=378118 Ack=144 Win=65024 Len=1448 TSval=2916043860 TSecr=3045563632 [TCP segment of a reassembled PDU]"
"77647","39.779798900","192.168.1.55","192.168.1.2","TCP","1514","8004  >  37134 [ACK] Seq=379566 Ack=144 Win=65024 Len=1448 TSval=2916043860 TSecr=3045563632 [TCP segment of a reassembled PDU]"
"77648","39.779800196","192.168.1.55","192.168.1.2","TCP","1514","8004  >  37134 [ACK] Seq=381014 Ack=144 Win=65024 Len=1448 TSval=2916043860 TSecr=3045563632 [TCP segment of a reassembled PDU]"
"77649","39.779801678","192.168.1.55","192.168.1.2","TCP","1514","8004  >  37134 [ACK] Seq=382462 Ack=144 Win=65024 Len=1448 TSval=2916043860 TSecr=3045563632 [TCP segment of a reassembled PDU]"
"77650","39.779802955","192.168.1.55","192.168.1.2","TCP","1514","8004  >  37134 [ACK] Seq=383910 Ack=144 Win=65024 Len=1448 TSval=2916043860 TSecr=3045563632 [TCP segment of a reassembled PDU]"
"77651","39.779804289","192.168.1.55","192.168.1.2","TCP","1514","8004  >  37134 [ACK] Seq=385358 Ack=144 Win=65024 Len=1448 TSval=2916043860 TSecr=3045563632 [TCP segment of a reassembled PDU]"
"77652","39.779805900","192.168.1.55","192.168.1.2","TCP","1514","8004  >  37134 [ACK] Seq=386806 Ack=144 Win=65024 Len=1448 TSval=2916043860 TSecr=3045563632 [TCP segment of a reassembled PDU]"
"77653","39.779807178","192.168.1.55","192.168.1.2","TCP","1514","8004  >  37134 [ACK] Seq=388254 Ack=144 Win=65024 Len=1448 TSval=2916043860 TSecr=3045563632 [TCP segment of a reassembled PDU]"
"77654","39.779808752","192.168.1.55","192.168.1.2","TCP","1514","8004  >  37134 [ACK] Seq=389702 Ack=144 Win=65024 Len=1448 TSval=2916043860 TSecr=3045563632 [TCP segment of a reassembled PDU]"
"77655","39.779810066","192.168.1.55","192.168.1.2","TCP","1514","8004  >  37134 [ACK] Seq=391150 Ack=144 Win=65024 Len=1448 TSval=2916043860 TSecr=3045563632 [TCP segment of a reassembled PDU]"
"77656","39.779811529","192.168.1.55","192.168.1.2","TCP","1514","8004  >  37134 [ACK] Seq=392598 Ack=144 Win=65024 Len=1448 TSval=2916043860 TSecr=3045563632 [TCP segment of a reassembled PDU]"
"77657","39.779812955","192.168.1.55","192.168.1.2","TCP","1514","8004  >  37134 [ACK] Seq=394046 Ack=144 Win=65024 Len=1448 TSval=2916043860 TSecr=3045563632 [TCP segment of a reassembled PDU]"
"77658","39.779814233","192.168.1.55","192.168.1.2","TCP","1514","8004  >  37134 [ACK] Seq=395494 Ack=144 Win=65024 Len=1448 TSval=2916043860 TSecr=3045563632 [TCP segment of a reassembled PDU]"
"77659","39.779815715","192.168.1.55","192.168.1.2","TCP","1514","8004  >  37134 [ACK] Seq=396942 Ack=144 Win=65024 Len=1448 TSval=2916043860 TSecr=3045563632 [TCP segment of a reassembled PDU]"
"77660","39.779817215","192.168.1.55","192.168.1.2","TCP","1514","8004  >  37134 [ACK] Seq=398390 Ack=144 Win=65024 Len=1448 TSval=2916043860 TSecr=3045563632 [TCP segment of a reassembled PDU]"
"77661","39.779818659","192.168.1.55","192.168.1.2","TCP","1514","8004  >  37134 [ACK] Seq=399838 Ack=144 Win=65024 Len=1448 TSval=2916043860 TSecr=3045563632 [TCP segment of a reassembled PDU]"
"77662","39.779820011","192.168.1.55","192.168.1.2","TCP","1514","8004  >  37134 [ACK] Seq=401286 Ack=144 Win=65024 Len=1448 TSval=2916043860 TSecr=3045563632 [TCP segment of a reassembled PDU]"
"77663","39.779821455","192.168.1.55","192.168.1.2","TCP","1514","8004  >  37134 [ACK] Seq=402734 Ack=144 Win=65024 Len=1448 TSval=2916043860 TSecr=3045563632 [TCP segment of a reassembled PDU]"
"77664","39.779822733","192.168.1.55","192.168.1.2","TCP","1514","8004  >  37134 [ACK] Seq=404182 Ack=144 Win=65024 Len=1448 TSval=2916043860 TSecr=3045563632 [TCP segment of a reassembled PDU]"
"77665","39.779824048","192.168.1.55","192.168.1.2","TCP","1514","8004  >  37134 [ACK] Seq=405630 Ack=144 Win=65024 Len=1448 TSval=2916043860 TSecr=3045563632 [TCP segment of a reassembled PDU]"
"77666","39.779825529","192.168.1.55","192.168.1.2","TCP","1514","8004  >  37134 [ACK] Seq=407078 Ack=144 Win=65024 Len=1448 TSval=2916043860 TSecr=3045563632 [TCP segment of a reassembled PDU]"
"77667","39.779826955","192.168.1.55","192.168.1.2","TCP","1514","8004  >  37134 [ACK] Seq=408526 Ack=144 Win=65024 Len=1448 TSval=2916043860 TSecr=3045563632 [TCP segment of a reassembled PDU]"
"77668","39.779828252","192.168.1.55","192.168.1.2","TCP","1514","8004  >  37134 [ACK] Seq=409974 Ack=144 Win=65024 Len=1448 TSval=2916043860 TSecr=3045563632 [TCP segment of a reassembled PDU]"
"77669","39.779829604","192.168.1.55","192.168.1.2","TCP","1514","8004  >  37134 [PSH, ACK] Seq=411422 Ack=144 Win=65024 Len=1448 TSval=2916043860 TSecr=3045563632 [TCP segment of a reassembled PDU]"
"77670","39.781047439","192.168.1.2","192.168.1.55","TCP","66","37134  >  8004 [ACK] Seq=144 Ack=286894 Win=160768 Len=0 TSval=3045563633 TSecr=2916043852"
"77671","39.781080291","192.168.1.55","192.168.1.2","TCP","1514","8004  >  37134 [ACK] Seq=412870 Ack=144 Win=65024 Len=1448 TSval=2916043861 TSecr=3045563633 [TCP segment of a reassembled PDU]"
"77672","39.781082161","192.168.1.55","192.168.1.2","TCP","1514","8004  >  37134 [ACK] Seq=414318 Ack=144 Win=65024 Len=1448 TSval=2916043861 TSecr=3045563633 [TCP segment of a reassembled PDU]"
"77673","39.781083531","192.168.1.55","192.168.1.2","TCP","1514","8004  >  37134 [ACK] Seq=415766 Ack=144 Win=65024 Len=1448 TSval=2916043861 TSecr=3045563633 [TCP segment of a reassembled PDU]"
"77674","39.781084846","192.168.1.55","192.168.1.2","TCP","1514","8004  >  37134 [ACK] Seq=417214 Ack=144 Win=65024 Len=1448 TSval=2916043861 TSecr=3045563633 [TCP segment of a reassembled PDU]"
"77675","39.781086346","192.168.1.55","192.168.1.2","TCP","1514","8004  >  37134 [ACK] Seq=418662 Ack=144 Win=65024 Len=1448 TSval=2916043861 TSecr=3045563633 [TCP segment of a reassembled PDU]"
"77676","39.781087643","192.168.1.55","192.168.1.2","TCP","1514","8004  >  37134 [ACK] Seq=420110 Ack=144 Win=65024 Len=1448 TSval=2916043861 TSecr=3045563633 [TCP segment of a reassembled PDU]"
"77677","39.781089031","192.168.1.55","192.168.1.2","TCP","1514","8004  >  37134 [ACK] Seq=421558 Ack=144 Win=65024 Len=1448 TSval=2916043861 TSecr=3045563633 [TCP segment of a reassembled PDU]"
"77678","39.781090513","192.168.1.55","192.168.1.2","TCP","1514","8004  >  37134 [ACK] Seq=423006 Ack=144 Win=65024 Len=1448 TSval=2916043861 TSecr=3045563633 [TCP segment of a reassembled PDU]"
"77679","39.781091791","192.168.1.55","192.168.1.2","TCP","1514","8004  >  37134 [ACK] Seq=424454 Ack=144 Win=65024 Len=1448 TSval=2916043861 TSecr=3045563633 [TCP segment of a reassembled PDU]"
"77680","39.781093198","192.168.1.55","192.168.1.2","TCP","1514","8004  >  37134 [ACK] Seq=425902 Ack=144 Win=65024 Len=1448 TSval=2916043861 TSecr=3045563633 [TCP segment of a reassembled PDU]"
"77681","39.781094569","192.168.1.55","192.168.1.2","TCP","1514","8004  >  37134 [ACK] Seq=427350 Ack=144 Win=65024 Len=1448 TSval=2916043861 TSecr=3045563633 [TCP segment of a reassembled PDU]"
"77682","39.781095976","192.168.1.55","192.168.1.2","TCP","1514","8004  >  37134 [ACK] Seq=428798 Ack=144 Win=65024 Len=1448 TSval=2916043861 TSecr=3045563633 [TCP segment of a reassembled PDU]"
"77683","39.781097754","192.168.1.55","192.168.1.2","TCP","1514","8004  >  37134 [ACK] Seq=430246 Ack=144 Win=65024 Len=1448 TSval=2916043861 TSecr=3045563633 [TCP segment of a reassembled PDU]"
"77684","39.781099254","192.168.1.55","192.168.1.2","TCP","1514","8004  >  37134 [ACK] Seq=431694 Ack=144 Win=65024 Len=1448 TSval=2916043861 TSecr=3045563633 [TCP segment of a reassembled PDU]"
"77685","39.781100661","192.168.1.55","192.168.1.2","TCP","1514","8004  >  37134 [ACK] Seq=433142 Ack=144 Win=65024 Len=1448 TSval=2916043861 TSecr=3045563633 [TCP segment of a reassembled PDU]"
"77686","39.781102124","192.168.1.55","192.168.1.2","TCP","1514","8004  >  37134 [ACK] Seq=434590 Ack=144 Win=65024 Len=1448 TSval=2916043861 TSecr=3045563633 [TCP segment of a reassembled PDU]"
"77687","39.781103439","192.168.1.55","192.168.1.2","TCP","1514","8004  >  37134 [ACK] Seq=436038 Ack=144 Win=65024 Len=1448 TSval=2916043861 TSecr=3045563633 [TCP segment of a reassembled PDU]"
"77688","39.781104865","192.168.1.55","192.168.1.2","TCP","1514","8004  >  37134 [ACK] Seq=437486 Ack=144 Win=65024 Len=1448 TSval=2916043861 TSecr=3045563633 [TCP segment of a reassembled PDU]"
"77689","39.781106161","192.168.1.55","192.168.1.2","TCP","1514","8004  >  37134 [ACK] Seq=438934 Ack=144 Win=65024 Len=1448 TSval=2916043861 TSecr=3045563633 [TCP segment of a reassembled PDU]"
"77690","39.781107494","192.168.1.55","192.168.1.2","TCP","1514","8004  >  37134 [ACK] Seq=440382 Ack=144 Win=65024 Len=1448 TSval=2916043861 TSecr=3045563633 [TCP segment of a reassembled PDU]"
"77691","39.781109235","192.168.1.55","192.168.1.2","TCP","1514","8004  >  37134 [ACK] Seq=441830 Ack=144 Win=65024 Len=1448 TSval=2916043861 TSecr=3045563633 [TCP segment of a reassembled PDU]"
"77692","39.781110717","192.168.1.55","192.168.1.2","TCP","1514","8004  >  37134 [ACK] Seq=443278 Ack=144 Win=65024 Len=1448 TSval=2916043861 TSecr=3045563633 [TCP segment of a reassembled PDU]"
"77693","39.781112402","192.168.1.55","192.168.1.2","TCP","1514","8004  >  37134 [ACK] Seq=444726 Ack=144 Win=65024 Len=1448 TSval=2916043861 TSecr=3045563633 [TCP segment of a reassembled PDU]"
"77694","39.781113809","192.168.1.55","192.168.1.2","TCP","1514","8004  >  37134 [ACK] Seq=446174 Ack=144 Win=65024 Len=1448 TSval=2916043861 TSecr=3045563633 [TCP segment of a reassembled PDU]"
"77695","39.781115106","192.168.1.55","192.168.1.2","TCP","106","[TCP Window Full] 8004  >  37134 [PSH, ACK] Seq=447622 Ack=144 Win=65024 Len=40 TSval=2916043861 TSecr=3045563633 [TCP segment of a reassembled PDU]"
"77696","39.781144976","192.168.1.2","192.168.1.55","TCP","66","37134  >  8004 [ACK] Seq=144 Ack=294134 Win=168960 Len=0 TSval=3045563635 TSecr=2916043857"
"77697","39.781157032","192.168.1.55","192.168.1.2","TCP","1514","8004  >  37134 [ACK] Seq=447662 Ack=144 Win=65024 Len=1448 TSval=2916043861 TSecr=3045563635 [TCP segment of a reassembled PDU]"
"77698","39.781158772","192.168.1.55","192.168.1.2","TCP","1514","8004  >  37134 [ACK] Seq=449110 Ack=144 Win=65024 Len=1448 TSval=2916043861 TSecr=3045563635 [TCP segment of a reassembled PDU]"
"77699","39.781160032","192.168.1.55","192.168.1.2","TCP","1514","8004  >  37134 [ACK] Seq=450558 Ack=144 Win=65024 Len=1448 TSval=2916043861 TSecr=3045563635 [TCP segment of a reassembled PDU]"
"77700","39.781161476","192.168.1.55","192.168.1.2","TCP","1514","8004  >  37134 [PSH, ACK] Seq=452006 Ack=144 Win=65024 Len=1448 TSval=2916043861 TSecr=3045563635 [TCP segment of a reassembled PDU]"
"77701","39.781166791","192.168.1.55","192.168.1.2","TCP","1474","8004  >  37134 [PSH, ACK] Seq=453454 Ack=144 Win=65024 Len=1408 TSval=2916043861 TSecr=3045563635 [TCP segment of a reassembled PDU]"
"77702","39.781551032","192.168.1.55","192.168.1.2","TCP","1514","8004  >  37134 [ACK] Seq=454862 Ack=144 Win=65024 Len=1448 TSval=2916043862 TSecr=3045563635 [TCP segment of a reassembled PDU]"
"77703","39.781553458","192.168.1.55","192.168.1.2","TCP","1514","8004  >  37134 [ACK] Seq=456310 Ack=144 Win=65024 Len=1448 TSval=2916043862 TSecr=3045563635 [TCP segment of a reassembled PDU]"
"77704","39.781554792","192.168.1.55","192.168.1.2","TCP","1514","8004  >  37134 [ACK] Seq=457758 Ack=144 Win=65024 Len=1448 TSval=2916043862 TSecr=3045563635 [TCP segment of a reassembled PDU]"
"77705","39.781556069","192.168.1.55","192.168.1.2","TCP","1514","8004  >  37134 [ACK] Seq=459206 Ack=144 Win=65024 Len=1448 TSval=2916043862 TSecr=3045563635 [TCP segment of a reassembled PDU]"
"77706","39.781557366","192.168.1.55","192.168.1.2","TCP","1514","8004  >  37134 [PSH, ACK] Seq=460654 Ack=144 Win=65024 Len=1448 TSval=2916043862 TSecr=3045563635 [TCP segment of a reassembled PDU]"
"77707","39.786493818","192.168.1.2","192.168.1.55","TCP","66","37134  >  8004 [ACK] Seq=144 Ack=295582 Win=172032 Len=0 TSval=3045563636 TSecr=2916043859"
"77708","39.786520207","192.168.1.55","192.168.1.2","TCP","1514","8004  >  37134 [ACK] Seq=462102 Ack=144 Win=65024 Len=1448 TSval=2916043867 TSecr=3045563636 [TCP segment of a reassembled PDU]"
"77709","39.786524151","192.168.1.55","192.168.1.2","TCP","1514","8004  >  37134 [ACK] Seq=463550 Ack=144 Win=65024 Len=1448 TSval=2916043867 TSecr=3045563636 [TCP segment of a reassembled PDU]"
"77710","39.786525485","192.168.1.55","192.168.1.2","TCP","1514","8004  >  37134 [PSH, ACK] Seq=464998 Ack=144 Win=65024 Len=1448 TSval=2916043867 TSecr=3045563636 [TCP segment of a reassembled PDU]"
"77711","39.791250270","192.168.1.2","192.168.1.55","TCP","66","37134  >  8004 [ACK] Seq=144 Ack=298478 Win=177152 Len=0 TSval=3045563637 TSecr=2916043859"
"77712","39.791263937","192.168.1.55","192.168.1.2","TCP","1514","8004  >  37134 [ACK] Seq=466446 Ack=144 Win=65024 Len=1448 TSval=2916043871 TSecr=3045563637 [TCP segment of a reassembled PDU]"
"77713","39.791266326","192.168.1.55","192.168.1.2","TCP","1514","8004  >  37134 [ACK] Seq=467894 Ack=144 Win=65024 Len=1448 TSval=2916043871 TSecr=3045563637 [TCP segment of a reassembled PDU]"
"77714","39.791267585","192.168.1.55","192.168.1.2","TCP","1514","8004  >  37134 [ACK] Seq=469342 Ack=144 Win=65024 Len=1448 TSval=2916043871 TSecr=3045563637 [TCP segment of a reassembled PDU]"
"77715","39.791269030","192.168.1.55","192.168.1.2","TCP","1514","8004  >  37134 [ACK] Seq=470790 Ack=144 Win=65024 Len=1448 TSval=2916043871 TSecr=3045563637 [TCP segment of a reassembled PDU]"
"77716","39.791270307","192.168.1.55","192.168.1.2","TCP","1514","8004  >  37134 [ACK] Seq=472238 Ack=144 Win=65024 Len=1448 TSval=2916043871 TSecr=3045563637 [TCP segment of a reassembled PDU]"
"77717","39.791271696","192.168.1.55","192.168.1.2","TCP","1514","8004  >  37134 [PSH, ACK] Seq=473686 Ack=144 Win=65024 Len=1448 TSval=2916043871 TSecr=3045563637 [TCP segment of a reassembled PDU]"
"77718","39.793478792","192.168.1.2","192.168.1.55","TCP","66","37134  >  8004 [ACK] Seq=144 Ack=305718 Win=177152 Len=0 TSval=3045563647 TSecr=2916043859"
"77719","39.793490848","192.168.1.55","192.168.1.2","TCP","1514","8004  >  37134 [ACK] Seq=475134 Ack=144 Win=65024 Len=1448 TSval=2916043874 TSecr=3045563647 [TCP segment of a reassembled PDU]"
"77720","39.793493144","192.168.1.55","192.168.1.2","TCP","1514","8004  >  37134 [ACK] Seq=476582 Ack=144 Win=65024 Len=1448 TSval=2916043874 TSecr=3045563647 [TCP segment of a reassembled PDU]"
"77721","39.793494496","192.168.1.55","192.168.1.2","TCP","1514","8004  >  37134 [ACK] Seq=478030 Ack=144 Win=65024 Len=1448 TSval=2916043874 TSecr=3045563647 [TCP segment of a reassembled PDU]"
"77722","39.793495774","192.168.1.55","192.168.1.2","TCP","1514","8004  >  37134 [ACK] Seq=479478 Ack=144 Win=65024 Len=1448 TSval=2916043874 TSecr=3045563647 [TCP segment of a reassembled PDU]"
"77723","39.793497459","192.168.1.55","192.168.1.2","TCP","1514","8004  >  37134 [PSH, ACK] Seq=480926 Ack=144 Win=65024 Len=1448 TSval=2916043874 TSecr=3045563647 [TCP segment of a reassembled PDU]"
"77724","39.793801756","192.168.1.2","192.168.1.55","TCP","66","37134  >  8004 [ACK] Seq=144 Ack=370878 Win=126976 Len=0 TSval=3045563647 TSecr=2916043860"
"77725","39.793821441","192.168.1.55","192.168.1.2","TCP","1514","8004  >  37134 [ACK] Seq=482374 Ack=144 Win=65024 Len=1448 TSval=2916043874 TSecr=3045563647 [TCP segment of a reassembled PDU]"
"77726","39.793824275","192.168.1.55","192.168.1.2","TCP","1514","8004  >  37134 [ACK] Seq=483822 Ack=144 Win=65024 Len=1448 TSval=2916043874 TSecr=3045563647 [TCP segment of a reassembled PDU]"
"77727","39.793825626","192.168.1.55","192.168.1.2","TCP","1514","8004  >  37134 [ACK] Seq=485270 Ack=144 Win=65024 Len=1448 TSval=2916043874 TSecr=3045563647 [TCP segment of a reassembled PDU]"
"77728","39.793827052","192.168.1.55","192.168.1.2","TCP","1514","8004  >  37134 [ACK] Seq=486718 Ack=144 Win=65024 Len=1448 TSval=2916043874 TSecr=3045563647 [TCP segment of a reassembled PDU]"
"77729","39.793828312","192.168.1.55","192.168.1.2","TCP","1514","8004  >  37134 [ACK] Seq=488166 Ack=144 Win=65024 Len=1448 TSval=2916043874 TSecr=3045563647 [TCP segment of a reassembled PDU]"
"77730","39.793829756","192.168.1.55","192.168.1.2","TCP","1514","8004  >  37134 [ACK] Seq=489614 Ack=144 Win=65024 Len=1448 TSval=2916043874 TSecr=3045563647 [TCP segment of a reassembled PDU]"
"77731","39.793831163","192.168.1.55","192.168.1.2","TCP","1514","8004  >  37134 [ACK] Seq=491062 Ack=144 Win=65024 Len=1448 TSval=2916043874 TSecr=3045563647 [TCP segment of a reassembled PDU]"
"77732","39.793832534","192.168.1.55","192.168.1.2","TCP","1514","8004  >  37134 [ACK] Seq=492510 Ack=144 Win=65024 Len=1448 TSval=2916043874 TSecr=3045563647 [TCP segment of a reassembled PDU]"
"77733","39.793833904","192.168.1.55","192.168.1.2","TCP","1514","8004  >  37134 [ACK] Seq=493958 Ack=144 Win=65024 Len=1448 TSval=2916043874 TSecr=3045563647 [TCP segment of a reassembled PDU]"
"77734","39.793835163","192.168.1.55","192.168.1.2","TCP","1514","8004  >  37134 [PSH, ACK] Seq=495406 Ack=144 Win=65024 Len=1448 TSval=2916043874 TSecr=3045563647 [TCP segment of a reassembled PDU]"
"77735","39.793839793","192.168.1.2","192.168.1.55","TCP","66","37134  >  8004 [ACK] Seq=144 Ack=389702 Win=110592 Len=0 TSval=3045563647 TSecr=2916043860"
"77736","39.793849349","192.168.1.55","192.168.1.2","TCP","1514","8004  >  37134 [ACK] Seq=496854 Ack=144 Win=65024 Len=1448 TSval=2916043874 TSecr=3045563647 [TCP segment of a reassembled PDU]"
"77737","39.793853775","192.168.1.55","192.168.1.2","HTTP","222","HTTP/1.0 200 OK  (PNG)"
"77738","39.794350961","192.168.1.2","192.168.1.55","TCP","66","37134  >  8004 [ACK] Seq=144 Ack=412870 Win=164864 Len=0 TSval=3045563649 TSecr=2916043860"
"77739","39.794412201","192.168.1.2","192.168.1.55","TCP","66","37134  >  8004 [ACK] Seq=144 Ack=466446 Win=111616 Len=0 TSval=3045563650 TSecr=2916043861"
"77740","39.794448146","192.168.1.2","192.168.1.55","TCP","66","37134  >  8004 [ACK] Seq=144 Ack=475134 Win=107520 Len=0 TSval=3045563650 TSecr=2916043871"
"77741","39.797214706","192.168.1.2","192.168.1.55","TCP","66","37134  >  8004 [ACK] Seq=144 Ack=479478 Win=179200 Len=0 TSval=3045563652 TSecr=2916043874"
"77742","39.797350502","192.168.1.2","192.168.1.55","TCP","66","37134  >  8004 [ACK] Seq=144 Ack=482374 Win=185344 Len=0 TSval=3045563652 TSecr=2916043874"
"77743","39.797356614","192.168.1.2","192.168.1.55","TCP","66","37134  >  8004 [ACK] Seq=144 Ack=489614 Win=199680 Len=0 TSval=3045563652 TSecr=2916043874"
"77744","39.797967522","192.168.1.2","192.168.1.55","TCP","66","37134  >  8004 [ACK] Seq=144 Ack=496854 Win=214016 Len=0 TSval=3045563653 TSecr=2916043874"
"77745","39.798079726","192.168.1.2","192.168.1.55","TCP","66","37134  >  8004 [ACK] Seq=144 Ack=498302 Win=217088 Len=0 TSval=3045563653 TSecr=2916043874"
"77746","39.799672951","192.168.1.2","192.168.1.55","TCP","66","37134  >  8004 [FIN, ACK] Seq=144 Ack=498459 Win=220160 Len=0 TSval=3045563654 TSecr=2916043874"
"77747","39.799684636","192.168.1.55","192.168.1.2","TCP","66","8004  >  37134 [ACK] Seq=498459 Ack=145 Win=65024 Len=0 TSval=2916043880 TSecr=3045563654"
"77748","39.799797377","192.168.1.2","192.168.1.55","TCP","74","37150  >  8004 [SYN] Seq=0 Win=64240 Len=0 MSS=1460 SACK_PERM TSval=3045563654 TSecr=0 WS=1024"
"77749","39.799822340","192.168.1.55","192.168.1.2","TCP","74","8004  >  37150 [SYN, ACK] Seq=0 Ack=1 Win=65160 Len=0 MSS=1460 SACK_PERM TSval=2916043880 TSecr=3045563654 WS=128"
"77750","39.803100567","192.168.1.2","192.168.1.55","TCP","66","37150  >  8004 [ACK] Seq=1 Ack=1 Win=64512 Len=0 TSval=3045563657 TSecr=2916043880"
"77751","39.806321369","192.168.1.2","192.168.1.55","HTTP","206","GET /stego_benchmark.png HTTP/1.1 "
"77752","39.806337628","192.168.1.55","192.168.1.2","TCP","66","8004  >  37150 [ACK] Seq=1 Ack=141 Win=65024 Len=0 TSval=2916043887 TSecr=3045563658"
"77753","39.806820370","192.168.1.55","192.168.1.2","TCP","255","8004  >  37150 [PSH, ACK] Seq=1 Ack=141 Win=65024 Len=189 TSval=2916043887 TSecr=3045563658 [TCP segment of a reassembled PDU]"
"77754","39.806907166","192.168.1.55","192.168.1.2","TCP","1514","8004  >  37150 [ACK] Seq=190 Ack=141 Win=65024 Len=1448 TSval=2916043887 TSecr=3045563658 [TCP segment of a reassembled PDU]"
"77755","39.806912111","192.168.1.55","192.168.1.2","TCP","1514","8004  >  37150 [ACK] Seq=1638 Ack=141 Win=65024 Len=1448 TSval=2916043887 TSecr=3045563658 [TCP segment of a reassembled PDU]"
"77756","39.806913629","192.168.1.55","192.168.1.2","TCP","1514","8004  >  37150 [ACK] Seq=3086 Ack=141 Win=65024 Len=1448 TSval=2916043887 TSecr=3045563658 [TCP segment of a reassembled PDU]"
"77757","39.806914981","192.168.1.55","192.168.1.2","TCP","1514","8004  >  37150 [ACK] Seq=4534 Ack=141 Win=65024 Len=1448 TSval=2916043887 TSecr=3045563658 [TCP segment of a reassembled PDU]"
"77758","39.806916870","192.168.1.55","192.168.1.2","TCP","1514","8004  >  37150 [PSH, ACK] Seq=5982 Ack=141 Win=65024 Len=1448 TSval=2916043887 TSecr=3045563658 [TCP segment of a reassembled PDU]"
"77759","39.806935592","192.168.1.55","192.168.1.2","TCP","1514","8004  >  37150 [ACK] Seq=7430 Ack=141 Win=65024 Len=1448 TSval=2916043887 TSecr=3045563658 [TCP segment of a reassembled PDU]"
"77760","39.806937296","192.168.1.55","192.168.1.2","TCP","1514","8004  >  37150 [ACK] Seq=8878 Ack=141 Win=65024 Len=1448 TSval=2916043887 TSecr=3045563658 [TCP segment of a reassembled PDU]"
"77761","39.806938703","192.168.1.55","192.168.1.2","TCP","1514","8004  >  37150 [ACK] Seq=10326 Ack=141 Win=65024 Len=1448 TSval=2916043887 TSecr=3045563658 [TCP segment of a reassembled PDU]"
"77762","39.806940018","192.168.1.55","192.168.1.2","TCP","1514","8004  >  37150 [PSH, ACK] Seq=11774 Ack=141 Win=65024 Len=1448 TSval=2916043887 TSecr=3045563658 [TCP segment of a reassembled PDU]"
"77763","39.814146271","192.168.1.2","192.168.1.55","TCP","66","37150  >  8004 [ACK] Seq=141 Ack=190 Win=64512 Len=0 TSval=3045563666 TSecr=2916043887"
"77764","39.814213993","192.168.1.55","192.168.1.2","TCP","1514","8004  >  37150 [ACK] Seq=13222 Ack=141 Win=65024 Len=1448 TSval=2916043894 TSecr=3045563666 [TCP segment of a reassembled PDU]"
"77765","39.814220789","192.168.1.55","192.168.1.2","TCP","1514","8004  >  37150 [PSH, ACK] Seq=14670 Ack=141 Win=65024 Len=1448 TSval=2916043894 TSecr=3045563666 [TCP segment of a reassembled PDU]"
"77766","39.814302623","192.168.1.2","192.168.1.55","TCP","66","37150  >  8004 [ACK] Seq=141 Ack=7430 Win=79872 Len=0 TSval=3045563666 TSecr=2916043887"
"77767","39.814340660","192.168.1.55","192.168.1.2","TCP","1514","8004  >  37150 [ACK] Seq=16118 Ack=141 Win=65024 Len=1448 TSval=2916043895 TSecr=3045563666 [TCP segment of a reassembled PDU]"
"77768","39.814344586","192.168.1.55","192.168.1.2","TCP","1514","8004  >  37150 [ACK] Seq=17566 Ack=141 Win=65024 Len=1448 TSval=2916043895 TSecr=3045563666 [TCP segment of a reassembled PDU]"
"77769","39.814345864","192.168.1.55","192.168.1.2","TCP","1514","8004  >  37150 [ACK] Seq=19014 Ack=141 Win=65024 Len=1448 TSval=2916043895 TSecr=3045563666 [TCP segment of a reassembled PDU]"
"77770","39.814347308","192.168.1.55","192.168.1.2","TCP","1514","8004  >  37150 [ACK] Seq=20462 Ack=141 Win=65024 Len=1448 TSval=2916043895 TSecr=3045563666 [TCP segment of a reassembled PDU]"
"77771","39.814349512","192.168.1.55","192.168.1.2","TCP","1514","8004  >  37150 [ACK] Seq=21910 Ack=141 Win=65024 Len=1448 TSval=2916043895 TSecr=3045563666 [TCP segment of a reassembled PDU]"
"77772","39.814351475","192.168.1.55","192.168.1.2","TCP","1514","8004  >  37150 [ACK] Seq=23358 Ack=141 Win=65024 Len=1448 TSval=2916043895 TSecr=3045563666 [TCP segment of a reassembled PDU]"
"77773","39.814353030","192.168.1.55","192.168.1.2","TCP","1514","8004  >  37150 [ACK] Seq=24806 Ack=141 Win=65024 Len=1448 TSval=2916043895 TSecr=3045563666 [TCP segment of a reassembled PDU]"
"77774","39.814354697","192.168.1.55","192.168.1.2","TCP","1514","8004  >  37150 [PSH, ACK] Seq=26254 Ack=141 Win=65024 Len=1448 TSval=2916043895 TSecr=3045563666 [TCP segment of a reassembled PDU]"
"77775","39.814361790","192.168.1.2","192.168.1.55","TCP","66","37150  >  8004 [ACK] Seq=141 Ack=8878 Win=81920 Len=0 TSval=3045563667 TSecr=2916043887"
"77776","39.814371160","192.168.1.2","192.168.1.55","TCP","66","37150  >  8004 [ACK] Seq=141 Ack=13222 Win=91136 Len=0 TSval=3045563667 TSecr=2916043887"
"77777","39.814408141","192.168.1.55","192.168.1.2","TCP","1514","8004  >  37150 [ACK] Seq=27702 Ack=141 Win=65024 Len=1448 TSval=2916043895 TSecr=3045563667 [TCP segment of a reassembled PDU]"
"77778","39.814411753","192.168.1.55","192.168.1.2","TCP","1514","8004  >  37150 [ACK] Seq=29150 Ack=141 Win=65024 Len=1448 TSval=2916043895 TSecr=3045563667 [TCP segment of a reassembled PDU]"
"77779","39.814413993","192.168.1.55","192.168.1.2","TCP","1514","8004  >  37150 [ACK] Seq=30598 Ack=141 Win=65024 Len=1448 TSval=2916043895 TSecr=3045563667 [TCP segment of a reassembled PDU]"
"77780","39.814416197","192.168.1.55","192.168.1.2","TCP","1514","8004  >  37150 [ACK] Seq=32046 Ack=141 Win=65024 Len=1448 TSval=2916043895 TSecr=3045563667 [TCP segment of a reassembled PDU]"
"77781","39.814418141","192.168.1.55","192.168.1.2","TCP","1514","8004  >  37150 [ACK] Seq=33494 Ack=141 Win=65024 Len=1448 TSval=2916043895 TSecr=3045563667 [TCP segment of a reassembled PDU]"
"77782","39.814419938","192.168.1.55","192.168.1.2","TCP","1514","8004  >  37150 [ACK] Seq=34942 Ack=141 Win=65024 Len=1448 TSval=2916043895 TSecr=3045563667 [TCP segment of a reassembled PDU]"
"77783","39.814421604","192.168.1.55","192.168.1.2","TCP","1514","8004  >  37150 [ACK] Seq=36390 Ack=141 Win=65024 Len=1448 TSval=2916043895 TSecr=3045563667 [TCP segment of a reassembled PDU]"
"77784","39.814423438","192.168.1.55","192.168.1.2","TCP","1514","8004  >  37150 [ACK] Seq=37838 Ack=141 Win=65024 Len=1448 TSval=2916043895 TSecr=3045563667 [TCP segment of a reassembled PDU]"
"77785","39.814425771","192.168.1.55","192.168.1.2","TCP","1514","8004  >  37150 [ACK] Seq=39286 Ack=141 Win=65024 Len=1448 TSval=2916043895 TSecr=3045563667 [TCP segment of a reassembled PDU]"
"77786","39.814427290","192.168.1.55","192.168.1.2","TCP","1514","8004  >  37150 [PSH, ACK] Seq=40734 Ack=141 Win=65024 Len=1448 TSval=2916043895 TSecr=3045563667 [TCP segment of a reassembled PDU]"
"77787","39.819671539","192.168.1.2","192.168.1.55","TCP","66","37150  >  8004 [ACK] Seq=141 Ack=16118 Win=94208 Len=0 TSval=3045563673 TSecr=2916043894"
"77788","39.819684891","192.168.1.55","192.168.1.2","TCP","1514","8004  >  37150 [ACK] Seq=42182 Ack=141 Win=65024 Len=1448 TSval=2916043900 TSecr=3045563673 [TCP segment of a reassembled PDU]"
"77789","39.819689113","192.168.1.55","192.168.1.2","TCP","1514","8004  >  37150 [PSH, ACK] Seq=43630 Ack=141 Win=65024 Len=1448 TSval=2916043900 TSecr=3045563673 [TCP segment of a reassembled PDU]"
"77790","39.820141466","192.168.1.2","192.168.1.55","TCP","66","37150  >  8004 [ACK] Seq=141 Ack=27702 Win=84992 Len=0 TSval=3045563673 TSecr=2916043895"
"77791","39.820178540","192.168.1.55","192.168.1.2","TCP","1514","8004  >  37150 [ACK] Seq=45078 Ack=141 Win=65024 Len=1448 TSval=2916043900 TSecr=3045563673 [TCP segment of a reassembled PDU]"
"77792","39.820181336","192.168.1.55","192.168.1.2","TCP","1514","8004  >  37150 [ACK] Seq=46526 Ack=141 Win=65024 Len=1448 TSval=2916043900 TSecr=3045563673 [TCP segment of a reassembled PDU]"
"77793","39.820183132","192.168.1.55","192.168.1.2","TCP","1514","8004  >  37150 [ACK] Seq=47974 Ack=141 Win=65024 Len=1448 TSval=2916043900 TSecr=3045563673 [TCP segment of a reassembled PDU]"
"77794","39.820184892","192.168.1.55","192.168.1.2","TCP","1514","8004  >  37150 [ACK] Seq=49422 Ack=141 Win=65024 Len=1448 TSval=2916043900 TSecr=3045563673 [TCP segment of a reassembled PDU]"
"77795","39.820186225","192.168.1.55","192.168.1.2","TCP","1514","8004  >  37150 [ACK] Seq=50870 Ack=141 Win=65024 Len=1448 TSval=2916043900 TSecr=3045563673 [TCP segment of a reassembled PDU]"
"77796","39.820187688","192.168.1.55","192.168.1.2","TCP","1514","8004  >  37150 [ACK] Seq=52318 Ack=141 Win=65024 Len=1448 TSval=2916043900 TSecr=3045563673 [TCP segment of a reassembled PDU]"
"77797","39.820190355","192.168.1.55","192.168.1.2","TCP","1514","8004  >  37150 [ACK] Seq=53766 Ack=141 Win=65024 Len=1448 TSval=2916043900 TSecr=3045563673 [TCP segment of a reassembled PDU]"
"77798","39.820192021","192.168.1.55","192.168.1.2","TCP","1514","8004  >  37150 [ACK] Seq=55214 Ack=141 Win=65024 Len=1448 TSval=2916043900 TSecr=3045563673 [TCP segment of a reassembled PDU]"
"77799","39.820193892","192.168.1.55","192.168.1.2","TCP","1514","8004  >  37150 [ACK] Seq=56662 Ack=141 Win=65024 Len=1448 TSval=2916043900 TSecr=3045563673 [TCP segment of a reassembled PDU]"
"77800","39.820204688","192.168.1.55","192.168.1.2","TCP","1514","8004  >  37150 [ACK] Seq=58110 Ack=141 Win=65024 Len=1448 TSval=2916043900 TSecr=3045563673 [TCP segment of a reassembled PDU]"
"77801","39.820206836","192.168.1.55","192.168.1.2","TCP","1514","8004  >  37150 [ACK] Seq=59558 Ack=141 Win=65024 Len=1448 TSval=2916043900 TSecr=3045563673 [TCP segment of a reassembled PDU]"
"77802","39.820210114","192.168.1.55","192.168.1.2","TCP","1514","8004  >  37150 [ACK] Seq=61006 Ack=141 Win=65024 Len=1448 TSval=2916043900 TSecr=3045563673 [TCP segment of a reassembled PDU]"
"77803","39.820211929","192.168.1.55","192.168.1.2","TCP","1514","8004  >  37150 [ACK] Seq=62454 Ack=141 Win=65024 Len=1448 TSval=2916043900 TSecr=3045563673 [TCP segment of a reassembled PDU]"
"77804","39.820213040","192.168.1.55","192.168.1.2","TCP","1514","8004  >  37150 [ACK] Seq=63902 Ack=141 Win=65024 Len=1448 TSval=2916043900 TSecr=3045563673 [TCP segment of a reassembled PDU]"
"77805","39.820214447","192.168.1.55","192.168.1.2","TCP","1514","8004  >  37150 [PSH, ACK] Seq=65350 Ack=141 Win=65024 Len=1448 TSval=2916043900 TSecr=3045563673 [TCP segment of a reassembled PDU]"
"77806","39.820219595","192.168.1.2","192.168.1.55","TCP","66","37150  >  8004 [ACK] Seq=141 Ack=36390 Win=76800 Len=0 TSval=3045563673 TSecr=2916043895"
"77807","39.820240873","192.168.1.55","192.168.1.2","TCP","1514","8004  >  37150 [ACK] Seq=66798 Ack=141 Win=65024 Len=1448 TSval=2916043900 TSecr=3045563673 [TCP segment of a reassembled PDU]"
"77808","39.820243447","192.168.1.55","192.168.1.2","TCP","1514","8004  >  37150 [ACK] Seq=68246 Ack=141 Win=65024 Len=1448 TSval=2916043900 TSecr=3045563673 [TCP segment of a reassembled PDU]"
"77809","39.820245058","192.168.1.55","192.168.1.2","TCP","1514","8004  >  37150 [ACK] Seq=69694 Ack=141 Win=65024 Len=1448 TSval=2916043900 TSecr=3045563673 [TCP segment of a reassembled PDU]"
"77810","39.820246762","192.168.1.55","192.168.1.2","TCP","1514","8004  >  37150 [ACK] Seq=71142 Ack=141 Win=65024 Len=1448 TSval=2916043900 TSecr=3045563673 [TCP segment of a reassembled PDU]"
"77811","39.820247966","192.168.1.55","192.168.1.2","TCP","1514","8004  >  37150 [ACK] Seq=72590 Ack=141 Win=65024 Len=1448 TSval=2916043900 TSecr=3045563673 [TCP segment of a reassembled PDU]"
"77812","39.820249151","192.168.1.55","192.168.1.2","TCP","1514","8004  >  37150 [ACK] Seq=74038 Ack=141 Win=65024 Len=1448 TSval=2916043900 TSecr=3045563673 [TCP segment of a reassembled PDU]"
"77813","39.820250447","192.168.1.55","192.168.1.2","TCP","1514","8004  >  37150 [PSH, ACK] Seq=75486 Ack=141 Win=65024 Len=1448 TSval=2916043900 TSecr=3045563673 [TCP segment of a reassembled PDU]"
"77814","39.820256133","192.168.1.2","192.168.1.55","TCP","66","37150  >  8004 [ACK] Seq=141 Ack=42182 Win=91136 Len=0 TSval=3045563674 TSecr=2916043895"
"77815","39.821202986","192.168.1.55","192.168.1.2","TCP","1514","8004  >  37150 [ACK] Seq=76934 Ack=141 Win=65024 Len=1448 TSval=2916043901 TSecr=3045563674 [TCP segment of a reassembled PDU]"
"77816","39.821215412","192.168.1.55","192.168.1.2","TCP","1514","8004  >  37150 [ACK] Seq=78382 Ack=141 Win=65024 Len=1448 TSval=2916043901 TSecr=3045563674 [TCP segment of a reassembled PDU]"
"77817","39.821217412","192.168.1.55","192.168.1.2","TCP","1514","8004  >  37150 [ACK] Seq=79830 Ack=141 Win=65024 Len=1448 TSval=2916043901 TSecr=3045563674 [TCP segment of a reassembled PDU]"
"77818","39.821218764","192.168.1.55","192.168.1.2","TCP","1514","8004  >  37150 [ACK] Seq=81278 Ack=141 Win=65024 Len=1448 TSval=2916043901 TSecr=3045563674 [TCP segment of a reassembled PDU]"
"77819","39.821220764","192.168.1.55","192.168.1.2","TCP","1514","8004  >  37150 [ACK] Seq=82726 Ack=141 Win=65024 Len=1448 TSval=2916043901 TSecr=3045563674 [TCP segment of a reassembled PDU]"
"77820","39.821222504","192.168.1.55","192.168.1.2","TCP","1514","8004  >  37150 [ACK] Seq=84174 Ack=141 Win=65024 Len=1448 TSval=2916043901 TSecr=3045563674 [TCP segment of a reassembled PDU]"
"77821","39.821224227","192.168.1.55","192.168.1.2","TCP","1514","8004  >  37150 [ACK] Seq=85622 Ack=141 Win=65024 Len=1448 TSval=2916043901 TSecr=3045563674 [TCP segment of a reassembled PDU]"
"77822","39.821226430","192.168.1.55","192.168.1.2","TCP","1514","8004  >  37150 [ACK] Seq=87070 Ack=141 Win=65024 Len=1448 TSval=2916043901 TSecr=3045563674 [TCP segment of a reassembled PDU]"
"77823","39.821229338","192.168.1.55","192.168.1.2","TCP","1514","8004  >  37150 [ACK] Seq=88518 Ack=141 Win=65024 Len=1448 TSval=2916043901 TSecr=3045563674 [TCP segment of a reassembled PDU]"
"77824","39.821231356","192.168.1.55","192.168.1.2","TCP","1514","8004  >  37150 [ACK] Seq=89966 Ack=141 Win=65024 Len=1448 TSval=2916043901 TSecr=3045563674 [TCP segment of a reassembled PDU]"
"77825","39.821233745","192.168.1.55","192.168.1.2","TCP","1514","8004  >  37150 [ACK] Seq=91414 Ack=141 Win=65024 Len=1448 TSval=2916043901 TSecr=3045563674 [TCP segment of a reassembled PDU]"
"77826","39.821235634","192.168.1.55","192.168.1.2","TCP","1514","8004  >  37150 [ACK] Seq=92862 Ack=141 Win=65024 Len=1448 TSval=2916043901 TSecr=3045563674 [TCP segment of a reassembled PDU]"
"77827","39.821237430","192.168.1.55","192.168.1.2","TCP","1514","8004  >  37150 [ACK] Seq=94310 Ack=141 Win=65024 Len=1448 TSval=2916043901 TSecr=3045563674 [TCP segment of a reassembled PDU]"
"77828","39.821238893","192.168.1.55","192.168.1.2","TCP","1514","8004  >  37150 [ACK] Seq=95758 Ack=141 Win=65024 Len=1448 TSval=2916043901 TSecr=3045563674 [TCP segment of a reassembled PDU]"
"77829","39.821241060","192.168.1.55","192.168.1.2","TCP","1514","8004  >  37150 [ACK] Seq=97206 Ack=141 Win=65024 Len=1448 TSval=2916043901 TSecr=3045563674 [TCP segment of a reassembled PDU]"
"77830","39.821242653","192.168.1.55","192.168.1.2","TCP","1514","8004  >  37150 [PSH, ACK] Seq=98654 Ack=141 Win=65024 Len=1448 TSval=2916043901 TSecr=3045563674 [TCP segment of a reassembled PDU]"
"77831","39.824525325","192.168.1.2","192.168.1.55","TCP","66","37150  >  8004 [ACK] Seq=141 Ack=43630 Win=93184 Len=0 TSval=3045563677 TSecr=2916043900"
"77832","39.824564436","192.168.1.55","192.168.1.2","TCP","1514","8004  >  37150 [ACK] Seq=100102 Ack=141 Win=65024 Len=1448 TSval=2916043905 TSecr=3045563677 [TCP segment of a reassembled PDU]"
"77833","39.824568399","192.168.1.55","192.168.1.2","TCP","1514","8004  >  37150 [PSH, ACK] Seq=101550 Ack=141 Win=65024 Len=1448 TSval=2916043905 TSecr=3045563677 [TCP segment of a reassembled PDU]"
"77834","39.824610047","192.168.1.2","192.168.1.55","TCP","66","37150  >  8004 [ACK] Seq=141 Ack=45078 Win=93184 Len=0 TSval=3045563677 TSecr=2916043900"
"77835","39.825961808","192.168.1.2","192.168.1.55","TCP","66","37150  >  8004 [ACK] Seq=141 Ack=66798 Win=73728 Len=0 TSval=3045563680 TSecr=2916043900"
"77836","39.826011475","192.168.1.55","192.168.1.2","TCP","1514","8004  >  37150 [ACK] Seq=102998 Ack=141 Win=65024 Len=1448 TSval=2916043906 TSecr=3045563680 [TCP segment of a reassembled PDU]"
"77837","39.826015938","192.168.1.55","192.168.1.2","TCP","1514","8004  >  37150 [ACK] Seq=104446 Ack=141 Win=65024 Len=1448 TSval=2916043906 TSecr=3045563680 [TCP segment of a reassembled PDU]"
"77838","39.826017938","192.168.1.55","192.168.1.2","TCP","1514","8004  >  37150 [ACK] Seq=105894 Ack=141 Win=65024 Len=1448 TSval=2916043906 TSecr=3045563680 [TCP segment of a reassembled PDU]"
"77839","39.826019790","192.168.1.55","192.168.1.2","TCP","1514","8004  >  37150 [ACK] Seq=107342 Ack=141 Win=65024 Len=1448 TSval=2916043906 TSecr=3045563680 [TCP segment of a reassembled PDU]"
"77840","39.826021142","192.168.1.55","192.168.1.2","TCP","1514","8004  >  37150 [ACK] Seq=108790 Ack=141 Win=65024 Len=1448 TSval=2916043906 TSecr=3045563680 [TCP segment of a reassembled PDU]"
"77841","39.826022549","192.168.1.55","192.168.1.2","TCP","1514","8004  >  37150 [ACK] Seq=110238 Ack=141 Win=65024 Len=1448 TSval=2916043906 TSecr=3045563680 [TCP segment of a reassembled PDU]"
"77842","39.826024086","192.168.1.55","192.168.1.2","TCP","1514","8004  >  37150 [ACK] Seq=111686 Ack=141 Win=65024 Len=1448 TSval=2916043906 TSecr=3045563680 [TCP segment of a reassembled PDU]"
"77843","39.826025216","192.168.1.55","192.168.1.2","TCP","1514","8004  >  37150 [ACK] Seq=113134 Ack=141 Win=65024 Len=1448 TSval=2916043906 TSecr=3045563680 [TCP segment of a reassembled PDU]"
"77844","39.826026420","192.168.1.55","192.168.1.2","TCP","1514","8004  >  37150 [ACK] Seq=114582 Ack=141 Win=65024 Len=1448 TSval=2916043906 TSecr=3045563680 [TCP segment of a reassembled PDU]"
"77845","39.826027827","192.168.1.55","192.168.1.2","TCP","1514","8004  >  37150 [ACK] Seq=116030 Ack=141 Win=65024 Len=1448 TSval=2916043906 TSecr=3045563680 [TCP segment of a reassembled PDU]"
"77846","39.826028975","192.168.1.55","192.168.1.2","TCP","1514","8004  >  37150 [ACK] Seq=117478 Ack=141 Win=65024 Len=1448 TSval=2916043906 TSecr=3045563680 [TCP segment of a reassembled PDU]"
"77847","39.826030938","192.168.1.55","192.168.1.2","TCP","1514","8004  >  37150 [ACK] Seq=118926 Ack=141 Win=65024 Len=1448 TSval=2916043906 TSecr=3045563680 [TCP segment of a reassembled PDU]"
"77848","39.826032105","192.168.1.55","192.168.1.2","TCP","1514","8004  >  37150 [ACK] Seq=120374 Ack=141 Win=65024 Len=1448 TSval=2916043906 TSecr=3045563680 [TCP segment of a reassembled PDU]"
"77849","39.826033568","192.168.1.55","192.168.1.2","TCP","1514","8004  >  37150 [PSH, ACK] Seq=121822 Ack=141 Win=65024 Len=1448 TSval=2916043906 TSecr=3045563680 [TCP segment of a reassembled PDU]"
"77850","39.826472476","192.168.1.2","192.168.1.55","TCP","66","37150  >  8004 [ACK] Seq=141 Ack=76934 Win=87040 Len=0 TSval=3045563680 TSecr=2916043900"
"77851","39.826526124","192.168.1.55","192.168.1.2","TCP","1514","8004  >  37150 [ACK] Seq=123270 Ack=141 Win=65024 Len=1448 TSval=2916043907 TSecr=3045563680 [TCP segment of a reassembled PDU]"
"77852","39.826528272","192.168.1.55","192.168.1.2","TCP","1514","8004  >  37150 [ACK] Seq=124718 Ack=141 Win=65024 Len=1448 TSval=2916043907 TSecr=3045563680 [TCP segment of a reassembled PDU]"
"77853","39.826529476","192.168.1.55","192.168.1.2","TCP","1514","8004  >  37150 [ACK] Seq=126166 Ack=141 Win=65024 Len=1448 TSval=2916043907 TSecr=3045563680 [TCP segment of a reassembled PDU]"
"77854","39.826530624","192.168.1.55","192.168.1.2","TCP","1514","8004  >  37150 [ACK] Seq=127614 Ack=141 Win=65024 Len=1448 TSval=2916043907 TSecr=3045563680 [TCP segment of a reassembled PDU]"
"77855","39.826531809","192.168.1.55","192.168.1.2","TCP","1514","8004  >  37150 [ACK] Seq=129062 Ack=141 Win=65024 Len=1448 TSval=2916043907 TSecr=3045563680 [TCP segment of a reassembled PDU]"
"77856","39.826533161","192.168.1.55","192.168.1.2","TCP","1514","8004  >  37150 [ACK] Seq=130510 Ack=141 Win=65024 Len=1448 TSval=2916043907 TSecr=3045563680 [TCP segment of a reassembled PDU]"
"77857","39.826534680","192.168.1.55","192.168.1.2","TCP","1514","8004  >  37150 [ACK] Seq=131958 Ack=141 Win=65024 Len=1448 TSval=2916043907 TSecr=3045563680 [TCP segment of a reassembled PDU]"
"77858","39.826535865","192.168.1.55","192.168.1.2","TCP","1514","8004  >  37150 [ACK] Seq=133406 Ack=141 Win=65024 Len=1448 TSval=2916043907 TSecr=3045563680 [TCP segment of a reassembled PDU]"
"77859","39.826537124","192.168.1.55","192.168.1.2","TCP","1514","8004  >  37150 [ACK] Seq=134854 Ack=141 Win=65024 Len=1448 TSval=2916043907 TSecr=3045563680 [TCP segment of a reassembled PDU]"
"77860","39.826538291","192.168.1.55","192.168.1.2","TCP","1514","8004  >  37150 [ACK] Seq=136302 Ack=141 Win=65024 Len=1448 TSval=2916043907 TSecr=3045563680 [TCP segment of a reassembled PDU]"
"77861","39.826539624","192.168.1.55","192.168.1.2","TCP","1514","8004  >  37150 [ACK] Seq=137750 Ack=141 Win=65024 Len=1448 TSval=2916043907 TSecr=3045563680 [TCP segment of a reassembled PDU]"
"77862","39.826540884","192.168.1.55","192.168.1.2","TCP","1514","8004  >  37150 [ACK] Seq=139198 Ack=141 Win=65024 Len=1448 TSval=2916043907 TSecr=3045563680 [TCP segment of a reassembled PDU]"
"77863","39.826542032","192.168.1.55","192.168.1.2","TCP","1514","8004  >  37150 [ACK] Seq=140646 Ack=141 Win=65024 Len=1448 TSval=2916043907 TSecr=3045563680 [TCP segment of a reassembled PDU]"
"77864","39.826543458","192.168.1.55","192.168.1.2","TCP","1514","8004  >  37150 [ACK] Seq=142094 Ack=141 Win=65024 Len=1448 TSval=2916043907 TSecr=3045563680 [TCP segment of a reassembled PDU]"
"77865","39.826544624","192.168.1.55","192.168.1.2","TCP","1514","8004  >  37150 [ACK] Seq=143542 Ack=141 Win=65024 Len=1448 TSval=2916043907 TSecr=3045563680 [TCP segment of a reassembled PDU]"
"77866","39.826546050","192.168.1.55","192.168.1.2","TCP","1514","8004  >  37150 [ACK] Seq=144990 Ack=141 Win=65024 Len=1448 TSval=2916043907 TSecr=3045563680 [TCP segment of a reassembled PDU]"
"77867","39.826547402","192.168.1.55","192.168.1.2","TCP","1514","8004  >  37150 [ACK] Seq=146438 Ack=141 Win=65024 Len=1448 TSval=2916043907 TSecr=3045563680 [TCP segment of a reassembled PDU]"
"77868","39.826548661","192.168.1.55","192.168.1.2","TCP","1514","8004  >  37150 [ACK] Seq=147886 Ack=141 Win=65024 Len=1448 TSval=2916043907 TSecr=3045563680 [TCP segment of a reassembled PDU]"
"77869","39.826550272","192.168.1.55","192.168.1.2","TCP","1514","8004  >  37150 [ACK] Seq=149334 Ack=141 Win=65024 Len=1448 TSval=2916043907 TSecr=3045563680 [TCP segment of a reassembled PDU]"
"77870","39.826551439","192.168.1.55","192.168.1.2","TCP","1514","8004  >  37150 [ACK] Seq=150782 Ack=141 Win=65024 Len=1448 TSval=2916043907 TSecr=3045563680 [TCP segment of a reassembled PDU]"
"77871","39.826552772","192.168.1.55","192.168.1.2","TCP","1514","8004  >  37150 [ACK] Seq=152230 Ack=141 Win=65024 Len=1448 TSval=2916043907 TSecr=3045563680 [TCP segment of a reassembled PDU]"
"77872","39.826553995","192.168.1.55","192.168.1.2","TCP","1514","8004  >  37150 [ACK] Seq=153678 Ack=141 Win=65024 Len=1448 TSval=2916043907 TSecr=3045563680 [TCP segment of a reassembled PDU]"
"77873","39.826555124","192.168.1.55","192.168.1.2","TCP","1514","8004  >  37150 [ACK] Seq=155126 Ack=141 Win=65024 Len=1448 TSval=2916043907 TSecr=3045563680 [TCP segment of a reassembled PDU]"
"77874","39.826556476","192.168.1.55","192.168.1.2","TCP","1514","8004  >  37150 [ACK] Seq=156574 Ack=141 Win=65024 Len=1448 TSval=2916043907 TSecr=3045563680 [TCP segment of a reassembled PDU]"
"77875","39.826557661","192.168.1.55","192.168.1.2","TCP","1514","8004  >  37150 [ACK] Seq=158022 Ack=141 Win=65024 Len=1448 TSval=2916043907 TSecr=3045563680 [TCP segment of a reassembled PDU]"
"77876","39.826558921","192.168.1.55","192.168.1.2","TCP","1514","8004  >  37150 [ACK] Seq=159470 Ack=141 Win=65024 Len=1448 TSval=2916043907 TSecr=3045563680 [TCP segment of a reassembled PDU]"
"77877","39.826560143","192.168.1.55","192.168.1.2","TCP","1514","8004  >  37150 [ACK] Seq=160918 Ack=141 Win=65024 Len=1448 TSval=2916043907 TSecr=3045563680 [TCP segment of a reassembled PDU]"
"77878","39.826561421","192.168.1.55","192.168.1.2","TCP","1514","8004  >  37150 [ACK] Seq=162366 Ack=141 Win=65024 Len=1448 TSval=2916043907 TSecr=3045563680 [TCP segment of a reassembled PDU]"
"77879","39.826562680","192.168.1.55","192.168.1.2","TCP","226","[TCP Window Full] 8004  >  37150 [PSH, ACK] Seq=163814 Ack=141 Win=65024 Len=160 TSval=2916043907 TSecr=3045563680 [TCP segment of a reassembled PDU]"
"77880","39.826567772","192.168.1.2","192.168.1.55","TCP","66","37150  >  8004 [ACK] Seq=141 Ack=87070 Win=77824 Len=0 TSval=3045563680 TSecr=2916043901"
"77881","39.826575347","192.168.1.2","192.168.1.55","TCP","66","37150  >  8004 [ACK] Seq=141 Ack=94310 Win=70656 Len=0 TSval=3045563680 TSecr=2916043901"
"77882","39.831230836","192.168.1.2","192.168.1.55","TCP","66","37150  >  8004 [ACK] Seq=141 Ack=100102 Win=87040 Len=0 TSval=3045563681 TSecr=2916043901"
"77883","39.831253632","192.168.1.55","192.168.1.2","TCP","1514","8004  >  37150 [ACK] Seq=163974 Ack=141 Win=65024 Len=1448 TSval=2916043911 TSecr=3045563681 [TCP segment of a reassembled PDU]"
"77884","39.831256447","192.168.1.55","192.168.1.2","TCP","1514","8004  >  37150 [ACK] Seq=165422 Ack=141 Win=65024 Len=1448 TSval=2916043911 TSecr=3045563681 [TCP segment of a reassembled PDU]"
"77885","39.831257762","192.168.1.55","192.168.1.2","TCP","1514","8004  >  37150 [PSH, ACK] Seq=166870 Ack=141 Win=65024 Len=1448 TSval=2916043911 TSecr=3045563681 [TCP segment of a reassembled PDU]"
"77886","39.831263762","192.168.1.55","192.168.1.2","TCP","1354","8004  >  37150 [ACK] Seq=168318 Ack=141 Win=65024 Len=1288 TSval=2916043911 TSecr=3045563681 [TCP segment of a reassembled PDU]"
"77887","39.831290354","192.168.1.2","192.168.1.55","TCP","66","37150  >  8004 [ACK] Seq=141 Ack=102998 Win=90112 Len=0 TSval=3045563683 TSecr=2916043905"
"77888","39.832780709","192.168.1.2","192.168.1.55","TCP","66","37150  >  8004 [ACK] Seq=141 Ack=123270 Win=74752 Len=0 TSval=3045563686 TSecr=2916043906"
"77889","39.832811209","192.168.1.55","192.168.1.2","TCP","1514","8004  >  37150 [ACK] Seq=169606 Ack=141 Win=65024 Len=1448 TSval=2916043913 TSecr=3045563686 [TCP segment of a reassembled PDU]"
"77890","39.832813857","192.168.1.55","192.168.1.2","TCP","1514","8004  >  37150 [ACK] Seq=171054 Ack=141 Win=65024 Len=1448 TSval=2916043913 TSecr=3045563686 [TCP segment of a reassembled PDU]"
"77891","39.832815005","192.168.1.55","192.168.1.2","TCP","1514","8004  >  37150 [ACK] Seq=172502 Ack=141 Win=65024 Len=1448 TSval=2916043913 TSecr=3045563686 [TCP segment of a reassembled PDU]"
"77892","39.832816320","192.168.1.55","192.168.1.2","TCP","1514","8004  >  37150 [ACK] Seq=173950 Ack=141 Win=65024 Len=1448 TSval=2916043913 TSecr=3045563686 [TCP segment of a reassembled PDU]"
"77893","39.832817635","192.168.1.55","192.168.1.2","TCP","1514","8004  >  37150 [ACK] Seq=175398 Ack=141 Win=65024 Len=1448 TSval=2916043913 TSecr=3045563686 [TCP segment of a reassembled PDU]"
"77894","39.832818801","192.168.1.55","192.168.1.2","TCP","1514","8004  >  37150 [ACK] Seq=176846 Ack=141 Win=65024 Len=1448 TSval=2916043913 TSecr=3045563686 [TCP segment of a reassembled PDU]"
"77895","39.832820060","192.168.1.55","192.168.1.2","TCP","1514","8004  >  37150 [ACK] Seq=178294 Ack=141 Win=65024 Len=1448 TSval=2916043913 TSecr=3045563686 [TCP segment of a reassembled PDU]"
"77896","39.832821264","192.168.1.55","192.168.1.2","TCP","1514","8004  >  37150 [ACK] Seq=179742 Ack=141 Win=65024 Len=1448 TSval=2916043913 TSecr=3045563686 [TCP segment of a reassembled PDU]"
"77897","39.832822783","192.168.1.55","192.168.1.2","TCP","1514","8004  >  37150 [ACK] Seq=181190 Ack=141 Win=65024 Len=1448 TSval=2916043913 TSecr=3045563686 [TCP segment of a reassembled PDU]"
"77898","39.832824005","192.168.1.55","192.168.1.2","TCP","1514","8004  >  37150 [ACK] Seq=182638 Ack=141 Win=65024 Len=1448 TSval=2916043913 TSecr=3045563686 [TCP segment of a reassembled PDU]"
"77899","39.832825264","192.168.1.55","192.168.1.2","TCP","1514","8004  >  37150 [ACK] Seq=184086 Ack=141 Win=65024 Len=1448 TSval=2916043913 TSecr=3045563686 [TCP segment of a reassembled PDU]"
"77900","39.832826505","192.168.1.55","192.168.1.2","TCP","1514","8004  >  37150 [ACK] Seq=185534 Ack=141 Win=65024 Len=1448 TSval=2916043913 TSecr=3045563686 [TCP segment of a reassembled PDU]"
"77901","39.832827672","192.168.1.55","192.168.1.2","TCP","1514","8004  >  37150 [ACK] Seq=186982 Ack=141 Win=65024 Len=1448 TSval=2916043913 TSecr=3045563686 [TCP segment of a reassembled PDU]"
"77902","39.832828949","192.168.1.55","192.168.1.2","TCP","1514","8004  >  37150 [ACK] Seq=188430 Ack=141 Win=65024 Len=1448 TSval=2916043913 TSecr=3045563686 [TCP segment of a reassembled PDU]"
"77903","39.832830172","192.168.1.55","192.168.1.2","TCP","1514","8004  >  37150 [ACK] Seq=189878 Ack=141 Win=65024 Len=1448 TSval=2916043913 TSecr=3045563686 [TCP segment of a reassembled PDU]"
"77904","39.832831394","192.168.1.55","192.168.1.2","TCP","1514","8004  >  37150 [ACK] Seq=191326 Ack=141 Win=65024 Len=1448 TSval=2916043913 TSecr=3045563686 [TCP segment of a reassembled PDU]"
"77905","39.832832986","192.168.1.55","192.168.1.2","TCP","1514","8004  >  37150 [ACK] Seq=192774 Ack=141 Win=65024 Len=1448 TSval=2916043913 TSecr=3045563686 [TCP segment of a reassembled PDU]"
"77906","39.832834283","192.168.1.55","192.168.1.2","TCP","1514","8004  >  37150 [ACK] Seq=194222 Ack=141 Win=65024 Len=1448 TSval=2916043913 TSecr=3045563686 [TCP segment of a reassembled PDU]"
"77907","39.832835431","192.168.1.55","192.168.1.2","TCP","1514","8004  >  37150 [PSH, ACK] Seq=195670 Ack=141 Win=65024 Len=1448 TSval=2916043913 TSecr=3045563686 [TCP segment of a reassembled PDU]"
"77908","39.832885542","192.168.1.2","192.168.1.55","TCP","66","37150  >  8004 [ACK] Seq=141 Ack=163814 Win=55296 Len=0 TSval=3045563686 TSecr=2916043907"
"77909","39.832910264","192.168.1.55","192.168.1.2","TCP","1514","8004  >  37150 [ACK] Seq=197118 Ack=141 Win=65024 Len=1448 TSval=2916043913 TSecr=3045563686 [TCP segment of a reassembled PDU]"
"77910","39.832912153","192.168.1.55","192.168.1.2","TCP","1514","8004  >  37150 [ACK] Seq=198566 Ack=141 Win=65024 Len=1448 TSval=2916043913 TSecr=3045563686 [TCP segment of a reassembled PDU]"
"77911","39.832913468","192.168.1.55","192.168.1.2","TCP","1514","8004  >  37150 [ACK] Seq=200014 Ack=141 Win=65024 Len=1448 TSval=2916043913 TSecr=3045563686 [TCP segment of a reassembled PDU]"
"77912","39.832914820","192.168.1.55","192.168.1.2","TCP","1514","8004  >  37150 [ACK] Seq=201462 Ack=141 Win=65024 Len=1448 TSval=2916043913 TSecr=3045563686 [TCP segment of a reassembled PDU]"
"77913","39.832916135","192.168.1.55","192.168.1.2","TCP","1514","8004  >  37150 [ACK] Seq=202910 Ack=141 Win=65024 Len=1448 TSval=2916043913 TSecr=3045563686 [TCP segment of a reassembled PDU]"
"77914","39.832917412","192.168.1.55","192.168.1.2","TCP","1514","8004  >  37150 [ACK] Seq=204358 Ack=141 Win=65024 Len=1448 TSval=2916043913 TSecr=3045563686 [TCP segment of a reassembled PDU]"
"77915","39.832918690","192.168.1.55","192.168.1.2","TCP","1514","8004  >  37150 [ACK] Seq=205806 Ack=141 Win=65024 Len=1448 TSval=2916043913 TSecr=3045563686 [TCP segment of a reassembled PDU]"
"77916","39.832920024","192.168.1.55","192.168.1.2","TCP","1514","8004  >  37150 [ACK] Seq=207254 Ack=141 Win=65024 Len=1448 TSval=2916043913 TSecr=3045563686 [TCP segment of a reassembled PDU]"
"77917","39.832921264","192.168.1.55","192.168.1.2","TCP","1514","8004  >  37150 [ACK] Seq=208702 Ack=141 Win=65024 Len=1448 TSval=2916043913 TSecr=3045563686 [TCP segment of a reassembled PDU]"
"77918","39.832922431","192.168.1.55","192.168.1.2","TCP","1514","8004  >  37150 [ACK] Seq=210150 Ack=141 Win=65024 Len=1448 TSval=2916043913 TSecr=3045563686 [TCP segment of a reassembled PDU]"
"77919","39.832923598","192.168.1.55","192.168.1.2","TCP","1514","8004  >  37150 [ACK] Seq=211598 Ack=141 Win=65024 Len=1448 TSval=2916043913 TSecr=3045563686 [TCP segment of a reassembled PDU]"
"77920","39.832925024","192.168.1.55","192.168.1.2","TCP","1514","8004  >  37150 [ACK] Seq=213046 Ack=141 Win=65024 Len=1448 TSval=2916043913 TSecr=3045563686 [TCP segment of a reassembled PDU]"
"77921","39.832926431","192.168.1.55","192.168.1.2","TCP","1514","8004  >  37150 [PSH, ACK] Seq=214494 Ack=141 Win=65024 Len=1448 TSval=2916043913 TSecr=3045563686 [TCP segment of a reassembled PDU]"
"77922","39.837176086","192.168.1.2","192.168.1.55","TCP","66","37150  >  8004 [ACK] Seq=141 Ack=163974 Win=96256 Len=0 TSval=3045563688 TSecr=2916043907"
"77923","39.837219197","192.168.1.55","192.168.1.2","TCP","1514","8004  >  37150 [ACK] Seq=215942 Ack=141 Win=65024 Len=1448 TSval=2916043917 TSecr=3045563688 [TCP segment of a reassembled PDU]"
"77924","39.837221827","192.168.1.55","192.168.1.2","TCP","1514","8004  >  37150 [ACK] Seq=217390 Ack=141 Win=65024 Len=1448 TSval=2916043917 TSecr=3045563688 [TCP segment of a reassembled PDU]"
"77925","39.837222938","192.168.1.55","192.168.1.2","TCP","1514","8004  >  37150 [ACK] Seq=218838 Ack=141 Win=65024 Len=1448 TSval=2916043917 TSecr=3045563688 [TCP segment of a reassembled PDU]"
"77926","39.837223845","192.168.1.55","192.168.1.2","TCP","1514","8004  >  37150 [ACK] Seq=220286 Ack=141 Win=65024 Len=1448 TSval=2916043917 TSecr=3045563688 [TCP segment of a reassembled PDU]"
"77927","39.837224975","192.168.1.55","192.168.1.2","TCP","1514","8004  >  37150 [ACK] Seq=221734 Ack=141 Win=65024 Len=1448 TSval=2916043917 TSecr=3045563688 [TCP segment of a reassembled PDU]"
"77928","39.837225901","192.168.1.55","192.168.1.2","TCP","1514","8004  >  37150 [ACK] Seq=223182 Ack=141 Win=65024 Len=1448 TSval=2916043917 TSecr=3045563688 [TCP segment of a reassembled PDU]"
"77929","39.837226882","192.168.1.55","192.168.1.2","TCP","1514","8004  >  37150 [ACK] Seq=224630 Ack=141 Win=65024 Len=1448 TSval=2916043917 TSecr=3045563688 [TCP segment of a reassembled PDU]"
"77930","39.837227975","192.168.1.55","192.168.1.2","TCP","1514","8004  >  37150 [ACK] Seq=226078 Ack=141 Win=65024 Len=1448 TSval=2916043917 TSecr=3045563688 [TCP segment of a reassembled PDU]"
"77931","39.837228882","192.168.1.55","192.168.1.2","TCP","1514","8004  >  37150 [ACK] Seq=227526 Ack=141 Win=65024 Len=1448 TSval=2916043917 TSecr=3045563688 [TCP segment of a reassembled PDU]"
"77932","39.837229919","192.168.1.55","192.168.1.2","TCP","1514","8004  >  37150 [ACK] Seq=228974 Ack=141 Win=65024 Len=1448 TSval=2916043917 TSecr=3045563688 [TCP segment of a reassembled PDU]"
"77933","39.837231068","192.168.1.55","192.168.1.2","TCP","1514","8004  >  37150 [ACK] Seq=230422 Ack=141 Win=65024 Len=1448 TSval=2916043917 TSecr=3045563688 [TCP segment of a reassembled PDU]"
"77934","39.837232086","192.168.1.55","192.168.1.2","TCP","1514","8004  >  37150 [ACK] Seq=231870 Ack=141 Win=65024 Len=1448 TSval=2916043917 TSecr=3045563688 [TCP segment of a reassembled PDU]"
"77935","39.837233253","192.168.1.55","192.168.1.2","TCP","1514","8004  >  37150 [ACK] Seq=233318 Ack=141 Win=65024 Len=1448 TSval=2916043917 TSecr=3045563688 [TCP segment of a reassembled PDU]"
"77936","39.837234197","192.168.1.55","192.168.1.2","TCP","1514","8004  >  37150 [ACK] Seq=234766 Ack=141 Win=65024 Len=1448 TSval=2916043917 TSecr=3045563688 [TCP segment of a reassembled PDU]"
"77937","39.837235457","192.168.1.55","192.168.1.2","TCP","1514","8004  >  37150 [ACK] Seq=236214 Ack=141 Win=65024 Len=1448 TSval=2916043917 TSecr=3045563688 [TCP segment of a reassembled PDU]"
"77938","39.837236420","192.168.1.55","192.168.1.2","TCP","1514","8004  >  37150 [ACK] Seq=237662 Ack=141 Win=65024 Len=1448 TSval=2916043917 TSecr=3045563688 [TCP segment of a reassembled PDU]"
"77939","39.837237364","192.168.1.55","192.168.1.2","TCP","1514","8004  >  37150 [ACK] Seq=239110 Ack=141 Win=65024 Len=1448 TSval=2916043917 TSecr=3045563688 [TCP segment of a reassembled PDU]"
"77940","39.837238382","192.168.1.55","192.168.1.2","TCP","1514","8004  >  37150 [ACK] Seq=240558 Ack=141 Win=65024 Len=1448 TSval=2916043917 TSecr=3045563688 [TCP segment of a reassembled PDU]"
"77941","39.837239605","192.168.1.55","192.168.1.2","TCP","1514","8004  >  37150 [ACK] Seq=242006 Ack=141 Win=65024 Len=1448 TSval=2916043917 TSecr=3045563688 [TCP segment of a reassembled PDU]"
"77942","39.837240531","192.168.1.55","192.168.1.2","TCP","1514","8004  >  37150 [ACK] Seq=243454 Ack=141 Win=65024 Len=1448 TSval=2916043917 TSecr=3045563688 [TCP segment of a reassembled PDU]"
"77943","39.837241494","192.168.1.55","192.168.1.2","TCP","1514","8004  >  37150 [ACK] Seq=244902 Ack=141 Win=65024 Len=1448 TSval=2916043917 TSecr=3045563688 [TCP segment of a reassembled PDU]"
"77944","39.837242623","192.168.1.55","192.168.1.2","TCP","1514","8004  >  37150 [ACK] Seq=246350 Ack=141 Win=65024 Len=1448 TSval=2916043917 TSecr=3045563688 [TCP segment of a reassembled PDU]"
"77945","39.837243697","192.168.1.55","192.168.1.2","TCP","1514","8004  >  37150 [ACK] Seq=247798 Ack=141 Win=65024 Len=1448 TSval=2916043917 TSecr=3045563688 [TCP segment of a reassembled PDU]"
"77946","39.837244679","192.168.1.55","192.168.1.2","TCP","1514","8004  >  37150 [ACK] Seq=249246 Ack=141 Win=65024 Len=1448 TSval=2916043917 TSecr=3045563688 [TCP segment of a reassembled PDU]"
"77947","39.837245827","192.168.1.55","192.168.1.2","TCP","1514","8004  >  37150 [ACK] Seq=250694 Ack=141 Win=65024 Len=1448 TSval=2916043917 TSecr=3045563688 [TCP segment of a reassembled PDU]"
"77948","39.837246845","192.168.1.55","192.168.1.2","TCP","1514","8004  >  37150 [ACK] Seq=252142 Ack=141 Win=65024 Len=1448 TSval=2916043917 TSecr=3045563688 [TCP segment of a reassembled PDU]"
"77949","39.837247901","192.168.1.55","192.168.1.2","TCP","1514","8004  >  37150 [ACK] Seq=253590 Ack=141 Win=65024 Len=1448 TSval=2916043917 TSecr=3045563688 [TCP segment of a reassembled PDU]"
"77950","39.837248975","192.168.1.55","192.168.1.2","TCP","1514","8004  >  37150 [ACK] Seq=255038 Ack=141 Win=65024 Len=1448 TSval=2916043917 TSecr=3045563688 [TCP segment of a reassembled PDU]"
"77951","39.837249975","192.168.1.55","192.168.1.2","TCP","1514","8004  >  37150 [ACK] Seq=256486 Ack=141 Win=65024 Len=1448 TSval=2916043917 TSecr=3045563688 [TCP segment of a reassembled PDU]"
"77952","39.837251234","192.168.1.55","192.168.1.2","TCP","1514","8004  >  37150 [PSH, ACK] Seq=257934 Ack=141 Win=65024 Len=1448 TSval=2916043917 TSecr=3045563688 [TCP segment of a reassembled PDU]"
"77953","39.837276383","192.168.1.2","192.168.1.55","TCP","66","37150  >  8004 [ACK] Seq=141 Ack=169606 Win=91136 Len=0 TSval=3045563689 TSecr=2916043911"
"77954","39.839381034","192.168.1.2","192.168.1.55","TCP","66","37150  >  8004 [ACK] Seq=141 Ack=197118 Win=67584 Len=0 TSval=3045563692 TSecr=2916043913"
"77955","39.839405997","192.168.1.55","192.168.1.2","TCP","1514","8004  >  37150 [ACK] Seq=259382 Ack=141 Win=65024 Len=1448 TSval=2916043920 TSecr=3045563692 [TCP segment of a reassembled PDU]"
"77956","39.839410275","192.168.1.55","192.168.1.2","TCP","1514","8004  >  37150 [PSH, ACK] Seq=260830 Ack=141 Win=65024 Len=1448 TSval=2916043920 TSecr=3045563692 [TCP segment of a reassembled PDU]"
"77957","39.839578386","192.168.1.2","192.168.1.55","TCP","66","37150  >  8004 [ACK] Seq=141 Ack=207254 Win=58368 Len=0 TSval=3045563692 TSecr=2916043913"
"77958","39.841747742","192.168.1.2","192.168.1.55","TCP","66","37150  >  8004 [ACK] Seq=141 Ack=215942 Win=83968 Len=0 TSval=3045563694 TSecr=2916043913"
"77959","39.841800908","192.168.1.55","192.168.1.2","TCP","1514","8004  >  37150 [ACK] Seq=262278 Ack=141 Win=65024 Len=1448 TSval=2916043922 TSecr=3045563694 [TCP segment of a reassembled PDU]"
"77960","39.841806686","192.168.1.55","192.168.1.2","TCP","1514","8004  >  37150 [ACK] Seq=263726 Ack=141 Win=65024 Len=1448 TSval=2916043922 TSecr=3045563694 [TCP segment of a reassembled PDU]"
"77961","39.841808594","192.168.1.55","192.168.1.2","TCP","1514","8004  >  37150 [ACK] Seq=265174 Ack=141 Win=65024 Len=1448 TSval=2916043922 TSecr=3045563694 [TCP segment of a reassembled PDU]"
"77962","39.841810445","192.168.1.55","192.168.1.2","TCP","1514","8004  >  37150 [ACK] Seq=266622 Ack=141 Win=65024 Len=1448 TSval=2916043922 TSecr=3045563694 [TCP segment of a reassembled PDU]"
"77963","39.841812631","192.168.1.55","192.168.1.2","TCP","1514","8004  >  37150 [ACK] Seq=268070 Ack=141 Win=65024 Len=1448 TSval=2916043922 TSecr=3045563694 [TCP segment of a reassembled PDU]"
"77964","39.841814520","192.168.1.55","192.168.1.2","TCP","1514","8004  >  37150 [ACK] Seq=269518 Ack=141 Win=65024 Len=1448 TSval=2916043922 TSecr=3045563694 [TCP segment of a reassembled PDU]"
"77965","39.841816260","192.168.1.55","192.168.1.2","TCP","1514","8004  >  37150 [ACK] Seq=270966 Ack=141 Win=65024 Len=1448 TSval=2916043922 TSecr=3045563694 [TCP segment of a reassembled PDU]"
"77966","39.841818446","192.168.1.55","192.168.1.2","TCP","1514","8004  >  37150 [ACK] Seq=272414 Ack=141 Win=65024 Len=1448 TSval=2916043922 TSecr=3045563694 [TCP segment of a reassembled PDU]"
"77967","39.841819964","192.168.1.55","192.168.1.2","TCP","1514","8004  >  37150 [ACK] Seq=273862 Ack=141 Win=65024 Len=1448 TSval=2916043922 TSecr=3045563694 [TCP segment of a reassembled PDU]"
"77968","39.841821538","192.168.1.55","192.168.1.2","TCP","1514","8004  >  37150 [ACK] Seq=275310 Ack=141 Win=65024 Len=1448 TSval=2916043922 TSecr=3045563694 [TCP segment of a reassembled PDU]"
"77969","39.841823964","192.168.1.55","192.168.1.2","TCP","1514","8004  >  37150 [ACK] Seq=276758 Ack=141 Win=65024 Len=1448 TSval=2916043922 TSecr=3045563694 [TCP segment of a reassembled PDU]"
"77970","39.841825668","192.168.1.55","192.168.1.2","TCP","1514","8004  >  37150 [ACK] Seq=278206 Ack=141 Win=65024 Len=1448 TSval=2916043922 TSecr=3045563694 [TCP segment of a reassembled PDU]"
"77971","39.841827390","192.168.1.55","192.168.1.2","TCP","1514","8004  >  37150 [ACK] Seq=279654 Ack=141 Win=65024 Len=1448 TSval=2916043922 TSecr=3045563694 [TCP segment of a reassembled PDU]"
"77972","39.841829427","192.168.1.55","192.168.1.2","TCP","1514","8004  >  37150 [ACK] Seq=281102 Ack=141 Win=65024 Len=1448 TSval=2916043922 TSecr=3045563694 [TCP segment of a reassembled PDU]"
"77973","39.841832001","192.168.1.55","192.168.1.2","TCP","1514","8004  >  37150 [ACK] Seq=282550 Ack=141 Win=65024 Len=1448 TSval=2916043922 TSecr=3045563694 [TCP segment of a reassembled PDU]"
"77974","39.841834020","192.168.1.55","192.168.1.2","TCP","1514","8004  >  37150 [ACK] Seq=283998 Ack=141 Win=65024 Len=1448 TSval=2916043922 TSecr=3045563694 [TCP segment of a reassembled PDU]"
"77975","39.841835390","192.168.1.55","192.168.1.2","TCP","1514","8004  >  37150 [ACK] Seq=285446 Ack=141 Win=65024 Len=1448 TSval=2916043922 TSecr=3045563694 [TCP segment of a reassembled PDU]"
"77976","39.841837983","192.168.1.55","192.168.1.2","TCP","1514","8004  >  37150 [ACK] Seq=286894 Ack=141 Win=65024 Len=1448 TSval=2916043922 TSecr=3045563694 [TCP segment of a reassembled PDU]"
"77977","39.841840020","192.168.1.55","192.168.1.2","TCP","1514","8004  >  37150 [ACK] Seq=288342 Ack=141 Win=65024 Len=1448 TSval=2916043922 TSecr=3045563694 [TCP segment of a reassembled PDU]"
"77978","39.841841760","192.168.1.55","192.168.1.2","TCP","1514","8004  >  37150 [ACK] Seq=289790 Ack=141 Win=65024 Len=1448 TSval=2916043922 TSecr=3045563694 [TCP segment of a reassembled PDU]"
"77979","39.841844260","192.168.1.55","192.168.1.2","TCP","1514","8004  >  37150 [ACK] Seq=291238 Ack=141 Win=65024 Len=1448 TSval=2916043922 TSecr=3045563694 [TCP segment of a reassembled PDU]"
"77980","39.841859760","192.168.1.55","192.168.1.2","TCP","1514","8004  >  37150 [ACK] Seq=292686 Ack=141 Win=65024 Len=1448 TSval=2916043922 TSecr=3045563694 [TCP segment of a reassembled PDU]"
"77981","39.841861631","192.168.1.55","192.168.1.2","TCP","1514","8004  >  37150 [ACK] Seq=294134 Ack=141 Win=65024 Len=1448 TSval=2916043922 TSecr=3045563694 [TCP segment of a reassembled PDU]"
"77982","39.841863186","192.168.1.55","192.168.1.2","TCP","1514","8004  >  37150 [ACK] Seq=295582 Ack=141 Win=65024 Len=1448 TSval=2916043922 TSecr=3045563694 [TCP segment of a reassembled PDU]"
"77983","39.841865279","192.168.1.55","192.168.1.2","TCP","1514","8004  >  37150 [ACK] Seq=297030 Ack=141 Win=65024 Len=1448 TSval=2916043922 TSecr=3045563694 [TCP segment of a reassembled PDU]"
"77984","39.841868001","192.168.1.55","192.168.1.2","TCP","1498","[TCP Window Full] 8004  >  37150 [PSH, ACK] Seq=298478 Ack=141 Win=65024 Len=1432 TSval=2916043922 TSecr=3045563694 [TCP segment of a reassembled PDU]"
"77985","39.845517544","192.168.1.2","192.168.1.55","TCP","66","37150  >  8004 [ACK] Seq=141 Ack=253590 Win=56320 Len=0 TSval=3045563697 TSecr=2916043917"
"77986","39.845548766","192.168.1.55","192.168.1.2","TCP","1514","8004  >  37150 [ACK] Seq=299910 Ack=141 Win=65024 Len=1448 TSval=2916043926 TSecr=3045563697 [TCP segment of a reassembled PDU]"
"77987","39.845552266","192.168.1.55","192.168.1.2","TCP","1514","8004  >  37150 [ACK] Seq=301358 Ack=141 Win=65024 Len=1448 TSval=2916043926 TSecr=3045563697 [TCP segment of a reassembled PDU]"
"77988","39.845553452","192.168.1.55","192.168.1.2","TCP","1514","8004  >  37150 [ACK] Seq=302806 Ack=141 Win=65024 Len=1448 TSval=2916043926 TSecr=3045563697 [TCP segment of a reassembled PDU]"
"77989","39.845554470","192.168.1.55","192.168.1.2","TCP","1514","8004  >  37150 [ACK] Seq=304254 Ack=141 Win=65024 Len=1448 TSval=2916043926 TSecr=3045563697 [TCP segment of a reassembled PDU]"
"77990","39.845555489","192.168.1.55","192.168.1.2","TCP","1514","8004  >  37150 [ACK] Seq=305702 Ack=141 Win=65024 Len=1448 TSval=2916043926 TSecr=3045563697 [TCP segment of a reassembled PDU]"
"77991","39.845556952","192.168.1.55","192.168.1.2","TCP","1514","8004  >  37150 [PSH, ACK] Seq=307150 Ack=141 Win=65024 Len=1448 TSval=2916043926 TSecr=3045563697 [TCP segment of a reassembled PDU]"
"77992","39.845562415","192.168.1.55","192.168.1.2","TCP","82","8004  >  37150 [ACK] Seq=308598 Ack=141 Win=65024 Len=16 TSval=2916043926 TSecr=3045563697 [TCP segment of a reassembled PDU]"
"77993","39.845609692","192.168.1.2","192.168.1.55","TCP","66","37150  >  8004 [ACK] Seq=141 Ack=259382 Win=87040 Len=0 TSval=3045563699 TSecr=2916043917"
"77994","39.845644933","192.168.1.55","192.168.1.2","TCP","1514","8004  >  37150 [ACK] Seq=308614 Ack=141 Win=65024 Len=1448 TSval=2916043926 TSecr=3045563699 [TCP segment of a reassembled PDU]"
"77995","39.845647285","192.168.1.55","192.168.1.2","TCP","1514","8004  >  37150 [ACK] Seq=310062 Ack=141 Win=65024 Len=1448 TSval=2916043926 TSecr=3045563699 [TCP segment of a reassembled PDU]"
"77996","39.845648174","192.168.1.55","192.168.1.2","TCP","1514","8004  >  37150 [ACK] Seq=311510 Ack=141 Win=65024 Len=1448 TSval=2916043926 TSecr=3045563699 [TCP segment of a reassembled PDU]"
"77997","39.845649155","192.168.1.55","192.168.1.2","TCP","1514","8004  >  37150 [ACK] Seq=312958 Ack=141 Win=65024 Len=1448 TSval=2916043926 TSecr=3045563699 [TCP segment of a reassembled PDU]"
"77998","39.845650285","192.168.1.55","192.168.1.2","TCP","1514","8004  >  37150 [ACK] Seq=314406 Ack=141 Win=65024 Len=1448 TSval=2916043926 TSecr=3045563699 [TCP segment of a reassembled PDU]"
"77999","39.845651174","192.168.1.55","192.168.1.2","TCP","1514","8004  >  37150 [ACK] Seq=315854 Ack=141 Win=65024 Len=1448 TSval=2916043926 TSecr=3045563699 [TCP segment of a reassembled PDU]"
"78000","39.845652174","192.168.1.55","192.168.1.2","TCP","1514","8004  >  37150 [ACK] Seq=317302 Ack=141 Win=65024 Len=1448 TSval=2916043926 TSecr=3045563699 [TCP segment of a reassembled PDU]"
"78001","39.845653248","192.168.1.55","192.168.1.2","TCP","1514","8004  >  37150 [ACK] Seq=318750 Ack=141 Win=65024 Len=1448 TSval=2916043926 TSecr=3045563699 [TCP segment of a reassembled PDU]"
"78002","39.845654155","192.168.1.55","192.168.1.2","TCP","1514","8004  >  37150 [ACK] Seq=320198 Ack=141 Win=65024 Len=1448 TSval=2916043926 TSecr=3045563699 [TCP segment of a reassembled PDU]"
"78003","39.845655248","192.168.1.55","192.168.1.2","TCP","1514","8004  >  37150 [ACK] Seq=321646 Ack=141 Win=65024 Len=1448 TSval=2916043926 TSecr=3045563699 [TCP segment of a reassembled PDU]"
"78004","39.845656230","192.168.1.55","192.168.1.2","TCP","1514","8004  >  37150 [ACK] Seq=323094 Ack=141 Win=65024 Len=1448 TSval=2916043926 TSecr=3045563699 [TCP segment of a reassembled PDU]"
"78005","39.845657304","192.168.1.55","192.168.1.2","TCP","1514","8004  >  37150 [ACK] Seq=324542 Ack=141 Win=65024 Len=1448 TSval=2916043926 TSecr=3045563699 [TCP segment of a reassembled PDU]"
"78006","39.845658230","192.168.1.55","192.168.1.2","TCP","1514","8004  >  37150 [ACK] Seq=325990 Ack=141 Win=65024 Len=1448 TSval=2916043926 TSecr=3045563699 [TCP segment of a reassembled PDU]"
"78007","39.845659378","192.168.1.55","192.168.1.2","TCP","1514","8004  >  37150 [ACK] Seq=327438 Ack=141 Win=65024 Len=1448 TSval=2916043926 TSecr=3045563699 [TCP segment of a reassembled PDU]"
"78008","39.845660581","192.168.1.55","192.168.1.2","TCP","1514","8004  >  37150 [ACK] Seq=328886 Ack=141 Win=65024 Len=1448 TSval=2916043926 TSecr=3045563699 [TCP segment of a reassembled PDU]"
"78009","39.845661581","192.168.1.55","192.168.1.2","TCP","1514","8004  >  37150 [ACK] Seq=330334 Ack=141 Win=65024 Len=1448 TSval=2916043926 TSecr=3045563699 [TCP segment of a reassembled PDU]"
"78010","39.845663063","192.168.1.55","192.168.1.2","TCP","1514","8004  >  37150 [ACK] Seq=331782 Ack=141 Win=65024 Len=1448 TSval=2916043926 TSecr=3045563699 [TCP segment of a reassembled PDU]"
"78011","39.845664044","192.168.1.55","192.168.1.2","TCP","1514","8004  >  37150 [ACK] Seq=333230 Ack=141 Win=65024 Len=1448 TSval=2916043926 TSecr=3045563699 [TCP segment of a reassembled PDU]"
"78012","39.845665137","192.168.1.55","192.168.1.2","TCP","1514","8004  >  37150 [ACK] Seq=334678 Ack=141 Win=65024 Len=1448 TSval=2916043926 TSecr=3045563699 [TCP segment of a reassembled PDU]"
"78013","39.845666118","192.168.1.55","192.168.1.2","TCP","1514","8004  >  37150 [ACK] Seq=336126 Ack=141 Win=65024 Len=1448 TSval=2916043926 TSecr=3045563699 [TCP segment of a reassembled PDU]"
"78014","39.845667156","192.168.1.55","192.168.1.2","TCP","1514","8004  >  37150 [ACK] Seq=337574 Ack=141 Win=65024 Len=1448 TSval=2916043926 TSecr=3045563699 [TCP segment of a reassembled PDU]"
"78015","39.845668174","192.168.1.55","192.168.1.2","TCP","1514","8004  >  37150 [ACK] Seq=339022 Ack=141 Win=65024 Len=1448 TSval=2916043926 TSecr=3045563699 [TCP segment of a reassembled PDU]"
"78016","39.845669267","192.168.1.55","192.168.1.2","TCP","1514","8004  >  37150 [ACK] Seq=340470 Ack=141 Win=65024 Len=1448 TSval=2916043926 TSecr=3045563699 [TCP segment of a reassembled PDU]"
"78017","39.845670193","192.168.1.55","192.168.1.2","TCP","1514","8004  >  37150 [ACK] Seq=341918 Ack=141 Win=65024 Len=1448 TSval=2916043926 TSecr=3045563699 [TCP segment of a reassembled PDU]"
"78018","39.845671156","192.168.1.55","192.168.1.2","TCP","1514","8004  >  37150 [ACK] Seq=343366 Ack=141 Win=65024 Len=1448 TSval=2916043926 TSecr=3045563699 [TCP segment of a reassembled PDU]"
"78019","39.845672156","192.168.1.55","192.168.1.2","TCP","1514","8004  >  37150 [PSH, ACK] Seq=344814 Ack=141 Win=65024 Len=1448 TSval=2916043926 TSecr=3045563699 [TCP segment of a reassembled PDU]"
"78020","39.849055291","192.168.1.2","192.168.1.55","TCP","66","37150  >  8004 [ACK] Seq=141 Ack=262278 Win=101376 Len=0 TSval=3045563702 TSecr=2916043920"
"78021","39.849076846","192.168.1.55","192.168.1.2","TCP","1514","8004  >  37150 [ACK] Seq=346262 Ack=141 Win=65024 Len=1448 TSval=2916043929 TSecr=3045563702 [TCP segment of a reassembled PDU]"
"78022","39.849079809","192.168.1.55","192.168.1.2","TCP","1514","8004  >  37150 [ACK] Seq=347710 Ack=141 Win=65024 Len=1448 TSval=2916043929 TSecr=3045563702 [TCP segment of a reassembled PDU]"
"78023","39.849080735","192.168.1.55","192.168.1.2","TCP","1514","8004  >  37150 [ACK] Seq=349158 Ack=141 Win=65024 Len=1448 TSval=2916043929 TSecr=3045563702 [TCP segment of a reassembled PDU]"
"78024","39.849082272","192.168.1.55","192.168.1.2","TCP","1514","8004  >  37150 [ACK] Seq=350606 Ack=141 Win=65024 Len=1448 TSval=2916043929 TSecr=3045563702 [TCP segment of a reassembled PDU]"
"78025","39.849083180","192.168.1.55","192.168.1.2","TCP","1514","8004  >  37150 [ACK] Seq=352054 Ack=141 Win=65024 Len=1448 TSval=2916043929 TSecr=3045563702 [TCP segment of a reassembled PDU]"
"78026","39.849084106","192.168.1.55","192.168.1.2","TCP","1514","8004  >  37150 [PSH, ACK] Seq=353502 Ack=141 Win=65024 Len=1448 TSval=2916043929 TSecr=3045563702 [TCP segment of a reassembled PDU]"
"78027","39.849383328","192.168.1.2","192.168.1.55","TCP","66","37150  >  8004 [ACK] Seq=141 Ack=299910 Win=101376 Len=0 TSval=3045563702 TSecr=2916043922"
"78028","39.849419180","192.168.1.55","192.168.1.2","TCP","1514","8004  >  37150 [ACK] Seq=354950 Ack=141 Win=65024 Len=1448 TSval=2916043930 TSecr=3045563702 [TCP segment of a reassembled PDU]"
"78029","39.849421439","192.168.1.55","192.168.1.2","TCP","1514","8004  >  37150 [ACK] Seq=356398 Ack=141 Win=65024 Len=1448 TSval=2916043930 TSecr=3045563702 [TCP segment of a reassembled PDU]"
"78030","39.849422513","192.168.1.55","192.168.1.2","TCP","1514","8004  >  37150 [ACK] Seq=357846 Ack=141 Win=65024 Len=1448 TSval=2916043930 TSecr=3045563702 [TCP segment of a reassembled PDU]"
"78031","39.849423513","192.168.1.55","192.168.1.2","TCP","1514","8004  >  37150 [ACK] Seq=359294 Ack=141 Win=65024 Len=1448 TSval=2916043930 TSecr=3045563702 [TCP segment of a reassembled PDU]"
"78032","39.849424476","192.168.1.55","192.168.1.2","TCP","1514","8004  >  37150 [ACK] Seq=360742 Ack=141 Win=65024 Len=1448 TSval=2916043930 TSecr=3045563702 [TCP segment of a reassembled PDU]"
"78033","39.849425421","192.168.1.55","192.168.1.2","TCP","1514","8004  >  37150 [ACK] Seq=362190 Ack=141 Win=65024 Len=1448 TSval=2916043930 TSecr=3045563702 [TCP segment of a reassembled PDU]"
"78034","39.849426347","192.168.1.55","192.168.1.2","TCP","1514","8004  >  37150 [ACK] Seq=363638 Ack=141 Win=65024 Len=1448 TSval=2916043930 TSecr=3045563702 [TCP segment of a reassembled PDU]"
"78035","39.849427310","192.168.1.55","192.168.1.2","TCP","1514","8004  >  37150 [ACK] Seq=365086 Ack=141 Win=65024 Len=1448 TSval=2916043930 TSecr=3045563702 [TCP segment of a reassembled PDU]"
"78036","39.849428513","192.168.1.55","192.168.1.2","TCP","1514","8004  >  37150 [ACK] Seq=366534 Ack=141 Win=65024 Len=1448 TSval=2916043930 TSecr=3045563702 [TCP segment of a reassembled PDU]"
"78037","39.849429458","192.168.1.55","192.168.1.2","TCP","1514","8004  >  37150 [ACK] Seq=367982 Ack=141 Win=65024 Len=1448 TSval=2916043930 TSecr=3045563702 [TCP segment of a reassembled PDU]"
"78038","39.849430402","192.168.1.55","192.168.1.2","TCP","1514","8004  >  37150 [ACK] Seq=369430 Ack=141 Win=65024 Len=1448 TSval=2916043930 TSecr=3045563702 [TCP segment of a reassembled PDU]"
"78039","39.849431291","192.168.1.55","192.168.1.2","TCP","1514","8004  >  37150 [ACK] Seq=370878 Ack=141 Win=65024 Len=1448 TSval=2916043930 TSecr=3045563702 [TCP segment of a reassembled PDU]"
"78040","39.849432236","192.168.1.55","192.168.1.2","TCP","1514","8004  >  37150 [ACK] Seq=372326 Ack=141 Win=65024 Len=1448 TSval=2916043930 TSecr=3045563702 [TCP segment of a reassembled PDU]"
"78041","39.849433180","192.168.1.55","192.168.1.2","TCP","1514","8004  >  37150 [ACK] Seq=373774 Ack=141 Win=65024 Len=1448 TSval=2916043930 TSecr=3045563702 [TCP segment of a reassembled PDU]"
"78042","39.849434106","192.168.1.55","192.168.1.2","TCP","1514","8004  >  37150 [ACK] Seq=375222 Ack=141 Win=65024 Len=1448 TSval=2916043930 TSecr=3045563702 [TCP segment of a reassembled PDU]"
"78043","39.849435217","192.168.1.55","192.168.1.2","TCP","1514","8004  >  37150 [ACK] Seq=376670 Ack=141 Win=65024 Len=1448 TSval=2916043930 TSecr=3045563702 [TCP segment of a reassembled PDU]"
"78044","39.849436143","192.168.1.55","192.168.1.2","TCP","1514","8004  >  37150 [ACK] Seq=378118 Ack=141 Win=65024 Len=1448 TSval=2916043930 TSecr=3045563702 [TCP segment of a reassembled PDU]"
"78045","39.849437939","192.168.1.55","192.168.1.2","TCP","1514","8004  >  37150 [ACK] Seq=379566 Ack=141 Win=65024 Len=1448 TSval=2916043930 TSecr=3045563702 [TCP segment of a reassembled PDU]"
"78046","39.849439014","192.168.1.55","192.168.1.2","TCP","1514","8004  >  37150 [ACK] Seq=381014 Ack=141 Win=65024 Len=1448 TSval=2916043930 TSecr=3045563702 [TCP segment of a reassembled PDU]"
"78047","39.849440051","192.168.1.55","192.168.1.2","TCP","1514","8004  >  37150 [ACK] Seq=382462 Ack=141 Win=65024 Len=1448 TSval=2916043930 TSecr=3045563702 [TCP segment of a reassembled PDU]"
"78048","39.849441032","192.168.1.55","192.168.1.2","TCP","1514","8004  >  37150 [ACK] Seq=383910 Ack=141 Win=65024 Len=1448 TSval=2916043930 TSecr=3045563702 [TCP segment of a reassembled PDU]"
"78049","39.849441939","192.168.1.55","192.168.1.2","TCP","1514","8004  >  37150 [ACK] Seq=385358 Ack=141 Win=65024 Len=1448 TSval=2916043930 TSecr=3045563702 [TCP segment of a reassembled PDU]"
"78050","39.849443088","192.168.1.55","192.168.1.2","TCP","1514","8004  >  37150 [ACK] Seq=386806 Ack=141 Win=65024 Len=1448 TSval=2916043930 TSecr=3045563702 [TCP segment of a reassembled PDU]"
"78051","39.849444199","192.168.1.55","192.168.1.2","TCP","1514","8004  >  37150 [ACK] Seq=388254 Ack=141 Win=65024 Len=1448 TSval=2916043930 TSecr=3045563702 [TCP segment of a reassembled PDU]"
"78052","39.849445125","192.168.1.55","192.168.1.2","TCP","1514","8004  >  37150 [ACK] Seq=389702 Ack=141 Win=65024 Len=1448 TSval=2916043930 TSecr=3045563702 [TCP segment of a reassembled PDU]"
"78053","39.849446236","192.168.1.55","192.168.1.2","TCP","1514","8004  >  37150 [ACK] Seq=391150 Ack=141 Win=65024 Len=1448 TSval=2916043930 TSecr=3045563702 [TCP segment of a reassembled PDU]"
"78054","39.849447254","192.168.1.55","192.168.1.2","TCP","1514","8004  >  37150 [ACK] Seq=392598 Ack=141 Win=65024 Len=1448 TSval=2916043930 TSecr=3045563702 [TCP segment of a reassembled PDU]"
"78055","39.849448421","192.168.1.55","192.168.1.2","TCP","1514","8004  >  37150 [ACK] Seq=394046 Ack=141 Win=65024 Len=1448 TSval=2916043930 TSecr=3045563702 [TCP segment of a reassembled PDU]"
"78056","39.849449421","192.168.1.55","192.168.1.2","TCP","1514","8004  >  37150 [ACK] Seq=395494 Ack=141 Win=65024 Len=1448 TSval=2916043930 TSecr=3045563702 [TCP segment of a reassembled PDU]"
"78057","39.849450476","192.168.1.55","192.168.1.2","TCP","1514","8004  >  37150 [ACK] Seq=396942 Ack=141 Win=65024 Len=1448 TSval=2916043930 TSecr=3045563702 [TCP segment of a reassembled PDU]"
"78058","39.849451476","192.168.1.55","192.168.1.2","TCP","1514","8004  >  37150 [ACK] Seq=398390 Ack=141 Win=65024 Len=1448 TSval=2916043930 TSecr=3045563702 [TCP segment of a reassembled PDU]"
"78059","39.849452810","192.168.1.55","192.168.1.2","TCP","1514","[TCP Window Full] 8004  >  37150 [PSH, ACK] Seq=399838 Ack=141 Win=65024 Len=1448 TSval=2916043930 TSecr=3045563702 [TCP segment of a reassembled PDU]"
"78060","39.853405020","192.168.1.2","192.168.1.55","TCP","66","37150  >  8004 [ACK] Seq=141 Ack=308598 Win=118784 Len=0 TSval=3045563704 TSecr=2916043926"
"78061","39.853493039","192.168.1.55","192.168.1.2","TCP","1514","8004  >  37150 [ACK] Seq=401286 Ack=141 Win=65024 Len=1448 TSval=2916043934 TSecr=3045563704 [TCP segment of a reassembled PDU]"
"78062","39.853502687","192.168.1.55","192.168.1.2","TCP","1514","8004  >  37150 [ACK] Seq=402734 Ack=141 Win=65024 Len=1448 TSval=2916043934 TSecr=3045563704 [TCP segment of a reassembled PDU]"
"78063","39.853504502","192.168.1.55","192.168.1.2","TCP","1514","8004  >  37150 [ACK] Seq=404182 Ack=141 Win=65024 Len=1448 TSval=2916043934 TSecr=3045563704 [TCP segment of a reassembled PDU]"
"78064","39.853505687","192.168.1.55","192.168.1.2","TCP","1514","8004  >  37150 [ACK] Seq=405630 Ack=141 Win=65024 Len=1448 TSval=2916043934 TSecr=3045563704 [TCP segment of a reassembled PDU]"
"78065","39.853506891","192.168.1.55","192.168.1.2","TCP","1514","8004  >  37150 [ACK] Seq=407078 Ack=141 Win=65024 Len=1448 TSval=2916043934 TSecr=3045563704 [TCP segment of a reassembled PDU]"
"78066","39.853508039","192.168.1.55","192.168.1.2","TCP","1514","8004  >  37150 [ACK] Seq=408526 Ack=141 Win=65024 Len=1448 TSval=2916043934 TSecr=3045563704 [TCP segment of a reassembled PDU]"
"78067","39.853509465","192.168.1.55","192.168.1.2","TCP","1514","8004  >  37150 [ACK] Seq=409974 Ack=141 Win=65024 Len=1448 TSval=2916043934 TSecr=3045563704 [TCP segment of a reassembled PDU]"
"78068","39.853511354","192.168.1.55","192.168.1.2","TCP","1514","8004  >  37150 [ACK] Seq=411422 Ack=141 Win=65024 Len=1448 TSval=2916043934 TSecr=3045563704 [TCP segment of a reassembled PDU]"
"78069","39.853512631","192.168.1.55","192.168.1.2","TCP","1514","8004  >  37150 [ACK] Seq=412870 Ack=141 Win=65024 Len=1448 TSval=2916043934 TSecr=3045563704 [TCP segment of a reassembled PDU]"
"78070","39.853513724","192.168.1.55","192.168.1.2","TCP","1514","8004  >  37150 [ACK] Seq=414318 Ack=141 Win=65024 Len=1448 TSval=2916043934 TSecr=3045563704 [TCP segment of a reassembled PDU]"
"78071","39.853515502","192.168.1.55","192.168.1.2","TCP","1514","8004  >  37150 [ACK] Seq=415766 Ack=141 Win=65024 Len=1448 TSval=2916043934 TSecr=3045563704 [TCP segment of a reassembled PDU]"
"78072","39.853516854","192.168.1.55","192.168.1.2","TCP","1514","8004  >  37150 [ACK] Seq=417214 Ack=141 Win=65024 Len=1448 TSval=2916043934 TSecr=3045563704 [TCP segment of a reassembled PDU]"
"78073","39.853518539","192.168.1.55","192.168.1.2","TCP","1514","8004  >  37150 [ACK] Seq=418662 Ack=141 Win=65024 Len=1448 TSval=2916043934 TSecr=3045563704 [TCP segment of a reassembled PDU]"
"78074","39.853519668","192.168.1.55","192.168.1.2","TCP","1514","8004  >  37150 [ACK] Seq=420110 Ack=141 Win=65024 Len=1448 TSval=2916043934 TSecr=3045563704 [TCP segment of a reassembled PDU]"
"78075","39.853520835","192.168.1.55","192.168.1.2","TCP","1514","8004  >  37150 [ACK] Seq=421558 Ack=141 Win=65024 Len=1448 TSval=2916043934 TSecr=3045563704 [TCP segment of a reassembled PDU]"
"78076","39.853521779","192.168.1.55","192.168.1.2","TCP","1514","8004  >  37150 [ACK] Seq=423006 Ack=141 Win=65024 Len=1448 TSval=2916043934 TSecr=3045563704 [TCP segment of a reassembled PDU]"
"78077","39.853523261","192.168.1.55","192.168.1.2","TCP","1514","8004  >  37150 [ACK] Seq=424454 Ack=141 Win=65024 Len=1448 TSval=2916043934 TSecr=3045563704 [TCP segment of a reassembled PDU]"
"78078","39.853524520","192.168.1.55","192.168.1.2","TCP","1514","8004  >  37150 [PSH, ACK] Seq=425902 Ack=141 Win=65024 Len=1448 TSval=2916043934 TSecr=3045563704 [TCP segment of a reassembled PDU]"
"78079","39.853559354","192.168.1.2","192.168.1.55","TCP","66","37150  >  8004 [ACK] Seq=141 Ack=336126 Win=118784 Len=0 TSval=3045563705 TSecr=2916043926"
"78080","39.853611187","192.168.1.55","192.168.1.2","TCP","1514","8004  >  37150 [ACK] Seq=427350 Ack=141 Win=65024 Len=1448 TSval=2916043934 TSecr=3045563705 [TCP segment of a reassembled PDU]"
"78081","39.853614187","192.168.1.55","192.168.1.2","TCP","1514","8004  >  37150 [ACK] Seq=428798 Ack=141 Win=65024 Len=1448 TSval=2916043934 TSecr=3045563705 [TCP segment of a reassembled PDU]"
"78082","39.853615965","192.168.1.55","192.168.1.2","TCP","1514","8004  >  37150 [ACK] Seq=430246 Ack=141 Win=65024 Len=1448 TSval=2916043934 TSecr=3045563705 [TCP segment of a reassembled PDU]"
"78083","39.853617391","192.168.1.55","192.168.1.2","TCP","1514","8004  >  37150 [ACK] Seq=431694 Ack=141 Win=65024 Len=1448 TSval=2916043934 TSecr=3045563705 [TCP segment of a reassembled PDU]"
"78084","39.853618391","192.168.1.55","192.168.1.2","TCP","1514","8004  >  37150 [ACK] Seq=433142 Ack=141 Win=65024 Len=1448 TSval=2916043934 TSecr=3045563705 [TCP segment of a reassembled PDU]"
"78085","39.853619706","192.168.1.55","192.168.1.2","TCP","1514","8004  >  37150 [ACK] Seq=434590 Ack=141 Win=65024 Len=1448 TSval=2916043934 TSecr=3045563705 [TCP segment of a reassembled PDU]"
"78086","39.853620983","192.168.1.55","192.168.1.2","TCP","1514","8004  >  37150 [ACK] Seq=436038 Ack=141 Win=65024 Len=1448 TSval=2916043934 TSecr=3045563705 [TCP segment of a reassembled PDU]"
"78087","39.853622187","192.168.1.55","192.168.1.2","TCP","1514","8004  >  37150 [ACK] Seq=437486 Ack=141 Win=65024 Len=1448 TSval=2916043934 TSecr=3045563705 [TCP segment of a reassembled PDU]"
"78088","39.853623817","192.168.1.55","192.168.1.2","TCP","1514","8004  >  37150 [ACK] Seq=438934 Ack=141 Win=65024 Len=1448 TSval=2916043934 TSecr=3045563705 [TCP segment of a reassembled PDU]"
"78089","39.853624854","192.168.1.55","192.168.1.2","TCP","1514","8004  >  37150 [ACK] Seq=440382 Ack=141 Win=65024 Len=1448 TSval=2916043934 TSecr=3045563705 [TCP segment of a reassembled PDU]"
"78090","39.853626354","192.168.1.55","192.168.1.2","TCP","1514","8004  >  37150 [ACK] Seq=441830 Ack=141 Win=65024 Len=1448 TSval=2916043934 TSecr=3045563705 [TCP segment of a reassembled PDU]"
"78091","39.853627483","192.168.1.55","192.168.1.2","TCP","1514","8004  >  37150 [ACK] Seq=443278 Ack=141 Win=65024 Len=1448 TSval=2916043934 TSecr=3045563705 [TCP segment of a reassembled PDU]"
"78092","39.853628576","192.168.1.55","192.168.1.2","TCP","1514","8004  >  37150 [ACK] Seq=444726 Ack=141 Win=65024 Len=1448 TSval=2916043934 TSecr=3045563705 [TCP segment of a reassembled PDU]"
"78093","39.853629909","192.168.1.55","192.168.1.2","TCP","1514","8004  >  37150 [PSH, ACK] Seq=446174 Ack=141 Win=65024 Len=1448 TSval=2916043934 TSecr=3045563705 [TCP segment of a reassembled PDU]"
"78094","39.855828061","192.168.1.2","192.168.1.55","TCP","66","37150  >  8004 [ACK] Seq=141 Ack=346262 Win=139264 Len=0 TSval=3045563706 TSecr=2916043926"
"78095","39.855909376","192.168.1.55","192.168.1.2","TCP","1514","8004  >  37150 [ACK] Seq=447622 Ack=141 Win=65024 Len=1448 TSval=2916043936 TSecr=3045563706 [TCP segment of a reassembled PDU]"
"78096","39.855916357","192.168.1.55","192.168.1.2","TCP","1514","8004  >  37150 [ACK] Seq=449070 Ack=141 Win=65024 Len=1448 TSval=2916043936 TSecr=3045563706 [TCP segment of a reassembled PDU]"
"78097","39.855917432","192.168.1.55","192.168.1.2","TCP","1514","8004  >  37150 [ACK] Seq=450518 Ack=141 Win=65024 Len=1448 TSval=2916043936 TSecr=3045563706 [TCP segment of a reassembled PDU]"
"78098","39.855918450","192.168.1.55","192.168.1.2","TCP","1514","8004  >  37150 [ACK] Seq=451966 Ack=141 Win=65024 Len=1448 TSval=2916043936 TSecr=3045563706 [TCP segment of a reassembled PDU]"
"78099","39.855919913","192.168.1.55","192.168.1.2","TCP","1514","8004  >  37150 [ACK] Seq=453414 Ack=141 Win=65024 Len=1448 TSval=2916043936 TSecr=3045563706 [TCP segment of a reassembled PDU]"
"78100","39.855921265","192.168.1.55","192.168.1.2","TCP","1514","8004  >  37150 [ACK] Seq=454862 Ack=141 Win=65024 Len=1448 TSval=2916043936 TSecr=3045563706 [TCP segment of a reassembled PDU]"
"78101","39.855922654","192.168.1.55","192.168.1.2","TCP","1514","8004  >  37150 [ACK] Seq=456310 Ack=141 Win=65024 Len=1448 TSval=2916043936 TSecr=3045563706 [TCP segment of a reassembled PDU]"
"78102","39.855924246","192.168.1.55","192.168.1.2","TCP","1514","8004  >  37150 [ACK] Seq=457758 Ack=141 Win=65024 Len=1448 TSval=2916043936 TSecr=3045563706 [TCP segment of a reassembled PDU]"
"78103","39.855925265","192.168.1.55","192.168.1.2","TCP","1514","8004  >  37150 [ACK] Seq=459206 Ack=141 Win=65024 Len=1448 TSval=2916043936 TSecr=3045563706 [TCP segment of a reassembled PDU]"
"78104","39.855927043","192.168.1.55","192.168.1.2","TCP","1514","8004  >  37150 [ACK] Seq=460654 Ack=141 Win=65024 Len=1448 TSval=2916043936 TSecr=3045563706 [TCP segment of a reassembled PDU]"
"78105","39.855928450","192.168.1.55","192.168.1.2","TCP","1514","8004  >  37150 [ACK] Seq=462102 Ack=141 Win=65024 Len=1448 TSval=2916043936 TSecr=3045563706 [TCP segment of a reassembled PDU]"
"78106","39.855929746","192.168.1.55","192.168.1.2","TCP","1514","8004  >  37150 [ACK] Seq=463550 Ack=141 Win=65024 Len=1448 TSval=2916043936 TSecr=3045563706 [TCP segment of a reassembled PDU]"
"78107","39.855931043","192.168.1.55","192.168.1.2","TCP","1514","8004  >  37150 [ACK] Seq=464998 Ack=141 Win=65024 Len=1448 TSval=2916043936 TSecr=3045563706 [TCP segment of a reassembled PDU]"
"78108","39.855932376","192.168.1.55","192.168.1.2","TCP","1514","8004  >  37150 [ACK] Seq=466446 Ack=141 Win=65024 Len=1448 TSval=2916043936 TSecr=3045563706 [TCP segment of a reassembled PDU]"
"78109","39.855933469","192.168.1.55","192.168.1.2","TCP","1514","8004  >  37150 [ACK] Seq=467894 Ack=141 Win=65024 Len=1448 TSval=2916043936 TSecr=3045563706 [TCP segment of a reassembled PDU]"
"78110","39.855934617","192.168.1.55","192.168.1.2","TCP","1514","8004  >  37150 [ACK] Seq=469342 Ack=141 Win=65024 Len=1448 TSval=2916043936 TSecr=3045563706 [TCP segment of a reassembled PDU]"
"78111","39.855936265","192.168.1.55","192.168.1.2","TCP","1514","8004  >  37150 [ACK] Seq=470790 Ack=141 Win=65024 Len=1448 TSval=2916043936 TSecr=3045563706 [TCP segment of a reassembled PDU]"
"78112","39.855938228","192.168.1.55","192.168.1.2","TCP","1514","8004  >  37150 [ACK] Seq=472238 Ack=141 Win=65024 Len=1448 TSval=2916043936 TSecr=3045563706 [TCP segment of a reassembled PDU]"
"78113","39.855939691","192.168.1.55","192.168.1.2","TCP","1514","8004  >  37150 [ACK] Seq=473686 Ack=141 Win=65024 Len=1448 TSval=2916043936 TSecr=3045563706 [TCP segment of a reassembled PDU]"
"78114","39.855940709","192.168.1.55","192.168.1.2","TCP","1514","8004  >  37150 [ACK] Seq=475134 Ack=141 Win=65024 Len=1448 TSval=2916043936 TSecr=3045563706 [TCP segment of a reassembled PDU]"
"78115","39.855941969","192.168.1.55","192.168.1.2","TCP","1514","8004  >  37150 [ACK] Seq=476582 Ack=141 Win=65024 Len=1448 TSval=2916043936 TSecr=3045563706 [TCP segment of a reassembled PDU]"
"78116","39.855943339","192.168.1.55","192.168.1.2","TCP","1514","8004  >  37150 [ACK] Seq=478030 Ack=141 Win=65024 Len=1448 TSval=2916043936 TSecr=3045563706 [TCP segment of a reassembled PDU]"
"78117","39.855944913","192.168.1.55","192.168.1.2","TCP","1514","8004  >  37150 [ACK] Seq=479478 Ack=141 Win=65024 Len=1448 TSval=2916043936 TSecr=3045563706 [TCP segment of a reassembled PDU]"
"78118","39.855946376","192.168.1.55","192.168.1.2","TCP","1514","8004  >  37150 [ACK] Seq=480926 Ack=141 Win=65024 Len=1448 TSval=2916043936 TSecr=3045563706 [TCP segment of a reassembled PDU]"
"78119","39.855947450","192.168.1.55","192.168.1.2","TCP","1514","8004  >  37150 [ACK] Seq=482374 Ack=141 Win=65024 Len=1448 TSval=2916043936 TSecr=3045563706 [TCP segment of a reassembled PDU]"
"78120","39.855948432","192.168.1.55","192.168.1.2","TCP","1514","8004  >  37150 [ACK] Seq=483822 Ack=141 Win=65024 Len=1448 TSval=2916043936 TSecr=3045563706 [TCP segment of a reassembled PDU]"
"78121","39.855949543","192.168.1.55","192.168.1.2","TCP","322","[TCP Window Full] 8004  >  37150 [PSH, ACK] Seq=485270 Ack=141 Win=65024 Len=256 TSval=2916043936 TSecr=3045563706 [TCP segment of a reassembled PDU]"
"78122","39.856013561","192.168.1.2","192.168.1.55","TCP","66","37150  >  8004 [ACK] Seq=141 Ack=354950 Win=143360 Len=0 TSval=3045563708 TSecr=2916043929"
"78123","39.856037839","192.168.1.55","192.168.1.2","TCP","1514","8004  >  37150 [ACK] Seq=485526 Ack=141 Win=65024 Len=1448 TSval=2916043936 TSecr=3045563708 [TCP segment of a reassembled PDU]"
"78124","39.856040598","192.168.1.55","192.168.1.2","TCP","1514","8004  >  37150 [ACK] Seq=486974 Ack=141 Win=65024 Len=1448 TSval=2916043936 TSecr=3045563708 [TCP segment of a reassembled PDU]"
"78125","39.856041839","192.168.1.55","192.168.1.2","TCP","1514","8004  >  37150 [ACK] Seq=488422 Ack=141 Win=65024 Len=1448 TSval=2916043936 TSecr=3045563708 [TCP segment of a reassembled PDU]"
"78126","39.856042728","192.168.1.55","192.168.1.2","TCP","1514","8004  >  37150 [ACK] Seq=489870 Ack=141 Win=65024 Len=1448 TSval=2916043936 TSecr=3045563708 [TCP segment of a reassembled PDU]"
"78127","39.856043858","192.168.1.55","192.168.1.2","TCP","1514","8004  >  37150 [PSH, ACK] Seq=491318 Ack=141 Win=65024 Len=1448 TSval=2916043936 TSecr=3045563708 [TCP segment of a reassembled PDU]"
"78128","39.856051784","192.168.1.55","192.168.1.2","TCP","1258","8004  >  37150 [ACK] Seq=492766 Ack=141 Win=65024 Len=1192 TSval=2916043936 TSecr=3045563708 [TCP segment of a reassembled PDU]"
"78129","39.856055358","192.168.1.2","192.168.1.55","TCP","66","37150  >  8004 [ACK] Seq=141 Ack=373774 Win=136192 Len=0 TSval=3045563709 TSecr=2916043930"
"78130","39.856072543","192.168.1.55","192.168.1.2","TCP","1514","8004  >  37150 [ACK] Seq=493958 Ack=141 Win=65024 Len=1448 TSval=2916043936 TSecr=3045563709 [TCP segment of a reassembled PDU]"
"78131","39.856076061","192.168.1.55","192.168.1.2","TCP","1514","8004  >  37150 [ACK] Seq=495406 Ack=141 Win=65024 Len=1448 TSval=2916043936 TSecr=3045563709 [TCP segment of a reassembled PDU]"
"78132","39.856076969","192.168.1.55","192.168.1.2","TCP","1514","8004  >  37150 [PSH, ACK] Seq=496854 Ack=141 Win=65024 Len=1448 TSval=2916043936 TSecr=3045563709 [TCP segment of a reassembled PDU]"
"78133","39.856082135","192.168.1.55","192.168.1.2","HTTP","1472","HTTP/1.0 200 OK  (PNG)"
"78134","39.856085598","192.168.1.2","192.168.1.55","TCP","66","37150  >  8004 [ACK] Seq=141 Ack=395494 Win=131072 Len=0 TSval=3045563709 TSecr=2916043930"
"78135","39.856091228","192.168.1.2","192.168.1.55","TCP","66","37150  >  8004 [ACK] Seq=141 Ack=401286 Win=144384 Len=0 TSval=3045563710 TSecr=2916043930"
"78136","39.860258253","192.168.1.2","192.168.1.55","TCP","66","37150  >  8004 [ACK] Seq=141 Ack=427350 Win=157696 Len=0 TSval=3045563713 TSecr=2916043934"
"78137","39.860357513","192.168.1.2","192.168.1.55","TCP","66","37150  >  8004 [ACK] Seq=141 Ack=447622 Win=138240 Len=0 TSval=3045563713 TSecr=2916043934"
"78138","39.862828776","192.168.1.2","192.168.1.55","TCP","66","37150  >  8004 [ACK] Seq=141 Ack=485526 Win=146432 Len=0 TSval=3045563718 TSecr=2916043936"
"78139","39.863211055","192.168.1.2","192.168.1.55","TCP","66","37150  >  8004 [ACK] Seq=141 Ack=499709 Win=133120 Len=0 TSval=3045563718 TSecr=2916043936"
"78140","39.864347501","192.168.1.2","192.168.1.55","TCP","66","37150  >  8004 [FIN, ACK] Seq=141 Ack=499709 Win=157696 Len=0 TSval=3045563719 TSecr=2916043936"
"78141","39.864372612","192.168.1.55","192.168.1.2","TCP","66","8004  >  37150 [ACK] Seq=499709 Ack=142 Win=65024 Len=0 TSval=2916043945 TSecr=3045563719"
"78142","39.864494057","192.168.1.2","192.168.1.55","TCP","74","37156  >  8004 [SYN] Seq=0 Win=64240 Len=0 MSS=1460 SACK_PERM TSval=3045563719 TSecr=0 WS=1024"
"78143","39.864514927","192.168.1.55","192.168.1.2","TCP","74","8004  >  37156 [SYN, ACK] Seq=0 Ack=1 Win=65160 Len=0 MSS=1460 SACK_PERM TSval=2916043945 TSecr=3045563719 WS=128"
"78144","39.867881340","192.168.1.2","192.168.1.55","TCP","66","37156  >  8004 [ACK] Seq=1 Ack=1 Win=64512 Len=0 TSval=3045563722 TSecr=2916043945"
"78145","39.871095827","192.168.1.2","192.168.1.55","HTTP","209","GET /original_benchmark.png HTTP/1.1 "
"78146","39.871117327","192.168.1.55","192.168.1.2","TCP","66","8004  >  37156 [ACK] Seq=1 Ack=144 Win=65024 Len=0 TSval=2916043951 TSecr=3045563722"
"78147","39.871583272","192.168.1.55","192.168.1.2","TCP","255","8004  >  37156 [PSH, ACK] Seq=1 Ack=144 Win=65024 Len=189 TSval=2916043952 TSecr=3045563722 [TCP segment of a reassembled PDU]"
"78148","39.871664050","192.168.1.55","192.168.1.2","TCP","1514","8004  >  37156 [ACK] Seq=190 Ack=144 Win=65024 Len=1448 TSval=2916043952 TSecr=3045563722 [TCP segment of a reassembled PDU]"
"78149","39.871668754","192.168.1.55","192.168.1.2","TCP","1514","8004  >  37156 [ACK] Seq=1638 Ack=144 Win=65024 Len=1448 TSval=2916043952 TSecr=3045563722 [TCP segment of a reassembled PDU]"
"78150","39.871670179","192.168.1.55","192.168.1.2","TCP","1514","8004  >  37156 [ACK] Seq=3086 Ack=144 Win=65024 Len=1448 TSval=2916043952 TSecr=3045563722 [TCP segment of a reassembled PDU]"
"78151","39.871671476","192.168.1.55","192.168.1.2","TCP","1514","8004  >  37156 [ACK] Seq=4534 Ack=144 Win=65024 Len=1448 TSval=2916043952 TSecr=3045563722 [TCP segment of a reassembled PDU]"
"78152","39.871673161","192.168.1.55","192.168.1.2","TCP","1514","8004  >  37156 [PSH, ACK] Seq=5982 Ack=144 Win=65024 Len=1448 TSval=2916043952 TSecr=3045563722 [TCP segment of a reassembled PDU]"
"78153","39.871691254","192.168.1.55","192.168.1.2","TCP","1514","8004  >  37156 [ACK] Seq=7430 Ack=144 Win=65024 Len=1448 TSval=2916043952 TSecr=3045563722 [TCP segment of a reassembled PDU]"
"78154","39.871692865","192.168.1.55","192.168.1.2","TCP","1514","8004  >  37156 [ACK] Seq=8878 Ack=144 Win=65024 Len=1448 TSval=2916043952 TSecr=3045563722 [TCP segment of a reassembled PDU]"
"78155","39.871694068","192.168.1.55","192.168.1.2","TCP","1514","8004  >  37156 [ACK] Seq=10326 Ack=144 Win=65024 Len=1448 TSval=2916043952 TSecr=3045563722 [TCP segment of a reassembled PDU]"
"78156","39.871695272","192.168.1.55","192.168.1.2","TCP","1514","8004  >  37156 [PSH, ACK] Seq=11774 Ack=144 Win=65024 Len=1448 TSval=2916043952 TSecr=3045563722 [TCP segment of a reassembled PDU]"
"78157","39.878424283","192.168.1.2","192.168.1.55","TCP","66","37156  >  8004 [ACK] Seq=144 Ack=190 Win=64512 Len=0 TSval=3045563733 TSecr=2916043952"
"78158","39.878467691","192.168.1.55","192.168.1.2","TCP","1514","8004  >  37156 [ACK] Seq=13222 Ack=144 Win=65024 Len=1448 TSval=2916043959 TSecr=3045563733 [TCP segment of a reassembled PDU]"
"78159","39.878472265","192.168.1.55","192.168.1.2","TCP","1514","8004  >  37156 [PSH, ACK] Seq=14670 Ack=144 Win=65024 Len=1448 TSval=2916043959 TSecr=3045563733 [TCP segment of a reassembled PDU]"
"78160","39.878503117","192.168.1.2","192.168.1.55","TCP","66","37156  >  8004 [ACK] Seq=144 Ack=13222 Win=64512 Len=0 TSval=3045563733 TSecr=2916043952"
"78161","39.878527413","192.168.1.55","192.168.1.2","TCP","1514","8004  >  37156 [ACK] Seq=16118 Ack=144 Win=65024 Len=1448 TSval=2916043959 TSecr=3045563733 [TCP segment of a reassembled PDU]"
"78162","39.878529913","192.168.1.55","192.168.1.2","TCP","1514","8004  >  37156 [ACK] Seq=17566 Ack=144 Win=65024 Len=1448 TSval=2916043959 TSecr=3045563733 [TCP segment of a reassembled PDU]"
"78163","39.878531098","192.168.1.55","192.168.1.2","TCP","1514","8004  >  37156 [ACK] Seq=19014 Ack=144 Win=65024 Len=1448 TSval=2916043959 TSecr=3045563733 [TCP segment of a reassembled PDU]"
"78164","39.878532228","192.168.1.55","192.168.1.2","TCP","1514","8004  >  37156 [ACK] Seq=20462 Ack=144 Win=65024 Len=1448 TSval=2916043959 TSecr=3045563733 [TCP segment of a reassembled PDU]"
"78165","39.878533783","192.168.1.55","192.168.1.2","TCP","1514","8004  >  37156 [ACK] Seq=21910 Ack=144 Win=65024 Len=1448 TSval=2916043959 TSecr=3045563733 [TCP segment of a reassembled PDU]"
"78166","39.878534913","192.168.1.55","192.168.1.2","TCP","1514","8004  >  37156 [ACK] Seq=23358 Ack=144 Win=65024 Len=1448 TSval=2916043959 TSecr=3045563733 [TCP segment of a reassembled PDU]"
"78167","39.878536061","192.168.1.55","192.168.1.2","TCP","1514","8004  >  37156 [ACK] Seq=24806 Ack=144 Win=65024 Len=1448 TSval=2916043959 TSecr=3045563733 [TCP segment of a reassembled PDU]"
"78168","39.878542580","192.168.1.55","192.168.1.2","TCP","1514","8004  >  37156 [ACK] Seq=26254 Ack=144 Win=65024 Len=1448 TSval=2916043959 TSecr=3045563733 [TCP segment of a reassembled PDU]"
"78169","39.878544043","192.168.1.55","192.168.1.2","TCP","1514","8004  >  37156 [ACK] Seq=27702 Ack=144 Win=65024 Len=1448 TSval=2916043959 TSecr=3045563733 [TCP segment of a reassembled PDU]"
"78170","39.878545506","192.168.1.55","192.168.1.2","TCP","1514","8004  >  37156 [PSH, ACK] Seq=29150 Ack=144 Win=65024 Len=1448 TSval=2916043959 TSecr=3045563733 [TCP segment of a reassembled PDU]"
"78171","39.878561802","192.168.1.55","192.168.1.2","TCP","1514","8004  >  37156 [ACK] Seq=30598 Ack=144 Win=65024 Len=1448 TSval=2916043959 TSecr=3045563733 [TCP segment of a reassembled PDU]"
"78172","39.878563431","192.168.1.55","192.168.1.2","TCP","1514","8004  >  37156 [ACK] Seq=32046 Ack=144 Win=65024 Len=1448 TSval=2916043959 TSecr=3045563733 [TCP segment of a reassembled PDU]"
"78173","39.878564709","192.168.1.55","192.168.1.2","TCP","1514","8004  >  37156 [ACK] Seq=33494 Ack=144 Win=65024 Len=1448 TSval=2916043959 TSecr=3045563733 [TCP segment of a reassembled PDU]"
"78174","39.878565894","192.168.1.55","192.168.1.2","TCP","1514","8004  >  37156 [ACK] Seq=34942 Ack=144 Win=65024 Len=1448 TSval=2916043959 TSecr=3045563733 [TCP segment of a reassembled PDU]"
"78175","39.878567339","192.168.1.55","192.168.1.2","TCP","1514","8004  >  37156 [ACK] Seq=36390 Ack=144 Win=65024 Len=1448 TSval=2916043959 TSecr=3045563733 [TCP segment of a reassembled PDU]"
"78176","39.878568765","192.168.1.55","192.168.1.2","TCP","1514","8004  >  37156 [ACK] Seq=37838 Ack=144 Win=65024 Len=1448 TSval=2916043959 TSecr=3045563733 [TCP segment of a reassembled PDU]"
"78177","39.878570061","192.168.1.55","192.168.1.2","TCP","1514","8004  >  37156 [ACK] Seq=39286 Ack=144 Win=65024 Len=1448 TSval=2916043959 TSecr=3045563733 [TCP segment of a reassembled PDU]"
"78178","39.878571320","192.168.1.55","192.168.1.2","TCP","1514","8004  >  37156 [PSH, ACK] Seq=40734 Ack=144 Win=65024 Len=1448 TSval=2916043959 TSecr=3045563733 [TCP segment of a reassembled PDU]"
"78179","39.883144291","192.168.1.2","192.168.1.55","TCP","66","37156  >  8004 [ACK] Seq=144 Ack=16118 Win=70656 Len=0 TSval=3045563737 TSecr=2916043959"
"78180","39.883230754","192.168.1.55","192.168.1.2","TCP","1514","8004  >  37156 [ACK] Seq=42182 Ack=144 Win=65024 Len=1448 TSval=2916043963 TSecr=3045563737 [TCP segment of a reassembled PDU]"
"78181","39.883238976","192.168.1.55","192.168.1.2","TCP","1514","8004  >  37156 [PSH, ACK] Seq=43630 Ack=144 Win=65024 Len=1448 TSval=2916043963 TSecr=3045563737 [TCP segment of a reassembled PDU]"
"78182","39.883368791","192.168.1.2","192.168.1.55","TCP","66","37156  >  8004 [ACK] Seq=144 Ack=30598 Win=70656 Len=0 TSval=3045563737 TSecr=2916043959"
"78183","39.883430328","192.168.1.55","192.168.1.2","TCP","1514","8004  >  37156 [ACK] Seq=45078 Ack=144 Win=65024 Len=1448 TSval=2916043964 TSecr=3045563737 [TCP segment of a reassembled PDU]"
"78184","39.883434125","192.168.1.55","192.168.1.2","TCP","1514","8004  >  37156 [ACK] Seq=46526 Ack=144 Win=65024 Len=1448 TSval=2916043964 TSecr=3045563737 [TCP segment of a reassembled PDU]"
"78185","39.883436069","192.168.1.55","192.168.1.2","TCP","1514","8004  >  37156 [ACK] Seq=47974 Ack=144 Win=65024 Len=1448 TSval=2916043964 TSecr=3045563737 [TCP segment of a reassembled PDU]"
"78186","39.883437291","192.168.1.55","192.168.1.2","TCP","1514","8004  >  37156 [ACK] Seq=49422 Ack=144 Win=65024 Len=1448 TSval=2916043964 TSecr=3045563737 [TCP segment of a reassembled PDU]"
"78187","39.883438884","192.168.1.55","192.168.1.2","TCP","1514","8004  >  37156 [ACK] Seq=50870 Ack=144 Win=65024 Len=1448 TSval=2916043964 TSecr=3045563737 [TCP segment of a reassembled PDU]"
"78188","39.883440717","192.168.1.55","192.168.1.2","TCP","1514","8004  >  37156 [ACK] Seq=52318 Ack=144 Win=65024 Len=1448 TSval=2916043964 TSecr=3045563737 [TCP segment of a reassembled PDU]"
"78189","39.883442754","192.168.1.55","192.168.1.2","TCP","1514","8004  >  37156 [ACK] Seq=53766 Ack=144 Win=65024 Len=1448 TSval=2916043964 TSecr=3045563737 [TCP segment of a reassembled PDU]"
"78190","39.883444143","192.168.1.55","192.168.1.2","TCP","1514","8004  >  37156 [ACK] Seq=55214 Ack=144 Win=65024 Len=1448 TSval=2916043964 TSecr=3045563737 [TCP segment of a reassembled PDU]"
"78191","39.883445588","192.168.1.55","192.168.1.2","TCP","1514","8004  >  37156 [ACK] Seq=56662 Ack=144 Win=65024 Len=1448 TSval=2916043964 TSecr=3045563737 [TCP segment of a reassembled PDU]"
"78192","39.883448180","192.168.1.55","192.168.1.2","TCP","1514","8004  >  37156 [ACK] Seq=58110 Ack=144 Win=65024 Len=1448 TSval=2916043964 TSecr=3045563737 [TCP segment of a reassembled PDU]"
"78193","39.883449921","192.168.1.55","192.168.1.2","TCP","1514","8004  >  37156 [ACK] Seq=59558 Ack=144 Win=65024 Len=1448 TSval=2916043964 TSecr=3045563737 [TCP segment of a reassembled PDU]"
"78194","39.883451217","192.168.1.55","192.168.1.2","TCP","1514","8004  >  37156 [ACK] Seq=61006 Ack=144 Win=65024 Len=1448 TSval=2916043964 TSecr=3045563737 [TCP segment of a reassembled PDU]"
"78195","39.883453199","192.168.1.55","192.168.1.2","TCP","1514","8004  >  37156 [ACK] Seq=62454 Ack=144 Win=65024 Len=1448 TSval=2916043964 TSecr=3045563737 [TCP segment of a reassembled PDU]"
"78196","39.883454865","192.168.1.55","192.168.1.2","TCP","1514","8004  >  37156 [ACK] Seq=63902 Ack=144 Win=65024 Len=1448 TSval=2916043964 TSecr=3045563737 [TCP segment of a reassembled PDU]"
"78197","39.883456606","192.168.1.55","192.168.1.2","TCP","1514","8004  >  37156 [ACK] Seq=65350 Ack=144 Win=65024 Len=1448 TSval=2916043964 TSecr=3045563737 [TCP segment of a reassembled PDU]"
"78198","39.883457884","192.168.1.55","192.168.1.2","TCP","1514","8004  >  37156 [PSH, ACK] Seq=66798 Ack=144 Win=65024 Len=1448 TSval=2916043964 TSecr=3045563737 [TCP segment of a reassembled PDU]"
"78199","39.883475236","192.168.1.55","192.168.1.2","TCP","1514","8004  >  37156 [ACK] Seq=68246 Ack=144 Win=65024 Len=1448 TSval=2916043964 TSecr=3045563737 [TCP segment of a reassembled PDU]"
"78200","39.883477514","192.168.1.55","192.168.1.2","TCP","1514","8004  >  37156 [ACK] Seq=69694 Ack=144 Win=65024 Len=1448 TSval=2916043964 TSecr=3045563737 [TCP segment of a reassembled PDU]"
"78201","39.883478921","192.168.1.55","192.168.1.2","TCP","1514","8004  >  37156 [ACK] Seq=71142 Ack=144 Win=65024 Len=1448 TSval=2916043964 TSecr=3045563737 [TCP segment of a reassembled PDU]"
"78202","39.883480921","192.168.1.55","192.168.1.2","TCP","1514","8004  >  37156 [ACK] Seq=72590 Ack=144 Win=65024 Len=1448 TSval=2916043964 TSecr=3045563737 [TCP segment of a reassembled PDU]"
"78203","39.883483458","192.168.1.55","192.168.1.2","TCP","1514","8004  >  37156 [ACK] Seq=74038 Ack=144 Win=65024 Len=1448 TSval=2916043964 TSecr=3045563737 [TCP segment of a reassembled PDU]"
"78204","39.883484847","192.168.1.55","192.168.1.2","TCP","1514","8004  >  37156 [PSH, ACK] Seq=75486 Ack=144 Win=65024 Len=1448 TSval=2916043964 TSecr=3045563737 [TCP segment of a reassembled PDU]"
"78205","39.883489199","192.168.1.2","192.168.1.55","TCP","66","37156  >  8004 [ACK] Seq=144 Ack=36390 Win=69632 Len=0 TSval=3045563737 TSecr=2916043959"
"78206","39.883494810","192.168.1.2","192.168.1.55","TCP","66","37156  >  8004 [ACK] Seq=144 Ack=39286 Win=76800 Len=0 TSval=3045563738 TSecr=2916043959"
"78207","39.884434663","192.168.1.55","192.168.1.2","TCP","1514","8004  >  37156 [ACK] Seq=76934 Ack=144 Win=65024 Len=1448 TSval=2916043965 TSecr=3045563738 [TCP segment of a reassembled PDU]"
"78208","39.884438793","192.168.1.55","192.168.1.2","TCP","1514","8004  >  37156 [ACK] Seq=78382 Ack=144 Win=65024 Len=1448 TSval=2916043965 TSecr=3045563738 [TCP segment of a reassembled PDU]"
"78209","39.884440830","192.168.1.55","192.168.1.2","TCP","1514","8004  >  37156 [ACK] Seq=79830 Ack=144 Win=65024 Len=1448 TSval=2916043965 TSecr=3045563738 [TCP segment of a reassembled PDU]"
"78210","39.884442608","192.168.1.55","192.168.1.2","TCP","1514","8004  >  37156 [ACK] Seq=81278 Ack=144 Win=65024 Len=1448 TSval=2916043965 TSecr=3045563738 [TCP segment of a reassembled PDU]"
"78211","39.884444423","192.168.1.55","192.168.1.2","TCP","1514","8004  >  37156 [ACK] Seq=82726 Ack=144 Win=65024 Len=1448 TSval=2916043965 TSecr=3045563738 [TCP segment of a reassembled PDU]"
"78212","39.884446978","192.168.1.55","192.168.1.2","TCP","1514","8004  >  37156 [ACK] Seq=84174 Ack=144 Win=65024 Len=1448 TSval=2916043965 TSecr=3045563738 [TCP segment of a reassembled PDU]"
"78213","39.884448311","192.168.1.55","192.168.1.2","TCP","1514","8004  >  37156 [ACK] Seq=85622 Ack=144 Win=65024 Len=1448 TSval=2916043965 TSecr=3045563738 [TCP segment of a reassembled PDU]"
"78214","39.884449608","192.168.1.55","192.168.1.2","TCP","1514","8004  >  37156 [ACK] Seq=87070 Ack=144 Win=65024 Len=1448 TSval=2916043965 TSecr=3045563738 [TCP segment of a reassembled PDU]"
"78215","39.884452182","192.168.1.55","192.168.1.2","TCP","1514","8004  >  37156 [ACK] Seq=88518 Ack=144 Win=65024 Len=1448 TSval=2916043965 TSecr=3045563738 [TCP segment of a reassembled PDU]"
"78216","39.884454163","192.168.1.55","192.168.1.2","TCP","1514","8004  >  37156 [ACK] Seq=89966 Ack=144 Win=65024 Len=1448 TSval=2916043965 TSecr=3045563738 [TCP segment of a reassembled PDU]"
"78217","39.884455663","192.168.1.55","192.168.1.2","TCP","1514","8004  >  37156 [ACK] Seq=91414 Ack=144 Win=65024 Len=1448 TSval=2916043965 TSecr=3045563738 [TCP segment of a reassembled PDU]"
"78218","39.884456904","192.168.1.55","192.168.1.2","TCP","1514","8004  >  37156 [PSH, ACK] Seq=92862 Ack=144 Win=65024 Len=1448 TSval=2916043965 TSecr=3045563738 [TCP segment of a reassembled PDU]"
"78219","39.886666019","192.168.1.2","192.168.1.55","TCP","66","37156  >  8004 [ACK] Seq=144 Ack=42182 Win=81920 Len=0 TSval=3045563738 TSecr=2916043959"
"78220","39.886686760","192.168.1.55","192.168.1.2","TCP","1514","8004  >  37156 [ACK] Seq=94310 Ack=144 Win=65024 Len=1448 TSval=2916043967 TSecr=3045563738 [TCP segment of a reassembled PDU]"
"78221","39.886690482","192.168.1.55","192.168.1.2","TCP","1514","8004  >  37156 [ACK] Seq=95758 Ack=144 Win=65024 Len=1448 TSval=2916043967 TSecr=3045563738 [TCP segment of a reassembled PDU]"
"78222","39.886691667","192.168.1.55","192.168.1.2","TCP","1514","8004  >  37156 [ACK] Seq=97206 Ack=144 Win=65024 Len=1448 TSval=2916043967 TSecr=3045563738 [TCP segment of a reassembled PDU]"
"78223","39.886692871","192.168.1.55","192.168.1.2","TCP","1514","8004  >  37156 [PSH, ACK] Seq=98654 Ack=144 Win=65024 Len=1448 TSval=2916043967 TSecr=3045563738 [TCP segment of a reassembled PDU]"
"78224","39.889056893","192.168.1.2","192.168.1.55","TCP","66","37156  >  8004 [ACK] Seq=144 Ack=45078 Win=82944 Len=0 TSval=3045563742 TSecr=2916043963"
"78225","39.889070819","192.168.1.55","192.168.1.2","TCP","1514","8004  >  37156 [ACK] Seq=100102 Ack=144 Win=65024 Len=1448 TSval=2916043969 TSecr=3045563742 [TCP segment of a reassembled PDU]"
"78226","39.889074819","192.168.1.55","192.168.1.2","TCP","1514","8004  >  37156 [ACK] Seq=101550 Ack=144 Win=65024 Len=1448 TSval=2916043969 TSecr=3045563742 [TCP segment of a reassembled PDU]"
"78227","39.889076115","192.168.1.55","192.168.1.2","TCP","1514","8004  >  37156 [ACK] Seq=102998 Ack=144 Win=65024 Len=1448 TSval=2916043969 TSecr=3045563742 [TCP segment of a reassembled PDU]"
"78228","39.889077430","192.168.1.55","192.168.1.2","TCP","1514","8004  >  37156 [PSH, ACK] Seq=104446 Ack=144 Win=65024 Len=1448 TSval=2916043969 TSecr=3045563742 [TCP segment of a reassembled PDU]"
"78229","39.889367338","192.168.1.2","192.168.1.55","TCP","66","37156  >  8004 [ACK] Seq=144 Ack=68246 Win=66560 Len=0 TSval=3045563742 TSecr=2916043964"
"78230","39.889392079","192.168.1.55","192.168.1.2","TCP","1514","8004  >  37156 [ACK] Seq=105894 Ack=144 Win=65024 Len=1448 TSval=2916043970 TSecr=3045563742 [TCP segment of a reassembled PDU]"
"78231","39.889396005","192.168.1.55","192.168.1.2","TCP","1514","8004  >  37156 [PSH, ACK] Seq=107342 Ack=144 Win=65024 Len=1448 TSval=2916043970 TSecr=3045563742 [TCP segment of a reassembled PDU]"
"78232","39.889439023","192.168.1.55","192.168.1.2","TCP","1514","8004  >  37156 [ACK] Seq=108790 Ack=144 Win=65024 Len=1448 TSval=2916043970 TSecr=3045563742 [TCP segment of a reassembled PDU]"
"78233","39.889441579","192.168.1.55","192.168.1.2","TCP","1514","8004  >  37156 [ACK] Seq=110238 Ack=144 Win=65024 Len=1448 TSval=2916043970 TSecr=3045563742 [TCP segment of a reassembled PDU]"
"78234","39.889443264","192.168.1.55","192.168.1.2","TCP","1514","8004  >  37156 [ACK] Seq=111686 Ack=144 Win=65024 Len=1448 TSval=2916043970 TSecr=3045563742 [TCP segment of a reassembled PDU]"
"78235","39.889444746","192.168.1.55","192.168.1.2","TCP","1514","8004  >  37156 [ACK] Seq=113134 Ack=144 Win=65024 Len=1448 TSval=2916043970 TSecr=3045563742 [TCP segment of a reassembled PDU]"
"78236","39.889447171","192.168.1.55","192.168.1.2","TCP","1514","8004  >  37156 [ACK] Seq=114582 Ack=144 Win=65024 Len=1448 TSval=2916043970 TSecr=3045563742 [TCP segment of a reassembled PDU]"
"78237","39.889448820","192.168.1.55","192.168.1.2","TCP","1514","8004  >  37156 [ACK] Seq=116030 Ack=144 Win=65024 Len=1448 TSval=2916043970 TSecr=3045563742 [TCP segment of a reassembled PDU]"
"78238","39.889450264","192.168.1.55","192.168.1.2","TCP","1514","8004  >  37156 [ACK] Seq=117478 Ack=144 Win=65024 Len=1448 TSval=2916043970 TSecr=3045563742 [TCP segment of a reassembled PDU]"
"78239","39.889451820","192.168.1.55","192.168.1.2","TCP","1514","8004  >  37156 [ACK] Seq=118926 Ack=144 Win=65024 Len=1448 TSval=2916043970 TSecr=3045563742 [TCP segment of a reassembled PDU]"
"78240","39.889454097","192.168.1.55","192.168.1.2","TCP","1514","8004  >  37156 [ACK] Seq=120374 Ack=144 Win=65024 Len=1448 TSval=2916043970 TSecr=3045563742 [TCP segment of a reassembled PDU]"
"78241","39.889455727","192.168.1.55","192.168.1.2","TCP","1514","8004  >  37156 [ACK] Seq=121822 Ack=144 Win=65024 Len=1448 TSval=2916043970 TSecr=3045563742 [TCP segment of a reassembled PDU]"
"78242","39.889457023","192.168.1.55","192.168.1.2","TCP","1514","8004  >  37156 [ACK] Seq=123270 Ack=144 Win=65024 Len=1448 TSval=2916043970 TSecr=3045563742 [TCP segment of a reassembled PDU]"
"78243","39.889459283","192.168.1.55","192.168.1.2","TCP","1514","8004  >  37156 [ACK] Seq=124718 Ack=144 Win=65024 Len=1448 TSval=2916043970 TSecr=3045563742 [TCP segment of a reassembled PDU]"
"78244","39.889461171","192.168.1.55","192.168.1.2","TCP","1514","8004  >  37156 [ACK] Seq=126166 Ack=144 Win=65024 Len=1448 TSval=2916043970 TSecr=3045563742 [TCP segment of a reassembled PDU]"
"78245","39.889462820","192.168.1.55","192.168.1.2","TCP","1514","8004  >  37156 [ACK] Seq=127614 Ack=144 Win=65024 Len=1448 TSval=2916043970 TSecr=3045563742 [TCP segment of a reassembled PDU]"
"78246","39.889464431","192.168.1.55","192.168.1.2","TCP","1514","8004  >  37156 [ACK] Seq=129062 Ack=144 Win=65024 Len=1448 TSval=2916043970 TSecr=3045563742 [TCP segment of a reassembled PDU]"
"78247","39.889466523","192.168.1.55","192.168.1.2","TCP","1514","8004  >  37156 [ACK] Seq=130510 Ack=144 Win=65024 Len=1448 TSval=2916043970 TSecr=3045563742 [TCP segment of a reassembled PDU]"
"78248","39.889468468","192.168.1.55","192.168.1.2","TCP","1514","8004  >  37156 [ACK] Seq=131958 Ack=144 Win=65024 Len=1448 TSval=2916043970 TSecr=3045563742 [TCP segment of a reassembled PDU]"
"78249","39.889469857","192.168.1.55","192.168.1.2","TCP","1466","[TCP Window Full] 8004  >  37156 [PSH, ACK] Seq=133406 Ack=144 Win=65024 Len=1400 TSval=2916043970 TSecr=3045563742 [TCP segment of a reassembled PDU]"
"78250","39.889475209","192.168.1.2","192.168.1.55","TCP","66","37156  >  8004 [ACK] Seq=144 Ack=76934 Win=58368 Len=0 TSval=3045563742 TSecr=2916043964"
"78251","39.889480394","192.168.1.2","192.168.1.55","TCP","66","37156  >  8004 [ACK] Seq=144 Ack=84174 Win=52224 Len=0 TSval=3045563742 TSecr=2916043965"
"78252","39.889483838","192.168.1.2","192.168.1.55","TCP","66","37156  >  8004 [ACK] Seq=144 Ack=88518 Win=48128 Len=0 TSval=3045563742 TSecr=2916043965"
"78253","39.891221637","192.168.1.2","192.168.1.55","TCP","66","37156  >  8004 [ACK] Seq=144 Ack=94310 Win=78848 Len=0 TSval=3045563744 TSecr=2916043965"
"78254","39.891235304","192.168.1.55","192.168.1.2","TCP","1514","8004  >  37156 [ACK] Seq=134806 Ack=144 Win=65024 Len=1448 TSval=2916043971 TSecr=3045563744 [TCP segment of a reassembled PDU]"
"78255","39.891237656","192.168.1.55","192.168.1.2","TCP","1514","8004  >  37156 [ACK] Seq=136254 Ack=144 Win=65024 Len=1448 TSval=2916043971 TSecr=3045563744 [TCP segment of a reassembled PDU]"
"78256","39.891238841","192.168.1.55","192.168.1.2","TCP","1514","8004  >  37156 [ACK] Seq=137702 Ack=144 Win=65024 Len=1448 TSval=2916043971 TSecr=3045563744 [TCP segment of a reassembled PDU]"
"78257","39.891240026","192.168.1.55","192.168.1.2","TCP","1514","8004  >  37156 [PSH, ACK] Seq=139150 Ack=144 Win=65024 Len=1448 TSval=2916043971 TSecr=3045563744 [TCP segment of a reassembled PDU]"
"78258","39.891244378","192.168.1.55","192.168.1.2","TCP","114","8004  >  37156 [ACK] Seq=140598 Ack=144 Win=65024 Len=48 TSval=2916043971 TSecr=3045563744 [TCP segment of a reassembled PDU]"
"78259","39.891267304","192.168.1.55","192.168.1.2","TCP","1514","8004  >  37156 [ACK] Seq=140646 Ack=144 Win=65024 Len=1448 TSval=2916043971 TSecr=3045563744 [TCP segment of a reassembled PDU]"
"78260","39.891268971","192.168.1.55","192.168.1.2","TCP","1514","8004  >  37156 [ACK] Seq=142094 Ack=144 Win=65024 Len=1448 TSval=2916043971 TSecr=3045563744 [TCP segment of a reassembled PDU]"
"78261","39.891270397","192.168.1.55","192.168.1.2","TCP","1514","8004  >  37156 [ACK] Seq=143542 Ack=144 Win=65024 Len=1448 TSval=2916043971 TSecr=3045563744 [TCP segment of a reassembled PDU]"
"78262","39.891271619","192.168.1.55","192.168.1.2","TCP","1514","8004  >  37156 [ACK] Seq=144990 Ack=144 Win=65024 Len=1448 TSval=2916043971 TSecr=3045563744 [TCP segment of a reassembled PDU]"
"78263","39.891273267","192.168.1.55","192.168.1.2","TCP","1514","8004  >  37156 [ACK] Seq=146438 Ack=144 Win=65024 Len=1448 TSval=2916043971 TSecr=3045563744 [TCP segment of a reassembled PDU]"
"78264","39.891274471","192.168.1.55","192.168.1.2","TCP","1514","8004  >  37156 [ACK] Seq=147886 Ack=144 Win=65024 Len=1448 TSval=2916043971 TSecr=3045563744 [TCP segment of a reassembled PDU]"
"78265","39.891275711","192.168.1.55","192.168.1.2","TCP","1514","8004  >  37156 [ACK] Seq=149334 Ack=144 Win=65024 Len=1448 TSval=2916043971 TSecr=3045563744 [TCP segment of a reassembled PDU]"
"78266","39.891276971","192.168.1.55","192.168.1.2","TCP","1514","8004  >  37156 [ACK] Seq=150782 Ack=144 Win=65024 Len=1448 TSval=2916043971 TSecr=3045563744 [TCP segment of a reassembled PDU]"
"78267","39.891278174","192.168.1.55","192.168.1.2","TCP","1514","8004  >  37156 [ACK] Seq=152230 Ack=144 Win=65024 Len=1448 TSval=2916043971 TSecr=3045563744 [TCP segment of a reassembled PDU]"
"78268","39.891279452","192.168.1.55","192.168.1.2","TCP","1514","8004  >  37156 [ACK] Seq=153678 Ack=144 Win=65024 Len=1448 TSval=2916043971 TSecr=3045563744 [TCP segment of a reassembled PDU]"
"78269","39.891280619","192.168.1.55","192.168.1.2","TCP","1514","8004  >  37156 [ACK] Seq=155126 Ack=144 Win=65024 Len=1448 TSval=2916043971 TSecr=3045563744 [TCP segment of a reassembled PDU]"
"78270","39.891281860","192.168.1.55","192.168.1.2","TCP","1514","8004  >  37156 [ACK] Seq=156574 Ack=144 Win=65024 Len=1448 TSval=2916043971 TSecr=3045563744 [TCP segment of a reassembled PDU]"
"78271","39.891283267","192.168.1.55","192.168.1.2","TCP","1514","8004  >  37156 [ACK] Seq=158022 Ack=144 Win=65024 Len=1448 TSval=2916043971 TSecr=3045563744 [TCP segment of a reassembled PDU]"
"78272","39.891284508","192.168.1.55","192.168.1.2","TCP","1514","8004  >  37156 [ACK] Seq=159470 Ack=144 Win=65024 Len=1448 TSval=2916043971 TSecr=3045563744 [TCP segment of a reassembled PDU]"
"78273","39.891285749","192.168.1.55","192.168.1.2","TCP","1514","8004  >  37156 [ACK] Seq=160918 Ack=144 Win=65024 Len=1448 TSval=2916043971 TSecr=3045563744 [TCP segment of a reassembled PDU]"
"78274","39.891286915","192.168.1.55","192.168.1.2","TCP","1514","8004  >  37156 [ACK] Seq=162366 Ack=144 Win=65024 Len=1448 TSval=2916043971 TSecr=3045563744 [TCP segment of a reassembled PDU]"
"78275","39.891288174","192.168.1.55","192.168.1.2","TCP","1514","8004  >  37156 [ACK] Seq=163814 Ack=144 Win=65024 Len=1448 TSval=2916043971 TSecr=3045563744 [TCP segment of a reassembled PDU]"
"78276","39.891289360","192.168.1.55","192.168.1.2","TCP","1514","8004  >  37156 [ACK] Seq=165262 Ack=144 Win=65024 Len=1448 TSval=2916043971 TSecr=3045563744 [TCP segment of a reassembled PDU]"
"78277","39.891290582","192.168.1.55","192.168.1.2","TCP","1514","8004  >  37156 [ACK] Seq=166710 Ack=144 Win=65024 Len=1448 TSval=2916043971 TSecr=3045563744 [TCP segment of a reassembled PDU]"
"78278","39.891296230","192.168.1.55","192.168.1.2","TCP","1514","8004  >  37156 [ACK] Seq=168158 Ack=144 Win=65024 Len=1448 TSval=2916043971 TSecr=3045563744 [TCP segment of a reassembled PDU]"
"78279","39.891297563","192.168.1.55","192.168.1.2","TCP","1514","8004  >  37156 [ACK] Seq=169606 Ack=144 Win=65024 Len=1448 TSval=2916043971 TSecr=3045563744 [TCP segment of a reassembled PDU]"
"78280","39.891298823","192.168.1.55","192.168.1.2","TCP","1514","8004  >  37156 [PSH, ACK] Seq=171054 Ack=144 Win=65024 Len=1448 TSval=2916043971 TSecr=3045563744 [TCP segment of a reassembled PDU]"
"78281","39.891325637","192.168.1.2","192.168.1.55","TCP","66","37156  >  8004 [ACK] Seq=144 Ack=100102 Win=78848 Len=0 TSval=3045563745 TSecr=2916043967"
"78282","39.891339934","192.168.1.55","192.168.1.2","TCP","1514","8004  >  37156 [ACK] Seq=172502 Ack=144 Win=65024 Len=1448 TSval=2916043972 TSecr=3045563745 [TCP segment of a reassembled PDU]"
"78283","39.891341749","192.168.1.55","192.168.1.2","TCP","1514","8004  >  37156 [ACK] Seq=173950 Ack=144 Win=65024 Len=1448 TSval=2916043972 TSecr=3045563745 [TCP segment of a reassembled PDU]"
"78284","39.891342989","192.168.1.55","192.168.1.2","TCP","1514","8004  >  37156 [ACK] Seq=175398 Ack=144 Win=65024 Len=1448 TSval=2916043972 TSecr=3045563745 [TCP segment of a reassembled PDU]"
"78285","39.891344489","192.168.1.55","192.168.1.2","TCP","1514","8004  >  37156 [PSH, ACK] Seq=176846 Ack=144 Win=65024 Len=1448 TSval=2916043972 TSecr=3045563745 [TCP segment of a reassembled PDU]"
"78286","39.896858832","192.168.1.2","192.168.1.55","TCP","66","37156  >  8004 [ACK] Seq=144 Ack=105894 Win=79872 Len=0 TSval=3045563748 TSecr=2916043969"
"78287","39.896875998","192.168.1.55","192.168.1.2","TCP","1514","8004  >  37156 [ACK] Seq=178294 Ack=144 Win=65024 Len=1448 TSval=2916043977 TSecr=3045563748 [TCP segment of a reassembled PDU]"
"78288","39.896879147","192.168.1.55","192.168.1.2","TCP","1514","8004  >  37156 [ACK] Seq=179742 Ack=144 Win=65024 Len=1448 TSval=2916043977 TSecr=3045563748 [TCP segment of a reassembled PDU]"
"78289","39.896880424","192.168.1.55","192.168.1.2","TCP","1514","8004  >  37156 [ACK] Seq=181190 Ack=144 Win=65024 Len=1448 TSval=2916043977 TSecr=3045563748 [TCP segment of a reassembled PDU]"
"78290","39.896881647","192.168.1.55","192.168.1.2","TCP","1514","8004  >  37156 [ACK] Seq=182638 Ack=144 Win=65024 Len=1448 TSval=2916043977 TSecr=3045563748 [TCP segment of a reassembled PDU]"
"78291","39.896882758","192.168.1.55","192.168.1.2","TCP","1514","8004  >  37156 [PSH, ACK] Seq=184086 Ack=144 Win=65024 Len=1448 TSval=2916043977 TSecr=3045563748 [TCP segment of a reassembled PDU]"
"78292","39.897187221","192.168.1.2","192.168.1.55","TCP","66","37156  >  8004 [ACK] Seq=144 Ack=116030 Win=82944 Len=0 TSval=3045563748 TSecr=2916043970"
"78293","39.897194777","192.168.1.2","192.168.1.55","TCP","66","37156  >  8004 [ACK] Seq=144 Ack=134806 Win=74752 Len=0 TSval=3045563748 TSecr=2916043970"
"78294","39.897211962","192.168.1.55","192.168.1.2","TCP","1514","8004  >  37156 [ACK] Seq=185534 Ack=144 Win=65024 Len=1448 TSval=2916043977 TSecr=3045563748 [TCP segment of a reassembled PDU]"
"78295","39.897214184","192.168.1.55","192.168.1.2","TCP","1514","8004  >  37156 [ACK] Seq=186982 Ack=144 Win=65024 Len=1448 TSval=2916043977 TSecr=3045563748 [TCP segment of a reassembled PDU]"
"78296","39.897215462","192.168.1.55","192.168.1.2","TCP","1514","8004  >  37156 [ACK] Seq=188430 Ack=144 Win=65024 Len=1448 TSval=2916043977 TSecr=3045563748 [TCP segment of a reassembled PDU]"
"78297","39.897216740","192.168.1.55","192.168.1.2","TCP","1514","8004  >  37156 [ACK] Seq=189878 Ack=144 Win=65024 Len=1448 TSval=2916043977 TSecr=3045563748 [TCP segment of a reassembled PDU]"
"78298","39.897217943","192.168.1.55","192.168.1.2","TCP","1514","8004  >  37156 [ACK] Seq=191326 Ack=144 Win=65024 Len=1448 TSval=2916043977 TSecr=3045563748 [TCP segment of a reassembled PDU]"
"78299","39.897219110","192.168.1.55","192.168.1.2","TCP","1514","8004  >  37156 [ACK] Seq=192774 Ack=144 Win=65024 Len=1448 TSval=2916043977 TSecr=3045563748 [TCP segment of a reassembled PDU]"
"78300","39.897220277","192.168.1.55","192.168.1.2","TCP","1514","8004  >  37156 [ACK] Seq=194222 Ack=144 Win=65024 Len=1448 TSval=2916043977 TSecr=3045563748 [TCP segment of a reassembled PDU]"
"78301","39.897221536","192.168.1.55","192.168.1.2","TCP","1514","8004  >  37156 [ACK] Seq=195670 Ack=144 Win=65024 Len=1448 TSval=2916043977 TSecr=3045563748 [TCP segment of a reassembled PDU]"
"78302","39.897222777","192.168.1.55","192.168.1.2","TCP","1514","8004  >  37156 [ACK] Seq=197118 Ack=144 Win=65024 Len=1448 TSval=2916043977 TSecr=3045563748 [TCP segment of a reassembled PDU]"
"78303","39.897223943","192.168.1.55","192.168.1.2","TCP","1514","8004  >  37156 [ACK] Seq=198566 Ack=144 Win=65024 Len=1448 TSval=2916043977 TSecr=3045563748 [TCP segment of a reassembled PDU]"
"78304","39.897225129","192.168.1.55","192.168.1.2","TCP","1514","8004  >  37156 [ACK] Seq=200014 Ack=144 Win=65024 Len=1448 TSval=2916043977 TSecr=3045563748 [TCP segment of a reassembled PDU]"
"78305","39.897226369","192.168.1.55","192.168.1.2","TCP","1514","8004  >  37156 [ACK] Seq=201462 Ack=144 Win=65024 Len=1448 TSval=2916043977 TSecr=3045563748 [TCP segment of a reassembled PDU]"
"78306","39.897227647","192.168.1.55","192.168.1.2","TCP","1514","8004  >  37156 [ACK] Seq=202910 Ack=144 Win=65024 Len=1448 TSval=2916043977 TSecr=3045563748 [TCP segment of a reassembled PDU]"
"78307","39.897228943","192.168.1.55","192.168.1.2","TCP","1514","8004  >  37156 [ACK] Seq=204358 Ack=144 Win=65024 Len=1448 TSval=2916043977 TSecr=3045563748 [TCP segment of a reassembled PDU]"
"78308","39.897230147","192.168.1.55","192.168.1.2","TCP","1514","8004  >  37156 [PSH, ACK] Seq=205806 Ack=144 Win=65024 Len=1448 TSval=2916043977 TSecr=3045563748 [TCP segment of a reassembled PDU]"
"78309","39.897234018","192.168.1.2","192.168.1.55","TCP","66","37156  >  8004 [ACK] Seq=144 Ack=140598 Win=94208 Len=0 TSval=3045563750 TSecr=2916043971"
"78310","39.897239703","192.168.1.2","192.168.1.55","TCP","66","37156  >  8004 [ACK] Seq=144 Ack=162366 Win=89088 Len=0 TSval=3045563750 TSecr=2916043971"
"78311","39.897273092","192.168.1.55","192.168.1.2","TCP","1514","8004  >  37156 [ACK] Seq=207254 Ack=144 Win=65024 Len=1448 TSval=2916043977 TSecr=3045563750 [TCP segment of a reassembled PDU]"
"78312","39.897274888","192.168.1.55","192.168.1.2","TCP","1514","8004  >  37156 [ACK] Seq=208702 Ack=144 Win=65024 Len=1448 TSval=2916043977 TSecr=3045563750 [TCP segment of a reassembled PDU]"
"78313","39.897276129","192.168.1.55","192.168.1.2","TCP","1514","8004  >  37156 [ACK] Seq=210150 Ack=144 Win=65024 Len=1448 TSval=2916043977 TSecr=3045563750 [TCP segment of a reassembled PDU]"
"78314","39.897277388","192.168.1.55","192.168.1.2","TCP","1514","8004  >  37156 [ACK] Seq=211598 Ack=144 Win=65024 Len=1448 TSval=2916043977 TSecr=3045563750 [TCP segment of a reassembled PDU]"
"78315","39.897278647","192.168.1.55","192.168.1.2","TCP","1514","8004  >  37156 [ACK] Seq=213046 Ack=144 Win=65024 Len=1448 TSval=2916043977 TSecr=3045563750 [TCP segment of a reassembled PDU]"
"78316","39.897279962","192.168.1.55","192.168.1.2","TCP","1514","8004  >  37156 [ACK] Seq=214494 Ack=144 Win=65024 Len=1448 TSval=2916043977 TSecr=3045563750 [TCP segment of a reassembled PDU]"
"78317","39.897281240","192.168.1.55","192.168.1.2","TCP","1514","8004  >  37156 [ACK] Seq=215942 Ack=144 Win=65024 Len=1448 TSval=2916043977 TSecr=3045563750 [TCP segment of a reassembled PDU]"
"78318","39.897282481","192.168.1.55","192.168.1.2","TCP","1514","8004  >  37156 [ACK] Seq=217390 Ack=144 Win=65024 Len=1448 TSval=2916043977 TSecr=3045563750 [TCP segment of a reassembled PDU]"
"78319","39.897283758","192.168.1.55","192.168.1.2","TCP","1514","8004  >  37156 [ACK] Seq=218838 Ack=144 Win=65024 Len=1448 TSval=2916043977 TSecr=3045563750 [TCP segment of a reassembled PDU]"
"78320","39.897285018","192.168.1.55","192.168.1.2","TCP","1514","8004  >  37156 [ACK] Seq=220286 Ack=144 Win=65024 Len=1448 TSval=2916043977 TSecr=3045563750 [TCP segment of a reassembled PDU]"
"78321","39.897286332","192.168.1.55","192.168.1.2","TCP","1514","8004  >  37156 [ACK] Seq=221734 Ack=144 Win=65024 Len=1448 TSval=2916043977 TSecr=3045563750 [TCP segment of a reassembled PDU]"
"78322","39.897287610","192.168.1.55","192.168.1.2","TCP","1514","8004  >  37156 [ACK] Seq=223182 Ack=144 Win=65024 Len=1448 TSval=2916043977 TSecr=3045563750 [TCP segment of a reassembled PDU]"
"78323","39.897288869","192.168.1.55","192.168.1.2","TCP","1514","8004  >  37156 [ACK] Seq=224630 Ack=144 Win=65024 Len=1448 TSval=2916043977 TSecr=3045563750 [TCP segment of a reassembled PDU]"
"78324","39.897290351","192.168.1.55","192.168.1.2","TCP","1514","8004  >  37156 [ACK] Seq=226078 Ack=144 Win=65024 Len=1448 TSval=2916043977 TSecr=3045563750 [TCP segment of a reassembled PDU]"
"78325","39.897295740","192.168.1.55","192.168.1.2","TCP","1514","8004  >  37156 [ACK] Seq=227526 Ack=144 Win=65024 Len=1448 TSval=2916043977 TSecr=3045563750 [TCP segment of a reassembled PDU]"
"78326","39.897297073","192.168.1.55","192.168.1.2","TCP","1514","8004  >  37156 [ACK] Seq=228974 Ack=144 Win=65024 Len=1448 TSval=2916043977 TSecr=3045563750 [TCP segment of a reassembled PDU]"
"78327","39.897298518","192.168.1.55","192.168.1.2","TCP","1514","8004  >  37156 [ACK] Seq=230422 Ack=144 Win=65024 Len=1448 TSval=2916043977 TSecr=3045563750 [TCP segment of a reassembled PDU]"
"78328","39.897300129","192.168.1.55","192.168.1.2","TCP","1514","8004  >  37156 [ACK] Seq=231870 Ack=144 Win=65024 Len=1448 TSval=2916043977 TSecr=3045563750 [TCP segment of a reassembled PDU]"
"78329","39.897301555","192.168.1.55","192.168.1.2","TCP","1514","8004  >  37156 [ACK] Seq=233318 Ack=144 Win=65024 Len=1448 TSval=2916043977 TSecr=3045563750 [TCP segment of a reassembled PDU]"
"78330","39.897302944","192.168.1.55","192.168.1.2","TCP","1514","8004  >  37156 [ACK] Seq=234766 Ack=144 Win=65024 Len=1448 TSval=2916043977 TSecr=3045563750 [TCP segment of a reassembled PDU]"
"78331","39.897304277","192.168.1.55","192.168.1.2","TCP","1514","8004  >  37156 [ACK] Seq=236214 Ack=144 Win=65024 Len=1448 TSval=2916043977 TSecr=3045563750 [TCP segment of a reassembled PDU]"
"78332","39.897305536","192.168.1.55","192.168.1.2","TCP","1514","8004  >  37156 [ACK] Seq=237662 Ack=144 Win=65024 Len=1448 TSval=2916043977 TSecr=3045563750 [TCP segment of a reassembled PDU]"
"78333","39.897306684","192.168.1.55","192.168.1.2","TCP","1514","8004  >  37156 [ACK] Seq=239110 Ack=144 Win=65024 Len=1448 TSval=2916043977 TSecr=3045563750 [TCP segment of a reassembled PDU]"
"78334","39.897307962","192.168.1.55","192.168.1.2","TCP","1514","8004  >  37156 [PSH, ACK] Seq=240558 Ack=144 Win=65024 Len=1448 TSval=2916043977 TSecr=3045563750 [TCP segment of a reassembled PDU]"
"78335","39.897365147","192.168.1.2","192.168.1.55","TCP","66","37156  >  8004 [ACK] Seq=144 Ack=171054 Win=101376 Len=0 TSval=3045563750 TSecr=2916043971"
"78336","39.897372221","192.168.1.2","192.168.1.55","TCP","66","37156  >  8004 [ACK] Seq=144 Ack=172502 Win=104448 Len=0 TSval=3045563751 TSecr=2916043971"
"78337","39.897409740","192.168.1.55","192.168.1.2","TCP","1514","8004  >  37156 [ACK] Seq=242006 Ack=144 Win=65024 Len=1448 TSval=2916043978 TSecr=3045563751 [TCP segment of a reassembled PDU]"
"78338","39.897411833","192.168.1.55","192.168.1.2","TCP","1514","8004  >  37156 [ACK] Seq=243454 Ack=144 Win=65024 Len=1448 TSval=2916043978 TSecr=3045563751 [TCP segment of a reassembled PDU]"
"78339","39.897413147","192.168.1.55","192.168.1.2","TCP","1514","8004  >  37156 [ACK] Seq=244902 Ack=144 Win=65024 Len=1448 TSval=2916043978 TSecr=3045563751 [TCP segment of a reassembled PDU]"
"78340","39.897414333","192.168.1.55","192.168.1.2","TCP","1514","8004  >  37156 [ACK] Seq=246350 Ack=144 Win=65024 Len=1448 TSval=2916043978 TSecr=3045563751 [TCP segment of a reassembled PDU]"
"78341","39.897415518","192.168.1.55","192.168.1.2","TCP","1514","8004  >  37156 [ACK] Seq=247798 Ack=144 Win=65024 Len=1448 TSval=2916043978 TSecr=3045563751 [TCP segment of a reassembled PDU]"
"78342","39.897416740","192.168.1.55","192.168.1.2","TCP","1514","8004  >  37156 [ACK] Seq=249246 Ack=144 Win=65024 Len=1448 TSval=2916043978 TSecr=3045563751 [TCP segment of a reassembled PDU]"
"78343","39.897418110","192.168.1.55","192.168.1.2","TCP","1514","8004  >  37156 [ACK] Seq=250694 Ack=144 Win=65024 Len=1448 TSval=2916043978 TSecr=3045563751 [TCP segment of a reassembled PDU]"
"78344","39.897419370","192.168.1.55","192.168.1.2","TCP","1514","8004  >  37156 [ACK] Seq=252142 Ack=144 Win=65024 Len=1448 TSval=2916043978 TSecr=3045563751 [TCP segment of a reassembled PDU]"
"78345","39.897420518","192.168.1.55","192.168.1.2","TCP","1514","8004  >  37156 [ACK] Seq=253590 Ack=144 Win=65024 Len=1448 TSval=2916043978 TSecr=3045563751 [TCP segment of a reassembled PDU]"
"78346","39.897421759","192.168.1.55","192.168.1.2","TCP","1514","8004  >  37156 [ACK] Seq=255038 Ack=144 Win=65024 Len=1448 TSval=2916043978 TSecr=3045563751 [TCP segment of a reassembled PDU]"
"78347","39.897423666","192.168.1.55","192.168.1.2","TCP","1514","8004  >  37156 [ACK] Seq=256486 Ack=144 Win=65024 Len=1448 TSval=2916043978 TSecr=3045563751 [TCP segment of a reassembled PDU]"
"78348","39.897424907","192.168.1.55","192.168.1.2","TCP","1514","8004  >  37156 [ACK] Seq=257934 Ack=144 Win=65024 Len=1448 TSval=2916043978 TSecr=3045563751 [TCP segment of a reassembled PDU]"
"78349","39.897430685","192.168.1.55","192.168.1.2","TCP","1514","8004  >  37156 [ACK] Seq=259382 Ack=144 Win=65024 Len=1448 TSval=2916043978 TSecr=3045563751 [TCP segment of a reassembled PDU]"
"78350","39.897432166","192.168.1.55","192.168.1.2","TCP","1514","8004  >  37156 [ACK] Seq=260830 Ack=144 Win=65024 Len=1448 TSval=2916043978 TSecr=3045563751 [TCP segment of a reassembled PDU]"
"78351","39.897433388","192.168.1.55","192.168.1.2","TCP","1514","8004  >  37156 [ACK] Seq=262278 Ack=144 Win=65024 Len=1448 TSval=2916043978 TSecr=3045563751 [TCP segment of a reassembled PDU]"
"78352","39.897434536","192.168.1.55","192.168.1.2","TCP","1514","8004  >  37156 [ACK] Seq=263726 Ack=144 Win=65024 Len=1448 TSval=2916043978 TSecr=3045563751 [TCP segment of a reassembled PDU]"
"78353","39.897435740","192.168.1.55","192.168.1.2","TCP","1514","8004  >  37156 [ACK] Seq=265174 Ack=144 Win=65024 Len=1448 TSval=2916043978 TSecr=3045563751 [TCP segment of a reassembled PDU]"
"78354","39.897437277","192.168.1.55","192.168.1.2","TCP","1514","8004  >  37156 [ACK] Seq=266622 Ack=144 Win=65024 Len=1448 TSval=2916043978 TSecr=3045563751 [TCP segment of a reassembled PDU]"
"78355","39.897438444","192.168.1.55","192.168.1.2","TCP","1514","8004  >  37156 [ACK] Seq=268070 Ack=144 Win=65024 Len=1448 TSval=2916043978 TSecr=3045563751 [TCP segment of a reassembled PDU]"
"78356","39.897439722","192.168.1.55","192.168.1.2","TCP","1514","8004  >  37156 [ACK] Seq=269518 Ack=144 Win=65024 Len=1448 TSval=2916043978 TSecr=3045563751 [TCP segment of a reassembled PDU]"
"78357","39.897440944","192.168.1.55","192.168.1.2","TCP","1514","8004  >  37156 [ACK] Seq=270966 Ack=144 Win=65024 Len=1448 TSval=2916043978 TSecr=3045563751 [TCP segment of a reassembled PDU]"
"78358","39.897442240","192.168.1.55","192.168.1.2","TCP","1514","8004  >  37156 [ACK] Seq=272414 Ack=144 Win=65024 Len=1448 TSval=2916043978 TSecr=3045563751 [TCP segment of a reassembled PDU]"
"78359","39.897443407","192.168.1.55","192.168.1.2","TCP","1514","8004  >  37156 [ACK] Seq=273862 Ack=144 Win=65024 Len=1448 TSval=2916043978 TSecr=3045563751 [TCP segment of a reassembled PDU]"
"78360","39.897444629","192.168.1.55","192.168.1.2","TCP","1514","8004  >  37156 [ACK] Seq=275310 Ack=144 Win=65024 Len=1448 TSval=2916043978 TSecr=3045563751 [TCP segment of a reassembled PDU]"
"78361","39.897445925","192.168.1.55","192.168.1.2","TCP","258","[TCP Window Full] 8004  >  37156 [PSH, ACK] Seq=276758 Ack=144 Win=65024 Len=192 TSval=2916043978 TSecr=3045563751 [TCP segment of a reassembled PDU]"
"78362","39.897449999","192.168.1.2","192.168.1.55","TCP","66","37156  >  8004 [ACK] Seq=144 Ack=178294 Win=100352 Len=0 TSval=3045563751 TSecr=2916043972"
"78363","39.898627853","192.168.1.55","192.168.1.2","TCP","1514","8004  >  37156 [ACK] Seq=276950 Ack=144 Win=65024 Len=1448 TSval=2916043979 TSecr=3045563751 [TCP segment of a reassembled PDU]"
"78364","39.903976658","192.168.1.2","192.168.1.55","TCP","66","37156  >  8004 [ACK] Seq=144 Ack=179742 Win=105472 Len=0 TSval=3045563758 TSecr=2916043977"
"78365","39.903994306","192.168.1.55","192.168.1.2","TCP","1322","8004  >  37156 [ACK] Seq=278398 Ack=144 Win=65024 Len=1256 TSval=2916043984 TSecr=3045563758 [TCP segment of a reassembled PDU]"
"78366","39.904171603","192.168.1.2","192.168.1.55","TCP","66","37156  >  8004 [ACK] Seq=144 Ack=185534 Win=117760 Len=0 TSval=3045563758 TSecr=2916043977"
"78367","39.904179251","192.168.1.2","192.168.1.55","TCP","66","37156  >  8004 [ACK] Seq=144 Ack=207254 Win=119808 Len=0 TSval=3045563758 TSecr=2916043977"
"78368","39.904214677","192.168.1.55","192.168.1.2","TCP","1514","8004  >  37156 [ACK] Seq=279654 Ack=144 Win=65024 Len=1448 TSval=2916043984 TSecr=3045563758 [TCP segment of a reassembled PDU]"
"78369","39.904217566","192.168.1.55","192.168.1.2","TCP","1514","8004  >  37156 [ACK] Seq=281102 Ack=144 Win=65024 Len=1448 TSval=2916043984 TSecr=3045563758 [TCP segment of a reassembled PDU]"
"78370","39.904219066","192.168.1.55","192.168.1.2","TCP","1514","8004  >  37156 [ACK] Seq=282550 Ack=144 Win=65024 Len=1448 TSval=2916043984 TSecr=3045563758 [TCP segment of a reassembled PDU]"
"78371","39.904220547","192.168.1.55","192.168.1.2","TCP","1514","8004  >  37156 [ACK] Seq=283998 Ack=144 Win=65024 Len=1448 TSval=2916043984 TSecr=3045563758 [TCP segment of a reassembled PDU]"
"78372","39.904222307","192.168.1.55","192.168.1.2","TCP","1514","8004  >  37156 [ACK] Seq=285446 Ack=144 Win=65024 Len=1448 TSval=2916043984 TSecr=3045563758 [TCP segment of a reassembled PDU]"
"78373","39.904223881","192.168.1.55","192.168.1.2","TCP","1514","8004  >  37156 [ACK] Seq=286894 Ack=144 Win=65024 Len=1448 TSval=2916043984 TSecr=3045563758 [TCP segment of a reassembled PDU]"
"78374","39.904225307","192.168.1.55","192.168.1.2","TCP","1514","8004  >  37156 [ACK] Seq=288342 Ack=144 Win=65024 Len=1448 TSval=2916043984 TSecr=3045563758 [TCP segment of a reassembled PDU]"
"78375","39.904226677","192.168.1.55","192.168.1.2","TCP","1514","8004  >  37156 [ACK] Seq=289790 Ack=144 Win=65024 Len=1448 TSval=2916043984 TSecr=3045563758 [TCP segment of a reassembled PDU]"
"78376","39.904228159","192.168.1.55","192.168.1.2","TCP","1514","8004  >  37156 [ACK] Seq=291238 Ack=144 Win=65024 Len=1448 TSval=2916043984 TSecr=3045563758 [TCP segment of a reassembled PDU]"
"78377","39.904229455","192.168.1.55","192.168.1.2","TCP","1514","8004  >  37156 [ACK] Seq=292686 Ack=144 Win=65024 Len=1448 TSval=2916043984 TSecr=3045563758 [TCP segment of a reassembled PDU]"
"78378","39.904230770","192.168.1.55","192.168.1.2","TCP","1514","8004  >  37156 [ACK] Seq=294134 Ack=144 Win=65024 Len=1448 TSval=2916043984 TSecr=3045563758 [TCP segment of a reassembled PDU]"
"78379","39.904232103","192.168.1.55","192.168.1.2","TCP","1514","8004  >  37156 [ACK] Seq=295582 Ack=144 Win=65024 Len=1448 TSval=2916043984 TSecr=3045563758 [TCP segment of a reassembled PDU]"
"78380","39.904233381","192.168.1.55","192.168.1.2","TCP","1514","8004  >  37156 [ACK] Seq=297030 Ack=144 Win=65024 Len=1448 TSval=2916043984 TSecr=3045563758 [TCP segment of a reassembled PDU]"
"78381","39.904234807","192.168.1.55","192.168.1.2","TCP","1514","8004  >  37156 [ACK] Seq=298478 Ack=144 Win=65024 Len=1448 TSval=2916043984 TSecr=3045563758 [TCP segment of a reassembled PDU]"
"78382","39.904236270","192.168.1.55","192.168.1.2","TCP","1514","8004  >  37156 [ACK] Seq=299926 Ack=144 Win=65024 Len=1448 TSval=2916043984 TSecr=3045563758 [TCP segment of a reassembled PDU]"
"78383","39.904238344","192.168.1.55","192.168.1.2","TCP","1514","8004  >  37156 [ACK] Seq=301374 Ack=144 Win=65024 Len=1448 TSval=2916043984 TSecr=3045563758 [TCP segment of a reassembled PDU]"
"78384","39.904239714","192.168.1.55","192.168.1.2","TCP","1514","8004  >  37156 [ACK] Seq=302822 Ack=144 Win=65024 Len=1448 TSval=2916043984 TSecr=3045563758 [TCP segment of a reassembled PDU]"
"78385","39.904241047","192.168.1.55","192.168.1.2","TCP","1514","8004  >  37156 [ACK] Seq=304270 Ack=144 Win=65024 Len=1448 TSval=2916043984 TSecr=3045563758 [TCP segment of a reassembled PDU]"
"78386","39.904242455","192.168.1.55","192.168.1.2","TCP","1514","8004  >  37156 [ACK] Seq=305718 Ack=144 Win=65024 Len=1448 TSval=2916043984 TSecr=3045563758 [TCP segment of a reassembled PDU]"
"78387","39.904243862","192.168.1.55","192.168.1.2","TCP","1514","8004  >  37156 [ACK] Seq=307166 Ack=144 Win=65024 Len=1448 TSval=2916043984 TSecr=3045563758 [TCP segment of a reassembled PDU]"
"78388","39.904245362","192.168.1.55","192.168.1.2","TCP","1514","8004  >  37156 [ACK] Seq=308614 Ack=144 Win=65024 Len=1448 TSval=2916043984 TSecr=3045563758 [TCP segment of a reassembled PDU]"
"78389","39.904246733","192.168.1.55","192.168.1.2","TCP","1514","8004  >  37156 [ACK] Seq=310062 Ack=144 Win=65024 Len=1448 TSval=2916043984 TSecr=3045563758 [TCP segment of a reassembled PDU]"
"78390","39.904248196","192.168.1.55","192.168.1.2","TCP","1514","8004  >  37156 [ACK] Seq=311510 Ack=144 Win=65024 Len=1448 TSval=2916043984 TSecr=3045563758 [TCP segment of a reassembled PDU]"
"78391","39.904249714","192.168.1.55","192.168.1.2","TCP","1514","8004  >  37156 [ACK] Seq=312958 Ack=144 Win=65024 Len=1448 TSval=2916043984 TSecr=3045563758 [TCP segment of a reassembled PDU]"
"78392","39.904251140","192.168.1.55","192.168.1.2","TCP","1514","8004  >  37156 [ACK] Seq=314406 Ack=144 Win=65024 Len=1448 TSval=2916043984 TSecr=3045563758 [TCP segment of a reassembled PDU]"
"78393","39.904252492","192.168.1.55","192.168.1.2","TCP","1514","8004  >  37156 [ACK] Seq=315854 Ack=144 Win=65024 Len=1448 TSval=2916043984 TSecr=3045563758 [TCP segment of a reassembled PDU]"
"78394","39.904253955","192.168.1.55","192.168.1.2","TCP","1514","8004  >  37156 [ACK] Seq=317302 Ack=144 Win=65024 Len=1448 TSval=2916043984 TSecr=3045563758 [TCP segment of a reassembled PDU]"
"78395","39.904255418","192.168.1.55","192.168.1.2","TCP","1514","8004  >  37156 [PSH, ACK] Seq=318750 Ack=144 Win=65024 Len=1448 TSval=2916043984 TSecr=3045563758 [TCP segment of a reassembled PDU]"
"78396","39.904260455","192.168.1.2","192.168.1.55","TCP","66","37156  >  8004 [ACK] Seq=144 Ack=242006 Win=113664 Len=0 TSval=3045563758 TSecr=2916043977"
"78397","39.904269399","192.168.1.2","192.168.1.55","TCP","66","37156  >  8004 [ACK] Seq=144 Ack=269518 Win=89088 Len=0 TSval=3045563758 TSecr=2916043978"
"78398","39.904308640","192.168.1.55","192.168.1.2","TCP","1514","8004  >  37156 [ACK] Seq=320198 Ack=144 Win=65024 Len=1448 TSval=2916043984 TSecr=3045563758 [TCP segment of a reassembled PDU]"
"78399","39.904310733","192.168.1.55","192.168.1.2","TCP","1514","8004  >  37156 [ACK] Seq=321646 Ack=144 Win=65024 Len=1448 TSval=2916043984 TSecr=3045563758 [TCP segment of a reassembled PDU]"
"78400","39.904312585","192.168.1.55","192.168.1.2","TCP","1514","8004  >  37156 [ACK] Seq=323094 Ack=144 Win=65024 Len=1448 TSval=2916043984 TSecr=3045563758 [TCP segment of a reassembled PDU]"
"78401","39.904314029","192.168.1.55","192.168.1.2","TCP","1514","8004  >  37156 [ACK] Seq=324542 Ack=144 Win=65024 Len=1448 TSval=2916043984 TSecr=3045563758 [TCP segment of a reassembled PDU]"
"78402","39.904315344","192.168.1.55","192.168.1.2","TCP","1514","8004  >  37156 [ACK] Seq=325990 Ack=144 Win=65024 Len=1448 TSval=2916043984 TSecr=3045563758 [TCP segment of a reassembled PDU]"
"78403","39.904316807","192.168.1.55","192.168.1.2","TCP","1514","8004  >  37156 [ACK] Seq=327438 Ack=144 Win=65024 Len=1448 TSval=2916043984 TSecr=3045563758 [TCP segment of a reassembled PDU]"
"78404","39.904318251","192.168.1.55","192.168.1.2","TCP","1514","8004  >  37156 [ACK] Seq=328886 Ack=144 Win=65024 Len=1448 TSval=2916043984 TSecr=3045563758 [TCP segment of a reassembled PDU]"
"78405","39.904319696","192.168.1.55","192.168.1.2","TCP","1514","8004  >  37156 [ACK] Seq=330334 Ack=144 Win=65024 Len=1448 TSval=2916043984 TSecr=3045563758 [TCP segment of a reassembled PDU]"
"78406","39.904321122","192.168.1.55","192.168.1.2","TCP","1514","8004  >  37156 [ACK] Seq=331782 Ack=144 Win=65024 Len=1448 TSval=2916043984 TSecr=3045563758 [TCP segment of a reassembled PDU]"
"78407","39.904322474","192.168.1.55","192.168.1.2","TCP","1514","8004  >  37156 [ACK] Seq=333230 Ack=144 Win=65024 Len=1448 TSval=2916043984 TSecr=3045563758 [TCP segment of a reassembled PDU]"
"78408","39.904324122","192.168.1.55","192.168.1.2","TCP","1514","8004  >  37156 [ACK] Seq=334678 Ack=144 Win=65024 Len=1448 TSval=2916043984 TSecr=3045563758 [TCP segment of a reassembled PDU]"
"78409","39.904325474","192.168.1.55","192.168.1.2","TCP","1514","8004  >  37156 [ACK] Seq=336126 Ack=144 Win=65024 Len=1448 TSval=2916043984 TSecr=3045563758 [TCP segment of a reassembled PDU]"
"78410","39.904327251","192.168.1.55","192.168.1.2","TCP","1514","8004  >  37156 [ACK] Seq=337574 Ack=144 Win=65024 Len=1448 TSval=2916043984 TSecr=3045563758 [TCP segment of a reassembled PDU]"
"78411","39.904328640","192.168.1.55","192.168.1.2","TCP","1514","8004  >  37156 [ACK] Seq=339022 Ack=144 Win=65024 Len=1448 TSval=2916043984 TSecr=3045563758 [TCP segment of a reassembled PDU]"
"78412","39.904330066","192.168.1.55","192.168.1.2","TCP","1514","8004  >  37156 [ACK] Seq=340470 Ack=144 Win=65024 Len=1448 TSval=2916043984 TSecr=3045563758 [TCP segment of a reassembled PDU]"
"78413","39.904331418","192.168.1.55","192.168.1.2","TCP","1514","8004  >  37156 [ACK] Seq=341918 Ack=144 Win=65024 Len=1448 TSval=2916043984 TSecr=3045563758 [TCP segment of a reassembled PDU]"
"78414","39.904332844","192.168.1.55","192.168.1.2","TCP","1514","8004  >  37156 [ACK] Seq=343366 Ack=144 Win=65024 Len=1448 TSval=2916043984 TSecr=3045563758 [TCP segment of a reassembled PDU]"
"78415","39.904334159","192.168.1.55","192.168.1.2","TCP","1514","8004  >  37156 [ACK] Seq=344814 Ack=144 Win=65024 Len=1448 TSval=2916043984 TSecr=3045563758 [TCP segment of a reassembled PDU]"
"78416","39.904335733","192.168.1.55","192.168.1.2","TCP","1514","8004  >  37156 [ACK] Seq=346262 Ack=144 Win=65024 Len=1448 TSval=2916043984 TSecr=3045563758 [TCP segment of a reassembled PDU]"
"78417","39.904337251","192.168.1.55","192.168.1.2","TCP","1514","8004  >  37156 [ACK] Seq=347710 Ack=144 Win=65024 Len=1448 TSval=2916043984 TSecr=3045563758 [TCP segment of a reassembled PDU]"
"78418","39.904338566","192.168.1.55","192.168.1.2","TCP","1514","8004  >  37156 [ACK] Seq=349158 Ack=144 Win=65024 Len=1448 TSval=2916043984 TSecr=3045563758 [TCP segment of a reassembled PDU]"
"78419","39.904339974","192.168.1.55","192.168.1.2","TCP","1514","8004  >  37156 [ACK] Seq=350606 Ack=144 Win=65024 Len=1448 TSval=2916043984 TSecr=3045563758 [TCP segment of a reassembled PDU]"
"78420","39.904341325","192.168.1.55","192.168.1.2","TCP","1514","8004  >  37156 [ACK] Seq=352054 Ack=144 Win=65024 Len=1448 TSval=2916043984 TSecr=3045563758 [TCP segment of a reassembled PDU]"
"78421","39.904342770","192.168.1.55","192.168.1.2","TCP","1514","8004  >  37156 [ACK] Seq=353502 Ack=144 Win=65024 Len=1448 TSval=2916043984 TSecr=3045563758 [TCP segment of a reassembled PDU]"
"78422","39.904344122","192.168.1.55","192.168.1.2","TCP","1514","8004  >  37156 [ACK] Seq=354950 Ack=144 Win=65024 Len=1448 TSval=2916043984 TSecr=3045563758 [TCP segment of a reassembled PDU]"
"78423","39.904345455","192.168.1.55","192.168.1.2","TCP","1514","8004  >  37156 [PSH, ACK] Seq=356398 Ack=144 Win=65024 Len=1448 TSval=2916043984 TSecr=3045563758 [TCP segment of a reassembled PDU]"
"78424","39.909041296","192.168.1.2","192.168.1.55","TCP","66","37156  >  8004 [ACK] Seq=144 Ack=276950 Win=135168 Len=0 TSval=3045563760 TSecr=2916043978"
"78425","39.909053481","192.168.1.55","192.168.1.2","TCP","1514","8004  >  37156 [ACK] Seq=357846 Ack=144 Win=65024 Len=1448 TSval=2916043989 TSecr=3045563760 [TCP segment of a reassembled PDU]"
"78426","39.909055889","192.168.1.55","192.168.1.2","TCP","1514","8004  >  37156 [PSH, ACK] Seq=359294 Ack=144 Win=65024 Len=1448 TSval=2916043989 TSecr=3045563760 [TCP segment of a reassembled PDU]"
"78427","39.909083926","192.168.1.55","192.168.1.2","TCP","1514","8004  >  37156 [ACK] Seq=360742 Ack=144 Win=65024 Len=1448 TSval=2916043989 TSecr=3045563760 [TCP segment of a reassembled PDU]"
"78428","39.909085407","192.168.1.55","192.168.1.2","TCP","1514","8004  >  37156 [ACK] Seq=362190 Ack=144 Win=65024 Len=1448 TSval=2916043989 TSecr=3045563760 [TCP segment of a reassembled PDU]"
"78429","39.909086685","192.168.1.55","192.168.1.2","TCP","1514","8004  >  37156 [ACK] Seq=363638 Ack=144 Win=65024 Len=1448 TSval=2916043989 TSecr=3045563760 [TCP segment of a reassembled PDU]"
"78430","39.909088111","192.168.1.55","192.168.1.2","TCP","1514","8004  >  37156 [ACK] Seq=365086 Ack=144 Win=65024 Len=1448 TSval=2916043989 TSecr=3045563760 [TCP segment of a reassembled PDU]"
"78431","39.909089426","192.168.1.55","192.168.1.2","TCP","1514","8004  >  37156 [ACK] Seq=366534 Ack=144 Win=65024 Len=1448 TSval=2916043989 TSecr=3045563760 [TCP segment of a reassembled PDU]"
"78432","39.909090741","192.168.1.55","192.168.1.2","TCP","1514","8004  >  37156 [ACK] Seq=367982 Ack=144 Win=65024 Len=1448 TSval=2916043989 TSecr=3045563760 [TCP segment of a reassembled PDU]"
"78433","39.909092148","192.168.1.55","192.168.1.2","TCP","1514","8004  >  37156 [ACK] Seq=369430 Ack=144 Win=65024 Len=1448 TSval=2916043989 TSecr=3045563760 [TCP segment of a reassembled PDU]"
"78434","39.909093444","192.168.1.55","192.168.1.2","TCP","1514","8004  >  37156 [ACK] Seq=370878 Ack=144 Win=65024 Len=1448 TSval=2916043989 TSecr=3045563760 [TCP segment of a reassembled PDU]"
"78435","39.909094907","192.168.1.55","192.168.1.2","TCP","1514","8004  >  37156 [ACK] Seq=372326 Ack=144 Win=65024 Len=1448 TSval=2916043989 TSecr=3045563760 [TCP segment of a reassembled PDU]"
"78436","39.909096222","192.168.1.55","192.168.1.2","TCP","1514","8004  >  37156 [ACK] Seq=373774 Ack=144 Win=65024 Len=1448 TSval=2916043989 TSecr=3045563760 [TCP segment of a reassembled PDU]"
"78437","39.909098111","192.168.1.55","192.168.1.2","TCP","1514","8004  >  37156 [ACK] Seq=375222 Ack=144 Win=65024 Len=1448 TSval=2916043989 TSecr=3045563760 [TCP segment of a reassembled PDU]"
"78438","39.909099611","192.168.1.55","192.168.1.2","TCP","1514","8004  >  37156 [ACK] Seq=376670 Ack=144 Win=65024 Len=1448 TSval=2916043989 TSecr=3045563760 [TCP segment of a reassembled PDU]"
"78439","39.909100926","192.168.1.55","192.168.1.2","TCP","1514","8004  >  37156 [ACK] Seq=378118 Ack=144 Win=65024 Len=1448 TSval=2916043989 TSecr=3045563760 [TCP segment of a reassembled PDU]"
"78440","39.909102352","192.168.1.55","192.168.1.2","TCP","1514","8004  >  37156 [ACK] Seq=379566 Ack=144 Win=65024 Len=1448 TSval=2916043989 TSecr=3045563760 [TCP segment of a reassembled PDU]"
"78441","39.909103778","192.168.1.55","192.168.1.2","TCP","1514","8004  >  37156 [ACK] Seq=381014 Ack=144 Win=65024 Len=1448 TSval=2916043989 TSecr=3045563760 [TCP segment of a reassembled PDU]"
"78442","39.909105555","192.168.1.55","192.168.1.2","TCP","1514","8004  >  37156 [ACK] Seq=382462 Ack=144 Win=65024 Len=1448 TSval=2916043989 TSecr=3045563760 [TCP segment of a reassembled PDU]"
"78443","39.909106963","192.168.1.55","192.168.1.2","TCP","1514","8004  >  37156 [ACK] Seq=383910 Ack=144 Win=65024 Len=1448 TSval=2916043989 TSecr=3045563760 [TCP segment of a reassembled PDU]"
"78444","39.909108370","192.168.1.55","192.168.1.2","TCP","1514","8004  >  37156 [ACK] Seq=385358 Ack=144 Win=65024 Len=1448 TSval=2916043989 TSecr=3045563760 [TCP segment of a reassembled PDU]"
"78445","39.909109796","192.168.1.55","192.168.1.2","TCP","1514","8004  >  37156 [ACK] Seq=386806 Ack=144 Win=65024 Len=1448 TSval=2916043989 TSecr=3045563760 [TCP segment of a reassembled PDU]"
"78446","39.909111259","192.168.1.55","192.168.1.2","TCP","1514","8004  >  37156 [ACK] Seq=388254 Ack=144 Win=65024 Len=1448 TSval=2916043989 TSecr=3045563760 [TCP segment of a reassembled PDU]"
"78447","39.909112722","192.168.1.55","192.168.1.2","TCP","1514","8004  >  37156 [ACK] Seq=389702 Ack=144 Win=65024 Len=1448 TSval=2916043989 TSecr=3045563760 [TCP segment of a reassembled PDU]"
"78448","39.909114092","192.168.1.55","192.168.1.2","TCP","1514","8004  >  37156 [ACK] Seq=391150 Ack=144 Win=65024 Len=1448 TSval=2916043989 TSecr=3045563760 [TCP segment of a reassembled PDU]"
"78449","39.909115481","192.168.1.55","192.168.1.2","TCP","1514","8004  >  37156 [ACK] Seq=392598 Ack=144 Win=65024 Len=1448 TSval=2916043989 TSecr=3045563760 [TCP segment of a reassembled PDU]"
"78450","39.909116944","192.168.1.55","192.168.1.2","TCP","1514","8004  >  37156 [ACK] Seq=394046 Ack=144 Win=65024 Len=1448 TSval=2916043989 TSecr=3045563760 [TCP segment of a reassembled PDU]"
"78451","39.909118352","192.168.1.55","192.168.1.2","TCP","1514","8004  >  37156 [ACK] Seq=395494 Ack=144 Win=65024 Len=1448 TSval=2916043989 TSecr=3045563760 [TCP segment of a reassembled PDU]"
"78452","39.909119704","192.168.1.55","192.168.1.2","TCP","1514","8004  >  37156 [ACK] Seq=396942 Ack=144 Win=65024 Len=1448 TSval=2916043989 TSecr=3045563760 [TCP segment of a reassembled PDU]"
"78453","39.909121259","192.168.1.55","192.168.1.2","TCP","1514","8004  >  37156 [ACK] Seq=398390 Ack=144 Win=65024 Len=1448 TSval=2916043989 TSecr=3045563760 [TCP segment of a reassembled PDU]"
"78454","39.909122574","192.168.1.55","192.168.1.2","TCP","1514","8004  >  37156 [PSH, ACK] Seq=399838 Ack=144 Win=65024 Len=1448 TSval=2916043989 TSecr=3045563760 [TCP segment of a reassembled PDU]"
"78455","39.910295668","192.168.1.2","192.168.1.55","TCP","66","37156  >  8004 [ACK] Seq=144 Ack=279654 Win=138240 Len=0 TSval=3045563765 TSecr=2916043979"
"78456","39.910314409","192.168.1.55","192.168.1.2","TCP","1514","8004  >  37156 [ACK] Seq=401286 Ack=144 Win=65024 Len=1448 TSval=2916043991 TSecr=3045563765 [TCP segment of a reassembled PDU]"
"78457","39.910316854","192.168.1.55","192.168.1.2","TCP","1514","8004  >  37156 [ACK] Seq=402734 Ack=144 Win=65024 Len=1448 TSval=2916043991 TSecr=3045563765 [TCP segment of a reassembled PDU]"
"78458","39.910318169","192.168.1.55","192.168.1.2","TCP","1514","8004  >  37156 [ACK] Seq=404182 Ack=144 Win=65024 Len=1448 TSval=2916043991 TSecr=3045563765 [TCP segment of a reassembled PDU]"
"78459","39.910319631","192.168.1.55","192.168.1.2","TCP","1514","8004  >  37156 [ACK] Seq=405630 Ack=144 Win=65024 Len=1448 TSval=2916043991 TSecr=3045563765 [TCP segment of a reassembled PDU]"
"78460","39.910320909","192.168.1.55","192.168.1.2","TCP","1514","8004  >  37156 [ACK] Seq=407078 Ack=144 Win=65024 Len=1448 TSval=2916043991 TSecr=3045563765 [TCP segment of a reassembled PDU]"
"78461","39.910322187","192.168.1.55","192.168.1.2","TCP","1514","8004  >  37156 [ACK] Seq=408526 Ack=144 Win=65024 Len=1448 TSval=2916043991 TSecr=3045563765 [TCP segment of a reassembled PDU]"
"78462","39.910323483","192.168.1.55","192.168.1.2","TCP","1514","8004  >  37156 [ACK] Seq=409974 Ack=144 Win=65024 Len=1448 TSval=2916043991 TSecr=3045563765 [TCP segment of a reassembled PDU]"
"78463","39.910324761","192.168.1.55","192.168.1.2","TCP","1514","8004  >  37156 [ACK] Seq=411422 Ack=144 Win=65024 Len=1448 TSval=2916043991 TSecr=3045563765 [TCP segment of a reassembled PDU]"
"78464","39.910326131","192.168.1.55","192.168.1.2","TCP","1514","8004  >  37156 [ACK] Seq=412870 Ack=144 Win=65024 Len=1448 TSval=2916043991 TSecr=3045563765 [TCP segment of a reassembled PDU]"
"78465","39.910327391","192.168.1.55","192.168.1.2","TCP","1514","8004  >  37156 [ACK] Seq=414318 Ack=144 Win=65024 Len=1448 TSval=2916043991 TSecr=3045563765 [TCP segment of a reassembled PDU]"
"78466","39.910328761","192.168.1.55","192.168.1.2","TCP","1514","8004  >  37156 [ACK] Seq=415766 Ack=144 Win=65024 Len=1448 TSval=2916043991 TSecr=3045563765 [TCP segment of a reassembled PDU]"
"78467","39.910330261","192.168.1.55","192.168.1.2","TCP","746","[TCP Window Full] 8004  >  37156 [PSH, ACK] Seq=417214 Ack=144 Win=65024 Len=680 TSval=2916043991 TSecr=3045563765 [TCP segment of a reassembled PDU]"
"78468","39.910387632","192.168.1.2","192.168.1.55","TCP","66","37156  >  8004 [ACK] Seq=144 Ack=320198 Win=108544 Len=0 TSval=3045563765 TSecr=2916043984"
"78469","39.910396409","192.168.1.2","192.168.1.55","TCP","66","37156  >  8004 [ACK] Seq=144 Ack=350606 Win=79872 Len=0 TSval=3045563765 TSecr=2916043984"
"78470","39.910920762","192.168.1.2","192.168.1.55","TCP","66","37156  >  8004 [ACK] Seq=144 Ack=352054 Win=140288 Len=0 TSval=3045563766 TSecr=2916043984"
"78471","39.910940633","192.168.1.55","192.168.1.2","TCP","1514","8004  >  37156 [ACK] Seq=417894 Ack=144 Win=65024 Len=1448 TSval=2916043991 TSecr=3045563766 [TCP segment of a reassembled PDU]"
"78472","39.910942633","192.168.1.55","192.168.1.2","TCP","1514","8004  >  37156 [ACK] Seq=419342 Ack=144 Win=65024 Len=1448 TSval=2916043991 TSecr=3045563766 [TCP segment of a reassembled PDU]"
"78473","39.910943947","192.168.1.55","192.168.1.2","TCP","1514","8004  >  37156 [ACK] Seq=420790 Ack=144 Win=65024 Len=1448 TSval=2916043991 TSecr=3045563766 [TCP segment of a reassembled PDU]"
"78474","39.910945262","192.168.1.55","192.168.1.2","TCP","1514","8004  >  37156 [ACK] Seq=422238 Ack=144 Win=65024 Len=1448 TSval=2916043991 TSecr=3045563766 [TCP segment of a reassembled PDU]"
"78475","39.910946670","192.168.1.55","192.168.1.2","TCP","1514","8004  >  37156 [ACK] Seq=423686 Ack=144 Win=65024 Len=1448 TSval=2916043991 TSecr=3045563766 [TCP segment of a reassembled PDU]"
"78476","39.910948003","192.168.1.55","192.168.1.2","TCP","1514","8004  >  37156 [ACK] Seq=425134 Ack=144 Win=65024 Len=1448 TSval=2916043991 TSecr=3045563766 [TCP segment of a reassembled PDU]"
"78477","39.910949799","192.168.1.55","192.168.1.2","TCP","1514","8004  >  37156 [ACK] Seq=426582 Ack=144 Win=65024 Len=1448 TSval=2916043991 TSecr=3045563766 [TCP segment of a reassembled PDU]"
"78478","39.910951188","192.168.1.55","192.168.1.2","TCP","1514","8004  >  37156 [ACK] Seq=428030 Ack=144 Win=65024 Len=1448 TSval=2916043991 TSecr=3045563766 [TCP segment of a reassembled PDU]"
"78479","39.910952558","192.168.1.55","192.168.1.2","TCP","1514","8004  >  37156 [ACK] Seq=429478 Ack=144 Win=65024 Len=1448 TSval=2916043991 TSecr=3045563766 [TCP segment of a reassembled PDU]"
"78480","39.910953984","192.168.1.55","192.168.1.2","TCP","1514","8004  >  37156 [ACK] Seq=430926 Ack=144 Win=65024 Len=1448 TSval=2916043991 TSecr=3045563766 [TCP segment of a reassembled PDU]"
"78481","39.910955503","192.168.1.55","192.168.1.2","TCP","1514","8004  >  37156 [ACK] Seq=432374 Ack=144 Win=65024 Len=1448 TSval=2916043991 TSecr=3045563766 [TCP segment of a reassembled PDU]"
"78482","39.910956855","192.168.1.55","192.168.1.2","TCP","1514","8004  >  37156 [ACK] Seq=433822 Ack=144 Win=65024 Len=1448 TSval=2916043991 TSecr=3045563766 [TCP segment of a reassembled PDU]"
"78483","39.910958577","192.168.1.55","192.168.1.2","TCP","1514","8004  >  37156 [ACK] Seq=435270 Ack=144 Win=65024 Len=1448 TSval=2916043991 TSecr=3045563766 [TCP segment of a reassembled PDU]"
"78484","39.910959873","192.168.1.55","192.168.1.2","TCP","1514","8004  >  37156 [ACK] Seq=436718 Ack=144 Win=65024 Len=1448 TSval=2916043991 TSecr=3045563766 [TCP segment of a reassembled PDU]"
"78485","39.910961355","192.168.1.55","192.168.1.2","TCP","1514","8004  >  37156 [ACK] Seq=438166 Ack=144 Win=65024 Len=1448 TSval=2916043991 TSecr=3045563766 [TCP segment of a reassembled PDU]"
"78486","39.910962688","192.168.1.55","192.168.1.2","TCP","1514","8004  >  37156 [ACK] Seq=439614 Ack=144 Win=65024 Len=1448 TSval=2916043991 TSecr=3045563766 [TCP segment of a reassembled PDU]"
"78487","39.910964447","192.168.1.55","192.168.1.2","TCP","834","8004  >  37156 [PSH, ACK] Seq=441062 Ack=144 Win=65024 Len=768 TSval=2916043991 TSecr=3045563766 [TCP segment of a reassembled PDU]"
"78488","39.910992392","192.168.1.55","192.168.1.2","TCP","1514","8004  >  37156 [ACK] Seq=441830 Ack=144 Win=65024 Len=1448 TSval=2916043991 TSecr=3045563766 [TCP segment of a reassembled PDU]"
"78489","39.910994318","192.168.1.55","192.168.1.2","TCP","1514","8004  >  37156 [ACK] Seq=443278 Ack=144 Win=65024 Len=1448 TSval=2916043991 TSecr=3045563766 [TCP segment of a reassembled PDU]"
"78490","39.910995577","192.168.1.55","192.168.1.2","TCP","1514","8004  >  37156 [ACK] Seq=444726 Ack=144 Win=65024 Len=1448 TSval=2916043991 TSecr=3045563766 [TCP segment of a reassembled PDU]"
"78491","39.910996892","192.168.1.55","192.168.1.2","TCP","1514","8004  >  37156 [ACK] Seq=446174 Ack=144 Win=65024 Len=1448 TSval=2916043991 TSecr=3045563766 [TCP segment of a reassembled PDU]"
"78492","39.910998429","192.168.1.55","192.168.1.2","TCP","1514","8004  >  37156 [ACK] Seq=447622 Ack=144 Win=65024 Len=1448 TSval=2916043991 TSecr=3045563766 [TCP segment of a reassembled PDU]"
"78493","39.910999836","192.168.1.55","192.168.1.2","TCP","1514","8004  >  37156 [ACK] Seq=449070 Ack=144 Win=65024 Len=1448 TSval=2916043991 TSecr=3045563766 [TCP segment of a reassembled PDU]"
"78494","39.911001225","192.168.1.55","192.168.1.2","TCP","1514","8004  >  37156 [ACK] Seq=450518 Ack=144 Win=65024 Len=1448 TSval=2916043991 TSecr=3045563766 [TCP segment of a reassembled PDU]"
"78495","39.911002521","192.168.1.55","192.168.1.2","TCP","1514","8004  >  37156 [ACK] Seq=451966 Ack=144 Win=65024 Len=1448 TSval=2916043991 TSecr=3045563766 [TCP segment of a reassembled PDU]"
"78496","39.911003984","192.168.1.55","192.168.1.2","TCP","1514","8004  >  37156 [ACK] Seq=453414 Ack=144 Win=65024 Len=1448 TSval=2916043991 TSecr=3045563766 [TCP segment of a reassembled PDU]"
"78497","39.911005447","192.168.1.55","192.168.1.2","TCP","1514","8004  >  37156 [ACK] Seq=454862 Ack=144 Win=65024 Len=1448 TSval=2916043991 TSecr=3045563766 [TCP segment of a reassembled PDU]"
"78498","39.911007077","192.168.1.55","192.168.1.2","TCP","1514","8004  >  37156 [ACK] Seq=456310 Ack=144 Win=65024 Len=1448 TSval=2916043991 TSecr=3045563766 [TCP segment of a reassembled PDU]"
"78499","39.911008744","192.168.1.55","192.168.1.2","TCP","1514","8004  >  37156 [ACK] Seq=457758 Ack=144 Win=65024 Len=1448 TSval=2916043991 TSecr=3045563766 [TCP segment of a reassembled PDU]"
"78500","39.911010410","192.168.1.55","192.168.1.2","TCP","1514","8004  >  37156 [ACK] Seq=459206 Ack=144 Win=65024 Len=1448 TSval=2916043991 TSecr=3045563766 [TCP segment of a reassembled PDU]"
"78501","39.911011818","192.168.1.55","192.168.1.2","TCP","1514","8004  >  37156 [ACK] Seq=460654 Ack=144 Win=65024 Len=1448 TSval=2916043991 TSecr=3045563766 [TCP segment of a reassembled PDU]"
"78502","39.911013540","192.168.1.55","192.168.1.2","TCP","1514","8004  >  37156 [ACK] Seq=462102 Ack=144 Win=65024 Len=1448 TSval=2916043991 TSecr=3045563766 [TCP segment of a reassembled PDU]"
"78503","39.911014892","192.168.1.55","192.168.1.2","TCP","1514","8004  >  37156 [ACK] Seq=463550 Ack=144 Win=65024 Len=1448 TSval=2916043991 TSecr=3045563766 [TCP segment of a reassembled PDU]"
"78504","39.911016392","192.168.1.55","192.168.1.2","TCP","1514","8004  >  37156 [ACK] Seq=464998 Ack=144 Win=65024 Len=1448 TSval=2916043991 TSecr=3045563766 [TCP segment of a reassembled PDU]"
"78505","39.911017818","192.168.1.55","192.168.1.2","TCP","1514","8004  >  37156 [ACK] Seq=466446 Ack=144 Win=65024 Len=1448 TSval=2916043991 TSecr=3045563766 [TCP segment of a reassembled PDU]"
"78506","39.911019318","192.168.1.55","192.168.1.2","TCP","1514","8004  >  37156 [ACK] Seq=467894 Ack=144 Win=65024 Len=1448 TSval=2916043991 TSecr=3045563766 [TCP segment of a reassembled PDU]"
"78507","39.911020633","192.168.1.55","192.168.1.2","TCP","1514","8004  >  37156 [ACK] Seq=469342 Ack=144 Win=65024 Len=1448 TSval=2916043991 TSecr=3045563766 [TCP segment of a reassembled PDU]"
"78508","39.911022022","192.168.1.55","192.168.1.2","TCP","1514","8004  >  37156 [ACK] Seq=470790 Ack=144 Win=65024 Len=1448 TSval=2916043991 TSecr=3045563766 [TCP segment of a reassembled PDU]"
"78509","39.911023762","192.168.1.55","192.168.1.2","TCP","1514","8004  >  37156 [ACK] Seq=472238 Ack=144 Win=65024 Len=1448 TSval=2916043991 TSecr=3045563766 [TCP segment of a reassembled PDU]"
"78510","39.911025318","192.168.1.55","192.168.1.2","TCP","1514","8004  >  37156 [ACK] Seq=473686 Ack=144 Win=65024 Len=1448 TSval=2916043991 TSecr=3045563766 [TCP segment of a reassembled PDU]"
"78511","39.911026781","192.168.1.55","192.168.1.2","TCP","1514","8004  >  37156 [ACK] Seq=475134 Ack=144 Win=65024 Len=1448 TSval=2916043991 TSecr=3045563766 [TCP segment of a reassembled PDU]"
"78512","39.911028059","192.168.1.55","192.168.1.2","TCP","1514","8004  >  37156 [ACK] Seq=476582 Ack=144 Win=65024 Len=1448 TSval=2916043991 TSecr=3045563766 [TCP segment of a reassembled PDU]"
"78513","39.911029614","192.168.1.55","192.168.1.2","TCP","1514","8004  >  37156 [ACK] Seq=478030 Ack=144 Win=65024 Len=1448 TSval=2916043991 TSecr=3045563766 [TCP segment of a reassembled PDU]"
"78514","39.911031003","192.168.1.55","192.168.1.2","TCP","1514","8004  >  37156 [ACK] Seq=479478 Ack=144 Win=65024 Len=1448 TSval=2916043991 TSecr=3045563766 [TCP segment of a reassembled PDU]"
"78515","39.911032281","192.168.1.55","192.168.1.2","TCP","1514","8004  >  37156 [PSH, ACK] Seq=480926 Ack=144 Win=65024 Len=1448 TSval=2916043991 TSecr=3045563766 [TCP segment of a reassembled PDU]"
"78516","39.911061799","192.168.1.2","192.168.1.55","TCP","66","37156  >  8004 [ACK] Seq=144 Ack=357846 Win=139264 Len=0 TSval=3045563766 TSecr=2916043984"
"78517","39.911081614","192.168.1.55","192.168.1.2","TCP","1514","8004  >  37156 [ACK] Seq=482374 Ack=144 Win=65024 Len=1448 TSval=2916043991 TSecr=3045563766 [TCP segment of a reassembled PDU]"
"78518","39.911083540","192.168.1.55","192.168.1.2","TCP","1514","8004  >  37156 [ACK] Seq=483822 Ack=144 Win=65024 Len=1448 TSval=2916043991 TSecr=3045563766 [TCP segment of a reassembled PDU]"
"78519","39.911084799","192.168.1.55","192.168.1.2","TCP","1514","8004  >  37156 [ACK] Seq=485270 Ack=144 Win=65024 Len=1448 TSval=2916043991 TSecr=3045563766 [TCP segment of a reassembled PDU]"
"78520","39.911086225","192.168.1.55","192.168.1.2","TCP","1514","8004  >  37156 [ACK] Seq=486718 Ack=144 Win=65024 Len=1448 TSval=2916043991 TSecr=3045563766 [TCP segment of a reassembled PDU]"
"78521","39.911087559","192.168.1.55","192.168.1.2","TCP","1514","8004  >  37156 [ACK] Seq=488166 Ack=144 Win=65024 Len=1448 TSval=2916043991 TSecr=3045563766 [TCP segment of a reassembled PDU]"
"78522","39.911088929","192.168.1.55","192.168.1.2","TCP","1514","8004  >  37156 [ACK] Seq=489614 Ack=144 Win=65024 Len=1448 TSval=2916043991 TSecr=3045563766 [TCP segment of a reassembled PDU]"
"78523","39.911090170","192.168.1.55","192.168.1.2","TCP","1514","8004  >  37156 [ACK] Seq=491062 Ack=144 Win=65024 Len=1448 TSval=2916043991 TSecr=3045563766 [TCP segment of a reassembled PDU]"
"78524","39.911091522","192.168.1.55","192.168.1.2","TCP","1514","8004  >  37156 [ACK] Seq=492510 Ack=144 Win=65024 Len=1448 TSval=2916043991 TSecr=3045563766 [TCP segment of a reassembled PDU]"
"78525","39.911097096","192.168.1.55","192.168.1.2","TCP","1514","8004  >  37156 [ACK] Seq=493958 Ack=144 Win=65024 Len=1448 TSval=2916043991 TSecr=3045563766 [TCP segment of a reassembled PDU]"
"78526","39.911098651","192.168.1.55","192.168.1.2","TCP","1514","8004  >  37156 [PSH, ACK] Seq=495406 Ack=144 Win=65024 Len=1448 TSval=2916043991 TSecr=3045563766 [TCP segment of a reassembled PDU]"
"78527","39.918380867","192.168.1.2","192.168.1.55","TCP","66","37156  >  8004 [ACK] Seq=144 Ack=360742 Win=140288 Len=0 TSval=3045563773 TSecr=2916043989"
"78528","39.918392793","192.168.1.55","192.168.1.2","TCP","1514","8004  >  37156 [ACK] Seq=496854 Ack=144 Win=65024 Len=1448 TSval=2916043999 TSecr=3045563773 [TCP segment of a reassembled PDU]"
"78529","39.918398163","192.168.1.55","192.168.1.2","HTTP","222","HTTP/1.0 200 OK  (PNG)"
"78530","39.918575460","192.168.1.2","192.168.1.55","TCP","66","37156  >  8004 [ACK] Seq=144 Ack=367982 Win=140288 Len=0 TSval=3045563773 TSecr=2916043989"
"78531","39.918582367","192.168.1.2","192.168.1.55","TCP","66","37156  >  8004 [ACK] Seq=144 Ack=391150 Win=131072 Len=0 TSval=3045563773 TSecr=2916043989"
"78532","39.918586830","192.168.1.2","192.168.1.55","TCP","66","37156  >  8004 [ACK] Seq=144 Ack=396942 Win=146432 Len=0 TSval=3045563774 TSecr=2916043989"
"78533","39.918943979","192.168.1.2","192.168.1.55","TCP","66","37156  >  8004 [ACK] Seq=144 Ack=401286 Win=147456 Len=0 TSval=3045563774 TSecr=2916043989"
"78534","39.919109664","192.168.1.2","192.168.1.55","TCP","66","37156  >  8004 [ACK] Seq=144 Ack=441830 Win=111616 Len=0 TSval=3045563774 TSecr=2916043991"
"78535","39.919120127","192.168.1.2","192.168.1.55","TCP","66","37156  >  8004 [ACK] Seq=144 Ack=496854 Win=60416 Len=0 TSval=3045563774 TSecr=2916043991"
"78536","39.919128627","192.168.1.2","192.168.1.55","TCP","66","[TCP Window Update] 37156  >  8004 [ACK] Seq=144 Ack=496854 Win=137216 Len=0 TSval=3045563774 TSecr=2916043991"
"78537","39.919960314","192.168.1.2","192.168.1.55","TCP","66","37156  >  8004 [ACK] Seq=144 Ack=498302 Win=148480 Len=0 TSval=3045563775 TSecr=2916043999"
"78538","39.922276929","192.168.1.2","192.168.1.55","TCP","66","37156  >  8004 [FIN, ACK] Seq=144 Ack=498459 Win=151552 Len=0 TSval=3045563777 TSecr=2916043999"
"78539","39.922287892","192.168.1.55","192.168.1.2","TCP","66","8004  >  37156 [ACK] Seq=498459 Ack=145 Win=65024 Len=0 TSval=2916044002 TSecr=3045563777"
"78540","39.922406244","192.168.1.2","192.168.1.55","TCP","74","37162  >  8004 [SYN] Seq=0 Win=64240 Len=0 MSS=1460 SACK_PERM TSval=3045563777 TSecr=0 WS=1024"
"78541","39.922430688","192.168.1.55","192.168.1.2","TCP","74","8004  >  37162 [SYN, ACK] Seq=0 Ack=1 Win=65160 Len=0 MSS=1460 SACK_PERM TSval=2916044003 TSecr=3045563777 WS=128"
"78542","39.925779286","192.168.1.2","192.168.1.55","TCP","66","37162  >  8004 [ACK] Seq=1 Ack=1 Win=64512 Len=0 TSval=3045563780 TSecr=2916044003"
"78543","39.929000625","192.168.1.2","192.168.1.55","HTTP","206","GET /stego_benchmark.png HTTP/1.1 "
"78544","39.929011718","192.168.1.55","192.168.1.2","TCP","66","8004  >  37162 [ACK] Seq=1 Ack=141 Win=65024 Len=0 TSval=2916044009 TSecr=3045563780"
"78545","39.929497348","192.168.1.55","192.168.1.2","TCP","255","8004  >  37162 [PSH, ACK] Seq=1 Ack=141 Win=65024 Len=189 TSval=2916044010 TSecr=3045563780 [TCP segment of a reassembled PDU]"
"78546","39.929576126","192.168.1.55","192.168.1.2","TCP","1514","8004  >  37162 [ACK] Seq=190 Ack=141 Win=65024 Len=1448 TSval=2916044010 TSecr=3045563780 [TCP segment of a reassembled PDU]"
"78547","39.929580811","192.168.1.55","192.168.1.2","TCP","1514","8004  >  37162 [ACK] Seq=1638 Ack=141 Win=65024 Len=1448 TSval=2916044010 TSecr=3045563780 [TCP segment of a reassembled PDU]"
"78548","39.929582330","192.168.1.55","192.168.1.2","TCP","1514","8004  >  37162 [ACK] Seq=3086 Ack=141 Win=65024 Len=1448 TSval=2916044010 TSecr=3045563780 [TCP segment of a reassembled PDU]"
"78549","39.929583830","192.168.1.55","192.168.1.2","TCP","1514","8004  >  37162 [ACK] Seq=4534 Ack=141 Win=65024 Len=1448 TSval=2916044010 TSecr=3045563780 [TCP segment of a reassembled PDU]"
"78550","39.929585256","192.168.1.55","192.168.1.2","TCP","1514","8004  >  37162 [PSH, ACK] Seq=5982 Ack=141 Win=65024 Len=1448 TSval=2916044010 TSecr=3045563780 [TCP segment of a reassembled PDU]"
"78551","39.929602015","192.168.1.55","192.168.1.2","TCP","1514","8004  >  37162 [ACK] Seq=7430 Ack=141 Win=65024 Len=1448 TSval=2916044010 TSecr=3045563780 [TCP segment of a reassembled PDU]"
"78552","39.929603700","192.168.1.55","192.168.1.2","TCP","1514","8004  >  37162 [ACK] Seq=8878 Ack=141 Win=65024 Len=1448 TSval=2916044010 TSecr=3045563780 [TCP segment of a reassembled PDU]"
"78553","39.929605070","192.168.1.55","192.168.1.2","TCP","1514","8004  >  37162 [ACK] Seq=10326 Ack=141 Win=65024 Len=1448 TSval=2916044010 TSecr=3045563780 [TCP segment of a reassembled PDU]"
"78554","39.929606330","192.168.1.55","192.168.1.2","TCP","1514","8004  >  37162 [PSH, ACK] Seq=11774 Ack=141 Win=65024 Len=1448 TSval=2916044010 TSecr=3045563780 [TCP segment of a reassembled PDU]"
"78555","39.934186745","192.168.1.2","192.168.1.55","TCP","66","37162  >  8004 [ACK] Seq=141 Ack=190 Win=64512 Len=0 TSval=3045563788 TSecr=2916044010"
"78556","39.934315078","192.168.1.55","192.168.1.2","TCP","1514","8004  >  37162 [ACK] Seq=13222 Ack=141 Win=65024 Len=1448 TSval=2916044014 TSecr=3045563788 [TCP segment of a reassembled PDU]"
"78557","39.934323837","192.168.1.55","192.168.1.2","TCP","1514","8004  >  37162 [PSH, ACK] Seq=14670 Ack=141 Win=65024 Len=1448 TSval=2916044014 TSecr=3045563788 [TCP segment of a reassembled PDU]"
"78558","39.934404152","192.168.1.2","192.168.1.55","TCP","66","37162  >  8004 [ACK] Seq=141 Ack=5982 Win=76800 Len=0 TSval=3045563788 TSecr=2916044010"
"78559","39.934473004","192.168.1.55","192.168.1.2","TCP","1514","8004  >  37162 [ACK] Seq=16118 Ack=141 Win=65024 Len=1448 TSval=2916044015 TSecr=3045563788 [TCP segment of a reassembled PDU]"
"78560","39.934482597","192.168.1.55","192.168.1.2","TCP","1514","8004  >  37162 [ACK] Seq=17566 Ack=141 Win=65024 Len=1448 TSval=2916044015 TSecr=3045563788 [TCP segment of a reassembled PDU]"
"78561","39.934485949","192.168.1.55","192.168.1.2","TCP","1514","8004  >  37162 [ACK] Seq=19014 Ack=141 Win=65024 Len=1448 TSval=2916044015 TSecr=3045563788 [TCP segment of a reassembled PDU]"
"78562","39.934489152","192.168.1.55","192.168.1.2","TCP","1514","8004  >  37162 [ACK] Seq=20462 Ack=141 Win=65024 Len=1448 TSval=2916044015 TSecr=3045563788 [TCP segment of a reassembled PDU]"
"78563","39.934492356","192.168.1.55","192.168.1.2","TCP","1514","8004  >  37162 [ACK] Seq=21910 Ack=141 Win=65024 Len=1448 TSval=2916044015 TSecr=3045563788 [TCP segment of a reassembled PDU]"
"78564","39.934495486","192.168.1.55","192.168.1.2","TCP","1514","8004  >  37162 [ACK] Seq=23358 Ack=141 Win=65024 Len=1448 TSval=2916044015 TSecr=3045563788 [TCP segment of a reassembled PDU]"
"78565","39.934497986","192.168.1.55","192.168.1.2","TCP","1514","8004  >  37162 [PSH, ACK] Seq=24806 Ack=141 Win=65024 Len=1448 TSval=2916044015 TSecr=3045563788 [TCP segment of a reassembled PDU]"
"78566","39.935667840","192.168.1.2","192.168.1.55","TCP","66","37162  >  8004 [ACK] Seq=141 Ack=7430 Win=79872 Len=0 TSval=3045563788 TSecr=2916044010"
"78567","39.935690914","192.168.1.55","192.168.1.2","TCP","1514","8004  >  37162 [ACK] Seq=26254 Ack=141 Win=65024 Len=1448 TSval=2916044016 TSecr=3045563788 [TCP segment of a reassembled PDU]"
"78568","39.935695080","192.168.1.55","192.168.1.2","TCP","1514","8004  >  37162 [ACK] Seq=27702 Ack=141 Win=65024 Len=1448 TSval=2916044016 TSecr=3045563788 [TCP segment of a reassembled PDU]"
"78569","39.935696562","192.168.1.55","192.168.1.2","TCP","1514","8004  >  37162 [PSH, ACK] Seq=29150 Ack=141 Win=65024 Len=1448 TSval=2916044016 TSecr=3045563788 [TCP segment of a reassembled PDU]"
"78570","39.935784747","192.168.1.2","192.168.1.55","TCP","66","37162  >  8004 [ACK] Seq=141 Ack=11774 Win=88064 Len=0 TSval=3045563788 TSecr=2916044010"
"78571","39.935796284","192.168.1.2","192.168.1.55","TCP","66","37162  >  8004 [ACK] Seq=141 Ack=13222 Win=87040 Len=0 TSval=3045563788 TSecr=2916044010"
"78572","39.935813377","192.168.1.55","192.168.1.2","TCP","1514","8004  >  37162 [ACK] Seq=30598 Ack=141 Win=65024 Len=1448 TSval=2916044016 TSecr=3045563788 [TCP segment of a reassembled PDU]"
"78573","39.935815321","192.168.1.55","192.168.1.2","TCP","1514","8004  >  37162 [ACK] Seq=32046 Ack=141 Win=65024 Len=1448 TSval=2916044016 TSecr=3045563788 [TCP segment of a reassembled PDU]"
"78574","39.935816636","192.168.1.55","192.168.1.2","TCP","1514","8004  >  37162 [ACK] Seq=33494 Ack=141 Win=65024 Len=1448 TSval=2916044016 TSecr=3045563788 [TCP segment of a reassembled PDU]"
"78575","39.935817988","192.168.1.55","192.168.1.2","TCP","1514","8004  >  37162 [ACK] Seq=34942 Ack=141 Win=65024 Len=1448 TSval=2916044016 TSecr=3045563788 [TCP segment of a reassembled PDU]"
"78576","39.935819358","192.168.1.55","192.168.1.2","TCP","1514","8004  >  37162 [ACK] Seq=36390 Ack=141 Win=65024 Len=1448 TSval=2916044016 TSecr=3045563788 [TCP segment of a reassembled PDU]"
"78577","39.935820692","192.168.1.55","192.168.1.2","TCP","1514","8004  >  37162 [ACK] Seq=37838 Ack=141 Win=65024 Len=1448 TSval=2916044016 TSecr=3045563788 [TCP segment of a reassembled PDU]"
"78578","39.935822081","192.168.1.55","192.168.1.2","TCP","1514","8004  >  37162 [ACK] Seq=39286 Ack=141 Win=65024 Len=1448 TSval=2916044016 TSecr=3045563788 [TCP segment of a reassembled PDU]"
"78579","39.935823803","192.168.1.55","192.168.1.2","TCP","1514","8004  >  37162 [PSH, ACK] Seq=40734 Ack=141 Win=65024 Len=1448 TSval=2916044016 TSecr=3045563788 [TCP segment of a reassembled PDU]"
"78580","39.940400588","192.168.1.2","192.168.1.55","TCP","66","37162  >  8004 [ACK] Seq=141 Ack=16118 Win=93184 Len=0 TSval=3045563794 TSecr=2916044014"
"78581","39.940441162","192.168.1.55","192.168.1.2","TCP","1514","8004  >  37162 [ACK] Seq=42182 Ack=141 Win=65024 Len=1448 TSval=2916044021 TSecr=3045563794 [TCP segment of a reassembled PDU]"
"78582","39.940448551","192.168.1.55","192.168.1.2","TCP","1514","8004  >  37162 [PSH, ACK] Seq=43630 Ack=141 Win=65024 Len=1448 TSval=2916044021 TSecr=3045563794 [TCP segment of a reassembled PDU]"
"78583","39.940533403","192.168.1.2","192.168.1.55","TCP","66","37162  >  8004 [ACK] Seq=141 Ack=26254 Win=86016 Len=0 TSval=3045563794 TSecr=2916044015"
"78584","39.940566959","192.168.1.55","192.168.1.2","TCP","1514","8004  >  37162 [ACK] Seq=45078 Ack=141 Win=65024 Len=1448 TSval=2916044021 TSecr=3045563794 [TCP segment of a reassembled PDU]"
"78585","39.940569681","192.168.1.55","192.168.1.2","TCP","1514","8004  >  37162 [ACK] Seq=46526 Ack=141 Win=65024 Len=1448 TSval=2916044021 TSecr=3045563794 [TCP segment of a reassembled PDU]"
"78586","39.940571496","192.168.1.55","192.168.1.2","TCP","1514","8004  >  37162 [ACK] Seq=47974 Ack=141 Win=65024 Len=1448 TSval=2916044021 TSecr=3045563794 [TCP segment of a reassembled PDU]"
"78587","39.940573070","192.168.1.55","192.168.1.2","TCP","1514","8004  >  37162 [ACK] Seq=49422 Ack=141 Win=65024 Len=1448 TSval=2916044021 TSecr=3045563794 [TCP segment of a reassembled PDU]"
"78588","39.940574551","192.168.1.55","192.168.1.2","TCP","1514","8004  >  37162 [ACK] Seq=50870 Ack=141 Win=65024 Len=1448 TSval=2916044021 TSecr=3045563794 [TCP segment of a reassembled PDU]"
"78589","39.940577459","192.168.1.55","192.168.1.2","TCP","1514","8004  >  37162 [ACK] Seq=52318 Ack=141 Win=65024 Len=1448 TSval=2916044021 TSecr=3045563794 [TCP segment of a reassembled PDU]"
"78590","39.940579699","192.168.1.55","192.168.1.2","TCP","1514","8004  >  37162 [ACK] Seq=53766 Ack=141 Win=65024 Len=1448 TSval=2916044021 TSecr=3045563794 [TCP segment of a reassembled PDU]"
"78591","39.940582274","192.168.1.55","192.168.1.2","TCP","1514","8004  >  37162 [ACK] Seq=55214 Ack=141 Win=65024 Len=1448 TSval=2916044021 TSecr=3045563794 [TCP segment of a reassembled PDU]"
"78592","39.940584255","192.168.1.55","192.168.1.2","TCP","1514","8004  >  37162 [ACK] Seq=56662 Ack=141 Win=65024 Len=1448 TSval=2916044021 TSecr=3045563794 [TCP segment of a reassembled PDU]"
"78593","39.940585885","192.168.1.55","192.168.1.2","TCP","1514","8004  >  37162 [ACK] Seq=58110 Ack=141 Win=65024 Len=1448 TSval=2916044021 TSecr=3045563794 [TCP segment of a reassembled PDU]"
"78594","39.940587514","192.168.1.55","192.168.1.2","TCP","1514","8004  >  37162 [ACK] Seq=59558 Ack=141 Win=65024 Len=1448 TSval=2916044021 TSecr=3045563794 [TCP segment of a reassembled PDU]"
"78595","39.940590125","192.168.1.55","192.168.1.2","TCP","1514","8004  >  37162 [ACK] Seq=61006 Ack=141 Win=65024 Len=1448 TSval=2916044021 TSecr=3045563794 [TCP segment of a reassembled PDU]"
"78596","39.940591570","192.168.1.55","192.168.1.2","TCP","1514","8004  >  37162 [ACK] Seq=62454 Ack=141 Win=65024 Len=1448 TSval=2916044021 TSecr=3045563794 [TCP segment of a reassembled PDU]"
"78597","39.940592866","192.168.1.55","192.168.1.2","TCP","1514","8004  >  37162 [PSH, ACK] Seq=63902 Ack=141 Win=65024 Len=1448 TSval=2916044021 TSecr=3045563794 [TCP segment of a reassembled PDU]"
"78598","39.940598940","192.168.1.2","192.168.1.55","TCP","66","37162  >  8004 [ACK] Seq=141 Ack=30598 Win=81920 Len=0 TSval=3045563794 TSecr=2916044016"
"78599","39.940622940","192.168.1.55","192.168.1.2","TCP","1514","8004  >  37162 [ACK] Seq=65350 Ack=141 Win=65024 Len=1448 TSval=2916044021 TSecr=3045563794 [TCP segment of a reassembled PDU]"
"78600","39.940625162","192.168.1.55","192.168.1.2","TCP","1514","8004  >  37162 [ACK] Seq=66798 Ack=141 Win=65024 Len=1448 TSval=2916044021 TSecr=3045563794 [TCP segment of a reassembled PDU]"
"78601","39.940627070","192.168.1.55","192.168.1.2","TCP","1514","8004  >  37162 [ACK] Seq=68246 Ack=141 Win=65024 Len=1448 TSval=2916044021 TSecr=3045563794 [TCP segment of a reassembled PDU]"
"78602","39.940628977","192.168.1.55","192.168.1.2","TCP","1514","8004  >  37162 [ACK] Seq=69694 Ack=141 Win=65024 Len=1448 TSval=2916044021 TSecr=3045563794 [TCP segment of a reassembled PDU]"
"78603","39.940630551","192.168.1.55","192.168.1.2","TCP","1514","8004  >  37162 [ACK] Seq=71142 Ack=141 Win=65024 Len=1448 TSval=2916044021 TSecr=3045563794 [TCP segment of a reassembled PDU]"
"78604","39.940631977","192.168.1.55","192.168.1.2","TCP","1514","8004  >  37162 [ACK] Seq=72590 Ack=141 Win=65024 Len=1448 TSval=2916044021 TSecr=3045563794 [TCP segment of a reassembled PDU]"
"78605","39.940633292","192.168.1.55","192.168.1.2","TCP","1514","8004  >  37162 [ACK] Seq=74038 Ack=141 Win=65024 Len=1448 TSval=2916044021 TSecr=3045563794 [TCP segment of a reassembled PDU]"
"78606","39.940634644","192.168.1.55","192.168.1.2","TCP","1514","8004  >  37162 [PSH, ACK] Seq=75486 Ack=141 Win=65024 Len=1448 TSval=2916044021 TSecr=3045563794 [TCP segment of a reassembled PDU]"
"78607","39.940639514","192.168.1.2","192.168.1.55","TCP","66","37162  >  8004 [ACK] Seq=141 Ack=39286 Win=87040 Len=0 TSval=3045563794 TSecr=2916044016"
"78608","39.944461243","192.168.1.2","192.168.1.55","TCP","66","37162  >  8004 [ACK] Seq=141 Ack=42182 Win=93184 Len=0 TSval=3045563797 TSecr=2916044016"
"78609","39.944539576","192.168.1.55","192.168.1.2","TCP","1514","8004  >  37162 [ACK] Seq=76934 Ack=141 Win=65024 Len=1448 TSval=2916044025 TSecr=3045563797 [TCP segment of a reassembled PDU]"
"78610","39.944544354","192.168.1.55","192.168.1.2","TCP","1514","8004  >  37162 [ACK] Seq=78382 Ack=141 Win=65024 Len=1448 TSval=2916044025 TSecr=3045563797 [TCP segment of a reassembled PDU]"
"78611","39.944546947","192.168.1.55","192.168.1.2","TCP","1514","8004  >  37162 [ACK] Seq=79830 Ack=141 Win=65024 Len=1448 TSval=2916044025 TSecr=3045563797 [TCP segment of a reassembled PDU]"
"78612","39.944549021","192.168.1.55","192.168.1.2","TCP","1514","8004  >  37162 [ACK] Seq=81278 Ack=141 Win=65024 Len=1448 TSval=2916044025 TSecr=3045563797 [TCP segment of a reassembled PDU]"
"78613","39.944551336","192.168.1.55","192.168.1.2","TCP","1514","8004  >  37162 [ACK] Seq=82726 Ack=141 Win=65024 Len=1448 TSval=2916044025 TSecr=3045563797 [TCP segment of a reassembled PDU]"
"78614","39.944553428","192.168.1.55","192.168.1.2","TCP","1514","8004  >  37162 [ACK] Seq=84174 Ack=141 Win=65024 Len=1448 TSval=2916044025 TSecr=3045563797 [TCP segment of a reassembled PDU]"
"78615","39.944554799","192.168.1.55","192.168.1.2","TCP","1514","8004  >  37162 [ACK] Seq=85622 Ack=141 Win=65024 Len=1448 TSval=2916044025 TSecr=3045563797 [TCP segment of a reassembled PDU]"
"78616","39.944556243","192.168.1.55","192.168.1.2","TCP","1514","8004  >  37162 [ACK] Seq=87070 Ack=141 Win=65024 Len=1448 TSval=2916044025 TSecr=3045563797 [TCP segment of a reassembled PDU]"
"78617","39.944558706","192.168.1.55","192.168.1.2","TCP","1514","8004  >  37162 [ACK] Seq=88518 Ack=141 Win=65024 Len=1448 TSval=2916044025 TSecr=3045563797 [TCP segment of a reassembled PDU]"
"78618","39.944560428","192.168.1.55","192.168.1.2","TCP","1514","8004  >  37162 [ACK] Seq=89966 Ack=141 Win=65024 Len=1448 TSval=2916044025 TSecr=3045563797 [TCP segment of a reassembled PDU]"
"78619","39.944562132","192.168.1.55","192.168.1.2","TCP","1514","8004  >  37162 [ACK] Seq=91414 Ack=141 Win=65024 Len=1448 TSval=2916044025 TSecr=3045563797 [TCP segment of a reassembled PDU]"
"78620","39.944564187","192.168.1.55","192.168.1.2","TCP","1514","8004  >  37162 [ACK] Seq=92862 Ack=141 Win=65024 Len=1448 TSval=2916044025 TSecr=3045563797 [TCP segment of a reassembled PDU]"
"78621","39.944566243","192.168.1.55","192.168.1.2","TCP","1514","8004  >  37162 [ACK] Seq=94310 Ack=141 Win=65024 Len=1448 TSval=2916044025 TSecr=3045563797 [TCP segment of a reassembled PDU]"
"78622","39.944567613","192.168.1.55","192.168.1.2","TCP","1514","8004  >  37162 [ACK] Seq=95758 Ack=141 Win=65024 Len=1448 TSval=2916044025 TSecr=3045563797 [TCP segment of a reassembled PDU]"
"78623","39.944568891","192.168.1.55","192.168.1.2","TCP","1514","8004  >  37162 [ACK] Seq=97206 Ack=141 Win=65024 Len=1448 TSval=2916044025 TSecr=3045563797 [TCP segment of a reassembled PDU]"
"78624","39.944571558","192.168.1.55","192.168.1.2","TCP","1514","8004  >  37162 [PSH, ACK] Seq=98654 Ack=141 Win=65024 Len=1448 TSval=2916044025 TSecr=3045563797 [TCP segment of a reassembled PDU]"
"78625","39.946333394","192.168.1.2","192.168.1.55","TCP","66","37162  >  8004 [ACK] Seq=141 Ack=45078 Win=91136 Len=0 TSval=3045563799 TSecr=2916044021"
"78626","39.946358431","192.168.1.55","192.168.1.2","TCP","1514","8004  >  37162 [ACK] Seq=100102 Ack=141 Win=65024 Len=1448 TSval=2916044027 TSecr=3045563799 [TCP segment of a reassembled PDU]"
"78627","39.946361820","192.168.1.55","192.168.1.2","TCP","1514","8004  >  37162 [ACK] Seq=101550 Ack=141 Win=65024 Len=1448 TSval=2916044027 TSecr=3045563799 [TCP segment of a reassembled PDU]"
"78628","39.946363376","192.168.1.55","192.168.1.2","TCP","1514","8004  >  37162 [ACK] Seq=102998 Ack=141 Win=65024 Len=1448 TSval=2916044027 TSecr=3045563799 [TCP segment of a reassembled PDU]"
"78629","39.946364487","192.168.1.55","192.168.1.2","TCP","1514","8004  >  37162 [PSH, ACK] Seq=104446 Ack=141 Win=65024 Len=1448 TSval=2916044027 TSecr=3045563799 [TCP segment of a reassembled PDU]"
"78630","39.946635524","192.168.1.2","192.168.1.55","TCP","66","37162  >  8004 [ACK] Seq=141 Ack=65350 Win=75776 Len=0 TSval=3045563799 TSecr=2916044021"
"78631","39.946654524","192.168.1.55","192.168.1.2","TCP","1514","8004  >  37162 [ACK] Seq=105894 Ack=141 Win=65024 Len=1448 TSval=2916044027 TSecr=3045563799 [TCP segment of a reassembled PDU]"
"78632","39.946656802","192.168.1.55","192.168.1.2","TCP","1514","8004  >  37162 [ACK] Seq=107342 Ack=141 Win=65024 Len=1448 TSval=2916044027 TSecr=3045563799 [TCP segment of a reassembled PDU]"
"78633","39.946658080","192.168.1.55","192.168.1.2","TCP","1514","8004  >  37162 [ACK] Seq=108790 Ack=141 Win=65024 Len=1448 TSval=2916044027 TSecr=3045563799 [TCP segment of a reassembled PDU]"
"78634","39.946659135","192.168.1.55","192.168.1.2","TCP","1514","8004  >  37162 [ACK] Seq=110238 Ack=141 Win=65024 Len=1448 TSval=2916044027 TSecr=3045563799 [TCP segment of a reassembled PDU]"
"78635","39.946660228","192.168.1.55","192.168.1.2","TCP","1514","8004  >  37162 [ACK] Seq=111686 Ack=141 Win=65024 Len=1448 TSval=2916044027 TSecr=3045563799 [TCP segment of a reassembled PDU]"
"78636","39.946661691","192.168.1.55","192.168.1.2","TCP","1514","8004  >  37162 [ACK] Seq=113134 Ack=141 Win=65024 Len=1448 TSval=2916044027 TSecr=3045563799 [TCP segment of a reassembled PDU]"
"78637","39.946662765","192.168.1.55","192.168.1.2","TCP","1514","8004  >  37162 [ACK] Seq=114582 Ack=141 Win=65024 Len=1448 TSval=2916044027 TSecr=3045563799 [TCP segment of a reassembled PDU]"
"78638","39.946664006","192.168.1.55","192.168.1.2","TCP","1514","8004  >  37162 [ACK] Seq=116030 Ack=141 Win=65024 Len=1448 TSval=2916044027 TSecr=3045563799 [TCP segment of a reassembled PDU]"
"78639","39.946665080","192.168.1.55","192.168.1.2","TCP","1514","8004  >  37162 [ACK] Seq=117478 Ack=141 Win=65024 Len=1448 TSval=2916044027 TSecr=3045563799 [TCP segment of a reassembled PDU]"
"78640","39.946666154","192.168.1.55","192.168.1.2","TCP","1514","8004  >  37162 [PSH, ACK] Seq=118926 Ack=141 Win=65024 Len=1448 TSval=2916044027 TSecr=3045563799 [TCP segment of a reassembled PDU]"
"78641","39.946671024","192.168.1.2","192.168.1.55","TCP","66","37162  >  8004 [ACK] Seq=141 Ack=66798 Win=74752 Len=0 TSval=3045563799 TSecr=2916044021"
"78642","39.946677413","192.168.1.2","192.168.1.55","TCP","66","37162  >  8004 [ACK] Seq=141 Ack=68246 Win=92160 Len=0 TSval=3045563800 TSecr=2916044021"
"78643","39.946707432","192.168.1.55","192.168.1.2","TCP","1514","8004  >  37162 [ACK] Seq=120374 Ack=141 Win=65024 Len=1448 TSval=2916044027 TSecr=3045563800 [TCP segment of a reassembled PDU]"
"78644","39.946709302","192.168.1.55","192.168.1.2","TCP","1514","8004  >  37162 [ACK] Seq=121822 Ack=141 Win=65024 Len=1448 TSval=2916044027 TSecr=3045563800 [TCP segment of a reassembled PDU]"
"78645","39.946710506","192.168.1.55","192.168.1.2","TCP","1514","8004  >  37162 [ACK] Seq=123270 Ack=141 Win=65024 Len=1448 TSval=2916044027 TSecr=3045563800 [TCP segment of a reassembled PDU]"
"78646","39.946711691","192.168.1.55","192.168.1.2","TCP","1514","8004  >  37162 [ACK] Seq=124718 Ack=141 Win=65024 Len=1448 TSval=2916044027 TSecr=3045563800 [TCP segment of a reassembled PDU]"
"78647","39.946712858","192.168.1.55","192.168.1.2","TCP","1514","8004  >  37162 [ACK] Seq=126166 Ack=141 Win=65024 Len=1448 TSval=2916044027 TSecr=3045563800 [TCP segment of a reassembled PDU]"
"78648","39.946714321","192.168.1.55","192.168.1.2","TCP","1514","8004  >  37162 [ACK] Seq=127614 Ack=141 Win=65024 Len=1448 TSval=2916044027 TSecr=3045563800 [TCP segment of a reassembled PDU]"
"78649","39.946715432","192.168.1.55","192.168.1.2","TCP","1514","8004  >  37162 [ACK] Seq=129062 Ack=141 Win=65024 Len=1448 TSval=2916044027 TSecr=3045563800 [TCP segment of a reassembled PDU]"
"78650","39.946716802","192.168.1.55","192.168.1.2","TCP","1514","8004  >  37162 [ACK] Seq=130510 Ack=141 Win=65024 Len=1448 TSval=2916044027 TSecr=3045563800 [TCP segment of a reassembled PDU]"
"78651","39.946718024","192.168.1.55","192.168.1.2","TCP","1514","8004  >  37162 [ACK] Seq=131958 Ack=141 Win=65024 Len=1448 TSval=2916044027 TSecr=3045563800 [TCP segment of a reassembled PDU]"
"78652","39.946719858","192.168.1.55","192.168.1.2","TCP","1514","8004  >  37162 [ACK] Seq=133406 Ack=141 Win=65024 Len=1448 TSval=2916044027 TSecr=3045563800 [TCP segment of a reassembled PDU]"
"78653","39.946721191","192.168.1.55","192.168.1.2","TCP","1514","8004  >  37162 [ACK] Seq=134854 Ack=141 Win=65024 Len=1448 TSval=2916044027 TSecr=3045563800 [TCP segment of a reassembled PDU]"
"78654","39.946722543","192.168.1.55","192.168.1.2","TCP","1514","8004  >  37162 [ACK] Seq=136302 Ack=141 Win=65024 Len=1448 TSval=2916044027 TSecr=3045563800 [TCP segment of a reassembled PDU]"
"78655","39.946723858","192.168.1.55","192.168.1.2","TCP","1514","8004  >  37162 [ACK] Seq=137750 Ack=141 Win=65024 Len=1448 TSval=2916044027 TSecr=3045563800 [TCP segment of a reassembled PDU]"
"78656","39.946725154","192.168.1.55","192.168.1.2","TCP","1514","8004  >  37162 [ACK] Seq=139198 Ack=141 Win=65024 Len=1448 TSval=2916044027 TSecr=3045563800 [TCP segment of a reassembled PDU]"
"78657","39.946726228","192.168.1.55","192.168.1.2","TCP","1514","8004  >  37162 [ACK] Seq=140646 Ack=141 Win=65024 Len=1448 TSval=2916044027 TSecr=3045563800 [TCP segment of a reassembled PDU]"
"78658","39.946727469","192.168.1.55","192.168.1.2","TCP","1514","8004  >  37162 [ACK] Seq=142094 Ack=141 Win=65024 Len=1448 TSval=2916044027 TSecr=3045563800 [TCP segment of a reassembled PDU]"
"78659","39.946728672","192.168.1.55","192.168.1.2","TCP","1514","8004  >  37162 [ACK] Seq=143542 Ack=141 Win=65024 Len=1448 TSval=2916044027 TSecr=3045563800 [TCP segment of a reassembled PDU]"
"78660","39.946729913","192.168.1.55","192.168.1.2","TCP","1514","8004  >  37162 [ACK] Seq=144990 Ack=141 Win=65024 Len=1448 TSval=2916044027 TSecr=3045563800 [TCP segment of a reassembled PDU]"
"78661","39.946731006","192.168.1.55","192.168.1.2","TCP","1514","8004  >  37162 [ACK] Seq=146438 Ack=141 Win=65024 Len=1448 TSval=2916044027 TSecr=3045563800 [TCP segment of a reassembled PDU]"
"78662","39.946732284","192.168.1.55","192.168.1.2","TCP","1514","8004  >  37162 [ACK] Seq=147886 Ack=141 Win=65024 Len=1448 TSval=2916044027 TSecr=3045563800 [TCP segment of a reassembled PDU]"
"78663","39.946733487","192.168.1.55","192.168.1.2","TCP","1514","8004  >  37162 [ACK] Seq=149334 Ack=141 Win=65024 Len=1448 TSval=2916044027 TSecr=3045563800 [TCP segment of a reassembled PDU]"
"78664","39.946734691","192.168.1.55","192.168.1.2","TCP","1514","8004  >  37162 [PSH, ACK] Seq=150782 Ack=141 Win=65024 Len=1448 TSval=2916044027 TSecr=3045563800 [TCP segment of a reassembled PDU]"
"78665","39.946738561","192.168.1.2","192.168.1.55","TCP","66","37162  >  8004 [ACK] Seq=141 Ack=76934 Win=96256 Len=0 TSval=3045563800 TSecr=2916044021"
"78666","39.947922952","192.168.1.55","192.168.1.2","TCP","1514","8004  >  37162 [ACK] Seq=152230 Ack=141 Win=65024 Len=1448 TSval=2916044028 TSecr=3045563800 [TCP segment of a reassembled PDU]"
"78667","39.947927360","192.168.1.55","192.168.1.2","TCP","1514","8004  >  37162 [ACK] Seq=153678 Ack=141 Win=65024 Len=1448 TSval=2916044028 TSecr=3045563800 [TCP segment of a reassembled PDU]"
"78668","39.947928656","192.168.1.55","192.168.1.2","TCP","1514","8004  >  37162 [ACK] Seq=155126 Ack=141 Win=65024 Len=1448 TSval=2916044028 TSecr=3045563800 [TCP segment of a reassembled PDU]"
"78669","39.947929934","192.168.1.55","192.168.1.2","TCP","1514","8004  >  37162 [ACK] Seq=156574 Ack=141 Win=65024 Len=1448 TSval=2916044028 TSecr=3045563800 [TCP segment of a reassembled PDU]"
"78670","39.947931452","192.168.1.55","192.168.1.2","TCP","1514","8004  >  37162 [ACK] Seq=158022 Ack=141 Win=65024 Len=1448 TSval=2916044028 TSecr=3045563800 [TCP segment of a reassembled PDU]"
"78671","39.947932545","192.168.1.55","192.168.1.2","TCP","1514","8004  >  37162 [ACK] Seq=159470 Ack=141 Win=65024 Len=1448 TSval=2916044028 TSecr=3045563800 [TCP segment of a reassembled PDU]"
"78672","39.947935156","192.168.1.55","192.168.1.2","TCP","1514","8004  >  37162 [ACK] Seq=160918 Ack=141 Win=65024 Len=1448 TSval=2916044028 TSecr=3045563800 [TCP segment of a reassembled PDU]"
"78673","39.947936267","192.168.1.55","192.168.1.2","TCP","1514","8004  >  37162 [PSH, ACK] Seq=162366 Ack=141 Win=65024 Len=1448 TSval=2916044028 TSecr=3045563800 [TCP segment of a reassembled PDU]"
"78674","39.952881516","192.168.1.2","192.168.1.55","TCP","66","37162  >  8004 [ACK] Seq=141 Ack=89966 Win=90112 Len=0 TSval=3045563803 TSecr=2916044025"
"78675","39.952906479","192.168.1.55","192.168.1.2","TCP","1514","8004  >  37162 [ACK] Seq=163814 Ack=141 Win=65024 Len=1448 TSval=2916044033 TSecr=3045563803 [TCP segment of a reassembled PDU]"
"78676","39.952909201","192.168.1.55","192.168.1.2","TCP","1514","8004  >  37162 [ACK] Seq=165262 Ack=141 Win=65024 Len=1448 TSval=2916044033 TSecr=3045563803 [TCP segment of a reassembled PDU]"
"78677","39.952910312","192.168.1.55","192.168.1.2","TCP","1514","8004  >  37162 [ACK] Seq=166710 Ack=141 Win=65024 Len=1448 TSval=2916044033 TSecr=3045563803 [TCP segment of a reassembled PDU]"
"78678","39.952911497","192.168.1.55","192.168.1.2","TCP","1514","8004  >  37162 [ACK] Seq=168158 Ack=141 Win=65024 Len=1448 TSval=2916044033 TSecr=3045563803 [TCP segment of a reassembled PDU]"
"78679","39.952912720","192.168.1.55","192.168.1.2","TCP","1514","8004  >  37162 [ACK] Seq=169606 Ack=141 Win=65024 Len=1448 TSval=2916044033 TSecr=3045563803 [TCP segment of a reassembled PDU]"
"78680","39.952913905","192.168.1.55","192.168.1.2","TCP","1514","8004  >  37162 [ACK] Seq=171054 Ack=141 Win=65024 Len=1448 TSval=2916044033 TSecr=3045563803 [TCP segment of a reassembled PDU]"
"78681","39.952915016","192.168.1.55","192.168.1.2","TCP","1514","8004  >  37162 [ACK] Seq=172502 Ack=141 Win=65024 Len=1448 TSval=2916044033 TSecr=3045563803 [TCP segment of a reassembled PDU]"
"78682","39.952916146","192.168.1.55","192.168.1.2","TCP","1514","8004  >  37162 [ACK] Seq=173950 Ack=141 Win=65024 Len=1448 TSval=2916044033 TSecr=3045563803 [TCP segment of a reassembled PDU]"
"78683","39.952917405","192.168.1.55","192.168.1.2","TCP","1514","8004  >  37162 [ACK] Seq=175398 Ack=141 Win=65024 Len=1448 TSval=2916044033 TSecr=3045563803 [TCP segment of a reassembled PDU]"
"78684","39.952918590","192.168.1.55","192.168.1.2","TCP","1514","8004  >  37162 [ACK] Seq=176846 Ack=141 Win=65024 Len=1448 TSval=2916044033 TSecr=3045563803 [TCP segment of a reassembled PDU]"
"78685","39.952919997","192.168.1.55","192.168.1.2","TCP","1514","8004  >  37162 [ACK] Seq=178294 Ack=141 Win=65024 Len=1448 TSval=2916044033 TSecr=3045563803 [TCP segment of a reassembled PDU]"
"78686","39.952921201","192.168.1.55","192.168.1.2","TCP","402","[TCP Window Full] 8004  >  37162 [PSH, ACK] Seq=179742 Ack=141 Win=65024 Len=336 TSval=2916044033 TSecr=3045563803 [TCP segment of a reassembled PDU]"
"78687","39.952949571","192.168.1.2","192.168.1.55","TCP","66","37162  >  8004 [ACK] Seq=141 Ack=100102 Win=93184 Len=0 TSval=3045563803 TSecr=2916044025"
"78688","39.955182890","192.168.1.2","192.168.1.55","TCP","66","37162  >  8004 [ACK] Seq=141 Ack=101550 Win=99328 Len=0 TSval=3045563808 TSecr=2916044027"
"78689","39.955200946","192.168.1.55","192.168.1.2","TCP","1514","8004  >  37162 [ACK] Seq=180078 Ack=141 Win=65024 Len=1448 TSval=2916044035 TSecr=3045563808 [TCP segment of a reassembled PDU]"
"78690","39.955203186","192.168.1.55","192.168.1.2","TCP","1514","8004  >  37162 [ACK] Seq=181526 Ack=141 Win=65024 Len=1448 TSval=2916044035 TSecr=3045563808 [TCP segment of a reassembled PDU]"
"78691","39.955204909","192.168.1.55","192.168.1.2","TCP","1514","8004  >  37162 [ACK] Seq=182974 Ack=141 Win=65024 Len=1448 TSval=2916044035 TSecr=3045563808 [TCP segment of a reassembled PDU]"
"78692","39.955206353","192.168.1.55","192.168.1.2","TCP","1514","8004  >  37162 [ACK] Seq=184422 Ack=141 Win=65024 Len=1448 TSval=2916044035 TSecr=3045563808 [TCP segment of a reassembled PDU]"
"78693","39.955207705","192.168.1.55","192.168.1.2","TCP","1514","8004  >  37162 [ACK] Seq=185870 Ack=141 Win=65024 Len=1448 TSval=2916044035 TSecr=3045563808 [TCP segment of a reassembled PDU]"
"78694","39.955209112","192.168.1.55","192.168.1.2","TCP","1514","8004  >  37162 [ACK] Seq=187318 Ack=141 Win=65024 Len=1448 TSval=2916044035 TSecr=3045563808 [TCP segment of a reassembled PDU]"
"78695","39.955210557","192.168.1.55","192.168.1.2","TCP","1514","8004  >  37162 [ACK] Seq=188766 Ack=141 Win=65024 Len=1448 TSval=2916044035 TSecr=3045563808 [TCP segment of a reassembled PDU]"
"78696","39.955211853","192.168.1.55","192.168.1.2","TCP","1514","8004  >  37162 [ACK] Seq=190214 Ack=141 Win=65024 Len=1448 TSval=2916044035 TSecr=3045563808 [TCP segment of a reassembled PDU]"
"78697","39.955213112","192.168.1.55","192.168.1.2","TCP","1514","8004  >  37162 [ACK] Seq=191662 Ack=141 Win=65024 Len=1448 TSval=2916044035 TSecr=3045563808 [TCP segment of a reassembled PDU]"
"78698","39.955214501","192.168.1.55","192.168.1.2","TCP","1514","8004  >  37162 [ACK] Seq=193110 Ack=141 Win=65024 Len=1448 TSval=2916044035 TSecr=3045563808 [TCP segment of a reassembled PDU]"
"78699","39.955216242","192.168.1.55","192.168.1.2","TCP","1514","8004  >  37162 [ACK] Seq=194558 Ack=141 Win=65024 Len=1448 TSval=2916044035 TSecr=3045563808 [TCP segment of a reassembled PDU]"
"78700","39.955217538","192.168.1.55","192.168.1.2","TCP","1514","8004  >  37162 [ACK] Seq=196006 Ack=141 Win=65024 Len=1448 TSval=2916044035 TSecr=3045563808 [TCP segment of a reassembled PDU]"
"78701","39.955219001","192.168.1.55","192.168.1.2","TCP","1514","8004  >  37162 [ACK] Seq=197454 Ack=141 Win=65024 Len=1448 TSval=2916044035 TSecr=3045563808 [TCP segment of a reassembled PDU]"
"78702","39.955220520","192.168.1.55","192.168.1.2","TCP","1514","8004  >  37162 [PSH, ACK] Seq=198902 Ack=141 Win=65024 Len=1448 TSval=2916044035 TSecr=3045563808 [TCP segment of a reassembled PDU]"
"78703","39.955845743","192.168.1.2","192.168.1.55","TCP","66","37162  >  8004 [ACK] Seq=141 Ack=105894 Win=100352 Len=0 TSval=3045563808 TSecr=2916044027"
"78704","39.955854021","192.168.1.2","192.168.1.55","TCP","66","37162  >  8004 [ACK] Seq=141 Ack=120374 Win=91136 Len=0 TSval=3045563808 TSecr=2916044027"
"78705","39.955863798","192.168.1.55","192.168.1.2","TCP","1514","8004  >  37162 [ACK] Seq=200350 Ack=141 Win=65024 Len=1448 TSval=2916044036 TSecr=3045563808 [TCP segment of a reassembled PDU]"
"78706","39.955865521","192.168.1.55","192.168.1.2","TCP","1514","8004  >  37162 [ACK] Seq=201798 Ack=141 Win=65024 Len=1448 TSval=2916044036 TSecr=3045563808 [TCP segment of a reassembled PDU]"
"78707","39.955866780","192.168.1.55","192.168.1.2","TCP","1514","8004  >  37162 [ACK] Seq=203246 Ack=141 Win=65024 Len=1448 TSval=2916044036 TSecr=3045563808 [TCP segment of a reassembled PDU]"
"78708","39.955868298","192.168.1.55","192.168.1.2","TCP","1514","8004  >  37162 [ACK] Seq=204694 Ack=141 Win=65024 Len=1448 TSval=2916044036 TSecr=3045563808 [TCP segment of a reassembled PDU]"
"78709","39.955869558","192.168.1.55","192.168.1.2","TCP","1514","8004  >  37162 [ACK] Seq=206142 Ack=141 Win=65024 Len=1448 TSval=2916044036 TSecr=3045563808 [TCP segment of a reassembled PDU]"
"78710","39.955870928","192.168.1.55","192.168.1.2","TCP","1514","8004  >  37162 [PSH, ACK] Seq=207590 Ack=141 Win=65024 Len=1448 TSval=2916044036 TSecr=3045563808 [TCP segment of a reassembled PDU]"
"78711","39.955875891","192.168.1.55","192.168.1.2","TCP","1178","8004  >  37162 [PSH, ACK] Seq=209038 Ack=141 Win=65024 Len=1112 TSval=2916044036 TSecr=3045563808 [TCP segment of a reassembled PDU]"
"78712","39.955879632","192.168.1.2","192.168.1.55","TCP","66","37162  >  8004 [ACK] Seq=141 Ack=152230 Win=59392 Len=0 TSval=3045563808 TSecr=2916044027"
"78713","39.955936576","192.168.1.2","192.168.1.55","TCP","66","37162  >  8004 [ACK] Seq=141 Ack=163814 Win=48128 Len=0 TSval=3045563808 TSecr=2916044028"
"78714","39.955946169","192.168.1.55","192.168.1.2","TCP","1514","8004  >  37162 [ACK] Seq=210150 Ack=141 Win=65024 Len=1448 TSval=2916044036 TSecr=3045563808 [TCP segment of a reassembled PDU]"
"78715","39.955950780","192.168.1.2","192.168.1.55","TCP","66","[TCP Window Update] 37162  >  8004 [ACK] Seq=141 Ack=163814 Win=100352 Len=0 TSval=3045563809 TSecr=2916044028"
"78716","39.955986799","192.168.1.55","192.168.1.2","TCP","1514","8004  >  37162 [ACK] Seq=211598 Ack=141 Win=65024 Len=1448 TSval=2916044036 TSecr=3045563809 [TCP segment of a reassembled PDU]"
"78717","39.955988706","192.168.1.55","192.168.1.2","TCP","1514","8004  >  37162 [ACK] Seq=213046 Ack=141 Win=65024 Len=1448 TSval=2916044036 TSecr=3045563809 [TCP segment of a reassembled PDU]"
"78718","39.955990317","192.168.1.55","192.168.1.2","TCP","1514","8004  >  37162 [ACK] Seq=214494 Ack=141 Win=65024 Len=1448 TSval=2916044036 TSecr=3045563809 [TCP segment of a reassembled PDU]"
"78719","39.955991614","192.168.1.55","192.168.1.2","TCP","1514","8004  >  37162 [ACK] Seq=215942 Ack=141 Win=65024 Len=1448 TSval=2916044036 TSecr=3045563809 [TCP segment of a reassembled PDU]"
"78720","39.955993002","192.168.1.55","192.168.1.2","TCP","1514","8004  >  37162 [ACK] Seq=217390 Ack=141 Win=65024 Len=1448 TSval=2916044036 TSecr=3045563809 [TCP segment of a reassembled PDU]"
"78721","39.955994410","192.168.1.55","192.168.1.2","TCP","1514","8004  >  37162 [ACK] Seq=218838 Ack=141 Win=65024 Len=1448 TSval=2916044036 TSecr=3045563809 [TCP segment of a reassembled PDU]"
"78722","39.955995780","192.168.1.55","192.168.1.2","TCP","1514","8004  >  37162 [ACK] Seq=220286 Ack=141 Win=65024 Len=1448 TSval=2916044036 TSecr=3045563809 [TCP segment of a reassembled PDU]"
"78723","39.955997188","192.168.1.55","192.168.1.2","TCP","1514","8004  >  37162 [ACK] Seq=221734 Ack=141 Win=65024 Len=1448 TSval=2916044036 TSecr=3045563809 [TCP segment of a reassembled PDU]"
"78724","39.955998558","192.168.1.55","192.168.1.2","TCP","1514","8004  >  37162 [ACK] Seq=223182 Ack=141 Win=65024 Len=1448 TSval=2916044036 TSecr=3045563809 [TCP segment of a reassembled PDU]"
"78725","39.955999928","192.168.1.55","192.168.1.2","TCP","1514","8004  >  37162 [ACK] Seq=224630 Ack=141 Win=65024 Len=1448 TSval=2916044036 TSecr=3045563809 [TCP segment of a reassembled PDU]"
"78726","39.956007206","192.168.1.55","192.168.1.2","TCP","1514","8004  >  37162 [ACK] Seq=226078 Ack=141 Win=65024 Len=1448 TSval=2916044036 TSecr=3045563809 [TCP segment of a reassembled PDU]"
"78727","39.956008891","192.168.1.55","192.168.1.2","TCP","1514","8004  >  37162 [ACK] Seq=227526 Ack=141 Win=65024 Len=1448 TSval=2916044036 TSecr=3045563809 [TCP segment of a reassembled PDU]"
"78728","39.956010280","192.168.1.55","192.168.1.2","TCP","1514","8004  >  37162 [ACK] Seq=228974 Ack=141 Win=65024 Len=1448 TSval=2916044036 TSecr=3045563809 [TCP segment of a reassembled PDU]"
"78729","39.956011577","192.168.1.55","192.168.1.2","TCP","1514","8004  >  37162 [ACK] Seq=230422 Ack=141 Win=65024 Len=1448 TSval=2916044036 TSecr=3045563809 [TCP segment of a reassembled PDU]"
"78730","39.956012984","192.168.1.55","192.168.1.2","TCP","1514","8004  >  37162 [ACK] Seq=231870 Ack=141 Win=65024 Len=1448 TSval=2916044036 TSecr=3045563809 [TCP segment of a reassembled PDU]"
"78731","39.956014299","192.168.1.55","192.168.1.2","TCP","1514","8004  >  37162 [ACK] Seq=233318 Ack=141 Win=65024 Len=1448 TSval=2916044036 TSecr=3045563809 [TCP segment of a reassembled PDU]"
"78732","39.956015558","192.168.1.55","192.168.1.2","TCP","1514","8004  >  37162 [ACK] Seq=234766 Ack=141 Win=65024 Len=1448 TSval=2916044036 TSecr=3045563809 [TCP segment of a reassembled PDU]"
"78733","39.956017002","192.168.1.55","192.168.1.2","TCP","1514","8004  >  37162 [ACK] Seq=236214 Ack=141 Win=65024 Len=1448 TSval=2916044036 TSecr=3045563809 [TCP segment of a reassembled PDU]"
"78734","39.956018336","192.168.1.55","192.168.1.2","TCP","1514","8004  >  37162 [ACK] Seq=237662 Ack=141 Win=65024 Len=1448 TSval=2916044036 TSecr=3045563809 [TCP segment of a reassembled PDU]"
"78735","39.956019762","192.168.1.55","192.168.1.2","TCP","1514","8004  >  37162 [ACK] Seq=239110 Ack=141 Win=65024 Len=1448 TSval=2916044036 TSecr=3045563809 [TCP segment of a reassembled PDU]"
"78736","39.956021502","192.168.1.55","192.168.1.2","TCP","1514","8004  >  37162 [ACK] Seq=240558 Ack=141 Win=65024 Len=1448 TSval=2916044036 TSecr=3045563809 [TCP segment of a reassembled PDU]"
"78737","39.956022817","192.168.1.55","192.168.1.2","TCP","1514","8004  >  37162 [ACK] Seq=242006 Ack=141 Win=65024 Len=1448 TSval=2916044036 TSecr=3045563809 [TCP segment of a reassembled PDU]"
"78738","39.956024317","192.168.1.55","192.168.1.2","TCP","1514","8004  >  37162 [ACK] Seq=243454 Ack=141 Win=65024 Len=1448 TSval=2916044036 TSecr=3045563809 [TCP segment of a reassembled PDU]"
"78739","39.956025632","192.168.1.55","192.168.1.2","TCP","1514","8004  >  37162 [ACK] Seq=244902 Ack=141 Win=65024 Len=1448 TSval=2916044036 TSecr=3045563809 [TCP segment of a reassembled PDU]"
"78740","39.956026947","192.168.1.55","192.168.1.2","TCP","1514","8004  >  37162 [ACK] Seq=246350 Ack=141 Win=65024 Len=1448 TSval=2916044036 TSecr=3045563809 [TCP segment of a reassembled PDU]"
"78741","39.956028317","192.168.1.55","192.168.1.2","TCP","1514","8004  >  37162 [ACK] Seq=247798 Ack=141 Win=65024 Len=1448 TSval=2916044036 TSecr=3045563809 [TCP segment of a reassembled PDU]"
"78742","39.956029725","192.168.1.55","192.168.1.2","TCP","1514","8004  >  37162 [ACK] Seq=249246 Ack=141 Win=65024 Len=1448 TSval=2916044036 TSecr=3045563809 [TCP segment of a reassembled PDU]"
"78743","39.956031373","192.168.1.55","192.168.1.2","TCP","1514","8004  >  37162 [ACK] Seq=250694 Ack=141 Win=65024 Len=1448 TSval=2916044036 TSecr=3045563809 [TCP segment of a reassembled PDU]"
"78744","39.956032780","192.168.1.55","192.168.1.2","TCP","1514","8004  >  37162 [ACK] Seq=252142 Ack=141 Win=65024 Len=1448 TSval=2916044036 TSecr=3045563809 [TCP segment of a reassembled PDU]"
"78745","39.956034058","192.168.1.55","192.168.1.2","TCP","1514","8004  >  37162 [ACK] Seq=253590 Ack=141 Win=65024 Len=1448 TSval=2916044036 TSecr=3045563809 [TCP segment of a reassembled PDU]"
"78746","39.956035577","192.168.1.55","192.168.1.2","TCP","1514","8004  >  37162 [PSH, ACK] Seq=255038 Ack=141 Win=65024 Len=1448 TSval=2916044036 TSecr=3045563809 [TCP segment of a reassembled PDU]"
"78747","39.956049151","192.168.1.55","192.168.1.2","TCP","1514","8004  >  37162 [ACK] Seq=256486 Ack=141 Win=65024 Len=1448 TSval=2916044036 TSecr=3045563809 [TCP segment of a reassembled PDU]"
"78748","39.956051132","192.168.1.55","192.168.1.2","TCP","1514","8004  >  37162 [ACK] Seq=257934 Ack=141 Win=65024 Len=1448 TSval=2916044036 TSecr=3045563809 [TCP segment of a reassembled PDU]"
"78749","39.956052484","192.168.1.55","192.168.1.2","TCP","1514","8004  >  37162 [ACK] Seq=259382 Ack=141 Win=65024 Len=1448 TSval=2916044036 TSecr=3045563809 [TCP segment of a reassembled PDU]"
"78750","39.956053799","192.168.1.55","192.168.1.2","TCP","1514","8004  >  37162 [ACK] Seq=260830 Ack=141 Win=65024 Len=1448 TSval=2916044036 TSecr=3045563809 [TCP segment of a reassembled PDU]"
"78751","39.956055280","192.168.1.55","192.168.1.2","TCP","1514","8004  >  37162 [PSH, ACK] Seq=262278 Ack=141 Win=65024 Len=1448 TSval=2916044036 TSecr=3045563809 [TCP segment of a reassembled PDU]"
"78752","39.960691806","192.168.1.2","192.168.1.55","TCP","66","37162  >  8004 [ACK] Seq=141 Ack=180078 Win=84992 Len=0 TSval=3045563811 TSecr=2916044033"
"78753","39.962357309","192.168.1.2","192.168.1.55","TCP","66","37162  >  8004 [ACK] Seq=141 Ack=200350 Win=100352 Len=0 TSval=3045563816 TSecr=2916044035"
"78754","39.962413698","192.168.1.55","192.168.1.2","TCP","1514","8004  >  37162 [ACK] Seq=263726 Ack=141 Win=65024 Len=1448 TSval=2916044043 TSecr=3045563816 [TCP segment of a reassembled PDU]"
"78755","39.962419643","192.168.1.55","192.168.1.2","TCP","1514","8004  >  37162 [ACK] Seq=265174 Ack=141 Win=65024 Len=1448 TSval=2916044043 TSecr=3045563816 [TCP segment of a reassembled PDU]"
"78756","39.962421291","192.168.1.55","192.168.1.2","TCP","1514","8004  >  37162 [ACK] Seq=266622 Ack=141 Win=65024 Len=1448 TSval=2916044043 TSecr=3045563816 [TCP segment of a reassembled PDU]"
"78757","39.962422828","192.168.1.55","192.168.1.2","TCP","1514","8004  >  37162 [ACK] Seq=268070 Ack=141 Win=65024 Len=1448 TSval=2916044043 TSecr=3045563816 [TCP segment of a reassembled PDU]"
"78758","39.962424531","192.168.1.55","192.168.1.2","TCP","1514","8004  >  37162 [ACK] Seq=269518 Ack=141 Win=65024 Len=1448 TSval=2916044043 TSecr=3045563816 [TCP segment of a reassembled PDU]"
"78759","39.962425846","192.168.1.55","192.168.1.2","TCP","1514","8004  >  37162 [ACK] Seq=270966 Ack=141 Win=65024 Len=1448 TSval=2916044043 TSecr=3045563816 [TCP segment of a reassembled PDU]"
"78760","39.962427180","192.168.1.55","192.168.1.2","TCP","1514","8004  >  37162 [ACK] Seq=272414 Ack=141 Win=65024 Len=1448 TSval=2916044043 TSecr=3045563816 [TCP segment of a reassembled PDU]"
"78761","39.962428994","192.168.1.55","192.168.1.2","TCP","1514","8004  >  37162 [ACK] Seq=273862 Ack=141 Win=65024 Len=1448 TSval=2916044043 TSecr=3045563816 [TCP segment of a reassembled PDU]"
"78762","39.962430328","192.168.1.55","192.168.1.2","TCP","1514","8004  >  37162 [ACK] Seq=275310 Ack=141 Win=65024 Len=1448 TSval=2916044043 TSecr=3045563816 [TCP segment of a reassembled PDU]"
"78763","39.962431902","192.168.1.55","192.168.1.2","TCP","1514","8004  >  37162 [ACK] Seq=276758 Ack=141 Win=65024 Len=1448 TSval=2916044043 TSecr=3045563816 [TCP segment of a reassembled PDU]"
"78764","39.962433309","192.168.1.55","192.168.1.2","TCP","1514","8004  >  37162 [ACK] Seq=278206 Ack=141 Win=65024 Len=1448 TSval=2916044043 TSecr=3045563816 [TCP segment of a reassembled PDU]"
"78765","39.962434661","192.168.1.55","192.168.1.2","TCP","1514","8004  >  37162 [ACK] Seq=279654 Ack=141 Win=65024 Len=1448 TSval=2916044043 TSecr=3045563816 [TCP segment of a reassembled PDU]"
"78766","39.962436013","192.168.1.55","192.168.1.2","TCP","1514","8004  >  37162 [ACK] Seq=281102 Ack=141 Win=65024 Len=1448 TSval=2916044043 TSecr=3045563816 [TCP segment of a reassembled PDU]"
"78767","39.962437791","192.168.1.55","192.168.1.2","TCP","1514","8004  >  37162 [ACK] Seq=282550 Ack=141 Win=65024 Len=1448 TSval=2916044043 TSecr=3045563816 [TCP segment of a reassembled PDU]"
"78768","39.962439346","192.168.1.55","192.168.1.2","TCP","1514","8004  >  37162 [ACK] Seq=283998 Ack=141 Win=65024 Len=1448 TSval=2916044043 TSecr=3045563816 [TCP segment of a reassembled PDU]"
"78769","39.962440717","192.168.1.55","192.168.1.2","TCP","1514","8004  >  37162 [ACK] Seq=285446 Ack=141 Win=65024 Len=1448 TSval=2916044043 TSecr=3045563816 [TCP segment of a reassembled PDU]"
"78770","39.962442143","192.168.1.55","192.168.1.2","TCP","1514","8004  >  37162 [ACK] Seq=286894 Ack=141 Win=65024 Len=1448 TSval=2916044043 TSecr=3045563816 [TCP segment of a reassembled PDU]"
"78771","39.962443698","192.168.1.55","192.168.1.2","TCP","1514","8004  >  37162 [ACK] Seq=288342 Ack=141 Win=65024 Len=1448 TSval=2916044043 TSecr=3045563816 [TCP segment of a reassembled PDU]"
"78772","39.962444976","192.168.1.55","192.168.1.2","TCP","1514","8004  >  37162 [ACK] Seq=289790 Ack=141 Win=65024 Len=1448 TSval=2916044043 TSecr=3045563816 [TCP segment of a reassembled PDU]"
"78773","39.962446550","192.168.1.55","192.168.1.2","TCP","1514","8004  >  37162 [ACK] Seq=291238 Ack=141 Win=65024 Len=1448 TSval=2916044043 TSecr=3045563816 [TCP segment of a reassembled PDU]"
"78774","39.962447976","192.168.1.55","192.168.1.2","TCP","1514","8004  >  37162 [ACK] Seq=292686 Ack=141 Win=65024 Len=1448 TSval=2916044043 TSecr=3045563816 [TCP segment of a reassembled PDU]"
"78775","39.962449365","192.168.1.55","192.168.1.2","TCP","1514","8004  >  37162 [ACK] Seq=294134 Ack=141 Win=65024 Len=1448 TSval=2916044043 TSecr=3045563816 [TCP segment of a reassembled PDU]"
"78776","39.962450754","192.168.1.55","192.168.1.2","TCP","1514","8004  >  37162 [ACK] Seq=295582 Ack=141 Win=65024 Len=1448 TSval=2916044043 TSecr=3045563816 [TCP segment of a reassembled PDU]"
"78777","39.962452643","192.168.1.55","192.168.1.2","TCP","1514","8004  >  37162 [ACK] Seq=297030 Ack=141 Win=65024 Len=1448 TSval=2916044043 TSecr=3045563816 [TCP segment of a reassembled PDU]"
"78778","39.962454143","192.168.1.55","192.168.1.2","TCP","1514","8004  >  37162 [PSH, ACK] Seq=298478 Ack=141 Win=65024 Len=1448 TSval=2916044043 TSecr=3045563816 [TCP segment of a reassembled PDU]"
"78779","39.962525050","192.168.1.2","192.168.1.55","TCP","66","37162  >  8004 [ACK] Seq=141 Ack=210150 Win=91136 Len=0 TSval=3045563816 TSecr=2916044036"
"78780","39.962536532","192.168.1.2","192.168.1.55","TCP","66","37162  >  8004 [ACK] Seq=141 Ack=211598 Win=103424 Len=0 TSval=3045563816 TSecr=2916044036"
"78781","39.962547939","192.168.1.55","192.168.1.2","TCP","1514","8004  >  37162 [ACK] Seq=299926 Ack=141 Win=65024 Len=1448 TSval=2916044043 TSecr=3045563816 [TCP segment of a reassembled PDU]"
"78782","39.962550346","192.168.1.55","192.168.1.2","TCP","1514","8004  >  37162 [PSH, ACK] Seq=301374 Ack=141 Win=65024 Len=1448 TSval=2916044043 TSecr=3045563816 [TCP segment of a reassembled PDU]"
"78783","39.962554661","192.168.1.2","192.168.1.55","TCP","66","37162  >  8004 [ACK] Seq=141 Ack=256486 Win=78848 Len=0 TSval=3045563816 TSecr=2916044036"
"78784","39.962612643","192.168.1.55","192.168.1.2","TCP","1514","8004  >  37162 [ACK] Seq=302822 Ack=141 Win=65024 Len=1448 TSval=2916044043 TSecr=3045563816 [TCP segment of a reassembled PDU]"
"78785","39.962615495","192.168.1.55","192.168.1.2","TCP","1514","8004  >  37162 [ACK] Seq=304270 Ack=141 Win=65024 Len=1448 TSval=2916044043 TSecr=3045563816 [TCP segment of a reassembled PDU]"
"78786","39.962617124","192.168.1.55","192.168.1.2","TCP","1514","8004  >  37162 [ACK] Seq=305718 Ack=141 Win=65024 Len=1448 TSval=2916044043 TSecr=3045563816 [TCP segment of a reassembled PDU]"
"78787","39.962618754","192.168.1.55","192.168.1.2","TCP","1514","8004  >  37162 [ACK] Seq=307166 Ack=141 Win=65024 Len=1448 TSval=2916044043 TSecr=3045563816 [TCP segment of a reassembled PDU]"
"78788","39.962620124","192.168.1.55","192.168.1.2","TCP","1514","8004  >  37162 [ACK] Seq=308614 Ack=141 Win=65024 Len=1448 TSval=2916044043 TSecr=3045563816 [TCP segment of a reassembled PDU]"
"78789","39.962621754","192.168.1.55","192.168.1.2","TCP","1514","8004  >  37162 [ACK] Seq=310062 Ack=141 Win=65024 Len=1448 TSval=2916044043 TSecr=3045563816 [TCP segment of a reassembled PDU]"
"78790","39.962623624","192.168.1.55","192.168.1.2","TCP","1514","8004  >  37162 [ACK] Seq=311510 Ack=141 Win=65024 Len=1448 TSval=2916044043 TSecr=3045563816 [TCP segment of a reassembled PDU]"
"78791","39.962625495","192.168.1.55","192.168.1.2","TCP","1514","8004  >  37162 [ACK] Seq=312958 Ack=141 Win=65024 Len=1448 TSval=2916044043 TSecr=3045563816 [TCP segment of a reassembled PDU]"
"78792","39.962627124","192.168.1.55","192.168.1.2","TCP","1514","8004  >  37162 [ACK] Seq=314406 Ack=141 Win=65024 Len=1448 TSval=2916044043 TSecr=3045563816 [TCP segment of a reassembled PDU]"
"78793","39.962628550","192.168.1.55","192.168.1.2","TCP","1514","8004  >  37162 [ACK] Seq=315854 Ack=141 Win=65024 Len=1448 TSval=2916044043 TSecr=3045563816 [TCP segment of a reassembled PDU]"
"78794","39.962629921","192.168.1.55","192.168.1.2","TCP","1514","8004  >  37162 [ACK] Seq=317302 Ack=141 Win=65024 Len=1448 TSval=2916044043 TSecr=3045563816 [TCP segment of a reassembled PDU]"
"78795","39.962631235","192.168.1.55","192.168.1.2","TCP","1514","8004  >  37162 [ACK] Seq=318750 Ack=141 Win=65024 Len=1448 TSval=2916044043 TSecr=3045563816 [TCP segment of a reassembled PDU]"
"78796","39.962632773","192.168.1.55","192.168.1.2","TCP","1514","8004  >  37162 [ACK] Seq=320198 Ack=141 Win=65024 Len=1448 TSval=2916044043 TSecr=3045563816 [TCP segment of a reassembled PDU]"
"78797","39.962634087","192.168.1.55","192.168.1.2","TCP","1514","8004  >  37162 [ACK] Seq=321646 Ack=141 Win=65024 Len=1448 TSval=2916044043 TSecr=3045563816 [TCP segment of a reassembled PDU]"
"78798","39.962635643","192.168.1.55","192.168.1.2","TCP","1514","8004  >  37162 [ACK] Seq=323094 Ack=141 Win=65024 Len=1448 TSval=2916044043 TSecr=3045563816 [TCP segment of a reassembled PDU]"
"78799","39.962637180","192.168.1.55","192.168.1.2","TCP","1514","8004  >  37162 [ACK] Seq=324542 Ack=141 Win=65024 Len=1448 TSval=2916044043 TSecr=3045563816 [TCP segment of a reassembled PDU]"
"78800","39.962638902","192.168.1.55","192.168.1.2","TCP","1514","8004  >  37162 [ACK] Seq=325990 Ack=141 Win=65024 Len=1448 TSval=2916044043 TSecr=3045563816 [TCP segment of a reassembled PDU]"
"78801","39.962640217","192.168.1.55","192.168.1.2","TCP","1514","8004  >  37162 [ACK] Seq=327438 Ack=141 Win=65024 Len=1448 TSval=2916044043 TSecr=3045563816 [TCP segment of a reassembled PDU]"
"78802","39.962641828","192.168.1.55","192.168.1.2","TCP","1514","8004  >  37162 [ACK] Seq=328886 Ack=141 Win=65024 Len=1448 TSval=2916044043 TSecr=3045563816 [TCP segment of a reassembled PDU]"
"78803","39.962643087","192.168.1.55","192.168.1.2","TCP","1514","8004  >  37162 [ACK] Seq=330334 Ack=141 Win=65024 Len=1448 TSval=2916044043 TSecr=3045563816 [TCP segment of a reassembled PDU]"
"78804","39.962644532","192.168.1.55","192.168.1.2","TCP","1514","8004  >  37162 [ACK] Seq=331782 Ack=141 Win=65024 Len=1448 TSval=2916044043 TSecr=3045563816 [TCP segment of a reassembled PDU]"
"78805","39.962646050","192.168.1.55","192.168.1.2","TCP","1514","8004  >  37162 [ACK] Seq=333230 Ack=141 Win=65024 Len=1448 TSval=2916044043 TSecr=3045563816 [TCP segment of a reassembled PDU]"
"78806","39.962647347","192.168.1.55","192.168.1.2","TCP","722","[TCP Window Full] 8004  >  37162 [PSH, ACK] Seq=334678 Ack=141 Win=65024 Len=656 TSval=2916044043 TSecr=3045563816 [TCP segment of a reassembled PDU]"
"78807","39.962653680","192.168.1.2","192.168.1.55","TCP","66","37162  >  8004 [ACK] Seq=141 Ack=260830 Win=74752 Len=0 TSval=3045563816 TSecr=2916044036"
"78808","39.962717032","192.168.1.2","192.168.1.55","TCP","66","37162  >  8004 [ACK] Seq=141 Ack=262278 Win=106496 Len=0 TSval=3045563818 TSecr=2916044036"
"78809","39.962744976","192.168.1.55","192.168.1.2","TCP","1514","8004  >  37162 [ACK] Seq=335334 Ack=141 Win=65024 Len=1448 TSval=2916044043 TSecr=3045563818 [TCP segment of a reassembled PDU]"
"78810","39.962747310","192.168.1.55","192.168.1.2","TCP","1514","8004  >  37162 [ACK] Seq=336782 Ack=141 Win=65024 Len=1448 TSval=2916044043 TSecr=3045563818 [TCP segment of a reassembled PDU]"
"78811","39.962748717","192.168.1.55","192.168.1.2","TCP","1514","8004  >  37162 [ACK] Seq=338230 Ack=141 Win=65024 Len=1448 TSval=2916044043 TSecr=3045563818 [TCP segment of a reassembled PDU]"
"78812","39.962750032","192.168.1.55","192.168.1.2","TCP","1514","8004  >  37162 [ACK] Seq=339678 Ack=141 Win=65024 Len=1448 TSval=2916044043 TSecr=3045563818 [TCP segment of a reassembled PDU]"
"78813","39.962751365","192.168.1.55","192.168.1.2","TCP","1514","8004  >  37162 [ACK] Seq=341126 Ack=141 Win=65024 Len=1448 TSval=2916044043 TSecr=3045563818 [TCP segment of a reassembled PDU]"
"78814","39.962752791","192.168.1.55","192.168.1.2","TCP","1514","8004  >  37162 [ACK] Seq=342574 Ack=141 Win=65024 Len=1448 TSval=2916044043 TSecr=3045563818 [TCP segment of a reassembled PDU]"
"78815","39.962754162","192.168.1.55","192.168.1.2","TCP","1514","8004  >  37162 [ACK] Seq=344022 Ack=141 Win=65024 Len=1448 TSval=2916044043 TSecr=3045563818 [TCP segment of a reassembled PDU]"
"78816","39.962755439","192.168.1.55","192.168.1.2","TCP","1514","8004  >  37162 [ACK] Seq=345470 Ack=141 Win=65024 Len=1448 TSval=2916044043 TSecr=3045563818 [TCP segment of a reassembled PDU]"
"78817","39.962757199","192.168.1.55","192.168.1.2","TCP","1514","8004  >  37162 [PSH, ACK] Seq=346918 Ack=141 Win=65024 Len=1448 TSval=2916044043 TSecr=3045563818 [TCP segment of a reassembled PDU]"
"78818","39.962789051","192.168.1.2","192.168.1.55","TCP","66","37162  >  8004 [ACK] Seq=141 Ack=263726 Win=109568 Len=0 TSval=3045563818 TSecr=2916044036"
"78819","39.964013386","192.168.1.55","192.168.1.2","TCP","858","8004  >  37162 [ACK] Seq=348366 Ack=141 Win=65024 Len=792 TSval=2916044044 TSecr=3045563818 [TCP segment of a reassembled PDU]"
"78820","39.964042182","192.168.1.55","192.168.1.2","TCP","1514","8004  >  37162 [ACK] Seq=349158 Ack=141 Win=65024 Len=1448 TSval=2916044044 TSecr=3045563818 [TCP segment of a reassembled PDU]"
"78821","39.964043793","192.168.1.55","192.168.1.2","TCP","1514","8004  >  37162 [ACK] Seq=350606 Ack=141 Win=65024 Len=1448 TSval=2916044044 TSecr=3045563818 [TCP segment of a reassembled PDU]"
"78822","39.964045238","192.168.1.55","192.168.1.2","TCP","1514","8004  >  37162 [ACK] Seq=352054 Ack=141 Win=65024 Len=1448 TSval=2916044044 TSecr=3045563818 [TCP segment of a reassembled PDU]"
"78823","39.964046664","192.168.1.55","192.168.1.2","TCP","1514","8004  >  37162 [ACK] Seq=353502 Ack=141 Win=65024 Len=1448 TSval=2916044044 TSecr=3045563818 [TCP segment of a reassembled PDU]"
"78824","39.964047997","192.168.1.55","192.168.1.2","TCP","1514","8004  >  37162 [ACK] Seq=354950 Ack=141 Win=65024 Len=1448 TSval=2916044044 TSecr=3045563818 [TCP segment of a reassembled PDU]"
"78825","39.964049682","192.168.1.55","192.168.1.2","TCP","1514","8004  >  37162 [ACK] Seq=356398 Ack=141 Win=65024 Len=1448 TSval=2916044044 TSecr=3045563818 [TCP segment of a reassembled PDU]"
"78826","39.964051053","192.168.1.55","192.168.1.2","TCP","1514","8004  >  37162 [ACK] Seq=357846 Ack=141 Win=65024 Len=1448 TSval=2916044044 TSecr=3045563818 [TCP segment of a reassembled PDU]"
"78827","39.964052553","192.168.1.55","192.168.1.2","TCP","1514","8004  >  37162 [ACK] Seq=359294 Ack=141 Win=65024 Len=1448 TSval=2916044044 TSecr=3045563818 [TCP segment of a reassembled PDU]"
"78828","39.964053979","192.168.1.55","192.168.1.2","TCP","1514","8004  >  37162 [ACK] Seq=360742 Ack=141 Win=65024 Len=1448 TSval=2916044044 TSecr=3045563818 [TCP segment of a reassembled PDU]"
"78829","39.964055571","192.168.1.55","192.168.1.2","TCP","1514","8004  >  37162 [ACK] Seq=362190 Ack=141 Win=65024 Len=1448 TSval=2916044044 TSecr=3045563818 [TCP segment of a reassembled PDU]"
"78830","39.964057238","192.168.1.55","192.168.1.2","TCP","1514","8004  >  37162 [ACK] Seq=363638 Ack=141 Win=65024 Len=1448 TSval=2916044044 TSecr=3045563818 [TCP segment of a reassembled PDU]"
"78831","39.964058923","192.168.1.55","192.168.1.2","TCP","1514","8004  >  37162 [ACK] Seq=365086 Ack=141 Win=65024 Len=1448 TSval=2916044044 TSecr=3045563818 [TCP segment of a reassembled PDU]"
"78832","39.964060312","192.168.1.55","192.168.1.2","TCP","1514","8004  >  37162 [ACK] Seq=366534 Ack=141 Win=65024 Len=1448 TSval=2916044044 TSecr=3045563818 [TCP segment of a reassembled PDU]"
"78833","39.964061793","192.168.1.55","192.168.1.2","TCP","1514","8004  >  37162 [ACK] Seq=367982 Ack=141 Win=65024 Len=1448 TSval=2916044044 TSecr=3045563818 [TCP segment of a reassembled PDU]"
"78834","39.964063460","192.168.1.55","192.168.1.2","TCP","1514","8004  >  37162 [ACK] Seq=369430 Ack=141 Win=65024 Len=1448 TSval=2916044044 TSecr=3045563818 [TCP segment of a reassembled PDU]"
"78835","39.964064942","192.168.1.55","192.168.1.2","TCP","1514","8004  >  37162 [PSH, ACK] Seq=370878 Ack=141 Win=65024 Len=1448 TSval=2916044044 TSecr=3045563818 [TCP segment of a reassembled PDU]"
"78836","39.970111544","192.168.1.2","192.168.1.55","TCP","66","37162  >  8004 [ACK] Seq=141 Ack=270966 Win=113664 Len=0 TSval=3045563825 TSecr=2916044043"
"78837","39.970137655","192.168.1.55","192.168.1.2","TCP","1514","8004  >  37162 [ACK] Seq=372326 Ack=141 Win=65024 Len=1448 TSval=2916044050 TSecr=3045563825 [TCP segment of a reassembled PDU]"
"78838","39.970141692","192.168.1.55","192.168.1.2","TCP","1514","8004  >  37162 [ACK] Seq=373774 Ack=141 Win=65024 Len=1448 TSval=2916044050 TSecr=3045563825 [TCP segment of a reassembled PDU]"
"78839","39.970142951","192.168.1.55","192.168.1.2","TCP","1514","8004  >  37162 [ACK] Seq=375222 Ack=141 Win=65024 Len=1448 TSval=2916044050 TSecr=3045563825 [TCP segment of a reassembled PDU]"
"78840","39.970144063","192.168.1.55","192.168.1.2","TCP","1514","8004  >  37162 [ACK] Seq=376670 Ack=141 Win=65024 Len=1448 TSval=2916044050 TSecr=3045563825 [TCP segment of a reassembled PDU]"
"78841","39.970145137","192.168.1.55","192.168.1.2","TCP","1514","8004  >  37162 [ACK] Seq=378118 Ack=141 Win=65024 Len=1448 TSval=2916044050 TSecr=3045563825 [TCP segment of a reassembled PDU]"
"78842","39.970146340","192.168.1.55","192.168.1.2","TCP","1514","8004  >  37162 [ACK] Seq=379566 Ack=141 Win=65024 Len=1448 TSval=2916044050 TSecr=3045563825 [TCP segment of a reassembled PDU]"
"78843","39.970147377","192.168.1.55","192.168.1.2","TCP","1514","8004  >  37162 [ACK] Seq=381014 Ack=141 Win=65024 Len=1448 TSval=2916044050 TSecr=3045563825 [TCP segment of a reassembled PDU]"
"78844","39.970148470","192.168.1.55","192.168.1.2","TCP","1514","8004  >  37162 [PSH, ACK] Seq=382462 Ack=141 Win=65024 Len=1448 TSval=2916044050 TSecr=3045563825 [TCP segment of a reassembled PDU]"
"78845","39.970563248","192.168.1.2","192.168.1.55","TCP","66","37162  >  8004 [ACK] Seq=141 Ack=299926 Win=151552 Len=0 TSval=3045563825 TSecr=2916044043"
"78846","39.970582452","192.168.1.55","192.168.1.2","TCP","1514","8004  >  37162 [ACK] Seq=383910 Ack=141 Win=65024 Len=1448 TSval=2916044051 TSecr=3045563825 [TCP segment of a reassembled PDU]"
"78847","39.970586508","192.168.1.55","192.168.1.2","TCP","1514","8004  >  37162 [ACK] Seq=385358 Ack=141 Win=65024 Len=1448 TSval=2916044051 TSecr=3045563825 [TCP segment of a reassembled PDU]"
"78848","39.970588489","192.168.1.55","192.168.1.2","TCP","1514","8004  >  37162 [ACK] Seq=386806 Ack=141 Win=65024 Len=1448 TSval=2916044051 TSecr=3045563825 [TCP segment of a reassembled PDU]"
"78849","39.970590674","192.168.1.55","192.168.1.2","TCP","1514","8004  >  37162 [ACK] Seq=388254 Ack=141 Win=65024 Len=1448 TSval=2916044051 TSecr=3045563825 [TCP segment of a reassembled PDU]"
"78850","39.970592767","192.168.1.55","192.168.1.2","TCP","1514","8004  >  37162 [ACK] Seq=389702 Ack=141 Win=65024 Len=1448 TSval=2916044051 TSecr=3045563825 [TCP segment of a reassembled PDU]"
"78851","39.970594211","192.168.1.55","192.168.1.2","TCP","1514","8004  >  37162 [ACK] Seq=391150 Ack=141 Win=65024 Len=1448 TSval=2916044051 TSecr=3045563825 [TCP segment of a reassembled PDU]"
"78852","39.970595360","192.168.1.55","192.168.1.2","TCP","1514","8004  >  37162 [ACK] Seq=392598 Ack=141 Win=65024 Len=1448 TSval=2916044051 TSecr=3045563825 [TCP segment of a reassembled PDU]"
"78853","39.970596711","192.168.1.55","192.168.1.2","TCP","1514","8004  >  37162 [ACK] Seq=394046 Ack=141 Win=65024 Len=1448 TSval=2916044051 TSecr=3045563825 [TCP segment of a reassembled PDU]"
"78854","39.970598786","192.168.1.55","192.168.1.2","TCP","1514","8004  >  37162 [PSH, ACK] Seq=395494 Ack=141 Win=65024 Len=1448 TSval=2916044051 TSecr=3045563825 [TCP segment of a reassembled PDU]"
"78855","39.970647267","192.168.1.55","192.168.1.2","TCP","1514","8004  >  37162 [ACK] Seq=396942 Ack=141 Win=65024 Len=1448 TSval=2916044051 TSecr=3045563825 [TCP segment of a reassembled PDU]"
"78856","39.970649508","192.168.1.55","192.168.1.2","TCP","1514","8004  >  37162 [ACK] Seq=398390 Ack=141 Win=65024 Len=1448 TSval=2916044051 TSecr=3045563825 [TCP segment of a reassembled PDU]"
"78857","39.970650656","192.168.1.55","192.168.1.2","TCP","1514","8004  >  37162 [ACK] Seq=399838 Ack=141 Win=65024 Len=1448 TSval=2916044051 TSecr=3045563825 [TCP segment of a reassembled PDU]"
"78858","39.970652008","192.168.1.55","192.168.1.2","TCP","1514","8004  >  37162 [ACK] Seq=401286 Ack=141 Win=65024 Len=1448 TSval=2916044051 TSecr=3045563825 [TCP segment of a reassembled PDU]"
"78859","39.970653415","192.168.1.55","192.168.1.2","TCP","1514","8004  >  37162 [ACK] Seq=402734 Ack=141 Win=65024 Len=1448 TSval=2916044051 TSecr=3045563825 [TCP segment of a reassembled PDU]"
"78860","39.970654600","192.168.1.55","192.168.1.2","TCP","1514","8004  >  37162 [ACK] Seq=404182 Ack=141 Win=65024 Len=1448 TSval=2916044051 TSecr=3045563825 [TCP segment of a reassembled PDU]"
"78861","39.970655971","192.168.1.55","192.168.1.2","TCP","1514","8004  >  37162 [ACK] Seq=405630 Ack=141 Win=65024 Len=1448 TSval=2916044051 TSecr=3045563825 [TCP segment of a reassembled PDU]"
"78862","39.970657026","192.168.1.55","192.168.1.2","TCP","1514","8004  >  37162 [ACK] Seq=407078 Ack=141 Win=65024 Len=1448 TSval=2916044051 TSecr=3045563825 [TCP segment of a reassembled PDU]"
"78863","39.970658212","192.168.1.55","192.168.1.2","TCP","1514","8004  >  37162 [ACK] Seq=408526 Ack=141 Win=65024 Len=1448 TSval=2916044051 TSecr=3045563825 [TCP segment of a reassembled PDU]"
"78864","39.970659378","192.168.1.55","192.168.1.2","TCP","1514","8004  >  37162 [ACK] Seq=409974 Ack=141 Win=65024 Len=1448 TSval=2916044051 TSecr=3045563825 [TCP segment of a reassembled PDU]"
"78865","39.970660489","192.168.1.55","192.168.1.2","TCP","1514","8004  >  37162 [ACK] Seq=411422 Ack=141 Win=65024 Len=1448 TSval=2916044051 TSecr=3045563825 [TCP segment of a reassembled PDU]"
"78866","39.970661878","192.168.1.55","192.168.1.2","TCP","1514","8004  >  37162 [ACK] Seq=412870 Ack=141 Win=65024 Len=1448 TSval=2916044051 TSecr=3045563825 [TCP segment of a reassembled PDU]"
"78867","39.970663026","192.168.1.55","192.168.1.2","TCP","1514","8004  >  37162 [ACK] Seq=414318 Ack=141 Win=65024 Len=1448 TSval=2916044051 TSecr=3045563825 [TCP segment of a reassembled PDU]"
"78868","39.970664119","192.168.1.55","192.168.1.2","TCP","1514","8004  >  37162 [ACK] Seq=415766 Ack=141 Win=65024 Len=1448 TSval=2916044051 TSecr=3045563825 [TCP segment of a reassembled PDU]"
"78869","39.970665508","192.168.1.55","192.168.1.2","TCP","1514","8004  >  37162 [ACK] Seq=417214 Ack=141 Win=65024 Len=1448 TSval=2916044051 TSecr=3045563825 [TCP segment of a reassembled PDU]"
"78870","39.970666582","192.168.1.55","192.168.1.2","TCP","1514","8004  >  37162 [ACK] Seq=418662 Ack=141 Win=65024 Len=1448 TSval=2916044051 TSecr=3045563825 [TCP segment of a reassembled PDU]"
"78871","39.970668212","192.168.1.55","192.168.1.2","TCP","1514","8004  >  37162 [ACK] Seq=420110 Ack=141 Win=65024 Len=1448 TSval=2916044051 TSecr=3045563825 [TCP segment of a reassembled PDU]"
"78872","39.970669378","192.168.1.55","192.168.1.2","TCP","1514","8004  >  37162 [ACK] Seq=421558 Ack=141 Win=65024 Len=1448 TSval=2916044051 TSecr=3045563825 [TCP segment of a reassembled PDU]"
"78873","39.970670712","192.168.1.55","192.168.1.2","TCP","1514","8004  >  37162 [ACK] Seq=423006 Ack=141 Win=65024 Len=1448 TSval=2916044051 TSecr=3045563825 [TCP segment of a reassembled PDU]"
"78874","39.970671952","192.168.1.55","192.168.1.2","TCP","1514","8004  >  37162 [ACK] Seq=424454 Ack=141 Win=65024 Len=1448 TSval=2916044051 TSecr=3045563825 [TCP segment of a reassembled PDU]"
"78875","39.970673249","192.168.1.55","192.168.1.2","TCP","1514","8004  >  37162 [ACK] Seq=425902 Ack=141 Win=65024 Len=1448 TSval=2916044051 TSecr=3045563825 [TCP segment of a reassembled PDU]"
"78876","39.970674378","192.168.1.55","192.168.1.2","TCP","1514","8004  >  37162 [ACK] Seq=427350 Ack=141 Win=65024 Len=1448 TSval=2916044051 TSecr=3045563825 [TCP segment of a reassembled PDU]"
"78877","39.970675452","192.168.1.55","192.168.1.2","TCP","1514","8004  >  37162 [ACK] Seq=428798 Ack=141 Win=65024 Len=1448 TSval=2916044051 TSecr=3045563825 [TCP segment of a reassembled PDU]"
"78878","39.970676526","192.168.1.55","192.168.1.2","TCP","1514","8004  >  37162 [ACK] Seq=430246 Ack=141 Win=65024 Len=1448 TSval=2916044051 TSecr=3045563825 [TCP segment of a reassembled PDU]"
"78879","39.970677675","192.168.1.55","192.168.1.2","TCP","1514","8004  >  37162 [ACK] Seq=431694 Ack=141 Win=65024 Len=1448 TSval=2916044051 TSecr=3045563825 [TCP segment of a reassembled PDU]"
"78880","39.970679063","192.168.1.55","192.168.1.2","TCP","1514","8004  >  37162 [ACK] Seq=433142 Ack=141 Win=65024 Len=1448 TSval=2916044051 TSecr=3045563825 [TCP segment of a reassembled PDU]"
"78881","39.970680323","192.168.1.55","192.168.1.2","TCP","1514","8004  >  37162 [ACK] Seq=434590 Ack=141 Win=65024 Len=1448 TSval=2916044051 TSecr=3045563825 [TCP segment of a reassembled PDU]"
"78882","39.970681471","192.168.1.55","192.168.1.2","TCP","1514","8004  >  37162 [ACK] Seq=436038 Ack=141 Win=65024 Len=1448 TSval=2916044051 TSecr=3045563825 [TCP segment of a reassembled PDU]"
"78883","39.970683082","192.168.1.55","192.168.1.2","TCP","1514","8004  >  37162 [ACK] Seq=437486 Ack=141 Win=65024 Len=1448 TSval=2916044051 TSecr=3045563825 [TCP segment of a reassembled PDU]"
"78884","39.970684508","192.168.1.55","192.168.1.2","TCP","1514","8004  >  37162 [ACK] Seq=438934 Ack=141 Win=65024 Len=1448 TSval=2916044051 TSecr=3045563825 [TCP segment of a reassembled PDU]"
"78885","39.970685619","192.168.1.55","192.168.1.2","TCP","1514","8004  >  37162 [ACK] Seq=440382 Ack=141 Win=65024 Len=1448 TSval=2916044051 TSecr=3045563825 [TCP segment of a reassembled PDU]"
"78886","39.970686971","192.168.1.55","192.168.1.2","TCP","1514","8004  >  37162 [ACK] Seq=441830 Ack=141 Win=65024 Len=1448 TSval=2916044051 TSecr=3045563825 [TCP segment of a reassembled PDU]"
"78887","39.970688452","192.168.1.55","192.168.1.2","TCP","1514","8004  >  37162 [PSH, ACK] Seq=443278 Ack=141 Win=65024 Len=1448 TSval=2916044051 TSecr=3045563825 [TCP segment of a reassembled PDU]"
"78888","39.970692804","192.168.1.2","192.168.1.55","TCP","66","37162  >  8004 [ACK] Seq=141 Ack=302822 Win=156672 Len=0 TSval=3045563825 TSecr=2916044043"
"78889","39.970702175","192.168.1.2","192.168.1.55","TCP","66","37162  >  8004 [ACK] Seq=141 Ack=335334 Win=147456 Len=0 TSval=3045563825 TSecr=2916044043"
"78890","39.970708712","192.168.1.2","192.168.1.55","TCP","66","37162  >  8004 [ACK] Seq=141 Ack=366534 Win=116736 Len=0 TSval=3045563825 TSecr=2916044043"
"78891","39.975746387","192.168.1.2","192.168.1.55","TCP","66","37162  >  8004 [ACK] Seq=141 Ack=372326 Win=168960 Len=0 TSval=3045563830 TSecr=2916044044"
"78892","39.975791368","192.168.1.55","192.168.1.2","TCP","1514","8004  >  37162 [ACK] Seq=444726 Ack=141 Win=65024 Len=1448 TSval=2916044056 TSecr=3045563830 [TCP segment of a reassembled PDU]"
"78893","39.975796016","192.168.1.55","192.168.1.2","TCP","1514","8004  >  37162 [ACK] Seq=446174 Ack=141 Win=65024 Len=1448 TSval=2916044056 TSecr=3045563830 [TCP segment of a reassembled PDU]"
"78894","39.975797461","192.168.1.55","192.168.1.2","TCP","1514","8004  >  37162 [ACK] Seq=447622 Ack=141 Win=65024 Len=1448 TSval=2916044056 TSecr=3045563830 [TCP segment of a reassembled PDU]"
"78895","39.975798701","192.168.1.55","192.168.1.2","TCP","1514","8004  >  37162 [ACK] Seq=449070 Ack=141 Win=65024 Len=1448 TSval=2916044056 TSecr=3045563830 [TCP segment of a reassembled PDU]"
"78896","39.975799998","192.168.1.55","192.168.1.2","TCP","1514","8004  >  37162 [ACK] Seq=450518 Ack=141 Win=65024 Len=1448 TSval=2916044056 TSecr=3045563830 [TCP segment of a reassembled PDU]"
"78897","39.975801016","192.168.1.55","192.168.1.2","TCP","1514","8004  >  37162 [ACK] Seq=451966 Ack=141 Win=65024 Len=1448 TSval=2916044056 TSecr=3045563830 [TCP segment of a reassembled PDU]"
"78898","39.975801961","192.168.1.55","192.168.1.2","TCP","1514","8004  >  37162 [ACK] Seq=453414 Ack=141 Win=65024 Len=1448 TSval=2916044056 TSecr=3045563830 [TCP segment of a reassembled PDU]"
"78899","39.975803072","192.168.1.55","192.168.1.2","TCP","1514","8004  >  37162 [ACK] Seq=454862 Ack=141 Win=65024 Len=1448 TSval=2916044056 TSecr=3045563830 [TCP segment of a reassembled PDU]"
"78900","39.975804294","192.168.1.55","192.168.1.2","TCP","1514","8004  >  37162 [ACK] Seq=456310 Ack=141 Win=65024 Len=1448 TSval=2916044056 TSecr=3045563830 [TCP segment of a reassembled PDU]"
"78901","39.975805516","192.168.1.55","192.168.1.2","TCP","1514","8004  >  37162 [ACK] Seq=457758 Ack=141 Win=65024 Len=1448 TSval=2916044056 TSecr=3045563830 [TCP segment of a reassembled PDU]"
"78902","39.975806701","192.168.1.55","192.168.1.2","TCP","1514","8004  >  37162 [ACK] Seq=459206 Ack=141 Win=65024 Len=1448 TSval=2916044056 TSecr=3045563830 [TCP segment of a reassembled PDU]"
"78903","39.975815313","192.168.1.55","192.168.1.2","TCP","1514","8004  >  37162 [ACK] Seq=460654 Ack=141 Win=65024 Len=1448 TSval=2916044056 TSecr=3045563830 [TCP segment of a reassembled PDU]"
"78904","39.975817035","192.168.1.55","192.168.1.2","TCP","1514","8004  >  37162 [ACK] Seq=462102 Ack=141 Win=65024 Len=1448 TSval=2916044056 TSecr=3045563830 [TCP segment of a reassembled PDU]"
"78905","39.975818016","192.168.1.55","192.168.1.2","TCP","1514","8004  >  37162 [ACK] Seq=463550 Ack=141 Win=65024 Len=1448 TSval=2916044056 TSecr=3045563830 [TCP segment of a reassembled PDU]"
"78906","39.975818924","192.168.1.55","192.168.1.2","TCP","1514","8004  >  37162 [ACK] Seq=464998 Ack=141 Win=65024 Len=1448 TSval=2916044056 TSecr=3045563830 [TCP segment of a reassembled PDU]"
"78907","39.975819850","192.168.1.55","192.168.1.2","TCP","1514","8004  >  37162 [ACK] Seq=466446 Ack=141 Win=65024 Len=1448 TSval=2916044056 TSecr=3045563830 [TCP segment of a reassembled PDU]"
"78908","39.975820850","192.168.1.55","192.168.1.2","TCP","1514","8004  >  37162 [ACK] Seq=467894 Ack=141 Win=65024 Len=1448 TSval=2916044056 TSecr=3045563830 [TCP segment of a reassembled PDU]"
"78909","39.975821738","192.168.1.55","192.168.1.2","TCP","1514","8004  >  37162 [ACK] Seq=469342 Ack=141 Win=65024 Len=1448 TSval=2916044056 TSecr=3045563830 [TCP segment of a reassembled PDU]"
"78910","39.975823350","192.168.1.55","192.168.1.2","TCP","1514","8004  >  37162 [ACK] Seq=470790 Ack=141 Win=65024 Len=1448 TSval=2916044056 TSecr=3045563830 [TCP segment of a reassembled PDU]"
"78911","39.975824646","192.168.1.55","192.168.1.2","TCP","1514","8004  >  37162 [ACK] Seq=472238 Ack=141 Win=65024 Len=1448 TSval=2916044056 TSecr=3045563830 [TCP segment of a reassembled PDU]"
"78912","39.975825553","192.168.1.55","192.168.1.2","TCP","1514","8004  >  37162 [ACK] Seq=473686 Ack=141 Win=65024 Len=1448 TSval=2916044056 TSecr=3045563830 [TCP segment of a reassembled PDU]"
"78913","39.975826535","192.168.1.55","192.168.1.2","TCP","1514","8004  >  37162 [ACK] Seq=475134 Ack=141 Win=65024 Len=1448 TSval=2916044056 TSecr=3045563830 [TCP segment of a reassembled PDU]"
"78914","39.975827424","192.168.1.55","192.168.1.2","TCP","1514","8004  >  37162 [ACK] Seq=476582 Ack=141 Win=65024 Len=1448 TSval=2916044056 TSecr=3045563830 [TCP segment of a reassembled PDU]"
"78915","39.975828424","192.168.1.55","192.168.1.2","TCP","1514","8004  >  37162 [ACK] Seq=478030 Ack=141 Win=65024 Len=1448 TSval=2916044056 TSecr=3045563830 [TCP segment of a reassembled PDU]"
"78916","39.975829331","192.168.1.55","192.168.1.2","TCP","1514","8004  >  37162 [ACK] Seq=479478 Ack=141 Win=65024 Len=1448 TSval=2916044056 TSecr=3045563830 [TCP segment of a reassembled PDU]"
"78917","39.975830424","192.168.1.55","192.168.1.2","TCP","1514","8004  >  37162 [ACK] Seq=480926 Ack=141 Win=65024 Len=1448 TSval=2916044056 TSecr=3045563830 [TCP segment of a reassembled PDU]"
"78918","39.975831535","192.168.1.55","192.168.1.2","TCP","1514","8004  >  37162 [ACK] Seq=482374 Ack=141 Win=65024 Len=1448 TSval=2916044056 TSecr=3045563830 [TCP segment of a reassembled PDU]"
"78919","39.975832572","192.168.1.55","192.168.1.2","TCP","1514","8004  >  37162 [ACK] Seq=483822 Ack=141 Win=65024 Len=1448 TSval=2916044056 TSecr=3045563830 [TCP segment of a reassembled PDU]"
"78920","39.975833850","192.168.1.55","192.168.1.2","TCP","1514","8004  >  37162 [ACK] Seq=485270 Ack=141 Win=65024 Len=1448 TSval=2916044056 TSecr=3045563830 [TCP segment of a reassembled PDU]"
"78921","39.975834776","192.168.1.55","192.168.1.2","TCP","1514","8004  >  37162 [ACK] Seq=486718 Ack=141 Win=65024 Len=1448 TSval=2916044056 TSecr=3045563830 [TCP segment of a reassembled PDU]"
"78922","39.975835739","192.168.1.55","192.168.1.2","TCP","1514","8004  >  37162 [ACK] Seq=488166 Ack=141 Win=65024 Len=1448 TSval=2916044056 TSecr=3045563830 [TCP segment of a reassembled PDU]"
"78923","39.975836757","192.168.1.55","192.168.1.2","TCP","1514","8004  >  37162 [ACK] Seq=489614 Ack=141 Win=65024 Len=1448 TSval=2916044056 TSecr=3045563830 [TCP segment of a reassembled PDU]"
"78924","39.975837701","192.168.1.55","192.168.1.2","TCP","1514","8004  >  37162 [PSH, ACK] Seq=491062 Ack=141 Win=65024 Len=1448 TSval=2916044056 TSecr=3045563830 [TCP segment of a reassembled PDU]"
"78925","39.975853405","192.168.1.55","192.168.1.2","TCP","1514","8004  >  37162 [ACK] Seq=492510 Ack=141 Win=65024 Len=1448 TSval=2916044056 TSecr=3045563830 [TCP segment of a reassembled PDU]"
"78926","39.975855053","192.168.1.55","192.168.1.2","TCP","1514","8004  >  37162 [ACK] Seq=493958 Ack=141 Win=65024 Len=1448 TSval=2916044056 TSecr=3045563830 [TCP segment of a reassembled PDU]"
"78927","39.975856294","192.168.1.55","192.168.1.2","TCP","1514","8004  >  37162 [ACK] Seq=495406 Ack=141 Win=65024 Len=1448 TSval=2916044056 TSecr=3045563830 [TCP segment of a reassembled PDU]"
"78928","39.975857887","192.168.1.55","192.168.1.2","TCP","1514","8004  >  37162 [ACK] Seq=496854 Ack=141 Win=65024 Len=1448 TSval=2916044056 TSecr=3045563830 [TCP segment of a reassembled PDU]"
"78929","39.975858979","192.168.1.55","192.168.1.2","HTTP","1472","HTTP/1.0 200 OK  (PNG)"
"78930","39.975888868","192.168.1.2","192.168.1.55","TCP","66","37162  >  8004 [ACK] Seq=141 Ack=438934 Win=105472 Len=0 TSval=3045563831 TSecr=2916044050"
"78931","39.978177576","192.168.1.2","192.168.1.55","TCP","66","37162  >  8004 [ACK] Seq=141 Ack=444726 Win=169984 Len=0 TSval=3045563832 TSecr=2916044051"
"78932","39.980651543","192.168.1.2","192.168.1.55","TCP","66","37162  >  8004 [ACK] Seq=141 Ack=498302 Win=121856 Len=0 TSval=3045563836 TSecr=2916044056"
"78933","39.981780304","192.168.1.2","192.168.1.55","TCP","66","37162  >  8004 [FIN, ACK] Seq=141 Ack=499709 Win=173056 Len=0 TSval=3045563836 TSecr=2916044056"
"78934","39.981795026","192.168.1.55","192.168.1.2","TCP","66","8004  >  37162 [ACK] Seq=499709 Ack=142 Win=65024 Len=0 TSval=2916044062 TSecr=3045563836"
"78935","39.981886822","192.168.1.2","192.168.1.55","TCP","74","37176  >  8004 [SYN] Seq=0 Win=64240 Len=0 MSS=1460 SACK_PERM TSval=3045563837 TSecr=0 WS=1024"
"78936","39.981912119","192.168.1.55","192.168.1.2","TCP","74","8004  >  37176 [SYN, ACK] Seq=0 Ack=1 Win=65160 Len=0 MSS=1460 SACK_PERM TSval=2916044062 TSecr=3045563837 WS=128"
"78937","39.985169291","192.168.1.2","192.168.1.55","TCP","66","37176  >  8004 [ACK] Seq=1 Ack=1 Win=64512 Len=0 TSval=3045563839 TSecr=2916044062"
"78938","39.988397315","192.168.1.2","192.168.1.55","HTTP","209","GET /original_benchmark.png HTTP/1.1 "
"78939","39.988417037","192.168.1.55","192.168.1.2","TCP","66","8004  >  37176 [ACK] Seq=1 Ack=144 Win=65024 Len=0 TSval=2916044069 TSecr=3045563840"
"78940","39.988884908","192.168.1.55","192.168.1.2","TCP","255","8004  >  37176 [PSH, ACK] Seq=1 Ack=144 Win=65024 Len=189 TSval=2916044069 TSecr=3045563840 [TCP segment of a reassembled PDU]"
"78941","39.988985353","192.168.1.55","192.168.1.2","TCP","1514","8004  >  37176 [ACK] Seq=190 Ack=144 Win=65024 Len=1448 TSval=2916044069 TSecr=3045563840 [TCP segment of a reassembled PDU]"
"78942","39.988992853","192.168.1.55","192.168.1.2","TCP","1514","8004  >  37176 [ACK] Seq=1638 Ack=144 Win=65024 Len=1448 TSval=2916044069 TSecr=3045563840 [TCP segment of a reassembled PDU]"
"78943","39.988993927","192.168.1.55","192.168.1.2","TCP","1514","8004  >  37176 [ACK] Seq=3086 Ack=144 Win=65024 Len=1448 TSval=2916044069 TSecr=3045563840 [TCP segment of a reassembled PDU]"
"78944","39.988994834","192.168.1.55","192.168.1.2","TCP","1514","8004  >  37176 [ACK] Seq=4534 Ack=144 Win=65024 Len=1448 TSval=2916044069 TSecr=3045563840 [TCP segment of a reassembled PDU]"
"78945","39.988995741","192.168.1.55","192.168.1.2","TCP","1514","8004  >  37176 [PSH, ACK] Seq=5982 Ack=144 Win=65024 Len=1448 TSval=2916044069 TSecr=3045563840 [TCP segment of a reassembled PDU]"
"78946","39.989012038","192.168.1.55","192.168.1.2","TCP","1514","8004  >  37176 [ACK] Seq=7430 Ack=144 Win=65024 Len=1448 TSval=2916044069 TSecr=3045563840 [TCP segment of a reassembled PDU]"
"78947","39.989013890","192.168.1.55","192.168.1.2","TCP","1514","8004  >  37176 [ACK] Seq=8878 Ack=144 Win=65024 Len=1448 TSval=2916044069 TSecr=3045563840 [TCP segment of a reassembled PDU]"
"78948","39.989014927","192.168.1.55","192.168.1.2","TCP","1514","8004  >  37176 [ACK] Seq=10326 Ack=144 Win=65024 Len=1448 TSval=2916044069 TSecr=3045563840 [TCP segment of a reassembled PDU]"
"78949","39.989015945","192.168.1.55","192.168.1.2","TCP","1514","8004  >  37176 [PSH, ACK] Seq=11774 Ack=144 Win=65024 Len=1448 TSval=2916044069 TSecr=3045563840 [TCP segment of a reassembled PDU]"
"78950","39.994346306","192.168.1.2","192.168.1.55","TCP","66","37176  >  8004 [ACK] Seq=144 Ack=190 Win=64512 Len=0 TSval=3045563847 TSecr=2916044069"
"78951","39.994409195","192.168.1.55","192.168.1.2","TCP","1514","8004  >  37176 [ACK] Seq=13222 Ack=144 Win=65024 Len=1448 TSval=2916044075 TSecr=3045563847 [TCP segment of a reassembled PDU]"
"78952","39.994419158","192.168.1.55","192.168.1.2","TCP","1514","8004  >  37176 [PSH, ACK] Seq=14670 Ack=144 Win=65024 Len=1448 TSval=2916044075 TSecr=3045563847 [TCP segment of a reassembled PDU]"
"78953","39.994501713","192.168.1.2","192.168.1.55","TCP","66","37176  >  8004 [ACK] Seq=144 Ack=3086 Win=70656 Len=0 TSval=3045563847 TSecr=2916044069"
"78954","39.994515306","192.168.1.2","192.168.1.55","TCP","66","37176  >  8004 [ACK] Seq=144 Ack=5982 Win=76800 Len=0 TSval=3045563847 TSecr=2916044069"
"78955","39.994546176","192.168.1.55","192.168.1.2","TCP","1514","8004  >  37176 [ACK] Seq=16118 Ack=144 Win=65024 Len=1448 TSval=2916044075 TSecr=3045563847 [TCP segment of a reassembled PDU]"
"78956","39.994549565","192.168.1.55","192.168.1.2","TCP","1514","8004  >  37176 [ACK] Seq=17566 Ack=144 Win=65024 Len=1448 TSval=2916044075 TSecr=3045563847 [TCP segment of a reassembled PDU]"
"78957","39.994550973","192.168.1.55","192.168.1.2","TCP","1514","8004  >  37176 [ACK] Seq=19014 Ack=144 Win=65024 Len=1448 TSval=2916044075 TSecr=3045563847 [TCP segment of a reassembled PDU]"
"78958","39.994552343","192.168.1.55","192.168.1.2","TCP","1514","8004  >  37176 [ACK] Seq=20462 Ack=144 Win=65024 Len=1448 TSval=2916044075 TSecr=3045563847 [TCP segment of a reassembled PDU]"
"78959","39.994553547","192.168.1.55","192.168.1.2","TCP","1514","8004  >  37176 [ACK] Seq=21910 Ack=144 Win=65024 Len=1448 TSval=2916044075 TSecr=3045563847 [TCP segment of a reassembled PDU]"
"78960","39.994554732","192.168.1.55","192.168.1.2","TCP","1514","8004  >  37176 [ACK] Seq=23358 Ack=144 Win=65024 Len=1448 TSval=2916044075 TSecr=3045563847 [TCP segment of a reassembled PDU]"
"78961","39.994556158","192.168.1.55","192.168.1.2","TCP","1514","8004  >  37176 [PSH, ACK] Seq=24806 Ack=144 Win=65024 Len=1448 TSval=2916044075 TSecr=3045563847 [TCP segment of a reassembled PDU]"
"78962","39.994562454","192.168.1.2","192.168.1.55","TCP","66","37176  >  8004 [ACK] Seq=144 Ack=7430 Win=79872 Len=0 TSval=3045563848 TSecr=2916044069"
"78963","39.994569547","192.168.1.2","192.168.1.55","TCP","66","37176  >  8004 [ACK] Seq=144 Ack=13222 Win=79872 Len=0 TSval=3045563848 TSecr=2916044069"
"78964","39.994596325","192.168.1.55","192.168.1.2","TCP","1514","8004  >  37176 [ACK] Seq=26254 Ack=144 Win=65024 Len=1448 TSval=2916044075 TSecr=3045563848 [TCP segment of a reassembled PDU]"
"78965","39.994599880","192.168.1.55","192.168.1.2","TCP","1514","8004  >  37176 [ACK] Seq=27702 Ack=144 Win=65024 Len=1448 TSval=2916044075 TSecr=3045563848 [TCP segment of a reassembled PDU]"
"78966","39.994601306","192.168.1.55","192.168.1.2","TCP","1514","8004  >  37176 [ACK] Seq=29150 Ack=144 Win=65024 Len=1448 TSval=2916044075 TSecr=3045563848 [TCP segment of a reassembled PDU]"
"78967","39.994602658","192.168.1.55","192.168.1.2","TCP","1514","8004  >  37176 [ACK] Seq=30598 Ack=144 Win=65024 Len=1448 TSval=2916044075 TSecr=3045563848 [TCP segment of a reassembled PDU]"
"78968","39.994603899","192.168.1.55","192.168.1.2","TCP","1514","8004  >  37176 [ACK] Seq=32046 Ack=144 Win=65024 Len=1448 TSval=2916044075 TSecr=3045563848 [TCP segment of a reassembled PDU]"
"78969","39.994604954","192.168.1.55","192.168.1.2","TCP","1514","8004  >  37176 [ACK] Seq=33494 Ack=144 Win=65024 Len=1448 TSval=2916044075 TSecr=3045563848 [TCP segment of a reassembled PDU]"
"78970","39.994606232","192.168.1.55","192.168.1.2","TCP","1514","8004  >  37176 [ACK] Seq=34942 Ack=144 Win=65024 Len=1448 TSval=2916044075 TSecr=3045563848 [TCP segment of a reassembled PDU]"
"78971","39.994607677","192.168.1.55","192.168.1.2","TCP","1514","8004  >  37176 [ACK] Seq=36390 Ack=144 Win=65024 Len=1448 TSval=2916044075 TSecr=3045563848 [TCP segment of a reassembled PDU]"
"78972","39.994609084","192.168.1.55","192.168.1.2","TCP","1514","8004  >  37176 [ACK] Seq=37838 Ack=144 Win=65024 Len=1448 TSval=2916044075 TSecr=3045563848 [TCP segment of a reassembled PDU]"
"78973","39.994610269","192.168.1.55","192.168.1.2","TCP","1514","8004  >  37176 [PSH, ACK] Seq=39286 Ack=144 Win=65024 Len=1448 TSval=2916044075 TSecr=3045563848 [TCP segment of a reassembled PDU]"
"78974","39.995511104","192.168.1.55","192.168.1.2","TCP","1514","8004  >  37176 [ACK] Seq=40734 Ack=144 Win=65024 Len=1448 TSval=2916044076 TSecr=3045563848 [TCP segment of a reassembled PDU]"
"78975","40.001390947","192.168.1.2","192.168.1.55","TCP","66","37176  >  8004 [ACK] Seq=144 Ack=16118 Win=84992 Len=0 TSval=3045563855 TSecr=2916044075"
"78976","40.001450373","192.168.1.55","192.168.1.2","TCP","1514","8004  >  37176 [ACK] Seq=42182 Ack=144 Win=65024 Len=1448 TSval=2916044082 TSecr=3045563855 [TCP segment of a reassembled PDU]"
"78977","40.001457354","192.168.1.55","192.168.1.2","TCP","1514","8004  >  37176 [PSH, ACK] Seq=43630 Ack=144 Win=65024 Len=1448 TSval=2916044082 TSecr=3045563855 [TCP segment of a reassembled PDU]"
"78978","40.001539762","192.168.1.2","192.168.1.55","TCP","66","37176  >  8004 [ACK] Seq=144 Ack=26254 Win=83968 Len=0 TSval=3045563855 TSecr=2916044075"
"78979","40.001570392","192.168.1.55","192.168.1.2","TCP","1514","8004  >  37176 [ACK] Seq=45078 Ack=144 Win=65024 Len=1448 TSval=2916044082 TSecr=3045563855 [TCP segment of a reassembled PDU]"
"78980","40.001572447","192.168.1.55","192.168.1.2","TCP","1514","8004  >  37176 [ACK] Seq=46526 Ack=144 Win=65024 Len=1448 TSval=2916044082 TSecr=3045563855 [TCP segment of a reassembled PDU]"
"78981","40.001574355","192.168.1.55","192.168.1.2","TCP","1514","8004  >  37176 [ACK] Seq=47974 Ack=144 Win=65024 Len=1448 TSval=2916044082 TSecr=3045563855 [TCP segment of a reassembled PDU]"
"78982","40.001576021","192.168.1.55","192.168.1.2","TCP","1514","8004  >  37176 [ACK] Seq=49422 Ack=144 Win=65024 Len=1448 TSval=2916044082 TSecr=3045563855 [TCP segment of a reassembled PDU]"
"78983","40.001577040","192.168.1.55","192.168.1.2","TCP","1514","8004  >  37176 [ACK] Seq=50870 Ack=144 Win=65024 Len=1448 TSval=2916044082 TSecr=3045563855 [TCP segment of a reassembled PDU]"
"78984","40.001578114","192.168.1.55","192.168.1.2","TCP","1514","8004  >  37176 [ACK] Seq=52318 Ack=144 Win=65024 Len=1448 TSval=2916044082 TSecr=3045563855 [TCP segment of a reassembled PDU]"
"78985","40.001579429","192.168.1.55","192.168.1.2","TCP","1514","8004  >  37176 [ACK] Seq=53766 Ack=144 Win=65024 Len=1448 TSval=2916044082 TSecr=3045563855 [TCP segment of a reassembled PDU]"
"78986","40.001580818","192.168.1.55","192.168.1.2","TCP","1514","8004  >  37176 [ACK] Seq=55214 Ack=144 Win=65024 Len=1448 TSval=2916044082 TSecr=3045563855 [TCP segment of a reassembled PDU]"
"78987","40.001582577","192.168.1.55","192.168.1.2","TCP","1514","8004  >  37176 [ACK] Seq=56662 Ack=144 Win=65024 Len=1448 TSval=2916044082 TSecr=3045563855 [TCP segment of a reassembled PDU]"
"78988","40.001584077","192.168.1.55","192.168.1.2","TCP","1514","8004  >  37176 [ACK] Seq=58110 Ack=144 Win=65024 Len=1448 TSval=2916044082 TSecr=3045563855 [TCP segment of a reassembled PDU]"
"78989","40.001585262","192.168.1.55","192.168.1.2","TCP","1514","8004  >  37176 [ACK] Seq=59558 Ack=144 Win=65024 Len=1448 TSval=2916044082 TSecr=3045563855 [TCP segment of a reassembled PDU]"
"78990","40.001586429","192.168.1.55","192.168.1.2","TCP","1514","8004  >  37176 [ACK] Seq=61006 Ack=144 Win=65024 Len=1448 TSval=2916044082 TSecr=3045563855 [TCP segment of a reassembled PDU]"
"78991","40.001587836","192.168.1.55","192.168.1.2","TCP","1514","8004  >  37176 [ACK] Seq=62454 Ack=144 Win=65024 Len=1448 TSval=2916044082 TSecr=3045563855 [TCP segment of a reassembled PDU]"
"78992","40.001589355","192.168.1.55","192.168.1.2","TCP","1514","8004  >  37176 [PSH, ACK] Seq=63902 Ack=144 Win=65024 Len=1448 TSval=2916044082 TSecr=3045563855 [TCP segment of a reassembled PDU]"
"78993","40.001593558","192.168.1.2","192.168.1.55","TCP","66","37176  >  8004 [ACK] Seq=144 Ack=39286 Win=71680 Len=0 TSval=3045563855 TSecr=2916044075"
"78994","40.001621744","192.168.1.55","192.168.1.2","TCP","1514","8004  >  37176 [ACK] Seq=65350 Ack=144 Win=65024 Len=1448 TSval=2916044082 TSecr=3045563855 [TCP segment of a reassembled PDU]"
"78995","40.001623003","192.168.1.55","192.168.1.2","TCP","1514","8004  >  37176 [ACK] Seq=66798 Ack=144 Win=65024 Len=1448 TSval=2916044082 TSecr=3045563855 [TCP segment of a reassembled PDU]"
"78996","40.001624170","192.168.1.55","192.168.1.2","TCP","1514","8004  >  37176 [ACK] Seq=68246 Ack=144 Win=65024 Len=1448 TSval=2916044082 TSecr=3045563855 [TCP segment of a reassembled PDU]"
"78997","40.001625503","192.168.1.55","192.168.1.2","TCP","1514","8004  >  37176 [ACK] Seq=69694 Ack=144 Win=65024 Len=1448 TSval=2916044082 TSecr=3045563855 [TCP segment of a reassembled PDU]"
"78998","40.001627373","192.168.1.55","192.168.1.2","TCP","1514","8004  >  37176 [ACK] Seq=71142 Ack=144 Win=65024 Len=1448 TSval=2916044082 TSecr=3045563855 [TCP segment of a reassembled PDU]"
"78999","40.001628873","192.168.1.55","192.168.1.2","TCP","1514","8004  >  37176 [ACK] Seq=72590 Ack=144 Win=65024 Len=1448 TSval=2916044082 TSecr=3045563855 [TCP segment of a reassembled PDU]"
"79000","40.001630003","192.168.1.55","192.168.1.2","TCP","1514","8004  >  37176 [ACK] Seq=74038 Ack=144 Win=65024 Len=1448 TSval=2916044082 TSecr=3045563855 [TCP segment of a reassembled PDU]"
"79001","40.001631225","192.168.1.55","192.168.1.2","TCP","1514","8004  >  37176 [PSH, ACK] Seq=75486 Ack=144 Win=65024 Len=1448 TSval=2916044082 TSecr=3045563855 [TCP segment of a reassembled PDU]"
"79002","40.001637929","192.168.1.2","192.168.1.55","TCP","66","37176  >  8004 [ACK] Seq=144 Ack=40734 Win=70656 Len=0 TSval=3045563855 TSecr=2916044075"
"79003","40.001644318","192.168.1.2","192.168.1.55","TCP","66","37176  >  8004 [ACK] Seq=144 Ack=42182 Win=69632 Len=0 TSval=3045563855 TSecr=2916044076"
"79004","40.002624856","192.168.1.55","192.168.1.2","TCP","1514","8004  >  37176 [ACK] Seq=76934 Ack=144 Win=65024 Len=1448 TSval=2916044083 TSecr=3045563855 [TCP segment of a reassembled PDU]"
"79005","40.002630430","192.168.1.55","192.168.1.2","TCP","1514","8004  >  37176 [ACK] Seq=78382 Ack=144 Win=65024 Len=1448 TSval=2916044083 TSecr=3045563855 [TCP segment of a reassembled PDU]"
"79006","40.002631967","192.168.1.55","192.168.1.2","TCP","1514","8004  >  37176 [ACK] Seq=79830 Ack=144 Win=65024 Len=1448 TSval=2916044083 TSecr=3045563855 [TCP segment of a reassembled PDU]"
"79007","40.002633671","192.168.1.55","192.168.1.2","TCP","1514","8004  >  37176 [ACK] Seq=81278 Ack=144 Win=65024 Len=1448 TSval=2916044083 TSecr=3045563855 [TCP segment of a reassembled PDU]"
"79008","40.002635690","192.168.1.55","192.168.1.2","TCP","1514","8004  >  37176 [ACK] Seq=82726 Ack=144 Win=65024 Len=1448 TSval=2916044083 TSecr=3045563855 [TCP segment of a reassembled PDU]"
"79009","40.002637116","192.168.1.55","192.168.1.2","TCP","1514","8004  >  37176 [ACK] Seq=84174 Ack=144 Win=65024 Len=1448 TSval=2916044083 TSecr=3045563855 [TCP segment of a reassembled PDU]"
"79010","40.002639208","192.168.1.55","192.168.1.2","TCP","1514","8004  >  37176 [ACK] Seq=85622 Ack=144 Win=65024 Len=1448 TSval=2916044083 TSecr=3045563855 [TCP segment of a reassembled PDU]"
"79011","40.002641486","192.168.1.55","192.168.1.2","TCP","1514","8004  >  37176 [ACK] Seq=87070 Ack=144 Win=65024 Len=1448 TSval=2916044083 TSecr=3045563855 [TCP segment of a reassembled PDU]"
"79012","40.002643153","192.168.1.55","192.168.1.2","TCP","1514","8004  >  37176 [ACK] Seq=88518 Ack=144 Win=65024 Len=1448 TSval=2916044083 TSecr=3045563855 [TCP segment of a reassembled PDU]"
"79013","40.002644671","192.168.1.55","192.168.1.2","TCP","1514","8004  >  37176 [ACK] Seq=89966 Ack=144 Win=65024 Len=1448 TSval=2916044083 TSecr=3045563855 [TCP segment of a reassembled PDU]"
"79014","40.002646653","192.168.1.55","192.168.1.2","TCP","1514","8004  >  37176 [ACK] Seq=91414 Ack=144 Win=65024 Len=1448 TSval=2916044083 TSecr=3045563855 [TCP segment of a reassembled PDU]"
"79015","40.002648819","192.168.1.55","192.168.1.2","TCP","1514","8004  >  37176 [ACK] Seq=92862 Ack=144 Win=65024 Len=1448 TSval=2916044083 TSecr=3045563855 [TCP segment of a reassembled PDU]"
"79016","40.002650264","192.168.1.55","192.168.1.2","TCP","1514","8004  >  37176 [ACK] Seq=94310 Ack=144 Win=65024 Len=1448 TSval=2916044083 TSecr=3045563855 [TCP segment of a reassembled PDU]"
"79017","40.002651690","192.168.1.55","192.168.1.2","TCP","1514","8004  >  37176 [PSH, ACK] Seq=95758 Ack=144 Win=65024 Len=1448 TSval=2916044083 TSecr=3045563855 [TCP segment of a reassembled PDU]"
"79018","40.002662486","192.168.1.55","192.168.1.2","TCP","1514","8004  >  37176 [ACK] Seq=97206 Ack=144 Win=65024 Len=1448 TSval=2916044083 TSecr=3045563855 [TCP segment of a reassembled PDU]"
"79019","40.002663930","192.168.1.55","192.168.1.2","TCP","1514","8004  >  37176 [PSH, ACK] Seq=98654 Ack=144 Win=65024 Len=1448 TSval=2916044083 TSecr=3045563855 [TCP segment of a reassembled PDU]"
"79020","40.006966734","192.168.1.2","192.168.1.55","TCP","66","37176  >  8004 [ACK] Seq=144 Ack=45078 Win=88064 Len=0 TSval=3045563861 TSecr=2916044082"
"79021","40.007010271","192.168.1.55","192.168.1.2","TCP","1514","8004  >  37176 [ACK] Seq=100102 Ack=144 Win=65024 Len=1448 TSval=2916044087 TSecr=3045563861 [TCP segment of a reassembled PDU]"
"79022","40.007013401","192.168.1.55","192.168.1.2","TCP","1514","8004  >  37176 [ACK] Seq=101550 Ack=144 Win=65024 Len=1448 TSval=2916044087 TSecr=3045563861 [TCP segment of a reassembled PDU]"
"79023","40.007014956","192.168.1.55","192.168.1.2","TCP","1514","8004  >  37176 [ACK] Seq=102998 Ack=144 Win=65024 Len=1448 TSval=2916044087 TSecr=3045563861 [TCP segment of a reassembled PDU]"
"79024","40.007016715","192.168.1.55","192.168.1.2","TCP","1514","8004  >  37176 [PSH, ACK] Seq=104446 Ack=144 Win=65024 Len=1448 TSval=2916044087 TSecr=3045563861 [TCP segment of a reassembled PDU]"
"79025","40.007281308","192.168.1.2","192.168.1.55","TCP","66","37176  >  8004 [ACK] Seq=144 Ack=49422 Win=88064 Len=0 TSval=3045563861 TSecr=2916044082"
"79026","40.007288845","192.168.1.2","192.168.1.55","TCP","66","37176  >  8004 [ACK] Seq=144 Ack=65350 Win=77824 Len=0 TSval=3045563861 TSecr=2916044082"
"79027","40.007307734","192.168.1.55","192.168.1.2","TCP","1514","8004  >  37176 [ACK] Seq=105894 Ack=144 Win=65024 Len=1448 TSval=2916044088 TSecr=3045563861 [TCP segment of a reassembled PDU]"
"79028","40.007310049","192.168.1.55","192.168.1.2","TCP","1514","8004  >  37176 [ACK] Seq=107342 Ack=144 Win=65024 Len=1448 TSval=2916044088 TSecr=3045563861 [TCP segment of a reassembled PDU]"
"79029","40.007311457","192.168.1.55","192.168.1.2","TCP","1514","8004  >  37176 [ACK] Seq=108790 Ack=144 Win=65024 Len=1448 TSval=2916044088 TSecr=3045563861 [TCP segment of a reassembled PDU]"
"79030","40.007312512","192.168.1.55","192.168.1.2","TCP","1514","8004  >  37176 [ACK] Seq=110238 Ack=144 Win=65024 Len=1448 TSval=2916044088 TSecr=3045563861 [TCP segment of a reassembled PDU]"
"79031","40.007313753","192.168.1.55","192.168.1.2","TCP","1514","8004  >  37176 [ACK] Seq=111686 Ack=144 Win=65024 Len=1448 TSval=2916044088 TSecr=3045563861 [TCP segment of a reassembled PDU]"
"79032","40.007316086","192.168.1.55","192.168.1.2","TCP","1514","8004  >  37176 [ACK] Seq=113134 Ack=144 Win=65024 Len=1448 TSval=2916044088 TSecr=3045563861 [TCP segment of a reassembled PDU]"
"79033","40.007317586","192.168.1.55","192.168.1.2","TCP","1514","8004  >  37176 [PSH, ACK] Seq=114582 Ack=144 Win=65024 Len=1448 TSval=2916044088 TSecr=3045563861 [TCP segment of a reassembled PDU]"
"79034","40.007357438","192.168.1.55","192.168.1.2","TCP","1514","8004  >  37176 [ACK] Seq=116030 Ack=144 Win=65024 Len=1448 TSval=2916044088 TSecr=3045563861 [TCP segment of a reassembled PDU]"
"79035","40.007359123","192.168.1.55","192.168.1.2","TCP","1514","8004  >  37176 [ACK] Seq=117478 Ack=144 Win=65024 Len=1448 TSval=2916044088 TSecr=3045563861 [TCP segment of a reassembled PDU]"
"79036","40.007360975","192.168.1.55","192.168.1.2","TCP","1514","8004  >  37176 [ACK] Seq=118926 Ack=144 Win=65024 Len=1448 TSval=2916044088 TSecr=3045563861 [TCP segment of a reassembled PDU]"
"79037","40.007362586","192.168.1.55","192.168.1.2","TCP","1514","8004  >  37176 [ACK] Seq=120374 Ack=144 Win=65024 Len=1448 TSval=2916044088 TSecr=3045563861 [TCP segment of a reassembled PDU]"
"79038","40.007364494","192.168.1.55","192.168.1.2","TCP","1514","8004  >  37176 [ACK] Seq=121822 Ack=144 Win=65024 Len=1448 TSval=2916044088 TSecr=3045563861 [TCP segment of a reassembled PDU]"
"79039","40.007366346","192.168.1.55","192.168.1.2","TCP","1514","8004  >  37176 [ACK] Seq=123270 Ack=144 Win=65024 Len=1448 TSval=2916044088 TSecr=3045563861 [TCP segment of a reassembled PDU]"
"79040","40.007368031","192.168.1.55","192.168.1.2","TCP","1514","8004  >  37176 [ACK] Seq=124718 Ack=144 Win=65024 Len=1448 TSval=2916044088 TSecr=3045563861 [TCP segment of a reassembled PDU]"
"79041","40.007369716","192.168.1.55","192.168.1.2","TCP","1514","8004  >  37176 [ACK] Seq=126166 Ack=144 Win=65024 Len=1448 TSval=2916044088 TSecr=3045563861 [TCP segment of a reassembled PDU]"
"79042","40.007371160","192.168.1.55","192.168.1.2","TCP","1514","8004  >  37176 [ACK] Seq=127614 Ack=144 Win=65024 Len=1448 TSval=2916044088 TSecr=3045563861 [TCP segment of a reassembled PDU]"
"79043","40.007373753","192.168.1.55","192.168.1.2","TCP","1514","8004  >  37176 [ACK] Seq=129062 Ack=144 Win=65024 Len=1448 TSval=2916044088 TSecr=3045563861 [TCP segment of a reassembled PDU]"
"79044","40.007375272","192.168.1.55","192.168.1.2","TCP","1514","8004  >  37176 [ACK] Seq=130510 Ack=144 Win=65024 Len=1448 TSval=2916044088 TSecr=3045563861 [TCP segment of a reassembled PDU]"
"79045","40.007376364","192.168.1.55","192.168.1.2","TCP","1514","8004  >  37176 [ACK] Seq=131958 Ack=144 Win=65024 Len=1448 TSval=2916044088 TSecr=3045563861 [TCP segment of a reassembled PDU]"
"79046","40.007377827","192.168.1.55","192.168.1.2","TCP","1514","8004  >  37176 [ACK] Seq=133406 Ack=144 Win=65024 Len=1448 TSval=2916044088 TSecr=3045563861 [TCP segment of a reassembled PDU]"
"79047","40.007380568","192.168.1.55","192.168.1.2","TCP","1514","8004  >  37176 [ACK] Seq=134854 Ack=144 Win=65024 Len=1448 TSval=2916044088 TSecr=3045563861 [TCP segment of a reassembled PDU]"
"79048","40.007381957","192.168.1.55","192.168.1.2","TCP","1514","8004  >  37176 [ACK] Seq=136302 Ack=144 Win=65024 Len=1448 TSval=2916044088 TSecr=3045563861 [TCP segment of a reassembled PDU]"
"79049","40.007383290","192.168.1.55","192.168.1.2","TCP","1514","8004  >  37176 [ACK] Seq=137750 Ack=144 Win=65024 Len=1448 TSval=2916044088 TSecr=3045563861 [TCP segment of a reassembled PDU]"
"79050","40.007384716","192.168.1.55","192.168.1.2","TCP","1514","8004  >  37176 [ACK] Seq=139198 Ack=144 Win=65024 Len=1448 TSval=2916044088 TSecr=3045563861 [TCP segment of a reassembled PDU]"
"79051","40.007385864","192.168.1.55","192.168.1.2","TCP","1514","8004  >  37176 [ACK] Seq=140646 Ack=144 Win=65024 Len=1448 TSval=2916044088 TSecr=3045563861 [TCP segment of a reassembled PDU]"
"79052","40.007387642","192.168.1.55","192.168.1.2","TCP","1146","[TCP Window Full] 8004  >  37176 [PSH, ACK] Seq=142094 Ack=144 Win=65024 Len=1080 TSval=2916044088 TSecr=3045563861 [TCP segment of a reassembled PDU]"
"79053","40.007393957","192.168.1.2","192.168.1.55","TCP","66","37176  >  8004 [ACK] Seq=144 Ack=76934 Win=81920 Len=0 TSval=3045563861 TSecr=2916044082"
"79054","40.007450012","192.168.1.2","192.168.1.55","TCP","66","37176  >  8004 [ACK] Seq=144 Ack=97206 Win=62464 Len=0 TSval=3045563861 TSecr=2916044083"
"79055","40.007453142","192.168.1.2","192.168.1.55","TCP","66","37176  >  8004 [ACK] Seq=144 Ack=100102 Win=69632 Len=0 TSval=3045563861 TSecr=2916044083"
"79056","40.007471105","192.168.1.55","192.168.1.2","TCP","1514","8004  >  37176 [ACK] Seq=143174 Ack=144 Win=65024 Len=1448 TSval=2916044088 TSecr=3045563861 [TCP segment of a reassembled PDU]"
"79057","40.007477012","192.168.1.55","192.168.1.2","TCP","1514","8004  >  37176 [ACK] Seq=144622 Ack=144 Win=65024 Len=1448 TSval=2916044088 TSecr=3045563861 [TCP segment of a reassembled PDU]"
"79058","40.007478383","192.168.1.55","192.168.1.2","TCP","1514","8004  >  37176 [ACK] Seq=146070 Ack=144 Win=65024 Len=1448 TSval=2916044088 TSecr=3045563861 [TCP segment of a reassembled PDU]"
"79059","40.007479346","192.168.1.55","192.168.1.2","TCP","1514","8004  >  37176 [ACK] Seq=147518 Ack=144 Win=65024 Len=1448 TSval=2916044088 TSecr=3045563861 [TCP segment of a reassembled PDU]"
"79060","40.007480512","192.168.1.55","192.168.1.2","TCP","1514","8004  >  37176 [ACK] Seq=148966 Ack=144 Win=65024 Len=1448 TSval=2916044088 TSecr=3045563861 [TCP segment of a reassembled PDU]"
"79061","40.007481920","192.168.1.55","192.168.1.2","TCP","1514","8004  >  37176 [ACK] Seq=150414 Ack=144 Win=65024 Len=1448 TSval=2916044088 TSecr=3045563861 [TCP segment of a reassembled PDU]"
"79062","40.007483124","192.168.1.55","192.168.1.2","TCP","1514","8004  >  37176 [ACK] Seq=151862 Ack=144 Win=65024 Len=1448 TSval=2916044088 TSecr=3045563861 [TCP segment of a reassembled PDU]"
"79063","40.007484290","192.168.1.55","192.168.1.2","TCP","1514","8004  >  37176 [PSH, ACK] Seq=153310 Ack=144 Win=65024 Len=1448 TSval=2916044088 TSecr=3045563861 [TCP segment of a reassembled PDU]"
"79064","40.007501309","192.168.1.55","192.168.1.2","TCP","434","8004  >  37176 [ACK] Seq=154758 Ack=144 Win=65024 Len=368 TSval=2916044088 TSecr=3045563861 [TCP segment of a reassembled PDU]"
"79065","40.007522735","192.168.1.55","192.168.1.2","TCP","1514","8004  >  37176 [ACK] Seq=155126 Ack=144 Win=65024 Len=1448 TSval=2916044088 TSecr=3045563861 [TCP segment of a reassembled PDU]"
"79066","40.007524253","192.168.1.55","192.168.1.2","TCP","1514","8004  >  37176 [ACK] Seq=156574 Ack=144 Win=65024 Len=1448 TSval=2916044088 TSecr=3045563861 [TCP segment of a reassembled PDU]"
"79067","40.007526642","192.168.1.55","192.168.1.2","TCP","1514","8004  >  37176 [ACK] Seq=158022 Ack=144 Win=65024 Len=1448 TSval=2916044088 TSecr=3045563861 [TCP segment of a reassembled PDU]"
"79068","40.007528513","192.168.1.55","192.168.1.2","TCP","1514","8004  >  37176 [ACK] Seq=159470 Ack=144 Win=65024 Len=1448 TSval=2916044088 TSecr=3045563861 [TCP segment of a reassembled PDU]"
"79069","40.007529975","192.168.1.55","192.168.1.2","TCP","1514","8004  >  37176 [ACK] Seq=160918 Ack=144 Win=65024 Len=1448 TSval=2916044088 TSecr=3045563861 [TCP segment of a reassembled PDU]"
"79070","40.007530957","192.168.1.55","192.168.1.2","TCP","1514","8004  >  37176 [ACK] Seq=162366 Ack=144 Win=65024 Len=1448 TSval=2916044088 TSecr=3045563861 [TCP segment of a reassembled PDU]"
"79071","40.007532087","192.168.1.55","192.168.1.2","TCP","1514","8004  >  37176 [ACK] Seq=163814 Ack=144 Win=65024 Len=1448 TSval=2916044088 TSecr=3045563861 [TCP segment of a reassembled PDU]"
"79072","40.007533235","192.168.1.55","192.168.1.2","TCP","1514","8004  >  37176 [ACK] Seq=165262 Ack=144 Win=65024 Len=1448 TSval=2916044088 TSecr=3045563861 [TCP segment of a reassembled PDU]"
"79073","40.007534272","192.168.1.55","192.168.1.2","TCP","1514","8004  >  37176 [ACK] Seq=166710 Ack=144 Win=65024 Len=1448 TSval=2916044088 TSecr=3045563861 [TCP segment of a reassembled PDU]"
"79074","40.007535809","192.168.1.55","192.168.1.2","TCP","1514","8004  >  37176 [PSH, ACK] Seq=168158 Ack=144 Win=65024 Len=1448 TSval=2916044088 TSecr=3045563861 [TCP segment of a reassembled PDU]"
"79075","40.012364761","192.168.1.2","192.168.1.55","TCP","66","37176  >  8004 [ACK] Seq=144 Ack=105894 Win=83968 Len=0 TSval=3045563864 TSecr=2916044087"
"79076","40.012399095","192.168.1.55","192.168.1.2","TCP","1514","8004  >  37176 [ACK] Seq=169606 Ack=144 Win=65024 Len=1448 TSval=2916044093 TSecr=3045563864 [TCP segment of a reassembled PDU]"
"79077","40.012402206","192.168.1.55","192.168.1.2","TCP","1514","8004  >  37176 [ACK] Seq=171054 Ack=144 Win=65024 Len=1448 TSval=2916044093 TSecr=3045563864 [TCP segment of a reassembled PDU]"
"79078","40.012404150","192.168.1.55","192.168.1.2","TCP","1514","8004  >  37176 [ACK] Seq=172502 Ack=144 Win=65024 Len=1448 TSval=2916044093 TSecr=3045563864 [TCP segment of a reassembled PDU]"
"79079","40.012405687","192.168.1.55","192.168.1.2","TCP","1514","8004  >  37176 [ACK] Seq=173950 Ack=144 Win=65024 Len=1448 TSval=2916044093 TSecr=3045563864 [TCP segment of a reassembled PDU]"
"79080","40.012407002","192.168.1.55","192.168.1.2","TCP","1514","8004  >  37176 [ACK] Seq=175398 Ack=144 Win=65024 Len=1448 TSval=2916044093 TSecr=3045563864 [TCP segment of a reassembled PDU]"
"79081","40.012409632","192.168.1.55","192.168.1.2","TCP","1514","8004  >  37176 [ACK] Seq=176846 Ack=144 Win=65024 Len=1448 TSval=2916044093 TSecr=3045563864 [TCP segment of a reassembled PDU]"
"79082","40.012411132","192.168.1.55","192.168.1.2","TCP","1514","8004  >  37176 [ACK] Seq=178294 Ack=144 Win=65024 Len=1448 TSval=2916044093 TSecr=3045563864 [TCP segment of a reassembled PDU]"
"79083","40.012412354","192.168.1.55","192.168.1.2","TCP","1514","8004  >  37176 [ACK] Seq=179742 Ack=144 Win=65024 Len=1448 TSval=2916044093 TSecr=3045563864 [TCP segment of a reassembled PDU]"
"79084","40.012413650","192.168.1.55","192.168.1.2","TCP","1514","8004  >  37176 [ACK] Seq=181190 Ack=144 Win=65024 Len=1448 TSval=2916044093 TSecr=3045563864 [TCP segment of a reassembled PDU]"
"79085","40.012415483","192.168.1.55","192.168.1.2","TCP","1514","8004  >  37176 [ACK] Seq=182638 Ack=144 Win=65024 Len=1448 TSval=2916044093 TSecr=3045563864 [TCP segment of a reassembled PDU]"
"79086","40.012416983","192.168.1.55","192.168.1.2","TCP","1514","8004  >  37176 [ACK] Seq=184086 Ack=144 Win=65024 Len=1448 TSval=2916044093 TSecr=3045563864 [TCP segment of a reassembled PDU]"
"79087","40.012418520","192.168.1.55","192.168.1.2","TCP","1514","8004  >  37176 [ACK] Seq=185534 Ack=144 Win=65024 Len=1448 TSval=2916044093 TSecr=3045563864 [TCP segment of a reassembled PDU]"
"79088","40.012419687","192.168.1.55","192.168.1.2","TCP","1514","8004  >  37176 [PSH, ACK] Seq=186982 Ack=144 Win=65024 Len=1448 TSval=2916044093 TSecr=3045563864 [TCP segment of a reassembled PDU]"
"79089","40.014223542","192.168.1.2","192.168.1.55","TCP","66","37176  >  8004 [ACK] Seq=144 Ack=116030 Win=84992 Len=0 TSval=3045563868 TSecr=2916044088"
"79090","40.014234209","192.168.1.55","192.168.1.2","TCP","1514","8004  >  37176 [ACK] Seq=188430 Ack=144 Win=65024 Len=1448 TSval=2916044094 TSecr=3045563868 [TCP segment of a reassembled PDU]"
"79091","40.014236301","192.168.1.55","192.168.1.2","TCP","1514","8004  >  37176 [ACK] Seq=189878 Ack=144 Win=65024 Len=1448 TSval=2916044094 TSecr=3045563868 [TCP segment of a reassembled PDU]"
"79092","40.014237394","192.168.1.55","192.168.1.2","TCP","1514","8004  >  37176 [ACK] Seq=191326 Ack=144 Win=65024 Len=1448 TSval=2916044094 TSecr=3045563868 [TCP segment of a reassembled PDU]"
"79093","40.014242875","192.168.1.55","192.168.1.2","TCP","1514","8004  >  37176 [ACK] Seq=192774 Ack=144 Win=65024 Len=1448 TSval=2916044094 TSecr=3045563868 [TCP segment of a reassembled PDU]"
"79094","40.014244283","192.168.1.55","192.168.1.2","TCP","1514","8004  >  37176 [ACK] Seq=194222 Ack=144 Win=65024 Len=1448 TSval=2916044094 TSecr=3045563868 [TCP segment of a reassembled PDU]"
"79095","40.014245320","192.168.1.55","192.168.1.2","TCP","1514","8004  >  37176 [PSH, ACK] Seq=195670 Ack=144 Win=65024 Len=1448 TSval=2916044094 TSecr=3045563868 [TCP segment of a reassembled PDU]"
"79096","40.014570894","192.168.1.2","192.168.1.55","TCP","66","37176  >  8004 [ACK] Seq=144 Ack=136302 Win=66560 Len=0 TSval=3045563868 TSecr=2916044088"
"79097","40.014578672","192.168.1.2","192.168.1.55","TCP","66","37176  >  8004 [ACK] Seq=144 Ack=169606 Win=43008 Len=0 TSval=3045563868 TSecr=2916044088"
"79098","40.014594598","192.168.1.55","192.168.1.2","TCP","1514","8004  >  37176 [ACK] Seq=197118 Ack=144 Win=65024 Len=1448 TSval=2916044095 TSecr=3045563868 [TCP segment of a reassembled PDU]"
"79099","40.014596154","192.168.1.55","192.168.1.2","TCP","1514","8004  >  37176 [ACK] Seq=198566 Ack=144 Win=65024 Len=1448 TSval=2916044095 TSecr=3045563868 [TCP segment of a reassembled PDU]"
"79100","40.014597172","192.168.1.55","192.168.1.2","TCP","1514","8004  >  37176 [ACK] Seq=200014 Ack=144 Win=65024 Len=1448 TSval=2916044095 TSecr=3045563868 [TCP segment of a reassembled PDU]"
"79101","40.014598209","192.168.1.55","192.168.1.2","TCP","1514","8004  >  37176 [ACK] Seq=201462 Ack=144 Win=65024 Len=1448 TSval=2916044095 TSecr=3045563868 [TCP segment of a reassembled PDU]"
"79102","40.014599320","192.168.1.55","192.168.1.2","TCP","1514","8004  >  37176 [ACK] Seq=202910 Ack=144 Win=65024 Len=1448 TSval=2916044095 TSecr=3045563868 [TCP segment of a reassembled PDU]"
"79103","40.014600283","192.168.1.55","192.168.1.2","TCP","1514","8004  >  37176 [ACK] Seq=204358 Ack=144 Win=65024 Len=1448 TSval=2916044095 TSecr=3045563868 [TCP segment of a reassembled PDU]"
"79104","40.014601320","192.168.1.55","192.168.1.2","TCP","1514","8004  >  37176 [ACK] Seq=205806 Ack=144 Win=65024 Len=1448 TSval=2916044095 TSecr=3045563868 [TCP segment of a reassembled PDU]"
"79105","40.014602376","192.168.1.55","192.168.1.2","TCP","1514","8004  >  37176 [ACK] Seq=207254 Ack=144 Win=65024 Len=1448 TSval=2916044095 TSecr=3045563868 [TCP segment of a reassembled PDU]"
"79106","40.014603431","192.168.1.55","192.168.1.2","TCP","1514","8004  >  37176 [ACK] Seq=208702 Ack=144 Win=65024 Len=1448 TSval=2916044095 TSecr=3045563868 [TCP segment of a reassembled PDU]"
"79107","40.014604487","192.168.1.55","192.168.1.2","TCP","1514","8004  >  37176 [ACK] Seq=210150 Ack=144 Win=65024 Len=1448 TSval=2916044095 TSecr=3045563868 [TCP segment of a reassembled PDU]"
"79108","40.014605654","192.168.1.55","192.168.1.2","TCP","1082","[TCP Window Full] 8004  >  37176 [PSH, ACK] Seq=211598 Ack=144 Win=65024 Len=1016 TSval=2916044095 TSecr=3045563868 [TCP segment of a reassembled PDU]"
"79109","40.014609135","192.168.1.2","192.168.1.55","TCP","66","[TCP Window Update] 37176  >  8004 [ACK] Seq=144 Ack=169606 Win=88064 Len=0 TSval=3045563868 TSecr=2916044088"
"79110","40.014631617","192.168.1.55","192.168.1.2","TCP","1514","8004  >  37176 [ACK] Seq=212614 Ack=144 Win=65024 Len=1448 TSval=2916044095 TSecr=3045563868 [TCP segment of a reassembled PDU]"
"79111","40.014632876","192.168.1.55","192.168.1.2","TCP","1514","8004  >  37176 [ACK] Seq=214062 Ack=144 Win=65024 Len=1448 TSval=2916044095 TSecr=3045563868 [TCP segment of a reassembled PDU]"
"79112","40.014633857","192.168.1.55","192.168.1.2","TCP","1514","8004  >  37176 [ACK] Seq=215510 Ack=144 Win=65024 Len=1448 TSval=2916044095 TSecr=3045563868 [TCP segment of a reassembled PDU]"
"79113","40.014634913","192.168.1.55","192.168.1.2","TCP","1514","8004  >  37176 [ACK] Seq=216958 Ack=144 Win=65024 Len=1448 TSval=2916044095 TSecr=3045563868 [TCP segment of a reassembled PDU]"
"79114","40.014636024","192.168.1.55","192.168.1.2","TCP","1514","8004  >  37176 [ACK] Seq=218406 Ack=144 Win=65024 Len=1448 TSval=2916044095 TSecr=3045563868 [TCP segment of a reassembled PDU]"
"79115","40.014637043","192.168.1.55","192.168.1.2","TCP","1514","8004  >  37176 [ACK] Seq=219854 Ack=144 Win=65024 Len=1448 TSval=2916044095 TSecr=3045563868 [TCP segment of a reassembled PDU]"
"79116","40.014638506","192.168.1.55","192.168.1.2","TCP","1514","8004  >  37176 [ACK] Seq=221302 Ack=144 Win=65024 Len=1448 TSval=2916044095 TSecr=3045563868 [TCP segment of a reassembled PDU]"
"79117","40.014639487","192.168.1.55","192.168.1.2","TCP","1514","8004  >  37176 [ACK] Seq=222750 Ack=144 Win=65024 Len=1448 TSval=2916044095 TSecr=3045563868 [TCP segment of a reassembled PDU]"
"79118","40.014640524","192.168.1.55","192.168.1.2","TCP","1514","8004  >  37176 [ACK] Seq=224198 Ack=144 Win=65024 Len=1448 TSval=2916044095 TSecr=3045563868 [TCP segment of a reassembled PDU]"
"79119","40.014641561","192.168.1.55","192.168.1.2","TCP","1514","8004  >  37176 [ACK] Seq=225646 Ack=144 Win=65024 Len=1448 TSval=2916044095 TSecr=3045563868 [TCP segment of a reassembled PDU]"
"79120","40.014642895","192.168.1.55","192.168.1.2","TCP","1514","8004  >  37176 [ACK] Seq=227094 Ack=144 Win=65024 Len=1448 TSval=2916044095 TSecr=3045563868 [TCP segment of a reassembled PDU]"
"79121","40.014643969","192.168.1.55","192.168.1.2","TCP","1514","8004  >  37176 [ACK] Seq=228542 Ack=144 Win=65024 Len=1448 TSval=2916044095 TSecr=3045563868 [TCP segment of a reassembled PDU]"
"79122","40.014645006","192.168.1.55","192.168.1.2","TCP","1514","8004  >  37176 [ACK] Seq=229990 Ack=144 Win=65024 Len=1448 TSval=2916044095 TSecr=3045563868 [TCP segment of a reassembled PDU]"
"79123","40.014646191","192.168.1.55","192.168.1.2","TCP","1514","8004  >  37176 [ACK] Seq=231438 Ack=144 Win=65024 Len=1448 TSval=2916044095 TSecr=3045563868 [TCP segment of a reassembled PDU]"
"79124","40.014647302","192.168.1.55","192.168.1.2","TCP","1514","8004  >  37176 [ACK] Seq=232886 Ack=144 Win=65024 Len=1448 TSval=2916044095 TSecr=3045563868 [TCP segment of a reassembled PDU]"
"79125","40.014648598","192.168.1.55","192.168.1.2","TCP","1514","8004  >  37176 [ACK] Seq=234334 Ack=144 Win=65024 Len=1448 TSval=2916044095 TSecr=3045563868 [TCP segment of a reassembled PDU]"
"79126","40.014649709","192.168.1.55","192.168.1.2","TCP","1514","8004  >  37176 [ACK] Seq=235782 Ack=144 Win=65024 Len=1448 TSval=2916044095 TSecr=3045563868 [TCP segment of a reassembled PDU]"
"79127","40.014650746","192.168.1.55","192.168.1.2","TCP","1514","8004  >  37176 [PSH, ACK] Seq=237230 Ack=144 Win=65024 Len=1448 TSval=2916044095 TSecr=3045563868 [TCP segment of a reassembled PDU]"
"79128","40.014654932","192.168.1.55","192.168.1.2","TCP","498","8004  >  37176 [ACK] Seq=238678 Ack=144 Win=65024 Len=432 TSval=2916044095 TSecr=3045563868 [TCP segment of a reassembled PDU]"
"79129","40.014670043","192.168.1.55","192.168.1.2","TCP","1514","8004  >  37176 [ACK] Seq=239110 Ack=144 Win=65024 Len=1448 TSval=2916044095 TSecr=3045563868 [TCP segment of a reassembled PDU]"
"79130","40.014671172","192.168.1.55","192.168.1.2","TCP","1514","8004  >  37176 [ACK] Seq=240558 Ack=144 Win=65024 Len=1448 TSval=2916044095 TSecr=3045563868 [TCP segment of a reassembled PDU]"
"79131","40.014672154","192.168.1.55","192.168.1.2","TCP","1514","8004  >  37176 [ACK] Seq=242006 Ack=144 Win=65024 Len=1448 TSval=2916044095 TSecr=3045563868 [TCP segment of a reassembled PDU]"
"79132","40.014673117","192.168.1.55","192.168.1.2","TCP","1514","8004  >  37176 [ACK] Seq=243454 Ack=144 Win=65024 Len=1448 TSval=2916044095 TSecr=3045563868 [TCP segment of a reassembled PDU]"
"79133","40.014674117","192.168.1.55","192.168.1.2","TCP","1514","8004  >  37176 [ACK] Seq=244902 Ack=144 Win=65024 Len=1448 TSval=2916044095 TSecr=3045563868 [TCP segment of a reassembled PDU]"
"79134","40.014675246","192.168.1.55","192.168.1.2","TCP","1514","8004  >  37176 [ACK] Seq=246350 Ack=144 Win=65024 Len=1448 TSval=2916044095 TSecr=3045563868 [TCP segment of a reassembled PDU]"
"79135","40.014676358","192.168.1.55","192.168.1.2","TCP","1514","8004  >  37176 [ACK] Seq=247798 Ack=144 Win=65024 Len=1448 TSval=2916044095 TSecr=3045563868 [TCP segment of a reassembled PDU]"
"79136","40.014677450","192.168.1.55","192.168.1.2","TCP","1514","8004  >  37176 [ACK] Seq=249246 Ack=144 Win=65024 Len=1448 TSval=2916044095 TSecr=3045563868 [TCP segment of a reassembled PDU]"
"79137","40.014678617","192.168.1.55","192.168.1.2","TCP","1514","8004  >  37176 [ACK] Seq=250694 Ack=144 Win=65024 Len=1448 TSval=2916044095 TSecr=3045563868 [TCP segment of a reassembled PDU]"
"79138","40.014679691","192.168.1.55","192.168.1.2","TCP","1514","8004  >  37176 [ACK] Seq=252142 Ack=144 Win=65024 Len=1448 TSval=2916044095 TSecr=3045563868 [TCP segment of a reassembled PDU]"
"79139","40.014680709","192.168.1.55","192.168.1.2","TCP","1514","8004  >  37176 [ACK] Seq=253590 Ack=144 Win=65024 Len=1448 TSval=2916044095 TSecr=3045563868 [TCP segment of a reassembled PDU]"
"79140","40.014681728","192.168.1.55","192.168.1.2","TCP","1514","8004  >  37176 [PSH, ACK] Seq=255038 Ack=144 Win=65024 Len=1448 TSval=2916044095 TSecr=3045563868 [TCP segment of a reassembled PDU]"
"79141","40.019819625","192.168.1.2","192.168.1.55","TCP","66","37176  >  8004 [ACK] Seq=144 Ack=184086 Win=79872 Len=0 TSval=3045563870 TSecr=2916044093"
"79142","40.019840310","192.168.1.55","192.168.1.2","TCP","1514","8004  >  37176 [ACK] Seq=256486 Ack=144 Win=65024 Len=1448 TSval=2916044100 TSecr=3045563870 [TCP segment of a reassembled PDU]"
"79143","40.019843310","192.168.1.55","192.168.1.2","TCP","1514","8004  >  37176 [ACK] Seq=257934 Ack=144 Win=65024 Len=1448 TSval=2916044100 TSecr=3045563870 [TCP segment of a reassembled PDU]"
"79144","40.019844662","192.168.1.55","192.168.1.2","TCP","1514","8004  >  37176 [ACK] Seq=259382 Ack=144 Win=65024 Len=1448 TSval=2916044100 TSecr=3045563870 [TCP segment of a reassembled PDU]"
"79145","40.019846070","192.168.1.55","192.168.1.2","TCP","1514","8004  >  37176 [ACK] Seq=260830 Ack=144 Win=65024 Len=1448 TSval=2916044100 TSecr=3045563870 [TCP segment of a reassembled PDU]"
"79146","40.019847347","192.168.1.55","192.168.1.2","TCP","1514","8004  >  37176 [PSH, ACK] Seq=262278 Ack=144 Win=65024 Len=1448 TSval=2916044100 TSecr=3045563870 [TCP segment of a reassembled PDU]"
"79147","40.019936662","192.168.1.2","192.168.1.55","TCP","66","37176  >  8004 [ACK] Seq=144 Ack=185534 Win=91136 Len=0 TSval=3045563871 TSecr=2916044093"
"79148","40.019943718","192.168.1.2","192.168.1.55","TCP","66","37176  >  8004 [ACK] Seq=144 Ack=188430 Win=94208 Len=0 TSval=3045563871 TSecr=2916044093"
"79149","40.019961644","192.168.1.55","192.168.1.2","TCP","1514","8004  >  37176 [ACK] Seq=263726 Ack=144 Win=65024 Len=1448 TSval=2916044100 TSecr=3045563871 [TCP segment of a reassembled PDU]"
"79150","40.019963477","192.168.1.55","192.168.1.2","TCP","1514","8004  >  37176 [ACK] Seq=265174 Ack=144 Win=65024 Len=1448 TSval=2916044100 TSecr=3045563871 [TCP segment of a reassembled PDU]"
"79151","40.019964774","192.168.1.55","192.168.1.2","TCP","1514","8004  >  37176 [ACK] Seq=266622 Ack=144 Win=65024 Len=1448 TSval=2916044100 TSecr=3045563871 [TCP segment of a reassembled PDU]"
"79152","40.019966181","192.168.1.55","192.168.1.2","TCP","1514","8004  >  37176 [ACK] Seq=268070 Ack=144 Win=65024 Len=1448 TSval=2916044100 TSecr=3045563871 [TCP segment of a reassembled PDU]"
"79153","40.019967477","192.168.1.55","192.168.1.2","TCP","1514","8004  >  37176 [ACK] Seq=269518 Ack=144 Win=65024 Len=1448 TSval=2916044100 TSecr=3045563871 [TCP segment of a reassembled PDU]"
"79154","40.019968903","192.168.1.55","192.168.1.2","TCP","1514","8004  >  37176 [ACK] Seq=270966 Ack=144 Win=65024 Len=1448 TSval=2916044100 TSecr=3045563871 [TCP segment of a reassembled PDU]"
"79155","40.019970237","192.168.1.55","192.168.1.2","TCP","1514","8004  >  37176 [ACK] Seq=272414 Ack=144 Win=65024 Len=1448 TSval=2916044100 TSecr=3045563871 [TCP segment of a reassembled PDU]"
"79156","40.019971959","192.168.1.55","192.168.1.2","TCP","1514","8004  >  37176 [ACK] Seq=273862 Ack=144 Win=65024 Len=1448 TSval=2916044100 TSecr=3045563871 [TCP segment of a reassembled PDU]"
"79157","40.019973366","192.168.1.55","192.168.1.2","TCP","1514","8004  >  37176 [ACK] Seq=275310 Ack=144 Win=65024 Len=1448 TSval=2916044100 TSecr=3045563871 [TCP segment of a reassembled PDU]"
"79158","40.019974662","192.168.1.55","192.168.1.2","TCP","1514","8004  >  37176 [ACK] Seq=276758 Ack=144 Win=65024 Len=1448 TSval=2916044100 TSecr=3045563871 [TCP segment of a reassembled PDU]"
"79159","40.019975996","192.168.1.55","192.168.1.2","TCP","1514","8004  >  37176 [ACK] Seq=278206 Ack=144 Win=65024 Len=1448 TSval=2916044100 TSecr=3045563871 [TCP segment of a reassembled PDU]"
"79160","40.019977477","192.168.1.55","192.168.1.2","TCP","1514","8004  >  37176 [PSH, ACK] Seq=279654 Ack=144 Win=65024 Len=1448 TSval=2916044100 TSecr=3045563871 [TCP segment of a reassembled PDU]"
"79161","40.021092553","192.168.1.2","192.168.1.55","TCP","66","37176  >  8004 [ACK] Seq=144 Ack=195670 Win=108544 Len=0 TSval=3045563875 TSecr=2916044094"
"79162","40.021117498","192.168.1.55","192.168.1.2","TCP","1514","8004  >  37176 [ACK] Seq=281102 Ack=144 Win=65024 Len=1448 TSval=2916044101 TSecr=3045563875 [TCP segment of a reassembled PDU]"
"79163","40.021120016","192.168.1.55","192.168.1.2","TCP","1514","8004  >  37176 [ACK] Seq=282550 Ack=144 Win=65024 Len=1448 TSval=2916044101 TSecr=3045563875 [TCP segment of a reassembled PDU]"
"79164","40.021121405","192.168.1.55","192.168.1.2","TCP","1514","8004  >  37176 [ACK] Seq=283998 Ack=144 Win=65024 Len=1448 TSval=2916044101 TSecr=3045563875 [TCP segment of a reassembled PDU]"
"79165","40.021122683","192.168.1.55","192.168.1.2","TCP","1514","8004  >  37176 [ACK] Seq=285446 Ack=144 Win=65024 Len=1448 TSval=2916044101 TSecr=3045563875 [TCP segment of a reassembled PDU]"
"79166","40.021124127","192.168.1.55","192.168.1.2","TCP","1514","8004  >  37176 [ACK] Seq=286894 Ack=144 Win=65024 Len=1448 TSval=2916044101 TSecr=3045563875 [TCP segment of a reassembled PDU]"
"79167","40.021125609","192.168.1.55","192.168.1.2","TCP","1514","8004  >  37176 [ACK] Seq=288342 Ack=144 Win=65024 Len=1448 TSval=2916044101 TSecr=3045563875 [TCP segment of a reassembled PDU]"
"79168","40.021126868","192.168.1.55","192.168.1.2","TCP","1514","8004  >  37176 [ACK] Seq=289790 Ack=144 Win=65024 Len=1448 TSval=2916044101 TSecr=3045563875 [TCP segment of a reassembled PDU]"
"79169","40.021128275","192.168.1.55","192.168.1.2","TCP","1514","8004  >  37176 [ACK] Seq=291238 Ack=144 Win=65024 Len=1448 TSval=2916044101 TSecr=3045563875 [TCP segment of a reassembled PDU]"
"79170","40.021129572","192.168.1.55","192.168.1.2","TCP","1514","8004  >  37176 [ACK] Seq=292686 Ack=144 Win=65024 Len=1448 TSval=2916044101 TSecr=3045563875 [TCP segment of a reassembled PDU]"
"79171","40.021131183","192.168.1.55","192.168.1.2","TCP","1514","8004  >  37176 [ACK] Seq=294134 Ack=144 Win=65024 Len=1448 TSval=2916044101 TSecr=3045563875 [TCP segment of a reassembled PDU]"
"79172","40.021132461","192.168.1.55","192.168.1.2","TCP","1514","8004  >  37176 [ACK] Seq=295582 Ack=144 Win=65024 Len=1448 TSval=2916044101 TSecr=3045563875 [TCP segment of a reassembled PDU]"
"79173","40.021133757","192.168.1.55","192.168.1.2","TCP","1514","8004  >  37176 [ACK] Seq=297030 Ack=144 Win=65024 Len=1448 TSval=2916044101 TSecr=3045563875 [TCP segment of a reassembled PDU]"
"79174","40.021135220","192.168.1.55","192.168.1.2","TCP","1514","8004  >  37176 [ACK] Seq=298478 Ack=144 Win=65024 Len=1448 TSval=2916044101 TSecr=3045563875 [TCP segment of a reassembled PDU]"
"79175","40.021136590","192.168.1.55","192.168.1.2","TCP","1514","8004  >  37176 [ACK] Seq=299926 Ack=144 Win=65024 Len=1448 TSval=2916044101 TSecr=3045563875 [TCP segment of a reassembled PDU]"
"79176","40.021137887","192.168.1.55","192.168.1.2","TCP","1514","8004  >  37176 [PSH, ACK] Seq=301374 Ack=144 Win=65024 Len=1448 TSval=2916044101 TSecr=3045563875 [TCP segment of a reassembled PDU]"
"79177","40.021799369","192.168.1.2","192.168.1.55","TCP","66","37176  >  8004 [ACK] Seq=144 Ack=197118 Win=111616 Len=0 TSval=3045563875 TSecr=2916044094"
"79178","40.021808758","192.168.1.2","192.168.1.55","TCP","66","37176  >  8004 [ACK] Seq=144 Ack=212614 Win=142336 Len=0 TSval=3045563875 TSecr=2916044095"
"79179","40.021824425","192.168.1.55","192.168.1.2","TCP","1514","8004  >  37176 [ACK] Seq=302822 Ack=144 Win=65024 Len=1448 TSval=2916044102 TSecr=3045563875 [TCP segment of a reassembled PDU]"
"79180","40.021826184","192.168.1.55","192.168.1.2","TCP","1514","8004  >  37176 [ACK] Seq=304270 Ack=144 Win=65024 Len=1448 TSval=2916044102 TSecr=3045563875 [TCP segment of a reassembled PDU]"
"79181","40.021827554","192.168.1.55","192.168.1.2","TCP","1514","8004  >  37176 [ACK] Seq=305718 Ack=144 Win=65024 Len=1448 TSval=2916044102 TSecr=3045563875 [TCP segment of a reassembled PDU]"
"79182","40.021828925","192.168.1.55","192.168.1.2","TCP","1514","8004  >  37176 [ACK] Seq=307166 Ack=144 Win=65024 Len=1448 TSval=2916044102 TSecr=3045563875 [TCP segment of a reassembled PDU]"
"79183","40.021830425","192.168.1.55","192.168.1.2","TCP","1514","8004  >  37176 [ACK] Seq=308614 Ack=144 Win=65024 Len=1448 TSval=2916044102 TSecr=3045563875 [TCP segment of a reassembled PDU]"
"79184","40.021831703","192.168.1.55","192.168.1.2","TCP","1514","8004  >  37176 [ACK] Seq=310062 Ack=144 Win=65024 Len=1448 TSval=2916044102 TSecr=3045563875 [TCP segment of a reassembled PDU]"
"79185","40.021832999","192.168.1.55","192.168.1.2","TCP","1514","8004  >  37176 [ACK] Seq=311510 Ack=144 Win=65024 Len=1448 TSval=2916044102 TSecr=3045563875 [TCP segment of a reassembled PDU]"
"79186","40.021834425","192.168.1.55","192.168.1.2","TCP","1514","8004  >  37176 [ACK] Seq=312958 Ack=144 Win=65024 Len=1448 TSval=2916044102 TSecr=3045563875 [TCP segment of a reassembled PDU]"
"79187","40.021835869","192.168.1.55","192.168.1.2","TCP","1514","8004  >  37176 [ACK] Seq=314406 Ack=144 Win=65024 Len=1448 TSval=2916044102 TSecr=3045563875 [TCP segment of a reassembled PDU]"
"79188","40.021837166","192.168.1.55","192.168.1.2","TCP","1514","8004  >  37176 [ACK] Seq=315854 Ack=144 Win=65024 Len=1448 TSval=2916044102 TSecr=3045563875 [TCP segment of a reassembled PDU]"
"79189","40.021838684","192.168.1.55","192.168.1.2","TCP","1514","8004  >  37176 [ACK] Seq=317302 Ack=144 Win=65024 Len=1448 TSval=2916044102 TSecr=3045563875 [TCP segment of a reassembled PDU]"
"79190","40.021839980","192.168.1.55","192.168.1.2","TCP","1514","8004  >  37176 [ACK] Seq=318750 Ack=144 Win=65024 Len=1448 TSval=2916044102 TSecr=3045563875 [TCP segment of a reassembled PDU]"
"79191","40.021841351","192.168.1.55","192.168.1.2","TCP","1514","8004  >  37176 [ACK] Seq=320198 Ack=144 Win=65024 Len=1448 TSval=2916044102 TSecr=3045563875 [TCP segment of a reassembled PDU]"
"79192","40.021842758","192.168.1.55","192.168.1.2","TCP","1514","8004  >  37176 [PSH, ACK] Seq=321646 Ack=144 Win=65024 Len=1448 TSval=2916044102 TSecr=3045563875 [TCP segment of a reassembled PDU]"
"79193","40.021847240","192.168.1.2","192.168.1.55","TCP","66","37176  >  8004 [ACK] Seq=144 Ack=250694 Win=128000 Len=0 TSval=3045563875 TSecr=2916044095"
"79194","40.021885869","192.168.1.55","192.168.1.2","TCP","1514","8004  >  37176 [ACK] Seq=323094 Ack=144 Win=65024 Len=1448 TSval=2916044102 TSecr=3045563875 [TCP segment of a reassembled PDU]"
"79195","40.021887814","192.168.1.55","192.168.1.2","TCP","1514","8004  >  37176 [ACK] Seq=324542 Ack=144 Win=65024 Len=1448 TSval=2916044102 TSecr=3045563875 [TCP segment of a reassembled PDU]"
"79196","40.021889166","192.168.1.55","192.168.1.2","TCP","1514","8004  >  37176 [ACK] Seq=325990 Ack=144 Win=65024 Len=1448 TSval=2916044102 TSecr=3045563875 [TCP segment of a reassembled PDU]"
"79197","40.021890592","192.168.1.55","192.168.1.2","TCP","1514","8004  >  37176 [ACK] Seq=327438 Ack=144 Win=65024 Len=1448 TSval=2916044102 TSecr=3045563875 [TCP segment of a reassembled PDU]"
"79198","40.021891962","192.168.1.55","192.168.1.2","TCP","1514","8004  >  37176 [ACK] Seq=328886 Ack=144 Win=65024 Len=1448 TSval=2916044102 TSecr=3045563875 [TCP segment of a reassembled PDU]"
"79199","40.021893295","192.168.1.55","192.168.1.2","TCP","1514","8004  >  37176 [ACK] Seq=330334 Ack=144 Win=65024 Len=1448 TSval=2916044102 TSecr=3045563875 [TCP segment of a reassembled PDU]"
"79200","40.021894758","192.168.1.55","192.168.1.2","TCP","1514","8004  >  37176 [ACK] Seq=331782 Ack=144 Win=65024 Len=1448 TSval=2916044102 TSecr=3045563875 [TCP segment of a reassembled PDU]"
"79201","40.021896184","192.168.1.55","192.168.1.2","TCP","1514","8004  >  37176 [ACK] Seq=333230 Ack=144 Win=65024 Len=1448 TSval=2916044102 TSecr=3045563875 [TCP segment of a reassembled PDU]"
"79202","40.021898036","192.168.1.55","192.168.1.2","TCP","1514","8004  >  37176 [ACK] Seq=334678 Ack=144 Win=65024 Len=1448 TSval=2916044102 TSecr=3045563875 [TCP segment of a reassembled PDU]"
"79203","40.021899425","192.168.1.55","192.168.1.2","TCP","1514","8004  >  37176 [ACK] Seq=336126 Ack=144 Win=65024 Len=1448 TSval=2916044102 TSecr=3045563875 [TCP segment of a reassembled PDU]"
"79204","40.021901092","192.168.1.55","192.168.1.2","TCP","1514","8004  >  37176 [ACK] Seq=337574 Ack=144 Win=65024 Len=1448 TSval=2916044102 TSecr=3045563875 [TCP segment of a reassembled PDU]"
"79205","40.021902462","192.168.1.55","192.168.1.2","TCP","1514","8004  >  37176 [ACK] Seq=339022 Ack=144 Win=65024 Len=1448 TSval=2916044102 TSecr=3045563875 [TCP segment of a reassembled PDU]"
"79206","40.021903851","192.168.1.55","192.168.1.2","TCP","1514","8004  >  37176 [ACK] Seq=340470 Ack=144 Win=65024 Len=1448 TSval=2916044102 TSecr=3045563875 [TCP segment of a reassembled PDU]"
"79207","40.021905369","192.168.1.55","192.168.1.2","TCP","1514","8004  >  37176 [ACK] Seq=341918 Ack=144 Win=65024 Len=1448 TSval=2916044102 TSecr=3045563875 [TCP segment of a reassembled PDU]"
"79208","40.021906647","192.168.1.55","192.168.1.2","TCP","1514","8004  >  37176 [ACK] Seq=343366 Ack=144 Win=65024 Len=1448 TSval=2916044102 TSecr=3045563875 [TCP segment of a reassembled PDU]"
"79209","40.021907943","192.168.1.55","192.168.1.2","TCP","1514","8004  >  37176 [ACK] Seq=344814 Ack=144 Win=65024 Len=1448 TSval=2916044102 TSecr=3045563875 [TCP segment of a reassembled PDU]"
"79210","40.021909443","192.168.1.55","192.168.1.2","TCP","1514","8004  >  37176 [ACK] Seq=346262 Ack=144 Win=65024 Len=1448 TSval=2916044102 TSecr=3045563875 [TCP segment of a reassembled PDU]"
"79211","40.021910740","192.168.1.55","192.168.1.2","TCP","1514","8004  >  37176 [ACK] Seq=347710 Ack=144 Win=65024 Len=1448 TSval=2916044102 TSecr=3045563875 [TCP segment of a reassembled PDU]"
"79212","40.021912110","192.168.1.55","192.168.1.2","TCP","1514","8004  >  37176 [ACK] Seq=349158 Ack=144 Win=65024 Len=1448 TSval=2916044102 TSecr=3045563875 [TCP segment of a reassembled PDU]"
"79213","40.021913517","192.168.1.55","192.168.1.2","TCP","1514","8004  >  37176 [ACK] Seq=350606 Ack=144 Win=65024 Len=1448 TSval=2916044102 TSecr=3045563875 [TCP segment of a reassembled PDU]"
"79214","40.021914795","192.168.1.55","192.168.1.2","TCP","1514","8004  >  37176 [ACK] Seq=352054 Ack=144 Win=65024 Len=1448 TSval=2916044102 TSecr=3045563875 [TCP segment of a reassembled PDU]"
"79215","40.021916369","192.168.1.55","192.168.1.2","TCP","1514","8004  >  37176 [ACK] Seq=353502 Ack=144 Win=65024 Len=1448 TSval=2916044102 TSecr=3045563875 [TCP segment of a reassembled PDU]"
"79216","40.021917666","192.168.1.55","192.168.1.2","TCP","1514","8004  >  37176 [ACK] Seq=354950 Ack=144 Win=65024 Len=1448 TSval=2916044102 TSecr=3045563875 [TCP segment of a reassembled PDU]"
"79217","40.021919073","192.168.1.55","192.168.1.2","TCP","1514","8004  >  37176 [ACK] Seq=356398 Ack=144 Win=65024 Len=1448 TSval=2916044102 TSecr=3045563875 [TCP segment of a reassembled PDU]"
"79218","40.021920369","192.168.1.55","192.168.1.2","TCP","1514","8004  >  37176 [ACK] Seq=357846 Ack=144 Win=65024 Len=1448 TSval=2916044102 TSecr=3045563875 [TCP segment of a reassembled PDU]"
"79219","40.021921629","192.168.1.55","192.168.1.2","TCP","1514","8004  >  37176 [ACK] Seq=359294 Ack=144 Win=65024 Len=1448 TSval=2916044102 TSecr=3045563875 [TCP segment of a reassembled PDU]"
"79220","40.021922999","192.168.1.55","192.168.1.2","TCP","1514","8004  >  37176 [ACK] Seq=360742 Ack=144 Win=65024 Len=1448 TSval=2916044102 TSecr=3045563875 [TCP segment of a reassembled PDU]"
"79221","40.021924295","192.168.1.55","192.168.1.2","TCP","1514","8004  >  37176 [ACK] Seq=362190 Ack=144 Win=65024 Len=1448 TSval=2916044102 TSecr=3045563875 [TCP segment of a reassembled PDU]"
"79222","40.021925666","192.168.1.55","192.168.1.2","TCP","1514","8004  >  37176 [ACK] Seq=363638 Ack=144 Win=65024 Len=1448 TSval=2916044102 TSecr=3045563875 [TCP segment of a reassembled PDU]"
"79223","40.021926962","192.168.1.55","192.168.1.2","TCP","1514","8004  >  37176 [PSH, ACK] Seq=365086 Ack=144 Win=65024 Len=1448 TSval=2916044102 TSecr=3045563875 [TCP segment of a reassembled PDU]"
"79224","40.021931499","192.168.1.2","192.168.1.55","TCP","66","37176  >  8004 [ACK] Seq=144 Ack=253590 Win=125952 Len=0 TSval=3045563875 TSecr=2916044095"
"79225","40.021990129","192.168.1.2","192.168.1.55","TCP","66","37176  >  8004 [ACK] Seq=144 Ack=255038 Win=145408 Len=0 TSval=3045563876 TSecr=2916044095"
"79226","40.021997499","192.168.1.2","192.168.1.55","TCP","66","37176  >  8004 [ACK] Seq=144 Ack=256486 Win=148480 Len=0 TSval=3045563876 TSecr=2916044095"
"79227","40.022040110","192.168.1.55","192.168.1.2","TCP","1514","8004  >  37176 [ACK] Seq=366534 Ack=144 Win=65024 Len=1448 TSval=2916044102 TSecr=3045563876 [TCP segment of a reassembled PDU]"
"79228","40.022043018","192.168.1.55","192.168.1.2","TCP","1514","8004  >  37176 [ACK] Seq=367982 Ack=144 Win=65024 Len=1448 TSval=2916044102 TSecr=3045563876 [TCP segment of a reassembled PDU]"
"79229","40.022044407","192.168.1.55","192.168.1.2","TCP","1514","8004  >  37176 [ACK] Seq=369430 Ack=144 Win=65024 Len=1448 TSval=2916044102 TSecr=3045563876 [TCP segment of a reassembled PDU]"
"79230","40.022046129","192.168.1.55","192.168.1.2","TCP","1514","8004  >  37176 [ACK] Seq=370878 Ack=144 Win=65024 Len=1448 TSval=2916044102 TSecr=3045563876 [TCP segment of a reassembled PDU]"
"79231","40.022047444","192.168.1.55","192.168.1.2","TCP","1514","8004  >  37176 [ACK] Seq=372326 Ack=144 Win=65024 Len=1448 TSval=2916044102 TSecr=3045563876 [TCP segment of a reassembled PDU]"
"79232","40.022048833","192.168.1.55","192.168.1.2","TCP","1514","8004  >  37176 [ACK] Seq=373774 Ack=144 Win=65024 Len=1448 TSval=2916044102 TSecr=3045563876 [TCP segment of a reassembled PDU]"
"79233","40.022050221","192.168.1.55","192.168.1.2","TCP","1514","8004  >  37176 [ACK] Seq=375222 Ack=144 Win=65024 Len=1448 TSval=2916044102 TSecr=3045563876 [TCP segment of a reassembled PDU]"
"79234","40.022051573","192.168.1.55","192.168.1.2","TCP","1514","8004  >  37176 [ACK] Seq=376670 Ack=144 Win=65024 Len=1448 TSval=2916044102 TSecr=3045563876 [TCP segment of a reassembled PDU]"
"79235","40.022052870","192.168.1.55","192.168.1.2","TCP","1514","8004  >  37176 [ACK] Seq=378118 Ack=144 Win=65024 Len=1448 TSval=2916044102 TSecr=3045563876 [TCP segment of a reassembled PDU]"
"79236","40.022054351","192.168.1.55","192.168.1.2","TCP","1514","8004  >  37176 [ACK] Seq=379566 Ack=144 Win=65024 Len=1448 TSval=2916044102 TSecr=3045563876 [TCP segment of a reassembled PDU]"
"79237","40.022055740","192.168.1.55","192.168.1.2","TCP","1514","8004  >  37176 [ACK] Seq=381014 Ack=144 Win=65024 Len=1448 TSval=2916044102 TSecr=3045563876 [TCP segment of a reassembled PDU]"
"79238","40.022057147","192.168.1.55","192.168.1.2","TCP","1514","8004  >  37176 [ACK] Seq=382462 Ack=144 Win=65024 Len=1448 TSval=2916044102 TSecr=3045563876 [TCP segment of a reassembled PDU]"
"79239","40.022058462","192.168.1.55","192.168.1.2","TCP","1514","8004  >  37176 [ACK] Seq=383910 Ack=144 Win=65024 Len=1448 TSval=2916044102 TSecr=3045563876 [TCP segment of a reassembled PDU]"
"79240","40.022059833","192.168.1.55","192.168.1.2","TCP","1514","8004  >  37176 [ACK] Seq=385358 Ack=144 Win=65024 Len=1448 TSval=2916044102 TSecr=3045563876 [TCP segment of a reassembled PDU]"
"79241","40.022061314","192.168.1.55","192.168.1.2","TCP","1514","8004  >  37176 [ACK] Seq=386806 Ack=144 Win=65024 Len=1448 TSval=2916044102 TSecr=3045563876 [TCP segment of a reassembled PDU]"
"79242","40.022062647","192.168.1.55","192.168.1.2","TCP","1514","8004  >  37176 [ACK] Seq=388254 Ack=144 Win=65024 Len=1448 TSval=2916044102 TSecr=3045563876 [TCP segment of a reassembled PDU]"
"79243","40.022064110","192.168.1.55","192.168.1.2","TCP","1514","8004  >  37176 [ACK] Seq=389702 Ack=144 Win=65024 Len=1448 TSval=2916044102 TSecr=3045563876 [TCP segment of a reassembled PDU]"
"79244","40.022065555","192.168.1.55","192.168.1.2","TCP","1514","8004  >  37176 [ACK] Seq=391150 Ack=144 Win=65024 Len=1448 TSval=2916044102 TSecr=3045563876 [TCP segment of a reassembled PDU]"
"79245","40.022066851","192.168.1.55","192.168.1.2","TCP","1514","8004  >  37176 [ACK] Seq=392598 Ack=144 Win=65024 Len=1448 TSval=2916044102 TSecr=3045563876 [TCP segment of a reassembled PDU]"
"79246","40.022068203","192.168.1.55","192.168.1.2","TCP","1514","8004  >  37176 [ACK] Seq=394046 Ack=144 Win=65024 Len=1448 TSval=2916044102 TSecr=3045563876 [TCP segment of a reassembled PDU]"
"79247","40.022069481","192.168.1.55","192.168.1.2","TCP","1514","8004  >  37176 [ACK] Seq=395494 Ack=144 Win=65024 Len=1448 TSval=2916044102 TSecr=3045563876 [TCP segment of a reassembled PDU]"
"79248","40.022070796","192.168.1.55","192.168.1.2","TCP","1514","8004  >  37176 [ACK] Seq=396942 Ack=144 Win=65024 Len=1448 TSval=2916044102 TSecr=3045563876 [TCP segment of a reassembled PDU]"
"79249","40.022072166","192.168.1.55","192.168.1.2","TCP","1514","8004  >  37176 [ACK] Seq=398390 Ack=144 Win=65024 Len=1448 TSval=2916044102 TSecr=3045563876 [TCP segment of a reassembled PDU]"
"79250","40.022073444","192.168.1.55","192.168.1.2","TCP","1514","8004  >  37176 [ACK] Seq=399838 Ack=144 Win=65024 Len=1448 TSval=2916044102 TSecr=3045563876 [TCP segment of a reassembled PDU]"
"79251","40.022074851","192.168.1.55","192.168.1.2","TCP","1514","8004  >  37176 [ACK] Seq=401286 Ack=144 Win=65024 Len=1448 TSval=2916044102 TSecr=3045563876 [TCP segment of a reassembled PDU]"
"79252","40.022076129","192.168.1.55","192.168.1.2","TCP","1514","8004  >  37176 [ACK] Seq=402734 Ack=144 Win=65024 Len=1448 TSval=2916044102 TSecr=3045563876 [TCP segment of a reassembled PDU]"
"79253","40.022077425","192.168.1.55","192.168.1.2","TCP","850","[TCP Window Full] 8004  >  37176 [PSH, ACK] Seq=404182 Ack=144 Win=65024 Len=784 TSval=2916044102 TSecr=3045563876 [TCP segment of a reassembled PDU]"
"79254","40.029974123","192.168.1.2","192.168.1.55","TCP","66","37176  >  8004 [ACK] Seq=144 Ack=263726 Win=154624 Len=0 TSval=3045563879 TSecr=2916044100"
"79255","40.029988216","192.168.1.55","192.168.1.2","TCP","1514","8004  >  37176 [ACK] Seq=404966 Ack=144 Win=65024 Len=1448 TSval=2916044110 TSecr=3045563879 [TCP segment of a reassembled PDU]"
"79256","40.029990808","192.168.1.55","192.168.1.2","TCP","1514","8004  >  37176 [ACK] Seq=406414 Ack=144 Win=65024 Len=1448 TSval=2916044110 TSecr=3045563879 [TCP segment of a reassembled PDU]"
"79257","40.029992105","192.168.1.55","192.168.1.2","TCP","1514","8004  >  37176 [PSH, ACK] Seq=407862 Ack=144 Win=65024 Len=1448 TSval=2916044110 TSecr=3045563879 [TCP segment of a reassembled PDU]"
"79258","40.029996994","192.168.1.55","192.168.1.2","TCP","730","8004  >  37176 [ACK] Seq=409310 Ack=144 Win=65024 Len=664 TSval=2916044110 TSecr=3045563879 [TCP segment of a reassembled PDU]"
"79259","40.030259587","192.168.1.2","192.168.1.55","TCP","66","37176  >  8004 [ACK] Seq=144 Ack=283998 Win=135168 Len=0 TSval=3045563879 TSecr=2916044100"
"79260","40.030268142","192.168.1.2","192.168.1.55","TCP","66","37176  >  8004 [ACK] Seq=144 Ack=294134 Win=152576 Len=0 TSval=3045563879 TSecr=2916044101"
"79261","40.030272846","192.168.1.2","192.168.1.55","TCP","66","37176  >  8004 [ACK] Seq=144 Ack=302822 Win=153600 Len=0 TSval=3045563885 TSecr=2916044101"
"79262","40.030310402","192.168.1.55","192.168.1.2","TCP","1514","8004  >  37176 [ACK] Seq=409974 Ack=144 Win=65024 Len=1448 TSval=2916044110 TSecr=3045563885 [TCP segment of a reassembled PDU]"
"79263","40.030313068","192.168.1.55","192.168.1.2","TCP","1514","8004  >  37176 [ACK] Seq=411422 Ack=144 Win=65024 Len=1448 TSval=2916044110 TSecr=3045563885 [TCP segment of a reassembled PDU]"
"79264","40.030314402","192.168.1.55","192.168.1.2","TCP","1514","8004  >  37176 [ACK] Seq=412870 Ack=144 Win=65024 Len=1448 TSval=2916044110 TSecr=3045563885 [TCP segment of a reassembled PDU]"
"79265","40.030315828","192.168.1.55","192.168.1.2","TCP","1514","8004  >  37176 [ACK] Seq=414318 Ack=144 Win=65024 Len=1448 TSval=2916044110 TSecr=3045563885 [TCP segment of a reassembled PDU]"
"79266","40.030317587","192.168.1.55","192.168.1.2","TCP","1514","8004  >  37176 [ACK] Seq=415766 Ack=144 Win=65024 Len=1448 TSval=2916044110 TSecr=3045563885 [TCP segment of a reassembled PDU]"
"79267","40.030318883","192.168.1.55","192.168.1.2","TCP","1514","8004  >  37176 [ACK] Seq=417214 Ack=144 Win=65024 Len=1448 TSval=2916044110 TSecr=3045563885 [TCP segment of a reassembled PDU]"
"79268","40.030320402","192.168.1.55","192.168.1.2","TCP","1514","8004  >  37176 [ACK] Seq=418662 Ack=144 Win=65024 Len=1448 TSval=2916044110 TSecr=3045563885 [TCP segment of a reassembled PDU]"
"79269","40.030321735","192.168.1.55","192.168.1.2","TCP","1514","8004  >  37176 [ACK] Seq=420110 Ack=144 Win=65024 Len=1448 TSval=2916044110 TSecr=3045563885 [TCP segment of a reassembled PDU]"
"79270","40.030323031","192.168.1.55","192.168.1.2","TCP","1514","8004  >  37176 [ACK] Seq=421558 Ack=144 Win=65024 Len=1448 TSval=2916044110 TSecr=3045563885 [TCP segment of a reassembled PDU]"
"79271","40.030324513","192.168.1.55","192.168.1.2","TCP","1514","8004  >  37176 [ACK] Seq=423006 Ack=144 Win=65024 Len=1448 TSval=2916044110 TSecr=3045563885 [TCP segment of a reassembled PDU]"
"79272","40.030326124","192.168.1.55","192.168.1.2","TCP","1514","8004  >  37176 [ACK] Seq=424454 Ack=144 Win=65024 Len=1448 TSval=2916044110 TSecr=3045563885 [TCP segment of a reassembled PDU]"
"79273","40.030327698","192.168.1.55","192.168.1.2","TCP","1514","8004  >  37176 [ACK] Seq=425902 Ack=144 Win=65024 Len=1448 TSval=2916044110 TSecr=3045563885 [TCP segment of a reassembled PDU]"
"79274","40.030333383","192.168.1.55","192.168.1.2","TCP","1514","8004  >  37176 [ACK] Seq=427350 Ack=144 Win=65024 Len=1448 TSval=2916044110 TSecr=3045563885 [TCP segment of a reassembled PDU]"
"79275","40.030335142","192.168.1.55","192.168.1.2","TCP","1514","8004  >  37176 [ACK] Seq=428798 Ack=144 Win=65024 Len=1448 TSval=2916044110 TSecr=3045563885 [TCP segment of a reassembled PDU]"
"79276","40.030336642","192.168.1.55","192.168.1.2","TCP","1514","8004  >  37176 [ACK] Seq=430246 Ack=144 Win=65024 Len=1448 TSval=2916044110 TSecr=3045563885 [TCP segment of a reassembled PDU]"
"79277","40.030337976","192.168.1.55","192.168.1.2","TCP","1514","8004  >  37176 [ACK] Seq=431694 Ack=144 Win=65024 Len=1448 TSval=2916044110 TSecr=3045563885 [TCP segment of a reassembled PDU]"
"79278","40.030339420","192.168.1.55","192.168.1.2","TCP","1514","8004  >  37176 [ACK] Seq=433142 Ack=144 Win=65024 Len=1448 TSval=2916044110 TSecr=3045563885 [TCP segment of a reassembled PDU]"
"79279","40.030340735","192.168.1.55","192.168.1.2","TCP","1514","8004  >  37176 [ACK] Seq=434590 Ack=144 Win=65024 Len=1448 TSval=2916044110 TSecr=3045563885 [TCP segment of a reassembled PDU]"
"79280","40.030342494","192.168.1.55","192.168.1.2","TCP","1514","8004  >  37176 [ACK] Seq=436038 Ack=144 Win=65024 Len=1448 TSval=2916044110 TSecr=3045563885 [TCP segment of a reassembled PDU]"
"79281","40.030343957","192.168.1.55","192.168.1.2","TCP","1514","8004  >  37176 [ACK] Seq=437486 Ack=144 Win=65024 Len=1448 TSval=2916044110 TSecr=3045563885 [TCP segment of a reassembled PDU]"
"79282","40.030345272","192.168.1.55","192.168.1.2","TCP","1514","8004  >  37176 [ACK] Seq=438934 Ack=144 Win=65024 Len=1448 TSval=2916044110 TSecr=3045563885 [TCP segment of a reassembled PDU]"
"79283","40.030346642","192.168.1.55","192.168.1.2","TCP","1514","8004  >  37176 [ACK] Seq=440382 Ack=144 Win=65024 Len=1448 TSval=2916044110 TSecr=3045563885 [TCP segment of a reassembled PDU]"
"79284","40.030348031","192.168.1.55","192.168.1.2","TCP","1514","8004  >  37176 [ACK] Seq=441830 Ack=144 Win=65024 Len=1448 TSval=2916044110 TSecr=3045563885 [TCP segment of a reassembled PDU]"
"79285","40.030349346","192.168.1.55","192.168.1.2","TCP","1514","8004  >  37176 [ACK] Seq=443278 Ack=144 Win=65024 Len=1448 TSval=2916044110 TSecr=3045563885 [TCP segment of a reassembled PDU]"
"79286","40.030350846","192.168.1.55","192.168.1.2","TCP","1514","8004  >  37176 [ACK] Seq=444726 Ack=144 Win=65024 Len=1448 TSval=2916044110 TSecr=3045563885 [TCP segment of a reassembled PDU]"
"79287","40.030352254","192.168.1.55","192.168.1.2","TCP","1514","8004  >  37176 [ACK] Seq=446174 Ack=144 Win=65024 Len=1448 TSval=2916044110 TSecr=3045563885 [TCP segment of a reassembled PDU]"
"79288","40.030353642","192.168.1.55","192.168.1.2","TCP","1514","8004  >  37176 [ACK] Seq=447622 Ack=144 Win=65024 Len=1448 TSval=2916044110 TSecr=3045563885 [TCP segment of a reassembled PDU]"
"79289","40.030355087","192.168.1.55","192.168.1.2","TCP","1514","8004  >  37176 [ACK] Seq=449070 Ack=144 Win=65024 Len=1448 TSval=2916044110 TSecr=3045563885 [TCP segment of a reassembled PDU]"
"79290","40.030356402","192.168.1.55","192.168.1.2","TCP","1514","8004  >  37176 [ACK] Seq=450518 Ack=144 Win=65024 Len=1448 TSval=2916044110 TSecr=3045563885 [TCP segment of a reassembled PDU]"
"79291","40.030357809","192.168.1.55","192.168.1.2","TCP","1514","8004  >  37176 [PSH, ACK] Seq=451966 Ack=144 Win=65024 Len=1448 TSval=2916044110 TSecr=3045563885 [TCP segment of a reassembled PDU]"
"79292","40.030365568","192.168.1.2","192.168.1.55","TCP","66","37176  >  8004 [ACK] Seq=144 Ack=321646 Win=146432 Len=0 TSval=3045563885 TSecr=2916044102"
"79293","40.032900869","192.168.1.2","192.168.1.55","TCP","66","37176  >  8004 [ACK] Seq=144 Ack=323094 Win=157696 Len=0 TSval=3045563885 TSecr=2916044102"
"79294","40.032927480","192.168.1.55","192.168.1.2","TCP","1514","8004  >  37176 [ACK] Seq=453414 Ack=144 Win=65024 Len=1448 TSval=2916044113 TSecr=3045563885 [TCP segment of a reassembled PDU]"
"79295","40.032930110","192.168.1.55","192.168.1.2","TCP","1514","8004  >  37176 [ACK] Seq=454862 Ack=144 Win=65024 Len=1448 TSval=2916044113 TSecr=3045563885 [TCP segment of a reassembled PDU]"
"79296","40.032931610","192.168.1.55","192.168.1.2","TCP","1514","8004  >  37176 [ACK] Seq=456310 Ack=144 Win=65024 Len=1448 TSval=2916044113 TSecr=3045563885 [TCP segment of a reassembled PDU]"
"79297","40.032932906","192.168.1.55","192.168.1.2","TCP","1514","8004  >  37176 [ACK] Seq=457758 Ack=144 Win=65024 Len=1448 TSval=2916044113 TSecr=3045563885 [TCP segment of a reassembled PDU]"
"79298","40.032934313","192.168.1.55","192.168.1.2","TCP","1514","8004  >  37176 [ACK] Seq=459206 Ack=144 Win=65024 Len=1448 TSval=2916044113 TSecr=3045563885 [TCP segment of a reassembled PDU]"
"79299","40.032935739","192.168.1.55","192.168.1.2","TCP","1514","8004  >  37176 [ACK] Seq=460654 Ack=144 Win=65024 Len=1448 TSval=2916044113 TSecr=3045563885 [TCP segment of a reassembled PDU]"
"79300","40.032937054","192.168.1.55","192.168.1.2","TCP","1514","8004  >  37176 [ACK] Seq=462102 Ack=144 Win=65024 Len=1448 TSval=2916044113 TSecr=3045563885 [TCP segment of a reassembled PDU]"
"79301","40.032938517","192.168.1.55","192.168.1.2","TCP","1514","8004  >  37176 [ACK] Seq=463550 Ack=144 Win=65024 Len=1448 TSval=2916044113 TSecr=3045563885 [TCP segment of a reassembled PDU]"
"79302","40.032940147","192.168.1.55","192.168.1.2","TCP","1514","8004  >  37176 [ACK] Seq=464998 Ack=144 Win=65024 Len=1448 TSval=2916044113 TSecr=3045563885 [TCP segment of a reassembled PDU]"
"79303","40.032941591","192.168.1.55","192.168.1.2","TCP","1514","8004  >  37176 [ACK] Seq=466446 Ack=144 Win=65024 Len=1448 TSval=2916044113 TSecr=3045563885 [TCP segment of a reassembled PDU]"
"79304","40.032942850","192.168.1.55","192.168.1.2","TCP","1514","8004  >  37176 [ACK] Seq=467894 Ack=144 Win=65024 Len=1448 TSval=2916044113 TSecr=3045563885 [TCP segment of a reassembled PDU]"
"79305","40.032944221","192.168.1.55","192.168.1.2","TCP","1514","8004  >  37176 [ACK] Seq=469342 Ack=144 Win=65024 Len=1448 TSval=2916044113 TSecr=3045563885 [TCP segment of a reassembled PDU]"
"79306","40.032945628","192.168.1.55","192.168.1.2","TCP","1514","8004  >  37176 [ACK] Seq=470790 Ack=144 Win=65024 Len=1448 TSval=2916044113 TSecr=3045563885 [TCP segment of a reassembled PDU]"
"79307","40.032946998","192.168.1.55","192.168.1.2","TCP","1514","8004  >  37176 [ACK] Seq=472238 Ack=144 Win=65024 Len=1448 TSval=2916044113 TSecr=3045563885 [TCP segment of a reassembled PDU]"
"79308","40.032948573","192.168.1.55","192.168.1.2","TCP","1514","8004  >  37176 [ACK] Seq=473686 Ack=144 Win=65024 Len=1448 TSval=2916044113 TSecr=3045563885 [TCP segment of a reassembled PDU]"
"79309","40.032949869","192.168.1.55","192.168.1.2","TCP","1514","8004  >  37176 [ACK] Seq=475134 Ack=144 Win=65024 Len=1448 TSval=2916044113 TSecr=3045563885 [TCP segment of a reassembled PDU]"
"79310","40.032951147","192.168.1.55","192.168.1.2","TCP","1514","8004  >  37176 [ACK] Seq=476582 Ack=144 Win=65024 Len=1448 TSval=2916044113 TSecr=3045563885 [TCP segment of a reassembled PDU]"
"79311","40.032952573","192.168.1.55","192.168.1.2","TCP","1514","8004  >  37176 [PSH, ACK] Seq=478030 Ack=144 Win=65024 Len=1448 TSval=2916044113 TSecr=3045563885 [TCP segment of a reassembled PDU]"
"79312","40.033027184","192.168.1.2","192.168.1.55","TCP","66","37176  >  8004 [ACK] Seq=144 Ack=366534 Win=122880 Len=0 TSval=3045563885 TSecr=2916044102"
"79313","40.033036999","192.168.1.2","192.168.1.55","TCP","66","37176  >  8004 [ACK] Seq=144 Ack=404966 Win=84992 Len=0 TSval=3045563885 TSecr=2916044102"
"79314","40.033051054","192.168.1.55","192.168.1.2","TCP","1514","8004  >  37176 [ACK] Seq=479478 Ack=144 Win=65024 Len=1448 TSval=2916044113 TSecr=3045563885 [TCP segment of a reassembled PDU]"
"79315","40.033052980","192.168.1.55","192.168.1.2","TCP","1514","8004  >  37176 [ACK] Seq=480926 Ack=144 Win=65024 Len=1448 TSval=2916044113 TSecr=3045563885 [TCP segment of a reassembled PDU]"
"79316","40.033054239","192.168.1.55","192.168.1.2","TCP","1514","8004  >  37176 [ACK] Seq=482374 Ack=144 Win=65024 Len=1448 TSval=2916044113 TSecr=3045563885 [TCP segment of a reassembled PDU]"
"79317","40.033055610","192.168.1.55","192.168.1.2","TCP","1514","8004  >  37176 [ACK] Seq=483822 Ack=144 Win=65024 Len=1448 TSval=2916044113 TSecr=3045563885 [TCP segment of a reassembled PDU]"
"79318","40.033057054","192.168.1.55","192.168.1.2","TCP","1514","8004  >  37176 [ACK] Seq=485270 Ack=144 Win=65024 Len=1448 TSval=2916044113 TSecr=3045563885 [TCP segment of a reassembled PDU]"
"79319","40.033058369","192.168.1.55","192.168.1.2","TCP","1514","8004  >  37176 [ACK] Seq=486718 Ack=144 Win=65024 Len=1448 TSval=2916044113 TSecr=3045563885 [TCP segment of a reassembled PDU]"
"79320","40.033059739","192.168.1.55","192.168.1.2","TCP","1514","8004  >  37176 [PSH, ACK] Seq=488166 Ack=144 Win=65024 Len=1448 TSval=2916044113 TSecr=3045563885 [TCP segment of a reassembled PDU]"
"79321","40.036403004","192.168.1.2","192.168.1.55","TCP","66","37176  >  8004 [ACK] Seq=144 Ack=409310 Win=157696 Len=0 TSval=3045563890 TSecr=2916044110"
"79322","40.036416337","192.168.1.55","192.168.1.2","TCP","1514","8004  >  37176 [ACK] Seq=489614 Ack=144 Win=65024 Len=1448 TSval=2916044117 TSecr=3045563890 [TCP segment of a reassembled PDU]"
"79323","40.036418745","192.168.1.55","192.168.1.2","TCP","1514","8004  >  37176 [ACK] Seq=491062 Ack=144 Win=65024 Len=1448 TSval=2916044117 TSecr=3045563890 [TCP segment of a reassembled PDU]"
"79324","40.036420134","192.168.1.55","192.168.1.2","TCP","1514","8004  >  37176 [ACK] Seq=492510 Ack=144 Win=65024 Len=1448 TSval=2916044117 TSecr=3045563890 [TCP segment of a reassembled PDU]"
"79325","40.036421523","192.168.1.55","192.168.1.2","TCP","1514","8004  >  37176 [ACK] Seq=493958 Ack=144 Win=65024 Len=1448 TSval=2916044117 TSecr=3045563890 [TCP segment of a reassembled PDU]"
"79326","40.036422949","192.168.1.55","192.168.1.2","TCP","1514","8004  >  37176 [PSH, ACK] Seq=495406 Ack=144 Win=65024 Len=1448 TSval=2916044117 TSecr=3045563890 [TCP segment of a reassembled PDU]"
"79327","40.036428338","192.168.1.55","192.168.1.2","TCP","1514","8004  >  37176 [ACK] Seq=496854 Ack=144 Win=65024 Len=1448 TSval=2916044117 TSecr=3045563890 [TCP segment of a reassembled PDU]"
"79328","40.036431893","192.168.1.55","192.168.1.2","HTTP","222","HTTP/1.0 200 OK  (PNG)"
"79329","40.036489671","192.168.1.2","192.168.1.55","TCP","66","37176  >  8004 [ACK] Seq=144 Ack=433142 Win=183296 Len=0 TSval=3045563890 TSecr=2916044110"
"79330","40.036529356","192.168.1.2","192.168.1.55","TCP","66","37176  >  8004 [ACK] Seq=144 Ack=453414 Win=186368 Len=0 TSval=3045563890 TSecr=2916044110"
"79331","40.040010566","192.168.1.2","192.168.1.55","TCP","66","37176  >  8004 [ACK] Seq=144 Ack=479478 Win=201728 Len=0 TSval=3045563894 TSecr=2916044113"
"79332","40.040139066","192.168.1.2","192.168.1.55","TCP","66","37176  >  8004 [ACK] Seq=144 Ack=489614 Win=192512 Len=0 TSval=3045563894 TSecr=2916044113"
"79333","40.040145455","192.168.1.2","192.168.1.55","TCP","66","37176  >  8004 [ACK] Seq=144 Ack=492510 Win=207872 Len=0 TSval=3045563894 TSecr=2916044117"
"79334","40.040918919","192.168.1.2","192.168.1.55","TCP","66","37176  >  8004 [ACK] Seq=144 Ack=496854 Win=216064 Len=0 TSval=3045563896 TSecr=2916044117"
"79335","40.041030604","192.168.1.2","192.168.1.55","TCP","66","37176  >  8004 [ACK] Seq=144 Ack=498459 Win=222208 Len=0 TSval=3045563896 TSecr=2916044117"
"79336","40.042930793","192.168.1.2","192.168.1.55","TCP","66","37176  >  8004 [FIN, ACK] Seq=144 Ack=498459 Win=222208 Len=0 TSval=3045563896 TSecr=2916044117"
"79337","40.042950830","192.168.1.55","192.168.1.2","TCP","66","8004  >  37176 [ACK] Seq=498459 Ack=145 Win=65024 Len=0 TSval=2916044123 TSecr=3045563896"
"79338","40.042991904","192.168.1.2","192.168.1.55","TCP","74","37186  >  8004 [SYN] Seq=0 Win=64240 Len=0 MSS=1460 SACK_PERM TSval=3045563897 TSecr=0 WS=1024"
"79339","40.043008182","192.168.1.55","192.168.1.2","TCP","74","8004  >  37186 [SYN, ACK] Seq=0 Ack=1 Win=65160 Len=0 MSS=1460 SACK_PERM TSval=2916044123 TSecr=3045563897 WS=128"
"79340","40.046506595","192.168.1.2","192.168.1.55","TCP","66","37186  >  8004 [ACK] Seq=1 Ack=1 Win=64512 Len=0 TSval=3045563901 TSecr=2916044123"
"79341","40.049737470","192.168.1.2","192.168.1.55","HTTP","206","GET /stego_benchmark.png HTTP/1.1 "
"79342","40.049756748","192.168.1.55","192.168.1.2","TCP","66","8004  >  37186 [ACK] Seq=1 Ack=141 Win=65024 Len=0 TSval=2916044130 TSecr=3045563901"
"79343","40.050239119","192.168.1.55","192.168.1.2","TCP","255","8004  >  37186 [PSH, ACK] Seq=1 Ack=141 Win=65024 Len=189 TSval=2916044130 TSecr=3045563901 [TCP segment of a reassembled PDU]"
"79344","40.050342619","192.168.1.55","192.168.1.2","TCP","1514","8004  >  37186 [ACK] Seq=190 Ack=141 Win=65024 Len=1448 TSval=2916044131 TSecr=3045563901 [TCP segment of a reassembled PDU]"
"79345","40.050347138","192.168.1.55","192.168.1.2","TCP","1514","8004  >  37186 [ACK] Seq=1638 Ack=141 Win=65024 Len=1448 TSval=2916044131 TSecr=3045563901 [TCP segment of a reassembled PDU]"
"79346","40.050348712","192.168.1.55","192.168.1.2","TCP","1514","8004  >  37186 [ACK] Seq=3086 Ack=141 Win=65024 Len=1448 TSval=2916044131 TSecr=3045563901 [TCP segment of a reassembled PDU]"
"79347","40.050350064","192.168.1.55","192.168.1.2","TCP","1514","8004  >  37186 [ACK] Seq=4534 Ack=141 Win=65024 Len=1448 TSval=2916044131 TSecr=3045563901 [TCP segment of a reassembled PDU]"
"79348","40.050351916","192.168.1.55","192.168.1.2","TCP","1514","8004  >  37186 [PSH, ACK] Seq=5982 Ack=141 Win=65024 Len=1448 TSval=2916044131 TSecr=3045563901 [TCP segment of a reassembled PDU]"
"79349","40.050372657","192.168.1.55","192.168.1.2","TCP","1514","8004  >  37186 [ACK] Seq=7430 Ack=141 Win=65024 Len=1448 TSval=2916044131 TSecr=3045563901 [TCP segment of a reassembled PDU]"
"79350","40.050374731","192.168.1.55","192.168.1.2","TCP","1514","8004  >  37186 [ACK] Seq=8878 Ack=141 Win=65024 Len=1448 TSval=2916044131 TSecr=3045563901 [TCP segment of a reassembled PDU]"
"79351","40.050376231","192.168.1.55","192.168.1.2","TCP","1514","8004  >  37186 [ACK] Seq=10326 Ack=141 Win=65024 Len=1448 TSval=2916044131 TSecr=3045563901 [TCP segment of a reassembled PDU]"
"79352","40.050377527","192.168.1.55","192.168.1.2","TCP","1514","8004  >  37186 [PSH, ACK] Seq=11774 Ack=141 Win=65024 Len=1448 TSval=2916044131 TSecr=3045563901 [TCP segment of a reassembled PDU]"
"79353","40.053784644","192.168.1.2","192.168.1.55","TCP","66","37186  >  8004 [ACK] Seq=141 Ack=190 Win=64512 Len=0 TSval=3045563908 TSecr=2916044130"
"79354","40.053807088","192.168.1.55","192.168.1.2","TCP","1514","8004  >  37186 [ACK] Seq=13222 Ack=141 Win=65024 Len=1448 TSval=2916044134 TSecr=3045563908 [TCP segment of a reassembled PDU]"
"79355","40.053810625","192.168.1.55","192.168.1.2","TCP","1514","8004  >  37186 [PSH, ACK] Seq=14670 Ack=141 Win=65024 Len=1448 TSval=2916044134 TSecr=3045563908 [TCP segment of a reassembled PDU]"
"79356","40.053871977","192.168.1.2","192.168.1.55","TCP","66","37186  >  8004 [ACK] Seq=141 Ack=3086 Win=70656 Len=0 TSval=3045563908 TSecr=2916044131"
"79357","40.053879070","192.168.1.2","192.168.1.55","TCP","66","37186  >  8004 [ACK] Seq=141 Ack=5982 Win=76800 Len=0 TSval=3045563908 TSecr=2916044131"
"79358","40.053894107","192.168.1.55","192.168.1.2","TCP","1514","8004  >  37186 [ACK] Seq=16118 Ack=141 Win=65024 Len=1448 TSval=2916044134 TSecr=3045563908 [TCP segment of a reassembled PDU]"
"79359","40.053895977","192.168.1.55","192.168.1.2","TCP","1514","8004  >  37186 [ACK] Seq=17566 Ack=141 Win=65024 Len=1448 TSval=2916044134 TSecr=3045563908 [TCP segment of a reassembled PDU]"
"79360","40.053897366","192.168.1.55","192.168.1.2","TCP","1514","8004  >  37186 [ACK] Seq=19014 Ack=141 Win=65024 Len=1448 TSval=2916044134 TSecr=3045563908 [TCP segment of a reassembled PDU]"
"79361","40.053898792","192.168.1.55","192.168.1.2","TCP","1514","8004  >  37186 [ACK] Seq=20462 Ack=141 Win=65024 Len=1448 TSval=2916044134 TSecr=3045563908 [TCP segment of a reassembled PDU]"
"79362","40.053900088","192.168.1.55","192.168.1.2","TCP","1514","8004  >  37186 [ACK] Seq=21910 Ack=141 Win=65024 Len=1448 TSval=2916044134 TSecr=3045563908 [TCP segment of a reassembled PDU]"
"79363","40.053901440","192.168.1.55","192.168.1.2","TCP","1514","8004  >  37186 [ACK] Seq=23358 Ack=141 Win=65024 Len=1448 TSval=2916044134 TSecr=3045563908 [TCP segment of a reassembled PDU]"
"79364","40.053902810","192.168.1.55","192.168.1.2","TCP","1514","8004  >  37186 [PSH, ACK] Seq=24806 Ack=141 Win=65024 Len=1448 TSval=2916044134 TSecr=3045563908 [TCP segment of a reassembled PDU]"
"79365","40.055109275","192.168.1.2","192.168.1.55","TCP","66","37186  >  8004 [ACK] Seq=141 Ack=7430 Win=79872 Len=0 TSval=3045563909 TSecr=2916044131"
"79366","40.055248794","192.168.1.55","192.168.1.2","TCP","1514","8004  >  37186 [ACK] Seq=26254 Ack=141 Win=65024 Len=1448 TSval=2916044135 TSecr=3045563909 [TCP segment of a reassembled PDU]"
"79367","40.055273591","192.168.1.55","192.168.1.2","TCP","1514","8004  >  37186 [ACK] Seq=27702 Ack=141 Win=65024 Len=1448 TSval=2916044135 TSecr=3045563909 [TCP segment of a reassembled PDU]"
"79368","40.055276665","192.168.1.55","192.168.1.2","TCP","1514","8004  >  37186 [PSH, ACK] Seq=29150 Ack=141 Win=65024 Len=1448 TSval=2916044135 TSecr=3045563909 [TCP segment of a reassembled PDU]"
"79369","40.056141351","192.168.1.2","192.168.1.55","TCP","66","37186  >  8004 [ACK] Seq=141 Ack=13222 Win=79872 Len=0 TSval=3045563909 TSecr=2916044131"
"79370","40.056177870","192.168.1.55","192.168.1.2","TCP","1514","8004  >  37186 [ACK] Seq=30598 Ack=141 Win=65024 Len=1448 TSval=2916044136 TSecr=3045563909 [TCP segment of a reassembled PDU]"
"79371","40.056182629","192.168.1.55","192.168.1.2","TCP","1514","8004  >  37186 [ACK] Seq=32046 Ack=141 Win=65024 Len=1448 TSval=2916044136 TSecr=3045563909 [TCP segment of a reassembled PDU]"
"79372","40.056184129","192.168.1.55","192.168.1.2","TCP","1514","8004  >  37186 [ACK] Seq=33494 Ack=141 Win=65024 Len=1448 TSval=2916044136 TSecr=3045563909 [TCP segment of a reassembled PDU]"
"79373","40.056185536","192.168.1.55","192.168.1.2","TCP","1514","8004  >  37186 [ACK] Seq=34942 Ack=141 Win=65024 Len=1448 TSval=2916044136 TSecr=3045563909 [TCP segment of a reassembled PDU]"
"79374","40.056187203","192.168.1.55","192.168.1.2","TCP","1514","8004  >  37186 [ACK] Seq=36390 Ack=141 Win=65024 Len=1448 TSval=2916044136 TSecr=3045563909 [TCP segment of a reassembled PDU]"
"79375","40.056188592","192.168.1.55","192.168.1.2","TCP","1514","8004  >  37186 [ACK] Seq=37838 Ack=141 Win=65024 Len=1448 TSval=2916044136 TSecr=3045563909 [TCP segment of a reassembled PDU]"
"79376","40.056190629","192.168.1.55","192.168.1.2","TCP","1514","8004  >  37186 [ACK] Seq=39286 Ack=141 Win=65024 Len=1448 TSval=2916044136 TSecr=3045563909 [TCP segment of a reassembled PDU]"
"79377","40.056191907","192.168.1.55","192.168.1.2","TCP","1514","8004  >  37186 [PSH, ACK] Seq=40734 Ack=141 Win=65024 Len=1448 TSval=2916044136 TSecr=3045563909 [TCP segment of a reassembled PDU]"
"79378","40.058574522","192.168.1.2","192.168.1.55","TCP","66","37186  >  8004 [ACK] Seq=141 Ack=14670 Win=81920 Len=0 TSval=3045563911 TSecr=2916044134"
"79379","40.058620503","192.168.1.55","192.168.1.2","TCP","1514","8004  >  37186 [ACK] Seq=42182 Ack=141 Win=65024 Len=1448 TSval=2916044139 TSecr=3045563911 [TCP segment of a reassembled PDU]"
"79380","40.058627003","192.168.1.55","192.168.1.2","TCP","1514","8004  >  37186 [PSH, ACK] Seq=43630 Ack=141 Win=65024 Len=1448 TSval=2916044139 TSecr=3045563911 [TCP segment of a reassembled PDU]"
"79381","40.060705136","192.168.1.2","192.168.1.55","TCP","66","37186  >  8004 [ACK] Seq=141 Ack=16118 Win=84992 Len=0 TSval=3045563914 TSecr=2916044134"
"79382","40.060715692","192.168.1.55","192.168.1.2","TCP","1514","8004  >  37186 [ACK] Seq=45078 Ack=141 Win=65024 Len=1448 TSval=2916044141 TSecr=3045563914 [TCP segment of a reassembled PDU]"
"79383","40.060718303","192.168.1.55","192.168.1.2","TCP","1514","8004  >  37186 [PSH, ACK] Seq=46526 Ack=141 Win=65024 Len=1448 TSval=2916044141 TSecr=3045563914 [TCP segment of a reassembled PDU]"
"79384","40.060916378","192.168.1.2","192.168.1.55","TCP","66","37186  >  8004 [ACK] Seq=141 Ack=26254 Win=81920 Len=0 TSval=3045563914 TSecr=2916044134"
"79385","40.060945896","192.168.1.55","192.168.1.2","TCP","1514","8004  >  37186 [ACK] Seq=47974 Ack=141 Win=65024 Len=1448 TSval=2916044141 TSecr=3045563914 [TCP segment of a reassembled PDU]"
"79386","40.060948359","192.168.1.55","192.168.1.2","TCP","1514","8004  >  37186 [ACK] Seq=49422 Ack=141 Win=65024 Len=1448 TSval=2916044141 TSecr=3045563914 [TCP segment of a reassembled PDU]"
"79387","40.060949822","192.168.1.55","192.168.1.2","TCP","1514","8004  >  37186 [ACK] Seq=50870 Ack=141 Win=65024 Len=1448 TSval=2916044141 TSecr=3045563914 [TCP segment of a reassembled PDU]"
"79388","40.060950970","192.168.1.55","192.168.1.2","TCP","1514","8004  >  37186 [ACK] Seq=52318 Ack=141 Win=65024 Len=1448 TSval=2916044141 TSecr=3045563914 [TCP segment of a reassembled PDU]"
"79389","40.060952341","192.168.1.55","192.168.1.2","TCP","1514","8004  >  37186 [ACK] Seq=53766 Ack=141 Win=65024 Len=1448 TSval=2916044141 TSecr=3045563914 [TCP segment of a reassembled PDU]"
"79390","40.060954044","192.168.1.55","192.168.1.2","TCP","1514","8004  >  37186 [ACK] Seq=55214 Ack=141 Win=65024 Len=1448 TSval=2916044141 TSecr=3045563914 [TCP segment of a reassembled PDU]"
"79391","40.060955896","192.168.1.55","192.168.1.2","TCP","1514","8004  >  37186 [ACK] Seq=56662 Ack=141 Win=65024 Len=1448 TSval=2916044141 TSecr=3045563914 [TCP segment of a reassembled PDU]"
"79392","40.060957822","192.168.1.55","192.168.1.2","TCP","1514","8004  >  37186 [ACK] Seq=58110 Ack=141 Win=65024 Len=1448 TSval=2916044141 TSecr=3045563914 [TCP segment of a reassembled PDU]"
"79393","40.060959229","192.168.1.55","192.168.1.2","TCP","1514","8004  >  37186 [ACK] Seq=59558 Ack=141 Win=65024 Len=1448 TSval=2916044141 TSecr=3045563914 [TCP segment of a reassembled PDU]"
"79394","40.060960581","192.168.1.55","192.168.1.2","TCP","1514","8004  >  37186 [ACK] Seq=61006 Ack=141 Win=65024 Len=1448 TSval=2916044141 TSecr=3045563914 [TCP segment of a reassembled PDU]"
"79395","40.060961785","192.168.1.55","192.168.1.2","TCP","1514","8004  >  37186 [ACK] Seq=62454 Ack=141 Win=65024 Len=1448 TSval=2916044141 TSecr=3045563914 [TCP segment of a reassembled PDU]"
"79396","40.060963026","192.168.1.55","192.168.1.2","TCP","1514","8004  >  37186 [ACK] Seq=63902 Ack=141 Win=65024 Len=1448 TSval=2916044141 TSecr=3045563914 [TCP segment of a reassembled PDU]"
"79397","40.060965118","192.168.1.55","192.168.1.2","TCP","1514","8004  >  37186 [ACK] Seq=65350 Ack=141 Win=65024 Len=1448 TSval=2916044141 TSecr=3045563914 [TCP segment of a reassembled PDU]"
"79398","40.060966989","192.168.1.55","192.168.1.2","TCP","1514","8004  >  37186 [PSH, ACK] Seq=66798 Ack=141 Win=65024 Len=1448 TSval=2916044141 TSecr=3045563914 [TCP segment of a reassembled PDU]"
"79399","40.060971970","192.168.1.2","192.168.1.55","TCP","66","37186  >  8004 [ACK] Seq=141 Ack=30598 Win=77824 Len=0 TSval=3045563914 TSecr=2916044135"
"79400","40.060993174","192.168.1.55","192.168.1.2","TCP","1514","8004  >  37186 [ACK] Seq=68246 Ack=141 Win=65024 Len=1448 TSval=2916044141 TSecr=3045563914 [TCP segment of a reassembled PDU]"
"79401","40.060994952","192.168.1.55","192.168.1.2","TCP","1514","8004  >  37186 [ACK] Seq=69694 Ack=141 Win=65024 Len=1448 TSval=2916044141 TSecr=3045563914 [TCP segment of a reassembled PDU]"
"79402","40.060996100","192.168.1.55","192.168.1.2","TCP","1514","8004  >  37186 [ACK] Seq=71142 Ack=141 Win=65024 Len=1448 TSval=2916044141 TSecr=3045563914 [TCP segment of a reassembled PDU]"
"79403","40.060997637","192.168.1.55","192.168.1.2","TCP","1514","8004  >  37186 [ACK] Seq=72590 Ack=141 Win=65024 Len=1448 TSval=2916044141 TSecr=3045563914 [TCP segment of a reassembled PDU]"
"79404","40.061000155","192.168.1.55","192.168.1.2","TCP","1514","8004  >  37186 [ACK] Seq=74038 Ack=141 Win=65024 Len=1448 TSval=2916044141 TSecr=3045563914 [TCP segment of a reassembled PDU]"
"79405","40.061001729","192.168.1.55","192.168.1.2","TCP","1514","8004  >  37186 [PSH, ACK] Seq=75486 Ack=141 Win=65024 Len=1448 TSval=2916044141 TSecr=3045563914 [TCP segment of a reassembled PDU]"
"79406","40.061894805","192.168.1.2","192.168.1.55","TCP","66","37186  >  8004 [ACK] Seq=141 Ack=37838 Win=84992 Len=0 TSval=3045563915 TSecr=2916044136"
"79407","40.062047250","192.168.1.55","192.168.1.2","TCP","1514","8004  >  37186 [ACK] Seq=76934 Ack=141 Win=65024 Len=1448 TSval=2916044142 TSecr=3045563915 [TCP segment of a reassembled PDU]"
"79408","40.062053861","192.168.1.55","192.168.1.2","TCP","1514","8004  >  37186 [ACK] Seq=78382 Ack=141 Win=65024 Len=1448 TSval=2916044142 TSecr=3045563915 [TCP segment of a reassembled PDU]"
"79409","40.062055990","192.168.1.55","192.168.1.2","TCP","1514","8004  >  37186 [ACK] Seq=79830 Ack=141 Win=65024 Len=1448 TSval=2916044142 TSecr=3045563915 [TCP segment of a reassembled PDU]"
"79410","40.062057694","192.168.1.55","192.168.1.2","TCP","1514","8004  >  37186 [ACK] Seq=81278 Ack=141 Win=65024 Len=1448 TSval=2916044142 TSecr=3045563915 [TCP segment of a reassembled PDU]"
"79411","40.062059342","192.168.1.55","192.168.1.2","TCP","1514","8004  >  37186 [ACK] Seq=82726 Ack=141 Win=65024 Len=1448 TSval=2916044142 TSecr=3045563915 [TCP segment of a reassembled PDU]"
"79412","40.062062120","192.168.1.55","192.168.1.2","TCP","1514","8004  >  37186 [ACK] Seq=84174 Ack=141 Win=65024 Len=1448 TSval=2916044142 TSecr=3045563915 [TCP segment of a reassembled PDU]"
"79413","40.062063379","192.168.1.55","192.168.1.2","TCP","1514","8004  >  37186 [ACK] Seq=85622 Ack=141 Win=65024 Len=1448 TSval=2916044142 TSecr=3045563915 [TCP segment of a reassembled PDU]"
"79414","40.062064935","192.168.1.55","192.168.1.2","TCP","1514","8004  >  37186 [ACK] Seq=87070 Ack=141 Win=65024 Len=1448 TSval=2916044142 TSecr=3045563915 [TCP segment of a reassembled PDU]"
"79415","40.062066879","192.168.1.55","192.168.1.2","TCP","1514","8004  >  37186 [ACK] Seq=88518 Ack=141 Win=65024 Len=1448 TSval=2916044142 TSecr=3045563915 [TCP segment of a reassembled PDU]"
"79416","40.062069083","192.168.1.55","192.168.1.2","TCP","1514","8004  >  37186 [PSH, ACK] Seq=89966 Ack=141 Win=65024 Len=1448 TSval=2916044142 TSecr=3045563915 [TCP segment of a reassembled PDU]"
"79417","40.062565862","192.168.1.2","192.168.1.55","TCP","66","37186  >  8004 [ACK] Seq=141 Ack=40734 Win=90112 Len=0 TSval=3045563916 TSecr=2916044136"
"79418","40.062575862","192.168.1.2","192.168.1.55","TCP","66","37186  >  8004 [ACK] Seq=141 Ack=42182 Win=90112 Len=0 TSval=3045563916 TSecr=2916044136"
"79419","40.064460754","192.168.1.2","192.168.1.55","TCP","66","37186  >  8004 [ACK] Seq=141 Ack=45078 Win=90112 Len=0 TSval=3045563917 TSecr=2916044139"
"79420","40.064490180","192.168.1.55","192.168.1.2","TCP","1514","8004  >  37186 [ACK] Seq=91414 Ack=141 Win=65024 Len=1448 TSval=2916044145 TSecr=3045563917 [TCP segment of a reassembled PDU]"
"79421","40.064493457","192.168.1.55","192.168.1.2","TCP","1514","8004  >  37186 [ACK] Seq=92862 Ack=141 Win=65024 Len=1448 TSval=2916044145 TSecr=3045563917 [TCP segment of a reassembled PDU]"
"79422","40.064495254","192.168.1.55","192.168.1.2","TCP","1514","8004  >  37186 [ACK] Seq=94310 Ack=141 Win=65024 Len=1448 TSval=2916044145 TSecr=3045563917 [TCP segment of a reassembled PDU]"
"79423","40.064496494","192.168.1.55","192.168.1.2","TCP","1514","8004  >  37186 [ACK] Seq=95758 Ack=141 Win=65024 Len=1448 TSval=2916044145 TSecr=3045563917 [TCP segment of a reassembled PDU]"
"79424","40.064498717","192.168.1.55","192.168.1.2","TCP","1514","8004  >  37186 [ACK] Seq=97206 Ack=141 Win=65024 Len=1448 TSval=2916044145 TSecr=3045563917 [TCP segment of a reassembled PDU]"
"79425","40.064500272","192.168.1.55","192.168.1.2","TCP","1514","8004  >  37186 [ACK] Seq=98654 Ack=141 Win=65024 Len=1448 TSval=2916044145 TSecr=3045563917 [TCP segment of a reassembled PDU]"
"79426","40.064501883","192.168.1.55","192.168.1.2","TCP","1514","8004  >  37186 [ACK] Seq=100102 Ack=141 Win=65024 Len=1448 TSval=2916044145 TSecr=3045563917 [TCP segment of a reassembled PDU]"
"79427","40.064503106","192.168.1.55","192.168.1.2","TCP","1514","8004  >  37186 [ACK] Seq=101550 Ack=141 Win=65024 Len=1448 TSval=2916044145 TSecr=3045563917 [TCP segment of a reassembled PDU]"
"79428","40.064506069","192.168.1.55","192.168.1.2","TCP","1514","8004  >  37186 [ACK] Seq=102998 Ack=141 Win=65024 Len=1448 TSval=2916044145 TSecr=3045563917 [TCP segment of a reassembled PDU]"
"79429","40.064507717","192.168.1.55","192.168.1.2","TCP","1514","8004  >  37186 [PSH, ACK] Seq=104446 Ack=141 Win=65024 Len=1448 TSval=2916044145 TSecr=3045563917 [TCP segment of a reassembled PDU]"
"79430","40.070010078","192.168.1.2","192.168.1.55","TCP","66","37186  >  8004 [ACK] Seq=141 Ack=46526 Win=90112 Len=0 TSval=3045563920 TSecr=2916044141"
"79431","40.070026559","192.168.1.55","192.168.1.2","TCP","1514","8004  >  37186 [ACK] Seq=105894 Ack=141 Win=65024 Len=1448 TSval=2916044150 TSecr=3045563920 [TCP segment of a reassembled PDU]"
"79432","40.070029578","192.168.1.55","192.168.1.2","TCP","1514","8004  >  37186 [PSH, ACK] Seq=107342 Ack=141 Win=65024 Len=1448 TSval=2916044150 TSecr=3045563920 [TCP segment of a reassembled PDU]"
"79433","40.070258059","192.168.1.2","192.168.1.55","TCP","66","37186  >  8004 [ACK] Seq=141 Ack=47974 Win=91136 Len=0 TSval=3045563920 TSecr=2916044141"
"79434","40.070265800","192.168.1.2","192.168.1.55","TCP","66","37186  >  8004 [ACK] Seq=141 Ack=68246 Win=73728 Len=0 TSval=3045563920 TSecr=2916044141"
"79435","40.070277078","192.168.1.55","192.168.1.2","TCP","1514","8004  >  37186 [ACK] Seq=108790 Ack=141 Win=65024 Len=1448 TSval=2916044150 TSecr=3045563920 [TCP segment of a reassembled PDU]"
"79436","40.070278559","192.168.1.55","192.168.1.2","TCP","1514","8004  >  37186 [ACK] Seq=110238 Ack=141 Win=65024 Len=1448 TSval=2916044150 TSecr=3045563920 [TCP segment of a reassembled PDU]"
"79437","40.070279819","192.168.1.55","192.168.1.2","TCP","1514","8004  >  37186 [ACK] Seq=111686 Ack=141 Win=65024 Len=1448 TSval=2916044150 TSecr=3045563920 [TCP segment of a reassembled PDU]"
"79438","40.070280967","192.168.1.55","192.168.1.2","TCP","1514","8004  >  37186 [ACK] Seq=113134 Ack=141 Win=65024 Len=1448 TSval=2916044150 TSecr=3045563920 [TCP segment of a reassembled PDU]"
"79439","40.070282134","192.168.1.55","192.168.1.2","TCP","1514","8004  >  37186 [ACK] Seq=114582 Ack=141 Win=65024 Len=1448 TSval=2916044150 TSecr=3045563920 [TCP segment of a reassembled PDU]"
"79440","40.070283263","192.168.1.55","192.168.1.2","TCP","1514","8004  >  37186 [ACK] Seq=116030 Ack=141 Win=65024 Len=1448 TSval=2916044150 TSecr=3045563920 [TCP segment of a reassembled PDU]"
"79441","40.070284652","192.168.1.55","192.168.1.2","TCP","1514","8004  >  37186 [PSH, ACK] Seq=117478 Ack=141 Win=65024 Len=1448 TSval=2916044150 TSecr=3045563920 [TCP segment of a reassembled PDU]"
"79442","40.070290115","192.168.1.2","192.168.1.55","TCP","66","37186  >  8004 [ACK] Seq=141 Ack=81278 Win=61440 Len=0 TSval=3045563920 TSecr=2916044141"
"79443","40.070317448","192.168.1.55","192.168.1.2","TCP","1514","8004  >  37186 [ACK] Seq=118926 Ack=141 Win=65024 Len=1448 TSval=2916044151 TSecr=3045563920 [TCP segment of a reassembled PDU]"
"79444","40.070319041","192.168.1.55","192.168.1.2","TCP","1514","8004  >  37186 [ACK] Seq=120374 Ack=141 Win=65024 Len=1448 TSval=2916044151 TSecr=3045563920 [TCP segment of a reassembled PDU]"
"79445","40.070320245","192.168.1.55","192.168.1.2","TCP","1514","8004  >  37186 [ACK] Seq=121822 Ack=141 Win=65024 Len=1448 TSval=2916044151 TSecr=3045563920 [TCP segment of a reassembled PDU]"
"79446","40.070321522","192.168.1.55","192.168.1.2","TCP","1514","8004  >  37186 [ACK] Seq=123270 Ack=141 Win=65024 Len=1448 TSval=2916044151 TSecr=3045563920 [TCP segment of a reassembled PDU]"
"79447","40.070322708","192.168.1.55","192.168.1.2","TCP","1514","8004  >  37186 [ACK] Seq=124718 Ack=141 Win=65024 Len=1448 TSval=2916044151 TSecr=3045563920 [TCP segment of a reassembled PDU]"
"79448","40.070324004","192.168.1.55","192.168.1.2","TCP","1514","8004  >  37186 [ACK] Seq=126166 Ack=141 Win=65024 Len=1448 TSval=2916044151 TSecr=3045563920 [TCP segment of a reassembled PDU]"
"79449","40.070325171","192.168.1.55","192.168.1.2","TCP","1514","8004  >  37186 [ACK] Seq=127614 Ack=141 Win=65024 Len=1448 TSval=2916044151 TSecr=3045563920 [TCP segment of a reassembled PDU]"
"79450","40.070326541","192.168.1.55","192.168.1.2","TCP","1514","8004  >  37186 [ACK] Seq=129062 Ack=141 Win=65024 Len=1448 TSval=2916044151 TSecr=3045563920 [TCP segment of a reassembled PDU]"
"79451","40.070327856","192.168.1.55","192.168.1.2","TCP","1514","8004  >  37186 [ACK] Seq=130510 Ack=141 Win=65024 Len=1448 TSval=2916044151 TSecr=3045563920 [TCP segment of a reassembled PDU]"
"79452","40.070329004","192.168.1.55","192.168.1.2","TCP","1514","8004  >  37186 [ACK] Seq=131958 Ack=141 Win=65024 Len=1448 TSval=2916044151 TSecr=3045563920 [TCP segment of a reassembled PDU]"
"79453","40.070330430","192.168.1.55","192.168.1.2","TCP","1514","8004  >  37186 [ACK] Seq=133406 Ack=141 Win=65024 Len=1448 TSval=2916044151 TSecr=3045563920 [TCP segment of a reassembled PDU]"
"79454","40.070331578","192.168.1.55","192.168.1.2","TCP","1514","8004  >  37186 [ACK] Seq=134854 Ack=141 Win=65024 Len=1448 TSval=2916044151 TSecr=3045563920 [TCP segment of a reassembled PDU]"
"79455","40.070332800","192.168.1.55","192.168.1.2","TCP","1514","8004  >  37186 [ACK] Seq=136302 Ack=141 Win=65024 Len=1448 TSval=2916044151 TSecr=3045563920 [TCP segment of a reassembled PDU]"
"79456","40.070334060","192.168.1.55","192.168.1.2","TCP","1514","8004  >  37186 [ACK] Seq=137750 Ack=141 Win=65024 Len=1448 TSval=2916044151 TSecr=3045563920 [TCP segment of a reassembled PDU]"
"79457","40.070335189","192.168.1.55","192.168.1.2","TCP","1514","8004  >  37186 [ACK] Seq=139198 Ack=141 Win=65024 Len=1448 TSval=2916044151 TSecr=3045563920 [TCP segment of a reassembled PDU]"
"79458","40.070336485","192.168.1.55","192.168.1.2","TCP","1514","8004  >  37186 [ACK] Seq=140646 Ack=141 Win=65024 Len=1448 TSval=2916044151 TSecr=3045563920 [TCP segment of a reassembled PDU]"
"79459","40.070337652","192.168.1.55","192.168.1.2","TCP","690","[TCP Window Full] 8004  >  37186 [PSH, ACK] Seq=142094 Ack=141 Win=65024 Len=624 TSval=2916044151 TSecr=3045563920 [TCP segment of a reassembled PDU]"
"79460","40.070344467","192.168.1.2","192.168.1.55","TCP","66","37186  >  8004 [ACK] Seq=141 Ack=91414 Win=81920 Len=0 TSval=3045563922 TSecr=2916044142"
"79461","40.070381911","192.168.1.55","192.168.1.2","TCP","1514","8004  >  37186 [ACK] Seq=142718 Ack=141 Win=65024 Len=1448 TSval=2916044151 TSecr=3045563922 [TCP segment of a reassembled PDU]"
"79462","40.070389041","192.168.1.55","192.168.1.2","TCP","1514","8004  >  37186 [ACK] Seq=144166 Ack=141 Win=65024 Len=1448 TSval=2916044151 TSecr=3045563922 [TCP segment of a reassembled PDU]"
"79463","40.070390393","192.168.1.55","192.168.1.2","TCP","1514","8004  >  37186 [ACK] Seq=145614 Ack=141 Win=65024 Len=1448 TSval=2916044151 TSecr=3045563922 [TCP segment of a reassembled PDU]"
"79464","40.070391689","192.168.1.55","192.168.1.2","TCP","1514","8004  >  37186 [ACK] Seq=147062 Ack=141 Win=65024 Len=1448 TSval=2916044151 TSecr=3045563922 [TCP segment of a reassembled PDU]"
"79465","40.070392986","192.168.1.55","192.168.1.2","TCP","1514","8004  >  37186 [ACK] Seq=148510 Ack=141 Win=65024 Len=1448 TSval=2916044151 TSecr=3045563922 [TCP segment of a reassembled PDU]"
"79466","40.070394263","192.168.1.55","192.168.1.2","TCP","1514","8004  >  37186 [ACK] Seq=149958 Ack=141 Win=65024 Len=1448 TSval=2916044151 TSecr=3045563922 [TCP segment of a reassembled PDU]"
"79467","40.070395449","192.168.1.55","192.168.1.2","TCP","1514","8004  >  37186 [ACK] Seq=151406 Ack=141 Win=65024 Len=1448 TSval=2916044151 TSecr=3045563922 [TCP segment of a reassembled PDU]"
"79468","40.070396671","192.168.1.55","192.168.1.2","TCP","1514","8004  >  37186 [ACK] Seq=152854 Ack=141 Win=65024 Len=1448 TSval=2916044151 TSecr=3045563922 [TCP segment of a reassembled PDU]"
"79469","40.070397912","192.168.1.55","192.168.1.2","TCP","1514","8004  >  37186 [ACK] Seq=154302 Ack=141 Win=65024 Len=1448 TSval=2916044151 TSecr=3045563922 [TCP segment of a reassembled PDU]"
"79470","40.070399171","192.168.1.55","192.168.1.2","TCP","1514","8004  >  37186 [ACK] Seq=155750 Ack=141 Win=65024 Len=1448 TSval=2916044151 TSecr=3045563922 [TCP segment of a reassembled PDU]"
"79471","40.070400449","192.168.1.55","192.168.1.2","TCP","1514","8004  >  37186 [ACK] Seq=157198 Ack=141 Win=65024 Len=1448 TSval=2916044151 TSecr=3045563922 [TCP segment of a reassembled PDU]"
"79472","40.070401689","192.168.1.55","192.168.1.2","TCP","1514","8004  >  37186 [PSH, ACK] Seq=158646 Ack=141 Win=65024 Len=1448 TSval=2916044151 TSecr=3045563922 [TCP segment of a reassembled PDU]"
"79473","40.070423837","192.168.1.2","192.168.1.55","TCP","66","37186  >  8004 [ACK] Seq=141 Ack=102998 Win=70656 Len=0 TSval=3045563922 TSecr=2916044145"
"79474","40.070432375","192.168.1.2","192.168.1.55","TCP","66","37186  >  8004 [ACK] Seq=141 Ack=105894 Win=87040 Len=0 TSval=3045563923 TSecr=2916044145"
"79475","40.071645654","192.168.1.55","192.168.1.2","TCP","890","8004  >  37186 [PSH, ACK] Seq=160094 Ack=141 Win=65024 Len=824 TSval=2916044152 TSecr=3045563923 [TCP segment of a reassembled PDU]"
"79476","40.071695747","192.168.1.55","192.168.1.2","TCP","1514","8004  >  37186 [ACK] Seq=160918 Ack=141 Win=65024 Len=1448 TSval=2916044152 TSecr=3045563923 [TCP segment of a reassembled PDU]"
"79477","40.071701006","192.168.1.55","192.168.1.2","TCP","1514","8004  >  37186 [ACK] Seq=162366 Ack=141 Win=65024 Len=1448 TSval=2916044152 TSecr=3045563923 [TCP segment of a reassembled PDU]"
"79478","40.071702765","192.168.1.55","192.168.1.2","TCP","1514","8004  >  37186 [ACK] Seq=163814 Ack=141 Win=65024 Len=1448 TSval=2916044152 TSecr=3045563923 [TCP segment of a reassembled PDU]"
"79479","40.071704247","192.168.1.55","192.168.1.2","TCP","1514","8004  >  37186 [ACK] Seq=165262 Ack=141 Win=65024 Len=1448 TSval=2916044152 TSecr=3045563923 [TCP segment of a reassembled PDU]"
"79480","40.071705914","192.168.1.55","192.168.1.2","TCP","1514","8004  >  37186 [ACK] Seq=166710 Ack=141 Win=65024 Len=1448 TSval=2916044152 TSecr=3045563923 [TCP segment of a reassembled PDU]"
"79481","40.071707340","192.168.1.55","192.168.1.2","TCP","1514","8004  >  37186 [ACK] Seq=168158 Ack=141 Win=65024 Len=1448 TSval=2916044152 TSecr=3045563923 [TCP segment of a reassembled PDU]"
"79482","40.071708784","192.168.1.55","192.168.1.2","TCP","1514","8004  >  37186 [ACK] Seq=169606 Ack=141 Win=65024 Len=1448 TSval=2916044152 TSecr=3045563923 [TCP segment of a reassembled PDU]"
"79483","40.071709988","192.168.1.55","192.168.1.2","TCP","1514","8004  >  37186 [ACK] Seq=171054 Ack=141 Win=65024 Len=1448 TSval=2916044152 TSecr=3045563923 [TCP segment of a reassembled PDU]"
"79484","40.071711266","192.168.1.55","192.168.1.2","TCP","1514","8004  >  37186 [ACK] Seq=172502 Ack=141 Win=65024 Len=1448 TSval=2916044152 TSecr=3045563923 [TCP segment of a reassembled PDU]"
"79485","40.071712506","192.168.1.55","192.168.1.2","TCP","1514","8004  >  37186 [ACK] Seq=173950 Ack=141 Win=65024 Len=1448 TSval=2916044152 TSecr=3045563923 [TCP segment of a reassembled PDU]"
"79486","40.071713914","192.168.1.55","192.168.1.2","TCP","1514","8004  >  37186 [ACK] Seq=175398 Ack=141 Win=65024 Len=1448 TSval=2916044152 TSecr=3045563923 [TCP segment of a reassembled PDU]"
"79487","40.071715395","192.168.1.55","192.168.1.2","TCP","1514","8004  >  37186 [ACK] Seq=176846 Ack=141 Win=65024 Len=1448 TSval=2916044152 TSecr=3045563923 [TCP segment of a reassembled PDU]"
"79488","40.071716821","192.168.1.55","192.168.1.2","TCP","1514","8004  >  37186 [ACK] Seq=178294 Ack=141 Win=65024 Len=1448 TSval=2916044152 TSecr=3045563923 [TCP segment of a reassembled PDU]"
"79489","40.071717969","192.168.1.55","192.168.1.2","TCP","1514","8004  >  37186 [ACK] Seq=179742 Ack=141 Win=65024 Len=1448 TSval=2916044152 TSecr=3045563923 [TCP segment of a reassembled PDU]"
"79490","40.071719247","192.168.1.55","192.168.1.2","TCP","1514","8004  >  37186 [ACK] Seq=181190 Ack=141 Win=65024 Len=1448 TSval=2916044152 TSecr=3045563923 [TCP segment of a reassembled PDU]"
"79491","40.071720562","192.168.1.55","192.168.1.2","TCP","1514","8004  >  37186 [ACK] Seq=182638 Ack=141 Win=65024 Len=1448 TSval=2916044152 TSecr=3045563923 [TCP segment of a reassembled PDU]"
"79492","40.071721766","192.168.1.55","192.168.1.2","TCP","1514","8004  >  37186 [ACK] Seq=184086 Ack=141 Win=65024 Len=1448 TSval=2916044152 TSecr=3045563923 [TCP segment of a reassembled PDU]"
"79493","40.071723025","192.168.1.55","192.168.1.2","TCP","1514","8004  >  37186 [ACK] Seq=185534 Ack=141 Win=65024 Len=1448 TSval=2916044152 TSecr=3045563923 [TCP segment of a reassembled PDU]"
"79494","40.071724506","192.168.1.55","192.168.1.2","TCP","1514","8004  >  37186 [ACK] Seq=186982 Ack=141 Win=65024 Len=1448 TSval=2916044152 TSecr=3045563923 [TCP segment of a reassembled PDU]"
"79495","40.071725803","192.168.1.55","192.168.1.2","TCP","1514","8004  >  37186 [ACK] Seq=188430 Ack=141 Win=65024 Len=1448 TSval=2916044152 TSecr=3045563923 [TCP segment of a reassembled PDU]"
"79496","40.071727099","192.168.1.55","192.168.1.2","TCP","1514","8004  >  37186 [ACK] Seq=189878 Ack=141 Win=65024 Len=1448 TSval=2916044152 TSecr=3045563923 [TCP segment of a reassembled PDU]"
"79497","40.071728284","192.168.1.55","192.168.1.2","TCP","1514","8004  >  37186 [PSH, ACK] Seq=191326 Ack=141 Win=65024 Len=1448 TSval=2916044152 TSecr=3045563923 [TCP segment of a reassembled PDU]"
"79498","40.077653405","192.168.1.2","192.168.1.55","TCP","66","37186  >  8004 [ACK] Seq=141 Ack=108790 Win=88064 Len=0 TSval=3045563927 TSecr=2916044150"
"79499","40.077694164","192.168.1.55","192.168.1.2","TCP","1514","8004  >  37186 [ACK] Seq=192774 Ack=141 Win=65024 Len=1448 TSval=2916044158 TSecr=3045563927 [TCP segment of a reassembled PDU]"
"79500","40.077698812","192.168.1.55","192.168.1.2","TCP","1514","8004  >  37186 [PSH, ACK] Seq=194222 Ack=141 Win=65024 Len=1448 TSval=2916044158 TSecr=3045563927 [TCP segment of a reassembled PDU]"
"79501","40.077729905","192.168.1.2","192.168.1.55","TCP","66","37186  >  8004 [ACK] Seq=141 Ack=111686 Win=97280 Len=0 TSval=3045563927 TSecr=2916044150"
"79502","40.077742386","192.168.1.55","192.168.1.2","TCP","1514","8004  >  37186 [ACK] Seq=195670 Ack=141 Win=65024 Len=1448 TSval=2916044158 TSecr=3045563927 [TCP segment of a reassembled PDU]"
"79503","40.077743979","192.168.1.55","192.168.1.2","TCP","1514","8004  >  37186 [ACK] Seq=197118 Ack=141 Win=65024 Len=1448 TSval=2916044158 TSecr=3045563927 [TCP segment of a reassembled PDU]"
"79504","40.077745164","192.168.1.55","192.168.1.2","TCP","1514","8004  >  37186 [ACK] Seq=198566 Ack=141 Win=65024 Len=1448 TSval=2916044158 TSecr=3045563927 [TCP segment of a reassembled PDU]"
"79505","40.077746442","192.168.1.55","192.168.1.2","TCP","1514","8004  >  37186 [ACK] Seq=200014 Ack=141 Win=65024 Len=1448 TSval=2916044158 TSecr=3045563927 [TCP segment of a reassembled PDU]"
"79506","40.077747627","192.168.1.55","192.168.1.2","TCP","1514","8004  >  37186 [PSH, ACK] Seq=201462 Ack=141 Win=65024 Len=1448 TSval=2916044158 TSecr=3045563927 [TCP segment of a reassembled PDU]"
"79507","40.079421056","192.168.1.2","192.168.1.55","TCP","66","37186  >  8004 [ACK] Seq=141 Ack=118926 Win=111616 Len=0 TSval=3045563931 TSecr=2916044150"
"79508","40.079449074","192.168.1.55","192.168.1.2","TCP","1514","8004  >  37186 [ACK] Seq=202910 Ack=141 Win=65024 Len=1448 TSval=2916044160 TSecr=3045563931 [TCP segment of a reassembled PDU]"
"79509","40.079451611","192.168.1.55","192.168.1.2","TCP","1514","8004  >  37186 [ACK] Seq=204358 Ack=141 Win=65024 Len=1448 TSval=2916044160 TSecr=3045563931 [TCP segment of a reassembled PDU]"
"79510","40.079452741","192.168.1.55","192.168.1.2","TCP","1514","8004  >  37186 [ACK] Seq=205806 Ack=141 Win=65024 Len=1448 TSval=2916044160 TSecr=3045563931 [TCP segment of a reassembled PDU]"
"79511","40.079453889","192.168.1.55","192.168.1.2","TCP","1514","8004  >  37186 [ACK] Seq=207254 Ack=141 Win=65024 Len=1448 TSval=2916044160 TSecr=3045563931 [TCP segment of a reassembled PDU]"
"79512","40.079454982","192.168.1.55","192.168.1.2","TCP","1514","8004  >  37186 [ACK] Seq=208702 Ack=141 Win=65024 Len=1448 TSval=2916044160 TSecr=3045563931 [TCP segment of a reassembled PDU]"
"79513","40.079456149","192.168.1.55","192.168.1.2","TCP","1514","8004  >  37186 [ACK] Seq=210150 Ack=141 Win=65024 Len=1448 TSval=2916044160 TSecr=3045563931 [TCP segment of a reassembled PDU]"
"79514","40.079457186","192.168.1.55","192.168.1.2","TCP","1514","8004  >  37186 [ACK] Seq=211598 Ack=141 Win=65024 Len=1448 TSval=2916044160 TSecr=3045563931 [TCP segment of a reassembled PDU]"
"79515","40.079458352","192.168.1.55","192.168.1.2","TCP","1514","8004  >  37186 [ACK] Seq=213046 Ack=141 Win=65024 Len=1448 TSval=2916044160 TSecr=3045563931 [TCP segment of a reassembled PDU]"
"79516","40.079459500","192.168.1.55","192.168.1.2","TCP","1514","8004  >  37186 [ACK] Seq=214494 Ack=141 Win=65024 Len=1448 TSval=2916044160 TSecr=3045563931 [TCP segment of a reassembled PDU]"
"79517","40.079460667","192.168.1.55","192.168.1.2","TCP","1514","8004  >  37186 [ACK] Seq=215942 Ack=141 Win=65024 Len=1448 TSval=2916044160 TSecr=3045563931 [TCP segment of a reassembled PDU]"
"79518","40.079461945","192.168.1.55","192.168.1.2","TCP","1514","8004  >  37186 [ACK] Seq=217390 Ack=141 Win=65024 Len=1448 TSval=2916044160 TSecr=3045563931 [TCP segment of a reassembled PDU]"
"79519","40.079463426","192.168.1.55","192.168.1.2","TCP","1514","8004  >  37186 [ACK] Seq=218838 Ack=141 Win=65024 Len=1448 TSval=2916044160 TSecr=3045563931 [TCP segment of a reassembled PDU]"
"79520","40.079464463","192.168.1.55","192.168.1.2","TCP","1514","8004  >  37186 [ACK] Seq=220286 Ack=141 Win=65024 Len=1448 TSval=2916044160 TSecr=3045563931 [TCP segment of a reassembled PDU]"
"79521","40.079465704","192.168.1.55","192.168.1.2","TCP","1514","8004  >  37186 [ACK] Seq=221734 Ack=141 Win=65024 Len=1448 TSval=2916044160 TSecr=3045563931 [TCP segment of a reassembled PDU]"
"79522","40.079466815","192.168.1.55","192.168.1.2","TCP","1514","8004  >  37186 [ACK] Seq=223182 Ack=141 Win=65024 Len=1448 TSval=2916044160 TSecr=3045563931 [TCP segment of a reassembled PDU]"
"79523","40.079468371","192.168.1.55","192.168.1.2","TCP","1514","8004  >  37186 [ACK] Seq=224630 Ack=141 Win=65024 Len=1448 TSval=2916044160 TSecr=3045563931 [TCP segment of a reassembled PDU]"
"79524","40.079469500","192.168.1.55","192.168.1.2","TCP","1514","8004  >  37186 [ACK] Seq=226078 Ack=141 Win=65024 Len=1448 TSval=2916044160 TSecr=3045563931 [TCP segment of a reassembled PDU]"
"79525","40.079470612","192.168.1.55","192.168.1.2","TCP","1514","8004  >  37186 [ACK] Seq=227526 Ack=141 Win=65024 Len=1448 TSval=2916044160 TSecr=3045563931 [TCP segment of a reassembled PDU]"
"79526","40.079471926","192.168.1.55","192.168.1.2","TCP","1514","8004  >  37186 [PSH, ACK] Seq=228974 Ack=141 Win=65024 Len=1448 TSval=2916044160 TSecr=3045563931 [TCP segment of a reassembled PDU]"
"79527","40.080258835","192.168.1.2","192.168.1.55","TCP","66","37186  >  8004 [ACK] Seq=141 Ack=140646 Win=100352 Len=0 TSval=3045563931 TSecr=2916044151"
"79528","40.080272483","192.168.1.2","192.168.1.55","TCP","66","37186  >  8004 [ACK] Seq=141 Ack=142718 Win=115712 Len=0 TSval=3045563933 TSecr=2916044151"
"79529","40.080288020","192.168.1.55","192.168.1.2","TCP","1514","8004  >  37186 [ACK] Seq=230422 Ack=141 Win=65024 Len=1448 TSval=2916044160 TSecr=3045563933 [TCP segment of a reassembled PDU]"
"79530","40.080289835","192.168.1.55","192.168.1.2","TCP","1514","8004  >  37186 [ACK] Seq=231870 Ack=141 Win=65024 Len=1448 TSval=2916044160 TSecr=3045563933 [TCP segment of a reassembled PDU]"
"79531","40.080291113","192.168.1.55","192.168.1.2","TCP","1514","8004  >  37186 [ACK] Seq=233318 Ack=141 Win=65024 Len=1448 TSval=2916044160 TSecr=3045563933 [TCP segment of a reassembled PDU]"
"79532","40.080296983","192.168.1.55","192.168.1.2","TCP","1514","8004  >  37186 [ACK] Seq=234766 Ack=141 Win=65024 Len=1448 TSval=2916044160 TSecr=3045563933 [TCP segment of a reassembled PDU]"
"79533","40.080298261","192.168.1.55","192.168.1.2","TCP","1514","8004  >  37186 [ACK] Seq=236214 Ack=141 Win=65024 Len=1448 TSval=2916044160 TSecr=3045563933 [TCP segment of a reassembled PDU]"
"79534","40.080299317","192.168.1.55","192.168.1.2","TCP","1514","8004  >  37186 [ACK] Seq=237662 Ack=141 Win=65024 Len=1448 TSval=2916044160 TSecr=3045563933 [TCP segment of a reassembled PDU]"
"79535","40.080300724","192.168.1.55","192.168.1.2","TCP","1514","8004  >  37186 [ACK] Seq=239110 Ack=141 Win=65024 Len=1448 TSval=2916044160 TSecr=3045563933 [TCP segment of a reassembled PDU]"
"79536","40.080301872","192.168.1.55","192.168.1.2","TCP","1514","8004  >  37186 [ACK] Seq=240558 Ack=141 Win=65024 Len=1448 TSval=2916044160 TSecr=3045563933 [TCP segment of a reassembled PDU]"
"79537","40.080303020","192.168.1.55","192.168.1.2","TCP","1514","8004  >  37186 [ACK] Seq=242006 Ack=141 Win=65024 Len=1448 TSval=2916044160 TSecr=3045563933 [TCP segment of a reassembled PDU]"
"79538","40.080304150","192.168.1.55","192.168.1.2","TCP","1514","8004  >  37186 [PSH, ACK] Seq=243454 Ack=141 Win=65024 Len=1448 TSval=2916044160 TSecr=3045563933 [TCP segment of a reassembled PDU]"
"79539","40.080309113","192.168.1.2","192.168.1.55","TCP","66","37186  >  8004 [ACK] Seq=141 Ack=144166 Win=117760 Len=0 TSval=3045563933 TSecr=2916044151"
"79540","40.080315483","192.168.1.2","192.168.1.55","TCP","66","37186  >  8004 [ACK] Seq=141 Ack=155750 Win=109568 Len=0 TSval=3045563933 TSecr=2916044151"
"79541","40.080364706","192.168.1.2","192.168.1.55","TCP","66","37186  >  8004 [ACK] Seq=141 Ack=160094 Win=116736 Len=0 TSval=3045563933 TSecr=2916044151"
"79542","40.080370835","192.168.1.2","192.168.1.55","TCP","66","37186  >  8004 [ACK] Seq=141 Ack=192774 Win=87040 Len=0 TSval=3045563933 TSecr=2916044152"
"79543","40.080416224","192.168.1.55","192.168.1.2","TCP","1514","8004  >  37186 [ACK] Seq=244902 Ack=141 Win=65024 Len=1448 TSval=2916044161 TSecr=3045563933 [TCP segment of a reassembled PDU]"
"79544","40.080418169","192.168.1.55","192.168.1.2","TCP","1514","8004  >  37186 [ACK] Seq=246350 Ack=141 Win=65024 Len=1448 TSval=2916044161 TSecr=3045563933 [TCP segment of a reassembled PDU]"
"79545","40.080419317","192.168.1.55","192.168.1.2","TCP","1514","8004  >  37186 [ACK] Seq=247798 Ack=141 Win=65024 Len=1448 TSval=2916044161 TSecr=3045563933 [TCP segment of a reassembled PDU]"
"79546","40.080420465","192.168.1.55","192.168.1.2","TCP","1514","8004  >  37186 [ACK] Seq=249246 Ack=141 Win=65024 Len=1448 TSval=2916044161 TSecr=3045563933 [TCP segment of a reassembled PDU]"
"79547","40.080421669","192.168.1.55","192.168.1.2","TCP","1514","8004  >  37186 [ACK] Seq=250694 Ack=141 Win=65024 Len=1448 TSval=2916044161 TSecr=3045563933 [TCP segment of a reassembled PDU]"
"79548","40.080422928","192.168.1.55","192.168.1.2","TCP","1514","8004  >  37186 [ACK] Seq=252142 Ack=141 Win=65024 Len=1448 TSval=2916044161 TSecr=3045563933 [TCP segment of a reassembled PDU]"
"79549","40.080424187","192.168.1.55","192.168.1.2","TCP","1514","8004  >  37186 [ACK] Seq=253590 Ack=141 Win=65024 Len=1448 TSval=2916044161 TSecr=3045563933 [TCP segment of a reassembled PDU]"
"79550","40.080425483","192.168.1.55","192.168.1.2","TCP","1514","8004  >  37186 [ACK] Seq=255038 Ack=141 Win=65024 Len=1448 TSval=2916044161 TSecr=3045563933 [TCP segment of a reassembled PDU]"
"79551","40.080426595","192.168.1.55","192.168.1.2","TCP","1514","8004  >  37186 [ACK] Seq=256486 Ack=141 Win=65024 Len=1448 TSval=2916044161 TSecr=3045563933 [TCP segment of a reassembled PDU]"
"79552","40.080427909","192.168.1.55","192.168.1.2","TCP","1514","8004  >  37186 [ACK] Seq=257934 Ack=141 Win=65024 Len=1448 TSval=2916044161 TSecr=3045563933 [TCP segment of a reassembled PDU]"
"79553","40.080429020","192.168.1.55","192.168.1.2","TCP","1514","8004  >  37186 [ACK] Seq=259382 Ack=141 Win=65024 Len=1448 TSval=2916044161 TSecr=3045563933 [TCP segment of a reassembled PDU]"
"79554","40.080430391","192.168.1.55","192.168.1.2","TCP","1514","8004  >  37186 [ACK] Seq=260830 Ack=141 Win=65024 Len=1448 TSval=2916044161 TSecr=3045563933 [TCP segment of a reassembled PDU]"
"79555","40.080431539","192.168.1.55","192.168.1.2","TCP","1514","8004  >  37186 [ACK] Seq=262278 Ack=141 Win=65024 Len=1448 TSval=2916044161 TSecr=3045563933 [TCP segment of a reassembled PDU]"
"79556","40.080432798","192.168.1.55","192.168.1.2","TCP","1514","8004  >  37186 [ACK] Seq=263726 Ack=141 Win=65024 Len=1448 TSval=2916044161 TSecr=3045563933 [TCP segment of a reassembled PDU]"
"79557","40.080434020","192.168.1.55","192.168.1.2","TCP","1514","8004  >  37186 [ACK] Seq=265174 Ack=141 Win=65024 Len=1448 TSval=2916044161 TSecr=3045563933 [TCP segment of a reassembled PDU]"
"79558","40.080435187","192.168.1.55","192.168.1.2","TCP","1514","8004  >  37186 [ACK] Seq=266622 Ack=141 Win=65024 Len=1448 TSval=2916044161 TSecr=3045563933 [TCP segment of a reassembled PDU]"
"79559","40.080436372","192.168.1.55","192.168.1.2","TCP","1514","8004  >  37186 [ACK] Seq=268070 Ack=141 Win=65024 Len=1448 TSval=2916044161 TSecr=3045563933 [TCP segment of a reassembled PDU]"
"79560","40.080437576","192.168.1.55","192.168.1.2","TCP","1514","8004  >  37186 [ACK] Seq=269518 Ack=141 Win=65024 Len=1448 TSval=2916044161 TSecr=3045563933 [TCP segment of a reassembled PDU]"
"79561","40.080438669","192.168.1.55","192.168.1.2","TCP","1514","8004  >  37186 [ACK] Seq=270966 Ack=141 Win=65024 Len=1448 TSval=2916044161 TSecr=3045563933 [TCP segment of a reassembled PDU]"
"79562","40.080439817","192.168.1.55","192.168.1.2","TCP","1514","8004  >  37186 [ACK] Seq=272414 Ack=141 Win=65024 Len=1448 TSval=2916044161 TSecr=3045563933 [TCP segment of a reassembled PDU]"
"79563","40.080441335","192.168.1.55","192.168.1.2","TCP","1514","8004  >  37186 [ACK] Seq=273862 Ack=141 Win=65024 Len=1448 TSval=2916044161 TSecr=3045563933 [TCP segment of a reassembled PDU]"
"79564","40.080442743","192.168.1.55","192.168.1.2","TCP","1514","8004  >  37186 [ACK] Seq=275310 Ack=141 Win=65024 Len=1448 TSval=2916044161 TSecr=3045563933 [TCP segment of a reassembled PDU]"
"79565","40.080444058","192.168.1.55","192.168.1.2","TCP","1514","8004  >  37186 [ACK] Seq=276758 Ack=141 Win=65024 Len=1448 TSval=2916044161 TSecr=3045563933 [TCP segment of a reassembled PDU]"
"79566","40.080445224","192.168.1.55","192.168.1.2","TCP","1514","8004  >  37186 [ACK] Seq=278206 Ack=141 Win=65024 Len=1448 TSval=2916044161 TSecr=3045563933 [TCP segment of a reassembled PDU]"
"79567","40.080446502","192.168.1.55","192.168.1.2","TCP","226","[TCP Window Full] 8004  >  37186 [PSH, ACK] Seq=279654 Ack=141 Win=65024 Len=160 TSval=2916044161 TSecr=3045563933 [TCP segment of a reassembled PDU]"
"79568","40.080473706","192.168.1.2","192.168.1.55","TCP","66","37186  >  8004 [ACK] Seq=141 Ack=195670 Win=115712 Len=0 TSval=3045563935 TSecr=2916044158"
"79569","40.080487891","192.168.1.55","192.168.1.2","TCP","1514","8004  >  37186 [ACK] Seq=279814 Ack=141 Win=65024 Len=1448 TSval=2916044161 TSecr=3045563935 [TCP segment of a reassembled PDU]"
"79570","40.080489335","192.168.1.55","192.168.1.2","TCP","1514","8004  >  37186 [ACK] Seq=281262 Ack=141 Win=65024 Len=1448 TSval=2916044161 TSecr=3045563935 [TCP segment of a reassembled PDU]"
"79571","40.080490465","192.168.1.55","192.168.1.2","TCP","1514","8004  >  37186 [ACK] Seq=282710 Ack=141 Win=65024 Len=1448 TSval=2916044161 TSecr=3045563935 [TCP segment of a reassembled PDU]"
"79572","40.080491743","192.168.1.55","192.168.1.2","TCP","1514","8004  >  37186 [PSH, ACK] Seq=284158 Ack=141 Win=65024 Len=1448 TSval=2916044161 TSecr=3045563935 [TCP segment of a reassembled PDU]"
"79573","40.080496576","192.168.1.55","192.168.1.2","TCP","1354","8004  >  37186 [ACK] Seq=285606 Ack=141 Win=65024 Len=1288 TSval=2916044161 TSecr=3045563935 [TCP segment of a reassembled PDU]"
"79574","40.080526373","192.168.1.55","192.168.1.2","TCP","1514","8004  >  37186 [ACK] Seq=286894 Ack=141 Win=65024 Len=1448 TSval=2916044161 TSecr=3045563935 [TCP segment of a reassembled PDU]"
"79575","40.080528021","192.168.1.55","192.168.1.2","TCP","1514","8004  >  37186 [ACK] Seq=288342 Ack=141 Win=65024 Len=1448 TSval=2916044161 TSecr=3045563935 [TCP segment of a reassembled PDU]"
"79576","40.080529280","192.168.1.55","192.168.1.2","TCP","1514","8004  >  37186 [ACK] Seq=289790 Ack=141 Win=65024 Len=1448 TSval=2916044161 TSecr=3045563935 [TCP segment of a reassembled PDU]"
"79577","40.080530484","192.168.1.55","192.168.1.2","TCP","1514","8004  >  37186 [ACK] Seq=291238 Ack=141 Win=65024 Len=1448 TSval=2916044161 TSecr=3045563935 [TCP segment of a reassembled PDU]"
"79578","40.080531743","192.168.1.55","192.168.1.2","TCP","1514","8004  >  37186 [ACK] Seq=292686 Ack=141 Win=65024 Len=1448 TSval=2916044161 TSecr=3045563935 [TCP segment of a reassembled PDU]"
"79579","40.080533132","192.168.1.55","192.168.1.2","TCP","1514","8004  >  37186 [ACK] Seq=294134 Ack=141 Win=65024 Len=1448 TSval=2916044161 TSecr=3045563935 [TCP segment of a reassembled PDU]"
"79580","40.080534224","192.168.1.55","192.168.1.2","TCP","1514","8004  >  37186 [ACK] Seq=295582 Ack=141 Win=65024 Len=1448 TSval=2916044161 TSecr=3045563935 [TCP segment of a reassembled PDU]"
"79581","40.080535410","192.168.1.55","192.168.1.2","TCP","1514","8004  >  37186 [ACK] Seq=297030 Ack=141 Win=65024 Len=1448 TSval=2916044161 TSecr=3045563935 [TCP segment of a reassembled PDU]"
"79582","40.080536798","192.168.1.55","192.168.1.2","TCP","1514","8004  >  37186 [ACK] Seq=298478 Ack=141 Win=65024 Len=1448 TSval=2916044161 TSecr=3045563935 [TCP segment of a reassembled PDU]"
"79583","40.080537910","192.168.1.55","192.168.1.2","TCP","1514","8004  >  37186 [ACK] Seq=299926 Ack=141 Win=65024 Len=1448 TSval=2916044161 TSecr=3045563935 [TCP segment of a reassembled PDU]"
"79584","40.080539687","192.168.1.55","192.168.1.2","TCP","1514","8004  >  37186 [ACK] Seq=301374 Ack=141 Win=65024 Len=1448 TSval=2916044161 TSecr=3045563935 [TCP segment of a reassembled PDU]"
"79585","40.080540873","192.168.1.55","192.168.1.2","TCP","1514","8004  >  37186 [ACK] Seq=302822 Ack=141 Win=65024 Len=1448 TSval=2916044161 TSecr=3045563935 [TCP segment of a reassembled PDU]"
"79586","40.080541984","192.168.1.55","192.168.1.2","TCP","1514","8004  >  37186 [ACK] Seq=304270 Ack=141 Win=65024 Len=1448 TSval=2916044161 TSecr=3045563935 [TCP segment of a reassembled PDU]"
"79587","40.080543187","192.168.1.55","192.168.1.2","TCP","1514","8004  >  37186 [ACK] Seq=305718 Ack=141 Win=65024 Len=1448 TSval=2916044161 TSecr=3045563935 [TCP segment of a reassembled PDU]"
"79588","40.080544484","192.168.1.55","192.168.1.2","TCP","1514","8004  >  37186 [ACK] Seq=307166 Ack=141 Win=65024 Len=1448 TSval=2916044161 TSecr=3045563935 [TCP segment of a reassembled PDU]"
"79589","40.080545632","192.168.1.55","192.168.1.2","TCP","1514","8004  >  37186 [PSH, ACK] Seq=308614 Ack=141 Win=65024 Len=1448 TSval=2916044161 TSecr=3045563935 [TCP segment of a reassembled PDU]"
"79590","40.080577502","192.168.1.2","192.168.1.55","TCP","66","37186  >  8004 [ACK] Seq=141 Ack=202910 Win=113664 Len=0 TSval=3045563935 TSecr=2916044158"
"79591","40.081705541","192.168.1.55","192.168.1.2","TCP","1514","8004  >  37186 [ACK] Seq=310062 Ack=141 Win=65024 Len=1448 TSval=2916044162 TSecr=3045563935 [TCP segment of a reassembled PDU]"
"79592","40.081707763","192.168.1.55","192.168.1.2","TCP","1514","8004  >  37186 [ACK] Seq=311510 Ack=141 Win=65024 Len=1448 TSval=2916044162 TSecr=3045563935 [TCP segment of a reassembled PDU]"
"79593","40.081709134","192.168.1.55","192.168.1.2","TCP","1514","8004  >  37186 [ACK] Seq=312958 Ack=141 Win=65024 Len=1448 TSval=2916044162 TSecr=3045563935 [TCP segment of a reassembled PDU]"
"79594","40.081710208","192.168.1.55","192.168.1.2","TCP","1514","8004  >  37186 [PSH, ACK] Seq=314406 Ack=141 Win=65024 Len=1448 TSval=2916044162 TSecr=3045563935 [TCP segment of a reassembled PDU]"
"79595","40.086789272","192.168.1.2","192.168.1.55","TCP","66","37186  >  8004 [ACK] Seq=141 Ack=230422 Win=92160 Len=0 TSval=3045563938 TSecr=2916044160"
"79596","40.086821901","192.168.1.55","192.168.1.2","TCP","1514","8004  >  37186 [ACK] Seq=315854 Ack=141 Win=65024 Len=1448 TSval=2916044167 TSecr=3045563938 [TCP segment of a reassembled PDU]"
"79597","40.086825494","192.168.1.55","192.168.1.2","TCP","1514","8004  >  37186 [ACK] Seq=317302 Ack=141 Win=65024 Len=1448 TSval=2916044167 TSecr=3045563938 [TCP segment of a reassembled PDU]"
"79598","40.086826846","192.168.1.55","192.168.1.2","TCP","1514","8004  >  37186 [ACK] Seq=318750 Ack=141 Win=65024 Len=1448 TSval=2916044167 TSecr=3045563938 [TCP segment of a reassembled PDU]"
"79599","40.086828049","192.168.1.55","192.168.1.2","TCP","1514","8004  >  37186 [PSH, ACK] Seq=320198 Ack=141 Win=65024 Len=1448 TSval=2916044167 TSecr=3045563938 [TCP segment of a reassembled PDU]"
"79600","40.087071217","192.168.1.2","192.168.1.55","TCP","66","37186  >  8004 [ACK] Seq=141 Ack=237662 Win=111616 Len=0 TSval=3045563941 TSecr=2916044160"
"79601","40.087083031","192.168.1.55","192.168.1.2","TCP","1514","8004  >  37186 [ACK] Seq=321646 Ack=141 Win=65024 Len=1448 TSval=2916044167 TSecr=3045563941 [TCP segment of a reassembled PDU]"
"79602","40.087085235","192.168.1.55","192.168.1.2","TCP","1514","8004  >  37186 [ACK] Seq=323094 Ack=141 Win=65024 Len=1448 TSval=2916044167 TSecr=3045563941 [TCP segment of a reassembled PDU]"
"79603","40.087086624","192.168.1.55","192.168.1.2","TCP","1514","8004  >  37186 [ACK] Seq=324542 Ack=141 Win=65024 Len=1448 TSval=2916044167 TSecr=3045563941 [TCP segment of a reassembled PDU]"
"79604","40.087088087","192.168.1.55","192.168.1.2","TCP","1514","8004  >  37186 [ACK] Seq=325990 Ack=141 Win=65024 Len=1448 TSval=2916044167 TSecr=3045563941 [TCP segment of a reassembled PDU]"
"79605","40.087089328","192.168.1.55","192.168.1.2","TCP","1514","8004  >  37186 [PSH, ACK] Seq=327438 Ack=141 Win=65024 Len=1448 TSval=2916044167 TSecr=3045563941 [TCP segment of a reassembled PDU]"
"79606","40.088284219","192.168.1.2","192.168.1.55","TCP","66","37186  >  8004 [ACK] Seq=141 Ack=244902 Win=132096 Len=0 TSval=3045563942 TSecr=2916044160"
"79607","40.088442015","192.168.1.55","192.168.1.2","TCP","1514","8004  >  37186 [ACK] Seq=328886 Ack=141 Win=65024 Len=1448 TSval=2916044169 TSecr=3045563942 [TCP segment of a reassembled PDU]"
"79608","40.088450645","192.168.1.55","192.168.1.2","TCP","1514","8004  >  37186 [ACK] Seq=330334 Ack=141 Win=65024 Len=1448 TSval=2916044169 TSecr=3045563942 [TCP segment of a reassembled PDU]"
"79609","40.088452108","192.168.1.55","192.168.1.2","TCP","1514","8004  >  37186 [ACK] Seq=331782 Ack=141 Win=65024 Len=1448 TSval=2916044169 TSecr=3045563942 [TCP segment of a reassembled PDU]"
"79610","40.088453774","192.168.1.55","192.168.1.2","TCP","1514","8004  >  37186 [ACK] Seq=333230 Ack=141 Win=65024 Len=1448 TSval=2916044169 TSecr=3045563942 [TCP segment of a reassembled PDU]"
"79611","40.088456441","192.168.1.55","192.168.1.2","TCP","1514","8004  >  37186 [ACK] Seq=334678 Ack=141 Win=65024 Len=1448 TSval=2916044169 TSecr=3045563942 [TCP segment of a reassembled PDU]"
"79612","40.088458663","192.168.1.55","192.168.1.2","TCP","1514","8004  >  37186 [ACK] Seq=336126 Ack=141 Win=65024 Len=1448 TSval=2916044169 TSecr=3045563942 [TCP segment of a reassembled PDU]"
"79613","40.088460885","192.168.1.55","192.168.1.2","TCP","1514","8004  >  37186 [ACK] Seq=337574 Ack=141 Win=65024 Len=1448 TSval=2916044169 TSecr=3045563942 [TCP segment of a reassembled PDU]"
"79614","40.088463663","192.168.1.55","192.168.1.2","TCP","1514","8004  >  37186 [ACK] Seq=339022 Ack=141 Win=65024 Len=1448 TSval=2916044169 TSecr=3045563942 [TCP segment of a reassembled PDU]"
"79615","40.088467756","192.168.1.55","192.168.1.2","TCP","1514","8004  >  37186 [ACK] Seq=340470 Ack=141 Win=65024 Len=1448 TSval=2916044169 TSecr=3045563942 [TCP segment of a reassembled PDU]"
"79616","40.088473237","192.168.1.55","192.168.1.2","TCP","1514","8004  >  37186 [ACK] Seq=341918 Ack=141 Win=65024 Len=1448 TSval=2916044169 TSecr=3045563942 [TCP segment of a reassembled PDU]"
"79617","40.088476460","192.168.1.55","192.168.1.2","TCP","1514","8004  >  37186 [ACK] Seq=343366 Ack=141 Win=65024 Len=1448 TSval=2916044169 TSecr=3045563942 [TCP segment of a reassembled PDU]"
"79618","40.088478811","192.168.1.55","192.168.1.2","TCP","1514","8004  >  37186 [ACK] Seq=344814 Ack=141 Win=65024 Len=1448 TSval=2916044169 TSecr=3045563942 [TCP segment of a reassembled PDU]"
"79619","40.088483071","192.168.1.55","192.168.1.2","TCP","1514","8004  >  37186 [ACK] Seq=346262 Ack=141 Win=65024 Len=1448 TSval=2916044169 TSecr=3045563942 [TCP segment of a reassembled PDU]"
"79620","40.088485515","192.168.1.55","192.168.1.2","TCP","1514","8004  >  37186 [ACK] Seq=347710 Ack=141 Win=65024 Len=1448 TSval=2916044169 TSecr=3045563942 [TCP segment of a reassembled PDU]"
"79621","40.088487737","192.168.1.55","192.168.1.2","TCP","1514","8004  >  37186 [ACK] Seq=349158 Ack=141 Win=65024 Len=1448 TSval=2916044169 TSecr=3045563942 [TCP segment of a reassembled PDU]"
"79622","40.088491941","192.168.1.55","192.168.1.2","TCP","1514","8004  >  37186 [ACK] Seq=350606 Ack=141 Win=65024 Len=1448 TSval=2916044169 TSecr=3045563942 [TCP segment of a reassembled PDU]"
"79623","40.088495774","192.168.1.55","192.168.1.2","TCP","1514","8004  >  37186 [ACK] Seq=352054 Ack=141 Win=65024 Len=1448 TSval=2916044169 TSecr=3045563942 [TCP segment of a reassembled PDU]"
"79624","40.088498460","192.168.1.55","192.168.1.2","TCP","1514","8004  >  37186 [ACK] Seq=353502 Ack=141 Win=65024 Len=1448 TSval=2916044169 TSecr=3045563942 [TCP segment of a reassembled PDU]"
"79625","40.088500756","192.168.1.55","192.168.1.2","TCP","1514","8004  >  37186 [ACK] Seq=354950 Ack=141 Win=65024 Len=1448 TSval=2916044169 TSecr=3045563942 [TCP segment of a reassembled PDU]"
"79626","40.088503182","192.168.1.55","192.168.1.2","TCP","1514","8004  >  37186 [ACK] Seq=356398 Ack=141 Win=65024 Len=1448 TSval=2916044169 TSecr=3045563942 [TCP segment of a reassembled PDU]"
"79627","40.088507145","192.168.1.55","192.168.1.2","TCP","1514","8004  >  37186 [ACK] Seq=357846 Ack=141 Win=65024 Len=1448 TSval=2916044169 TSecr=3045563942 [TCP segment of a reassembled PDU]"
"79628","40.088509737","192.168.1.55","192.168.1.2","TCP","1514","8004  >  37186 [ACK] Seq=359294 Ack=141 Win=65024 Len=1448 TSval=2916044169 TSecr=3045563942 [TCP segment of a reassembled PDU]"
"79629","40.088513182","192.168.1.55","192.168.1.2","TCP","1514","8004  >  37186 [ACK] Seq=360742 Ack=141 Win=65024 Len=1448 TSval=2916044169 TSecr=3045563942 [TCP segment of a reassembled PDU]"
"79630","40.088516608","192.168.1.55","192.168.1.2","TCP","1514","8004  >  37186 [ACK] Seq=362190 Ack=141 Win=65024 Len=1448 TSval=2916044169 TSecr=3045563942 [TCP segment of a reassembled PDU]"
"79631","40.088519478","192.168.1.55","192.168.1.2","TCP","1514","8004  >  37186 [ACK] Seq=363638 Ack=141 Win=65024 Len=1448 TSval=2916044169 TSecr=3045563942 [TCP segment of a reassembled PDU]"
"79632","40.088522515","192.168.1.55","192.168.1.2","TCP","1514","8004  >  37186 [ACK] Seq=365086 Ack=141 Win=65024 Len=1448 TSval=2916044169 TSecr=3045563942 [TCP segment of a reassembled PDU]"
"79633","40.088524534","192.168.1.55","192.168.1.2","TCP","1514","8004  >  37186 [ACK] Seq=366534 Ack=141 Win=65024 Len=1448 TSval=2916044169 TSecr=3045563942 [TCP segment of a reassembled PDU]"
"79634","40.088526830","192.168.1.55","192.168.1.2","TCP","1514","8004  >  37186 [ACK] Seq=367982 Ack=141 Win=65024 Len=1448 TSval=2916044169 TSecr=3045563942 [TCP segment of a reassembled PDU]"
"79635","40.088528663","192.168.1.55","192.168.1.2","TCP","1514","8004  >  37186 [ACK] Seq=369430 Ack=141 Win=65024 Len=1448 TSval=2916044169 TSecr=3045563942 [TCP segment of a reassembled PDU]"
"79636","40.088530460","192.168.1.55","192.168.1.2","TCP","1514","8004  >  37186 [ACK] Seq=370878 Ack=141 Win=65024 Len=1448 TSval=2916044169 TSecr=3045563942 [TCP segment of a reassembled PDU]"
"79637","40.088535830","192.168.1.55","192.168.1.2","TCP","1514","8004  >  37186 [PSH, ACK] Seq=372326 Ack=141 Win=65024 Len=1448 TSval=2916044169 TSecr=3045563942 [TCP segment of a reassembled PDU]"
"79638","40.088684793","192.168.1.2","192.168.1.55","TCP","66","37186  >  8004 [ACK] Seq=141 Ack=285606 Win=143360 Len=0 TSval=3045563942 TSecr=2916044161"
"79639","40.088821590","192.168.1.55","192.168.1.2","TCP","1514","8004  >  37186 [ACK] Seq=373774 Ack=141 Win=65024 Len=1448 TSval=2916044169 TSecr=3045563942 [TCP segment of a reassembled PDU]"
"79640","40.088830960","192.168.1.55","192.168.1.2","TCP","1514","8004  >  37186 [ACK] Seq=375222 Ack=141 Win=65024 Len=1448 TSval=2916044169 TSecr=3045563942 [TCP segment of a reassembled PDU]"
"79641","40.088833664","192.168.1.55","192.168.1.2","TCP","1514","8004  >  37186 [ACK] Seq=376670 Ack=141 Win=65024 Len=1448 TSval=2916044169 TSecr=3045563942 [TCP segment of a reassembled PDU]"
"79642","40.088835182","192.168.1.55","192.168.1.2","TCP","1514","8004  >  37186 [ACK] Seq=378118 Ack=141 Win=65024 Len=1448 TSval=2916044169 TSecr=3045563942 [TCP segment of a reassembled PDU]"
"79643","40.088836349","192.168.1.55","192.168.1.2","TCP","1514","8004  >  37186 [ACK] Seq=379566 Ack=141 Win=65024 Len=1448 TSval=2916044169 TSecr=3045563942 [TCP segment of a reassembled PDU]"
"79644","40.088838312","192.168.1.55","192.168.1.2","TCP","1514","8004  >  37186 [ACK] Seq=381014 Ack=141 Win=65024 Len=1448 TSval=2916044169 TSecr=3045563942 [TCP segment of a reassembled PDU]"
"79645","40.088840108","192.168.1.55","192.168.1.2","TCP","1514","8004  >  37186 [ACK] Seq=382462 Ack=141 Win=65024 Len=1448 TSval=2916044169 TSecr=3045563942 [TCP segment of a reassembled PDU]"
"79646","40.088841849","192.168.1.55","192.168.1.2","TCP","1514","8004  >  37186 [ACK] Seq=383910 Ack=141 Win=65024 Len=1448 TSval=2916044169 TSecr=3045563942 [TCP segment of a reassembled PDU]"
"79647","40.088842886","192.168.1.55","192.168.1.2","TCP","1514","8004  >  37186 [ACK] Seq=385358 Ack=141 Win=65024 Len=1448 TSval=2916044169 TSecr=3045563942 [TCP segment of a reassembled PDU]"
"79648","40.088845312","192.168.1.55","192.168.1.2","TCP","1514","8004  >  37186 [ACK] Seq=386806 Ack=141 Win=65024 Len=1448 TSval=2916044169 TSecr=3045563942 [TCP segment of a reassembled PDU]"
"79649","40.088851645","192.168.1.55","192.168.1.2","TCP","1514","8004  >  37186 [ACK] Seq=388254 Ack=141 Win=65024 Len=1448 TSval=2916044169 TSecr=3045563942 [TCP segment of a reassembled PDU]"
"79650","40.088853071","192.168.1.55","192.168.1.2","TCP","1514","8004  >  37186 [ACK] Seq=389702 Ack=141 Win=65024 Len=1448 TSval=2916044169 TSecr=3045563942 [TCP segment of a reassembled PDU]"
"79651","40.088854923","192.168.1.55","192.168.1.2","TCP","1514","8004  >  37186 [ACK] Seq=391150 Ack=141 Win=65024 Len=1448 TSval=2916044169 TSecr=3045563942 [TCP segment of a reassembled PDU]"
"79652","40.088857831","192.168.1.55","192.168.1.2","TCP","1514","8004  >  37186 [ACK] Seq=392598 Ack=141 Win=65024 Len=1448 TSval=2916044169 TSecr=3045563942 [TCP segment of a reassembled PDU]"
"79653","40.088869979","192.168.1.55","192.168.1.2","TCP","1514","8004  >  37186 [ACK] Seq=394046 Ack=141 Win=65024 Len=1448 TSval=2916044169 TSecr=3045563942 [TCP segment of a reassembled PDU]"
"79654","40.088872923","192.168.1.55","192.168.1.2","TCP","1514","8004  >  37186 [ACK] Seq=395494 Ack=141 Win=65024 Len=1448 TSval=2916044169 TSecr=3045563942 [TCP segment of a reassembled PDU]"
"79655","40.088874757","192.168.1.55","192.168.1.2","TCP","1514","8004  >  37186 [ACK] Seq=396942 Ack=141 Win=65024 Len=1448 TSval=2916044169 TSecr=3045563942 [TCP segment of a reassembled PDU]"
"79656","40.088876664","192.168.1.55","192.168.1.2","TCP","1514","8004  >  37186 [ACK] Seq=398390 Ack=141 Win=65024 Len=1448 TSval=2916044169 TSecr=3045563942 [TCP segment of a reassembled PDU]"
"79657","40.088878905","192.168.1.55","192.168.1.2","TCP","1514","8004  >  37186 [ACK] Seq=399838 Ack=141 Win=65024 Len=1448 TSval=2916044169 TSecr=3045563942 [TCP segment of a reassembled PDU]"
"79658","40.088880682","192.168.1.55","192.168.1.2","TCP","1514","8004  >  37186 [ACK] Seq=401286 Ack=141 Win=65024 Len=1448 TSval=2916044169 TSecr=3045563942 [TCP segment of a reassembled PDU]"
"79659","40.088882831","192.168.1.55","192.168.1.2","TCP","1514","8004  >  37186 [ACK] Seq=402734 Ack=141 Win=65024 Len=1448 TSval=2916044169 TSecr=3045563942 [TCP segment of a reassembled PDU]"
"79660","40.088885127","192.168.1.55","192.168.1.2","TCP","1514","8004  >  37186 [ACK] Seq=404182 Ack=141 Win=65024 Len=1448 TSval=2916044169 TSecr=3045563942 [TCP segment of a reassembled PDU]"
"79661","40.088886794","192.168.1.55","192.168.1.2","TCP","1514","8004  >  37186 [ACK] Seq=405630 Ack=141 Win=65024 Len=1448 TSval=2916044169 TSecr=3045563942 [TCP segment of a reassembled PDU]"
"79662","40.088889053","192.168.1.55","192.168.1.2","TCP","1514","8004  >  37186 [ACK] Seq=407078 Ack=141 Win=65024 Len=1448 TSval=2916044169 TSecr=3045563942 [TCP segment of a reassembled PDU]"
"79663","40.088891997","192.168.1.55","192.168.1.2","TCP","1514","8004  >  37186 [ACK] Seq=408526 Ack=141 Win=65024 Len=1448 TSval=2916044169 TSecr=3045563942 [TCP segment of a reassembled PDU]"
"79664","40.088893460","192.168.1.55","192.168.1.2","TCP","1514","8004  >  37186 [ACK] Seq=409974 Ack=141 Win=65024 Len=1448 TSval=2916044169 TSecr=3045563942 [TCP segment of a reassembled PDU]"
"79665","40.088895794","192.168.1.55","192.168.1.2","TCP","1514","8004  >  37186 [ACK] Seq=411422 Ack=141 Win=65024 Len=1448 TSval=2916044169 TSecr=3045563942 [TCP segment of a reassembled PDU]"
"79666","40.088897831","192.168.1.55","192.168.1.2","TCP","1514","8004  >  37186 [ACK] Seq=412870 Ack=141 Win=65024 Len=1448 TSval=2916044169 TSecr=3045563942 [TCP segment of a reassembled PDU]"
"79667","40.088900164","192.168.1.55","192.168.1.2","TCP","1514","8004  >  37186 [ACK] Seq=414318 Ack=141 Win=65024 Len=1448 TSval=2916044169 TSecr=3045563942 [TCP segment of a reassembled PDU]"
"79668","40.088903145","192.168.1.55","192.168.1.2","TCP","1514","8004  >  37186 [ACK] Seq=415766 Ack=141 Win=65024 Len=1448 TSval=2916044169 TSecr=3045563942 [TCP segment of a reassembled PDU]"
"79669","40.088904479","192.168.1.55","192.168.1.2","TCP","1514","8004  >  37186 [PSH, ACK] Seq=417214 Ack=141 Win=65024 Len=1448 TSval=2916044169 TSecr=3045563942 [TCP segment of a reassembled PDU]"
"79670","40.088933442","192.168.1.2","192.168.1.55","TCP","66","37186  >  8004 [ACK] Seq=141 Ack=310062 Win=128000 Len=0 TSval=3045563942 TSecr=2916044161"
"79671","40.093018411","192.168.1.2","192.168.1.55","TCP","66","37186  >  8004 [ACK] Seq=141 Ack=315854 Win=155648 Len=0 TSval=3045563944 TSecr=2916044162"
"79672","40.093072986","192.168.1.55","192.168.1.2","TCP","1514","8004  >  37186 [ACK] Seq=418662 Ack=141 Win=65024 Len=1448 TSval=2916044173 TSecr=3045563944 [TCP segment of a reassembled PDU]"
"79673","40.093077597","192.168.1.55","192.168.1.2","TCP","1514","8004  >  37186 [ACK] Seq=420110 Ack=141 Win=65024 Len=1448 TSval=2916044173 TSecr=3045563944 [TCP segment of a reassembled PDU]"
"79674","40.093079152","192.168.1.55","192.168.1.2","TCP","1514","8004  >  37186 [ACK] Seq=421558 Ack=141 Win=65024 Len=1448 TSval=2916044173 TSecr=3045563944 [TCP segment of a reassembled PDU]"
"79675","40.093080578","192.168.1.55","192.168.1.2","TCP","1514","8004  >  37186 [ACK] Seq=423006 Ack=141 Win=65024 Len=1448 TSval=2916044173 TSecr=3045563944 [TCP segment of a reassembled PDU]"
"79676","40.093081523","192.168.1.55","192.168.1.2","TCP","1514","8004  >  37186 [ACK] Seq=424454 Ack=141 Win=65024 Len=1448 TSval=2916044173 TSecr=3045563944 [TCP segment of a reassembled PDU]"
"79677","40.093083282","192.168.1.55","192.168.1.2","TCP","1514","8004  >  37186 [ACK] Seq=425902 Ack=141 Win=65024 Len=1448 TSval=2916044173 TSecr=3045563944 [TCP segment of a reassembled PDU]"
"79678","40.093084467","192.168.1.55","192.168.1.2","TCP","1514","8004  >  37186 [ACK] Seq=427350 Ack=141 Win=65024 Len=1448 TSval=2916044173 TSecr=3045563944 [TCP segment of a reassembled PDU]"
"79679","40.093085541","192.168.1.55","192.168.1.2","TCP","1514","8004  >  37186 [ACK] Seq=428798 Ack=141 Win=65024 Len=1448 TSval=2916044173 TSecr=3045563944 [TCP segment of a reassembled PDU]"
"79680","40.093087171","192.168.1.55","192.168.1.2","TCP","1514","8004  >  37186 [ACK] Seq=430246 Ack=141 Win=65024 Len=1448 TSval=2916044173 TSecr=3045563944 [TCP segment of a reassembled PDU]"
"79681","40.093088189","192.168.1.55","192.168.1.2","TCP","1514","8004  >  37186 [ACK] Seq=431694 Ack=141 Win=65024 Len=1448 TSval=2916044173 TSecr=3045563944 [TCP segment of a reassembled PDU]"
"79682","40.093089597","192.168.1.55","192.168.1.2","TCP","1514","8004  >  37186 [ACK] Seq=433142 Ack=141 Win=65024 Len=1448 TSval=2916044173 TSecr=3045563944 [TCP segment of a reassembled PDU]"
"79683","40.093090597","192.168.1.55","192.168.1.2","TCP","1514","8004  >  37186 [ACK] Seq=434590 Ack=141 Win=65024 Len=1448 TSval=2916044173 TSecr=3045563944 [TCP segment of a reassembled PDU]"
"79684","40.093091541","192.168.1.55","192.168.1.2","TCP","1514","8004  >  37186 [ACK] Seq=436038 Ack=141 Win=65024 Len=1448 TSval=2916044173 TSecr=3045563944 [TCP segment of a reassembled PDU]"
"79685","40.093092578","192.168.1.55","192.168.1.2","TCP","1514","8004  >  37186 [ACK] Seq=437486 Ack=141 Win=65024 Len=1448 TSval=2916044173 TSecr=3045563944 [TCP segment of a reassembled PDU]"
"79686","40.093093800","192.168.1.55","192.168.1.2","TCP","1514","8004  >  37186 [ACK] Seq=438934 Ack=141 Win=65024 Len=1448 TSval=2916044173 TSecr=3045563944 [TCP segment of a reassembled PDU]"
"79687","40.093094856","192.168.1.55","192.168.1.2","TCP","1514","8004  >  37186 [ACK] Seq=440382 Ack=141 Win=65024 Len=1448 TSval=2916044173 TSecr=3045563944 [TCP segment of a reassembled PDU]"
"79688","40.093095986","192.168.1.55","192.168.1.2","TCP","1514","8004  >  37186 [ACK] Seq=441830 Ack=141 Win=65024 Len=1448 TSval=2916044173 TSecr=3045563944 [TCP segment of a reassembled PDU]"
"79689","40.093097134","192.168.1.55","192.168.1.2","TCP","1514","8004  >  37186 [ACK] Seq=443278 Ack=141 Win=65024 Len=1448 TSval=2916044173 TSecr=3045563944 [TCP segment of a reassembled PDU]"
"79690","40.093099041","192.168.1.55","192.168.1.2","TCP","1514","8004  >  37186 [ACK] Seq=444726 Ack=141 Win=65024 Len=1448 TSval=2916044173 TSecr=3045563944 [TCP segment of a reassembled PDU]"
"79691","40.093100430","192.168.1.55","192.168.1.2","TCP","1514","8004  >  37186 [ACK] Seq=446174 Ack=141 Win=65024 Len=1448 TSval=2916044173 TSecr=3045563944 [TCP segment of a reassembled PDU]"
"79692","40.093101689","192.168.1.55","192.168.1.2","TCP","1514","8004  >  37186 [ACK] Seq=447622 Ack=141 Win=65024 Len=1448 TSval=2916044173 TSecr=3045563944 [TCP segment of a reassembled PDU]"
"79693","40.093102652","192.168.1.55","192.168.1.2","TCP","1514","8004  >  37186 [ACK] Seq=449070 Ack=141 Win=65024 Len=1448 TSval=2916044173 TSecr=3045563944 [TCP segment of a reassembled PDU]"
"79694","40.093103819","192.168.1.55","192.168.1.2","TCP","1514","8004  >  37186 [ACK] Seq=450518 Ack=141 Win=65024 Len=1448 TSval=2916044173 TSecr=3045563944 [TCP segment of a reassembled PDU]"
"79695","40.093105412","192.168.1.55","192.168.1.2","TCP","1514","8004  >  37186 [ACK] Seq=451966 Ack=141 Win=65024 Len=1448 TSval=2916044173 TSecr=3045563944 [TCP segment of a reassembled PDU]"
"79696","40.093106967","192.168.1.55","192.168.1.2","TCP","1514","8004  >  37186 [ACK] Seq=453414 Ack=141 Win=65024 Len=1448 TSval=2916044173 TSecr=3045563944 [TCP segment of a reassembled PDU]"
"79697","40.093108541","192.168.1.55","192.168.1.2","TCP","1514","8004  >  37186 [ACK] Seq=454862 Ack=141 Win=65024 Len=1448 TSval=2916044173 TSecr=3045563944 [TCP segment of a reassembled PDU]"
"79698","40.093109782","192.168.1.55","192.168.1.2","TCP","1514","8004  >  37186 [ACK] Seq=456310 Ack=141 Win=65024 Len=1448 TSval=2916044173 TSecr=3045563944 [TCP segment of a reassembled PDU]"
"79699","40.093110838","192.168.1.55","192.168.1.2","TCP","1514","8004  >  37186 [ACK] Seq=457758 Ack=141 Win=65024 Len=1448 TSval=2916044173 TSecr=3045563944 [TCP segment of a reassembled PDU]"
"79700","40.093112634","192.168.1.55","192.168.1.2","TCP","1514","8004  >  37186 [ACK] Seq=459206 Ack=141 Win=65024 Len=1448 TSval=2916044173 TSecr=3045563944 [TCP segment of a reassembled PDU]"
"79701","40.093113763","192.168.1.55","192.168.1.2","TCP","1514","8004  >  37186 [ACK] Seq=460654 Ack=141 Win=65024 Len=1448 TSval=2916044173 TSecr=3045563944 [TCP segment of a reassembled PDU]"
"79702","40.093114763","192.168.1.55","192.168.1.2","TCP","1514","8004  >  37186 [PSH, ACK] Seq=462102 Ack=141 Win=65024 Len=1448 TSval=2916044173 TSecr=3045563944 [TCP segment of a reassembled PDU]"
"79703","40.104100189","192.168.1.2","192.168.1.55","TCP","66","37186  >  8004 [ACK] Seq=141 Ack=321646 Win=166912 Len=0 TSval=3045563945 TSecr=2916044167"
"79704","40.104246226","192.168.1.55","192.168.1.2","TCP","1514","8004  >  37186 [ACK] Seq=463550 Ack=141 Win=65024 Len=1448 TSval=2916044184 TSecr=3045563945 [TCP segment of a reassembled PDU]"
"79705","40.104257504","192.168.1.55","192.168.1.2","TCP","1514","8004  >  37186 [ACK] Seq=464998 Ack=141 Win=65024 Len=1448 TSval=2916044184 TSecr=3045563945 [TCP segment of a reassembled PDU]"
"79706","40.104259004","192.168.1.55","192.168.1.2","TCP","1514","8004  >  37186 [ACK] Seq=466446 Ack=141 Win=65024 Len=1448 TSval=2916044184 TSecr=3045563945 [TCP segment of a reassembled PDU]"
"79707","40.104259985","192.168.1.55","192.168.1.2","TCP","1514","8004  >  37186 [ACK] Seq=467894 Ack=141 Win=65024 Len=1448 TSval=2916044184 TSecr=3045563945 [TCP segment of a reassembled PDU]"
"79708","40.104261226","192.168.1.55","192.168.1.2","TCP","1514","8004  >  37186 [ACK] Seq=469342 Ack=141 Win=65024 Len=1448 TSval=2916044184 TSecr=3045563945 [TCP segment of a reassembled PDU]"
"79709","40.104262708","192.168.1.55","192.168.1.2","TCP","1514","8004  >  37186 [ACK] Seq=470790 Ack=141 Win=65024 Len=1448 TSval=2916044184 TSecr=3045563945 [TCP segment of a reassembled PDU]"
"79710","40.104264078","192.168.1.55","192.168.1.2","TCP","1514","8004  >  37186 [ACK] Seq=472238 Ack=141 Win=65024 Len=1448 TSval=2916044184 TSecr=3045563945 [TCP segment of a reassembled PDU]"
"79711","40.104266134","192.168.1.55","192.168.1.2","TCP","1514","8004  >  37186 [ACK] Seq=473686 Ack=141 Win=65024 Len=1448 TSval=2916044184 TSecr=3045563945 [TCP segment of a reassembled PDU]"
"79712","40.104267411","192.168.1.55","192.168.1.2","TCP","1514","8004  >  37186 [ACK] Seq=475134 Ack=141 Win=65024 Len=1448 TSval=2916044184 TSecr=3045563945 [TCP segment of a reassembled PDU]"
"79713","40.104268911","192.168.1.55","192.168.1.2","TCP","1514","8004  >  37186 [ACK] Seq=476582 Ack=141 Win=65024 Len=1448 TSval=2916044184 TSecr=3045563945 [TCP segment of a reassembled PDU]"
"79714","40.104270411","192.168.1.55","192.168.1.2","TCP","1514","8004  >  37186 [ACK] Seq=478030 Ack=141 Win=65024 Len=1448 TSval=2916044184 TSecr=3045563945 [TCP segment of a reassembled PDU]"
"79715","40.104271745","192.168.1.55","192.168.1.2","TCP","1514","8004  >  37186 [ACK] Seq=479478 Ack=141 Win=65024 Len=1448 TSval=2916044184 TSecr=3045563945 [TCP segment of a reassembled PDU]"
"79716","40.104272930","192.168.1.55","192.168.1.2","TCP","1514","8004  >  37186 [ACK] Seq=480926 Ack=141 Win=65024 Len=1448 TSval=2916044184 TSecr=3045563945 [TCP segment of a reassembled PDU]"
"79717","40.104274356","192.168.1.55","192.168.1.2","TCP","1514","8004  >  37186 [ACK] Seq=482374 Ack=141 Win=65024 Len=1448 TSval=2916044184 TSecr=3045563945 [TCP segment of a reassembled PDU]"
"79718","40.104275485","192.168.1.55","192.168.1.2","TCP","1514","8004  >  37186 [ACK] Seq=483822 Ack=141 Win=65024 Len=1448 TSval=2916044184 TSecr=3045563945 [TCP segment of a reassembled PDU]"
"79719","40.104276948","192.168.1.55","192.168.1.2","TCP","1514","8004  >  37186 [ACK] Seq=485270 Ack=141 Win=65024 Len=1448 TSval=2916044184 TSecr=3045563945 [TCP segment of a reassembled PDU]"
"79720","40.104278652","192.168.1.55","192.168.1.2","TCP","1514","8004  >  37186 [ACK] Seq=486718 Ack=141 Win=65024 Len=1448 TSval=2916044184 TSecr=3045563945 [TCP segment of a reassembled PDU]"
"79721","40.104280115","192.168.1.55","192.168.1.2","TCP","458","[TCP Window Full] 8004  >  37186 [PSH, ACK] Seq=488166 Ack=141 Win=65024 Len=392 TSval=2916044184 TSecr=3045563945 [TCP segment of a reassembled PDU]"
"79722","40.105070116","192.168.1.2","192.168.1.55","TCP","66","37186  >  8004 [ACK] Seq=141 Ack=328886 Win=168960 Len=0 TSval=3045563946 TSecr=2916044167"
"79723","40.105163246","192.168.1.2","192.168.1.55","TCP","66","37186  >  8004 [ACK] Seq=141 Ack=359294 Win=159744 Len=0 TSval=3045563953 TSecr=2916044169"
"79724","40.105206061","192.168.1.55","192.168.1.2","TCP","1514","8004  >  37186 [ACK] Seq=488558 Ack=141 Win=65024 Len=1448 TSval=2916044185 TSecr=3045563953 [TCP segment of a reassembled PDU]"
"79725","40.105211487","192.168.1.55","192.168.1.2","TCP","1514","8004  >  37186 [ACK] Seq=490006 Ack=141 Win=65024 Len=1448 TSval=2916044185 TSecr=3045563953 [TCP segment of a reassembled PDU]"
"79726","40.105212746","192.168.1.55","192.168.1.2","TCP","1514","8004  >  37186 [ACK] Seq=491454 Ack=141 Win=65024 Len=1448 TSval=2916044185 TSecr=3045563953 [TCP segment of a reassembled PDU]"
"79727","40.105213765","192.168.1.55","192.168.1.2","TCP","1514","8004  >  37186 [ACK] Seq=492902 Ack=141 Win=65024 Len=1448 TSval=2916044185 TSecr=3045563953 [TCP segment of a reassembled PDU]"
"79728","40.105215135","192.168.1.55","192.168.1.2","TCP","1514","8004  >  37186 [ACK] Seq=494350 Ack=141 Win=65024 Len=1448 TSval=2916044185 TSecr=3045563953 [TCP segment of a reassembled PDU]"
"79729","40.105216857","192.168.1.55","192.168.1.2","TCP","1514","8004  >  37186 [ACK] Seq=495798 Ack=141 Win=65024 Len=1448 TSval=2916044185 TSecr=3045563953 [TCP segment of a reassembled PDU]"
"79730","40.105218172","192.168.1.55","192.168.1.2","TCP","1514","8004  >  37186 [PSH, ACK] Seq=497246 Ack=141 Win=65024 Len=1448 TSval=2916044185 TSecr=3045563953 [TCP segment of a reassembled PDU]"
"79731","40.105227413","192.168.1.55","192.168.1.2","HTTP","1080","HTTP/1.0 200 OK  (PNG)"
"79732","40.105232746","192.168.1.2","192.168.1.55","TCP","66","37186  >  8004 [ACK] Seq=141 Ack=373774 Win=177152 Len=0 TSval=3045563958 TSecr=2916044169"
"79733","40.105242320","192.168.1.2","192.168.1.55","TCP","66","37186  >  8004 [ACK] Seq=141 Ack=418662 Win=146432 Len=0 TSval=3045563958 TSecr=2916044169"
"79734","40.105249117","192.168.1.2","192.168.1.55","TCP","66","37186  >  8004 [ACK] Seq=141 Ack=433142 Win=133120 Len=0 TSval=3045563958 TSecr=2916044173"
"79735","40.105274728","192.168.1.2","192.168.1.55","TCP","66","37186  >  8004 [ACK] Seq=141 Ack=447622 Win=177152 Len=0 TSval=3045563960 TSecr=2916044173"
"79736","40.105301413","192.168.1.2","192.168.1.55","TCP","66","37186  >  8004 [ACK] Seq=141 Ack=463550 Win=161792 Len=0 TSval=3045563960 TSecr=2916044173"
"79737","40.108901882","192.168.1.2","192.168.1.55","TCP","66","37186  >  8004 [ACK] Seq=141 Ack=488558 Win=163840 Len=0 TSval=3045563964 TSecr=2916044184"
"79738","40.109006567","192.168.1.2","192.168.1.55","TCP","66","37186  >  8004 [ACK] Seq=141 Ack=498694 Win=154624 Len=0 TSval=3045563964 TSecr=2916044185"
"79739","40.110894607","192.168.1.2","192.168.1.55","TCP","66","37186  >  8004 [FIN, ACK] Seq=141 Ack=499709 Win=179200 Len=0 TSval=3045563965 TSecr=2916044185"
"79740","40.110912218","192.168.1.55","192.168.1.2","TCP","66","8004  >  37186 [ACK] Seq=499709 Ack=142 Win=65024 Len=0 TSval=2916044191 TSecr=3045563965"
